,rxn14132_c,rxn07585_c,rxn15699_c,rxn06023_c,rxn06671_c,rxn06219_c,rxn17384_c,rxn07486_c,rxn32226_c,rxn15833_c,rxn15410_c,rxn38356_c,rxn31354_c,rxn00388_c,rxn03870_c,rxn15274_c,rxn30018_c,rxn28256_c,rxn33560_c,rxn33488_c,rxn31954_c,rxn38060_c,rxn01016_c,rxn30680_c,rxn28560_c,rxn32133_c,rxn26310_c,rxn06043_c,rxn00348_c,rxn06348_c,rxn27692_c,rxn30710_c,rxn33352_c,rxn06934_c,rxn02144_c,rxn16845_c,rxn35283_c,rxn31946_c,rxn30380_c,rxn35453_c,rxn31312_c,rxn16343_c,rxn01967_c,rxn15354_c,rxn16520_c,rxn19071_c,rxn33328_c,rxn30618_c,rxn15363_c,rxn38132_c,rxn19776_c,rxn32595_c,rxn02128_c,rxn12510_c,rxn03047_c,rxn02875_c,rxn02483_c,rxn00340_c,rxn31412_c,rxn35693_c,rxn34273_c,rxn38499_c,rxn31366_c,rxn27536_c,rxn38233_c,rxn16798_c,rxn00879_c,rxn32727_c,rxn00519_c,rxn00305_c,rxn30643_c,rxn08040_c,rxn15078_c,rxn03482_c,rxn03481_c,rxn03513_c,rxn04047_c,rxn33490_c,rxn03372_c,rxn27688_c,rxn23129_c,rxn31779_c,rxn32917_c,rxn16503_c,rxn00193_c,rxn02000_c,rxn31834_c,rxn38359_c,rxn33404_c,rxn34232_c,rxn00615_c,rxn35492_c,rxn15351_c,rxn01236_c,rxn13914_c,rxn03140_c,rxn27789_c,rxn38024_c,rxn32386_c,rxn03039_c,rxn33365_c,rxn31917_c,rxn30019_c,rxn15459_c,rxn14169_c,rxn33241_c,rxn35281_c,rxn19836_c,rxn20499_c,rxn04051_c,rxn01153_c,rxn01484_c,rxn04482_c,rxn31104_c,rxn03379_c,rxn01735_c,rxn30634_c,rxn32259_c,rxn03174_c,rxn03421_c,rxn00302_c,rxn03419_c,rxn04313_c,rxn06429_c,rxn11156_c,rxn03540_c,rxn34231_c,rxn01973_c,rxn38009_c,rxn38104_c,rxn38135_c,rxn38099_c,rxn35212_c,rxn32557_c,rxn33134_c,rxn33642_c,rxn04662_c,rxn04661_c,rxn01363_c,rxn27110_c,rxn38489_c,rxn38492_c,rxn07573_c,rxn38484_c,rxn11768_c,rxn27944_c,rxn32851_c,rxn00610_c,rxn23800_c,rxn27334_c,rxn27933_c,rxn27932_c,rxn01972_c,rxn14028_c,rxn33469_c,rxn01987_c,rxn31408_c,rxn00002_c,rxn34212_c,rxn03362_c,rxn00729_c,rxn31826_c,rxn35246_c,rxn32777_c,rxn31983_c,rxn30151_c,rxn03167_c,rxn28107_c,rxn34298_c,rxn28081_c,rxn27531_c,rxn31923_c,rxn30256_c,rxn00855_c,rxn01642_c,rxn30418_c,rxn38077_c,rxn06403_c,rxn15387_c,rxn15343_c,rxn33569_c,rxn32425_c,rxn33580_c,rxn29959_c,rxn33398_c,rxn01160_c,rxn29942_c,rxn16583_c,rxn15368_c,rxn38243_c,rxn29019_c,rxn00347_c,rxn38539_c,rxn26073_c,rxn35247_c,rxn03492_c,rxn04050_c,rxn34235_c,rxn15075_c,rxn15073_c,rxn15074_c,rxn33078_c,rxn15053_c,rxn33432_c,rxn00196_c,rxn33696_c,rxn31895_c,rxn33132_c,rxn32139_c,rxn31362_c,rxn32516_c,rxn32956_c,rxn32720_c,rxn06890_c,rxn04234_c,rxn31901_c,rxn03598_c,rxn33557_c,rxn02122_c,rxn33452_c,rxn35413_c,rxn14250_c,rxn27818_c,rxn32553_c,rxn27724_c,rxn06983_c,rxn07490_c,rxn00321_c,rxn32253_c,rxn38254_c,rxn37937_c,rxn33740_c,rxn33295_c,rxn01122_c,rxn07587_c,rxn33318_c,rxn15656_c,rxn30698_c,rxn37661_c,rxn00133_c,rxn02020_c,rxn00714_c,rxn32324_c,rxn00044_c,rxn35698_c,rxn27708_c,rxn38046_c,rxn27788_c,rxn01057_c,rxn34220_c,rxn33486_c,rxn38399_c,rxn25216_c,rxn00634_c,rxn37675_c,rxn15882_c,rxn38710_c,rxn32371_c,rxn08194_c,rxn01037_c,rxn31851_c,rxn33035_c,rxn01506_c,rxn00396_c,rxn12649_c,rxn01601_c,rxn30104_c,rxn14120_c,rxn01602_c,rxn32434_c,rxn34185_c,rxn38835_c,rxn32387_c,rxn33079_c,rxn16235_c,rxn31210_c,rxn19980_c,rxn00143_c,rxn30734_c,rxn04413_c,rxn03537_c,rxn03536_c,rxn00787_c,rxn34258_c,rxn19253_c,rxn33346_c,rxn31758_c,rxn00669_c,rxn24829_c,rxn15962_c,rxn34262_c,rxn33867_c,rxn28267_c,rxn27867_c,rxn07267_c,rxn05124_c,rxn29006_c,rxn16237_c,rxn16236_c,rxn11965_c,rxn33856_c,rxn15604_c,rxn06224_c,rxn32447_c,rxn19763_c,rxn38078_c,rxn17745_c,rxn31329_c,rxn33087_c,rxn32752_c,rxn32758_c,rxn16213_c,rxn31801_c,rxn02405_c,rxn32803_c,rxn32571_c,rxn32492_c,rxn34257_c,rxn38004_c,rxn15783_c,rxn06831_c,rxn03397_c,rxn16584_c,rxn04674_c,rxn38693_c,rxn31960_c,rxn01252_c,rxn01251_c,rxn02118_c,rxn02415_c,rxn33766_c,rxn00921_c,rxn06090_c,rxn19322_c,rxn35431_c,rxn35428_c,rxn01671_c,rxn27717_c,rxn30860_c,rxn33762_c,rxn02400_c,rxn31973_c,rxn29952_c,rxn31059_c,rxn32982_c,rxn30907_c,rxn29955_c,rxn30908_c,rxn32378_c,rxn33474_c,rxn29956_c,rxn00715_c,rxn01679_c,rxn01370_c,rxn01705_c,rxn00707_c,rxn38833_c,rxn01515_c,rxn00368_c,rxn00712_c,rxn01706_c,rxn01510_c,rxn00365_c,rxn01674_c,rxn01516_c,rxn00369_c,rxn11760_c,rxn01128_c,rxn38831_c,rxn01129_c,rxn27866_c,rxn38909_c,rxn38910_c,rxn34630_c,rxn32961_c,rxn00426_c,rxn33098_c,rxn33164_c,rxn31792_c,rxn27667_c,rxn33391_c,rxn38130_c,rxn15964_c,rxn20655_c,rxn33750_c,rxn31426_c,rxn06080_c,rxn27876_c,rxn00471_c,rxn08113_c,rxn38284_c,rxn07204_c,rxn13939_c,rxn30045_c,rxn16223_c,rxn16221_c,rxn04385_c,rxn16206_c,rxn35345_c,rxn38696_c,rxn14089_c,rxn38034_c,rxn31891_c,rxn05871_c,rxn38318_c,rxn04726_c,rxn32619_c,rxn37337_c,rxn30983_c,rxn28116_c,rxn04052_c,rxn03512_c,rxn07580_c,rxn28988_c,rxn34576_c,rxn12049_c,rxn06227_c,rxn01374_c,rxn19646_c,rxn02341_c,rxn09177_c,rxn19830_c,rxn35352_c,rxn01306_c,rxn02008_c,rxn03150_c,rxn33193_c,rxn07603_c,rxn38113_c,rxn00624_c,rxn00279_c,rxn32287_c,rxn07849_c,rxn02743_c,rxn06149_c,rxn00779_c,rxn06864_c,rxn00792_c,rxn33610_c,rxn01610_c,rxn38278_c,rxn32389_c,rxn38702_c,rxn03869_c,rxn06522_c,rxn38142_c,rxn32684_c,rxn06485_c,rxn31977_c,rxn16331_c,rxn37872_c,rxn38153_c,rxn32939_c,rxn32176_c,rxn07623_c,rxn00875_c,rxn00994_c,rxn00990_c,rxn02281_c,rxn33380_c,rxn32810_c,rxn35346_c,rxn31870_c,rxn01281_c,rxn34233_c,rxn33637_c,rxn32500_c,rxn32798_c,rxn31783_c,rxn31982_c,rxn02123_c,rxn19339_c,rxn19338_c,rxn17765_c,rxn19341_c,rxn19340_c,rxn17766_c,rxn17763_c,rxn17767_c,rxn38070_c,rxn32559_c,rxn32460_c,rxn31689_c,rxn32991_c,rxn16641_c,rxn32682_c,rxn11834_c,rxn11838_c,rxn11809_c,rxn03282_c,rxn32074_c,rxn26505_c,rxn00297_c,rxn27525_c,rxn20608_c,rxn32932_c,rxn33143_c,rxn30708_c,rxn15449_c,rxn02540_c,rxn02577_c,rxn03031_c,rxn38121_c,rxn02518_c,rxn01962_c,rxn33568_c,rxn32974_c,rxn32148_c,rxn32257_c,rxn30368_c,rxn33043_c,rxn38244_c,rxn27889_c,rxn27887_c,rxn37546_c,rxn03903_c,rxn03904_c,rxn32711_c,rxn38257_c,rxn06578_c,rxn37809_c,rxn03861_c,rxn00539_c,rxn30396_c,rxn16574_c,rxn31868_c,rxn31335_c,rxn38459_c,rxn38097_c,rxn32750_c,rxn33688_c,rxn33703_c,rxn34708_c,rxn38011_c,rxn32343_c,rxn20503_c,rxn00871_c,rxn32249_c,rxn37694_c,rxn32357_c,rxn03395_c,rxn33220_c,rxn15785_c,rxn31437_c,rxn38482_c,rxn38486_c,rxn38490_c,rxn38485_c,rxn37965_c,rxn38487_c,rxn30096_c,rxn32174_c,rxn09320_c,rxn05115_c,rxn38972_c,rxn03644_c,rxn16622_c,rxn10534_c,rxn01684_c,rxn01446_c,rxn01647_c,rxn01358_c,rxn30188_c,rxn33382_c,rxn30189_c,rxn01646_c,rxn01799_c,rxn01859_c,rxn01985_c,rxn05918_c,rxn34304_c,rxn33231_c,rxn35518_c,rxn03114_c,rxn15667_c,rxn32318_c,rxn27716_c,rxn31394_c,rxn33884_c,rxn03159_c,rxn38069_c,rxn38276_c,rxn02084_c,rxn01667_c,rxn35439_c,rxn00745_c,rxn35437_c,rxn35449_c,rxn31790_c,rxn30731_c,rxn03263_c,rxn27845_c,rxn16485_c,rxn27916_c,rxn20003_c,rxn32053_c,rxn16356_c,rxn02286_c,rxn30068_c,rxn30020_c,rxn24177_c,rxn31885_c,rxn27432_c,rxn35415_c,rxn02228_c,rxn00741_c,rxn33256_c,rxn31088_c,rxn03446_c,rxn37953_c,rxn27785_c,rxn33182_c,rxn33242_c,rxn32058_c,rxn11997_c,rxn02791_c,rxn05952_c,rxn31443_c,rxn06817_c,rxn06025_c,rxn33431_c,rxn31675_c,rxn15745_c,rxn01981_c,rxn06472_c,rxn02900_c,rxn03599_c,rxn37995_c,rxn38314_c,rxn01361_c,rxn38082_c,rxn38117_c,rxn19488_c,rxn03514_c,rxn30072_c,rxn03087_c,rxn03792_c,rxn03791_c,rxn03790_c,rxn26481_c,rxn19956_c,rxn37906_c,rxn04464_c,rxn33633_c,rxn24149_c,rxn06600_c,rxn28091_c,rxn34299_c,rxn31942_c,rxn32204_c,rxn01142_c,rxn03974_c,rxn06045_c,rxn28987_c,rxn02774_c,rxn28979_c,rxn03264_c,rxn30580_c,rxn28377_c,rxn30596_c,rxn38029_c,rxn29946_c,rxn38981_c,rxn35214_c,rxn27109_c,rxn15165_c,rxn37600_c,rxn15229_c,rxn37586_c,rxn32246_c,rxn15061_c,rxn33412_c,rxn32473_c,rxn27685_c,rxn28051_c,rxn33266_c,rxn19213_c,rxn28146_c,rxn03204_c,rxn03205_c,rxn02931_c,rxn02930_c,rxn11766_c,rxn32969_c,rxn11765_c,rxn11773_c,rxn01146_c,rxn01366_c,rxn01648_c,rxn32450_c,rxn16385_c,rxn19892_c,rxn19896_c,rxn28381_c,rxn30743_c,rxn31478_c,rxn31477_c,rxn15005_c,rxn15478_c,rxn27686_c,rxn01025_c,rxn02090_c,rxn00717_c,rxn37640_c,rxn00278_c,rxn15222_c,rxn02011_c,rxn32591_c,rxn38043_c,rxn32242_c,rxn01261_c,rxn06874_c,rxn06926_c,rxn10609_c,rxn32643_c,rxn30391_c,rxn16801_c,rxn00933_c,rxn03901_c,rxn16701_c,rxn15746_c,rxn06678_c,rxn06860_c,rxn33374_c,rxn33981_c,rxn01303_c,rxn00801_c,rxn33387_c,rxn33015_c,rxn27543_c,rxn32196_c,rxn38087_c,rxn19827_c,rxn16149_c,rxn32424_c,rxn33129_c,rxn24142_c,rxn05054_c,rxn32044_c,rxn01416_c,rxn02229_c,rxn20661_c,rxn38691_c,rxn38692_c,rxn38694_c,rxn34705_c,rxn38148_c,rxn15535_c,rxn31936_c,rxn32376_c,rxn28646_c,rxn31924_c,rxn11755_c,rxn02190_c,rxn16543_c,rxn01780_c,rxn15267_c,rxn33400_c,rxn03378_c,rxn00748_c,rxn32122_c,rxn38136_c,rxn06139_c,rxn32021_c,rxn32658_c,rxn33497_c,rxn38344_c,rxn16140_c,rxn14136_c,rxn02663_c,rxn00461_c,rxn37956_c,rxn32091_c,rxn02283_c,rxn01654_c,rxn01641_c,rxn02285_c,rxn02284_c,rxn04786_c,rxn32814_c,rxn31323_c,rxn31322_c,rxn31324_c,rxn31321_c,rxn31325_c,rxn31326_c,rxn31327_c,rxn19898_c,rxn30697_c,rxn32754_c,rxn30665_c,rxn31218_c,rxn32095_c,rxn27816_c,rxn27815_c,rxn15728_c,rxn01669_c,rxn32132_c,rxn32155_c,rxn35692_c,rxn31441_c,rxn35691_c,rxn27956_c,rxn31439_c,rxn31451_c,rxn35554_c,rxn30541_c,rxn35553_c,rxn35551_c,rxn35549_c,rxn31250_c,rxn06798_c,rxn02798_c,rxn33062_c,rxn00784_c,rxn33166_c,rxn01800_c,rxn33463_c,rxn11749_c,rxn18964_c,rxn03884_c,rxn01990_c,rxn02346_c,rxn37873_c,rxn31786_c,rxn38273_c,rxn14044_c,rxn13975_c,rxn14156_c,rxn14059_c,rxn14278_c,rxn13995_c,rxn14248_c,rxn15298_c,rxn03408_c,rxn03933_c,rxn00265_c,rxn10476_c,rxn38829_c,rxn32605_c,rxn33222_c,rxn33067_c,rxn33392_c,rxn15490_c,rxn04023_c,rxn38280_c,rxn38689_c,rxn01710_c,rxn00701_c,rxn15220_c,rxn38509_c,rxn04650_c,rxn07908_c,rxn15998_c,rxn16084_c,rxn38059_c,rxn16082_c,rxn07909_c,rxn03800_c,rxn31397_c,rxn31381_c,rxn11962_c,rxn15443_c,rxn19936_c,rxn00472_c,rxn38030_c,rxn27919_c,rxn11772_c,rxn38134_c,rxn27936_c,rxn00537_c,rxn32076_c,rxn30578_c,rxn33359_c,rxn00926_c,rxn06848_c,rxn04082_c,rxn32228_c,rxn01986_c,rxn06979_c,rxn06887_c,rxn32216_c,rxn16823_c,rxn01786_c,rxn02772_c,rxn19263_c,rxn01788_c,rxn06145_c,rxn06425_c,rxn16091_c,rxn07904_c,rxn15641_c,rxn03612_c,rxn03691_c,rxn03951_c,rxn05116_c,rxn11663_c,rxn28100_c,rxn38274_c,rxn02171_c,rxn33672_c,rxn12080_c,rxn33715_c,rxn25749_c,rxn25746_c,rxn25745_c,rxn33299_c,rxn34633_c,rxn16794_c,rxn16826_c,rxn27766_c,rxn28376_c,rxn04841_c,rxn04840_c,rxn33349_c,rxn28109_c,rxn28046_c,biomass_GmPos,rxn01467_c,GmPos_cellwall,rxn10030_c,rxn09615_c,rxn09126_c,rxn38868_c,rxn05222_c,EX_cpd00133_e,rxn01454_c,peptidoglycan_rxn,EX_cpd00030_e,rxn09019_c,rxn12776_c,rxn09111_c,rxn10643_c,rxn30531_c,EX_cpd00226_e,EX_cpd00119_e,EX_cpd00076_e,EX_cpd00254_e,rxn09109_c,rxn01501_c,rxn10840_c,rxn08947_c,rxn17091_c,rxn09166_c,rxn05224_c,rxn10604_c,rxn08820_c,rxn03141_c,rxn13097_c,rxn01644_c,EX_cpd00039_e,rxn08295_c,rxn27266_c,EX_cpd00069_e,rxn09124_c,EX_cpd10515_e,rxn36479_c,rxn10095_c,rxn32502_c,EX_cpd00065_e,rxn02276_c,rxn01825_c,EX_cpd00051_e,rxn09275_c,rxn00993_c,cofactor_rxn,rxn05744_c,rxn27727_c,rxn46214_c,rxn28460_c,rxn14316_c,EX_cpd00107_e,rxn10029_c,rxn00621_c,rxn14184_c,rxn05245_c,rxn18920_c,EX_cpd00307_e,EX_cpd00644_e,rxn09345_c,rxn29122_c,rxn08737_c,EX_cpd00023_e,rxn12772_c,rxn42899_c,rxn08202_c,rxn00598_c,EX_cpd00099_e,rxn41427_c,rxn29888_c,rxn08822_c,rxn08231_c,rxn09128_c,protein_rxn,rxn08856_c,teichoicacid_rxn,rxn05563_c,rxn08200_c,EX_cpd00075_e,lipid_rxn,rxn47471_c,rxn00958_c,rxn10280_c,rxn08233_c,rxn40745_c,rxn09420_c,rxn12239_c,rxn35958_c,rxn03852_c,rxn08241_c,rxn12575_c,rxn08186_c,rxn00105_c,rxn10867_c,rxn10281_c,rxn10272_c,rxn02010_c,EX_cpd00205_e,EX_cpd00081_e,rxn44825_c,EX_cpd00009_e,rxn38867_c,EX_cpd00129_e,rxn08747_c,dna_rxn,EX_cpd00063_e,EX_cpd01281_e,rxn05291_c,EX_cpd00149_e,EX_cpd00066_e,rxn09443_c,rxn38183_c,rxn18910_c,EX_cpd00060_e,EX_cpd00263_e,EX_cpd00393_e,EX_cpd00971_e,rxn25583_c,rxn20839_c,EX_cpd00322_e,rxn09310_c,EX_cpd00209_e,rxn08224_c,EX_cpd00220_e,rxn09004_c,rna_rxn,rxn09339_c,rxn26298_c,rxn20838_c,rxn08818_c,rxn08267_c,EX_cpd00156_e,rxn05616_c,rxn08982_c,rxn47121_c,EX_biomass,rxn34879_c,EX_cpd00104_e,rxn10271_c,EX_cpd00067_e,EX_cpd15499_e,EX_cpd00001_e,EX_cpd00079_e,EX_cpd00035_e,EX_cpd00132_e,EX_cpd00041_e,EX_cpd00084_e,EX_cpd00053_e,EX_cpd00033_e,EX_cpd00054_e,EX_cpd00161_e,EX_cpd00027_e,rxn42058_c,rxn47859_c,rxn42988_c,rxn27379_c,rxn47074_c,rxn00719_c,rxn22535_c,rxn05147_c,rxn05300_c,rxn41598_c,rxn13231_c,rxn43863_c,rxn05508_c,strain,media
0,0.0,0.0,0.0,0.0,0.0,0.0,0.0,0.0,498.88559230801013,0.0,0.0,0.0,0.0,0.0,0.0,0.0,-319.25038877641197,657.9333997336591,0.0,0.0,0.0,0.0,0.0,0.0,0.0,0.0,0.0,0.0,0.0,-551.786467306497,0.0,0.0,0.0,0.0,0.0,0.0,0.0,299.36500006857324,0.0,-1000.0,-304.98504397271176,0.0,0.0,0.0,0.0,0.0,0.0,97.49059841238856,871.036856082909,-176.90157143074214,0.0,0.0,0.0,0.12456308055716948,0.0,0.0,0.0,120.13843124096968,0.0,0.0,86.88416899254133,0.0,0.0,-203.68612515163846,0.0,0.0,0.0,0.0,1000.0,-1000.0,0.0,1.1323916414290558,0.0,0.0,0.0,0.0,0.0,0.0,0.0,0.0,0.0,0.0,399.06784244209166,0.0,67.94349848574335,0.0,0.0,-213.10345634924985,0.0,0.0,-0.028309791035726388,0.0,0.0,-1000.0,33.971749242871674,0.0,444.8086776589564,0.0,0.0,0.0,399.06784244209166,5.661958207145278,-1000.0,0.0,0.0,-245.24863523753478,0.0,0.0,0.0,0.0,0.0,0.0,0.0,0.0,0.0,0.0,0.0,0.0,0.0,0.0,0.0,0.0,0.0,0.0,-577.926370890675,0.0,0.0,444.8086776589564,0.0,35.10414088430071,29.44174805716827,0.0,-1000.0,0.0,1000.0,-1000.0,0.0,0.0,0.0,-290.5702941441798,0.0,0.0,0.0,0.0,0.0,-390.34842680308793,0.11323916414289725,0.0,0.0,0.0,-1000.0,901.790357173774,0.0,0.0,0.0,0.0,766.5170087490633,0.0,0.0,0.0,0.0,0.0,999.8867608358571,999.8867608358571,0.0,0.0,0.0,0.0,-1.1368683772161603e-13,0.0,0.0,1000.0,0.0,0.0,0.0,32.78658312761644,0.0,0.0,0.0,0.0,0.0,0.0,0.0,0.0,0.0,0.0,-16.985874621435862,0.0,0.0,0.0,0.0,-725.4058039852383,0.0,0.0,0.0,0.0,0.0,176.90157143074214,0.0,0.0,0.0,290.5702941441798,0.0,0.0,0.0,0.0,0.0,0.0,448.213532693503,-1000.0,0.0,0.0,0.0,0.0,0.0,0.0,0.0,0.0,0.0,0.0,0.0,0.0,0.0,0.0,-140.02660374135678,0.0,0.0,0.0,0.0,0.0,-54.62513255356396,0.0,0.0,0.0,0.0,86.88416899254133,0.0,0.0,0.0,0.0,0.0,0.0,0.0,0.0,0.0,3.646301085401774,0.0,410.83692841608473,0.0,-319.42024752262637,-319.42024752262637,657.9333997336591,0.0,0.0,0.0,0.0,290.5702941441798,0.0,0.0,0.0,0.0,-243.92536577230953,0.0,0.0,-899.1505504820436,100.84944951795639,0.0,-1000.0,0.0,-100.84944951795639,0.0,0.0,0.0,176.90157143074214,0.0,138.87560248242698,0.0,0.0,0.0,0.0,0.0,0.0,0.0,999.7735216717142,0.0,0.0,682.0789831571648,0.0,0.0,0.0,86.88416899254133,-0.16985874621435834,0.0,0.0,0.0,0.0,0.11323916414289725,0.0,0.0,0.0,41.005663650264296,-319.25038877641197,0.0,-424.1441908377733,0.0,0.0,139.82363368624465,0.0,-731.1781209573439,0.0,-245.24863523753478,0.0,0.0,0.0,488.9576925478377,1000.0,-757.7795715904938,-1000.0,-1000.0,0.0,0.0,0.0,0.0,0.0,0.0,0.0,0.0,0.0,0.0,0.0,0.0,0.0,0.0,0.0,0.0,0.0,-700.1820432748553,0.0,-1000.0,0.0,0.0,0.0,0.0,0.0,0.0,386.7021257176858,0.0,0.0,0.0,498.83480305261463,0.0,-1000.0,0.0,0.0,-2.830979103572639,-1000.0,882.4539978309087,-5.66195820714529,0.0,-392.2393505610852,0.0,-5.66195820714529,1000.0,0.0,0.0,-269.5272394642145,0.0,-206.5325122877456,1000.0,3.410605131648481e-13,444.8086776589564,0.0,0.0,0.0,0.0,0.0,498.99883147215303,0.0,0.0,0.0,0.0,-426.3835136243255,0.0,0.0,0.0,0.0,0.0,448.213532693503,0.0,0.0,-116.80195615909716,0.0,0.0,0.0,0.0,0.0,0.0,0.0,-683.0449242265391,0.22647832828578615,0.0,0.0,0.0,0.0,0.0,0.0,0.0,0.0,0.0,0.0,0.0,0.0,0.0,0.0,0.0,0.0,0.0,0.0,0.0,0.12456308055716948,0.12456308055716948,0.0,250.88621323092548,0.0,67.94349848574335,0.0,0.0,0.0,1000.0,0.0,0.0,0.0,0.0,0.0,1000.0,-1000.0,0.0,0.0,498.83480305261423,0.0,0.0,0.0,0.0,0.0,0.0,0.0,0.0,0.0,0.0,192.642123630225,-41.005663650264296,98.20964282622595,0.0,8.719415639003723,0.0,-1000.0,0.0,-235.94516159061584,0.0,1000.0,0.0,316.95507577346086,0.0,0.0,0.0,0.0,0.0,0.0,0.0,0.0,0.0,0.0,0.0,0.0,0.0,0.0,0.0,0.0,0.0,67.94349848574335,290.5702941441798,290.5702941441798,0.0,0.0,0.0,0.0,0.0,0.0,0.0,0.0,0.0,0.0,1.1323916414290558,0.0,0.0,0.0,0.0,0.0,0.0,0.0,0.0,444.8086776589564,-498.83480305261423,0.0,0.0,0.0,0.0,0.0,0.0,0.0,0.0,0.0,20.2698103815801,0.0,0.0,33.971749242871674,33.971749242871674,789.6463052245745,-1000.0,0.0,0.0,0.0,0.0,0.0,0.0,0.0,1000.0,448.213532693503,974.028894061335,0.11323916414289725,0.0,0.0,31.781501045482628,0.0,192.54765375146957,0.0,1000.0,0.0,0.0,0.0,0.0,0.0,0.0,0.0,0.0,0.0,0.0,0.0,0.0,0.0,0.0,0.11323916414289725,0.0,0.0,0.0,0.0,0.0,0.0,0.0,0.0,0.0,0.0,386.7021257176858,0.0,0.0,-299.81795672514465,-8.492937310717917,-5.661958207145284,0.0,0.0,0.0,0.0,0.0,0.0,0.0,0.0,0.0,0.0,0.0,0.0,290.5702941441798,0.0,0.0,0.0,-200.87055408059996,0.0,0.0,0.0,498.88559230801013,0.0,0.0,0.11323916414289725,0.0,0.11323916414289725,0.0,0.0,0.0,67.94349848574335,138.1517802543448,138.1517802543448,0.0,0.0,0.0,0.0,0.0,0.0,0.0,98.20964282622595,0.0,448.213532693503,0.0,0.0,0.0,498.7075845805419,0.0,0.0,0.0,0.0,0.0,0.0,0.0,0.0,0.0,0.0,0.0,0.0,0.0,235.94516159061584,0.0,0.0,0.0,0.16985874621435834,0.0,0.0,0.0,-444.8086776589564,0.0,0.0,0.0,0.0,0.0,-250.88621323092548,5.661958207145278,0.0,0.0,0.0,0.0,1.1368683772161603e-13,-386.7021257176858,0.0,0.0,0.0,0.0,0.0,0.0,0.0,0.0,290.5702941441798,0.0,498.83480305261423,-4.547473508864641e-13,250.88621323092548,0.0,-196.1987992575624,-52.70098148606522,0.0,0.0,0.0,0.0,0.0,-138.15178025434477,0.0,5.6619582071452825,1000.0,0.0,0.0,0.0,-116.80195615909716,0.0,0.0,0.0,0.0,0.0,0.0,0.0,0.0,0.0,0.0,0.0,138.1517802543448,0.0,0.0,0.0,0.0,0.0,0.0,0.0,0.0,0.0,3.646301085401749,0.0,0.0,276.3650251630793,-31.781501045482628,-206.65711884652262,0.0,33.971749242871674,0.0,0.0,0.0,0.0,-18.768726375081087,0.0,0.0,0.12456308055716948,0.0,0.0,0.0,69.07589012717239,0.0,0.0,0.0,0.0,-140.02660374135678,0.0,0.0,0.0,0.0,0.0,0.0,0.0,0.0,925.1050570648559,0.0,0.011323916414290557,0.011323916414290557,0.0,0.0,0.0,0.0,0.0,0.0,0.0,0.0,0.0,31.781501045482628,0.0,0.0,0.0,0.0,0.0,250.88621323092548,0.0,0.0,0.0,0.0,0.0,0.0,0.0,176.90157143074214,0.0,0.0,0.0,0.0,0.0,232.53607853008506,657.9333997336591,0.0,0.0,0.0,67.94349848574335,0.0,0.0,0.0,0.0,0.0,-67.94349848574335,0.0,0.0,0.0,0.0,0.0,0.0,0.0,0.0,0.0,0.0,0.0,0.0,0.0,-974.028894061335,-1000.0,576.2764120184322,0.0,-444.8086776589564,0.0,299.36500006857324,0.0,0.0,0.0,0.0,0.0,0.0,0.0,0.0,0.0,0.0,0.0,0.0,0.0,0.0,0.0,0.0,0.0,-14.154895517863201,290.5702941441798,-8.492937310717917,490.2146472698239,0.0,0.0,0.0,0.0,0.0,-1.4154895517863197,0.0,116.80195615909716,0.0,0.0,0.0,0.0,0.0,0.0,0.0,1000.0,33.971749242871674,33.971749242871674,0.0,0.0,0.0,0.0,0.0,0.12456308055716948,250.88621323092548,0.0,0.0,-299.36500006857324,0.0,0.0,0.0,0.0,0.0,0.0,0.0,0.0,0.0,0.0,0.0,0.0,0.0,0.0,0.0,0.0,0.0,29.44174805716827,0.0,118.90112235005085,0.0,0.0,8.719415639003723,0.0,0.0,0.0,250.88621323092548,0.0,381.0401675105405,0.0,0.0,0.0,-14.154895517863201,0.0,0.0,0.0,0.0,0.0,0.0,0.0,0.0,0.0,0.0,0.0,0.0,0.0,0.0,0.0,0.0,0.0,0.0,-0.11323916414289725,0.0,0.0,5.661958207145278,-1000.0,0.0,0.0,0.0,0.0,290.5702941441798,0.0,0.0,0.0,-488.9576925478377,2.830979103572639,0.0,0.0,0.0,0.11323916414289725,0.0,113.23916414290555,-5.662392827132436,22.647832828581116,0.8088511724493255,374.820764073043,-0.08492937310717917,5.661958207145278,2.264783282858111,-0.566195820714313,-374.820764073043,33.971749242871674,-0.11323916414290557,81.74954507917826,0.0,0.02830979103572639,0.8088511724493255,-245.24863523753478,-18.027674931551132,-2.264783282858111,-338.6830109572472,-0.11323916414290557,0.02830979103572639,-374.820764073043,11.32391641429058,0.11323916414290557,0.11323916414289725,-250.6484109862254,0.12456308055719612,0.0,-0.08492937310717917,33.971749242871674,0.11323916414290557,444.8086776589564,354.217346344632,-0.05661958207145278,-276.0197382739937,43.1879769751305,-0.08492937310717917,-0.11323916414290557,-5.662392827132436,0.11323916414289725,11.323916414290556,-2.264783282858111,235.94516159061584,235.94516159061584,-11.32391641429058,338.6830109572472,-235.94516159061584,22.647832828581112,0.16985874621435834,-64.90724389186062,11.323916414290556,-192.642123630225,0.0,-22.647832828581112,0.056619582071452776,1.1323916414290558,106.03604770944332,273.53404605950664,-0.11323916414289725,-276.3650251630793,250.6484109862254,35.10414088430071,0.11323916414290557,18.027674931551132,-546.7239253875717,0.0,-0.11323916414289725,-0.028309791035726388,0.0,-0.11323916414290558,-683.0449242265391,0.11323916414291091,-0.028309791035726388,-0.028309791035726388,-0.028309791035726388,45.295665657162225,-354.21734634463195,1.1323916414290558,83.89606573437578,-0.028309791035726388,130.32255033970839,5.661958207145278,347.18442032041486,0.11323916414289725,0.056619582071452776,0.05661958207145279,11.323916414290556,5.662392827132436,0.11323916414289725,-5.662392827132436,1.1323916414290558,0.11323916414290557,-83.89606573437578,0.11323916414290557,0.4529566565714145,0.566195820714313,0.05661958207145278,0.02830979103572639,33.971749242871674,-0.11323916414290557,0.0,1.1323916414290556,-167.79213146875156,2.830979103572639,-11.323916414290556,22.647832828581112,5.661958207145278,-0.11323916414290557,245.24863523753478,0.16985874621435834,-0.11323916414290557,-22.647832828581112,5.662392827132436,238.8579224708478,0.05661958207145278,-694.3688406408297,-0.11323916414290557,-0.11323916414291091,-0.11323916414290557,0.05661958207145278,374.820764073043,-22.647832828581112,0.11323916414289725,212.07209541888665,-0.028309791035726388,-0.12456308055719612,-212.07209541888665,16.985874621435833,-43.1879769751305,-905.2771850475874,374.820764073043,-0.08492937310717917,276.3650251630793,-273.53404605950664,0.11323916414290557,-0.028309791035726388,504.4967612597599,113.23916414290555,-0.056619582071452776,-0.11323916414290557,0.028309791035726388,1000.0,0.0,64.85062430978917,0.0,-751.8358824227837,0.0,816.4904409840311,-55.203567013623406,0.0,-645.343384874612,456.43666228180956,271.7606092552072,0.0,322.671692437306,375.91794121139185,-228.21833114090478,0.0,27.601783506811703,-250.88621323092548,-220.0891960957667,0.0,-271.7606092552072,-220.0891960957667,-816.4904409840311,675.9452249786561,0.0,1496.5981,bhi
1,0.0,0.0,0.0,0.0,0.0,0.0,0.0,0.0,-0.1362172084695731,0.0,0.0,0.0,0.0,0.0,0.0,0.0,341.6940560005704,26.635815354205924,0.0,-157.1986118468478,0.0,0.0,0.0,0.0,0.0,63.671634311374596,0.0,0.0,0.0,-1000.0,0.0,0.0,451.10127228041796,0.0,0.0,0.0,0.0,-132.08100800282443,0.0,-1000.0,681.4236559079188,0.0,-498.2697925458866,0.0,0.0,0.0,168.3723554410959,0.0,-839.9638485464571,0.0,0.0,-500.0,0.0,0.14983892931666512,0.0,0.0,0.0,27.24344169391462,0.0,0.0,96.22863873362904,0.0,228.44586394492302,0.0,0.0,0.0,0.0,0.0,632.9211441330765,-374.5717943340733,0.0,1.362172084695731,0.0,0.0,0.0,0.0,0.0,0.0,0.0,0.0,0.0,0.0,0.0,0.0,81.73032508174386,0.0,0.0,393.44827182537495,-80.12023863312366,-341.48973018786603,-0.03405430211739327,0.0,0.0,-480.77383600352226,40.86516254087193,0.0,318.5763440920812,0.0,0.0,0.0,0.0,967.6975352262258,-1000.0,0.0,0.0,-331.49545449301496,0.0,8.688909682667145,0.0,0.0,0.0,0.0,0.0,0.0,0.0,0.0,0.0,0.0,0.0,0.0,0.0,0.0,0.0,0.0,-667.3772480119266,0.0,0.0,318.5763440920812,0.0,42.22733462556766,0.0,0.0,0.0,0.0,0.0,0.0,-679.3893556064289,0.0,0.0,354.71485292787685,0.0,0.0,0.0,0.0,0.0,10.488725052157152,0.1362172084695731,0.0,0.0,0.0,-670.0592852496545,580.8821148513747,0.0,0.0,0.0,0.0,1000.0,0.0,0.0,0.0,0.0,0.0,502.31602746607325,502.31602746607325,0.0,0.0,0.0,0.0,499.99999999999994,0.0,0.0,502.45224467454284,0.0,0.0,0.0,0.0,-500.00000000000006,0.0,0.0,0.0,0.0,0.0,0.0,0.0,0.0,0.0,0.0,0.0,0.0,0.0,0.0,-1000.0,0.0,0.0,0.0,0.0,0.0,0.0,998.2697925458866,421.6099688209897,-421.6099688209897,66.32515287954884,0.0,0.0,0.0,0.0,0.0,0.0,0.0,-649.2783815105072,0.0,0.0,0.0,0.0,0.0,0.0,0.0,0.0,0.0,0.0,0.0,0.0,0.0,0.0,12.422469857458168,500.00000000000006,0.0,0.0,0.0,0.0,-66.32515287954884,0.0,0.0,0.0,0.0,96.22863873362904,500.00000000000006,0.0,0.0,0.0,0.0,0.0,0.0,0.0,0.0,433.82354050019035,0.0,277.7111815512092,0.0,0.0,-1000.0,973.3641846457941,0.0,-500.00000000000006,0.0,0.0,324.6745026785521,-833.8150056671209,0.0,0.0,0.0,-121.95325855310978,0.0,0.0,-1000.0,0.0,0.0,-1000.0,0.0,0.0,341.48973018786603,0.0,237.56274904943015,0.0,0.0,380.0460116301089,0.0,0.0,0.0,451.53453451802534,0.0,-451.53453451802534,0.0,670.5521656986996,258.3493497990032,0.0,0.0,0.0,0.0,0.0,96.22863873362904,-0.20432581270438277,0.0,0.0,0.0,0.0,0.1362172084695731,0.0,0.0,0.0,247.60011540772848,341.6940560005704,0.0,-542.1657234249568,-177.0063347200898,500.00000000000006,1000.0,0.0,197.27282550051802,0.0,-331.49545449301496,0.0,0.0,0.0,730.0824257767041,-1000.0,72.64474872277788,116.73514384252576,-1000.0,0.0,0.0,0.0,0.0,0.0,0.0,0.0,0.0,0.0,0.0,0.0,0.0,0.0,0.0,0.0,0.0,0.0,-1000.0,0.0,-868.4638608310541,0.0,0.0,429.43734638746395,0.0,0.0,0.0,-444.3122655523475,0.0,0.0,0.0,0.0,960.8866748027472,367.0788558669235,0.0,-110.36903002929995,496.59456978826074,0.0,0.0,0.0,0.0,-997.8719473529925,0.0,-376.88516779555226,1000.0,-500.00000000000006,-6.810860423478655,-1000.0,0.0,-851.3038387834249,1000.0,1000.0,318.5763440920812,0.0,0.0,0.0,10.35916922664643,0.0,0.0,500.0,500.0,-500.0,-500.00000000000006,482.6245546341049,0.0,0.0,0.0,0.0,0.0,0.0,0.0,0.0,-132.217225211294,0.0,0.0,0.0,0.0,0.0,0.0,0.0,-395.33104463290283,0.27243441693923715,0.0,0.0,0.0,0.0,0.0,0.0,0.0,0.0,0.0,0.0,0.0,0.0,0.0,0.0,0.0,0.0,0.0,0.0,0.0,0.14983892931666512,0.14983892931666512,0.0,196.4544315895125,0.0,81.73032508174386,0.0,0.0,0.0,1000.0,0.0,0.0,0.0,0.0,0.0,1000.0,-1000.0,0.0,0.0,0.0,0.0,0.0,0.0,0.0,0.0,0.0,0.0,0.0,0.0,0.0,222.45908267064218,-247.60011540772848,89.17717039827983,0.0,109.3039248942182,0.0,0.0,-480.77383600352226,-480.77383600352226,0.0,1000.0,0.0,-341.52246211326946,946.1914174803667,0.0,0.0,0.0,0.0,0.0,0.0,0.0,0.0,0.0,0.0,0.0,0.0,0.0,0.0,0.0,0.0,81.73032508174386,324.6745026785521,324.6745026785521,0.0,0.0,0.0,0.0,0.0,0.0,0.0,0.0,0.0,0.0,1.362172084695731,0.0,0.0,0.0,0.0,0.0,998.2697925458866,0.0,0.0,318.5763440920812,0.0,0.0,0.0,98.81519984206105,0.0,0.0,0.0,0.0,0.0,0.0,-482.9442649927565,416.6191121132076,0.0,40.86516254087193,40.86516254087193,1000.0,-1000.0,0.0,0.0,0.0,0.0,0.0,0.0,0.0,876.3440263410206,0.0,1000.0,0.1362172084695731,0.0,0.0,0.0,179.8942833852812,0.0,0.0,480.77383600352226,0.0,-258.3493497990032,0.0,0.0,0.0,0.0,0.0,0.0,0.0,0.0,0.0,0.0,0.0,0.0,0.1362172084695731,0.0,0.0,0.0,0.0,0.0,0.0,0.0,0.0,0.0,-21.68577958836221,6.810860423478655,0.0,0.0,131.53613916894585,-10.216290635217984,-6.810860423478655,0.0,0.0,-500.0,-500.00000000000006,500.0,0.0,0.0,0.0,0.0,0.0,0.0,0.0,324.6745026785521,500.00000000000006,0.0,0.0,155.50702164005372,0.0,0.0,0.0,-0.1362172084695731,0.0,0.0,0.1362172084695731,0.0,0.1362172084695731,0.0,0.0,0.0,81.73032508174386,166.18499433287917,166.18499433287917,0.0,0.0,0.0,0.0,0.0,0.0,0.0,89.17717039827983,0.0,0.0,0.0,0.0,0.0,741.8107274259345,0.0,0.0,0.0,0.0,0.0,0.0,0.0,0.0,0.0,0.0,0.0,0.0,0.0,0.0,0.0,-1000.0,1000.0,0.20432581270438277,0.0,0.0,0.0,-318.5763440920812,0.0,0.0,0.0,0.0,0.0,-196.4544315895125,6.810860423478655,0.0,0.0,0.0,0.0,-499.99999999999994,422.6264859639853,0.0,0.0,0.0,0.0,0.0,0.0,0.0,0.0,324.6745026785521,0.0,0.0,0.0,196.4544315895125,0.0,367.74876954818944,-331.49545449301496,0.0,0.0,0.0,0.0,0.0,-1000.0,0.0,6.810860423478655,1000.0,0.0,628.2370022798984,0.0,-132.217225211294,0.0,0.0,0.0,0.0,0.0,0.0,0.0,0.0,0.0,-20.43258127043359,0.0,166.18499433287917,0.0,0.0,0.0,0.0,0.0,0.0,0.0,0.0,0.0,433.82354050019035,0.0,0.0,227.10330349516406,-179.8942833852812,944.5888131292718,-498.2697925458866,40.86516254087193,0.0,0.0,0.0,0.0,-53.553664419772254,0.0,0.0,0.14983892931666512,0.0,0.0,0.0,83.09249716643959,0.0,0.0,0.0,0.0,12.422469857458168,0.0,0.0,0.0,0.0,0.0,0.0,0.0,0.0,0.0,0.0,498.2834142667336,0.01362172084695731,0.0,0.0,0.0,0.0,0.0,0.0,0.0,0.0,0.0,0.0,0.0,0.0,0.0,0.0,0.0,196.4544315895125,0.0,0.0,0.0,0.0,0.0,0.0,0.0,0.0,0.0,0.0,0.0,0.0,1000.0,-77.94180679684729,26.635815354205924,0.0,0.0,0.0,81.73032508174386,0.0,0.0,0.0,0.0,0.0,0.0,-81.73032508174386,0.0,0.0,0.0,0.0,0.0,0.0,0.0,0.0,0.0,0.0,0.0,0.0,-1000.0,-6.920829816453703,835.119515227592,0.0,-318.5763440920812,0.0,-132.08100800282443,0.0,0.0,0.0,0.0,0.0,0.0,0.0,0.0,0.0,0.0,0.0,0.0,0.0,0.0,0.0,0.0,0.0,-17.02715105869664,324.6745026785521,-971.102965437965,731.5944367907165,0.0,0.0,0.0,0.0,0.0,-1.702715105869664,0.0,132.217225211294,0.0,0.0,0.0,0.0,0.0,0.0,0.0,1000.0,40.86516254087193,40.86516254087193,0.0,0.0,0.0,0.0,0.0,0.14983892931666512,196.4544315895125,0.0,0.0,132.08100800282443,498.2697925458866,0.0,0.0,0.0,0.0,0.0,0.0,0.0,0.0,0.0,0.0,0.0,0.0,0.0,468.1641828443127,0.0,0.0,0.0,0.0,143.02806889305174,10.488725052157152,0.0,0.0,0.0,0.0,0.0,196.4544315895125,0.0,0.0,0.0,0.0,0.0,-17.02715105869664,0.0,0.0,0.0,0.0,0.0,0.0,0.0,0.0,0.0,0.0,0.0,0.0,0.0,0.0,0.0,0.0,0.0,0.0,-0.1362172084695731,0.0,0.0,6.810860423478655,-1000.0,0.0,0.0,0.0,0.0,324.6745026785521,0.0,0.0,0.0,-730.0824257767041,3.4054302117393274,0.0,0.0,63.671634311374596,0.1362172084695731,0.0,136.21720846957308,-42.22733462556766,27.24344169391462,0.9729800604969506,380.0460116301089,-0.10216290635217981,487.2541978248522,2.724344169391462,-0.6810860423481415,-380.0460116301089,40.86516254087193,-0.1362172084695731,110.49848483100499,0.0,0.03405430211739328,0.9729800604969506,-331.49545449301496,-21.68577958836221,-2.724344169391462,-211.13125950792855,-0.1362172084695731,0.03405430211739327,-380.0460116301089,359.2872159400924,0.1362172084695731,0.1362172084695731,-196.16837545172626,0.14983892931655873,-183.44140792729098,-0.10216290635217981,40.86516254087193,0.1362172084695731,318.5763440920812,209.60257731642267,-0.06810860423478655,-153.5676830866792,52.567214824121955,-0.10216290635217981,-0.1362172084695731,-42.22733462556766,0.1362172084695731,13.62172084695731,-2.724344169391462,0.0,0.0,-13.621720846957317,211.13125950792855,0.0,27.24344169391462,0.20432581270435962,-1000.0,13.62172084695731,-222.45908267064218,0.0,-27.24344169391462,0.06810860423478654,1.362172084695731,135.5414308562392,223.6978732834271,-0.1362172084695731,-227.10330349516406,196.16837545172626,42.22733462556766,0.1362172084695731,21.68577958836221,-786.8373268078321,0.0,-0.1362172084695731,-0.03405430211739328,0.0,-0.1362172084695731,-395.33104463290283,0.1362172084695731,-0.03405430211739327,-0.03405430211739327,-0.03405430211739327,54.48688338782924,-209.60257731642267,1.362172084695731,100.9199243248975,-0.03405430211739327,160.58437688147342,6.810860423478655,204.47638273993007,0.1362172084695731,0.06810860423478654,0.06810860423478655,-115.5529540525443,42.22733462556766,0.1362172084695731,-42.22733462556766,1.362172084695731,0.1362172084695731,-100.9199243248975,0.1362172084695731,0.5448688338785814,0.6810860423481415,0.06810860423478655,0.03405430211739328,40.86516254087193,-0.1362172084695731,183.44140792729098,1.362172084695731,-201.839848649795,483.8487676131129,-13.62172084695731,27.24344169391462,6.810860423478655,-0.1362172084695731,331.49545449301496,0.20432581270435962,-0.1362172084695731,231.1059081050886,42.22733462556766,333.140326725996,0.06810860423478655,-408.95276547986015,-0.1362172084695731,-0.1362172084695731,-0.1362172084695731,0.06810860423478655,380.0460116301089,-27.24344169391462,0.1362172084695731,271.0828617124784,-0.03405430211739327,-0.14983892931655873,-271.0828617124784,20.43258127043596,-52.567214824121955,100.83706245616008,380.0460116301089,-0.10216290635217981,227.10330349516406,-223.6978732834271,0.1362172084695731,-0.034054302117393284,6.810860423478655,136.21720846957308,-0.06810860423478654,-0.1362172084695731,0.03405430211739327,268.4467672581036,0.0,999.9318913957652,0.0,-1000.0,0.0,240.917756455519,-785.6071270806107,345.66549509313506,1000.0,-188.73171106165097,-305.81504084382425,0.0,-500.0,500.0,94.36585553082548,-345.66549509313506,392.80356354030533,-196.4544315895125,-279.58666230622373,0.0,305.81504084382425,-279.58666230622373,-240.917756455519,507.0666812081969,0.0,1496.5981,bhi
2,0.0,0.0,0.0,0.0,0.0,0.0,0.0,0.0,-0.04018684914604925,0.0,0.0,0.0,0.0,0.0,0.0,0.0,-374.9203991357434,-485.6554565075428,0.0,1000.0,0.0,0.0,0.0,522.0111061302036,0.0,0.0,0.0,0.0,0.0,205.61456310839026,153.65146948597544,-153.65146948597544,60.08634816888362,0.0,0.0,0.0,0.0,999.8392526034157,0.0,-443.81287772071767,578.5719665391299,0.0,-744.5118454633536,0.0,0.0,0.0,0.0,0.0,-681.6350764603908,-413.0501669842631,0.0,0.0,0.0,0.04420553406063682,0.0,0.0,0.0,8.037369829209851,0.0,0.0,46.63974877132106,0.0,0.0,-290.6277896802482,0.0,0.0,0.0,0.0,0.0,294.2218995946053,0.0,0.4018684914604926,0.0,0.0,0.0,0.0,0.0,0.0,0.0,0.0,0.0,0.0,0.0,0.0,24.112109487629553,0.0,11.026485702414764,1000.0,500.0000000000001,564.8295260158662,-0.010046712286512313,0.0,0.0,241.12087875987692,12.056054743814776,0.0,421.4280334608701,-154.94548602847834,0.0,0.0,0.0,2.0093424573024627,205.61456310839026,0.0,0.0,-199.9601736315566,0.0,0.0,0.0,0.0,0.0,0.0,0.0,0.0,0.0,0.0,0.0,0.0,0.0,0.0,0.0,0.0,0.0,0.0,-519.7486412789024,0.0,0.0,421.4280334608701,0.0,12.457923235275267,0.0,0.0,58.40945758354002,0.0,-58.40945758354002,58.40945758354002,-978.6400389147224,0.0,0.0,641.3725004631531,0.0,0.0,0.0,0.0,0.0,14.12087308666057,0.04018684914604925,0.0,0.0,0.0,0.0,0.0,0.0,0.0,0.0,0.0,413.8468227993195,0.0,0.0,0.0,0.0,0.0,72.13625729706358,72.13625729706358,0.0,0.0,0.0,0.0,-481.5077967616381,0.0,0.0,225.82791363218507,0.0,0.0,0.0,-468.0850680232145,0.0,0.0,0.0,0.0,0.0,0.0,0.0,0.0,0.0,0.0,-417.7602305534772,0.0,0.0,0.0,0.0,-1000.0,0.0,0.0,0.0,0.0,0.0,413.0501669842631,744.5118454633536,-695.979619952848,695.979619952848,337.2675384515693,0.0,0.0,0.0,0.0,0.0,0.0,0.0,-320.6221236837498,0.0,0.0,0.0,0.0,0.0,0.0,0.0,0.0,0.0,0.0,0.0,0.0,0.0,212.72197361923406,-16.074739658419702,106.4290670243904,0.0,0.0,0.0,0.0,-94.05656561474785,0.0,0.0,0.0,0.0,46.63974877132106,106.4290670243904,153.65146948597544,0.0,282.0179383081917,0.0,0.0,0.0,0.0,0.0,0.0,0.0,409.3719787170553,0.0,189.84884660640373,641.3166210958983,366.89714905011465,0.0,-106.4290670243904,0.0,0.0,337.2675384515693,0.0,0.0,0.0,0.0,58.93058496296919,0.0,0.0,-1000.0,-1000.0,0.0,0.0,0.0,1000.0,-195.97961995284788,0.0,-500.0,413.0501669842631,0.0,-131.08966371934403,0.0,0.0,0.0,-535.2251396643393,0.0,535.2251396643393,0.0,192.66808282664869,0.0,0.0,-1000.0,0.0,0.0,0.0,46.63974877132106,-0.06028027371907388,0.0,0.0,0.0,0.0,0.04018684914604925,0.0,0.0,0.0,335.36099370230846,-374.9203991357434,0.0,-133.30678242103772,192.35633968997024,0.0,1000.0,0.0,-232.24468972537852,0.0,-199.9601736315566,0.0,0.0,0.0,232.24468972537852,0.0,0.0,-1000.0,-1000.0,0.0,0.0,0.0,0.0,0.0,0.0,0.0,0.0,0.0,0.0,0.0,0.0,0.0,0.0,0.0,0.0,282.0179383081917,0.0,0.0,-1000.0,0.0,0.0,0.0,0.0,0.0,0.0,634.9075455897513,0.0,0.0,0.0,0.0,0.0,0.0,0.0,18.21423086345507,0.0,0.0,0.0,-2.0093424573024627,-500.00000000000006,210.1836301879914,0.0,-20.223573320757534,289.5421520271604,-1.0046712286512314,0.0,0.0,0.0,0.0,0.0,-406.4346292534653,421.4280334608701,0.0,0.0,0.0,483.9318207149518,0.0,0.0,0.0,-212.72197361923406,212.72197361923406,212.72197361923406,618.6701866718689,0.0,0.0,0.0,0.0,0.0,0.0,0.0,0.0,-221.93506950409767,0.0,0.0,0.0,0.0,0.0,0.0,0.0,-437.5027731192898,0.08037369829213963,0.0,0.0,0.0,0.0,0.0,0.0,0.0,0.0,0.0,294.2218995946053,0.0,0.0,0.0,0.0,0.0,0.0,0.0,0.0,0.0,0.04420553406063682,0.04420553406063682,153.65146948597544,318.6562143208901,0.0,24.112109487629553,0.0,0.0,0.0,1000.0,0.0,0.0,11.026485702414764,0.0,0.0,1000.0,-1000.0,0.0,0.0,0.0,0.0,0.0,0.0,0.0,0.0,0.0,0.0,0.0,0.0,0.0,173.24954709296745,-335.36099370230846,0.0,0.0,128.9221178014026,0.0,0.0,241.12087875987692,-2.090094076944524,0.0,1000.0,0.0,0.0,562.4972268807102,-500.00000000000006,500.00000000000006,212.72197361923406,0.0,0.0,0.0,0.0,0.0,0.0,0.0,0.0,0.0,0.0,0.0,0.0,0.0,24.112109487629553,337.2675384515693,337.2675384515693,0.0,0.0,0.0,0.0,0.0,0.0,0.0,0.0,0.0,0.0,0.4018684914604926,0.0,153.65146948597544,11.026485702414764,-11.026485702414764,153.65146948597544,744.5118454633536,0.0,0.0,421.4280334608701,0.0,0.0,0.0,114.80124471474204,0.0,0.0,0.0,0.0,0.0,0.0,693.8825073157367,0.0,0.0,12.056054743814776,12.056054743814776,2.2367721904684004,-1000.0,0.0,0.0,0.0,0.0,0.0,0.0,0.0,0.0,0.0,354.6219176356195,0.04018684914604925,0.0,0.0,0.0,53.07247527580747,0.0,0.0,-241.12087875987692,0.0,0.0,0.0,0.0,0.0,0.0,0.0,0.0,0.0,0.0,0.0,0.0,0.0,0.0,0.04018684914604925,0.0,0.0,0.0,-1000.0,1000.0,0.0,0.0,0.0,0.0,0.0,634.9075455897513,0.0,0.0,-1000.0,-3.014013685953694,-2.0093424573024627,0.0,0.0,0.0,0.0,0.0,0.0,0.0,0.0,0.0,0.0,0.0,0.0,337.2675384515693,0.0,0.0,0.0,-404.4252867961628,0.0,0.0,0.0,-0.04018684914604925,0.0,0.0,0.04018684914604925,0.0,0.04018684914604925,0.0,0.0,0.0,24.112109487629553,49.02795595818009,49.02795595818009,0.0,0.0,0.0,0.0,0.0,0.0,0.0,0.0,0.0,0.0,0.0,0.0,0.0,235.70477743685333,0.0,0.0,0.0,0.0,0.0,0.0,0.0,0.0,0.0,0.0,0.0,0.0,0.0,243.21097283682144,0.0,0.0,0.0,0.06028027371907388,0.0,0.0,0.0,-421.4280334608701,0.0,0.0,0.0,0.0,0.0,-318.6562143208901,2.0093424573024627,0.0,0.0,0.0,0.0,481.5077967616381,-634.9075455897513,0.0,0.0,0.0,0.0,0.0,0.0,0.0,0.0,337.2675384515693,0.0,0.0,0.0,105.93424070165605,0.0,-313.36199535002527,-199.9601736315566,0.0,0.0,0.0,0.0,0.0,-49.02795595818009,0.0,2.0093424573024627,1000.0,0.0,0.0,-153.65146948597544,-243.9880409089272,0.0,0.0,0.0,0.0,0.0,-495.37694919043633,0.0,0.0,0.0,411.73220318156984,0.0,49.02795595818009,0.0,0.0,0.0,153.65146948597544,0.0,0.0,0.0,0.0,0.0,0.0,0.0,0.0,327.69825537875136,-347.29437487041275,368.9658471413748,-744.5118454633536,12.056054743814776,11.026485702414764,0.0,0.0,0.0,-208.29462843179235,0.0,0.0,0.04420553406063682,0.0,0.0,0.0,24.513977979090043,0.0,0.0,0.0,0.0,-16.074739658419702,0.0,0.0,0.0,0.0,0.0,0.0,0.0,0.0,-1000.0,0.0,744.5158641482681,0.004018684914604929,0.0,0.0,0.0,0.0,0.0,0.0,0.0,0.0,0.0,0.0,153.65146948597544,0.0,0.0,0.0,0.0,318.6562143208901,0.0,0.0,0.0,0.0,0.0,0.0,0.0,413.0501669842631,0.0,0.0,0.0,22.052971404829528,-186.96402926852411,0.0,-485.6554565075428,0.0,0.0,0.0,24.11210948762954,0.0,0.0,0.0,0.0,0.0,-524.1121094876296,500.00000000000006,0.0,22.052971404829528,0.0,0.0,0.0,0.0,0.0,0.0,0.0,153.65146948597544,153.65146948597544,0.0,-354.6219176356195,-794.3854368916097,263.2327691018971,0.0,-421.4280334608701,0.0,999.8392526034157,0.0,0.0,0.0,0.0,0.0,0.0,0.0,0.0,0.0,500.00000000000006,0.0,-500.0,-500.0,0.0,0.0,0.0,0.0,-5.023356143256157,337.2675384515693,-3.014013685953694,232.69076375089966,0.0,0.0,0.0,0.0,0.0,-0.5023356143256157,0.0,221.93506950409767,0.0,0.0,0.0,0.0,0.0,0.0,0.0,1000.0,12.056054743814776,12.056054743814776,0.0,0.0,0.0,0.0,0.0,0.04420553406063682,318.6562143208901,0.0,0.0,-999.8392526034157,744.5118454633534,0.0,0.0,0.0,0.0,0.0,0.0,0.0,0.0,0.0,0.0,0.0,0.0,0.0,0.0,0.0,0.0,0.0,0.0,42.19619160335172,0.0,0.0,14.12087308666057,0.0,0.0,0.0,318.6562143208901,0.0,477.9527171039705,0.0,0.0,0.0,-5.023356143256157,0.0,0.0,0.0,0.0,0.0,0.0,0.0,0.0,0.0,0.0,0.0,0.0,0.0,0.0,0.0,0.0,0.0,0.0,-0.04018684914604925,0.0,0.0,2.0093424573024627,-1000.0,0.0,0.0,0.0,0.0,337.2675384515693,0.0,0.0,0.0,-232.24468972537852,1.0046712286512314,0.0,0.0,0.0,0.04018684914604925,0.0,40.186849146049255,-12.457923235275267,8.037369829209851,0.2870489224717804,112.12130911747741,-0.03014013685953694,2.0093424573024627,0.8037369829209852,-0.20093424573031932,-112.12130911747741,12.056054743814776,-0.04018684914604925,66.65339121051886,0.0,0.010046712286512313,0.2870489224717804,-199.9601736315566,-17.42423208646585,152.84773250305446,-139.42414435671378,-0.04018684914604925,0.010046712286512313,-112.12130911747741,4.0186849146049255,0.04018684914604925,0.04018684914604925,-318.57182193768347,-10.982280168354087,-97.66877402506026,-0.03014013685953694,12.056054743814776,0.04018684914604925,421.4280334608701,389.27855414403064,-0.020093424573024626,83.74229848885393,89.99769385099688,-0.03014013685953694,-0.04018684914604925,-12.457923235275267,0.04018684914604925,4.0186849146049255,-0.8037369829209852,243.21097283682144,243.21097283682144,-4.0186849146049255,139.42414435671378,-243.21097283682144,8.037369829209851,0.06028027371907388,-1000.0,4.0186849146049255,-173.24954709296745,0.0,-8.037369829209851,0.020093424573024626,0.4018684914604926,33.32669560525943,113.9716105308659,-0.04018684914604925,-327.69825537875136,318.57182193768347,12.457923235275267,0.04018684914604925,17.42423208646585,-457.5961976923144,0.0,-0.04018684914604925,-0.010046712286512313,0.0,-0.04018684914604925,-437.5027731192898,0.04018684914604925,-0.010046712286512313,-0.010046712286512313,-0.010046712286512313,16.074739658419702,-389.27855414403064,0.4018684914604926,29.773431861078564,-0.010046712286512313,0.0,2.0093424573024627,220.76072901694738,0.04018684914604925,0.020093424573024626,0.020093424573024626,4.0186849146049255,12.457923235275267,0.04018684914604925,-12.457923235275267,0.4018684914604926,0.04018684914604925,-29.773431861078564,0.04018684914604925,0.16074739658427006,0.20093424573031932,0.020093424573024626,0.010046712286512313,12.056054743814776,-0.04018684914604925,97.66877402506026,-76.42386625152723,-59.54686372215713,1.0046712286512314,-4.0186849146049255,8.037369829209851,2.0093424573024627,-0.04018684914604925,199.9601736315566,0.06028027371907388,-0.04018684914604925,-8.037369829209851,12.457923235275267,352.74347357311024,0.020093424573024626,-441.52145803389476,-0.04018684914604925,-0.04018684914604925,-0.04018684914604925,0.020093424573024626,112.12130911747741,-8.037369829209851,0.04018684914604925,66.65339121051886,-0.010046712286512313,10.982280168354087,-66.65339121051886,6.028027371907387,-89.99769385099688,-184.46742094574887,112.12130911747741,-0.03014013685953694,327.69825537875136,-113.9716105308659,0.04018684914604925,-0.010046712286512313,2.0093424573024627,40.186849146049255,-0.020093424573024626,-0.04018684914604925,0.010046712286512313,1000.0,0.0,631.1300005124086,0.0,-278.9276329272238,0.0,1000.0,-260.9346511665679,0.0,104.8742949535175,-910.679203584474,305.3246255208154,-368.84990606301835,-52.43714747675875,139.4638164636119,455.339601792237,0.0,130.46732558328395,-318.6562143208901,-144.4488451413179,368.84990606301835,-305.3246255208154,-144.4488451413179,-1000.0,726.7887563888547,0.0,1496.5981,bhi
3,0.0,0.0,0.0,0.0,0.0,0.0,0.0,0.0,-0.1594565292007003,0.0,0.0,0.0,0.0,0.0,0.0,0.0,-710.5883407118099,342.2846075439325,0.0,499.0,0.0,0.0,0.0,261.0055530649917,0.0,0.0,0.0,0.0,0.0,-478.6882752005246,0.0,0.0,0.0,0.0,0.0,0.0,0.0,450.2203260867192,0.0,-210.12204105132741,952.1630412397899,0.0,0.0,0.0,0.0,0.0,553.5764970067247,0.0,189.27661591233448,0.0,0.0,0.0,0.0,0.17540218212092804,0.0,0.0,0.0,0.0,0.0,0.0,47.170343984727964,0.0,244.47337827219937,0.0,0.0,0.0,0.0,0.0,0.0,642.9543943503002,0.0,1.5945652920070033,0.0,0.0,0.0,0.0,0.0,0.0,0.0,0.0,0.0,0.0,0.0,0.0,95.67391752042019,0.0,36.00142509597246,0.0,235.10296423281338,1000.0,-0.039864132300175076,0.0,0.0,0.0,47.836958760210095,0.0,47.836958760210095,-5.134500240263314,0.0,0.0,0.0,462.6551495768222,-478.6882752005246,0.0,0.0,-138.61771324931726,0.0,0.0,0.0,0.0,0.0,0.0,0.0,0.0,0.0,0.0,0.0,0.0,0.0,0.0,0.0,0.0,0.0,0.0,-971.940638573011,0.0,0.0,47.836958760210095,0.0,49.4315240522171,0.0,0.0,-500.00000000000006,0.0,500.00000000000006,-500.00000000000006,0.0,0.0,0.0,-291.64372225692733,0.0,0.0,0.0,0.0,0.0,48.27957784442637,0.1594565292007003,0.0,0.0,0.0,0.0,-434.81861552163923,0.0,0.0,0.0,0.0,1000.0,0.0,0.0,0.0,0.0,0.0,554.5872348103934,554.5872348103934,0.0,0.0,0.0,500.0,0.0,0.0,0.0,554.7466913395941,0.0,0.0,0.0,-1000.0,-227.70343018024832,0.0,0.0,0.0,0.0,0.0,0.0,0.0,0.0,0.0,-570.2265534127816,0.0,0.0,0.0,0.0,260.8561134207933,0.0,0.0,0.0,0.0,0.0,0.0,0.0,-652.007991631598,652.007991631598,0.0,0.0,0.0,0.0,0.0,0.0,0.0,0.0,-947.6286442862422,0.0,0.0,0.0,0.0,0.0,0.0,0.0,0.0,0.0,0.0,0.0,0.0,0.0,0.0,-501.39877279808064,1000.0,0.0,0.0,0.0,291.64372225692733,355.4288866353714,0.0,0.0,0.0,0.0,47.170343984727964,1000.0,0.0,0.0,0.0,0.0,0.0,0.0,0.0,0.0,0.0,31.89130584014006,0.0,0.0,-29.95679328169649,857.1541625827149,-462.7313757192635,0.0,-1000.0,0.0,0.0,291.64372225692733,194.5369656248544,0.0,0.0,0.0,-131.2858471682395,0.0,0.0,-897.0120472806534,-499.9999999998738,0.0,-397.01204728077954,0.0,499.9999999998738,-416.90502739878457,0.0,0.0,0.0,0.0,89.45482983458248,0.0,0.0,0.0,-1000.0,0.0,1000.0,0.0,1000.0,0.0,291.64372225692733,-603.2508053207345,500.0,0.0,0.0,47.170343984727964,-0.23918479380105043,0.0,0.0,0.0,0.0,0.1594565292007003,0.0,0.0,0.0,-664.1219588163748,-710.5883407118099,0.0,-92.41180883287817,-508.0777295986588,227.70343018024832,1000.0,0.0,598.6364127502591,0.0,-138.61771324931726,0.0,0.0,0.0,-13.729207164180451,0.0,-584.9072055860786,-73.65674072803449,-1000.0,0.0,0.0,0.0,0.0,0.0,0.0,0.0,0.0,0.0,0.0,0.0,0.0,0.0,0.0,0.0,0.0,0.0,500.00000000000006,0.0,49.1418477964778,0.0,0.0,0.0,1000.0,0.0,0.0,-48.27957784442637,0.0,0.0,0.0,0.0,454.6823231167872,0.0,0.0,-735.3139880184286,0.0,0.0,-426.7900920462023,0.0,-234.8928260766603,605.0918150939959,0.0,0.0,0.0,-3.9864132300175075,-7.972826460035015,290.8318599107225,0.0,-43.9797941440097,10.704190937958401,0.0,47.836958760210095,0.0,0.0,0.0,0.0,0.0,0.0,0.0,0.0,0.0,0.0,109.91925945202365,0.0,0.0,0.0,0.0,0.0,0.0,0.0,0.0,-125.30018409552652,0.0,0.0,0.0,0.0,0.0,0.0,0.0,-984.0543470799299,0.3189130584015071,0.0,0.0,0.0,0.0,0.0,0.0,0.0,0.0,0.0,642.9543943503002,0.0,0.0,0.0,0.0,0.0,0.0,0.0,0.0,0.0,0.17540218212092804,0.17540218212092804,0.0,132.51028528365327,0.0,95.67391752042019,0.0,0.0,0.0,1000.0,0.0,0.0,36.00142509597246,0.0,0.0,1000.0,-1000.0,0.0,0.0,0.0,0.0,0.0,0.0,0.0,0.0,0.0,0.0,0.0,0.0,0.0,323.9802128576703,664.1219588163748,434.81861552163923,0.0,48.27957784442637,0.0,0.0,0.0,-355.4288866353714,0.0,1000.0,0.0,0.0,15.945652920070074,0.0,0.0,0.0,0.0,0.0,0.0,0.0,0.0,0.0,0.0,0.0,0.0,0.0,0.0,0.0,0.0,95.67391752042019,291.64372225692733,291.64372225692733,0.0,0.0,0.0,0.0,0.0,0.0,0.0,0.0,0.0,0.0,1.5945652920070033,0.0,0.0,36.00142509597246,-36.00142509597246,0.0,0.0,0.0,0.0,47.836958760210095,0.0,0.0,0.0,0.0,0.0,0.0,0.0,0.0,0.0,0.0,551.977968352884,0.0,0.0,47.836958760210095,47.836958760210095,1000.0,-1000.0,0.0,0.0,0.0,0.0,0.0,0.0,0.0,-447.65498407144094,0.0,-314.37593028819265,0.1594565292007003,0.0,0.0,-500.00000000000006,710.5851263136964,127.5666655794537,0.0,0.0,0.0,0.0,0.0,0.0,0.0,0.0,0.0,0.0,0.0,0.0,0.0,0.0,0.0,0.0,0.1594565292007003,0.0,0.0,0.0,0.0,0.0,0.0,0.0,0.0,0.0,0.0,451.7204221555737,0.0,0.0,-950.8581522035223,-11.959239690052524,-7.972826460035015,0.0,0.0,0.0,0.0,0.0,0.0,0.0,0.0,0.0,0.0,0.0,0.0,291.64372225692733,227.70343018024832,0.0,0.0,-36.006967683974686,0.0,0.0,0.0,-0.1594565292007003,0.0,0.0,0.1594565292007003,0.0,0.1594565292007003,0.0,0.0,0.0,95.67391752042019,194.5369656248544,194.5369656248544,0.0,0.0,0.0,0.0,0.0,0.0,0.0,434.81861552163923,0.0,0.0,0.0,0.0,0.0,0.0,0.0,0.0,0.0,0.0,0.0,0.0,0.0,0.0,0.0,0.0,0.0,0.0,0.0,355.4288866353714,0.0,-475.95982618809717,475.95982618809717,0.23918479380105043,0.0,0.0,0.0,-47.836958760210095,0.0,0.0,0.0,0.0,0.0,-132.51028528365327,7.972826460035015,0.0,0.0,0.0,-500.0,0.0,-13.10732670029833,0.0,0.0,0.0,0.0,0.0,0.0,0.0,0.0,291.64372225692733,0.0,0.0,316.25605234314634,132.51028528365327,0.0,72.30342186384533,-11.051047669863564,500.00000000000006,-61.3869045447247,0.0,-438.61309545527536,0.0,0.0,0.0,7.972826460035015,344.254828512586,0.0,0.0,0.0,-197.30303428747143,0.0,0.0,-500.0000000004246,500.0000000004246,0.0,0.0,0.0,0.0,0.0,558.2673137227291,-11.959239690052515,194.5369656248544,0.0,500.0,500.0,-500.00000000000006,0.0,0.0,0.0,0.0,0.0,0.0,0.0,0.0,156.4287646637584,-853.5395206639964,-603.3285594232614,0.0,47.836958760210095,36.00142509597246,0.0,0.0,0.0,-227.24203379314702,0.0,0.0,0.17540218212092804,0.0,0.0,0.0,97.2684828124272,0.0,0.0,0.0,0.0,-501.39877279808064,0.0,0.0,0.0,0.0,0.0,0.0,0.0,0.0,328.06324836870647,0.0,244.9942864788646,0.01594565292007003,0.0,0.0,0.0,0.0,0.0,0.0,0.0,0.0,0.0,-500.00000000000006,0.0,0.0,0.0,0.0,0.0,132.51028528365327,0.0,0.0,0.0,0.0,0.0,0.0,0.0,0.0,0.0,0.0,0.0,72.00285019194492,-193.92916211286177,-538.9709033984236,342.2846075439325,0.0,0.0,0.0,95.67391752042019,0.0,0.0,0.0,0.0,0.0,0.0,-95.67391752042019,0.0,72.00285019194492,0.0,0.0,0.0,0.0,0.0,0.0,0.0,0.0,0.0,0.0,314.37593028819265,-1000.0,109.22772250247978,-388.5487867136517,340.71182795344157,0.0,450.2203260867192,0.0,0.0,0.0,0.0,0.0,0.0,0.0,0.0,0.0,0.0,0.0,0.0,0.0,0.0,0.0,0.0,0.0,-19.93206615008754,291.64372225692733,-466.6415628068397,0.0,0.0,0.0,0.0,0.0,0.0,0.0,-1.993206615008754,125.30018409552652,0.0,0.0,0.0,0.0,0.0,0.0,0.0,1000.0,47.836958760210095,47.836958760210095,0.0,0.0,0.0,0.0,0.0,0.17540218212092804,132.51028528365327,0.0,0.0,-450.2203260867192,244.97834082594454,0.0,0.0,0.0,0.0,0.0,0.0,0.0,0.0,0.0,0.0,0.0,0.0,0.0,237.97991309404858,0.0,0.0,0.0,0.0,167.42935566073533,0.0,0.0,48.27957784442637,0.0,0.0,0.0,132.51028528365327,0.0,0.0,0.0,0.0,0.0,-19.93206615008754,0.0,0.0,0.0,0.0,0.0,0.0,0.0,0.0,0.0,0.0,0.0,0.0,0.0,0.0,0.0,0.0,0.0,0.0,-0.1594565292007003,0.0,0.0,7.972826460035015,-1000.0,0.0,0.0,0.0,0.0,291.64372225692733,0.0,0.0,0.0,13.729207164180451,3.9864132300175075,0.0,0.0,0.0,0.1594565292007003,0.0,159.4565292007003,-49.4315240522171,31.891305840140063,1.1389752085764306,444.8837164699539,-0.11959239690052521,735.3139880184286,3.189130584014006,-0.7972826460037936,-444.8837164699539,47.836958760210095,-0.1594565292007003,46.20590441643908,0.0,0.039864132300175076,1.1389752085764306,-138.61771324931726,-61.3869045447247,-3.1891305840140376,-130.69626683212255,-0.1594565292007003,0.039864132300175076,-444.8837164699539,15.94565292007003,0.1594565292007003,0.1594565292007003,-132.17542657233165,-35.82602291385169,-579.2522550018417,-0.11959239690052521,47.836958760210095,0.1594565292007003,47.836958760210095,-79.72826460035016,-0.07972826460035015,-143.51231849952373,-371.5339960846421,-0.11959239690052521,-0.1594565292007003,-49.4315240522171,0.1594565292007003,15.94565292007003,-3.189130584014006,355.4288866353714,355.4288866353714,-15.94565292007003,130.69626683212255,-355.4288866353714,31.89130584014006,0.23918479380105043,-1000.0,15.94565292007003,-323.9802128576703,0.0,-31.89130584014006,0.07972826460035015,1.5945652920070033,23.10295220821954,164.40159112379334,-0.1594565292007003,-168.3880043538109,132.17542657233165,49.4315240522171,0.1594565292007003,61.3869045447247,-191.34783504084038,0.0,-0.1594565292007003,-0.039864132300175076,0.0,-0.1594565292007003,-984.0543470799299,0.15945652920074957,-0.039864132300175076,-0.039864132300175076,-0.039864132300175076,63.78261168028012,79.72826460035016,1.5945652920070033,277.70198995961385,-0.039864132300175076,0.0,7.972826460035015,500.0,0.1594565292007003,0.07972826460035015,0.07972826460035015,-129.87620820839365,49.4315240522171,0.1594565292007003,-49.4315240522171,1.5945652920070033,0.1594565292007003,-596.8312577356994,0.1594565292007003,0.6378261168030761,0.7972826460037936,0.07972826460035015,0.039864132300175076,47.836958760210095,-0.1594565292007003,579.2522550018417,1.5945652920070188,-555.4039799192277,731.3275747884111,-15.94565292007003,31.89130584014006,7.972826460035015,-0.1594565292007003,138.61771324931726,0.23918479380105043,-0.1594565292007003,259.7524164167873,49.4315240522171,582.6927773843761,0.07972826460035015,-1000.0,-0.1594565292007003,-0.15945652920074957,-0.1594565292007003,0.07972826460035015,444.8837164699539,-31.89130584014006,0.1594565292007003,46.20590441643908,-0.039864132300175076,35.82602291385169,-46.20590441643908,23.918479380105044,371.5339960846421,739.683252541919,444.8837164699539,-0.11959239690052521,168.3880043538109,-164.40159112379334,0.1594565292007003,-0.039864132300175076,7.972826460035015,159.4565292007003,-0.07972826460035015,-0.1594565292007003,0.039864132300175076,511.98086410759606,0.0,416.8252991341842,319.12926777608556,-375.2523301283266,0.0,176.76004769700728,-14.575036965199203,0.0,658.249648545187,-130.75951762230017,330.6238878176539,-583.0949726012154,-329.1248242725935,187.6261650641633,65.37975881115008,0.0,7.2875184825996016,-132.51028528365327,-355.45074359122907,583.0949726012154,-330.6238878176539,-355.45074359122907,-176.76004769700728,176.08111490888882,0.0,1496.5981,bhi
4,0.0,0.0,0.0,0.0,0.0,0.0,0.0,0.0,-0.06244503467839219,0.0,0.0,0.0,0.0,0.0,0.0,0.0,595.0180908552194,-2.086416978393572,0.0,-391.4370940176234,0.0,0.0,0.0,761.4835419589716,0.0,0.0,0.0,0.0,0.0,-1000.0,54.5973919945764,-54.5973919945764,613.0804413757795,0.0,0.0,0.0,0.0,263.8406537991581,0.0,-1000.0,981.2664895964823,0.0,0.0,0.0,0.0,0.0,0.0,0.0,0.0,0.0,0.0,0.0,0.0,0.06868953814618224,0.0,0.0,0.0,12.489006935678438,0.0,0.0,-85.61781268814337,0.0,-48.95377349229432,-206.8007191717121,0.0,0.0,0.0,0.0,0.0,0.0,0.0,0.624450346783922,0.0,0.0,0.0,0.0,0.0,0.0,0.0,494.49292830899253,0.0,0.0,0.0,0.0,37.46702080703532,0.0,85.99573363303216,702.5377883483991,-297.4622116516009,0.0,-0.015611258669598047,0.0,0.0,0.0,18.73351040351766,0.0,18.73351040351766,-494.3297542391675,0.0,0.0,0.0,3.1222517339196094,-1000.0,0.0,0.0,-385.5395233578283,362.32320772481233,0.0,0.0,0.0,0.0,0.0,0.0,0.0,0.0,0.0,0.0,0.0,0.0,0.0,0.0,0.0,0.0,0.0,-442.3317206612094,0.0,0.0,18.73351040351766,0.0,19.357960750301576,0.0,0.0,-4.100161677501735,-500.00000000000006,504.1001616775018,-504.1001616775018,-72.2291329912743,0.0,0.0,0.0,0.0,0.0,0.0,0.0,0.0,90.80400130326836,0.06244503467839219,0.0,0.0,0.0,-362.32320772481233,0.0,0.0,0.0,213.67564636776746,0.0,804.9204324900174,0.0,0.0,0.0,0.0,0.0,264.9636866673521,264.9636866673521,0.0,0.0,0.0,-500.0,23.216315633015938,0.0,0.0,319.62352369660687,0.0,0.0,0.0,436.89388702679764,-730.1251488657473,0.0,0.0,0.0,0.0,0.0,0.0,0.0,0.0,0.0,0.0,0.0,0.0,0.0,0.0,-581.0118782755709,0.0,0.0,0.0,0.0,0.0,0.0,0.0,297.4622116516009,-297.4622116516009,72.2291329912743,0.0,0.0,0.0,0.0,0.0,0.0,0.0,-1000.0,0.0,0.0,0.0,0.0,0.0,0.0,0.0,0.0,0.0,0.0,0.0,0.0,0.0,481.40308590683173,-139.26509493635933,404.9819091447806,0.0,0.0,0.0,0.0,-72.2291329912743,0.0,0.0,0.0,0.0,-85.61781268814337,404.9819091447806,54.5973919945764,0.0,0.0,0.0,0.0,0.0,0.0,0.0,562.2783678720532,0.0,0.0,0.0,594.9244233032018,0.0,1000.0,0.0,-404.9819091447806,0.0,0.0,72.2291329912743,-714.9299215422559,0.0,0.0,0.0,-82.46722855770759,0.0,0.0,51.4939763596733,0.0,0.0,51.4939763596733,0.0,0.0,0.0,0.0,-798.5990876928151,0.0,0.0,174.22164675271418,0.0,0.0,0.0,-827.2415708933573,0.0,827.2415708933573,0.0,61.51143272815358,0.0,0.0,-1000.0,-500.0,0.0,0.0,-85.61781268814337,-0.09366755201758828,0.0,0.0,0.0,0.0,0.06244503467839219,0.0,0.0,0.0,0.0,595.0180908552194,0.0,-491.62163733303737,-194.03074946880093,730.1251488657473,1000.0,0.0,291.678679740326,0.0,-385.5395233578283,0.0,0.0,0.0,-5.376517485809517,-286.3021622545165,0.0,-916.7522085088125,-1000.0,0.0,0.0,0.0,0.0,0.0,0.0,0.0,0.0,0.0,0.0,0.0,0.0,0.0,0.0,0.0,0.0,0.0,1000.0,0.0,293.6418376293503,0.0,442.26772843277786,1000.0,0.0,0.0,0.0,-598.4849771807452,0.0,0.0,0.0,0.0,0.0,786.3021622545166,0.0,-3.1222517339196094,0.0,-500.00000000000006,0.0,88.7656167953345,-84.08223919445508,0.0,0.0,0.0,0.0,-1.5611258669598047,-91.8878685292541,0.0,0.0,500.00000000000006,0.0,-685.0475385235035,18.73351040351766,0.0,0.0,0.0,0.0,0.0,0.0,0.0,-481.40308590683173,481.40308590683173,481.40308590683173,1000.0,0.0,0.0,0.0,0.0,0.0,0.0,0.0,0.0,-71.47329110149673,0.0,0.0,0.0,0.0,0.0,0.0,0.0,-157.99860533987703,0.12489006935682608,0.0,0.0,0.0,0.0,0.0,0.0,0.0,0.0,0.0,0.0,0.0,0.0,0.0,0.0,0.0,0.0,0.0,0.0,0.0,0.06868953814618224,0.06868953814618224,54.5973919945764,225.80929080450863,0.0,37.46702080703532,0.0,0.0,0.0,1000.0,0.0,54.42146710990668,85.99573363303216,0.0,0.0,1000.0,-1000.0,0.0,0.0,0.0,0.0,0.0,0.0,0.0,0.0,0.0,0.0,0.0,0.0,0.0,147.4439068870698,0.0,0.0,0.0,90.80400130326836,0.0,0.0,0.0,0.0,0.0,1000.0,0.0,842.001394660123,0.0,0.0,0.0,481.40308590683173,0.0,0.0,0.0,0.0,0.0,0.0,0.0,0.0,0.0,0.0,0.0,0.0,0.0,37.46702080703532,72.2291329912743,72.2291329912743,0.0,0.0,0.0,0.0,0.0,0.0,0.0,0.0,0.0,0.0,0.624450346783922,0.0,54.5973919945764,85.99573363303216,-85.99573363303216,54.5973919945764,0.0,0.0,0.0,18.73351040351766,0.0,0.0,0.0,0.0,0.0,0.0,0.0,0.0,0.0,0.0,877.273636691651,0.0,0.0,18.73351040351766,18.73351040351766,468.8556786675856,-1000.0,0.0,0.0,0.0,0.0,0.0,0.0,0.0,916.7522085088125,0.0,1000.0,0.06244503467839219,0.0,0.0,0.0,82.46758901205665,0.0,0.0,0.0,0.0,0.0,0.0,0.0,0.0,0.0,0.0,0.0,0.0,0.0,0.0,0.0,0.0,0.0,0.06244503467839219,0.0,0.0,0.0,-1000.0,1000.0,0.0,0.0,0.0,442.26772843277786,0.0,401.5150228192548,-213.67564636776746,0.0,-706.3581623706498,-4.683377600879414,0.0,-3.122251733919612,0.0,0.0,0.0,0.0,0.0,0.0,0.0,0.0,0.0,0.0,0.0,72.2291329912743,730.1251488657473,0.0,0.0,-181.9252867895839,0.0,0.0,0.0,-0.06244503467839219,0.0,0.0,0.06244503467839219,0.0,0.06244503467839219,0.0,0.0,0.0,37.46702080703532,76.18294230763847,76.18294230763847,0.0,0.0,0.0,0.0,0.0,0.0,0.0,0.0,0.0,0.0,0.0,0.0,0.0,0.0,0.0,0.0,0.0,0.0,0.0,0.0,0.0,0.0,0.0,0.0,0.0,0.0,0.0,0.0,0.0,-638.8526226559002,638.8526226559002,0.09366755201758828,0.0,0.0,0.0,-18.73351040351766,0.0,0.0,0.0,0.0,0.0,-225.80929080450863,3.1222517339196094,0.0,0.0,0.0,500.00000000000006,-23.216315633015938,505.6702457608325,-3.122251733919612,0.0,0.0,0.0,0.0,0.0,0.0,0.0,72.2291329912743,0.0,0.0,1000.0,-255.5937951023231,0.0,-523.3386919976153,-385.5395233578283,0.0,-92.81473141991273,0.0,92.81473141991273,213.67564636776746,-791.1128638498943,0.0,3.122251733919612,671.3053945859288,0.0,0.0,-54.5973919945764,-243.46475836756105,0.0,0.0,0.0,0.0,0.0,0.0,0.0,0.0,0.0,-4.683377600879435,-4.683377600879467,76.18294230763847,0.0,0.0,0.0,54.5973919945764,0.0,0.0,0.0,0.0,0.0,562.2783678720532,0.0,0.0,235.17604600626748,-82.46758901205665,-480.71651549346177,0.0,18.73351040351766,85.99573363303216,0.0,0.0,0.0,-128.94208319978222,0.0,0.0,0.06868953814618224,0.0,0.0,0.0,38.091471153819235,0.0,0.0,0.0,0.0,-139.26509493635933,0.0,362.32320772481233,0.0,0.0,0.0,0.0,0.0,0.0,0.0,0.0,0.006244503467839219,0.006244503467839219,0.0,0.0,0.0,0.0,0.0,0.0,0.0,0.0,0.0,0.0,54.5973919945764,0.0,0.0,0.0,0.0,225.80929080450863,0.0,0.0,0.0,0.0,0.0,0.0,0.0,0.0,0.0,0.0,0.0,171.99146726606432,0.0,0.0,-2.086416978393572,0.0,0.0,0.0,37.46702080703534,0.0,0.0,0.0,0.0,0.0,505.1849689765874,-542.6519897836228,0.0,171.99146726606432,0.0,0.0,0.0,0.0,0.0,0.0,0.0,54.5973919945764,54.5973919945764,0.0,-1000.0,-1000.0,42.77484875469866,0.0,-18.73351040351766,0.0,706.1083822319359,0.0,0.0,0.0,0.0,0.0,0.0,0.0,0.0,0.0,0.0,0.0,0.0,0.0,0.0,0.0,0.0,0.0,-7.805629334799027,72.2291329912743,-4.683377600879414,0.0,0.0,0.0,0.0,0.0,0.0,-0.7805629334799025,0.0,285.1489374692642,0.0,0.0,0.0,0.0,0.0,0.0,0.0,1000.0,18.73351040351766,18.73351040351766,0.0,0.0,0.0,0.0,494.49292830899253,0.06868953814618224,225.80929080450863,0.0,0.0,-706.1083822319359,0.0,0.0,0.0,0.0,0.0,0.0,0.0,0.0,0.0,0.0,0.0,0.0,0.0,0.0,319.4263113279501,0.0,0.0,0.0,0.0,65.5672864123118,0.0,0.0,90.80400130326836,0.0,0.0,0.0,225.80929080450863,0.0,0.0,0.0,0.0,0.0,-7.805629334799027,0.0,0.0,0.0,0.0,0.0,0.0,0.0,0.0,0.0,0.0,0.0,0.0,0.0,0.0,0.0,0.0,0.0,0.0,-0.06244503467839219,0.0,0.0,3.1222517339196094,-1000.0,0.0,0.0,0.0,0.0,72.2291329912743,0.0,0.0,0.0,5.376517485809517,1.5611258669598047,0.0,0.0,0.0,0.06244503467839219,0.0,62.44503467839218,-19.357960750301576,12.48900693567844,0.44603596198851564,174.22164675271418,-0.04683377600879414,3.1222517339196094,1.248900693567844,-0.3122251733922212,-174.22164675271418,18.73351040351766,-0.06244503467839219,128.51317445260943,0.0,0.015611258669598048,0.44603596198851564,-385.53952335782833,-95.93698315383234,53.34849130100855,-201.49457985920242,-0.06244503467839219,0.015611258669598048,-174.22164675271418,685.1937329077338,0.06244503467839219,0.06244503467839219,-225.67815623168406,-85.92704409488593,0.0,-0.04683377600879414,18.73351040351766,0.06244503467839219,18.73351040351766,-31.222517339196095,-0.031222517339196097,-33.8413857743609,65.92218448875668,-0.04683377600879414,-0.06244503467839219,-19.357960750301576,0.06244503467839219,6.244503467839219,-1.248900693567844,0.0,0.0,-6.244503467839195,201.49457985920242,0.0,12.489006935678438,0.09366755201758828,-5.384569900734823,6.244503467839219,-147.4439068870698,0.0,-12.489006935678438,0.031222517339196093,0.624450346783922,122.90540933325934,-243.10478816664465,-0.06244503467839219,-239.85942360714694,225.67815623168406,19.35796075030158,0.06244503467839219,95.93698315383234,-753.8832710539646,0.0,-0.06244503467839219,-0.015611258669598048,0.0,-0.062445034678392186,-520.3218130646894,0.06244503467839219,-0.015611258669598047,-0.015611258669598047,-0.015611258669598047,24.978013871356875,31.222517339196095,0.624450346783922,46.26396506735369,-0.015611258669598048,117.29764421390925,3.1222517339196094,82.12155440385813,0.06244503467839219,0.031222517339196097,0.031222517339196093,6.244503467839219,19.357960750301576,0.06244503467839219,-19.357960750301576,0.624450346783922,0.06244503467839219,-46.26396506735369,0.06244503467839219,0.24978013871382904,0.3122251733922212,0.031222517339196097,0.015611258669598048,18.73351040351766,-0.06244503467839219,0.0,-26.674245650504275,-92.52793013470738,1.5611258669598047,-6.244503467839219,12.489006935678438,3.1222517339196094,-0.06244503467839219,385.53952335782833,0.09366755201758828,-0.06244503467839219,-12.489006935678438,19.357960750301576,225.91276025730463,0.031222517339196097,-164.24310880771625,-0.06244503467839219,-0.06244503467839219,-0.06244503467839219,0.031222517339196097,174.22164675271418,-12.489006935678438,0.06244503467839219,245.81081866651868,-0.015611258669598047,85.92704409488593,-245.81081866651868,9.366755201758828,-65.92218448875668,-831.5416120147685,174.22164675271418,-0.04683377600879414,239.85942360714694,243.10478816664465,0.06244503467839219,-0.01561125866959805,3.122251733919612,62.44503467839218,-0.031222517339196097,-0.06244503467839219,0.015611258669598048,1000.0,0.0,5.353347383395627,0.0,-840.0168432968037,0.0,78.59912435861355,-1000.0,678.9492294398946,658.1406055008288,-626.9494835778501,510.8496850619369,0.0,-329.0703027504144,420.00842164840185,313.47474178892503,-678.9492294398946,500.0,-225.80929080450863,-96.97067705752242,0.0,-510.8496850619369,-96.97067705752242,-78.59912435861355,413.1189459723695,0.0,1496.5981,bhi
5,0.0,0.0,0.0,0.0,0.0,0.0,0.0,0.0,-0.17685931645064976,0.0,0.0,0.0,0.0,0.0,0.0,0.0,1000.0,-640.9866780329742,0.0,0.0,0.0,0.0,0.0,347.26977510237515,0.0,530.8994887899987,0.0,0.0,0.0,-0.13264448733798417,0.0,0.0,726.9186450696418,0.0,0.0,0.0,0.0,997.4559876754512,0.0,-1000.0,731.6890065352766,0.0,0.0,0.0,0.0,0.0,0.0,0.0,-999.867355512662,-584.2265048218924,0.0,0.0,0.0,0.19454524809576398,0.0,0.0,0.0,35.37186329012995,0.0,0.0,-79.05289152577168,0.0,0.0,-79.05289152577168,0.0,0.0,0.0,0.0,1000.0,-1000.0,0.0,1.7685931645064976,0.0,0.0,0.0,0.0,0.0,0.0,0.0,0.0,0.0,0.0,0.0,0.0,106.11558987038984,0.0,63.47748105701749,1000.0,-488.9267981222646,-510.94055739039743,-0.04421482911266244,0.0,0.0,0.0,53.05779493519493,0.0,268.3109934647235,-309.33638961275346,498.16342494125405,0.0,0.0,8.842965822532488,-0.13264448733798417,0.0,0.0,-269.1727640367987,0.0,0.0,0.0,0.0,0.0,0.0,0.0,0.0,0.0,0.0,0.0,0.0,0.0,0.0,0.0,0.0,0.0,0.0,-575.7616161294652,0.0,0.0,268.3109934647235,0.0,54.82638809970142,0.0,0.0,-771.5517400357783,771.5517400357783,0.0,0.0,-905.5742058891001,-500.00000000000045,500.00000000000045,905.5742058891001,0.0,0.0,0.0,0.0,0.0,77.09564842371758,0.17685931645064976,0.0,0.0,0.0,-198.5186806945456,0.0,0.0,0.0,0.0,0.0,1000.0,0.0,0.0,0.0,0.0,0.0,999.8231406835494,999.8231406835494,0.0,0.0,0.0,0.0,-810.7507003539035,0.0,0.0,1000.0,0.0,0.0,0.0,1000.0,-287.0804030993862,0.0,0.0,0.0,0.0,0.0,0.0,0.0,0.0,0.0,-220.93013474250134,0.0,0.0,0.0,0.0,-1000.0,0.0,0.0,0.0,0.0,0.0,584.2265048218924,0.0,999.867355512662,-999.867355512662,0.0,0.0,0.0,0.0,0.0,0.0,0.0,0.0,332.3426379231411,0.0,0.0,0.0,0.0,0.0,0.0,0.0,0.0,0.0,0.0,0.0,0.0,0.0,0.0,109.68038100218739,0.0,0.0,0.0,0.0,0.0,0.0,0.0,0.0,0.0,0.0,-79.05289152577168,0.0,0.0,0.0,0.0,0.0,0.0,0.0,0.0,0.0,409.24057851194397,0.0,215.25319852952856,0.0,488.7941536349266,-1000.0,1000.0,0.0,0.0,0.0,0.0,0.0,-79.18553601310953,0.0,0.0,0.0,242.55004043948588,0.0,0.0,-449.5752752410207,550.4247247589793,0.0,-1000.0,0.0,-550.4247247589793,510.94055739039743,0.0,358.74803299234986,584.2265048218924,0.0,493.4374928973128,0.0,0.0,0.0,725.7672672590127,0.0,-725.7672672590127,0.0,1000.0,0.0,0.0,0.0,0.0,0.0,0.0,-79.05289152577168,-0.2652889746759746,0.0,0.0,0.0,0.0,0.17685931645064976,0.0,0.0,0.0,322.4484280233326,1000.0,0.0,-179.4485093578658,-739.7106136675382,287.0804030993862,1000.0,0.0,1000.0,0.0,-269.1727640367987,0.0,0.0,0.0,350.1420188035507,-350.1420188035507,-1000.0,-999.867355512662,-6.2711292528744025,0.0,0.0,0.0,0.0,0.0,0.0,0.0,0.0,0.0,0.0,0.0,0.0,0.0,0.0,0.0,0.0,0.0,-1.8365750587459297,0.0,-1000.0,0.0,0.0,712.8820981349859,498.16342494125416,0.0,0.0,-486.33622693566156,0.0,498.16342494125405,0.0,747.5808264675611,0.0,0.0,500.00000000000006,0.0,0.0,-649.8579811964494,-705.3641277755363,55.67750227345597,0.0,-351.09150201831267,-500.00000000000006,-257.92467829315956,1000.0,-4.421482911266244,-64.52046809598846,0.0,0.0,0.0,898.060056435275,-114.95855569292233,268.3109934647235,0.0,0.0,0.0,0.0,0.0,0.0,0.0,0.0,0.0,0.0,-18.03215005947004,0.0,0.0,-190.78616180395377,0.0,0.0,0.0,0.0,0.0,-31.1508209375084,0.0,0.0,0.0,0.0,0.0,0.0,0.0,-357.1492931570817,0.3537186329011663,0.0,0.0,0.0,0.0,0.0,0.0,0.0,0.0,0.0,0.0,0.0,0.0,0.0,0.0,0.0,0.0,0.0,0.0,0.0,0.19454524809576398,0.19454524809576398,0.0,98.56461615302963,0.0,106.11558987038984,0.0,0.0,0.0,1000.0,0.0,0.0,63.47748105701749,0.0,0.0,491.82208813806074,-1000.0,0.0,0.0,747.5808264675611,0.0,0.0,0.0,0.0,0.0,0.0,0.0,0.0,0.0,0.0,191.92053870982173,-322.4484280233326,198.5186806945456,0.0,77.09564842371758,0.0,0.0,0.0,0.0,0.0,491.82208813806074,0.0,0.0,134.67279498097906,0.0,0.0,0.0,0.0,0.0,0.0,0.0,0.0,0.0,0.0,0.0,0.0,0.0,0.0,0.0,0.0,106.11558987038985,0.0,0.0,0.0,0.0,0.0,0.0,0.0,0.0,0.0,0.0,0.0,0.0,1.7685931645064976,0.0,0.0,63.47748105701749,-63.47748105701749,0.0,0.0,0.0,0.0,268.3109934647235,-747.5808264675611,0.0,0.0,0.0,0.0,0.0,0.0,0.0,0.0,0.0,286.12388936723187,0.0,0.0,53.05779493519493,53.05779493519493,-136.08028303973163,-1000.0,0.0,0.0,0.0,0.0,0.0,0.0,0.0,0.0,0.0,343.88720583803956,0.17685931645064976,0.0,0.0,0.0,233.56799298971876,0.0,0.0,0.0,0.0,0.0,0.0,0.0,0.0,0.0,0.0,0.0,0.0,0.0,0.0,0.0,0.0,0.0,0.17685931645064976,0.0,0.0,0.0,0.0,0.0,0.0,0.0,0.0,0.0,-273.4541288006757,1000.0,0.0,0.0,-1000.0,-13.264448733798732,-8.842965822532483,0.0,0.0,500.00000000000006,500.0,-500.00000000000006,0.0,0.0,0.0,0.0,0.0,0.0,0.0,0.0,287.0804030993862,0.0,0.0,-106.11558987038984,0.0,0.0,0.0,-0.17685931645064976,0.0,0.0,0.17685931645064976,0.0,0.17685931645064976,0.0,0.0,0.0,106.11558987038984,215.7683660697927,215.7683660697927,0.0,0.0,0.0,0.0,0.0,0.0,0.0,198.5186806945456,0.0,0.0,0.0,0.0,0.0,365.3696059499517,0.0,0.0,0.0,0.0,0.0,0.0,0.0,0.0,0.0,0.0,0.0,0.0,0.0,0.0,0.0,-530.8994887899987,530.8994887899987,0.2652889746759746,0.0,0.0,0.0,-268.3109934647235,0.0,0.0,0.0,0.0,0.0,-98.56461615302963,8.842965822532488,0.0,0.0,0.0,0.0,810.7507003539035,712.8820981349859,0.0,0.0,0.0,0.0,0.0,0.0,0.0,0.0,0.0,0.0,747.5808264675611,0.0,98.56461615302963,0.0,218.3697694397407,-269.1727640367987,1.8365750587459297,500.00000000000006,498.16342494125405,-1000.0,0.0,-294.95390208290223,0.0,8.84296582253248,249.1410996258874,0.0,0.0,0.0,-158.10578305154337,0.0,0.0,0.0,0.0,0.0,0.0,0.0,0.0,0.0,194.40123727490402,0.0,215.7683660697927,0.0,0.0,0.0,0.0,0.0,0.0,0.0,0.0,0.0,409.24057851194397,0.0,0.0,138.35796235442592,-233.56799298971876,0.0,0.0,53.05779493519493,63.47748105701749,0.0,0.0,0.0,-268.3525048157678,0.0,0.0,0.19454524809576398,0.0,0.0,0.0,107.88418303489635,0.0,0.0,0.0,0.0,109.68038100218739,0.0,0.0,0.0,0.0,0.0,0.0,0.0,0.0,485.4278506685464,0.0,870.4370336045758,0.017685931645064976,0.0,0.0,0.0,0.0,0.0,0.0,0.0,0.0,0.0,0.0,0.0,0.0,0.0,0.0,0.0,98.56461615302963,0.0,0.0,0.0,0.0,0.0,0.0,0.0,584.2265048218924,0.0,0.0,0.0,126.95496211403498,358.88067747968785,1000.0,-640.9866780329742,0.0,0.0,0.0,106.11558987038984,0.0,0.0,0.0,0.0,0.0,893.8844101296102,-1000.0,0.0,126.95496211403498,0.0,0.0,0.0,0.0,0.0,0.0,0.0,0.0,0.0,0.0,649.841664909086,-1000.0,486.5182377186468,-268.3109934647235,0.0,0.0,997.4559876754512,0.0,0.0,0.0,0.0,0.0,0.0,0.0,0.0,0.0,750.0,0.0,-750.0,-750.0,0.0,0.0,0.0,0.0,-22.107414556331214,0.0,-13.264448733798732,352.1051572161529,0.0,0.0,0.0,0.0,0.0,-502.2107414556336,500.00000000000045,31.1508209375084,0.0,0.0,0.0,0.0,0.0,0.0,0.0,1000.0,53.05779493519493,53.05779493519493,0.0,0.0,0.0,0.0,0.0,0.19454524809576398,98.56461615302963,0.0,0.0,-997.4559876754512,870.4193476729308,0.0,0.0,0.0,0.0,0.0,0.0,0.0,0.0,0.0,0.0,0.0,0.0,0.0,0.0,0.0,0.0,0.0,0.0,185.70228227318225,77.09564842371758,0.0,0.0,0.0,0.0,0.0,98.56461615302963,0.0,-318.17935543528597,0.0,0.0,0.0,-22.107414556331214,0.0,0.0,0.0,0.0,0.0,0.0,0.0,0.0,0.0,0.0,0.0,0.0,0.0,0.0,0.0,0.0,0.0,0.0,-0.17685931645064976,0.0,0.0,8.842965822532488,-491.82208813806074,0.0,0.0,0.0,0.0,0.0,0.0,0.0,0.0,-350.1420188035507,4.421482911266244,0.0,0.0,530.8994887899987,0.17685931645064976,0.0,176.85931645064974,-54.82638809970142,35.37186329012995,1.2632808317903554,493.4374928973128,-0.1326444873379873,257.92467829315956,3.5371863290129952,-0.8842965822535689,-493.4374928973128,53.05779493519493,-0.17685931645064976,89.7242546789329,0.0,0.04421482911266244,1.2632808317903554,-269.1727640367987,-91.63348423596159,-3.5371863290129952,-359.01332196702583,-0.17685931645064976,0.04421482911266244,-493.4374928973128,17.685931645064976,0.17685931645064976,0.17685931645064976,-98.19321158848322,-63.28293580892183,-545.722410153126,-0.1326444873379873,53.05779493519493,0.17685931645064976,268.3109934647235,126.82354030420368,-0.08842965822532488,84.06793822672353,-17.862790961515625,-0.1326444873379873,-0.17685931645064976,-54.82638809970142,0.17685931645064976,17.685931645064976,-3.5371863290129952,0.0,0.0,-17.685931645064976,359.01332196702583,0.0,35.37186329012995,0.2652889746759746,-598.4128091273997,17.685931645064976,-191.92053870982173,0.0,-35.37186329012995,0.08842965822532488,1.7685931645064976,44.86212733946645,133.93647944315958,-0.17685931645064976,-138.35796235442592,98.19321158848322,54.82638809970142,0.17685931645064976,91.63348423596159,-427.48437827030796,0.0,-0.17685931645064976,-0.04421482911266244,0.0,-0.1768593164506499,-357.1492931570817,0.17685931645064976,-0.04421482911266244,-0.04421482911266244,-0.04421482911266244,70.7437265802599,-126.82354030420368,1.7685931645064976,131.0306460753728,-0.04421482911266244,0.0,8.842965822532488,187.4176124010733,0.17685931645064976,0.08842965822532488,0.08842965822532495,17.685931645064976,54.82638809970142,0.17685931645064976,-54.82638809970142,1.7685931645064976,0.17685931645064976,-131.0306460753728,0.17685931645064976,0.707437265802976,0.8842965822535689,0.08842965822532488,0.04421482911266244,53.05779493519493,-0.17685931645064976,545.722410153126,1.7685931645064976,-262.0612921507456,253.5031953818933,-17.685931645064976,35.37186329012995,8.842965822532488,-0.17685931645064976,269.1727640367987,0.2652889746759746,-0.17685931645064976,-35.37186329012995,54.82638809970142,732.4094162415868,0.08842965822532488,-374.8352248021466,-0.17685931645064976,-0.17685931645064976,-0.17685931645064976,0.08842965822532488,493.4374928973128,-35.37186329012995,0.17685931645064976,89.7242546789329,-0.04421482911266244,63.28293580892183,-89.7242546789329,26.528897467597456,17.862790961515625,53.542788682662064,493.4374928973128,-0.1326444873379873,138.35796235442592,-133.93647944315958,0.17685931645064976,-0.04421482911266243,756.4237922900936,176.85931645064974,-0.08842965822532488,-0.17685931645064976,0.04421482911266244,0.0,0.0,598.3243794691743,0.0,-1000.0,0.0,410.33531390560876,-1000.0,0.0,904.4995104412282,251.83305080613877,-55.22295203532508,0.0,-452.2497552206141,500.0,-125.91652540306939,0.0,500.0,-98.56461615302963,-464.05691142581895,0.0,55.22295203532508,-464.05691142581895,-410.33531390560876,410.0668802654259,0.0,1496.5981,bhi
6,0.0,0.0,0.0,0.0,0.0,0.0,0.0,0.0,-0.16535472046366037,0.0,0.0,0.0,0.0,0.0,0.0,0.0,65.86027516516347,1000.0,0.0,-695.7185470088108,0.0,0.0,0.0,131.79330403827265,0.0,0.0,0.0,0.0,0.0,602.8072815541941,0.0,0.0,394.2033999603075,0.0,0.0,0.0,0.0,375.2564626887033,0.0,-114.01241061001716,702.8613459828872,0.0,0.0,-1000.0,0.0,0.0,0.0,0.0,530.1567359976218,-521.7987077942323,0.0,198.82429271697936,0.0,0.18189019251018995,0.0,0.0,0.0,33.07094409273207,0.0,0.0,-14.56223904883393,0.0,1000.0,985.4377609511661,0.0,0.0,0.0,0.0,0.0,0.0,0.0,1.653547204636604,0.0,0.0,0.0,0.0,0.0,0.0,0.0,0.0,0.0,0.0,-85.189283526375,0.0,99.21283227819623,0.0,0.0,-319.4830501512559,59.766506463961164,0.0,-0.041338680115915086,0.0,0.0,0.0,49.606416139098116,0.0,297.1386540171128,-5.324421998932729,0.0,0.0,0.0,709.8747654214787,143.71348284412483,0.0,0.0,-308.9309093386467,0.0,0.0,0.0,0.0,0.0,0.0,0.0,0.0,0.0,0.0,0.0,0.0,0.0,0.0,0.0,0.0,0.0,0.0,-411.392852937346,0.0,0.0,297.1386540171128,0.0,51.25996334373472,3.1007985561451576,0.0,-1000.0,1000.0,0.0,0.0,500.00000000000006,0.0,0.0,-500.00000000000006,0.0,0.0,0.0,0.0,0.0,97.92159700207684,0.16535472046366037,0.0,0.0,0.0,-387.7312026495469,0.0,0.0,0.0,85.189283526375,0.0,1000.0,0.0,0.0,0.0,0.0,0.0,999.8346452795363,999.8346452795363,0.0,0.0,0.0,0.0,749.999999999999,0.0,0.0,1000.0,0.0,0.0,0.0,0.0,-762.336238535591,0.0,0.0,0.0,0.0,0.0,0.0,0.0,0.0,0.0,-484.0804475933499,0.0,0.0,0.0,0.0,-1000.0,0.0,0.0,0.0,0.0,0.0,521.7987077942323,-198.82429271697936,-59.766506463961164,59.766506463961164,0.0,0.0,0.0,0.0,0.0,0.0,0.0,459.09379871006934,-981.7008934228404,0.0,0.0,0.0,0.0,0.0,0.0,0.0,0.0,0.0,0.0,0.0,0.0,0.0,0.0,-66.14188818546414,-1000.0,0.0,0.0,0.0,0.0,0.0,0.0,0.0,0.0,0.0,-14.56223904883393,0.0,0.0,0.0,635.7073921740507,0.0,0.0,0.0,0.0,0.0,0.0,0.0,247.53223787801468,0.0,65.61224308446798,185.14525601239035,-47.91711333457468,0.0,1000.0,0.0,0.0,0.0,264.2121113490743,0.0,0.0,0.0,14.68745463135167,0.0,0.0,-1000.0,-307.9184072668854,0.0,-1000.0,307.9184072668854,0.0,0.0,0.0,232.66555339784134,521.7987077942323,0.0,467.5412672059028,0.0,0.0,0.0,-772.2762063419503,0.0,772.2762063419503,0.0,1000.0,0.0,0.0,-13.27847662635029,0.0,0.0,0.0,-14.56223904883393,-0.24803208069549051,0.0,0.0,0.0,0.0,0.16535472046366037,0.0,0.0,0.0,702.8613459828872,65.86027516516347,0.0,-205.9539395590978,-959.8667679225815,762.336238535591,1000.0,0.0,0.0,0.0,-308.9309093386467,0.0,0.0,0.0,572.8913616934384,-572.8913616934384,0.0,-618.2958172139056,-1000.0,0.0,0.0,0.0,0.0,0.0,0.0,0.0,0.0,0.0,0.0,0.0,0.0,0.0,0.0,0.0,0.0,635.7073921740507,0.0,0.0,-1000.0,85.189283526375,624.082118429442,0.0,0.0,494.6984230199548,0.0,-97.92159700207684,0.0,0.0,0.0,0.0,701.6070293982957,0.0,-500.0000000000002,288.546910061693,0.0,572.8913616934384,292.16798038080935,-1000.0,0.0,-809.7785342296784,500.0000000000002,-647.6181607840239,0.0,-4.133868011591509,991.732263976817,0.0,0.0,0.0,0.0,351.6132304086901,297.1386540171128,0.0,0.0,0.0,678.3469865969328,0.0,0.0,0.0,0.0,0.0,0.0,-415.04430399825344,0.0,0.0,-0.33070944092732074,0.0,0.0,459.09379871006934,0.0,0.0,-29.12447809766786,0.0,0.0,0.0,0.0,0.0,0.0,0.0,-751.0117448521239,0.33070944092732096,0.0,0.0,0.0,0.0,0.0,0.0,0.0,0.0,0.0,0.0,0.0,0.0,0.0,0.0,0.0,0.0,0.0,0.0,0.0,0.18189019251018995,0.18189019251018995,0.0,184.50819999607097,0.0,99.21283227819623,0.0,0.0,0.0,1000.0,0.0,0.0,0.0,0.0,0.0,183.15938219157135,-1000.0,0.0,0.0,0.0,0.0,0.0,0.0,0.0,0.0,0.0,0.0,0.0,0.0,0.0,137.13095097911534,-702.8613459828872,387.7312026495469,0.0,12.732313475701847,0.0,-500.0,500.0,500.00000000000006,0.0,183.15938219157135,0.0,-670.7612310566348,102.90886839608208,0.0,0.0,0.0,0.0,0.0,0.0,0.0,0.0,0.0,0.0,0.0,0.0,0.0,0.0,0.0,0.0,99.21283227819623,0.0,0.0,0.0,0.0,0.0,0.0,0.0,0.0,0.0,0.0,0.0,0.0,1.653547204636604,0.0,0.0,0.0,0.0,0.0,-198.82429271697936,0.0,0.0,297.1386540171128,0.0,0.0,0.0,0.0,0.0,0.0,0.0,0.0,0.0,0.0,1000.0,0.0,0.0,49.606416139098116,49.606416139098116,1000.0,-1000.0,0.0,0.0,0.0,0.0,0.0,0.0,0.0,949.915611541393,459.09379871006934,1000.0,0.16535472046366037,0.0,0.0,0.0,205.97133625060627,527.3533261351379,0.0,0.0,0.0,0.0,0.0,0.0,0.0,0.0,0.0,0.0,0.0,0.0,0.0,0.0,0.0,0.0,0.16535472046366037,0.0,0.0,0.0,0.0,0.0,0.0,0.0,0.0,624.082118429442,0.0,0.0,0.0,-97.92159700207684,-1000.0,-12.40160403477455,-8.267736023183025,0.0,0.0,250.0,250.0,-250.00000000000003,0.0,0.0,0.0,0.0,0.0,0.0,0.0,0.0,762.336238535591,0.0,0.0,359.8809664318731,0.0,0.0,0.0,-0.16535472046366037,0.0,0.0,0.16535472046366037,0.0,0.16535472046366037,0.0,0.0,0.0,99.21283227819623,201.73275896566568,201.73275896566568,0.0,0.0,0.0,0.0,0.0,0.0,0.0,387.7312026495469,0.0,459.09379871006934,0.0,0.0,587.1284031253597,0.0,0.0,0.0,0.0,0.0,0.0,0.0,0.0,0.0,0.0,0.0,0.0,0.0,0.0,0.0,0.0,-719.8087360951431,719.8087360951431,0.24803208069549051,0.0,0.0,0.0,-297.1386540171128,0.0,0.0,0.0,0.0,0.0,-184.50819999607097,8.267736023183017,0.0,0.0,0.0,0.0,-749.999999999999,97.92159700207684,0.0,0.0,0.0,0.0,0.0,0.0,0.0,0.0,0.0,0.0,0.0,0.0,184.50819999607097,0.0,38.96844663511717,218.42241679649118,0.0,0.0,97.92159700207684,-97.92159700207684,85.189283526375,62.47935238340861,0.0,8.267736023183025,986.8381385077005,0.0,0.0,0.0,-29.12447809766786,0.0,0.0,0.0,0.0,0.0,0.0,0.0,0.0,0.0,680.9902516241954,-221.7130121003945,201.73275896566568,0.0,0.0,0.0,0.0,0.0,0.0,0.0,0.0,0.0,0.0,0.0,0.0,0.0,-205.97133625060627,-121.2326781412371,0.0,49.606416139098116,0.0,0.0,0.0,0.0,15.209760995011777,0.0,0.0,0.18189019251018995,0.0,0.0,0.0,100.86637948283284,0.0,0.0,0.0,0.0,-66.14188818546414,0.0,0.0,0.0,0.0,0.0,0.0,0.0,0.0,0.0,0.0,366.3390251779167,0.01653547204636651,0.0,0.0,0.0,0.0,0.0,0.0,0.0,0.0,0.0,0.0,0.0,0.0,0.0,0.0,0.0,184.50819999607097,0.0,0.0,0.0,0.0,0.0,0.0,0.0,521.7987077942323,0.0,0.0,0.0,0.0,0.0,0.0,1000.0,0.0,0.0,0.0,99.21283227819623,0.0,0.0,0.0,0.0,0.0,0.0,-99.21283227819623,0.0,0.0,0.0,0.0,0.0,0.0,0.0,0.0,0.0,0.0,0.0,0.0,-1000.0,475.3332771716123,700.3963866429671,-297.1386540171128,0.0,0.0,999.3385811181453,0.0,0.0,0.0,0.0,0.0,0.0,0.0,0.0,0.0,0.0,0.0,0.0,0.0,0.0,0.0,0.0,0.0,-20.669340057957577,0.0,-714.0086334330703,796.4398111909798,0.0,0.0,0.0,0.0,0.0,500.00000000000006,-502.06693400579576,114.31376162404308,0.0,0.0,0.0,0.0,0.0,0.0,0.0,1000.0,49.606416139098116,49.606416139098116,0.0,0.0,0.0,0.0,0.0,0.18189019251018995,184.50819999607097,0.0,0.0,-999.3385811181453,366.32248970587034,0.0,0.0,0.0,0.0,0.0,0.0,0.0,0.0,0.0,0.0,0.0,0.0,0.0,359.90436804757155,0.0,0.0,3.1007985561451576,0.0,173.62245648684342,12.732313475701847,0.0,0.0,0.0,0.0,0.0,184.50819999607097,0.0,-111.51375502419259,0.0,0.0,0.0,-20.669340057957577,0.0,0.0,0.0,0.0,0.0,0.0,0.0,0.0,0.0,0.0,0.0,0.0,0.0,0.0,0.0,0.0,0.0,0.0,-0.16535472046366037,0.0,0.0,8.267736023183017,-183.15938219157135,0.0,0.0,0.0,0.0,0.0,0.0,0.0,0.0,-572.8913616934384,4.133868011591509,0.0,0.0,0.0,0.16535472046366037,0.0,165.35472046366036,-48.15916478758956,33.07094409273207,1.1811051461690025,467.5412672059028,-0.12401604034774526,359.0712507223309,3.307094409273207,-0.8267736023183894,-467.5412672059028,49.60641613909811,-0.16535472046366034,102.9769697795489,0.0,0.041338680115915086,1.1811051461690025,-308.9309093386467,-26.324471497817598,-3.307094409273207,-370.14172815635266,-0.16535472046366034,0.041338680115915086,-467.5412672059028,16.535472046366035,0.16535472046366034,0.16535472046366037,-184.16095508309712,0.1818901925100314,0.0,-0.12401604034774526,49.606416139098116,0.16535472046366034,297.1386540171128,164.8548776461845,-0.08267736023183017,-382.1381813227066,-16.700826766829696,-0.12401604034774526,-0.16535472046366034,-48.15916478758956,0.16535472046366037,16.535472046366035,-3.307094409273207,0.0,0.0,-16.535472046366035,370.14172815635266,0.0,33.07094409273207,0.24803208069549051,-1000.0,16.535472046366035,-137.13095097911534,0.0,-33.07094409273207,0.08267736023183017,1.653547204636604,51.48848488977445,217.57914408880305,-0.16535472046366037,-221.7130121003945,184.16095508309712,51.25996334373472,0.16535472046366034,26.324471497817598,-445.95790243440683,0.0,-0.16535472046366037,-0.041338680115915086,0.0,-0.16535472046366034,-751.0117448521239,0.16535472046366034,-0.041338680115915086,-0.041338680115915086,-0.041338680115915086,66.14188818546414,-164.8548776461845,1.653547204636604,122.50717852350499,-0.041338680115915086,0.0,8.267736023183017,383.773608449245,0.16535472046366037,0.08267736023183017,0.08267736023183017,16.535472046366035,48.15916478758956,0.16535472046366037,-48.15916478758956,1.653547204636604,0.16535472046366034,-122.50717852350499,0.16535472046366034,0.6614188818546787,0.8267736023183894,0.08267736023183017,0.041338680115915086,49.606416139098116,-0.16535472046366034,0.0,1.6535472046366035,-245.01435704700998,354.93738271073937,-16.535472046366035,33.07094409273207,8.267736023183017,-0.16535472046366034,308.9309093386467,0.24803208069549051,-0.16535472046366034,-33.07094409273207,48.15916478758956,319.3539941409371,0.08267736023183017,-767.54721689849,-0.16535472046366034,-0.16535472046366034,-0.16535472046366034,0.08267736023183017,467.5412672059028,-33.07094409273207,0.16535472046366037,102.9769697795489,-0.041338680115915086,-0.1818901925100314,-102.9769697795489,24.803208069549054,16.700826766829696,-126.72475427919426,467.5412672059028,-0.12401604034774526,221.7130121003945,-217.57914408880305,0.16535472046366034,-0.041338680115915086,8.267736023183025,165.35472046366036,-0.08267736023183017,-0.16535472046366034,0.041338680115915086,432.06699235356155,0.0,999.9173226397681,0.0,-1000.0,0.0,1000.0,-179.43532248606337,0.0,550.5546117462494,-514.7960434879026,315.69181192169765,0.0,-275.2773058731247,500.0,257.3980217439513,0.0,89.71766124303169,-184.50819999607097,-334.5637551359489,0.0,-315.69181192169765,-334.5637551359489,-1000.0,714.7112151940204,0.0,1496.5981,bhi
7,0.0,0.0,0.0,0.0,0.0,0.0,0.0,0.0,298.62130591736945,0.0,0.0,0.0,0.0,0.0,0.0,0.0,-1000.0,1000.0,0.0,428.4568314179987,0.0,0.0,0.0,394.7401676422725,0.0,0.0,0.0,0.0,0.0,590.1357726117114,366.6936341230298,-366.6936341230298,579.4295308182002,0.0,0.0,0.0,0.0,107.2252134902003,0.0,-1000.0,516.9387295582948,0.0,0.0,-590.1357726117114,0.0,0.0,0.17136655368262763,0.0,1000.0,0.0,0.0,0.0,0.0,0.09425160452537773,0.0,0.0,0.0,17.136655368262762,0.0,0.0,-129.77705195483543,0.0,0.0,-129.77705195483543,0.0,0.0,0.0,0.0,1000.0,-485.0874051907065,0.0,0.8568327684131383,0.0,0.0,0.0,0.0,0.0,0.0,0.0,0.0,0.0,0.0,0.0,0.0,51.409966104788296,0.0,0.0,-659.7415250756289,-40.85699602127952,422.0038682812454,-0.021420819210328453,0.0,0.0,440.0867606890887,25.704983052394148,0.0,37.650372292862286,0.0,0.0,0.0,0.0,217.5075088194549,590.1357726117114,0.0,0.0,-418.67686876360676,0.0,0.0,0.0,0.0,0.0,0.0,0.0,0.0,0.0,0.0,0.0,0.0,0.0,0.0,0.0,0.0,0.0,0.0,-69.7794781272678,0.0,0.0,37.650372292862286,0.0,26.561815820807286,6.815172795252366,0.0,0.0,0.0,0.0,0.0,0.0,500.00000000000006,-500.00000000000006,0.0,0.0,0.0,0.0,0.0,0.0,6.59761231678116,0.08568327684131381,0.0,0.0,0.0,-397.2581897864253,0.0,0.0,0.0,0.0,0.0,868.3546115292676,0.0,0.0,0.0,0.0,0.0,633.2206826001288,633.2206826001288,0.0,0.0,0.0,0.0,1000.0,0.0,0.0,1000.0,0.0,0.0,0.0,69.00566952189047,0.0,0.0,0.0,0.0,0.0,0.0,0.0,0.0,0.0,0.0,0.0,0.0,0.0,0.0,0.0,-823.9264563436675,0.0,0.0,0.0,0.0,0.0,0.0,0.0,-381.1468722599657,381.1468722599657,0.0,0.0,0.0,0.0,0.0,0.0,0.0,0.0,-639.8673926530028,0.0,0.0,0.0,0.0,0.0,0.0,0.0,0.0,0.0,0.0,0.0,0.0,0.0,786.1666563211925,108.43243503255002,-590.1357726117114,0.0,0.0,0.0,0.0,0.0,0.0,0.0,0.0,0.0,-129.77705195483543,0.0,366.6936341230298,0.0,0.0,0.0,0.0,0.0,0.0,0.0,696.5741735786812,0.0,11.945389240468138,0.0,-1000.0,-659.7101237613138,-40.88839733559462,0.0,590.1357726117114,0.0,0.0,0.0,-770.1734960031164,0.0,0.0,0.0,-69.75105193816233,0.0,0.0,-491.904423846868,0.0,0.0,-491.904423846868,0.0,0.0,-422.0038682812454,0.0,707.051484233662,0.0,0.0,252.6866879777703,0.0,0.0,0.0,-974.2035421057561,0.0,974.2035421057561,0.0,1000.0,0.0,0.0,-498.6310221056982,0.0,0.0,0.0,-129.77705195483543,-0.1285249152619707,0.0,0.0,0.0,0.0,0.08568327684131381,0.0,0.0,0.0,89.70191047212401,-1000.0,0.0,-279.1179125090712,466.397882096207,0.0,554.589101851157,0.0,0.0,0.0,-418.67686876360676,0.0,0.0,0.0,-7.377330136037052,-631.0006133064481,638.3779434424852,-1000.0,-1000.0,0.0,0.0,0.0,0.0,0.0,0.0,0.0,0.0,0.0,0.0,0.0,0.0,0.0,0.0,0.0,0.0,0.0,-892.4320534024338,0.0,-1000.0,0.0,0.0,327.12153794136043,730.8401635904047,0.0,0.0,-336.47815177243257,0.0,0.0,0.0,246.24952429068577,213.22334497738922,-1000.0,0.0,523.6840818740374,0.0,631.0006133064481,587.3109891058604,0.0,0.0,-1000.0,0.0,-1000.0,0.0,-2.1420819210328452,-4.2841638420656905,-83.79283240578911,0.0,459.21846486243953,901.8574205462993,0.0,37.650372292862286,-500.00000000000006,500.00000000000006,0.0,399.18576237228035,0.0,298.7069891942108,0.0,-786.1666563211925,786.1666563211925,786.1666563211925,-887.2227962108504,0.0,0.0,0.0,0.0,0.0,0.0,0.0,0.0,-259.55410390967086,0.0,0.0,0.0,0.0,0.0,0.0,0.0,-326.4761270467376,0.17136655368260875,0.0,0.0,0.0,0.0,0.0,0.0,0.0,0.0,0.0,514.9125948092935,0.0,0.0,0.0,0.0,0.0,0.0,0.0,0.0,0.0,0.09425160452537773,0.09425160452537773,366.6936341230298,0.0,0.0,51.409966104788296,0.0,0.0,0.0,12.671508942485556,0.0,0.0,0.0,0.0,0.0,534.5877316901573,-12.671508942485556,0.0,0.0,0.0,0.0,0.0,0.0,0.0,0.0,0.0,0.0,0.0,0.0,0.0,23.2598260424226,-89.70191047212401,397.2581897864253,0.0,6.59761231678116,0.0,1000.0,-559.9132393109113,-559.9132393109113,0.0,534.5877316901573,0.0,579.478235216792,-371.3666305733723,0.0,0.0,786.1666563211925,0.0,0.0,0.0,0.0,0.0,0.0,0.0,0.0,0.0,0.0,0.0,0.0,0.0,51.409966104788296,0.0,0.0,0.0,0.0,0.0,0.0,0.0,0.0,0.0,0.0,0.0,0.0,0.8568327684131383,0.0,366.6936341230298,0.0,0.0,366.6936341230298,0.0,0.0,0.0,37.650372292862286,0.0,0.0,0.0,0.0,0.0,0.0,0.0,0.0,0.0,0.0,0.0,-366.6936341230298,0.0,25.704983052394148,25.704983052394148,1000.0,-12.671508942485556,0.0,0.0,0.0,0.0,0.0,0.0,0.0,-70.82209289867876,0.0,0.0,0.08568327684131381,0.0,0.0,85.89631635606567,0.0,0.0,0.0,-440.0867606890887,0.0,0.0,0.0,0.0,0.0,0.0,0.0,0.0,0.0,0.0,0.0,0.0,0.0,0.0,0.08568327684131381,0.0,0.0,0.0,-499.9999999999999,499.9999999999999,0.0,0.0,0.0,0.0,-9.356613831072139,0.0,0.0,0.0,-107.56794659756622,-6.426245763098537,0.0,-4.284163842065694,0.0,0.0,0.0,0.0,0.0,0.0,0.0,0.0,0.0,0.0,0.0,0.0,0.0,0.0,0.0,463.50262870450524,0.0,0.0,0.0,298.62130591736945,0.0,0.0,0.08568327684131381,0.0,0.08568327684131381,0.0,0.0,0.0,51.409966104788296,104.53359774640286,104.53359774640286,0.0,0.0,0.0,0.0,0.0,0.0,0.0,397.2581897864253,0.0,0.0,0.0,0.0,0.0,0.0,0.0,0.0,0.0,0.0,0.0,0.0,0.0,0.0,0.0,0.0,0.0,0.0,0.0,0.0,0.0,0.0,0.0,0.1285249152619707,0.0,0.0,0.0,-37.650372292862286,0.0,0.0,0.0,0.0,0.0,0.0,4.2841638420656905,0.0,0.0,0.0,0.0,-1000.0,327.12153794136043,-4.284163842065694,0.0,0.0,0.0,0.0,0.0,0.0,0.0,0.0,0.0,0.0,0.0,-786.1666563211925,0.0,370.8430169521615,-418.67686876360676,0.0,0.0,0.0,0.0,0.0,-874.7070937495192,0.0,4.2841638420656905,952.0600198322558,0.0,0.0,-366.6936341230298,-259.55410390967086,0.0,0.0,0.0,0.0,0.0,0.0,0.0,0.0,0.0,-6.426245763098546,-6.426245763098564,104.53359774640286,0.0,0.0,0.0,366.6936341230298,0.0,0.0,0.0,0.0,0.0,696.5741735786812,0.0,0.0,12.852491526197083,-600.8089111653592,55.404964799218305,0.0,25.704983052394148,0.0,0.0,0.0,0.0,-172.10237327425313,0.0,0.0,0.09425160452537773,0.0,0.0,0.0,52.26679887320143,0.0,0.0,0.0,0.0,108.43243503255002,0.0,0.0,0.0,0.0,0.0,0.0,0.0,0.0,0.0,0.0,0.00856832768413138,0.00856832768413138,0.0,0.0,0.0,0.0,0.0,0.0,0.0,0.0,0.0,85.89631635606567,366.6936341230298,0.0,0.0,0.0,0.0,0.0,0.0,0.0,0.0,0.0,0.0,0.0,0.0,0.0,0.0,0.0,0.0,0.0,135.50831565166084,0.0,1000.0,0.0,0.0,0.0,51.409966104788296,0.0,0.0,0.0,0.0,0.0,0.0,-51.409966104788296,0.0,0.0,0.0,0.0,0.0,0.0,0.0,0.0,0.0,366.6936341230298,366.6936341230298,0.0,0.0,-480.6863202869673,58.69304463629997,0.0,-37.650372292862286,0.0,107.2252134902003,0.0,0.0,0.0,0.0,0.0,0.0,0.0,0.0,0.0,0.0,0.0,0.0,0.0,0.0,0.0,0.0,0.0,-10.71040960516423,0.0,-219.64959074048775,0.0,0.0,0.0,0.0,0.0,0.0,0.0,-1.0710409605164228,259.55410390967086,0.0,0.0,0.0,0.0,0.0,0.0,0.0,1000.0,25.704983052394148,25.704983052394148,0.0,0.0,0.0,0.0,0.0,0.09425160452537773,0.0,0.0,0.0,-107.2252134902003,0.0,0.0,0.0,0.0,0.0,0.0,0.0,0.0,0.0,0.0,0.0,0.0,0.0,0.0,0.0,0.0,0.0,6.815172795252366,0.0,89.96744068337952,6.59761231678116,0.0,0.0,0.0,0.0,0.0,0.0,0.0,0.0,0.0,0.0,0.0,-10.71040960516423,0.0,0.0,0.0,0.0,0.0,0.0,0.0,0.0,0.0,0.0,0.0,0.0,0.0,0.0,0.0,0.0,0.0,0.0,-0.08568327684131381,0.0,0.0,4.2841638420656905,-534.5877316901573,0.0,0.0,0.0,0.0,0.0,0.0,0.0,0.0,7.377330136037052,2.1420819210328452,0.0,0.0,0.0,0.08568327684131381,0.0,85.68327684131381,-19.74664302555493,17.136655368262762,0.6120234060093843,252.6866879777703,-0.06426245763098536,476.31591812596264,1.7136655368262763,-0.4284163842072246,-252.6866879777703,25.704983052394144,-0.08568327684131381,139.5589562545356,0.0,0.021420819210328453,0.6120234060093843,-418.67686876360676,-13.640777673137833,364.97996858620354,-428.4568314179987,-0.08568327684131381,0.021420819210328453,-252.6866879777703,8.568327684131381,0.08568327684131381,0.08568327684131381,0.17993488136669156,0.09425160452544519,-68.55192033772431,-0.06426245763098536,25.704983052394148,0.08568327684131381,37.650372292862286,-30.89624918018877,-0.042841638420656906,37.5510463356703,-8.654010960972695,-0.06426245763098536,-0.08568327684131381,-19.74664302555493,0.08568327684131381,8.568327684131381,-1.7136655368262763,0.0,0.0,-8.568327684131381,428.4568314179987,0.0,17.136655368262762,0.1285249152619707,-1000.0,8.568327684131381,-23.2598260424226,0.0,-17.136655368262762,0.042841638420656906,0.8568327684131383,69.7794781272678,-769.0300009529298,-0.08568327684131381,-19.27873728929565,-0.17993488136669156,26.561815820807286,0.08568327684131381,13.640777673137833,-114.76532145004465,0.0,-0.08568327684131381,-0.021420819210328453,0.0,-0.08568327684131381,-326.4761270467376,0.08568327684131381,-0.021420819210328453,-0.021420819210328453,-0.021420819210328453,34.273310736525524,30.89624918018877,0.8568327684131383,274.41826941279885,-0.021420819210328453,0.0,4.2841638420656905,167.52222736543447,0.08568327684131381,0.042841638420656906,0.042841638420656906,8.568327684131381,19.74664302555493,0.08568327684131381,-19.74664302555493,0.8568327684131383,0.08568327684131381,-696.2936127787823,0.08568327684131381,0.3427331073659161,0.4284163842072246,0.042841638420656906,0.021420819210328453,25.704983052394148,-0.08568327684131381,68.55192033772431,-182.48998429310177,-548.8365388255977,474.1738362049298,-8.568327684131381,17.136655368262762,4.2841638420656905,-0.08568327684131381,418.67686876360676,0.1285249152619707,-0.08568327684131381,-17.136655368262762,19.74664302555493,421.3826003175172,0.042841638420656906,-335.04445473086895,-0.08568327684131381,-0.08568327684131381,-0.085683276841314,0.042841638420656906,252.6866879777703,-17.136655368262762,0.08568327684131381,139.5589562545356,-0.021420819210328453,-0.09425160452544519,-139.5589562545356,12.852491526197072,8.654010960972695,107.24560868452036,252.6866879777703,-0.06426245763098536,19.27873728929565,769.0300009529298,0.08568327684131381,-0.02142081921032845,250.53368813275148,85.68327684131381,-0.042841638420656906,-0.08568327684131381,0.021420819210328453,1000.0,0.0,999.9571583615793,421.87534336598344,-1000.0,0.0,-15.353463004089264,-1000.0,0.0,-1000.0,889.577247233914,9.278517466001006,0.0,500.0,500.0,-444.788623616957,0.0,500.0,0.0,-249.28022704326406,0.0,-9.278517466001006,-249.28022704326406,15.353463004089264,45.42176538091201,0.0,1496.5981,bhi
8,0.0,0.0,0.0,0.0,0.0,0.0,0.0,0.0,187.18145097565923,0.0,0.0,0.0,0.0,0.0,0.0,0.0,-240.8880101876278,-243.87093674296813,0.0,703.7587484721627,0.0,0.0,0.0,0.0,0.0,0.0,0.0,0.0,0.0,0.0,473.4277586061939,-473.4277586061939,970.4154706384462,0.0,0.0,0.0,0.0,597.8591462977059,0.0,-348.7072694953158,985.548065860434,0.0,-240.8880101876278,0.0,0.0,0.0,0.0,0.0,0.0,0.0,0.0,0.0,0.0,0.05299042517854176,0.0,0.0,0.0,0.0,0.0,0.0,-162.05169842392345,0.0,0.0,-162.05169842392345,491.75311391468534,0.0,0.0,0.0,0.0,0.0,0.0,0.48173113798553224,0.0,0.0,0.0,0.0,0.0,0.0,0.0,0.0,0.0,0.0,0.0,0.0,28.903868279131935,0.0,0.0,0.0,0.0,553.4403773977848,-0.012043278449638307,0.0,0.0,500.00000000000006,14.451934139565967,0.0,14.451934139565967,0.0,0.0,0.0,0.0,2.408655689927661,-128.4869521128651,0.0,0.0,-28.519903546605548,0.0,0.0,0.0,0.0,0.0,0.0,0.0,0.0,0.0,0.0,0.0,0.0,0.0,0.0,0.0,0.0,0.0,0.0,-87.73427233602021,0.0,0.0,14.451934139565967,0.0,14.9336652775515,0.0,0.0,-47.95552675740612,47.95552675740612,0.0,0.0,-375.8092442988516,0.0,0.0,375.8092442988516,0.0,0.0,0.0,0.0,0.0,3.7093297624885957,0.04817311379855323,0.0,0.0,0.0,500.00000000000006,-509.6346227597107,0.0,0.0,0.0,0.0,694.5706873946141,0.0,0.0,0.0,0.0,0.0,110.61624378608407,110.61624378608407,0.0,0.0,0.0,0.0,1000.0,0.0,0.0,584.0921755060765,0.0,0.0,0.0,391.9598463433023,0.0,0.0,0.0,0.0,0.0,0.0,0.0,0.0,0.0,0.0,0.0,0.0,0.0,0.0,0.0,-1000.0,0.0,0.0,0.0,0.0,0.0,0.0,240.8880101876278,-459.88781172919454,459.88781172919454,0.0,0.0,0.0,0.0,0.0,0.0,0.0,128.4869521128651,-1000.0,0.0,0.0,0.0,0.0,0.0,0.0,0.0,0.0,0.0,0.0,0.0,0.0,0.0,620.963663946609,-62.53777955548819,0.0,0.0,0.0,0.0,0.0,0.0,0.0,0.0,0.0,0.0,-162.05169842392345,0.0,473.4277586061939,0.0,0.0,0.0,0.0,0.0,0.0,0.0,474.97893287050636,9.634622759710645,0.0,0.0,312.4801075394592,531.479909081026,-218.99980154156674,0.0,0.0,0.0,0.0,0.0,58.77119883423494,0.0,0.0,0.0,-148.00314947646223,0.0,0.0,-734.250999344213,-749.9999999999369,0.0,15.749000655723933,0.0,749.9999999999369,-459.88781172919454,0.0,0.0,0.0,0.0,134.4029874979635,0.0,0.0,0.0,-267.6125698321695,0.0,267.6125698321695,0.0,583.9958292784795,0.0,0.0,-528.5199035466055,0.0,0.0,0.0,-162.05169842392345,-0.07225967069782983,0.0,0.0,0.0,0.0,0.04817311379855323,0.0,0.0,0.0,510.56913298992765,-240.8880101876278,0.0,-19.013269031070365,356.1279237880827,0.0,1000.0,0.0,0.0,0.0,-28.519903546605548,0.0,0.0,0.0,-4.147705098055565,0.0,4.147705098055565,-227.1942657982225,-1000.0,0.0,0.0,0.0,0.0,0.0,0.0,0.0,0.0,0.0,0.0,0.0,0.0,0.0,0.0,0.0,0.0,0.0,-401.94816124710013,0.0,-1000.0,0.0,0.0,0.0,0.0,0.0,0.0,443.2261073987594,0.0,0.0,0.0,0.0,0.0,0.0,0.0,-2.408655689927661,0.0,0.0,-345.4305071849903,0.0,0.0,-69.01280282780748,0.0,0.0,0.0,-1.2043278449638306,-2.408655689927661,0.0,0.0,3.6129835348914905,330.51648816359443,93.56144460891403,14.451934139565967,0.0,0.0,0.0,155.3272290867819,0.0,187.2296240894578,250.00000000000003,-370.963663946609,370.963663946609,370.963663946609,365.81071966159186,0.0,0.0,0.0,0.0,0.0,128.4869521128651,0.0,0.0,-324.1033968478469,0.0,-500.00000000000006,0.0,0.0,0.0,0.0,0.0,-86.6243364547648,0.09634622759716649,0.0,0.0,0.0,0.0,0.0,0.0,0.0,0.0,0.0,0.0,0.0,0.0,0.0,0.0,0.0,0.0,0.0,0.0,0.0,0.05299042517854176,0.05299042517854176,473.4277586061939,0.0,0.0,28.903868279131935,0.0,0.0,0.0,1000.0,0.0,257.9912781175397,0.0,0.0,0.0,916.7705680005957,-1000.0,0.0,0.0,0.0,0.0,0.0,0.0,0.0,0.0,0.0,0.0,0.0,0.0,0.0,29.24475744534007,-510.56913298992765,9.634622759710645,0.0,3.7093297624885957,0.0,500.00000000000006,0.0,0.0,0.0,916.7705680005957,0.0,0.0,830.1462315458309,0.0,0.0,620.963663946609,0.0,0.0,0.0,0.0,0.0,0.0,0.0,0.0,0.0,0.0,0.0,0.0,0.0,28.903868279131935,0.0,0.0,0.0,0.0,0.0,0.0,0.0,0.0,0.0,0.0,0.0,0.0,0.48173113798553224,0.0,473.4277586061939,0.0,0.0,473.4277586061939,240.8880101876278,0.0,0.0,14.451934139565967,0.0,0.0,0.0,0.0,0.0,0.0,0.0,0.0,0.0,0.0,550.4565675700804,-683.3468170615149,0.0,14.451934139565967,14.451934139565967,-6.021639224819155,-1000.0,0.0,0.0,0.0,0.0,0.0,0.0,0.0,-644.3187820889125,128.4869521128651,-624.2004208028334,0.04817311379855323,0.0,0.0,63.61947864438933,0.0,0.0,0.0,-500.00000000000006,0.0,0.0,0.0,0.0,0.0,0.0,0.0,0.0,0.0,0.0,0.0,0.0,0.0,0.0,0.04817311379855323,0.0,0.0,0.0,462.14872237890995,-462.14872237890995,0.0,0.0,0.0,0.0,0.0,443.2261073987594,0.0,0.0,-598.0518387528998,-3.612983534891492,-2.408655689927663,0.0,0.0,-250.0,-250.00000000000003,250.0,0.0,0.0,0.0,0.0,0.0,0.0,0.0,0.0,0.0,0.0,0.0,99.58308383373318,0.0,0.0,0.0,187.18145097565923,0.0,0.0,0.04817311379855323,0.0,0.04817311379855323,0.0,0.0,0.0,28.903868279131935,58.77119883423494,58.77119883423494,0.0,0.0,0.0,0.0,0.0,0.0,0.0,9.634622759710645,0.0,128.4869521128651,0.0,0.0,0.0,0.0,0.0,0.0,0.0,0.0,0.0,0.0,0.0,0.0,0.0,0.0,0.0,0.0,0.0,0.0,0.0,-165.96191015650524,165.96191015650524,0.07225967069782983,0.0,0.0,0.0,-14.451934139565967,0.0,0.0,0.0,0.0,0.0,0.0,2.408655689927661,0.0,0.0,0.0,0.0,-1000.0,0.0,0.0,0.0,-500.00000000000006,0.0,0.0,0.0,0.0,0.0,0.0,0.0,0.0,-500.0000000000002,-620.963663946609,0.0,-1000.0,-28.519903546605548,0.0,443.2261073987594,0.0,-443.2261073987594,0.0,0.0,0.0,2.408655689927663,1000.0,0.0,0.0,-473.4277586061939,-324.1033968478469,0.0,0.0,500.00000000000006,-500.00000000000006,0.0,-448.48661142556045,0.0,0.0,0.0,-7.225967069783008,0.0,58.77119883423494,0.0,0.0,0.0,473.4277586061939,0.0,0.0,0.0,0.0,0.0,474.97893287050636,0.0,0.0,10.8389506046745,-63.61947864438933,1000.0,-240.8880101876278,14.451934139565967,0.0,0.0,0.0,0.0,-310.70669483315487,0.0,0.0,0.05299042517854176,0.0,0.0,0.0,29.38559941711747,0.0,0.0,0.0,0.0,-62.53777955548819,0.0,0.0,0.0,0.0,0.0,0.0,0.0,0.0,-792.5819823573537,0.0,0.004817311379855323,0.004817311379855323,0.0,0.0,0.0,0.0,0.0,0.0,0.0,0.0,0.0,63.61947864438933,473.4277586061939,0.0,0.0,0.0,0.0,0.0,0.0,0.0,0.0,0.0,0.0,0.0,0.0,0.0,0.0,0.0,0.0,0.0,462.87073828453487,0.0,-243.87093674296813,0.0,0.0,0.0,28.903868279131935,0.0,0.0,0.0,0.0,0.0,0.0,-28.903868279131935,0.0,0.0,0.0,0.0,0.0,0.0,0.0,0.0,0.0,473.4277586061939,473.4277586061939,0.0,624.2004208028334,-1000.0,32.99858295200896,0.0,-14.451934139565967,0.0,597.8591462977059,0.0,0.0,0.0,0.0,0.0,0.0,0.0,0.0,0.0,0.0,0.0,0.0,0.0,0.0,0.0,0.0,0.0,-6.021639224819155,0.0,-3.612983534891492,-3.6129835348914905,0.0,0.0,0.0,0.0,0.0,0.0,-0.6021639224819153,324.1033968478469,0.0,0.0,0.0,0.0,0.0,0.0,0.0,1000.0,14.451934139565967,14.451934139565967,0.0,0.0,0.0,0.0,0.0,0.05299042517854176,0.0,0.0,0.0,-597.8591462977059,0.0,0.0,0.0,0.0,0.0,0.0,0.0,0.0,0.0,0.0,0.0,0.0,0.0,0.0,82.98095507825262,0.0,0.0,0.0,0.0,50.58176948848089,0.0,0.0,3.7093297624885957,0.0,0.0,0.0,0.0,0.0,-2.408655689927663,0.0,0.0,0.0,-6.021639224819155,0.0,0.0,0.0,0.0,0.0,0.0,0.0,0.0,0.0,0.0,0.0,0.0,0.0,0.0,0.0,0.0,0.0,0.0,-0.04817311379855323,0.0,0.0,2.408655689927661,-916.7705680005957,0.0,0.0,0.0,0.0,0.0,0.0,0.0,0.0,4.147705098055565,1.2043278449638306,0.0,0.0,0.0,0.04817311379855323,0.0,48.17311379855322,-14.9336652775515,9.634622759710645,0.3440936699896659,134.4029874979635,-0.03612983534891492,2.408655689927661,0.9634622759710645,-0.2408655689923762,-134.4029874979635,14.451934139565967,-0.04817311379855323,9.506634515535183,0.0,0.012043278449638307,0.3440936699896659,-28.519903546605548,-7.669159716728757,472.46429633022285,-218.99980154156674,-0.04817311379855323,0.012043278449638307,-134.4029874979635,4.817311379855322,0.04817311379855323,0.04817311379855323,0.10116353897709499,0.05299042517840855,-1000.0,-0.03612983534891492,14.451934139565967,0.04817311379855323,14.451934139565967,-24.086556899276612,-0.024086556899276614,362.46911969859696,-4.8654844936538755,-0.03612983534891492,-0.04817311379855321,-14.9336652775515,0.04817311379855323,4.817311379855322,-0.9634622759710645,0.0,0.0,-4.817311379855322,218.99980154156674,0.0,9.634622759710645,0.07225967069782983,-1000.0,4.817311379855322,-29.24475744534007,0.0,-9.634622759710645,0.024086556899276614,0.48173113798553224,4.753317257767591,-611.3290411868984,-0.04817311379855323,-10.8389506046745,-0.10116353897709499,14.9336652775515,0.04817311379855323,7.669159716728757,-57.80773655826391,0.0,-0.04817311379855323,-0.012043278449638307,0.0,-0.04817311379855323,-86.6243364547648,0.04817311379838429,-0.012043278449638307,-0.012043278449638307,-0.012043278449638307,19.26924551942129,24.086556899276612,0.48173113798553224,35.690255685502194,-0.012043278449638307,0.0,2.408655689927661,45.720823917310064,0.04817311379855323,0.024086556899276614,0.024086556899276614,4.817311379855322,14.9336652775515,0.04817311379855323,-14.9336652775515,0.48173113798553224,0.04817311379855323,-35.690255685502194,0.04817311379855323,0.192692455193823,0.2408655689923762,0.024086556899276614,0.012043278449638307,14.451934139565967,-0.04817311379855323,1000.0,-236.23214816511143,-71.38051137100439,1.2043278449638306,-4.817311379855322,9.634622759710645,2.408655689927661,-0.04817311379855323,28.519903546605548,0.07225967069782983,-0.04817311379855323,-9.634622759710645,14.9336652775515,379.5017786152183,0.024086556899276614,-91.44164783462013,-0.04817311379855323,-0.04817311379838429,-0.04817311379855323,0.024086556899276607,134.4029874979635,-9.634622759710645,0.04817311379855323,9.506634515535183,-0.012043278449638307,-0.05299042517840855,-9.506634515535183,7.225967069782982,4.8654844936538755,130.60191280917246,134.4029874979635,-0.03612983534891492,10.8389506046745,611.3290411868984,0.04817311379855323,-0.01204327844963831,2.408655689927663,48.17311379855322,-0.024086556899276614,-0.04817311379855323,0.012043278449638307,1000.0,0.0,906.4233477745105,0.0,-1000.0,0.0,310.29832304802085,-1000.0,0.0,-1000.0,-502.2526679614789,1000.0,-93.55256566859026,500.0,500.0,251.12633398073945,0.0,500.0,0.0,-68.79508378206346,93.55256566859026,-1000.0,-68.79508378206346,-310.29832304802085,181.64437411321472,0.0,1496.5981,bhi
9,0.0,0.0,0.0,0.0,0.0,0.0,0.0,0.0,676.9084097744844,0.0,0.0,0.0,0.0,0.0,0.0,0.0,869.6176196822834,490.80943976212313,0.0,-1000.0,0.0,0.0,0.0,1000.0,0.0,0.0,0.0,0.0,0.0,365.67995121225766,0.0,0.0,226.81075701280415,0.0,0.0,0.0,0.0,693.8516282702337,0.0,-1000.0,367.81706367391996,0.0,0.0,-295.06788630585584,0.0,0.0,0.0,0.0,-340.8175382301954,-689.4315234145157,0.0,599.4121463584897,0.0,0.19163044336817914,0.0,0.0,0.0,0.0,0.0,0.0,41.1191151887264,0.0,0.0,-128.26437868463967,610.5144562590583,0.0,0.0,0.0,0.0,127.80977403235431,0.0,1.7420949397119665,0.0,0.0,0.0,0.0,0.0,0.0,0.0,0.0,0.0,0.0,0.0,0.0,104.52569638271798,0.0,0.0,505.55153186802187,0.0,-434.67815272066326,499.95644762650727,0.0,0.0,-740.3869180017612,52.26284819135899,0.0,140.8022988237218,-5.609545705869358,749.0817124706269,0.0,0.0,8.710474698559832,365.67995121225766,0.0,0.0,0.0,0.0,973.9940839660217,0.0,0.0,0.0,0.0,0.0,0.0,0.0,0.0,0.0,0.0,0.0,0.0,0.0,0.0,0.0,0.0,-534.583396040777,0.0,0.0,140.8022988237218,0.0,54.004943131070966,0.0,0.0,-903.3376513692227,903.3376513692227,0.0,0.0,-169.38349387336606,0.0,0.0,0.0,0.0,0.0,0.0,0.0,0.0,13.414131035782132,0.17420949397119662,500.00000000000006,0.0,0.0,-950.0050435995893,290.44105742568735,0.0,0.0,0.0,0.0,1000.0,0.0,0.0,0.0,0.0,0.0,-72.20441770835515,-72.20441770835515,0.0,0.0,0.0,0.0,-767.1001262769402,0.0,0.0,-72.03020821438396,0.0,0.0,0.0,267.82947720407316,-1000.0,0.0,0.0,0.0,0.0,0.0,0.0,0.0,0.0,0.0,-26.13142409567946,0.0,0.0,0.0,0.0,-1000.0,0.0,0.0,0.0,0.0,0.0,689.4315234145157,-599.4121463584897,434.67815272066326,-434.67815272066326,0.0,0.0,0.0,0.0,0.0,0.0,0.0,0.0,0.0,0.0,0.0,0.0,0.0,0.0,0.0,0.0,0.0,0.0,0.0,0.0,0.0,0.0,0.0,95.34361137841745,-295.06788630585584,0.0,0.0,0.0,169.38349387336606,0.0,0.0,0.0,0.0,0.0,41.1191151887264,0.0,0.0,0.0,0.0,0.0,0.0,0.0,0.0,0.0,0.0,34.84189879423933,88.53945063236281,0.0,434.67815272066326,0.0,0.0,0.0,295.06788630585584,0.0,0.0,169.38349387336606,641.922843246795,0.0,0.0,0.0,270.6971835820726,0.0,0.0,519.3726264733474,-249.9999999999369,0.0,769.3726264732842,0.0,249.9999999999369,434.67815272066326,0.0,360.1657452034497,689.4315234145157,0.0,486.0444881796387,0.0,0.0,0.0,0.0,0.0,0.0,0.0,-72.37862720232634,0.0,169.38349387336606,0.0,0.0,0.0,0.0,41.1191151887264,-0.26131424095679495,0.0,0.0,0.0,0.0,0.17420949397119662,0.0,0.0,0.0,859.1977011762782,869.6176196822834,0.0,-197.52789888239056,146.71763204292495,1000.0,508.61936249764176,0.0,222.63627635899525,0.0,0.0,0.0,0.0,0.0,855.9059262820473,-1000.0,-78.54220264104254,558.3675719212629,496.8644353735624,0.0,0.0,0.0,0.0,0.0,0.0,0.0,0.0,0.0,0.0,0.0,0.0,0.0,0.0,0.0,0.0,0.0,694.5484662461184,0.0,0.0,0.0,0.0,0.0,0.0,0.0,0.0,-13.414131035782132,0.0,749.0817124706269,0.0,0.0,0.0,0.0,0.0,0.0,-4.355237349279916,1000.0,0.0,-8.710474698559832,-208.96928116492393,-817.966963539217,0.0,-8.710474698559832,0.0,0.0,0.0,-627.0941837538039,0.0,-1000.0,1000.0,675.8066152043444,140.8022988237218,0.0,0.0,0.0,0.0,0.0,677.0826192684556,0.0,0.0,0.0,0.0,409.8367749161584,0.0,0.0,0.0,0.0,0.0,0.0,0.0,0.0,-87.14526349591326,0.0,0.0,0.0,0.0,0.0,0.0,0.0,-705.0226736192062,0.34841898794220016,0.0,0.0,0.0,0.0,0.0,0.0,0.0,0.0,0.0,127.80977403235431,0.0,0.0,0.0,0.0,0.0,0.0,0.0,0.0,0.0,0.19163044336817914,0.19163044336817914,0.0,180.6621881713745,0.0,104.52569638271798,0.0,0.0,0.0,-493.6642455287572,0.0,378.67862281750547,0.0,0.0,0.0,1000.0,493.6642455287572,0.0,0.0,0.0,0.0,0.0,0.0,0.0,0.0,0.0,0.0,0.0,0.0,0.0,178.19446534692565,-859.1977011762782,659.5639861739019,0.0,13.414131035782132,0.0,0.0,-740.3869180017612,-740.3869180017612,0.0,1000.0,0.0,0.0,294.9773263807937,0.0,0.0,0.0,0.0,0.0,0.0,0.0,0.0,0.0,0.0,0.0,0.0,0.0,0.0,0.0,0.0,104.52569638271798,169.38349387336606,169.38349387336606,0.0,0.0,0.0,0.0,0.0,0.0,0.0,0.0,0.0,0.0,1.7420949397119665,0.0,0.0,0.0,0.0,0.0,-599.4121463584897,0.0,0.0,140.8022988237218,0.0,0.0,0.0,0.0,0.0,0.0,0.0,0.0,0.0,0.0,733.9541574958567,0.0,0.0,52.26284819135899,52.26284819135899,750.1207786685775,493.6642455287572,0.0,0.0,0.0,0.0,0.0,0.0,0.0,75.9524768664794,0.0,496.8644353735624,0.17420949397119662,0.0,0.0,0.0,230.06852385953252,26.713208275179085,0.0,740.3869180017612,0.0,0.0,0.0,0.0,0.0,0.0,0.0,0.0,0.0,0.0,0.0,0.0,0.0,0.0,0.17420949397119662,0.0,0.0,0.0,0.0,0.0,0.0,0.0,0.0,0.0,0.0,735.6675814348448,0.0,0.0,-694.5484662461184,-13.065712047839748,-8.710474698559832,0.0,0.0,0.0,0.0,0.0,0.0,0.0,0.0,0.0,0.0,0.0,0.0,169.38349387336606,1000.0,0.0,0.0,-315.4829100970958,0.0,0.0,0.0,676.9084097744844,0.0,0.0,0.17420949397119662,0.0,0.17420949397119662,0.0,0.0,0.0,104.52569638271798,212.53558264485991,212.53558264485991,0.0,0.0,0.0,0.0,0.0,0.0,0.0,659.5639861739019,0.0,0.0,0.0,0.0,0.0,870.9053637129672,0.0,0.0,0.0,0.0,0.0,0.0,0.0,0.0,0.0,0.0,0.0,0.0,0.0,0.0,0.0,-970.4028426403586,970.4028426403586,0.26131424095679495,0.0,0.0,0.0,-140.8022988237218,0.0,0.0,0.0,0.0,0.0,-180.6621881713745,8.710474698559832,0.0,0.0,0.0,0.0,767.1001262769402,13.414131035782132,0.0,0.0,0.0,0.0,0.0,0.0,0.0,0.0,169.38349387336606,0.0,0.0,0.0,180.6621881713745,0.0,771.8969654149771,26.713208275179085,0.0,0.0,749.0817124706269,-749.0817124706269,0.0,429.38726060193505,0.0,8.710474698559832,1000.0,0.0,0.0,0.0,-87.14526349591326,0.0,0.0,0.0,0.0,0.0,0.0,0.0,0.0,0.0,0.0,0.0,212.53558264485991,0.0,0.0,0.0,0.0,0.0,0.0,0.0,0.0,0.0,0.0,0.0,0.0,219.8593243148937,-357.87829789188686,0.0,0.0,52.26284819135899,0.0,0.0,0.0,0.0,-272.83120879744706,0.0,0.0,0.19163044336817914,0.0,0.0,0.0,106.26779132242996,0.0,0.0,0.0,0.0,95.34361137841745,0.0,0.0,0.0,0.0,0.0,0.0,0.0,0.0,0.0,0.0,0.017420949397119665,0.017420949397119665,0.0,0.0,0.0,0.0,0.0,0.0,0.0,0.0,0.0,0.0,0.0,0.0,0.0,0.0,0.0,180.6621881713745,0.0,0.0,0.0,0.0,0.0,0.0,0.0,689.4315234145157,0.0,0.0,0.0,0.0,0.0,159.17129997933137,490.80943976212313,0.0,0.0,0.0,104.52569638271802,0.0,0.0,0.0,0.0,0.0,895.474303617282,-1000.0,0.0,0.0,0.0,0.0,0.0,0.0,0.0,0.0,0.0,0.0,0.0,0.0,1000.0,1000.0,990.2388670832369,500.00000000000006,-640.8022988237219,0.0,693.8516282702337,0.0,0.0,0.0,0.0,0.0,0.0,0.0,0.0,0.0,0.0,0.0,0.0,0.0,0.0,0.0,0.0,0.0,-21.77618674639958,169.38349387336606,-13.065712047839748,857.8396516651275,0.0,0.0,0.0,0.0,0.0,-251.95672828075163,249.7791096061117,87.14526349591326,0.0,0.0,0.0,0.0,0.0,0.0,0.0,1000.0,52.26284819135899,52.26284819135899,0.0,0.0,0.0,0.0,0.0,0.19163044336817914,180.6621881713745,0.0,0.0,-693.8516282702337,0.0,0.0,0.0,0.0,0.0,0.0,0.0,0.0,0.0,0.0,0.0,0.0,0.0,0.0,485.2014213201793,0.0,0.0,0.0,0.0,182.91996866975646,0.0,0.0,13.414131035782132,0.0,0.0,0.0,180.6621881713745,0.0,-27.73415144021132,0.0,0.0,0.0,-21.77618674639958,0.0,0.0,0.0,0.0,0.0,0.0,0.0,0.0,0.0,0.0,0.0,0.0,0.0,0.0,0.0,0.0,0.0,0.0,-0.17420949397119662,0.0,0.0,8.710474698559832,-1000.0,0.0,0.0,0.0,0.0,169.38349387336606,0.0,0.0,0.0,-855.9059262820473,4.355237349279916,0.0,0.0,0.0,0.17420949397119662,0.0,174.20949397119662,-54.004943131070966,34.84189879423933,1.2443535283656904,486.0444881796387,-0.13065712047839748,8.710474698559832,3.484189879423933,-0.8710474698558528,-486.0444881796387,52.26284819135899,-0.17420949397119664,0.0,0.0,0.04355237349279916,1.2443535283656904,0.0,-27.73415144021132,-3.484189879423933,-360.4270594444065,-0.17420949397119664,0.04355237349279916,-486.0444881796387,17.420949397119664,0.17420949397119664,0.17420949397119662,-180.29634823403512,0.1916304433683163,-905.1202223568314,-0.13065712047839748,52.26284819135899,0.17420949397119664,140.8022988237218,1.434703646764497,-0.08710474698559832,-94.87977764316864,-17.59515889109086,-0.13065712047839748,-0.17420949397119664,-54.004943131070966,0.17420949397119662,17.420949397119664,-3.484189879423933,0.0,0.0,-17.420949397119664,360.4270594444065,0.0,34.84189879423933,0.26131424095679495,-1000.0,17.420949397119664,-178.19446534692565,0.0,-34.84189879423933,0.08710474698559832,1.7420949397119665,49.38197472059764,215.50408696561385,-0.17420949397119662,-219.8593243148937,180.29634823403512,54.004943131070966,0.17420949397119664,27.73415144021132,-297.59084339779906,0.0,-0.17420949397119662,-0.04355237349279916,0.0,-0.17420949397119664,-705.0226736192062,0.17420949397131835,-0.04355237349279916,-0.04355237349279916,-0.04355237349279916,69.68379758847865,-1.434703646764497,1.7420949397119665,129.06745884590754,-0.04355237349279916,98.76394944119528,8.710474698559832,361.22181150816294,0.17420949397119662,0.08710474698559832,0.08710474698559832,-67.27079753956338,54.00494313107096,0.17420949397119662,-54.004943131070966,1.7420949397119665,0.17420949397119664,-129.06745884590754,0.17420949397119664,0.696837975884705,0.8710474698558528,0.08710474698559832,0.04355237349279916,52.26284819135899,-0.17420949397119664,905.1202223568314,1.7420949397119665,-258.1349176918151,4.355237349279916,-17.420949397119664,34.84189879423933,8.710474698559832,-0.17420949397119664,0.0,0.26131424095679495,-0.17420949397119664,134.54159507912675,54.00494313107096,943.7727032975351,0.08710474698559832,-722.4436230163259,-0.17420949397119664,-0.17420949397131835,-0.17420949397119664,0.08710474698559832,486.0444881796387,-34.84189879423933,0.17420949397119662,98.76394944119528,-0.04355237349279916,-0.1916304433683163,-98.76394944119528,26.131424095679492,17.59515889109086,545.7286803601818,486.0444881796387,-0.13065712047839748,219.8593243148937,-215.50408696561385,0.17420949397119664,-0.043552373492799154,8.710474698559832,174.20949397119662,-0.08710474698559832,-0.17420949397119664,0.04355237349279916,0.0,0.0,999.9128952530144,0.0,-666.1101947330853,0.0,456.2939682155984,-203.94757855438837,0.0,1000.0,-471.3918819855768,-147.17487803531458,0.0,-500.0,333.05509736654267,235.6959409927884,0.0,101.97378927719419,-180.6621881713745,-670.9414945000881,0.0,147.17487803531458,-670.9414945000881,-456.2939682155984,368.2319311081389,0.0,1496.5981,bhi
10,0.0,0.0,0.0,0.0,0.0,0.0,0.0,0.0,401.90018301906804,0.0,0.0,0.0,0.0,0.0,0.0,0.0,-198.9837157218966,580.6057989353112,0.0,0.0,0.0,0.0,0.0,641.7473240445877,0.0,0.0,0.0,0.0,0.0,-624.3092477785545,0.0,0.0,518.2234707758703,0.0,0.0,0.0,0.0,-565.1725850094151,0.0,-1000.0,-567.4337593759433,0.0,0.0,489.832319087638,0.0,0.0,0.0,0.0,397.9674314437932,-574.2393689635076,0.0,0.0,0.0,0.11377655994457947,0.0,0.0,0.0,20.68664726266562,0.0,0.0,67.74478560800304,0.0,655.5355127255701,492.7188804755829,0.0,0.0,0.0,0.0,0.0,0.0,0.0,1.034332363133281,0.0,0.0,0.0,0.0,0.0,0.0,0.0,742.4187735853329,0.0,0.0,-470.20417160374427,0.0,62.05994178799686,0.0,0.0,0.0,0.0,182.63836749151804,245.14645112175526,0.0,0.0,750.0,31.02997089399843,0.0,408.22710107786395,0.0,0.0,0.0,0.0,5.171661815666405,-624.3092477785545,0.0,0.0,-219.22823392762058,0.0,0.0,0.0,0.0,0.0,0.0,0.0,0.0,0.0,0.0,0.0,0.0,0.0,0.0,0.0,0.0,0.0,0.0,-236.80231940133996,0.0,0.0,408.22710107786395,0.0,32.06430325713171,0.0,0.0,529.2047287917701,-529.2047287917701,0.0,0.0,-713.3751476317607,0.0,0.0,482.8137297737704,0.0,0.0,0.0,0.0,0.0,478.1685307998705,0.1034332363133281,245.1723094308336,0.0,0.0,754.8173113798539,-754.8173113798539,0.0,0.0,470.20417160374427,0.0,752.7972185868043,0.0,0.0,0.0,0.0,0.0,276.8808891537608,276.8808891537608,0.0,0.0,0.0,0.0,0.0,0.0,0.0,276.9843223900741,0.0,0.0,0.0,-356.5136471752296,0.0,0.0,0.0,0.0,0.0,0.0,0.0,0.0,0.0,0.0,0.0,0.0,0.0,0.0,0.0,-1000.0,0.0,0.0,0.0,0.0,0.0,574.2393689635076,0.0,-182.63836749151804,182.63836749151804,230.56141785799025,0.0,0.0,0.0,0.0,0.0,0.0,0.0,646.8605566849177,0.0,0.0,0.0,0.0,0.0,0.0,0.0,0.0,0.0,0.0,0.0,0.0,0.0,0.0,92.98965439234148,425.32553205665795,0.0,0.0,0.0,0.0,-208.22247109817846,0.0,0.0,0.0,0.0,67.74478560800304,-64.50678703098005,0.0,0.0,0.0,0.0,0.0,0.0,0.0,0.0,3.3305502092888446,0.0,377.1971301838655,0.0,-182.63836749151804,0.0,215.32906395227516,0.0,-425.32553205665795,0.0,0.0,230.56141785799025,-652.2975141485471,0.0,0.0,0.0,199.84153219597874,0.0,0.0,-1000.0,325.63708713846785,0.0,-825.6370871384679,-500.00000000000006,174.3629128615322,-182.63836749151804,0.0,0.0,574.2393689635076,0.0,266.23978255437356,0.0,0.0,0.0,225.76726725901267,0.0,-225.76726725901267,0.0,872.1705368194243,0.0,0.0,-53.025174241165715,0.0,0.0,0.0,67.74478560800304,-0.15514985446999213,0.0,0.0,0.0,0.0,0.1034332363133281,0.0,0.0,0.0,566.1034019530354,-198.9837157218966,0.0,-146.15215595174706,1000.0,0.0,-159.20665829807933,0.0,-481.71140534136174,0.0,-219.22823392762058,0.0,0.0,0.0,-8.905601646577468,490.6170069879392,0.0,-1000.0,-1000.0,0.0,0.0,0.0,0.0,0.0,0.0,0.0,0.0,0.0,0.0,0.0,0.0,0.0,0.0,0.0,0.0,0.0,-1000.0,0.0,-435.24114793583834,470.20417160374427,0.0,0.0,0.0,0.0,0.0,-481.49908100915934,0.0,0.0,0.0,0.0,0.0,0.0,-250.00000000000023,0.0,0.0,-490.6170069879392,0.0,-220.91636573059523,0.0,-139.2728526958963,250.00000000000023,-5.171661815666405,1000.0,-2.5858309078332025,215.74470391492883,-525.5374727422999,0.0,0.0,712.2259117319443,-528.3544393196438,408.22710107786395,0.0,0.0,0.0,54.40641395265595,0.0,402.00361625538136,0.0,0.0,0.0,0.0,-586.9466740236169,0.0,0.0,-595.3930809019769,0.0,0.0,0.0,0.0,0.0,-95.07184664198417,0.0,0.0,0.0,0.0,0.0,0.0,0.0,-315.2374466855224,0.20686647262672528,0.0,0.0,0.0,0.0,0.0,0.0,0.0,0.0,0.0,0.0,0.0,0.0,0.0,0.0,0.0,0.0,0.0,0.0,0.0,0.11377655994457947,0.11377655994457947,0.0,0.0,0.0,62.05994178799686,0.0,0.0,0.0,515.9911356095691,0.0,0.0,0.0,0.0,0.0,1000.0,-515.9911356095691,0.0,0.0,247.00355624172542,0.0,0.0,0.0,0.0,0.0,0.0,0.0,0.0,0.0,0.0,78.93410646711332,-566.1034019530354,0.0,0.0,7.964359196126259,0.0,750.0,0.0,-22.338946759811797,0.0,1000.0,0.0,0.0,684.7625533144776,0.0,0.0,0.0,0.0,0.0,0.0,0.0,0.0,0.0,0.0,0.0,0.0,0.0,0.0,0.0,0.0,62.05994178799686,230.5614178579903,230.56141785799025,0.0,0.0,0.0,0.0,0.0,0.0,0.0,0.0,0.0,0.0,1.034332363133281,0.0,0.0,0.0,0.0,0.0,0.0,0.0,0.0,408.22710107786395,-247.00355624172542,0.0,0.0,0.0,0.0,0.0,0.0,0.0,0.0,0.0,0.0,-341.81812137482757,0.0,31.02997089399843,31.02997089399843,-52.052956701487915,-515.9911356095691,0.0,0.0,0.0,0.0,0.0,0.0,0.0,624.3092477785545,0.0,1000.0,0.1034332363133281,0.0,0.0,-250.00000000000003,386.598364728366,0.0,0.0,-750.0,0.0,0.0,0.0,0.0,0.0,0.0,0.0,0.0,0.0,0.0,0.0,0.0,0.0,0.0,0.1034332363133281,0.0,0.0,0.0,0.0,0.0,0.0,0.0,0.0,0.0,0.0,0.0,0.0,-481.49908100915934,564.7588520641617,-7.757492723499608,-5.171661815666405,0.0,0.0,0.0,0.0,0.0,0.0,0.0,0.0,0.0,0.0,0.0,0.0,230.5614178579903,0.0,0.0,0.0,-523.1827775039774,0.0,0.0,0.0,401.90018301906804,0.0,0.0,0.1034332363133281,0.0,0.1034332363133281,0.0,0.0,0.0,62.05994178799686,126.18854830226029,126.18854830226029,0.0,0.0,0.0,0.0,0.0,0.0,0.0,0.0,0.0,0.0,0.0,0.0,0.0,0.0,0.0,0.0,0.0,0.0,0.0,0.0,0.0,0.0,0.0,0.0,0.0,0.0,0.0,22.338946759811797,0.0,-311.17277378755915,311.17277378755915,0.15514985446999213,0.0,0.0,0.0,-408.22710107786395,0.0,0.0,0.0,0.0,0.0,0.0,5.171661815666405,0.0,0.0,0.0,0.0,0.0,0.0,0.0,0.0,0.0,0.0,0.0,0.0,0.0,0.0,230.5614178579903,0.0,247.00355624172542,395.609078515121,0.0,0.0,607.7367545225958,-219.22823392762058,0.0,-481.49908100915934,481.49908100915934,0.0,470.20417160374427,-778.4860624508074,0.0,5.171661815666405,1000.0,0.0,0.0,0.0,-95.07184664198417,0.0,0.0,0.0,0.0,0.0,0.0,0.0,0.0,0.0,7.757492723499608,-23.272478170498914,126.18854830226029,0.0,0.0,0.0,0.0,0.0,0.0,0.0,0.0,0.0,3.3305502092888446,0.0,0.0,0.0,-136.59836472836596,0.0,0.0,31.02997089399843,0.0,0.0,0.0,0.0,-194.45666311419683,0.0,0.0,0.11377655994457947,0.0,0.0,0.0,63.09427415113014,0.0,0.0,0.0,0.0,92.98965439234148,0.0,0.0,0.0,0.0,0.0,0.0,0.0,0.0,0.0,0.0,0.01034332363133281,0.01034332363133281,0.0,0.0,0.0,0.0,0.0,0.0,0.0,0.0,0.0,-250.00000000000003,0.0,0.0,0.0,0.0,0.0,0.0,0.0,0.0,0.0,0.0,0.0,0.0,0.0,574.2393689635076,0.0,0.0,0.0,0.0,0.0,0.0,580.6057989353112,0.0,0.0,0.0,62.05994178799686,0.0,0.0,0.0,0.0,0.0,0.0,-62.05994178799686,0.0,0.0,0.0,0.0,0.0,0.0,0.0,0.0,0.0,0.0,0.0,0.0,-1000.0,-1000.0,70.85176687462975,-408.22710107786395,0.0,0.0,-565.1725850094151,0.0,0.0,0.0,0.0,0.0,0.0,0.0,0.0,0.0,0.0,0.0,0.0,0.0,0.0,0.0,0.0,0.0,-12.929154539166014,230.56141785799025,-7.757492723499608,15.514985446999216,0.0,0.0,0.0,0.0,0.0,0.0,-1.2929154539166015,565.2760182457284,0.0,0.0,0.0,0.0,0.0,0.0,0.0,1000.0,31.02997089399843,31.02997089399843,0.0,0.0,0.0,0.0,742.4187735853329,0.11377655994457947,0.0,0.0,0.0,565.1725850094151,0.0,0.0,0.0,0.0,0.0,0.0,0.0,0.0,0.0,0.0,0.0,0.0,0.0,0.0,155.58638689377958,0.0,0.0,0.0,0.0,108.6048981289945,7.964359196126259,0.0,0.0,0.0,0.0,0.0,0.0,0.0,-5.171661815666405,0.0,0.0,0.0,-12.929154539166014,0.0,0.0,0.0,0.0,0.0,0.0,0.0,0.0,0.0,0.0,0.0,0.0,0.0,0.0,0.0,0.0,0.0,0.0,-0.1034332363133281,0.0,0.0,5.171661815666405,-1000.0,0.0,0.0,0.0,0.0,230.56141785799025,0.0,0.0,0.0,8.905601646577468,2.5858309078332025,0.0,0.0,0.0,0.1034332363133281,0.0,103.4332363133281,-32.06430325713171,20.68664726266562,0.7388088308094864,288.5787293141854,-0.07757492723499607,5.171661815666405,2.068664726266562,-0.5171661815667221,-288.5787293141854,31.02997089399843,-0.1034332363133281,73.07607797587353,0.0,0.025858309078332024,0.7388088308094864,-219.22823392762058,-16.466571221081495,-2.068664726266562,-381.6220832134146,-0.1034332363133281,0.025858309078332024,-288.5787293141854,10.34332363133281,0.1034332363133281,0.1034332363133281,0.21720979625790757,0.1137765599446609,-395.0044496061516,-0.07757492723499607,31.02997089399843,0.1034332363133281,408.22710107786395,325.4805120272014,-0.05171661815666405,80.66369887458843,197.77571423053232,-0.07757492723499607,-0.1034332363133281,-32.06430325713171,0.1034332363133281,10.34332363133281,-2.068664726266562,22.338946759811797,22.338946759811797,-10.34332363133281,381.6220832134146,-22.338946759811797,20.68664726266562,0.15514985446999213,-1000.0,10.34332363133281,-78.93410646711332,0.0,-20.68664726266562,0.05171661815666405,1.034332363133281,36.538038987936766,20.68664726266562,-0.1034332363133281,-23.272478170498914,-0.21720979625790757,32.06430325713171,0.1034332363133281,16.466571221081495,-501.31701375985915,0.0,-0.1034332363133281,-0.025858309078332024,0.0,-0.1034332363133281,-315.23744668552246,0.10343323631343747,-0.025858309078332024,-0.025858309078332024,-0.025858309078332024,41.37329452533124,-325.4805120272014,1.034332363133281,159.70003365697139,-0.025858309078332024,0.0,5.171661815666405,162.7903851584276,0.1034332363133281,0.05171661815666405,0.05171661815666405,10.34332363133281,32.06430325713171,0.1034332363133281,-32.06430325713171,1.034332363133281,0.1034332363133281,-325.8379030636409,0.1034332363133281,0.4137329452534355,0.5171661815667221,0.05171661815666405,0.025858309078332024,31.02997089399843,-0.1034332363133281,395.0044496061516,1.034332363133281,-319.40006731394277,2.585830907833203,-10.34332363133281,20.68664726266562,5.171661815666405,-0.1034332363133281,219.22823392762058,0.15514985446999213,-0.1034332363133281,-20.68664726266562,32.06430325713171,415.0547722616964,0.05171661815666405,-325.5807703168552,-0.1034332363133281,-0.10343323631343747,-0.1034332363133281,0.05171661815666405,288.5787293141854,-20.68664726266562,0.1034332363133281,73.07607797587353,-0.025858309078332024,-0.1137765599446609,-73.07607797587353,15.514985446999214,-197.77571423053232,-192.31058137726902,288.5787293141854,-0.07757492723499607,23.272478170498914,-20.68664726266562,0.1034332363133281,-0.025858309078332017,5.171661815666405,103.4332363133281,-0.05171661815666405,-0.1034332363133281,0.025858309078332024,1000.0,0.0,999.9482833818433,166.13786940666952,-57.65240366669457,0.0,862.3065008730385,-739.7375792260152,0.0,-1000.0,731.081846735916,-628.4234017852614,0.0,500.0,28.826201833347284,-365.540923367958,0.0,369.8687896130076,0.0,-220.5981091474996,0.0,628.4234017852614,-220.5981091474996,-862.3065008730385,676.6400955007824,0.0,1496.5981,bhi
11,0.0,0.0,0.0,0.0,0.0,0.0,0.0,0.0,727.3542100367339,0.0,0.0,0.0,0.0,0.0,0.0,0.0,1000.0,371.63195970227565,0.0,-1000.0,0.0,0.0,0.0,1000.0,0.0,29.56819901685651,0.0,0.0,0.0,-1000.0,0.0,0.0,79.67238120113996,0.0,0.0,0.0,0.0,91.05029640663918,0.0,441.87978228438146,1000.0,0.0,-169.0886391594326,744.916159543819,0.0,0.0,0.0,0.0,-1000.0,0.0,0.0,-415.4556804202837,0.0,0.19125276469340963,0.0,0.0,0.0,34.77322994432253,0.0,0.0,-27.34895596221834,0.0,146.5772208673125,0.0,231.84228535763864,0.0,0.0,0.0,0.0,0.0,0.0,1.7386614972161267,0.0,0.0,0.0,0.0,0.0,0.0,0.0,0.0,0.0,0.0,0.0,0.0,104.3196898329676,0.0,51.77989867843372,262.16939054790873,-305.9931112659168,0.0,-0.04346653743040316,0.0,0.0,0.0,52.1598449164838,0.0,52.1598449164838,-155.12498739201158,0.0,0.0,0.0,8.693307486080633,-1000.0,0.0,0.0,-296.6700799572103,0.0,0.0,0.0,0.0,0.0,0.0,0.0,0.0,0.0,0.0,0.0,0.0,0.0,0.0,0.0,0.0,0.0,0.0,-1000.0,0.0,0.0,52.1598449164838,0.0,53.89850641369993,0.0,0.0,0.0,0.0,0.0,0.0,0.0,0.0,0.0,-119.22826490509415,0.0,0.0,0.0,0.0,0.0,65.16759220699788,0.17386614972161263,0.0,0.0,0.0,0.0,-810.8244883481829,0.0,0.0,43.164486182601536,0.0,1000.0,0.0,0.0,0.0,0.0,0.0,76.53979834813566,76.53979834813566,0.0,0.0,0.0,0.0,0.0,0.0,0.0,76.71366449785728,0.0,0.0,0.0,-58.27901613494862,0.0,0.0,0.0,0.0,0.0,0.0,0.0,0.0,0.0,0.0,-49.28230852017248,0.0,0.0,0.0,0.0,-1000.0,0.0,0.0,0.0,0.0,0.0,0.0,584.5443195797163,305.9931112659168,-305.9931112659168,119.22826490509415,0.0,0.0,0.0,0.0,0.0,0.0,0.0,-224.09715920365122,0.0,0.0,0.0,0.0,0.0,0.0,0.0,0.0,0.0,0.0,0.0,0.0,0.0,0.0,349.316554551386,415.4556804202837,0.0,0.0,0.0,0.0,83.96308982453083,0.0,0.0,0.0,0.0,-27.34895596221834,-329.4604791235353,0.0,0.0,0.0,0.0,0.0,0.0,0.0,0.0,0.0,0.0,0.0,0.0,728.1078013872251,-52.967060304041155,152.70682139354187,0.0,-415.4556804202837,0.0,0.0,119.22826490509415,-57.13823797926895,0.0,0.0,0.0,-83.15551443035774,0.0,0.0,-448.56110747468324,-1000.0,0.0,-102.52031110833045,653.9592036336472,346.04079636635277,0.0,0.0,0.0,0.0,0.0,281.8952029936744,0.0,0.0,0.0,0.0,0.0,0.0,0.0,-78.97376383688712,0.0,0.0,-317.57588443123655,0.0,0.0,0.0,-27.34895596221834,-0.26079922458241894,0.0,0.0,0.0,0.0,0.17386614972161263,0.0,0.0,0.0,744.6488003538911,1000.0,0.0,-207.8424260619158,-148.65205544432234,0.0,1000.0,0.0,1000.0,0.0,-296.6700799572103,0.0,0.0,0.0,-14.969875491030482,-985.0301245089695,0.0,-914.6711586981221,-559.2726510252537,0.0,0.0,0.0,0.0,0.0,0.0,0.0,0.0,0.0,0.0,0.0,0.0,0.0,0.0,0.0,0.0,0.0,-908.2542389944743,0.0,-1000.0,0.0,0.0,149.52649737097624,235.04744087092314,733.3149399102733,0.0,-65.16759220699788,0.0,0.0,0.0,0.0,0.0,0.0,-442.76457276546125,0.0,-504.3466537430405,985.0301245089695,0.0,0.0,-234.11077060015145,0.0,442.76457276546125,-126.2170279215422,0.0,500.0000000000002,-8.693307486080633,-550.0802837805757,0.0,0.0,1000.0,-351.46952712923655,52.1598449164838,0.0,0.0,0.0,686.1918630099202,0.0,727.5280761864555,0.0,0.0,0.0,0.0,-82.35729644115523,0.0,0.0,0.0,0.0,0.0,0.0,0.0,0.0,-70.36637947266341,0.0,0.0,52.1598449164838,0.0,0.0,0.0,0.0,-513.6677787132807,0.3477322994433414,0.0,0.0,0.0,0.0,0.0,0.0,0.0,0.0,0.0,0.0,0.0,0.0,0.0,0.0,0.0,0.0,0.0,0.0,0.0,0.19125276469340963,0.19125276469340963,0.0,0.0,0.0,104.3196898329676,0.0,0.0,0.0,1000.0,0.0,0.0,51.77989867843372,0.0,0.0,350.50491768985813,-1000.0,0.0,0.0,0.0,0.0,0.0,52.1598449164838,0.0,0.0,0.0,0.0,0.0,0.0,0.0,333.3333333333333,-744.6488003538911,810.8244883481829,0.0,65.16759220699794,0.0,0.0,0.0,-203.19135472962498,0.0,350.50491768985813,0.0,-163.16286102342252,0.0,0.0,0.0,0.0,0.0,0.0,0.0,0.0,0.0,0.0,0.0,0.0,0.0,0.0,0.0,0.0,0.0,104.3196898329676,119.22826490509415,119.22826490509415,0.0,0.0,0.0,0.0,0.0,0.0,0.0,0.0,0.0,0.0,1.7386614972161267,0.0,0.0,51.77989867843372,-51.77989867843372,0.0,584.5443195797163,0.0,0.0,52.1598449164838,0.0,0.0,0.0,0.0,0.0,0.0,0.0,0.0,0.0,0.0,1000.0,125.89877534428432,0.0,52.1598449164838,52.1598449164838,1000.0,-1000.0,0.0,52.1598449164838,0.0,0.0,0.0,0.0,0.0,914.6711586981221,0.0,1000.0,0.17386614972161263,0.0,0.0,-750.0,979.6150887287783,0.0,0.0,0.0,0.0,0.0,0.0,0.0,0.0,0.0,0.0,0.0,0.0,0.0,0.0,0.0,0.0,0.0,0.17386614972161263,0.0,0.0,0.0,0.0,0.0,0.0,0.0,0.0,0.0,-79.45938971411385,913.8182948780923,-43.164486182601536,0.0,-841.7457610055257,-13.03996122912095,-8.69330748608064,0.0,0.0,0.0,0.0,0.0,0.0,0.0,0.0,0.0,0.0,0.0,0.0,119.22826490509415,0.0,0.0,0.0,-342.7762196431559,0.0,0.0,0.0,727.3542100367339,0.0,0.0,0.17386614972161263,0.0,0.17386614972161263,0.0,0.0,0.0,104.3196898329676,212.11670266036745,212.11670266036745,0.0,0.0,0.0,0.0,0.0,0.0,0.0,810.8244883481829,0.0,0.0,0.0,0.0,0.0,0.0,0.0,0.0,0.0,0.0,0.0,0.0,0.0,0.0,0.0,0.0,0.0,0.0,0.0,203.19135472962498,0.0,-845.1057893677505,845.1057893677505,0.26079922458241894,0.0,0.0,0.0,-52.1598449164838,0.0,0.0,0.0,0.0,0.0,0.0,8.693307486080633,0.0,0.0,0.0,0.0,0.0,-14.291797507115973,0.0,0.0,0.0,0.0,0.0,0.0,0.0,0.0,119.22826490509415,0.0,0.0,697.8045392575604,0.0,0.0,797.6361095115503,-296.6700799572103,750.0,0.0,0.0,-750.0,43.164486182601536,-269.2549406396364,0.0,8.69330748608064,1000.0,0.0,0.0,0.0,-173.92617682953085,0.0,0.0,0.0,0.0,0.0,0.0,0.0,0.0,0.0,36.24234729105151,-13.039961229120877,212.11670266036745,0.0,0.0,0.0,0.0,0.0,0.0,0.0,0.0,0.0,0.0,0.0,0.0,26.079922458241917,-229.61508872877835,-19.28305009282229,-169.0886391594326,52.1598449164838,51.77989867843372,0.0,0.0,0.0,97.53865040629995,0.0,0.0,0.19125276469340963,0.0,0.0,0.0,106.05835133018373,0.0,0.0,0.0,0.0,349.316554551386,0.0,0.0,0.0,0.0,0.0,0.0,0.0,0.0,-396.29099117867685,0.0,0.017386614972161263,0.017386614972161263,0.0,0.0,0.0,0.0,0.0,0.0,0.0,0.0,0.0,-750.0,0.0,0.0,0.0,0.0,0.0,0.0,0.0,0.0,0.0,0.0,0.0,0.0,0.0,0.0,0.0,0.0,0.0,103.55979735686743,0.0,584.5443195797163,371.63195970227565,0.0,0.0,0.0,104.3196898329676,0.0,0.0,0.0,0.0,0.0,0.0,-104.3196898329676,0.0,103.55979735686743,0.0,0.0,0.0,0.0,0.0,0.0,0.0,0.0,0.0,0.0,-559.2726510252537,-1000.0,119.09831255930467,0.0,-52.1598449164838,0.0,91.05029640663918,0.0,0.0,0.0,0.0,0.0,0.0,0.0,0.0,0.0,0.0,0.0,0.0,0.0,0.0,0.0,0.0,0.0,-21.73326871520159,119.22826490509415,-13.03996122912095,0.0,0.0,0.0,0.0,0.0,0.0,0.0,-2.173326871520158,113.53086565526493,0.0,0.0,0.0,0.0,0.0,0.0,0.0,1000.0,52.1598449164838,52.1598449164838,0.0,0.0,0.0,0.0,0.0,0.19125276469340963,0.0,0.0,0.0,-91.05029640663918,0.0,0.0,0.0,0.0,0.0,0.0,0.0,0.0,0.0,0.0,0.0,0.0,0.0,0.0,407.768795175447,0.0,0.0,0.0,0.0,182.5594572076933,25.763701499333436,0.0,39.403890707664445,0.0,0.0,0.0,0.0,0.0,0.0,0.0,0.0,0.0,-21.73326871520159,0.0,0.0,0.0,0.0,0.0,0.0,0.0,0.0,0.0,0.0,0.0,0.0,0.0,0.0,0.0,0.0,0.0,0.0,-0.17386614972161263,0.0,0.0,8.693307486080633,-350.50491768985813,0.0,0.0,0.0,0.0,119.22826490509415,0.0,0.0,0.0,14.969875491030482,4.346653743040316,0.0,0.0,29.56819901685651,0.17386614972161263,0.0,173.86614972161263,-53.89850641369993,34.77322994432253,1.2419010694400903,485.08655772329934,-0.13039961229120947,126.2170279215422,3.477322994432253,-0.8693307486080926,-485.08655772329934,52.1598449164838,-0.1738661497216128,98.89002665240344,52.1598449164838,0.043466537430403164,1.2419010694400903,-296.6700799572103,-79.45938971411385,-3.477322994432253,-371.63195970227565,-0.17386614972161266,0.043466537430403164,-485.08655772329934,17.386614972161265,0.17386614972161266,0.17386614972161263,0.3651189144150223,-51.588645913739946,0.0,-0.13039961229120947,52.1598449164838,0.17386614972161266,52.1598449164838,-86.93307486080633,-0.08693307486080633,-406.6598400855794,-101.52357094641371,-0.13039961229120947,-0.17386614972161266,-53.89850641369993,0.17386614972161263,17.386614972161265,-3.477322994432253,203.19135472962498,203.19135472962498,-17.386614972161265,371.63195970227565,-203.19135472962498,34.77322994432253,0.26079922458241894,-1000.0,17.386614972161265,-333.3333333333333,52.1598449164838,-34.77322994432253,0.08693307486080631,1.7386614972161265,51.96060651547895,34.77322994432253,-0.17386614972161263,-39.119883687362794,-0.3651189144150223,53.89850641369993,0.17386614972161266,79.45938971411385,-156.47953474945163,52.1598449164838,-0.17386614972161263,-0.04346653743040316,-52.1598449164838,-0.17386614972161266,-513.6677787132807,0.1738661497215579,-0.04346653743040316,-0.04346653743040316,-0.04346653743040316,69.54645988864506,86.93307486080633,1.7386614972161265,264.6287833690924,-0.04346653743040316,5.031186378554466,8.693307486080633,265.52719684272097,0.17386614972161263,0.08693307486080631,0.08693307486080633,43.466537430403164,53.89850641369993,0.17386614972161263,-53.89850641369993,1.7386614972161267,0.17386614972161266,-536.260182757285,0.17386614972161266,0.6954645988864726,0.8693307486080926,0.08693307486080633,0.043466537430403164,52.1598449164838,-0.17386614972161266,0.0,1.7386614972161265,-529.2575667381848,121.87037417850188,-17.386614972161265,34.77322994432253,8.693307486080633,-0.17386614972161266,296.6700799572103,0.26079922458241894,-0.17386614972161266,-86.93307486080633,53.89850641369993,218.61848951195765,0.08693307486080633,-531.0543936854419,-0.17386614972161266,-0.1738661497215579,-0.17386614972161268,0.08693307486080633,485.08655772329934,-34.77322994432253,0.17386614972161263,103.9212130309579,-0.04346653743040316,51.588645913739946,-103.9212130309579,26.079922458241892,101.52357094641371,67.3300515682952,485.08655772329934,-0.13039961229120947,39.119883687362794,-34.77322994432253,0.17386614972161266,-0.04346653743040316,8.69330748608064,173.86614972161263,-0.08693307486080631,-0.17386614972161266,0.04346653743040316,876.9017912367774,0.0,999.9130669251392,271.63139938819256,-1000.0,0.0,581.1369855599689,-380.1849030671975,0.0,828.9837724206733,-341.9377165558773,-21.584851107690042,0.0,-414.49188621033665,500.0,170.96885827793864,0.0,190.09245153359876,0.0,-316.1571399182576,0.0,21.584851107690042,-316.1571399182576,-581.1369855599689,360.11495266862966,0.0,1496.5981,bhi
12,0.0,0.0,0.0,0.0,0.0,0.0,0.0,0.0,413.4002130139311,0.0,0.0,0.0,0.0,0.0,0.0,0.0,-244.2544022597914,467.9882567787166,0.0,0.0,0.0,0.0,0.0,85.98547723999962,0.0,245.52084966733253,0.0,0.0,0.0,-1000.0,0.0,0.0,81.63991439939946,0.0,0.0,0.0,0.0,-32.14502805516927,0.0,-1000.0,30.743207742957466,0.0,0.0,616.2340115439772,0.0,0.0,0.0,0.0,-255.74559774020872,0.0,0.0,-750.0,0.0,0.20190063300752384,0.0,0.0,0.0,36.70920600133496,0.0,0.0,-84.22226832269384,0.0,0.0,-84.22226832269384,0.0,0.0,0.0,0.0,0.0,0.0,0.0,1.8354603000667484,0.0,0.0,0.0,0.0,0.0,0.0,0.0,0.0,0.0,0.0,0.0,0.0,110.1276180040049,0.0,68.05798128010586,-371.98954160739055,877.7351393475992,-755.4702786951985,-0.04588650750166871,0.0,0.0,-213.9219837049503,55.06380900200245,0.0,55.06380900200245,0.0,0.0,0.0,0.0,9.17730150033374,-1000.0,0.0,0.0,-343.9549153242211,393.7300837509573,0.0,0.0,0.0,0.0,0.0,0.0,0.0,0.0,0.0,0.0,0.0,0.0,0.0,0.0,0.0,0.0,0.0,-723.595856447806,0.0,0.0,55.06380900200245,0.0,56.8992693020692,0.0,0.0,-328.6333289088238,328.6333289088238,0.0,0.0,0.0,-250.00000000000023,250.00000000000023,0.0,0.0,0.0,0.0,0.0,0.0,82.19102559061982,0.18354603000667483,0.0,0.0,0.0,-1000.0,-30.853009950234537,0.0,0.0,0.0,0.0,1000.0,0.0,0.0,0.0,0.0,0.0,4.045576203545239,4.045576203545239,0.0,0.0,0.0,0.0,-240.75389838085215,0.0,0.0,4.229122233551914,0.0,0.0,0.0,718.4469435133988,-554.6502870187594,0.0,0.0,0.0,0.0,0.0,0.0,0.0,0.0,0.0,0.0,0.0,0.0,0.0,0.0,-172.96495699391835,0.0,0.0,0.0,0.0,0.0,0.0,750.0,-122.26486065240073,122.26486065240078,0.0,0.0,0.0,0.0,0.0,0.0,0.0,0.0,-22.943253750834362,0.0,0.0,0.0,0.0,0.0,0.0,0.0,0.0,0.0,0.0,0.0,0.0,0.0,0.0,85.9168189522371,750.0000000000002,0.0,0.0,0.0,0.0,0.0,0.0,0.0,0.0,0.0,-84.22226832269384,133.76598845602302,0.0,0.0,367.84422246011036,0.0,0.0,0.0,0.0,0.0,5.910182166215501,0.0,0.0,0.0,-1000.0,0.0,0.0,0.0,-750.0000000000002,0.0,0.0,0.0,223.92615660814332,0.0,0.0,0.0,-52.527371364225814,0.0,0.0,-198.53356555750435,-198.53356555750443,0.0,0.0,0.0,198.53356555750443,755.4702786951985,0.0,223.45853547391528,0.0,0.0,512.0934237186228,0.0,0.0,0.0,0.0,0.0,0.0,0.0,-200.31191366677902,0.0,0.0,0.0,0.0,0.0,0.0,-84.22226832269384,-0.2753190450100122,0.0,0.0,0.0,0.0,0.18354603000667483,0.0,0.0,0.0,111.99096582570039,-244.2544022597914,0.0,-403.3417264565588,211.04552229876685,554.6502870187594,85.80701674495992,0.0,534.9065080323674,0.0,-343.9549153242211,0.0,0.0,0.0,-15.80331318357488,480.89680515120756,-1000.0,-945.1783032606908,-1000.0,0.0,0.0,0.0,0.0,0.0,0.0,0.0,0.0,0.0,0.0,0.0,0.0,0.0,0.0,0.0,0.0,367.84422246011036,-1000.0,0.0,-968.5891560648572,0.0,0.0,0.0,0.0,247.28737197255407,0.0,-88.1012077568353,0.0,0.0,0.0,0.0,0.0,0.0,0.0,-9.17730150033374,503.8400589020419,-480.89680515120756,-600.0110854454515,-9.17730150033374,0.0,752.8552705960124,0.0,0.0,0.0,-508.4287096522088,0.0,0.0,0.0,0.0,745.120069729375,-119.30491950433866,55.06380900200245,0.0,0.0,0.0,0.0,0.0,413.58375904393773,0.0,0.0,0.0,0.0,247.9382743301085,0.0,0.0,0.0,0.0,0.0,0.0,0.0,0.0,-32.328574085175944,0.0,0.0,0.0,0.0,0.0,0.0,0.0,-606.2699162490427,0.36709206001314615,0.0,0.0,0.0,0.0,0.0,0.0,0.0,0.0,0.0,0.0,0.0,0.0,0.0,0.0,0.0,0.0,0.0,0.0,0.0,0.20190063300752384,0.20190063300752384,0.0,60.121987581129446,0.0,110.1276180040049,0.0,0.0,0.0,1000.0,0.0,0.0,68.05798128010586,0.0,0.0,1000.0,-1000.0,0.0,0.0,0.0,0.0,0.0,0.0,0.0,0.0,0.0,0.0,0.0,0.0,0.0,241.19861881593533,-111.99096582570039,637.1229261992772,0.0,82.19102559061982,0.0,249.99999999986144,-463.92198370481174,-463.92198370481174,0.0,1000.0,0.0,0.0,393.7300837509573,0.0,0.0,0.0,0.0,0.0,0.0,0.0,0.0,0.0,0.0,0.0,0.0,0.0,0.0,0.0,0.0,110.1276180040049,0.0,0.0,0.0,0.0,0.0,0.0,0.0,0.0,0.0,0.0,0.0,0.0,1.8354603000667484,0.0,0.0,68.05798128010586,-68.05798128010586,0.0,750.0,0.0,0.0,55.06380900200245,0.0,0.0,0.0,0.0,0.0,0.0,0.0,0.0,0.0,0.0,328.6333289088238,0.0,0.0,55.06380900200245,55.06380900200245,1000.0,-1000.0,0.0,0.0,0.0,0.0,0.0,0.0,0.0,945.1783032606908,0.0,1000.0,0.18354603000667483,0.0,0.0,0.0,242.39875348524367,0.0,0.0,213.9219837049503,0.0,0.0,0.0,0.0,0.0,0.0,0.0,0.0,0.0,0.0,0.0,0.0,0.0,0.0,0.18354603000667483,0.0,0.0,0.0,0.0,0.0,0.0,0.0,0.0,0.0,0.0,-88.1012077568353,0.0,0.0,31.41084393514277,-13.765952250500613,-9.17730150033375,0.0,0.0,0.0,0.0,0.0,0.0,0.0,0.0,0.0,0.0,0.0,0.0,0.0,554.6502870187594,0.0,0.0,-110.1276180040049,0.0,0.0,0.0,413.4002130139311,0.0,0.0,0.18354603000667483,0.0,0.18354603000667483,0.0,0.0,0.0,110.1276180040049,223.92615660814332,223.92615660814332,0.0,0.0,0.0,0.0,0.0,0.0,0.0,637.1229261992772,0.0,0.0,0.0,0.0,0.0,0.0,0.0,0.0,0.0,0.0,0.0,0.0,0.0,0.0,0.0,0.0,0.0,0.0,0.0,0.0,0.0,-1000.0,1000.0,0.2753190450100122,0.0,0.0,0.0,-55.06380900200245,0.0,0.0,0.0,0.0,0.0,-60.121987581129446,9.17730150033374,0.0,0.0,0.0,0.0,240.75389838085215,-200.4969616124009,0.0,0.0,0.0,0.0,0.0,0.0,0.0,0.0,0.0,0.0,0.0,0.0,60.121987581129446,0.0,1000.0,-343.9549153242211,0.0,-288.5981693692362,0.0,288.5981693692362,0.0,0.0,0.0,9.17730150033375,1000.0,0.0,0.0,0.0,-168.44453664538767,0.0,0.0,1000.0,-1000.0,0.0,0.0,0.0,0.0,0.0,73.88793983163006,-101.41984433263133,223.92615660814332,0.0,0.0,0.0,0.0,0.0,0.0,0.0,0.0,0.0,5.910182166215501,0.0,0.0,0.0,-242.39875348524367,0.0,0.0,55.06380900200245,68.05798128010586,0.0,0.0,0.0,-76.3366061254506,0.0,0.0,0.20190063300752384,0.0,0.0,0.0,111.96307830407166,0.0,0.0,0.0,0.0,85.9168189522371,0.0,393.7300837509573,0.0,0.0,0.0,0.0,0.0,0.0,0.0,0.0,621.3473340702146,0.01835460300066748,0.0,0.0,0.0,0.0,0.0,0.0,0.0,0.0,0.0,0.0,0.0,0.0,0.0,0.0,0.0,60.121987581129446,0.0,0.0,0.0,0.0,0.0,0.0,0.0,0.0,0.0,0.0,0.0,136.11596256021173,0.0,229.2041332141236,467.9882567787166,0.0,0.0,0.0,110.12761800400494,0.0,0.0,0.0,0.0,0.0,885.457838050898,-995.5854560549029,0.0,136.11596256021173,0.0,0.0,0.0,0.0,0.0,0.0,0.0,0.0,0.0,0.0,-1000.0,-1000.0,125.7290305545722,-55.06380900200245,0.0,0.0,-32.14502805516927,0.0,0.0,0.0,0.0,0.0,0.0,0.0,0.0,0.0,250.0,0.0,-250.0,-250.00000000000003,0.0,0.0,0.0,0.0,-22.943253750834362,0.0,-13.765952250500613,87.65389208213074,0.0,0.0,0.0,0.0,0.0,250.00000000000023,-252.29432537508367,32.328574085175944,0.0,0.0,0.0,0.0,0.0,0.0,0.0,1000.0,55.06380900200245,55.06380900200245,0.0,0.0,0.0,0.0,0.0,0.20190063300752384,60.121987581129446,0.0,0.0,32.14502805516927,621.3289794672139,0.0,0.0,0.0,0.0,0.0,0.0,0.0,0.0,0.0,0.0,0.0,0.0,0.0,377.23957516633374,0.0,0.0,0.0,0.0,192.7233315070086,82.19102559061982,0.0,0.0,0.0,0.0,0.0,60.121987581129446,0.0,191.31966011206714,0.0,0.0,0.0,-22.943253750834362,0.0,0.0,0.0,0.0,0.0,0.0,0.0,0.0,0.0,0.0,0.0,0.0,0.0,0.0,0.0,0.0,0.0,0.0,-0.18354603000667483,0.0,0.0,9.17730150033374,-1000.0,0.0,0.0,0.0,0.0,0.0,0.0,0.0,0.0,15.80331318357488,4.588650750166872,0.0,0.0,245.52084966733253,0.18354603000667483,0.0,183.5460300066748,-56.8992693020692,36.70920600133496,1.3110430714762487,512.0934237186228,-0.1376595225050061,9.17730150033374,3.6709206001334964,-0.9177301500331758,-512.0934237186228,55.06380900200244,-0.18354603000667483,114.65163844140703,0.0,0.04588650750166871,1.3110430714762487,-343.9549153242211,-97.27850925716905,-3.6709206001334964,-223.73385451892523,-0.18354603000667483,0.04588650750166871,-512.0934237186228,18.35460300066748,0.18354603000667483,0.18354603000667483,-59.736540918115246,-67.85608064709847,0.0,-0.1376595225050061,55.06380900200245,0.18354603000667483,55.06380900200245,-91.7730150033374,-0.09177301500333741,-312.09016935155785,-18.538149030674155,-0.1376595225050061,-0.18354603000667483,-56.8992693020692,0.18354603000667483,18.35460300066748,-3.6709206001334964,0.0,0.0,-18.35460300066748,223.73385451892523,0.0,36.70920600133496,0.2753190450100122,-1000.0,18.35460300066748,-241.19861881593533,0.0,-36.70920600133496,0.09177301500333741,1.8354603000667484,100.8354316141397,96.83119358246441,-0.18354603000667483,-101.41984433263133,59.736540918115246,56.8992693020692,0.18354603000667483,97.27850925716905,-220.25523600800983,0.0,-0.18354603000667483,-0.04588650750166871,0.0,-0.18354603000667483,-1000.0,0.18354603000676661,-0.04588650750166871,-0.04588650750166871,-0.04588650750166871,73.41841200266992,91.7730150033374,1.8354603000667484,135.98466498119706,-0.04588650750166871,87.01922478687236,9.17730150033374,312.3122596248551,0.18354603000667483,0.09177301500333741,0.09177301500333741,18.35460300066748,56.8992693020692,0.18354603000667483,-56.8992693020692,1.8354603000667484,0.18354603000667483,-135.98466498119706,0.18354603000667483,0.7341841200265016,0.9177301500331758,0.09177301500333741,0.04588650750166871,55.06380900200245,-0.18354603000667485,0.0,1.8354603000667482,-271.9693299623941,4.588650750166872,-18.35460300066748,36.70920600133496,9.17730150033374,-0.18354603000667483,343.9549153242211,0.2753190450100122,-0.18354603000667483,-36.70920600133496,56.8992693020692,317.95353868192643,0.09177301500333741,-624.6245192497101,-0.18354603000667483,-0.18354603000676661,-0.18354603000667483,0.09177301500333741,512.0934237186228,-36.70920600133496,0.18354603000667483,201.6708632282794,-0.04588650750166871,67.85608064709847,-201.6708632282794,27.53190450100122,18.538149030674155,433.0567229271387,512.0934237186228,-0.1376595225050061,101.41984433263133,-96.83119358246441,0.18354603000667483,-0.045886507501668714,9.17730150033375,183.5460300066748,-0.09177301500333741,-0.18354603000667483,0.04588650750166871,0.0,0.0,999.9082269849966,0.0,-607.8879508100362,0.0,7.719543872795839,-429.65119698676824,0.0,1000.0,59.30743499277759,-399.5862798020577,0.0,-500.0,303.9439754050181,-29.653717496388794,0.0,214.82559849338412,-60.121987581129446,-241.61693255647583,0.0,399.5862798020577,-241.61693255647583,-7.719543872795839,104.8100884400691,0.0,1496.5981,bhi
13,0.0,0.0,0.0,0.0,0.0,0.0,0.0,0.0,698.5250767933943,0.0,0.0,0.0,0.0,0.0,0.0,0.0,1000.0,0.0,0.0,-578.6160750826718,0.0,0.0,0.0,335.02731012835807,0.0,0.0,0.0,0.0,0.0,-890.5398796352432,0.0,0.0,799.4087943748114,0.0,0.0,0.0,0.0,693.9934155299879,0.0,-1000.0,712.5041381614677,0.0,-369.32151958439897,0.0,0.0,0.0,698.7022834229006,0.0,-478.7816399491559,0.0,0.0,0.0,0.0,0.1887465723339119,0.0,0.0,0.0,34.317558606112016,0.0,0.0,74.9109182380522,0.0,-450.1585634453429,-645.3138948401241,0.0,0.0,0.0,0.0,558.6264280963991,0.0,0.0,1.7158779303056007,0.0,0.0,0.0,0.0,0.0,0.0,0.0,0.0,0.0,0.0,0.0,0.0,102.95267581833606,0.0,0.0,495.98398456489997,-613.4761357998569,0.0,-0.04289694825764002,0.0,0.0,750.0000000001386,51.47633790916802,0.0,414.274211397251,-406.77132170902604,0.0,0.0,0.0,8.579389651528004,-890.5398796352432,0.0,0.0,-292.86307517887457,0.0,0.0,0.0,0.0,0.0,0.0,0.0,0.0,0.0,0.0,0.0,0.0,0.0,0.0,0.0,0.0,0.0,0.0,-917.8310383514388,0.0,0.0,414.274211397251,0.0,53.19221583947361,15.901774096926005,0.0,293.80709318765514,0.0,-293.80709318765514,293.80709318765514,-1000.0,0.0,0.0,729.9337503671666,0.0,0.0,0.0,0.0,0.0,13.212260063353126,0.17158779303056007,0.0,0.0,0.0,250.00000000000023,-352.2705397191937,0.0,0.0,0.0,0.0,1000.0,0.0,0.0,0.0,0.0,0.0,301.4693043701299,301.4693043701299,0.0,0.0,0.0,0.0,261.60815781617333,0.0,0.0,301.64089216316046,0.0,0.0,0.0,-585.4605043230226,0.0,0.0,0.0,0.0,0.0,0.0,0.0,0.0,0.0,0.0,0.0,0.0,0.0,0.0,0.0,-1000.0,0.0,0.0,0.0,0.0,0.0,0.0,369.32151958439897,613.4761357998569,-613.4761357998569,270.06624963283343,0.0,0.0,0.0,0.0,0.0,0.0,0.0,-73.09468276374969,0.0,0.0,0.0,0.0,0.0,0.0,0.0,0.0,0.0,0.0,0.0,0.0,0.0,0.0,59.76169416100629,0.0,0.0,0.0,0.0,0.0,-101.46988231705566,0.0,0.0,0.0,0.0,74.9109182380522,0.0,0.0,0.0,0.0,0.0,0.0,0.0,0.0,0.0,0.0,0.0,362.797873488083,0.0,596.2737911841128,-1000.0,1000.0,0.0,0.0,0.0,0.0,270.06624963283343,-365.7415250808283,0.0,0.0,0.0,-107.31527295187482,0.0,0.0,-1000.0,775.2123623794901,-500.00000000000045,-1000.0,-775.2123623794901,-500.00000000000045,0.0,0.0,17.65771610144111,0.0,0.0,341.93712343333675,0.0,0.0,0.0,-350.858909426942,0.0,350.858909426942,0.0,1000.0,0.0,0.0,278.5524492347614,0.0,0.0,0.0,74.9109182380522,-0.2573816895458401,0.0,0.0,0.0,0.0,0.17158779303056007,0.0,0.0,0.0,417.12942128697114,1000.0,0.0,-195.2420501192497,577.0875274456384,0.0,1000.0,0.0,117.38313370701101,0.0,-292.86307517887457,0.0,0.0,0.0,-14.773708979931516,-102.6094247270795,0.0,-1000.0,-1000.0,0.0,0.0,0.0,0.0,0.0,0.0,0.0,0.0,0.0,0.0,0.0,0.0,0.0,0.0,0.0,0.0,0.0,-305.3202332978896,0.0,-1000.0,0.0,0.0,401.24619477343924,0.0,0.0,0.0,394.0826591213073,0.0,0.0,0.0,0.0,0.0,-500.00000000000006,250.00000000000176,-422.8415090238626,0.0,43.98299663068042,-172.71525359249515,-8.579389651528004,744.1448023671126,-975.1877656827618,-250.00000000000176,414.2621193723346,0.0,-4.289694825764002,0.0,0.0,0.0,-930.9414442413057,1000.0,837.9033076021739,414.274211397251,500.00000000000045,-500.00000000000045,0.0,1000.0,0.0,698.6966645864248,500.0,500.0,-500.00000000000006,-500.0,-326.7604991196786,0.0,0.0,0.0,0.0,0.0,0.0,0.0,0.0,-120.2444131567291,0.0,0.0,126.77834955871879,0.0,0.0,0.0,0.0,-456.78305695543827,0.34317558606123477,0.0,0.0,0.0,0.0,0.0,0.0,0.0,0.0,0.0,558.6264280963991,0.0,0.0,0.0,0.0,0.0,0.0,0.0,0.0,0.0,0.1887465723339119,0.1887465723339119,0.0,0.0,0.0,102.95267581833606,0.0,0.0,0.0,1000.0,0.0,0.0,0.0,0.0,0.0,1000.0,-1000.0,0.0,0.0,868.2417222659114,0.0,0.0,126.77834955871879,0.0,0.0,0.0,0.0,0.0,0.0,0.0,305.9436794504796,-417.12942128697114,102.2705397191935,0.0,13.212260063353126,0.0,0.0,750.0000000001386,581.4036326843608,0.0,1000.0,0.0,1000.0,-456.78305695543827,0.0,0.0,0.0,0.0,0.0,0.0,0.0,0.0,0.0,0.0,0.0,0.0,0.0,0.0,0.0,0.0,102.95267581833605,270.06624963283343,270.06624963283343,0.0,0.0,0.0,0.0,0.0,0.0,0.0,0.0,0.0,0.0,1.7158779303056007,0.0,0.0,0.0,0.0,0.0,369.32151958439897,0.0,0.0,414.274211397251,-868.2417222659114,0.0,0.0,0.0,0.0,0.0,0.0,0.0,0.0,0.0,0.0,-522.0553250634296,0.0,51.47633790916802,51.47633790916802,1000.0,-1000.0,0.0,126.77834955871879,0.0,0.0,0.0,0.0,0.0,890.5398796352432,0.0,1000.0,0.17158779303056007,0.0,0.0,0.0,162.99909685101207,96.06395977966157,0.0,-750.0000000001386,0.0,0.0,0.0,0.0,0.0,0.0,0.0,0.0,0.0,0.0,0.0,0.0,0.0,0.0,0.17158779303056007,0.0,0.0,0.0,-220.3925274182359,220.3925274182359,0.0,0.0,0.0,0.0,0.0,795.3288538947465,0.0,0.0,-694.6797667021103,-12.869084477292008,-8.579389651528004,0.0,0.0,0.0,0.0,0.0,0.0,0.0,0.0,0.0,0.0,0.0,0.0,270.06624963283343,0.0,0.0,0.0,-84.45874698760385,0.0,0.0,0.0,698.5250767933943,0.0,0.0,0.17158779303056007,0.0,0.17158779303056007,0.0,0.0,0.0,102.95267581833606,209.33710749728334,209.33710749728334,0.0,0.0,0.0,0.0,0.0,0.0,0.0,102.2705397191935,0.0,0.0,0.0,0.0,0.0,0.0,0.0,0.0,0.0,0.0,0.0,0.0,0.0,0.0,0.0,0.0,0.0,0.0,0.0,168.59636731577777,0.0,-556.5421841452664,556.5421841452664,0.2573816895458401,0.0,0.0,0.0,-414.274211397251,0.0,0.0,0.0,0.0,0.0,0.0,8.579389651528004,0.0,0.0,0.0,0.0,-261.60815781617333,-14.104516587114801,0.0,0.0,0.0,0.0,0.0,0.0,0.0,0.0,270.06624963283343,0.0,868.2417222659114,0.0,0.0,0.0,948.3537913650703,-196.799115399213,0.0,379.9781425341925,0.0,-379.9781425341925,0.0,-575.0786325781116,0.0,8.579389651528004,1000.0,0.0,0.0,0.0,-120.2444131567291,0.0,0.0,683.6910676699647,-683.6910676699647,0.0,-407.29491918466044,0.0,0.0,0.0,-25.738168954584104,0.0,209.33710749728334,0.0,0.0,0.0,0.0,0.0,0.0,0.0,0.0,0.0,0.0,0.0,0.0,38.60725343187611,-721.6255249474111,-616.4018099489231,-369.32151958439897,51.47633790916802,0.0,0.0,0.0,0.0,-317.63147968074617,0.0,0.0,0.1887465723339119,0.0,0.0,0.0,104.66855374864164,0.0,0.0,0.0,0.0,59.76169416100629,0.0,0.0,0.0,0.0,0.0,0.0,0.0,0.0,0.0,0.0,0.01715877930305601,0.01715877930305601,0.0,0.0,0.0,0.0,0.0,0.0,0.0,0.0,0.0,0.0,0.0,0.0,0.0,0.0,0.0,0.0,0.0,0.0,0.0,0.0,0.0,0.0,0.0,0.0,0.0,0.0,0.0,0.0,1000.0,329.5815206540124,0.0,0.0,0.0,0.0,102.95267581833606,0.0,0.0,0.0,0.0,0.0,-352.9526758183363,250.00000000000023,0.0,0.0,0.0,0.0,0.0,0.0,0.0,0.0,0.0,0.0,0.0,0.0,-1000.0,-1000.0,117.5376382259337,0.0,-414.274211397251,0.0,693.9934155299879,0.0,0.0,0.0,0.0,0.0,0.0,0.0,0.0,0.0,0.0,0.0,0.0,0.0,0.0,0.0,0.0,0.0,-21.44847412882001,270.06624963283343,-12.869084477292008,-12.869084477292063,0.0,0.0,0.0,0.0,0.0,0.0,-2.1448474128820014,120.2444131567291,0.0,0.0,0.0,0.0,0.0,0.0,0.0,1000.0,51.47633790916802,51.47633790916802,0.0,0.0,0.0,0.0,0.0,0.1887465723339119,0.0,0.0,0.0,-693.9934155299879,0.0,0.0,0.0,0.0,0.0,0.0,0.0,0.0,0.0,0.0,0.0,0.0,0.0,0.0,278.2710920726332,0.0,0.0,15.901774096926005,0.0,180.16718268208808,0.0,0.0,13.212260063353126,0.0,0.0,0.0,0.0,0.0,0.0,0.0,0.0,0.0,-21.44847412882001,0.0,0.0,0.0,0.0,0.0,0.0,0.0,0.0,0.0,0.0,0.0,0.0,0.0,0.0,0.0,0.0,0.0,0.0,-0.17158779303056007,0.0,0.0,8.579389651528004,-1000.0,0.0,0.0,0.0,0.0,270.06624963283343,0.0,0.0,0.0,14.773708979931516,4.289694825764002,0.0,0.0,0.0,0.17158779303056007,0.0,171.58779303056008,-37.29044174254762,34.317558606112016,1.2256270930754292,510.53349074911455,-0.12869084477292006,8.579389651528004,3.4317558606112017,-0.8579389651529254,-510.53349074911455,51.47633790916802,-0.17158779303056007,97.62102505962486,126.77834955871879,0.04289694825764002,1.2256270930754292,-292.86307517887457,-27.316776650467943,-3.4317558606112017,-421.38392491732816,-0.17158779303056035,0.04289694825764002,-510.53349074911455,17.158779303056008,0.17158779303056007,0.17158779303056007,0.36033436536447194,0.18874657233361608,-574.4017411928387,-0.12869084477292006,51.47633790916802,0.17158779303056007,414.274211397251,277.00397697280295,-0.08579389651528004,160.12789155058798,84.13951522096909,-0.12869084477292006,-0.17158779303056007,-37.29044174254762,0.17158779303056007,17.158779303056008,-3.4317558606112017,168.59636731577777,168.59636731577777,-17.158779303056008,421.38392491732816,-168.59636731577777,34.317558606112016,0.2573816895458401,-1000.0,17.158779303056008,-305.9436794504796,126.77834955871879,-34.317558606112016,0.08579389651528004,1.7158779303056007,48.81051252981243,34.317558606112016,-0.17158779303056007,-38.60725343187611,-0.36033436536447194,53.19221583947361,0.17158779303056007,27.316776650467943,-441.92487556603623,126.77834955871879,-0.17158779303056007,-0.04289694825764002,-126.77834955871879,-0.17158779303056007,-456.78305695543827,0.17158779303056007,-0.04289694825764002,-0.04289694825764002,-0.04289694825764002,68.63511721222403,-277.00397697280295,1.7158779303056007,328.8595197246912,-0.04289694825764002,0.0,8.579389651528004,236.97091812924714,0.17158779303056007,0.08579389651528004,0.08579389651528004,80.5479540824154,37.29044174254762,0.17158779303056007,-37.29044174254762,1.7158779303056007,0.17158779303056007,-732.3283468510325,0.17158779303056007,0.6863511721224427,0.8579389651529254,0.08579389651528004,0.04289694825764002,51.47633790916802,-0.17158779303056007,574.4017411928387,1.7158779303056009,-657.7190394493824,4.289694825764003,-17.158779303056008,34.317558606112016,8.579389651528004,-0.17158779303056007,292.86307517887457,0.2573816895458401,-0.17158779303056007,-161.0959081648308,37.29044174254762,650.990666796529,0.08579389651528004,-473.9418362584943,-0.17158779303056007,-0.17158779303056007,-0.17158779303056007,0.08579389651528004,510.53349074911455,-34.317558606112016,0.17158779303056007,97.62102505962486,-0.04289694825764002,-0.18874657233361608,-97.62102505962486,25.73816895458401,-84.13951522096909,-12.727064635484425,510.53349074911455,-0.12869084477292006,38.60725343187611,-34.317558606112016,0.17158779303056035,-0.042896948257640025,8.579389651528004,171.58779303056008,-0.08579389651528004,-0.17158779303056007,0.04289694825764002,502.70481257911763,0.0,999.9142061034847,403.46882712634135,592.9430738230726,0.0,871.6031886267697,-1000.0,0.0,10.016618400610753,-510.75794408722044,-880.4008102519888,0.0,-5.008309200305376,-296.4715369115363,255.37897204361022,0.0,500.0,0.0,-333.35918711578285,0.0,880.4008102519888,-333.35918711578285,-871.6031886267697,648.184642444875,0.0,1496.5981,bhi
14,0.0,0.0,0.0,0.0,0.0,0.0,0.0,0.0,-0.17073332869879074,0.0,0.0,0.0,0.0,0.0,0.0,0.0,-406.2035468921926,716.0255068205046,0.0,-64.65612065925825,0.0,0.0,0.0,0.0,0.0,551.4650407303826,0.0,0.0,0.0,-838.2227803325386,0.0,0.0,349.13063374076125,0.0,0.0,0.0,0.0,-119.83296453637445,0.0,-1000.0,597.2309823676921,0.0,0.0,244.42632722473135,0.0,0.0,0.0,0.0,1000.0,0.0,0.0,-1000.0,0.0,0.18780666156883866,0.0,0.0,0.0,34.14666573975815,0.0,0.0,74.89595242285449,0.0,194.89965028792776,0.0,0.0,0.0,0.0,0.0,1000.0,-225.4777510222816,0.0,1.7073332869879077,0.0,0.0,0.0,0.0,0.0,0.0,0.0,241.302444608257,0.0,0.0,0.0,0.0,102.43999721927445,0.0,0.0,-1000.0,244.90973927600555,406.4596468852408,-0.042683332174697684,0.0,0.0,-347.3479098542384,51.21999860963722,0.0,402.76901763230785,0.0,0.0,0.0,0.0,8.536666434939537,-943.2310033547512,0.0,0.0,-345.01045582671856,0.0,30.234481526142428,0.0,0.0,0.0,0.0,0.0,0.0,0.0,0.0,0.0,0.0,0.0,0.0,0.0,0.0,0.0,0.0,-973.5659064427523,0.0,0.0,402.76901763230785,0.0,52.927331896625134,0.0,0.0,-1000.0,1000.0,0.0,0.0,365.1021986446089,0.0,0.0,-634.8978013553912,0.0,0.0,0.0,0.0,0.0,13.146466309806879,0.17073332869879074,0.0,0.0,0.0,0.0,-556.4466618330342,0.0,0.0,0.0,0.0,905.1976327135226,0.0,0.0,0.0,0.0,0.0,999.8292666713012,999.8292666713012,0.0,0.0,0.0,-750.0,0.0,0.0,0.0,1000.0,0.0,0.0,0.0,411.4478479518385,0.0,0.0,0.0,0.0,0.0,0.0,0.0,0.0,0.0,0.0,0.0,0.0,0.0,0.0,0.0,-1000.0,0.0,0.0,0.0,0.0,0.0,0.0,1000.0,-651.3693861612463,651.3693861612463,0.0,0.0,0.0,0.0,0.0,0.0,0.0,105.00822302221256,-45.744304171942645,0.0,0.0,0.0,0.0,0.0,0.0,0.0,0.0,0.0,0.0,0.0,0.0,0.0,0.0,-23.710987664778827,-755.5736727752686,0.0,0.0,0.0,269.79560271078225,182.2995615372916,0.0,0.0,0.0,0.0,74.89595242285449,-1000.0,0.0,0.0,0.0,0.0,0.0,0.0,0.0,0.0,5.497613184099167,0.0,351.5490190226706,0.0,0.0,896.2791254372519,348.6306138387537,0.0,755.5736727752686,0.0,0.0,269.79560271078225,899.2122131285352,0.0,0.0,0.0,-159.64305305872642,0.0,0.0,-1000.0,-1000.0,280.60685141153624,-1000.0,1000.0,280.60685141153624,-406.4596468852408,0.0,-1000.0,0.0,0.0,294.04642553233464,0.0,0.0,0.0,830.4797004518466,0.0,-830.4797004518466,0.0,1000.0,0.0,269.79560271078225,780.9291006103139,-750.0,0.0,0.0,74.89595242285449,-0.2560999930481861,0.0,0.0,0.0,0.0,0.17073332869879074,0.0,0.0,0.0,409.43380764630143,-406.2035468921926,0.0,-230.0069705511457,-671.6106980050829,0.0,1000.0,0.0,283.2422791641428,0.0,-345.01045582671856,0.0,0.0,0.0,393.650307930886,-1000.0,323.10741290497117,-1000.0,-1000.0,0.0,0.0,0.0,0.0,0.0,0.0,0.0,0.0,0.0,0.0,0.0,0.0,0.0,0.0,0.0,0.0,0.0,226.22392181504281,0.0,345.37395303662197,0.0,0.0,0.0,0.0,0.0,0.0,-18.644079493906048,0.0,0.0,0.0,358.497160830996,0.0,0.0,1000.0,34.96938923205266,0.0,0.0,-1000.0,0.0,-718.8385059653591,-601.008942395382,-1000.0,-43.5060556669922,1000.0,-4.268333217469769,-8.536666434939537,-99.82128266439834,0.0,466.62039641730684,1000.0,0.0,402.76901763230785,0.0,0.0,0.0,727.399677201076,0.0,0.0,0.0,0.0,0.0,0.0,-963.7475435036633,0.0,0.0,-0.3414666573975815,0.0,0.0,105.00822302221256,0.0,0.0,-120.00369786507324,0.0,500.00000000000006,0.0,0.0,0.0,0.0,0.0,-982.9266671301209,0.3414666573976955,0.0,0.0,0.0,0.0,0.0,0.0,0.0,0.0,0.0,774.5222489777184,0.0,0.0,0.0,0.0,0.0,0.0,0.0,0.0,0.0,0.18780666156883866,0.18780666156883866,0.0,162.41387780412015,0.0,102.43999721927445,0.0,0.0,0.0,1000.0,0.0,0.0,0.0,0.0,0.0,176.44714805361616,-1000.0,0.0,0.0,0.0,0.0,0.0,0.0,0.0,0.0,0.0,0.0,0.0,0.0,0.0,324.5219688142508,-409.43380764630143,556.4466618330342,0.0,13.146466309806879,0.0,-347.3479098542384,0.0,-182.2995615372916,0.0,176.44714805361616,0.0,-806.4795190765047,0.0,0.0,0.0,0.0,0.0,0.0,0.0,0.0,0.0,0.0,0.0,0.0,0.0,0.0,0.0,0.0,0.0,102.43999721927445,269.79560271078225,269.79560271078225,0.0,0.0,0.0,0.0,0.0,0.0,0.0,0.0,0.0,0.0,1.7073332869879077,0.0,0.0,0.0,0.0,0.0,1000.0,0.0,0.0,402.76901763230785,0.0,0.0,0.0,0.0,0.0,0.0,0.0,0.0,0.0,0.0,1000.0,708.3095560566038,0.0,51.21999860963722,51.21999860963722,1000.0,-1000.0,0.0,0.0,0.0,0.0,0.0,0.0,0.0,943.2310033547512,105.00822302221256,1000.0,0.17073332869879074,0.0,0.0,225.4777510222816,0.0,642.036389217445,0.0,347.3479098542384,0.0,0.0,0.0,0.0,0.0,0.0,0.0,0.0,0.0,0.0,0.0,0.0,0.0,0.0,0.17073332869879074,0.0,0.0,0.0,1000.0,-1000.0,0.0,0.0,0.0,0.0,-27.180745928845585,259.45495396431266,0.0,0.0,-131.76825630779393,-12.804999652409306,-8.536666434939537,0.0,0.0,0.0,0.0,0.0,0.0,0.0,0.0,0.0,0.0,0.0,0.0,269.79560271078225,0.0,0.0,0.0,475.1570628522464,0.0,0.0,0.0,-0.17073332869879074,0.0,0.0,0.17073332869879074,0.0,0.17073332869879074,0.0,0.0,0.0,102.43999721927445,208.29466101252473,208.29466101252473,0.0,0.0,0.0,0.0,0.0,0.0,0.0,556.4466618330342,0.0,105.00822302221256,0.0,0.0,0.0,408.35044753185207,0.0,0.0,0.0,0.0,0.0,0.0,0.0,0.0,0.0,0.0,0.0,0.0,0.0,182.2995615372916,0.0,-551.4650407303826,551.4650407303826,0.2560999930481861,0.0,0.0,0.0,-402.76901763230785,0.0,0.0,0.0,0.0,0.0,-162.41387780412015,8.536666434939537,0.0,0.0,0.0,750.0,0.0,-8.536666434939537,0.0,0.0,500.00000000000006,0.0,0.0,0.0,0.0,0.0,269.79560271078225,0.0,0.0,795.8055972300945,162.41387780412015,0.0,975.5973619154062,297.0259333907265,250.91828752937315,0.0,0.0,-250.91828752937315,0.0,690.9175521160105,0.0,8.536666434939537,574.085638172432,0.0,237.65779349315443,0.0,-120.00369786507324,0.0,0.0,0.0,0.0,0.0,0.0,0.0,0.0,0.0,175.21887745652944,-200.82887676134806,208.29466101252473,0.0,0.0,0.0,0.0,0.0,0.0,0.0,0.0,0.0,5.497613184099167,0.0,0.0,0.0,-1000.0,-949.0776441900384,0.0,51.21999860963722,0.0,0.0,0.0,0.0,-174.20453838930433,0.0,0.0,0.18780666156883866,0.0,0.0,0.0,104.14733050626236,0.0,0.0,0.0,0.0,-23.710987664778827,0.0,0.0,0.0,0.0,0.0,0.0,0.0,0.0,0.0,0.0,0.017073332869879075,0.017073332869879075,0.0,0.0,0.0,0.0,0.0,0.0,0.0,0.0,0.0,225.4777510222816,0.0,0.0,0.0,0.0,0.0,162.41387780412015,0.0,0.0,0.0,0.0,0.0,0.0,0.0,0.0,0.0,0.0,0.0,0.0,0.0,122.93678555635643,716.0255068205046,0.0,0.0,0.0,102.43999721927445,0.0,0.0,0.0,0.0,0.0,0.0,-102.43999721927445,0.0,0.0,0.0,0.0,0.0,0.0,0.0,0.0,0.0,0.0,0.0,0.0,-1000.0,-1000.0,525.3027776905237,0.0,-402.76901763230785,0.0,-119.83296453637445,0.0,0.0,0.0,0.0,0.0,0.0,0.0,0.0,0.0,125.00000000000001,0.0,-125.00000000000001,-125.00000000000001,0.0,0.0,0.0,0.0,-21.34166608734884,269.79560271078225,-12.804999652409306,596.3743246407909,0.0,0.0,0.0,0.0,0.0,-2.1341666087348847,0.0,120.00369786507324,0.0,0.0,0.0,0.0,0.0,0.0,0.0,1000.0,51.21999860963722,51.21999860963722,0.0,0.0,0.0,0.0,241.302444608257,0.18780666156883866,162.41387780412015,0.0,0.0,119.83296453637445,0.0,0.0,0.0,0.0,0.0,0.0,0.0,0.0,0.0,0.0,0.0,0.0,0.0,0.0,0.0,0.0,0.0,0.0,0.0,179.26999513373028,13.146466309806879,0.0,0.0,0.0,0.0,0.0,162.41387780412015,0.0,0.0,0.0,0.0,0.0,-21.34166608734884,0.0,0.0,0.0,0.0,0.0,0.0,0.0,0.0,0.0,0.0,0.0,0.0,0.0,0.0,0.0,0.0,0.0,0.0,-0.17073332869879074,0.0,0.0,8.536666434939537,-176.44714805361616,0.0,0.0,0.0,0.0,269.79560271078225,0.0,0.0,0.0,-393.650307930886,4.268333217469769,0.0,0.0,551.4650407303826,0.17073332869879074,0.0,170.73332869879073,-52.927331896625134,34.14666573975815,1.2195237764199338,476.3459870696262,-0.12804999652409305,8.536666434939532,3.414666573975815,-0.8536666434940262,-476.3459870696262,51.21999860963722,-0.17073332869879074,115.00348527557286,0.0,0.042683332174697684,1.2195237764199338,-345.01045582671856,-27.180745928845585,-3.414666573975815,-245.16583926905372,-0.17073332869879074,0.042683332174697684,-476.3459870696262,130.6808017402097,0.17073332869879074,0.17073332869879074,-162.05533781385253,0.18780666156866982,0.0,-0.12804999652409305,51.21999860963722,0.17073332869879074,402.76901763230785,266.18235467327526,-0.08536666434939537,-215.17672106008547,-199.54362773586945,-0.12804999652409305,-0.17073332869879074,-52.927331896625134,0.17073332869879074,17.073332869879074,-3.414666573975815,182.2995615372916,182.2995615372916,-17.073332869879067,245.16583926905372,-182.2995615372916,34.14666573975815,0.2560999930481861,-1000.0,17.073332869879074,-324.5219688142508,0.0,-34.14666573975815,0.08536666434939537,1.7073332869879077,57.50174263778643,196.56054354387828,-0.17073332869879074,-200.82887676134806,162.05533781385253,52.927331896625134,0.17073332869879074,27.180745928845585,-670.0364823315501,0.0,-0.17073332869879074,-0.042683332174697684,0.0,-0.17073332869879074,-982.9266671301209,0.17073332869876232,-0.042683332174697684,-0.042683332174697684,-0.042683332174697684,68.2933314795163,-266.18235467327526,1.7073332869879077,126.49205489971371,-0.042683332174697684,0.0,8.536666434939537,500.0,0.17073332869879074,0.08536666434939537,0.08536666434939537,-117.82446848551206,52.927331896625134,0.17073332869879074,-52.927331896625134,1.7073332869879077,0.17073332869879074,-126.49205489971371,0.17073332869879074,0.6829333147952354,0.8536666434940262,0.08536666434939537,0.042683332174697684,51.21999860963722,-0.17073332869879074,0.0,1.7073332869879074,-252.98410979942742,4.268333217469774,-17.073332869879074,34.14666573975815,8.536666434939537,-0.17073332869879074,345.01045582671856,0.2560999930481861,-0.17073332869879074,235.6489369710241,52.927331896625134,533.6261879966569,0.08536666434939537,-1000.0,-0.17073332869879074,-0.17073332869876232,-0.17073332869879074,0.08536666434939537,476.3459870696262,-34.14666573975815,0.17073332869879074,115.00348527557286,-0.042683332174697684,-0.18780666156866982,-115.00348527557286,25.609999304818608,199.54362773586945,-295.2428486527341,476.3459870696262,-0.12804999652409305,200.82887676134806,-196.56054354387828,0.17073332869879074,-0.04268333217469768,367.03382726593554,170.73332869879073,-0.08536666434939537,-0.17073332869879074,0.042683332174697684,832.8501715457709,0.0,999.9146333356506,0.0,-1000.0,0.0,949.9200430011633,-55.87790691427827,113.60746887033062,649.1431173483687,-94.82473282789738,-453.29736582213013,0.0,-324.57155867418436,500.0,47.41236641394869,-113.60746887033062,27.938953457139135,-162.41387780412015,-359.42164960735255,0.0,453.29736582213013,-359.42164960735255,-949.9200430011633,801.4415962314172,0.0,1496.5981,bhi
15,0.0,0.0,0.0,0.0,0.0,0.0,0.0,0.0,-0.18432931784525122,0.0,0.0,0.0,0.0,0.0,0.0,0.0,-328.08409641049917,-447.55309613297106,0.0,1000.0,0.0,0.0,0.0,26.169435298844746,0.0,528.4802741988264,0.0,0.0,0.0,1000.0,0.0,0.0,538.1383252612736,0.0,0.0,0.0,0.0,999.262682728619,0.0,-1000.0,-118.06687545734064,0.0,0.0,-123.86482927860419,0.0,0.0,360.5892220823447,0.0,55.286412358732946,0.0,0.0,399.11821953773455,0.0,0.2027622496297449,0.0,0.0,0.0,36.86586356905024,0.0,0.0,-16.233268591572088,0.0,16.233268591572088,0.0,0.0,0.0,0.0,0.0,984.1292457335239,-984.1292457335239,0.0,1.8432931784525122,0.0,0.0,0.0,0.0,0.0,0.0,0.0,0.0,0.0,0.0,0.0,0.0,110.59759070715072,0.0,0.0,781.5968346181502,29.45960895790258,266.8461246324019,-0.0460823294613128,0.0,0.0,-402.6335897537921,55.29879535357536,0.0,210.3837888229513,-733.4286412214523,0.0,0.0,0.0,9.21646589226256,461.5675720862456,0.0,0.0,-457.78799681434646,0.0,0.0,0.0,0.0,0.0,0.0,0.0,0.0,0.0,0.0,0.0,0.0,0.0,0.0,0.0,0.0,0.0,0.0,-912.2093256714584,0.0,0.0,210.3837888229513,0.0,57.14208853202787,0.0,0.0,-695.2731821039014,-250.00000000000003,945.2731821039014,-945.2731821039014,-806.7372302086465,250.00000000000023,-250.00000000000023,806.7372302086465,0.0,0.0,0.0,0.0,0.0,14.193357474084335,0.18432931784525122,0.0,0.0,0.0,0.0,0.0,0.0,0.0,0.0,0.0,966.1610321882995,0.0,0.0,0.0,0.0,0.0,590.6080866015336,590.6080866015336,0.0,0.0,0.0,-250.0,0.0,0.0,0.0,590.7924159193789,0.0,0.0,0.0,455.5730172006438,-1000.0,0.0,0.0,0.0,0.0,0.0,0.0,0.0,0.0,0.0,-298.11624937246563,0.0,0.0,0.0,0.0,-906.6778475936325,0.0,0.0,0.0,0.0,0.0,0.0,-399.11821953773455,-114.68187642788061,114.68187642788061,0.0,0.0,0.0,0.0,0.0,0.0,0.0,538.4324279137544,-1000.0,0.0,0.0,0.0,0.0,0.0,0.0,0.0,0.0,0.0,0.0,0.0,0.0,0.0,0.0,-167.053879544468,-328.08409641049917,0.0,0.0,0.0,0.0,55.15440706055438,0.0,0.0,0.0,0.0,-16.233268591572088,-204.21926713189498,0.0,0.0,0.0,0.0,0.0,0.0,0.0,0.0,0.0,0.0,155.08499346937595,0.0,-144.1414853857832,0.0,323.0831510112677,0.0,328.08409641049917,0.0,0.0,0.0,224.88176777120646,0.0,0.0,0.0,-287.7935370403813,0.0,0.0,-589.5666985835194,-1000.0,0.0,410.43330141648033,0.0,1000.0,-85.22226746997802,0.0,0.0,0.0,0.0,459.12438972769644,0.0,0.0,0.0,561.178429092256,0.0,-561.178429092256,0.0,951.012979366033,0.0,0.0,-1000.0,-250.0,0.0,0.0,-16.233268591572088,-0.2764939767678768,0.0,0.0,0.0,0.0,0.18432931784525122,0.0,0.0,0.0,641.1396517101268,-328.08409641049917,0.0,-305.19199787623097,-279.7758291316176,1000.0,-6.244205575621891,0.0,1000.0,0.0,-457.78799681434646,0.0,0.0,0.0,-15.870754266476096,-984.1292457335239,0.0,-1000.0,-1000.0,0.0,0.0,0.0,0.0,0.0,0.0,0.0,0.0,0.0,0.0,0.0,0.0,0.0,0.0,0.0,0.0,0.0,0.0,0.0,-1000.0,0.0,0.0,727.4932371868342,0.0,852.921234057001,0.0,-14.193357474084335,0.0,0.0,0.0,0.0,0.0,0.0,0.0,761.8420409370187,0.0,0.0,0.0,114.4978530129512,-655.8371491196244,407.6377226409937,0.0,-771.0585068292813,1000.0,-4.60823294613128,-123.71431890521376,-163.48567157936054,0.0,489.70817335370884,-472.5275282037381,0.0,210.3837888229513,0.0,0.0,0.0,633.1455126455925,0.0,0.0,0.0,0.0,0.0,0.0,223.86288712216648,0.0,0.0,0.0,0.0,0.0,538.4324279137544,0.0,0.0,-32.466537183144176,0.0,0.0,98.56111894123273,0.0,0.0,0.0,0.0,-377.4376683674193,0.3686586356906255,0.0,0.0,0.0,0.0,0.0,0.0,0.0,0.0,0.0,0.0,0.0,0.0,0.0,0.0,0.0,0.0,0.0,0.0,0.0,0.2027622496297449,0.2027622496297449,0.0,36.0980907997708,0.0,110.59759070715072,0.0,58.14866327613839,0.0,1000.0,0.0,0.0,0.0,0.0,0.0,866.8182562674682,-1000.0,0.0,0.0,0.0,0.0,0.0,98.56111894123273,0.0,0.0,0.0,0.0,0.0,0.0,0.0,304.0697752238195,-641.1396517101268,0.0,0.0,14.193357474084335,0.0,0.0,-402.6335897537921,-457.78799681434646,0.0,866.8182562674682,0.0,489.3805879000489,0.0,0.0,0.0,0.0,0.0,0.0,0.0,0.0,0.0,0.0,0.0,0.0,0.0,0.0,0.0,0.0,0.0,110.59759070715072,0.0,0.0,0.0,0.0,0.0,0.0,0.0,0.0,0.0,0.0,0.0,0.0,1.8432931784525122,0.0,0.0,0.0,0.0,0.0,-399.11821953773455,0.0,0.0,210.3837888229513,0.0,0.0,0.0,0.0,0.0,0.0,0.0,0.0,0.0,0.0,651.866470223223,0.0,0.0,55.29879535357536,55.29879535357536,477.75451685804586,-1000.0,0.0,98.56111894123273,0.0,0.0,0.0,0.0,0.0,0.0,538.4324279137544,-248.33477440030748,0.18432931784525122,0.0,0.0,243.43319697434637,0.0,0.0,0.0,402.6335897537921,0.0,0.0,0.0,0.0,0.0,0.0,0.0,0.0,0.0,0.0,0.0,0.0,0.0,0.0,0.18432931784525122,0.0,0.0,0.0,0.0,0.0,0.0,0.0,0.0,0.0,0.0,713.2998797127499,0.0,0.0,-1000.0,-13.824698838393843,-9.21646589226256,0.0,0.0,0.0,0.0,0.0,0.0,0.0,0.0,0.0,0.0,0.0,0.0,0.0,1000.0,0.0,0.0,498.9246392459714,0.0,0.0,0.0,-0.18432931784525122,0.0,0.0,0.18432931784525122,0.0,0.18432931784525122,0.0,0.0,0.0,110.59759070715072,224.88176777120646,224.88176777120646,0.0,0.0,0.0,0.0,0.0,0.0,0.0,0.0,0.0,538.4324279137544,0.0,0.0,0.0,0.0,0.0,0.0,0.0,0.0,0.0,0.0,0.0,0.0,0.0,0.0,0.0,0.0,0.0,55.15440706055438,0.0,-528.4802741988264,528.4802741988264,0.2764939767678768,0.0,0.0,0.0,-210.3837888229513,0.0,0.0,0.0,0.0,0.0,-36.0980907997708,9.21646589226256,0.0,0.0,0.0,250.00000000000003,0.0,643.9378077907618,0.0,0.0,0.0,0.0,0.0,0.0,0.0,0.0,0.0,0.0,0.0,0.0,36.0980907997708,0.0,-499.20431841129766,-457.78799681434646,0.0,629.7444503166774,0.0,-629.7444503166774,0.0,0.0,58.14866327613839,9.21646589226256,354.67547530201534,0.0,71.08980203936775,0.0,-32.466537183144176,500.00000000000045,-500.00000000000045,-250.00000000021186,250.00000000021186,0.0,0.0,0.0,0.0,0.0,284.2915505340718,-13.824698838393829,224.88176777120646,0.0,0.0,0.0,0.0,0.0,0.0,0.0,0.0,0.0,0.0,0.0,0.0,63.74748847655851,-243.43319697434637,0.0,0.0,55.29879535357536,0.0,0.0,0.0,0.0,-114.69992419409273,0.0,0.0,0.2027622496297449,0.0,0.0,0.0,112.44088388560323,0.0,0.0,0.0,0.0,-167.053879544468,0.0,0.0,0.0,0.0,0.0,0.0,0.0,0.0,0.0,0.0,115.6394853956911,0.01843293178452512,0.0,0.0,0.0,0.0,0.0,0.0,0.0,0.0,0.0,243.43319697434637,0.0,0.0,0.0,0.0,0.0,36.0980907997708,0.0,0.0,0.0,0.0,0.0,0.0,0.0,0.0,0.0,0.0,0.0,0.0,0.0,0.0,-447.55309613297106,0.0,0.0,0.0,110.59759070715072,0.0,0.0,0.0,0.0,0.0,0.0,-110.59759070715072,0.0,0.0,0.0,0.0,0.0,0.0,0.0,0.0,0.0,0.0,0.0,0.0,248.33477440030748,-538.4324279137544,126.26558272399708,-210.3837888229513,0.0,0.0,999.262682728619,0.0,0.0,0.0,0.0,0.0,0.0,0.0,0.0,0.0,0.0,0.0,0.0,0.0,0.0,0.0,0.0,58.14866327613839,-23.041164730656405,0.0,-13.824698838393843,0.0,0.0,0.0,0.0,0.0,0.0,0.0,-2.30411647306564,32.466537183144176,0.0,0.0,0.0,0.0,0.0,0.0,0.0,1000.0,55.29879535357536,55.29879535357536,0.0,0.0,0.0,0.0,0.0,0.2027622496297449,36.0980907997708,0.0,0.0,-999.262682728619,115.62105246390657,0.0,0.0,0.0,0.0,0.0,0.0,0.0,0.0,0.0,0.0,0.0,0.0,0.0,0.0,0.0,0.0,0.0,0.0,193.54578373751374,0.0,0.0,14.193357474084335,0.0,0.0,0.0,36.0980907997708,0.0,-659.0896777176424,0.0,0.0,0.0,-23.041164730656405,0.0,0.0,0.0,0.0,0.0,0.0,0.0,0.0,0.0,0.0,0.0,0.0,0.0,0.0,0.0,0.0,0.0,0.0,-0.18432931784525122,0.0,0.0,9.21646589226256,-866.8182562674682,0.0,0.0,0.0,0.0,0.0,0.0,0.0,0.0,15.870754266476096,4.60823294613128,0.0,0.0,528.4802741988264,0.18432931784525122,0.0,184.3293178452512,-57.14208853202787,36.86586356905024,1.316637984608937,514.2787967882508,-0.1382469883839384,9.216465892262605,3.6865863569050243,-0.9216465892262675,-514.2787967882508,55.29879535357536,-0.1843293178452512,152.59599893811549,98.56111894123273,0.0460823294613128,1.316637984608937,-457.78799681434646,-29.345227400964973,-3.6865863569050243,-224.36280745652977,-0.1843293178452512,0.0460823294613128,-514.2787967882508,386.25325104339703,0.1843293178452512,0.18432931784525122,-35.710999232295805,0.2027622496297823,0.0,-0.1382469883839384,55.29879535357536,0.1843293178452512,210.3837888229513,62.92033454675034,-0.0921646589226256,-50.58503855960657,-73.77166816292475,-0.1382469883839384,-0.1843293178452512,-57.14208853202787,0.18432931784525122,18.43293178452512,-3.6865863569050243,55.15440706055438,55.15440706055438,-18.432931784525124,224.36280745652977,-55.15440706055438,36.86586356905024,0.2764939767678768,-1000.0,18.43293178452512,-304.0697752238195,98.56111894123273,-36.86586356905024,0.0921646589226256,1.8432931784525122,76.29799946905774,72.96395436882105,-0.18432931784525122,-77.57218731495234,35.710999232295805,57.14208853202787,0.1843293178452512,29.345227400964973,-645.5393752013164,98.56111894123273,-0.18432931784525122,-0.0460823294613128,-98.56111894123273,-0.1843293178452512,-377.4376683674193,0.18432931784547857,-0.0460823294613128,-0.0460823294613128,-0.0460823294613128,73.73172713810048,-62.92033454675034,1.8432931784525122,177.87849317406324,-0.0460823294613128,0.0,9.21646589226256,197.9353000759722,0.18432931784525122,0.0921646589226256,0.0921646589226256,67.71349125514149,57.14208853202787,0.18432931784525122,-57.14208853202787,1.8432931784525122,0.1843293178452512,-260.50551280498127,0.1843293178452512,0.7373172713810163,0.9216465892262675,0.0921646589226256,0.0460823294613128,55.29879535357536,-0.1843293178452512,0.0,1.8432931784525122,-355.7569863481265,4.608232946131238,-18.43293178452512,36.86586356905024,9.21646589226256,-0.1843293178452512,457.78799681434646,0.2764939767678768,-0.1843293178452512,-135.42698251028298,57.14208853202787,347.8170682818642,0.0921646589226256,-395.8706001519444,-0.1843293178452512,-0.18432931784547857,-0.1843293178452512,0.0921646589226256,514.2787967882508,-36.86586356905024,0.18432931784525122,152.59599893811549,-0.0460823294613128,-0.2027622496297823,-152.59599893811549,27.649397676787682,73.77166816292475,-524.3411216333178,514.2787967882508,-0.1382469883839384,77.57218731495234,-72.96395436882105,0.1843293178452512,-0.0460823294613128,9.21646589226256,184.3293178452512,-0.0921646589226256,-0.1843293178452512,0.0460823294613128,1000.0,0.0,818.2839781786536,82.62701963091803,-1000.0,0.0,1000.0,-1000.0,367.8203192588719,-32.615795044409076,-436.08626652246255,462.3384548422474,-181.62385716242386,16.307897522204538,500.0,218.04313326123128,-367.8203192588719,500.0,-36.0980907997708,-233.11714408777146,181.62385716242386,-462.3384548422474,-233.11714408777146,-1000.0,813.5532217083957,0.0,1496.5981,bhi
16,0.0,0.0,0.0,0.0,0.0,0.0,0.0,0.0,-0.1032540176347615,0.0,0.0,0.0,0.0,0.0,0.0,0.0,24.853036589622853,202.68294450867495,0.0,0.0,0.0,0.0,0.0,0.0,0.0,0.0,0.0,0.0,0.0,-657.2629516634919,0.0,0.0,52.01044286891761,0.0,0.0,0.0,0.0,773.2729190603372,0.0,121.6250774735268,-34.573362602147974,0.0,0.0,1.4441712945359768,0.0,0.0,0.0,547.8427898046067,1000.0,-662.0801780775666,0.0,799.7060731792453,0.0,0.11357941939815634,0.0,0.0,0.0,568.4935933315589,0.0,0.0,-9.09323715303512,0.0,9.09323715303512,0.0,0.0,0.0,0.0,0.0,0.0,0.0,0.0,1.032540176347615,0.0,0.0,0.0,0.0,0.0,0.0,0.0,0.0,0.0,0.0,0.0,0.0,61.9524105808569,0.0,0.0,280.726266962928,-778.7756692960967,782.4147630079333,-0.025813504408690374,0.0,0.0,798.9402512213622,30.97620529042845,0.0,205.84473749290362,0.0,0.0,0.0,0.0,5.162700881738075,-657.2629516634919,0.0,0.0,-250.0668771197395,540.7934758159334,0.0,0.0,0.0,0.0,0.0,0.0,0.0,0.0,0.0,0.0,0.0,0.0,0.0,0.0,0.0,0.0,0.0,-41.677812853289915,0.0,0.0,205.84473749290362,0.0,32.00874546677606,0.0,0.0,646.9035465938274,0.0,-646.9035465938274,646.9035465938274,0.0,0.0,0.0,0.0,0.0,0.0,0.0,0.0,0.0,7.95055935787663,0.1032540176347615,0.0,0.0,0.0,-540.7934758159334,0.0,0.0,0.0,0.0,0.0,927.4203942251413,0.0,0.0,0.0,0.0,0.0,-79.79567986816997,-79.79567986816997,0.0,0.0,0.0,0.0,0.0,0.0,0.0,-79.6924258505352,0.0,0.0,0.0,0.0,0.0,0.0,0.0,0.0,0.0,0.0,0.0,0.0,0.0,0.0,-791.3561393487727,0.0,0.0,0.0,0.0,-1000.0,0.0,0.0,0.0,0.0,0.0,662.0801780775666,-799.7060731792453,28.33724927500731,-28.33724927500731,0.0,0.0,0.0,0.0,0.0,0.0,0.0,0.0,141.53733552023573,0.0,0.0,0.0,0.0,0.0,0.0,0.0,0.0,0.0,0.0,0.0,0.0,0.0,0.0,-242.2785738776579,432.1159882531143,0.0,0.0,0.0,0.0,0.0,0.0,0.0,0.0,0.0,-9.09323715303512,430.67181695857835,0.0,0.0,0.0,0.0,0.0,0.0,0.0,0.0,200.97696682375317,0.0,174.86853220247517,0.0,807.112918571104,0.0,509.3574430586901,0.0,-432.1159882531143,0.0,0.0,0.0,412.4853426525081,0.0,0.0,0.0,320.63380496149307,0.0,0.0,886.7382756173151,1000.0,418.4648296773499,-85.10032041110503,-28.161403971579784,-553.3737663510703,-750.4384200210893,0.0,-250.00000000000045,662.0801780775666,0.0,288.0787092009846,0.0,0.0,0.0,-816.5260645833192,0.0,816.5260645833192,0.0,433.0471469015919,0.0,0.0,0.0,0.0,0.0,0.0,-9.09323715303512,-0.15488102645214225,0.0,0.0,0.0,0.0,0.1032540176347615,0.0,0.0,0.0,593.1782956833432,24.853036589622853,0.0,-166.71125141315966,289.49507107138857,0.0,171.27137489075565,0.0,0.0,0.0,-250.0668771197395,0.0,0.0,0.0,605.1261224425034,394.8738775574966,-1000.0,-1000.0,-1000.0,0.0,0.0,0.0,0.0,0.0,0.0,0.0,0.0,0.0,0.0,0.0,0.0,0.0,0.0,0.0,0.0,0.0,822.3027825531863,0.0,48.61684742231023,0.0,0.0,197.65218745591224,0.0,0.0,0.0,-208.92752618162982,0.0,0.0,0.0,867.5475505913986,0.0,0.0,0.0,-5.162700881738075,-252.58135044086927,-394.8738775574966,583.3973869791832,0.0,372.07240118355537,-992.6677798810166,0.0,0.0,0.0,250.00000000000023,-5.162700881738075,-263.77430376084374,0.0,-67.11511146259498,0.0,0.0,205.84473749290362,0.0,0.0,0.0,675.8618694355325,0.0,0.0,750.0,750.0,-750.0,-750.0,347.33999830795807,0.0,0.0,-512.9460807873967,0.0,0.0,0.0,0.0,0.0,-18.18647430607024,0.0,0.0,0.0,0.0,0.0,0.0,0.0,-448.1233113705614,0.20650803526959194,0.0,0.0,0.0,0.0,0.0,0.0,0.0,0.0,0.0,0.0,0.0,0.0,0.0,0.0,0.0,0.0,0.0,0.0,0.0,0.11357941939815634,0.11357941939815634,0.0,0.0,0.0,61.9524105808569,0.0,0.0,0.0,1000.0,0.0,0.0,0.0,0.0,0.0,1000.0,-1000.0,0.0,0.0,366.67631700493257,0.0,0.0,0.0,0.0,0.0,0.0,0.0,0.0,0.0,0.0,13.892604284429972,-593.1782956833432,0.0,0.0,7.95055935787663,0.0,0.0,798.9402512213622,798.9402512213622,0.0,1000.0,0.0,551.8766886294386,0.0,500.00000000000045,-500.00000000000045,0.0,0.0,0.0,0.0,0.0,0.0,0.0,0.0,0.0,0.0,0.0,0.0,0.0,0.0,61.9524105808569,0.0,0.0,0.0,0.0,0.0,0.0,0.0,0.0,0.0,0.0,0.0,0.0,1.032540176347615,0.0,0.0,0.0,0.0,0.0,-799.7060731792453,0.0,0.0,205.84473749290362,-366.67631700493257,0.0,0.0,0.0,0.0,0.0,0.0,0.0,0.0,0.0,423.0172524512538,-170.90906068741032,0.0,30.97620529042845,30.97620529042845,-543.0686909503385,-1000.0,0.0,0.0,0.0,0.0,0.0,0.0,0.0,657.2629516634919,0.0,1000.0,0.1032540176347615,0.0,0.0,0.0,136.36168086065038,0.0,0.0,-798.9402512213622,0.0,0.0,0.0,0.0,0.0,0.0,0.0,0.0,0.0,0.0,0.0,0.0,0.0,0.0,0.1032540176347615,0.0,0.0,0.0,0.0,0.0,0.0,0.0,0.0,0.0,0.0,-11.275338725717575,0.0,0.0,-773.685935130876,-7.744051322607112,-5.162700881738033,0.0,0.0,0.0,0.0,0.0,0.0,0.0,0.0,0.0,0.0,0.0,0.0,0.0,0.0,0.0,0.0,-61.9524105808569,0.0,0.0,0.0,-0.1032540176347615,0.0,0.0,0.1032540176347615,0.0,0.1032540176347615,0.0,0.0,0.0,61.9524105808569,125.96990151440903,125.96990151440903,0.0,0.0,0.0,0.0,0.0,0.0,0.0,0.0,0.0,0.0,0.0,0.0,0.0,614.0162933608563,0.0,0.0,0.0,0.0,0.0,0.0,0.0,0.0,0.0,0.0,0.0,0.0,0.0,0.0,0.0,0.0,0.0,0.15488102645214225,0.0,0.0,0.0,-205.84473749290362,0.0,0.0,0.0,0.0,0.0,0.0,5.162700881738075,0.0,0.0,0.0,0.0,0.0,0.0,0.0,0.0,0.0,0.0,0.0,0.0,0.0,0.0,0.0,0.0,366.67631700493257,672.7019783616677,0.0,0.0,-388.6246032257576,-250.0668771197395,0.0,-208.92752618162982,0.0,208.92752618162982,0.0,286.51544113809905,0.0,5.162700881738079,598.692935060738,0.0,0.0,0.0,-18.18647430607024,-500.00000000000045,500.00000000000045,0.0,0.0,0.0,0.0,0.0,0.0,0.0,775.8680367035585,0.0,125.96990151440903,0.0,-736.713879303097,-736.713879303097,736.713879303097,0.0,0.0,0.0,0.0,0.0,200.97696682375317,0.0,0.0,23.23215396782132,-136.36168086065038,0.0,0.0,30.97620529042845,0.0,0.0,0.0,0.0,34.76137825351995,0.0,0.0,0.11357941939815634,0.0,0.0,0.0,62.984950757204516,0.0,0.0,0.0,0.0,-242.2785738776579,0.0,540.7934758159334,0.0,0.0,0.0,0.0,0.0,0.0,-226.30975999600318,0.0,0.01032540176347615,0.01032540176347615,0.0,0.0,0.0,0.0,0.0,0.0,0.0,0.0,0.0,0.0,0.0,0.0,0.0,0.0,0.0,0.0,0.0,0.0,0.0,0.0,0.0,0.0,0.0,662.0801780775666,0.0,0.0,0.0,0.0,0.0,0.0,202.68294450867495,0.0,0.0,0.0,61.9524105808569,0.0,0.0,0.0,0.0,0.0,0.0,-61.9524105808569,0.0,0.0,0.0,0.0,0.0,0.0,0.0,0.0,0.0,0.0,0.0,0.0,-1000.0,-1000.0,684.7452954406679,-205.84473749290362,0.0,0.0,773.2729190603372,0.0,0.0,0.0,0.0,0.0,0.0,0.0,0.0,0.0,874.9999999999999,0.0,-874.9999999999999,-875.0,0.0,0.0,0.0,0.0,-12.906752204345146,0.0,-7.744051322607112,606.2722420382491,0.0,0.0,0.0,0.0,0.0,0.0,-1.2906752204345189,18.18647430607024,0.0,0.0,0.0,0.0,0.0,0.0,0.0,1000.0,30.97620529042845,30.97620529042845,0.0,0.0,0.0,0.0,0.0,0.11357941939815634,0.0,0.0,0.0,-773.2729190603372,0.0,0.0,0.0,0.0,0.0,0.0,0.0,0.0,0.0,0.0,0.0,0.0,0.0,0.0,0.0,0.0,0.0,0.0,0.0,108.41671851649957,7.95055935787663,0.0,0.0,0.0,0.0,0.0,0.0,0.0,192.48948657417415,0.0,0.0,0.0,-12.906752204345146,0.0,0.0,0.0,0.0,0.0,0.0,0.0,0.0,0.0,0.0,0.0,0.0,0.0,0.0,0.0,0.0,0.0,0.0,-0.1032540176347615,0.0,0.0,5.162700881738075,-1000.0,0.0,0.0,0.0,0.0,0.0,0.0,0.0,0.0,-605.1261224425034,2.5813504408690378,0.0,0.0,0.0,0.1032540176347615,0.0,103.25401763476148,-32.00874546677606,20.6508035269523,0.7375286973911536,288.0787092009846,-0.07744051322607112,5.162700881738075,2.06508035269523,-0.5162700881735495,-288.0787092009846,30.97620529042845,-0.1032540176347615,83.35562570657983,0.0,0.025813504408690374,0.7375286973911536,-250.0668771197395,-16.438039607455664,-2.06508035269523,-227.5359810982978,-0.1032540176347615,0.025813504408690374,-288.0787092009846,10.32540176347615,0.1032540176347615,0.1032540176347615,0.21683343703291785,0.11357941939823765,0.0,-0.07744051322607112,30.97620529042845,0.1032540176347615,205.84473749290362,123.24152338509441,-0.05162700881738075,-427.2866399856623,-10.42865578111091,-0.07744051322607112,-0.1032540176347612,-32.00874546677606,0.1032540176347615,10.32540176347615,-2.06508035269523,0.0,0.0,-10.32540176347615,227.5359810982978,0.0,20.6508035269523,0.15488102645214225,-1000.0,10.32540176347615,-13.892604284429972,0.0,-20.6508035269523,0.05162700881738075,1.032540176347615,41.677812853289915,20.6508035269523,-0.1032540176347615,-23.23215396782132,-0.21683343703291785,32.00874546677606,0.1032540176347615,16.438039607455664,-298.77335336418884,0.0,-0.1032540176347615,-0.025813504408690374,0.0,-0.1032540176347615,-988.9167871864948,0.1032540176347615,-0.025813504408690374,-0.025813504408690374,-0.025813504408690374,41.3016070539046,-123.24152338509441,1.032540176347615,76.49832031515706,-0.025813504408690374,0.0,5.162700881738075,229.22435656701876,0.1032540176347615,0.05162700881738075,0.05162700881738075,10.32540176347615,32.00874546677606,0.1032540176347615,-32.00874546677606,1.032540176347615,0.1032540176347615,-76.49832031515706,0.1032540176347615,0.41301607053878797,0.5162700881735495,0.05162700881738075,0.025813504408690374,30.97620529042845,-0.1032540176347615,0.0,1.032540176347615,-152.99664063031412,2.5813504408690378,-10.32540176347615,20.6508035269523,5.162700881738075,-0.1032540176347615,250.0668771197395,0.15488102645214225,-0.1032540176347615,-20.6508035269523,32.00874546677606,119.13624150289243,0.05162700881738075,-458.4487131340375,-0.1032540176347615,-0.1032540176347615,-0.1032540176347615,0.0516270088173806,288.0787092009846,-20.6508035269523,0.1032540176347615,83.35562570657983,-0.025813504408690374,-0.11357941939823765,-83.35562570657983,15.488102645214221,10.42865578111091,-273.8787290417342,288.0787092009846,-0.07744051322607112,23.23215396782132,-20.6508035269523,0.1032540176347615,-0.025813504408690374,872.7102514731366,103.25401763476148,-0.05162700881738075,-0.1032540176347615,0.025813504408690374,1000.0,0.0,967.9720300043386,0.0,-216.7151103745142,0.0,1000.0,-304.35923377838526,0.0,-351.53373353377515,-793.7857941507034,367.9737996988053,-31.976342986843974,175.76686676688757,108.3575551872571,396.8928970753517,0.0,152.17961688919263,0.0,-153.89761975641238,31.976342986843974,-367.9737996988053,-153.89761975641238,-1000.0,644.2239758003564,0.0,1496.5981,bhi
17,0.0,0.0,0.0,0.0,0.0,0.0,0.0,0.0,373.41805088701227,0.0,0.0,0.0,0.0,0.0,0.0,0.0,-662.8658992652638,855.1398231065912,0.0,0.0,0.0,0.0,0.0,0.0,0.0,615.587591817555,0.0,0.0,0.0,-293.43638485958974,0.0,0.0,941.1971105675306,0.0,0.0,0.0,0.0,999.3270694792262,0.0,-1000.0,725.4025364607754,0.0,0.0,0.0,0.0,0.0,0.0,0.0,700.5967960402671,0.0,0.0,0.0,0.0,0.1850558932127626,0.0,0.0,0.0,0.0,0.0,0.0,31.672885260001408,0.0,846.8711521304746,739.0783207133745,0.0,0.0,0.0,0.0,351.0667780824449,0.0,0.0,1.6823263019340622,0.0,0.0,0.0,0.0,0.0,0.0,0.0,0.0,0.0,0.0,0.0,0.0,100.93957811604373,0.0,0.0,-1000.0,0.0,985.8305759415839,-0.04205815754835155,0.0,0.0,-76.1140270793709,50.46978905802187,0.0,364.6159599733367,-452.3335069572343,0.0,0.0,0.0,720.323768704209,-293.43638485958974,0.0,0.0,-55.08494830519512,0.0,0.0,0.0,0.0,0.0,0.0,0.0,0.0,0.0,0.0,0.0,0.0,0.0,0.0,0.0,0.0,0.0,0.0,-1000.0,0.0,0.0,364.6159599733367,0.0,52.15211535995592,25.080118019783384,0.0,514.602364395885,-764.602364395885,250.00000000000003,-250.00000000000003,-139.46571667710148,0.0,0.0,0.0,0.0,0.0,0.0,0.0,0.0,12.953912524892278,0.16823263019340623,0.0,0.0,0.0,-151.69963631394845,0.0,0.0,0.0,0.0,0.0,1000.0,0.0,0.0,0.0,0.0,0.0,415.566423394068,415.566423394068,0.0,0.0,0.0,0.0,0.0,0.0,0.0,415.7346560242614,0.0,0.0,0.0,0.0,-82.88701197666754,0.0,0.0,0.0,0.0,0.0,0.0,0.0,0.0,0.0,-56.907779789011784,0.0,0.0,0.0,0.0,-1000.0,0.0,0.0,0.0,0.0,0.0,0.0,0.0,-529.4080245760633,529.4080245760633,139.46571667710148,0.0,0.0,0.0,0.0,0.0,0.0,0.0,-21.029078774175776,0.0,0.0,0.0,0.0,0.0,0.0,0.0,0.0,0.0,0.0,0.0,0.0,0.0,90.47815931257298,347.34281024442555,255.7054880845864,0.0,0.0,0.0,0.0,-139.46571667710148,0.0,0.0,0.0,0.0,31.672885260001408,255.7054880845864,0.0,0.0,330.42689303205407,0.0,0.0,0.0,0.0,0.0,13.747597362330907,33.646526038681245,314.1461709153148,0.0,-171.09544202935717,358.31258254670615,-828.8112285357962,0.0,-255.7054880845864,0.0,0.0,139.46571667710148,228.58613754581447,0.0,0.0,0.0,-63.44361747202595,0.0,0.0,285.43330141651035,0.0,878.1114742804784,-592.678172863968,878.1114742804784,0.0,-529.4080245760633,0.0,625.1350024902608,0.0,0.0,519.5292742791701,0.0,0.0,0.0,-138.3734343606215,0.0,138.3734343606215,0.0,1000.0,0.0,0.0,0.0,0.0,0.0,0.0,31.672885260001408,-0.2523489452901093,0.0,0.0,0.0,0.0,0.16823263019340623,0.0,0.0,0.0,621.6364426643324,-662.8658992652638,0.0,-204.46814158096345,34.13964517049129,82.88701197666754,923.37081004051,0.0,1000.0,0.0,-55.08494830519512,0.0,0.0,0.0,-14.484829459652289,-580.4244689705552,-405.09070156979266,85.64574271063765,-293.7756962211113,0.0,0.0,0.0,0.0,0.0,0.0,0.0,0.0,0.0,0.0,0.0,0.0,0.0,0.0,0.0,0.0,330.42689303205407,0.0,0.0,-1000.0,0.0,0.0,460.66401362733774,1000.0,0.0,497.2490484789495,539.3359863726623,0.0,0.0,0.0,620.4568632390373,711.9121371945387,0.0,0.0,0.0,126.68988480673777,229.3576908881102,-407.68911717557836,0.0,558.1086017753339,-1000.0,0.0,-864.3677001069397,1000.0,-130.8957005615729,-8.411631509670311,0.0,0.0,-539.9219816197873,1000.0,502.7061167223153,364.6159599733367,0.0,0.0,0.0,0.0,0.0,373.5862835172057,340.478159312573,250.00000000000003,-250.00000000000003,-250.0,-101.51839706770096,0.0,0.0,-584.6018092361254,0.0,0.0,0.0,0.0,0.0,-76.11994615709868,0.0,0.0,166.6476863936021,0.0,0.0,0.0,0.0,-168.97278604285964,0.3364652603867754,0.0,0.0,0.0,0.0,0.0,0.0,0.0,0.0,0.0,351.0667780824449,0.0,0.0,0.0,0.0,0.0,0.0,0.0,0.0,0.0,0.1850558932127626,0.1850558932127626,0.0,0.0,0.0,100.93957811604373,0.0,0.0,0.0,1000.0,0.0,0.0,0.0,0.0,0.0,508.74882603004767,-1000.0,0.0,0.0,0.0,0.0,0.0,166.6476863936021,0.0,0.0,0.0,0.0,0.0,0.0,0.0,333.3333333333333,-621.6364426643324,151.69963631394845,0.0,12.953912524892278,0.0,-326.1140270793709,250.00000000000003,250.00000000000003,0.0,508.74882603004767,0.0,1000.0,-660.2239600128121,0.0,0.0,90.47815931257298,0.0,0.0,0.0,0.0,0.0,0.0,0.0,0.0,0.0,0.0,0.0,0.0,0.0,100.93957811604373,139.46571667710148,139.46571667710148,0.0,0.0,0.0,0.0,0.0,0.0,0.0,0.0,0.0,0.0,1.6823263019340622,0.0,0.0,0.0,0.0,0.0,0.0,0.0,0.0,364.6159599733367,0.0,0.0,0.0,0.0,0.0,0.0,0.0,0.0,0.0,0.0,292.3463043891154,0.0,0.0,50.46978905802187,50.46978905802187,1000.0,-1000.0,0.0,166.6476863936021,0.0,0.0,0.0,0.0,0.0,934.4534746505565,0.0,1000.0,0.16823263019340623,0.0,0.0,0.0,121.85474932414435,0.0,0.0,76.1140270793709,0.0,0.0,0.0,0.0,0.0,0.0,0.0,0.0,0.0,0.0,0.0,0.0,0.0,0.0,0.16823263019340623,0.0,0.0,0.0,-211.25075600597168,211.25075600597168,0.0,0.0,0.0,0.0,0.0,1000.0,0.0,0.0,-1000.0,-12.617447264505467,-3.794954741532126,-4.616676768138183,0.0,0.0,0.0,0.0,0.0,0.0,0.0,0.0,0.0,0.0,0.0,139.46571667710148,82.88701197666754,0.0,0.0,-28.804233387801787,0.0,0.0,0.0,373.41805088701227,0.0,0.0,0.16823263019340623,0.0,0.16823263019340623,0.0,0.0,0.0,100.93957811604373,205.24380883595558,205.24380883595558,0.0,0.0,0.0,0.0,0.0,0.0,0.0,151.69963631394845,0.0,0.0,0.0,0.0,0.0,0.0,0.0,0.0,0.0,0.0,0.0,0.0,0.0,0.0,0.0,0.0,0.0,0.0,0.0,0.0,0.0,-615.587591817555,615.587591817555,0.2523489452901093,0.0,0.0,0.0,-364.6159599733367,0.0,0.0,0.0,0.0,0.0,0.0,8.411631509670311,0.0,0.0,0.0,0.0,0.0,-995.4644480714287,-4.616676768138183,0.0,0.0,0.0,0.0,0.0,0.0,0.0,139.46571667710148,0.0,0.0,113.06207185570392,-90.47815931257298,0.0,1000.0,-55.08494830519512,0.0,-456.12846169876644,0.0,456.12846169876644,0.0,23.342328709858887,0.0,8.41163150967031,1000.0,0.0,0.0,0.0,-76.11994615709868,0.0,0.0,0.0,0.0,0.0,-566.0374962598855,0.0,0.0,0.0,69.52522705351726,-37.85234179351585,205.24380883595558,0.0,0.0,0.0,0.0,0.0,0.0,0.0,0.0,0.0,13.747597362330907,0.0,0.0,0.0,-472.92152740658923,1000.0,0.0,50.46978905802187,0.0,0.0,0.0,0.0,-250.91781412563034,0.0,0.0,0.1850558932127626,0.0,0.0,0.0,102.62190441797779,0.0,0.0,0.0,0.0,347.34281024442555,0.0,0.0,0.0,0.0,0.0,0.0,0.0,0.0,-1000.0,0.0,0.01682326301934062,0.01682326301934062,0.0,0.0,0.0,0.0,0.0,0.0,0.0,0.0,0.0,0.0,0.0,0.0,0.0,0.0,0.0,0.0,0.0,0.0,0.0,0.0,0.0,0.0,0.0,0.0,0.0,0.0,0.0,0.0,0.0,0.0,855.1398231065912,0.0,0.0,0.0,100.93957811604373,0.0,0.0,0.0,0.0,0.0,0.0,-100.93957811604373,0.0,0.0,0.0,0.0,0.0,0.0,0.0,0.0,0.0,0.0,0.0,0.0,-293.7756962211113,726.6628325016045,115.23935168248326,-364.6159599733367,0.0,0.0,999.3270694792262,0.0,0.0,0.0,0.0,0.0,0.0,0.0,0.0,0.0,625.0,0.0,-625.0,-625.0,0.0,0.0,0.0,0.0,-21.029078774175776,139.46571667710148,-724.5295844590441,25.23489452901096,0.0,0.0,0.0,0.0,0.0,-2.1029078774175782,0.0,76.11994615709868,0.0,0.0,0.0,0.0,0.0,0.0,0.0,1000.0,50.46978905802187,50.46978905802187,0.0,0.0,0.0,0.0,0.0,0.1850558932127626,0.0,0.0,0.0,-999.3270694792262,0.0,0.0,0.0,0.0,0.0,0.0,0.0,0.0,0.0,0.0,0.0,0.0,0.0,0.0,0.0,0.0,0.0,25.080118019783384,0.0,176.64426170307652,0.0,0.0,12.953912524892278,0.0,0.0,0.0,0.0,0.0,1000.0,0.0,0.0,0.0,-21.029078774175776,0.0,0.0,0.0,0.0,0.0,0.0,0.0,0.0,0.0,0.0,0.0,0.0,0.0,0.0,0.0,0.0,0.0,0.0,-0.16823263019340623,0.0,0.0,8.411631509670311,-508.74882603004767,0.0,0.0,0.0,0.0,139.46571667710148,0.0,0.0,0.0,14.484829459652289,4.205815754835143,0.0,0.0,615.587591817555,0.16823263019340623,0.0,168.2326301934062,-27.071997340172594,33.646526038681245,1.2016616442386159,519.5292742791701,-0.12617447264505466,864.3677001069397,3.364652603868125,-0.8411631509671906,-519.5292742791701,50.46978905802187,-0.16823263019340623,18.36164943506504,166.6476863936021,0.04205815754835156,1.2016616442386159,-55.08494830519512,-26.782634726790157,-3.364652603868125,-192.27392384132736,-0.16823263019340623,0.04205815754835156,-519.5292742791701,16.823263019340622,0.16823263019340623,0.16823263019340623,0.35328852340616884,0.18505589321274685,-1000.0,-0.12617447264505466,50.46978905802187,0.16823263019340623,364.6159599733367,230.0298558186117,-0.08411631509670311,110.16989661039024,122.47422102756745,-0.12617447264505466,-0.16823263019340623,-27.071997340172594,0.16823263019340623,16.823263019340622,-3.364652603868125,0.0,0.0,-16.823263019340622,192.27392384132736,0.0,33.646526038681245,0.2523489452901093,-1000.0,16.823263019340622,-333.3333333333333,166.6476863936021,-33.646526038681245,0.0841163150967031,1.6823263019340622,51.11703539524086,-56.83163327389174,-0.16823263019340623,-37.85234179351585,-0.35328852340616884,52.15211535995592,0.16823263019340626,26.782634726790157,-349.37764075380016,166.6476863936021,-0.16823263019340623,-0.04205815754835156,-166.6476863936021,-0.16823263019340623,-168.97278604285964,0.1682326301934154,-0.04205815754835155,-0.04205815754835155,-0.04205815754835155,67.29305207736249,-230.0298558186117,1.6823263019340622,371.54323477473577,-0.04205815754835156,83.87242135541669,8.411631509670311,92.89802453110013,0.16823263019340623,0.08411631509670311,0.08411631509670311,100.14710621614168,27.071997340172594,0.16823263019340623,-27.071997340172594,1.6823263019340622,0.16823263019340623,-865.3510045351229,0.16823263019340623,0.6729305207737752,0.8411631509671906,0.08411631509670311,0.04205815754835156,50.46978905802187,-0.16823263019340623,1000.0,1.6823263019340624,-743.0864695494715,860.1618843521045,-16.823263019340622,33.646526038681245,8.411631509670311,-0.16823263019340623,55.08494830519512,0.2523489452901093,-0.16823263019340623,-200.29421243228336,27.071997340172594,755.1065947541213,0.08411631509670311,-185.79604906220027,-0.16823263019340623,-0.1682326301934154,-0.16823263019340623,0.08411631509670311,519.5292742791701,-33.646526038681245,0.16823263019340623,102.23407079048172,-0.04205815754835155,-0.18505589321274685,-102.23407079048172,25.23489452901093,-122.47422102756745,147.82404594316193,519.5292742791701,-0.12617447264505466,37.85234179351585,56.83163327389174,0.16823263019340623,-0.042058157548351544,628.8684947487076,168.2326301934062,-0.08411631509670311,-0.16823263019340626,0.04205815754835156,1000.0,0.0,543.4933323193827,493.80776976038715,-1000.0,0.0,571.616540315881,-1000.0,0.0,830.527199092933,122.95681933421483,-881.9468897247328,-456.42255136552063,-415.2635995464665,500.0,-61.478409667107414,0.0,500.0,0.0,-504.188780628491,456.42255136552063,881.9468897247328,-504.188780628491,-571.616540315881,452.0854590251703,0.0,1496.5981,bhi
18,0.0,0.0,0.0,0.0,0.0,0.0,0.0,0.0,-0.17079760215629178,0.0,0.0,0.0,0.0,0.0,0.0,0.0,500.1202678322692,0.0,0.0,-556.7318795723941,0.0,0.0,0.0,243.6167851425641,0.0,407.85588711735176,0.0,0.0,0.0,-1000.0,0.0,0.0,369.9745389026979,0.0,0.0,0.0,0.0,782.061500414141,0.0,-1000.0,929.1619253233214,0.0,0.0,0.0,0.0,0.0,0.0,0.0,499.8797321677308,-844.4051932306724,0.0,0.0,0.0,0.1878773623720899,0.0,0.0,0.0,34.15952043125836,0.0,0.0,-15.041575496565045,0.0,0.0,-15.041575496565045,0.0,0.0,0.0,0.0,0.0,0.0,0.0,1.7079760215629178,0.0,0.0,0.0,0.0,0.0,0.0,0.0,867.3308317535115,0.0,0.0,0.0,0.0,102.47856129377509,0.0,0.0,-306.55147782399024,-513.3209104069924,500.13592857096523,-0.042699400539072944,0.0,0.0,-706.2119666007832,51.23928064688754,0.0,70.8380746766786,-5.499682789435272,0.0,0.0,0.0,995.7300599460928,-1000.0,0.0,0.0,-99.83060775618068,0.0,0.0,0.0,0.0,0.0,0.0,0.0,0.0,0.0,0.0,0.0,0.0,0.0,0.0,0.0,0.0,0.0,0.0,-1000.0,0.0,0.0,70.8380746766786,0.0,52.947256668450464,32.24893939873772,0.0,0.0,0.0,0.0,0.0,0.0,0.0,0.0,0.0,0.0,0.0,0.0,0.0,0.0,13.151415366034467,0.17079760215629178,0.0,0.0,0.0,0.0,-1000.0,0.0,0.0,0.0,0.0,885.8315649870601,0.0,0.0,0.0,0.0,0.0,999.8292023978437,999.8292023978437,0.0,0.0,0.0,0.0,0.0,0.0,0.0,1000.0,0.0,0.0,0.0,0.0,-826.7991354533024,0.0,0.0,0.0,0.0,0.0,0.0,0.0,0.0,0.0,-27.33397792489177,0.0,0.0,0.0,0.0,-992.9689679182945,0.0,0.0,0.0,0.0,0.0,844.4051932306724,0.0,806.6717456562594,-806.6717456562594,0.0,0.0,0.0,0.0,0.0,0.0,0.0,0.0,-413.81848177702227,0.0,0.0,0.0,0.0,0.0,0.0,0.0,0.0,0.0,0.0,0.0,0.0,0.0,132.12596890573988,508.376248411942,0.0,0.0,0.0,0.0,0.0,287.75283912830906,0.0,0.0,0.0,0.0,-15.041575496565045,0.0,0.0,0.0,0.0,0.0,0.0,0.0,0.0,0.0,0.0,0.0,19.59879402979106,0.0,1000.0,-319.99265606325184,1000.0,0.0,0.0,0.0,0.0,0.0,-274.18955592854036,0.0,0.0,0.0,404.989044944684,0.0,0.0,0.0,0.0,869.4418545663797,-869.4418545663797,869.4418545663797,0.0,293.350835249267,0.0,56.611611740124886,844.4051932306724,0.0,253.27034968522054,0.0,0.0,0.0,-627.9493678588693,0.0,627.9493678588693,0.0,999.6584047956874,0.0,0.0,480.3157161958893,0.0,0.0,0.0,-15.041575496565045,-0.25619640323443765,0.0,0.0,0.0,0.0,0.17079760215629178,0.0,0.0,0.0,634.3780541133068,500.1202678322692,0.0,-66.55373850412045,-480.2840041185889,826.7991354533024,1000.0,0.0,1000.0,0.0,-99.83060775618068,0.0,0.0,0.0,-14.705673545656891,-755.3153551508962,-229.97897130344694,-329.7703144418217,-1000.0,0.0,0.0,0.0,0.0,0.0,0.0,0.0,0.0,0.0,0.0,0.0,0.0,0.0,0.0,0.0,0.0,0.0,0.0,0.0,-1000.0,0.0,217.2553091772337,0.0,203.9320622988114,0.0,0.0,765.9887777247533,0.0,0.0,0.0,0.0,987.1901798382781,0.0,750.0000000000007,-47.36474031498233,-1.174955301443767,755.3153551508962,0.0,-8.53988010781459,0.0,0.0,-750.0000000000007,-556.736260861377,-500.00000000000006,-3.0949847524635277,0.0,73.94556128146155,0.0,1000.0,0.0,-714.0644326957246,70.8380746766786,0.0,0.0,0.0,0.0,0.0,0.0,0.0,-132.12596890573988,132.12596890573988,132.12596890573988,-934.3289126750777,0.0,0.0,0.0,0.0,0.0,0.0,0.0,0.0,-30.08315099313009,0.0,-250.00000000000003,0.0,0.0,0.0,0.0,0.0,-562.4618262647366,0.34159520431239426,0.0,0.0,0.0,0.0,0.0,0.0,0.0,0.0,0.0,0.0,0.0,0.0,0.0,0.0,0.0,0.0,0.0,0.0,0.0,0.1878773623720899,0.1878773623720899,0.0,187.5664082094799,0.0,102.47856129377509,0.0,0.0,0.0,-731.3179026077589,0.0,0.0,0.0,0.0,0.0,-48.428176448380796,731.3179026077589,0.0,0.0,0.0,0.0,0.0,0.0,0.0,0.0,0.0,0.0,0.0,0.0,0.0,333.3333333333333,-634.3780541133068,1000.0,0.0,13.151415366034467,0.0,-504.89517172366766,-201.3167948771155,-489.0696340054246,0.0,-48.428176448380796,0.0,389.1099972868826,-1000.0,0.0,0.0,132.12596890573988,0.0,0.0,0.0,0.0,0.0,0.0,0.0,0.0,0.0,0.0,0.0,0.0,0.0,102.47856129377509,0.0,0.0,0.0,0.0,0.0,0.0,0.0,0.0,0.0,0.0,0.0,0.0,1.7079760215629178,0.0,0.0,0.0,0.0,0.0,0.0,0.0,0.0,70.8380746766786,0.0,0.0,0.0,0.0,0.0,0.0,0.0,0.0,0.0,0.0,0.0,0.0,0.0,51.239280646887536,51.23928064688754,1000.0,731.3179026077589,0.0,0.0,0.0,0.0,0.0,0.0,0.0,329.7703144418217,0.0,771.3214327547637,0.17079760215629178,0.0,0.0,-375.00000000000006,471.56687570988333,0.0,0.0,706.2119666007832,0.0,0.0,0.0,0.0,0.0,0.0,0.0,0.0,0.0,0.0,0.0,0.0,0.0,0.0,0.17079760215629178,0.0,0.0,0.0,731.074361189455,-731.074361189455,0.0,0.0,0.0,217.2553091772337,0.0,765.9887777247533,0.0,0.0,-1000.0,-12.809820161721886,-8.539880107814596,0.0,0.0,0.0,0.0,0.0,0.0,0.0,0.0,0.0,0.0,0.0,0.0,0.0,826.7991354533024,0.0,0.0,294.4754474120899,0.0,0.0,0.0,-0.17079760215629178,0.0,0.0,0.17079760215629178,0.0,0.17079760215629178,0.0,0.0,0.0,102.47856129377509,208.373074630676,208.373074630676,0.0,0.0,0.0,0.0,0.0,0.0,0.0,1000.0,0.0,0.0,0.0,0.0,0.0,0.0,0.0,0.0,0.0,0.0,0.0,0.0,0.0,0.0,0.0,0.0,0.0,0.0,0.0,287.75283912830906,0.0,-407.85588711735176,407.85588711735176,0.25619640323443765,0.0,0.0,0.0,-70.8380746766786,0.0,0.0,0.0,0.0,0.0,-187.5664082094799,8.53988010781459,0.0,0.0,0.0,0.0,0.0,-753.015921449235,0.0,0.0,-250.00000000000003,0.0,0.0,0.0,0.0,0.0,0.0,0.0,0.0,417.5136147383921,55.44043930374002,0.0,607.5312184925142,-99.83060775618068,0.0,12.972856275518325,0.0,-12.972856275518325,0.0,-482.56263055921636,0.0,8.539880107814596,668.6341693677483,0.0,396.954008705865,0.0,-30.08315099313009,0.0,0.0,0.0,0.0,0.0,-779.1401930907878,0.0,0.0,0.0,174.69648567968522,-172.98214807823732,208.373074630676,0.0,0.0,0.0,0.0,0.0,0.0,0.0,0.0,0.0,0.0,0.0,0.0,53.013720616408335,-96.56687570988328,322.12205817836434,0.0,51.23928064688754,0.0,0.0,0.0,0.0,-310.17641473127725,0.0,0.0,0.1878773623720899,0.0,0.0,0.0,104.186537315338,0.0,0.0,0.0,0.0,508.376248411942,0.0,0.0,0.0,0.0,0.0,0.0,0.0,0.0,705.2664538667011,0.0,428.43466584693925,0.01707976021562918,0.0,0.0,0.0,0.0,0.0,0.0,0.0,0.0,0.0,-375.00000000000006,0.0,0.0,0.0,0.0,0.0,187.5664082094799,0.0,0.0,0.0,0.0,0.0,0.0,0.0,844.4051932306724,0.0,0.0,0.0,0.0,1000.0,0.0,0.0,0.0,0.0,0.0,102.47856129377509,0.0,0.0,0.0,0.0,0.0,-102.47856129377509,0.0,0.0,0.0,0.0,0.0,0.0,0.0,0.0,0.0,0.0,0.0,0.0,0.0,-771.3214327547637,-1000.0,116.9963574770599,0.0,-70.8380746766786,0.0,999.3168095913747,0.0,0.0,0.0,0.0,0.0,0.0,0.0,0.0,0.0,0.0,0.0,0.0,0.0,0.0,0.0,0.0,0.0,-21.349700269536484,0.0,-1000.0,160.17232791651534,0.0,0.0,0.0,0.0,0.0,0.0,-2.134970026953648,30.08315099313009,0.0,0.0,0.0,0.0,0.0,0.0,0.0,1000.0,51.23928064688754,51.239280646887536,0.0,0.0,0.0,0.0,867.3308317535115,0.1878773623720899,187.5664082094799,0.0,0.0,-999.3168095913747,428.4175860867236,0.0,0.0,0.0,0.0,0.0,0.0,0.0,0.0,0.0,0.0,0.0,0.0,0.0,0.0,0.0,0.0,32.24893939873772,0.0,179.33748226410643,0.0,0.0,13.151415366034467,0.0,0.0,0.0,187.5664082094799,0.0,738.9763585519852,0.0,0.0,0.0,-21.349700269536484,0.0,0.0,0.0,0.0,0.0,0.0,0.0,0.0,0.0,0.0,0.0,0.0,0.0,0.0,0.0,0.0,0.0,0.0,-0.17079760215629178,0.0,0.0,8.53988010781459,48.428176448380796,0.0,0.0,0.0,0.0,0.0,0.0,0.0,0.0,14.705673545656891,4.2699400539072965,0.0,0.0,407.85588711735176,0.17079760215629178,0.0,170.7976021562918,-20.69831726971273,34.15952043125836,1.2199828725449413,541.0231888135296,-0.12809820161721883,604.1010011763593,3.415952043125836,-0.8539880107815425,-541.0231888135296,51.239280646887536,-0.17079760215629178,33.27686925206023,0.0,0.042699400539072944,1.2199828725449413,-99.83060775618068,-27.19097826328425,-3.415952043125836,56.611611740124886,-0.17079760215629178,0.042699400539072944,-541.0231888135296,17.07976021562918,0.17079760215629178,0.17079760215629178,-187.20773324495153,0.18787736237195715,-732.775149655073,-0.12809820161721883,51.23928064688754,0.17079760215629178,70.8380746766786,-65.80000704835484,-0.08539880107814589,46.604800180374326,-305.00339694609454,-0.12809820161721883,-0.17079760215629178,-20.69831726971273,0.17079760215629178,17.07976021562918,-3.415952043125836,287.75283912830906,287.75283912830906,-17.07976021562918,-56.611611740124886,-287.75283912830906,34.15952043125836,0.25619640323443765,13.737768985168657,17.07976021562918,-333.3333333333333,0.0,-34.15952043125836,0.08539880107814589,1.7079760215629178,16.63843462603011,89.59995973499838,-0.17079760215629178,-225.99586869464565,187.20773324495153,52.947256668450464,0.17079760215629178,27.19097826328425,-224.5559166173411,0.0,-0.17079760215629178,-0.042699400539072944,0.0,-0.17079760215629178,-562.4618262647366,0.17079760215631268,-0.042699400539072944,-0.042699400539072944,-0.042699400539072944,68.31904086251672,65.80000704835484,1.7079760215629178,126.53967349754379,-0.042699400539072944,0.0,8.53988010781459,289.7707932401829,0.17079760215629178,0.08539880107814589,0.08539880107814589,17.07976021562918,20.69831726971273,0.17079760215629178,-20.69831726971273,1.7079760215629178,0.17079760215629178,-126.53967349754379,0.17079760215629178,0.6831904086252507,0.8539880107815425,0.08539880107814589,0.042699400539072944,51.23928064688754,-0.17079760215629178,732.775149655073,1.707976021562918,-253.07934699508758,599.8310611224521,-17.07976021562918,34.15952043125836,8.53988010781459,-0.17079760215629178,99.83060775618068,0.25619640323443765,-0.17079760215629178,-34.15952043125836,20.69831726971273,848.6058468505266,0.08539880107814589,-579.5415864803658,-0.17079760215629178,-0.17079760215631268,-0.17079760215629178,0.08539880107814589,541.0231888135296,-34.15952043125836,0.17079760215629178,33.27686925206022,-0.042699400539072944,-0.18787736237195715,-33.27686925206022,25.619640323443768,305.00339694609454,-371.56839719341525,541.0231888135296,-0.12809820161721883,225.99586869464565,-89.59995973499838,0.17079760215629178,-0.04269940053907294,8.539880107814596,170.7976021562918,-0.08539880107814589,-0.17079760215629178,0.042699400539072944,1000.0,0.0,-807.309931606479,0.0,-1000.0,0.0,416.27367864383586,-473.57977366653284,0.0,119.15599190261071,1000.0,358.3092610762275,-793.4867638202322,-59.577995951305354,500.0,-500.0,0.0,236.78988683326642,-187.5664082094799,-538.4294321192493,793.4867638202322,-358.3092610762275,-538.4294321192493,-416.27367864383586,311.8749175227739,0.0,1496.5981,bhi
19,0.0,0.0,0.0,0.0,0.0,0.0,0.0,0.0,-0.17414657582709006,0.0,0.0,0.0,0.0,0.0,0.0,0.0,-733.0974598384831,1000.0,0.0,10.60444812035741,0.0,0.0,0.0,0.0,0.0,184.5096888629602,0.0,0.0,0.0,0.0,0.0,0.0,566.7630638612234,0.0,0.0,0.0,0.0,378.71078222534953,0.0,-916.5544803949049,-1000.0,0.0,-792.6876154702784,1000.0,0.0,0.0,0.0,0.0,-602.1723005997488,-294.9758692075026,0.0,-207.31238452972158,0.0,0.19156123341012016,0.0,0.0,0.0,0.0,0.0,0.0,-15.336508444504556,0.0,15.336508444504556,0.0,0.0,0.0,0.0,0.0,101.52873378470758,0.0,0.0,1.7414657582709006,0.0,0.0,0.0,0.0,0.0,0.0,0.0,367.8976864586248,0.0,0.0,409.20965253853154,0.0,104.48794549625403,0.0,0.0,-92.14715610429268,1000.0,-48.548154576511465,0.0,0.0,0.0,1000.0,52.243972748127014,0.0,52.243972748127014,0.0,0.0,0.0,409.20965253853154,8.707328791354502,-288.8101561998377,0.0,0.0,-403.0233951659998,0.0,214.40178888556557,0.0,0.0,0.0,0.0,0.0,0.0,0.0,0.0,0.0,0.0,0.0,0.0,0.0,0.0,0.0,0.0,-251.68025472396016,0.0,0.0,52.243972748127014,0.0,53.985438506397905,0.0,0.0,0.0,-724.6866718907015,724.6866718907015,-724.6866718907015,0.0,0.0,0.0,0.0,0.0,0.0,0.0,0.0,0.0,-395.80036619984554,0.17414657582709006,0.043536643956772515,0.0,0.0,0.0,-34.82931516541801,0.0,0.0,0.0,0.0,999.7127932653453,0.0,0.0,0.0,0.0,0.0,-100.92038380151591,-100.92038380151591,0.0,0.0,0.0,0.0,-764.4952748470522,0.0,0.0,-100.74623722568882,0.0,0.0,0.0,0.0,-393.54020154969317,0.0,0.0,0.0,0.0,0.0,0.0,0.0,0.0,0.0,0.0,0.0,0.0,0.0,0.0,-1000.0,0.0,0.0,0.0,0.0,0.0,294.9758692075026,1000.0,-951.4518454234885,951.4518454234885,0.0,0.0,0.0,0.0,0.0,0.0,0.0,288.8101561998377,742.6854525925868,0.0,0.0,0.0,0.0,0.0,0.0,0.0,0.0,0.0,0.0,0.0,0.0,0.0,0.0,-152.21043855723116,335.2697604382321,0.0,0.0,0.0,0.0,0.0,0.0,0.0,0.0,0.0,-15.336508444504556,-664.7302395617679,0.0,0.0,0.0,0.0,0.0,0.0,0.0,0.0,5.607519741628693,34.82931516541801,0.0,0.0,-781.9068342787352,376.8573956744749,-645.7713021275302,0.0,-335.2697604382321,0.0,0.0,0.0,212.45882250904984,0.0,0.0,0.0,-14.468215896607205,0.0,0.0,344.43213638157096,344.432136381571,0.0,0.0,0.0,-344.432136381571,48.548154576511465,0.0,546.1596748711888,294.9758692075026,0.0,485.8689465575811,0.0,0.0,0.0,-1000.0,0.0,1000.0,0.0,489.6515596605397,0.0,0.0,-801.6254026603775,0.0,0.0,0.0,-15.336508444504556,-0.26121986374063505,0.0,0.0,0.0,0.0,0.17414657582709006,0.0,0.0,0.0,942.1485075102443,-733.0974598384831,0.0,-268.68226344399983,996.836312699458,393.54020154969317,-947.756027251873,0.0,0.0,0.0,-403.0233951659998,0.0,0.0,0.0,240.59107879000234,556.6863333428188,-797.2774121328212,337.5513578818943,-1000.0,0.0,0.0,0.0,0.0,0.0,0.0,0.0,0.0,0.0,0.0,0.0,0.0,0.0,0.0,0.0,0.0,0.0,0.0,0.0,-379.40736852865786,0.0,0.0,0.0,0.0,180.5763921167661,748.6245242394747,390.1928464582169,0.0,0.0,0.0,121.16774822115245,0.0,0.0,0.0,-715.8383884775217,0.0,-658.2150671275264,215.43283983920298,-8.707328791354502,186.0362005917768,0.0,0.0,707.1310596861672,0.0,-4.353664395677251,0.0,279.8555540987282,0.0,0.0,0.0,953.981697306509,52.243972748127014,0.0,0.0,0.0,0.0,0.0,0.0,0.0,0.0,0.0,0.0,110.90654956527163,0.0,0.0,-590.7460900378827,0.0,0.0,288.8101561998377,0.0,0.0,-30.673016889009112,0.0,0.0,0.0,0.0,0.0,0.0,0.0,-239.28372647077617,0.3482931516541108,0.0,0.0,0.0,0.0,0.0,0.0,0.0,0.0,0.0,0.0,0.0,0.0,0.0,0.0,0.0,0.0,0.0,0.0,0.0,0.19156123341012016,0.19156123341012016,0.0,237.3988761426353,0.0,104.48794549625403,0.0,0.0,0.0,0.0,0.0,0.0,0.0,0.0,0.0,1000.0,0.0,0.0,0.0,623.2078147600877,0.0,0.0,0.0,0.0,0.0,0.0,0.0,0.0,0.0,0.0,83.89341824132005,-942.1485075102443,34.82931516541801,0.0,13.409286338685988,0.0,1000.0,0.0,0.0,0.0,1000.0,0.0,946.3995888159079,-185.68331528668404,249.99999999999963,-249.99999999999963,0.0,0.0,0.0,0.0,0.0,0.0,0.0,0.0,0.0,0.0,0.0,0.0,0.0,0.0,104.48794549625403,0.0,0.0,0.0,0.0,0.0,0.0,0.0,0.0,0.0,0.0,0.0,0.0,1.7414657582709006,0.0,0.0,0.0,0.0,0.0,1000.0,0.0,0.0,52.243972748127014,-623.2078147600877,0.0,0.0,0.0,0.0,0.0,0.0,0.0,0.0,0.0,841.6734085307575,-841.6734085307575,0.0,52.243972748127014,52.243972748127014,235.546225429027,0.0,0.0,0.0,0.0,0.0,0.0,0.0,0.0,-22.810761102110746,288.8101561998377,0.0,0.17414657582709006,0.0,0.0,0.0,229.9854314619334,0.0,0.0,-1000.0,0.0,0.0,0.0,0.0,0.0,0.0,0.0,0.0,0.0,0.0,0.0,0.0,0.0,0.0,0.17414657582709006,0.0,0.0,0.0,842.6256005873007,-842.6256005873007,0.0,0.0,0.0,0.0,0.0,390.1928464582169,0.0,0.0,-379.40736852865786,-13.060993187031753,-8.707328791354502,0.0,0.0,0.0,0.0,0.0,0.0,0.0,0.0,0.0,0.0,0.0,0.0,0.0,393.54020154969317,0.0,0.0,962.6890260978635,0.0,0.0,0.0,-0.17414657582709006,0.0,0.0,0.17414657582709006,0.0,0.17414657582709006,0.0,101.52873378470758,0.0,104.48794549625403,212.45882250904984,212.45882250904984,0.0,0.0,0.0,0.0,0.0,0.0,0.0,34.82931516541801,0.0,288.8101561998377,0.0,0.0,0.0,255.5850989687151,0.0,0.0,0.0,0.0,0.0,0.0,0.0,0.0,0.0,0.0,0.0,0.0,0.0,0.0,0.0,-82.9809550782526,82.9809550782526,0.26121986374063505,0.0,0.0,0.0,-52.243972748127014,0.0,0.0,0.0,0.0,0.0,-237.3988761426353,8.707328791354502,0.0,0.0,0.0,0.0,764.4952748470522,-390.1928464582169,0.0,0.0,0.0,0.0,0.0,0.0,0.0,0.0,0.0,0.0,623.2078147600877,0.0,237.3988761426353,0.0,1000.0,-403.0233951659998,0.0,0.0,0.0,0.0,0.0,0.0,0.0,8.707328791354502,1000.0,0.0,676.8380816095722,0.0,-30.673016889009112,0.0,0.0,0.0,0.0,0.0,0.0,0.0,0.0,0.0,250.45986932966704,-276.5818557037306,212.45882250904984,0.0,0.0,0.0,0.0,0.0,0.0,0.0,0.0,0.0,5.607519741628693,0.0,0.0,0.0,-229.9854314619334,51.01290623514444,-792.6876154702784,52.243972748127014,0.0,0.0,0.0,0.0,-27.626922515726335,0.0,0.0,0.19156123341012016,0.0,0.0,0.0,106.22941125452492,0.0,0.0,0.0,0.0,-152.21043855723116,0.0,0.0,0.0,0.0,0.0,0.0,0.0,0.0,0.0,0.0,0.017414657582709006,0.017414657582709006,0.0,0.0,0.0,0.0,0.0,0.0,0.0,0.0,0.0,0.0,0.0,0.0,0.0,0.0,0.0,237.3988761426353,0.0,0.0,0.0,0.0,0.0,0.0,0.0,294.9758692075026,0.0,0.0,0.0,0.0,-511.60309728516904,0.0,1000.0,0.0,0.0,0.0,104.48794549625403,0.0,0.0,0.0,0.0,0.0,0.0,-104.48794549625403,0.0,0.0,0.0,0.0,0.0,0.0,0.0,0.0,0.0,0.0,0.0,0.0,0.0,25.930440579945895,374.8755034102718,0.0,-52.243972748127014,0.0,378.71078222534953,0.0,0.0,0.0,0.0,0.0,0.0,0.0,0.0,0.0,0.0,0.0,0.0,0.0,0.0,0.0,0.0,0.0,-21.768321978386254,0.0,-13.060993187031753,519.1059614854139,0.0,0.0,0.0,0.0,0.0,-2.1768321978386256,0.0,30.673016889009112,0.0,0.0,0.0,0.0,0.0,0.0,0.0,1000.0,52.243972748127014,52.243972748127014,0.0,0.0,0.0,0.0,367.8976864586248,0.19156123341012016,237.3988761426353,0.0,0.0,-378.71078222534953,0.0,0.0,0.0,0.0,0.0,0.0,0.0,0.0,0.0,0.0,0.0,0.0,0.0,0.0,0.0,0.0,0.0,0.0,0.0,182.85390461844455,13.409286338685988,0.0,0.0,0.0,0.0,0.0,237.3988761426353,0.0,381.48551766686234,0.0,0.0,0.0,-21.768321978386254,0.0,0.0,0.0,0.0,0.0,0.0,0.0,0.0,0.0,0.0,0.0,0.0,0.0,0.0,0.0,0.0,0.0,0.0,-0.17414657582709006,0.0,0.0,8.707328791354502,-1000.0,0.0,0.0,0.0,0.0,0.0,0.0,0.0,0.0,-240.59107879000234,4.353664395677251,0.0,0.0,184.5096888629602,0.17414657582709006,0.0,174.14657582709003,-53.985438506397905,34.82931516541801,1.2439041130506432,485.8689465575811,-0.13060993187031752,8.707328791354485,3.482931516541801,-0.870732879135403,-485.8689465575811,52.243972748127014,-0.17414657582709006,134.34113172199991,0.0,0.043536643956772515,1.2439041130506432,-403.0233951659998,-27.724134871669207,-3.482931516541801,-277.50698828187427,-0.17414657582709006,0.043536643956772515,-485.8689465575811,808.438766590201,0.17414657582709006,0.17414657582709006,-237.0331683333981,0.19156123340979908,0.0,-0.13060993187031752,52.243972748127014,0.17414657582709006,52.243972748127014,-87.07328791354502,-0.08707328791354503,-193.6660029333458,-17.588804158536096,-0.13060993187031752,-0.17414657582709006,-53.985438506397905,0.17414657582709006,17.414657582709005,-3.482931516541801,0.0,0.0,-17.41465758270897,277.50698828187427,0.0,34.82931516541801,0.26121986374063505,-1000.0,17.414657582709005,-83.89341824132005,0.0,-34.82931516541801,0.08707328791354503,1.7414657582709006,67.17056586099996,272.2281913080533,-0.17414657582709006,-276.5818557037306,237.0331683333981,53.985438506397905,0.17414657582709006,27.724134871669207,-1000.0,0.0,-0.17414657582709006,-0.043536643956772515,0.0,-0.17414657582709006,-239.28372647077617,0.17414657582702375,-0.043536643956772515,-0.043536643956772515,-0.043536643956772515,69.65863033083602,87.07328791354502,1.7414657582709006,129.0208443658907,-0.043536643956772515,0.0,8.707328791354502,128.3491920267426,0.17414657582709006,0.08707328791354503,0.08707328791354503,17.414657582709005,53.985438506397905,0.17414657582709006,-53.985438506397905,1.7414657582709006,0.17414657582709006,-129.0208443658907,0.17414657582709006,0.6965863033083224,0.870732879135403,0.08707328791354503,0.043536643956772515,52.243972748127014,-0.1741465758270901,0.0,1.7414657582709006,-258.0416887317814,4.353664395677269,-17.414657582709005,34.82931516541801,8.707328791354502,-0.17414657582709006,403.0233951659998,0.26121986374063505,-0.17414657582709006,-34.82931516541801,53.985438506397905,479.84889490789305,0.08707328791354503,-256.6983840534852,-0.17414657582709006,-0.17414657582702375,-0.1741465758270901,0.08707328791354503,485.8689465575811,-34.82931516541801,0.17414657582709006,134.34113172199991,-0.043536643956772515,-0.19156123340979908,-134.34113172199991,26.121986374063503,17.588804158536096,-441.7884142519457,485.8689465575811,-0.13060993187031752,276.5818557037306,-272.2281913080533,0.17414657582709006,-0.04353664395677251,129.87507701250695,174.14657582709003,-0.08707328791354503,-0.17414657582709006,0.043536643956772515,701.1442216874957,0.0,999.9129267120865,0.0,-135.61104879679868,0.0,975.4155547000589,-973.6350983530021,791.024109007492,79.06677512456864,257.28753043531015,-1000.0,0.0,-39.53338756228432,67.80552439839934,-128.64376521765507,-791.024109007492,486.8175491765011,-237.3988761426353,-452.2219723921667,0.0,1000.0,-452.2219723921667,-975.4155547000589,979.000448558675,0.0,1496.5981,bhi
20,0.0,0.0,0.0,0.0,0.0,0.0,0.0,0.0,822.9235415788377,0.0,0.0,0.0,0.0,0.0,0.0,0.0,203.77716558286699,-820.4933390164872,0.0,635.5596902046144,0.0,0.0,0.0,0.0,0.0,262.9350952438906,0.0,0.0,0.0,-756.4986300187325,0.0,0.0,593.730970354733,0.0,0.0,0.0,0.0,504.37928164304435,0.0,-1000.0,359.7840540564004,0.0,0.0,-795.0678863058557,0.0,0.0,0.0,0.0,0.0,0.0,0.0,-673.7277831354788,0.0,0.22692995918659575,0.0,0.0,0.0,41.25999257934062,0.0,0.0,-39.49255581318215,0.0,295.32924515036814,255.83668933718593,0.0,0.0,0.0,0.0,0.0,0.0,0.0,2.0629996289670314,0.0,0.0,0.0,0.0,0.0,0.0,0.0,0.0,0.0,0.0,0.0,0.0,123.77997773802187,0.0,21.324405747409603,0.0,122.80450122599926,0.0,-0.051574990724175776,0.0,0.0,-742.356896777264,61.889988869010935,0.0,61.889988869010935,-540.5092818116927,0.0,0.0,0.0,10.314998144835155,-1000.0,0.0,0.0,-401.7098004652497,0.0,0.0,0.0,0.0,0.0,0.0,0.0,0.0,0.0,0.0,0.0,0.0,0.0,0.0,0.0,0.0,0.0,0.0,-1000.0,0.0,0.0,61.889988869010935,0.0,63.95298849797796,0.0,0.0,-1000.0,0.0,1000.0,-1000.0,0.0,0.0,0.0,0.0,0.0,0.0,0.0,0.0,0.0,37.20950289045573,0.20629996289670308,0.0,0.0,0.0,0.0,-308.42426609723117,0.0,0.0,0.0,0.0,1000.0,0.0,0.0,0.0,0.0,0.0,547.7641472169186,547.7641472169186,0.0,0.0,0.0,0.0,401.7098004652497,0.0,0.0,547.9704471798152,0.0,0.0,0.0,381.59901283616097,-642.3877179422534,0.0,0.0,0.0,0.0,0.0,0.0,0.0,0.0,0.0,0.0,0.0,0.0,0.0,0.0,-1000.0,0.0,0.0,0.0,0.0,0.0,0.0,673.7277831354788,326.27221686452117,-326.27221686452117,0.0,0.0,0.0,0.0,0.0,0.0,0.0,243.5013699812676,-1000.0,0.0,0.0,0.0,0.0,0.0,0.0,0.0,0.0,0.0,0.0,0.0,0.0,0.0,0.0,160.62562439047574,-121.00631869961342,0.0,0.0,0.0,0.0,257.64310322273604,0.0,0.0,0.0,0.0,-39.49255581318215,674.0615676062423,0.0,0.0,0.0,0.0,0.0,0.0,0.0,0.0,0.0,0.0,0.0,0.0,203.4677156385219,0.0,1000.0,0.0,121.00631869961342,0.0,0.0,0.0,589.2397666426922,0.0,0.0,0.0,-153.2044857916129,0.0,0.0,-905.5204883654725,0.0,0.0,-905.5204883654725,0.0,0.0,449.07671809052044,0.0,-532.3892150828304,0.0,0.0,317.9337932590656,0.0,0.0,0.0,-1000.0,0.0,1000.0,0.0,1000.0,0.0,0.0,0.0,0.0,0.0,0.0,-39.49255581318215,-0.30944994434505463,0.0,0.0,0.0,0.0,0.20629996289670308,0.0,0.0,0.0,680.466907908253,203.77716558286699,0.0,-550.6811505721645,-202.1246351877965,642.3877179422534,379.6198375916132,0.0,710.132076899624,0.0,-401.7098004652497,0.0,0.0,0.0,489.8075990548644,-199.93967595448845,-1000.0,761.3292049122773,-1000.0,0.0,0.0,0.0,0.0,0.0,0.0,0.0,0.0,0.0,0.0,0.0,0.0,0.0,0.0,0.0,0.0,0.0,-494.7955185053654,0.0,-1000.0,0.0,0.0,533.8664230064136,860.9564365331069,0.0,0.0,-37.20950289045573,0.0,0.0,0.0,424.2023366797099,0.0,0.0,0.0,251.24398818611792,0.0,199.93967595448845,387.41990059063926,0.0,0.0,-209.55526258039146,0.0,-692.0372045975065,0.0,-5.157499072417577,-10.314998144835155,0.0,0.0,0.0,0.0,109.40639409841057,61.889988869010935,0.0,0.0,0.0,0.0,0.0,823.1298415417343,0.0,0.0,0.0,0.0,466.8805830942456,0.0,0.0,-516.4153699882069,0.0,0.0,243.5013699812676,0.0,0.0,-36.33630013154516,0.0,0.0,42.05420533379812,0.0,0.0,0.0,0.0,-209.6886305757664,0.41259992579354393,0.0,0.0,0.0,0.0,0.0,0.0,0.0,0.0,0.0,0.0,0.0,0.0,0.0,0.0,0.0,0.0,0.0,0.0,0.0,0.22692995918659575,0.22692995918659575,0.0,11.89372755429895,0.0,123.77997773802187,0.0,0.0,0.0,1000.0,0.0,434.54619631660034,21.324405747409603,0.0,0.0,1000.0,-1000.0,0.0,0.0,0.0,0.0,0.0,42.05420533379812,0.0,0.0,0.0,0.0,0.0,0.0,0.0,333.3333333333333,-680.466907908253,308.42426609723117,0.0,37.20950289045573,0.0,0.0,-742.356896777264,-1000.0,0.0,1000.0,0.0,790.3113694242336,0.0,0.0,0.0,0.0,0.0,0.0,0.0,0.0,0.0,0.0,0.0,0.0,0.0,0.0,0.0,0.0,0.0,123.77997773802187,0.0,0.0,0.0,0.0,0.0,0.0,0.0,0.0,0.0,0.0,0.0,0.0,2.0629996289670314,0.0,0.0,21.324405747409603,-21.324405747409603,0.0,673.7277831354788,0.0,0.0,61.889988869010935,0.0,0.0,0.0,0.0,0.0,0.0,0.0,0.0,0.0,0.0,1000.0,280.5801903638332,0.0,61.889988869010935,61.889988869010935,680.5766377388982,-1000.0,0.0,42.05420533379812,0.0,0.0,0.0,0.0,0.0,1000.0,243.5013699812676,912.2818653465541,0.20629996289670308,0.0,0.0,0.0,272.4485724283674,0.0,0.0,742.356896777264,0.0,0.0,0.0,0.0,0.0,0.0,0.0,0.0,0.0,0.0,0.0,0.0,0.0,0.0,0.20629996289670308,0.0,0.0,0.0,-750.0,750.0,0.0,0.0,0.0,0.0,0.0,786.367259121576,0.0,-289.71033900561815,-505.2044814946346,-15.472497217252734,-10.314998144835155,0.0,0.0,-750.0,-750.0,750.0,0.0,0.0,0.0,0.0,0.0,0.0,0.0,0.0,642.3877179422534,0.0,0.0,119.72139224324573,0.0,0.0,0.0,822.9235415788377,0.0,0.0,0.20629996289670308,0.0,0.20629996289670308,0.0,0.0,0.0,123.77997773802187,251.6859547339778,251.6859547339778,0.0,0.0,0.0,0.0,0.0,0.0,0.0,308.42426609723117,0.0,243.5013699812676,0.0,0.0,389.71763714184425,117.85238871842648,0.0,0.0,0.0,0.0,0.0,0.0,0.0,0.0,0.0,0.0,0.0,0.0,0.0,257.64310322273604,0.0,-262.9350952438906,262.9350952438906,0.30944994434505463,0.0,0.0,0.0,-61.889988869010935,0.0,0.0,0.0,0.0,0.0,-11.89372755429895,10.314998144835155,0.0,0.0,0.0,0.0,-401.7098004652497,37.20950289045573,0.0,0.0,0.0,0.0,0.0,0.0,0.0,0.0,0.0,0.0,0.0,64.99129247489526,11.89372755429895,0.0,-293.63586689901393,-401.7098004652497,0.0,0.0,289.71033900561815,-289.71033900561815,0.0,337.55381190871435,0.0,10.314998144835155,1000.0,0.0,0.0,0.0,-78.98511162636436,0.0,0.0,0.0,0.0,0.0,0.0,0.0,0.0,0.0,27.366224771551686,-58.31121920605716,251.6859547339778,0.0,0.0,0.0,0.0,0.0,0.0,0.0,0.0,0.0,0.0,0.0,0.0,0.0,-272.4485724283674,0.0,0.0,61.889988869010935,21.324405747409603,0.0,0.0,0.0,-6.9621438279266386,0.0,0.0,0.22692995918659575,0.0,0.0,0.0,125.8429773669889,0.0,0.0,0.0,0.0,160.62562439047574,0.0,0.0,0.0,0.0,0.0,0.0,0.0,0.0,0.0,0.0,0.0206299962896709,0.0206299962896709,0.0,0.0,0.0,0.0,0.0,0.0,0.0,0.0,0.0,0.0,0.0,0.0,0.0,0.0,0.0,11.89372755429895,0.0,0.0,0.0,0.0,0.0,0.0,0.0,0.0,0.0,0.0,0.0,42.648811494819206,184.45258942299677,1000.0,-820.4933390164872,0.0,0.0,0.0,123.7799777380219,0.0,0.0,0.0,0.0,0.0,-873.7799777380226,750.0000000000007,0.0,42.648811494819206,0.0,0.0,0.0,0.0,0.0,0.0,0.0,0.0,0.0,0.0,-912.2818653465541,761.3292049122773,648.8855004445123,0.0,-61.889988869010935,0.0,504.37928164304435,0.0,0.0,0.0,0.0,0.0,0.0,0.0,0.0,0.0,0.0,0.0,0.0,0.0,0.0,0.0,0.0,0.0,-25.78749536208789,0.0,-15.472497217252734,550.4087478490752,0.0,0.0,0.0,0.0,0.0,0.0,-2.578749536208789,36.33630013154516,0.0,0.0,0.0,0.0,0.0,0.0,0.0,1000.0,61.889988869010935,61.889988869010935,0.0,0.0,0.0,0.0,0.0,0.22692995918659575,11.89372755429895,0.0,0.0,-504.37928164304435,0.0,0.0,0.0,0.0,0.0,0.0,0.0,0.0,0.0,0.0,0.0,0.0,0.0,0.0,0.0,0.0,0.0,0.0,0.0,216.61496104153827,37.20950289045573,0.0,0.0,0.0,0.0,0.0,11.89372755429895,0.0,-54.16735984057002,0.0,0.0,0.0,-25.78749536208789,0.0,0.0,0.0,0.0,0.0,0.0,0.0,0.0,0.0,0.0,0.0,0.0,0.0,0.0,0.0,0.0,0.0,0.0,-0.20629996289670308,0.0,0.0,10.314998144835155,-1000.0,0.0,0.0,0.0,0.0,0.0,0.0,0.0,0.0,-489.8075990548644,5.157499072417577,0.0,0.0,262.9350952438906,0.20629996289670308,0.0,206.29996289670308,-63.95298849797796,41.25999257934062,1.4735711635478792,575.5768964818017,-0.15472497217252731,440.7932164113886,4.125999257934062,-1.0314998144869445,-575.5768964818017,61.88998886901093,-0.2062999628967031,133.9032668217499,42.05420533379812,0.051574990724175776,1.4735711635478792,-401.7098004652497,-54.16735984057002,-4.125999257934062,-18.843516770994142,-0.2062999628967031,0.051574990724175776,-575.5768964818017,20.62999628967031,0.2062999628967031,0.20629996289670308,-11.460497632215652,-21.097475788223228,0.0,-0.15472497217252731,61.889988869010935,0.2062999628967031,61.889988869010935,-103.14998144835155,-0.10314998144835155,-196.58039906950057,-278.47939947530307,-0.15472497217252731,-0.2062999628967031,-63.95298849797796,0.20629996289670308,20.62999628967031,-4.125999257934062,257.64310322273604,257.64310322273604,-20.62999628967031,18.843516770994142,-257.64310322273604,41.25999257934062,0.30944994434505463,-1000.0,20.62999628967031,-333.3333333333333,42.05420533379812,-41.25999257934062,0.10314998144835155,2.0629996289670314,137.67028764304112,53.15372013363957,-0.20629996289670308,-58.31121920605716,11.460497632215652,63.95298849797796,0.2062999628967031,54.16735984057002,-205.50575014224546,42.05420533379812,-0.20629996289670308,-0.051574990724175776,-42.05420533379812,-0.2062999628967031,-209.68863057576638,0.2062999628967031,-0.051574990724175776,-0.051574990724175776,-0.051574990724175776,82.51998515868124,103.14998144835155,2.0629996289670314,152.8424850111015,-0.051574990724175776,141.43730846433235,10.314998144835155,115.15931343271836,0.20629996289670308,0.10314998144835155,0.10314998144835155,41.65709895656937,63.95298849797796,0.20629996289670308,-63.95298849797796,2.0629996289670314,0.2062999628967031,-152.8424850111015,0.2062999628967031,0.8251998515902415,1.0314998144869445,0.10314998144835155,0.051574990724175776,61.889988869010935,-0.2062999628967031,0.0,2.062999628967031,-305.684970022203,435.635717338971,-20.62999628967031,41.25999257934062,10.314998144835155,-0.2062999628967031,401.7098004652497,0.30944994434505463,-0.2062999628967031,-83.31419791313874,63.95298849797796,414.8632857723687,0.10314998144835155,-230.31862686543673,-0.2062999628967031,-0.2062999628967031,-0.2062999628967031,0.10314998144835155,575.5768964818017,-41.25999257934062,0.20629996289670308,275.34057528608224,-0.051574990724175776,21.097475788223228,-275.34057528608224,30.94499443450546,278.47939947530307,235.26511315669165,575.5768964818017,-0.15472497217252731,58.31121920605716,-53.15372013363957,0.2062999628967031,-0.05157499072417579,434.51733482454506,206.29996289670308,-0.10314998144835155,-0.2062999628967031,0.051574990724175776,0.0,0.0,550.8201319280312,0.0,-1000.0,0.0,322.3081941342426,-1000.0,0.0,333.9030588407908,-106.43077520833651,560.8001404169045,-449.07671809052044,-166.9515294203954,500.0,53.21538760416826,0.0,500.0,-11.89372755429895,-407.9011419444421,449.07671809052044,-560.8001404169045,-407.9011419444421,-322.3081941342426,253.59197399340889,0.0,1496.5981,bhi
21,0.0,0.0,0.0,0.0,0.0,0.0,0.0,0.0,-0.01002182740202623,0.0,0.0,0.0,0.0,0.0,0.0,0.0,-1000.0,384.2805642279784,0.0,1000.0,0.0,0.0,0.0,0.0,0.0,632.0837061962823,0.0,0.0,0.0,749.5371074640877,11.749756748627656,-11.749756748627656,0.0,0.0,0.0,0.0,0.0,208.4867774709439,0.0,-1000.0,734.85917146105,0.0,0.0,-442.60182945878364,0.0,0.0,0.0,341.8632916437685,-624.1045556005593,0.0,0.0,-874.5674481364716,0.0,0.011024010142238767,0.0,0.0,0.0,343.8676571241737,0.0,0.0,23.05618319503307,0.0,-395.81647056987117,-467.97084226018615,0.0,0.0,0.0,0.0,263.8721559421647,210.63263076854173,0.0,0.1002182740202623,0.0,0.0,0.0,0.0,0.0,0.0,0.0,0.0,0.0,0.0,-220.71747132443716,0.0,6.013096441215739,0.0,0.0,580.4029833758134,169.13412408827435,661.7317518234513,738.5942293972194,0.0,0.0,-871.178448388632,3.0065482206078693,0.0,265.14082853894996,0.0,0.0,0.0,0.0,0.5010913701013116,749.5371074640877,0.0,0.0,0.0,0.0,599.6823182952041,0.0,0.0,0.0,0.0,0.0,0.0,0.0,0.0,0.0,0.0,0.0,0.0,0.0,0.0,0.0,0.0,-785.3220889179684,0.0,0.0,265.14082853894996,0.0,3.1067664946281313,0.0,0.0,540.1050062991018,-540.1050062991018,0.0,0.0,-1000.0,0.0,0.0,904.7894451146519,0.0,0.0,0.0,0.0,0.0,221.4891520343932,0.01002182740202623,738.5967348540698,0.0,0.0,0.0,0.0,0.0,0.0,220.71747132443716,0.0,320.9470140964418,0.0,0.0,0.0,0.0,0.0,482.3830058106946,482.3830058106946,0.0,0.0,0.0,250.0,-894.0769806104798,0.0,0.0,494.1427843867243,0.0,0.0,0.0,0.0,0.0,0.0,0.0,0.0,0.0,0.0,0.0,0.0,0.0,0.0,-437.43145433462087,0.0,0.0,0.0,0.0,-1000.0,0.0,0.0,0.0,0.0,0.0,0.0,874.5674481364716,-830.8658759117257,830.8658759117257,95.21055488534807,0.0,0.0,0.0,0.0,0.0,0.0,0.0,134.60808680889454,0.0,0.0,0.0,0.0,0.0,0.0,0.0,0.0,0.0,0.0,0.0,0.0,0.0,0.0,-511.0305334635843,0.0,0.0,0.0,0.0,0.0,-95.21055488534807,0.0,0.0,0.0,0.0,23.05618319503307,442.60182945878364,11.749756748627656,0.0,0.0,0.0,0.0,0.0,0.0,0.0,760.6448118972511,0.0,262.13428031834206,0.0,-1000.0,0.0,0.0,0.0,0.0,0.0,0.0,95.21055488534807,790.2170991690626,0.0,0.0,0.0,-27.912563236218787,0.0,0.0,0.0,0.0,0.0,-344.234442261033,344.234442261033,-344.234442261033,-661.7317518234513,0.0,-277.4511875954729,0.0,0.0,27.960898451653183,0.0,0.0,0.0,0.0,0.0,0.0,0.0,703.3192482503359,0.0,0.0,1000.0,250.0,0.0,0.0,23.05618319503307,-0.015032741103039347,0.0,0.0,0.0,0.0,0.01002182740202623,0.0,0.0,0.0,-25.785640436201106,-1000.0,0.0,-612.9535308867447,235.71842107038756,0.0,1000.0,0.0,37.82093928209514,0.0,0.0,0.0,0.0,0.0,-0.8628793393144683,-38.90193249630687,1.9438725535261956,-1000.0,-1000.0,0.0,0.0,0.0,0.0,0.0,0.0,0.0,0.0,0.0,0.0,0.0,0.0,0.0,0.0,0.0,0.0,0.0,-808.9398578474554,0.0,-1000.0,220.71747132443716,0.0,748.5723523062775,0.0,0.0,0.0,-970.3842071830167,0.0,0.0,0.0,0.0,0.0,0.0,0.0,-0.5010913701013116,0.0,-224.9702234458578,0.0,225.7218605010098,0.0,-15.438263150354517,0.0,0.0,1000.0,-0.2505456850506558,-226.2229518711111,-1000.0,0.0,0.0,-471.83645433154453,277.5694891286932,265.14082853894996,0.0,0.0,0.0,0.0,0.0,0.0,0.0,0.0,0.0,0.0,-165.1438144964976,0.0,0.0,-209.19650751841567,0.0,0.0,0.0,0.0,0.0,-49.09818849528193,0.0,0.0,0.0,0.0,0.0,0.0,0.0,-776.1713620025342,0.020043654804041352,0.0,0.0,0.0,0.0,0.0,0.0,0.0,0.0,0.0,0.0,0.0,0.0,0.0,0.0,0.0,0.0,0.0,0.0,0.0,0.011024010142238767,0.011024010142238767,11.749756748627656,328.6278830170175,0.0,6.013096441215739,0.0,0.0,0.0,309.8621011177951,0.0,0.0,0.0,0.0,0.0,1000.0,-309.8621011177951,0.0,0.0,112.11908341041931,0.0,0.0,0.0,0.0,0.0,0.0,0.0,0.0,0.0,0.0,261.7740296393228,25.785640436201106,0.0,0.0,0.7716807099560193,0.0,0.0,-871.178448388632,-871.178448388632,0.0,924.3108686119676,0.0,223.82863799746576,0.0,0.0,0.0,0.0,0.0,0.0,0.0,0.0,0.0,0.0,0.0,0.0,0.0,0.0,0.0,0.0,0.0,6.013096441215739,95.21055488534807,95.21055488534807,0.0,0.0,0.0,0.0,0.0,0.0,0.0,0.0,0.0,0.0,0.1002182740202623,0.0,11.749756748627656,0.0,0.0,11.749756748627656,874.5674481364716,0.0,0.0,265.14082853894996,-112.11908341041931,0.0,0.0,0.0,0.0,0.0,0.0,0.0,0.0,0.0,548.1862421521632,-1000.0,0.0,3.0065482206078693,3.0065482206078693,-726.0035666334015,-309.8621011177951,0.0,0.0,0.0,0.0,0.0,0.0,0.0,-45.504558706751595,0.0,0.0,0.01002182740202623,0.0,0.0,13.235254774004497,0.0,776.1713620025342,0.0,871.178448388632,0.0,0.0,0.0,0.0,0.0,0.0,5.8222408760024935,0.0,0.0,0.0,0.0,0.0,0.0,0.0,0.01002182740202623,0.0,0.0,0.0,-5.8044811127494995,5.8044811127494995,0.0,0.0,0.0,0.0,-221.81185487673918,0.0,0.0,0.0,-191.06014215254464,-0.7516370551519673,-0.5010913701013116,0.0,0.0,0.0,0.0,0.0,0.0,0.0,0.0,0.0,0.0,0.0,0.0,95.21055488534807,0.0,0.0,0.0,278.0705804987945,0.0,0.0,0.0,-0.01002182740202623,0.0,0.0,0.01002182740202623,0.0,0.01002182740202623,17.46672262800748,474.5047867107064,0.0,6.013096441215739,12.226629430472,12.226629430472,0.0,0.0,0.0,0.0,0.0,0.0,0.0,0.0,0.0,0.0,0.0,0.0,0.0,0.0,0.0,0.0,0.0,0.0,0.0,0.0,0.0,0.0,0.0,0.0,0.0,0.0,0.0,0.0,0.0,-140.1121968575684,140.1121968575684,0.015032741103039347,0.0,0.0,0.0,-265.14082853894996,0.0,0.0,0.0,0.0,0.0,-328.6278830170175,0.5010913701013116,0.0,0.0,0.0,-250.0,894.0769806104798,748.5723523062775,0.0,0.0,0.0,0.0,0.0,0.0,0.0,0.0,95.21055488534807,0.0,112.11908341041931,-466.65323300218836,328.6278830170175,0.0,-590.1427513992537,776.1713620025342,0.0,0.0,0.0,0.0,220.71747132443716,777.9904697385906,0.0,0.5010913701013116,955.226924743283,0.0,0.0,-11.749756748627656,-49.09818849528193,0.0,0.0,0.0,0.0,0.0,0.0,0.0,0.0,0.0,766.8109744067904,-330.8827941824734,12.226629430472,0.0,0.0,0.0,11.749756748627656,0.0,0.0,0.0,0.0,0.0,760.6448118972511,0.0,0.0,0.0,-13.235254774004497,1000.0,0.0,3.0065482206078693,0.0,0.0,0.0,0.0,2.318893155931281,0.0,0.0,0.011024010142238767,0.0,0.0,0.0,6.113314715236,0.0,0.0,0.0,0.0,-511.0305334635843,0.0,0.0,0.0,0.0,0.0,0.0,0.0,0.0,-661.9047930874291,0.0,0.001002182740202623,0.001002182740202623,0.0,0.0,0.0,0.0,0.0,17.46672262800748,0.0,0.0,0.0,13.235254774004497,11.749756748627656,0.0,0.0,0.0,0.0,328.6278830170175,0.0,0.0,0.0,0.0,0.0,0.0,0.0,0.0,0.0,0.0,0.0,0.0,-257.50284336034883,-769.4854516992118,384.2805642279784,0.0,0.0,0.0,6.013096441215739,0.0,0.0,0.0,0.0,0.0,0.0,-6.013096441215739,0.0,0.0,0.0,0.0,0.0,0.0,0.0,0.0,0.0,11.749756748627656,11.749756748627656,0.0,0.0,-295.96745124266386,6.864951770387969,-265.14082853894996,0.0,0.0,191.02005484293642,0.0,0.0,0.0,0.0,0.0,0.0,0.0,0.0,0.0,375.0,0.0,-375.0,-375.0,0.0,0.0,0.0,0.0,-1.2527284252532789,95.21055488534807,-0.7516370551519673,330.13115712732144,0.0,0.0,0.0,0.0,0.0,-0.1252728425253279,0.0,269.8156598197191,0.0,0.0,0.0,0.0,0.0,0.0,0.0,1000.0,3.0065482206078693,3.0065482206078693,0.0,0.0,0.0,0.0,0.0,0.011024010142238767,328.6278830170175,0.0,0.0,-208.4867774709439,0.0,0.0,0.0,0.0,0.0,0.0,0.0,0.0,0.0,0.0,0.0,0.0,0.0,0.0,0.0,0.0,0.0,0.0,0.0,10.522918772127543,0.7716807099560193,0.0,0.0,0.0,0.0,0.0,328.6278830170175,0.0,-0.5010913701013116,0.0,0.0,0.0,-1.2527284252532789,0.0,0.0,0.0,0.0,0.0,0.0,0.0,0.0,0.0,0.0,0.0,0.0,0.0,0.0,0.0,0.0,0.0,0.0,-0.01002182740202623,0.0,0.0,0.5010913701013116,-1000.0,0.0,0.0,0.0,0.0,95.21055488534807,0.0,0.0,0.0,0.8628793393144683,0.2505456850506558,0.0,0.0,632.0837061962823,0.01002182740202623,0.0,10.021827402026231,-3.1067664946281313,2.004365480405246,0.07158448144304451,27.960898451653183,-0.007516370551519673,0.5010913701013116,0.20043654804052463,17.416613490997236,-27.960898451653183,3.0065482206078693,-0.01002182740202623,0.0,0.0,0.0025054568505065576,0.07158448144304451,0.0,-1.5954749224033313,11.54932020058713,-384.2805642279784,-0.01002182740202623,0.0025054568505065576,-27.960898451653183,345.881660874873,0.01002182740202623,0.01002182740202623,-328.60683717947325,0.011024010142228854,0.0,-0.007516370551519673,3.0065482206078693,0.01002182740202623,265.14082853894996,257.12336661732894,-0.005010913701013115,-320.9470140964418,94.19835031774342,-0.007516370551519673,-0.01002182740202623,-3.1067664946281313,0.01002182740202623,1.002182740202623,-0.20043654804052463,0.0,0.0,-1.0021827402026133,384.2805642279784,0.0,2.004365480405246,0.015032741103039347,342.527771846271,1.002182740202623,-261.7740296393228,0.0,-2.004365480405246,0.005010913701013115,0.1002182740202623,153.23838272168618,330.6322484974227,-0.01002182740202623,-330.8827941824734,328.60683717947325,3.1067664946281313,0.01002182740202623,1.5954749224033313,-619.0399513354441,0.0,-0.01002182740202623,-0.0025054568505065576,0.0,-0.01002182740202623,-776.1713620025342,0.010021827401999417,-0.0025054568505065576,-0.0025054568505065576,-0.0025054568505065576,4.008730960810492,-257.12336661732894,0.1002182740202623,338.2832809176517,-0.0025054568505065576,306.47676544337236,0.5010913701013116,388.58677237136845,0.01002182740202623,0.005010913701013115,0.005010913701013115,1.002182740202623,3.1067664946281313,0.01002182740202623,-3.1067664946281313,0.1002182740202623,0.01002182740202623,-1000.0,0.01002182740202623,0.04008730960822504,-17.416613490997236,0.005010913701013115,0.0025054568505065576,3.0065482206078693,-0.010021827402026234,0.0,-5.774660100293565,-676.5665618353034,0.2505456850506558,-1.002182740202623,2.004365480405246,0.5010913701013116,-0.01002182740202623,0.0,0.015032741103039347,-0.01002182740202623,-2.004365480405246,3.1067664946281313,175.07521450713494,0.005010913701013115,-777.1735447427369,-0.01002182740202623,-0.010021827401999417,-0.01002182740202623,0.005010913701013115,27.960898451653183,-2.004365480405246,0.01002182740202623,306.47676544337236,-0.0025054568505065576,-0.011024010142228854,-306.47676544337236,1.5032741103039347,-94.19835031774342,-648.6910684299005,27.960898451653183,-0.007516370551519673,330.8827941824734,-330.6322484974227,0.01002182740202623,-0.002505456850506558,0.5010913701013116,10.021827402026231,-0.005010913701013115,-0.01002182740202623,0.0025054568505065576,1000.0,0.0,-342.532782759972,661.7167190823483,316.8557634519611,0.0,254.40548126680878,775.9498796169495,344.87947813467036,-993.0193742739461,-613.0319129864419,588.1383859188485,0.0,496.50968713697307,-158.42788172598054,306.5159564932209,-344.87947813467036,-387.97493980847474,-328.6278830170175,-177.39410766306622,0.0,-588.1383859188485,-177.39410766306622,-254.40548126680878,436.22162493102513,0.0,1496.5981,bhi
22,0.0,0.0,0.0,0.0,0.0,0.0,0.0,0.0,-0.03605096158595955,0.0,0.0,0.0,0.0,0.0,0.0,0.0,266.54437528592774,44.745137841420416,0.0,219.53063976917798,0.0,0.0,0.0,768.525781457298,0.0,0.0,0.0,0.0,0.0,143.47015242015848,0.0,0.0,295.0544687292348,0.0,0.0,0.0,0.0,524.2674310438194,0.0,-1000.0,989.1847115242122,0.0,0.0,0.0,0.0,0.0,249.0155518984866,0.0,49.09540680501894,0.0,0.0,0.0,0.0,0.03965605774455794,0.0,0.0,0.0,7.21019231719191,0.0,0.0,-330.68790091038574,0.0,-669.3120990896143,-1000.0,795.8374945221756,0.0,0.0,0.0,0.0,0.0,0.0,0.36050961585959557,0.0,0.0,0.0,0.0,0.0,0.0,0.0,0.0,0.0,0.0,0.0,0.0,21.630576951575733,0.0,327.5130128933818,0.0,-502.99986427748195,340.1001338141779,-0.009012740396489888,0.0,0.0,-806.1684484551563,10.815288475787867,0.0,10.815288475787867,-530.5811561162412,0.0,0.0,0.0,1.8025480792979776,-233.30539727986272,0.0,0.0,-341.0718461792632,534.903397724107,0.0,0.0,0.0,0.0,0.0,0.0,0.0,0.0,0.0,0.0,0.0,0.0,0.0,0.0,0.0,0.0,0.0,-81.09353460428949,0.0,0.0,10.815288475787867,0.0,11.175798091647462,0.5206154376004637,0.0,948.7919849773898,-948.7919849773898,0.0,0.0,0.0,0.0,0.0,0.0,0.0,0.0,0.0,0.0,0.0,330.2889369355007,0.03605096158595955,0.0,0.0,0.0,-1000.0,-434.44914494362285,0.0,0.0,0.0,0.0,713.8481637450071,0.0,0.0,0.0,0.0,0.0,133.40358090985552,133.40358090985552,0.0,0.0,0.0,750.0,0.0,0.0,0.0,133.4396318714415,0.0,0.0,0.0,1000.0,-115.46452655890704,0.0,0.0,0.0,0.0,0.0,0.0,0.0,0.0,0.0,0.0,0.0,0.0,0.0,0.0,-1000.0,0.0,0.0,0.0,0.0,0.0,0.0,0.0,162.89973046330402,-162.89973046330402,0.0,0.0,0.0,0.0,0.0,0.0,0.0,376.7755497000212,-1000.0,0.0,0.0,0.0,0.0,0.0,0.0,0.0,0.0,0.0,0.0,0.0,0.0,0.0,0.0,523.2718120660121,-459.10993451110517,0.0,0.0,0.0,0.0,0.0,0.0,0.0,0.0,0.0,-330.68790091038574,-459.10993451110517,0.0,0.0,0.0,0.0,0.0,0.0,0.0,0.0,0.0,0.0,0.0,0.0,606.5904326577266,-59.30916208305928,211.99513726832296,0.0,459.10993451110517,0.0,0.0,0.0,0.0,0.0,0.0,0.0,-355.7776173752071,0.0,0.0,-157.69540460086859,-157.6954046008686,0.0,0.0,0.0,157.6954046008686,-340.1001338141779,0.0,378.0801012688835,0.0,0.0,101.62341370002807,0.0,0.0,0.0,0.0,0.0,0.0,0.0,-600.1559568333895,0.0,0.0,0.0,750.0,0.0,0.0,-330.68790091038574,-0.05407644237893933,0.0,0.0,0.0,0.0,0.03605096158595955,0.0,0.0,0.0,989.1847115242122,266.54437528592774,0.0,-324.37413841715795,776.230945488442,115.46452655890704,1000.0,0.0,-595.7714859166747,0.0,-341.0718461792632,0.0,0.0,0.0,-3.1039877925511195,598.8754737092258,0.0,0.0,-1000.0,0.0,0.0,0.0,0.0,0.0,0.0,0.0,0.0,0.0,0.0,0.0,0.0,0.0,0.0,0.0,0.0,0.0,-475.588365109836,0.0,-1000.0,0.0,0.0,529.4203151531725,0.0,0.0,0.0,-330.2889369355007,0.0,0.0,0.0,0.0,0.0,-1000.0,0.0,-208.93360776546473,559.1284639588672,401.1245262907741,0.0,0.0,0.0,-48.54261977549453,0.0,207.13105968616676,-732.8039281429183,-560.0297379985162,-1.8025480792979776,-431.8762996739428,0.0,0.0,1000.0,822.0123357377205,10.815288475787867,0.0,0.0,0.0,0.0,0.0,0.0,0.0,0.0,0.0,0.0,-108.8583661351041,0.0,0.0,0.0,0.0,0.0,376.7755497000212,0.0,0.0,-6.349776034007732,0.0,0.0,0.0,0.0,0.0,0.0,0.0,-387.0892236292916,0.07210192317191115,0.0,0.0,0.0,0.0,0.0,0.0,0.0,0.0,0.0,0.0,0.0,0.0,0.0,0.0,0.0,0.0,0.0,0.0,0.0,0.03965605774455794,0.03965605774455794,0.0,186.0628358131869,0.0,21.630576951575733,0.0,0.0,0.0,-209.15318833552655,0.0,549.8603916084571,327.5130128933818,0.0,0.0,1000.0,209.15318833552655,0.0,0.0,0.0,0.0,0.0,0.0,0.0,0.0,0.0,0.0,0.0,0.0,0.0,27.031178201429828,-989.1847115242122,899.5457472195159,0.0,330.2889369355007,0.0,-806.1684484551563,0.0,0.0,0.0,1000.0,0.0,0.0,612.9107763707084,0.0,0.0,0.0,0.0,0.0,0.0,0.0,0.0,0.0,0.0,0.0,0.0,0.0,0.0,0.0,0.0,21.630576951575733,0.0,0.0,0.0,0.0,0.0,0.0,0.0,0.0,0.0,0.0,0.0,0.0,0.36050961585959557,0.0,0.0,327.5130128933818,-327.5130128933818,0.0,0.0,0.0,0.0,10.815288475787867,0.0,0.0,0.0,0.0,0.0,0.0,0.0,0.0,0.0,0.0,1000.0,0.0,0.0,10.815288475787867,10.815288475787867,887.829184704079,209.15318833552655,0.0,0.0,0.0,0.0,0.0,0.0,0.0,-766.6946027201373,376.7755497000212,-787.2418980251272,0.03605096158595955,0.0,0.0,-125.00000000000001,170.52798316122716,0.0,0.0,806.1684484551563,0.0,0.0,0.0,0.0,0.0,0.0,0.0,0.0,0.0,0.0,0.0,0.0,0.0,0.0,0.03605096158595955,0.0,0.0,0.0,1000.0,-1000.0,0.0,0.0,0.0,0.0,0.0,199.1313782176718,0.0,0.0,-524.411634890164,-2.7038221189469667,-1.8025480792979776,0.0,0.0,0.0,0.0,0.0,0.0,0.0,0.0,0.0,0.0,0.0,0.0,0.0,115.46452655890704,0.0,0.0,823.8148838170184,0.0,0.0,0.0,-0.03605096158595955,0.0,0.0,0.03605096158595955,0.0,0.03605096158595955,0.0,0.0,0.0,21.630576951575733,43.982173134870656,43.982173134870656,0.0,0.0,0.0,0.0,0.0,0.0,0.0,899.5457472195159,0.0,376.7755497000212,0.0,0.0,0.0,0.0,0.0,0.0,0.0,0.0,0.0,0.0,0.0,0.0,0.0,0.0,0.0,0.0,0.0,0.0,0.0,0.0,0.0,0.05407644237893933,0.0,0.0,0.0,-10.815288475787867,0.0,0.0,0.0,0.0,0.0,-186.0628358131869,1.8025480792979776,0.0,0.0,0.0,-750.0,0.0,-397.7752939138825,0.0,0.0,0.0,0.0,0.0,0.0,0.0,0.0,0.0,0.0,0.0,1000.0,186.0628358131869,0.0,-107.66444509767598,-341.0718461792632,0.0,-728.0642308493832,0.0,728.0642308493832,0.0,-43.982173134870656,0.0,1.8025480792979776,1000.0,0.0,468.66991106857296,0.0,-661.3758018207714,0.0,0.0,0.0,0.0,0.0,0.0,0.0,0.0,0.0,0.0,-5.407644237893578,43.982173134870656,0.0,0.0,0.0,0.0,0.0,0.0,0.0,0.0,0.0,0.0,0.0,0.0,188.76665793213385,-45.52798316122714,0.0,0.0,10.815288475787867,327.5130128933818,0.0,0.0,0.0,-255.36748512765806,0.0,0.0,0.03965605774455794,0.0,0.0,0.0,21.991086567435328,0.0,0.0,0.0,0.0,523.2718120660121,0.0,534.903397724107,0.0,0.0,0.0,0.0,0.0,0.0,-948.7919849773898,0.0,0.0036050961585959553,0.0036050961585959553,0.0,0.0,0.0,0.0,0.0,0.0,0.0,0.0,0.0,-125.00000000000001,0.0,0.0,0.0,0.0,0.0,186.0628358131869,0.0,0.0,0.0,0.0,0.0,0.0,0.0,0.0,0.0,0.0,0.0,655.0260257867636,1000.0,179.79489841493583,44.745137841420416,0.0,0.0,0.0,21.630576951575733,0.0,0.0,0.0,0.0,0.0,0.0,-21.630576951575733,0.0,655.0260257867636,0.0,0.0,0.0,0.0,0.0,0.0,0.0,0.0,0.0,0.0,787.2418980251272,-1000.0,24.69490868638229,-704.113550538932,693.2982620631442,0.0,524.2674310438194,0.0,0.0,0.0,0.0,0.0,0.0,0.0,0.0,0.0,0.0,0.0,0.0,0.0,0.0,0.0,0.0,0.0,-4.5063701982449444,0.0,-2.7038221189469667,2.7038221189469644,0.0,0.0,0.0,0.0,0.0,750.0,-750.4506370198245,6.349776034007732,0.0,0.0,0.0,0.0,0.0,0.0,0.0,1000.0,10.815288475787867,10.815288475787867,0.0,0.0,0.0,0.0,0.0,0.03965605774455794,186.0628358131869,0.0,0.0,-524.2674310438194,0.0,0.0,0.0,0.0,0.0,0.0,0.0,0.0,0.0,0.0,0.0,0.0,0.0,0.0,0.0,0.0,0.0,0.5206154376004637,0.0,37.85350966525753,330.2889369355007,0.0,0.0,0.0,0.0,0.0,186.0628358131869,0.0,394.8119048715158,0.0,0.0,0.0,-4.5063701982449444,0.0,0.0,0.0,0.0,0.0,0.0,0.0,0.0,0.0,0.0,0.0,0.0,0.0,0.0,0.0,0.0,0.0,0.0,-0.03605096158595955,0.0,0.0,1.8025480792979776,-1000.0,0.0,0.0,0.0,0.0,0.0,0.0,0.0,0.0,3.1039877925511195,0.9012740396489888,0.0,0.0,0.0,0.03605096158595955,0.0,36.05096158595955,-10.655182654046996,7.210192317191911,0.2575068684711396,101.62341370002807,-0.027038221189469663,1.8025480792979707,0.721019231719191,-0.18025480793050974,-101.62341370002807,10.815288475787867,-0.03605096158595955,113.69061539308774,0.0,0.009012740396489888,0.2575068684711396,-341.0718461792632,-333.2523259778674,-0.721019231719191,-530.8201528965262,-0.03605096158595955,0.009012740396489888,-101.62341370002807,231.4021166195301,0.03605096158595955,0.03605096158595955,-185.98712879385636,-327.4733568356373,0.0,-0.027038221189469663,10.815288475787867,0.03605096158595955,10.815288475787867,-18.025480792979778,-0.018025480792979776,-31.70447138648069,-3.6411471201819148,-0.027038221189469663,-0.03605096158595955,-10.655182654046996,0.03605096158595955,3.605096158595955,-0.721019231719191,0.0,0.0,-3.6050961585959556,530.8201528965262,0.0,7.21019231719191,0.05407644237893933,-175.59795717593465,3.605096158595955,-27.031178201429828,0.0,-7.21019231719191,0.018025480792979776,0.36050961585959557,81.09353460428949,193.2730281303788,-0.03605096158595955,-194.17430217002743,185.98712879385636,11.175798091647462,0.03605096158595955,333.2523259778674,-271.0581743640856,0.0,-0.03605096158595955,-0.009012740396489888,0.0,-0.03605096158595955,-921.9926213533986,0.036050961585997084,-0.009012740396489888,-0.009012740396489888,-0.009012740396489888,14.42038463438382,18.025480792979778,0.36050961585959557,26.709256164997413,-0.009012740396489888,48.496453815491236,1.8025480792979776,195.34715989394377,0.03605096158595955,0.018025480792979776,0.018025480792979776,3.605096158595955,10.655182654046996,0.03605096158595955,-10.655182654046996,0.36050961585959557,0.03605096158595955,-26.709256164997413,0.03605096158595955,0.14420384634456695,0.18025480793050974,0.018025480792979776,0.009012740396489888,10.815288475787867,-0.03605096158595955,0.0,0.3605096158595955,-53.418512329994826,0.901274039648996,-3.605096158595955,7.21019231719191,1.8025480792979776,-0.03605096158595955,341.0718461792632,0.05407644237893933,-0.03605096158595955,-7.21019231719191,10.655182654046996,449.9582184443335,0.018025480792979776,-390.69431978788754,-0.03605096158595955,-0.036050961585997084,-0.03605096158595955,0.018025480792979776,101.62341370002807,-7.21019231719191,0.03605096158595955,162.18706920857898,-0.009012740396489888,327.4733568356373,-162.18706920857898,5.4076442378939324,3.6411471201819148,-180.51518131157363,101.62341370002807,-0.027038221189469663,194.17430217002743,-193.2730281303788,0.03605096158595955,-0.009012740396489888,1.8025480792979776,36.05096158595955,-0.018025480792979776,-0.03605096158595955,0.009012740396489888,1000.0,0.0,175.57993169514168,0.0,618.0569844265946,0.0,-87.55258830885305,-636.9230411595477,227.79702046093414,-1000.0,442.7200199971754,1000.0,0.0,500.0,-309.0284922132973,-221.3600099985877,-227.79702046093414,318.46152057977383,-186.0628358131869,-194.59073331667545,0.0,-1000.0,-194.59073331667545,87.55258830885305,89.95024494831831,0.0,1496.5981,bhi
23,0.0,0.0,0.0,0.0,0.0,0.0,0.0,0.0,-0.030986526808194106,0.0,0.0,0.0,0.0,0.0,0.0,0.0,250.24606426017033,132.08344094708264,0.0,0.0,0.0,0.0,0.0,0.0,0.0,0.0,0.0,0.0,0.0,-336.2455704664437,0.0,0.0,195.6152682956697,0.0,0.0,0.0,0.0,-568.9108468016584,0.0,-1000.0,608.3170320539941,0.0,0.0,85.9995062062734,0.0,0.0,435.22628982856736,0.0,0.0,0.0,0.0,0.0,0.0,0.034085179489044166,0.0,0.0,0.0,6.197305361638822,0.0,0.0,190.2529877979821,0.0,475.0721726703939,86.3795566917045,0.0,0.0,0.0,0.0,0.0,228.94749678708982,0.0,0.30986526808194115,0.0,0.0,0.0,0.0,0.0,0.0,0.0,0.0,0.0,0.0,-370.502205147759,0.0,18.591916084916466,0.0,0.0,459.97267682469266,-289.82773870534936,-250.19958446995804,-0.007746631702048528,0.0,0.0,625.0,9.295958042458233,0.0,9.295958042458233,0.0,0.0,0.0,0.0,1.5493263404097055,-1000.0,0.0,0.0,-120.11793532845059,564.5470432525993,0.0,0.0,0.0,0.0,0.0,0.0,0.0,0.0,0.0,0.0,0.0,0.0,0.0,0.0,0.0,0.0,0.0,-1000.0,0.0,0.0,9.295958042458233,0.0,9.605823310540174,0.0,0.0,273.3592388246127,550.092534472301,-823.4517732969138,823.4517732969138,-578.9456037766715,749.9999999999999,-749.9999999999999,0.0,0.0,0.0,0.0,0.0,0.0,372.88816771199,0.030986526808194106,0.0,0.0,0.0,0.0,-564.5470432525993,0.0,0.0,370.502205147759,0.0,35.829625296239406,0.0,0.0,0.0,0.0,0.0,-435.19530330175917,-435.19530330175917,0.0,0.0,0.0,-874.9999999999999,-622.9674654382136,0.0,0.0,-435.164316774951,0.0,0.0,0.0,32.14947952687311,0.0,0.0,0.0,0.0,0.0,0.0,0.0,0.0,0.0,0.0,0.0,0.0,0.0,0.0,0.0,-1000.0,0.0,0.0,0.0,0.0,0.0,0.0,0.0,540.0273231753074,-540.0273231753074,349.9981069895817,0.0,0.0,0.0,0.0,0.0,0.0,663.7544295335563,359.44004556629534,0.0,0.0,0.0,0.0,0.0,0.0,0.0,0.0,0.0,0.0,0.0,0.0,0.0,0.0,-35.32464431877327,85.9995062062734,0.0,0.0,0.0,0.0,-73.65258962886986,0.0,0.0,0.0,0.0,190.2529877979821,0.0,0.0,0.0,0.0,0.0,0.0,0.0,0.0,0.0,0.9977661632245827,0.0,0.0,0.0,0.0,-829.8550618806568,1000.0,0.0,-85.9995062062734,0.0,0.0,578.9456037766715,597.9559690649693,0.0,0.0,0.0,-527.9820081524869,0.0,0.0,-458.0471439998718,0.0,0.0,-458.0471439998718,0.0,0.0,250.19958446995804,0.0,212.13808729769738,0.0,0.0,-189.89310756585024,0.0,0.0,0.0,-348.8682314147443,0.0,348.8682314147443,0.0,0.0,228.94749678708982,0.0,0.0,-875.0,0.0,0.0,190.2529877979821,-0.046479790212291164,0.0,0.0,0.0,0.0,0.030986526808194106,0.0,0.0,0.0,713.3607584336052,250.24606426017033,0.0,-182.12797479702684,924.5720880877592,0.0,416.7245043067927,0.0,44.391298305418914,0.0,-120.11793532845059,0.0,0.0,0.0,103.41346407682765,0.0,-147.80476238224657,-1000.0,-1000.0,0.0,0.0,0.0,0.0,0.0,0.0,0.0,0.0,0.0,0.0,0.0,0.0,0.0,0.0,0.0,0.0,0.0,-1000.0,0.0,-431.21309930557436,370.502205147759,0.0,0.0,0.0,0.0,0.0,-373.88593387521456,0.0,0.0,0.0,0.0,0.0,0.0,0.0,0.0,-1000.0,0.0,130.77434447572477,-1.5493263404097055,0.0,0.0,0.0,-1.5493263404097055,1000.0,999.2253368297952,0.0,-100.65876184357923,0.0,0.0,-736.263764101869,-285.330523658023,9.295958042458233,0.0,0.0,0.0,341.5648506987053,0.0,0.0,0.0,0.0,0.0,0.0,567.4870185588865,0.0,0.0,0.0,0.0,0.0,663.7544295335563,0.0,0.0,-198.43962818070733,0.0,0.0,200.88848578965977,0.0,0.0,0.0,0.0,-44.62060236123148,0.061973053616353864,0.0,0.0,0.0,0.0,0.0,0.0,0.0,0.0,0.0,0.0,0.0,0.0,0.0,0.0,0.0,0.0,0.0,0.0,0.0,0.034085179489044166,0.034085179489044166,0.0,99.93507936570846,0.0,18.591916084916466,0.0,0.0,0.0,1000.0,0.0,41.394777629798455,0.0,0.0,0.0,1000.0,-1000.0,0.0,0.0,167.75279458705785,0.0,0.0,200.88848578965977,0.0,0.0,0.0,0.0,0.0,0.0,0.0,333.3333333333333,-713.3607584336052,0.0,0.0,2.3859625642309448,0.0,348.6544826392882,276.3455173607118,0.0,0.0,1000.0,0.0,0.0,955.3793976387685,0.0,0.0,0.0,0.0,0.0,0.0,0.0,0.0,0.0,0.0,0.0,0.0,0.0,0.0,0.0,0.0,18.591916084916466,578.9456037766715,578.9456037766715,0.0,0.0,0.0,0.0,0.0,0.0,0.0,0.0,0.0,0.0,0.30986526808194115,0.0,0.0,0.0,0.0,0.0,0.0,0.0,0.0,9.295958042458233,-167.75279458705785,0.0,0.0,0.0,0.0,0.0,0.0,0.0,0.0,0.0,601.1165947994051,0.0,0.0,9.295958042458233,9.295958042458233,-1000.0,-1000.0,0.0,200.88848578965977,0.0,0.0,0.0,0.0,0.0,1000.0,663.7544295335563,864.614910204033,0.030986526808194106,0.0,0.0,0.0,40.92213529690721,0.0,0.0,-625.0,0.0,-228.94749678708982,0.0,0.0,0.0,0.0,0.0,0.0,0.0,0.0,0.0,0.0,0.0,0.0,0.030986526808194106,0.0,0.0,0.0,1000.0,-1000.0,0.0,0.0,0.0,0.0,-375.4352602156243,570.3362270348354,0.0,0.0,0.0,-2.3239895106145583,-1.5493263404097055,0.0,0.0,750.0,750.0,-750.0,0.0,0.0,0.0,0.0,0.0,0.0,0.0,578.9456037766715,0.0,0.0,0.0,-283.7811973176133,0.0,0.0,0.0,-0.030986526808194106,0.0,0.0,0.030986526808194106,0.0,0.030986526808194106,0.0,0.0,0.0,18.591916084916466,37.80356270599682,37.80356270599682,0.0,0.0,0.0,0.0,0.0,0.0,0.0,0.0,0.0,663.7544295335563,0.0,0.0,0.0,106.0814040350132,0.0,0.0,0.0,0.0,0.0,0.0,0.0,0.0,0.0,0.0,0.0,0.0,0.0,276.3455173607118,0.0,0.0,0.0,0.046479790212291164,0.0,0.0,0.0,-9.295958042458233,0.0,0.0,0.0,0.0,0.0,-99.93507936570846,1.5493263404097055,0.0,0.0,0.0,874.9999999999999,622.9674654382136,-1.5493263404097055,0.0,0.0,0.0,0.0,0.0,0.0,0.0,0.0,578.9456037766715,0.0,167.75279458705785,149.01690904254735,99.93507936570846,0.0,-636.6866385826804,-120.11793532845059,568.7869006944256,0.0,0.0,-568.7869006944256,370.502205147759,560.1524063589725,0.0,1.5493263404097055,879.5677649072734,0.0,0.0,0.0,-198.43962818070733,250.00000000000023,-250.00000000000023,250.00000000000023,-250.00000000000023,0.0,0.0,0.0,0.0,0.0,102.25906887632301,-106.90704789755213,37.80356270599682,0.0,0.0,0.0,0.0,0.0,0.0,0.0,0.0,0.0,0.9977661632245827,0.0,0.0,0.0,-40.92213529690721,-274.28432999924314,0.0,9.295958042458233,0.0,0.0,0.0,0.0,-314.44364790897913,0.0,0.0,0.034085179489044166,0.0,0.0,0.0,18.90178135299841,0.0,0.0,0.0,0.0,-35.32464431877327,0.0,564.5470432525993,0.0,0.0,0.0,0.0,0.0,0.0,-1000.0,0.0,0.0030986526808194992,0.0030986526808194992,0.0,0.0,0.0,0.0,0.0,0.0,0.0,0.0,0.0,0.0,0.0,0.0,0.0,0.0,0.0,99.93507936570846,0.0,0.0,0.0,0.0,0.0,0.0,0.0,0.0,0.0,0.0,0.0,0.0,0.0,712.630215818038,132.08344094708264,0.0,0.0,0.0,18.591916084916466,0.0,0.0,0.0,0.0,0.0,0.0,-18.591916084916466,0.0,0.0,0.0,0.0,0.0,0.0,0.0,0.0,0.0,0.0,0.0,0.0,-864.614910204033,-1000.0,127.30717489862616,0.0,-9.295958042458233,0.0,-568.9108468016584,0.0,0.0,0.0,0.0,0.0,0.0,0.0,0.0,0.0,0.0,0.0,0.0,0.0,0.0,0.0,0.0,0.0,-3.873315851024264,578.9456037766715,-2.3239895106145583,210.66446242195076,0.0,0.0,0.0,0.0,0.0,0.0,-0.38733158510242643,568.9418333284666,0.0,0.0,0.0,0.0,0.0,0.0,0.0,1000.0,9.295958042458233,9.295958042458233,0.0,0.0,0.0,0.0,0.0,0.034085179489044166,99.93507936570846,0.0,0.0,568.9108468016584,0.0,0.0,0.0,0.0,0.0,0.0,0.0,0.0,0.0,0.0,0.0,0.0,0.0,0.0,0.0,0.0,0.0,0.0,0.0,32.53585314860382,2.3859625642309448,0.0,0.0,0.0,0.0,0.0,99.93507936570846,0.0,0.0,0.0,0.0,0.0,-3.873315851024264,0.0,0.0,0.0,0.0,0.0,0.0,0.0,0.0,0.0,0.0,0.0,0.0,0.0,0.0,0.0,0.0,0.0,0.0,-0.030986526808194106,0.0,0.0,1.5493263404097055,-1000.0,0.0,0.0,0.0,0.0,578.9456037766715,0.0,0.0,0.0,-103.41346407682765,0.7746631702048528,0.0,0.0,0.0,0.030986526808194106,0.0,30.986526808194107,-9.605823310540174,6.197305361638822,0.22133233434424365,86.45240979486157,-0.023239895106145582,1.5493263404097055,0.6197305361638823,-0.15493263404096266,-86.45240979486157,9.295958042458233,-0.030986526808194113,40.03931177615019,200.88848578965977,0.007746631702048528,0.22133233434424365,-120.11793532845059,-4.9330550678652685,-0.6197305361638823,-382.32950520725296,-0.030986526808194113,0.007746631702048528,-86.45240979486157,3.098652680819411,0.030986526808194113,0.030986526808194106,-99.87000765941123,0.034085179489013614,0.0,-0.023239895106145582,9.295958042458233,0.030986526808194113,9.295958042458233,-15.493263404097055,-0.015493263404097056,204.40624536066176,70.52295042124226,-0.023239895106145582,-0.030986526808194113,-9.605823310540174,0.030986526808194106,3.098652680819411,-0.6197305361638823,276.3455173607118,276.3455173607118,-3.098652680819411,382.32950520725296,-276.3455173607118,6.197305361638822,0.046479790212291164,-1000.0,3.098652680819411,-333.3333333333333,200.88848578965977,-6.197305361638822,0.015493263404097056,0.30986526808194115,45.53199369925671,106.13238472734729,-0.030986526808194106,-106.90704789755213,99.87000765941123,9.605823310540174,0.030986526808194113,4.9330550678652685,163.7046536198267,200.88848578965977,-0.030986526808194106,-0.007746631702048528,-200.88848578965977,-0.030986526808194113,-609.1676456138309,0.030986526808194113,-0.007746631702048528,-0.007746631702048528,-0.007746631702048528,12.394610723277644,15.493263404097055,0.30986526808194115,22.95714304902023,-0.007746631702048528,51.024675622363226,1.5493263404097055,23.859627521025445,0.030986526808194106,0.015493263404097056,0.015493263404097056,-10.930852817895612,9.605823310540174,0.030986526808194106,-9.605823310540174,0.30986526808194115,0.030986526808194113,-22.95714304902023,0.030986526808194113,0.12394610723276855,0.15493263404096266,0.015493263404097056,0.007746631702048528,9.295958042458233,-0.030986526808194113,0.0,0.30986526808194115,-45.91428609804046,0.7746631702048528,-3.098652680819411,6.197305361638822,1.5493263404097055,-0.030986526808194113,120.11793532845059,0.046479790212291164,-0.030986526808194113,21.861705635791225,9.605823310540174,349.83185784907937,0.015493263404097056,-47.71925504205089,-0.030986526808194113,-0.030986526808194113,-0.030986526808194113,0.015493263404097056,86.45240979486157,-6.197305361638822,0.030986526808194106,91.06398739851342,-0.007746631702048528,-0.034085179489013614,-91.06398739851342,4.647979021229116,-70.52295042124226,91.76670566447939,86.45240979486157,-0.023239895106145582,106.90704789755213,-106.13238472734729,0.030986526808194113,-0.007746631702048529,1.5493263404097055,30.986526808194107,-0.015493263404097056,-0.030986526808194113,0.007746631702048528,1000.0,0.0,999.9845067365959,0.0,482.6624287084645,0.0,751.5899930153829,-316.4180058665814,0.0,-1000.0,-795.1312392907801,630.4893332210416,0.0,500.0,-241.33121435423226,397.56561964539003,0.0,158.2090029332907,-99.93507936570846,-35.38820994010021,0.0,-630.4893332210416,-35.38820994010021,-751.5899930153829,292.3933433573684,0.0,1496.5981,bhi
24,0.0,0.0,0.0,0.0,0.0,0.0,0.0,0.0,85.06318517305027,0.0,0.0,0.0,0.0,0.0,0.0,0.0,-253.77432760277884,587.6702410719564,0.0,0.0,0.0,0.0,0.0,847.1257302226508,0.0,0.0,0.0,0.0,0.0,-278.49784775522426,0.0,0.0,0.0,0.0,0.0,0.0,0.0,400.57421436550936,0.0,-1000.0,-272.59857886425004,0.0,0.0,-1000.0,0.0,0.0,893.1819457469077,0.0,1000.0,0.0,0.0,-532.2721753580031,0.0,0.14950182968063197,0.0,0.0,0.0,27.18215085097212,0.0,0.0,88.66084941010166,0.0,-598.9847578378678,-822.6569474200619,0.0,0.0,0.0,0.0,0.0,0.0,0.0,1.359107542548606,0.0,0.0,0.0,0.0,0.0,0.0,0.0,0.0,0.0,0.0,0.0,0.0,81.54645255291636,0.0,0.0,-698.1574294560542,896.2010930598204,-746.0218062658389,-0.03397768856371515,0.0,0.0,0.0,40.77322627645818,0.0,40.77322627645818,-654.0990470304959,0.0,0.0,0.0,6.79553771274303,-753.8687153648488,0.0,0.0,0.0,0.0,0.0,0.0,0.0,0.0,0.0,0.0,0.0,0.0,0.0,0.0,0.0,0.0,0.0,0.0,0.0,0.0,0.0,-651.0358474050793,0.0,0.0,40.77322627645818,0.0,42.13233381900679,0.0,0.0,-326.7921269544424,326.7921269544424,0.0,0.0,-312.33303899229566,0.0,0.0,0.0,0.0,0.0,0.0,0.0,0.0,10.465128077624259,0.1359107542548606,0.0,0.0,0.0,0.0,-905.9210317210426,0.0,0.0,144.75657696679045,0.0,807.7051149864359,0.0,0.0,0.0,0.0,0.0,106.95396500734716,106.95396500734716,0.0,0.0,0.0,0.0,874.9999999999995,0.0,0.0,107.08987576160203,0.0,0.0,0.0,-904.9656283126441,-1000.0,0.0,0.0,0.0,0.0,0.0,0.0,0.0,0.0,0.0,0.0,0.0,0.0,0.0,0.0,-1000.0,0.0,0.0,0.0,0.0,0.0,0.0,532.2721753580031,-150.17928679398153,150.17928679398153,312.33303899229566,0.0,0.0,0.0,0.0,0.0,0.0,475.3708676096245,-863.1937336248242,0.0,0.0,0.0,0.0,0.0,0.0,0.0,0.0,0.0,0.0,0.0,0.0,0.0,0.0,104.23965479240225,-1000.0,0.0,0.0,0.0,0.0,-312.33303899229566,0.0,0.0,0.0,0.0,88.66084941010166,0.0,0.0,0.0,0.0,0.0,0.0,0.0,0.0,0.0,0.0,0.0,0.0,0.0,-1000.0,46.38037985380197,683.9354591079674,0.0,1000.0,0.0,0.0,312.33303899229566,0.0,0.0,0.0,0.0,-349.40231178398005,0.0,0.0,-819.8653793400726,0.0,0.0,-819.8653793400726,0.0,0.0,746.0218062658389,0.0,-396.6237916239741,0.0,0.0,379.1910043710611,0.0,0.0,0.0,338.650900888519,0.0,-338.650900888519,0.0,1000.0,0.0,0.0,353.85760881878946,0.0,0.0,0.0,88.66084941010166,-0.2038661313822909,0.0,0.0,0.0,0.0,0.1359107542548606,0.0,0.0,0.0,959.2267737235418,-253.77432760277884,0.0,-381.0370204431155,592.3221000685259,1000.0,-374.8306853156677,0.0,-648.4880794059453,0.0,0.0,0.0,0.0,0.0,849.0503425513324,799.4377368546129,-1000.0,-3.9300228442153347,-1000.0,0.0,0.0,0.0,0.0,0.0,0.0,0.0,0.0,0.0,0.0,0.0,0.0,0.0,0.0,0.0,0.0,0.0,-15.120661214765327,0.0,-1000.0,0.0,599.4257856344907,649.7227207434894,0.0,0.0,0.0,-10.465128077624259,0.0,0.0,0.0,0.0,0.0,200.56226314538708,530.8132871206374,0.0,0.0,-1000.0,0.0,-6.79553771274303,-43.75608909684596,0.0,-530.8132871206374,-6.79553771274303,846.3776065951212,-3.397768856371515,0.0,-728.1711225829495,0.0,619.3950157072361,1000.0,-857.0322163478622,40.77322627645818,0.0,0.0,0.0,0.0,0.0,85.19909592730514,0.0,0.0,0.0,0.0,-534.1549489832804,0.0,0.0,0.0,0.0,0.0,475.3708676096245,0.0,0.0,-135.01134017209236,0.0,0.0,143.00533272787587,0.0,0.0,0.0,0.0,-842.4546032050986,0.271821508509813,0.0,0.0,0.0,0.0,0.0,0.0,0.0,0.0,0.0,0.0,0.0,0.0,0.0,0.0,0.0,0.0,0.0,0.0,0.0,0.14950182968063197,0.14950182968063197,0.0,0.7801815849482442,0.0,81.54645255291636,0.0,0.0,0.0,1000.0,0.0,577.3109299867315,0.0,0.0,0.0,1000.0,-1000.0,0.0,0.0,0.0,0.0,0.0,143.00533272787587,0.0,0.0,0.0,0.0,0.0,0.0,0.0,217.0119491350264,-959.2267737235418,905.9210317210426,0.0,10.465128077624259,0.0,0.0,0.0,0.0,0.0,932.121348328933,0.0,157.54539679490142,0.0,0.0,0.0,0.0,0.0,0.0,0.0,0.0,0.0,0.0,0.0,0.0,0.0,0.0,0.0,0.0,0.0,81.54645255291636,312.33303899229566,312.33303899229566,0.0,0.0,0.0,0.0,0.0,0.0,0.0,0.0,0.0,0.0,1.359107542548606,0.0,0.0,0.0,0.0,0.0,532.2721753580031,0.0,0.0,40.77322627645818,0.0,0.0,0.0,0.0,0.0,0.0,0.0,0.0,0.0,0.0,871.4537552342708,0.0,0.0,40.77322627645818,40.77322627645818,1000.0,-1000.0,0.0,143.00533272787587,0.0,0.0,0.0,0.0,0.0,-242.20126179093586,475.3708676096245,-350.80662895660987,0.1359107542548606,0.0,0.0,0.0,179.48956681557985,342.0513424436142,0.0,0.0,0.0,0.0,0.0,0.0,0.0,0.0,5.221434743928237,0.0,0.0,0.0,0.0,0.0,0.0,0.0,0.1359107542548606,0.0,0.0,0.0,0.0,0.0,0.0,0.0,0.0,599.4257856344907,0.0,639.2575926658651,-144.75657696679045,0.0,-984.8793387852347,-10.193306569114545,-6.795537712743036,0.0,0.0,0.0,0.0,0.0,0.0,0.0,0.0,0.0,0.0,0.0,0.0,312.33303899229566,1000.0,0.0,0.0,-230.8416629278832,0.0,0.0,0.0,85.06318517305027,0.0,0.0,0.1359107542548606,0.0,0.1359107542548606,15.66430423178471,0.0,0.0,81.54645255291636,165.81112019092996,165.81112019092996,0.0,0.0,0.0,0.0,0.0,0.0,0.0,905.9210317210426,0.0,475.3708676096245,0.0,0.0,0.0,860.7522584926761,0.0,0.0,0.0,0.0,0.0,0.0,0.0,0.0,0.0,0.0,0.0,0.0,0.0,0.0,0.0,-523.8675494453124,523.8675494453124,0.2038661313822909,0.0,0.0,0.0,-40.77322627645818,0.0,0.0,0.0,0.0,0.0,-0.7801815849482442,6.79553771274303,0.0,0.0,0.0,0.0,-874.9999999999995,818.3729748590717,0.0,0.0,0.0,0.0,0.0,0.0,0.0,0.0,312.33303899229566,0.0,0.0,1000.0,0.7801815849482442,0.0,153.7951106570334,342.0513424436142,0.0,807.9078467814475,0.0,-807.9078467814475,144.75657696679045,-165.81112019092996,0.0,6.795537712743036,551.7469236964353,0.0,0.0,0.0,-135.01134017209236,0.0,0.0,0.0,0.0,0.0,0.0,0.0,0.0,0.0,10.973488154062789,-31.360101292291716,165.81112019092996,0.0,-368.3569396515485,-368.3569396515485,368.3569396515485,0.0,0.0,0.0,0.0,0.0,0.0,0.0,0.0,0.0,-179.48956681557985,0.0,0.0,40.77322627645818,0.0,0.0,0.0,0.0,-46.662580850748725,0.0,0.0,0.14950182968063197,0.0,0.0,0.0,82.90556009546498,0.0,0.0,0.0,0.0,104.23965479240225,0.0,0.0,0.0,0.0,0.0,0.0,0.0,0.0,0.0,0.0,0.01359107542548606,0.01359107542548606,0.0,0.0,0.0,0.0,0.0,15.66430423178471,0.0,0.0,0.0,0.0,0.0,0.0,0.0,0.0,0.0,0.7801815849482442,0.0,0.0,0.0,0.0,0.0,0.0,0.0,0.0,0.0,0.0,0.0,0.0,366.05573847445817,262.04399005401314,587.6702410719564,0.0,0.0,0.0,81.54645255291636,0.0,0.0,0.0,0.0,0.0,0.0,-81.54645255291636,0.0,0.0,0.0,0.0,0.0,0.0,0.0,0.0,0.0,0.0,0.0,0.0,350.80662895660987,-1000.0,953.8511251572556,0.0,-40.77322627645818,0.0,984.3356957682153,0.0,0.0,0.0,0.0,0.0,0.0,0.0,0.0,0.0,0.0,0.0,0.0,0.0,0.0,0.0,0.0,0.0,-16.98884428185758,312.33303899229566,-10.193306569114545,881.9190532158534,0.0,0.0,0.0,0.0,0.0,0.0,-1.6988844281857578,279.7679171388828,0.0,0.0,0.0,0.0,0.0,0.0,0.0,1000.0,40.77322627645818,40.77322627645818,0.0,0.0,0.0,0.0,0.0,0.14950182968063197,0.7801815849482442,0.0,0.0,-1000.0,0.0,0.0,0.0,0.0,0.0,0.0,0.0,0.0,0.0,0.0,0.0,0.0,0.0,0.0,269.7659268385486,0.0,0.0,0.0,0.0,142.70629196760365,0.0,0.0,10.465128077624259,0.0,0.0,0.0,0.7801815849482442,0.0,-829.5448388588212,0.0,0.0,0.0,-16.98884428185758,0.0,0.0,0.0,0.0,0.0,0.0,0.0,0.0,0.0,0.0,0.0,0.0,0.0,0.0,0.0,0.0,0.0,0.0,-0.1359107542548606,0.0,0.0,6.79553771274303,-1000.0,0.0,0.0,0.0,0.0,312.33303899229566,0.0,0.0,0.0,-849.0503425513324,3.397768856371515,0.0,0.0,0.0,0.1359107542548606,0.0,135.9107542548606,-42.13233381900679,27.18215085097212,0.9707911018204329,379.1910043710611,-0.10193306569114545,6.79553771274303,2.718215085097212,14.98475046051044,-379.1910043710611,40.77322627645818,-0.1359107542548606,0.0,143.00533272787587,0.03397768856371515,0.9707911018204329,0.0,-21.636992077373748,-2.718215085097212,-333.8959134691776,-0.1359107542548606,0.03397768856371515,-379.1910043710611,13.59107542548606,0.1359107542548606,0.1359107542548606,-0.49476900101275156,0.14950182968034667,-500.4032607614844,-0.10193306569114545,40.77322627645818,0.1359107542548606,40.77322627645818,-67.9553771274303,-0.0679553771274303,-307.3018542249515,298.60605281255476,-0.10193306569114545,-0.1359107542548606,-42.13233381900679,0.1359107542548606,13.59107542548606,-2.718215085097212,0.0,0.0,-13.59107542548606,333.8959134691776,0.0,27.18215085097212,0.2038661313822909,-1000.0,13.59107542548606,-217.0119491350264,143.00533272787587,-27.18215085097212,0.0679553771274303,1.359107542548606,95.25925511077888,27.962332435920366,-0.1359107542548606,-31.360101292291716,0.49476900101275156,42.13233381900679,0.1359107542548606,21.636992077373748,-20.08757237795701,143.00533272787587,-0.1359107542548606,-0.03397768856371515,-143.00533272787587,-0.1359107542548606,-842.4546032050986,0.13591075425483723,-0.03397768856371515,-0.03397768856371515,-0.03397768856371515,54.36430170194424,67.9553771274303,1.359107542548606,100.6928800585701,-0.03397768856371515,190.51851022155776,6.79553771274303,428.02283931529234,0.1359107542548606,0.0679553771274303,0.0679553771274303,85.093741789424,42.13233381900679,0.1359107542548606,-42.13233381900679,1.359107542548606,0.1359107542548606,-100.6928800585701,0.1359107542548606,0.5436430170193827,-14.98475046051044,0.0679553771274303,0.03397768856371515,40.77322627645818,-0.1359107542548606,500.4032607614844,1.359107542548606,-201.3857601171402,3.397768856371515,-13.59107542548606,27.18215085097212,6.79553771274303,-0.1359107542548606,0.0,0.2038661313822909,-0.1359107542548606,-170.187483578848,42.13233381900679,312.76386372349896,0.0679553771274303,-856.0456786305847,-0.1359107542548606,-0.13591075425483723,-0.1359107542548606,0.0679553771274303,379.1910043710611,-27.18215085097212,0.1359107542548606,190.51851022155776,-0.03397768856371515,-0.14950182968034667,-190.51851022155776,20.386613138229087,-298.60605281255476,129.74805619995513,379.1910043710611,-0.10193306569114545,31.360101292291716,-27.962332435920366,0.1359107542548606,-0.03397768856371515,6.795537712743036,135.9107542548606,-0.0679553771274303,-0.1359107542548606,0.03397768856371515,1000.0,0.0,999.9320446228726,0.0,-1000.0,0.0,248.42080928713736,339.04771477458155,0.0,-1000.0,164.9214556886941,724.943770213037,0.0,500.0,500.0,-82.46072784434705,0.0,-169.52385738729078,-0.7801815849482442,-266.10128287275023,0.0,-724.943770213037,-266.10128287275023,-248.42080928713736,127.45865311980415,0.0,1496.5981,bhi
25,0.0,0.0,0.0,0.0,0.0,0.0,0.0,0.0,-0.13685704691988493,0.0,0.0,0.0,0.0,0.0,0.0,0.0,-427.0933338074086,-122.97867686068132,0.0,686.7639166121652,0.0,0.0,0.0,0.0,0.0,0.0,0.0,0.0,0.0,-139.31524612128146,0.0,0.0,799.5699013042615,0.0,0.0,0.0,0.0,396.23746747443494,0.0,-1000.0,958.9428859240345,0.0,0.0,471.4677355010813,0.0,0.0,0.0,0.0,94.9408444276088,0.0,0.0,0.0,0.0,0.1505427516122519,0.0,0.0,0.0,0.0,0.0,0.0,114.09573937250548,0.0,1000.0,735.6508894587545,361.5377888076049,0.0,0.0,0.0,734.6083254621152,-734.6083254621152,0.0,1.3685704691988496,0.0,0.0,0.0,0.0,0.0,0.0,0.0,0.0,0.0,0.0,-7.7810613587121225,0.0,82.11422815193097,0.0,0.0,186.9517754481331,389.49661245345584,427.29861937778844,-0.03421426172997123,0.0,0.0,0.0,41.05711407596549,0.0,41.05711407596549,0.0,59.55976256932826,0.0,0.0,6.842852345994247,-837.7357743061784,0.0,0.0,0.0,537.5338814699454,0.0,0.0,0.0,0.0,0.0,0.0,0.0,0.0,0.0,0.0,0.0,0.0,0.0,0.0,0.0,0.0,0.0,-571.1822089772656,0.0,0.0,41.05711407596549,0.0,42.42568454516434,0.0,0.0,-1000.0,1000.0,0.0,0.0,621.555150086249,1000.0,-1000.0,-1000.0,0.0,0.0,0.0,0.0,0.0,18.319053971543255,0.13685704691988493,0.0,0.0,0.0,-1000.0,462.4661185300546,0.0,0.0,7.7810613587121225,0.0,873.7113340921132,0.0,0.0,0.0,0.0,0.0,999.8631429530801,999.8631429530801,0.0,0.0,0.0,0.0,0.0,0.0,0.0,1000.0,0.0,0.0,0.0,-224.2928232113029,-913.3995677266512,0.0,0.0,0.0,0.0,0.0,0.0,0.0,0.0,0.0,-494.5752803856388,0.0,0.0,0.0,0.0,-1000.0,0.0,0.0,0.0,0.0,0.0,0.0,0.0,-281.8926198757419,281.8926198757419,378.444849913751,0.0,0.0,0.0,0.0,0.0,0.0,698.420528184897,-1000.0,0.0,0.0,0.0,0.0,0.0,0.0,0.0,0.0,0.0,0.0,0.0,0.0,0.0,220.08243562264926,-421.4090044540891,471.4677355010813,0.0,0.0,0.0,0.0,-92.85374542511818,0.0,0.0,0.0,0.0,114.09573937250548,0.0,0.0,0.0,0.0,0.0,0.0,0.0,0.0,0.0,643.4046170727127,27.37140938397699,0.0,0.0,0.0,671.3892323291977,0.0,0.0,-471.4677355010813,0.0,0.0,378.444849913751,-124.73270917951845,0.0,0.0,0.0,-489.1514567757747,0.0,0.0,703.0554510453202,703.0554510453202,1000.0,0.0,0.0,296.9445489546798,107.60399257771394,0.0,0.0,0.0,0.0,96.24005641784623,0.0,0.0,0.0,-1000.0,0.0,1000.0,0.0,1000.0,0.0,0.0,134.5244970437352,0.0,0.0,0.0,114.09573937250548,-0.20528557037982742,0.0,0.0,0.0,0.0,0.13685704691988493,0.0,0.0,0.0,29.947164362689023,-427.0933338074086,0.0,0.0,-965.4968892617192,913.3995677266512,1000.0,0.0,24.088135304533694,0.0,0.0,0.0,0.0,0.0,778.4749259167176,197.43693877874875,-1000.0,75.1440975573181,-1000.0,0.0,0.0,0.0,0.0,0.0,0.0,0.0,0.0,0.0,0.0,0.0,0.0,0.0,0.0,0.0,0.0,0.0,-603.2151043378856,0.0,-1000.0,7.7810613587121225,0.0,638.9978201618917,363.29954899992885,0.0,0.0,-661.723671044256,0.0,59.55976256932826,0.0,930.4678913895395,0.0,-250.00000000000003,-749.9999999999999,-188.49262684595868,-3.4214261729971236,-682.0452642408638,698.9714119170122,-86.15758212769329,-1000.0,94.9957772763155,749.9999999999999,0.0,10.214509205360638,0.0,79.31472978169904,0.0,0.0,231.41572419866503,1000.0,-378.84197633919536,41.05711407596549,0.0,0.0,0.0,0.0,0.0,0.0,0.0,-220.08243562264926,220.08243562264926,220.08243562264926,44.904246304192085,0.0,0.0,-0.27371409383976986,0.0,0.0,698.420528184897,0.0,0.0,-150.25337116874005,0.0,0.0,0.0,0.0,0.0,0.0,0.0,-462.4661185300546,0.2737140938398613,0.0,0.0,0.0,0.0,0.0,0.0,0.0,0.0,0.0,0.0,0.0,0.0,0.0,0.0,0.0,0.0,0.0,0.0,0.0,0.1505427516122519,0.1505427516122519,0.0,266.7632196709518,0.0,82.11422815193097,0.0,0.0,0.0,1000.0,0.0,0.0,0.0,0.0,0.0,268.13054650866167,-1000.0,0.0,0.0,0.0,0.0,0.0,0.0,0.0,0.0,0.0,0.0,0.0,0.0,0.0,190.39406965908856,-29.947164362689023,0.0,0.0,10.537992612831134,0.0,0.0,0.0,-285.5911044886328,0.0,268.13054650866167,0.0,805.6644279786071,-1000.0,-250.00000000000023,250.00000000000023,220.08243562264926,0.0,0.0,0.0,0.0,0.0,0.0,0.0,0.0,0.0,0.0,0.0,0.0,0.0,82.11422815193097,378.444849913751,378.444849913751,0.0,0.0,0.0,0.0,0.0,0.0,0.0,0.0,0.0,0.0,1.3685704691988496,0.0,0.0,0.0,0.0,0.0,0.0,0.0,0.0,41.05711407596549,0.0,0.0,0.0,0.0,0.0,0.0,0.0,0.0,0.0,0.0,1000.0,0.0,0.0,41.05711407596549,41.05711407596549,1000.0,-1000.0,0.0,0.0,0.0,0.0,0.0,0.0,0.0,1000.0,698.420528184897,792.4416416773763,0.13685704691988493,0.0,0.0,-819.260718535589,1000.0,311.3995110851569,0.0,0.0,0.0,0.0,0.0,0.0,0.0,0.0,0.0,0.0,0.0,0.0,0.0,0.0,0.0,0.0,0.13685704691988493,0.0,0.0,0.0,0.0,0.0,0.0,0.0,0.0,0.0,0.0,36.83391168696397,0.0,0.0,-396.7848956621144,-10.264278518991372,0.0,-6.842852345994247,0.0,0.0,0.0,0.0,0.0,0.0,0.0,0.0,0.0,0.0,0.0,378.444849913751,913.3995677266512,0.0,0.0,-140.58339979453606,0.0,0.0,0.0,-0.13685704691988493,0.0,0.0,0.13685704691988493,0.0,0.13685704691988493,0.0,0.0,0.0,82.11422815193097,166.96559724225966,166.96559724225966,0.0,0.0,0.0,0.0,0.0,0.0,0.0,0.0,0.0,698.420528184897,0.0,0.0,790.25831765652,0.0,0.0,0.0,0.0,0.0,0.0,0.0,0.0,0.0,0.0,0.0,0.0,0.0,0.0,285.5911044886328,0.0,0.0,0.0,0.20528557037982742,0.0,0.0,0.0,-41.05711407596549,0.0,0.0,0.0,0.0,0.0,-266.7632196709518,6.842852345994247,0.0,0.0,0.0,0.0,0.0,602.1639084749277,-6.842852345994247,0.0,0.0,0.0,0.0,0.0,0.0,0.0,378.444849913751,0.0,0.0,588.107033784798,46.68078404830254,0.0,17.10713086498562,311.3995110851569,0.0,-59.55976256932826,59.55976256932826,0.0,7.7810613587121225,-291.6983064217781,0.0,6.842852345994247,468.0914014411752,0.0,0.0,0.0,-150.25337116874005,-1000.0,1000.0,-750.0000000002227,750.0000000002227,0.0,0.0,0.0,0.0,0.0,474.0467233476559,0.0,166.96559724225966,0.0,0.0,0.0,0.0,0.0,0.0,0.0,0.0,0.0,643.4046170727127,0.0,0.0,297.556055227926,-180.73928146441096,-1000.0,0.0,41.05711407596549,0.0,0.0,0.0,0.0,-403.38417905408704,0.0,0.0,0.1505427516122519,0.0,0.0,0.0,83.48279862112983,0.0,0.0,0.0,0.0,-421.4090044540891,0.0,537.5338814699454,0.0,0.0,0.0,0.0,0.0,0.0,495.2532883596798,0.0,931.9174756348032,0.013685704691988494,0.0,0.0,0.0,0.0,0.0,0.0,0.0,0.0,0.0,-819.260718535589,0.0,0.0,0.0,0.0,0.0,266.7632196709518,0.0,0.0,0.0,0.0,0.0,0.0,0.0,0.0,0.0,0.0,0.0,0.0,0.0,-72.48190657504324,-122.97867686068132,0.0,0.0,0.0,82.114228151931,0.0,0.0,0.0,0.0,0.0,342.60566219521604,-424.71989034714704,0.0,0.0,0.0,0.0,0.0,0.0,0.0,0.0,0.0,0.0,0.0,0.0,-792.4416416773763,237.4083232511398,884.0053947966412,0.0,-41.05711407596549,0.0,396.23746747443494,0.0,0.0,0.0,0.0,0.0,0.0,0.0,0.0,0.0,0.0,0.0,0.0,0.0,0.0,0.0,0.0,0.0,-17.10713086498562,378.444849913751,-10.264278518991372,779.9940391375286,0.0,0.0,0.0,0.0,0.0,-1.7107130864985622,0.0,158.03443252745217,0.0,0.0,0.0,0.0,0.0,0.0,0.0,1000.0,41.05711407596549,41.05711407596549,0.0,0.0,0.0,0.0,0.0,0.1505427516122519,266.7632196709518,0.0,0.0,-396.23746747443494,931.9037899301112,0.0,0.0,0.0,0.0,0.0,0.0,0.0,0.0,0.0,0.0,0.0,0.0,0.0,0.0,0.0,0.0,0.0,0.0,143.6998992658792,10.537992612831134,0.0,0.0,0.0,0.0,0.0,266.7632196709518,0.0,36.83391168696397,0.0,0.0,0.0,-17.10713086498562,0.0,0.0,0.0,0.0,0.0,0.0,0.0,0.0,0.0,0.0,0.0,0.0,0.0,0.0,0.0,0.0,0.0,0.0,-0.13685704691988493,0.0,0.0,6.842852345994247,-268.13054650866167,0.0,0.0,0.0,0.0,378.444849913751,0.0,0.0,0.0,-778.4749259167176,3.4214261729971236,0.0,0.0,0.0,0.13685704691988493,0.0,136.85704691988494,-42.42568454516434,27.371409383976992,0.9775503351420353,381.83116090647906,-0.10264278518991371,188.49262684595868,2.7371409383976992,-0.684285234599372,-381.83116090647906,41.05711407596549,-0.13685704691988496,0.0,0.0,0.03421426172997124,0.9775503351420353,0.0,-21.787641869646407,-2.7371409383976992,-136.6919059440753,-0.13685704691988496,0.03421426172997124,-381.83116090647906,306.82926804518166,0.13685704691988496,0.13685704691988493,-266.47581987241966,0.1505427516118508,-950.6365087491591,-0.10264278518991371,41.05711407596549,0.13685704691988496,41.05711407596549,-68.42852345994248,-0.06842852345994248,76.92517465704593,79.0311836862098,-0.10264278518991371,-0.13685704691988496,-42.42568454516434,0.13685704691988493,13.685704691988494,-2.7371409383976992,285.5911044886328,285.5911044886328,-13.68570469198852,136.6919059440753,-285.5911044886328,27.37140938397699,0.20528557037982742,-1000.0,13.685704691988494,-190.39406965908856,0.0,-27.37140938397699,0.06842852345994246,1.3685704691988496,0.0,74.05219343227952,-0.13685704691988493,-297.556055227926,266.47581987241966,42.42568454516434,0.13685704691988496,21.787641869646407,-457.372019657055,0.0,-0.13685704691988493,-0.03421426172997124,0.0,-0.13685704691988496,-1000.0,0.13685704691988576,-0.03421426172997123,-0.03421426172997123,-0.03421426172997123,54.74281876795398,68.42852345994248,1.3685704691988496,101.39396463676991,-0.03421426172997124,0.0,6.842852345994247,238.07591161102155,0.13685704691988493,0.06842852345994248,0.06842852345994248,13.685704691988494,42.42568454516434,0.13685704691988493,-42.42568454516434,1.3685704691988496,0.13685704691988496,-101.39396463676991,0.13685704691988496,0.5474281876794794,0.684285234599372,0.06842852345994248,0.03421426172997124,41.05711407596549,-0.13685704691988496,950.6365087491591,1.3685704691988496,-202.78792927353982,185.07120067296157,-13.685704691988494,27.37140938397699,6.842852345994247,-0.13685704691988496,0.0,0.20528557037982742,-0.13685704691988496,-27.37140938397699,42.42568454516434,786.1453712992975,0.06842852345994248,-476.1518232220431,-0.13685704691988496,-0.13685704691988576,-0.13685704691988496,0.06842852345994248,381.83116090647906,-27.37140938397699,0.13685704691988493,0.0,-0.03421426172997123,-0.1505427516118508,0.0,20.52855703798274,-79.0311836862098,159.41536341777237,381.83116090647906,-0.10264278518991371,297.556055227926,-74.05219343227952,0.13685704691988496,-0.03421426172997123,937.3107437355338,136.85704691988494,-0.06842852345994248,-0.13685704691988496,0.03421426172997124,1000.0,0.0,465.0289595210377,0.0,-794.4749294913627,0.0,723.2615686134225,-491.1949309560345,293.14356335319314,1000.0,-383.675166773326,-44.47854024896261,-534.9026119555024,-500.0,397.23746474568134,191.837583386663,-293.14356335319314,245.59746547801726,-266.7632196709518,-382.76119224521045,534.9026119555024,44.47854024896261,-382.76119224521045,-723.2615686134225,583.4739417892445,0.0,1496.5981,bhi
26,0.0,0.0,0.0,0.0,0.0,0.0,0.0,0.0,-0.07245040946670858,0.0,0.0,0.0,0.0,0.0,0.0,0.0,-188.1265276075504,376.3662471418075,0.0,0.0,0.0,0.0,0.0,923.5628651113252,0.0,0.0,0.0,0.0,0.0,-81.50323947237989,0.0,0.0,435.77628632923006,0.0,0.0,0.0,0.0,466.4803763889372,0.0,-1000.0,1000.0,0.0,0.0,872.4580797719095,0.0,0.0,0.0,0.0,-127.87279887010436,-37.21405043305663,0.0,-504.12585408520516,0.0,0.0796954504135798,0.0,0.0,0.0,14.490081893341717,0.0,0.0,-92.54651466138046,0.0,-418.7944108406726,-511.34092550205304,0.0,0.0,0.0,0.0,859.618306518091,-859.618306518091,0.0,0.7245040946670859,0.0,0.0,0.0,0.0,0.0,0.0,0.0,0.0,0.0,0.0,-143.46742805788207,0.0,43.47024568002515,0.0,71.50348807684371,-849.078714728027,-339.0432965670166,188.23520322175045,-0.018112602366677145,0.0,0.0,0.0,21.735122840012576,0.0,21.735122840012576,-222.8825008484893,175.64227436878537,0.0,0.0,3.6225204733354293,-81.50323947237989,0.0,0.0,0.0,0.0,0.0,0.0,0.0,0.0,0.0,0.0,0.0,0.0,0.0,0.0,0.0,0.0,0.0,0.0,0.0,0.0,0.0,-492.4215209256185,0.0,0.0,21.735122840012576,0.0,22.45962693467966,0.0,0.0,0.0,0.0,0.0,0.0,0.0,0.0,0.0,0.0,0.0,0.0,0.0,0.0,0.0,220.54959766366233,0.07245040946670858,0.0,0.0,0.0,0.0,0.0,0.0,0.0,0.0,0.0,250.04607500660305,0.0,0.0,0.0,0.0,0.0,876.9608661935027,876.9608661935027,0.0,0.0,0.0,0.0,624.9999999999994,0.0,0.0,877.0333166029694,0.0,0.0,0.0,0.0,-885.3915845038965,0.0,0.0,0.0,0.0,0.0,0.0,0.0,0.0,0.0,0.0,0.0,0.0,0.0,0.0,-1000.0,0.0,0.0,0.0,0.0,0.0,37.21405043305663,504.12585408520516,150.80809334526617,-150.80809334526617,0.0,0.0,0.0,0.0,0.0,0.0,0.0,0.0,-1000.0,0.0,0.0,0.0,0.0,0.0,0.0,0.0,0.0,0.0,0.0,0.0,0.0,0.0,195.2531445149432,-381.21884881355874,-106.62328813517051,0.0,0.0,0.0,0.0,0.0,0.0,0.0,0.0,0.0,-92.54651466138046,-979.08136790708,0.0,0.0,0.0,0.0,0.0,0.0,0.0,0.0,613.6027466448638,0.0,0.0,0.0,0.0,-489.8513899122828,-322.01756616765994,0.0,106.62328813517051,0.0,0.0,0.0,-911.6105004506155,0.0,0.0,0.0,1.2129683279831625,0.0,0.0,0.0,0.0,492.8942656361768,-492.8942656361768,492.8942656361768,0.0,-188.23520322175045,0.0,1000.0,37.21405043305663,0.0,202.13664241211694,0.0,0.0,0.0,0.0,0.0,0.0,0.0,662.3779515535049,0.0,0.0,463.7302579828007,0.0,0.0,0.0,-92.54651466138046,-0.10867561420006287,0.0,0.0,0.0,0.0,0.07245040946670858,0.0,0.0,0.0,364.66213051512364,-188.1265276075504,0.0,-596.6636875821416,-70.44919876726848,885.3915845038965,866.6027039146614,0.0,855.066038449812,0.0,0.0,0.0,0.0,0.0,924.7174192904835,-859.618306518091,-920.1651512222045,-1000.0,-1000.0,0.0,0.0,0.0,0.0,0.0,0.0,0.0,0.0,0.0,0.0,0.0,0.0,0.0,0.0,0.0,0.0,0.0,-599.2113443319579,0.0,-1000.0,0.0,0.0,834.1523443085262,0.0,0.0,0.0,-834.1523443085262,0.0,319.10970242666747,0.0,0.0,0.0,0.0,0.0,-3.6225204733354293,0.0,0.0,241.46371927987548,0.0,-859.4192529826796,751.0745283123937,0.0,0.0,208.49215516219442,-1.8112602366677146,-3.6225204733354293,-274.59452101507895,0.0,0.0,0.0,-47.092766153360586,21.735122840012576,0.0,0.0,0.0,817.4563833659545,0.0,0.0,0.0,-195.2531445149432,195.2531445149432,195.2531445149432,-670.6767232420975,0.0,0.0,0.0,0.0,0.0,0.0,0.0,0.0,-42.0860531690735,0.0,250.00000000000023,155.13241892535115,0.0,0.0,0.0,0.0,-402.95397165357133,0.14490081893333684,0.0,0.0,0.0,0.0,0.0,0.0,0.0,0.0,0.0,0.0,0.0,0.0,0.0,0.0,0.0,0.0,0.0,0.0,0.0,0.0796954504135798,0.0796954504135798,0.0,189.80835194257398,0.0,43.47024568002515,0.0,0.0,0.0,1000.0,0.0,0.0,71.50348807684371,0.0,0.0,345.35804342179887,-1000.0,0.0,0.0,0.0,0.0,0.0,155.13241892535115,0.0,0.0,0.0,0.0,0.0,0.0,0.0,164.14050697520616,-364.66213051512364,0.0,0.0,77.08216960578025,0.0,0.0,0.0,0.0,0.0,59.438113200498265,0.0,-57.59592823177246,0.0,0.0,0.0,195.2531445149432,0.0,0.0,0.0,0.0,0.0,0.0,0.0,0.0,0.0,0.0,0.0,0.0,0.0,43.47024568002515,0.0,0.0,0.0,0.0,0.0,0.0,0.0,0.0,0.0,0.0,0.0,0.0,0.7245040946670859,0.0,0.0,71.50348807684371,-71.50348807684371,0.0,504.12585408520516,0.0,0.0,21.735122840012576,0.0,0.0,0.0,0.0,0.0,0.0,0.0,0.0,0.0,0.0,492.20450215308597,0.0,0.0,21.735122840012576,21.735122840012576,605.7337555942988,-1000.0,0.0,155.13241892535115,0.0,0.0,0.0,0.0,0.0,81.50323947237989,0.0,184.39147405454884,0.07245040946670858,0.0,0.0,0.0,95.68111575928394,838.7302579828014,0.0,0.0,0.0,0.0,0.0,0.0,0.0,0.0,21.993840786253873,0.0,0.0,0.0,0.0,0.0,0.0,0.0,0.07245040946670858,0.0,0.0,0.0,231.0743611894551,-231.0743611894551,0.0,0.0,0.0,0.0,0.0,1000.0,0.0,-680.8902975733325,-400.7886556680421,-5.433780710003144,-3.622520473335432,0.0,0.0,0.0,0.0,0.0,0.0,0.0,0.0,0.0,0.0,0.0,0.0,0.0,885.3915845038965,0.0,0.0,-43.47024568002515,0.0,0.0,0.0,-0.07245040946670858,0.0,0.0,0.07245040946670858,0.0,0.07245040946670858,65.98152235876162,0.0,0.0,43.47024568002515,88.38949954938448,88.38949954938448,0.0,0.0,0.0,0.0,0.0,0.0,143.46742805788207,0.0,0.0,0.0,0.0,0.0,0.0,930.9553995455673,0.0,0.0,0.0,0.0,0.0,0.0,0.0,0.0,0.0,0.0,0.0,0.0,0.0,0.0,0.0,0.0,0.0,0.10867561420006287,0.0,0.0,0.0,-21.735122840012576,0.0,0.0,0.0,0.0,0.0,-189.80835194257398,3.6225204733354293,0.0,0.0,0.0,0.0,-624.9999999999994,-165.84765569147385,0.0,0.0,250.00000000000023,0.0,0.0,0.0,0.0,0.0,0.0,0.0,0.0,72.3242618313056,-5.444792572369209,0.0,-385.2099432223626,838.7302579828014,0.0,-1000.0,1000.0,0.0,0.0,-1000.0,0.0,3.622520473335432,624.9169097035918,0.0,0.0,0.0,-185.0930293227609,-250.00000000000023,250.00000000000023,841.8455338349822,-841.8455338349822,0.0,0.0,0.0,0.0,0.0,0.0,-10.867561420005927,88.38949954938448,0.0,0.0,0.0,0.0,0.0,0.0,0.0,0.0,0.0,613.6027466448638,0.0,0.0,195.2421326525771,-95.68111575928394,0.0,0.0,21.735122840012576,71.50348807684371,0.0,0.0,0.0,65.06800153654393,0.0,0.0,0.0796954504135798,0.0,0.0,0.0,44.19474977469224,0.0,0.0,0.0,0.0,-381.21884881355874,0.0,0.0,0.0,0.0,0.0,0.0,0.0,0.0,-575.0126592471315,0.0,0.007245040946671066,0.007245040946671066,0.0,0.0,0.0,0.0,0.0,65.98152235876162,0.0,0.0,0.0,0.0,0.0,0.0,0.0,0.0,0.0,189.80835194257398,0.0,0.0,0.0,0.0,0.0,0.0,0.0,37.21405043305663,0.0,0.0,0.0,143.00697615368742,1000.0,0.0,376.3662471418075,0.0,0.0,0.0,43.47024568002515,0.0,0.0,0.0,0.0,0.0,0.0,-43.47024568002515,0.0,143.00697615368742,0.0,0.0,0.0,0.0,0.0,0.0,0.0,0.0,0.0,0.0,-184.39147405454884,-1000.0,980.5839300302622,-21.735122840012576,0.0,0.0,400.4988540301756,0.0,0.0,0.0,0.0,0.0,0.0,0.0,0.0,0.0,0.0,0.0,0.0,0.0,0.0,0.0,0.0,0.0,-9.056301183338576,0.0,-5.433780710003144,936.38918025557,0.0,0.0,0.0,0.0,0.0,-0.9056301183338574,0.0,42.0860531690735,0.0,0.0,0.0,0.0,0.0,0.0,0.0,1000.0,21.735122840012576,21.735122840012576,0.0,0.0,0.0,0.0,0.0,0.0796954504135798,189.80835194257398,0.0,0.0,-466.4803763889372,0.0,0.0,0.0,0.0,0.0,0.0,0.0,0.0,0.0,0.0,0.0,0.0,0.0,0.0,32.99076117938081,0.0,0.0,0.0,0.0,76.07292994004402,220.54959766366233,0.0,0.0,0.0,0.0,0.0,189.80835194257398,0.0,773.4949786781754,0.0,0.0,0.0,-9.056301183338576,0.0,0.0,0.0,0.0,0.0,0.0,0.0,0.0,0.0,0.0,0.0,0.0,0.0,0.0,0.0,0.0,0.0,0.0,-0.07245040946670858,0.0,0.0,3.6225204733354293,-345.35804342179887,0.0,0.0,0.0,0.0,0.0,0.0,0.0,0.0,-924.7174192904835,1.8112602366677146,0.0,0.0,0.0,0.07245040946670858,0.0,72.45040946670858,-22.45962693467966,14.490081893341717,0.5175029247622042,202.13664241211694,-0.054337807100031436,3.6225204733354293,1.4490081893341717,65.61927031142838,-202.13664241211694,21.735122840012576,-0.07245040946670858,0.0,155.13241892535115,0.018112602366677145,0.5175029247622042,0.0,-83.03759326394257,-1.4490081893341717,-188.2397195342571,-0.07245040946670858,0.018112602366677145,-202.13664241211694,480.1072366734429,0.07245040946670858,0.07245040946670858,-189.6562060826937,-71.42379262643033,0.0,-0.054337807100031436,21.735122840012576,0.07245040946670858,21.735122840012576,-36.22520473335429,-0.03622520473335429,-250.04607500660305,-7.317491356137567,-0.054337807100031436,-0.07245040946670858,-22.45962693467966,0.07245040946670858,7.2450409466708585,-1.4490081893341717,0.0,0.0,-7.245040946670883,188.2397195342571,0.0,14.490081893341717,0.10867561420006287,-1000.0,7.2450409466708585,-164.14050697520616,155.13241892535115,-14.490081893341717,0.03622520473335429,0.7245040946670859,149.1659218955354,9.045289320972508,-0.07245040946670858,-206.10969407258304,189.6562060826937,22.45962693467966,0.07245040946670858,83.03759326394257,-404.6702681614713,155.13241892535115,-0.07245040946670858,-0.018112602366677145,-155.13241892535115,-0.07245040946670858,-402.95397165357133,0.07245040946670858,-0.018112602366677145,-0.018112602366677145,-0.018112602366677145,28.980163786683434,36.22520473335429,0.7245040946670859,53.67669711364714,-0.018112602366677145,298.3318437910708,3.6225204733354293,205.0995063001211,0.07245040946670858,0.03622520473335429,0.03622520473335429,84.81125040934643,22.45962693467966,0.07245040946670858,-22.45962693467966,0.7245040946670859,0.07245040946670858,-53.67669711364714,0.07245040946670853,0.28980163786650337,-65.61927031142838,0.03622520473335429,0.018112602366677145,21.735122840012576,-0.07245040946670858,0.0,0.7245040946670859,-107.35339422729427,1.8112602366677146,-7.2450409466708585,14.490081893341717,3.6225204733354293,-0.07245040946670853,0.0,0.10867561420006287,-0.07245040946670858,-169.62250081869286,22.45962693467966,21.844245683518224,0.03622520473335429,-410.1990126002422,-0.07245040946670858,-0.07245040946670858,-0.07245040946670858,0.03622520473335429,202.13664241211694,-14.490081893341717,0.07245040946670858,298.3318437910708,-0.018112602366677145,71.42379262643033,-298.3318437910708,10.867561420006286,7.317491356137567,-12.950654899472134,202.13664241211694,-0.054337807100031436,206.10969407258304,-9.045289320972508,0.07245040946670858,-0.018112602366677145,3.622520473335432,72.45040946670858,-0.03622520473335429,-0.07245040946670858,0.018112602366677145,0.0,0.0,999.9637747952667,0.0,-211.72986150761898,0.0,672.6544160232497,401.3528176043569,472.86219572677203,-1000.0,-1000.0,370.7198613290209,0.0,500.0,105.86493075380949,500.0,-472.86219572677203,-200.67640880217846,-189.80835194257398,-86.91224722006216,0.0,-370.7198613290209,-86.91224722006216,-672.6544160232497,535.0398216190251,0.0,1496.5981,bhi
27,0.0,0.0,0.0,0.0,0.0,0.0,0.0,0.0,-0.11674785686597944,0.0,0.0,0.0,0.0,0.0,0.0,0.0,0.0,0.0,0.0,554.323181884256,0.0,0.0,0.0,0.0,0.0,469.45164989587147,0.0,0.0,0.0,-158.18344170902697,0.0,0.0,1000.0,0.0,0.0,0.0,0.0,-124.10555045887844,0.0,-1000.0,745.1574967694892,0.0,-617.763607190327,932.0163836062733,0.0,0.0,0.0,0.0,-1000.0,-706.6274359110568,0.0,-311.3840324750032,0.0,0.12842264255290023,0.0,0.0,0.0,23.349571373195886,0.0,0.0,93.3775145317519,0.0,0.0,-217.5998128474963,0.0,0.0,0.0,0.0,0.0,821.1201515695004,0.0,1.1674785686597944,0.0,0.0,0.0,0.0,0.0,0.0,0.0,0.0,0.0,0.0,0.0,0.0,70.04871411958766,0.0,0.0,433.96978492143967,686.7045038354116,-877.7351393475986,865.6694887198678,0.0,0.0,120.56043937991312,35.02435705979383,0.0,254.84250323051083,0.0,0.0,0.0,0.0,5.8373928432989715,-901.4197313564821,0.0,0.0,-468.57289093491045,0.0,490.58988425721054,0.0,0.0,0.0,0.0,0.0,0.0,0.0,0.0,0.0,0.0,0.0,0.0,0.0,0.0,0.0,0.0,-547.5471317183566,0.0,0.0,254.84250323051083,0.0,36.19183562845362,0.0,0.0,0.0,0.0,0.0,0.0,-310.9773273792482,0.0,0.0,0.0,0.0,0.0,0.0,0.0,0.0,8.98958497868041,0.11674785686597944,865.6986756840843,0.0,0.0,0.0,0.0,0.0,0.0,0.0,0.0,912.9001153214009,0.0,0.0,0.0,0.0,0.0,851.5529740233429,851.5529740233429,0.0,0.0,0.0,-625.0,16.07630927321688,0.0,0.0,851.669721880209,0.0,0.0,0.0,256.10526946046116,-171.58397836957766,0.0,0.0,0.0,0.0,0.0,0.0,0.0,0.0,0.0,0.0,0.0,0.0,0.0,0.0,-1000.0,0.0,0.0,0.0,0.0,0.0,706.6274359110568,929.1476396653302,191.03063551218702,-191.03063551218702,310.9773273792482,0.0,0.0,0.0,0.0,0.0,0.0,743.2362896474551,-1000.0,0.0,0.0,0.0,0.0,0.0,0.0,0.0,0.0,0.0,0.0,0.0,0.0,0.0,0.0,-285.7551162541515,229.03580204369678,0.0,0.0,0.0,0.0,-310.9773273792482,0.0,0.0,0.0,0.0,93.3775145317519,-702.9805815625765,0.0,0.0,0.0,0.0,0.0,0.0,0.0,0.0,3.759280991085234,0.0,219.818146170717,0.0,-877.9102611328976,-1000.0,554.1480600989569,0.0,-229.03580204369678,0.0,0.0,310.9773273792482,-857.567614623505,0.0,0.0,0.0,-133.72977416909157,0.0,0.0,230.96363888808196,-874.9999999999592,0.0,230.96363888808204,874.9999999999592,0.0,877.7351393475986,0.0,1000.0,706.6274359110568,0.0,325.7265206560826,0.0,0.0,0.0,112.8836336295059,0.0,-112.8836336295059,0.0,1000.0,0.0,0.0,-1000.0,-625.0,0.0,0.0,93.3775145317519,-0.17512178529896913,0.0,0.0,0.0,0.0,0.11674785686597944,0.0,0.0,0.0,741.3982157784039,0.0,0.0,-312.3819272899403,433.0289552226743,171.58397836957766,1000.0,0.0,1000.0,0.0,-468.57289093491045,0.0,0.0,0.0,-10.051990476161151,-461.51669024849457,-528.4313192753443,-1000.0,-1000.0,0.0,0.0,0.0,0.0,0.0,0.0,0.0,0.0,0.0,0.0,0.0,0.0,0.0,0.0,0.0,0.0,0.0,-1000.0,0.0,-876.3614409685856,0.0,0.0,0.0,0.0,367.36568568196174,0.0,-12.748865969765575,0.0,0.0,0.0,683.1815388618083,0.0,0.0,0.0,-859.4029226863826,-2.9186964216494857,461.51669024849457,-272.36242396798855,-169.9231139005526,-1000.0,688.0487911434947,0.0,853.5655298430836,0.0,0.0,164.08572105725364,-1000.0,0.0,866.5156794955725,655.752609400533,0.0,254.84250323051083,250.000000000028,-250.000000000028,0.0,210.80248953772139,0.0,0.0,0.0,0.0,0.0,0.0,-434.24902530473076,0.0,0.0,-148.56377383352304,0.0,0.0,743.2362896474551,0.0,0.0,-124.22229831574442,0.0,0.0,0.0,0.0,0.0,0.0,0.0,-540.5976194846623,0.23349571373203684,0.0,0.0,0.0,0.0,0.0,0.0,0.0,0.0,0.0,585.8234590528259,0.0,0.0,0.0,0.0,0.0,0.0,0.0,0.0,0.0,0.12842264255290023,0.12842264255290023,0.0,385.0931305826498,0.0,70.04871411958766,0.0,0.0,0.0,1000.0,0.0,0.0,0.0,0.0,0.0,1000.0,-1000.0,0.0,0.0,0.0,0.0,0.0,0.0,0.0,0.0,0.0,0.0,0.0,0.0,0.0,182.51571057278554,-741.3982157784039,0.0,0.0,8.98958497868041,0.0,120.56043937991312,0.0,0.0,0.0,1000.0,0.0,1000.0,-540.5976194846623,0.0,0.0,0.0,0.0,0.0,0.0,0.0,0.0,0.0,0.0,0.0,0.0,0.0,0.0,0.0,0.0,70.04871411958766,310.9773273792482,310.9773273792482,0.0,0.0,0.0,0.0,0.0,0.0,0.0,0.0,0.0,0.0,1.1674785686597944,0.0,0.0,0.0,0.0,0.0,929.1476396653302,0.0,0.0,254.84250323051083,0.0,0.0,0.0,0.0,0.0,0.0,0.0,0.0,0.0,0.0,-726.9632852392074,562.4643340849111,0.0,35.02435705979383,35.02435705979383,876.1508176492196,-1000.0,0.0,0.0,0.0,0.0,0.0,0.0,0.0,901.4197313564821,743.2362896474551,1000.0,0.11674785686597944,0.0,0.0,0.0,154.18222325679238,573.0570210416067,0.0,-120.56043937991312,0.0,0.0,0.0,0.0,0.0,0.0,0.0,0.0,0.0,0.0,0.0,0.0,0.0,0.0,0.11674785686597944,0.0,0.0,0.0,0.0,0.0,0.0,0.0,0.0,0.0,0.0,110.88969306164881,0.0,0.0,0.0,-8.756089264948459,-5.8373928432989715,0.0,0.0,375.0,375.0,-375.0,0.0,0.0,0.0,0.0,0.0,0.0,0.0,310.9773273792482,171.58397836957766,0.0,0.0,872.3530723388715,0.0,0.0,0.0,-0.11674785686597944,0.0,0.0,0.11674785686597944,0.0,0.11674785686597944,0.0,235.29669251667454,0.0,70.04871411958766,142.4323853764949,142.4323853764949,0.0,0.0,0.0,0.0,0.0,0.0,0.0,0.0,0.0,743.2362896474551,0.0,0.0,0.0,0.0,0.0,0.0,0.0,0.0,0.0,0.0,0.0,0.0,0.0,0.0,0.0,0.0,0.0,0.0,0.0,-234.15495737919693,234.15495737919693,0.17512178529896913,0.0,0.0,0.0,-254.84250323051083,0.0,0.0,0.0,0.0,0.0,-385.0931305826498,5.8373928432989715,0.0,0.0,0.0,625.0,-16.07630927321688,-5.8373928432989715,0.0,0.0,0.0,0.0,0.0,0.0,0.0,0.0,310.9773273792482,0.0,0.0,0.0,385.0931305826498,0.0,-109.25570024253301,104.48413010669624,123.63855903141439,-18.586258813064546,0.0,-105.05230021834984,0.0,-1000.0,0.0,5.8373928432989715,546.2477795046843,0.0,0.0,0.0,-124.22229831574442,0.0,0.0,847.7692260053893,-847.7692260053893,0.0,0.0,0.0,0.0,0.0,-17.512178529896914,0.0,142.4323853764949,0.0,0.0,0.0,0.0,0.0,0.0,0.0,0.0,0.0,3.759280991085234,0.0,0.0,411.36139837749516,-740.0056823096182,-394.8196934563544,-617.763607190327,35.02435705979383,0.0,0.0,0.0,0.0,-233.85824162873092,0.0,0.0,0.12842264255290023,0.0,0.0,0.0,71.21619268824745,0.0,0.0,0.0,0.0,-285.7551162541515,0.0,0.0,0.0,0.0,0.0,0.0,0.0,0.0,-146.47837622495194,0.0,0.011674785686597943,0.011674785686597943,0.0,0.0,0.0,0.0,0.0,0.0,0.0,0.0,0.0,0.0,0.0,0.0,0.0,0.0,0.0,385.0931305826498,0.0,0.0,0.0,0.0,0.0,0.0,0.0,706.6274359110568,0.0,0.0,0.0,0.0,731.4353691422666,752.0354524073196,0.0,0.0,0.0,0.0,70.04871411958766,0.0,0.0,0.0,0.0,0.0,0.0,-70.04871411958766,0.0,0.0,0.0,0.0,0.0,0.0,0.0,0.0,0.0,0.0,0.0,0.0,-1000.0,-1000.0,79.97228195319593,-254.84250323051083,0.0,0.0,-124.10555045887844,0.0,0.0,0.0,0.0,0.0,0.0,0.0,0.0,0.0,0.0,0.0,0.0,0.0,0.0,0.0,0.0,0.0,-14.59348210824743,310.9773273792482,-8.756089264948459,-8.756089264948457,0.0,0.0,0.0,0.0,0.0,0.0,-1.4593482108247429,124.22229831574442,0.0,0.0,0.0,0.0,0.0,0.0,0.0,1000.0,35.02435705979383,35.02435705979383,0.0,0.0,0.0,0.0,0.0,0.12842264255290023,385.0931305826498,0.0,0.0,124.10555045887844,0.0,0.0,0.0,0.0,0.0,0.0,0.0,0.0,0.0,0.0,0.0,0.0,0.0,0.0,0.0,0.0,0.0,0.0,0.0,122.5852497092784,8.98958497868041,0.0,0.0,0.0,0.0,0.0,385.0931305826498,0.0,0.0,0.0,0.0,0.0,-14.59348210824743,0.0,0.0,0.0,0.0,0.0,0.0,0.0,0.0,0.0,0.0,0.0,0.0,0.0,0.0,0.0,0.0,0.0,0.0,-0.11674785686597944,0.0,0.0,5.8373928432989715,-1000.0,0.0,0.0,0.0,0.0,310.9773273792482,0.0,0.0,0.0,10.051990476161151,2.9186964216494857,0.0,0.0,469.45164989587147,0.11674785686597944,0.0,116.74785686597943,-36.19183562845362,23.349571373195886,0.8339132633284245,325.7265206560826,-0.08756089264948456,5.837392843298916,2.3349571373195888,-0.5837392843300313,-325.7265206560826,35.02435705979383,-0.11674785686597944,156.19096364497014,0.0,0.02918696421649486,0.8339132633284245,-468.57289093491045,-18.586258813064546,-2.3349571373195888,-554.323181884256,-0.11674785686597944,0.02918696421649486,-325.7265206560826,620.9607179277763,0.11674785686597944,0.11674785686597944,-384.84796008323093,0.12842264255257738,-30.394816573234607,-0.08756089264948456,35.02435705979383,0.11674785686597944,254.84250323051083,161.44421773772729,-0.05837392843298972,54.6404831216546,299.1857938357843,-0.08756089264948456,-0.11674785686597944,-36.19183562845362,0.11674785686597944,11.674785686597914,-2.3349571373195888,0.0,0.0,-11.674785686597943,554.323181884256,0.0,23.349571373195886,0.17512178529896913,-1000.0,11.674785686597943,-182.51571057278554,0.0,-23.349571373195886,0.05837392843298972,1.1674785686597944,78.09548182248507,408.4427019558457,-0.11674785686597944,-411.36139837749516,384.84796008323093,36.19183562845362,0.11674785686597944,18.586258813064546,-969.2015066510705,0.0,-0.11674785686597944,-0.02918696421649486,0.0,-0.11674785686597944,-540.5976194846623,0.11674785686591349,-0.02918696421649486,-0.02918696421649486,-0.02918696421649486,46.69914274639177,-161.44421773772729,1.1674785686597944,86.49556845558149,-0.02918696421649486,0.0,5.8373928432989715,276.13620258563014,0.11674785686597944,0.05837392843298972,0.05837392843298972,11.674785686597943,36.19183562845362,0.11674785686597944,-36.19183562845362,1.1674785686597944,0.11674785686597944,-86.49556845558149,0.11674785686597944,0.46699142746405187,0.5837392843300313,0.05837392843298972,0.02918696421649486,35.02435705979383,-0.11674785686597944,30.394816573234607,1.1674785686597944,-172.99113691116304,2.9186964216495426,-11.674785686597914,23.349571373195886,5.8373928432989715,-0.11674785686597944,468.57289093491045,0.17512178529896913,-0.11674785686597944,-23.349571373195886,36.19183562845362,464.7721392940283,0.05837392843298972,-552.2724051712603,-0.11674785686597944,-0.11674785686591349,-0.11674785686597944,0.05837392843298972,325.7265206560826,-23.349571373195886,0.11674785686597944,156.19096364497014,-0.02918696421649486,-0.12842264255257738,-156.19096364497014,17.512178529896914,-299.1857938357843,-437.6589038377903,325.7265206560826,-0.08756089264948456,411.36139837749516,-408.4427019558457,0.11674785686597944,-0.02918696421649486,689.0189317051073,116.74785686597943,-0.05837392843298972,-0.11674785686597944,0.02918696421649486,1000.0,0.0,999.941626071567,0.0,564.0460366938082,0.0,1000.0,-898.0959975300422,609.2859322411783,-1000.0,95.61283428711727,85.90612886933712,0.0,500.0,-282.0230183469041,-47.80641714355863,-609.2859322411783,449.0479987650211,-385.0931305826498,-230.91389766529738,0.0,-85.90612886933712,-230.91389766529738,-1000.0,978.7633604822363,0.0,1496.5981,bhi
28,0.0,0.0,0.0,0.0,0.0,0.0,0.0,0.0,587.8947956080294,0.0,0.0,0.0,0.0,0.0,0.0,0.0,700.7926795340808,-345.7120164379697,0.0,0.0,0.0,0.0,0.0,458.3756368862381,0.0,0.0,0.0,0.0,0.0,-1000.0,0.0,0.0,870.3835059358958,0.0,0.0,0.0,0.0,999.4074632456877,0.0,-745.8585135291321,955.5597434265965,0.0,0.0,0.0,0.0,0.0,714.0116099309898,0.0,293.62202367806367,0.0,0.0,0.0,0.0,0.16294760743494408,0.0,0.0,0.0,0.0,0.0,0.0,-121.90281532800014,0.0,121.90281532800014,0.0,0.0,0.0,0.0,0.0,0.0,0.0,0.0,1.4813418857801184,0.0,0.0,0.0,0.0,0.0,0.0,0.0,0.0,0.0,0.0,0.0,0.0,88.8805131468071,0.0,108.8571311205635,-515.8655333415097,-243.18519714303028,0.0,372.5514493741291,0.0,0.0,0.0,44.44025657340355,0.0,44.44025657340355,-4.769920872210624,0.0,0.0,0.0,843.9083836963804,-1000.0,0.0,0.0,-417.5359263543194,212.20431350148897,1000.0,0.0,0.0,0.0,0.0,0.0,0.0,0.0,0.0,0.0,0.0,0.0,0.0,0.0,0.0,0.0,0.0,-714.0369257192465,0.0,0.0,44.44025657340355,0.0,45.92159845918366,0.0,0.0,677.0519951304842,187.37382685592425,-864.4258219864084,864.4258219864084,0.0,0.0,0.0,0.0,0.0,0.0,0.0,0.0,0.0,120.2634636410704,0.14813418857801183,372.5884829212736,0.0,0.0,0.0,-557.809270003037,0.0,0.0,0.0,0.0,1000.0,0.0,0.0,0.0,0.0,0.0,612.7079176192788,612.7079176192788,0.0,0.0,0.0,-125.0,-1000.0,0.0,0.0,612.8560518078567,0.0,0.0,0.0,264.91160115610586,0.0,0.0,0.0,0.0,0.0,0.0,0.0,0.0,0.0,0.0,-712.1988141386709,0.0,0.0,0.0,0.0,-661.5032020076452,0.0,0.0,0.0,0.0,0.0,0.0,0.0,243.18519714303028,-243.18519714303028,0.0,0.0,0.0,0.0,0.0,0.0,0.0,0.0,-372.7550892318075,0.0,0.0,0.0,0.0,0.0,0.0,0.0,0.0,0.0,0.0,0.0,0.0,0.0,42.22064280429797,-397.7504734235595,5.585296787855555,0.0,0.0,0.0,0.0,322.22380233009665,0.0,0.0,0.0,0.0,-121.90281532800014,5.585296787855555,0.0,0.0,0.0,0.0,0.0,0.0,0.0,0.0,0.0,29.626837715602367,0.0,0.0,486.37039428606056,0.0,20.941687479584232,0.0,-5.585296787855555,0.0,0.0,0.0,238.81944724204382,0.0,0.0,0.0,-69.3580228658023,0.0,0.0,-55.33250916980964,264.08070198579054,0.0,-55.33250916980966,-264.08070198579054,0.0,0.0,0.0,119.71669036850676,0.0,0.0,91.07058380255631,0.0,0.0,0.0,0.0,0.0,0.0,0.0,1000.0,0.0,0.0,0.0,-125.0,0.0,0.0,-121.90281532800014,-0.22220128286701774,0.0,0.0,0.0,0.0,0.14813418857801183,0.0,0.0,0.0,294.83914310414514,700.7926795340808,0.0,-278.35728423621293,105.54130215974483,0.0,1000.0,0.0,0.0,0.0,-417.5359263543194,0.0,0.0,0.0,0.0,0.0,0.0,-477.0397811101885,-1000.0,0.0,0.0,0.0,0.0,0.0,0.0,0.0,0.0,0.0,0.0,0.0,0.0,0.0,0.0,0.0,0.0,0.0,0.0,0.0,-1000.0,0.0,0.0,0.0,0.0,0.0,0.0,188.11849882003077,0.0,0.0,0.0,0.0,836.5016742674799,0.0,0.0,0.0,0.0,0.0,0.0,0.0,0.0,-212.21703855685888,0.0,-425.6575465626405,1000.0,-3.703354714450296,-7.406709428900592,-533.4097155851454,0.0,-42.577027345429215,-411.2970984282657,-53.71019523027849,44.44025657340355,0.0,0.0,0.0,929.8451062001886,0.0,588.0429297966074,0.0,-42.22064280429797,42.22064280429797,42.22064280429797,-365.0433572872397,0.0,0.0,0.0,0.0,0.0,0.0,0.0,0.0,-26.0913684148733,0.0,-749.999999999999,0.0,0.0,0.0,0.0,0.0,-787.795686498511,0.29626837715613874,0.0,0.0,0.0,0.0,0.0,0.0,0.0,0.0,0.0,0.0,0.0,0.0,0.0,0.0,0.0,0.0,0.0,0.0,0.0,0.16294760743494408,0.16294760743494408,0.0,133.5948395613943,0.0,88.8805131468071,0.0,0.0,0.0,0.0,0.0,0.0,108.8571311205635,0.0,0.0,1000.0,0.0,0.0,0.0,432.75556002877323,0.0,0.0,0.0,0.0,0.0,0.0,0.0,0.0,0.0,0.0,238.01230857308215,-294.83914310414514,345.604956501548,0.0,120.2634636410704,0.0,0.0,0.0,-322.22380233009665,0.0,1000.0,0.0,1000.0,-787.795686498511,0.0,0.0,42.22064280429797,0.0,0.0,0.0,0.0,0.0,0.0,0.0,0.0,0.0,0.0,0.0,0.0,0.0,88.8805131468071,0.0,0.0,0.0,0.0,0.0,0.0,0.0,0.0,0.0,0.0,0.0,0.0,1.4813418857801184,0.0,0.0,108.8571311205635,-108.8571311205635,0.0,0.0,0.0,0.0,44.44025657340355,-432.75556002877323,0.0,0.0,0.0,0.0,0.0,0.0,0.0,0.0,0.0,528.7066071176416,-883.5347999180292,0.0,44.44025657340355,44.44025657340355,-136.38298501612388,0.0,0.0,0.0,0.0,0.0,0.0,0.0,0.0,477.0397811101885,0.0,548.249481333216,0.14813418857801183,0.0,0.0,0.0,195.63235804420432,823.107339725768,0.0,0.0,0.0,0.0,0.0,0.0,0.0,0.0,0.0,0.0,0.0,0.0,0.0,0.0,0.0,0.0,0.14813418857801183,0.0,0.0,0.0,0.0,0.0,0.0,0.0,0.0,0.0,0.0,188.11849882003077,0.0,0.0,-1000.0,-11.110064143350888,-7.406709428900598,0.0,0.0,0.0,0.0,0.0,0.0,0.0,0.0,0.0,0.0,0.0,0.0,0.0,0.0,0.0,0.0,-88.8805131468071,0.0,0.0,0.0,587.8947956080294,0.0,0.0,0.14813418857801183,0.0,0.14813418857801183,0.0,0.0,0.0,88.8805131468071,180.72371006517443,180.72371006517443,0.0,0.0,0.0,0.0,0.0,0.0,0.0,345.604956501548,0.0,0.0,0.0,0.0,0.0,12.754353636565948,0.0,0.0,0.0,0.0,0.0,0.0,0.0,0.0,0.0,0.0,0.0,0.0,0.0,322.22380233009665,0.0,0.0,0.0,0.22220128286701774,0.0,0.0,0.0,-44.44025657340355,0.0,0.0,0.0,0.0,0.0,-133.5948395613943,7.406709428900592,0.0,0.0,0.0,125.00000000000001,1000.0,-188.11849882003077,0.0,0.0,-749.999999999999,0.0,0.0,0.0,0.0,0.0,0.0,0.0,432.75556002877323,0.0,91.37419675709634,0.0,-490.6213006756799,405.57141337144867,0.0,0.0,0.0,0.0,0.0,58.095737176869385,0.0,7.406709428900598,903.4474613487442,0.0,0.0,0.0,-243.8056306560003,0.0,0.0,0.0,0.0,0.0,-308.3819624611012,0.0,0.0,0.0,856.9037178434161,-166.92503199144699,180.72371006517443,0.0,250.00000000000003,250.0,-250.0,0.0,0.0,0.0,0.0,0.0,0.0,0.0,0.0,0.0,-195.63235804420432,0.0,0.0,44.44025657340355,108.8571311205635,0.0,0.0,0.0,-222.1416331334479,0.0,0.0,0.16294760743494408,0.0,0.0,0.0,90.36185503258721,0.0,0.0,0.0,0.0,-397.7504734235595,0.0,212.20431350148897,0.0,0.0,0.0,0.0,0.0,0.0,0.0,0.0,0.014813418857801075,0.014813418857801075,0.0,0.0,0.0,0.0,0.0,0.0,0.0,0.0,0.0,0.0,0.0,0.0,0.0,0.0,0.0,133.5948395613943,0.0,0.0,0.0,0.0,0.0,0.0,0.0,0.0,0.0,0.0,0.0,217.714262241127,814.924073114732,1000.0,-345.7120164379697,0.0,0.0,0.0,88.8805131468071,0.0,0.0,0.0,0.0,0.0,695.3214035137403,-784.2019166605473,0.0,217.714262241127,0.0,0.0,0.0,0.0,0.0,0.0,0.0,0.0,0.0,0.0,-548.249481333216,-1000.0,114.22627281250405,775.960892838458,-820.4011494118615,0.0,999.4074632456877,0.0,0.0,0.0,0.0,0.0,0.0,0.0,0.0,0.0,0.0,0.0,0.0,0.0,0.0,0.0,0.0,0.0,-18.516773572251488,0.0,-847.6117384108308,168.56932148466208,0.0,0.0,0.0,0.0,0.0,0.0,-1.851677357225148,26.0913684148733,0.0,0.0,0.0,0.0,0.0,0.0,0.0,1000.0,44.44025657340355,44.44025657340355,0.0,0.0,0.0,0.0,0.0,0.16294760743494408,133.5948395613943,0.0,0.0,-999.4074632456877,0.0,0.0,0.0,0.0,0.0,0.0,0.0,0.0,0.0,0.0,0.0,0.0,0.0,0.0,0.0,0.0,0.0,0.0,0.0,155.54089800691244,120.2634636410704,0.0,0.0,0.0,0.0,0.0,133.5948395613943,0.0,175.94186851891953,0.0,0.0,0.0,-18.516773572251488,0.0,0.0,0.0,0.0,0.0,0.0,0.0,0.0,0.0,0.0,0.0,0.0,0.0,0.0,0.0,0.0,0.0,0.0,-0.14813418857801183,0.0,0.0,7.406709428900592,-1000.0,0.0,0.0,0.0,0.0,0.0,0.0,0.0,0.0,0.0,3.703354714450296,0.0,0.0,0.0,0.14813418857801183,0.0,148.13418857801182,-45.92159845918366,29.626837715602367,1.0581013469857987,413.29438613265296,-0.11110064143350887,425.6575465626405,2.9626837715602368,-0.7406709428902332,-413.29438613265296,44.44025657340355,-0.14813418857801183,139.17864211810647,0.0,0.03703354714450296,1.0581013469857987,-417.5359263543194,-132.44009394218165,-2.962683771560222,-355.0806630961111,-0.14813418857801183,0.03703354714450296,-413.29438613265296,801.5884168966015,0.14813418857801183,0.14813418857801183,-133.28375776538135,-108.69418351312768,0.0,-0.11110064143350887,44.44025657340355,0.14813418857801183,44.44025657340355,-74.06709428900592,-0.07406709428900592,-164.92814729136126,-337.18535537647585,-0.11110064143350887,-0.14813418857801183,-45.92159845918366,0.14813418857801183,14.813418857801183,-2.9626837715602368,322.22380233009665,322.22380233009665,-14.813418857801139,355.0806630961111,-322.22380233009665,29.626837715602367,0.22220128286701774,-503.1950464929778,14.813418857801183,-238.01230857308215,0.0,-29.626837715602367,0.07406709428900592,1.4813418857801184,69.58932105905323,121.0010344726987,-0.14813418857801183,-166.92503199144699,133.28375776538135,45.92159845918366,0.14813418857801183,132.44009394218165,-964.5360243324147,0.0,-0.14813418857801183,-0.03703354714450296,0.0,-0.14813418857801183,-1000.0,0.1481341885780317,-0.03703354714450296,-0.03703354714450296,-0.03703354714450296,59.253675431204734,74.06709428900592,1.4813418857801184,216.84895894531007,-0.03703354714450296,0.0,7.406709428900592,401.3045526781561,0.14813418857801183,0.07406709428900592,0.07406709428900592,14.813418857801183,45.92159845918366,0.14813418857801183,-45.92159845918366,1.4813418857801184,0.14813418857801183,-431.04904291046324,0.14813418857801183,0.5925367543122775,0.7406709428902332,0.07406709428900592,0.03703354714450296,44.44025657340355,-0.14813418857801183,0.0,1.481341885780111,-433.69791789062015,421.9541918481902,-14.813418857801183,29.626837715602367,7.406709428900592,-0.14813418857801183,417.5359263543194,0.22220128286701774,-0.14813418857801183,-29.626837715602367,45.92159845918366,605.4926075413232,0.07406709428900592,-802.6091053563122,-0.14813418857801183,-0.1481341885780317,-0.14813418857801183,0.07406709428900592,413.29438613265296,-29.626837715602367,0.14813418857801183,139.17864211810647,-0.03703354714450296,108.69418351312768,-139.17864211810647,22.220128286701772,337.18535537647585,-670.3575070415693,413.29438613265296,-0.11110064143350887,166.92503199144699,-121.0010344726987,0.14813418857801183,-0.03703354714450295,7.406709428900598,148.13418857801184,-0.07406709428900592,-0.14813418857801183,0.03703354714450296,510.43323846061594,0.0,503.1209793986888,214.20008396515317,494.52607720683665,0.0,1000.0,-468.0858581320203,786.7749980388004,-990.9809320268448,-1000.0,806.5994194616255,0.0,495.4904660134224,-247.26303860341832,500.0,-786.7749980388004,234.04292906601015,-133.5948395613943,-383.3509744078753,0.0,-806.5994194616255,-383.3509744078753,-1000.0,974.8613027373068,0.0,1496.5981,bhi
29,0.0,0.0,0.0,0.0,0.0,0.0,0.0,0.0,-0.18003411615614098,0.0,0.0,0.0,0.0,0.0,0.0,0.0,0.0,1000.0,0.0,-687.8593381988566,0.0,0.0,0.0,0.0,0.0,0.0,0.0,0.0,0.0,-930.7212699231106,0.0,0.0,466.07096702084874,0.0,0.0,0.0,0.0,-80.4138401611469,0.0,-1000.0,-124.53264001001276,0.0,0.0,625.0000000000001,0.0,0.0,764.4165565774223,0.0,185.27726482929666,0.0,0.0,-120.4440050938139,0.0,0.19803752777180525,0.0,0.0,0.0,36.006823231228196,0.0,0.0,33.028860788850295,0.0,113.62273506615333,0.0,0.0,0.0,0.0,0.0,0.0,431.12091770071424,0.0,1.80034116156141,0.0,0.0,0.0,0.0,0.0,0.0,0.0,618.2079251018864,0.0,0.0,0.0,0.0,108.0204696936846,0.0,0.0,-22.9375545674694,32.70119636737984,0.0,-0.045008529039035246,0.0,0.0,-173.75999789902914,54.0102348468423,0.0,54.0102348468423,0.0,0.0,0.0,0.0,630.3477725740009,-930.7212699231106,0.0,0.0,-388.91535259255807,0.0,0.0,0.0,0.0,0.0,0.0,0.0,0.0,0.0,0.0,0.0,0.0,0.0,0.0,0.0,0.0,0.0,0.0,-1000.0,0.0,0.0,54.0102348468423,0.0,55.81057600840371,34.71709140496719,0.0,443.6570484653338,26.698271425407597,-470.3553198907414,470.3553198907414,670.797304822694,0.0,0.0,-817.4489006776976,0.0,0.0,0.0,0.0,0.0,13.862626944022857,0.18003411615614098,0.0,0.0,0.0,0.0,-402.41481222758216,0.0,0.0,0.0,0.0,1000.0,0.0,0.0,0.0,0.0,0.0,235.7634775387339,235.7634775387339,0.0,0.0,0.0,0.0,0.0,0.0,0.0,235.94351165489005,0.0,0.0,0.0,-934.3848563389303,-340.3103023245386,0.0,0.0,0.0,0.0,0.0,0.0,0.0,0.0,0.0,0.0,0.0,0.0,0.0,0.0,-889.5624125040483,0.0,0.0,0.0,0.0,0.0,0.0,120.4440050938139,-32.70119636737984,32.70119636737984,0.0,0.0,0.0,0.0,0.0,0.0,0.0,0.0,-22.504264519517623,0.0,0.0,0.0,0.0,0.0,0.0,0.0,0.0,0.0,0.0,0.0,0.0,0.0,0.0,144.66530891015708,625.0000000000001,0.0,0.0,0.0,146.65159585500362,237.65961921304654,0.0,0.0,0.0,0.0,33.028860788850295,0.0,0.0,0.0,0.0,0.0,0.0,0.0,0.0,0.0,5.797098540228644,0.0,0.0,0.0,-254.76709753760258,-189.36470480284288,250.0825189882613,0.0,-625.0000000000001,0.0,0.0,146.65159585500362,-259.83561234430294,0.0,0.0,0.0,-67.02830362493762,0.0,0.0,-1000.0,-1000.0,-589.9029639448855,589.9029639448855,-589.9029639448855,1000.0,0.0,0.0,-3.344249921877463,0.0,0.0,334.0697476725212,0.0,0.0,0.0,-1000.0,0.0,1000.0,0.0,1000.0,0.0,146.65159585500362,0.0,0.0,0.0,0.0,33.028860788850295,-0.2700511742342115,0.0,0.0,0.0,0.0,0.18003411615614098,0.0,0.0,0.0,592.0954599039308,0.0,0.0,-490.09048791593665,980.0236170796416,340.3103023245386,-163.82124553545327,0.0,1000.0,0.0,-388.91535259255807,0.0,0.0,0.0,-15.500937401043789,0.0,-984.4990625989562,-1000.0,-1000.0,0.0,0.0,0.0,0.0,0.0,0.0,0.0,0.0,0.0,0.0,0.0,0.0,0.0,0.0,0.0,0.0,0.0,-1000.0,0.0,-920.306296303477,0.0,0.0,0.0,1000.0,0.0,0.0,-19.659725484251503,0.0,0.0,0.0,544.6277572737959,621.3460667661939,0.0,1000.0,0.0,0.0,0.0,-1000.0,69.2964761357191,197.4553679209165,0.0,-1000.0,-819.674739190904,567.9598793111411,-4.5008529039035245,-78.29818194352615,977.6700240456225,0.0,20.795550489215373,96.30159355914026,0.0,54.0102348468423,0.0,0.0,0.0,0.0,0.0,0.0,0.0,0.0,0.0,0.0,-518.5451269748359,0.0,0.0,0.0,0.0,0.0,0.0,0.0,0.0,-80.59387427730303,0.0,0.0,93.29884037228283,0.0,0.0,0.0,0.0,-311.7597381642674,0.3600682323119545,0.0,0.0,0.0,0.0,0.0,0.0,0.0,0.0,0.0,0.0,0.0,0.0,0.0,0.0,0.0,0.0,0.0,0.0,0.0,0.19803752777180525,0.19803752777180525,0.0,0.0,0.0,108.0204696936846,0.0,0.0,0.0,810.2082274953076,0.0,0.0,0.0,0.0,0.0,1000.0,-810.2082274953076,0.0,0.0,0.0,0.0,0.0,93.29884037228283,0.0,0.0,0.0,0.0,0.0,0.0,0.0,333.3333333333333,-592.0954599039308,402.41481222758216,0.0,13.862626944022857,0.0,0.0,-173.75999789902914,-411.4196171120757,0.0,1000.0,0.0,1000.0,-311.7597381642674,1000.0,-1000.0,0.0,0.0,0.0,0.0,0.0,0.0,0.0,0.0,0.0,0.0,0.0,0.0,0.0,0.0,108.0204696936846,146.65159585500362,146.65159585500362,0.0,0.0,0.0,0.0,0.0,0.0,0.0,0.0,0.0,0.0,1.80034116156141,0.0,0.0,0.0,0.0,0.0,120.4440050938139,0.0,0.0,54.0102348468423,0.0,0.0,0.0,0.0,0.0,0.0,0.0,0.0,0.0,0.0,-241.4721324963766,0.0,0.0,54.0102348468423,54.0102348468423,1000.0,-810.2082274953076,0.0,93.29884037228283,0.0,0.0,0.0,0.0,0.0,930.7212699231106,0.0,1000.0,0.18003411615614098,0.0,0.0,-625.0,723.8924039237663,0.0,0.0,173.75999789902914,0.0,0.0,0.0,0.0,0.0,0.0,0.0,0.0,0.0,0.0,0.0,0.0,0.0,0.0,0.18003411615614098,0.0,0.0,0.0,-360.19626370911806,360.19626370911806,0.0,0.0,0.0,0.0,0.0,-19.659725484251503,0.0,0.0,79.69370369652297,-13.502558711710574,-9.001705807807049,0.0,0.0,125.0,125.0,-125.00000000000001,0.0,0.0,0.0,0.0,0.0,0.0,0.0,146.65159585500362,340.3103023245386,0.0,0.0,29.79725629702242,0.0,0.0,0.0,-0.18003411615614098,0.0,0.0,0.18003411615614098,0.0,0.18003411615614098,0.0,431.12091770071424,0.0,108.0204696936846,219.64162171049202,219.64162171049202,0.0,0.0,0.0,0.0,0.0,0.0,0.0,402.41481222758216,0.0,0.0,0.0,0.0,0.0,0.0,0.0,0.0,0.0,0.0,0.0,0.0,0.0,0.0,0.0,0.0,0.0,0.0,0.0,237.65961921304654,0.0,0.0,0.0,0.2700511742342115,0.0,0.0,0.0,-54.0102348468423,0.0,0.0,0.0,0.0,0.0,0.0,9.001705807807049,0.0,0.0,0.0,0.0,0.0,479.6328107686571,0.0,0.0,0.0,0.0,0.0,0.0,0.0,0.0,146.65159585500362,0.0,0.0,0.0,0.0,0.0,1000.0,-388.91535259255807,0.0,459.9730852844056,0.0,-459.9730852844056,0.0,-479.47723405479496,0.0,9.001705807807049,230.84522133760942,0.0,0.0,0.0,-80.59387427730303,0.0,0.0,0.0,0.0,0.0,0.0,0.0,0.0,0.0,13.502558711710574,-40.507676135131746,219.64162171049202,0.0,0.0,0.0,0.0,0.0,0.0,0.0,0.0,0.0,5.797098540228644,0.0,0.0,0.0,-98.89240392376632,0.0,0.0,54.0102348468423,0.0,0.0,0.0,0.0,8.134445938204124,0.0,0.0,0.19803752777180525,0.0,0.0,0.0,109.82081085524601,0.0,0.0,0.0,0.0,144.66530891015708,0.0,0.0,0.0,0.0,0.0,0.0,0.0,0.0,-204.4757329831971,0.0,0.0180034116156141,0.0180034116156141,0.0,0.0,0.0,0.0,0.0,0.0,0.0,0.0,0.0,-625.0,0.0,0.0,0.0,0.0,0.0,0.0,0.0,0.0,0.0,0.0,0.0,0.0,0.0,0.0,0.0,0.0,0.0,0.0,-755.8015486425845,370.3192304449611,1000.0,0.0,0.0,0.0,108.0204696936846,0.0,0.0,0.0,0.0,0.0,0.0,-108.0204696936846,0.0,0.0,0.0,0.0,0.0,0.0,0.0,0.0,0.0,0.0,0.0,0.0,-1000.0,-1000.0,123.32336956695659,-54.0102348468423,0.0,0.0,-80.4138401611469,0.0,0.0,0.0,0.0,0.0,0.0,0.0,0.0,0.0,0.0,0.0,0.0,0.0,0.0,0.0,0.0,0.0,-22.504264519517623,146.65159585500362,-634.8486254779045,27.005117423421154,0.0,0.0,0.0,0.0,0.0,-494.4051911803124,492.15476472836065,80.59387427730303,0.0,0.0,0.0,0.0,0.0,0.0,0.0,1000.0,54.0102348468423,54.0102348468423,0.0,0.0,0.0,0.0,618.2079251018864,0.19803752777180525,0.0,0.0,0.0,80.4138401611469,0.0,0.0,0.0,0.0,0.0,0.0,0.0,0.0,0.0,0.0,0.0,0.0,0.0,0.0,215.56045885035712,0.0,0.0,34.71709140496719,0.0,189.03582196394805,13.862626944022857,0.0,0.0,0.0,0.0,0.0,0.0,0.0,-488.6345165764642,0.0,0.0,0.0,-22.504264519517623,0.0,0.0,0.0,0.0,0.0,0.0,0.0,0.0,0.0,0.0,0.0,0.0,0.0,0.0,0.0,0.0,0.0,0.0,-0.18003411615614098,0.0,0.0,9.001705807807049,-1000.0,0.0,0.0,0.0,0.0,146.65159585500362,0.0,0.0,0.0,15.500937401043789,4.5008529039035245,0.0,0.0,0.0,0.18003411615614098,0.0,180.03411615614098,-21.093484603436536,36.0068232312282,1.2859579725438641,571.7293668855677,-0.13502558711710574,819.674739190904,3.60068232312282,-0.9001705807800562,-571.7293668855677,54.0102348468423,-0.18003411615614098,129.638450864186,93.29884037228283,0.045008529039035246,1.2859579725438641,-388.91535259255807,-28.66143129205858,-3.60068232312282,-312.14066180114344,-0.18003411615614098,0.045008529039035246,-571.7293668855677,18.003411615614098,0.18003411615614098,0.18003411615614098,0.37807164392794623,0.1980375277717551,0.0,-0.13502558711710574,54.0102348468423,0.18003411615611525,54.0102348468423,-90.0170580780705,-0.09001705807807049,-222.16929481488387,-255.84306494481677,-0.13502558711710574,-0.18003411615614098,-21.093484603436536,0.18003411615614098,18.003411615614098,-3.60068232312282,237.65961921304654,237.65961921304654,-18.003411615614098,312.14066180114344,-237.65961921304654,36.006823231228196,0.2700511742342115,-199.6598742127463,18.003411615614098,-333.3333333333333,93.29884037228283,-36.006823231228196,0.09001705807807049,1.80034116156141,122.52262197898416,36.006823231228196,-0.18003411615614098,-40.507676135131746,-0.37807164392794623,55.81057600840371,0.18003411615614098,28.66143129205858,-122.74209901508648,93.29884037228283,-0.18003411615614098,-0.045008529039035246,-93.29884037228283,-0.18003411615614098,-311.7597381642674,0.1800341161561671,-0.045008529039035246,-0.045008529039035246,-0.045008529039035246,72.01364646245639,90.0170580780705,1.80034116156141,260.63129898886723,-0.045008529039035246,115.40679309378231,9.001705807807049,164.88157488994074,0.18003411615614098,0.09001705807807049,0.09001705807807049,-8.6729661257463,21.093484603436536,0.18003411615614098,-21.093484603436536,1.80034116156141,0.18003411615614098,-515.1283453522356,0.18003411615614098,0.7201364646239199,0.9001705807800562,0.09001705807807049,0.045008529039035246,54.0102348468423,-0.18003411615614098,0.0,1.80034116156141,-521.2625979777345,815.1738862870005,-18.003411615614098,36.006823231228196,9.001705807807049,-0.18003411615614098,388.91535259255807,0.2700511742342115,-0.18003411615614098,17.3459322514926,21.093484603436536,314.0759165893635,0.09001705807807049,-329.7631497798815,-0.18003411615611525,-0.1800341161561671,-0.18003411615614098,0.09001705807807049,571.7293668855677,-36.006823231228196,0.18003411615614098,245.04524395796832,-0.045008529039035246,-0.1980375277717551,-245.04524395796832,27.005117423421147,255.84306494481677,-438.3248469186368,571.7293668855677,-0.13502558711710574,40.507676135131746,-36.006823231228196,0.18003411615614098,-0.04500852903903525,553.6294630816029,180.03411615614098,-0.09001705807807049,-0.18003411615614098,0.045008529039035246,1000.0,0.0,199.56985715466823,254.49704636336833,110.77396769262907,0.0,235.9654408904919,-858.9650735804576,0.0,-534.7556014018618,871.4536563361657,-633.5920110036461,0.0,267.3778007009309,-55.386983846314536,-435.7268281680829,0.0,429.4825367902288,0.0,-322.2103625275676,0.0,633.5920110036461,-322.2103625275676,-235.9654408904919,170.35206414498214,0.0,1496.5981,bhi
30,0.0,0.0,0.0,0.0,0.0,0.0,0.0,0.0,-0.18358504988407845,0.0,0.0,0.0,0.0,0.0,0.0,0.0,-198.39582912839023,136.0533860363983,0.0,0.0,0.0,0.0,0.0,0.0,0.0,0.0,0.0,0.0,0.0,364.5735876770831,0.0,0.0,669.3123025733187,0.0,0.0,0.0,0.0,567.9494602632293,0.0,-1000.0,837.7832690958916,0.0,0.0,0.0,0.0,0.0,0.0,0.0,396.79165825678047,0.0,0.0,0.0,0.0,0.20194355487292878,0.0,0.0,0.0,36.71700997681569,0.0,0.0,87.74499052908567,0.0,-222.38512203108309,-446.37827326862777,0.0,0.0,0.0,0.0,0.0,311.7381417666304,0.0,1.8358504988407847,0.0,0.0,0.0,0.0,0.0,0.0,0.0,0.0,0.0,0.0,704.0140359218042,0.0,110.15102993044708,0.0,0.0,0.0,739.2617277796178,-390.1079743509107,-0.04589626247101961,0.0,0.0,-593.4929013022838,55.07551496522354,0.0,94.35478339712527,0.0,0.0,0.0,704.0140359218042,9.179252494203922,364.5735876770831,0.0,0.0,-326.6304678242428,0.0,0.0,0.0,0.0,0.0,0.0,0.0,0.0,0.0,0.0,0.0,0.0,0.0,0.0,0.0,0.0,0.0,0.0,-1000.0,0.0,0.0,94.35478339712527,0.0,56.911365464064325,0.0,0.0,0.0,-375.00000000000006,375.00000000000006,-375.00000000000006,-311.7381417666304,0.0,0.0,0.0,0.0,0.0,0.0,0.0,0.0,-689.8779870807301,0.18358504988407845,0.0,0.0,0.0,0.0,0.0,0.0,0.0,0.0,0.0,900.0716643264162,0.0,0.0,0.0,0.0,0.0,999.8164149501159,999.8164149501159,0.0,0.0,0.0,-375.0,0.0,0.0,0.0,1000.0,0.0,0.0,0.0,-745.21306631814,-685.4525894835585,0.0,0.0,0.0,0.0,0.0,0.0,0.0,0.0,0.0,0.0,0.0,0.0,0.0,0.0,-1000.0,0.0,0.0,0.0,0.0,0.0,0.0,0.0,260.7382722203822,-260.7382722203822,0.0,0.0,0.0,0.0,0.0,0.0,0.0,0.0,-571.2172929856715,0.0,0.0,0.0,0.0,0.0,0.0,0.0,0.0,0.0,0.0,0.0,0.0,0.0,0.0,-276.59888199314986,-562.9694168054733,0.0,0.0,0.0,0.0,472.78079434797974,0.0,0.0,0.0,0.0,87.74499052908567,-562.9694168054733,0.0,0.0,0.0,0.0,0.0,0.0,0.0,0.0,5.9114386062671045,0.0,39.279268431901734,0.0,-588.7791810541271,-110.25572549489152,657.5299304771627,0.0,562.9694168054733,0.0,0.0,311.7381417666304,0.0,0.0,0.0,0.0,-122.41502719969372,0.0,0.0,-379.99195989946145,0.0,0.0,-379.99195989946116,0.0,0.0,1000.0,0.0,0.0,0.0,0.0,39.42149482859918,0.0,0.0,0.0,-843.8043333406664,0.0,843.8043333406664,0.0,999.6328299002319,311.7381417666304,0.0,168.4259348403492,-375.0,0.0,0.0,87.74499052908567,-0.27537757482611763,0.0,0.0,0.0,0.0,0.18358504988407845,0.0,0.0,0.0,426.9529836486279,-198.39582912839023,0.0,-217.75364521616189,-243.65274313415694,685.4525894835585,932.1380524930169,0.0,-865.5890604786724,0.0,-326.6304678242428,0.0,0.0,0.0,165.99356445550958,699.5954960231628,0.0,-766.4834879560134,-1000.0,0.0,0.0,0.0,0.0,0.0,0.0,0.0,0.0,0.0,0.0,0.0,0.0,0.0,0.0,0.0,0.0,0.0,-431.3161995372343,0.0,-1000.0,0.0,0.0,0.0,0.0,0.0,0.0,683.966548474463,0.0,0.0,0.0,177.49431370795162,0.0,0.0,125.00000000000098,-9.179252494203922,-752.1733268715212,-699.5954960231628,-1000.0,0.0,-591.262535614538,-15.229285012854348,-125.00000000000098,0.0,1000.0,747.5837006244193,-9.179252494203922,1000.0,0.0,0.0,787.6416295599586,-431.0684241912814,94.35478339712527,0.0,0.0,0.0,0.0,0.0,0.0,0.0,0.0,0.0,0.0,-289.7225311795428,0.0,0.0,0.0,0.0,0.0,0.0,0.0,0.0,-136.24816070845898,0.0,0.0,0.0,0.0,0.0,0.0,0.0,-370.95366539027515,0.36717009976821435,0.0,0.0,0.0,0.0,0.0,0.0,0.0,0.0,0.0,0.0,0.0,0.0,0.0,0.0,0.0,0.0,0.0,0.0,0.0,0.20194355487292878,0.20194355487292878,0.0,92.15436520303744,0.0,110.15102993044708,0.0,0.0,0.0,175.39007051203555,0.0,631.6104942022915,0.0,0.0,0.0,736.0611883294501,-175.39007051203555,0.0,0.0,0.0,0.0,0.0,0.0,0.0,0.0,0.0,0.0,0.0,0.0,0.0,333.3333333333333,-426.9529836486279,0.0,0.0,14.1360488410741,0.0,-163.05701353976715,-430.4358877625167,-903.2166821104964,0.0,736.0611883294501,0.0,1000.0,-634.892477060825,0.0,0.0,0.0,0.0,0.0,0.0,0.0,0.0,0.0,0.0,0.0,0.0,0.0,0.0,0.0,0.0,110.15102993044708,311.7381417666304,311.7381417666304,0.0,0.0,0.0,0.0,0.0,0.0,0.0,0.0,0.0,0.0,1.8358504988407847,0.0,0.0,0.0,0.0,0.0,0.0,0.0,0.0,94.35478339712527,0.0,0.0,0.0,0.0,0.0,0.0,0.0,0.0,0.0,0.0,32.861723929250104,-253.98599009318593,0.0,55.07551496522354,55.07551496522354,1000.0,-175.39007051203555,0.0,0.0,0.0,0.0,0.0,0.0,0.0,-598.0900997210697,0.0,-473.380259397825,0.18358504988407845,0.0,0.0,0.0,242.45028480762332,0.0,0.0,593.4929013022838,0.0,-311.7381417666304,0.0,0.0,0.0,0.0,0.0,0.0,0.0,0.0,0.0,0.0,0.0,0.0,0.18358504988407845,0.0,0.0,0.0,596.6115417841825,-596.6115417841825,0.0,0.0,0.0,0.0,0.0,683.966548474463,0.0,0.0,-568.6838004627657,-13.768878741305885,-9.179252494203922,0.0,0.0,-375.00000000000006,-375.00000000000006,375.00000000000006,0.0,0.0,0.0,0.0,0.0,0.0,0.0,311.7381417666304,685.4525894835585,0.0,0.0,-421.8891716970775,0.0,0.0,0.0,-0.18358504988407845,0.0,0.0,0.18358504988407845,0.0,0.18358504988407845,0.0,0.0,0.0,110.15102993044708,223.97376085857573,223.97376085857573,0.0,0.0,0.0,0.0,0.0,0.0,0.0,0.0,0.0,0.0,0.0,0.0,0.0,181.8002372505292,0.0,0.0,0.0,0.0,0.0,0.0,0.0,0.0,0.0,0.0,0.0,0.0,0.0,472.78079434797974,0.0,0.0,0.0,0.27537757482611763,0.0,0.0,0.0,-94.35478339712527,0.0,0.0,0.0,0.0,0.0,-92.15436520303744,9.179252494203922,0.0,0.0,0.0,375.0,0.0,-9.179252494203922,0.0,0.0,0.0,0.0,0.0,0.0,0.0,0.0,311.7381417666304,0.0,0.0,-693.9050605119157,92.15436520303744,0.0,451.7308382498383,-326.6304678242428,0.0,674.7872959802592,0.0,-674.7872959802592,0.0,-223.97376085857573,0.0,9.179252494203922,286.4783451205396,0.0,0.0,0.0,-136.24816070845898,0.0,0.0,0.0,0.0,0.0,0.0,0.0,0.0,0.0,105.92324394434333,-133.46100142695548,223.97376085857573,0.0,0.0,0.0,0.0,0.0,0.0,0.0,0.0,0.0,5.9114386062671045,0.0,0.0,0.0,-242.45028480762332,1000.0,0.0,55.07551496522354,0.0,0.0,0.0,0.0,-283.4153232660462,0.0,0.0,0.20194355487292878,0.0,0.0,0.0,111.98688042928787,0.0,0.0,0.0,0.0,-276.59888199314986,0.0,0.0,0.0,0.0,0.0,0.0,0.0,0.0,0.0,0.0,0.018358504988407846,0.018358504988407846,0.0,0.0,0.0,0.0,0.0,0.0,0.0,0.0,0.0,0.0,0.0,0.0,0.0,0.0,0.0,92.15436520303744,0.0,0.0,0.0,0.0,0.0,0.0,0.0,0.0,0.0,0.0,0.0,0.0,0.0,0.0,136.0533860363983,0.0,0.0,0.0,110.15102993044707,0.0,0.0,0.0,0.0,0.0,157.50771059670183,-267.6587405271489,0.0,0.0,0.0,0.0,0.0,0.0,0.0,0.0,0.0,0.0,0.0,0.0,473.380259397825,-1000.0,307.5559964211229,-94.35478339712527,0.0,0.0,567.9494602632293,0.0,0.0,0.0,0.0,0.0,0.0,0.0,0.0,0.0,0.0,0.0,0.0,0.0,0.0,0.0,0.0,0.0,-22.948131235509805,311.7381417666304,-13.768878741305885,301.4923599361784,0.0,0.0,0.0,0.0,0.0,0.0,-2.2948131235509805,136.24816070845898,0.0,0.0,0.0,0.0,0.0,0.0,0.0,1000.0,55.07551496522354,55.07551496522354,0.0,0.0,0.0,0.0,0.0,0.20194355487292878,92.15436520303744,0.0,0.0,-567.9494602632293,0.0,0.0,0.0,0.0,0.0,0.0,0.0,0.0,0.0,0.0,0.0,0.0,0.0,0.0,0.0,0.0,0.0,0.0,0.0,192.7643023782824,0.0,0.0,14.1360488410741,0.0,0.0,0.0,92.15436520303744,0.0,0.0,0.0,0.0,0.0,-22.948131235509805,0.0,0.0,0.0,0.0,0.0,0.0,0.0,0.0,0.0,0.0,0.0,0.0,0.0,0.0,0.0,0.0,0.0,0.0,-0.18358504988407845,0.0,0.0,9.179252494203922,-736.0611883294501,0.0,0.0,0.0,0.0,311.7381417666304,0.0,0.0,0.0,-165.99356445550958,4.589626247101961,0.0,0.0,0.0,0.18358504988407845,0.0,183.58504988407844,-56.91136546406432,36.717009976815696,1.3113217848862746,512.2022891765789,-0.13768878741305882,9.179252494203922,3.671700997681569,-0.9179252494204775,-512.2022891765789,55.07551496522354,-0.18358504988407845,108.87682260808106,0.0,0.04589626247101961,1.3113217848862746,-326.63046782424317,-29.22673994154502,-3.671700997681569,62.342443091991925,-0.18358504988407845,0.04589626247101961,-512.2022891765789,18.358504988407844,0.18358504988407845,0.18358504988407845,-91.76883659828044,0.2019435548724863,-387.0050323151081,-0.13768878741305882,55.07551496522354,0.18358504988407845,94.35478339712527,-52.513256510137495,-0.09179252494203922,140.19430363717754,-491.32288438627165,-0.13768878741305882,-0.18358504988407845,-56.91136546406432,0.18358504988407845,18.358504988407844,-3.671700997681569,472.78079434797974,472.78079434797974,-18.358504988407844,-62.342443091991925,-472.78079434797974,36.71700997681569,0.27537757482611763,-948.4983412736523,18.358504988407844,-333.3333333333333,0.0,-36.71700997681569,0.09179252494203922,1.8358504988407847,54.43841130404053,128.87137517985315,-0.18358504988407845,-133.46100142695548,91.76883659828044,56.911365464064325,0.18358504988407845,29.22673994154502,-259.58132829279606,0.0,-0.18358504988407845,-0.04589626247101961,0.0,-0.18358504988407845,-370.95366539027515,0.18358504988380292,-0.04589626247101961,-0.04589626247101961,-0.04589626247101961,73.43401995363138,52.513256510137495,1.8358504988407847,136.0135738328638,-0.04589626247101961,0.0,9.179252494203922,194.6560851893415,0.18358504988407845,0.09179252494203922,0.09179252494203922,-137.51056589490736,56.91136546406432,0.18358504988407845,-56.91136546406432,1.8358504988407847,0.1835850498840786,-136.0135738328638,0.18358504988407845,0.7343401995364047,0.9179252494204775,0.09179252494203922,0.04589626247101961,55.07551496522354,-0.18358504988407845,387.0050323151081,1.8358504988407844,-272.0271476657276,4.589626247101963,-18.358504988407844,36.71700997681569,9.179252494203922,-0.18358504988407845,326.63046782424317,0.27537757482611763,-0.1835850498840786,275.0211317898147,56.91136546406432,625.5400400284236,0.09179252494203922,-389.312170378683,-0.18358504988407845,-0.18358504988380292,-0.18358504988407848,0.09179252494203922,512.2022891765789,-36.71700997681569,0.18358504988407845,108.87682260808106,-0.04589626247101961,-0.2019435548724863,-108.87682260808106,27.537757482611767,491.32288438627165,537.0112754877221,512.2022891765789,-0.13768878741305882,133.46100142695548,-128.87137517985315,0.18358504988407845,-0.045896262471019605,186.67356620215554,183.58504988407844,-0.09179252494203922,-0.18358504988407845,0.04589626247101961,0.0,0.0,338.51452309962093,0.0,78.22116268158356,0.0,253.9047874643295,-1000.0,0.0,368.7604551777527,579.6359890269699,-488.447848226654,-609.8920256490893,-184.38022758887635,-39.11058134079178,-289.81799451348496,0.0,500.0,-92.15436520303744,-342.12471676237743,609.8920256490893,488.447848226654,-342.12471676237743,-253.9047874643295,247.56380538435886,0.0,1496.5981,bhi
31,0.0,0.0,0.0,0.0,0.0,0.0,0.0,0.0,-0.21730725606778595,0.0,0.0,0.0,0.0,0.0,0.0,0.0,1000.0,-215.09356626886347,0.0,-531.6183016271547,0.0,0.0,0.0,0.0,0.0,0.0,0.0,0.0,0.0,-1000.0,0.0,0.0,415.17379803448716,0.0,0.0,0.0,0.0,197.02438680821288,0.0,-1000.0,-98.68711133703752,0.0,0.0,429.97031127222624,0.0,0.0,49.379769742827506,0.0,0.0,0.0,0.0,699.5591097688676,0.0,0.23903798167475543,0.0,0.0,0.0,0.0,0.0,0.0,-19.137525684370054,0.0,0.0,-19.137525684370054,0.0,0.0,0.0,0.0,305.4485068042926,-305.4485068042926,0.0,2.1730725606778596,0.0,0.0,0.0,0.0,0.0,0.0,0.0,0.0,0.0,0.0,0.0,0.0,130.38435364067158,0.0,0.0,624.9393810612878,-274.788368756341,-628.4811818281196,-0.05432681401694649,0.0,0.0,621.9691577606346,65.19217682033579,0.0,65.19217682033579,-6.997293645384701,0.0,0.0,0.0,994.5673185983054,-1000.0,0.0,0.0,-447.3848313634058,0.0,0.0,0.0,0.0,0.0,0.0,0.0,0.0,0.0,0.0,0.0,0.0,0.0,0.0,0.0,0.0,0.0,0.0,-1000.0,0.0,0.0,65.19217682033579,0.0,67.36524938101364,24.197484467922834,0.0,0.0,0.0,0.0,0.0,0.0,0.0,0.0,0.0,0.0,0.0,0.0,0.0,0.0,16.732658717219465,0.21730725606778595,0.0,0.0,0.0,0.0,-621.4789928031532,0.0,0.0,0.0,0.0,1000.0,0.0,0.0,0.0,0.0,0.0,-49.162462486759715,-49.162462486759715,0.0,0.0,0.0,0.0,663.9681656472915,0.0,0.0,-48.94515523069193,0.0,0.0,0.0,368.9125228760338,-446.7701007748466,0.0,0.0,0.0,0.0,0.0,0.0,0.0,0.0,0.0,-228.0848372755005,0.0,0.0,0.0,0.0,-1000.0,0.0,0.0,0.0,0.0,0.0,0.0,-699.5591097688676,903.2695505844606,-903.2695505844606,0.0,0.0,0.0,0.0,0.0,0.0,0.0,0.0,-834.3913801996483,0.0,0.0,0.0,0.0,0.0,0.0,0.0,0.0,0.0,0.0,0.0,0.0,0.0,0.0,207.07530493116457,699.5591097688676,0.0,0.0,0.0,0.0,239.77720367639733,0.0,0.0,0.0,0.0,-19.137525684370054,269.5887984966414,0.0,0.0,0.0,0.0,0.0,0.0,0.0,0.0,0.0,43.46145121355719,0.0,0.0,192.94974806023478,-985.1081712805668,828.6498218768809,0.0,-699.5591097688676,0.0,0.0,0.0,-384.27418879317474,0.0,0.0,0.0,-21.90094962403191,0.0,0.0,-990.0094487883503,-624.9999999999035,0.0,-365.00944878844666,0.0,624.9999999999035,628.4811818281196,0.0,231.1774113960223,0.0,0.0,414.9050096885711,0.0,0.0,0.0,-1000.0,0.0,1000.0,0.0,1000.0,0.0,0.0,-1000.0,0.0,0.0,0.0,-19.137525684370054,-0.3259608841016789,0.0,0.0,0.0,0.0,0.21730725606778595,0.0,0.0,0.0,695.0306195032668,1000.0,0.0,-298.2565542422705,-140.1177508170231,446.7701007748466,-33.49493451670173,0.0,1000.0,0.0,-447.3848313634058,0.0,0.0,0.0,-18.710154747436558,-981.2898452525634,0.0,-975.3827096751207,707.1964668728693,0.0,0.0,0.0,0.0,0.0,0.0,0.0,0.0,0.0,0.0,0.0,0.0,0.0,0.0,0.0,0.0,0.0,829.3448415368827,0.0,631.4512257043996,0.0,0.0,0.0,628.7942422210272,0.0,238.3155865359962,-16.732658717219465,0.0,0.0,0.0,0.0,983.7019557949161,0.0,1000.0,-1000.0,0.0,675.8413384482707,0.0,0.0,0.0,-292.60422029527376,-1000.0,182.88653818863915,0.0,-5.432681401694649,-10.865362803389297,634.2509419781725,0.0,-238.36518787400206,0.0,97.11547142994118,65.19217682033579,0.0,0.0,0.0,693.1343993060715,0.0,0.0,0.0,0.0,0.0,0.0,710.788980843777,0.0,0.0,-1000.0,0.0,0.0,0.0,0.0,0.0,-38.27505136874011,0.0,0.0,0.0,0.0,0.0,0.0,0.0,-479.5958646923244,0.4346145121353402,0.0,0.0,0.0,0.0,0.0,0.0,0.0,0.0,0.0,0.0,0.0,0.0,0.0,0.0,0.0,0.0,0.0,0.0,0.0,0.23903798167475543,0.23903798167475543,0.0,0.0,0.0,130.38435364067158,0.0,0.0,0.0,704.3354323663501,0.0,0.0,0.0,0.0,0.0,990.2392694289294,-704.3354323663501,0.0,0.0,0.0,0.0,0.0,0.0,0.0,0.0,0.0,0.0,0.0,0.0,0.0,333.3333333333333,-695.0306195032668,621.4789928031532,0.0,16.732658717219465,0.0,-378.03084223936537,1000.0,760.2227963236027,0.0,990.2392694289294,0.0,0.0,510.643404736605,0.0,0.0,0.0,0.0,0.0,0.0,0.0,0.0,0.0,0.0,0.0,0.0,0.0,0.0,0.0,0.0,130.38435364067158,0.0,0.0,0.0,0.0,0.0,0.0,0.0,0.0,0.0,0.0,0.0,0.0,2.1730725606778596,0.0,0.0,0.0,0.0,0.0,-699.5591097688676,0.0,0.0,65.19217682033579,0.0,0.0,0.0,0.0,0.0,0.0,0.0,0.0,0.0,0.0,0.0,0.0,0.0,65.19217682033579,65.19217682033579,1000.0,-704.3354323663501,0.0,0.0,0.0,0.0,0.0,0.0,0.0,975.3827096751207,0.0,1000.0,0.21730725606778595,0.0,0.0,-809.8046623404559,1000.0,0.0,0.0,-621.9691577606346,0.0,0.0,0.0,0.0,0.0,0.0,0.0,0.0,0.0,0.0,0.0,0.0,0.0,0.0,0.21730725606778595,0.0,0.0,0.0,-625.0,625.0,0.0,0.0,0.0,0.0,0.0,857.808197518094,0.0,-874.5408562353134,-197.89361583248308,-16.298044205083897,-10.865362803389303,0.0,0.0,0.0,0.0,0.0,0.0,0.0,0.0,0.0,0.0,0.0,0.0,0.0,446.7701007748466,0.0,0.0,-130.38435364067158,0.0,0.0,0.0,-0.21730725606778595,0.0,0.0,0.21730725606778595,0.0,0.21730725606778595,0.0,0.0,0.0,130.38435364067158,265.11485240269883,265.11485240269883,0.0,0.0,0.0,0.0,0.0,0.0,0.0,621.4789928031532,0.0,0.0,0.0,0.0,0.0,0.0,0.0,0.0,0.0,0.0,0.0,0.0,0.0,0.0,0.0,0.0,0.0,0.0,0.0,239.77720367639733,0.0,-891.7629081732754,891.7629081732754,0.3259608841016789,0.0,0.0,0.0,-65.19217682033579,0.0,0.0,0.0,0.0,0.0,0.0,10.865362803389297,0.0,0.0,0.0,0.0,-663.9681656472915,0.0,0.0,0.0,0.0,0.0,0.0,0.0,0.0,0.0,0.0,0.0,0.0,598.1988835306637,0.0,0.0,192.772026808825,-447.3848313634058,0.0,-16.732658717219465,874.5408562353134,-857.808197518094,0.0,-649.3890411958736,0.0,10.865362803389303,107.01864963109993,0.0,0.0,0.0,-38.27505136874011,0.0,0.0,0.0,0.0,0.0,0.0,0.0,0.0,0.0,244.3828814805844,-48.89413261525203,265.11485240269883,0.0,0.0,0.0,0.0,0.0,0.0,0.0,0.0,0.0,0.0,0.0,0.0,0.0,-190.19533765954407,0.0,0.0,65.19217682033579,0.0,0.0,0.0,0.0,-137.7516040797836,0.0,0.0,0.23903798167475543,0.0,0.0,0.0,132.55742620134941,0.0,0.0,0.0,0.0,207.07530493116457,0.0,0.0,0.0,0.0,0.0,0.0,0.0,0.0,837.976087207061,0.0,0.021730725606778023,0.021730725606778023,0.0,0.0,0.0,0.0,0.0,0.0,0.0,0.0,0.0,-809.8046623404559,0.0,0.0,0.0,0.0,0.0,0.0,0.0,0.0,0.0,0.0,0.0,0.0,0.0,0.0,0.0,0.0,0.0,0.0,0.0,1000.0,-215.09356626886347,0.0,0.0,0.0,130.38435364067158,0.0,0.0,0.0,0.0,0.0,-698.9460436128276,568.561689972156,0.0,0.0,0.0,0.0,0.0,0.0,0.0,0.0,0.0,0.0,0.0,0.0,707.1964668728693,-1000.0,148.85547040643337,-65.19217682033579,0.0,0.0,197.02438680821288,0.0,0.0,0.0,0.0,0.0,0.0,0.0,0.0,0.0,0.0,0.0,0.0,0.0,0.0,0.0,0.0,0.0,-27.1634070084732,0.0,-1000.0,32.59608841016802,0.0,0.0,0.0,0.0,0.0,0.0,-2.7163407008473244,38.27505136874011,0.0,0.0,0.0,0.0,0.0,0.0,0.0,1000.0,65.19217682033579,65.19217682033579,0.0,0.0,0.0,0.0,0.0,0.23903798167475543,0.0,0.0,0.0,-197.02438680821288,0.0,0.0,0.0,0.0,0.0,0.0,0.0,0.0,0.0,0.0,0.0,0.0,0.0,0.0,445.8814540866377,0.0,0.0,24.197484467922834,0.0,228.17261887117525,16.732658717219465,0.0,0.0,0.0,0.0,0.0,0.0,0.0,-17.862656448774004,0.0,0.0,0.0,-27.1634070084732,0.0,0.0,0.0,0.0,0.0,0.0,0.0,0.0,0.0,0.0,0.0,0.0,0.0,0.0,0.0,0.0,0.0,0.0,-0.21730725606778595,0.0,0.0,10.865362803389297,-990.2392694289294,0.0,0.0,0.0,0.0,0.0,0.0,0.0,0.0,18.710154747436558,5.432681401694649,0.0,0.0,0.0,0.21730725606778595,0.0,217.30725606778594,-43.16776491309081,43.46145121355719,1.552194686198471,654.6822133649684,-0.16298044205083945,817.1134618113608,4.346145121355719,-1.086536280337981,-654.6822133649684,65.19217682033579,-0.21730725606778595,149.12827712113526,0.0,0.05432681401694649,1.552194686198471,-447.38483136340574,-34.59531516599347,-4.346145121355719,-253.28813210398187,-0.21730725606778595,0.05432681401694649,-654.6822133649684,340.37812306748197,0.21730725606778595,0.21730725606778595,0.4563452377425414,0.23903798167456397,0.0,-0.16298044205083945,65.19217682033579,0.21730725606778595,65.19217682033579,-108.65362803389297,-0.10865362803389297,-105.23033727318841,-261.7252365392437,-0.16298044205083945,-0.21730725606778595,-43.16776491309081,0.21730725606778595,21.730725606778595,-4.346145121355719,239.77720367639733,239.77720367639733,-21.730725606778606,253.28813210398187,-239.77720367639733,43.46145121355719,0.3259608841016789,-1000.0,21.730725606778595,-333.3333333333333,0.0,-43.46145121355719,0.10865362803389297,2.1730725606778596,74.56413856056763,43.46145121355719,-0.21730725606778595,-48.89413261525203,-0.4563452377425414,67.36524938101364,0.21730725606778595,34.59531516599347,-579.4161047420466,0.0,-0.21730725606778595,-0.05432681401694649,0.0,-0.21730725606778595,-479.5958646923244,0.2173072560677291,-0.05432681401694649,-0.05432681401694649,-0.05432681401694649,86.92290242711438,108.65362803389297,2.1730725606778596,250.11906795299709,-0.05432681401694649,0.0,10.865362803389297,250.66329514955152,0.21730725606778595,0.10865362803389297,0.10865362803389297,21.730725606778595,43.16776491309081,0.21730725606778595,-43.16776491309081,2.1730725606778596,0.21730725606778595,-428.362177180541,0.21730725606778595,0.8692290242701901,1.086536280337981,0.10865362803389297,0.05432681401694649,65.19217682033579,-0.21730725606778595,0.0,2.1730725606778596,-500.23813590599417,811.6807804096662,-21.730725606778595,43.46145121355719,10.865362803389297,-0.21730725606778595,447.38483136340574,0.3259608841016789,-0.21730725606778595,-43.46145121355719,43.16776491309081,524.8531675261586,0.10865362803389297,-501.32659029910303,-0.21730725606778595,-0.2173072560677291,-0.21730725606778595,0.10865362803389297,654.6822133649684,-43.46145121355719,0.21730725606778595,149.12827712113526,-0.05432681401694649,-0.23903798167456397,-149.12827712113526,32.59608841016789,261.7252365392437,-14.77754693183989,654.6822133649684,-0.16298044205083945,48.89413261525203,-43.46145121355719,0.21730725606778595,-0.05432681401694648,10.865362803389303,217.30725606778594,-0.10865362803389297,-0.21730725606778595,0.05432681401694649,0.0,0.0,999.891346371966,178.2431092275439,-1000.0,0.0,706.0017926417211,-867.3611197569912,318.64739746070336,1000.0,-1000.0,385.24551478077103,0.0,-500.0,500.0,500.0,-318.64739746070336,433.6805598784956,0.0,-387.101563446375,0.0,-385.24551478077103,-387.101563446375,-706.0017926417211,631.8435858884945,0.0,1496.5981,bhi
32,0.0,0.0,0.0,0.0,0.0,0.0,0.0,0.0,-0.12880962632629192,0.0,0.0,0.0,0.0,0.0,0.0,0.0,-840.9331289838176,237.2184848669138,0.0,1000.0,0.0,0.0,0.0,0.0,0.0,0.0,0.0,0.0,0.0,-635.8961763691038,0.0,0.0,222.2850715302139,0.0,0.0,0.0,0.0,981.5888107437621,0.0,-1000.0,961.3571121021124,0.0,0.0,861.4525393339777,0.0,0.0,0.0,0.0,615.3767660189436,0.0,0.0,0.0,0.0,0.1416905889588197,0.0,0.0,0.0,25.761925265258384,0.0,0.0,-229.31025055033547,0.0,229.31025055033547,0.0,0.0,0.0,0.0,0.0,0.0,520.6081213864068,0.0,1.2880962632629194,0.0,0.0,0.0,0.0,0.0,0.0,0.0,118.53269149597786,0.0,0.0,0.0,0.0,77.28577579577517,0.0,217.96641612519983,-259.3225201101677,-514.9279024854688,1000.0,120.45718982266284,0.0,0.0,354.2750753768698,38.64288789788758,0.0,38.64288789788758,-4.147669967707088,0.0,0.0,0.0,6.440481316314596,-1000.0,0.0,0.0,0.0,0.0,0.0,0.0,0.0,0.0,0.0,0.0,0.0,0.0,0.0,0.0,0.0,0.0,0.0,0.0,0.0,0.0,0.0,-718.8542114469428,0.0,0.0,38.64288789788758,0.0,39.930984161150505,0.0,0.0,0.0,0.0,0.0,0.0,-177.3574264639366,0.0,0.0,177.3574264639366,0.0,0.0,0.0,0.0,0.0,227.8847573523243,0.12880962632629192,120.48939222924442,0.0,0.0,-552.4464582225105,0.0,0.0,0.0,0.0,0.0,680.576112207162,0.0,0.0,0.0,0.0,0.0,920.5148282165164,920.5148282165164,0.0,0.0,0.0,0.0,562.9941901446762,0.0,0.0,920.6436378428427,0.0,0.0,0.0,419.3769237947443,0.0,0.0,0.0,0.0,0.0,0.0,0.0,0.0,0.0,0.0,-1000.0,0.0,0.0,0.0,0.0,-637.007033337394,0.0,0.0,0.0,0.0,0.0,0.0,0.0,-356.0542459087759,356.0542459087759,0.0,0.0,0.0,0.0,0.0,0.0,0.0,364.1038236308962,-705.8679379510457,0.0,0.0,0.0,0.0,0.0,0.0,0.0,0.0,0.0,0.0,0.0,0.0,0.0,702.6012785823353,-396.02969124697273,861.4525393339777,0.0,0.0,0.0,0.0,229.27507537686975,0.0,0.0,0.0,0.0,-229.31025055033547,0.0,0.0,0.0,0.0,0.0,0.0,0.0,0.0,0.0,0.0,0.0,0.0,0.0,158.87365657669295,0.0,0.0,0.0,-861.4525393339777,0.0,0.0,0.0,0.0,0.0,0.0,0.0,-304.0169833846329,0.0,0.0,-809.6453909143277,0.0,0.0,-809.6453909143277,0.0,0.0,-870.9821483942447,0.0,525.109993049362,0.0,0.0,130.10378207348475,0.0,0.0,0.0,-443.04202454564097,0.0,443.04202454564097,0.0,266.4867702145905,0.0,0.0,0.0,0.0,0.0,0.0,-229.31025055033547,-0.19321443948943787,0.0,0.0,0.0,0.0,0.12880962632629192,0.0,0.0,0.0,369.0890700626366,-840.9331289838176,0.0,0.0,98.80661573242736,0.0,1000.0,0.0,0.0,0.0,0.0,0.0,0.0,0.0,665.4016165614788,0.0,-665.4016165614788,-1000.0,-1000.0,0.0,0.0,0.0,0.0,0.0,0.0,0.0,0.0,0.0,0.0,0.0,0.0,0.0,0.0,0.0,0.0,0.0,-17.89595075093257,0.0,-1000.0,0.0,0.0,0.0,0.0,0.0,0.0,-227.8847573523243,0.0,0.0,0.0,0.0,0.0,0.0,-322.22884088605906,-6.440481316314596,996.7797593418427,0.0,0.0,-610.4581828652971,0.0,-184.53267067504572,322.22884088605906,0.0,-710.680918759187,-1000.0,604.0177015489825,-664.7009020171183,0.0,0.0,-205.64854921413178,800.9856879052131,38.64288789788758,-250.00000000000023,250.00000000000023,0.0,0.0,0.0,0.0,0.0,-702.6012785823353,702.6012785823353,702.6012785823353,-1000.0,0.0,0.0,0.0,0.0,0.0,364.1038236308962,0.0,0.0,-22.68766885027128,0.0,0.0,0.0,0.0,0.0,0.0,0.0,-987.1190373673708,0.25761925265244107,0.0,0.0,0.0,0.0,0.0,0.0,0.0,0.0,0.0,0.0,0.0,0.0,0.0,0.0,0.0,0.0,0.0,0.0,0.0,0.1416905889588197,0.1416905889588197,0.0,0.0,0.0,77.28577579577517,0.0,0.0,0.0,-342.934593699511,0.0,0.0,217.96641612519983,0.0,0.0,1000.0,342.934593699511,0.0,0.0,0.0,0.0,0.0,0.0,0.0,0.0,0.0,0.0,0.0,0.0,0.0,239.61807048231427,-369.0890700626366,552.4464582225105,0.0,227.8847573523243,0.0,0.0,354.2750753768698,125.00000000000001,0.0,1000.0,0.0,12.880962632629192,0.0,0.0,0.0,702.6012785823353,0.0,0.0,0.0,0.0,0.0,0.0,0.0,0.0,0.0,0.0,0.0,0.0,0.0,77.28577579577517,0.0,0.0,0.0,0.0,0.0,0.0,0.0,0.0,0.0,0.0,0.0,0.0,1.2880962632629194,0.0,0.0,217.96641612519983,-217.96641612519983,0.0,0.0,0.0,0.0,38.64288789788758,0.0,0.0,0.0,0.0,0.0,0.0,0.0,0.0,0.0,0.0,13.138581885281777,0.0,0.0,38.64288789788758,38.64288789788758,1000.0,342.934593699511,0.0,0.0,0.0,0.0,0.0,0.0,0.0,1000.0,364.1038236308962,941.5232800828154,0.12880962632629192,0.0,0.0,0.0,170.11151293905797,267.87374780636964,0.0,-354.2750753768698,0.0,0.0,0.0,0.0,0.0,0.0,0.0,0.0,0.0,0.0,0.0,0.0,0.0,0.0,0.12880962632629192,0.0,0.0,0.0,0.0,0.0,0.0,0.0,0.0,0.0,-227.8847573523243,0.0,0.0,0.0,-982.1040492490674,-9.660721974471898,0.0,-6.440481316314596,0.0,0.0,0.0,0.0,0.0,0.0,0.0,0.0,0.0,0.0,0.0,0.0,0.0,0.0,0.0,807.4261692215277,0.0,0.0,0.0,-0.12880962632629192,0.0,0.0,0.12880962632629192,0.0,0.12880962632629192,0.0,520.6081213864068,0.0,77.28577579577517,157.14774411807616,157.14774411807616,0.0,0.0,0.0,0.0,0.0,0.0,0.0,552.4464582225105,0.0,364.1038236308962,0.0,0.0,0.0,676.4921253881724,0.0,0.0,0.0,0.0,0.0,0.0,0.0,0.0,0.0,0.0,0.0,0.0,0.0,229.27507537686975,0.0,0.0,0.0,0.19321443948943787,0.0,0.0,0.0,-38.64288789788758,0.0,0.0,0.0,0.0,0.0,0.0,6.440481316314596,0.0,0.0,0.0,0.0,-562.9941901446762,0.0,-6.440481316314596,0.0,0.0,0.0,0.0,0.0,0.0,0.0,0.0,0.0,0.0,-216.13649349158797,-702.6012785823353,0.0,310.23326533974074,267.87374780636964,0.0,0.0,0.0,0.0,0.0,-157.14774411807616,0.0,6.440481316314596,281.4020901950345,0.0,0.0,0.0,-458.62050110067094,0.0,0.0,0.0,0.0,0.0,0.0,0.0,0.0,0.0,1000.0,-19.321443948943738,157.14774411807616,0.0,750.0,750.0,-750.0,0.0,0.0,0.0,0.0,0.0,0.0,0.0,0.0,9.660721974471898,-170.11151293905797,-17.249007081633607,0.0,38.64288789788758,217.96641612519983,0.0,0.0,0.0,-495.16963901276404,0.0,0.0,0.1416905889588197,0.0,0.0,0.0,78.57387205903808,0.0,0.0,0.0,0.0,-396.02969124697273,0.0,0.0,0.0,0.0,0.0,0.0,0.0,0.0,0.0,0.0,0.012880962632629193,0.012880962632629193,0.0,0.0,0.0,0.0,0.0,0.0,0.0,0.0,0.0,0.0,0.0,0.0,0.0,0.0,0.0,0.0,0.0,0.0,0.0,0.0,0.0,0.0,0.0,0.0,0.0,0.0,0.0,435.93283225039966,0.0,458.62050110067094,237.2184848669138,0.0,0.0,0.0,77.28577579577517,0.0,0.0,0.0,0.0,0.0,0.0,-77.28577579577517,0.0,435.93283225039966,0.0,0.0,0.0,0.0,0.0,0.0,0.0,0.0,0.0,0.0,-941.5232800828154,-1000.0,764.7267194216824,0.0,-38.64288789788758,0.0,981.5888107437621,0.0,0.0,0.0,0.0,0.0,0.0,0.0,0.0,0.0,0.0,0.0,0.0,0.0,0.0,0.0,0.0,0.0,-16.101203290786493,0.0,-9.660721974471898,686.1528473626444,0.0,0.0,0.0,0.0,0.0,0.0,-1.6101203290786492,22.68766885027128,0.0,0.0,0.0,0.0,0.0,0.0,0.0,1000.0,38.64288789788758,38.64288789788758,0.0,0.0,0.0,0.0,118.53269149597786,0.1416905889588197,0.0,0.0,0.0,-981.5888107437621,0.0,0.0,0.0,0.0,0.0,0.0,0.0,0.0,0.0,0.0,0.0,0.0,0.0,0.0,260.3040606932034,0.0,0.0,0.0,0.0,135.25010764260654,227.8847573523243,0.0,0.0,0.0,0.0,0.0,0.0,0.0,-4.147669967707088,0.0,0.0,0.0,-16.101203290786493,0.0,0.0,0.0,0.0,0.0,0.0,0.0,0.0,0.0,0.0,0.0,0.0,0.0,0.0,0.0,0.0,0.0,0.0,-0.12880962632629192,0.0,0.0,6.440481316314596,-1000.0,0.0,0.0,0.0,0.0,0.0,0.0,0.0,0.0,-665.4016165614788,3.220240658157298,0.0,0.0,0.0,0.12880962632629192,0.0,128.80962632629192,-39.930984161150505,25.761925265258384,0.9200687594735137,359.37885745035453,-0.09660721974471893,6.440481316314596,2.5761925265258387,-0.6440481316316209,-359.37885745035453,38.642887897887576,-0.12880962632629192,0.0,0.0,0.03220240658157298,0.9200687594735137,0.0,-238.47290863634598,-2.5761925265258387,-396.28535588309614,-0.12880962632629192,0.03220240658157298,-359.37885745035453,12.880962632629192,0.12880962632629192,0.12880962632629192,0.2705002152851116,-217.82472553624092,-941.5303610912151,-0.09660721974471893,38.64288789788758,0.12880962632629192,38.64288789788758,-64.40481316314597,-0.06440481316314596,260.954248884053,-242.28484763582523,-0.09660721974471893,-0.12880962632629192,-39.930984161150505,0.12880962632629192,12.880962632629178,-2.5761925265258387,229.27507537686975,229.27507537686975,-12.880962632629192,396.28535588309614,-229.27507537686975,25.761925265258384,0.19321443948943787,-645.3387473999707,12.880962632629192,-239.61807048231427,0.0,-25.761925265258384,0.06440481316314596,1.2880962632629194,0.0,-676.839353317077,-0.12880962632629192,-28.982165923415636,-0.2705002152851116,39.930984161150505,0.12880962632629192,238.47290863634598,-154.57155159155042,0.0,-0.12880962632629192,-0.03220240658157298,0.0,-0.12880962632629192,-987.1190373673708,0.12880962632629192,-0.03220240658157298,-0.03220240658157298,-0.03220240658157298,51.52385053051677,64.40481316314597,1.2880962632629194,95.43183190449267,-0.03220240658157298,0.0,6.440481316314596,500.0,0.12880962632629192,0.06440481316314596,0.06440481316314596,12.880962632629192,39.930984161150505,0.12880962632629192,-39.930984161150505,1.2880962632629194,0.12880962632629192,-95.43183190449267,0.12880962632629192,0.5152385053053194,0.6440481316316209,0.06440481316314596,0.03220240658157298,38.64288789788758,-0.12880962632629192,941.5303610912151,1.2880962632629194,-190.86366380898534,3.2202406581572998,-12.880962632629178,25.761925265258384,6.440481316314596,-0.12880962632629192,0.0,0.19321443948943787,-0.12880962632629192,-25.761925265258384,39.930984161150505,705.8664110442904,0.06440481316314596,-1000.0,-0.12880962632629217,-0.12880962632629192,-0.12880962632629192,0.06440481316314596,359.37885745035453,-25.761925265258384,0.12880962632629192,0.0,-0.03220240658157298,217.82472553624092,0.0,19.321443948943788,242.28484763582523,190.00599215708087,359.37885745035453,-0.09660721974471893,28.982165923415636,676.839353317077,0.12880962632629192,-0.03220240658157299,6.440481316314596,128.80962632629192,-0.06440481316314596,-0.12880962632629192,0.03220240658157298,0.0,0.0,516.2564909810523,0.0,-707.3847770864276,0.0,460.9047526674432,42.74198353434477,0.0,-814.4640852842715,706.364326928372,216.45126761751135,-129.01785160575525,407.23204264213575,353.6923885432138,-353.182163464186,0.0,-21.370991767172384,0.0,-210.69677203152642,129.01785160575525,-216.45126761751135,-210.69677203152642,-460.9047526674432,301.2976708131822,0.0,1496.5981,bhi
33,0.0,0.0,0.0,0.0,0.0,0.0,0.0,0.0,-0.1790693797760126,0.0,0.0,0.0,0.0,0.0,0.0,0.0,850.375826998931,-614.0420997883946,0.0,0.0,0.0,0.0,0.0,0.0,0.0,519.1830342522032,0.0,0.0,0.0,856.4449170343713,0.0,0.0,580.5442353909132,0.0,0.0,0.0,0.0,-130.23593557670353,0.0,-1000.0,946.2791860671962,0.0,-813.5572822589545,-1000.0,0.0,0.0,0.0,0.0,-1000.0,0.0,0.0,1000.0,0.0,0.19697631775347288,0.0,0.0,0.0,35.81387595520252,0.0,0.0,84.35021985698152,0.0,1000.0,783.1592001243309,0.0,0.0,0.0,0.0,301.1910197326506,0.0,0.0,1.790693797760126,0.0,0.0,0.0,0.0,0.0,0.0,0.0,0.0,0.0,0.0,0.0,0.0,107.44162786560756,0.0,0.0,890.5800141436933,1000.0,-741.6113646739552,614.6726909076729,0.0,0.0,0.0,53.72081393280378,0.0,53.72081393280378,0.0,0.0,0.0,0.0,841.8382476544325,856.4449170343713,0.0,0.0,-415.49833131603714,0.0,0.0,0.0,0.0,0.0,0.0,0.0,0.0,0.0,0.0,0.0,0.0,0.0,0.0,0.0,0.0,0.0,0.0,-1000.0,0.0,0.0,53.72081393280378,0.0,55.5115077305639,48.28554356131377,0.0,495.1420836007796,-495.1420836007796,0.0,0.0,-301.1910197326506,0.0,0.0,0.0,0.0,0.0,0.0,0.0,0.0,13.78834224275297,0.1790693797760126,614.7174582526169,0.0,0.0,-777.1501119677771,741.3362360125745,0.0,0.0,0.0,0.0,1000.0,0.0,0.0,0.0,0.0,0.0,999.820930620224,999.820930620224,0.0,0.0,0.0,0.0,-275.1119550427923,0.0,0.0,1000.0,0.0,0.0,0.0,0.0,-107.38478036459469,0.0,0.0,0.0,0.0,0.0,0.0,0.0,0.0,0.0,0.0,0.0,0.0,0.0,0.0,-1000.0,0.0,0.0,0.0,0.0,0.0,0.0,-186.44271774104556,-258.3886353260448,258.3886353260448,0.0,0.0,0.0,0.0,0.0,0.0,0.0,0.0,484.82666442793413,0.0,0.0,0.0,0.0,0.0,0.0,0.0,0.0,0.0,0.0,0.0,0.0,0.0,0.0,-315.28475233242426,-520.3780262922568,0.0,0.0,0.0,0.0,205.7836219308953,0.0,0.0,0.0,0.0,84.35021985698152,479.6219737077432,0.0,0.0,792.9572535725175,0.0,0.0,0.0,0.0,0.0,853.7184926052286,0.0,0.0,0.0,108.49585825531176,553.327211322402,-554.2513389233968,0.0,520.3780262922568,0.0,0.0,301.1910197326506,-32.053418979906255,0.0,0.0,0.0,-117.95991472146108,0.0,0.0,-192.09609778038657,0.0,0.0,-192.09609778038657,0.0,0.0,741.6113646739552,0.0,236.98925074186718,0.0,0.0,390.39103476680737,0.0,0.0,0.0,-1000.0,0.0,1000.0,0.0,1000.0,301.1910197326506,0.0,0.0,0.0,0.0,0.0,84.35021985698152,-0.2686040696640189,0.0,0.0,0.0,0.0,0.1790693797760126,0.0,0.0,0.0,-113.22292846892765,850.375826998931,0.0,-276.99888754402474,-151.31941189703565,107.38478036459469,1000.0,0.0,1000.0,0.0,-415.49833131603714,0.0,0.0,0.0,-15.417873598714541,-234.48398427320853,-750.0981421280769,-1000.0,-1000.0,0.0,0.0,0.0,0.0,0.0,0.0,0.0,0.0,0.0,0.0,0.0,0.0,0.0,0.0,0.0,0.0,792.9572535725175,-800.9411441760545,0.0,-670.1761410811296,0.0,0.0,847.9524585764399,1000.0,0.0,0.0,-867.5068348479815,0.0,0.0,0.0,0.0,832.8847786656319,0.0,-15.027492384790776,0.0,775.5381345048578,-66.70703545944207,-463.5024221659081,0.0,-367.4464130383302,876.4276352980062,15.027492384790776,-925.3958583216165,1000.0,-780.014868999258,-8.95346898880063,0.0,0.0,-417.5861165870588,404.50082072395236,0.0,53.72081393280378,0.0,0.0,0.0,389.1970782000222,0.0,0.0,0.0,0.0,0.0,0.0,-674.8986196257288,0.0,0.0,-0.3581387595520252,0.0,0.0,0.0,0.0,0.0,-132.49058001868755,0.0,0.0,0.0,0.0,0.0,0.0,0.0,-404.8194422204306,0.3581387595518267,0.0,0.0,0.0,0.0,0.0,0.0,0.0,0.0,0.0,0.0,0.0,0.0,0.0,0.0,0.0,0.0,0.0,0.0,0.0,0.19697631775347288,0.19697631775347288,0.0,17.904847183650702,0.0,107.44162786560756,0.0,0.0,0.0,-847.3353146062072,0.0,0.0,0.0,0.0,0.0,551.5640251454388,847.3353146062072,0.0,0.0,0.0,0.0,0.0,0.0,0.0,0.0,0.0,0.0,0.0,0.0,0.0,333.3333333333333,113.22292846892765,35.81387595520252,0.0,13.78834224275297,0.0,0.0,0.0,-205.7836219308953,0.0,546.1675299836979,0.0,146.74458292500822,0.0,0.0,0.0,0.0,0.0,0.0,0.0,0.0,0.0,0.0,0.0,0.0,0.0,0.0,0.0,0.0,0.0,107.44162786560756,301.1910197326506,301.1910197326506,0.0,0.0,0.0,0.0,0.0,0.0,0.0,0.0,0.0,0.0,1.790693797760126,0.0,0.0,0.0,0.0,0.0,-186.44271774104556,0.0,0.0,53.72081393280378,0.0,0.0,0.0,0.0,0.0,0.0,0.0,0.0,0.0,0.0,0.0,-453.39008585423755,0.0,53.72081393280378,53.72081393280378,492.78966310006433,847.3353146062072,0.0,0.0,0.0,0.0,0.0,0.0,0.0,-245.61101420613977,0.0,-124.16738720015373,0.1790693797760126,0.0,0.0,0.0,43.34452308893772,0.0,0.0,0.0,0.0,-301.1910197326506,0.0,0.0,0.0,0.0,0.41511501244160254,0.0,0.0,0.0,0.0,0.0,0.0,0.0,0.1790693797760126,0.0,0.0,0.0,-760.1867266952646,760.1867266952646,0.0,0.0,0.0,0.0,0.0,-19.554376271541628,0.0,0.0,130.76500309492496,-13.430203483200946,-8.953468988800637,0.0,0.0,0.0,0.0,0.0,0.0,0.0,0.0,0.0,0.0,0.0,0.0,301.1910197326506,107.38478036459469,0.0,0.0,-408.6326475982582,0.0,0.0,0.0,-0.1790693797760126,0.0,0.0,0.1790693797760126,0.0,0.1790693797760126,1.2453450373248076,0.0,0.0,107.44162786560756,218.46464332673534,218.46464332673534,0.0,0.0,0.0,0.0,0.0,0.0,0.0,35.81387595520252,0.0,0.0,0.0,0.0,0.0,0.0,0.0,0.0,0.0,0.0,0.0,0.0,0.0,0.0,0.0,0.0,0.0,0.0,0.0,205.7836219308953,0.0,-517.9376892148784,517.9376892148784,0.2686040696640189,0.0,0.0,0.0,-53.72081393280378,0.0,0.0,0.0,0.0,0.0,-17.904847183650702,8.95346898880063,0.0,0.0,0.0,0.0,275.1119550427923,867.5068348479815,0.0,0.0,0.0,0.0,0.0,0.0,0.0,0.0,301.1910197326506,0.0,0.0,0.0,17.904847183650702,0.0,1000.0,-415.49833131603714,0.0,0.0,0.0,0.0,0.0,-250.51806230664164,0.0,8.953468988800637,1000.0,0.0,0.0,0.0,-132.49058001868755,0.0,0.0,-375.00000000031827,375.00000000031827,0.0,0.0,0.0,0.0,0.0,31.33505066685165,-58.195457633253454,218.46464332673534,0.0,0.0,0.0,0.0,0.0,0.0,0.0,0.0,0.0,853.7184926052286,0.0,0.0,0.0,-43.34452308893772,0.0,-813.5572822589545,53.72081393280378,0.0,0.0,0.0,0.0,-228.80667384834328,0.0,0.0,0.19697631775347288,0.0,0.0,0.0,109.23232166336767,0.0,0.0,0.0,0.0,-315.28475233242426,0.0,0.0,0.0,0.0,0.0,0.0,0.0,0.0,164.03162418435323,0.0,0.01790693797760126,0.01790693797760126,0.0,0.0,0.0,0.0,0.0,1.2453450373248076,0.0,0.0,0.0,0.0,0.0,0.0,0.0,0.0,0.0,17.904847183650702,0.0,0.0,0.0,0.0,0.0,0.0,0.0,0.0,0.0,0.0,0.0,0.0,751.2981869986836,0.0,-614.0420997883946,0.0,0.0,0.0,107.44162786560756,0.0,0.0,0.0,0.0,0.0,0.0,-107.44162786560756,0.0,0.0,0.0,0.0,0.0,0.0,0.0,0.0,0.0,0.0,0.0,0.0,124.16738720015373,-389.16609717176846,122.66252514656864,0.0,-53.72081393280378,0.0,-131.48128061402832,0.0,0.0,0.0,0.0,0.0,0.0,0.0,0.0,0.0,937.5,0.0,-937.5,-937.5,0.0,0.0,0.0,0.0,-22.383672472001585,301.1910197326506,-846.3149821488328,44.76525415005261,0.0,0.0,0.0,0.0,0.0,-2.238367247200158,0.0,132.49058001868755,0.0,0.0,0.0,0.0,0.0,0.0,0.0,1000.0,53.72081393280378,53.72081393280378,0.0,0.0,0.0,0.0,0.0,0.19697631775347288,17.904847183650702,0.0,0.0,130.23593557670353,0.0,0.0,0.0,0.0,0.0,0.0,0.0,0.0,0.0,0.0,0.0,0.0,0.0,0.0,0.0,0.0,0.0,48.28554356131377,0.0,188.02284876481323,0.0,0.0,13.78834224275297,0.0,0.0,0.0,17.904847183650702,0.0,-28.507845260342286,0.0,0.0,0.0,-22.383672472001585,0.0,0.0,0.0,0.0,0.0,0.0,0.0,0.0,0.0,0.0,0.0,0.0,0.0,0.0,0.0,0.0,0.0,0.0,-0.1790693797760126,0.0,0.0,8.95346898880063,-551.5640251454388,0.0,0.0,0.0,0.0,301.1910197326506,0.0,0.0,0.0,15.417873598714541,4.476734494400315,0.0,0.0,519.1830342522032,0.1790693797760126,0.0,179.0693797760126,-7.225964169250176,35.81387595520252,1.27906699840009,596.1746566977026,-0.13430203483200945,925.3958583216165,3.581387595520252,0.3499981384454145,-596.1746566977026,53.72081393280378,-0.1790693797760126,138.49944377201237,0.0,0.04476734494400315,1.27906699840009,-415.49833131603714,-28.507845260342286,-3.581387595520252,-236.33372721053638,-0.1790693797760126,0.04476734494400315,-596.1746566977026,17.90693797760126,0.1790693797760126,0.1790693797760126,-17.528801486121214,0.19697631775361385,-154.3670149792694,-0.13430203483200945,53.72081393280378,0.1790693797760126,53.72081393280378,-89.5346898880063,-0.0895346898880063,-14.63632238865631,-223.86962928827256,-0.13430203483200945,-0.1790693797760126,-7.225964169250176,0.1790693797760126,17.90693797760126,-3.581387595520252,205.7836219308953,205.7836219308953,-17.90693797760126,236.33372721053638,-205.7836219308953,35.81387595520252,0.2686040696640189,-1000.0,17.90693797760126,-333.3333333333333,0.0,-35.81387595520252,0.0895346898880063,1.790693797760126,69.24972188600618,53.71872313885322,-0.1790693797760126,-58.195457633253454,17.528801486121214,55.5115077305639,0.1790693797760126,28.507845260342286,-214.88325573121517,0.0,-0.1790693797760126,-0.04476734494400315,0.0,-0.1790693797760126,-404.8194422204306,0.1790693797760126,-0.04476734494400315,-0.04476734494400315,-0.04476734494400315,71.62775191040504,89.5346898880063,1.790693797760126,132.66802674155434,-0.04476734494400315,0.0,8.95346898880063,211.36319009901592,0.1790693797760126,0.0895346898880063,0.0895346898880063,-132.68857188872403,7.225964169250176,0.1790693797760126,-7.225964169250176,1.790693797760126,0.1790693797760126,-132.66802674155434,0.1790693797760126,0.7162775191032895,-0.3499981384454145,0.0895346898880063,0.04476734494400315,53.72081393280378,-0.1790693797760126,154.3670149792694,1.790693797760126,-265.3360534831087,920.9191238272163,-17.90693797760126,35.81387595520252,8.95346898880063,-0.1790693797760126,415.49833131603714,0.2686040696640189,-0.1790693797760126,265.37714377744805,7.225964169250176,783.1228941872542,0.0895346898880063,-422.72638019803185,-0.1790693797760126,-0.1790693797760126,-0.17906937977601262,0.0895346898880063,596.1746566977026,-35.81387595520252,0.1790693797760126,138.49944377201237,-0.04476734494400315,-0.19697631775361385,-138.49944377201237,26.86040696640189,223.86962928827256,428.7068112259132,596.1746566977026,-0.13430203483200945,58.195457633253454,-53.71872313885322,0.1790693797760126,-0.04476734494400314,8.953468988800637,179.0693797760126,-0.0895346898880063,-0.1790693797760126,0.04476734494400315,240.29165091981926,0.0,999.910465310112,0.0,181.94764757858297,0.0,87.50214304681526,-1000.0,0.0,440.42784693632825,665.3859967865412,-1000.0,0.0,-220.21392346816413,-90.97382378929149,-332.6929983932706,0.0,500.0,-17.904847183650702,-554.316220338911,0.0,1000.0,-554.316220338911,-87.50214304681526,142.23923040021458,0.0,1496.5981,bhi
34,0.0,0.0,0.0,0.0,0.0,0.0,0.0,0.0,-0.15216739912419872,0.0,0.0,0.0,0.0,0.0,0.0,0.0,-1000.0,377.8510848418265,0.0,940.8374809260685,0.0,0.0,0.0,1000.0,0.0,0.0,0.0,0.0,0.0,-205.63677695710078,0.0,0.0,303.36304110025026,0.0,0.0,0.0,0.0,799.5778155907448,0.0,-1000.0,918.1327393202012,0.0,0.0,753.452666330756,0.0,0.0,0.0,0.0,205.63677695710078,0.0,0.0,0.0,0.0,0.16738413903676908,0.0,0.0,0.0,0.0,0.0,0.0,79.61229628834381,0.0,199.42721942529943,0.0,0.0,0.0,0.0,0.0,0.0,671.1454488384179,0.0,1.5216739912419872,0.0,0.0,0.0,0.0,0.0,0.0,0.0,0.0,0.0,0.0,0.0,0.0,91.30043947451924,0.0,0.0,148.69265701130774,-889.1666103173444,1000.0,-0.03804184978104968,0.0,0.0,0.0,45.65021973725962,0.0,145.05977827526323,-919.2405713285763,0.0,0.0,0.0,331.92575579185586,-205.63677695710078,0.0,0.0,-217.1021180442033,0.0,777.2027529191828,0.0,0.0,0.0,0.0,0.0,0.0,0.0,0.0,0.0,0.0,0.0,0.0,0.0,0.0,0.0,0.0,-1000.0,0.0,0.0,145.05977827526323,0.0,47.1718937285016,0.0,0.0,0.0,0.0,0.0,0.0,-279.03951571364325,0.0,0.0,0.0,0.0,0.0,0.0,0.0,0.0,11.7168897325633,0.15216739912419872,0.0,0.0,0.0,-396.9362263046825,0.0,0.0,0.0,0.0,0.0,1000.0,0.0,0.0,0.0,0.0,0.0,991.2076995184808,991.2076995184808,0.0,0.0,0.0,0.0,528.1601952306556,0.0,0.0,991.359866917605,0.0,0.0,0.0,169.0477425402401,0.0,0.0,0.0,0.0,0.0,0.0,0.0,0.0,0.0,0.0,0.0,0.0,0.0,0.0,0.0,-1000.0,0.0,0.0,0.0,0.0,0.0,0.0,0.0,-110.83338968265559,110.83338968265559,279.03951571364325,0.0,0.0,0.0,0.0,0.0,0.0,0.0,-436.48648906959767,0.0,0.0,0.0,0.0,0.0,0.0,0.0,0.0,0.0,0.0,0.0,0.0,0.0,0.0,163.79874398296855,1000.0,0.0,0.0,0.0,0.0,-153.61110383049794,0.0,0.0,0.0,0.0,79.61229628834381,246.54733366924404,0.0,0.0,0.0,0.0,0.0,0.0,0.0,0.0,0.0,30.433479824839743,99.40955853800361,0.0,-221.66677936531119,-1000.0,243.49604428575293,0.0,-1000.0,0.0,0.0,279.03951571364325,-753.3609528153438,0.0,0.0,0.0,-108.34910961294807,0.0,0.0,-1000.0,0.0,0.0,-1000.0,0.0,0.0,-1000.0,0.0,853.5257421168308,0.0,0.0,299.11863167336907,0.0,0.0,0.0,-924.1946456054388,0.0,924.1946456054388,0.0,1000.0,0.0,0.0,0.0,0.0,0.0,0.0,79.61229628834381,-0.22825109868629812,0.0,0.0,0.0,0.0,0.15216739912419872,0.0,0.0,0.0,729.5118098415915,-1000.0,0.0,-643.0006785437955,218.5788486411012,0.0,1000.0,0.0,0.0,0.0,-217.1021180442033,0.0,0.0,0.0,-13.101613064593659,13.101613064593659,0.0,-1000.0,170.96713522589607,0.0,0.0,0.0,0.0,0.0,0.0,0.0,0.0,0.0,0.0,0.0,0.0,0.0,0.0,0.0,0.0,0.0,571.9410080771427,0.0,-228.24547711009816,0.0,0.0,914.3407810767777,0.0,0.0,358.1468692960308,-11.716889732563345,0.0,0.0,0.0,50.948425899134016,324.31738583564595,-248.04101037057853,0.0,0.0,0.0,234.93939730598487,-183.06256912293264,0.0,0.0,-255.8418288198676,0.0,-169.76706287403292,1000.0,-3.804184978104968,-7.608369956209936,0.0,0.0,-695.6129102016064,0.0,709.7705181820086,145.05977827526323,0.0,0.0,0.0,0.0,0.0,0.0,0.0,0.0,0.0,0.0,-813.3313617806365,0.0,0.0,-8.944467880643401,0.0,0.0,0.0,0.0,0.0,-119.81492313695563,0.0,0.0,63.19251759546438,0.0,0.0,0.0,0.0,-378.19726059697723,0.30433479824841925,0.0,0.0,0.0,0.0,0.0,0.0,0.0,0.0,0.0,0.0,0.0,0.0,0.0,0.0,0.0,0.0,0.0,0.0,0.0,0.16738413903676908,0.16738413903676908,0.0,177.44167602852335,0.0,91.30043947451924,0.0,0.0,0.0,1000.0,0.0,0.0,0.0,0.0,0.0,589.6024009911895,-1000.0,0.0,0.0,0.0,0.0,0.0,63.19251759546438,0.0,0.0,0.0,0.0,0.0,0.0,0.0,333.3333333333333,-729.5118098415915,396.9362263046825,0.0,11.7168897325633,0.0,0.0,0.0,-125.42841188314533,0.0,589.6024009911895,0.0,1000.0,-788.5948596057877,0.0,0.0,0.0,0.0,0.0,0.0,0.0,0.0,0.0,0.0,0.0,0.0,0.0,0.0,0.0,0.0,91.30043947451924,279.03951571364325,279.03951571364325,0.0,0.0,0.0,0.0,0.0,0.0,0.0,0.0,0.0,0.0,1.5216739912419872,0.0,0.0,0.0,0.0,0.0,0.0,0.0,0.0,145.05977827526323,0.0,0.0,0.0,0.0,0.0,0.0,0.0,0.0,0.0,0.0,9.96310060914675,0.0,0.0,45.65021973725962,45.65021973725962,1000.0,-1000.0,0.0,63.19251759546438,0.0,0.0,0.0,0.0,0.0,205.63677695710078,0.0,315.8879790591013,0.15216739912419872,0.0,0.0,-799.0412112566207,1000.0,0.0,0.0,0.0,0.0,0.0,0.0,0.0,0.0,0.0,0.0,0.0,0.0,0.0,0.0,0.0,0.0,0.0,0.15216739912419872,0.0,0.0,0.0,-880.0933633476322,880.0933633476322,0.0,0.0,0.0,0.0,0.0,902.6238913442144,0.0,0.0,-800.1864851872408,-11.412554934314905,-7.608369956209927,0.0,0.0,-125.00000000000001,-125.00000000000001,125.00000000000001,0.0,0.0,0.0,0.0,0.0,0.0,0.0,279.03951571364325,0.0,0.0,0.0,21.765977936612103,0.0,0.0,0.0,-0.15216739912419872,0.0,0.0,0.15216739912419872,0.0,0.15216739912419872,0.0,671.1454488384179,0.0,91.30043947451924,185.64422693152244,185.64422693152244,0.0,0.0,0.0,0.0,0.0,0.0,0.0,396.9362263046825,0.0,0.0,0.0,0.0,0.0,0.0,0.0,0.0,0.0,0.0,0.0,0.0,0.0,0.0,0.0,0.0,0.0,0.0,0.0,125.42841188314533,0.0,-252.87049397524552,252.87049397524552,0.22825109868629806,0.0,0.0,0.0,-145.05977827526323,0.0,0.0,0.0,0.0,0.0,-177.44167602852335,7.608369956209936,0.0,0.0,0.0,0.0,-528.1601952306556,-852.3152256921275,0.0,0.0,0.0,0.0,0.0,0.0,0.0,0.0,279.03951571364325,0.0,0.0,896.0841550478799,177.44167602852335,0.0,582.5344358209272,-217.1021180442033,0.0,-864.0321154246908,0.0,864.0321154246908,0.0,-939.0051797468662,0.0,7.608369956209934,408.58618656388916,0.0,0.0,0.0,-119.81492313695563,0.0,0.0,0.0,0.0,0.0,0.0,0.0,0.0,0.0,0.0,-22.825109868629752,185.64422693152244,0.0,0.0,0.0,0.0,0.0,0.0,0.0,0.0,0.0,0.0,0.0,0.0,188.85423096283824,-200.95878874337927,0.0,0.0,45.65021973725962,0.0,0.0,0.0,0.0,43.78361636892288,0.0,0.0,0.16738413903676908,0.0,0.0,0.0,92.82211346576122,0.0,0.0,0.0,0.0,163.79874398296855,0.0,0.0,0.0,0.0,0.0,0.0,0.0,0.0,669.3174330127708,0.0,0.015216739912419872,0.015216739912419872,0.0,0.0,0.0,0.0,0.0,0.0,0.0,0.0,0.0,-799.0412112566207,0.0,0.0,0.0,0.0,0.0,177.44167602852335,0.0,0.0,0.0,0.0,0.0,0.0,0.0,0.0,0.0,0.0,0.0,0.0,-1000.0,1000.0,377.8510848418265,0.0,0.0,0.0,91.30043947451924,0.0,0.0,0.0,0.0,0.0,0.0,-91.30043947451924,0.0,0.0,0.0,0.0,0.0,0.0,0.0,0.0,0.0,0.0,0.0,0.0,855.0791561667947,-1000.0,104.23466840007612,250.00000000000023,-395.05977827526345,0.0,799.5778155907448,0.0,0.0,0.0,0.0,0.0,0.0,0.0,0.0,0.0,0.0,0.0,0.0,0.0,0.0,0.0,0.0,0.0,-19.02092489052483,279.03951571364325,-335.7299407699609,11.412554934314905,0.0,0.0,0.0,0.0,0.0,-1.902092489052484,0.0,119.81492313695563,0.0,0.0,0.0,0.0,0.0,0.0,0.0,1000.0,45.65021973725962,45.65021973725962,0.0,0.0,0.0,0.0,0.0,0.16738413903676908,177.44167602852335,0.0,0.0,-799.5778155907448,0.0,0.0,0.0,0.0,0.0,0.0,0.0,0.0,0.0,0.0,0.0,0.0,0.0,0.0,462.0079714068317,0.0,0.0,0.0,0.0,159.77576908040868,0.0,0.0,11.7168897325633,0.0,0.0,0.0,177.44167602852335,0.0,839.807065484119,0.0,0.0,0.0,-19.02092489052483,0.0,0.0,0.0,0.0,0.0,0.0,0.0,0.0,0.0,0.0,0.0,0.0,0.0,0.0,0.0,0.0,0.0,0.0,-0.15216739912419872,0.0,0.0,7.608369956209936,-589.6024009911895,0.0,0.0,0.0,0.0,279.03951571364325,0.0,0.0,0.0,13.101613064593659,3.804184978104968,0.0,0.0,0.0,0.15216739912419872,0.0,152.1673991241987,-47.1718937285016,30.433479824839747,1.0869099937442765,424.5470435565144,-0.11412554934314903,169.76706287403292,3.0433479824839744,-0.7608369956202523,-424.5470435565144,45.65021973725962,-0.15216739912419872,72.36737268140111,63.19251759546438,0.03804184978104968,1.0869099937442765,-217.1021180442033,-24.225049940571807,-3.0433479824839744,-318.6885657678949,-0.15216739912419872,0.03804184978104968,-424.5470435565144,498.07210198802187,0.15216739912419872,0.15216739912419872,-177.12212449036238,0.16738413903661858,-247.3560656088209,-0.11412554934314903,45.65021973725962,0.15216739912419872,145.05977827526323,23.325858975904254,-0.07608369956209936,-318.4396983027725,138.24219651895385,-0.11412554934314903,-0.15216739912419872,-47.1718937285016,0.15216739912419872,15.216739912419872,-3.0433479824839744,125.42841188314533,125.42841188314533,-15.216739912419882,318.6885657678949,-125.42841188314533,30.433479824839743,0.22825109868629806,-264.9090292759395,15.216739912419872,-333.3333333333333,63.19251759546438,-30.433479824839743,0.07608369956209936,1.5216739912419872,160.75016963594888,207.87515585336308,-0.15216739912419872,-211.67934083146798,177.12212449036238,47.1718937285016,0.15216739912419872,24.225049940571807,-701.6732819671795,63.19251759546438,-0.15216739912419872,-0.03804184978104968,-63.19251759546438,-0.15216739912419872,-378.19726059697723,0.15216739912419872,-0.03804184978104968,-0.03804184978104968,-0.03804184978104968,60.86695964967949,-23.325858975904254,1.5216739912419872,223.45628595945038,-0.03804184978104968,249.13296659049666,7.608369956209936,196.70700025469856,0.15216739912419872,0.07608369956209936,0.07608369956209936,46.81299871015206,47.1718937285016,0.15216739912419872,-47.1718937285016,1.5216739912419872,0.15216739912419872,-444.89481422607525,0.15216739912419874,0.6086695964960427,0.7608369956202523,0.07608369956209936,0.03804184978104968,45.65021973725962,-0.15216739912419872,247.3560656088209,1.5216739912419872,-446.91257191890077,165.96287789592796,-15.216739912419872,30.433479824839743,7.608369956209936,-0.15216739912419874,217.1021180442033,0.22825109868629806,-0.15216739912419872,-93.62599742030412,47.1718937285016,358.20375246672603,0.07608369956209936,-393.4140005093971,-0.15216739912419872,-0.15216739912419872,-0.15216739912419872,0.07608369956209936,424.5470435565144,-30.433479824839743,0.15216739912419872,321.50033927189776,-0.03804184978104968,-0.16738413903661858,-321.50033927189776,22.825109868629806,-138.24219651895385,-440.8051048640323,424.5470435565144,-0.11412554934314903,211.67934083146798,-207.87515585336308,0.15216739912419872,-0.03804184978104967,58.55679585534395,152.1673991241987,-0.07608369956209936,-0.15216739912419872,0.03804184978104968,646.8856711355475,0.0,264.83294557637737,221.43852826662487,-1000.0,0.0,104.18884752893402,-523.8280586650985,482.855362075602,-479.96142182477433,1000.0,-216.03168934108447,0.0,239.98071091238717,500.0,-500.0,-482.855362075602,261.91402933254926,-177.44167602852335,-401.9873688356489,0.0,216.03168934108447,-401.9873688356489,-104.18884752893402,395.32269479184686,0.0,1496.5981,bhi
35,0.0,0.0,0.0,0.0,0.0,0.0,0.0,0.0,-0.16025615925749667,0.0,0.0,0.0,0.0,0.0,0.0,0.0,-544.979616536338,915.0634098627122,0.0,0.0,0.0,0.0,0.0,149.09135701717238,0.0,662.9605034819731,0.0,0.0,0.0,-659.2423046623619,0.0,0.0,743.5334555271056,0.0,0.0,0.0,0.0,956.9656544223965,0.0,-1000.0,951.923152222751,0.0,-896.8233272887913,0.0,0.0,0.0,0.0,0.0,785.8168260615886,0.0,0.0,0.0,0.0,0.1762817751831202,0.0,0.0,0.0,0.0,0.0,0.0,-118.23257017357359,0.0,777.3219057996633,614.1848849671687,0.0,0.0,0.0,0.0,0.0,0.0,0.0,1.602561592574967,0.0,0.0,0.0,0.0,0.0,0.0,0.0,0.0,0.0,0.0,0.0,0.0,96.15369555449801,0.0,119.0874946346036,-186.08051401563853,23.681932806773887,884.3260852876922,-0.040064039814374175,0.0,0.0,344.46818991058865,48.07684777724901,0.0,48.07684777724901,0.0,0.0,0.0,0.0,8.012807962874835,-1000.0,0.0,0.0,-64.41044040127247,533.3906756090755,0.0,0.0,0.0,0.0,0.0,0.0,0.0,0.0,0.0,0.0,0.0,0.0,0.0,0.0,0.0,0.0,0.0,-890.5397499657356,0.0,0.0,48.07684777724901,0.0,49.679409369823965,0.0,0.0,-218.9064790036223,218.9064790036223,0.0,0.0,0.0,0.0,0.0,-44.904450658921036,0.0,0.0,0.0,0.0,0.0,131.42721889743083,0.16025615925752845,0.0,0.0,0.0,0.0,-708.8608122697799,0.0,0.0,0.0,0.0,1000.0,0.0,0.0,0.0,0.0,0.0,999.8397438407425,999.8397438407425,0.0,0.0,0.0,0.0,-34.00535079010797,0.0,0.0,1000.0,0.0,0.0,0.0,1000.0,-216.7385557573706,0.0,0.0,0.0,0.0,0.0,0.0,0.0,0.0,0.0,-1000.0,0.0,0.0,0.0,0.0,-1000.0,0.0,0.0,0.0,0.0,0.0,0.0,896.8233272887913,-908.008018094466,908.008018094466,44.904450658921036,0.0,0.0,0.0,0.0,0.0,0.0,340.75769533763804,831.5214709335625,0.0,0.0,0.0,0.0,0.0,0.0,0.0,0.0,0.0,0.0,0.0,0.0,0.0,0.0,16.886355485373286,-478.41823215168006,0.0,0.0,0.0,0.0,33.067383900409965,0.0,0.0,0.0,0.0,-118.23257017357359,-478.41823215168006,0.0,0.0,0.0,0.0,0.0,0.0,0.0,0.0,17.640855678767025,32.05123185149934,0.0,0.0,339.106084512468,373.97270812491695,588.5516212402754,0.0,478.41823215168006,0.0,0.0,44.904450658921036,0.0,0.0,0.0,0.0,-261.0418951229292,0.0,0.0,-1000.0,-1000.0,0.0,0.0,0.0,1000.0,-884.3260852876922,0.0,-592.680920277704,0.0,0.0,369.14284976908476,0.0,0.0,0.0,915.2398502259235,0.0,-915.2398502259235,0.0,642.4170037776743,0.0,0.0,1000.0,0.0,0.0,0.0,-118.23257017357359,-0.24038423888624502,0.0,0.0,0.0,0.0,0.16025615925749667,0.0,0.0,0.0,856.310461984653,-544.979616536338,0.0,-286.5423094604021,304.52872706474324,216.7385557573706,1000.0,0.0,0.0,0.0,-64.41044040127247,0.0,0.0,0.0,72.51528151002371,0.0,-72.51528151002371,-1000.0,-1000.0,0.0,0.0,0.0,0.0,0.0,0.0,0.0,0.0,0.0,0.0,0.0,0.0,0.0,0.0,0.0,0.0,0.0,-42.3933209405733,0.0,-1000.0,0.0,0.0,12.480607350675427,0.0,0.0,0.0,-149.0680745761979,0.0,0.0,0.0,0.0,0.0,367.5910606839575,1000.0,-569.3399487506921,0.0,-367.5910606839575,-1000.0,605.0986679726805,0.0,-229.5829737522896,-1000.0,561.3271407878173,638.1334800169577,-4.006403981437417,-613.1114759355553,-511.2623529712797,0.0,0.0,0.0,146.7822905024231,48.07684777724901,0.0,0.0,0.0,0.0,0.0,0.0,0.0,0.0,0.0,0.0,-967.6407914502269,0.0,0.0,0.0,0.0,0.0,340.75769533763804,0.0,0.0,-43.194601736861024,0.0,0.0,0.0,0.0,0.0,0.0,0.0,-206.6606289525801,0.32051231851510037,0.0,0.0,0.0,0.0,0.0,0.0,0.0,0.0,0.0,0.0,0.0,0.0,0.0,0.0,0.0,0.0,0.0,0.0,0.0,0.1762817751831202,0.1762817751831202,0.0,45.08292912948803,0.0,96.15369555449801,0.0,0.0,0.0,1000.0,0.0,161.68820993091234,119.0874946346036,0.0,0.0,490.2925713154761,-1000.0,0.0,0.0,0.0,0.0,0.0,0.0,0.0,0.0,0.0,0.0,0.0,0.0,0.0,296.84658332191185,-856.310461984653,175.4701366607044,0.0,131.42721889743083,0.0,-655.5318100894114,1000.0,922.028165440669,0.0,490.2925713154761,0.0,283.631942362896,0.0,-750.0000000001922,750.0000000001922,0.0,0.0,0.0,0.0,0.0,0.0,0.0,0.0,0.0,0.0,0.0,0.0,0.0,0.0,96.15369555449801,44.904450658921036,44.904450658921036,0.0,0.0,0.0,0.0,0.0,0.0,0.0,0.0,0.0,0.0,1.602561592574967,0.0,0.0,119.0874946346036,-119.0874946346036,0.0,896.8233272887913,0.0,0.0,48.07684777724901,0.0,0.0,0.0,0.0,0.0,0.0,0.0,0.0,0.0,0.0,1000.0,251.97386290403227,0.0,48.07684777724901,48.07684777724901,-547.1724843150225,-1000.0,0.0,0.0,0.0,0.0,0.0,0.0,0.0,1000.0,340.75769533763804,922.2874017760098,0.16025615925752845,0.0,0.0,0.0,211.64115203656112,0.0,0.0,-344.46818991058865,0.0,0.0,0.0,0.0,0.0,0.0,0.0,0.0,0.0,0.0,0.0,0.0,0.0,0.0,0.16025615925752845,0.0,0.0,0.0,1000.0,-1000.0,0.0,0.0,0.0,0.0,-705.2307496907574,568.643282465235,0.0,0.0,-957.6066790594267,-12.019211944312252,0.0,-8.012807962874835,0.0,0.0,0.0,0.0,0.0,0.0,0.0,0.0,0.0,0.0,0.0,44.904450658921036,216.7385557573706,0.0,0.0,154.79509846529794,0.0,0.0,0.0,-0.16025615925749667,0.0,0.0,0.16025615925749667,0.0,0.16025615925752845,0.0,0.0,0.0,96.15369555449801,195.51251429414594,195.51251429414594,0.0,0.0,0.0,0.0,0.0,0.0,0.0,175.4701366607044,0.0,340.75769533763804,0.0,0.0,86.31333682209403,0.0,0.0,0.0,0.0,0.0,0.0,0.0,0.0,0.0,0.0,0.0,0.0,0.0,0.0,77.971834559331,0.0,-662.9605034819731,662.9605034819731,0.24038423888624502,0.0,0.0,0.0,-48.07684777724901,0.0,0.0,0.0,0.0,0.0,-45.08292912948803,8.012807962874835,0.0,0.0,0.0,0.0,34.00535079010797,-556.1626751145595,-8.012807962874835,0.0,0.0,0.0,0.0,0.0,0.0,0.0,44.904450658921036,0.0,0.0,1000.0,45.08292912948803,0.0,304.381006525727,-64.41044040127247,0.0,0.0,0.0,0.0,0.0,-195.51251429414594,0.0,8.012807962874835,258.0609167952101,0.0,0.0,0.0,-281.3695910060682,-1000.0,1000.0,-125.00000000015277,125.00000000015277,0.0,0.0,0.0,0.0,0.0,975.9615761113756,0.0,195.51251429414594,0.0,0.0,0.0,0.0,0.0,0.0,0.0,0.0,0.0,17.640855678767025,0.0,0.0,81.14056496242472,-211.64115203656112,-308.4489784103333,-896.8233272887913,48.07684777724901,119.0874946346036,0.0,0.0,0.0,-215.37023334697676,0.0,0.0,0.1762817751831202,0.0,0.0,0.0,97.75625714707297,0.0,0.0,0.0,0.0,16.886355485373286,0.0,533.3906756090755,0.0,0.0,0.0,0.0,0.0,0.0,0.0,0.0,170.36157209659186,0.016025615925749668,0.0,0.0,0.0,0.0,0.0,0.0,0.0,0.0,0.0,0.0,0.0,0.0,0.0,0.0,0.0,45.08292912948803,0.0,0.0,0.0,0.0,0.0,0.0,0.0,0.0,0.0,0.0,0.0,238.1749892692072,0.0,0.0,915.0634098627122,0.0,0.0,0.0,96.15369555449803,0.0,0.0,0.0,0.0,0.0,-227.71561855605694,131.5619230015589,0.0,238.1749892692072,0.0,0.0,0.0,0.0,0.0,0.0,0.0,0.0,0.0,0.0,-922.2874017760098,-1000.0,196.08880591347926,-48.07684777724901,0.0,0.0,956.9656544223965,0.0,0.0,0.0,0.0,0.0,0.0,0.0,0.0,0.0,0.0,0.0,0.0,0.0,0.0,0.0,0.0,0.0,-20.032019907187085,44.904450658921036,-12.019211944312252,74.2941248777818,0.0,0.0,0.0,0.0,0.0,-752.0032019906362,749.9999999999175,43.194601736861024,0.0,0.0,0.0,0.0,0.0,0.0,0.0,1000.0,48.07684777724901,48.07684777724901,0.0,0.0,0.0,0.0,0.0,0.1762817751831202,45.08292912948803,0.0,0.0,-956.9656544223965,170.34554648066612,0.0,0.0,0.0,0.0,0.0,0.0,0.0,0.0,0.0,0.0,0.0,0.0,0.0,0.0,0.0,0.0,0.0,0.0,168.26896722037154,0.0,0.0,131.42721889743083,0.0,0.0,0.0,45.08292912948803,0.0,568.643282465235,0.0,0.0,0.0,-20.032019907187085,0.0,0.0,0.0,0.0,0.0,0.0,0.0,0.0,0.0,0.0,0.0,0.0,0.0,0.0,0.0,0.0,0.0,0.0,-0.16025615925752845,0.0,0.0,8.012807962874835,-490.2925713154761,0.0,0.0,0.0,0.0,44.904450658921036,0.0,0.0,0.0,-72.51528151002371,4.006403981437417,0.0,0.0,662.9605034819731,0.16025615925749667,0.0,160.25615925749668,-49.679409369823965,32.05123185149934,1.144686851839262,447.1146843284157,-0.12019211944312251,8.012807962874831,3.205123185149934,-0.801280796287756,-447.1146843284157,48.07684777724901,-0.1602561592574967,21.470146800424157,0.0,0.040064039814374175,1.144686851839262,-64.41044040127247,-144.6002751883973,-3.205123185149934,-370.08379332637423,-0.1602561592574967,0.040064039814374175,-447.1146843284157,600.7963430932883,0.1602561592574967,0.16025615925749667,-44.74639119504741,-118.91121285942036,-821.3732036771407,-0.12019211944312251,48.07684777724901,0.1602561592574967,48.07684777724901,-80.12807962874834,-0.08012807962874835,-49.8059155203143,-49.253255985417134,-0.12019211944312251,-0.1602561592574967,-49.679409369823965,0.16025615925752845,16.02561592574967,-3.205123185149934,77.971834559331,77.971834559331,-16.025615925749662,370.08379332637423,-77.971834559331,32.05123185149934,0.24038423888624502,-725.6481983536137,16.02561592574967,-296.84658332191185,0.0,-32.05123185149934,0.08012807962874835,1.602561592574967,71.63557736510053,77.13416098098736,-0.16025615925749667,-81.14056496242472,44.74639119504741,49.679409369823965,0.1602561592574967,144.6002751883973,-777.0781182765342,0.0,-0.16025615925749667,-0.040064039814374175,0.0,-0.1602561592574967,-740.0513045616556,0.1602561592574967,-0.040064039814374175,-0.040064039814374175,-0.040064039814374175,64.10246370299868,80.12807962874834,1.602561592574967,118.72978198989874,-0.040064039814374175,121.8010079297769,8.012807962874835,111.34312243916489,0.16025615925749667,0.08012807962874835,0.08012807962874835,16.02561592574967,49.679409369823965,0.16025615925749667,-49.679409369823965,1.602561592574967,0.1602561592574967,-118.72978198989874,0.1602561592574967,0.6410246370302275,0.801280796287756,0.08012807962874835,0.040064039814374175,48.07684777724901,-0.1602561592574967,821.3732036771407,1.602561592574967,-237.45956397979748,4.006403981437421,-16.02561592574967,32.05123185149934,8.012807962874835,-0.1602561592574967,64.41044040127247,0.24038423888624502,-0.1602561592574967,-32.05123185149934,49.679409369823965,486.2176087341712,0.08012807962874835,-222.68624487832977,-0.1602561592574967,-0.1602561592574967,-0.1602561592574967,0.08012807962874835,447.1146843284157,-32.05123185149934,0.16025615925749667,143.27115473020106,-0.040064039814374175,118.91121285942036,-143.27115473020106,24.0384238886245,49.253255985417134,-416.88965252910793,447.1146843284157,-0.12019211944312251,81.14056496242472,-77.13416098098736,0.1602561592574967,-0.040064039814374175,8.012807962874835,160.25615925749668,-0.08012807962874835,-0.1602561592574967,0.040064039814374175,1000.0,0.0,725.568070273985,0.0,-1000.0,0.0,739.6821152019487,-811.4855570479687,584.7707271675387,-1000.0,1000.0,-160.96210171652194,0.0,500.0,500.0,-500.0,-584.7707271675387,405.7427785239843,-45.08292912948803,-270.84737538719446,0.0,160.96210171652194,-270.84737538719446,-739.6821152019487,750.3673087763666,0.0,1496.5981,bhi
36,0.0,0.0,0.0,0.0,0.0,0.0,0.0,0.0,-0.15521724755679242,0.0,0.0,0.0,0.0,0.0,0.0,0.0,1000.0,-166.45304634940408,0.0,-1000.0,0.0,0.0,0.0,0.0,0.0,0.0,0.0,0.0,0.0,138.57836442661687,0.0,0.0,572.0722864047328,0.0,0.0,0.0,0.0,-77.29052612942809,0.0,-1000.0,580.8798583720095,0.0,0.0,-815.5956103807214,0.0,0.0,0.0,0.0,-322.9827540458955,0.0,0.0,0.0,0.0,0.17073897231262516,0.0,0.0,0.0,31.04344951135848,0.0,0.0,36.437346572479825,0.0,1000.0,886.1169100505352,0.0,0.0,0.0,0.0,1000.0,-128.2866820092628,0.0,1.5521724755679243,0.0,0.0,0.0,0.0,0.0,0.0,0.0,0.0,0.0,0.0,0.0,0.0,93.13034853407544,0.0,0.0,-1000.0,352.1172852788547,-332.35995666554464,932.7004138486537,0.0,0.0,0.0,46.56517426703772,0.0,48.76131057537903,0.0,0.0,0.0,0.0,7.76086237783962,138.57836442661687,0.0,0.0,-424.49741242426194,0.0,0.0,0.0,0.0,0.0,0.0,0.0,0.0,0.0,0.0,0.0,0.0,0.0,0.0,0.0,0.0,0.0,0.0,-508.57323443690336,0.0,0.0,48.76131057537903,0.0,48.11734674260564,45.14443133862835,0.0,812.9219900538942,0.0,-812.9219900538942,812.9219900538942,-1000.0,0.0,0.0,849.6795634780555,0.0,0.0,0.0,0.0,0.0,11.951728061873014,0.15521724755679242,932.7392181605429,0.0,0.0,0.0,-272.2257018633428,0.0,0.0,0.0,0.0,1000.0,0.0,0.0,0.0,0.0,0.0,488.42015192239455,488.42015192239455,0.0,0.0,0.0,0.0,142.41223672462056,0.0,0.0,488.57536916995133,0.0,0.0,0.0,-329.6419877957675,0.0,0.0,0.0,0.0,0.0,0.0,0.0,0.0,0.0,0.0,0.0,0.0,0.0,0.0,0.0,-565.6160684681007,0.0,0.0,0.0,0.0,0.0,0.0,0.0,647.8827147211452,-647.8827147211452,0.0,0.0,0.0,0.0,0.0,0.0,0.0,0.0,-19.402155944599052,0.0,0.0,0.0,0.0,0.0,0.0,0.0,0.0,0.0,0.0,0.0,0.0,0.0,79.13987442627939,44.06447399493078,-815.5956103807214,0.0,0.0,0.0,150.32043652194454,191.76006523367772,0.0,0.0,0.0,0.0,36.437346572479825,0.0,0.0,0.0,0.0,0.0,0.0,0.0,0.0,0.0,4.9979953713287575,0.0,2.196136308341309,0.0,667.4072174631203,371.6417880208298,-675.1000393247502,0.0,815.5956103807214,0.0,0.0,150.32043652194454,75.93400861835454,0.0,0.0,0.0,-65.75012377358054,0.0,0.0,-1000.0,-153.9592036334427,0.0,-1000.0,153.9592036334427,0.0,1000.0,0.0,804.4124224176367,0.0,0.0,331.58491812702977,0.0,0.0,0.0,0.0,0.0,0.0,0.0,1000.0,0.0,150.32043652194454,808.8457882242715,0.0,0.0,0.0,36.437346572479825,-0.23282587133518862,0.0,0.0,0.0,0.0,0.15521724755679242,0.0,0.0,0.0,320.0966972877152,1000.0,0.0,-500.2124158781917,67.62517130009891,0.0,629.6411689473886,0.0,263.3642050146401,0.0,-424.49741242426194,0.0,0.0,0.0,-13.364205014639978,-250.0000000000001,0.0,-1000.0,-1000.0,0.0,0.0,0.0,0.0,0.0,0.0,0.0,0.0,0.0,0.0,0.0,0.0,0.0,0.0,0.0,0.0,0.0,-1000.0,0.0,-923.3303428607994,0.0,0.0,0.0,86.41822465128391,0.0,858.7644556216156,-16.949723433201843,0.0,0.0,0.0,0.0,0.0,-749.9999999999999,0.0,-134.25617891599737,-3.88043118891981,0.0,-411.8528075370897,0.0,-209.000023835221,0.0,0.0,83.2862042125158,1000.0,0.0,-7.76086237783962,0.0,0.0,0.0,845.3299083627529,470.181234034933,48.76131057537903,-750.0,750.0,0.0,260.7449183334258,0.0,0.0,0.0,-79.13987442627939,79.13987442627939,79.13987442627939,98.8238380590142,0.0,0.0,-511.7350653251623,0.0,0.0,0.0,0.0,0.0,-77.44574337698488,0.0,0.0,0.0,0.0,0.0,0.0,0.0,-276.92253844379104,0.31043449511395876,0.0,0.0,0.0,0.0,0.0,0.0,0.0,0.0,0.0,871.7133179907372,0.0,0.0,0.0,0.0,0.0,0.0,0.0,0.0,0.0,0.17073897231262516,0.17073897231262516,0.0,179.8961720215624,0.0,93.13034853407544,0.0,0.0,0.0,1000.0,0.0,638.6129618688002,0.0,0.0,0.0,744.1346653258968,-1000.0,0.0,0.0,918.5730546348342,0.0,0.0,0.0,0.0,0.0,0.0,0.0,0.0,0.0,0.0,169.52441147896778,-320.0966972877152,272.2257018633428,0.0,11.951728061873014,0.0,0.0,0.0,-191.76006523367772,0.0,744.1346653258968,0.0,-506.14184658495213,973.3539734670576,750.0000000000002,-750.0000000000002,79.13987442627939,0.0,0.0,0.0,0.0,0.0,0.0,0.0,0.0,0.0,0.0,0.0,0.0,0.0,93.13034853407544,150.32043652194454,150.32043652194454,0.0,0.0,0.0,0.0,0.0,0.0,0.0,0.0,0.0,0.0,1.5521724755679243,0.0,0.0,0.0,0.0,0.0,0.0,0.0,0.0,48.76131057537903,-918.5730546348342,0.0,0.0,0.0,0.0,0.0,0.0,0.0,0.0,0.0,91.76616786914735,-863.2485292113084,0.0,46.56517426703772,46.56517426703772,1000.0,-1000.0,0.0,0.0,0.0,0.0,0.0,0.0,0.0,-67.69033936804044,0.0,0.0,0.15521724755679242,0.0,0.0,0.0,24.40882393673892,0.0,0.0,0.0,0.0,0.0,0.0,0.0,0.0,0.0,0.0,0.0,0.0,0.0,0.0,0.0,0.0,0.0,0.15521724755679242,0.0,0.0,0.0,115.53718059472754,-115.53718059472754,0.0,0.0,0.0,0.0,-540.3330049531909,523.383281519989,0.0,0.0,76.66965713920058,-11.64129356675943,-7.76086237783962,0.0,0.0,0.0,0.0,0.0,0.0,0.0,0.0,0.0,0.0,0.0,0.0,150.32043652194454,0.0,0.0,0.0,477.9420964127726,0.0,0.0,0.0,-0.15521724755679242,0.0,0.0,0.15521724755679242,0.0,0.15521724755679242,0.0,0.0,0.0,93.13034853407544,189.36504201928673,189.36504201928673,0.0,0.0,0.0,0.0,0.0,0.0,0.0,272.2257018633428,0.0,0.0,0.0,0.0,0.0,0.0,0.0,0.0,0.0,0.0,0.0,0.0,0.0,0.0,0.0,0.0,0.0,0.0,0.0,191.76006523367772,0.0,0.0,0.0,0.23282587133518862,0.0,0.0,0.0,-48.76131057537903,0.0,0.0,0.0,0.0,0.0,-179.8961720215624,7.76086237783962,0.0,0.0,0.0,0.0,-142.41223672462056,-523.383281519989,0.0,0.0,0.0,0.0,0.0,0.0,0.0,0.0,150.32043652194454,0.0,918.5730546348342,0.0,100.756297595283,0.0,1000.0,-424.49741242426194,0.0,0.0,0.0,0.0,0.0,-113.4310334009322,0.0,7.76086237783962,306.44378296851323,0.0,0.0,0.0,-77.44574337698488,0.0,0.0,0.0,0.0,0.0,0.0,0.0,0.0,0.0,191.53746558832182,-214.8200527218405,189.36504201928673,0.0,0.0,0.0,0.0,0.0,0.0,0.0,0.0,0.0,4.9979953713287575,0.0,0.0,0.0,-896.1221419274762,672.2832906564254,0.0,46.56517426703772,0.0,0.0,0.0,0.0,-40.46750355359461,0.0,0.0,0.17073897231262516,0.0,0.0,0.0,94.68252100964337,0.0,0.0,0.0,0.0,44.06447399493078,0.0,0.0,0.0,0.0,0.0,0.0,0.0,0.0,0.0,0.0,0.01552172475567924,0.01552172475567924,0.0,0.0,0.0,0.0,0.0,0.0,0.0,0.0,0.0,0.0,0.0,0.0,0.0,0.0,0.0,179.8961720215624,0.0,0.0,0.0,0.0,0.0,0.0,0.0,0.0,0.0,0.0,0.0,0.0,1000.0,481.4296683717412,-166.45304634940408,0.0,0.0,0.0,93.13034853407544,0.0,0.0,0.0,0.0,0.0,0.0,-93.13034853407544,0.0,0.0,0.0,0.0,0.0,0.0,0.0,0.0,0.0,0.0,0.0,0.0,0.0,-929.1119749414236,106.32381457640281,-14.844610125653162,-33.916700449725866,0.0,-77.29052612942809,0.0,0.0,0.0,0.0,0.0,0.0,0.0,0.0,0.0,0.0,0.0,0.0,0.0,0.0,0.0,0.0,0.0,-19.402155944599052,150.32043652194454,-11.64129356675943,203.17875915508128,0.0,0.0,0.0,0.0,0.0,-1.940215594459905,0.0,77.44574337698488,0.0,0.0,0.0,0.0,0.0,0.0,0.0,1000.0,46.56517426703772,46.56517426703772,0.0,0.0,0.0,0.0,0.0,0.17073897231262516,179.8961720215624,0.0,0.0,77.29052612942809,0.0,0.0,0.0,0.0,0.0,0.0,0.0,0.0,0.0,0.0,0.0,0.0,0.0,0.0,0.0,0.0,0.0,45.14443133862835,0.0,162.97810993463202,11.951728061873014,0.0,0.0,0.0,0.0,0.0,179.8961720215624,0.0,515.6224191421494,0.0,0.0,0.0,-19.402155944599052,0.0,0.0,0.0,0.0,0.0,0.0,0.0,0.0,0.0,0.0,0.0,0.0,0.0,0.0,0.0,0.0,0.0,0.0,-0.15521724755679242,0.0,0.0,7.76086237783962,-744.1346653258968,0.0,0.0,0.0,0.0,150.32043652194454,0.0,0.0,0.0,13.364205014639978,3.88043118891981,0.0,0.0,0.0,0.15521724755679242,0.0,155.2172475567924,-2.972915403977254,31.04344951135848,1.10869462540566,523.3449833607075,-0.11641293566759431,50.96997470348157,3.1043449511358485,-0.7760862377842983,-523.3449833607075,46.56517426703772,-0.15521724755679242,141.49913747475398,0.0,0.038804311889198105,1.10869462540566,-424.49741242426194,-24.710585811041483,-3.1043449511358485,166.45304634940408,-0.15521724755679242,0.038804311889198105,-523.3449833607075,15.52172475567924,0.15521724755679242,0.15521724755679242,-179.57021580169297,0.17073897231247165,0.0,-0.11641293566759431,46.56517426703772,0.15521724755679242,48.76131057537903,-75.41248747005488,-0.07760862377839621,-151.00517515147612,-207.43700723691376,-0.11641293566759431,-0.15521724755679242,-2.972915403977254,0.15521724755679242,15.521724755679202,-3.1043449511358485,191.76006523367772,191.76006523367772,-15.52172475567924,-166.45304634940408,-191.76006523367772,31.04344951135848,0.23282587133518862,-1000.0,15.52172475567924,-169.52441147896778,0.0,-31.04344951135848,0.07760862377839621,1.5521724755679243,125.05310396954792,131.7997471066415,-0.15521724755679242,-214.8200527218405,179.57021580169297,48.11734674260564,0.15521724755679242,24.710585811041483,-188.4568333764921,0.0,-0.15521724755679242,-0.038804311889198105,0.0,-0.15521724755679242,-276.92253844379104,0.15521724755680566,-0.038804311889198105,-0.038804311889198105,-0.038804311889198105,62.08689902271696,75.41248747005488,1.5521724755679243,114.99657828363917,-0.038804311889198105,108.60707046434186,7.76086237783962,146.22213159973515,0.15521724755679242,0.07760862377839621,0.07760862377839621,-59.63849350529303,2.972915403977254,0.15521724755679242,-2.972915403977254,1.5521724755679243,0.15521724755679242,-114.99657828363917,0.15521724755679242,0.6208689902275921,0.7760862377842983,0.07760862377839621,0.038804311889198105,46.56517426703772,-0.15521724755679242,0.0,1.5521724755679243,-229.99315656727833,47.08954351456177,-15.521724755679202,31.04344951135848,7.76086237783962,-0.15521724755679242,424.49741242426194,0.23282587133518862,-0.15521724755679242,119.27698701058605,2.972915403977254,378.43050477861016,0.07760862377839621,-292.4442631994703,-0.15521724755679242,-0.15521724755680566,-0.15521724755679242,0.07760862377839621,523.3449833607075,-31.04344951135848,0.15521724755679242,250.10620793909584,-0.038804311889198105,-0.17073897231247165,-250.10620793909584,23.28258713351886,207.43700723691376,661.3777636599375,523.3449833607075,-0.11641293566759431,214.8200527218405,-131.7997471066415,0.15521724755679242,-0.0388043118891981,7.76086237783962,155.2172475567924,-0.07760862377839621,-0.15521724755679242,0.038804311889198105,0.0,0.0,332.28234804176617,0.0,593.0112681290428,0.0,-184.14626178967603,-1000.0,0.0,1000.0,33.885206520463555,-758.8177476480157,-667.6400433344554,-500.0,-296.5056340645214,-16.942603260231778,0.0,500.0,-179.8961720215624,-337.96300122501555,667.6400433344554,758.8177476480157,-337.96300122501555,184.14626178967603,-5.60557658443156,0.0,1496.5981,bhi
37,0.0,0.0,0.0,0.0,0.0,0.0,0.0,0.0,-0.1593578816314885,0.0,0.0,0.0,0.0,0.0,0.0,0.0,-94.06326380377497,-45.71193755266336,0.0,571.9711257157503,0.0,0.0,0.0,0.0,0.0,89.48228087666098,0.0,0.0,0.0,477.9078619119753,0.0,0.0,0.0,0.0,0.0,0.0,0.0,320.33111686933256,0.0,-181.12761804211922,743.2720910642261,0.0,0.0,0.0,0.0,0.0,0.0,0.0,-383.8445981082002,0.0,0.0,0.0,0.0,0.17529366979496666,0.0,0.0,0.0,0.0,0.0,0.0,-25.582973718583137,0.0,25.582973718583137,0.0,108.65486573364842,0.0,0.0,0.0,0.0,141.29369010273058,0.0,1.5935788163148854,0.0,0.0,0.0,0.0,0.0,0.0,0.0,0.0,0.0,0.0,165.0321121717945,0.0,95.61472897889313,0.0,0.0,646.9741921897437,-3.0115627002770395,266.14115678182054,428.9868418728075,0.0,0.0,899.2690658619025,47.80736448944656,0.0,256.727908935774,0.0,0.0,0.0,165.0321121717945,7.967894081574425,-315.93102994640833,0.0,0.0,-265.5135394951811,0.0,345.2295596262171,0.0,0.0,0.0,0.0,0.0,0.0,0.0,0.0,0.0,0.0,0.0,0.0,0.0,0.0,0.0,0.0,-727.0356192487882,0.0,0.0,256.727908935774,0.0,49.400943305761444,0.0,0.0,0.0,0.0,0.0,0.0,0.0,0.0,0.0,0.0,0.0,0.0,0.0,0.0,0.0,-152.76155528616985,0.1593578816314885,429.02668134321533,0.0,0.0,0.0,-465.198283114153,0.0,0.0,0.0,0.0,1000.0,0.0,0.0,0.0,0.0,0.0,268.12160193295705,268.12160193295705,0.0,0.0,0.0,0.0,11.853471110615317,0.0,0.0,268.2809598145885,0.0,0.0,0.0,-1000.0,0.0,0.0,0.0,0.0,0.0,0.0,0.0,0.0,0.0,0.0,0.0,0.0,0.0,0.0,0.0,-1000.0,0.0,0.0,0.0,0.0,0.0,0.0,0.0,-263.1295940815435,263.1295940815435,0.0,0.0,0.0,0.0,0.0,0.0,0.0,793.8388918583836,-39.16355989741638,0.0,0.0,0.0,0.0,0.0,0.0,0.0,0.0,0.0,0.0,0.0,0.0,0.0,0.0,-262.13801978692425,0.0,0.0,0.0,0.0,0.0,0.0,0.0,0.0,0.0,0.0,-25.582973718583137,0.0,0.0,0.0,0.0,0.0,0.0,0.0,0.0,0.0,5.131323788534132,31.871576326297703,208.92054444632743,0.0,0.0,260.1180313812664,0.0,0.0,0.0,0.0,0.0,0.0,368.91401235116996,0.0,0.0,0.0,-392.76956594953833,0.0,0.0,0.0,0.0,-71.29641105340829,-705.3904721221265,705.3904721221265,-776.6868831755348,-266.14115678182054,0.0,0.0,0.0,0.0,444.60848975185297,0.0,0.0,0.0,-603.144702647111,0.0,603.144702647111,0.0,1000.0,0.0,0.0,-185.30052933620271,0.0,0.0,0.0,-25.582973718583137,-0.23903682244723276,0.0,0.0,0.0,0.0,0.1593578816314885,0.0,0.0,0.0,738.1407672756919,-94.06326380377497,0.0,-342.6508285502412,648.2445914967848,0.0,1000.0,0.0,915.4418463441605,0.0,-265.5135394951811,0.0,0.0,0.0,-13.720713608471488,0.0,-901.7211327356889,-760.3743513585878,-1000.0,0.0,0.0,0.0,0.0,0.0,0.0,0.0,0.0,0.0,0.0,0.0,0.0,0.0,0.0,0.0,0.0,0.0,1000.0,0.0,731.0013048472053,0.0,0.0,0.0,0.0,606.7404045199424,0.0,267.3194036789348,0.0,0.0,0.0,0.0,0.0,0.0,0.0,-7.967894081574425,0.0,0.0,0.0,-819.598117778285,0.0,687.1457451188896,0.0,0.0,0.0,-3.983947040787213,811.6302236967106,0.0,0.0,831.5499589006466,-868.1318820509343,0.0,256.727908935774,750.0000000000007,-750.0000000000007,0.0,706.325348711965,0.0,0.0,0.0,0.0,0.0,0.0,-630.7238133690212,0.0,0.0,-732.0377559486745,0.0,0.0,793.8388918583836,0.0,0.0,-51.165947437166274,0.0,0.0,0.0,0.0,0.0,0.0,0.0,-984.0642118368512,0.3187157632630715,0.0,0.0,0.0,0.0,0.0,0.0,0.0,0.0,0.0,0.0,0.0,0.0,0.0,0.0,0.0,0.0,0.0,0.0,0.0,0.17529366979496666,0.17529366979496666,0.0,261.7386978159974,0.0,95.61472897889313,0.0,0.0,0.0,1000.0,0.0,0.0,0.0,0.0,0.0,1000.0,-1000.0,0.0,0.0,553.755031961193,0.0,0.0,0.0,0.0,0.0,0.0,0.0,0.0,0.0,0.0,242.34520641626273,-738.1407672756919,465.198283114153,0.0,12.270556885624645,0.0,274.26906586183316,625.0000000000693,625.0000000000693,0.0,774.7973026133888,0.0,0.0,15.935788163148851,0.0,0.0,0.0,0.0,0.0,0.0,0.0,0.0,0.0,0.0,0.0,0.0,0.0,0.0,0.0,0.0,95.61472897889313,0.0,0.0,0.0,0.0,0.0,0.0,0.0,0.0,0.0,0.0,0.0,0.0,1.5935788163148854,0.0,0.0,0.0,0.0,0.0,0.0,0.0,0.0,256.727908935774,-553.755031961193,0.0,0.0,0.0,0.0,0.0,0.0,0.0,0.0,0.0,71.8105329776624,0.0,0.0,47.80736448944656,47.80736448944656,1000.0,-1000.0,0.0,0.0,0.0,0.0,0.0,0.0,0.0,76.30538130499616,793.8388918583836,-270.8021178403914,0.1593578816314885,0.0,0.0,210.45484810604228,0.0,453.03713284648904,0.0,-899.2690658619025,0.0,0.0,0.0,0.0,0.0,0.0,17.323284414354713,0.0,0.0,0.0,0.0,0.0,0.0,0.0,0.1593578816314885,0.0,0.0,0.0,399.58757704848205,-399.58757704848205,0.0,0.0,0.0,0.0,0.0,848.5140929701806,0.0,-581.1946892912458,-268.99869515279465,-11.951841122361637,0.0,-7.967894081574426,0.0,-875.0,-874.9999999999999,875.0,0.0,0.0,0.0,0.0,0.0,0.0,0.0,0.0,0.0,0.0,0.0,839.517852982221,0.0,0.0,0.0,-0.1593578816314885,0.0,0.0,0.1593578816314885,0.0,0.1593578816314885,51.96985324306414,141.29369010273058,0.0,95.61472897889313,194.416615590416,194.416615590416,0.0,0.0,0.0,0.0,0.0,0.0,0.0,465.198283114153,0.0,793.8388918583836,0.0,0.0,0.0,0.0,0.0,0.0,0.0,0.0,0.0,0.0,0.0,0.0,0.0,0.0,0.0,0.0,0.0,0.0,0.0,-1000.0,1000.0,0.23903682244723276,0.0,0.0,0.0,-256.727908935774,0.0,0.0,0.0,0.0,0.0,-261.7386978159974,7.967894081574425,0.0,0.0,0.0,0.0,-11.853471110615317,0.0,-7.967894081574426,0.0,0.0,0.0,0.0,0.0,0.0,0.0,0.0,0.0,553.755031961193,71.8105329776624,261.7386978159974,0.0,980.7561753065197,187.52359335130797,0.0,267.3194036789348,581.1946892912458,-848.5140929701806,0.0,174.497396760754,0.0,7.967894081574426,363.3163728367022,0.0,0.0,0.0,-51.165947437166274,0.0,0.0,0.0,0.0,0.0,-119.68917218129926,0.0,0.0,0.0,-11.951841122361676,-11.951841122361657,194.416615590416,0.0,0.0,0.0,0.0,0.0,0.0,0.0,0.0,0.0,5.131323788534132,0.0,0.0,285.6423800607207,-210.45484810604228,-542.014620804873,0.0,47.80736448944656,0.0,0.0,0.0,0.0,21.947542692449076,0.0,0.0,0.17529366979496666,0.0,0.0,0.0,97.208307795208,0.0,0.0,0.0,0.0,-262.13801978692425,0.0,0.0,0.0,0.0,0.0,0.0,0.0,0.0,0.0,0.0,0.01593578816314885,0.01593578816314885,0.0,0.0,0.0,0.0,0.0,51.96985324306414,0.0,0.0,0.0,210.45484810604228,0.0,0.0,0.0,0.0,0.0,261.7386978159974,0.0,0.0,0.0,0.0,0.0,0.0,0.0,0.0,0.0,0.0,0.0,0.0,0.0,0.0,-45.71193755266336,0.0,0.0,0.0,95.61472897889313,0.0,0.0,0.0,0.0,0.0,0.0,-95.61472897889313,0.0,0.0,0.0,0.0,0.0,0.0,0.0,0.0,0.0,0.0,0.0,0.0,270.8021178403914,-1000.0,109.16014891756966,0.0,-256.727908935774,0.0,268.3612636262684,0.0,0.0,0.0,0.0,0.0,0.0,0.0,0.0,0.0,187.50000000000003,0.0,-187.50000000000003,-187.50000000000003,0.0,0.0,0.0,0.0,-19.919735203936064,0.0,-11.951841122361637,0.0,0.0,0.0,0.0,0.0,0.0,-1.9919735203936069,0.0,51.165947437166274,0.0,0.0,0.0,0.0,0.0,0.0,0.0,1000.0,47.80736448944656,47.80736448944656,0.0,0.0,0.0,0.0,0.0,0.17529366979496666,261.7386978159974,0.0,0.0,-320.33111686933256,0.0,0.0,0.0,0.0,0.0,0.0,0.0,0.0,0.0,0.0,0.0,0.0,0.0,0.0,551.8906312345669,0.0,0.0,0.0,0.0,167.32577571306297,12.270556885624645,0.0,0.0,0.0,0.0,0.0,261.7386978159974,0.0,0.0,0.0,0.0,0.0,-19.919735203936064,0.0,0.0,0.0,0.0,0.0,0.0,0.0,0.0,0.0,0.0,0.0,0.0,0.0,0.0,0.0,0.0,0.0,0.0,-0.1593578816314885,0.0,0.0,7.967894081574425,-1000.0,0.0,0.0,0.0,0.0,0.0,0.0,0.0,0.0,13.720713608471488,3.983947040787213,0.0,0.0,89.48228087666098,0.1593578816314885,0.0,159.3578816314885,-49.400943305761444,31.871576326297703,1.1382705830820607,444.60848975185297,-0.11951841122361638,7.967894081574425,3.1871576326297704,51.17306383490643,-444.60848975185297,47.807364489446556,-0.1593578816314885,88.50451316506036,0.0,0.03983947040787213,1.1382705830820607,-265.5135394951811,-25.36977475573337,-3.1871576326297704,-432.19592435931196,-0.1593578816314885,0.03983947040787213,-444.60848975185297,15.935788163148851,0.1593578816314885,0.1593578816314885,-261.4040462645709,0.17529366979463737,0.0,-0.11951841122361638,47.80736448944656,0.1593578816314885,256.727908935774,129.24160363058314,-0.07967894081574425,-468.97292100963784,-16.09514604478034,-0.11951841122361638,-0.1593578816314885,-49.400943305761444,0.1593578816314885,15.9357881631488,-3.1871576326297704,0.0,0.0,-15.935788163148851,432.19592435931196,0.0,31.871576326297703,0.23903682244723276,-1000.0,15.935788163148851,-242.34520641626273,0.0,-31.871576326297703,0.07967894081574425,1.5935788163148854,85.6627071375603,293.6102741422951,-0.1593578816314885,-297.59422118308237,261.4040462645709,49.400943305761444,0.1593578816314885,25.36977475573337,-400.1500024041143,0.0,-0.1593578816314885,-0.03983947040787213,0.0,-0.1593578816314885,-984.0642118368512,0.15935788163153575,-0.03983947040787213,-0.03983947040787213,-0.03983947040787213,63.743152652595406,-129.24160363058314,1.5935788163148854,203.98369863153044,-0.03983947040787213,82.82090111006025,7.967894081574426,500.0,0.1593578816314885,0.07967894081574425,0.07967894081574425,15.935788163148851,49.400943305761444,0.1593578816314885,-49.400943305761444,1.5935788163148854,0.15935788163148834,-375.82255478712875,0.1593578816314885,0.6374315265262567,-51.17306383490643,0.07967894081574425,0.03983947040787213,47.80736448944656,-0.1593578816314885,0.0,1.5935788163148852,-407.9673972630609,3.983947040787212,-15.9357881631488,31.871576326297703,7.967894081574426,-0.1593578816314885,265.5135394951811,0.23903682244723276,-0.15935788163148834,-31.871576326297703,49.400943305761444,313.1168377298168,0.07967894081574425,-1000.0,-0.1593578816314885,-0.15935788163153575,-0.1593578816314885,0.07967894081574425,444.60848975185297,-31.871576326297703,0.1593578816314885,171.3254142751206,-0.03983947040787213,-0.17529366979463737,-171.3254142751206,23.903682244723274,16.09514604478034,-178.79103351657653,444.60848975185297,-0.11951841122361638,297.59422118308237,-293.6102741422951,0.1593578816314885,-0.03983947040787213,7.967894081574426,159.3578816314885,-0.07967894081574425,-0.1593578816314885,0.03983947040787213,1000.0,0.0,999.9203210591843,171.8388561555983,437.29006250658557,0.0,1000.0,184.00178416725177,0.0,-330.24316376721544,-294.99670502054954,-547.4294685186643,0.0,165.12158188360772,-218.64503125329279,147.49835251027477,0.0,-92.00089208362589,-261.7386978159974,-335.06438042226586,0.0,547.4294685186643,-335.06438042226586,-1000.0,692.1071071204827,0.0,1496.5981,bhi
38,0.0,0.0,0.0,0.0,0.0,0.0,0.0,0.0,795.7520285528987,0.0,0.0,0.0,0.0,0.0,0.0,0.0,0.0,209.28103823226525,0.0,286.25122187253965,0.0,0.0,0.0,0.0,0.0,0.0,0.0,0.0,0.0,252.00852494065276,0.0,0.0,765.3494356266037,0.0,0.0,0.0,0.0,909.1935635246684,0.0,-1000.0,82.2980731062089,0.0,0.0,0.0,0.0,0.0,0.0,0.0,-252.00852494065276,0.0,0.0,0.0,0.0,0.2148219366988542,0.0,0.0,0.0,39.05853394518514,0.0,0.0,45.6938297686429,0.0,1000.0,857.0160171211268,0.0,0.0,0.0,0.0,0.0,202.74444920045883,0.0,1.9529266972592572,0.0,0.0,0.0,0.0,0.0,0.0,0.0,0.0,0.0,0.0,0.0,0.0,117.17560183555543,0.0,0.0,0.0,90.23983707498004,0.0,-0.04882316743148143,0.0,0.0,1000.0,58.58780091777771,0.0,58.58780091777771,-6.28842396517274,0.0,0.0,0.0,995.1176832568518,252.00852494065276,0.0,0.0,-317.24386021640856,0.0,827.0032032068548,0.0,0.0,0.0,0.0,0.0,0.0,0.0,0.0,0.0,0.0,0.0,0.0,0.0,0.0,0.0,0.0,-1000.0,0.0,0.0,58.58780091777771,0.0,60.54072761503697,18.461415532919567,0.0,0.0,-125.00000000000001,125.0,-125.0,-613.8099754944158,0.0,0.0,425.13216284689963,0.0,0.0,0.0,0.0,0.0,15.037535568896374,0.1952926697259257,0.0,0.0,0.0,-750.8705646912223,145.22052871284367,0.0,0.0,0.0,0.0,1000.0,0.0,0.0,0.0,0.0,0.0,560.4918364895941,560.4918364895941,0.0,0.0,0.0,0.0,0.0,0.0,0.0,560.6871291593201,0.0,0.0,0.0,349.3575487494195,0.0,0.0,0.0,0.0,0.0,0.0,0.0,0.0,0.0,0.0,-1000.0,0.0,0.0,0.0,0.0,-1000.0,0.0,0.0,0.0,0.0,0.0,0.0,0.0,-90.23983707498004,90.23983707498004,0.0,0.0,0.0,0.0,0.0,0.0,0.0,0.0,203.8544362695426,0.0,0.0,0.0,0.0,0.0,0.0,0.0,0.0,0.0,0.0,0.0,0.0,0.0,0.0,10.445655802388728,0.0,0.0,0.0,0.0,188.67781264751616,439.8307792463662,0.0,0.0,0.0,0.0,45.6938297686429,0.0,0.0,0.0,0.0,0.0,0.0,0.0,0.0,0.0,0.0,0.0,0.0,0.0,-570.5013012157933,-390.0216270658332,-342.2483620156328,0.0,0.0,0.0,0.0,188.67781264751616,-761.7429429343706,0.0,0.0,0.0,-82.57485044638281,0.0,0.0,0.0,0.0,0.0,-1000.0,1000.0,-1000.0,0.0,0.0,657.3009479704776,0.0,0.0,141.95860035480575,0.0,0.0,0.0,0.0,0.0,0.0,0.0,1000.0,0.0,188.67781264751616,111.0952515870543,0.0,0.0,0.0,45.6938297686429,-0.29293900458888855,0.0,0.0,0.0,0.0,0.1952926697259257,0.0,0.0,0.0,501.5814198358561,0.0,0.0,-481.3537660290706,398.04615067033103,0.0,140.88587402398662,0.0,713.2332951560204,0.0,-317.24386021640856,0.0,0.0,0.0,286.7667048439796,0.0,-1000.0,-1000.0,-876.9851122584801,0.0,0.0,0.0,0.0,0.0,0.0,0.0,0.0,0.0,0.0,0.0,0.0,0.0,0.0,0.0,0.0,0.0,-90.02526579642827,0.0,-1000.0,0.0,0.0,0.0,302.9554022019273,0.0,0.0,-15.037535568896374,0.0,0.0,0.0,0.0,985.3530497705556,0.0,0.0,-653.9188594725377,0.0,0.0,0.0,-288.34557505523406,433.4570165066589,0.0,0.0,0.0,365.3301767714386,-4.8823167431481425,278.58094156893776,-799.3760717008012,0.0,0.0,0.0,-301.5514114164252,58.58780091777771,0.0,0.0,0.0,0.0,0.0,795.9473212226246,125.00000000000001,125.0,-125.0,-125.0,-557.582450220405,0.0,0.0,-439.70345618013175,0.0,0.0,0.0,0.0,0.0,-97.29015311023028,0.0,0.0,0.0,0.0,0.0,0.0,0.0,-653.7921810937676,0.3905853394515759,0.0,0.0,0.0,0.0,0.0,0.0,0.0,0.0,0.0,202.74444920045883,0.0,0.0,0.0,0.0,0.0,0.0,0.0,0.0,0.0,0.2148219366988542,0.2148219366988542,0.0,44.983084546991435,0.0,117.17560183555543,0.0,0.0,0.0,1000.0,0.0,0.0,0.0,0.0,0.0,1000.0,-1000.0,0.0,0.0,0.0,0.0,0.0,0.0,0.0,0.0,0.0,0.0,0.0,0.0,0.0,333.3333333333333,-501.5814198358561,605.6500359783786,0.0,15.037535568896374,0.0,1000.0,0.0,-439.8307792463662,0.0,1000.0,0.0,346.20781890623243,0.0,0.0,0.0,0.0,0.0,0.0,0.0,0.0,0.0,0.0,0.0,0.0,0.0,0.0,0.0,0.0,0.0,117.17560183555543,188.67781264751613,188.67781264751616,0.0,0.0,0.0,0.0,0.0,0.0,0.0,0.0,0.0,0.0,1.9529266972592572,0.0,0.0,0.0,0.0,0.0,0.0,0.0,0.0,58.58780091777771,0.0,0.0,0.0,0.0,0.0,0.0,0.0,0.0,0.0,0.0,-830.3960921675196,0.0,0.0,58.58780091777771,58.58780091777771,-233.38359247963615,-1000.0,0.0,0.0,0.0,0.0,0.0,0.0,0.0,639.0326845198024,0.0,724.0486933377592,0.1952926697259257,0.0,0.0,0.0,184.06620719422463,784.6538962875541,0.0,-1000.0,0.0,0.0,0.0,0.0,0.0,0.0,0.0,0.0,0.0,0.0,0.0,0.0,0.0,0.0,0.1952926697259257,0.0,0.0,0.0,0.0,0.0,0.0,0.0,0.0,0.0,0.0,762.6780413354265,0.0,-777.7155769043229,-909.9747342035718,-14.646950229444428,-9.764633486296285,0.0,0.0,625.0,625.0,-625.0,0.0,0.0,0.0,0.0,0.0,0.0,0.0,188.67781264751613,0.0,0.0,0.0,-291.7867779301289,0.0,0.0,0.0,795.7520285528987,0.0,0.0,0.1952926697259257,0.0,0.1952926697259257,0.0,0.0,0.0,117.17560183555543,238.25705706562937,238.25705706562937,0.0,0.0,0.0,0.0,0.0,0.0,0.0,605.6500359783786,0.0,0.0,0.0,0.0,229.74409936894926,73.83730433843289,0.0,0.0,0.0,0.0,0.0,0.0,0.0,0.0,0.0,0.0,0.0,0.0,0.0,439.8307792463662,0.0,0.0,0.0,0.29293900458888855,0.0,0.0,0.0,-58.58780091777771,0.0,0.0,0.0,0.0,0.0,-44.983084546991435,9.764633486296285,0.0,0.0,0.0,0.0,0.0,0.0,0.0,0.0,0.0,0.0,0.0,0.0,0.0,0.0,188.67781264751613,0.0,0.0,-316.11306177624516,44.98308454699145,0.0,-5.117572494352885,467.41003607114556,0.0,-15.037535568896374,777.7155769043229,-762.6780413354265,0.0,-1000.0,0.0,9.764633486296285,1000.0,0.0,0.0,0.0,-97.29015311023028,-750.0000000000002,750.0000000000002,0.0,0.0,0.0,0.0,0.0,0.0,0.0,970.706099541111,0.0,238.25705706562937,0.0,0.0,0.0,0.0,0.0,0.0,0.0,0.0,0.0,0.0,0.0,0.0,88.92393523532485,-386.81065639468346,1000.0,0.0,58.58780091777771,0.0,0.0,0.0,0.0,-24.27193461647316,0.0,0.0,0.2148219366988542,0.0,0.0,0.0,119.12852853281468,0.0,0.0,0.0,0.0,10.445655802388728,0.0,0.0,0.0,0.0,0.0,0.0,0.0,0.0,765.4359969901244,0.0,799.205061263401,0.01952926697259194,0.0,0.0,0.0,0.0,0.0,0.0,0.0,0.0,0.0,0.0,0.0,0.0,0.0,0.0,0.0,44.983084546991435,0.0,0.0,0.0,0.0,0.0,0.0,0.0,0.0,0.0,0.0,0.0,0.0,1000.0,-308.4563550976354,209.28103823226525,0.0,0.0,0.0,117.17560183555543,0.0,0.0,0.0,0.0,0.0,0.0,-117.17560183555543,0.0,0.0,0.0,0.0,0.0,0.0,0.0,0.0,0.0,0.0,0.0,0.0,-601.0338055962393,-108.9587905395449,437.3568824696414,0.0,-58.58780091777771,0.0,909.1935635246684,0.0,0.0,0.0,0.0,0.0,0.0,0.0,0.0,0.0,0.0,0.0,0.0,0.0,0.0,0.0,0.0,0.0,-24.411583715740676,188.67781264751616,-1000.0,288.9344534779377,0.0,0.0,0.0,0.0,0.0,-2.4411583715740726,0.0,97.29015311023028,0.0,0.0,0.0,0.0,0.0,0.0,0.0,1000.0,58.58780091777771,58.58780091777771,0.0,0.0,0.0,0.0,0.0,0.2148219366988542,44.983084546991435,0.0,0.0,-909.1935635246684,799.1855319964285,0.0,0.0,0.0,0.0,0.0,0.0,0.0,0.0,0.0,0.0,0.0,0.0,0.0,0.0,0.0,0.0,18.461415532919567,0.0,205.057303212222,15.037535568896374,0.0,0.0,0.0,0.0,0.0,44.983084546991435,0.0,-16.053057451469023,0.0,0.0,0.0,-24.411583715740676,0.0,0.0,0.0,0.0,0.0,0.0,0.0,0.0,0.0,0.0,0.0,0.0,0.0,0.0,0.0,0.0,0.0,0.0,-0.1952926697259257,0.0,0.0,9.764633486296285,-1000.0,0.0,0.0,0.0,0.0,188.67781264751616,0.0,0.0,0.0,-286.7667048439796,4.8823167431481425,0.0,0.0,0.0,0.1952926697259257,0.0,195.2926697259257,-42.079312082117404,39.05853394518514,1.3949476408994692,581.789379601172,-0.14646950229444428,653.9188594725377,3.9058533945185143,-0.9764633486292951,-581.789379601172,58.58780091777771,-0.1952926697259257,105.74795340546952,0.0,0.04882316743148143,1.3949476408994692,-317.24386021640856,-31.090593020365397,-3.9058533945185143,-495.5322601048049,-0.1952926697259257,0.04882316743148143,-581.789379601172,528.2153692653046,0.1952926697259257,0.1952926697259257,-44.57296994056666,0.21482193669851313,0.0,-0.14646950229444428,58.58780091777771,0.1952926697259257,58.58780091777771,-97.64633486296285,-0.09764633486296286,-365.5122795671829,-459.5553388886847,-0.14646950229444428,-0.1952926697259257,-42.079312082117404,0.1952926697259257,19.52926697259257,-3.9058533945185143,439.8307792463662,439.8307792463662,-19.52926697259261,495.5322601048049,-439.8307792463662,39.05853394518514,0.29293900458888855,-1000.0,19.52926697259257,-333.3333333333333,0.0,-39.05853394518514,0.09764633486296286,1.9529266972592572,120.33844150726765,84.04161849217658,-0.1952926697259257,-88.92393523532485,44.57296994056666,60.54072761503697,0.1952926697259257,31.090593020365397,-743.0373059638234,0.0,-0.1952926697259257,-0.04882316743148143,0.0,-0.1952926697259257,-653.7921810937676,0.1952926697259257,-0.04882316743148143,-0.04882316743148143,-0.04882316743148143,78.11706789037028,97.64633486296285,1.9529266972592572,429.7916377887956,-0.04882316743148143,134.9289296090658,9.764633486296285,336.6607240331801,0.1952926697259257,0.09764633486296286,0.09764633486296286,-74.80963935116552,42.079312082117404,0.1952926697259257,-42.079312082117404,1.9529266972592572,0.1952926697259257,-1000.0,0.1952926697259257,0.781170678903294,0.9764633486292951,0.09764633486296286,0.04882316743148143,58.58780091777771,-0.1952926697259257,0.0,1.9529266972592572,-859.5832755775912,649.0365427293896,-19.52926697259257,39.05853394518514,9.764633486296285,-0.1952926697259257,317.24386021640856,0.29293900458888855,-0.1952926697259257,149.61927870233103,42.079312082117404,564.1043306901463,0.09764633486296286,-673.3214480663602,-0.1952926697259257,-0.1952926697259257,-0.1952926697259257,0.09764633486296286,581.789379601172,-39.05853394518514,0.1952926697259257,240.6768830145353,-0.04882316743148143,-0.21482193669851313,-240.6768830145353,29.29390045888885,459.5553388886847,-90.82386775812543,581.789379601172,-0.14646950229444428,88.92393523532485,-84.04161849217658,0.1952926697259257,-0.04882316743148142,9.764633486296285,195.2926697259257,-0.09764633486296286,-0.1952926697259257,0.04882316743148143,376.55205596747794,0.0,999.9023536651371,570.2083622112044,-1000.0,0.0,911.437276307241,-302.2553675564016,508.686102292712,-1000.0,51.11388020407435,571.7090745275464,0.0,500.0,500.0,-25.556940102037174,-508.686102292712,151.1276837782008,-44.983084546991435,-539.8323960736732,0.0,-571.7090745275464,-539.8323960736732,-911.437276307241,817.4726576492359,0.0,1496.5981,bhi
39,0.0,0.0,0.0,0.0,0.0,0.0,0.0,0.0,-0.03051365760055405,0.0,0.0,0.0,0.0,0.0,0.0,0.0,1000.0,-149.66942948922923,0.0,-992.8634083689672,0.0,0.0,0.0,0.0,0.0,0.0,0.0,0.0,0.0,586.2596484313107,0.0,0.0,0.0,0.0,0.0,0.0,0.0,999.8779453695977,0.0,-720.6109317177398,342.60459989969814,0.0,0.0,-1000.0,0.0,0.0,0.0,115.89014549497125,-551.610954789579,-551.6889149814099,0.0,499.265182948112,0.0,0.03356502336058543,0.0,0.0,0.0,221.9603400922116,0.0,0.0,-2.6872361126886823,0.0,1000.0,997.3127638873113,0.0,0.0,0.0,0.0,0.0,474.089438811042,0.0,0.3051365760055405,0.0,0.0,0.0,0.0,0.0,0.0,0.0,0.0,0.0,0.0,819.03123253642,0.0,18.30819456033243,0.0,0.0,1000.0,124.43400687483734,373.4393820075397,-0.007628414400138512,0.0,0.0,-471.60131676546274,9.154097280166216,0.0,721.8491475071372,-0.9825397747375018,0.0,0.0,819.03123253642,91.4331169626875,586.2596484313107,0.0,0.0,-38.033949834022614,0.0,99.8399986863964,0.0,0.0,0.0,0.0,0.0,0.0,0.0,0.0,0.0,0.0,0.0,0.0,0.0,0.0,0.0,0.0,-420.7026713628517,0.0,0.0,721.8491475071372,0.0,9.459233856171755,0.0,0.0,0.0,176.10827538559755,-176.10827538559758,176.10827538559758,0.0,0.0,0.0,0.0,0.0,0.0,0.0,0.0,0.0,-816.6816809011774,0.030513657600554047,0.0,0.0,0.0,0.0,-162.9265606154562,0.0,0.0,0.0,0.0,498.49147301695365,0.0,0.0,0.0,0.0,0.0,195.66313241037068,195.66313241037068,0.0,0.0,0.0,0.0,0.0,0.0,0.0,195.69364606797123,0.0,0.0,0.0,-635.0784691087504,-598.5190024805065,0.0,0.0,0.0,0.0,0.0,0.0,0.0,0.0,0.0,-185.20813162621707,0.0,0.0,0.0,0.0,-1000.0,0.0,0.0,0.0,0.0,0.0,551.6889149814099,-499.265182948112,482.5339496754965,-482.5339496754965,0.0,0.0,0.0,0.0,0.0,0.0,0.0,0.0,-1000.0,0.0,0.0,0.0,0.0,0.0,0.0,0.0,0.0,0.0,0.0,0.0,0.0,0.0,0.0,-112.17292611735115,-535.3835106936198,0.0,0.0,0.0,0.0,0.0,0.0,0.0,0.0,0.0,-2.6872361126886823,464.61648930638023,0.0,0.0,0.0,0.0,0.0,0.0,0.0,0.0,0.0,0.0,712.695050226971,0.0,1000.0,641.9000571993408,431.65781193780555,0.0,535.3835106936198,0.0,0.0,0.0,37.226662272675945,0.0,0.0,0.0,272.7691893655292,0.0,0.0,-645.5555586525979,0.0,0.0,-645.5555586525979,0.0,0.0,606.9679565503338,0.0,-609.1227504450089,551.6889149814099,0.0,85.13310470554579,0.0,0.0,0.0,-1000.0,0.0,1000.0,0.0,195.63261875277013,0.0,0.0,0.0,0.0,0.0,0.0,-2.6872361126886823,-0.045770486400831076,0.0,0.0,0.0,0.0,0.03051365760055405,0.0,0.0,0.0,278.1508524928628,1000.0,0.0,-142.84773930630627,-70.51765647750449,598.5190024805065,1000.0,0.0,-517.8175968603404,0.0,-38.033949834022614,0.0,0.0,0.0,566.5737383362275,-48.75614147588715,0.0,-1000.0,-1000.0,0.0,0.0,0.0,0.0,0.0,0.0,0.0,0.0,0.0,0.0,0.0,0.0,0.0,0.0,0.0,0.0,0.0,0.0,0.0,-1000.0,0.0,0.0,0.0,908.0000817470958,0.0,0.0,816.6816809011774,0.0,0.0,0.0,0.0,89.9074340826598,0.0,0.0,0.0,0.0,48.75614147588715,438.45841850577006,-1.5256828800277025,-113.66345773654757,-496.6241464782337,0.0,-500.47944079490554,0.0,-0.7628414400138512,0.0,0.0,0.0,0.0,-9.045635008744759,454.25556137068185,721.8491475071372,125.000000000014,-125.000000000014,0.0,0.0,0.0,0.0,0.0,0.0,0.0,0.0,465.49858524535193,0.0,0.0,0.0,0.0,0.0,0.0,0.0,0.0,-5.374472225377365,0.0,750.0,64.45374740683535,0.0,0.0,0.0,0.0,-996.9486342399446,0.06102731520110138,0.0,0.0,0.0,0.0,0.0,0.0,0.0,0.0,0.0,474.089438811042,0.0,0.0,0.0,0.0,0.0,0.0,0.0,0.0,0.0,0.03356502336058543,0.03356502336058543,0.0,586.067012538135,0.0,18.30819456033243,0.0,0.0,0.0,1000.0,0.0,0.0,0.0,0.0,0.0,1000.0,-1000.0,0.0,0.0,0.0,0.0,0.0,64.45374740683535,0.0,0.0,0.0,0.0,0.0,0.0,0.0,140.23422378761722,-278.1508524928628,162.9265606154562,0.0,2.34955163524266,0.0,0.0,-471.60131676546274,-471.60131676546274,0.0,1000.0,0.0,0.0,3.051365760055405,0.0,0.0,0.0,0.0,0.0,0.0,0.0,0.0,0.0,0.0,0.0,0.0,0.0,0.0,0.0,0.0,18.30819456033243,0.0,0.0,0.0,0.0,0.0,0.0,0.0,0.0,0.0,0.0,0.0,0.0,0.3051365760055405,0.0,0.0,0.0,0.0,0.0,-499.265182948112,0.0,0.0,721.8491475071372,0.0,0.0,0.0,0.0,0.0,0.0,0.0,0.0,0.0,0.0,824.8423289763706,0.0,0.0,9.154097280166216,9.154097280166216,773.4068128625305,-1000.0,0.0,64.45374740683535,0.0,0.0,0.0,0.0,0.0,0.0,0.0,279.30114633588755,0.030513657600554047,0.0,0.0,40.297643955474555,0.0,566.4326330685598,0.0,471.60131676546274,0.0,0.0,0.0,0.0,0.0,0.0,0.0,0.0,0.0,0.0,0.0,0.0,0.0,0.0,0.030513657600554047,0.0,0.0,0.0,0.0,0.0,0.0,0.0,0.0,0.0,0.0,1000.0,0.0,-183.3183190988226,-1000.0,-2.288524320041554,0.0,-1.5256828800277025,0.0,0.0,0.0,0.0,0.0,0.0,0.0,0.0,0.0,0.0,0.0,0.0,598.5190024805065,0.0,0.0,455.78124425070956,0.0,0.0,0.0,-0.03051365760055405,0.0,0.0,0.030513657600554047,0.0,0.030513657600554047,0.0,0.0,0.0,18.30819456033243,37.226662272675945,37.226662272675945,0.0,0.0,0.0,0.0,0.0,0.0,0.0,162.9265606154562,0.0,0.0,0.0,0.0,569.2009642556352,0.0,0.0,0.0,0.0,0.0,0.0,0.0,0.0,0.0,0.0,0.0,0.0,0.0,0.0,0.0,0.0,-512.1664834452088,512.1664834452088,0.045770486400831076,0.0,0.0,0.0,-721.8491475071372,0.0,0.0,0.0,0.0,0.0,-586.067012538135,1.5256828800277025,0.0,0.0,0.0,0.0,0.0,0.0,-1.5256828800277025,0.0,750.0,0.0,0.0,0.0,0.0,0.0,0.0,0.0,0.0,889.2960763832059,586.067012538135,0.0,-222.77897993740024,528.3986832345372,0.0,816.6816809011774,183.3183190988226,-1000.0,0.0,0.0,0.0,1.5256828800277025,881.4056183696863,0.0,0.0,0.0,-5.374472225377365,0.0,0.0,0.0,0.0,0.0,0.0,0.0,0.0,0.0,180.63108298613395,0.0,37.226662272675945,0.0,0.0,0.0,0.0,0.0,0.0,0.0,0.0,0.0,0.0,0.0,0.0,592.9325854982596,-514.3870827665165,-398.1170502017614,0.0,9.154097280166216,0.0,0.0,0.0,0.0,-240.8425034371675,0.0,0.0,0.03356502336058543,0.0,0.0,0.0,18.613331136337973,0.0,0.0,0.0,0.0,-112.17292611735115,0.0,0.0,0.0,0.0,0.0,0.0,0.0,0.0,0.0,0.0,0.003051365760055492,0.003051365760055492,0.0,0.0,0.0,0.0,0.0,0.0,0.0,0.0,0.0,40.297643955474555,0.0,0.0,0.0,0.0,0.0,586.067012538135,0.0,0.0,0.0,0.0,0.0,0.0,0.0,551.6889149814099,0.0,0.0,0.0,0.0,0.0,-652.862296551667,-149.66942948922923,0.0,0.0,0.0,18.308194560332424,0.0,0.0,0.0,0.0,0.0,790.3896207823191,-808.6978153426514,0.0,0.0,0.0,0.0,0.0,0.0,0.0,0.0,0.0,0.0,0.0,0.0,-279.30114633588755,-413.74035156868933,590.1028197120147,0.0,-721.8491475071372,0.0,999.8779453695977,0.0,0.0,0.0,0.0,0.0,0.0,0.0,0.0,0.0,0.0,0.0,0.0,0.0,0.0,0.0,0.0,0.0,-3.8142072000692564,0.0,-92.19595840270136,566.9124399355936,0.0,0.0,0.0,0.0,0.0,0.0,-0.3814207200069256,5.374472225377365,0.0,0.0,0.0,0.0,0.0,0.0,0.0,1000.0,9.154097280166216,9.154097280166216,0.0,0.0,0.0,0.0,0.0,0.03356502336058543,586.067012538135,0.0,0.0,-999.8779453695977,0.0,0.0,0.0,0.0,0.0,0.0,0.0,0.0,0.0,0.0,0.0,0.0,0.0,0.0,256.0832417226044,0.0,0.0,0.0,0.0,32.03934048058176,2.34955163524266,0.0,0.0,0.0,0.0,0.0,586.067012538135,0.0,-0.9825397747375018,0.0,0.0,0.0,-3.8142072000692564,0.0,0.0,0.0,0.0,0.0,0.0,0.0,0.0,0.0,0.0,0.0,0.0,0.0,0.0,0.0,0.0,0.0,0.0,-0.030513657600554047,0.0,0.0,1.5256828800277025,-1000.0,0.0,0.0,0.0,0.0,0.0,0.0,0.0,0.0,-566.5737383362275,0.7628414400138512,0.0,0.0,0.0,0.03051365760055405,0.0,30.513657600554048,-9.459233856171755,6.102731520110811,0.21795469714681465,85.13310470554579,-0.022885243200415538,500.47944079490554,0.610273152011081,-0.15256828800283984,-85.13310470554579,9.154097280166216,-0.03051365760055405,12.677983278007538,64.45374740683535,0.007628414400138513,0.21795469714681465,-38.033949834022614,-4.857774290007782,-0.610273152011081,142.53283785819644,-0.03051365760055405,0.007628414400138513,-85.13310470554579,318.1936738192547,0.03051365760055405,0.030513657600554047,-586.002933857174,0.03356502336060954,-354.44810150333944,-0.022885243200415538,9.154097280166216,0.03051365760055405,721.8491475071372,697.438221426694,-0.015256828800277025,-67.97547184556896,-3.081879417655959,-0.022885243200415538,-0.03051365760055405,-9.459233856171755,0.03051365760055405,3.0513657600554183,-0.610273152011081,0.0,0.0,-3.0513657600554325,-142.53283785819644,0.0,6.10273152011081,0.045770486400831076,19.57740461332628,3.051365760055405,-140.23422378761722,64.45374740683535,-6.10273152011081,0.015256828800277024,0.3051365760055405,35.71193482657657,592.1697440582459,-0.030513657600554047,-592.9325854982596,586.002933857174,9.459233856171755,0.03051365760055405,4.857774290007782,-1000.0,64.45374740683535,-0.030513657600554047,-0.007628414400138513,-64.45374740683535,-0.03051365760055405,-996.9486342399446,0.03051365760055405,-0.007628414400138512,-0.007628414400138512,-0.007628414400138512,12.20546304022162,-697.438221426694,0.3051365760055405,209.30361183537917,-0.007628414400138513,58.745886375145595,1.5256828800277025,500.0,0.030513657600554047,0.015256828800277025,0.015256828800277025,35.27823946347308,9.459233856171755,0.030513657600554047,-9.459233856171755,0.3051365760055405,0.03051365760055405,-582.6972233565182,0.03051365760055405,0.1220546304022605,0.15256828800283984,0.015256828800277025,0.007628414400138513,9.154097280166216,-0.03051365760055405,354.44810150333944,0.3051365760055405,-418.60722367075834,499.7165993548917,-3.0513657600554183,6.10273152011081,1.5256828800277025,-0.03051365760055405,38.033949834022614,0.045770486400831076,-0.03051365760055405,-70.55647892694616,9.459233856171755,411.1902984825999,0.015256828800277025,-1000.0,-0.03051365760055405,-0.03051365760055405,-0.03051365760055405,0.015256828800277025,85.13310470554579,-6.10273152011081,0.030513657600554047,71.42386965315313,-0.007628414400138512,-0.03356502336060954,-71.42386965315313,4.577048640083107,3.081879417655959,-713.9021270275725,85.13310470554579,-0.022885243200415538,592.9325854982596,-592.1697440582459,0.03051365760055405,-0.007628414400138513,1.5256828800277025,30.513657600554048,-0.015256828800277025,-0.03051365760055405,0.007628414400138513,1000.0,0.0,-1000.0,373.393611521139,38.46823345326613,99.96746307712954,1000.0,527.7243314015649,315.14230805919925,307.1040166077448,-1000.0,379.60280903274565,-980.4073385578735,-153.5520083038724,-19.234116726633065,500.0,-315.14230805919925,-263.86216570078244,-586.067012538135,-170.34779504543243,980.4073385578735,-379.60280903274565,-170.34779504543243,-1000.0,998.4743171199723,-99.96746307712954,1496.5981,bhi
40,0.0,0.0,0.0,0.0,0.0,0.0,0.0,0.0,275.48113166867074,0.0,0.0,0.0,0.0,0.0,0.0,0.0,1000.0,386.0021792609232,0.0,-1000.0,0.0,0.0,0.0,0.0,0.0,0.0,0.0,0.0,0.0,-804.5925854497998,68.80596824336983,-68.80596824336983,239.78733482840005,0.0,0.0,0.0,0.0,999.9415189954311,0.0,-1000.0,831.5025131457719,0.0,0.0,41.65918053948644,0.0,0.0,0.0,0.0,1000.0,0.0,0.0,293.2904327435982,0.0,0.016082276256562944,0.0,0.0,0.0,2.924050228463361,0.0,0.0,-169.94838288411674,0.0,0.0,-388.78992431718956,0.0,0.0,0.0,0.0,0.0,0.0,0.0,0.14620251142316806,0.0,0.0,0.0,0.0,0.0,0.0,0.0,0.0,0.0,0.0,-4.78985398572028,0.0,8.772150685390084,0.0,218.67268383008434,-13.70847762594019,-306.9989103695384,0.0,291.22375428617954,0.0,0.0,0.0,4.386075342695042,0.0,168.49748685422816,-826.1487943449072,0.0,0.0,0.0,0.7310125571158402,-804.5925854497998,0.0,0.0,-255.06680013267203,0.0,0.0,0.0,0.0,0.0,0.0,0.0,0.0,0.0,0.0,0.0,0.0,0.0,0.0,0.0,0.0,0.0,0.0,-233.1961799060569,0.0,0.0,168.49748685422816,0.0,4.53227785411821,0.0,0.0,165.88434820407636,-165.88434820407636,0.0,0.0,0.0,0.0,0.0,-218.84154143307282,0.0,0.0,0.0,0.0,0.0,224.588297153763,0.014620251142316803,291.2274093489651,0.0,0.0,0.0,-197.3773617784392,0.0,0.0,4.78985398572028,0.0,394.4564284616327,0.0,0.0,0.0,0.0,0.0,931.1794115054878,931.1794115054878,0.0,0.0,0.0,0.0,431.5325674085419,0.0,0.0,1000.0,0.0,0.0,0.0,436.01543004213386,0.0,0.0,0.0,0.0,0.0,0.0,0.0,0.0,0.0,0.0,-231.15492968286904,0.0,0.0,0.0,0.0,736.1599898704661,0.0,0.0,0.0,0.0,0.0,0.0,-293.2904327435982,306.9989103695384,-306.9989103695384,218.84154143307282,0.0,0.0,0.0,0.0,0.0,0.0,0.0,-1000.0,0.0,0.0,0.0,0.0,0.0,0.0,0.0,0.0,0.0,0.0,0.0,0.0,0.0,0.0,-632.663126253101,-902.116981806602,0.0,0.0,0.0,0.0,-123.49901815776704,0.0,0.0,0.0,0.0,-169.94838288411674,-943.7761623460884,68.80596824336983,0.0,0.0,0.0,0.0,0.0,0.0,0.0,0.0,0.0,164.1114115115331,0.0,999.9780696232865,385.9802488842098,1000.0,0.0,902.116981806602,0.0,0.0,218.84154143307282,-21.034729089593636,0.0,0.0,0.0,-195.22466141092127,0.0,0.0,-273.73423874772647,-874.9999999999592,0.0,601.2657612522328,0.0,874.9999999999592,0.0,0.0,-1000.0,0.0,0.0,-54.55202258824189,0.0,0.0,0.0,0.0,0.0,0.0,0.0,343.9527080074624,0.0,0.0,0.0,0.0,0.0,0.0,-169.94838288411674,-0.021930376713475207,0.0,0.0,0.0,0.0,0.014620251142316803,0.0,0.0,0.0,-1000.0,1000.0,0.0,-170.04453342178135,-612.0429952834949,0.0,1000.0,0.0,-498.428819119633,0.0,-255.06680013267203,0.0,0.0,0.0,598.9837256367418,0.0,-100.55490651710885,-1000.0,-1000.0,0.0,0.0,0.0,0.0,0.0,0.0,0.0,0.0,0.0,0.0,0.0,0.0,0.0,0.0,0.0,0.0,0.0,0.0,0.0,-1000.0,4.78985398572028,0.0,756.8720540147552,0.0,0.0,0.0,-155.78232891039318,0.0,0.0,0.0,0.0,0.0,0.0,0.0,993.0720721374499,0.0,0.0,-852.682063887768,802.5493339863406,0.0,-519.373790906116,0.0,-993.8030846945658,0.0,-0.3655062785579201,-803.2803465434564,592.1077402838037,0.0,-1000.0,1000.0,552.8137538913485,168.49748685422816,0.0,0.0,0.0,0.0,0.0,275.4957519198131,0.0,0.0,0.0,0.0,-10.72558808927596,0.0,0.0,0.0,0.0,0.0,0.0,0.0,0.0,-121.39293954113693,0.0,0.0,0.0,0.0,0.0,0.0,0.0,-998.5379748857683,0.0292405022846174,0.0,0.0,0.0,0.0,0.0,0.0,0.0,0.0,0.0,0.0,0.0,0.0,0.0,0.0,0.0,0.0,0.0,0.0,0.0,0.016082276256562944,0.016082276256562944,68.80596824336983,306.21779046136953,0.0,8.772150685390084,0.0,0.0,0.0,1000.0,0.0,182.18098824024634,218.67268383008434,0.0,0.0,1000.0,-1000.0,0.0,0.0,0.0,0.0,0.0,0.0,0.0,0.0,0.0,0.0,0.0,0.0,0.0,77.73205996868563,1000.0,197.3773617784392,0.0,219.79844316804272,0.0,0.0,0.0,-95.34252327530578,0.0,1000.0,0.0,895.7594549171216,-894.29742980289,0.0,0.0,0.0,0.0,0.0,0.0,0.0,0.0,0.0,0.0,0.0,0.0,0.0,0.0,0.0,0.0,8.772150685390084,218.84154143307282,218.84154143307282,0.0,0.0,0.0,0.0,0.0,0.0,0.0,0.0,0.0,0.0,0.14620251142316806,0.0,68.80596824336983,218.67268383008434,-218.67268383008434,68.80596824336983,-293.2904327435982,0.0,0.0,168.49748685422816,0.0,0.0,0.0,0.0,0.0,0.0,0.0,0.0,0.0,0.0,269.06094793833523,0.0,0.0,4.386075342695042,4.386075342695042,192.62578015718623,-1000.0,0.0,0.0,0.0,0.0,0.0,0.0,0.0,804.5925854497998,0.0,1000.0,0.014620251142316803,0.0,0.0,19.308130240735387,0.0,728.1917094488243,0.0,0.0,0.0,0.0,0.0,0.0,0.0,0.0,0.0,0.0,0.0,0.0,0.0,0.0,0.0,0.0,0.014620251142316803,0.0,0.0,0.0,0.0,0.0,0.0,0.0,0.0,0.0,0.0,612.0332516722833,0.0,-10.943526567921225,-1000.0,-1.0965188356737605,-0.7310125571158402,0.0,0.0,0.0,0.0,0.0,0.0,0.0,0.0,0.0,0.0,0.0,0.0,218.84154143307282,0.0,0.0,0.0,-446.45523355153574,0.0,0.0,0.0,275.48113166867074,0.0,0.0,0.014620251142316803,0.0,0.014620251142316803,0.0,0.0,0.0,8.772150685390084,17.836706393626503,17.836706393626503,0.0,0.0,0.0,0.0,0.0,0.0,0.0,197.3773617784392,0.0,0.0,0.0,0.0,0.0,600.2425292600954,0.0,0.0,0.0,0.0,0.0,0.0,0.0,0.0,0.0,0.0,0.0,0.0,0.0,95.34252327530578,0.0,0.0,0.0,0.021930376713475207,0.0,0.0,0.0,-168.49748685422816,0.0,0.0,0.0,0.0,0.0,-306.21779046136953,0.7310125571158402,0.0,0.0,0.0,0.0,-431.5325674085419,144.83880234247195,0.0,0.0,0.0,0.0,0.0,0.0,0.0,0.0,218.84154143307282,0.0,0.0,627.2502825435485,306.21779046136953,0.0,-805.5466884500241,473.1249093161523,0.0,-10.943526567921225,10.943526567921225,0.0,4.78985398572028,-38.87143548322014,0.0,0.7310125571158402,1000.0,0.0,0.0,-68.80596824336983,-558.7383072013056,0.0,0.0,0.0,0.0,0.0,0.0,0.0,0.0,0.0,228.9618920115215,0.0,17.836706393626503,0.0,-536.2648507112756,-536.2648507112756,605.0708189546456,0.0,0.0,0.0,0.0,0.0,0.0,0.0,0.0,309.50734696839083,-19.308130240735387,-1000.0,0.0,4.386075342695042,218.67268383008434,0.0,0.0,0.0,-351.4044140768855,0.0,0.0,0.016082276256562944,0.0,0.0,0.0,8.918353196813252,0.0,0.0,0.0,0.0,-632.663126253101,0.0,0.0,0.0,0.0,0.0,0.0,0.0,0.0,0.0,0.0,0.0014620251142316804,0.0014620251142316804,0.0,0.0,0.0,0.0,0.0,0.0,0.0,0.0,0.0,19.308130240735387,68.80596824336983,0.0,0.0,0.0,0.0,306.21779046136953,0.0,0.0,0.0,0.0,0.0,0.0,0.0,0.0,0.0,0.0,0.0,437.3453676601687,0.0,706.7095672564018,386.0021792609232,0.0,0.0,0.0,8.772150685390102,0.0,0.0,0.0,0.0,0.0,-383.77215068539044,375.00000000000034,0.0,437.3453676601687,0.0,0.0,0.0,0.0,0.0,0.0,0.0,68.80596824336983,68.80596824336983,0.0,-1000.0,-1000.0,610.2574012925824,-556.1703258084028,387.67283895417467,0.0,999.9415189954311,0.0,0.0,0.0,0.0,0.0,0.0,0.0,0.0,0.0,437.5,0.0,-437.49999999999994,-437.49999999999994,0.0,0.0,0.0,0.0,-1.8275313927896009,218.84154143307282,-1.0965188356737605,599.1460104244215,0.0,0.0,0.0,0.0,0.0,-0.18275313927896006,0.0,126.18279352685721,0.0,0.0,0.0,0.0,0.0,0.0,0.0,1000.0,4.386075342695042,4.386075342695042,0.0,0.0,0.0,0.0,0.0,0.016082276256562944,306.21779046136953,0.0,0.0,-999.9415189954311,0.0,0.0,0.0,0.0,0.0,0.0,0.0,0.0,0.0,0.0,0.0,0.0,0.0,0.0,0.0,0.0,0.0,0.0,0.0,15.351263699432646,0.0,0.0,219.79844316804272,0.0,0.0,0.0,306.21779046136953,0.0,-214.84655522973966,0.0,0.0,0.0,-1.8275313927896009,0.0,0.0,0.0,0.0,0.0,0.0,0.0,0.0,0.0,0.0,0.0,0.0,0.0,0.0,0.0,0.0,0.0,0.0,-0.014620251142316803,0.0,0.0,0.7310125571158402,-1000.0,0.0,0.0,0.0,0.0,218.84154143307282,0.0,0.0,0.0,-598.9837256367418,0.3655062785579201,0.0,0.0,0.0,0.014620251142316803,0.0,14.620251142316803,-4.53227785411821,2.9240502284633614,0.10443036530226289,40.79050068706388,-0.010965188356737604,0.7310125571158324,0.2924050228463361,-0.07310125571120807,-40.79050068706388,4.386075342695042,-0.014620251142316805,85.02226671089068,0.0,0.0036550627855792012,0.10443036530226289,-255.06680013267203,-221.00022781194062,68.5135632205235,-386.0021792609232,-0.014620251142316805,0.0036550627855792012,-40.79050068706388,1.4620251142316805,0.014620251142316805,0.014620251142316803,-306.18708793397064,-218.65660155382778,0.0,-0.010965188356737604,4.386075342695042,0.014620251142316805,168.49748685422816,156.8012859403747,-0.0073101255711584025,115.67717180371136,122.02237279239304,-0.010965188356737604,-0.014620251142316805,-4.53227785411821,0.014620251142316803,1.4620251142316805,-0.2924050228463361,95.34252327530578,95.34252327530578,-1.4620251142316805,386.0021792609232,-95.34252327530578,2.924050228463361,0.021930376713475207,-47.651734263487924,1.4620251142316805,-77.73205996868563,0.0,-2.924050228463361,0.0073101255711584025,0.14620251142316806,42.51113335544534,309.1418406898329,-0.014620251142316803,-309.50734696839083,306.18708793397064,4.53227785411821,0.014620251142316805,221.00022781194062,-181.65571288231328,0.0,-0.014620251142316803,-0.0036550627855792012,0.0,-0.014620251142316805,-998.5379748857683,0.014620251142203118,-0.0036550627855792012,-0.0036550627855792012,-0.0036550627855792012,5.848100456926722,-156.8012859403747,0.14620251142316806,10.8317785650639,-0.0036550627855792012,0.0,0.7310125571158402,500.0,0.014620251142316803,0.0073101255711584025,0.0073101255711584025,1.4620251142316805,4.53227785411821,0.014620251142316803,-4.53227785411821,0.14620251142316806,0.014620251142316805,-10.8317785650639,0.014620251142316805,0.058481004568861295,0.07310125571120807,0.0073101255711584025,0.0036550627855792012,4.386075342695042,-0.014620251142316805,0.0,-34.25678161026175,-21.6635571301278,0.36550627855792817,-1.4620251142316805,2.924050228463361,0.7310125571158402,-0.014620251142316805,255.06680013267203,0.021930376713475207,-0.014620251142316805,-2.924050228463361,4.53227785411821,411.452580087525,0.0073101255711584025,-1000.0,-0.014620251142316805,-0.014620251142203118,-0.014620251142316805,0.0073101255711584025,40.79050068706388,-2.924050228463361,0.014620251142316803,85.02226671089068,-0.0036550627855792012,218.65660155382778,-85.02226671089068,2.1930376713475206,-122.02237279239304,130.93743685053838,40.79050068706388,-0.010965188356737604,309.50734696839083,-309.1418406898329,0.014620251142316805,-0.003655062785579201,0.7310125571158402,14.620251142316803,-0.0073101255711584025,-0.014620251142316805,0.0036550627855792012,279.5394933620788,0.0,47.644424137916765,0.0,1000.0,0.0,-291.52595231453813,233.01446693750708,0.0,-207.16795173541095,-465.3233714553397,1000.0,0.0,103.58397586770548,-500.0,232.66168572766986,0.0,-116.50723346875354,-306.21779046136953,-60.048166010639534,0.0,-1000.0,-60.048166010639534,291.52595231453813,-55.66613227322827,0.0,1496.5981,bhi
41,0.0,0.0,0.0,0.0,0.0,0.0,0.0,0.0,-0.07456530892372899,0.0,0.0,0.0,0.0,0.0,0.0,0.0,166.91518879216142,1000.0,0.0,-837.445964486674,0.0,0.0,0.0,0.0,0.0,677.3672412995173,0.0,0.0,0.0,676.1721945091409,0.0,0.0,692.0377170338428,0.0,0.0,0.0,0.0,600.5304007495096,0.0,-1000.0,856.0550077999543,0.0,0.0,1000.0,0.0,0.0,0.0,0.0,-661.8323327593693,0.0,0.0,899.8530365896225,0.0,0.08202183981617564,0.0,0.0,0.0,14.9130617847458,0.0,0.0,-160.1704674870179,0.0,268.3485390871041,0.0,0.0,0.0,0.0,0.0,74.15317304326634,-74.15317304326634,0.0,0.74565308923729,0.0,0.0,0.0,0.0,0.0,0.0,0.0,931.6489648106729,0.0,0.0,0.0,0.0,44.7391853542374,0.0,189.6631064811634,1000.0,579.6622255132763,-163.06389592766428,-0.01864132723093225,0.0,0.0,0.0,22.3695926771187,0.0,196.5089014684901,0.0,336.58032850444727,0.0,0.0,3.72826544618645,676.1721945091409,0.0,0.0,-306.31438963894266,0.0,1000.0,0.0,0.0,0.0,0.0,0.0,0.0,0.0,0.0,0.0,0.0,0.0,0.0,0.0,0.0,0.0,0.0,-1000.0,0.0,0.0,196.5089014684901,0.0,23.11524576635599,0.0,0.0,-597.6365910519507,0.0,597.6365910519507,-597.6365910519507,0.0,85.27780114245547,-85.27780114245547,-108.17807160008618,0.0,0.0,0.0,0.0,0.0,195.40463526829052,0.07456530892372899,0.0,0.0,0.0,0.0,0.0,0.0,0.0,171.75649899261578,0.0,531.3569557011887,0.0,0.0,0.0,0.0,0.0,421.86429621833474,421.86429621833474,0.0,0.0,0.0,0.0,578.614760567446,0.0,0.0,421.9388615272585,0.0,0.0,0.0,-469.7808658876608,-956.6997838633685,0.0,0.0,0.0,0.0,0.0,0.0,0.0,0.0,0.0,-484.8247995405495,0.0,0.0,0.0,0.0,-1000.0,0.0,0.0,0.0,0.0,0.0,0.0,-899.8530365896225,-416.5983295856121,416.5983295856121,0.0,0.0,0.0,0.0,0.0,0.0,0.0,0.0,-1000.0,0.0,0.0,0.0,0.0,0.0,0.0,0.0,0.0,0.0,0.0,0.0,0.0,0.0,0.0,275.9178392244476,718.5979860476893,0.0,0.0,0.0,108.17807160008618,44.32175952374969,0.0,0.0,0.0,0.0,-160.1704674870179,-281.40201395231065,0.0,0.0,0.0,0.0,0.0,0.0,0.0,0.0,2.4010029473443133,0.0,174.1393087913714,0.0,3.7394449011115967,1000.0,-978.2836989346039,0.0,-718.5979860476893,0.0,0.0,108.17807160008618,-909.0303231130506,0.0,0.0,0.0,-138.40585082497364,0.0,0.0,-115.31368676335924,-1000.0,0.0,884.6863132366407,0.0,1000.0,163.06389592766428,0.0,307.6410752767059,0.0,0.0,163.71545237345424,0.0,0.0,0.0,-1000.0,0.0,1000.0,0.0,852.8004114659208,0.0,108.17807160008618,0.0,0.0,0.0,0.0,-160.1704674870179,-0.1118479633855935,0.0,0.0,0.0,0.0,0.07456530892372899,0.0,0.0,0.0,756.7683360604159,166.91518879216142,0.0,-515.4456844643788,494.3137495864875,956.6997838633685,1000.0,0.0,106.82226156413424,0.0,-306.31438963894266,0.0,0.0,0.0,855.5899759654284,-1000.0,37.58776247043738,-800.8906974133821,-1000.0,0.0,0.0,0.0,0.0,0.0,0.0,0.0,0.0,0.0,0.0,0.0,0.0,0.0,0.0,0.0,0.0,0.0,0.0,0.0,-1000.0,0.0,399.17133801479554,0.0,0.0,0.0,0.0,-197.80563821563484,0.0,336.58032850444727,0.0,0.0,0.0,1000.0,-875.0,-314.4248549754368,-1000.0,-74.15317304326634,-137.5755947725467,415.41026423684525,-1000.0,0.0,875.0,310.69658952925033,-189.33181462920902,998.1358672769068,-419.1385296830317,805.960483011898,0.0,-1000.0,-604.3956461528038,735.1764059994038,196.5089014684901,0.0,0.0,0.0,0.0,0.0,0.0,874.9999999999999,874.9999999999999,-874.9999999999999,-875.0,190.37359990402706,0.0,0.0,-1000.0,0.0,0.0,0.0,0.0,0.0,-49.19279361179517,0.0,0.0,52.56390926844432,0.0,0.0,0.0,0.0,79.40893775595751,0.1491306178471632,0.0,0.0,0.0,0.0,0.0,0.0,0.0,0.0,0.0,0.0,0.0,0.0,0.0,0.0,0.0,0.0,0.0,0.0,0.0,0.08202183981617564,0.08202183981617564,0.0,33.766852633180385,0.0,44.7391853542374,0.0,0.0,0.0,1000.0,0.0,0.0,189.6631064811634,0.0,0.0,989.647589873525,-1000.0,0.0,0.0,683.377869547747,0.0,0.0,52.56390926844432,0.0,0.0,0.0,0.0,0.0,0.0,0.0,333.3333333333333,-756.7683360604159,0.0,0.0,195.40463526829052,0.0,0.0,0.0,-44.32175952374969,0.0,989.647589873525,0.0,684.894802320513,384.16172530896944,1000.0,-1000.0,0.0,0.0,0.0,0.0,0.0,0.0,0.0,0.0,0.0,0.0,0.0,0.0,0.0,0.0,44.7391853542374,108.17807160008618,108.17807160008618,0.0,0.0,0.0,0.0,0.0,0.0,0.0,0.0,0.0,0.0,0.74565308923729,0.0,0.0,189.6631064811634,-189.6631064811634,0.0,-899.8530365896225,0.0,0.0,196.5089014684901,-683.377869547747,0.0,0.0,0.0,0.0,0.0,0.0,0.0,0.0,0.0,-480.54314032226034,1000.0,0.0,22.3695926771187,22.3695926771187,309.60711316066386,-1000.0,0.0,52.56390926844432,0.0,0.0,0.0,0.0,0.0,-875.2814970957588,0.0,-735.9435799092386,0.07456530892372899,0.0,0.0,0.0,98.47414262077326,0.0,0.0,0.0,0.0,0.0,0.0,0.0,0.0,0.0,0.0,0.0,0.0,0.0,0.0,0.0,0.0,0.0,0.07456530892372899,0.0,0.0,0.0,0.0,0.0,0.0,0.0,0.0,399.17133801479554,0.0,138.77469028881242,-171.75649899261578,0.0,-1000.0,-5.592398169279675,-3.728265446186453,0.0,0.0,0.0,0.0,0.0,0.0,0.0,0.0,0.0,0.0,0.0,0.0,108.17807160008618,956.6997838633685,0.0,0.0,-261.0953285544098,0.0,0.0,0.0,-0.07456530892372899,0.0,0.0,0.07456530892372899,0.0,0.07456530892372899,0.0,0.0,0.0,44.7391853542374,90.96967688694939,90.96967688694939,0.0,0.0,0.0,0.0,0.0,0.0,0.0,0.0,0.0,0.0,0.0,0.0,862.0100490637615,0.0,0.0,0.0,0.0,0.0,0.0,0.0,0.0,0.0,0.0,0.0,0.0,0.0,0.0,44.32175952374969,0.0,-677.3672412995173,677.3672412995173,0.1118479633855935,0.0,0.0,0.0,-196.5089014684901,0.0,0.0,0.0,0.0,0.0,-33.766852633180385,3.72826544618645,0.0,0.0,0.0,0.0,-578.614760567446,197.80563821563484,0.0,0.0,0.0,0.0,0.0,0.0,0.0,0.0,108.17807160008618,0.0,683.377869547747,38.24048997056968,33.766852633180385,0.0,-681.07222322387,-306.31438963894266,0.0,0.0,336.58032850444727,-336.58032850444727,171.75649899261578,-1000.0,0.0,3.728265446186453,520.5313638558714,0.0,0.0,0.0,-428.51900657412193,750.0000000000007,-750.0000000000007,1000.0,-1000.0,0.0,0.0,0.0,0.0,0.0,524.1840503430096,-50.54404714101972,90.96967688694939,0.0,0.0,0.0,0.0,0.0,0.0,0.0,0.0,0.0,2.4010029473443133,0.0,0.0,0.0,-98.47414262077326,260.01851541068504,0.0,22.3695926771187,189.6631064811634,0.0,0.0,0.0,-94.12856136090078,0.0,0.0,0.08202183981617564,0.0,0.0,0.0,45.48483844347469,0.0,0.0,0.0,0.0,275.9178392244476,0.0,0.0,0.0,0.0,0.0,0.0,0.0,0.0,0.0,0.0,0.0074565308923729,0.0074565308923729,0.0,0.0,0.0,0.0,0.0,0.0,0.0,0.0,0.0,0.0,0.0,0.0,0.0,0.0,0.0,33.766852633180385,0.0,0.0,0.0,0.0,0.0,0.0,0.0,0.0,0.0,0.0,0.0,379.3262129623268,-757.6598809746347,-1000.0,1000.0,0.0,0.0,0.0,44.7391853542374,0.0,0.0,0.0,0.0,0.0,0.0,-44.7391853542374,0.0,379.3262129623268,0.0,0.0,0.0,0.0,0.0,0.0,0.0,0.0,0.0,0.0,735.9435799092386,-1000.0,913.0872856765159,0.0,-196.5089014684901,0.0,999.7017387643051,0.0,0.0,0.0,0.0,0.0,0.0,0.0,0.0,0.0,62.50000000000001,0.0,-62.5,-62.5,0.0,0.0,0.0,0.0,-9.320663615466128,108.17807160008618,-5.592398169279675,906.9616980355013,0.0,0.0,0.0,0.0,0.0,-0.9320663615466126,0.0,220.94929260441094,0.0,0.0,0.0,0.0,0.0,0.0,0.0,1000.0,22.3695926771187,22.3695926771187,0.0,0.0,0.0,0.0,931.6489648106729,0.08202183981617564,33.766852633180385,0.0,0.0,-999.7017387643051,0.0,0.0,0.0,0.0,0.0,0.0,0.0,0.0,0.0,0.0,0.0,0.0,0.0,0.0,0.0,0.0,0.0,0.0,0.0,78.29357436991545,195.40463526829052,0.0,0.0,0.0,0.0,0.0,33.766852633180385,0.0,-201.53390366182128,0.0,0.0,0.0,-9.320663615466128,0.0,0.0,0.0,0.0,0.0,0.0,0.0,0.0,0.0,0.0,0.0,0.0,0.0,0.0,0.0,0.0,0.0,0.0,-0.07456530892372899,0.0,0.0,3.72826544618645,-989.647589873525,0.0,0.0,0.0,0.0,108.17807160008618,0.0,0.0,0.0,-855.5899759654284,1.864132723093225,0.0,0.0,677.3672412995173,0.07456530892372899,0.0,74.56530892372899,-23.11524576635599,14.9130617847458,0.5326093494552071,208.03721189720392,-0.05592398169279675,3.72826544618645,1.49130617847458,-0.37282654461862386,-208.03721189720392,22.3695926771187,-0.07456530892372908,102.10479654631422,52.56390926844432,0.01864132723093225,0.5326093494552071,-306.31438963894266,-201.53390366182128,-1.49130617847458,-329.4692243054874,-0.074565308923729,0.01864132723093225,-208.03721189720392,566.3280031091813,0.07456530892372908,0.074565308923729,-33.610265484440475,-189.5810846413473,0.0,-0.05592398169279675,22.3695926771187,0.074565308923729,196.5089014684901,136.8566543295069,-0.0372826544618645,81.27182357669665,-51.85285572504632,-0.05592398169279675,-0.074565308923729,-23.11524576635599,0.07456530892372899,7.4565308923729,-1.49130617847458,44.32175952374969,44.32175952374969,-7.456530892372939,329.4692243054874,-44.32175952374969,14.9130617847458,0.1118479633855935,-1000.0,7.4565308923729,-333.3333333333333,52.56390926844432,-14.9130617847458,0.0372826544618645,0.74565308923729,128.8614211160947,48.679914417926184,-0.074565308923729,-50.54404714101972,33.610265484440475,23.11524576635599,0.074565308923729,201.53390366182128,-769.9252424482104,52.56390926844432,-0.074565308923729,-0.01864132723093225,-52.56390926844432,-0.074565308923729,79.40893775595751,0.07456530892381427,-0.01864132723093225,-0.01864132723093225,-0.01864132723093225,29.8261235694916,-136.8566543295069,0.74565308923729,55.24357324886728,-0.01864132723093225,155.6180456858752,3.72826544618645,-35.97620343179231,0.074565308923729,0.0372826544618645,0.0372826544618645,-20.350550273448036,23.11524576635599,0.074565308923729,-23.11524576635599,0.74565308923729,0.074565308923729,-55.24357324886728,0.074565308923729,0.2982612356948948,0.37282654461862386,0.0372826544618645,0.01864132723093225,22.3695926771187,-0.074565308923729,0.0,0.74565308923729,-110.48714649773456,1.864132723093225,-7.4565308923729,14.9130617847458,3.72826544618645,-0.074565308923729,306.31438963894266,0.1118479633855935,-0.074565308923729,40.70110054689607,23.11524576635599,306.2362738303716,0.0372826544618645,71.95240686358461,-0.074565308923729,-0.07456530892381427,-0.074565308923729,0.0372826544618645,208.03721189720392,-14.9130617847458,0.07456530892372899,257.7228422321894,-0.01864132723093225,189.5810846413473,-257.7228422321894,11.184796338559348,51.85285572504632,-409.43257473705404,208.03721189720392,-0.05592398169279675,50.54404714101972,-48.679914417926184,0.074565308923729,-0.01864132723093225,3.728265446186453,74.56530892372899,-0.0372826544618645,-0.074565308923729,0.01864132723093225,1000.0,0.0,999.9627173455382,0.0,-1000.0,0.0,691.8550342587166,-1000.0,558.8714722168083,-1000.0,101.0277279501698,666.1591614391242,0.0,500.0,500.0,-50.5138639750849,-558.8714722168083,500.0,-33.766852633180385,-212.1077124694708,0.0,-666.1591614391242,-212.1077124694708,-691.8550342587166,727.161872907277,0.0,1496.5981,bhi
42,0.0,0.0,0.0,0.0,0.0,0.0,0.0,0.0,-0.1090465949967415,0.0,0.0,0.0,0.0,0.0,0.0,0.0,1000.0,-730.7400085247339,0.0,285.8486429931985,0.0,0.0,0.0,476.45962994420495,0.0,0.0,0.0,0.0,0.0,-1000.0,88.2273196379907,-88.2273196379907,0.0,0.0,0.0,0.0,0.0,999.5638136200132,0.0,-65.78789452639307,967.2860215009775,0.0,0.0,1000.0,0.0,0.0,0.0,0.0,-919.9156020295593,0.0,0.0,0.0,0.0,0.11995125449652733,0.0,0.0,0.0,21.809318999348303,0.0,0.0,46.374258615003555,0.0,268.62444168890346,-0.06415771467078221,0.0,0.0,0.0,0.0,1000.0,9.610059017054539,0.0,1.0904659499674154,0.0,0.0,0.0,0.0,0.0,0.0,0.0,0.0,0.0,0.0,556.3170398467846,0.0,65.4279569980449,0.0,19.634217379145678,1000.0,0.0,-193.51484707648893,-0.027261648749185376,0.0,0.0,-1000.0,32.71397849902245,0.0,32.71397849902245,-165.81613086709305,0.0,0.0,556.3170398467846,5.452329749837076,-1000.0,0.0,0.0,-365.3610478291524,0.0,0.0,0.0,0.0,0.0,0.0,0.0,0.0,0.0,0.0,0.0,0.0,0.0,0.0,0.0,0.0,0.0,0.0,-689.0453820531193,0.0,0.0,32.71397849902245,0.0,33.80444444898987,0.0,0.0,-516.1756303699325,-318.8042966273688,834.9799269973014,-834.9799269973014,182.55109932230445,0.0,0.0,-497.61395734088217,0.0,0.0,0.0,0.0,0.0,-528.2862346528898,0.1090465949967415,0.0,0.0,0.0,0.0,-1000.0,0.0,0.0,0.0,0.0,964.9224804342924,0.0,0.0,0.0,0.0,0.0,-389.78234643047927,-389.78234643047927,0.0,0.0,0.0,125.00000000000001,0.0,0.0,0.0,-301.4459801974918,0.0,0.0,0.0,407.6037662695562,0.0,0.0,0.0,0.0,0.0,0.0,0.0,0.0,0.0,0.0,-372.14018270342723,0.0,0.0,0.0,0.0,-571.4606197361956,0.0,0.0,0.0,0.0,0.0,0.0,0.0,193.51484707648893,-193.51484707648893,0.0,0.0,0.0,0.0,0.0,0.0,0.0,0.0,-1000.0,0.0,0.0,0.0,0.0,0.0,0.0,0.0,0.0,0.0,0.0,0.0,0.0,0.0,0.0,240.77981115419902,919.9156020295593,0.0,0.0,0.0,0.0,136.01168503965476,0.0,0.0,0.0,0.0,46.374258615003555,-80.0843979704407,88.2273196379907,0.0,0.0,0.0,0.0,0.0,0.0,0.0,0.0,0.0,0.0,0.0,193.51484707648893,0.0,273.59924504692964,0.0,-919.9156020295593,0.0,0.0,315.06285801857774,-518.285851470861,0.0,0.0,0.0,-140.5326939678522,0.0,0.0,217.1109360220941,0.0,0.0,217.11093602209417,0.0,0.0,193.51484707648893,0.0,-331.4609164254872,0.0,0.0,168.2283150012541,0.0,0.0,0.0,-603.8802700358715,0.0,603.8802700358715,0.0,-360.56672552492233,315.06285801857774,0.0,-168.1372911029789,125.0,0.0,0.0,46.374258615003555,-0.16356989249511228,0.0,0.0,0.0,0.0,0.1090465949967415,0.0,0.0,0.0,402.73495619751833,1000.0,0.0,-243.5740318861016,-160.97917178835894,0.0,1000.0,0.0,356.0281741566325,0.0,-365.3610478291524,0.0,0.0,0.0,497.04723314137465,-1000.0,146.9245927019929,-858.1042235946885,-1000.0,0.0,0.0,0.0,0.0,0.0,0.0,0.0,0.0,0.0,0.0,0.0,0.0,0.0,0.0,0.0,0.0,0.0,306.34747824539164,0.0,-693.6525217546084,0.0,0.0,74.07751087020692,0.0,0.0,0.0,616.5135542908805,0.0,0.0,0.0,0.0,0.0,0.0,0.0,0.0,-1000.0,0.0,177.07169127299392,-5.452329749837076,199.80802216430047,-1000.0,0.0,-33.08846849847178,0.0,997.2738351250815,0.0,0.0,0.0,340.4751257381698,0.0,-31.871069506152764,32.71397849902245,625.0000000000006,-625.0000000000006,0.0,399.59114433795105,0.0,0.0,0.0,0.0,0.0,0.0,882.7485128053344,0.0,0.0,0.0,0.0,0.0,0.0,0.0,0.0,-183.04590603027918,0.0,-874.9999999999995,0.0,0.0,0.0,0.0,0.0,-791.9341673448234,0.21809318999355584,0.0,0.0,0.0,0.0,0.0,0.0,0.0,0.0,0.0,694.5472009984768,0.0,0.0,0.0,0.0,0.0,0.0,0.0,0.0,0.0,0.11995125449652733,0.11995125449652733,88.2273196379907,118.46883218148264,0.0,65.4279569980449,0.0,0.0,0.0,-555.7265914061283,0.0,0.0,19.634217379145678,0.0,0.0,1000.0,555.7265914061283,0.0,0.0,0.0,0.0,0.0,0.0,0.0,0.0,0.0,0.0,0.0,0.0,0.0,229.68179401770644,-402.73495619751833,1000.0,27.6361387486347,113.06756629991082,0.0,-136.01168503965476,-863.9883149603452,-1000.0,0.0,1000.0,0.0,-791.9341673448234,1000.0,0.0,0.0,0.0,0.0,0.0,0.0,0.0,0.0,0.0,0.0,0.0,0.0,0.0,0.0,0.0,0.0,65.4279569980449,315.0628580185777,315.06285801857774,0.0,0.0,0.0,0.0,0.0,0.0,0.0,0.0,0.0,0.0,1.0904659499674154,0.0,88.2273196379907,19.634217379145678,-19.634217379145678,88.2273196379907,0.0,0.0,0.0,32.71397849902245,0.0,0.0,0.0,85.03676110601603,27.6361387486347,0.0,0.0,0.0,0.0,0.0,563.9599957715966,0.0,0.0,32.71397849902245,32.71397849902245,964.5598566260591,555.7265914061283,0.0,0.0,0.0,0.0,0.0,0.0,0.0,858.1042235946885,0.0,1000.0,0.1090465949967415,0.0,0.0,-855.9883932218033,1000.0,61.212071686518584,0.0,1000.0,0.0,-315.06285801857774,0.0,0.0,0.0,0.0,0.0,0.0,0.0,0.0,0.0,0.0,0.0,0.0,0.1090465949967415,0.0,0.0,0.0,-108.52761855936059,108.52761855936059,0.0,0.0,0.0,0.0,0.0,690.5910651610875,0.0,0.0,-1000.0,-8.178494624755613,0.0,-5.45232974983708,0.0,0.0,0.0,0.0,0.0,0.0,0.0,0.0,0.0,0.0,0.0,315.0628580185777,0.0,0.0,0.0,314.05638598185413,0.0,0.0,0.0,-0.1090465949967415,0.0,0.0,0.1090465949967415,0.0,0.1090465949967415,0.0,0.0,0.0,65.4279569980449,133.03684589602466,133.03684589602466,0.0,0.0,0.0,0.0,0.0,0.0,0.0,1000.0,0.0,0.0,0.0,0.0,506.4361449705942,0.0,0.0,0.0,0.0,0.0,0.0,0.0,0.0,0.0,0.0,0.0,0.0,0.0,0.0,136.01168503965476,0.0,-712.2570080045687,712.2570080045687,0.16356989249511228,0.0,0.0,0.0,-32.71397849902245,0.0,0.0,0.0,0.0,0.0,-118.46883218148264,5.452329749837076,0.0,0.0,0.0,-125.0,0.0,0.0,-5.45232974983708,0.0,-874.9999999999995,0.0,0.0,0.0,0.0,0.0,315.0628580185777,0.0,0.0,0.0,118.46883218148264,0.0,-21.809318999348303,-304.1489761426337,0.0,616.5135542908805,0.0,-616.5135542908805,0.0,-651.3226973668856,0.0,5.45232974983708,443.8723866518678,0.0,0.0,-88.2273196379907,-222.31434078857055,0.0,0.0,0.0,0.0,0.0,0.0,0.0,0.0,0.0,355.783193453916,0.0,133.03684589602466,0.0,0.0,0.0,88.2273196379907,0.0,0.0,0.0,0.0,0.0,0.0,0.0,0.0,143.00431605574948,-838.5588077766736,0.0,0.0,32.71397849902245,19.634217379145678,0.0,0.0,0.0,-79.67720240464425,0.0,0.0,0.11995125449652733,0.0,0.0,0.0,66.51842294801233,0.0,0.0,0.0,0.0,240.77981115419902,0.0,0.0,0.0,0.0,0.0,0.0,0.0,0.0,0.0,0.0,0.01090465949967415,0.01090465949967415,0.0,0.0,0.0,0.0,0.0,0.0,0.0,0.0,0.0,-855.9883932218033,88.2273196379907,0.0,0.0,0.0,0.0,118.46883218148264,0.0,0.0,0.0,0.0,0.0,0.0,0.0,0.0,0.0,0.0,0.0,39.268434758291356,1000.0,34.472124538152,-730.7400085247339,0.0,0.0,0.0,65.4279569980449,0.0,0.0,0.0,0.0,0.0,-65.4279569980449,0.0,0.0,39.268434758291356,0.0,0.0,0.0,0.0,0.0,0.0,0.0,88.2273196379907,88.2273196379907,0.0,-1000.0,-1000.0,581.1330625433621,0.0,-32.71397849902245,0.0,999.5638136200132,0.0,0.0,0.0,0.0,0.0,0.0,0.0,0.0,0.0,0.0,0.0,0.0,0.0,0.0,0.0,0.0,0.0,-13.630824374592693,315.06285801857774,-8.178494624755613,498.2576503458386,0.0,0.0,0.0,0.0,0.0,0.0,-1.3630824374592692,183.04590603027918,0.0,0.0,0.0,0.0,0.0,0.0,0.0,1000.0,32.71397849902246,32.71397849902246,0.0,0.0,0.0,0.0,0.0,0.11995125449652733,118.46883218148264,0.0,0.0,-999.5638136200132,0.0,0.0,0.0,0.0,0.0,0.0,0.0,0.0,0.0,0.0,0.0,0.0,0.0,0.0,356.12850400228433,0.0,0.0,0.0,0.0,114.49892474657858,28.030805193894793,0.0,0.0,0.0,0.0,0.0,118.46883218148264,0.0,-91.73861999688611,0.0,0.0,0.0,-13.630824374592693,0.0,0.0,0.0,0.0,0.0,0.0,0.0,0.0,0.0,0.0,0.0,0.0,0.0,0.0,0.0,0.0,0.0,0.0,-0.1090465949967415,0.0,0.0,5.452329749837076,-1000.0,0.0,0.0,0.0,0.0,315.06285801857774,0.0,0.0,0.0,-497.04723314137465,2.7261648749184815,0.0,0.0,0.0,0.1090465949967415,0.0,109.0465949967415,-33.80444444898987,21.809318999348307,0.7789042499767251,304.24000004090885,-0.08178494624755613,5.452329749837075,2.1809318999348304,-0.5452329749834917,-304.24000004090885,32.71397849902246,-0.1090465949967415,121.7870159430508,0.0,0.02726164874918538,0.7789042499767251,-365.3610478291524,-36.99443530262727,86.04638773805587,-555.1086344684646,-0.1090465949967415,0.02726164874918538,-304.24000004090885,10.904659499674151,0.1090465949967415,0.1090465949967415,-118.23983433198937,-19.51426612464926,0.0,-0.08178494624755613,32.71397849902245,0.1090465949967415,32.71397849902245,-54.52329749837075,-0.05452329749837076,-234.2003847759876,-147.02539113432564,-0.08178494624755614,-0.1090465949967415,-33.80444444898987,0.1090465949967415,10.904659499674153,-2.1809318999348304,136.01168503965476,136.01168503965476,-10.904659499674151,555.1086344684646,-136.01168503965476,21.8093189993483,0.16356989249511225,-1000.0,10.904659499674151,-229.68179401770644,0.0,-21.809318999348303,0.05452329749837075,1.0904659499674154,60.8935079715254,140.27815118083095,-0.1090465949967415,-143.00431605574948,118.23983433198937,33.80444444898987,0.1090465949967415,36.99443530262727,-130.85591399609,0.0,-0.1090465949967415,-0.027261648749185376,0.0,-0.1090465949967415,-791.9341673448234,0.10904659499669385,-0.027261648749185376,-0.027261648749185376,-0.027261648749185376,43.618637998696606,54.52329749837075,1.0904659499674154,387.193264045473,-0.02726164874918538,0.0,5.452329749837076,401.4194134222488,0.1090465949967415,0.05452329749837076,0.05452329749837075,-146.62676950961472,33.80444444898987,0.1090465949967415,-33.80444444898987,1.0904659499674154,0.1090465949967415,-1000.0,0.1090465949967415,0.43618637998682175,0.5452329749834917,0.05452329749837076,0.02726164874918538,32.71397849902245,-0.1090465949967415,0.0,-43.023193869027935,-774.386528090946,2.7261648749185383,-10.904659499674153,21.809318999348303,5.452329749837076,-0.1090465949967415,365.3610478291524,0.16356989249511225,-0.1090465949967415,293.25353901922944,33.80444444898987,309.05299900636095,0.05452329749837075,-802.8388268444976,-0.1090465949967415,-0.10904659499669385,-0.10904659499674152,0.05452329749837075,304.24000004090885,-21.809318999348303,0.1090465949967415,121.7870159430508,-0.027261648749185376,19.51426612464926,-121.7870159430508,16.356989249511226,147.02539113432564,608.7621503321283,304.24000004090885,-0.08178494624755614,143.00431605574948,-140.27815118083095,0.1090465949967415,-0.02726164874918537,5.45232974983708,109.0465949967415,-0.05452329749837076,-0.1090465949967415,0.02726164874918538,1000.0,0.0,999.9454767025017,612.8067359545271,-599.333952337425,0.0,-28.000687435277825,-306.55890589206194,0.0,1000.0,-1000.0,1000.0,0.0,-500.0,299.6669761687125,500.0,0.0,153.27945294603097,-118.46883218148264,-229.3757966017167,0.0,-1000.0,-229.3757966017167,28.000687435277825,45.975283530569016,0.0,1496.5981,bhi
43,0.0,0.0,0.0,0.0,0.0,0.0,0.0,0.0,-0.09279246412453288,0.0,0.0,0.0,0.0,0.0,0.0,0.0,201.06148930818085,-587.6345467573591,0.0,1000.0,0.0,0.0,0.0,0.0,0.0,0.0,0.0,0.0,0.0,-1000.0,0.0,0.0,734.8315026378616,0.0,0.0,0.0,0.0,-184.3186534218686,0.0,-1000.0,1000.0,0.0,-55.322648580600685,714.1828675360746,0.0,0.0,0.0,0.0,542.5543728030376,-892.7319482686047,0.0,0.0,0.0,0.10207171053707793,0.0,0.0,0.0,0.0,0.0,0.0,159.89567686429234,0.0,344.30712275028543,0.0,895.5814198245348,0.0,0.0,0.0,0.0,0.0,0.0,0.9279246412453289,0.0,0.0,0.0,0.0,0.0,0.0,0.0,302.26273809688774,0.0,0.0,0.0,0.0,55.67547847471973,0.0,0.0,-709.4646088634323,0.0,814.6865415272403,-0.023198116031133222,0.0,0.0,0.0,27.837739237359866,0.0,136.42582556995876,0.0,0.0,0.0,0.0,546.3337684524145,-1000.0,0.0,0.0,-263.11778390498614,0.0,735.8840360017853,0.0,0.0,0.0,0.0,0.0,0.0,0.0,0.0,0.0,0.0,0.0,0.0,0.0,0.0,0.0,0.0,-621.6820379220794,0.0,0.0,136.42582556995876,0.0,28.765663878605196,0.0,0.0,-382.3450440173289,0.0,382.3450440173289,-382.3450440173289,0.0,0.0,0.0,-504.20279961457777,0.0,0.0,0.0,0.0,0.0,7.145019737589027,0.09279246412453288,0.0,0.0,0.0,0.0,-411.7490976929496,0.0,0.0,0.0,0.0,490.8247785916872,0.0,0.0,0.0,0.0,0.0,845.2036394463514,845.2036394463514,0.0,0.0,0.0,0.0,0.0,0.0,0.0,845.2964319104759,0.0,0.0,0.0,-30.928904037206507,0.0,0.0,0.0,0.0,0.0,0.0,0.0,0.0,0.0,0.0,0.0,0.0,0.0,0.0,0.0,-1000.0,0.0,0.0,0.0,0.0,0.0,892.7319482686047,55.322648580600685,-579.2756893030357,579.2756893030357,504.20279961457777,0.0,0.0,0.0,0.0,0.0,0.0,0.0,-11.599058015566609,0.0,0.0,0.0,0.0,0.0,0.0,0.0,0.0,0.0,0.0,0.0,0.0,0.0,0.0,654.9318274077584,201.06148930818085,0.0,0.0,0.0,0.0,-356.101543883764,0.0,0.0,0.0,0.0,159.89567686429234,-513.1213782278937,0.0,0.0,0.0,0.0,0.0,0.0,0.0,0.0,2.9879173448094094,25.07794219366627,108.58808633259889,0.0,476.04695927756495,1000.0,-690.8632767828298,0.0,-201.06148930818085,0.0,0.0,504.20279961457777,992.8527313550128,0.0,0.0,0.0,268.9464404200924,0.0,0.0,-998.0154626049904,-1000.0,0.0,-998.0154626049903,1000.0,0.0,-579.2756893030357,0.0,0.0,892.7319482686047,0.0,110.78971917663301,0.0,0.0,0.0,643.4728481756343,0.0,-643.4728481756343,0.0,845.1108469822269,0.0,0.0,-126.61558618973899,0.0,0.0,0.0,159.89567686429234,-0.13918869618679933,0.0,0.0,0.0,0.0,0.09279246412453288,0.0,0.0,0.0,712.485001354418,201.06148930818085,0.0,-210.51150128213735,-31.055356477171546,0.0,1000.0,0.0,346.34307526972805,0.0,-263.11778390498614,0.0,0.0,0.0,676.0292743567111,-576.9466114692368,-445.4257381572023,-375.05458634993107,324.56647555353493,0.0,0.0,0.0,0.0,0.0,0.0,0.0,0.0,0.0,0.0,0.0,0.0,0.0,0.0,0.0,0.0,0.0,-1000.0,0.0,-816.0525164346293,0.0,0.0,0.0,0.0,0.0,0.0,-10.132937082398437,0.0,0.0,0.0,0.0,541.6941452461879,576.9466114692368,-625.0000000000001,724.5133041706795,-634.6357423042556,0.0,87.59603229864501,-4.639623206226644,341.85571800821526,-705.39373831253,625.0000000000001,-1000.0,1000.0,632.3159307011423,0.0,-1000.0,0.0,-4.639623206226644,1000.0,-1000.0,136.42582556995876,0.0,0.0,0.0,0.0,0.0,0.0,0.0,0.0,0.0,0.0,-755.4407089199204,0.0,0.0,0.0,0.0,0.0,0.0,0.0,0.0,-184.41144588599312,0.0,0.0,136.42582556995876,0.0,0.0,0.0,0.0,106.75690414485008,0.18558492824884854,0.0,0.0,0.0,0.0,0.0,0.0,0.0,0.0,0.0,0.0,0.0,0.0,0.0,0.0,0.0,0.0,0.0,0.0,0.0,0.10207171053707793,0.10207171053707793,0.0,282.6418548863982,0.0,55.67547847471973,0.0,0.0,0.0,1000.0,0.0,0.0,0.0,0.0,0.0,-335.33080818821554,-1000.0,0.0,0.0,0.0,0.0,0.0,136.42582556995876,0.0,0.0,0.0,0.0,0.0,0.0,0.0,207.22734597402646,-712.485001354418,411.7490976929496,0.0,7.145019737589027,0.0,0.0,0.0,-148.10125573081376,0.0,-335.33080818821554,0.0,0.0,-228.57390404336547,0.0,0.0,0.0,0.0,0.0,0.0,0.0,0.0,0.0,0.0,0.0,0.0,0.0,0.0,0.0,0.0,55.67547847471973,504.20279961457777,504.20279961457777,0.0,0.0,0.0,0.0,0.0,0.0,0.0,0.0,0.0,0.0,0.9279246412453289,0.0,0.0,0.0,0.0,0.0,55.322648580600685,0.0,0.0,136.42582556995876,0.0,0.0,0.0,0.0,0.0,0.0,0.0,0.0,0.0,0.0,1000.0,0.0,0.0,27.837739237359866,27.837739237359866,1000.0,-1000.0,0.0,136.42582556995876,0.0,0.0,0.0,0.0,0.0,375.05458634993107,0.0,1000.0,0.09279246412453288,0.0,0.0,0.0,122.54570494274918,0.0,0.0,0.0,0.0,0.0,0.0,0.0,0.0,0.0,0.0,0.0,0.0,0.0,0.0,0.0,0.0,0.0,0.09279246412453288,0.0,0.0,0.0,315.3309691189686,-315.3309691189686,0.0,0.0,0.0,0.0,0.0,191.5672975643086,0.0,-201.70023464670714,183.94748356537067,-6.959434809339882,-4.478827811635079,-0.160795394591565,0.0,0.0,0.0,0.0,0.0,0.0,0.0,0.0,0.0,0.0,0.0,504.20279961457777,0.0,0.0,0.0,-1000.0,0.0,0.0,0.0,-0.09279246412453288,0.0,0.0,0.09279246412453288,0.0,0.09279246412453288,0.0,0.0,0.0,55.67547847471973,113.20680623193012,113.20680623193012,0.0,0.0,0.0,0.0,0.0,0.0,0.0,411.7490976929496,0.0,0.0,0.0,0.0,684.0187055178335,0.0,0.0,0.0,0.0,0.0,0.0,0.0,0.0,0.0,0.0,0.0,0.0,0.0,0.0,148.10125573081376,0.0,0.0,0.0,0.13918869618679933,0.0,0.0,0.0,-136.42582556995876,0.0,0.0,0.0,0.0,0.0,-282.6418548863982,4.639623206226644,0.0,0.0,0.0,0.0,0.0,10.132937082398437,-0.160795394591565,0.0,0.0,0.0,0.0,0.0,0.0,0.0,504.20279961457777,0.0,0.0,1000.0,282.6418548863982,0.0,1000.0,-263.11778390498614,0.0,0.0,201.70023464670714,-201.70023464670714,0.0,879.6459251230826,0.0,4.639623206226644,703.4338866374653,0.0,64.08107770387528,0.0,-184.41144588599312,0.0,0.0,0.0,0.0,0.0,0.0,0.0,0.0,0.0,-13.918869618679922,0.0,113.20680623193012,0.0,0.0,0.0,0.0,0.0,0.0,0.0,0.0,0.0,2.9879173448094094,0.0,0.0,303.5201593144181,-122.54570494274918,-1000.0,-55.322648580600685,27.837739237359866,0.0,0.0,0.0,0.0,-175.20002301487006,0.0,0.0,0.10207171053707793,0.0,0.0,0.0,56.60340311596506,0.0,0.0,0.0,0.0,654.9318274077584,0.0,0.0,0.0,0.0,0.0,0.0,0.0,0.0,-110.18232543639385,0.0,0.009279246412453288,0.009279246412453288,0.0,0.0,0.0,0.0,0.0,0.0,0.0,0.0,0.0,0.0,0.0,0.0,0.0,0.0,0.0,282.6418548863982,0.0,0.0,0.0,0.0,0.0,0.0,0.0,892.7319482686047,0.0,0.0,0.0,0.0,1000.0,1000.0,-587.6345467573591,0.0,0.0,0.0,55.67547847471974,0.0,0.0,0.0,0.0,0.0,-930.6754784747201,875.0000000000003,0.0,0.0,0.0,0.0,0.0,0.0,0.0,0.0,0.0,0.0,0.0,0.0,324.56647555353493,-1000.0,747.5815434431386,-579.4192574080728,442.99343183811396,0.0,-184.3186534218686,0.0,0.0,0.0,0.0,0.0,0.0,0.0,0.0,0.0,0.0,0.0,0.0,0.0,0.0,0.0,0.0,0.0,-11.599058015566609,504.20279961457777,-548.6535800555278,677.0592707084935,0.0,0.0,0.0,0.0,0.0,0.0,-1.159905801556661,184.41144588599312,0.0,0.0,0.0,0.0,0.0,0.0,0.0,1000.0,27.837739237359866,27.837739237359866,0.0,0.0,0.0,0.0,302.26273809688774,0.10207171053707793,282.6418548863982,0.0,0.0,184.3186534218686,0.0,0.0,0.0,0.0,0.0,0.0,0.0,0.0,0.0,0.0,0.0,0.0,0.0,0.0,0.0,0.0,0.0,0.0,0.0,97.43208733075953,7.145019737589027,0.0,0.0,0.0,0.0,0.0,282.6418548863982,0.0,-14.611764894033517,0.0,0.0,0.0,-11.599058015566609,0.0,0.0,0.0,0.0,0.0,0.0,0.0,0.0,0.0,0.0,0.0,0.0,0.0,0.0,0.0,0.0,0.0,0.0,-0.09279246412453288,0.0,0.0,4.639623206226644,335.33080818821554,0.0,0.0,0.0,0.0,504.20279961457777,0.0,0.0,0.0,-676.0292743567111,2.319811603113294,0.0,0.0,0.0,0.09279246412453288,0.0,92.79246412453287,-28.765663878605196,18.558492824906576,0.6628033151752348,258.8909749074468,-0.06959434809339966,275.4866958293205,1.8558492824906576,-0.4639623206224428,-258.8909749074468,27.837739237359866,-0.09279246412453289,87.70592796832871,136.42582556995876,0.023198116031133222,0.6628033151752348,-263.11778390498614,-14.772560288625082,-1.8558492824906576,-613.4269425508218,-0.09279246412453289,0.023198116031133222,-258.8909749074468,33.749072007023734,0.09279246412453289,0.09279246412453288,-282.4469907117366,0.10207171053698617,-101.83903068303931,-0.06959434809339966,27.837739237359866,0.09279246412453289,136.42582556995882,62.19185427033244,-0.046396232062266445,137.24981990132437,346.72950500718616,-0.06959434809339966,-0.09279246412453289,-28.765663878605196,0.09279246412453288,9.279246412453288,-1.8558492824906576,148.10125573081376,148.10125573081376,-9.279246412453286,613.4269425508218,-148.10125573081376,18.558492824906576,0.13918869618679933,-1000.0,9.279246412453288,-207.22734597402646,136.42582556995876,-18.558492824906576,0.046396232062266445,0.9279246412453289,52.627875320534336,301.2003477113048,-0.09279246412453288,-303.5201593144181,282.4469907117366,28.765663878605196,0.09279246412453289,14.772560288625082,-107.98304330664985,136.42582556995876,-0.09279246412453288,-0.023198116031133222,-136.42582556995876,-0.09279246412453289,106.75690414485008,0.09279246412440353,-0.023198116031133222,-0.023198116031133222,-0.023198116031133222,37.11698564981315,-62.19185427033244,0.9279246412453289,338.52855828909594,-0.023198116031133222,17.549822672739964,4.639623206226644,-48.738828866198396,0.09279246412453288,0.046396232062266445,0.046396232062266445,77.49215919743267,28.765663878605196,0.09279246412453288,-28.765663878605196,0.9279246412453289,0.09279246412453289,-878.0904411507653,0.09279246412453289,0.37116985649791445,0.4639623206224428,0.046396232062266445,0.023198116031133222,27.837739237359866,-0.09279246412453289,101.83903068303931,0.9279246412453288,-677.0571165781919,273.16688422620723,-9.279246412453288,18.558492824906576,4.639623206226644,-0.09279246412453289,263.11778390498614,0.13918869618679933,-0.09279246412453289,-154.98431839486534,28.765663878605196,571.0075595152272,0.046396232062266445,97.47765773239679,-0.09279246412453289,-0.09279246412440353,-0.09279246412453289,0.046396232062266445,258.8909749074468,-18.558492824906576,0.09279246412453288,105.25575064106867,-0.023198116031133222,-0.10207171053698617,-105.25575064106867,13.91886961867993,-346.72950500718616,450.6437708241041,258.8909749074468,-0.06959434809339966,303.5201593144181,-301.2003477113048,0.09279246412453289,-0.02319811603113322,4.639623206226644,92.79246412453287,-0.046396232062266445,-0.09279246412453289,0.023198116031133222,1000.0,0.0,764.5427515437332,539.5618828616693,-271.2764552971921,6.519449368759695,298.4438202288594,-1000.0,24.469825594570448,256.9633622682199,1000.0,-606.809395131957,-235.41085222420455,-128.48168113410995,135.63822764859603,-500.0,-24.469825594570448,500.0,-282.6418548863982,-395.8075365003571,235.41085222420455,606.809395131957,-395.8075365003571,-298.4438202288594,198.57380856152798,-6.519449368759695,1496.5981,bhi
44,0.0,0.0,0.0,0.0,0.0,0.0,0.0,0.0,290.1625788490611,0.0,0.0,0.0,0.0,0.0,0.0,0.0,-1000.0,534.7439372989857,0.0,822.2981146991142,0.0,0.0,0.0,667.7726823378221,0.0,444.9720409478916,0.0,0.0,0.0,-397.47240981872056,0.0,0.0,0.0,0.0,0.0,0.0,0.0,57.70755395611702,0.0,-1000.0,1.694068473308107,0.0,0.0,0.0,0.0,0.0,0.0,27.656260862562604,1000.0,0.0,0.0,-397.4724098187205,0.0,0.06244816727267398,0.0,0.0,0.0,39.01047309394767,0.0,0.0,-296.29749365849005,0.0,-703.7025063415099,-1000.0,698.8545732752765,0.0,0.0,0.0,37.75326451600097,544.16825501573,0.0,0.5677106115692531,0.0,0.0,0.0,0.0,0.0,0.0,0.0,426.8739052684682,0.0,0.0,67.65005913339874,0.0,34.06263669415519,0.0,291.2978555392707,-218.95138381967055,178.52102599904995,99.93687733832667,797.8099635143062,0.0,0.0,0.0,17.031318347077594,0.0,447.3817456666843,0.0,0.0,0.0,67.65005913339874,388.0170054187224,-397.47240981872056,0.0,0.0,0.0,0.0,0.0,0.0,0.0,0.0,0.0,0.0,0.0,0.0,0.0,0.0,0.0,0.0,0.0,0.0,0.0,0.0,0.0,-722.4860204739458,0.0,0.0,447.3817456666843,0.0,17.599028958646844,0.0,0.0,0.0,0.0,0.0,0.0,0.0,0.0,0.0,0.0,0.0,0.0,0.0,0.0,0.0,228.0191681149552,0.0567710611569253,797.8241562795954,0.0,0.0,0.0,0.0,0.0,0.0,0.0,0.0,294.8691473152032,0.0,0.0,0.0,0.0,0.0,373.38795850366046,373.38795850366046,0.0,0.0,0.0,0.0,-137.37962458548006,0.0,0.0,373.4447295648174,0.0,0.0,0.0,153.03218505185112,0.0,0.0,0.0,0.0,0.0,0.0,0.0,0.0,0.0,0.0,0.0,0.0,0.0,0.0,0.0,-758.0696139161182,0.0,0.0,0.0,0.0,0.0,0.0,397.4724098187205,-178.52102599904995,178.52102599904995,0.0,0.0,0.0,0.0,0.0,0.0,0.0,0.0,-18.45059487600072,0.0,0.0,0.0,0.0,0.0,0.0,0.0,0.0,0.0,0.0,0.0,0.0,0.0,0.0,-259.53285404988253,0.0,0.0,0.0,0.0,0.0,0.0,0.0,0.0,0.0,0.0,-296.29749365849005,0.0,0.0,0.0,0.0,0.0,0.0,0.0,0.0,0.0,1.8280281692512972,0.0,430.3504273196067,0.0,-900.1482792534086,-543.1062272553088,1000.0,0.0,0.0,0.0,0.0,0.0,30.767442175817678,0.0,0.0,0.0,-151.3705045499005,0.0,0.0,-777.4580541105051,0.0,0.0,-1000.0,222.5419458894949,-222.5419458894949,0.0,0.0,0.0,0.0,0.0,158.3912606278216,0.0,0.0,0.0,-1000.0,0.0,1000.0,0.0,-500.5623791753086,0.0,0.0,55.448507480559684,0.0,0.0,0.0,-296.29749365849005,-0.08515659173538795,0.0,0.0,0.0,0.0,0.0567710611569253,0.0,0.0,0.0,308.85984008018255,-1000.0,0.0,0.0,978.3850052860946,0.0,449.0758141399924,0.0,-1000.0,0.0,0.0,0.0,0.0,0.0,751.8255499511916,899.7188684273066,-651.5444183784982,-1000.0,-735.4144901032284,0.0,0.0,0.0,0.0,0.0,0.0,0.0,0.0,0.0,0.0,0.0,0.0,0.0,0.0,0.0,0.0,0.0,-942.0653617992552,0.0,-1000.0,0.0,0.0,0.0,0.0,0.0,0.0,-229.8471962842065,0.0,0.0,0.0,0.0,385.1784523608762,0.0,0.0,406.1154959678652,789.3982524772697,-937.4721329433075,0.0,-2.838553057846265,0.0,-181.6113537861046,0.0,-601.5432752061495,0.0,-790.8175290061928,0.0,0.0,0.0,0.0,560.5395130267148,766.7452417012898,447.3817456666843,0.0,0.0,0.0,0.0,0.0,290.21934991021806,375.0,375.0,-375.0,-375.0,-914.705784609938,0.0,0.0,0.0,0.0,0.0,0.0,0.0,0.0,-9.99927623843871,0.0,125.00000000000011,0.0,0.0,0.0,0.0,0.0,-706.9145997165668,0.11354212231388852,0.0,0.0,0.0,0.0,0.0,0.0,0.0,0.0,0.0,581.921519531731,0.0,0.0,0.0,0.0,0.0,0.0,0.0,0.0,0.0,0.06244816727267398,0.06244816727267398,0.0,141.1432258385377,0.0,34.06263669415519,0.0,0.0,0.0,1000.0,0.0,0.0,291.2978555392707,0.0,0.0,1000.0,-1000.0,0.0,0.0,0.0,0.0,0.0,0.0,0.0,0.0,0.0,0.0,0.0,0.0,0.0,240.82867349131527,-308.85984008018255,0.0,0.0,295.66922724835393,0.0,0.0,0.0,0.0,0.0,1000.0,0.0,275.5951471137072,17.490253169725975,0.0,0.0,0.0,0.0,0.0,0.0,0.0,0.0,0.0,0.0,0.0,0.0,0.0,0.0,0.0,0.0,34.06263669415519,0.0,0.0,0.0,0.0,0.0,0.0,0.0,0.0,0.0,0.0,0.0,0.0,0.5677106115692531,0.0,0.0,291.2978555392707,-291.2978555392707,0.0,397.4724098187205,0.0,0.0,447.3817456666843,0.0,0.0,0.0,0.0,0.0,0.0,0.0,0.0,0.0,0.0,1000.0,0.0,0.0,17.031318347077594,17.031318347077594,1000.0,-1000.0,0.0,0.0,0.0,0.0,0.0,0.0,0.0,563.9410665668272,0.0,716.0212093811892,0.0567710611569253,0.0,0.0,0.0,74.97429640931372,211.2787269420404,0.0,0.0,0.0,0.0,0.0,0.0,0.0,0.0,0.0,0.0,0.0,0.0,0.0,0.0,0.0,0.0,0.0567710611569253,0.0,0.0,0.0,0.0,0.0,0.0,0.0,0.0,0.0,0.0,-229.8471962842065,0.0,0.0,-57.93463820074479,-4.257829586769395,-2.838553057846265,0.0,0.0,0.0,0.0,0.0,0.0,0.0,0.0,0.0,0.0,0.0,0.0,0.0,0.0,0.0,0.0,769.5837947591361,0.0,0.0,0.0,290.1625788490611,0.0,0.0,0.0567710611569253,0.0,0.0567710611569253,0.0,0.0,0.0,34.06263669415519,69.26069461144887,69.26069461144887,0.0,0.0,0.0,0.0,0.0,0.0,0.0,0.0,0.0,0.0,0.0,0.0,0.0,756.713538316803,0.0,0.0,0.0,0.0,0.0,0.0,0.0,0.0,0.0,0.0,0.0,0.0,0.0,0.0,0.0,-1000.0,1000.0,0.08515659173538795,0.0,0.0,0.0,-447.3817456666843,0.0,0.0,0.0,0.0,0.0,-141.1432258385377,2.838553057846265,0.0,0.0,0.0,0.0,137.37962458548006,229.8471962842065,0.0,0.0,125.00000000000011,0.0,0.0,0.0,0.0,0.0,0.0,0.0,0.0,0.0,141.1432258385377,0.0,988.6457877686149,211.2787269420404,0.0,0.0,0.0,0.0,0.0,-38.49325243563119,0.0,2.838553057846265,1000.0,0.0,221.72491192156042,0.0,-592.5949873169801,625.0000000000006,-625.0000000000006,0.0,0.0,0.0,0.0,0.0,0.0,0.0,-8.51565917353878,0.0,69.26069461144887,0.0,0.0,0.0,0.0,0.0,0.0,0.0,0.0,0.0,1.8280281692512972,0.0,0.0,153.9167145988459,-656.8958159410447,-416.02597478274083,0.0,17.031318347077594,291.2978555392707,0.0,0.0,0.0,-375.2117585591635,0.0,0.0,0.06244816727267398,0.0,0.0,0.0,34.630347305724435,0.0,0.0,0.0,0.0,-259.53285404988253,0.0,0.0,0.0,0.0,0.0,0.0,0.0,0.0,-1000.0,0.0,0.005677106115692693,0.005677106115692693,0.0,0.0,0.0,0.0,0.0,0.0,0.0,0.0,0.0,0.0,0.0,0.0,0.0,0.0,0.0,141.1432258385377,0.0,0.0,0.0,0.0,0.0,0.0,0.0,0.0,0.0,0.0,0.0,582.5957110785414,219.77052451783476,0.0,534.7439372989857,0.0,0.0,0.0,34.06263669415519,0.0,0.0,0.0,0.0,0.0,0.0,-34.06263669415519,0.0,582.5957110785414,0.0,0.0,0.0,0.0,0.0,0.0,0.0,0.0,0.0,0.0,-451.43569948441774,-833.5313432518933,795.6017152092968,-617.7376596434056,170.3559139767212,0.0,57.70755395611702,0.0,0.0,0.0,0.0,0.0,0.0,0.0,0.0,0.0,0.0,0.0,0.0,0.0,0.0,0.0,0.0,0.0,-7.096382644615661,0.0,-389.43628194764557,752.4557087300336,0.0,0.0,0.0,0.0,0.0,-0.7096382644615664,0.0,9.99927623843871,0.0,0.0,0.0,0.0,0.0,0.0,0.0,1000.0,17.031318347077594,17.031318347077594,0.0,0.0,0.0,0.0,426.8739052684682,0.06244816727267398,141.1432258385377,0.0,0.0,-57.70755395611702,0.0,0.0,0.0,0.0,0.0,0.0,0.0,0.0,0.0,0.0,0.0,0.0,0.0,0.0,277.5139795260542,0.0,0.0,0.0,0.0,59.60961421477158,0.0,0.0,295.66922724835393,0.0,0.0,0.0,141.1432258385377,0.0,-232.68574934205276,0.0,0.0,0.0,-7.096382644615661,0.0,0.0,0.0,0.0,0.0,0.0,0.0,0.0,0.0,0.0,0.0,0.0,0.0,0.0,0.0,0.0,0.0,0.0,-0.0567710611569253,0.0,0.0,2.838553057846265,-1000.0,0.0,0.0,0.0,0.0,0.0,0.0,0.0,0.0,-751.8255499511916,1.4192765289231326,0.0,0.0,444.9720409478916,0.0567710611569253,0.0,56.7710611569253,-17.599028958646844,11.354212231385063,0.4055075796923236,158.3912606278216,-0.042578295867693974,195.4277792382843,1.1354212231385061,-0.283855305784698,-158.3912606278216,17.031318347077594,-0.056771061156925304,0.0,0.0,0.014192765289231326,0.4055075796923236,0.0,-300.3358084754515,-1.1354212231385061,-357.04205199809985,-0.056771061156925304,0.014192765289231326,-158.3912606278216,5.67710611569253,0.056771061156925304,0.0567710611569253,-141.0240066101081,-291.23540737199806,-495.63587277452643,-0.042578295867693974,17.031318347077594,0.056771061156925304,447.3817456666843,401.964896741144,-0.028385530578462652,200.76672545932328,-5.733877176849456,-0.042578295867693974,-0.056771061156925304,-17.599028958646844,0.0567710611569253,5.67710611569253,-1.1354212231385061,0.0,0.0,-5.67710611569253,357.04205199809985,0.0,11.35421223138506,0.08515659173538795,-1000.0,5.67710611569253,-240.82867349131527,0.0,-11.35421223138506,0.028385530578462652,0.5677106115692531,0.0,152.49743806992274,-0.0567710611569253,-153.9167145988459,141.0240066101081,17.599028958646844,0.056771061156925304,300.3358084754515,-498.4757007079169,0.0,-0.0567710611569253,-0.014192765289231326,0.0,-0.056771061156925304,-706.9145997165668,0.05677106115686846,-0.014192765289231326,-0.014192765289231326,-0.014192765289231326,22.70842446277012,-401.964896741144,0.5677106115692531,42.06025993463369,-0.014192765289231326,0.0,2.838553057846265,356.29585291612966,0.0567710611569253,0.028385530578462652,0.028385530578462652,5.67710611569253,17.599028958646844,0.0567710611569253,-17.599028958646844,0.5677106115692531,0.056771061156925304,-42.06025993463369,0.056771061156925304,0.22708424462777543,0.283855305784698,0.028385530578462652,0.014192765289231326,17.031318347077594,-0.056771061156925304,495.63587277452643,0.5677106115692531,-84.12051986926738,194.0085027093612,-5.67710611569253,11.35421223138506,2.838553057846265,-0.056771061156925304,0.0,0.08515659173538795,-0.056771061156925304,-11.35421223138506,17.599028958646844,566.8440167012809,0.028385530578462652,-712.5917058322593,-0.056771061156925304,-0.05677106115686846,-0.056771061156925304,0.028385530578462652,158.3912606278216,-11.35421223138506,0.0567710611569253,0.0,-0.014192765289231326,291.23540737199806,0.0,8.515659173538795,5.733877176849456,-61.537345230193296,158.3912606278216,-0.042578295867693974,153.9167145988459,-152.49743806992274,0.056771061156925304,-0.014192765289231322,2.838553057846265,56.7710611569253,-0.028385530578462652,-0.056771061156925304,0.014192765289231326,1000.0,0.0,900.0347371310949,0.0,452.1995085421237,0.0,993.0660153339793,210.0240864904723,0.0,-915.8559854199597,692.0728454365125,-1000.0,-99.93687733832667,457.92799270997983,-226.09975427106184,-346.03642271825623,0.0,-105.01204324523616,-141.1432258385377,-191.63225814211742,99.93687733832667,1000.0,-191.63225814211742,-993.0660153339793,742.9323049631018,0.0,1496.5981,bhi
45,0.0,0.0,0.0,0.0,0.0,0.0,0.0,0.0,-0.03714547741303329,0.0,0.0,0.0,0.0,0.0,0.0,0.0,-920.466564491908,434.99779289122296,0.0,1000.0,0.0,0.0,0.0,0.0,0.0,0.0,0.0,0.0,0.0,-697.3072131062934,0.0,0.0,486.9591360529261,0.0,0.0,0.0,0.0,-0.14858190965219364,0.0,-1000.0,988.85635677609,0.0,0.0,952.2177751776256,0.0,0.0,438.00117205068636,0.0,729.9714318306343,-98.78047051975,0.0,0.0,0.0,0.04086002515452947,0.0,0.0,0.0,7.429095482606659,0.0,0.0,143.68654728602667,0.0,297.1869297045756,0.0,0.0,0.0,0.0,0.0,0.0,985.7689757493632,0.0,0.37145477413033295,0.0,0.0,0.0,0.0,0.0,0.0,0.0,0.0,0.0,0.0,3.75940250278703,0.0,22.287286447819977,0.0,0.0,494.03775293655644,-696.1259025479768,920.1350873151675,-0.009286369353258325,0.0,0.0,-756.4954242744019,11.143643223909988,0.0,11.143643223909988,0.0,0.0,0.0,3.851978269682805,1.8572738706516647,-901.5807380476763,0.0,0.0,-512.2199488962457,0.0,0.0,0.0,0.0,0.0,0.0,0.0,0.0,0.0,0.0,0.0,0.0,0.0,0.0,0.0,0.0,0.0,0.0,-85.3699914827076,0.0,0.0,11.143643223909988,0.0,11.515097998040321,0.0,0.0,0.0,382.0812065391982,-382.08120653919826,382.0812065391982,0.0,0.0,0.0,-440.8734769906023,0.0,0.0,0.0,0.0,0.0,-0.899200741983468,0.03714547741303329,0.0,0.0,0.0,0.0,-790.9899006169027,0.0,0.0,0.0,0.0,926.1163899939835,0.0,0.0,0.0,0.0,0.0,-115.8446863834845,-115.8446863834845,0.0,0.0,0.0,0.0,-378.3098759022152,0.0,0.0,-115.80754090607147,0.0,0.0,0.0,-364.0769287089108,0.0,0.0,0.0,0.0,0.0,0.0,0.0,0.0,0.0,0.0,-149.46267676180094,0.0,0.0,0.0,0.0,-74.73464772664697,0.0,0.0,0.0,0.0,0.0,98.78047051975,0.0,-224.00918476719073,224.00918476719073,68.6894255799707,0.0,0.0,0.0,0.0,0.0,0.0,204.27352494138296,134.03440052405892,0.0,0.0,0.0,0.0,0.0,0.0,0.0,0.0,0.0,0.0,0.0,0.0,0.0,0.0,264.65278210124745,887.8023457675669,0.0,0.0,0.0,313.9943942444878,-68.6894255799707,0.0,0.0,0.0,0.0,143.68654728602667,-64.41542941005878,0.0,0.0,0.0,0.0,0.0,0.0,0.0,0.0,1.1960843726986143,0.0,0.0,0.0,-527.8832822192139,-1000.0,1000.0,0.0,-887.8023457675669,0.0,0.0,440.8734769906023,-341.89808562494795,0.0,0.0,0.0,-203.44799790629372,0.0,0.0,-186.61245309204094,-686.7805857727238,0.0,500.1681326806829,0.0,686.7805857727238,-920.1350873151675,0.0,-13.020576643158506,98.78047051975,0.0,103.6358819823629,0.0,0.0,0.0,-93.42399838781523,0.0,93.42399838781523,0.0,1000.0,58.189657166143775,313.9943942444878,0.0,0.0,0.0,0.0,143.68654728602667,-0.05571821611954994,0.0,0.0,0.0,0.0,0.03714547741303329,0.0,0.0,0.0,62.39492013003837,-920.466564491908,0.0,-341.4799659308304,32.15123957381775,0.0,1000.0,0.0,0.0,0.0,-512.2199488962457,0.0,0.0,0.0,432.69796710211176,0.0,-432.69796710211176,-1000.0,-1000.0,0.0,0.0,0.0,0.0,0.0,0.0,0.0,0.0,0.0,0.0,0.0,0.0,0.0,0.0,0.0,0.0,0.0,-1000.0,0.0,-1000.0,0.0,0.0,0.0,0.0,0.0,0.0,-0.2968836307151719,0.0,0.09257576689577718,0.0,0.0,0.0,0.0,347.0772223700913,-1.8572738706516647,0.0,0.0,-1000.0,0.0,0.0,-53.2146109419117,-347.0772223700913,0.0,-608.5407277094138,-0.9286369353258324,-1.8572738706516647,0.0,0.0,522.5076681781085,1000.0,0.0,11.143643223909988,-125.00000000000011,125.00000000000011,0.0,0.0,0.0,0.0,0.0,0.0,0.0,0.0,1000.0,0.0,238.35668178703853,-677.8806598102112,0.0,0.0,204.27352494138296,0.0,0.0,-153.50038241854895,0.0,0.0,0.0,0.0,0.0,0.0,0.0,-537.4807617395652,0.07429095482602541,0.0,0.0,0.0,0.0,0.0,0.0,0.0,0.0,0.0,927.5793185832194,0.0,0.0,0.0,0.0,0.0,0.0,0.0,0.0,0.0,0.04086002515452947,0.04086002515452947,0.0,451.93004105924683,0.0,22.287286447819977,0.0,0.0,0.0,1000.0,0.0,212.55092600198748,0.0,0.0,0.0,1000.0,-1000.0,0.0,0.0,0.0,0.0,0.0,0.0,0.0,0.0,0.0,0.0,0.0,0.0,0.0,28.4566638275692,-62.39492013003837,790.9899006169027,0.0,2.860201760803562,0.0,0.0,-756.4954242744019,-756.4954242744019,0.0,1000.0,0.0,0.0,462.51923826043475,0.0,0.0,0.0,0.0,0.0,0.0,0.0,0.0,0.0,0.0,0.0,0.0,0.0,0.0,0.0,0.0,22.287286447819977,440.8734769906023,440.8734769906023,0.0,0.0,0.0,0.0,0.0,0.0,0.0,0.0,0.0,0.0,0.37145477413033295,0.0,0.0,0.0,0.0,0.0,0.0,0.0,0.0,11.143643223909988,0.0,0.0,0.0,0.0,0.0,0.0,0.0,0.0,0.0,0.0,617.3161801755415,0.0,0.0,11.143643223909988,11.143643223909988,-355.11678006639215,-1000.0,0.0,0.0,0.0,0.0,0.0,0.0,0.0,901.5807380476763,204.27352494138296,1000.0,0.03714547741303329,0.0,0.0,-802.6978369055886,851.7537463262723,0.0,0.0,756.4954242744019,0.0,-58.189657166143775,0.0,0.0,0.0,0.0,0.0,0.0,0.0,0.0,0.0,0.0,0.0,0.0,0.03714547741303329,0.0,0.0,0.0,0.0,0.0,0.0,0.0,0.0,0.0,0.0,1000.0,0.0,-395.12496648893,-605.0793413748894,-2.785910805977497,-1.8572738706516647,0.0,0.0,0.0,0.0,0.0,0.0,0.0,0.0,0.0,0.0,0.0,0.0,440.8734769906023,0.0,0.0,0.0,524.3649420487601,0.0,0.0,0.0,-0.03714547741303329,0.0,0.0,0.03714547741303329,0.0,0.03714547741303329,0.0,0.0,0.0,22.287286447819977,45.31748244390062,45.31748244390062,0.0,0.0,0.0,0.0,0.0,0.0,0.09257576689577496,790.9899006169027,0.0,204.27352494138296,0.0,0.0,0.0,435.8961927073741,0.0,0.0,0.0,0.0,0.0,0.0,0.0,0.0,0.0,0.0,0.0,0.0,0.0,0.0,0.0,0.0,0.0,0.05571821611954994,0.0,0.0,0.0,-11.143643223909988,0.0,0.0,0.0,0.0,0.0,-451.93004105924683,1.8572738706516647,0.0,0.0,0.0,0.0,378.3098759022152,0.0,0.0,0.0,0.0,0.0,0.0,0.0,0.0,0.0,440.8734769906023,0.0,0.0,1000.0,451.93004105924683,0.0,-216.43919486570394,-512.2199488962457,605.0793413748894,-0.2968836307151719,395.2175422558258,-1000.0,0.0,-387.2155680688486,0.0,1.8572738706516647,855.6303874865034,0.0,0.0,0.0,-153.50038241854895,0.0,0.0,0.0,0.0,0.0,0.0,0.0,0.0,0.0,604.1786286270253,-460.2877734771792,45.31748244390062,0.0,-184.17846982577424,-184.17846982577424,184.17846982577424,0.0,0.0,0.0,0.0,0.0,1.1960843726986143,0.0,0.0,0.0,-976.6352280039032,-782.7397270694808,0.0,11.143643223909988,0.0,0.0,0.0,0.0,-242.49707014888847,0.0,0.0,0.04086002515452947,0.0,0.0,0.0,22.65874122195031,0.0,0.0,0.0,0.0,264.65278210124745,0.0,0.0,0.0,0.0,0.0,0.0,0.0,0.0,0.0,0.0,674.6542586970921,0.0037145477413034356,0.0,0.0,0.0,0.0,0.0,0.0,0.0,0.0,0.0,-802.6978369055886,0.0,0.0,0.0,0.0,0.0,451.93004105924683,0.0,0.0,0.0,0.0,0.0,0.0,0.0,98.78047051975,0.0,0.0,0.0,0.0,-1000.0,876.0177262036598,434.99779289122296,0.0,0.0,0.0,22.28728644781998,0.0,0.0,0.0,0.0,0.0,641.1396667742653,-663.4269532220852,0.0,0.0,0.0,0.0,0.0,0.0,0.0,0.0,0.0,0.0,0.0,0.0,-1000.0,-1000.0,461.3408447353019,0.0,-11.143643223909988,0.0,-0.14858190965219364,0.0,0.0,0.0,0.0,0.0,0.0,0.0,0.0,0.0,0.0,0.0,0.0,0.0,0.0,0.0,0.0,0.0,-4.643184676629161,440.8734769906023,-2.785910805977497,893.3980553785758,0.0,0.0,0.0,0.0,0.0,-0.46431846766291623,0.0,153.50038241854895,0.0,0.0,0.0,0.0,0.0,0.0,0.0,1000.0,11.143643223909988,11.143643223909988,0.0,0.0,0.0,0.0,0.0,0.04086002515452947,451.93004105924683,0.0,0.0,0.14858190965219364,674.6505441493508,0.0,0.0,0.0,0.0,0.0,0.0,0.0,0.0,0.0,0.0,0.0,0.0,0.0,0.0,0.0,0.0,0.0,0.0,39.00275128368496,2.952777527699337,0.0,0.0,0.0,0.0,0.0,451.93004105924683,0.0,-1.8572738706516647,0.0,0.0,0.0,-4.643184676629161,0.0,0.0,0.0,0.0,0.0,0.0,0.0,0.0,0.0,0.0,0.0,0.0,0.0,0.0,0.0,0.0,0.0,0.0,-0.03714547741303329,0.0,0.0,1.8572738706516647,-1000.0,0.0,0.0,0.0,0.0,440.8734769906023,0.0,0.0,0.0,-432.69796710211176,0.9286369353258324,0.0,0.0,0.0,0.03714547741303329,0.0,37.14547741303329,-11.515097998040321,7.429095482606659,0.26532483866452355,103.63588198236289,-0.02785910805977497,1.8572738706516647,0.7429095482606659,-0.1857273870651852,-103.63588198236289,11.143643223909988,-0.0371454774130333,170.73998296541524,0.0,0.009286369353258325,0.26532483866452355,-512.2199488962457,-5.913560004153866,-0.7429095482606659,-514.5312283993151,-0.0371454774130333,0.009286369353258325,-103.63588198236289,959.1399748456635,0.0371454774130333,0.03714547741303329,-451.85203555667925,0.040860025154343824,0.0,-0.02785910805977497,11.143643223909988,0.0371454774130333,11.143643223909988,-18.572738706516645,-0.01857273870651665,98.32350779850788,64.93773236125433,-0.02785910805977497,-0.0371454774130333,-11.515097998040321,0.03714547741303329,3.714547741303363,-0.7429095482606659,0.0,0.0,-3.714547741303363,514.5312283993151,0.0,7.429095482606659,0.05571821611954994,327.6723691447278,3.7145477413033294,-28.4566638275692,0.0,-7.429095482606659,0.01857273870651665,0.37145477413033295,85.3699914827076,459.3591365418535,-0.03714547741303329,-460.2877734771792,451.85203555667925,11.515097998040321,0.0371454774130333,5.913560004153866,-1000.0,0.0,-0.03714547741303329,-0.009286369353258325,0.0,-0.0371454774130333,-537.4807617395652,0.03714547741299947,-0.009286369353258325,-0.009286369353258325,-0.009286369353258325,14.858190965213318,18.572738706516645,0.37145477413033295,291.2681989915551,-0.009286369353258325,0.0,1.8572738706516647,270.5976547404343,0.03714547741303329,0.01857273870651665,0.01857273870651665,-182.37747796401246,11.515097998040321,0.03714547741303329,-11.515097998040321,0.37145477413033295,0.0371454774130333,-818.764285817909,0.0371454774130333,0.14858190965219364,0.1857273870651852,0.01857273870651665,0.009286369353258325,11.143643223909988,-0.0371454774130333,0.0,0.37145477413033295,-582.5363979831102,0.9286369353258324,-3.714547741303363,7.429095482606659,1.8572738706516647,-0.0371454774130333,512.2199488962457,0.05571821611954994,-0.0371454774130333,364.7549559280249,11.515097998040321,380.0340656093531,0.01857273870651665,-541.1953094808686,-0.0371454774130333,-0.03714547741299947,-0.0371454774130333,0.01857273870651665,103.63588198236289,-7.429095482606659,0.03714547741303329,170.7399829654152,-0.009286369353258325,-0.040860025154343824,-170.7399829654152,5.571821611954993,-64.93773236125433,-352.97386294149663,103.63588198236289,-0.02785910805977497,460.2877734771792,-459.3591365418535,0.0371454774130333,-0.009286369353258325,1.8572738706516647,37.14547741303329,-0.01857273870651665,-0.0371454774130333,0.009286369353258325,1000.0,0.0,-327.6909418834343,527.4960868263539,378.5387063940164,0.0,-476.71299288064364,-1000.0,955.4254271043601,743.9433246004587,-495.209146586361,1000.0,0.0,-371.97166230022935,-189.2693531970082,247.6045732931805,-955.4254271043601,500.0,-451.93004105924683,-137.53699546046462,0.0,-1000.0,-137.53699546046462,476.71299288064364,259.7862296890265,0.0,1496.5981,bhi
46,0.0,0.0,0.0,0.0,0.0,0.0,0.0,0.0,404.96445097082426,0.0,0.0,0.0,0.0,0.0,0.0,0.0,0.0,813.5773125550608,0.0,-406.77496913177987,0.0,0.0,0.0,0.0,0.0,0.0,0.0,0.0,0.0,-1000.0,0.0,0.0,745.6330538082552,0.0,0.0,0.0,0.0,1000.0,0.0,-1000.0,1000.0,0.0,0.0,1000.0,0.0,0.0,0.0,0.0,245.51306840866334,0.0,0.0,93.22135887052276,0.0,0.04014896086784652,0.0,0.0,0.0,7.299811066893483,0.0,0.0,-165.14271355338337,0.0,389.4147278653272,0.0,0.0,0.0,0.0,0.0,278.7433888753185,0.0,0.0,0.3649905533446741,0.0,0.0,0.0,0.0,0.0,0.0,0.0,0.0,0.0,0.0,0.0,0.0,21.89943320068045,0.0,229.0284900410321,0.0,938.8949439653003,-938.8675696737994,-0.009124763833616854,0.0,0.0,0.0,10.949716600340224,0.0,10.949716600340224,-254.12861982760353,0.0,0.0,0.0,1.8249527667233707,-1000.0,0.0,0.0,-173.15112731849104,781.8380686695523,0.0,0.0,0.0,0.0,0.0,0.0,0.0,0.0,0.0,0.0,0.0,0.0,0.0,0.0,0.0,0.0,0.0,-715.9833032884994,0.0,0.0,10.949716600340224,0.0,11.314707153684896,11.314707153684896,0.0,929.4168727242264,-929.4168727242264,0.0,0.0,-224.27201431194382,0.0,0.0,0.0,0.0,0.0,0.0,0.0,0.0,231.8389173017861,0.036499055334467415,0.0,0.0,0.0,-1000.0,-48.06089343378534,0.0,0.0,0.0,0.0,201.23626120462873,0.0,0.0,0.0,0.0,0.0,-489.9396959795887,-489.9396959795887,0.0,0.0,0.0,0.0,-787.0317443029437,0.0,0.0,-489.90319692425425,0.0,0.0,0.0,-175.90595535128887,0.0,0.0,0.0,0.0,0.0,0.0,0.0,0.0,0.0,0.0,-784.9062563796296,0.0,0.0,0.0,0.0,-1000.0,0.0,0.0,0.0,0.0,0.0,0.0,-93.22135887052276,-0.0273742915009052,0.0273742915009052,0.0,0.0,0.0,0.0,0.0,0.0,0.0,0.0,-876.2391215775266,0.0,0.0,0.0,0.0,0.0,0.0,0.0,0.0,0.0,0.0,0.0,0.0,0.0,0.0,59.01061003412556,847.7082904618595,0.0,0.0,0.0,0.0,215.09402556382528,0.0,0.0,0.0,0.0,-165.14271355338337,-152.29170953814048,0.0,0.0,0.0,0.0,0.0,0.0,0.0,0.0,0.0,0.0,0.0,0.0,-938.9223182568012,0.0,152.2643352466397,0.0,-847.7082904618595,0.0,0.0,224.27201431194382,0.0,0.0,0.0,0.0,-179.54995950067087,0.0,0.0,794.8968633313177,888.3434415877679,0.0,-93.44657825645015,0.0,-888.3434415877679,938.8675696737994,0.0,254.4832595936394,0.0,0.0,-90.63224687329142,0.0,0.0,0.0,401.7068394140665,0.0,-401.7068394140665,0.0,-177.06166515801942,224.27201431194382,0.0,581.1973496765277,0.0,0.0,0.0,-165.14271355338337,-0.05474858300170112,0.0,0.0,0.0,0.0,0.036499055334467415,0.0,0.0,0.0,773.9562578358344,0.0,0.0,-115.43408487899401,841.560855224516,0.0,891.0957140409018,0.0,-492.34101854815015,0.0,-173.15112731849104,0.0,0.0,0.0,952.5505929402336,539.7904256079165,-1000.0,-785.5363506632009,-1000.0,0.0,0.0,0.0,0.0,0.0,0.0,0.0,0.0,0.0,0.0,0.0,0.0,0.0,0.0,0.0,0.0,0.0,-34.311455423109464,0.0,-1000.0,0.0,0.0,252.95335024583372,0.0,0.0,0.0,-231.8389173017861,0.0,0.0,0.0,0.0,0.0,0.0,875.0000000000008,-1.8249527667233707,54.327898055673316,-818.533814483235,-757.971036351052,0.0,-313.74981602688365,308.91067641449206,-875.0000000000008,0.0,1000.0,-55.240374439035,-1.8249527667233707,0.0,0.0,0.0,0.0,-193.52502571597296,10.949716600340224,0.0,0.0,0.0,0.0,0.0,405.0009500261587,0.0,0.0,0.0,0.0,548.3585857498767,0.0,0.0,-1000.0,0.0,0.0,0.0,0.0,0.0,-96.50046133664642,0.0,0.0,119.85400255943836,0.0,0.0,0.0,0.0,-218.16193133044771,0.07299811066894624,0.0,0.0,0.0,0.0,0.0,0.0,0.0,0.0,0.0,54.471374563374674,0.0,0.0,0.0,0.0,0.0,0.0,0.0,0.0,0.0,0.04014896086784652,0.04014896086784652,0.0,138.0698805892038,0.0,21.89943320068045,0.0,0.0,0.0,-66.84254435655345,0.0,0.0,229.0284900410321,0.0,0.0,978.2468429693243,66.84254435655345,0.0,0.0,803.1945181403905,0.0,0.0,119.85400255943836,0.0,0.0,0.0,0.0,0.0,0.0,0.0,238.66110109616648,-773.9562578358344,266.22282476423305,0.0,231.8389173017861,0.0,0.0,0.0,-215.09402556382528,0.0,828.9312191767193,0.0,760.0849116388766,0.0,0.0,0.0,0.0,0.0,0.0,0.0,0.0,0.0,0.0,0.0,0.0,0.0,0.0,0.0,0.0,0.0,21.89943320068045,224.27201431194382,224.27201431194382,0.0,0.0,0.0,0.0,0.0,0.0,0.0,0.0,0.0,0.0,0.3649905533446741,0.0,0.0,229.0284900410321,-229.0284900410321,0.0,-93.22135887052276,0.0,0.0,10.949716600340224,-803.1945181403905,0.0,0.0,0.0,0.0,0.0,0.0,0.0,0.0,0.0,165.8231502801605,0.0,0.0,10.949716600340224,10.949716600340224,1000.0,66.84254435655345,0.0,119.85400255943836,0.0,0.0,0.0,0.0,0.0,785.5363506632009,0.0,1000.0,0.036499055334467415,0.0,0.0,0.0,2.9433881051866932,617.4927305017209,0.0,0.0,0.0,-224.27201431194382,0.0,0.0,0.0,0.0,11.48581721481577,0.0,0.0,0.0,0.0,0.0,0.0,0.0,0.036499055334467415,0.0,0.0,0.0,921.3128002936503,-921.3128002936503,0.0,0.0,0.0,0.0,-852.6153748453787,873.7298077894262,0.0,0.0,-965.6885445768905,-2.737429150085056,-1.8249527667233707,0.0,0.0,0.0,0.0,0.0,0.0,0.0,0.0,0.0,0.0,0.0,0.0,224.27201431194382,0.0,0.0,0.0,-191.7000729492496,0.0,0.0,0.0,404.96445097082426,0.0,0.0,0.036499055334467415,0.0,0.036499055334467415,34.45745164444731,0.0,0.0,21.89943320068045,44.52884750805024,44.52884750805024,0.0,0.0,0.0,0.0,0.0,0.0,0.0,266.22282476423305,0.0,0.0,0.0,0.0,162.1002466360448,793.5929149684864,0.0,0.0,0.0,0.0,0.0,0.0,0.0,0.0,0.0,0.0,0.0,0.0,0.0,215.09402556382528,0.0,0.0,0.0,0.05474858300170112,0.0,0.0,0.0,-10.949716600340224,0.0,0.0,0.0,0.0,0.0,-138.0698805892038,1.8249527667233707,0.0,0.0,0.0,0.0,787.0317443029437,-289.76504939085044,0.0,0.0,0.0,0.0,0.0,0.0,0.0,0.0,224.27201431194382,0.0,803.1945181403905,0.0,138.0698805892038,0.0,128.32326033928183,444.3416031832299,0.0,331.0114081527422,0.0,-331.0114081527422,0.0,-44.52884750805024,0.0,1.8249527667233707,1000.0,0.0,0.0,0.0,-554.5574414187106,0.0,0.0,125.00000000000011,-125.00000000000011,0.0,0.0,0.0,0.0,0.0,779.4313980794597,0.0,44.52884750805024,0.0,-868.3569396515485,-868.3569396515485,868.3569396515485,0.0,0.0,0.0,0.0,0.0,0.0,0.0,0.0,146.28216803945907,-57.414762668561366,0.0,0.0,10.949716600340224,229.0284900410321,0.0,0.0,0.0,-392.0408387378444,0.0,0.0,0.04014896086784652,0.0,0.0,0.0,22.26442375402512,0.0,0.0,0.0,0.0,59.01061003412556,0.0,781.8380686695523,0.0,0.0,0.0,0.0,0.0,0.0,-1000.0,0.0,0.0036499055334467414,0.0036499055334467414,0.0,0.0,0.0,0.0,0.0,34.45745164444731,0.0,0.0,0.0,0.0,0.0,0.0,0.0,0.0,0.0,138.0698805892038,0.0,0.0,0.0,0.0,0.0,0.0,0.0,0.0,0.0,0.0,0.0,458.0569800820642,0.0,0.0,813.5773125550608,0.0,0.0,0.0,21.89943320068045,0.0,0.0,0.0,0.0,0.0,0.0,-21.89943320068045,0.0,458.0569800820642,0.0,0.0,0.0,0.0,0.0,0.0,0.0,0.0,0.0,0.0,-1000.0,-1000.0,980.6950145086414,-107.47016427503783,96.5204476746976,0.0,965.5425483555526,0.0,0.0,0.0,0.0,0.0,0.0,0.0,0.0,0.0,0.0,0.0,0.0,0.0,0.0,0.0,0.0,0.0,-4.562381916808427,224.27201431194382,-2.737429150085056,952.9557324544461,0.0,0.0,0.0,0.0,0.0,-0.4562381916808427,0.0,96.50046133664642,0.0,0.0,0.0,0.0,0.0,0.0,0.0,1000.0,10.949716600340224,10.949716600340224,0.0,0.0,0.0,0.0,0.0,0.04014896086784652,138.0698805892038,0.0,0.0,-1000.0,0.0,0.0,0.0,0.0,0.0,0.0,0.0,0.0,0.0,0.0,0.0,0.0,0.0,0.0,17.228725822223655,0.0,0.0,11.314707153684896,0.0,38.324008101190785,231.8389173017861,0.0,0.0,0.0,0.0,0.0,138.0698805892038,0.0,286.76482704235724,0.0,0.0,0.0,-4.562381916808427,0.0,0.0,0.0,0.0,0.0,0.0,0.0,0.0,0.0,0.0,0.0,0.0,0.0,0.0,0.0,0.0,0.0,0.0,-0.036499055334467415,0.0,0.0,1.8249527667233707,-978.2468429693243,0.0,0.0,0.0,0.0,224.27201431194382,0.0,0.0,0.0,-952.5505929402336,0.9124763833616854,0.0,0.0,0.0,0.036499055334467415,0.0,36.499055334467414,0.0,7.299811066893483,0.2607075381033387,124.46177869053386,-0.02737429150085056,1.8249527667233707,0.7299811066893483,34.27495636777496,-124.46177869053386,10.949716600340224,-0.036499055334467415,57.71704243949701,119.85400255943836,0.009124763833616854,0.2607075381033387,-173.15112731849104,-234.83913965027932,-0.7299811066893483,-406.8023434232809,-0.03649905533446742,0.009124763833616854,-124.46177869053386,3.6499055334467414,0.036499055334467415,0.036499055334467415,-137.99323257300148,-228.98834108016416,0.0,-0.02737429150085056,10.949716600340224,0.036499055334467415,10.949716600340224,-18.249527667233707,-0.018249527667233707,145.06599343235334,-218.7804301526065,-0.02737429150085056,-0.036499055334467415,0.0,0.036499055334467415,3.6499055334467414,-0.7299811066893483,215.09402556382528,215.09402556382528,-3.6499055334467414,406.8023434232809,-215.09402556382528,7.299811066893483,0.05474858300170112,-1000.0,3.6499055334467414,-238.66110109616648,119.85400255943836,-7.299811066893483,0.018249527667233707,0.3649905533446741,28.858521219748503,145.36969165609727,-0.036499055334467415,-146.28216803945907,137.99323257300148,11.314707153684896,0.036499055334467415,234.83913965027932,76.05513615807772,119.85400255943836,-0.036499055334467415,-0.009124763833616854,-119.85400255943836,-0.036499055334467415,-1000.0,0.03649905533450237,-0.009124763833616854,-0.009124763833616854,-0.009124763833616854,14.599622133786966,18.249527667233707,0.3649905533446741,27.041237620922473,-0.009124763833616854,0.0,1.8249527667233707,110.90591843194723,0.036499055334467415,0.018249527667233707,0.018249527667233707,-48.55910034280599,0.0,0.036499055334467415,0.0,0.3649905533446741,0.036499055334467415,-27.041237620922473,0.036499055334467415,0.14599622133784607,-34.27495636777496,0.018249527667233707,0.009124763833616854,10.949716600340224,-0.036499055334467415,0.0,0.3649905533446742,-54.082475241844946,0.9124763833616854,-3.6499055334467414,7.299811066893483,1.8249527667233707,-0.036499055334467415,173.15112731849104,0.05474858300170112,-0.036499055334467415,97.11820068561198,0.0,525.0062133921621,0.018249527667233707,-221.81183686389446,-0.036499055334467415,-0.03649905533450237,-0.036499055334467415,0.018249527667233707,124.46177869053386,-7.299811066893483,0.036499055334467415,57.71704243949701,-0.009124763833616854,228.98834108016416,-57.71704243949701,5.474858300170111,218.7804301526065,226.23524644044437,124.46177869053386,-0.02737429150085056,146.28216803945907,-145.36969165609727,0.03649905533446742,-0.009124763833616854,1.8249527667233707,36.499055334467414,-0.018249527667233707,-0.036499055334467415,0.009124763833616854,1000.0,0.0,999.9817504723328,0.0,1000.0,0.0,667.6603018756964,-302.09807974791704,0.0,-172.21531925758512,-1000.0,130.59975335805774,0.0,86.10765962879256,-500.0,500.0,0.0,151.04903987395852,-138.0698805892038,-132.96537465431763,0.0,-130.59975335805774,-132.96537465431763,-667.6603018756964,293.977630092086,0.0,1496.5981,bhi
47,0.0,0.0,0.0,0.0,0.0,0.0,0.0,0.0,-0.02028137498652989,0.0,0.0,0.0,0.0,0.0,0.0,0.0,912.4532888303694,-910.2466695082431,0.0,177.51549885023795,0.0,0.0,0.0,581.8792150873957,0.0,576.5167551753403,0.0,0.0,0.0,-1000.0,0.0,0.0,0.0,0.0,0.0,0.0,0.0,590.2888307227696,0.0,-1000.0,539.6634523298818,0.0,0.0,-692.601829458784,0.0,0.0,0.0,0.0,-219.8514593715854,0.0,0.0,0.0,0.0,0.02230951248520294,0.0,0.0,0.0,0.0,0.0,0.0,145.4450668785621,0.0,0.0,-319.1407456396178,0.0,0.0,0.0,0.0,0.0,64.1630599972442,0.0,0.20281374986529893,0.0,0.0,0.0,0.0,0.0,0.0,0.0,0.0,0.0,0.0,0.0,0.0,12.168824991917935,0.0,7.630757537017496,145.77587471561873,-161.65271788807712,87.57713323211044,-0.0050703437466324735,0.0,0.0,-477.40993762998835,6.084412495958968,0.0,460.3365476701182,-73.68897690708661,0.0,0.0,0.0,1.0140687493264946,-1000.0,0.0,0.0,-195.12684394118455,564.4124234038668,900.351652705679,0.0,0.0,0.0,0.0,0.0,0.0,0.0,0.0,0.0,0.0,0.0,0.0,0.0,0.0,0.0,0.0,-643.1163747829214,0.0,0.0,460.3365476701182,0.0,6.287226245824267,0.0,0.0,-268.3516464335981,268.3516464335981,0.0,0.0,535.4141874818201,0.0,0.0,-1000.0,0.0,0.0,0.0,0.0,0.0,9.192423410980297,0.02028137498652989,0.0,0.0,0.0,-564.4124234038668,0.0,0.0,0.0,324.9862638722829,0.0,422.052011058438,0.0,0.0,0.0,0.0,0.0,-207.44117801169517,-207.44117801169517,0.0,0.0,0.0,0.0,0.0,0.0,0.0,-207.42089663670865,0.0,0.0,0.0,0.0,-348.8855336537348,0.0,0.0,0.0,0.0,0.0,0.0,0.0,0.0,0.0,-1000.0,0.0,0.0,0.0,0.0,-1000.0,0.0,0.0,0.0,0.0,0.0,0.0,0.0,74.07558465596668,-74.07558465596668,0.0,0.0,0.0,0.0,0.0,0.0,0.0,0.0,-892.0294058064347,0.0,0.0,0.0,0.0,0.0,0.0,0.0,0.0,0.0,0.0,0.0,0.0,0.0,0.0,24.748971073984986,307.398170541216,0.0,0.0,0.0,464.5858125181799,0.0,0.0,0.0,0.0,0.0,145.4450668785621,1000.0,0.0,0.0,0.0,0.0,0.0,0.0,0.0,0.0,97.3927954093585,114.28096344760388,454.2521351741592,0.0,1000.0,764.2716974559562,0.0,0.0,-307.398170541216,0.0,0.0,464.5858125181799,484.47839299546683,0.0,0.0,0.0,-160.72134085029495,0.0,0.0,-273.7105932147758,146.12105297868516,0.0,-273.7105932147758,-146.12105297868516,0.0,-87.57713323211044,0.0,-584.5800013460719,0.0,0.0,56.5850362124184,0.0,0.0,0.0,-700.1127871004098,0.0,700.1127871004098,0.0,-230.35373199773417,0.0,464.5858125181799,0.0,0.0,0.0,0.0,145.4450668785621,-0.030422062479794836,0.0,0.0,0.0,0.0,0.02028137498652989,0.0,0.0,0.0,442.2706569205233,912.4532888303694,0.0,-266.39847843032436,351.71081064576276,348.8855336537348,1000.0,0.0,-646.4321682977011,0.0,-195.12684394118455,0.0,0.0,0.0,301.4487131431479,547.5596672869601,-202.5762121324069,851.5349507367578,-1000.0,0.0,0.0,0.0,0.0,0.0,0.0,0.0,0.0,0.0,0.0,0.0,0.0,0.0,0.0,0.0,0.0,0.0,-409.63004377728436,0.0,-1000.0,0.0,0.0,170.428712041879,0.0,0.0,0.0,-106.5852188203388,0.0,0.0,0.0,0.0,0.0,144.06555088024544,0.0,0.0,311.6422272974992,-691.6252181672055,472.7997534453949,-1.0140687493264946,872.0724011835563,-1000.0,0.0,-1.0140687493264946,0.0,-312.1492616721624,0.0,0.0,0.0,-791.7351092206953,0.0,0.0,460.3365476701182,0.0,0.0,0.0,0.0,0.0,0.0,0.0,0.0,0.0,0.0,727.0087683028175,0.0,0.0,0.0,0.0,0.0,0.0,0.0,0.0,-158.4341636870207,0.0,0.0,0.0,0.0,0.0,0.0,0.0,-435.5875765961332,0.0405627499730373,0.0,0.0,0.0,0.0,0.0,0.0,0.0,0.0,0.0,64.1630599972442,0.0,0.0,0.0,0.0,0.0,0.0,0.0,0.0,0.0,0.02230951248520294,0.02230951248520294,0.0,305.85190878369184,0.0,12.168824991917935,0.0,0.0,0.0,442.05627008306146,0.0,0.0,7.630757537017496,0.0,0.0,1000.0,-442.05627008306146,0.0,0.0,0.0,0.0,0.0,0.0,0.0,0.0,0.0,0.0,0.0,0.0,0.0,214.37212492764047,-442.2706569205233,0.0,0.0,9.192423410980297,0.0,0.0,-477.40993762998835,-477.40993762998835,0.0,1000.0,0.0,564.4124234038668,0.0,0.0,0.0,0.0,0.0,0.0,0.0,0.0,0.0,0.0,0.0,0.0,0.0,0.0,0.0,0.0,0.0,12.168824991917935,464.58581251817986,464.5858125181799,0.0,0.0,0.0,0.0,0.0,0.0,0.0,0.0,0.0,0.0,0.20281374986529893,0.0,0.0,7.630757537017496,-7.630757537017496,0.0,0.0,0.0,0.0,460.3365476701182,0.0,0.0,0.0,0.0,0.0,0.0,0.0,0.0,0.0,0.0,803.7658339154182,0.0,0.0,6.084412495958968,6.084412495958968,1000.0,-442.05627008306146,0.0,0.0,0.0,0.0,0.0,0.0,0.0,-160.97485803762652,0.0,0.0,0.02028137498652989,0.0,0.0,0.0,26.784453008996515,45.333888713764054,0.0,477.40993762998835,0.0,0.0,0.0,0.0,0.0,0.0,0.0,0.0,0.0,0.0,0.0,0.0,0.0,0.0,0.02028137498652989,0.0,0.0,0.0,-462.25412909474454,462.25412909474454,0.0,0.0,0.0,0.0,-10.85955243487291,74.70304565641312,-324.9862638722829,0.0,-590.3699562227157,-1.521103123989742,-1.0140687493264946,0.0,0.0,0.0,0.0,0.0,0.0,0.0,0.0,0.0,0.0,0.0,0.0,464.58581251817986,348.8855336537348,0.0,0.0,-790.7210404713688,0.0,0.0,0.0,-0.02028137498652989,0.0,0.0,0.02028137498652989,0.0,0.02028137498652989,0.0,0.0,0.0,12.168824991917935,24.74327748356647,24.74327748356647,0.0,0.0,0.0,0.0,0.0,0.0,0.0,0.0,0.0,0.0,0.0,0.0,0.0,303.1949395294882,0.0,0.0,0.0,0.0,0.0,0.0,0.0,0.0,0.0,0.0,0.0,0.0,0.0,0.0,0.0,-576.5167551753403,576.5167551753403,0.030422062479794836,0.0,0.0,0.0,-460.3365476701182,0.0,0.0,0.0,0.0,0.0,-305.85190878369184,1.0140687493264946,0.0,0.0,0.0,0.0,0.0,95.72566638546589,0.0,0.0,0.0,0.0,0.0,0.0,0.0,0.0,464.58581251817986,0.0,0.0,1000.0,305.85190878369184,0.0,110.50576606688149,-149.7929552274205,0.0,0.0,0.0,0.0,324.9862638722829,459.73511551190035,0.0,1.0140687493264946,1000.0,0.0,86.45634955966474,0.0,-173.69567876105572,375.00000000000034,-375.00000000000034,0.0,0.0,0.0,0.0,0.0,0.0,0.0,1000.0,-3.0422062479794363,24.74327748356647,0.0,375.0,375.0,-375.0,0.0,0.0,0.0,0.0,0.0,97.3927954093585,0.0,0.0,307.3730119076816,-90.94751300624071,0.0,0.0,6.084412495958968,7.630757537017496,0.0,0.0,0.0,-242.65907271849193,0.0,0.0,0.02230951248520294,0.0,0.0,0.0,12.371638741783235,0.0,0.0,0.0,0.0,24.748971073984986,0.0,564.4124234038668,0.0,0.0,0.0,0.0,0.0,0.0,0.0,0.0,0.002028137498653047,0.002028137498653047,0.0,0.0,0.0,0.0,0.0,0.0,0.0,0.0,0.0,0.0,0.0,0.0,0.0,0.0,0.0,305.85190878369184,0.0,0.0,0.0,0.0,0.0,0.0,0.0,0.0,0.0,0.0,0.0,15.261515074034993,1000.0,197.99061579331942,-910.2466695082431,0.0,0.0,0.0,12.168824991917935,0.0,0.0,0.0,0.0,0.0,0.0,-12.168824991917935,0.0,15.261515074034993,0.0,0.0,0.0,0.0,0.0,0.0,0.0,0.0,0.0,0.0,0.0,-309.43990730086875,317.08768139526114,-460.3365476701182,0.0,0.0,590.2888307227696,0.0,0.0,0.0,0.0,0.0,0.0,0.0,0.0,0.0,312.5,0.0,-312.5,-312.5,0.0,0.0,0.0,0.0,-2.5351718733162363,464.5858125181799,-1.521103123989742,304.7160426534779,0.0,0.0,0.0,0.0,0.0,-875.2535171872903,874.9999999999587,483.4204275593036,0.0,0.0,0.0,0.0,0.0,0.0,0.0,1000.0,6.084412495958968,6.084412495958968,0.0,0.0,0.0,0.0,0.0,0.02230951248520294,305.85190878369184,0.0,0.0,-590.2888307227696,0.0,0.0,0.0,0.0,0.0,0.0,0.0,0.0,0.0,0.0,0.0,0.0,0.0,0.0,0.0,0.0,0.0,0.0,0.0,21.295443735856388,9.192423410980297,0.0,0.0,0.0,0.0,0.0,305.85190878369184,0.0,0.0,0.0,0.0,0.0,-2.5351718733162363,0.0,0.0,0.0,0.0,0.0,0.0,0.0,0.0,0.0,0.0,0.0,0.0,0.0,0.0,0.0,0.0,0.0,0.0,-0.02028137498652989,0.0,0.0,1.0140687493264946,-1000.0,0.0,0.0,0.0,0.0,464.5858125181799,0.0,0.0,0.0,-301.4487131431479,0.5070343746632473,0.0,0.0,576.5167551753403,0.02028137498652989,0.0,20.28137498652989,-6.287226245824267,4.056274997305978,0.14486696418949924,56.5850362124184,-0.015211031239897418,1.0140687493264946,0.40562749973059786,-0.10140687493262697,-56.5850362124184,6.084412495958968,-0.020281374986529894,65.04228131372818,0.0,0.0050703437466324735,0.14486696418949924,-195.12684394118455,-10.85955243487291,-0.40562749973059786,-179.72211817236416,-0.020281374986529894,0.0050703437466324735,-56.5850362124184,523.4383523406577,0.020281374986529894,0.02028137498652989,-305.8093178962201,-7.608448024532314,0.0,-0.015211031239897418,6.084412495958968,0.020281374986529894,460.3365476701182,444.11144768089423,-0.010140687493264947,-31.79832317606889,-2.0484188736395192,-0.015211031239897418,-0.020281374986529894,-6.287226245824267,0.02028137498652989,2.028137498652989,-0.40562749973059786,0.0,0.0,-2.0281374986529954,179.72211817236416,0.0,4.056274997305978,0.030422062479794836,-1000.0,2.028137498652989,-214.37212492764047,0.0,-4.056274997305978,0.010140687493264947,0.20281374986529893,66.59961960758109,309.90818378099783,-0.02028137498652989,-310.415218155661,305.8093178962201,6.287226245824267,0.020281374986529894,10.85955243487291,-1000.0,0.0,-0.02028137498652989,-0.0050703437466324735,0.0,-0.020281374986529894,-1000.0,0.020281374986529894,-0.0050703437466324735,-0.0050703437466324735,-0.0050703437466324735,8.112549994611957,-444.11144768089423,0.20281374986529893,15.02596369314594,-0.0050703437466324735,68.156957901434,1.0140687493264946,218.8078570473931,0.02028137498652989,0.010140687493264947,0.010140687493264947,-230.26476876043697,6.287226245824267,0.02028137498652989,-6.287226245824267,0.20281374986529893,0.020281374986529894,-15.02596369314594,0.020281374986529894,0.08112549994611988,0.10140687493262697,0.010140687493264947,0.0050703437466324735,6.084412495958968,-0.020281374986529894,0.0,0.20281374986529893,-30.05192738629188,0.5070343746632473,-2.028137498652989,4.056274997305978,1.0140687493264946,-0.020281374986529894,195.12684394118455,0.030422062479794836,-0.020281374986529894,460.52953752087393,6.287226245824267,308.6903331206664,0.010140687493264947,-437.6157140947862,-0.020281374986529894,-0.020281374986529894,-0.020281374986529894,0.010140687493264947,56.5850362124184,-4.056274997305978,0.02028137498652989,133.19923921516218,-0.0050703437466324735,7.608448024532314,-133.19923921516218,3.0422062479794834,2.0484188736395192,-260.79390771761246,56.5850362124184,-0.015211031239897418,310.415218155661,-309.90818378099783,0.020281374986529894,-0.005070343746632474,1.0140687493264946,20.28137498652989,-0.010140687493264947,-0.020281374986529894,0.0050703437466324735,1000.0,0.0,999.9898593125067,0.0,-1000.0,110.2246884502979,759.5209950717466,-150.24117361462282,521.4102148420047,481.7271673516437,-581.272088072703,-114.56204106418747,0.0,-240.86358367582184,500.0,290.6360440363515,-521.4102148420047,75.12058680731141,-305.85190878369184,-66.03126040217452,0.0,114.56204106418747,-66.03126040217452,-759.5209950717466,878.7464287865469,-110.2246884502979,1496.5981,bhi
48,0.0,0.0,0.0,0.0,0.0,0.0,0.0,0.0,0.0,0.0,0.0,0.0,0.0,0.0,0.0,0.0,446.0316758286925,966.0608143303704,0.0,-1000.0,0.0,0.0,0.0,0.0,0.0,0.0,0.0,0.0,0.0,-553.9683241713075,0.0,0.0,799.7602513923832,0.0,0.0,0.0,0.0,890.6637881709846,0.0,-744.9985684497728,693.7877482131888,0.0,-400.7337676268328,-837.0307838031212,0.0,0.0,0.0,0.0,-760.7994625034239,0.0,0.0,-468.00234321920607,0.0,0.1260332786716313,0.0,0.0,0.0,22.915141576639634,0.0,0.0,-10.090300674247146,0.0,1000.0,989.9096993257529,0.0,0.0,0.0,0.0,0.0,0.0,0.0,1.1457570788319817,0.0,0.0,0.0,0.0,0.0,0.0,0.0,0.0,0.0,0.0,-218.23197126825616,0.0,68.74542472991891,0.0,0.0,-924.5393573640134,1000.0,-816.6027090213985,-0.02864392697079954,0.0,0.0,0.0,34.372712364959455,0.0,306.2122517868112,-597.3041644210944,0.0,0.0,0.0,5.7287853941599085,-635.9579616398007,0.0,0.0,-149.2854364651391,0.0,1000.0,0.0,0.0,0.0,0.0,0.0,0.0,0.0,0.0,0.0,0.0,0.0,0.0,0.0,0.0,0.0,0.0,-331.69626642886647,0.0,0.0,306.2122517868112,0.0,35.518469443791425,13.927979495752595,0.0,0.0,0.0,0.0,0.0,0.0,0.0,0.0,0.0,0.0,0.0,0.0,0.0,0.0,227.05430077526242,0.11457570788319817,0.0,0.0,0.0,0.0,0.0,0.0,0.0,363.8549886707817,0.0,755.5859360621838,0.0,0.0,0.0,0.0,0.0,-172.21143386838833,-172.21143386838833,0.0,0.0,0.0,375.0,-669.3232426390491,0.0,0.0,-172.09685816050512,0.0,0.0,0.0,-103.4717777695393,0.0,0.0,0.0,0.0,0.0,0.0,0.0,0.0,0.0,0.0,-677.2806380612827,0.0,0.0,0.0,0.0,-1000.0,0.0,0.0,0.0,0.0,0.0,0.0,868.7361108460389,-183.39729097860152,183.39729097860152,0.0,0.0,0.0,0.0,0.0,0.0,0.0,81.98963746849307,-37.23710506203941,0.0,0.0,0.0,0.0,0.0,0.0,0.0,0.0,0.0,0.0,0.0,0.0,0.0,308.5245966754844,103.3293303046469,0.0,0.0,0.0,0.0,0.0,153.40768017567163,0.0,0.0,0.0,0.0,-10.090300674247146,837.0307838031212,0.0,0.0,0.0,0.0,0.0,0.0,0.0,0.0,132.91664883959663,0.0,271.8395394218517,0.0,-980.8187117025539,-198.15518835078507,-1000.0,0.0,0.0,0.0,0.0,0.0,383.3595026799321,0.0,0.0,0.0,-52.5421404937415,0.0,0.0,611.2140387593338,0.0,874.673281011248,-263.45924225191425,874.673281011248,0.0,816.6027090213985,0.0,1000.0,0.0,0.0,194.1145038099564,0.0,0.0,0.0,0.0,0.0,0.0,0.0,0.0,0.0,0.0,-702.438103990556,375.0,0.0,0.0,-10.090300674247146,-0.17186356182479726,0.0,0.0,0.0,0.0,0.11457570788319817,0.0,0.0,0.0,407.46341919792053,446.0316758286925,0.0,-99.52362431009273,461.59459722694913,0.0,1000.0,0.0,0.0,0.0,-149.2854364651391,0.0,0.0,0.0,36.25764075501196,0.0,-36.25764075501196,-245.65557242284552,853.5982334364346,0.0,0.0,0.0,0.0,0.0,0.0,0.0,0.0,0.0,0.0,0.0,0.0,0.0,0.0,0.0,0.0,0.0,0.0,0.0,-891.1220910025179,218.23197126825616,0.0,726.5314754668524,0.0,0.0,0.0,-359.970949614859,0.0,0.0,0.0,0.0,0.0,0.0,0.0,-132.34051339511416,0.0,0.0,-489.1465866243477,0.0,-164.14115911346983,0.0,0.0,126.61172800095424,0.0,-2.8643926970799543,-5.7287853941599085,0.0,0.0,0.0,0.0,7.515427344414249,306.2122517868112,-875.0000000000147,875.0000000000147,0.0,633.9527203303032,0.0,0.11457570788319817,625.0,316.4754033245156,-316.4754033245156,-316.4754033245156,492.41757455819624,0.0,0.0,-172.32600957627153,0.0,0.0,81.98963746849307,0.0,0.0,-20.18060134849395,0.0,-375.0000000000142,0.0,0.0,0.0,0.0,0.0,-202.88292148216428,0.22915141576637107,0.0,0.0,0.0,0.0,0.0,0.0,0.0,0.0,0.0,0.0,0.0,0.0,0.0,0.0,0.0,0.0,0.0,0.0,0.0,0.1260332786716313,0.1260332786716313,0.0,106.55329793944402,0.0,68.74542472991891,0.0,0.0,0.0,905.1041137476537,0.0,0.0,0.0,0.0,0.0,872.4015760653174,-905.1041137476537,0.0,0.0,0.0,0.0,0.0,0.0,0.0,0.0,0.0,0.0,0.0,0.0,0.0,110.56542214295548,-407.46341919792053,0.0,0.0,8.822329507006259,0.0,0.0,0.0,-153.40768017567163,0.0,872.4015760653174,0.0,-330.4813454168469,1000.0,0.0,0.0,308.5245966754844,0.0,0.0,0.0,0.0,0.0,0.0,0.0,0.0,0.0,0.0,0.0,0.0,0.0,68.74542472991891,0.0,0.0,0.0,0.0,0.0,0.0,0.0,0.0,0.0,0.0,0.0,0.0,1.1457570788319817,0.0,0.0,0.0,0.0,0.0,868.7361108460389,0.0,0.0,306.2122517868112,0.0,0.0,0.0,0.0,0.0,0.0,0.0,0.0,0.0,0.0,-604.9537751159817,591.8020659186235,0.0,34.372712364959455,34.372712364959455,1000.0,-905.1041137476537,0.0,0.0,0.0,0.0,0.0,0.0,0.0,881.6135340626463,81.98963746849307,853.5982334364346,0.11457570788319817,0.0,0.0,-904.3983277649783,1000.0,0.0,0.0,0.0,0.0,0.0,0.0,0.0,0.0,0.0,0.0,0.0,0.0,0.0,0.0,0.0,0.0,0.0,0.11457570788319817,0.0,0.0,0.0,-491.0813645210023,491.0813645210023,0.0,0.0,0.0,0.0,0.0,366.56052585199336,-145.62301740252556,0.0,-891.1220910025179,-8.593178091239864,-5.728785394159913,0.0,0.0,124.99999999999996,124.99999999999996,-124.99999999999996,0.0,0.0,0.0,0.0,0.0,0.0,0.0,0.0,0.0,0.0,0.0,13.244212738574163,0.0,0.0,0.0,0.0,0.0,0.0,0.11457570788319817,0.0,0.11457570788319817,0.0,0.0,0.0,68.74542472991891,139.78236361750177,139.78236361750177,0.0,0.0,0.0,0.0,0.0,0.0,0.0,0.0,0.0,81.98963746849307,0.0,0.0,0.0,46.12260920375544,0.0,0.0,0.0,0.0,0.0,0.0,0.0,0.0,0.0,0.0,0.0,0.0,0.0,153.40768017567163,0.0,0.0,0.0,0.17186356182479726,0.0,0.0,0.0,-306.2122517868112,0.0,0.0,0.0,0.0,0.0,-106.55329793944402,5.7287853941599085,0.0,0.0,0.0,-375.0,669.3232426390491,1000.0,0.0,0.0,-375.0000000000142,0.0,0.0,0.0,0.0,0.0,0.0,0.0,0.0,-166.55938937302983,-201.9712987360404,0.0,977.0848584233604,-149.2854364651391,0.0,640.029050385141,0.0,-640.029050385141,363.8549886707817,243.57713906243038,0.0,5.728785394159913,526.9486704575388,0.0,0.0,0.0,-20.18060134849395,-375.0000000000142,375.0000000000142,1000.0,-1000.0,0.0,0.0,0.0,0.0,0.0,792.4271140919666,-132.33283221316367,139.78236361750177,0.0,0.0,0.0,0.0,0.0,0.0,0.0,0.0,0.0,132.91664883959663,0.0,0.0,0.0,-95.60167223502174,-1000.0,-400.7337676268328,34.372712364959455,0.0,0.0,0.0,0.0,-307.38058941468694,0.0,0.0,0.1260332786716313,0.0,0.0,0.0,69.89118180875087,0.0,0.0,0.0,0.0,103.3293303046469,0.0,0.0,0.0,0.0,0.0,0.0,0.0,0.0,0.0,0.0,0.011457570788319818,0.011457570788319818,0.0,0.0,0.0,0.0,0.0,0.0,0.0,0.0,0.0,-904.3983277649783,0.0,0.0,0.0,0.0,0.0,106.55329793944402,0.0,0.0,0.0,0.0,0.0,0.0,0.0,0.0,0.0,0.0,0.0,0.0,0.0,1000.0,966.0608143303704,0.0,0.0,0.0,68.74542472991891,0.0,0.0,0.0,0.0,0.0,0.0,-68.74542472991891,0.0,0.0,0.0,0.0,0.0,0.0,0.0,0.0,0.0,0.0,0.0,0.0,1000.0,0.0,124.60696910374622,-1000.0,693.7877482131888,0.0,890.6637881709846,0.0,0.0,0.0,0.0,0.0,0.0,0.0,0.0,0.0,0.0,0.0,0.0,0.0,0.0,0.0,0.0,0.0,-14.321963485399777,0.0,-8.593178091239864,169.86226332567924,0.0,0.0,0.0,0.0,0.0,0.0,-1.4321963485399773,384.0355900192757,0.0,0.0,0.0,0.0,0.0,0.0,0.0,1000.0,34.372712364959455,34.372712364959455,0.0,0.0,0.0,0.0,0.0,0.1260332786716313,106.55329793944402,0.0,0.0,-890.6637881709846,0.0,0.0,0.0,0.0,0.0,0.0,0.0,0.0,0.0,0.0,0.0,0.0,0.0,0.0,0.0,0.0,0.0,13.927979495752595,0.0,120.30449327735809,8.822329507006259,0.0,0.0,0.0,0.0,0.0,106.55329793944402,0.0,-876.5014743484019,0.0,0.0,0.0,-14.321963485399777,0.0,0.0,0.0,0.0,0.0,0.0,0.0,0.0,0.0,0.0,0.0,0.0,0.0,0.0,0.0,0.0,0.0,0.0,-0.11457570788319817,0.0,0.0,5.7287853941599085,-872.4015760653174,0.0,0.0,0.0,0.0,0.0,0.0,0.0,0.0,-36.25764075501196,2.8643926970799543,0.0,0.0,0.0,0.11457570788319817,0.0,114.57570788319816,-21.590489948038822,22.915141576639638,0.8183979134514155,347.52218398562803,-0.08593178091239863,5.728785394159914,2.2915141576639635,-0.5728785394164788,-347.52218398562803,34.372712364959455,-0.11457570788319817,49.761812155046364,0.0,0.02864392697079954,0.8183979134514155,-149.2854364651391,-18.240452695004706,-2.2915141576639635,-412.0924901590629,-0.11457570788319817,0.02864392697079954,-347.52218398562803,11.457570788319817,0.11457570788319817,0.11457570788319817,-106.31268895288919,0.12603327867151798,-704.0722999442693,-0.08593178091239863,34.372712364959455,0.11457570788319817,306.2122517868112,214.55168548025264,-0.05728785394159908,247.0572368123637,-164.97982667187463,-0.08593178091239863,-0.11457570788319817,-21.590489948038822,0.11457570788319817,11.4575707883198,-2.2915141576639635,153.40768017567163,153.40768017567163,-11.457570788319817,412.0924901590629,-153.40768017567163,22.915141576639634,0.17186356182479726,-189.4140918001067,11.457570788319817,-110.56542214295548,0.0,-22.915141576639634,0.05728785394159908,1.1457570788319817,24.880906077523182,-179.05615715940078,-0.11457570788319817,-132.33283221316367,106.31268895288919,35.518469443791425,0.11457570788319817,18.240452695004706,-409.3303888816894,0.0,-0.11457570788319817,-0.02864392697079954,0.0,-0.11457570788319817,-202.88292148216428,0.11457570788320481,-0.02864392697079954,-0.02864392697079954,-0.02864392697079954,45.83028315327927,-214.55168548025264,1.1457570788319817,389.92418505197645,-0.02864392697079954,0.0,5.7287853941599085,107.17024613524205,0.11457570788319817,0.05728785394159908,0.05728785394159908,11.457570788319817,21.590489948038822,0.11457570788319817,-21.590489948038822,1.1457570788319817,0.11457570788319817,-1000.0,0.11457570788319821,0.458302831533274,0.5728785394164788,0.05728785394159908,0.02864392697079954,34.372712364959455,-0.11457570788319817,704.0722999442693,1.1457570788319817,-779.8483701039529,2.86439269707995,-11.4575707883198,22.915141576639634,5.7287853941599085,-0.11457570788319821,149.2854364651391,0.17186356182479726,-0.11457570788319817,-22.915141576639634,21.590489948038822,592.8483151541793,0.05728785394159908,-214.3404922704841,-0.11457570788319817,-0.11457570788320481,-0.11457570788319817,0.05728785394159908,347.52218398562803,-22.915141576639634,0.11457570788319817,49.761812155046364,-0.02864392697079954,-0.12603327867151798,-49.761812155046364,17.186356182479724,164.97982667187463,-92.40988100786518,347.52218398562803,-0.08593178091239863,132.33283221316367,179.05615715940078,0.11457570788319817,-0.028643926970799545,5.728785394159913,114.57570788319816,-0.05728785394159908,-0.11457570788319817,0.02864392697079954,0.0,0.0,189.3568039461651,610.0758149480235,752.737606760956,0.0,717.9237377024773,-951.5778110017411,0.0,984.8781184700847,-1000.0,-1000.0,0.0,-492.43905923504235,-376.368803380478,500.0,0.0,475.78890550087056,-106.55329793944402,-285.46772573949244,0.0,1000.0,-285.46772573949244,-717.9237377024773,557.8982778979234,0.0,1496.5981,bhi
49,0.0,0.0,0.0,0.0,0.0,0.0,0.0,0.0,-0.09676494753809642,0.0,0.0,0.0,0.0,0.0,0.0,0.0,0.14514742130714461,0.0,0.0,-385.9452707041373,0.0,0.0,0.0,376.2382431425108,0.0,0.0,0.0,0.0,0.0,-571.4890162185974,0.0,0.0,0.0,0.0,0.0,0.0,0.0,945.0710727736039,0.0,-1000.0,235.23230721489068,0.0,0.0,0.0,0.0,0.0,320.7448300654895,0.0,779.3809713000246,0.0,0.0,0.0,0.0,0.10644144229182986,0.0,0.0,0.0,0.0,0.0,0.0,32.57622434509574,0.0,0.0,-90.71774782975798,0.0,0.0,0.0,0.0,389.08507247127176,0.0,0.0,0.9676494753809642,0.0,0.0,0.0,0.0,0.0,0.0,0.0,799.8772389871579,0.0,0.0,0.0,0.0,58.05896852285787,0.0,0.0,-279.38097130002467,-500.0,1000.0,-0.024191236884524105,0.0,0.0,440.7822546189854,29.029484261428927,0.0,860.6464229010758,-3.1158313107280264,0.0,0.0,0.0,79.751939865302,-571.4890162185974,0.0,0.0,-249.05136810199758,0.0,412.91215825944937,0.0,0.0,0.0,0.0,0.0,0.0,0.0,0.0,0.0,0.0,0.0,0.0,0.0,0.0,0.0,0.0,-504.7147558325769,0.0,0.0,860.6464229010758,0.0,29.997133736809896,0.0,0.0,-1000.0,0.0,1000.0,-1000.0,0.0,-750.0000000000002,750.0000000000002,-123.29397217485372,0.0,0.0,0.0,0.0,0.0,7.450900960433419,0.09676494753809642,0.0,0.0,0.0,0.0,0.0,0.0,0.0,0.0,0.0,713.7089697154861,0.0,0.0,0.0,0.0,0.0,679.3519348820486,679.3519348820486,0.0,0.0,0.0,0.0,0.0,0.0,0.0,679.4486998295866,0.0,0.0,0.0,-847.1844173204161,0.0,0.0,0.0,0.0,0.0,0.0,0.0,0.0,0.0,0.0,-1000.0,0.0,0.0,0.0,0.0,-1000.0,0.0,0.0,0.0,0.0,0.0,0.0,0.0,500.0,-500.0,123.29397217485372,0.0,0.0,0.0,0.0,0.0,0.0,0.0,895.7704807377232,0.0,0.0,0.0,0.0,0.0,0.0,0.0,0.0,0.0,0.0,0.0,0.0,0.0,0.0,-129.67708234511463,-208.03710250273446,0.0,0.0,0.0,0.0,-123.29397217485372,0.0,0.0,0.0,0.0,32.57622434509574,-208.03710250273446,0.0,0.0,0.0,0.0,0.0,0.0,0.0,0.0,0.0,19.352989507619284,831.6169386396468,0.0,1000.0,0.0,1000.0,0.0,208.03710250273446,0.0,0.0,123.29397217485372,0.0,0.0,0.0,0.0,-50.85028468766632,0.0,0.0,431.9023814274592,327.39112036300037,662.3607955996986,-895.4887389355412,1000.0,-665.0303247633018,0.0,0.0,-385.9452707041372,0.0,0.0,269.9742036312891,0.0,0.0,0.0,-202.99300209639546,0.0,202.99300209639546,0.0,1000.0,0.0,0.0,1000.0,0.0,0.0,0.0,32.57622434509574,-0.14514742130714461,0.0,0.0,0.0,0.0,0.09676494753809642,0.0,0.0,0.0,139.35357709892423,0.14514742130714461,0.0,-336.04102056217135,-248.40561812398,0.0,1000.0,0.0,-483.37900657312275,0.0,-249.05136810199758,0.0,0.0,0.0,-8.331461983030024,296.1554081681227,195.55506038803009,-1000.0,-1000.0,0.0,0.0,0.0,0.0,0.0,0.0,0.0,0.0,0.0,0.0,0.0,0.0,0.0,0.0,0.0,0.0,0.0,-54.541867436243656,0.0,-1000.0,0.0,0.0,0.0,1000.0,0.0,0.0,-7.450900960433419,0.0,0.0,0.0,646.6581470139122,74.91369248839726,-685.2404806393945,-132.51374619239553,0.0,-378.4640020919549,0.0,-74.33533754778887,-937.8767643756487,27.492790738010825,-1000.0,132.51374619239553,-542.2950936211034,1000.0,376.0448784035025,933.0385169987438,0.0,0.0,705.886694223658,216.55032204454633,-626.2867820018563,860.6464229010758,-625.0,625.0,0.0,0.0,0.0,0.0,937.5,937.5,-937.5,-937.5,22.850626694971506,0.0,0.0,0.0,0.0,0.0,0.0,0.0,0.0,-58.14152348466224,0.0,0.0,95.87873011596645,0.0,0.0,0.0,0.0,-990.3235052461904,0.19352989507625745,0.0,0.0,0.0,0.0,0.0,0.0,0.0,0.0,0.0,0.0,0.0,0.0,0.0,0.0,0.0,0.0,0.0,0.0,0.0,0.10644144229182986,0.10644144229182986,0.0,439.28220132232565,0.0,58.05896852285787,0.0,0.0,0.0,1000.0,0.0,0.0,0.0,0.0,0.0,1000.0,-1000.0,0.0,0.0,301.8423729410645,0.0,0.0,95.87873011596645,0.0,0.0,0.0,0.0,0.0,0.0,0.0,168.23825194419229,-139.35357709892423,0.0,0.0,7.450900960433419,0.0,0.0,440.7822546189854,440.7822546189854,0.0,1000.0,0.0,0.0,9.676494753809642,1000.0,-1000.0,0.0,0.0,0.0,0.0,0.0,0.0,0.0,0.0,0.0,0.0,0.0,0.0,0.0,0.0,58.05896852285785,123.29397217485372,123.29397217485372,0.0,0.0,0.0,0.0,0.0,0.0,0.0,0.0,0.0,0.0,0.9676494753809642,0.0,0.0,0.0,0.0,0.0,0.0,0.0,0.0,860.6464229010758,-301.8423729410645,0.0,0.0,0.0,0.0,0.0,0.0,0.0,0.0,0.0,0.0,854.154778028302,0.0,29.029484261428927,29.029484261428927,-159.6725895437795,-1000.0,0.0,95.87873011596645,0.0,0.0,0.0,0.0,0.0,739.1691696418719,0.0,791.2290161737644,0.09676494753809642,0.0,0.0,-463.28406422379953,591.0760010117899,492.2207690421952,0.0,-440.7822546189854,0.0,0.0,0.0,0.0,0.0,0.0,0.0,0.0,0.0,0.0,0.0,0.0,0.0,0.0,0.09676494753809642,0.0,0.0,0.0,0.0,0.0,0.0,0.0,0.0,0.0,-10.566732271161445,3.1158313107280264,0.0,0.0,-945.4581325637563,-7.257371065357233,0.0,-4.838247376904821,0.0,0.0,0.0,0.0,0.0,0.0,0.0,0.0,0.0,0.0,0.0,123.29397217485372,0.0,0.0,0.0,84.43815959870649,0.0,0.0,0.0,-0.09676494753809642,0.0,0.0,0.09676494753809642,0.0,0.09676494753809642,0.0,389.08507247127176,0.0,58.05896852285787,118.05323599647764,118.05323599647764,0.0,0.0,0.0,0.0,0.0,0.0,0.0,0.0,0.0,0.0,0.0,0.0,0.0,0.0,0.0,0.0,0.0,0.0,0.0,0.0,0.0,0.0,0.0,0.0,0.0,0.0,0.0,0.0,0.0,-68.80900844893063,68.80900844893063,0.14514742130714461,0.0,0.0,0.0,-860.6464229010758,0.0,0.0,0.0,0.0,0.0,-439.28220132232565,4.838247376904821,0.0,0.0,0.0,0.0,0.0,-3.1158313107280264,-4.838247376904821,0.0,0.0,0.0,0.0,0.0,0.0,0.0,123.29397217485372,0.0,301.8423729410645,73.32748031912212,439.28220132232565,0.0,748.1935096362058,243.16940094019762,0.0,0.0,0.0,0.0,0.0,-118.05323599647764,0.0,4.838247376904821,623.9133548984357,0.0,0.0,0.0,-58.14152348466224,0.0,0.0,0.0,0.0,0.0,0.0,0.0,0.0,0.0,1000.0,-14.514742130714495,118.05323599647764,0.0,0.0,0.0,0.0,0.0,0.0,0.0,0.0,0.0,0.0,0.0,0.0,446.5395723876829,-127.79193678799035,-565.5710909683809,0.0,29.029484261428927,0.0,0.0,0.0,0.0,-152.3732729802328,0.0,0.0,0.10644144229182986,0.0,0.0,0.0,59.02661799823882,0.0,0.0,0.0,0.0,-129.67708234511463,0.0,0.0,0.0,0.0,0.0,0.0,0.0,0.0,0.0,0.0,0.009676494753809642,0.009676494753809642,0.0,0.0,0.0,0.0,0.0,0.0,0.0,0.0,0.0,-463.28406422379953,0.0,0.0,0.0,0.0,0.0,439.28220132232565,0.0,0.0,0.0,0.0,0.0,0.0,0.0,0.0,0.0,0.0,0.0,0.0,0.0,7.780724734364341,0.0,0.0,0.0,0.0,58.05896852285787,0.0,0.0,0.0,0.0,0.0,941.9410314771421,-1000.0,0.0,0.0,0.0,0.0,0.0,0.0,0.0,0.0,0.0,0.0,0.0,0.0,-791.2290161737644,-832.3198465767256,66.28398906359605,0.0,-860.6464229010758,0.0,945.0710727736039,0.0,0.0,0.0,0.0,0.0,0.0,0.0,0.0,0.0,0.0,0.0,0.0,0.0,0.0,0.0,0.0,0.0,-12.095618442262055,123.29397217485372,-82.1710635537545,7.257371065357266,0.0,0.0,0.0,0.0,0.0,-626.2095618441851,624.999999999959,58.14152348466224,0.0,0.0,0.0,0.0,0.0,0.0,0.0,1000.0,29.029484261428927,29.029484261428927,0.0,0.0,0.0,0.0,799.8772389871579,0.10644144229182986,439.28220132232565,0.0,0.0,-945.0710727736039,0.0,0.0,0.0,0.0,0.0,0.0,0.0,0.0,0.0,0.0,0.0,0.0,0.0,0.0,228.9470404601012,0.0,0.0,0.0,0.0,101.60319491500124,0.0,0.0,7.450900960433419,0.0,0.0,0.0,439.28220132232565,0.0,0.0,0.0,0.0,0.0,-12.095618442262055,0.0,0.0,0.0,0.0,0.0,0.0,0.0,0.0,0.0,0.0,0.0,0.0,0.0,0.0,0.0,0.0,0.0,0.0,-0.09676494753809642,0.0,0.0,4.838247376904821,-1000.0,0.0,0.0,0.0,0.0,123.29397217485372,0.0,0.0,0.0,8.331461983030024,2.4191236884524105,0.0,0.0,0.0,0.09676494753809642,0.0,96.76494753809641,-29.997133736809893,19.352989507619284,0.6911781967006887,269.9742036312891,-0.07257371065357231,542.2950936211034,1.9352989507619285,-0.4838247376904974,-269.9742036312891,29.029484261428927,-0.09676494753809642,83.01712270066587,95.87873011596645,0.024191236884524105,0.6911781967006887,-249.05136810199758,-15.404979648066266,-1.9352989507619285,385.8001232828301,-0.09676494753809642,0.024191236884524105,-269.9742036312891,9.676494753809642,0.09676494753809642,0.09676494753809642,-439.07899493249573,0.10644144229190607,0.0,-0.07257371065357231,29.029484261428927,0.09676494753809642,860.6464229010758,783.2344648705986,-0.04838247376904821,-215.60623351149093,113.52071247350598,-0.07257371065357231,-0.09676494753809642,-29.997133736809893,0.09676494753809642,9.676494753809607,-1.9352989507619285,0.0,0.0,-9.676494753809642,-385.8001232828301,0.0,19.352989507619284,0.14514742130714461,-925.9299213513787,9.676494753809642,-168.23825194419229,95.87873011596645,-19.352989507619284,0.0483824737690482,0.9676494753809642,84.01025514054284,458.6351908299449,-0.09676494753809642,-461.0543145183974,439.07899493249573,29.997133736809896,0.09676494753809642,15.404979648066266,-851.8561455693962,95.87873011596645,-0.09676494753809642,-0.024191236884524105,-95.87873011596645,-0.09676494753809642,-990.3235052461904,0.09676494753807198,-0.0241912368845241,-0.024191236884524105,-0.0241912368845241,38.70597901523857,-783.2344648705986,0.9676494753809642,71.69073050729011,-0.024191236884524105,85.00338758041981,4.838247376904821,500.0,0.09676494753809642,0.04838247376904821,0.04838247376904821,57.615859811792866,29.997133736809893,0.09676494753809642,-29.997133736809893,0.9676494753809642,0.09676494753809642,-71.69073050729011,0.09676494753809642,0.3870597901524562,0.4838247376904974,0.04838247376904821,0.024191236884524105,29.029484261428927,-0.09676494753809642,0.0,0.9676494753809642,-143.38146101458022,539.8759699326511,-9.676494753809607,19.352989507619284,4.838247376904821,-0.09676494753809642,249.05136810199758,0.14514742130714461,-0.09676494753809642,-115.23171962358573,29.997133736809893,418.3615601894456,0.04838247376904821,-1000.0,-0.09676494753809642,-0.09676494753807198,-0.09676494753809642,0.04838247376904821,269.9742036312891,-19.352989507619284,0.09676494753809642,168.02051028108568,-0.024191236884524105,-0.10644144229190607,-168.02051028108568,14.51474213071446,-113.52071247350598,6.655169157030855,269.9742036312891,-0.07257371065357231,461.0543145183974,-458.6351908299449,0.09676494753809642,-0.02419123688452411,651.496394390817,96.76494753809641,-0.04838247376904821,-0.09676494753809642,0.024191236884524105,0.0,0.0,-74.11846112239039,0.0,-247.39257602635598,0.0,701.8860308586042,241.0308955996057,0.0,1000.0,-285.3730171427884,-767.5464991438251,-1000.0,-500.0,123.69628801317796,142.6865085713942,0.0,-120.51544779980286,-439.28220132232565,-265.9882872092128,1000.0,767.5464991438251,-265.9882872092128,-701.8860308586042,772.0328408370954,0.0,1496.5981,bhi
50,0.0,0.0,0.0,0.0,0.0,0.0,0.0,0.0,-0.1227666798266754,0.0,0.0,0.0,0.0,0.0,0.0,0.0,1000.0,-183.4663051792571,0.0,-271.571941275554,0.0,0.0,0.0,0.0,0.0,0.0,0.0,0.0,0.0,-188.1483016057365,0.0,0.0,428.233547481354,0.0,0.0,0.0,0.0,191.38716569980252,0.0,-1000.0,1000.0,0.0,-280.5111806515805,719.5925280884874,0.0,0.0,586.6709649586996,0.0,-1000.0,-504.2129329829887,0.0,8.939239376026505,0.0,0.13504334780918725,0.0,0.0,0.0,24.55333596533508,0.0,0.0,99.6655579356136,0.0,0.0,-231.76607268143698,422.7261597273143,0.0,0.0,0.0,346.5618207154225,-15.13019009837194,0.0,1.227666798266754,0.0,0.0,0.0,0.0,0.0,0.0,0.0,676.3940577097791,0.0,0.0,0.0,0.0,73.66000789600524,0.0,0.0,115.7838823049999,0.0,-561.8828893837845,-0.03069166995666885,0.0,0.0,0.0,36.83000394800262,0.0,36.83000394800262,0.0,185.4154408641669,0.0,0.0,900.9132168926164,-1000.0,0.0,0.0,-437.24511826192906,553.7433109574959,0.0,0.0,0.0,0.0,0.0,0.0,0.0,0.0,0.0,0.0,0.0,0.0,0.0,0.0,0.0,0.0,0.0,-193.7483385612461,0.0,0.0,36.83000394800262,0.0,38.057670746269366,0.0,0.0,0.0,0.0,0.0,0.0,394.7417203994952,0.0,0.0,-726.1733510165458,0.0,0.0,0.0,0.0,0.0,9.453034346653965,0.1227666798266754,0.0,0.0,0.0,0.0,-943.3630559066964,0.0,0.0,0.0,0.0,1000.0,0.0,0.0,0.0,0.0,0.0,413.451801721127,413.451801721127,0.0,0.0,0.0,0.0,0.0,0.0,0.0,413.5745684009537,0.0,0.0,0.0,-319.8519522517841,-41.44350598833377,0.0,0.0,0.0,0.0,0.0,0.0,0.0,0.0,0.0,-137.9494729016323,0.0,0.0,0.0,0.0,-1000.0,0.0,0.0,0.0,0.0,0.0,504.2129329829887,271.571941275554,561.8828893837845,-561.8828893837845,0.0,0.0,0.0,0.0,0.0,0.0,0.0,811.8516983942635,-71.11255151002766,0.0,0.0,0.0,0.0,0.0,0.0,0.0,0.0,0.0,0.0,0.0,0.0,0.0,673.1495022428863,-19.80694014530087,-83.42363966981753,0.0,0.0,0.0,0.0,0.0,0.0,0.0,0.0,0.0,99.6655579356136,-803.0161677583048,0.0,0.0,0.0,0.0,0.0,0.0,0.0,0.0,268.80254379515054,0.0,0.0,0.0,412.48641226754694,-429.907657767818,-50.76128703566161,0.0,83.42363966981753,0.0,0.0,331.4316306170506,-133.25826759050926,0.0,0.0,0.0,-276.66942812651985,0.0,0.0,-1000.0,0.0,-285.648205526702,-714.3517944732978,-285.648205526702,0.0,561.8828893837845,0.0,1000.0,504.2129329829887,0.0,342.5190367164243,0.0,0.0,0.0,-605.5216580800302,0.0,605.5216580800302,0.0,1000.0,331.4316306170506,0.0,97.52589125691813,0.0,0.0,0.0,99.6655579356136,-0.1841500197400131,0.0,0.0,0.0,0.0,0.1227666798266754,0.0,0.0,0.0,694.3674522568468,1000.0,0.0,-291.4967455079527,-21.413390483121702,41.44350598833377,976.3929278558735,0.0,465.0144458465886,0.0,-437.24511826192906,0.0,0.0,0.0,534.9855541534114,0.0,-1000.0,-1000.0,-1000.0,0.0,0.0,0.0,0.0,0.0,0.0,0.0,0.0,0.0,0.0,0.0,0.0,0.0,0.0,0.0,0.0,0.0,0.0,0.0,-1000.0,0.0,808.1217675808902,264.8494567047304,0.0,0.0,0.0,-278.2555781418045,0.0,185.4154408641669,0.0,0.0,894.7748829012827,-346.5618207154225,0.0,138.1491792111179,-128.069166995667,0.0,0.0,0.0,-217.2258685406013,506.3647688674948,0.0,-591.674954653093,0.0,125.00000000000011,-6.13833399133377,0.0,0.0,400.6217258898739,0.0,0.0,36.83000394800262,0.0,0.0,0.0,0.0,0.0,0.0,0.0,-673.1495022428863,673.1495022428863,673.1495022428863,59.02942869373333,0.0,0.0,0.0,0.0,0.0,811.8516983942635,0.0,0.0,-132.10051474582338,0.0,0.0,60.43707609212896,0.0,0.0,0.0,0.0,-446.25668904250415,0.24553335965356382,0.0,0.0,0.0,0.0,0.0,0.0,0.0,0.0,0.0,0.0,0.0,0.0,0.0,0.0,0.0,0.0,0.0,0.0,0.0,0.13504334780918725,0.13504334780918725,0.0,291.48106908937774,0.0,73.66000789600524,0.0,0.0,0.0,1000.0,0.0,0.0,0.0,0.0,0.0,599.7051258935312,-1000.0,0.0,0.0,52.14025007137897,0.0,0.0,60.43707609212896,0.0,0.0,0.0,0.0,0.0,0.0,0.0,64.58277952041537,-694.3674522568468,389.61974494920065,0.0,9.453034346653965,0.0,0.0,0.0,0.0,0.0,599.7051258935312,0.0,0.0,153.44843685102705,0.0,0.0,673.1495022428863,0.0,0.0,0.0,0.0,0.0,0.0,0.0,0.0,0.0,0.0,0.0,0.0,0.0,73.66000789600524,331.4316306170506,331.4316306170506,0.0,0.0,0.0,0.0,0.0,0.0,0.0,0.0,0.0,0.0,1.227666798266754,0.0,0.0,0.0,0.0,0.0,271.571941275554,0.0,0.0,36.83000394800262,-52.14025007137897,0.0,0.0,0.0,0.0,0.0,0.0,0.0,0.0,0.0,-120.73606624818834,1000.0,0.0,36.83000394800262,36.83000394800262,1000.0,-1000.0,0.0,60.43707609212896,0.0,0.0,0.0,0.0,0.0,1000.0,811.8516983942635,970.5652462130784,0.1227666798266754,0.0,0.0,0.0,162.13093880824295,0.0,0.0,0.0,0.0,-331.4316306170506,0.0,0.0,0.0,0.0,0.0,0.0,0.0,0.0,0.0,0.0,0.0,0.0,0.1227666798266754,0.0,0.0,0.0,0.0,0.0,0.0,0.0,0.0,808.1217675808902,0.0,172.00931942709275,0.0,0.0,-1000.0,-9.207500987000655,-6.13833399133377,0.0,0.0,0.0,0.0,0.0,0.0,0.0,0.0,0.0,0.0,0.0,0.0,331.4316306170506,41.44350598833377,0.0,0.0,406.76005988120767,0.0,0.0,0.0,-0.1227666798266754,0.0,0.0,0.1227666798266754,0.0,0.1227666798266754,0.0,0.0,0.0,73.66000789600524,149.7753493885441,149.7753493885441,0.0,0.0,0.0,0.0,0.0,0.0,0.0,389.61974494920065,0.0,811.8516983942635,0.0,0.0,0.0,545.5557652864879,0.0,0.0,0.0,0.0,0.0,0.0,0.0,0.0,0.0,0.0,0.0,0.0,0.0,0.0,0.0,0.0,0.0,0.1841500197400131,0.0,0.0,0.0,-36.83000394800262,0.0,0.0,0.0,0.0,0.0,-291.48106908937774,6.13833399133377,0.0,0.0,0.0,0.0,0.0,1000.0,0.0,0.0,0.0,0.0,0.0,0.0,0.0,0.0,331.4316306170506,0.0,52.14025007137897,939.7010098439407,-381.6684331535086,0.0,944.2332834683068,-437.24511826192906,0.0,721.7444218581954,185.4154408641669,-907.1598627223623,0.0,-283.03361697905336,0.0,6.13833399133377,522.8550221856442,0.0,0.0,0.0,-132.10051474582338,0.0,0.0,0.0,0.0,0.0,0.0,0.0,0.0,0.0,119.53447092763076,0.0,149.7753493885441,0.0,0.0,0.0,0.0,0.0,0.0,0.0,0.0,0.0,268.80254379515054,0.0,0.0,319.1035720503799,-162.13093880824295,-861.3652022360023,-280.5111806515805,36.83000394800262,0.0,0.0,0.0,0.0,-231.34058160572687,0.0,0.0,0.13504334780918725,0.0,0.0,0.0,74.887674694272,0.0,0.0,0.0,0.0,-19.80694014530087,0.0,553.7433109574959,0.0,0.0,0.0,0.0,0.0,0.0,0.0,0.0,0.012276667982667541,0.012276667982667541,0.0,0.0,0.0,0.0,0.0,0.0,0.0,0.0,0.0,0.0,0.0,0.0,0.0,0.0,0.0,291.48106908937774,0.0,0.0,0.0,0.0,0.0,0.0,0.0,504.2129329829887,0.0,0.0,0.0,0.0,1000.0,1000.0,-183.4663051792571,0.0,0.0,0.0,73.66000789600525,0.0,0.0,0.0,0.0,0.0,926.3399921039947,-1000.0,0.0,0.0,0.0,0.0,0.0,0.0,0.0,0.0,0.0,0.0,0.0,0.0,-970.5652462130784,-1000.0,629.6509409677608,-594.5529480035633,557.7229440555607,0.0,999.5089332806926,0.0,0.0,0.0,0.0,0.0,0.0,0.0,0.0,0.0,0.0,0.0,0.0,0.0,0.0,0.0,0.0,0.0,-15.345834978334425,331.4316306170506,-903.9823838882834,536.3482642994873,0.0,0.0,0.0,0.0,0.0,0.0,-1.5345834978334423,132.10051474582338,0.0,0.0,0.0,0.0,0.0,0.0,0.0,1000.0,36.83000394800262,36.83000394800262,0.0,0.0,0.0,0.0,676.3940577097791,0.13504334780918725,291.48106908937774,0.0,0.0,-999.5089332806926,0.0,0.0,0.0,0.0,0.0,0.0,0.0,0.0,0.0,0.0,0.0,0.0,0.0,0.0,0.0,0.0,0.0,0.0,0.0,128.90501381800917,9.453034346653965,0.0,0.0,0.0,0.0,0.0,291.48106908937774,0.0,-741.2888772866033,0.0,0.0,0.0,-15.345834978334425,0.0,0.0,0.0,0.0,0.0,0.0,0.0,0.0,0.0,0.0,0.0,0.0,0.0,0.0,0.0,0.0,0.0,0.0,-0.1227666798266754,0.0,0.0,6.13833399133377,-599.7051258935312,0.0,0.0,0.0,0.0,331.4316306170506,0.0,0.0,0.0,-534.9855541534114,3.069166995666885,0.0,0.0,0.0,0.1227666798266754,0.0,122.7666798266754,-38.057670746269366,24.55333596533508,0.8769048559048243,342.5190367164243,-0.09207500987000655,453.52577544197516,2.4553335965335084,-0.6138333991340305,-342.5190367164243,36.83000394800262,-0.1227666798266754,145.74837275397635,60.43707609212896,0.03069166995666885,0.8769048559048243,-437.24511826192906,-19.5444554284079,-2.4553335965335084,-544.9617535451888,-0.1227666798266754,0.03069166995666885,-342.5190367164243,12.27666798266754,0.1227666798266754,0.1227666798266754,-291.2232590617419,0.13504334780934293,0.0,-0.09207500987000655,36.83000394800262,0.1227666798266754,36.83000394800262,-61.3833399133377,-0.0613833399133377,-125.50976347614187,-12.399434662494215,-0.09207500987000655,-0.1227666798266754,-38.057670746269366,0.1227666798266754,12.27666798266754,-2.4553335965335084,0.0,0.0,-12.27666798266754,544.9617535451888,0.0,24.55333596533508,0.1841500197400131,-1000.0,12.27666798266754,-64.58277952041537,60.43707609212896,-24.55333596533508,0.0613833399133377,1.227666798266754,72.87418637698818,-357.11509718817354,-0.1227666798266754,-319.1035720503799,291.2232590617419,38.057670746269366,0.1227666798266754,19.5444554284079,-86.88293969988152,60.43707609212896,-0.1227666798266754,-0.03069166995666885,-60.43707609212896,-0.1227666798266754,-1000.0,0.12276667982644085,-0.03069166995666885,-0.03069166995666885,-0.03069166995666885,49.10667193067016,61.3833399133377,1.227666798266754,103.67803808105405,-0.03069166995666885,0.0,6.13833399133377,229.26667851258586,0.1227666798266754,0.0613833399133377,0.0613833399133377,-123.22060927979328,38.057670746269366,0.1227666798266754,-38.057670746269366,1.227666798266754,0.1227666798266754,-129.1245864099826,0.1227666798266754,0.49106671930741186,0.6138333991340305,0.0613833399133377,0.03069166995666885,36.83000394800262,-0.1227666798266754,0.0,1.2276667982667542,-207.3560761621081,450.4566084463082,-12.27666798266754,24.55333596533508,6.13833399133377,-0.1227666798266754,437.24511826192906,0.1841500197400131,-0.1227666798266754,246.44121855958656,38.057670746269366,533.2321984570599,0.0613833399133377,-458.5333570251717,-0.1227666798266754,-0.12276667982644085,-0.1227666798266754,0.0613833399133377,342.5190367164243,-24.55333596533508,0.1227666798266754,145.74837275397635,-0.03069166995666885,-0.13504334780934293,-145.74837275397635,18.41500197400131,12.399434662494215,157.0035113643139,342.5190367164243,-0.09207500987000655,319.1035720503799,357.11509718817354,0.1227666798266754,-0.030691669956668853,6.13833399133377,122.7666798266754,-0.0613833399133377,-0.1227666798266754,0.03069166995666885,890.5235243116074,0.0,999.9386166600866,25.446548328928557,-686.9998317609699,0.0,370.4660938024295,-868.1918093674524,0.0,1000.0,353.66235360286066,-579.1668744844412,0.0,-500.0,343.49991588048493,-176.83117680143033,0.0,434.0959046837262,-291.48106908937774,-301.8916168513331,0.0,579.1668744844412,-301.8916168513331,-370.4660938024295,222.53618275982174,0.0,1496.5981,bhi
51,0.0,0.0,0.0,0.0,0.0,0.0,0.0,0.0,-0.17785411143339486,0.0,0.0,0.0,0.0,0.0,0.0,0.0,775.5842532665056,-292.78093314090717,0.0,94.05997348529797,0.0,0.0,0.0,314.4603362674614,0.0,249.0606340054264,0.0,0.0,0.0,-232.3934918295297,0.0,0.0,229.1613644191291,0.0,0.0,0.0,0.0,999.2885835542676,0.0,-1000.0,740.848648031838,0.0,0.0,0.0,0.0,0.0,0.0,0.0,-389.63278903639844,0.0,0.0,-602.999979246741,0.0,0.19563952257681194,0.0,0.0,0.0,35.57082228667897,0.0,0.0,-15.663018746899736,0.0,0.0,-15.663018746899736,0.0,0.0,0.0,0.0,0.0,0.0,0.0,1.7785411143339485,0.0,0.0,0.0,0.0,0.0,0.0,0.0,542.2245656214384,0.0,0.0,0.0,0.0,106.71246686003691,0.0,0.0,-587.8035292085694,873.4840243762394,-697.7686450336216,168.67434646076734,0.0,0.0,-16.316127559385336,53.356233430018456,0.0,53.356233430018456,-276.2819678661325,743.1397011023915,0.0,0.0,8.892705571669742,-1000.0,0.0,0.0,-297.5711138222158,634.0191367746975,0.0,0.0,0.0,0.0,0.0,0.0,0.0,0.0,0.0,0.0,0.0,0.0,0.0,0.0,0.0,0.0,0.0,-1000.0,0.0,0.0,53.356233430018456,0.0,55.13477454435241,55.13477454435241,0.0,-671.147747959653,671.147747959653,0.0,0.0,-935.8324712119904,0.0,0.0,935.8324712119904,0.0,0.0,0.0,0.0,0.0,13.694766580371379,0.17785411143339486,168.71880998862568,0.0,0.0,-589.1731679163995,-1000.0,0.0,0.0,0.0,0.0,1000.0,0.0,0.0,0.0,0.0,0.0,202.06251739422987,202.06251739422987,0.0,0.0,0.0,625.0,-552.2376310999264,0.0,0.0,202.24037150566326,0.0,0.0,0.0,617.1242817762593,0.0,0.0,0.0,0.0,0.0,0.0,0.0,0.0,0.0,0.0,-11.015097968109696,0.0,0.0,0.0,0.0,-1000.0,0.0,0.0,0.0,0.0,0.0,0.0,602.999979246741,-175.71537934261778,175.71537934261778,0.0,0.0,0.0,0.0,0.0,0.0,0.0,767.6065081704703,-803.5507557700882,0.0,0.0,0.0,0.0,0.0,0.0,0.0,0.0,0.0,0.0,0.0,0.0,0.0,0.0,642.529401346418,-756.5579516473184,0.0,0.0,0.0,0.0,3.024236358147656,0.0,0.0,0.0,0.0,-15.663018746899736,-756.5579516473184,0.0,0.0,0.0,0.0,0.0,0.0,0.0,0.0,53.07474584032938,0.0,0.0,0.0,-423.65176487092003,625.5476388479372,-550.1517183408448,0.0,756.5579516473184,0.0,0.0,0.0,216.98201594874172,0.0,0.0,0.0,-401.7279842825301,0.0,0.0,-1000.0,-794.9514819724433,-794.9514819724433,-205.0485180275566,0.0,0.0,697.7686450336216,0.0,0.0,0.0,0.0,603.4582836297288,0.0,0.0,0.0,169.32545044425927,0.0,-169.32545044425927,0.0,1000.0,0.0,0.0,-1000.0,625.0,0.0,0.0,-15.663018746899736,-0.26678116715009226,0.0,0.0,0.0,0.0,0.17785411143339486,0.0,0.0,0.0,890.5447843715045,775.5842532665056,0.0,-590.534871883807,811.8908283565555,0.0,683.3111353068366,0.0,1000.0,0.0,-297.5711138222158,0.0,0.0,0.0,-15.313238994415372,0.0,-984.6867610055847,170.63980652620526,-1000.0,0.0,0.0,0.0,0.0,0.0,0.0,0.0,0.0,0.0,0.0,0.0,0.0,0.0,0.0,0.0,0.0,0.0,56.608516571516404,0.0,-943.3914834284836,0.0,0.0,323.6298113183092,0.0,0.0,0.0,-66.76951242070072,0.0,743.1397011023915,0.0,0.0,0.0,0.0,640.4066435603193,-496.68733565174574,-876.8751206605854,0.0,0.0,0.0,885.2258212397363,-140.01962127921786,-640.4066435603193,487.794630080076,0.0,872.4287678747505,-8.892705571669742,-842.3996287414031,0.0,1000.0,-516.913124281805,-347.9986642612364,53.356233430018456,0.0,0.0,0.0,0.0,0.0,0.0,625.0,625.0,-625.0,-625.0,-371.0415034044182,0.0,0.0,-798.1153367172036,0.0,0.0,767.6065081704703,0.0,0.0,-31.326037493799472,0.0,0.0,110.89374615501987,0.0,0.0,0.0,0.0,-365.9808632253025,0.3557082228667241,0.0,0.0,0.0,0.0,0.0,0.0,0.0,0.0,0.0,0.0,0.0,0.0,0.0,0.0,0.0,0.0,0.0,0.0,0.0,0.19563952257681194,0.19563952257681194,0.0,0.0,0.0,106.71246686003691,0.0,0.0,0.0,1000.0,0.0,0.0,0.0,0.0,0.0,1000.0,-1000.0,0.0,0.0,0.0,0.0,0.0,110.89374615501987,0.0,0.0,0.0,0.0,0.0,0.0,0.0,333.3333333333333,-890.5447843715045,955.154031141702,0.0,13.694766580371379,0.0,875.0,-891.3161275593852,-894.3403639175328,0.0,1000.0,0.0,0.0,634.0191367746975,-625.0000000000978,625.0000000000978,0.0,0.0,0.0,0.0,0.0,0.0,0.0,0.0,0.0,0.0,0.0,0.0,0.0,0.0,106.71246686003691,0.0,0.0,0.0,0.0,0.0,0.0,0.0,0.0,0.0,0.0,0.0,0.0,1.7785411143339485,0.0,0.0,0.0,0.0,0.0,602.999979246741,0.0,0.0,53.356233430018456,0.0,0.0,0.0,0.0,0.0,0.0,0.0,0.0,0.0,0.0,563.2782381627808,0.0,0.0,53.356233430018456,53.356233430018456,1000.0,-1000.0,0.0,110.89374615501987,0.0,0.0,0.0,0.0,0.0,363.65534749502274,767.6065081704703,0.0,0.17785411143339486,0.0,0.0,14.342663700593,0.0,0.0,0.0,16.316127559385336,0.0,0.0,0.0,0.0,0.0,0.0,0.0,0.0,0.0,0.0,0.0,0.0,0.0,0.0,0.17785411143339486,0.0,0.0,0.0,0.0,0.0,0.0,0.0,0.0,0.0,0.0,1000.0,0.0,0.0,-1000.0,-13.339058357504612,0.0,-8.892705571669694,0.0,0.0,0.0,0.0,0.0,0.0,0.0,0.0,0.0,0.0,0.0,0.0,0.0,0.0,0.0,660.8940413104333,0.0,0.0,0.0,-0.17785411143339486,0.0,0.0,0.17785411143339486,0.0,0.17785411143339486,0.0,0.0,0.0,106.71246686003691,216.98201594874172,216.98201594874172,0.0,0.0,0.0,0.0,0.0,0.0,0.0,955.154031141702,0.0,767.6065081704703,0.0,0.0,0.0,0.0,0.0,0.0,0.0,0.0,0.0,0.0,0.0,0.0,0.0,0.0,0.0,0.0,0.0,3.024236358147656,0.0,-1000.0,1000.0,0.26678116715009226,0.0,0.0,0.0,-53.356233430018456,0.0,0.0,0.0,0.0,0.0,0.0,8.892705571669742,0.0,0.0,0.0,-625.0,552.2376310999264,0.0,-8.892705571669694,0.0,0.0,0.0,0.0,0.0,0.0,0.0,0.0,0.0,0.0,0.0,0.0,0.0,218.6810081590861,-297.5711138222158,0.0,-66.76951242070072,743.1397011023915,-676.3701886816908,0.0,0.0,0.0,8.892705571669694,198.48266141426097,0.0,0.0,0.0,-31.326037493799472,0.0,0.0,0.0,0.0,0.0,0.0,0.0,0.0,0.0,24.35415632561431,-40.01717507251405,216.98201594874172,0.0,125.00000000000001,125.0,-125.0,0.0,0.0,0.0,0.0,0.0,53.07474584032938,0.0,0.0,0.0,-14.342663700593,0.0,0.0,53.356233430018456,0.0,0.0,0.0,0.0,-24.70492709112448,0.0,0.0,0.19563952257681194,0.0,0.0,0.0,108.49100797437086,0.0,0.0,0.0,0.0,642.529401346418,0.0,634.0191367746975,0.0,0.0,0.0,0.0,0.0,0.0,0.0,0.0,0.017785411143339758,0.017785411143339758,0.0,0.0,0.0,0.0,0.0,0.0,0.0,0.0,0.0,14.342663700593,0.0,0.0,0.0,0.0,0.0,0.0,0.0,0.0,0.0,0.0,0.0,0.0,0.0,0.0,0.0,0.0,0.0,0.0,858.5956702286517,1000.0,-292.78093314090717,0.0,0.0,0.0,106.71246686003691,0.0,0.0,0.0,0.0,0.0,795.4291688387401,-902.141635698777,0.0,0.0,0.0,0.0,0.0,0.0,0.0,0.0,0.0,0.0,0.0,0.0,0.0,-465.704845978772,121.83006633187551,-53.356233430018456,0.0,0.0,999.2885835542676,0.0,0.0,0.0,0.0,0.0,0.0,0.0,0.0,0.0,812.5,0.0,-812.5,-812.5,0.0,0.0,0.0,0.0,-22.231763929174306,0.0,-13.339058357504612,26.67811671500943,0.0,0.0,0.0,0.0,0.0,0.0,-2.2231763929174355,31.326037493799472,0.0,0.0,0.0,0.0,0.0,0.0,0.0,1000.0,53.356233430018456,53.356233430018456,0.0,0.0,0.0,0.0,542.2245656214384,0.19563952257681194,0.0,0.0,0.0,-999.2885835542676,0.0,0.0,0.0,0.0,0.0,0.0,0.0,0.0,0.0,0.0,0.0,0.0,0.0,0.0,375.4696829972868,0.0,0.0,55.13477454435241,0.0,186.7468170050646,0.0,0.0,13.694766580371379,0.0,0.0,0.0,0.0,0.0,47.347843452176676,0.0,0.0,0.0,-22.231763929174306,0.0,0.0,0.0,0.0,0.0,0.0,0.0,0.0,0.0,0.0,0.0,0.0,0.0,0.0,0.0,0.0,0.0,0.0,-0.17785411143339486,0.0,0.0,8.892705571669742,-1000.0,0.0,0.0,0.0,0.0,0.0,0.0,0.0,0.0,15.313238994415372,4.446352785834871,0.0,0.0,249.0606340054264,0.17785411143339486,0.0,177.85411143339482,0.0,35.57082228667897,1.2703865102385277,606.4825199878765,-0.13339058357504613,8.892705571669708,3.557082228667897,-0.8892705571657871,-606.4825199878765,53.356233430018456,-0.17785411143339486,99.19037127407194,110.89374615501987,0.044463527858348714,1.2703865102385277,-297.5711138222158,-28.31437454019374,-3.557082228667897,-576.8632936108963,-0.17785411143339486,0.044463527858348714,-606.4825199878765,17.785411143339484,0.17785411143339486,0.17785411143339486,0.3734936340102068,0.19563952257673461,0.0,-0.13339058357504613,53.356233430018456,0.17785411143339486,53.356233430018456,-88.92705571669742,-0.08892705571669743,-404.8577723555684,-20.987501612920536,-0.13339058357504613,-0.17785411143339486,0.0,0.17785411143339486,17.785411143339484,-3.557082228667897,3.024236358147656,3.024236358147656,-17.785411143339484,576.8632936108963,-3.024236358147656,35.57082228667897,0.26678116715009226,-1000.0,17.785411143339484,-333.3333333333333,110.89374615501987,-35.57082228667897,0.08892705571669741,1.7785411143339485,147.63371797095175,35.57082228667897,-0.17785411143339486,-40.01717507251405,-0.3734936340102068,55.13477454435241,0.17785411143339486,28.31437454019374,-102.53118756505455,110.89374615501987,-0.17785411143339486,-0.04446352785834871,-110.89374615501987,-0.17785411143339486,-1000.0,0.17785411143324836,-0.044463527858348714,-0.044463527858348714,-0.044463527858348714,71.14164457335794,88.92705571669742,1.7785411143339485,382.3679607765408,-0.044463527858348714,196.07706466783156,8.892705571669742,191.88313718432101,0.17785411143339486,0.08892705571669741,0.08892705571669743,73.23228422084942,0.0,0.17785411143339486,0.0,1.7785411143339485,0.17785411143339486,-883.5685527131945,0.17785411143339486,0.7114164457324001,0.8892705571657871,0.08892705571669743,0.044463527858348714,53.356233430018456,-0.17785411143339486,0.0,1.7785411143339485,-764.7359215530817,4.446352785834904,-17.785411143339484,35.57082228667897,8.892705571669742,-0.17785411143339486,297.5711138222158,0.26678116715009226,-0.17785411143339486,-146.46456844169884,0.0,338.09795252232755,0.08892705571669743,-383.76627436864203,-0.17785411143339486,-0.17785411143324836,-0.17785411143339486,0.08892705571669743,606.4825199878765,-35.57082228667897,0.17785411143339486,295.2674359419035,-0.044463527858348714,-0.19563952257673461,-295.2674359419035,26.67811671500922,20.987501612920536,425.086213627888,606.4825199878765,-0.13339058357504613,40.01717507251405,-35.57082228667897,0.17785411143339486,-0.0444635278583487,8.892705571669694,177.85411143339482,-0.08892705571669741,-0.17785411143339486,0.044463527858348714,0.0,0.0,999.9110729442833,501.2005919366537,-1000.0,0.0,233.25420823989464,-530.663054104023,0.0,-1000.0,633.041794939955,700.9022006959369,0.0,500.0,500.0,-316.5208974699775,0.0,265.3315270520115,0.0,-313.39302543120306,0.0,-700.9022006959369,-313.39302543120306,-233.25420823989464,158.99999233080484,0.0,1496.5981,bhi
52,0.0,0.0,0.0,0.0,0.0,0.0,0.0,0.0,535.243831912402,0.0,0.0,0.0,0.0,0.0,0.0,0.0,-302.06681410252236,289.7515462054231,0.0,0.0,0.0,0.0,0.0,786.1919890675471,0.0,0.0,0.0,0.0,0.0,-387.7726500127317,0.0,0.0,613.4169662862898,0.0,0.0,0.0,0.0,50.68389792795597,0.0,-1000.0,861.2069945071306,0.0,0.0,0.0,0.0,0.0,0.0,0.0,689.839464115254,0.0,0.0,0.0,0.0,0.1335144763147582,0.0,0.0,0.0,24.27535932990575,0.0,0.0,-67.77130793218366,0.0,-562.4839989833993,-630.2553069155829,0.0,0.0,0.0,0.0,0.0,0.0,0.0,1.2137679664952876,0.0,0.0,0.0,0.0,0.0,0.0,0.0,0.0,0.0,0.0,0.0,0.0,72.82607798971726,0.0,44.001872419762144,-719.5245760915129,192.0105596215097,302.2488792974966,-0.030344199162382186,0.0,0.0,0.0,36.41303899485863,0.0,138.7930054928694,0.0,0.0,0.0,0.0,6.068839832476438,-1000.0,0.0,0.0,-383.90060650775524,0.0,0.0,0.0,0.0,0.0,0.0,0.0,0.0,0.0,0.0,0.0,0.0,0.0,0.0,0.0,0.0,0.0,0.0,-211.74125481551107,0.0,0.0,138.7930054928694,0.0,37.626806961353914,0.0,0.0,-133.60195383276042,0.0,133.60195383276042,-133.60195383276042,835.398652411347,0.0,0.0,-835.398652411347,0.0,0.0,0.0,0.0,0.0,53.347885761775856,0.12137679664952875,0.0,0.0,0.0,-161.7716316131863,0.0,0.0,0.0,0.0,0.0,1000.0,0.0,0.0,0.0,0.0,0.0,371.31539261103796,371.31539261103796,0.0,0.0,0.0,0.0,1000.0,0.0,0.0,371.4367694076875,0.0,0.0,0.0,142.51296870888166,-1000.0,0.0,0.0,0.0,0.0,0.0,0.0,0.0,0.0,0.0,0.0,0.0,0.0,0.0,0.0,-1000.0,0.0,0.0,0.0,0.0,0.0,0.0,0.0,192.0105596215097,-192.0105596215097,0.0,0.0,0.0,0.0,0.0,0.0,0.0,612.2273499872683,-1000.0,0.0,0.0,0.0,0.0,0.0,0.0,0.0,0.0,0.0,0.0,0.0,0.0,0.0,0.0,146.18039037683502,0.0,0.0,0.0,0.0,0.0,0.0,0.0,0.0,0.0,0.0,-67.77130793218366,0.0,0.0,0.0,0.0,0.0,0.0,0.0,0.0,0.0,3.9083328521141993,0.0,102.37996649801079,0.0,0.0,0.0,162.32544764525082,0.0,0.0,0.0,0.0,0.0,-851.9203080875749,0.0,0.0,0.0,-317.45704452274174,0.0,0.0,-1000.0,0.0,0.0,-112.39381881025508,-887.606181189745,887.606181189745,384.0211192430195,0.0,511.4472178031914,0.0,0.0,338.6412626521852,0.0,0.0,0.0,-69.70669026308667,0.0,69.70669026308667,0.0,239.188398555102,0.0,0.0,-383.90060650775524,0.0,0.0,0.0,-67.77130793218366,-0.18206519497429313,0.0,0.0,0.0,0.0,0.12137679664952875,0.0,0.0,0.0,857.2986616550164,-302.06681410252236,0.0,-729.243348674665,2.631695201845673,1000.0,1000.0,0.0,0.0,0.0,-383.90060650775524,0.0,0.0,0.0,-10.4505421915247,105.26927592167121,-94.8187337301465,440.09010714928195,-1000.0,0.0,0.0,0.0,0.0,0.0,0.0,0.0,0.0,0.0,0.0,0.0,0.0,0.0,0.0,0.0,0.0,0.0,-1000.0,0.0,-992.3085698208641,0.0,0.0,0.0,0.0,0.0,0.0,-57.25621861389004,0.0,0.0,0.0,0.0,0.0,0.0,287.67260318829574,-6.068839832476438,666.987883582649,-105.26927592167121,-326.06941420633905,-449.40187896026515,651.1267020712232,-719.7418250296671,-287.67260318829574,0.0,0.0,-670.0223034988873,443.3330391277887,0.0,0.0,-466.6675678349254,0.0,1000.0,138.7930054928694,0.0,0.0,0.0,547.1903766840928,0.0,535.3652087090516,0.0,0.0,0.0,0.0,812.4348704937565,0.0,0.0,0.0,0.0,0.0,612.2273499872683,0.0,0.0,-47.53887102484303,0.0,0.0,0.0,0.0,0.0,0.0,0.0,-154.38424672922065,0.24275359329892293,0.0,0.0,0.0,0.0,0.0,0.0,0.0,0.0,0.0,0.0,0.0,0.0,0.0,0.0,0.0,0.0,0.0,0.0,0.0,0.1335144763147582,0.1335144763147582,0.0,334.69736520338444,0.0,72.82607798971726,0.0,0.0,0.0,618.03264174022,0.0,542.2025102222367,44.001872419762144,0.0,0.0,1000.0,-618.03264174022,0.0,0.0,0.0,0.0,0.0,0.0,0.0,0.0,0.0,0.0,0.0,0.0,0.0,70.58041827183702,-857.2986616550164,161.7716316131863,0.0,53.347885761775856,0.0,0.0,0.0,0.0,0.0,744.9363803940114,0.0,0.0,845.6157532707794,0.0,0.0,0.0,0.0,0.0,0.0,0.0,0.0,0.0,0.0,0.0,0.0,0.0,0.0,0.0,0.0,72.82607798971726,0.0,0.0,0.0,0.0,0.0,0.0,0.0,0.0,0.0,0.0,0.0,0.0,1.2137679664952876,0.0,0.0,44.001872419762144,-44.001872419762144,0.0,0.0,0.0,0.0,138.7930054928694,0.0,0.0,0.0,0.0,0.0,0.0,0.0,0.0,0.0,0.0,0.0,0.0,0.0,36.41303899485863,36.41303899485863,973.8346977179534,-618.03264174022,0.0,0.0,0.0,0.0,0.0,0.0,0.0,-346.63299913879047,612.2273499872683,-581.0252593515082,0.12137679664952875,0.0,0.0,0.0,160.2953995180812,0.0,0.0,0.0,0.0,0.0,0.0,0.0,0.0,0.0,19.620278431229895,0.0,0.0,0.0,0.0,0.0,0.0,0.0,0.12137679664952875,0.0,0.0,0.0,0.0,0.0,0.0,0.0,0.0,0.0,-313.26342254364215,986.3864938889867,0.0,0.0,-722.6878597800987,-9.103259748714658,0.0,-6.068839832476442,0.0,874.9999999999999,875.0,-874.9999999999999,0.0,0.0,0.0,0.0,0.0,0.0,0.0,0.0,1000.0,0.0,0.0,539.401271997551,0.0,0.0,0.0,535.243831912402,0.0,0.0,0.12137679664952875,0.0,0.12137679664952875,58.86083529368969,0.0,0.0,72.82607798971726,148.0796919124251,148.0796919124251,0.0,0.0,0.0,0.0,0.0,0.0,0.0,161.7716316131863,0.0,612.2273499872683,0.0,0.0,0.0,0.0,0.0,0.0,0.0,0.0,0.0,0.0,0.0,0.0,0.0,0.0,0.0,0.0,0.0,0.0,0.0,0.0,0.0,0.18206519497429313,0.0,0.0,0.0,-138.7930054928694,0.0,0.0,0.0,0.0,0.0,-334.69736520338444,6.068839832476438,0.0,0.0,0.0,0.0,-1000.0,-1000.0,-6.068839832476442,0.0,0.0,0.0,0.0,0.0,0.0,0.0,0.0,0.0,0.0,-641.6233612876883,334.69736520338444,0.0,-10.993202700855482,-383.90060650775524,730.3792899592346,-743.9927960702479,0.0,13.613506111013294,0.0,-1000.0,0.0,6.068839832476442,1000.0,0.0,0.0,0.0,-135.54261586436732,-733.5807968983172,733.5807968983172,1000.0,-1000.0,0.0,0.0,0.0,0.0,0.0,343.8006249520991,-362.0071444495284,148.0796919124251,0.0,0.0,0.0,0.0,0.0,0.0,0.0,0.0,0.0,3.9083328521141993,0.0,0.0,0.0,-160.2953995180812,520.6245688988976,0.0,36.41303899485863,44.001872419762144,0.0,0.0,0.0,96.16458964335597,0.0,0.0,0.1335144763147582,0.0,0.0,0.0,74.03984595621255,0.0,0.0,0.0,0.0,146.18039037683502,0.0,0.0,0.0,0.0,0.0,0.0,0.0,0.0,-508.02140745492784,0.0,0.012137679664952876,0.012137679664952876,0.0,0.0,0.0,0.0,0.0,58.86083529368969,0.0,0.0,0.0,0.0,0.0,0.0,0.0,0.0,0.0,334.69736520338444,0.0,0.0,0.0,0.0,0.0,0.0,0.0,0.0,0.0,0.0,0.0,88.00374483952429,597.1530537134007,0.0,289.7515462054231,0.0,0.0,0.0,72.82607798971726,0.0,0.0,0.0,0.0,0.0,0.0,-72.82607798971726,0.0,88.00374483952429,0.0,0.0,0.0,0.0,0.0,0.0,0.0,0.0,0.0,0.0,581.0252593515082,-906.5428919895085,83.1431057049272,-138.7930054928694,0.0,0.0,-8.176937365733721,0.0,0.0,0.0,0.0,0.0,0.0,0.0,0.0,0.0,687.5,0.0,-687.5,-687.5,0.0,0.0,0.0,0.0,-15.1720995811911,0.0,-9.103259748714658,352.90388470081376,0.0,0.0,0.0,0.0,0.0,-1.5172099581191094,0.0,47.53887102484303,0.0,0.0,0.0,0.0,0.0,0.0,0.0,1000.0,36.41303899485863,36.41303899485863,0.0,0.0,0.0,0.0,0.0,0.1335144763147582,334.69736520338444,0.0,0.0,-50.68389792795597,0.0,0.0,0.0,0.0,0.0,0.0,0.0,0.0,0.0,0.0,0.0,0.0,0.0,0.0,29.430417646844845,0.0,0.0,0.0,0.0,127.44563648200521,0.0,0.0,53.347885761775856,0.0,0.0,0.0,334.69736520338444,0.0,1000.0,0.0,0.0,0.0,-15.1720995811911,0.0,0.0,0.0,0.0,0.0,0.0,0.0,0.0,0.0,0.0,0.0,0.0,0.0,0.0,0.0,0.0,0.0,0.0,-0.12137679664952875,0.0,0.0,6.068839832476438,-1000.0,0.0,0.0,0.0,0.0,0.0,0.0,0.0,0.0,10.4505421915247,3.034419916238219,0.0,0.0,0.0,0.12137679664952875,0.0,121.37679664952874,-37.626806961353914,24.275359329905754,0.8669771189252053,338.6412626521852,-0.09103259748714655,6.068839832476438,2.4275359329905752,58.253951310442304,-338.6412626521852,36.41303899485863,-0.12137679664952876,127.96686883591842,0.0,0.03034419916238219,0.8669771189252053,-383.90060650775524,-63.325058446366484,-2.4275359329905752,12.315267897099261,-0.12137679664952876,0.03034419916238219,-338.6412626521852,12.137679664952875,0.12137679664952876,0.12137679664952875,-334.44247393042014,-43.86835794344766,0.0,-0.09103259748714655,36.41303899485863,0.12137679664952876,138.7930054928694,41.6915681732464,-0.06068839832476438,-232.19878698448952,-12.259056461602404,-0.09103259748714655,-0.12137679664952876,-37.626806961353914,0.12137679664952875,12.137679664952875,-2.4275359329905752,0.0,0.0,-12.137679664952875,-12.315267897099261,0.0,24.27535932990575,0.1820651949742931,-1000.0,12.137679664952875,-70.58041827183702,0.0,-24.27535932990575,0.06068839832476437,1.2137679664952876,182.31083716866624,358.9727245332902,-0.12137679664952875,-362.0071444495284,334.44247393042014,37.626806961353914,0.12137679664952876,63.325058446366484,-248.03212247744537,0.0,-0.12137679664952875,-0.03034419916238219,0.0,-0.12137679664952876,-154.38424672922065,0.12137679664964245,-0.030344199162382186,-0.030344199162382186,-0.030344199162382186,48.5507186598115,-41.6915681732464,1.2137679664952876,89.92503421771809,-0.03034419916238219,236.65480550141405,6.068839832476438,83.26096319708677,0.12137679664952875,0.06068839832476438,0.06068839832476438,12.137679664952875,37.626806961353914,0.12137679664952875,-37.626806961353914,1.2137679664952876,0.12137679664952876,-89.92503421771809,0.12137679664952876,0.4855071865978289,-58.253951310442304,0.06068839832476438,0.03034419916238219,36.41303899485863,-0.12137679664952876,0.0,1.2137679664952876,-179.85006843543619,3.03441991623822,-12.137679664952875,24.27535932990575,6.068839832476438,-0.12137679664952876,383.90060650775524,0.1820651949742931,-0.12137679664952876,-24.27535932990575,37.626806961353914,61.389166007467836,0.06068839832476438,-166.52192639417353,-0.12137679664952876,-0.12137679664964245,-0.12137679664952876,0.06068839832476438,338.6412626521852,-24.27535932990575,0.12137679664952875,364.6216743373325,-0.030344199162382186,43.86835794344766,-364.6216743373325,18.206519497429312,12.259056461602404,217.76760040287246,338.6412626521852,-0.09103259748714655,362.0071444495284,-358.9727245332902,0.12137679664952876,-0.030344199162382186,6.068839832476442,121.37679664952874,-0.06068839832476438,-0.12137679664952876,0.03034419916238219,1000.0,0.0,313.66931306115913,0.0,639.8710169766728,0.0,200.29721259531286,-1000.0,0.0,774.4132364645001,-1000.0,148.48947498413602,-686.2699985405161,-387.20661823225004,-319.9355084883364,500.0,0.0,500.0,-334.69736520338444,-157.5537556508238,686.2699985405161,-148.48947498413602,-157.5537556508238,-200.29721259531286,218.09582770390267,0.0,1496.5981,bhi
53,0.0,0.0,0.0,0.0,0.0,0.0,0.0,0.0,379.26610544655966,0.0,0.0,0.0,0.0,0.0,0.0,0.0,-89.57262503054369,-5.522998438130799,0.0,0.0,0.0,0.0,0.0,917.6416094109803,0.0,0.0,0.0,0.0,0.0,-1000.0,19.1006977375099,-19.1006977375099,0.0,0.0,0.0,0.0,0.0,999.4255389257871,0.0,-1000.0,835.7714083391929,0.0,-673.3329430022262,416.2396820283175,0.0,0.0,0.0,0.0,0.0,0.0,0.0,0.0,0.0,0.1579767954087851,0.0,0.0,0.0,28.723053710662374,0.0,0.0,29.45397438944665,0.0,228.60347980959094,0.0,288.88525375800725,0.0,0.0,0.0,0.0,258.0574541990376,0.0,1.4361526855331188,0.0,0.0,0.0,0.0,0.0,0.0,0.0,172.11278472750314,0.0,0.0,0.0,0.0,86.16916113198712,0.0,37.55055978046697,-542.5765438321927,503.9941881258458,722.0732574156923,668.8164094115904,0.0,0.0,0.0,43.08458056599356,0.0,164.2285916608071,-23.72510938492868,0.0,0.0,0.0,7.180763427665593,-1000.0,0.0,0.0,-437.27316961796396,0.0,0.0,0.0,0.0,0.0,0.0,0.0,0.0,0.0,0.0,0.0,0.0,0.0,0.0,0.0,0.0,0.0,0.0,-1000.0,0.0,0.0,164.2285916608071,0.0,44.520733251526686,0.0,0.0,0.0,-632.2112574293101,632.2112574293101,-632.2112574293101,-258.0574541990376,0.0,0.0,0.0,0.0,0.0,0.0,0.0,0.0,48.60893545907197,0.14361526855331186,668.8523132287287,0.0,0.0,0.0,-606.4168147805498,0.0,0.0,0.0,0.0,1000.0,0.0,0.0,0.0,0.0,0.0,717.6841582539688,717.6841582539688,0.0,0.0,0.0,0.0,-518.5098112280416,0.0,0.0,736.928471260032,0.0,0.0,0.0,-508.4282826175387,0.0,0.0,0.0,0.0,0.0,0.0,0.0,0.0,0.0,0.0,-198.73918917322607,0.0,0.0,0.0,0.0,-1000.0,0.0,0.0,0.0,0.0,0.0,0.0,673.3329430022262,-537.0535453940619,537.0535453940619,0.0,0.0,0.0,0.0,0.0,0.0,0.0,0.0,534.6244772579668,0.0,0.0,0.0,0.0,0.0,0.0,0.0,0.0,0.0,0.0,0.0,0.0,0.0,646.420682202417,-214.99306670331202,416.2396820283175,0.0,0.0,0.0,0.0,310.0663696792979,0.0,0.0,0.0,0.0,29.45397438944665,0.0,19.1006977375099,0.0,0.0,0.0,0.0,0.0,0.0,0.0,0.0,0.0,121.14401109481354,0.0,632.2852094823185,1000.0,-406.2971462240283,0.0,-416.2396820283175,0.0,0.0,258.0574541990376,0.0,0.0,0.0,0.0,-122.45190639519592,0.0,0.0,-890.9900710719138,0.0,0.0,-890.9900710719133,0.0,0.0,-33.059357268216104,0.0,0.0,0.0,0.0,90.62022958444226,0.0,0.0,0.0,-262.5349777143459,0.0,262.5349777143459,0.0,623.9895613815244,258.0574541990376,0.0,0.0,0.0,0.0,0.0,29.45397438944665,-0.2154229028299678,0.0,0.0,0.0,0.0,0.14361526855331186,0.0,0.0,0.0,525.7050386598951,-89.57262503054369,0.0,-291.515446411976,79.78182208706494,0.0,1000.0,0.0,-356.97804753337044,0.0,-437.27316961796396,0.0,0.0,0.0,-12.365274622440293,369.3433221558107,0.0,628.6292551183122,-1000.0,0.0,0.0,0.0,0.0,0.0,0.0,0.0,0.0,0.0,0.0,0.0,0.0,0.0,0.0,0.0,0.0,0.0,0.0,0.0,-1000.0,0.0,0.0,0.0,0.0,0.0,0.0,852.2570754992174,0.0,0.0,0.0,0.0,0.0,0.0,423.5386111850455,0.0,0.0,-369.3433221558107,-444.6743959389505,-7.180763427665593,-193.37795910703446,0.0,-423.5386111850455,-7.180763427665593,885.28692710078,-3.5903817138327967,0.0,0.0,0.0,126.10563734394027,0.0,-163.24187756398987,164.2285916608071,-375.0000000000001,375.0000000000001,0.0,0.0,0.0,379.409720715113,0.0,-646.420682202417,646.420682202417,646.420682202417,-702.5420180014393,0.0,0.0,0.0,0.0,0.0,0.0,0.0,0.0,-124.04838585921034,0.0,0.0,0.0,0.0,0.0,0.0,0.0,-985.6384731446689,0.28723053710621116,0.0,0.0,0.0,0.0,0.0,0.0,0.0,0.0,0.0,0.0,0.0,0.0,0.0,0.0,0.0,0.0,0.0,0.0,0.0,0.1579767954087851,0.1579767954087851,19.1006977375099,80.18783298556366,0.0,86.16916113198712,0.0,0.0,0.0,1000.0,0.0,708.2511356441735,37.55055978046697,0.0,0.0,993.1938390710344,-1000.0,0.0,0.0,0.0,0.0,0.0,0.0,0.0,0.0,0.0,0.0,0.0,0.0,0.0,333.3333333333333,-525.7050386598951,606.4168147805498,0.0,48.60893545907197,0.0,0.0,0.0,-310.0663696792979,0.0,993.1938390710344,0.0,7.555365926365539,0.0,375.00000000000006,-375.00000000000006,646.420682202417,0.0,0.0,0.0,0.0,0.0,0.0,0.0,0.0,0.0,0.0,0.0,0.0,0.0,86.16916113198712,258.0574541990376,258.0574541990376,0.0,0.0,0.0,0.0,0.0,0.0,0.0,0.0,0.0,0.0,1.4361526855331188,0.0,19.1006977375099,37.55055978046697,-37.55055978046697,19.1006977375099,673.3329430022262,0.0,0.0,164.2285916608071,0.0,0.0,0.0,0.0,0.0,0.0,0.0,0.0,0.0,0.0,1000.0,167.43932681403444,0.0,43.08458056599356,43.08458056599356,340.38298475180443,-1000.0,0.0,0.0,0.0,0.0,0.0,0.0,0.0,-295.0381875209945,0.0,-170.79109026888216,0.14361526855331186,0.0,0.0,-492.1278564702831,681.7923350618677,111.09213390874089,0.0,0.0,0.0,-258.0574541990376,0.0,0.0,0.0,0.0,0.0,0.0,0.0,0.0,0.0,0.0,0.0,0.0,0.14361526855331186,0.0,0.0,0.0,0.0,0.0,0.0,0.0,0.0,0.0,0.0,852.2570754992174,0.0,0.0,-1000.0,-10.77114514149839,0.0,-7.1807634276656,0.0,0.0,0.0,0.0,0.0,0.0,0.0,0.0,0.0,0.0,0.0,258.0574541990376,0.0,0.0,0.0,-29.955476792384047,0.0,0.0,0.0,379.26610544655966,0.0,0.0,0.14361526855331186,0.0,0.14361526855331186,0.0,0.0,0.0,86.16916113198712,175.2106276350405,175.2106276350405,0.0,0.0,0.0,0.0,0.0,0.0,0.0,606.4168147805498,0.0,0.0,0.0,0.0,0.0,0.0,0.0,0.0,0.0,0.0,0.0,0.0,0.0,0.0,0.0,0.0,0.0,0.0,0.0,310.0663696792979,0.0,-613.9767980768204,613.9767980768204,0.2154229028299678,0.0,0.0,0.0,-164.2285916608071,0.0,0.0,0.0,0.0,0.0,-80.18783298556366,7.180763427665593,0.0,0.0,0.0,0.0,518.5098112280416,-23.72510938492868,-7.1807634276656,0.0,0.0,0.0,0.0,0.0,0.0,0.0,258.0574541990376,0.0,0.0,876.4736548722465,-566.2328492168533,0.0,892.9593705789351,-326.18103570922307,0.0,828.5319661142887,0.0,-828.5319661142887,0.0,-175.2106276350405,0.0,7.1807634276656,1000.0,0.0,314.2711385386407,-19.1006977375099,-199.1495054201443,125.00000000000011,-125.00000000000011,0.0,0.0,0.0,-881.7653132207795,0.0,0.0,0.0,289.6981673002881,-112.50126841005888,175.2106276350405,0.0,0.0,0.0,19.1006977375099,0.0,0.0,0.0,0.0,0.0,0.0,0.0,0.0,0.0,-189.66447859158455,0.0,-673.3329430022262,43.08458056599356,37.55055978046697,0.0,0.0,0.0,-259.9840711172964,0.0,0.0,0.1579767954087851,0.0,0.0,0.0,87.60531381752025,0.0,0.0,0.0,0.0,-214.99306670331202,0.0,0.0,0.0,0.0,0.0,0.0,0.0,0.0,0.0,0.0,552.0089642087912,0.014361526855331598,0.0,0.0,0.0,0.0,0.0,0.0,0.0,0.0,0.0,-492.1278564702831,19.1006977375099,0.0,0.0,0.0,0.0,80.18783298556366,0.0,0.0,0.0,0.0,0.0,0.0,0.0,0.0,0.0,0.0,0.0,75.10111956093394,0.0,494.18769294113883,-5.522998438130799,0.0,0.0,0.0,86.16916113198712,0.0,0.0,0.0,0.0,0.0,0.0,-86.16916113198712,0.0,75.10111956093394,0.0,0.0,0.0,0.0,0.0,0.0,0.0,19.1006977375099,19.1006977375099,0.0,72.8358935548952,-666.4089324026822,98.37645895901865,0.0,-164.2285916608071,0.0,999.4255389257871,0.0,0.0,0.0,0.0,0.0,0.0,0.0,0.0,0.0,0.0,0.0,0.0,0.0,0.0,0.0,0.0,0.0,-17.95190856916399,258.0574541990376,-10.77114514149839,101.73012326856045,0.0,0.0,0.0,0.0,0.0,-1.7951908569163986,0.0,124.04838585921034,0.0,0.0,0.0,0.0,0.0,0.0,0.0,902.044803286013,43.08458056599356,43.08458056599356,0.0,0.0,0.0,0.0,172.11278472750314,0.1579767954087851,80.18783298556366,0.0,0.0,-999.4255389257871,551.9946026819359,0.0,0.0,0.0,0.0,0.0,0.0,0.0,0.0,0.0,0.0,0.0,0.0,0.0,306.9883990384102,0.0,0.0,0.0,0.0,150.79603198097746,0.0,0.0,48.60893545907197,0.0,0.0,0.0,80.18783298556366,0.0,0.0,0.0,0.0,0.0,-17.95190856916399,0.0,0.0,0.0,0.0,0.0,0.0,0.0,0.0,0.0,0.0,0.0,0.0,0.0,0.0,0.0,0.0,0.0,0.0,-0.14361526855331186,0.0,0.0,7.180763427665593,-993.1938390710344,0.0,0.0,0.0,0.0,258.0574541990376,0.0,0.0,0.0,12.365274622440293,3.5903817138327967,0.0,0.0,0.0,0.14361526855331186,0.0,143.61526855331186,-44.520733251526686,28.723053710662374,1.0258233468093705,400.68659926374016,-0.1077114514149839,7.180763427665593,2.8723053710662376,-0.7180763427661889,-400.68659926374016,43.08458056599356,-0.14361526855331186,145.757723205988,0.0,0.035903817138327965,1.0258233468093705,-437.27316961796396,-60.41411053415638,16.228392366443664,95.09562346867449,-0.14361526855331186,0.035903817138327965,-400.68659926374016,14.361526855331187,0.14361526855331186,0.14361526855331186,-79.88624092160155,-37.392582985058375,0.0,-0.1077114514149839,43.08458056599356,0.14361526855331186,164.2285916608071,49.3363768181576,-0.07180763427665593,-125.45366076407208,-324.57151180318243,-0.1077114514149839,-0.14361526855331186,-44.520733251526686,0.14361526855331186,14.361526855331187,-2.8723053710662376,310.0663696792979,310.0663696792979,-14.361526855331187,-95.09562346867449,-310.0663696792979,28.723053710662374,0.2154229028299678,-1000.0,14.361526855331187,-333.3333333333333,0.0,-28.723053710662374,0.07180763427665593,1.4361526855331188,72.878861602994,-537.5097955061909,-0.14361526855331186,-112.50126841005888,79.88624092160155,44.520733251526686,0.14361526855331186,60.41411053415638,-293.4823333587875,0.0,-0.14361526855331186,-0.035903817138327965,0.0,-0.14361526855331186,-985.6384731446689,0.1436152685528571,-0.035903817138327965,-0.035903817138327965,-0.035903817138327965,57.44610742132475,-49.3363768181576,1.4361526855331188,106.40096208944198,-0.035903817138327965,0.0,7.180763427665593,500.0,0.14361526855331186,0.07180763427665593,0.07180763427665593,-114.6672002441876,44.520733251526686,0.14361526855331186,-44.520733251526686,1.4361526855331188,0.14361526855331186,-106.40096208944198,0.14361526855331186,0.5744610742128771,0.7180763427661889,0.07180763427665593,0.035903817138327965,43.08458056599356,-0.14361526855331186,0.0,-8.114196183221832,-212.80192417888395,3.5903817138327967,-14.361526855331187,28.723053710662374,7.180763427665593,-0.14361526855331186,437.27316961796396,0.2154229028299678,-0.14361526855331186,229.3344004883752,44.520733251526686,690.6428647340297,0.07180763427665593,-1000.0,-0.14361526855331186,-0.1436152685528571,-0.14361526855331186,0.07180763427665593,400.68659926374016,-28.723053710662374,0.14361526855331186,145.757723205988,-0.035903817138327965,37.392582985058375,-145.757723205988,21.542290282996778,324.57151180318243,36.077006190108136,400.68659926374016,-0.1077114514149839,112.50126841005888,537.5097955061909,0.14361526855331186,-0.035903817138327965,7.1807634276656,143.61526855331186,-0.07180763427665593,-0.14361526855331186,0.035903817138327965,1000.0,0.0,310.91429221824717,0.0,-1000.0,0.0,191.2383694387762,-329.3549331442514,0.0,81.76886151121528,1000.0,-315.26560950904775,-689.0139001474762,-40.88443075560764,500.0,-500.0,0.0,164.6774665721257,-80.18783298556366,-430.6587936167332,689.0139001474762,315.26560950904775,-430.6587936167332,-191.2383694387762,235.17958797111626,0.0,1496.5981,bhi
54,0.0,0.0,0.0,0.0,0.0,0.0,0.0,0.0,310.31281444490406,0.0,0.0,0.0,0.0,0.0,0.0,0.0,0.0,-536.6450016324749,0.0,878.3438159575935,0.0,0.0,0.0,97.77999232356535,0.0,0.0,0.0,0.0,0.0,435.94126450071127,0.0,0.0,0.0,0.0,0.0,0.0,0.0,324.88269429526883,0.0,-1000.0,-328.66443205849373,0.0,-554.2245961378629,-672.8547226934893,0.0,0.0,0.0,0.0,-317.31113794508497,-404.267665026347,0.0,0.0,0.0,0.08052274930714935,0.0,0.0,0.0,14.640499874013992,0.0,0.0,47.31261939159536,0.0,0.0,-113.9653391167629,166.45647181539778,0.0,0.0,0.0,473.8557502838354,266.7143988960976,0.0,0.7320249937006996,0.0,0.0,0.0,0.0,0.0,0.0,0.0,55.474242017743215,0.0,0.0,0.0,0.0,43.921499622041985,0.0,0.0,906.7484287956522,801.9630726633117,630.6205359351881,56.4360581888808,0.0,0.0,-158.4463939990796,21.960749811020992,0.0,21.960749811020992,0.0,0.0,0.0,0.0,151.43341076828233,-189.96600295811407,0.0,0.0,0.0,0.0,0.0,0.0,0.0,0.0,0.0,0.0,0.0,0.0,0.0,0.0,0.0,0.0,0.0,0.0,0.0,0.0,0.0,-1000.0,0.0,0.0,21.960749811020992,0.0,22.69277480472169,12.938591446280057,0.0,0.0,558.4528850155814,-558.4528850155814,558.4528850155814,0.0,0.0,0.0,-161.27795850835827,0.0,0.0,0.0,0.0,0.0,5.636592451495416,0.07320249937006996,56.45435881372332,0.0,0.0,0.0,0.0,0.0,0.0,0.0,0.0,108.4049639250974,0.0,0.0,0.0,0.0,0.0,5.825517888490992,5.825517888490992,0.0,0.0,0.0,0.0,0.0,0.0,0.0,5.898720387861062,0.0,0.0,0.0,716.5636584202041,0.0,0.0,0.0,0.0,0.0,0.0,0.0,0.0,0.0,0.0,0.0,0.0,0.0,0.0,0.0,-1000.0,0.0,0.0,0.0,0.0,0.0,404.267665026347,554.2245961378629,-752.2615234745513,752.2615234745513,161.27795850835827,0.0,0.0,0.0,0.0,0.0,0.0,625.9072674588253,-1000.0,0.0,0.0,0.0,0.0,0.0,0.0,0.0,0.0,0.0,0.0,0.0,0.0,0.0,0.0,-850.5473342292606,-672.8547226934893,0.0,0.0,0.0,0.0,-3.7709864285833135,0.0,0.0,0.0,0.0,47.31261939159536,0.0,0.0,0.0,0.0,0.0,0.0,0.0,0.0,0.0,821.2663344812327,0.0,0.0,0.0,0.0,1000.0,391.4003635138789,0.0,672.8547226934893,0.0,0.0,161.27795850835827,-535.1002363914197,0.0,0.0,0.0,-171.95671261387213,0.0,0.0,-1000.0,0.0,0.0,-607.1758972366488,-392.82410276335116,392.82410276335116,49.701549188760396,0.0,-1000.0,404.267665026347,0.0,72.6051840552804,0.0,0.0,0.0,-1000.0,0.0,1000.0,0.0,5.752315389120922,0.0,0.0,0.0,0.0,0.0,0.0,47.31261939159536,-0.10980374905510494,0.0,0.0,0.0,0.0,0.07320249937006996,0.0,0.0,0.0,-0.7340563720285873,0.0,0.0,0.0,294.924854268474,0.0,-489.8151911202688,0.0,0.0,0.0,0.0,0.0,0.0,0.0,-6.302735195763095,0.0,6.302735195763095,-302.32987006661335,-1000.0,0.0,0.0,0.0,0.0,0.0,0.0,0.0,0.0,0.0,0.0,0.0,0.0,0.0,0.0,0.0,0.0,0.0,-674.824495707251,0.0,-1000.0,0.0,0.0,818.9092140015167,0.0,0.0,0.0,-435.4407154116618,0.0,0.0,0.0,301.33152900059446,147.77328579977882,0.0,0.0,-857.8950626330186,0.0,-473.8557502838354,0.0,-711.4840875913501,-406.2014295981568,0.0,0.0,780.3482947646257,143.99956459448615,-1.830062484251749,707.8239626228466,-323.65627946451104,0.0,996.3398750314965,157.3913499471791,0.0,21.960749811020992,0.0,0.0,0.0,0.0,0.0,310.38601694427416,0.0,0.0,0.0,0.0,247.09433542829302,0.0,0.0,0.0,0.0,0.0,625.9072674588253,0.0,0.0,-66.65271972516754,0.0,-125.00000000000011,183.11150887279624,0.0,0.0,0.0,0.0,-872.5080840402816,0.14640499874005877,0.0,0.0,0.0,0.0,0.0,0.0,0.0,0.0,0.0,740.570149179933,0.0,0.0,0.0,0.0,0.0,0.0,0.0,0.0,0.0,0.08052274930714935,0.08052274930714935,0.0,416.69266665703617,0.0,43.921499622041985,0.0,0.0,0.0,1000.0,0.0,0.0,0.0,0.0,0.0,1000.0,-1000.0,0.0,0.0,0.0,0.0,0.0,183.11150887279624,0.0,0.0,0.0,0.0,0.0,0.0,0.0,333.3333333333333,0.7340563720285873,0.0,0.0,5.636592451495416,0.0,0.0,-158.4463939990796,-315.9533660788545,0.0,1000.0,0.0,616.5010582421044,-489.009142282386,-125.00000000000011,125.00000000000011,0.0,0.0,0.0,0.0,0.0,0.0,0.0,0.0,0.0,0.0,0.0,0.0,0.0,0.0,43.921499622041985,161.27795850835827,161.27795850835827,0.0,0.0,0.0,0.0,0.0,0.0,0.0,0.0,0.0,0.0,0.7320249937006996,0.0,0.0,0.0,0.0,0.0,554.2245961378629,0.0,0.0,21.960749811020992,0.0,0.0,0.0,0.0,0.0,0.0,0.0,0.0,0.0,0.0,-101.4279649576741,-85.45453034370516,0.0,21.96074981102099,21.960749811020992,426.91116869675415,-1000.0,0.0,183.11150887279624,0.0,0.0,0.0,0.0,0.0,-507.7041269752725,625.9072674588253,-556.4719855517529,0.07320249937006996,0.0,0.0,0.0,44.91999213296719,684.0466339211455,0.0,158.4463939990796,0.0,0.0,0.0,0.0,0.0,0.0,0.0,0.0,0.0,0.0,0.0,0.0,0.0,0.0,0.07320249937006996,0.0,0.0,0.0,0.0,0.0,0.0,0.0,0.0,0.0,-435.4407154116618,818.9092140015167,0.0,0.0,-325.175504292749,-5.490187452755248,-3.660124968503498,0.0,0.0,-625.0,-625.0,625.0,0.0,0.0,0.0,0.0,0.0,0.0,0.0,161.27795850835827,0.0,0.0,0.0,1000.0,0.0,0.0,0.0,310.31281444490406,0.0,0.0,0.07320249937006996,0.0,0.07320249937006996,0.0,0.0,0.0,43.921499622041985,89.30704923148537,89.30704923148537,0.0,0.0,0.0,0.0,0.0,0.0,0.0,0.0,0.0,625.9072674588253,0.0,0.0,0.0,0.0,0.0,0.0,0.0,0.0,0.0,0.0,0.0,0.0,0.0,0.0,0.0,0.0,0.0,157.50697207977495,0.0,-637.5260761897154,637.5260761897154,0.10980374905510494,0.0,0.0,0.0,-21.960749811020992,0.0,0.0,0.0,0.0,0.0,-416.69266665703617,3.6601249685034984,0.0,0.0,0.0,0.0,0.0,0.0,0.0,0.0,-125.00000000000011,0.0,0.0,0.0,0.0,0.0,161.27795850835827,0.0,0.0,0.0,416.69266665703617,0.0,-563.9385188819871,684.0466339211455,0.0,0.0,0.0,0.0,0.0,-624.4072856229051,0.0,3.66012496850351,1000.0,0.0,0.0,0.0,-66.65271972516754,0.0,0.0,0.0,0.0,0.0,-391.46221152106625,0.0,0.0,0.0,422.18285410979144,-433.1632290153018,89.30704923148537,0.0,0.0,0.0,0.0,0.0,0.0,0.0,0.0,0.0,821.2663344812327,0.0,0.0,0.0,-785.4901413129002,-503.38897944169,-554.2245961378629,21.960749811020992,0.0,0.0,0.0,0.0,-333.9169459926883,0.0,0.0,0.08052274930714935,0.0,0.0,0.0,44.65352461574268,0.0,0.0,0.0,0.0,-850.5473342292606,0.0,0.0,0.0,0.0,0.0,0.0,0.0,0.0,0.0,0.0,0.007320249937006996,0.007320249937006996,0.0,0.0,0.0,0.0,0.0,0.0,0.0,0.0,0.0,0.0,0.0,0.0,0.0,0.0,0.0,416.69266665703617,0.0,0.0,0.0,0.0,0.0,0.0,0.0,404.267665026347,0.0,0.0,0.0,0.0,1000.0,-884.7427258496284,-536.6450016324749,0.0,0.0,0.0,43.921499622041985,0.0,0.0,0.0,0.0,0.0,-703.2023446081205,659.2808449860785,0.0,0.0,0.0,0.0,0.0,0.0,0.0,0.0,0.0,0.0,0.0,0.0,556.4719855517529,-1000.0,50.14371206849793,0.0,-21.960749811020992,0.0,324.88269429526883,0.0,0.0,0.0,0.0,0.0,0.0,0.0,0.0,0.0,562.5,0.0,-562.5,-562.5,0.0,0.0,0.0,0.0,-9.150312421258747,161.27795850835827,-153.26347325253406,427.67304156254676,0.0,0.0,0.0,0.0,0.0,-0.9150312421258746,0.0,66.65271972516754,0.0,0.0,0.0,0.0,0.0,0.0,0.0,1000.0,21.960749811020992,21.96074981102099,0.0,0.0,0.0,0.0,55.474242017743215,0.08052274930714935,416.69266665703617,0.0,0.0,-324.88269429526883,0.0,0.0,0.0,0.0,0.0,0.0,0.0,0.0,0.0,0.0,0.0,0.0,0.0,0.0,318.7630380948577,0.0,0.0,12.938591446280057,0.0,76.86262433857348,5.636592451495416,0.0,0.0,0.0,0.0,0.0,416.69266665703617,0.0,815.2490890330132,0.0,0.0,0.0,-9.150312421258747,0.0,0.0,0.0,0.0,0.0,0.0,0.0,0.0,0.0,0.0,0.0,0.0,0.0,0.0,0.0,0.0,0.0,0.0,-0.07320249937006996,0.0,0.0,3.6601249685034984,-1000.0,0.0,0.0,0.0,0.0,161.27795850835827,0.0,0.0,0.0,6.302735195763095,1.830062484251749,0.0,0.0,0.0,0.07320249937006996,0.0,73.20249937006996,-9.754183358441637,14.640499874013992,0.5228749955004998,230.11215613505533,-0.05490187452755247,77.5467678683929,1.4640499874013992,-0.36601249685026005,-230.11215613505533,21.96074981102099,-0.07320249937006996,0.0,183.11150887279624,0.01830062484251749,0.5228749955004998,0.0,-11.653837899714858,-1.4640499874013992,-341.69881432511863,-0.07320249937006996,0.01830062484251749,-230.11215613505533,335.7458741114401,0.07320249937006996,0.07320249937006996,-416.53894140835894,0.08052274930707697,-188.46145011913615,-0.05490187452755247,21.960749811020992,0.07320249937006996,21.960749811020992,-36.601249685034986,-0.03660124968503498,80.05648619403873,-3.6224660077937525,-0.05490187452755247,-0.07320249937006996,-9.754183358441637,0.07320249937006996,7.320249937006996,-1.4640499874013992,157.50697207977495,157.50697207977495,-7.32024993700702,341.69881432511863,-157.50697207977495,14.640499874013992,0.10980374905510494,-1000.0,7.320249937006996,-333.3333333333333,183.11150887279624,-14.640499874013992,0.03660124968503498,0.7320249937006996,0.0,431.33316653105015,-0.07320249937006996,-433.1632290153018,416.53894140835894,22.69277480472169,0.07320249937006996,11.653837899714858,-233.15711454572124,183.11150887279624,-0.07320249937006996,-0.01830062484251749,-183.11150887279624,-0.07320249937007,-872.5080840402816,0.07320249937000539,-0.01830062484251749,-0.01830062484251749,-0.01830062484251749,29.280999748027984,36.601249685034986,0.7320249937006996,369.48926781386706,-0.01830062484251749,0.0,3.660124968503498,439.9141669886443,0.07320249937006996,0.03660124968503498,0.036601249685035,98.87600437340511,9.754183358441637,0.07320249937006996,-9.754183358441637,0.7320249937006996,0.07320249937006996,-1000.0,0.07320249937006996,0.29280999748011755,0.36601249685026005,0.03660124968503498,0.01830062484251749,21.960749811020992,-0.07320249937006996,188.46145011913615,0.7320249937006996,-738.9785356277341,75.71670538414115,-7.320249937006996,14.640499874013992,3.660124968503498,-0.07320249937006996,0.0,0.10980374905510494,-0.07320249937006996,-197.75200874681022,9.754183358441637,556.9071873410436,0.03660124968503498,-879.8283339772886,-0.07320249937006996,-0.07320249937000539,-0.07320249937006996,0.03660124968503498,230.11215613505533,-14.640499874013992,0.07320249937006996,0.0,-0.01830062484251749,-0.08052274930707697,0.0,10.980374905510493,3.6224660077937525,328.2877216718131,230.11215613505533,-0.05490187452755247,433.1632290153018,-431.33316653105015,0.07320249937006996,-0.018300624842517495,304.99165396909797,73.20249937006996,-0.03660124968503498,-0.07320249937006996,0.01830062484251749,1000.0,0.0,319.6413136263665,630.5107321861329,784.7302247634668,0.0,1000.0,682.4288586850669,328.4256241744331,-626.4827400955521,-945.7814692234525,549.298019007973,-680.3220851239485,313.24137004777606,-392.3651123817334,472.89073461172626,-328.4256241744331,-341.21442934253344,-416.69266665703617,-222.9902413483553,680.3220851239485,-549.298019007973,-222.9902413483553,-1000.0,612.9184323043571,0.0,1496.5981,bhi
55,0.0,0.0,0.0,0.0,0.0,0.0,0.0,0.0,-0.09682856323405817,0.0,0.0,0.0,0.0,0.0,0.0,0.0,1000.0,146.4435103770264,0.0,-456.08603917569366,0.0,0.0,0.0,321.58616556656926,0.0,0.0,0.0,0.0,0.0,-384.71523629519015,0.0,0.0,0.0,0.0,0.0,0.0,0.0,-93.67000381653769,0.0,-1000.0,178.05035187119154,0.0,0.0,492.3331276376735,0.0,0.0,0.0,0.0,-615.2847637048098,0.0,0.0,0.0,0.0,0.10651141955756005,0.0,0.0,0.0,0.0,0.0,0.0,6.381903763895146,0.0,-776.2456194374553,-1000.0,0.0,0.0,0.0,0.0,386.5477154561994,0.0,0.0,0.9682856323405817,0.0,0.0,0.0,0.0,0.0,0.0,0.0,0.0,0.0,0.0,0.0,0.0,58.097137940434905,0.0,61.80282220943889,924.7780978652245,-690.5066658395854,0.0,-0.024207140808514542,0.0,0.0,0.0,29.048568970217453,0.0,29.048568970217453,0.0,0.0,0.0,0.0,4.8414281617029085,-1000.0,0.0,0.0,0.0,576.0953909764497,0.0,0.0,0.0,0.0,0.0,0.0,0.0,0.0,0.0,0.0,0.0,0.0,0.0,0.0,0.0,0.0,0.0,-1000.0,0.0,0.0,29.048568970217453,0.0,30.016854602558038,0.0,0.0,-270.08723167616563,1000.0,-729.9127683238344,729.9127683238344,-230.1362843264398,0.0,0.0,0.0,0.0,0.0,0.0,0.0,0.0,69.25862157846139,0.09682856323405817,0.0,0.0,0.0,-929.1021260000233,0.0,0.0,0.0,0.0,0.0,442.36351154166215,0.0,0.0,0.0,0.0,0.0,-142.77605920612154,-142.77605920612154,0.0,0.0,0.0,0.0,0.0,0.0,0.0,-142.6792306428875,0.0,0.0,0.0,0.0,-893.2629633642698,0.0,0.0,0.0,0.0,0.0,0.0,0.0,0.0,0.0,0.0,0.0,0.0,0.0,0.0,-1000.0,0.0,0.0,0.0,0.0,0.0,0.0,0.0,690.5066658395854,-690.5066658395854,230.1362843264398,0.0,0.0,0.0,0.0,0.0,0.0,615.2847637048098,-943.0299998279337,0.0,0.0,0.0,0.0,0.0,0.0,0.0,0.0,0.0,0.0,0.0,0.0,0.0,0.0,-41.84930502975921,0.0,0.0,0.0,0.0,0.0,-71.007393139328,0.0,0.0,0.0,0.0,6.381903763895146,-492.3331276376735,0.0,0.0,0.0,0.0,0.0,0.0,0.0,0.0,3.1178797361359427,19.365712646811634,0.0,0.0,381.01333167917073,-1000.0,1000.0,0.0,0.0,0.0,0.0,230.1362843264398,0.0,0.0,0.0,0.0,-425.01459309720997,0.0,0.0,-231.7603335663564,-552.458803718615,0.0,320.6984701522586,0.0,552.458803718615,0.0,0.0,71.3708028805035,0.0,0.0,111.02280023591052,0.0,0.0,0.0,-176.84852691017187,0.0,176.84852691017187,0.0,-328.28135439767226,0.0,0.0,-190.52055853738932,0.0,0.0,0.0,6.381903763895146,-0.14524284485108724,0.0,0.0,0.0,0.0,0.09682856323405817,0.0,0.0,0.0,808.7046601065348,1000.0,0.0,-187.36094753388184,1000.0,893.2629633642698,136.51291949887195,0.0,-116.12234486268937,0.0,0.0,0.0,0.0,0.0,750.4626839309908,-693.1579842286724,58.817645160370944,-1000.0,-1000.0,0.0,0.0,0.0,0.0,0.0,0.0,0.0,0.0,0.0,0.0,0.0,0.0,0.0,0.0,0.0,0.0,0.0,-991.782522714056,0.0,-1000.0,0.0,101.50016684954525,0.0,0.0,83.16070831934198,0.0,-72.37650131459733,0.0,0.0,0.0,0.0,0.0,306.610268772473,0.0,663.4541133021085,0.0,0.0,-165.5828372642137,-4.8414281617029085,0.0,-947.9969287804736,0.0,-746.6960528211861,0.0,-2.4207140808514542,0.0,0.0,0.0,0.0,0.0,995.1585718382971,29.048568970217453,0.0,0.0,0.0,0.0,0.0,0.0,0.0,0.0,0.0,0.0,-49.611029366277876,0.0,0.0,0.0,0.0,0.0,615.2847637048098,0.0,0.0,-93.76683237977174,0.0,0.0,70.58600134253703,0.0,0.0,0.0,0.0,-423.9046090235503,0.193657126468181,0.0,0.0,0.0,0.0,0.0,0.0,0.0,0.0,0.0,386.5477154561994,0.0,0.0,0.0,0.0,0.0,0.0,0.0,0.0,0.0,0.10651141955756005,0.10651141955756005,0.0,226.67609228944795,0.0,58.097137940434905,0.0,0.0,0.0,1000.0,0.0,0.0,61.80282220943889,0.0,0.0,1000.0,-1000.0,0.0,0.0,0.0,0.0,0.0,70.58600134253703,0.0,0.0,0.0,0.0,0.0,0.0,0.0,333.3333333333333,-808.7046601065348,353.0067350235736,78.40051135737471,69.25862157846139,0.0,0.0,0.0,-159.1288911871118,0.0,1000.0,0.0,0.0,576.0953909764497,0.0,0.0,0.0,0.0,0.0,0.0,0.0,0.0,0.0,0.0,0.0,0.0,0.0,0.0,0.0,0.0,58.097137940434905,230.1362843264398,230.1362843264398,0.0,0.0,0.0,0.0,0.0,0.0,0.0,0.0,0.0,0.0,0.9682856323405817,0.0,0.0,61.80282220943889,-61.80282220943889,0.0,0.0,0.0,0.0,29.048568970217453,0.0,0.0,0.0,0.0,78.40051135737471,0.0,0.0,0.0,0.0,0.0,1000.0,128.49383719430048,0.0,29.048568970217453,29.048568970217453,1000.0,-1000.0,0.0,70.58600134253703,0.0,0.0,0.0,0.0,0.0,1000.0,615.2847637048098,810.9401864328258,0.09682856323405817,0.0,0.0,0.0,127.87595040246441,17.285159126982826,0.0,0.0,0.0,0.0,0.0,0.0,0.0,0.0,0.0,0.0,0.0,0.0,0.0,0.0,0.0,0.0,0.09682856323405817,0.0,0.0,0.0,-290.29439556367697,290.29439556367697,0.0,0.0,0.0,101.50016684954525,0.0,0.0,0.0,0.0,-80.59397860054135,-7.262142242554363,0.0,-4.8414281617029085,0.0,0.0,0.0,0.0,0.0,0.0,0.0,0.0,0.0,0.0,0.0,230.1362843264398,893.2629633642698,0.0,0.0,1000.0,0.0,0.0,0.0,-0.09682856323405817,0.0,0.0,0.09682856323405817,0.0,0.09682856323405817,0.0,0.0,0.0,58.097137940434905,118.13084714555099,118.13084714555099,0.0,0.0,0.0,0.0,0.0,0.0,0.0,353.0067350235736,0.0,615.2847637048098,0.0,0.0,0.0,758.7996232254433,0.0,0.0,0.0,0.0,0.0,0.0,0.0,0.0,0.0,0.0,0.0,0.0,0.0,159.1288911871118,0.0,-987.4599561144638,987.4599561144638,0.14524284485108724,0.0,0.0,0.0,-29.048568970217453,0.0,0.0,0.0,0.0,0.0,-226.67609228944795,4.8414281617029085,0.0,0.0,0.0,0.0,0.0,0.0,-4.8414281617029085,0.0,0.0,0.0,0.0,0.0,0.0,0.0,230.1362843264398,0.0,0.0,1000.0,226.67609228944795,0.0,69.07357057632362,17.285159126982826,72.37650131459733,-72.37650131459733,0.0,0.0,0.0,-118.13084714555099,0.0,4.8414281617029085,1000.0,0.0,516.5372274323053,0.0,-217.37247679864953,-124.99999999998624,124.99999999998624,375.0000000000142,-375.0000000000142,0.0,0.0,0.0,0.0,0.0,233.93823453200233,-248.46251901711105,118.13084714555099,0.0,0.0,0.0,0.0,0.0,0.0,0.0,0.0,0.0,3.1178797361359427,0.0,0.0,0.0,-514.4236658586638,-737.494529891629,0.0,29.048568970217453,61.80282220943889,0.0,0.0,0.0,-256.73558333348757,0.0,0.0,0.10651141955756005,0.0,0.0,0.0,59.065423572775494,0.0,0.0,0.0,0.0,-41.84930502975921,0.0,576.0953909764497,0.0,0.0,0.0,0.0,0.0,0.0,0.0,0.0,0.009682856323405818,0.009682856323405818,0.0,0.0,0.0,0.0,0.0,0.0,0.0,0.0,0.0,0.0,0.0,0.0,0.0,0.0,0.0,226.67609228944795,0.0,0.0,0.0,0.0,0.0,0.0,0.0,0.0,0.0,0.0,0.0,123.60564441887777,0.0,1000.0,146.4435103770264,0.0,0.0,0.0,58.097137940434905,0.0,0.0,0.0,0.0,0.0,0.0,-58.097137940434905,0.0,123.60564441887777,0.0,0.0,0.0,0.0,0.0,0.0,0.0,0.0,0.0,0.0,-810.9401864328258,-1000.0,825.1271890407731,0.0,-29.048568970217453,0.0,7.830163033007551,0.0,0.0,0.0,0.0,0.0,0.0,0.0,0.0,0.0,0.0,0.0,0.0,0.0,0.0,0.0,0.0,0.0,-12.103570404257272,230.1362843264398,-7.262142242554363,1000.0,0.0,0.0,0.0,0.0,0.0,-1.2103570404257273,0.0,93.76683237977174,0.0,0.0,0.0,0.0,0.0,0.0,0.0,1000.0,29.048568970217453,29.048568970217453,0.0,0.0,0.0,0.0,0.0,0.10651141955756005,226.67609228944795,0.0,0.0,-7.830163033007565,0.0,0.0,0.0,0.0,0.0,0.0,0.0,0.0,0.0,0.0,0.0,0.0,0.0,0.0,493.7299780572319,0.0,0.0,0.0,0.0,101.66999139576109,0.0,0.0,69.25862157846139,0.0,0.0,0.0,226.67609228944795,0.0,0.0,0.0,0.0,0.0,-12.103570404257272,0.0,0.0,0.0,0.0,0.0,0.0,0.0,0.0,0.0,0.0,0.0,0.0,0.0,0.0,0.0,0.0,0.0,0.0,-0.09682856323405817,0.0,0.0,4.8414281617029085,-1000.0,0.0,0.0,0.0,0.0,230.1362843264398,0.0,0.0,0.0,-750.4626839309908,2.4207140808514542,0.0,0.0,0.0,0.09682856323405817,0.0,96.82856323405817,-30.016854602558038,19.365712646811634,0.691632594528987,270.1516914230223,-0.07262142242554362,4.841428161702924,1.9365712646811635,-0.4841428161705039,-270.1516914230223,29.048568970217453,-0.09682856323405817,0.0,70.58600134253703,0.024207140808514542,0.691632594528987,0.0,-77.21792947630024,-1.9365712646811635,-690.3574712013326,-0.09682856323405817,0.024207140808514542,-270.1516914230223,589.5958430816895,0.09682856323405817,0.09682856323405817,-226.47275230665633,-61.69631078988142,-406.61944989656746,-0.07262142242554362,29.048568970217453,0.09682856323405817,29.048568970217453,-48.41428161702909,-0.048414281617029084,-35.744061645094675,61.22770825268813,-0.07262142242554362,-0.09682856323405817,-30.016854602558038,0.09682856323405817,9.682856323405817,-1.9365712646811635,159.1288911871118,159.1288911871118,-9.682856323405817,690.3574712013326,-159.1288911871118,19.365712646811634,0.14524284485108724,-1000.0,9.682856323405817,-333.3333333333333,70.58600134253703,-19.365712646811634,0.048414281617029084,0.9682856323405817,46.84023688347046,246.04180493625958,-0.09682856323405817,-248.46251901711105,226.47275230665633,30.016854602558038,0.09682856323405817,77.21792947630024,-625.5212612966167,70.58600134253703,-0.09682856323405817,-0.024207140808514542,-70.58600134253703,-0.09682856323405817,-1000.0,0.09682856323399847,-0.024207140808514542,-0.024207140808514542,-0.024207140808514542,38.73142529362327,48.41428161702909,0.9682856323405817,381.15857452402184,-0.024207140808514542,93.68047376694092,4.8414281617029085,216.79373267347808,0.09682856323405817,0.048414281617029084,0.048414281617029084,44.97585699467433,30.016854602558038,0.09682856323405817,-30.016854602558038,0.9682856323405817,0.09682856323405817,-1000.0,0.09682856323405817,0.38731425293647703,0.4841428161705039,0.048414281617029084,0.024207140808514542,29.048568970217453,-0.09682856323405817,406.61944989656746,0.9682856323405817,-762.3171490480437,2.4207140808514396,-9.682856323405817,19.365712646811634,4.8414281617029085,-0.09682856323405817,0.0,0.14524284485108724,-0.09682856323405817,-89.95171398934866,30.016854602558038,390.91010160272185,0.048414281617029084,-433.58746534695615,-0.09682856323405817,-0.09682856323399847,-0.09682856323405817,0.048414281617029084,270.1516914230223,-19.365712646811634,0.09682856323405817,93.68047376694092,-0.024207140808514542,61.69631078988142,-93.68047376694092,14.524284485108724,-61.22770825268813,13.421005793484355,270.1516914230223,-0.07262142242554362,248.46251901711105,-246.04180493625958,0.09682856323405817,-0.02420714080851454,4.8414281617029085,96.82856323405817,-0.048414281617029084,-0.09682856323405817,0.024207140808514542,1000.0,0.0,999.951585718383,618.8414254759782,-484.9526229148621,0.0,1000.0,15.145247879510045,579.9129867582836,-1000.0,12.960157592483416,264.56745180043833,0.0,500.0,242.47631145743105,-6.480078796241708,-579.9129867582836,-7.572623939755022,-226.67609228944795,-134.1745182692343,0.0,-264.56745180043833,-134.1745182692343,-1000.0,807.9192024866054,0.0,1496.5981,bhi
56,0.0,0.0,0.0,0.0,0.0,0.0,0.0,0.0,-0.0937366018041675,0.0,0.0,0.0,0.0,0.0,0.0,0.0,110.55254294086404,1000.0,0.0,-318.56566831508883,0.0,0.0,0.0,196.35407107986828,0.0,0.0,0.0,0.0,0.0,548.4981681278323,0.0,0.0,247.80415928878142,0.0,0.0,0.0,0.0,508.47577234679636,0.0,-1000.0,1000.0,0.0,0.0,-506.2016431090295,0.0,0.0,809.9502725245967,0.0,-333.5150756003877,-597.1361371620352,0.0,-180.66600764072086,0.0,0.10311026198467696,0.0,0.0,0.0,18.7473203608335,0.0,0.0,121.3020301008288,0.0,267.36927039831835,0.0,0.0,0.0,0.0,0.0,715.437094388475,-326.7657938893278,0.0,0.937366018041675,0.0,0.0,0.0,0.0,0.0,0.0,0.0,0.0,0.0,0.0,0.0,0.0,56.241961082500495,0.0,0.0,-131.58859139439133,969.7806670204892,-254.2183263745474,-0.023434150451041875,0.0,0.0,-431.69403634528146,28.120980541250248,0.0,28.120980541250248,-3.018318578093954,0.0,0.0,0.0,4.686830090208375,-137.7551660023947,0.0,0.0,-337.05239159159146,573.6993761055985,0.0,0.0,0.0,0.0,0.0,0.0,0.0,0.0,0.0,0.0,0.0,0.0,0.0,0.0,0.0,0.0,0.0,-532.8443750334063,0.0,0.0,28.120980541250248,0.0,29.05834655929192,29.05834655929192,0.0,-403.41545501795383,403.41545501795383,0.0,0.0,-477.17428767828375,-125.00000000000011,125.00000000000011,88.5029871791366,0.0,0.0,0.0,0.0,0.0,7.217718338920897,0.0937366018041675,0.0,0.0,0.0,94.2057110671607,-1000.0,0.0,0.0,0.0,0.0,837.5420336732896,0.0,0.0,0.0,0.0,0.0,190.14346407720748,190.14346407720748,0.0,0.0,0.0,874.9999999999999,331.65897914071155,0.0,0.0,190.23720067901166,0.0,0.0,0.0,0.0,-525.1343419535896,0.0,0.0,0.0,0.0,0.0,0.0,0.0,0.0,0.0,-651.4309574643877,0.0,0.0,0.0,0.0,-622.9289480616566,0.0,0.0,0.0,0.0,0.0,597.1361371620352,180.66600764072086,-715.5623406459418,715.5623406459418,0.0,0.0,0.0,0.0,0.0,0.0,0.0,686.253334130227,-1000.0,0.0,0.0,0.0,0.0,0.0,0.0,0.0,0.0,0.0,0.0,0.0,0.0,0.0,0.0,-66.08473052591046,-506.2016431090295,0.0,0.0,0.0,0.0,0.0,0.0,0.0,0.0,0.0,121.3020301008288,0.0,0.0,0.0,0.0,0.0,0.0,0.0,0.0,0.0,0.0,0.0,0.0,0.0,-685.343007666431,1000.0,-1000.0,0.0,506.2016431090295,0.0,0.0,388.67130049914715,739.8936334385758,0.0,0.0,0.0,-183.56278583564165,0.0,0.0,75.27792199307505,447.42843057027534,447.42843057027534,-372.1505085772003,0.0,0.0,254.2183263745474,0.0,250.30965039302754,597.1361371620352,0.0,319.6418121522111,0.0,0.0,0.0,0.0,0.0,0.0,0.0,1000.0,388.67130049914715,0.0,0.0,875.0,0.0,0.0,121.3020301008288,-0.14060490270625123,0.0,0.0,0.0,0.0,0.0937366018041675,0.0,0.0,0.0,594.8079675204064,110.55254294086404,0.0,-407.53396143232516,-270.2184604811009,525.1343419535896,967.8132923632933,0.0,-7.1182972792820145,0.0,-337.05239159159146,0.0,0.0,0.0,7.1182972792820145,0.0,0.0,0.0,-1000.0,0.0,0.0,0.0,0.0,0.0,0.0,0.0,0.0,0.0,0.0,0.0,0.0,0.0,0.0,0.0,0.0,0.0,-491.14928124598714,0.0,-1000.0,0.0,0.0,0.0,411.882508333023,0.0,0.0,-7.217718338920897,0.0,0.0,0.0,791.0312131538384,0.0,0.0,0.0,0.0,0.0,-715.437094388475,0.0,-73.60187522025778,0.0,-932.4365661777708,0.0,-210.62808425671986,-8.491719693855686,-2.3434150451041873,68.9150451300494,0.0,0.0,1000.0,1000.0,-763.3467575416288,28.120980541250248,0.0,0.0,0.0,0.0,0.0,0.0,0.0,0.0,0.0,0.0,1000.0,0.0,0.0,0.0,0.0,0.0,686.253334130227,0.0,0.0,-146.06724029748955,0.0,0.0,60.30768817795692,0.0,0.0,0.0,0.0,-426.3006238944015,0.18747320360831435,0.0,0.0,0.0,0.0,0.0,0.0,0.0,0.0,0.0,0.0,0.0,0.0,0.0,0.0,0.0,0.0,0.0,0.0,0.0,0.10311026198467696,0.10311026198467696,0.0,341.5387974002997,0.0,56.241961082500495,0.0,0.0,0.0,-568.12633245667,0.0,63.00703896567244,0.0,0.0,0.0,1000.0,568.12633245667,0.0,0.0,0.0,0.0,0.0,60.30768817795692,0.0,0.0,0.0,0.0,0.0,0.0,0.0,177.61479167780212,-594.8079675204064,332.0949128272408,0.0,7.217718338920897,0.0,0.0,-431.69403634528146,-431.69403634528146,0.0,1000.0,0.0,0.0,573.6993761055985,0.0,0.0,0.0,0.0,0.0,0.0,0.0,0.0,0.0,0.0,0.0,0.0,0.0,0.0,0.0,0.0,56.241961082500495,388.67130049914715,388.67130049914715,0.0,0.0,0.0,0.0,0.0,0.0,0.0,0.0,0.0,0.0,0.937366018041675,0.0,0.0,0.0,0.0,0.0,180.66600764072086,0.0,0.0,28.120980541250248,0.0,0.0,0.0,0.0,0.0,0.0,0.0,0.0,0.0,0.0,945.8088379024691,-602.7010710624722,0.0,28.120980541250248,28.120980541250248,430.1589971987311,568.12633245667,0.0,60.30768817795692,0.0,0.0,0.0,0.0,0.0,-862.2448339976053,686.253334130227,-766.6275376076034,0.0937366018041675,0.0,0.0,0.0,7.559187388350365,0.0,0.0,431.69403634528146,0.0,-388.67130049914715,0.0,0.0,0.0,0.0,0.0,0.0,0.0,0.0,0.0,0.0,0.0,0.0,0.0937366018041675,0.0,0.0,0.0,885.9608737360653,-885.9608737360653,0.0,0.0,0.0,0.0,-7.217718338920897,0.0,0.0,0.0,-508.85071875401286,-7.030245135312563,0.0,-4.686830090208375,0.0,0.0,0.0,0.0,0.0,0.0,0.0,0.0,0.0,0.0,0.0,388.67130049914715,525.1343419535896,0.0,0.0,241.3400725485796,0.0,0.0,0.0,-0.0937366018041675,0.0,0.0,0.0937366018041675,0.0,0.0937366018041675,0.0,0.0,0.0,56.241961082500495,114.35865420108433,114.35865420108433,0.0,0.0,0.0,0.0,0.0,0.0,0.0,332.0949128272408,0.0,686.253334130227,0.0,0.0,0.0,15.189018694620927,0.0,0.0,0.0,0.0,0.0,0.0,0.0,0.0,0.0,0.0,0.0,0.0,0.0,0.0,0.0,-620.6910166388225,620.6910166388225,0.14060490270625123,0.0,0.0,0.0,-28.120980541250248,0.0,0.0,0.0,0.0,0.0,-341.5387974002997,4.686830090208375,0.0,0.0,0.0,-874.9999999999999,-331.65897914071155,0.0,-4.686830090208375,0.0,0.0,0.0,0.0,0.0,0.0,0.0,388.67130049914715,0.0,0.0,0.0,341.5387974002997,0.0,-558.123927575748,-337.05239159159146,0.0,0.0,0.0,0.0,0.0,625.5349792374915,0.0,4.686830090208375,577.5666303093386,0.0,0.0,0.0,-146.06724029748955,0.0,0.0,0.0,0.0,0.0,0.0,0.0,0.0,0.0,1000.0,-362.6295328062374,114.35865420108433,0.0,625.0,625.0,-625.0,0.0,0.0,0.0,0.0,0.0,0.0,0.0,0.0,0.0,-7.559187388350365,0.0,0.0,28.120980541250248,0.0,0.0,0.0,0.0,-194.34952892575615,0.0,0.0,0.10311026198467696,0.0,0.0,0.0,57.17932710054217,0.0,0.0,0.0,0.0,-66.08473052591046,0.0,573.6993761055985,0.0,0.0,0.0,0.0,0.0,0.0,0.0,0.0,286.8176771908224,0.00937366018041675,0.0,0.0,0.0,0.0,0.0,0.0,0.0,0.0,0.0,0.0,0.0,0.0,0.0,0.0,0.0,341.5387974002997,0.0,0.0,0.0,0.0,0.0,0.0,0.0,597.1361371620352,0.0,0.0,0.0,0.0,0.0,0.0,1000.0,0.0,0.0,0.0,56.241961082500495,0.0,0.0,0.0,0.0,0.0,250.05668639595942,-306.2986474784599,0.0,0.0,0.0,0.0,0.0,0.0,0.0,0.0,0.0,0.0,0.0,0.0,766.6275376076034,-1000.0,79.39859093047573,0.0,-28.120980541250248,0.0,508.47577234679636,0.0,0.0,0.0,0.0,0.0,0.0,0.0,0.0,0.0,0.0,0.0,0.0,0.0,0.0,0.0,0.0,0.0,-11.717075225520936,388.67130049914715,-7.030245135312563,370.78830636554574,0.0,0.0,0.0,0.0,0.0,-126.06126232560759,124.88955480305549,146.06724029748955,0.0,0.0,0.0,0.0,0.0,0.0,0.0,1000.0,28.120980541250248,28.120980541250248,0.0,0.0,0.0,0.0,0.0,0.10311026198467696,341.5387974002997,0.0,0.0,-508.47577234679636,286.808303530642,0.0,0.0,0.0,0.0,0.0,0.0,0.0,0.0,0.0,0.0,0.0,0.0,0.0,310.34550831941124,0.0,0.0,29.05834655929192,0.0,98.42343189437587,7.217718338920897,0.0,0.0,0.0,0.0,0.0,341.5387974002997,0.0,-3.018318578093954,0.0,0.0,0.0,-11.717075225520936,0.0,0.0,0.0,0.0,0.0,0.0,0.0,0.0,0.0,0.0,0.0,0.0,0.0,0.0,0.0,0.0,0.0,0.0,-0.0937366018041675,0.0,0.0,4.686830090208375,-1000.0,0.0,0.0,0.0,0.0,388.67130049914715,0.0,0.0,0.0,-7.1182972792820145,2.3434150451041873,0.0,0.0,0.0,0.0937366018041675,0.0,93.73660180416749,0.0,18.7473203608335,0.6695471557440535,319.6418121522111,-0.07030245135312561,210.62808425671986,1.87473203608335,-0.4686830090206658,-319.6418121522111,28.120980541250248,-0.0937366018041675,112.35079719719715,60.30768817795692,0.023434150451041875,0.6695471557440535,-337.05239159159146,-14.922867007223225,-1.87473203608335,-791.9868746257753,-0.0937366018041675,0.023434150451041875,-319.6418121522111,9.37366018041675,0.0937366018041675,0.0937366018041675,-341.34195053651086,0.1031102619845828,0.0,-0.07030245135312561,28.120980541250248,0.0937366018041675,28.120980541250248,-46.868300902083746,-0.04686830090208375,-163.43725049010663,-9.467396782220916,-0.07030245135312561,-0.0937366018041675,0.0,0.0937366018041675,9.37366018041675,-1.87473203608335,0.0,0.0,-9.37366018041675,791.9868746257753,0.0,18.7473203608335,0.14060490270625123,-1000.0,9.37366018041675,-177.61479167780212,60.30768817795692,-18.7473203608335,0.04686830090208375,0.937366018041675,101.88349035808129,360.2861177611332,-0.0937366018041675,-362.6295328062374,341.34195053651086,29.05834655929192,0.0937366018041675,14.922867007223225,-52.17623398704393,60.30768817795692,-0.0937366018041675,-0.023434150451041875,-60.30768817795692,-0.0937366018041675,-1000.0,0.0937366018041675,-0.023434150451041875,-0.023434150451041875,-0.023434150451041875,37.494640721667,46.868300902083746,0.937366018041675,340.2154145266838,-0.023434150451041875,91.41618351896543,4.686830090208375,217.83714203740914,0.0937366018041675,0.04686830090208375,0.04686830090208375,-154.80814598017838,0.0,0.0937366018041675,0.0,0.937366018041675,0.0937366018041675,-881.7520338567252,0.0937366018041675,0.3749464072164983,0.4686830090206658,0.04686830090208375,0.023434150451041875,28.120980541250248,-0.0937366018041675,0.0,0.937366018041675,-680.4308290533676,208.28466921161566,-9.37366018041675,18.7473203608335,4.686830090208375,-0.0937366018041675,337.05239159159146,0.14060490270625123,-0.0937366018041675,309.61629196035676,0.0,462.05939609910087,0.04686830090208375,-435.6742840748183,-0.0937366018041675,-0.0937366018041675,-0.0937366018041675,0.04686830090208375,319.6418121522111,-18.7473203608335,0.0937366018041675,203.76698071616258,-0.023434150451041875,-0.1031102619845828,-203.76698071616258,14.060490270625124,9.467396782220916,626.0036740345972,319.6418121522111,-0.07030245135312561,362.6295328062374,-360.2861177611332,0.0937366018041675,-0.02343415045104188,795.7180432440467,93.73660180416749,-0.04686830090208375,-0.0937366018041675,0.023434150451041875,1000.0,0.0,999.9531316990979,541.5366193300415,-172.1885953878874,0.0,199.84069840108043,-586.9281297802452,0.0,693.2534759427152,-681.6949287692421,871.4715200421554,0.0,-346.6267379713576,86.0942976939437,340.84746438462105,0.0,293.4640648901226,-341.5387974002997,-267.7098671733447,0.0,-871.4715200421554,-267.7098671733447,-199.84069840108043,121.3216361038538,0.0,1496.5981,bhi
57,0.0,0.0,0.0,0.0,0.0,0.0,0.0,0.0,313.269126966298,0.0,0.0,0.0,0.0,0.0,0.0,0.0,20.532868669953245,-273.2999889543811,0.0,0.0,0.0,0.0,0.0,12.416106579387645,0.0,0.0,0.0,0.0,0.0,-20.532868669953245,0.0,0.0,183.87530840744313,0.0,0.0,0.0,0.0,999.6377504158748,0.0,-215.20229110789091,958.3226551088524,0.0,0.0,0.0,0.0,0.0,0.0,0.0,0.0,0.0,0.0,0.0,0.0,0.09961863563422642,0.0,0.0,0.0,18.1124792062652,0.0,0.0,30.472161510595548,0.0,459.1486929590512,374.27778490638445,0.0,0.0,0.0,0.0,399.2535220343235,-350.20133386359174,0.0,0.90562396031326,0.0,0.0,0.0,0.0,0.0,0.0,0.0,0.0,0.0,0.0,0.0,0.0,54.3374376187956,0.0,0.0,96.52945049091922,-533.7160546519012,1000.0,557.31456926709,0.0,0.0,26.199547055937273,27.1687188093978,0.0,197.5134236930703,0.0,623.1250775412566,0.0,0.0,781.0810081793205,-20.532868669953245,0.0,0.0,-192.25307513930923,218.4526221952465,0.0,0.0,0.0,0.0,0.0,0.0,0.0,0.0,0.0,0.0,0.0,0.0,0.0,0.0,0.0,0.0,0.0,-411.2024591590382,0.0,0.0,197.5134236930703,0.0,28.074342769711055,0.0,0.0,17.658420859544094,-17.658420859544094,0.0,0.0,-115.34306956326236,-374.75000000000034,374.75000000000034,0.0,0.0,0.0,0.0,0.0,0.0,6.973304494412098,0.09056239603132599,557.3372098660977,0.0,0.0,0.0,-236.5651014015117,0.0,0.0,0.0,0.0,957.5167874132624,0.0,0.0,0.0,0.0,0.0,-128.3976310346127,-128.3976310346127,0.0,0.0,0.0,0.0,0.0,0.0,0.0,-128.30706863858137,0.0,0.0,0.0,-945.2605346835458,0.0,0.0,0.0,0.0,0.0,0.0,0.0,0.0,0.0,0.0,-430.8208570206582,0.0,0.0,0.0,0.0,-1000.0,0.0,0.0,0.0,0.0,0.0,0.0,0.0,369.8294394453003,-369.8294394453003,0.0,0.0,0.0,0.0,0.0,0.0,0.0,0.0,0.0,0.0,0.0,0.0,0.0,0.0,0.0,0.0,0.0,0.0,0.0,0.0,0.0,0.0,771.2369805854039,-226.62649124872632,0.0,0.0,0.0,0.0,115.34306956326236,0.0,0.0,0.0,0.0,0.0,30.472161510595548,0.0,0.0,0.0,0.0,0.0,0.0,0.0,0.0,0.0,808.4404227640458,0.0,170.3447048836725,0.0,903.5454940972015,0.0,466.3588899362195,0.0,0.0,0.0,0.0,115.34306956326236,213.38726072805923,0.0,0.0,0.0,-47.57487000111121,0.0,0.0,347.5855594461496,0.0,0.0,347.5855594461496,0.0,0.0,-163.88661520660094,0.0,0.0,0.0,0.0,252.6690849273995,0.0,0.0,0.0,282.20908407376584,0.0,-282.20908407376584,0.0,-128.488193430644,0.0,115.34306956326236,0.0,0.0,0.0,0.0,30.472161510595548,-0.13584359404698898,0.0,0.0,0.0,0.0,0.09056239603132599,0.0,0.0,0.0,-5.9538464571161285,20.532868669953245,0.0,-398.12120622077236,439.8637624465452,0.0,1000.0,0.0,1000.0,0.0,-192.25307513930923,0.0,0.0,0.0,-7.797422298296935,-269.4262618642564,-722.7763158374466,0.0,0.0,0.0,0.0,0.0,0.0,0.0,0.0,0.0,0.0,0.0,0.0,0.0,0.0,0.0,0.0,0.0,0.0,0.0,0.0,0.0,-1000.0,0.0,0.0,805.5243136118377,0.0,0.0,0.0,-815.4137272584579,0.0,623.1250775412566,0.0,0.0,776.5528883777542,-1000.0,0.0,0.0,-2.26405990078315,870.1727398299329,0.0,20.334607098008767,0.0,600.8340495812663,0.0,-594.6839533135762,713.2328459887672,0.0,-24.862726899575065,-1000.0,0.0,0.0,0.0,0.0,197.5134236930703,0.0,0.0,0.0,0.0,0.0,313.35968936232933,0.0,-771.2369805854039,771.2369805854039,771.2369805854039,458.06680404884173,0.0,0.0,0.0,0.0,0.0,0.0,0.0,0.0,-54.398746542071265,0.0,0.0,155.83607880192255,0.0,0.0,0.0,0.0,-442.25239414806185,0.18112479206247656,0.0,0.0,0.0,0.0,0.0,0.0,0.0,0.0,0.0,49.05218817073177,0.0,0.0,0.0,0.0,0.0,0.0,0.0,0.0,0.0,0.09961863563422642,0.09961863563422642,0.0,207.2572098072698,0.0,54.3374376187956,0.0,0.0,0.0,0.0,0.0,0.0,0.0,0.0,0.0,1000.0,0.0,0.0,0.0,0.0,0.0,0.0,155.83607880192255,0.0,0.0,0.0,0.0,0.0,0.0,0.0,137.06748638634608,5.9538464571161285,18.1124792062652,201.8793893231329,6.973304494412098,0.0,26.199547055937273,0.0,0.0,0.0,1000.0,0.0,650.589263495277,-92.84165764333885,0.0,0.0,771.2369805854039,0.0,0.0,0.0,0.0,0.0,0.0,0.0,0.0,0.0,0.0,0.0,0.0,0.0,54.3374376187956,115.34306956326236,115.34306956326236,0.0,0.0,0.0,0.0,0.0,0.0,0.0,0.0,0.0,0.0,0.90562396031326,0.0,0.0,0.0,0.0,0.0,0.0,0.0,0.0,197.5134236930703,0.0,0.0,0.0,0.0,201.8793893231329,0.0,0.0,0.0,0.0,0.0,473.672543571426,-762.5101127961553,0.0,27.1687188093978,27.1687188093978,988.6797004960843,0.0,0.0,155.83607880192255,0.0,0.0,0.0,0.0,0.0,621.5309235065616,0.0,670.2378234580644,0.09056239603132599,0.0,0.0,0.0,119.6005814445133,0.0,0.0,-26.199547055937273,0.0,0.0,0.0,0.0,0.0,0.0,0.0,0.0,0.0,0.0,0.0,0.0,0.0,0.0,0.09056239603132599,0.0,0.0,0.0,0.0,0.0,0.0,0.0,0.0,0.0,-347.7222184498015,1000.0,0.0,-39.04211765556215,-1000.0,-6.792179702349472,-4.5281198015663,0.0,0.0,-937.5,-937.5,937.5,0.0,0.0,0.0,0.0,0.0,0.0,0.0,115.34306956326236,0.0,0.0,0.0,4.5281198015663,0.0,0.0,0.0,313.269126966298,0.0,0.0,0.09056239603132599,0.0,0.09056239603132599,0.0,0.0,0.0,54.3374376187956,110.48612315821771,110.48612315821771,0.0,0.0,0.0,0.0,0.0,0.0,0.0,18.1124792062652,0.0,0.0,0.0,0.0,0.0,0.0,0.0,0.0,0.0,0.0,0.0,0.0,0.0,0.0,0.0,0.0,0.0,0.0,0.0,0.0,0.0,0.0,0.0,0.13584359404698898,0.0,0.0,0.0,-197.5134236930703,0.0,0.0,0.0,0.0,0.0,-207.2572098072698,4.5281198015663,0.0,0.0,0.0,0.0,0.0,800.9961938102714,0.0,0.0,0.0,0.0,0.0,0.0,0.0,0.0,115.34306956326236,0.0,0.0,0.0,-563.9797707781341,0.0,1000.0,-192.25307513930923,0.0,333.304685001615,662.1671951968187,-995.4718801984337,0.0,102.90113756984152,0.0,4.5281198015663,1000.0,0.0,240.49950837615484,0.0,-54.398746542071265,0.0,0.0,0.0,0.0,0.0,0.0,0.0,0.0,0.0,644.8702465302774,-227.63374891431806,110.48612315821771,0.0,0.0,0.0,0.0,0.0,0.0,0.0,0.0,0.0,808.4404227640458,0.0,0.0,0.0,-168.65276961524506,0.0,0.0,27.1687188093978,0.0,0.0,0.0,0.0,0.0,0.0,0.0,0.09961863563422642,0.0,0.0,0.0,55.243061579108854,0.0,0.0,0.0,0.0,-226.62649124872632,0.0,218.4526221952465,0.0,0.0,0.0,0.0,0.0,0.0,0.0,0.0,0.0090562396031326,0.0090562396031326,0.0,0.0,0.0,0.0,0.0,0.0,0.0,0.0,0.0,0.0,0.0,0.0,0.0,0.0,0.0,207.2572098072698,0.0,0.0,0.0,0.0,0.0,0.0,0.0,0.0,0.0,0.0,0.0,0.0,0.0,41.06573733990649,-273.2999889543811,0.0,0.0,0.0,54.3374376187956,0.0,0.0,0.0,0.0,0.0,945.6625623812045,-1000.0,0.0,0.0,0.0,0.0,0.0,0.0,0.0,0.0,0.0,0.0,0.0,0.0,329.76217654193556,600.9980548366084,62.035241281458305,-1000.0,802.4865763069297,0.0,999.6377504158748,0.0,0.0,0.0,0.0,0.0,0.0,0.0,0.0,0.0,0.0,0.0,0.0,0.0,0.0,0.0,0.0,0.0,-11.320299503915749,115.34306956326236,-783.3450680801037,220.84156921196865,0.0,0.0,0.0,0.0,0.0,-1.132029950391575,0.0,54.398746542071265,0.0,0.0,0.0,0.0,0.0,0.0,0.0,1000.0,27.1687188093978,27.1687188093978,0.0,0.0,0.0,0.0,0.0,0.09961863563422642,207.2572098072698,0.0,0.0,-999.6377504158748,0.0,0.0,0.0,0.0,0.0,0.0,0.0,0.0,0.0,0.0,0.0,0.0,0.0,0.0,0.0,0.0,0.0,0.0,0.0,95.0905158328923,6.973304494412098,0.0,0.0,0.0,0.0,0.0,207.2572098072698,0.0,0.0,0.0,0.0,0.0,-11.320299503915749,0.0,0.0,0.0,0.0,0.0,0.0,0.0,0.0,0.0,0.0,0.0,0.0,0.0,0.0,0.0,0.0,0.0,0.0,-0.09056239603132599,0.0,0.0,4.5281198015663,-1000.0,0.0,0.0,0.0,0.0,115.34306956326236,0.0,0.0,0.0,7.797422298296935,2.26405990078315,0.0,0.0,0.0,0.09056239603132599,0.0,90.56239603132599,-28.074342769711055,18.1124792062652,0.6468742573666143,252.6690849273995,-0.06792179702349449,392.8045639904434,1.81124792062652,-0.45281198015647806,-252.6690849273995,27.1687188093978,-0.090562396031326,64.08435837976974,155.83607880192255,0.0226405990078315,0.6468742573666143,-192.2530751393092,-14.417533448186532,-1.81124792062652,252.76712028442785,-0.090562396031326,0.0226405990078315,-252.6690849273995,247.68805147191648,0.090562396031326,0.09056239603132599,-207.06702877560426,0.09961863563445861,-241.62155227688658,-0.06792179702349449,27.1687188093978,0.090562396031326,197.5134236930703,125.06350686800951,-0.045281198015663,-331.3890848577574,-9.146801999163925,-0.06792179702349449,-0.090562396031326,-28.074342769711055,0.09056239603132599,9.0562396031326,-1.81124792062652,0.0,0.0,-9.05623960313261,-252.76712028442785,0.0,18.1124792062652,0.13584359404698898,-1000.0,9.0562396031326,-137.06748638634608,155.83607880192255,-18.1124792062652,0.045281198015663,0.90562396031326,99.53030155519309,-545.8672915718689,-0.09056239603132599,-227.63374891431806,207.06702877560426,28.074342769711055,0.09056239603132603,14.417533448186532,-361.8153131881246,155.83607880192255,-0.09056239603132599,-0.0226405990078315,-155.83607880192255,-0.090562396031326,-660.7050163433084,0.090562396031326,-0.0226405990078315,-0.0226405990078315,-0.0226405990078315,36.2249584125304,-125.06350686800951,0.90562396031326,125.52118064906222,-0.0226405990078315,134.97624473061643,4.5281198015663,225.65431687559723,0.09056239603132599,0.045281198015663,0.045281198015663,29.302744222462692,28.074342769711055,0.09056239603132599,-28.074342769711055,0.90562396031326,0.090562396031326,-242.37271162776693,0.090562396031326,0.36224958412515207,0.45281198015647806,0.045281198015663,0.0226405990078315,27.1687188093978,-0.090562396031326,241.62155227688658,0.90562396031326,-251.04236129812443,390.54050408966026,-9.0562396031326,18.1124792062652,4.5281198015663,-0.090562396031326,192.2530751393092,0.13584359404698898,-0.090562396031326,-58.605488444925385,28.074342769711055,333.4622382299638,0.045281198015663,-451.30863375119446,-0.090562396031326,-0.090562396031326,-0.090562396031326,0.045281198015663,252.6690849273995,-18.1124792062652,0.09056239603132599,199.06060311038618,-0.0226405990078315,-0.09961863563445861,-199.06060311038618,13.584359404698898,9.146801999163925,-55.113181912904025,252.6690849273995,-0.06792179702349449,227.63374891431806,545.8672915718689,0.090562396031326,-0.022640599007831504,4.5281198015663,90.56239603132599,-0.045281198015663,-0.09056239603132603,0.0226405990078315,1000.0,0.0,163.84133400858528,116.85153097870472,-713.7712201805118,0.0,381.9611100721501,-378.1298124990444,238.63181186878387,1000.0,-283.92620811579775,-1000.0,-836.1133847933991,-500.0,356.8856100902559,141.96310405789887,-238.63181186878387,189.0649062495222,-207.2572098072698,-333.4622382299638,836.1133847933991,1000.0,-333.4622382299638,-381.9611100721501,367.36009182857106,0.0,1496.5981,bhi
58,0.0,0.0,0.0,0.0,0.0,0.0,0.0,0.0,-0.10169983441141231,0.0,0.0,0.0,0.0,0.0,0.0,0.0,-404.6840277115097,769.8929509072723,0.0,0.0,0.0,0.0,0.0,200.67885420552557,0.0,316.6893863266124,0.0,0.0,0.0,988.9129877492924,0.0,0.0,0.0,0.0,0.0,0.0,0.0,-132.8987636546139,0.0,-1000.0,202.2277941969278,0.0,0.0,0.0,0.0,0.0,0.0,0.0,-1000.0,0.0,0.0,-809.3680554230194,0.0,0.11186981785249372,0.0,0.0,0.0,20.339966882282464,0.0,0.0,-32.50159527154483,0.0,377.7647932356333,0.0,0.0,0.0,0.0,0.0,182.70044486343613,-59.36071438727697,0.0,1.0169983441141233,0.0,0.0,0.0,0.0,0.0,0.0,0.0,0.0,0.0,0.0,0.0,0.0,61.01990064684739,0.0,138.63296250907635,-211.40550034761586,171.9303958318688,0.0,-0.02542495860285308,0.0,0.0,-160.32023381037482,30.509950323423695,0.0,30.509950323423695,0.0,0.0,0.0,0.0,5.084991720570616,988.9129877492924,0.0,0.0,0.0,0.0,0.0,0.0,0.0,0.0,0.0,0.0,0.0,0.0,0.0,0.0,0.0,0.0,0.0,0.0,0.0,0.0,0.0,-1000.0,0.0,0.0,30.509950323423695,0.0,31.526948667537816,0.0,0.0,-1000.0,1000.0,0.0,0.0,-260.0118939994215,874.75,-874.75,-85.25130396466699,0.0,0.0,0.0,0.0,0.0,146.4638497587551,0.10169983441141231,0.0,0.0,0.0,0.0,0.0,0.0,0.0,0.0,0.0,536.6628680827558,0.0,0.0,0.0,0.0,0.0,602.6938594987794,602.6938594987794,0.0,0.0,0.0,0.0,571.0355660496962,0.0,0.0,602.7955593331908,0.0,0.0,0.0,0.0,-465.7665122399595,0.0,0.0,0.0,0.0,0.0,0.0,0.0,0.0,0.0,0.0,0.0,0.0,0.0,0.0,-1000.0,0.0,0.0,0.0,0.0,0.0,0.0,809.3680554230194,-171.9303958318688,171.9303958318688,0.0,0.0,0.0,0.0,0.0,0.0,0.0,0.0,-946.0355660496962,0.0,0.0,0.0,0.0,0.0,0.0,0.0,0.0,0.0,0.0,0.0,0.0,0.0,0.0,-709.8510735599359,-393.59701546080214,0.0,0.0,0.0,221.92346748792932,214.67976618962518,0.0,0.0,0.0,0.0,-32.50159527154483,-393.59701546080214,0.0,0.0,0.0,0.0,0.0,0.0,0.0,0.0,724.0051301358726,0.0,0.0,0.0,-404.83657746312684,-60.97578579938926,-573.9678407564652,0.0,393.59701546080214,0.0,0.0,345.2631979640885,-875.926202018077,0.0,0.0,0.0,-194.65386222066434,0.0,0.0,-1000.0,-999.9999999999998,0.0,0.0,0.0,999.9999999999998,0.0,0.0,1000.0,0.0,0.0,69.0627718182152,0.0,0.0,0.0,-1000.0,0.0,1000.0,0.0,186.69327213713893,123.33973047615916,221.92346748792932,0.0,0.0,0.0,0.0,-32.50159527154483,-0.15254975161711848,0.0,0.0,0.0,0.0,0.10169983441141231,0.0,0.0,0.0,30.805153351078516,-404.6840277115097,0.0,0.0,404.89316978254146,465.7665122399595,232.7377445203515,0.0,0.0,0.0,0.0,0.0,0.0,0.0,805.5183984598933,0.0,-805.5183984598933,-988.9129877492924,-1000.0,0.0,0.0,0.0,0.0,0.0,0.0,0.0,0.0,0.0,0.0,0.0,0.0,0.0,0.0,0.0,0.0,0.0,324.20317992999395,0.0,456.6951442469623,0.0,0.0,720.7303954678264,0.0,0.0,615.0074250783252,-870.4689798946276,0.0,0.0,0.0,0.0,0.0,817.2995551365639,62.50000000000049,-27.20535005243901,892.8662686428111,-1000.0,0.0,-5.084991720570616,-311.0008152974276,165.30563251963838,-62.50000000000049,22.120358331868392,1000.0,-895.4087645030963,0.0,-94.74910368077968,0.0,-633.2915578194359,699.4111686829044,0.0,30.509950323423695,0.0,0.0,0.0,0.0,0.0,0.0,0.0,0.0,0.0,0.0,-580.5680425633445,0.0,0.0,0.0,0.0,0.0,0.0,0.0,0.0,-133.00046348902532,0.0,0.0,0.0,0.0,0.0,0.0,0.0,-740.3610238833596,0.2033996688227262,0.0,0.0,0.0,0.0,0.0,0.0,0.0,0.0,0.0,0.0,0.0,0.0,0.0,0.0,0.0,0.0,0.0,0.0,0.0,0.11186981785249372,0.11186981785249372,0.0,162.29501888076547,0.0,61.01990064684739,0.0,0.0,0.0,1000.0,0.0,0.0,138.63296250907635,0.0,0.0,1000.0,-1000.0,0.0,0.0,0.0,0.0,0.0,0.0,0.0,0.0,0.0,0.0,0.0,0.0,0.0,333.3333333333333,-30.805153351078516,0.0,0.0,146.4638497587551,0.0,625.0,-785.3202338103748,-1000.0,0.0,1000.0,0.0,0.0,259.6389761166404,0.0,0.0,0.0,0.0,0.0,0.0,0.0,0.0,0.0,0.0,0.0,0.0,0.0,0.0,0.0,0.0,61.01990064684739,345.2631979640885,345.2631979640885,0.0,0.0,0.0,0.0,0.0,0.0,0.0,0.0,0.0,0.0,1.0169983441141233,0.0,0.0,138.63296250907635,-138.63296250907635,0.0,809.3680554230194,0.0,0.0,30.509950323423695,0.0,0.0,0.0,0.0,0.0,0.0,0.0,0.0,0.0,0.0,437.1127306546434,0.0,0.0,30.509950323423695,30.509950323423695,1000.0,-1000.0,0.0,0.0,0.0,0.0,0.0,0.0,0.0,-1000.0,0.0,-804.0748898491929,0.10169983441141231,0.0,0.0,0.0,134.309159888043,0.0,0.0,160.32023381037482,0.0,-123.33973047615916,0.0,0.0,0.0,0.0,0.0,0.0,0.0,0.0,0.0,0.0,0.0,0.0,0.10169983441141231,0.0,0.0,0.0,0.0,0.0,0.0,0.0,0.0,0.0,-227.95146792812102,1000.0,0.0,-921.7871164986802,132.49196431696834,-7.627487580855925,0.0,-5.084991720570616,0.0,0.0,0.0,0.0,0.0,0.0,0.0,0.0,0.0,0.0,0.0,345.2631979640885,465.7665122399595,0.0,0.0,-628.2065660988652,0.0,0.0,0.0,-0.10169983441141231,0.0,0.0,0.10169983441141231,0.0,0.10169983441141231,0.0,0.0,0.0,61.01990064684739,124.07379798192302,124.07379798192302,0.0,0.0,0.0,0.0,0.0,0.0,0.0,0.0,0.0,0.0,0.0,0.0,309.7308682553968,504.54388594731904,0.0,0.0,0.0,0.0,0.0,0.0,0.0,0.0,0.0,0.0,0.0,0.0,0.0,214.67976618962518,0.0,-824.5915489148869,824.5915489148869,0.15254975161711848,0.0,0.0,0.0,-30.509950323423695,0.0,0.0,0.0,0.0,0.0,-162.29501888076547,5.084991720570616,0.0,0.0,0.0,0.0,-571.0355660496962,720.7303954678264,-5.084991720570616,0.0,0.0,0.0,0.0,0.0,0.0,0.0,345.2631979640885,0.0,0.0,-846.9525302559572,162.29501888076547,0.0,66.67691325173037,0.0,0.0,78.21288350131975,921.7871164986802,-1000.0,0.0,-1000.0,0.0,5.084991720570616,466.1004610675275,0.0,0.0,0.0,-410.266388507178,0.0,0.0,0.0,0.0,0.0,0.0,0.0,0.0,0.0,0.0,-15.254975161711855,124.07379798192302,0.0,0.0,0.0,0.0,0.0,0.0,0.0,0.0,0.0,724.0051301358726,0.0,0.0,169.9225064616214,-134.309159888043,351.3307031215999,0.0,30.509950323423695,138.63296250907635,0.0,0.0,0.0,-400.278474274616,0.0,0.0,0.11186981785249372,0.0,0.0,0.0,62.03689899096151,0.0,0.0,0.0,0.0,-709.8510735599359,0.0,0.0,0.0,0.0,0.0,0.0,0.0,0.0,-291.3089622089047,0.0,0.010169983441141523,0.010169983441141523,0.0,0.0,0.0,0.0,0.0,0.0,0.0,0.0,0.0,0.0,0.0,0.0,0.0,0.0,0.0,162.29501888076547,0.0,0.0,0.0,0.0,0.0,0.0,0.0,0.0,0.0,0.0,0.0,277.2659250181527,0.0,0.0,769.8929509072723,0.0,0.0,0.0,61.01990064684739,0.0,0.0,0.0,0.0,0.0,0.0,-61.01990064684739,0.0,277.2659250181527,0.0,0.0,0.0,0.0,0.0,0.0,0.0,0.0,0.0,0.0,804.0748898491929,-1000.0,883.9391407745334,969.4900496765763,-1000.0,0.0,-132.8987636546139,0.0,0.0,0.0,0.0,0.0,0.0,0.0,0.0,0.0,0.0,0.0,0.0,0.0,0.0,0.0,0.0,0.0,-12.71247930142654,345.2631979640885,-7.627487580855925,821.9022417835718,0.0,0.0,0.0,0.0,0.0,125.00000000000011,-126.27124793014278,133.00046348902532,0.0,0.0,0.0,0.0,0.0,0.0,0.0,1000.0,30.509950323423695,30.509950323423695,0.0,0.0,0.0,0.0,0.0,0.11186981785249372,162.29501888076547,0.0,0.0,132.8987636546139,0.0,0.0,0.0,0.0,0.0,0.0,0.0,0.0,0.0,0.0,0.0,0.0,0.0,0.0,253.95108129413723,0.0,0.0,0.0,0.0,106.78482613198292,146.4638497587551,0.0,0.0,0.0,0.0,0.0,162.29501888076547,0.0,0.0,0.0,0.0,0.0,-12.71247930142654,0.0,0.0,0.0,0.0,0.0,0.0,0.0,0.0,0.0,0.0,0.0,0.0,0.0,0.0,0.0,0.0,0.0,0.0,-0.10169983441141231,0.0,0.0,5.084991720570616,-1000.0,0.0,0.0,0.0,0.0,345.2631979640885,0.0,0.0,0.0,-805.5183984598933,2.542495860285308,0.0,0.0,316.6893863266124,0.10169983441141231,0.0,101.69983441141231,-31.526948667537816,20.339966882282464,0.7264273886529452,283.7425380078403,-0.07627487580855924,5.084991720570618,2.0339966882282465,-0.5084991720569784,-283.7425380078403,30.509950323423695,-0.10169983441141213,0.0,0.0,0.02542495860285308,0.7264273886529452,0.0,-154.82357614737188,-2.0339966882282465,-365.20892319576257,-0.10169983441141232,0.02542495860285308,-283.7425380078403,802.4258105429752,0.10169983441141213,0.10169983441141231,-162.08144922850155,-138.5210926912238,-740.3610238833596,-0.07627487580855924,30.509950323423695,0.10169983441141232,30.509950323423695,-50.84991720570616,-0.05084991720570616,203.6981558006038,-224.95144946517783,-0.07627487580855924,-0.10169983441141232,-31.526948667537816,0.10169983441141231,10.169983441141232,-2.0339966882282465,214.67976618962518,214.67976618962518,-10.169983441141198,365.20892319576257,-214.67976618962518,20.339966882282464,0.15254975161711848,-1000.0,10.169983441141232,-333.3333333333333,0.0,-20.339966882282464,0.05084991720570616,1.0169983441141233,0.0,182.63498576304792,-0.10169983441141231,-185.17748162333325,162.08144922850155,31.526948667537816,0.10169983441141232,154.82357614737188,-914.295628395529,0.0,-0.10169983441141231,-0.02542495860285308,0.0,-0.10169983441141232,-740.3610238833596,0.10169983441118495,-0.02542495860285308,-0.02542495860285308,-0.02542495860285308,40.67993376456493,50.84991720570616,1.0169983441141233,75.34686481955401,-0.02542495860285308,0.0,5.084991720570616,375.2655036622504,0.10169983441141231,0.05084991720570616,0.05084991720570616,-162.461615540903,31.526948667537816,0.10169983441141231,-31.526948667537816,1.0169983441141233,0.10169983441141232,-75.34686481955401,0.10169983441141232,0.4067993376455661,0.5084991720569784,0.05084991720570616,0.02542495860285308,30.509950323423695,-0.10169983441141232,740.3610238833596,1.0169983441141233,-150.69372963910803,2.5424958602853067,-10.169983441141232,20.339966882282464,5.084991720570616,-0.10169983441141232,0.0,0.15254975161711848,-0.10169983441141232,324.923231081806,31.526948667537816,649.9368800879091,0.05084991720570616,-750.5310073245008,-0.10169983441141232,-0.10169983441118495,-0.10169983441141232,0.05084991720570616,283.7425380078403,-20.339966882282464,0.10169983441141231,0.0,-0.02542495860285308,138.5210926912238,0.0,15.254975161711846,224.95144946517783,-89.14720867632178,283.7425380078403,-0.07627487580855924,185.17748162333325,-182.63498576304792,0.10169983441141232,-0.025424958602853077,5.084991720570616,101.69983441141231,-0.05084991720570616,-0.10169983441141232,0.02542495860285308,1000.0,0.0,999.9491500827943,0.0,-530.1261478115787,0.0,821.8262791833391,-2.2475663404921526,792.255827101834,-939.2259658108495,560.228075681062,-87.01688013401284,0.0,469.61298290542476,265.06307390578934,-280.114037840531,-792.255827101834,1.1237831702460763,-162.29501888076547,-249.65840581329317,0.0,87.01688013401284,-249.65840581329317,-821.8262791833391,862.9759620688634,0.0,1496.5981,bhi
59,0.0,0.0,0.0,0.0,0.0,0.0,0.0,0.0,-0.07563272521208422,0.0,0.0,0.0,0.0,0.0,0.0,0.0,857.1236724138816,-396.63255628547046,0.0,0.0,0.0,0.0,0.0,27.921620420170633,0.0,0.0,0.0,0.0,0.0,-454.0277631197265,0.0,0.0,0.0,0.0,0.0,0.0,0.0,123.29439511440657,0.0,-1000.0,1000.0,0.0,0.0,-403.09590929415515,0.0,0.0,0.0,0.0,0.0,-650.2841790751852,0.0,0.0,0.0,0.0831959977332331,0.0,0.0,0.0,15.126545042416845,0.0,0.0,67.48472526361573,0.0,195.14387298347398,0.0,0.0,0.0,0.0,0.0,1000.0,-493.35016883549946,0.0,0.7563272521208423,0.0,0.0,0.0,0.0,0.0,0.0,0.0,0.0,0.0,0.0,-219.62615620052966,0.0,45.37963512725054,0.0,13.397418818402452,-63.3856559516459,71.49488833696827,0.0,-0.018908181303021056,0.0,0.0,302.84229855659305,22.68981756362527,0.0,22.68981756362527,0.0,443.70922867277744,0.0,0.0,3.781636260604211,-1000.0,0.0,0.0,0.0,0.0,0.0,0.0,0.0,0.0,0.0,0.0,0.0,0.0,0.0,0.0,0.0,0.0,0.0,0.0,0.0,0.0,0.0,-206.0520957953484,0.0,0.0,22.68981756362527,0.0,23.44614481574611,23.44614481574611,0.0,741.9615682061152,-741.9615682061152,0.0,0.0,-528.4873805165325,0.0,0.0,265.8587822694428,0.0,0.0,0.0,0.0,0.0,238.84729486026254,0.07563272521208422,0.0,0.0,0.0,-861.9816184576412,0.0,0.0,0.0,219.62615620052966,0.0,919.0675352382632,0.0,0.0,0.0,0.0,0.0,656.5824806162884,656.5824806162884,0.0,0.0,0.0,0.0,0.0,0.0,0.0,656.6581133415004,0.0,0.0,0.0,0.0,-360.5023200903822,0.0,0.0,0.0,0.0,0.0,0.0,0.0,0.0,0.0,0.0,0.0,0.0,0.0,0.0,-803.576268650636,0.0,0.0,0.0,0.0,0.0,650.2841790751852,0.0,-71.49488833696827,71.49488833696827,0.0,0.0,0.0,0.0,0.0,0.0,0.0,545.9722368802735,-1000.0,0.0,0.0,0.0,0.0,0.0,0.0,0.0,0.0,0.0,0.0,0.0,0.0,0.0,603.3467869609791,-52.31764215669685,-403.09590929415515,0.0,0.0,0.0,262.6285982470897,0.0,0.0,0.0,0.0,0.0,67.48472526361573,0.0,0.0,0.0,129.52108515254042,0.0,0.0,0.0,0.0,0.0,761.1527051397375,0.0,0.0,0.0,857.0102233260634,1000.0,-134.88054428861417,0.0,403.09590929415515,0.0,0.0,262.6285982470897,92.27192475874276,0.0,0.0,0.0,-49.70812255006672,0.0,0.0,-1000.0,0.0,140.30342570577193,-1000.0,0.0,140.30342570577193,0.0,0.0,-404.74178867079286,650.2841790751852,0.0,257.9075929732072,0.0,0.0,0.0,0.0,0.0,0.0,0.0,616.314591435869,0.0,262.6285982470897,0.0,0.0,0.0,0.0,67.48472526361573,-0.11344908781812633,0.0,0.0,0.0,0.0,0.07563272521208422,0.0,0.0,0.0,19.733745947273267,857.1236724138816,0.0,-608.6302804040431,251.42904725926013,360.5023200903822,995.7425547164564,0.0,784.1496668029162,0.0,0.0,0.0,0.0,0.0,721.1479921728547,-1000.0,-505.2976589757709,-845.0345261898705,-1000.0,0.0,0.0,0.0,0.0,0.0,0.0,0.0,0.0,0.0,0.0,0.0,0.0,0.0,0.0,0.0,0.0,129.52108515254042,-260.64392622787875,0.0,-384.24085224313467,219.62615620052966,0.0,758.7173313879068,0.0,0.0,0.0,-1000.0,0.0,443.70922867277744,0.0,0.0,0.0,0.0,0.0,0.0,0.0,0.0,-544.8556352119658,-129.85868898056958,0.0,-324.2017753359156,0.0,-3.7816362606042113,-588.347190181535,-1.8908181303021057,126.07705271996537,0.0,0.0,0.0,1000.0,478.2036001627395,22.68981756362527,0.0,0.0,0.0,0.0,0.0,0.0,0.0,-603.3467869609791,603.3467869609791,603.3467869609791,-580.2238483883352,0.0,0.0,0.0,0.0,0.0,545.9722368802735,0.0,0.0,-100.86431008305334,0.0,0.0,26.947262847168794,0.0,0.0,0.0,0.0,-936.9890781779633,0.15126545042421896,0.0,0.0,0.0,0.0,0.0,0.0,0.0,0.0,0.0,506.64983116450054,0.0,0.0,0.0,0.0,0.0,0.0,0.0,0.0,0.0,0.0831959977332331,0.0831959977332331,0.0,260.99512140457233,0.0,45.37963512725054,0.0,0.0,0.0,1000.0,0.0,0.0,13.397418818402452,0.0,0.0,1000.0,-1000.0,0.0,0.0,943.5437331472409,0.0,0.0,26.947262847168794,0.0,0.0,0.0,0.0,0.0,0.0,0.0,68.6840319317828,-19.733745947273267,861.9816184576412,0.0,19.2211386597329,0.0,302.84229855659305,0.0,0.0,0.0,1000.0,0.0,0.0,63.01092182203672,0.0,0.0,603.3467869609791,0.0,0.0,0.0,0.0,0.0,0.0,0.0,0.0,0.0,0.0,0.0,0.0,0.0,45.37963512725054,262.6285982470897,262.6285982470897,0.0,0.0,0.0,0.0,0.0,0.0,0.0,0.0,0.0,0.0,0.7563272521208423,0.0,0.0,13.397418818402452,-13.397418818402452,0.0,0.0,0.0,0.0,22.68981756362527,-943.5437331472409,0.0,0.0,0.0,0.0,0.0,0.0,0.0,0.0,0.0,147.1292218102789,0.0,0.0,22.68981756362527,22.68981756362527,837.4009827637138,-1000.0,0.0,26.947262847168794,0.0,0.0,0.0,0.0,0.0,845.0345261898705,545.9722368802735,1000.0,0.07563272521208422,0.0,0.0,0.0,6.0992390546030775,359.29856540935214,0.0,-302.84229855659305,0.0,0.0,0.0,0.0,0.0,0.0,0.0,0.0,0.0,0.0,0.0,0.0,0.0,0.0,0.07563272521208422,0.0,0.0,0.0,-934.6090098682398,934.6090098682398,0.0,0.0,0.0,0.0,0.0,202.42656006068427,0.0,0.0,-123.59692601525592,-5.672454390906318,-3.7816362606042113,0.0,0.0,0.0,0.0,0.0,0.0,0.0,0.0,0.0,0.0,0.0,0.0,262.6285982470897,360.5023200903822,0.0,0.0,481.98523642334374,0.0,0.0,0.0,-0.07563272521208422,0.0,0.0,0.07563272521208422,0.0,0.07563272521208422,0.0,0.0,0.0,45.37963512725054,92.27192475874276,92.27192475874276,0.0,0.0,0.0,0.0,0.0,0.0,0.0,861.9816184576412,0.0,545.9722368802735,0.0,0.0,0.0,727.6599698136151,0.0,0.0,0.0,0.0,0.0,0.0,0.0,0.0,0.0,0.0,0.0,0.0,0.0,0.0,0.0,0.0,0.0,0.11344908781812633,0.0,0.0,0.0,-22.68981756362527,0.0,0.0,0.0,0.0,0.0,-260.99512140457233,3.781636260604211,0.0,0.0,0.0,0.0,0.0,1000.0,0.0,0.0,0.0,0.0,0.0,0.0,0.0,0.0,262.6285982470897,0.0,943.5437331472409,1000.0,-342.3516655564068,0.0,-153.1449265847757,359.29856540935214,0.0,0.0,443.70922867277744,-443.70922867277744,219.62615620052966,0.0,0.0,3.7816362606042113,775.2772268933599,0.0,0.0,0.0,-127.65914771985824,0.0,0.0,0.0,0.0,0.0,0.0,0.0,0.0,0.0,266.66757579547857,-278.0124845772912,92.27192475874276,0.0,0.0,0.0,0.0,0.0,0.0,0.0,0.0,0.0,761.1527051397375,0.0,0.0,0.0,-512.7490702191037,0.0,0.0,22.68981756362527,13.397418818402452,0.0,0.0,0.0,-43.52728969696765,0.0,0.0,0.0831959977332331,0.0,0.0,0.0,46.13596237937138,0.0,0.0,0.0,0.0,-52.31764215669685,0.0,0.0,0.0,0.0,0.0,0.0,0.0,0.0,-178.66665111065274,0.0,0.007563272521208423,0.007563272521208423,0.0,0.0,0.0,0.0,0.0,0.0,0.0,0.0,0.0,0.0,0.0,0.0,0.0,0.0,0.0,260.99512140457233,0.0,0.0,0.0,0.0,0.0,0.0,0.0,650.2841790751852,0.0,0.0,0.0,26.794837636804903,1000.0,309.5055561569704,-396.63255628547046,0.0,0.0,0.0,45.37963512725054,0.0,0.0,0.0,0.0,0.0,0.0,-45.37963512725054,0.0,26.794837636804903,0.0,0.0,0.0,0.0,0.0,0.0,0.0,0.0,0.0,0.0,-1000.0,-1000.0,779.4683865838928,0.0,-22.68981756362527,0.0,123.29439511440657,0.0,0.0,0.0,0.0,0.0,0.0,0.0,0.0,0.0,0.0,0.0,0.0,0.0,0.0,0.0,0.0,0.0,-9.45409065151053,262.6285982470897,-5.672454390906318,1000.0,0.0,0.0,0.0,0.0,0.0,376.23522062529236,-377.1806296904434,320.49046628358303,0.0,0.0,0.0,0.0,0.0,0.0,0.0,1000.0,22.68981756362527,22.68981756362527,0.0,0.0,0.0,0.0,0.0,0.0831959977332331,260.99512140457233,0.0,0.0,-123.29439511440657,0.0,0.0,0.0,0.0,0.0,0.0,0.0,0.0,0.0,0.0,0.0,0.0,0.0,0.0,0.0,0.0,0.0,23.44614481574611,0.0,79.41436147268844,0.0,0.0,19.2211386597329,0.0,0.0,0.0,260.99512140457233,0.0,-245.0643048726974,0.0,0.0,0.0,-9.45409065151053,0.0,0.0,0.0,0.0,0.0,0.0,0.0,0.0,0.0,0.0,0.0,0.0,0.0,0.0,0.0,0.0,0.0,0.0,-0.07563272521208422,0.0,0.0,3.781636260604211,-1000.0,0.0,0.0,0.0,0.0,262.6285982470897,0.0,0.0,0.0,-721.1479921728547,1.8908181303021057,0.0,0.0,0.0,0.07563272521208422,0.0,75.63272521208422,0.0,15.126545042416845,0.5402337515148873,257.9075929732072,-0.05672454390906317,3.7816362606042113,1.5126545042416846,-0.3781636260614363,-257.9075929732072,22.68981756362527,-0.07563272521208422,0.0,26.947262847168794,0.018908181303021056,0.5402337515148873,0.0,-25.438148672167728,-1.5126545042416846,-460.4911161284112,-0.07563272521208422,0.018908181303021056,-257.9075929732072,7.563272521208423,0.07563272521208422,0.07563272521208422,-260.836292681627,-13.314222820669158,-577.6905127686111,-0.05672454390906317,22.68981756362527,0.07563272521208422,22.68981756362527,-37.81636260604211,-0.03781636260604211,-341.37702246965205,-7.6389052464205065,-0.05672454390906317,-0.07563272521208422,0.0,0.07563272521208422,7.563272521208423,-1.5126545042416846,0.0,0.0,-7.563272521208423,460.4911161284112,0.0,15.126545042416845,0.11344908781812633,-20.392035812644735,7.563272521208423,-68.6840319317828,26.947262847168794,-15.126545042416845,0.03781636260604211,0.7563272521208423,152.15757010101078,-327.2251205139899,-0.07563272521208422,-278.0124845772912,260.836292681627,23.44614481574611,0.07563272521208422,25.438148672167728,-63.81200740733209,26.947262847168794,-0.07563272521208422,-0.018908181303021056,-26.947262847168794,-0.07563272521208422,-936.9890781779633,0.07563272521208422,-0.018908181303021056,-0.018908181303021056,-0.018908181303021056,30.25309008483369,37.81636260604211,0.7563272521208423,56.03439529150296,-0.018908181303021056,304.31514020202155,3.7816362606042113,472.27617534958586,0.07563272521208422,0.03781636260604211,0.03781636260604211,-110.27739517875204,0.0,0.07563272521208422,0.0,0.7563272521208423,0.07563272521208422,-56.03439529150296,0.07563272521208422,0.3025309008493506,0.3781636260614363,0.03781636260604211,0.018908181303021056,22.68981756362527,-0.07563272521208422,577.6905127686111,0.7563272521208423,-112.06879058300592,1.8908181303021068,-7.563272521208423,15.126545042416845,3.7816362606042113,-0.07563272521208422,0.0,0.11344908781812633,-0.07563272521208422,220.5547903575041,0.0,304.77843771583105,0.03781636260604211,-944.5523506991717,-0.07563272521208422,-0.07563272521208422,-0.07563272521208422,0.03781636260604211,257.9075929732072,-15.126545042416845,0.07563272521208422,304.31514020202155,-0.018908181303021056,13.314222820669158,-304.31514020202155,11.344908781812633,7.6389052464205065,-335.81571820664107,257.9075929732072,-0.05672454390906317,278.0124845772912,327.2251205139899,0.07563272521208422,-0.018908181303021056,3.7816362606042113,75.63272521208422,-0.03781636260604211,-0.07563272521208422,0.018908181303021056,1000.0,0.0,20.354219450038695,0.0,-740.2350062674354,0.0,64.48811558276168,357.6270821821651,0.0,-1000.0,205.79873793656623,1000.0,0.0,500.0,370.1175031337177,-102.89936896828311,0.0,-178.81354109108256,-260.99512140457233,-261.2511480188634,0.0,-1000.0,-261.2511480188634,-64.48811558276168,60.368425234442675,0.0,1496.5981,bhi
60,0.0,0.0,0.0,0.0,0.0,0.0,0.0,0.0,236.12826964049896,0.0,0.0,0.0,0.0,0.0,0.0,0.0,-680.498676658134,591.3330519789827,0.0,0.0,0.0,0.0,0.0,0.0,0.0,0.0,0.0,0.0,0.0,-256.7850474100991,0.0,0.0,54.4145861111836,0.0,0.0,0.0,0.0,-0.2430803681708653,0.0,-1000.0,399.0497897919452,0.0,0.0,0.0,0.0,0.0,0.0,0.0,0.0,0.0,0.0,-937.283724068233,0.0,0.06684710124663976,0.0,0.0,0.0,12.154018408508284,0.0,0.0,-5.351819439213477,0.0,5.351819439213477,0.0,0.0,0.0,0.0,0.0,0.0,0.0,0.0,0.6077009204254142,0.0,0.0,0.0,0.0,0.0,0.0,0.0,0.0,0.0,0.0,-733.8831368434594,0.0,36.46205522552485,0.0,0.0,-551.170690857226,205.2200187679756,270.1497942602465,0.0,0.0,0.0,0.0,18.231027612762425,0.0,126.84993625608632,-190.93097197320276,0.0,0.0,0.0,272.79491171846416,-256.7850474100991,0.0,0.0,-261.6500355899459,0.0,121.57767561409833,0.0,0.0,0.0,0.0,0.0,0.0,0.0,0.0,0.0,0.0,0.0,0.0,0.0,0.0,0.0,0.0,-43.60833926499098,0.0,0.0,126.84993625608632,0.0,18.838728533187837,0.0,0.0,368.7320708264931,-368.7320708264931,0.0,0.0,0.0,0.0,0.0,0.0,0.0,0.0,0.0,0.0,0.0,738.5624339307351,0.06077009204254141,0.015192523010635355,0.0,0.0,-305.24376120647025,0.0,0.0,0.0,733.8831368434594,0.0,892.9958290229445,0.0,0.0,0.0,0.0,0.0,449.63793435612996,449.63793435612996,0.0,0.0,0.0,0.0,0.0,0.0,0.0,449.6987044481725,0.0,0.0,0.0,943.6097423743706,0.0,0.0,0.0,0.0,0.0,0.0,0.0,0.0,0.0,0.0,-221.18134711444156,0.0,0.0,0.0,0.0,-1000.0,0.0,0.0,0.0,0.0,0.0,0.0,937.283724068233,-205.2200187679756,205.2200187679756,0.0,0.0,0.0,0.0,0.0,0.0,0.0,0.0,-148.59592098370047,0.0,0.0,0.0,0.0,0.0,0.0,0.0,0.0,0.0,0.0,0.0,0.0,0.0,861.5552555095213,-561.8292933331893,0.0,0.0,0.0,0.0,0.0,0.0,0.0,0.0,0.0,0.0,-5.351819439213477,0.0,0.0,0.0,0.0,0.0,0.0,0.0,0.0,0.0,593.6081722432936,0.0,108.61890864332389,0.0,-410.4400375359512,0.0,180.89301444303146,0.0,0.0,0.0,0.0,0.0,-451.2800201320678,0.0,0.0,0.0,-6.12461244302097,0.0,0.0,-360.0784030827824,0.0,-392.8241027633533,322.47926007940976,-682.5576631621922,289.73356039883885,0.0,0.0,0.0,0.0,0.0,169.54855679869053,0.0,0.0,0.0,95.71039440488741,0.0,-95.71039440488741,0.0,449.5771642640874,0.0,0.0,0.0,0.0,0.0,0.0,-5.351819439213477,-0.09115513806381212,0.0,0.0,0.0,0.0,0.06077009204254141,0.0,0.0,0.0,279.5418915006202,-680.498676658134,0.0,-174.43335705996392,-547.9902801739545,0.0,525.8997260480315,0.0,920.4540758853269,0.0,-261.6500355899459,0.0,0.0,0.0,0.0,-920.4540758853269,0.0,0.0,-1000.0,0.0,0.0,0.0,0.0,0.0,0.0,0.0,0.0,0.0,0.0,0.0,0.0,0.0,0.0,0.0,0.0,0.0,-1000.0,0.0,-1000.0,733.8831368434594,0.0,782.5823472527263,0.0,0.0,0.0,-1000.0,0.0,0.0,0.0,0.0,269.7564071163371,0.0,-32.45476499737745,862.0832918397044,0.0,920.4540758853269,-1000.0,-3.038504602127071,-87.05923386014467,0.0,32.45476499737745,-1000.0,0.0,-1.5192523010635355,0.0,136.51434955789534,0.0,0.0,0.0,-39.50055982765192,126.84993625608632,0.0,0.0,0.0,1000.0,0.0,236.1890397325415,0.0,-861.5552555095213,861.5552555095213,861.5552555095213,107.46785962420569,0.0,0.0,0.0,0.0,0.0,0.0,0.0,0.0,-10.703638878426954,0.0,0.0,0.0,0.0,0.0,0.0,0.0,-993.9229907957458,0.12154018408501546,0.0,0.0,0.0,0.0,0.0,0.0,0.0,0.0,0.0,0.0,0.0,0.0,0.0,0.0,0.0,0.0,0.0,0.0,0.0,0.06684710124663976,0.06684710124663976,0.0,0.0,0.0,36.46205522552485,0.0,0.0,0.0,1000.0,0.0,617.1613848072501,0.0,0.0,0.0,1000.0,-1000.0,0.0,0.0,268.21779901641446,0.0,0.0,0.0,0.0,0.0,0.0,0.0,0.0,0.0,0.0,14.536113088330326,-279.5418915006202,305.24376120647025,0.0,4.679297087275689,0.0,0.0,0.0,0.0,0.0,1000.0,0.0,6.077009204254142,0.0,0.0,0.0,861.5552555095213,0.0,0.0,0.0,0.0,0.0,0.0,0.0,0.0,0.0,0.0,0.0,0.0,0.0,36.46205522552485,0.0,0.0,0.0,0.0,0.0,0.0,0.0,0.0,0.0,0.0,0.0,0.0,0.6077009204254142,0.0,0.0,0.0,0.0,0.0,937.283724068233,0.0,0.0,126.84993625608632,-268.21779901641446,0.0,0.0,0.0,0.0,0.0,0.0,0.0,0.0,0.0,0.0,631.2679291735069,0.0,18.231027612762425,18.231027612762425,-565.9105977236552,-1000.0,0.0,0.0,0.0,0.0,0.0,0.0,0.0,85.31149843372168,0.0,92.19573702727442,0.06077009204254141,0.0,0.0,0.0,80.25558798389629,142.0281575572319,0.0,0.0,0.0,0.0,0.0,0.0,0.0,0.0,0.0,0.0,0.0,0.0,0.0,0.0,0.0,0.0,0.06077009204254141,0.0,0.0,0.0,154.61079697077136,-154.61079697077136,0.0,0.0,0.0,0.0,0.0,1000.0,0.0,-342.417652747274,-875.0,-4.557756903190607,0.0,-3.038504602127071,0.0,937.5,937.5,-937.5,0.0,0.0,0.0,0.0,0.0,0.0,0.0,0.0,0.0,0.0,0.0,-36.46205522552485,0.0,0.0,0.0,236.12826964049896,0.0,0.0,0.06077009204254141,0.0,0.06077009204254141,0.0,0.0,0.0,36.46205522552485,74.13951229190053,74.13951229190053,0.0,0.0,0.0,0.0,0.0,0.0,0.0,305.24376120647025,0.0,0.0,0.0,0.0,5.232304924862659,0.0,0.0,0.0,0.0,0.0,0.0,0.0,0.0,0.0,0.0,0.0,0.0,0.0,0.0,0.0,0.0,0.0,0.0,0.09115513806381212,0.0,0.0,0.0,-126.84993625608632,0.0,0.0,0.0,0.0,0.0,0.0,3.038504602127071,0.0,0.0,0.0,0.0,0.0,780.3659082486528,-3.038504602127071,0.0,0.0,0.0,0.0,0.0,0.0,0.0,0.0,0.0,268.21779901641446,1000.0,-861.5552555095213,0.0,-706.910257202038,-119.62187803271397,875.0,-219.63409175134723,342.417652747274,-997.7835609959266,733.8831368434594,-525.4195324239683,0.0,3.038504602127071,1000.0,0.0,0.0,0.0,-10.703638878426954,0.0,0.0,0.0,0.0,0.0,-332.17060617402865,0.0,0.0,0.0,212.06583330806052,0.0,74.13951229190053,0.0,0.0,0.0,0.0,0.0,0.0,0.0,0.0,0.0,593.6081722432936,0.0,0.0,13.673270709571625,-80.25558798389629,11.974299937562872,0.0,18.231027612762425,0.0,0.0,0.0,0.0,-294.0562059290202,0.0,0.0,0.06684710124663976,0.0,0.0,0.0,37.069756145950265,0.0,0.0,0.0,0.0,-561.8292933331893,0.0,0.0,0.0,0.0,0.0,0.0,0.0,0.0,0.0,0.0,0.006077009204254315,0.006077009204254315,0.0,0.0,0.0,0.0,0.0,0.0,0.0,0.0,0.0,0.0,0.0,0.0,0.0,0.0,0.0,0.0,0.0,0.0,0.0,0.0,0.0,0.0,0.0,0.0,0.0,0.0,0.0,0.0,0.0,-423.7136292480348,591.3330519789827,0.0,0.0,0.0,36.46205522552485,0.0,0.0,0.0,0.0,0.0,963.5379447744751,-1000.0,0.0,0.0,0.0,0.0,0.0,0.0,0.0,0.0,0.0,0.0,0.0,0.0,-92.19573702727442,-171.4735489763774,46.859817974003526,0.0,-126.84993625608632,0.0,-0.2430803681708653,0.0,0.0,0.0,0.0,0.0,0.0,0.0,0.0,0.0,0.0,0.0,0.0,0.0,0.0,0.0,0.0,0.0,-7.596261505317678,0.0,-274.31416401952765,0.674548021672054,0.0,0.0,0.0,0.0,0.0,-0.7596261505317677,0.0,744.5867757218864,0.0,0.0,0.0,0.0,0.0,0.0,0.0,1000.0,18.231027612762425,18.231027612762425,0.0,0.0,0.0,0.0,0.0,0.06684710124663976,0.0,0.0,0.0,0.2430803681708653,0.0,0.0,0.0,0.0,0.0,0.0,0.0,0.0,0.0,0.0,0.0,0.0,0.0,0.0,0.0,0.0,0.0,0.0,0.0,63.808596644668484,4.679297087275689,0.0,0.0,0.0,0.0,0.0,0.0,0.0,-188.71453296912944,0.0,0.0,0.0,-7.596261505317678,0.0,0.0,0.0,0.0,0.0,0.0,0.0,0.0,0.0,0.0,0.0,0.0,0.0,0.0,0.0,0.0,0.0,0.0,-0.06077009204254141,0.0,0.0,3.038504602127071,-1000.0,0.0,0.0,0.0,0.0,0.0,0.0,0.0,0.0,0.0,1.5192523010635355,0.0,0.0,0.0,0.06077009204254141,0.0,60.770092042541414,-18.838728533187837,12.154018408508284,0.434072086018153,169.54855679869053,-0.04557756903190606,137.91670816029557,1.2154018408508285,-0.30385046021346357,-169.54855679869053,18.231027612762425,-0.06077009204254142,87.21667852998196,0.0,0.015192523010635355,0.434072086018153,-261.6500355899459,-9.674598653172987,-1.2154018408508285,89.16562467915128,-0.06077009204254142,0.015192523010635355,-169.54855679869053,567.5038506372184,0.06077009204254142,0.06077009204254141,0.12761719328918117,0.06684710124679573,-383.0093481698058,-0.04557756903190606,18.231027612762425,0.06077009204254142,126.84993625608632,78.23386262205318,-0.03038504602127071,13.313590326753113,-6.137779296296683,-0.04557756903190606,-0.06077009204254141,-18.838728533187837,0.06077009204254141,6.077009204254142,-1.2154018408508285,0.0,0.0,-6.077009204254182,-89.16562467915128,0.0,12.154018408508284,0.09115513806381212,0.0,6.077009204254142,-14.536113088330326,0.0,-12.154018408508284,0.03038504602127071,0.6077009204254142,43.60833926499098,-849.4012371010131,-0.06077009204254141,-13.673270709571625,-0.12761719328918117,18.838728533187837,0.06077009204254142,9.674598653172987,-742.9698605273377,0.0,-0.06077009204254141,-0.015192523010635355,0.0,-0.06077009204254142,-993.9229907957458,0.06077009204254142,-0.015192523010635355,-0.015192523010635355,-0.015192523010635355,24.308036817016568,-78.23386262205318,0.6077009204254142,45.02304194201879,-0.015192523010635355,0.0,3.038504602127071,500.0,0.06077009204254141,0.03038504602127071,0.03038504602127071,6.077009204254142,18.838728533187837,0.06077009204254141,-18.838728533187837,0.6077009204254142,0.06077009204254142,-45.02304194201879,0.06077009204254142,0.2430803681708653,0.30385046021346357,0.03038504602127071,0.015192523010635355,18.231027612762425,-0.06077009204254142,383.0093481698058,0.6077009204254142,-90.04608388403759,136.39745585923208,-6.077009204254142,12.154018408508284,3.038504602127071,-0.06077009204254142,261.6500355899459,0.09115513806381212,-0.06077009204254142,-12.154018408508284,18.838728533187837,436.41726786909584,0.03038504602127071,-1000.0,-0.06077009204254142,-0.06077009204254142,-0.06077009204254136,0.030385046021270706,169.54855679869053,-12.154018408508284,0.06077009204254141,87.21667852998196,-0.015192523010635355,-0.06684710124679573,-87.21667852998196,9.115513806381212,6.137779296296683,-996.8458686060483,169.54855679869053,-0.04557756903190606,13.673270709571625,849.4012371010131,0.06077009204254142,-0.015192523010635395,3.038504602127071,60.770092042541414,-0.03038504602127071,-0.06077009204254142,0.015192523010635355,1000.0,0.0,-270.18017930626775,0.0,-1000.0,0.0,326.7516994656291,-175.37948317803762,561.4268414329642,-63.666905904428745,-1000.0,1000.0,-270.1497942602465,31.833452952214373,500.0,500.0,-561.4268414329642,87.68974158901881,0.0,-142.36106194007561,270.1497942602465,-1000.0,-142.36106194007561,-326.7516994656291,531.8222753943563,0.0,1496.5981,bhi
61,0.0,0.0,0.0,0.0,0.0,0.0,0.0,0.0,-0.22282190994649834,0.0,0.0,0.0,0.0,0.0,0.0,0.0,-817.1510866763185,883.6541490334803,0.0,0.0,0.0,0.0,0.0,0.0,0.0,0.0,0.0,0.0,0.0,7.511387390821221,0.0,0.0,183.7396819106159,0.0,0.0,0.0,0.0,-31.84867832835279,0.0,-1000.0,-567.1603688067919,0.0,0.0,0.0,0.0,0.0,0.0,0.0,809.6396992854973,-298.95635472995696,0.0,0.0,0.0,0.2451041009417172,0.0,0.0,0.0,0.0,0.0,0.0,-19.6231828692877,0.0,0.0,-19.6231828692877,0.0,0.0,0.0,0.0,280.82935452602385,-280.82935452602385,0.0,2.2282190994649835,0.0,0.0,0.0,0.0,0.0,0.0,0.0,564.7883772169183,0.0,0.0,0.0,0.0,133.693145967899,0.0,0.0,0.0,0.0,585.3113548142775,-0.055705477486624584,0.0,0.0,0.0,66.8465729839495,0.0,66.8465729839495,-7.174865500276111,0.0,0.0,0.0,11.141095497324917,7.511387390821221,0.0,0.0,-362.84879619994837,0.0,0.0,0.0,0.0,0.0,0.0,0.0,0.0,0.0,0.0,0.0,0.0,0.0,0.0,0.0,0.0,0.0,0.0,-1000.0,0.0,0.0,66.8465729839495,0.0,69.07479208341448,0.0,0.0,0.0,0.0,0.0,0.0,0.0,0.0,0.0,0.0,0.0,0.0,0.0,0.0,0.0,17.15728706588027,0.22282190994649834,0.0,0.0,0.0,0.0,-465.20307929631497,0.0,0.0,0.0,0.0,1000.0,0.0,0.0,0.0,0.0,0.0,582.4559798870256,582.4559798870256,0.0,0.0,0.0,937.5,520.3742075381824,0.0,0.0,582.678801796972,0.0,0.0,0.0,-514.1754032537369,-794.5676869944452,0.0,0.0,0.0,0.0,0.0,0.0,0.0,0.0,0.0,0.0,0.0,0.0,0.0,0.0,-1000.0,0.0,0.0,0.0,0.0,0.0,298.95635472995696,0.0,-232.17396472696078,232.17396472696078,0.0,0.0,0.0,0.0,0.0,0.0,0.0,0.0,-616.4504893919014,0.0,0.0,0.0,0.0,0.0,0.0,0.0,0.0,0.0,0.0,0.0,0.0,0.0,104.31600587912988,-9.908258209016367,0.0,0.0,0.0,0.0,0.0,458.9250780536674,0.0,0.0,0.0,0.0,-19.6231828692877,0.0,0.0,0.0,0.0,0.0,0.0,0.0,0.0,0.0,0.0,44.56438198929967,0.0,0.0,-232.17396472696078,0.0,577.4657345585365,0.0,0.0,0.0,0.0,0.0,-665.4491494590932,0.0,0.0,0.0,127.02144254087085,0.0,0.0,-334.15747474124606,0.0,0.0,-334.1574747412467,0.0,0.0,-232.17396472696078,0.0,-158.15951497897777,298.95635472995696,0.0,162.74805069706287,0.0,0.0,0.0,0.0,0.0,0.0,0.0,906.6831398263521,0.0,0.0,0.0,937.5,0.0,0.0,-19.6231828692877,-0.3342328649197475,0.0,0.0,0.0,0.0,0.22282190994649834,0.0,0.0,0.0,474.2283489623831,-817.1510866763185,0.0,-328.59937557066075,592.6886703472301,794.5676869944452,-500.3137958228424,0.0,0.0,0.0,-362.84879619994837,0.0,0.0,0.0,622.9357953708495,-405.82935452602305,-217.10644084482647,192.3841096252328,-1000.0,0.0,0.0,0.0,0.0,0.0,0.0,0.0,0.0,0.0,0.0,0.0,0.0,0.0,0.0,0.0,0.0,0.0,592.4666895606085,0.0,623.4240802491756,0.0,0.0,0.0,0.0,0.0,0.0,-17.157287065880155,0.0,0.0,0.0,0.0,0.0,-875.0000000000008,0.0,0.0,-1000.0,1000.0,420.42231248982,0.0,0.0,-725.0440227153771,0.0,-11.141095497324898,163.9325287965289,994.4294522513376,-11.141095497324917,-778.2005518704602,0.0,0.0,1000.0,-144.83424146522393,66.8465729839495,875.0000000000003,-875.0000000000003,0.0,0.0,0.0,0.0,0.0,-104.31600587912988,104.31600587912988,104.31600587912988,-681.7155857893513,0.0,0.0,-324.449981849273,0.0,0.0,0.0,0.0,0.0,-39.2463657385754,0.0,875.0,0.0,0.0,0.0,0.0,0.0,-541.9579104892808,0.4456438198926662,0.0,0.0,0.0,0.0,0.0,0.0,0.0,0.0,0.0,0.0,0.0,0.0,0.0,0.0,0.0,0.0,0.0,0.0,0.0,0.2451041009417172,0.2451041009417172,0.0,24.24587943685977,0.0,133.693145967899,0.0,0.0,0.0,-588.0106449533984,0.0,0.0,0.0,0.0,0.0,1000.0,588.0106449533984,0.0,0.0,0.0,0.0,0.0,0.0,0.0,0.0,0.0,0.0,0.0,0.0,0.0,333.3333333333333,-474.2283489623831,465.20307929631497,0.0,17.15728706588027,0.0,0.0,0.0,-458.9250780536674,0.0,1000.0,0.0,0.0,458.04208951071917,-375.0000000000001,375.0000000000001,104.31600587912988,0.0,0.0,0.0,0.0,0.0,0.0,0.0,0.0,0.0,0.0,0.0,0.0,0.0,133.693145967899,0.0,0.0,0.0,0.0,0.0,0.0,0.0,0.0,0.0,0.0,0.0,0.0,2.2282190994649835,0.0,0.0,0.0,0.0,0.0,0.0,0.0,0.0,66.8465729839495,0.0,0.0,0.0,0.0,0.0,0.0,0.0,0.0,0.0,0.0,-361.007636409394,519.4288246368673,0.0,66.8465729839495,66.8465729839495,1000.0,588.0106449533984,0.0,0.0,0.0,0.0,0.0,0.0,0.0,-199.89549701605404,0.0,-25.175310952636714,0.22282190994649834,0.0,0.0,-312.5000000000001,606.7681637857721,0.0,0.0,0.0,0.0,0.0,0.0,0.0,0.0,0.0,0.0,0.0,0.0,0.0,0.0,0.0,0.0,0.0,0.22282190994649834,0.0,0.0,0.0,529.380132081545,-529.380132081545,0.0,0.0,0.0,0.0,0.0,839.9283201925052,0.0,-826.1282165698183,0.0,-16.71164324598734,-0.9857760453308746,-10.155319451994043,0.0,0.0,0.0,0.0,0.0,0.0,0.0,0.0,0.0,0.0,0.0,0.0,794.5676869944452,0.0,0.0,-133.693145967899,0.0,0.0,0.0,-0.22282190994649834,0.0,0.0,0.22282190994649834,0.0,0.22282190994649834,0.0,0.0,0.0,133.693145967899,271.84273013472796,271.84273013472796,0.0,0.0,0.0,0.0,0.0,0.0,0.0,465.20307929631497,0.0,0.0,0.0,0.0,0.0,642.1207618172436,0.0,0.0,0.0,0.0,0.0,0.0,0.0,0.0,0.0,0.0,0.0,0.0,0.0,458.9250780536674,0.0,0.0,0.0,0.3342328649197475,0.0,0.0,0.0,-66.8465729839495,0.0,0.0,0.0,0.0,0.0,-24.24587943685977,11.141095497324917,0.0,0.0,0.0,-937.5,-520.3742075381824,0.0,-10.155319451994043,0.0,875.0,0.0,0.0,0.0,0.0,0.0,0.0,0.0,0.0,-300.5038898261942,-80.07012644227011,0.0,411.40224935141083,-362.84879619994837,30.957390688567102,-17.157287065880155,826.1282165698183,-839.9283201925052,0.0,-937.2918795938211,0.0,11.141095497324917,133.98036480193764,0.0,0.0,0.0,-39.2463657385754,0.0,0.0,0.0,0.0,0.0,0.0,0.0,0.0,0.0,40.95752268284711,-74.38080917482188,271.84273013472796,0.0,0.0,0.0,0.0,0.0,0.0,0.0,0.0,0.0,0.0,0.0,0.0,0.0,-294.268163785772,808.4360518928486,0.0,66.8465729839495,0.0,0.0,0.0,0.0,-57.65542222115547,0.0,0.0,0.2451041009417172,0.0,0.0,0.0,135.92136506736398,0.0,0.0,0.0,0.0,-9.908258209016367,0.0,0.0,0.0,0.0,0.0,0.0,0.0,0.0,0.0,0.0,42.40273991594457,0.022282190994649835,0.0,0.0,0.0,0.0,0.0,0.0,0.0,0.0,0.0,-312.50000000000006,0.0,0.0,0.0,0.0,0.0,24.24587943685977,0.0,0.0,0.0,0.0,0.0,0.0,0.0,298.95635472995696,0.0,0.0,0.0,0.0,0.0,-982.8219890461177,883.6541490334803,0.0,0.0,0.0,133.693145967899,0.0,0.0,0.0,0.0,0.0,-133.693145967899,0.0,0.0,0.0,0.0,0.0,0.0,0.0,0.0,0.0,0.0,0.0,0.0,0.0,25.175310952636714,0.0,794.753770130595,-1000.0,933.1534270160505,0.0,-31.84867832835279,0.0,0.0,0.0,0.0,0.0,0.0,0.0,0.0,0.0,0.0,0.0,0.0,0.0,0.0,0.0,0.0,0.0,-27.852738743312255,0.0,-16.71164324598734,699.7899277460781,0.0,0.0,0.0,0.0,0.0,0.0,-2.7852738743312293,39.2463657385754,0.0,0.0,0.0,0.0,0.0,0.0,0.0,1000.0,66.8465729839495,66.84657298394951,0.0,0.0,0.0,0.0,564.7883772169183,0.2451041009417172,24.24587943685977,0.0,0.0,31.84867832835279,42.380457724949956,0.0,0.0,0.0,0.0,0.0,0.0,0.0,0.0,0.0,0.0,0.0,0.0,0.0,0.0,0.0,0.0,0.0,0.0,233.96300544382325,17.15728706588027,0.0,0.0,0.0,0.0,0.0,24.24587943685977,0.0,-8.160641545606985,0.0,0.0,0.0,-27.852738743312255,0.0,0.0,0.0,0.0,0.0,0.0,0.0,0.0,0.0,0.0,0.0,0.0,0.0,0.0,0.0,0.0,0.0,0.0,-0.22282190994649834,0.0,0.0,11.141095497324917,-1000.0,0.0,0.0,0.0,0.0,0.0,0.0,0.0,0.0,-622.9357953708495,5.57054774866242,0.0,0.0,0.0,0.22282190994649834,0.0,222.82190994649832,-69.07479208341448,44.564381989299676,1.5915850710464166,621.6731287507303,-0.16711643245987376,11.1410954973249,4.456438198929967,-1.114109549732186,-621.6731287507303,66.84657298394951,-0.22282190994649834,120.94959873331612,0.0,0.055705477486624584,1.5915850710464168,-362.84879619994837,-35.47324806348118,-4.456438198929967,-66.50306235716175,-0.22282190994649834,0.055705477486624584,-621.6731287507303,259.43148724050644,0.22282190994649834,0.22282190994649834,-23.777953425971553,0.2451041009411128,0.0,-0.16711643245987376,66.8465729839495,0.22282190994649834,66.8465729839495,-111.41095497324918,-0.11141095497324917,-274.30240760010327,-481.43009095826375,-0.16711643245987376,-0.22282190994649834,-69.07479208341448,0.22282190994649834,22.282190994649824,-4.456438198929967,458.9250780536674,458.9250780536674,-22.282190994649852,66.50306235716175,-458.9250780536674,44.56438198929967,0.3342328649197475,-566.8077578437476,22.282190994649834,-333.3333333333333,0.0,-44.56438198929967,0.11141095497324917,2.228219099464984,82.14984389266519,-35.50574445297044,-0.22282190994649834,-74.38080917482188,23.777953425971553,69.07479208341448,0.22282190994649834,35.47324806348118,-504.5355881816545,0.0,-0.22282190994649834,-0.055705477486624584,0.0,-0.22282190994649834,-541.9579104892808,0.22282190994712361,-0.055705477486624584,-0.055705477486624584,-0.055705477486624584,89.12876397859934,111.41095497324918,2.228219099464984,165.08318253160695,-0.055705477486624584,43.350089052014255,11.141095497324917,282.1200507419653,0.22282190994649834,0.11141095497324917,0.11141095497324917,22.282190994649834,69.07479208341448,0.22282190994649834,-69.07479208341448,2.2282190994649835,0.22282190994649834,-165.08318253160695,0.22282190994649834,0.891287639785638,1.114109549732186,0.11141095497324917,0.055705477486624584,66.8465729839495,-0.22282190994649834,0.0,2.2282190994649835,-330.1663650632139,5.57054774866244,-22.282190994649824,44.56438198929967,11.141095497324917,-0.22282190994649834,362.84879619994837,0.3342328649197475,-0.22282190994649834,-44.56438198929967,69.07479208341448,569.2264234168064,0.11141095497324917,-564.2401014839306,-0.22282190994649834,-0.22282190994712361,-0.22282190994649834,0.11141095497324917,621.6731287507303,-44.56438198929967,0.22282190994649834,164.29968778533038,-0.055705477486624584,-0.2451041009411128,-164.29968778533038,33.42328649197475,481.43009095826375,-581.2328947543158,621.6731287507303,-0.16711643245987376,74.38080917482188,35.50574445297044,0.22282190994649834,-0.05570547748662459,11.141095497324917,222.82190994649832,-0.11141095497324917,-0.22282190994649834,0.055705477486624584,558.6203416962071,0.0,213.5589568014577,0.0,-1000.0,0.0,920.7794942304171,-551.5128423203824,237.1492962458566,-907.7892106844167,1000.0,9.23644795560449,-353.13739008731665,453.89460534220837,500.0,-500.0,-237.1492962458566,275.7564211601912,-24.24587943685977,-511.57100119565087,353.13739008731665,-9.23644795560449,-511.57100119565087,-920.7794942304171,701.5164457087109,0.0,1496.5981,bhi
62,0.0,0.0,0.0,0.0,0.0,0.0,0.0,0.0,-0.1799856848854127,0.0,0.0,0.0,0.0,0.0,0.0,0.0,-261.1088789167888,913.3366614664274,0.0,0.0,0.0,0.0,0.0,959.4462893029679,0.0,0.0,0.0,0.0,0.0,-546.2413007858157,0.0,0.0,481.80151950453234,0.0,0.0,0.0,0.0,116.20271651451246,0.0,-1000.0,-104.62984714416916,0.0,0.0,0.0,0.0,0.0,0.0,0.0,0.0,-305.12900093286646,0.0,0.0,0.0,0.19798425337381226,0.0,0.0,0.0,0.0,0.0,0.0,42.85000697250531,0.0,1000.0,866.7477681082614,0.0,0.0,0.0,0.0,880.8001223429185,-118.49693147480389,0.0,1.7998568488541273,0.0,0.0,0.0,0.0,0.0,0.0,0.0,0.0,0.0,0.0,206.42495574886033,0.0,107.99141093124763,0.0,0.0,387.83593697780435,-413.9850473446406,801.8209843224449,331.7815886403257,0.0,0.0,0.0,53.995705465623814,0.0,203.9681605529023,0.0,0.0,0.0,206.42495574886033,8.999284244270635,-990.4494490329498,0.0,0.0,-461.2169264432039,0.0,0.0,0.0,0.0,0.0,0.0,0.0,0.0,0.0,0.0,0.0,0.0,0.0,0.0,0.0,0.0,0.0,0.0,-461.5578075607904,0.0,0.0,203.9681605529023,0.0,55.79556231447795,0.0,0.0,16.241921045884396,915.9709899473198,-932.2129109932042,932.2129109932042,-176.10223886424387,0.0,0.0,0.0,0.0,0.0,0.0,0.0,0.0,-192.56605801268353,0.1799856848854127,331.82658506154706,0.0,0.0,-1000.0,1000.0,0.0,0.0,0.0,0.0,1000.0,0.0,0.0,0.0,0.0,0.0,999.8200143151146,999.8200143151146,0.0,0.0,0.0,0.0,1000.0,0.0,0.0,1000.0,0.0,0.0,0.0,232.9713814901229,-1000.0,0.0,0.0,0.0,0.0,0.0,0.0,0.0,0.0,0.0,0.0,0.0,0.0,0.0,0.0,-1000.0,0.0,0.0,0.0,0.0,0.0,305.12900093286646,0.0,-387.83593697780435,387.83593697780435,176.10223886424387,0.0,0.0,0.0,0.0,0.0,0.0,444.2081482471341,-1000.0,0.0,0.0,0.0,0.0,0.0,0.0,0.0,0.0,0.0,0.0,0.0,0.0,0.0,0.0,-236.6641728289731,807.3501797026045,0.0,0.0,0.0,0.0,16.24192104588434,0.0,0.0,0.0,0.0,42.85000697250531,807.3501797026045,0.0,0.0,0.0,0.0,0.0,0.0,0.0,0.0,602.657958593211,35.99713697708254,149.9724550872785,0.0,0.0,-26.149110366836226,0.0,0.0,-807.3501797026045,0.0,0.0,176.10223886424387,-196.5469399674061,0.0,0.0,0.0,-146.37987722025014,0.0,0.0,0.0,-685.3191938627585,-372.50799403828194,685.3191938627585,0.0,312.8111998244766,-801.8209843224449,0.0,137.6647875108187,305.12900093286646,0.0,309.8159009201733,0.0,0.0,0.0,0.0,0.0,0.0,0.0,1000.0,0.0,0.0,-268.87276653307566,0.0,0.0,0.0,42.85000697250531,-0.26997852732811906,0.0,0.0,0.0,0.0,0.1799856848854127,0.0,0.0,0.0,1.029720943758576,-261.1088789167888,0.0,-307.47795096213594,-610.5348891877915,1000.0,99.33831340873314,0.0,896.2968898115523,0.0,-461.2169264432039,0.0,0.0,0.0,-15.496767468633891,-880.8001223429185,0.0,-1000.0,-1000.0,0.0,0.0,0.0,0.0,0.0,0.0,0.0,0.0,0.0,0.0,0.0,0.0,0.0,0.0,0.0,0.0,0.0,679.9232254453254,0.0,563.0005661912714,0.0,0.0,596.8624195398985,554.8092208931399,0.0,0.0,-410.09190058052747,0.0,0.0,0.0,0.0,0.0,0.0,199.05003877421063,-929.7014613431904,-1000.0,0.0,0.0,0.0,0.0,-242.3507246982082,-199.05003877421063,643.2975666523498,831.935232277024,995.5003578778646,-8.999284244270635,-1000.0,0.0,737.3161662112427,0.0,0.0,203.9681605529023,0.0,0.0,0.0,0.0,0.0,0.0,0.0,0.0,0.0,0.0,332.2100521387288,0.0,0.0,-0.3599713697708254,0.0,0.0,444.2081482471341,0.0,0.0,-90.40222491923325,0.0,0.0,0.0,0.0,0.0,0.0,0.0,-440.6323333818754,0.3599713697709456,0.0,0.0,0.0,0.0,0.0,0.0,0.0,0.0,0.0,762.3031908681146,0.0,0.0,0.0,0.0,0.0,0.0,0.0,0.0,0.0,0.19798425337381226,0.19798425337381226,0.0,153.12822640365675,0.0,107.99141093124763,0.0,0.0,0.0,1000.0,0.0,0.0,0.0,0.0,0.0,1000.0,-1000.0,0.0,0.0,0.0,0.0,0.0,0.0,0.0,0.0,0.0,0.0,0.0,0.0,0.0,153.85260252026347,-1.029720943758576,0.0,0.0,13.858897736176809,0.0,0.0,0.0,-192.3441599101282,0.0,1000.0,0.0,0.0,559.3676666181245,0.0,0.0,0.0,0.0,0.0,0.0,0.0,0.0,0.0,0.0,0.0,0.0,0.0,0.0,0.0,0.0,107.99141093124763,176.10223886424387,176.10223886424387,0.0,0.0,0.0,0.0,0.0,0.0,0.0,0.0,0.0,0.0,1.7998568488541273,0.0,0.0,0.0,0.0,0.0,0.0,0.0,0.0,203.9681605529023,0.0,0.0,0.0,0.0,0.0,0.0,0.0,0.0,0.0,0.0,1000.0,1000.0,0.0,53.995705465623814,53.995705465623814,392.4204274899099,-1000.0,0.0,0.0,0.0,0.0,0.0,0.0,0.0,990.4494490329498,444.2081482471341,1000.0,0.1799856848854127,0.0,0.0,237.6968091318854,0.0,0.0,0.0,0.0,0.0,0.0,0.0,0.0,0.0,0.0,0.0,0.0,0.0,0.0,0.0,0.0,0.0,0.0,0.1799856848854127,0.0,0.0,0.0,-20.59801627567981,20.59801627567981,0.0,0.0,0.0,0.0,0.0,186.7705189593711,0.0,0.0,-116.922659254054,-13.498926366405954,-8.999284244270635,0.0,0.0,0.0,0.0,0.0,0.0,0.0,0.0,0.0,0.0,0.0,0.0,176.10223886424387,1000.0,0.0,0.0,746.3154504555133,0.0,0.0,0.0,-0.1799856848854127,0.0,0.0,0.1799856848854127,0.0,0.1799856848854127,0.0,0.0,0.0,107.99141093124763,219.58253556020352,219.58253556020352,0.0,0.0,0.0,0.0,0.0,0.0,0.0,0.0,0.0,444.2081482471341,0.0,0.0,0.0,0.0,0.0,0.0,0.0,0.0,0.0,0.0,0.0,0.0,0.0,0.0,0.0,0.0,0.0,192.3441599101282,0.0,0.0,0.0,0.26997852732811906,0.0,0.0,0.0,-203.9681605529023,0.0,0.0,0.0,0.0,0.0,-153.12822640365675,8.999284244270635,0.0,0.0,0.0,0.0,-1000.0,-194.68975534874403,0.0,0.0,0.0,0.0,0.0,0.0,0.0,0.0,176.10223886424387,0.0,0.0,1000.0,153.12822640365675,0.0,-585.0813618994135,-461.2169264432039,0.0,-604.7816559292714,0.0,604.7816559292714,0.0,-416.12947552760966,0.0,8.999284244270635,300.4676371243577,0.0,0.0,0.0,-90.40222491923325,0.0,0.0,1000.0,-1000.0,0.0,0.0,0.0,0.0,0.0,-26.99785273281205,0.0,219.58253556020352,0.0,875.0,874.9999999999999,-874.9999999999999,0.0,0.0,0.0,0.0,0.0,602.657958593211,0.0,0.0,193.62500550287476,-1000.0,-163.42338390358708,0.0,53.995705465623814,0.0,0.0,0.0,0.0,-131.31280588537692,0.0,0.0,0.19798425337381226,0.0,0.0,0.0,109.79126778010176,0.0,0.0,0.0,0.0,-236.6641728289731,0.0,0.0,0.0,0.0,0.0,0.0,0.0,0.0,-1000.0,0.0,0.01799856848854127,0.01799856848854127,0.0,0.0,0.0,0.0,0.0,0.0,0.0,0.0,0.0,237.6968091318854,0.0,0.0,0.0,0.0,0.0,153.12822640365675,0.0,0.0,0.0,0.0,0.0,0.0,0.0,305.12900093286646,0.0,0.0,0.0,0.0,-384.55297032275894,0.0,913.3366614664274,0.0,0.0,0.0,107.99141093124763,0.0,0.0,0.0,0.0,0.0,0.0,-107.99141093124763,0.0,0.0,0.0,0.0,0.0,0.0,0.0,0.0,0.0,0.0,0.0,0.0,-1000.0,-1000.0,123.29019414650773,0.0,-203.9681605529023,0.0,116.20271651451246,0.0,0.0,0.0,0.0,0.0,0.0,0.0,0.0,0.0,906.2499999999999,0.0,-906.2500000000001,-906.2499999999999,0.0,0.0,0.0,0.0,-22.498210610676587,176.10223886424387,-13.498926366405954,-13.498926366406067,0.0,0.0,0.0,0.0,0.0,872.9754974488438,-875.2253185099115,90.40222491923325,0.0,0.0,0.0,0.0,0.0,0.0,0.0,1000.0,53.995705465623814,53.995705465623814,0.0,0.0,0.0,0.0,0.0,0.19798425337381226,153.12822640365675,0.0,0.0,-116.20271651451246,0.0,0.0,0.0,0.0,0.0,0.0,0.0,0.0,0.0,0.0,0.0,0.0,0.0,0.0,0.0,0.0,0.0,0.0,0.0,188.98496912968335,13.858897736176809,0.0,0.0,0.0,0.0,0.0,153.12822640365675,0.0,782.5528906443719,0.0,0.0,0.0,-22.498210610676587,0.0,0.0,0.0,0.0,0.0,0.0,0.0,0.0,0.0,0.0,0.0,0.0,0.0,0.0,0.0,0.0,0.0,0.0,-0.1799856848854127,0.0,0.0,8.999284244270635,-1000.0,0.0,0.0,0.0,0.0,176.10223886424387,0.0,0.0,0.0,15.496767468633891,4.499642122135318,0.0,0.0,0.0,0.1799856848854127,0.0,179.9856848854127,-55.79556231447795,35.99713697708254,1.2856120348958051,502.1600608303015,-0.13498926366405953,286.4038946908406,3.5997136977082542,-0.8999284244269461,-502.1600608303015,53.995705465623814,-0.1799856848854127,153.73897548106797,0.0,0.044996421221353174,1.2856120348958051,-461.2169264432039,-28.653721033759894,-3.5997136977082542,-652.2277825496385,-0.1799856848854127,0.044996421221353174,-502.1600608303015,200.74354231758483,0.1799856848854127,0.1799856848854127,-152.7502564653975,0.19798425337395398,0.0,-0.13498926366405953,53.995705465623814,0.1799856848854127,203.9681605529023,59.97961264457214,-0.08999284244270635,-77.56614711359225,-34.42047521931102,-0.13498926366405953,-0.1799856848854127,-55.79556231447795,0.1799856848854127,17.99856848854127,-3.5997136977082542,192.3441599101282,192.3441599101282,-17.99856848854128,652.2277825496385,-192.3441599101282,35.99713697708254,0.26997852732811906,-1000.0,17.99856848854127,-153.85260252026347,0.0,-35.99713697708254,0.08999284244270635,1.7998568488541273,76.86948774053398,189.1253633807393,-0.1799856848854127,-193.62500550287476,152.7502564653975,55.79556231447795,0.1799856848854127,28.653721033759894,-548.7002507788173,0.0,-0.1799856848854127,-0.044996421221353174,0.0,-0.1799856848854127,-440.6323333818754,0.17998568488542332,-0.044996421221353174,-0.044996421221353174,-0.044996421221353174,71.99427395416508,-59.97961264457214,1.7998568488541273,403.567957728646,-0.044996421221353174,0.0,8.999284244270635,229.31545093520833,0.1799856848854127,0.08999284244270635,0.08999284244270635,17.99856848854127,55.79556231447795,0.1799856848854127,-55.79556231447795,1.7998568488541273,0.1799856848854127,-944.0100846069739,0.1799856848854127,0.7199427395415334,0.8999284244269461,0.08999284244270635,0.044996421221353174,53.995705465623814,-0.1799856848854127,0.0,1.7998568488541271,-807.135915457292,281.9042525687053,-17.99856848854127,35.99713697708254,8.999284244270635,-0.1799856848854127,461.2169264432039,0.26997852732811906,-0.1799856848854127,-35.99713697708254,55.79556231447795,448.63013738578593,0.08999284244270635,-458.63090187041666,-0.1799856848854127,-0.17998568488542332,-0.1799856848854127,0.08999284244270635,502.1600608303015,-35.99713697708254,0.1799856848854127,153.73897548106797,-0.044996421221353174,-0.19798425337395398,-153.73897548106797,26.997852732811904,34.42047521931102,294.99047072103065,502.1600608303015,-0.13498926366405953,193.62500550287476,-189.1253633807393,0.1799856848854127,-0.04499642122135318,8.999284244270635,179.9856848854127,-0.08999284244270635,-0.1799856848854127,0.044996421221353174,0.0,0.0,999.9100071575573,540.4421268783279,-1000.0,0.0,562.0119402815969,-946.9961295837037,182.74497382904354,321.4864567651384,93.00973732739237,549.084224922331,0.0,-160.7432283825692,500.0,-46.504868663696186,-182.74497382904354,473.49806479185185,-153.12822640365675,-317.317331500409,0.0,-549.084224922331,-317.317331500409,-562.0119402815969,546.3568112859365,0.0,1496.5981,bhi
63,0.0,0.0,0.0,0.0,0.0,0.0,0.0,0.0,-0.17095334234717036,0.0,0.0,0.0,0.0,0.0,0.0,0.0,-452.5476780921491,531.318764934104,0.0,0.0,0.0,0.0,0.0,0.0,0.0,0.0,0.0,0.0,0.0,-353.1503538873186,37.674953085514375,-37.674953085514375,1000.0,0.0,0.0,0.0,0.0,999.3161866306106,0.0,-1000.0,66.14589351145264,0.0,0.0,0.0,0.0,0.0,0.0,0.0,-94.90464381570177,0.0,0.0,0.0,0.0,0.18804867658154004,0.0,0.0,0.0,34.19066846943407,0.0,0.0,-27.61360871121211,0.0,0.0,-27.61360871121211,0.0,0.0,0.0,0.0,0.0,0.0,0.0,1.7095334234717037,0.0,0.0,0.0,0.0,0.0,0.0,0.0,0.0,0.0,0.0,0.0,0.0,102.57200540830222,0.0,0.0,0.0,-373.7765912501942,455.5746977850712,-0.04273833558679259,0.0,0.0,0.0,51.28600270415111,0.0,202.2807900338288,-43.17965070909201,0.0,0.0,0.0,8.547667117358518,-1000.0,0.0,0.0,-462.0991899329254,0.0,0.0,0.0,0.0,0.0,0.0,0.0,0.0,0.0,0.0,0.0,0.0,0.0,0.0,0.0,0.0,0.0,0.0,-344.9296173458731,0.0,0.0,202.2807900338288,0.0,52.995536127622806,0.0,0.0,0.0,0.0,0.0,0.0,0.0,624.9999999999998,-624.9999999999998,0.0,0.0,0.0,0.0,0.0,0.0,13.16340736073217,0.17095334234717036,0.0,0.0,0.0,627.1538383785471,-1000.0,0.0,0.0,0.0,0.0,1000.0,0.0,0.0,0.0,0.0,0.0,417.68842549709836,417.68842549709836,0.0,0.0,0.0,0.0,0.0,0.0,0.0,455.53433192495993,0.0,0.0,0.0,0.0,-257.3919166398173,0.0,0.0,0.0,0.0,0.0,0.0,0.0,0.0,0.0,-973.5178469160812,0.0,0.0,0.0,0.0,-1000.0,0.0,0.0,0.0,0.0,0.0,0.0,0.0,373.7765912501942,-373.7765912501942,0.0,0.0,0.0,0.0,0.0,0.0,0.0,646.8496461126814,-320.9629769710788,0.0,0.0,0.0,0.0,0.0,0.0,0.0,0.0,0.0,0.0,0.0,0.0,0.0,0.0,-2.446868870419621,900.6026757951694,0.0,0.0,0.0,0.0,133.95654284519279,0.0,0.0,0.0,0.0,-27.61360871121211,900.6026757951694,37.674953085514375,0.0,0.0,0.0,0.0,0.0,0.0,0.0,0.0,0.0,150.99478732967768,0.0,2.7705896794013825,-744.782592820987,278.8719474344924,0.0,-900.6026757951694,0.0,0.0,0.0,128.20647426297015,0.0,0.0,0.0,-346.93322959014864,0.0,0.0,324.4033755327051,-403.9592036333799,-403.9592036333799,728.362579166085,0.0,0.0,0.0,0.0,1000.0,0.0,0.0,343.00328230341245,0.0,0.0,0.0,45.687230948376396,0.0,-45.687230948376396,0.0,704.8649019740742,0.0,0.0,206.82174288548455,0.0,0.0,0.0,-27.61360871121211,-0.25643001352075556,0.0,0.0,0.0,0.0,0.17095334234717036,0.0,0.0,0.0,663.7626671209784,-452.5476780921491,0.0,-308.0661266219503,549.3442349106981,257.3919166398173,268.4266835452812,0.0,-476.8178248591857,0.0,-462.0991899329254,0.0,0.0,0.0,-14.719082776091017,1000.0,-508.46309236472325,-1000.0,-188.63340577642768,0.0,0.0,0.0,0.0,0.0,0.0,0.0,0.0,0.0,0.0,0.0,0.0,0.0,0.0,0.0,0.0,0.0,373.4915969254291,0.0,-626.5084030745709,0.0,0.0,0.0,0.0,0.0,0.0,24.51154572478221,0.0,0.0,0.0,0.0,0.0,-124.0205051852893,0.0,-8.547667117358518,0.0,-875.9794948147107,-535.6395101153666,0.0,-214.80127019392847,493.0756870881869,0.0,0.0,103.60226568467695,-4.273833558679259,-8.547667117358518,0.0,0.0,1000.0,-308.47282382119874,-464.2700264129793,202.2807900338288,0.0,0.0,0.0,0.0,0.0,0.0,0.0,0.0,0.0,0.0,-347.468113446815,0.0,0.0,-249.67247673380862,0.0,0.0,646.8496461126814,0.0,0.0,-55.22721742242422,0.0,624.9999999999998,0.0,0.0,0.0,0.0,0.0,-577.5738205257013,0.34190668469439417,0.0,0.0,0.0,0.0,0.0,0.0,0.0,0.0,0.0,0.0,0.0,0.0,0.0,0.0,0.0,0.0,0.0,0.0,0.0,0.18804867658154004,0.18804867658154004,37.674953085514375,188.59070036932434,0.0,102.57200540830222,0.0,0.0,0.0,132.6407827668284,0.0,454.04143774874956,0.0,0.0,0.0,1000.0,-132.6407827668284,0.0,0.0,202.55192628444567,0.0,0.0,0.0,0.0,0.0,0.0,0.0,0.0,0.0,0.0,114.97653911529103,-663.7626671209784,372.8461616214529,0.0,13.16340736073217,0.0,-903.0842242275781,903.0842242275781,769.1276813823853,0.0,1000.0,0.0,422.4261794742987,0.0,875.0,-875.0,0.0,0.0,0.0,0.0,0.0,0.0,0.0,0.0,0.0,0.0,0.0,0.0,0.0,0.0,102.57200540830222,0.0,0.0,0.0,0.0,0.0,0.0,0.0,0.0,0.0,0.0,0.0,0.0,1.7095334234717037,0.0,37.674953085514375,0.0,0.0,37.674953085514375,0.0,0.0,0.0,202.2807900338288,-202.55192628444567,0.0,0.0,0.0,0.0,0.0,0.0,0.0,0.0,0.0,183.31866826789587,781.2321670424526,0.0,51.28600270415111,51.28600270415111,1000.0,-132.6407827668284,0.0,0.0,0.0,0.0,0.0,0.0,0.0,1000.0,646.8496461126814,702.2205002568069,0.17095334234717036,0.0,0.0,0.0,225.76831047548805,653.3754406598504,0.0,0.0,0.0,0.0,0.0,0.0,0.0,0.0,0.0,0.0,0.0,0.0,0.0,0.0,0.0,0.0,0.17095334234717036,0.0,0.0,0.0,0.0,0.0,0.0,0.0,0.0,0.0,0.0,24.51154572478221,0.0,0.0,-1000.0,-12.821500676037777,-3.2305367655908483,-5.31713035176767,0.0,0.0,0.0,0.0,0.0,0.0,0.0,0.0,0.0,0.0,0.0,0.0,257.3919166398173,0.0,0.0,544.2776407043792,0.0,0.0,0.0,-0.17095334234717036,0.0,0.0,0.17095334234717036,0.0,0.17095334234717036,0.0,0.0,0.0,102.57200540830222,208.56307766354783,208.56307766354783,0.0,0.0,0.0,0.0,0.0,0.0,0.0,372.8461616214529,0.0,646.8496461126814,0.0,0.0,0.0,0.0,0.0,0.0,0.0,0.0,0.0,0.0,0.0,0.0,0.0,0.0,0.0,0.0,0.0,133.95654284519279,0.0,0.0,0.0,0.25643001352075556,0.0,0.0,0.0,-202.2807900338288,0.0,0.0,0.0,0.0,0.0,-188.59070036932434,8.547667117358518,0.0,0.0,0.0,0.0,0.0,0.0,-5.31713035176767,0.0,624.9999999999998,0.0,0.0,0.0,0.0,0.0,0.0,0.0,202.55192628444567,0.0,188.59070036932434,0.0,700.4061908223175,191.27625072692496,0.0,24.51154572478221,0.0,-24.51154572478221,0.0,-80.35660340057768,0.0,8.547667117358518,335.5727396334866,0.0,0.0,-37.674953085514375,-55.22721742242422,0.0,0.0,0.0,0.0,0.0,0.0,0.0,0.0,0.0,947.8748455640057,0.0,208.56307766354783,0.0,0.0,0.0,37.674953085514375,0.0,0.0,0.0,0.0,0.0,0.0,0.0,0.0,227.0552023974376,-225.76831047548805,-527.2157112240092,0.0,51.28600270415111,0.0,0.0,0.0,0.0,-152.21864172246887,0.0,0.0,0.18804867658154004,0.0,0.0,0.0,104.28153883177391,0.0,0.0,0.0,0.0,-2.446868870419621,0.0,0.0,0.0,0.0,0.0,0.0,0.0,0.0,-868.2692455506698,0.0,0.017095334234717038,0.017095334234717038,0.0,0.0,0.0,0.0,0.0,0.0,0.0,0.0,0.0,0.0,37.674953085514375,0.0,0.0,0.0,0.0,188.59070036932434,0.0,0.0,0.0,0.0,0.0,0.0,0.0,0.0,0.0,0.0,0.0,0.0,0.0,0.0,531.318764934104,0.0,0.0,0.0,102.57200540830218,0.0,0.0,0.0,0.0,0.0,897.4279945916978,-1000.0,0.0,0.0,0.0,0.0,0.0,0.0,0.0,0.0,0.0,37.674953085514375,37.674953085514375,0.0,109.14609396676542,-1000.0,117.10303950781172,0.0,-202.2807900338288,0.0,999.3161866306106,0.0,0.0,0.0,0.0,0.0,0.0,0.0,0.0,0.0,0.0,0.0,0.0,0.0,0.0,0.0,0.0,0.0,-21.369167793396294,0.0,-12.821500676037777,-12.821500676037774,0.0,0.0,0.0,0.0,0.0,-2.1369167793396295,0.0,55.22721742242422,0.0,0.0,0.0,0.0,0.0,0.0,0.0,1000.0,51.28600270415111,51.28600270415111,0.0,0.0,0.0,0.0,0.0,0.18804867658154004,188.59070036932434,0.0,0.0,-999.3161866306106,0.0,0.0,0.0,0.0,0.0,0.0,0.0,0.0,0.0,0.0,0.0,0.0,0.0,0.0,0.0,0.0,0.0,0.0,0.0,179.5010094645289,13.16340736073217,0.0,0.0,0.0,0.0,0.0,188.59070036932434,0.0,-46.41018747468286,0.0,0.0,0.0,-21.369167793396294,0.0,0.0,0.0,0.0,0.0,0.0,0.0,0.0,0.0,0.0,0.0,0.0,0.0,0.0,0.0,0.0,0.0,0.0,-0.17095334234717036,0.0,0.0,8.547667117358518,-1000.0,0.0,0.0,0.0,0.0,0.0,0.0,0.0,0.0,14.719082776091017,4.273833558679259,0.0,0.0,0.0,0.17095334234717036,0.0,170.95334234717035,-52.995536127622806,34.19066846943407,1.2210953024797884,476.95982514860526,-0.12821500676037778,8.547667117358518,3.4190668469434073,-0.8547667117366018,-476.95982514860526,51.28600270415111,-0.17095334234717036,154.03306331097514,0.0,0.04273833558679259,1.2210953024797884,-462.0991899329254,-27.215772101668318,34.255886238570966,-78.77108684195491,-0.17095334234717036,0.04273833558679259,-476.95982514860526,17.095334234717036,0.17095334234717036,0.17095334234717036,-188.23169835039565,0.1880486765818874,0.0,-0.12821500676037778,51.28600270415111,0.17095334234717036,202.2807900338288,65.51811615609249,-0.08547667117358518,-75.80162013414918,-151.222830422257,-0.12821500676037778,-0.17095334234717036,-52.995536127622806,0.17095334234717036,17.095334234717036,-3.4190668469434073,133.95654284519279,133.95654284519279,-17.095334234717036,78.77108684195491,-133.95654284519279,34.19066846943407,0.25643001352075556,-1000.0,17.095334234717036,-114.97653911529103,0.0,-34.19066846943407,0.08547667117358518,1.7095334234717037,77.01653165548757,222.7813688387584,-0.17095334234717036,-227.0552023974376,188.23169835039565,52.995536127622806,0.17095334234717036,27.215772101668318,-356.1387981462825,0.0,-0.17095334234717036,-0.04273833558679259,0.0,-0.17095334234717036,-577.5738205257013,0.17095334234717036,-0.04273833558679259,-0.04273833558679259,-0.04273833558679259,68.38133693886815,-65.51811615609249,1.7095334234717037,126.65505751145855,-0.04273833558679259,0.0,8.547667117358518,297.33457738020917,0.17095334234717036,0.08547667117358518,0.08547667117358518,17.095334234717036,52.995536127622806,0.17095334234717036,-52.995536127622806,1.7095334234717037,0.17095334234717036,-126.65505751145855,0.17095334234717036,0.6838133693894315,0.8547667117366018,0.08547667117358518,0.04273833558679259,51.28600270415111,-0.17095334234717036,0.0,-17.127943119285483,-253.3101150229171,4.273833558679259,-17.095334234717036,34.19066846943407,8.547667117358518,-0.17095334234717036,462.0991899329254,0.25643001352075556,-0.17095334234717036,-34.19066846943407,52.995536127622806,410.9242484890906,0.08547667117358518,-594.6691547604183,-0.17095334234717036,-0.17095334234717036,-0.17095334234717036,0.08547667117358518,476.95982514860526,-34.19066846943407,0.17095334234717036,154.03306331097514,-0.04273833558679259,-0.1880486765818874,-154.03306331097514,25.64300135207555,151.222830422257,273.88464685434644,476.95982514860526,-0.12821500676037778,227.0552023974376,-222.7813688387584,0.17095334234717036,-0.0427383355867926,8.547667117358518,170.95334234717035,-0.08547667117358518,-0.17095334234717036,0.04273833558679259,0.0,0.0,544.3398255437552,0.0,853.755119342165,0.0,480.02409418280195,-812.5018181389471,0.0,-230.7677793469768,122.00119425045595,-361.7506976702987,-455.5746977850712,115.3838896734884,-426.8775596710825,-61.000597125227976,0.0,406.25090906947355,-188.59070036932434,-258.7056067666217,455.5746977850712,361.7506976702987,-258.7056067666217,-480.02409418280195,409.5337790471837,0.0,1496.5981,bhi
64,0.0,0.0,0.0,0.0,0.0,0.0,0.0,0.0,-0.18367537123530508,0.0,0.0,0.0,0.0,0.0,0.0,0.0,-500.0,887.1010185250044,0.0,0.0,0.0,0.0,0.0,0.0,0.0,0.0,0.0,0.0,0.0,922.6789523918319,0.0,0.0,0.0,0.0,0.0,0.0,0.0,252.2649193511719,0.0,-627.2480802467452,-259.07789534742915,0.0,0.0,-422.6789523918319,0.0,0.0,0.0,0.0,0.0,-654.5879910902464,0.0,0.0,0.0,0.20204290835875624,0.0,0.0,0.0,36.735074247061014,0.0,0.0,-83.93162243316623,0.0,-916.0683775668338,-1000.0,0.0,0.0,0.0,0.0,1000.0,-264.301622642379,0.0,1.8367537123530508,0.0,0.0,0.0,0.0,0.0,0.0,0.0,0.0,0.0,0.0,0.0,0.0,110.20522274118304,0.0,67.75594473971073,90.70407028688373,-616.8294254849926,413.22637372311317,0.0,0.0,0.0,0.0,55.10261137059152,0.0,55.10261137059152,0.0,0.0,0.0,0.0,547.8563866282301,922.6789523918319,0.0,0.0,-50.32800177342491,0.0,667.7831771484946,0.0,0.0,0.0,0.0,0.0,0.0,0.0,0.0,0.0,0.0,0.0,0.0,0.0,0.0,0.0,0.0,-584.0992907359896,0.0,0.0,55.10261137059152,0.0,56.93936508294457,0.0,0.0,-837.4446957025004,524.9446957025004,312.50000000000006,-312.50000000000006,0.0,0.0,0.0,0.0,0.0,0.0,0.0,0.0,0.0,81.89894832482928,0.18367537123530508,0.04591884280882627,0.0,0.0,-1000.0,376.2815629167666,0.0,0.0,0.0,0.0,1000.0,0.0,0.0,0.0,0.0,0.0,194.49867868047727,194.49867868047727,0.0,0.0,0.0,-937.5,0.0,0.0,0.0,194.68235405171257,0.0,0.0,0.0,1000.0,-856.0953599785846,0.0,0.0,0.0,0.0,0.0,0.0,0.0,0.0,0.0,0.0,0.0,0.0,0.0,0.0,-953.6335381418326,0.0,0.0,0.0,0.0,0.0,654.5879910902464,0.0,203.60305176187944,-203.60305176187944,0.0,0.0,0.0,0.0,0.0,0.0,0.0,0.0,-342.11116710408555,0.0,0.0,0.0,0.0,0.0,0.0,0.0,0.0,0.0,0.0,0.0,0.0,0.0,0.0,-302.81141442264453,-422.6789523918319,0.0,0.0,0.0,0.0,86.166638117538,0.0,0.0,0.0,0.0,-83.93162243316623,0.0,0.0,0.0,0.0,0.0,0.0,0.0,0.0,0.0,5.9143469537755635,0.0,0.0,0.0,-87.04913933373979,-907.4816165806119,294.3071220487632,0.0,422.6789523918319,0.0,0.0,0.0,0.0,0.0,0.0,0.0,274.9046070109365,0.0,0.0,-314.94972214497625,-314.94972214497625,0.0,0.0,0.0,314.94972214497625,-413.22637372311317,0.0,1000.0,654.5879910902464,0.0,426.2876476289631,0.0,0.0,0.0,-1000.0,0.0,1000.0,0.0,-8.952830909890196,0.0,0.0,0.0,-937.5,0.0,0.0,-83.93162243316623,-0.27551305685295757,0.0,0.0,0.0,0.0,0.18367537123530508,0.0,0.0,0.0,806.4499416999274,-500.0,0.0,-33.55200118228327,-372.90006716536357,856.0953599785846,-264.1349495440172,0.0,295.49337480680884,0.0,-50.32800177342491,0.0,0.0,0.0,858.3679212404563,-1000.0,-153.8612960472652,14.961796156047958,-555.6614223281287,0.0,0.0,0.0,0.0,0.0,0.0,0.0,0.0,0.0,0.0,0.0,0.0,0.0,0.0,0.0,0.0,0.0,914.6724207684413,0.0,145.7681614503722,0.0,515.9046384819559,0.0,0.0,0.0,993.0401048953507,196.61930408824287,0.0,0.0,0.0,0.0,538.6726180664648,0.0,-812.4999999999999,721.4799224050023,0.0,0.0,664.2177169885085,703.82400097951,-1000.0,32.360037975110906,812.4999999999999,-1000.0,0.0,-4.591884280882627,-713.0077695412753,0.0,0.0,616.3093860546727,1000.0,0.0,55.10261137059152,0.0,0.0,0.0,699.8032132121394,0.0,0.0,62.50000000000001,62.5,-62.5,-62.5,86.80335103876999,0.0,0.0,0.0,0.0,0.0,0.0,0.0,0.0,-32.35135538691099,0.0,0.0,60.159665567179594,0.0,0.0,0.0,0.0,-981.6324628764695,0.36735074247053706,0.0,0.0,0.0,0.0,0.0,0.0,0.0,0.0,0.0,735.698377357621,0.0,0.0,0.0,0.0,0.0,0.0,0.0,0.0,0.0,0.20204290835875624,0.20204290835875624,0.0,0.0,0.0,110.20522274118304,0.0,0.0,0.0,0.0,0.0,177.06045711657956,67.75594473971073,0.0,0.0,880.8506568685879,0.0,0.0,0.0,79.2861674845179,0.0,0.0,60.159665567179594,0.0,0.0,0.0,0.0,0.0,0.0,0.0,194.6997635786632,-806.4499416999274,623.7184370832334,0.0,81.89894832482928,0.0,0.0,0.0,-86.166638117538,0.0,880.8506568685879,0.0,-858.2361984380359,757.4543924301543,0.0,0.0,0.0,0.0,0.0,0.0,0.0,0.0,0.0,0.0,0.0,0.0,0.0,0.0,0.0,0.0,110.20522274118304,0.0,0.0,0.0,0.0,0.0,0.0,0.0,0.0,0.0,0.0,0.0,0.0,1.8367537123530508,0.0,0.0,67.75594473971073,-67.75594473971073,0.0,0.0,0.0,0.0,55.10261137059152,-79.2861674845179,0.0,0.0,0.0,0.0,0.0,0.0,0.0,0.0,0.0,281.1663075666331,0.0,0.0,55.10261137059152,55.10261137059152,0.0,0.0,0.0,60.159665567179594,0.0,0.0,0.0,0.0,0.0,-937.6407485478799,0.0,-555.6614223281287,0.18367537123530508,0.0,0.0,-187.50000000000003,430.0695670549682,226.98636327545455,0.0,0.0,0.0,0.0,0.0,0.0,0.0,0.0,0.0,0.0,0.0,0.0,0.0,0.0,0.0,0.0,0.18367537123530508,0.0,0.0,0.0,90.30665760299235,-90.30665760299235,0.0,0.0,0.0,515.9046384819559,0.0,827.661797520532,0.0,-631.0424934322891,-768.9042593180691,-13.77565284264788,-4.136891276583603,-5.046877285181651,0.0,0.0,0.0,0.0,0.0,0.0,0.0,0.0,0.0,0.0,0.0,0.0,856.0953599785846,0.0,0.0,625.493154616438,0.0,0.0,0.0,-0.18367537123530508,0.0,0.0,0.18367537123530508,0.0,0.18367537123530508,0.0,0.0,0.0,110.20522274118304,224.0839529070722,224.0839529070722,0.0,0.0,0.0,0.0,0.0,0.0,0.0,623.7184370832334,0.0,0.0,0.0,0.0,874.182370703816,0.0,0.0,0.0,0.0,0.0,0.0,0.0,0.0,0.0,0.0,0.0,0.0,0.0,0.0,86.166638117538,0.0,-566.1173661419673,566.1173661419673,0.27551305685295757,0.0,0.0,0.0,-55.10261137059152,0.0,0.0,0.0,0.0,0.0,0.0,9.183768561765254,0.0,0.0,0.0,937.5,0.0,-827.661797520532,-5.046877285181651,0.0,0.0,0.0,0.0,0.0,0.0,0.0,0.0,0.0,79.2861674845179,0.0,0.0,0.0,-319.1517456996724,176.65836150202963,0.0,-631.0424934322891,631.0424934322891,0.0,0.0,-224.0839529070722,0.0,9.183768561765254,218.3713574171515,0.0,0.0,0.0,-167.86324486633245,0.0,0.0,0.0,0.0,0.0,-284.43259936684757,0.0,0.0,0.0,-27.55130568529578,0.0,224.0839529070722,0.0,0.0,0.0,0.0,0.0,0.0,0.0,0.0,0.0,5.9143469537755635,0.0,0.0,41.32695852794366,-978.2679444125893,0.0,0.0,55.10261137059152,67.75594473971073,0.0,0.0,0.0,-209.36961436511865,0.0,0.0,0.20204290835875624,0.0,0.0,0.0,112.0419764535361,0.0,0.0,0.0,0.0,-302.81141442264453,0.0,0.0,0.0,0.0,0.0,0.0,0.0,0.0,582.2853606862258,0.0,326.58376415537975,0.01836753712353051,0.0,0.0,0.0,0.0,0.0,0.0,0.0,0.0,0.0,-187.50000000000003,0.0,0.0,0.0,0.0,0.0,0.0,0.0,0.0,0.0,0.0,0.0,0.0,0.0,654.5879910902464,0.0,0.0,0.0,135.51188947942146,0.0,0.0,887.1010185250044,0.0,0.0,0.0,110.20522274118304,0.0,0.0,0.0,0.0,0.0,0.0,-110.20522274118304,0.0,135.51188947942146,0.0,0.0,0.0,0.0,0.0,0.0,0.0,0.0,0.0,0.0,1000.0,0.0,1000.0,0.0,-55.10261137059152,0.0,768.1695578331278,0.0,0.0,0.0,0.0,0.0,0.0,0.0,0.0,0.0,0.0,0.0,0.0,0.0,0.0,0.0,0.0,0.0,-22.959421404413135,0.0,-552.4482709091127,860.4067178611681,0.0,0.0,0.0,0.0,0.0,-2.2959421404413134,0.0,32.35135538691099,0.0,0.0,0.0,0.0,0.0,0.0,0.0,1000.0,55.10261137059152,55.10261137059152,0.0,0.0,0.0,0.0,0.0,0.20204290835875624,0.0,0.0,0.0,-768.1695578331278,326.5653966182562,0.0,0.0,0.0,0.0,0.0,0.0,0.0,0.0,0.0,0.0,0.0,0.0,0.0,283.05868307098365,0.0,0.0,0.0,0.0,192.85913979707033,25.866722179518703,0.0,56.032226145310574,0.0,0.0,0.0,0.0,0.0,823.5249062439484,0.0,0.0,0.0,-22.959421404413135,0.0,0.0,0.0,0.0,0.0,0.0,0.0,0.0,0.0,0.0,0.0,0.0,0.0,0.0,0.0,0.0,0.0,0.0,-0.18367537123530508,0.0,0.0,9.183768561765254,-880.8506568685879,0.0,0.0,0.0,0.0,0.0,0.0,0.0,0.0,-858.3679212404563,4.591884280882627,0.0,0.0,0.0,0.18367537123530508,0.0,183.67537123530505,-56.93936508294457,36.735074247061014,1.3119669373950362,512.4542857465011,-0.13775652842647879,278.5200775949977,3.6735074247061017,-0.9183768561765646,-512.4542857465011,55.10261137059152,-0.18367537123530508,16.776000591141635,60.159665567179594,0.04591884280882627,1.3119669373950362,-50.32800177342491,-96.99706384036999,-3.6735074247061017,-387.1010185250044,-0.18367537123530508,0.04591884280882627,-512.4542857465011,18.367537123530507,0.18367537123530508,0.18367537123530508,0.38571827959406135,-67.55390183135187,-653.9900960541651,-0.13775652842647879,55.10261137059152,0.18367537123530508,55.10261137059152,-91.83768561765254,-0.09183768561765254,-245.35390039898505,-104.7178506123038,-0.13775652842647879,-0.18367537123530508,-56.93936508294457,0.18367537123530508,18.367537123530507,-3.6735074247061017,86.166638117538,86.166638117538,-18.367537123530507,387.1010185250044,-86.166638117538,36.735074247061014,0.27551305685295757,-1000.0,18.367537123530507,-194.6997635786632,60.159665567179594,-36.735074247061014,0.09183768561765254,1.8367537123530508,8.388000295570817,36.735074247061014,-0.18367537123530508,-41.32695852794366,-0.38571827959406135,56.93936508294457,0.18367537123530508,96.99706384036999,-160.25077991518663,60.159665567179594,-0.18367537123530508,-0.04591884280882627,-60.159665567179594,-0.18367537123530508,-981.6324628764695,0.18367537123532102,-0.04591884280882627,-0.04591884280882627,-0.04591884280882627,73.47014849412203,91.83768561765254,1.8367537123530508,136.0804906639549,-0.04591884280882627,0.0,9.183768561765254,500.0,0.18367537123530508,0.09183768561765254,0.09183768561765254,48.447369907120304,56.93936508294457,0.18367537123530508,-56.93936508294457,1.8367537123530508,0.18367537123530508,-136.0804906639549,0.18367537123530508,0.7347014849412901,0.9183768561765646,0.09183768561765254,0.04591884280882627,55.10261137059152,-0.18367537123530508,653.9900960541651,1.8367537123530508,-272.1609813279098,273.92819331411505,-18.367537123530507,36.735074247061014,9.183768561765254,-0.18367537123530508,50.32800177342491,0.27551305685295757,-0.18367537123530508,-96.89473981424061,56.93936508294457,801.277310146079,0.09183768561765254,-1000.0,-0.18367537123530508,-0.18367537123532102,-0.18367537123530508,0.09183768561765254,512.4542857465011,-36.735074247061014,0.18367537123530508,16.776000591141635,-0.04591884280882627,67.55390183135187,-16.776000591141635,27.551305685295755,104.7178506123038,-80.86972302203436,512.4542857465011,-0.13775652842647879,41.32695852794366,-36.735074247061014,0.18367537123530508,-0.04591884280882627,9.183768561765254,183.67537123530505,-0.09183768561765254,-0.18367537123530508,0.04591884280882627,1000.0,0.0,999.9081623143824,0.0,-1000.0,0.0,1000.0,172.5991357977295,0.0,103.6329228861648,-1000.0,906.1351085358449,0.0,-51.8164614430824,500.0,500.0,0.0,-86.29956789886475,0.0,-591.9076957809604,0.0,-906.1351085358449,-591.9076957809604,-1000.0,570.9416213958281,0.0,1496.5981,bhi
65,0.0,0.0,0.0,0.0,0.0,0.0,0.0,0.0,-0.030445816113313345,0.0,0.0,0.0,0.0,0.0,0.0,0.0,-603.9227579007929,0.0,0.0,936.2915711676803,0.0,0.0,0.0,714.6281121483969,0.0,0.0,0.0,0.0,0.0,0.0,0.0,0.0,0.0,0.0,0.0,0.0,0.0,837.4746531429374,0.0,-1000.0,138.60253458825582,0.0,0.0,0.0,0.0,0.0,0.0,0.0,603.9227579007929,-291.5295021423853,0.0,0.0,0.0,0.03349039772467677,0.0,0.0,0.0,6.089163222662669,0.0,0.0,-2.6812615390458063,0.0,2.6812615390458063,0.0,0.0,0.0,0.0,0.0,0.0,0.0,0.0,0.30445816113313345,0.0,0.0,0.0,0.0,0.0,0.0,0.0,0.0,0.0,0.0,0.0,0.0,18.267489667988006,0.0,0.0,126.2675209879392,0.0,538.4701055458357,-0.007611454028328336,0.0,0.0,0.0,9.133744833994003,0.0,294.9657018965969,-827.0451888310619,0.0,0.0,0.0,1.5222908056656672,0.0,0.0,0.0,0.0,0.0,1000.0,0.0,0.0,0.0,0.0,0.0,0.0,0.0,0.0,0.0,0.0,0.0,0.0,0.0,0.0,0.0,0.0,-140.74130544863374,0.0,0.0,294.9657018965969,0.0,9.438202995127135,0.0,0.0,-62.500000000609504,0.0,62.500000000609504,-62.500000000609504,91.27554966070761,0.0,0.0,-91.27554966070761,0.0,0.0,0.0,0.0,0.0,2.344327840725137,0.030445816113313345,0.0,0.0,0.0,0.0,0.0,0.0,0.0,866.6754515585732,0.0,324.25381455651257,0.0,0.0,0.0,0.0,0.0,373.4407511332066,373.4407511332066,0.0,0.0,0.0,0.0,0.0,0.0,0.0,373.4711969493199,0.0,0.0,0.0,-40.21823081038383,0.0,0.0,0.0,0.0,0.0,0.0,0.0,0.0,0.0,0.0,-882.436993132427,0.0,0.0,0.0,0.0,-1000.0,0.0,0.0,0.0,0.0,0.0,291.5295021423853,0.0,-538.4701055458357,538.4701055458357,0.0,0.0,0.0,0.0,0.0,0.0,0.0,0.0,0.0,0.0,0.0,0.0,0.0,0.0,0.0,0.0,0.0,0.0,0.0,0.0,0.0,0.0,1000.0,-667.957090897627,0.0,0.0,0.0,0.0,0.0,0.0,0.0,0.0,0.0,0.0,-2.6812615390458063,0.0,0.0,0.0,118.33070890600357,0.0,0.0,0.0,0.0,0.0,131.10555698617554,0.0,285.8319570626029,0.0,-538.4701055458357,0.0,191.7201733428964,0.0,0.0,0.0,0.0,0.0,-5.362523078091613,0.0,0.0,0.0,142.69632023723923,0.0,0.0,28.900662335128402,0.0,0.0,28.900662335128402,0.0,0.0,-538.4701055458357,0.0,-332.3688132668874,291.5295021423853,0.0,84.94382695614422,0.0,0.0,0.0,0.0,0.0,0.0,0.0,373.41030531709333,0.0,0.0,492.2825986199074,0.0,0.0,0.0,-2.6812615390458063,-0.04566872416997002,0.0,0.0,0.0,0.0,0.030445816113313345,0.0,0.0,0.0,573.9287411172276,-603.9227579007929,0.0,0.0,334.83583235019864,0.0,433.5682364848526,0.0,-182.59921651961648,0.0,0.0,0.0,0.0,0.0,182.59921651961648,0.0,0.0,-1000.0,-1000.0,0.0,0.0,0.0,0.0,0.0,0.0,0.0,0.0,0.0,0.0,0.0,0.0,0.0,0.0,0.0,0.0,118.33070890600357,0.0,0.0,-837.5964364073907,0.0,0.0,957.1703905383888,0.0,0.0,409.6954545771313,-133.44988482690067,0.0,0.0,0.0,0.0,0.0,-318.0319617983795,0.0,-1.5222908056656672,-1000.0,318.0319617983795,-218.36326596693164,0.0,0.0,-226.2158926835492,0.0,0.0,0.0,999.2388545971671,-1.5222908056656672,0.0,0.0,908.7263277002775,0.0,-928.5161081739311,294.9657018965969,0.0,0.0,0.0,371.6739932236489,0.0,0.0,704.4769502153708,-295.52304978462917,295.52304978462917,295.52304978462917,-669.6770854719634,0.0,0.0,0.0,0.0,0.0,0.0,0.0,0.0,-5.362523078091613,0.0,0.0,0.0,0.0,0.0,0.0,0.0,-962.9227927942239,0.060891632226614575,0.0,0.0,0.0,0.0,0.0,0.0,0.0,0.0,0.0,0.0,0.0,0.0,0.0,0.0,0.0,0.0,0.0,0.0,0.0,0.03349039772467677,0.03349039772467677,0.0,0.0,0.0,18.267489667988006,0.0,0.0,0.0,-923.6676573031182,0.0,613.4752716321175,0.0,0.0,0.0,1000.0,923.6676573031182,0.0,0.0,0.0,0.0,0.0,0.0,0.0,0.0,0.0,0.0,0.0,0.0,0.0,46.91376848287791,-573.9287411172276,0.0,0.0,2.344327840725137,0.0,0.0,0.0,0.0,0.0,1000.0,0.0,761.0870304617094,-724.0098232559334,0.0,0.0,1000.0,0.0,0.0,0.0,0.0,0.0,0.0,0.0,0.0,0.0,0.0,0.0,0.0,0.0,18.267489667988006,0.0,0.0,0.0,0.0,0.0,0.0,0.0,0.0,0.0,0.0,0.0,0.0,0.30445816113313345,0.0,0.0,0.0,0.0,0.0,0.0,0.0,0.0,294.9657018965969,0.0,0.0,0.0,0.0,0.0,0.0,0.0,0.0,0.0,0.0,244.97777894780825,-182.47777894719874,0.0,9.133744833994003,9.133744833994003,6.826799846773895,923.6676573031182,0.0,0.0,0.0,0.0,0.0,0.0,0.0,0.0,0.0,149.2137546065625,0.030445816113313345,0.0,0.0,-747.6150255448839,787.8230751248161,492.2825986199074,0.0,0.0,0.0,0.0,0.0,0.0,0.0,0.0,0.0,0.0,0.0,0.0,0.0,0.0,0.0,0.0,0.030445816113313345,0.0,0.0,0.0,0.0,0.0,0.0,0.0,0.0,0.0,0.0,823.7205057114882,-866.6754515585732,0.0,-837.5964364073907,-2.2834362084985007,-1.5222908056656672,0.0,0.0,0.0,0.0,0.0,0.0,0.0,0.0,0.0,0.0,0.0,0.0,0.0,0.0,0.0,0.0,-18.267489667988006,0.0,0.0,0.0,-0.030445816113313345,0.0,0.0,0.030445816113313345,0.0,0.030445816113313345,0.0,0.0,0.0,18.267489667988006,37.14389565824228,37.14389565824228,0.0,0.0,0.0,0.0,0.0,0.0,0.0,0.0,0.0,0.0,0.0,0.0,185.2206012869728,0.0,0.0,0.0,0.0,0.0,0.0,0.0,0.0,0.0,0.0,0.0,0.0,0.0,0.0,0.0,0.0,-281.4826108972675,281.4826108972675,0.04566872416997002,0.0,0.0,0.0,-294.9657018965969,0.0,0.0,0.0,0.0,0.0,0.0,1.5222908056656672,0.0,0.0,0.0,0.0,0.0,33.65129885496367,0.0,0.0,0.0,0.0,0.0,0.0,0.0,0.0,0.0,0.0,0.0,0.0,-1000.0,0.0,10.632526860938063,492.2825986199074,0.0,-99.798585971937,0.0,99.798585971937,866.6754515585732,-42.5064187363339,0.0,1.5222908056656672,1000.0,0.0,0.0,0.0,-5.362523078091613,0.0,0.0,0.0,0.0,0.0,0.0,0.0,0.0,0.0,877.87012071543,0.0,37.14389565824228,0.0,0.0,0.0,0.0,0.0,0.0,0.0,0.0,0.0,131.10555698617554,0.0,0.0,6.850308625495435,-40.208049579932165,494.6809576379916,0.0,9.133744833994003,0.0,0.0,0.0,0.0,-392.325316823532,0.0,0.0,0.03349039772467677,0.0,0.0,0.0,18.57194782912114,0.0,0.0,0.0,0.0,-667.957090897627,0.0,0.0,0.0,0.0,0.0,0.0,0.0,0.0,0.0,0.0,0.0030445816113313343,0.0030445816113313343,0.0,0.0,0.0,0.0,0.0,0.0,0.0,0.0,0.0,-747.6150255448839,0.0,0.0,0.0,0.0,0.0,0.0,0.0,0.0,0.0,0.0,0.0,0.0,0.0,291.5295021423853,0.0,0.0,0.0,0.0,0.0,0.0,0.0,0.0,0.0,0.0,18.267489667988006,0.0,0.0,0.0,0.0,0.0,0.0,-18.267489667988006,0.0,0.0,0.0,0.0,0.0,0.0,0.0,0.0,0.0,0.0,0.0,0.0,-149.2137546065625,-1000.0,206.07598532459244,0.0,-294.9657018965969,0.0,837.4746531429374,0.0,0.0,0.0,0.0,0.0,0.0,0.0,0.0,0.0,0.0,0.0,0.0,0.0,0.0,0.0,0.0,0.0,-3.8057270141641677,0.0,-2.2834362084985007,182.9371650784743,0.0,0.0,0.0,0.0,0.0,624.9999999994316,-625.380572700848,872.0379746366648,0.0,0.0,0.0,0.0,0.0,0.0,0.0,1000.0,9.133744833994003,9.133744833994003,0.0,0.0,0.0,0.0,0.0,0.03349039772467677,0.0,0.0,0.0,-837.4746531429374,0.0,0.0,0.0,0.0,0.0,0.0,0.0,0.0,0.0,0.0,0.0,0.0,0.0,0.0,140.74130544863374,0.0,0.0,0.0,0.0,31.96810691897901,2.344327840725137,0.0,0.0,0.0,0.0,0.0,0.0,0.0,94.95161204669762,0.0,0.0,0.0,-3.8057270141641677,0.0,0.0,0.0,0.0,0.0,0.0,0.0,0.0,0.0,0.0,0.0,0.0,0.0,0.0,0.0,0.0,0.0,0.0,-0.030445816113313345,0.0,0.0,1.5222908056656672,-1000.0,0.0,0.0,0.0,0.0,0.0,0.0,0.0,0.0,-182.59921651961648,0.7611454028328336,0.0,0.0,0.0,0.030445816113313345,0.0,30.44581611331334,-9.438202995127135,6.089163222662669,0.2174701150950953,84.94382695614422,-0.02283436208498501,1.5222908056656672,0.6089163222662669,-0.15222908056656972,-84.94382695614422,9.133744833994003,-0.030445816113313345,0.0,0.0,0.007611454028328336,0.2174701150950953,0.0,-4.846973925239382,-0.6089163222662669,-332.3688132668874,-0.030445816113313345,0.007611454028328336,-84.94382695614422,350.43069695830354,0.030445816113313345,0.030445816113313345,0.06393621383799011,0.03349039772464468,-470.64019417431643,-0.02283436208498501,9.133744833994003,0.030445816113313318,294.9657018965969,270.60904900594625,-0.015222908056656673,146.38637961780387,-3.0750274274446476,-0.02283436208498501,-0.030445816113313345,-9.438202995127135,0.030445816113313345,3.0445816113313344,-0.6089163222662669,0.0,0.0,-3.0445816113313344,332.3688132668874,0.0,6.089163222662669,0.04566872416997002,-675.2215130122668,3.0445816113313344,-46.91376848287791,0.0,-6.089163222662669,0.015222908056656673,0.30445816113313345,0.0,-993.9108367773373,-0.030445816113313345,-6.850308625495435,-0.06393621383799011,9.438202995127135,0.030445816113313345,4.846973925239382,-669.7530517455511,0.0,-0.030445816113313345,-0.007611454028328336,0.0,-0.030445816113313345,-962.9227927942239,0.030445816113314095,-0.007611454028328336,-0.007611454028328336,-0.007611454028328336,12.178326445325338,-270.60904900594625,0.30445816113313345,259.0424362463052,-0.007611454028328336,0.0,1.5222908056656672,482.9836872027776,0.030445816113313345,0.015222908056656673,0.015222908056656673,3.0445816113313344,9.438202995127135,0.030445816113313345,-9.438202995127135,0.30445816113313345,0.030445816113313345,-732.0142207130139,0.030445816113313345,0.12178326445325638,0.15222908056656972,0.015222908056656673,0.007611454028328336,9.133744833994003,-0.030445816113313345,470.64019417431643,0.30445816113313345,-518.0848724926104,0.7611454028328335,-3.0445816113313344,6.089163222662669,1.5222908056656672,-0.030445816113313345,0.0,0.04566872416997002,-0.030445816113313345,-6.089163222662669,9.438202995127135,559.5446524700243,0.015222908056656673,-965.9673744055552,-0.030445816113313318,-0.030445816113314095,-0.030445816113313345,0.015222908056656673,84.94382695614422,-6.089163222662669,0.030445816113313345,0.0,-0.007611454028328336,-0.03349039772464468,0.0,4.5668724169970005,3.0750274274446476,-263.45376783931727,84.94382695614422,-0.02283436208498501,6.850308625495435,993.9108367773373,0.030445816113313345,-0.007611454028328336,1.5222908056656672,30.44581611331334,-0.015222908056656673,-0.030445816113313345,0.007611454028328336,0.0,0.0,675.2062901042101,472.97178446670864,-1000.0,0.0,911.1979358340086,491.60974608380315,347.3861153469722,-1000.0,-200.36866959425558,-16.72169008360073,0.0,500.0,500.0,100.18433479712779,-347.3861153469722,-245.80487304190157,0.0,-167.21933564649228,0.0,16.72169008360073,-167.21933564649228,-911.1979358340086,788.9532029841142,0.0,1496.5981,bhi
66,0.0,0.0,0.0,0.0,0.0,0.0,0.0,0.0,-0.08303407017186204,0.0,0.0,0.0,0.0,0.0,0.0,0.0,100.69311882862905,-685.863343278854,0.0,1000.0,0.0,0.0,0.0,76.88257453366376,0.0,0.0,0.0,0.0,0.0,73.0448759087201,0.0,0.0,225.29509963998444,0.0,0.0,0.0,0.0,261.7797985635478,0.0,-1000.0,1000.0,0.0,0.0,320.3566128519727,0.0,0.0,53.025055369198995,0.0,-271.7890597001925,0.0,0.0,0.0,0.0,0.09133747718898287,0.0,0.0,0.0,16.60681403437241,0.0,0.0,-98.1428799022455,0.0,0.0,-98.1428799022455,0.0,0.0,0.0,0.0,0.0,0.0,0.0,0.8303407017186206,0.0,0.0,0.0,0.0,0.0,0.0,0.0,0.0,0.0,0.0,0.0,0.0,49.82044210311723,0.0,40.590013021902436,0.0,-74.3266818872628,706.0850859222703,-0.02075851754296551,0.0,0.0,166.97679937341684,24.910221051558615,0.0,24.910221051558615,0.0,0.0,0.0,0.0,4.151703508593102,73.0448759087201,0.0,0.0,0.0,0.0,0.0,0.0,0.0,0.0,0.0,0.0,0.0,0.0,0.0,0.0,0.0,0.0,0.0,0.0,0.0,0.0,0.0,-1000.0,0.0,0.0,24.910221051558615,0.0,25.740561753277238,3.2089178158902456,0.0,871.1694313890606,0.0,-871.1694313890606,871.1694313890606,-1000.0,0.0,0.0,1000.0,0.0,0.0,0.0,0.0,0.0,46.98363642513581,0.08303407017186204,0.0,0.0,0.0,0.0,0.0,0.0,0.0,0.0,0.0,-335.40352597810346,0.0,0.0,0.0,0.0,0.0,68.82801776668018,68.82801776668018,0.0,0.0,0.0,-812.5,-1000.0,0.0,0.0,68.91105183685204,0.0,0.0,0.0,-957.1451458932429,-143.52425246424235,0.0,0.0,0.0,0.0,0.0,0.0,0.0,0.0,0.0,0.0,0.0,0.0,0.0,0.0,-1000.0,0.0,0.0,0.0,0.0,0.0,0.0,0.0,-631.7584040350075,631.7584040350075,0.0,0.0,0.0,0.0,0.0,0.0,0.0,0.0,-472.1600226356944,0.0,0.0,0.0,0.0,0.0,0.0,0.0,0.0,0.0,0.0,0.0,0.0,0.0,0.0,-179.7323782246526,98.05106496284337,0.0,0.0,0.0,0.0,308.3864217627247,0.0,0.0,0.0,0.0,-98.1428799022455,-222.30554788912934,0.0,0.0,0.0,0.0,0.0,0.0,0.0,0.0,2.67369705953314,0.0,0.0,0.0,442.5682778522553,1000.0,-903.5474637352,0.0,-98.05106496284337,0.0,0.0,0.0,0.0,0.0,0.0,0.0,59.25712604284263,0.0,0.0,-487.23661325090956,0.0,0.0,-487.23661325090956,0.0,0.0,-706.0850859222703,0.0,-45.83268761366912,0.0,0.0,-70.30353035144907,0.0,0.0,0.0,0.0,0.0,0.0,0.0,1000.0,0.0,0.0,-900.812701330191,-812.5,0.0,0.0,-98.1428799022455,-0.12455110525779306,0.0,0.0,0.0,0.0,0.08303407017186204,0.0,0.0,0.0,664.0296601261836,100.69311882862905,0.0,0.0,74.98487508067603,143.52425246424235,1000.0,0.0,118.95460892820955,0.0,0.0,0.0,0.0,0.0,191.956877168117,0.0,-310.91148609632654,-320.4484277913748,-1000.0,0.0,0.0,0.0,0.0,0.0,0.0,0.0,0.0,0.0,0.0,0.0,0.0,0.0,0.0,0.0,0.0,0.0,-963.9695641082028,0.0,-1000.0,0.0,0.0,0.0,0.0,0.0,39.831969369499646,-49.65733348466895,0.0,0.0,0.0,0.0,0.0,0.0,-253.89487396597625,0.0,0.0,0.0,-287.6571908257728,-4.151703508593102,0.0,0.0,253.89487396597625,-4.151703508593102,-344.6659073146046,-2.075851754296551,0.0,0.0,0.0,-53.97214561171033,748.9615824188495,0.0,24.910221051558615,0.0,0.0,0.0,0.0,0.0,0.0,0.0,0.0,0.0,0.0,553.4554870494319,0.0,0.0,-1000.0,0.0,0.0,0.0,0.0,0.0,-115.10573376068612,0.0,375.00000000000034,24.910221051558615,0.0,0.0,0.0,0.0,-204.6425992762112,0.1660681403437058,0.0,0.0,0.0,0.0,0.0,0.0,0.0,0.0,0.0,0.0,0.0,0.0,0.0,0.0,0.0,0.0,0.0,0.0,0.0,0.09133747718898287,0.09133747718898287,0.0,348.038231733032,0.0,49.82044210311723,0.0,0.0,0.0,1000.0,0.0,0.0,40.590013021902436,0.0,0.0,549.7210439313744,-1000.0,0.0,0.0,0.0,0.0,0.0,24.910221051558615,0.0,0.0,0.0,0.0,0.0,0.0,0.0,333.3333333333333,-664.0296601261836,0.0,0.0,46.98363642513581,0.0,0.0,166.97679937341684,-141.40962238930786,0.0,-429.9654515291868,0.0,345.07844465516325,0.0,0.0,0.0,0.0,0.0,0.0,0.0,0.0,0.0,0.0,0.0,0.0,0.0,0.0,0.0,0.0,0.0,49.82044210311723,0.0,0.0,0.0,0.0,0.0,0.0,0.0,0.0,0.0,0.0,0.0,0.0,0.8303407017186206,0.0,0.0,40.590013021902436,-40.590013021902436,0.0,0.0,0.0,0.0,24.910221051558615,0.0,0.0,0.0,0.0,0.0,0.0,0.0,0.0,0.0,0.0,331.44179672624375,0.0,0.0,24.910221051558615,24.910221051558615,1000.0,-1000.0,0.0,24.910221051558615,0.0,0.0,0.0,0.0,0.0,-752.5964481173453,0.0,-584.7341493306025,0.08303407017186204,0.0,0.0,0.0,96.82268040840745,429.93769891619564,0.0,-166.97679937341684,0.0,0.0,0.0,0.0,0.0,0.0,75.3604996508124,0.0,0.0,0.0,0.0,0.0,0.0,0.0,0.08303407017186204,0.0,0.0,0.0,0.0,0.0,0.0,0.0,0.0,0.0,-49.65733348466895,0.0,0.0,0.0,-36.03043589179724,-6.227555262889654,-4.151703508593102,0.0,0.0,0.0,0.0,0.0,0.0,0.0,0.0,0.0,0.0,0.0,0.0,0.0,143.52425246424235,0.0,0.0,-49.82044210311723,0.0,0.0,0.0,-0.08303407017186204,0.0,0.0,0.08303407017186204,0.0,0.08303407017186204,226.08149895243722,0.0,0.0,49.82044210311723,101.30156560967171,101.30156560967171,0.0,0.0,0.0,0.0,0.0,0.0,0.0,0.0,0.0,0.0,0.0,0.0,199.10611060991425,0.0,0.0,0.0,0.0,0.0,0.0,0.0,0.0,0.0,0.0,0.0,0.0,0.0,0.0,308.3864217627247,0.0,-440.7319297904296,440.7319297904296,0.12455110525779306,0.0,0.0,0.0,-24.910221051558615,0.0,0.0,0.0,0.0,0.0,-348.038231733032,4.151703508593102,0.0,0.0,0.0,812.5,1000.0,0.0,0.0,0.0,375.00000000000034,0.0,0.0,0.0,0.0,0.0,0.0,0.0,0.0,919.1350274041383,348.038231733032,0.0,538.2192361357884,429.93769891619564,0.0,0.0,0.0,0.0,0.0,-101.30156560967171,0.0,4.151703508593102,554.9114345655457,0.0,0.0,0.0,-196.285759804491,0.0,0.0,-625.0000000003232,625.0000000003232,0.0,0.0,0.0,0.0,0.0,354.26578699592164,-366.720897521701,101.30156560967171,0.0,0.0,0.0,0.0,0.0,0.0,0.0,0.0,0.0,2.67369705953314,0.0,0.0,0.0,-96.82268040840745,0.0,0.0,24.910221051558615,40.590013021902436,0.0,0.0,0.0,-321.25431855885165,0.0,0.0,0.09133747718898287,0.0,0.0,0.0,50.650782804835856,0.0,0.0,0.0,0.0,-179.7323782246526,0.0,0.0,0.0,0.0,0.0,0.0,0.0,0.0,0.0,0.0,0.008303407017186204,0.008303407017186204,0.0,0.0,0.0,0.0,0.0,226.08149895243722,0.0,0.0,0.0,0.0,0.0,0.0,0.0,0.0,0.0,348.038231733032,0.0,0.0,0.0,0.0,0.0,0.0,0.0,0.0,0.0,0.0,0.0,81.18002604380487,883.7644903433966,0.0,-685.863343278854,0.0,0.0,0.0,49.82044210311723,0.0,0.0,0.0,0.0,0.0,0.0,-49.82044210311723,0.0,81.18002604380487,0.0,0.0,0.0,0.0,0.0,0.0,0.0,0.0,0.0,0.0,584.7341493306025,-1000.0,255.98444867763976,-24.910221051558615,0.0,0.0,35.69829961111057,0.0,0.0,0.0,0.0,0.0,0.0,0.0,0.0,0.0,0.0,0.0,0.0,0.0,0.0,0.0,0.0,0.0,-10.379258771482757,0.0,-6.227555262889654,559.5994528687256,0.0,0.0,0.0,0.0,0.0,0.0,-1.0379258771482758,115.10573376068612,0.0,0.0,0.0,0.0,0.0,0.0,0.0,1000.0,24.910221051558615,24.910221051558615,0.0,0.0,0.0,0.0,0.0,0.09133747718898287,348.038231733032,0.0,0.0,-261.7797985635478,0.0,0.0,0.0,0.0,0.0,0.0,0.0,0.0,0.0,0.0,0.0,0.0,0.0,0.0,333.4067143714334,0.0,0.0,3.2089178158902456,0.0,87.18577368045516,0.0,0.0,46.98363642513581,0.0,0.0,0.0,348.038231733032,0.0,-4.151703508593102,0.0,0.0,0.0,-10.379258771482757,0.0,0.0,0.0,0.0,0.0,0.0,0.0,0.0,0.0,0.0,0.0,0.0,0.0,0.0,0.0,0.0,0.0,0.0,-0.08303407017186204,0.0,0.0,4.151703508593102,-549.7210439313744,0.0,0.0,0.0,0.0,0.0,0.0,0.0,0.0,-191.956877168117,2.075851754296551,0.0,0.0,0.0,0.08303407017186204,0.0,83.03407017186204,-22.531643937387003,16.60681403437241,0.5931005012275861,238.08289141127563,-0.06227555262889653,4.151703508593102,1.660681403437241,225.6663286015787,-238.08289141127563,24.910221051558615,-0.08303407017186204,0.0,24.910221051558615,0.02075851754296551,0.5931005012275861,0.0,-53.809036993262055,-1.660681403437241,-414.82977554977504,-0.08303407017186204,0.02075851754296551,-238.08289141127563,8.303407017186204,0.08303407017186204,0.08303407017186204,-347.8638601856712,-40.498675544713386,0.0,-0.06227555262889653,24.910221051558615,0.08303407017186204,24.910221051558615,-41.51703508593103,-0.04151703508593102,335.40352597810346,-316.7728628500828,-0.06227555262889653,-0.08303407017186204,-22.531643937387003,0.08303407017186204,8.303407017186204,-1.660681403437241,308.3864217627247,308.3864217627247,-8.303407017186204,414.82977554977504,-308.3864217627247,16.60681403437241,0.12455110525779306,-1000.0,8.303407017186204,-333.3333333333333,24.910221051558615,-16.60681403437241,0.04151703508593102,0.8303407017186206,0.0,364.6450457674044,-0.08303407017186204,-366.720897521701,347.8638601856712,25.740561753277238,0.08303407017186204,53.809036993262055,-74.73066315467594,24.910221051558615,-0.08303407017186204,-0.02075851754296551,-24.910221051558615,-0.08303407017186204,-204.6425992762112,0.08303407017186204,-0.02075851754296551,-0.02075851754296551,-0.02075851754296551,33.21362806874482,41.51703508593103,0.8303407017186206,243.56055463528773,-0.02075851754296551,0.0,4.151703508593102,106.4730031466987,0.08303407017186204,0.04151703508593102,0.04151703508593102,20.758517542965514,22.531643937387003,0.08303407017186204,-22.531643937387003,0.8303407017186206,0.08303407017186204,-607.6459304286741,0.08303407017186204,0.3321362806866546,-225.6663286015787,0.04151703508593102,0.02075851754296551,24.910221051558615,-0.08303407017186212,0.0,0.8303407017186205,-487.12110927057546,2.0758517542965516,-8.303407017186204,16.60681403437241,4.151703508593102,-0.08303407017186204,0.0,0.12455110525779306,-0.08303407017186204,-41.51703508593103,22.531643937387003,395.41841558373665,0.04151703508593102,-212.9460062933974,-0.08303407017186204,-0.08303407017186204,-0.08303407017186204,0.04151703508593102,238.08289141127563,-16.60681403437241,0.08303407017186204,0.0,-0.02075851754296551,40.498675544713386,0.0,12.455110525779306,316.7728628500828,536.3173694932713,238.08289141127563,-0.06227555262889653,366.720897521701,-364.6450457674044,0.08303407017186204,-0.02075851754296551,4.151703508593102,83.03407017186204,-0.04151703508593102,-0.08303407017186204,0.02075851754296551,0.0,0.0,999.9584829649141,364.08537579338633,146.54263997018137,0.0,917.7635541439374,202.8075463254131,0.0,1000.0,-1000.0,-554.8260501701608,0.0,-500.0,-73.27131998509068,500.0,0.0,-101.40377316270656,-348.038231733032,-74.164097024885,0.0,554.8260501701608,-74.164097024885,-917.7635541439374,492.0954051407136,0.0,1496.5981,bhi
67,0.0,0.0,0.0,0.0,0.0,0.0,0.0,0.0,-0.17030519130009344,0.0,0.0,0.0,0.0,0.0,0.0,0.0,-126.71054174707442,405.49486089592915,0.0,0.0,0.0,0.0,0.0,476.0606079231785,0.0,130.59466634440037,0.0,0.0,0.0,-1000.0,0.0,0.0,0.0,0.0,0.0,0.0,0.0,706.9224794092961,0.0,641.5270573673837,1000.0,0.0,0.0,0.0,0.0,0.0,0.0,0.0,1000.0,0.0,0.0,-60.22200254690705,0.0,0.18733571043027122,0.0,0.0,0.0,0.0,0.0,0.0,-68.0908103578978,0.0,707.7745176256411,639.6837072677433,0.0,0.0,0.0,0.0,0.0,375.1232122800651,0.0,1.7030519130009345,0.0,0.0,0.0,0.0,0.0,0.0,0.0,0.0,0.0,0.0,0.0,0.0,102.18311478005607,0.0,53.0925998440694,20.671748147269987,324.60111020175214,193.71074568956857,-0.04257629782502336,0.0,0.0,-280.63494677959426,51.091557390028036,0.0,51.091557390028036,-5.4838271598642585,731.2647680857887,0.0,0.0,540.7079008016576,-1000.0,0.0,0.0,0.0,0.0,0.0,0.0,0.0,0.0,0.0,0.0,0.0,0.0,0.0,0.0,0.0,0.0,0.0,0.0,0.0,0.0,0.0,-915.2903213041523,0.0,0.0,51.091557390028036,0.0,52.79460930302897,0.0,0.0,112.14690289380815,0.0,-112.14690289380815,112.14690289380815,0.0,0.0,0.0,0.0,0.0,0.0,0.0,0.0,0.0,66.20609957417659,0.17030519130009344,0.0,0.0,0.0,0.0,-1000.0,0.0,0.0,0.0,0.0,1000.0,0.0,0.0,0.0,0.0,0.0,-744.4597876857739,-744.4597876857739,0.0,0.0,0.0,0.0,0.0,0.0,0.0,-744.2894824944738,0.0,0.0,0.0,-90.69395034555787,0.0,0.0,0.0,0.0,0.0,0.0,0.0,0.0,0.0,0.0,0.0,0.0,0.0,0.0,0.0,-1000.0,0.0,0.0,0.0,0.0,0.0,0.0,60.22200254690705,-324.60111020175214,324.60111020175214,0.0,0.0,0.0,0.0,0.0,0.0,0.0,0.0,-21.288148912511687,0.0,0.0,0.0,0.0,0.0,0.0,0.0,0.0,0.0,0.0,0.0,0.0,0.0,0.0,295.10091596982454,66.48853920016737,0.0,0.0,0.0,0.0,0.0,0.0,0.0,0.0,0.0,-68.0908103578978,66.48853920016737,0.0,0.0,0.0,0.0,0.0,0.0,0.0,0.0,0.0,34.06103826001869,0.0,0.0,-294.48618626639393,354.71603413711034,756.2926404924249,0.0,-66.48853920016737,0.0,0.0,0.0,-593.6988752699833,0.0,0.0,0.0,-43.71022478522913,0.0,0.0,217.62210224760335,83.31964605671962,-178.47230829005522,134.30245619088373,0.0,-261.79195434677484,0.0,0.0,-1000.0,0.0,0.0,475.1514837272607,0.0,0.0,0.0,215.57969999805857,0.0,-215.57969999805857,0.0,-903.9078924092822,0.0,0.0,835.4924013442594,0.0,0.0,0.0,-68.0908103578978,-0.25545778695014015,0.0,0.0,0.0,0.0,0.17030519130009344,0.0,0.0,0.0,948.908442609972,-126.71054174707442,0.0,0.0,486.3113994923394,0.0,912.9259020203222,0.0,1000.0,0.0,0.0,0.0,0.0,0.0,-14.663276970938213,14.663276970938213,-1000.0,-954.1609603235197,-1000.0,0.0,0.0,0.0,0.0,0.0,0.0,0.0,0.0,0.0,0.0,0.0,0.0,0.0,0.0,0.0,0.0,0.0,1000.0,0.0,292.3962998255038,0.0,0.0,0.0,0.0,0.0,0.0,-66.20609957417659,0.0,731.2647680857887,0.0,0.0,532.192641236653,0.0,0.0,0.0,0.0,-14.663276970938213,-575.3699710355253,991.4847404349953,770.6840599144241,0.0,0.0,-274.61158018333117,-575.625182264377,-4.257629782502336,-1000.0,-556.5202193527357,0.0,-327.97565223053033,1000.0,592.4004901655347,51.091557390028015,375.0000000000142,-375.0000000000142,0.0,0.0,0.0,0.0,0.0,0.0,0.0,0.0,520.5427429436583,0.0,0.0,0.0,0.0,0.0,0.0,0.0,0.0,-29.996421027656858,0.0,0.0,138.16565536970603,0.0,0.0,0.0,0.0,-755.9906414202035,0.3406103825999981,0.0,0.0,0.0,0.0,0.0,0.0,0.0,0.0,0.0,0.0,0.0,0.0,0.0,0.0,0.0,0.0,0.0,0.0,0.0,0.18733571043027122,0.18733571043027122,0.0,9.869736605422391,0.0,102.18311478005607,0.0,0.0,0.0,-393.62777984720736,0.0,0.0,53.0925998440694,0.0,0.0,1000.0,393.62777984720736,0.0,0.0,576.1456034771769,0.0,0.0,138.16565536970603,0.0,0.0,0.0,0.0,0.0,0.0,0.0,305.09677376805075,-948.908442609972,1000.0,0.0,66.20609957417659,0.0,-280.63494677959426,0.0,0.0,0.0,1000.0,0.0,1000.0,-755.9906414202035,0.0,0.0,0.0,0.0,0.0,0.0,0.0,0.0,0.0,0.0,0.0,0.0,0.0,0.0,0.0,0.0,102.18311478005607,0.0,0.0,0.0,0.0,0.0,0.0,0.0,0.0,0.0,0.0,0.0,0.0,1.7030519130009345,0.0,0.0,53.0925998440694,-53.0925998440694,0.0,60.22200254690705,0.0,0.0,51.091557390028036,-576.1456034771769,0.0,0.0,0.0,0.0,0.0,0.0,0.0,0.0,0.0,0.0,245.85950353955138,0.0,51.091557390028036,51.091557390028036,1000.0,393.62777984720736,0.0,138.16565536970603,0.0,0.0,0.0,0.0,0.0,954.1609603235197,0.0,1000.0,0.17030519130009344,0.0,0.0,0.0,224.91233442481624,0.0,0.0,280.63494677959426,0.0,0.0,0.0,0.0,0.0,0.0,0.0,0.0,0.0,0.0,0.0,0.0,0.0,0.0,0.17030519130009344,0.0,0.0,0.0,0.0,0.0,0.0,0.0,0.0,0.0,0.0,665.058668511612,0.0,0.0,-707.6037001744962,-12.772889347507009,-8.51525956500468,0.0,0.0,437.5,437.5,-437.5,0.0,0.0,0.0,0.0,0.0,0.0,0.0,0.0,0.0,0.0,0.0,272.940097500009,0.0,0.0,0.0,-0.17030519130009344,0.0,0.0,0.17030519130009344,0.0,0.17030519130009344,0.0,375.1232122800651,0.0,102.18311478005607,207.77233338611404,207.77233338611404,0.0,0.0,0.0,0.0,0.0,0.0,0.0,1000.0,0.0,0.0,0.0,0.0,0.0,0.0,0.0,0.0,0.0,0.0,0.0,0.0,0.0,0.0,0.0,0.0,0.0,0.0,0.0,0.0,0.0,-772.2001425050149,772.2001425050149,0.25545778695014015,0.0,0.0,0.0,-51.091557390028036,0.0,0.0,0.0,0.0,0.0,-9.869736605422391,8.515259565004673,0.0,0.0,0.0,0.0,0.0,-13.999086724868938,0.0,0.0,0.0,0.0,0.0,0.0,0.0,0.0,0.0,0.0,576.1456034771769,496.1720618030655,9.869736605422391,0.0,1000.0,0.0,0.0,-80.20518629904552,731.2647680857887,-651.0595817867431,0.0,-801.4712086560974,0.0,8.51525956500468,284.99924364898834,0.0,0.0,0.0,-136.18162071579565,0.0,0.0,0.0,0.0,0.0,0.0,0.0,0.0,0.0,-12.772889347507089,-12.77288934750652,207.77233338611404,0.0,0.0,0.0,0.0,0.0,0.0,0.0,0.0,0.0,0.0,0.0,0.0,35.41551530043646,-224.91233442481624,0.0,0.0,51.091557390028036,53.0925998440694,0.0,0.0,0.0,-89.61823565815408,0.0,0.0,0.18733571043027122,0.0,0.0,0.0,103.886166693057,0.0,0.0,0.0,0.0,295.10091596982454,0.0,0.0,0.0,0.0,0.0,0.0,0.0,0.0,0.0,0.0,0.017030519130009344,0.017030519130009344,0.0,0.0,0.0,0.0,0.0,0.0,0.0,0.0,0.0,0.0,0.0,0.0,0.0,0.0,0.0,9.869736605422391,0.0,0.0,0.0,0.0,0.0,0.0,0.0,0.0,0.0,0.0,0.0,106.1851996881388,0.0,-193.19908094724178,405.49486089592915,0.0,0.0,0.0,102.18311478005607,0.0,0.0,0.0,0.0,0.0,90.23405640129586,-192.41717118135193,0.0,106.1851996881388,0.0,0.0,0.0,0.0,0.0,0.0,0.0,0.0,0.0,0.0,-1000.0,-1000.0,116.65905604056405,0.0,-51.091557390028036,0.0,706.9224794092961,0.0,0.0,0.0,0.0,0.0,0.0,0.0,0.0,0.0,468.75,0.0,-468.75,-468.75,0.0,0.0,0.0,0.0,-21.288148912511687,0.0,-544.96553058416,0.0,0.0,0.0,0.0,0.0,0.0,-2.1288148912511686,0.0,29.996421027656858,0.0,0.0,0.0,0.0,0.0,0.0,0.0,1000.0,51.091557390028036,51.091557390028036,0.0,0.0,0.0,0.0,0.0,0.18733571043027122,9.869736605422391,0.0,0.0,-706.9224794092961,0.0,0.0,0.0,0.0,0.0,0.0,0.0,0.0,0.0,0.0,0.0,0.0,0.0,0.0,508.36434422033983,0.0,0.0,0.0,0.0,178.82045086509814,0.0,0.0,66.20609957417659,0.0,0.0,0.0,9.869736605422391,0.0,0.0,0.0,0.0,0.0,-21.288148912511687,0.0,0.0,0.0,0.0,0.0,0.0,0.0,0.0,0.0,0.0,0.0,0.0,0.0,0.0,0.0,0.0,0.0,0.0,-0.17030519130009344,0.0,0.0,8.515259565004673,-1000.0,0.0,0.0,0.0,0.0,0.0,0.0,0.0,0.0,14.663276970938213,4.257629782502336,0.0,0.0,130.59466634440037,0.17030519130009344,0.0,170.30519130009344,-52.79460930302896,34.06103826001869,1.2164656521435246,475.1514837272607,-0.12772889347507008,274.61158018333117,3.4061038260018695,-0.851525956500268,-475.1514837272607,51.091557390028036,-0.17030519130009344,0.0,138.16565536970603,0.04257629782502336,1.2164656521435246,0.0,-80.20518629904552,-3.4061038260018695,-278.7843191488547,-0.17030519130009344,0.04257629782502336,-475.1514837272607,17.030519130009345,0.17030519130009344,0.17030519130009344,-9.512095703692026,-52.90526413363929,-755.9906414202035,-0.12772889347507008,51.091557390028036,0.17030519130009344,51.091557390028036,-85.15259565004672,-0.08515259565004672,-244.00935857979653,-17.20082432130944,-0.12772889347507008,-0.17030519130009344,-52.79460930302896,0.17030519130009344,17.03051913000934,-3.4061038260018695,0.0,0.0,-17.030519130009345,278.7843191488547,0.0,34.06103826001869,0.25545778695014015,-1000.0,17.030519130009345,-305.09677376805075,138.16565536970603,-34.06103826001869,0.08515259565004672,1.7030519130009345,0.0,43.93077486544108,-0.17030519130009344,-48.18840464794298,9.512095703692026,52.79460930302897,0.17030519130009344,80.20518629904552,-66.2005741904062,138.16565536970603,-0.17030519130009344,-0.04257629782502336,-138.16565536970603,-0.17030519130009344,-755.9906414202035,0.17030519130009344,-0.04257629782502336,-0.04257629782502336,-0.04257629782502336,68.12207652003738,85.15259565004672,1.7030519130009345,306.7903248154262,-0.04257629782502336,0.0,8.515259565004673,386.5105802751064,0.17030519130009344,0.08515259565004672,0.08515259565004672,86.11334681486235,52.79460930302896,0.17030519130009344,-52.79460930302896,1.7030519130009345,0.17030519130009344,-668.0212572373641,0.17030519130009344,0.6812207652001745,0.851525956500268,0.08515259565004672,0.04257629782502336,51.091557390028036,-0.17030519130009344,755.9906414202035,1.7030519130009347,-613.5806496308523,270.3539504008288,-17.03051913000934,34.06103826001869,8.515259565004673,-0.17030519130009344,0.0,0.25545778695014015,-0.17030519130009344,-172.2266936297247,52.79460930302896,424.12861260995646,0.08515259565004672,-773.0211605502128,-0.17030519130009344,-0.17030519130009344,-0.17030519130009344,0.08515259565004672,475.1514837272607,-34.06103826001869,0.17030519130009344,0.0,-0.04257629782502336,52.90526413363929,0.0,25.545778695014015,17.20082432130944,712.2593357974572,475.1514837272607,-0.12772889347507008,48.18840464794298,-43.93077486544108,0.17030519130009344,-0.042576297825023354,8.51525956500468,170.30519130009344,-0.08515259565004672,-0.17030519130009344,0.04257629782502336,0.0,0.0,806.2041017147815,361.23093242193795,-689.0497210177077,0.0,261.653795230073,-3.763744727732234,0.0,1000.0,-554.6037812036769,-34.06103826001869,-193.71074568956857,-500.0,344.52486050885386,277.30189060183847,0.0,1.881872363866117,-9.869736605422391,-334.51037695180236,193.71074568956857,34.06103826001869,-334.51037695180236,-261.653795230073,155.41192514523493,0.0,1496.5981,bhi
68,0.0,0.0,0.0,0.0,0.0,0.0,0.0,0.0,-0.14656897649065057,0.0,0.0,0.0,0.0,0.0,0.0,0.0,925.4425617656236,-506.793275932725,0.0,0.0,0.0,0.0,0.0,0.0,0.0,468.47601894602343,0.0,0.0,0.0,-922.9712833528566,0.0,0.0,0.0,0.0,0.0,0.0,0.0,999.4137240940375,0.0,320.7933434081328,1000.0,0.0,0.0,-209.46635779223,0.0,0.0,0.0,0.0,-748.5892057479214,0.0,0.0,0.0,0.0,0.1612258741398606,0.0,0.0,0.0,29.313795298130113,0.0,0.0,-19.433923379948247,0.0,-815.8832410549182,-949.6408711052497,0.0,0.0,0.0,0.0,0.0,0.0,0.0,1.465689764906506,0.0,0.0,0.0,0.0,0.0,0.0,0.0,0.0,0.0,0.0,0.0,0.0,87.94138589439035,0.0,44.63398440713272,1000.0,-251.41079425207863,-497.17841149584274,-0.03664224412266264,0.0,0.0,1000.0,43.970692947195175,0.0,43.970692947195175,-111.31350240030261,0.0,0.0,0.0,7.328448824532528,-922.9712833528566,0.0,0.0,-178.80171261308462,614.2939165020928,0.0,0.0,0.0,0.0,0.0,0.0,0.0,0.0,0.0,0.0,0.0,0.0,0.0,0.0,0.0,0.0,0.0,-1000.0,0.0,0.0,43.970692947195175,0.0,45.43638271210168,0.0,0.0,0.0,234.95768428662637,-234.95768428662637,234.95768428662637,-114.32370667038325,0.0,0.0,0.0,0.0,0.0,0.0,0.0,0.0,55.91979559691284,0.14656897649065057,0.0,0.0,0.0,-415.5956692392906,-1000.0,0.0,0.0,0.0,0.0,1000.0,0.0,0.0,0.0,0.0,0.0,-871.9743536305726,-871.9743536305726,0.0,0.0,0.0,0.0,812.4999999999985,0.0,0.0,-871.8277846540819,0.0,0.0,0.0,-135.61456683595134,-420.155151162227,0.0,0.0,0.0,0.0,0.0,0.0,0.0,0.0,0.0,-951.8772373332584,0.0,0.0,0.0,0.0,-1000.0,0.0,0.0,0.0,0.0,0.0,0.0,0.0,748.5892057479214,-748.5892057479214,0.0,0.0,0.0,0.0,0.0,0.0,0.0,0.0,-384.59021532846486,0.0,0.0,0.0,0.0,0.0,0.0,0.0,0.0,0.0,0.0,0.0,0.0,0.0,0.0,459.56636218648583,746.1179273351543,0.0,0.0,0.0,114.32370667038325,55.42443059583662,0.0,0.0,0.0,0.0,-19.433923379948247,955.5842851273843,0.0,0.0,0.0,0.0,0.0,0.0,0.0,0.0,0.0,0.0,0.0,0.0,0.0,-1000.0,1000.0,0.0,-746.1179273351543,0.0,0.0,114.32370667038325,844.7146561487984,0.0,0.0,0.0,-75.19660444101032,0.0,0.0,-398.01391692743323,-398.01391692743323,0.0,0.0,0.0,398.01391692743323,497.17841149584274,0.0,-9.614864436882272,0.0,0.0,353.5030138130785,0.0,0.0,0.0,-940.5238061838859,0.0,940.5238061838859,0.0,-1000.0,0.0,114.32370667038325,407.5162362055231,0.0,0.0,0.0,-19.433923379948247,-0.21985346473597583,0.0,0.0,0.0,0.0,0.14656897649065057,0.0,0.0,0.0,900.6048764569682,925.4425617656236,0.0,-461.5414560493388,588.0048986200301,420.155151162227,891.3258150222108,0.0,-798.3835907180082,0.0,-178.80171261308462,0.0,0.0,0.0,796.4561232666821,1.9274674513261516,0.0,-1000.0,-1000.0,0.0,0.0,0.0,0.0,0.0,0.0,0.0,0.0,0.0,0.0,0.0,0.0,0.0,0.0,0.0,0.0,0.0,0.0,0.0,-1000.0,0.0,0.0,106.59398135730373,0.0,921.2525942652136,133.86575518946063,-55.91979559691284,0.0,0.0,0.0,0.0,0.0,0.0,0.0,-934.1112137460744,-1000.0,-1.9274674513261516,34.3533350572854,-24.111542296558355,-6.430838987188281,-1000.0,0.0,926.7827649215419,0.0,996.3357755877338,16.783093472025826,441.4698000972631,0.0,-1000.0,1000.0,676.0827519403107,43.970692947195175,0.0,0.0,0.0,137.6509028814321,0.0,0.0,0.0,0.0,0.0,0.0,983.7343561617844,0.0,0.0,-6.02287582846146,0.0,0.0,0.0,0.0,0.0,-63.923584616014224,0.0,0.0,152.64487792498434,0.0,0.0,0.0,0.0,-385.70608349790723,0.293137952981399,0.0,0.0,0.0,0.0,0.0,0.0,0.0,0.0,0.0,0.0,0.0,0.0,0.0,0.0,0.0,0.0,0.0,0.0,0.0,0.1612258741398606,0.1612258741398606,0.0,78.14253582461656,0.0,87.94138589439035,0.0,0.0,0.0,1000.0,0.0,0.0,44.63398440713272,0.0,0.0,1000.0,-1000.0,0.0,0.0,460.58715877740667,0.0,0.0,152.64487792498434,0.0,0.0,0.0,0.0,0.0,0.0,0.0,333.3333333333333,-900.6048764569682,801.3017527371978,0.0,55.91979559691284,0.0,0.0,1000.0,944.5755694041634,0.0,1000.0,0.0,0.0,614.2939165020928,0.0,0.0,0.0,0.0,0.0,0.0,0.0,0.0,0.0,0.0,0.0,0.0,0.0,0.0,0.0,0.0,87.94138589439035,114.32370667038325,114.32370667038325,0.0,0.0,0.0,0.0,0.0,0.0,0.0,0.0,0.0,0.0,1.465689764906506,0.0,0.0,44.63398440713272,-44.63398440713272,0.0,0.0,0.0,0.0,43.970692947195175,-460.58715877740667,0.0,0.0,0.0,0.0,0.0,0.0,0.0,0.0,0.0,859.6646917508448,0.0,0.0,43.970692947195175,43.970692947195175,1000.0,-1000.0,0.0,152.64487792498434,0.0,0.0,0.0,0.0,0.0,922.9712833528566,0.0,1000.0,0.14656897649065057,0.0,0.0,0.0,193.56527188111707,28.102658271738022,0.0,-1000.0,0.0,0.0,0.0,0.0,0.0,0.0,0.0,0.0,0.0,0.0,0.0,0.0,0.0,0.0,0.14656897649065057,0.0,0.0,0.0,0.0,0.0,0.0,0.0,0.0,0.0,0.0,50.67418576039089,0.0,0.0,-1000.0,-10.992673236798794,-7.328448824532528,0.0,0.0,0.0,0.0,0.0,0.0,0.0,0.0,0.0,0.0,0.0,0.0,114.32370667038325,420.155151162227,0.0,0.0,-316.58879923515684,0.0,0.0,0.0,-0.14656897649065057,0.0,0.0,0.14656897649065057,0.0,0.14656897649065057,0.0,0.0,0.0,87.94138589439035,178.8141513185937,178.8141513185937,0.0,0.0,0.0,0.0,0.0,0.0,0.0,801.3017527371978,0.0,0.0,0.0,0.0,0.0,809.0757121425272,0.0,0.0,0.0,0.0,0.0,0.0,0.0,0.0,0.0,0.0,0.0,0.0,0.0,55.42443059583662,0.0,-468.47601894602343,468.47601894602343,0.21985346473597583,0.0,0.0,0.0,-43.970692947195175,0.0,0.0,0.0,0.0,0.0,-78.14253582461656,7.328448824532528,0.0,0.0,0.0,0.0,-812.4999999999985,-12.047969867531414,0.0,0.0,0.0,0.0,0.0,0.0,0.0,0.0,114.32370667038325,0.0,460.58715877740667,649.4247581884528,78.14253582461656,0.0,633.7309067328665,-150.6990543413466,0.0,-67.96776546444426,0.0,67.96776546444426,0.0,665.9005048302047,0.0,7.328448824532528,385.71103156430445,0.0,0.0,0.0,-153.19155343027967,-874.9999999999995,874.9999999999995,0.0,0.0,0.0,0.0,0.0,0.0,0.0,929.8918908596609,0.0,178.8141513185937,0.0,-636.4893650071862,-636.4893650071863,636.4893650071862,0.0,0.0,0.0,0.0,0.0,0.0,0.0,0.0,111.12055553501295,-193.56527188111707,157.7117401049509,0.0,43.970692947195175,44.63398440713272,0.0,0.0,0.0,176.3544278890373,0.0,0.0,0.1612258741398606,0.0,0.0,0.0,89.40707565929685,0.0,0.0,0.0,0.0,459.56636218648583,0.0,614.2939165020928,0.0,0.0,0.0,0.0,0.0,0.0,-421.7840875619231,0.0,0.014656897649065057,0.014656897649065057,0.0,0.0,0.0,0.0,0.0,0.0,0.0,0.0,0.0,0.0,0.0,0.0,0.0,0.0,0.0,78.14253582461656,0.0,0.0,0.0,0.0,0.0,0.0,0.0,0.0,0.0,0.0,0.0,89.26796881426544,1000.0,92.68105334644365,-506.793275932725,0.0,0.0,0.0,87.94138589439035,0.0,0.0,0.0,0.0,0.0,0.0,-87.94138589439035,0.0,89.26796881426544,0.0,0.0,0.0,0.0,0.0,0.0,0.0,0.0,0.0,0.0,-1000.0,-1000.0,909.4754610386229,0.0,-43.970692947195175,0.0,999.4137240940375,0.0,0.0,0.0,0.0,0.0,0.0,0.0,0.0,0.0,0.0,0.0,0.0,0.0,0.0,0.0,0.0,0.0,-18.321122061331323,114.32370667038325,-10.992673236798794,798.0830389057284,0.0,0.0,0.0,0.0,0.0,-372.7990493733688,370.9669371672357,63.923584616014224,0.0,0.0,0.0,0.0,0.0,0.0,0.0,1000.0,43.970692947195175,43.970692947195175,0.0,0.0,0.0,0.0,0.0,0.1612258741398606,78.14253582461656,0.0,0.0,-999.4137240940375,0.0,0.0,0.0,0.0,0.0,0.0,0.0,0.0,0.0,0.0,0.0,0.0,0.0,0.0,0.0,0.0,0.0,0.0,0.0,153.8974253151831,55.91979559691284,0.0,0.0,0.0,0.0,0.0,78.14253582461656,0.0,0.0,0.0,0.0,0.0,-18.321122061331323,0.0,0.0,0.0,0.0,0.0,0.0,0.0,0.0,0.0,0.0,0.0,0.0,0.0,0.0,0.0,0.0,0.0,0.0,-0.14656897649065057,0.0,0.0,7.328448824532528,-1000.0,0.0,0.0,0.0,0.0,114.32370667038325,0.0,0.0,0.0,-796.4561232666821,3.664224412266264,0.0,0.0,468.47601894602343,0.14656897649065057,0.0,146.56897649065056,-45.43638271210168,29.313795298130117,1.046921260647504,408.92744440891516,-0.10992673236798792,7.328448824532528,2.9313795298130114,-0.7328448824531506,-408.92744440891516,43.970692947195175,-0.14656897649065057,59.600570871028204,152.64487792498434,0.03664224412266264,1.046921260647504,-178.80171261308462,-67.96776546444426,-2.9313795298130114,-418.6492858328986,-0.14656897649065057,0.03664224412266264,-408.92744440891516,14.656897649065057,0.14656897649065057,0.14656897649065057,-77.83474097398604,-44.472758532993005,0.0,-0.10992673236798792,43.970692947195175,0.14656897649065057,43.970692947195175,-73.28448824532529,-0.07328448824532528,-642.3965747738307,-70.22789722139233,-0.10992673236798792,-0.14656897649065057,-45.43638271210168,0.14656897649065057,14.656897649065057,-2.9313795298130114,55.42443059583662,55.42443059583662,-14.656897649065057,418.6492858328986,-55.42443059583662,29.313795298130113,0.21985346473597583,-1000.0,14.656897649065057,-333.3333333333333,152.64487792498434,-29.313795298130113,0.07328448824532528,1.465689764906506,115.3853640123347,107.45633112274668,-0.14656897649065057,-111.12055553501295,77.83474097398604,45.43638271210168,0.14656897649065057,67.96776546444426,-23.237893863796387,152.64487792498434,-0.14656897649065057,-0.03664224412266264,-152.64487792498434,-0.14656897649065057,-1000.0,0.1465689764906415,-0.03664224412266264,-0.03664224412266264,-0.03664224412266264,58.62759059626023,73.28448824532529,1.465689764906506,322.6114388600346,-0.03664224412266264,171.1701571536412,7.328448824532528,200.18149057348614,0.14656897649065057,0.07328448824532528,0.07328448824532528,33.81748327636561,45.43638271210168,0.14656897649065057,-45.43638271210168,1.465689764906506,0.14656897649065057,-750.6557356650795,0.1465689764906506,0.5862759059624523,0.7328448824531506,0.07328448824532528,0.03664224412266264,43.970692947195175,-0.14656897649065057,0.0,1.4656897649065057,-645.2228777200692,3.664224412266264,-14.656897649065057,29.313795298130113,7.328448824532528,-0.1465689764906506,178.80171261308462,0.21985346473597583,-0.14656897649065057,-67.63496655273121,45.43638271210168,45.41758487630588,0.07328448824532528,-400.3629811469723,-0.14656897649065057,-0.1465689764906415,-0.14656897649065057,0.07328448824532528,408.92744440891516,-29.313795298130113,0.14656897649065057,230.7707280246694,-0.03664224412266264,44.472758532993005,-230.7707280246694,21.985346473597584,70.22789722139233,171.19511576573834,408.92744440891516,-0.10992673236798792,111.12055553501295,-107.45633112274668,0.14656897649065057,-0.036642244122662634,7.328448824532528,146.56897649065056,-0.07328448824532528,-0.14656897649065057,0.03664224412266264,1000.0,0.0,999.9267155117547,428.04429680504495,-1000.0,0.0,481.80604721725393,-153.9382287217901,0.0,1000.0,-1000.0,138.2570507062012,0.0,-500.0,500.0,500.0,0.0,76.96911436089505,-78.14253582461656,-221.7720127653432,0.0,-138.2570507062012,-221.7720127653432,-481.80604721725393,245.19352171599263,0.0,1496.5981,bhi
69,0.0,0.0,0.0,0.0,0.0,0.0,0.0,0.0,-0.16616379175343746,0.0,0.0,0.0,0.0,0.0,0.0,0.0,1000.0,0.0,0.0,-826.7617465627421,0.0,0.0,0.0,903.4342276604987,0.0,0.0,0.0,0.0,0.0,201.40457422477922,0.0,0.0,135.20247058406648,0.0,0.0,0.0,0.0,1000.0,0.0,-1000.0,1000.0,0.0,-106.55378267278138,562.5000000000001,0.0,0.0,0.0,0.0,-1000.0,0.0,0.0,870.4583568975607,0.0,0.18278017092894555,0.0,0.0,0.0,33.2327583506875,0.0,0.0,24.242274688025162,0.0,100.23628209989906,0.0,0.0,0.0,0.0,0.0,0.0,0.0,0.0,1.661637917534375,0.0,0.0,0.0,0.0,0.0,0.0,0.0,0.0,0.0,0.0,68.0529130553407,0.0,99.69827505206248,0.0,0.0,990.2950961546128,-946.5984858197942,0.0,-0.04154094793835937,0.0,0.0,0.0,49.84913752603124,0.0,49.84913752603124,-216.80258621485535,733.2895867892792,0.0,68.0529130553407,8.308189587671874,201.40457422477922,0.0,0.0,0.0,553.4555155253752,0.0,0.0,0.0,0.0,0.0,0.0,0.0,0.0,0.0,0.0,0.0,0.0,0.0,0.0,0.0,0.0,0.0,-944.877055100412,0.0,0.0,49.84913752603124,0.0,51.51077544356561,0.0,0.0,-441.1725220086644,0.0,441.1725220086644,-441.1725220086644,0.0,0.0,0.0,-124.47855678792422,0.0,0.0,0.0,0.0,0.0,-55.258301090326015,0.16616379175343746,0.0,0.0,0.0,68.37190320589889,-1000.0,0.0,0.0,0.0,0.0,1000.0,0.0,0.0,0.0,0.0,0.0,377.7987309813127,377.7987309813127,0.0,0.0,0.0,62.37500000000001,0.0,0.0,0.0,377.96489477306613,0.0,0.0,0.0,0.0,-194.58806976538744,0.0,0.0,0.0,0.0,0.0,0.0,0.0,0.0,0.0,-38.0546102041684,0.0,0.0,0.0,0.0,-568.0079681978955,0.0,0.0,0.0,0.0,0.0,0.0,-763.9045742247794,946.5984858197942,-946.5984858197942,0.0,0.0,0.0,0.0,0.0,0.0,0.0,0.0,-834.6272511899765,0.0,0.0,0.0,0.0,0.0,0.0,0.0,0.0,0.0,0.0,0.0,0.0,0.0,0.0,-18.52276567986769,562.5000000000001,0.0,0.0,0.0,124.47855678792422,29.68376011283896,0.0,0.0,0.0,0.0,24.242274688025162,0.0,0.0,0.0,0.0,0.0,0.0,0.0,0.0,0.0,513.9483566020589,0.0,0.0,0.0,999.7507543123698,-1000.0,172.9890077496276,0.0,-562.5000000000001,0.0,0.0,124.47855678792422,-797.2801740608063,0.0,0.0,0.0,-53.65949202501409,0.0,0.0,-807.4582081861064,-807.4582081861065,0.0,0.0,0.0,807.4582081861065,0.0,0.0,1000.0,0.0,0.0,433.9132188792516,0.0,0.0,0.0,-1000.0,0.0,1000.0,0.0,1000.0,0.0,124.47855678792422,-251.48797555176236,62.37500000000001,0.0,0.0,24.242274688025162,-0.24924568763015623,0.0,0.0,0.0,0.0,0.16616379175343746,0.0,0.0,0.0,-25.473286043033568,1000.0,0.0,-593.8364029463593,434.9054893806819,194.58806976538744,831.6546937753807,0.0,-932.7945302393358,0.0,0.0,0.0,0.0,0.0,-14.306702469971128,1000.0,-52.89876729069306,1000.0,-444.84102044917705,0.0,0.0,0.0,0.0,0.0,0.0,0.0,0.0,0.0,0.0,0.0,0.0,0.0,0.0,0.0,0.0,0.0,-11.112233246872506,0.0,-1000.0,0.0,0.0,725.4004687224538,0.0,0.0,0.0,-458.6900555117329,0.0,733.2895867892792,0.0,0.0,0.0,0.0,0.0,0.0,0.0,-1000.0,9.826216232589331,377.7340521847625,0.0,-170.84077830531044,0.0,-8.308189587671874,1000.0,-4.154094793835937,-386.04224177243435,0.0,0.0,-356.9635782155828,525.6185728163307,0.0,49.84913752603124,0.0,0.0,0.0,0.0,0.0,0.0,0.0,0.0,0.0,0.0,-247.4315175486509,0.0,0.0,-622.3674328104407,0.0,0.0,0.0,0.0,0.0,-75.9940074118739,0.0,0.0,218.19444375065052,0.0,0.0,0.0,0.0,-446.5444844746248,0.33232758350698594,0.0,0.0,0.0,0.0,0.0,0.0,0.0,0.0,0.0,0.0,0.0,0.0,0.0,0.0,0.0,0.0,0.0,0.0,0.0,0.18278017092894555,0.18278017092894555,0.0,3.508997700296618,0.0,99.69827505206248,0.0,0.0,0.0,-639.5418126060216,0.0,0.0,0.0,0.0,0.0,1000.0,639.5418126060216,0.0,0.0,0.0,0.0,0.0,218.19444375065052,0.0,0.0,0.0,0.0,0.0,0.0,0.0,314.959018366804,25.473286043033568,378.17258126872593,0.0,12.794611965014678,0.0,0.0,0.0,-29.68376011283896,0.0,948.96681687316,0.0,0.0,553.4555155253752,0.0,0.0,0.0,0.0,0.0,0.0,0.0,0.0,0.0,0.0,0.0,0.0,0.0,0.0,0.0,0.0,99.69827505206248,124.47855678792422,124.47855678792422,0.0,0.0,0.0,0.0,0.0,0.0,0.0,0.0,0.0,0.0,1.661637917534375,0.0,0.0,0.0,0.0,0.0,-763.9045742247794,0.0,0.0,49.84913752603124,0.0,0.0,0.0,0.0,0.0,0.0,0.0,0.0,0.0,0.0,123.1027603585431,0.0,0.0,49.84913752603124,49.84913752603124,1000.0,639.5418126060216,0.0,218.19444375065052,0.0,0.0,0.0,0.0,0.0,-340.86243294319786,0.0,-273.34900510737964,0.16616379175343746,0.0,0.0,0.0,219.44302469495037,0.0,0.0,0.0,0.0,0.0,0.0,0.0,0.0,0.0,3.9256294712953856,0.0,0.0,0.0,0.0,0.0,0.0,0.0,0.16616379175343746,0.0,0.0,0.0,0.0,0.0,0.0,0.0,0.0,0.0,0.0,1000.0,0.0,0.0,-988.8877667531275,-12.462284381507812,0.0,-8.308189587671874,0.0,0.0,0.0,0.0,0.0,0.0,0.0,0.0,0.0,0.0,0.0,124.47855678792422,194.58806976538744,0.0,0.0,-348.65538862791095,0.0,0.0,0.0,-0.16616379175343746,0.0,0.0,0.16616379175343746,0.0,0.16616379175343746,11.776888413886157,0.0,0.0,99.69827505206248,202.71982593919373,202.71982593919373,0.0,0.0,0.0,0.0,0.0,0.0,0.0,378.17258126872593,0.0,0.0,0.0,0.0,0.0,0.0,0.0,0.0,0.0,0.0,0.0,0.0,0.0,0.0,0.0,0.0,0.0,0.0,0.0,29.68376011283896,0.0,-589.5462048598004,589.5462048598004,0.24924568763015623,0.0,0.0,0.0,-49.84913752603124,0.0,0.0,0.0,0.0,0.0,-3.508997700296618,8.308189587671874,0.0,0.0,0.0,-62.37500000000001,0.0,458.6900555117329,-8.308189587671874,0.0,0.0,0.0,0.0,0.0,0.0,0.0,124.47855678792422,0.0,0.0,-5.080521224385507,3.508997700296618,0.0,186.14322277920314,0.0,0.0,0.0,733.2895867892792,-733.2895867892792,0.0,-1000.0,0.0,8.308189587671874,350.26217749979395,0.0,0.0,0.0,-75.9940074118739,0.0,0.0,0.0,0.0,0.0,0.0,0.0,0.0,0.0,54.02589228597283,-40.89585084482011,202.71982593919373,0.0,0.0,0.0,0.0,0.0,0.0,0.0,0.0,0.0,513.9483566020589,0.0,0.0,0.0,-219.44302469495037,0.0,-106.55378267278138,49.84913752603124,0.0,0.0,0.0,0.0,-48.24354989937559,0.0,0.0,0.18278017092894555,0.0,0.0,0.0,101.35991296959686,0.0,0.0,0.0,0.0,-18.52276567986769,0.0,553.4555155253752,0.0,0.0,0.0,0.0,0.0,0.0,0.0,0.0,0.016616379175343747,0.016616379175343747,0.0,0.0,0.0,0.0,0.0,11.776888413886157,0.0,0.0,0.0,0.0,0.0,0.0,0.0,0.0,0.0,3.508997700296618,0.0,0.0,0.0,0.0,0.0,0.0,0.0,0.0,0.0,0.0,0.0,0.0,-8.838012857007612,418.1716920694862,0.0,0.0,0.0,0.0,99.69827505206248,0.0,0.0,0.0,0.0,0.0,0.0,-99.69827505206248,0.0,0.0,0.0,0.0,0.0,0.0,0.0,0.0,0.0,0.0,0.0,0.0,828.5079846582026,860.5421412815814,113.82219735110468,492.9563507153088,-542.8054882413401,0.0,988.2231115861139,0.0,0.0,0.0,0.0,0.0,0.0,0.0,0.0,0.0,0.0,0.0,0.0,0.0,0.0,0.0,0.0,0.0,-20.770473969179687,124.47855678792422,-12.462284381507812,28.433566463312296,0.0,0.0,0.0,0.0,0.0,-2.0770473969179686,0.0,75.9940074118739,0.0,0.0,0.0,0.0,0.0,0.0,0.0,1000.0,49.84913752603124,49.84913752603124,0.0,0.0,0.0,0.0,0.0,0.18278017092894555,3.508997700296618,0.0,0.0,-1000.0,0.0,0.0,0.0,0.0,0.0,0.0,0.0,0.0,0.0,0.0,0.0,0.0,0.0,0.0,300.66154663684324,0.0,0.0,0.0,0.0,174.47198134110937,12.794611965014678,0.0,0.0,0.0,0.0,0.0,3.508997700296618,0.0,49.907826995865435,0.0,0.0,0.0,-20.770473969179687,0.0,0.0,0.0,0.0,0.0,0.0,0.0,0.0,0.0,0.0,0.0,0.0,0.0,0.0,0.0,0.0,0.0,0.0,-0.16616379175343746,0.0,0.0,8.308189587671874,-1000.0,0.0,0.0,0.0,0.0,124.47855678792422,0.0,0.0,0.0,14.306702469971128,4.154094793835937,0.0,0.0,0.0,0.16616379175343746,0.0,166.16379175343747,-51.51077544356561,33.2327583506875,1.1868842268102677,463.5969789920905,-0.12462284381507811,8.308189587671874,3.32327583506875,10.94606945511907,-463.5969789920905,49.84913752603124,-0.16616379175343748,0.0,218.19444375065052,0.04154094793835937,1.1868842268102677,0.0,-26.453275647147137,-3.32327583506875,-173.23825343725787,-0.16616379175343748,0.04154094793835937,-463.5969789920905,16.61637917534375,0.16616379175343748,0.16616379175343746,-3.160053737614235,0.18278017092878124,-581.7469550586914,-0.12462284381507811,49.84913752603124,0.16616379175343748,49.84913752603124,-83.08189587671873,-0.08308189587671874,-418.2530449413087,-46.46630307993615,-0.12462284381507811,-0.16616379175343748,-51.51077544356561,0.16616379175343746,16.61637917534375,-3.32327583506875,29.68376011283896,29.68376011283896,-16.61637917534375,173.23825343725787,-29.68376011283896,33.2327583506875,0.24924568763015623,-279.9095331519715,16.61637917534375,-314.959018366804,218.19444375065052,-33.2327583506875,0.08308189587671874,1.661637917534375,148.45910073658982,36.741756050984115,-0.16616379175343746,-40.89585084482011,3.160053737614235,51.51077544356561,0.16616379175343748,26.453275647147137,18.797893646525427,218.19444375065052,-0.16616379175343746,-0.04154094793835937,-218.19444375065052,-0.16616379175343746,-1000.0,0.16616379175355117,-0.04154094793835937,-0.04154094793835937,-0.04154094793835937,66.465516701375,83.08189587671873,1.661637917534375,123.10659921532772,-0.04154094793835937,296.91820147317964,8.308189587671874,231.58043182498426,0.16616379175343746,0.08308189587671874,0.08308189587671873,63.4743226567069,51.51077544356561,0.16616379175343746,-51.51077544356561,1.661637917534375,0.16616379175343748,-123.10659921532772,0.16616379175343748,0.6646551670136205,-10.94606945511907,0.08308189587671874,0.04154094793835937,49.84913752603124,-0.16616379175343748,581.7469550586914,1.661637917534375,-246.21319843065544,4.154094793835938,-16.61637917534375,33.2327583506875,8.308189587671874,-0.16616379175343748,0.0,0.24924568763015623,-0.16616379175343748,-126.9486453134138,51.51077544356561,495.97688432080406,0.08308189587671874,-463.1608636499685,-0.16616379175343748,-0.16616379175355117,-0.16616379175343748,0.08308189587671874,463.5969789920905,-33.2327583506875,0.16616379175343746,296.91820147317964,-0.04154094793835937,-0.18278017092878124,-296.91820147317964,24.924568763015618,46.46630307993615,-60.037194530918924,463.5969789920905,-0.12462284381507811,40.89585084482011,-36.741756050984115,0.16616379175343748,-0.041540947938359364,8.308189587671874,166.16379175343747,-0.08308189587671874,-0.16616379175343748,0.04154094793835937,163.8893389401574,0.0,279.8264512560948,0.0,-739.8198540360881,0.0,-5.660027839556863,-138.8746903818176,0.0,-529.5927062925706,214.1987591979634,158.7966001388353,0.0,264.7963531462853,369.9099270180441,-107.0993795989817,0.0,69.4373451909088,-3.508997700296618,-447.7333344214285,0.0,-158.7966001388353,-447.7333344214285,5.660027839556863,-20.53715033071302,0.0,1496.5981,bhi
70,0.0,0.0,0.0,0.0,0.0,0.0,0.0,0.0,-0.17660842972761626,0.0,0.0,0.0,0.0,0.0,0.0,0.0,320.90741254141176,621.4515324576307,0.0,-1000.0,0.0,0.0,0.0,0.0,0.0,541.017058811959,0.0,0.0,0.0,-728.0340965552874,0.0,0.0,0.0,0.0,0.0,0.0,0.0,-30.930022992964304,0.0,-1000.0,709.3434510541032,0.0,-740.7386879401591,-918.5153919015689,0.0,0.0,0.0,0.0,935.5184280414505,-592.0373329476428,0.0,318.07194106443313,0.0,0.19426927270032518,0.0,0.0,0.0,35.32168594552325,0.0,0.0,-15.553315711345931,0.0,-718.4321054187554,-733.9854211301015,0.0,0.0,0.0,0.0,923.4428671074595,-613.9792471488073,0.0,1.7660842972761626,0.0,0.0,0.0,0.0,0.0,0.0,0.0,199.67451839882185,0.0,0.0,0.0,0.0,105.96505783656977,0.0,0.0,-177.09006471828155,179.87900652073733,711.2790697561499,199.87649946503737,0.0,0.0,-1000.0,52.982528918284885,0.0,52.982528918284885,0.0,0.0,0.0,0.0,582.2001411812599,-728.0340965552874,0.0,0.0,-448.5579636881664,0.0,0.0,0.0,0.0,0.0,0.0,0.0,0.0,0.0,0.0,0.0,0.0,0.0,0.0,0.0,0.0,0.0,0.0,-1000.0,0.0,0.0,52.982528918284885,0.0,54.74861321556105,0.0,0.0,-440.80816689187,249.00718997548978,191.80097691638022,-191.80097691638022,0.0,0.0,0.0,0.0,0.0,0.0,0.0,0.0,0.0,13.598849089026444,0.17660842972761626,199.92065157246927,0.0,0.0,-627.3337822405779,0.0,0.0,0.0,0.0,0.0,1000.0,0.0,0.0,0.0,0.0,0.0,999.8233915702724,999.8233915702724,0.0,0.0,0.0,0.0,937.6249999999998,0.0,0.0,1000.0,0.0,0.0,0.0,891.5558899284777,-313.6953527119624,0.0,0.0,0.0,0.0,0.0,0.0,0.0,0.0,0.0,0.0,0.0,0.0,0.0,0.0,-46.21876953745189,0.0,0.0,0.0,0.0,0.0,592.0373329476428,422.666746875726,-181.09511019889493,181.09511019889493,0.0,0.0,0.0,0.0,0.0,0.0,0.0,0.0,-1000.0,0.0,0.0,0.0,0.0,0.0,0.0,0.0,0.0,0.0,0.0,0.0,0.0,0.0,0.0,-216.7996162174701,-951.0584909033008,0.0,0.0,0.0,0.0,0.0,0.0,0.0,0.0,0.0,-15.553315711345931,-32.54309900173189,0.0,0.0,0.0,0.0,0.0,0.0,0.0,0.0,5.686791437231136,0.0,0.0,0.0,1000.0,620.2354287794731,1000.0,0.0,951.0584909033008,0.0,0.0,0.0,246.5115648417314,0.0,0.0,0.0,278.219480231106,0.0,0.0,-958.3351404202608,0.0,0.0,-958.3351404202608,0.0,0.0,-1.2161036781575376,0.0,-1000.0,592.0373329476428,0.0,492.7375189400495,0.0,0.0,0.0,-1000.0,0.0,1000.0,0.0,1000.0,0.0,0.0,489.06703631183336,0.0,0.0,0.0,-15.553315711345931,-0.2649126445914244,0.0,0.0,0.0,0.0,0.17660842972761626,0.0,0.0,0.0,-12.45055081806413,320.90741254141176,0.0,-299.0386424587776,-529.6951771935766,313.6953527119624,762.325979972388,0.0,0.0,0.0,-448.5579636881664,0.0,0.0,0.0,-15.205985799547705,-803.9829859216948,819.1889717212425,-955.9404453565807,-1000.0,0.0,0.0,0.0,0.0,0.0,0.0,0.0,0.0,0.0,0.0,0.0,0.0,0.0,0.0,0.0,0.0,0.0,-463.30643933851763,0.0,-1000.0,0.0,566.9171499355363,0.0,0.0,0.0,0.0,-19.28564052625758,0.0,0.0,0.0,0.0,573.3697196948791,-119.45988118576474,1000.0,-295.5152813338204,55.267121570271854,0.0,1000.0,701.5321089450551,-56.992222349477856,-1000.0,-1000.0,0.0,211.3059279514942,-59.68233231346226,-710.362530431436,102.1326961122279,0.0,0.0,0.0,198.26565749405452,52.982528918284885,0.0,0.0,0.0,0.0,0.0,0.0,0.0,0.0,0.0,0.0,-368.2813062250153,0.0,3.5975168583528627,-0.3532168594552325,0.0,0.0,0.0,0.0,0.0,-31.10663142269192,0.0,-624.9999999999867,0.0,0.0,0.0,0.0,0.0,-897.1159273763328,0.3532168594553505,0.0,0.0,0.0,0.0,0.0,0.0,0.0,0.0,0.0,0.0,0.0,0.0,0.0,0.0,0.0,0.0,0.0,0.0,0.0,0.19426927270032518,0.19426927270032518,0.0,223.0207134840538,0.0,105.96505783656977,0.0,0.0,0.0,1000.0,0.0,0.0,0.0,0.0,0.0,767.1117005575788,-1000.0,0.0,0.0,0.0,0.0,0.0,0.0,0.0,0.0,0.0,0.0,0.0,0.0,0.0,333.3333333333333,12.45055081806413,627.3337822405779,0.0,13.598849089026444,0.0,0.0,-1000.0,-1000.0,0.0,767.1117005575788,0.0,-130.00422681875398,0.0,0.0,0.0,0.0,0.0,0.0,0.0,0.0,0.0,0.0,0.0,0.0,0.0,0.0,0.0,0.0,0.0,105.96505783656977,0.0,0.0,0.0,0.0,0.0,0.0,0.0,0.0,0.0,0.0,0.0,0.0,1.7660842972761626,0.0,0.0,0.0,0.0,0.0,422.666746875726,0.0,0.0,52.982528918284885,0.0,0.0,0.0,0.0,0.0,0.0,0.0,0.0,0.0,0.0,712.313044979421,-38.86839739470406,0.0,52.98252891828488,52.982528918284885,1000.0,-1000.0,0.0,0.0,0.0,0.0,0.0,0.0,0.0,683.9745419118681,0.0,1000.0,0.17660842972761626,0.0,0.0,0.0,233.2366612309927,0.0,0.0,1000.0,0.0,0.0,0.0,0.0,0.0,0.0,0.0,0.0,0.0,0.0,0.0,0.0,0.0,0.0,0.17660842972761626,0.0,0.0,0.0,-1000.0,1000.0,0.0,0.0,0.0,566.9171499355363,-19.28564052625758,0.0,0.0,0.0,-536.6935606614824,-13.245632229571218,-8.830421486380812,0.0,0.0,0.0,0.0,0.0,0.0,0.0,0.0,0.0,0.0,0.0,0.0,0.0,313.6953527119624,0.0,0.0,207.09607898043532,0.0,0.0,0.0,-0.17660842972761626,0.0,0.0,0.17660842972761626,0.0,0.17660842972761626,0.0,309.4636199586522,0.0,105.96505783656977,215.46228426769187,215.46228426769187,0.0,0.0,0.0,0.0,0.0,0.0,0.0,627.3337822405779,0.0,0.0,0.0,0.0,0.0,0.0,0.0,0.0,0.0,0.0,0.0,0.0,0.0,0.0,0.0,0.0,0.0,0.0,0.0,0.0,0.0,-1000.0,1000.0,0.2649126445914244,0.0,0.0,0.0,-52.982528918284885,0.0,0.0,0.0,0.0,0.0,-223.0207134840538,8.830421486380812,0.0,0.0,0.0,0.0,-937.6249999999998,0.0,0.0,0.0,-624.9999999999867,0.0,0.0,0.0,0.0,0.0,0.0,0.0,0.0,232.6364806928469,223.0207134840538,0.0,22.07605371595203,-448.5579636881664,0.0,0.0,0.0,0.0,0.0,31.049280574039642,0.0,8.830421486380812,313.5936770206481,0.0,0.0,0.0,-31.10663142269192,0.0,0.0,0.0,0.0,0.0,0.0,0.0,0.0,0.0,0.0,-26.491264459142485,215.46228426769187,0.0,0.0,0.0,0.0,0.0,0.0,0.0,0.0,0.0,5.686791437231136,0.0,0.0,236.26634571362501,-233.2366612309927,0.0,-740.7386879401591,52.982528918284885,0.0,0.0,0.0,0.0,-210.2779121073769,0.0,0.0,0.19426927270032518,0.0,0.0,0.0,107.73114213384594,0.0,0.0,0.0,0.0,-216.7996162174701,0.0,0.0,0.0,0.0,0.0,0.0,0.0,0.0,0.0,0.0,0.017660842972761624,0.017660842972761624,0.0,0.0,0.0,0.0,0.0,0.0,0.0,0.0,0.0,0.0,0.0,0.0,0.0,0.0,0.0,223.0207134840538,0.0,0.0,0.0,0.0,0.0,0.0,0.0,592.0373329476428,0.0,0.0,0.0,0.0,0.0,0.0,621.4515324576307,0.0,0.0,0.0,105.96505783656977,0.0,0.0,0.0,0.0,0.0,-611.5290765501546,505.56401871358486,0.0,0.0,0.0,0.0,0.0,0.0,0.0,0.0,0.0,0.0,0.0,0.0,-1000.0,-1000.0,120.97677436341718,-52.982528918284885,0.0,0.0,535.987126942572,0.0,0.0,0.0,0.0,0.0,0.0,0.0,0.0,0.0,156.25000000000003,0.0,-156.25000000000003,-156.25000000000003,0.0,0.0,0.0,0.0,-22.07605371595203,0.0,-586.6153519244504,13.24563222957125,0.0,0.0,0.0,0.0,0.0,-2.2076053715952035,0.0,31.10663142269192,0.0,0.0,0.0,0.0,0.0,0.0,0.0,1000.0,52.98252891828488,52.98252891828488,0.0,0.0,0.0,0.0,199.67451839882185,0.19426927270032518,223.0207134840538,0.0,0.0,-535.987126942572,0.0,0.0,0.0,0.0,0.0,0.0,0.0,0.0,0.0,0.0,0.0,0.0,0.0,0.0,384.2232805733466,0.0,0.0,0.0,0.0,185.4388512139971,0.0,0.0,13.598849089026444,0.0,0.0,0.0,223.0207134840538,0.0,-8.830421486380812,0.0,0.0,0.0,-22.07605371595203,0.0,0.0,0.0,0.0,0.0,0.0,0.0,0.0,0.0,0.0,0.0,0.0,0.0,0.0,0.0,0.0,0.0,0.0,-0.17660842972761626,0.0,0.0,8.830421486380812,-767.1117005575788,0.0,0.0,0.0,0.0,0.0,0.0,0.0,0.0,15.205985799547705,4.415210743190406,0.0,0.0,541.017058811959,0.17660842972761626,0.0,176.60842972761625,-54.74861321556105,35.32168594552325,1.2614887837686874,492.7375189400495,-0.1324563222957122,295.5152813338204,3.532168594552325,-0.8830421486379691,-492.7375189400495,52.98252891828488,-0.17660842972761626,149.5193212293888,0.0,0.044152107431904064,1.2614887837686874,-448.5579636881664,-28.116062012638395,-3.532168594552325,57.64105500095752,-0.17660842972761626,0.044152107431904064,-492.7375189400495,451.84941418920795,0.17660842972761626,0.17660842972761626,-222.64983578162585,0.1942692727003779,0.0,-0.1324563222957122,52.982528918284885,0.17660842972761626,52.982528918284885,-88.30421486380814,-0.08830421486380813,-102.88407262366718,-17.83745140248924,-0.1324563222957122,-0.17660842972761626,-54.74861321556105,0.17660842972761626,17.660842972761625,-3.532168594552325,0.0,0.0,-17.6608429727616,-57.64105500095752,0.0,35.32168594552325,0.2649126445914244,-1000.0,17.660842972761625,-333.3333333333333,0.0,-35.32168594552325,0.08830421486380813,1.7660842972761626,74.7596606146944,258.34239942957703,-0.17660842972761626,-262.7576101727675,222.64983578162585,54.74861321556105,0.17660842972761626,28.116062012638395,-646.1186868895852,0.0,-0.17660842972761626,-0.044152107431904064,0.0,-0.17660842972761626,-897.1159273763328,0.17660842972761626,-0.044152107431904064,-0.044152107431904064,-0.044152107431904064,70.6433718910465,88.30421486380814,1.7660842972761626,146.805555200913,-0.044152107431904064,0.0,8.830421486380812,457.38838517454724,0.17660842972761626,0.08830421486380813,0.08830421486380813,17.660842972761625,54.74861321556105,0.17660842972761626,-54.74861321556105,1.7660842972761626,0.17660842972761626,-178.7271248538832,0.17660842972761626,0.7064337189103753,0.8830421486379691,0.08830421486380813,0.044152107431904064,52.982528918284885,-0.17660842972761626,0.0,1.7660842972761626,-293.611110401826,291.10007059062997,-17.660842972761625,35.32168594552325,8.830421486380812,-0.17660842972761626,448.5579636881664,0.2649126445914244,-0.17660842972761626,-35.32168594552325,54.74861321556105,462.9258510315535,0.08830421486380813,-914.7767703490945,-0.17660842972761626,-0.17660842972761626,-0.17660842972761626,0.08830421486380813,492.7375189400495,-35.32168594552325,0.17660842972761626,149.5193212293888,-0.044152107431904064,-0.1942692727003779,-149.5193212293888,26.49126445914244,17.83745140248924,451.15713117906705,492.7375189400495,-0.1324563222957122,262.7576101727675,-258.34239942957703,0.17660842972761626,-0.04415210743190406,8.830421486380812,176.60842972761625,-0.08830421486380813,-0.17660842972761626,0.044152107431904064,0.0,0.0,289.8487297071439,31.92156965297019,-776.9729206670256,0.0,-122.77539753200784,-452.4610099851467,434.18857121644635,147.9916303092624,781.5175839676585,569.9360425791026,-710.0629660779923,-73.9958151546312,388.4864603335128,-390.75879198382927,-434.18857121644635,226.23050499257334,-223.0207134840538,-252.64793892417663,710.0629660779923,-569.9360425791026,-252.64793892417663,122.77539753200784,252.84122319240782,0.0,1496.5981,bhi
71,0.0,0.0,0.0,0.0,0.0,0.0,0.0,0.0,-0.15452069089281767,0.0,0.0,0.0,0.0,0.0,0.0,0.0,156.36553629984576,109.2020497685553,0.0,0.0,0.0,0.0,0.0,0.0,0.0,0.0,0.0,0.0,0.0,-742.9340075465612,0.0,0.0,258.58121030088955,0.0,0.0,0.0,0.0,-170.91979987927607,0.0,-148.35640173483898,612.1295491077282,0.0,0.0,0.0,0.0,0.0,617.1509948055793,0.0,586.5684712467155,0.0,0.0,0.0,0.0,0.16997275998252676,0.0,0.0,0.0,0.0,0.0,0.0,135.22552028303528,0.0,311.27540709995503,0.0,0.0,0.0,0.0,0.0,375.1139694175156,-168.19450825077567,0.0,1.5452069089281768,0.0,0.0,0.0,0.0,0.0,0.0,0.0,0.0,0.0,0.0,0.0,0.0,92.71241453569061,0.0,0.0,0.0,0.0,421.93312236824676,-0.03863017272320442,0.0,0.0,0.0,46.356207267845306,0.0,46.356207267845306,-4.975566246750873,0.0,0.0,0.0,7.726034544640884,-742.9340075465612,0.0,0.0,-329.15317997319175,0.0,913.9257838848957,0.0,0.0,0.0,0.0,0.0,0.0,0.0,0.0,0.0,0.0,0.0,0.0,0.0,0.0,0.0,0.0,-980.4433241993036,0.0,0.0,46.356207267845306,0.0,47.90141417677348,0.0,0.0,0.0,0.0,0.0,0.0,0.0,0.0,0.0,-446.5009273829903,0.0,0.0,0.0,0.0,0.0,11.898093198746961,0.15452069089281767,0.0,0.0,0.0,0.0,-1000.0,0.0,0.0,0.0,0.0,1000.0,0.0,0.0,0.0,0.0,0.0,-616.9964741146865,-616.9964741146865,0.0,0.0,0.0,-687.5,0.0,0.0,0.0,-616.8419534237937,0.0,0.0,0.0,-715.4075445275319,0.0,0.0,0.0,0.0,0.0,0.0,0.0,0.0,0.0,0.0,0.0,0.0,0.0,0.0,0.0,-1000.0,0.0,0.0,0.0,0.0,0.0,0.0,0.0,-421.93312236824676,421.93312236824676,446.5009273829903,0.0,0.0,0.0,0.0,0.0,0.0,0.0,-19.31508636160221,0.0,0.0,0.0,0.0,0.0,0.0,0.0,0.0,0.0,0.0,0.0,0.0,0.0,0.0,508.4040543997005,0.0,0.0,0.0,0.0,0.0,-236.25966427084722,0.0,0.0,0.0,0.0,135.22552028303528,0.0,0.0,0.0,0.0,0.0,0.0,0.0,0.0,0.0,0.0,30.904138178563535,0.0,0.0,578.0668776317532,1000.0,164.63534887846873,0.0,0.0,0.0,0.0,446.5009273829903,536.8590798190802,0.0,0.0,0.0,-164.40675275814516,0.0,0.0,-903.9554276346612,0.0,0.0,-903.9554276346612,0.0,0.0,-421.93312236824676,0.0,-899.299543846407,0.0,0.0,220.8714644788182,0.0,0.0,0.0,-994.7675043430767,0.0,994.7675043430767,0.0,0.0,0.0,0.0,0.0,-687.5,0.0,0.0,135.22552028303528,-0.2317810363392265,0.0,0.0,0.0,0.0,0.15452069089281767,0.0,0.0,0.0,743.4025296200116,156.36553629984576,0.0,-353.84127949898004,568.0391924453605,0.0,564.3439652302361,0.0,-294.6113686293732,0.0,-329.15317997319175,0.0,0.0,0.0,294.6113686293732,1000.0,-1000.0,0.0,-1000.0,0.0,0.0,0.0,0.0,0.0,0.0,0.0,0.0,0.0,0.0,0.0,0.0,0.0,0.0,0.0,0.0,0.0,430.23986521234053,0.0,0.0,0.0,600.5415823280455,0.0,0.0,0.0,0.0,-11.898093198746961,0.0,0.0,0.0,0.0,0.0,-375.1139694175156,812.5000000000008,593.569097588073,0.0,-1000.0,0.0,514.5028773683991,-330.61916334943305,814.6414529470088,-812.5000000000008,-601.2951321327139,1000.0,-3.863017272320442,-522.2289119130401,720.1057124950369,0.0,213.4791573204277,0.0,-1000.0,46.356207267845306,0.0,0.0,0.0,178.7722561619479,0.0,0.0,0.0,0.0,0.0,0.0,599.0978513148169,0.0,0.0,0.0,0.0,0.0,0.0,0.0,0.0,-176.04988681691975,0.0,0.0,94.14179114533738,0.0,0.0,0.0,0.0,-537.9521528681448,0.3090413817854641,0.0,0.0,0.0,0.0,0.0,0.0,0.0,0.0,0.0,0.0,0.0,0.0,0.0,0.0,0.0,0.0,0.0,0.0,0.0,0.16997275998252676,0.16997275998252676,0.0,80.36668796899468,0.0,92.71241453569061,0.0,0.0,0.0,0.0,0.0,0.0,0.0,0.0,0.0,1000.0,0.0,0.0,0.0,0.0,0.0,0.0,94.14179114533738,0.0,0.0,0.0,0.0,0.0,0.0,0.0,326.8144413997679,-743.4025296200116,1000.0,0.0,11.898093198746961,0.0,0.0,0.0,-210.2412631121431,0.0,1000.0,0.0,462.0478471318552,0.0,0.0,0.0,0.0,0.0,0.0,0.0,0.0,0.0,0.0,0.0,0.0,0.0,0.0,0.0,0.0,0.0,92.71241453569061,446.5009273829903,446.5009273829903,0.0,0.0,0.0,0.0,0.0,0.0,0.0,0.0,0.0,0.0,1.5452069089281768,0.0,0.0,0.0,0.0,0.0,0.0,0.0,0.0,46.356207267845306,0.0,0.0,0.0,0.0,0.0,0.0,0.0,0.0,0.0,0.0,-330.4014554161846,0.0,0.0,46.356207267845306,46.356207267845306,1000.0,0.0,0.0,94.14179114533738,0.0,0.0,0.0,0.0,0.0,455.8429741825612,0.0,622.1812355768666,0.15452069089281767,0.0,0.0,0.0,204.06664670837898,138.22700322265086,0.0,0.0,0.0,0.0,0.0,0.0,0.0,0.0,0.0,0.0,0.0,0.0,0.0,0.0,0.0,0.0,0.15452069089281767,0.0,0.0,0.0,0.0,0.0,0.0,0.0,0.0,600.5415823280455,0.0,-11.898093198746961,0.0,0.0,-430.23986521234053,-11.589051816961327,-5.443940803563495,-2.2820937410773867,0.0,0.0,0.0,0.0,0.0,0.0,0.0,0.0,0.0,0.0,0.0,446.5009273829903,0.0,0.0,0.0,-778.7948081349314,0.0,0.0,0.0,-0.15452069089281767,0.0,0.0,0.15452069089281767,0.0,0.15452069089281767,0.0,206.91946116673992,0.0,92.71241453569061,188.51524288923756,188.51524288923756,0.0,0.0,0.0,0.0,0.0,0.0,0.0,1000.0,0.0,0.0,0.0,0.0,0.0,307.9156001152452,0.0,0.0,0.0,0.0,0.0,0.0,0.0,0.0,0.0,0.0,0.0,0.0,0.0,210.2412631121431,0.0,-359.51433045245545,359.51433045245545,0.2317810363392265,0.0,0.0,0.0,-46.356207267845306,0.0,0.0,0.0,0.0,0.0,-80.36668796899468,7.726034544640884,0.0,0.0,0.0,687.5,0.0,11.898093198746961,-2.2820937410773867,0.0,0.0,0.0,0.0,0.0,0.0,0.0,446.5009273829903,0.0,0.0,0.0,80.36668796899468,0.0,1000.0,-190.9261767505409,0.0,0.0,0.0,0.0,0.0,348.3438369298426,0.0,7.726034544640882,399.4398827759761,0.0,0.0,0.0,-176.04988681691975,875.0000000000008,-875.0000000000008,0.0,0.0,0.0,0.0,0.0,0.0,0.0,-23.178103633922664,0.0,188.51524288923756,0.0,0.0,0.0,0.0,0.0,0.0,0.0,0.0,0.0,0.0,0.0,0.0,115.13384341987867,-204.06664670837898,347.9573409574675,0.0,46.356207267845306,0.0,0.0,0.0,0.0,26.77566555205931,0.0,0.0,0.16997275998252676,0.0,0.0,0.0,94.25762144461878,0.0,0.0,0.0,0.0,508.4040543997005,0.0,0.0,0.0,0.0,0.0,0.0,0.0,0.0,0.0,0.0,0.015452069089281768,0.015452069089281768,0.0,0.0,0.0,0.0,0.0,0.0,0.0,0.0,0.0,0.0,0.0,0.0,0.0,0.0,0.0,80.36668796899468,0.0,0.0,0.0,0.0,0.0,0.0,0.0,0.0,0.0,0.0,0.0,0.0,0.0,0.0,109.2020497685553,0.0,0.0,0.0,92.71241453569061,0.0,0.0,0.0,0.0,0.0,0.0,-92.71241453569061,0.0,0.0,0.0,0.0,0.0,0.0,0.0,0.0,0.0,0.0,0.0,0.0,-622.1812355768666,-287.09103336400005,413.7622733768253,-852.056775269467,805.7005680016217,0.0,429.62178244876935,0.0,0.0,0.0,0.0,0.0,0.0,0.0,0.0,0.0,0.0,0.0,0.0,0.0,0.0,0.0,0.0,0.0,-19.31508636160221,446.5009273829903,-11.589051816961327,296.3265482982839,0.0,0.0,0.0,0.0,0.0,0.0,-1.931508636160221,176.04988681691975,0.0,0.0,0.0,0.0,0.0,0.0,0.0,1000.0,46.356207267845306,46.356207267845306,0.0,0.0,0.0,0.0,0.0,0.16997275998252676,80.36668796899468,0.0,0.0,-429.6217824487694,0.0,0.0,0.0,0.0,0.0,0.0,0.0,0.0,0.0,0.0,0.0,0.0,0.0,0.0,283.2168958095977,0.0,0.0,0.0,0.0,162.24672543745857,11.898093198746961,0.0,0.0,0.0,0.0,0.0,80.36668796899468,0.0,-22.31760024906133,0.0,0.0,0.0,-19.31508636160221,0.0,0.0,0.0,0.0,0.0,0.0,0.0,0.0,0.0,0.0,0.0,0.0,0.0,0.0,0.0,0.0,0.0,0.0,-0.15452069089281767,0.0,0.0,7.726034544640884,-1000.0,0.0,0.0,0.0,0.0,446.5009273829903,0.0,0.0,0.0,-294.6113686293732,3.863017272320442,0.0,0.0,0.0,0.15452069089281767,0.0,154.52069089281767,-47.90141417677348,30.90413817856354,1.1037192206629833,431.1127275909613,-0.11589051816961325,7.726034544640884,3.0904138178563536,-0.7726034544639333,-431.1127275909613,46.356207267845306,-0.15452069089281767,109.71772665773058,94.14179114533738,0.03863017272320442,1.1037192206629833,-329.15317997319175,-24.599693990138714,-3.0904138178563536,-265.56758606840106,-0.15452069089281767,0.03863017272320442,-431.1127275909613,15.452069089281768,0.15452069089281767,0.15452069089281767,-80.04219451811933,0.16997275998209943,0.0,-0.11589051816961325,46.356207267845306,0.15452069089281767,46.356207267845306,-77.26034544640885,-0.07726034544640883,-341.6936400536165,220.65307449067265,-0.11589051816961325,-0.15452069089281767,-47.90141417677348,0.15452069089281767,15.452069089281768,-3.0904138178563536,210.2412631121431,210.2412631121431,-15.452069089281768,265.56758606840106,-210.2412631121431,30.904138178563535,0.2317810363392265,-1000.0,15.452069089281768,-326.8144413997679,94.14179114533738,-30.904138178563535,0.07726034544640883,1.5452069089281768,88.46031987474501,111.27082614755821,-0.15452069089281767,-115.13384341987867,80.04219451811933,47.90141417677348,0.15452069089281767,24.599693990138714,-91.28303792604402,94.14179114533738,-0.15452069089281767,-0.03863017272320442,-94.14179114533738,-0.15452069089281767,-537.9521528681448,0.15452069089280818,-0.03863017272320442,-0.03863017272320442,-0.03863017272320442,61.80827635712707,77.26034544640885,1.5452069089281768,114.48051686521728,-0.03863017272320442,67.20291309175944,7.726034544640884,276.7021109787133,0.15452069089281767,0.07726034544640883,0.07726034544640883,62.52296466195045,47.90141417677348,0.15452069089281767,-47.90141417677348,1.5452069089281768,0.15452069089281767,-114.48051686521728,0.15452069089281767,0.6180827635711833,0.7726034544639333,0.07726034544640883,0.03863017272320442,46.356207267845306,-0.15452069089281767,0.0,1.5452069089281768,-228.96103373043456,3.863017272320442,-15.452069089281768,30.904138178563535,7.726034544640884,-0.15452069089281767,329.15317997319175,0.2317810363392265,-0.15452069089281767,-125.0459293239009,47.90141417677348,353.25043953240817,0.07726034544640883,-553.4042219574266,-0.15452069089281767,-0.15452069089280818,-0.15452069089281767,0.07726034544640883,431.1127275909613,-30.904138178563535,0.15452069089281767,176.92063974949002,-0.03863017272320442,-0.16997275998209943,-176.92063974949002,23.17810363392265,-220.65307449067265,84.67090708411556,431.1127275909613,-0.11589051816961325,115.13384341987867,-111.27082614755821,0.15452069089281767,-0.03863017272320442,7.726034544640882,154.52069089281767,-0.07726034544640883,-0.15452069089281767,0.03863017272320442,1000.0,0.0,999.9227396545535,0.0,-553.2994104492927,0.0,222.86820807643244,-452.9222943201621,0.0,1000.0,-617.8480689047875,-30.904138178563535,0.0,-500.0,276.64970522464637,308.92403445239376,0.0,226.46114716008105,-80.36668796899468,-380.0261050844675,0.0,30.904138178563535,-380.0261050844675,-222.86820807643244,149.34958845659733,0.0,1496.5981,bhi
72,0.0,0.0,0.0,0.0,0.0,0.0,0.0,0.0,-0.18594039085193015,0.0,0.0,0.0,0.0,0.0,0.0,0.0,-431.39978784497123,630.9992635026189,0.0,206.53260833722499,0.0,0.0,0.0,664.4710182829809,0.0,300.23118581513245,0.0,0.0,0.0,-390.5756968751832,0.0,0.0,96.67712861346081,0.0,0.0,0.0,0.0,518.1653029955859,0.0,-1000.0,944.217882744421,0.0,0.0,0.0,0.0,0.0,0.0,0.0,821.9754847201544,-479.0147684985495,0.0,0.0,0.0,0.20453442993730708,0.0,0.0,0.0,37.18807817038603,0.0,0.0,-38.8763848571718,0.0,38.8763848571718,0.0,0.0,0.0,0.0,0.0,393.2158177136949,0.0,0.0,1.859403908519302,0.0,0.0,0.0,0.0,0.0,0.0,0.0,0.0,0.0,0.0,0.0,0.0,111.5642345111581,0.0,22.501234436144617,0.0,-439.238816076117,689.6526100202396,-0.04648509771298254,0.0,0.0,-510.5892525174353,55.78211725557905,0.0,55.78211725557905,-5.987280585433268,544.742382861355,0.0,0.0,9.297019542596507,-1000.0,0.0,0.0,-364.7803007171228,0.0,0.0,0.0,0.0,0.0,0.0,0.0,0.0,0.0,0.0,0.0,0.0,0.0,0.0,0.0,0.0,0.0,0.0,-1000.0,0.0,0.0,55.78211725557905,0.0,57.64152116409836,0.0,0.0,-388.1603363400628,388.1603363400628,0.0,0.0,0.0,375.0000000000001,-375.0000000000001,0.0,0.0,0.0,0.0,0.0,0.0,36.81864453174323,0.18594039085193015,0.0,0.0,0.0,-851.7379664978091,0.0,0.0,0.0,0.0,0.0,1000.0,0.0,0.0,0.0,0.0,0.0,568.0668489382494,568.0668489382494,0.0,0.0,0.0,0.0,82.81427617881825,0.0,0.0,568.2527893291013,0.0,0.0,0.0,804.8283077745232,0.0,0.0,0.0,0.0,0.0,0.0,0.0,0.0,0.0,0.0,0.0,0.0,0.0,0.0,0.0,-1000.0,0.0,0.0,0.0,0.0,0.0,479.0147684985495,0.0,-181.2649044871265,181.2649044871265,0.0,0.0,0.0,0.0,0.0,0.0,0.0,609.4243031248168,-228.62322797913072,0.0,0.0,0.0,0.0,0.0,0.0,0.0,0.0,0.0,0.0,0.0,0.0,0.0,408.78627367490293,274.63661093260333,0.0,0.0,0.0,0.0,0.0,0.0,0.0,0.0,0.0,0.0,-38.8763848571718,0.0,0.0,0.0,0.0,0.0,0.0,0.0,0.0,0.0,0.0,0.0,0.0,0.0,257.9739115889905,0.0,640.7105802330279,0.0,0.0,0.0,0.0,0.0,316.56306185012215,0.0,0.0,0.0,-95.19507692256644,0.0,0.0,-1000.0,-1000.0,-422.21606819078573,-1000.0,1000.0,-422.21606819078573,-620.5037205632435,0.0,-165.70851736743697,479.0147684985495,0.0,518.7736904768852,0.0,0.0,0.0,0.0,0.0,0.0,0.0,500.3772052389641,0.0,0.0,0.0,0.0,0.0,0.0,-38.8763848571718,-0.2789105862778952,0.0,0.0,0.0,0.0,0.18594039085193015,0.0,0.0,0.0,944.217882744421,-431.39978784497123,0.0,-613.1059929423454,621.50486793701,0.0,1000.0,0.0,855.1310394392245,0.0,-364.7803007171228,0.0,0.0,0.0,538.0847782744703,-393.2158177136949,-1000.0,-1000.0,584.1250482184564,0.0,0.0,0.0,0.0,0.0,0.0,0.0,0.0,0.0,0.0,0.0,0.0,0.0,0.0,0.0,0.0,0.0,-481.09093544100597,0.0,-1000.0,0.0,0.0,0.0,0.0,0.0,0.0,-36.81864453174323,0.0,544.742382861355,0.0,0.0,0.0,0.0,-937.5,-9.297019542596507,0.0,0.0,444.5936053822235,-84.18871871498413,-804.4629822089456,1000.0,937.5,0.0,-470.7758824737541,-4.6485097712982535,74.89169917238763,-1000.0,0.0,881.778866784757,0.0,0.0,55.78211725557905,-812.5000000000073,812.5000000000073,0.0,0.0,0.0,0.0,0.0,-408.78627367490293,408.78627367490293,408.78627367490293,-672.4077774532632,0.0,0.0,0.0,0.0,0.0,609.4243031248168,0.0,0.0,-32.750300842054365,0.0,0.0,0.0,0.0,0.0,0.0,0.0,-632.8834728207848,0.3718807817039078,0.0,0.0,0.0,0.0,0.0,0.0,0.0,0.0,0.0,0.0,0.0,0.0,0.0,0.0,0.0,0.0,0.0,0.0,0.0,0.20453442993730708,0.20453442993730708,0.0,140.75039270018468,0.0,111.5642345111581,0.0,0.0,0.0,1000.0,0.0,0.0,22.501234436144617,0.0,0.0,1000.0,-1000.0,0.0,0.0,0.0,0.0,0.0,0.0,0.0,0.0,0.0,0.0,0.0,0.0,0.0,333.3333333333333,-944.217882744421,851.7379664978091,0.0,36.81864453174323,0.0,-510.5892525174353,0.0,0.0,0.0,1000.0,0.0,367.11652717921515,0.0,0.0,0.0,408.78627367490293,0.0,0.0,0.0,0.0,0.0,0.0,0.0,0.0,0.0,0.0,0.0,0.0,0.0,111.5642345111581,0.0,0.0,0.0,0.0,0.0,0.0,0.0,0.0,0.0,0.0,0.0,0.0,1.859403908519302,0.0,0.0,22.501234436144617,-22.501234436144617,0.0,0.0,0.0,0.0,55.78211725557905,0.0,0.0,0.0,0.0,0.0,0.0,0.0,0.0,0.0,0.0,1000.0,488.65333218052706,0.0,55.78211725557905,55.78211725557905,1000.0,-1000.0,0.0,0.0,0.0,0.0,0.0,0.0,0.0,1000.0,609.4243031248168,967.1097971819482,0.18594039085193015,0.0,0.0,-670.1235684945725,915.6844175275253,0.0,0.0,510.5892525174353,0.0,0.0,0.0,0.0,0.0,0.0,0.0,0.0,0.0,0.0,0.0,0.0,0.0,0.0,0.18594039085193015,0.0,0.0,0.0,394.3158315644657,-394.3158315644657,0.0,0.0,0.0,0.0,0.0,507.9237383296118,0.0,0.0,-518.909064558994,-13.94552931389476,-9.297019542596507,0.0,0.0,-312.5,-312.5,312.5,0.0,0.0,0.0,0.0,0.0,0.0,0.0,0.0,0.0,0.0,0.0,891.0758863273536,0.0,0.0,0.0,-0.18594039085193015,0.0,0.0,0.18594039085193015,0.0,0.18594039085193015,0.0,393.2158177136949,0.0,111.5642345111581,226.8472768393548,226.8472768393548,0.0,0.0,0.0,0.0,0.0,0.0,0.0,851.7379664978091,0.0,609.4243031248168,0.0,0.0,0.0,554.0942459268216,0.0,0.0,0.0,0.0,0.0,0.0,0.0,0.0,0.0,0.0,0.0,0.0,0.0,0.0,0.0,-1000.0,1000.0,0.2789105862778952,0.0,0.0,0.0,-55.78211725557905,0.0,0.0,0.0,0.0,0.0,-140.75039270018468,9.297019542596507,0.0,0.0,0.0,0.0,-82.81427617881825,-880.2870538636132,0.0,0.0,0.0,0.0,0.0,0.0,0.0,0.0,0.0,0.0,0.0,1000.0,-268.0358809747182,0.0,794.6193208773606,-364.7803007171228,0.0,-917.1056983953564,544.742382861355,372.3633155340014,0.0,89.71578501076735,0.0,9.297019542596507,254.82284247874395,0.0,0.0,0.0,-77.7527697143436,0.0,0.0,0.0,0.0,0.0,0.0,0.0,0.0,0.0,0.0,-27.89105862778962,226.8472768393548,0.0,0.0,0.0,0.0,0.0,0.0,0.0,0.0,0.0,0.0,0.0,0.0,154.69592201407943,-245.56084903295277,-1000.0,0.0,55.78211725557905,22.501234436144617,0.0,0.0,0.0,-33.1977406362935,0.0,0.0,0.20453442993730708,0.0,0.0,0.0,113.4236384196774,0.0,0.0,0.0,0.0,274.63661093260333,0.0,0.0,0.0,0.0,0.0,0.0,0.0,0.0,-100.49299584046423,0.0,203.20418696620067,0.018594039085193016,0.0,0.0,0.0,0.0,0.0,0.0,0.0,0.0,0.0,-670.1235684945725,0.0,0.0,0.0,0.0,0.0,140.75039270018468,0.0,0.0,0.0,0.0,0.0,0.0,0.0,479.0147684985495,0.0,0.0,0.0,45.002468872289235,0.0,0.0,630.9992635026189,0.0,0.0,0.0,111.5642345111581,0.0,0.0,0.0,0.0,0.0,0.0,-111.5642345111581,0.0,45.002468872289235,0.0,0.0,0.0,0.0,0.0,0.0,0.0,0.0,0.0,0.0,617.0152510365082,-1000.0,681.4634136603938,637.980446419229,-693.762563674808,0.0,518.1653029955859,0.0,0.0,0.0,0.0,0.0,0.0,0.0,0.0,0.0,0.0,0.0,0.0,0.0,0.0,0.0,0.0,0.0,-23.24254885649127,0.0,-13.94552931389476,568.0397752407164,0.0,0.0,0.0,0.0,0.0,-2.324254885649127,0.0,32.750300842054365,0.0,0.0,0.0,0.0,0.0,0.0,0.0,1000.0,55.78211725557905,55.78211725557905,0.0,0.0,0.0,0.0,0.0,0.20453442993730708,140.75039270018468,0.0,0.0,-518.1653029955859,203.18559292711547,0.0,0.0,0.0,0.0,0.0,0.0,0.0,0.0,0.0,0.0,0.0,0.0,0.0,546.4923159492812,0.0,0.0,0.0,0.0,195.23741039452668,36.81864453174323,0.0,0.0,0.0,0.0,0.0,140.75039270018468,0.0,865.0027537355834,0.0,0.0,0.0,-23.24254885649127,0.0,0.0,0.0,0.0,0.0,0.0,0.0,0.0,0.0,0.0,0.0,0.0,0.0,0.0,0.0,0.0,0.0,0.0,-0.18594039085193015,0.0,0.0,9.297019542596507,-1000.0,0.0,0.0,0.0,0.0,0.0,0.0,0.0,0.0,-538.0847782744703,4.6485097712982535,0.0,0.0,300.23118581513245,0.18594039085193015,0.0,185.94039085193015,-57.64152116409836,37.18807817038603,1.3281456489423582,518.7736904768852,-0.1394552931389476,9.297019542596507,3.718807817038603,-0.9297019542600538,-518.7736904768852,55.782117255579045,-0.18594039085193015,121.59343357237428,0.0,0.04648509771298254,1.3281456489423582,-364.7803007171228,-52.102944659773016,-3.718807817038603,-406.1320839948727,-0.18594039085193015,0.04648509771298254,-518.7736904768852,18.594039085193014,0.18594039085193015,0.18594039085193015,-140.35991787939545,-22.29670000620749,0.0,-0.1394552931389476,55.78211725557905,0.18594039085193015,55.78211725557905,-92.97019542596507,-0.09297019542596507,-270.43939856575435,-18.779979476044943,-0.1394552931389476,-0.18594039085193015,-57.64152116409836,0.18594039085193015,18.594039085193003,-3.718807817038603,0.0,0.0,-18.594039085193014,406.1320839948727,0.0,37.18807817038603,0.2789105862778952,-1000.0,18.594039085193014,-333.3333333333333,0.0,-37.18807817038603,0.09297019542596507,1.859403908519302,153.27649823558636,-230.8478028043322,-0.18594039085193015,-182.58698064186905,140.35991787939545,57.64152116409836,0.18594039085193015,52.102944659773016,-223.1284690223161,0.0,-0.18594039085193015,-0.04648509771298254,0.0,-0.18594039085193015,-632.8834728207848,0.18594039085168385,-0.04648509771298254,-0.04648509771298254,-0.04648509771298254,74.37615634077206,92.97019542596507,1.859403908519302,137.75858707242628,-0.04648509771298254,184.95956289879842,9.297019542596507,325.7387559529889,0.18594039085193015,0.09297019542596507,0.09297019542596507,18.594039085193014,57.64152116409836,0.18594039085193015,-57.64152116409836,1.859403908519302,0.18594039085193015,-137.75858707242628,0.18594039085193015,0.7437615634081496,0.9297019542600538,0.09297019542596507,0.04648509771298254,55.78211725557905,-0.18594039085193015,0.0,1.8594039085193015,-275.51717414485256,4.6485097712982535,-18.594039085193003,37.18807817038603,9.297019542596507,-0.18594039085193015,364.7803007171228,0.2789105862778952,-0.18594039085193015,-37.18807817038603,57.64152116409836,344.4234260579457,0.09297019542596507,-651.4775119059778,-0.18594039085193015,-0.18594039085168385,-0.18594039085193015,0.09297019542596507,518.7736904768852,-37.18807817038603,0.18594039085193015,306.5529964711727,-0.04648509771298254,22.29670000620749,-306.5529964711727,27.891058627789523,18.779979476044943,210.50745749785608,518.7736904768852,-0.1394552931389476,182.58698064186905,230.8478028043322,0.18594039085193015,-0.04648509771298254,9.297019542596507,185.94039085193015,-0.09297019542596507,-0.18594039085193015,0.04648509771298254,0.0,0.0,930.7581403475779,0.0,-1000.0,0.0,257.7714150129298,-465.5667119684115,0.0,-536.6673430741504,1000.0,19.93056745006254,-69.14888945699613,268.3336715370752,500.0,-500.0,0.0,232.78335598420574,-140.75039270018468,-311.2256854216522,69.14888945699613,-19.93056745006254,-311.2256854216522,-257.7714150129298,231.15292247502646,0.0,1496.5981,bhi
73,0.0,0.0,0.0,0.0,0.0,0.0,0.0,0.0,693.7740324596872,0.0,0.0,0.0,0.0,0.0,0.0,0.0,800.1309642942866,-955.1233347540941,0.0,0.0,0.0,0.0,0.0,417.4996141226873,0.0,56.34960063928747,0.0,0.0,0.0,-979.7732563884235,0.0,0.0,0.0,0.0,0.0,0.0,0.0,305.5521136386817,0.0,-1000.0,604.4110332630282,0.0,0.0,0.0,0.0,0.0,400.7210934488238,0.0,25.89701392785139,0.0,0.0,0.0,0.0,0.19640504316130666,0.0,0.0,0.0,35.71000784742053,0.0,0.0,-15.724306788814204,0.0,186.8324298032594,171.1081230144452,0.0,0.0,0.0,0.0,0.0,0.0,0.0,1.7855003923710266,0.0,0.0,0.0,0.0,0.0,0.0,0.0,0.0,0.0,0.0,0.0,0.0,107.1300235422616,0.0,0.0,388.548924564926,10.05283702550014,254.72721817938645,-0.04463750980927566,0.0,0.0,0.0,53.5650117711308,0.0,53.5650117711308,0.0,0.0,0.0,0.0,660.9065903330071,-979.7732563884235,0.0,0.0,-436.02890150174846,0.0,121.20522524656258,0.0,0.0,0.0,0.0,0.0,0.0,0.0,0.0,0.0,0.0,0.0,0.0,0.0,0.0,0.0,0.0,-1000.0,0.0,0.0,53.5650117711308,0.0,55.350512163501826,0.0,0.0,-152.990381439918,-847.009618560082,1000.0,-1000.0,-1000.0,0.0,0.0,1000.0,0.0,0.0,0.0,0.0,0.0,13.748353021256895,0.17855003923710264,0.0,0.0,0.0,-480.0160626815889,0.0,0.0,0.0,0.0,0.0,1000.0,0.0,0.0,0.0,0.0,0.0,599.4574565904132,599.4574565904132,0.0,0.0,0.0,0.0,1000.0,0.0,0.0,599.6360066296503,0.0,0.0,0.0,465.0722804396654,-707.8335417340352,0.0,0.0,0.0,0.0,0.0,0.0,0.0,0.0,0.0,0.0,0.0,0.0,0.0,0.0,-408.0908531674137,0.0,0.0,0.0,0.0,0.0,0.0,0.0,369.5692732468715,-369.5692732468715,0.0,0.0,0.0,0.0,0.0,0.0,0.0,0.0,-1000.0,0.0,0.0,0.0,0.0,0.0,0.0,0.0,0.0,0.0,0.0,0.0,0.0,0.0,111.71948809116803,-448.5639216235701,153.74527816628546,0.0,0.0,0.0,0.0,110.33132846148617,0.0,0.0,0.0,0.0,-15.724306788814204,153.74527816628546,0.0,0.0,0.0,0.0,0.0,0.0,0.0,0.0,5.749311263435004,0.0,0.0,0.0,1000.0,640.4835637786286,784.015211739649,0.0,-153.74527816628546,0.0,0.0,0.0,-782.1689521307347,0.0,0.0,0.0,-17.99486812111263,0.0,0.0,942.3431566183208,0.0,0.0,942.3431566183208,0.0,0.0,379.62211027237163,0.0,-1000.0,0.0,0.0,387.8232810100302,0.0,0.0,0.0,-501.5418703352856,0.0,501.5418703352856,0.0,1000.0,0.0,0.0,-215.6103799674696,0.0,0.0,0.0,-15.724306788814204,-0.26782505885565394,0.0,0.0,0.0,0.0,0.17855003923710264,0.0,0.0,0.0,238.4452016713617,800.1309642942866,0.0,-290.685934334499,-778.9426468145182,707.8335417340352,568.7305154472795,0.0,-416.8979361962788,0.0,-436.02890150174846,0.0,0.0,0.0,862.3200647442696,554.5778714520092,-1000.0,-1000.0,-1000.0,0.0,0.0,0.0,0.0,0.0,0.0,0.0,0.0,0.0,0.0,0.0,0.0,0.0,0.0,0.0,0.0,0.0,-693.73368620437,0.0,-1000.0,0.0,0.0,0.0,0.0,0.0,0.0,317.32451289238105,0.0,0.0,0.0,820.2310937310659,651.979088371152,0.0,0.0,0.0,0.0,-554.5778714520092,-15.931853381685656,79.59241761016426,-938.3419446864093,0.0,0.0,-334.9170461474311,1000.0,-4.463750980927566,-88.51991957201939,0.0,0.0,-116.05752550411673,1000.0,0.0,53.5650117711308,0.0,0.0,0.0,836.9807257448623,0.0,693.9525824989242,0.0,-111.71948809116803,111.71948809116803,111.71948809116803,335.13794089100395,0.0,0.0,0.0,0.0,0.0,0.0,0.0,0.0,-31.44861357762842,0.0,0.0,89.24552958687958,0.0,0.0,0.0,0.0,-982.1449960762898,0.3571000784741263,0.0,0.0,0.0,0.0,0.0,0.0,0.0,0.0,0.0,0.0,0.0,0.0,0.0,0.0,0.0,0.0,0.0,0.0,0.0,0.19640504316130666,0.19640504316130666,0.0,128.87024478133364,0.0,107.1300235422616,0.0,0.0,0.0,-101.76471377925684,0.0,540.5667451650849,0.0,0.0,0.0,1000.0,101.76471377925684,0.0,0.0,0.0,0.0,0.0,89.24552958687958,0.0,0.0,0.0,0.0,0.0,0.0,0.0,333.3333333333333,-238.4452016713617,480.0160626815889,0.0,13.748353021256895,0.0,0.0,0.0,-110.33132846148617,0.0,1000.0,0.0,17.855003923710264,0.0,0.0,0.0,111.71948809116803,0.0,0.0,0.0,0.0,0.0,0.0,0.0,0.0,0.0,0.0,0.0,0.0,0.0,107.1300235422616,0.0,0.0,0.0,0.0,0.0,0.0,0.0,0.0,0.0,0.0,0.0,0.0,1.7855003923710266,0.0,0.0,0.0,0.0,0.0,0.0,0.0,0.0,53.5650117711308,0.0,0.0,0.0,0.0,0.0,0.0,0.0,0.0,0.0,0.0,1000.0,88.25622501579194,0.0,53.5650117711308,53.5650117711308,421.98729992953054,101.76471377925684,0.0,89.24552958687958,0.0,0.0,0.0,0.0,0.0,979.7732563884235,0.0,1000.0,0.17855003923710264,0.0,0.0,235.80083396105653,0.0,110.08719307279267,0.0,0.0,0.0,0.0,0.0,0.0,0.0,0.0,0.0,0.0,0.0,0.0,0.0,0.0,0.0,0.0,0.17855003923710264,0.0,0.0,0.0,-1000.0,1000.0,0.0,0.0,0.0,0.0,0.0,1000.0,0.0,-361.4228384397661,-627.5189624634828,-13.391252942782698,-8.927501961855137,0.0,0.0,0.0,0.0,0.0,0.0,0.0,0.0,0.0,0.0,0.0,0.0,0.0,707.8335417340352,0.0,0.0,-107.1300235422616,0.0,0.0,0.0,693.7740324596872,0.0,0.0,0.17855003923710264,0.0,0.17855003923710264,0.0,0.0,0.0,107.1300235422616,217.83104786926523,217.83104786926523,0.0,0.0,0.0,0.0,0.0,0.0,0.0,480.0160626815889,0.0,0.0,0.0,0.0,877.6932231225846,0.0,0.0,0.0,0.0,0.0,0.0,0.0,0.0,0.0,0.0,0.0,0.0,0.0,0.0,110.33132846148617,0.0,-1000.0,1000.0,0.26782505885565394,0.0,0.0,0.0,-53.5650117711308,0.0,0.0,0.0,0.0,0.0,-128.87024478133364,8.927501961855132,0.0,0.0,0.0,0.0,-1000.0,-317.32451289238105,0.0,0.0,0.0,0.0,0.0,0.0,0.0,0.0,0.0,0.0,0.0,-85.8199552987327,17.150756690165608,0.0,-555.6939451658317,-325.9417084289558,321.2526486678528,0.0,361.4228384397661,-682.6754871076189,0.0,-1000.0,0.0,8.927501961855139,1000.0,0.0,0.0,0.0,-31.44861357762842,0.0,0.0,0.0,0.0,0.0,-336.82217717707294,0.0,0.0,0.0,-26.782505885565342,0.0,217.83104786926523,0.0,-276.26770473866134,-276.26770473866134,276.26770473866134,0.0,0.0,0.0,0.0,0.0,5.749311263435004,0.0,0.0,169.04400360968168,-235.80083396105653,908.663190184146,0.0,53.5650117711308,0.0,0.0,0.0,0.0,-232.53692840700427,0.0,0.0,0.19640504316130666,0.0,0.0,0.0,108.91552393463262,0.0,0.0,0.0,0.0,-448.5639216235701,0.0,0.0,0.0,0.0,0.0,0.0,0.0,0.0,-1000.0,0.0,0.017855003923710262,0.017855003923710262,0.0,0.0,0.0,0.0,0.0,0.0,0.0,0.0,0.0,235.80083396105653,0.0,0.0,0.0,0.0,0.0,128.87024478133364,0.0,0.0,0.0,0.0,0.0,0.0,0.0,0.0,0.0,0.0,0.0,0.0,1000.0,-373.8410574835753,-955.1233347540941,0.0,0.0,0.0,107.1300235422616,0.0,0.0,0.0,0.0,0.0,0.0,-107.1300235422616,0.0,0.0,0.0,0.0,0.0,0.0,0.0,0.0,0.0,0.0,0.0,0.0,-1000.0,-1000.0,1000.0,-284.25227028559675,230.68725851446595,0.0,305.5521136386817,0.0,0.0,0.0,0.0,0.0,0.0,0.0,0.0,0.0,62.50000000000001,0.0,-62.5,-62.5,0.0,0.0,0.0,0.0,-22.318754904637835,0.0,-665.3703413139347,864.301970179802,0.0,0.0,0.0,0.0,0.0,0.0,-2.2318754904637834,31.44861357762842,0.0,0.0,0.0,0.0,0.0,0.0,0.0,1000.0,53.5650117711308,53.5650117711308,0.0,0.0,0.0,0.0,0.0,0.19640504316130666,128.87024478133364,0.0,0.0,-305.5521136386817,0.0,0.0,0.0,0.0,0.0,0.0,0.0,0.0,0.0,0.0,0.0,0.0,0.0,0.0,471.82519968035626,0.0,0.0,0.0,0.0,187.4775411989578,0.0,0.0,13.748353021256895,0.0,0.0,0.0,128.87024478133364,0.0,308.39701093052594,0.0,0.0,0.0,-22.318754904637835,0.0,0.0,0.0,0.0,0.0,0.0,0.0,0.0,0.0,0.0,0.0,0.0,0.0,0.0,0.0,0.0,0.0,0.0,-0.17855003923710264,0.0,0.0,8.927501961855132,-1000.0,0.0,0.0,0.0,0.0,0.0,0.0,0.0,0.0,-862.3200647442696,4.463750980927566,0.0,0.0,56.34960063928747,0.17855003923710264,0.0,178.55003923710262,-55.350512163501826,35.71000784742053,1.2753574231221616,498.15460947151644,-0.13391252942782697,334.9170461474311,3.571000784742053,-0.8927501961854254,-498.15460947151644,53.56501177113079,-0.17855003923710264,145.3429671672495,89.24552958687958,0.04463750980927566,1.2753574231221616,-436.02890150174846,-28.425166246547008,-3.571000784742053,154.9923704598075,-0.1785500392371027,0.04463750980927566,-498.15460947151644,594.0758870322943,0.17855003923710264,0.17855003923710264,-128.4952896989352,0.1964050431608129,0.0,-0.13391252942782697,53.5650117711308,0.17855003923710264,53.5650117711308,-89.27501961855133,-0.08927501961855132,-127.94219699650307,-128.36488242443352,-0.13391252942782697,-0.17855003923710264,-55.350512163501826,0.17855003923710264,17.855003923710264,-3.571000784742053,110.33132846148617,110.33132846148617,-17.85500392371023,-154.9923704598075,-110.33132846148617,35.71000784742053,0.26782505885565394,-1000.0,17.855003923710264,-333.3333333333333,89.24552958687958,-35.71000784742053,0.08927501961855132,1.7855003923710266,72.67148358362475,52.860764537586135,-0.17855003923710264,-169.04400360968168,128.4952896989352,55.350512163501826,0.17855003923710264,28.425166246547008,-701.2354006062276,89.24552958687958,-0.17855003923710264,-0.04463750980927566,-89.24552958687958,-0.17855003923710264,-982.1449960762898,0.17855003923710264,-0.04463750980927566,-0.04463750980927566,-0.04463750980927566,71.42001569484106,89.27501961855133,1.7855003923710266,159.5784390271973,-0.04463750980927566,0.0,8.927501961855132,500.0,0.17855003923710264,0.08927501961855132,0.08927501961855132,62.477768717150056,55.350512163501826,0.17855003923710264,-55.350512163501826,1.7855003923710266,0.17855003923710264,-214.16879644201472,0.17855003923710264,0.7142001569483318,0.8927501961854254,0.08927501961855132,0.04463750980927566,53.5650117711308,-0.17855003923710264,0.0,1.7855003923710264,-319.1568780543946,330.45329516650355,-17.855003923710264,35.71000784742053,8.927501961855132,-0.17855003923710264,436.02890150174846,0.26782505885565394,-0.17855003923710264,-124.95553743430011,55.350512163501826,564.366236948241,0.08927501961855132,-1000.0,-0.17855003923710264,-0.17855003923710264,-0.17855003923710264,0.08927501961855132,498.15460947151644,-35.71000784742053,0.17855003923710264,145.3429671672495,-0.04463750980927566,-0.1964050431608129,-145.3429671672495,26.782505885565392,128.36488242443352,136.20078466277346,498.15460947151644,-0.13391252942782697,169.04400360968168,-52.860764537586135,0.1785500392371027,-0.04463750980927565,829.158595692921,178.55003923710262,-0.08927501961855132,-0.17855003923710264,0.04463750980927566,0.0,0.0,365.5613965286234,54.59035741481742,-748.255137019484,0.0,238.91870266762282,-329.88766429609626,576.2208831085841,522.4980846530332,-881.8869660543311,1000.0,-634.3493284517581,-261.2490423265166,374.127568509742,440.94348302716554,-576.2208831085841,164.94383214804813,-128.87024478133364,-331.8293085412367,634.3493284517581,-1000.0,-331.8293085412367,-238.91870266762282,461.1495496750701,0.0,1496.5981,bhi
74,0.0,0.0,0.0,0.0,0.0,0.0,0.0,0.0,-0.18877570477730338,0.0,0.0,0.0,0.0,0.0,0.0,0.0,-955.5281297019528,220.24087182705844,0.0,1000.0,0.0,0.0,0.0,0.0,0.0,0.0,0.0,0.0,0.0,-1000.0,0.0,0.0,784.640095373412,0.0,0.0,0.0,0.0,999.2448971808913,0.0,-1000.0,686.8612058720323,0.0,-936.0338648898872,674.2874238446433,0.0,0.0,0.0,0.0,345.2068409674221,0.0,0.0,0.0,0.0,0.20765327525488508,0.0,0.0,0.0,37.755140955460675,0.0,0.0,105.47571575283007,0.0,1000.0,739.1740272921753,0.0,0.0,0.0,0.0,440.20980695311096,-440.20980695311096,0.0,1.8877570477730339,0.0,0.0,0.0,0.0,0.0,0.0,0.0,0.0,0.0,0.0,0.0,0.0,113.26542286638204,0.0,0.0,391.8267525570594,-326.93254158563127,1000.0,-0.047193926194325844,0.0,0.0,646.1742283231928,56.63271143319102,0.0,269.05773397380403,0.0,317.6008930442922,0.0,0.0,330.8529224997676,-1000.0,0.0,0.0,-211.1879615510097,767.5457885216028,129.78406204917232,0.0,0.0,0.0,0.0,0.0,0.0,0.0,0.0,0.0,0.0,0.0,0.0,0.0,0.0,0.0,0.0,-882.3395701240361,0.0,0.0,269.05773397380403,0.0,58.520468480964055,0.0,0.0,0.0,0.0,0.0,0.0,-749.3169613626023,-875.0000000000008,875.0000000000008,383.01527290194764,0.0,0.0,0.0,0.0,0.0,14.53572926785235,0.18877570477730338,0.0,0.0,0.0,0.0,-767.5457885216028,0.0,0.0,0.0,0.0,1000.0,0.0,0.0,0.0,0.0,0.0,293.3548050430444,293.3548050430444,0.0,0.0,0.0,-437.49999999999994,0.0,0.0,0.0,293.5435807478217,0.0,0.0,0.0,-374.8479620160191,0.0,0.0,0.0,0.0,0.0,0.0,0.0,0.0,0.0,0.0,-836.8054853868163,0.0,0.0,0.0,0.0,-923.4805103072968,0.0,0.0,0.0,0.0,0.0,0.0,936.0338648898872,-673.0674584143687,673.0674584143687,366.3016884606547,0.0,0.0,0.0,0.0,0.0,0.0,0.0,-301.2321874876135,0.0,0.0,0.0,0.0,0.0,0.0,0.0,0.0,0.0,0.0,0.0,0.0,0.0,0.0,36.60352249540688,674.2874238446433,0.0,0.0,0.0,0.0,24.74690037955844,0.0,0.0,0.0,0.0,105.47571575283007,0.0,0.0,0.0,0.0,0.0,0.0,0.0,0.0,0.0,6.078577693830567,0.0,212.425022540613,0.0,44.18870674088123,-545.7102413202684,1000.0,0.0,-674.2874238446433,0.0,0.0,366.3016884606547,-769.6936401716898,0.0,0.0,0.0,-141.1260076000243,0.0,0.0,-1000.0,-1000.0,0.0,0.0,0.0,1000.0,-1000.0,0.0,-189.86018011179192,0.0,0.0,135.63562748846334,0.0,0.0,0.0,0.0,0.0,0.0,0.0,1000.0,0.0,0.0,0.0,-437.49999999999994,0.0,0.0,105.47571575283007,-0.28316355716595504,0.0,0.0,0.0,0.0,0.18877570477730338,0.0,0.0,0.0,257.29560979944904,-955.5281297019528,0.0,-140.79197436733978,109.08592466389973,0.0,954.8039184577713,0.0,1000.0,0.0,-211.1879615510097,0.0,0.0,0.0,121.83419381498763,-121.83419381498763,-1000.0,-856.5142960902594,-1000.0,0.0,0.0,0.0,0.0,0.0,0.0,0.0,0.0,0.0,0.0,0.0,0.0,0.0,0.0,0.0,0.0,0.0,0.0,0.0,-1000.0,0.0,0.0,0.0,1000.0,0.0,0.0,-20.614306961682917,0.0,317.6008930442922,0.0,0.0,321.41413726090246,681.6243868618767,-562.5000000000001,0.0,0.0,-1000.0,0.0,397.25146605683165,0.0,607.7257315210477,562.5000000000001,-670.1458538693164,548.6723093334969,-4.719392619432584,-406.69025129569684,-106.89994063247121,0.0,144.69241497344342,0.0,-1000.0,269.05773397380403,0.0,0.0,0.0,0.0,0.0,0.0,0.0,0.0,0.0,0.0,424.66506571458825,0.0,0.0,-706.8339706617329,0.0,0.0,0.0,0.0,0.0,-155.35025695499468,0.0,0.0,1.1150213880653037,0.0,0.0,0.0,0.0,-232.45421147839716,0.3775514095547328,0.0,0.0,0.0,0.0,0.0,0.0,0.0,0.0,0.0,0.0,0.0,0.0,0.0,0.0,0.0,0.0,0.0,0.0,0.0,0.20765327525488508,0.20765327525488508,0.0,50.121221661064396,0.0,113.26542286638204,0.0,0.0,0.0,292.13728083294853,0.0,0.0,0.0,0.0,0.0,1000.0,-292.13728083294853,0.0,0.0,0.0,0.0,0.0,1.1150213880653037,0.0,0.0,0.0,0.0,0.0,0.0,0.0,294.1131900413454,-257.29560979944904,0.0,0.0,14.53572926785235,0.0,255.12563948297964,391.04858884021314,0.0,0.0,1000.0,0.0,0.0,767.5457885216028,625.0000000000006,-625.0000000000006,0.0,0.0,0.0,0.0,0.0,0.0,0.0,0.0,0.0,0.0,0.0,0.0,0.0,0.0,113.26542286638204,366.3016884606547,366.3016884606547,0.0,0.0,0.0,0.0,0.0,0.0,0.0,0.0,0.0,0.0,1.8877570477730339,0.0,0.0,0.0,0.0,0.0,936.0338648898872,0.0,0.0,269.05773397380403,0.0,0.0,0.0,0.0,0.0,0.0,0.0,0.0,0.0,0.0,-865.6868510657248,889.3187300572179,0.0,56.63271143319102,56.63271143319102,1000.0,-292.13728083294853,0.0,1.1150213880653037,0.0,0.0,0.0,0.0,0.0,856.5142960902594,0.0,1000.0,0.18877570477730338,0.0,0.0,0.0,249.30528611625445,0.0,0.0,-646.1742283231928,0.0,0.0,0.0,0.0,0.0,0.0,0.0,0.0,0.0,0.0,0.0,0.0,0.0,0.0,0.18877570477730338,0.0,0.0,0.0,0.0,0.0,0.0,0.0,0.0,0.0,0.0,296.9865860826093,0.0,0.0,-1000.0,-14.158177858297755,-9.438785238865169,0.0,0.0,0.0,0.0,0.0,0.0,0.0,0.0,0.0,0.0,0.0,0.0,366.3016884606547,0.0,0.0,0.0,-845.8687997876914,0.0,0.0,0.0,-0.18877570477730338,0.0,0.0,0.18877570477730338,0.0,0.18877570477730338,0.0,0.0,0.0,113.26542286638204,230.30635982831015,230.30635982831015,0.0,0.0,0.0,0.0,0.0,0.0,0.0,0.0,0.0,0.0,0.0,0.0,0.0,138.0877819963133,0.0,0.0,0.0,0.0,0.0,0.0,0.0,0.0,0.0,0.0,0.0,0.0,0.0,391.04858884021314,0.0,-125.62871215128837,125.62871215128837,0.28316355716595504,0.0,0.0,0.0,-269.05773397380403,0.0,0.0,0.0,0.0,0.0,-50.121221661064396,9.438785238865169,0.0,0.0,0.0,437.5,0.0,0.0,0.0,0.0,0.0,0.0,0.0,0.0,0.0,0.0,366.3016884606547,0.0,0.0,0.0,50.121221661064396,0.0,722.3647756095494,-211.1879615510097,0.0,-20.614306961682917,317.6008930442922,-296.9865860826093,0.0,-1000.0,0.0,9.438785238865169,266.3043458125344,0.0,0.0,0.0,-155.35025695499468,-616.7903984491581,616.7903984491581,-875.0000000001119,875.0000000001119,0.0,0.0,0.0,0.0,0.0,901.0848849061784,-92.59575523595765,230.30635982831015,0.0,0.0,0.0,0.0,0.0,0.0,0.0,0.0,0.0,6.078577693830567,0.0,0.0,0.0,-249.30528611625445,263.04408353735494,-936.0338648898872,56.63271143319102,0.0,0.0,0.0,0.0,-355.2636699584992,0.0,0.0,0.20765327525488508,0.0,0.0,0.0,115.15317991415507,0.0,0.0,0.0,0.0,36.60352249540688,0.0,767.5457885216028,0.0,0.0,0.0,0.0,0.0,0.0,0.0,0.0,66.64183391039776,0.018877570477730338,0.0,0.0,0.0,0.0,0.0,0.0,0.0,0.0,0.0,0.0,0.0,0.0,0.0,0.0,0.0,50.121221661064396,0.0,0.0,0.0,0.0,0.0,0.0,0.0,0.0,0.0,0.0,0.0,0.0,-633.7023229638772,814.0265893054891,220.24087182705844,0.0,0.0,0.0,113.26542286638204,0.0,0.0,0.0,0.0,0.0,0.0,-113.26542286638204,0.0,0.0,0.0,0.0,0.0,0.0,0.0,0.0,0.0,0.0,0.0,0.0,-1000.0,-1000.0,267.3991397687661,-269.05773397380403,0.0,0.0,999.2448971808913,0.0,0.0,0.0,0.0,0.0,0.0,0.0,0.0,0.0,0.0,0.0,0.0,0.0,0.0,0.0,0.0,0.0,-23.596963097162924,366.3016884606547,-335.5723151192002,216.5253593739733,0.0,0.0,0.0,0.0,0.0,-2.3596963097162926,0.0,155.35025695499468,0.0,0.0,0.0,0.0,0.0,0.0,0.0,1000.0,56.63271143319102,56.63271143319102,0.0,0.0,0.0,0.0,0.0,0.20765327525488508,50.121221661064396,0.0,0.0,-999.2448971808913,66.62295633992004,0.0,0.0,0.0,0.0,0.0,0.0,0.0,0.0,0.0,0.0,0.0,0.0,0.0,62.814356075644184,0.0,0.0,0.0,0.0,198.21449001616858,0.0,0.0,14.53572926785235,0.0,0.0,0.0,50.121221661064396,0.0,-9.438785238865169,0.0,0.0,0.0,-23.596963097162924,0.0,0.0,0.0,0.0,0.0,0.0,0.0,0.0,0.0,0.0,0.0,0.0,0.0,0.0,0.0,0.0,0.0,0.0,-0.18877570477730338,0.0,0.0,9.438785238865169,-1000.0,0.0,0.0,0.0,0.0,366.3016884606547,0.0,0.0,0.0,-121.83419381498763,4.719392619432584,0.0,0.0,0.0,0.18877570477730338,0.0,188.77570477730336,-58.520468480964055,37.755140955460675,1.3483978912664527,526.6842163286765,-0.14158177858297752,670.1458538693164,3.7755140955460678,-0.9438785238860419,-526.6842163286765,56.63271143319101,-0.18877570477730338,70.3959871836699,1.1150213880653037,0.047193926194325844,1.3483978912664527,-211.1879615510097,-30.053092200548086,-3.7755140955460678,-264.7127421251057,-0.18877570477730338,0.047193926194325844,-526.6842163286765,18.877570477730337,0.18877570477730338,0.18877570477730338,-49.724792681032206,0.20765327525502641,-594.7183837497897,-0.14158177858297752,56.63271143319102,0.18877570477730338,269.05773397380403,118.0371701519613,-0.09438785238865169,17.094306851809165,-43.813246562066084,-0.14158177858297752,-0.18877570477730338,-58.520468480964055,0.18877570477730338,18.877570477730337,-3.7755140955460678,391.04858884021314,391.04858884021314,-18.877570477730337,264.7127421251057,-391.04858884021314,37.755140955460675,0.28316355716595504,-1000.0,18.877570477730337,-294.1131900413454,1.1150213880653037,-37.755140955460675,0.09438785238865169,1.8877570477730339,35.197993591834944,87.87636261652507,-0.18877570477730338,-92.59575523595765,49.724792681032206,58.520468480964055,0.18877570477730338,30.053092200548086,-437.8408468853119,1.1150213880653037,-0.18877570477730338,-0.047193926194325844,-1.1150213880653037,-0.18877570477730338,-1000.0,0.18877570477730338,-0.047193926194325844,-0.047193926194325844,-0.047193926194325844,75.51028191092135,-118.0371701519613,1.8877570477730339,139.85920027688425,-0.047193926194325844,0.0,9.438785238865169,125.66589097806374,0.18877570477730338,0.09438785238865169,0.09438785238865169,19.435081171762988,58.52046848096405,0.18877570477730338,-58.520468480964055,1.8877570477730339,0.18877570477730338,-139.85920027688425,0.18877570477730338,0.7551028191087426,0.9438785238860419,0.09438785238865169,0.047193926194325844,56.63271143319102,-0.18877570477730338,594.7183837497897,1.8877570477730339,-279.7184005537685,665.4264612498838,-18.877570477730337,37.755140955460675,9.438785238865169,-0.18877570477730338,211.1879615510097,0.28316355716595504,-0.18877570477730338,-38.870162343525976,58.52046848096405,725.0354292370682,0.09438785238865169,-251.3317819561275,-0.18877570477730338,-0.18877570477730338,-0.18877570477730338,0.09438785238865169,526.6842163286765,-37.755140955460675,0.18877570477730338,70.39598718366989,-0.047193926194325844,-0.20765327525502641,-70.39598718366989,28.316355716595503,43.813246562066084,133.7308712775611,526.6842163286765,-0.14158177858297752,92.59575523595765,-87.87636261652507,0.18877570477730338,-0.04719392619432586,9.438785238865169,188.77570477730336,-0.09438785238865169,-0.18877570477730338,0.047193926194325844,0.0,0.0,999.9056121476114,0.0,-561.9691400095245,0.0,805.288128207138,-1000.0,0.0,1000.0,-251.23224511903922,-760.11991656501,0.0,-500.0,280.98457000476225,125.61612255951961,0.0,500.0,-50.121221661064396,-369.77175927856905,0.0,760.11991656501,-369.77175927856905,-805.288128207138,612.1257023073598,0.0,1496.5981,bhi
75,0.0,0.0,0.0,0.0,0.0,0.0,0.0,0.0,-0.14371309006311,0.0,0.0,0.0,0.0,0.0,0.0,0.0,6.241928489521264,404.06047251858934,0.0,0.0,0.0,0.0,0.0,0.0,0.0,0.0,0.0,0.0,0.0,-370.64157499883424,0.0,0.0,37.328222516203255,0.0,0.0,0.0,0.0,77.23983645859656,0.0,-1000.0,956.886072981067,0.0,0.0,-635.600353490687,0.0,0.0,0.0,0.0,1000.0,0.0,0.0,0.0,0.0,0.15808439906956318,0.0,0.0,0.0,0.0,0.0,0.0,131.73721046233175,0.0,-698.5565806806595,-1000.0,0.0,0.0,0.0,0.0,830.1462447160463,-830.1462447160463,0.0,1.4371309006311004,0.0,0.0,0.0,0.0,0.0,0.0,0.0,0.0,0.0,0.0,0.0,0.0,86.22785403786602,0.0,0.0,-102.0061761658728,-3.0131794272132995,0.0,-0.03592827251577751,0.0,0.0,-935.5892241943156,43.11392701893301,0.0,43.11392701893301,-246.80233222554222,0.0,0.0,0.0,484.3739153415394,-1000.0,0.0,0.0,-350.2688567478704,336.7905090204624,0.0,0.0,0.0,0.0,0.0,0.0,0.0,0.0,0.0,0.0,0.0,0.0,0.0,0.0,0.0,0.0,0.0,-818.1449501388289,0.0,0.0,43.11392701893301,0.0,44.551057919564116,0.0,0.0,-1000.0,1000.0,0.0,0.0,-433.1806297816722,0.0,0.0,0.0,0.0,0.0,0.0,0.0,0.0,11.065907934859672,0.14371309006311,0.0,0.0,0.0,-336.7905090204624,0.0,0.0,0.0,0.0,0.0,850.1817349197262,0.0,0.0,0.0,0.0,0.0,999.8562869099369,999.8562869099369,0.0,0.0,0.0,-562.5,202.01019727039693,0.0,0.0,1000.0,0.0,0.0,0.0,-82.88845702576384,-1000.0,0.0,0.0,0.0,0.0,0.0,0.0,0.0,0.0,0.0,0.0,0.0,0.0,0.0,0.0,498.03274776918005,0.0,0.0,0.0,0.0,0.0,0.0,0.0,3.0131794272132995,-3.0131794272132995,66.26784382369885,0.0,0.0,0.0,0.0,0.0,0.0,629.3584250011658,-1000.0,0.0,0.0,0.0,0.0,0.0,0.0,0.0,0.0,0.0,0.0,0.0,0.0,0.0,0.0,-620.0955639606045,-635.600353490687,0.0,0.0,0.0,366.91278595797337,152.61531007503118,0.0,0.0,0.0,0.0,131.73721046233175,0.0,0.0,0.0,0.0,0.0,0.0,0.0,0.0,0.0,0.0,28.742618012622007,0.0,0.0,6.026358854426599,0.0,901.0070032613405,0.0,635.600353490687,0.0,0.0,433.1806297816722,690.9082383426894,0.0,0.0,0.0,-473.55664002133466,0.0,0.0,-292.8018746447347,-76.97960181672136,0.0,-215.82227282801335,0.0,76.97960181672136,0.0,0.0,-490.92017188832455,0.0,0.0,182.0763673773472,0.0,0.0,0.0,-1000.0,0.0,1000.0,0.0,999.7125738198738,0.0,366.91278595797337,724.8833620505047,-562.5,0.0,0.0,131.73721046233175,-0.21556963509466506,0.0,0.0,0.0,0.0,0.14371309006311,0.0,0.0,0.0,-760.0298286868431,6.241928489521264,0.0,-378.8118077918311,-1000.0,1000.0,1000.0,0.0,226.29666223503236,0.0,-350.2688567478704,0.0,0.0,0.0,-12.373697054433915,-213.9229651805984,0.0,-339.05076210898017,-1000.0,0.0,0.0,0.0,0.0,0.0,0.0,0.0,0.0,0.0,0.0,0.0,0.0,0.0,0.0,0.0,0.0,0.0,871.9681248329221,0.0,794.1534360140719,0.0,0.0,242.17477072550807,0.0,0.0,0.0,-11.065907934859672,0.0,0.0,0.0,0.0,477.1882608383838,0.0,0.0,0.0,0.0,-616.223279535448,658.5809899701869,895.7357779896203,-1000.0,806.4903242300223,0.0,-245.77978492234743,0.0,-3.592827251577751,-902.9214324927758,759.6835386249862,0.0,217.3622295979222,0.0,-547.7785727011224,43.11392701893301,0.0,0.0,0.0,0.0,0.0,0.0,0.0,0.0,0.0,0.0,570.3957623979942,0.0,0.0,0.0,0.0,0.0,629.3584250011658,0.0,0.0,-169.70620885700876,0.0,-312.5000000000071,0.0,0.0,0.0,0.0,0.0,-663.2094909795376,0.28742618012616566,0.0,0.0,0.0,0.0,0.0,0.0,0.0,0.0,0.0,0.0,0.0,0.0,0.0,0.0,0.0,0.0,0.0,0.0,0.0,0.15808439906956318,0.15808439906956318,0.0,226.27588578431312,0.0,86.22785403786602,0.0,0.0,0.0,1000.0,0.0,0.0,0.0,0.0,0.0,1000.0,-1000.0,0.0,0.0,381.87913441447034,0.0,0.0,0.0,0.0,0.0,0.0,0.0,0.0,0.0,0.0,272.71498337960963,760.0298286868431,0.0,0.0,11.065907934859672,0.0,-1000.0,64.41077580568435,-154.47237809304556,0.0,1000.0,0.0,336.7905090204624,0.0,0.0,0.0,0.0,0.0,0.0,0.0,0.0,0.0,0.0,0.0,0.0,0.0,0.0,0.0,0.0,0.0,86.22785403786602,433.1806297816722,433.1806297816722,0.0,0.0,0.0,0.0,0.0,0.0,0.0,0.0,0.0,0.0,1.4371309006311004,0.0,0.0,0.0,0.0,0.0,0.0,0.0,0.0,43.11392701893301,-381.87913441447034,0.0,0.0,0.0,0.0,0.0,0.0,0.0,0.0,0.0,734.3095915417487,0.0,0.0,43.11392701893301,43.11392701893301,250.39736523324325,-1000.0,0.0,0.0,0.0,0.0,0.0,0.0,0.0,339.05076210898017,629.3584250011658,185.04539075493796,0.14371309006311,0.0,0.0,0.0,189.7936658697744,0.0,0.0,935.5892241943156,0.0,0.0,0.0,0.0,0.0,0.0,0.0,0.0,0.0,0.0,0.0,0.0,0.0,0.0,0.14371309006311,0.0,0.0,0.0,0.0,0.0,0.0,0.0,0.0,0.0,-15.693469434893819,492.5076190517049,0.0,-245.7052868261627,-77.81468881885019,-10.778481754733264,0.0,-7.185654503155476,0.0,0.0,0.0,0.0,0.0,0.0,0.0,0.0,0.0,0.0,0.0,433.1806297816722,1000.0,0.0,0.0,-323.2306886000447,0.0,0.0,0.0,-0.14371309006311,0.0,0.0,0.14371309006311,0.0,0.14371309006311,0.0,0.0,0.0,86.22785403786602,175.32996987699426,175.32996987699426,0.0,0.0,0.0,0.0,0.0,0.0,0.0,0.0,0.0,629.3584250011658,0.0,0.0,0.0,0.0,0.0,0.0,0.0,0.0,0.0,0.0,0.0,0.0,0.0,0.0,0.0,0.0,0.0,218.88315389873003,0.0,-571.3513807868223,571.3513807868223,0.21556963509466506,0.0,0.0,0.0,-43.11392701893301,0.0,0.0,0.0,0.0,0.0,-226.27588578431312,7.185654503155501,0.0,0.0,0.0,562.5,-202.01019727039693,-4.6275615000341475,-7.185654503155476,0.0,-312.5000000000071,0.0,0.0,0.0,0.0,0.0,433.1806297816722,0.0,381.87913441447034,30.62287951686774,226.27588578431312,0.0,-731.638498508868,-350.2688567478704,0.0,0.0,245.7052868261627,-245.7052868261627,0.0,515.5782684656951,0.0,7.185654503155476,441.4447041607171,0.0,0.0,0.0,-169.70620885700876,0.0,0.0,0.0,0.0,0.0,0.0,0.0,0.0,0.0,-21.556963509466414,0.0,175.32996987699426,0.0,0.0,0.0,0.0,0.0,0.0,0.0,0.0,0.0,0.0,0.0,0.0,258.61133104851285,-189.7936658697744,-318.3925994324509,0.0,43.11392701893301,0.0,0.0,0.0,0.0,-210.50190327876012,0.0,0.0,0.15808439906956318,0.0,0.0,0.0,87.66498493849713,0.0,0.0,0.0,0.0,-620.0955639606045,0.0,336.7905090204624,0.0,0.0,0.0,0.0,0.0,0.0,82.01581209217689,0.0,816.9842433316201,0.014371309006311,0.0,0.0,0.0,0.0,0.0,0.0,0.0,0.0,0.0,0.0,0.0,0.0,0.0,0.0,0.0,226.27588578431312,0.0,0.0,0.0,0.0,0.0,0.0,0.0,0.0,0.0,0.0,0.0,0.0,0.0,521.563685090718,404.06047251858934,0.0,0.0,0.0,86.22785403786602,0.0,0.0,0.0,0.0,0.0,0.0,-86.22785403786602,0.0,0.0,0.0,0.0,0.0,0.0,0.0,0.0,0.0,0.0,0.0,0.0,-185.04539075493796,-1000.0,98.44346669323038,-43.11392701893301,0.0,0.0,77.23983645859656,0.0,0.0,0.0,0.0,0.0,0.0,0.0,0.0,0.0,0.0,0.0,0.0,0.0,0.0,0.0,0.0,0.0,-17.96413625788874,433.1806297816722,-487.9667425931171,-10.77848175473332,0.0,0.0,0.0,0.0,0.0,0.0,-1.7964136257888756,169.70620885700876,0.0,0.0,0.0,0.0,0.0,0.0,0.0,1000.0,43.11392701893301,43.11392701893301,0.0,0.0,0.0,0.0,0.0,0.15808439906956318,226.27588578431312,0.0,0.0,-77.23983645859656,816.9698720226138,0.0,0.0,0.0,0.0,0.0,0.0,0.0,0.0,0.0,0.0,0.0,0.0,0.0,285.6756903934112,0.0,0.0,0.0,0.0,150.89874456626555,11.065907934859672,0.0,0.0,0.0,0.0,0.0,226.27588578431312,0.0,0.0,0.0,0.0,0.0,-17.96413625788874,0.0,0.0,0.0,0.0,0.0,0.0,0.0,0.0,0.0,0.0,0.0,0.0,0.0,0.0,0.0,0.0,0.0,0.0,-0.14371309006311,0.0,0.0,7.185654503155501,-1000.0,0.0,0.0,0.0,0.0,433.1806297816722,0.0,0.0,0.0,12.373697054433915,3.592827251577751,0.0,0.0,0.0,0.14371309006311,0.0,143.71309006311003,-44.551057919564116,28.742618012622007,1.0265220718793573,400.95952127607706,-0.10778481754733253,245.77978492234743,2.8742618012622008,-0.7185654503167456,-400.95952127607706,43.11392701893301,-0.14371309006311,116.75628558262348,0.0,0.03592827251577751,1.0265220718793573,-350.2688567478704,-22.879123938049297,-2.8742618012622008,-410.3024010081106,-0.14371309006311,0.03592827251577751,-400.95952127607706,14.371309006311003,0.14371309006311,0.14371309006311,-225.97408829518045,0.15808439906936655,0.0,-0.10778481754733253,43.11392701893301,0.14371309006311,43.11392701893301,-71.85654503155502,-0.07185654503155502,-149.64402142398535,-167.13033217140529,-0.10778481754733253,-0.14371309006311,-44.551057919564116,0.14371309006311,14.371309006311003,-2.8742618012622008,218.88315389873003,218.88315389873003,-14.371309006311003,410.3024010081106,-218.88315389873003,28.742618012622,0.21556963509466506,-1000.0,14.371309006311003,-272.71498337960963,0.0,-28.742618012622007,0.07185654503155502,1.4371309006311004,94.70295194795777,255.01850379693514,-0.14371309006311,-258.61133104851285,225.97408829518045,44.551057919564116,0.14371309006311,22.879123938049297,-172.455708075732,0.0,-0.14371309006311,-0.03592827251577751,0.0,-0.14371309006311,-1000.0,0.14371309006311,-0.03592827251577751,-0.03592827251577751,-0.03592827251577751,57.48523602524401,71.85654503155502,1.4371309006311004,106.47343560050959,-0.03592827251577751,72.64961831329207,7.185654503155502,338.7903999929243,0.14371309006311,0.07185654503155502,0.071856545031555,-169.08508397267568,44.551057919564116,0.14371309006311,-44.551057919564116,1.4371309006311004,0.14371309006311,-106.47343560050959,0.14371309006311,0.5748523602536295,0.7185654503167456,0.07185654503155502,0.03592827251577751,43.11392701893301,-0.14371309006311,0.0,1.4371309006311004,-212.94687120101918,242.1869576707697,-14.371309006311003,28.742618012622007,7.185654503155502,-0.14371309006311,350.2688567478704,0.21556963509466506,-0.14371309006311,338.17016794535135,44.551057919564116,501.44158066575653,0.071856545031555,-677.5807999858486,-0.14371309006311,-0.14371309006311,-0.14371309006311,0.071856545031555,400.95952127607706,-28.742618012622007,0.14371309006311,189.40590389591554,-0.03592827251577751,-0.15808439906936655,-189.40590389591554,21.556963509466502,167.13033217140529,629.3769601097745,400.95952127607706,-0.10778481754733253,258.61133104851285,-255.01850379693514,0.14371309006311,-0.0359282725157775,7.185654503155476,143.71309006311003,-0.07185654503155502,-0.14371309006311,0.03592827251577751,0.0,0.0,999.9281434549684,0.0,-751.6798978267941,0.0,64.57758016618047,-390.7731385544685,0.0,809.870932786441,-248.8695236627458,702.895880496246,0.0,-404.9354663932205,375.83994891339705,124.4347618313729,0.0,195.38656927723426,-226.27588578431312,-290.93967738699644,0.0,-702.895880496246,-290.93967738699644,-64.57758016618047,111.33098961780073,0.0,1496.5981,bhi
76,0.0,0.0,0.0,0.0,0.0,0.0,0.0,0.0,-0.19045334179059034,0.0,0.0,0.0,0.0,0.0,0.0,0.0,647.9053851946501,104.84799921664785,0.0,0.0,0.0,0.0,0.0,0.0,0.0,471.90703165065366,0.0,0.0,0.0,0.0,0.0,0.0,522.0389051248292,0.0,0.0,0.0,0.0,521.626982370966,0.0,-1000.0,954.2194016130493,0.0,0.0,0.0,0.0,0.0,17.325044204336088,0.0,-71.99873071705005,-775.3785368135449,0.0,146.02282579375108,0.0,0.2094986759698377,0.0,0.0,0.0,38.090668358118066,0.0,0.0,56.74879830099928,0.0,-118.65316905029468,-282.4685385533691,0.0,0.0,0.0,0.0,1000.0,-1000.0,0.0,1.9045334179059035,0.0,0.0,0.0,0.0,0.0,0.0,0.0,0.0,0.0,0.0,0.0,0.0,114.27200507435421,0.0,0.0,1000.0,26.730474796360983,0.0,-0.047613335447647585,0.0,0.0,0.0,57.136002537177106,0.0,57.136002537177106,0.0,0.0,0.0,0.0,9.522667089529516,-881.3300355078761,0.0,0.0,-104.35604106098592,0.0,833.6060060417215,0.0,0.0,0.0,0.0,0.0,0.0,0.0,0.0,0.0,0.0,0.0,0.0,0.0,0.0,0.0,0.0,-1000.0,0.0,0.0,57.136002537177106,0.0,59.04053595508301,0.0,0.0,-890.1265545506014,0.0,890.1265545506014,-890.1265545506014,0.0,358.9305254969287,-358.9305254969287,-220.56416780407372,0.0,0.0,0.0,0.0,0.0,14.664907317875446,0.19045334179059034,0.0,0.0,0.0,-600.1236534831269,0.0,0.0,0.0,0.0,0.0,1000.0,0.0,0.0,0.0,0.0,0.0,982.8654091374545,982.8654091374545,0.0,0.0,0.0,-62.5,992.3845398789579,0.0,0.0,983.0558624792451,0.0,0.0,0.0,532.4491514343907,-1000.0,0.0,0.0,0.0,0.0,0.0,0.0,0.0,0.0,0.0,-628.5031002312505,0.0,0.0,0.0,0.0,-1000.0,0.0,0.0,0.0,0.0,0.0,775.3785368135449,-146.02282579375108,-26.730474796360983,26.730474796360983,0.0,0.0,0.0,0.0,0.0,0.0,0.0,881.3300355078761,-1000.0,0.0,0.0,0.0,0.0,0.0,0.0,0.0,0.0,0.0,0.0,0.0,0.0,0.0,0.0,-29.41352097683864,-429.88382868384895,0.0,0.0,0.0,220.56416780407372,111.97150118202804,0.0,0.0,0.0,0.0,56.74879830099928,-429.88382868384895,0.0,0.0,0.0,0.0,0.0,0.0,0.0,0.0,210.7799805571673,0.0,0.0,0.0,405.2691293898962,458.7300789826181,755.2479686928378,0.0,429.88382868384895,0.0,0.0,220.56416780407372,944.6403043056356,0.0,0.0,0.0,-145.69166124531887,0.0,0.0,146.1944290075852,0.0,1000.0,-853.8055709924147,1000.0,0.0,0.0,0.0,-703.860919068912,775.3785368135449,0.0,419.3933224137191,0.0,0.0,0.0,-648.4345116577596,0.0,648.4345116577596,0.0,1000.0,0.0,220.56416780407372,0.0,-62.5,0.0,0.0,56.74879830099928,-0.2856800126858855,0.0,0.0,0.0,0.0,0.19045334179059034,0.0,0.0,0.0,620.1125157236277,647.9053851946501,0.0,-69.57069404065727,-122.74845092639532,1000.0,1000.0,0.0,-620.3920468859062,0.0,-104.35604106098592,0.0,0.0,0.0,853.1414281452757,0.0,-232.7493812593695,278.4294971064837,-1000.0,0.0,0.0,0.0,0.0,0.0,0.0,0.0,0.0,0.0,0.0,0.0,0.0,0.0,0.0,0.0,0.0,0.0,-477.61120426187057,0.0,-1000.0,0.0,0.0,204.64738295150926,0.0,0.0,0.0,-225.44488787504275,0.0,0.0,0.0,0.0,0.0,-1000.0,294.3176060076622,0.0,-1000.0,0.0,0.0,0.0,106.76449566489397,-1000.0,-294.3176060076622,-9.522667089529516,-866.4019640714589,995.2386664552353,-9.522667089529516,891.8152535287603,0.0,316.4070277358449,975.2867559031214,0.0,57.136002537177106,0.0,0.0,0.0,0.0,0.0,0.0,0.0,0.0,0.0,0.0,-646.5003143514955,0.0,0.0,0.0,0.0,0.0,881.3300355078761,0.0,0.0,-107.06657120207515,0.0,0.0,11.355404150226375,0.0,0.0,0.0,0.0,-686.6731769971426,0.38090668358130786,0.0,0.0,0.0,0.0,0.0,0.0,0.0,0.0,0.0,0.0,0.0,0.0,0.0,0.0,0.0,0.0,0.0,0.0,0.0,0.2094986759698377,0.2094986759698377,0.0,81.11351214994805,0.0,114.27200507435421,0.0,0.0,0.0,1000.0,0.0,0.0,0.0,0.0,0.0,809.6536416172287,-1000.0,0.0,0.0,0.0,0.0,0.0,11.355404150226375,0.0,0.0,0.0,0.0,0.0,0.0,0.0,333.3333333333333,-620.1125157236277,600.1236534831269,0.0,14.664907317875446,0.0,0.0,0.0,-111.97150118202804,0.0,809.6536416172287,0.0,122.98046462008608,0.0,0.0,0.0,0.0,0.0,0.0,0.0,0.0,0.0,0.0,0.0,0.0,0.0,0.0,0.0,0.0,0.0,114.27200507435421,220.56416780407372,220.56416780407372,0.0,0.0,0.0,0.0,0.0,0.0,0.0,0.0,0.0,0.0,1.9045334179059035,0.0,0.0,0.0,0.0,0.0,-146.02282579375108,0.0,0.0,57.136002537177106,0.0,0.0,0.0,0.0,0.0,0.0,0.0,0.0,0.0,0.0,1000.0,-229.82151622167072,0.0,57.136002537177106,57.136002537177106,538.226317401185,-1000.0,0.0,11.355404150226375,0.0,0.0,0.0,0.0,0.0,957.87917067663,881.3300355078761,1000.0,0.19045334179059034,0.0,0.0,-279.8005929061064,531.3214383608367,0.0,0.0,0.0,0.0,0.0,0.0,0.0,0.0,0.0,0.0,0.0,0.0,0.0,0.0,0.0,0.0,0.0,0.19045334179059034,0.0,0.0,0.0,663.8429514868187,-663.8429514868187,0.0,0.0,0.0,0.0,0.0,369.3966115762886,0.0,-390.19411649982214,-522.3887957381294,-14.284000634294276,-9.522667089529516,0.0,0.0,0.0,0.0,0.0,0.0,0.0,0.0,0.0,0.0,0.0,0.0,220.56416780407372,1000.0,0.0,0.0,325.92969482537444,0.0,0.0,0.0,-0.19045334179059034,0.0,0.0,0.19045334179059034,0.0,0.19045334179059034,0.0,0.0,0.0,114.27200507435421,232.35307698452027,232.35307698452027,0.0,0.0,0.0,0.0,0.0,0.0,0.0,600.1236534831269,0.0,881.3300355078761,0.0,0.0,869.5394608734456,0.0,0.0,0.0,0.0,0.0,0.0,0.0,0.0,0.0,0.0,0.0,0.0,0.0,0.0,111.97150118202804,0.0,-1000.0,1000.0,0.2856800126858855,0.0,0.0,0.0,-57.136002537177106,0.0,0.0,0.0,0.0,0.0,-81.11351214994805,9.522667089529516,0.0,0.0,0.0,62.50000000000001,-992.3845398789579,-130.5932128372765,0.0,0.0,0.0,0.0,0.0,0.0,0.0,0.0,220.56416780407372,0.0,0.0,0.0,81.11351214994805,0.0,-437.96701487499115,-104.35604106098592,0.0,-356.03810071231925,390.19411649982214,-34.15601578750287,0.0,712.2872273211154,0.0,9.522667089529516,259.7840417966911,0.0,0.0,0.0,-107.06657120207515,0.0,0.0,591.845533834982,-591.845533834982,0.0,0.0,0.0,0.0,0.0,723.9006130154929,-123.96551405283083,232.35307698452027,0.0,-92.08923491288712,-92.08923491288712,92.08923491288712,0.0,0.0,0.0,0.0,0.0,210.7799805571673,0.0,0.0,0.0,-251.52084545473036,-222.47205612741612,0.0,57.136002537177106,0.0,0.0,0.0,0.0,-418.3061098732918,0.0,0.0,0.2094986759698377,0.0,0.0,0.0,116.17653849226011,0.0,0.0,0.0,0.0,-29.41352097683864,0.0,0.0,0.0,0.0,0.0,0.0,0.0,0.0,0.0,0.0,0.019045334179054407,0.019045334179059032,0.0,0.0,0.0,0.0,0.0,0.0,0.0,0.0,0.0,-279.8005929061064,0.0,0.0,0.0,0.0,0.0,81.11351214994805,0.0,0.0,0.0,0.0,0.0,0.0,0.0,775.3785368135449,0.0,0.0,0.0,0.0,373.928294809587,0.0,104.84799921664785,0.0,0.0,0.0,114.2720050743543,0.0,0.0,0.0,0.0,0.0,-180.0529665751339,65.7809615007797,0.0,0.0,0.0,0.0,0.0,0.0,0.0,0.0,0.0,0.0,0.0,0.0,-1000.0,354.9786322752376,1000.0,-57.136002537177106,0.0,0.0,521.626982370966,0.0,0.0,0.0,0.0,0.0,0.0,0.0,0.0,0.0,93.75,0.0,-93.75,-93.75,0.0,0.0,0.0,0.0,-23.806667723823793,220.56416780407372,-14.284000634294276,979.2209742919823,0.0,0.0,0.0,0.0,0.0,0.0,-2.3806667723823796,107.06657120207515,0.0,0.0,0.0,0.0,0.0,0.0,0.0,1000.0,57.136002537177106,57.136002537177106,0.0,0.0,0.0,0.0,0.0,0.2094986759698377,81.11351214994805,0.0,0.0,-521.626982370966,0.0,0.0,0.0,0.0,0.0,0.0,0.0,0.0,0.0,0.0,0.0,0.0,0.0,0.0,264.0464841746732,0.0,0.0,0.0,0.0,199.97600888011988,14.664907317875446,0.0,0.0,0.0,0.0,0.0,81.11351214994805,0.0,325.7179286992562,0.0,0.0,0.0,-23.806667723823793,0.0,0.0,0.0,0.0,0.0,0.0,0.0,0.0,0.0,0.0,0.0,0.0,0.0,0.0,0.0,0.0,0.0,0.0,-0.19045334179059034,0.0,0.0,9.522667089529516,-809.6536416172287,0.0,0.0,0.0,0.0,220.56416780407372,0.0,0.0,0.0,-853.1414281452757,4.761333544764758,0.0,0.0,471.90703165065366,0.19045334179059034,0.0,190.45334179059031,-59.04053595508301,38.090668358118066,1.3603810127899307,531.3648235957471,-0.14284000634294275,9.522667089529516,3.809066835811807,-0.9522667089539709,-531.3648235957471,57.1360025371771,-0.19045334179059034,34.785347020328636,11.355404150226375,0.047613335447647585,1.360381012789931,-104.35604106098592,-30.32017201306303,-3.809066835811805,-752.7533844112979,-0.19045334179059034,0.047613335447647585,-531.3648235957471,19.045334179059033,0.19045334179059034,0.19045334179059034,-80.71356013218762,0.20949867596959848,-1000.0,-0.14284000634294275,57.136002537177106,0.19045334179059034,57.136002537177106,-95.22667089529517,-0.09522667089529517,208.71208212197183,-131.20728870287766,-0.14284000634294275,-0.19045334179059034,-59.04053595508301,0.19045334179059034,19.04533417905903,-3.809066835811807,111.97150118202804,111.97150118202804,-19.045334179059033,752.7533844112979,-111.97150118202804,38.090668358118066,0.2856800126858855,-1000.0,19.045334179059033,-333.3333333333333,11.355404150226375,-38.090668358118066,0.09522667089529517,1.9045334179059035,17.392673510164318,119.20418050806612,-0.19045334179059034,-123.96551405283083,80.71356013218762,59.04053595508301,0.19045334179059034,30.32017201306303,-217.18860599848188,11.355404150226375,-0.19045334179059034,-0.047613335447647585,-11.355404150226375,-0.19045334179059034,-686.6731769971426,0.19045334179043039,-0.047613335447647585,-0.047613335447647585,-0.047613335447647585,76.18133671623613,95.22667089529517,1.9045334179059035,262.27740749513794,-0.047613335447647585,0.0,9.522667089529516,352.85925558810084,0.19045334179059034,0.09522667089529517,0.09522667089529517,-85.55904764786465,59.04053595508301,0.19045334179059034,-59.04053595508301,1.9045334179059035,0.19045334179059034,-504.627983287206,0.19045334179059034,0.7618133671634268,0.9522667089539709,0.09522667089529517,0.047613335447647585,57.136002537177106,-0.19045334179059034,1000.0,1.9045334179059026,-524.5548149902759,4.76133354476476,-19.04533417905903,38.090668358118066,9.522667089529516,-0.19045334179059034,104.35604106098592,0.2856800126858855,-0.19045334179059034,171.1180952957293,59.04053595508301,778.721126003401,0.09522667089529517,-705.7185111762017,-0.19045334179059034,-0.19045334179043039,-0.19045334179059034,0.09522667089529517,531.3648235957471,-38.090668358118066,0.19045334179059034,34.785347020328636,-0.047613335447647585,-0.20949867596959848,-34.785347020328636,28.568001268588546,131.20728870287766,357.11104665207813,531.3648235957471,-0.14284000634294275,123.96551405283083,-119.20418050806612,0.19045334179059034,-0.04761333544764758,9.522667089529516,190.45334179059031,-0.09522667089529517,-0.19045334179059034,0.047613335447647585,667.8229431676896,0.0,999.9047733291047,242.35057579206807,-938.6892152440388,0.0,742.4522037034353,-630.6039650393873,0.0,-1000.0,712.7656870543633,1000.0,0.0,500.0,469.3446076220194,-356.38284352718165,0.0,315.30198251969364,-81.11351214994805,-360.41501613010917,0.0,-1000.0,-360.41501613010917,-742.4522037034353,470.29773776142906,0.0,1496.5981,bhi
77,0.0,0.0,0.0,0.0,0.0,0.0,0.0,0.0,-0.15274986988249745,0.0,0.0,0.0,0.0,0.0,0.0,0.0,-855.5145033939094,1000.0,0.0,83.80603855356401,0.0,0.0,0.0,442.9122055614535,0.0,0.0,0.0,0.0,0.0,305.2053834054421,58.29510638177902,-58.29510638177902,714.4550155013889,0.0,0.0,0.0,0.0,999.3890005204705,0.0,-1000.0,1000.0,0.0,0.0,-139.54674726654275,0.0,0.0,0.0,0.0,448.9235818057613,0.0,0.0,346.09849835387223,0.0,0.1680248568711696,0.0,0.0,0.0,30.54997397649949,0.0,0.0,-32.88387400157683,0.0,874.4951667238345,841.6112927222576,0.0,0.0,0.0,0.0,0.0,619.0897604167274,0.0,1.5274986988249748,0.0,0.0,0.0,0.0,0.0,0.0,0.0,0.0,0.0,0.0,0.0,0.0,91.64992192949849,0.0,0.0,-443.9275374744509,444.74830622672806,531.9478939572493,-0.03818746747062436,0.0,0.0,560.9845788803175,45.824960964749245,0.0,45.824960964749245,-63.21365219199173,0.0,0.0,0.0,7.637493494124873,-61.07088421658809,0.0,0.0,-349.59001425656953,0.0,0.0,0.0,0.0,0.0,0.0,0.0,0.0,0.0,0.0,0.0,0.0,0.0,0.0,0.0,0.0,0.0,0.0,-846.4708632138872,0.0,0.0,45.824960964749245,0.0,47.352459663574216,0.0,0.0,0.0,-779.8332994440015,779.8332994440015,-779.8332994440015,0.0,0.0,0.0,0.0,0.0,0.0,0.0,0.0,0.0,11.761739980952298,0.15274986988249745,0.0,0.0,0.0,-572.3069922098109,0.0,0.0,0.0,0.0,0.0,1000.0,0.0,0.0,0.0,0.0,0.0,941.5521437483384,941.5521437483384,0.0,0.0,0.0,0.0,0.0,0.0,0.0,1000.0,0.0,0.0,0.0,-60.745358507825955,-1000.0,0.0,0.0,0.0,0.0,0.0,0.0,0.0,0.0,0.0,-943.4952400799709,0.0,0.0,0.0,0.0,-45.824960964749245,0.0,0.0,0.0,0.0,0.0,0.0,-346.09849835387223,-424.90849257612587,424.90849257612587,0.0,0.0,0.0,0.0,0.0,0.0,0.0,366.27626762203016,-1000.0,0.0,0.0,0.0,0.0,0.0,0.0,0.0,0.0,0.0,0.0,0.0,0.0,0.0,4.759369306081339,-366.59305983719014,447.4840365365784,0.0,0.0,0.0,0.0,0.0,0.0,0.0,0.0,0.0,-32.88387400157683,587.0307838031212,58.29510638177902,0.0,0.0,0.0,0.0,0.0,0.0,0.0,0.0,0.0,0.0,0.0,-869.6567988028539,0.0,-766.0109465986877,0.0,-447.4840365365784,0.0,0.0,0.0,-528.5495386521995,0.0,0.0,0.0,-208.2486259276351,0.0,0.0,-813.5757365540863,0.0,0.0,-813.5757365540862,0.0,0.0,19.839813650602196,0.0,1000.0,0.0,0.0,426.17213697216795,0.0,0.0,0.0,0.0,0.0,0.0,0.0,1000.0,0.0,0.0,-910.574593136887,0.0,0.0,0.0,-32.88387400157683,-0.22912480482374617,0.0,0.0,0.0,0.0,0.15274986988249745,0.0,0.0,0.0,0.0,-855.5145033939094,0.0,-561.3268309814245,-147.82175412244533,1000.0,923.8286505359698,0.0,-511.86728738378685,0.0,-349.59001425656953,0.0,0.0,0.0,798.4077657133447,713.4595216704421,-1000.0,-1000.0,-1000.0,0.0,0.0,0.0,0.0,0.0,0.0,0.0,0.0,0.0,0.0,0.0,0.0,0.0,0.0,0.0,0.0,0.0,0.0,0.0,-1000.0,0.0,0.0,0.0,0.0,0.0,0.0,46.53336640082672,0.0,0.0,0.0,0.0,0.0,0.0,0.0,927.5776819885774,0.0,-713.4595216704421,-135.67107312926356,883.6926096396711,0.0,-17.23722930701092,0.0,-935.2151754827023,0.0,-3.8187467470624363,-891.330103133796,-921.1998143707016,0.0,886.0786126151341,0.0,0.0,45.824960964749245,62.500000000007,-62.500000000007,0.0,0.0,0.0,0.0,0.0,-4.759369306081339,4.759369306081339,4.759369306081339,-658.8760485093749,0.0,0.0,-0.3054997397649949,0.0,0.0,366.27626762203016,0.0,0.0,-65.76774800315373,0.0,0.0,121.9963104287793,0.0,0.0,0.0,0.0,-984.7250130117502,0.3054997397648256,0.0,0.0,0.0,0.0,0.0,0.0,0.0,0.0,0.0,0.0,0.0,0.0,0.0,0.0,0.0,0.0,0.0,0.0,0.0,0.1680248568711696,0.1680248568711696,58.29510638177902,111.94186063414371,0.0,91.64992192949849,0.0,0.0,0.0,1000.0,0.0,0.0,0.0,0.0,0.0,1000.0,-1000.0,0.0,0.0,0.0,0.0,0.0,121.9963104287793,0.0,0.0,0.0,0.0,0.0,0.0,0.0,282.15695440462906,0.0,572.3069922098109,0.0,11.761739980952298,0.0,215.59345157082475,345.39112730949273,345.39112730949273,0.0,1000.0,0.0,15.274986988249745,0.0,0.0,0.0,4.759369306081339,0.0,0.0,0.0,0.0,0.0,0.0,0.0,0.0,0.0,0.0,0.0,0.0,0.0,91.64992192949849,0.0,0.0,0.0,0.0,0.0,0.0,0.0,0.0,0.0,0.0,0.0,0.0,1.5274986988249748,0.0,58.29510638177902,0.0,0.0,58.29510638177902,-346.09849835387223,0.0,0.0,45.824960964749245,0.0,0.0,0.0,0.0,0.0,0.0,0.0,0.0,0.0,0.0,0.0,0.0,0.0,45.824960964749245,45.824960964749245,522.6632844979993,-1000.0,0.0,121.9963104287793,0.0,0.0,0.0,0.0,0.0,852.8696024866789,366.27626762203016,696.751334165815,0.15274986988249745,0.0,0.0,0.0,201.72802458982113,1000.0,0.0,-560.9845788803175,0.0,0.0,0.0,0.0,0.0,0.0,0.0,0.0,0.0,0.0,0.0,0.0,0.0,0.0,0.15274986988249745,0.0,0.0,0.0,0.0,0.0,0.0,0.0,0.0,0.0,-588.0834314785454,634.6167978793723,0.0,0.0,-1000.0,-11.456240241187311,-6.47145946071912,-1.1660340334057524,0.0,0.0,0.0,0.0,0.0,0.0,0.0,0.0,0.0,0.0,0.0,0.0,1000.0,0.0,0.0,893.716106109259,0.0,0.0,0.0,-0.15274986988249745,0.0,0.0,0.15274986988249745,0.0,0.15274986988249745,0.0,619.0897604167274,0.0,91.64992192949849,186.35484125664692,186.35484125664692,0.0,0.0,0.0,0.0,0.0,0.0,0.0,572.3069922098109,0.0,366.27626762203016,0.0,0.0,0.0,811.5595295102281,0.0,0.0,0.0,0.0,0.0,0.0,0.0,0.0,0.0,0.0,0.0,0.0,0.0,0.0,0.0,-305.2033088052176,305.2033088052176,0.22912480482374617,0.0,0.0,0.0,-45.824960964749245,0.0,0.0,0.0,0.0,0.0,-111.94186063414371,7.637493494124873,0.0,0.0,0.0,0.0,0.0,365.38320212062774,-1.1660340334057524,0.0,0.0,0.0,0.0,0.0,0.0,0.0,0.0,0.0,0.0,426.3388530870883,107.18249132806237,0.0,-458.2429817666886,650.4099857434305,0.0,1000.0,0.0,-1000.0,0.0,-714.9043799088465,0.0,7.637493494124873,406.32235571468095,0.0,0.0,-58.29510638177902,-65.76774800315373,0.0,0.0,0.0,0.0,0.0,0.0,0.0,0.0,0.0,920.5827595975964,0.0,186.35484125664692,0.0,-480.9541823986406,-480.9541823986406,539.2492887804196,0.0,0.0,0.0,0.0,0.0,0.0,0.0,0.0,146.3105813577056,-201.72802458982113,-932.576392430705,0.0,45.824960964749245,0.0,0.0,0.0,0.0,-79.00487676393169,0.0,0.0,0.1680248568711696,0.0,0.0,0.0,93.17742062832346,0.0,0.0,0.0,0.0,-366.59305983719014,0.0,0.0,0.0,0.0,0.0,0.0,0.0,0.0,246.04743627652977,0.0,0.015274986988249745,0.015274986988249745,0.0,0.0,0.0,0.0,0.0,0.0,0.0,0.0,0.0,0.0,58.29510638177902,0.0,0.0,0.0,0.0,111.94186063414371,0.0,0.0,0.0,0.0,0.0,0.0,0.0,0.0,0.0,0.0,0.0,0.0,475.60211521763426,-1000.0,1000.0,0.0,0.0,0.0,91.64992192949849,0.0,0.0,0.0,0.0,0.0,0.0,-91.64992192949849,0.0,0.0,0.0,0.0,0.0,0.0,0.0,0.0,0.0,58.29510638177902,58.29510638177902,0.0,-696.751334165815,-208.20128172990928,916.1931903797389,0.0,-45.824960964749245,0.0,999.3890005204705,0.0,0.0,0.0,0.0,0.0,0.0,0.0,0.0,0.0,0.0,0.0,0.0,0.0,0.0,0.0,0.0,0.0,-19.093733735312128,0.0,-11.456240241187311,800.1032892690409,0.0,0.0,0.0,0.0,0.0,-1.9093733735312184,0.0,65.76774800315373,0.0,0.0,0.0,0.0,0.0,0.0,0.0,1000.0,45.824960964749245,45.824960964749245,0.0,0.0,0.0,0.0,0.0,0.1680248568711696,111.94186063414371,0.0,0.0,-999.3890005204705,0.0,0.0,0.0,0.0,0.0,0.0,0.0,0.0,0.0,0.0,0.0,0.0,0.0,0.0,462.1465346109725,0.0,0.0,0.0,0.0,160.38736337662237,0.0,0.0,11.761739980952298,0.0,0.0,0.0,111.94186063414371,0.0,-435.0683137733386,0.0,0.0,0.0,-19.093733735312128,0.0,0.0,0.0,0.0,0.0,0.0,0.0,0.0,0.0,0.0,0.0,0.0,0.0,0.0,0.0,0.0,0.0,0.0,-0.15274986988249745,0.0,0.0,7.637493494124873,-1000.0,0.0,0.0,0.0,0.0,0.0,0.0,0.0,0.0,-798.4077657133447,3.8187467470624363,0.0,0.0,0.0,0.15274986988249745,0.0,152.74986988249745,-47.352459663574216,30.54997397649949,1.091070499160696,426.17213697216795,-0.11456240241187308,7.637493494124897,3.054997397649949,-0.7637493494119798,-426.17213697216795,45.82496096474924,-0.15274986988249745,116.53000475218984,121.9963104287793,0.03818746747062436,1.091070499160696,-349.59001425656953,-24.317779285289745,55.24010898412907,-228.2915351596547,-0.15274986988249745,0.03818746747062436,-426.17213697216795,15.274986988249745,0.15274986988249745,0.15274986988249745,-111.62108590739004,0.1680248568707472,0.0,-0.11456240241187308,45.824960964749245,0.15274986988249745,45.824960964749245,-76.37493494124874,-0.07637493494124872,-300.81997148686094,-15.427736858132242,-0.11456240241187308,-0.15274986988249745,-47.352459663574216,0.15274986988249745,15.274986988249745,-3.054997397649949,0.0,0.0,-15.274986988249745,228.2915351596547,0.0,30.54997397649949,0.22912480482374617,-1000.0,15.274986988249745,-282.15695440462906,121.9963104287793,-30.54997397649949,0.07637493494124872,1.5274986988249748,140.3317077453561,137.73246530456186,-0.15274986988249745,-146.3105813577056,111.62108590739004,47.352459663574216,0.15274986988249745,24.317779285289745,-61.30353343021739,121.9963104287793,-0.15274986988249745,-0.03818746747062436,-121.9963104287793,-0.15274986988249745,-984.7250130117502,0.15274986988238376,-0.03818746747062436,-0.03818746747062436,-0.03818746747062436,61.09994795299898,76.37493494124874,1.5274986988249748,386.0990921298755,-0.03818746747062436,164.1334107385224,7.637493494124873,500.0,0.15274986988249745,0.07637493494124872,0.07637493494124872,76.27314220263939,47.352459663574216,0.15274986988249745,-47.352459663574216,1.5274986988249748,0.15274986988249745,-931.9601566912456,0.15274986988249745,0.6109994795294824,0.7637493494119798,0.07637493494124872,0.03818746747062436,45.824960964749245,-0.15274986988249745,0.0,-27.620054492064536,-772.198184259751,3.8187467470624146,-15.274986988249745,30.54997397649949,7.637493494124873,-0.15274986988249745,349.59001425656953,0.22912480482374617,-0.15274986988249745,-152.54628440527878,47.352459663574216,312.7592852684908,0.07637493494124872,-1000.0,-0.15274986988249745,-0.15274986988238376,-0.15274986988249745,0.07637493494124872,426.17213697216795,-30.54997397649949,0.15274986988249745,280.6634154907122,-0.03818746747062436,-0.1680248568707472,-280.6634154907122,22.912480482374615,15.427736858132242,760.1856162599084,426.17213697216795,-0.11456240241187308,146.3105813577056,-137.73246530456186,0.15274986988249745,-0.038187467470624355,7.637493494124873,152.74986988249745,-0.07637493494124872,-0.15274986988249745,0.03818746747062436,110.09367426108712,0.0,448.1359174572072,545.8610645613701,330.9855212589413,0.0,-267.771687567787,-67.42080188236201,0.0,-1000.0,-22.08391121055513,1000.0,-551.7877076078515,500.0,-165.49276062947064,11.041955605277565,0.0,33.71040094118101,-111.94186063414371,-233.75440850455914,551.7877076078515,-1000.0,-233.75440850455914,267.771687567787,-110.87157056290968,0.0,1496.5981,bhi
78,0.0,0.0,0.0,0.0,0.0,0.0,0.0,0.0,-0.15342419709018762,0.0,0.0,0.0,0.0,0.0,0.0,0.0,717.8941202494907,598.8206919425903,0.0,-1000.0,0.0,0.0,0.0,209.2690201632821,0.0,0.0,0.0,0.0,0.0,782.5339726829288,0.0,0.0,449.8584628031211,0.0,0.0,0.0,0.0,903.9563998682476,0.0,-1000.0,-157.27944775638596,0.0,0.0,0.0,0.0,0.0,0.0,0.0,-1000.0,0.0,0.0,195.06870978065808,0.0,0.16876661679908558,0.0,0.0,0.0,0.0,0.0,0.0,16.60948004071448,0.0,-695.2366620593007,-886.1489092626558,0.0,0.0,0.0,0.0,0.0,797.3814299999658,0.0,1.5342419709018764,0.0,0.0,0.0,0.0,0.0,0.0,0.0,0.0,0.0,0.0,0.0,0.0,92.05451825411258,0.0,39.05287141689899,1000.0,0.0,-775.0244424544221,-0.03835604927254691,0.0,0.0,-727.134246899297,46.02725912705629,0.0,46.02725912705629,0.0,0.0,0.0,0.0,25.80760286182431,467.0888368775439,0.0,0.0,-114.28136528117773,0.0,0.0,0.0,0.0,0.0,0.0,0.0,0.0,0.0,0.0,0.0,0.0,0.0,0.0,0.0,0.0,0.0,0.0,-447.861510220427,0.0,0.0,46.02725912705629,0.0,47.561501097958164,0.0,0.0,0.0,0.0,0.0,0.0,0.0,0.0,0.0,-207.5217272440695,0.0,0.0,0.0,0.0,0.0,50.866534592843436,0.15342419709018762,0.0,0.0,0.0,0.0,0.0,0.0,0.0,0.0,0.0,1000.0,0.0,0.0,0.0,0.0,0.0,613.3964050235473,613.3964050235473,0.0,0.0,0.0,0.0,-869.7566773578914,0.0,0.0,613.5498292206375,0.0,0.0,0.0,-21.27570069472813,0.0,0.0,0.0,0.0,0.0,0.0,0.0,0.0,0.0,0.0,-1000.0,0.0,0.0,0.0,0.0,-17.726048276895163,0.0,0.0,0.0,0.0,0.0,0.0,-195.06870978065808,854.8740503154318,-854.8740503154318,0.0,0.0,0.0,0.0,0.0,0.0,0.0,315.4451358053849,615.2697436586125,0.0,0.0,0.0,0.0,0.0,0.0,0.0,0.0,0.0,0.0,0.0,0.0,0.0,0.0,-448.5757313644809,-305.3593831517614,0.0,0.0,0.0,207.5217272440695,94.84495368353083,0.0,0.0,0.0,0.0,16.60948004071448,-305.3593831517614,0.0,0.0,482.45535407996954,0.0,0.0,0.0,0.0,0.0,4.940259146305081,30.684839418037527,0.0,0.0,-145.12594968456824,-1000.0,659.8053405347737,0.0,305.3593831517614,0.0,0.0,207.5217272440695,693.5303377226378,0.0,0.0,0.0,-261.8855146892383,0.0,0.0,-1000.0,0.0,0.0,-1000.0,0.0,0.0,854.8740503154318,0.0,648.7634520386802,0.0,0.0,333.2085561980926,0.0,0.0,0.0,-954.0862816699198,0.0,954.0862816699198,0.0,496.0843665757602,0.0,207.5217272440695,840.464387724893,0.0,0.0,0.0,16.60948004071448,-0.23013629563528143,0.0,0.0,0.0,0.0,0.15342419709018762,0.0,0.0,0.0,-128.08642367999704,717.8941202494907,0.0,-637.4635157757314,984.8049744579105,0.0,-160.6550505840459,0.0,0.0,0.0,-114.28136528117773,0.0,0.0,0.0,873.4310746623913,-780.2044952485974,-93.22657941379397,-1000.0,-1000.0,0.0,0.0,0.0,0.0,0.0,0.0,0.0,0.0,0.0,0.0,0.0,0.0,0.0,0.0,0.0,0.0,482.45535407996954,-95.42990334339113,0.0,-1000.0,0.0,0.0,0.0,0.0,0.0,0.0,-55.80679373914852,0.0,0.0,0.0,0.0,18.13639300731493,0.0,1000.0,-796.6045253257233,0.0,780.2044952485974,100.53045985800895,-7.671209854509382,0.0,-1000.0,-1000.0,779.8651189675564,-1000.0,-3.835604927254691,0.0,-427.53248761173677,0.0,0.0,0.0,598.0573832085895,46.02725912705629,0.0,0.0,0.0,0.0,0.0,0.0,0.0,0.0,0.0,0.0,-953.6719225089244,0.0,0.0,0.0,0.0,0.0,315.4451358053849,0.0,0.0,-96.19702432884256,0.0,0.0,49.40286195471624,0.0,0.0,0.0,0.0,-494.6029904915372,0.30684839418046295,0.0,0.0,0.0,0.0,0.0,0.0,0.0,0.0,0.0,797.3814299999658,0.0,0.0,0.0,0.0,0.0,0.0,0.0,0.0,0.0,0.16876661679908558,0.16876661679908558,0.0,131.46123760956107,0.0,92.05451825411258,0.0,0.0,0.0,1000.0,0.0,0.0,39.05287141689899,0.0,0.0,1000.0,-1000.0,0.0,0.0,0.0,0.0,0.0,49.40286195471624,0.0,0.0,0.0,0.0,0.0,0.0,0.0,149.28717007347566,128.08642367999704,0.0,0.0,50.866534592843436,0.0,-727.134246899297,0.0,-94.84495368353083,0.0,1000.0,0.0,505.3970095084628,0.0,124.99999999999982,-124.99999999999982,0.0,0.0,0.0,0.0,0.0,0.0,0.0,0.0,0.0,0.0,0.0,0.0,0.0,0.0,92.05451825411258,207.5217272440695,207.5217272440695,0.0,0.0,0.0,0.0,0.0,0.0,0.0,0.0,0.0,0.0,1.5342419709018764,0.0,0.0,39.05287141689899,-39.05287141689899,0.0,-195.06870978065808,0.0,0.0,46.02725912705629,0.0,0.0,0.0,0.0,0.0,0.0,0.0,0.0,0.0,0.0,1000.0,-637.7095304243248,0.0,46.02725912705629,46.02725912705629,334.8673922870766,-1000.0,0.0,49.40286195471624,0.0,0.0,0.0,0.0,0.0,51.64181865251936,315.4451358053849,0.0,0.15342419709018762,0.0,0.0,0.0,202.6185700000342,387.2534861225218,0.0,727.134246899297,0.0,0.0,0.0,0.0,0.0,0.0,0.0,0.0,0.0,0.0,0.0,0.0,0.0,0.0,0.15342419709018762,0.0,0.0,0.0,0.0,0.0,0.0,0.0,0.0,0.0,0.0,-55.80679373914852,0.0,0.0,-904.5700966566088,-11.50681478176407,-7.671209854509382,0.0,0.0,0.0,0.0,0.0,0.0,0.0,0.0,0.0,0.0,0.0,0.0,207.5217272440695,0.0,0.0,0.0,605.7285930630989,0.0,0.0,0.0,-0.15342419709018762,0.0,0.0,0.15342419709018762,0.0,0.15342419709018762,0.0,0.0,0.0,92.05451825411258,187.1775204500289,187.1775204500289,0.0,0.0,0.0,0.0,0.0,0.0,0.0,0.0,0.0,315.4451358053849,0.0,0.0,0.0,886.6408980318565,0.0,0.0,0.0,0.0,0.0,0.0,0.0,0.0,0.0,0.0,0.0,0.0,0.0,94.84495368353083,0.0,0.0,0.0,0.23013629563528143,0.0,0.0,0.0,-46.02725912705629,0.0,0.0,0.0,0.0,0.0,-131.46123760956107,7.671209854509382,0.0,0.0,0.0,0.0,869.7566773578914,55.80679373914852,0.0,0.0,0.0,0.0,0.0,0.0,0.0,0.0,207.5217272440695,0.0,0.0,0.0,131.46123760956107,0.0,969.3151605819625,272.97212084134406,0.0,0.0,0.0,0.0,0.0,506.35281727260883,0.0,7.671209854509382,847.1039982523481,0.0,0.0,0.0,-174.30276716264052,-187.49999999999324,187.49999999999324,0.0,0.0,0.0,0.0,0.0,0.0,0.0,976.9863704364719,0.0,187.1775204500289,0.0,-934.1784698257743,-934.1784698257742,934.1784698257742,0.0,0.0,0.0,0.0,0.0,4.940259146305081,0.0,0.0,165.9816819548533,-1000.0,-733.8414627315119,0.0,46.02725912705629,39.05287141689899,0.0,0.0,0.0,122.75756780134677,0.0,0.0,0.16876661679908558,0.0,0.0,0.0,93.58876022501445,0.0,0.0,0.0,0.0,-448.5757313644809,0.0,0.0,0.0,0.0,0.0,0.0,0.0,0.0,-524.3701050909301,0.0,690.2646081857963,0.0153424197090192,0.0,0.0,0.0,0.0,0.0,0.0,0.0,0.0,0.0,0.0,0.0,0.0,0.0,0.0,0.0,131.46123760956107,0.0,0.0,0.0,0.0,0.0,0.0,0.0,0.0,0.0,0.0,0.0,78.10574283379798,-878.8299404873169,768.3129232443202,598.8206919425903,0.0,0.0,0.0,92.05451825411258,0.0,0.0,0.0,0.0,0.0,0.0,-92.05451825411258,0.0,78.10574283379798,0.0,0.0,0.0,0.0,0.0,0.0,0.0,0.0,0.0,0.0,0.0,-481.2693444699368,991.7364730386349,-46.02725912705629,0.0,0.0,903.9563998682476,0.0,0.0,0.0,0.0,0.0,0.0,0.0,0.0,0.0,0.0,0.0,0.0,0.0,0.0,0.0,0.0,0.0,-19.178024636273452,207.5217272440695,-29.643207789079,875.1340832500923,0.0,0.0,0.0,0.0,0.0,936.4877487244219,-938.4055511880492,96.19702432884256,0.0,0.0,0.0,0.0,0.0,0.0,0.0,1000.0,46.02725912705629,46.02725912705629,0.0,0.0,0.0,0.0,0.0,0.16876661679908558,131.46123760956107,0.0,0.0,-903.9563998682476,690.2492657660873,0.0,0.0,0.0,0.0,0.0,0.0,0.0,0.0,0.0,0.0,0.0,0.0,0.0,0.0,0.0,0.0,0.0,0.0,161.095406944697,0.0,0.0,50.866534592843436,0.0,0.0,0.0,131.46123760956107,0.0,-63.4780035936579,0.0,0.0,0.0,-19.178024636273452,0.0,0.0,0.0,0.0,0.0,0.0,0.0,0.0,0.0,0.0,0.0,0.0,0.0,0.0,0.0,0.0,0.0,0.0,-0.15342419709018762,0.0,0.0,7.671209854509382,-1000.0,0.0,0.0,0.0,0.0,207.5217272440695,0.0,0.0,0.0,-873.4310746623913,3.835604927254691,0.0,0.0,0.0,0.15342419709018762,0.0,153.42419709018762,-47.561501097958164,30.684839418037527,1.0958871220727688,428.0535098816235,-0.11506814781764071,16.739406358166846,3.068483941803753,-0.7671209854514546,-428.0535098816235,46.02725912705629,-0.15342419709018765,38.093788427059245,49.40286195471624,0.03835604927254691,1.0958871220727688,-114.28136528117773,-63.4780035936579,-3.068483941803753,-316.714812192081,-0.15342419709018765,0.03835604927254691,-428.0535098816235,15.342419709018763,0.15342419709018765,0.15342419709018762,-131.13904679567182,-38.88410480009981,-328.645236609781,-0.11506814781764071,46.02725912705629,0.15342419709018765,46.02725912705629,-76.71209854509382,-0.07671209854509382,-442.7920328278636,-110.34079758963978,-0.11506814781764071,-0.15342419709018765,-47.561501097958164,0.15342419709018762,15.342419709018763,-3.068483941803753,94.84495368353083,94.84495368353083,-15.342419709018763,316.714812192081,-94.84495368353083,30.684839418037527,0.23013629563528143,-1000.0,15.342419709018763,-149.28717007347566,49.40286195471624,-30.684839418037527,0.07671209854509382,1.5342419709018764,159.36587894393284,162.1460770275986,-0.15342419709018762,-165.9816819548533,131.13904679567182,47.561501097958164,0.15342419709018765,63.4780035936579,-134.70617455350896,49.40286195471624,-0.15342419709018762,-0.03835604927254691,-49.40286195471624,-0.15342419709018765,-494.6029904915372,0.15342419709018765,-0.03835604927254691,-0.03835604927254691,-0.03835604927254691,61.36967883607505,76.71209854509382,1.5342419709018764,157.55089761119498,-0.03835604927254691,280.63796946080646,7.671209854509382,254.97270510027798,0.15342419709018762,0.07671209854509382,0.07671209854509382,-63.717012935657856,47.561501097958164,0.15342419709018762,-47.561501097958164,1.5342419709018764,0.15342419709018765,-245.31638879519653,0.15342419709018765,0.6136967883612385,0.7671209854514546,0.07671209854509382,0.03835604927254691,46.02725912705629,-0.15342419709018765,328.645236609781,1.5342419709018764,-315.10179522238997,12.903801430912155,-15.342419709018763,30.684839418037527,7.671209854509382,-0.15342419709018765,114.28136528117773,0.23013629563528143,-0.15342419709018765,127.43402587131571,47.561501097958164,219.98526898531966,0.07671209854509382,-509.94541020055595,-0.15342419709018765,-0.15342419709018765,-0.15342419709018765,0.07671209854509382,428.0535098816235,-30.684839418037527,0.15342419709018762,318.7317578878657,-0.03835604927254691,38.88410480009981,-318.7317578878657,23.01362956352814,110.34079758963978,162.91129857200298,428.0535098816235,-0.11506814781764071,165.9816819548533,-162.1460770275986,0.15342419709018765,-0.03835604927254692,7.671209854509382,153.42419709018762,-0.07671209854509382,-0.15342419709018765,0.03835604927254691,1000.0,0.0,920.0736800404453,87.76549118400155,581.6213599213161,0.0,399.99184165899584,-180.27701671747008,0.0,-1000.0,650.0149622495427,-1000.0,-79.84960786100964,500.0,-290.81067996065804,-325.00748112477135,0.0,90.13850835873504,-131.46123760956107,-342.74283678666643,79.84960786100964,1000.0,-342.74283678666643,-399.99184165899584,259.677798251743,0.0,1496.5981,bhi
79,0.0,0.0,0.0,0.0,0.0,0.0,0.0,0.0,-0.16369072053137768,0.0,0.0,0.0,0.0,0.0,0.0,0.0,-180.59077463049653,583.1631761456952,0.0,0.0,0.0,0.0,0.0,816.6588596450989,0.0,414.09143950689975,0.0,0.0,0.0,-40.98333053857141,0.0,0.0,0.0,0.0,0.0,0.0,0.0,999.3452371178731,0.0,-1000.0,433.7590502880796,0.0,0.0,165.21291671550264,0.0,0.0,399.47104223079515,0.0,299.1904123628233,0.0,0.0,0.0,0.0,0.18005979258421212,0.0,0.0,0.0,32.738144106275534,0.0,0.0,63.428246493912404,0.0,723.5554640735927,553.451882721376,0.0,0.0,0.0,0.0,765.4966737667486,-765.4966737667486,0.0,1.6369072053137768,0.0,0.0,0.0,0.0,0.0,0.0,0.0,0.0,0.0,0.0,0.0,0.0,98.21443231882661,0.0,0.0,-507.5123315578294,0.0,791.4850953407013,-0.04092268013284442,0.0,0.0,0.0,49.107216159413305,0.0,308.0264422032529,0.0,0.0,0.0,0.0,478.0980735032017,-40.98333053857141,0.0,0.0,0.0,0.0,263.58810383219895,0.0,0.0,0.0,0.0,0.0,0.0,0.0,0.0,0.0,0.0,0.0,0.0,0.0,0.0,0.0,0.0,-1000.0,0.0,0.0,308.0264422032529,0.0,50.74412336472707,0.0,0.0,-227.67318121597003,0.0,227.67318121597003,-227.67318121597003,-1000.0,0.0,0.0,766.4681721538709,0.0,0.0,0.0,0.0,0.0,12.604185480916081,0.16369072053137768,0.0,0.0,0.0,375.00000000000034,-375.00000000000034,0.0,0.0,0.0,0.0,1000.0,0.0,0.0,0.0,0.0,0.0,600.6926484897363,600.6926484897363,0.0,0.0,0.0,-187.50000000000003,0.0,0.0,0.0,600.8563392102676,0.0,0.0,0.0,-756.7446740407947,-576.5846447496328,0.0,0.0,0.0,0.0,0.0,0.0,0.0,0.0,0.0,-731.8925745001687,0.0,0.0,0.0,0.0,-365.50322704829074,0.0,0.0,0.0,0.0,0.0,0.0,0.0,-791.4850953407013,791.4850953407013,0.0,0.0,0.0,0.0,0.0,0.0,0.0,0.0,2.106918567153747,0.0,0.0,0.0,0.0,0.0,0.0,0.0,0.0,0.0,0.0,0.0,0.0,0.0,0.0,-190.18921471883618,-77.61630719375532,0.0,0.0,0.0,233.5318278461291,48.178277550151414,0.0,0.0,0.0,0.0,63.428246493912404,-242.82922390925796,0.0,0.0,0.0,0.0,0.0,0.0,0.0,0.0,5.270841201110898,0.0,258.91922604383956,0.0,208.51490465929874,1000.0,-999.8070145357074,0.0,77.61630719375532,0.0,0.0,233.5318278461291,-527.4475783871081,0.0,0.0,0.0,-94.34123906626397,0.0,0.0,-1000.0,-477.28704857211994,522.7129514278801,-522.7129514278801,0.0,1000.0,-791.4850953407013,0.0,0.0,0.0,0.0,408.5188327323923,0.0,0.0,0.0,-216.40476052064562,0.0,216.40476052064562,0.0,1000.0,0.0,233.5318278461291,50.28519611730516,-187.50000000000003,0.0,0.0,63.428246493912404,-0.24553608079706649,0.0,0.0,0.0,0.0,0.16369072053137768,0.0,0.0,0.0,4.027666093775565,-180.59077463049653,0.0,-786.3909005849891,273.5144074908046,576.5846447496328,741.7854924913324,0.0,1000.0,0.0,0.0,0.0,0.0,0.0,-14.093771037751312,-765.4966737667486,-220.40955519550002,0.0,-1000.0,0.0,0.0,0.0,0.0,0.0,0.0,0.0,0.0,0.0,0.0,0.0,0.0,0.0,0.0,0.0,0.0,0.0,0.0,0.0,-1000.0,0.0,0.0,0.0,1000.0,414.8044839272394,0.0,356.08928007345037,0.0,0.0,0.0,0.0,469.9135374766328,0.0,-298.88255162891164,0.0,401.98236282279703,0.0,507.492988043355,-8.184536026568884,0.0,0.0,298.88255162891164,-743.1413047648853,0.0,-406.0746308360815,0.0,0.0,0.0,62.737730379598524,-107.3470921114381,0.0,308.0264422032529,187.500000000021,-187.500000000021,0.0,0.0,0.0,0.0,0.0,0.0,0.0,0.0,-158.89625637228727,0.0,0.0,0.0,0.0,0.0,0.0,0.0,0.0,-106.67533485830427,0.0,0.0,0.0,0.0,0.0,0.0,0.0,-498.215656922089,0.32738144106280653,0.0,0.0,0.0,0.0,0.0,0.0,0.0,0.0,0.0,0.0,0.0,0.0,0.0,0.0,0.0,0.0,0.0,0.0,0.0,0.18005979258421212,0.18005979258421212,0.0,205.34192050377374,0.0,98.21443231882661,0.0,0.0,0.0,1000.0,0.0,0.0,0.0,0.0,0.0,1000.0,-1000.0,0.0,0.0,0.0,0.0,0.0,0.0,0.0,0.0,0.0,0.0,0.0,0.0,0.0,333.3333333333333,-4.027666093775565,0.0,0.0,12.604185480916081,0.0,0.0,0.0,-48.178277550151414,0.0,1000.0,0.0,501.784343077911,0.0,0.0,0.0,0.0,0.0,0.0,0.0,0.0,0.0,0.0,0.0,0.0,0.0,0.0,0.0,0.0,0.0,98.21443231882661,233.5318278461291,233.5318278461291,0.0,0.0,0.0,0.0,0.0,0.0,0.0,0.0,0.0,0.0,1.6369072053137768,0.0,0.0,0.0,0.0,0.0,0.0,0.0,0.0,308.0264422032529,0.0,0.0,0.0,0.0,0.0,0.0,0.0,0.0,0.0,0.0,42.31963091999233,0.0,0.0,49.107216159413305,49.107216159413305,909.7945225181309,-1000.0,0.0,0.0,0.0,0.0,0.0,0.0,0.0,-959.0166694614286,0.0,-862.6292963885223,0.16369072053137768,0.0,0.0,0.0,216.17698085033155,0.0,0.0,0.0,0.0,0.0,0.0,0.0,0.0,0.0,0.0,0.0,0.0,0.0,0.0,0.0,0.0,0.0,0.16369072053137768,0.0,0.0,0.0,-562.5000000000001,562.5000000000001,0.0,0.0,0.0,0.0,-643.9107199265496,1000.0,0.0,0.0,-1000.0,-12.276804039853326,0.0,-8.184536026568884,0.0,0.0,0.0,0.0,0.0,0.0,0.0,0.0,0.0,0.0,0.0,233.5318278461291,576.5846447496328,0.0,0.0,70.92226640616741,0.0,0.0,0.0,-0.16369072053137768,0.0,0.0,0.16369072053137768,0.0,0.16369072053137768,0.0,0.0,0.0,98.21443231882661,199.70267904828077,199.70267904828077,0.0,0.0,0.0,0.0,0.0,0.0,0.0,0.0,0.0,0.0,0.0,0.0,0.0,0.0,0.0,0.0,0.0,0.0,0.0,0.0,0.0,0.0,0.0,0.0,0.0,0.0,0.0,48.178277550151414,0.0,-1000.0,1000.0,0.24553608079706649,0.0,0.0,0.0,-308.0264422032529,0.0,0.0,0.0,0.0,0.0,-205.34192050377374,8.184536026568884,0.0,0.0,0.0,187.50000000000003,0.0,0.0,-8.184536026568884,0.0,0.0,0.0,0.0,0.0,0.0,0.0,233.5318278461291,0.0,0.0,0.0,205.34192050377374,0.0,932.3627811517068,0.0,0.0,1000.0,0.0,-1000.0,0.0,-727.1502574353889,0.0,8.184536026568884,1000.0,0.0,636.2003544172524,0.0,-106.67533485830427,0.0,0.0,0.0,0.0,0.0,-373.9643067554773,0.0,0.0,0.0,707.338966420462,0.0,199.70267904828077,0.0,0.0,0.0,0.0,0.0,0.0,0.0,0.0,0.0,5.270841201110898,0.0,0.0,242.17233262333372,-216.17698085033155,675.0045970252864,0.0,49.107216159413305,0.0,0.0,0.0,0.0,160.5732941527319,0.0,0.0,0.18005979258421212,0.0,0.0,0.0,99.85133952414039,0.0,0.0,0.0,0.0,-190.18921471883618,0.0,0.0,0.0,0.0,0.0,0.0,0.0,0.0,0.0,0.0,0.016369072053137767,0.016369072053137767,0.0,0.0,0.0,0.0,0.0,0.0,0.0,0.0,0.0,0.0,0.0,0.0,0.0,0.0,0.0,205.34192050377374,0.0,0.0,0.0,0.0,0.0,0.0,0.0,0.0,0.0,0.0,0.0,0.0,-1000.0,938.0088631018302,583.1631761456952,0.0,0.0,0.0,98.21443231882661,0.0,0.0,0.0,0.0,0.0,-410.7144323188269,312.5000000000003,0.0,0.0,0.0,0.0,0.0,0.0,0.0,0.0,0.0,0.0,0.0,0.0,862.6292963885223,-1000.0,112.1281435639937,0.0,-308.0264422032529,0.0,999.3452371178731,0.0,0.0,0.0,0.0,0.0,0.0,0.0,0.0,0.0,968.75,0.0,-968.75,-968.75,0.0,0.0,0.0,0.0,-20.46134006642221,233.5318278461291,-482.1903415164861,-12.276804039853326,0.0,0.0,0.0,0.0,0.0,-2.046134006642221,0.0,106.67533485830427,0.0,0.0,0.0,0.0,0.0,0.0,0.0,1000.0,49.107216159413305,49.107216159413305,0.0,0.0,0.0,0.0,0.0,0.18005979258421212,205.34192050377374,0.0,0.0,-999.3452371178731,0.0,0.0,0.0,0.0,0.0,0.0,0.0,0.0,0.0,0.0,0.0,0.0,0.0,0.0,292.9542802465501,0.0,0.0,0.0,0.0,171.87525655794656,12.604185480916081,0.0,0.0,0.0,0.0,0.0,205.34192050377374,0.0,0.0,0.0,0.0,0.0,-20.46134006642221,0.0,0.0,0.0,0.0,0.0,0.0,0.0,0.0,0.0,0.0,0.0,0.0,0.0,0.0,0.0,0.0,0.0,0.0,-0.16369072053137768,0.0,0.0,8.184536026568884,-1000.0,0.0,0.0,0.0,0.0,233.5318278461291,0.0,0.0,0.0,14.093771037751312,4.092268013284442,0.0,0.0,414.09143950689975,0.16369072053137768,0.0,163.69072053137765,-50.74412336472707,32.738144106275534,1.1692194323669833,456.6971102825437,-0.12276804039853324,743.1413047648853,3.2738144106275535,-0.8184536026582236,-456.6971102825437,49.107216159413305,-0.16369072053137768,0.0,0.0,0.04092268013284442,1.1692194323669833,0.0,-26.059562708595827,-3.2738144106275535,-402.57240151519864,-0.16369072053137768,0.04092268013284442,-456.6971102825437,16.369072053137767,0.16369072053137768,0.16369072053137768,-204.99816999065814,0.18005979258451543,-498.215656922089,-0.12276804039853324,49.107216159413305,0.16369072053137768,308.0264422032529,177.07386577815072,-0.08184536026568884,-501.784343077911,-64.71104032382055,-0.12276804039853324,-0.16369072053137768,-50.74412336472707,0.16369072053137768,16.369072053137756,-3.2738144106275535,48.178277550151414,48.178277550151414,-16.369072053137767,402.57240151519864,-48.178277550151414,32.738144106275534,0.24553608079706649,-1000.0,16.369072053137767,-333.3333333333333,0.0,-32.738144106275534,0.08184536026568884,1.6369072053137768,196.59772514624729,238.08006461004928,-0.16369072053137768,-242.17233262333372,204.99816999065814,50.74412336472707,0.16369072053137768,26.059562708595827,-455.34809068149247,0.0,-0.16369072053137768,-0.04092268013284442,0.0,-0.16369072053137768,-498.215656922089,0.16369072053134914,-0.04092268013284442,-0.04092268013284442,-0.04092268013284442,65.47628821255107,-177.07386577815072,1.6369072053137768,322.34130255873777,-0.04092268013284442,393.19545029249457,8.184536026568884,257.2923644876134,0.16369072053137768,0.08184536026568884,0.08184536026568884,-100.39684186992677,50.74412336472707,0.16369072053137768,-50.74412336472707,1.6369072053137768,0.16369072053137768,-724.4751825288467,0.16369072053137768,0.654762882126846,0.8184536026582236,0.08184536026568884,0.04092268013284442,49.107216159413305,-0.16369072053137768,498.215656922089,1.6369072053137768,-644.6826051174755,739.0490367516009,-16.369072053137756,32.738144106275534,8.184536026568884,-0.16369072053137768,0.0,0.24553608079706649,-0.16369072053137768,200.79368373985355,50.74412336472707,204.2709015479842,0.08184536026568884,-514.5847289752268,-0.16369072053137768,-0.16369072053134914,-0.16369072053137768,0.08184536026568884,456.6971102825437,-32.738144106275534,0.16369072053137768,393.19545029249457,-0.04092268013284442,-0.18005979258451543,-393.19545029249457,24.553608079706645,64.71104032382055,199.1587784184359,456.6971102825437,-0.12276804039853324,242.17233262333372,-238.08006461004928,0.16369072053137768,-0.04092268013284441,8.184536026568884,163.69072053137765,-0.08184536026568884,-0.16369072053137768,0.04092268013284442,776.8592182693235,0.0,999.9181546397343,402.133879970109,-1000.0,0.0,484.945312353465,-3.617564923743143,0.0,467.05028246180797,126.15811226601173,-965.1009252579823,0.0,-233.52514123090398,500.0,-63.079056133005864,0.0,1.8087824618715715,-205.34192050377374,-364.8441957007161,0.0,965.1009252579823,-364.8441957007161,-484.945312353465,461.96216549090985,0.0,1496.5981,bhi
80,0.0,0.0,0.0,0.0,0.0,0.0,0.0,0.0,-0.14743744712981488,0.0,0.0,0.0,0.0,0.0,0.0,0.0,-470.9943821472888,0.0,0.0,1000.0,0.0,0.0,0.0,0.0,0.0,0.0,0.0,0.0,0.0,-723.3965390402691,0.0,0.0,56.456890874900864,0.0,0.0,0.0,0.0,428.72614538098037,0.0,-1000.0,495.48930362852883,0.0,0.0,-61.93241463930207,0.0,0.0,0.0,0.0,905.8089638905385,-18.732109243479705,0.0,649.4856280636785,0.0,0.1621811918426803,0.0,0.0,0.0,29.487489425962977,0.0,0.0,237.55087635840107,0.0,0.0,-514.0547262485024,0.0,0.0,0.0,0.0,18.643291476958666,0.0,0.0,1.474374471298149,0.0,0.0,0.0,0.0,0.0,0.0,0.0,0.0,0.0,0.0,0.0,0.0,88.46246827788893,0.0,0.0,1000.0,-681.557052280762,960.0675436575827,434.18083384812013,0.0,0.0,0.0,44.231234138944465,0.0,44.231234138944465,-4.747485797581589,0.0,0.0,0.0,7.371872356490744,-723.3965390402691,0.0,0.0,-376.56077409953934,0.0,891.8577635498826,0.0,0.0,0.0,0.0,0.0,0.0,0.0,0.0,0.0,0.0,0.0,0.0,0.0,0.0,0.0,0.0,-976.0902296773052,0.0,0.0,44.231234138944465,0.0,45.70560861024261,0.0,0.0,0.0,0.0,0.0,0.0,0.0,0.0,0.0,-751.6056026069035,0.0,0.0,0.0,0.0,0.0,11.352683428995745,0.14743744712981488,434.21769320990256,0.0,0.0,0.0,-992.3599477825278,0.0,0.0,0.0,0.0,1000.0,0.0,0.0,0.0,0.0,0.0,420.96282745506875,420.96282745506875,0.0,0.0,0.0,0.0,-947.038490305239,0.0,0.0,421.11026490219854,0.0,0.0,0.0,-1000.0,-383.01110255130857,0.0,0.0,0.0,0.0,0.0,0.0,0.0,0.0,0.0,-700.3350720263703,0.0,0.0,0.0,0.0,-1000.0,0.0,0.0,0.0,0.0,0.0,18.732109243479705,-649.4856280636785,-278.5104913768207,278.5104913768207,751.6056026069035,0.0,0.0,0.0,0.0,0.0,0.0,0.0,-18.42968089122686,0.0,0.0,0.0,0.0,0.0,0.0,0.0,0.0,0.0,0.0,0.0,0.0,0.0,0.0,339.9265245972945,938.0675853606979,0.0,0.0,0.0,0.0,-321.0133036680276,0.0,0.0,0.0,0.0,237.55087635840107,1000.0,0.0,0.0,0.0,0.0,0.0,0.0,0.0,0.0,0.0,0.0,0.0,0.0,164.04292215307794,-239.00363875086336,977.8128444500392,0.0,-938.0675853606979,0.0,0.0,751.6056026069035,998.5472376075377,0.0,0.0,0.0,-256.0283836271285,0.0,0.0,-1000.0,0.0,0.0,-1000.0,0.0,0.0,-960.0675436575827,0.0,-534.8338272036807,18.732109243479705,0.0,-19.24182144669237,0.0,0.0,0.0,0.0,0.0,0.0,0.0,420.8153900079389,0.0,0.0,-106.00587876707245,0.0,0.0,0.0,237.55087635840107,-0.22115617069472232,0.0,0.0,0.0,0.0,0.14743744712981488,0.0,0.0,0.0,525.1764669221795,-470.9943821472888,0.0,-459.6225271982132,626.9070157271013,383.01110255130857,539.7205377674733,0.0,1000.0,0.0,-376.56077409953934,0.0,0.0,0.0,865.5775421372269,-865.5775421372269,-1000.0,-1000.0,-1000.0,0.0,0.0,0.0,0.0,0.0,0.0,0.0,0.0,0.0,0.0,0.0,0.0,0.0,0.0,0.0,0.0,0.0,-570.6841048304987,0.0,-1000.0,0.0,0.0,0.0,0.0,0.0,0.0,-11.352683428995745,0.0,0.0,0.0,0.0,0.0,846.9342506602683,0.0,-180.08987933052768,219.16605605211845,0.0,-422.55572347404944,-529.9300309127811,270.8318700862579,-347.6282989816574,0.0,172.71800697403694,0.0,-222.85199223036383,522.5581585562904,0.0,0.0,-1000.0,0.0,-7.371872356490744,44.231234138944465,0.0,0.0,0.0,0.0,0.0,0.0,0.0,0.0,0.0,0.0,-633.3376433295932,0.0,0.0,0.0,0.0,0.0,0.0,0.0,0.0,-276.5038498901014,0.0,0.0,0.0,0.0,0.0,0.0,0.0,-696.6646573241778,0.29487489425972824,0.0,0.0,0.0,0.0,0.0,0.0,0.0,0.0,0.0,18.643291476958666,0.0,0.0,0.0,0.0,0.0,0.0,0.0,0.0,0.0,0.1621811918426803,0.1621811918426803,0.0,103.82498482026396,0.0,88.46246827788893,0.0,0.0,0.0,1000.0,0.0,773.1966945604958,0.0,0.0,0.0,1000.0,-1000.0,0.0,0.0,805.4307675900567,0.0,0.0,0.0,0.0,0.0,0.0,0.0,0.0,0.0,0.0,325.3634098924351,-525.1764669221795,992.3599477825278,0.0,11.352683428995745,0.0,424.32724131964414,-424.32724131964414,-854.9195402585201,0.0,1000.0,0.0,303.3353426758222,0.0,0.0,0.0,0.0,0.0,0.0,0.0,0.0,0.0,0.0,0.0,0.0,0.0,0.0,0.0,0.0,0.0,88.46246827788893,751.6056026069035,751.6056026069035,0.0,0.0,0.0,0.0,0.0,0.0,0.0,0.0,0.0,0.0,1.474374471298149,0.0,0.0,0.0,0.0,0.0,-649.4856280636785,0.0,0.0,44.231234138944465,-805.4307675900567,0.0,0.0,0.0,0.0,0.0,0.0,0.0,0.0,0.0,1000.0,0.0,0.0,44.231234138944465,44.231234138944465,1000.0,-1000.0,0.0,0.0,0.0,0.0,0.0,0.0,0.0,723.3965390402691,0.0,1000.0,0.14743744712981488,0.0,0.0,0.0,194.71221142736763,0.0,0.0,0.0,0.0,0.0,0.0,0.0,0.0,0.0,0.0,0.0,0.0,0.0,0.0,0.0,0.0,0.0,0.14743744712981488,0.0,0.0,0.0,0.0,0.0,0.0,0.0,0.0,0.0,-196.23818517319526,716.232386894402,0.0,-531.3468851502025,-429.31589516950135,-11.057808534736115,-7.371872356490744,0.0,0.0,-62.50000000000001,-62.5,62.50000000000001,0.0,0.0,0.0,0.0,0.0,0.0,0.0,751.6056026069035,383.01110255130857,0.0,0.0,-1000.0,0.0,0.0,0.0,-0.14743744712981488,0.0,0.0,0.14743744712981488,0.0,0.14743744712981488,0.0,0.0,0.0,88.46246827788893,179.87368549837416,179.87368549837416,0.0,0.0,0.0,0.0,0.0,0.0,0.0,992.3599477825278,0.0,0.0,0.0,0.0,878.2719063351038,0.0,0.0,0.0,0.0,0.0,0.0,0.0,0.0,0.0,0.0,0.0,0.0,0.0,0.0,430.5922989388759,0.0,0.0,0.0,0.22115617069472232,0.0,0.0,0.0,-44.231234138944465,0.0,0.0,0.0,0.0,0.0,-103.82498482026396,7.371872356490744,0.0,0.0,0.0,0.0,947.038490305239,-12.119358154072334,0.0,0.0,0.0,0.0,0.0,0.0,0.0,0.0,751.6056026069035,0.0,805.4307675900567,1000.0,103.82498482026396,0.0,1000.0,-376.56077409953934,0.0,172.7661435901272,531.3468851502025,-704.1130287403297,0.0,818.6735521091636,0.0,7.371872356490744,1000.0,0.0,573.0303820147373,0.0,-276.5038498901014,0.0,0.0,762.7683007524755,-762.7683007524755,0.0,0.0,0.0,0.0,0.0,811.0053571565305,-132.78590219963212,179.87368549837416,0.0,0.0,0.0,0.0,0.0,0.0,0.0,0.0,0.0,0.0,0.0,0.0,4.212508224839894,-213.3555029043263,-6.308710738919061,0.0,44.231234138944465,0.0,0.0,0.0,0.0,-92.2192675549062,0.0,0.0,0.1621811918426803,0.0,0.0,0.0,89.93684274918708,0.0,0.0,0.0,0.0,339.9265245972945,0.0,0.0,0.0,0.0,0.0,0.0,0.0,0.0,-321.01330366802773,0.0,0.014743744712981488,0.014743744712981488,0.0,0.0,0.0,0.0,0.0,0.0,0.0,0.0,0.0,0.0,0.0,0.0,0.0,0.0,0.0,103.82498482026396,0.0,0.0,0.0,0.0,0.0,0.0,0.0,18.732109243479705,0.0,0.0,0.0,0.0,-220.49925567139834,0.0,0.0,0.0,0.0,0.0,88.46246827788893,0.0,0.0,0.0,0.0,0.0,0.0,-88.46246827788893,0.0,0.0,0.0,0.0,0.0,0.0,0.0,0.0,0.0,0.0,0.0,0.0,-1000.0,-1000.0,979.266557619027,-22.48159090316915,-21.749643235775316,0.0,428.72614538098037,0.0,0.0,0.0,0.0,0.0,0.0,0.0,0.0,0.0,0.0,0.0,0.0,0.0,0.0,0.0,0.0,0.0,-18.42968089122686,751.6056026069035,-11.057808534736115,1000.0,0.0,0.0,0.0,0.0,0.0,250.27871443806933,-252.121682527192,276.5038498901014,0.0,0.0,0.0,0.0,0.0,0.0,0.0,1000.0,44.231234138944465,44.231234138944465,0.0,0.0,0.0,0.0,0.0,0.1621811918426803,103.82498482026396,0.0,0.0,-428.72614538098037,0.0,0.0,0.0,0.0,0.0,0.0,0.0,0.0,0.0,0.0,0.0,0.0,0.0,0.0,0.0,0.0,0.0,0.0,0.0,154.80931948630564,11.352683428995745,0.0,0.0,0.0,0.0,0.0,103.82498482026396,0.0,0.0,0.0,0.0,0.0,-18.42968089122686,0.0,0.0,0.0,0.0,0.0,0.0,0.0,0.0,0.0,0.0,0.0,0.0,0.0,0.0,0.0,0.0,0.0,0.0,-0.14743744712981488,0.0,0.0,7.371872356490744,-1000.0,0.0,0.0,0.0,0.0,751.6056026069035,0.0,0.0,0.0,-865.5775421372269,3.685936178245372,0.0,0.0,0.0,0.14743744712981488,0.0,147.43744712981487,-45.70560861024261,29.487489425962977,1.0531246223558206,411.3504774921835,-0.11057808534736116,7.371872356490741,2.948748942596298,-0.7371872356507908,-411.3504774921835,44.231234138944465,-0.14743744712981488,125.52025803317979,0.0,0.03685936178245372,1.0531246223558206,-376.56077409953934,-23.472041583068062,-2.948748942596298,-529.0056178527112,-0.14743744712981488,0.03685936178245372,-411.3504774921835,14.743744712981488,0.14743744712981488,0.14743744712981488,-103.51536618129147,0.16218119184279636,0.0,-0.11057808534736116,44.231234138944465,0.14743744712981488,44.231234138944465,-73.71872356490744,-0.07371872356490744,-246.8784518009213,306.1221215079163,-0.11057808534736116,-0.14743744712981488,-45.70560861024261,0.14743744712981488,14.743744712981488,-2.948748942596298,430.5922989388759,430.5922989388759,-14.743744712981488,529.0056178527112,-430.5922989388759,29.487489425962977,0.22115617069472232,-1000.0,14.743744712981488,-325.3634098924351,0.0,-29.487489425962977,0.07371872356490744,1.474374471298149,114.9056317995533,133.31247424622694,-0.14743744712981488,-136.998410424472,103.51536618129147,45.70560861024261,0.14743744712981488,23.472041583068062,-176.92493655577778,0.0,-0.14743744712981488,-0.03685936178245372,0.0,-0.14743744712981488,-696.6646573241778,0.14743744712981488,-0.03685936178245372,-0.03685936178245372,-0.03685936178245372,58.974978851925954,73.71872356490744,1.474374471298149,271.63726023556023,-0.03685936178245372,104.29100556592682,7.371872356490744,355.7042010185797,0.14743744712981488,0.07371872356490744,0.07371872356490744,14.743744712981488,45.70560861024261,0.14743744712981488,-45.70560861024261,1.474374471298149,0.14743744712981488,-596.4463434220816,0.14743744712981488,0.5897497885209759,0.7371872356507908,0.07371872356490744,0.03685936178245372,44.231234138944465,-0.14743744712981488,0.0,1.474374471298149,-543.2745204711205,3.6859361782453757,-14.743744712981488,29.487489425962977,7.371872356490744,-0.14743744712981488,376.56077409953934,0.22115617069472232,-0.14743744712981488,-29.487489425962977,45.70560861024261,505.0670358531169,0.07371872356490744,-711.4084020371594,-0.14743744712981488,-0.14743744712981488,-0.14743744712981488,0.07371872356490744,411.3504774921835,-29.487489425962977,0.14743744712981488,229.8112635991066,-0.03685936178245372,-0.16218119184279636,-229.8112635991066,22.11561706947223,-306.1221215079163,383.84853483412803,411.3504774921835,-0.11057808534736116,136.998410424472,-133.31247424622694,0.14743744712981488,-0.03685936178245372,7.371872356490744,147.43744712981487,-0.07371872356490744,-0.14743744712981488,0.03685936178245372,1000.0,0.0,999.9262812764351,324.8090831865213,-389.28144962334886,0.0,-172.09819800971616,-436.276032556009,0.0,-289.8795859297873,980.4109280031696,-37.12754164343528,0.0,144.93979296489366,194.64072481167443,-490.2054640015848,0.0,218.1380162780045,-103.82498482026396,-412.8477682982107,0.0,37.12754164343528,-412.8477682982107,172.09819800971616,-4.958503083459931,0.0,1496.5981,bhi
81,0.0,0.0,0.0,0.0,0.0,0.0,0.0,0.0,591.2955468995855,0.0,0.0,0.0,0.0,0.0,0.0,0.0,879.7715191866502,0.0,0.0,-413.2736940795544,0.0,0.0,0.0,11.187260084458488,0.0,0.0,0.0,0.0,0.0,819.4894448586505,0.0,0.0,497.0574946155373,0.0,0.0,0.0,0.0,86.7878400689192,0.0,-1000.0,1000.0,0.0,0.0,-1000.0,0.0,0.0,0.0,0.0,-910.4510013945733,0.0,0.0,0.0,0.0,0.15927198395863743,0.0,0.0,0.0,0.0,0.0,0.0,44.67475462425844,0.0,565.3038426979822,380.3221338111116,0.0,0.0,0.0,0.0,0.0,241.82295985966755,0.0,1.4479271268959866,0.0,0.0,0.0,0.0,0.0,0.0,0.0,0.0,0.0,0.0,0.0,0.0,86.8756276137592,0.0,0.0,970.6738363357654,-833.9711398067202,-105.80602525208771,-0.03619817817239967,0.0,0.0,-25.15173391538326,43.437813806879596,0.0,131.31875922982377,0.0,0.0,0.0,0.0,7.239635634479933,-121.05690293079545,0.0,0.0,-25.15173391538326,0.0,0.0,0.0,0.0,0.0,0.0,0.0,0.0,0.0,0.0,0.0,0.0,0.0,0.0,0.0,0.0,0.0,0.0,-784.5355476060715,0.0,0.0,131.31875922982377,0.0,44.88574093377558,0.0,0.0,-1000.0,449.13162363527374,550.8683763647263,-550.8683763647263,-229.65646351112903,805.7201854249407,-805.7201854249407,0.0,0.0,0.0,0.0,0.0,0.0,11.149038877099091,0.14479271268959867,0.0,0.0,0.0,877.4086556899257,-877.4086556899257,0.0,0.0,0.0,0.0,638.2243522356598,0.0,0.0,0.0,0.0,0.0,999.8552072873105,999.8552072873105,0.0,0.0,0.0,0.0,0.0,0.0,0.0,1000.0,0.0,0.0,0.0,190.2469730047969,-1000.0,0.0,0.0,0.0,0.0,0.0,0.0,0.0,0.0,0.0,-83.50508925443717,0.0,0.0,0.0,0.0,-1000.0,0.0,0.0,0.0,0.0,0.0,0.0,0.0,939.7771650588079,-939.7771650588079,229.65646351112903,0.0,0.0,0.0,0.0,0.0,0.0,940.5463477894459,-1000.0,0.0,0.0,0.0,0.0,0.0,0.0,0.0,0.0,0.0,0.0,0.0,0.0,0.0,0.0,-339.87321012456744,-788.8099626507274,0.0,0.0,0.0,0.0,-229.65646351112903,0.0,0.0,0.0,0.0,44.67475462425844,211.19003734927264,0.0,0.0,0.0,0.0,0.0,0.0,0.0,0.0,698.366654344249,28.958542537919733,87.88094542294417,0.0,773.7483048655281,-1000.0,1000.0,0.0,788.8099626507274,0.0,0.0,229.65646351112903,569.5040463447535,0.0,0.0,0.0,-527.9475410739719,0.0,0.0,-1000.0,626.740087902148,1000.0,-1000.0,-626.7400879021478,1000.0,105.80602525208771,0.0,466.2806360380614,0.0,0.0,403.97166840398023,0.0,0.0,0.0,-663.5655662005112,0.0,663.5655662005112,0.0,1000.0,0.0,0.0,-1000.0,0.0,0.0,0.0,44.67475462425844,-0.217189069034398,0.0,0.0,0.0,0.0,0.14479271268959867,0.0,0.0,0.0,170.3145864259273,879.7715191866502,0.0,-16.767822610255507,-246.4554381289156,1000.0,908.8701935304034,0.0,145.6438578481218,0.0,-25.15173391538326,0.0,0.0,0.0,-12.466652562574524,0.0,-133.17720528554727,-773.9145733051203,-124.09312566610907,0.0,0.0,0.0,0.0,0.0,0.0,0.0,0.0,0.0,0.0,0.0,0.0,0.0,0.0,0.0,0.0,0.0,-998.6999364989651,0.0,-1000.0,0.0,0.0,693.7043289956439,0.0,0.0,919.2420657206214,-709.5156932213481,0.0,0.0,0.0,0.0,0.0,0.0,0.0,0.0,0.0,0.0,-1000.0,0.0,-1000.0,938.2138176490026,0.0,-7.239635634479933,1000.0,-3.6198178172399667,-7.239635634479933,308.400037428205,0.0,628.9411173786162,0.0,0.0,131.31875922982377,0.0,0.0,0.0,0.0,0.0,591.440339612275,0.0,0.0,0.0,0.0,-217.35210287830625,0.0,0.0,-0.28958542537919735,0.0,0.0,940.5463477894459,0.0,0.0,-140.30695426261215,0.0,0.0,222.44856569942033,0.0,0.0,0.0,0.0,-471.1919693543912,0.2895854253789702,0.0,0.0,0.0,0.0,0.0,0.0,0.0,0.0,0.0,241.82295985966755,0.0,0.0,0.0,0.0,0.0,0.0,0.0,0.0,0.0,0.15927198395863743,0.15927198395863743,0.0,0.0,0.0,86.8756276137592,0.0,0.0,0.0,1000.0,0.0,0.0,0.0,0.0,0.0,1000.0,-1000.0,0.0,0.0,0.0,0.0,0.0,222.44856569942033,0.0,0.0,0.0,0.0,0.0,0.0,0.0,261.5118492020238,-170.3145864259273,0.0,0.0,11.149038877099091,0.0,0.0,-25.15173391538326,-25.15173391538326,0.0,627.0432278525482,0.0,-246.8221032201336,775.6301338657424,0.0,0.0,0.0,0.0,0.0,0.0,0.0,0.0,0.0,0.0,0.0,0.0,0.0,0.0,0.0,0.0,86.87562761375919,229.65646351112903,229.65646351112903,0.0,0.0,0.0,0.0,0.0,0.0,0.0,0.0,0.0,0.0,1.4479271268959866,0.0,0.0,0.0,0.0,0.0,0.0,0.0,0.0,131.31875922982377,0.0,0.0,0.0,0.0,0.0,0.0,0.0,0.0,0.0,0.0,624.4187056614708,0.0,0.0,43.437813806879596,43.437813806879596,-18.099089086199832,-1000.0,0.0,222.44856569942033,0.0,0.0,0.0,0.0,0.0,1000.0,940.5463477894459,675.2780496117887,0.14479271268959867,0.0,0.0,-62.4999999999996,253.71946177985598,0.0,0.0,25.15173391538326,0.0,0.0,0.0,0.0,0.0,0.0,28.688982472880912,0.0,0.0,0.0,0.0,0.0,0.0,0.0,0.14479271268959867,0.0,0.0,0.0,0.0,0.0,0.0,0.0,0.0,0.0,0.0,535.4349181586717,0.0,-140.61995805044972,-411.9263878349611,-10.8594534517199,-7.239635634479933,0.0,0.0,0.0,0.0,0.0,0.0,0.0,0.0,0.0,0.0,0.0,0.0,229.65646351112903,1000.0,0.0,0.0,636.1807530130961,0.0,0.0,0.0,591.2955468995855,0.0,0.0,0.14479271268959867,0.0,0.14479271268959867,86.06694741864274,0.0,0.0,86.8756276137592,176.64710948131037,176.64710948131037,0.0,0.0,0.0,0.0,0.0,0.0,0.0,0.0,0.0,940.5463477894459,0.0,0.0,0.0,0.0,0.0,0.0,0.0,0.0,0.0,0.0,0.0,0.0,0.0,0.0,0.0,0.0,0.0,0.0,0.0,-584.8259736906913,584.8259736906913,0.217189069034398,0.0,0.0,0.0,-131.31875922982377,0.0,0.0,0.0,0.0,0.0,0.0,7.239635634479933,0.0,0.0,0.0,0.0,0.0,933.7534174239904,0.0,0.0,0.0,0.0,0.0,0.0,0.0,0.0,229.65646351112903,0.0,0.0,-923.4762651279798,0.0,0.0,-1000.0,-25.15173391538326,410.6263243339262,224.2377242026423,140.61995805044972,-775.4840065870183,0.0,392.85693686344314,0.0,7.239635634479933,1000.0,0.0,0.0,0.0,-140.30695426261215,0.0,0.0,1000.0,-1000.0,0.0,0.0,0.0,0.0,0.0,94.36454270615707,-32.57836035515967,176.64710948131037,0.0,0.0,0.0,0.0,0.0,0.0,0.0,0.0,0.0,698.366654344249,0.0,0.0,0.0,-433.0424216395239,524.0860887322517,0.0,43.437813806879596,0.0,0.0,0.0,0.0,-440.8045365238769,0.0,0.0,0.15927198395863743,0.0,0.0,0.0,88.32355474065517,0.0,0.0,0.0,0.0,-339.87321012456744,0.0,0.0,0.0,0.0,0.0,0.0,0.0,0.0,-1000.0,0.0,0.014479271268959867,0.014479271268959867,0.0,0.0,0.0,0.0,0.0,86.06694741864274,0.0,0.0,0.0,-62.4999999999996,0.0,0.0,0.0,0.0,0.0,0.0,0.0,0.0,0.0,0.0,0.0,0.0,0.0,0.0,0.0,0.0,0.0,0.0,-97.90102106276618,1000.0,0.0,0.0,0.0,0.0,86.8756276137592,0.0,0.0,0.0,0.0,0.0,-788.4911611730703,701.6155335593111,0.0,0.0,0.0,0.0,0.0,0.0,0.0,0.0,0.0,0.0,0.0,0.0,200.6288247221023,105.02852376408426,99.1830081923751,0.0,-131.31875922982377,0.0,0.7208926502764541,0.0,0.0,0.0,0.0,0.0,0.0,0.0,0.0,0.0,0.0,0.0,0.0,0.0,0.0,0.0,0.0,0.0,-18.099089086199832,229.65646351112903,-10.8594534517199,21.7189069034398,0.0,0.0,0.0,0.0,0.0,-1.8099089086199833,0.0,140.30695426261215,0.0,0.0,0.0,0.0,0.0,0.0,0.0,1000.0,43.437813806879596,43.437813806879596,0.0,0.0,0.0,0.0,0.0,0.15927198395863743,0.0,0.0,0.0,-86.7878400689192,0.0,0.0,0.0,0.0,0.0,0.0,0.0,0.0,0.0,0.0,0.0,0.0,0.0,0.0,335.446460554667,0.0,0.0,0.0,0.0,152.03234832407858,11.149038877099091,0.0,0.0,0.0,0.0,0.0,0.0,0.0,-247.28872406282642,0.0,0.0,0.0,-18.099089086199832,0.0,0.0,0.0,0.0,0.0,0.0,0.0,0.0,0.0,0.0,0.0,0.0,0.0,0.0,0.0,0.0,0.0,0.0,-0.14479271268959867,0.0,0.0,7.239635634479933,-1000.0,0.0,0.0,0.0,0.0,229.65646351112903,0.0,0.0,0.0,12.466652562574524,3.6198178172399667,0.0,0.0,0.0,0.14479271268959867,0.0,144.79271268959866,-44.88574093377558,28.95854253791973,1.034233662068562,403.97166840398023,-0.108594534517199,7.239635634479933,2.8958542537919736,85.34298385519475,-403.97166840398023,43.437813806879596,-0.14479271268959867,8.383911305127754,222.44856569942033,0.03619817817239967,1.034233662068562,-25.15173391538326,-23.050999860184106,-2.8958542537919736,-466.49782510709576,-0.14479271268959867,0.03619817817239967,-403.97166840398023,14.479271268959867,0.14479271268959867,0.14479271268959867,0.3040646966482361,0.15927198395855854,-917.9459961391619,-0.108594534517199,43.437813806879596,0.14479271268959867,131.31875922982377,15.484589078144836,-0.07239635634479934,330.02511173426865,215.03239952947956,-0.108594534517199,-0.14479271268959867,-44.88574093377558,0.14479271268959867,14.479271268959867,-2.8958542537919736,0.0,0.0,-14.479271268959867,466.49782510709576,0.0,28.958542537919733,0.217189069034398,-1000.0,14.479271268959867,-261.5118492020238,222.44856569942033,-28.958542537919733,0.07239635634479934,1.4479271268959866,4.191955652563877,28.958542537919733,-0.14479271268959867,-32.57836035515967,-0.3040646966482361,44.88574093377558,0.14479271268959867,23.050999860184106,-39.18363495104188,222.44856569942033,-0.14479271268959867,-0.03619817817239967,-222.44856569942033,-0.14479271268959867,-471.1919693543912,0.1447927126893713,-0.03619817817239967,-0.03619817817239967,-0.03619817817239967,57.917085075839466,-15.484589078144836,1.4479271268959866,107.27330101390662,-0.03619817817239967,0.0,7.239635634479933,242.8356203116755,0.14479271268959867,0.07239635634479934,0.07239635634479934,125.70355411867003,44.88574093377558,0.14479271268959867,-44.88574093377558,1.4479271268959866,0.14479271268959867,-107.27330101390662,0.14479271268959867,0.5791708507584019,-85.34298385519475,0.07239635634479934,0.03619817817239967,43.437813806879596,-0.14479271268959867,917.9459961391619,1.4479271268959868,-214.54660202781326,3.6198178172399675,-14.479271268959867,28.958542537919733,7.239635634479933,-0.14479271268959867,25.15173391538326,0.217189069034398,-0.14479271268959867,-251.40710823734005,44.88574093377558,742.755378062187,0.07239635634479934,-485.671240623351,-0.14479271268959867,-0.1447927126893713,-0.14479271268959867,0.07239635634479934,403.97166840398023,-28.958542537919733,0.14479271268959867,8.383911305127754,-0.03619817817239967,-0.15927198395855854,-8.383911305127754,21.718906903439798,-215.03239952947956,348.0204553912396,403.97166840398023,-0.108594534517199,32.57836035515967,-28.958542537919733,0.14479271268959867,-0.03619817817239966,7.239635634479933,144.79271268959866,-0.07239635634479934,-0.14479271268959867,0.03619817817239967,124.4761847099835,0.0,999.9276036436552,0.0,-868.3315493673399,0.0,497.5225232858363,-525.4091474813608,0.0,-1000.0,213.54529425576982,971.0414574620803,0.0,500.0,434.16577468366995,-106.77264712788491,0.0,262.7045737406804,0.0,-301.9508415383101,0.0,-971.0414574620803,-301.9508415383101,-497.5225232858363,261.11344348395914,0.0,1496.5981,bhi
82,0.0,0.0,0.0,0.0,0.0,0.0,0.0,0.0,-0.17416957857780735,0.0,0.0,0.0,0.0,0.0,0.0,0.0,-222.05691384035094,603.3394562065016,0.0,0.0,0.0,0.0,0.0,345.11873420068247,0.0,0.0,0.0,0.0,0.0,526.6742426544272,0.0,0.0,0.0,0.0,0.0,0.0,0.0,442.2361694506181,0.0,-1000.0,-137.1625910080386,0.0,-444.1138276807018,364.7358328513122,0.0,0.0,88.82992718373964,0.0,-1000.0,-60.54840243981698,0.0,0.0,0.0,0.19158653643576035,0.0,0.0,0.0,0.0,0.0,0.0,-133.98760689241158,0.0,-309.1007963004771,-443.0884031928887,0.0,0.0,0.0,0.0,527.7311639234028,-527.7311639234028,0.0,1.741695785778074,0.0,0.0,0.0,0.0,0.0,0.0,0.0,0.0,0.0,0.0,0.0,0.0,104.50174714668442,0.0,118.64907267232638,579.6128142629,23.726641943601635,276.25684389136484,698.2930292410969,0.0,0.0,0.0,52.25087357334221,0.0,210.14190560873158,-5.608260430204666,467.13080788200597,0.0,0.0,518.8212091711548,526.6742426544272,0.0,0.0,-7.540210129131205,0.0,0.0,0.0,0.0,0.0,0.0,0.0,0.0,0.0,0.0,0.0,0.0,0.0,0.0,0.0,0.0,0.0,0.0,-1000.0,0.0,0.0,210.14190560873158,0.0,53.99256935912029,0.0,0.0,0.0,0.0,0.0,0.0,273.82664898345513,0.0,0.0,-273.82664898345513,0.0,0.0,0.0,0.0,0.0,132.06013022281755,0.17416957857780735,698.3365716357413,0.0,0.0,-547.5863317864842,470.8903901441365,0.0,0.0,0.0,0.0,843.9959409222566,0.0,0.0,0.0,0.0,0.0,775.1926993982053,775.1926993982053,0.0,0.0,0.0,-312.5,-446.95227009101006,0.0,0.0,775.366868976783,0.0,0.0,0.0,-1000.0,-468.1537525673675,0.0,0.0,0.0,0.0,0.0,0.0,0.0,0.0,0.0,0.0,0.0,0.0,0.0,0.0,-1000.0,0.0,0.0,0.0,0.0,0.0,60.54840243981698,444.1138276807018,-23.726641943601635,23.726641943601635,0.0,0.0,0.0,0.0,0.0,0.0,0.0,0.0,67.93873206364943,0.0,0.0,0.0,0.0,0.0,0.0,0.0,0.0,0.0,0.0,0.0,0.0,0.0,520.5640974863724,-695.74519489114,251.26884350522187,0.0,0.0,0.0,0.0,249.37164915590574,0.0,0.0,0.0,0.0,-133.98760689241158,-113.46698934609032,0.0,0.0,0.0,0.0,0.0,0.0,0.0,0.0,0.0,34.833915715561474,157.89103203538937,0.0,-394.8306509402764,-791.4911947337749,0.0,0.0,-251.26884350522187,0.0,0.0,0.0,0.0,0.0,0.0,0.0,-46.603725810588,0.0,0.0,-540.7355612152554,-937.5000000000356,0.0,396.76443878478017,0.0,937.5000000000356,0.0,0.0,1000.0,60.54840243981698,0.0,236.56147507617686,0.0,0.0,0.0,0.0,0.0,0.0,0.0,1000.0,0.0,0.0,0.0,-312.5,0.0,0.0,-133.98760689241158,-0.261254367866711,0.0,0.0,0.0,0.0,0.17416957857780735,0.0,0.0,0.0,540.4864452353627,-222.05691384035094,0.0,-5.026806752754137,240.88490679855335,468.1537525673675,72.97931460069299,0.0,544.7740778695472,0.0,-7.540210129131205,0.0,0.0,0.0,455.2259221304527,-1000.0,0.0,-508.62573365364074,-1000.0,0.0,0.0,0.0,0.0,0.0,0.0,0.0,0.0,0.0,0.0,0.0,0.0,0.0,0.0,0.0,0.0,0.0,-557.067152235071,0.0,-1000.0,0.0,0.0,0.0,1000.0,664.6397198094497,0.0,-132.06013022281755,0.0,467.13080788200597,0.0,0.0,510.11273024226443,472.26883607659715,0.0,0.0,0.0,0.0,0.0,0.0,-506.66972984212043,-198.07153055889938,0.0,-763.7648440500225,903.363290392396,-4.354239464445184,-8.708478928890369,-90.08792095291952,0.0,0.0,1000.0,-113.21022607557481,210.14190560873158,0.0,0.0,0.0,0.0,0.0,0.0,0.0,-520.5640974863724,520.5640974863724,520.5640974863724,-989.9521694100874,0.0,0.0,-492.0987610136118,0.0,0.0,0.0,0.0,0.0,-30.677068440170387,0.0,0.0,0.0,0.0,0.0,0.0,0.0,-982.5830421422193,0.34833915715542163,0.0,0.0,0.0,0.0,0.0,0.0,0.0,0.0,0.0,0.0,0.0,0.0,0.0,0.0,0.0,0.0,0.0,0.0,0.0,0.19158653643576035,0.19158653643576035,0.0,0.0,0.0,104.50174714668442,0.0,0.0,0.0,1000.0,0.0,626.0773634600171,118.64907267232638,0.0,0.0,1000.0,-1000.0,0.0,0.0,0.0,0.0,0.0,0.0,0.0,0.0,0.0,0.0,0.0,0.0,0.0,333.3333333333333,-540.4864452353627,76.69594164234763,0.0,132.06013022281755,0.0,0.0,0.0,-249.37164915590574,0.0,1000.0,0.0,-189.12674862609416,206.5437064838749,0.0,0.0,520.5640974863724,0.0,0.0,0.0,0.0,0.0,0.0,0.0,0.0,0.0,0.0,0.0,0.0,0.0,104.50174714668442,0.0,0.0,0.0,0.0,0.0,0.0,0.0,0.0,0.0,0.0,0.0,0.0,1.741695785778074,0.0,0.0,118.64907267232638,-118.64907267232638,0.0,444.1138276807018,0.0,0.0,210.14190560873158,0.0,0.0,0.0,0.0,0.0,0.0,0.0,0.0,0.0,0.0,1000.0,0.0,0.0,52.25087357334221,52.25087357334221,910.2900706141246,-1000.0,0.0,0.0,0.0,0.0,0.0,0.0,0.0,890.6707520173725,0.0,1000.0,0.17416957857780735,0.0,0.0,0.0,230.01580988036292,137.1820990005861,0.0,0.0,0.0,0.0,0.0,0.0,0.0,0.0,0.0,0.0,0.0,0.0,0.0,0.0,0.0,0.0,0.17416957857780735,0.0,0.0,0.0,-687.4999999999999,687.4999999999999,0.0,0.0,0.0,0.0,-105.3839645528534,440.4546422120418,0.0,0.0,-442.9328477649289,-13.062718393335558,-8.708478928890376,0.0,0.0,0.0,0.0,0.0,0.0,0.0,0.0,0.0,0.0,0.0,0.0,0.0,468.1537525673675,0.0,0.0,-104.50174714668442,0.0,0.0,0.0,-0.17416957857780735,0.0,0.0,0.17416957857780735,0.0,0.17416957857780735,0.0,0.0,0.0,104.50174714668442,212.486885864925,212.486885864925,0.0,0.0,0.0,0.0,0.0,0.0,0.0,76.69594164234763,0.0,0.0,0.0,0.0,470.2219228460021,0.0,0.0,0.0,0.0,0.0,0.0,0.0,0.0,0.0,0.0,0.0,0.0,0.0,0.0,249.37164915590574,0.0,-1000.0,1000.0,0.261254367866711,0.0,0.0,0.0,-210.14190560873158,0.0,0.0,0.0,0.0,0.0,0.0,8.708478928890369,0.0,0.0,0.0,312.5,446.95227009101006,559.5453577879582,0.0,0.0,0.0,0.0,0.0,0.0,0.0,0.0,0.0,0.0,0.0,185.2890254889403,-520.5640974863724,0.0,1000.0,129.6418888714549,0.0,532.8691921179941,467.1308078820059,-1000.0,0.0,-212.486885864925,0.0,8.708478928890376,204.42344322716698,0.0,0.0,0.0,-267.97521378482315,0.0,0.0,0.0,0.0,0.0,0.0,0.0,0.0,0.0,13.062718393335558,-39.18815518000682,212.486885864925,0.0,0.0,0.0,0.0,0.0,0.0,0.0,0.0,0.0,0.0,0.0,0.0,0.0,-230.01580988036292,598.1846896943385,-444.1138276807018,52.25087357334221,118.64907267232638,0.0,0.0,0.0,-354.08457105942966,0.0,0.0,0.19158653643576035,0.0,0.0,0.0,106.2434429324625,0.0,0.0,0.0,0.0,-695.74519489114,0.0,0.0,0.0,0.0,0.0,0.0,0.0,0.0,-565.339325355154,0.0,0.017416957857781235,0.017416957857781235,0.0,0.0,0.0,0.0,0.0,0.0,0.0,0.0,0.0,0.0,0.0,0.0,0.0,0.0,0.0,0.0,0.0,0.0,0.0,0.0,0.0,0.0,0.0,60.54840243981698,0.0,0.0,0.0,237.29814534465277,0.0,0.0,603.3394562065016,0.0,0.0,0.0,104.50174714668442,0.0,0.0,0.0,0.0,0.0,0.0,-104.50174714668442,0.0,237.29814534465277,0.0,0.0,0.0,0.0,0.0,0.0,0.0,0.0,0.0,0.0,-1000.0,908.7192610181589,589.5280841718002,0.0,-210.14190560873158,0.0,442.2361694506181,0.0,0.0,0.0,0.0,0.0,0.0,0.0,0.0,0.0,0.0,0.0,0.0,0.0,0.0,0.0,0.0,0.0,-21.77119732222593,0.0,-523.1754486356,496.3473596326732,0.0,0.0,0.0,0.0,0.0,0.0,-2.1771197322225926,30.677068440170387,0.0,0.0,0.0,0.0,0.0,0.0,0.0,1000.0,52.25087357334221,52.25087357334221,0.0,0.0,0.0,0.0,0.0,0.19158653643576035,0.0,0.0,0.0,-442.2361694506181,0.0,0.0,0.0,0.0,0.0,0.0,0.0,0.0,0.0,0.0,0.0,0.0,0.0,0.0,500.0,0.0,0.0,0.0,0.0,182.87805750669773,0.0,0.0,132.06013022281755,0.0,0.0,0.0,0.0,0.0,-573.8620971470533,0.0,0.0,0.0,-21.77119732222593,0.0,0.0,0.0,0.0,0.0,0.0,0.0,0.0,0.0,0.0,0.0,0.0,0.0,0.0,0.0,0.0,0.0,0.0,-0.17416957857780735,0.0,0.0,8.708478928890369,-1000.0,0.0,0.0,0.0,0.0,0.0,0.0,0.0,0.0,-455.2259221304527,4.354239464445184,0.0,0.0,0.0,0.17416957857780735,0.0,174.16957857780736,-53.99256935912029,34.833915715561474,1.2440684184129098,485.9331242320826,-0.1306271839333555,763.7648440500225,3.4833915715561474,-0.8708478928886233,-485.9331242320826,52.25087357334221,-0.17416957857780738,2.5134033763770685,0.0,0.043542394644451844,1.2440684184129098,-7.540210129131205,-146.37686958191262,-3.4833915715561474,-381.28254236615066,-0.17416957857780738,0.043542394644451844,-485.9331242320826,17.416957857780737,0.17416957857780738,0.17416957857780735,0.36575611501356775,-118.4574861358908,-830.3205228833707,-0.1306271839333555,52.25087357334221,0.17416957857780738,210.14190560873158,70.80624274648568,-0.08708478928890369,1.4050022193764942,-266.9627765922643,-0.1306271839333555,-0.17416957857780763,-53.99256935912029,0.17416957857780735,17.416957857780737,-3.4833915715561474,249.37164915590574,249.37164915590574,-17.416957857780737,381.28254236615066,-249.37164915590574,34.833915715561474,0.261254367866711,-1000.0,17.416957857780737,-333.3333333333333,0.0,-34.833915715561474,0.08708478928890369,1.741695785778074,1.2567016881885342,-485.7301817708109,-0.17416957857780735,-39.18815518000682,-0.36575611501356775,53.99256935912029,0.17416957857780738,146.37686958191262,-366.89452632875805,0.0,-0.17416957857780735,-0.043542394644451844,0.0,-0.17416957857780738,-982.5830421422193,0.17416957857780738,-0.043542394644451844,-0.043542394644451844,-0.043542394644451844,69.66783143112295,-70.80624274648568,1.741695785778074,353.42254984054506,-0.043542394644451844,0.0,8.708478928890369,500.0,0.17416957857780735,0.08708478928890369,0.08708478928890369,17.416957857780737,53.99256935912029,0.17416957857780735,-53.99256935912029,1.741695785778074,0.17416957857780738,-802.1918764639687,0.17416957857780738,0.696678314310816,0.8708478928886233,0.08708478928890369,0.043542394644451844,52.25087357334221,-0.17416957857780738,830.3205228833707,1.7416957857780737,-706.8450996810901,759.4106045855774,-17.416957857780737,34.833915715561474,8.708478928890369,-0.17416957857780738,7.540210129131205,0.261254367866711,-0.17416957857780738,-34.833915715561474,53.99256935912029,783.6248064967992,0.08708478928890369,-1000.0,-0.17416957857780738,-0.17416957857780738,-0.17416957857780738,0.08708478928890381,485.9331242320826,-34.833915715561474,0.17416957857780735,2.5134033763770685,-0.043542394644451844,118.4574861358908,-2.5134033763770685,26.125436786671102,266.9627765922643,-16.325070669021866,485.9331242320826,-0.1306271839333555,39.18815518000682,485.7301817708109,0.17416957857780738,-0.04354239464445185,8.708478928890376,174.16957857780736,-0.08708478928890369,-0.17416957857780738,0.043542394644451844,1000.0,0.0,723.6560713193462,448.76932662342364,-1000.0,0.0,1000.0,125.79274118488517,0.0,-265.8451615027801,825.476364823071,-958.1379740732139,-276.25684389136484,132.92258075139006,500.0,-412.7381824115355,0.0,-62.89637059244259,0.0,-429.5402354373696,276.25684389136484,958.1379740732139,-429.5402354373696,-1000.0,674.7387842354887,0.0,1496.5981,bhi
83,0.0,0.0,0.0,0.0,0.0,0.0,0.0,0.0,-0.1720151755282521,0.0,0.0,0.0,0.0,0.0,0.0,0.0,-251.42019744132597,162.45840633792582,0.0,0.0,0.0,0.0,0.0,207.46714321135585,0.0,427.12637257501535,0.0,0.0,0.0,951.8418734304004,0.0,0.0,879.7140457396104,0.0,0.0,0.0,0.0,969.8744089258153,0.0,-1000.0,948.3954473415243,0.0,0.0,-105.63681941095479,0.0,0.0,0.0,0.0,-854.1330650804821,0.0,0.0,-259.3482085023624,0.0,0.18921669308124744,0.0,0.0,0.0,34.40303510565042,0.0,0.0,-15.148803124856475,0.0,0.0,-15.148803124856475,0.0,0.0,0.0,0.0,1000.0,-1000.0,0.0,1.720151755282521,0.0,0.0,0.0,0.0,0.0,0.0,0.0,951.2133901748406,0.0,0.0,0.0,0.0,103.20910531695125,0.0,0.0,0.0,718.5242606290215,-224.08930334044862,-0.043003793882063025,0.0,0.0,0.0,51.604552658475626,0.0,51.604552658475626,0.0,0.0,0.0,0.0,8.600758776412604,353.10684034941175,0.0,0.0,-285.74641589554466,0.0,0.0,0.0,0.0,0.0,0.0,0.0,0.0,0.0,0.0,0.0,0.0,0.0,0.0,0.0,0.0,0.0,0.0,-1000.0,0.0,0.0,51.604552658475626,0.0,53.32470441375815,0.0,0.0,-269.4089548398631,269.4089548398631,0.0,0.0,0.0,-625.0000000000003,625.0000000000003,0.0,0.0,0.0,0.0,0.0,0.0,13.245168515675465,0.1720151755282521,0.0,0.0,0.0,0.0,0.0,0.0,0.0,0.0,0.0,1000.0,0.0,0.0,0.0,0.0,0.0,767.3789349599778,767.3789349599778,0.0,0.0,0.0,687.5,-665.7295098014572,0.0,0.0,767.550950135506,0.0,0.0,0.0,-502.079185050997,0.0,0.0,0.0,0.0,0.0,0.0,0.0,0.0,0.0,0.0,-1000.0,0.0,0.0,0.0,0.0,-1000.0,0.0,0.0,0.0,0.0,0.0,0.0,259.3482085023624,242.75673708395445,-242.75673708395445,0.0,0.0,0.0,0.0,0.0,0.0,0.0,598.7350330809886,-55.90493204668193,0.0,0.0,0.0,0.0,0.0,0.0,0.0,0.0,0.0,0.0,0.0,0.0,0.0,930.6391830102702,-860.0967967476383,-105.63681941095479,0.0,0.0,0.0,0.0,239.52479869859894,0.0,0.0,0.0,0.0,-15.148803124856475,0.0,0.0,0.0,301.96552028970615,0.0,0.0,0.0,0.0,0.0,791.2907265363375,0.0,0.0,0.0,-475.767523545067,0.0,-352.02811949416514,0.0,105.63681941095479,0.0,0.0,0.0,0.0,0.0,0.0,0.0,-316.7037793141508,0.0,0.0,0.0,0.0,0.0,0.0,0.0,0.0,961.2809977129758,0.0,1000.0,0.0,0.0,240.39754102522437,0.0,0.0,0.0,-1000.0,0.0,1000.0,0.0,1000.0,0.0,0.0,0.0,687.5,0.0,0.0,-15.148803124856475,-0.2580227632923781,0.0,0.0,0.0,0.0,0.1720151755282521,0.0,0.0,0.0,-82.4200778934121,-251.42019744132597,0.0,-190.49761059702976,237.90946536308354,0.0,1000.0,0.0,25.160105370193776,0.0,-285.74641589554466,0.0,0.0,0.0,198.72959832243527,-517.2040259709665,293.3143222783375,0.0,-647.3435705642407,0.0,0.0,0.0,0.0,0.0,0.0,0.0,0.0,0.0,0.0,0.0,0.0,0.0,0.0,0.0,0.0,301.96552028970615,-29.437530372071706,0.0,-1000.0,0.0,0.0,785.7518378843226,0.0,0.0,0.0,-804.535895052013,0.0,0.0,0.0,0.0,0.0,0.0,-687.5,-371.08011322720506,0.0,-482.79597402903346,790.7127048739613,454.6667718109725,-738.4728610625469,0.0,687.5,362.47935445079247,0.0,-4.300379388206302,-463.26753058738507,-74.99892447426942,0.0,-409.0173334667141,-934.0659410254669,895.9425024543389,51.604552658475626,0.0,0.0,0.0,0.0,0.0,0.0,930.6391830102702,0.0,0.0,0.0,-661.6565505091178,0.0,0.0,-232.79308021555053,0.0,0.0,598.7350330809886,0.0,0.0,-30.29760624971295,0.0,0.0,0.0,0.0,0.0,0.0,0.0,-911.701349406114,0.3440303510564357,0.0,0.0,0.0,0.0,0.0,0.0,0.0,0.0,0.0,0.0,0.0,0.0,0.0,0.0,0.0,0.0,0.0,0.0,0.0,0.18921669308124744,0.18921669308124744,0.0,246.73244044364492,0.0,103.20910531695125,0.0,0.0,0.0,-217.5995220955354,0.0,0.0,0.0,0.0,0.0,1000.0,217.5995220955354,0.0,0.0,0.0,0.0,0.0,0.0,0.0,0.0,0.0,0.0,0.0,0.0,0.0,333.3333333333333,82.4200778934121,0.0,0.0,13.245168515675465,0.0,0.0,0.0,-239.52479869859894,0.0,1000.0,0.0,58.43080174480224,29.86784884908377,0.0,0.0,930.6391830102702,0.0,0.0,0.0,0.0,0.0,0.0,0.0,0.0,0.0,0.0,0.0,0.0,0.0,103.20910531695125,0.0,0.0,0.0,0.0,0.0,0.0,0.0,0.0,0.0,0.0,0.0,0.0,1.720151755282521,0.0,0.0,0.0,0.0,0.0,259.3482085023624,0.0,0.0,51.604552658475626,0.0,0.0,0.0,0.0,0.0,0.0,0.0,0.0,0.0,0.0,1000.0,0.0,0.0,51.604552658475626,51.604552658475626,1000.0,217.5995220955354,0.0,0.0,0.0,0.0,0.0,0.0,0.0,-240.33278576378373,598.7350330809886,-520.2138498365184,0.1720151755282521,0.0,0.0,0.0,227.17061288156088,767.8560590450849,0.0,0.0,0.0,0.0,0.0,0.0,0.0,0.0,0.0,0.0,0.0,0.0,0.0,0.0,0.0,0.0,0.1720151755282521,0.0,0.0,0.0,0.0,0.0,0.0,0.0,0.0,0.0,-18.78405716769032,29.437530372071706,0.0,0.0,-1000.0,-12.901138164618907,0.0,-8.600758776412604,0.0,0.0,0.0,0.0,0.0,0.0,0.0,0.0,0.0,0.0,0.0,0.0,0.0,0.0,0.0,495.52592776403736,0.0,0.0,0.0,-0.1720151755282521,0.0,0.0,0.1720151755282521,0.0,0.1720151755282521,0.0,0.0,0.0,103.20910531695125,209.85851414446753,209.85851414446753,0.0,0.0,0.0,0.0,0.0,0.0,0.0,0.0,0.0,598.7350330809886,0.0,0.0,213.54010493541793,0.0,0.0,0.0,0.0,0.0,0.0,0.0,0.0,0.0,0.0,0.0,0.0,0.0,0.0,239.52479869859894,0.0,-519.5256273320739,519.5256273320739,0.2580227632923781,0.0,0.0,0.0,-51.604552658475626,0.0,0.0,0.0,0.0,0.0,-246.73244044364492,8.600758776412604,0.0,0.0,0.0,-687.5,665.7295098014572,785.7518378843226,-8.600758776412604,0.0,0.0,0.0,0.0,0.0,0.0,0.0,0.0,0.0,0.0,0.0,-683.9067425666253,0.0,965.5969648943496,482.1096431495402,29.437530372071706,0.0,0.0,-29.437530372071706,0.0,-209.85851414446753,0.0,8.600758776412604,633.4113390816065,0.0,0.0,0.0,-30.29760624971295,0.0,0.0,0.0,0.0,0.0,0.0,0.0,0.0,0.0,974.1977236707621,0.0,209.85851414446753,0.0,0.0,0.0,0.0,0.0,0.0,0.0,0.0,0.0,791.2907265363375,0.0,0.0,285.4358549375017,-227.17061288156088,-1000.0,0.0,51.604552658475626,0.0,0.0,0.0,0.0,-350.6762229699182,0.0,0.0,0.18921669308124744,0.0,0.0,0.0,104.92925707223377,0.0,0.0,0.0,0.0,-860.0967967476383,0.0,0.0,0.0,0.0,0.0,0.0,0.0,0.0,-491.06624646153796,0.0,0.01720151755282521,0.01720151755282521,0.0,0.0,0.0,0.0,0.0,0.0,0.0,0.0,0.0,0.0,0.0,0.0,0.0,0.0,0.0,246.73244044364492,0.0,0.0,0.0,0.0,0.0,0.0,0.0,0.0,0.0,0.0,0.0,0.0,0.0,-97.62525146077155,162.45840633792582,0.0,0.0,0.0,103.20910531695125,0.0,0.0,0.0,0.0,0.0,896.7908946830487,-1000.0,0.0,0.0,0.0,0.0,0.0,0.0,0.0,0.0,0.0,0.0,0.0,0.0,872.8702792722777,112.77405458562802,331.3705001722706,-51.604552658475626,0.0,0.0,969.8744089258153,0.0,0.0,0.0,0.0,0.0,0.0,0.0,0.0,0.0,781.2499999999999,0.0,-781.25,-781.2499999999999,0.0,0.0,0.0,0.0,-21.50189694103151,0.0,-12.901138164618907,200.63896677079902,0.0,0.0,0.0,0.0,0.0,-2.150189694103151,0.0,30.29760624971295,0.0,0.0,0.0,0.0,0.0,0.0,0.0,1000.0,51.604552658475626,51.604552658475626,0.0,0.0,0.0,0.0,951.2133901748406,0.18921669308124744,246.73244044364492,0.0,0.0,-969.8744089258153,0.0,0.0,0.0,0.0,0.0,0.0,0.0,0.0,0.0,0.0,0.0,0.0,0.0,0.0,46.19962737852927,0.0,0.0,0.0,0.0,180.61593430466468,0.0,0.0,13.245168515675465,0.0,0.0,0.0,246.73244044364492,0.0,0.0,0.0,0.0,0.0,-21.50189694103151,0.0,0.0,0.0,0.0,0.0,0.0,0.0,0.0,0.0,0.0,0.0,0.0,0.0,0.0,0.0,0.0,0.0,0.0,-0.1720151755282521,0.0,0.0,8.600758776412604,-1000.0,0.0,0.0,0.0,0.0,0.0,0.0,0.0,0.0,-198.72959832243527,4.300379388206302,0.0,0.0,427.12637257501535,0.1720151755282521,0.0,172.0151755282521,-53.32470441375815,34.40303510565042,1.2286798252018005,479.9223397238233,-0.12901138164618906,8.600758776412604,3.440303510565042,-0.8600758776412931,-479.9223397238233,51.604552658475626,-0.17201517552825196,95.24880529851488,0.0,0.043003793882063025,1.2286798252018005,-285.74641589554466,-27.384815944102925,-3.440303510565042,88.96179110340015,-0.1720151755282521,0.043003793882063025,-479.9223397238233,565.4035529864942,0.1720151755282521,0.1720151755282521,-246.3712085750354,0.1892166930810773,-452.0665043095501,-0.12901138164618906,51.604552658475626,0.1720151755282521,51.604552658475626,-86.00758776412604,-0.08600758776412605,23.559336100639484,-256.8983314269524,-0.12901138164618906,-0.1720151755282521,-53.32470441375815,0.1720151755282521,17.20151755282521,-3.440303510565042,239.52479869859894,239.52479869859894,-17.20151755282518,-88.96179110340015,-239.52479869859894,34.40303510565042,0.2580227632923781,-1000.0,17.20151755282521,-333.3333333333333,0.0,-34.40303510565042,0.08600758776412605,1.720151755282521,47.62440264925744,-649.503707460975,-0.1720151755282521,-285.4358549375017,246.3712085750354,53.32470441375815,0.1720151755282521,27.384815944102925,-754.620246067572,0.0,-0.1720151755282521,-0.043003793882063025,0.0,-0.1720151755282521,-911.701349406114,0.1720151755282521,-0.043003793882063025,-0.043003793882063025,-0.043003793882063025,68.80607021130083,86.00758776412604,1.720151755282521,127.44174316949949,-0.043003793882063025,0.0,8.600758776412604,464.4514334794696,0.1720151755282521,0.08600758776412605,0.08600758776412605,17.20151755282521,53.32470441375815,0.1720151755282521,-53.32470441375815,1.720151755282521,0.1720151755282521,-127.44174316949949,0.1720151755282521,0.6880607021129919,0.8600758776412931,0.08600758776412605,0.043003793882063025,51.604552658475626,-0.1720151755282521,452.0665043095501,1.720151755282521,-254.88348633899898,4.300379388206302,-17.20151755282521,34.40303510565042,8.600758776412604,-0.1720151755282521,285.74641589554466,0.2580227632923781,-0.1720151755282521,-34.40303510565042,53.32470441375815,771.0017571415589,0.08600758776412605,-928.9028669589392,-0.1720151755282521,-0.1720151755282521,-0.1720151755282521,0.08600758776412605,479.9223397238233,-34.40303510565042,0.1720151755282521,95.24880529851488,-0.043003793882063025,-0.1892166930810773,-95.24880529851488,25.802276329237813,256.8983314269524,-379.8336023151229,479.9223397238233,-0.12901138164618906,285.4358549375017,649.503707460975,0.1720151755282521,-0.04300379388206303,8.600758776412604,172.0151755282521,-0.08600758776412605,-0.1720151755282521,0.043003793882063025,768.890962106781,0.0,262.7222980397087,0.0,-271.37175695822646,0.0,1000.0,-401.40593796924475,548.202035433669,31.455898740969587,145.14387225392716,-1000.0,-737.1916943725272,-15.727949370484794,135.68587847911323,-72.57193612696358,-548.202035433669,200.70296898462237,-246.73244044364492,-420.32553417164064,737.1916943725272,1000.0,-420.3255341716407,-1000.0,868.7093642573734,0.0,1496.5981,bhi
84,0.0,0.0,0.0,0.0,0.0,0.0,0.0,0.0,-0.1804331736759637,0.0,0.0,0.0,0.0,0.0,0.0,0.0,393.8628659146314,-535.676967677503,0.0,0.0,0.0,0.0,0.0,0.0,0.0,0.0,0.0,0.0,0.0,-979.5599286420746,0.0,0.0,665.984503828325,0.0,0.0,0.0,0.0,621.7979020994998,0.0,-1000.0,1000.0,0.0,-310.5198823588999,968.2197036765406,0.0,0.0,0.0,0.0,135.0357273807441,0.0,0.0,859.8585470122007,0.0,0.1984764910434933,0.0,0.0,0.0,36.08663473519274,0.0,0.0,-15.890148161729707,0.0,15.890148161729707,0.0,536.737317327782,0.0,0.0,0.0,0.0,0.0,0.0,1.8043317367596374,0.0,0.0,0.0,0.0,0.0,0.0,0.0,0.0,0.0,0.0,0.0,0.0,108.25990420557824,0.0,0.0,-117.7713401655725,-319.6600133237675,556.2476928523174,-0.045108293418990926,0.0,0.0,0.0,54.12995210278912,0.0,54.12995210278912,-5.809948192365596,647.5878170569176,0.0,0.0,858.7883286014588,-979.5599286420746,0.0,0.0,-330.0279230334362,0.0,535.3107044458094,0.0,0.0,0.0,0.0,0.0,0.0,0.0,0.0,0.0,0.0,0.0,0.0,0.0,0.0,0.0,0.0,-990.3214389411221,0.0,0.0,54.12995210278912,0.0,55.934283839548755,0.0,0.0,-678.4489646600059,0.0,678.4489646600059,-678.4489646600059,0.0,0.0,0.0,0.0,0.0,0.0,0.0,0.0,0.0,13.893354373049197,0.1804331736759637,0.0,0.0,0.0,-767.0622356670451,0.0,0.0,0.0,0.0,0.0,1000.0,0.0,0.0,0.0,0.0,0.0,523.9911936285707,523.9911936285707,0.0,0.0,0.0,0.0,0.0,0.0,0.0,524.1716268022467,0.0,0.0,0.0,666.8439700982317,0.0,0.0,0.0,0.0,0.0,0.0,0.0,0.0,0.0,0.0,0.0,0.0,0.0,0.0,0.0,-1000.0,0.0,0.0,0.0,0.0,0.0,0.0,-549.3386646533008,319.6600133237675,-319.6600133237675,0.0,0.0,0.0,0.0,0.0,0.0,0.0,0.0,-22.554146709495473,0.0,0.0,0.0,0.0,0.0,0.0,0.0,0.0,0.0,0.0,0.0,0.0,0.0,0.0,827.1208455312869,1000.0,0.0,0.0,0.0,0.0,93.19490346406356,0.0,0.0,0.0,0.0,-15.890148161729707,31.780296323459414,0.0,0.0,0.0,0.0,0.0,0.0,0.0,0.0,0.0,0.0,0.0,0.0,949.8399090064349,0.0,-212.4142641143619,0.0,-1000.0,0.0,0.0,0.0,1000.0,0.0,0.0,0.0,-18.184656686975813,0.0,0.0,-768.8869520763724,0.0,0.0,-930.5826497800979,161.69569770372564,-161.69569770372564,0.0,0.0,626.577205443294,0.0,0.0,410.21365109187525,0.0,0.0,0.0,-902.0696049887666,0.0,902.0696049887666,0.0,650.2741616880459,0.0,0.0,-259.3871662788681,0.0,0.0,0.0,-15.890148161729707,-0.2706497605139455,0.0,0.0,0.0,0.0,0.1804331736759637,0.0,0.0,0.0,852.6751444331472,393.8628659146314,0.0,-782.6869112296667,728.4104147321823,0.0,1000.0,0.0,15.535296253500407,0.0,-330.0279230334362,0.0,0.0,0.0,-15.535296253500407,0.0,0.0,-1000.0,-1000.0,0.0,0.0,0.0,0.0,0.0,0.0,0.0,0.0,0.0,0.0,0.0,0.0,0.0,0.0,0.0,0.0,0.0,-377.48036520579626,0.0,-1000.0,0.0,0.0,0.0,1000.0,0.0,0.0,-13.893354373049197,0.0,647.5878170569176,0.0,0.0,849.7666699176607,0.0,0.0,-933.9049936426285,0.0,0.0,334.7372889637819,373.76731926975884,-242.95326835468518,0.0,0.0,0.0,0.0,-4.510829341899092,-382.78897795355704,0.0,0.0,-117.28156288937643,1000.0,0.0,54.12995210278912,250.00000000000023,-250.00000000000023,0.0,0.0,0.0,0.0,0.0,0.0,0.0,0.0,-706.0587117017566,0.0,0.0,-126.46340123315107,0.0,0.0,0.0,0.0,0.0,-31.780296323459414,0.0,-687.4999999999928,54.12995210278912,0.0,0.0,0.0,0.0,5.928657761452655,0.3608663473517274,0.0,0.0,0.0,0.0,0.0,0.0,0.0,0.0,0.0,0.0,0.0,0.0,0.0,0.0,0.0,0.0,0.0,0.0,0.0,0.1984764910434933,0.1984764910434933,0.0,105.52859281107047,0.0,108.25990420557824,0.0,0.0,0.0,1000.0,0.0,0.0,0.0,0.0,0.0,425.8639874026754,-1000.0,0.0,0.0,0.0,0.0,0.0,54.12995210278912,0.0,0.0,0.0,0.0,0.0,0.0,0.0,330.10714631370735,-852.6751444331472,767.0622356670451,0.0,64.10419464272195,0.0,301.9751923154538,-301.9751923154538,-395.17009577951734,0.0,425.8639874026754,0.0,-423.8321543491108,855.6247995132388,0.0,0.0,0.0,0.0,0.0,0.0,0.0,0.0,0.0,0.0,0.0,0.0,0.0,0.0,0.0,0.0,108.25990420557824,0.0,0.0,0.0,0.0,0.0,0.0,0.0,0.0,0.0,0.0,0.0,0.0,1.8043317367596374,0.0,0.0,0.0,0.0,0.0,-549.3386646533008,0.0,0.0,54.12995210278912,0.0,0.0,0.0,50.21084026967275,0.0,0.0,0.0,0.0,0.0,0.0,1000.0,-189.0273939545121,0.0,54.12995210278912,54.12995210278912,1000.0,-1000.0,0.0,54.12995210278912,0.0,0.0,0.0,0.0,0.0,979.5599286420746,0.0,1000.0,0.1804331736759637,0.0,0.0,0.0,238.28778200677812,0.0,0.0,0.0,0.0,0.0,0.0,0.0,0.0,0.0,0.0,0.0,0.0,0.0,0.0,0.0,0.0,0.0,0.1804331736759637,0.0,0.0,0.0,0.0,0.0,0.0,0.0,0.0,0.0,0.0,633.6944626838684,0.0,0.0,-622.5196347942037,-13.53248802569728,0.0,-9.021658683798194,0.0,0.0,0.0,0.0,0.0,0.0,0.0,0.0,0.0,0.0,0.0,0.0,0.0,0.0,0.0,-108.25990420557824,0.0,0.0,0.0,-0.1804331736759637,0.0,0.0,0.1804331736759637,0.0,0.1804331736759637,0.0,0.0,0.0,108.25990420557824,220.12847188467575,220.12847188467575,0.0,0.0,0.0,0.0,0.0,0.0,0.0,767.0622356670451,0.0,0.0,0.0,0.0,0.0,0.0,0.0,0.0,0.0,0.0,0.0,0.0,0.0,0.0,0.0,0.0,0.0,0.0,0.0,93.19490346406356,0.0,-1000.0,1000.0,0.2706497605139455,0.0,0.0,0.0,-54.12995210278912,0.0,0.0,0.0,0.0,0.0,-105.52859281107047,9.021658683798185,0.0,0.0,0.0,0.0,0.0,-812.3644046074116,-9.021658683798194,0.0,-687.4999999999928,0.0,0.0,0.0,0.0,0.0,0.0,0.0,0.0,93.45869002420761,105.52859281107047,0.0,1000.0,-330.0279230334362,0.0,-826.2577589804608,647.5878170569176,178.6699419235432,0.0,779.8715281153243,0.0,9.021658683798194,248.51758692132626,0.0,0.0,0.0,-31.780296323459414,0.0,0.0,0.0,0.0,0.0,0.0,0.0,0.0,0.0,119.06108083676774,-146.1260568881622,220.12847188467575,0.0,0.0,0.0,0.0,0.0,0.0,0.0,0.0,0.0,0.0,0.0,0.0,0.0,-238.28778200677812,0.0,-310.5198823588999,54.12995210278912,0.0,0.0,0.0,0.0,158.78218499691567,0.0,0.0,0.1984764910434933,0.0,0.0,0.0,110.06423594233787,0.0,0.0,0.0,0.0,827.1208455312869,0.0,0.0,0.0,0.0,0.0,0.0,0.0,0.0,0.0,0.0,448.96526487458283,0.01804331736759637,0.0,0.0,0.0,0.0,0.0,0.0,0.0,0.0,0.0,0.0,0.0,0.0,0.0,0.0,0.0,105.52859281107047,0.0,0.0,0.0,0.0,0.0,0.0,0.0,0.0,0.0,0.0,0.0,0.0,0.0,1000.0,-535.676967677503,0.0,0.0,0.0,108.25990420557824,0.0,0.0,0.0,0.0,0.0,0.0,-108.25990420557824,0.0,0.0,0.0,0.0,0.0,0.0,0.0,0.0,0.0,0.0,0.0,0.0,-1000.0,-1000.0,123.59672396803516,0.0,-54.12995210278912,0.0,621.7979020994998,0.0,0.0,0.0,0.0,0.0,0.0,0.0,0.0,0.0,0.0,0.0,0.0,0.0,0.0,0.0,0.0,0.0,-22.554146709495473,0.0,-863.2991579433578,132.59356886246496,0.0,0.0,0.0,0.0,0.0,-2.2554146709495466,0.0,31.780296323459414,0.0,0.0,0.0,0.0,0.0,0.0,0.0,1000.0,54.12995210278912,54.12995210278912,0.0,0.0,0.0,0.0,0.0,0.1984764910434933,105.52859281107047,0.0,0.0,-621.7979020994998,448.94722155721524,0.0,0.0,0.0,0.0,0.0,0.0,0.0,0.0,0.0,0.0,0.0,0.0,0.0,500.0,0.0,0.0,0.0,0.0,189.45483235976192,13.893354373049197,0.0,0.0,0.0,0.0,0.0,105.52859281107047,0.0,806.554456415046,0.0,0.0,0.0,-22.554146709495473,0.0,0.0,0.0,0.0,0.0,0.0,0.0,0.0,0.0,0.0,0.0,0.0,0.0,0.0,0.0,0.0,0.0,0.0,-0.1804331736759637,0.0,0.0,9.021658683798185,-425.8639874026754,0.0,0.0,0.0,0.0,0.0,0.0,0.0,0.0,15.535296253500407,4.510829341899092,0.0,0.0,0.0,0.1804331736759637,0.0,180.4331736759637,-55.934283839548755,36.08663473519274,1.2888083833997406,503.4085545559388,-0.13532488025697276,933.9049936426285,3.608663473519274,-0.9021658683799387,-503.4085545559388,54.12995210278911,-0.1804331736759637,110.00930767781206,54.12995210278912,0.045108293418990926,1.2888083833997406,-330.0279230334362,-28.72496124921298,-3.608663473519274,141.81410176287153,-0.1804331736759637,0.045108293418990926,-503.4085545559388,534.9498380984575,0.1804331736759637,0.1804331736759637,-105.14968314635101,0.19847649104354884,0.0,-0.13532488025697276,54.12995210278912,0.1804331736759637,54.12995210278912,-90.21658683798185,-0.09021658683798185,-339.9441539331276,-111.4186540053359,-0.13532488025697276,-0.1804331736759637,-55.934283839548755,0.1804331736759637,18.04331736759636,-3.608663473519274,93.19490346406356,93.19490346406356,-18.04331736759637,-141.81410176287153,-93.19490346406356,36.08663473519274,0.2706497605139455,-1000.0,18.04331736759637,-330.10714631370735,54.12995210278912,-36.08663473519274,0.09021658683798185,1.8043317367596374,195.6717278074167,141.6152275462632,-0.1804331736759637,-146.1260568881622,105.14968314635101,55.934283839548755,0.1804331736759637,28.72496124921298,-679.2963770392289,54.12995210278912,-0.1804331736759637,-0.045108293418990926,-54.12995210278912,-0.1804331736759637,5.928657761452655,0.1804331736758501,-0.045108293418990926,-0.045108293418990926,-0.045108293418990926,72.17326947038548,90.21658683798185,1.8043317367596374,133.67842754717947,-0.045108293418990926,281.3341479370213,9.021658683798185,6.057329803071857,0.1804331736759637,0.09021658683798185,0.09021658683798185,45.108293418990925,55.934283839548755,0.1804331736759637,-55.934283839548755,1.8043317367596374,0.1804331736759637,-133.67842754717947,0.1804331736759637,0.7217326947039737,0.9021658683799387,0.09021658683798185,0.045108293418990926,54.12995210278912,-0.1804331736759637,0.0,1.804331736759637,-267.35685509435893,929.3941643007294,-18.04331736759636,36.08663473519274,9.021658683798185,-0.1804331736759637,330.0279230334362,0.2706497605139455,-0.1804331736759637,-90.21658683798185,55.934283839548755,231.85019457625717,0.09021658683798185,-12.114659606143714,-0.1804331736759637,-0.1804331736758501,-0.1804331736759638,0.09021658683798185,503.4085545559388,-36.08663473519274,0.1804331736759637,391.3434556148334,-0.045108293418990926,-0.19847649104354884,-391.3434556148334,27.064976051394556,111.4186540053359,94.99203635725831,503.4085545559388,-0.13532488025697276,146.1260568881622,-141.6152275462632,0.1804331736759637,-0.04510829341899089,9.021658683798194,180.4331736759637,-0.09021658683798185,-0.1804331736759637,0.045108293418990926,0.0,0.0,443.6620905608446,0.0,-1000.0,0.0,100.70588499832758,-1000.0,516.9065207308611,-470.7361943428076,1000.0,-269.02439906814766,-556.2476928523174,235.3680971714038,500.0,-500.0,-516.9065207308611,500.0,-105.52859281107047,-390.63237957317284,556.2476928523174,269.02439906814766,-390.63237957317284,-100.70588499832758,380.97947233498,0.0,1496.5981,bhi
85,0.0,0.0,0.0,0.0,0.0,0.0,0.0,0.0,-0.15491169422576284,0.0,0.0,0.0,0.0,0.0,0.0,0.0,363.86761168974834,-204.5317605930201,0.0,0.0,0.0,0.0,0.0,0.0,0.0,0.0,0.0,0.0,0.0,-1000.0,0.0,0.0,600.2949063581174,0.0,0.0,0.0,0.0,-262.56349460961343,0.0,-349.52086767068084,953.5264917322711,0.0,0.0,-349.08189780000555,0.0,0.0,0.0,0.0,887.7719134983499,0.0,0.0,0.0,0.0,0.17040286364849233,0.0,0.0,0.0,30.98233884515257,0.0,0.0,-47.487773148621045,0.0,937.2475833619172,889.7598102132962,0.0,0.0,0.0,0.0,0.0,0.0,0.0,1.5491169422576285,0.0,0.0,0.0,0.0,0.0,0.0,0.0,0.0,0.0,0.0,-235.43329322754062,0.0,92.9470165354577,0.0,33.845216610471724,-69.58953557255484,-181.81762207420485,0.0,-0.03872792355644071,0.0,0.0,1000.0,46.47350826772885,0.0,46.47350826772885,0.0,0.0,0.0,0.0,877.3975590832446,-1000.0,0.0,0.0,-315.18223460061193,586.1574727841727,0.0,0.0,0.0,0.0,0.0,0.0,0.0,0.0,0.0,0.0,0.0,0.0,0.0,0.0,0.0,0.0,0.0,-833.9561522734554,0.0,0.0,46.47350826772885,0.0,48.022625209986494,0.0,0.0,-141.44072049365238,141.44072049365238,0.0,0.0,0.0,0.0,0.0,0.0,0.0,0.0,0.0,0.0,0.0,281.2067102933961,0.15491169422576284,0.0,0.0,0.0,-1000.0,-85.67594869116994,0.0,0.0,235.43329322754062,0.0,1000.0,0.0,0.0,0.0,0.0,0.0,-109.8111588371234,-109.8111588371234,0.0,0.0,0.0,562.5,-189.06676148316635,0.0,0.0,-109.65624714289764,0.0,0.0,0.0,-272.0723877315447,-1000.0,0.0,0.0,0.0,0.0,0.0,0.0,0.0,0.0,0.0,0.0,0.0,0.0,0.0,0.0,-1000.0,0.0,0.0,0.0,0.0,0.0,0.0,0.0,181.81762207420485,-181.81762207420485,0.0,0.0,0.0,0.0,0.0,0.0,0.0,0.0,890.1747262344395,0.0,0.0,0.0,0.0,0.0,0.0,0.0,0.0,0.0,0.0,0.0,0.0,0.0,0.0,515.9224213316196,-251.63952518809828,0.0,0.0,0.0,0.0,253.9402343387012,0.0,0.0,0.0,0.0,-47.487773148621045,97.44237261190727,0.0,0.0,0.0,0.0,0.0,0.0,0.0,0.0,4.9881565540705965,0.0,0.0,0.0,363.6352441484097,0.0,1000.0,0.0,251.63952518809828,0.0,0.0,0.0,86.50498964583215,0.0,0.0,0.0,-32.535125221622565,0.0,0.0,-187.58588129139537,0.0,0.0,-187.5858812913953,0.0,0.0,0.0,0.0,-840.8965164446104,0.0,0.0,178.26339255117716,0.0,0.0,0.0,-876.0279480351378,0.0,876.0279480351378,0.0,101.28290179999573,0.0,0.0,226.02343727353505,562.5,0.0,0.0,-47.487773148621045,-0.23236754133864426,0.0,0.0,0.0,0.0,0.15491169422576284,0.0,0.0,0.0,694.5981008394994,363.86761168974834,0.0,-410.4941843311319,-81.64813013827877,1000.0,1000.0,0.0,119.45240741748592,0.0,-315.18223460061193,0.0,0.0,0.0,880.5475925825141,0.0,-1000.0,-199.18735311122748,-1000.0,0.0,0.0,0.0,0.0,0.0,0.0,0.0,0.0,0.0,0.0,0.0,0.0,0.0,0.0,0.0,0.0,0.0,-1000.0,0.0,-738.0561521672898,235.43329322754062,0.0,0.0,1000.0,0.0,669.6255121968759,-286.1948668474667,0.0,0.0,0.0,0.0,869.6519743719565,0.0,0.0,-942.5715718972664,0.0,0.0,393.21765921955915,-63.541760377248366,-102.47408573034213,0.0,0.0,0.0,457.00124305246777,-3.872792355644071,55.79617566596022,0.0,0.0,-503.6269971364217,1000.0,402.93439588967584,46.47350826772885,0.0,0.0,0.0,0.0,0.0,0.0,0.0,0.0,0.0,0.0,854.1903658570454,0.0,0.0,-312.78462216276006,0.0,0.0,0.0,0.0,0.0,-27.285113076298558,0.0,0.0,0.0,0.0,0.0,0.0,0.0,-30.06956284310654,0.3098233884520596,0.0,0.0,0.0,0.0,0.0,0.0,0.0,0.0,0.0,0.0,0.0,0.0,0.0,0.0,0.0,0.0,0.0,0.0,0.0,0.17040286364849233,0.17040286364849233,0.0,18.50616174114847,0.0,92.9470165354577,0.0,0.0,0.0,1000.0,0.0,0.0,33.845216610471724,0.0,0.0,666.5488932723132,-1000.0,0.0,0.0,0.0,0.0,0.0,0.0,0.0,0.0,0.0,0.0,0.0,0.0,0.0,277.9853840911518,-694.5981008394994,499.51847590699725,0.0,45.773417065855455,0.0,746.0597656612988,253.9402343387012,0.0,0.0,666.5488932723132,0.0,636.4793304292067,0.0,0.0,0.0,0.0,0.0,0.0,0.0,0.0,0.0,0.0,0.0,0.0,0.0,0.0,0.0,0.0,0.0,92.9470165354577,0.0,0.0,0.0,0.0,0.0,0.0,0.0,0.0,0.0,0.0,0.0,0.0,1.5491169422576285,0.0,0.0,33.845216610471724,-33.845216610471724,0.0,0.0,0.0,0.0,46.47350826772885,0.0,0.0,0.0,0.0,0.0,0.0,0.0,0.0,0.0,0.0,102.30598245685997,-116.29130900044589,0.0,46.47350826772885,46.47350826772885,-814.2399334686058,-1000.0,0.0,0.0,0.0,0.0,0.0,0.0,0.0,199.18735311122748,0.0,233.6588745106721,0.15491169422576284,0.0,0.0,0.0,204.58302246715212,0.0,0.0,-1000.0,0.0,0.0,0.0,0.0,0.0,0.0,0.0,0.0,0.0,0.0,0.0,0.0,0.0,0.0,0.15491169422576284,0.0,0.0,0.0,1000.0,-1000.0,0.0,0.0,0.0,0.0,0.0,0.0,0.0,-24.251019014756537,0.0,-11.618377066932213,0.0,-7.745584711288148,0.0,0.0,0.0,0.0,0.0,0.0,0.0,0.0,0.0,0.0,0.0,0.0,1000.0,0.0,0.0,-92.9470165354577,0.0,0.0,0.0,-0.15491169422576284,0.0,0.0,0.15491169422576284,0.0,0.15491169422576284,0.0,0.0,0.0,92.9470165354577,188.9922669554307,188.9922669554307,0.0,0.0,0.0,0.0,0.0,0.0,0.0,499.51847590699725,0.0,0.0,0.0,0.0,0.0,893.8854894553524,0.0,0.0,0.0,0.0,0.0,0.0,0.0,0.0,0.0,0.0,0.0,0.0,0.0,253.9402343387012,0.0,-446.90427502654006,446.90427502654006,0.23236754133864426,0.0,0.0,0.0,-46.47350826772885,0.0,0.0,0.0,0.0,0.0,-18.50616174114847,7.745584711288143,0.0,0.0,0.0,-562.5,189.06676148316635,0.0,-7.745584711288148,0.0,0.0,0.0,0.0,0.0,0.0,0.0,0.0,0.0,0.0,-409.3662813759394,18.50616174114847,0.0,95.29875454405402,-315.18223460061193,261.94384783271016,-286.1948668474667,24.251019014756537,0.0,235.43329322754062,-102.48727730959854,0.0,7.745584711288148,364.07499261167885,0.0,0.0,0.0,-94.975546297242,0.0,0.0,923.8846130026953,-923.8846130026953,0.0,0.0,0.0,0.0,0.0,0.0,-23.23675413386451,188.9922669554307,0.0,0.0,0.0,0.0,0.0,0.0,0.0,0.0,0.0,4.9881565540705965,0.0,0.0,30.124538808080686,-204.58302246715212,1000.0,0.0,46.47350826772885,33.845216610471724,0.0,0.0,0.0,17.980998205105692,0.0,0.0,0.17040286364849233,0.0,0.0,0.0,94.49613347771535,0.0,0.0,0.0,0.0,515.9224213316196,0.0,586.1574727841727,0.0,0.0,0.0,0.0,0.0,0.0,0.0,0.0,574.4876866774788,0.015491169422576284,0.0,0.0,0.0,0.0,0.0,0.0,0.0,0.0,0.0,0.0,0.0,0.0,0.0,0.0,0.0,18.50616174114847,0.0,0.0,0.0,0.0,0.0,0.0,0.0,0.0,0.0,0.0,0.0,67.69043322094345,0.0,774.6106204332362,-204.5317605930201,0.0,0.0,0.0,92.9470165354577,0.0,0.0,0.0,0.0,0.0,0.0,-92.9470165354577,0.0,67.69043322094345,0.0,0.0,0.0,0.0,0.0,0.0,0.0,0.0,0.0,0.0,-233.6588745106721,-1000.0,1000.0,0.0,-46.47350826772885,0.0,-262.56349460961343,0.0,0.0,0.0,0.0,0.0,0.0,0.0,0.0,0.0,0.0,0.0,0.0,0.0,0.0,0.0,0.0,0.0,-19.36396177822036,0.0,-881.2703514388887,905.5038665222847,0.0,0.0,0.0,0.0,0.0,0.0,-1.9363961778220358,262.7184063038392,0.0,0.0,0.0,0.0,0.0,0.0,0.0,1000.0,46.47350826772885,46.47350826772885,0.0,0.0,0.0,0.0,0.0,0.17040286364849233,18.50616174114847,0.0,0.0,262.56349460961343,574.4721955080562,0.0,0.0,0.0,0.0,0.0,0.0,0.0,0.0,0.0,0.0,0.0,0.0,0.0,223.45213751327003,0.0,0.0,0.0,0.0,162.657278937051,45.773417065855455,0.0,0.0,0.0,0.0,0.0,18.50616174114847,0.0,0.0,0.0,0.0,0.0,-19.36396177822036,0.0,0.0,0.0,0.0,0.0,0.0,0.0,0.0,0.0,0.0,0.0,0.0,0.0,0.0,0.0,0.0,0.0,0.0,-0.15491169422576284,0.0,0.0,7.745584711288143,-666.5488932723132,0.0,0.0,0.0,0.0,0.0,0.0,0.0,0.0,-880.5475925825141,3.872792355644071,0.0,0.0,0.0,0.15491169422576284,0.0,154.91169422576283,-48.022625209986494,30.98233884515257,1.1065121016125918,432.2036268898784,-0.11618377066932213,942.5715718972664,3.098233884515257,-0.7745584711290121,-432.2036268898784,46.47350826772885,-0.15491169422576284,105.06074486687065,0.0,0.03872792355644071,1.1065121016125918,-315.18223460061193,-58.50715833121423,-3.098233884515257,-159.33585109672825,-0.15491169422576284,0.03872792355644071,-432.2036268898784,15.491169422576284,0.15491169422576284,0.15491169422576284,-18.180847183274217,-33.67481374682332,0.0,-0.11618377066932213,46.47350826772885,0.15491169422576284,46.47350826772885,-77.45584711288143,-0.07745584711288142,-369.63553079877613,-269.58631545550327,-0.11618377066932213,-0.15491169422576284,-48.022625209986494,0.15491169422576284,15.491169422576284,-3.098233884515257,253.9402343387012,253.9402343387012,-15.491169422576284,159.33585109672825,-253.9402343387012,30.98233884515257,0.23236754133864426,-53.35051302685008,15.491169422576284,-277.9853840911518,0.0,-30.98233884515257,0.07745584711288142,1.5491169422576285,102.62354608278298,49.48850058630104,-0.15491169422576284,-53.361292941945194,18.180847183274217,48.022625209986494,0.15491169422576284,58.50715833121423,-185.89403307091527,0.0,-0.15491169422576284,-0.03872792355644071,0.0,-0.15491169422576284,-616.2270356272792,0.154911694225706,-0.03872792355644071,-0.03872792355644071,-0.03872792355644071,61.96467769030514,77.45584711288143,1.5491169422576285,114.77020145951259,-0.03872792355644071,100.18634729869531,7.745584711288142,22.78036613284141,0.15491169422576284,0.07745584711288142,0.07745584711288142,15.491169422576284,48.02262520998649,0.15491169422576284,-48.022625209986494,1.5491169422576285,0.15491169422576284,-114.77020145951259,0.15491169422576284,0.6196467769032582,0.7745584711290121,0.07745584711288142,0.03872792355644071,46.47350826772885,-0.15491169422576284,0.0,1.5491169422576285,-229.54040291902518,938.6987795416223,-15.491169422576284,30.98233884515257,7.745584711288142,-0.15491169422576284,315.18223460061193,0.23236754133864426,-0.15491169422576284,-30.98233884515257,48.02262520998649,402.7745657435207,0.07745584711288142,-45.56073226568282,-0.15491169422576284,-0.154911694225706,-0.15491169422576284,0.07745584711288142,432.2036268898784,-30.98233884515257,0.15491169422576284,205.24709216556596,-0.03872792355644071,33.67481374682332,-205.24709216556596,23.236754133864423,269.58631545550327,-600.9940809100607,432.2036268898784,-0.11618377066932213,53.361292941945194,-49.48850058630104,0.15491169422576284,-0.03872792355644071,7.745584711288148,154.91169422576283,-0.07745584711288142,-0.15491169422576284,0.03872792355644071,759.9710183392299,0.0,53.2730571797372,0.0,-1000.0,0.0,417.1247444240048,-918.9006894011189,0.0,1000.0,-569.990470101586,373.23738251779065,0.0,-500.0,500.0,284.995235050793,0.0,459.45034470055947,-18.50616174114847,-420.75556394862645,0.0,-373.23738251779065,-420.75556394862645,-417.1247444240048,293.7638040361719,0.0,1496.5981,bhi
86,0.0,0.0,0.0,0.0,0.0,0.0,0.0,0.0,-0.14413470586610613,0.0,0.0,0.0,0.0,0.0,0.0,0.0,338.2153981959858,14.59153049698269,0.0,0.0,0.0,0.0,0.0,956.4713188284359,0.0,0.0,0.0,0.0,0.0,-1000.0,0.0,0.0,0.0,0.0,0.0,0.0,0.0,-269.1619555112205,0.0,-1000.0,956.7595882401681,0.0,0.0,661.7846018040142,0.0,0.0,0.0,0.0,0.0,0.0,0.0,0.0,0.0,0.15854817645288222,0.0,0.0,0.0,0.0,0.0,0.0,231.22570092726073,0.0,0.0,-500.5317911443474,0.0,0.0,0.0,0.0,580.2102421446253,-30.214434481745457,0.0,1.4413470586610615,0.0,0.0,0.0,0.0,0.0,0.0,0.0,436.86577085655637,0.0,0.0,0.0,0.0,86.48082351966369,0.0,0.0,0.0,0.0,0.0,-0.03603367646652653,0.0,0.0,1000.0,43.240411759831844,0.0,43.240411759831844,0.0,0.0,0.0,0.0,7.206735293305307,-1000.0,0.0,0.0,-145.750030013276,0.0,0.0,0.0,0.0,0.0,0.0,0.0,0.0,0.0,0.0,0.0,0.0,0.0,0.0,0.0,0.0,0.0,0.0,-1000.0,0.0,0.0,43.240411759831844,0.0,44.68175881849291,0.0,0.0,-1000.0,0.0,1000.0,-1000.0,185.9418341340596,167.63890057114318,-167.63890057114318,-917.6993262056677,0.0,0.0,0.0,0.0,0.0,11.098372351690164,0.14413470586610613,0.0,0.0,0.0,0.0,-625.738319216279,0.0,0.0,0.0,0.0,926.8326101755974,0.0,0.0,0.0,0.0,0.0,896.8969558725175,896.8969558725175,0.0,0.0,0.0,0.0,-85.69248768797166,0.0,0.0,897.0410905783837,0.0,0.0,0.0,-481.89544938678046,0.0,0.0,0.0,0.0,0.0,0.0,0.0,0.0,0.0,0.0,0.0,0.0,0.0,0.0,0.0,-205.15320190750163,0.0,0.0,0.0,0.0,0.0,0.0,0.0,0.0,0.0,0.0,0.0,0.0,0.0,0.0,0.0,0.0,0.0,656.794309078012,0.0,0.0,0.0,0.0,0.0,0.0,0.0,0.0,0.0,0.0,0.0,0.0,0.0,0.0,23.341737674406886,661.7846018040142,0.0,0.0,0.0,731.7574920716081,432.01444967365995,0.0,0.0,0.0,0.0,231.22570092726073,0.0,0.0,0.0,560.1939478192085,0.0,0.0,0.0,0.0,0.0,4.641137528889118,28.826941173221226,0.0,0.0,337.99919613718646,337.99919613718646,0.0,0.0,-661.7846018040142,0.0,0.0,731.7574920716081,0.0,0.0,0.0,0.0,-258.4455401300752,0.0,0.0,666.4724234920373,0.0,765.9013250829183,-99.42890159088108,765.9013250829183,0.0,0.0,0.0,14.59153049698269,0.0,0.0,-29.878620307223812,0.0,0.0,0.0,-650.8226455975864,0.0,650.8226455975864,0.0,896.7528211666514,0.0,731.7574920716081,167.80794009143767,0.0,0.0,0.0,231.22570092726073,-0.21620205879915919,0.0,0.0,0.0,0.0,0.14413470586610613,0.0,0.0,0.0,-274.74279705487925,338.2153981959858,0.0,-543.8844026107203,111.7958692809271,0.0,1000.0,0.0,0.0,0.0,-145.750030013276,0.0,0.0,0.0,-12.409998175071902,12.409998175071902,0.0,-739.7527760465985,-1000.0,0.0,0.0,0.0,0.0,0.0,0.0,0.0,0.0,0.0,0.0,0.0,0.0,0.0,0.0,0.0,0.0,560.1939478192085,-853.5210807454455,0.0,-1000.0,0.0,415.06433594231055,0.0,0.0,0.0,0.0,-15.739509880579305,0.0,0.0,0.0,0.0,0.0,-592.6202403196972,0.0,347.33120301477794,-3.6033676466526536,0.0,263.3058755381824,0.0,-194.07738144871192,0.0,0.0,-354.53793830808326,570.2355256367111,0.0,-7.206735293305307,0.0,0.0,-7.206735293305307,1000.0,-1000.0,43.240411759831844,0.0,0.0,0.0,0.0,0.0,0.0,0.0,0.0,0.0,0.0,-883.0769111599452,0.0,0.0,0.0,0.0,0.0,0.0,0.0,0.0,-269.30609021708665,0.0,0.0,0.0,0.0,0.0,0.0,0.0,-645.636993301704,0.28826941173205245,0.0,0.0,0.0,0.0,0.0,0.0,0.0,0.0,0.0,549.9958076628799,0.0,0.0,0.0,0.0,0.0,0.0,0.0,0.0,0.0,0.15854817645288222,0.15854817645288222,0.0,124.90397729657509,0.0,86.48082351966369,0.0,0.0,0.0,1000.0,0.0,0.0,0.0,0.0,0.0,639.1421947053232,-1000.0,0.0,0.0,310.44169904101335,0.0,0.0,0.0,0.0,0.0,0.0,0.0,0.0,0.0,0.0,333.3333333333333,274.74279705487925,625.738319216279,0.0,11.098372351690164,0.0,567.98555032634,432.01444967365995,0.0,0.0,639.1421947053232,0.0,940.6539163051548,-947.1487149015356,0.0,0.0,0.0,0.0,0.0,0.0,0.0,0.0,0.0,0.0,0.0,0.0,0.0,0.0,0.0,0.0,86.48082351966369,731.7574920716081,731.7574920716081,0.0,0.0,0.0,0.0,0.0,0.0,0.0,0.0,0.0,0.0,1.4413470586610615,0.0,0.0,0.0,0.0,0.0,0.0,0.0,0.0,43.240411759831844,-310.44169904101335,0.0,0.0,0.0,0.0,0.0,0.0,0.0,0.0,0.0,1000.0,0.0,0.0,43.240411759831844,43.240411759831844,34.873620202147215,-1000.0,0.0,0.0,0.0,0.0,0.0,0.0,0.0,739.7527760465985,0.0,1000.0,0.14413470586610613,0.0,0.0,0.0,190.35046976845976,0.0,0.0,-1000.0,0.0,0.0,0.0,0.0,0.0,0.0,0.0,0.0,0.0,0.0,0.0,0.0,0.0,0.0,0.14413470586610613,0.0,0.0,0.0,-1000.0,1000.0,0.0,0.0,0.0,415.06433594231055,0.0,460.57928771693577,0.0,0.0,-622.7977168520697,-10.810102939957961,-7.206735293305307,0.0,0.0,0.0,0.0,0.0,0.0,0.0,0.0,0.0,0.0,0.0,0.0,731.7574920716081,0.0,0.0,0.0,-1000.0,0.0,0.0,0.0,-0.14413470586610613,0.0,0.0,0.14413470586610613,0.0,0.14413470586610613,0.0,0.0,0.0,86.48082351966369,175.84434115664948,175.84434115664948,0.0,0.0,0.0,0.0,0.0,0.0,0.0,625.738319216279,0.0,0.0,0.0,0.0,0.0,0.0,0.0,0.0,0.0,0.0,0.0,0.0,0.0,0.0,0.0,0.0,0.0,0.0,0.0,432.01444967365995,0.0,0.0,0.0,0.21620205879915919,0.0,0.0,0.0,-43.240411759831844,0.0,0.0,0.0,0.0,0.0,-124.90397729657509,7.206735293305307,0.0,0.0,0.0,0.0,85.69248768797166,-460.57928771693577,0.0,0.0,0.0,0.0,0.0,0.0,0.0,0.0,731.7574920716081,0.0,310.44169904101335,-141.60109384985515,124.90397729657509,0.0,709.6847675134225,-145.750030013276,476.3187975975151,-476.3187975975151,0.0,0.0,0.0,-175.84434115664948,0.0,7.206735293305307,1000.0,0.0,0.0,0.0,-269.30609021708665,0.0,0.0,0.0,0.0,0.0,0.0,0.0,0.0,0.0,135.71408023653305,-157.33428611644914,175.84434115664948,0.0,0.0,0.0,0.0,0.0,0.0,0.0,0.0,0.0,4.641137528889118,0.0,0.0,0.0,-740.3462774313398,0.0,0.0,43.240411759831844,0.0,0.0,0.0,0.0,-41.57442091014627,0.0,0.0,0.15854817645288222,0.0,0.0,0.0,87.92217057832474,0.0,0.0,0.0,0.0,23.341737674406886,0.0,0.0,0.0,0.0,0.0,0.0,0.0,0.0,-441.3441362478033,0.0,0.014413470586610614,0.014413470586610614,0.0,0.0,0.0,0.0,0.0,0.0,0.0,0.0,0.0,0.0,0.0,0.0,0.0,0.0,0.0,124.90397729657509,0.0,0.0,0.0,0.0,0.0,0.0,0.0,0.0,0.0,0.0,0.0,0.0,0.0,691.0223268889544,14.59153049698269,0.0,0.0,0.0,86.48082351966369,0.0,0.0,0.0,0.0,0.0,-523.9808235197543,437.5000000000906,0.0,0.0,0.0,0.0,0.0,0.0,0.0,0.0,0.0,0.0,0.0,0.0,-1000.0,-1000.0,98.7322735182827,-1000.0,956.7595882401681,0.0,145.90238043109005,0.0,0.0,0.0,0.0,0.0,0.0,0.0,0.0,0.0,0.0,0.0,0.0,0.0,0.0,0.0,0.0,0.0,-18.016838233263268,731.7574920716081,-10.810102939957961,146.52418317649102,0.0,0.0,0.0,0.0,0.0,-1000.0,998.1983161766736,269.30609021708665,0.0,0.0,0.0,0.0,0.0,0.0,0.0,1000.0,43.240411759831844,43.240411759831844,0.0,0.0,0.0,0.0,436.86577085655637,0.15854817645288222,124.90397729657509,0.0,0.0,-145.90238043109002,0.0,0.0,0.0,0.0,0.0,0.0,0.0,0.0,0.0,0.0,0.0,0.0,0.0,0.0,0.0,0.0,0.0,0.0,0.0,151.34144115941146,11.098372351690164,0.0,0.0,0.0,0.0,0.0,124.90397729657509,0.0,453.37255242363045,0.0,0.0,0.0,-18.016838233263268,0.0,0.0,0.0,0.0,0.0,0.0,0.0,0.0,0.0,0.0,0.0,0.0,0.0,0.0,0.0,0.0,0.0,0.0,-0.14413470586610613,0.0,0.0,7.206735293305307,-639.1421947053232,0.0,0.0,0.0,0.0,731.7574920716081,0.0,0.0,0.0,12.409998175071902,3.6033676466526536,0.0,0.0,0.0,0.14413470586610613,0.0,144.13470586610612,-44.6817588184929,28.82694117322123,1.0295336133293296,402.13582936643616,-0.10810102939957959,7.206735293305314,2.8826941173221226,-0.7206735293307086,-402.13582936643616,43.240411759831844,-0.14413470586610613,48.58334333775866,0.0,0.03603367646652653,1.0295336133293296,-145.750030013276,-22.94624517388462,-2.8826941173221226,-352.8069286929685,-0.14413470586610613,0.03603367646652653,-402.13582936643616,14.413470586610613,0.14413470586610613,0.14413470586610613,-124.6012944142561,0.15854817645271674,-354.13693327515205,-0.10810102939957959,43.240411759831844,0.14413470586610613,43.240411759831844,-72.06735293305307,-0.07206735293305307,-281.19561687389336,-446.57205496613665,-0.10810102939957959,-0.14413470586610613,-44.6817588184929,0.14413470586610613,14.413470586610613,-2.8826941173221226,432.01444967365995,432.01444967365995,-14.413470586610613,352.8069286929685,-432.01444967365995,28.826941173221226,0.21620205879915919,-1000.0,14.413470586610613,-333.3333333333333,0.0,-28.826941173221226,0.07206735293305307,1.4413470586610615,135.9711006526801,153.7309184697963,-0.14413470586610613,-157.33428611644914,124.6012944142561,44.68175881849291,0.14413470586610613,22.94624517388462,-172.9616470393272,0.0,-0.14413470586610613,-0.03603367646652653,0.0,-0.14413470586610613,-645.636993301704,0.1441347058661222,-0.03603367646652653,-0.03603367646652653,-0.03603367646652653,57.65388234644245,72.06735293305307,1.4413470586610615,106.78580020855213,-0.03603367646652653,223.35885796760152,7.206735293305306,330.0252319441573,0.14413470586610613,0.07206735293305307,0.07206735293305307,-351.4652754491934,44.6817588184929,0.14413470586610613,-44.6817588184929,1.4413470586610615,0.14413470586610613,-106.78580020855213,0.14413470586610613,0.5765388234645457,0.7206735293307086,0.07206735293305307,0.03603367646652653,43.240411759831844,-0.14413470586610613,354.13693327515205,1.4413470586610613,-213.57160041710426,3.6033676466526465,-14.413470586610613,28.826941173221226,7.206735293305307,-0.14413470586610613,145.750030013276,0.21620205879915919,-0.14413470586610613,702.9305508983869,44.6817588184929,405.82196187070696,0.07206735293305307,-660.0504638883147,-0.14413470586610613,-0.1441347058661222,-0.14413470586610616,0.07206735293305307,402.13582936643616,-28.826941173221226,0.14413470586610613,271.9422013053602,-0.03603367646652653,-0.15854817645271674,-271.9422013053602,21.62020587991592,446.57205496613665,392.4033423604105,402.13582936643616,-0.10810102939957959,157.33428611644914,-153.7309184697963,0.14413470586610613,-0.03603367646652653,7.206735293305307,144.13470586610612,-0.07206735293305307,-0.14413470586610613,0.03603367646652653,1000.0,0.0,999.927932647067,0.0,-1000.0,0.0,119.51644435776316,-148.9354070129171,0.0,-314.1590888065373,1000.0,-112.77338947036469,0.0,157.07954440326864,500.0,-500.0,0.0,74.46770350645855,-124.90397729657509,-364.2475409605607,0.0,112.77338947036469,-364.2475409605607,-119.51644435776316,139.03231040523988,0.0,1496.5981,bhi
87,0.0,0.0,0.0,0.0,0.0,0.0,0.0,0.0,510.8687563206951,0.0,0.0,0.0,0.0,0.0,0.0,0.0,319.73824590548213,-865.3700042623655,0.0,1000.0,0.0,0.0,0.0,188.8322561260165,0.0,0.0,0.0,0.0,0.0,-440.0286445911317,0.0,0.0,3.650703731070373,0.0,0.0,0.0,0.0,391.5309168598542,0.0,-1000.0,955.5535667382351,0.0,0.0,0.0,0.0,0.0,0.0,0.0,120.29039868564956,0.0,0.0,0.0,0.0,0.14462518837563385,0.0,0.0,0.0,0.0,0.0,0.0,214.22351092893064,0.0,1000.0,536.816637443165,34.751318190118354,0.0,0.0,0.0,1000.0,-489.2341865355481,0.0,1.3147744397794305,0.0,0.0,0.0,0.0,0.0,0.0,0.0,0.0,0.0,0.0,0.0,0.0,78.88646638676583,0.0,0.0,191.50252341931332,-177.16292636732814,0.0,-0.03286936099448576,0.0,0.0,679.4685528337093,39.443233193382916,0.0,128.37735238234242,-61.93614523467841,578.4231458091022,0.0,0.0,996.7130639005514,-440.0286445911317,0.0,0.0,0.0,0.0,0.0,0.0,0.0,0.0,0.0,0.0,0.0,0.0,0.0,0.0,0.0,0.0,0.0,0.0,0.0,0.0,0.0,-552.6913188806004,0.0,0.0,128.37735238234242,0.0,40.75800763316234,0.0,0.0,0.0,0.0,0.0,0.0,-677.4068734857657,0.0,0.0,0.0,0.0,0.0,0.0,0.0,0.0,10.123763186301638,0.13147744397794306,0.0,0.0,0.0,0.0,-804.3162438050919,0.0,0.0,0.0,0.0,1000.0,0.0,0.0,0.0,0.0,0.0,999.8685225560221,999.8685225560221,0.0,0.0,0.0,0.0,0.0,0.0,0.0,1000.0,0.0,0.0,0.0,-650.0146584120953,-620.45336021138,0.0,0.0,0.0,0.0,0.0,0.0,0.0,0.0,0.0,0.0,0.0,0.0,0.0,0.0,-867.0443306787449,0.0,0.0,0.0,0.0,0.0,0.0,0.0,177.16292636732814,-177.16292636732814,677.4068734857657,0.0,0.0,0.0,0.0,0.0,0.0,0.0,-16.434680497242887,0.0,0.0,0.0,0.0,0.0,0.0,0.0,0.0,0.0,0.0,0.0,0.0,0.0,0.0,-54.15865941477139,0.0,0.0,0.0,0.0,0.0,-677.4068734857657,0.0,0.0,0.0,0.0,214.22351092893064,0.0,0.0,0.0,0.0,0.0,0.0,0.0,0.0,0.0,0.0,26.29548879558861,88.9341191889595,0.0,61.060590174133665,-293.2652625605226,488.955848472291,0.0,0.0,0.0,0.0,677.4068734857657,0.0,0.0,0.0,0.0,-239.0530262241657,0.0,0.0,-492.71714728294285,-492.71714728294296,0.0,0.0,0.0,492.71714728294296,0.0,0.0,0.0,0.0,0.0,366.82206869846107,0.0,0.0,0.0,0.0,0.0,0.0,0.0,1000.0,0.0,0.0,0.0,0.0,0.0,0.0,214.22351092893064,-0.19721616596691458,0.0,0.0,0.0,0.0,0.13147744397794306,0.0,0.0,0.0,738.6669782964025,319.73824590548213,0.0,-92.8866828867059,-772.791296093702,620.45336021138,1000.0,0.0,697.5371759010095,0.0,0.0,0.0,0.0,0.0,-11.320207926500792,-686.2169679745087,0.0,-1000.0,-1000.0,0.0,0.0,0.0,0.0,0.0,0.0,0.0,0.0,0.0,0.0,0.0,0.0,0.0,0.0,0.0,0.0,0.0,0.0,0.0,-1000.0,0.0,607.9431733642338,57.702571538587904,321.73651343093604,0.0,0.0,-10.123763186301638,0.0,578.4231458091022,0.0,0.0,990.1391917016542,-1000.0,758.7334044584745,0.0,0.0,686.2169679745087,0.0,-367.53086254725946,0.0,-177.03437831630035,-758.7334044584745,-662.5117247651923,1000.0,-3.2869360994485763,360.9569903483623,112.4198320947633,0.0,0.0,1000.0,-929.5082720927423,128.37735238234242,0.0,0.0,0.0,0.0,0.0,511.00023376467306,0.0,0.0,0.0,0.0,-746.3643298541355,0.0,0.0,-0.2629548879558861,0.0,0.0,0.0,0.0,0.0,-248.95985162790438,0.0,0.0,83.93091912057753,0.0,0.0,0.0,0.0,-986.8522556022057,0.2629548879559739,0.0,0.0,0.0,0.0,0.0,0.0,0.0,0.0,0.0,0.0,0.0,0.0,0.0,0.0,0.0,0.0,0.0,0.0,0.0,0.14462518837563385,0.14462518837563385,0.0,114.5170452090219,0.0,78.88646638676583,0.0,0.0,0.0,1000.0,0.0,1000.0,0.0,0.0,0.0,346.4742348024711,-1000.0,0.0,0.0,695.9032333309522,0.0,0.0,83.93091912057753,0.0,0.0,0.0,0.0,0.0,0.0,0.0,184.2304396268668,-738.6669782964025,804.3162438050919,0.0,10.123763186301638,0.0,679.4685528337093,0.0,0.0,0.0,346.4742348024711,0.0,201.06812390460425,-841.4461447043388,0.0,0.0,0.0,0.0,0.0,0.0,0.0,0.0,0.0,0.0,0.0,0.0,0.0,0.0,0.0,0.0,78.88646638676583,677.4068734857657,677.4068734857657,0.0,0.0,0.0,0.0,0.0,0.0,0.0,0.0,0.0,0.0,1.3147744397794305,0.0,0.0,0.0,0.0,0.0,0.0,0.0,0.0,128.37735238234242,-695.9032333309522,0.0,0.0,0.0,0.0,0.0,0.0,0.0,0.0,0.0,238.6622073936569,0.0,0.0,39.443233193382916,39.443233193382916,1000.0,-1000.0,0.0,83.93091912057753,0.0,0.0,0.0,0.0,0.0,759.30350572611,0.0,1000.0,0.13147744397794306,0.0,0.0,0.0,173.63474726487064,0.0,0.0,-679.4685528337093,0.0,0.0,0.0,0.0,0.0,0.0,0.0,0.0,0.0,0.0,0.0,0.0,0.0,0.0,0.13147744397794306,0.0,0.0,0.0,0.0,0.0,0.0,0.0,0.0,607.9431733642338,0.0,626.0019541613884,0.0,0.0,-1000.0,-9.860808298345773,0.0,-6.573872198897158,0.0,0.0,0.0,0.0,0.0,0.0,0.0,0.0,0.0,0.0,0.0,677.4068734857657,620.45336021138,0.0,0.0,-922.934399893845,0.0,0.0,0.0,510.8687563206951,0.0,0.0,0.13147744397794306,0.0,0.13147744397794306,0.0,510.7658134644519,0.0,78.88646638676583,160.40248165309055,160.40248165309055,0.0,0.0,0.0,0.0,0.0,0.0,0.0,804.3162438050919,0.0,0.0,0.0,0.0,0.0,0.0,0.0,0.0,0.0,0.0,0.0,0.0,0.0,0.0,0.0,0.0,0.0,0.0,0.0,0.0,0.0,-212.4498063710859,212.4498063710859,0.19721616596691458,0.0,0.0,0.0,-128.37735238234242,0.0,0.0,0.0,0.0,0.0,-114.5170452090219,6.573872198897153,0.0,0.0,0.0,0.0,0.0,-693.9617335194931,-6.573872198897158,0.0,0.0,0.0,0.0,0.0,0.0,0.0,677.4068734857657,0.0,695.9032333309522,1000.0,114.5170452090219,0.0,1000.0,0.0,0.0,-704.0854967057948,578.4231458091022,125.6623508966926,0.0,-160.40248165309055,0.0,6.573872198897158,1000.0,0.0,0.0,0.0,-248.95985162790438,0.0,0.0,0.0,0.0,0.0,0.0,0.0,0.0,0.0,124.37785350736772,-144.09947010405926,160.40248165309055,0.0,0.0,0.0,0.0,0.0,0.0,0.0,0.0,0.0,0.0,0.0,0.0,0.0,-173.63474726487064,871.4152512938052,0.0,39.443233193382916,0.0,0.0,0.0,0.0,-343.08846302755876,0.0,0.0,0.14462518837563385,0.0,0.0,0.0,80.20124082654526,0.0,0.0,0.0,0.0,-54.15865941477139,0.0,0.0,0.0,0.0,0.0,0.0,0.0,0.0,0.0,0.0,0.013147744397794306,0.013147744397794306,0.0,0.0,0.0,0.0,0.0,0.0,0.0,0.0,0.0,0.0,0.0,0.0,0.0,0.0,0.0,114.5170452090219,0.0,0.0,0.0,0.0,0.0,0.0,0.0,0.0,0.0,0.0,0.0,0.0,1000.0,759.7668904966138,-865.3700042623655,0.0,0.0,0.0,78.88646638676585,0.0,0.0,0.0,0.0,0.0,921.1135336132342,-1000.0,0.0,0.0,0.0,0.0,0.0,0.0,0.0,0.0,0.0,0.0,0.0,0.0,-1000.0,-680.7251388650218,90.06204912489102,-128.37735238234242,0.0,0.0,999.474090224088,0.0,0.0,0.0,0.0,0.0,0.0,0.0,0.0,0.0,0.0,0.0,0.0,0.0,0.0,0.0,0.0,0.0,-16.434680497242887,677.4068734857657,-1000.0,134.2386618057134,0.0,0.0,0.0,0.0,0.0,0.0,-1.6434680497242884,248.95985162790438,0.0,0.0,0.0,0.0,0.0,0.0,0.0,1000.0,39.443233193382916,39.443233193382916,0.0,0.0,0.0,0.0,0.0,0.14462518837563385,114.5170452090219,0.0,0.0,-999.474090224088,0.0,0.0,0.0,0.0,0.0,0.0,0.0,0.0,0.0,0.0,0.0,0.0,0.0,0.0,361.6078099177689,0.0,0.0,0.0,0.0,138.0513161768402,0.0,0.0,10.123763186301638,0.0,0.0,0.0,114.5170452090219,0.0,689.7281598234026,0.0,0.0,0.0,-16.434680497242887,0.0,0.0,0.0,0.0,0.0,0.0,0.0,0.0,0.0,0.0,0.0,0.0,0.0,0.0,0.0,0.0,0.0,0.0,-0.13147744397794306,0.0,0.0,6.573872198897153,-346.4742348024711,0.0,0.0,0.0,0.0,677.4068734857657,0.0,0.0,0.0,11.320207926500792,3.2869360994485763,0.0,0.0,0.0,0.13147744397794306,0.0,131.47744397794304,-40.75800763316234,26.29548879558861,0.9391245998424503,366.82206869846107,-0.09860808298345729,662.5117247651923,2.629548879558861,-0.6573872198899909,-366.82206869846107,39.443233193382916,-0.13147744397794306,0.0,83.93091912057753,0.032869360994485765,0.9391245998424503,0.0,-20.93120908128929,-2.629548879558861,-454.3682416431167,-0.13147744397794306,0.032869360994485765,-366.82206869846107,13.147744397794305,0.13147744397794306,0.13147744397794306,-114.24094257666833,0.14462518837573737,-990.5029593332761,-0.09860808298345729,39.443233193382916,0.13147744397794306,128.37735238234242,23.195397199987973,-0.06573872198897153,-9.497040666723933,664.1276516439934,-0.09860808298345729,-0.13147744397794306,-40.75800763316234,0.13147744397794306,13.147744397794305,-2.629548879558861,0.0,0.0,-13.147744397794305,454.3682416431167,0.0,26.29548879558861,0.19721616596691458,-1000.0,13.147744397794305,-184.2304396268668,83.93091912057753,-26.29548879558861,0.06573872198897152,1.3147744397794305,23.221670721676475,140.8125340046105,-0.13147744397794306,-144.09947010405926,114.24094257666833,40.75800763316234,0.13147744397794306,20.93120908128929,-162.77613284191366,83.93091912057753,-0.13147744397794306,-0.032869360994485765,-83.93091912057753,-0.13147744397794306,-986.8522556022057,0.13147744397804217,-0.03286936099448576,-0.03286936099448576,-0.03286936099448576,52.59097759117722,-23.195397199987973,1.3147744397794305,226.64857108985117,-0.032869360994485765,46.44334144335295,6.573872198897153,500.0,0.13147744397794306,0.06573872198897152,0.06573872198897153,55.11320395808307,40.75800763316234,0.13147744397794306,-40.75800763316234,1.3147744397794305,0.13147744397794306,-485.12901065523283,0.13147744397794306,0.5259097759120479,0.6573872198899909,0.06573872198897153,0.032869360994485765,39.443233193382916,-0.13147744397794306,990.5029593332761,1.3147744397794305,-453.2971421797024,659.2247886657437,-13.147744397794305,26.29548879558861,6.573872198897153,-0.13147744397794306,0.0,0.19721616596691458,-0.13147744397794306,-110.22640791616614,40.75800763316234,757.08118153576,0.06573872198897153,-1000.0,-0.13147744397794306,-0.13147744397804217,-0.1314774439779431,0.06573872198897153,366.82206869846107,-26.29548879558861,0.13147744397794306,46.44334144335295,-0.03286936099448576,-0.14462518837573737,-46.44334144335295,19.721616596691455,-664.1276516439934,1000.0,366.82206869846107,-0.09860808298345729,144.09947010405926,-140.8125340046105,0.13147744397794306,-0.03286936099448576,6.573872198897158,131.47744397794304,-0.06573872198897152,-0.13147744397794306,0.032869360994485765,320.5720471012505,0.0,999.934261278011,258.48043956538163,-1000.0,0.0,-642.1538009621129,-6.556355242982812,0.0,1000.0,720.0688410585468,-221.9792449904968,0.0,-500.0,500.0,-360.0344205292734,0.0,3.278177621491406,-114.5170452090219,-413.9927185082013,0.0,221.9792449904968,-413.9927185082013,642.1538009621129,-246.26270625899676,0.0,1496.5981,bhi
88,0.0,0.0,0.0,0.0,0.0,0.0,0.0,0.0,288.8118731019702,0.0,0.0,0.0,0.0,0.0,0.0,0.0,117.65734168877599,482.0497599751824,0.0,0.0,0.0,0.0,0.0,35.35833153529377,0.0,0.0,0.0,0.0,0.0,779.4578442841047,0.0,0.0,999.1079391007449,0.0,0.0,0.0,0.0,-7.069212616419502,0.0,-1000.0,987.8905760282126,0.0,0.0,-897.1151859728807,0.0,0.0,907.2671648476445,0.0,0.0,0.0,0.0,0.0,0.0,0.044401221229926756,0.0,0.0,0.0,8.072949314524879,0.0,0.0,-415.17463835610323,0.0,0.0,-415.17463835610323,0.0,0.0,0.0,0.0,76.5328746698658,-76.5328746698658,0.0,0.403647465726244,0.0,0.0,0.0,0.0,0.0,0.0,0.0,0.0,0.0,0.0,0.0,0.0,24.218847943574637,0.0,411.61984967460717,486.15975186011906,4.109991884936676,-8.219983769873352,-0.010091186643156098,0.0,0.0,-854.2916886385074,12.109423971787319,0.0,12.109423971787319,0.0,0.0,0.0,0.0,421.14651172163576,779.4578442841047,0.0,0.0,0.0,0.0,0.0,0.0,0.0,0.0,0.0,0.0,0.0,0.0,0.0,0.0,0.0,0.0,0.0,0.0,0.0,0.0,0.0,-291.4166227229853,0.0,0.0,12.109423971787319,0.0,12.513071437513563,0.0,0.0,0.0,0.0,0.0,0.0,0.0,0.0,0.0,0.0,0.0,0.0,0.0,0.0,0.0,414.72793516069925,0.04036474657262439,0.0,0.0,0.0,-1000.0,514.453462626746,0.0,0.0,0.0,0.0,326.3436839763566,0.0,0.0,0.0,0.0,0.0,327.63274892274967,327.63274892274967,0.0,0.0,0.0,312.5,0.0,0.0,0.0,327.67311366932233,0.0,0.0,0.0,32.134856826780144,-1000.0,0.0,0.0,0.0,0.0,0.0,0.0,0.0,0.0,0.0,0.0,0.0,0.0,0.0,0.0,-1000.0,0.0,0.0,0.0,0.0,0.0,0.0,0.0,4.109991884936676,-4.109991884936676,0.0,0.0,0.0,0.0,0.0,0.0,0.0,0.0,-1000.0,0.0,0.0,0.0,0.0,0.0,0.0,0.0,0.0,0.0,0.0,0.0,0.0,0.0,0.0,609.4726354382739,-897.1151859728807,0.0,0.0,0.0,0.0,145.70831136149266,0.0,0.0,0.0,0.0,-415.17463835610323,0.0,0.0,0.0,279.6492358552258,0.0,0.0,0.0,0.0,0.0,1.29974483963926,0.0,0.0,0.0,0.0,0.0,490.26974374505573,0.0,897.1151859728807,0.0,0.0,0.0,0.0,0.0,0.0,0.0,-209.87801854604797,0.0,0.0,-1000.0,0.0,0.0,-1000.0,0.0,0.0,8.219983769873352,0.0,0.0,0.0,0.0,-33.090668423870596,0.0,0.0,0.0,0.0,0.0,0.0,0.0,0.0,0.0,0.0,0.0,312.5,0.0,0.0,-415.17463835610323,-0.060547119858936585,0.0,0.0,0.0,0.0,0.04036474657262439,0.0,0.0,0.0,840.8825198270807,117.65734168877599,0.0,0.0,6.461913845964062,1000.0,1000.0,0.0,784.829413105948,0.0,0.0,0.0,0.0,0.0,-3.475404679903,-1000.0,218.645991573955,-1000.0,-1000.0,0.0,0.0,0.0,0.0,0.0,0.0,0.0,0.0,0.0,0.0,0.0,0.0,0.0,0.0,0.0,0.0,279.6492358552258,-1000.0,0.0,-993.0922463698712,0.0,0.0,0.0,0.0,0.0,0.0,-416.0276800003385,0.0,0.0,0.0,0.0,419.1282743930045,923.4671253301342,0.0,-211.5823745251335,-567.1670840148867,0.0,0.0,0.0,0.0,-272.9971228339938,0.0,0.0,48.5036088015615,566.1579653505711,-2.0182373286312196,-452.07208352152213,0.0,973.7629147277942,0.0,-1000.0,12.109423971787319,0.0,0.0,0.0,133.83078914708787,0.0,288.8522378485428,0.0,0.0,0.0,0.0,155.28217333173524,0.0,0.0,0.0,0.0,0.0,0.0,0.0,0.0,-7.109577362992127,0.0,0.0,0.0,0.0,0.0,0.0,0.0,111.8166740932326,0.08072949314521338,0.0,0.0,0.0,0.0,0.0,0.0,0.0,0.0,0.0,0.0,0.0,0.0,0.0,0.0,0.0,0.0,0.0,0.0,0.0,0.044401221229926756,0.044401221229926756,0.0,0.0,0.0,24.218847943574637,0.0,0.0,0.0,1000.0,0.0,0.0,411.61984967460717,0.0,0.0,375.54192467858513,-1000.0,0.0,0.0,0.0,0.0,0.0,0.0,0.0,0.0,0.0,0.0,0.0,0.0,0.0,97.13887424099511,-840.8825198270807,485.54653737325395,0.0,414.72793516069925,0.0,0.0,-854.2916886385074,-1000.0,0.0,375.54192467858513,0.0,0.0,487.35859877181775,0.0,0.0,0.0,0.0,0.0,0.0,0.0,0.0,0.0,0.0,0.0,0.0,0.0,0.0,0.0,0.0,24.218847943574637,0.0,0.0,0.0,0.0,0.0,0.0,0.0,0.0,0.0,0.0,0.0,0.0,0.403647465726244,0.0,0.0,411.61984967460717,-411.61984967460717,0.0,0.0,0.0,0.0,12.109423971787319,0.0,0.0,0.0,0.0,0.0,0.0,0.0,0.0,0.0,0.0,39.47553568570146,0.0,0.0,12.109423971787319,12.109423971787319,751.7000854947188,-1000.0,0.0,0.0,0.0,0.0,0.0,0.0,0.0,220.54215571589532,0.0,430.9247335941011,0.04036474657262439,0.0,0.0,0.0,53.30741424151804,0.0,0.0,854.2916886385074,0.0,0.0,0.0,0.0,0.0,0.0,0.0,0.0,0.0,0.0,0.0,0.0,0.0,0.0,0.04036474657262439,0.0,0.0,0.0,-820.1400450214487,820.1400450214487,0.0,0.0,0.0,0.0,-416.0276800003385,0.0,0.0,0.0,6.907753630128809,-3.0273559929468297,0.0,-2.0182373286312214,0.0,-187.50000000000003,-187.50000000000003,187.50000000000003,0.0,0.0,0.0,0.0,0.0,0.0,0.0,0.0,1000.0,0.0,0.0,-24.218847943574637,0.0,0.0,0.0,288.8118731019702,0.0,0.0,0.04036474657262439,0.0,0.04036474657262439,0.0,0.0,0.0,24.218847943574637,49.244990818601764,49.244990818601764,0.0,0.0,0.0,0.0,0.0,0.0,0.0,485.54653737325395,0.0,0.0,0.0,0.0,0.0,0.0,0.0,0.0,0.0,0.0,0.0,0.0,0.0,0.0,0.0,0.0,0.0,0.0,0.0,145.70831136149266,0.0,0.0,0.0,0.060547119858936585,0.0,0.0,0.0,-12.109423971787319,0.0,0.0,0.0,0.0,0.0,0.0,2.0182373286312196,0.0,0.0,0.0,-312.5,0.0,0.0,-2.0182373286312214,0.0,0.0,0.0,0.0,0.0,0.0,0.0,0.0,0.0,0.0,-770.4287953839364,0.0,0.0,-243.25432118370315,0.0,0.0,0.0,0.0,0.0,0.0,-49.244990818601764,0.0,2.0182373286312214,1000.0,0.0,0.0,0.0,-830.3492767122065,-312.5000000000072,312.5000000000072,0.0,0.0,0.0,0.0,0.0,0.0,0.0,-6.054711985893655,0.0,49.244990818601764,0.0,0.0,0.0,0.0,0.0,0.0,0.0,0.0,0.0,1.29974483963926,0.0,0.0,9.082067978840485,-53.30741424151804,546.876080451899,0.0,12.109423971787319,411.61984967460717,0.0,0.0,0.0,-420.4290625883497,0.0,0.0,0.044401221229926756,0.0,0.0,0.0,24.622495409300882,0.0,0.0,0.0,0.0,609.4726354382739,0.0,0.0,0.0,0.0,0.0,0.0,0.0,0.0,-664.1960197081452,0.0,0.00403647465726244,0.00403647465726244,0.0,0.0,0.0,0.0,0.0,0.0,0.0,0.0,0.0,0.0,0.0,0.0,0.0,0.0,0.0,0.0,0.0,0.0,0.0,0.0,0.0,0.0,0.0,0.0,0.0,0.0,0.0,823.2396993492143,0.0,235.31468337755197,482.0497599751824,0.0,0.0,0.0,24.218847943574637,0.0,0.0,0.0,0.0,0.0,0.0,-24.218847943574637,0.0,823.2396993492143,0.0,0.0,0.0,0.0,0.0,0.0,0.0,0.0,0.0,0.0,-430.9247335941011,0.0,27.649851402247716,0.0,-12.109423971787319,0.0,-7.069212616419502,0.0,0.0,0.0,0.0,0.0,0.0,0.0,0.0,0.0,0.0,0.0,0.0,0.0,0.0,0.0,0.0,0.0,-5.0455933215780515,0.0,-422.1556303859514,-3.0273559929468274,0.0,0.0,0.0,0.0,0.0,0.0,-0.504559332157805,7.109577362992127,0.0,0.0,0.0,0.0,0.0,0.0,0.0,1000.0,12.109423971787319,12.109423971787319,0.0,0.0,0.0,0.0,0.0,0.044401221229926756,0.0,0.0,0.0,7.069212616419502,0.0,0.0,0.0,0.0,0.0,0.0,0.0,0.0,0.0,0.0,0.0,0.0,0.0,0.0,0.0,0.0,0.0,0.0,0.0,42.38298390125561,414.72793516069925,0.0,0.0,0.0,0.0,0.0,0.0,0.0,0.0,0.0,0.0,0.0,-5.0455933215780515,0.0,0.0,0.0,0.0,0.0,0.0,0.0,0.0,0.0,0.0,0.0,0.0,0.0,0.0,0.0,0.0,0.0,0.0,-0.04036474657262439,0.0,0.0,2.0182373286312196,-375.54192467858513,0.0,0.0,0.0,0.0,0.0,0.0,0.0,0.0,3.475404679903,1.0091186643155652,0.0,0.0,0.0,0.04036474657262439,0.0,40.36474657262439,-12.513071437513563,8.072949314524879,0.2883196183758885,112.61764293762207,-0.030273559929468292,211.5823745251335,0.8072949314524879,-0.20182373286327854,-112.61764293762207,12.109423971787319,-0.0403647465726244,0.0,0.0,0.010091186643156098,0.28831961837588854,0.0,-418.0459173289697,-0.8072949314524879,-599.7071016639584,-0.04036474657262439,0.010091186643156098,-112.61764293762207,4.036474657262439,0.0403647465726244,0.04036474657262439,0.08476596780255115,-411.5754484533773,-887.2912650075124,-0.030273559929468292,12.109423971787319,0.04036474657262439,12.109423971787319,-20.1823732863122,-0.020182373286312196,560.9475810311558,-149.78515076532773,-0.030273559929468292,-0.04036474657262439,-12.513071437513563,0.04036474657262439,4.036474657262439,-0.8072949314524879,145.70831136149266,145.70831136149266,-4.036474657262439,599.7071016639584,-145.70831136149266,8.072949314524879,0.060547119858936585,-591.9807786499575,4.036474657262439,-97.13887424099511,0.0,-8.072949314524879,0.020182373286312196,0.403647465726244,0.0,8.072949314524879,-0.04036474657262439,-9.082067978840485,-0.08476596780255115,12.513071437513563,0.04036474657262439,418.0459173289697,-48.43769588714924,0.0,-0.04036474657262439,-0.010091186643156098,0.0,-0.04036474657262439,111.8166740932326,0.04036474657262439,-0.010091186643156098,-0.010091186643156098,-0.010091186643156098,16.145898629049757,20.1823732863122,0.403647465726244,84.59363701651215,-0.010091186643156098,0.0,2.0182373286312196,-53.89009971798508,0.04036474657262439,0.020182373286312196,0.020182373286312196,4.036474657262439,12.513071437513563,0.04036474657262439,-12.513071437513563,0.403647465726244,0.0403647465726244,-193.97044781555584,0.04036474657262439,0.16145898629063765,0.20182373286327854,0.020182373286312196,0.010091186643156098,12.109423971787319,-0.04036474657262439,887.2912650075124,0.40364746572624394,-169.1872740330243,210.57325586081788,-4.036474657262439,8.072949314524879,2.0182373286312196,-0.04036474657262439,0.0,0.060547119858936585,-0.0403647465726244,-8.072949314524879,12.513071437513563,531.119243941514,0.020182373286312196,107.78019943597016,-0.04036474657262439,-0.04036474657262439,-0.04036474657262439,0.020182373286312196,112.61764293762207,-8.072949314524879,0.04036474657262439,0.0,-0.010091186643156098,411.5754484533773,0.0,6.054711985893658,149.78515076532773,250.11778093035946,112.61764293762207,-0.030273559929468292,9.082067978840485,-8.072949314524879,0.04036474657262439,-0.010091186643156096,2.0182373286312214,40.36474657262439,-0.020182373286312196,-0.04036474657262439,0.010091186643156098,1000.0,0.0,591.9605962766713,109.3768107990437,148.91829851925482,0.0,373.0817210930371,-1000.0,0.0,-102.5473757590295,-297.185911793348,720.7279092424322,0.0,51.27368787951475,-74.45914925962741,148.592955896674,0.0,500.0,0.0,-110.69018135316428,0.0,-720.7279092424322,-110.69018135316428,-373.0817210930371,208.74147116146196,0.0,1496.5981,bhi
89,0.0,0.0,0.0,0.0,0.0,0.0,0.0,0.0,-0.16713124653089823,0.0,0.0,0.0,0.0,0.0,0.0,0.0,69.58519789739432,-775.6166737706117,0.0,1000.0,0.0,0.0,0.0,0.0,0.0,0.0,0.0,0.0,0.0,496.12927314931295,0.0,0.0,0.0,0.0,0.0,0.0,0.0,-61.527414286086966,0.0,-1000.0,949.8606260407305,0.0,0.0,807.4526028323667,0.0,0.0,0.0,0.0,-499.77090882687685,0.0,0.0,0.0,0.0,0.18384437118415334,0.0,0.0,0.0,33.42624930617964,0.0,0.0,41.76902752497253,0.0,45.58965441622121,-118.43894042486542,942.2184520926335,0.0,0.0,0.0,0.0,779.2793130635873,0.0,1.6713124653089821,0.0,0.0,0.0,0.0,0.0,0.0,0.0,0.0,0.0,0.0,-30.27113936070258,0.0,100.27874791853893,0.0,0.0,974.963821107082,388.5899009170947,0.0,-0.041782811632724556,0.0,0.0,0.0,50.13937395926946,0.0,50.13937395926946,0.0,0.0,0.0,0.0,8.35656232654491,496.12927314931295,0.0,0.0,-146.4135419964352,0.0,131.50190216817435,0.0,0.0,0.0,0.0,0.0,0.0,0.0,0.0,0.0,0.0,0.0,0.0,0.0,0.0,0.0,0.0,-1000.0,0.0,0.0,50.13937395926946,0.0,51.81068642457845,0.0,0.0,0.0,0.0,0.0,0.0,-7.39637943375016,0.0,0.0,-198.401242932309,0.0,0.0,0.0,0.0,0.0,43.14024534358174,0.16713124653089823,0.0,0.0,0.0,-1000.0,0.0,0.0,0.0,30.27113936070258,0.0,1000.0,0.0,0.0,0.0,0.0,0.0,307.8053438471707,307.8053438471707,0.0,0.0,0.0,0.0,-744.6591103274142,0.0,0.0,307.97247509370163,0.0,0.0,0.0,0.0,-786.354206320088,0.0,0.0,0.0,0.0,0.0,0.0,0.0,0.0,0.0,0.0,0.0,0.0,0.0,0.0,-823.2561954235706,0.0,0.0,0.0,0.0,0.0,0.0,0.0,-388.5899009170947,388.5899009170947,205.79762236605916,0.0,0.0,0.0,0.0,0.0,0.0,0.0,372.4860491072887,0.0,0.0,0.0,0.0,0.0,0.0,0.0,0.0,0.0,0.0,0.0,0.0,0.0,0.0,322.7826597832529,-65.94356221983048,0.0,0.0,0.0,0.0,207.62587636338355,0.0,0.0,0.0,0.0,41.76902752497253,-873.396165052197,0.0,0.0,0.0,0.0,0.0,0.0,0.0,0.0,5.38162613829346,0.0,0.0,0.0,-71.3531776862933,705.8266241478962,86.60301136311045,0.0,65.94356221983048,0.0,0.0,205.79762236605916,-796.0998792323041,0.0,0.0,0.0,-64.24814731791218,0.0,0.0,-1000.0,0.0,144.63970242439564,-1000.0,0.0,144.63970242439564,0.0,0.0,-639.399486967912,0.0,0.0,52.872679091763246,0.0,0.0,0.0,-1000.0,0.0,1000.0,0.0,307.6382126006398,0.0,0.0,0.0,0.0,0.0,0.0,41.76902752497253,-0.2506968697963473,0.0,0.0,0.0,0.0,0.16713124653089823,0.0,0.0,0.0,354.31169659656496,69.58519789739432,0.0,-583.6086167914199,68.74970927941592,786.354206320088,1000.0,0.0,0.0,0.0,-146.4135419964352,0.0,0.0,0.0,320.0018341071957,679.9981658928043,-1000.0,-1000.0,-85.85389164239696,0.0,0.0,0.0,0.0,0.0,0.0,0.0,0.0,0.0,0.0,0.0,0.0,0.0,0.0,0.0,0.0,0.0,119.12718791474423,0.0,234.48777390122672,30.27113936070258,0.0,0.0,0.0,0.0,0.0,-48.52187148187521,0.0,0.0,0.0,0.0,0.0,0.0,0.0,464.89978892095155,76.56595896923068,-679.9981658928043,-263.65909175943506,0.0,495.78280914099616,-55.21686702835677,0.0,-473.25635124749647,0.0,-80.74424013250314,-8.35656232654491,0.0,0.0,259.0487580863852,290.00365024921183,0.0,50.13937395926946,0.0,0.0,0.0,712.4186806427116,0.0,0.0,0.0,0.0,0.0,0.0,31.303777305864344,0.0,0.0,0.0,0.0,0.0,0.0,0.0,0.0,-122.25956731611411,0.0,0.0,0.0,0.0,0.0,0.0,0.0,-727.3567141760166,0.33426249306183853,0.0,0.0,0.0,0.0,0.0,0.0,0.0,0.0,0.0,779.2793130635873,0.0,0.0,0.0,0.0,0.0,0.0,0.0,0.0,0.0,0.18384437118415334,0.18384437118415334,0.0,126.85898228192274,0.0,100.27874791853893,0.0,0.0,0.0,1000.0,0.0,0.0,0.0,0.0,0.0,1000.0,-1000.0,0.0,0.0,0.0,0.0,0.0,0.0,0.0,0.0,0.0,0.0,0.0,0.0,0.0,333.3333333333333,-354.31169659656496,1000.0,0.0,12.869105982879162,0.0,586.5765012705573,-586.5765012705573,-1000.0,0.0,763.8259810250836,0.0,272.64328582398343,0.0,-875.0000000000703,875.0000000000703,0.0,0.0,0.0,0.0,0.0,0.0,0.0,0.0,0.0,0.0,0.0,0.0,0.0,0.0,100.27874791853893,205.79762236605916,205.79762236605916,0.0,0.0,0.0,0.0,0.0,0.0,0.0,0.0,0.0,0.0,1.6713124653089821,0.0,0.0,0.0,0.0,0.0,0.0,0.0,0.0,50.13937395926946,0.0,0.0,0.0,0.0,0.0,0.0,0.0,0.0,0.0,0.0,-910.5543942543268,1000.0,0.0,50.13937395926946,50.13937395926946,-426.8037042298306,-1000.0,0.0,0.0,0.0,0.0,0.0,0.0,0.0,-120.83898458606757,0.0,0.0,0.16713124653089823,0.0,0.0,0.0,220.72068693641268,105.16310448711806,0.0,0.0,0.0,0.0,0.0,0.0,0.0,0.0,18.16723222883972,0.0,0.0,0.0,0.0,0.0,0.0,0.0,0.16713124653089823,0.0,0.0,0.0,-1000.0,1000.0,0.0,0.0,0.0,0.0,0.0,680.7810657569526,0.0,-729.3029372388278,115.3605859864825,-12.534843489817368,-8.35656232654491,0.0,0.0,0.0,0.0,0.0,0.0,0.0,0.0,0.0,0.0,0.0,0.0,205.79762236605916,786.354206320088,0.0,0.0,267.4053204129301,0.0,0.0,0.0,-0.16713124653089823,0.0,0.0,0.16713124653089823,0.0,0.16713124653089823,54.50169668651915,0.0,0.0,100.27874791853893,203.9001207676958,203.9001207676958,0.0,0.0,0.0,0.0,0.0,0.0,0.0,1000.0,0.0,0.0,0.0,0.0,0.0,334.3918344335061,0.0,0.0,0.0,0.0,0.0,0.0,0.0,0.0,0.0,0.0,0.0,0.0,0.0,413.4234987294427,0.0,0.0,0.0,0.2506968697963473,0.0,0.0,0.0,-50.13937395926946,0.0,0.0,0.0,0.0,0.0,-126.85898228192274,8.35656232654491,0.0,0.0,0.0,0.0,744.6591103274142,-680.7810657569526,0.0,0.0,0.0,0.0,0.0,0.0,0.0,0.0,205.79762236605916,0.0,0.0,0.0,126.85898228192274,0.0,-33.42624930617964,-41.25043750931715,0.0,-729.3029372388278,729.3029372388278,0.0,30.27113936070258,-1000.0,0.0,8.35656232654491,332.26046500416953,0.0,0.0,0.0,-122.25956731611411,-937.5000000000356,937.5000000000356,-62.50000000007638,62.50000000007638,0.0,0.0,0.0,0.0,0.0,-25.069686979634774,0.0,203.9001207676958,0.0,-802.5354094773227,-802.5354094773227,802.5354094773227,0.0,0.0,0.0,0.0,0.0,5.38162613829346,0.0,0.0,164.46351275137488,-1000.0,424.92491501296115,0.0,50.13937395926946,0.0,0.0,0.0,0.0,-26.50436328966191,0.0,0.0,0.18384437118415334,0.0,0.0,0.0,101.9500603838479,0.0,0.0,0.0,0.0,322.7826597832529,0.0,0.0,0.0,0.0,0.0,0.0,0.0,0.0,118.18027061771033,0.0,0.01671312465308982,0.01671312465308982,0.0,0.0,0.0,0.0,0.0,54.50169668651915,0.0,0.0,0.0,0.0,0.0,0.0,0.0,0.0,0.0,126.85898228192274,0.0,0.0,0.0,0.0,0.0,0.0,0.0,0.0,0.0,0.0,0.0,0.0,0.0,0.0,-775.6166737706117,0.0,0.0,0.0,100.27874791853893,0.0,0.0,0.0,0.0,0.0,0.0,-100.27874791853893,0.0,0.0,0.0,0.0,0.0,0.0,0.0,0.0,0.0,0.0,0.0,0.0,914.146108357603,-624.7097114367546,448.8767383071714,-50.13937395926946,0.0,0.0,-116.02911097260612,0.0,0.0,0.0,0.0,0.0,0.0,0.0,0.0,0.0,0.0,0.0,0.0,0.0,0.0,0.0,0.0,0.0,-20.89140581636228,205.79762236605916,-12.534843489817368,321.85699094368874,0.0,0.0,0.0,0.0,0.0,-2.0891405816362276,0.0,152.5307066768167,0.0,0.0,0.0,0.0,0.0,0.0,0.0,1000.0,50.13937395926946,50.13937395926946,0.0,0.0,0.0,0.0,0.0,0.18384437118415334,126.85898228192274,0.0,0.0,61.527414286086966,0.0,0.0,0.0,0.0,0.0,0.0,0.0,0.0,0.0,0.0,0.0,0.0,0.0,0.0,27.250848343259577,0.0,0.0,0.0,0.0,175.48780885744313,12.869105982879162,0.0,0.0,0.0,0.0,0.0,126.85898228192274,0.0,672.4245034304075,0.0,0.0,0.0,-20.89140581636228,0.0,0.0,0.0,0.0,0.0,0.0,0.0,0.0,0.0,0.0,0.0,0.0,0.0,0.0,0.0,0.0,0.0,0.0,-0.16713124653089823,0.0,0.0,8.35656232654491,-1000.0,0.0,0.0,0.0,0.0,205.79762236605916,0.0,0.0,0.0,-320.0018341071957,4.178281163272455,0.0,0.0,0.0,0.16713124653089823,0.0,167.1312465308982,-51.81068642457844,33.42624930617964,1.1937946180778443,466.296177821206,-0.12534843489817366,8.356562326544918,3.3426249306179643,53.66604045386464,-466.296177821206,50.13937395926946,-0.16713124653089823,48.804513998811736,0.0,0.041782811632724556,1.1937946180778443,-146.4135419964352,-26.607294447717663,-3.3426249306179643,-293.96852412678254,-0.16713124653089823,0.041782811632724556,-466.296177821206,16.71312465308982,0.16713124653089823,0.1671312465308982,-126.50800666420768,0.18384437118398805,-329.366525696028,-0.12534843489817366,50.13937395926946,0.16713124653089823,50.13937395926946,-83.5656232654491,-0.08356562326544911,-377.8063903111015,-224.50613226300428,-0.12534843489817366,-0.16713124653089823,-51.81068642457844,0.16713124653089823,16.71312465308982,-3.3426249306179643,413.4234987294427,413.4234987294427,-16.71312465308982,293.96852412678254,-413.4234987294427,33.42624930617964,0.2506968697963473,99.06209821538391,16.71312465308982,-333.3333333333333,0.0,-33.42624930617964,0.08356562326544911,1.6713124653089821,145.90215419785497,160.28523158810236,-0.1671312465308982,-164.46351275137488,126.50800666420768,51.81068642457845,0.16713124653089823,26.607294447717663,-200.55749583707797,0.0,-0.1671312465308982,-0.041782811632724556,0.0,-0.16713124653089823,-727.3567141760166,0.1671312465308982,-0.041782811632724556,-0.041782811632724556,-0.041782811632724556,66.85249861235928,83.5656232654491,1.6713124653089821,194.16720163052338,-0.041782811632724556,242.9997943968982,8.35656232654491,372.0349194145532,0.1671312465308982,0.08356562326544911,0.08356562326544911,16.71312465308982,51.81068642457844,0.1671312465308982,-51.81068642457844,1.6713124653089821,0.16713124653089823,-334.85488034441477,0.16713124653089823,0.6685249861236144,-53.66604045386464,0.08356562326544911,0.041782811632724556,50.13937395926946,-0.16713124653089823,329.366525696028,1.6713124653089821,-388.33440326104676,4.17828116327245,-16.71312465308982,33.42624930617964,8.35656232654491,-0.16713124653089823,146.4135419964352,0.2506968697963473,-0.16713124653089823,-33.42624930617964,51.81068642457844,538.5842732055972,0.08356562326544911,-744.0698388291064,-0.16713124653089823,-0.1671312465308982,-0.16713124653089823,0.08356562326544911,466.296177821206,-33.42624930617964,0.16713124653089823,291.80430839570994,-0.041782811632724556,-0.18384437118398805,-291.80430839570994,25.06968697963473,224.50613226300428,-636.4935361885763,466.296177821206,-0.12534843489817366,164.46351275137488,-160.28523158810236,0.16713124653089823,-0.04178281163272454,8.35656232654491,167.1312465308982,-0.08356562326544911,-0.16713124653089823,0.041782811632724556,1000.0,0.0,-99.14566383864936,140.6876787138914,-607.0916075666692,0.0,373.7377142031458,-44.94403805765018,0.0,-104.46556183244176,-735.8982697454385,1000.0,0.0,52.23278091622088,303.5458037833346,367.94913487271924,0.0,22.47201902882509,-126.85898228192274,-512.0799099159353,0.0,-1000.0,-512.0799099159353,-373.7377142031458,278.79104269356696,0.0,1496.5981,bhi
90,0.0,0.0,0.0,0.0,0.0,0.0,0.0,0.0,-0.1174940813274501,0.0,0.0,0.0,0.0,0.0,0.0,0.0,16.247281582888576,196.7326234868839,0.0,0.0,0.0,0.0,0.0,0.0,0.0,0.0,0.0,0.0,0.0,-302.386906328364,259.9595096398656,-259.9595096398656,0.0,0.0,0.0,0.0,0.0,999.5300236746905,0.0,-1000.0,964.751775601765,0.0,0.0,835.4782893988012,0.0,0.0,49.017677330209494,0.0,1000.0,0.0,0.0,549.3386646533258,0.0,0.1292434894603113,0.0,0.0,0.0,23.49881626549002,0.0,0.0,-44.78186543821073,0.0,400.76585016118406,199.3281351110287,0.0,0.0,0.0,0.0,674.1791192607753,280.81016524016684,0.0,1.1749408132745012,0.0,0.0,0.0,0.0,0.0,0.0,0.0,832.3811069416519,0.0,0.0,0.0,0.0,70.49644879647006,0.0,0.0,-784.3016454097824,0.0,86.16294540974857,-0.029373520331862527,0.0,0.0,-1000.0,35.24822439823503,0.0,35.24822439823503,0.0,0.0,0.0,0.0,5.874704066372505,-302.386906328364,0.0,0.0,-76.62894721183547,0.0,0.0,0.0,0.0,0.0,0.0,0.0,0.0,0.0,0.0,0.0,0.0,0.0,0.0,0.0,0.0,0.0,0.0,-304.72779077048403,0.0,0.0,35.24822439823503,0.0,36.423165211509534,0.0,0.0,450.4916527158946,0.0,-450.4916527158946,450.4916527158946,0.0,0.0,0.0,-156.65584961194463,0.0,0.0,0.0,0.0,0.0,9.04704426221366,0.1174940813274501,0.0,0.0,0.0,-1000.0,0.0,0.0,0.0,0.0,0.0,932.798768599931,0.0,0.0,0.0,0.0,0.0,691.1403071112524,691.1403071112524,0.0,0.0,0.0,437.5,76.62894721183547,0.0,0.0,951.2173108324454,0.0,0.0,0.0,723.9584083965569,0.0,0.0,0.0,0.0,0.0,0.0,0.0,0.0,0.0,0.0,-985.6726004418636,0.0,0.0,0.0,0.0,-1000.0,0.0,0.0,0.0,0.0,0.0,0.0,-549.3386646533258,-13.52883206244346,13.52883206244346,0.0,0.0,0.0,0.0,0.0,0.0,0.0,0.0,-1000.0,0.0,0.0,0.0,0.0,0.0,0.0,0.0,0.0,0.0,0.0,0.0,0.0,0.0,144.5681314079884,46.99763253098004,-164.52171060119883,0.0,0.0,0.0,156.65584961194463,0.0,0.0,0.0,0.0,0.0,-44.78186543821073,-1000.0,259.9595096398656,0.0,456.6524964872681,0.0,0.0,0.0,0.0,0.0,646.883317133908,0.0,0.0,0.0,102.23398587064598,115.76281793308944,-347.16914212555173,0.0,164.52171060119883,0.0,0.0,156.65584961194463,-741.0271266516728,0.0,0.0,0.0,-107.38664664041028,0.0,0.0,-730.2904680836099,0.0,0.0,-730.2904680836099,0.0,0.0,-13.52883206244346,0.0,516.8441014875486,0.0,0.0,327.8084869035858,0.0,0.0,0.0,-1000.0,0.0,1000.0,0.0,1000.0,0.0,156.65584961194463,0.0,437.49999999999994,0.0,0.0,-44.78186543821073,-0.17624112199117514,0.0,0.0,0.0,0.0,0.1174940813274501,0.0,0.0,0.0,317.86845846785695,16.247281582888576,0.0,-111.38387572322324,-47.11512661230749,0.0,1000.0,0.0,-308.54528295506555,0.0,-76.62894721183547,0.0,0.0,0.0,458.96698031411375,849.5783026409518,-1000.0,-55.483818725591064,-1000.0,0.0,0.0,0.0,0.0,0.0,0.0,0.0,0.0,0.0,0.0,0.0,0.0,0.0,0.0,0.0,0.0,456.6524964872681,0.0,0.0,-1000.0,0.0,0.0,383.14049807529904,794.6753716329888,0.0,0.0,-395.9708517562561,0.0,0.0,0.0,0.0,0.0,-523.7574219017272,937.5,69.74105106250656,0.0,-1000.0,-926.3410319438823,-5.874704066372505,0.0,372.7109987761811,-937.5,-472.9534409453735,294.147467909562,-2.9373520331862526,0.0,661.9095124853354,0.0,1000.0,0.0,-434.69356758578965,35.24822439823503,1000.0,-1000.0,0.0,760.5765493498037,0.0,0.0,0.0,-144.5681314079884,144.5681314079884,144.5681314079884,-1000.0,0.0,0.0,0.0,0.0,0.0,0.0,0.0,0.0,-246.2195804883661,0.0,0.0,0.0,0.0,0.0,0.0,0.0,-988.250591867255,0.23498816265475853,0.0,0.0,0.0,0.0,0.0,0.0,0.0,0.0,0.0,401.2256408215858,0.0,0.0,0.0,0.0,0.0,0.0,0.0,0.0,0.0,0.1292434894603113,0.1292434894603113,259.9595096398656,0.0,0.0,70.49644879647006,0.0,0.0,0.0,1000.0,0.0,0.0,0.0,0.0,0.0,626.4010682998273,-1000.0,0.0,0.0,0.0,0.0,0.0,0.0,0.0,0.0,0.0,0.0,0.0,0.0,0.0,101.57593025682802,-317.86845846785695,1000.0,0.0,9.04704426221366,0.0,-1000.0,0.0,0.0,0.0,626.4010682998273,0.0,0.0,-361.8495235674276,0.0,0.0,144.5681314079884,0.0,0.0,0.0,0.0,0.0,0.0,0.0,0.0,0.0,0.0,0.0,0.0,0.0,70.49644879647006,156.65584961194463,156.65584961194463,0.0,0.0,0.0,0.0,0.0,0.0,0.0,0.0,0.0,0.0,1.1749408132745012,0.0,259.9595096398656,0.0,0.0,259.9595096398656,-549.3386646533258,0.0,0.0,35.24822439823503,0.0,0.0,0.0,0.0,0.0,0.0,0.0,0.0,0.0,0.0,0.0,-867.1070119677048,0.0,35.24822439823503,35.24822439823503,961.8144235685787,-1000.0,0.0,0.0,0.0,0.0,0.0,0.0,0.0,891.1446773429966,0.0,1000.0,0.1174940813274501,0.0,0.0,-174.35574931670772,329.5234685783667,0.0,0.0,1000.0,0.0,0.0,0.0,0.0,0.0,0.0,0.0,0.0,0.0,0.0,0.0,0.0,0.0,0.0,0.1174940813274501,0.0,0.0,0.0,-1000.0,1000.0,0.0,0.0,0.0,0.0,-18.705057747329533,5.874704066372505,0.0,0.0,-1000.0,-8.812056099558758,-5.874704066372505,0.0,0.0,0.0,0.0,0.0,0.0,0.0,0.0,0.0,0.0,0.0,0.0,156.65584961194463,0.0,0.0,0.0,571.1811364805828,0.0,0.0,0.0,-0.1174940813274501,0.0,0.0,0.1174940813274501,0.0,0.1174940813274501,0.0,553.7636436793564,0.0,70.49644879647006,143.34277921948913,143.34277921948913,0.0,0.0,0.0,0.0,0.0,0.0,0.0,1000.0,0.0,0.0,0.0,0.0,469.0832207164073,0.0,0.0,0.0,0.0,0.0,0.0,0.0,0.0,0.0,0.0,0.0,0.0,0.0,0.0,0.0,0.0,0.0,0.0,0.17624112199117514,0.0,0.0,0.0,-35.24822439823503,0.0,0.0,0.0,0.0,0.0,0.0,5.874704066372505,0.0,0.0,0.0,-437.49999999999994,-76.62894721183547,377.26579400892655,0.0,0.0,0.0,0.0,0.0,0.0,0.0,0.0,156.65584961194463,0.0,0.0,0.0,-144.5681314079884,0.0,-23.49881626549002,-76.62894721183547,0.0,0.0,0.0,0.0,0.0,-884.369905871162,0.0,5.874704066372505,1000.0,0.0,0.0,-259.9595096398656,-246.2195804883661,0.0,0.0,-312.50000000026506,312.50000000026506,0.0,0.0,0.0,0.0,0.0,994.4846565414223,-26.436168298676193,143.34277921948913,0.0,0.0,0.0,259.9595096398656,0.0,0.0,0.0,0.0,0.0,646.883317133908,0.0,0.0,0.0,-556.3933600832447,741.7203244590586,0.0,35.24822439823503,0.0,0.0,0.0,0.0,-365.3561986952816,0.0,0.0,0.1292434894603113,0.0,0.0,0.0,71.67138960974457,0.0,0.0,0.0,0.0,46.99763253098004,0.0,0.0,0.0,0.0,0.0,0.0,0.0,0.0,0.0,0.0,0.01174940813274501,0.01174940813274501,0.0,0.0,0.0,0.0,0.0,0.0,0.0,0.0,0.0,-174.35574931670772,259.9595096398656,0.0,0.0,0.0,0.0,0.0,0.0,0.0,0.0,0.0,0.0,0.0,0.0,0.0,0.0,0.0,0.0,0.0,0.0,1000.0,196.7326234868839,0.0,0.0,0.0,70.49644879647008,0.0,0.0,0.0,0.0,0.0,423.8953155859017,-494.3917643823718,0.0,0.0,0.0,0.0,0.0,0.0,0.0,0.0,0.0,259.9595096398656,259.9595096398656,0.0,-1000.0,533.2739522890415,549.5666664257107,0.0,-35.24822439823503,0.0,999.5300236746905,0.0,0.0,0.0,0.0,0.0,0.0,0.0,0.0,0.0,0.0,0.0,0.0,0.0,0.0,0.0,0.0,0.0,-14.686760165931263,156.65584961194463,-8.812056099558758,486.70733291552483,0.0,0.0,0.0,0.0,0.0,-1.4686760165931263,0.0,246.2195804883661,0.0,0.0,0.0,0.0,0.0,0.0,0.0,1000.0,35.24822439823503,35.24822439823503,0.0,0.0,0.0,0.0,832.3811069416519,0.1292434894603113,0.0,0.0,0.0,-999.5300236746905,0.0,0.0,0.0,0.0,0.0,0.0,0.0,0.0,0.0,0.0,0.0,0.0,0.0,0.0,276.8818218396782,0.0,0.0,0.0,0.0,123.3687853938226,9.04704426221366,0.0,0.0,0.0,0.0,0.0,0.0,0.0,0.0,0.0,0.0,0.0,-14.686760165931263,0.0,0.0,0.0,0.0,0.0,0.0,0.0,0.0,0.0,0.0,0.0,0.0,0.0,0.0,0.0,0.0,0.0,0.0,-0.1174940813274501,0.0,0.0,5.874704066372505,-626.4010682998273,0.0,0.0,0.0,0.0,156.65584961194463,0.0,0.0,0.0,-458.96698031411375,2.9373520331862526,0.0,0.0,0.0,0.1174940813274501,0.0,117.49408132745009,-36.423165211509534,23.49881626549002,0.8392434380532149,327.8084869035858,-0.08812056099558757,403.2123898828669,2.3498816265490023,-0.5874704066369532,-327.8084869035858,35.24822439823503,-0.11749408132745011,25.542982403945157,0.0,0.029373520331862527,0.839243438053215,-76.62894721183547,-18.705057747329533,257.6096280133166,-212.97990506977249,-0.11749408132745011,0.029373520331862527,-327.8084869035858,11.74940813274501,0.11749408132745011,0.1174940813274501,0.24673757078776143,0.12924348946019512,-834.9926974435841,-0.08812056099558757,35.24822439823503,0.11749408132745011,35.24822439823503,-58.74704066372505,-0.058747040663725054,55.45182326732398,-11.86690221407246,-0.08812056099558757,-0.11749408132745011,-36.423165211509534,0.1174940813274501,11.74940813274501,-2.3498816265490023,0.0,0.0,-11.74940813274501,212.97990506977249,0.0,23.49881626549002,0.17624112199117514,-1000.0,11.74940813274501,-101.57593025682802,0.0,-23.49881626549002,0.058747040663725054,1.1749408132745012,27.84596893080581,-121.06931514249838,-0.1174940813274501,-26.436168298676193,-0.24673757078776143,36.423165211509534,0.11749408132745011,18.705057747329533,-140.9928975929402,0.0,-0.1174940813274501,-0.029373520331862527,0.0,-0.11749408132745011,-988.250591867255,0.11749408132745011,-0.029373520331862527,-0.029373520331862527,-0.029373520331862527,46.99763253098004,58.74704066372505,1.1749408132745012,87.04842750347422,-0.029373520331862527,30.148955457666464,5.874704066372505,500.0,0.1174940813274501,0.058747040663725054,0.058747040663725054,-66.57851667322731,36.423165211509534,0.1174940813274501,-36.423165211509534,1.1749408132745012,0.11749408132745011,-87.04842750347422,0.11749408132745011,0.46997632530951705,0.5874704066369532,0.058747040663725054,0.029373520331862527,35.24822439823503,-0.11749408132745011,834.9926974435841,-128.8048140066583,-174.09685500694843,400.27503784968064,-11.74940813274501,23.49881626549002,5.874704066372505,-0.11749408132745011,76.62894721183547,0.17624112199117514,-0.11749408132745011,133.15703334645463,36.423165211509534,672.1749318071811,0.058747040663725054,-1000.0,-0.11749408132745011,-0.11749408132745011,-0.11749408132745011,0.058747040663725054,327.8084869035858,-23.49881626549002,0.1174940813274501,55.69193786161162,-0.029373520331862527,-0.12924348946019512,-55.69193786161162,17.624112199117512,11.86690221407246,743.5612576267855,327.8084869035858,-0.08812056099558757,26.436168298676193,121.06931514249838,0.11749408132745011,-0.02937352033186253,5.874704066372505,117.49408132745009,-0.058747040663725054,-0.11749408132745011,0.029373520331862527,15.233722727376076,0.0,927.307139612031,0.0,-653.0433595256078,0.0,-294.6422258752244,-79.22556640917223,0.0,-1000.0,292.5535815965418,1000.0,-72.63411334730512,500.0,326.5216797628039,-146.2767907982709,0.0,39.612783204586115,0.0,-306.8187331118995,72.63411334730512,-1000.0,-306.8187331118995,294.6422258752244,-82.69936820751462,0.0,1496.5981,bhi
91,0.0,0.0,0.0,0.0,0.0,0.0,0.0,0.0,10.44793415259872,0.0,0.0,0.0,0.0,0.0,0.0,0.0,0.0,0.0,0.0,340.0534657131193,0.0,0.0,0.0,0.0,0.0,439.6399895601518,0.0,0.0,0.0,-585.303707477036,0.0,0.0,0.0,0.0,0.0,0.0,0.0,-33.10498465616897,0.0,369.3044111559966,408.67417243946494,0.0,0.0,-363.4689526844053,0.0,0.0,0.0,0.0,-51.22733983855869,0.0,0.0,0.0,0.0,0.2079300520855938,0.0,0.0,0.0,37.805464015419474,0.0,0.0,-16.647005988123038,0.0,-782.5533584469762,-799.2003644350992,0.0,0.0,0.0,0.0,0.0,0.0,0.0,1.890273200770974,0.0,0.0,0.0,0.0,0.0,0.0,0.0,0.0,0.0,0.0,0.0,0.0,113.41639204625844,0.0,0.0,721.2540726951183,670.0267328565596,0.0,827.0364900097936,0.0,0.0,140.09000260996206,56.70819602312922,0.0,56.70819602312922,0.0,0.0,0.0,0.0,9.451366003854869,-585.303707477036,0.0,0.0,0.0,0.0,519.9101153699987,0.0,0.0,0.0,0.0,0.0,0.0,0.0,0.0,0.0,0.0,0.0,0.0,0.0,0.0,0.0,0.0,-1000.0,0.0,0.0,56.70819602312922,0.0,58.59846922390019,16.782452920268213,0.0,0.0,837.4446957025004,-837.4446957025004,837.4446957025004,0.0,570.1142414252683,-570.1142414252683,0.0,0.0,0.0,0.0,0.0,0.0,14.555103645936498,0.18902732007709738,827.0837468398129,0.0,0.0,-553.5550372222847,0.0,0.0,0.0,0.0,0.0,1000.0,0.0,0.0,0.0,0.0,0.0,45.13918363029539,45.13918363029539,0.0,0.0,0.0,0.0,0.0,0.0,0.0,45.32821095037249,0.0,0.0,0.0,-421.4665150196168,0.0,0.0,0.0,0.0,0.0,0.0,0.0,0.0,0.0,0.0,0.0,0.0,0.0,0.0,0.0,-893.4790285300926,0.0,0.0,0.0,0.0,0.0,0.0,0.0,-670.0267328565596,670.0267328565596,0.0,0.0,0.0,0.0,0.0,0.0,0.0,0.0,-104.69121543791027,0.0,0.0,0.0,0.0,0.0,0.0,0.0,0.0,0.0,0.0,0.0,0.0,0.0,0.0,-211.41122606000323,636.5310473155947,0.0,0.0,0.0,0.0,140.09000260996206,0.0,0.0,0.0,0.0,-16.647005988123038,1000.0,0.0,0.0,896.2715840398312,0.0,0.0,0.0,0.0,0.0,242.6651296803143,0.0,0.0,0.0,-394.7859440465331,945.2675216665863,0.0,0.0,-636.5310473155947,0.0,0.0,0.0,1000.0,0.0,0.0,0.0,-19.05080340843682,0.0,0.0,32.13034733720022,205.10087748223785,-692.4272229586644,827.0294698549624,-1000.0,102.47189955909778,0.0,0.0,-1000.0,0.0,0.0,420.861126245676,0.0,0.0,0.0,-956.6523923221353,0.0,956.6523923221353,0.0,78.32127343491526,0.0,0.0,11.084968493887914,0.0,0.0,0.0,-16.647005988123038,-0.28354098011564605,0.0,0.0,0.0,0.0,0.18902732007709738,0.0,0.0,0.0,454.01570021668704,0.0,0.0,0.0,640.6629789626242,0.0,465.3823684625942,0.0,-554.3491901862345,0.0,0.0,0.0,0.0,0.0,854.2410334885494,-780.6345214760431,480.74267817372817,0.0,-1000.0,0.0,0.0,0.0,0.0,0.0,0.0,0.0,0.0,0.0,0.0,0.0,0.0,0.0,0.0,0.0,0.0,896.2715840398312,-1000.0,0.0,-967.6511246241388,0.0,0.0,236.57844997383117,0.0,0.0,0.0,-257.22023332625076,0.0,0.0,0.0,0.0,0.0,0.0,1000.0,0.0,-198.6149736441372,780.6345214760431,0.0,299.7445898853843,-605.784250404728,-1000.0,-1000.0,-9.451366003854867,0.0,193.88929064220977,-309.19595588923914,0.0,0.0,-122.86775805011331,1000.0,0.0,56.70819602312922,0.0,0.0,0.0,0.0,0.0,10.636961472675816,0.0,0.0,0.0,0.0,-571.8336517064986,0.0,0.0,-33.371117124696966,0.0,0.0,0.0,0.0,0.0,-33.29401197624607,0.0,-1000.0,0.0,0.0,0.0,0.0,0.0,-821.6744593054171,0.3780546401542539,0.0,0.0,0.0,0.0,0.0,0.0,0.0,0.0,0.0,0.0,0.0,0.0,0.0,0.0,0.0,0.0,0.0,0.0,0.0,0.2079300520855938,0.2079300520855938,0.0,0.0,0.0,113.41639204625844,0.0,0.0,0.0,1000.0,0.0,0.0,0.0,0.0,0.0,926.1916041879832,-1000.0,0.0,0.0,0.0,0.0,0.0,0.0,0.0,0.0,0.0,0.0,0.0,0.0,0.0,333.3333333333333,-454.01570021668704,553.5550372222847,0.0,153.2251611062599,0.0,0.0,140.09000260996206,0.0,0.0,926.1916041879832,0.0,104.51714488256607,0.0,-562.5000000000489,562.5000000000489,0.0,0.0,0.0,0.0,0.0,0.0,0.0,0.0,0.0,0.0,0.0,0.0,0.0,0.0,113.41639204625844,0.0,0.0,0.0,0.0,0.0,0.0,0.0,0.0,0.0,0.0,0.0,0.0,1.890273200770974,0.0,0.0,0.0,0.0,0.0,0.0,0.0,0.0,56.708196023129176,0.0,0.0,0.0,138.6700574603234,0.0,0.0,0.0,0.0,0.0,0.0,1000.0,0.0,0.0,56.70819602312922,56.70819602312922,1000.0,-1000.0,0.0,0.0,0.0,0.0,0.0,0.0,0.0,-414.696292522964,0.0,-393.2826476135634,0.18902732007709738,0.0,0.0,0.0,182.5077683836023,115.77618393179819,0.0,-140.09000260996206,0.0,0.0,0.0,0.0,0.0,0.0,0.0,0.0,0.0,0.0,0.0,0.0,0.0,0.0,0.18902732007709738,0.0,0.0,0.0,0.0,0.0,0.0,0.0,0.0,0.0,0.0,-20.64178335241962,0.0,0.0,32.34887537586121,-14.1770490057823,0.0,-9.451366003854861,0.0,0.0,0.0,0.0,0.0,0.0,0.0,0.0,0.0,0.0,0.0,0.0,0.0,0.0,0.0,-113.41639204625845,0.0,0.0,0.0,10.44793415259872,0.0,0.0,0.18902732007709738,0.0,0.18902732007709738,0.0,0.0,0.0,113.41639204625844,230.6133304940588,230.6133304940588,0.0,0.0,0.0,0.0,0.0,0.0,0.0,553.5550372222847,0.0,0.0,0.0,0.0,0.0,870.5162857471882,0.0,0.0,0.0,0.0,0.0,0.0,0.0,0.0,0.0,0.0,0.0,0.0,0.0,140.09000260996206,0.0,-1000.0,1000.0,0.28354098011564605,0.0,0.0,0.0,-56.708196023129176,0.0,0.0,0.0,0.0,0.0,0.0,9.451366003854869,0.0,0.0,0.0,0.0,0.0,257.22023332625076,-9.451366003854861,0.0,-1000.0,0.0,0.0,0.0,0.0,0.0,0.0,0.0,0.0,650.4884851774469,0.0,0.0,918.937199571727,115.77618393179819,0.0,0.0,0.0,0.0,0.0,769.3866695059412,0.0,9.451366003854861,1000.0,0.0,0.0,0.0,-33.29401197624607,0.0,0.0,0.0,0.0,0.0,0.0,0.0,0.0,0.0,-28.354098011564684,0.0,230.6133304940588,0.0,0.0,0.0,0.0,0.0,0.0,0.0,0.0,0.0,242.6651296803143,0.0,0.0,42.53114701734698,-182.5077683836023,0.0,0.0,56.70819602312922,0.0,0.0,0.0,0.0,-74.53211928943188,0.0,0.0,0.2079300520855938,0.0,0.0,0.0,115.3066652470294,0.0,0.0,0.0,0.0,-211.41122606000323,0.0,0.0,0.0,0.0,0.0,0.0,0.0,0.0,-209.42151221259104,0.0,0.018902732007709738,0.018902732007709738,0.0,0.0,0.0,0.0,0.0,0.0,0.0,0.0,0.0,0.0,0.0,0.0,0.0,0.0,0.0,0.0,0.0,0.0,0.0,0.0,0.0,0.0,0.0,0.0,0.0,0.0,0.0,0.0,0.0,-711.1738741254394,0.0,0.0,0.0,0.0,113.41639204625844,0.0,0.0,0.0,0.0,0.0,573.1623178754263,-686.5787099216848,0.0,0.0,0.0,0.0,0.0,0.0,0.0,0.0,0.0,0.0,0.0,0.0,393.2826476135634,-1000.0,1000.0,-1000.0,943.2918039768708,0.0,-33.10498465616897,0.0,0.0,0.0,0.0,0.0,0.0,0.0,0.0,0.0,0.0,0.0,0.0,0.0,0.0,0.0,0.0,0.0,-23.62841500963716,0.0,-14.1770490057823,856.3392367414059,0.0,0.0,0.0,0.0,0.0,-2.362841500963717,0.0,33.29401197624607,0.0,0.0,0.0,0.0,0.0,0.0,0.0,1000.0,56.70819602312922,56.70819602312922,0.0,0.0,0.0,0.0,0.0,0.2079300520855938,0.0,0.0,0.0,33.10498465616897,0.0,0.0,0.0,0.0,0.0,0.0,0.0,0.0,0.0,0.0,0.0,0.0,0.0,0.0,280.1800052199241,0.0,0.0,16.782452920268213,0.0,198.47868608095226,0.0,0.0,14.555103645936498,0.0,0.0,0.0,0.0,0.0,-20.64178335241962,0.0,0.0,0.0,-23.62841500963716,0.0,0.0,0.0,0.0,0.0,0.0,0.0,0.0,0.0,0.0,0.0,0.0,0.0,0.0,0.0,0.0,0.0,0.0,-0.18902732007709738,0.0,0.0,9.451366003854869,-926.1916041879832,0.0,0.0,0.0,0.0,0.0,0.0,0.0,0.0,-854.2410334885494,4.725683001927431,0.0,0.0,439.6399895601518,0.18902732007709738,0.0,189.02732007709736,-41.81601630363195,37.80546401541948,1.3501951434078383,560.9511288556381,-0.14177049005782302,9.451366003854867,3.7805464015419474,-0.9451366003848563,-560.9511288556381,56.70819602312922,-0.18902732007709738,0.0,0.0,0.047256830019274346,1.3501951434078383,0.0,-30.09314935627448,-3.7805464015419474,-340.0534657131193,-0.18902732007709738,0.047256830019274346,-560.9511288556381,504.976957083908,0.18902732007709738,0.18902732007709738,0.39695737216269117,0.2079300520848071,-705.898275373619,-0.14177049005782302,56.70819602312922,0.18902732007709738,56.708196023129176,-94.5136600385487,-0.09451366003854869,-294.10172462638104,-159.1817619377489,-0.14177049005782302,-0.18902732007709738,-41.81601630363195,0.18902732007709738,18.902732007709737,-3.7805464015419474,140.09000260996206,140.09000260996206,-18.902732007709744,340.0534657131193,-140.09000260996206,37.805464015419474,0.28354098011564605,-1000.0,18.902732007709737,-333.3333333333333,0.0,-37.805464015419474,0.09451366003854869,1.890273200770974,0.0,37.805464015419474,-0.18902732007709738,-42.53114701734698,-0.39695737216269117,58.59846922390019,0.18902732007709738,30.09314935627448,-712.9070091687153,0.0,-0.18902732007709738,-0.047256830019274346,0.0,-0.18902732007709738,-821.6744593054171,0.18902732007711498,-0.047256830019274346,-0.047256830019274346,-0.047256830019274346,75.61092803083895,94.5136600385487,1.890273200770974,337.2968172953284,-0.047256830019274346,0.0,9.451366003854869,420.2885956565634,0.18902732007709738,0.09451366003854869,0.09451366003854869,18.902732007709737,41.81601630363195,0.18902732007709738,-41.81601630363195,1.890273200770974,0.18902732007709738,-731.7992203617458,0.18902732007709738,0.7561092803077827,0.9451366003848563,0.09451366003854869,0.047256830019274346,56.70819602312922,-0.18902732007709738,705.898275373619,1.8902732007709737,-674.5936345906568,4.7256830019274325,-18.902732007709737,37.805464015419474,9.451366003854869,-0.18902732007709738,0.0,0.28354098011564605,-0.18902732007709738,-37.805464015419474,41.81601630363195,433.2913110208852,0.09451366003854869,-840.5771913131268,-0.18902732007709738,-0.18902732007711498,-0.18902732007709744,0.09451366003854869,560.9511288556381,-37.805464015419474,0.18902732007709738,0.0,-0.047256830019274346,-0.2079300520848071,0.0,28.354098011564602,159.1817619377489,208.06668697488718,560.9511288556381,-0.14177049005782302,42.53114701734698,-37.805464015419474,0.18902732007709738,-0.04725683001927434,9.451366003854861,189.02732007709736,-0.09451366003854869,-0.18902732007709738,0.047256830019274346,0.0,0.0,999.9054863399615,394.5024030664174,-1000.0,0.0,786.6141968789425,111.59868015809354,486.0742250761983,-331.55392243289225,418.2520037592809,-403.1876263648618,0.0,165.77696121644613,500.0,-209.12600187964046,-486.0742250761983,-55.79934007904677,0.0,-358.7591917314533,0.0,403.1876263648618,-358.7591917314533,-786.6141968789425,740.309237019974,0.0,1496.5981,bhi
92,0.0,0.0,0.0,0.0,0.0,0.0,0.0,0.0,-0.13911309491715929,0.0,0.0,0.0,0.0,0.0,0.0,0.0,-1000.0,1000.0,0.0,22.2208470997914,0.0,0.0,0.0,551.9451606087997,0.0,17.33678815897254,0.0,0.0,0.0,-1000.0,0.0,0.0,0.0,0.0,0.0,0.0,0.0,999.4435476203314,0.0,-1000.0,845.2212909526947,0.0,0.0,1000.0,0.0,0.0,325.1775686542362,0.0,1000.0,0.0,0.0,0.0,0.0,0.15302440440861742,0.0,0.0,0.0,27.822618983431855,0.0,0.0,-26.154639504661645,0.0,314.97402165326156,5.630278521068533,0.0,0.0,0.0,0.0,333.04477816294616,566.2891243507345,0.0,1.3911309491715929,0.0,0.0,0.0,0.0,0.0,0.0,0.0,679.50614561087,0.0,0.0,302.746399095476,0.0,83.46785695029557,0.0,108.2997808214673,-665.2390940875508,312.74872845503353,1000.0,-0.03477827372928982,0.0,0.0,-853.3220927457387,41.733928475147785,0.0,212.8629715455388,0.0,528.9027377571344,0.0,302.746399095476,6.955654745857964,-1000.0,0.0,0.0,0.0,0.0,0.0,0.0,0.0,0.0,0.0,0.0,0.0,0.0,0.0,0.0,0.0,0.0,0.0,0.0,0.0,0.0,0.0,-968.9961508047732,0.0,0.0,212.8629715455388,0.0,43.125059424319375,0.0,0.0,0.0,0.0,0.0,0.0,-845.2822187459869,0.0,0.0,562.0931151184556,0.0,0.0,0.0,0.0,0.0,-183.73490996538743,0.13911309491715929,0.0,0.0,0.0,0.0,-516.0754882764328,0.0,0.0,0.0,0.0,1000.0,0.0,0.0,0.0,0.0,0.0,999.8608869050829,999.8608869050829,0.0,0.0,0.0,0.0,0.0,0.0,0.0,1000.0,0.0,0.0,0.0,342.7597849694378,0.0,0.0,0.0,0.0,0.0,0.0,0.0,0.0,0.0,0.0,0.0,0.0,0.0,0.0,0.0,-1000.0,0.0,0.0,0.0,0.0,0.0,0.0,0.0,-687.4599411873422,687.4599411873422,106.61490090547142,0.0,0.0,0.0,0.0,0.0,0.0,0.0,-1000.0,0.0,0.0,0.0,0.0,0.0,0.0,0.0,0.0,0.0,0.0,0.0,0.0,0.0,0.0,-257.15023068631245,1000.0,0.0,0.0,0.0,0.0,40.063006348789855,0.0,0.0,0.0,0.0,-26.154639504661645,0.0,0.0,0.0,0.0,0.0,0.0,0.0,0.0,0.0,926.7129647952196,0.0,171.12904307039102,0.0,-0.20866964237575303,1000.0,-352.69903527489305,0.0,-1000.0,0.0,0.0,283.1891036275314,-168.24274993234332,0.0,0.0,0.0,-162.5665397026451,0.0,0.0,-387.5681590302559,-387.56815903025586,0.0,0.0,0.0,387.56815903025586,-374.7112127323087,0.0,0.0,0.0,0.0,241.4476275646131,0.0,0.0,0.0,-1000.0,0.0,1000.0,0.0,1000.0,176.57420272205997,0.0,0.0,0.0,0.0,0.0,-26.154639504661645,-0.2086696423757389,0.0,0.0,0.0,0.0,0.13911309491715929,0.0,0.0,0.0,-286.2538435950197,-1000.0,0.0,-203.21366888118897,-354.9141770993937,0.0,1000.0,0.0,0.0,0.0,0.0,0.0,0.0,0.0,-11.977637472367153,949.8594342136532,-937.881796741286,806.1663952216346,-1000.0,0.0,0.0,0.0,0.0,0.0,0.0,0.0,0.0,0.0,0.0,0.0,0.0,0.0,0.0,0.0,0.0,0.0,0.0,0.0,-1000.0,0.0,0.0,922.2335231388859,0.0,0.0,0.0,-456.423936163108,0.0,528.9027377571344,0.0,0.0,0.0,-282.90421237659933,0.0,-6.955654745857964,-315.5226762664121,-1000.0,-1000.0,325.95615838519905,0.0,750.5660144353311,0.0,0.0,1000.0,312.0448488934831,-332.911813131057,0.0,0.0,0.0,72.55969992594875,498.0345991175384,212.8629715455388,0.0,0.0,0.0,0.0,0.0,0.0,0.0,0.0,0.0,0.0,-602.3467793203143,0.0,0.0,0.0,0.0,0.0,0.0,0.0,0.0,-118.89882099392037,0.0,-812.499999999999,58.0842624982336,0.0,0.0,0.0,0.0,-986.0886905082841,0.27822618983421377,0.0,0.0,0.0,0.0,0.0,0.0,0.0,0.0,0.0,722.7596997916208,0.0,0.0,0.0,0.0,0.0,0.0,0.0,0.0,0.0,0.15302440440861742,0.15302440440861742,0.0,21.732966247800917,0.0,83.46785695029557,0.0,0.0,0.0,1000.0,0.0,0.0,108.2997808214673,0.0,0.0,1000.0,-1000.0,0.0,0.0,0.0,0.0,0.0,58.0842624982336,0.0,0.0,0.0,0.0,0.0,0.0,0.0,322.9987169349244,286.2538435950197,516.0754882764328,0.0,119.0114891300886,0.0,-1000.0,146.6779072542613,0.0,0.0,1000.0,0.0,0.0,13.911309491715928,0.0,0.0,0.0,0.0,0.0,0.0,0.0,0.0,0.0,0.0,0.0,0.0,0.0,0.0,0.0,0.0,83.46785695029557,283.1891036275314,283.1891036275314,0.0,0.0,0.0,0.0,0.0,0.0,0.0,0.0,0.0,0.0,1.3911309491715929,0.0,0.0,108.2997808214673,-108.2997808214673,0.0,0.0,0.0,0.0,212.8629715455388,0.0,0.0,0.0,0.0,0.0,0.0,0.0,0.0,0.0,0.0,397.8919463580066,348.599651238523,0.0,41.733928475147785,41.733928475147785,801.3309195604072,-1000.0,0.0,58.0842624982336,0.0,0.0,0.0,0.0,0.0,0.0,0.0,164.30545338910957,0.13911309491715929,0.0,0.0,183.71871513738267,0.0,0.0,0.0,853.3220927457387,0.0,-176.57420272205997,0.0,0.0,0.0,0.0,0.0,0.0,0.0,0.0,0.0,0.0,0.0,0.0,0.13911309491715929,0.0,0.0,0.0,1000.0,-1000.0,0.0,0.0,0.0,0.0,0.0,994.7123247329123,0.0,0.0,-1000.0,-10.433482118786946,-6.955654745857964,0.0,0.0,0.0,0.0,0.0,0.0,0.0,0.0,0.0,0.0,0.0,0.0,283.1891036275314,0.0,0.0,0.0,504.99025386339633,0.0,0.0,0.0,-0.13911309491715929,0.0,0.0,0.13911309491715929,0.0,0.13911309491715929,0.0,0.0,0.0,83.46785695029557,169.7179757989343,169.7179757989343,0.0,0.0,0.0,0.0,0.0,0.0,0.0,516.0754882764328,0.0,0.0,0.0,0.0,0.0,0.0,0.0,0.0,0.0,0.0,0.0,0.0,0.0,0.0,0.0,0.0,0.0,0.0,0.0,146.67790725426127,0.0,-1000.0,1000.0,0.2086696423757389,0.0,0.0,0.0,-212.8629715455388,0.0,0.0,0.0,0.0,0.0,-21.732966247800917,6.955654745857964,0.0,0.0,0.0,0.0,0.0,456.423936163108,0.0,0.0,-812.499999999999,0.0,0.0,0.0,0.0,0.0,283.1891036275314,0.0,0.0,764.5128537459734,21.732966247800917,0.0,-181.27994357494788,0.0,0.0,0.0,528.9027377571344,-528.9027377571344,0.0,-337.96072573127765,0.0,6.955654745857964,606.5256800285769,0.0,255.50241555507387,0.0,-335.49838263685496,0.0,0.0,0.0,0.0,0.0,-286.55411866672415,0.0,0.0,0.0,-10.433482118786978,-10.43348211878697,169.7179757989343,0.0,937.5,937.5,-937.5,0.0,0.0,0.0,0.0,0.0,926.7129647952196,0.0,0.0,42.59993048537484,-906.4784149290035,0.0,0.0,41.733928475147785,108.2997808214673,0.0,0.0,0.0,-328.2424097081952,0.0,0.0,0.15302440440861742,0.0,0.0,0.0,84.85898789946715,0.0,0.0,0.0,0.0,-257.15023068631245,0.0,0.0,0.0,0.0,0.0,0.0,0.0,0.0,0.0,0.0,0.013911309491715929,0.013911309491715929,0.0,0.0,0.0,0.0,0.0,0.0,0.0,0.0,0.0,183.71871513738267,0.0,0.0,0.0,0.0,0.0,21.732966247800917,0.0,0.0,0.0,0.0,0.0,0.0,0.0,0.0,0.0,0.0,0.0,216.5995616429346,-150.66506412578826,-827.1140887744201,1000.0,0.0,0.0,0.0,83.46785695029558,0.0,0.0,0.0,0.0,0.0,-290.3341471871962,206.86629023690062,0.0,216.5995616429346,0.0,0.0,0.0,0.0,0.0,0.0,0.0,0.0,0.0,0.0,-164.30545338910957,-193.83360477836538,95.29247001825412,-212.8629715455388,0.0,0.0,999.4435476203314,0.0,0.0,0.0,0.0,0.0,0.0,0.0,0.0,0.0,0.0,0.0,0.0,0.0,0.0,0.0,0.0,0.0,-17.38913686464491,283.1891036275314,-10.433482118786946,0.0,0.0,0.0,0.0,0.0,0.0,-1.738913686464491,0.0,118.89882099392037,0.0,0.0,0.0,0.0,0.0,0.0,0.0,1000.0,41.733928475147785,41.733928475147785,0.0,0.0,0.0,0.0,679.50614561087,0.15302440440861742,21.732966247800917,0.0,0.0,-999.4435476203314,0.0,0.0,0.0,0.0,0.0,0.0,0.0,0.0,0.0,0.0,0.0,0.0,0.0,0.0,491.3316059205137,0.0,0.0,0.0,0.0,146.06874966301726,119.0114891300886,0.0,0.0,0.0,0.0,0.0,21.732966247800917,0.0,458.85393222991996,0.0,0.0,0.0,-17.38913686464491,0.0,0.0,0.0,0.0,0.0,0.0,0.0,0.0,0.0,0.0,0.0,0.0,0.0,0.0,0.0,0.0,0.0,0.0,-0.13911309491715929,0.0,0.0,6.955654745857964,-1000.0,0.0,0.0,0.0,0.0,283.1891036275314,0.0,0.0,0.0,11.977637472367153,3.477827372928982,0.0,0.0,17.33678815897254,0.13911309491715929,0.0,139.11309491715926,-43.125059424319375,27.822618983431855,0.9936649636939948,388.12553481887437,-0.10433482118786945,6.955654745857964,2.7822618983431857,-0.6955654745858055,-388.12553481887437,41.733928475147785,-0.13911309491715929,0.0,58.0842624982336,0.03477827372928982,0.9936649636939948,0.0,-130.4465855322802,-2.7822618983431857,-22.2208470997914,-0.13911309491715929,0.03477827372928982,-388.12553481887437,13.911309491715928,0.13911309491715929,0.13911309491715929,-21.440828748475138,-108.14675641705841,-986.0886905082841,-0.10433482118786945,41.733928475147785,0.13911309491715929,212.8629715455388,101.57249561181138,-0.06955654745857964,-13.911309491715883,-54.113428935422945,-0.10433482118786945,-0.13911309491715929,-43.125059424319375,0.13911309491715929,13.911309491715928,-2.7822618983431857,146.67790725426127,146.67790725426127,-13.911309491715928,22.2208470997914,-146.67790725426127,27.822618983431855,0.2086696423757389,-1000.0,13.911309491715928,-322.9987169349244,58.0842624982336,-27.822618983431855,0.06955654745857964,1.3911309491715929,50.80341722029724,49.55558523123277,-0.13911309491715929,-53.03341260416181,21.440828748475138,43.125059424319375,0.13911309491715929,130.4465855322802,-279.98049447274843,58.0842624982336,-0.13911309491715929,-0.03477827372928982,-58.0842624982336,-0.13911309491715929,-986.0886905082841,0.1391130949170929,-0.03477827372928982,-0.03477827372928982,-0.03477827372928982,55.64523796686371,-101.57249561181138,1.3911309491715929,103.0654141967508,-0.03477827372928982,101.60683444059448,6.955654745857964,500.0,0.13911309491715929,0.06955654745857964,0.06955654745857964,-45.33366062019726,43.125059424319375,0.13911309491715929,-43.125059424319375,1.3911309491715929,0.13911309491715929,-103.0654141967508,0.13911309491715929,0.556452379668599,0.6955654745858055,0.06955654745857964,0.03477827372928982,41.733928475147785,-0.13911309491715929,986.0886905082841,1.3911309491715929,-206.1308283935016,3.477827372928982,-13.911309491715928,27.822618983431855,6.955654745857964,-0.13911309491715929,0.0,0.2086696423757389,-0.13911309491715929,90.66732124039451,43.125059424319375,696.8572865078395,0.06955654745857964,-1000.0,-0.13911309491715929,-0.1391130949170929,-0.13911309491715929,0.06955654745857964,388.12553481887437,-27.822618983431855,0.13911309491715929,101.60683444059448,-0.03477827372928982,108.14675641705841,-101.60683444059448,20.86696423757389,54.113428935422945,392.31815227178174,388.12553481887437,-0.10433482118786945,53.03341260416181,-49.55558523123277,0.13911309491715929,-0.03477827372928982,6.955654745857964,139.11309491715926,-0.06955654745857964,-0.13911309491715929,0.03477827372928982,1000.0,0.0,374.6416561848501,0.0,-1000.0,0.0,98.2178252021692,-3.0743993976689623,0.0,-456.6742778742175,574.5241603368825,669.5328128679489,-625.2887872676913,228.33713893710876,500.0,-287.26208016844123,0.0,1.5371996988344812,-21.732966247800917,-368.61487679964426,625.2887872676913,-669.5328128679489,-368.61487679964426,-98.2178252021692,182.14350509160084,0.0,1496.5981,bhi
93,0.0,0.0,0.0,0.0,0.0,0.0,0.0,0.0,-0.0864751993651238,0.0,0.0,0.0,0.0,0.0,0.0,0.0,-423.8446249819629,266.2649468815406,0.0,0.0,0.0,0.0,0.0,125.944336995242,0.0,0.0,0.0,0.0,0.0,-948.5261108050678,0.0,0.0,653.1317499013459,0.0,0.0,0.0,0.0,279.47804907327344,0.0,-1000.0,-6.981704473416698,0.0,-847.6892499639258,0.0,0.0,0.0,0.0,538.9597228142248,0.0,0.0,0.0,0.0,0.0,0.09512271930157112,0.0,0.0,0.0,0.0,0.0,0.0,34.06210780276385,0.0,90.97096327779472,0.0,0.0,0.0,0.0,0.0,328.6886588426306,202.33999517576422,0.0,0.8647519936512381,0.0,0.0,0.0,0.0,0.0,0.0,0.0,0.0,0.0,0.0,336.3004293489392,0.0,51.88511961907429,0.0,0.0,-104.98106854327436,900.4175723201215,0.0,-0.02161879984128095,0.0,0.0,-512.1893883517259,25.942559809537144,0.0,183.07337012970868,0.0,0.0,0.0,336.3004293489392,4.32375996825619,-948.5261108050678,0.0,0.0,-344.957148192685,0.0,165.45079071692265,0.0,0.0,0.0,0.0,0.0,0.0,0.0,0.0,0.0,0.0,0.0,0.0,0.0,0.0,0.0,0.0,-323.0071850413116,0.0,0.0,183.07337012970868,0.0,26.807311803188384,20.34055010954617,0.0,-245.9414317378239,245.9414317378239,0.0,0.0,-125.03307108055857,0.0,0.0,0.0,0.0,0.0,0.0,0.0,0.0,-329.64183899782466,0.08647519936512381,0.0,0.0,0.0,-186.569527659075,0.0,0.0,0.0,0.0,0.0,642.5574619142866,0.0,0.0,0.0,0.0,0.0,369.71715008105275,369.71715008105275,0.0,0.0,0.0,0.0,0.0,0.0,0.0,369.80362528041786,0.0,0.0,0.0,0.0,0.0,0.0,0.0,0.0,0.0,0.0,0.0,0.0,0.0,0.0,0.0,0.0,0.0,0.0,0.0,-1000.0,0.0,0.0,0.0,0.0,0.0,0.0,847.6892499639258,-371.24601542481497,371.24601542481497,0.0,0.0,0.0,0.0,0.0,0.0,0.0,0.0,-167.23224015904088,0.0,0.0,0.0,0.0,0.0,0.0,0.0,0.0,0.0,0.0,0.0,0.0,0.0,144.86909571811105,332.86035130475955,524.6814858231048,0.0,0.0,0.0,125.03307108055857,0.0,0.0,0.0,0.0,0.0,34.06210780276385,524.6814858231048,0.0,0.0,0.0,0.0,0.0,0.0,0.0,0.0,2.784501419558166,556.2547626872496,157.13081032017152,0.0,-423.9743377810106,0.0,371.46216599583653,0.0,-524.6814858231048,0.0,0.0,125.03307108055857,467.7726303480739,0.0,0.0,0.0,-50.39294920286818,0.0,0.0,-15.272067454931602,0.0,0.0,-15.272067454931602,0.0,0.0,529.1715568953066,0.0,0.0,0.0,0.0,281.9469064477878,0.0,0.0,0.0,506.35648180514045,0.0,-506.35648180514045,0.0,985.9795043794551,0.0,125.03307108055857,0.0,0.0,0.0,0.0,34.06210780276385,-0.12971279904768568,0.0,0.0,0.0,0.0,0.08647519936512381,0.0,0.0,0.0,814.1421284507331,-423.8446249819629,0.0,-229.97143212845666,-58.20836948096394,0.0,176.09166565629198,0.0,-61.62032107098585,0.0,-344.957148192685,0.0,0.0,0.0,613.4887670724077,0.0,-551.8684460014218,-1000.0,380.7112362237582,0.0,0.0,0.0,0.0,0.0,0.0,0.0,0.0,0.0,0.0,0.0,0.0,0.0,0.0,0.0,0.0,0.0,-720.1760501292657,0.0,-1000.0,0.0,0.0,0.0,0.0,0.0,290.7301731060687,326.8573375782665,0.0,0.0,0.0,0.0,0.0,0.0,0.0,-263.2375845759647,0.0,-328.6886588426306,-1000.0,-876.6581303159834,0.0,-185.50469168146185,0.0,258.91382460770853,227.17496111404137,-2.161879984128095,872.3343703477271,0.0,0.0,395.53953475757237,1000.0,205.9897075839565,183.07337012970868,0.0,0.0,0.0,0.0,0.0,0.0,0.0,-144.86909571811105,144.86909571811105,144.86909571811105,-176.61925471702193,0.0,0.0,-616.3488294977674,0.0,0.0,0.0,0.0,0.0,-56.908855475030876,0.0,0.0,0.0,0.0,0.0,0.0,0.0,-36.782546484024124,0.17295039873015175,0.0,0.0,0.0,0.0,0.0,0.0,0.0,0.0,0.0,0.0,0.0,0.0,0.0,0.0,0.0,0.0,0.0,0.0,0.0,0.09512271930157112,0.09512271930157112,0.0,0.0,0.0,51.88511961907429,0.0,0.0,0.0,405.96340484010824,0.0,0.0,0.0,0.0,0.0,167.34831239883482,-405.96340484010824,0.0,0.0,0.0,0.0,0.0,0.0,0.0,0.0,0.0,0.0,0.0,0.0,0.0,107.6690616804372,-814.1421284507331,186.569527659075,0.0,6.658590351114532,0.0,-512.1893883517259,0.0,0.0,0.0,167.34831239883482,0.0,130.5657659148107,0.0,0.0,0.0,144.86909571811105,0.0,0.0,0.0,0.0,0.0,0.0,0.0,0.0,0.0,0.0,0.0,0.0,0.0,51.88511961907429,125.03307108055857,125.03307108055857,0.0,0.0,0.0,0.0,0.0,0.0,0.0,0.0,0.0,0.0,0.8647519936512381,0.0,0.0,0.0,0.0,0.0,847.6892499639258,0.0,0.0,183.07337012970868,0.0,0.0,0.0,0.0,0.0,0.0,0.0,0.0,0.0,0.0,1000.0,0.0,0.0,25.942559809537144,25.942559809537144,1000.0,-405.96340484010824,0.0,0.0,0.0,0.0,0.0,0.0,0.0,948.5261108050678,0.0,1000.0,0.08647519936512381,0.0,0.0,0.0,32.84065392337062,0.0,0.0,512.1893883517259,0.0,0.0,0.0,0.0,0.0,0.0,0.0,0.0,0.0,0.0,0.0,0.0,0.0,0.0,0.08647519936512381,0.0,0.0,0.0,0.0,0.0,0.0,0.0,0.0,0.0,0.0,326.8573375782665,0.0,0.0,-279.8239498707343,-6.485639952384286,0.0,-4.32375996825619,0.0,187.50000000000003,187.50000000000003,-187.50000000000003,0.0,0.0,0.0,0.0,0.0,0.0,0.0,125.03307108055857,0.0,0.0,0.0,605.8530023097851,0.0,0.0,0.0,-0.0864751993651238,0.0,0.0,0.08647519936512381,0.0,0.08647519936512381,0.0,531.0286540183948,0.0,51.88511961907429,105.49974322545106,105.49974322545106,0.0,0.0,0.0,0.0,0.0,0.0,0.0,186.569527659075,0.0,0.0,0.0,0.0,0.0,620.9342817377448,0.0,0.0,0.0,0.0,0.0,0.0,0.0,0.0,0.0,0.0,0.0,0.0,0.0,0.0,0.0,0.0,0.0,0.12971279904768568,0.0,0.0,0.0,-183.07337012970868,0.0,0.0,0.0,0.0,0.0,0.0,4.32375996825619,0.0,0.0,0.0,0.0,0.0,0.0,-4.32375996825619,0.0,0.0,0.0,0.0,0.0,0.0,0.0,125.03307108055857,0.0,0.0,0.0,-144.86909571811105,0.0,843.5771597615995,-344.957148192685,0.0,326.8573375782665,0.0,-326.8573375782665,0.0,362.2728871226229,0.0,4.32375996825619,1000.0,0.0,376.7756100715817,0.0,-56.908855475030876,0.0,0.0,-437.5000000003682,437.5000000003682,0.0,0.0,0.0,0.0,0.0,6.485639952384286,-19.456919857152666,105.49974322545106,0.0,0.0,0.0,0.0,0.0,0.0,0.0,0.0,0.0,2.784501419558166,0.0,0.0,0.0,-32.84065392337062,0.0,-847.6892499639258,25.942559809537144,0.0,0.0,0.0,0.0,-97.56725189433477,0.0,0.0,0.09512271930157112,0.0,0.0,0.0,52.74987161272553,0.0,0.0,0.0,0.0,332.86035130475955,0.0,0.0,0.0,0.0,0.0,0.0,0.0,0.0,-879.0916393427347,0.0,0.008647519936512377,0.008647519936512377,0.0,0.0,0.0,0.0,0.0,0.0,0.0,0.0,0.0,0.0,0.0,0.0,0.0,0.0,0.0,0.0,0.0,0.0,0.0,0.0,0.0,0.0,0.0,0.0,0.0,0.0,0.0,0.0,0.0,0.0,266.2649468815406,0.0,0.0,0.0,51.88511961907429,0.0,0.0,0.0,0.0,0.0,0.0,-51.88511961907429,0.0,0.0,0.0,0.0,0.0,0.0,0.0,0.0,0.0,0.0,0.0,0.0,380.7112362237582,-1000.0,680.1697933028546,125.00000000000011,-308.0733701297088,0.0,279.47804907327344,0.0,0.0,0.0,0.0,0.0,0.0,0.0,0.0,0.0,843.75,0.0,-843.75,-843.75,0.0,0.0,0.0,0.0,-10.809399920640477,125.03307108055857,-6.485639952384286,633.9055616425134,0.0,0.0,0.0,0.0,0.0,-1.0809399920640477,0.0,56.908855475030876,0.0,0.0,0.0,0.0,0.0,0.0,0.0,1000.0,25.942559809537144,25.942559809537144,0.0,0.0,0.0,0.0,0.0,0.09512271930157112,0.0,0.0,0.0,-279.47804907327344,0.0,0.0,0.0,0.0,0.0,0.0,0.0,0.0,0.0,0.0,0.0,0.0,0.0,0.0,265.5143270091974,0.0,0.0,20.34055010954617,0.0,90.79895933338001,0.0,0.0,6.658590351114532,0.0,0.0,0.0,0.0,0.0,0.0,0.0,0.0,0.0,-10.809399920640477,0.0,0.0,0.0,0.0,0.0,0.0,0.0,0.0,0.0,0.0,0.0,0.0,0.0,0.0,0.0,0.0,0.0,0.0,-0.08647519936512381,0.0,0.0,4.32375996825619,-167.34831239883482,0.0,0.0,0.0,0.0,125.03307108055857,0.0,0.0,0.0,-613.4887670724077,2.161879984128095,0.0,0.0,0.0,0.08647519936512381,0.0,86.4751993651238,-6.466761693642212,17.29503987302476,0.6176799954651699,281.9469064477878,-0.06485639952384284,4.323759968256166,1.729503987302476,-0.4323759968259664,-281.9469064477878,25.94255980953714,-0.0864751993651238,114.98571606422833,0.0,0.02161879984128095,0.6176799954651699,-344.957148192685,-13.766851738928892,-1.729503987302476,157.5796781004223,-0.0864751993651238,0.02161879984128095,-281.9469064477878,8.64751993651238,0.0864751993651238,0.0864751993651238,0.18159791866669492,0.09512271930163617,0.0,-0.06485639952384284,25.942559809537144,0.0864751993651238,183.07337012970868,113.89321063760961,-0.0432375996825619,47.3568344710834,-8.733995135877503,-0.06485639952384284,-0.0864751993651238,-6.466761693642212,0.08647519936512381,8.64751993651238,-1.729503987302476,0.0,0.0,-8.64751993651238,-157.5796781004223,0.0,17.29503987302476,0.12971279904768568,-1000.0,8.64751993651238,-107.6690616804372,0.0,-17.29503987302476,0.0432375996825619,0.8647519936512381,57.492858032114164,-127.57405584508629,-0.0864751993651238,-19.456919857152666,-0.18159791866669492,26.807311803188384,0.0864751993651238,13.766851738928892,-260.90104955832,0.0,-0.0864751993651238,-0.02161879984128095,0.0,-0.0864751993651238,-36.782546484024124,0.0864751993651238,-0.02161879984128095,-0.02161879984128095,-0.02161879984128095,34.59007974604952,-113.89321063760961,0.8647519936512381,64.06731332963727,-0.02161879984128095,0.0,4.32375996825619,22.715033210268253,0.08647519936512381,0.0432375996825619,0.0432375996825619,-53.869015603766904,6.466761693642212,0.08647519936512381,-6.466761693642212,0.8647519936512381,0.0864751993651238,-64.06731332963727,0.0864751993651238,0.3459007974607857,0.4323759968259664,0.0432375996825619,0.02161879984128095,25.942559809537144,-0.0864751993651238,0.0,0.864751993651238,-128.13462665927455,2.16187998412812,-8.64751993651238,17.29503987302476,4.32375996825619,-0.0864751993651238,344.957148192685,0.12971279904768568,-0.0864751993651238,107.73803120753381,6.466761693642212,308.98320957439955,0.0432375996825619,-45.430066420536505,-0.0864751993651238,-0.0864751993651238,-0.0864751993651238,0.0432375996825619,281.9469064477878,-17.29503987302476,0.08647519936512381,114.98571606422833,-0.02161879984128095,-0.09512271930163617,-114.98571606422833,12.97127990476857,8.733995135877503,157.11424332277764,281.9469064477878,-0.06485639952384284,19.456919857152666,127.57405584508629,0.0864751993651238,-0.021618799841280942,4.32375996825619,86.4751993651238,-0.0432375996825619,-0.0864751993651238,0.02161879984128095,1000.0,0.0,470.7852055050108,0.0,-550.7031710820488,0.0,98.73641351123797,-1000.0,0.0,707.7847594531517,504.28136303668214,-674.3026719755493,-529.1715568953066,-353.8923797265758,275.3515855410244,-252.14068151834107,0.0,500.0,0.0,-211.4159576800648,529.1715568953066,674.3026719755493,-211.4159576800648,-98.73641351123797,175.4949715665228,0.0,1496.5981,bhi
94,0.0,0.0,0.0,0.0,0.0,0.0,0.0,0.0,-0.16301002613123175,0.0,0.0,0.0,0.0,0.0,0.0,0.0,-82.54931255093977,98.7421769218999,0.0,0.0,0.0,0.0,0.0,1000.0,0.0,0.0,0.0,0.0,0.0,-1000.0,0.0,0.0,380.12285699638903,0.0,0.0,0.0,0.0,999.347959895475,0.0,-1000.0,367.88184237511814,0.0,0.0,688.1078039664767,0.0,0.0,0.0,0.0,0.0,0.0,0.0,-394.4415085844631,0.0,0.17931102874451615,0.0,0.0,0.0,0.0,0.0,0.0,25.645237289218045,0.0,94.35772348230762,0.0,0.0,0.0,0.0,0.0,0.0,616.6218822724755,0.0,1.6301002613123174,0.0,0.0,0.0,0.0,0.0,0.0,0.0,0.0,0.0,0.0,0.0,0.0,97.80601567873906,0.0,0.0,0.0,-311.6476809943265,0.0,-0.04075250653280794,0.0,0.0,-649.8524339515338,48.90300783936953,0.0,632.1181576248819,-5.248922841425809,0.0,0.0,0.0,8.150501306561587,-1000.0,0.0,0.0,-374.0150692135217,0.0,0.0,0.0,0.0,0.0,0.0,0.0,0.0,0.0,0.0,0.0,0.0,0.0,0.0,0.0,0.0,0.0,0.0,-847.1392600884169,0.0,0.0,632.1181576248819,0.0,50.53310810068185,29.8396271272035,0.0,-1000.0,0.0,1000.0,-1000.0,-476.97380450295327,0.0,0.0,356.9708437314276,0.0,0.0,0.0,0.0,0.0,12.551772012104843,0.16301002613123175,0.0,0.0,0.0,0.0,0.0,0.0,0.0,0.0,0.0,1000.0,0.0,0.0,0.0,0.0,0.0,999.8369899738688,999.8369899738688,0.0,0.0,0.0,187.5,-326.71091547250427,0.0,0.0,1000.0,0.0,0.0,0.0,-157.58625444191415,0.0,0.0,0.0,0.0,0.0,0.0,0.0,0.0,0.0,0.0,-424.99086922820686,0.0,0.0,0.0,0.0,-1000.0,0.0,0.0,0.0,0.0,0.0,0.0,394.4415085844631,605.5584914155369,-605.5584914155369,120.0029607715257,0.0,0.0,0.0,0.0,0.0,0.0,0.0,-195.4208948498179,0.0,0.0,0.0,0.0,0.0,0.0,0.0,0.0,0.0,0.0,0.0,0.0,0.0,0.0,264.2108761942275,688.1078039664767,0.0,0.0,0.0,0.0,-18.33158664525962,0.0,0.0,0.0,0.0,25.645237289218045,0.0,0.0,0.0,0.0,0.0,0.0,0.0,0.0,0.0,0.0,32.60200522624635,583.2151497855124,0.0,-82.79382759013663,-1000.0,1000.0,0.0,-688.1078039664767,0.0,0.0,120.0029607715257,-801.1277681198973,0.0,0.0,0.0,-56.42968072410123,0.0,0.0,-999.9999999999999,0.0,0.0,-1000.0,0.0,0.0,293.9108104212104,0.0,309.85915975297377,0.0,0.0,412.80585303427756,0.0,0.0,0.0,-143.48787141899277,0.0,143.48787141899277,0.0,1000.0,0.0,0.0,-144.62307145804397,187.5,0.0,0.0,25.645237289218045,-0.2445150391968476,0.0,0.0,0.0,0.0,0.16301002613123175,0.0,0.0,0.0,266.210468248852,-82.54931255093977,0.0,-575.1860473435394,385.23683400176503,0.0,1000.0,0.0,540.2681686165894,0.0,-374.0150692135217,0.0,0.0,0.0,874.302968850207,-414.57113746679636,-1000.0,786.0426726382299,-1000.0,0.0,0.0,0.0,0.0,0.0,0.0,0.0,0.0,0.0,0.0,0.0,0.0,0.0,0.0,0.0,0.0,0.0,0.0,0.0,-1000.0,0.0,0.0,0.0,110.24394279251258,0.0,0.0,625.1058719806958,0.0,0.0,0.0,0.0,0.0,414.57113746679636,0.0,-163.5152391973883,-876.1123801402639,0.0,0.0,0.0,-1000.0,892.1688677141901,0.0,0.0,1000.0,872.0371294869831,-8.150501306561587,-1000.0,0.0,1000.0,-802.1978230764015,-729.3405562558765,632.1181576248819,0.0,0.0,0.0,0.0,0.0,0.0,0.0,0.0,0.0,0.0,-658.5869360127247,0.0,0.0,-0.3260200522624635,0.0,0.0,0.0,0.0,0.0,-68.71248619308957,0.0,0.0,0.0,0.0,0.0,0.0,0.0,-367.9072814306544,0.32602005226257236,0.0,0.0,0.0,0.0,0.0,0.0,0.0,0.0,0.0,616.6218822724755,0.0,0.0,0.0,0.0,0.0,0.0,0.0,0.0,0.0,0.17931102874451615,0.17931102874451615,0.0,86.24366808700196,0.0,97.80601567873906,0.0,0.0,0.0,1000.0,0.0,0.0,0.0,0.0,0.0,1000.0,-1000.0,0.0,0.0,0.0,0.0,0.0,0.0,0.0,0.0,0.0,0.0,0.0,0.0,0.0,282.3797533628056,-266.210468248852,0.0,100.24276649457042,12.551772012104843,0.0,0.0,-649.8524339515338,-751.5238080777999,0.0,1000.0,0.0,0.0,632.0927185693456,0.0,0.0,0.0,0.0,0.0,0.0,0.0,0.0,0.0,0.0,0.0,0.0,0.0,0.0,0.0,0.0,97.80601567873906,120.0029607715257,120.0029607715257,0.0,0.0,0.0,0.0,0.0,0.0,0.0,0.0,0.0,0.0,1.6301002613123174,0.0,0.0,0.0,0.0,0.0,394.4415085844631,0.0,0.0,632.1181576248819,0.0,0.0,0.0,0.0,100.24276649457042,0.0,0.0,0.0,0.0,0.0,260.6530317838396,150.20370092707537,0.0,48.90300783936952,48.90300783936953,1000.0,-1000.0,0.0,0.0,0.0,0.0,0.0,0.0,0.0,-58.46730605074163,0.0,0.0,0.16301002613123175,0.0,0.0,-548.3607312797523,644.2802494238199,0.0,0.0,649.8524339515338,0.0,0.0,0.0,0.0,0.0,0.0,0.0,0.0,0.0,0.0,0.0,0.0,0.0,0.0,0.16301002613123175,0.0,0.0,0.0,786.8499808883766,-786.8499808883766,0.0,0.0,0.0,0.0,0.0,625.1058719806958,0.0,0.0,-1000.0,-12.225751959842382,-8.150501306561587,0.0,0.0,687.5,687.5,-687.5,0.0,0.0,0.0,0.0,0.0,0.0,0.0,120.0029607715257,0.0,0.0,0.0,278.8099450506851,0.0,0.0,0.0,-0.16301002613123175,0.0,0.0,0.16301002613123175,0.0,0.16301002613123175,0.0,0.0,0.0,97.80601567873906,198.87223188010276,198.87223188010276,0.0,0.0,0.0,0.0,0.0,0.0,0.0,0.0,0.0,0.0,0.0,0.0,0.0,888.3381321001062,0.0,0.0,0.0,0.0,0.0,0.0,0.0,0.0,0.0,0.0,0.0,0.0,0.0,101.67137412626607,0.0,-1000.0,1000.0,0.2445150391968476,0.0,0.0,0.0,-632.1181576248819,0.0,0.0,0.0,0.0,0.0,-86.24366808700196,8.150501306561587,0.0,0.0,0.0,-187.5,326.71091547250427,-625.1058719806958,0.0,0.0,0.0,0.0,0.0,0.0,0.0,0.0,120.0029607715257,0.0,0.0,-570.8116806438254,86.24366808700196,0.0,824.9553584165861,-374.0150692135217,0.0,0.0,0.0,0.0,0.0,-1000.0,0.0,8.150501306561587,206.52321168937735,0.0,0.0,0.0,-68.71248619308957,-1000.0,1000.0,-187.50000000022916,187.50000000022916,0.0,-637.6576439928007,0.0,0.0,0.0,523.4602892750512,-122.92092396652913,198.87223188010276,0.0,0.0,0.0,0.0,0.0,0.0,0.0,0.0,0.0,0.0,0.0,0.0,0.0,-712.5414004165432,355.6498104141798,0.0,48.90300783936948,0.0,0.0,0.0,0.0,10.404305210764733,0.0,0.0,0.17931102874451615,0.0,0.0,0.0,99.43611594005138,0.0,0.0,0.0,0.0,264.2108761942275,0.0,0.0,0.0,0.0,0.0,0.0,0.0,0.0,0.0,0.0,931.0369952851327,0.016301002613123176,0.0,0.0,0.0,0.0,0.0,0.0,0.0,0.0,0.0,-548.3607312797523,0.0,0.0,0.0,0.0,0.0,86.24366808700196,0.0,0.0,0.0,0.0,0.0,0.0,0.0,0.0,0.0,0.0,0.0,0.0,0.0,539.2020432355573,98.7421769218999,0.0,0.0,0.0,97.80601567873906,0.0,0.0,0.0,0.0,0.0,-97.80601567873906,0.0,0.0,0.0,0.0,0.0,0.0,0.0,0.0,0.0,0.0,0.0,0.0,0.0,0.0,-272.42463341251175,1000.0,0.0,-632.1181576248819,0.0,999.347959895475,0.0,0.0,0.0,0.0,0.0,0.0,0.0,0.0,0.0,0.0,0.0,0.0,0.0,0.0,0.0,0.0,0.0,-20.37625326640397,120.0029607715257,-12.225751959842382,999.033304106793,0.0,0.0,0.0,0.0,0.0,0.0,-2.0376253266403976,68.71248619308957,0.0,0.0,0.0,0.0,0.0,0.0,0.0,1000.0,48.90300783936953,48.90300783936952,0.0,0.0,0.0,0.0,0.0,0.17931102874451615,86.24366808700196,0.0,0.0,-999.347959895475,931.0206942825196,0.0,0.0,0.0,0.0,0.0,0.0,0.0,0.0,0.0,0.0,0.0,0.0,0.0,500.0,0.0,0.0,29.8396271272035,0.0,171.16052743779335,0.0,0.0,12.551772012104843,0.0,0.0,0.0,86.24366808700196,0.0,611.7064478327085,0.0,0.0,0.0,-20.37625326640397,0.0,0.0,0.0,0.0,0.0,0.0,0.0,0.0,0.0,0.0,0.0,0.0,0.0,0.0,0.0,0.0,0.0,0.0,-0.16301002613123175,0.0,0.0,8.150501306561587,-1000.0,0.0,0.0,0.0,0.0,120.0029607715257,0.0,0.0,0.0,-874.302968850207,4.0752506532807935,0.0,0.0,0.0,0.16301002613123175,0.0,163.01002613123174,-20.69348097347834,32.60200522624635,1.1643573295087981,514.4772271605436,-0.1222575195984238,63.27247270281788,3.260200522624635,-0.8150501306562319,-514.4772271605436,48.90300783936952,-0.16301002613123175,124.67168973784057,0.0,0.04075250653280794,1.1643573295087981,-374.0150692135217,-25.951196160092195,-3.260200522624635,-16.192864370960123,-0.16301002613123175,0.04075250653280794,-514.4772271605436,16.301002613123174,0.16301002613123175,0.16301002613123175,-85.90134703212621,0.1793110287443369,0.0,-0.1222575195984238,48.90300783936952,0.16301002613123175,632.1181576248819,501.7101367198965,-0.08150501306561588,-251.96986157295657,1.8675740060052135,-0.1222575195984238,-0.16301002613123175,-20.69348097347834,0.16301002613123175,16.301002613123174,-3.260200522624635,101.67137412626607,101.67137412626607,-16.301002613123174,16.192864370960123,-101.67137412626607,32.60200522624635,0.2445150391968476,-1000.0,16.301002613123174,-282.3797533628056,0.0,-32.60200522624635,0.08150501306561588,1.6301002613123174,143.79651183588484,118.84567331324831,-0.16301002613123175,-122.92092396652913,85.90134703212621,50.53310810068185,0.16301002613123175,25.951196160092195,-778.8271811429903,0.0,-0.16301002613123175,-0.04075250653280794,0.0,-0.16301002613123175,-367.9072814306544,0.16301002613134544,-0.04075250653280794,-0.04075250653280794,-0.04075250653280794,65.2040104524927,-501.7101367198965,1.6301002613123174,120.77005310997734,-0.04075250653280794,162.92133393392913,8.150501306561587,192.10414202188878,0.16301002613123175,0.08150501306561588,0.08150501306561588,16.301002613123174,20.69348097347834,0.16301002613123175,-20.69348097347834,1.6301002613123174,0.16301002613123175,-120.77005310997734,0.16301002613123175,0.6520401045249289,0.8150501306562319,0.08150501306561588,0.04075250653280794,48.90300783936952,-0.16301002613123175,0.0,1.6301002613123174,-241.54010621995468,59.19722204953709,-16.301002613123174,32.60200522624635,8.150501306561587,-0.16301002613123175,374.0150692135217,0.2445150391968476,-0.16301002613123175,-32.60200522624635,20.69348097347834,335.9807772343914,0.08150501306561588,-384.20828404377755,-0.16301002613123175,-0.16301002613134544,-0.16301002613123175,0.08150501306561588,514.4772271605436,-32.60200522624635,0.16301002613123175,287.5930236717697,-0.04075250653280794,-0.1793110287443369,-287.5930236717697,24.45150391968476,-1.8675740060052135,-189.14397732597422,514.4772271605436,-0.1222575195984238,122.92092396652913,-118.84567331324831,0.16301002613123175,-0.040752506532807944,8.150501306561587,163.01002613123174,-0.08150501306561588,-0.16301002613123175,0.04075250653280794,0.0,0.0,706.007684565724,0.0,-1000.0,0.0,670.5851133532799,-757.7404477874111,0.0,-251.6334268502809,1000.0,-857.5573636428325,-293.9108104212104,125.81671342514045,500.0,-500.0,0.0,378.87022389370554,-86.24366808700196,-346.3850824451561,293.9108104212104,857.5573636428325,-346.3850824451561,-670.5851133532799,716.5556459415735,0.0,1496.5981,bhi
95,0.0,0.0,0.0,0.0,0.0,0.0,0.0,0.0,-0.19131924397958477,0.0,0.0,0.0,0.0,0.0,0.0,0.0,-521.4970698999191,-84.34530720667243,0.0,898.7484156417938,0.0,0.0,0.0,167.9046802229437,0.0,0.0,0.0,0.0,0.0,-351.45198829836977,0.0,0.0,690.9809722212395,0.0,0.0,0.0,0.0,999.2347230240819,0.0,-500.5471044850515,942.6042268061245,0.0,-191.22467224468917,1000.0,0.0,0.0,0.0,0.0,-318.2756140464003,-220.451884357723,0.0,0.0,0.0,0.2104511683775172,0.0,0.0,0.0,38.26384879591696,0.0,0.0,-16.848848086468838,0.0,16.848848086468838,0.0,0.0,0.0,0.0,0.0,849.3936869475963,-849.3936869475963,0.0,1.913192439795848,0.0,0.0,0.0,0.0,0.0,0.0,0.0,0.0,0.0,0.0,527.933410737734,0.0,114.79154638775087,0.0,0.0,781.0338146655578,1000.0,-130.56305299690428,-0.047829810994896194,0.0,0.0,315.4771702959831,57.395773193875435,0.0,57.395773193875435,0.0,492.958650704837,0.0,527.933410737734,9.56596219897924,-562.1268785494574,0.0,0.0,-304.7908724868116,546.8277236137532,0.0,0.0,0.0,0.0,0.0,0.0,0.0,0.0,0.0,0.0,0.0,0.0,0.0,0.0,0.0,0.0,0.0,-1000.0,0.0,0.0,57.395773193875435,0.0,59.30896563367128,0.0,0.0,1000.0,-397.32178419529555,-602.6782158047045,602.6782158047045,0.0,0.0,0.0,0.0,0.0,0.0,0.0,0.0,0.0,-513.2018289513059,0.19131924397958477,0.0,0.0,0.0,0.0,-546.8277236137532,0.0,0.0,0.0,0.0,1000.0,0.0,0.0,0.0,0.0,0.0,527.0114537922369,527.0114537922369,0.0,0.0,0.0,0.0,706.9840828236446,0.0,0.0,527.2027730362165,0.0,0.0,0.0,-429.4790386941006,0.0,0.0,0.0,0.0,0.0,0.0,0.0,0.0,0.0,0.0,-11.849038510468944,0.0,0.0,0.0,0.0,-1000.0,0.0,0.0,0.0,0.0,0.0,220.451884357723,191.22467224468917,-869.4369470030957,869.4369470030957,0.0,0.0,0.0,0.0,0.0,0.0,0.0,210.6748902510876,-62.17875429336506,0.0,0.0,0.0,0.0,0.0,0.0,0.0,0.0,0.0,0.0,0.0,0.0,0.0,0.0,138.79500044149174,1000.0,0.0,0.0,0.0,0.0,428.634990638762,0.0,0.0,0.0,0.0,-16.848848086468838,0.0,0.0,0.0,700.5686704444444,0.0,0.0,0.0,0.0,0.0,6.160479656142879,0.0,0.0,0.0,-733.5283571459709,944.6839176124357,-215.45407413924903,0.0,-1000.0,0.0,0.0,0.0,233.4094776550934,0.0,0.0,0.0,-14.393294085758157,0.0,0.0,-1000.0,-999.9999999999999,0.0,0.0,0.0,999.9999999999999,130.56305299690428,0.0,-517.7920391871319,220.451884357723,0.0,105.14570006427948,0.0,0.0,0.0,778.1234838554301,0.0,-778.1234838554301,0.0,526.8201345482573,0.0,0.0,1000.0,0.0,0.0,0.0,-16.848848086468838,-0.28697886596937716,0.0,0.0,0.0,0.0,0.19131924397958477,0.0,0.0,0.0,507.80875651121977,-521.4970698999191,0.0,-570.920074889904,1000.0,0.0,1000.0,0.0,561.1352376017754,0.0,-304.7908724868116,0.0,0.0,0.0,-16.47258690664222,-287.05128867662233,-257.61136201851093,-1000.0,-1000.0,0.0,0.0,0.0,0.0,0.0,0.0,0.0,0.0,0.0,0.0,0.0,0.0,0.0,0.0,0.0,0.0,700.5686704444444,0.0,0.0,-1000.0,0.0,0.0,0.0,0.0,0.0,0.0,507.041349295163,0.0,492.958650704837,0.0,0.0,0.0,72.03277544012272,-1000.0,194.69658369861793,-67.28298109948967,-634.3751737110966,-1000.0,147.15488352726737,0.0,0.0,1000.0,-204.26254589759716,0.0,62.50000000000006,-156.7208457262466,516.7887701905333,0.0,-743.6740097111483,1000.0,829.9913913755058,57.395773193875435,0.0,0.0,0.0,0.0,0.0,0.0,0.0,0.0,0.0,0.0,-529.0797120258079,0.0,0.0,0.0,0.0,0.0,210.6748902510876,0.0,0.0,-33.697696172937675,0.0,0.0,0.0,0.0,0.0,0.0,0.0,81.3992272476163,0.38263848795936534,0.0,0.0,0.0,0.0,0.0,0.0,0.0,0.0,0.0,0.0,0.0,0.0,0.0,0.0,0.0,0.0,0.0,0.0,0.0,0.2104511683775172,0.2104511683775172,0.0,162.19845390909498,0.0,114.79154638775087,0.0,0.0,0.0,1000.0,0.0,0.0,0.0,0.0,0.0,744.7680984107385,-1000.0,0.0,0.0,0.0,0.0,0.0,0.0,0.0,0.0,0.0,0.0,0.0,0.0,0.0,333.3333333333333,-507.80875651121977,0.0,0.0,14.731581786428087,0.0,0.0,315.4771702959831,-113.1578203427789,0.0,744.7680984107385,0.0,826.1673256583548,0.0,0.0,0.0,0.0,0.0,0.0,0.0,0.0,0.0,0.0,0.0,0.0,0.0,0.0,0.0,0.0,0.0,114.79154638775087,0.0,0.0,0.0,0.0,0.0,0.0,0.0,0.0,0.0,0.0,0.0,0.0,1.913192439795848,0.0,0.0,0.0,0.0,0.0,191.22467224468917,0.0,0.0,57.395773193875435,0.0,0.0,0.0,0.0,0.0,0.0,0.0,0.0,0.0,0.0,420.8287207639548,0.0,0.0,57.395773193875435,57.395773193875435,1000.0,-1000.0,0.0,0.0,0.0,0.0,0.0,0.0,0.0,973.4382212578616,210.6748902510876,1000.0,0.19131924397958477,0.0,0.0,0.0,252.66439299561017,0.0,0.0,-315.4771702959831,0.0,0.0,0.0,0.0,0.0,0.0,0.0,0.0,0.0,0.0,0.0,0.0,0.0,0.0,0.19131924397958477,0.0,0.0,0.0,-159.88918728266626,159.88918728266626,0.0,0.0,0.0,0.0,0.0,1000.0,0.0,0.0,-1000.0,-14.348943298468859,0.0,-9.56596219897924,0.0,0.0,0.0,0.0,0.0,0.0,0.0,0.0,0.0,0.0,0.0,0.0,0.0,0.0,0.0,95.88334386333672,0.0,0.0,0.0,-0.19131924397958477,0.0,0.0,0.19131924397958477,0.0,0.19131924397958477,0.0,0.0,0.0,114.79154638775087,233.4094776550934,233.4094776550934,0.0,0.0,0.0,0.0,0.0,0.0,0.0,0.0,0.0,210.6748902510876,0.0,0.0,0.0,0.0,0.0,0.0,0.0,0.0,0.0,0.0,0.0,0.0,0.0,0.0,0.0,0.0,0.0,428.634990638762,0.0,0.0,0.0,0.28697886596937716,0.0,0.0,0.0,-57.395773193875435,0.0,0.0,0.0,0.0,0.0,-162.19845390909498,9.56596219897924,0.0,0.0,0.0,0.0,-706.9840828236446,0.0,-9.56596219897924,0.0,0.0,0.0,0.0,0.0,0.0,0.0,0.0,0.0,0.0,992.1937301251927,162.19845390909498,0.0,961.7361512040831,-304.7908724868116,0.0,507.041349295163,492.958650704837,-1000.0,0.0,0.0,0.0,9.56596219897924,956.9872967933906,0.0,0.0,0.0,-33.697696172937675,0.0,0.0,339.83286925197973,-339.83286925197973,0.0,0.0,0.0,0.0,0.0,-16.848848086468838,0.0,233.4094776550934,0.0,437.49999999999994,437.49999999999994,-437.5,0.0,0.0,0.0,0.0,0.0,6.160479656142879,0.0,0.0,205.24528380450164,-252.66439299561017,-675.1216363402174,-191.22467224468917,57.395773193875435,0.0,0.0,0.0,0.0,92.13173939405718,0.0,0.0,0.2104511683775172,0.0,0.0,0.0,116.7047388275467,0.0,0.0,0.0,0.0,138.79500044149174,0.0,546.8277236137532,0.0,0.0,0.0,0.0,0.0,0.0,0.0,0.0,0.01913192439795848,0.01913192439795848,0.0,0.0,0.0,0.0,0.0,0.0,0.0,0.0,0.0,0.0,0.0,0.0,0.0,0.0,0.0,162.19845390909498,0.0,0.0,0.0,0.0,0.0,0.0,0.0,220.451884357723,0.0,0.0,0.0,0.0,139.9101940632552,-928.9988992101426,-84.34530720667243,0.0,0.0,0.0,114.79154638775087,0.0,0.0,0.0,0.0,0.0,0.0,-114.79154638775087,0.0,0.0,0.0,0.0,0.0,0.0,0.0,0.0,0.0,0.0,0.0,0.0,-1000.0,-588.6886572915957,131.0536821260156,0.0,-57.395773193875435,0.0,999.2347230240819,0.0,0.0,0.0,0.0,0.0,0.0,0.0,0.0,0.0,0.0,0.0,0.0,0.0,0.0,0.0,0.0,0.0,-23.914905497448103,0.0,-14.348943298468859,-14.348943298468905,0.0,0.0,0.0,0.0,0.0,0.0,-2.39149054974481,33.697696172937675,0.0,0.0,0.0,0.0,0.0,0.0,0.0,1000.0,57.395773193875435,57.395773193875435,0.0,0.0,0.0,0.0,0.0,0.2104511683775172,162.19845390909498,0.0,0.0,-999.2347230240819,0.0,0.0,0.0,0.0,0.0,0.0,0.0,0.0,0.0,0.0,0.0,0.0,0.0,0.0,0.0,0.0,0.0,0.0,0.0,200.88520617856403,14.731581786428087,0.0,0.0,0.0,0.0,0.0,162.19845390909498,0.0,0.0,0.0,0.0,0.0,-23.914905497448103,0.0,0.0,0.0,0.0,0.0,0.0,0.0,0.0,0.0,0.0,0.0,0.0,0.0,0.0,0.0,0.0,0.0,0.0,-0.19131924397958477,0.0,0.0,9.56596219897924,-744.7680984107385,0.0,0.0,0.0,0.0,0.0,0.0,0.0,0.0,16.47258690664222,4.78298109948962,0.0,0.0,0.0,0.19131924397958477,0.0,191.31924397958477,-59.30896563367128,38.26384879591696,1.3665660284256056,533.7806907030415,-0.14348943298468858,9.565962198979227,3.826384879591696,-0.9565962198977331,-533.7806907030415,57.395773193875435,-0.19131924397958477,101.59695749560387,0.0,0.047829810994896194,1.3665660284256056,-304.7908724868116,-30.458023641550255,-3.8263848795917283,-292.90603853520224,-0.19131924397958477,0.047829810994896194,-533.7806907030415,19.13192439795848,0.19131924397958477,0.19131924397958477,-161.79668349673787,0.21045116837754324,0.0,-0.14348943298468858,57.395773193875435,0.19131924397958477,57.395773193875435,-95.65962198979238,-0.09565962198979239,-390.41825502637676,-447.9582342807001,-0.14348943298468858,-0.19131924397958477,-59.30896563367128,0.19131924397958477,19.13192439795848,-3.826384879591696,428.634990638762,428.634990638762,-19.13192439795848,292.90603853520224,-428.634990638762,38.26384879591696,0.28697886596937716,163.8969281317295,19.13192439795848,-333.3333333333333,0.0,-38.26384879591696,0.09565962198979239,1.913192439795848,142.73001872247596,200.46230270501195,-0.19131924397958477,-205.24528380450164,161.79668349673787,59.30896563367128,0.19131924397958477,30.458023641550255,-229.58309277550222,0.0,-0.19131924397958477,-0.047829810994896194,0.0,-0.1913192439795847,-465.42849636613687,0.19131924397947841,-0.047829810994896194,-0.047829810994896194,-0.047829810994896194,76.52769759183391,95.65962198979238,1.913192439795848,182.33427257496464,-0.047829810994896194,183.86307994934805,9.56596219897924,-31.13365142482891,0.19131924397958477,0.09565962198979239,0.09565962198979235,19.13192439795848,59.30896563367128,0.19131924397958477,-59.30896563367128,1.913192439795848,0.19131924397958477,-263.51552795814274,0.19131924397958477,0.765276975918141,0.9565962198977331,0.09565962198979239,0.047829810994896194,57.395773193875435,-0.19131924397958477,0.0,1.9131924397958642,-364.6685451499293,4.782981099489632,-19.13192439795848,38.26384879591696,9.56596219897924,-0.19131924397958477,304.7908724868116,0.28697886596937716,-0.19131924397958477,-38.26384879591696,59.30896563367128,245.16757174270728,0.09565962198979239,62.26730284965782,-0.19131924397958477,-0.19131924397947841,-0.19131924397958477,0.09565962198979239,533.7806907030415,-38.26384879591696,0.19131924397958477,285.4600374449519,-0.047829810994896194,-0.21045116837754324,-285.4600374449519,28.697886596937714,447.9582342807001,-782.8958090319429,533.7806907030415,-0.14348943298468858,205.24528380450164,-200.46230270501195,0.19131924397958477,-0.047829810994896194,9.56596219897924,191.31924397958477,-0.09565962198979239,-0.19131924397958477,0.047829810994896194,475.98916655722223,0.0,-163.9925877537193,81.1812553831781,491.3770780058674,0.0,778.5168223105314,-1000.0,0.0,-605.7987288616214,795.6067357167026,-1000.0,0.0,302.8993644308107,-245.6885390029337,-397.8033678583513,0.0,500.0,-162.19845390909498,-337.29931113676446,0.0,1000.0,-337.29931113676446,-778.5168223105314,494.48399534403757,0.0,1496.5981,bhi
96,0.0,0.0,0.0,0.0,0.0,0.0,0.0,0.0,778.5328590494446,0.0,0.0,0.0,0.0,0.0,0.0,0.0,547.569179343744,0.0,0.0,-290.72454459559384,0.0,0.0,0.0,254.11292677069434,0.0,0.0,0.0,0.0,0.0,-271.4043874616016,0.0,0.0,596.1290845491548,0.0,0.0,0.0,0.0,908.6783989512567,0.0,-1000.0,508.1015201726067,0.0,-691.2924683151125,-743.8348578823202,0.0,0.0,0.0,0.0,496.3895290111809,0.0,0.0,749.6325914740565,0.0,0.19756641594221946,0.0,0.0,0.0,35.921166535024824,0.0,0.0,-44.29421935682876,0.0,764.4681973138989,563.6354682138352,829.9661100172756,0.0,0.0,0.0,1000.0,-1000.0,0.0,1.7960583267512413,0.0,0.0,0.0,0.0,0.0,0.0,0.0,0.0,0.0,0.0,0.0,0.0,107.76349960507449,0.0,80.65643560698408,293.36647114534543,-190.01936193555122,0.0,-0.04490145816878103,0.0,0.0,0.0,53.88174980253724,0.0,53.88174980253724,-5.783307812140208,0.0,0.0,0.0,8.980291633756206,-301.17336552325355,0.0,0.0,-399.90162654872546,0.0,0.0,0.0,0.0,0.0,0.0,0.0,0.0,0.0,0.0,0.0,0.0,0.0,0.0,0.0,0.0,0.0,0.0,-1000.0,0.0,0.0,53.88174980253724,0.0,55.67780812928848,0.0,0.0,-526.802878897524,526.802878897524,0.0,0.0,0.0,-437.3750000000003,437.3750000000003,-156.53850974323495,0.0,0.0,0.0,0.0,0.0,94.48608472296868,0.17960583267512414,0.0,0.0,0.0,0.0,0.0,0.0,0.0,0.0,0.0,769.328903269537,0.0,0.0,0.0,0.0,0.0,519.2314806243565,519.2314806243565,0.0,0.0,0.0,0.0,0.0,0.0,0.0,519.4110864570317,0.0,0.0,0.0,-234.39207979915432,-935.0496757950096,0.0,0.0,0.0,0.0,0.0,0.0,0.0,0.0,0.0,-986.5295625493657,0.0,0.0,0.0,0.0,-638.7077212792717,0.0,0.0,0.0,0.0,0.0,0.0,-58.340123158944024,268.58412300241764,-268.58412300241764,156.53850974323495,0.0,0.0,0.0,0.0,0.0,0.0,29.76897806165198,228.7143232023614,0.0,0.0,0.0,0.0,0.0,0.0,0.0,0.0,0.0,0.0,0.0,0.0,0.0,200.0648622983078,-149.79241874575894,-714.2141977343792,0.0,0.0,0.0,0.0,303.7677893705422,0.0,0.0,0.0,0.0,-44.29421935682876,29.620660147940953,0.0,0.0,0.0,0.0,0.0,0.0,0.0,0.0,0.0,0.0,0.0,0.0,547.2997705947314,-602.59618265835,1000.0,0.0,714.2141977343792,0.0,0.0,156.53850974323495,219.11911586365144,0.0,0.0,0.0,-125.49348458517125,0.0,0.0,-1000.0,0.0,0.0,-1000.0,0.0,0.0,78.56476106686642,0.0,-62.263830275645944,0.0,0.0,40.793974049819155,0.0,0.0,0.0,-396.9504669862911,0.0,396.9504669862911,0.0,1000.0,0.0,0.0,289.118995767413,0.0,0.0,0.0,-44.29421935682876,-0.2694087490126862,0.0,0.0,0.0,0.0,0.17960583267512414,0.0,0.0,0.0,124.51967236295724,547.569179343744,0.0,-317.54960708978297,-671.5038278649145,935.0496757950096,561.9832699751439,0.0,-308.0925013771167,0.0,-399.90162654872546,0.0,0.0,0.0,398.4980155164952,-1000.0,909.5944858606216,0.0,22.5101789886298,0.0,0.0,0.0,0.0,0.0,0.0,0.0,0.0,0.0,0.0,0.0,0.0,0.0,0.0,0.0,0.0,0.0,-90.6031777180427,0.0,-1000.0,0.0,0.0,0.0,664.0738557496363,0.0,0.0,-94.48608472296868,0.0,0.0,0.0,0.0,0.0,0.0,0.0,-341.0172195085744,0.0,0.0,941.2269989154555,704.6392936550134,-565.3958172674992,-1000.0,0.0,0.0,0.0,-4.490145816878103,-713.6195852887696,-139.68328398305434,0.0,-400.0518326636486,558.8029043098581,0.0,53.88174980253724,0.0,0.0,0.0,406.40198968768254,0.0,778.7124648821198,0.0,-200.0648622983078,200.0648622983078,200.0648622983078,957.5784703260181,0.0,0.0,-722.9174320292709,0.0,0.0,29.76897806165198,0.0,0.0,-83.81407724292433,0.0,0.0,0.0,0.0,0.0,0.0,0.0,-203.67416854829617,0.35921166535030447,0.0,0.0,0.0,0.0,0.0,0.0,0.0,0.0,0.0,0.0,0.0,0.0,0.0,0.0,0.0,0.0,0.0,0.0,0.0,0.19756641594221946,0.19756641594221946,0.0,0.0,0.0,107.76349960507449,0.0,0.0,0.0,-217.2936692732048,0.0,0.0,80.65643560698408,0.0,0.0,1000.0,217.2936692732048,0.0,0.0,0.0,0.0,0.0,0.0,0.0,0.0,0.0,0.0,0.0,0.0,0.0,333.3333333333333,-124.51967236295724,0.0,0.0,94.48608472296868,0.0,-583.8605992205687,583.8605992205687,123.55430010679146,0.0,1000.0,0.0,0.0,796.3258314517038,-687.5000000001463,687.5000000001463,200.0648622983078,0.0,0.0,0.0,0.0,0.0,0.0,0.0,0.0,0.0,0.0,0.0,0.0,0.0,107.76349960507449,156.53850974323495,156.53850974323495,0.0,0.0,0.0,0.0,0.0,0.0,0.0,0.0,0.0,0.0,1.7960583267512413,0.0,0.0,80.65643560698408,-80.65643560698408,0.0,-58.340123158944024,0.0,0.0,53.88174980253724,0.0,0.0,0.0,0.0,0.0,0.0,0.0,0.0,0.0,0.0,1000.0,-169.42933173193396,0.0,53.88174980253724,53.88174980253724,-844.1465781099848,217.2936692732048,0.0,0.0,0.0,0.0,0.0,0.0,0.0,902.0304205680418,29.76897806165198,1000.0,0.17960583267512414,0.0,0.0,134.80751574672416,102.38764427687367,0.0,0.0,0.0,0.0,0.0,0.0,0.0,0.0,0.0,0.0,0.0,0.0,0.0,0.0,0.0,0.0,0.0,0.17960583267512414,0.0,0.0,0.0,0.0,0.0,0.0,0.0,0.0,0.0,-100.26939253510889,5.783307812140208,0.0,0.0,-909.3968222819573,-13.47043745063431,0.0,-8.980291633756206,0.0,0.0,0.0,0.0,0.0,0.0,0.0,0.0,0.0,0.0,0.0,156.53850974323495,935.0496757950096,0.0,0.0,-391.0715410298924,0.0,0.0,0.0,778.5328590494446,0.0,0.0,0.17960583267512414,0.0,0.17960583267512414,0.0,0.0,0.0,107.76349960507449,219.11911586365144,219.11911586365144,0.0,0.0,0.0,0.0,0.0,0.0,0.0,0.0,0.0,29.76897806165198,0.0,0.0,413.9620777098229,0.0,0.0,0.0,0.0,0.0,0.0,0.0,0.0,0.0,0.0,0.0,0.0,0.0,0.0,460.30629911377713,0.0,0.0,0.0,0.2694087490126862,0.0,0.0,0.0,-53.88174980253724,0.0,0.0,0.0,0.0,0.0,0.0,8.980291633756206,0.0,0.0,0.0,0.0,0.0,-5.783307812140208,-8.980291633756206,0.0,0.0,0.0,0.0,0.0,0.0,0.0,156.53850974323495,0.0,0.0,0.0,-200.0648622983078,0.0,-592.9815258232329,-399.90162654872546,0.0,0.0,0.0,0.0,0.0,0.0,0.0,8.980291633756206,1000.0,0.0,0.0,0.0,-245.12694845689248,812.4999999999992,-812.4999999999992,187.50000000000017,-187.50000000000017,0.0,0.0,0.0,0.0,0.0,1000.0,-40.41131235190278,219.11911586365144,0.0,0.0,0.0,0.0,0.0,0.0,0.0,0.0,0.0,0.0,0.0,0.0,0.0,-237.19516002359785,-58.95892581213624,-691.2924683151125,53.88174980253724,80.65643560698408,0.0,0.0,0.0,-200.3504847042386,0.0,0.0,0.19756641594221946,0.0,0.0,0.0,109.55955793182572,0.0,0.0,0.0,0.0,-149.79241874575894,0.0,0.0,0.0,0.0,0.0,0.0,0.0,0.0,0.0,0.0,0.017960583267512414,0.017960583267512414,0.0,0.0,0.0,0.0,0.0,0.0,0.0,0.0,0.0,134.80751574672416,0.0,0.0,0.0,0.0,0.0,0.0,0.0,0.0,0.0,0.0,0.0,0.0,0.0,0.0,0.0,0.0,0.0,161.31287121396815,180.19938966848503,1000.0,0.0,0.0,0.0,0.0,107.76349960507449,0.0,0.0,0.0,0.0,0.0,0.0,-107.76349960507449,0.0,161.31287121396815,0.0,0.0,0.0,0.0,0.0,0.0,0.0,0.0,0.0,0.0,22.5101789886298,600.8570550447882,536.992073092283,0.0,-53.88174980253724,0.0,908.6783989512567,0.0,0.0,0.0,0.0,0.0,0.0,0.0,0.0,0.0,0.0,0.0,0.0,0.0,0.0,0.0,0.0,0.0,-22.450729084390517,156.53850974323495,-13.47043745063431,440.90295261109156,0.0,0.0,0.0,0.0,0.0,0.0,-2.2450729084390515,83.81407724292433,0.0,0.0,0.0,0.0,0.0,0.0,0.0,1000.0,53.88174980253724,53.88174980253724,0.0,0.0,0.0,0.0,0.0,0.19756641594221946,0.0,0.0,0.0,-908.6783989512567,0.0,0.0,0.0,0.0,0.0,0.0,0.0,0.0,0.0,0.0,0.0,0.0,0.0,0.0,0.0,0.0,0.0,0.0,0.0,188.58612430888036,0.0,0.0,94.48608472296868,0.0,0.0,0.0,0.0,0.0,0.0,0.0,0.0,0.0,-22.450729084390517,0.0,0.0,0.0,0.0,0.0,0.0,0.0,0.0,0.0,0.0,0.0,0.0,0.0,0.0,0.0,0.0,0.0,0.0,-0.17960583267512414,0.0,0.0,8.980291633756206,-1000.0,0.0,0.0,0.0,0.0,156.53850974323495,0.0,0.0,0.0,-398.4980155164952,4.490145816878103,0.0,0.0,0.0,0.17960583267512414,0.0,179.6058326751241,-55.67780812928848,35.92116653502483,1.282898804822315,501.1002731635963,-0.1347043745063431,341.0172195085744,3.5921166535024827,-0.8980291633757815,-501.1002731635963,53.88174980253724,-0.17960583267512412,133.3005421829085,0.0,0.04490145816878103,1.282898804822315,-399.90162654872546,-109.2496841688651,-3.5921166535024827,-256.8446347481502,-0.17960583267512412,0.04490145816878103,-501.1002731635963,17.960583267512412,0.17960583267512412,0.17960583267512414,0.37717224861734355,-80.45886919104144,0.0,-0.1347043745063431,53.88174980253724,0.17960583267512412,53.88174980253724,-89.80291633756207,-0.08980291633756206,30.474349827913898,-321.9079784707297,-0.1347043745063431,-0.17960583267512412,-55.67780812928848,0.17960583267512414,17.960583267512412,-3.5921166535024827,460.30629911377713,460.30629911377713,-17.960583267512412,256.8446347481502,-460.30629911377713,35.921166535024824,0.2694087490126862,-1000.0,17.960583267512412,-333.3333333333333,0.0,-35.921166535024824,0.08980291633756206,1.7960583267512413,79.38740177244574,-164.14369576328295,-0.17960583267512414,-40.41131235190278,-0.37717224861734355,55.67780812928848,0.17960583267512412,109.2496841688651,-215.52699921014892,0.0,-0.17960583267512414,-0.04490145816878103,0.0,-0.17960583267512412,-203.67416854829617,0.17960583267557886,-0.04490145816878103,-0.04490145816878103,-0.04490145816878103,71.84233307004965,89.80291633756207,1.7960583267512413,133.0654712831814,-0.04490145816878103,25.474261361982997,8.980291633756206,110.81737590790429,0.17960583267512414,0.08980291633756206,0.08980291633756206,17.960583267512412,55.67780812928848,0.17960583267512414,-55.67780812928848,1.7960583267512413,0.17960583267512412,-133.0654712831814,0.17960583267512412,0.7184233307006005,0.8980291633757815,0.08980291633756206,0.04490145816878103,53.88174980253724,-0.17960583267512412,0.0,1.7960583267512413,-266.1309425663628,336.5270736916963,-17.960583267512412,35.921166535024824,8.980291633756206,-0.17960583267512412,399.90162654872546,0.2694087490126862,-0.17960583267512412,-35.921166535024824,55.67780812928848,706.6552054891555,0.08980291633756206,-221.63475181580858,-0.17960583267512412,-0.17960583267557886,-0.17960583267512412,0.08980291633756206,501.1002731635963,-35.921166535024824,0.17960583267512414,158.77480354489148,-0.04490145816878103,80.45886919104144,-158.77480354489148,26.940874901268614,321.9079784707297,86.3941913524179,501.1002731635963,-0.1347043745063431,40.41131235190278,164.14369576328295,0.17960583267512412,-0.044901458168781036,8.980291633756206,179.6058326751241,-0.08980291633756206,-0.17960583267512412,0.04490145816878103,0.0,0.0,921.345436016796,0.0,-1000.0,0.0,716.657806954981,-1000.0,0.0,1000.0,-1000.0,557.0603592882081,-78.56476106686642,-500.0,500.0,500.0,0.0,500.0,0.0,-506.30472078491687,78.56476106686642,-557.0603592882081,-506.30472078491687,-716.657806954981,457.1121114488087,0.0,1496.5981,bhi
97,0.0,0.0,0.0,0.0,0.0,0.0,0.0,0.0,-0.16646140963569533,0.0,0.0,0.0,0.0,0.0,0.0,0.0,0.0,686.9794532770816,0.0,-96.63684804744668,0.0,0.0,0.0,1000.0,0.0,0.0,0.0,0.0,0.0,-777.0700609412452,0.0,0.0,549.0686472434287,0.0,0.0,0.0,0.0,205.44212289028135,0.0,-1000.0,311.8129917489473,0.0,0.0,1000.0,0.0,0.0,0.0,0.0,476.62917071011253,0.0,0.0,699.5591097688673,0.0,0.1831075505995159,0.0,0.0,0.0,0.0,0.0,0.0,125.99495301398278,0.0,-120.60477673336004,-416.57378718709424,0.0,0.0,0.0,0.0,0.0,0.0,0.0,1.6646140963569533,0.0,0.0,0.0,0.0,0.0,0.0,0.0,0.0,0.0,0.0,0.0,0.0,99.8768457814172,0.0,0.0,-117.10159137142136,-69.62586434018891,0.0,-0.041615352408923834,0.0,0.0,-270.83156854414,49.9384228907086,0.0,49.9384228907086,-5.360057390280417,0.0,0.0,0.0,8.323070481784766,-903.9060233704768,0.0,0.0,-447.25255560362217,0.0,0.0,0.0,0.0,0.0,0.0,0.0,0.0,0.0,0.0,0.0,0.0,0.0,0.0,0.0,0.0,0.0,0.0,-642.2140918185938,0.0,0.0,49.9384228907086,0.0,51.60303698706555,0.0,0.0,-736.0036671805127,736.0036671805127,0.0,0.0,-55.70536384389726,0.0,0.0,-366.25859962381975,0.0,0.0,0.0,0.0,0.0,12.817528541948567,0.16646140963569533,0.0,0.0,0.0,-1000.0,0.0,0.0,0.0,0.0,0.0,1000.0,0.0,0.0,0.0,0.0,0.0,321.0479120024668,321.0479120024668,0.0,0.0,0.0,0.0,0.0,0.0,0.0,321.2143734121025,0.0,0.0,0.0,-879.1890699739545,-978.3498919316843,0.0,0.0,0.0,0.0,0.0,0.0,0.0,0.0,0.0,-312.2944137927681,0.0,0.0,0.0,0.0,-772.8891274600219,0.0,0.0,0.0,0.0,0.0,0.0,-699.5591097688673,69.62586434018891,-69.62586434018891,274.7462484156858,0.0,0.0,0.0,0.0,0.0,0.0,126.83596242923157,-20.807676204461917,0.0,0.0,0.0,0.0,0.0,0.0,0.0,0.0,0.0,0.0,0.0,0.0,0.0,0.0,704.5019589268929,1000.0,0.0,0.0,0.0,147.21771505203122,-77.51758515174168,0.0,0.0,0.0,0.0,125.99495301398278,0.0,0.0,0.0,0.0,0.0,0.0,0.0,0.0,0.0,0.0,33.292281927139065,0.0,0.0,-584.6982942052151,-723.9500228855931,-270.4056660899872,0.0,-1000.0,0.0,0.0,421.963963467717,-796.9170802444517,0.0,0.0,0.0,-220.84917143830853,0.0,0.0,-454.9644516872165,-1000.0,0.0,545.0355483127834,0.0,1000.0,0.0,0.0,1000.0,0.0,0.0,267.19866961964595,0.0,0.0,0.0,-35.85275464235531,0.0,35.85275464235531,0.0,1000.0,0.0,147.21771505203122,0.0,0.0,0.0,0.0,125.99495301398278,-0.24969211445354297,0.0,0.0,0.0,0.0,0.16646140963569533,0.0,0.0,0.0,525.7220413053692,0.0,0.0,-298.1683704024148,-217.4066786920855,978.3498919316843,275.1440782946049,0.0,238.47261544409739,0.0,-447.25255560362217,0.0,0.0,0.0,-14.332327369633616,0.0,-224.1402880744638,-1000.0,-1000.0,0.0,0.0,0.0,0.0,0.0,0.0,0.0,0.0,0.0,0.0,0.0,0.0,0.0,0.0,0.0,0.0,0.0,0.0,0.0,-1000.0,0.0,793.8920314711689,0.0,0.0,0.0,0.0,44.777719195400046,0.0,0.0,0.0,0.0,0.0,0.0,-382.49670682576016,0.0,743.7805173199486,0.0,0.0,-664.2439025676994,0.0,0.0,382.49670682576016,-8.323070481784766,0.0,-747.9420525608409,655.9208320859146,-441.22564537354754,0.0,0.0,1000.0,-825.2918807694043,49.9384228907086,0.0,0.0,0.0,250.67505702403497,0.0,0.0,0.0,0.0,0.0,0.0,-183.94793535531073,0.0,0.0,-679.1185494071689,0.0,0.0,126.83596242923157,0.0,0.0,-169.9740574397514,0.0,0.0,86.60733634505097,0.0,0.0,0.0,0.0,-345.43646396381564,0.3329228192713539,0.0,0.0,0.0,0.0,0.0,0.0,0.0,0.0,0.0,0.0,0.0,0.0,0.0,0.0,0.0,0.0,0.0,0.0,0.0,0.1831075505995159,0.1831075505995159,0.0,43.79081359691351,0.0,99.8768457814172,0.0,0.0,0.0,-279.34225176908234,0.0,0.0,0.0,0.0,0.0,213.01587784018784,279.34225176908234,0.0,0.0,0.0,0.0,0.0,86.60733634505097,0.0,0.0,0.0,0.0,0.0,0.0,0.0,214.07136393953127,-525.7220413053692,1000.0,0.0,12.817528541948567,0.0,0.0,-270.83156854414,-468.0602318080841,0.0,213.01587784018784,0.0,-588.4515388207939,456.0309526971661,0.0,0.0,0.0,0.0,0.0,0.0,0.0,0.0,0.0,0.0,0.0,0.0,0.0,0.0,0.0,0.0,99.8768457814172,421.963963467717,421.963963467717,0.0,0.0,0.0,0.0,0.0,0.0,0.0,0.0,0.0,0.0,1.6646140963569533,0.0,0.0,0.0,0.0,0.0,-699.5591097688673,0.0,0.0,49.9384228907086,0.0,0.0,0.0,0.0,0.0,0.0,0.0,0.0,0.0,0.0,266.1717940074769,158.48923662421203,0.0,49.9384228907086,49.9384228907086,1000.0,279.34225176908234,0.0,86.60733634505097,0.0,0.0,0.0,0.0,0.0,903.9060233704768,126.83596242923157,1000.0,0.16646140963569533,0.0,0.0,-780.1639283746878,1000.0,0.0,0.0,270.83156854414,0.0,0.0,0.0,0.0,0.0,0.0,0.0,0.0,0.0,0.0,0.0,0.0,0.0,0.0,0.16646140963569533,0.0,0.0,0.0,0.0,0.0,0.0,0.0,0.0,793.8920314711689,-874.8483212520247,919.6260404474248,0.0,0.0,-1000.0,-12.48460572267715,0.0,-8.323070481784766,0.0,0.0,0.0,0.0,0.0,0.0,0.0,0.0,0.0,0.0,0.0,421.963963467717,978.3498919316843,0.0,0.0,-816.9688102876196,0.0,0.0,0.0,-0.16646140963569533,0.0,0.0,0.16646140963569533,0.0,0.16646140963569533,0.0,0.0,0.0,99.8768457814172,203.08291975554835,203.08291975554835,0.0,0.0,0.0,0.0,0.0,0.0,0.0,1000.0,0.0,126.83596242923157,0.0,0.0,0.0,0.0,0.0,0.0,0.0,0.0,0.0,0.0,0.0,0.0,0.0,0.0,0.0,0.0,0.0,197.2286632639441,0.0,0.0,0.0,0.24969211445354297,0.0,0.0,0.0,-49.9384228907086,0.0,0.0,0.0,0.0,0.0,-43.79081359691351,8.323070481784766,0.0,0.0,0.0,0.0,0.0,-5.360057390280417,-8.323070481784766,0.0,0.0,0.0,0.0,0.0,0.0,0.0,421.963963467717,0.0,0.0,0.0,43.79081359691351,0.0,1000.0,-447.25255560362217,0.0,914.2659830571444,0.0,-914.2659830571444,0.0,-1000.0,0.0,8.323070481784766,353.0310853099103,0.0,0.0,0.0,-169.9740574397514,62.50000000000006,-62.50000000000006,0.0,0.0,0.0,-57.595247737348615,0.0,0.0,0.0,299.809808070091,-12.484605722677047,203.08291975554835,0.0,0.0,0.0,0.0,0.0,0.0,0.0,0.0,0.0,0.0,0.0,0.0,68.76002504226778,-219.83607162531223,0.0,0.0,49.9384228907086,0.0,0.0,0.0,0.0,-91.97733089683081,0.0,0.0,0.1831075505995159,0.0,0.0,0.0,101.54145987777416,0.0,0.0,0.0,0.0,704.5019589268929,0.0,0.0,0.0,0.0,0.0,0.0,0.0,0.0,0.0,0.0,0.016646140963569533,0.016646140963569533,0.0,0.0,0.0,0.0,0.0,0.0,0.0,0.0,0.0,-780.1639283746878,0.0,0.0,0.0,0.0,0.0,43.79081359691351,0.0,0.0,0.0,0.0,0.0,0.0,0.0,0.0,0.0,0.0,0.0,0.0,1000.0,-319.56678710620145,686.9794532770816,0.0,0.0,0.0,99.87684578141727,0.0,0.0,0.0,0.0,0.0,54.1843802456694,-154.0612260270866,0.0,0.0,0.0,0.0,0.0,0.0,0.0,0.0,0.0,0.0,0.0,0.0,-1000.0,-1000.0,114.02606560045137,371.4781753576535,-421.4165982483621,0.0,999.3341543614503,0.0,0.0,0.0,0.0,0.0,0.0,0.0,0.0,0.0,0.0,0.0,0.0,0.0,0.0,0.0,0.0,0.0,-20.807676204461917,421.963963467717,-12.48460572267715,0.0,0.0,0.0,0.0,0.0,0.0,-2.0807676204461916,0.0,169.9740574397514,0.0,0.0,0.0,0.0,0.0,0.0,0.0,1000.0,49.9384228907086,49.9384228907086,0.0,0.0,0.0,0.0,0.0,0.1831075505995159,43.79081359691351,0.0,0.0,-999.3341543614503,0.0,0.0,0.0,0.0,0.0,0.0,0.0,0.0,0.0,0.0,0.0,0.0,0.0,0.0,0.0,0.0,0.0,0.0,0.0,174.78448011748011,0.0,0.0,12.817528541948567,0.0,0.0,0.0,43.79081359691351,0.0,0.0,0.0,0.0,0.0,-20.807676204461917,0.0,0.0,0.0,0.0,0.0,0.0,0.0,0.0,0.0,0.0,0.0,0.0,0.0,0.0,0.0,0.0,0.0,0.0,-0.16646140963569533,0.0,0.0,8.323070481784766,-213.01587784018784,0.0,0.0,0.0,0.0,421.963963467717,0.0,0.0,0.0,14.332327369633616,4.161535240892384,0.0,0.0,0.0,0.16646140963569533,0.0,166.4614096356953,-51.60303698706555,33.292281927139065,1.1890100688263952,464.42733288358994,-0.12484605722677149,8.323070481784766,3.3292281927139067,-0.8323070481853847,-464.42733288358994,49.9384228907086,-0.16646140963569533,149.0841852012074,86.60733634505097,0.041615352408923834,1.1890100688263952,-447.25255560362217,-26.500656414013633,-3.3292281927139067,-590.342605229635,-0.16646140963569533,0.041615352408923834,-464.42733288358994,16.646140963569533,0.16646140963569533,0.16646140963569533,-43.4412446366783,0.18310755059926487,0.0,-0.12484605722677149,49.9384228907086,0.16646140963569533,49.9384228907086,-83.23070481784767,-0.08323070481784767,-105.49488879275566,60.70498277853645,-0.12484605722677149,-0.16646140963569533,-51.60303698706555,0.16646140963569533,16.646140963569533,-3.3292281927139067,197.2286632639441,197.2286632639441,-16.646140963569533,590.342605229635,-197.2286632639441,33.292281927139065,0.24969211445354297,-1000.0,16.646140963569533,-214.07136393953127,86.60733634505097,-33.292281927139065,0.08323070481784767,1.6646140963569533,74.5420926006037,77.08309552405257,-0.16646140963569533,-81.24463076494483,43.4412446366783,51.60303698706555,0.16646140963569533,26.500656414013633,-113.14635521778334,86.60733634505097,-0.16646140963569533,-0.041615352408923834,-86.60733634505097,-0.16646140963569533,-345.43646396381564,0.16646140963569422,-0.041615352408923834,-0.041615352408923834,-0.041615352408923834,66.58456385427813,83.23070481784767,1.6646140963569533,415.5513979092384,-0.041615352408923834,0.0,8.323070481784766,181.04130246369257,0.16646140963569533,0.08323070481784767,0.08323070481784767,-13.659048389920592,51.60303698706555,0.16646140963569533,-51.60303698706555,1.6646140963569533,0.16646140963569533,-1000.0,0.16646140963569533,0.6658456385497402,0.8323070481853847,0.08323070481784767,0.041615352408923834,49.9384228907086,-0.16646140963569533,0.0,1.6646140963569533,-831.1027958184768,4.161535240892384,-16.646140963569533,33.292281927139065,8.323070481784766,-0.16646140963569533,447.25255560362217,0.24969211445354297,-0.16646140963569533,27.318096779841184,51.60303698706555,430.9348568986054,0.08323070481784767,-362.08260492738515,-0.16646140963569533,-0.16646140963569422,-0.16646140963569553,0.08323070481784767,464.42733288358994,-33.292281927139065,0.16646140963569533,149.0841852012074,-0.041615352408923834,-0.18310755059926487,-149.0841852012074,24.969211445354293,-60.70498277853645,423.8023657578399,464.42733288358994,-0.12484605722677149,81.24463076494483,-77.08309552405257,0.16646140963569533,-0.041615352408923736,8.323070481784766,166.4614096356953,-0.08323070481784767,-0.16646140963569533,0.041615352408923834,1000.0,0.0,999.9167692951821,584.4486020907616,-1000.0,0.0,1.802604678850912,-1000.0,0.0,1000.0,347.23315200775886,-33.292281927139065,0.0,-500.0,500.0,-173.61657600387943,0.0,500.0,-43.79081359691351,-338.9575260017746,0.0,33.292281927139065,-338.9575260017746,-1.802604678850912,49.15140946653236,0.0,1496.5981,bhi
98,0.0,0.0,0.0,0.0,0.0,0.0,0.0,0.0,-0.1568013227739405,0.0,0.0,0.0,0.0,0.0,0.0,0.0,-375.47547895855826,732.514255263631,0.0,-419.27541790926074,0.0,0.0,0.0,256.6420271607512,0.0,0.0,0.0,0.0,0.0,1000.0,0.0,0.0,240.84354849100623,0.0,0.0,0.0,0.0,122.16315456026987,0.0,-1000.0,907.7169752172756,0.0,-231.74935755976696,143.72612139879118,0.0,0.0,0.0,0.0,1000.0,-581.2511788003118,0.0,1000.0,0.0,0.1724814550512111,0.0,0.0,0.0,0.0,0.0,0.0,-13.808969825624501,0.0,328.8662069474097,315.0572371217852,0.0,0.0,0.0,0.0,107.95381168605155,-107.95381168605155,0.0,1.5680132277394052,0.0,0.0,0.0,0.0,0.0,0.0,0.0,0.0,0.0,0.0,0.0,0.0,94.08079366436431,0.0,0.0,-861.859998457283,434.50098203402445,587.4009816115163,-0.03920033069348512,0.0,0.0,649.7422271373075,47.040396832182154,0.0,59.49798217544611,-5.049002593319301,0.0,0.0,0.0,7.840066138697024,1000.0,0.0,0.0,0.0,0.0,0.0,0.0,0.0,0.0,0.0,0.0,0.0,0.0,0.0,0.0,0.0,0.0,0.0,0.0,0.0,0.0,0.0,-430.0717660303593,0.0,0.0,59.49798217544611,0.0,48.60841005992155,0.0,0.0,-454.36233759907134,454.36233759907134,0.0,0.0,753.097978617022,0.0,0.0,-753.097978617022,0.0,0.0,0.0,0.0,0.0,12.07370185359341,0.1568013227739405,0.0,0.0,0.0,0.0,-1000.0,0.0,0.0,0.0,0.0,1000.0,0.0,0.0,0.0,0.0,0.0,397.6544648813337,397.6544648813337,0.0,0.0,0.0,0.0,1000.0,0.0,0.0,397.81126620410765,0.0,0.0,0.0,261.83081462949826,-1000.0,0.0,0.0,0.0,0.0,0.0,0.0,0.0,0.0,0.0,-144.57529029542562,0.0,0.0,0.0,0.0,-1000.0,0.0,0.0,0.0,0.0,0.0,581.2511788003118,-768.250642440233,-369.889359102484,369.889359102484,0.0,0.0,0.0,0.0,0.0,0.0,0.0,0.0,-1000.0,0.0,0.0,0.0,0.0,0.0,0.0,0.0,0.0,0.0,0.0,0.0,0.0,0.0,0.0,525.5106908396609,-856.2738786012088,0.0,0.0,0.0,0.0,0.0,0.0,0.0,0.0,0.0,-13.808969825624501,-1000.0,0.0,0.0,0.0,0.0,0.0,0.0,0.0,0.0,0.0,31.3602645547881,12.457585343263958,0.0,211.69030066879714,784.3312842455387,-1000.0,0.0,856.2738786012088,0.0,0.0,0.0,0.0,0.0,0.0,0.0,274.82262941992246,0.0,0.0,-1000.0,-776.3583318790221,0.0,-1000.0,776.3583318790221,0.0,64.61162293154047,0.0,805.2094767091694,581.2511788003118,0.0,437.47569053929396,0.0,0.0,0.0,-341.4387793840619,0.0,341.4387793840619,0.0,1000.0,0.0,0.0,-649.7422271373075,0.0,0.0,0.0,-13.808969825624501,-0.23520198416091073,0.0,0.0,0.0,0.0,0.1568013227739405,0.0,0.0,0.0,940.5020178245538,-375.47547895855826,0.0,-510.9516269572684,-254.43353627950046,1000.0,919.5981693122754,0.0,0.0,0.0,0.0,0.0,0.0,0.0,107.95381168605155,-107.95381168605155,0.0,-1000.0,-1000.0,0.0,0.0,0.0,0.0,0.0,0.0,0.0,0.0,0.0,0.0,0.0,0.0,0.0,0.0,0.0,0.0,0.0,0.0,0.0,-122.79035985136568,0.0,0.0,0.0,0.0,0.0,0.0,-12.07370185359341,0.0,0.0,0.0,0.0,0.0,0.0,-191.25687309619767,0.0,0.0,0.0,0.0,-766.5541309916466,542.6143781664948,-875.2017648584933,191.25687309619767,-7.840066138697025,0.0,-3.9200330693485124,758.7140648529496,0.0,0.0,-69.17136050119096,333.0533199624679,-32.74949930187037,59.49798217544617,0.0,0.0,0.0,823.8993281343344,0.0,0.0,0.0,0.0,0.0,0.0,41.423330776605965,0.0,0.0,-602.5023364414403,0.0,0.0,0.0,0.0,0.0,-27.617939651249003,0.0,0.0,47.61678808044625,0.0,0.0,0.0,0.0,-533.9872913357852,0.31360264554791684,0.0,0.0,0.0,0.0,0.0,0.0,0.0,0.0,0.0,0.0,0.0,0.0,0.0,0.0,0.0,0.0,0.0,0.0,0.0,0.1724814550512111,0.1724814550512111,0.0,265.7382727250201,0.0,94.08079366436431,0.0,0.0,0.0,1000.0,0.0,0.0,0.0,0.0,0.0,445.0532118505073,-1000.0,0.0,0.0,0.0,0.0,0.0,47.61678808044625,0.0,0.0,0.0,0.0,0.0,0.0,0.0,143.3572553434531,-940.5020178245538,1000.0,0.0,12.07370185359341,0.0,1000.0,-350.2577728626925,-350.2577728626925,0.0,445.0532118505073,0.0,0.0,-88.93407948527795,0.0,0.0,0.0,0.0,0.0,0.0,0.0,0.0,0.0,0.0,0.0,0.0,0.0,0.0,0.0,0.0,94.08079366436431,0.0,0.0,0.0,0.0,0.0,0.0,0.0,0.0,0.0,0.0,0.0,0.0,1.5680132277394052,0.0,0.0,0.0,0.0,0.0,-768.250642440233,0.0,0.0,59.49798217544611,0.0,0.0,0.0,0.0,0.0,0.0,0.0,0.0,0.0,0.0,1000.0,0.0,0.0,47.040396832182154,47.040396832182154,949.0395700984693,-1000.0,0.0,47.61678808044625,0.0,0.0,0.0,0.0,0.0,-308.3885659150635,0.0,0.0,0.1568013227739405,0.0,0.0,207.07854691195612,0.0,0.0,0.0,-649.7422271373075,0.0,0.0,0.0,0.0,0.0,0.0,0.0,0.0,0.0,0.0,0.0,0.0,0.0,0.0,0.1568013227739405,0.0,0.0,0.0,0.0,0.0,0.0,0.0,0.0,0.0,0.0,-12.07370185359341,0.0,0.0,-122.79035985136568,-11.760099208045538,-7.840066138697031,0.0,0.0,-812.5,-812.5,812.5,0.0,0.0,0.0,0.0,0.0,0.0,0.0,0.0,1000.0,0.0,0.0,-94.08079366436431,0.0,0.0,0.0,-0.1568013227739405,0.0,0.0,0.1568013227739405,0.0,0.1568013227739405,0.0,0.0,0.0,94.08079366436431,191.29761378420739,191.29761378420739,0.0,0.0,0.0,0.0,0.0,0.0,0.0,1000.0,0.0,0.0,0.0,0.0,121.45440557688771,0.0,0.0,0.0,0.0,0.0,0.0,0.0,0.0,0.0,0.0,0.0,0.0,0.0,0.0,0.0,0.0,-414.2005662602994,414.2005662602994,0.23520198416091073,0.0,0.0,0.0,-59.49798217544611,0.0,0.0,0.0,0.0,0.0,-265.7382727250201,7.840066138697024,0.0,0.0,0.0,0.0,-1000.0,12.07370185359341,0.0,0.0,0.0,0.0,0.0,0.0,0.0,0.0,0.0,0.0,0.0,1000.0,265.7382727250201,0.0,-31.3602645547881,0.0,0.0,0.0,0.0,0.0,0.0,-191.29761378420739,0.0,7.840066138697031,390.57597890680154,0.0,0.0,0.0,-27.617939651249003,0.0,0.0,0.0,0.0,0.0,0.0,0.0,0.0,0.0,383.75769831774295,-262.70260643840834,191.29761378420739,0.0,0.0,0.0,0.0,0.0,0.0,0.0,0.0,0.0,0.0,0.0,0.0,38.3159639107483,-207.07854691195612,-478.5497106830672,-231.74935755976696,47.040396832182154,0.0,0.0,0.0,0.0,-35.882553165521585,0.0,0.0,0.1724814550512111,0.0,0.0,0.0,95.6488068921037,0.0,0.0,0.0,0.0,525.5106908396609,0.0,0.0,0.0,0.0,0.0,0.0,0.0,0.0,406.74554951862507,0.0,0.015680132277394048,0.015680132277394048,0.0,0.0,0.0,0.0,0.0,0.0,0.0,0.0,0.0,207.07854691195612,0.0,0.0,0.0,0.0,0.0,265.7382727250201,0.0,0.0,0.0,0.0,0.0,0.0,0.0,581.2511788003118,0.0,0.0,0.0,0.0,0.0,-133.26754155744095,732.514255263631,0.0,0.0,0.0,94.08079366436431,0.0,0.0,0.0,0.0,0.0,0.0,-94.08079366436431,0.0,0.0,0.0,0.0,0.0,0.0,0.0,0.0,0.0,0.0,0.0,0.0,0.0,-308.3885659150635,228.86331167703696,-59.49798217544611,0.0,0.0,122.16315456026987,0.0,0.0,0.0,0.0,0.0,0.0,0.0,0.0,0.0,718.75,0.0,-718.75,-718.75,0.0,0.0,0.0,0.0,-19.60016534674257,0.0,-11.760099208045538,372.39691280725054,0.0,0.0,0.0,0.0,0.0,187.23644869399297,-189.19646522866722,27.617939651249003,0.0,0.0,0.0,0.0,0.0,0.0,0.0,1000.0,47.040396832182154,47.040396832182154,0.0,0.0,0.0,0.0,0.0,0.1724814550512111,265.7382727250201,0.0,0.0,-122.16315456026987,0.0,0.0,0.0,0.0,0.0,0.0,0.0,0.0,0.0,0.0,0.0,0.0,0.0,0.0,207.1002831301497,0.0,0.0,0.0,0.0,164.64138891263752,0.0,0.0,12.07370185359341,0.0,0.0,0.0,265.7382727250201,0.0,-24.962770585609746,0.0,0.0,0.0,-19.60016534674257,0.0,0.0,0.0,0.0,0.0,0.0,0.0,0.0,0.0,0.0,0.0,0.0,0.0,0.0,0.0,0.0,0.0,0.0,-0.1568013227739405,0.0,0.0,7.840066138697024,-445.0532118505073,0.0,0.0,0.0,0.0,0.0,0.0,0.0,0.0,-107.95381168605155,3.9200330693485124,0.0,0.0,0.0,0.1568013227739405,0.0,156.80132277394048,-48.60841005992155,31.360264554788102,1.1200094483852892,437.47569053929396,-0.11760099208045537,7.840066138697025,3.13602645547881,-0.7840066138697495,-437.47569053929396,47.040396832182154,-0.1568013227739405,0.0,47.61678808044625,0.03920033069348512,1.1200094483852892,0.0,-24.962770585609746,-3.13602645547881,62.23664160418804,-0.1568013227739405,0.03920033069348512,-437.47569053929396,578.1559982084317,0.1568013227739405,0.1568013227739405,-265.408989947195,0.17248145505133453,-774.8308398267915,-0.11760099208045537,47.040396832182154,0.1568013227739405,59.49798217544611,-65.9430760437063,-0.07840066138697024,-225.16916017320852,-15.83693360016799,-0.11760099208045537,-0.1568013227739405,-48.60841005992155,0.1568013227739405,15.68013227739405,-3.13602645547881,0.0,0.0,-15.680132277394023,-62.23664160418804,0.0,31.3602645547881,0.23520198416091073,-1000.0,15.68013227739405,-143.3572553434531,47.61678808044625,-31.3602645547881,0.07840066138697024,1.5680132277394052,127.7379067393171,297.0985372798082,-0.1568013227739405,-301.0185703491566,265.408989947195,48.60841005992155,0.1568013227739405,24.962770585609746,-715.4782505225842,47.61678808044625,-0.1568013227739405,-0.03920033069348512,-47.61678808044625,-0.1568013227739405,-533.9872913357852,0.15680132277395842,-0.03920033069348512,-0.03920033069348512,-0.03920033069348512,62.7205291095762,65.9430760437063,1.5680132277394052,116.1701800101427,-0.03920033069348512,255.4758134786342,7.840066138697025,274.83371180658963,0.1568013227739405,0.07840066138697024,0.07840066138697024,39.48852631761717,48.60841005992155,0.1568013227739405,-48.60841005992155,1.5680132277394052,0.1568013227739405,-116.1701800101427,0.1568013227739405,0.6272052910958053,0.7840066138697495,0.07840066138697024,0.03920033069348512,47.040396832182154,-0.1568013227739405,774.8308398267915,1.568013227739405,-232.3403600202854,3.9200330693485137,-15.68013227739405,31.3602645547881,7.840066138697025,-0.1568013227739405,0.0,0.23520198416091073,-0.1568013227739405,-78.97705263523434,48.60841005992155,320.9329550114482,0.07840066138697024,-549.6674236131793,-0.1568013227739405,-0.15680132277395842,-0.1568013227739405,0.07840066138697024,437.47569053929396,-31.3602645547881,0.1568013227739405,255.4758134786342,-0.03920033069348512,-0.17248145505133453,-255.4758134786342,23.520198416091073,15.83693360016799,295.4716015589575,437.47569053929396,-0.11760099208045537,301.0185703491566,-297.0985372798082,0.1568013227739405,-0.03920033069348512,7.840066138697031,156.80132277394048,-0.07840066138697024,-0.1568013227739405,0.03920033069348512,26.433903810881475,0.0,347.90899479555634,0.0,-1000.0,0.0,411.76878005076287,-244.30885772431017,562.4758659310377,232.9795366237563,-896.6829234657284,1000.0,-652.0126045430567,-116.48976831187815,500.0,448.3414617328642,-562.4758659310377,122.15442886215509,-265.7382727250201,-285.0504018459266,652.0126045430567,-1000.0,-285.0504018459266,-411.76878005076287,555.7834491479765,0.0,1496.5981,bhi
99,0.0,0.0,0.0,0.0,0.0,0.0,0.0,0.0,-0.13050581767218566,0.0,0.0,0.0,0.0,0.0,0.0,0.0,-727.8410069037325,209.63423806424407,0.0,1000.0,0.0,0.0,0.0,0.0,0.0,0.0,0.0,0.0,0.0,-510.6642876202325,0.0,0.0,0.0,0.0,0.0,0.0,0.0,946.8790970584148,0.0,-1000.0,1000.0,0.0,-934.5023522346464,-252.26712204904385,0.0,0.0,0.0,0.0,0.0,-365.40021873156746,0.0,0.0,0.0,0.1435563994395333,0.0,0.0,0.0,26.101163534437134,0.0,0.0,280.358256625689,0.0,595.1961502803697,0.0,713.8314536884294,0.0,0.0,0.0,158.97325535935454,508.5258634903879,0.0,1.3050581767218568,0.0,0.0,0.0,0.0,0.0,0.0,0.0,0.0,0.0,0.0,0.0,0.0,78.3034906033114,0.0,0.0,453.2697867062335,756.3644513580106,0.0,932.8224024155566,0.0,0.0,0.0,39.1517453016557,0.0,39.1517453016557,-261.5864848954233,0.0,0.0,0.0,6.5252908836092836,-510.6642876202325,0.0,0.0,-389.49292580702087,53.05452907735971,0.0,0.0,0.0,0.0,0.0,0.0,0.0,0.0,0.0,0.0,0.0,0.0,0.0,0.0,0.0,0.0,0.0,-1000.0,0.0,0.0,39.1517453016557,0.0,40.45680347837756,0.0,0.0,0.0,0.0,0.0,0.0,-875.5544069060587,429.31384484783484,-429.31384484783484,0.0,0.0,0.0,0.0,0.0,0.0,10.04894796075829,0.13050581767218566,932.8550288699746,0.0,0.0,0.0,-877.2319918795395,0.0,0.0,0.0,0.0,1000.0,0.0,0.0,0.0,0.0,0.0,999.8694941823278,999.8694941823278,0.0,0.0,0.0,0.0,0.0,0.0,0.0,1000.0,0.0,0.0,0.0,-876.1699243127578,-663.920153712906,0.0,0.0,0.0,0.0,0.0,0.0,0.0,0.0,0.0,-1000.0,0.0,0.0,0.0,0.0,-621.8729098919416,0.0,0.0,0.0,0.0,0.0,365.40021873156746,934.5023522346464,-756.3644513580106,756.3644513580106,859.9211048240952,0.0,0.0,0.0,0.0,0.0,0.0,0.0,-1000.0,0.0,0.0,0.0,0.0,0.0,0.0,0.0,0.0,0.0,0.0,0.0,0.0,0.0,0.0,84.34335648979379,304.0029422893186,0.0,0.0,0.0,0.0,-455.08501497369974,0.0,0.0,0.0,0.0,280.358256625689,556.2700643383624,0.0,0.0,171.0705802935862,0.0,0.0,0.0,0.0,0.0,177.88507473989046,0.0,0.0,0.0,-728.0367656302408,-149.81021514886606,631.4076875828692,0.0,-304.0029422893186,0.0,0.0,875.5544069060587,159.21709756006652,0.0,0.0,0.0,-122.30417092729766,0.0,0.0,-1000.0,0.0,0.0,-1000.0,0.0,0.0,0.0,0.0,0.0,365.40021873156746,0.0,-40.7248585449974,0.0,0.0,0.0,-1000.0,0.0,1000.0,0.0,1000.0,15.633302081963507,0.0,-931.6023068792658,0.0,0.0,0.0,280.358256625689,-0.1957587265082785,0.0,0.0,0.0,0.0,0.13050581767218566,0.0,0.0,0.0,0.0,-727.8410069037325,0.0,-448.097318783591,-147.3540117302,663.920153712906,1000.0,0.0,-1000.0,0.0,-389.49292580702087,0.0,0.0,0.0,835.9592266102809,-158.97325535935454,323.01402874907365,-1000.0,-1000.0,0.0,0.0,0.0,0.0,0.0,0.0,0.0,0.0,0.0,0.0,0.0,0.0,0.0,0.0,0.0,0.0,171.0705802935862,-52.598879670896565,0.0,-1000.0,0.0,0.0,435.2692723062691,0.0,0.0,0.0,-187.93402270064874,0.0,0.0,0.0,551.2091078212493,0.0,0.0,0.0,-6.5252908836092836,996.7373545581953,0.0,773.7045840658752,0.0,-1000.0,-897.1449975777772,0.0,0.0,1000.0,-1000.0,-6.5252908836092836,-834.1451957446376,0.0,-1000.0,1000.0,-6.5252908836092836,39.1517453016557,687.5000000000007,-687.5000000000007,0.0,0.0,0.0,0.0,0.0,0.0,0.0,0.0,-527.4741763397977,0.0,0.0,-0.26101163534437133,0.0,0.0,0.0,0.0,0.0,-314.8378936546807,0.0,0.0,39.1517453016557,0.0,0.0,0.0,0.0,-778.9858516140417,0.26101163534422667,0.0,0.0,0.0,0.0,0.0,0.0,0.0,0.0,0.0,651.8658167677789,0.0,0.0,0.0,0.0,0.0,0.0,0.0,0.0,0.0,0.1435563994395333,0.1435563994395333,0.0,97.50186684276258,0.0,78.3034906033114,0.0,0.0,0.0,1000.0,0.0,562.1495603716894,0.0,0.0,0.0,1000.0,-1000.0,0.0,0.0,0.0,0.0,0.0,39.1517453016557,0.0,0.0,0.0,0.0,0.0,0.0,0.0,333.3333333333333,0.0,824.1774628021798,0.0,10.04894796075829,0.0,0.0,0.0,-404.83608985039547,0.0,1000.0,0.0,221.01414838595826,0.0,0.0,0.0,0.0,0.0,0.0,0.0,0.0,0.0,0.0,0.0,0.0,0.0,0.0,0.0,0.0,0.0,78.3034906033114,875.5544069060587,875.5544069060587,0.0,0.0,0.0,0.0,0.0,0.0,0.0,0.0,0.0,0.0,1.3050581767218568,0.0,0.0,0.0,0.0,0.0,934.5023522346464,0.0,0.0,39.1517453016557,0.0,0.0,0.0,0.0,0.0,0.0,0.0,0.0,0.0,0.0,1000.0,0.0,0.0,39.1517453016557,39.1517453016557,781.7630720587194,-1000.0,0.0,39.1517453016557,0.0,0.0,0.0,0.0,0.0,510.6642876202325,0.0,1000.0,0.13050581767218566,0.0,0.0,0.0,172.35157592436008,0.0,0.0,0.0,0.0,-15.633302081963507,0.0,0.0,0.0,0.0,0.0,0.0,0.0,0.0,0.0,0.0,0.0,0.0,0.13050581767218566,0.0,0.0,0.0,-411.22519640193036,411.22519640193036,0.0,0.0,0.0,0.0,-752.6647503943796,1000.0,0.0,0.0,-947.4011203291034,-9.787936325413925,-6.5252908836092836,0.0,0.0,0.0,0.0,0.0,0.0,0.0,0.0,0.0,0.0,0.0,0.0,875.5544069060587,663.920153712906,0.0,0.0,-1000.0,0.0,0.0,0.0,-0.13050581767218566,0.0,0.0,0.13050581767218566,0.0,0.13050581767218566,0.0,0.0,0.0,78.3034906033114,159.21709756006652,159.21709756006652,0.0,0.0,0.0,0.0,0.0,0.0,0.0,824.1774628021798,0.0,0.0,0.0,0.0,827.4713090373705,19.724468474485704,0.0,0.0,0.0,0.0,0.0,0.0,0.0,0.0,0.0,0.0,0.0,0.0,0.0,404.83608985039547,0.0,0.0,0.0,0.1957587265082785,0.0,0.0,0.0,-39.1517453016557,0.0,0.0,0.0,0.0,0.0,-97.50186684276258,6.5252908836092836,0.0,0.0,0.0,0.0,0.0,-832.8425034727634,0.0,0.0,0.0,0.0,0.0,0.0,0.0,0.0,875.5544069060587,0.0,0.0,1000.0,97.50186684276258,0.0,-201.92370073225737,-389.49292580702087,0.0,-268.1117757790326,0.0,268.1117757790326,0.0,0.0,0.0,6.5252908836092836,825.7598548945559,0.0,161.9131855656865,0.0,-314.8378936546807,0.0,0.0,62.50000000000006,-62.50000000000006,0.0,0.0,0.0,0.0,0.0,980.4241273491721,0.0,159.21709756006652,0.0,0.0,0.0,0.0,0.0,0.0,0.0,0.0,0.0,177.88507473989046,0.0,0.0,126.86567581900437,-824.217392692139,372.9131309641366,-934.5023522346464,39.1517453016557,0.0,0.0,0.0,0.0,-163.92701091230674,0.0,0.0,0.1435563994395333,0.0,0.0,0.0,79.60854878003326,0.0,0.0,0.0,0.0,84.34335648979379,0.0,53.05452907735971,0.0,0.0,0.0,0.0,0.0,0.0,-494.2367602753555,0.0,932.4441576071049,0.01305058176721894,0.0,0.0,0.0,0.0,0.0,0.0,0.0,0.0,0.0,0.0,0.0,0.0,0.0,0.0,0.0,97.50186684276258,0.0,0.0,0.0,0.0,0.0,0.0,0.0,365.40021873156746,0.0,0.0,0.0,0.0,0.0,478.82033842718135,209.63423806424407,0.0,0.0,0.0,78.3034906033114,0.0,0.0,0.0,0.0,0.0,-467.3476279192894,389.044137315978,0.0,0.0,0.0,0.0,0.0,0.0,0.0,0.0,0.0,0.0,0.0,0.0,-1000.0,-1000.0,936.5922626173034,891.1714661488821,-930.3232114505379,0.0,946.8790970584148,0.0,0.0,0.0,0.0,0.0,0.0,0.0,0.0,0.0,0.0,0.0,0.0,0.0,0.0,0.0,0.0,0.0,-16.31322720902321,875.5544069060587,-9.787936325413925,837.4078411864423,0.0,0.0,0.0,0.0,0.0,-1.631322720902321,0.0,314.8378936546807,0.0,0.0,0.0,0.0,0.0,0.0,0.0,1000.0,39.1517453016557,39.1517453016557,0.0,0.0,0.0,0.0,0.0,0.1435563994395333,97.50186684276258,0.0,0.0,-946.8790970584148,932.4311070253377,0.0,0.0,0.0,0.0,0.0,0.0,0.0,0.0,0.0,0.0,0.0,0.0,0.0,0.0,0.0,0.0,0.0,0.0,137.03110855579496,10.04894796075829,0.0,0.0,0.0,0.0,0.0,97.50186684276258,0.0,1000.0,0.0,0.0,0.0,-16.31322720902321,0.0,0.0,0.0,0.0,0.0,0.0,0.0,0.0,0.0,0.0,0.0,0.0,0.0,0.0,0.0,0.0,0.0,0.0,-0.13050581767218566,0.0,0.0,6.5252908836092836,-1000.0,0.0,0.0,0.0,0.0,875.5544069060587,0.0,0.0,0.0,-835.9592266102809,3.2626454418046418,0.0,0.0,0.0,0.13050581767218566,0.0,130.50581767218566,-40.45680347837756,26.101163534437134,0.9321844119441833,364.111231305398,-0.09787936325413925,6.5252908836092836,2.6101163534437135,-0.6525290883607637,-364.111231305398,39.1517453016557,-0.13050581767218566,129.83097526900696,39.1517453016557,0.032626454418046416,0.9321844119441833,-389.49292580702087,-20.77652617341215,-2.6101163534437135,-481.7932311605116,-0.13050581767218566,0.032626454418046416,-364.111231305398,13.050581767218567,0.13050581767218566,0.13050581767218566,-97.22780462565086,0.14355639943936033,0.0,-0.09787936325413925,39.1517453016557,0.13050581767218566,39.1517453016557,-65.25290883609284,-0.06525290883609283,-221.01414838595826,441.903927388809,-0.09787936325413925,-0.13050581767218566,-40.45680347837756,0.13050581767218566,13.050581767218567,-2.6101163534437135,404.83608985039547,404.83608985039547,-13.050581767218567,481.7932311605116,-404.83608985039547,26.101163534437134,0.1957587265082785,-1000.0,13.050581767218567,-333.3333333333333,39.1517453016557,-26.101163534437134,0.06525290883609283,1.3050581767218568,112.02432969589775,123.60303037719972,-0.13050581767218566,-126.86567581900437,97.22780462565086,40.45680347837756,0.13050581767218566,20.77652617341215,-117.45523590496683,39.1517453016557,-0.13050581767218566,-0.032626454418046416,-39.1517453016557,-0.13050581767218566,-832.0403806914014,0.13050581767218566,-0.032626454418046416,-0.032626454418046416,-0.032626454418046416,52.20232706887427,65.25290883609284,1.3050581767218568,96.68849766788153,-0.032626454418046416,94.21768412278854,6.5252908836092836,396.01821669063014,0.13050581767218566,0.06525290883609283,0.06525290883609283,24.809803377064664,40.45680347837756,0.13050581767218566,-40.45680347837756,1.3050581767218568,0.13050581767218566,-96.68849766788153,0.13050581767218566,0.522023270688635,0.6525290883607637,0.06525290883609283,0.032626454418046416,39.1517453016557,-0.13050581767218566,0.0,1.3050581767218568,-193.376995335763,3.2626454418046418,-13.050581767218567,26.101163534437134,6.5252908836092836,-0.13050581767218566,389.49292580702087,0.1957587265082785,-0.13050581767218566,-49.61960675412933,40.45680347837756,650.637119028007,0.06525290883609283,-792.0364333812603,-0.13050581767218566,-0.13050581767218566,-0.13050581767218566,0.06525290883609283,364.111231305398,-26.101163534437134,0.13050581767218566,224.0486593917955,-0.032626454418046416,-0.14355639943936033,-224.0486593917955,19.575872650827847,-441.903927388809,299.5263061169572,364.111231305398,-0.09787936325413925,126.86567581900437,-123.60303037719972,0.13050581767218566,-0.032626454418046416,557.7343987048586,130.50581767218566,-0.06525290883609283,-0.13050581767218566,0.032626454418046416,1000.0,0.0,999.9347470911639,0.0,-954.5669606255558,0.0,-270.3407108602698,-392.3771043775763,0.0,-608.2755346939645,890.8659386123816,1000.0,0.0,304.13776734698223,477.2834803127779,-445.4329693061908,0.0,196.18855218878815,-97.50186684276258,-486.71010811570017,0.0,-1000.0,-486.71010811570017,270.3407108602698,-82.96802836126076,0.0,1496.5981,bhi
100,0.0,0.0,0.0,0.0,0.0,0.0,0.0,0.0,-0.036297655142821024,0.0,0.0,0.0,0.0,0.0,0.0,0.0,315.4506538712492,744.0925058538808,0.0,-915.1546864278207,0.0,0.0,0.0,237.6725555152509,0.0,399.51941882202726,0.0,0.0,0.0,264.35002963205613,41.12388317978141,-41.12388317978141,466.92323241883355,0.0,0.0,0.0,0.0,-314.79711755768244,0.0,36.95908490793792,989.1107034571537,0.0,0.0,677.8065426820391,0.0,0.0,0.0,0.0,0.0,0.0,0.0,949.9265182948114,0.0,0.039927420657022594,0.0,0.0,0.0,0.0,0.0,0.0,79.63157558321745,0.0,-362.1781417470959,-572.1550165820425,0.0,0.0,0.0,0.0,0.0,289.6084504181641,0.0,0.3629765514282103,0.0,0.0,0.0,0.0,0.0,0.0,0.0,0.0,0.0,0.0,0.0,0.0,21.778593085692613,0.0,0.0,364.3954280078415,366.926211461844,-952.457301748814,-0.009074413785705256,0.0,0.0,434.3834151135276,10.889296542846308,0.0,10.889296542846308,-42.29266767537729,408.0691803386801,0.0,0.0,1.8148827571410513,251.1660065324166,0.0,0.0,-168.36410750027903,0.0,0.0,0.0,0.0,0.0,0.0,0.0,0.0,0.0,0.0,0.0,0.0,0.0,0.0,0.0,0.0,0.0,0.0,-727.8203939943935,0.0,0.0,10.889296542846308,0.0,11.252273094274518,0.0,0.0,0.0,0.0,0.0,0.0,-289.6084504181641,0.0,0.0,0.0,0.0,0.0,0.0,0.0,0.0,2.794919445997209,0.036297655142821024,0.0,0.0,0.0,0.0,-431.7201563182605,0.0,0.0,675.9738471549348,0.0,395.98736323805304,0.0,0.0,0.0,0.0,0.0,-247.70058665161184,-247.70058665161184,0.0,0.0,0.0,0.0,0.0,0.0,0.0,-206.5404058166876,0.0,0.0,0.0,-892.5696745458229,0.0,0.0,0.0,0.0,0.0,0.0,0.0,0.0,0.0,0.0,0.0,0.0,0.0,0.0,0.0,-1000.0,0.0,0.0,0.0,0.0,0.0,0.0,-949.9265182948114,585.53109028697,-585.53109028697,0.0,0.0,0.0,0.0,0.0,0.0,0.0,13.18402309963952,-4.537206892852623,0.0,0.0,0.0,0.0,0.0,0.0,0.0,0.0,0.0,0.0,0.0,0.0,0.0,0.0,-34.480259227276974,370.1258347915061,0.0,0.0,0.0,0.0,0.0,0.0,0.0,0.0,0.0,79.63157558321745,-307.680707890533,41.12388317978141,0.0,46.317435424847865,0.0,0.0,0.0,0.0,0.0,0.0,7.259531028564205,0.0,0.0,-637.0610943602791,-855.6659731854048,0.0,0.0,-370.1258347915061,0.0,0.0,289.6084504181641,-955.7168607257584,0.0,0.0,0.0,-113.64034089664813,0.0,0.0,-161.26568004018458,0.0,0.0,-161.26568004018463,0.0,0.0,952.457301748814,0.0,1000.0,0.0,0.0,101.27045784847066,0.0,0.0,0.0,0.0,0.0,0.0,0.0,-206.61300112697324,289.6084504181641,0.0,0.0,0.0,0.0,0.0,79.63157558321745,-0.05444648271423153,0.0,0.0,0.0,0.0,0.036297655142821024,0.0,0.0,0.0,989.1107034571537,315.4506538712492,0.0,-112.24273833351936,1000.0,0.0,1000.0,0.0,1000.0,0.0,-168.36410750027903,0.0,0.0,0.0,-3.125228107796809,3.125228107796809,-1000.0,-1000.0,-1000.0,0.0,0.0,0.0,0.0,0.0,0.0,0.0,0.0,0.0,0.0,0.0,0.0,0.0,0.0,0.0,0.0,46.317435424847865,-877.0627190432988,0.0,-1000.0,0.0,437.58920789381176,0.0,144.24008351750805,0.0,0.0,38.3289637337842,0.0,408.0691803386801,0.0,79.55313464863048,0.0,-812.5000000000003,0.0,0.0,-1000.0,809.3747718922035,0.0,-1.8148827571410513,942.6129106198682,-71.04083791830715,0.0,-73.93492451589508,577.6401906754493,999.0925586214295,0.0,-393.6375300574892,0.0,-857.518211721284,-670.3297051273364,557.5003085599258,10.889296542846308,562.5000000000006,-562.5000000000006,0.0,0.0,0.0,0.0,0.0,0.0,0.0,0.0,-755.4412323868952,0.0,0.0,0.0,0.0,0.0,13.18402309963952,0.0,0.0,-130.34529925172922,0.0,-937.5,0.0,0.0,0.0,0.0,0.0,-477.08971208838375,0.07259531028631727,0.0,0.0,0.0,0.0,0.0,0.0,0.0,0.0,0.0,0.0,0.0,0.0,0.0,0.0,0.0,0.0,0.0,0.0,0.0,0.039927420657022594,0.039927420657022594,41.12388317978141,0.0,0.0,21.778593085692613,0.0,0.0,0.0,1000.0,0.0,625.3651254291864,0.0,0.0,0.0,472.13301029273566,-1000.0,0.0,0.0,0.0,0.0,0.0,0.0,0.0,0.0,0.0,0.0,0.0,0.0,0.0,242.60679799813116,-989.1107034571537,431.7201563182605,0.0,2.794919445997209,0.0,434.3834151135276,0.0,0.0,0.0,472.13301029273566,0.0,0.0,-4.956701795648075,0.0,0.0,0.0,0.0,0.0,0.0,0.0,0.0,0.0,0.0,0.0,0.0,0.0,0.0,0.0,0.0,21.778593085692616,289.6084504181641,289.6084504181641,0.0,0.0,0.0,0.0,0.0,0.0,0.0,0.0,0.0,0.0,0.3629765514282103,0.0,41.12388317978141,0.0,0.0,41.12388317978141,-949.9265182948114,0.0,0.0,10.889296542846308,0.0,0.0,0.0,0.0,0.0,0.0,0.0,0.0,0.0,0.0,-665.9585301775941,393.9271418734811,0.0,10.889296542846308,10.889296542846308,1000.0,-1000.0,0.0,0.0,0.0,0.0,0.0,0.0,0.0,748.8339934675835,13.18402309963952,849.7440319538773,0.036297655142821024,0.0,0.0,-952.0637610045986,1000.0,607.2847295066592,0.0,-434.3834151135276,0.0,-289.6084504181641,0.0,0.0,0.0,0.0,0.0,0.0,0.0,0.0,0.0,0.0,0.0,0.0,0.036297655142821024,0.0,0.0,0.0,-1000.0,1000.0,0.0,0.0,0.0,437.58920789381176,0.0,446.3981440724643,-675.9738471549348,0.0,-122.93728095670122,-2.722324135711577,0.0,-1.8148827571410462,0.0,0.0,0.0,0.0,0.0,0.0,0.0,0.0,0.0,0.0,0.0,289.6084504181641,0.0,0.0,0.0,-298.20302040421717,0.0,0.0,0.0,-0.036297655142821024,0.0,0.0,0.036297655142821024,0.0,0.036297655142821024,0.0,0.0,0.0,21.778593085692613,44.28313927424165,44.28313927424165,0.0,0.0,0.0,0.0,0.0,0.0,0.0,431.7201563182605,0.0,13.18402309963952,0.0,0.0,0.0,0.0,0.0,0.0,0.0,0.0,0.0,0.0,0.0,0.0,0.0,0.0,0.0,0.0,0.0,0.0,0.0,-1000.0,1000.0,0.05444648271423153,0.0,0.0,0.0,-10.889296542846308,0.0,0.0,0.0,0.0,0.0,0.0,1.8148827571410513,0.0,0.0,0.0,0.0,0.0,-38.3289637337842,-1.8148827571410462,0.0,-937.5,0.0,0.0,0.0,0.0,0.0,289.6084504181641,0.0,0.0,-230.90750512433166,0.0,0.0,1000.0,438.9206220063802,0.0,0.0,408.0691803386801,-408.0691803386801,675.9738471549348,-1000.0,0.0,1.8148827571410462,905.2429689467565,0.0,0.0,-41.12388317978141,-130.34529925172922,687.5000000000007,-687.5000000000007,437.50000000000733,-437.50000000000733,0.0,0.0,0.0,0.0,0.0,-2.7223241357113435,-2.722324135711233,44.28313927424165,0.0,0.0,0.0,41.12388317978141,0.0,0.0,0.0,0.0,0.0,0.0,0.0,0.0,5.4446482714229205,-47.93623899540137,0.0,0.0,10.889296542846308,0.0,0.0,0.0,0.0,-89.23363924161217,0.0,0.0,0.039927420657022594,0.0,0.0,0.0,22.141569637120824,0.0,0.0,0.0,0.0,-34.480259227276974,0.0,0.0,0.0,0.0,0.0,0.0,0.0,0.0,0.0,0.0,0.0036297655142820684,0.0036297655142820684,0.0,0.0,0.0,0.0,0.0,0.0,0.0,0.0,0.0,-952.0637610045986,41.12388317978141,0.0,0.0,0.0,0.0,0.0,0.0,0.0,0.0,0.0,0.0,0.0,0.0,0.0,0.0,0.0,0.0,0.0,0.0,-234.17989698013378,744.0925058538808,0.0,0.0,0.0,21.778593085692613,0.0,0.0,0.0,0.0,0.0,0.0,-21.778593085692613,0.0,0.0,0.0,0.0,0.0,0.0,0.0,0.0,0.0,41.12388317978141,41.12388317978141,0.0,-849.7440319538773,0.0,24.863893772832398,0.0,-10.889296542846308,0.0,122.79209033612932,0.0,0.0,0.0,0.0,0.0,0.0,0.0,0.0,0.0,0.0,0.0,0.0,0.0,0.0,0.0,0.0,0.0,-4.537206892852623,289.6084504181641,-2.722324135711577,0.0,0.0,0.0,0.0,0.0,0.0,0.0,-0.45372068928526277,806.319146406664,0.0,0.0,0.0,0.0,0.0,0.0,0.0,1000.0,10.889296542846308,10.889296542846308,0.0,0.0,0.0,0.0,0.0,0.039927420657022594,0.0,0.0,0.0,-122.79209033612932,0.0,0.0,0.0,0.0,0.0,0.0,0.0,0.0,0.0,0.0,0.0,0.0,0.0,0.0,300.24029058898634,0.0,0.0,0.0,0.0,38.11253789996208,2.794919445997209,0.0,0.0,0.0,0.0,0.0,0.0,0.0,-3.9637039415930886,0.0,0.0,0.0,-4.537206892852623,0.0,0.0,0.0,0.0,0.0,0.0,0.0,0.0,0.0,0.0,0.0,0.0,0.0,0.0,0.0,0.0,0.0,0.0,-0.036297655142821024,0.0,0.0,1.8148827571410513,-472.13301029273566,0.0,0.0,0.0,0.0,289.6084504181641,0.0,0.0,0.0,3.125228107796809,0.9074413785705256,0.0,0.0,399.51941882202726,0.036297655142821024,0.0,36.29765514282102,-11.252273094274518,7.259531028564205,0.25926896530586446,101.27045784847066,-0.027223241357115766,73.93492451589508,0.7259531028564206,-0.18148827571471315,-101.27045784847066,10.889296542846308,-0.036297655142821024,56.12136916675968,0.0,0.009074413785705256,0.25926896530586446,-168.36410750027903,-5.778586698734134,40.397930076924986,-144.38847329730925,-0.036297655142821024,0.009074413785705256,-101.27045784847066,3.6297655142821026,0.036297655142821024,0.036297655142821024,0.07622507579984361,0.03992742065710309,0.0,-0.027223241357115766,10.889296542846308,0.03629765514282102,10.889296542846308,-18.148827571410514,-0.018148827571410512,-59.25914823749496,-3.6660631694249237,-0.027223241357115766,-0.036297655142821024,-11.252273094274518,0.036297655142821024,3.6297655142820986,-0.7259531028564206,0.0,0.0,-3.6297655142821026,144.38847329730925,0.0,7.259531028564204,0.05444648271423153,-1000.0,3.6297655142821026,-242.60679799813116,0.0,-7.259531028564205,0.018148827571410512,0.3629765514282103,28.06068458337984,7.259531028564205,-0.036297655142821024,-8.166972407134153,-0.07622507579984361,11.252273094274518,0.036297655142821024,5.778586698734134,-43.55718617138575,0.0,-0.036297655142821024,-0.009074413785705256,0.0,-0.036297655142821024,-477.08971208838375,0.03629765514287787,-0.009074413785705256,-0.009074413785705256,-0.009074413785705256,14.51906205712841,18.148827571410514,0.3629765514282103,26.892025253934605,-0.009074413785705256,0.0,1.814882757141051,240.35973880133292,0.036297655142821024,0.018148827571410512,0.018148827571410512,-141.17445969479996,11.252273094274518,0.036297655142821024,-11.252273094274518,0.3629765514282103,0.036297655142821156,-26.892025253934605,0.036297655142821024,0.14519062057189558,0.18148827571471315,0.018148827571410512,0.009074413785705256,10.889296542846308,-0.036297655142821024,0.0,-20.198965038462493,-53.78405050786921,73.02748313732455,-3.6297655142820986,7.259531028564205,1.8148827571410513,-0.036297655142821024,168.36410750027903,0.05444648271423153,-0.036297655142821156,282.3489193895999,11.252273094274518,146.85592883216168,0.018148827571410512,-480.71947760266585,-0.03629765514282102,-0.03629765514287787,-0.036297655142821024,0.018148827571410512,101.27045784847066,-7.259531028564205,0.036297655142821024,56.12136916675968,-0.009074413785705256,-0.03992742065710309,-56.12136916675968,5.444648271423153,3.6660631694249237,347.9926626326829,101.27045784847066,-0.027223241357115766,8.166972407134153,-7.259531028564205,0.036297655142821024,-0.009074413785705258,81.36801740577152,36.29765514282102,-0.018148827571410512,-0.036297655142821024,0.009074413785705256,1000.0,0.0,999.9818511724286,0.0,789.158266194442,0.0,104.98762132279808,-28.8047885911096,0.0,-762.7370610706022,309.2610793519508,-575.5393747103037,0.0,381.3685305353011,-394.579133097221,-154.6305396759754,0.0,14.4023942955548,0.0,-57.62228959054951,0.0,575.5393747103037,-57.62228959054951,-104.98762132279808,72.45752098995086,0.0,1496.5981,bhi
101,0.0,0.0,0.0,0.0,0.0,0.0,0.0,0.0,-0.1597288063520572,0.0,0.0,0.0,0.0,0.0,0.0,0.0,-125.4922810098276,0.0,0.0,685.4816585462631,0.0,0.0,0.0,365.9840742931448,0.0,0.0,0.0,0.0,0.0,237.3986284320397,0.0,0.0,183.9825670065667,0.0,0.0,0.0,0.0,376.27314961464185,0.0,-1000.0,225.70788332696537,0.0,0.0,0.0,0.0,0.0,0.0,0.0,0.0,0.0,0.0,449.1917012429233,0.0,0.1757016869877046,0.0,0.0,0.0,31.945761270411438,0.0,0.0,175.2541361583185,0.0,0.0,-392.7086229548479,634.246285193972,0.0,0.0,0.0,0.0,0.0,0.0,1.5972880635205722,0.0,0.0,0.0,0.0,0.0,0.0,0.0,314.64198270456814,0.0,0.0,0.0,0.0,95.83728381123431,0.0,0.0,661.5869452322144,86.66336976993539,125.73187421935567,-0.0399322015880143,0.0,0.0,-960.1540007942006,47.91864190561716,0.0,47.91864190561716,0.0,593.5679076048191,0.0,0.0,7.9864403176028596,-762.6013715679603,0.0,0.0,-300.23152883210565,0.0,0.0,0.0,0.0,0.0,0.0,0.0,0.0,0.0,0.0,0.0,0.0,0.0,0.0,0.0,0.0,0.0,0.0,-730.1936442144943,0.0,0.0,47.91864190561716,0.0,49.51592996913773,0.0,0.0,0.0,0.0,0.0,0.0,-750.7909347130987,0.0,0.0,182.82817559993237,0.0,0.0,0.0,0.0,0.0,12.299118089108395,0.1597288063520572,0.0,0.0,0.0,-576.6055084172707,0.0,0.0,0.0,0.0,0.0,1000.0,0.0,0.0,0.0,0.0,0.0,999.8402711936479,999.8402711936479,0.0,0.0,0.0,0.0,0.0,0.0,0.0,1000.0,0.0,0.0,0.0,279.4708748756026,0.0,0.0,0.0,0.0,0.0,0.0,0.0,0.0,0.0,0.0,0.0,0.0,0.0,0.0,0.0,-1000.0,0.0,0.0,0.0,0.0,0.0,0.0,-449.1917012429233,-212.39524398929106,212.39524398929106,567.9627591131664,0.0,0.0,0.0,0.0,0.0,0.0,1000.0,-1000.0,0.0,0.0,0.0,0.0,0.0,0.0,0.0,0.0,0.0,0.0,0.0,0.0,0.0,151.95264724536972,-146.17896203820956,337.2853538207112,0.0,0.0,0.0,0.0,-227.8852310752614,0.0,0.0,0.0,0.0,175.2541361583185,337.2853538207112,0.0,0.0,0.0,0.0,0.0,0.0,0.0,0.0,479.7472023815943,0.0,0.0,0.0,0.0,299.05861375922643,0.0,0.0,-337.2853538207112,0.0,0.0,567.9627591131664,0.0,0.0,0.0,0.0,-705.4189212379032,0.0,0.0,748.9761571883189,-251.02384281168133,0.0,0.0,1000.0,-748.9761571883187,-125.73187421935567,0.0,260.69117056768096,0.0,0.0,105.5658416843346,0.0,0.0,0.0,-450.0321134685337,0.0,450.0321134685337,0.0,1000.0,0.0,0.0,0.0,0.0,0.0,0.0,175.2541361583185,-0.23959320952808577,0.0,0.0,0.0,0.0,0.1597288063520572,0.0,0.0,0.0,132.2566276748836,-125.4922810098276,0.0,-200.1543525547371,80.37175666730036,0.0,273.62652523258254,0.0,0.0,0.0,-300.23152883210565,0.0,0.0,0.0,-13.752650226912563,13.752650226912563,0.0,-578.6989783544814,48.71588123974563,0.0,0.0,0.0,0.0,0.0,0.0,0.0,0.0,0.0,0.0,0.0,0.0,0.0,0.0,0.0,0.0,0.0,0.0,0.0,-1000.0,0.0,623.0879351599507,474.6039348170599,0.0,0.0,0.0,-492.0463204707027,0.0,593.5679076048191,0.0,0.0,0.0,0.0,585.6099653404785,-610.2987940376863,9.029922323711958,-13.752650226912563,512.5021520819433,0.0,0.0,-215.07483775304502,-585.6099653404785,602.3123537200835,1000.0,-13.023142482513387,-7.9864403176028596,-1000.0,0.0,0.0,0.0,-239.74924235516994,47.91864190561716,0.0,0.0,0.0,0.0,0.0,0.0,0.0,-151.95264724536972,151.95264724536972,151.95264724536972,-731.7142324383058,0.0,0.0,-0.3194576127041144,0.0,0.0,1000.0,0.0,0.0,-217.4544867965294,0.0,0.0,0.0,0.0,0.0,0.0,0.0,-770.7031123610974,0.319457612704221,0.0,0.0,0.0,0.0,0.0,0.0,0.0,0.0,0.0,0.0,0.0,0.0,0.0,0.0,0.0,0.0,0.0,0.0,0.0,0.1757016869877046,0.1757016869877046,0.0,111.21446746613708,0.0,95.83728381123431,0.0,0.0,0.0,1000.0,0.0,106.82996572914976,0.0,0.0,0.0,1000.0,-1000.0,0.0,0.0,0.0,0.0,0.0,0.0,0.0,0.0,0.0,0.0,0.0,0.0,0.0,243.39788140483142,-132.2566276748836,576.6055084172707,0.0,12.299118089108395,0.0,-960.1540007942006,0.0,-340.077528037905,0.0,1000.0,0.0,229.2968876389026,0.0,0.0,0.0,151.95264724536972,0.0,0.0,0.0,0.0,0.0,0.0,0.0,0.0,0.0,0.0,0.0,0.0,0.0,95.83728381123431,567.9627591131664,567.9627591131664,0.0,0.0,0.0,0.0,0.0,0.0,0.0,0.0,0.0,0.0,1.5972880635205722,0.0,0.0,0.0,0.0,0.0,-449.1917012429233,0.0,0.0,47.91864190561716,0.0,0.0,0.0,0.0,0.0,0.0,0.0,0.0,0.0,0.0,542.867991929702,0.0,0.0,47.91864190561716,47.91864190561716,824.2253783883625,-1000.0,0.0,0.0,0.0,0.0,0.0,0.0,0.0,341.3003499224417,1000.0,48.71588123974563,0.1597288063520572,0.0,0.0,0.0,210.944707188799,0.0,0.0,960.1540007942006,0.0,0.0,0.0,0.0,0.0,0.0,0.0,0.0,0.0,0.0,0.0,0.0,0.0,0.0,0.1597288063520572,0.0,0.0,0.0,363.7063520558967,-363.7063520558967,0.0,0.0,0.0,623.0879351599507,-17.442385653642816,593.5679076048191,0.0,0.0,-1000.0,-11.97966047640429,0.0,-7.9864403176028596,0.0,0.0,0.0,0.0,0.0,0.0,0.0,0.0,0.0,0.0,0.0,567.9627591131664,0.0,0.0,0.0,-231.76280203756707,0.0,0.0,0.0,-0.1597288063520572,0.0,0.0,0.1597288063520572,0.0,0.1597288063520572,0.0,0.0,0.0,95.83728381123431,194.8691437495098,194.8691437495098,0.0,0.0,0.0,0.0,0.0,0.0,0.0,576.6055084172707,0.0,1000.0,0.0,0.0,0.0,0.0,0.0,0.0,0.0,0.0,0.0,0.0,0.0,0.0,0.0,0.0,0.0,0.0,0.0,340.077528037905,0.0,0.0,0.0,0.23959320952808577,0.0,0.0,0.0,-47.91864190561716,0.0,0.0,0.0,0.0,0.0,-111.21446746613708,7.9864403176028596,0.0,0.0,0.0,0.0,0.0,474.6039348170599,-7.9864403176028596,0.0,0.0,0.0,0.0,0.0,0.0,0.0,567.9627591131664,0.0,0.0,770.7532230049634,-40.73817977923264,0.0,-155.80852081763032,-300.23152883210565,0.0,0.0,593.5679076048191,-593.5679076048191,0.0,-194.8691437495098,0.0,7.9864403176028596,379.19802123209263,0.0,0.0,0.0,-217.4544867965294,0.0,0.0,1000.0,-1000.0,0.0,0.0,0.0,0.0,0.0,0.0,-23.959320952808653,194.8691437495098,0.0,0.0,0.0,0.0,0.0,0.0,0.0,0.0,0.0,479.7472023815943,0.0,0.0,123.19412794254137,-210.944707188799,0.0,0.0,47.91864190561716,0.0,0.0,0.0,0.0,-253.0977209998178,0.0,0.0,0.1757016869877046,0.0,0.0,0.0,97.4345718747549,0.0,0.0,0.0,0.0,-146.17896203820956,0.0,0.0,0.0,0.0,0.0,0.0,0.0,0.0,0.0,0.0,0.01597288063520572,0.01597288063520572,0.0,0.0,0.0,0.0,0.0,0.0,0.0,0.0,0.0,0.0,0.0,0.0,0.0,0.0,0.0,111.21446746613708,0.0,0.0,0.0,0.0,0.0,0.0,0.0,0.0,0.0,0.0,0.0,0.0,1000.0,-754.0034341486341,0.0,0.0,0.0,0.0,95.83728381123431,0.0,0.0,0.0,0.0,0.0,0.0,-95.83728381123431,0.0,0.0,0.0,0.0,0.0,0.0,0.0,0.0,0.0,0.0,0.0,0.0,1000.0,-1000.0,109.41423235115919,0.0,-47.91864190561716,0.0,999.3610847745925,0.0,0.0,0.0,0.0,0.0,0.0,0.0,0.0,0.0,0.0,0.0,0.0,0.0,0.0,0.0,0.0,0.0,-19.966100794007147,567.9627591131664,-11.97966047640429,11.979660476404376,0.0,0.0,0.0,0.0,0.0,-1000.0,998.0033899205993,217.4544867965294,0.0,0.0,0.0,0.0,0.0,0.0,0.0,1000.0,47.91864190561716,47.91864190561716,0.0,0.0,0.0,0.0,314.64198270456814,0.1757016869877046,111.21446746613708,0.0,0.0,-999.3610847745925,0.0,0.0,0.0,0.0,0.0,0.0,0.0,0.0,0.0,0.0,0.0,0.0,0.0,0.0,0.0,0.0,0.0,0.0,0.0,167.71524666966005,12.299118089108395,0.0,0.0,0.0,0.0,0.0,111.21446746613708,0.0,0.0,0.0,0.0,0.0,-19.966100794007147,0.0,0.0,0.0,0.0,0.0,0.0,0.0,0.0,0.0,0.0,0.0,0.0,0.0,0.0,0.0,0.0,0.0,0.0,-0.1597288063520572,0.0,0.0,7.9864403176028596,-1000.0,0.0,0.0,0.0,0.0,567.9627591131664,0.0,0.0,0.0,13.752650226912563,3.9932201588014298,0.0,0.0,0.0,0.1597288063520572,0.0,159.72880635205718,-49.51592996913773,31.945761270411438,1.140920045371837,445.6433697222396,-0.11979660476404289,7.986440317602842,3.194576127041144,-0.798644031759516,-445.6433697222396,47.91864190561716,-0.1597288063520572,100.07717627736855,0.0,0.0399322015880143,1.140920045371837,-300.23152883210565,-25.428825971245676,-3.194576127041144,-559.9893775364355,-0.1597288063520572,0.0399322015880143,-445.6433697222396,176.56446002385314,0.1597288063520572,0.1597288063520572,-110.87903697279732,0.1757016869872629,-354.22262170345283,-0.11979660476404289,47.91864190561716,0.1597288063520572,47.91864190561716,-79.86440317602859,-0.0798644031760286,-45.31432063233589,211.75262163370363,-0.11979660476404289,-0.1597288063520572,-49.51592996913773,0.1597288063520572,15.972880635205719,-3.194576127041144,340.077528037905,340.077528037905,-15.972880635205712,559.9893775364355,-340.077528037905,31.945761270411438,0.23959320952808577,-1000.0,15.972880635205719,-243.39788140483142,0.0,-31.945761270411438,0.0798644031760286,1.5972880635205722,50.038588138684275,-8.7924185088212,-0.1597288063520572,-147.15344889535004,110.87903697279732,49.51592996913773,0.1597288063520572,25.428825971245676,-352.26614701111566,0.0,-0.1597288063520572,-0.0399322015880143,0.0,-0.1597288063520572,-770.7031123610974,0.1597288063521698,-0.0399322015880143,-0.0399322015880143,-0.0399322015880143,63.891522540822876,79.86440317602859,1.5972880635205722,118.33907940607872,-0.0399322015880143,0.0,7.9864403176028596,393.33799649815154,0.1597288063520572,0.0798644031760286,0.0798644031760286,15.972880635205719,49.51592996913773,0.1597288063520572,-49.51592996913773,1.5972880635205722,0.1597288063520572,-118.33907940607872,0.1597288063520572,0.6389152254074588,0.798644031759516,0.0798644031760286,0.0399322015880143,47.91864190561716,-0.1597288063520572,354.22262170345283,1.597288063520572,-236.67815881215745,3.9932201588014475,-15.972880635205719,31.945761270411438,7.9864403176028596,-0.1597288063520572,300.23152883210565,0.23959320952808577,-0.1597288063520572,-31.945761270411438,49.51592996913773,630.7284545349997,0.0798644031760286,-786.6759929963031,-0.1597288063520572,-0.1597288063521698,-0.1597288063520572,0.0798644031760286,445.6433697222396,-31.945761270411438,0.1597288063520572,100.07717627736855,-0.0399322015880143,-0.1757016869872629,-100.07717627736855,23.959320952808575,-211.75262163370363,-25.12925172188303,445.6433697222396,-0.11979660476404289,147.15344889535004,8.7924185088212,0.1597288063520572,-0.03993220158801429,7.9864403176028596,159.72880635205718,-0.0798644031760286,-0.1597288063520572,0.0399322015880143,1000.0,0.0,999.920135596824,0.0,-1000.0,0.0,495.71027138664255,-487.74410245905324,160.59157938864743,-1000.0,1000.0,700.4682679644895,0.0,500.0,500.0,-500.0,-160.59157938864743,243.87205122952662,-111.21446746613708,-377.63073353518195,0.0,-700.4682679644895,-377.63073353518195,-495.71027138664255,416.00176888127623,0.0,1496.5981,bhi
102,0.0,0.0,0.0,0.0,0.0,0.0,0.0,0.0,-0.17109912903556657,0.0,0.0,0.0,0.0,0.0,0.0,0.0,39.4427456710245,71.74365738166038,0.0,289.20779671331604,0.0,0.0,0.0,0.0,0.0,354.4824553061326,0.0,0.0,0.0,560.4651714018551,0.0,0.0,565.8696304588776,0.0,0.0,0.0,0.0,-88.03576515221508,0.0,-1000.0,948.67026128933,0.0,-948.2607907874906,-548.1687078603701,0.0,0.0,0.0,0.0,-1000.0,0.0,0.0,0.0,0.0,0.18820904193929244,0.0,0.0,0.0,34.21982580711332,0.0,0.0,41.569483220108424,0.0,0.0,-174.98809052310986,735.0783324478493,0.0,0.0,0.0,0.0,216.55757374321828,0.0,1.7109912903556659,0.0,0.0,0.0,0.0,0.0,0.0,0.0,0.0,0.0,0.0,-124.13916335775033,0.0,102.65947742133996,0.0,0.0,706.3453316537428,654.6061224412334,0.0,-0.04277478225889165,0.0,0.0,870.6099663011388,51.32973871066998,0.0,51.32973871066998,-52.73907090025472,0.0,0.0,0.0,8.55495645177833,560.4651714018551,0.0,0.0,-406.76080401462946,0.0,17.45211116162779,0.0,0.0,0.0,0.0,0.0,0.0,0.0,0.0,0.0,0.0,0.0,0.0,0.0,0.0,0.0,0.0,-990.0645889286302,0.0,0.0,51.32973871066998,0.0,53.04073000102564,0.0,0.0,0.0,0.0,0.0,0.0,0.0,937.375,-937.375,-216.55757374321828,0.0,0.0,0.0,0.0,0.0,137.31379629348896,0.17109912903556657,0.0,0.0,0.0,0.0,-1000.0,0.0,0.0,124.13916335775033,0.0,1000.0,0.0,0.0,0.0,0.0,0.0,-71.01586620417513,-71.01586620417513,0.0,0.0,0.0,0.0,1000.0,0.0,0.0,-70.84476707513956,0.0,0.0,0.0,1000.0,-42.6659537438789,0.0,0.0,0.0,0.0,0.0,0.0,0.0,0.0,0.0,0.0,0.0,0.0,0.0,0.0,-1000.0,0.0,0.0,0.0,0.0,0.0,0.0,948.2607907874906,-654.6061224412334,654.6061224412334,0.0,0.0,0.0,0.0,0.0,0.0,0.0,0.0,176.71898097240887,0.0,0.0,0.0,0.0,0.0,0.0,0.0,0.0,0.0,0.0,0.0,0.0,0.0,0.0,617.6976304769208,-548.1687078603701,0.0,0.0,0.0,0.0,105.02317164800925,0.0,0.0,0.0,0.0,41.569483220108424,0.0,0.0,0.0,205.60376641695285,0.0,0.0,0.0,0.0,0.0,0.0,0.0,0.0,0.0,-284.85989854354307,76.09155555143354,0.0,0.0,548.1687078603701,0.0,0.0,216.55757374321828,1000.0,0.0,0.0,0.0,-62.220370190549446,0.0,0.0,840.9094108866025,0.0,1000.0,0.0,840.9094108866025,159.09058911339753,0.0,0.0,0.0,0.0,0.0,372.3433983612215,0.0,0.0,0.0,-1000.0,0.0,1000.0,0.0,-71.1869653332107,216.55757374321828,0.0,841.207627232634,0.0,0.0,0.0,41.569483220108424,-0.25664869355334985,0.0,0.0,0.0,0.0,0.17109912903556657,0.0,0.0,0.0,843.6470896413208,39.4427456710245,0.0,-271.1738693430863,181.12246098901093,42.6659537438789,1000.0,0.0,292.16135205571607,0.0,-406.76080401462946,0.0,0.0,0.0,707.8386479442839,0.0,-1000.0,-1000.0,-1000.0,0.0,0.0,0.0,0.0,0.0,0.0,0.0,0.0,0.0,0.0,0.0,0.0,0.0,0.0,0.0,0.0,205.60376641695285,-1000.0,0.0,-842.6815300763797,124.13916335775033,0.0,47.229678945312,0.0,0.0,0.0,-137.31379629348896,0.0,0.0,0.0,0.0,0.0,0.0,0.0,-8.55495645177833,0.0,0.0,293.0723224408479,-416.67304652114865,0.0,47.04473979936324,0.0,0.0,34.70720586090648,-4.277478225889165,408.11809006937034,0.0,0.0,-327.77200761633657,0.0,0.0,51.32973871066998,0.0,0.0,0.0,0.0,0.0,0.0,0.0,0.0,0.0,0.0,215.5133859251598,0.0,0.0,0.0,0.0,0.0,0.0,0.0,0.0,-133.41860730300144,0.0,0.0,0.0,0.0,0.0,0.0,0.0,-433.63210823374914,0.34219825807136317,0.0,0.0,0.0,0.0,0.0,0.0,0.0,0.0,0.0,0.0,0.0,0.0,0.0,0.0,0.0,0.0,0.0,0.0,0.0,0.18820904193929244,0.18820904193929244,0.0,0.0,0.0,102.65947742133996,0.0,0.0,0.0,151.68071248446938,0.0,0.0,0.0,0.0,0.0,750.6971324919664,-151.68071248446938,0.0,0.0,836.8362449279842,0.0,0.0,0.0,0.0,0.0,0.0,0.0,0.0,0.0,0.0,330.0215296428767,-843.6470896413208,1000.0,0.0,13.174632935738618,0.0,0.0,870.6099663011388,765.5867946531296,0.0,447.5063602459261,0.0,-12.154013344028526,329.21903760224586,0.0,0.0,0.0,0.0,0.0,0.0,0.0,0.0,0.0,0.0,0.0,0.0,0.0,0.0,0.0,0.0,102.65947742133996,216.55757374321828,216.55757374321828,0.0,0.0,0.0,0.0,0.0,0.0,0.0,0.0,0.0,0.0,1.7109912903556659,0.0,0.0,0.0,0.0,0.0,948.2607907874906,0.0,0.0,51.32973871066998,-836.8362449279842,0.0,0.0,0.0,0.0,0.0,0.0,0.0,0.0,0.0,1000.0,-137.65720452468656,0.0,51.32973871066998,51.32973871066998,801.8936278981453,-151.68071248446938,0.0,0.0,0.0,0.0,0.0,0.0,0.0,0.0,0.0,134.3262105910418,0.17109912903556657,0.0,0.0,0.0,225.96084262418503,0.0,0.0,-870.6099663011388,0.0,-216.55757374321828,0.0,0.0,0.0,0.0,23.322367095849255,0.0,0.0,0.0,0.0,0.0,0.0,0.0,0.17109912903556657,0.0,0.0,0.0,5.519710983747359,-5.519710983747359,0.0,0.0,0.0,0.0,0.0,-90.08411734817696,0.0,0.0,157.31846992362034,-12.832434677667493,-8.55495645177833,0.0,0.0,0.0,0.0,0.0,0.0,0.0,0.0,0.0,0.0,0.0,0.0,216.55757374321828,42.6659537438789,0.0,0.0,-319.21705116455826,0.0,0.0,0.0,-0.17109912903556657,0.0,0.0,0.17109912903556657,0.0,0.17109912903556657,69.96710128754776,0.0,0.0,102.65947742133996,208.74093742339124,208.74093742339124,0.0,0.0,0.0,0.0,0.0,0.0,0.0,1000.0,0.0,0.0,0.0,0.0,0.0,722.5702829542464,0.0,0.0,0.0,0.0,0.0,0.0,0.0,0.0,0.0,0.0,0.0,0.0,0.0,105.02317164800925,0.0,-1000.0,1000.0,0.25664869355334985,0.0,0.0,0.0,-51.32973871066998,0.0,0.0,0.0,0.0,0.0,0.0,8.55495645177833,0.0,0.0,0.0,0.0,-1000.0,-405.8265721757265,0.0,0.0,0.0,0.0,0.0,0.0,0.0,0.0,216.55757374321828,0.0,836.8362449279842,0.0,0.0,0.0,1000.0,-406.76080401462946,0.0,-543.1403684692154,0.0,543.1403684692154,124.13916335775033,791.2590625766088,0.0,8.55495645177833,517.2875244114675,0.0,0.0,0.0,-133.41860730300144,0.0,0.0,0.0,0.0,0.0,0.0,0.0,0.0,0.0,-25.664869355334986,0.0,208.74093742339124,0.0,62.50000000000001,62.5,-62.5,0.0,0.0,0.0,0.0,0.0,0.0,0.0,0.0,38.49730403300248,-225.96084262418503,619.974336597375,-948.2607907874906,51.32973871066998,0.0,0.0,0.0,0.0,-221.14167568459231,0.0,0.0,0.18820904193929244,0.0,0.0,0.0,104.37046871169562,0.0,0.0,0.0,0.0,617.6976304769208,0.0,0.0,0.0,0.0,0.0,0.0,0.0,0.0,-757.3196238273042,0.0,0.017109912903556658,0.017109912903556658,0.0,0.0,0.0,0.0,0.0,69.96710128754776,0.0,0.0,0.0,0.0,0.0,0.0,0.0,0.0,0.0,0.0,0.0,0.0,0.0,0.0,0.0,0.0,0.0,0.0,0.0,0.0,0.0,0.0,0.0,316.35407884285564,71.74365738166038,0.0,0.0,0.0,102.65947742133997,0.0,0.0,0.0,0.0,0.0,742.8555121480297,-845.5149895693696,0.0,0.0,0.0,0.0,0.0,0.0,0.0,0.0,0.0,0.0,0.0,0.0,-134.3262105910418,-439.53482859814494,839.7731863436095,0.0,-51.32973871066998,0.0,-158.00286643976284,0.0,0.0,0.0,0.0,0.0,0.0,0.0,0.0,0.0,0.0,0.0,0.0,0.0,0.0,0.0,0.0,0.0,-21.387391129445824,216.55757374321828,-12.832434677667493,709.7378482765788,0.0,0.0,0.0,0.0,0.0,-2.1387391129445823,0.0,257.55777066075177,0.0,0.0,0.0,0.0,0.0,0.0,0.0,1000.0,51.32973871066998,51.32973871066998,0.0,0.0,0.0,0.0,0.0,0.18820904193929244,0.0,0.0,0.0,88.03576515221508,0.0,0.0,0.0,0.0,0.0,0.0,0.0,0.0,0.0,0.0,0.0,0.0,0.0,0.0,357.74232299070763,0.0,0.0,0.0,0.0,179.65408548734493,13.174632935738618,0.0,0.0,0.0,0.0,0.0,0.0,0.0,391.76222376900546,0.0,0.0,0.0,-21.387391129445824,0.0,0.0,0.0,0.0,0.0,0.0,0.0,0.0,0.0,0.0,0.0,0.0,0.0,0.0,0.0,0.0,0.0,0.0,-0.17109912903556657,0.0,0.0,8.55495645177833,-750.6971324919664,0.0,0.0,0.0,0.0,216.55757374321828,0.0,0.0,0.0,-707.8386479442839,4.277478225889165,0.0,0.0,354.4824553061326,0.17109912903556657,0.0,171.09912903556656,-53.04073000102564,34.21982580711332,1.2221366359683328,477.36657000923077,-0.12832434677667492,8.55495645177833,3.4219825807113318,69.11160564236971,-477.36657000923077,51.32973871066998,-0.1710991290355666,135.58693467154316,0.0,0.04277478225889165,1.2221366359683328,-406.76080401462946,-27.238981342459653,-3.4219825807113318,-400.39419976600095,-0.1710991290355666,0.04277478225889165,-477.36657000923077,17.10991290355666,0.1710991290355666,0.17109912903556657,0.359308170974859,0.18820904193912324,-185.98013066336785,-0.12832434677667492,51.32973871066998,0.1710991290355666,51.32973871066998,-85.5495645177833,-0.0855495645177833,-0.498261307373203,-122.30418368060148,-0.12832434677667492,-0.1710991290355666,-53.04073000102564,0.17109912903556657,17.10991290355666,-3.4219825807113318,105.02317164800925,105.02317164800925,-17.10991290355666,400.39419976600095,-105.02317164800925,34.21982580711332,0.25664869355334985,-1000.0,17.10991290355666,-330.0215296428767,0.0,-34.21982580711332,0.0855495645177833,1.7109912903556659,67.79346733577158,34.21982580711332,-0.17109912903556657,-38.49730403300248,-0.359308170974859,53.04073000102564,0.1710991290355666,27.238981342459653,-205.31895484267955,0.0,-0.17109912903556657,-0.04277478225889165,0.0,-0.1710991290355666,-433.63210823374914,0.1710991290355666,-0.04277478225889165,-0.04277478225889165,-0.04277478225889165,68.43965161422663,85.5495645177833,1.7109912903556659,288.78606498472936,-0.04277478225889165,0.0,8.55495645177833,225.3710105686529,0.17109912903556657,0.0855495645177833,0.0855495645177833,-91.16887396805248,53.04073000102564,0.17109912903556657,-53.04073000102564,1.7109912903556659,0.1710991290355666,-612.8320605057436,0.1710991290355666,0.684396516142499,-69.11160564236971,0.0855495645177833,0.04277478225889165,51.32973871066998,-0.1710991290355666,185.98013066336785,1.7109912903556659,-577.5721299694587,4.277478225889165,-17.10991290355666,34.21982580711332,8.55495645177833,-0.1710991290355666,406.76080401462946,0.25664869355334985,-0.1710991290355666,182.33774793610496,53.04073000102564,673.5710541113319,0.0855495645177833,-450.7420211373058,-0.1710991290355666,-0.1710991290355666,-0.1710991290355666,0.0855495645177833,477.36657000923077,-34.21982580711332,0.17109912903556657,135.58693467154316,-0.04277478225889165,-0.18820904193912324,-135.58693467154316,25.664869355334982,122.30418368060148,337.93356998487576,477.36657000923077,-0.12832434677667492,38.49730403300248,-34.21982580711332,0.1710991290355666,-0.042774782258891655,8.55495645177833,171.09912903556656,-0.0855495645177833,-0.1710991290355666,0.04277478225889165,1000.0,0.0,999.9144504354822,324.0459955210142,-936.3366261841376,0.0,27.338042878086412,-976.4117252251933,0.0,1000.0,157.02759228235632,-34.21982580711332,0.0,-500.0,468.1683130920688,-78.51379614117816,0.0,488.20586261259666,0.0,-452.4293784267397,0.0,34.21982580711332,-452.4293784267397,-27.338042878086412,107.77354240860465,0.0,1496.5981,bhi
103,0.0,0.0,0.0,0.0,0.0,0.0,0.0,0.0,-0.18880198711257737,0.0,0.0,0.0,0.0,0.0,0.0,0.0,546.1010146719461,515.4022680690871,0.0,-761.2401467857767,0.0,0.0,0.0,750.4037730371726,0.0,315.5831635491718,0.0,0.0,0.0,-663.349678677597,0.0,0.0,834.0336462034396,0.0,0.0,0.0,0.0,999.2447920515497,0.0,-1000.0,333.5716824922165,0.0,0.0,226.383914162063,0.0,0.0,0.0,0.0,1000.0,-630.5244057646657,0.0,849.779554884434,0.0,0.20768218582402184,0.0,0.0,0.0,37.760397422515474,0.0,0.0,-16.627161665048387,0.0,-506.3212812143711,-522.9484428794194,0.0,0.0,0.0,0.0,0.0,0.0,0.0,1.888019871125774,0.0,0.0,0.0,0.0,0.0,0.0,0.0,0.0,0.0,0.0,0.0,0.0,113.28119226754643,0.0,0.0,0.0,-272.9089058456386,0.0,-0.04720049677814434,0.0,0.0,0.0,56.640596133773215,0.0,279.5953381903007,-6.079423985027319,714.406977438329,0.0,0.0,995.2799503221855,-663.349678677597,0.0,0.0,-299.6019634479256,0.0,0.0,0.0,0.0,0.0,0.0,0.0,0.0,0.0,0.0,0.0,0.0,0.0,0.0,0.0,0.0,0.0,0.0,-1000.0,0.0,0.0,279.5953381903007,0.0,58.52861600489899,0.0,0.0,219.62179351434065,-219.62179351434065,0.0,0.0,917.6993262056747,1000.0,-1000.0,-917.6993262056747,0.0,0.0,0.0,0.0,0.0,14.537753007668323,0.18880198711257737,0.0,0.0,0.0,-1000.0,697.7768476114636,0.0,0.0,0.0,0.0,1000.0,0.0,0.0,0.0,0.0,0.0,702.4399220089256,702.4399220089256,0.0,0.0,0.0,0.0,0.0,0.0,0.0,702.6287239960382,0.0,0.0,0.0,456.03995049857394,-20.72175299416834,0.0,0.0,0.0,0.0,0.0,0.0,0.0,0.0,0.0,-11.6931364018382,0.0,0.0,0.0,0.0,-1000.0,0.0,0.0,0.0,0.0,0.0,630.5244057646657,-849.779554884434,272.9089058456386,-272.9089058456386,0.0,0.0,0.0,0.0,0.0,0.0,0.0,0.0,-23.60024838907218,0.0,0.0,0.0,0.0,0.0,0.0,0.0,0.0,0.0,0.0,0.0,0.0,0.0,411.49018001386776,-75.52079484503095,-32.97178110991527,0.0,0.0,0.0,0.0,0.0,0.0,0.0,0.0,0.0,-16.627161665048387,-259.3556952719783,0.0,0.0,0.0,0.0,0.0,0.0,0.0,0.0,0.0,0.0,222.9547420565275,0.0,545.8178116912773,0.0,423.12935096120464,0.0,32.97178110991527,0.0,0.0,0.0,230.33842427734442,0.0,0.0,0.0,296.23410928116994,0.0,0.0,-999.9999999999998,831.6647709044206,0.0,-1000.0,-831.6647709044206,0.0,0.0,0.0,-123.14941798661698,630.5244057646657,0.0,526.757544044091,0.0,0.0,0.0,-650.5773949113016,0.0,650.5773949113016,0.0,702.251120021813,0.0,0.0,568.9667928944588,0.0,0.0,0.0,-16.627161665048387,-0.28320298066886607,0.0,0.0,0.0,0.0,0.18880198711257737,0.0,0.0,0.0,720.4046618096993,546.1010146719461,0.0,-593.4558684530557,485.2439457231094,20.72175299416834,516.2447951264421,0.0,16.255851090393097,0.0,-299.6019634479256,0.0,0.0,0.0,-16.255851090393097,0.0,0.0,-1000.0,-1000.0,0.0,0.0,0.0,0.0,0.0,0.0,0.0,0.0,0.0,0.0,0.0,0.0,0.0,0.0,0.0,0.0,0.0,0.0,0.0,-1000.0,0.0,0.0,0.0,398.7607940779902,0.0,0.0,285.593022561671,0.0,714.406977438329,0.0,0.0,985.8398509665567,0.0,912.6109238577432,-701.7404218779023,0.0,0.0,0.0,-9.440099355628869,0.0,-254.22187564708548,-912.6109238577432,0.0,1000.0,-4.720049677814434,0.0,109.47089984665486,0.0,-173.25972759983952,0.0,50.5384359766642,279.5953381903007,0.0,0.0,0.0,0.0,0.0,0.0,0.0,-411.49018001386776,411.49018001386776,411.49018001386776,-1000.0,0.0,0.0,0.0,0.0,0.0,0.0,0.0,0.0,-33.254323330096774,0.0,0.0,96.92222555607509,0.0,0.0,0.0,0.0,-657.3392854238681,0.37760397422528086,0.0,0.0,0.0,0.0,0.0,0.0,0.0,0.0,0.0,0.0,0.0,0.0,0.0,0.0,0.0,0.0,0.0,0.0,0.0,0.20768218582402184,0.20768218582402184,0.0,76.29948796464298,0.0,113.28119226754643,0.0,0.0,0.0,1000.0,0.0,0.0,0.0,0.0,0.0,759.2835658356313,-1000.0,0.0,0.0,0.0,0.0,0.0,96.92222555607509,0.0,0.0,0.0,0.0,0.0,0.0,0.0,333.3333333333333,-720.4046618096993,302.2231523885364,0.0,14.537753007668323,0.0,0.0,0.0,0.0,0.0,759.2835658356313,0.0,786.4731654722191,-684.5288850604559,0.0,0.0,411.49018001386776,0.0,0.0,0.0,0.0,0.0,0.0,0.0,0.0,0.0,0.0,0.0,0.0,0.0,113.28119226754643,0.0,0.0,0.0,0.0,0.0,0.0,0.0,0.0,0.0,0.0,0.0,0.0,1.888019871125774,0.0,0.0,0.0,0.0,0.0,-849.779554884434,0.0,0.0,279.5953381903007,0.0,0.0,0.0,0.0,0.0,0.0,0.0,0.0,0.0,0.0,1000.0,0.0,0.0,56.640596133773215,56.640596133773215,1000.0,-1000.0,0.0,96.92222555607509,0.0,0.0,0.0,0.0,0.0,663.349678677597,0.0,1000.0,0.18880198711257737,0.0,0.0,0.0,249.33999569460312,892.1690047314564,0.0,0.0,0.0,0.0,0.0,0.0,0.0,0.0,0.0,0.0,0.0,0.0,0.0,0.0,0.0,0.0,0.18880198711257737,0.0,0.0,0.0,0.0,0.0,0.0,0.0,0.0,0.0,0.0,1000.0,0.0,0.0,-1000.0,-14.160149033443304,0.0,-9.440099355628877,0.0,0.0,0.0,0.0,0.0,0.0,0.0,0.0,0.0,0.0,0.0,0.0,20.72175299416834,0.0,0.0,-113.28119226754643,0.0,0.0,0.0,-0.18880198711257737,0.0,0.0,0.18880198711257737,0.0,0.18880198711257737,0.0,0.0,0.0,113.28119226754643,230.33842427734442,230.33842427734442,0.0,0.0,0.0,0.0,0.0,0.0,0.0,302.2231523885364,0.0,0.0,0.0,0.0,0.0,0.0,0.0,0.0,0.0,0.0,0.0,0.0,0.0,0.0,0.0,0.0,0.0,0.0,0.0,0.0,0.0,-1000.0,1000.0,0.28320298066886607,0.0,0.0,0.0,-279.5953381903007,0.0,0.0,0.0,0.0,0.0,-76.29948796464298,9.440099355628869,0.0,0.0,0.0,0.0,0.0,-285.593022561671,-9.440099355628877,0.0,0.0,0.0,0.0,0.0,0.0,0.0,0.0,0.0,0.0,1000.0,-335.19069204922477,0.0,1000.0,592.5670412835309,0.0,0.0,714.406977438329,-714.406977438329,0.0,0.0,0.0,9.440099355628877,266.2021968882587,0.0,0.0,0.0,-33.254323330096774,0.0,0.0,-687.5000000002703,687.5000000002703,0.0,-300.1307755693393,0.0,0.0,0.0,102.15277339992448,-118.77993506497288,230.33842427734442,0.0,0.0,0.0,0.0,0.0,0.0,0.0,0.0,0.0,0.0,0.0,0.0,0.0,-249.33999569460312,-464.6637727060398,0.0,56.640596133773215,0.0,0.0,0.0,0.0,58.4849952988109,0.0,0.0,0.20768218582402184,0.0,0.0,0.0,115.16921213867221,0.0,0.0,0.0,0.0,-75.52079484503095,0.0,0.0,0.0,0.0,0.0,0.0,0.0,0.0,-316.5440190704158,0.0,0.018880198711257738,0.018880198711257738,0.0,0.0,0.0,0.0,0.0,0.0,0.0,0.0,0.0,0.0,0.0,0.0,0.0,0.0,0.0,76.29948796464298,0.0,0.0,0.0,0.0,0.0,0.0,0.0,630.5244057646657,0.0,0.0,0.0,0.0,358.0329096870648,0.0,515.4022680690871,0.0,0.0,0.0,113.28119226754643,0.0,0.0,0.0,0.0,0.0,-925.7811922675472,812.5000000000008,0.0,0.0,0.0,0.0,0.0,0.0,0.0,0.0,0.0,0.0,0.0,0.0,-1000.0,-1000.0,129.32936117211554,-1000.0,720.4046618096993,0.0,999.2447920515497,0.0,0.0,0.0,0.0,0.0,0.0,0.0,0.0,0.0,0.0,0.0,0.0,0.0,0.0,0.0,0.0,0.0,-23.60024838907218,0.0,-1000.0,104.61978603152957,0.0,0.0,0.0,0.0,0.0,-2.3600248389072176,0.0,33.254323330096774,0.0,0.0,0.0,0.0,0.0,0.0,0.0,1000.0,56.640596133773215,56.640596133773215,0.0,0.0,0.0,0.0,0.0,0.20768218582402184,76.29948796464298,0.0,0.0,-999.2447920515497,0.0,0.0,0.0,0.0,0.0,0.0,0.0,0.0,0.0,0.0,0.0,0.0,0.0,0.0,342.2084182254141,0.0,0.0,0.0,0.0,198.24208646820625,14.537753007668323,0.0,0.0,0.0,0.0,0.0,76.29948796464298,0.0,279.51359857664363,0.0,0.0,0.0,-23.60024838907218,0.0,0.0,0.0,0.0,0.0,0.0,0.0,0.0,0.0,0.0,0.0,0.0,0.0,0.0,0.0,0.0,0.0,0.0,-0.18880198711257737,0.0,0.0,9.440099355628869,-759.2835658356313,0.0,0.0,0.0,0.0,0.0,0.0,0.0,0.0,16.255851090393097,4.720049677814434,0.0,0.0,315.5831635491718,0.18880198711257737,0.0,188.80198711257736,-58.52861600489899,37.760397422515474,1.3485856222326955,526.757544044091,-0.14160149033443303,701.7404218779023,3.7760397422515477,-0.9440099355629172,-526.757544044091,56.640596133773215,-0.18880198711257737,99.86732114930852,96.92222555607509,0.04720049677814434,1.3485856222326955,-299.6019634479256,-30.057276348324525,-3.7760397422515477,-300.26313595525653,-0.18880198711257737,0.04720049677814434,-526.757544044091,18.880198711257737,0.18880198711257737,0.18880198711257737,-75.90300379170637,0.2076821858238351,0.0,-0.14160149033443303,56.640596133773215,0.18880198711257737,279.5953381903007,128.5537485002388,-0.09440099355628868,-400.79607310414883,-19.069000698370314,-0.14160149033443303,-0.18880198711257737,-58.52861600489899,0.18880198711257737,18.880198711257737,-3.7760397422515477,0.0,0.0,-18.880198711257737,300.26313595525653,0.0,37.760397422515474,0.28320298066886607,-1000.0,18.880198711257737,-333.3333333333333,96.92222555607509,-37.760397422515474,0.09440099355628868,1.888019871125774,148.36396711326393,-297.43029462670927,-0.18880198711257737,-118.77993506497288,75.90300379170637,58.52861600489899,0.18880198711257737,30.057276348324525,-352.5949010355454,96.92222555607509,-0.18880198711257737,-0.04720049677814434,-96.92222555607509,-0.18880198711257737,-657.3392854238681,0.18880198711281082,-0.04720049677814434,-0.04720049677814434,-0.04720049677814434,75.52079484503095,-128.5537485002388,1.888019871125774,139.87867220203583,-0.04720049677814434,196.86061307721934,9.440099355628869,338.10974206756293,0.18880198711257737,0.09440099355628868,0.09440099355628868,67.34131148929528,58.52861600489899,0.18880198711257737,-58.52861600489899,1.888019871125774,0.18880198711257737,-139.87867220203583,0.18880198711257737,0.7552079484503338,0.9440099355629172,0.09440099355628868,0.04720049677814434,56.640596133773215,-0.18880198711257737,0.0,1.8880198711257739,-279.75734440407166,697.0203722000879,-18.880198711257737,37.760397422515474,9.440099355628869,-0.18880198711257737,299.6019634479256,0.28320298066886607,-0.18880198711257737,-134.68262297859056,58.52861600489899,252.62395739452367,0.09440099355628868,-676.2194841351259,-0.18880198711257737,-0.18880198711281082,-0.18880198711257737,0.09440099355628868,526.757544044091,-37.760397422515474,0.18880198711257737,296.72793422652785,-0.04720049677814434,-0.2076821858238351,-296.72793422652785,28.320298066886604,19.069000698370314,-553.3546748401436,526.757544044091,-0.14160149033443303,118.77993506497288,297.43029462670927,0.18880198711257737,-0.04720049677814435,9.440099355628877,188.80198711257736,-0.09440099355628868,-0.18880198711257737,0.04720049677814434,932.6270465994494,0.0,999.9055990064437,0.0,-1000.0,0.0,1000.0,-245.6391288350968,0.0,-523.1931451327374,369.6725612939536,-735.5372450339792,0.0,261.5965725663687,500.0,-184.8362806469768,0.0,122.8195644175484,-76.29948796464298,-311.1089526933346,0.0,735.5372450339792,-311.1089526933346,-1000.0,666.8573511621438,0.0,1496.5981,bhi
104,0.0,0.0,0.0,0.0,0.0,0.0,0.0,0.0,-0.1896839670418803,0.0,0.0,0.0,0.0,0.0,0.0,0.0,537.1235185159428,-319.2464747894385,0.0,0.0,0.0,0.0,0.0,205.06572293261053,0.0,0.0,0.0,0.0,0.0,602.1194590628417,32.71598100773417,-32.71598100773417,694.6408076478561,0.0,0.0,0.0,0.0,505.47971826703866,0.0,-1000.0,12.933097472615513,0.0,0.0,-224.65912735602467,0.0,0.0,495.78883452870554,0.0,-412.8440109097463,0.0,0.0,0.0,0.0,0.20865236374625593,0.0,0.0,0.0,0.0,0.0,0.0,33.33688967170135,0.0,1000.0,850.495735556398,0.0,0.0,0.0,0.0,0.0,0.0,0.0,1.8968396704188033,0.0,0.0,0.0,0.0,0.0,0.0,0.0,0.0,0.0,0.0,588.7414280641632,0.0,113.8103802251282,0.0,0.0,0.0,630.4365286856878,-536.83899256538,-0.04742099176047008,0.0,0.0,0.0,56.9051901125641,0.0,83.5516600921609,0.0,0.0,0.0,588.7414280641632,9.484198352094015,602.1194590628417,0.0,0.0,-356.15489861649843,657.3547907793896,295.0662619869926,0.0,0.0,0.0,0.0,0.0,0.0,0.0,0.0,0.0,0.0,0.0,0.0,0.0,0.0,0.0,0.0,-839.8156584640938,0.0,0.0,83.5516600921609,0.0,58.8020297829829,0.0,0.0,0.0,0.0,0.0,0.0,0.0,1000.0,-1000.0,-182.84115411530334,0.0,0.0,0.0,0.0,0.0,-574.1357626019384,0.1896839670418803,0.0,0.0,0.0,0.0,-657.3547907793896,0.0,0.0,0.0,0.0,1000.0,0.0,0.0,0.0,0.0,0.0,-199.21939289780144,-199.21939289780144,0.0,0.0,0.0,0.0,-706.9911764832316,0.0,0.0,-166.3137279230254,0.0,0.0,0.0,0.0,0.0,0.0,0.0,0.0,0.0,0.0,0.0,0.0,0.0,0.0,0.0,0.0,0.0,0.0,0.0,-1000.0,0.0,0.0,0.0,0.0,0.0,0.0,0.0,-93.59753612030784,93.59753612030784,182.84115411530334,0.0,0.0,0.0,0.0,0.0,0.0,0.0,-286.46563686414396,0.0,0.0,0.0,0.0,0.0,0.0,0.0,0.0,0.0,0.0,0.0,0.0,0.0,0.0,-114.69739156323483,-726.3989666690379,0.0,0.0,0.0,0.0,153.5013304048626,0.0,0.0,0.0,0.0,33.33688967170135,-501.73983931301325,32.71598100773417,0.0,0.0,0.0,0.0,0.0,0.0,0.0,38.82380474648271,37.93679340837606,26.6464699795968,0.0,0.0,724.0340648059956,-506.44154703005415,0.0,726.3989666690379,0.0,0.0,182.84115411530334,0.0,0.0,0.0,0.0,-85.51669735142752,0.0,0.0,-1000.0,0.0,-897.270692468194,-1000.0,0.0,-897.2706924681942,536.83899256538,0.0,0.0,0.0,0.0,192.87578352668015,0.0,0.0,0.0,-582.4580542885117,0.0,582.4580542885117,0.0,624.399672093187,0.0,0.0,343.0235576833635,0.0,0.0,0.0,33.33688967170135,-0.28452595056282043,0.0,0.0,0.0,0.0,0.1896839670418803,0.0,0.0,0.0,541.2820506411904,537.1235185159428,0.0,-237.43659907766562,591.0012256389908,0.0,42.598987737603736,0.0,-728.258748815802,0.0,-356.15489861649843,0.0,0.0,0.0,853.7346930140059,0.0,-125.47594419820383,-1000.0,210.3965264208539,0.0,0.0,0.0,0.0,0.0,0.0,0.0,0.0,0.0,0.0,0.0,0.0,0.0,0.0,0.0,0.0,0.0,0.0,0.0,-1000.0,0.0,493.7615458647936,0.0,0.0,0.0,0.0,568.0279388631898,0.0,0.0,0.0,0.0,0.0,0.0,23.755077515340872,811.9626663883614,-814.552514231748,0.0,0.0,0.0,0.0,-1000.0,-23.755077515340872,-821.4468647404555,803.9142714393735,809.810415055701,-9.484198352094015,0.0,0.0,0.0,0.0,248.2488194971436,83.5516600921609,0.0,0.0,0.0,676.9407152090243,0.0,0.0,0.0,0.0,0.0,0.0,419.45331395550886,0.0,0.0,-295.3039334215906,0.0,0.0,0.0,0.0,0.0,-116.16737477190064,0.0,0.0,53.88576982717268,0.0,0.0,0.0,0.0,-198.24905165539576,0.3793679340838873,0.0,0.0,0.0,0.0,0.0,0.0,0.0,0.0,0.0,0.0,0.0,0.0,0.0,0.0,0.0,0.0,0.0,0.0,0.0,0.20865236374625593,0.20865236374625593,32.71598100773417,0.0,0.0,113.8103802251282,0.0,0.0,0.0,1000.0,0.0,0.0,0.0,0.0,0.0,1000.0,-1000.0,0.0,0.0,643.9502724117018,0.0,0.0,53.88576982717268,0.0,0.0,0.0,0.0,0.0,0.0,0.0,279.93855282136457,-541.2820506411904,0.0,0.0,14.605665462224774,0.0,0.0,0.0,-336.34248452016595,0.0,1000.0,0.0,1000.0,-198.24905165539576,0.0,0.0,0.0,0.0,0.0,0.0,0.0,0.0,0.0,0.0,0.0,0.0,0.0,0.0,0.0,0.0,113.8103802251282,182.84115411530334,182.84115411530334,0.0,0.0,0.0,0.0,0.0,0.0,0.0,0.0,0.0,0.0,1.8968396704188033,0.0,32.71598100773417,0.0,0.0,32.71598100773417,0.0,0.0,0.0,83.5516600921609,-643.9502724117018,0.0,0.0,0.0,0.0,0.0,0.0,0.0,0.0,0.0,0.0,424.2338119623904,0.0,56.9051901125641,56.9051901125641,1000.0,-1000.0,0.0,53.88576982717268,0.0,0.0,0.0,0.0,0.0,142.24942577247464,0.0,230.1371727119257,0.1896839670418803,0.0,0.0,-419.14203211184605,669.6468083002264,54.98772193598036,0.0,0.0,0.0,0.0,0.0,0.0,0.0,0.0,0.0,0.0,0.0,0.0,0.0,0.0,0.0,0.0,0.1896839670418803,0.0,0.0,0.0,0.0,0.0,0.0,0.0,0.0,493.7615458647936,0.0,568.0279388631898,0.0,0.0,-1000.0,-14.226297528141025,-9.484198352094015,0.0,0.0,-687.5,-687.5,687.5,0.0,0.0,0.0,0.0,0.0,0.0,0.0,182.84115411530334,0.0,0.0,0.0,257.7330178492376,0.0,0.0,0.0,-0.1896839670418803,0.0,0.0,0.1896839670418803,0.0,0.1896839670418803,0.0,0.0,0.0,113.8103802251282,231.414439791094,231.414439791094,0.0,0.0,0.0,0.0,0.0,0.0,0.0,0.0,0.0,0.0,0.0,0.0,0.0,870.066482576312,0.0,0.0,0.0,0.0,0.0,0.0,0.0,0.0,0.0,0.0,0.0,0.0,0.0,336.34248452016595,0.0,0.0,0.0,0.28452595056282043,0.0,0.0,0.0,-83.5516600921609,0.0,0.0,0.0,0.0,0.0,0.0,9.484198352094015,0.0,0.0,0.0,0.0,706.9911764832316,-568.0279388631898,0.0,0.0,0.0,0.0,0.0,0.0,0.0,0.0,182.84115411530334,0.0,643.9502724117018,357.3342323924346,0.0,0.0,737.2448590160909,-301.1671766805181,0.0,0.0,0.0,0.0,0.0,-231.414439791094,0.0,9.484198352094015,1000.0,0.0,737.2257063049725,-32.71598100773417,-116.16737477190064,0.0,0.0,537.9686549730385,-537.9686549730385,0.0,0.0,0.0,0.0,0.0,14.226297528141025,-42.67889258442307,231.414439791094,0.0,32.71598100773417,32.71598100773417,0.0,0.0,0.0,0.0,0.0,0.0,38.82380474648271,0.0,0.0,0.0,-250.5047761883804,-1000.0,0.0,56.9051901125641,0.0,0.0,0.0,0.0,-198.5391878758277,0.0,0.0,0.20865236374625593,0.0,0.0,0.0,115.707219895547,0.0,0.0,0.0,0.0,-114.69739156323483,0.0,657.3547907793896,0.0,0.0,0.0,0.0,0.0,0.0,0.0,0.0,0.018968396704188033,0.018968396704188033,0.0,0.0,0.0,0.0,0.0,0.0,0.0,0.0,0.0,-419.14203211184605,32.71598100773417,0.0,0.0,0.0,0.0,0.0,0.0,0.0,0.0,0.0,0.0,0.0,0.0,0.0,0.0,0.0,0.0,0.0,661.4030261221392,0.0,-319.2464747894385,0.0,0.0,0.0,113.8103802251282,0.0,0.0,0.0,0.0,0.0,-1000.0,886.1896197748717,0.0,0.0,0.0,0.0,0.0,0.0,0.0,0.0,0.0,32.71598100773417,32.71598100773417,0.0,980.2593537089282,-255.6311151646837,1000.0,0.0,-83.5516600921609,0.0,999.2412641318323,0.0,0.0,0.0,0.0,0.0,0.0,0.0,0.0,0.0,0.0,0.0,0.0,0.0,0.0,0.0,0.0,0.0,-23.71049588023504,182.84115411530334,-14.226297528141025,898.519077632594,0.0,0.0,0.0,0.0,0.0,685.5445552723127,-687.9156048603362,116.16737477190064,0.0,0.0,0.0,0.0,0.0,0.0,0.0,1000.0,56.9051901125641,56.9051901125641,0.0,0.0,0.0,0.0,0.0,0.20865236374625593,0.0,0.0,0.0,-999.2412641318323,0.0,0.0,0.0,0.0,0.0,0.0,0.0,0.0,0.0,0.0,0.0,0.0,0.0,0.0,0.0,0.0,0.0,0.0,0.0,199.16816539397436,14.605665462224774,0.0,0.0,0.0,0.0,0.0,0.0,0.0,558.5437405110957,0.0,0.0,0.0,-23.71049588023504,0.0,0.0,0.0,0.0,0.0,0.0,0.0,0.0,0.0,0.0,0.0,0.0,0.0,0.0,0.0,0.0,0.0,0.0,-0.1896839670418803,0.0,0.0,9.484198352094015,-1000.0,0.0,0.0,0.0,0.0,182.84115411530334,0.0,0.0,0.0,-853.7346930140059,4.742099176047008,0.0,0.0,0.0,0.1896839670418803,0.0,189.6839670418803,-58.8020297829829,37.93679340837606,1.3548854788705735,529.2182680468461,-0.14226297528141021,9.484198352094062,3.793679340837606,-0.948419835209599,-529.2182680468461,56.90519011256409,-0.1896839670418803,118.71829953883281,53.88576982717268,0.04742099176047008,1.3548854788705735,-356.15489861649843,-30.197687553067453,28.922301666896566,-217.87704372650433,-0.1896839670418803,0.04742099176047008,-529.2182680468461,18.96839670418803,0.1896839670418803,0.1896839670418803,0.39833633078813624,0.20865236374606835,-125.59234013427448,-0.14226297528141021,56.9051901125641,0.1896839670418803,83.5516600921609,-68.19551354134336,-0.09484198352094016,-162.0978626327286,-172.6594110760925,-0.14226297528141021,-0.1896839670418803,-58.8020297829829,0.1896839670418803,18.96839670418803,-3.793679340837606,336.34248452016595,336.34248452016595,-18.96839670418803,217.87704372650433,-336.34248452016595,37.93679340837606,0.28452595056282043,-1000.0,18.96839670418803,-279.93855282136457,53.88576982717268,-37.93679340837606,0.09484198352094016,1.8968396704188033,59.359149769416405,37.93679340837606,-0.1896839670418803,-42.67889258442307,-0.39833633078813624,58.8020297829829,0.1896839670418803,30.197687553067453,-200.38146060268053,53.88576982717268,-0.1896839670418803,-0.04742099176047008,-53.88576982717268,-0.1896839670418803,-855.6038424347854,0.1896839670418803,-0.04742099176047008,-0.04742099176047008,-0.04742099176047008,75.87358681675212,68.19551354134336,1.8968396704188033,140.53210908215544,-0.04742099176047008,0.0,9.484198352094015,108.60872417979189,0.1896839670418803,0.09484198352094016,0.09484198352094016,45.91128161777437,58.8020297829829,0.1896839670418803,-58.8020297829829,1.8968396704188033,0.1896839670418803,-140.53210908215544,0.1896839670418803,0.7587358681677188,0.948419835209599,0.09484198352094016,0.04742099176047008,56.9051901125641,-0.1896839670418803,125.59234013427448,-14.461150833448283,-281.0642181643109,4.742099176046963,-18.96839670418803,37.93679340837606,9.484198352094015,-0.1896839670418803,356.15489861649843,0.28452595056282043,-0.1896839670418803,-91.82256323554874,58.8020297829829,623.3856848425389,0.09484198352094016,-217.21744835958384,-0.1896839670418803,-0.1896839670418803,-0.1896839670418803,0.09484198352094016,529.2182680468461,-37.93679340837606,0.1896839670418803,118.71829953883281,-0.04742099176047008,-0.20865236374606835,-118.71829953883281,28.452595056282043,172.6594110760925,-285.21217809457136,529.2182680468461,-0.14226297528141021,42.67889258442307,-37.93679340837606,0.1896839670418803,-0.047420991760470085,9.484198352094015,189.6839670418803,-0.09484198352094016,-0.1896839670418803,0.04742099176047008,1000.0,0.0,999.905158016479,0.0,291.9401125471287,0.0,1000.0,-1000.0,0.0,527.570469957191,-833.1636458923912,-775.1816524244671,0.0,-263.7852349785955,-145.97005627356435,416.5818229461956,0.0,500.0,0.0,-424.84649696671124,0.0,775.1816524244671,-424.84649696671124,-1000.0,590.7065319492463,0.0,1496.5981,bhi
105,0.0,0.0,0.0,0.0,0.0,0.0,0.0,0.0,-0.16107277469160267,0.0,0.0,0.0,0.0,0.0,0.0,0.0,-381.5142157928192,-75.58300361810507,0.0,763.0284315856384,0.0,0.0,0.0,372.6497740480821,0.0,0.0,0.0,0.0,0.0,283.78668991429043,154.53159122917262,-154.53159122917262,0.0,0.0,0.0,0.0,0.0,999.355708901235,0.0,-1000.0,63.226569554496905,0.0,0.0,0.0,0.0,0.0,0.0,0.0,0.0,0.0,0.0,0.0,0.0,0.17718005216092225,0.0,0.0,0.0,0.0,0.0,0.0,-28.598277402115627,0.0,271.81641699407976,131.92595349561893,0.0,0.0,0.0,0.0,223.28630040280035,-111.99411430645513,0.0,1.6107277469160266,0.0,0.0,0.0,0.0,0.0,0.0,0.0,0.0,0.0,0.0,0.0,0.0,96.6436648149616,0.0,0.0,413.80563160688735,0.0,273.63979636064596,-0.040268193672900666,0.0,0.0,949.6345329309513,48.3218324074808,0.0,48.3218324074808,-159.7181345742415,0.0,0.0,0.0,928.8231071131487,283.78668991429043,0.0,0.0,-280.1427602466979,0.0,0.0,0.0,0.0,0.0,0.0,0.0,0.0,0.0,0.0,0.0,0.0,0.0,0.0,0.0,0.0,0.0,0.0,-694.3659765735731,0.0,0.0,48.3218324074808,0.0,49.93256015439682,0.0,0.0,0.0,0.0,0.0,0.0,-111.29218609634522,0.0,0.0,0.0,0.0,0.0,0.0,0.0,0.0,12.402603651253399,0.16107277469160267,0.0,0.0,0.0,0.0,-1000.0,0.0,0.0,0.0,0.0,1000.0,0.0,0.0,0.0,0.0,0.0,149.37112701127765,149.37112701127765,0.0,0.0,0.0,0.0,1000.0,0.0,0.0,304.0637910151419,0.0,0.0,0.0,995.5403808993806,0.0,0.0,0.0,0.0,0.0,0.0,0.0,0.0,0.0,0.0,-853.4336512237057,0.0,0.0,0.0,0.0,-1000.0,0.0,0.0,0.0,0.0,0.0,0.0,0.0,-273.63979636064596,273.63979636064596,0.0,0.0,0.0,0.0,0.0,0.0,0.0,0.0,-1000.0,0.0,0.0,0.0,0.0,0.0,0.0,0.0,0.0,0.0,0.0,0.0,0.0,0.0,235.38058806340698,219.32427901419024,97.72752587852875,0.0,0.0,0.0,0.0,275.96368658272513,0.0,0.0,0.0,0.0,-28.598277402115627,97.72752587852875,154.53159122917262,0.0,311.48890738458124,0.0,0.0,0.0,0.0,0.0,0.0,32.21455493832053,0.0,0.0,-273.63979636064596,0.0,140.1658352462414,0.0,-97.72752587852875,0.0,0.0,111.29218609634522,0.0,0.0,0.0,0.0,-79.08611171297876,0.0,0.0,-500.2375047505929,-955.538221798825,0.0,455.30071704823206,0.0,955.538221798825,-273.63979636064596,0.0,0.0,0.0,0.0,173.42935480684622,0.0,0.0,0.0,872.8597753388835,0.0,-872.8597753388835,0.0,303.74164546575867,111.29218609634522,0.0,-685.1015736950293,0.0,0.0,0.0,-28.598277402115627,-0.24160916203740399,0.0,0.0,0.0,0.0,0.16107277469160267,0.0,0.0,0.0,675.7144810097941,-381.5142157928192,0.0,-569.7544136324914,448.0312538729945,0.0,111.5484019619777,0.0,499.15335744371714,0.0,-280.1427602466979,0.0,0.0,0.0,500.84664255628286,-1000.0,0.0,-1000.0,-1000.0,0.0,0.0,0.0,0.0,0.0,0.0,0.0,0.0,0.0,0.0,0.0,0.0,0.0,0.0,0.0,0.0,311.48890738458124,0.0,0.0,-1000.0,0.0,0.0,0.0,0.0,0.0,0.0,142.12898757791922,0.0,0.0,0.0,0.0,920.7694683785686,0.0,0.0,218.52104493220884,0.0,776.7136995971996,-222.50023329856174,-8.053638734580133,0.0,-731.5994995794729,0.0,-686.9594178560733,44.6216189324914,-4.0268193672900665,0.0,-1000.0,0.0,371.04318770560246,1000.0,-587.0326773514894,48.3218324074808,0.0,0.0,0.0,1000.0,0.0,0.0,0.0,-235.38058806340698,235.38058806340698,235.38058806340698,-418.3462955429826,0.0,0.0,0.0,0.0,0.0,0.0,0.0,0.0,-168.48874090057637,0.0,0.0,0.0,0.0,0.0,0.0,0.0,-828.9975533932906,0.32214554938302675,0.0,0.0,0.0,0.0,0.0,0.0,0.0,0.0,0.0,0.0,0.0,0.0,0.0,0.0,0.0,0.0,0.0,0.0,0.0,0.17718005216092225,0.17718005216092225,154.53159122917262,0.0,0.0,96.6436648149616,0.0,0.0,0.0,91.42713858539868,0.0,0.0,0.0,0.0,0.0,1000.0,-91.42713858539868,0.0,0.0,0.0,0.0,0.0,0.0,0.0,0.0,0.0,0.0,0.0,0.0,0.0,231.45532552452437,-675.7144810097941,1000.0,0.0,12.402603651253399,0.0,673.6708463482262,275.96368658272513,0.0,0.0,1000.0,0.0,171.00244660670944,0.0,1000.0,-1000.0,235.38058806340698,0.0,0.0,0.0,0.0,0.0,0.0,0.0,0.0,0.0,0.0,0.0,0.0,0.0,96.6436648149616,111.29218609634522,111.29218609634522,0.0,0.0,0.0,0.0,0.0,0.0,0.0,0.0,0.0,0.0,1.6107277469160266,0.0,154.53159122917262,0.0,0.0,154.53159122917262,0.0,0.0,0.0,48.3218324074808,0.0,0.0,0.0,0.0,0.0,0.0,0.0,0.0,0.0,0.0,588.2279468853721,0.0,0.0,48.3218324074808,48.3218324074808,947.6513482252292,-91.42713858539868,0.0,0.0,0.0,0.0,0.0,0.0,0.0,-81.0995213966238,0.0,0.0,0.16107277469160267,0.0,0.0,0.0,212.7196093766458,268.7120328998948,0.0,-949.6345329309513,0.0,-111.29218609634522,0.0,0.0,0.0,0.0,0.0,0.0,0.0,0.0,0.0,0.0,0.0,0.0,0.16107277469160267,0.0,0.0,0.0,0.0,0.0,0.0,0.0,0.0,0.0,0.0,142.12898757791922,0.0,0.0,-1000.0,-12.080458101870201,-8.053638734580133,0.0,0.0,0.0,0.0,0.0,0.0,0.0,0.0,0.0,0.0,0.0,0.0,111.29218609634522,0.0,0.0,0.0,-207.93585091130683,0.0,0.0,0.0,-0.16107277469160267,0.0,0.0,0.16107277469160267,0.0,0.16107277469160267,0.0,0.0,0.0,96.6436648149616,196.50878512375525,196.50878512375525,0.0,0.0,0.0,0.0,0.0,0.0,0.0,1000.0,0.0,0.0,0.0,0.0,0.0,514.7150084572299,0.0,0.0,0.0,0.0,0.0,0.0,0.0,0.0,0.0,0.0,0.0,0.0,0.0,275.96368658272513,0.0,0.0,0.0,0.24160916203740399,0.0,0.0,0.0,-48.3218324074808,0.0,0.0,0.0,0.0,0.0,0.0,8.053638734580133,0.0,0.0,0.0,0.0,-1000.0,-142.12898757791922,0.0,0.0,0.0,0.0,0.0,0.0,0.0,0.0,111.29218609634522,0.0,0.0,466.7958515318196,-235.38058806340698,0.0,-32.21455493832059,-11.43072734680311,0.0,0.0,0.0,0.0,0.0,-196.50878512375525,0.0,8.053638734580133,685.4634612681989,0.0,0.0,-154.53159122917262,-168.48874090057637,187.5000000000071,-187.5000000000071,-562.5000000002434,562.5000000002434,0.0,0.0,0.0,0.0,0.0,829.2727350199654,0.0,196.50878512375525,0.0,154.53159122917262,154.53159122917262,0.0,0.0,0.0,0.0,0.0,0.0,0.0,0.0,0.0,36.241374305610684,-212.7196093766458,0.0,0.0,48.3218324074808,0.0,0.0,0.0,0.0,44.412489030056406,0.0,0.0,0.17718005216092225,0.0,0.0,0.0,98.25439256187762,0.0,0.0,0.0,0.0,219.32427901419024,0.0,0.0,0.0,0.0,0.0,0.0,0.0,0.0,0.0,0.0,0.016107277469160266,0.016107277469160266,0.0,0.0,0.0,0.0,0.0,0.0,0.0,0.0,0.0,0.0,154.53159122917262,0.0,0.0,0.0,0.0,0.0,0.0,0.0,0.0,0.0,0.0,0.0,0.0,0.0,0.0,0.0,0.0,0.0,0.0,0.0,-75.58300361810507,0.0,0.0,0.0,96.6436648149616,0.0,0.0,0.0,0.0,0.0,0.0,-96.6436648149616,0.0,0.0,0.0,0.0,0.0,0.0,0.0,0.0,0.0,154.53159122917262,154.53159122917262,0.0,0.0,-797.3128314823333,625.0498591209778,0.0,-48.3218324074808,0.0,999.355708901235,0.0,0.0,0.0,0.0,0.0,0.0,0.0,0.0,0.0,0.0,0.0,0.0,0.0,0.0,0.0,0.0,0.0,-20.134096836450333,111.29218609634522,-932.8499264804387,502.6345503553598,0.0,0.0,0.0,0.0,0.0,0.0,-2.0134096836450333,168.48874090057637,0.0,0.0,0.0,0.0,0.0,0.0,0.0,1000.0,48.3218324074808,48.3218324074808,0.0,0.0,0.0,0.0,0.0,0.17718005216092225,0.0,0.0,0.0,-999.355708901235,0.0,0.0,0.0,0.0,0.0,0.0,0.0,0.0,0.0,0.0,0.0,0.0,0.0,0.0,0.0,0.0,0.0,0.0,0.0,169.1264134261828,0.0,0.0,12.402603651253399,0.0,0.0,0.0,0.0,0.0,-25.642785730902418,0.0,0.0,0.0,-20.134096836450333,0.0,0.0,0.0,0.0,0.0,0.0,0.0,0.0,0.0,0.0,0.0,0.0,0.0,0.0,0.0,0.0,0.0,0.0,-0.16107277469160267,0.0,0.0,8.053638734580133,-1000.0,0.0,0.0,0.0,0.0,111.29218609634522,0.0,0.0,0.0,-500.84664255628286,4.0268193672900665,0.0,0.0,0.0,0.16107277469160267,0.0,161.07277469160266,-49.93256015439682,32.21455493832053,1.1505198192257333,449.39304138957135,-0.12080458101870199,468.4383729238644,3.221455493832053,-0.8053638734565993,-449.39304138957135,48.3218324074808,-0.16107277469160267,93.38092008223263,0.0,0.040268193672900666,1.1505198192257333,-280.1427602466979,-25.642785730902418,151.31013573534057,-305.9312121747141,-0.16107277469160267,0.040268193672900666,-449.39304138957135,16.107277469160266,0.16107277469160267,0.16107277469160267,0.3382528268525249,0.17718005216076294,0.0,-0.12080458101870199,48.3218324074808,0.16107277469160267,48.3218324074808,-80.53638734580133,-0.08053638734580133,-439.7144795066042,-292.232036826577,-0.12080458101870199,-0.16107277469160267,-49.93256015439682,0.16107277469160267,16.107277469160266,-3.221455493832053,275.96368658272513,275.96368658272513,-16.107277469160266,305.9312121747141,-275.96368658272513,32.21455493832053,0.24160916203740399,-1000.0,16.107277469160266,-231.45532552452437,0.0,-32.21455493832053,0.08053638734580133,1.6107277469160266,142.43860340812284,-203.16603312508644,-0.16107277469160267,-36.241374305610684,-0.3382528268525249,49.93256015439682,0.16107277469160267,25.642785730902418,-193.2873296299235,0.0,-0.16107277469160267,-0.040268193672900666,0.0,-0.16107277469160267,-828.9975533932906,0.16107277469166092,-0.040268193672900666,-0.040268193672900666,-0.040268193672900666,64.42910987664106,80.53638734580133,1.6107277469160266,202.09667583285602,-0.040268193672900666,191.49628673401304,8.053638734580133,422.5524154312254,0.16107277469160267,0.08053638734580133,0.08053638734580133,-39.53881557901234,49.93256015439682,0.16107277469160267,-49.93256015439682,1.6107277469160266,0.16107277469160267,-367.6204435992913,0.16107277469160267,0.6442910987649967,0.8053638734565993,0.08053638734580133,0.040268193672900666,48.3218324074808,-0.16107277469160264,0.0,-75.65506786767028,-404.19335166571204,464.41155355657435,-16.107277469160266,32.21455493832053,8.053638734580133,-0.16107277469160267,280.1427602466979,0.24160916203740399,-0.16107277469160267,79.07763115802469,49.93256015439682,268.08343997624,0.08053638734580133,-845.1048308624509,-0.16107277469160267,-0.16107277469166092,-0.16107277469160267,0.08053638734580133,449.39304138957135,-32.21455493832053,0.16107277469160267,284.8772068162457,-0.040268193672900666,-0.17718005216076294,-284.8772068162457,24.1609162037404,292.232036826577,-175.7955010383984,449.39304138957135,-0.12080458101870199,36.241374305610684,203.16603312508644,0.16107277469160267,-0.04026819367290067,8.053638734580133,161.07277469160266,-0.08053638734580133,-0.16107277469160267,0.040268193672900666,1000.0,0.0,999.9194636126542,165.5237677664353,-1000.0,0.0,604.9544250128234,-14.990435667487645,0.0,-930.96773206731,-602.4375320485349,1000.0,0.0,465.483866033655,500.0,301.21876602426744,0.0,7.495217833743836,0.0,-312.4959290062964,0.0,-1000.0,-312.4959290062964,-604.9544250128234,391.06723858679334,0.0,1496.5981,bhi
106,0.0,0.0,0.0,0.0,0.0,0.0,0.0,0.0,-0.18292654984180876,0.0,0.0,0.0,0.0,0.0,0.0,0.0,-59.09319312990729,164.55708100718593,0.0,-214.38527656120073,0.0,0.0,0.0,0.0,0.0,0.0,0.0,0.0,0.0,232.95532225075218,45.918201131413575,-45.918201131413575,730.0400690909682,0.0,0.0,0.0,0.0,496.7740973141149,0.0,-1000.0,1000.0,0.0,0.0,1000.0,0.0,0.0,0.0,0.0,-173.86212912084488,0.0,0.0,0.0,0.0,0.20121920482617053,0.0,0.0,0.0,36.58530996836175,0.0,0.0,-17.5581579911645,0.0,59.13107961728901,0.0,0.0,0.0,0.0,0.0,641.9362384684619,279.90368056768824,0.0,1.8292654984180876,0.0,0.0,0.0,0.0,0.0,0.0,0.0,898.9208370213685,0.0,0.0,0.0,0.0,109.75592990508525,0.0,0.0,-248.71972317831748,109.54731943048628,59.367582954670006,-0.04573163746045219,0.0,0.0,0.0,54.87796495254263,0.0,54.87796495254263,-51.80843603631804,0.0,0.0,0.0,9.146327492090437,170.38181086862846,0.0,0.0,-136.97536859275218,0.0,0.0,0.0,0.0,0.0,0.0,0.0,0.0,0.0,0.0,0.0,0.0,0.0,0.0,0.0,0.0,0.0,0.0,-1000.0,0.0,0.0,54.87796495254263,0.0,56.707230450960715,0.0,0.0,0.0,0.0,0.0,0.0,-166.1377871650695,0.0,0.0,124.564865538945,0.0,0.0,0.0,0.0,0.0,14.085344337819304,0.18292654984180876,0.0,0.0,0.0,0.0,0.0,0.0,0.0,0.0,0.0,1000.0,0.0,0.0,0.0,0.0,0.0,828.1289464869232,828.1289464869232,0.0,0.0,0.0,0.0,-587.60254826907,0.0,0.0,874.2300741681786,0.0,0.0,0.0,-242.06003475458846,-62.77648286030064,0.0,0.0,0.0,0.0,0.0,0.0,0.0,0.0,0.0,-475.55377120499503,0.0,0.0,0.0,0.0,-1000.0,0.0,0.0,0.0,0.0,0.0,0.0,0.0,422.5818522991624,-422.5818522991624,0.0,0.0,0.0,0.0,0.0,0.0,0.0,62.57351138212371,-348.9908693013913,0.0,0.0,0.0,0.0,0.0,0.0,0.0,0.0,0.0,0.0,0.0,0.0,0.0,798.4607348626853,-489.03270314199335,0.0,0.0,0.0,0.0,0.0,240.104229159537,0.0,0.0,0.0,0.0,-17.5581579911645,-1000.0,45.918201131413575,0.0,0.0,0.0,0.0,0.0,0.0,0.0,0.0,0.0,0.0,0.0,0.0,-313.03453286867614,0.0,0.0,0.0,0.0,0.0,41.57292162612451,-728.1695718509177,0.0,0.0,0.0,-71.23337720322888,0.0,0.0,-1000.0,-573.5877995729095,1000.0,-1000.0,573.5877995729095,1000.0,532.1291717296488,0.0,795.3355090443099,0.0,0.0,270.2608448991095,0.0,0.0,0.0,-804.1711724143122,0.0,804.1711724143122,0.0,873.864221068495,41.57292162612451,0.0,137.73824830922032,0.0,0.0,0.0,-17.5581579911645,-0.2743898247627131,0.0,0.0,0.0,0.0,0.18292654984180876,0.0,0.0,0.0,705.0178058879204,-59.09319312990729,0.0,-91.31691239516812,637.1067129106312,62.77648286030064,946.3152397318274,0.0,279.96857197840376,0.0,-136.97536859275218,0.0,0.0,0.0,-15.749975941379912,0.0,-264.2185960370239,0.0,-1000.0,0.0,0.0,0.0,0.0,0.0,0.0,0.0,0.0,0.0,0.0,0.0,0.0,0.0,0.0,0.0,0.0,0.0,-502.49419648651764,0.0,-1000.0,0.0,0.0,0.0,0.0,0.0,0.0,31.83285679359427,0.0,0.0,0.0,583.5860579739132,0.0,0.0,0.0,-353.20820881065833,-442.00046543264716,-641.9362384684619,0.0,753.5943138206769,0.0,-565.6780612988848,0.0,344.0618813185679,0.0,437.42730168660194,-762.7406413127674,0.0,0.0,0.0,0.0,782.365329768849,54.87796495254263,0.0,0.0,0.0,188.85357172409795,0.0,0.0,0.0,-798.4607348626853,798.4607348626853,798.4607348626853,-1000.0,0.0,0.0,0.0,0.0,0.0,62.57351138212371,0.0,0.0,-76.68923760845351,0.0,0.0,108.56272522071532,0.0,0.0,0.0,0.0,-543.910668094536,0.3658530996837044,0.0,0.0,0.0,0.0,0.0,0.0,0.0,0.0,0.0,320.5932711286188,0.0,0.0,0.0,0.0,0.0,0.0,0.0,0.0,0.0,0.20121920482617053,0.20121920482617053,45.918201131413575,0.0,0.0,109.75592990508525,0.0,0.0,0.0,1000.0,0.0,0.0,0.0,0.0,0.0,1000.0,-1000.0,0.0,0.0,971.2028053128967,0.0,0.0,108.56272522071532,0.0,0.0,0.0,0.0,0.0,0.0,0.0,333.3333333333333,-705.0178058879204,0.0,0.0,14.085344337819304,0.0,-68.00584251982738,68.00584251982738,-172.09838663970962,0.0,1000.0,0.0,0.0,456.08933190546395,0.0,0.0,798.4607348626853,0.0,0.0,0.0,0.0,0.0,0.0,0.0,0.0,0.0,0.0,0.0,0.0,0.0,109.75592990508525,41.57292162612451,41.57292162612451,0.0,0.0,0.0,0.0,0.0,0.0,0.0,0.0,0.0,0.0,1.8292654984180876,0.0,45.918201131413575,0.0,0.0,45.918201131413575,0.0,0.0,0.0,54.87796495254263,-971.2028053128967,0.0,0.0,0.0,0.0,0.0,0.0,0.0,0.0,0.0,101.3125823431435,-361.2463328137427,0.0,54.87796495254263,54.87796495254263,1000.0,-1000.0,0.0,108.56272522071532,0.0,0.0,0.0,0.0,0.0,491.17238775758346,62.57351138212371,502.1188354517112,0.18292654984180876,0.0,0.0,0.0,241.5806414303716,0.0,0.0,0.0,0.0,-41.57292162612451,0.0,0.0,0.0,0.0,0.0,0.0,0.0,0.0,0.0,0.0,0.0,0.0,0.18292654984180876,0.0,0.0,0.0,0.0,0.0,0.0,0.0,0.0,0.0,0.0,31.83285679359427,0.0,0.0,-497.50580351348236,-13.719491238135657,0.0,-9.146327492090437,0.0,0.0,0.0,0.0,0.0,0.0,0.0,0.0,0.0,0.0,0.0,41.57292162612451,62.77648286030064,0.0,0.0,791.5116572609395,0.0,0.0,0.0,-0.18292654984180876,0.0,0.0,0.18292654984180876,0.0,0.18292654984180876,0.0,559.6737262814067,0.0,109.75592990508525,223.1703908070067,223.1703908070067,0.0,0.0,0.0,0.0,0.0,0.0,0.0,0.0,0.0,62.57351138212371,0.0,0.0,0.0,0.0,0.0,0.0,0.0,0.0,0.0,0.0,0.0,0.0,0.0,0.0,0.0,0.0,0.0,240.104229159537,0.0,0.0,0.0,0.2743898247627131,0.0,0.0,0.0,-54.87796495254263,0.0,0.0,0.0,0.0,0.0,0.0,9.146327492090437,0.0,0.0,0.0,0.0,587.60254826907,-31.83285679359427,-9.146327492090437,0.0,0.0,0.0,0.0,0.0,0.0,0.0,41.57292162612451,0.0,971.2028053128967,-345.5570532780074,-798.4607348626853,0.0,673.8749494288348,-136.97536859275218,0.0,0.0,0.0,0.0,0.0,-951.3399626579244,0.0,9.146327492090437,289.0376713848237,0.0,0.0,-45.918201131413575,-76.68923760845351,312.5000000000003,-312.5000000000003,0.0,0.0,0.0,0.0,0.0,0.0,0.0,448.11478872872374,0.0,223.1703908070067,0.0,45.918201131413575,45.918201131413575,0.0,0.0,0.0,0.0,0.0,0.0,0.0,0.0,0.0,41.15847371440695,-562.1739125589904,208.86512775781776,0.0,54.87796495254263,0.0,0.0,0.0,0.0,-431.5123157036239,0.0,0.0,0.20121920482617053,0.0,0.0,0.0,111.58519540350335,0.0,0.0,0.0,0.0,-489.03270314199335,0.0,0.0,0.0,0.0,0.0,0.0,0.0,0.0,0.0,0.0,0.018292654984180874,0.018292654984180874,0.0,0.0,0.0,0.0,0.0,0.0,0.0,0.0,0.0,0.0,45.918201131413575,0.0,0.0,0.0,0.0,0.0,0.0,0.0,0.0,0.0,0.0,0.0,0.0,0.0,0.0,0.0,0.0,0.0,288.90171710244977,0.0,164.55708100718593,0.0,0.0,0.0,109.75592990508525,0.0,0.0,0.0,0.0,0.0,-109.75592990508525,0.0,0.0,0.0,0.0,0.0,0.0,0.0,0.0,0.0,0.0,45.918201131413575,45.918201131413575,0.0,-502.1188354517112,661.5541986262119,125.30468664163901,-54.87796495254263,0.0,0.0,496.7740973141149,0.0,0.0,0.0,0.0,0.0,0.0,0.0,0.0,0.0,0.0,0.0,0.0,0.0,0.0,0.0,0.0,0.0,-22.865818730226096,41.57292162612451,-13.719491238135657,-13.719491238135648,0.0,0.0,0.0,0.0,0.0,-2.2865818730226097,0.0,76.68923760845351,0.0,0.0,0.0,0.0,0.0,0.0,0.0,1000.0,54.87796495254263,54.87796495254263,0.0,0.0,0.0,0.0,898.9208370213685,0.20121920482617053,0.0,0.0,0.0,-496.7740973141149,0.0,0.0,0.0,0.0,0.0,0.0,0.0,0.0,0.0,0.0,0.0,0.0,0.0,0.0,279.8368631407034,0.0,0.0,0.0,0.0,192.07287733389919,0.0,0.0,14.085344337819304,0.0,0.0,0.0,0.0,0.0,-19.97557924272377,0.0,0.0,0.0,-22.865818730226096,0.0,0.0,0.0,0.0,0.0,0.0,0.0,0.0,0.0,0.0,0.0,0.0,0.0,0.0,0.0,0.0,0.0,0.0,-0.18292654984180876,0.0,0.0,9.146327492090437,-1000.0,0.0,0.0,0.0,0.0,41.57292162612451,0.0,0.0,0.0,15.749975941379912,4.573163746045219,0.0,0.0,0.0,0.18292654984180876,0.0,182.92654984180874,-56.707230450960715,36.58530996836175,1.3066182131557766,510.3650740586464,-0.13719491238135656,9.146327492090432,3.658530996836175,-0.914632749209261,-510.3650740586464,54.87796495254263,-0.18292654984180876,45.65845619758406,108.56272522071532,0.04573163746045219,1.3066182131557766,-136.97536859275218,-29.12190673481421,42.2596701345774,108.92138868392209,-0.1829265498418087,0.04573163746045219,-510.3650740586464,769.1127556251447,0.18292654984180876,0.18292654984180876,0.3841457546679793,0.20121920482598962,-1000.0,-0.13719491238135656,54.87796495254263,0.18292654984180876,54.87796495254263,-91.46327492090438,-0.09146327492090438,273.95073718550435,-258.5798106935597,-0.13719491238135656,-0.18292654984180876,-56.707230450960715,0.18292654984180876,18.292654984180874,-3.658530996836175,240.104229159537,240.104229159537,-18.2926549841809,-108.92138868392209,-240.104229159537,36.58530996836175,0.2743898247627131,-1000.0,18.292654984180874,-333.3333333333333,108.56272522071532,-36.58530996836175,0.09146327492090438,1.8292654984180876,22.82922809879203,-761.8754248943235,-0.18292654984180876,-41.15847371440695,-0.3841457546679793,56.707230450960715,0.18292654984180876,29.12190673481421,-861.7692352304194,108.56272522071532,-0.18292654984180876,-0.04573163746045219,-108.56272522071532,-0.18292654984180876,-543.910668094536,0.18292654984190782,-0.04573163746045219,-0.04573163746045219,-0.04573163746045219,73.1706199367235,91.46327492090438,1.8292654984180876,135.5257076140471,-0.04573163746045219,0.0,9.146327492090437,281.1016615393585,0.18292654984180876,0.09146327492090438,0.09146327492090438,51.78755678147628,56.707230450960715,0.18292654984180876,-56.707230450960715,1.8292654984180876,0.18292654984180876,-135.5257076140471,0.18292654984180876,0.731706199367494,0.914632749209261,0.09146327492090438,0.04573163746045219,54.87796495254263,-0.18292654984180876,1000.0,-21.1298350672887,-271.0514152280942,4.573163746045225,-18.292654984180874,36.58530996836175,9.146327492090437,-0.18292654984180876,136.97536859275218,0.2743898247627131,-0.18292654984180876,-103.57511356295257,56.707230450960715,791.7986988670705,0.09146327492090438,-562.203323078717,-0.18292654984180876,-0.18292654984190782,-0.18292654984180876,0.09146327492090438,510.3650740586464,-36.58530996836175,0.18292654984180876,45.65845619758406,-0.04573163746045219,-0.20121920482598962,-45.65845619758406,27.43898247627131,258.5798106935597,-241.66760297022688,510.3650740586464,-0.13719491238135656,41.15847371440695,761.8754248943235,0.1829265498418087,-0.04573163746045218,592.7323854660036,182.92654984180874,-0.09146327492090438,-0.18292654984180876,0.04573163746045219,68.40541598327036,0.0,408.4117820407604,0.0,-1000.0,0.0,814.6154352977386,-871.0581144352245,750.8201006409638,-1000.0,911.5364869002924,-710.4602593971966,-591.4967546843187,500.0,500.0,-455.7682434501462,-750.8201006409638,435.52905721761226,0.0,-360.28638316344654,591.4967546843187,710.4602593971966,-360.28638316344654,-814.6154352977386,829.0460077719886,0.0,1496.5981,bhi
107,0.0,0.0,0.0,0.0,0.0,0.0,0.0,0.0,-0.18372243391752383,0.0,0.0,0.0,0.0,0.0,0.0,0.0,-149.80004549456265,316.01807687467823,0.0,-241.9052093661232,0.0,0.0,0.0,967.1136843287633,0.0,0.0,0.0,0.0,0.0,-1000.0,0.0,0.0,608.6824935888104,0.0,0.0,0.0,0.0,705.571276520321,0.0,-1000.0,944.8832698247428,0.0,0.0,829.3533150645867,0.0,0.0,0.0,0.0,0.0,0.0,0.0,-320.44673042997607,0.0,0.20209467730945793,0.0,0.0,0.0,36.74448678350477,0.0,0.0,-53.546997803237055,0.0,0.0,-53.546997803237055,0.0,0.0,0.0,0.0,0.0,19.063345848403806,0.0,1.8372243391752383,0.0,0.0,0.0,0.0,0.0,0.0,0.0,0.0,0.0,0.0,0.0,0.0,110.23346035051432,0.0,0.0,-283.39029667569855,493.4385314445156,150.07562914543894,-0.045930608479380956,0.0,0.0,73.3799932179252,55.11673017525716,0.0,55.11673017525716,-5.915862372144716,0.0,0.0,0.0,181.86347114857278,-1000.0,0.0,0.0,-387.257240621612,0.0,0.0,0.0,0.0,0.0,0.0,0.0,0.0,0.0,0.0,0.0,0.0,0.0,0.0,0.0,0.0,0.0,0.0,-916.1149032197388,0.0,0.0,55.11673017525716,0.0,56.953954514432404,0.0,0.0,35.07114871427808,302.8730011491486,-337.9441498634267,337.9441498634267,-1000.0,0.0,0.0,1000.0,0.0,0.0,0.0,0.0,0.0,14.146627411649327,0.18372243391752383,0.0,0.0,0.0,0.0,-89.97073576327969,0.0,0.0,0.0,0.0,884.4307696142388,0.0,0.0,0.0,0.0,0.0,999.8162775660825,999.8162775660825,0.0,0.0,0.0,812.5,106.47776203771514,0.0,0.0,1000.0,0.0,0.0,0.0,0.0,-867.7555074591623,0.0,0.0,0.0,0.0,0.0,0.0,0.0,0.0,0.0,-526.3118713989822,0.0,0.0,0.0,0.0,-886.9033269780404,0.0,0.0,0.0,0.0,0.0,0.0,320.44673042997607,-37.05643375427752,37.05643375427752,0.0,0.0,0.0,0.0,0.0,0.0,0.0,0.0,-1000.0,0.0,0.0,0.0,0.0,0.0,0.0,0.0,0.0,0.0,0.0,0.0,0.0,0.0,0.0,-20.74452171587675,829.3533150645867,0.0,0.0,0.0,0.0,354.15947180182206,0.0,0.0,0.0,0.0,-53.546997803237055,0.0,0.0,0.0,532.3202171605539,0.0,0.0,0.0,0.0,0.0,0.0,0.0,0.0,0.0,0.0,530.4949651987931,0.0,0.0,-829.3533150645867,0.0,0.0,0.0,0.0,0.0,0.0,0.0,46.87639775008745,0.0,0.0,565.2933326163387,0.0,167.37318105993631,-434.7066673836613,1000.0,-832.6268189400637,456.3820976902381,0.0,0.0,0.0,0.0,158.42611882806955,0.0,0.0,0.0,-1000.0,0.0,1000.0,0.0,1000.0,0.0,0.0,-1000.0,812.5,0.0,0.0,-53.546997803237055,-0.2755836508762858,0.0,0.0,0.0,0.0,0.18372243391752383,0.0,0.0,0.0,477.62712500096103,-149.80004549456265,0.0,-494.87925935827826,-346.21871247392727,867.7555074591623,1000.0,0.0,195.7181259605669,0.0,-387.257240621612,0.0,0.0,0.0,-15.818501560298982,-179.89962440026792,0.0,-876.4275777730678,-1000.0,0.0,0.0,0.0,0.0,0.0,0.0,0.0,0.0,0.0,0.0,0.0,0.0,0.0,0.0,0.0,0.0,532.3202171605539,-461.8461232970586,0.0,-1000.0,0.0,0.0,0.0,923.0675648683173,0.0,0.0,-14.146627411649327,0.0,0.0,0.0,452.2511920751096,172.67734945269657,0.0,0.0,-559.0441292802805,0.0,179.89962440026792,246.20320671566202,-513.7208655983203,0.0,-699.6334493450554,0.0,0.0,0.0,-4.593060847938096,504.53474390244406,208.18495182831077,0.0,139.41547191355585,0.0,0.0,55.11673017525716,0.0,0.0,0.0,0.0,0.0,0.0,0.0,0.0,0.0,0.0,252.45136840402722,0.0,0.0,-0.36744486783504765,0.0,0.0,0.0,0.0,0.0,-107.09399560647411,0.0,687.4999999999989,0.0,0.0,0.0,0.0,0.0,-165.83198765441364,0.3674448678351704,0.0,0.0,0.0,0.0,0.0,0.0,0.0,0.0,0.0,19.063345848403806,0.0,0.0,0.0,0.0,0.0,0.0,0.0,0.0,0.0,0.20209467730945793,0.20209467730945793,0.0,62.694799454719835,0.0,110.23346035051432,0.0,0.0,0.0,1000.0,0.0,241.93683214450374,0.0,0.0,0.0,1000.0,-1000.0,0.0,0.0,0.0,0.0,0.0,0.0,0.0,0.0,0.0,0.0,0.0,0.0,0.0,305.37163440657963,-477.62712500096103,89.97073576327969,1.9855504238973936,14.146627411649327,0.0,73.3799932179252,0.0,-354.15947180182206,0.0,271.3400786034482,0.0,834.1680123455864,0.0,0.0,0.0,0.0,0.0,0.0,0.0,0.0,0.0,0.0,0.0,0.0,0.0,0.0,0.0,0.0,0.0,110.23346035051432,0.0,0.0,0.0,0.0,0.0,0.0,0.0,0.0,0.0,0.0,0.0,0.0,1.8372243391752383,0.0,0.0,0.0,0.0,0.0,320.44673042997607,0.0,0.0,55.11673017525716,0.0,0.0,0.0,0.0,1.9855504238973936,0.0,0.0,0.0,0.0,0.0,1000.0,319.08832308754404,0.0,55.11673017525715,55.11673017525716,475.73769092810016,-1000.0,0.0,0.0,0.0,0.0,0.0,0.0,0.0,876.4275777730678,0.0,1000.0,0.18372243391752383,0.0,0.0,0.0,242.63172005007848,0.0,0.0,-73.3799932179252,0.0,0.0,0.0,0.0,0.0,0.0,56.05076318435014,0.0,0.0,0.0,0.0,0.0,0.0,0.0,0.18372243391752383,0.0,0.0,0.0,-64.56281741752065,64.56281741752065,0.0,0.0,0.0,0.0,-326.97341962214716,938.4172392399363,0.0,-438.31202374904467,-725.4322999833352,-13.779182543814288,0.0,-9.186121695876192,0.0,0.0,0.0,0.0,0.0,0.0,0.0,0.0,0.0,0.0,0.0,0.0,867.7555074591623,0.0,0.0,148.60159360943203,0.0,0.0,0.0,-0.18372243391752383,0.0,0.0,0.18372243391752383,0.0,0.18372243391752383,168.15228955305042,0.0,0.0,110.23346035051432,224.1413693793791,224.1413693793791,0.0,0.0,0.0,0.0,0.0,0.0,0.0,89.97073576327969,0.0,0.0,0.0,0.0,0.0,0.0,0.0,0.0,0.0,0.0,0.0,0.0,0.0,0.0,0.0,0.0,0.0,0.0,0.0,354.15947180182206,0.0,0.0,0.0,0.2755836508762858,0.0,0.0,0.0,-55.11673017525716,0.0,0.0,0.0,0.0,0.0,-62.694799454719835,9.186121695876192,0.0,0.0,0.0,-812.5,-106.47776203771514,-938.4172392399363,-9.186121695876192,0.0,687.4999999999989,0.0,0.0,0.0,0.0,0.0,0.0,0.0,0.0,0.0,62.694799454719835,0.0,-501.2970048322094,-387.257240621612,187.27842328039375,-625.5904470294385,438.31202374904467,0.0,0.0,-224.1413693793791,0.0,9.186121695876192,1000.0,0.0,239.77170811154252,0.0,-107.09399560647411,0.0,0.0,0.0,0.0,0.0,0.0,0.0,0.0,0.0,498.7535063113536,0.0,224.1413693793791,0.0,312.5,312.5,-312.5,0.0,0.0,0.0,0.0,0.0,0.0,0.0,0.0,104.03234708616276,-261.6950658984823,1000.0,0.0,55.11673017525716,0.0,0.0,0.0,0.0,-30.868474034815165,0.0,0.0,0.20209467730945793,0.0,0.0,0.0,112.07068468968956,0.0,0.0,0.0,0.0,-20.74452171587675,0.0,0.0,0.0,0.0,0.0,0.0,0.0,0.0,-1000.0,0.0,958.1641914848865,0.018372243391752384,0.0,0.0,0.0,0.0,0.0,168.15228955305042,0.0,0.0,0.0,0.0,0.0,0.0,0.0,0.0,0.0,62.694799454719835,0.0,0.0,0.0,0.0,0.0,0.0,0.0,0.0,0.0,0.0,0.0,0.0,67.75415782583083,-288.81272775110324,316.01807687467823,0.0,0.0,0.0,110.23346035051432,0.0,0.0,0.0,0.0,0.0,0.0,-110.23346035051432,0.0,0.0,0.0,0.0,0.0,0.0,0.0,0.0,0.0,0.0,0.0,0.0,-1000.0,-1000.0,125.84986723350383,0.0,-55.11673017525716,0.0,537.4189869672707,0.0,0.0,0.0,0.0,0.0,0.0,0.0,0.0,0.0,0.0,0.0,0.0,0.0,0.0,0.0,0.0,0.0,-22.965304239690482,0.0,-186.45653199651088,-13.77918254381429,0.0,0.0,0.0,0.0,0.0,-814.7965304239028,812.4999999999337,107.09399560647411,0.0,0.0,0.0,0.0,0.0,0.0,0.0,1000.0,55.11673017525716,55.11673017525715,0.0,0.0,0.0,0.0,0.0,0.20209467730945793,62.694799454719835,0.0,0.0,-705.571276520321,958.1458192414947,0.0,0.0,0.0,0.0,0.0,0.0,0.0,0.0,0.0,0.0,0.0,0.0,0.0,84.07614477652521,0.0,0.0,0.0,0.0,192.90855561340007,0.0,0.0,14.146627411649327,0.0,0.0,0.0,62.694799454719835,0.0,932.5013768677917,0.0,0.0,0.0,-22.965304239690482,0.0,0.0,0.0,0.0,0.0,0.0,0.0,0.0,0.0,0.0,0.0,0.0,0.0,0.0,0.0,0.0,0.0,0.0,-0.18372243391752383,0.0,0.0,9.186121695876192,-1000.0,0.0,0.0,0.0,0.0,0.0,0.0,0.0,0.0,15.818501560298982,4.593060847938096,0.0,0.0,0.0,0.18372243391752383,0.0,183.72243391752383,-56.953954514432404,36.74448678350477,1.3123030994108846,512.5855906298916,-0.13779182543814286,557.0585788563831,3.674448678350477,167.23367738346212,-512.5855906298916,55.11673017525715,-0.18372243391752385,129.08574687387068,0.0,0.04593060847938096,1.3123030994108846,-387.257240621612,-29.248611479670103,-3.674448678350477,75.68717798600761,-0.18372243391752385,0.04593060847938096,-512.5855906298916,18.372243391752384,0.18372243391752385,0.18372243391752383,-62.30898234349285,0.20209467730933306,0.0,-0.13779182543814286,55.11673017525716,0.18372243391752385,55.11673017525716,-91.86121695876193,-0.09186121695876193,-109.91628837101473,-372.71543762749195,-0.13779182543814286,-0.18372243391752385,-56.953954514432404,0.18372243391752383,18.372243391752384,-3.674448678350477,354.15947180182206,354.15947180182206,-18.372243391752384,-75.68717798600761,-354.15947180182206,36.74448678350477,0.2755836508762857,-1000.0,18.372243391752384,-305.37163440657963,0.0,-36.74448678350477,0.09186121695876191,1.8372243391752383,123.71981483956957,99.43928623822461,-0.18372243391752383,-104.03234708616276,62.30898234349285,56.953954514432404,0.18372243391752385,29.248611479670103,-220.46692070102827,0.0,-0.18372243391752383,-0.04593060847938096,0.0,-0.18372243391752385,-165.8319876544136,0.18372243391752385,-0.045930608479380956,-0.045930608479380956,-0.045930608479380956,73.48897356700954,91.86121695876193,1.8372243391752383,136.11535822864795,-0.045930608479380956,118.35388280526846,9.186121695876192,92.10211552308301,0.18372243391752383,0.09186121695876193,0.09186121695876193,18.372243391752384,56.953954514432404,0.18372243391752383,-56.953954514432404,1.8372243391752383,0.18372243391752385,-136.11535822864795,0.18372243391752385,0.7348897356706914,-167.23367738346212,0.09186121695876193,0.04593060847938096,55.11673017525716,-0.18372243391752385,0.0,1.8372243391752385,-272.2307164572959,552.465518008445,-18.372243391752384,36.74448678350477,9.186121695876192,-0.18372243391752385,387.257240621612,0.2755836508762857,-0.18372243391752385,-36.74448678350477,56.953954514432404,318.25924763270615,0.09186121695876193,-184.20423104616603,-0.18372243391752385,-0.18372243391752385,-0.18372243391752385,0.09186121695876193,512.5855906298916,-36.74448678350477,0.18372243391752383,247.43962967913913,-0.045930608479380956,-0.20209467730933306,-247.43962967913913,27.558365087628573,372.71543762749195,-41.85675899812787,512.5855906298916,-0.13779182543814286,104.03234708616276,-99.43928623822461,0.18372243391752385,-0.04593060847938096,461.4373137709858,183.72243391752383,-0.09186121695876193,-0.18372243391752385,0.04593060847938096,1000.0,0.0,393.4504119473642,0.0,-1000.0,0.0,424.06975342935357,-1000.0,0.0,60.4448668283228,98.06138543408008,554.5232538119843,-606.457726835677,-30.2224334141614,500.0,-49.03069271704004,0.0,500.0,-62.694799454719835,-287.390773597891,606.457726835677,-554.5232538119843,-287.390773597891,-424.06975342935357,313.0822153693147,0.0,1496.5981,bhi
108,0.0,0.0,0.0,0.0,0.0,0.0,0.0,0.0,-0.17567197562886744,0.0,0.0,0.0,0.0,0.0,0.0,0.0,-351.41114747018764,1000.0,0.0,-209.5245808536307,0.0,0.0,0.0,177.30902830348623,0.0,0.0,0.0,0.0,0.0,589.5582418810989,0.0,0.0,18.137372449579857,0.0,0.0,0.0,0.0,787.9670450282717,0.0,518.1077833836025,1000.0,0.0,0.0,-150.49397020491722,0.0,0.0,0.0,0.0,-87.653124205994,-725.7787924259818,0.0,0.0,0.0,0.19323917319161585,0.0,0.0,0.0,35.13439512577349,0.0,0.0,-15.47084532038308,0.0,0.0,-15.47084532038308,0.0,0.0,0.0,0.0,0.0,152.7942375787644,0.0,1.7567197562886745,0.0,0.0,0.0,0.0,0.0,0.0,0.0,0.0,0.0,0.0,304.977048441486,0.0,105.40318537732047,0.0,0.0,327.05505706381,56.42556813592478,494.64791815262856,-0.04391799390721686,0.0,0.0,-117.28021053922515,52.701592688660234,0.0,52.701592688660234,0.0,0.0,0.0,304.977048441486,8.783598781443372,589.5582418810989,0.0,0.0,-165.44527342443882,0.0,0.0,0.0,0.0,0.0,0.0,0.0,0.0,0.0,0.0,0.0,0.0,0.0,0.0,0.0,0.0,0.0,0.0,-1000.0,0.0,0.0,52.701592688660234,0.0,54.4583124449489,0.0,0.0,0.0,0.0,0.0,0.0,0.0,0.0,0.0,0.0,0.0,0.0,0.0,0.0,0.0,-291.4503063180632,0.17567197562886744,0.0,0.0,0.0,0.0,-652.636191862719,0.0,0.0,0.0,0.0,1000.0,0.0,0.0,0.0,0.0,0.0,-24.627089951931882,-24.627089951931882,0.0,0.0,0.0,0.0,0.0,0.0,0.0,-24.451417976303016,0.0,0.0,0.0,-174.12855925595346,0.0,0.0,0.0,0.0,0.0,0.0,0.0,0.0,0.0,0.0,-513.7560152519231,0.0,0.0,0.0,0.0,-1000.0,0.0,0.0,0.0,0.0,0.0,725.7787924259818,0.0,-551.0734862885533,551.0734862885533,0.0,0.0,0.0,0.0,0.0,0.0,0.0,0.0,-710.1267912547421,0.0,0.0,0.0,0.0,0.0,0.0,0.0,0.0,0.0,0.0,0.0,0.0,0.0,0.0,392.58461015208144,-150.49397020491722,0.0,0.0,0.0,0.0,0.0,0.0,0.0,0.0,0.0,-15.47084532038308,0.0,0.0,0.0,0.0,0.0,0.0,0.0,0.0,0.0,5.656637615252009,0.0,0.0,0.0,-106.84016857645634,500.6588858480218,-311.67155343073733,0.0,150.49397020491722,0.0,0.0,0.0,-308.04382077674404,0.0,0.0,0.0,345.18458893586103,0.0,0.0,-637.2768063583094,0.0,0.0,-637.2768063583093,0.0,0.0,-494.64791815262856,0.0,0.0,725.7787924259818,0.0,490.1248120045401,0.0,0.0,0.0,338.07324265364946,0.0,-338.07324265364946,0.0,-24.802761927560752,0.0,0.0,-758.2918541399558,0.0,0.0,0.0,-15.47084532038308,-0.26350796344330113,0.0,0.0,0.0,0.0,0.17567197562886744,0.0,0.0,0.0,941.6417696960877,-351.41114747018764,0.0,-643.4432244049614,1000.0,0.0,876.2741162497374,0.0,410.52131000161086,0.0,-165.44527342443882,0.0,0.0,0.0,650.7374922315583,-1000.0,-61.258802233169206,-1000.0,-1000.0,0.0,0.0,0.0,0.0,0.0,0.0,0.0,0.0,0.0,0.0,0.0,0.0,0.0,0.0,0.0,0.0,0.0,-211.33026706921282,0.0,-1000.0,0.0,0.0,0.0,0.0,0.0,0.0,285.79366870281115,0.0,0.0,0.0,0.0,0.0,0.0,0.0,335.46471020164813,0.0,1000.0,0.0,652.9534044020523,0.0,-841.1463622843044,0.0,-344.2483089830915,0.0,-4.391799390721686,-661.7370031834957,-1000.0,0.0,-961.3925465799995,337.09268691031946,1000.0,52.701592688660234,0.0,0.0,0.0,0.0,0.0,0.0,0.0,0.0,0.0,0.0,-225.0509279151335,0.0,0.0,0.0,0.0,0.0,0.0,0.0,0.0,-30.94169064076616,0.0,0.0,176.42747643892275,0.0,0.0,0.0,0.0,-312.7531743992978,0.35134395125785217,0.0,0.0,0.0,0.0,0.0,0.0,0.0,0.0,0.0,152.7942375787644,0.0,0.0,0.0,0.0,0.0,0.0,0.0,0.0,0.0,0.19323917319161585,0.19323917319161585,0.0,54.291557750789046,0.0,105.40318537732047,0.0,0.0,0.0,1000.0,0.0,0.0,0.0,0.0,0.0,1000.0,-1000.0,0.0,0.0,0.0,0.0,0.0,176.42747643892275,0.0,0.0,0.0,0.0,0.0,0.0,0.0,333.3333333333333,-941.6417696960877,652.636191862719,0.0,13.52674212342279,0.0,0.0,-117.28021053922515,-117.28021053922515,0.0,1000.0,0.0,687.2468256007022,0.0,0.0,0.0,0.0,0.0,0.0,0.0,0.0,0.0,0.0,0.0,0.0,0.0,0.0,0.0,0.0,0.0,105.40318537732047,0.0,0.0,0.0,0.0,0.0,0.0,0.0,0.0,0.0,0.0,0.0,0.0,1.7567197562886745,0.0,0.0,0.0,0.0,0.0,0.0,0.0,0.0,52.701592688660234,0.0,0.0,0.0,0.0,0.0,0.0,0.0,0.0,0.0,0.0,553.0465983740903,0.0,0.0,52.701592688660234,52.701592688660234,1000.0,-1000.0,0.0,176.42747643892275,0.0,0.0,0.0,0.0,0.0,-382.7901031854816,0.0,0.0,0.17567197562886744,0.0,0.0,-708.8692970197283,940.869236834166,0.0,0.0,117.28021053922515,0.0,0.0,0.0,0.0,0.0,0.0,0.0,0.0,0.0,0.0,0.0,0.0,0.0,0.0,0.17567197562886744,0.0,0.0,0.0,0.0,0.0,0.0,0.0,0.0,0.0,-345.36846683693057,1000.0,0.0,-368.8378644602583,-788.6697329307872,-13.175398172165059,-8.783598781443379,0.0,0.0,-562.5,-562.5,562.5,0.0,0.0,0.0,0.0,0.0,0.0,0.0,0.0,0.0,0.0,0.0,47.39105220144394,0.0,0.0,0.0,-0.17567197562886744,0.0,0.0,0.17567197562886744,0.0,0.17567197562886744,0.0,0.0,0.0,105.40318537732047,214.3198102672183,214.3198102672183,0.0,0.0,0.0,0.0,0.0,0.0,0.0,652.636191862719,0.0,0.0,0.0,0.0,665.8628493332036,0.0,0.0,0.0,0.0,0.0,0.0,0.0,0.0,0.0,0.0,0.0,0.0,0.0,0.0,0.0,0.0,-972.5684820418282,972.5684820418282,0.26350796344330113,0.0,0.0,0.0,-52.701592688660234,0.0,0.0,0.0,0.0,0.0,-54.291557750789046,8.783598781443372,0.0,0.0,0.0,0.0,0.0,-631.1621355397417,0.0,0.0,0.0,0.0,0.0,0.0,0.0,0.0,0.0,0.0,0.0,729.4740748130131,54.291557750789046,0.0,311.83220569886635,-165.44527342443882,0.0,0.0,368.8378644602583,-368.8378644602583,0.0,-522.3636310439623,0.0,8.783598781443379,317.23329952084674,0.0,0.0,0.0,-30.94169064076616,0.0,0.0,-812.5000000001673,812.5000000001673,0.0,0.0,0.0,0.0,0.0,581.2229711748772,-93.81775226728416,214.3198102672183,0.0,0.0,0.0,0.0,0.0,0.0,0.0,0.0,0.0,5.656637615252009,0.0,0.0,0.0,-384.7941773932022,0.0,0.0,52.701592688660234,0.0,0.0,0.0,0.0,362.1093641496217,0.0,0.0,0.19323917319161585,0.0,0.0,0.0,107.15990513360914,0.0,0.0,0.0,0.0,392.58461015208144,0.0,0.0,0.0,0.0,0.0,0.0,0.0,0.0,0.0,0.0,0.017567197562886744,0.017567197562886744,0.0,0.0,0.0,0.0,0.0,0.0,0.0,0.0,0.0,-708.8692970197283,0.0,0.0,0.0,0.0,0.0,54.291557750789046,0.0,0.0,0.0,0.0,0.0,0.0,0.0,725.7787924259818,0.0,0.0,0.0,0.0,0.0,-1000.0,1000.0,0.0,0.0,0.0,105.40318537732048,0.0,0.0,0.0,0.0,0.0,203.78219849633007,-309.18538387365055,0.0,0.0,0.0,0.0,0.0,0.0,0.0,0.0,0.0,0.0,0.0,0.0,0.0,-793.2318613043827,786.1981526389778,-678.2121957480119,625.5106030593518,0.0,787.9670450282717,0.0,0.0,0.0,0.0,0.0,0.0,0.0,0.0,0.0,656.2499999999999,0.0,-656.25,-656.2499999999999,0.0,0.0,0.0,0.0,-21.958996953608438,0.0,-13.175398172165059,746.5052034283228,0.0,0.0,0.0,0.0,0.0,-564.6958996953406,562.4999999999798,30.94169064076616,0.0,0.0,0.0,0.0,0.0,0.0,0.0,1000.0,52.701592688660234,52.701592688660234,0.0,0.0,0.0,0.0,0.0,0.19323917319161585,54.291557750789046,0.0,0.0,-787.9670450282717,0.0,0.0,0.0,0.0,0.0,0.0,0.0,0.0,0.0,0.0,0.0,0.0,0.0,0.0,486.2842410209141,0.0,0.0,0.0,0.0,184.45557441031082,13.52674212342279,0.0,0.0,0.0,0.0,0.0,54.291557750789046,0.0,622.3785367582983,0.0,0.0,0.0,-21.958996953608438,0.0,0.0,0.0,0.0,0.0,0.0,0.0,0.0,0.0,0.0,0.0,0.0,0.0,0.0,0.0,0.0,0.0,0.0,-0.17567197562886744,0.0,0.0,8.783598781443372,-1000.0,0.0,0.0,0.0,0.0,0.0,0.0,0.0,0.0,-650.7374922315583,4.391799390721686,0.0,0.0,0.0,0.17567197562886744,0.0,175.67197562886741,-54.4583124449489,35.13439512577349,1.2547998259204818,490.1248120045401,-0.13175398172165056,8.783598781443372,3.513439512577349,-0.8783598781443516,-490.1248120045401,52.701592688660234,-0.17567197562886744,55.14842447481294,176.42747643892275,0.04391799390721686,1.2547998259204818,-165.44527342443882,-27.966978520118232,-3.513439512577349,-439.06427167618165,-0.17567197562886744,0.04391799390721686,-490.1248120045401,17.567197562886744,0.17567197562886744,0.17567197562886744,-53.922646601968566,0.19323917319175418,0.0,-0.13175398172165056,52.701592688660234,0.17567197562886744,52.701592688660234,-87.83598781443372,-0.08783598781443372,-669.1094531511224,-17.74286953851561,-0.13175398172165056,-0.17567197562886744,-54.4583124449489,0.17567197562886744,17.567197562886744,-3.513439512577349,0.0,0.0,-17.567197562886744,439.06427167618165,0.0,35.13439512577349,0.26350796344330113,-1000.0,17.567197562886744,-333.3333333333333,176.42747643892275,-35.13439512577349,0.08783598781443372,1.7567197562886745,160.86080610124034,89.42595287656253,-0.17567197562886744,-93.81775226728416,53.922646601968566,54.4583124449489,0.17567197562886744,27.966978520118232,-34.3788943157182,176.42747643892275,-0.17567197562886744,-0.04391799390721686,-176.42747643892275,-0.17567197562886744,-312.7531743992978,0.1756719756288021,-0.04391799390721686,-0.04391799390721686,-0.04391799390721686,70.26879025154697,87.83598781443372,1.7567197562886745,255.05769059176555,-0.04391799390721686,266.57318772766774,8.783598781443372,165.16018598109227,0.17567197562886744,0.08783598781443372,0.08783598781443372,105.78093578234812,54.4583124449489,0.17567197562886744,-54.4583124449489,1.7567197562886745,0.17567197562886744,-504.8711218872195,0.17567197562886744,0.7026879025153789,0.8783598781443516,0.08783598781443372,0.04391799390721686,52.701592688660234,-0.17567197562886744,0.0,1.7567197562886745,-510.1153811835311,4.391799390721687,-17.567197562886744,35.13439512577349,8.783598781443372,-0.17567197562886744,165.44527342443882,0.26350796344330113,-0.17567197562886744,-211.56187156469625,54.4583124449489,-115.97163569403887,0.08783598781443372,-330.32037196218454,-0.17567197562886744,-0.1756719756288021,-0.17567197562886744,0.08783598781443372,490.1248120045401,-35.13439512577349,0.17567197562886744,321.7216122024807,-0.04391799390721686,-0.19323917319175418,-321.7216122024807,26.35079634433011,17.74286953851561,159.90584732692042,490.1248120045401,-0.13175398172165056,93.81775226728416,-89.42595287656253,0.17567197562886744,-0.04391799390721687,8.783598781443379,175.67197562886741,-0.08783598781443372,-0.17567197562886744,0.04391799390721686,206.34910059824142,0.0,999.9121640121856,249.81343129545394,-1000.0,0.0,531.4899619811194,-187.4649965354165,0.0,-948.5287893176694,355.3618062137989,305.66959103807926,0.0,474.2643946588347,500.0,-177.68090310689942,0.0,93.73249826770825,-54.291557750789046,-246.13772845558282,0.0,-305.66959103807926,-246.13772845558282,-531.4899619811194,274.1508293669755,0.0,1496.5981,bhi
109,0.0,0.0,0.0,0.0,0.0,0.0,0.0,0.0,-0.1821666282652247,0.0,0.0,0.0,0.0,0.0,0.0,0.0,-564.3185339371039,832.5624433972248,0.0,0.0,0.0,0.0,0.0,79.0959694964483,0.0,0.0,0.0,0.0,0.0,-773.3385318548148,27.107174782177687,-27.107174782177687,516.14459960972,0.0,0.0,0.0,0.0,253.36849188070053,0.0,-1000.0,349.95254845767477,0.0,0.0,0.0,0.0,0.0,0.0,0.0,1000.0,-328.70882754731394,0.0,246.05736273028901,0.0,0.20038329109160374,0.0,0.0,0.0,36.43332565304494,0.0,0.0,12.074216379237942,0.0,595.7886449014459,496.4046141731234,0.0,0.0,0.0,0.0,698.2000876162276,0.0,0.0,1.821666282652247,0.0,0.0,0.0,0.0,0.0,0.0,0.0,0.0,0.0,0.0,14.0268303764223,0.0,109.29997695913482,0.0,0.0,-630.2924826127692,-217.70410806024913,0.0,-0.045541657066306175,0.0,0.0,495.7429245867982,54.64998847956741,0.0,54.64998847956741,-32.972940212314754,0.0,0.0,14.0268303764223,9.108331413261235,-773.3385318548148,0.0,0.0,-309.6584177591825,707.4181658293555,0.0,0.0,0.0,0.0,0.0,0.0,0.0,0.0,0.0,0.0,0.0,0.0,0.0,0.0,0.0,0.0,0.0,-668.9847805171277,0.0,0.0,54.64998847956741,0.0,56.47165476221965,0.0,0.0,-663.1739043375995,0.0,663.1739043375995,-663.1739043375995,-1000.0,0.0,0.0,888.5417528924396,0.0,0.0,0.0,0.0,0.0,0.0,0.1821666282652247,0.0,0.0,0.0,-283.9328762923867,-1000.0,0.0,0.0,0.0,0.0,1000.0,0.0,0.0,0.0,0.0,0.0,-86.8123642562971,-86.8123642562971,0.0,0.0,0.0,0.0,-670.2747100860312,0.0,0.0,-59.52302284585419,0.0,0.0,0.0,-429.27435818609763,-810.6834112238238,0.0,0.0,0.0,0.0,0.0,0.0,0.0,0.0,0.0,0.0,0.0,0.0,0.0,0.0,-1000.0,0.0,0.0,0.0,0.0,0.0,328.70882754731394,-246.05736273028901,217.70410806024913,-217.70410806024913,111.45824710756044,0.0,0.0,0.0,0.0,0.0,0.0,0.0,622.3648833594275,0.0,0.0,0.0,0.0,0.0,0.0,0.0,0.0,0.0,0.0,0.0,0.0,0.0,0.0,527.9924630339535,583.714428522208,0.0,0.0,0.0,0.0,34.434756135668536,0.0,0.0,0.0,0.0,12.074216379237942,583.714428522208,27.107174782177687,0.0,0.0,0.0,0.0,0.0,0.0,0.0,0.0,0.0,0.0,0.0,-564.5917838795017,-1000.0,341.354262717191,0.0,-583.714428522208,0.0,0.0,111.45824710756044,0.0,0.0,0.0,0.0,104.3244422554441,0.0,0.0,475.63750395040324,199.80644943023282,0.0,275.8310545201703,0.0,-199.80644943023282,0.0,0.0,926.6163968005322,328.70882754731394,0.0,362.3518896167479,0.0,0.0,0.0,0.0,0.0,0.0,0.0,940.1126438976154,0.0,0.0,0.0,0.0,0.0,0.0,12.074216379237942,-0.273249942397837,0.0,0.0,0.0,0.0,0.1821666282652247,0.0,0.0,0.0,799.4570082772036,-564.3185339371039,0.0,-549.2184417897666,597.237107001522,810.6834112238238,284.65545514562814,0.0,838.6687746715422,0.0,-309.6584177591825,0.0,0.0,0.0,859.5313129446854,-698.2000876162276,-1000.0,-1000.0,-1000.0,0.0,0.0,0.0,0.0,0.0,0.0,0.0,0.0,0.0,0.0,0.0,0.0,0.0,0.0,0.0,0.0,0.0,0.0,0.0,-1000.0,0.0,745.9028416062388,0.0,0.0,304.5468514052592,0.0,293.496369012783,0.0,0.0,0.0,0.0,0.0,0.0,0.0,0.0,0.0,0.0,0.0,-566.7275349282987,-120.50322459744612,0.0,0.0,-9.108331413261235,0.0,-4.554165706630617,557.6192035150375,-522.089556608134,0.0,356.87528502871066,640.3601703550653,0.0,54.64998847956741,0.0,0.0,0.0,0.0,0.0,0.0,0.0,0.0,0.0,0.0,395.51135275939146,0.0,0.0,-1000.0,0.0,0.0,0.0,0.0,0.0,-87.30981434908455,0.0,0.0,119.94708179161405,0.0,0.0,0.0,0.0,-103.172235908645,0.36433325653024745,0.0,0.0,0.0,0.0,0.0,0.0,0.0,0.0,0.0,698.2000876162276,0.0,0.0,0.0,0.0,0.0,0.0,0.0,0.0,0.0,0.20038329109160374,0.20038329109160374,27.107174782177687,0.0,0.0,109.29997695913482,0.0,0.0,0.0,1000.0,0.0,0.0,0.0,0.0,0.0,1000.0,-1000.0,0.0,0.0,0.0,0.0,0.0,119.94708179161405,0.0,0.0,0.0,0.0,0.0,0.0,0.0,222.99492683904256,-799.4570082772036,576.5147104630312,0.0,14.0268303764223,0.0,1000.0,-504.2570754132018,-650.1500786564308,0.0,1000.0,0.0,896.827764091355,0.0,312.5000000000002,-312.5000000000002,0.0,0.0,0.0,0.0,0.0,0.0,0.0,0.0,0.0,0.0,0.0,0.0,0.0,0.0,109.29997695913482,111.4582471075604,111.45824710756044,0.0,0.0,0.0,0.0,0.0,0.0,0.0,0.0,0.0,0.0,1.821666282652247,0.0,27.107174782177687,0.0,0.0,27.107174782177687,-246.05736273028901,0.0,0.0,54.64998847956741,0.0,0.0,0.0,0.0,0.0,0.0,0.0,0.0,0.0,0.0,1000.0,543.8692761227883,0.0,54.64998847956741,54.64998847956741,-441.12984589842563,-1000.0,0.0,119.94708179161405,0.0,0.0,0.0,0.0,0.0,773.3385318548148,0.0,1000.0,0.1821666282652247,0.0,0.0,-586.6803656398761,827.2574220681432,0.0,0.0,-495.7429245867982,0.0,0.0,0.0,0.0,0.0,0.0,0.0,0.0,0.0,0.0,0.0,0.0,0.0,0.0,0.1821666282652247,0.0,0.0,0.0,0.0,0.0,0.0,0.0,0.0,745.9028416062388,0.0,293.496369012783,0.0,0.0,-1000.0,-13.662497119891853,-9.108331413261235,0.0,0.0,0.0,0.0,0.0,0.0,0.0,0.0,0.0,0.0,0.0,0.0,111.4582471075604,810.6834112238238,0.0,0.0,365.9836164419719,0.0,0.0,0.0,-0.1821666282652247,0.0,0.0,0.1821666282652247,0.0,0.1821666282652247,0.0,0.0,0.0,109.29997695913482,222.2432864835741,222.2432864835741,0.0,0.0,0.0,0.0,0.0,0.0,0.0,576.5147104630312,0.0,0.0,0.0,0.0,875.215859638321,0.0,0.0,0.0,0.0,0.0,0.0,0.0,0.0,0.0,0.0,0.0,0.0,0.0,0.0,145.89300324322897,0.0,0.0,0.0,0.273249942397837,0.0,0.0,0.0,-54.64998847956741,0.0,0.0,0.0,0.0,0.0,0.0,9.108331413261235,0.0,0.0,0.0,0.0,670.2747100860312,-42.08127162557599,0.0,0.0,0.0,0.0,0.0,0.0,0.0,0.0,111.4582471075604,0.0,0.0,0.0,0.0,0.0,204.00586599415496,-309.6584177591825,0.0,251.41509738720703,0.0,-251.41509738720703,0.0,-222.2432864835741,0.0,9.108331413261235,291.9911825843751,0.0,0.0,-27.107174782177687,-87.30981434908455,0.0,0.0,0.0,0.0,0.0,-266.3891942306053,0.0,0.0,0.0,0.0,-27.32499423978386,222.2432864835741,0.0,27.107174782177687,27.107174782177687,0.0,0.0,0.0,0.0,0.0,0.0,0.0,0.0,0.0,13.662497119891853,-938.7771440444948,0.0,0.0,54.64998847956741,0.0,0.0,0.0,0.0,-6.830237214884335,0.0,0.0,0.20038329109160374,0.0,0.0,0.0,111.12164324178705,0.0,0.0,0.0,0.0,527.9924630339535,0.0,707.4181658293555,0.0,0.0,0.0,0.0,0.0,0.0,-993.314872223312,0.0,0.01821666282652247,0.01821666282652247,0.0,0.0,0.0,0.0,0.0,0.0,0.0,0.0,0.0,-586.6803656398761,27.107174782177687,0.0,0.0,0.0,0.0,0.0,0.0,0.0,0.0,0.0,0.0,0.0,0.0,328.70882754731394,0.0,0.0,0.0,0.0,-448.0780338039649,1000.0,832.5624433972248,0.0,0.0,0.0,109.29997695913482,0.0,0.0,0.0,0.0,0.0,-109.29997695913482,0.0,0.0,0.0,0.0,0.0,0.0,0.0,0.0,0.0,0.0,27.107174782177687,27.107174782177687,0.0,-1000.0,-1000.0,1000.0,-54.64998847956741,0.0,0.0,999.2713334869393,0.0,0.0,0.0,0.0,0.0,0.0,0.0,0.0,0.0,31.250000000000004,0.0,-31.25,-31.25,0.0,0.0,0.0,0.0,-22.770828533153086,111.45824710756044,-13.662497119891853,888.8783567582129,0.0,0.0,0.0,0.0,0.0,-2.2770828533153087,0.0,87.30981434908455,0.0,0.0,0.0,0.0,0.0,0.0,0.0,1000.0,54.64998847956741,54.64998847956741,0.0,0.0,0.0,0.0,0.0,0.20038329109160374,0.0,0.0,0.0,-999.2713334869393,0.0,0.0,0.0,0.0,0.0,0.0,0.0,0.0,0.0,0.0,0.0,0.0,0.0,0.0,0.0,0.0,0.0,0.0,0.0,191.27495967848594,14.0268303764223,0.0,0.0,0.0,0.0,0.0,0.0,0.0,0.0,0.0,0.0,0.0,-22.770828533153086,0.0,0.0,0.0,0.0,0.0,0.0,0.0,0.0,0.0,0.0,0.0,0.0,0.0,0.0,0.0,0.0,0.0,0.0,-0.1821666282652247,0.0,0.0,9.108331413261235,-1000.0,0.0,0.0,0.0,0.0,111.45824710756044,0.0,0.0,0.0,-859.5313129446854,4.554165706630617,0.0,0.0,0.0,0.1821666282652247,0.0,182.1666282652247,-56.47165476221965,36.43332565304494,1.301190201894462,508.24489285997686,-0.1366249711989185,9.108331413261235,3.643332565304494,-0.9108331413259408,-508.24489285997686,54.64998847956741,-0.1821666282652247,103.21947258639416,119.94708179161405,0.045541657066306175,1.301190201894462,-309.6584177591825,-29.000927219820596,23.463842216873193,-268.2439094601209,-0.1821666282652247,0.045541657066306175,-508.24489285997686,18.21666282652247,0.1821666282652247,0.1821666282652247,0.38254991935682847,0.20038329109174718,0.0,-0.1366249711989185,54.64998847956741,0.1821666282652247,54.64998847956741,-91.08331413261234,-0.09108331413261235,-380.683164481635,-52.833585590456224,-0.1366249711989185,-0.1821666282652247,-56.47165476221965,0.1821666282652247,18.21666282652247,-3.643332565304494,145.89300324322897,145.89300324322897,-18.21666282652247,268.2439094601209,-145.89300324322897,36.43332565304494,0.273249942397837,-1000.0,18.21666282652247,-222.99492683904256,119.94708179161405,-36.43332565304494,0.09108331413261235,1.821666282652247,137.30461044744166,36.43332565304494,-0.1821666282652247,-40.987491359675715,-0.38254991935682847,56.47165476221965,0.1821666282652247,29.000927219820596,-98.65287212665578,119.94708179161405,-0.1821666282652247,-0.045541657066306175,-119.94708179161405,-0.1821666282652247,-810.5904017380005,0.1821666282653384,-0.045541657066306175,-0.045541657066306175,-0.045541657066306175,72.86665130608988,91.08331413261234,1.821666282652247,134.96270071599434,-0.045541657066306175,171.38974830848917,9.108331413261235,60.694449367583736,0.1821666282652247,0.09108331413261235,0.09108331413261235,78.1902037223295,56.47165476221965,0.1821666282652247,-56.47165476221965,1.821666282652247,0.1821666282652247,-134.96270071599434,0.1821666282652247,0.7286665130607162,0.9108331413259408,0.09108331413261235,0.045541657066306175,54.64998847956741,-0.1821666282652247,0.0,-11.731921108436596,-269.9254014319887,4.554165706630618,-18.21666282652247,36.43332565304494,9.108331413261235,-0.1821666282652247,309.6584177591825,0.273249942397837,-0.1821666282652247,-156.380407444659,56.47165476221965,365.61027778132615,0.09108331413261235,-121.38889873516747,-0.1821666282652247,-0.1821666282653384,-0.1821666282652247,0.09108331413261235,508.24489285997686,-36.43332565304494,0.1821666282652247,274.6092208948833,-0.045541657066306175,-0.20038329109174718,-274.6092208948833,27.324994239783702,52.833585590456224,152.77446574757653,508.24489285997686,-0.1366249711989185,40.987491359675715,-36.43332565304494,0.1821666282652247,-0.04554165706630618,9.108331413261235,182.1666282652247,-0.09108331413261235,-0.1821666282652247,0.045541657066306175,0.0,0.0,999.9089166858674,0.0,-1000.0,0.0,399.14088565995655,-829.8288998535638,0.0,-34.335380529285715,-122.28626065325389,336.0755188158313,0.0,17.167690264642857,500.0,61.143130326626945,0.0,414.9144499267819,0.0,-358.7800405664418,0.0,-336.0755188158313,-358.7800405664418,-399.14088565995655,239.78854748004494,0.0,1496.5981,bhi
110,0.0,0.0,0.0,0.0,0.0,0.0,0.0,0.0,-0.15307051787662537,0.0,0.0,0.0,0.0,0.0,0.0,0.0,297.0928403568987,1000.0,0.0,-633.2377066407639,0.0,0.0,0.0,0.0,0.0,0.0,0.0,0.0,0.0,625.3773550791296,0.0,0.0,493.44711737065495,0.0,0.0,0.0,0.0,471.5299701712845,0.0,-1000.0,1000.0,0.0,0.0,0.0,0.0,0.0,0.0,0.0,-561.6296395003778,-946.258706082571,0.0,0.0,0.0,0.16837756966424422,0.0,0.0,0.0,0.0,0.0,0.0,-13.480410274334758,0.0,0.0,-13.480410274334758,0.0,0.0,0.0,0.0,0.0,797.8485139270767,0.0,1.5307051787662538,0.0,0.0,0.0,0.0,0.0,0.0,0.0,0.0,0.0,0.0,0.0,0.0,91.84231072597522,0.0,0.0,0.0,678.6821404747849,-531.5824644087753,-0.03826762946915634,0.0,0.0,-871.5055434209905,45.92115536298761,0.0,45.92115536298761,0.0,498.33772020207743,0.0,0.0,996.1732370530843,560.8942929915496,0.0,0.0,-503.17002418427165,0.0,0.0,0.0,0.0,0.0,0.0,0.0,0.0,0.0,0.0,0.0,0.0,0.0,0.0,0.0,0.0,0.0,0.0,-600.285777796147,0.0,0.0,45.92115536298761,0.0,47.45186054175386,0.0,0.0,0.0,0.0,0.0,0.0,0.0,0.0,0.0,0.0,0.0,0.0,0.0,0.0,0.0,11.786429876500181,0.15307051787662537,0.0,0.0,0.0,0.0,-1000.0,0.0,0.0,0.0,0.0,983.3620259781615,0.0,0.0,0.0,0.0,0.0,-171.67249648842946,-171.67249648842946,0.0,0.0,0.0,0.0,296.63356847844244,0.0,0.0,-171.51942597055285,0.0,0.0,0.0,168.00102442951686,-1000.0,0.0,0.0,0.0,0.0,0.0,0.0,0.0,0.0,0.0,0.0,0.0,0.0,0.0,0.0,-955.1525958019184,0.0,0.0,0.0,0.0,0.0,946.258706082571,0.0,-147.09967606600958,147.09967606600958,0.0,0.0,0.0,0.0,0.0,0.0,0.0,64.48306208758004,-1000.0,0.0,0.0,0.0,0.0,0.0,0.0,0.0,0.0,0.0,0.0,0.0,0.0,0.0,0.0,533.0282243650992,-360.84055593565057,0.0,0.0,0.0,0.0,0.0,0.0,0.0,0.0,0.0,-13.480410274334758,-360.84055593565057,0.0,0.0,0.0,0.0,0.0,0.0,0.0,0.0,4.928870675627309,30.614103575325075,0.0,0.0,-825.7818165407945,0.0,-708.7293155663874,0.0,360.84055593565057,0.0,0.0,0.0,673.5922180833845,0.0,0.0,0.0,425.4608649708297,0.0,0.0,-687.9230133680246,0.0,-273.62829162823436,-414.29472173979025,-273.62829162823436,0.0,531.5824644087753,0.0,781.2922567936043,946.258706082571,0.0,427.0667448757847,0.0,0.0,0.0,-32.01365152014249,0.0,32.01365152014249,0.0,431.37929615756946,0.0,0.0,0.0,0.0,0.0,0.0,-13.480410274334758,-0.22960577681493805,0.0,0.0,0.0,0.0,0.15307051787662537,0.0,0.0,0.0,904.3025697633035,297.0928403568987,0.0,-335.44668278951445,-56.34110204965138,1000.0,976.8259224007452,0.0,296.73725601103865,0.0,-503.17002418427165,0.0,0.0,0.0,703.2627439889613,0.0,-1000.0,-1000.0,-1000.0,0.0,0.0,0.0,0.0,0.0,0.0,0.0,0.0,0.0,0.0,0.0,0.0,0.0,0.0,0.0,0.0,0.0,0.0,0.0,-1000.0,0.0,527.857747757209,0.0,188.93217236633416,0.0,0.0,-16.715300552127474,0.0,498.33772020207743,0.0,0.0,988.5197111592531,0.0,0.0,403.6205323433751,-3.8267629469156343,0.0,-1000.0,-276.1042890294509,0.0,77.44843210098531,0.0,-1000.0,0.0,0.0,268.45076313561964,-209.46383731696983,0.0,784.4330625559446,1000.0,-21.597323161094437,45.92115536298761,-187.50000000000017,187.50000000000017,0.0,291.44949570470624,0.0,0.0,0.0,0.0,0.0,0.0,983.3715001743914,0.0,0.0,-603.2048631638755,0.0,0.0,64.48306208758004,0.0,0.0,-26.960820548669517,0.0,0.0,69.09523296224233,0.0,0.0,0.0,0.0,-512.8929309978884,0.30614103575335294,0.0,0.0,0.0,0.0,0.0,0.0,0.0,0.0,0.0,797.8485139270767,0.0,0.0,0.0,0.0,0.0,0.0,0.0,0.0,0.0,0.16837756966424422,0.16837756966424422,0.0,260.5973067403675,0.0,91.84231072597522,0.0,0.0,0.0,247.87605862730402,0.0,455.37805863500523,0.0,0.0,0.0,1000.0,-247.87605862730402,0.0,0.0,335.0309122848387,0.0,0.0,69.09523296224233,0.0,0.0,0.0,0.0,0.0,0.0,0.0,200.09525926538234,-904.3025697633035,1000.0,0.0,11.786429876500181,0.0,-871.5055434209905,0.0,0.0,0.0,1000.0,0.0,1000.0,-512.8929309978884,0.0,0.0,0.0,0.0,0.0,0.0,0.0,0.0,0.0,0.0,0.0,0.0,0.0,0.0,0.0,0.0,91.84231072597522,0.0,0.0,0.0,0.0,0.0,0.0,0.0,0.0,0.0,0.0,0.0,0.0,1.5307051787662538,0.0,0.0,0.0,0.0,0.0,0.0,0.0,0.0,45.92115536298761,-335.0309122848387,0.0,0.0,0.0,0.0,0.0,0.0,0.0,0.0,0.0,731.6059443586256,-800.7011773208679,0.0,45.92115536298761,45.92115536298761,971.9207571345809,-247.87605862730402,0.0,69.09523296224233,0.0,0.0,0.0,0.0,0.0,439.1057070084504,64.48306208758004,897.3338675060695,0.15307051787662537,0.0,0.0,0.0,202.15148607292326,0.0,0.0,871.5055434209905,0.0,0.0,0.0,0.0,0.0,0.0,0.0,0.0,0.0,0.0,0.0,0.0,0.0,0.0,0.15307051787662537,0.0,0.0,0.0,47.91318429336983,-47.91318429336983,0.0,0.0,0.0,527.857747757209,0.0,944.1782576972126,0.0,-462.5558380472627,-1000.0,-11.48028884074688,-7.653525893831267,0.0,0.0,0.0,0.0,0.0,0.0,0.0,0.0,0.0,0.0,0.0,0.0,0.0,1000.0,0.0,0.0,770.4892652886815,0.0,0.0,0.0,-0.15307051787662537,0.0,0.0,0.15307051787662537,0.0,0.15307051787662537,0.0,0.0,0.0,91.84231072597522,186.74603180948296,186.74603180948296,0.0,0.0,0.0,0.0,0.0,0.0,0.0,1000.0,0.0,64.48306208758004,0.0,0.0,0.0,716.4421155781386,0.0,0.0,0.0,0.0,0.0,0.0,0.0,0.0,0.0,0.0,0.0,0.0,0.0,0.0,0.0,-756.4672823485676,756.4672823485676,0.22960577681493805,0.0,0.0,0.0,-45.92115536298761,0.0,0.0,0.0,0.0,0.0,-260.5973067403675,7.653525893831269,0.0,0.0,0.0,0.0,-296.63356847844244,-944.1782576972126,0.0,0.0,0.0,0.0,0.0,0.0,0.0,0.0,0.0,0.0,335.0309122848387,0.0,260.5973067403675,0.0,-8.945428130840963,-503.17002418427165,0.0,-960.8935582493401,960.8935582493401,0.0,0.0,486.8461862739016,0.0,7.653525893831267,405.0761252207078,0.0,0.0,0.0,-26.960820548669517,0.0,0.0,0.0,0.0,0.0,0.0,0.0,0.0,0.0,272.0775955811144,-295.0381732626083,186.74603180948296,0.0,0.0,0.0,0.0,0.0,0.0,0.0,0.0,0.0,4.928870675627309,0.0,0.0,0.0,-1000.0,106.5583524520846,0.0,45.92115536298761,0.0,0.0,0.0,0.0,-248.41498790786417,0.0,0.0,0.16837756966424422,0.0,0.0,0.0,93.37301590474148,0.0,0.0,0.0,0.0,533.0282243650992,0.0,0.0,0.0,0.0,0.0,0.0,0.0,0.0,0.0,0.0,0.015307051787662538,0.015307051787662538,0.0,0.0,0.0,0.0,0.0,0.0,0.0,0.0,0.0,0.0,0.0,0.0,0.0,0.0,0.0,260.5973067403675,0.0,0.0,0.0,0.0,0.0,0.0,0.0,946.258706082571,0.0,0.0,0.0,0.0,180.61059136626002,0.0,1000.0,0.0,0.0,0.0,91.84231072597522,0.0,0.0,0.0,0.0,0.0,0.0,-91.84231072597522,0.0,0.0,0.0,0.0,0.0,0.0,0.0,0.0,0.0,0.0,0.0,0.0,-897.3338675060695,0.0,821.295420323627,-45.92115536298761,0.0,0.0,999.3877179284935,0.0,0.0,0.0,0.0,0.0,0.0,0.0,0.0,0.0,593.75,0.0,-593.75,-593.75,0.0,0.0,0.0,0.0,-19.13381473457817,0.0,-1000.0,1000.0,0.0,0.0,0.0,0.0,0.0,-1.9133814734578174,0.0,26.960820548669517,0.0,0.0,0.0,0.0,0.0,0.0,0.0,1000.0,45.92115536298761,45.92115536298761,0.0,0.0,0.0,0.0,0.0,0.16837756966424422,260.5973067403675,0.0,0.0,-999.3877179284935,0.0,0.0,0.0,0.0,0.0,0.0,0.0,0.0,0.0,0.0,0.0,0.0,0.0,0.0,378.2336411742838,0.0,0.0,0.0,0.0,160.72404377045663,0.0,0.0,11.786429876500181,0.0,0.0,0.0,260.5973067403675,0.0,936.5247318033813,0.0,0.0,0.0,-19.13381473457817,0.0,0.0,0.0,0.0,0.0,0.0,0.0,0.0,0.0,0.0,0.0,0.0,0.0,0.0,0.0,0.0,0.0,0.0,-0.15307051787662537,0.0,0.0,7.653525893831269,-1000.0,0.0,0.0,0.0,0.0,0.0,0.0,0.0,0.0,-703.2627439889613,3.8267629469156343,0.0,0.0,0.0,0.15307051787662537,0.0,153.07051787662536,-47.45186054175386,30.614103575325075,1.0933608419758956,427.0667448757847,-0.11480288840746902,596.3794676566249,3.0614103575325076,-0.765352589383042,-427.0667448757847,45.92115536298761,-0.15307051787662537,167.72334139475723,69.09523296224233,0.03826762946915634,1.0933608419758956,-503.1700241842717,-24.368826445958803,-3.0614103575325076,-663.8551337161348,-0.15307051787662537,0.03826762946915634,-427.0667448757847,15.307051787662537,0.15307051787662537,0.15307051787662537,-260.2758586528266,0.1683775696642879,0.0,-0.11480288840746902,45.92115536298761,0.15307051787662537,45.92115536298761,-76.5352589383127,-0.07653525893831269,22.978022390381852,-15.460122305539162,-0.11480288840746902,-0.15307051787662537,-47.45186054175386,0.15307051787662537,15.307051787662544,-3.0614103575325076,0.0,0.0,-15.307051787662537,663.8551337161348,0.0,30.614103575325075,0.22960577681493805,-44.91655782077578,15.307051787662537,-200.09525926538234,69.09523296224233,-30.614103575325075,0.07653525893831269,1.5307051787662538,83.86167069737861,291.2114103156926,-0.15307051787662537,-295.0381732626083,260.2758586528266,47.45186054175386,0.15307051787662537,24.368826445958803,-114.58938848970821,69.09523296224233,-0.15307051787662537,-0.03826762946915634,-69.09523296224233,-0.15307051787662537,-512.8929309978884,0.1530705178766425,-0.03826762946915634,-0.03826762946915634,-0.03826762946915634,61.22820715065015,76.5352589383127,1.5307051787662538,408.93741328789696,-0.03826762946915634,0.0,7.653525893831269,264.09999139277545,0.15307051787662537,0.07653525893831269,0.07653525893831269,49.854668268783705,47.45186054175386,0.15307051787662537,-47.45186054175386,1.5307051787662538,0.1530705178766255,-1000.0,0.15307051787662537,0.6122820715064563,0.765352589383042,0.07653525893831269,0.03826762946915634,45.92115536298761,-0.15307051787662537,0.0,1.5307051787662538,-817.8748265757939,592.5527047097092,-15.307051787662544,30.614103575325075,7.653525893831269,-0.15307051787662537,503.1700241842717,0.22960577681493805,-0.1530705178766255,-99.70933653756741,47.45186054175386,660.2479413702871,0.07653525893831269,-528.1999827855509,-0.15307051787662537,-0.1530705178766425,-0.15307051787662537,0.07653525893831269,427.0667448757847,-30.614103575325075,0.15307051787662537,167.72334139475723,-0.03826762946915634,-0.1683775696642879,-167.72334139475723,22.960577681493803,15.460122305539162,202.01601735456342,427.0667448757847,-0.11480288840746902,295.0381732626083,-291.2114103156926,0.15307051787662537,-0.038267629469156336,7.653525893831267,153.07051787662536,-0.07653525893831269,-0.15307051787662537,0.03826762946915634,0.0,0.0,44.840022561837465,591.062586712103,326.38962536940784,0.0,-99.41076502446344,-1000.0,0.0,1000.0,-802.2650752701511,978.3313245555158,0.0,-500.0,-163.19481268470392,401.13253763507555,0.0,500.0,-260.5973067403675,-411.8329534624229,0.0,-978.3313245555158,-411.8329534624229,99.41076502446344,-0.06421416120888843,0.0,1496.5981,bhi
111,0.0,0.0,0.0,0.0,0.0,0.0,0.0,0.0,-0.055685861329573115,0.0,0.0,0.0,0.0,0.0,0.0,0.0,-641.6163988664149,1000.0,0.0,78.64734794787444,0.0,0.0,0.0,611.8132695659918,0.0,0.0,0.0,0.0,0.0,-425.49451197330956,0.0,0.0,166.19436465094998,0.0,0.0,0.0,0.0,999.7772565546818,0.0,-1000.0,632.437274506709,0.0,0.0,259.29412634557593,0.0,0.0,0.0,0.0,-932.8890891602756,0.0,0.0,-1000.0,0.0,0.06125444746271569,0.0,0.0,0.0,11.137172265914623,0.0,0.0,237.54638790710095,0.0,0.0,-489.8049803774751,0.0,0.0,0.0,0.0,216.05986902693476,710.3989959643169,0.0,0.5568586132957312,0.0,0.0,0.0,0.0,0.0,0.0,0.0,0.0,0.0,0.0,795.485434435937,0.0,33.41151679774387,0.0,0.0,-31.437959724473068,96.2501791815522,-53.27578234892911,-0.013921465332393279,0.0,0.0,-500.0,16.705758398871936,0.0,367.56272549329105,0.0,0.0,0.0,902.7650188653665,805.2033698917965,-425.49451197330956,0.0,0.0,0.0,0.0,0.0,0.0,0.0,0.0,0.0,0.0,0.0,0.0,0.0,0.0,0.0,0.0,0.0,0.0,0.0,0.0,0.0,-1000.0,0.0,0.0,367.56272549329105,0.0,17.262617012167667,0.0,0.0,593.5042764464644,-79.10017399330275,-514.4041024531616,514.4041024531616,0.0,0.0,0.0,-727.351368284576,0.0,0.0,0.0,0.0,0.0,-791.1976231135598,0.055685861329573115,0.0,0.0,0.0,0.0,0.0,0.0,0.0,107.27958442942952,0.0,322.647601419649,0.0,0.0,0.0,0.0,0.0,433.3722218474902,433.3722218474902,0.0,0.0,0.0,93.68750000000001,0.0,0.0,0.0,433.42790770881976,0.0,0.0,0.0,-1000.0,-628.8604319948693,0.0,0.0,0.0,0.0,0.0,0.0,0.0,0.0,0.0,-456.49472872778927,0.0,0.0,0.0,0.0,-863.2419667126205,0.0,0.0,0.0,0.0,0.0,0.0,1000.0,-42.974396832623086,42.974396832623086,507.67093455197335,0.0,0.0,0.0,0.0,0.0,0.0,0.0,-1000.0,0.0,0.0,0.0,0.0,0.0,0.0,0.0,0.0,0.0,0.0,0.0,0.0,0.0,0.0,-160.82546255402127,1000.0,0.0,0.0,0.0,219.68043373260267,-7.670934551973346,0.0,0.0,0.0,0.0,237.54638790710095,740.7058736544241,0.0,0.0,622.845998624738,0.0,0.0,0.0,0.0,0.0,1.7930847348125099,0.0,350.85696709441913,0.0,-1000.0,-860.7754239858247,-7.301445717371848,0.0,-1000.0,0.0,0.0,727.351368284576,-19.997701369530375,0.0,0.0,0.0,-248.06266281919062,0.0,0.0,-913.7311290021894,0.0,0.0,-913.7311290021905,0.0,0.0,53.27578234892911,0.0,1000.0,0.0,0.0,-344.63644689049096,0.0,0.0,0.0,-1000.0,0.0,1000.0,0.0,1000.0,0.0,219.68043373260267,0.0,93.68750000000001,0.0,0.0,237.54638790710095,-0.08352879199435967,0.0,0.0,0.0,0.0,0.055685861329573115,0.0,0.0,0.0,-6.11384351548304,-641.6163988664149,0.0,0.0,-302.96497967610594,628.8604319948693,1000.0,0.0,-970.7850783948174,0.0,0.0,0.0,0.0,0.0,-4.79455266047643,246.79617347343293,728.7834575818611,-1000.0,-1000.0,0.0,0.0,0.0,0.0,0.0,0.0,0.0,0.0,0.0,0.0,0.0,0.0,0.0,0.0,0.0,0.0,622.845998624738,0.0,0.0,-1000.0,107.27958442942952,0.0,0.0,0.0,0.0,0.0,789.4045383787472,0.0,0.0,0.0,0.0,802.4190768253178,-143.34517130851316,695.20332178016,-1000.0,0.0,-319.5108711918546,0.0,0.0,-803.7644698621313,0.0,-695.20332178016,439.1570844325561,947.9376994434308,-1.392146533239328,-2.784293066478656,0.0,0.0,435.56031855787705,1000.0,-1000.0,367.56272549329105,0.0,0.0,0.0,644.873964886302,0.0,0.0,0.0,0.0,0.0,0.0,343.9888628477833,0.0,0.0,-566.6834640138393,0.0,0.0,0.0,0.0,0.0,-252.2585924703741,0.0,0.0,0.0,0.0,0.0,0.0,0.0,-528.3881880473123,0.11137172265989648,0.0,0.0,0.0,0.0,0.0,0.0,0.0,0.0,0.0,926.4588649912516,0.0,0.0,0.0,0.0,0.0,0.0,0.0,0.0,0.0,0.06125444746271569,0.06125444746271569,0.0,0.0,0.0,33.41151679774387,0.0,0.0,0.0,1000.0,0.0,0.0,0.0,0.0,0.0,1000.0,-1000.0,0.0,0.0,0.0,0.0,0.0,0.0,0.0,0.0,0.0,0.0,0.0,0.0,0.0,333.3333333333333,6.11384351548304,0.0,156.8490840883063,132.50005205269125,0.0,0.0,-500.0,-1000.0,0.0,1000.0,0.0,0.0,471.61181195268773,0.0,0.0,0.0,0.0,0.0,0.0,0.0,0.0,0.0,0.0,0.0,0.0,0.0,0.0,0.0,0.0,33.41151679774387,727.351368284576,727.351368284576,0.0,0.0,0.0,0.0,0.0,0.0,0.0,0.0,0.0,0.0,0.5568586132957312,0.0,0.0,0.0,0.0,0.0,1000.0,0.0,0.0,367.56272549329105,0.0,0.0,0.0,128.212240730314,156.8490840883063,0.0,0.0,0.0,0.0,0.0,601.7833373744552,-372.3924841852634,0.0,16.705758398871936,16.705758398871936,-6.960732666196691,-1000.0,0.0,0.0,0.0,0.0,0.0,0.0,0.0,425.49451197330956,0.0,674.2532480591199,0.055685861329573115,0.0,0.0,73.54113500874836,0.0,0.0,0.0,500.0,0.0,0.0,0.0,0.0,0.0,0.0,0.0,0.0,0.0,0.0,0.0,0.0,0.0,0.0,0.055685861329573115,0.0,0.0,0.0,0.0,0.0,0.0,0.0,0.0,0.0,0.0,789.4045383787472,0.0,0.0,-1000.0,-4.176439599718037,0.0,-2.7842930664786536,0.0,0.0,0.0,0.0,0.0,0.0,0.0,0.0,0.0,0.0,0.0,727.351368284576,628.8604319948693,0.0,0.0,-561.6553883756443,0.0,0.0,0.0,-0.055685861329573115,0.0,0.0,0.055685861329573115,0.0,0.055685861329573115,0.0,0.0,0.0,33.41151679774387,67.9367508220792,67.9367508220792,0.0,0.0,0.0,0.0,0.0,0.0,0.0,0.0,0.0,0.0,0.0,0.0,0.0,0.0,0.0,0.0,0.0,0.0,0.0,0.0,0.0,0.0,0.0,0.0,0.0,0.0,0.0,500.0,0.0,0.0,0.0,0.08352879199435967,0.0,0.0,0.0,-367.56272549329105,0.0,0.0,0.0,0.0,0.0,0.0,2.784293066478656,0.0,0.0,0.0,-93.68750000000001,0.0,0.0,-2.7842930664786536,0.0,0.0,0.0,0.0,0.0,0.0,0.0,727.351368284576,0.0,0.0,1000.0,0.0,0.0,-1000.0,0.0,0.0,789.4045383787472,0.0,-789.4045383787472,107.27958442942952,-87.93445219160958,0.0,2.7842930664786536,1000.0,0.0,0.0,0.0,-252.2585924703741,0.0,0.0,0.0,0.0,0.0,0.0,0.0,0.0,0.0,460.6711683275073,-12.5293187991536,67.9367508220792,0.0,0.0,0.0,0.0,0.0,0.0,0.0,0.0,0.0,1.7930847348125099,0.0,0.0,0.0,-1000.0,260.91520011011465,0.0,16.705758398871936,0.0,0.0,0.0,0.0,-454.0546593133386,0.0,0.0,0.06125444746271569,0.0,0.0,0.0,33.9683754110396,0.0,0.0,0.0,0.0,-160.82546255402127,0.0,0.0,0.0,0.0,0.0,0.0,0.0,0.0,-50.246497920232116,0.0,0.005568586132957311,0.005568586132957311,0.0,0.0,0.0,0.0,0.0,0.0,0.0,0.0,0.0,73.54113500874836,0.0,0.0,0.0,0.0,0.0,0.0,0.0,0.0,0.0,0.0,0.0,0.0,0.0,0.0,0.0,0.0,0.0,0.0,0.0,-137.47453894523088,1000.0,0.0,0.0,0.0,33.41151679774387,0.0,0.0,0.0,0.0,0.0,0.0,-33.41151679774387,0.0,0.0,0.0,0.0,0.0,0.0,0.0,0.0,0.0,0.0,0.0,0.0,-795.6092532217185,-1000.0,38.14481501075759,-367.56272549329105,0.0,0.0,999.7772565546818,0.0,0.0,0.0,0.0,0.0,0.0,0.0,0.0,0.0,0.0,0.0,0.0,0.0,0.0,0.0,0.0,0.0,-6.960732666196691,727.351368284576,-806.5955164250358,8.352879199436074,0.0,0.0,0.0,0.0,0.0,-0.696073266619664,0.0,359.5381768998036,0.0,0.0,0.0,0.0,0.0,0.0,0.0,878.6439948374014,16.705758398871936,16.705758398871936,0.0,0.0,0.0,0.0,0.0,0.06125444746271569,0.0,0.0,0.0,-999.7772565546818,0.0,0.0,0.0,0.0,0.0,0.0,0.0,0.0,0.0,0.0,0.0,0.0,0.0,0.0,0.0,0.0,0.0,0.0,0.0,58.470154396051775,0.0,0.0,4.287811322377252,0.0,0.0,0.0,0.0,0.0,0.0,0.0,0.0,0.0,-6.960732666196691,0.0,0.0,0.0,0.0,0.0,0.0,0.0,0.0,0.0,0.0,0.0,0.0,0.0,0.0,0.0,0.0,0.0,0.0,-0.055685861329573115,0.0,0.0,2.784293066478656,-1000.0,0.0,0.0,0.0,0.0,727.351368284576,0.0,0.0,0.0,4.79455266047643,1.392146533239328,0.0,0.0,0.0,0.055685861329573115,0.0,55.685861329573115,-17.262617012167667,11.137172265914623,0.3977561523540937,155.36355310950898,-0.041764395997179835,403.9938314791376,1.1137172265914623,-0.2784293066478085,-155.36355310950898,16.705758398871936,-0.05568586132957312,0.0,0.0,0.013921465332393279,0.3977561523540937,0.0,-8.865189123668415,-1.1137172265914623,-437.03094908145965,-0.055685861329573115,0.013921465332393279,-155.36355310950898,5.568586132957312,0.055685861329573115,0.055685861329573115,0.11694030879228881,0.06125444746253043,-694.5825526982621,-0.041764395997179835,16.705758398871936,0.055685861329573115,367.56272549329105,323.0140364296326,-0.027842930664786558,371.93495127861314,2.046662557686461,-0.041764395997179835,-0.055685861329573115,-17.262617012167667,0.055685861329573115,5.568586132957312,-1.1137172265914623,500.0,500.0,-5.568586132957312,437.03094908145965,-500.0,11.137172265914623,0.08352879199435967,-1000.0,5.568586132957312,-333.3333333333333,0.0,-11.137172265914623,0.027842930664786558,0.5568586132957312,0.0,11.137172265914623,-0.055685861329573115,-12.5293187991536,-0.11694030879228881,17.262617012167667,0.055685861329573115,8.865189123668415,-417.6800006899073,0.0,-0.055685861329573115,-0.013921465332393279,0.0,-0.055685861329573115,-528.3881880473123,0.05568586133070998,-0.013921465332393279,-0.013921465332393279,-0.013921465332393279,22.274344531829247,-323.0140364296326,0.5568586132957312,193.7684075088788,-0.013921465332393279,0.0,2.784293066478656,266.9783870901348,0.055685861329573115,0.027842930664786558,0.027842930664786558,-104.27163073334403,17.262617012167667,0.055685861329573115,-17.262617012167667,0.5568586132957312,0.055685861329573115,-498.79269750154026,0.055685861329573115,0.22274344531820134,0.2784293066478085,0.027842930664786558,0.013921465332393279,16.705758398871936,-0.055685861329573115,694.5825526982621,0.5568586132957312,-387.5368150177576,402.6016849458982,-5.568586132957312,11.137172265914623,2.784293066478656,-0.055685861329573115,0.0,0.08352879199435967,-0.055685861329573115,208.54326146668805,17.262617012167667,626.0802546835417,0.027842930664786558,-533.9567741802696,-0.055685861329573115,-0.05568586133070998,-0.055685861329573115,0.027842930664786558,155.36355310950898,-11.137172265914623,0.055685861329573115,0.0,-0.013921465332393279,-0.06125444746253043,0.0,8.352879199435966,-2.046662557686461,32.60951589611577,155.36355310950898,-0.041764395997179835,12.5293187991536,-11.137172265914623,0.055685861329573115,-0.013921465332393277,2.7842930664786536,55.685861329573115,-0.027842930664786558,-0.055685861329573115,0.013921465332393279,1000.0,0.0,999.9721570693353,305.02428999266147,-770.3740812620309,0.0,1000.0,-167.42502218633373,0.0,-364.2390156033549,-1000.0,988.8628277340854,0.0,182.11950780167746,385.18704063101546,500.0,0.0,83.71251109316687,0.0,-172.02559537020312,0.0,-988.8628277340854,-172.0255953702031,-1000.0,706.055707278475,0.0,1496.5981,bhi
112,0.0,0.0,0.0,0.0,0.0,0.0,0.0,0.0,777.8197351567293,0.0,0.0,0.0,0.0,0.0,0.0,0.0,-775.1242732574007,1000.0,0.0,60.974363997376145,0.0,0.0,0.0,740.0527770043165,0.0,768.0603344895271,0.0,0.0,0.0,0.0,0.0,0.0,443.967808483039,0.0,0.0,0.0,0.0,737.4120402795681,0.0,-1000.0,942.0028880068172,0.0,-577.7039277829965,-130.94911829246917,0.0,0.0,32.46064999788615,0.0,328.3694637668733,0.0,0.0,0.0,0.0,0.20416369450049388,0.0,0.0,0.0,37.120671727363046,0.0,0.0,-54.20106042988751,0.0,-171.49494938222156,-225.69600981210908,0.0,0.0,0.0,0.0,864.6974338418123,-864.6974338418123,0.0,1.8560335863681523,0.0,0.0,0.0,0.0,0.0,0.0,0.0,0.0,0.0,0.0,0.0,0.0,111.36201518208914,0.0,0.28812426277909253,0.0,-154.90097244750626,887.5058726780092,-0.04640083965920381,0.0,0.0,-552.8411448270047,55.68100759104457,0.0,57.99711199318275,-5.976428148104408,0.0,0.0,0.0,9.280167931840761,0.0,0.0,0.0,-458.52521401714,0.0,0.0,0.0,0.0,0.0,0.0,0.0,0.0,0.0,0.0,0.0,0.0,0.0,0.0,0.0,0.0,0.0,0.0,-858.22791405465,0.0,0.0,57.99711199318275,0.0,57.53704117741272,0.0,0.0,0.0,0.0,0.0,0.0,0.0,0.0,0.0,0.0,0.0,0.0,0.0,0.0,0.0,14.579582877813923,0.18560335863681524,0.0,0.0,0.0,0.0,-351.39103208547425,0.0,0.0,0.0,0.0,1000.0,0.0,0.0,0.0,0.0,0.0,507.24109440860485,507.24109440860485,0.0,0.0,0.0,-468.75,-101.18928609099771,0.0,0.0,507.42669776724165,0.0,0.0,0.0,1000.0,0.0,0.0,0.0,0.0,0.0,0.0,0.0,0.0,0.0,0.0,-557.3198782333444,0.0,0.0,0.0,0.0,-265.8768041853831,0.0,0.0,0.0,0.0,0.0,0.0,577.7039277829965,-732.6049002305028,732.6049002305028,0.0,0.0,0.0,0.0,0.0,0.0,0.0,0.0,1000.0,0.0,0.0,0.0,0.0,0.0,0.0,0.0,0.0,0.0,0.0,0.0,0.0,0.0,0.0,-63.69447547258405,-130.94911829246917,0.0,0.0,0.0,0.0,6.873355281133114,0.0,0.0,0.0,0.0,-54.20106042988751,0.0,0.0,0.0,0.0,0.0,0.0,0.0,0.0,0.0,0.0,0.0,2.31610440213818,0.0,0.0,0.0,173.468491319367,0.0,130.94911829246917,0.0,0.0,0.0,-773.5639024630855,0.0,0.0,0.0,46.89328004452682,0.0,0.0,-524.1854472902747,0.0,0.0,-524.1854472902747,0.0,0.0,-887.5058726780092,0.0,0.0,0.0,0.0,510.9600153155815,0.0,0.0,0.0,957.5351649631876,0.0,-957.5351649631876,0.0,538.6517682595168,0.0,0.0,1000.0,-468.75,0.0,0.0,-54.20106042988751,-0.2784050379552228,0.0,0.0,0.0,0.0,0.18560335863681524,0.0,0.0,0.0,201.00633691106722,-775.1242732574007,0.0,-305.68347601142665,-204.78160136453775,0.0,1000.0,0.0,468.93288232942245,0.0,-458.52521401714,0.0,0.0,0.0,856.8812501551517,-325.8141324845742,-1000.0,0.0,-1000.0,0.0,0.0,0.0,0.0,0.0,0.0,0.0,0.0,0.0,0.0,0.0,0.0,0.0,0.0,0.0,0.0,0.0,-430.8991480101042,0.0,-1000.0,0.0,0.0,0.0,0.0,0.0,0.0,-14.579582877813923,0.0,0.0,0.0,0.0,0.0,0.0,1000.0,-533.8410533657873,0.0,-538.8833013572381,-1000.0,0.0,0.0,-122.77662173825327,-1000.0,524.5608854339465,-98.91176716153235,-4.640083965920381,-9.280167931840761,374.93491876273333,0.0,-120.6421831139299,1000.0,0.0,57.99711199318275,-62.50000000000006,62.50000000000006,0.0,0.0,0.0,778.0053385153661,0.0,0.0,0.0,0.0,288.90442345769117,0.0,0.0,0.0,0.0,0.0,0.0,0.0,0.0,-107.82587233421684,0.0,0.0,0.0,0.0,0.0,0.0,0.0,-473.082619551241,0.3712067172735566,0.0,0.0,0.0,0.0,0.0,0.0,0.0,0.0,0.0,0.0,0.0,0.0,0.0,0.0,0.0,0.0,0.0,0.0,0.0,0.20416369450049388,0.20416369450049388,0.0,55.16636812115852,0.0,111.36201518208914,0.0,0.0,0.0,-756.1659130830026,0.0,0.0,0.28812426277909253,0.0,0.0,1000.0,756.1659130830026,0.0,0.0,0.0,0.0,0.0,0.0,0.0,0.0,0.0,0.0,0.0,0.0,0.0,286.07597135155,-201.00633691106722,351.39103208547425,0.0,14.579582877813923,0.0,0.0,-552.8411448270047,-559.7145001081377,0.0,267.434392528382,0.0,526.917380448759,0.0,0.0,0.0,0.0,0.0,0.0,0.0,0.0,0.0,0.0,0.0,0.0,0.0,0.0,0.0,0.0,0.0,111.36201518208914,0.0,0.0,0.0,0.0,0.0,0.0,0.0,0.0,0.0,0.0,0.0,0.0,1.8560335863681523,0.0,0.0,0.28812426277909253,-0.28812426277909253,0.0,577.7039277829965,0.0,0.0,57.99711199318275,0.0,0.0,0.0,0.0,0.0,0.0,0.0,0.0,0.0,0.0,0.0,0.0,0.0,55.68100759104457,55.68100759104457,-479.580169565831,756.1659130830026,0.0,0.0,0.0,0.0,0.0,0.0,0.0,-1000.0,0.0,-875.519636337347,0.18560335863681524,0.0,0.0,0.0,245.115749845434,0.0,0.0,552.8411448270047,0.0,0.0,0.0,0.0,0.0,0.0,56.351200574739856,0.0,0.0,0.0,0.0,0.0,0.0,0.0,0.18560335863681524,0.0,0.0,0.0,0.0,0.0,0.0,0.0,0.0,0.0,-14.579582877813923,0.0,0.0,0.0,-569.1008519898958,-13.920251897761142,0.0,-9.280167931840761,0.0,0.0,0.0,0.0,0.0,0.0,0.0,0.0,0.0,0.0,0.0,0.0,0.0,0.0,0.0,-111.36201518208914,0.0,0.0,0.0,777.8197351567293,0.0,0.0,0.18560335863681524,0.0,0.18560335863681524,169.05360172421956,0.0,0.0,111.36201518208914,226.43609753691456,226.43609753691456,0.0,0.0,0.0,0.0,0.0,0.0,0.0,351.39103208547425,0.0,0.0,0.0,0.0,0.0,872.8616993337815,0.0,0.0,0.0,0.0,0.0,0.0,0.0,0.0,0.0,0.0,0.0,0.0,0.0,6.873355281133114,0.0,-599.0067327653076,599.0067327653076,0.2784050379552228,0.0,0.0,0.0,-57.99711199318275,0.0,0.0,0.0,0.0,0.0,-55.16636812115852,9.280167931840761,0.0,0.0,0.0,468.75,101.18928609099771,0.0,-9.280167931840761,0.0,0.0,0.0,0.0,0.0,0.0,0.0,0.0,0.0,0.0,520.4013953426124,55.16636812115852,0.0,543.6202502637708,-458.52521401714,0.0,0.0,0.0,0.0,0.0,-1000.0,0.0,9.280167931840761,1000.0,0.0,0.0,0.0,-108.40212085977502,0.0,0.0,0.0,0.0,0.0,0.0,0.0,0.0,0.0,529.4793744378221,0.0,226.43609753691456,0.0,687.5,687.5,-687.5,0.0,0.0,0.0,0.0,0.0,0.0,0.0,0.0,96.92712381444198,-245.115749845434,0.0,-577.7039277829965,55.68100759104457,0.28812426277909253,0.0,0.0,0.0,-171.91705305832988,0.0,0.0,0.20416369450049388,0.0,0.0,0.0,113.21804876845728,0.0,0.0,0.0,0.0,-63.69447547258405,0.0,0.0,0.0,0.0,0.0,0.0,0.0,0.0,527.2747506237455,0.0,0.01856033586368154,0.01856033586368154,0.0,0.0,0.0,0.0,0.0,169.05360172421956,0.0,0.0,0.0,0.0,0.0,0.0,0.0,0.0,0.0,55.16636812115852,0.0,0.0,0.0,0.0,0.0,0.0,0.0,0.0,0.0,0.0,0.0,0.5762485255581851,-692.3429995521359,109.14220858458052,1000.0,0.0,0.0,0.0,111.36201518208914,0.0,0.0,0.0,0.0,0.0,0.0,-111.36201518208914,0.0,0.5762485255581851,0.0,0.0,0.0,0.0,0.0,0.0,0.0,0.0,0.0,0.0,875.519636337347,-1000.0,1000.0,-57.99711199318275,0.0,0.0,568.3584385553486,0.0,0.0,0.0,0.0,0.0,0.0,0.0,0.0,0.0,0.0,0.0,0.0,0.0,0.0,0.0,0.0,0.0,-23.200419829601906,0.0,-13.920251897761142,858.9414474360204,0.0,0.0,0.0,0.0,0.0,-2.3200419829601904,0.0,107.82587233421684,0.0,0.0,0.0,0.0,0.0,0.0,0.0,1000.0,55.68100759104457,55.68100759104457,0.0,0.0,0.0,0.0,0.0,0.20416369450049388,55.16636812115852,0.0,0.0,-737.4120402795681,0.0,0.0,0.0,0.0,0.0,0.0,0.0,0.0,0.0,0.0,0.0,0.0,0.0,0.0,0.0,0.0,0.0,0.0,0.0,194.88352656865598,0.0,0.0,14.579582877813923,0.0,0.0,0.0,55.16636812115852,0.0,-5.976428148104408,0.0,0.0,0.0,-23.200419829601906,0.0,0.0,0.0,0.0,0.0,0.0,0.0,0.0,0.0,0.0,0.0,0.0,0.0,0.0,0.0,0.0,0.0,0.0,-0.18560335863681524,0.0,0.0,9.280167931840761,-1000.0,0.0,0.0,0.0,0.0,0.0,0.0,0.0,0.0,-856.8812501551517,4.640083965920381,0.0,0.0,768.0603344895271,0.18560335863681524,0.0,185.60335863681522,-57.53704117741272,37.120671727363046,1.3257382759772516,517.8333705967144,-0.1392025189776114,9.280167931840817,3.7120671727363046,168.12558493103552,-517.8333705967144,55.68100759104457,-0.18560335863681524,152.84173800571332,0.0,0.04640083965920381,1.3257382759772516,-458.52521401714,-29.836178957759092,-3.7120671727363046,-285.8500907399756,-0.18560335863681524,0.04640083965920381,-517.8333705967144,18.560335863681523,0.18560335863681524,0.18560335863681524,-54.77660106802121,-0.08396056827859577,0.0,-0.1392025189776114,55.68100759104457,0.18560335863681524,57.99711199318275,-90.48557491626943,-0.09280167931840762,-82.94957196572,-25.619294503451453,-0.1392025189776114,-0.18560335863681524,-57.53704117741272,0.18560335863681524,18.56033586368153,-3.7120671727363046,6.873355281133114,6.873355281133114,-18.560335863681523,285.8500907399756,-6.873355281133114,37.120671727363046,0.2784050379552228,-1000.0,18.560335863681523,-286.07597135155,0.0,-37.120671727363046,0.09280167931840762,1.8560335863681523,76.42086900285666,92.28703984852157,-0.18560335863681524,-96.92712381444198,54.77660106802121,57.53704117741272,0.18560335863681524,29.836178957759092,-225.0401347663164,0.0,-0.18560335863681524,-0.04640083965920381,0.0,-0.18560335863681524,-473.082619551241,0.18560335863681524,-0.04640083965920381,-0.04640083965920381,-0.04640083965920381,74.24134345472609,90.48557491626943,1.8560335863681523,193.56048552137517,-0.04640083965920381,0.0,9.280167931840761,245.82147770746127,0.18560335863681524,0.09280167931840762,0.09280167931840762,18.560335863681523,57.53704117741272,0.18560335863681524,-57.53704117741272,1.8560335863681523,0.18560335863681524,-305.66367990402836,0.18560335863681524,0.7424134345471132,-168.12558493103552,0.09280167931840762,0.04640083965920381,55.68100759104457,-0.18560335863681524,0.0,1.8560335863681523,-387.12097104275034,4.640083965920326,-18.56033586368153,37.120671727363046,9.280167931840761,-0.18560335863681524,458.52521401714,0.2784050379552228,-0.18560335863681524,-37.120671727363046,57.53704117741272,635.3513616375681,0.09280167931840762,-491.64295541492254,-0.18560335863681524,-0.18560335863681524,-0.18560335863681524,0.09280167931840762,517.8333705967144,-37.120671727363046,0.18560335863681524,152.84173800571332,-0.04640083965920381,0.08396056827859577,-152.84173800571332,27.84050379552228,25.619294503451453,119.6638945433453,517.8333705967144,-0.1392025189776114,96.92712381444198,-92.28703984852157,0.18560335863681524,-0.046400839659203816,9.280167931840761,185.60335863681522,-0.09280167931840762,-0.18560335863681524,0.04640083965920381,1000.0,0.0,999.9071983206816,112.10319438265319,-808.4156373409253,0.0,86.27633447902147,-906.5948567260525,0.0,1000.0,132.50011883208578,-229.3498899056596,0.0,-500.0,404.20781867046264,-66.25005941604289,0.0,453.29742836302626,-55.16636812115852,-463.4343085792382,0.0,229.3498899056596,-463.4343085792382,-86.27633447902147,146.37806669082818,0.0,1496.5981,bhi
113,0.0,0.0,0.0,0.0,0.0,0.0,0.0,0.0,688.5243248733033,0.0,0.0,0.0,0.0,0.0,0.0,0.0,962.7212808828119,-129.73202975438934,0.0,-1000.0,0.0,0.0,0.0,875.2799789415747,0.0,0.0,0.0,0.0,0.0,-979.92630980988,0.0,0.0,140.40677607678515,0.0,0.0,0.0,0.0,974.672360295649,0.0,-1000.0,536.1333143521389,0.0,0.0,838.0500648716575,0.0,0.0,0.0,0.0,0.0,0.0,0.0,0.0,0.0,0.1949188689933162,0.0,0.0,0.0,35.439794362430604,0.0,0.0,-15.605322784256783,0.0,15.605322784256783,0.0,45.184493154801466,0.0,0.0,0.0,486.50422972373906,-486.50422972373906,0.0,1.77198971812153,0.0,0.0,0.0,0.0,0.0,0.0,0.0,0.0,0.0,0.0,0.0,0.0,106.31938308729183,0.0,0.0,0.0,-336.8750865691294,311.18740343539116,-0.044299742953038256,0.0,0.0,394.32924524485105,53.159691543645906,0.0,494.9257921873389,-5.705806892350495,0.0,0.0,0.0,724.0490675273775,-979.92630980988,0.0,0.0,-401.49580755767886,0.0,0.0,0.0,0.0,0.0,0.0,0.0,0.0,0.0,0.0,0.0,0.0,0.0,0.0,0.0,0.0,0.0,0.0,-789.265202469943,0.0,0.0,494.9257921873389,0.0,54.93168126176744,0.0,0.0,156.6170627019328,614.8003164872744,-771.4173791892072,771.4173791892072,0.0,-812.5000000000005,812.5000000000005,0.0,0.0,0.0,0.0,0.0,0.0,13.644320829535776,0.17719897181215302,0.0,0.0,0.0,172.10285553358045,-172.10285553358045,0.0,0.0,0.0,0.0,1000.0,0.0,0.0,0.0,0.0,0.0,943.0311200948983,943.0311200948983,0.0,0.0,0.0,0.0,768.1678508487057,0.0,0.0,943.2083190667104,0.0,0.0,0.0,-801.9645456803834,-474.9373193017409,0.0,0.0,0.0,0.0,0.0,0.0,0.0,0.0,0.0,-1000.0,0.0,0.0,0.0,0.0,-560.276152192261,0.0,0.0,0.0,0.0,0.0,0.0,0.0,1000.0,-1000.0,0.0,0.0,0.0,0.0,0.0,0.0,0.0,0.0,-415.3874069734214,0.0,0.0,0.0,0.0,0.0,0.0,0.0,0.0,0.0,0.0,0.0,0.0,0.0,0.0,-306.1437884838901,17.205028927068042,0.0,0.0,0.0,0.0,329.62726873561655,0.0,0.0,0.0,0.0,-15.605322784256783,-820.8450359445894,0.0,0.0,0.0,0.0,0.0,0.0,0.0,0.0,0.0,0.0,441.766100643693,0.0,901.084946564556,-435.79014000457346,1000.0,0.0,-17.205028927068042,0.0,0.0,0.0,-492.1352895064414,0.0,0.0,0.0,-17.858703042468164,0.0,0.0,-1000.0,0.0,-609.202045557186,-1000.0,0.0,-609.202045557186,663.1249134308706,0.0,-129.73202975438934,0.0,0.0,164.75786262029038,0.0,0.0,0.0,684.5377632982402,0.0,-684.5377632982402,0.0,1000.0,0.0,0.0,0.0,0.0,0.0,0.0,-15.605322784256783,-0.2657984577182295,0.0,0.0,0.0,0.0,0.17719897181215302,0.0,0.0,0.0,-264.2769087306946,962.7212808828119,0.0,-267.6638717051192,51.37753401479995,474.9373193017409,1000.0,0.0,1000.0,0.0,-401.49580755767886,0.0,0.0,0.0,583.5241839670009,-1000.0,-583.5241839670009,-1000.0,-475.38275356347197,0.0,0.0,0.0,0.0,0.0,0.0,0.0,0.0,0.0,0.0,0.0,0.0,0.0,0.0,0.0,0.0,0.0,-24.61884381710219,0.0,-1000.0,0.0,0.0,0.0,0.0,766.330043961945,0.0,-13.644320829535776,0.0,0.0,0.0,0.0,715.1891189367698,0.0,-82.48425559488648,-459.76442233780415,0.0,513.4957702762609,294.11421321186833,-8.859948590607651,0.0,-253.85524701809038,82.48425559488648,93.30991427881155,-265.92108411346715,-4.4299742953038255,0.0,-1000.0,0.0,0.0,1000.0,-115.1793316778995,494.9257921873389,0.0,0.0,0.0,1000.0,0.0,688.7015238451154,0.0,0.0,0.0,0.0,-593.6451911692589,0.0,0.0,-57.146078876913975,0.0,0.0,0.0,0.0,0.0,-31.210645568513566,0.0,0.0,31.059106539477828,0.0,0.0,0.0,0.0,-801.069580671229,0.3543979436244244,0.0,0.0,0.0,0.0,0.0,0.0,0.0,0.0,0.0,0.0,0.0,0.0,0.0,0.0,0.0,0.0,0.0,0.0,0.0,0.1949188689933162,0.1949188689933162,0.0,192.97309502106086,0.0,106.31938308729183,0.0,0.0,0.0,1000.0,0.0,0.0,0.0,0.0,0.0,1000.0,-1000.0,0.0,0.0,113.41734019162897,0.0,0.0,31.059106539477828,0.0,0.0,0.0,0.0,0.0,0.0,0.0,263.0884008233143,264.2769087306946,0.0,0.0,13.644320829535776,0.0,64.7019765092345,329.62726873561655,0.0,0.0,1000.0,0.0,37.96700972052008,160.9634096082509,0.0,0.0,0.0,0.0,0.0,0.0,0.0,0.0,0.0,0.0,0.0,0.0,0.0,0.0,0.0,0.0,106.31938308729181,0.0,0.0,0.0,0.0,0.0,0.0,0.0,0.0,0.0,0.0,0.0,0.0,1.77198971812153,0.0,0.0,0.0,0.0,0.0,0.0,0.0,0.0,494.9257921873389,-113.41734019162897,0.0,0.0,0.0,0.0,0.0,0.0,0.0,0.0,0.0,1000.0,141.95109949420612,0.0,53.159691543645906,53.159691543645906,1000.0,-1000.0,0.0,31.059106539477828,0.0,0.0,0.0,0.0,0.0,979.92630980988,0.0,1000.0,0.17719897181215302,0.0,0.0,-93.7499999999998,327.7665564167782,0.0,0.0,-394.32924524485105,0.0,0.0,0.0,0.0,0.0,0.0,0.0,0.0,0.0,0.0,0.0,0.0,0.0,0.0,0.17719897181215302,0.0,0.0,0.0,0.0,0.0,0.0,0.0,0.0,0.0,0.0,0.0,0.0,0.0,-989.0254770124336,-13.289922885911665,-8.859948590607658,0.0,0.0,-62.50000000000003,-62.50000000000003,62.50000000000003,0.0,0.0,0.0,0.0,0.0,0.0,0.0,0.0,474.9373193017409,0.0,0.0,-106.31938308729184,0.0,0.0,0.0,688.5243248733033,0.0,0.0,0.17719897181215302,0.0,0.17719897181215302,0.0,0.0,0.0,106.31938308729183,216.18274561082671,216.18274561082671,0.0,0.0,0.0,0.0,0.0,0.0,0.0,0.0,0.0,0.0,0.0,0.0,598.7810154400272,0.0,0.0,0.0,0.0,0.0,0.0,0.0,0.0,0.0,0.0,0.0,0.0,0.0,0.0,329.62726873561655,0.0,-1.9529679869488064,1.9529679869488064,0.2657984577182295,0.0,0.0,0.0,-494.9257921873389,0.0,0.0,0.0,0.0,0.0,-192.97309502106086,8.859948590607651,0.0,0.0,0.0,0.0,-768.1678508487057,0.0,0.0,0.0,0.0,0.0,0.0,0.0,0.0,0.0,0.0,0.0,113.41734019162897,0.0,192.97309502106086,0.0,606.762464503098,-401.49580755767886,13.644320829535776,-13.644320829535776,0.0,0.0,0.0,-708.3180351172681,0.0,8.859948590607658,1000.0,0.0,0.0,0.0,-31.210645568513566,0.0,0.0,0.0,0.0,0.0,0.0,0.0,0.0,0.0,973.4201542281768,0.0,216.18274561082671,0.0,0.0,0.0,0.0,0.0,0.0,0.0,0.0,0.0,0.0,0.0,0.0,232.84286367879577,-234.01655641677837,-780.698379216686,0.0,53.15969154364591,0.0,0.0,0.0,0.0,-241.26876051517786,0.0,0.0,0.1949188689933162,0.0,0.0,0.0,108.09137280541333,0.0,0.0,0.0,0.0,-306.1437884838901,0.0,0.0,0.0,0.0,0.0,0.0,0.0,0.0,-1000.0,0.0,0.0177198971812153,0.0177198971812153,0.0,0.0,0.0,0.0,0.0,0.0,0.0,0.0,0.0,-93.7499999999998,0.0,0.0,0.0,0.0,0.0,192.97309502106086,0.0,0.0,0.0,0.0,0.0,0.0,0.0,0.0,0.0,0.0,0.0,0.0,0.0,795.7105320112346,-129.73202975438934,0.0,0.0,0.0,106.31938308729184,0.0,0.0,0.0,0.0,0.0,496.72008841556215,-603.039471502854,0.0,0.0,0.0,0.0,0.0,0.0,0.0,0.0,0.0,0.0,0.0,0.0,-475.38275356347197,-1000.0,720.1623111313521,-494.9257921873389,0.0,0.0,974.672360295649,0.0,0.0,0.0,0.0,0.0,0.0,0.0,0.0,0.0,0.0,0.0,0.0,0.0,0.0,0.0,0.0,0.0,-22.149871476519323,0.0,-728.4790418226813,585.4910925541158,0.0,0.0,0.0,0.0,0.0,0.0,-2.214987147651913,31.210645568513566,0.0,0.0,0.0,0.0,0.0,0.0,0.0,1000.0,53.159691543645906,53.159691543645906,0.0,0.0,0.0,0.0,0.0,0.1949188689933162,192.97309502106086,0.0,0.0,-974.672360295649,0.0,0.0,0.0,0.0,0.0,0.0,0.0,0.0,0.0,0.0,0.0,0.0,0.0,0.0,0.9764839934744032,0.0,0.0,0.0,0.0,186.05892040276066,13.644320829535776,0.0,0.0,0.0,0.0,0.0,192.97309502106086,0.0,-14.565755482958153,0.0,0.0,0.0,-22.149871476519323,0.0,0.0,0.0,0.0,0.0,0.0,0.0,0.0,0.0,0.0,0.0,0.0,0.0,0.0,0.0,0.0,0.0,0.0,-0.17719897181215302,0.0,0.0,8.859948590607651,-1000.0,0.0,0.0,0.0,0.0,0.0,0.0,0.0,0.0,-583.5241839670009,4.4299742953038255,0.0,0.0,0.0,0.17719897181215302,0.0,177.19897181215302,-54.93168126176744,35.439794362430604,1.2657069415153788,494.38513135590694,-0.13289922885911476,366.4545080589926,3.5439794362430606,-0.8859948590609399,-494.38513135590694,53.159691543645906,-0.17719897181215302,133.8319358525596,31.059106539477828,0.044299742953038256,1.2657069415153788,-401.49580755767886,-28.21007631249393,-3.5439794362430606,167.01074887157733,-0.17719897181215302,0.044299742953038256,-494.38513135590694,17.719897181215302,0.17719897181215302,0.17719897181215302,-192.6009771802554,0.19491886899336833,-138.48474163265644,-0.13289922885911476,53.159691543645906,0.17719897181215302,494.9257921873389,353.1666147376165,-0.08859948590607651,-58.523643251985845,-347.524364888644,-0.13289922885911476,-0.17719897181215302,-54.93168126176744,0.17719897181215302,17.719897181215302,-3.5439794362430606,329.62726873561655,329.62726873561655,-17.719897181215302,-167.01074887157733,-329.62726873561655,35.439794362430604,0.2657984577182295,-1000.0,17.719897181215302,-263.0884008233143,31.059106539477828,-35.439794362430604,0.08859948590607651,1.77198971812153,66.9159679262798,228.41288938349146,-0.17719897181215302,-232.84286367879577,192.6009771802554,54.93168126176744,0.17719897181215302,28.21007631249393,-623.3457602787989,31.059106539477828,-0.17719897181215302,-0.044299742953038256,-31.059106539477828,-0.17719897181215302,-801.069580671229,0.17719897181215302,-0.044299742953038256,-0.044299742953038256,-0.044299742953038256,70.87958872486121,-353.1666147376165,1.77198971812153,317.56125788928944,-0.044299742953038256,0.0,8.859948590607651,409.39473892622215,0.17719897181215302,0.08859948590607651,0.08859948590607651,33.249450450954214,54.93168126176744,0.17719897181215302,-54.93168126176744,1.77198971812153,0.17719897181215302,-690.1191971852182,0.17719897181215302,0.7087958872487583,0.8859948590609399,0.08859948590607651,0.044299742953038256,53.159691543645906,-0.17719897181215302,138.48474163265644,1.7719897181215303,-635.1225157785789,362.02453376368874,-17.719897181215302,35.439794362430604,8.859948590607651,-0.17719897181215302,401.49580755767886,0.2657984577182295,-0.17719897181215302,-66.49890090190843,54.93168126176744,580.8451516606177,0.08859948590607651,-818.7894778524443,-0.17719897181215302,-0.17719897181215302,-0.17719897181215302,0.08859948590607651,494.38513135590694,-35.439794362430604,0.17719897181215302,133.8319358525596,-0.044299742953038256,-0.19491886899336833,-133.8319358525596,26.579845771822953,347.524364888644,217.45714593440985,494.38513135590694,-0.13289922885911476,232.84286367879577,-228.41288938349146,0.17719897181215302,-0.04429974295303825,8.859948590607658,177.19897181215302,-0.08859948590607651,-0.17719897181215302,0.044299742953038256,0.0,0.0,25.599083647832156,372.5579392959288,802.6476380590085,0.0,795.54035195129,-545.8186809115125,0.0,-73.87725401520356,-40.298795635492866,-642.2022588655286,-974.3123168662618,36.93862700760178,-401.32381902950425,20.149397817746433,0.0,272.90934045575625,-192.97309502106086,-339.57639114543986,974.3123168662618,642.2022588655286,-339.57639114543986,-795.54035195129,700.5831075244367,0.0,1496.5981,bhi
114,0.0,0.0,0.0,0.0,0.0,0.0,0.0,0.0,746.216494438476,0.0,0.0,0.0,0.0,0.0,0.0,0.0,1000.0,189.09128564496484,0.0,-851.739507041751,0.0,0.0,0.0,0.0,0.0,0.0,0.0,0.0,0.0,-892.4818110909666,0.0,0.0,968.2273208995325,0.0,0.0,0.0,0.0,999.4193219156759,0.0,-1000.0,-744.7767738066555,0.0,0.0,-959.2576959507844,0.0,0.0,0.0,0.0,-800.3816555249405,0.0,0.0,-652.1211625666915,0.0,0.1596864731895522,0.0,0.0,0.0,0.0,0.0,0.0,-194.93039914831076,0.0,1000.0,805.0696008516893,0.0,0.0,0.0,0.0,728.1743015715465,-728.1743015715465,0.0,1.4516952108127135,0.0,0.0,0.0,0.0,0.0,0.0,0.0,0.0,0.0,0.0,0.0,0.0,87.10171264876281,0.0,182.1458033250876,-229.47407557121284,-284.9136528673241,0.0,-0.03629238027031784,0.0,0.0,1000.0,43.55085632438141,0.0,43.55085632438141,-254.17817173330866,770.6651723077324,0.0,0.0,7.258476054063568,-892.4818110909666,0.0,0.0,-28.56443268457118,0.0,0.0,0.0,0.0,0.0,0.0,0.0,0.0,0.0,0.0,0.0,0.0,0.0,0.0,0.0,0.0,0.0,0.0,-217.6631023068964,0.0,0.0,43.55085632438141,0.0,45.00255153519412,0.0,0.0,-951.6688256846115,951.6688256846115,0.0,0.0,-1000.0,-187.50000000000017,187.50000000000017,1000.0,0.0,0.0,0.0,0.0,0.0,193.32385644834548,0.14516952108127135,0.0,0.0,0.0,-75.84981815697556,75.84981815697556,0.0,0.0,0.0,0.0,803.4726166537785,0.0,0.0,0.0,0.0,0.0,-205.14559318941596,-205.14559318941596,0.0,0.0,0.0,0.0,969.2933452729171,0.0,0.0,-205.0004236683347,0.0,0.0,0.0,207.25911494667707,-1000.0,0.0,0.0,0.0,0.0,0.0,0.0,0.0,0.0,0.0,0.0,0.0,0.0,0.0,0.0,-1000.0,0.0,0.0,0.0,0.0,0.0,0.0,652.1211625666915,284.9136528673241,-284.9136528673241,0.0,0.0,0.0,0.0,0.0,0.0,0.0,0.0,-47.180094351413196,0.0,0.0,0.0,0.0,0.0,0.0,0.0,0.0,0.0,0.0,0.0,0.0,0.0,0.0,-45.35068814522838,40.74230404921559,0.0,0.0,0.0,0.0,106.45118176306727,0.0,0.0,0.0,0.0,-194.93039914831076,1000.0,0.0,0.0,0.0,0.0,0.0,0.0,0.0,0.0,0.0,29.03390421625427,0.0,0.0,999.7822457183781,429.95493998372984,-92.82091566213762,0.0,-40.74230404921559,0.0,0.0,0.0,508.22720598963156,0.0,0.0,0.0,-105.70356989551749,0.0,0.0,631.5863389671089,-51.36465376589979,-1000.0,682.9509927330085,0.0,-948.6353462341002,0.0,0.0,0.0,0.0,0.0,298.5717820536797,0.0,0.0,0.0,281.08478255720604,0.0,-281.08478255720604,0.0,-751.72817268576,0.0,0.0,0.0,0.0,0.0,0.0,-194.93039914831076,-0.21775428162190702,0.0,0.0,0.0,0.0,0.14516952108127135,0.0,0.0,0.0,849.9979619125513,1000.0,0.0,-19.042955123047452,1000.0,1000.0,-701.2259174822738,0.0,648.0867943256343,0.0,-28.56443268457118,0.0,0.0,0.0,-12.499095765097614,0.0,-635.5876985605366,-1000.0,-1000.0,0.0,0.0,0.0,0.0,0.0,0.0,0.0,0.0,0.0,0.0,0.0,0.0,0.0,0.0,0.0,0.0,0.0,0.0,0.0,-1000.0,0.0,0.0,249.50371315449328,0.0,0.0,0.0,-193.32385644834548,0.0,770.6651723077324,0.0,0.0,0.0,0.0,0.0,-897.4326234363763,0.0,-728.1743015715465,-1000.0,0.0,0.0,440.11693842460477,0.0,890.1741473823128,0.0,-3.629238027031784,-7.258476054063568,848.8878682703291,0.0,-1000.0,573.4513018767888,905.6398112971737,43.55085632438141,0.0,0.0,0.0,0.0,0.0,746.3616639595573,0.0,0.0,0.0,0.0,123.50252477386971,0.0,0.0,0.0,0.0,0.0,0.0,0.0,0.0,-25.569191646446313,0.0,0.0,0.0,0.0,0.0,0.0,0.0,-88.9015444696098,0.2903390421634242,0.0,0.0,0.0,0.0,0.0,0.0,0.0,0.0,0.0,0.0,0.0,0.0,0.0,0.0,0.0,0.0,0.0,0.0,0.0,0.1596864731895522,0.1596864731895522,0.0,0.0,0.0,87.10171264876281,0.0,0.0,0.0,-119.894611065145,0.0,87.26381954632579,182.1458033250876,0.0,0.0,1000.0,119.894611065145,0.0,0.0,0.0,0.0,0.0,0.0,0.0,0.0,0.0,0.0,0.0,0.0,0.0,72.55436743563213,-849.9979619125513,0.0,0.0,193.32385644834548,0.0,441.9791400249976,558.0208599750024,451.56967821193507,0.0,1000.0,0.0,911.0984555303902,0.0,0.0,0.0,0.0,0.0,0.0,0.0,0.0,0.0,0.0,0.0,0.0,0.0,0.0,0.0,0.0,0.0,87.10171264876281,0.0,0.0,0.0,0.0,0.0,0.0,0.0,0.0,0.0,0.0,0.0,0.0,1.4516952108127135,0.0,0.0,182.1458033250876,-182.1458033250876,0.0,652.1211625666915,0.0,0.0,43.55085632438141,0.0,0.0,0.0,0.0,0.0,0.0,0.0,0.0,0.0,0.0,859.2667699976591,0.0,0.0,43.55085632438141,43.55085632438141,1000.0,119.894611065145,0.0,0.0,0.0,0.0,0.0,0.0,0.0,892.4818110909666,0.0,1000.0,0.14516952108127135,0.0,0.0,-692.0019908360688,883.7190819268992,0.0,0.0,-1000.0,0.0,0.0,0.0,0.0,0.0,0.0,0.0,0.0,0.0,0.0,0.0,0.0,0.0,0.0,0.14516952108127135,0.0,0.0,0.0,273.20266515421247,-273.20266515421247,0.0,0.0,0.0,0.0,0.0,826.8450290138802,0.0,0.0,-1000.0,-10.887714081095352,0.0,-7.258476054063573,0.0,0.0,0.0,0.0,0.0,0.0,0.0,0.0,0.0,0.0,0.0,0.0,1000.0,0.0,0.0,-87.10171264876281,0.0,0.0,0.0,746.216494438476,0.0,0.0,0.14516952108127135,0.0,0.14516952108127135,0.0,0.0,0.0,87.10171264876281,177.10681571915106,177.10681571915106,0.0,0.0,0.0,0.0,0.0,0.0,0.0,0.0,0.0,0.0,0.0,0.0,0.0,0.0,0.0,0.0,0.0,0.0,0.0,0.0,0.0,0.0,0.0,0.0,0.0,0.0,0.0,106.45118176306727,0.0,0.0,0.0,0.21775428162190702,0.0,0.0,0.0,-43.55085632438141,0.0,0.0,0.0,0.0,0.0,0.0,7.258476054063568,0.0,0.0,0.0,0.0,-969.2933452729171,-86.33724223142646,-7.258476054063573,0.0,0.0,0.0,0.0,0.0,0.0,0.0,0.0,0.0,0.0,-483.56950391645,0.0,0.0,970.9660957837457,-28.56443268457118,0.0,-279.66109867977195,770.6651723077324,-491.00407362796045,0.0,331.1203902704805,0.0,7.258476054063573,1000.0,0.0,0.0,0.0,-389.8607982966215,0.0,0.0,0.0,0.0,0.0,0.0,0.0,0.0,0.0,10.887714081095352,-32.663142243286316,177.10681571915106,0.0,0.0,0.0,0.0,0.0,0.0,0.0,0.0,0.0,0.0,0.0,0.0,0.0,-191.71709109083042,-1000.0,0.0,43.55085632438141,182.1458033250876,0.0,0.0,0.0,-267.62068693188246,0.0,0.0,0.1596864731895522,0.0,0.0,0.0,88.55340785957553,0.0,0.0,0.0,0.0,-45.35068814522838,0.0,0.0,0.0,0.0,0.0,0.0,0.0,0.0,-284.71626646642994,0.0,0.014516952108127135,0.014516952108127135,0.0,0.0,0.0,0.0,0.0,0.0,0.0,0.0,0.0,-692.0019908360688,0.0,0.0,0.0,0.0,0.0,0.0,0.0,0.0,0.0,0.0,0.0,0.0,0.0,0.0,0.0,0.0,0.0,364.2916066501752,1000.0,0.0,189.09128564496484,0.0,0.0,0.0,87.10171264876281,0.0,0.0,0.0,0.0,0.0,0.0,-87.10171264876281,0.0,364.2916066501752,0.0,0.0,0.0,0.0,0.0,0.0,0.0,0.0,0.0,0.0,-1000.0,-1000.0,99.44112194067091,-778.0851629041983,734.534306579817,0.0,999.4193219156759,0.0,0.0,0.0,0.0,0.0,0.0,0.0,0.0,0.0,0.0,0.0,0.0,0.0,0.0,0.0,0.0,0.0,-18.146190135158925,0.0,-10.887714081095352,21.775428162190906,0.0,0.0,0.0,0.0,0.0,0.0,-1.8146190135158924,25.569191646446313,0.0,0.0,0.0,0.0,0.0,0.0,0.0,1000.0,43.55085632438141,43.55085632438141,0.0,0.0,0.0,0.0,0.0,0.1596864731895522,0.0,0.0,0.0,-999.4193219156759,0.0,0.0,0.0,0.0,0.0,0.0,0.0,0.0,0.0,0.0,0.0,0.0,0.0,0.0,0.0,0.0,0.0,0.0,0.0,152.42799713533492,193.32385644834548,0.0,0.0,0.0,0.0,0.0,0.0,0.0,81.66278365261108,0.0,0.0,0.0,-18.146190135158925,0.0,0.0,0.0,0.0,0.0,0.0,0.0,0.0,0.0,0.0,0.0,0.0,0.0,0.0,0.0,0.0,0.0,0.0,-0.14516952108127135,0.0,0.0,7.258476054063568,-1000.0,0.0,0.0,0.0,0.0,0.0,0.0,0.0,0.0,12.499095765097614,3.629238027031784,0.0,0.0,0.0,0.14516952108127135,0.0,145.16952108127134,-45.00255153519412,29.03390421625427,1.0369251505805097,405.0229638167471,-0.10887714081095351,7.258476054063477,2.9033904216254274,-0.7258476054053062,-405.0229638167471,43.55085632438141,-0.14516952108127135,9.521477561523726,0.0,0.03629238027031784,1.0369251505805097,-28.56443268457118,-205.25679108122443,-2.9033904216254274,-337.3517786032138,-0.14516952108127135,0.03629238027031784,-405.0229638167471,321.71532074961084,0.14516952108127135,0.14516952108127135,0.30485599427082355,-181.9861168518982,-1000.0,-0.10887714081095351,43.55085632438141,0.14516952108127135,43.55085632438141,-72.58476054063567,-0.07258476054063567,253.65624871536392,-121.11330339227567,-0.10887714081095351,-0.14516952108127135,-45.00255153519412,0.14516952108127135,14.516952108127136,-2.9033904216254274,106.45118176306727,106.45118176306727,-14.516952108127157,337.3517786032138,-106.45118176306727,29.03390421625427,0.21775428162190702,-1000.0,14.516952108127136,-72.55436743563213,0.0,-29.03390421625427,0.07258476054063567,1.4516952108127135,4.760738780761863,29.03390421625427,-0.14516952108127135,-32.663142243286316,-0.30485599427082355,45.00255153519412,0.14516952108127135,205.25679108122443,-481.4017939390095,0.0,-0.14516952108127135,-0.03629238027031784,0.0,-0.14516952108127135,-88.90154446960979,0.14516952108138526,-0.03629238027031784,-0.03629238027031784,-0.03629238027031784,58.06780843250854,72.58476054063567,1.4516952108127135,107.55246893108472,-0.03629238027031784,0.0,7.258476054063568,51.709248288868466,0.14516952108127135,0.07258476054063567,0.07258476054063567,14.516952108127136,45.00255153519412,0.14516952108127135,-45.00255153519412,1.4516952108127135,0.14516952108127135,-107.55246893108472,0.14516952108127135,0.5806780843240631,0.7258476054053062,0.07258476054063567,0.03629238027031784,43.55085632438141,-0.14516952108127135,1000.0,1.4516952108127137,-215.10493786216944,3.6292380270318745,-14.516952108127136,29.03390421625427,7.258476054063568,-0.14516952108127135,28.56443268457118,0.21775428162190702,-0.14516952108127135,-29.03390421625427,45.00255153519412,488.2331440437108,0.07258476054063567,-103.41849657773693,-0.14516952108127135,-0.14516952108138526,-0.14516952108127135,0.07258476054063567,405.0229638167471,-29.03390421625427,0.14516952108127135,9.521477561523726,-0.03629238027031784,181.9861168518982,-9.521477561523726,21.7754281621907,121.11330339227567,-18.16590939286668,405.0229638167471,-0.10887714081095351,32.663142243286316,-29.03390421625427,0.14516952108127135,-0.03629238027031784,7.258476054063573,145.16952108127134,-0.07258476054063567,-0.14516952108127135,0.03629238027031784,931.5009277057723,0.0,999.9274152394594,0.0,350.74605329889397,0.0,900.019060166394,-1000.0,307.1983686414837,65.28954682027988,-123.97199630555278,-1000.0,0.0,-32.64477341013994,-175.37302664944698,61.98599815277639,-307.1983686414837,500.0,0.0,-220.61245711182838,0.0,1000.0,-220.61245711182838,-900.019060166394,683.4519509986382,0.0,1496.5981,bhi
115,0.0,0.0,0.0,0.0,0.0,0.0,0.0,0.0,-0.1461288089512673,0.0,0.0,0.0,0.0,0.0,0.0,0.0,525.5401495616376,-0.10290289328372637,0.0,0.0,0.0,0.0,0.0,0.0,0.0,131.12267968855812,0.0,0.0,0.0,623.5595969064009,0.0,0.0,100.86099313277748,0.0,0.0,0.0,0.0,-23.05618712351565,0.0,-1000.0,956.1613573146199,0.0,0.0,527.4165638188368,0.0,0.0,408.55017940669586,0.0,-1000.0,0.0,0.0,51.080299123275154,0.0,0.16074168984664539,0.0,0.0,0.0,29.22576179025346,0.0,0.0,218.37236340838382,0.0,0.0,-475.35195814168884,0.0,0.0,0.0,0.0,693.7243215500727,0.0,0.0,1.4612880895126732,0.0,0.0,0.0,0.0,0.0,0.0,0.0,64.67970323680682,0.0,0.0,0.0,0.0,87.67728537076039,0.0,0.0,629.8362947147417,714.4302430352958,-293.2891415200461,-0.03653220223781683,0.0,0.0,687.5000000001039,43.838642685380194,0.0,43.838642685380194,-4.705347648227672,0.0,0.0,0.0,7.306440447563365,623.5595969064009,0.0,0.0,-445.46509020656293,0.0,240.08255418091878,0.0,0.0,0.0,0.0,0.0,0.0,0.0,0.0,0.0,0.0,0.0,0.0,0.0,0.0,0.0,0.0,-1000.0,0.0,0.0,43.838642685380194,0.0,45.29993077489286,0.0,0.0,1000.0,-356.4718729934587,-643.5281270065414,643.5281270065414,-1000.0,1000.0,-1000.0,306.27567844992734,0.0,0.0,0.0,0.0,0.0,11.251918289247628,0.1461288089512673,0.0,0.0,0.0,0.0,-1000.0,0.0,0.0,0.0,0.0,1000.0,0.0,0.0,0.0,0.0,0.0,591.5959494022554,591.5959494022554,0.0,0.0,0.0,0.0,993.1854845859518,0.0,0.0,591.7420782112067,0.0,0.0,0.0,-1000.0,-446.43765895727256,0.0,0.0,0.0,0.0,0.0,0.0,0.0,0.0,0.0,-229.0719311526111,0.0,0.0,0.0,0.0,-1000.0,0.0,0.0,0.0,0.0,0.0,0.0,-51.080299123275154,-421.1411015152497,421.1411015152497,0.0,0.0,0.0,0.0,0.0,0.0,0.0,0.0,-257.536963684459,0.0,0.0,0.0,0.0,0.0,0.0,0.0,0.0,0.0,0.0,0.0,0.0,0.0,0.0,253.76945540503175,-98.01944734476331,0.0,0.0,0.0,0.0,397.316569305174,0.0,0.0,0.0,0.0,218.37236340838382,-625.4360111636001,0.0,0.0,0.0,0.0,0.0,0.0,0.0,0.0,0.0,0.0,0.0,0.0,-135.57134455054552,1000.0,-842.3851059237832,0.0,98.01944734476331,0.0,0.0,693.7243215500727,1000.0,0.0,0.0,0.0,-245.9687889788288,0.0,0.0,-55.82827920591521,944.1717207940848,0.0,-1000.0,0.0,-944.1717207940848,293.2891415200461,0.0,0.0,0.0,0.0,10.382807668861744,0.0,0.0,0.0,-353.5478052415235,0.0,353.5478052415235,0.0,1000.0,693.7243215500727,0.0,0.0,0.0,0.0,0.0,218.37236340838382,-0.21919321342690096,0.0,0.0,0.0,0.0,0.1461288089512673,0.0,0.0,0.0,558.8447880094459,525.5401495616376,0.0,-296.9767268043753,-13.315948704585935,446.43765895727256,1000.0,0.0,112.67992458232243,0.0,-445.46509020656293,0.0,0.0,0.0,887.3200754176776,0.0,-1000.0,-1000.0,-1000.0,0.0,0.0,0.0,0.0,0.0,0.0,0.0,0.0,0.0,0.0,0.0,0.0,0.0,0.0,0.0,0.0,0.0,771.8678082193819,0.0,794.3394801070924,0.0,0.0,0.0,0.0,0.0,0.0,-11.251918289247628,0.0,0.0,0.0,0.0,0.0,0.0,1000.0,-7.306440447563365,-3.6532202237816827,-693.7243215500727,-1000.0,0.0,-126.30720221037404,29.642995089110727,-1000.0,0.0,0.0,0.0,-7.306440447563365,934.7426387871915,0.0,0.0,887.5231996915288,-220.76381849839703,43.838642685380194,0.0,0.0,0.0,0.0,0.0,0.0,0.0,0.0,0.0,0.0,-583.7606715836905,0.0,0.0,0.0,0.0,0.0,0.0,0.0,0.0,-256.979594733305,0.0,0.0,0.0,0.0,0.0,0.0,0.0,-790.0691872803484,0.2922576179026841,0.0,0.0,0.0,0.0,0.0,0.0,0.0,0.0,0.0,0.0,0.0,0.0,0.0,0.0,0.0,0.0,0.0,0.0,0.0,0.16074168984664539,0.16074168984664539,0.0,128.84937146217206,0.0,87.67728537076039,0.0,0.0,0.0,1000.0,0.0,0.0,0.0,0.0,0.0,648.4327044845916,-1000.0,0.0,0.0,0.0,0.0,0.0,0.0,0.0,0.0,0.0,0.0,0.0,0.0,0.0,333.3333333333333,-558.8447880094459,1000.0,0.0,11.251918289247628,0.0,0.0,687.5000000001039,290.1834306949299,0.0,648.4327044845916,0.0,347.75309925056877,-489.38958204632564,-1000.0,1000.0,0.0,0.0,0.0,0.0,0.0,0.0,0.0,0.0,0.0,0.0,0.0,0.0,0.0,0.0,87.67728537076039,693.7243215500727,693.7243215500727,0.0,0.0,0.0,0.0,0.0,0.0,0.0,0.0,0.0,0.0,1.4612880895126732,0.0,0.0,0.0,0.0,0.0,-51.080299123275154,0.0,0.0,43.838642685380194,0.0,0.0,0.0,0.0,0.0,0.0,0.0,0.0,0.0,0.0,1000.0,0.0,0.0,43.838642685380194,43.838642685380194,1000.0,-1000.0,0.0,0.0,0.0,0.0,0.0,0.0,0.0,752.2046009092803,0.0,1000.0,0.1461288089512673,0.0,0.0,-435.14193159896297,628.1258993632473,0.0,0.0,-687.5000000001039,0.0,-693.7243215500727,0.0,0.0,0.0,0.0,0.0,0.0,0.0,0.0,0.0,0.0,0.0,0.0,0.1461288089512673,0.0,0.0,0.0,-968.7005500604648,968.7005500604648,0.0,0.0,0.0,0.0,-11.251918289247628,0.0,0.0,0.0,22.4716718877105,-10.959660671345048,-0.6826121985296657,-6.6238282490337,0.0,0.0,0.0,0.0,0.0,0.0,0.0,0.0,0.0,0.0,0.0,693.7243215500727,446.43765895727256,0.0,0.0,-213.45737805083365,0.0,0.0,0.0,-0.1461288089512673,0.0,0.0,0.1461288089512673,0.0,0.1461288089512673,0.0,0.0,0.0,87.67728537076039,178.2771469205461,178.2771469205461,0.0,0.0,0.0,0.0,0.0,0.0,0.0,1000.0,0.0,0.0,0.0,0.0,0.0,899.9017658683819,0.0,0.0,0.0,0.0,0.0,0.0,0.0,0.0,0.0,0.0,0.0,0.0,0.0,397.316569305174,0.0,-131.12267968855812,131.12267968855812,0.21919321342690096,0.0,0.0,0.0,-43.838642685380194,0.0,0.0,0.0,0.0,0.0,-128.84937146217206,7.306440447563365,0.0,0.0,0.0,0.0,-993.1854845859518,0.0,-6.6238282490337,0.0,0.0,0.0,0.0,0.0,0.0,0.0,693.7243215500727,0.0,0.0,1000.0,128.84937146217206,0.0,760.7291374344494,-445.46509020656293,0.0,0.0,0.0,0.0,0.0,821.7228530794539,0.0,7.306440447563365,1000.0,0.0,567.9442288699994,0.0,-256.979594733305,0.0,0.0,0.0,0.0,0.0,0.0,0.0,0.0,0.0,318.21050461288405,-111.05789480296312,178.2771469205461,0.0,562.5,562.5,-562.5,0.0,0.0,0.0,0.0,0.0,0.0,0.0,0.0,50.670458673244184,-192.98396776428433,858.6572037112787,0.0,43.838642685380194,0.0,0.0,0.0,0.0,-227.8417126216199,0.0,0.0,0.16074168984664539,0.0,0.0,0.0,89.13857346027305,0.0,0.0,0.0,0.0,253.76945540503175,0.0,0.0,0.0,0.0,0.0,0.0,0.0,0.0,-602.683430694826,0.0,0.014612880895126744,0.014612880895126744,0.0,0.0,0.0,0.0,0.0,0.0,0.0,0.0,0.0,-435.14193159896297,0.0,0.0,0.0,0.0,0.0,128.84937146217206,0.0,0.0,0.0,0.0,0.0,0.0,0.0,0.0,0.0,0.0,0.0,0.0,0.0,0.0,-0.10290289328372637,0.0,0.0,0.0,87.67728537076039,0.0,0.0,0.0,0.0,0.0,0.0,-87.67728537076039,0.0,0.0,0.0,0.0,0.0,0.0,0.0,0.0,0.0,0.0,0.0,0.0,-1000.0,375.76419781568126,1000.0,-43.838642685380194,0.0,0.0,-23.05618712351565,0.0,0.0,0.0,0.0,0.0,0.0,0.0,0.0,0.0,0.0,0.0,0.0,0.0,0.0,0.0,0.0,0.0,-18.266101118908413,693.7243215500727,-10.959660671345048,1000.0,0.0,0.0,0.0,0.0,0.0,-1000.0,998.1733898881091,256.979594733305,0.0,0.0,0.0,0.0,0.0,0.0,0.0,1000.0,43.838642685380194,43.838642685380194,0.0,0.0,0.0,0.0,64.67970323680682,0.16074168984664539,128.84937146217206,0.0,0.0,23.05618712351565,0.0,0.0,0.0,0.0,0.0,0.0,0.0,0.0,0.0,0.0,0.0,0.0,0.0,0.0,0.0,0.0,0.0,0.0,0.0,153.43524939883068,11.251918289247628,0.0,0.0,0.0,0.0,0.0,128.84937146217206,0.0,-5.3879598467573375,0.0,0.0,0.0,-18.266101118908413,0.0,0.0,0.0,0.0,0.0,0.0,0.0,0.0,0.0,0.0,0.0,0.0,0.0,0.0,0.0,0.0,0.0,0.0,-0.1461288089512673,0.0,0.0,7.306440447563365,-648.4327044845916,0.0,0.0,0.0,0.0,693.7243215500727,0.0,0.0,0.0,-887.3200754176776,3.6532202237816827,0.0,0.0,131.12267968855812,0.1461288089512673,0.0,146.1288089512673,-45.29993077489286,29.22576179025346,1.0437772067947664,407.6993769740357,-0.10959660671345048,7.306440447563365,2.9225761790253464,-0.7306440447564166,-407.6993769740357,43.838642685380194,-0.1461288089512673,148.48836340218764,0.0,0.03653220223781683,1.0437772067947664,-445.46509020656293,-23.263706385038667,-2.9225761790253464,-525.4372466683539,-0.1461288089512673,0.03653220223781683,-407.6993769740357,239.79029656301626,0.1461288089512673,0.1461288089512673,-128.54250096337415,0.16074168984639406,0.0,-0.10959660671345048,43.838642685380194,0.1461288089512673,43.838642685380194,-73.06440447563365,-0.07306440447563366,-109.06981958687413,-412.075579009252,-0.10959660671345048,-0.1461288089512673,-45.29993077489286,0.1461288089512673,14.61288089512673,-2.9225761790253464,397.316569305174,397.316569305174,-14.612880895126722,525.4372466683539,-397.316569305174,29.22576179025346,0.21919321342690096,-1000.0,14.61288089512673,-333.3333333333333,0.0,-29.22576179025346,0.07306440447563366,1.4612880895126732,74.24418170109382,158.07513325242553,-0.1461288089512673,-161.7283534762073,128.54250096337415,45.29993077489286,0.1461288089512673,23.263706385038667,-400.53198640941025,0.0,-0.1461288089512673,-0.03653220223781683,0.0,-0.1461288089512673,-790.0691872803484,0.14612880895129574,-0.03653220223781683,-0.03653220223781683,-0.03653220223781683,58.45152358050692,73.06440447563365,1.4612880895126732,292.0647610211176,-0.03653220223781683,0.0,7.306440447563365,402.34103408773757,0.1461288089512673,0.07306440447563366,0.07306440447563366,-332.2492798799096,45.29993077489286,0.1461288089512673,-45.29993077489286,1.4612880895126732,0.1461288089512673,-659.6679203998276,0.1461288089512673,0.5845152358051502,0.7306440447564166,0.07306440447563366,0.03653220223781683,43.838642685380194,-0.1461288089512673,0.0,1.4612880895126732,-584.1295220422352,3.653220223781683,-14.61288089512673,29.22576179025346,7.306440447563365,-0.1461288089512673,445.46509020656293,0.21919321342690096,-0.1461288089512673,664.4985597598192,45.29993077489286,676.3488345883735,0.07306440447563366,-804.6820681754751,-0.1461288089512673,-0.14612880895129574,-0.1461288089512673,0.07306440447563366,407.6993769740357,-29.22576179025346,0.1461288089512673,148.48836340218764,-0.03653220223781683,-0.16074168984639406,-148.48836340218764,21.919321342690093,412.075579009252,445.0781331376361,407.6993769740357,-0.10959660671345048,161.7283534762073,-158.07513325242553,0.1461288089512673,-0.03653220223781682,7.306440447563365,146.1288089512673,-0.07306440447563366,-0.1461288089512673,0.03653220223781683,1000.0,0.0,999.9269355955244,367.60315937871,-1000.0,0.0,-5.945300535611331,-549.5555300171636,225.17741566788953,160.91252395614003,1000.0,210.0451007752971,0.0,-80.45626197807002,500.0,-500.0,-225.17741566788953,274.7777650085818,-128.84937146217206,-448.50712196675363,0.0,-210.0451007752971,-448.50712196675363,5.945300535611331,189.98690248933607,0.0,1496.5981,bhi
116,0.0,0.0,0.0,0.0,0.0,0.0,0.0,0.0,-0.13513640384017334,0.0,0.0,0.0,0.0,0.0,0.0,0.0,-177.3176289547041,567.9443858817535,0.0,0.0,0.0,0.0,0.0,617.2660365520218,0.0,0.0,0.0,0.0,0.0,-1000.0,0.0,0.0,0.0,0.0,0.0,0.0,0.0,692.1476688351524,0.0,-1000.0,959.459078847948,0.0,0.0,789.1578391297713,0.0,0.0,0.0,0.0,388.1597898249328,0.0,0.0,0.0,0.0,0.14865004422421063,0.0,0.0,0.0,27.027280768034668,0.0,0.0,276.63582187776734,0.0,0.0,-588.9746816501083,0.0,0.0,0.0,0.0,199.60378276579206,612.6990665940632,0.0,1.3513640384017336,0.0,0.0,0.0,0.0,0.0,0.0,0.0,0.0,0.0,0.0,0.0,0.0,81.08184230410401,0.0,0.0,-674.2490330270379,-112.44183900061684,0.0,-0.033784100960043334,0.0,0.0,-847.8751746842158,40.54092115205201,0.0,40.54092115205201,-4.351392203653177,0.0,0.0,0.0,6.756820192008667,-1000.0,0.0,0.0,-394.4043332934451,0.0,0.0,0.0,0.0,0.0,0.0,0.0,0.0,0.0,0.0,0.0,0.0,0.0,0.0,0.0,0.0,0.0,0.0,-1000.0,0.0,0.0,40.54092115205201,0.0,41.89228519045375,0.0,0.0,-39.93298414174221,39.93298414174221,0.0,0.0,-865.6105035278756,0.0,0.0,0.0,0.0,0.0,0.0,0.0,0.0,10.405503095693346,0.13513640384017334,0.0,0.0,0.0,-1000.0,243.19370430082142,0.0,0.0,0.0,0.0,968.1735294898375,0.0,0.0,0.0,0.0,0.0,626.9680437557191,626.9680437557191,0.0,0.0,0.0,468.75,1000.0,0.0,0.0,627.1031801595593,0.0,0.0,0.0,-1000.0,-746.2306937006691,0.0,0.0,0.0,0.0,0.0,0.0,0.0,0.0,0.0,-1000.0,0.0,0.0,0.0,0.0,0.0,0.0,0.0,0.0,0.0,0.0,0.0,0.0,112.44183900061684,-112.44183900061684,0.0,0.0,0.0,0.0,0.0,0.0,0.0,0.0,-1000.0,0.0,0.0,0.0,0.0,0.0,0.0,0.0,0.0,0.0,0.0,0.0,0.0,0.0,0.0,-155.84190451044176,789.1578391297713,0.0,0.0,0.0,865.6105035278756,467.13297222554627,0.0,0.0,0.0,0.0,276.63582187776734,0.0,0.0,0.0,0.0,0.0,0.0,0.0,0.0,0.0,0.0,0.0,0.0,0.0,-177.52033356046437,-402.4040115616981,-173.64740420148811,0.0,-789.1578391297713,0.0,0.0,865.6105035278756,0.0,0.0,0.0,0.0,-302.1563317429841,0.0,0.0,143.32294103425647,-26.554877057743163,0.0,92.89821627527851,76.97960181672136,-50.42472475897819,0.0,0.0,966.4754680844754,0.0,0.0,-90.10240551146256,0.0,0.0,0.0,0.0,0.0,0.0,0.0,828.7067199352945,0.0,865.6105035278756,920.603813616317,468.75,0.0,0.0,276.63582187776734,-0.20270460576026,0.0,0.0,0.0,0.0,0.13513640384017334,0.0,0.0,0.0,-507.6738933775983,-177.3176289547041,0.0,-262.9362221956301,-538.9340476169391,746.2306937006691,1000.0,0.0,-562.8804738447194,0.0,-394.4043332934451,0.0,0.0,0.0,-11.635244370638942,574.5157182153583,0.0,834.8882104628946,-1000.0,0.0,0.0,0.0,0.0,0.0,0.0,0.0,0.0,0.0,0.0,0.0,0.0,0.0,0.0,0.0,0.0,0.0,-307.3117855494866,0.0,-1000.0,0.0,0.0,0.0,0.0,0.0,0.0,-10.405503095693346,0.0,0.0,0.0,0.0,0.0,-937.5000000000005,146.48844853882852,0.0,0.0,163.38049901885006,-1000.0,0.0,0.0,-181.9611677707934,-146.48844853882852,-6.756820192008667,1000.0,-3.3784100960043335,-6.756820192008667,0.0,0.0,-1000.0,1000.0,-6.756820192008667,40.54092115205201,0.0,0.0,0.0,0.0,0.0,0.0,0.0,0.0,0.0,0.0,85.2242596591856,0.0,0.0,-201.87381258341554,0.0,0.0,0.0,0.0,0.0,-312.3388597723409,0.0,0.0,0.0,0.0,0.0,0.0,0.0,-953.1891213616724,0.27027280768049877,0.0,0.0,0.0,0.0,0.0,0.0,0.0,0.0,0.0,812.3028493598553,0.0,0.0,0.0,0.0,0.0,0.0,0.0,0.0,0.0,0.14865004422421063,0.14865004422421063,0.0,119.69055696762939,0.0,81.08184230410401,0.0,0.0,0.0,1000.0,0.0,212.7312045161645,0.0,0.0,0.0,1000.0,-1000.0,0.0,0.0,0.0,0.0,0.0,0.0,0.0,0.0,0.0,0.0,0.0,0.0,0.0,333.3333333333333,507.6738933775983,756.8062956991786,0.0,10.405503095693346,0.0,-315.0081469097621,-532.8670277744537,-1000.0,0.0,1000.0,0.0,48.42700263449501,-1.6161239961674028,1000.0,-1000.0,0.0,0.0,0.0,0.0,0.0,0.0,0.0,0.0,0.0,0.0,0.0,0.0,0.0,0.0,81.08184230410401,865.6105035278756,865.6105035278756,0.0,0.0,0.0,0.0,0.0,0.0,0.0,0.0,0.0,0.0,1.3513640384017336,0.0,0.0,0.0,0.0,0.0,0.0,0.0,0.0,40.540921152051965,0.0,0.0,0.0,0.0,0.0,0.0,0.0,0.0,0.0,0.0,641.4554528394128,0.0,0.0,40.54092115205201,40.54092115205201,1000.0,-1000.0,0.0,0.0,0.0,0.0,0.0,0.0,0.0,-834.8882104628946,0.0,-531.0426736719083,0.13513640384017334,0.0,0.0,178.46692647149752,0.0,0.0,0.0,847.8751746842158,0.0,0.0,0.0,0.0,0.0,0.0,0.0,0.0,0.0,0.0,0.0,0.0,0.0,0.0,0.13513640384017334,0.0,0.0,0.0,960.6564001468253,-960.6564001468253,0.0,0.0,0.0,0.0,0.0,-10.405503095693346,0.0,0.0,-692.6882144505134,-10.135230288013002,0.0,-6.756820192008667,0.0,0.0,0.0,0.0,0.0,0.0,0.0,0.0,0.0,0.0,0.0,865.6105035278756,746.2306937006691,0.0,0.0,-1000.0,0.0,0.0,0.0,-0.13513640384017334,0.0,0.0,0.13513640384017334,0.0,0.13513640384017334,0.0,0.0,0.0,81.08184230410401,164.86641268501148,164.86641268501148,0.0,0.0,0.0,0.0,0.0,0.0,0.0,756.8062956991786,0.0,0.0,0.0,0.0,0.0,0.0,0.0,0.0,0.0,0.0,0.0,0.0,0.0,0.0,0.0,0.0,0.0,0.0,0.0,467.13297222554627,0.0,0.0,0.0,0.20270460576026,0.0,0.0,0.0,-40.54092115205201,0.0,0.0,0.0,0.0,0.0,-119.69055696762939,6.756820192008667,0.0,0.0,0.0,-468.75,-1000.0,10.405503095693346,-6.756820192008667,0.0,0.0,0.0,0.0,0.0,0.0,0.0,865.6105035278756,0.0,0.0,1000.0,119.69055696762939,0.0,16.89205048002167,-394.4043332934451,0.0,0.0,0.0,0.0,0.0,-164.86641268501148,0.0,6.756820192008667,474.77885283478133,0.0,0.0,0.0,-312.3388597723409,437.5000000000004,-437.5000000000004,-937.5000000000559,937.5000000000559,0.0,0.0,0.0,0.0,0.0,979.7295394239741,0.0,164.86641268501148,0.0,812.5,812.5,-812.5,0.0,0.0,0.0,0.0,0.0,0.0,0.0,0.0,150.0962478316683,-990.7697758313527,0.0,0.0,40.54092115205201,0.0,0.0,0.0,0.0,-297.73021820927096,0.0,0.0,0.14865004422421063,0.0,0.0,0.0,82.43320634250574,0.0,0.0,0.0,0.0,-155.84190451044176,0.0,0.0,0.0,0.0,0.0,0.0,0.0,0.0,0.0,0.0,0.013513640384017332,0.013513640384017332,0.0,0.0,0.0,0.0,0.0,0.0,0.0,0.0,0.0,178.46692647149752,0.0,0.0,0.0,0.0,0.0,119.69055696762939,0.0,0.0,0.0,0.0,0.0,0.0,0.0,0.0,0.0,0.0,0.0,0.0,0.0,1000.0,567.9443858817535,0.0,0.0,0.0,81.08184230410401,0.0,0.0,0.0,0.0,0.0,-81.08184230410401,0.0,0.0,0.0,0.0,0.0,0.0,0.0,0.0,0.0,0.0,0.0,0.0,0.0,531.0426736719083,-1000.0,92.56843663051873,-1000.0,959.459078847948,0.0,692.1476688351524,0.0,0.0,0.0,0.0,0.0,0.0,0.0,0.0,0.0,0.0,0.0,0.0,0.0,0.0,0.0,0.0,0.0,-16.89205048002167,865.6105035278756,-10.135230288013002,-10.135230288012904,0.0,0.0,0.0,0.0,0.0,0.0,-1.689205048002167,312.3388597723409,0.0,0.0,0.0,0.0,0.0,0.0,0.0,1000.0,40.54092115205201,40.54092115205201,0.0,0.0,0.0,0.0,0.0,0.14865004422421063,119.69055696762939,0.0,0.0,-692.1476688351524,0.0,0.0,0.0,0.0,0.0,0.0,0.0,0.0,0.0,0.0,0.0,0.0,0.0,0.0,0.0,0.0,0.0,0.0,0.0,141.89322403218202,0.0,0.0,10.405503095693346,0.0,0.0,0.0,119.69055696762939,0.0,-14.756895299346523,0.0,0.0,0.0,-16.89205048002167,0.0,0.0,0.0,0.0,0.0,0.0,0.0,0.0,0.0,0.0,0.0,0.0,0.0,0.0,0.0,0.0,0.0,0.0,-0.13513640384017334,0.0,0.0,6.756820192008667,-1000.0,0.0,0.0,0.0,0.0,865.6105035278756,0.0,0.0,0.0,11.635244370638942,3.3784100960043335,0.0,0.0,0.0,0.13513640384017334,0.0,135.13640384017333,-41.89228519045374,27.02728076803467,0.9652600274298095,377.0305667140837,-0.10135230288013,6.756820192008667,2.702728076803467,-0.6756820192011901,-377.0305667140837,40.54092115205201,-0.13513640384017334,131.46811109781504,0.0,0.033784100960043334,0.9652600274298095,-394.4043332934451,-21.51371549135519,-2.702728076803467,-390.6267569270494,-0.13513640384017334,0.033784100960043334,-377.0305667140837,13.513640384017334,0.13513640384017334,0.13513640384017334,-119.406770519565,0.14865004422419067,-164.38045477478215,-0.10135230288013,40.54092115205201,0.13513640384017334,40.540921152051965,-67.56820192008668,-0.06756820192008667,-14.984408128165114,-480.7817490134038,-0.10135230288013,-0.1351364038401734,-41.89228519045374,0.13513640384017334,13.513640384017334,-2.702728076803467,467.13297222554627,467.13297222554627,-13.513640384017334,390.6267569270494,-467.13297222554627,27.027280768034668,0.20270460576026,-1000.0,13.513640384017334,-333.3333333333333,0.0,-27.027280768034668,0.06756820192008667,1.3513640384017336,65.73405554890752,146.71783773566406,-0.13513640384017334,-150.0962478316683,119.406770519565,41.89228519045375,0.13513640384017334,21.51371549135519,-162.1636846082079,0.0,-0.13513640384017334,-0.033784100960043334,0.0,-0.13513640384017334,-953.1891213616724,0.13513640383993886,-0.033784100960043334,-0.033784100960043334,-0.033784100960043334,54.054561536069336,67.56820192008668,1.3513640384017336,100.11918319508828,-0.033784100960043334,0.0,6.756820192008667,483.35138087284486,0.13513640384017334,0.06756820192008667,0.06756820192008667,-419.2916113799205,41.89228519045374,0.13513640384017334,-41.89228519045374,1.3513640384017336,0.13513640384017334,-100.11918319508828,0.13513640384017334,0.5405456153608839,0.6756820192011901,0.06756820192008667,0.033784100960043334,40.54092115205201,-0.13513640384017334,164.38045477478215,1.3513640384017336,-200.23836639017657,3.378410096004335,-13.513640384017334,27.027280768034668,6.756820192008667,-0.13513640384017334,394.4043332934451,0.20270460576026,-0.13513640384017334,838.583222759841,41.89228519045374,580.4151940691776,0.06756820192008667,-966.7027617456897,-0.13513640384017334,-0.13513640383993886,-0.13513640384017334,0.0675682019200867,377.0305667140837,-27.027280768034668,0.13513640384017334,131.46811109781504,-0.033784100960043334,-0.14865004422419067,-131.46811109781504,20.270460576026,480.7817490134038,547.9169992962019,377.0305667140837,-0.10135230288013,150.0962478316683,-146.71783773566406,0.13513640384017334,-0.033784100960043334,6.756820192008667,135.13640384017333,-0.06756820192008667,-0.13513640384017334,0.033784100960043334,1000.0,0.0,999.93243179808,0.0,-957.3784333584287,0.0,-110.94386154179207,-397.390847818313,0.0,613.8879405842715,282.15279286622484,712.8869644511223,0.0,-306.94397029213576,478.6892166792143,-141.07639643311242,0.0,198.6954239091565,-119.69055696762939,-282.6849758599066,0.0,-712.8869644511223,-282.6849758599066,110.94386154179207,18.853091341199246,0.0,1496.5981,bhi
117,0.0,0.0,0.0,0.0,0.0,0.0,0.0,0.0,716.2837910246301,0.0,0.0,0.0,0.0,0.0,0.0,0.0,-30.075008618969264,165.31173437587364,0.0,0.0,0.0,0.0,0.0,321.4127230398918,0.0,0.0,0.0,0.0,0.0,-969.9249913810307,0.0,0.0,571.0745565058264,0.0,0.0,0.0,0.0,49.54400430184286,0.0,-1000.0,381.7017204076829,0.0,0.0,1000.0,0.0,0.0,0.0,0.0,0.0,0.0,0.0,0.0,0.0,0.18276305723679798,0.0,0.0,0.0,33.229646770274336,0.0,0.0,-18.724187622694558,0.0,473.89040300811547,455.1662153854209,0.0,0.0,0.0,0.0,121.1608343180717,788.5369150781346,0.0,1.661482338513717,0.0,0.0,0.0,0.0,0.0,0.0,0.0,0.0,0.0,0.0,0.0,0.0,99.68894031082303,0.0,0.0,293.25199173058206,293.25199173058206,0.0,-0.041537058462842925,0.0,0.0,-443.1101979822142,49.844470155411514,0.0,49.844470155411514,0.0,0.0,0.0,0.0,8.307411692568584,-969.9249913810307,0.0,0.0,-425.2535675260582,479.8834312419994,0.0,0.0,0.0,0.0,0.0,0.0,0.0,0.0,0.0,0.0,0.0,0.0,0.0,0.0,0.0,0.0,0.0,-588.925288340829,0.0,0.0,49.844470155411514,0.0,51.50595249392523,32.28005691473038,0.0,0.0,0.0,0.0,0.0,0.0,-62.50000000000006,62.50000000000006,0.0,0.0,0.0,0.0,0.0,0.0,12.793414006555613,0.1661482338513717,0.0,0.0,0.0,160.36182529880585,-1000.0,0.0,0.0,0.0,0.0,1000.0,0.0,0.0,0.0,0.0,0.0,866.6119367208802,866.6119367208802,0.0,0.0,0.0,906.2499999999999,0.0,0.0,0.0,866.7780849547315,0.0,0.0,0.0,29.16712153683011,-1000.0,0.0,0.0,0.0,0.0,0.0,0.0,0.0,0.0,0.0,-56.13573260199916,0.0,0.0,0.0,0.0,-1000.0,0.0,0.0,0.0,0.0,0.0,0.0,0.0,-293.25199173058206,293.25199173058206,0.0,0.0,0.0,0.0,0.0,0.0,0.0,0.0,-1000.0,0.0,0.0,0.0,0.0,0.0,0.0,0.0,0.0,0.0,0.0,0.0,0.0,0.0,0.0,130.16663506831617,1000.0,0.0,0.0,0.0,0.0,60.879393579519956,0.0,0.0,0.0,0.0,-18.724187622694558,0.0,0.0,0.0,0.0,0.0,0.0,0.0,0.0,0.0,670.7221328743733,0.0,0.0,0.0,-30.324230969746054,556.1797524914181,0.0,0.0,-1000.0,0.0,0.0,0.0,-417.7771044626211,0.0,0.0,0.0,-9.583856468998192,0.0,0.0,-979.1861580523582,395.9302834759225,0.0,-979.1861580523585,-395.9302834759225,0.0,0.0,0.0,-421.1922490852905,0.0,0.0,467.2342926952679,0.0,0.0,0.0,-1000.0,0.0,1000.0,0.0,866.4457884870288,0.0,0.0,-441.38054472232466,906.2499999999999,0.0,0.0,-18.724187622694558,-0.24922235077705754,0.0,0.0,0.0,0.0,0.1661482338513717,0.0,0.0,0.0,218.55400339069524,-30.075008618969264,0.0,-283.50237835070544,50.176797848320405,1000.0,238.00431207274528,0.0,-137.04774441560673,0.0,-425.2535675260582,0.0,0.0,0.0,-14.30536293460339,151.3531073502101,0.0,-1000.0,-1000.0,0.0,0.0,0.0,0.0,0.0,0.0,0.0,0.0,0.0,0.0,0.0,0.0,0.0,0.0,0.0,0.0,0.0,-968.2057019895797,0.0,-1000.0,0.0,0.0,665.3721597443614,0.0,0.0,0.0,-683.5155468809289,0.0,0.0,0.0,0.0,0.0,0.0,0.0,-8.307411692568584,0.0,-272.5139416682818,0.0,-82.11390344423432,0.0,-223.71859688087198,0.0,0.0,1000.0,-4.153705846284292,73.80649175166575,-1000.0,0.0,367.088962651369,-315.9138271365331,434.61243474144567,49.844470155411514,0.0,0.0,0.0,0.0,0.0,716.4499392584814,0.0,0.0,0.0,0.0,-607.9760792442161,0.0,0.0,0.0,0.0,0.0,0.0,0.0,0.0,-37.44837524538912,0.0,0.0,193.54187849034912,0.0,0.0,0.0,0.0,-279.43257854629,0.3322964677025592,0.0,0.0,0.0,0.0,0.0,0.0,0.0,0.0,0.0,909.6977493962064,0.0,0.0,0.0,0.0,0.0,0.0,0.0,0.0,0.0,0.18276305723679798,0.18276305723679798,0.0,0.0,0.0,99.68894031082303,0.0,0.0,0.0,819.5224405001418,0.0,0.0,0.0,0.0,0.0,579.9378221787058,-819.5224405001418,0.0,0.0,0.0,0.0,0.0,193.54187849034912,0.0,0.0,0.0,0.0,0.0,0.0,0.0,196.308429446943,-218.55400339069524,359.7547434591947,0.0,12.793414006555613,0.0,0.0,-443.1101979822142,-503.98959156173413,0.0,500.14252552911404,0.0,300.5052436324158,0.0,0.0,0.0,0.0,0.0,0.0,0.0,0.0,0.0,0.0,0.0,0.0,0.0,0.0,0.0,0.0,0.0,99.68894031082303,0.0,0.0,0.0,0.0,0.0,0.0,0.0,0.0,0.0,0.0,0.0,0.0,1.661482338513717,0.0,0.0,0.0,0.0,0.0,0.0,0.0,0.0,49.844470155411514,0.0,0.0,0.0,0.0,0.0,0.0,0.0,0.0,0.0,0.0,560.1294306979846,0.0,0.0,49.844470155411514,49.844470155411514,903.4302562245475,-819.5224405001418,0.0,193.54187849034912,0.0,0.0,0.0,0.0,0.0,969.9249913810307,0.0,1000.0,0.1661482338513717,0.0,0.0,90.30225060379361,0.0,0.0,0.0,443.1101979822142,0.0,0.0,0.0,0.0,0.0,0.0,6.13809974227629,0.0,0.0,0.0,0.0,0.0,0.0,0.0,0.1661482338513717,0.0,0.0,0.0,0.0,0.0,0.0,0.0,0.0,0.0,-683.5155468809289,665.3721597443614,0.0,0.0,-31.794298010420334,-12.461117538852879,0.0,-8.307411692568555,0.0,0.0,0.0,0.0,0.0,0.0,0.0,0.0,0.0,0.0,0.0,0.0,1000.0,0.0,0.0,810.0088090853833,0.0,0.0,0.0,716.2837910246301,0.0,0.0,0.1661482338513717,0.0,0.1661482338513717,18.41429922682887,0.0,0.0,99.68894031082303,202.7008452986735,202.7008452986735,0.0,0.0,0.0,0.0,0.0,0.0,0.0,359.7547434591947,0.0,0.0,0.0,0.0,0.0,0.0,0.0,0.0,0.0,0.0,0.0,0.0,0.0,0.0,0.0,0.0,0.0,0.0,0.0,60.879393579519956,0.0,0.0,0.0,0.24922235077705754,0.0,0.0,0.0,-49.844470155411514,0.0,0.0,0.0,0.0,0.0,0.0,8.307411692568584,0.0,0.0,0.0,-906.25,0.0,0.0,-8.307411692568555,0.0,0.0,0.0,0.0,0.0,0.0,0.0,0.0,0.0,0.0,692.7919156088137,0.0,0.0,-75.80121454403104,-425.2535675260582,0.0,0.0,0.0,0.0,0.0,-620.4779497612946,0.0,8.307411692568555,1000.0,0.0,0.0,0.0,-37.44837524538912,0.0,0.0,637.7683007524737,-637.7683007524737,0.0,0.0,0.0,0.0,0.0,31.213497524293413,0.0,202.7008452986735,0.0,0.0,0.0,0.0,0.0,0.0,0.0,0.0,0.0,670.7221328743733,0.0,0.0,37.383352616558625,-1000.0,0.0,0.0,49.844470155411514,0.0,0.0,0.0,0.0,-147.6037469790706,0.0,0.0,0.18276305723679798,0.0,0.0,0.0,101.35042264933675,0.0,0.0,0.0,0.0,130.16663506831617,0.0,479.8834312419994,0.0,0.0,0.0,0.0,0.0,0.0,0.0,0.0,0.01661482338513717,0.01661482338513717,0.0,0.0,0.0,0.0,0.0,18.41429922682887,0.0,0.0,0.0,90.30225060379361,0.0,0.0,0.0,0.0,0.0,0.0,0.0,0.0,0.0,0.0,0.0,0.0,0.0,0.0,0.0,0.0,0.0,0.0,0.0,-481.3422663232292,165.31173437587364,0.0,0.0,0.0,99.68894031082303,0.0,0.0,0.0,0.0,0.0,0.0,-99.68894031082303,0.0,0.0,0.0,0.0,0.0,0.0,0.0,0.0,0.0,0.0,0.0,0.0,-1000.0,-1000.0,113.81154018818961,0.0,-49.844470155411514,0.0,31.129705075013995,0.0,0.0,0.0,0.0,0.0,0.0,0.0,0.0,0.0,0.0,0.0,0.0,0.0,0.0,0.0,0.0,0.0,-20.768529231421432,0.0,-12.461117538852879,-12.461117538852873,0.0,0.0,0.0,0.0,0.0,0.0,-2.0768529231421464,37.44837524538912,0.0,0.0,0.0,0.0,0.0,0.0,0.0,1000.0,49.84447015541151,49.844470155411514,0.0,0.0,0.0,0.0,0.0,0.18276305723679798,0.0,0.0,0.0,-49.54400430184286,0.0,0.0,0.0,0.0,0.0,0.0,0.0,0.0,0.0,0.0,0.0,0.0,0.0,0.0,9.207149613414435,0.0,0.0,32.28005691473038,0.0,174.4556455439403,0.0,0.0,12.793414006555613,0.0,0.0,0.0,0.0,0.0,665.3721597443614,0.0,0.0,0.0,-20.768529231421432,0.0,0.0,0.0,0.0,0.0,0.0,0.0,0.0,0.0,0.0,0.0,0.0,0.0,0.0,0.0,0.0,0.0,0.0,-0.1661482338513717,0.0,0.0,8.307411692568584,-579.9378221787058,0.0,0.0,0.0,0.0,0.0,0.0,0.0,0.0,14.30536293460339,4.153705846284292,0.0,0.0,0.0,0.1661482338513717,0.0,166.14823385137169,-19.225895579194855,33.229646770274336,1.1867730989383691,528.1136862747878,-0.12461117538852877,8.307411692568584,3.322964677027434,17.583558057571153,-528.1136862747878,49.84447015541151,-0.16614823385137167,141.75118917535272,193.54187849034912,0.04153705846284292,1.1867730989383691,-425.2535675260582,-26.450798829136083,-3.322964677027434,-135.23672575690438,-0.16614823385137167,0.04153705846284292,-528.1136862747878,643.3681016464556,0.16614823385137167,0.1661482338513717,0.34891129108816965,0.18276305723650885,0.0,-0.12461117538852877,49.844470155411514,0.16614823385137167,49.844470155411514,-83.07411692568584,-0.08307411692568585,-149.49286494788362,-77.66036519850849,-0.12461117538852877,-0.16614823385137167,-19.225895579194855,0.1661482338513717,16.614823385137168,-3.322964677027434,60.879393579519956,60.879393579519956,-16.61482338513713,135.23672575690438,-60.879393579519956,33.229646770274336,0.24922235077705754,49.71252809740952,16.614823385137168,-196.308429446943,193.54187849034912,-33.229646770274336,0.08307411692568585,1.661482338513717,70.87559458767636,33.229646770274336,-0.1661482338513717,-37.383352616558625,-0.34891129108816965,51.50595249392523,0.16614823385137167,26.450798829136083,-632.5892803926156,193.54187849034912,-0.1661482338513717,-0.041537058462842925,-193.54187849034912,-0.16614823385137167,-759.3160097882894,0.16614823385151567,-0.041537058462842925,-0.041537058462842925,-0.041537058462842925,66.45929354054867,83.07411692568584,1.661482338513717,123.09507275463321,-0.041537058462842925,0.0,8.307411692568584,148.0237009657136,0.1661482338513717,0.08307411692568585,0.08307411692568584,113.38576263031173,19.225895579194855,0.1661482338513717,-19.225895579194855,1.661482338513717,0.16614823385137167,-123.09507275463321,0.16614823385137167,0.664592935406283,-17.583558057571153,0.08307411692568585,0.041537058462842925,49.844470155411514,-0.16614823385137167,0.0,1.661482338513717,-246.19014550926642,4.153705846284295,-16.614823385137168,33.229646770274336,8.307411692568584,-0.16614823385137167,425.2535675260582,0.24922235077705754,-0.16614823385137167,-226.77152526062346,19.225895579194855,427.1813199507146,0.08307411692568584,-296.0474019314272,-0.16614823385137167,-0.16614823385151567,-0.16614823385137167,0.08307411692568584,528.1136862747878,-33.229646770274336,0.1661482338513717,141.75118917535272,-0.041537058462842925,-0.18276305723650885,-141.75118917535272,24.922235077705754,77.66036519850849,-705.5898434997476,528.1136862747878,-0.12461117538852877,37.383352616558625,-33.229646770274336,0.16614823385137167,-0.04153705846284292,8.307411692568555,166.14823385137169,-0.08307411692568585,-0.16614823385137167,0.04153705846284292,0.0,0.0,-49.795602214335204,0.0,-1000.0,0.0,114.23763928993296,-1000.0,626.7532782613184,-767.3498866406932,1000.0,402.3263112329513,0.0,383.6749433203466,500.0,-500.0,-626.7532782613184,500.0,0.0,-279.57757297164403,0.0,-402.3263112329513,-279.57757297164403,-114.23763928993296,365.10604814870567,0.0,1496.5981,bhi
118,0.0,0.0,0.0,0.0,0.0,0.0,0.0,0.0,-0.1571043376535899,0.0,0.0,0.0,0.0,0.0,0.0,0.0,-887.9905339429087,406.91271949770106,0.0,709.9158726885694,0.0,0.0,0.0,368.9578115420293,0.0,502.7402868277354,0.0,0.0,0.0,-147.108453934688,49.36525119563255,-49.36525119563255,234.0167370651484,0.0,0.0,0.0,0.0,-100.6425450978173,0.0,-1000.0,524.4940389253884,0.0,0.0,-30.966207319651232,0.0,0.0,0.0,0.0,66.06519519724793,0.0,0.0,0.0,0.0,0.17281477141894885,0.0,0.0,0.0,0.0,0.0,0.0,59.29268342739363,0.0,897.1248824217462,687.6672983632487,0.0,0.0,0.0,0.0,1000.0,-1000.0,0.0,1.571043376535899,0.0,0.0,0.0,0.0,0.0,0.0,0.0,702.7580245391298,0.0,0.0,0.0,0.0,94.26260259215394,0.0,0.0,0.0,50.7633969890226,0.0,-0.03927608441339747,0.0,0.0,0.0,47.13130129607697,0.0,475.5059610746116,0.0,0.0,0.0,0.0,113.22882880651316,-147.108453934688,0.0,0.0,-466.12960729454034,0.0,0.0,0.0,0.0,0.0,0.0,0.0,0.0,0.0,0.0,0.0,0.0,0.0,0.0,0.0,0.0,0.0,0.0,-829.0584112962911,0.0,0.0,475.5059610746116,0.0,48.702344672612874,0.0,0.0,0.0,688.4081574588307,-688.4081574588308,688.4081574588307,-268.7502674858911,0.0,0.0,0.0,0.0,0.0,0.0,0.0,0.0,12.097033999326449,0.1571043376535899,0.0,0.0,0.0,0.0,0.0,0.0,0.0,0.0,0.0,1000.0,0.0,0.0,0.0,0.0,0.0,950.4776444667139,950.4776444667139,0.0,0.0,0.0,-156.1875,517.1885170319571,0.0,0.0,1000.0,0.0,0.0,0.0,-193.3237052343652,0.0,0.0,0.0,0.0,0.0,0.0,0.0,0.0,0.0,0.0,0.0,0.0,0.0,0.0,0.0,-47.05172861321148,0.0,0.0,0.0,0.0,0.0,0.0,0.0,-50.7633969890226,50.7633969890226,268.7502674858911,0.0,0.0,0.0,0.0,0.0,0.0,0.0,-51.05890973741671,0.0,0.0,0.0,0.0,0.0,0.0,0.0,0.0,0.0,0.0,0.0,0.0,0.0,0.0,-222.73651644932067,969.0337926803488,0.0,0.0,0.0,0.0,-268.7502674858911,0.0,0.0,0.0,0.0,59.29268342739363,1000.0,49.36525119563255,0.0,0.0,0.0,0.0,0.0,0.0,0.0,54.42401086807695,31.420867530717977,428.37465977853464,0.0,-888.226190449389,-786.6993964713438,15.301798208225328,0.0,-969.0337926803488,0.0,0.0,268.7502674858911,-808.3327080626203,0.0,0.0,0.0,-113.6444631910899,0.0,0.0,-1000.0,0.0,0.0,-1000.0,0.0,0.0,0.0,0.0,1000.0,0.0,0.0,438.32110205351586,0.0,0.0,0.0,-249.94230432676696,0.0,249.94230432676696,0.0,999.6857913246928,0.0,0.0,0.0,-156.1875,0.0,0.0,59.29268342739363,-0.23565650648038483,0.0,0.0,0.0,0.0,0.1571043376535899,0.0,0.0,0.0,-482.8782433294771,-887.9905339429087,0.0,-310.75307152969356,-41.9247797779592,0.0,1000.0,0.0,-224.66341701338683,0.0,-466.12960729454034,0.0,0.0,0.0,822.7383714740387,-1000.0,401.92504553934816,-816.198887403076,-1000.0,0.0,0.0,0.0,0.0,0.0,0.0,0.0,0.0,0.0,0.0,0.0,0.0,0.0,0.0,0.0,0.0,0.0,652.6529841306909,0.0,58.31893048066706,0.0,694.3481813972269,0.0,35.0046772666702,542.5149787109768,0.0,-17.155793671770844,0.0,0.0,0.0,0.0,105.37361192383366,0.0,0.0,-78.04436147793143,-480.3900457829596,0.0,0.0,-1000.0,-449.73109113591966,-1000.0,0.0,0.0,1000.0,476.4624373416198,992.1447831173205,745.2572617435013,0.0,-639.6183544466156,1000.0,0.0,475.5059610746116,-687.4999999998727,687.4999999998727,0.0,0.0,0.0,0.0,0.0,0.0,0.0,0.0,-459.5327643616773,0.0,0.0,0.0,0.0,0.0,0.0,0.0,0.0,-150.16490063110382,0.0,0.0,0.0,0.0,0.0,0.0,0.0,-698.2424775239323,0.31420867530728464,0.0,0.0,0.0,0.0,0.0,0.0,0.0,0.0,0.0,0.0,0.0,0.0,0.0,0.0,0.0,0.0,0.0,0.0,0.0,0.17281477141894885,0.17281477141894885,49.36525119563255,140.16929440594873,0.0,94.26260259215394,0.0,0.0,0.0,1000.0,0.0,0.0,0.0,0.0,0.0,999.2380665623814,-1000.0,0.0,0.0,0.0,0.0,0.0,0.0,0.0,0.0,0.0,0.0,0.0,0.0,0.0,276.35280376543034,482.8782433294771,0.0,0.0,12.097033999326449,0.0,0.0,0.0,0.0,0.0,999.2380665623814,0.0,300.9955890384491,0.0,437.4999999999796,-437.4999999999796,0.0,0.0,0.0,0.0,0.0,0.0,0.0,0.0,0.0,0.0,0.0,0.0,0.0,0.0,94.26260259215394,268.7502674858911,268.7502674858911,0.0,0.0,0.0,0.0,0.0,0.0,0.0,0.0,0.0,0.0,1.571043376535899,0.0,49.36525119563255,0.0,0.0,49.36525119563255,0.0,0.0,0.0,475.5059610746116,0.0,0.0,0.0,0.0,0.0,0.0,0.0,0.0,0.0,0.0,493.70091959243837,0.0,0.0,47.13130129607697,47.13130129607697,1000.0,-1000.0,0.0,0.0,0.0,0.0,0.0,0.0,0.0,-36.692658662236,0.0,78.91560874952377,0.1571043376535899,0.0,0.0,0.0,207.47872134837314,0.0,0.0,0.0,0.0,0.0,0.0,0.0,0.0,0.0,0.0,0.0,0.0,0.0,0.0,0.0,0.0,0.0,0.1571043376535899,0.0,0.0,0.0,0.0,0.0,0.0,0.0,0.0,694.3481813972269,-25.011010554450337,7.855216882679494,0.0,0.0,-594.3340536500239,-11.782825324019242,-7.855216882679494,0.0,0.0,0.0,0.0,0.0,0.0,0.0,0.0,0.0,0.0,0.0,0.0,268.7502674858911,0.0,0.0,0.0,-631.7631375639361,0.0,0.0,0.0,-0.1571043376535899,0.0,0.0,0.1571043376535899,0.0,0.1571043376535899,0.0,0.0,0.0,94.26260259215394,191.66729193737967,191.66729193737967,0.0,0.0,0.0,0.0,0.0,0.0,0.0,0.0,0.0,0.0,0.0,0.0,836.2650549460127,0.0,0.0,0.0,0.0,0.0,0.0,0.0,0.0,0.0,0.0,0.0,0.0,0.0,0.0,0.0,0.0,-1000.0,1000.0,0.23565650648038483,0.0,0.0,0.0,-475.5059610746116,0.0,0.0,0.0,0.0,0.0,-140.16929440594873,7.855216882679494,0.0,0.0,0.0,156.1875,-517.1885170319571,-7.855216882679494,0.0,0.0,0.0,0.0,0.0,0.0,0.0,0.0,268.7502674858911,0.0,0.0,811.8164382739619,140.16929440594873,0.0,968.5791324692821,-466.12960729454034,0.0,0.0,0.0,0.0,0.0,-1000.0,0.0,7.855216882679494,389.3982812755567,0.0,0.0,-49.36525119563255,-150.16490063110382,0.0,0.0,0.0,0.0,0.0,0.0,0.0,0.0,0.0,151.952119729968,-175.5177703780065,191.66729193737967,0.0,0.0,0.0,49.36525119563255,0.0,0.0,0.0,0.0,0.0,54.42401086807695,0.0,0.0,0.0,-207.47872134837314,-474.75383519611,0.0,47.13130129607697,0.0,0.0,0.0,0.0,-207.40170953870106,0.0,0.0,0.17281477141894885,0.0,0.0,0.0,95.83364596868984,0.0,0.0,0.0,0.0,-222.73651644932067,0.0,0.0,0.0,0.0,0.0,0.0,0.0,0.0,0.0,0.0,0.015710433765358987,0.015710433765358987,0.0,0.0,0.0,0.0,0.0,0.0,0.0,0.0,0.0,0.0,49.36525119563255,0.0,0.0,0.0,0.0,140.16929440594873,0.0,0.0,0.0,0.0,0.0,0.0,0.0,0.0,0.0,0.0,0.0,0.0,0.0,0.0,406.91271949770106,0.0,0.0,0.0,94.26260259215394,0.0,0.0,0.0,0.0,0.0,0.0,-94.26260259215394,0.0,0.0,0.0,0.0,0.0,0.0,0.0,0.0,0.0,49.36525119563255,49.36525119563255,0.0,-78.91560874952377,-1000.0,943.8815262387218,-475.5059610746116,0.0,0.0,593.7056362994095,0.0,0.0,0.0,0.0,0.0,0.0,0.0,0.0,0.0,531.2499999999999,0.0,-531.2499999999999,-531.25,0.0,0.0,0.0,0.0,-19.638042206698735,268.7502674858911,-117.1564372478529,1000.0,0.0,0.0,0.0,0.0,0.0,-1.9638042206698738,0.0,150.16490063110382,0.0,0.0,0.0,0.0,0.0,0.0,0.0,1000.0,47.13130129607697,47.13130129607697,0.0,0.0,0.0,0.0,702.7580245391298,0.17281477141894885,140.16929440594873,0.0,0.0,-593.7056362994095,0.0,0.0,0.0,0.0,0.0,0.0,0.0,0.0,0.0,0.0,0.0,0.0,0.0,0.0,248.6298565861323,0.0,0.0,0.0,0.0,164.9595545362694,12.097033999326449,0.0,0.0,0.0,0.0,0.0,140.16929440594873,0.0,0.0,0.0,0.0,0.0,-19.638042206698735,0.0,0.0,0.0,0.0,0.0,0.0,0.0,0.0,0.0,0.0,0.0,0.0,0.0,0.0,0.0,0.0,0.0,0.0,-0.1571043376535899,0.0,0.0,7.855216882679494,-999.2380665623814,0.0,0.0,0.0,0.0,268.7502674858911,0.0,0.0,0.0,-822.7383714740387,3.927608441339747,0.0,0.0,502.7402868277354,0.1571043376535899,0.0,157.10433765358988,-48.702344672612874,31.42086753071798,1.122173840382785,438.32110205351586,-0.11782825324019242,78.04436147793143,3.1420867530717977,-0.7855216882678633,-438.32110205351586,47.13130129607697,-0.1571043376535899,155.37653576484678,0.0,0.03927608441339747,1.122173840382785,-466.12960729454034,-25.011010554450337,46.22316444256076,-228.83805824336184,-0.1571043376535899,0.03927608441339747,-438.32110205351586,15.710433765358989,0.1571043376535899,0.1571043376535899,-139.8393752968762,0.17281477141894888,0.0,-0.11782825324019242,47.13130129607697,0.1571043376535899,475.5059610746116,349.82249095173967,-0.07855216882679494,-67.74078541091933,252.8827293828785,-0.11782825324019242,-0.15710433765358994,-48.702344672612874,0.1571043376535899,15.710433765358989,-3.1420867530717977,0.0,0.0,-15.710433765358989,228.83805824336184,0.0,31.420867530717977,0.23565650648038483,-1000.0,15.710433765358989,-276.35280376543034,0.0,-31.420867530717977,0.07855216882679494,1.571043376535899,77.68826788242339,171.5901619366667,-0.1571043376535899,-175.5177703780065,139.8393752968762,48.702344672612874,0.1571043376535899,25.011010554450337,-616.8998649628423,0.0,-0.1571043376535899,-0.03927608441339747,0.0,-0.1571043376535899,-698.2424775239323,0.15710433765354992,-0.03927608441339747,-0.03927608441339747,-0.03927608441339747,62.841735061435955,-349.82249095173967,1.571043376535899,116.39467615910212,-0.03927608441339747,0.0,7.855216882679494,356.9764556446456,0.1571043376535899,0.07855216882679494,0.07855216882679494,15.710433765358989,48.702344672612874,0.1571043376535899,-48.702344672612874,1.571043376535899,0.1571043376535899,-116.39467615910212,0.1571043376535899,0.6284173506142903,0.7855216882678633,0.07855216882679494,0.03927608441339747,47.13130129607697,-0.1571043376535899,0.0,-23.11158222128038,-232.78935231820424,74.11675303659169,-15.710433765358989,31.420867530717977,7.855216882679494,-0.1571043376535899,466.12960729454034,0.23565650648038483,-0.1571043376535899,-31.420867530717977,48.702344672612874,541.9884264023308,0.07855216882679494,-713.9529112892913,-0.1571043376535899,-0.15710433765354992,-0.1571043376535899,0.07855216882679497,438.32110205351586,-31.420867530717977,0.1571043376535899,155.37653576484678,-0.03927608441339747,-0.17281477141894888,-155.37653576484678,23.56565064803848,-252.8827293828785,174.85277629186683,438.32110205351586,-0.11782825324019242,175.5177703780065,-171.5901619366667,0.1571043376535899,-0.03927608441339747,7.855216882679494,157.10433765358988,-0.07855216882679494,-0.1571043376535899,0.03927608441339747,0.0,0.0,999.9214478311732,0.0,-487.37922899339094,0.0,152.52249913301927,-703.618350221833,0.0,519.3931760171923,894.2415041254997,-1000.0,0.0,-259.69658800859617,243.68961449669547,-447.12075206274983,0.0,351.8091751109165,-140.16929440594873,-334.5867168636297,0.0,1000.0,-334.5867168636297,-152.52249913301927,376.8559651652513,0.0,1496.5981,bhi
119,0.0,0.0,0.0,0.0,0.0,0.0,0.0,0.0,-0.020222738032885067,0.0,0.0,0.0,0.0,0.0,0.0,0.0,746.7391867579981,0.0,0.0,0.7564292776856973,0.0,0.0,0.0,0.0,0.0,0.0,0.0,0.0,0.0,117.57235904062735,0.0,0.0,586.4470172702016,0.0,0.0,0.0,0.0,450.6501486478686,0.0,-1000.0,895.0071025557394,0.0,0.0,-1000.0,0.0,0.0,367.2050795370019,0.0,-191.82001092514173,0.0,0.0,0.0,0.0,0.022245011836193575,0.0,0.0,0.0,4.044547606577013,0.0,0.0,-457.50249381640765,0.0,-542.4975061835923,-1000.0,0.0,0.0,0.0,0.0,0.0,845.9257337816751,0.0,0.20222738032885068,0.0,0.0,0.0,0.0,0.0,0.0,0.0,0.0,0.0,0.0,454.19182416869364,0.0,12.13364281973104,0.0,455.7215446869787,692.1982255639846,279.0576646599693,-778.6794500211265,952.04275128104,0.0,0.0,-1000.0,6.06682140986552,0.0,6.06682140986552,0.0,0.0,0.0,454.19182416869364,1.0111369016442533,117.57235904062735,0.0,0.0,-345.3510029692927,0.0,0.0,0.0,0.0,0.0,0.0,0.0,0.0,0.0,0.0,0.0,0.0,0.0,0.0,0.0,0.0,0.0,0.0,-76.07199107781868,0.0,0.0,6.06682140986552,0.0,6.269048790194371,0.0,0.0,416.28642962754634,0.0,-416.28642962754634,416.28642962754634,0.0,0.0,0.0,0.0,0.0,0.0,0.0,0.0,0.0,3.0868713468171904,0.020222738032885067,952.0478069655481,0.0,0.0,0.0,-220.75025751082725,0.0,0.0,0.0,0.0,490.4196060944644,0.0,0.0,0.0,0.0,0.0,999.9797772619671,999.9797772619671,0.0,0.0,0.0,0.0,345.3510029692927,0.0,0.0,1000.0,0.0,0.0,0.0,0.0,-295.92890962505464,0.0,0.0,0.0,0.0,0.0,0.0,0.0,0.0,0.0,0.0,0.0,0.0,0.0,0.0,70.75879152646891,0.0,0.0,0.0,0.0,0.0,0.0,0.0,499.62178536115715,-499.62178536115715,0.0,0.0,0.0,0.0,0.0,0.0,0.0,0.0,-1000.0,0.0,0.0,0.0,0.0,0.0,0.0,0.0,0.0,0.0,0.0,0.0,0.0,0.0,0.0,122.56209025230896,-672.4915348734837,0.0,0.0,0.0,0.0,0.0,0.0,0.0,0.0,0.0,-457.50249381640765,327.5084651265162,0.0,0.0,0.0,0.0,0.0,0.0,0.0,0.0,0.6511721646584192,0.0,0.0,0.0,-357.1030957845799,-577.6672164857678,1000.0,0.0,672.4915348734837,0.0,0.0,0.0,145.25119912867336,0.0,0.0,0.0,-229.89888729157008,0.0,0.0,-812.2282805719175,0.0,0.0,-812.2282805719174,0.0,0.0,778.6794500211265,0.0,0.0,0.0,0.0,56.421439111749336,0.0,0.0,0.0,-1000.0,0.0,1000.0,0.0,1000.0,0.0,0.0,0.0,0.0,0.0,0.0,-457.50249381640765,-0.030334107049327597,0.0,0.0,0.0,0.0,0.020222738032885067,0.0,0.0,0.0,-77.47678510099286,746.7391867579981,0.0,-304.2879643112747,-87.42096419650008,295.92890962505464,901.0739239656049,0.0,-163.37857193913248,0.0,-345.3510029692927,0.0,0.0,0.0,-1.741177744631424,165.1197496837639,0.0,1000.0,-1000.0,0.0,0.0,0.0,0.0,0.0,0.0,0.0,0.0,0.0,0.0,0.0,0.0,0.0,0.0,0.0,0.0,0.0,-549.2689604000007,0.0,-1000.0,0.0,0.0,0.0,0.0,0.0,541.7485293091981,-3.7380435114756096,0.0,0.0,0.0,0.0,0.0,0.0,461.7693055925208,558.6265897310552,897.0110625103489,-165.1197496837639,-360.25681783556087,0.0,0.0,-27.229916761279743,-461.7693055925208,-559.6377266326995,0.0,-897.516630961171,-1.0111369016442533,0.0,0.0,832.7809540602999,267.1353124885462,0.0,6.06682140986552,0.0,0.0,0.0,0.0,0.0,0.0,0.0,0.0,0.0,0.0,-300.0619037561404,0.0,0.0,-1000.0,0.0,0.0,0.0,0.0,0.0,-3.561898258857923,0.0,0.0,0.0,0.0,0.0,0.0,0.0,-104.25498866838382,0.04044547606537208,0.0,0.0,0.0,0.0,0.0,0.0,0.0,0.0,0.0,845.9257337816751,0.0,0.0,0.0,0.0,0.0,0.0,0.0,0.0,0.0,0.022245011836193575,0.022245011836193575,0.0,0.0,0.0,12.13364281973104,0.0,0.0,0.0,1000.0,0.0,0.0,455.7215446869787,0.0,0.0,715.7407610760662,-1000.0,0.0,0.0,0.0,0.0,0.0,0.0,0.0,0.0,0.0,0.0,0.0,0.0,0.0,25.357330359272893,77.47678510099286,220.75025751082725,0.0,457.27869551551083,0.0,0.0,-1000.0,-1000.0,0.0,715.7407610760662,0.0,0.0,611.4857724076824,0.0,0.0,0.0,0.0,0.0,0.0,0.0,0.0,0.0,0.0,0.0,0.0,0.0,0.0,0.0,0.0,12.13364281973104,0.0,0.0,0.0,0.0,0.0,0.0,0.0,0.0,0.0,0.0,0.0,0.0,0.20222738032885068,0.0,0.0,455.7215446869787,-455.7215446869787,0.0,0.0,0.0,0.0,6.06682140986552,0.0,0.0,0.0,0.0,0.0,0.0,0.0,0.0,0.0,0.0,147.31391840802763,0.0,0.0,6.06682140986552,6.06682140986552,214.1778676501396,-1000.0,0.0,0.0,0.0,0.0,0.0,0.0,0.0,-1000.0,0.0,-769.8483284830189,0.020222738032885067,0.0,0.0,0.0,26.70701453500086,0.0,0.0,1000.0,0.0,0.0,0.0,0.0,0.0,0.0,0.0,0.0,0.0,0.0,0.0,0.0,0.0,0.0,0.020222738032885067,0.0,0.0,0.0,192.84257908011278,-192.84257908011278,0.0,0.0,0.0,0.0,0.0,-3.7380435114756096,0.0,0.0,-450.73103959999935,-1.51670535246638,-1.0111369016442533,0.0,0.0,0.0,0.0,0.0,0.0,0.0,0.0,0.0,0.0,0.0,0.0,0.0,295.92890962505464,0.0,0.0,833.7920909619442,0.0,0.0,0.0,-0.020222738032885067,0.0,0.0,0.020222738032885067,0.0,0.020222738032885067,0.0,0.0,0.0,12.13364281973104,24.671740400119784,24.671740400119784,0.0,0.0,0.0,0.0,0.0,0.0,0.0,220.75025751082725,0.0,0.0,0.0,0.0,0.0,0.0,0.0,0.0,0.0,0.0,0.0,0.0,0.0,0.0,0.0,0.0,0.0,0.0,0.0,0.0,0.0,0.0,0.0,0.030334107049327597,0.0,0.0,0.0,-6.06682140986552,0.0,0.0,0.0,0.0,0.0,0.0,1.0111369016442533,0.0,0.0,0.0,0.0,-345.3510029692927,0.0,0.0,0.0,0.0,0.0,0.0,0.0,0.0,0.0,0.0,0.0,0.0,0.0,0.0,0.0,-783.2942900957497,-345.3510029692927,0.0,-3.7380435114756096,0.0,3.7380435114756096,0.0,120.57945872855358,0.0,1.0111369016442533,465.68076167441046,0.0,0.0,0.0,-915.0049876328153,0.0,0.0,294.9164346259872,-294.9164346259872,0.0,0.0,0.0,0.0,0.0,1.51670535246638,-4.550116057399066,24.671740400119784,0.0,0.0,0.0,0.0,0.0,0.0,0.0,0.0,0.0,0.6511721646584192,0.0,0.0,0.0,-872.632748316676,66.51222384903599,0.0,6.06682140986552,455.7215446869787,0.0,0.0,0.0,-223.12750972051964,0.0,0.0,0.022245011836193575,0.0,0.0,0.0,12.33587020005989,0.0,0.0,0.0,0.0,122.56209025230896,0.0,0.0,0.0,0.0,0.0,0.0,0.0,0.0,-563.6003480355739,0.0,382.992352700661,0.0020222738032885067,0.0,0.0,0.0,0.0,0.0,0.0,0.0,0.0,0.0,0.0,0.0,0.0,0.0,0.0,0.0,0.0,0.0,0.0,0.0,0.0,0.0,0.0,0.0,0.0,0.0,0.0,0.0,911.4430893739574,302.41479186854025,1000.0,0.0,0.0,0.0,0.0,12.13364281973104,0.0,0.0,0.0,0.0,0.0,0.0,-12.13364281973104,0.0,911.4430893739574,0.0,0.0,0.0,0.0,0.0,0.0,0.0,0.0,0.0,0.0,769.8483284830189,117.57235904062735,13.85257555252627,0.0,-6.06682140986552,0.0,450.6501486478686,0.0,0.0,0.0,0.0,0.0,0.0,0.0,0.0,0.0,0.0,0.0,0.0,0.0,0.0,0.0,0.0,0.0,-2.5278422541106336,0.0,-1.51670535246638,3.033410704932758,0.0,0.0,0.0,0.0,0.0,313.2569675316777,-313.50975175708874,3.561898258857923,0.0,0.0,0.0,0.0,0.0,0.0,0.0,1000.0,6.06682140986552,6.06682140986552,0.0,0.0,0.0,0.0,0.0,0.022245011836193575,0.0,0.0,0.0,-450.6501486478686,382.9903304268577,0.0,0.0,0.0,0.0,0.0,0.0,0.0,0.0,0.0,0.0,0.0,0.0,0.0,0.0,0.0,0.0,0.0,0.0,21.23387493452932,457.27869551551083,0.0,0.0,0.0,0.0,0.0,0.0,0.0,-1.0111369016442533,0.0,0.0,0.0,-2.5278422541106336,0.0,0.0,0.0,0.0,0.0,0.0,0.0,0.0,0.0,0.0,0.0,0.0,0.0,0.0,0.0,0.0,0.0,0.0,-0.020222738032885067,0.0,0.0,1.0111369016442533,-715.7407610760662,0.0,0.0,0.0,0.0,0.0,0.0,0.0,0.0,1.741177744631424,0.5055684508221266,0.0,0.0,0.0,0.020222738032885067,0.0,20.222738032885065,-6.269048790194371,4.044547606577013,0.1444481288063219,56.421439111749336,-0.015167053524663798,1.0111369016442553,0.40445476065770136,-0.10111369016362914,-56.421439111749336,6.06682140986552,-0.020222738032885074,115.11700098976424,0.0,0.005055684508221267,0.1444481288063219,-345.3510029692927,-458.9410045818135,-0.40445476065770136,-747.4956160356838,-0.020222738032885067,0.005055684508221267,-56.421439111749336,2.0222738032885066,0.020222738032885067,0.020222738032885067,0.04246774986907864,-455.6992996751425,0.0,-0.015167053524663798,6.06682140986552,0.020222738032885067,6.06682140986552,-10.111369016442534,-0.010111369016442533,200.28239984412102,-2.0424965413213916,-0.015167053524663798,-0.020222738032885067,-6.269048790194371,0.020222738032885067,2.0222738032885066,-0.40445476065770136,0.0,0.0,-2.0222738032885066,747.4956160356838,0.0,4.044547606577013,0.030334107049327597,-1000.0,2.0222738032885066,-25.357330359272893,0.0,-4.044547606577013,0.010111369016442533,0.20222738032885068,76.07199107781868,4.044547606577013,-0.020222738032885067,-4.550116057399066,-0.04246774986907864,6.269048790194371,0.020222738032885067,458.9410045818135,-24.267285639462138,0.0,-0.020222738032885067,-0.005055684508221267,0.0,-0.020222738032885067,-104.25498866838382,0.02022273803277138,-0.005055684508221267,-0.005055684508221267,-0.005055684508221267,8.089095213154026,10.111369016442534,0.20222738032885068,177.54877024731388,-0.005055684508221267,37.026981165873124,1.0111369016442533,53.138631235836165,0.020222738032885067,0.010111369016442533,0.010111369016442533,2.0222738032885066,6.269048790194371,0.020222738032885067,-6.269048790194371,0.20222738032885068,0.020222738032885067,-502.6812686617161,0.020222738032885074,0.08089095213074415,0.10111369016362914,0.010111369016442533,0.005055684508221267,6.06682140986552,-0.020222738032885067,0.0,0.20222738032885068,-355.09754049462776,0.5055684508221248,-2.0222738032885066,4.044547606577013,1.0111369016442533,-0.020222738032885074,345.3510029692927,0.030334107049327597,-0.020222738032885067,-4.044547606577013,6.269048790194371,410.53536040185134,0.010111369016442533,-106.27726247167233,-0.020222738032885067,-0.02022273803277138,-0.020222738032885067,0.010111369016442533,56.421439111749336,-4.044547606577013,0.020222738032885067,152.14398215563736,-0.005055684508221267,455.6992996751425,-152.14398215563736,3.0334107049327597,2.0424965413213916,618.5301069389834,56.421439111749336,-0.015167053524663798,4.550116057399066,-4.044547606577013,0.020222738032885067,-0.005055684508221267,1.0111369016442533,20.222738032885065,-0.010111369016442533,-0.020222738032885067,0.005055684508221267,1000.0,0.0,999.9898886309835,325.1324984144022,312.38236315570583,0.0,-202.06114915659032,-932.2449427500212,0.0,-1000.0,641.3683591188561,1000.0,0.0,500.0,-156.19118157785292,-320.68417955942806,0.0,466.1224713750106,0.0,-187.4078506813317,0.0,-1000.0,-187.4078506813317,202.06114915659032,-89.90806866020834,0.0,1496.5981,bhi
120,0.0,0.0,0.0,0.0,0.0,0.0,0.0,0.0,825.4836140074533,0.0,0.0,0.0,0.0,0.0,0.0,0.0,278.7229755603162,-192.64549459673316,0.0,0.0,0.0,0.0,0.0,287.7329446662189,0.0,0.0,0.0,0.0,0.0,-971.3465833224338,0.0,0.0,995.3193834916216,0.0,0.0,0.0,0.0,429.62293463081716,0.0,-1000.0,1000.0,0.0,0.0,0.0,0.0,0.0,0.0,0.0,-307.3763922378823,0.0,0.0,0.0,0.0,0.23297186240774642,0.0,0.0,0.0,42.35852043781468,0.0,0.0,-20.346721127176977,0.0,0.0,-20.346721127176977,0.0,0.0,0.0,0.0,59.943449338526364,287.2632164082435,0.0,2.1179260218907343,0.0,0.0,0.0,0.0,0.0,0.0,0.0,269.83928082283927,0.0,0.0,0.0,0.0,127.07556131344404,0.0,0.0,836.0884243808907,-737.4507859220364,422.0593786437521,-0.052948150547268355,0.0,0.0,0.0,63.53778065672202,0.0,63.53778065672202,-52.59095562324507,0.0,0.0,0.0,10.58963010945367,-971.3465833224338,0.0,0.0,0.0,0.0,0.0,0.0,0.0,0.0,0.0,0.0,0.0,0.0,0.0,0.0,0.0,0.0,0.0,0.0,0.0,0.0,0.0,-1000.0,0.0,0.0,63.53778065672202,0.0,65.65570667861277,0.0,0.0,299.7990980003016,-299.7990980003016,0.0,0.0,-80.59629649626368,0.0,0.0,80.59629649626368,0.0,0.0,0.0,0.0,0.0,16.30803036855866,0.21179260218907342,0.0,0.0,0.0,690.9855748792014,-690.9855748792014,0.0,0.0,0.0,0.0,991.2306981691177,0.0,0.0,0.0,0.0,0.0,227.32421078954627,227.32421078954627,0.0,0.0,0.0,0.0,-868.0459491535305,0.0,0.0,227.53600339173533,0.0,0.0,0.0,22.987691472869642,-242.54767341003355,0.0,0.0,0.0,0.0,0.0,0.0,0.0,0.0,0.0,-404.80223395178984,0.0,0.0,0.0,0.0,-1000.0,0.0,0.0,0.0,0.0,0.0,0.0,0.0,471.2879678569916,-471.2879678569916,0.0,0.0,0.0,0.0,0.0,0.0,0.0,0.0,-68.83259571144886,0.0,0.0,0.0,0.0,0.0,0.0,0.0,0.0,0.0,0.0,0.0,0.0,0.0,0.0,91.76929212910005,1000.0,0.0,0.0,0.0,0.0,163.43418309073664,0.0,0.0,0.0,0.0,-20.346721127176977,1000.0,0.0,0.0,0.0,0.0,0.0,0.0,0.0,0.0,105.73918571787192,0.0,0.0,0.0,700.4646653007846,-508.2740884782433,1000.0,0.0,-1000.0,0.0,0.0,0.0,471.37919039457967,0.0,0.0,0.0,-18.37917232543441,0.0,0.0,-1000.0,0.0,0.0,-1000.0,0.0,0.0,-266.1628180650448,0.0,-250.06955888275002,0.0,0.0,427.46717701677835,0.0,0.0,0.0,0.0,0.0,0.0,0.0,1000.0,0.0,0.0,0.0,0.0,0.0,0.0,-20.346721127176977,-0.3176889032836101,0.0,0.0,0.0,0.0,0.21179260218907342,0.0,0.0,0.0,667.2888505346695,278.7229755603162,0.0,-541.183335940705,485.79089409576136,242.54767341003355,996.9257064189296,0.0,-688.3734141108737,0.0,0.0,0.0,0.0,0.0,-18.235343048478985,-59.943449338526364,766.5522064978791,-1000.0,-1000.0,0.0,0.0,0.0,0.0,0.0,0.0,0.0,0.0,0.0,0.0,0.0,0.0,0.0,0.0,0.0,0.0,0.0,-577.156731785195,0.0,-1000.0,0.0,0.0,151.51041955062976,0.0,0.0,0.0,-122.04721608643058,0.0,0.0,0.0,0.0,0.0,0.0,0.0,628.5116054450899,-938.4375603302921,0.0,-1000.0,940.8710861369353,-52.61952208359082,-999.1114232618755,0.0,-639.1012355545436,495.63020267179945,933.1427452755652,-951.460716246389,0.0,0.0,209.54147432387217,1000.0,0.0,63.53778065672202,0.0,0.0,0.0,923.4309454466008,0.0,825.6954066096424,0.0,0.0,0.0,0.0,34.2105341155844,0.0,0.0,-772.8875818126428,0.0,0.0,0.0,0.0,0.0,-40.693442254353954,0.0,0.0,66.61207423779236,0.0,0.0,0.0,0.0,28.23151147237803,0.42358520437824154,0.0,0.0,0.0,0.0,0.0,0.0,0.0,0.0,0.0,347.2066657467699,0.0,0.0,0.0,0.0,0.0,0.0,0.0,0.0,0.0,0.23297186240774642,0.23297186240774642,0.0,0.0,0.0,127.07556131344404,0.0,0.0,0.0,1000.0,0.0,0.0,0.0,0.0,0.0,708.5044974190603,-1000.0,0.0,0.0,773.4443617742427,0.0,0.0,66.61207423779236,0.0,0.0,0.0,0.0,0.0,0.0,0.0,333.3333333333333,-667.2888505346695,0.0,0.0,16.30803036855866,0.0,0.0,0.0,-163.43418309073664,0.0,675.4548711783973,0.0,736.7360088914384,0.0,0.0,0.0,0.0,0.0,0.0,0.0,0.0,0.0,0.0,0.0,0.0,0.0,0.0,0.0,0.0,0.0,127.07556131344404,0.0,0.0,0.0,0.0,0.0,0.0,0.0,0.0,0.0,0.0,0.0,0.0,2.1179260218907343,0.0,0.0,0.0,0.0,0.0,0.0,0.0,0.0,63.53778065672202,-773.4443617742427,0.0,0.0,0.0,0.0,0.0,0.0,0.0,0.0,0.0,797.0230108526428,-1000.0,0.0,63.53778065672202,63.53778065672202,1000.0,-1000.0,0.0,66.61207423779236,0.0,0.0,0.0,0.0,0.0,971.3465833224338,0.0,1000.0,0.21179260218907342,0.0,0.0,0.0,279.7023872766986,0.0,0.0,0.0,0.0,0.0,0.0,0.0,0.0,0.0,2.542278941589462,0.0,0.0,0.0,0.0,0.0,0.0,0.0,0.21179260218907342,0.0,0.0,0.0,0.0,0.0,0.0,0.0,0.0,0.0,0.0,717.7502897817732,0.0,-688.2870863175739,-422.843268214805,-15.884445164180505,0.0,-10.58963010945367,0.0,312.5,312.5,-312.5,0.0,0.0,0.0,0.0,0.0,0.0,0.0,0.0,242.54767341003355,0.0,0.0,220.13110443332585,0.0,0.0,0.0,825.4836140074533,0.0,0.0,0.21179260218907342,0.0,0.21179260218907342,7.626836824768386,0.0,0.0,127.07556131344404,258.38697467066953,258.38697467066953,0.0,0.0,0.0,0.0,0.0,0.0,0.0,0.0,0.0,0.0,0.0,0.0,0.0,0.0,0.0,0.0,0.0,0.0,0.0,0.0,0.0,0.0,0.0,0.0,0.0,0.0,0.0,163.43418309073664,0.0,-801.5964658907633,801.5964658907633,0.3176889032836101,0.0,0.0,0.0,-63.53778065672202,0.0,0.0,0.0,0.0,0.0,0.0,10.58963010945367,0.0,0.0,0.0,0.0,868.0459491535305,98.9194639273847,-10.58963010945367,0.0,0.0,0.0,0.0,0.0,0.0,0.0,0.0,0.0,773.4443617742427,0.0,0.0,0.0,957.6414795621853,0.0,0.0,-23.127752159045883,688.2870863175739,-665.159334158528,0.0,212.99221572391014,0.0,10.58963010945367,1000.0,0.0,0.0,0.0,-40.693442254353954,0.0,0.0,0.0,0.0,0.0,0.0,0.0,0.0,0.0,420.6866791159703,-47.65333549254149,258.38697467066953,0.0,0.0,0.0,0.0,0.0,0.0,0.0,0.0,0.0,105.73918571787192,0.0,0.0,0.0,-626.9090530234685,-495.30188094799325,0.0,63.53778065672202,0.0,0.0,0.0,0.0,-53.54435694177096,0.0,0.0,0.23297186240774642,0.0,0.0,0.0,129.1934873353348,0.0,0.0,0.0,0.0,91.76929212910005,0.0,0.0,0.0,0.0,0.0,0.0,0.0,0.0,0.0,0.0,0.021179260218907814,0.021179260218907814,0.0,0.0,0.0,0.0,0.0,7.626836824768386,0.0,0.0,0.0,0.0,0.0,0.0,0.0,0.0,0.0,0.0,0.0,0.0,0.0,0.0,0.0,0.0,0.0,0.0,0.0,0.0,0.0,0.0,0.0,0.0,-192.64549459673316,0.0,0.0,0.0,127.07556131344404,0.0,0.0,0.0,0.0,0.0,239.8770757969554,-366.95263711039945,0.0,0.0,0.0,0.0,0.0,0.0,0.0,0.0,0.0,0.0,0.0,0.0,-1000.0,-1000.0,145.0779324995152,0.0,-63.53778065672202,0.0,421.9960978060488,0.0,0.0,0.0,0.0,0.0,0.0,0.0,0.0,0.0,281.25,0.0,-281.25,-281.25,0.0,0.0,0.0,0.0,-26.474075273634178,0.0,-15.884445164180505,31.76889032836118,0.0,0.0,0.0,0.0,0.0,0.0,-2.647407527363418,40.693442254353954,0.0,0.0,0.0,0.0,0.0,0.0,0.0,1000.0,63.53778065672202,63.53778065672202,0.0,0.0,0.0,0.0,269.83928082283927,0.23297186240774642,0.0,0.0,0.0,-429.62293463081716,0.0,0.0,0.0,0.0,0.0,0.0,0.0,0.0,0.0,0.0,0.0,0.0,0.0,0.0,404.6116513577658,0.0,0.0,0.0,0.0,222.38223229852707,0.0,0.0,16.30803036855866,0.0,0.0,0.0,0.0,0.0,0.0,0.0,0.0,0.0,-26.474075273634178,0.0,0.0,0.0,0.0,0.0,0.0,0.0,0.0,0.0,0.0,0.0,0.0,0.0,0.0,0.0,0.0,0.0,0.0,-0.21179260218907342,0.0,0.0,10.58963010945367,-708.5044974190603,0.0,0.0,0.0,0.0,0.0,0.0,0.0,0.0,18.235343048478985,5.294815054726835,0.0,0.0,0.0,0.21179260218907342,0.0,211.7926021890734,-65.65570667861277,42.35852043781468,1.5128043013505243,590.901360107515,-0.15884445164180505,10.589630109453623,4.235852043781469,6.567873813823098,-590.901360107515,63.53778065672203,-0.21179260218907342,0.0,66.61207423779236,0.052948150547268355,1.5128043013505243,0.0,-33.717382268499556,-4.235852043781469,-86.07748096358301,-0.21179260218907342,0.052948150547268355,-590.901360107515,21.17926021890734,0.21179260218907342,0.21179260218907342,0.44476446459681984,0.23297186240798123,-967.0878720192436,-0.15884445164180505,63.53778065672202,0.21179260218907342,63.53778065672202,-105.89630109453671,-0.10589630109453671,-24.142826149874054,-184.82523591183306,-0.15884445164180505,-0.21179260218907342,-65.65570667861277,0.21179260218907342,21.17926021890734,-4.235852043781469,163.43418309073664,163.43418309073664,-21.17926021890734,86.07748096358301,-163.43418309073664,42.35852043781468,0.3176889032836101,-1000.0,21.17926021890734,-333.3333333333333,66.61207423779236,-42.35852043781468,0.10589630109453671,2.1179260218907343,135.29583398517624,42.35852043781468,-0.21179260218907342,-47.65333549254149,-0.44476446459681984,65.65570667861277,0.21179260218907342,33.717382268499556,-187.5390483890958,66.61207423779236,-0.21179260218907342,-0.052948150547268355,-66.61207423779236,-0.21179260218907342,28.23151147237803,0.21179260218907342,-0.052948150547268355,-0.052948150547268355,-0.052948150547268355,84.71704087562937,105.89630109453671,2.1179260218907343,156.91184414683164,-0.052948150547268355,270.5916679703525,10.58963010945367,-3.526125626735345,0.21179260218907342,0.10589630109453668,0.10589630109453671,54.485297337803516,65.65570667861277,0.21179260218907342,-65.65570667861277,2.1179260218907343,0.21179260218907342,-156.91184414683164,0.21179260218907342,0.8471704087561278,-6.567873813823098,0.10589630109453671,0.052948150547268355,63.53778065672202,-0.21179260218907342,967.0878720192436,2.1179260218907343,-313.8236882936633,5.294815054726882,-21.17926021890734,42.35852043781468,10.58963010945367,-0.21179260218907342,0.0,0.3176889032836101,-0.21179260218907342,-108.97059467560703,65.65570667861277,368.3817746308552,0.10589630109453671,7.05225125347069,-0.21179260218907342,-0.21179260218907342,-0.21179260218907342,0.10589630109453671,590.901360107515,-42.35852043781468,0.21179260218907342,270.5916679703525,-0.052948150547268355,-0.23297186240798123,-270.5916679703525,31.768890328361007,184.82523591183306,226.48194697148503,590.901360107515,-0.15884445164180505,47.65333549254149,-42.35852043781468,0.21179260218907342,-0.05294815054726834,10.58963010945367,211.7926021890734,-0.10589630109453668,-0.21179260218907342,0.052948150547268355,60.09199194683356,0.0,843.9975431201982,0.0,403.49645750069817,0.0,710.1476444526303,-1000.0,0.0,463.49080654200446,-1000.0,-1000.0,-155.8965605787073,-231.74540327100223,-201.74822875034909,500.0,0.0,500.0,0.0,-314.83741768908425,155.8965605787073,1000.0,-314.83741768908425,-710.1476444526303,438.2537163114094,0.0,1496.5981,bhi
121,0.0,0.0,0.0,0.0,0.0,0.0,0.0,0.0,-0.20078530901814362,0.0,0.0,0.0,0.0,0.0,0.0,0.0,145.44009285029188,177.43914893180732,0.0,0.0,0.0,0.0,0.0,410.89644200138207,0.0,0.0,0.0,0.0,0.0,120.96933830194757,0.0,0.0,406.8519797970397,0.0,0.0,0.0,0.0,-8.079558755559695,0.0,-1000.0,407.8428258304366,0.0,-129.36782900000574,-207.0551816139141,0.0,0.0,0.0,0.0,0.0,-51.29122168110663,0.0,-579.7519852994105,0.0,0.22086383991995717,0.0,0.0,0.0,40.15706180362872,0.0,0.0,13.432140839876865,0.0,1000.0,920.088239677651,565.1725048773187,0.0,0.0,0.0,406.38617868035556,-313.0422775181297,0.0,2.007853090181436,0.0,0.0,0.0,0.0,0.0,0.0,0.0,0.0,0.0,0.0,58.19927541789432,0.0,120.47118541088616,0.0,0.0,-521.6841611566385,9.996504210970443,109.37482057806486,-0.050196327254535905,0.0,0.0,812.5000000000001,60.23559270544308,0.0,285.3861140489641,0.0,0.0,0.0,58.19927541789432,747.4568871920712,120.96933830194757,0.0,0.0,-347.3995272990735,679.5844864322403,0.0,0.0,0.0,0.0,0.0,0.0,0.0,0.0,0.0,0.0,0.0,0.0,0.0,0.0,0.0,0.0,0.0,-1000.0,0.0,0.0,285.3861140489641,0.0,62.243445795624524,0.0,0.0,0.0,0.0,0.0,0.0,-1000.0,0.0,0.0,906.6560988377742,0.0,0.0,0.0,0.0,0.0,-42.73880662349732,0.20078530901814362,0.0,0.0,0.0,-679.5844864322403,0.0,0.0,0.0,0.0,0.0,1000.0,0.0,0.0,0.0,0.0,0.0,331.32940444023285,331.32940444023285,0.0,0.0,0.0,0.0,-1000.0,0.0,0.0,331.530189749251,0.0,0.0,0.0,0.0,-138.19277793688116,0.0,0.0,0.0,0.0,0.0,0.0,0.0,0.0,0.0,0.0,0.0,0.0,0.0,0.0,-1000.0,0.0,0.0,0.0,0.0,0.0,51.29122168110663,709.1198142994162,-119.3713247890353,119.3713247890353,0.0,0.0,0.0,0.0,0.0,0.0,0.0,0.0,1000.0,0.0,0.0,0.0,0.0,0.0,0.0,0.0,0.0,0.0,0.0,0.0,0.0,0.0,0.0,-2.5609607521432167,-975.5292454516557,0.0,0.0,0.0,0.0,258.85219776502635,0.0,0.0,0.0,0.0,13.432140839876865,-768.4740638377416,0.0,0.0,0.0,0.0,0.0,0.0,0.0,0.0,6.465286950386144,0.0,225.150521343521,0.0,0.0,0.0,68.06432835374244,0.0,975.5292454516557,0.0,0.0,93.34390116222585,-755.0419229978647,0.0,0.0,0.0,-25.70483560740078,0.0,0.0,175.7066961064896,0.0,0.0,175.7066961064896,0.0,0.0,-109.37482057806486,0.0,0.0,51.29122168110663,0.0,301.3388143955944,0.0,0.0,0.0,-1000.0,0.0,1000.0,0.0,1000.0,93.34390116222585,0.0,296.3786924889897,0.0,0.0,0.0,13.432140839876865,-0.30117796352721543,0.0,0.0,0.0,0.0,0.20078530901814362,0.0,0.0,0.0,449.29640123562336,145.44009285029188,0.0,-408.65894801829177,35.710960168917495,138.19277793688116,693.2289398794007,0.0,543.8850223683236,0.0,-347.3995272990735,0.0,0.0,0.0,845.1744482161096,-1000.0,-389.05947058443314,-1000.0,-641.9455388094243,0.0,0.0,0.0,0.0,0.0,0.0,0.0,0.0,0.0,0.0,0.0,0.0,0.0,0.0,0.0,0.0,0.0,-1000.0,0.0,-992.7235824805127,0.0,0.0,0.0,0.0,0.0,0.0,36.273519673111174,0.0,0.0,0.0,0.0,737.417621741164,0.0,385.30791677756827,0.0,0.0,593.6138213196444,731.126294921744,0.0,256.2399886689311,-1000.0,-385.30791677756827,-378.7480763214892,-933.2009820357291,-5.01963272545359,-10.03926545090718,0.0,0.0,0.0,1000.0,-223.8543520240192,285.3861140489641,0.0,0.0,0.0,0.0,0.0,0.0,0.0,0.0,0.0,0.0,444.6830262011496,0.0,0.0,-668.8713808687853,0.0,0.0,0.0,0.0,0.0,-66.47961948247212,0.0,0.0,0.0,0.0,0.0,0.0,0.0,-287.9470748011073,0.4015706180362031,0.0,0.0,0.0,0.0,0.0,0.0,0.0,0.0,0.0,0.0,0.0,0.0,0.0,0.0,0.0,0.0,0.0,0.0,0.0,0.22086383991995717,0.22086383991995717,0.0,89.63120016050016,0.0,120.47118541088616,0.0,0.0,0.0,1000.0,0.0,0.0,0.0,0.0,0.0,1000.0,-1000.0,0.0,0.0,517.8415355907966,0.0,0.0,0.0,0.0,0.0,0.0,0.0,0.0,0.0,0.0,333.3333333333333,-449.29640123562336,0.0,0.0,15.460468794397002,0.0,812.5000000000001,0.0,-258.85219776502635,0.0,1000.0,0.0,0.0,712.0529251988927,0.0,0.0,0.0,0.0,0.0,0.0,0.0,0.0,0.0,0.0,0.0,0.0,0.0,0.0,0.0,0.0,120.47118541088616,93.34390116222585,93.34390116222585,0.0,0.0,0.0,0.0,0.0,0.0,0.0,0.0,0.0,0.0,2.007853090181436,0.0,0.0,0.0,0.0,0.0,709.1198142994162,0.0,0.0,285.3861140489641,-517.8415355907966,0.0,0.0,0.0,0.0,0.0,0.0,0.0,0.0,0.0,538.7966838459397,0.0,0.0,60.23559270544308,60.23559270544308,-413.52684235230583,-1000.0,0.0,0.0,0.0,0.0,0.0,0.0,0.0,-120.96933830194757,0.0,-41.46346465071338,0.20078530901814362,0.0,0.0,0.0,265.1656841740327,0.0,0.0,-812.5000000000001,0.0,-93.34390116222585,0.0,0.0,0.0,0.0,0.0,0.0,0.0,0.0,0.0,0.0,0.0,0.0,0.20078530901814362,0.0,0.0,0.0,0.0,0.0,0.0,0.0,0.0,0.0,0.0,36.273519673111174,0.0,0.0,7.276417519487268,-15.05889817636077,-6.336057662914527,-3.7032077879926533,0.0,0.0,0.0,0.0,0.0,0.0,0.0,0.0,0.0,0.0,0.0,93.34390116222585,138.19277793688116,0.0,0.0,-213.815086573112,0.0,0.0,0.0,-0.20078530901814362,0.0,0.0,0.20078530901814362,0.0,0.20078530901814362,0.0,0.0,0.0,120.47118541088616,244.9580770021352,244.9580770021352,0.0,0.0,0.0,0.0,0.0,0.0,0.0,0.0,0.0,0.0,0.0,0.0,862.4620633225717,0.0,0.0,0.0,0.0,0.0,0.0,0.0,0.0,0.0,0.0,0.0,0.0,0.0,0.0,258.85219776502635,0.0,-760.2617349307487,760.2617349307487,0.30117796352721543,0.0,0.0,0.0,-285.3861140489641,0.0,0.0,0.0,0.0,0.0,-89.63120016050016,10.03926545090718,0.0,0.0,0.0,0.0,1000.0,-6.336057662914527,-3.7032077879926533,0.0,0.0,0.0,0.0,0.0,0.0,0.0,93.34390116222585,0.0,517.8415355907966,279.9444860809133,89.63120016050016,0.0,611.5713212749621,-347.3995272990735,0.0,29.937462010196647,0.0,-29.937462010196647,0.0,-1000.0,0.0,10.03926545090718,219.62781797008506,0.0,0.0,0.0,-66.47961948247212,0.0,0.0,723.2296842112213,-723.2296842112213,0.0,0.0,0.0,0.0,0.0,104.69009833686093,-134.80789468958253,244.9580770021352,0.0,0.0,0.0,0.0,0.0,0.0,0.0,0.0,0.0,6.465286950386144,0.0,0.0,0.0,-265.1656841740327,438.43467770503935,-129.36782900000574,60.23559270544308,0.0,0.0,0.0,0.0,-119.48614221508575,0.0,0.0,0.22086383991995717,0.0,0.0,0.0,122.4790385010676,0.0,0.0,0.0,0.0,-2.5609607521432167,0.0,679.5844864322403,0.0,0.0,0.0,0.0,0.0,0.0,0.0,0.0,0.020078530901814773,0.020078530901814773,0.0,0.0,0.0,0.0,0.0,0.0,0.0,0.0,0.0,0.0,0.0,0.0,0.0,0.0,0.0,89.63120016050016,0.0,0.0,0.0,0.0,0.0,0.0,0.0,51.29122168110663,0.0,0.0,0.0,0.0,0.0,1000.0,177.43914893180732,0.0,0.0,0.0,120.47118541088616,0.0,0.0,0.0,0.0,0.0,296.33117429558877,-416.80235970647493,0.0,0.0,0.0,0.0,0.0,0.0,0.0,0.0,0.0,0.0,0.0,0.0,399.5179258412891,-1000.0,1000.0,0.0,-285.3861140489641,0.0,-8.079558755559695,0.0,0.0,0.0,0.0,0.0,0.0,0.0,0.0,0.0,343.75,0.0,-343.75,-343.75,0.0,0.0,0.0,0.0,-25.09816362726795,93.34390116222585,-752.4765199175248,982.2110598357933,0.0,0.0,0.0,0.0,0.0,0.0,-2.509816362726795,66.47961948247212,0.0,0.0,0.0,0.0,0.0,0.0,0.0,1000.0,60.23559270544308,60.23559270544308,0.0,0.0,0.0,0.0,0.0,0.22086383991995717,89.63120016050016,0.0,0.0,8.079558755559695,0.0,0.0,0.0,0.0,0.0,0.0,0.0,0.0,0.0,0.0,0.0,0.0,0.0,0.0,380.13086746537437,0.0,0.0,0.0,0.0,210.8245744690508,15.460468794397002,0.0,0.0,0.0,0.0,0.0,89.63120016050016,0.0,0.0,0.0,0.0,0.0,-25.09816362726795,0.0,0.0,0.0,0.0,0.0,0.0,0.0,0.0,0.0,0.0,0.0,0.0,0.0,0.0,0.0,0.0,0.0,0.0,-0.20078530901814362,0.0,0.0,10.03926545090718,-1000.0,0.0,0.0,0.0,0.0,93.34390116222585,0.0,0.0,0.0,-845.1744482161096,5.01963272545359,0.0,0.0,0.0,0.20078530901814362,0.0,200.7853090181436,-62.243445795624524,40.15706180362872,1.4341807787010257,560.1910121606207,-0.15058898176360772,378.7480763214892,4.015706180362872,-1.0039265450905712,-560.1910121606207,60.23559270544308,-0.20078530901814362,115.7998424330245,0.0,0.050196327254535905,1.4341807787010257,-347.3995272990735,-31.965021195690326,-4.015706180362872,-322.8792417820992,-0.20078530901814362,0.050196327254535905,-560.1910121606207,20.07853090181436,0.20078530901814362,0.20078530901814362,-89.20955101156206,0.2208638399199584,0.0,-0.15058898176360772,60.23559270544308,0.20078530901814362,285.3861140489641,124.7578668344492,-0.10039265450907181,-305.200945401853,-279.13151397585887,-0.15058898176360772,-0.20078530901814362,-62.243445795624524,0.20078530901814362,20.07853090181436,-4.015706180362872,258.85219776502635,258.85219776502635,-20.07853090181436,322.8792417820992,-258.85219776502635,40.15706180362872,0.30117796352721543,-1000.0,20.07853090181436,-333.3333333333333,0.0,-40.15706180362872,0.10039265450907181,2.007853090181436,102.16473700457294,129.78826196412888,-0.20078530901814362,-134.80789468958253,89.20955101156206,62.243445795624524,0.20078530901814362,31.965021195690326,-466.0928921652936,0.0,-0.20078530901814362,-0.050196327254535905,0.0,-0.20078530901814362,-967.5315612333476,0.20078530901814362,-0.050196327254535905,-0.050196327254535905,-0.050196327254535905,80.31412360725744,-124.7578668344492,2.007853090181436,276.0136835512337,-0.050196327254535905,88.52963157612139,10.03926545090718,154.01280285146083,0.20078530901814362,0.10039265450907181,0.10039265450907181,-26.593419679298563,62.243445795624524,0.20078530901814362,-62.243445795624524,2.007853090181436,0.20078530901814362,-530.5274190160633,0.20078530901814362,0.8031412360724275,1.0039265450905712,0.10039265450907181,0.050196327254535905,60.23559270544308,-0.20078530901814362,0.0,2.007853090181436,-552.0273671024675,373.7284435960356,-20.07853090181436,40.15706180362872,10.03926545090718,-0.20078530901814362,347.3995272990735,0.30117796352721543,-0.20078530901814362,53.186839358597126,62.243445795624524,545.5019860476405,0.10039265450907181,-308.02560570292167,-0.20078530901814362,-0.20078530901814362,-0.20078530901814362,0.10039265450907181,560.1910121606207,-40.15706180362872,0.20078530901814362,204.32947400914588,-0.050196327254535905,-0.2208638399199584,-204.32947400914588,30.117796352721538,279.13151397585887,69.91049056776541,560.1910121606207,-0.15058898176360772,134.80789468958253,-129.78826196412888,0.20078530901814362,-0.050196327254535905,10.03926545090718,200.7853090181436,-0.10039265450907181,-0.20078530901814362,0.050196327254535905,0.0,0.0,999.899607345491,254.51373546482955,-1000.0,0.0,822.4376490322738,-758.6888624254142,0.0,980.1855401945473,-137.4405607057048,-651.7283830785908,0.0,-490.0927700972737,500.0,68.7202803528524,0.0,379.3444312127071,-89.63120016050016,-426.01584383255465,0.0,651.7283830785908,-426.0158438325547,-822.4376490322738,634.2260051478765,0.0,1496.5981,bhi
122,0.0,0.0,0.0,0.0,0.0,0.0,0.0,0.0,-0.037553769448443186,0.0,0.0,0.0,0.0,0.0,0.0,0.0,-497.75277018199074,782.1404121000579,0.0,0.0,0.0,0.0,0.0,424.1377849196754,0.0,0.0,0.0,0.0,0.0,-1000.0,0.0,0.0,569.0294745009476,0.0,0.0,0.0,0.0,999.8497849222055,0.0,-1000.0,440.7242859174261,0.0,0.0,0.0,0.0,0.0,0.0,264.5740252461396,1000.0,0.0,0.0,-497.75277018199074,0.0,0.04130914639239336,0.0,0.0,0.0,272.0847791358283,0.0,0.0,252.71009854406805,0.0,946.6229497944546,431.28104681803876,0.0,0.0,0.0,0.0,690.8987141387233,97.18251933908084,0.0,0.3755376944844319,0.0,0.0,0.0,0.0,0.0,0.0,0.0,380.22637826076334,0.0,0.0,381.2101062084937,0.0,22.532261669065914,0.0,0.0,-962.2696786820057,0.0,-251.09544958191827,-0.009388442362110797,0.0,0.0,0.0,11.266130834532957,0.0,158.64338488378166,0.0,0.0,0.0,381.2101062084937,1.8776884724221594,-1000.0,0.0,0.0,-347.64592446331665,0.0,0.0,0.0,0.0,0.0,0.0,0.0,0.0,0.0,0.0,0.0,0.0,0.0,0.0,0.0,0.0,0.0,0.0,-403.3546175255725,0.0,0.0,158.64338488378166,0.0,11.641668529017387,11.641668529017387,0.0,-186.6486305863189,0.0,186.6486305863189,-186.6486305863189,-198.50170103549965,0.0,0.0,-569.5503004849844,0.0,0.0,0.0,0.0,0.0,-378.3184659609636,0.037553769448443186,0.0,0.0,0.0,563.576919189273,-563.576919189273,0.0,0.0,0.0,0.0,641.8580733950776,0.0,0.0,0.0,0.0,0.0,662.087849369069,662.087849369069,0.0,0.0,0.0,0.0,0.0,0.0,0.0,662.1254031385174,0.0,0.0,0.0,-1000.0,0.0,0.0,0.0,0.0,0.0,0.0,0.0,0.0,0.0,0.0,-881.2339293766111,0.0,0.0,0.0,0.0,305.03423046735816,0.0,0.0,0.0,0.0,0.0,0.0,497.75277018199074,251.09544958191827,-251.09544958191827,622.2907012355151,0.0,0.0,0.0,0.0,0.0,0.0,0.0,-576.4217599854094,0.0,0.0,0.0,0.0,0.0,0.0,0.0,0.0,0.0,0.0,0.0,0.0,0.0,0.0,-586.2916246614882,0.0,0.0,0.0,0.0,145.76130028496885,-528.055515965311,0.0,0.0,0.0,0.0,252.71009854406805,0.0,0.0,0.0,0.0,0.0,0.0,0.0,0.0,0.0,321.86214355076436,0.0,147.3772540492487,0.0,-748.9045504180817,-1000.0,786.5785410819035,0.0,0.0,0.0,0.0,768.052001520484,-954.1844012728993,0.0,0.0,0.0,-259.80212790440726,0.0,0.0,-936.802590093489,0.0,0.0,-936.802590093489,0.0,0.0,251.09544958191827,0.0,497.75277018199074,0.0,0.0,33.82316854898707,0.0,0.0,0.0,602.3256386339451,0.0,-602.3256386339451,0.0,662.0502955996205,0.0,145.76130028496885,-211.15986405893784,0.0,0.0,0.0,252.71009854406805,-0.05633065417266478,0.0,0.0,0.0,0.0,0.037553769448443186,0.0,0.0,0.0,-879.7749441721083,-497.75277018199074,0.0,-231.7639496422111,613.1071475647618,0.0,520.896041013902,0.0,232.50503946793765,0.0,-347.64592446331665,0.0,0.0,0.0,-3.233379549510064,203.03296561390786,-432.3046255323354,-739.7284499774872,-1000.0,0.0,0.0,0.0,0.0,0.0,0.0,0.0,0.0,0.0,0.0,0.0,0.0,0.0,0.0,0.0,0.0,0.0,0.0,0.0,-1000.0,0.0,0.0,320.6529121745245,437.86354903435534,0.0,0.0,56.45632241019923,0.0,0.0,0.0,381.7384749700067,0.0,-1000.0,315.8329823468523,0.0,-0.9388442362110797,106.0683202473688,-194.25037901483014,-1.8776884724221594,0.0,0.0,-315.8329823468523,-220.80946298959984,1000.0,0.0,0.0,-960.5999071853511,0.0,396.80709769170085,1000.0,-1000.0,158.64338488378166,0.0,0.0,0.0,0.0,0.0,0.0,0.0,0.0,0.0,0.0,-807.6170059717471,0.0,0.0,0.0,0.0,0.0,0.0,0.0,0.0,-262.6318044323478,0.0,0.0,78.47162978730569,0.0,0.0,0.0,0.0,-744.9350095452698,0.07510753889687144,0.0,0.0,0.0,0.0,0.0,0.0,0.0,0.0,0.0,788.0812334778042,0.0,0.0,0.0,0.0,0.0,0.0,0.0,0.0,0.0,0.04130914639239336,0.04130914639239336,0.0,210.63531203493116,0.0,22.532261669065914,0.0,2.567544379117976,0.0,1000.0,0.0,0.0,0.0,0.0,0.0,1000.0,-1000.0,0.0,0.0,0.0,0.0,0.0,78.47162978730569,0.0,0.0,0.0,0.0,0.0,0.0,0.0,134.45153917519085,879.7749441721083,0.0,0.0,2.8916402475301104,0.0,0.0,0.0,-94.23518527020417,0.0,1000.0,0.0,255.0649904547302,0.0,0.0,0.0,0.0,0.0,0.0,0.0,0.0,0.0,0.0,0.0,0.0,0.0,0.0,0.0,0.0,0.0,22.532261669065914,768.052001520484,768.052001520484,0.0,0.0,0.0,0.0,0.0,0.0,0.0,0.0,0.0,0.0,0.3755376944844319,0.0,0.0,0.0,0.0,0.0,497.75277018199074,0.0,0.0,158.64338488378166,0.0,0.0,0.0,0.0,0.0,0.0,0.0,0.0,0.0,0.0,0.0,0.0,0.0,11.266130834532957,11.266130834532957,1000.0,-1000.0,0.0,78.47162978730569,0.0,0.0,0.0,0.0,0.0,739.7284499774872,0.0,1000.0,0.037553769448443186,0.0,0.0,-343.75000000000006,346.77844326480664,618.672635119584,0.0,0.0,0.0,0.0,0.0,0.0,0.0,0.0,0.0,0.0,0.0,0.0,0.0,0.0,0.0,0.0,0.037553769448443186,0.0,0.0,0.0,1000.0,-1000.0,0.0,0.0,0.0,0.0,0.0,377.1092345847237,0.0,0.0,-1000.0,-2.8165327086332392,-1.8776884724221594,0.0,0.0,0.0,0.0,0.0,0.0,0.0,0.0,0.0,0.0,0.0,0.0,768.052001520484,0.0,0.0,0.0,-601.315213835877,0.0,0.0,0.0,-0.037553769448443186,0.0,0.0,0.037553769448443186,0.0,0.037553769448443186,0.0,0.0,0.0,22.532261669065914,45.815598727100685,45.815598727100685,0.0,0.0,0.0,0.0,0.0,0.0,0.0,0.0,0.0,0.0,0.0,0.0,0.0,0.0,0.0,0.0,0.0,0.0,0.0,0.0,0.0,0.0,0.0,0.0,0.0,0.0,0.0,94.23518527020417,0.0,0.0,0.0,0.05633065417266478,0.0,0.0,0.0,-158.64338488378166,0.0,0.0,0.0,0.0,0.0,-210.63531203493116,1.8776884724221594,0.0,0.0,0.0,0.0,0.0,0.0,0.0,0.0,0.0,0.0,0.0,0.0,0.0,0.0,768.052001520484,0.0,0.0,-45.450238261559186,210.63531203493116,0.0,428.27246119564603,271.02671065626737,0.0,56.45632241019923,0.0,-56.45632241019923,0.0,-1000.0,2.567544379117976,1.8776884724221594,1000.0,0.0,169.23981739635298,0.0,-262.6318044323478,0.0,0.0,0.0,0.0,0.0,0.0,0.0,0.0,0.0,1000.0,-124.39913604065566,45.815598727100685,0.0,0.0,0.0,0.0,0.0,0.0,0.0,0.0,0.0,321.86214355076436,0.0,0.0,94.68577412017544,-791.1096767426108,-1000.0,0.0,11.266130834532957,0.0,0.0,0.0,0.0,-256.26757350801995,0.0,0.0,0.04130914639239336,0.0,0.0,0.0,22.907799363550343,0.0,0.0,0.0,0.0,-586.2916246614882,0.0,0.0,0.0,0.0,0.0,0.0,0.0,0.0,-611.0900537128258,0.0,0.003755376944844319,0.003755376944844319,0.0,0.0,0.0,0.0,0.0,0.0,0.0,0.0,0.0,-343.75000000000006,0.0,0.0,0.0,0.0,0.0,210.63531203493116,0.0,0.0,0.0,0.0,0.0,0.0,0.0,0.0,0.0,0.0,0.0,0.0,1000.0,0.0,782.1404121000579,0.0,0.0,0.0,22.532261669065914,0.0,0.0,0.0,0.0,0.0,-22.532261669065914,0.0,0.0,0.0,0.0,0.0,0.0,0.0,0.0,0.0,0.0,0.0,0.0,0.0,-1000.0,-1000.0,25.724332072183586,0.0,-158.64338488378166,0.0,999.8497849222055,0.0,0.0,0.0,0.0,0.0,0.0,0.0,0.0,0.0,218.74999999999997,0.0,-218.75,-218.74999999999997,0.0,0.0,0.0,2.567544379117976,-4.694221181055399,768.052001520484,-2.8165327086332392,121.58260333202213,0.0,0.0,0.0,0.0,0.0,0.0,-0.46942211810553985,262.6318044323478,0.0,0.0,0.0,0.0,0.0,0.0,0.0,1000.0,11.266130834532957,11.266130834532957,0.0,0.0,0.0,0.0,380.22637826076334,0.04130914639239336,210.63531203493116,0.0,0.0,-999.8497849222055,0.0,0.0,0.0,0.0,0.0,0.0,0.0,0.0,0.0,0.0,0.0,0.0,0.0,0.0,0.0,0.0,0.0,11.641668529017387,0.0,39.43145792086535,0.0,0.0,2.8916402475301104,0.0,0.0,0.0,210.63531203493116,0.0,318.7752237021023,0.0,0.0,0.0,-4.694221181055399,0.0,0.0,0.0,0.0,0.0,0.0,0.0,0.0,0.0,0.0,0.0,0.0,0.0,0.0,0.0,0.0,0.0,0.0,-0.037553769448443186,0.0,0.0,1.8776884724221594,-1000.0,0.0,0.0,0.0,0.0,768.052001520484,0.0,0.0,0.0,3.233379549510064,0.9388442362110797,0.0,0.0,0.0,0.037553769448443186,0.0,37.553769448443184,0.0,7.510753889688638,0.2682412103460228,128.05835381919124,-0.02816532708633239,220.80946298959984,0.7510753889688638,-0.18776884724297815,-128.05835381919124,11.266130834532957,-0.037553769448443186,115.88197482110554,78.47162978730569,0.009388442362110797,0.2682412103460228,-347.64592446331665,-5.9785600961921475,-0.7510753889688638,-284.3876419180672,-0.037553769448443186,0.009388442362110797,-128.05835381919124,527.0798685667969,0.037553769448443186,0.037553769448443186,-210.55644911909033,0.041309146393287505,0.0,-0.02816532708633239,11.266130834532957,0.037553769448443186,158.64338488378166,128.60036932502712,-0.018776884724221593,53.43377553155574,524.2625852510182,-0.02816532708633239,-0.0375537694484432,0.0,0.037553769448443186,3.755376944844319,-0.7510753889688638,94.23518527020417,94.23518527020417,-3.755376944844329,284.3876419180672,-94.23518527020417,7.510753889688638,0.05633065417266478,-1000.0,3.755376944844319,-134.45153917519085,78.47162978730569,-7.510753889688638,0.018776884724221593,0.3755376944844319,57.94098741055277,218.1460659246198,-0.037553769448443186,-219.0849101608311,210.55644911909033,11.641668529017387,0.037553769448443186,5.9785600961921475,-637.2946392220276,78.47162978730569,-0.037553769448443186,-0.009388442362110797,-78.47162978730569,-0.037553769448443186,-744.9350095452698,0.037553769448443186,-0.009388442362110797,-0.009388442362110797,-0.009388442362110797,15.021507779377275,-128.60036932502712,0.3755376944844319,27.822648940115187,-0.009388442362110797,0.0,1.8776884724221594,374.3451932450571,0.037553769448443186,0.018776884724221593,0.018776884724221593,-29.88945830398727,0.0,0.037553769448443186,0.0,0.3755376944844319,0.037553769448443186,-27.822648940115187,0.037553769448443186,0.15021507779454168,0.18776884724297815,0.018776884724221593,0.009388442362110797,11.266130834532957,-0.037553769448443186,0.0,0.3755376944844319,-55.64529788023037,219.87061875338875,-3.755376944844319,7.510753889688638,1.8776884724221594,-0.037553769448443186,347.64592446331665,0.05633065417266478,-0.037553769448443186,59.77891660797454,0.0,376.1015314001627,0.018776884724221593,-748.6903864901142,-0.037553769448443186,-0.037553769448443186,-0.037553769448443186,0.0187768847242216,128.05835381919124,-7.510753889688638,0.037553769448443186,115.88197482110554,-0.009388442362110797,-0.041309146393287505,-115.88197482110554,5.633065417266478,-524.2625852510182,107.83184561259233,128.05835381919124,-0.02816532708633239,219.0849101608311,-218.1460659246198,0.037553769448443186,-0.009388442362110797,383.61616344242884,37.553769448443184,-0.018776884724221593,-0.037553769448443186,0.009388442362110797,1000.0,0.0,999.9812231152757,0.0,1000.0,0.0,-55.626257136011645,-298.8327021494898,523.3244916219526,-1000.0,529.079541425791,-435.7832150853347,0.0,500.0,-500.0,-264.5397707128955,-523.3244916219526,149.4163510747449,-210.63531203493116,-119.83395789214272,0.0,435.7832150853347,-119.83395789214272,55.626257136011645,288.9565025705858,0.0,1496.5981,bhi
123,0.0,0.0,0.0,0.0,0.0,0.0,0.0,0.0,261.99984601803817,0.0,0.0,0.0,0.0,0.0,0.0,0.0,473.0218832384773,-350.42386421307816,0.0,384.25514856555947,0.0,0.0,0.0,0.0,0.0,0.0,0.0,0.0,0.0,-1000.0,74.01011445224322,-74.01011445224322,1000.0,0.0,0.0,0.0,0.0,999.8760907820484,0.0,-1000.0,695.7197715949919,0.0,0.0,288.07094617534244,0.0,0.0,0.0,0.0,526.9781167615226,0.0,0.0,0.0,0.0,0.03407503493673403,0.0,0.0,0.0,6.195460897575099,0.0,0.0,-72.04482632433678,0.0,-596.3087532734414,-959.3167140225479,0.0,0.0,0.0,0.0,0.0,0.0,0.0,0.309773044878755,0.0,0.0,0.0,0.0,0.0,0.0,0.0,0.0,0.0,0.0,641.5638385844711,0.0,18.586382692725298,0.0,141.63443169994645,0.0,-57.90490265777481,0.0,-0.007744326121968874,0.0,0.0,692.6113981618361,9.293191346362649,0.0,304.280228405008,0.0,0.0,0.0,641.5638385844711,893.6667456264539,-1000.0,0.0,0.0,-271.2843904848811,0.0,0.0,0.0,0.0,0.0,0.0,0.0,0.0,0.0,0.0,0.0,0.0,0.0,0.0,0.0,0.0,0.0,0.0,-45.21406508081352,0.0,0.0,304.280228405008,0.0,9.602964391241402,0.0,0.0,0.0,0.0,0.0,0.0,0.0,0.0,0.0,-290.9631344247697,0.0,0.0,0.0,0.0,0.0,-497.54415443895823,0.030977304487875498,0.0,0.0,0.0,0.0,0.0,0.0,0.0,0.0,0.0,422.51634789570653,0.0,0.0,0.0,0.0,0.0,925.9589082432689,925.9589082432689,0.0,0.0,0.0,0.0,0.0,0.0,0.0,1000.0,0.0,0.0,0.0,501.1895088102476,0.0,0.0,0.0,0.0,0.0,0.0,0.0,0.0,0.0,0.0,-436.05508411439706,0.0,0.0,0.0,0.0,-1000.0,0.0,0.0,0.0,0.0,0.0,0.0,0.0,57.90490265777481,-57.90490265777481,290.9631344247697,0.0,0.0,0.0,0.0,0.0,0.0,0.0,-770.2800683556628,0.0,0.0,0.0,0.0,0.0,0.0,0.0,0.0,0.0,0.0,0.0,0.0,0.0,0.0,34.391080031901765,0.0,0.0,0.0,0.0,0.0,-290.9631344247697,0.0,0.0,0.0,0.0,-72.04482632433678,-288.07094617534244,74.01011445224322,0.0,0.0,0.0,0.0,0.0,0.0,0.0,75.007583656755,0.0,294.98703705864534,0.0,115.80980531554962,0.0,584.8830194192974,0.0,0.0,0.0,0.0,290.9631344247697,474.5789241161943,0.0,0.0,0.0,-183.26194240424013,0.0,0.0,-943.2215213233047,0.0,0.0,-943.2215213233047,0.0,0.0,0.0,0.0,-435.2419297512665,0.0,0.0,86.42667952117263,0.0,0.0,0.0,347.2646365915413,0.0,-347.2646365915413,0.0,575.0347502911849,0.0,0.0,-871.0843156182051,0.0,0.0,0.0,-72.04482632433678,-0.046465956731813245,0.0,0.0,0.0,0.0,0.030977304487875498,0.0,0.0,0.0,620.7121879382369,473.0218832384773,0.0,-180.85626032325408,-659.0809186130978,0.0,1000.0,0.0,1000.0,0.0,-271.2843904848811,0.0,0.0,0.0,-2.6671459164061506,-908.514097194075,-88.8187568895188,-816.3508412896614,-1000.0,0.0,0.0,0.0,0.0,0.0,0.0,0.0,0.0,0.0,0.0,0.0,0.0,0.0,0.0,0.0,0.0,0.0,0.0,0.0,-1000.0,0.0,0.0,0.0,1000.0,0.0,0.0,496.5466852344475,0.0,0.0,0.0,716.3586033646942,892.1178804020601,0.0,0.0,52.39219457457614,0.0,908.514097194075,-652.687606610494,559.8007726705398,0.0,-669.2507869680996,0.0,-1000.0,534.0084279719758,-0.7744326121968874,-561.3496378949336,0.0,0.0,-1000.0,1000.0,397.93848323334157,304.280228405008,0.0,0.0,0.0,0.0,0.0,262.03082332252603,0.0,0.0,0.0,0.0,-134.4666691606061,0.0,0.0,0.0,0.0,0.0,0.0,0.0,0.0,-151.78392367355082,0.0,0.0,0.0,0.0,0.0,0.0,0.0,-269.88914837310625,0.06195460897578269,0.0,0.0,0.0,0.0,0.0,0.0,0.0,0.0,0.0,0.0,0.0,0.0,0.0,0.0,0.0,0.0,0.0,0.0,0.0,0.03407503493673403,0.03407503493673403,74.01011445224322,360.7412578434534,0.0,18.586382692725298,0.0,0.0,0.0,1000.0,0.0,481.119576618949,141.63443169994645,0.0,0.0,40.01034577482395,-1000.0,0.0,0.0,135.7711739808309,0.0,0.0,0.0,0.0,0.0,0.0,0.0,0.0,0.0,0.0,15.07135502693784,-620.7121879382369,0.0,0.0,144.01968414551288,0.0,0.0,692.6113981618361,692.6113981618361,0.0,40.01034577482395,0.0,-229.8788025982823,0.0,0.0,0.0,0.0,0.0,0.0,0.0,0.0,0.0,0.0,0.0,0.0,0.0,0.0,0.0,0.0,0.0,18.586382692725298,290.9631344247697,290.9631344247697,0.0,0.0,0.0,0.0,0.0,0.0,0.0,0.0,0.0,0.0,0.309773044878755,0.0,74.01011445224322,141.63443169994645,-141.63443169994645,74.01011445224322,0.0,0.0,0.0,304.2802284050081,-135.7711739808309,0.0,0.0,0.0,0.0,0.0,0.0,0.0,0.0,0.0,1000.0,0.0,0.0,9.293191346362649,9.293191346362649,1000.0,-1000.0,0.0,0.0,0.0,0.0,0.0,0.0,0.0,816.3508412896614,0.0,1000.0,0.030977304487875498,0.0,0.0,0.0,40.90995590545214,727.3203674033441,0.0,-692.6113981618361,0.0,0.0,0.0,0.0,0.0,0.0,0.0,0.0,0.0,0.0,0.0,0.0,0.0,0.0,0.030977304487875498,0.0,0.0,0.0,0.0,0.0,0.0,0.0,0.0,0.0,0.0,496.5466852344475,0.0,0.0,-1000.0,-2.3232978365906622,-0.8854505103951161,-0.6634147139986587,0.0,0.0,0.0,0.0,0.0,0.0,0.0,0.0,0.0,0.0,0.0,290.9631344247697,0.0,0.0,0.0,-600.5126515422647,0.0,0.0,0.0,261.99984601803817,0.0,0.0,0.030977304487875498,0.0,0.030977304487875498,0.0,0.0,0.0,18.586382692725298,37.7923114752081,37.7923114752081,0.0,0.0,0.0,0.0,0.0,0.0,0.0,0.0,0.0,0.0,0.0,0.0,0.0,0.0,0.0,0.0,0.0,0.0,0.0,0.0,0.0,0.0,0.0,0.0,0.0,0.0,0.0,0.0,0.0,0.0,0.0,0.046465956731813245,0.0,0.0,0.0,-304.280228405008,0.0,0.0,0.0,0.0,0.0,-360.7412578434534,1.5488652243937748,0.0,0.0,0.0,0.0,0.0,-0.8854505103951161,-0.6634147139986587,0.0,0.0,0.0,0.0,0.0,0.0,0.0,290.9631344247697,0.0,135.7711739808309,1000.0,360.7412578434534,0.0,233.5920947053216,456.03597691846295,0.0,495.6612347240524,0.0,-495.6612347240524,0.0,436.78661264098616,0.0,1.5488652243937748,1000.0,0.0,0.0,-74.01011445224322,-435.0527870734437,562.4999999999936,-562.4999999999936,0.0,0.0,0.0,0.0,0.0,0.0,0.0,433.7317862778064,-2.3232978365906614,37.7923114752081,0.0,0.0,0.0,74.01011445224322,0.0,0.0,0.0,0.0,0.0,75.007583656755,0.0,0.0,365.3878535166347,-40.90995590545214,-37.49843786511651,0.0,9.293191346362649,141.63443169994645,0.0,0.0,0.0,-206.32406942878652,0.0,0.0,0.03407503493673403,0.0,0.0,0.0,18.89615573760405,0.0,0.0,0.0,0.0,34.391080031901765,0.0,0.0,0.0,0.0,0.0,0.0,0.0,0.0,-364.9732488770129,0.0,895.9092252995205,0.0030977304487875496,0.0,0.0,0.0,0.0,0.0,0.0,0.0,0.0,0.0,0.0,74.01011445224322,0.0,0.0,0.0,0.0,360.7412578434534,0.0,0.0,0.0,0.0,0.0,0.0,0.0,0.0,0.0,0.0,0.0,283.2688633998929,1000.0,422.0351020527702,-350.42386421307816,0.0,0.0,0.0,18.586382692725298,0.0,0.0,0.0,0.0,0.0,0.0,-18.586382692725298,0.0,283.2688633998929,0.0,0.0,0.0,0.0,0.0,0.0,0.0,74.01011445224322,74.01011445224322,0.0,-1000.0,-1000.0,21.219453574194716,-304.2802284050081,0.0,0.0,999.8760907820484,0.0,0.0,0.0,0.0,0.0,0.0,0.0,0.0,0.0,406.25,0.0,-406.25,-406.25,0.0,0.0,0.0,0.0,-3.872163060984437,290.9631344247697,-894.4411782386509,0.0,0.0,0.0,0.0,0.0,0.0,-0.3872163060984437,0.0,151.78392367355082,0.0,0.0,0.0,0.0,0.0,0.0,0.0,1000.0,9.293191346362649,9.293191346362649,0.0,0.0,0.0,0.0,0.0,0.03407503493673403,360.7412578434534,0.0,0.0,-999.8760907820484,895.9061275690717,0.0,0.0,0.0,0.0,0.0,0.0,0.0,0.0,0.0,0.0,0.0,0.0,0.0,0.0,0.0,0.0,0.0,0.0,32.52616971226927,144.01968414551288,0.0,0.0,0.0,0.0,0.0,360.7412578434534,0.0,0.0,0.0,0.0,0.0,-3.872163060984437,0.0,0.0,0.0,0.0,0.0,0.0,0.0,0.0,0.0,0.0,0.0,0.0,0.0,0.0,0.0,0.0,0.0,0.0,-0.030977304487875498,0.0,0.0,1.5488652243937748,-40.01034577482395,0.0,0.0,0.0,0.0,290.9631344247697,0.0,0.0,0.0,2.6671459164061506,0.7744326121968874,0.0,0.0,0.0,0.030977304487875498,0.0,30.977304487875497,-9.602964391241402,6.195460897575099,0.22126646062768213,86.42667952117262,-0.023232978365906622,947.6078054254239,0.61954608975751,-0.1548865224394831,-86.42667952117262,9.293191346362649,-0.030977304487875498,90.42813016162704,0.0,0.007744326121968874,0.22126646062768213,-271.2843904848811,-146.56601857441737,73.39056836248571,-506.85316759095866,-0.030977304487875498,0.007744326121968874,-86.42667952117262,451.3490068225868,0.030977304487875498,0.030977304487875498,-360.6762055040288,-141.60035666500983,0.0,-0.023232978365906622,9.293191346362649,0.030977304487875498,304.2802284050081,279.49838481470755,-0.015488652243937749,120.05243307405567,287.83442667149427,-0.023232978365906622,-0.030977304487875498,-9.602964391241402,0.030977304487875498,3.0977304487875497,-0.61954608975751,0.0,0.0,-3.0977304487875585,506.85316759095866,0.0,6.195460897575099,0.046465956731813245,-1000.0,3.0977304487875497,-15.07135502693784,0.0,-6.195460897575099,0.015488652243937749,0.309773044878755,45.21406508081352,366.9367187410285,-0.030977304487875498,-367.7111513532254,360.6762055040288,9.602964391241402,0.030977304487875498,146.56601857441737,-780.4110788178953,0.0,-0.030977304487875498,-0.007744326121968874,0.0,-0.030977304487875498,-269.88914837310625,0.030977304487875498,-0.007744326121968874,-0.007744326121968874,-0.007744326121968874,12.390921795150199,-279.49838481470755,0.309773044878755,201.53311644555075,-0.007744326121968874,0.0,1.5488652243937748,136.4934394109469,0.030977304487875498,0.015488652243937749,0.015488652243937749,3.0977304487875497,9.602964391241402,0.030977304487875498,-9.602964391241402,0.309773044878755,0.030977304487875498,-558.6987284117466,0.030977304487875498,0.12390921795153276,0.1548865224394831,0.015488652243937749,0.007744326121968874,9.293191346362649,-0.030977304487875498,0.0,-36.695284181242855,-403.0662328911015,946.833372813227,-3.0977304487875497,6.195460897575099,1.5488652243937748,-0.030977304487875498,271.2843904848811,0.046465956731813245,-0.030977304487875498,-6.195460897575099,9.602964391241402,401.573899548659,0.015488652243937749,-272.9868788218938,-0.030977304487875498,-0.030977304487875498,-0.0309773044878755,0.015488652243937749,86.42667952117262,-6.195460897575099,0.030977304487875498,90.42813016162704,-0.007744326121968874,141.60035666500983,-90.42813016162704,4.646595673181324,-287.83442667149427,230.79702057030934,86.42667952117262,-0.023232978365906622,367.7111513532254,-366.9367187410285,0.030977304487875498,-0.007744326121968873,717.907468589088,30.977304487875497,-0.015488652243937749,-0.030977304487875498,0.007744326121968874,620.5600382902345,0.0,999.9845113477561,357.1656119661959,-177.9177636705627,0.0,397.09083789724394,-544.6486215107188,448.2512763737992,751.9799059557503,-327.76476865543196,-239.7875556028967,0.0,-375.98995297787513,88.95888183528135,163.88238432771598,-448.2512763737992,272.3243107553594,-360.7412578434534,-195.2498301198725,0.0,239.7875556028967,-195.2498301198725,-397.09083789724394,587.2020931331758,0.0,1496.5981,bhi
124,0.0,0.0,0.0,0.0,0.0,0.0,0.0,0.0,-0.034071340395409065,0.0,0.0,0.0,0.0,0.0,0.0,0.0,140.94472987225924,44.94657442676504,0.0,0.0,0.0,0.0,0.0,691.2003972431095,0.0,0.0,0.0,0.0,0.0,-1000.0,267.30951450864615,-267.30951450864615,401.1186790784363,0.0,0.0,0.0,0.0,315.0792365824535,0.0,-1000.0,786.9578603658626,0.0,0.0,590.7871121245649,0.0,0.0,0.0,0.0,1000.0,0.0,0.0,731.7318419968242,0.0,0.03747847443469578,0.0,0.0,0.0,6.814268079081813,0.0,0.0,-62.9583303983097,0.0,-830.0243005136836,-1000.0,0.0,0.0,0.0,0.0,0.0,857.5163001082392,0.0,0.34071340395409067,0.0,0.0,0.0,0.0,0.0,0.0,0.0,0.0,0.0,0.0,0.0,0.0,20.44280423724547,0.0,2.134556389545272,729.0300151718083,0.0,-2.7018268250159565,891.9058928301577,0.0,0.0,0.0,10.22140211862272,0.0,138.48280698132433,-243.45674665598054,0.0,0.0,0.0,289.5086923951943,-1000.0,0.0,0.0,-27.9601597430497,526.349942727638,0.0,0.0,0.0,0.0,0.0,0.0,0.0,0.0,0.0,0.0,0.0,0.0,0.0,0.0,0.0,0.0,0.0,-567.4251713779996,0.0,0.0,138.48280698132433,0.0,10.56211552257681,10.56211552257681,0.0,-98.05097691668533,98.05097691668533,0.0,0.0,-107.01736908800673,0.0,0.0,0.0,0.0,0.0,0.0,0.0,0.0,4.758049599991768,0.034071340395409065,891.9144106652565,0.0,0.0,0.0,-526.349942727638,0.0,0.0,0.0,0.0,446.873588629755,0.0,0.0,0.0,0.0,0.0,-158.5680103223263,-158.5680103223263,0.0,0.0,0.0,0.0,0.0,0.0,0.0,108.77557552671529,0.0,0.0,0.0,-143.67713792253335,-272.23615986960175,0.0,0.0,0.0,0.0,0.0,0.0,0.0,0.0,0.0,0.0,0.0,0.0,0.0,0.0,-1000.0,0.0,0.0,0.0,0.0,0.0,0.0,-731.7318419968242,2.7018268250159565,-2.7018268250159565,107.01736908800673,0.0,0.0,0.0,0.0,0.0,0.0,0.0,-1000.0,0.0,0.0,0.0,0.0,0.0,0.0,0.0,0.0,0.0,0.0,0.0,0.0,0.0,0.0,483.6811665736612,590.7871121245649,0.0,0.0,0.0,0.0,-107.01736908800673,0.0,0.0,0.0,0.0,-62.9583303983097,0.0,267.30951450864615,0.0,0.0,0.0,0.0,0.0,0.0,0.0,24.949865013397925,0.0,128.2614048627016,0.0,138.19179603665023,135.48996921163427,1000.0,0.0,-590.7871121245649,0.0,0.0,107.01736908800673,-163.44892511249952,0.0,0.0,0.0,-77.03825195570738,0.0,0.0,700.8431585766856,58.73478158406499,0.0,642.1083769926206,0.0,-58.73478158406499,2.7018268250159565,0.0,-949.649771923203,0.0,0.0,116.18327074834491,0.0,0.0,0.0,-1000.0,0.0,1000.0,0.0,1000.0,0.0,0.0,-501.6102170154117,0.0,0.0,0.0,-62.9583303983097,-0.0511070105931136,0.0,0.0,0.0,0.0,0.034071340395409065,0.0,0.0,0.0,836.5673280052778,140.94472987225924,0.0,-892.9818411930795,1000.0,272.23615986960175,925.4406673471866,0.0,1000.0,0.0,-27.9601597430497,0.0,0.0,0.0,-2.933542408044466,0.0,-997.0664575919556,-333.4872897360012,-1000.0,0.0,0.0,0.0,0.0,0.0,0.0,0.0,0.0,0.0,0.0,0.0,0.0,0.0,0.0,0.0,0.0,0.0,1000.0,0.0,704.5507707657453,0.0,0.0,0.0,0.0,0.0,0.0,237.6015998952564,0.0,0.0,0.0,950.6511820304842,287.8051253754238,0.0,0.0,-239.8420314601151,0.0,0.0,996.6265858704215,845.6016578188556,821.3782305489901,-820.840014829937,0.0,0.0,-799.6029461071884,-0.8517835098852267,-847.3052248386261,-1000.0,0.0,135.17840826899828,428.6110368915864,486.1567824062115,138.48280698132433,0.0,0.0,0.0,0.0,0.0,0.0,0.0,0.0,0.0,0.0,740.0775987586143,0.0,0.0,-897.6962363227113,0.0,0.0,0.0,0.0,0.0,-228.66491710553558,0.0,0.0,0.0,0.0,0.0,0.0,0.0,345.19835959233683,0.06814268079081062,0.0,0.0,0.0,0.0,0.0,0.0,0.0,0.0,0.0,857.5163001082392,0.0,0.0,0.0,0.0,0.0,0.0,0.0,0.0,0.0,0.03747847443469578,0.03747847443469578,267.30951450864615,234.60766182418072,0.0,20.44280423724547,0.0,0.0,0.0,815.6028845879711,0.0,0.0,2.134556389545272,0.0,0.0,1000.0,-815.6028845879711,0.0,0.0,0.0,0.0,0.0,0.0,0.0,0.0,0.0,0.0,0.0,0.0,0.0,189.14172379266654,-836.5673280052778,0.0,94.23590175263271,4.758049599991768,0.0,0.0,0.0,0.0,0.0,914.3460649242859,0.0,1000.0,345.19835959233683,0.0,0.0,0.0,0.0,0.0,0.0,0.0,0.0,0.0,0.0,0.0,0.0,0.0,0.0,0.0,0.0,20.44280423724544,107.01736908800673,107.01736908800673,0.0,0.0,0.0,0.0,0.0,0.0,0.0,0.0,0.0,0.0,0.34071340395409067,0.0,267.30951450864615,2.134556389545272,-2.134556389545272,267.30951450864615,-731.7318419968242,0.0,0.0,138.48280698132433,0.0,0.0,0.0,0.0,94.23590175263271,0.0,0.0,0.0,0.0,0.0,1000.0,-276.27590667996753,0.0,10.22140211862272,10.22140211862272,262.51182311143674,-815.6028845879711,0.0,0.0,0.0,0.0,0.0,0.0,0.0,333.4872897360012,0.0,430.71772615643135,0.034071340395409065,0.0,0.0,-753.1101292881186,755.8577395242912,0.0,0.0,0.0,0.0,0.0,0.0,0.0,0.0,0.0,6.588764236593398,0.0,0.0,0.0,0.0,0.0,0.0,0.0,0.034071340395409065,0.0,0.0,0.0,0.0,0.0,0.0,0.0,0.0,0.0,0.0,1000.0,0.0,-762.3984001047436,-295.4492292342548,-2.55535052965568,0.0,-1.7035670197704529,0.0,62.49999999999998,62.49999999999997,-62.49999999999998,0.0,0.0,0.0,0.0,0.0,0.0,0.0,107.01736908800673,272.23615986960175,0.0,0.0,623.0387576949803,0.0,0.0,0.0,-0.034071340395409065,0.0,0.0,0.034071340395409065,0.0,0.034071340395409065,19.766292709780192,0.0,0.0,20.44280423724547,41.56703528239906,41.56703528239906,0.0,0.0,0.0,0.0,0.0,0.0,0.0,0.0,0.0,0.0,0.0,0.0,0.0,0.0,0.0,0.0,0.0,0.0,0.0,0.0,0.0,0.0,0.0,0.0,0.0,0.0,0.0,0.0,0.0,-668.5931294496793,668.5931294496793,0.0511070105931136,0.0,0.0,0.0,-138.48280698132433,0.0,0.0,0.0,0.0,0.0,-234.60766182418072,1.7035670197704533,0.0,0.0,0.0,0.0,0.0,0.0,-1.7035670197704529,0.0,0.0,0.0,0.0,0.0,0.0,0.0,107.01736908800673,0.0,0.0,1000.0,234.60766182418072,0.0,-733.2292593391371,-27.9601597430497,0.0,237.6015998952564,762.3984001047436,-1000.0,0.0,-205.01596039489857,0.0,1.7035670197704529,743.4948749952783,0.0,0.0,-267.30951450864615,-232.9340298846261,-812.5000000000008,812.5000000000008,0.0,0.0,0.0,0.0,0.0,0.0,0.0,-2.5553505296556587,-2.555350529655584,41.56703528239906,0.0,-424.6555610250946,-424.6555610250946,691.9650755337407,0.0,0.0,0.0,0.0,0.0,24.949865013397925,0.0,0.0,239.71836288349206,-860.2639103444118,73.55877651638403,0.0,10.22140211862272,2.134556389545272,0.0,0.0,0.0,207.07339023354106,0.0,0.0,0.03747847443469578,0.0,0.0,0.0,20.78351764119953,0.0,0.0,0.0,0.0,483.6811665736612,0.0,526.349942727638,0.0,0.0,0.0,0.0,0.0,0.0,0.0,0.0,128.40394294204035,0.0034071340395409066,0.0,0.0,0.0,0.0,0.0,19.766292709780192,0.0,0.0,0.0,-753.1101292881186,267.30951450864615,0.0,0.0,0.0,0.0,234.60766182418072,0.0,0.0,0.0,0.0,0.0,0.0,0.0,0.0,0.0,0.0,0.0,4.269112779090544,0.0,-399.49215417550874,44.94657442676504,0.0,0.0,0.0,20.44280423724547,0.0,0.0,0.0,0.0,0.0,979.5571957627545,-1000.0,0.0,4.269112779090544,0.0,0.0,0.0,0.0,0.0,0.0,0.0,267.30951450864615,267.30951450864615,0.0,-430.71772615643135,-1000.0,23.338868170855214,-138.48280698132433,0.0,0.0,295.3129438726733,0.0,0.0,0.0,0.0,0.0,0.0,0.0,0.0,0.0,906.2499999999999,0.0,-906.2500000000001,-906.2499999999999,0.0,0.0,0.0,0.0,-4.258917549426133,107.01736908800673,-290.3604759050795,0.0,0.0,0.0,0.0,0.0,0.0,-0.4258917549426134,0.0,228.66491710553558,0.0,0.0,0.0,0.0,0.0,0.0,0.0,1000.0,10.22140211862272,10.22140211862272,0.0,0.0,0.0,0.0,0.0,0.03747847443469578,234.60766182418072,0.0,0.0,-315.0792365824535,128.4005358080008,0.0,0.0,0.0,0.0,0.0,0.0,0.0,0.0,0.0,0.0,0.0,0.0,0.0,344.1797110797297,0.0,0.0,10.56211552257681,0.0,35.77490741517952,4.758049599991768,0.0,0.0,0.0,0.0,0.0,234.60766182418072,0.0,-243.45674665598054,0.0,0.0,0.0,-4.258917549426133,0.0,0.0,0.0,0.0,0.0,0.0,0.0,0.0,0.0,0.0,0.0,0.0,0.0,0.0,0.0,0.0,0.0,0.0,-0.034071340395409065,0.0,0.0,1.7035670197704533,-1000.0,0.0,0.0,0.0,0.0,107.01736908800673,0.0,0.0,0.0,2.933542408044466,0.8517835098852267,0.0,0.0,0.0,0.034071340395409065,0.0,34.07134039540907,0.0,6.814268079081813,0.24336671711006477,116.18327074834491,-0.0255535052965568,145.60612970748238,0.6814268079081813,19.59593600780329,-116.18327074834491,10.22140211862272,-0.034071340395409065,9.320053247683234,0.0,0.008517835098852266,0.24336671711006477,-27.9601597430497,-7.558713780494578,266.62808770073786,-185.89130429902428,-0.034071340395409065,0.008517835098852266,-116.18327074834491,204.87087067995316,0.034071340395409065,0.034071340395409065,-234.53611200935063,-2.0970779151103143,0.0,-0.0255535052965568,10.22140211862272,0.034071340395409065,138.48280698132433,111.22573466499706,-0.017035670197704533,-390.9532691436556,103.57616370807041,-0.0255535052965568,-0.034071340395409065,0.0,0.034071340395409065,3.4071340395409067,-0.6814268079081813,0.0,0.0,-3.407134039540921,185.89130429902428,0.0,6.814268079081813,0.0511070105931136,-1000.0,3.4071340395409067,-189.14172379266654,0.0,-6.814268079081813,0.017035670197704533,0.34071340395409067,223.24546029826988,241.42192990326254,-0.034071340395409065,-242.27371341314765,234.53611200935063,10.56211552257681,0.034071340395409065,7.558713780494578,-370.61074997760477,0.0,-0.034071340395409065,-0.008517835098852266,0.0,-0.034071340395409065,-181.1515831353011,0.03407134039538349,-0.008517835098852266,-0.008517835098852266,-0.008517835098852266,13.628536158163627,-111.22573466499706,0.34071340395409067,25.242604315448222,-0.008517835098852266,437.1708673488565,1.7035670197704533,-170.89561277639797,0.034071340395409065,0.017035670197704533,0.017035670197704533,3.4071340395409067,0.0,0.034071340395409065,0.0,0.34071340395409067,0.034071340395409065,-25.242604315448222,0.034071340395409065,0.13628536158148563,-19.59593600780329,0.017035670197704533,0.008517835098852266,10.22140211862272,-0.034071340395409065,0.0,-133.31404385036893,-50.485208630896445,144.75434619759716,-3.4071340395409067,6.814268079081813,1.7035670197704533,-0.034071340395409065,27.9601597430497,0.0511070105931136,-0.034071340395409065,-6.814268079081813,0.0,-43.658726872039836,0.017035670197704533,341.79122555279594,-0.034071340395409065,-0.03407134039538349,-0.034071340395409065,0.017035670197704533,116.18327074834491,-6.814268079081813,0.034071340395409065,446.49092059653975,-0.008517835098852266,2.0970779151103143,-446.49092059653975,5.11070105931136,-103.57616370807041,-159.20111019091053,116.18327074834491,-0.0255535052965568,242.27371341314765,-241.42192990326248,0.034071340395409065,-0.008517835098852265,952.3547490502547,34.07134039540907,-0.017035670197704533,-0.034071340395409065,0.008517835098852266,1000.0,0.0,999.9829643298023,0.0,-1000.0,0.0,457.9741395449971,-429.8318154442243,201.46373664041224,-1000.0,-718.9317070946463,726.4149912600553,0.0,500.0,500.0,359.46585354732315,-201.46373664041224,214.91590772211214,-234.60766182418072,-163.41466336150123,0.0,-726.4149912600553,-163.41466336150123,-457.9741395449971,412.5888777415305,0.0,1496.5981,bhi
125,0.0,0.0,0.0,0.0,0.0,0.0,0.0,0.0,-0.027801520352570667,0.0,0.0,0.0,0.0,0.0,0.0,0.0,-659.2287564877788,944.5022445701615,0.0,135.7877361677688,0.0,0.0,0.0,0.0,0.0,591.0597204344394,0.0,0.0,0.0,-791.5548144681503,105.44239986131572,-105.44239986131572,0.0,0.0,0.0,0.0,0.0,999.8887939185895,0.0,-1000.0,991.6595438942288,0.0,-232.55024209301064,0.0,0.0,0.0,0.055603040705141334,0.0,314.157299952226,0.0,0.0,-314.93432792099804,0.0,0.030581672387805844,0.0,0.0,0.0,0.0,0.0,0.0,138.3240578990021,0.0,389.4356773364708,0.0,0.0,0.0,0.0,0.0,0.0,1000.0,0.0,0.2780152035257067,0.0,0.0,0.0,0.0,0.0,0.0,0.0,0.0,0.0,0.0,379.9814758896845,0.0,16.680912211542402,0.0,0.0,0.0,443.3218076760787,7.8765451886274604,-0.006950380088142667,0.0,0.0,-1000.0,8.340456105771201,0.0,8.340456105771201,0.0,0.0,0.0,441.6538051843052,238.1487714042401,-815.1589976265478,0.0,0.0,-328.12726330307964,0.0,0.0,0.0,0.0,0.0,0.0,0.0,0.0,0.0,0.0,0.0,0.0,0.0,0.0,0.0,0.0,0.0,0.0,-645.7475976516193,0.0,0.0,8.340456105771201,0.0,8.618471309296908,0.0,0.0,-635.8484408251384,0.0,635.8484408251384,-635.8484408251384,0.0,0.0,0.0,-527.7597352354729,0.0,0.0,0.0,0.0,0.0,-377.84075882253654,0.027801520352570667,0.0,0.0,0.0,0.0,0.0,0.0,0.0,61.67232929462074,0.0,522.5702344799421,0.0,0.0,0.0,0.0,0.0,894.5297986183317,894.5297986183317,0.0,0.0,0.0,0.0,-412.63107299661255,0.0,0.0,1000.0,0.0,0.0,0.0,-12.613634352895133,0.0,0.0,0.0,0.0,0.0,0.0,0.0,0.0,0.0,0.0,-765.5487360847055,0.0,0.0,0.0,0.0,0.0,0.0,0.0,0.0,0.0,0.0,0.0,547.4845700140087,-451.1983528647062,451.1983528647062,527.7597352354729,0.0,0.0,0.0,0.0,0.0,0.0,23.604183158397518,-1000.0,0.0,0.0,0.0,0.0,0.0,0.0,0.0,0.0,0.0,0.0,0.0,0.0,0.0,0.0,-696.0600839436197,589.1417009896944,0.0,0.0,0.0,0.0,-527.7597352354729,0.0,0.0,0.0,0.0,138.3240578990021,589.1417009896944,105.44239986131572,0.0,0.0,0.0,0.0,0.0,0.0,0.0,106.33760881667,5.560304070514134,0.0,0.0,-1000.0,-338.03008155222574,410.4435171015285,0.0,-589.1417009896944,0.0,0.0,527.7597352354729,0.0,0.0,0.0,0.0,-208.09766652744258,0.0,0.0,-873.938804674548,0.0,0.0,-873.938804674548,0.0,0.0,-7.8765451886274604,0.0,0.0,0.0,0.0,77.56624178367217,0.0,0.0,0.0,-186.01676614713756,0.0,186.01676614713756,0.0,1000.0,0.0,0.0,-692.6123228564607,0.0,0.0,0.0,138.3240578990021,-0.041702280528856,0.0,0.0,0.0,0.0,0.027801520352570667,0.0,0.0,0.0,-114.6780649224412,-659.2287564877788,0.0,-218.75150886871975,-869.2237832474418,0.0,1000.0,0.0,-57.5725655439484,0.0,-328.12726330307964,0.0,0.0,0.0,-2.393710902356312,59.96627644630471,0.0,-1000.0,-1000.0,0.0,0.0,0.0,0.0,0.0,0.0,0.0,0.0,0.0,0.0,0.0,0.0,0.0,0.0,0.0,0.0,0.0,0.0,0.0,-1000.0,61.67232929462074,0.0,0.0,0.0,0.0,0.0,376.94554986718225,0.0,0.0,0.0,0.0,236.75869538661158,0.0,0.0,-119.76942371093432,-0.6950380088142667,-59.96627644630471,-1000.0,0.0,-37.43474715473641,0.0,0.0,0.0,-407.72089489417937,0.0,-1.3900760176285334,0.0,0.0,507.90207053047754,915.584223742497,-557.8883460721969,8.340456105771201,0.0,0.0,0.0,0.0,0.0,0.0,0.0,0.0,0.0,0.0,203.35319222450573,0.0,0.0,0.0,0.0,0.0,23.604183158397518,0.0,0.0,-251.11161943746873,0.0,0.0,0.0,0.0,0.0,0.0,0.0,-704.4005400493909,0.05560304070511052,0.0,0.0,0.0,0.0,0.0,0.0,0.0,188.26923892214654,0.0,429.5194718493609,0.0,0.0,0.0,0.0,0.0,0.0,0.0,0.0,0.0,0.030581672387805844,0.030581672387805844,105.44239986131572,276.65621110089944,0.0,16.680912211542402,0.0,0.0,0.0,1000.0,0.0,961.2278530739013,0.0,0.0,0.0,655.0134605262585,-1000.0,0.0,0.0,0.0,0.0,0.0,0.0,0.0,0.0,0.0,0.0,0.0,0.0,0.0,215.24919921720644,114.6780649224412,0.0,0.0,2.14071706714794,0.0,0.0,-1000.0,-1000.0,0.0,655.0134605262585,0.0,0.0,-49.38707952313234,0.0,0.0,0.0,0.0,0.0,0.0,0.0,0.0,0.0,0.0,0.0,0.0,0.0,0.0,0.0,0.0,16.680912211542402,527.7597352354729,527.7597352354729,0.0,0.0,0.0,0.0,0.0,0.0,0.0,0.0,0.0,0.0,0.2780152035257067,0.0,105.44239986131572,0.0,0.0,105.44239986131572,547.4845700140087,0.0,0.0,8.340456105771201,0.0,0.0,0.0,0.0,0.0,0.0,0.0,0.0,0.0,0.0,113.83845900779207,-111.19215327944232,0.0,8.340456105771201,8.340456105771201,668.0875531241459,-1000.0,0.0,0.0,0.0,0.0,0.0,0.0,0.0,815.1589976265478,23.604183158397518,1000.0,0.027801520352570667,0.0,0.0,-373.42607594939227,410.14195522072646,48.14601344323154,188.26923892214654,1000.0,0.0,0.0,0.0,0.0,0.0,0.0,0.0,0.0,0.0,0.0,0.0,0.0,0.0,0.0,0.027801520352570667,0.0,0.0,0.0,0.0,0.0,0.0,0.0,0.0,0.0,0.0,376.94554986718225,0.0,0.0,-1000.0,-2.0851140264428003,-1.3900760176285334,0.0,0.0,0.0,0.0,0.0,0.0,0.0,0.0,0.0,0.0,0.0,0.0,527.7597352354729,0.0,0.0,0.0,-48.59619952409082,0.0,0.0,0.0,-0.027801520352570667,0.0,0.0,0.027801520352570667,0.0,0.027801520352570667,0.0,570.4805281506391,0.0,16.680912211542402,33.91785483013622,33.91785483013622,0.0,0.0,0.0,0.0,0.0,0.0,0.0,0.0,0.0,23.604183158397518,0.0,0.0,0.0,0.0,0.0,0.0,0.0,0.0,0.0,0.0,0.0,0.0,0.0,0.0,0.0,0.0,0.0,0.0,0.0,-20.579192283800353,20.579192283800353,0.041702280528856,0.0,0.0,0.0,-8.340456105771201,0.0,0.0,0.0,0.0,0.0,-276.65621110089944,1.3900760176285334,0.0,0.0,0.0,0.0,412.63107299661255,-376.94554986718225,0.0,0.0,0.0,0.0,0.0,0.0,0.0,0.0,527.7597352354729,0.0,0.0,0.0,276.65621110089944,0.0,-328.4372568317828,-279.9812498598481,0.0,0.0,0.0,0.0,61.67232929462074,-33.91785483013622,0.0,1.3900760176285334,891.9466109977002,0.0,0.0,-105.44239986131572,-251.11161943746873,0.0,0.0,0.0,0.0,0.0,0.0,0.0,0.0,0.0,763.4636220582628,-2.085114026442966,33.91785483013622,0.0,0.0,0.0,105.44239986131572,0.0,0.0,0.0,0.0,0.0,106.33760881667,0.0,0.0,280.8264391537848,-466.2353511206951,0.0,-232.55024209301064,8.340456105771201,0.0,0.0,0.0,0.0,-291.7704939010211,0.0,0.0,0.030581672387805844,0.0,0.0,0.0,16.95892741506811,0.0,0.0,0.0,0.0,-696.0600839436197,0.0,0.0,0.0,0.0,0.0,0.0,0.0,0.0,0.0,0.0,763.7134009149728,0.0027801520352571463,0.0,0.0,0.0,0.0,0.0,0.0,0.0,0.0,0.0,-373.42607594939227,105.44239986131572,0.0,0.0,0.0,0.0,276.65621110089944,0.0,0.0,0.0,0.0,0.0,0.0,0.0,0.0,0.0,0.0,0.0,0.0,-321.0279068415538,0.0,944.5022445701615,0.0,0.0,0.0,16.680912211542402,0.0,0.0,0.0,0.0,0.0,0.0,-16.680912211542402,0.0,0.0,0.0,0.0,0.0,0.0,0.0,0.0,0.0,105.44239986131572,105.44239986131572,0.0,-1000.0,-1000.0,19.04404144151091,0.0,-8.340456105771201,0.0,999.8887939185895,0.0,0.0,0.0,0.0,0.0,0.0,0.0,0.0,0.0,0.0,0.0,0.0,0.0,0.0,0.0,0.0,0.0,-3.4751900440713337,527.7597352354729,-238.84380941305437,0.0,0.0,0.0,0.0,0.0,0.0,-189.00899530317977,188.66147629877264,312.78394873208947,0.0,0.0,0.0,0.0,0.0,0.0,0.0,1000.0,8.340456105771201,8.340456105771201,0.0,0.0,0.0,0.0,0.0,0.030581672387805844,276.65621110089944,0.0,0.0,-999.8887939185895,763.7106207629375,0.0,0.0,0.0,0.0,0.0,0.0,0.0,0.0,0.0,0.0,0.0,0.0,0.0,0.0,0.0,0.0,0.0,0.0,29.191596370199203,2.14071706714794,0.0,0.0,0.0,0.0,0.0,276.65621110089944,0.0,375.5554738495537,0.0,0.0,0.0,-3.4751900440713337,0.0,0.0,0.0,0.0,0.0,0.0,0.0,0.0,0.0,0.0,0.0,0.0,0.0,0.0,0.0,0.0,0.0,0.0,-0.027801520352570667,0.0,0.0,1.3900760176285334,-655.0134605262585,0.0,0.0,0.0,0.0,527.7597352354729,0.0,0.0,0.0,2.393710902356312,0.6950380088142667,0.0,0.0,591.0597204344394,0.027801520352570667,0.0,27.801520352570666,-8.618471309296908,5.5603040705141344,0.19858228823264762,77.56624178367217,-0.020851140264428,119.76942371093432,0.5560304070514134,-0.13900760176307136,-77.56624178367217,8.340456105771201,-0.027801520352570667,109.37575443435988,0.0,0.006950380088142667,0.19858228823264762,-328.12726330307964,-4.426002040130754,104.88636945426431,-421.06122425015155,-0.027801520352570667,0.006950380088142667,-77.56624178367217,2.780152035257067,0.027801520352570667,0.027801520352570667,-276.59782790815905,0.0305816723878275,0.0,-0.020851140264428,8.340456105771201,0.027801520352570667,8.340456105771201,-13.900760176285335,-0.013900760176285333,133.6842921262172,524.9517816798633,-0.020851140264428,-0.027801520352570667,-8.618471309296908,0.027801520352570667,2.780152035257067,-0.5560304070514134,0.0,0.0,-2.780152035257067,421.06122425015155,0.0,5.560304070514134,0.041702280528856,-200.55601238556577,2.780152035257067,-215.24919921720644,0.0,-5.560304070514134,0.013900760176285333,0.2780152035257067,54.68787721717994,282.21651517141356,-0.027801520352570667,-282.91155318022777,276.59782790815905,8.618471309296908,0.027801520352570667,4.426002040130754,-33.36182442308462,0.0,-0.027801520352570667,-0.006950380088142667,0.0,-0.027801520352570667,-704.4005400493909,0.027801520352515832,-0.006950380088142667,-0.006950380088142667,-0.006950380088142667,11.120608141028267,13.900760176285335,0.2780152035257067,194.90049460137175,-0.006950380088142667,0.0,1.3900760176285334,353.590346042324,0.027801520352570667,0.013900760176285333,0.013900760176285333,2.780152035257067,8.618471309296908,0.027801520352570667,-8.618471309296908,0.2780152035257067,0.027801520352570667,-543.5065810216915,0.027801520352570667,0.1112060814105007,0.13900760176307136,0.013900760176285333,0.006950380088142667,8.340456105771201,-0.027801520352570667,0.0,-52.443184727132156,-389.8009892027435,119.07438570212005,-2.780152035257067,5.560304070514134,1.3900760176285334,-0.027801520352570667,328.12726330307964,0.041702280528856,-0.027801520352570667,-5.560304070514134,8.618471309296908,353.39905307706323,0.013900760176285333,-707.180692084648,-0.027801520352570667,-0.027801520352515832,-0.027801520352570667,0.013900760176285333,77.56624178367217,-5.560304070514134,0.027801520352570667,109.37575443435988,-0.006950380088142667,-0.0305816723878275,-109.37575443435988,4.1702280528856,-524.9517816798633,436.86174833425264,77.56624178367217,-0.020851140264428,282.91155318022777,-282.21651517141356,0.027801520352570667,-0.006950380088142668,1.3900760176285334,27.801520352570666,-0.013900760176285333,-0.027801520352570667,0.006950380088142667,1000.0,0.0,200.54211162538948,348.6060864203198,550.6306122177592,0.0,-953.1065142386187,-280.5956634596399,0.0,738.5516130492981,71.0677535648283,322.8769527612687,0.0,-369.27580652464906,-275.3153061088796,-35.53387678241415,0.0,140.29783172981996,-276.65621110089944,-61.628559176042124,0.0,-322.8769527612687,-61.628559176042124,953.1065142386187,-461.2624209253956,0.0,1496.5981,bhi
126,0.0,0.0,0.0,0.0,0.0,0.0,0.0,0.0,-0.0013643374859133644,0.0,0.0,0.0,0.0,0.0,0.0,0.0,493.3371481114681,915.4242104722285,0.0,-954.0090473983937,0.0,0.0,0.0,41.579890760072885,0.0,0.0,0.0,0.0,0.0,691.9377781104677,48.67258163136624,-48.67258163136624,319.63501363136186,0.0,0.0,0.0,0.0,959.8932526643785,0.0,-1000.0,999.590698754226,0.0,0.0,-1000.0,0.0,0.0,0.0,0.0,-185.27492622193574,-14.26367756279275,0.0,0.0,0.0,0.0015007712345036276,0.0,0.0,0.0,0.0,0.0,0.0,-178.63427433777954,0.0,520.1880076841882,173.27773262327526,0.0,0.0,0.0,0.0,958.5604410725696,0.0,0.0,0.013643374859133653,0.0,0.0,0.0,0.0,0.0,0.0,0.0,0.0,0.0,0.0,0.0,0.0,0.8186024915480192,0.0,218.3819280471093,139.94192367593786,-854.1384882224394,708.2769764448788,-0.0003410843714783413,0.0,0.0,0.0,0.4093012457740096,0.0,0.4093012457740096,0.0,0.0,0.0,0.0,0.06821687429566826,691.9377781104677,0.0,0.0,-182.10656164746135,0.0,0.0,0.0,0.0,0.0,0.0,0.0,0.0,0.0,0.0,0.0,0.0,0.0,0.0,0.0,0.0,0.0,0.0,-543.6528004723791,0.0,0.0,0.4093012457740096,0.0,0.4229446206331432,0.0,0.0,0.0,0.0,0.0,0.0,0.0,0.0,0.0,-168.27600072313336,0.0,0.0,0.0,0.0,0.0,218.48698203352464,0.0013643374859133644,0.0,0.0,0.0,312.5000000000003,-812.771016883562,0.0,0.0,0.0,0.0,202.7811095682063,0.0,0.0,0.0,0.0,0.0,-181.7838800222258,-181.7838800222258,0.0,0.0,0.0,0.0,721.547154987499,0.0,0.0,-133.10993405337362,0.0,0.0,0.0,-174.46643172376548,-539.8627985411092,0.0,0.0,0.0,0.0,0.0,0.0,0.0,0.0,0.0,-1000.0,0.0,0.0,0.0,0.0,-986.6001489928908,0.0,0.0,0.0,0.0,0.0,14.26367756279275,0.0,145.86151177756062,-145.86151177756062,0.0,0.0,0.0,0.0,0.0,0.0,0.0,0.0,-760.0525912774925,0.0,0.0,0.0,0.0,0.0,0.0,0.0,0.0,0.0,0.0,0.0,0.0,0.0,5.60006735830414,456.1022084657749,-1000.0,0.0,0.0,0.0,168.27600072313336,220.611997937455,0.0,0.0,0.0,0.0,-178.63427433777954,0.0,48.67258163136624,0.0,0.0,0.0,0.0,0.0,0.0,0.0,360.3221428123144,0.27286749718267306,0.0,0.0,1000.0,0.0,100.52850923156274,0.0,1000.0,0.0,0.0,168.27600072313336,-442.9094220852087,0.0,0.0,0.0,-166.40072490138567,0.0,0.0,-145.02928794259228,0.0,70.15171285288616,-563.5936418911974,418.5643539486051,-348.4126410957189,-708.2769764448788,0.0,152.60967739739317,14.26367756279275,0.0,-216.8054963517567,0.0,0.0,0.0,-1000.0,0.0,1000.0,0.0,-788.2584468696733,0.0,168.27600072313336,0.0,0.0,0.0,0.0,-178.63427433777954,-0.002046506228870048,0.0,0.0,0.0,0.0,0.0013643374859133649,0.0,0.0,0.0,405.2567069973474,493.3371481114681,0.0,-409.71521838987644,978.0312019022351,539.8627985411092,1000.0,0.0,0.0,0.0,-182.10656164746135,0.0,0.0,0.0,212.69094987908284,0.0,-212.69094987908284,-1000.0,-1000.0,0.0,0.0,0.0,0.0,0.0,0.0,0.0,0.0,0.0,0.0,0.0,0.0,0.0,0.0,0.0,0.0,0.0,-40.10128998567808,0.0,-1000.0,0.0,0.0,311.60562951390216,0.0,0.0,798.465271711505,-530.1365432144728,0.0,0.0,0.0,0.0,0.0,-185.20638304517888,0.0,-0.06821687429566826,0.0,-773.3540580273907,0.0,33.88434380799947,998.0454501176805,-1000.0,0.0,0.0,-659.6108232342999,-0.03410843714783413,-33.952560682295136,417.38573790594853,0.0,569.4085271163905,380.45892054291255,51.71309314406858,0.4093012457740096,0.0,0.0,0.0,0.0,0.0,0.0,0.0,-5.60006735830414,5.60006735830414,5.60006735830414,336.21901830710823,0.0,0.0,0.0,0.0,0.0,0.0,0.0,0.0,-88.7806933044738,0.0,-62.50000000000006,0.0,0.0,0.0,0.0,0.0,-44.578109663560824,0.002728674971763212,0.0,0.0,0.0,0.0,0.0,0.0,0.0,0.0,0.0,958.5604410725696,0.0,0.0,0.0,0.0,0.0,0.0,0.0,0.0,0.0,0.0015007712345036276,0.0015007712345036276,48.67258163136624,420.04863647879006,0.0,0.8186024915480192,0.0,0.0,0.0,1000.0,0.0,0.0,218.3819280471093,0.0,0.0,756.9275964975926,-1000.0,0.0,0.0,0.0,0.0,0.0,0.0,0.0,0.0,0.0,0.0,0.0,0.0,0.0,181.2176001574597,-405.2567069973474,500.2710168835617,0.0,218.48698203352464,0.0,779.388002062545,-779.388002062545,-1000.0,0.0,756.9275964975926,0.0,712.3494868340318,0.0,0.0,0.0,5.60006735830414,0.0,0.0,0.0,0.0,0.0,0.0,0.0,0.0,0.0,0.0,0.0,0.0,0.0,0.8186024915480192,168.27600072313336,168.27600072313336,0.0,0.0,0.0,0.0,0.0,0.0,0.0,0.0,0.0,0.0,0.013643374859133653,0.0,48.67258163136624,218.3819280471093,-218.3819280471093,48.67258163136624,0.0,0.0,0.0,0.4093012457740096,0.0,0.0,0.0,0.0,0.0,0.0,0.0,0.0,0.0,0.0,126.34714645971212,0.0,0.0,0.4093012457740096,0.4093012457740096,1000.0,-1000.0,0.0,0.0,0.0,0.0,0.0,0.0,0.0,-180.6814566827523,0.0,0.0,0.0013643374859133644,0.0,0.0,0.0,1.8018025555037291,0.0,0.0,0.0,0.0,0.0,0.0,0.0,0.0,0.0,0.0,0.0,0.0,0.0,0.0,0.0,0.0,0.0,0.0013643374859133644,0.0,0.0,0.0,-255.3434614909564,255.3434614909564,0.0,0.0,0.0,0.0,0.0,-218.5309137005706,0.0,0.0,-959.898710014322,-0.1023253114435024,-0.06821687429566832,0.0,0.0,0.0,0.0,0.0,0.0,0.0,0.0,0.0,0.0,0.0,0.0,168.27600072313336,539.8627985411092,0.0,0.0,621.1898371347548,0.0,0.0,0.0,-0.0013643374859133644,0.0,0.0,0.0013643374859133644,0.0,0.0013643374859133644,0.0,0.0,0.0,0.8186024915480192,1.6644917328143056,1.6644917328143056,0.0,0.0,0.0,0.0,0.0,0.0,0.0,500.2710168835617,0.0,0.0,0.0,0.0,0.0,212.80841933661998,0.0,0.0,0.0,0.0,0.0,0.0,0.0,0.0,0.0,0.0,0.0,0.0,0.0,220.611997937455,0.0,0.0,0.0,0.002046506228870048,0.0,0.0,0.0,-0.4093012457740096,0.0,0.0,0.0,0.0,0.0,-420.04863647879006,0.06821687429566826,0.0,0.0,0.0,0.0,-721.547154987499,423.95431765796815,0.0,0.0,-62.50000000000006,0.0,0.0,0.0,0.0,0.0,168.27600072313336,0.0,0.0,-588.0740908909679,414.4485691204859,0.0,240.11795090824666,-182.10656164746135,0.0,-106.18222555650463,0.0,106.18222555650463,0.0,-444.573913818023,0.0,0.06821687429566832,776.3154378801398,0.0,0.0,-48.67258163136624,-525.5445493986924,0.0,0.0,0.0,0.0,0.0,0.0,0.0,0.0,0.0,999.7953493771131,0.0,1.6644917328143056,0.0,-686.6016221551416,-686.6016221551416,735.2742037865079,0.0,0.0,0.0,0.0,0.0,360.3221428123144,0.0,0.0,420.35561241312047,-960.3622436280732,0.0,0.0,0.4093012457740096,218.3819280471093,0.0,0.0,0.0,-162.27837311407004,0.0,0.0,0.0015007712345036276,0.0,0.0,0.0,0.8322458664071528,0.0,0.0,0.0,0.0,456.1022084657749,0.0,0.0,0.0,0.0,0.0,0.0,0.0,0.0,-710.7578217677246,0.0,0.00013643374859133642,0.00013643374859133642,0.0,0.0,0.0,0.0,0.0,0.0,0.0,0.0,0.0,0.0,48.67258163136624,0.0,0.0,0.0,0.0,420.04863647879006,0.0,0.0,0.0,0.0,0.0,0.0,0.0,14.26367756279275,0.0,0.0,0.0,436.7638560942186,0.0,0.0,915.4242104722285,0.0,0.0,0.0,0.8186024915480192,0.0,0.0,0.0,0.0,0.0,0.0,-0.8186024915480192,0.0,436.7638560942186,0.0,0.0,0.0,0.0,0.0,0.0,0.0,48.67258163136624,48.67258163136624,0.0,0.0,-488.74367857228464,213.74299051447068,-869.8362987546102,869.4269975088362,0.0,959.8932526643785,0.0,0.0,0.0,0.0,0.0,0.0,0.0,0.0,0.0,0.0,0.0,0.0,0.0,0.0,0.0,0.0,0.0,-0.17054218573917074,168.27600072313336,-0.1023253114435024,212.70609402517653,0.0,0.0,0.0,0.0,0.0,-689.1063819174107,689.0893276988368,88.7806933044738,0.0,0.0,0.0,0.0,0.0,0.0,0.0,1000.0,0.4093012457740096,0.4093012457740096,0.0,0.0,0.0,0.0,0.0,0.0015007712345036276,420.04863647879006,0.0,0.0,-959.8932526643785,0.0,0.0,0.0,0.0,0.0,0.0,0.0,0.0,0.0,0.0,0.0,0.0,0.0,0.0,0.0,0.0,0.0,0.0,0.0,1.4325543602090336,218.48698203352464,0.0,0.0,0.0,0.0,0.0,420.04863647879006,0.0,-112.41690501836165,0.0,0.0,0.0,-0.17054218573917074,0.0,0.0,0.0,0.0,0.0,0.0,0.0,0.0,0.0,0.0,0.0,0.0,0.0,0.0,0.0,0.0,0.0,0.0,-0.0013643374859133644,0.0,0.0,0.06821687429566826,-756.9275964975926,0.0,0.0,0.0,0.0,168.27600072313336,0.0,0.0,0.0,-212.69094987908284,0.03410843714783413,0.0,0.0,0.0,0.0013643374859133644,0.0,1.3643374859133652,-0.4229446206331432,0.27286749718267306,0.009745267756524038,3.806501585698289,-0.001023253114435024,0.06821687429566826,0.027286749718267306,-0.006821687429464873,-3.806501585698289,0.4093012457740096,-0.0013643374859133644,60.70218721582045,0.0,0.0003410843714783413,0.009745267756524038,-182.10656164746135,-218.59913057486628,48.64529488164794,-454.7523111853029,-0.0013643374859133644,0.0003410843714783413,-3.806501585698289,478.7284999813272,0.0013643374859133644,0.0013643374859133644,-420.04577137006964,-218.3804272758748,0.0,-0.001023253114435024,0.4093012457740096,0.0013643374859133644,0.4093012457740096,-0.6821687429566827,-0.0006821687429566826,161.4320137267164,-220.74979602353224,-0.001023253114435024,-0.0013643374859133644,-0.4229446206331432,0.0013643374859133644,0.13643374859133653,-0.027286749718267306,220.611997937455,220.611997937455,-0.13643374859134383,454.7523111853029,-220.611997937455,0.2728674971826729,0.002046506228870048,339.5883680637076,0.13643374859133653,-181.2176001574597,0.0,-0.27286749718267306,0.0006821687429566826,0.013643374859133653,102.42880459746911,414.7214366176686,-0.0013643374859133644,-420.35561241312047,420.04577137006964,0.4229446206331432,0.0013643374859133644,218.59913057486628,-480.22927121583183,0.0,-0.0013643374859133644,-0.0003410843714783413,0.0,-0.0013643374859133644,-44.578109663560824,0.0013643374859133644,-0.0003410843714783413,-0.0003410843714783413,-0.0003410843714783413,0.5457349943653461,0.6821687429566827,0.013643374859133653,101.81684255993477,-0.0003410843714783413,144.15542197911776,0.06821687429566826,22.35727170607608,0.0013643374859133644,0.0006821687429566826,0.0006821687429566822,-84.00156661297535,0.4229446206331432,0.0013643374859133644,-0.4229446206331432,0.013643374859133653,0.0013643374859133644,-303.4289206100527,0.0013643374859133644,0.0054573499435690564,0.006821687429464873,0.0006821687429566826,0.0003410843714783413,0.4093012457740096,-0.0013643374859133644,0.0,-24.32264744082397,-203.63368511986954,0.03410843714783414,-0.13643374859133653,0.27286749718267306,0.06821687429566826,-0.0013643374859133644,182.10656164746135,0.002046506228870048,-0.0013643374859133644,168.0031332259507,0.4229446206331432,282.5177147266402,0.0006821687429566822,-44.71454341215216,-0.0013643374859133644,-0.0013643374859133644,-0.0013643374859133644,0.0006821687429566822,3.806501585698289,-0.27286749718267306,0.0013643374859133644,204.85760919493822,-0.0003410843714783413,218.3804272758748,-204.85760919493822,0.20465062288700478,220.74979602353224,-513.08630750986,3.806501585698289,-0.001023253114435024,420.35561241312047,-414.7214366176686,0.0013643374859133644,-0.0003410843714783411,0.06821687429566832,1.3643374859133652,-0.0006821687429566826,-0.0013643374859133644,0.0003410843714783413,1000.0,0.0,-339.5890502324506,201.61207805011796,1000.0,0.0,169.63006272043623,-501.7717271372619,478.5920662327359,-401.9684645215489,-154.38532415682957,259.88019847813234,0.0,200.98423226077446,-500.0,77.19266207841478,-478.5920662327359,250.88586356863095,-420.04863647879006,-120.23934161257014,0.0,-259.88019847813234,-120.23934161257014,-169.63006272043623,324.86145009383836,0.0,1496.5981,bhi
127,0.0,0.0,0.0,0.0,0.0,0.0,0.0,0.0,294.32803958061237,0.0,0.0,0.0,0.0,0.0,0.0,0.0,674.94357518499,-373.1934889530654,0.0,0.0,0.0,0.0,0.0,0.0,0.0,0.0,0.0,0.0,0.0,-930.5355141742385,0.0,0.0,0.0,0.0,0.0,0.0,0.0,-11.066730271607783,0.0,-1000.0,-590.1122368463266,0.0,0.0,-474.40173628390653,0.0,0.0,1000.0,0.0,0.0,0.0,0.0,0.0,0.0,0.06950934506333697,0.0,0.0,0.0,12.638062738797586,0.0,0.0,-130.1771132049056,0.0,-559.4725447802072,-689.6496579851128,0.0,0.0,0.0,0.0,797.8214592413975,-797.8214592413975,0.0,0.6319031369398793,0.0,0.0,0.0,0.0,0.0,0.0,0.0,0.0,0.0,0.0,0.0,0.0,37.91418821639276,0.0,124.61215291225474,488.34683070845733,-511.65316929154267,438.96142551024053,-0.01579757842349698,0.0,0.0,315.6383006673806,18.95709410819638,0.0,18.95709410819638,0.0,0.0,0.0,0.0,356.742911156325,-930.5355141742385,0.0,0.0,0.0,0.0,6.31878782450364,0.0,0.0,0.0,0.0,0.0,0.0,0.0,0.0,0.0,0.0,0.0,0.0,0.0,0.0,0.0,0.0,-634.2177751896032,0.0,0.0,18.95709410819638,0.0,19.588997245136255,19.588997245136255,0.0,-33.89354450339772,1000.0,-966.1064554966023,966.1064554966023,0.0,0.0,0.0,0.0,0.0,0.0,0.0,0.0,0.0,129.4778070666918,0.06319031369398792,0.0,0.0,0.0,0.0,-278.016169032686,0.0,0.0,0.0,0.0,281.3738081316254,0.0,0.0,0.0,0.0,0.0,-57.146926571695346,-57.146926571695346,0.0,0.0,0.0,0.0,0.0,0.0,0.0,-57.08373625800136,0.0,0.0,0.0,392.68708008125975,0.0,0.0,0.0,0.0,0.0,0.0,0.0,0.0,0.0,0.0,0.0,0.0,0.0,0.0,0.0,-175.15819206344847,0.0,0.0,0.0,0.0,0.0,0.0,0.0,511.65316929154267,-511.65316929154267,0.0,0.0,0.0,0.0,0.0,0.0,0.0,0.0,-113.60537017984203,0.0,0.0,0.0,0.0,0.0,0.0,0.0,0.0,0.0,0.0,0.0,0.0,0.0,24.881399446759556,-138.21532241494856,255.59193898924866,0.0,0.0,0.0,0.0,0.0,0.0,0.0,0.0,0.0,-130.1771132049056,729.9936752731552,0.0,0.0,0.0,0.0,0.0,0.0,0.0,0.0,2.034728100947282,0.0,0.0,0.0,478.3542976633787,-544.9520409197066,1000.0,0.0,-255.59193898924866,0.0,0.0,0.0,999.8733758277168,0.0,0.0,0.0,-68.67460690458665,0.0,0.0,0.0,0.0,999.1645373296244,-999.1645373296244,999.1645373296244,0.0,0.0,0.0,-349.88715036997996,0.0,0.0,215.47896969649884,0.0,0.0,0.0,-304.5256746081158,0.0,304.5256746081158,0.0,568.9534243778464,0.0,0.0,0.0,0.0,0.0,0.0,-130.1771132049056,-0.0947854705409819,0.0,0.0,0.0,0.0,0.06319031369398792,0.0,0.0,0.0,154.1663698543048,674.94357518499,0.0,-512.1567046050242,459.92021549703315,0.0,-824.2444422573037,0.0,0.0,0.0,0.0,0.0,0.0,0.0,119.48564491039382,-360.2644745326397,240.7788296222459,-1000.0,-1000.0,0.0,0.0,0.0,0.0,0.0,0.0,0.0,0.0,0.0,0.0,0.0,0.0,0.0,0.0,0.0,0.0,0.0,-1000.0,0.0,-989.1860309831684,0.0,0.0,0.0,0.0,0.0,0.0,-131.5125351676391,0.0,0.0,0.0,0.0,353.58339547162564,-437.5569847087578,0.0,0.0,0.0,0.0,755.4188192990694,0.0,-450.79091793064686,0.0,0.0,-319.698694368386,0.0,-1.5797578423496983,-3.1595156846993966,0.0,0.0,650.3025549066358,253.17743053181323,-436.63438714858046,18.95709410819638,0.0,0.0,0.0,0.0,0.0,294.3912298943064,24.881399446759556,0.0,0.0,0.0,207.24336225563633,0.0,0.0,0.0,0.0,0.0,0.0,0.0,0.0,-11.129920585301772,0.0,0.0,253.08929951917358,0.0,0.0,0.0,0.0,-435.18858555583097,0.1263806273881567,0.0,0.0,0.0,0.0,0.0,0.0,0.0,0.0,0.0,0.0,0.0,0.0,0.0,0.0,0.0,0.0,0.0,0.0,0.0,0.06950934506333697,0.06950934506333697,0.0,42.04572105210573,0.0,37.91418821639276,0.0,0.0,0.0,1000.0,0.0,0.0,124.61215291225474,0.0,0.0,1000.0,-1000.0,0.0,0.0,0.0,0.0,0.0,253.08929951917358,0.0,0.0,0.0,0.0,0.0,0.0,0.0,211.40592506320107,-154.1663698543048,278.016169032686,139.74748094787378,129.4778070666918,0.0,937.5,-621.8616993326194,-621.8616993326194,0.0,1000.0,0.0,0.0,564.811414444169,0.0,0.0,24.881399446759556,0.0,0.0,0.0,0.0,0.0,0.0,0.0,0.0,0.0,0.0,0.0,0.0,0.0,37.91418821639276,0.0,0.0,0.0,0.0,0.0,0.0,0.0,0.0,0.0,0.0,0.0,0.0,0.6319031369398793,0.0,0.0,124.61215291225474,-124.61215291225474,0.0,0.0,0.0,0.0,18.95709410819638,0.0,0.0,0.0,0.0,139.74748094787378,0.0,0.0,0.0,0.0,0.0,1000.0,-1000.0,0.0,18.95709410819638,18.95709410819638,-628.9153127380181,-1000.0,0.0,253.08929951917358,0.0,0.0,0.0,0.0,0.0,930.5355141742385,0.0,1000.0,0.06319031369398792,0.0,0.0,0.0,5.095847440036597,429.2436708472226,0.0,-315.6383006673806,0.0,0.0,0.0,0.0,0.0,0.0,0.0,0.0,0.0,0.0,0.0,0.0,0.0,0.0,0.06319031369398792,0.0,0.0,0.0,-614.4636901010332,614.4636901010332,0.0,0.0,0.0,0.0,0.0,-120.6985661508075,0.0,0.0,0.0,-4.739273527049095,-3.1595156846993993,0.0,0.0,-437.50000000000006,-437.50000000000006,437.50000000000006,0.0,0.0,0.0,0.0,0.0,0.0,0.0,0.0,0.0,0.0,0.0,216.82768344275473,0.0,0.0,0.0,294.32803958061237,0.0,0.0,0.06319031369398792,0.0,0.06319031369398792,0.0,0.0,0.0,37.91418821639276,77.09218270666527,77.09218270666527,0.0,0.0,0.0,0.0,0.0,0.0,0.0,278.016169032686,0.0,0.0,0.0,0.0,0.0,124.92633091944613,0.0,0.0,0.0,0.0,0.0,0.0,0.0,0.0,0.0,0.0,0.0,0.0,0.0,0.0,0.0,0.0,0.0,0.0947854705409819,0.0,0.0,0.0,-18.95709410819638,0.0,0.0,0.0,0.0,0.0,-42.04572105210573,3.1595156846993966,0.0,0.0,0.0,0.0,0.0,0.0,0.0,0.0,0.0,0.0,0.0,0.0,0.0,0.0,0.0,0.0,0.0,205.77492294716177,17.164321605346178,0.0,-734.6218937061117,429.2436708472226,10.813969016831606,-131.5125351676391,0.0,120.6985661508075,0.0,922.7811931210515,0.0,3.1595156846993993,1000.0,0.0,254.7418716591475,0.0,-260.35422640981125,0.0,0.0,0.0,0.0,0.0,0.0,0.0,0.0,0.0,46.78499457915483,-56.26354163325293,77.09218270666527,0.0,0.0,0.0,0.0,0.0,0.0,0.0,0.0,0.0,2.034728100947282,0.0,0.0,0.0,-5.095847440036597,0.0,0.0,18.95709410819638,124.61215291225474,0.0,0.0,0.0,82.88155805955894,0.0,0.0,0.06950934506333697,0.0,0.0,0.0,38.546091353332635,0.0,0.0,0.0,0.0,-138.21532241494856,0.0,0.0,0.0,0.0,0.0,0.0,0.0,0.0,-13.420832068613976,0.0,0.006319031369398973,0.006319031369398973,0.0,0.0,0.0,0.0,0.0,0.0,0.0,0.0,0.0,0.0,0.0,0.0,0.0,0.0,0.0,42.04572105210573,0.0,0.0,0.0,0.0,0.0,0.0,0.0,0.0,0.0,0.0,0.0,249.22430582450949,0.0,1000.0,-373.1934889530654,0.0,0.0,0.0,37.91418821639276,0.0,0.0,0.0,0.0,0.0,0.0,-37.91418821639276,0.0,249.22430582450949,0.0,0.0,0.0,0.0,0.0,0.0,0.0,0.0,0.0,0.0,-1000.0,-1000.0,168.21169579982785,-18.95709410819638,0.0,0.0,-11.066730271607783,0.0,0.0,0.0,0.0,0.0,0.0,0.0,0.0,0.0,546.875,0.0,-546.875,-546.875,0.0,0.0,0.0,0.0,-7.898789211748494,0.0,-358.3226689986747,176.45059902565006,0.0,0.0,0.0,0.0,0.0,-0.7898789211748491,0.0,11.129920585301772,0.0,0.0,0.0,0.0,0.0,0.0,0.0,1000.0,18.95709410819638,18.95709410819638,0.0,0.0,0.0,0.0,0.0,0.06950934506333697,42.04572105210573,0.0,0.0,11.066730271607783,0.0,0.0,0.0,0.0,0.0,0.0,0.0,0.0,0.0,0.0,0.0,0.0,0.0,0.0,0.0,0.0,0.0,19.588997245136255,0.0,66.34982937868733,129.4778070666918,0.0,0.0,0.0,0.0,0.0,42.04572105210573,0.0,-3.1595156846993993,0.0,0.0,0.0,-7.898789211748494,0.0,0.0,0.0,0.0,0.0,0.0,0.0,0.0,0.0,0.0,0.0,0.0,0.0,0.0,0.0,0.0,0.0,0.0,-0.06319031369398792,0.0,0.0,3.1595156846993966,-1000.0,0.0,0.0,0.0,0.0,0.0,0.0,0.0,0.0,-119.48564491039382,1.5797578423496983,0.0,0.0,0.0,0.06319031369398792,0.0,63.190313693987925,0.0,12.638062738797586,0.4513593835284852,215.47896969649884,-0.04739273527049095,179.9512134205122,1.2638062738797586,-0.31595156847016526,-215.47896969649884,18.95709410819638,-0.06319031369398793,0.0,253.08929951917358,0.015797578423496984,0.4513593835284852,0.0,-134.6720508523385,-1.2638062738797586,-301.75008623192457,-0.06319031369398793,0.015797578423496984,-215.47896969649884,6.319031369398793,0.06319031369398793,0.06319031369398792,-41.91302139334841,-124.54264356719136,-5.944914708608337,-0.04739273527049095,18.95709410819638,0.06319031369398793,18.95709410819638,-31.595156846993966,-0.03159515684699397,-275.4288934230171,-6.382221683092781,-0.04739273527049095,-0.06319031369398793,0.0,0.06319031369398792,6.319031369398793,-1.2638062738797586,0.0,0.0,-6.319031369398793,301.75008623192457,0.0,12.638062738797586,0.0947854705409819,-1000.0,6.319031369398793,-211.40592506320107,253.08929951917358,-12.638062738797586,0.03159515684699396,0.6319031369398793,128.03917615125604,29.802384344143764,-0.06319031369398792,-56.26354163325293,41.91302139334841,19.588997245136255,0.06319031369398793,134.6720508523385,177.26092308638798,253.08929951917358,-0.06319031369398792,-0.01579757842349698,-253.08929951917358,-0.06319031369398793,-435.1885855558309,0.06319031369400818,-0.01579757842349698,-0.01579757842349698,-0.01579757842349698,25.276125477595173,31.595156846993966,0.6319031369398793,364.5440824386892,-0.015797578423496984,256.0783523025121,3.1595156846993966,220.75380846261487,0.06319031369398792,0.03159515684699397,0.03159515684699397,132.86368112898558,0.0,0.06319031369398792,0.0,0.6319031369398793,0.06319031369398789,-1000.0,0.06319031369398793,0.2527612547761464,0.31595156847016526,0.03159515684699397,0.015797578423496984,18.95709410819638,-0.06319031369398793,5.944914708608337,0.6319031369398793,-729.0881648773784,178.3714555781625,-6.319031369398793,12.638062738797586,3.1595156846993966,-0.06319031369398793,0.0,0.0947854705409819,-0.06319031369398789,-265.72736225797115,0.0,-23.309695584574207,0.03159515684699397,-441.50761692522974,-0.06319031369398793,-0.06319031369400818,-0.06319031369398793,0.03159515684699397,215.47896969649884,-12.638062738797586,0.06319031369398792,256.0783523025121,-0.01579757842349698,124.54264356719136,-256.0783523025121,9.478547054098188,6.382221683092781,405.4300477136546,215.47896969649884,-0.04739273527049095,56.26354163325293,-29.802384344143764,0.06319031369398793,-0.015797578423496987,3.1595156846993993,63.190313693987925,-0.03159515684699397,-0.06319031369398793,0.015797578423496984,1000.0,0.0,561.0069793329125,635.4559175613108,-339.3430358653969,0.0,286.06266089985456,427.8471649145855,0.0,-1000.0,-649.1250958416565,1000.0,-438.96142551024053,500.0,169.67151793269846,324.56254792082825,0.0,-213.92358245729275,-42.04572105210573,-59.571862474984734,438.96142551024053,-1000.0,-59.571862474984734,-286.06266089985456,51.241353222033894,0.0,1496.5981,bhi
128,0.0,0.0,0.0,0.0,0.0,0.0,0.0,0.0,-0.07373641685240499,0.0,0.0,0.0,0.0,0.0,0.0,0.0,-500.9910185961803,242.6657026227149,0.0,0.0,0.0,0.0,0.0,499.23536803720424,0.0,0.0,0.0,0.0,0.0,-578.731335126547,0.0,0.0,350.73700706347523,0.0,0.0,0.0,0.0,453.8862871027069,0.0,-1000.0,547.3425909370692,0.0,-205.22240734978277,195.79841543878283,0.0,0.0,0.0,252.2589170892274,0.0,-137.84102097524607,0.0,-200.84302986753255,0.0,0.08111005853758743,0.0,0.0,0.0,267.0062004597084,0.0,0.0,-6.493720444135646,0.0,0.0,-6.493720444135646,0.0,0.0,0.0,0.0,0.0,0.0,0.0,0.73736416852405,0.0,0.0,0.0,0.0,0.0,0.0,0.0,0.0,0.0,0.0,0.0,0.0,44.241850111443,0.0,0.0,105.03867839686453,87.2776809508517,849.5063134074662,-0.018434104213101248,0.0,0.0,-64.68116857135178,22.1209250557215,0.0,452.65740906293087,-8.052016720284383,458.74797485384136,0.0,0.0,3.6868208426202496,-850.2819716414898,0.0,0.0,-249.09835019281465,0.0,0.0,0.0,0.0,0.0,0.0,0.0,0.0,0.0,0.0,0.0,0.0,0.0,0.0,0.0,0.0,0.0,0.0,-736.0786033121713,0.0,0.0,452.65740906293087,0.0,22.85828922424555,2.402225328882693,0.0,0.0,0.0,0.0,0.0,0.0,0.0,0.0,0.0,0.0,0.0,0.0,0.0,0.0,5.677704097635184,0.07373641685240499,0.0,0.0,0.0,0.0,0.0,0.0,0.0,0.0,0.0,357.82017805425886,0.0,0.0,0.0,0.0,0.0,720.5084803849348,720.5084803849348,0.0,0.0,0.0,0.0,0.0,0.0,0.0,720.5822168017872,0.0,0.0,0.0,-1000.0,-746.8671441234663,0.0,0.0,0.0,0.0,0.0,0.0,0.0,0.0,0.0,0.0,0.0,0.0,0.0,0.0,-1000.0,0.0,0.0,0.0,0.0,0.0,137.84102097524607,406.0654372173153,63.216005641682045,-63.216005641682045,0.0,0.0,0.0,0.0,0.0,0.0,0.0,271.5506365149428,-23.964335477031625,0.0,0.0,0.0,0.0,0.0,0.0,0.0,0.0,0.0,0.0,0.0,0.0,0.0,41.61953388430419,305.1977157407768,673.656916505412,0.0,0.0,0.0,0.0,208.3815170984945,0.0,0.0,0.0,0.0,-6.493720444135646,477.85850106662923,0.0,0.0,0.0,0.0,0.0,0.0,0.0,0.0,0.0,0.0,430.53648400720937,0.0,181.1607320406131,0.0,574.3201212558619,0.0,-673.656916505412,0.0,0.0,0.0,25.166209005958663,0.0,0.0,0.0,-74.2862096482902,0.0,0.0,-1000.0,0.0,0.0,-1000.0,0.0,0.0,150.49368659253378,0.0,0.0,137.84102097524607,0.0,2.147536577480821,0.0,0.0,0.0,0.0,0.0,0.0,0.0,720.4347439680824,0.0,0.0,0.0,0.0,0.0,0.0,-6.493720444135646,-0.11060462527860748,0.0,0.0,0.0,0.0,0.07373641685240499,0.0,0.0,0.0,338.9610738385747,-500.9910185961803,0.0,-166.06556679520978,-206.10795382462558,746.8671441234663,1000.0,0.0,960.1474920185487,0.0,-249.09835019281465,0.0,0.0,0.0,-6.34870549099201,0.0,-953.7987865275568,0.0,-1000.0,0.0,0.0,0.0,0.0,0.0,0.0,0.0,0.0,0.0,0.0,0.0,0.0,0.0,0.0,0.0,0.0,0.0,-545.8187672298837,0.0,-1000.0,0.0,0.0,5.677704097635184,0.0,0.0,0.0,-5.677704097635184,0.0,458.74797485384136,0.0,0.0,0.0,0.0,152.6967687932532,-3.68682084262025,-692.5988803359895,0.0,-216.1330213567581,-3.6868208426202496,854.5127012357934,0.0,-152.6967687932532,0.0,0.0,690.7554699146795,0.0,0.0,0.0,0.0,-841.7241308055036,223.62196556087957,452.65740906293087,0.0,0.0,0.0,0.0,0.0,0.0,0.0,-41.61953388430419,41.61953388430419,41.61953388430419,-272.3442122711949,0.0,0.0,0.0,0.0,0.0,271.5506365149428,0.0,0.0,-12.987440888271292,0.0,0.0,0.0,0.0,0.0,0.0,0.0,-147.45969332215407,0.14747283370485922,0.0,0.0,0.0,0.0,0.0,0.0,0.0,0.0,0.0,0.0,0.0,0.0,0.0,0.0,0.0,0.0,0.0,0.0,0.0,0.08111005853758743,0.08111005853758743,0.0,420.03924484361255,0.0,44.241850111443,0.0,0.0,0.0,1000.0,0.0,0.0,0.0,0.0,0.0,-34.21005807496443,-1000.0,0.0,0.0,0.0,0.0,0.0,0.0,0.0,0.0,0.0,0.0,0.0,0.0,0.0,245.3595344373904,-338.9610738385747,0.0,0.0,5.677704097635184,0.0,0.0,-64.68116857135178,-273.06268566984625,0.0,-34.21005807496443,0.0,559.5812115531955,-741.250962950314,0.0,0.0,41.61953388430419,0.0,0.0,0.0,0.0,0.0,0.0,0.0,0.0,0.0,0.0,0.0,0.0,0.0,44.241850111443,0.0,0.0,0.0,0.0,0.0,0.0,0.0,0.0,0.0,0.0,0.0,0.0,0.73736416852405,0.0,0.0,0.0,0.0,0.0,406.0654372173153,0.0,0.0,452.65740906293087,0.0,0.0,0.0,0.0,0.0,0.0,0.0,0.0,0.0,0.0,531.9226915621082,-323.5411744636137,0.0,22.1209250557215,22.1209250557215,1000.0,-1000.0,0.0,0.0,0.0,0.0,0.0,0.0,0.0,1000.0,271.5506365149428,941.4982993192484,0.07373641685240499,0.0,0.0,0.0,87.7705709119061,0.0,0.0,64.68116857135178,0.0,0.0,0.0,0.0,0.0,0.0,0.0,0.0,0.0,0.0,0.0,0.0,0.0,0.0,0.07373641685240499,0.0,0.0,0.0,0.0,0.0,0.0,0.0,0.0,0.0,0.0,1000.0,0.0,-541.2520251461586,-454.18123277011625,-5.530231263930375,-3.6868208426202527,0.0,0.0,0.0,0.0,0.0,0.0,0.0,0.0,0.0,0.0,0.0,0.0,0.0,746.8671441234663,0.0,0.0,227.30878640349982,0.0,0.0,0.0,-0.07373641685240499,0.0,0.0,0.07373641685240499,0.0,0.07373641685240499,0.0,0.0,0.0,44.241850111443,89.95842855993409,89.95842855993409,0.0,0.0,0.0,0.0,0.0,0.0,0.0,0.0,0.0,271.5506365149428,0.0,0.0,0.0,0.0,0.0,0.0,0.0,0.0,0.0,0.0,0.0,0.0,0.0,0.0,0.0,0.0,0.0,208.3815170984945,0.0,-555.5983548327597,555.5983548327597,0.11060462527860748,0.0,0.0,0.0,-452.65740906293087,0.0,0.0,0.0,0.0,0.0,-420.03924484361255,3.6868208426202496,0.0,0.0,0.0,0.0,0.0,-6.061133465269452,0.0,0.0,0.0,0.0,0.0,0.0,0.0,0.0,0.0,0.0,0.0,0.0,378.41971095930836,0.0,985.252716629519,-249.09835019281465,0.0,-11.738837562904678,1000.0,-988.2611624370953,0.0,-64.79221955397543,0.0,3.6868208426202527,708.6115916036796,0.0,0.0,0.0,-12.987440888271292,0.0,0.0,0.0,0.0,0.0,0.0,0.0,0.0,0.0,425.5694761075429,-436.62993863540373,89.95842855993409,0.0,0.0,0.0,0.0,0.0,0.0,0.0,0.0,0.0,0.0,0.0,0.0,0.0,-87.7705709119061,4.766071695602335,-205.22240734978277,22.1209250557215,0.0,0.0,0.0,0.0,-189.59239151135571,0.0,0.0,0.08111005853758743,0.0,0.0,0.0,44.979214279967046,0.0,0.0,0.0,0.0,305.1977157407768,0.0,0.0,0.0,0.0,0.0,0.0,0.0,0.0,0.0,0.0,710.4448510595624,0.00737364168524071,0.0,0.0,0.0,0.0,0.0,0.0,0.0,0.0,0.0,0.0,0.0,0.0,0.0,0.0,0.0,420.03924484361255,0.0,0.0,0.0,0.0,0.0,0.0,0.0,137.84102097524607,0.0,0.0,0.0,0.0,0.0,-595.9165999750453,242.6657026227149,0.0,0.0,0.0,44.241850111443,0.0,0.0,0.0,0.0,0.0,0.0,-44.241850111443,0.0,0.0,0.0,0.0,0.0,0.0,0.0,0.0,0.0,0.0,0.0,0.0,-941.4982993192484,149.7180283585102,50.50944554389743,0.0,-452.65740906293087,0.0,453.8862871027069,0.0,0.0,0.0,0.0,0.0,0.0,0.0,0.0,0.0,0.0,0.0,0.0,0.0,0.0,0.0,0.0,0.0,-9.217052106550629,0.0,-5.530231263930375,431.0997073714733,0.0,0.0,0.0,0.0,0.0,-0.9217052106550625,0.0,12.987440888271292,0.0,0.0,0.0,0.0,0.0,0.0,0.0,1000.0,22.1209250557215,22.1209250557215,0.0,0.0,0.0,0.0,0.0,0.08111005853758743,420.03924484361255,0.0,0.0,-453.8862871027069,710.4374774178772,0.0,0.0,0.0,0.0,0.0,0.0,0.0,0.0,0.0,0.0,0.0,0.0,0.0,277.79917741637985,0.0,0.0,2.402225328882693,0.0,77.42323769502525,5.677704097635184,0.0,0.0,0.0,0.0,0.0,420.03924484361255,0.0,0.0,0.0,0.0,0.0,-9.217052106550629,0.0,0.0,0.0,0.0,0.0,0.0,0.0,0.0,0.0,0.0,0.0,0.0,0.0,0.0,0.0,0.0,0.0,0.0,-0.07373641685240499,0.0,0.0,3.6868208426202496,34.21005807496443,0.0,0.0,0.0,0.0,0.0,0.0,0.0,0.0,6.34870549099201,1.8434104213101254,0.0,0.0,0.0,0.07373641685240499,0.0,73.73641685240499,-20.45606389536286,14.747283370481,0.5266886918028928,210.52905367597532,-0.05530231263930374,3.68682084262025,1.4747283370481,-0.3686820842617635,-210.52905367597532,22.1209250557215,-0.07373641685240499,83.03278339760489,0.0,0.018434104213101248,0.5266886918028928,-249.09835019281468,-11.738837562904678,-1.4747283370481,258.3253159734654,-0.07373641685240499,0.018434104213101248,-210.52905367597532,7.373641685240499,0.07373641685240499,0.07373641685240499,-419.88439836822255,0.08111005853766755,0.0,-0.05530231263930374,22.1209250557215,0.07373641685240499,452.65740906293087,393.66827558100687,-0.036868208426202496,140.37652233137044,-215.8288952005874,-0.05530231263930374,-0.07373641685240499,-20.45606389536286,0.07373641685240499,7.373641685240499,-1.4747283370481,208.3815170984945,208.3815170984945,-7.373641685240499,-258.3253159734654,-208.3815170984945,14.747283370480998,0.11060462527860748,-0.036868208426202496,7.373641685240499,-245.3595344373904,0.0,-14.747283370480998,0.036868208426202496,0.73736416852405,41.516391698802444,393.16699432978936,-0.07373641685240499,-436.62993863540373,419.88439836822255,22.85828922424555,0.07373641685240499,11.738837562904678,-519.0201842300953,0.0,-0.07373641685240499,-0.018434104213101248,0.0,-0.07373641685240499,-147.45969332215407,0.07373641685240499,-0.018434104213101248,-0.018434104213101248,-0.018434104213101248,29.494566740961996,-393.66827558100687,0.73736416852405,138.2514469082251,-0.018434104213101248,0.0,3.6868208426202496,77.41666750369728,0.07373641685240499,0.036868208426202496,0.036868208426202496,7.373641685240499,20.45606389536286,0.07373641685240499,-20.45606389536286,0.73736416852405,0.07373641685240499,-305.4954050536193,0.07373641685240499,0.29494566740936534,0.3686820842617635,0.036868208426202496,0.018434104213101248,22.1209250557215,-0.07373641685240499,0.0,0.73736416852405,-276.5028938164502,1.843410421310125,-7.373641685240499,14.747283370480998,3.6868208426202496,-0.07373641685240499,249.09835019281468,0.11060462527860748,-0.07373641685240499,-14.747283370480998,20.45606389536286,379.3726972405133,0.036868208426202496,-154.83333500739457,-0.07373641685240499,-0.07373641685240499,-0.07373641685240499,0.036868208426202496,210.52905367597532,-14.747283370480998,0.07373641685240499,83.03278339760489,-0.018434104213101248,-0.08111005853766755,-83.03278339760489,11.060462527860748,215.8288952005874,-523.3561099597471,210.52905367597532,-0.05530231263930374,436.62993863540373,-393.16699432978936,0.07373641685240499,-0.018434104213101245,3.6868208426202527,73.73641685240499,-0.036868208426202496,-0.07373641685240499,0.018434104213101248,1000.0,0.0,-1000.0,167.24395814539423,237.3150045036092,0.0,665.3077175182611,-601.464932068728,0.0,904.1954383956163,506.6952790935286,-1000.0,-1000.0,-452.09771919780815,-118.6575022518046,-253.3476395467643,0.0,300.732466034364,-420.03924484361255,-189.78030572915756,1000.0,1000.0,-189.78030572915756,-665.3077175182611,588.477130031558,0.0,1496.5981,bhi
129,0.0,0.0,0.0,0.0,0.0,0.0,0.0,0.0,480.4978485955171,0.0,0.0,0.0,0.0,0.0,0.0,0.0,654.1183374148721,554.3607588205734,0.0,-860.0864552484333,0.0,0.0,0.0,34.29378396113384,0.0,0.0,0.0,0.0,0.0,-474.25071866379915,0.0,0.0,464.0592214475139,0.0,0.0,0.0,0.0,-129.31205855490072,0.0,-1000.0,930.3106582727153,0.0,0.0,1000.0,0.0,0.0,0.0,0.0,-1000.0,-150.3525722996913,0.0,179.867618751073,0.0,0.09226330223407331,0.0,0.0,0.0,16.77514586073499,0.0,0.0,37.52386884763747,0.0,0.0,-306.3439986409153,0.0,0.0,0.0,0.0,0.0,343.86786748855275,0.0,0.8387572930367497,0.0,0.0,0.0,0.0,0.0,0.0,0.0,0.0,0.0,0.0,0.0,0.0,50.32543758220504,0.0,69.7120977545367,477.26897428558675,826.9962619104583,-653.9925238209166,-0.02096893232591874,0.0,0.0,-1000.0,25.162718791102492,0.0,69.68934172728468,0.0,0.0,0.0,0.0,4.193786465183748,-656.9592568872497,0.0,0.0,-534.0871249348749,0.0,0.0,0.0,0.0,0.0,0.0,0.0,0.0,0.0,0.0,0.0,0.0,0.0,0.0,0.0,0.0,0.0,0.0,-314.1918166936838,0.0,0.0,69.68934172728468,0.0,26.00147608413924,26.00147608413924,0.0,0.0,0.0,0.0,0.0,0.0,0.0,0.0,-343.86786748855275,0.0,0.0,0.0,0.0,0.0,76.17052891091967,0.08387572930367496,0.0,0.0,0.0,0.0,-37.163959798441056,0.0,0.0,0.0,0.0,1000.0,0.0,0.0,0.0,0.0,0.0,999.9161242706963,999.9161242706963,0.0,0.0,0.0,0.0,421.4984769992725,0.0,0.0,1000.0,0.0,0.0,0.0,246.03903921666438,-690.9089828071832,0.0,0.0,0.0,0.0,0.0,0.0,0.0,0.0,0.0,0.0,0.0,0.0,0.0,0.0,-109.79267950321217,0.0,0.0,0.0,0.0,0.0,150.3525722996913,-179.867618751073,-173.00373808954168,173.00373808954168,0.0,0.0,0.0,0.0,0.0,0.0,0.0,182.70853822345055,-1000.0,0.0,0.0,0.0,0.0,0.0,0.0,0.0,0.0,0.0,0.0,0.0,0.0,0.0,0.0,-497.2617268965101,1000.0,0.0,0.0,0.0,0.0,112.58864793560231,0.0,0.0,0.0,0.0,37.52386884763747,0.0,0.0,0.0,0.0,0.0,0.0,0.0,0.0,0.0,2.700798483577999,0.0,44.52662293618219,0.0,0.0,1000.0,-875.6023825550279,0.0,-1000.0,0.0,0.0,343.86786748855275,102.32838975048347,0.0,0.0,0.0,-174.10992992032084,0.0,0.0,-739.1440196873085,-1000.0,-61.36199419492971,-677.7820254923788,938.6380058050703,0.0,653.9925238209166,0.0,223.86920994808486,150.3525722996913,0.0,173.42758898992935,0.0,0.0,0.0,-736.19449672118,0.0,736.19449672118,0.0,790.6959552777826,343.86786748855275,0.0,0.0,0.0,0.0,0.0,37.52386884763747,-0.12581359395551245,0.0,0.0,0.0,0.0,0.08387572930367496,0.0,0.0,0.0,-75.18610864325281,654.1183374148721,0.0,-356.05808328991657,-506.7274857132212,690.9089828071832,1000.0,0.0,0.0,0.0,-534.0871249348749,0.0,0.0,0.0,-7.2217002930464105,7.2217002930464105,0.0,-1000.0,-1000.0,0.0,0.0,0.0,0.0,0.0,0.0,0.0,0.0,0.0,0.0,0.0,0.0,0.0,0.0,0.0,0.0,0.0,-549.8191613304912,0.0,-1000.0,0.0,579.1573943071953,0.0,0.0,0.0,0.0,-78.87132739449767,0.0,0.0,0.0,0.0,0.0,0.0,0.0,-4.193786465183748,-706.8085266495102,-7.2217002930464105,27.522940641901627,0.0,604.6176519232786,-717.5563214306769,0.0,0.0,331.38180802954474,704.7116334169183,-4.193786465183748,0.0,0.0,-215.67855331249092,0.0,0.0,69.68934172728468,0.0,0.0,0.0,841.768626137718,0.0,480.58172432482075,0.0,0.0,0.0,0.0,200.6668752690461,0.0,0.0,0.0,0.0,0.0,182.70853822345055,0.0,0.0,-129.3959342842044,0.0,0.0,0.0,0.0,0.0,0.0,0.0,-604.1150284222358,0.16775145860740595,0.0,0.0,0.0,0.0,0.0,0.0,0.0,0.0,0.0,0.0,0.0,0.0,0.0,0.0,0.0,0.0,0.0,0.0,0.0,0.09226330223407331,0.09226330223407331,0.0,293.77675578357326,0.0,50.32543758220504,0.0,0.0,0.0,1000.0,0.0,0.0,69.7120977545367,0.0,0.0,1000.0,-1000.0,0.0,0.0,0.0,0.0,0.0,0.0,0.0,0.0,0.0,0.0,0.0,0.0,0.0,104.73060556456126,75.18610864325281,37.163959798441056,0.0,76.17052891091967,0.0,-112.58864793560235,-887.4113520643976,-1000.0,0.0,1000.0,0.0,-604.1150284222358,1000.0,0.0,0.0,0.0,0.0,0.0,0.0,0.0,0.0,0.0,0.0,0.0,0.0,0.0,0.0,0.0,0.0,50.325437582204984,343.86786748855275,343.86786748855275,0.0,0.0,0.0,0.0,0.0,0.0,0.0,0.0,0.0,0.0,0.8387572930367497,0.0,0.0,69.7120977545367,-69.7120977545367,0.0,-179.867618751073,0.0,0.0,69.68934172728468,0.0,0.0,0.0,0.0,0.0,0.0,0.0,0.0,0.0,0.0,1000.0,-1000.0,0.0,25.162718791102492,25.162718791102492,9.904347774746693,-1000.0,0.0,0.0,0.0,0.0,0.0,0.0,0.0,656.9592568872497,182.70853822345055,799.7616675001073,0.08387572930367496,0.0,0.0,-494.6801785793708,501.4441570353601,0.0,0.0,1000.0,0.0,-343.86786748855275,0.0,0.0,0.0,0.0,0.0,0.0,0.0,0.0,0.0,0.0,0.0,0.0,0.08387572930367496,0.0,0.0,0.0,-1000.0,1000.0,0.0,0.0,0.0,579.1573943071953,-78.87132739449767,0.0,0.0,0.0,-450.18083866950883,-6.290679697775623,-4.193786465183748,0.0,0.0,562.5,562.5,-562.5,0.0,0.0,0.0,0.0,0.0,0.0,0.0,343.86786748855275,690.9089828071832,0.0,0.0,-211.48476684730718,0.0,0.0,0.0,480.4978485955171,0.0,0.0,0.08387572930367496,0.0,0.08387572930367496,0.0,0.0,0.0,50.32543758220504,102.32838975048347,102.32838975048347,0.0,0.0,0.0,0.0,0.0,0.0,0.0,37.163959798441056,0.0,182.70853822345055,0.0,0.0,0.0,0.0,0.0,0.0,0.0,0.0,0.0,0.0,0.0,0.0,0.0,0.0,0.0,0.0,0.0,112.58864793560231,0.0,0.0,0.0,0.12581359395551245,0.0,0.0,0.0,-69.68934172728468,0.0,0.0,0.0,0.0,0.0,-293.77675578357326,4.193786465183748,0.0,0.0,0.0,0.0,-421.4984769992725,0.0,0.0,0.0,0.0,0.0,0.0,0.0,0.0,0.0,343.86786748855275,0.0,0.0,768.9519242003304,293.77675578357326,0.0,-979.6111860622939,-534.0871249348749,0.0,0.0,0.0,0.0,0.0,0.0,0.0,4.193786465183748,1000.0,0.0,0.0,0.0,-268.82012979327783,937.4999999999801,-937.4999999999801,0.0,0.0,0.0,0.0,0.0,0.0,0.0,300.06743548134887,-312.64879487690035,102.32838975048347,0.0,-586.3771078592308,-586.3771078592308,586.3771078592308,0.0,0.0,0.0,0.0,0.0,2.700798483577999,0.0,0.0,0.0,-6.763978455989218,-997.6397353394074,0.0,25.162718791102492,69.7120977545367,0.0,0.0,0.0,-224.24526981665198,0.0,0.0,0.09226330223407331,0.0,0.0,0.0,51.16419487524173,0.0,0.0,0.0,0.0,-497.2617268965101,0.0,0.0,0.0,0.0,0.0,0.0,0.0,0.0,881.5405721359327,0.0,0.008387572930367496,0.008387572930367496,0.0,0.0,0.0,0.0,0.0,0.0,0.0,0.0,0.0,-494.6801785793708,0.0,0.0,0.0,0.0,0.0,293.77675578357326,0.0,0.0,0.0,0.0,0.0,0.0,0.0,150.3525722996913,0.0,0.0,0.0,139.4241955090734,-572.6527101245231,64.804520902846,554.3607588205734,0.0,0.0,0.0,50.32543758220504,0.0,0.0,0.0,0.0,0.0,949.674562417795,-1000.0,0.0,139.4241955090734,0.0,0.0,0.0,0.0,0.0,0.0,0.0,0.0,0.0,0.0,-832.6369323904496,-1000.0,57.45487457301735,0.0,-69.68934172728468,0.0,449.8453357522946,0.0,0.0,0.0,0.0,0.0,0.0,0.0,0.0,0.0,0.0,0.0,0.0,0.0,0.0,0.0,0.0,0.0,-10.484466162959372,343.86786748855275,-6.290679697775623,306.3581151791245,0.0,0.0,0.0,0.0,0.0,-1.0484466162959374,0.0,129.3959342842044,0.0,0.0,0.0,0.0,0.0,0.0,0.0,967.1247351096576,25.162718791102492,25.162718791102492,0.0,0.0,0.0,0.0,0.0,0.09226330223407331,293.77675578357326,0.0,0.0,-449.8453357522946,0.0,0.0,0.0,0.0,0.0,0.0,0.0,0.0,0.0,0.0,0.0,0.0,0.0,0.0,0.0,0.0,0.0,26.00147608413924,0.0,88.06951576885872,76.17052891091967,0.0,0.0,0.0,0.0,0.0,293.77675578357326,0.0,-4.193786465183748,0.0,0.0,0.0,-10.484466162959372,0.0,0.0,0.0,0.0,0.0,0.0,0.0,0.0,0.0,0.0,0.0,0.0,0.0,0.0,0.0,0.0,0.0,0.0,-0.08387572930367496,0.0,0.0,4.193786465183748,-1000.0,0.0,0.0,0.0,0.0,343.86786748855275,0.0,0.0,0.0,7.2217002930464105,2.0968932325918725,0.0,0.0,0.0,0.08387572930367496,0.0,83.87572930367496,0.0,16.77514586073499,0.5991123521691069,286.01623692553164,-0.06290679697775622,4.193786465183748,1.6775145860734992,-0.4193786465178846,-286.01623692553164,25.16271879110249,-0.08387572930367496,178.02904164495828,0.0,0.02096893232591874,0.5991123521691069,-534.0871249348749,-83.06511385968142,-1.6775145860734992,-348.3926409870123,-0.08387572930367496,0.02096893232591874,-286.01623692553164,863.2100748297753,0.08387572930367496,0.08387572930367496,-293.60061675203553,-69.61983445230265,0.0,-0.06290679697775622,25.162718791102492,0.08387572930367496,69.68934172728468,2.58875828434471,-0.04193786465183748,68.1742498697497,-121.06009659527348,-0.06290679697775622,-0.08387572930367496,0.0,0.08387572930367496,8.387572930367496,-1.6775145860734992,112.58864793560231,112.58864793560231,-8.387572930367469,348.3926409870123,-112.58864793560231,16.77514586073499,0.12581359395551245,-271.8185132898811,8.387572930367496,-104.73060556456126,0.0,-16.77514586073499,0.04193786465183748,0.8387572930367497,89.01452082247914,310.55190164430826,-0.08387572930367496,-312.64879487690035,293.60061675203553,26.00147608413924,0.08387572930367496,83.06511385968142,-1000.0,0.0,-0.08387572930367496,-0.02096893232591874,0.0,-0.08387572930367496,-604.1150284222358,0.08387572930367496,-0.02096893232591874,-0.02096893232591874,-0.02096893232591874,33.55029172146998,-2.58875828434471,0.8387572930367497,62.141430947858424,-0.02096893232591874,0.0,4.193786465183748,306.25130067630164,0.08387572930367496,0.04193786465183748,0.04193786465183748,-163.54636081390888,0.0,0.08387572930367496,0.0,0.8387572930367497,0.08387572930367496,-62.141430947858424,0.08387572930367496,0.33550291721428493,0.4193786465178846,0.04193786465183748,0.02096893232591874,25.162718791102492,-0.08387572930367496,0.0,0.8387572930367496,-124.28286189571685,2.096893232591874,-8.387572930367496,16.77514586073499,4.193786465183748,-0.08387572930367496,534.0871249348749,0.12581359395551245,-0.08387572930367496,327.09272162781775,0.0,312.58857105177503,0.04193786465183748,-612.5026013526033,-0.08387572930367496,-0.08387572930367496,-0.08387572930367496,0.04193786465183748,286.01623692553164,-16.77514586073499,0.08387572930367496,178.02904164495828,-0.02096893232591874,69.61983445230265,-178.02904164495828,12.581359395551244,121.06009659527348,-567.4106358512531,286.01623692553164,-0.06290679697775622,312.64879487690035,-310.55190164430826,0.08387572930367496,-0.020968932325918746,4.193786465183748,83.87572930367496,-0.04193786465183748,-0.08387572930367496,0.02096893232591874,1000.0,0.0,271.77657542522934,0.0,367.3783434401553,0.0,226.93544870612152,-1000.0,854.8225018994078,-289.0758466700653,-525.1235223326242,1000.0,0.0,144.53792333503264,-183.6891717200776,262.5617611663121,-854.8225018994078,500.0,-293.77675578357326,-88.34330123512302,0.0,-1000.0,-88.34330123512302,-226.93544870612152,609.273937887877,0.0,1496.5981,bhi
130,0.0,0.0,0.0,0.0,0.0,0.0,0.0,0.0,-0.030828884628378662,0.0,0.0,0.0,0.0,0.0,0.0,0.0,-825.2363315594016,0.0,0.0,649.6559831703471,0.0,0.0,0.0,411.4020952109821,0.0,569.3208814045122,0.0,0.0,0.0,-311.1930941435029,0.0,0.0,306.45055302157505,0.0,0.0,0.0,0.0,40.95538657374392,0.0,-1000.0,1000.0,0.0,0.0,582.7378143270706,0.0,0.0,97.03898711470153,0.0,553.691611375834,0.0,0.0,0.0,0.0,0.03391177309134363,0.0,0.0,0.0,0.0,0.0,0.0,-29.483949439261277,0.0,33.737937030173015,0.0,0.0,0.0,0.0,0.0,0.0,0.0,0.0,0.30828884628378667,0.0,0.0,0.0,0.0,0.0,0.0,0.0,0.0,0.0,0.0,-381.9008017194737,0.0,18.497330777027198,0.0,19.058347727236495,-398.6835463581159,494.647918152629,835.9867385810861,-0.007707221157094666,0.0,0.0,0.0,9.248665388513599,0.0,92.1321587091373,0.0,0.0,0.0,0.0,1.5414442314189332,-1000.0,0.0,0.0,0.0,0.0,0.0,0.0,0.0,0.0,0.0,0.0,0.0,0.0,0.0,0.0,0.0,0.0,0.0,0.0,0.0,0.0,0.0,-912.6314020130437,0.0,0.0,92.1321587091373,0.0,9.556954234797386,0.0,0.0,777.4417791299726,-777.4417791299726,0.0,0.0,-4.253987590911739,687.4999999999998,-687.4999999999998,0.0,0.0,0.0,0.0,0.0,0.0,403.3329735630953,0.03082888462837866,0.0,0.0,0.0,437.5000000000002,-437.5000000000002,0.0,0.0,381.9008017194737,0.0,-99.24231265617225,0.0,0.0,0.0,0.0,0.0,960.1668849516363,960.1668849516363,0.0,0.0,0.0,0.0,0.0,0.0,0.0,960.1977138362647,0.0,0.0,0.0,1000.0,-424.079131656635,0.0,0.0,0.0,0.0,0.0,0.0,0.0,0.0,0.0,-379.4660469031242,0.0,0.0,0.0,0.0,-1000.0,0.0,0.0,0.0,0.0,0.0,0.0,0.0,-494.647918152629,494.647918152629,4.253987590911739,0.0,0.0,0.0,0.0,0.0,0.0,688.8069058564971,-1000.0,0.0,0.0,0.0,0.0,0.0,0.0,0.0,0.0,0.0,0.0,0.0,0.0,0.0,0.0,108.7316266370313,582.7378143270706,0.0,0.0,0.0,0.0,-4.253987590911739,0.0,0.0,0.0,0.0,-29.483949439261277,0.0,0.0,0.0,152.5707914279774,0.0,0.0,0.0,0.0,0.0,0.9926900850332459,115.55831399004587,82.8834933206237,0.0,10.704163694741965,1000.0,-339.63985313491094,0.0,-582.7378143270706,0.0,0.0,4.253987590911739,-962.388760753378,0.0,0.0,0.0,-342.4826095898676,0.0,0.0,-208.30381070424986,-208.3038107042497,0.0,0.0,0.0,208.3038107042497,0.0,0.0,0.0,0.0,0.0,86.01258811317648,0.0,0.0,0.0,141.1045420368828,0.0,-141.1045420368828,0.0,1000.0,0.0,0.0,-1000.0,0.0,0.0,0.0,-29.483949439261277,-0.04624332694256799,0.0,0.0,0.0,0.0,0.03082888462837866,0.0,0.0,0.0,906.8751512058294,-825.2363315594016,0.0,0.0,-585.3992528789677,424.079131656635,942.5097509734487,0.0,23.772152936942916,0.0,0.0,0.0,0.0,0.0,976.2278470630571,0.0,-1000.0,915.6642212458036,-1000.0,0.0,0.0,0.0,0.0,0.0,0.0,0.0,0.0,0.0,0.0,0.0,0.0,0.0,0.0,0.0,0.0,152.5707914279774,-1000.0,0.0,-1000.0,381.9008017194737,0.0,0.0,0.0,0.0,0.0,-404.3256636481287,0.0,0.0,0.0,0.0,0.0,0.0,93.75000000000053,609.8326888438351,0.0,0.0,0.0,-1.5414442314189332,-20.393307181672483,0.0,-93.75000000000053,-611.374133075254,0.0,-0.7707221157094666,0.0,-249.51116319408618,0.0,0.0,-761.343788920789,660.2601556662275,92.1321587091373,0.0,0.0,0.0,511.8677252148809,0.0,0.0,0.0,0.0,0.0,0.0,-579.2026470686635,0.0,0.0,0.0,0.0,0.0,688.8069058564971,0.0,0.0,-25.105191014961292,0.0,0.0,149.62240773568845,0.0,0.0,0.0,0.0,16.599467927893997,0.061657769256723144,0.0,0.0,0.0,0.0,0.0,0.0,0.0,0.0,0.0,0.0,0.0,0.0,0.0,0.0,0.0,0.0,0.0,0.0,0.0,0.03391177309134363,0.03391177309134363,0.0,152.59742586442414,0.0,18.497330777027198,0.0,0.0,0.0,767.3750840534037,0.0,0.0,19.058347727236495,0.0,0.0,-375.1733530197316,-767.3750840534037,0.0,0.0,0.0,0.0,0.0,149.62240773568845,0.0,0.0,0.0,0.0,0.0,0.0,0.0,304.2104673376812,-906.8751512058294,0.0,0.0,21.43217184362165,0.0,0.0,0.0,0.0,0.0,-553.18106217284,0.0,-358.5738850918376,0.0,562.5000000000005,-562.5000000000005,0.0,0.0,0.0,0.0,0.0,0.0,0.0,0.0,0.0,0.0,0.0,0.0,0.0,0.0,18.497330777027198,4.253987590911739,4.253987590911739,0.0,0.0,0.0,0.0,0.0,0.0,0.0,0.0,0.0,0.0,0.30828884628378667,0.0,0.0,19.058347727236495,-19.058347727236495,0.0,0.0,0.0,0.0,92.1321587091373,0.0,0.0,0.0,0.0,0.0,0.0,0.0,0.0,0.0,0.0,1000.0,0.0,0.0,9.248665388513599,9.248665388513599,-3.8536105785473325,-767.3750840534037,0.0,149.62240773568845,0.0,0.0,0.0,0.0,0.0,84.33577875419644,688.8069058564971,-220.52445434232254,0.03082888462837866,0.0,0.0,0.0,40.713946278149514,0.0,0.0,0.0,0.0,0.0,0.0,0.0,0.0,0.0,13.692900704085261,0.0,0.0,0.0,0.0,0.0,0.0,0.0,0.03082888462837866,0.0,0.0,0.0,0.0,0.0,0.0,0.0,0.0,0.0,-707.8197416020149,303.49407795388623,0.0,0.0,0.0,-2.3121663471283997,0.0,-1.5414442314189327,0.0,0.0,0.0,0.0,0.0,0.0,0.0,0.0,0.0,0.0,0.0,4.253987590911739,424.079131656635,0.0,0.0,661.8015998976465,0.0,0.0,0.0,-0.03082888462837866,0.0,0.0,0.03082888462837866,0.0,0.03082888462837866,41.07870211225578,0.0,0.0,18.497330777027198,37.61123924662197,37.61123924662197,0.0,0.0,0.0,0.0,0.0,0.0,0.0,0.0,0.0,688.8069058564971,0.0,0.0,978.8822140295606,0.0,0.0,0.0,0.0,0.0,0.0,0.0,0.0,0.0,0.0,0.0,0.0,0.0,0.0,0.0,0.0,-616.3735895665657,616.3735895665657,0.04624332694256799,0.0,0.0,0.0,-92.1321587091373,0.0,0.0,0.0,0.0,0.0,-152.59742586442414,1.5414442314189332,0.0,0.0,0.0,0.0,0.0,-303.49407795388623,-1.5414442314189327,0.0,0.0,0.0,0.0,0.0,0.0,0.0,4.253987590911739,0.0,0.0,1000.0,152.59742586442414,0.0,-1000.0,0.0,0.0,0.0,0.0,0.0,381.9008017194737,-1000.0,0.0,1.5414442314189327,1000.0,0.0,0.0,0.0,-63.22188646943428,0.0,0.0,802.3069172937289,-802.3069172937289,0.0,0.0,0.0,0.0,0.0,374.8417142088674,0.0,37.61123924662197,0.0,0.0,0.0,0.0,0.0,0.0,0.0,0.0,0.0,0.9926900850332459,0.0,0.0,159.53392490580933,-40.713946278149514,873.0365973165245,0.0,9.248665388513599,19.058347727236495,0.0,0.0,0.0,-305.852367228395,0.0,0.0,0.03391177309134363,0.0,0.0,0.0,18.805619623310985,0.0,0.0,0.0,0.0,108.7316266370313,0.0,0.0,0.0,0.0,0.0,0.0,0.0,0.0,-931.3181744565728,0.0,0.0030828884628378663,0.0030828884628378663,0.0,0.0,0.0,0.0,0.0,41.07870211225578,0.0,0.0,0.0,0.0,0.0,0.0,0.0,0.0,0.0,152.59742586442414,0.0,0.0,0.0,0.0,0.0,0.0,0.0,0.0,0.0,0.0,0.0,38.11669545447299,536.3775844655179,-983.5026530381401,0.0,0.0,0.0,0.0,18.497330777027198,0.0,0.0,0.0,0.0,0.0,0.0,-18.497330777027198,0.0,38.11669545447299,0.0,0.0,0.0,0.0,0.0,0.0,0.0,0.0,0.0,0.0,220.52445434232254,0.0,1000.0,0.0,-92.1321587091373,0.0,-0.12331553851186072,0.0,0.0,0.0,0.0,0.0,0.0,0.0,0.0,0.0,0.0,0.0,0.0,0.0,0.0,0.0,0.0,0.0,-3.8536105785473325,4.253987590911739,-2.3121663471283997,976.5700476824322,0.0,0.0,0.0,0.0,0.0,-0.38536105785473335,0.0,407.005992734435,0.0,0.0,0.0,0.0,0.0,0.0,0.0,1000.0,9.248665388513599,9.248665388513599,0.0,0.0,0.0,0.0,0.0,0.03391177309134363,152.59742586442414,0.0,0.0,-40.95538657374392,0.0,0.0,0.0,0.0,0.0,0.0,0.0,0.0,0.0,0.0,0.0,0.0,0.0,0.0,44.06570513715462,0.0,0.0,0.0,0.0,32.370328859797596,0.0,0.0,21.43217184362165,0.0,0.0,0.0,152.59742586442414,0.0,303.49407795388623,0.0,0.0,0.0,-3.8536105785473325,0.0,0.0,0.0,0.0,0.0,0.0,0.0,0.0,0.0,0.0,0.0,0.0,0.0,0.0,0.0,0.0,0.0,0.0,-0.03082888462837866,0.0,0.0,1.5414442314189332,375.1733530197316,0.0,0.0,0.0,0.0,4.253987590911739,0.0,0.0,0.0,-976.2278470630571,0.7707221157094666,0.0,0.0,569.3208814045122,0.03082888462837866,0.0,30.82888462837866,-9.556954234797386,6.165776925675733,0.2202063187741333,86.01258811317648,-0.023121663471283995,1.54144423141895,0.6165776925675733,40.924557689115545,-86.01258811317648,9.248665388513599,-0.030828884628378656,0.0,149.62240773568845,0.007707221157094666,0.2202063187741333,0.0,-23.966306160073923,-0.6165776925675733,175.5803483890545,-0.030828884628378662,0.007707221157094666,-86.01258811317648,435.052307909911,0.030828884628378656,0.03082888462837866,-152.5326852067044,-19.02443595414528,-289.85108509368104,-0.023121663471283995,9.248665388513599,0.030828884628378662,92.1321587091373,67.46905100643437,-0.015414442314189331,389.0933977498533,1.1402702434454937,-0.023121663471283995,-0.030828884628378662,-9.556954234797386,0.03082888462837866,3.0828884628378663,-0.6165776925675733,0.0,0.0,-3.082888462837866,-175.5803483890545,0.0,6.165776925675733,0.04624332694256799,-1000.0,3.0828884628378663,-304.2104673376812,149.62240773568845,-6.165776925675733,0.015414442314189331,0.30828884628378667,0.0,158.76320279009988,-0.03082888462837866,-159.53392490580933,152.5326852067044,9.556954234797386,0.030828884628378662,23.966306160073923,-402.22516658606287,149.62240773568845,-0.03082888462837866,-0.007707221157094666,-149.62240773568845,-0.030828884628378662,16.599467927893997,0.030828884628249398,-0.007707221157094666,-0.007707221157094666,-0.007707221157094666,12.331553851351465,-67.46905100643437,0.30828884628378667,22.840349899049958,-0.007707221157094666,0.0,1.5414442314189332,-6.758289732528065,0.03082888462837866,0.015414442314189331,0.015414442314189331,77.8940923306821,9.556954234797386,0.03082888462837866,-9.556954234797386,0.30828884628378667,0.030828884628378662,-22.840349899049958,0.030828884628378662,0.12331553851186072,-40.924557689115545,0.015414442314189331,0.007707221157094666,9.248665388513599,-0.030828884628378662,289.85108509368104,0.30828884628378667,-45.680699798099916,0.7707221157094497,-3.0828884628378663,6.165776925675733,1.5414442314189332,-0.030828884628378662,0.0,0.04624332694256799,-0.030828884628378662,-155.7881846613642,9.556954234797386,378.5811108203091,0.015414442314189331,13.51657946505613,-0.030828884628378662,-0.030828884628249398,-0.030828884628378662,0.015414442314189331,86.01258811317648,-6.165776925675733,0.03082888462837866,0.0,-0.007707221157094666,19.02443595414528,0.0,4.624332694256799,-1.1402702434454937,-26.42648806972682,86.01258811317648,-0.023121663471283995,159.53392490580933,-158.76320279009988,0.030828884628378662,-0.007707221157094667,1.5414442314189327,30.82888462837866,-0.015414442314189331,-0.030828884628378662,0.007707221157094666,1000.0,0.0,163.9978469765997,0.0,-1000.0,109.39253706437015,727.472890249958,-307.1318713718623,431.96941944707316,-1000.0,61.16914492810686,993.8342230743243,-835.9867385810861,500.0,500.0,-30.58457246405343,-431.96941944707316,153.56593568593115,-152.59742586442414,-72.72874359191412,835.9867385810861,-993.8342230743243,-72.72874359191412,-727.472890249958,563.3075841865915,-109.39253706437015,1496.5981,bhi
131,0.0,0.0,0.0,0.0,0.0,0.0,0.0,0.0,427.96431448408805,0.0,0.0,0.0,0.0,0.0,0.0,0.0,446.7361085704959,155.16139732831536,0.0,0.0,0.0,0.0,0.0,0.0,0.0,0.0,0.0,0.0,0.0,-521.1577576648679,0.0,0.0,0.0,0.0,0.0,0.0,0.0,803.8009976334811,0.0,-140.65571915907296,526.1769986875138,0.0,0.0,-1000.0,0.0,0.0,0.0,181.6172323684158,1000.0,0.0,0.0,0.0,0.0,0.07314491954764435,0.0,0.0,0.0,0.0,0.0,0.0,139.40325724817797,0.0,-703.6254057358736,-1000.0,0.0,0.0,0.0,0.0,0.0,826.9192454388566,0.0,0.6649538140713539,0.0,0.0,0.0,0.0,0.0,0.0,0.0,0.0,0.0,0.0,0.0,0.0,39.89722884428124,0.0,0.0,-409.26776552443306,0.0,-409.26776552443306,-0.016623845351783847,0.0,0.0,439.78326636749773,19.94861442214062,0.0,474.5670634566265,-2.1411512813143077,0.0,0.0,0.0,29.09892324107704,-1000.0,0.0,0.0,0.0,0.0,1000.0,0.0,0.0,0.0,0.0,0.0,0.0,0.0,0.0,0.0,0.0,0.0,0.0,0.0,0.0,0.0,0.0,-834.5805517857746,0.0,0.0,474.5670634566265,0.0,20.61356823621197,1.256214147762904,0.0,0.0,144.12758913970288,-144.12758913970288,144.12758913970288,0.0,0.0,0.0,-435.7778515123044,0.0,0.0,0.0,0.0,0.0,5.120144368349446,0.06649538140713539,0.0,0.0,0.0,0.0,0.0,0.0,0.0,0.0,0.0,501.3175198638459,0.0,0.0,0.0,0.0,0.0,313.095860608661,313.095860608661,0.0,0.0,0.0,0.0,0.0,0.0,0.0,313.16235599006814,0.0,0.0,0.0,-579.9545144271707,0.0,0.0,0.0,0.0,0.0,0.0,0.0,0.0,0.0,0.0,-958.5646879867081,0.0,0.0,0.0,0.0,-1000.0,0.0,0.0,0.0,0.0,0.0,0.0,0.0,409.26776552443306,-409.26776552443306,352.484795614924,0.0,0.0,0.0,0.0,0.0,0.0,478.8422423351322,333.93296427766785,0.0,0.0,0.0,0.0,0.0,0.0,0.0,0.0,0.0,0.0,0.0,0.0,0.0,0.0,-71.1834041641961,-925.578350905628,0.0,0.0,0.0,38.70780429603843,-249.02377043829753,0.0,0.0,0.0,0.0,139.40325724817797,74.42164909437196,0.0,0.0,0.0,0.0,0.0,0.0,0.0,0.0,0.0,194.9163086498429,454.6184490344859,0.0,-536.0177429568328,-945.2855084812658,1000.0,0.0,925.578350905628,0.0,0.0,435.7778515123044,647.928859410084,0.0,0.0,0.0,-391.38203119448417,0.0,0.0,-993.3506567868931,0.0,0.0,-993.3506567868928,0.0,0.0,409.26776552443306,0.0,-26.303071622818493,0.0,0.0,84.57351724480705,0.0,0.0,0.0,310.1411633637074,0.0,-310.1411633637074,0.0,313.0293652272539,44.585251601341945,38.70780429603843,0.0,0.0,0.0,0.0,139.40325724817797,-0.09974307211070309,0.0,0.0,0.0,0.0,0.06649538140713539,0.0,0.0,0.0,421.97191136674707,446.7361085704959,0.0,0.0,404.8836676600537,0.0,845.4235288191563,0.0,0.0,0.0,0.0,0.0,0.0,0.0,184.16593717876484,437.79931842675836,-621.9652556055232,-1000.0,-464.0317508250886,0.0,0.0,0.0,0.0,0.0,0.0,0.0,0.0,0.0,0.0,0.0,0.0,0.0,0.0,0.0,0.0,0.0,-195.9330208408896,0.0,-1000.0,0.0,0.0,0.0,937.8529343116725,0.0,0.0,-5.120144368349446,0.0,0.0,0.0,0.0,25.77415417072027,0.0,-143.5893161607026,0.0,0.0,-437.79931842675836,-350.72519028719796,264.38468480981834,342.53803502289645,0.0,143.5893161607026,-485.13831331155313,596.5377729977686,-1.6623845351783848,-267.7094538801751,-1000.0,0.0,390.98378683474203,0.0,0.0,474.5670634566265,-562.5000000000006,562.5000000000006,0.0,0.0,0.0,428.0308098654952,0.0,0.0,0.0,0.0,-223.95706841142405,0.0,0.0,0.0,0.0,0.0,478.8422423351322,0.0,0.0,-156.97133701594842,0.0,0.0,155.32053332498398,0.0,0.0,0.0,0.0,-545.7504676208225,0.1329907628142207,0.0,0.0,0.0,0.0,0.0,0.0,0.0,0.0,0.0,782.3339938375146,0.0,0.0,0.0,0.0,0.0,0.0,0.0,0.0,0.0,0.07314491954764435,0.07314491954764435,0.0,36.44815840775673,0.0,39.89722884428124,0.0,20.576590076258153,0.0,1000.0,0.0,0.0,0.0,0.0,0.0,1000.0,-1000.0,0.0,0.0,2.3892769132033664,0.0,0.0,155.32053332498398,0.0,0.0,0.0,0.0,0.0,0.0,0.0,278.19351726192485,-421.97191136674707,0.0,0.0,5.120144368349446,0.0,148.82224119087107,290.96102517662666,187.50000000000017,0.0,1000.0,0.0,454.2495323791774,0.0,0.0,0.0,0.0,0.0,0.0,0.0,0.0,0.0,0.0,0.0,0.0,0.0,0.0,0.0,0.0,0.0,39.89722884428124,435.7778515123044,435.7778515123044,0.0,0.0,0.0,0.0,0.0,0.0,0.0,0.0,0.0,0.0,0.6649538140713539,0.0,0.0,0.0,0.0,0.0,0.0,0.0,0.0,474.5670634566265,-2.3892769132033664,0.0,0.0,0.0,0.0,0.0,0.0,0.0,0.0,0.0,-150.3723030365453,0.0,0.0,19.94861442214062,19.94861442214062,-700.0385792192479,-1000.0,0.0,155.32053332498398,0.0,0.0,0.0,0.0,0.0,1000.0,478.8422423351322,913.3709811269413,0.06649538140713539,0.0,0.0,0.0,82.79179389727172,0.0,0.0,-439.78326636749773,0.0,-44.585251601341945,0.0,0.0,0.0,0.0,0.0,0.0,0.0,0.0,0.0,0.0,0.0,0.0,0.06649538140713539,0.0,0.0,0.0,-324.23594418707376,324.23594418707376,0.0,0.0,0.0,0.0,0.0,400.9631368371935,0.0,-406.0832812055429,-804.0669791591104,-4.987153605535154,-3.3247690703567696,0.0,0.0,0.0,0.0,0.0,0.0,0.0,0.0,0.0,0.0,0.0,0.0,435.7778515123044,0.0,0.0,0.0,394.3085559050988,0.0,0.0,0.0,427.96431448408805,0.0,0.0,0.06649538140713539,0.0,0.06649538140713539,0.0,0.0,0.0,39.89722884428124,81.12436531670518,81.12436531670518,0.0,0.0,0.0,0.0,0.0,0.0,0.0,0.0,0.0,478.8422423351322,0.0,0.0,0.0,189.89118951791897,0.0,0.0,0.0,0.0,0.0,0.0,0.0,0.0,0.0,0.0,0.0,0.0,0.0,103.46102517662646,0.0,-634.0348695651074,634.0348695651074,0.09974307211070309,0.0,0.0,0.0,-474.5670634566265,0.0,0.0,0.0,0.0,0.0,-36.44815840775673,3.3247690703567696,0.0,0.0,0.0,0.0,0.0,-400.9631368371935,0.0,0.0,0.0,0.0,0.0,0.0,0.0,0.0,435.7778515123044,0.0,2.3892769132033664,0.0,36.44815840775673,0.0,-357.79369226568815,0.0,0.0,-406.0832812055429,406.0832812055429,0.0,0.0,566.8044940933788,20.576590076258153,3.3247690703567696,1000.0,0.0,0.0,0.0,-156.97133701594842,0.0,0.0,0.0,0.0,0.0,0.0,0.0,0.0,0.0,1000.0,-51.409619224362245,81.12436531670518,0.0,187.5,187.5,-187.5,0.0,0.0,0.0,0.0,0.0,0.0,0.0,0.0,0.0,-865.1257877347864,913.4981981859634,0.0,19.94861442214062,0.0,0.0,0.0,0.0,-225.93605462570744,0.0,0.0,0.07314491954764435,0.0,0.0,0.0,40.56218265835259,0.0,0.0,0.0,0.0,-71.1834041641961,0.0,0.0,0.0,0.0,0.0,0.0,0.0,0.0,-292.67980502277464,0.0,0.006649538140713539,0.006649538140713539,0.0,0.0,0.0,0.0,0.0,0.0,0.0,0.0,0.0,0.0,0.0,0.0,0.0,0.0,0.0,36.44815840775673,0.0,0.0,0.0,0.0,0.0,0.0,0.0,0.0,0.0,0.0,0.0,0.0,867.1691455181732,1000.0,155.16139732831536,0.0,0.0,0.0,39.89722884428124,0.0,0.0,0.0,0.0,0.0,0.0,-39.89722884428124,0.0,0.0,0.0,0.0,0.0,0.0,0.0,0.0,0.0,0.0,0.0,0.0,-544.480164145031,-1000.0,235.4405257818067,-974.9252514034646,500.35818794683803,0.0,803.8009976334811,0.0,0.0,0.0,0.0,0.0,0.0,0.0,0.0,0.0,0.0,0.0,0.0,0.0,0.0,0.0,0.0,20.576590076258153,-8.311922675891923,435.7778515123044,-30.761307776255425,236.313655136746,0.0,0.0,0.0,0.0,0.0,0.0,-0.8311922675891924,156.97133701594842,0.0,0.0,0.0,0.0,0.0,0.0,0.0,832.9225678069988,19.94861442214062,19.94861442214062,0.0,0.0,0.0,0.0,0.0,0.07314491954764435,36.44815840775673,0.0,0.0,-803.8009976334811,0.0,0.0,0.0,0.0,0.0,0.0,0.0,0.0,0.0,0.0,0.0,0.0,0.0,0.0,317.0174347825537,0.0,0.0,1.256214147762904,0.0,69.82015047749216,5.120144368349446,0.0,0.0,0.0,0.0,0.0,36.44815840775673,0.0,395.49721648552236,0.0,0.0,0.0,-8.311922675891923,0.0,0.0,0.0,0.0,0.0,0.0,0.0,0.0,0.0,0.0,0.0,0.0,0.0,0.0,0.0,0.0,0.0,0.0,-0.06649538140713539,0.0,0.0,3.3247690703567696,-1000.0,0.0,0.0,0.0,0.0,435.7778515123044,0.0,0.0,0.0,-184.16593717876484,1.6623845351783848,0.0,0.0,0.0,0.06649538140713539,0.0,66.49538140713538,-19.357354088449075,13.299076281427078,0.4749670100509671,188.03454242143354,-0.049871536055351544,485.13831331155313,1.329907628142708,-0.3324769070364213,-188.03454242143354,19.94861442214062,-0.06649538140713539,0.0,155.32053332498398,0.016623845351783847,0.4749670100509671,0.0,-10.586064720020545,-1.329907628142708,-601.8975058988112,-0.06649538140713539,0.016623845351783847,-188.03454242143354,6.649538140713539,0.06649538140713539,0.06649538140713539,-36.30851810680195,0.07314491954784892,-545.7504676208225,-0.049871536055351544,19.94861442214062,0.06649538140713539,474.56706345662644,421.3707583309182,-0.033247690703567694,44.4329477569766,242.30773691617688,-0.049871536055351544,-0.06649538140713539,-19.357354088449075,0.06649538140713539,6.649538140713539,-1.329907628142708,103.46102517662646,103.46102517662646,-6.649538140713539,601.8975058988112,-103.46102517662646,13.299076281427078,0.09974307211070309,-1000.0,6.649538140713539,-278.19351726192485,155.32053332498398,-13.299076281427078,0.033247690703567694,0.6649538140713539,0.0,49.747234689183806,-0.06649538140713539,-51.409619224362245,36.30851810680195,20.61356823621197,0.06649538140713539,10.586064720020545,-379.09237339806424,155.32053332498398,-0.06649538140713539,-0.016623845351783847,-155.32053332498398,-0.06649538140713539,-545.7504676208225,0.06649538140690801,-0.016623845351783847,-0.016623845351783847,-0.016623845351783847,26.598152562854157,-421.3707583309182,0.6649538140713539,335.95793716541095,-0.016623845351783847,0.0,3.3247690703567696,276.200002880768,0.06649538140713539,0.033247690703567694,0.033247690703567694,42.66327685451534,19.357354088449075,0.06649538140713539,-19.357354088449075,0.6649538140713539,0.06649538140713539,-909.3442800961958,0.06649538140713539,0.26598152562924327,0.3324769070364213,0.033247690703567694,0.016623845351783847,19.94861442214062,-0.06649538140713539,545.7504676208225,0.664953814071354,-671.9158743308219,483.47592877637476,-6.649538140713539,13.299076281427078,3.3247690703567696,-0.06649538140713539,0.0,0.09974307211070309,-0.06649538140713539,-85.32655370903068,19.357354088449075,450.6309622367846,0.033247690703567694,-552.400005761536,-0.06649538140713539,-0.06649538140690801,-0.06649538140713539,0.033247690703567694,188.03454242143354,-13.299076281427078,0.06649538140713539,0.0,-0.016623845351783847,-0.07314491954784892,0.0,9.974307211070307,-242.30773691617688,-4.0009867224890865,188.03454242143354,-0.049871536055351544,51.409619224362245,-49.747234689183806,0.06649538140713539,-0.016623845351783843,3.3247690703567696,66.49538140713538,-0.033247690703567694,-0.06649538140713539,0.016623845351783847,1000.0,0.0,999.9667523092965,573.3863429307848,-1000.0,0.0,1000.0,-1.4695479290974878,0.0,-1000.0,210.65799212999696,344.4946159842611,0.0,500.0,500.0,-105.32899606499848,0.0,0.7347739645487439,-36.44815840775673,-224.69490761107718,0.0,-344.4946159842611,-224.69490761107718,-1000.0,686.2214176286753,0.0,1496.5981,bhi
132,0.0,0.0,0.0,0.0,0.0,0.0,0.0,0.0,583.1103244653808,0.0,0.0,0.0,0.0,0.0,0.0,0.0,0.0,0.0,0.0,329.2413862803628,0.0,0.0,0.0,340.8580306870566,0.0,797.1687210945804,0.0,0.0,0.0,-358.41624518291167,93.64831264854939,-93.64831264854939,0.0,0.0,0.0,0.0,0.0,532.8920043939821,0.0,-49.2900632970035,990.7770650895402,0.0,0.0,-666.2921095292912,0.0,0.0,770.4087557524599,0.0,358.41624518291167,0.0,0.0,0.0,0.0,0.03381742800504973,0.0,0.0,0.0,0.0,0.0,0.0,42.86094442173779,0.0,273.2516923541641,46.0049176063867,316.1484630330072,0.0,0.0,0.0,606.565693138851,-32.12020693770239,0.0,0.3074311636819939,0.0,0.0,0.0,0.0,0.0,0.0,0.0,0.0,0.0,0.0,-76.9142661383198,0.0,18.445869820919633,0.0,13.251413970424748,-29.197916239825076,0.0,0.02305733727614954,-0.007685779092049847,0.0,0.0,0.0,9.222934910459816,0.0,9.222934910459816,0.0,468.9911599933351,0.0,0.0,1.5371558184099694,-1000.0,0.0,0.0,-202.6940508611574,0.0,442.6879630085308,0.0,0.0,0.0,0.0,0.0,0.0,0.0,0.0,0.0,0.0,0.0,0.0,0.0,0.0,0.0,0.0,-830.9510629047733,0.0,0.0,9.222934910459816,0.0,9.530366074141812,0.0,0.0,-1000.0,1000.0,0.0,0.0,0.0,0.0,0.0,-270.1077191695152,0.0,0.0,0.0,0.0,0.0,92.5329000690959,0.030743116368199385,0.0,0.0,0.0,938.7043278449628,-938.7043278449628,0.0,0.0,76.9142661383198,0.0,368.4067295099237,0.0,0.0,0.0,0.0,0.0,175.72791662663312,175.72791662663312,0.0,0.0,0.0,0.0,134.79669961468937,0.0,0.0,269.4069723915507,0.0,0.0,0.0,-603.5279235569208,0.0,0.0,0.0,0.0,0.0,0.0,0.0,0.0,0.0,0.0,-205.01905715923948,0.0,0.0,0.0,0.0,-389.8920701185041,0.0,0.0,0.0,0.0,0.0,0.0,0.0,-0.02305733727614954,0.02305733727614954,0.0,0.0,0.0,0.0,0.0,0.0,0.0,641.5837548170883,-1000.0,0.0,0.0,0.0,0.0,0.0,0.0,0.0,0.0,0.0,0.0,0.0,0.0,0.0,0.0,-464.062518058323,0.0,0.0,0.0,0.0,270.1077191695152,0.0,0.0,0.0,0.0,0.0,42.86094442173779,666.2921095292912,93.64831264854939,0.0,0.0,0.0,0.0,0.0,0.0,0.0,94.6382409956062,6.148623273639878,0.0,0.0,-0.02305733727614954,0.0,329.19527160581043,0.0,0.0,0.0,0.0,270.1077191695152,998.8971985297286,0.0,0.0,0.0,-436.15993663632804,0.0,0.0,-965.5568902479748,0.0,0.0,-965.5568902479747,0.0,0.0,-0.02305733727614954,0.0,0.0,0.0,0.0,85.7732946672763,0.0,0.0,0.0,-234.29723601248793,0.0,234.29723601248793,0.0,1000.0,0.0,270.1077191695152,-1000.0,0.0,0.0,0.0,42.86094442173779,-0.04611467455229908,0.0,0.0,0.0,0.0,0.030743116368199385,0.0,0.0,0.0,286.0308942124381,0.0,0.0,-135.1293672407716,205.89049591968018,0.0,1000.0,0.0,443.244306776464,0.0,-202.6940508611574,0.0,0.0,0.0,-2.6469823193019972,-1000.0,559.402675542838,-1000.0,-1000.0,0.0,0.0,0.0,0.0,0.0,0.0,0.0,0.0,0.0,0.0,0.0,0.0,0.0,0.0,0.0,0.0,0.0,-466.98502314054497,0.0,-1000.0,76.9142661383198,0.0,0.0,582.7386733072844,0.0,0.0,-93.5228284161527,0.0,468.9911599933351,0.0,0.0,0.0,393.434306861149,0.0,0.0,613.0581737707583,0.0,-379.98544106178156,0.0,0.0,-600.7982817326184,0.0,-292.9064924720522,26.323275389031863,-613.8267516799633,-1.5371558184099694,0.0,0.0,-344.16922296012314,0.0,1000.0,9.222934910459816,0.0,0.0,0.0,0.0,0.0,583.141067581749,0.0,0.0,0.0,0.0,212.06986230968826,0.0,0.0,0.0,0.0,0.0,641.5837548170883,0.0,0.0,-157.88300238519008,0.0,0.0,0.0,0.0,0.0,0.0,0.0,-473.2854529687828,0.06148623273636469,0.0,0.0,0.0,0.0,0.0,0.0,0.0,0.0,0.0,574.4454862011486,0.0,0.0,0.0,0.0,0.0,0.0,0.0,0.0,0.0,0.03381742800504973,0.03381742800504973,93.64831264854939,65.43657200637448,0.0,18.445869820919633,0.0,0.0,0.0,1000.0,0.0,531.9138049798553,13.251413970424748,0.0,0.0,1000.0,-1000.0,0.0,0.0,0.0,0.0,0.0,0.0,0.0,0.0,0.0,0.0,0.0,0.0,0.0,276.9836876349244,-286.0308942124381,0.0,0.0,466.02209146545755,0.0,0.0,0.0,0.0,0.0,1000.0,0.0,0.0,526.7145470312172,0.0,0.0,0.0,0.0,0.0,0.0,0.0,0.0,0.0,0.0,0.0,0.0,0.0,0.0,0.0,0.0,18.445869820919633,270.1077191695152,270.1077191695152,0.0,0.0,0.0,0.0,0.0,0.0,0.0,0.0,0.0,0.0,0.3074311636819939,0.0,93.64831264854939,13.251413970424748,-13.251413970424748,93.64831264854939,0.0,0.0,0.0,9.222934910459816,0.0,0.0,0.0,450.4034575346815,0.0,0.0,0.0,0.0,0.0,0.0,1000.0,83.27714356925537,0.0,9.222934910459816,9.222934910459816,-3.842889546024923,-1000.0,0.0,0.0,0.0,0.0,0.0,0.0,0.0,1000.0,641.5837548170883,794.9604707738422,0.030743116368199385,0.0,0.0,0.0,40.60067703797418,67.89735124646802,0.0,0.0,0.0,0.0,0.0,0.0,0.0,0.0,0.0,0.0,0.0,0.0,0.0,0.0,0.0,0.0,0.030743116368199385,0.0,0.0,0.0,562.9958369328638,-562.9958369328638,0.0,0.0,0.0,0.0,0.0,375.4683315771823,0.0,0.0,-533.014976859455,-2.3057337276149537,0.0,-1.5371558184099694,0.0,0.0,0.0,0.0,0.0,0.0,0.0,0.0,0.0,0.0,0.0,270.1077191695152,0.0,0.0,0.0,657.3679328582868,0.0,0.0,0.0,583.1103244653808,0.0,0.0,0.030743116368199385,0.0,0.030743116368199385,0.0,0.0,0.0,18.445869820919633,37.50660196920325,37.50660196920325,0.0,0.0,0.0,0.0,0.0,0.0,0.0,0.0,0.0,641.5837548170883,0.0,0.0,0.0,0.0,0.0,0.0,0.0,0.0,0.0,0.0,0.0,0.0,0.0,0.0,0.0,0.0,0.0,0.0,0.0,-797.1687210945804,797.1687210945804,0.04611467455229908,0.0,0.0,0.0,-9.222934910459816,0.0,0.0,0.0,0.0,0.0,-65.43657200637448,1.5371558184099694,0.0,0.0,0.0,0.0,-134.79669961468937,624.5316684228177,-1.5371558184099694,0.0,0.0,0.0,0.0,0.0,0.0,0.0,270.1077191695152,0.0,0.0,447.03317538731994,65.43657200637448,0.0,-1000.0,-134.79669961468937,0.0,531.008840006665,468.9911599933351,-1000.0,76.9142661383198,961.3905965605253,0.0,1.5371558184099694,1000.0,0.0,0.0,-93.64831264854939,-184.38583032603958,0.0,0.0,0.0,0.0,0.0,0.0,0.0,0.0,0.0,272.7613628932289,-72.35377318921837,37.50660196920325,0.0,0.0,0.0,93.64831264854939,0.0,0.0,0.0,0.0,0.0,94.6382409956062,0.0,0.0,0.0,-615.0461632391227,-822.0524646527418,0.0,9.222934910459816,13.251413970424748,0.0,0.0,0.0,-159.8226235298647,0.0,0.0,0.03381742800504973,0.0,0.0,0.0,18.753300984601626,0.0,0.0,0.0,0.0,-464.062518058323,0.0,0.0,0.0,0.0,0.0,0.0,0.0,0.0,0.0,0.0,516.0831309879635,0.0030743116368200265,0.0,0.0,0.0,0.0,0.0,0.0,0.0,0.0,0.0,0.0,93.64831264854939,0.0,0.0,0.0,0.0,65.43657200637448,0.0,0.0,0.0,0.0,0.0,0.0,0.0,0.0,0.0,0.0,0.0,26.502827940849496,687.6576314632745,0.0,0.0,0.0,0.0,0.0,18.445869820919633,0.0,0.0,0.0,0.0,0.0,0.0,-18.445869820919633,0.0,26.502827940849496,0.0,0.0,0.0,0.0,0.0,0.0,0.0,93.64831264854939,93.64831264854939,0.0,-794.9604707738422,-1000.0,21.059034712216583,-9.222934910459816,0.0,0.0,532.8920043939821,0.0,0.0,0.0,0.0,0.0,0.0,0.0,0.0,0.0,0.0,0.0,0.0,0.0,0.0,0.0,0.0,0.0,-3.842889546024923,270.1077191695152,-2.3057337276149537,70.0480394616045,0.0,0.0,0.0,0.0,0.0,0.0,-0.3842889546024924,234.7972685235099,0.0,0.0,0.0,0.0,0.0,0.0,0.0,1000.0,9.222934910459816,9.222934910459816,0.0,0.0,0.0,0.0,0.0,0.03381742800504973,65.43657200637448,0.0,0.0,-532.8920043939821,516.0800566763266,0.0,0.0,0.0,0.0,0.0,0.0,0.0,0.0,0.0,0.0,0.0,0.0,0.0,0.0,0.0,0.0,0.0,0.0,32.28027218660936,15.618633930776099,0.0,0.0,0.0,0.0,0.0,65.43657200637448,0.0,-624.5316684228177,0.0,0.0,0.0,-3.842889546024923,0.0,0.0,0.0,0.0,0.0,0.0,0.0,0.0,0.0,0.0,0.0,0.0,0.0,0.0,0.0,0.0,0.0,0.0,-0.030743116368199385,0.0,0.0,1.5371558184099694,-1000.0,0.0,0.0,0.0,0.0,270.1077191695152,0.0,0.0,0.0,2.6469823193019972,0.7685779092049847,0.0,0.0,797.1687210945804,0.030743116368199385,0.0,30.743116368199384,-9.530366074141812,6.148623273639878,0.21959368834428133,85.7732946672763,-0.02305733727614954,292.9064924720522,0.6148623273639878,-0.1537155818411119,-85.7732946672763,9.222934910459816,-0.03074311636819939,67.5646836203858,0.0,0.007685779092049847,0.21959368834428133,-202.6940508611574,-18.14571809624283,93.0334503211854,-329.2413862803628,-0.03074311636819939,0.007685779092049847,-85.7732946672763,3.074311636819939,0.03074311636819939,0.030743116368199385,-65.37201146200123,-13.217596542419697,0.0,-0.02305733727614954,9.222934910459816,0.03074311636819939,9.222934910459816,-15.371558184099694,-0.015371558184099694,36.98137221239108,-3.105054753188138,-0.02305733727614954,-0.03074311636819939,-9.530366074141812,0.030743116368199385,3.074311636819939,-0.6148623273639878,0.0,0.0,-3.074311636819939,329.2413862803628,0.0,6.148623273639878,0.04611467455229908,-1000.0,3.074311636819939,-276.9836876349244,0.0,-6.148623273639878,0.015371558184099694,0.3074311636819939,33.7823418101929,71.58519528001435,-0.030743116368199385,-72.35377318921837,65.37201146200123,9.530366074141812,0.03074311636819939,18.14571809624283,-36.89173964183939,0.0,-0.030743116368199385,-0.007685779092049847,0.0,-0.03074311636819939,-473.2854529687828,0.030743116368070107,-0.007685779092049847,-0.007685779092049847,-0.007685779092049847,12.297246547279755,15.371558184099694,0.3074311636819939,22.77680633929066,-0.007685779092049847,0.0,1.5371558184099694,238.17988230280136,0.030743116368199385,0.015371558184099694,0.015371558184099694,-131.97954794793765,9.530366074141812,0.030743116368199385,-9.530366074141812,0.3074311636819939,0.03074311636819939,-22.77680633929066,0.03074311636819939,0.12297246547294126,0.1537155818411119,0.015371558184099694,0.007685779092049847,9.222934910459816,-0.03074311636819939,0.0,-46.5167251605927,-45.55361267858132,292.13791456284724,-3.074311636819939,6.148623273639878,1.5371558184099694,-0.03074311636819939,202.6940508611574,0.04611467455229908,-0.03074311636819939,263.9590958958753,9.530366074141812,214.8835480433676,0.015371558184099694,-476.3597646056027,-0.03074311636819939,-0.030743116368070107,-0.03074311636819939,0.015371558184099694,85.7732946672763,-6.148623273639878,0.030743116368199385,67.5646836203858,-0.007685779092049847,13.217596542419697,-67.5646836203858,4.611467455229907,3.105054753188138,317.8150888837139,85.7732946672763,-0.02305733727614954,72.35377318921837,-71.58519528001435,0.03074311636819939,-0.007685779092049847,1.5371558184099694,30.743116368199384,-0.015371558184099694,-0.03074311636819939,0.007685779092049847,1000.0,0.0,999.9846284418159,0.0,-84.47435591314907,0.0,215.1052956540858,-135.47612248642662,0.0,-1000.0,-83.42178596863877,993.8513767263602,0.0,500.0,42.237177956574534,41.710892984319386,0.0,67.73806124321331,-65.43657200637448,-55.06092451350288,0.0,-993.8513767263602,-55.06092451350288,-215.1052956540858,124.46136182955263,0.0,1496.5981,bhi
133,0.0,0.0,0.0,0.0,0.0,0.0,0.0,0.0,-0.01978467506484969,0.0,0.0,0.0,0.0,0.0,0.0,0.0,616.1685354082379,-562.139774194917,0.0,440.62076928764304,0.0,0.0,0.0,926.6510689372087,0.0,0.0,0.0,0.0,0.0,-1000.0,0.0,0.0,140.30749170796912,0.0,0.0,0.0,0.0,-175.09855974613473,0.0,-1000.0,223.0252768269378,0.0,0.0,-431.05442254708544,0.0,0.0,0.0,0.0,383.83146459176214,0.0,0.0,0.0,0.0,0.021763142570989658,0.0,0.0,0.0,224.95234238423825,0.0,0.0,169.89123326906622,0.0,345.0095776902658,0.0,0.0,0.0,0.0,0.0,0.0,42.517813649204534,0.0,0.19784675064849694,0.0,0.0,0.0,0.0,0.0,0.0,0.0,0.0,0.0,0.0,0.0,0.0,11.870805038909815,0.0,0.0,555.4090329546009,-60.75950245363694,0.0,-0.004946168766212422,0.0,0.0,-439.01542111968286,5.935402519454907,0.0,654.5796085523372,0.0,0.0,0.0,0.0,622.5489827243223,-1000.0,0.0,0.0,-261.38828589718946,617.5309199135902,0.0,0.0,0.0,0.0,0.0,0.0,0.0,0.0,0.0,0.0,0.0,0.0,0.0,0.0,0.0,0.0,0.0,-338.5298035392459,0.0,0.0,654.5796085523372,0.0,6.133249270103405,0.0,0.0,-548.5346477154748,517.2846477151701,31.25000000030469,-31.25000000030469,0.0,0.0,0.0,-514.900810959332,0.0,0.0,0.0,0.0,0.0,1.5234199799934254,0.01978467506484969,0.0,0.0,0.0,0.0,-617.5309199135902,0.0,0.0,0.0,0.0,544.1757467366724,0.0,0.0,0.0,0.0,0.0,303.4214078729774,303.4214078729774,0.0,0.0,0.0,-906.2499999999999,0.0,0.0,0.0,303.44119254804224,0.0,0.0,0.0,-1000.0,-801.7866728688033,0.0,0.0,0.0,0.0,0.0,0.0,0.0,0.0,0.0,0.0,0.0,0.0,0.0,0.0,-1000.0,0.0,0.0,0.0,0.0,0.0,0.0,0.0,60.75950245363694,-60.75950245363694,472.3829973101275,0.0,0.0,0.0,0.0,0.0,0.0,0.0,-376.3008286499922,0.0,0.0,0.0,0.0,0.0,0.0,0.0,0.0,0.0,0.0,0.0,0.0,0.0,0.0,272.11052846592736,0.0,0.0,0.0,0.0,0.0,-472.3829973101275,0.0,0.0,0.0,0.0,169.89123326906622,431.05442254708544,0.0,0.0,0.0,0.0,0.0,0.0,0.0,0.0,0.6370665370882023,0.0,648.6442060328823,0.0,0.0,-121.51900490727388,1000.0,0.0,0.0,0.0,0.0,514.900810959332,0.0,0.0,0.0,0.0,-173.62756915506327,0.0,0.0,-1000.0,-230.03207050103185,0.0,-769.967929498968,0.0,230.03207050103185,0.0,0.0,-1000.0,0.0,0.0,55.19924343093064,0.0,0.0,0.0,-627.8509544789274,0.0,627.8509544789274,0.0,303.40162319791256,42.517813649204534,0.0,418.8572264860913,-906.2499999999999,0.0,0.0,169.89123326906622,-0.029677012597274535,0.0,0.0,0.0,0.0,0.01978467506484969,0.0,0.0,0.0,344.7833249105746,616.1685354082379,0.0,-174.25885726479297,587.1635377492628,801.7866728688033,730.1223407677512,0.0,1000.0,0.0,-261.38828589718946,0.0,0.0,0.0,333.87556595363503,-971.6564745020967,-362.21909145153836,694.8465300655008,-1000.0,0.0,0.0,0.0,0.0,0.0,0.0,0.0,0.0,0.0,0.0,0.0,0.0,0.0,0.0,0.0,0.0,0.0,-1000.0,0.0,-824.9805789541247,0.0,0.0,0.0,0.0,0.0,0.0,-2.160486517081628,0.0,0.0,0.0,0.0,621.5597489710798,971.6564745020967,1000.0,-1000.0,-172.21680335375913,0.0,-805.3265501194102,0.0,0.0,0.0,-1000.0,688.2308917612177,-849.9654171927012,171.72218647713788,-0.9892337532424845,1000.0,0.0,-0.1438470616118348,1000.0,-1000.0,654.5796085523372,0.0,0.0,0.0,0.0,0.0,0.0,0.0,0.0,0.0,0.0,-232.13469278028646,0.0,0.0,0.0,0.0,0.0,0.0,0.0,0.0,-175.11834442119957,0.0,0.0,147.48254461152382,0.0,0.0,0.0,0.0,-382.4690800864098,0.03956935012956819,0.0,0.0,0.0,0.0,0.0,0.0,0.0,0.0,0.0,0.0,0.0,0.0,0.0,0.0,0.0,0.0,0.0,0.0,0.0,0.021763142570989658,0.021763142570989658,0.0,39.93009917512111,0.0,11.870805038909815,0.0,58.177049985355886,0.0,650.3648829796923,0.0,0.0,0.0,0.0,0.0,1000.0,-650.3648829796923,0.0,0.0,0.0,0.0,0.0,147.48254461152382,0.0,0.0,0.0,0.0,0.0,0.0,0.0,112.8432678464153,-344.7833249105746,0.0,0.0,276.6661156708232,0.0,-439.01542111968286,0.0,0.0,0.0,1000.0,0.0,0.0,617.5309199135902,0.0,0.0,0.0,0.0,0.0,0.0,0.0,0.0,0.0,0.0,0.0,0.0,0.0,0.0,0.0,0.0,11.870805038909815,514.900810959332,514.900810959332,0.0,0.0,0.0,0.0,0.0,0.0,0.0,0.0,0.0,0.0,0.19784675064849694,0.0,0.0,0.0,0.0,0.0,0.0,0.0,0.0,654.5796085523372,0.0,0.0,0.0,275.1426956908298,0.0,0.0,0.0,0.0,0.0,0.0,928.6691057938234,0.0,0.0,5.935402519454907,5.935402519454907,197.10269448447002,-650.3648829796923,0.0,147.48254461152382,0.0,0.0,0.0,0.0,0.0,-134.41707321861202,0.0,39.45780437476185,0.01978467506484969,0.0,0.0,-218.75000000000009,244.87848980528622,0.0,0.0,439.01542111968286,0.0,-42.517813649204534,0.0,0.0,0.0,0.0,0.0,0.0,0.0,0.0,0.0,0.0,0.0,0.0,0.01978467506484969,0.0,0.0,0.0,0.0,0.0,0.0,0.0,0.0,0.0,-127.65000006280505,125.48951354572343,0.0,0.0,175.01942104587533,-1.483850629863727,-0.9892337532424845,0.0,0.0,0.0,0.0,0.0,0.0,0.0,0.0,0.0,0.0,0.0,0.0,514.900810959332,801.7866728688033,0.0,0.0,-999.1546133083693,0.0,0.0,0.0,-0.01978467506484969,0.0,0.0,0.01978467506484969,0.0,0.01978467506484969,0.0,0.0,0.0,11.870805038909815,24.137303579116626,24.137303579116626,0.0,0.0,0.0,0.0,0.0,0.0,0.0,0.0,0.0,0.0,0.0,0.0,0.0,335.57902647671824,0.0,0.0,0.0,0.0,0.0,0.0,0.0,0.0,0.0,0.0,0.0,0.0,0.0,0.0,0.0,0.0,0.0,0.029677012597274535,0.0,0.0,0.0,-654.5796085523372,0.0,0.0,0.0,0.0,0.0,-39.93009917512111,0.9892337532424845,0.0,0.0,0.0,906.25,0.0,0.0,0.0,0.0,0.0,0.0,0.0,0.0,0.0,0.0,514.900810959332,0.0,0.0,1000.0,39.93009917512111,0.0,-176.72504978241597,-261.38828589718946,0.0,125.48951354572343,0.0,-125.48951354572343,0.0,-24.137303579116626,58.177049985355886,0.9892337532424845,647.9621862021263,0.0,0.0,0.0,-175.11834442119957,0.0,0.0,0.0,0.0,0.0,0.0,0.0,0.0,0.0,41.41394980498483,-44.38165106471229,24.137303579116626,0.0,0.0,0.0,0.0,0.0,0.0,0.0,0.0,0.0,0.6370665370882023,0.0,0.0,0.0,-26.128489805286144,-545.1864127352608,0.0,5.935402519454907,0.0,0.0,0.0,0.0,-272.18401665477245,0.0,0.0,0.021763142570989658,0.0,0.0,0.0,12.068651789558313,0.0,0.0,0.0,0.0,272.11052846592736,0.0,617.5309199135902,0.0,0.0,0.0,0.0,0.0,0.0,0.0,0.0,822.8583397390862,0.0019784675064850256,0.0,0.0,0.0,0.0,0.0,0.0,0.0,0.0,0.0,-218.75000000000009,0.0,0.0,0.0,0.0,0.0,39.93009917512111,0.0,0.0,0.0,0.0,0.0,0.0,0.0,0.0,0.0,0.0,0.0,0.0,56.78930469588096,1000.0,-562.139774194917,0.0,0.0,0.0,11.870805038909815,0.0,0.0,0.0,0.0,0.0,-11.870805038909815,0.0,0.0,0.0,0.0,0.0,0.0,0.0,0.0,0.0,0.0,0.0,0.0,0.0,-39.45780437476186,-439.5705431531112,349.1315288961403,-116.6542410787232,-537.925367473614,0.0,-175.09855974613473,0.0,0.0,0.0,0.0,0.0,0.0,0.0,0.0,0.0,0.0,0.0,0.0,0.0,0.0,0.0,0.0,58.177049985355886,-2.4730843831062117,514.900810959332,-623.0435996009435,378.47682691156683,0.0,0.0,0.0,0.0,0.0,-0.2473084383106212,0.0,175.11834442119957,0.0,0.0,0.0,0.0,0.0,0.0,0.0,1000.0,5.935402519454907,5.935402519454907,0.0,0.0,0.0,0.0,0.0,0.021763142570989658,39.93009917512111,0.0,0.0,175.09855974613473,822.8563612715798,0.0,0.0,0.0,0.0,0.0,0.0,0.0,0.0,0.0,0.0,0.0,0.0,0.0,0.0,0.0,0.0,0.0,0.0,20.773908818092174,1.5234199799934254,0.0,0.0,0.0,0.0,0.0,39.93009917512111,0.0,-0.9892337532424845,0.0,0.0,0.0,-2.4730843831062117,0.0,0.0,0.0,0.0,0.0,0.0,0.0,0.0,0.0,0.0,0.0,0.0,0.0,0.0,0.0,0.0,0.0,0.0,-0.01978467506484969,0.0,0.0,0.9892337532424845,-1000.0,0.0,0.0,0.0,0.0,514.900810959332,0.0,0.0,0.0,-333.87556595363503,0.494616876621194,0.0,0.0,0.0,0.01978467506484969,0.0,19.78467506484969,-6.133249270103405,3.956935012969938,0.14131910760606922,55.19924343093064,-0.014838506298637267,311.76910823878234,0.3956935012969938,-0.09892337532424186,-55.19924343093064,5.935402519454907,-0.01978467506484969,87.12942863239648,147.48254461152382,0.004946168766212422,0.14131910760606922,-261.38828589718946,-3.149720270324096,-0.3956935012969938,-494.6495305009639,-0.01978467506484969,0.004946168766212422,-55.19924343093064,1.978467506484969,0.01978467506484969,0.01978467506484969,-39.88855135748527,0.021763142571282625,0.0,-0.014838506298637267,5.935402519454907,0.01978467506484969,654.5796085523372,638.7518685004575,-0.009892337532424845,-21.399174942293484,470.38474512857766,-0.014838506298637267,-0.0197846750648497,-6.133249270103405,0.01978467506484969,1.978467506484969,-0.3956935012969938,0.0,0.0,-1.978467506484969,494.6495305009639,0.0,3.956935012969938,0.029677012597274535,-1000.0,1.978467506484969,-112.8432678464153,147.48254461152382,-3.956935012969938,0.009892337532424845,0.19784675064849694,43.56471431619824,43.88703418809104,-0.01978467506484969,-44.38165106471229,39.88855135748527,6.133249270103405,0.01978467506484969,3.149720270324096,-524.9032714991781,147.48254461152382,-0.01978467506484969,-0.004946168766212422,-147.48254461152382,-0.01978467506484969,-1000.0,0.019784675064792846,-0.004946168766212422,-0.004946168766212422,-0.004946168766212422,7.913870025939876,-638.7518685004575,0.19784675064849694,322.7274003364904,-0.004946168766212422,0.0,0.9892337532424845,192.22377379644738,0.01978467506484969,0.009892337532424845,0.009892337532424845,54.460832987644615,6.133249270103405,0.01978467506484969,-6.133249270103405,0.19784675064849694,0.01978467506484969,-938.866258732131,0.01978467506484969,0.07913870025939218,0.09892337532424186,0.009892337532424845,0.004946168766212422,5.935402519454907,-0.01978467506484969,0.0,0.1978467506484969,-645.4548006729808,311.27449136216114,-1.978467506484969,3.956935012969938,0.9892337532424845,-0.01978467506484969,261.38828589718946,0.029677012597274535,-0.01978467506484969,-108.92166597528923,6.133249270103405,425.11760810074304,0.009892337532424845,-384.44754759289475,-0.01978467506484969,-0.019784675064792846,-0.01978467506484969,0.00989233753242485,55.19924343093064,-3.956935012969938,0.01978467506484969,87.12942863239648,-0.004946168766212422,-0.021763142571282625,-87.12942863239648,2.9677012597274532,-470.38474512857766,-35.88340921902153,55.19924343093064,-0.014838506298637267,44.38165106471229,-43.88703418809104,0.01978467506484969,-0.004946168766212422,0.9892337532424845,19.78467506484969,-0.009892337532424845,-0.01978467506484969,0.004946168766212422,1000.0,0.0,999.9901076624676,616.1388583956406,-1000.0,220.9954073712683,455.8253139505717,-402.1330189240914,0.0,-1000.0,489.56604366450597,172.76811476944602,0.0,500.0,500.0,-244.78302183225298,0.0,201.0665094620457,-39.93009917512111,-152.93359144597056,0.0,-172.76811476944602,-152.93359144597056,-455.8253139505717,489.37505897163237,-220.9954073712683,1496.5981,bhi
134,0.0,0.0,0.0,0.0,0.0,0.0,0.0,0.0,-0.026233563285918624,0.0,0.0,0.0,0.0,0.0,0.0,0.0,148.83055562018365,49.149700676569715,0.0,0.0,0.0,0.0,0.0,0.0,0.0,0.0,0.0,0.0,0.0,303.78324208128464,183.858868574953,-183.858868574953,0.0,0.0,0.0,0.0,0.0,177.84449435019474,0.0,-1000.0,575.5726061681422,0.0,0.0,0.0,0.0,0.0,0.0,0.0,-455.7685665818716,0.0,0.0,0.0,0.0,0.02885691961458292,0.0,0.0,0.0,0.0,0.0,0.0,-41.35643150128544,0.0,367.2428769098626,259.16596391733947,0.0,0.0,0.0,0.0,1000.0,-358.21861727528466,0.0,0.26233563285918626,0.0,0.0,0.0,0.0,0.0,0.0,0.0,0.0,0.0,0.0,-121.2428528219026,0.0,15.740137971551174,0.0,0.0,0.0,-1000.0,1000.0,-0.006558390821479656,0.0,0.0,0.0,7.870068985775587,0.0,399.02803454505033,0.0,0.0,0.0,0.0,1.3116781642959312,303.78324208128464,0.0,0.0,-271.5036278728564,433.95524117309384,0.0,0.0,0.0,0.0,0.0,0.0,0.0,0.0,0.0,0.0,0.0,0.0,0.0,0.0,0.0,0.0,0.0,-442.60695405940464,0.0,0.0,399.02803454505033,0.0,8.132404618634773,0.0,0.0,0.0,0.0,0.0,0.0,447.3708602000118,0.0,0.0,-514.0913416912495,0.0,0.0,0.0,0.0,0.0,123.26283719491835,0.026233563285918624,0.0,0.0,0.0,0.0,-712.5282505011298,0.0,0.0,121.2428528219026,0.0,529.3475614082072,0.0,0.0,0.0,0.0,0.0,86.74269241874524,86.74269241874524,0.0,0.0,0.0,0.0,0.0,0.0,0.0,270.62779455698416,0.0,0.0,0.0,-585.807705297479,0.0,0.0,0.0,0.0,0.0,0.0,0.0,0.0,0.0,0.0,-264.6355895276671,0.0,0.0,0.0,0.0,-1000.0,0.0,0.0,0.0,0.0,0.0,0.0,0.0,495.0817327415587,-495.0817327415587,66.7204814912377,0.0,0.0,0.0,0.0,0.0,0.0,0.0,380.3909903318959,0.0,0.0,0.0,0.0,0.0,0.0,0.0,0.0,0.0,0.0,0.0,0.0,0.0,0.0,111.55628504618022,3.15476888040331,0.0,0.0,0.0,0.0,-66.7204814912377,0.0,0.0,0.0,0.0,-41.35643150128544,3.15476888040331,183.858868574953,0.0,0.0,0.0,0.0,0.0,0.0,0.0,607.6961902480513,5.246712657183725,391.15796555927477,0.0,495.0817327415587,-1000.0,39.313166159687114,0.0,-3.15476888040331,0.0,0.0,66.7204814912377,684.3761164552246,0.0,0.0,0.0,-55.527211212737484,0.0,0.0,-846.7710663145044,0.0,0.0,-846.7710663145045,0.0,0.0,-504.9182672584413,0.0,1000.0,0.0,0.0,73.19164156771296,0.0,0.0,0.0,-161.24631670264432,0.0,161.24631670264432,0.0,270.5753274304123,0.0,0.0,565.8801067133268,0.0,0.0,0.0,-41.35643150128544,-0.039350344928877935,0.0,0.0,0.0,0.0,0.026233563285918624,0.0,0.0,0.0,-6.724224793101598,148.83055562018365,0.0,-181.00241858190427,1000.0,0.0,844.6186222356928,0.0,0.0,0.0,-271.5036278728564,0.0,0.0,0.0,251.1333964572313,-406.8495457562525,155.7161492990212,-1000.0,-369.4594236593722,0.0,0.0,0.0,0.0,0.0,0.0,0.0,0.0,0.0,0.0,0.0,0.0,0.0,0.0,0.0,0.0,0.0,-822.0505713966614,0.0,-1000.0,121.2428528219026,0.0,422.99260093529006,0.0,0.0,0.0,-547.1001588680163,0.0,0.0,0.0,0.0,0.0,0.0,0.0,103.94511513681223,0.0,-593.1504542437475,836.5833513524351,-44.3059450712423,0.0,-444.4317485196596,0.0,-105.25679330110816,1000.0,-0.6558390821479656,42.994266906946365,-1000.0,0.0,491.2886036063929,-547.7111118194604,0.0,399.02803454505033,0.0,0.0,0.0,0.0,0.0,0.0,0.0,0.0,0.0,0.0,-415.14568505465445,0.0,0.0,0.0,0.0,0.0,0.0,0.0,0.0,-149.43334449380865,0.0,0.0,129.98201847749976,0.0,0.0,0.0,0.0,-566.0447588269062,0.05246712657185526,0.0,0.0,0.0,0.0,0.0,0.0,0.0,0.0,0.0,366.99675780685726,0.0,0.0,0.0,0.0,0.0,0.0,0.0,0.0,0.0,0.02885691961458292,0.02885691961458292,183.858868574953,305.224748201879,0.0,15.740137971551174,0.0,0.0,0.0,1000.0,0.0,0.0,0.0,0.0,0.0,931.105339824822,-1000.0,0.0,0.0,0.0,0.0,0.0,129.98201847749976,0.0,0.0,0.0,0.0,0.0,0.0,0.0,147.53565135313488,6.724224793101598,278.57300932803605,0.0,2.0199843730157383,0.0,0.0,0.0,0.0,0.0,931.105339824822,0.0,0.0,365.06058099791585,0.0,0.0,0.0,0.0,0.0,0.0,0.0,0.0,0.0,0.0,0.0,0.0,0.0,0.0,0.0,0.0,15.740137971551174,66.72048149123765,66.7204814912377,0.0,0.0,0.0,0.0,0.0,0.0,0.0,0.0,0.0,0.0,0.26233563285918626,0.0,183.858868574953,0.0,0.0,183.858868574953,0.0,0.0,0.0,399.02803454505033,0.0,0.0,0.0,0.0,0.0,0.0,0.0,0.0,0.0,0.0,876.1575211425251,0.0,0.0,7.870068985775587,7.870068985775587,36.748445532488375,-1000.0,0.0,129.98201847749976,0.0,0.0,0.0,0.0,0.0,944.1448692461886,0.0,1000.0,0.026233563285918624,0.0,0.0,34.64516797095354,0.0,23.037503081193336,0.0,0.0,0.0,0.0,0.0,0.0,0.0,0.0,0.0,0.0,0.0,0.0,0.0,0.0,0.0,0.0,0.026233563285918624,0.0,0.0,0.0,0.0,0.0,0.0,0.0,0.0,0.0,0.0,1000.0,0.0,-629.1500695013837,-672.9069170346811,-1.9675172464438968,0.0,-1.3116781642959312,0.0,0.0,0.0,0.0,0.0,0.0,0.0,0.0,0.0,0.0,0.0,66.72048149123765,0.0,0.0,0.0,492.6002817706888,0.0,0.0,0.0,-0.026233563285918624,0.0,0.0,0.026233563285918624,0.0,0.026233563285918624,0.0,274.78462491785814,0.0,15.740137971551174,32.004947208820724,32.004947208820724,0.0,0.0,0.0,0.0,0.0,0.0,0.0,278.57300932803605,0.0,0.0,0.0,0.0,0.0,253.39210625614896,0.0,0.0,0.0,0.0,0.0,0.0,0.0,0.0,0.0,0.0,0.0,0.0,0.0,0.0,0.0,0.0,0.0,0.039350344928877935,0.0,0.0,0.0,-399.02803454505033,0.0,0.0,0.0,0.0,0.0,-305.224748201879,1.3116781642959312,0.0,0.0,0.0,0.0,0.0,0.0,-1.3116781642959312,0.0,0.0,0.0,0.0,0.0,0.0,0.0,66.72048149123765,0.0,0.0,256.71888968621545,305.224748201879,0.0,420.4186312751241,-248.46612479166305,494.95748843134254,-547.1001588680163,629.1500695013837,-577.00739906471,121.2428528219026,652.371169246404,0.0,1.3116781642959312,898.0406329329501,0.0,0.0,-183.858868574953,-149.43334449380865,0.0,0.0,885.8269195040423,-885.8269195040423,0.0,0.0,0.0,0.0,0.0,260.7005550347793,0.0,32.004947208820724,0.0,-237.0334805539181,-237.0334805539181,420.89234912887116,0.0,0.0,0.0,0.0,0.0,607.6961902480513,0.0,0.0,311.12729994121065,-401.6419257778108,-1000.0,0.0,7.870068985775587,0.0,0.0,0.0,0.0,-302.5829293126923,0.0,0.0,0.02885691961458292,0.0,0.0,0.0,16.002473604410362,0.0,0.0,0.0,0.0,111.55628504618022,0.0,433.95524117309384,0.0,0.0,0.0,0.0,0.0,0.0,-1000.0,0.0,0.0026233563285918624,0.0026233563285918624,0.0,0.0,0.0,0.0,0.0,0.0,0.0,0.0,0.0,34.64516797095354,183.858868574953,0.0,0.0,0.0,0.0,305.224748201879,0.0,0.0,0.0,0.0,0.0,0.0,0.0,0.0,0.0,0.0,0.0,0.0,0.0,841.8925446584957,49.149700676569715,0.0,0.0,0.0,15.740137971551174,0.0,0.0,0.0,0.0,0.0,0.0,-15.740137971551174,0.0,0.0,0.0,0.0,0.0,0.0,0.0,0.0,0.0,183.858868574953,183.858868574953,0.0,-369.4594236593721,247.9281113274732,271.36209710700325,600.9719654549497,-1000.0,0.0,177.84449435019474,0.0,0.0,0.0,0.0,0.0,0.0,0.0,0.0,0.0,906.2499999999999,0.0,-906.2500000000001,-906.2499999999999,0.0,0.0,0.0,0.0,-3.279195410739828,66.7204814912377,-1.9675172464438968,251.42458900970507,0.0,0.0,0.0,0.0,0.0,-62.772696942601726,62.444777401527745,270.67619731571125,0.0,0.0,0.0,0.0,0.0,0.0,0.0,1000.0,7.870068985775587,7.870068985775587,0.0,0.0,0.0,0.0,0.0,0.02885691961458292,305.224748201879,0.0,0.0,-177.84449435019474,0.0,0.0,0.0,0.0,0.0,0.0,0.0,0.0,0.0,0.0,0.0,0.0,0.0,0.0,137.39231245892907,0.0,0.0,0.0,0.0,27.545241450214554,2.0199843730157383,0.0,0.0,0.0,0.0,0.0,305.224748201879,0.0,422.99260093529006,0.0,0.0,0.0,-3.279195410739828,0.0,0.0,0.0,0.0,0.0,0.0,0.0,0.0,0.0,0.0,0.0,0.0,0.0,0.0,0.0,0.0,0.0,0.0,-0.026233563285918624,0.0,0.0,1.3116781642959312,-931.105339824822,0.0,0.0,0.0,0.0,66.7204814912377,0.0,0.0,0.0,-251.1333964572313,0.6558390821479656,0.0,0.0,0.0,0.026233563285918624,0.0,26.23356328591862,-8.132404618634773,5.246712657183725,0.18738259489941875,73.19164156771296,-0.019675172464438968,1.3116781642959334,0.5246712657183725,-0.13116781642975184,-73.19164156771296,7.870068985775587,-0.026233563285918624,90.50120929095213,129.98201847749976,0.006558390821479656,0.18738259489941875,-271.5036278728564,-4.176383275119524,183.33419730923467,-197.98025629675337,-0.02623356328591862,0.006558390821479656,-73.19164156771296,2.6233563285918624,0.026233563285918624,0.026233563285918624,-305.16965771897844,0.028856919614510486,0.0,-0.019675172464438968,7.870068985775587,0.026233563285918624,399.02803454505033,378.0411839163155,-0.013116781642959312,13.659694337505584,64.07089159935992,-0.019675172464438968,-0.026233563285918624,-8.132404618634773,0.026233563285918624,2.6233563285918624,-0.5246712657183725,0.0,0.0,-2.6233563285918624,197.98025629675337,0.0,5.246712657183725,0.039350344928877935,129.43025350302696,2.6233563285918624,-147.53565135313488,129.98201847749976,-5.246712657183725,0.013116781642959312,0.26233563285918626,45.250604645476066,310.4714608590627,-0.026233563285918624,-311.12729994121065,305.16965771897844,8.132404618634773,0.026233563285918624,4.176383275119524,-292.65622302487736,129.98201847749976,-0.026233563285918624,-0.006558390821479656,-129.98201847749976,-0.026233563285918624,-1000.0,0.02623356328603231,-0.006558390821479656,-0.006558390821479656,-0.006558390821479656,10.49342531436745,-378.0411839163155,0.26233563285918626,346.29052746630396,-0.006558390821479656,0.0,1.3116781642959312,284.33405757774904,0.026233563285918624,0.013116781642959312,0.013116781642959312,67.61436556734175,8.132404618634773,0.026233563285918624,-8.132404618634773,0.26233563285918626,0.026233563285918624,-1000.0,0.026233563285918624,0.10493425314383321,0.13116781642975184,0.013116781642959312,0.006558390821479656,7.870068985775587,-0.026233563285918624,0.0,-91.66709865461733,-692.5810549326079,0.6558390821479634,-2.6233563285918624,5.246712657183725,1.3116781642959312,-0.026233563285918624,271.5036278728564,0.039350344928877935,-0.026233563285918624,-135.2287311346835,8.132404618634773,471.93556355094483,0.013116781642959312,-568.6681151554981,-0.026233563285918624,-0.02623356328603231,-0.02623356328591862,0.013116781642959312,73.19164156771296,-5.246712657183725,0.026233563285918624,90.50120929095213,-0.006558390821479656,-0.028856919614510486,-90.50120929095213,3.9350344928877927,-64.07089159935992,-256.9675595431477,73.19164156771296,-0.019675172464438968,311.12729994121065,-310.4714608590627,0.02623356328591862,-0.006558390821479656,1.3116781642959312,26.23356328591862,-0.013116781642959312,-0.026233563285918624,0.006558390821479656,1000.0,0.0,-624.5251030262285,653.709472533696,1000.0,0.0,-4.530525526457069,-249.04588654028194,0.0,-1000.0,658.3650971891338,-147.09233460427177,-495.0817327415587,500.0,-500.0,-329.1825485945669,0.0,124.52294327014097,-305.224748201879,-169.35263423825256,495.0817327415587,147.09233460427177,-169.35263423825256,4.530525526457069,142.7511705849142,0.0,1496.5981,bhi
135,0.0,0.0,0.0,0.0,0.0,0.0,0.0,0.0,-0.03458203619697602,0.0,0.0,0.0,0.0,0.0,0.0,0.0,565.8177468178797,138.59997967451477,0.0,-493.85217040142413,0.0,0.0,0.0,1000.0,0.0,661.8510203511561,0.0,0.0,0.0,-468.7246749075911,20.96226417050728,-20.96226417050728,216.27677807317033,0.0,0.0,0.0,0.0,0.9309541175375813,0.0,-1000.0,177.96666647546778,0.0,0.0,-97.09307191028853,0.0,0.0,176.52425498805616,0.0,0.0,0.0,0.0,0.0,0.0,0.03804023981664639,0.0,0.0,0.0,0.0,0.0,0.0,-10.032946044583339,0.0,10.032946044583339,0.0,0.0,0.0,0.0,0.0,0.0,23.817619238227508,0.0,0.3458203619697603,0.0,0.0,0.0,0.0,0.0,0.0,0.0,0.0,0.0,0.0,0.0,0.0,20.749221718185616,0.0,0.0,251.9247542302651,-309.0029061847006,0.0,-0.008645509049244006,0.0,0.0,-1000.0,10.374610859092808,0.0,10.374610859092808,0.0,0.0,0.0,0.0,1.7291018098488011,-468.7246749075911,0.0,0.0,0.0,0.0,0.0,0.0,0.0,0.0,0.0,0.0,0.0,0.0,0.0,0.0,0.0,0.0,0.0,0.0,0.0,0.0,0.0,-772.709549087131,0.0,0.0,10.374610859092808,0.0,10.720431221062569,10.720431221062569,0.0,-1000.0,1000.0,0.0,0.0,-1000.0,0.0,0.0,1000.0,0.0,0.0,0.0,0.0,0.0,2.6628167871671597,0.03458203619697602,0.0,0.0,0.0,0.0,-433.3642673150407,0.0,0.0,0.0,0.0,24.83970880099696,0.0,0.0,0.0,0.0,0.0,-197.45193712236645,-197.45193712236645,0.0,0.0,0.0,0.0,0.0,0.0,0.0,-176.4550909156622,0.0,0.0,0.0,0.0,-617.4496946381795,0.0,0.0,0.0,0.0,0.0,0.0,0.0,0.0,0.0,0.0,0.0,0.0,0.0,0.0,-1000.0,0.0,0.0,0.0,0.0,0.0,0.0,0.0,607.1769449571744,-607.1769449571744,0.0,0.0,0.0,0.0,0.0,0.0,0.0,0.0,-1000.0,0.0,0.0,0.0,0.0,0.0,0.0,0.0,0.0,0.0,0.0,0.0,0.0,0.0,0.0,660.0156562473039,-97.09307191028853,0.0,0.0,0.0,0.0,0.0,0.0,0.0,0.0,0.0,-10.032946044583339,0.0,20.96226417050728,0.0,948.0320636039554,0.0,0.0,0.0,0.0,0.0,22.07580573605144,6.9164072393952045,0.0,0.0,-83.82014885812498,-1000.0,859.1016991874395,0.0,97.09307191028853,0.0,0.0,0.0,-228.19127615585427,0.0,0.0,0.0,-6.979003576469999,0.0,0.0,389.7439704368053,594.8448479190429,1000.0,0.0,-205.10087748223765,610.2560295631947,298.17403877247386,0.0,0.0,0.0,0.0,117.92474343168826,0.0,0.0,0.0,0.0,0.0,0.0,0.0,1000.0,0.0,0.0,0.0,0.0,0.0,0.0,-10.032946044583339,-0.05187305429546403,0.0,0.0,0.0,0.0,0.03458203619697602,0.0,0.0,0.0,967.5495834048558,565.8177468178797,0.0,-443.4341149438996,-78.06144417120802,617.4496946381795,188.34127733456057,0.0,224.15939245670054,0.0,0.0,0.0,0.0,0.0,-2.977513316559608,0.0,-221.18187914014095,-523.8640460634766,-71.72093922644461,0.0,0.0,0.0,0.0,0.0,0.0,0.0,0.0,0.0,0.0,0.0,0.0,0.0,0.0,0.0,0.0,948.0320636039554,-438.0200271022394,0.0,-1000.0,0.0,560.910690635435,0.0,0.0,0.0,0.0,-3.7763583527112132,0.0,0.0,0.0,0.0,0.0,0.0,-843.7499999999999,0.0,0.0,0.0,0.0,-86.374072598829,0.0,174.6171674009127,843.7499999999999,-1.7291018098488011,0.0,-0.8645509049244006,84.6449707889802,-166.44640315693738,0.0,-586.6067697196115,0.0,587.9460654298045,10.374610859092808,-437.5000000000004,437.5000000000004,0.0,440.0054802733214,0.0,0.0,0.0,0.0,0.0,0.0,394.10636106798455,0.0,0.0,-1000.0,0.0,0.0,0.0,0.0,0.0,-20.065892089166677,0.0,0.0,0.0,0.0,0.0,0.0,0.0,216.27677807317033,0.06916407239394443,0.0,0.0,0.0,0.0,0.0,0.0,0.0,0.0,0.0,0.0,0.0,0.0,0.0,0.0,0.0,0.0,0.0,0.0,0.0,0.03804023981664639,0.03804023981664639,20.96226417050728,0.0,0.0,20.749221718185616,0.0,0.0,0.0,1000.0,0.0,0.0,0.0,0.0,0.0,-99.41290010860908,-1000.0,0.0,0.0,0.0,0.0,0.0,0.0,0.0,0.0,0.0,0.0,0.0,0.0,0.0,257.56984969571033,-967.5495834048558,433.3642673150407,0.0,2.6628167871671597,0.0,0.0,-1000.0,-1000.0,0.0,-99.41290010860908,0.0,116.86387796456125,0.0,0.0,0.0,0.0,0.0,0.0,0.0,0.0,0.0,0.0,0.0,0.0,0.0,0.0,0.0,0.0,0.0,20.749221718185616,0.0,0.0,0.0,0.0,0.0,0.0,0.0,0.0,0.0,0.0,0.0,0.0,0.3458203619697603,0.0,20.96226417050728,0.0,0.0,20.96226417050728,0.0,0.0,0.0,10.374610859092808,0.0,0.0,0.0,0.0,0.0,0.0,0.0,0.0,0.0,0.0,805.8775797333069,-941.767399959015,0.0,10.374610859092808,10.374610859092808,878.8958169393205,-1000.0,0.0,0.0,0.0,0.0,0.0,0.0,0.0,-7.411279028932199,0.0,0.0,0.03458203619697602,0.0,0.0,0.0,2.7887942047418517,0.0,0.0,1000.0,0.0,0.0,0.0,0.0,0.0,0.0,0.0,0.0,0.0,0.0,0.0,0.0,0.0,0.0,0.03458203619697602,0.0,0.0,0.0,630.2272466355006,-630.2272466355006,0.0,0.0,0.0,560.910690635435,0.0,778.5352767042918,0.0,-782.3116350570031,-561.9799728977606,-2.5936527147732016,0.0,-1.7291018098488025,0.0,812.5,812.5,-812.5,0.0,0.0,0.0,0.0,0.0,0.0,0.0,0.0,617.4496946381795,0.0,0.0,3.0683975200418914,0.0,0.0,0.0,-0.03458203619697602,0.0,0.0,0.03458203619697602,0.0,0.03458203619697602,0.0,23.817619238227508,0.0,20.749221718185616,42.190084160310754,42.190084160310754,0.0,0.0,0.0,0.0,0.0,0.0,0.0,433.3642673150407,0.0,0.0,0.0,0.0,0.0,0.0,0.0,0.0,0.0,0.0,0.0,0.0,0.0,0.0,0.0,0.0,0.0,0.0,0.0,0.0,0.0,-638.0334011129286,638.0334011129286,0.05187305429546403,0.0,0.0,0.0,-10.374610859092808,0.0,0.0,0.0,0.0,0.0,0.0,1.7291018098488011,0.0,0.0,0.0,0.0,0.0,-996.2236416472888,-1.7291018098488025,0.0,0.0,0.0,0.0,0.0,0.0,0.0,0.0,0.0,0.0,-114.92755605520082,0.0,0.0,-116.78142853605748,0.0,0.0,-1000.0,782.3116350570031,217.68836494299694,0.0,-270.381360316165,0.0,1.7291018098488025,1000.0,0.0,0.0,-20.96226417050728,-20.065892089166677,0.0,0.0,961.9423065013481,-961.9423065013481,0.0,0.0,0.0,0.0,0.0,2.5936527147732016,-7.780958144319601,42.190084160310754,0.0,0.0,0.0,20.96226417050728,0.0,0.0,0.0,0.0,0.0,22.07580573605144,0.0,0.0,0.0,-2.7887942047418517,50.98537112699216,0.0,10.374610859092808,0.0,0.0,0.0,0.0,72.75636541206737,0.0,0.0,0.03804023981664639,0.0,0.0,0.0,21.095042080155377,0.0,0.0,0.0,0.0,660.0156562473039,0.0,0.0,0.0,0.0,0.0,0.0,0.0,0.0,1000.0,0.0,0.0034582036196976022,0.0034582036196976022,0.0,0.0,0.0,0.0,0.0,0.0,0.0,0.0,0.0,0.0,20.96226417050728,0.0,0.0,0.0,0.0,0.0,0.0,0.0,0.0,0.0,0.0,0.0,0.0,0.0,0.0,0.0,0.0,0.0,0.0,637.7833232343353,138.59997967451477,0.0,0.0,0.0,20.749221718185616,0.0,0.0,0.0,0.0,0.0,380.5303016580349,-401.2795233762205,0.0,0.0,0.0,0.0,0.0,0.0,0.0,0.0,0.0,20.96226417050728,20.96226417050728,0.0,136.0944014948907,-1000.0,23.688694794928576,0.0,-10.374610859092808,0.0,561.8416447529726,0.0,0.0,0.0,0.0,0.0,0.0,0.0,0.0,0.0,890.6249999999999,0.0,-890.625,-890.6249999999999,0.0,0.0,0.0,0.0,-4.322754524622004,0.0,-2.5936527147732016,5.1873054295464,0.0,0.0,0.0,0.0,0.0,-0.43227545246220034,0.0,20.065892089166677,0.0,0.0,0.0,0.0,0.0,0.0,0.0,207.8153407213353,10.374610859092808,10.374610859092808,0.0,0.0,0.0,0.0,0.0,0.03804023981664639,0.0,0.0,0.0,-561.8416447529726,0.0,0.0,0.0,0.0,0.0,0.0,0.0,0.0,0.0,0.0,0.0,0.0,0.0,0.0,0.0,0.0,0.0,10.720431221062569,0.0,36.31113800682483,0.0,0.0,2.6628167871671597,0.0,0.0,0.0,0.0,0.0,996.2236416472888,0.0,0.0,0.0,-4.322754524622004,0.0,0.0,0.0,0.0,0.0,0.0,0.0,0.0,0.0,0.0,0.0,0.0,0.0,0.0,0.0,0.0,0.0,0.0,-0.03458203619697602,0.0,0.0,1.7291018098488011,99.41290010860908,0.0,0.0,0.0,0.0,0.0,0.0,0.0,0.0,2.977513316559608,0.8645509049244006,0.0,0.0,661.8510203511561,0.03458203619697602,0.0,34.58203619697602,0.0,6.916407239395205,0.24701454426411446,117.92474343168826,-0.025936527147732015,1.7291018098488011,0.6916407239395205,-0.17291018098501354,-117.92474343168826,10.374610859092808,-0.03458203619697602,0.0,0.0,0.008645509049244006,0.24701454426411446,0.0,-5.5054601625600155,20.270623446567757,-210.5655560909703,-0.03458203619697602,0.008645509049244006,-117.92474343168826,3.4582036196976023,0.03458203619697602,0.03458203619697602,0.07262227601362242,0.03804023981667362,0.0,-0.025936527147732015,10.374610859092808,0.03458203619697602,10.374610859092808,-17.291018098488014,-0.01729101809848801,-24.83970880099696,-3.4927856558945782,-0.025936527147732015,-0.03458203619697602,0.0,0.03458203619697602,3.458203619697599,-0.6916407239395205,0.0,0.0,-3.4582036196976023,210.5655560909703,0.0,6.9164072393952045,0.05187305429546403,-1000.0,3.4582036196976023,-257.56984969571033,0.0,-6.9164072393952045,0.01729101809848801,0.3458203619697603,110.8585287359749,6.9164072393952045,-0.03458203619697602,-7.780958144319601,-0.07262227601362242,10.720431221062569,0.03458203619697602,5.5054601625600155,-41.498443436371076,0.0,-0.03458203619697602,-0.008645509049244006,0.0,-0.03458203619697602,216.27677807317033,0.03458203619697997,-0.008645509049244006,-0.008645509049244006,-0.008645509049244006,13.832814478790409,17.291018098488014,0.3458203619697603,350.41397737829084,-0.008645509049244006,221.7170574719498,1.7291018098488011,-106.40928722673637,0.03458203619697602,0.01729101809848801,0.01729101809848801,3.4582036196976023,0.0,0.03458203619697602,0.0,0.3458203619697603,0.03458203619697602,-1000.0,0.03458203619697604,0.13832814478801936,0.17291018098501354,0.01729101809848801,0.008645509049244006,10.374610859092808,-0.03458203619697602,0.0,-10.135311723283879,-700.8279547565817,0.8645509049244006,-3.458203619697599,6.9164072393952045,1.7291018098488011,-0.03458203619697604,0.0,0.05187305429546403,-0.03458203619697602,-6.9164072393952045,0.0,-72.98592258417564,0.01729101809848801,212.81857445347273,-0.03458203619697602,-0.03458203619697997,-0.03458203619697602,0.01729101809848801,117.92474343168826,-6.9164072393952045,0.03458203619697602,221.7170574719498,-0.008645509049244006,-0.03804023981667362,-221.7170574719498,5.187305429546403,3.4927856558945782,433.6405177998551,117.92474343168826,-0.025936527147732015,7.780958144319601,-6.9164072393952045,0.03458203619697602,-0.008645509049244004,1.7291018098488025,34.58203619697602,-0.01729101809848801,-0.03458203619697602,0.008645509049244006,1000.0,0.0,701.8086702094276,649.5860226217092,-1000.0,0.0,280.2581042996268,-217.04104107312347,0.0,348.43538742754293,-841.0282485807011,543.2292886117029,-298.17403877247386,-174.21769371377147,500.0,420.51412429035054,0.0,108.52052053656173,0.0,0.22955717210826837,298.17403877247386,-543.2292886117029,0.22955717210826837,-280.2581042996268,159.14917205815013,0.0,1496.5981,bhi
136,0.0,0.0,0.0,0.0,0.0,0.0,0.0,0.0,-0.004378376004370316,0.0,0.0,0.0,0.0,0.0,0.0,0.0,753.7379147311599,-232.2320869683612,0.0,0.0,0.0,0.0,0.0,423.7344356983691,0.0,0.0,0.0,0.0,0.0,-904.292921098427,0.0,0.0,0.0,0.0,0.0,0.0,0.0,964.6531078219188,0.0,-1000.0,601.6267760663264,0.0,0.0,1000.0,0.0,0.0,408.74104119025264,86.09883029043326,-1000.0,0.0,0.0,-150.55500636726708,0.0,0.004816213604811678,0.0,0.0,0.0,0.0,0.0,0.0,-86.6445238229706,0.0,1000.0,809.1922472734593,0.0,0.0,0.0,0.0,0.0,0.0,0.0,0.04378376004370317,0.0,0.0,0.0,0.0,0.0,0.0,0.0,636.2795118406768,0.0,0.0,0.0,0.0,2.62702560262219,0.0,120.9800111440424,55.68790921707675,-689.243069439099,836.4015663583448,-0.001094594001092579,0.0,0.0,870.0940026903548,1.313512801311095,0.0,501.02356382068376,-0.14098370734092214,0.0,0.0,0.0,192.484398995656,-904.292921098427,0.0,0.0,0.0,521.6527216976417,0.0,0.0,0.0,0.0,0.0,0.0,0.0,0.0,0.0,0.0,0.0,0.0,0.0,0.0,0.0,0.0,0.0,-689.5407400013846,0.0,0.0,501.02356382068376,0.0,1.3572965613547983,0.0,0.0,334.2655844133974,-615.5155844133974,281.25000000000006,-281.25000000000006,-1000.0,0.0,0.0,895.8367710964299,0.0,0.0,0.0,0.0,0.0,121.3171460963789,0.004378376004370316,0.0,0.0,0.0,-521.6527216976417,0.0,0.0,0.0,0.0,0.0,166.17450108798582,0.0,0.0,0.0,0.0,0.0,-454.3703276443909,-454.3703276443909,0.0,0.0,0.0,0.0,0.0,0.0,0.0,-454.36594926838654,0.0,0.0,0.0,-1000.0,0.0,0.0,0.0,0.0,0.0,0.0,0.0,0.0,0.0,0.0,-1000.0,0.0,0.0,0.0,0.0,-1000.0,0.0,0.0,0.0,0.0,0.0,0.0,150.55500636726708,-147.15849691924575,147.15849691924575,0.0,0.0,0.0,0.0,0.0,0.0,0.0,0.0,-129.9059973096452,0.0,0.0,0.0,0.0,0.0,0.0,0.0,0.0,0.0,0.0,0.0,0.0,0.0,179.53301863920353,22.676285518325415,1000.0,0.0,0.0,0.0,104.1632289035701,0.0,0.0,0.0,0.0,0.0,-86.6445238229706,0.0,0.0,0.0,0.0,0.0,0.0,0.0,0.0,0.0,0.0,86.97450549130731,499.71005101937266,0.0,925.6287997403236,383.54422722047036,-940.915581334902,0.0,-1000.0,0.0,0.0,104.1632289035701,-832.7475324774765,0.0,0.0,0.0,-95.6523492015184,0.0,0.0,-169.93514566608658,0.0,0.0,-169.93514566608656,0.0,0.0,-836.4015663583448,0.0,414.3665005280492,0.0,0.0,12.215669052193185,0.0,0.0,0.0,0.0,0.0,0.0,0.0,-26.496979247567424,0.0,104.1632289035701,0.0,0.0,0.0,0.0,-86.6445238229706,-0.006567564006555474,0.0,0.0,0.0,0.0,0.004378376004370316,0.0,0.0,0.0,498.97643617931624,753.7379147311599,0.0,-420.27203582281703,933.4822466096039,0.0,1000.0,0.0,-999.6230218260237,0.0,0.0,0.0,0.0,0.0,-0.37697817397628847,1000.0,0.0,-1000.0,-1000.0,0.0,0.0,0.0,0.0,0.0,0.0,0.0,0.0,0.0,0.0,0.0,0.0,0.0,0.0,0.0,0.0,0.0,172.5684581309932,0.0,-792.102163194943,0.0,0.0,0.0,1000.0,0.0,0.0,-121.3171460963789,0.0,0.0,0.0,0.0,192.26548019543748,-59.729940592882784,0.0,0.0,843.003687354535,-940.2700594071172,-170.90760092803848,-0.2189188002185158,0.0,-5.895483289884631,0.0,-596.3516588979372,0.0,-843.1131467546443,0.0,0.0,0.0,694.1653279510657,985.3122799268245,-905.3377301610466,501.02356382068376,0.0,0.0,0.0,0.0,0.0,0.0,0.0,-179.53301863920353,179.53301863920353,179.53301863920353,520.7770464967675,0.0,0.0,-382.07671901470235,0.0,0.0,0.0,0.0,0.0,-35.492254261426496,0.0,0.0,102.65033988701022,0.0,0.0,0.0,0.0,-478.34727830235835,0.008756752008735779,0.0,0.0,0.0,0.0,0.0,0.0,0.0,0.0,0.0,0.0,0.0,0.0,0.0,0.0,0.0,0.0,0.0,0.0,0.0,0.004816213604811678,0.004816213604811678,0.0,478.0173249641204,0.0,2.62702560262219,0.0,0.0,0.0,1000.0,0.0,0.0,120.9800111440424,0.0,0.0,1000.0,-1000.0,0.0,0.0,0.0,0.0,0.0,102.65033988701022,0.0,0.0,0.0,0.0,0.0,0.0,0.0,229.84691333379487,-498.97643617931624,0.0,0.0,158.69631025184967,0.0,870.0940026903548,0.0,0.0,0.0,1000.0,0.0,1000.0,-478.34727830235835,0.0,0.0,179.53301863920353,0.0,0.0,0.0,0.0,0.0,0.0,0.0,0.0,0.0,0.0,0.0,0.0,0.0,2.62702560262219,104.16322890357014,104.1632289035701,0.0,0.0,0.0,0.0,0.0,0.0,0.0,0.0,0.0,0.0,0.04378376004370317,0.0,0.0,120.9800111440424,-120.9800111440424,0.0,150.55500636726708,0.0,0.0,501.02356382068376,0.0,0.0,0.0,37.37916415547076,0.0,0.0,0.0,0.0,0.0,0.0,0.0,0.0,0.0,1.313512801311095,1.313512801311095,1000.0,-1000.0,0.0,102.65033988701022,0.0,0.0,0.0,0.0,0.0,904.292921098427,0.0,1000.0,0.004378376004370316,0.0,0.0,0.0,5.782270996057342,478.34727830235835,0.0,-870.0940026903548,0.0,0.0,0.0,0.0,0.0,0.0,0.0,0.0,0.0,0.0,0.0,0.0,0.0,0.0,0.004378376004370316,0.0,0.0,0.0,-1000.0,1000.0,0.0,0.0,0.0,0.0,0.0,538.5227116494115,0.0,-659.8398577457904,-964.6706213259363,-0.32837820032777376,-0.21891880021851598,0.0,0.0,0.0,0.0,0.0,0.0,0.0,0.0,0.0,0.0,0.0,0.0,104.16322890357014,0.0,0.0,0.0,-210.95348340976238,0.0,0.0,0.0,-0.004378376004370316,0.0,0.0,0.004378376004370316,0.0,0.004378376004370316,0.0,0.0,0.0,2.62702560262219,5.341618725331786,5.341618725331786,0.0,0.0,0.0,0.0,0.0,0.0,0.0,0.0,0.0,0.0,0.0,0.0,0.0,0.0,0.0,0.0,0.0,0.0,0.0,0.0,0.0,0.0,0.0,0.0,0.0,0.0,0.0,0.0,0.0,-758.34410254332,758.34410254332,0.006567564006555474,0.0,0.0,0.0,-501.02356382068376,0.0,0.0,0.0,0.0,0.0,-478.0173249641204,0.2189188002185158,0.0,0.0,0.0,0.0,0.0,-266.3239673475574,0.0,0.0,0.0,0.0,0.0,0.0,0.0,0.0,104.16322890357014,0.0,0.0,541.0791532039777,298.4843063249169,0.0,870.6412996909012,478.34727830235835,0.0,-387.6411134439363,659.8398577457904,-272.19874430185365,0.0,-838.0891512028084,0.0,0.21891880021851598,824.6238285219014,0.0,0.0,0.0,-277.4522765495113,-62.49999999999312,62.49999999999312,0.0,0.0,0.0,0.0,0.0,0.0,0.0,999.3432435993445,0.0,5.341618725331786,0.0,0.0,0.0,0.0,0.0,0.0,0.0,0.0,0.0,0.0,0.0,0.0,479.0024595651037,-5.782270996057342,-364.8023426490571,0.0,1.313512801311095,120.9800111440424,0.0,0.0,0.0,-134.99932014117806,0.0,0.0,0.004816213604811678,0.0,0.0,0.0,2.670809362665893,0.0,0.0,0.0,0.0,22.676285518325415,0.0,521.6527216976417,0.0,0.0,0.0,0.0,0.0,0.0,0.0,0.0,0.0004378376004370441,0.0004378376004370441,0.0,0.0,0.0,0.0,0.0,0.0,0.0,0.0,0.0,0.0,0.0,0.0,0.0,0.0,0.0,478.0173249641204,0.0,0.0,0.0,0.0,0.0,0.0,0.0,0.0,0.0,0.0,0.0,241.9600222880848,202.0445722326121,870.3527641250239,-232.2320869683612,0.0,0.0,0.0,2.62702560262219,0.0,0.0,0.0,0.0,0.0,0.0,-2.62702560262219,0.0,241.9600222880848,0.0,0.0,0.0,0.0,0.0,0.0,0.0,0.0,0.0,0.0,-1000.0,-1000.0,2.9991875629936673,0.0,-501.02356382068376,0.0,964.6531078219188,0.0,0.0,0.0,0.0,0.0,0.0,0.0,0.0,0.0,0.0,0.0,0.0,0.0,0.0,0.0,0.0,0.0,-0.5472970005462897,104.1632289035701,-192.5938583957652,-0.3283782003277338,0.0,0.0,0.0,0.0,0.0,439.5690521480647,-439.62378184811934,35.492254261426496,0.0,0.0,0.0,0.0,0.0,0.0,0.0,1000.0,1.313512801311095,1.313512801311095,0.0,0.0,0.0,0.0,636.2795118406768,0.004816213604811678,478.0173249641204,0.0,0.0,-964.6531078219188,0.0,0.0,0.0,0.0,0.0,0.0,0.0,0.0,0.0,0.0,0.0,0.0,0.0,0.0,379.17205127166,0.0,0.0,0.0,0.0,4.597294804588833,0.0,0.0,121.3171460963789,0.0,0.0,0.0,478.0173249641204,0.0,265.96406483999834,0.0,0.0,0.0,-0.5472970005462897,0.0,0.0,0.0,0.0,0.0,0.0,0.0,0.0,0.0,0.0,0.0,0.0,0.0,0.0,0.0,0.0,0.0,0.0,-0.004378376004370316,0.0,0.0,0.2189188002185158,-1000.0,0.0,0.0,0.0,0.0,104.1632289035701,0.0,0.0,0.0,0.37697817397628847,0.1094594001092579,0.0,0.0,0.0,0.004378376004370316,0.0,4.378376004370316,-1.3572965613547983,0.8756752008740634,0.03127411431693083,12.215669052193185,-0.003283782003277737,596.3516588979372,0.08756752008740633,-0.02189188002193987,-12.215669052193185,1.313512801311095,-0.004378376004370316,0.0,102.65033988701022,0.001094594001092579,0.03127411431693083,0.0,-121.67704860393798,-0.08756752008740633,-521.5058277627987,-0.004378376004370316,0.001094594001092579,-12.215669052193185,200.71268843941237,0.004378376004370316,0.004378376004370316,-478.00813037451127,-120.97519493043758,0.0,-0.003283782003277737,1.313512801311095,0.004378376004370316,501.02356382068376,497.5208630171875,-0.002189188002185158,-166.17450108798582,-0.4422159764414019,-0.003283782003277737,-0.004378376004370316,-1.3572965613547983,0.004378376004370316,0.4378376004370316,-0.08756752008740633,0.0,0.0,-0.43783760043703523,521.5058277627987,0.0,0.8756752008740633,0.006567564006555474,-120.63386174041807,0.4378376004370316,-229.84691333379487,102.65033988701022,-0.8756752008740633,0.002189188002185158,0.04378376004370317,105.06800895570426,299.35998152579094,-0.004378376004370316,-479.0024595651037,478.00813037451127,1.3572965613547983,0.004378376004370316,121.67704860393798,-602.5886131765824,102.65033988701022,-0.004378376004370316,-0.001094594001092579,-102.65033988701022,-0.004378376004370316,-1000.0,0.004378376004341895,-0.001094594001092579,-0.001094594001092579,-0.001094594001092579,1.7513504017481265,-497.5208630171875,0.04378376004370317,335.49588621482553,-0.001094594001092579,210.13601791140852,0.2189188002185158,239.3925579513977,0.004378376004370316,0.002189188002185158,0.002189188002185158,-0.3186069078429093,1.3572965613547983,0.004378376004370316,-1.3572965613547983,0.04378376004370317,0.004378376004370316,-1000.0,0.004378376004370316,0.017513504017500736,0.02189188002193987,0.002189188002185158,0.001094594001092579,1.313512801311095,-0.004378376004370316,0.0,0.043783760043703164,-670.9917724296511,596.242199497828,-0.4378376004370316,0.8756752008740633,0.2189188002185158,-0.004378376004370316,0.0,0.006567564006555474,-0.004378376004370316,0.6372138156858186,1.3572965613547983,173.52010396984772,0.002189188002185158,-478.7851159027954,-0.004378376004370316,-0.004378376004341895,-0.004378376004370316,0.002189188002185158,12.215669052193185,-0.8756752008740633,0.004378376004370316,210.13601791140852,-0.001094594001092579,120.97519493043758,-210.13601791140852,0.6567564006555474,0.4422159764414019,-545.6911385988755,12.215669052193185,-0.003283782003277737,479.0024595651037,-299.35998152579094,0.004378376004370316,-0.001094594001092579,0.21891880021851598,4.378376004370316,-0.002189188002185158,-0.004378376004370316,0.001094594001092579,1000.0,0.0,120.63167255241588,664.5041137851745,448.3774629513128,0.0,975.5723640799265,478.2505161926618,200.27485083897534,457.0560460011866,-1000.0,-871.5169748917752,0.0,-228.5280230005933,-224.1887314756564,500.0,-200.27485083897534,-239.1252580963309,-478.0173249641204,-38.52078382866966,0.0,871.5169748917752,-38.52078382866966,-975.5723640799265,788.861569828036,0.0,1496.5981,bhi
137,0.0,0.0,0.0,0.0,0.0,0.0,0.0,0.0,-0.05631590825490294,0.0,0.0,0.0,0.0,0.0,0.0,0.0,874.8439448705209,422.00601983080486,0.0,-1000.0,0.0,0.0,0.0,0.0,0.0,0.0,0.0,0.0,0.0,-214.0373150966529,112.62515653864273,-112.62515653864273,265.11179203702545,0.0,0.0,0.0,0.0,-24.108674330204423,0.0,-1000.0,983.1052275235292,0.0,0.0,690.0380671629431,0.0,0.0,0.0,0.0,-970.4274932556611,0.0,0.0,0.0,0.0,0.061947499080290694,0.0,0.0,0.0,11.263181650980588,0.0,0.0,164.87722078662904,0.0,457.25826107284234,0.0,0.0,0.0,0.0,0.0,529.3924718599806,0.0,0.0,0.5631590825490295,0.0,0.0,0.0,0.0,0.0,0.0,0.0,0.0,0.0,0.0,0.0,0.0,33.78954495294177,0.0,0.0,1000.0,-457.8968975619981,-479.48283794207117,459.65310555417744,0.0,0.0,0.0,16.894772476470884,0.0,16.894772476470884,0.0,0.0,0.0,0.0,2.815795412745147,-214.0373150966529,0.0,0.0,-341.3370879546119,582.4376161278017,0.0,0.0,0.0,0.0,0.0,0.0,0.0,0.0,0.0,0.0,0.0,0.0,0.0,0.0,0.0,0.0,0.0,-321.58575058909224,0.0,0.0,16.894772476470884,0.0,17.457931559019908,17.457931559019908,0.0,-703.1863753580625,703.1863753580625,0.0,0.0,-622.1354818594714,0.0,0.0,0.0,0.0,0.0,0.0,0.0,0.0,4.336324935627523,0.05631590825490294,459.66718453124116,0.0,0.0,-286.99096378358934,-1000.0,0.0,0.0,0.0,0.0,808.9891123533577,0.0,0.0,0.0,0.0,0.0,556.5394802064957,556.5394802064957,0.0,0.0,0.0,0.0,0.0,0.0,0.0,669.2209526533933,0.0,0.0,0.0,-1000.0,-803.5845795980605,0.0,0.0,0.0,0.0,0.0,0.0,0.0,0.0,0.0,0.0,0.0,0.0,0.0,0.0,-1000.0,0.0,0.0,0.0,0.0,0.0,0.0,0.0,937.3797355040692,-937.3797355040692,622.1354818594714,0.0,0.0,0.0,0.0,0.0,0.0,0.0,-9.06971113953063,0.0,0.0,0.0,0.0,0.0,0.0,0.0,0.0,0.0,0.0,0.0,0.0,0.0,0.0,303.88573626006024,309.62086348179326,0.0,0.0,0.0,0.0,-622.1354818594714,0.0,0.0,0.0,0.0,164.87722078662904,-380.41720368114983,112.62515653864273,0.0,0.0,0.0,0.0,0.0,0.0,0.0,473.47527880701574,0.0,0.0,0.0,395.27663306606735,-1000.0,966.9522422484081,0.0,-309.62086348179326,0.0,0.0,622.1354818594714,85.7793323529794,0.0,0.0,0.0,-231.82505832988716,0.0,0.0,-614.3595410484262,0.0,0.0,-614.3595410484262,0.0,0.0,479.48283794207117,0.0,329.81324859053524,0.0,0.0,192.03724714921898,0.0,0.0,0.0,-1000.0,0.0,1000.0,0.0,669.1083208368834,0.0,0.0,232.03081703365916,0.0,0.0,0.0,164.87722078662904,-0.08447386238235441,0.0,0.0,0.0,0.0,0.05631590825490294,0.0,0.0,0.0,509.6299487165134,874.8439448705209,0.0,-227.5580586364079,204.7962263984313,803.5845795980605,1000.0,0.0,1000.0,0.0,-341.3370879546119,0.0,0.0,0.0,556.4281982131106,-919.3218298340262,-637.1063683790844,-1000.0,-1000.0,0.0,0.0,0.0,0.0,0.0,0.0,0.0,0.0,0.0,0.0,0.0,0.0,0.0,0.0,0.0,0.0,0.0,873.0806688364672,0.0,896.9640795336533,0.0,0.0,359.0367500225676,261.55975946271496,0.0,0.0,-209.59555369488928,0.0,0.0,0.0,0.0,0.0,389.9293579740456,0.0,-133.59567514410264,0.0,0.0,0.0,-327.93821880124676,0.0,0.0,0.0,0.0,192.16128121476345,-1.4078977063725735,325.1224233885016,330.2074650163927,0.0,-751.4838322246492,-14.547517479096655,0.0,16.894772476470884,0.0,0.0,0.0,0.0,0.0,0.0,0.0,0.0,0.0,0.0,-669.9260936963688,0.0,0.0,0.0,0.0,0.0,0.0,0.0,0.0,-292.3810402862133,0.0,0.0,0.0,0.0,0.0,0.0,0.0,-417.5623838721983,0.11263181650979347,0.0,0.0,0.0,0.0,0.0,0.0,0.0,0.0,0.0,0.0,0.0,0.0,0.0,0.0,0.0,0.0,0.0,0.0,0.0,0.061947499080290694,0.061947499080290694,112.62515653864273,323.38539571364913,0.0,33.78954495294177,0.0,0.0,0.0,1000.0,0.0,0.0,0.0,0.0,0.0,182.77080565436233,-1000.0,0.0,0.0,0.0,0.0,0.0,0.0,0.0,0.0,0.0,0.0,0.0,0.0,0.0,107.19525019636409,-509.6299487165134,704.5533476557877,0.0,4.336324935627523,0.0,0.0,0.0,0.0,0.0,182.77080565436233,0.0,-234.791578217836,0.0,0.0,0.0,0.0,0.0,0.0,0.0,0.0,0.0,0.0,0.0,0.0,0.0,0.0,0.0,0.0,0.0,33.78954495294177,622.1354818594714,622.1354818594714,0.0,0.0,0.0,0.0,0.0,0.0,0.0,0.0,0.0,0.0,0.5631590825490295,0.0,112.62515653864273,0.0,0.0,112.62515653864273,0.0,0.0,0.0,16.894772476470884,0.0,0.0,0.0,0.0,0.0,0.0,0.0,0.0,0.0,0.0,968.4257369599484,0.0,0.0,16.894772476470884,16.894772476470884,1000.0,-1000.0,0.0,0.0,0.0,0.0,0.0,0.0,0.0,275.1562350788586,0.0,507.685242261932,0.05631590825490294,0.0,0.0,0.0,4.541475744270388,0.0,0.0,0.0,0.0,0.0,0.0,0.0,0.0,0.0,0.0,0.0,0.0,0.0,0.0,0.0,0.0,0.0,0.05631590825490294,0.0,0.0,0.0,697.4586563381368,-697.4586563381368,0.0,0.0,0.0,0.0,-850.5588036723217,1000.0,0.0,0.0,23.883410697186065,-4.223693119117721,-2.815795412745147,0.0,0.0,0.0,0.0,0.0,0.0,0.0,0.0,0.0,0.0,0.0,0.0,622.1354818594714,803.5845795980605,0.0,0.0,-748.668036811904,0.0,0.0,0.0,-0.05631590825490294,0.0,0.0,0.05631590825490294,0.0,0.05631590825490294,0.0,529.3924718599806,0.0,33.78954495294177,68.70540807098158,68.70540807098158,0.0,0.0,0.0,0.0,0.0,0.0,0.0,704.5533476557877,0.0,0.0,0.0,0.0,0.0,561.2769979138576,0.0,0.0,0.0,0.0,0.0,0.0,0.0,0.0,0.0,0.0,0.0,0.0,0.0,0.0,0.0,0.0,0.0,0.08447386238235441,0.0,0.0,0.0,-16.894772476470884,0.0,0.0,0.0,0.0,0.0,-323.38539571364913,2.815795412745147,0.0,0.0,0.0,0.0,0.0,0.0,0.0,0.0,0.0,0.0,0.0,0.0,0.0,0.0,622.1354818594714,0.0,0.0,1000.0,323.38539571364913,0.0,997.9697773923322,-341.3370879546119,0.0,640.9632499774324,0.0,-640.9632499774324,0.0,17.07392428199782,0.0,2.815795412745147,746.2067278584536,0.0,0.0,-112.62515653864273,-292.3810402862133,0.0,0.0,-593.7500000002833,593.7500000002833,0.0,-155.59089350911128,0.0,0.0,0.0,327.6090888327669,-336.0564750710024,68.70540807098158,0.0,0.0,0.0,112.62515653864273,0.0,0.0,0.0,0.0,0.0,473.47527880701574,0.0,0.0,0.0,-4.541475744270388,-896.9707973333517,0.0,16.894772476470884,0.0,0.0,0.0,0.0,-225.0659601699305,0.0,0.0,0.061947499080290694,0.0,0.0,0.0,34.35270403549079,0.0,0.0,0.0,0.0,303.88573626006024,0.0,582.4376161278017,0.0,0.0,0.0,0.0,0.0,0.0,0.0,0.0,0.005631590825490294,0.005631590825490294,0.0,0.0,0.0,0.0,0.0,0.0,0.0,0.0,0.0,0.0,112.62515653864273,0.0,0.0,0.0,0.0,323.38539571364913,0.0,0.0,0.0,0.0,0.0,0.0,0.0,0.0,0.0,0.0,0.0,0.0,-890.926354924085,1000.0,422.00601983080486,0.0,0.0,0.0,33.78954495294181,0.0,0.0,0.0,0.0,0.0,840.443503444819,-874.2330483977609,0.0,0.0,0.0,0.0,0.0,0.0,0.0,0.0,0.0,112.62515653864273,112.62515653864273,0.0,-507.685242261932,-938.8810800177944,599.8533950684662,0.0,-16.894772476470884,0.0,-24.108674330204423,0.0,0.0,0.0,0.0,0.0,0.0,0.0,0.0,0.0,0.0,0.0,0.0,0.0,0.0,0.0,0.0,0.0,-7.039488531862868,622.1354818594714,-4.223693119117721,893.1097798657422,0.0,0.0,0.0,0.0,0.0,0.0,-0.7039488531862867,292.3810402862133,0.0,0.0,0.0,0.0,0.0,0.0,0.0,1000.0,16.894772476470884,16.894772476470884,0.0,0.0,0.0,0.0,0.0,0.061947499080290694,323.38539571364913,0.0,0.0,24.108674330204423,0.0,0.0,0.0,0.0,0.0,0.0,0.0,0.0,0.0,0.0,0.0,0.0,0.0,0.0,264.6962359299903,0.0,0.0,17.457931559019908,0.0,59.1317036676481,4.336324935627523,0.0,0.0,0.0,0.0,0.0,323.38539571364913,0.0,356.22095460982246,0.0,0.0,0.0,-7.039488531862868,0.0,0.0,0.0,0.0,0.0,0.0,0.0,0.0,0.0,0.0,0.0,0.0,0.0,0.0,0.0,0.0,0.0,0.0,-0.05631590825490294,0.0,0.0,2.815795412745147,-182.77080565436233,0.0,0.0,0.0,0.0,622.1354818594714,0.0,0.0,0.0,-556.4281982131106,1.4078977063725735,0.0,0.0,0.0,0.05631590825490294,0.0,56.315908254902936,0.0,11.263181650980588,0.402256487535021,192.03724714921898,-0.042236931191177204,133.59567514410264,1.126318165098059,-0.2815795412732607,-192.03724714921898,16.894772476470884,-0.056315908254902944,113.77902931820395,0.0,0.014078977063725736,0.402256487535021,-341.3370879546119,-8.965492594178158,111.49883837354467,-296.8499647013258,-0.056315908254902944,0.014078977063725736,-192.03724714921898,769.9086162518165,0.056315908254902944,0.05631590825490294,-323.2671323063139,0.06194749908039324,0.0,-0.042236931191177204,16.894772476470884,0.056315908254902944,16.894772476470884,-28.15795412745147,-0.028157954127451472,-126.31493644413388,616.4475751257262,-0.042236931191177204,-0.056315908254902944,0.0,0.05631590825490294,5.631590825490294,-1.126318165098059,0.0,0.0,-5.631590825490321,296.8499647013258,0.0,11.263181650980588,0.08447386238235441,-1000.0,5.631590825490294,-107.19525019636409,0.0,-11.263181650980588,0.028157954127451472,0.5631590825490295,56.88951465910198,334.6485773646297,-0.05631590825490294,-336.0564750710024,323.2671323063139,17.457931559019908,0.056315908254902944,8.965492594178158,-831.8561153322096,0.0,-0.05631590825490294,-0.014078977063725736,0.0,-0.056315908254902944,-1000.0,0.056315908254902944,-0.014078977063725736,-0.014078977063725736,-0.014078977063725736,22.526363301961176,28.15795412745147,0.5631590825490295,41.72304852834793,-0.014078977063725736,0.0,2.815795412745147,211.59698734884432,0.05631590825490294,0.028157954127451472,0.028157954127451472,5.631590825490294,0.0,0.05631590825490294,0.0,0.5631590825490295,0.056315908254902944,-41.72304852834793,0.056315908254902944,0.22526363301835772,0.2815795412732607,0.028157954127451472,0.014078977063725736,16.894772476470884,-0.056315908254902944,0.0,-55.749419186772336,-83.44609705669586,132.18777743773006,-5.631590825490294,11.263181650980588,2.815795412745147,-0.056315908254902944,341.3370879546119,0.08447386238235441,-0.056315908254902944,-11.263181650980588,0.0,504.2746101820543,0.028157954127451472,-423.19397469768865,-0.056315908254902944,-0.056315908254902944,-0.056315908254902944,0.028157954127451472,192.03724714921898,-11.263181650980588,0.05631590825490294,113.77902931820395,-0.014078977063725736,-0.06194749908039324,-113.77902931820395,8.44738623823544,-616.4475751257262,177.34712859893108,192.03724714921898,-0.042236931191177204,336.0564750710024,-334.6485773646297,0.056315908254902944,-0.014078977063725732,2.815795412745147,56.315908254902936,-0.028157954127451472,-0.056315908254902944,0.014078977063725736,1000.0,0.0,999.9718420458726,0.0,-586.9582966743772,0.0,-329.2798502290177,-607.6934615640706,764.2770254263262,111.92795973829661,1000.0,-304.67961138752514,0.0,-55.963979869148304,293.4791483371886,-500.0,-764.2770254263262,303.8467307820353,-323.38539571364913,-279.20865001212377,0.0,304.67961138752514,-279.20865001212377,329.2798502290177,248.4723371388508,0.0,1496.5981,bhi
138,0.0,0.0,0.0,0.0,0.0,0.0,0.0,0.0,-0.0253625502899191,0.0,0.0,0.0,0.0,0.0,0.0,0.0,575.215622916109,-572.4448573282599,0.0,0.0,0.0,0.0,0.0,966.470708516727,0.0,0.0,0.0,0.0,0.0,-391.9683145137993,0.0,0.0,0.0,0.0,0.0,0.0,0.0,-531.6819875254339,0.0,464.6197188857062,867.4510436083737,0.0,-327.83736447534284,0.0,0.0,0.0,0.0,0.0,-511.08467287765257,0.0,0.0,0.0,0.0,0.027898805318891037,0.0,0.0,0.0,5.07251005798382,0.0,0.0,4.301631895138043,0.0,15.30404957687313,0.0,0.0,0.0,0.0,0.0,0.0,0.0,0.0,0.253625502899191,0.0,0.0,0.0,0.0,0.0,0.0,0.0,0.0,0.0,0.0,-866.6754515585732,0.0,15.21753017395146,0.0,0.0,405.61683270021877,147.4125692128701,-575.1775790906742,-0.006340637572479774,0.0,0.0,-945.6580637796926,7.60876508697573,0.0,132.54895639162632,-345.9705191645844,0.0,0.0,0.0,740.1620849288383,-1000.0,0.0,0.0,-57.65906805941392,645.6675470347939,0.0,0.0,0.0,0.0,0.0,0.0,0.0,0.0,0.0,0.0,0.0,0.0,0.0,0.0,0.0,0.0,0.0,-9.609844676568986,0.0,0.0,132.54895639162632,0.0,7.862390589874921,7.862390589874921,0.0,-1000.0,1000.0,0.0,0.0,-19.605681472011174,0.0,0.0,0.0,0.0,0.0,0.0,0.0,0.0,868.628367930897,0.025362550289919097,0.0,0.0,0.0,0.0,-645.6675470347939,0.0,0.0,866.6754515585732,0.0,468.39336076243495,0.0,0.0,0.0,0.0,0.0,426.6053260522487,426.6053260522487,0.0,0.0,0.0,0.0,0.0,0.0,0.0,426.6306886025386,0.0,0.0,0.0,-453.4890580217037,0.0,0.0,0.0,0.0,0.0,0.0,0.0,0.0,0.0,0.0,0.0,0.0,0.0,0.0,0.0,-1000.0,0.0,0.0,0.0,0.0,0.0,0.0,327.83736447534284,777.630475702091,-777.630475702091,19.605681472011174,0.0,0.0,0.0,0.0,0.0,0.0,608.0316854862007,-1000.0,0.0,0.0,0.0,0.0,0.0,0.0,0.0,0.0,0.0,0.0,0.0,0.0,0.0,342.54958774395664,-221.78349657357978,0.0,0.0,0.0,0.0,0.0,-19.605681472011174,0.0,0.0,0.0,0.0,4.301631895138043,0.0,0.0,0.0,0.0,0.0,0.0,0.0,0.0,0.0,0.0,0.0,124.9401913046506,0.0,0.0,-958.0552709645636,1000.0,0.0,0.0,0.0,0.0,19.605681472011174,30.942311353701303,0.0,0.0,0.0,-313.1071922604897,0.0,0.0,25.80059945144626,592.5368735137937,592.5368735137937,-566.7362740623474,0.0,0.0,925.043044914961,0.0,310.65345855126463,0.0,0.0,86.48629648862413,0.0,0.0,0.0,0.0,0.0,0.0,0.0,426.5799635019588,0.0,0.0,772.6808596014508,0.0,0.0,0.0,4.301631895138043,-0.03804382543487864,0.0,0.0,0.0,0.0,0.025362550289919097,0.0,0.0,0.0,867.4510436083737,575.215622916109,0.0,-38.439378706275946,-148.36284815536942,0.0,1000.0,0.0,0.0,0.0,-57.65906805941392,0.0,0.0,0.0,384.58605501206523,0.0,-384.58605501206523,-1000.0,-1000.0,0.0,0.0,0.0,0.0,0.0,0.0,0.0,0.0,0.0,0.0,0.0,0.0,0.0,0.0,0.0,0.0,0.0,-639.6029900301345,0.0,-1000.0,866.6754515585732,891.9775472941396,345.15384504524854,1000.0,0.0,0.0,-868.628367930897,0.0,0.0,0.0,0.0,738.8939574143424,0.0,0.0,0.0,0.0,0.0,-88.41385031065798,-1.268127514495955,-295.88154284658015,259.5471533012421,0.0,-870.7151062216672,448.8352550391641,-0.6340637572479775,0.0,0.0,0.0,334.1619422232959,0.0,218.17272263043503,132.54895639162635,0.0,0.0,0.0,0.0,0.0,0.0,187.5,-155.04958774395664,155.04958774395664,155.04958774395664,-313.65297141856456,0.0,0.0,0.0,0.0,0.0,608.0316854862007,0.0,0.0,-11.002417681735096,0.0,0.0,0.0,0.0,0.0,0.0,0.0,-354.33245296520613,0.05072510057985513,0.0,0.0,0.0,0.0,0.0,0.0,0.0,0.0,0.0,0.0,0.0,0.0,0.0,0.0,0.0,0.0,0.0,0.0,0.0,0.027898805318891037,0.027898805318891037,0.0,0.0,0.0,15.21753017395146,0.0,0.0,0.0,615.3452346601175,0.0,616.1277255219981,0.0,0.0,0.0,317.65383192902493,-615.3452346601175,0.0,0.0,0.0,0.0,0.0,0.0,0.0,0.0,0.0,0.0,0.0,0.0,0.0,3.203281558856329,-867.4510436083737,0.0,0.0,1.9529163723237692,0.0,0.0,-945.6580637796926,-945.6580637796926,0.0,317.65383192902493,0.0,-36.6786210361812,0.0,0.0,0.0,342.54958774395664,0.0,0.0,0.0,0.0,0.0,0.0,0.0,0.0,0.0,0.0,0.0,0.0,0.0,15.21753017395146,19.605681472011174,19.605681472011174,0.0,0.0,0.0,0.0,0.0,0.0,0.0,0.0,0.0,0.0,0.253625502899191,0.0,0.0,0.0,0.0,0.0,327.83736447534284,0.0,0.0,132.54895639162632,0.0,0.0,0.0,0.0,0.0,0.0,0.0,0.0,0.0,0.0,1000.0,207.07710081996981,0.0,7.60876508697573,7.60876508697573,535.7468959327052,-615.3452346601175,0.0,0.0,0.0,0.0,0.0,0.0,0.0,1000.0,608.0316854862007,705.392538652913,0.025362550289919097,0.0,0.0,0.0,2.0453085198084757,239.01431684637828,0.0,945.6580637796926,0.0,0.0,0.0,0.0,0.0,0.0,0.0,0.0,0.0,0.0,0.0,0.0,0.0,0.0,0.025362550289919097,0.0,0.0,0.0,0.0,0.0,0.0,0.0,0.0,891.9775472941396,0.0,0.0,0.0,-523.4745228856484,-360.3970099698655,-1.9021912717439324,0.0,-1.268127514495955,0.0,906.25,906.2499999999999,-906.25,0.0,0.0,0.0,0.0,0.0,0.0,0.0,19.605681472011174,0.0,0.0,0.0,553.6027923682269,0.0,0.0,0.0,-0.025362550289919097,0.0,0.0,0.025362550289919097,0.0,0.025362550289919097,0.0,0.0,0.0,15.21753017395146,30.942311353701303,30.942311353701303,0.0,0.0,0.0,0.0,0.0,0.0,0.0,0.0,0.0,608.0316854862007,0.0,0.0,0.0,386.7697705920272,0.0,0.0,0.0,0.0,0.0,0.0,0.0,0.0,0.0,0.0,0.0,0.0,0.0,0.0,0.0,0.0,0.0,0.03804382543487864,0.0,0.0,0.0,-132.54895639162632,0.0,0.0,0.0,0.0,0.0,0.0,1.268127514495955,0.0,0.0,0.0,0.0,0.0,937.4340630548653,-1.268127514495955,0.0,0.0,0.0,0.0,0.0,0.0,0.0,19.605681472011174,0.0,0.0,226.682782291981,-342.54958774395664,0.0,-461.0827852810549,181.35524878696435,0.0,68.80569512396835,523.4745228856484,-592.2802180096168,866.6754515585732,0.0,0.0,1.268127514495955,885.7011308634511,0.0,0.0,0.0,-11.002417681735096,0.0,0.0,-156.25000000019097,156.25000000019097,0.0,0.0,0.0,0.0,0.0,1.9021912717439324,-5.70657381523165,30.942311353701303,0.0,-321.4806694308456,-321.4806694308456,321.4806694308456,0.0,0.0,0.0,0.0,0.0,0.0,0.0,0.0,0.0,-2.0453085198084757,0.0,-327.83736447534284,7.60876508697573,0.0,0.0,0.0,0.0,-3.153645691041305,0.0,0.0,0.027898805318891037,0.0,0.0,0.0,15.471155676850652,0.0,0.0,0.0,0.0,-221.78349657357978,0.0,645.6675470347939,0.0,0.0,0.0,0.0,0.0,0.0,0.0,0.0,0.00253625502899191,0.00253625502899191,0.0,0.0,0.0,0.0,0.0,0.0,0.0,0.0,0.0,0.0,0.0,0.0,0.0,0.0,0.0,0.0,0.0,0.0,0.0,0.0,0.0,0.0,0.0,0.0,0.0,0.0,0.0,0.0,277.837395981173,1000.0,-572.4448573282599,0.0,0.0,0.0,15.21753017395146,0.0,0.0,0.0,0.0,0.0,0.0,-15.21753017395146,0.0,0.0,0.0,0.0,0.0,0.0,0.0,0.0,0.0,0.0,0.0,0.0,-705.392538652913,-1000.0,404.1431175406218,0.0,-132.54895639162632,0.0,360.29555976870574,0.0,0.0,0.0,0.0,0.0,0.0,0.0,0.0,0.0,453.12499999999994,0.0,-453.125,-453.12499999999994,0.0,0.0,0.0,0.0,-3.1703187862398874,19.605681472011174,-740.7961486860863,390.5741531355151,0.0,0.0,0.0,0.0,0.0,-0.31703187862398874,0.0,877.6778692403083,0.0,0.0,0.0,0.0,0.0,0.0,0.0,1000.0,7.60876508697573,7.60876508697573,0.0,0.0,0.0,0.0,0.0,0.027898805318891037,0.0,0.0,0.0,-360.29555976870574,0.0,0.0,0.0,0.0,0.0,0.0,0.0,0.0,0.0,0.0,0.0,0.0,0.0,0.0,0.0,0.0,0.0,7.862390589874921,0.0,26.630677804415054,1.9529163723237692,0.0,0.0,0.0,0.0,0.0,0.0,0.0,-938.2507371742012,0.0,0.0,0.0,-3.1703187862398874,0.0,0.0,0.0,0.0,0.0,0.0,0.0,0.0,0.0,0.0,0.0,0.0,0.0,0.0,0.0,0.0,0.0,0.0,-0.025362550289919097,0.0,0.0,1.268127514495955,-317.65383192902493,0.0,0.0,0.0,0.0,19.605681472011174,0.0,0.0,0.0,-384.58605501206523,0.6340637572479775,0.0,0.0,0.0,0.025362550289919097,0.0,25.362550289919096,0.0,5.07251005798382,0.18116107349942215,86.48629648862413,-0.01902191271743932,870.7151062216672,0.507251005798382,-0.12681275144967685,-86.48629648862413,7.60876508697573,-0.0253625502899191,19.219689353137973,0.0,0.006340637572479774,0.18116107349942215,-57.65906805941392,-4.037718006155597,-0.5072510057983664,-2.770765587849155,-0.0253625502899191,0.006340637572479775,-86.48629648862413,2.53625502899191,0.0253625502899191,0.025362550289919097,0.05326135560881014,0.02789880531891101,0.0,-0.01902191271743932,7.60876508697573,0.0253625502899191,132.54895639162632,112.25891615969104,-0.01268127514495955,-353.0752246436071,17.044063892729344,-0.01902191271743932,-0.0253625502899191,0.0,0.025362550289919097,2.53625502899191,-0.507251005798382,0.0,0.0,-2.53625502899191,2.770765587849155,0.0,5.07251005798382,0.03804382543487864,-1000.0,2.53625502899191,-3.203281558856329,0.0,-5.07251005798382,0.012681275144959548,0.253625502899191,9.609844676568986,-337.4770776859728,-0.025362550289919097,-5.70657381523165,-0.05326135560881014,7.862390589874921,0.0253625502899191,4.037718006155597,-155.37525165255363,0.0,-0.025362550289919097,-0.006340637572479774,0.0,-0.0253625502899191,-1000.0,0.025362550289919097,-0.006340637572479774,-0.006340637572479774,-0.006340637572479774,10.14502011596764,-112.25891615969104,0.253625502899191,18.790479446043662,-0.006340637572479775,0.0,1.268127514495955,178.434353997099,0.025362550289919097,0.012681275144959548,0.01268127514495955,2.53625502899191,0.0,0.025362550289919097,0.0,0.253625502899191,0.0253625502899191,-18.790479446043662,0.0253625502899191,0.10145020115971455,0.12681275144967685,0.01268127514495955,0.006340637572479775,7.60876508697573,-0.0253625502899191,0.0,0.2536255028991832,-37.580958892087324,870.0810424644192,-2.53625502899191,5.07251005798382,1.268127514495955,-0.0253625502899191,57.65906805941392,0.03804382543487864,-0.0253625502899191,-5.07251005798382,0.0,74.99390238602805,0.01268127514495955,-356.868707994198,-0.0253625502899191,-0.025362550289919097,-0.0253625502899191,0.01268127514495955,86.48629648862413,-5.07251005798382,0.025362550289919097,19.219689353137973,-0.006340637572479774,-0.02789880531891101,-19.219689353137973,3.804382543487864,-17.044063892729344,152.9573519960169,86.48629648862413,-0.01902191271743932,5.70657381523165,337.4770776859728,0.0253625502899191,-0.006340637572479775,1.268127514495955,25.362550289919096,-0.012681275144959548,-0.0253625502899191,0.006340637572479774,404.4364391409913,0.0,650.1218529005682,0.0,-1000.0,0.0,595.510750935614,180.79473642555715,0.0,-631.4707811525238,127.22521257361639,456.01027522307106,-349.86546582428684,315.7353905762619,500.0,-63.612606286808195,0.0,-90.39736821277857,0.0,-71.84025669498675,349.86546582428684,-456.01027522307106,-71.84025669498675,-595.510750935614,374.17487377958787,0.0,1496.5981,bhi
139,0.0,0.0,0.0,0.0,0.0,0.0,0.0,0.0,229.6576746911015,0.0,0.0,0.0,0.0,0.0,0.0,0.0,58.89773617074724,-422.0928262092205,0.0,940.8136623065549,0.0,0.0,0.0,0.0,0.0,0.0,0.0,0.0,0.0,706.8793383638744,65.77587301061668,-65.77587301061668,615.6106301060281,0.0,0.0,0.0,0.0,385.53225227101194,0.0,-1000.0,990.2245322134703,0.0,-525.3965985548809,0.0,0.0,0.0,953.6335824238216,0.0,-792.1227286933478,-88.64369929582153,0.0,0.0,0.0,0.03584338188391654,0.0,0.0,0.0,6.516978524353125,0.0,0.0,-33.404952099184584,0.0,931.8107267223518,442.418695087331,0.0,0.0,0.0,0.0,0.0,918.2402547808746,0.0,0.32584892621765627,0.0,0.0,0.0,0.0,0.0,0.0,0.0,0.0,0.0,0.0,0.0,0.0,19.550935573059377,0.0,160.60571139736768,1000.0,-573.5960952258791,306.8699650874123,-0.008146223155441407,0.0,0.0,0.0,9.775467786529688,0.0,9.775467786529688,0.0,0.0,0.0,0.0,1.6292446310882813,104.15264799388873,0.0,0.0,-383.6692437670308,0.0,0.0,0.0,0.0,0.0,0.0,0.0,0.0,0.0,0.0,0.0,0.0,0.0,0.0,0.0,0.0,0.0,0.0,-399.70914880015215,0.0,0.0,9.775467786529688,0.0,10.101316712747343,0.0,0.0,0.0,0.0,0.0,0.0,224.54849665013035,-562.4999999999857,562.4999999999857,-680.5355761859665,0.0,0.0,0.0,0.0,0.0,163.11474812924365,0.03258489262176563,0.0,0.0,0.0,0.0,-666.7284819231824,0.0,0.0,0.0,0.0,478.73160768448855,0.0,0.0,0.0,0.0,0.0,122.07921741351775,122.07921741351775,0.0,0.0,0.0,-968.75,215.78710634754066,0.0,0.0,187.8876753167562,0.0,0.0,0.0,-587.3766972404829,0.0,0.0,0.0,0.0,0.0,0.0,0.0,0.0,0.0,0.0,-521.3093553072434,0.0,0.0,0.0,0.0,-1000.0,0.0,0.0,0.0,0.0,0.0,88.64369929582153,525.3965985548809,266.72613013846683,-266.72613013846683,331.94379543144817,0.0,0.0,0.0,0.0,0.0,0.0,602.7266903699856,-1000.0,0.0,0.0,0.0,0.0,0.0,0.0,0.0,0.0,0.0,0.0,0.0,0.0,0.0,0.0,524.7760922816786,-499.05094439615476,0.0,0.0,0.0,0.0,-164.061658011958,0.0,0.0,0.0,0.0,-33.404952099184584,-499.05094439615476,65.77587301061668,0.0,0.0,0.0,0.0,0.0,0.0,0.0,66.82510655303692,0.0,0.0,0.0,365.7188239192269,-1000.0,1000.0,0.0,499.05094439615476,0.0,0.0,455.9870795358362,31.497804012536278,0.0,0.0,0.0,-503.5867040108777,0.0,0.0,-1000.0,0.0,0.0,-912.8587715248698,-87.14122847513009,87.14122847513009,-306.8699650874123,0.0,577.5696949291488,88.64369929582153,0.0,-76.97028700476407,0.0,0.0,0.0,-365.75603737892055,0.0,365.75603737892055,0.0,1000.0,124.04328410438791,0.0,-1000.0,-968.75,0.0,0.0,-33.404952099184584,-0.04887733893264844,0.0,0.0,0.0,0.0,0.03258489262176563,0.0,0.0,0.0,755.5172882409432,58.89773617074724,0.0,-255.77949584468723,743.1048160149387,0.0,1000.0,0.0,-26.71523320009146,0.0,-383.6692437670308,0.0,0.0,0.0,733.4823565454493,-706.7671233453578,0.0,-1000.0,-1000.0,0.0,0.0,0.0,0.0,0.0,0.0,0.0,0.0,0.0,0.0,0.0,0.0,0.0,0.0,0.0,0.0,0.0,159.41684075549813,0.0,-534.2771586531779,0.0,308.03140756717704,0.0,0.0,0.0,0.0,-164.16398167166392,0.0,0.0,0.0,211.02132321232543,0.0,0.0,0.0,894.8304869141413,0.0,706.7671233453578,0.0,-1.6292446310882813,0.0,-991.1847969277162,0.0,-898.8943598331163,0.0,-0.8146223155441407,0.0,-1000.0,0.0,459.91243226529565,0.0,314.5913597686914,9.775467786529688,0.0,0.0,0.0,0.0,0.0,229.69025958372328,0.0,0.0,0.0,0.0,89.44287603308442,0.0,0.0,-340.36104623676863,0.0,0.0,602.7266903699856,0.0,0.0,-201.58556093946996,0.0,0.0,0.0,0.0,0.0,0.0,0.0,-151.72785742803347,0.06516978524355302,0.0,0.0,0.0,0.0,0.0,0.0,0.0,0.0,0.0,794.1969706764867,0.0,0.0,0.0,0.0,0.0,0.0,0.0,0.0,0.0,0.03584338188391654,0.03584338188391654,65.77587301061668,145.34341087821355,0.0,19.550935573059377,0.0,0.0,0.0,1000.0,0.0,271.1324088798587,160.60571139736768,0.0,0.0,959.3821113802726,-1000.0,0.0,0.0,0.0,0.0,0.0,0.0,0.0,0.0,0.0,0.0,0.0,0.0,0.0,133.23638293338405,-755.5172882409432,666.7284819231824,2.4346282878867567,289.8114105229047,0.0,0.0,0.0,-167.88213741949016,0.0,959.3821113802726,0.0,0.0,807.6542539522391,0.0,0.0,0.0,0.0,0.0,0.0,0.0,0.0,0.0,0.0,0.0,0.0,0.0,0.0,0.0,0.0,19.550935573059377,455.9870795358362,455.9870795358362,0.0,0.0,0.0,0.0,0.0,0.0,0.0,0.0,0.0,0.0,0.32584892621765627,0.0,65.77587301061668,160.60571139736768,-160.60571139736768,65.77587301061668,525.3965985548809,0.0,0.0,9.775467786529688,0.0,0.0,0.0,126.69666239366104,2.4346282878867567,0.0,0.0,0.0,0.0,0.0,1000.0,404.6358222981044,0.0,9.775467786529688,9.775467786529688,656.1383918211086,-1000.0,0.0,0.0,0.0,0.0,0.0,0.0,0.0,895.8473520061112,602.7266903699856,885.7583761005969,0.03258489262176563,0.0,0.0,43.03300569170175,0.0,0.0,0.0,0.0,0.0,-124.04328410438791,0.0,0.0,0.0,0.0,0.0,0.0,0.0,0.0,0.0,0.0,0.0,0.0,0.03258489262176563,0.0,0.0,0.0,495.76442723022745,-495.76442723022745,0.0,0.0,0.0,308.03140756717704,0.0,425.951724156301,0.0,-590.1157058279649,-693.6939994086761,-2.443866946632422,0.0,-1.6292446310882813,0.0,0.0,0.0,0.0,0.0,0.0,0.0,0.0,0.0,0.0,0.0,455.9870795358362,0.0,0.0,0.0,776.1330366650753,0.0,0.0,0.0,229.6576746911015,0.0,0.0,0.03258489262176563,0.0,0.03258489262176563,0.0,0.0,0.0,19.550935573059377,39.75356899855406,39.75356899855406,0.0,0.0,0.0,0.0,0.0,0.0,0.0,666.7284819231824,0.0,602.7266903699856,0.0,0.0,736.2879158001833,0.0,0.0,0.0,0.0,0.0,0.0,0.0,0.0,0.0,0.0,0.0,0.0,0.0,0.0,167.88213741949016,0.0,0.0,0.0,0.04887733893264844,0.0,0.0,0.0,-9.775467786529688,0.0,0.0,0.0,0.0,0.0,-145.34341087821355,1.6292446310882813,0.0,0.0,0.0,968.75,-215.78710634754066,0.0,-1.6292446310882813,0.0,0.0,0.0,0.0,0.0,0.0,0.0,455.9870795358362,0.0,0.0,823.7928453263339,145.34341087821355,0.0,-339.7884966011708,-383.6692437670308,0.0,-164.16398167166392,590.1157058279649,-425.951724156301,0.0,-8.25576498601778,0.0,1.6292446310882813,1000.0,0.0,186.69118615894692,-65.77587301061668,-522.7969837342054,-437.5000000000091,437.5000000000091,0.0,0.0,0.0,0.0,0.0,0.0,0.0,624.5244375786514,-108.10281616467267,39.75356899855406,0.0,0.0,0.0,65.77587301061668,0.0,0.0,0.0,0.0,0.0,66.82510655303692,0.0,0.0,44.572195553438064,-837.2299763681884,-1000.0,-525.3965985548809,9.775467786529688,160.60571139736768,0.0,0.0,0.0,-301.86620856570244,0.0,0.0,0.03584338188391654,0.0,0.0,0.0,19.87678449927703,0.0,0.0,0.0,0.0,524.7760922816786,0.0,0.0,0.0,0.0,0.0,0.0,0.0,0.0,-810.6805079943452,0.0,0.003258489262176656,0.003258489262176656,0.0,0.0,0.0,0.0,0.0,0.0,0.0,0.0,0.0,43.03300569170175,65.77587301061668,0.0,0.0,0.0,0.0,145.34341087821355,0.0,0.0,0.0,0.0,0.0,0.0,0.0,88.64369929582153,0.0,0.0,0.0,321.21142279473537,369.4526994387315,1000.0,-422.0928262092205,0.0,0.0,0.0,19.550935573059377,0.0,0.0,0.0,0.0,0.0,0.0,-19.550935573059377,0.0,321.21142279473537,0.0,0.0,0.0,0.0,0.0,0.0,0.0,65.77587301061668,65.77587301061668,0.0,-885.7583761005969,0.0,758.6085672460928,0.0,-9.775467786529688,0.0,693.563659838189,0.0,0.0,0.0,0.0,0.0,0.0,0.0,0.0,0.0,0.0,0.0,0.0,0.0,0.0,0.0,0.0,0.0,-4.073111577720703,455.9870795358362,-2.443866946632422,841.9468650182238,0.0,0.0,0.0,0.0,0.0,-0.40731115777207033,0.0,201.58556093946996,0.0,0.0,0.0,0.0,0.0,0.0,0.0,1000.0,9.775467786529688,9.775467786529688,0.0,0.0,0.0,0.0,0.0,0.03584338188391654,145.34341087821355,0.0,0.0,-693.563659838189,0.0,0.0,0.0,0.0,0.0,0.0,0.0,0.0,0.0,0.0,0.0,0.0,0.0,0.0,0.0,0.0,0.0,0.0,0.0,34.21413725285391,0.0,0.0,163.11474812924365,0.0,0.0,0.0,145.34341087821355,0.0,0.0,0.0,0.0,0.0,-4.073111577720703,0.0,0.0,0.0,0.0,0.0,0.0,0.0,0.0,0.0,0.0,0.0,0.0,0.0,0.0,0.0,0.0,0.0,0.0,-0.03258489262176563,0.0,0.0,1.6292446310882813,-959.3821113802726,0.0,0.0,0.0,0.0,455.9870795358361,0.0,0.0,0.0,-733.4823565454493,0.8146223155441407,0.0,0.0,0.0,0.03258489262176563,0.0,32.584892621765626,-10.101316712747343,6.516978524353125,0.2327492330126116,90.91185041472609,-0.02443866946632422,1.629244631088227,0.6516978524353125,-0.1629244631088465,-90.91185041472609,9.775467786529688,-0.03258489262176563,127.88974792234362,0.0,0.008146223155441407,0.2327492330126116,-383.6692437670308,-165.7932263027522,65.12417515818136,-577.6185722680816,-0.03258489262176563,0.008146223155441407,-90.91185041472609,3.2584892621765627,0.03258489262176563,0.03258489262176563,-145.27498260370785,-160.56986801548373,0.0,-0.02443866946632422,9.775467786529688,0.03258489262176563,9.775467786529688,-16.292446310882813,-0.016292446310882815,288.6068798495731,160.77058385715966,-0.02443866946632422,-0.03258489262176563,-10.101316712747343,0.03258489262176563,3.2584892621765627,-0.6516978524353125,167.88213741949016,167.88213741949016,-3.2584892621765627,577.6185722680816,-167.88213741949016,6.516978524353125,0.04887733893264844,-1000.0,3.2584892621765627,-133.23638293338405,0.0,-6.516978524353125,0.016292446310882815,0.32584892621765627,63.94487396117181,151.86038940256668,-0.03258489262176563,-152.67501171811074,145.27498260370785,10.101316712747343,0.03258489262176563,165.7932263027522,-39.1018711461187,0.0,-0.03258489262176563,-0.008146223155441407,0.0,-0.03258489262176563,-151.72785742803347,0.03258489262165194,-0.008146223155441407,-0.008146223155441407,-0.008146223155441407,13.03395704870625,16.292446310882813,0.32584892621765627,24.141332321149918,-0.008146223155441407,0.0,1.6292446310882813,77.49317334510502,0.03258489262176563,0.016292446310882815,0.016292446310882815,-58.763152790017394,10.101316712747343,0.03258489262176563,-10.101316712747343,0.32584892621765627,0.03258489262176563,-24.141332321149918,0.03258489262176563,0.1303395704870809,0.1629244631088465,0.016292446310882815,0.008146223155441407,9.775467786529688,-0.03258489262176563,0.0,-32.56208757909068,-48.282664642299835,0.8146223155441952,-3.2584892621765627,6.516978524353125,1.6292446310882813,-0.03258489262176563,383.6692437670308,0.04887733893264844,-0.03258489262176563,117.52630558003479,10.101316712747343,491.7825458517593,0.016292446310882815,-154.98634669021004,-0.03258489262176563,-0.03258489262165194,-0.03258489262176563,0.016292446310882815,90.91185041472609,-6.516978524353125,0.03258489262176563,127.88974792234362,-0.008146223155441407,160.56986801548373,-127.88974792234362,4.887733893264843,-160.77058385715966,425.37931257825693,90.91185041472609,-0.02443866946632422,152.67501171811074,-151.86038940256668,0.03258489262176563,-0.008146223155441407,212.6505678434137,32.584892621765626,-0.016292446310882815,-0.03258489262176563,0.008146223155441407,1000.0,0.0,999.9837075536891,0.0,532.4335079740936,0.0,0.189151132331574,-1000.0,0.0,-1000.0,287.70938920959327,1000.0,0.0,500.0,-266.2167539870468,-143.85469460479663,0.0,500.0,-145.34341087821355,-189.9163372860569,0.0,-1000.0,-189.9163372860569,-0.189151132331574,18.016266508136855,0.0,1496.5981,bhi
140,0.0,0.0,0.0,0.0,0.0,0.0,0.0,0.0,-0.05237667795297905,0.0,0.0,0.0,0.0,0.0,0.0,0.0,386.5136278851285,1000.0,0.0,-724.4764337347759,0.0,0.0,0.0,426.33195636891185,0.0,0.0,0.0,0.0,0.0,-577.35053392294,0.0,0.0,0.0,0.0,0.0,0.0,0.0,78.26014932175994,0.0,-1000.0,1000.0,0.0,0.0,0.0,0.0,0.0,0.0,0.0,-48.55082203548109,0.0,0.0,0.0,0.0,0.057614345748447704,0.0,0.0,0.0,10.47533559059581,0.0,0.0,23.23104950005336,0.0,513.4771494541626,0.0,0.0,0.0,0.0,0.0,744.1818490077166,-744.1818490077166,0.0,0.5237667795297906,0.0,0.0,0.0,0.0,0.0,0.0,0.0,0.0,0.0,0.0,0.0,0.0,31.42600677178743,0.0,151.05904404629257,232.3757428114045,1000.0,-908.3013545106993,77.74005396625476,0.0,0.0,-394.77556047822577,15.713003385893716,0.0,15.713003385893716,0.0,0.0,0.0,0.0,2.6188338976489525,-901.9181467264099,0.0,0.0,-187.2317456050208,623.2853424555576,0.0,0.0,0.0,0.0,0.0,0.0,0.0,0.0,0.0,0.0,0.0,0.0,0.0,0.0,0.0,0.0,0.0,-827.5769650384332,0.0,0.0,15.713003385893716,0.0,16.236770165423504,16.236770165423504,0.0,-1000.0,1000.0,0.0,0.0,-536.708198954216,-687.5000000000002,687.5000000000002,0.0,0.0,0.0,0.0,0.0,0.0,155.09204824867197,0.05237667795297905,77.753148135743,0.0,0.0,-825.6605071236456,-257.3369650035329,0.0,0.0,0.0,0.0,346.92219750272375,0.0,0.0,0.0,0.0,0.0,999.947623322047,999.947623322047,0.0,0.0,0.0,0.0,0.0,0.0,0.0,1000.0,0.0,0.0,0.0,-744.7147117062102,-841.4472477159435,0.0,0.0,0.0,0.0,0.0,0.0,0.0,0.0,0.0,0.0,0.0,0.0,0.0,0.0,-1000.0,0.0,0.0,0.0,0.0,0.0,0.0,0.0,-91.6986454893007,91.6986454893007,536.708198954216,0.0,0.0,0.0,0.0,0.0,0.0,324.56761280346984,-1000.0,0.0,0.0,0.0,0.0,0.0,0.0,0.0,0.0,0.0,0.0,0.0,0.0,0.0,39.01671055296924,100.96164184747298,239.38772807329258,0.0,0.0,0.0,0.0,-367.5373562829784,0.0,0.0,0.0,0.0,23.23104950005336,239.38772807329258,0.0,0.0,387.09978090918753,0.0,0.0,0.0,0.0,0.0,882.7667605341952,0.0,0.0,0.0,-869.0670017924723,222.6316436968284,92.12627528662271,0.0,-239.38772807329258,0.0,0.0,536.708198954216,-28.22672818398827,0.0,0.0,0.0,-421.99475760264784,0.0,0.0,-1000.0,-999.9999999999995,0.0,0.0,0.0,999.9999999999995,908.3013545106993,0.0,0.0,0.0,0.0,9.433629148421119,0.0,0.0,0.0,-472.2290549168562,0.0,472.2290549168562,0.0,1000.0,0.0,0.0,0.0,0.0,0.0,0.0,23.23104950005336,-0.07856501692946857,0.0,0.0,0.0,0.0,0.05237667795297905,0.0,0.0,0.0,-67.65060659132632,386.5136278851285,0.0,-124.82116373668052,-319.78421393888215,841.4472477159435,786.6980090049996,0.0,748.6914809794682,0.0,-187.2317456050208,0.0,0.0,0.0,-4.509631971751666,-744.1818490077166,0.0,-1000.0,-1000.0,0.0,0.0,0.0,0.0,0.0,0.0,0.0,0.0,0.0,0.0,0.0,0.0,0.0,0.0,0.0,0.0,387.09978090918753,-921.5303439664278,0.0,-1000.0,0.0,0.0,881.0802315041085,686.7516619948517,0.0,175.3853231875597,-771.5230242775361,0.0,0.0,0.0,0.0,0.0,0.0,1000.0,-345.9946648950748,0.0,0.0,0.0,187.6457184575843,0.0,-70.52519686368629,-1000.0,0.0,1000.0,-1.3094169488244762,-190.26455235523326,0.0,0.0,-8.33214442355119,386.58356326013956,-774.5614813508472,15.713003385893716,0.0,0.0,0.0,0.0,0.0,0.0,0.0,-39.01671055296924,39.01671055296924,39.01671055296924,-758.4932957513583,0.0,0.0,-453.2818854947837,0.0,0.0,324.56761280346984,0.0,0.0,-188.1280118615241,0.0,0.0,229.0149943808941,0.0,0.0,0.0,0.0,-374.46349121004164,0.10475335590594655,0.0,0.0,0.0,0.0,0.0,0.0,0.0,0.0,0.0,0.0,0.0,0.0,0.0,0.0,0.0,0.0,0.0,0.0,0.0,0.057614345748447704,0.057614345748447704,0.0,28.129180850804342,0.0,31.42600677178743,0.0,0.0,0.0,1000.0,0.0,0.0,151.05904404629257,0.0,0.0,265.38559009339474,-1000.0,0.0,0.0,0.0,0.0,0.0,229.0149943808941,0.0,0.0,0.0,0.0,0.0,0.0,0.0,275.8589883461444,67.65060659132632,459.71212967162086,0.0,155.09204824867197,0.0,0.0,-394.77556047822577,-563.9464031494632,0.0,265.38559009339474,0.0,-929.1180992190181,820.0401981023713,-187.50000000000017,187.50000000000017,39.01671055296924,0.0,0.0,0.0,0.0,0.0,0.0,0.0,0.0,0.0,0.0,0.0,0.0,0.0,31.42600677178743,536.708198954216,536.708198954216,0.0,0.0,0.0,0.0,0.0,0.0,0.0,0.0,0.0,0.0,0.5237667795297906,0.0,0.0,151.05904404629257,-151.05904404629257,0.0,0.0,0.0,0.0,15.713003385893716,0.0,0.0,0.0,0.0,0.0,0.0,0.0,0.0,0.0,0.0,403.4476493361275,0.0,0.0,15.713003385893716,15.713003385893716,442.68970933690264,-1000.0,0.0,229.0149943808941,0.0,0.0,0.0,0.0,0.0,901.9181467264099,324.56761280346984,1000.0,0.05237667795297905,0.0,0.0,0.0,4.2238049577795245,0.0,0.0,394.77556047822577,0.0,0.0,0.0,0.0,0.0,0.0,0.0,0.0,0.0,0.0,0.0,0.0,0.0,0.0,0.05237667795297905,0.0,0.0,0.0,0.0,0.0,0.0,0.0,0.0,0.0,-330.53913515692136,1000.0,0.0,0.0,-638.3733136500784,-3.928250846473361,0.0,-2.6188338976489547,0.0,0.0,0.0,0.0,0.0,0.0,0.0,0.0,0.0,0.0,0.0,536.708198954216,841.4472477159435,0.0,0.0,-780.2747918767494,0.0,0.0,0.0,-0.05237667795297905,0.0,0.0,0.05237667795297905,0.0,0.05237667795297905,0.0,0.0,0.0,31.42600677178743,63.89954710263444,63.89954710263444,0.0,0.0,0.0,0.0,0.0,0.0,0.0,459.71212967162086,0.0,324.56761280346984,0.0,0.0,0.0,0.0,0.0,0.0,0.0,0.0,0.0,0.0,0.0,0.0,0.0,0.0,0.0,0.0,0.0,169.17084267123744,0.0,0.0,0.0,0.07856501692946857,0.0,0.0,0.0,-15.713003385893716,0.0,0.0,0.0,0.0,0.0,-28.129180850804342,2.6188338976489525,0.0,0.0,0.0,0.0,0.0,881.0802315041085,-2.6188338976489547,0.0,0.0,0.0,0.0,0.0,0.0,0.0,536.708198954216,0.0,0.0,0.0,-10.887529702164901,0.0,-550.763205918975,-187.2317456050208,559.9036576165063,440.0963423834937,0.0,-1000.0,0.0,-92.12627528662271,0.0,2.6188338976489547,1000.0,0.0,0.0,0.0,-490.24609995410924,0.0,0.0,1000.0,-1000.0,0.0,-266.33578450533105,0.0,0.0,0.0,0.0,-7.856501692946864,63.89954710263444,0.0,0.0,0.0,0.0,0.0,0.0,0.0,0.0,0.0,882.7667605341952,0.0,0.0,32.05743169727771,-4.2238049577795245,-107.73200723722317,0.0,15.713003385893716,151.05904404629257,0.0,0.0,0.0,-314.5573259591639,0.0,0.0,0.057614345748447704,0.0,0.0,0.0,31.94977355131722,0.0,0.0,0.0,0.0,100.96164184747298,0.0,623.2853424555576,0.0,0.0,0.0,0.0,0.0,0.0,0.0,0.0,0.005237667795297905,0.005237667795297905,0.0,0.0,0.0,0.0,0.0,0.0,0.0,0.0,0.0,0.0,0.0,0.0,0.0,0.0,0.0,28.129180850804342,0.0,0.0,0.0,0.0,0.0,0.0,0.0,0.0,0.0,0.0,0.0,302.11808809258514,0.0,0.0,1000.0,0.0,0.0,0.0,31.426006771787456,0.0,0.0,0.0,0.0,0.0,968.5739932282125,-1000.0,0.0,302.11808809258514,0.0,0.0,0.0,0.0,0.0,0.0,0.0,0.0,0.0,0.0,-1000.0,-1000.0,35.87802439779066,706.9706696288432,-722.6836730147369,0.0,78.26014932175994,0.0,0.0,0.0,0.0,0.0,0.0,0.0,0.0,0.0,140.62500000000003,0.0,-140.62500000000003,-140.62500000000003,0.0,0.0,0.0,0.0,-6.547084744122316,536.708198954216,-3.928250846473361,3.928250846473438,0.0,0.0,0.0,0.0,0.0,-0.6547084744122382,0.0,188.1280118615241,0.0,0.0,0.0,0.0,0.0,0.0,0.0,1000.0,15.713003385893716,15.713003385893716,0.0,0.0,0.0,0.0,0.0,0.057614345748447704,28.129180850804342,0.0,0.0,-78.26014932175994,0.0,0.0,0.0,0.0,0.0,0.0,0.0,0.0,0.0,0.0,0.0,0.0,0.0,0.0,0.0,0.0,0.0,16.236770165423504,0.0,54.995511850628006,155.09204824867197,0.0,0.0,0.0,0.0,0.0,28.129180850804342,0.0,0.0,0.0,0.0,0.0,-6.547084744122316,0.0,0.0,0.0,0.0,0.0,0.0,0.0,0.0,0.0,0.0,0.0,0.0,0.0,0.0,0.0,0.0,0.0,0.0,-0.05237667795297905,0.0,0.0,2.6188338976489525,-265.38559009339474,0.0,0.0,0.0,0.0,536.708198954216,0.0,0.0,0.0,4.509631971751666,1.3094169488244762,0.0,0.0,0.0,0.05237667795297905,0.0,52.376677952979044,0.0,10.47533559059581,0.37411912823556465,178.60447181965853,-0.039282508464734286,345.9946648950748,1.0475335590595811,-0.26188338976524506,-178.60447181965853,15.713003385893716,-0.05237667795297905,62.410581868340266,229.0149943808941,0.013094169488244763,0.37411912823556465,-187.2317456050208,-159.39741117640764,-1.0475335590595811,-662.0371941503527,-0.052376677952979026,0.013094169488244763,-178.60447181965853,5.237667795297905,0.05237667795297905,0.05237667795297905,-28.019189827102917,-151.0014297005443,0.0,-0.039282508464734286,15.713003385893716,0.05237667795297905,15.713003385893716,-26.188338976489526,-0.026188338976489527,27.541293707317834,362.24731180972753,-0.039282508464734286,-0.05237667795297905,0.0,0.05237667795297905,5.237667795297905,-1.0475335590595811,169.17084267123744,169.17084267123744,-5.237667795297905,662.0371941503527,-169.17084267123744,10.47533559059581,0.07856501692946857,-1000.0,5.237667795297905,-275.8589883461444,229.0149943808941,-10.47533559059581,0.026188338976489523,0.5237667795297906,31.20529093417013,-0.41219411156909125,-0.05237667795297905,-39.91393339022457,28.019189827102917,16.236770165423504,0.05237667795297905,159.39741117640764,166.16298083731922,229.0149943808941,-0.05237667795297905,-0.013094169488244763,-229.0149943808941,-0.05237667795297905,-997.7488336655992,0.05237667795256584,-0.013094169488244763,-0.013094169488244763,-0.013094169488244763,20.95067118119162,26.188338976489526,0.5237667795297906,212.40492635340038,-0.013094169488244762,0.0,2.6188338976489525,189.85057950266977,0.05237667795297905,0.026188338976489527,0.026188338976489527,119.74516498574496,0.0,0.05237667795297905,0.0,0.5237667795297906,0.05237667795297905,-559.6056365033726,0.05237667795297905,0.20950671181222447,0.26188338976524506,0.026188338976489527,0.013094169488244763,15.713003385893716,-0.05237667795297905,0.0,0.5237667795297906,-424.80985270680077,344.6852479462503,-5.237667795297905,10.47533559059581,2.6188338976489525,-0.05237667795297905,187.2317456050208,0.07856501692946857,-0.05237667795297905,-239.49032997148993,0.0,492.413915008267,0.026188338976489527,-379.70115900533955,-0.05237667795297905,-0.05237667795256584,-0.05237667795297905,0.026188338976489527,178.60447181965853,-10.47533559059581,0.05237667795297905,62.41058186834026,-0.013094169488244763,151.0014297005443,-62.41058186834026,7.856501692946856,-362.24731180972753,447.35848711287855,178.60447181965853,-0.039282508464734286,39.91393339022457,0.41219411156909125,0.052376677952979026,-0.01309416948824476,2.6188338976489547,52.376677952979044,-0.026188338976489527,-0.05237667795297905,0.013094169488244763,1000.0,0.0,999.9738116610235,347.2007101499722,-1000.0,0.0,-4.679073562859799,-188.38927018778182,0.0,-1000.0,935.2497057657833,1000.0,0.0,500.0,500.0,-467.6248528828917,0.0,94.19463509389091,-28.129180850804342,-177.8565890491031,0.0,-1000.0,-177.8565890491031,4.679073562859799,-88.03986109773847,0.0,1496.5981,bhi
141,0.0,0.0,0.0,0.0,0.0,0.0,0.0,0.0,-0.07939823091525353,0.0,0.0,0.0,0.0,0.0,0.0,0.0,744.1639940142014,-360.8004974956155,0.0,69.47606921255723,0.0,0.0,0.0,0.0,0.0,733.6749833224674,0.0,0.0,0.0,-420.3414154578952,142.6072700193788,-142.6072700193788,0.0,0.0,0.0,0.0,0.0,8.062308819693943,0.0,-1000.0,277.5892559503211,0.0,-612.0079391333226,300.7001334612649,0.0,0.0,0.0,0.0,-1000.0,0.0,0.0,0.0,0.0,0.08733805400677887,0.0,0.0,0.0,15.879646183050703,0.0,0.0,2.104328581449778,0.0,-165.46289400295805,-353.9653349784039,0.0,0.0,0.0,0.0,277.43155450364907,0.0,0.0,0.7939823091525352,0.0,0.0,0.0,0.0,0.0,0.0,0.0,0.0,0.0,0.0,0.0,0.0,47.63893854915211,0.0,0.0,1000.0,1000.0,-498.29715233706116,-0.019849557728813378,0.0,0.0,0.0,23.819469274576054,0.0,221.03673556260466,0.0,0.0,0.0,0.0,3.9699115457626757,-1000.0,0.0,0.0,-178.91187128172567,0.0,0.0,0.0,0.0,0.0,0.0,0.0,0.0,0.0,0.0,0.0,0.0,0.0,0.0,0.0,0.0,0.0,0.0,-795.2750118548704,0.0,0.0,221.03673556260466,0.0,24.61345158372859,14.157016092913793,0.0,-142.60727001937877,142.60727001937877,0.0,0.0,-190.60676955689564,0.0,0.0,0.0,0.0,0.0,0.0,0.0,0.0,6.113663780474517,0.07939823091525353,0.0,0.0,0.0,0.0,0.0,0.0,0.0,0.0,0.0,494.72700290325224,0.0,0.0,0.0,0.0,0.0,857.313331749706,857.313331749706,0.0,0.0,0.0,-31.25,13.073469406166168,0.0,0.0,1000.0,0.0,0.0,0.0,0.0,-910.8012378188718,0.0,0.0,0.0,0.0,0.0,0.0,0.0,0.0,0.0,0.0,0.0,0.0,0.0,0.0,-1000.0,0.0,0.0,0.0,0.0,0.0,0.0,612.0079391333226,-501.70284766293884,501.70284766293884,0.0,0.0,0.0,0.0,0.0,0.0,0.0,579.6585845421048,-1000.0,0.0,0.0,0.0,0.0,0.0,0.0,0.0,0.0,0.0,0.0,0.0,0.0,0.0,0.0,-547.6692979670222,64.16948231037134,0.0,0.0,0.0,0.0,0.0,0.0,0.0,0.0,0.0,2.104328581449778,-236.53065115089356,142.6072700193788,0.0,0.0,0.0,0.0,0.0,0.0,0.0,834.9760495039768,0.0,197.2172662880286,0.0,28.562630464134713,918.257538993751,110.30509147038373,0.0,-64.16948231037134,0.0,0.0,190.60676955689564,849.2941104272653,0.0,0.0,0.0,-373.0542364741973,0.0,0.0,109.30043151366476,0.0,0.0,0.0,109.30043151366476,-109.30043151366476,498.29715233706116,0.0,-793.0272759459971,0.0,0.0,249.8350964393849,0.0,0.0,0.0,253.42602490810918,0.0,-253.42602490810918,0.0,1000.0,190.60676955689564,0.0,-1000.0,-31.25,0.0,0.0,2.104328581449778,-0.11909734637288026,0.0,0.0,0.0,0.0,0.07939823091525353,0.0,0.0,0.0,-56.01278506658147,744.1639940142014,0.0,-119.27458085448377,-263.04728237309865,910.8012378188718,498.6259915129258,0.0,1000.0,0.0,-178.91187128172567,0.0,0.0,0.0,-6.836187681803326,-296.7393881811129,-696.4244241370837,-1000.0,-1000.0,0.0,0.0,0.0,0.0,0.0,0.0,0.0,0.0,0.0,0.0,0.0,0.0,0.0,0.0,0.0,0.0,0.0,-1000.0,0.0,-977.3156499653173,0.0,0.0,689.8121564491278,827.7496230181478,0.0,0.0,-698.4824432650726,0.0,0.0,0.0,891.8789539905267,0.0,0.0,968.75,0.0,255.3081661855634,19.307833677463805,-530.9771103127658,-3.9699115457626757,697.6357522191681,-1000.0,-968.75,-417.84472305483655,1000.0,-257.2931219584448,0.0,-1000.0,0.0,424.26774983704775,825.4750995898546,0.0,221.03673556260466,0.0,0.0,0.0,0.0,0.0,0.0,0.0,0.0,0.0,0.0,-247.0882379591327,0.0,0.0,-0.15879646183050705,0.0,0.0,579.6585845421048,0.0,0.0,-186.3981123939961,0.0,0.0,0.0,0.0,0.0,0.0,0.0,-768.7060335296269,0.15879646183048954,0.0,0.0,0.0,0.0,0.0,0.0,0.0,0.0,0.0,86.82478494675343,0.0,0.0,0.0,0.0,0.0,0.0,0.0,0.0,0.0,0.08733805400677887,0.08733805400677887,142.6072700193788,111.91393340133881,0.0,47.63893854915211,0.0,0.0,0.0,1000.0,0.0,0.0,0.0,0.0,0.0,1000.0,-1000.0,0.0,0.0,0.0,0.0,0.0,0.0,0.0,0.0,0.0,0.0,0.0,0.0,0.0,265.09167061829015,56.01278506658147,0.0,0.0,192.81933769221018,0.0,0.0,0.0,0.0,0.0,865.3882422951705,0.0,819.0390147431171,-587.745048272744,0.0,0.0,0.0,0.0,0.0,0.0,0.0,0.0,0.0,0.0,0.0,0.0,0.0,0.0,0.0,0.0,47.63893854915211,190.60676955689564,190.60676955689564,0.0,0.0,0.0,0.0,0.0,0.0,0.0,0.0,0.0,0.0,0.7939823091525352,0.0,142.6072700193788,0.0,0.0,142.6072700193788,612.0079391333226,0.0,0.0,221.03673556260466,0.0,0.0,0.0,186.70567391173566,0.0,0.0,0.0,0.0,0.0,0.0,1000.0,0.0,0.0,23.819469274576054,23.819469274576054,-9.924778864406688,-1000.0,0.0,0.0,0.0,0.0,0.0,0.0,0.0,1000.0,579.6585845421048,825.4523815965706,0.07939823091525353,0.0,0.0,0.0,48.228642156353544,165.8384018755595,0.0,0.0,0.0,-190.60676955689564,0.0,0.0,0.0,0.0,10.354750592679196,0.0,0.0,0.0,0.0,0.0,0.0,0.0,0.07939823091525353,0.0,0.0,0.0,-1000.0,1000.0,0.0,0.0,0.0,0.0,-406.31155763126696,397.6412708153222,0.0,0.0,22.68435003468269,-5.9548673186440135,-3.969911545762675,0.0,0.0,-218.74999999999997,-218.74999999999997,218.75000000000003,0.0,0.0,0.0,0.0,0.0,0.0,0.0,190.60676955689564,910.8012378188718,0.0,0.0,428.2376613828104,0.0,0.0,0.0,-0.07939823091525353,0.0,0.0,0.07939823091525353,0.0,0.07939823091525353,31.064251778037587,0.0,0.0,47.63893854915211,96.8658417166093,96.8658417166093,0.0,0.0,0.0,0.0,0.0,0.0,0.0,0.0,0.0,579.6585845421048,0.0,0.0,0.0,0.0,0.0,0.0,0.0,0.0,0.0,0.0,0.0,0.0,0.0,0.0,0.0,0.0,0.0,0.0,0.0,-766.1734981819942,766.1734981819942,0.11909734637288026,0.0,0.0,0.0,-221.03673556260466,0.0,0.0,0.0,0.0,0.0,-111.91393340133881,3.9699115457626757,0.0,0.0,0.0,31.250000000000004,-13.073469406166168,292.1708856338056,0.0,0.0,0.0,0.0,0.0,0.0,0.0,0.0,190.60676955689564,0.0,0.0,1000.0,111.91393340133881,0.0,-1000.0,-13.073469406166168,0.0,0.0,0.0,0.0,0.0,752.428268710656,0.0,3.969911545762675,466.0363790345323,0.0,0.0,-142.6072700193788,-186.3981123939961,0.0,0.0,323.3079023281159,-323.3079023281159,0.0,0.0,0.0,0.0,0.0,-5.95486731864404,-5.954867318644085,96.8658417166093,0.0,0.0,0.0,142.6072700193788,0.0,0.0,0.0,0.0,0.0,834.9760495039768,0.0,0.0,123.82366803862686,-135.05342710310697,-296.2016265082867,-612.0079391333226,23.819469274576054,0.0,0.0,0.0,0.0,-303.4162516398236,0.0,0.0,0.08733805400677887,0.0,0.0,0.0,48.43292085830465,0.0,0.0,0.0,0.0,-547.6692979670222,0.0,0.0,0.0,0.0,0.0,0.0,0.0,0.0,0.0,0.0,0.007939823091525352,0.007939823091525352,0.0,0.0,0.0,0.0,0.0,31.064251778037587,0.0,0.0,0.0,0.0,142.6072700193788,0.0,0.0,0.0,0.0,111.91393340133881,0.0,0.0,0.0,0.0,0.0,0.0,0.0,0.0,0.0,0.0,0.0,0.0,-623.2152795717145,1000.0,-360.8004974956155,0.0,0.0,0.0,47.63893854915211,0.0,0.0,0.0,0.0,0.0,0.0,-47.63893854915211,0.0,0.0,0.0,0.0,0.0,0.0,0.0,0.0,0.0,142.6072700193788,142.6072700193788,0.0,-825.4523815965706,-1000.0,54.387788176948675,-506.7362787965594,285.6995432339547,0.0,-23.001942958343644,0.0,0.0,0.0,0.0,0.0,0.0,0.0,0.0,0.0,0.0,0.0,0.0,0.0,0.0,0.0,0.0,0.0,-9.924778864406688,190.60676955689564,-5.9548673186440135,0.0,0.0,0.0,0.0,0.0,0.0,-0.992477886440669,0.0,186.3981123939961,0.0,0.0,0.0,0.0,0.0,0.0,0.0,1000.0,23.819469274576054,23.819469274576054,0.0,0.0,0.0,0.0,0.0,0.08733805400677887,111.91393340133881,0.0,0.0,-8.062308819693943,0.0,0.0,0.0,0.0,0.0,0.0,0.0,0.0,0.0,0.0,0.0,0.0,0.0,0.0,31.78138331878222,0.0,0.0,14.157016092913793,0.0,83.36814246101619,6.113663780474517,0.0,0.0,0.0,0.0,0.0,111.91393340133881,0.0,393.6713592695595,0.0,0.0,0.0,-9.924778864406688,0.0,0.0,0.0,0.0,0.0,0.0,0.0,0.0,0.0,0.0,0.0,0.0,0.0,0.0,0.0,0.0,0.0,0.0,-0.07939823091525353,0.0,0.0,3.9699115457626757,-1000.0,0.0,0.0,0.0,0.0,190.60676955689564,0.0,0.0,0.0,6.836187681803326,1.9849557728813378,0.0,0.0,733.6749833224674,0.07939823091525353,0.0,79.3982309152535,-10.456435490814792,15.879646183050703,0.5671302208232393,249.8350964393849,-0.05954867318644013,417.84472305483655,1.5879646183050704,30.66726062346138,-249.8350964393849,23.819469274576054,-0.07939823091525353,59.63729042724189,0.0,0.019849557728813378,0.5671302208232394,-178.91187128172567,-12.640198361707462,141.01930540107372,-452.8395657311432,-0.07939823091525353,0.019849557728813378,-249.8350964393849,7.939823091525351,0.07939823091525353,0.07939823091525353,-111.74719711641677,0.08733805400677888,-245.04388909061606,-0.05954867318644013,23.819469274576054,0.07939823091525353,221.03673556260466,157.51815083040185,-0.039699115457626756,108.14062875081514,-8.019221322440606,-0.05954867318644013,-0.07939823091525353,-10.456435490814792,0.07939823091525353,7.939823091525351,-1.5879646183050704,0.0,0.0,-7.939823091525351,452.8395657311432,0.0,15.879646183050705,0.11909734637288026,-1000.0,7.939823091525351,-265.09167061829015,0.0,-15.879646183050703,0.039699115457626756,0.7939823091525352,29.818645213620943,127.7935795843895,-0.07939823091525353,-129.77853535727095,111.74719711641677,24.61345158372859,0.07939823091525353,12.640198361707462,-292.49514338633287,0.0,-0.07939823091525353,-0.019849557728813378,0.0,-0.07939823091525353,-768.7060335296269,0.07939823091525353,-0.019849557728813378,-0.019849557728813378,-0.019849557728813378,31.759292366101405,-157.51815083040185,0.7939823091525352,167.41672126265502,-0.019849557728813378,0.0,3.9699115457626757,388.3229283105761,0.07939823091525353,0.039699115457626756,0.03969911545762676,-87.36356168692247,10.456435490814792,0.07939823091525353,-10.456435490814792,0.7939823091525352,0.07939823091525353,-384.6018351292877,0.07939823091525353,0.3175929236609534,-30.66726062346138,0.039699115457626756,0.019849557728813378,23.819469274576054,-0.07939823091525353,245.04388909061606,-70.50965270053686,-334.83344252531003,415.8597672819552,-7.939823091525351,15.879646183050703,3.9699115457626757,-0.07939823091525353,178.91187128172567,0.11909734637288026,-0.07939823091525353,174.72712337384493,10.456435490814792,423.95333841704587,0.03969911545762676,-776.6458566211522,-0.07939823091525353,-0.07939823091525353,-0.07939823091525353,0.03969911545762676,249.8350964393849,-15.879646183050703,0.07939823091525353,59.63729042724189,-0.019849557728813378,-0.08733805400677888,-59.63729042724189,11.909734637288025,8.019221322440606,170.42653997050886,249.8350964393849,-0.05954867318644013,129.77853535727095,-127.7935795843895,0.07939823091525353,-0.01984955772881338,895.8488655362894,79.3982309152535,-0.039699115457626756,-0.07939823091525353,0.019849557728813378,1000.0,0.0,999.9603008845423,217.18511386663266,-881.2990390720571,0.0,459.2629347620108,-14.828170309393272,0.0,-1000.0,244.28206118224816,984.1203538169493,0.0,500.0,440.64951953602855,-122.14103059112408,0.0,7.414085154696636,-111.91393340133881,-120.53708677722226,0.0,-984.1203538169493,-120.53708677722226,-459.2629347620108,371.90912752840916,0.0,1496.5981,bhi
142,0.0,0.0,0.0,0.0,0.0,0.0,0.0,0.0,-0.0383563113434595,0.0,0.0,0.0,0.0,0.0,0.0,0.0,0.0,0.0,0.0,400.3156435728933,0.0,0.0,0.0,0.0,0.0,0.0,0.0,0.0,0.0,-842.1787560667426,0.0,0.0,0.0,0.0,0.0,0.0,0.0,725.4621509735161,0.0,-1000.0,631.8100516455831,0.0,0.0,279.85421518695244,0.0,0.0,540.9553615964102,0.0,562.3245408797902,0.0,0.0,0.0,0.0,0.04219194247777525,0.0,0.0,0.0,0.0,0.0,0.0,3.2968288928354355,0.0,0.0,-489.1649882736066,0.0,0.0,0.0,0.0,1000.0,-486.42473061895925,0.0,0.38356311343459504,0.0,0.0,0.0,0.0,0.0,0.0,0.0,0.0,0.0,0.0,-42.763147791250304,0.0,23.013786806075704,0.0,157.4791976769995,0.0,-162.00889730689696,0.0,757.2096435488024,0.0,0.0,162.44701208891956,11.506893403037852,0.0,368.1899483544169,0.0,0.0,0.0,0.0,1.9178155671729753,-842.1787560667426,0.0,0.0,0.0,0.0,0.0,0.0,0.0,0.0,0.0,0.0,0.0,0.0,0.0,0.0,0.0,0.0,0.0,0.0,0.0,0.0,0.0,-422.3631283214059,0.0,0.0,368.1899483544169,0.0,11.890456516472447,0.0,0.0,-804.4982178691394,804.4982178691394,0.0,0.0,0.0,0.0,0.0,-492.461817166442,0.0,0.0,0.0,0.0,0.0,203.19578144169617,0.0383563113434595,757.2192326266382,0.0,0.0,-1000.0,396.0245957187883,0.0,0.0,0.0,0.0,557.2645762900237,0.0,0.0,0.0,0.0,0.0,-68.47941225406825,-68.47941225406825,0.0,0.0,0.0,0.0,1000.0,0.0,0.0,-68.44105594272479,0.0,0.0,0.0,-140.5238593878957,0.0,0.0,0.0,0.0,0.0,0.0,0.0,0.0,0.0,0.0,-896.3335586889448,0.0,0.0,0.0,0.0,-527.3228184330064,0.0,0.0,0.0,0.0,0.0,0.0,0.0,162.00889730689696,-162.00889730689696,492.461817166442,0.0,0.0,0.0,0.0,0.0,0.0,0.0,-431.1128555283486,0.0,0.0,0.0,0.0,0.0,0.0,0.0,0.0,0.0,0.0,0.0,0.0,0.0,0.0,271.315057801241,279.85421518695244,0.0,0.0,0.0,0.0,-492.461817166442,0.0,0.0,0.0,0.0,3.2968288928354355,0.0,0.0,0.0,0.0,0.0,0.0,0.0,0.0,0.0,1.2350732252582475,7.671262268691901,356.68305495137906,0.0,-20.729759228657144,-344.74755384245105,724.3334381866872,0.0,-279.85421518695244,0.0,0.0,492.461817166442,0.0,0.0,0.0,0.0,-246.7592148055445,0.0,0.0,-399.0735068309126,0.0,0.0,-399.0735068309126,0.0,0.0,0.0,0.0,0.0,0.0,0.0,107.01410864825203,0.0,0.0,0.0,533.767455448698,0.0,-533.767455448698,0.0,0.0,0.0,0.0,590.0363394391109,0.0,0.0,0.0,3.2968288928354355,-0.05753446701518925,0.0,0.0,0.0,0.0,0.0383563113434595,0.0,0.0,0.0,157.89779685333139,0.0,0.0,-368.57872991237787,122.83915291852156,0.0,1000.0,0.0,-645.3725942512239,0.0,0.0,0.0,0.0,0.0,645.3725942512239,0.0,0.0,-910.5825752359196,-1000.0,0.0,0.0,0.0,0.0,0.0,0.0,0.0,0.0,0.0,0.0,0.0,0.0,0.0,0.0,0.0,0.0,0.0,-125.99788367121232,0.0,-1000.0,0.0,148.38654010990106,0.0,0.0,131.77113453425662,0.0,-204.43085466695447,0.0,42.763147791250304,0.0,0.0,0.0,-1000.0,0.0,-1.9178155671729753,0.0,0.0,684.0138159576486,-475.85170708228935,-396.99436966019664,-303.3274762216673,0.0,0.0,758.5735587140703,-0.9589077835864876,473.9338915151164,-1000.0,0.0,468.4741687212792,1000.0,-964.7541360463712,368.1899483544169,0.0,0.0,0.0,251.86544256595613,0.0,0.0,0.0,0.0,0.0,0.0,556.8670881089731,0.0,0.0,0.0,0.0,0.0,0.0,0.0,0.0,-170.90976402677205,0.0,62.50000000000006,0.0,0.0,0.0,0.0,0.0,-700.8502948343877,0.07671262268351597,0.0,0.0,0.0,0.0,0.0,0.0,0.0,0.0,0.0,513.5752693810407,0.0,0.0,0.0,0.0,0.0,0.0,0.0,0.0,0.0,0.04219194247777525,0.04219194247777525,0.0,310.1593080406412,0.0,23.013786806075704,0.0,0.0,0.0,1000.0,0.0,0.0,157.4791976769995,0.0,0.0,1000.0,-1000.0,0.0,0.0,0.0,0.0,0.0,0.0,0.0,0.0,0.0,0.0,0.0,0.0,0.0,140.78770944046863,-157.89779685333139,603.9754042812117,0.0,160.43263365044587,0.0,162.44701208891956,0.0,0.0,0.0,1000.0,0.0,299.1497051656123,0.0,-62.50000000000006,62.50000000000006,0.0,0.0,0.0,0.0,0.0,0.0,0.0,0.0,0.0,0.0,0.0,0.0,0.0,0.0,23.013786806075704,492.461817166442,492.461817166442,0.0,0.0,0.0,0.0,0.0,0.0,0.0,0.0,0.0,0.0,0.38356311343459504,0.0,0.0,157.4791976769995,-157.4791976769995,0.0,0.0,0.0,0.0,368.1899483544169,0.0,0.0,0.0,0.0,0.0,0.0,0.0,0.0,0.0,0.0,863.4544601253167,0.0,0.0,11.506893403037852,11.506893403037852,1000.0,-1000.0,0.0,0.0,0.0,0.0,0.0,0.0,0.0,752.7613313026623,0.0,1000.0,0.0383563113434595,0.0,0.0,0.0,50.65498860208735,183.5962070563789,0.0,-162.44701208891956,0.0,0.0,0.0,0.0,0.0,0.0,0.0,0.0,0.0,0.0,0.0,0.0,0.0,0.0,0.0383563113434595,0.0,0.0,0.0,430.86814971369597,-430.86814971369597,0.0,0.0,0.0,148.38654010990106,0.0,-136.44691237929976,0.0,-25.22079449640441,-874.0021163287877,-2.876723350759463,-1.9178155671729753,0.0,0.0,0.0,0.0,0.0,0.0,0.0,0.0,0.0,0.0,0.0,0.0,492.461817166442,0.0,0.0,0.0,-494.362151757919,0.0,0.0,0.0,-0.0383563113434595,0.0,0.0,0.0383563113434595,0.0,0.0383563113434595,0.0,0.0,0.0,23.013786806075704,46.7946998390206,46.7946998390206,0.0,0.0,0.0,0.0,0.0,0.0,42.763147791250304,603.9754042812117,0.0,0.0,0.0,0.0,648.6750726578957,0.0,0.0,0.0,0.0,0.0,0.0,0.0,0.0,0.0,0.0,0.0,0.0,0.0,0.0,0.0,0.0,-660.4368916866229,660.4368916866229,0.05753446701518925,0.0,0.0,0.0,-368.1899483544169,0.0,0.0,0.0,0.0,0.0,-310.1593080406412,1.9178155671729753,0.0,0.0,0.0,0.0,-1000.0,-795.5691453330455,0.0,0.0,62.50000000000006,0.0,0.0,0.0,0.0,0.0,492.461817166442,0.0,0.0,551.4180594226193,310.1593080406412,0.0,573.6816833895839,183.5962070563789,0.0,-1000.0,67.98394228765471,932.0160577123453,0.0,-46.7946998390206,0.0,1.9178155671729753,693.4451626555128,0.0,0.0,0.0,-485.86815938077103,0.0,0.0,0.0,0.0,0.0,0.0,0.0,0.0,0.0,890.5801119874263,0.0,46.7946998390206,0.0,0.0,0.0,0.0,0.0,0.0,0.0,0.0,0.0,1.2350732252582475,0.0,0.0,318.7894780929191,-564.230257983128,-904.0827485469179,0.0,11.506893403037852,157.4791976769995,0.0,0.0,0.0,-177.54220902141446,0.0,0.0,0.04219194247777525,0.0,0.0,0.0,23.3973499195103,0.0,0.0,0.0,0.0,271.315057801241,0.0,0.0,0.0,0.0,0.0,0.0,0.0,0.0,0.0,0.0,637.0095984801649,0.0038356311343459505,0.0,0.0,0.0,0.0,0.0,0.0,0.0,0.0,0.0,0.0,0.0,0.0,0.0,0.0,0.0,310.1593080406412,0.0,0.0,0.0,0.0,0.0,0.0,0.0,0.0,0.0,0.0,0.0,314.958395353999,962.6401844526836,0.0,0.0,0.0,0.0,0.0,23.013786806075704,0.0,0.0,0.0,0.0,0.0,0.0,-23.013786806075704,0.0,314.958395353999,0.0,0.0,0.0,0.0,0.0,0.0,0.0,0.0,0.0,0.0,-1000.0,-1000.0,674.9491459281655,-368.1899483544169,0.0,0.0,873.8486910834172,0.0,0.0,0.0,0.0,0.0,0.0,0.0,0.0,0.0,921.875,0.0,-921.875,-921.875,0.0,0.0,0.0,0.0,-4.794538917932439,492.461817166442,-2.876723350759463,645.7983493071367,0.0,0.0,0.0,0.0,0.0,-0.4794538917932439,0.0,170.90976402677205,0.0,0.0,0.0,0.0,0.0,0.0,0.0,1000.0,11.506893403037852,11.506893403037852,0.0,0.0,0.0,0.0,0.0,0.04219194247777525,310.1593080406412,0.0,0.0,-873.8486910834172,637.0057628490305,0.0,0.0,0.0,0.0,0.0,0.0,0.0,0.0,0.0,0.0,0.0,0.0,0.0,330.21844584331143,0.0,0.0,0.0,0.0,40.27412691063248,0.0,0.0,203.19578144169617,0.0,0.0,0.0,310.1593080406412,0.0,793.6513297658726,0.0,0.0,0.0,-4.794538917932439,0.0,0.0,0.0,0.0,0.0,0.0,0.0,0.0,0.0,0.0,0.0,0.0,0.0,0.0,0.0,0.0,0.0,0.0,-0.0383563113434595,0.0,0.0,1.9178155671729753,-1000.0,0.0,0.0,0.0,0.0,492.461817166442,0.0,0.0,0.0,-645.3725942512239,0.9589077835864876,0.0,0.0,0.0,0.0383563113434595,0.0,38.3563113434595,-11.890456516472447,7.671262268691901,0.2739736524532822,107.01410864825203,-0.028767233507594626,1.9178155671729753,0.7671262268691902,-0.1917815567139769,-107.01410864825203,11.506893403037852,-0.03835631134345951,0.0,0.0,0.009589077835864877,0.2739736524532822,0.0,-163.58552244287716,-0.7671262268691902,-400.3156435728933,-0.03835631134345951,0.009589077835864877,-107.01410864825203,3.8356311343459506,0.03835631134345951,0.0383563113434595,-310.07875978681994,-157.43700573452162,-517.2540877780087,-0.028767233507594626,11.506893403037852,0.03835631134345951,368.1899483544169,337.5048992796493,-0.019178155671729754,-40.010488512014945,488.5878297207526,-0.028767233507594626,-0.03835631134345951,-11.890456516472447,0.0383563113434595,3.8356311343459506,-0.7671262268691902,0.0,0.0,-3.8356311343459506,400.3156435728933,0.0,7.671262268691901,0.05753446701518925,-1000.0,3.8356311343459506,-140.78770944046863,0.0,-7.671262268691901,0.01917815567172975,0.38356311343459504,92.14468247809447,317.8305703093331,-0.0383563113434595,-318.7894780929191,310.07875978681994,11.890456516472447,0.03835631134345951,163.58552244287716,-402.7106285635304,0.0,-0.0383563113434595,-0.009589077835864877,0.0,-0.03835631134345951,-700.8502948343877,0.03835631134345951,-0.009589077835864875,-0.009589077835864875,-0.009589077835864875,15.342524537383802,-337.5048992796493,0.38356311343459504,38.75334454740465,-0.009589077835864875,184.28936495618893,1.9178155671729753,352.3429629843668,0.0383563113434595,0.01917815567172975,0.019178155671729754,3.8356311343459506,11.890456516472447,0.0383563113434595,-11.890456516472447,0.38356311343459504,0.03835631134345953,-59.42556930904661,0.03835631134345951,0.15342524537048896,0.1917815567139769,0.019178155671729754,0.009589077835864877,11.506893403037852,-0.03835631134345951,517.2540877780087,0.3835631134345951,-77.5066890948093,0.9589077835864876,-3.8356311343459506,7.671262268691901,1.9178155671729753,-0.03835631134345951,0.0,0.05753446701518925,-0.03835631134345953,-7.671262268691901,11.890456516472447,306.8922158087295,0.019178155671729754,-704.6859259687336,-0.03835631134345951,-0.03835631134345951,-0.03835631134345951,0.019178155671729754,107.01410864825203,-7.671262268691901,0.0383563113434595,184.28936495618893,-0.009589077835864875,157.43700573452162,-184.28936495618893,5.753446701518925,-488.5878297207526,302.5911149884913,107.01410864825203,-0.028767233507594626,318.7894780929191,-317.8305703093331,0.03835631134345951,-0.009589077835864875,1.9178155671729753,38.3563113434595,-0.01917815567172975,-0.03835631134345951,0.009589077835864875,1000.0,0.0,999.9808218443283,20.672224761641957,-212.59504037825621,0.0,239.43016286912354,182.74853257568847,0.0,1000.0,-1000.0,22.622458622935937,0.0,-500.0,106.29752018912811,500.0,0.0,-91.37426628784424,-310.1593080406412,-129.350006787315,0.0,-22.622458622935937,-129.350006787315,-239.43016286912354,319.152580149154,0.0,1496.5981,bhi
143,0.0,0.0,0.0,0.0,0.0,0.0,0.0,0.0,-0.048206246041514744,0.0,0.0,0.0,0.0,0.0,0.0,0.0,798.2131701522098,229.28619117172445,0.0,-532.1114673601921,0.0,0.0,0.0,59.231232646868314,0.0,0.0,0.0,0.0,0.0,-836.696732767529,0.0,0.0,649.7675636948336,0.0,0.0,0.0,0.0,999.8071750158341,0.0,-1000.0,857.7039020370653,0.0,0.0,-728.1531637660873,0.0,0.0,0.0,0.0,0.0,-47.43392587205824,0.0,0.0,0.0,0.05302687064562826,0.0,0.0,0.0,9.641249208302948,0.0,0.0,129.87997665598317,0.0,0.0,-272.49604351613397,0.0,0.0,0.0,0.0,356.0880173305641,713.752747855332,0.0,0.4820624604151474,0.0,0.0,0.0,0.0,0.0,0.0,0.0,452.31297583067874,0.0,0.0,228.3051609926321,0.0,28.92374762490885,0.0,0.0,848.5873619057661,0.0,-151.41263809423387,-0.012051561510378686,0.0,0.0,0.0,14.461873812454424,0.0,217.26784063967176,-1.552241122536401,0.0,0.0,228.3051609926321,998.7948438489622,-836.696732767529,0.0,0.0,-340.1643563805592,338.7229882730649,0.0,0.0,0.0,0.0,0.0,0.0,0.0,0.0,0.0,0.0,0.0,0.0,0.0,0.0,0.0,0.0,0.0,-245.62292905149735,0.0,0.0,217.26784063967176,0.0,14.943936272869571,14.943936272869571,0.0,-1000.0,1000.0,0.0,0.0,-345.6702196952774,-937.5,937.5,-56.70580047683973,0.0,0.0,0.0,0.0,0.0,-224.59328004743546,0.048206246041514744,0.0,0.0,0.0,0.0,-338.7229882730649,0.0,0.0,0.0,0.0,809.3764130824326,0.0,0.0,0.0,0.0,0.0,227.63498113687064,227.63498113687064,0.0,0.0,0.0,0.0,370.7255054468439,0.0,0.0,227.68318738291214,0.0,0.0,0.0,-592.9374732508223,0.0,0.0,0.0,0.0,0.0,0.0,0.0,0.0,0.0,0.0,-912.5176335147751,0.0,0.0,0.0,0.0,-648.8305383294912,0.0,0.0,0.0,0.0,0.0,47.43392587205824,0.0,151.41263809423387,-151.41263809423387,0.0,0.0,0.0,0.0,0.0,0.0,0.0,0.0,-1000.0,0.0,0.0,0.0,0.0,0.0,0.0,0.0,0.0,0.0,0.0,0.0,0.0,0.0,0.0,-444.0091710872634,38.483562615319215,0.0,0.0,0.0,0.0,0.0,0.0,0.0,0.0,0.0,129.87997665598317,766.6367263814066,0.0,0.0,183.49383280309766,0.0,0.0,0.0,0.0,0.0,0.0,0.0,202.80596682721733,0.0,20.75569839376172,-130.65693970047215,1000.0,0.0,-38.483562615319215,0.0,0.0,402.37602017211714,298.9246362811448,0.0,0.0,0.0,-115.26676328489373,0.0,0.0,-1000.0,498.9265776646273,0.0,-1000.0,-498.9265776646273,0.0,151.41263809423387,0.0,-1000.0,47.43392587205824,0.0,164.3832990015653,0.0,0.0,0.0,0.0,0.0,0.0,0.0,1000.0,402.37602017211714,0.0,0.0,0.0,0.0,0.0,129.87997665598317,-0.07230936906227212,0.0,0.0,0.0,0.0,0.048206246041514744,0.0,0.0,0.0,431.5626976898195,798.2131701522098,0.0,-382.7177747920927,-301.3767319514441,0.0,1000.0,0.0,-21.25230536598145,0.0,-340.1643563805592,0.0,0.0,0.0,632.7765361915781,-356.0880173305641,-255.43621349503246,-1000.0,-1000.0,0.0,0.0,0.0,0.0,0.0,0.0,0.0,0.0,0.0,0.0,0.0,0.0,0.0,0.0,0.0,0.0,183.49383280309766,0.0,0.0,-1000.0,0.0,0.0,0.0,741.4403133838631,0.0,86.75482849366017,224.59328004743546,0.0,0.0,0.0,0.0,996.3845315468864,0.0,472.9142096120461,-1000.0,946.8742085342722,0.0,0.0,-2.410312302075737,-1000.0,553.5994092243805,-472.9142096120461,-136.3067620930767,1000.0,-948.07936468531,0.0,-881.7997215560524,0.0,0.0,415.8360098482973,233.75466491467733,217.26784063967176,0.0,0.0,0.0,0.0,0.0,0.0,0.0,0.0,0.0,0.0,699.8072445116059,0.0,0.0,-772.4132251091709,0.0,0.0,0.0,0.0,0.0,-142.6160668601508,0.0,0.0,74.9717426767371,0.0,0.0,0.0,0.0,-661.2770117269351,0.09641249208303293,0.0,0.0,0.0,0.0,0.0,0.0,0.0,0.0,0.0,667.464745013779,0.0,0.0,0.0,0.0,0.0,0.0,0.0,0.0,0.0,0.05302687064562826,0.05302687064562826,0.0,284.93219312189194,0.0,28.92374762490885,0.0,0.0,0.0,1000.0,0.0,879.172898485606,0.0,0.0,0.0,1000.0,-1000.0,0.0,0.0,0.0,0.0,0.0,74.9717426767371,0.0,0.0,0.0,0.0,0.0,0.0,0.0,81.87430968383245,-431.5626976898195,0.0,264.98402732562624,3.711880945196633,0.0,0.0,0.0,0.0,0.0,1000.0,0.0,338.7229882730649,0.0,0.0,0.0,0.0,0.0,0.0,0.0,0.0,0.0,0.0,0.0,0.0,0.0,0.0,0.0,0.0,0.0,28.92374762490885,402.37602017211714,402.37602017211714,0.0,0.0,0.0,0.0,0.0,0.0,0.0,0.0,0.0,0.0,0.4820624604151474,0.0,0.0,0.0,0.0,0.0,0.0,0.0,0.0,217.26784063967176,0.0,0.0,0.0,0.0,264.98402732562624,0.0,0.0,0.0,0.0,0.0,1000.0,0.0,0.0,14.461873812454423,14.461873812454424,996.3052799618545,-1000.0,0.0,74.9717426767371,0.0,0.0,0.0,0.0,0.0,836.696732767529,0.0,1000.0,0.048206246041514744,0.0,0.0,0.0,3.887489412919296,630.7158626606504,0.0,0.0,0.0,-402.37602017211714,0.0,0.0,0.0,0.0,0.0,0.0,0.0,0.0,0.0,0.0,0.0,0.0,0.048206246041514744,0.0,0.0,0.0,-531.25,531.25,0.0,0.0,0.0,0.0,-775.4067199525646,1000.0,0.0,0.0,-1000.0,-3.615468453113606,0.0,-2.410312302075737,0.0,0.0,0.0,0.0,0.0,0.0,0.0,0.0,0.0,0.0,0.0,402.37602017211714,0.0,0.0,0.0,236.16497721675307,0.0,0.0,0.0,-0.048206246041514744,0.0,0.0,0.048206246041514744,0.0,0.048206246041514744,0.0,0.0,0.0,28.92374762490885,58.81162017064799,58.81162017064799,0.0,0.0,0.0,0.0,0.0,0.0,0.0,0.0,0.0,0.0,0.0,0.0,636.9270939757524,0.0,0.0,0.0,0.0,0.0,0.0,0.0,0.0,0.0,0.0,0.0,0.0,0.0,0.0,0.0,0.0,0.0,0.0,0.07230936906227212,0.0,0.0,0.0,-217.26784063967176,0.0,0.0,0.0,0.0,0.0,-284.93219312189194,2.410312302075737,0.0,0.0,0.0,0.0,-370.7255054468439,0.0,-2.410312302075737,0.0,0.0,0.0,0.0,0.0,0.0,0.0,402.37602017211714,0.0,0.0,74.9717426767371,284.93219312189194,0.0,2.33106071704381,290.5515062800912,0.0,1000.0,0.0,-1000.0,0.0,240.1130161104968,0.0,2.410312302075737,701.2635370667815,0.0,0.0,0.0,-142.6160668601508,0.0,0.0,0.0,0.0,0.0,0.0,0.0,0.0,0.0,905.2866966085478,0.0,58.81162017064799,0.0,-222.06898973281992,-222.06898973281992,222.06898973281992,0.0,0.0,0.0,0.0,0.0,0.0,0.0,0.0,295.77859848123285,-671.3522344266983,-1000.0,0.0,14.461873812454424,0.0,0.0,0.0,0.0,-195.17465666056364,0.0,0.0,0.05302687064562826,0.0,0.0,0.0,29.405810085323996,0.0,0.0,0.0,0.0,-444.0091710872634,0.0,338.7229882730649,0.0,0.0,0.0,0.0,0.0,0.0,0.0,0.0,0.004820624604151474,0.004820624604151474,0.0,0.0,0.0,0.0,0.0,0.0,0.0,0.0,0.0,0.0,0.0,0.0,0.0,0.0,0.0,284.93219312189194,0.0,0.0,0.0,0.0,0.0,0.0,0.0,47.43392587205824,0.0,0.0,0.0,0.0,0.0,64.3148729442272,229.28619117172445,0.0,0.0,0.0,28.92374762490885,0.0,0.0,0.0,0.0,0.0,-655.2375600814911,626.3138124565822,0.0,0.0,0.0,0.0,0.0,0.0,0.0,0.0,0.0,0.0,0.0,0.0,-1000.0,-1000.0,669.94837251419,0.0,-217.26784063967176,0.0,999.8071750158341,0.0,0.0,0.0,0.0,0.0,0.0,0.0,0.0,0.0,0.0,0.0,0.0,0.0,0.0,0.0,0.0,0.0,-6.025780755189343,402.37602017211714,-1000.0,633.3116255226389,0.0,0.0,0.0,0.0,0.0,812.2353996893487,-812.8379777648677,142.6160668601508,0.0,0.0,0.0,0.0,0.0,0.0,0.0,1000.0,14.461873812454424,14.461873812454423,0.0,0.0,0.0,0.0,452.31297583067874,0.05302687064562826,284.93219312189194,0.0,0.0,-999.8071750158341,0.0,0.0,0.0,0.0,0.0,0.0,0.0,0.0,0.0,0.0,0.0,0.0,0.0,0.0,0.0,0.0,0.0,14.943936272869571,0.0,50.616558343590484,3.711880945196633,0.0,0.0,0.0,0.0,0.0,284.93219312189194,0.0,-1.552241122536401,0.0,0.0,0.0,-6.025780755189343,0.0,0.0,0.0,0.0,0.0,0.0,0.0,0.0,0.0,0.0,0.0,0.0,0.0,0.0,0.0,0.0,0.0,0.0,-0.048206246041514744,0.0,0.0,2.410312302075737,-1000.0,0.0,0.0,0.0,0.0,402.37602017211714,0.0,0.0,0.0,-632.7765361915781,1.2051561510378406,0.0,0.0,0.0,0.048206246041514744,0.0,48.20624604151474,0.0,9.641249208302948,0.34433032886796244,164.3832990015653,-0.03615468453113606,871.3227347674505,0.9641249208302949,-0.24103123020741007,-164.3832990015653,14.461873812454423,-0.048206246041514744,113.38811879351972,74.9717426767371,0.012051561510378686,0.34433032886796244,-340.1643563805592,-7.6744343698087505,-0.9641249208302949,-495.38789396374216,-0.048206246041514744,0.012051561510378686,-164.3832990015653,4.820624604151474,0.048206246041514744,0.048206246041514744,-284.8309600052048,0.05302687064566622,0.0,-0.03615468453113606,14.461873812454424,0.048206246041514744,217.26784063967176,178.70284380645995,-0.024103123020757372,-129.0477003213142,-4.868830850192989,-0.03615468453113605,-0.048206246041514744,0.0,0.048206246041514744,4.820624604151474,-0.9641249208302949,0.0,0.0,-4.820624604151474,495.38789396374216,0.0,9.641249208302948,0.0723093690622721,-238.46577311375916,4.820624604151474,-81.87430968383245,74.9717426767371,-9.641249208302948,0.024103123020757372,0.4820624604151474,95.67944369802318,294.5734423301949,-0.048206246041514744,-295.77859848123285,284.8309600052048,14.943936272869571,0.048206246041514744,7.6744343698087505,-185.68171940029777,74.9717426767371,-0.048206246041514744,-0.012051561510378686,-74.9717426767371,-0.048206246041514744,-1000.0,0.048206246041514744,-0.012051561510378686,-0.012051561510378686,-0.012051561510378686,19.282498416605897,-178.70284380645995,0.4820624604151474,348.7010646835814,-0.012051561510378686,77.97076860252663,2.410312302075737,333.04881816554325,0.048206246041514744,0.024103123020757372,0.024103123020757372,-158.88151414353854,0.0,0.048206246041514744,0.0,0.4820624604151474,0.048206246041514744,-974.6735889787335,0.048206246041514744,0.19282498416584115,0.24103123020741007,0.024103123020757372,0.012051561510378686,14.461873812454424,-0.048206246041514744,0.0,0.48206246041514744,-697.4021293671628,870.1175786164126,-4.820624604151474,9.641249208302948,2.410312302075737,-0.048206246041514744,340.1643563805592,0.07230936906227212,-0.048206246041514744,317.7630282870771,0.0,363.01638426676084,0.024103123020757372,-666.0976363310865,-0.048206246041514744,-0.048206246041514744,-0.048206246041514744,0.024103123020757372,164.3832990015653,-9.641249208302948,0.048206246041514744,191.35888739604636,-0.012051561510378686,-0.05302687064566622,-191.35888739604636,7.23093690622721,4.868830850192989,216.61433203110738,164.3832990015653,-0.03615468453113605,295.77859848123285,-294.5734423301949,0.048206246041514744,-0.012051561510378688,2.410312302075737,48.20624604151474,-0.024103123020757372,-0.048206246041514744,0.012051561510378686,1000.0,0.0,238.4416699907384,625.9725242951521,1000.0,0.0,-207.9917076575744,-360.2814154522598,0.0,993.8255817257492,-1000.0,-11.972309925346758,0.0,-496.9127908628746,-500.0,500.0,0.0,180.1407077261299,-284.93219312189194,-167.84172760619717,0.0,11.972309925346758,-167.84172760619717,207.9917076575744,-13.565306430714053,0.0,1496.5981,bhi
144,0.0,0.0,0.0,0.0,0.0,0.0,0.0,0.0,573.0188246973673,0.0,0.0,0.0,0.0,0.0,0.0,0.0,419.94727087166234,-170.8964901066575,0.0,0.0,0.0,0.0,0.0,0.0,0.0,561.8769608388387,0.0,0.0,0.0,-715.2124162522929,0.0,0.0,798.5641251012933,0.0,0.0,0.0,0.0,794.7911784971536,0.0,-532.9601389392899,981.4993553831163,0.0,0.0,1000.0,0.0,0.0,0.0,0.0,0.0,-16.568314274400848,0.0,0.0,0.0,0.0678356969286348,0.0,0.0,0.0,12.333763077922509,0.0,0.0,121.69261875795422,0.0,339.12418441263225,79.44604587078732,442.4328659277656,0.0,0.0,0.0,0.0,561.8769608388387,0.0,0.6166881538961255,0.0,0.0,0.0,0.0,0.0,0.0,0.0,0.0,0.0,0.0,0.0,0.0,37.00128923376753,0.0,0.0,288.77380370039845,288.77380370039845,0.0,-0.015417203847403136,0.0,0.0,0.0,18.500644616883765,0.0,18.500644616883765,-1.9857358555464089,0.0,0.0,0.0,918.6798220844537,-1000.0,0.0,0.0,-321.57383150056046,0.0,492.24553195899347,0.0,0.0,0.0,0.0,0.0,0.0,0.0,0.0,0.0,0.0,0.0,0.0,0.0,0.0,0.0,0.0,-836.384976943636,0.0,0.0,18.500644616883765,0.0,19.11733277077989,19.11733277077989,0.0,0.0,0.0,0.0,0.0,-1000.0,0.0,0.0,618.6292427002008,0.0,0.0,0.0,0.0,0.0,4.748498785000163,0.06166881538961254,0.0,0.0,0.0,0.0,0.0,0.0,0.0,0.0,0.0,583.6026734789322,0.0,0.0,0.0,0.0,0.0,-115.00454668014561,-115.00454668014561,0.0,0.0,0.0,-93.75000000000001,-1000.0,0.0,0.0,-114.942877864756,0.0,0.0,0.0,-39.30357039466162,0.0,0.0,0.0,0.0,0.0,0.0,0.0,0.0,0.0,0.0,0.0,0.0,0.0,0.0,0.0,-1000.0,0.0,0.0,0.0,0.0,0.0,16.568314274400848,0.0,-288.77380370039845,288.77380370039845,381.37075729979915,0.0,0.0,0.0,0.0,0.0,0.0,284.7875837477071,373.381743806977,0.0,0.0,0.0,0.0,0.0,0.0,0.0,0.0,0.0,0.0,0.0,0.0,0.0,542.4388991184201,-371.97496674033806,295.26514538063054,0.0,0.0,0.0,0.0,-270.9145685391138,0.0,0.0,0.0,0.0,121.69261875795422,-704.7348546193695,0.0,0.0,0.0,0.0,0.0,0.0,0.0,0.0,0.0,0.0,0.0,0.0,419.854767648578,997.4023750493748,0.0,0.0,-295.26514538063054,0.0,0.0,381.37075729979915,-924.7640452246727,0.0,0.0,0.0,-267.4484092809361,0.0,0.0,439.2024682622886,0.0,0.0,439.2024682622886,0.0,0.0,0.0,0.0,-748.4440975074544,16.568314274400848,0.0,99.83447171789344,0.0,0.0,0.0,-1000.0,0.0,1000.0,0.0,0.0,0.0,0.0,415.091433530499,-93.75000000000001,0.0,0.0,121.69261875795422,-0.09250322308441881,0.0,0.0,0.0,0.0,0.06166881538961254,0.0,0.0,0.0,871.0431666224309,419.94727087166234,0.0,-214.382554333707,233.68987857354696,0.0,1000.0,0.0,88.346744927159,0.0,-321.57383150056046,0.0,0.0,0.0,-5.3096850050457,0.0,-83.0370599221133,-1000.0,251.63477917593437,0.0,0.0,0.0,0.0,0.0,0.0,0.0,0.0,0.0,0.0,0.0,0.0,0.0,0.0,0.0,0.0,0.0,-204.96214624128825,0.0,-1000.0,0.0,0.0,0.0,968.926467155836,0.0,0.0,925.980794825108,0.0,0.0,0.0,0.0,915.5963813149731,253.58626595893097,-968.7499999999992,-967.8224434213666,0.0,-253.58626595893097,1000.0,0.0,0.0,0.0,968.7499999999992,22.477578416481492,0.0,-1.5417203847403136,-3.083440769480627,-776.854451287028,0.0,43.83829998369947,692.2364997708768,0.0,18.500644616883765,0.0,0.0,0.0,0.0,0.0,573.0804935127569,0.0,-542.4388991184201,542.4388991184201,542.4388991184201,763.3479949652439,0.0,0.0,-115.06621549553522,0.0,0.0,284.7875837477071,0.0,0.0,-137.98551978389065,0.0,0.0,0.0,0.0,0.0,0.0,0.0,-390.47561135722185,0.12333763077924687,0.0,0.0,0.0,0.0,0.0,0.0,0.0,0.0,0.0,0.0,0.0,0.0,0.0,0.0,0.0,0.0,0.0,0.0,0.0,0.0678356969286348,0.0678356969286348,0.0,269.42549744638643,0.0,37.00128923376753,0.0,0.0,0.0,-384.4189291150449,0.0,0.0,0.0,0.0,0.0,1000.0,384.4189291150449,0.0,0.0,706.935259006003,0.0,0.0,0.0,0.0,0.0,0.0,0.0,0.0,0.0,0.0,278.79499231454537,-871.0431666224309,0.0,0.0,4.748498785000163,0.0,0.0,0.0,-110.45618876068535,0.0,1000.0,0.0,609.5243886427781,0.0,0.0,0.0,542.4388991184201,0.0,0.0,0.0,0.0,0.0,0.0,0.0,0.0,0.0,0.0,0.0,0.0,0.0,37.00128923376753,381.37075729979915,381.37075729979915,0.0,0.0,0.0,0.0,0.0,0.0,0.0,0.0,0.0,0.0,0.6166881538961255,0.0,0.0,0.0,0.0,0.0,0.0,0.0,0.0,18.500644616883765,-706.935259006003,0.0,0.0,0.0,0.0,0.0,0.0,0.0,0.0,0.0,-484.7219364814607,0.0,0.0,18.500644616883765,18.500644616883765,-314.1957489524233,384.4189291150449,0.0,0.0,0.0,0.0,0.0,0.0,0.0,1000.0,284.7875837477071,1000.0,0.06166881538961254,0.0,0.0,4.973149469633754,0.0,545.8920734573941,0.0,0.0,0.0,0.0,0.0,0.0,0.0,0.0,0.0,0.0,0.0,0.0,0.0,0.0,0.0,0.0,0.06166881538961254,0.0,0.0,0.0,-1000.0,1000.0,0.0,0.0,0.0,0.0,-74.01920517489202,1000.0,0.0,0.0,-795.0378537587118,-4.625161154220962,-3.083440769480627,0.0,0.0,0.0,0.0,0.0,0.0,0.0,0.0,0.0,0.0,0.0,0.0,381.37075729979915,0.0,0.0,0.0,46.921740753180096,0.0,0.0,0.0,573.0188246973673,0.0,0.0,0.06166881538961254,0.0,0.06166881538961254,0.0,561.8769608388387,0.0,37.00128923376753,75.23595477532731,75.23595477532731,0.0,0.0,0.0,0.0,0.0,0.0,0.0,0.0,0.0,284.7875837477071,0.0,0.0,0.0,0.0,0.0,0.0,0.0,0.0,0.0,0.0,0.0,0.0,0.0,0.0,0.0,0.0,0.0,110.45618876068535,0.0,0.0,0.0,0.09250322308441881,0.0,0.0,0.0,-18.500644616883765,0.0,0.0,0.0,0.0,0.0,-269.42549744638643,3.083440769480627,0.0,0.0,0.0,93.75000000000001,1000.0,-517.6981801906784,0.0,0.0,0.0,0.0,0.0,0.0,0.0,0.0,381.37075729979915,0.0,706.935259006003,-213.8073679423469,-273.01340167203364,0.0,66.89459677825528,224.31824195683365,0.0,482.3018198093216,0.0,-482.3018198093216,0.0,-1000.0,0.0,3.083440769480627,1000.0,0.0,0.0,0.0,-137.98551978389065,-675.1855976737377,675.1855976737377,0.0,0.0,0.0,-930.7292936101081,0.0,0.0,0.0,0.0,-9.250322308441923,75.23595477532731,0.0,0.0,0.0,0.0,0.0,0.0,0.0,0.0,0.0,0.0,0.0,0.0,274.0506586006074,-4.973149469633754,480.9593550990329,0.0,18.500644616883765,0.0,0.0,0.0,0.0,-220.1405384074318,0.0,0.0,0.0678356969286348,0.0,0.0,0.0,37.61797738766366,0.0,0.0,0.0,0.0,-371.97496674033806,0.0,0.0,0.0,0.0,0.0,0.0,0.0,0.0,0.0,0.0,0.006166881538961255,0.006166881538961255,0.0,0.0,0.0,0.0,0.0,0.0,0.0,0.0,0.0,4.973149469633754,0.0,0.0,0.0,0.0,0.0,269.42549744638643,0.0,0.0,0.0,0.0,0.0,0.0,0.0,16.568314274400848,0.0,0.0,0.0,0.0,91.45044423587018,0.0,-170.8964901066575,0.0,0.0,0.0,37.00128923376753,0.0,0.0,0.0,0.0,0.0,0.0,-37.00128923376753,0.0,0.0,0.0,0.0,0.0,0.0,0.0,0.0,0.0,0.0,0.0,0.0,-43.52903090199516,-1000.0,42.2431385418846,0.0,-18.500644616883765,0.0,794.7911784971536,0.0,0.0,0.0,0.0,0.0,0.0,0.0,0.0,0.0,0.0,0.0,0.0,0.0,0.0,0.0,0.0,0.0,-7.7086019237015675,381.37075729979915,-920.221542469194,4.625161154220948,0.0,0.0,0.0,0.0,0.0,-0.7708601923701569,0.0,137.98551978389065,0.0,0.0,0.0,0.0,0.0,0.0,0.0,704.8361899220705,18.500644616883765,18.500644616883765,0.0,0.0,0.0,0.0,0.0,0.0678356969286348,269.42549744638643,0.0,0.0,-794.7911784971536,0.0,0.0,0.0,0.0,0.0,0.0,0.0,0.0,0.0,0.0,0.0,0.0,0.0,0.0,0.0,0.0,0.0,19.11733277077989,0.0,64.75225615909318,4.748498785000163,0.0,0.0,0.0,0.0,0.0,269.42549744638643,0.0,512.6290035656514,0.0,0.0,0.0,-7.7086019237015675,0.0,0.0,0.0,0.0,0.0,0.0,0.0,0.0,0.0,0.0,0.0,0.0,0.0,0.0,0.0,0.0,0.0,0.0,-0.06166881538961254,0.0,0.0,3.083440769480627,-1000.0,0.0,0.0,0.0,0.0,381.37075729979915,0.0,0.0,0.0,5.3096850050457,1.5417203847403136,0.0,0.0,561.8769608388387,0.06166881538961254,0.0,61.66881538961254,0.0,12.33376307792251,0.44049153849723244,210.2906604785788,-0.04625161154220941,945.3448650048852,1.233376307792251,-0.30834407694771926,-210.2906604785788,18.500644616883765,-0.061668815389612545,107.1912771668535,0.0,0.015417203847403136,0.44049153849723244,-321.57383150056046,-9.817675410027164,-1.233376307792251,-249.05078076500484,-0.061668815389612545,0.015417203847403136,-210.2906604785788,932.1643030714262,0.061668815389612545,0.06166881538961254,-269.2959929340682,0.0678356969285738,0.0,-0.04625161154220941,18.500644616883765,0.061668815389612545,18.500644616883765,-30.834407694806274,-0.030834407694806273,59.54498952218876,264.68601818476293,-0.04625161154220941,-0.061668815389612545,0.0,0.06166881538961254,6.166881538961254,-1.233376307792251,110.45618876068535,110.45618876068535,-6.166881538961206,249.05078076500484,-110.45618876068535,12.333763077922509,0.09250322308441881,-1000.0,6.166881538961254,-278.79499231454537,0.0,-12.333763077922509,0.030834407694806273,0.6166881538961255,53.59563858342675,-260.6796385941111,-0.06166881538961254,-283.3009809090493,269.2959929340682,19.11733277077989,0.061668815389612545,9.817675410027164,-1000.0,0.0,-0.06166881538961254,-0.015417203847403136,0.0,-0.061668815389612545,-390.47561135722185,0.061668815389612594,-0.015417203847403136,-0.015417203847403136,-0.015417203847403136,24.667526155845017,30.834407694806274,0.6166881538961255,45.68888360178099,-0.015417203847403136,0.0,3.083440769480627,198.32124644809156,0.06166881538961254,0.030834407694806273,0.030834407694806273,6.166881538961254,0.0,0.06166881538961254,0.0,0.6166881538961255,0.061668815389612545,-45.68888360178099,0.061668815389612545,0.24667526155809583,0.30834407694771926,0.030834407694806273,0.015417203847403136,18.500644616883765,-0.061668815389612545,0.0,0.6166881538961255,-91.37776720356197,943.8031446201448,-6.166881538961254,12.333763077922509,3.083440769480627,-0.061668815389612545,321.57383150056046,0.09250322308441881,-0.061668815389612545,-12.333763077922509,0.0,531.5921121133705,0.030834407694806273,-396.6424928961831,-0.061668815389612545,-0.061668815389612594,-0.061668815389612545,0.030834407694806273,210.2906604785788,-12.333763077922509,0.06166881538961254,107.1912771668535,-0.015417203847403136,-0.0678356969285738,-107.1912771668535,9.25032230844188,-264.68601818476293,-497.0412102389898,210.2906604785788,-0.04625161154220941,283.3009809090493,260.6796385941111,0.061668815389612545,-0.015417203847403135,3.083440769480627,61.66881538961254,-0.030834407694806273,-0.061668815389612545,0.015417203847403136,1000.0,0.0,999.9691655923052,0.0,-654.1910284841133,0.0,785.4304797456543,-575.60876396457,925.997421532465,584.1572812766401,-1000.0,-79.22835985617779,0.0,-292.07864063832005,327.09551424205665,500.0,-925.997421532465,287.804381982285,-269.42549744638643,-311.4515737059387,0.0,79.22835985617779,-311.4515737059387,-785.4304797456543,889.6317991033466,0.0,1496.5981,bhi
145,0.0,0.0,0.0,0.0,0.0,0.0,0.0,0.0,-0.03153807101120707,0.0,0.0,0.0,0.0,0.0,0.0,0.0,1000.0,-878.1869015753671,0.0,-252.8807037079141,0.0,0.0,0.0,848.6601823755103,0.0,0.0,0.0,0.0,0.0,-1000.0,141.8153201791051,-141.8153201791051,752.5139282707753,0.0,0.0,0.0,0.0,999.8738477159553,0.0,-1000.0,-113.77300368703754,0.0,-641.1233547631658,909.6669961796395,0.0,0.0,326.6756628368265,0.0,-1000.0,-105.9514313291864,0.0,550.7903509428054,0.0,0.03469187811241499,0.0,0.0,0.0,0.0,0.0,0.0,-50.04922618008868,0.0,50.04922618008868,0.0,0.0,0.0,0.0,0.0,274.70582078596664,0.0,0.0,0.3153807101120707,0.0,0.0,0.0,0.0,0.0,0.0,0.0,0.0,0.0,0.0,-244.38023490149354,0.0,18.92284260672424,0.0,0.0,1000.0,725.932724818369,0.0,-0.007884517752801766,0.0,0.0,0.0,9.46142130336212,0.0,455.96629547538487,-317.40242540133585,640.7230164246805,0.0,0.0,51.25281355661384,-1000.0,0.0,0.0,-166.15484373223032,527.0415902199225,0.0,0.0,0.0,0.0,0.0,0.0,0.0,0.0,0.0,0.0,0.0,0.0,0.0,0.0,0.0,0.0,0.0,-367.3846227026654,0.0,0.0,455.96629547538487,0.0,9.77680201347419,0.0,0.0,709.5067816682997,-709.5067816682997,0.0,0.0,136.91332449150605,361.50069273548985,-361.50069273548985,-136.91332449150605,0.0,0.0,0.0,0.0,0.0,246.80866636935647,0.03153807101120707,0.0,0.0,0.0,472.95840978007755,-1000.0,0.0,0.0,0.0,0.0,318.2381980597365,0.0,0.0,0.0,0.0,0.0,-434.2901435309951,-434.2901435309951,0.0,0.0,0.0,0.0,-686.4494326931813,0.0,0.0,-292.4432852808788,0.0,0.0,0.0,-1000.0,0.0,0.0,0.0,0.0,0.0,0.0,0.0,0.0,0.0,0.0,0.0,0.0,0.0,0.0,0.0,-1000.0,0.0,0.0,0.0,0.0,0.0,105.9514313291864,90.33300382036049,9.514185777641387,-9.514185777641387,0.0,0.0,0.0,0.0,0.0,0.0,0.0,0.0,-970.4923912694139,0.0,0.0,0.0,0.0,0.0,0.0,0.0,0.0,0.0,0.0,0.0,0.0,0.0,0.0,-16.992114304692677,909.6669961796395,0.0,0.0,0.0,0.0,0.0,0.0,0.0,0.0,0.0,-50.04922618008868,0.0,141.8153201791051,0.0,0.0,0.0,0.0,0.0,0.0,0.0,66.6425598366627,6.307614202241414,446.50487417202277,0.0,745.4475391365655,820.7427234141272,99.84718959800188,0.0,-909.6669961796395,0.0,0.0,0.0,0.0,0.0,0.0,0.0,26.16131704466295,0.0,0.0,-85.57098298463723,0.0,0.0,-85.57098298463727,0.0,0.0,735.4469105960104,0.0,-570.7630685628342,105.9514313291864,0.0,87.99121812126772,0.0,0.0,0.0,-256.2227825738307,0.0,256.2227825738307,0.0,983.0174195752809,0.0,0.0,0.0,0.0,0.0,0.0,-50.04922618008868,-0.0473071065168106,0.0,0.0,0.0,0.0,0.03153807101120707,0.0,0.0,0.0,477.3911446879524,1000.0,0.0,-110.76989582148687,1000.0,0.0,172.34721741470045,0.0,0.0,0.0,-166.15484373223032,0.0,0.0,0.0,833.1122366692186,0.0,-833.1122366692186,-919.8156598278364,-1000.0,0.0,0.0,0.0,0.0,0.0,0.0,0.0,0.0,0.0,0.0,0.0,0.0,0.0,0.0,0.0,0.0,0.0,0.0,0.0,-1000.0,0.0,0.0,241.21413917233247,0.0,0.0,0.0,-171.63590602691409,0.0,885.103251326174,0.0,0.0,49.67591000605347,-551.1915003381489,0.0,-26.414858553587095,358.32349447884184,276.48567955218226,0.0,-968.9383821878243,-852.7312869483737,807.5498464177184,0.0,0.0,0.0,-359.111946254122,967.361478637264,99.19211121904861,0.0,254.20607462868205,0.0,0.0,455.96629547538487,-312.50000000000017,312.50000000000017,0.0,0.0,0.0,0.0,0.0,0.0,0.0,0.0,174.21584520243823,0.0,0.0,-948.8481181613556,0.0,0.0,0.0,0.0,0.0,-100.09845236017736,0.0,0.0,169.84607437364684,0.0,0.0,0.0,0.0,-472.95840978007755,0.0630761420224352,0.0,0.0,0.0,0.0,0.0,0.0,0.0,0.0,0.0,274.70582078596664,0.0,0.0,0.0,0.0,0.0,0.0,0.0,0.0,0.0,0.03469187811241499,0.03469187811241499,141.8153201791051,211.30720790096032,0.0,18.92284260672424,0.0,0.0,0.0,1000.0,0.0,0.0,0.0,0.0,0.0,1000.0,-1000.0,0.0,0.0,402.89242688851084,0.0,0.0,169.84607437364684,0.0,0.0,0.0,0.0,0.0,0.0,0.0,122.46154090088847,-477.3911446879524,0.0,0.0,2.4284314678629357,0.0,0.0,0.0,0.0,0.0,1000.0,0.0,527.0415902199225,0.0,0.0,0.0,0.0,0.0,0.0,0.0,0.0,0.0,0.0,0.0,0.0,0.0,0.0,0.0,0.0,0.0,18.92284260672424,0.0,0.0,0.0,0.0,0.0,0.0,0.0,0.0,0.0,0.0,0.0,0.0,0.3153807101120707,0.0,141.8153201791051,0.0,0.0,141.8153201791051,90.33300382036055,0.0,0.0,455.96629547538487,-402.89242688851084,0.0,0.0,0.0,0.0,0.0,0.0,0.0,0.0,0.0,1000.0,-1000.0,0.0,9.46142130336212,9.46142130336212,1000.0,-1000.0,0.0,169.84607437364684,0.0,0.0,0.0,0.0,0.0,919.8156598278364,0.0,1000.0,0.03153807101120707,0.0,0.0,0.0,41.650528209014816,893.1626505863923,0.0,0.0,0.0,0.0,0.0,0.0,0.0,0.0,0.0,0.0,0.0,0.0,0.0,0.0,0.0,0.0,0.03153807101120707,0.0,0.0,0.0,0.0,0.0,0.0,0.0,0.0,0.0,0.0,954.6814844715924,0.0,0.0,-1000.0,-2.3653553258405395,0.0,-1.5769035505603548,0.0,0.0,0.0,0.0,0.0,0.0,0.0,0.0,0.0,0.0,0.0,0.0,0.0,0.0,0.0,255.7829781792424,0.0,0.0,0.0,-0.03153807101120707,0.0,0.0,0.03153807101120707,0.0,0.03153807101120707,0.0,0.0,0.0,18.92284260672424,38.47644663367262,38.47644663367262,0.0,0.0,0.0,0.0,0.0,0.0,244.38023490149354,0.0,0.0,0.0,0.0,0.0,0.0,835.8276645832836,0.0,0.0,0.0,0.0,0.0,0.0,0.0,0.0,0.0,0.0,0.0,0.0,0.0,0.0,0.0,0.0,0.0,0.0473071065168106,0.0,0.0,0.0,-455.96629547538487,0.0,0.0,0.0,0.0,0.0,-211.30720790096032,1.5769035505603535,0.0,0.0,0.0,0.0,686.4494326931813,286.53265470074007,-1.5769035505603548,0.0,0.0,0.0,0.0,0.0,0.0,0.0,0.0,0.0,402.89242688851084,21.16817622105168,211.30720790096032,0.0,33.449867606986906,727.0078068541619,0.0,114.89674867382598,885.103251326174,-1000.0,0.0,-38.47644663367262,0.0,1.5769035505603548,877.4241332078428,0.0,0.0,-141.8153201791051,-100.09845236017736,0.0,0.0,-31.25000000003819,31.25000000003819,0.0,0.0,0.0,0.0,0.0,0.0,-4.730710651681079,38.47644663367262,0.0,-138.13385236933067,-138.13385236933067,279.94917254843574,0.0,0.0,0.0,0.0,0.0,66.6425598366627,0.0,0.0,213.67256322680086,-316.35634899498143,-23.490305835399685,-641.1233547631658,9.46142130336212,0.0,0.0,0.0,0.0,-277.70095267300513,0.0,0.0,0.03469187811241499,0.0,0.0,0.0,19.23822331683631,0.0,0.0,0.0,0.0,-16.992114304692677,0.0,527.0415902199225,0.0,0.0,0.0,0.0,0.0,0.0,-1000.0,0.0,0.003153807101120707,0.003153807101120707,0.0,0.0,0.0,0.0,0.0,0.0,0.0,0.0,0.0,0.0,141.8153201791051,0.0,0.0,0.0,0.0,211.30720790096032,0.0,0.0,0.0,0.0,0.0,0.0,0.0,105.9514313291864,0.0,0.0,0.0,0.0,907.1491624313983,-640.4599308817862,-878.1869015753671,0.0,0.0,0.0,18.92284260672424,0.0,0.0,0.0,0.0,0.0,0.0,-18.92284260672424,0.0,0.0,0.0,0.0,0.0,0.0,0.0,0.0,0.0,141.8153201791051,141.8153201791051,0.0,-1000.0,-1000.0,857.4312432259605,-1000.0,544.0337045246151,0.0,999.8738477159553,0.0,0.0,0.0,0.0,0.0,0.0,0.0,0.0,0.0,0.0,0.0,0.0,0.0,0.0,0.0,0.0,0.0,-3.9422588764008943,0.0,-52.04126533189401,838.1930199091242,0.0,0.0,0.0,0.0,0.0,0.0,-0.39422588764008837,100.09845236017736,0.0,0.0,0.0,0.0,0.0,0.0,0.0,1000.0,9.46142130336212,9.46142130336212,0.0,0.0,0.0,0.0,0.0,0.03469187811241499,211.30720790096032,0.0,0.0,-999.8738477159553,0.0,0.0,0.0,0.0,0.0,0.0,0.0,0.0,0.0,0.0,0.0,0.0,0.0,0.0,0.0,0.0,0.0,0.0,0.0,33.114974561767426,246.80866636935647,0.0,0.0,0.0,0.0,0.0,211.30720790096032,0.0,-362.7209409297435,0.0,0.0,0.0,-3.9422588764008943,0.0,0.0,0.0,0.0,0.0,0.0,0.0,0.0,0.0,0.0,0.0,0.0,0.0,0.0,0.0,0.0,0.0,0.0,-0.03153807101120707,0.0,0.0,1.5769035505603535,-1000.0,0.0,0.0,0.0,0.0,0.0,0.0,0.0,0.0,-833.1122366692186,0.7884517752801767,0.0,0.0,0.0,0.03153807101120707,0.0,31.538071011207066,-9.77680201347419,6.307614202241414,0.22527193579433621,87.99121812126772,-0.0236535532584053,26.414858553587095,0.6307614202241414,-0.15769035505593365,-87.99121812126772,9.46142130336212,-0.03153807101120707,55.38494791074344,169.84607437364684,0.007884517752801768,0.22527193579433621,-166.15484373223032,-5.020860904984341,141.18455875888094,131.06760528328118,-0.03153807101120707,0.007884517752801768,-87.99121812126772,3.153807101120707,0.03153807101120707,0.03153807101120707,-211.2409779518367,0.03469187811232778,0.0,-0.0236535532584053,9.46142130336212,0.03153807101120707,455.96629547538487,430.7358386664192,-0.015769035505603532,14.071489404724161,-3.185345172131914,-0.0236535532584053,-0.03153807101120707,-9.77680201347419,0.03153807101120707,3.153807101120707,-0.6307614202241414,0.0,0.0,-3.153807101120707,-131.06760528328118,0.0,6.307614202241414,0.0473071065168106,-1000.0,3.153807101120707,-122.46154090088847,169.84607437364684,-6.307614202241414,0.015769035505603532,0.3153807101120707,27.692473955371717,217.61482210320173,-0.03153807101120707,-218.40327387848194,211.2409779518367,9.77680201347419,0.03153807101120707,5.020860904984341,-314.5044850118245,169.84607437364684,-0.03153807101120707,-0.007884517752801766,-169.84607437364684,-0.03153807101120707,-1000.0,0.03153807101125494,-0.007884517752801766,-0.007884517752801766,-0.007884517752801766,12.615228404482828,-430.7358386664192,0.3153807101120707,150.61834523888606,-0.007884517752801766,0.0,1.5769035505603535,238.05610844059913,0.03153807101120707,0.015769035505603532,0.015769035505603535,88.07684428794413,9.77680201347419,0.03153807101120707,-9.77680201347419,0.3153807101120707,0.03153807101120707,-405.12349899580374,0.03153807101120707,0.12615228404472167,0.15769035505593365,0.015769035505603532,0.007884517752801768,9.46142130336212,-0.03153807101120707,0.0,-70.59227937944047,-301.23669047777213,25.62640677830692,-3.153807101120707,6.307614202241414,1.5769035505603535,-0.03153807101120707,166.15484373223032,0.0473071065168106,-0.03153807101120707,-176.15368857588825,9.77680201347419,346.29029515085324,0.015769035505603535,-476.11221688119826,-0.03153807101120707,-0.03153807101125494,-0.03153807101120707,0.015769035505603535,87.99121812126772,-6.307614202241414,0.03153807101120707,55.384947910743435,-0.007884517752801766,-0.03469187811232778,-55.384947910743435,4.7307106516810595,3.185345172131914,-81.01765092646411,87.99121812126772,-0.0236535532584053,218.40327387848194,-217.61482210320173,0.03153807101120707,-0.00788451775280177,1.5769035505603548,31.538071011207066,-0.015769035505603532,-0.03153807101120707,0.007884517752801766,1000.0,0.0,264.53732036848396,254.50515375691768,864.8222258838862,0.0,937.7343260635471,-26.20311278596116,0.0,-798.6734394638275,-907.5312662588416,-39.757481809228324,-735.4469105960104,399.3367197319138,-432.4111129419431,453.7656331294208,0.0,13.10155639298058,-211.30720790096032,-68.58934247784808,735.4469105960104,39.757481809228324,-68.58934247784808,-937.7343260635471,624.5425019871254,0.0,1496.5981,bhi
146,0.0,0.0,0.0,0.0,0.0,0.0,0.0,0.0,-0.009745654617938242,0.0,0.0,0.0,0.0,0.0,0.0,0.0,-606.8973139820051,817.9139359959064,0.0,0.0,0.0,0.0,0.0,0.0,0.0,0.0,0.0,0.0,0.0,364.6565736807492,256.7167949757121,-256.7167949757121,768.9654410579581,0.0,0.0,0.0,0.0,984.2320894650187,0.0,-1000.0,460.53457388646837,0.0,-15.41952729815813,-452.8088918525948,0.0,0.0,0.0,146.19403692445036,-84.63439555765899,0.0,0.0,-764.2645004133517,0.0,0.010720220079724393,0.0,0.0,0.0,0.0,0.0,0.0,16.504848755717088,0.0,0.0,-292.30129443720557,0.0,0.0,0.0,0.0,582.3793013721796,-582.3793013721796,0.0,0.09745654617938242,0.0,0.0,0.0,0.0,0.0,0.0,0.0,0.0,0.0,0.0,0.0,0.0,5.847392770762945,0.0,0.0,-1000.0,-289.49967629769054,606.9119324639321,-0.0024364136544845604,0.0,0.0,-362.9165335485003,2.9236963853814726,0.0,539.4654261135316,-257.0306050544098,0.0,0.0,0.0,663.0417755586005,364.6565736807492,0.0,0.0,-102.44359046637317,0.0,0.0,0.0,0.0,0.0,0.0,0.0,0.0,0.0,0.0,0.0,0.0,0.0,0.0,0.0,0.0,0.0,0.0,-191.0686606259736,0.0,0.0,539.4654261135316,0.0,3.0211529315608545,0.0,0.0,-85.1433308018062,85.1433308018062,0.0,0.0,-308.80614319292266,-312.3750000000314,312.3750000000314,0.0,0.0,0.0,0.0,0.0,0.0,0.7504154055812463,0.009745654617938242,0.0,0.0,0.0,0.0,0.0,0.0,0.0,0.0,0.0,485.24656500988357,0.0,0.0,0.0,0.0,0.0,334.9174935279854,334.9174935279854,0.0,0.0,0.0,0.0,0.0,0.0,0.0,591.6440341583154,0.0,0.0,0.0,0.0,0.0,0.0,0.0,0.0,0.0,0.0,0.0,0.0,0.0,0.0,-146.11876219353977,0.0,0.0,0.0,0.0,-1000.0,0.0,0.0,0.0,0.0,0.0,0.0,779.6840277115098,-304.91920359584867,304.91920359584867,308.80614319292266,0.0,0.0,0.0,0.0,0.0,0.0,0.0,-1000.0,0.0,0.0,0.0,0.0,0.0,0.0,0.0,0.0,0.0,0.0,0.0,0.0,0.0,0.0,364.0166293208704,-452.8088918525948,0.0,0.0,0.0,0.0,-308.80614319292266,0.0,0.0,0.0,0.0,16.504848755717088,0.0,256.7167949757121,0.0,0.0,0.0,0.0,0.0,0.0,0.0,0.0,148.14316784803802,536.5417297281501,0.0,0.0,0.0,-609.8695714419978,0.0,452.8088918525948,0.0,0.0,308.80614319292266,594.1459804052201,0.0,0.0,0.0,-146.70371311817095,0.0,0.0,-994.0950410490268,253.64208352381502,0.0,-303.93403397801126,-943.8030905948303,690.1610070710153,-594.4188798935393,0.0,833.364627544365,0.0,0.0,27.190376384047692,0.0,0.0,0.0,0.0,0.0,0.0,0.0,950.3070540948339,0.0,0.0,0.0,0.0,0.0,0.0,16.504848755717088,-0.014618481926907363,0.0,0.0,0.0,0.0,0.009745654617938242,0.0,0.0,0.0,460.53457388646837,-606.8973139820051,0.0,-764.2746425038944,409.4858827390419,0.0,1000.0,0.0,183.5353513523844,0.0,-102.44359046637317,0.0,0.0,0.0,952.3968019180536,-135.932153270438,-1000.0,-1000.0,-1000.0,0.0,0.0,0.0,0.0,0.0,0.0,0.0,0.0,0.0,0.0,0.0,0.0,0.0,0.0,0.0,0.0,0.0,-15.728927916509548,0.0,-1000.0,0.0,0.0,0.0,0.0,0.0,0.0,856.1190068383586,0.0,0.0,0.0,329.85717928396485,662.5544928277037,0.0,0.0,668.2354708552513,0.0,-446.4471481017416,0.0,0.0,67.12864320145349,-363.34424920913017,0.0,-1000.0,0.0,-0.24364136544845605,-0.4872827308969121,554.4482552371686,0.0,-127.6347290211931,1000.0,-496.31223286631206,539.4654261135316,812.5000000001048,-812.5000000001048,0.0,0.0,0.0,0.0,0.0,0.0,0.0,0.0,360.96740262491255,0.0,0.0,-358.6825112457545,0.0,0.0,0.0,0.0,0.0,-275.7964456814885,0.0,0.0,0.0,0.0,0.0,0.0,0.0,-175.44879679266126,0.019491309235882992,0.0,0.0,0.0,0.0,0.0,0.0,0.0,0.0,0.0,0.0,0.0,0.0,0.0,0.0,0.0,0.0,0.0,0.0,0.0,0.010720220079724393,0.010720220079724393,256.7167949757121,280.3322929537042,0.0,5.847392770762945,0.0,0.0,0.0,1000.0,0.0,0.0,0.0,0.0,0.0,1000.0,-1000.0,0.0,0.0,0.0,0.0,0.0,0.0,0.0,0.0,0.0,0.0,0.0,0.0,0.0,63.689553541991195,-460.53457388646837,0.0,0.0,0.7504154055812463,0.0,0.0,-362.9165335485003,-362.9165335485003,0.0,1000.0,0.0,0.0,824.5512032073387,0.0,0.0,0.0,0.0,0.0,0.0,0.0,0.0,0.0,0.0,0.0,0.0,0.0,0.0,0.0,0.0,5.847392770762945,308.80614319292266,308.80614319292266,0.0,0.0,0.0,0.0,0.0,0.0,0.0,0.0,0.0,0.0,0.09745654617938242,0.0,256.7167949757121,0.0,0.0,256.7167949757121,779.6840277115098,0.0,0.0,539.4654261135316,0.0,0.0,0.0,0.0,0.0,0.0,0.0,0.0,0.0,0.0,1000.0,0.0,0.0,2.9236963853814726,2.9236963853814726,158.5324166783003,-1000.0,0.0,0.0,0.0,0.0,0.0,0.0,0.0,-101.6350737654517,0.0,45.19046003544349,0.009745654617938242,0.0,0.0,0.0,12.870529159361439,739.527056917873,0.0,362.9165335485003,0.0,0.0,0.0,0.0,0.0,0.0,0.0,0.0,0.0,0.0,0.0,0.0,0.0,0.0,0.009745654617938242,0.0,0.0,0.0,0.0,0.0,0.0,0.0,0.0,0.0,0.0,856.1190068383586,0.0,0.0,-984.2710720834905,-0.7309240963453681,-0.4872827308969363,0.0,0.0,-906.25,-906.25,906.25,0.0,0.0,0.0,0.0,0.0,0.0,0.0,308.80614319292266,0.0,0.0,0.0,-623.4596791566082,0.0,0.0,0.0,-0.009745654617938242,0.0,0.0,0.009745654617938242,0.0,0.009745654617938242,0.0,0.0,0.0,5.847392770762945,11.889698633884656,11.889698633884656,0.0,0.0,0.0,0.0,0.0,0.0,0.0,0.0,0.0,0.0,0.0,0.0,0.0,953.2359027806581,0.0,0.0,0.0,0.0,0.0,0.0,0.0,0.0,0.0,0.0,0.0,0.0,0.0,0.0,0.0,0.0,0.0,0.014618481926907363,0.0,0.0,0.0,-539.4654261135316,0.0,0.0,0.0,0.0,0.0,-280.3322929537042,0.4872827308969121,0.0,0.0,0.0,0.0,0.0,143.8809931616414,0.0,0.0,0.0,0.0,0.0,0.0,0.0,0.0,308.80614319292266,0.0,0.0,1000.0,280.3322929537042,0.0,-840.2493764944575,637.0834664514998,0.0,1000.0,0.0,-1000.0,0.0,582.2562817713355,0.0,0.4872827308969363,962.1225387619213,0.0,0.0,-256.7167949757121,-275.7964456814885,0.0,0.0,0.0,0.0,0.0,-600.1526272682275,0.0,0.0,0.0,144.65691400084896,0.0,11.889698633884656,0.0,256.7167949757121,256.7167949757121,0.0,0.0,0.0,0.0,0.0,0.0,0.0,0.0,0.0,282.5250652427403,-12.870529159361439,0.0,-15.41952729815813,2.9236963853814726,0.0,0.0,0.0,0.0,140.6391601421122,0.0,0.0,0.010720220079724393,0.0,0.0,0.0,5.944849316942327,0.0,0.0,0.0,0.0,364.0166293208704,0.0,0.0,0.0,0.0,0.0,0.0,0.0,0.0,-480.3796073668286,0.0,0.0009745654617938243,0.0009745654617938243,0.0,0.0,0.0,0.0,0.0,0.0,0.0,0.0,0.0,0.0,256.7167949757121,0.0,0.0,0.0,0.0,280.3322929537042,0.0,0.0,0.0,0.0,0.0,0.0,0.0,0.0,0.0,0.0,0.0,0.0,0.0,314.6196317342054,817.9139359959064,0.0,0.0,0.0,5.847392770762945,0.0,0.0,0.0,0.0,0.0,0.0,-5.847392770762945,0.0,0.0,0.0,0.0,0.0,0.0,0.0,0.0,0.0,256.7167949757121,256.7167949757121,0.0,-45.19046003544349,-736.9785000847024,959.9116761939456,0.0,-539.4654261135316,0.0,984.2320894650187,0.0,0.0,0.0,0.0,0.0,0.0,0.0,0.0,0.0,0.0,0.0,0.0,0.0,0.0,0.0,0.0,0.0,-1.2182068272423043,308.80614319292266,-663.2854169240491,952.5049786843127,0.0,0.0,0.0,0.0,0.0,64.40644021947264,-64.52826090219688,275.7964456814885,0.0,0.0,0.0,0.0,0.0,0.0,0.0,1000.0,2.9236963853814726,2.9236963853814726,0.0,0.0,0.0,0.0,0.0,0.010720220079724393,280.3322929537042,0.0,0.0,-984.2320894650187,0.0,0.0,0.0,0.0,0.0,0.0,0.0,0.0,0.0,0.0,0.0,0.0,0.0,0.0,0.0,0.0,0.0,0.0,0.0,10.232937348835154,0.7504154055812463,0.0,0.0,0.0,0.0,0.0,280.3322929537042,0.0,-401.3988809469482,0.0,0.0,0.0,-1.2182068272423043,0.0,0.0,0.0,0.0,0.0,0.0,0.0,0.0,0.0,0.0,0.0,0.0,0.0,0.0,0.0,0.0,0.0,0.0,-0.009745654617938242,0.0,0.0,0.4872827308969121,-1000.0,0.0,0.0,0.0,0.0,308.80614319292266,0.0,0.0,0.0,-952.3968019180536,0.24364136544845605,0.0,0.0,0.0,0.009745654617938242,0.0,9.745654617938241,-3.0211529315608545,1.9491309235876484,0.06961181869955888,27.190376384047692,-0.007309240963453681,331.76452914474874,0.19491309235876486,-0.04872827308975047,-27.190376384047692,2.9236963853814726,-0.009745654617938242,34.14786348879105,0.0,0.0024364136544845604,0.06961181869955888,-102.44359046637317,-1.5515082151757724,256.52188188335333,-211.01662201390127,-0.009745654617938235,0.0024364136544845604,-27.190376384047692,0.9745654617938242,0.009745654617938242,0.009745654617938242,-280.31182707900655,0.010720220079732065,0.0,-0.007309240963453681,2.9236963853814726,0.009745654617938242,539.4654261135316,531.668902419181,-0.004872827308969121,-280.35938407713724,307.8218320765109,-0.007309240963453681,-0.009745654617938242,-3.0211529315608545,0.009745654617938242,0.9745654617938726,-0.19491309235876486,0.0,0.0,-0.9745654617938242,211.01662201390127,0.0,1.9491309235876484,0.014618481926907363,-1000.0,0.9745654617938242,-63.689553541991195,0.0,-1.9491309235876484,0.004872827308969121,0.09745654617938242,191.0686606259736,282.28142387729184,-0.009745654617938242,-282.5250652427403,280.31182707900655,3.0211529315608545,0.009745654617938242,1.5515082151757724,-548.2365152696763,0.0,-0.009745654617938242,-0.0024364136544845604,0.0,-0.009745654617938242,-175.44879679266126,0.00974565461777388,-0.0024364136544845604,-0.0024364136544845604,-0.0024364136544845604,3.898261847175297,-531.668902419181,0.09745654617938242,7.220311865068481,-0.0024364136544845604,347.9894577631561,0.4872827308969121,88.21168112722754,0.009745654617938242,0.004872827308969121,0.004872827308969121,0.9745654617938242,3.0211529315608545,0.009745654617938242,-3.0211529315608545,0.09745654617938242,0.009745654617938242,-7.220311865068481,0.009745654617938242,0.03898261847177764,0.04872827308975047,0.004872827308969121,0.0024364136544845604,2.9236963853814726,-0.009745654617938242,0.0,-128.26094094167667,-14.440623730136963,331.52088777930027,-0.9745654617938726,1.9491309235876484,0.4872827308969121,-0.009745654617938242,102.44359046637317,0.014618481926907363,-0.009745654617938242,-1.9491309235876484,3.0211529315608545,-37.566445271810586,0.004872827308969121,-176.42336225445507,-0.009745654617938242,-0.00974565461777388,-0.009745654617938242,0.004872827308969121,27.190376384047692,-1.9491309235876484,0.009745654617938242,382.1373212519472,-0.0024364136544845604,-0.010720220079732065,-382.1373212519472,1.461848192690736,-307.8218320765109,-284.3566276235722,27.190376384047692,-0.007309240963453681,282.5250652427403,-282.28142387729184,0.009745654617938235,-0.0024364136544845604,330.3444620148618,9.745654617938241,-0.004872827308969121,-0.009745654617938242,0.0024364136544845604,1000.0,0.0,987.5020746022982,0.0,-822.8307532366698,0.0,632.0851088319542,-132.09735357351468,0.0,-890.7267331867924,-1000.0,838.3002455708698,-12.493052570392877,445.3633665933962,411.4153766183349,500.0,0.0,66.04867678675734,-280.3322929537042,-103.07271487030161,12.493052570392877,-838.3002455708698,-103.07271487030161,-632.0851088319542,589.6735293199183,0.0,1496.5981,bhi
147,0.0,0.0,0.0,0.0,0.0,0.0,0.0,0.0,460.01074696903623,0.0,0.0,0.0,0.0,0.0,0.0,0.0,497.2692851441536,-977.5616673770471,0.0,805.2430747882536,0.0,0.0,0.0,0.0,0.0,0.0,0.0,0.0,0.0,336.90097750292307,0.0,0.0,0.0,0.0,0.0,0.0,0.0,540.3674544032283,0.0,-242.24795170648895,310.66884578922526,0.0,0.0,0.0,0.0,0.0,0.0,0.0,-1000.0,0.0,0.0,-8.04383895299523,0.0,0.07240572168431036,0.0,0.0,0.0,13.164676669863363,0.0,0.0,-98.30602652267025,0.0,1000.0,688.9107823133874,851.7007286668411,0.0,0.0,0.0,243.55137073747244,-243.55137073747244,0.0,0.6582338334931682,0.0,0.0,0.0,0.0,0.0,0.0,0.0,0.0,0.0,0.0,0.0,0.0,39.49403000959009,0.0,163.43691095035456,1000.0,502.5932361449504,-251.17851117951525,-0.016455845837329203,0.0,0.0,0.0,19.747015004795045,0.0,417.32564804588213,0.0,0.0,0.0,0.0,600.6970387450737,336.90097750292307,0.0,0.0,0.0,0.0,0.0,0.0,0.0,0.0,0.0,0.0,0.0,0.0,0.0,0.0,0.0,0.0,0.0,0.0,0.0,0.0,0.0,-280.7778418251093,0.0,0.0,417.32564804588213,0.0,20.405248838288212,20.405248838288212,0.0,-426.4118115290537,0.0,426.4118115290537,-426.4118115290537,0.0,0.0,0.0,-212.78319116394246,0.0,0.0,0.0,0.0,0.0,168.50531146825196,0.06582338334931681,0.0,0.0,0.0,0.0,-568.0835240506009,0.0,0.0,0.0,0.0,754.603884784569,0.0,0.0,0.0,0.0,0.0,394.6638523040096,394.6638523040096,0.0,0.0,0.0,-781.25,-443.0465437262965,0.0,0.0,394.7296756873589,0.0,0.0,0.0,-278.8803611602701,0.0,0.0,0.0,0.0,0.0,0.0,0.0,0.0,0.0,0.0,-133.85723464440997,0.0,0.0,0.0,0.0,-1000.0,0.0,0.0,0.0,0.0,0.0,0.0,8.04383895299523,-251.41472496543517,251.41472496543517,212.78319116394246,0.0,0.0,0.0,0.0,0.0,0.0,0.0,388.31668236365886,0.0,0.0,0.0,0.0,0.0,0.0,0.0,0.0,0.0,0.0,0.0,0.0,0.0,133.41065619044093,-8.008489568585333,157.78589839992807,0.0,0.0,0.0,0.0,-151.4709914663731,0.0,0.0,0.0,0.0,-98.30602652267025,157.78589839992807,0.0,0.0,0.0,0.0,0.0,0.0,0.0,0.0,2.119512943848349,0.0,397.5786330410871,0.0,245.99203888961438,1000.0,-243.37088601244,0.0,-157.78589839992807,0.0,0.0,212.78319116394246,993.2860148983697,0.0,0.0,0.0,-159.2800858483804,0.0,0.0,-86.48526507248812,-1000.0,0.0,913.5147349275119,0.0,1000.0,251.17851117951525,0.0,-431.77715650722394,0.0,0.0,163.14553752360098,0.0,0.0,0.0,-583.0132445805259,0.0,583.0132445805259,0.0,-95.71270393040339,0.0,0.0,1000.0,-781.2499999999999,0.0,0.0,-98.30602652267025,-0.09873507502397522,0.0,0.0,0.0,0.0,0.06582338334931681,0.0,0.0,0.0,519.2426393127002,497.2692851441536,0.0,-632.6137697198824,146.77424062181774,0.0,727.9944938351074,0.0,0.0,0.0,0.0,0.0,0.0,0.0,-5.667393306376239,756.4486292625276,-750.7812359561514,-1000.0,-1000.0,0.0,0.0,0.0,0.0,0.0,0.0,0.0,0.0,0.0,0.0,0.0,0.0,0.0,0.0,0.0,0.0,0.0,-459.3692520633745,0.0,-1000.0,0.0,0.0,0.0,0.0,0.0,442.3992152739763,318.3409942719426,0.0,0.0,0.0,0.0,597.4058695776079,0.0,-906.2500000000001,0.0,-1.6455845837329204,-1000.0,431.54787706807696,0.0,-337.84994972370384,1000.0,906.2500000000001,-301.9941039562698,1000.0,0.0,-3.2911691674658408,0.0,0.0,182.5756072888816,0.0,-650.9271887938224,417.32564804588213,0.0,0.0,0.0,0.0,0.0,460.07657035238554,437.5,304.089343809559,-304.089343809559,-304.089343809559,-258.42224619027627,0.0,0.0,0.0,0.0,0.0,0.0,0.0,0.0,-82.52142230857385,0.0,187.5000000000071,0.0,0.0,0.0,0.0,0.0,-993.4176616650683,0.13164676669860453,0.0,0.0,0.0,0.0,0.0,0.0,0.0,0.0,0.0,0.0,0.0,0.0,0.0,0.0,0.0,0.0,0.0,0.0,0.0,0.07240572168431036,0.07240572168431036,0.0,273.1423392331535,0.0,39.49403000959009,0.0,0.0,0.0,1000.0,0.0,173.38225447601314,163.43691095035456,0.0,0.0,1000.0,-1000.0,0.0,0.0,0.0,0.0,0.0,0.0,0.0,0.0,0.0,0.0,0.0,0.0,0.0,93.5926139417031,-519.2426393127002,568.0835240506009,0.0,168.50531146825196,0.0,0.0,0.0,-61.31219969756935,0.0,1000.0,0.0,1000.0,-993.4176616650683,0.0,0.0,133.41065619044093,0.0,0.0,0.0,0.0,0.0,0.0,0.0,0.0,0.0,0.0,0.0,0.0,0.0,39.49403000959009,212.78319116394246,212.78319116394246,0.0,0.0,0.0,0.0,0.0,0.0,0.0,0.0,0.0,0.0,0.6582338334931682,0.0,0.0,163.43691095035456,-163.43691095035456,0.0,8.04383895299523,0.0,0.0,417.32564804588213,0.0,0.0,0.0,0.0,0.0,0.0,0.0,0.0,0.0,0.0,1000.0,274.9408200626806,0.0,19.747015004795045,19.747015004795045,-138.57927087817666,-1000.0,0.0,0.0,0.0,0.0,0.0,0.0,0.0,596.9051655181887,0.0,757.0080436584356,0.06582338334931681,0.0,0.0,0.0,5.308185700098477,993.4176616650683,0.0,0.0,0.0,0.0,0.0,0.0,0.0,0.0,0.0,0.0,0.0,0.0,0.0,0.0,0.0,0.0,0.06582338334931681,0.0,0.0,0.0,0.0,0.0,0.0,0.0,0.0,0.0,0.0,777.7102463353172,0.0,0.0,-1000.0,-4.9367537511988075,-3.2911691674658434,0.0,0.0,468.75,468.75,-468.75,0.0,0.0,0.0,0.0,0.0,0.0,0.0,212.78319116394246,0.0,0.0,0.0,-465.060412337475,0.0,0.0,0.0,460.01074696903623,0.0,0.0,0.06582338334931681,0.0,0.06582338334931681,0.0,0.0,0.0,39.49403000959009,80.30452768616651,80.30452768616651,0.0,0.0,0.0,0.0,0.0,0.0,0.0,568.0835240506009,0.0,0.0,0.0,0.0,0.0,0.0,0.0,0.0,0.0,0.0,0.0,0.0,0.0,0.0,0.0,0.0,0.0,0.0,0.0,61.31219969756935,0.0,0.0,0.0,0.09873507502397522,0.0,0.0,0.0,-417.32564804588213,0.0,0.0,0.0,0.0,0.0,-273.1423392331535,3.2911691674658408,0.0,0.0,0.0,781.2499999999999,443.0465437262965,0.0,0.0,0.0,187.5000000000071,0.0,0.0,0.0,0.0,0.0,212.78319116394246,0.0,0.0,1000.0,139.73168304271258,0.0,257.96533440414686,993.4176616650683,459.3692520633745,318.3409942719426,0.0,-777.7102463353172,0.0,912.9814872122032,0.0,3.2911691674658434,1000.0,0.0,0.0,0.0,-409.39524420928296,0.0,0.0,0.0,0.0,0.0,-488.96581868404274,0.0,0.0,0.0,128.92048089321133,-4.9367537511987365,80.30452768616651,0.0,0.0,0.0,0.0,0.0,0.0,0.0,0.0,0.0,2.119512943848349,0.0,0.0,283.015846735551,-5.308185700098477,-235.00530982321482,0.0,19.747015004795045,163.43691095035456,0.0,0.0,0.0,250.06473363963642,0.0,0.0,0.07240572168431036,0.0,0.0,0.0,40.152263843083254,0.0,0.0,0.0,0.0,-8.008489568585333,0.0,0.0,0.0,0.0,0.0,0.0,0.0,0.0,0.0,0.0,0.00658233833493187,0.00658233833493187,0.0,0.0,0.0,0.0,0.0,0.0,0.0,0.0,0.0,0.0,0.0,0.0,0.0,0.0,0.0,273.1423392331535,0.0,0.0,0.0,0.0,0.0,0.0,0.0,0.0,0.0,0.0,0.0,326.8738219007091,376.0483275223321,0.0,-977.5616673770471,0.0,0.0,0.0,39.49403000959012,0.0,0.0,0.0,0.0,0.0,960.5059699904099,-1000.0,0.0,326.8738219007091,0.0,0.0,0.0,0.0,0.0,0.0,0.0,0.0,0.0,0.0,-757.0080436584356,-66.19385697888822,45.089017594281984,354.21676316741747,-771.5424112132996,0.0,540.3674544032283,0.0,0.0,0.0,0.0,0.0,0.0,0.0,0.0,0.0,0.0,0.0,0.0,0.0,0.0,0.0,0.0,0.0,-8.227922918664651,212.78319116394246,-602.3426233288067,0.0,0.0,0.0,0.0,0.0,0.0,0.0,-0.8227922918664603,82.52142230857385,0.0,0.0,0.0,0.0,0.0,0.0,0.0,1000.0,19.747015004795045,19.747015004795045,0.0,0.0,0.0,0.0,0.0,0.07240572168431036,273.1423392331535,0.0,0.0,-540.3674544032283,0.0,0.0,0.0,0.0,0.0,0.0,0.0,0.0,0.0,0.0,0.0,0.0,0.0,0.0,0.0,0.0,0.0,20.405248838288212,0.0,69.11455251678265,168.50531146825196,0.0,0.0,0.0,0.0,0.0,273.1423392331535,0.0,-3.2911691674658434,0.0,0.0,0.0,-8.227922918664651,0.0,0.0,0.0,0.0,0.0,0.0,0.0,0.0,0.0,0.0,0.0,0.0,0.0,0.0,0.0,0.0,0.0,0.0,-0.06582338334931681,0.0,0.0,3.2911691674658408,-1000.0,0.0,0.0,0.0,0.0,212.78319116394246,0.0,0.0,0.0,5.667393306376239,1.6455845837329204,0.0,0.0,0.0,0.06582338334931681,0.0,65.82338334931681,0.0,13.164676669863363,0.47016702392369153,224.45773722117033,-0.04936753751198761,301.9941039562698,1.3164676669863364,-0.32911691674655685,-224.45773722117033,19.747015004795045,-0.06582338334931681,0.0,0.0,0.016455845837329203,0.47016702392369153,0.0,-173.91599357956602,-1.3164676669863364,-324.9506925553601,-0.06582338334931681,0.016455845837329203,-224.45773722117033,6.5823383349316815,0.06582338334931681,0.06582338334931681,-273.00411012811986,-163.3645052286703,0.0,-0.04936753751198761,19.747015004795045,0.06582338334931681,417.32564804588213,364.66694136642866,-0.032911691674658405,-754.603884784569,144.82282974809212,-0.04936753751198761,-0.06582338334931681,0.0,0.06582338334931681,6.5823383349316815,-1.3164676669863364,61.31219969756935,61.31219969756935,-6.5823383349316815,324.9506925553601,-61.31219969756935,13.164676669863363,0.09873507502397522,-1000.0,6.5823383349316815,-93.5926139417031,0.0,-13.164676669863363,0.032911691674658405,0.6582338334931682,158.1534424299706,152.89635971257593,-0.06582338334931681,-287.95260048674976,273.00411012811986,20.405248838288212,0.06582338334931681,173.91599357956602,-476.5666930602673,0.0,-0.06582338334931681,-0.016455845837329203,0.0,-0.06582338334931681,-993.4176616650683,0.06582338334931681,-0.016455845837329203,-0.016455845837329203,-0.016455845837329203,26.329353339726726,-364.66694136642866,0.6582338334931682,48.76689913892476,-0.016455845837329203,316.3068848599412,3.2911691674658408,500.0,0.06582338334931681,0.032911691674658405,0.032911691674658405,6.5823383349316815,0.0,0.06582338334931681,0.0,0.6582338334931682,0.06582338334931681,-48.76689913892476,0.06582338334931681,0.26329353339723827,0.32911691674655685,0.032911691674658405,0.016455845837329203,19.747015004795045,-0.06582338334931681,0.0,0.6582338334931682,-97.53379827784951,300.3485193725369,-6.5823383349316815,13.164676669863363,3.2911691674658408,-0.06582338334931681,0.0,0.09873507502397522,-0.06582338334931681,-13.164676669863363,0.0,20.070324490456358,0.032911691674658405,-1000.0,-0.06582338334931681,-0.06582338334931681,-0.06582338334931681,0.032911691674658405,224.45773722117033,-13.164676669863363,0.06582338334931681,316.3068848599412,-0.016455845837329203,163.3645052286703,-316.3068848599412,9.873507502397521,-144.82282974809212,-218.68236407311497,224.45773722117033,-0.04936753751198761,287.95260048674976,-152.89635971257593,0.06582338334931681,-0.016455845837329203,3.2911691674658434,65.82338334931681,-0.032911691674658405,-0.06582338334931681,0.016455845837329203,1000.0,0.0,999.9670883083253,0.0,-1000.0,0.0,806.177368808997,991.9629648930484,0.0,-160.46165246115987,-748.1600921446553,296.9535129765906,0.0,80.23082623057994,500.0,374.08004607232766,0.0,-495.9814824465242,-273.1423392331535,-270.1350581300928,0.0,-296.9535129765906,-270.1350581300928,-806.177368808997,638.0808617671663,0.0,1496.5981,bhi
148,0.0,0.0,0.0,0.0,0.0,0.0,0.0,0.0,348.29683384230964,0.0,0.0,0.0,0.0,0.0,0.0,0.0,-69.41859434488757,526.5679971687234,0.0,0.0,0.0,0.0,0.0,432.37679198820206,0.0,502.19499621490735,0.0,0.0,0.0,-531.6018771817962,0.0,0.0,0.0,0.0,0.0,0.0,0.0,96.33597182163984,0.0,-214.1725050414073,1000.0,0.0,-457.1870019130813,-497.6297326641552,0.0,0.0,0.0,0.0,0.0,0.0,0.0,-13.746297018264954,0.0,0.06925288259071749,0.0,0.0,0.0,0.0,0.0,0.0,151.10366397427293,0.0,-265.74295916578,-584.5835703692769,0.0,0.0,0.0,0.0,0.0,163.7645351893987,0.0,0.6295716599149266,0.0,0.0,0.0,0.0,0.0,0.0,0.0,757.1431980860325,0.0,0.0,-255.18752239045713,0.0,37.774299594895595,0.0,0.0,487.9340119869933,0.0,24.887688163465143,-0.015739291497873165,0.0,0.0,-1000.0,18.887149797447798,0.0,18.887149797447798,-519.1974842753294,0.0,0.0,0.0,3.147858299574633,-1000.0,0.0,0.0,-133.70851352300124,0.0,0.0,0.0,0.0,0.0,0.0,0.0,0.0,0.0,0.0,0.0,0.0,0.0,0.0,0.0,0.0,0.0,0.0,-1000.0,0.0,0.0,18.887149797447798,0.0,19.51672145736272,19.51672145736272,0.0,-1000.0,0.0,1000.0,-1000.0,-469.9442751777698,304.4652627484648,-304.4652627484648,0.0,0.0,0.0,0.0,0.0,0.0,260.03522417180204,0.06295716599149266,0.0,0.0,0.0,0.0,0.0,0.0,0.0,255.18752239045713,0.0,445.15675865189246,0.0,0.0,0.0,0.0,0.0,999.9370428340085,999.9370428340085,0.0,0.0,0.0,0.0,32.38323322598097,0.0,0.0,1000.0,0.0,0.0,0.0,-300.44699374413426,-157.55411541691026,0.0,0.0,0.0,0.0,0.0,0.0,0.0,0.0,0.0,0.0,0.0,0.0,0.0,0.0,167.3448205508413,0.0,0.0,0.0,0.0,0.0,0.0,470.93329893134626,-24.887688163465143,24.887688163465143,469.9442751777698,0.0,0.0,0.0,0.0,0.0,0.0,468.3981228182037,-1000.0,0.0,0.0,0.0,0.0,0.0,0.0,0.0,0.0,0.0,0.0,0.0,0.0,0.0,0.0,-248.5298772485547,130.08717259533753,0.0,0.0,0.0,0.0,-368.6189948807495,0.0,0.0,0.0,0.0,151.10366397427293,627.7169052594928,0.0,0.0,0.0,0.0,0.0,0.0,0.0,0.0,0.0,12.591433198298532,0.0,0.0,-316.3058713344876,-748.6051850841038,933.9796227548744,0.0,-130.08717259533753,0.0,0.0,469.9442751777698,76.80774250962104,0.0,0.0,0.0,-397.19218618086734,0.0,0.0,-662.4007312132564,-662.4007312132564,0.0,0.0,0.0,662.4007312132564,-24.887688163465143,0.0,0.0,0.0,0.0,113.35865573396967,0.0,0.0,0.0,0.0,0.0,0.0,0.0,1000.0,0.0,0.0,0.0,0.0,0.0,0.0,151.10366397427293,-0.09443574898723898,0.0,0.0,0.0,0.0,0.06295716599149266,0.0,0.0,0.0,-287.55725064530935,-69.41859434488757,0.0,-355.1505208282352,-295.5231280019742,157.55411541691026,915.7037433054512,0.0,-149.0542834162908,0.0,-133.70851352300124,0.0,0.0,0.0,-5.420611991867593,154.47489540815837,0.0,-1000.0,-1000.0,0.0,0.0,0.0,0.0,0.0,0.0,0.0,0.0,0.0,0.0,0.0,0.0,0.0,0.0,0.0,0.0,0.0,0.0,0.0,-1000.0,255.18752239045713,903.4121995143952,517.1702635304036,0.0,0.0,0.0,-260.03522417180204,0.0,0.0,0.0,0.0,0.0,629.1808213901642,843.7500000000008,-1000.0,0.0,-783.6557167983226,-383.2332158357421,0.0,-84.77182400754486,0.0,-843.7500000000008,996.8521417004254,1000.0,-1.5739291497873165,-3.147858299574633,0.0,0.0,-279.95281344519515,-80.25403065569895,0.0,18.887149797447798,937.5,-937.5,0.0,0.0,0.0,348.3597910083011,0.0,0.0,0.0,0.0,-514.0039431521916,0.0,68.6952367972122,-0.12591433198298532,0.0,0.0,468.3981228182037,0.0,0.0,-167.73694722922394,0.0,0.0,103.18340649199664,0.0,0.0,0.0,0.0,-267.4170270460025,0.12591433198302737,0.0,0.0,0.0,0.0,0.0,0.0,0.0,29.6467071645525,0.0,163.7645351893987,0.0,0.0,0.0,0.0,0.0,0.0,0.0,0.0,0.0,0.06925288259071749,0.06925288259071749,0.0,7.274339150891062,0.0,37.774299594895595,0.0,0.0,0.0,1000.0,0.0,0.0,0.0,0.0,0.0,447.4048012753792,-1000.0,0.0,0.0,0.0,0.0,0.0,103.18340649199664,0.0,0.0,0.0,0.0,0.0,0.0,0.0,333.3333333333333,287.55725064530935,0.0,0.0,4.847701781344934,0.0,-221.84598015968072,-778.1540198403193,-879.4793001373396,0.0,447.4048012753792,0.0,0.0,179.98777422937673,0.0,0.0,0.0,0.0,0.0,0.0,0.0,0.0,0.0,0.0,0.0,0.0,0.0,0.0,0.0,0.0,37.774299594895595,469.9442751777698,469.9442751777698,0.0,0.0,0.0,0.0,0.0,0.0,0.0,0.0,0.0,0.0,0.6295716599149266,0.0,0.0,0.0,0.0,0.0,470.93329893134626,0.0,0.0,18.887149797447798,0.0,0.0,0.0,0.0,0.0,0.0,0.0,0.0,0.0,0.0,528.1975986272539,0.0,0.0,18.887149797447798,18.887149797447798,223.26555976557088,-1000.0,0.0,103.18340649199664,0.0,0.0,0.0,0.0,0.0,1000.0,468.3981228182037,929.5810279375573,0.06295716599149266,0.0,0.0,0.0,5.0770457431710865,0.0,29.6467071645525,1000.0,0.0,0.0,0.0,0.0,0.0,0.0,0.0,0.0,0.0,0.0,0.0,0.0,0.0,0.0,0.06295716599149266,0.0,0.0,0.0,-219.15060080582066,219.15060080582066,0.0,0.0,0.0,903.4121995143952,0.0,257.13503935860166,0.0,0.0,-1000.0,-4.72178744936195,-3.147858299574633,0.0,0.0,0.0,0.0,0.0,0.0,0.0,0.0,0.0,0.0,0.0,0.0,469.9442751777698,157.55411541691026,0.0,0.0,-276.8049551456205,0.0,0.0,0.0,348.29683384230964,0.0,0.0,0.06295716599149266,0.0,0.06295716599149266,0.0,0.0,0.0,37.774299594895595,76.80774250962104,76.80774250962104,0.0,0.0,0.0,0.0,0.0,0.0,0.0,0.0,0.0,468.3981228182037,0.0,0.0,0.0,0.0,0.0,0.0,0.0,0.0,0.0,0.0,0.0,0.0,0.0,0.0,0.0,0.0,0.0,101.32528029702027,0.0,-502.19499621490735,502.19499621490735,0.09443574898723898,0.0,0.0,0.0,-18.887149797447798,0.0,0.0,0.0,0.0,0.0,-7.274339150891062,3.147858299574633,0.0,0.0,0.0,0.0,-32.38323322598097,0.0,0.0,0.0,0.0,0.0,0.0,0.0,0.0,0.0,469.9442751777698,0.0,0.0,0.0,7.274339150891062,0.0,-768.8647944854926,-133.70851352300124,0.0,-260.03522417180204,0.0,260.03522417180204,255.18752239045713,0.0,0.0,3.147858299574633,1000.0,0.0,0.0,0.0,-167.73694722922394,0.0,0.0,0.0,0.0,0.0,0.0,0.0,0.0,0.0,0.0,-9.443574898724023,76.80774250962104,0.0,0.0,0.0,0.0,0.0,0.0,0.0,0.0,0.0,0.0,0.0,0.0,11.996126600253012,-168.8415809325698,-109.13346076737886,-457.1870019130813,18.887149797447798,0.0,0.0,0.0,0.0,31.89416420140215,0.0,0.0,0.06925288259071749,0.0,0.0,0.0,38.40387125481052,0.0,0.0,0.0,0.0,-248.5298772485547,0.0,0.0,0.0,0.0,0.0,0.0,0.0,0.0,0.0,0.0,0.006295716599149446,0.006295716599149446,0.0,0.0,0.0,0.0,0.0,0.0,0.0,0.0,0.0,0.0,0.0,0.0,0.0,0.0,0.0,7.274339150891062,0.0,0.0,0.0,0.0,0.0,0.0,0.0,0.0,0.0,0.0,0.0,0.0,332.0961102415711,0.0,526.5679971687234,0.0,0.0,0.0,37.77429959489564,0.0,0.0,0.0,0.0,0.0,-774.3448512506122,736.5705516557166,0.0,0.0,0.0,0.0,0.0,0.0,0.0,0.0,0.0,0.0,0.0,0.0,-994.2180546885983,-1000.0,43.125658704172466,0.0,-18.887149797447798,0.0,999.748171336035,0.0,0.0,0.0,0.0,0.0,0.0,0.0,0.0,0.0,0.0,0.0,0.0,0.0,0.0,0.0,0.0,0.0,-7.869645748936583,469.9442751777698,-4.72178744936195,4.72178744936195,0.0,0.0,0.0,0.0,0.0,0.0,-0.7869645748936582,422.9244696196811,0.0,0.0,0.0,0.0,0.0,0.0,0.0,935.3629732489592,18.887149797447798,18.887149797447798,0.0,0.0,0.0,0.0,757.1431980860325,0.06925288259071749,7.274339150891062,0.0,0.0,-999.748171336035,0.0,0.0,0.0,0.0,0.0,0.0,0.0,0.0,0.0,0.0,0.0,0.0,0.0,0.0,0.0,0.0,0.0,19.51672145736272,0.0,66.1050242910673,4.847701781344934,0.0,0.0,0.0,0.0,0.0,7.274339150891062,0.0,-5.175079044500368,0.0,0.0,0.0,-7.869645748936583,0.0,0.0,0.0,0.0,0.0,0.0,0.0,0.0,0.0,0.0,0.0,0.0,0.0,0.0,0.0,0.0,0.0,0.0,-0.06295716599149266,0.0,0.0,3.147858299574633,-447.4048012753792,0.0,0.0,0.0,0.0,469.9442751777698,0.0,0.0,0.0,5.420611991867593,1.5739291497873165,0.0,0.0,502.19499621490735,0.06295716599149266,0.0,62.95716599149266,0.0,12.591433198298532,0.44969404279637615,214.6839360309899,-0.04721787449361949,3.147858299574633,1.2591433198298532,-0.31478582995643584,-214.6839360309899,18.887149797447798,-0.06295716599149266,44.569504507667084,103.18340649199664,0.015739291497873165,0.44969404279637615,-133.70851352300124,-10.022780825845274,-1.2591433198298532,-457.1494028238359,-0.06295716599149266,0.015739291497873165,-214.6839360309899,6.295716599149266,0.06295716599149266,0.06295716599149266,-7.142129102308852,0.0692528825906421,0.0,-0.04721787449361949,18.887149797447798,0.06295716599149266,18.887149797447798,-31.47858299574633,-0.03147858299574633,-177.73973160589,362.26032111560875,-0.04721787449361949,-0.06295716599149266,0.0,0.06295716599149266,6.295716599149273,-1.2591433198298532,101.32528029702027,101.32528029702027,-6.295716599149266,457.1494028238359,-101.32528029702027,12.591433198298532,0.09443574898723898,-1000.0,6.295716599149266,-333.3333333333333,103.18340649199664,-12.591433198298532,0.03147858299574633,0.6295716599149266,88.7876302070588,19.865772349189594,-0.06295716599149266,-21.439701498977037,7.142129102308852,19.51672145736272,0.06295716599149266,10.022780825845274,27.634807302205417,103.18340649199664,-0.06295716599149266,-0.015739291497873165,-103.18340649199664,-0.06295716599149266,-267.4170270460025,0.06295716599152001,-0.015739291497873165,-0.015739291497873165,-0.015739291497873165,25.182866396597063,31.47858299574633,0.6295716599149266,182.48365505598758,-0.015739291497873165,133.0057559064505,3.147858299574633,136.85637182257588,0.06295716599149266,0.03147858299574633,0.03147858299574633,57.88741984514758,0.0,0.06295716599149266,0.0,0.6295716599149266,0.06295716599149266,-454.16418446006554,0.06295716599149266,0.2518286639649432,0.31478582995643584,0.03147858299574633,0.015739291497873165,18.887149797447798,-0.06295716599149266,0.0,0.6295716599149266,-364.96731011197517,1.5739291497873173,-6.295716599149273,12.591433198298532,3.147858299574633,-0.06295716599149266,133.70851352300124,0.09443574898723898,-0.06295716599149266,-115.77483969029517,0.0,106.33134676465674,0.03147858299574633,-273.71274364515176,-0.06295716599149266,-0.06295716599152001,-0.06295716599149266,0.03147858299574633,214.6839360309899,-12.591433198298532,0.06295716599149266,177.5752604141176,-0.015739291497873165,-0.0692528825906421,-177.5752604141176,9.443574898723899,-362.26032111560875,310.1237777158086,214.6839360309899,-0.04721787449361949,21.439701498977037,-19.865772349189594,0.06295716599149266,-0.01573929149787317,3.147858299574633,62.95716599149266,-0.03147858299574633,-0.06295716599149266,0.015739291497873165,1000.0,0.0,999.9685214170042,271.68052940407796,-1000.0,0.0,56.002190301116315,-135.0998668914133,0.0,-1000.0,635.1210234768943,756.273361287194,0.0,500.0,500.0,-317.56051173844713,0.0,67.54993344570666,-7.274339150891062,-138.2255109660589,0.0,-756.273361287194,-138.2255109660589,-56.002190301116315,11.035833199880813,0.0,1496.5981,bhi
149,0.0,0.0,0.0,0.0,0.0,0.0,0.0,0.0,266.7163852876959,0.0,0.0,0.0,0.0,0.0,0.0,0.0,952.267064382218,-677.9375495672933,0.0,-321.89134317511457,0.0,0.0,0.0,504.8969034491897,0.0,0.0,0.0,0.0,0.0,407.21718475286804,0.0,0.0,0.0,0.0,0.0,0.0,0.0,164.70350073206538,0.0,-186.68119693549735,982.2410077267599,0.0,-640.515750864914,0.0,0.0,0.0,0.0,405.0058090845724,-1000.0,0.0,0.0,0.0,0.0,0.06511630500193884,0.0,0.0,0.0,0.0,0.0,0.0,52.52586145895964,0.0,0.0,-120.69147544655618,1000.0,0.0,0.0,0.0,995.2262137436933,0.0,0.0,0.5919664091080027,0.0,0.0,0.0,0.0,0.0,0.0,0.0,0.0,0.0,0.0,-178.40300870994065,0.0,35.51798454648016,0.0,0.0,108.18792247614712,144.20452688916717,355.3642572783194,0.0,0.0,0.0,382.7437726852758,17.75899227324008,0.0,17.75899227324008,0.0,411.2129267886956,0.0,0.0,998.52008397723,407.21718475286804,0.0,0.0,0.0,0.0,1000.0,0.0,0.0,0.0,0.0,0.0,0.0,0.0,0.0,0.0,0.0,0.0,0.0,0.0,0.0,0.0,0.0,-796.2456800525847,0.0,0.0,17.75899227324008,0.0,18.350958682348082,18.350958682348082,0.0,0.0,0.0,0.0,0.0,0.0,0.0,0.0,-173.21733690551582,0.0,0.0,0.0,0.0,0.0,182.96115006007227,0.059196640910800256,0.014799160227700066,0.0,0.0,540.1258388960057,-1000.0,0.0,0.0,178.40300870994065,0.0,494.03008771901744,0.0,0.0,0.0,0.0,0.0,-219.7025161035589,-219.7025161035589,0.0,0.0,0.0,0.0,-30.877304391802568,0.0,0.0,-219.6433194626481,0.0,0.0,0.0,-1000.0,-208.68263085436305,0.0,0.0,0.0,0.0,0.0,0.0,0.0,0.0,0.0,0.0,0.0,0.0,0.0,0.0,-1000.0,0.0,0.0,0.0,0.0,0.0,0.0,640.515750864914,108.01681521855502,-108.01681521855502,173.21733690551582,0.0,0.0,0.0,0.0,0.0,0.0,0.0,1000.0,0.0,0.0,0.0,0.0,0.0,0.0,0.0,0.0,0.0,0.0,0.0,0.0,0.0,509.6258538034235,454.6485816648516,-1000.0,0.0,0.0,0.0,0.0,147.74928572636423,0.0,0.0,0.0,0.0,52.52586145895964,-1000.0,0.0,0.0,0.0,0.0,0.0,0.0,0.0,0.0,1.9061318373339873,416.8451372667324,0.0,0.0,1000.0,395.67196080569806,-143.2795114403838,0.0,1000.0,0.0,0.0,173.21733690551582,72.21990191117632,0.0,0.0,0.0,-63.70514709496603,0.0,0.0,-465.5807034371952,0.0,0.0,-465.5807034371952,0.0,0.0,252.2213421077222,0.0,0.0,0.0,0.0,-119.10607712605116,0.0,0.0,0.0,-537.0296047660308,0.0,537.0296047660308,0.0,-219.7617127444697,0.0,0.0,1000.0,0.0,0.0,0.0,52.52586145895964,-0.0887949613662004,0.0,0.0,0.0,0.0,0.059196640910800256,0.0,0.0,0.0,659.3682532575458,952.267064382218,0.0,-617.2497391552984,1000.0,208.68263085436305,1000.0,0.0,1000.0,0.0,0.0,0.0,0.0,0.0,143.9138791352486,-765.8638612666355,-378.05001786861317,-342.772079646517,0.0,0.0,0.0,0.0,0.0,0.0,0.0,0.0,0.0,0.0,0.0,0.0,0.0,0.0,0.0,0.0,0.0,0.0,-835.0597127042906,0.0,-1000.0,178.40300870994065,0.0,0.0,998.52008397723,1000.0,0.0,-184.86728189740626,0.0,411.2129267886956,0.0,149.33103096455204,995.56025193169,0.0,-781.1874999999999,-1000.0,0.0,-229.3623524770579,328.7639827136471,-1000.0,0.0,0.0,781.1874999999999,0.0,303.60389062769946,-1.4799160227699986,997.04016795446,0.0,0.0,0.0,1000.0,610.3137233406416,17.75899227324008,0.0,0.0,0.0,0.0,0.0,266.7755819286067,0.0,-509.6258538034235,509.6258538034235,509.6258538034235,-88.22907865466766,0.0,0.0,0.0,0.0,0.0,0.0,0.0,0.0,-68.16561398759654,0.0,0.0,0.0,0.0,0.0,0.0,0.0,-22.984571712382813,0.1183932818224207,0.0,0.0,0.0,0.0,0.0,0.0,0.0,0.0,0.0,995.2262137436933,0.0,0.0,0.0,0.0,0.0,0.0,0.0,0.0,0.0,0.06511630500193884,0.06511630500193884,0.0,62.92355177029211,0.0,35.51798454648016,0.0,0.0,0.0,-1000.0,0.0,0.0,0.0,0.0,0.0,649.1695931383242,1000.0,0.0,0.0,69.66988273281551,0.0,0.0,0.0,0.0,0.0,0.0,0.0,0.0,0.0,0.0,265.4152266841949,-659.3682532575458,459.8741611039943,0.0,4.558141350131617,0.0,0.0,382.7437726852758,61.777150053395765,0.0,649.1695931383242,0.0,626.1850214259414,0.0,0.0,0.0,509.6258538034235,0.0,0.0,0.0,0.0,0.0,0.0,0.0,0.0,0.0,0.0,0.0,0.0,0.0,35.51798454648016,173.21733690551582,173.21733690551582,0.0,0.0,0.0,0.0,0.0,0.0,0.0,0.0,0.0,0.0,0.5919664091080027,0.0,0.0,0.0,0.0,0.0,640.515750864914,0.0,0.0,17.75899227324008,-69.66988273281551,0.0,0.0,0.0,0.0,0.0,0.0,0.0,0.0,0.0,0.0,581.6775130036846,0.0,17.75899227324008,17.75899227324008,-413.88351520231475,1000.0,0.0,0.0,0.0,0.0,0.0,0.0,0.0,-64.44510510635104,0.0,0.0,0.059196640910800256,0.0,0.0,0.0,4.773786256306721,22.984571712382813,0.0,-382.74377268527587,0.0,0.0,0.0,0.0,0.0,0.0,0.0,0.0,0.0,0.0,0.0,0.0,0.0,0.0,0.059196640910800256,0.0,0.0,0.0,-718.7499999999984,718.7499999999984,0.0,0.0,0.0,0.0,0.0,409.3890839757066,0.0,-183.0434390844178,-164.94028729570937,-4.439748068309996,-2.959832045540013,0.0,0.0,-343.75,-343.75,343.75,0.0,0.0,0.0,0.0,0.0,0.0,0.0,173.21733690551582,208.68263085436305,0.0,0.0,613.2735553861816,0.0,0.0,0.0,266.7163852876959,0.0,0.0,0.059196640910800256,0.0,0.059196640910800256,0.0,0.0,0.0,35.51798454648016,72.21990191117632,72.21990191117632,0.0,0.0,0.0,0.0,0.0,0.0,0.0,459.8741611039943,0.0,0.0,0.0,0.0,0.0,149.01070991766858,0.0,0.0,0.0,0.0,0.0,0.0,0.0,0.0,0.0,0.0,0.0,0.0,0.0,320.96662263188006,0.0,0.0,0.0,0.0887949613662004,0.0,0.0,0.0,-17.75899227324008,0.0,0.0,0.0,0.0,0.0,-62.92355177029211,2.959832045540013,0.0,0.0,0.0,0.0,30.877304391802568,184.86728189740626,0.0,0.0,0.0,0.0,0.0,0.0,0.0,0.0,173.21733690551582,0.0,69.66988273281551,433.9282272773203,-446.70230203313145,0.0,593.5160649115352,22.984571712382813,0.0,0.0,594.2563658731134,-594.2563658731134,178.40300870994065,0.0,0.0,2.959832045540013,1000.0,0.0,0.0,0.0,-68.16561398759654,0.0,0.0,-93.75000000011458,93.75000000011458,0.0,0.0,0.0,0.0,0.0,-8.879496136620034,0.0,72.21990191117632,0.0,-46.04461745644356,-46.04461745644356,46.04461745644356,0.0,0.0,0.0,0.0,0.0,1.9061318373339873,0.0,0.0,76.24279597522217,-1000.0,0.0,-640.515750864914,17.75899227324008,0.0,0.0,0.0,0.0,212.3406800244639,0.0,0.0,0.06511630500193884,0.0,0.0,0.0,36.10995095558816,0.0,0.0,0.0,0.0,454.6485816648516,0.0,0.0,0.0,0.0,0.0,0.0,0.0,0.0,0.0,0.0,0.005919664091080026,0.005919664091080026,0.0,0.0,0.0,0.0,0.0,0.0,0.0,0.0,0.0,0.0,0.0,0.0,0.0,0.0,0.0,62.92355177029211,0.0,0.0,0.0,0.0,0.0,0.0,0.0,0.0,0.0,0.0,0.0,0.0,223.15853645423545,1000.0,-677.9375495672933,0.0,0.0,0.0,35.51798454648016,0.0,0.0,0.0,0.0,0.0,-567.8205930188929,532.3026084724127,0.0,0.0,0.0,0.0,0.0,0.0,0.0,0.0,0.0,0.0,0.0,0.0,1000.0,0.0,189.56040894156675,-66.01921611058766,48.26022383734759,0.0,164.70350073206538,0.0,0.0,0.0,0.0,0.0,0.0,0.0,0.0,0.0,0.0,0.0,0.0,0.0,0.0,0.0,0.0,0.0,-7.399580113850033,173.21733690551582,-1000.0,144.57096184935855,0.0,0.0,0.0,0.0,0.0,-0.7399580113850033,0.0,246.56862269754106,0.0,0.0,0.0,0.0,0.0,0.0,0.0,1000.0,17.75899227324008,17.75899227324008,0.0,0.0,0.0,0.0,0.0,0.06511630500193884,62.92355177029211,0.0,0.0,-164.70350073206538,0.0,0.0,0.0,0.0,0.0,0.0,0.0,0.0,0.0,0.0,0.0,0.0,0.0,0.0,0.0,0.0,0.0,18.350958682348082,0.0,62.156472956340274,4.558141350131617,0.0,0.0,0.0,0.0,0.0,62.92355177029211,0.0,-187.82711394294677,0.0,0.0,0.0,-7.399580113850033,0.0,0.0,0.0,0.0,0.0,0.0,0.0,0.0,0.0,0.0,0.0,0.0,0.0,0.0,0.0,0.0,0.0,0.0,-0.059196640910800256,0.0,0.0,2.959832045540013,-649.1695931383242,0.0,0.0,0.0,0.0,173.21733690551582,0.0,0.0,0.0,-143.9138791352486,1.4799160227699986,0.0,0.0,0.0,0.059196640910800256,0.0,59.196640910800255,0.0,11.839328182160052,0.42283314936285904,201.8605455058289,-0.0443974806831002,1000.0,1.1839328182160054,-0.2959832045548012,-201.8605455058289,17.75899227324008,-0.05919664091080026,0.0,0.0,0.014799160227700066,0.42283314936285904,0.0,-9.424105233006117,-1.1839328182160054,47.56182836018991,-0.05919664091080026,0.014799160227700066,-201.8605455058289,5.919664091080026,0.05919664091080026,0.059196640910800256,-62.79923882437937,0.06511630500188029,0.0,-0.0443974806831002,17.75899227324008,0.05919664091080026,17.75899227324008,-29.59832045540013,-0.02959832045540013,-494.03008771901744,-153.72814645835507,-0.0443974806831002,-0.05919664091080026,0.0,0.059196640910800256,5.919664091080026,-1.1839328182160054,320.96662263188006,320.96662263188006,-5.919664091080026,-47.56182836018991,-320.96662263188006,11.839328182160052,0.0887949613662004,-1000.0,5.919664091080026,-265.4152266841949,0.0,-11.839328182160052,0.02959832045540013,0.5919664091080027,154.3124347888246,-434.8629738509714,-0.059196640910800256,-76.24279597522217,62.79923882437937,18.350958682348082,0.05919664091080026,9.424105233006117,-71.03596909296019,0.0,-0.059196640910800256,-0.014799160227700066,0.0,-0.05919664091080026,-22.984571712382813,0.05919664091080026,-0.014799160227700066,-0.014799160227700066,-0.014799160227700066,23.678656364320105,29.59832045540013,0.5919664091080027,197.62857468438307,-0.014799160227700066,308.6248695776492,2.959832045540013,14.45211790173142,0.059196640910800256,0.02959832045540013,0.02959832045540013,5.919664091080026,0.0,0.059196640910800256,0.0,0.5919664091080027,0.05919664091080026,-505.17110138355423,0.05919664091080026,0.23678656364398876,0.2959832045548012,0.02959832045540013,0.014799160227700066,17.75899227324008,-0.05919664091080026,0.0,0.5919664091080027,-395.25714936876614,998.52008397723,-5.919664091080026,11.839328182160052,2.959832045540013,-0.05919664091080026,0.0,0.0887949613662004,-0.05919664091080026,-11.839328182160052,0.0,397.40229132235,0.02959832045540013,-28.90423580346284,-0.05919664091080026,-0.05919664091080026,-0.05919664091080026,0.02959832045540013,201.8605455058289,-11.839328182160052,0.059196640910800256,308.6248695776492,-0.014799160227700066,-0.06511630500188029,-308.6248695776492,8.879496136620038,153.72814645835507,74.85993905509048,201.8605455058289,-0.0443974806831002,76.24279597522217,434.8629738509714,0.05919664091080026,-0.014799160227700066,152.29086301009207,59.196640910800255,-0.02959832045540013,-0.05919664091080026,0.014799160227700066,1000.0,0.0,392.38480229350296,307.54252669917116,-990.0851183545215,0.0,519.7666301334943,21.67632594825407,0.0,-506.6115385662034,53.4051787601248,-145.48123198970092,-607.5855993860416,253.3057692831017,495.0425591772607,-26.7025893800624,0.0,-10.838162974127036,-62.92355177029211,-609.7429713468139,607.5855993860416,145.48123198970092,-609.7429713468139,-519.7666301334943,292.44146756768725,0.0,1496.5981,bhi
150,0.0,0.0,0.0,0.0,0.0,0.0,0.0,0.0,-0.026742979384226852,0.0,0.0,0.0,0.0,0.0,0.0,0.0,500.0,32.30229843605929,0.0,0.0,0.0,0.0,0.0,166.41329029332866,0.0,0.0,0.0,0.0,0.0,0.0,0.0,0.0,404.9664668505385,0.0,0.0,0.0,0.0,48.09710661174201,0.0,-1000.0,615.3420137840653,0.0,0.0,-500.0,0.0,0.0,0.0,0.0,0.0,-203.16871586436966,0.0,0.0,0.0,0.02941727732272349,0.0,0.0,0.0,5.34859587684537,0.0,0.0,23.4636203402208,0.0,252.19005914633675,0.0,0.0,0.0,0.0,0.0,445.23206431552455,0.0,0.0,0.2674297938422685,0.0,0.0,0.0,0.0,0.0,0.0,0.0,0.0,0.0,0.0,0.0,0.0,16.04578763053611,0.0,39.76300106236039,16.151149218029644,1.6120049226206845,14.53914429540896,579.4204886200592,0.0,0.0,642.0582004300708,8.022893815268056,0.0,384.65798621593467,0.0,0.0,0.0,0.0,78.144085685059,0.0,0.0,0.0,-239.37152421308997,0.0,0.0,0.0,0.0,0.0,0.0,0.0,0.0,0.0,0.0,0.0,0.0,0.0,0.0,0.0,0.0,0.0,0.0,-346.7361410083802,0.0,0.0,384.65798621593467,0.0,8.290323609110324,0.0,0.0,0.0,-446.2319338980376,446.2319338980376,-446.2319338980376,-275.65367948655756,0.0,0.0,0.0,0.0,0.0,0.0,0.0,0.0,41.822210474945855,0.026742979384226852,579.4271743649053,0.0,0.0,-821.5632965931745,821.5632965931745,0.0,0.0,0.0,0.0,216.71523294759137,0.0,0.0,0.0,0.0,0.0,-401.6441293983573,-401.6441293983573,0.0,0.0,0.0,0.0,0.0,0.0,0.0,-401.61738641897307,0.0,0.0,0.0,-498.68588989050875,-327.0028275182505,0.0,0.0,0.0,0.0,0.0,0.0,0.0,0.0,0.0,0.0,0.0,0.0,0.0,0.0,-1000.0,0.0,0.0,0.0,0.0,0.0,203.16871586436966,0.0,-16.151149218029644,16.151149218029644,275.65367948655756,0.0,0.0,0.0,0.0,0.0,0.0,0.0,-8.691468299873726,0.0,0.0,0.0,0.0,0.0,0.0,0.0,0.0,0.0,0.0,0.0,0.0,0.0,0.0,292.2372849304098,-500.0,0.0,0.0,0.0,0.0,-275.65367948655756,0.0,0.0,0.0,0.0,23.4636203402208,0.0,0.0,0.0,218.72276323195146,0.0,0.0,0.0,0.0,0.0,0.8611239361721914,0.0,376.6350924006666,0.0,0.0,17.763154140650315,0.0,0.0,500.0,0.0,0.0,275.65367948655756,-210.96328466546564,0.0,0.0,0.0,33.15290437308735,0.0,0.0,0.0,0.0,866.4433198772832,-866.4433198772832,866.4433198772832,0.0,-14.53914429540896,0.0,0.0,203.16871586436966,0.0,74.61291248199291,0.0,0.0,0.0,478.94550816158335,0.0,-478.94550816158335,0.0,-520.9598755648227,0.0,0.0,0.0,0.0,0.0,0.0,23.4636203402208,-0.040114469076340274,0.0,0.0,0.0,0.0,0.026742979384226852,0.0,0.0,0.0,614.4808898478932,500.0,0.0,-159.58101614205998,820.4846466440397,327.0028275182505,1000.0,0.0,284.54142603470683,0.0,-239.37152421308997,0.0,0.0,0.0,458.42692710429736,0.0,-742.9683531390042,0.0,-1000.0,0.0,0.0,0.0,0.0,0.0,0.0,0.0,0.0,0.0,0.0,0.0,0.0,0.0,0.0,0.0,0.0,218.72276323195146,-1000.0,0.0,-929.8415983410271,0.0,0.0,0.0,0.0,0.0,0.0,-42.68333441111804,0.0,0.0,0.0,0.0,76.80693671584766,0.0,0.0,960.2593826728648,0.0,-445.23206431552455,-862.3479871949511,-1.3371489692113425,0.0,246.22943376886337,0.0,-1000.0,1000.0,-0.6685744846056713,0.0,-12.154560890726486,0.0,0.0,0.0,119.26296632092517,384.65798621593467,0.0,0.0,0.0,0.0,0.0,0.0,0.0,0.0,0.0,0.0,831.2085813771149,0.0,0.0,0.0,0.0,0.0,0.0,0.0,0.0,-149.2004366813952,0.0,0.0,0.0,0.0,0.0,0.0,0.0,-92.42070128552484,0.053485958768471564,0.0,0.0,0.0,0.0,0.0,0.0,0.0,0.0,0.0,445.23206431552455,0.0,0.0,0.0,0.0,0.0,0.0,0.0,0.0,0.0,0.02941727732272349,0.02941727732272349,0.0,341.1326509391109,0.0,16.04578763053611,0.0,0.0,0.0,1000.0,0.0,0.0,39.76300106236039,0.0,0.0,1000.0,-1000.0,0.0,0.0,890.1211929430344,0.0,0.0,0.0,0.0,0.0,0.0,0.0,0.0,0.0,0.0,115.57871366946006,-614.4808898478932,0.0,0.0,320.10974648531334,0.0,642.0582004300708,0.0,0.0,0.0,487.09591918424235,0.0,0.0,907.5792987144752,0.0,0.0,0.0,0.0,0.0,0.0,0.0,0.0,0.0,0.0,0.0,0.0,0.0,0.0,0.0,0.0,16.04578763053611,275.65367948655756,275.65367948655756,0.0,0.0,0.0,0.0,0.0,0.0,0.0,0.0,0.0,0.0,0.2674297938422685,0.0,0.0,39.76300106236039,-39.76300106236039,0.0,0.0,0.0,0.0,384.65798621593467,-890.1211929430344,0.0,0.0,278.2875360103675,0.0,0.0,0.0,0.0,0.0,0.0,0.0,0.0,0.0,8.022893815268056,8.022893815268056,1000.0,-1000.0,0.0,0.0,0.0,0.0,0.0,0.0,0.0,-1000.0,0.0,-711.2874210781631,0.026742979384226852,0.0,0.0,0.0,35.317924702497876,0.0,0.0,-642.0582004300708,0.0,0.0,0.0,0.0,0.0,0.0,39.454160062750596,0.0,0.0,0.0,0.0,0.0,0.0,0.0,0.026742979384226852,0.0,0.0,0.0,0.0,0.0,0.0,0.0,0.0,0.0,-1000.0,957.316665588882,0.0,0.0,70.15840165897288,-2.005723453817014,-1.3371489692113425,0.0,0.0,0.0,0.0,0.0,0.0,0.0,0.0,0.0,0.0,0.0,0.0,275.65367948655756,327.0028275182505,0.0,0.0,120.60011529013651,0.0,0.0,0.0,-0.026742979384226852,0.0,0.0,0.026742979384226852,0.0,0.026742979384226852,118.36248018825178,0.0,0.0,16.04578763053611,32.62643484875676,32.62643484875676,0.0,0.0,0.0,0.0,0.0,0.0,0.0,0.0,0.0,0.0,0.0,0.0,0.0,460.7294976292794,0.0,0.0,0.0,0.0,0.0,0.0,0.0,0.0,0.0,0.0,0.0,0.0,0.0,0.0,0.0,-495.3192937574786,495.3192937574786,0.040114469076340274,0.0,0.0,0.0,-384.65798621593467,0.0,0.0,0.0,0.0,0.0,-341.1326509391109,1.3371489692113425,0.0,0.0,0.0,0.0,0.0,-85.91769100316549,0.0,0.0,0.0,0.0,0.0,0.0,0.0,0.0,275.65367948655756,0.0,890.1211929430344,-393.12670406601484,341.1326509391109,0.0,994.6514041231546,-239.37152421308997,0.0,871.3989745857166,0.0,-871.3989745857166,0.0,-243.5897195142224,0.0,1.3371489692113425,1000.0,0.0,242.7211975782632,0.0,-228.72643880611597,0.0,0.0,0.0,0.0,0.0,0.0,0.0,0.0,0.0,-4.011446907634024,0.0,32.62643484875676,0.0,-901.2677047386613,-901.2677047386613,901.2677047386613,0.0,0.0,0.0,0.0,0.0,0.8611239361721914,0.0,0.0,347.14982130056194,-480.5499890180224,0.0,0.0,8.022893815268056,39.76300106236039,0.0,0.0,0.0,-268.1189795144934,0.0,0.0,0.02941727732272349,0.0,0.0,0.0,16.31321742437838,0.0,0.0,0.0,0.0,292.2372849304098,0.0,0.0,0.0,0.0,0.0,0.0,0.0,0.0,-668.7803835525724,0.0,0.002674297938422685,0.002674297938422685,0.0,0.0,0.0,0.0,0.0,118.36248018825178,0.0,0.0,0.0,0.0,0.0,0.0,0.0,0.0,0.0,341.1326509391109,0.0,0.0,0.0,0.0,0.0,0.0,0.0,203.16871586436966,0.0,0.0,0.0,79.52600212472078,0.0,1000.0,32.30229843605929,0.0,0.0,0.0,16.04578763053611,0.0,0.0,0.0,0.0,0.0,-16.04578763053611,0.0,0.0,79.52600212472078,0.0,0.0,0.0,0.0,0.0,0.0,0.0,0.0,0.0,0.0,711.2874210781631,-1000.0,479.0484385074748,202.80383671717686,-587.4618229331115,0.0,-70.26537357650977,0.0,0.0,0.0,0.0,0.0,0.0,0.0,0.0,0.0,0.0,0.0,0.0,0.0,0.0,0.0,0.0,0.0,-3.342872423028356,275.65367948655756,-78.81266016966467,458.7237741754624,0.0,0.0,0.0,0.0,0.0,-0.33428724230283563,0.0,149.2004366813952,0.0,0.0,0.0,0.0,0.0,0.0,0.0,1000.0,8.022893815268056,8.022893815268056,0.0,0.0,0.0,0.0,0.0,0.02941727732272349,341.1326509391109,0.0,0.0,-48.09710661174201,0.0,0.0,0.0,0.0,0.0,0.0,0.0,0.0,0.0,0.0,0.0,0.0,0.0,0.0,306.8408869728652,0.0,0.0,0.0,0.0,28.080128353438194,0.0,0.0,41.822210474945855,0.0,0.0,0.0,341.1326509391109,0.0,84.58054203395415,0.0,0.0,0.0,-3.342872423028356,0.0,0.0,0.0,0.0,0.0,0.0,0.0,0.0,0.0,0.0,0.0,0.0,0.0,0.0,0.0,0.0,0.0,0.0,-0.026742979384226852,0.0,0.0,1.3371489692113425,-1000.0,0.0,0.0,0.0,0.0,275.65367948655756,0.0,0.0,0.0,-458.42692710429736,0.6685744846056713,0.0,0.0,0.0,0.026742979384226852,0.0,26.74297938422685,-8.290323609110324,5.34859587684537,0.19102128131590607,74.61291248199291,-0.020057234538170137,39.74061732713517,0.534859587684537,118.22876529133066,-74.61291248199291,8.022893815268056,-0.026742979384226852,79.79050807102999,0.0,0.006685744846056713,0.19102128131590607,-239.37152421308997,-44.020483380329324,-0.5348595876845371,-532.3022984360593,-0.026742979384226852,0.006685744846056713,-74.61291248199291,2.674297938422685,0.026742979384226852,0.026742979384226852,-341.0764906824039,-39.73358378503774,-18.644119709883398,-0.020057234538170137,8.022893815268056,0.026742979384226852,384.65798621593467,363.2636027085532,-0.013371489692113426,280.67193518847193,272.9526385687507,-0.020057234538170137,-0.026742979384226852,-8.290323609110324,0.026742979384226852,2.674297938422685,-0.534859587684537,0.0,0.0,-2.674297938422685,532.3022984360593,0.0,5.34859587684537,0.040114469076340274,-1000.0,2.674297938422685,-115.57871366946006,0.0,-5.34859587684537,0.013371489692113426,0.2674297938422685,39.895254035514995,346.48124681595624,-0.026742979384226852,-347.14982130056194,341.0764906824039,8.290323609110324,0.026742979384226852,44.020483380329324,-408.72666766173893,0.0,-0.026742979384226852,-0.006685744846056713,0.0,-0.026742979384226852,-92.42070128552486,0.02674297938426662,-0.006685744846056713,-0.006685744846056713,-0.006685744846056713,10.69719175369074,-363.2636027085532,0.2674297938422685,277.06271976445515,-0.006685744846056713,0.0,1.3371489692113425,47.54749961197377,0.026742979384226852,0.013371489692113426,0.013371489692113426,2.674297938422685,8.290323609110324,0.026742979384226852,-8.290323609110324,0.2674297938422685,0.026742979384226852,-791.5617495907877,0.026742979384226852,0.10697191753689594,-118.22876529133066,0.013371489692113426,0.006685744846056713,8.022893815268056,-0.026742979384226852,18.644119709883398,0.26742979384226856,-554.1254395289103,39.0720428425295,-2.674297938422685,5.34859587684537,1.3371489692113425,-0.026742979384226852,239.37152421308997,0.040114469076340274,-0.026742979384226852,-5.34859587684537,8.290323609110324,406.1583907215263,0.013371489692113426,-95.09499922394754,-0.026742979384226852,-0.02674297938426662,-0.02674297938422686,0.013371489692113426,74.61291248199291,-5.34859587684537,0.026742979384226852,79.79050807102999,-0.006685744846056713,39.73358378503774,-79.79050807102999,4.011446907634027,-272.9526385687507,270.72440741729304,74.61291248199291,-0.020057234538170137,347.14982130056194,-346.48124681595624,0.026742979384226852,-0.006685744846056711,1.3371489692113425,26.74297938422685,-0.013371489692113426,-0.026742979384226852,0.006685744846056713,1000.0,0.0,999.9866285103079,514.4990298263326,684.8115861236902,0.0,577.8419191914755,-644.92901090802,0.0,1000.0,-597.1856530408703,-1000.0,0.0,-500.0,-342.4057930618451,298.59282652043515,0.0,322.46450545401,-341.1326509391109,-138.03941120703288,0.0,1000.0,-138.03941120703288,-577.8419191914755,491.9471444573959,0.0,1496.5981,bhi
151,0.0,0.0,0.0,0.0,0.0,0.0,0.0,0.0,-0.04477170235384186,0.0,0.0,0.0,0.0,0.0,0.0,0.0,-1000.0,1000.0,0.0,-69.47976621983298,0.0,0.0,0.0,0.0,0.0,0.0,0.0,0.0,0.0,-518.9174762428279,36.42820878118872,-36.42820878118872,426.19080905456065,0.0,0.0,0.0,0.0,823.0557558493335,0.0,-1000.0,448.0437715439688,0.0,0.0,0.0,0.0,0.0,0.0,0.0,518.9174762428279,0.0,0.0,0.0,0.0,0.049248872589270326,0.0,0.0,0.0,8.954340470768372,0.0,0.0,85.81497096765217,0.0,732.1407930941352,512.2539586157613,0.0,0.0,0.0,0.0,0.0,0.0,0.0,0.4477170235384187,0.0,0.0,0.0,0.0,0.0,0.0,0.0,0.0,0.0,0.0,-255.26940047398227,0.0,26.86302141230512,0.0,0.0,-96.18893289995287,1.508850549575974,613.4389766138676,-0.011192925588460466,0.0,0.0,0.0,13.43151070615256,0.0,551.9562284560312,0.0,0.0,0.0,0.0,555.059570143535,-518.9174762428279,0.0,0.0,-108.2177712403385,0.0,111.13943027676746,0.0,0.0,0.0,0.0,0.0,0.0,0.0,0.0,0.0,0.0,0.0,0.0,0.0,0.0,0.0,0.0,-623.872994621855,0.0,0.0,551.9562284560312,0.0,13.87922772969098,0.0,0.0,826.013895869769,-826.013895869769,0.0,0.0,0.0,0.0,0.0,-305.70180544602607,0.0,0.0,0.0,0.0,0.0,258.7168215552281,0.04477170235384186,0.0,0.0,0.0,0.0,0.0,0.0,0.0,255.26940047398227,0.0,198.38718645972804,0.0,0.0,0.0,0.0,0.0,963.5270195164575,963.5270195164575,0.0,0.0,0.0,0.0,0.0,0.0,0.0,1000.0,0.0,0.0,0.0,-918.5237750809448,0.0,0.0,0.0,0.0,0.0,0.0,0.0,0.0,0.0,0.0,-662.3614020635578,0.0,0.0,0.0,0.0,-1000.0,0.0,0.0,0.0,0.0,0.0,0.0,0.0,220.3483652246326,-220.3483652246326,305.70180544602607,0.0,0.0,0.0,0.0,0.0,0.0,0.0,-14.550803264998649,0.0,0.0,0.0,0.0,0.0,0.0,0.0,0.0,0.0,0.0,0.0,0.0,0.0,329.6971893107094,-55.778538538517154,1000.0,0.0,0.0,0.0,0.0,-2.783455738460134,0.0,0.0,0.0,0.0,85.81497096765217,1000.0,36.42820878118872,0.0,0.0,0.0,0.0,0.0,0.0,0.0,37.86985759698041,0.0,538.5247177498786,0.0,-781.1604853249434,-1000.0,643.0769085675076,0.0,-1000.0,0.0,0.0,305.70180544602607,-639.0300095609738,0.0,0.0,0.0,-112.48421134776731,0.0,0.0,-937.0652664620595,0.0,0.0,-937.0652664620593,0.0,0.0,221.85721577420858,0.0,728.1400556619246,0.0,0.0,-178.00530014034712,0.0,0.0,0.0,-1000.0,0.0,1000.0,0.0,999.9104565952923,0.0,0.0,997.6398087706609,0.0,0.0,0.0,85.81497096765217,-0.06715755353076279,0.0,0.0,0.0,0.0,0.04477170235384186,0.0,0.0,0.0,107.25556423942234,-1000.0,0.0,-72.14518082689233,-686.790619595038,0.0,1000.0,0.0,525.7688420918959,0.0,-108.2177712403385,0.0,0.0,0.0,911.4665632774762,-437.2354053693721,-1000.0,-1000.0,-1000.0,0.0,0.0,0.0,0.0,0.0,0.0,0.0,0.0,0.0,0.0,0.0,0.0,0.0,0.0,0.0,0.0,0.0,-176.76515734125257,0.0,-1000.0,255.26940047398227,0.0,0.0,1000.0,0.0,0.0,253.4041669159176,0.0,0.0,0.0,271.5161322203055,552.8209850258429,733.9632745581962,1000.0,-32.45278517118436,449.19385409856346,-296.7278691888241,0.0,-904.9250287909274,752.8773637101044,-1000.0,-1000.0,-746.1962924594292,0.0,-450.3131466574095,902.6864436732353,833.8144434569087,0.0,0.0,-257.0606865176658,-640.5052174220493,551.9562284560312,0.0,0.0,0.0,0.0,0.0,0.0,0.0,-329.6971893107094,329.6971893107094,329.6971893107094,-668.8371669511474,0.0,0.0,0.0,0.0,0.0,0.0,0.0,0.0,-134.07186351072176,0.0,0.0,0.0,0.0,0.0,0.0,0.0,-607.7347669945484,0.08954340470603483,0.0,0.0,0.0,0.0,0.0,0.0,0.0,0.0,0.0,0.0,0.0,0.0,0.0,0.0,0.0,0.0,0.0,0.0,0.0,0.049248872589270326,0.049248872589270326,36.42820878118872,386.05762062390306,0.0,26.86302141230512,0.0,0.0,0.0,1000.0,0.0,0.0,0.0,0.0,0.0,-172.6622057767748,-1000.0,0.0,0.0,0.0,0.0,0.0,0.0,0.0,0.0,0.0,0.0,0.0,0.0,0.0,207.95766487395167,-107.25556423942234,0.0,0.0,3.4474210812458215,0.0,0.0,0.0,-302.91834970756594,0.0,-172.6622057767748,0.0,-780.3969727713232,0.0,0.0,0.0,329.6971893107094,0.0,0.0,0.0,0.0,0.0,0.0,0.0,0.0,0.0,0.0,0.0,0.0,0.0,26.86302141230512,305.70180544602607,305.70180544602607,0.0,0.0,0.0,0.0,0.0,0.0,0.0,0.0,0.0,0.0,0.4477170235384187,0.0,36.42820878118872,0.0,0.0,36.42820878118872,0.0,0.0,0.0,551.9562284560312,0.0,0.0,0.0,0.0,0.0,0.0,0.0,0.0,0.0,0.0,206.14688943368137,928.6275501769005,0.0,13.43151070615256,13.43151070615256,1000.0,-1000.0,0.0,0.0,0.0,0.0,0.0,0.0,0.0,546.4224272441504,0.0,659.4662848713408,0.04477170235384186,0.0,0.0,0.0,59.12742891572731,817.4900335684321,0.0,0.0,0.0,0.0,0.0,0.0,0.0,0.0,0.0,0.0,0.0,0.0,0.0,0.0,0.0,0.0,0.04477170235384186,0.0,0.0,0.0,0.0,0.0,0.0,0.0,0.0,0.0,-746.5958330840824,1000.0,0.0,0.0,-823.2348426587474,-3.357877676538237,-2.2385851176920823,0.0,0.0,0.0,0.0,0.0,0.0,0.0,0.0,0.0,0.0,0.0,0.0,305.70180544602607,0.0,0.0,0.0,-638.2666323043572,0.0,0.0,0.0,-0.04477170235384186,0.0,0.0,0.04477170235384186,0.0,0.04477170235384186,0.0,0.0,0.0,26.86302141230512,54.62147687168708,54.62147687168708,0.0,0.0,0.0,0.0,0.0,0.0,0.0,0.0,0.0,0.0,0.0,0.0,915.321406850142,0.0,0.0,0.0,0.0,0.0,0.0,0.0,0.0,0.0,0.0,0.0,0.0,0.0,0.0,302.91834970756594,0.0,0.0,0.0,0.06715755353076279,0.0,0.0,0.0,-551.9562284560312,0.0,0.0,0.0,0.0,0.0,-386.05762062390306,2.238585117692093,0.0,0.0,0.0,0.0,0.0,-1000.0,0.0,0.0,0.0,0.0,0.0,0.0,0.0,0.0,305.70180544602607,0.0,0.0,1000.0,56.36043131319366,0.0,991.0456595292317,709.2722623280936,0.0,0.0,0.0,0.0,255.26940047398227,-693.6514864326608,0.0,2.2385851176920823,825.9903016315577,0.0,0.0,-36.42820878118872,-134.07186351072176,-558.3951992245793,558.3951992245793,0.0,0.0,0.0,-513.5626372869374,0.0,0.0,0.0,743.6821175368777,-88.03647082639566,54.62147687168708,0.0,0.0,0.0,36.42820878118872,0.0,0.0,0.0,0.0,0.0,37.86985759698041,0.0,0.0,308.0947828271213,-59.12742891572731,494.4877749663334,0.0,13.43151070615256,0.0,0.0,0.0,0.0,-230.31381010073005,0.0,0.0,0.049248872589270326,0.0,0.0,0.0,27.31073843584354,0.0,0.0,0.0,0.0,-55.778538538517154,0.0,0.0,0.0,0.0,0.0,0.0,0.0,0.0,-1000.0,0.0,469.6163858577311,0.004477170235384186,0.0,0.0,0.0,0.0,0.0,0.0,0.0,0.0,0.0,0.0,36.42820878118872,0.0,0.0,0.0,0.0,386.05762062390306,0.0,0.0,0.0,0.0,0.0,0.0,0.0,0.0,0.0,0.0,0.0,0.0,-802.2130958792674,-20.209138435813145,1000.0,0.0,0.0,0.0,26.86302141230512,0.0,0.0,0.0,0.0,0.0,0.0,-26.86302141230512,0.0,0.0,0.0,0.0,0.0,0.0,0.0,0.0,0.0,36.42820878118872,36.42820878118872,0.0,-659.4662848713408,-972.4950489986775,945.9900229625237,-551.9562284560312,0.0,0.0,823.0557558493335,0.0,0.0,0.0,0.0,0.0,0.0,0.0,0.0,0.0,0.0,0.0,0.0,0.0,0.0,0.0,0.0,0.0,-5.59646279423032,305.70180544602607,-556.178862702381,1000.0,0.0,0.0,0.0,0.0,0.0,562.499999999716,-563.0596462791391,389.341263984704,0.0,0.0,0.0,0.0,0.0,0.0,0.0,1000.0,13.43151070615256,13.43151070615256,0.0,0.0,0.0,0.0,0.0,0.049248872589270326,386.05762062390306,0.0,0.0,-823.0557558493335,469.6119086874957,0.0,0.0,0.0,0.0,0.0,0.0,0.0,0.0,0.0,0.0,0.0,0.0,0.0,0.0,0.0,0.0,0.0,0.0,47.01028747153396,3.4474210812458215,0.0,0.0,0.0,0.0,0.0,386.05762062390306,0.0,997.7614148823079,0.0,0.0,0.0,-5.59646279423032,0.0,0.0,0.0,0.0,0.0,0.0,0.0,0.0,0.0,0.0,0.0,0.0,0.0,0.0,0.0,0.0,0.0,0.0,-0.04477170235384186,0.0,0.0,2.238585117692093,172.6622057767748,0.0,0.0,0.0,0.0,305.70180544602607,0.0,0.0,0.0,-911.4665632774762,1.1192925588460465,0.0,0.0,0.0,0.04477170235384186,0.0,44.77170235384186,-13.87922772969098,8.954340470768372,0.3197978739560133,124.91304956721882,-0.033578776765381395,778.6490776306135,0.8954340470768373,-0.2238585117677303,-124.91304956721882,13.431510706152558,-0.04477170235384186,36.072590413446164,0.0,0.011192925588460466,0.3197978739560133,-108.2177712403385,-7.127655014729612,35.53277473411188,69.47976621983298,-0.04477170235384186,0.011192925588460466,-124.91304956721882,4.477170235384186,0.04477170235384186,0.04477170235384186,-385.96360004895996,0.049248872589203074,0.0,-0.033578776765381395,13.43151070615256,0.04477170235384186,551.9562284560312,516.1388665729577,-0.02238585117692093,18.048356020948944,-1.7384861992778937,-0.033578776765381395,-0.04477170235384186,-13.87922772969098,0.04477170235384186,4.477170235384186,-0.8954340470768373,302.91834970756594,302.91834970756594,-4.477170235384186,-69.47976621983298,-302.91834970756594,8.954340470768372,0.06715755353076279,-1000.0,4.477170235384186,-207.95766487395167,0.0,-8.954340470768372,0.02238585117692093,0.4477170235384187,18.036295206723082,65.31477178396203,-0.04477170235384186,-396.131253653517,385.96360004895996,13.87922772969098,0.04477170235384186,7.127655014729612,-592.2507605744886,0.0,-0.04477170235384186,-0.011192925588460466,0.0,-0.04477170235384186,-607.7347669945484,0.044771702353593755,-0.011192925588460466,-0.011192925588460466,-0.011192925588460466,17.908680941536744,-516.1388665729577,0.4477170235384187,230.4363871740395,-0.011192925588460466,0.0,2.238585117692093,306.1059686149663,0.04477170235384186,0.02238585117692093,0.02238585117692093,4.477170235384186,13.87922772969098,0.04477170235384186,-13.87922772969098,0.4477170235384187,0.04477170235384186,-624.9686915593196,0.04477170235384186,0.17908680941383182,0.2238585117677303,0.02238585117692093,0.011192925588460466,13.43151070615256,-0.04477170235384186,0.0,-17.76638736705594,-460.872774348079,777.5297850717675,-4.477170235384186,8.954340470768372,2.238585117692093,-0.04477170235384186,108.2177712403385,0.06715755353076279,-0.04477170235384186,-8.954340470768372,13.87922772969098,489.68921544625465,0.02238585117692093,-612.2119372299326,-0.04477170235384186,-0.044771702353593755,-0.04477170235384186,0.02238585117692093,124.91304956721882,-8.954340470768372,0.04477170235384186,36.072590413446164,-0.011192925588460466,-0.049248872589203074,-36.072590413446164,6.715755353076279,1.7384861992778937,-13.911975584206346,124.91304956721882,-0.033578776765381395,396.131253653517,-65.31477178396203,0.04477170235384186,-0.011192925588460464,273.7547173379976,44.77170235384186,-0.02238585117692093,-0.04477170235384186,0.011192925588460466,1000.0,0.0,164.6814217607469,394.5323043852801,-694.896325435624,0.0,1000.0,282.091998651513,0.0,1000.0,-49.38943584771452,-1000.0,-835.2961923880762,-500.0,347.448162717812,24.69471792385726,0.0,-141.0459993257565,-386.05762062390306,-259.3754053455246,835.2961923880762,1000.0,-259.3754053455246,-1000.0,793.8867951695522,0.0,1496.5981,bhi
152,0.0,0.0,0.0,0.0,0.0,0.0,0.0,0.0,-0.1040162114499408,0.0,0.0,0.0,0.0,0.0,0.0,0.0,-220.4014603388208,-708.3016759017939,0.0,963.31239245439,0.0,0.0,0.0,424.4057534962811,0.0,788.0650324981675,0.0,0.0,0.0,-841.2999564826564,0.0,0.0,0.0,0.0,0.0,0.0,0.0,362.4566499173682,0.0,-1000.0,884.3535416520325,0.0,-970.2875805206199,0.0,0.0,0.0,0.0,0.0,1000.0,-173.16345489702618,0.0,0.0,0.0,0.11441783259503775,0.0,0.0,0.0,20.803242289988162,0.0,0.0,-96.61793706130845,0.0,120.92252981145396,0.0,0.0,0.0,0.0,0.0,24.304592750145495,0.0,0.0,1.0401621144994082,0.0,0.0,0.0,0.0,0.0,0.0,0.0,0.0,0.0,0.0,0.0,0.0,62.409726869964516,0.0,93.57958316957867,-591.9039480566413,812.4614327126369,0.0,-0.026004052862485205,0.0,0.0,-766.6513476772266,31.204863434982244,0.0,115.64645834796751,-3.349322008688418,0.0,0.0,0.0,682.6154556169146,-841.2999564826564,0.0,0.0,-64.05145741734461,526.6829298277617,0.0,0.0,0.0,0.0,0.0,0.0,0.0,0.0,0.0,0.0,0.0,0.0,0.0,0.0,0.0,0.0,0.0,-1000.0,0.0,0.0,115.64645834796751,0.0,32.24502554948165,22.003810534953118,0.0,0.0,0.0,0.0,0.0,-709.9577181653051,0.0,0.0,685.6531254151596,0.0,0.0,0.0,0.0,0.0,101.58883145122411,0.1040162114499408,0.0,0.0,0.0,473.31707017223835,-1000.0,0.0,0.0,0.0,0.0,724.8088274051164,0.0,0.0,0.0,0.0,0.0,547.1308555929639,547.1308555929639,0.0,0.0,0.0,0.0,-1000.0,0.0,0.0,547.2348718044138,0.0,0.0,0.0,-1000.0,-406.84767635596006,0.0,0.0,0.0,0.0,0.0,0.0,0.0,0.0,0.0,-374.538183830184,0.0,0.0,0.0,0.0,15.992825321089086,0.0,0.0,0.0,0.0,0.0,173.16345489702618,970.2875805206199,-378.38363246397864,378.38363246397864,0.0,0.0,0.0,0.0,0.0,0.0,0.0,0.0,-33.80526872123073,0.0,0.0,0.0,0.0,0.0,0.0,0.0,0.0,0.0,0.0,0.0,0.0,0.0,9.952997377324136,-357.67061182427085,-908.5861636991427,0.0,0.0,0.0,0.0,0.0,0.0,0.0,0.0,0.0,-96.61793706130845,-908.5861636991427,0.0,0.0,0.0,0.0,0.0,0.0,0.0,0.0,0.0,0.0,84.44159491298527,0.0,-220.55748465599572,0.0,1000.0,0.0,908.5861636991427,0.0,0.0,24.304592750145495,-126.12663057190522,0.0,0.0,0.0,24.671471063197487,0.0,0.0,-1000.0,0.0,1000.0,-1000.0,0.0,1000.0,434.07780024865826,0.0,-531.4689678547415,173.16345489702618,0.0,334.2128510152411,0.0,0.0,0.0,-448.60567346802475,0.0,448.60567346802475,0.0,810.6144523731629,24.304592750145495,0.0,540.691706703962,0.0,0.0,0.0,-96.61793706130845,-0.15602431717491122,0.0,0.0,0.0,0.0,0.1040162114499408,0.0,0.0,0.0,-131.6392836690566,-220.4014603388208,0.0,-847.7398700073298,1000.0,406.84767635596006,1000.0,0.0,0.0,0.0,-64.05145741734461,0.0,0.0,0.0,-8.955795805840005,8.955795805840005,0.0,-1000.0,-1000.0,0.0,0.0,0.0,0.0,0.0,0.0,0.0,0.0,0.0,0.0,0.0,0.0,0.0,0.0,0.0,0.0,0.0,81.67444396253205,0.0,-319.19768231187913,0.0,46.90726855163399,0.0,0.0,0.0,0.0,-101.58883145122411,0.0,0.0,0.0,0.0,677.4146450444175,-392.7555400360699,0.0,109.47878271755803,-2.6004052862485203,359.49515148008436,0.0,-5.200810572497041,-140.0578287173453,0.0,0.0,-453.38691581226385,258.00694430669637,0.0,0.0,0.0,0.0,-8.454919539680446,0.0,-83.46021065292658,115.64645834796751,0.0,0.0,0.0,0.0,0.0,0.0,0.0,-9.952997377324136,9.952997377324136,9.952997377324136,-729.8466889691032,0.0,0.0,-544.3263625003849,0.0,0.0,0.0,0.0,0.0,-30.38130053360507,0.0,312.50000000000205,0.0,0.0,0.0,0.0,0.0,-473.31707017223835,0.20803242289991886,0.0,0.0,0.0,0.0,0.0,0.0,0.0,0.0,0.0,0.0,0.0,0.0,0.0,0.0,0.0,0.0,0.0,0.0,0.0,0.11441783259503775,0.11441783259503775,0.0,285.40042622360204,0.0,62.409726869964516,0.0,12.908007213009512,0.0,1000.0,0.0,0.0,93.57958316957867,0.0,0.0,1000.0,-1000.0,0.0,0.0,0.0,0.0,0.0,0.0,0.0,0.0,0.0,0.0,0.0,0.0,0.0,333.3333333333333,131.6392836690566,0.0,0.0,101.58883145122411,0.0,-766.6513476772266,0.0,0.0,0.0,961.3992861583076,0.0,526.6829298277617,0.0,0.0,0.0,9.952997377324136,0.0,0.0,0.0,0.0,0.0,0.0,0.0,0.0,0.0,0.0,0.0,0.0,0.0,62.40972686996449,24.304592750145503,24.304592750145495,0.0,0.0,0.0,0.0,0.0,0.0,0.0,0.0,0.0,0.0,1.0401621144994082,0.0,0.0,93.57958316957867,-93.57958316957867,0.0,970.2875805206199,0.0,0.0,115.64645834796751,0.0,0.0,0.0,0.0,0.0,0.0,0.0,0.0,0.0,0.0,410.47760794349387,0.0,0.0,31.204863434982244,31.204863434982244,1000.0,-1000.0,0.0,0.0,0.0,0.0,0.0,0.0,0.0,841.2999564826564,0.0,1000.0,0.1040162114499408,0.0,0.0,0.0,49.35302453861294,345.21415533754913,0.0,766.6513476772266,0.0,-24.304592750145495,0.0,0.0,0.0,0.0,2.969285680130186,0.0,0.0,0.0,0.0,0.0,0.0,0.0,0.1040162114499408,0.0,0.0,0.0,0.0,0.0,0.0,0.0,0.0,46.90726855163399,0.0,497.5390422743647,0.0,0.0,-1000.0,-7.801215858745561,-5.200810572497044,0.0,0.0,0.0,0.0,0.0,0.0,0.0,0.0,0.0,0.0,0.0,0.0,24.304592750145503,406.84767635596006,0.0,0.0,-86.71431962010999,0.0,0.0,0.0,-0.1040162114499408,0.0,0.0,0.1040162114499408,0.0,0.1040162114499408,8.907857040390558,0.0,0.0,62.409726869964516,126.8997779689278,126.8997779689278,0.0,0.0,0.0,0.0,0.0,0.0,0.0,0.0,0.0,0.0,0.0,0.0,0.0,0.0,0.0,0.0,0.0,0.0,0.0,0.0,0.0,0.0,0.0,0.0,0.0,0.0,0.0,0.0,0.0,-779.1571754577769,779.1571754577769,0.15602431717491122,0.0,0.0,0.0,-115.64645834796751,0.0,0.0,0.0,0.0,0.0,-285.40042622360204,5.200810572497041,0.0,0.0,0.0,0.0,1000.0,502.4609577256353,0.0,0.0,312.50000000000205,0.0,0.0,0.0,0.0,0.0,24.304592750145503,0.0,0.0,410.47760794349387,275.4474288462779,0.0,979.1967577100119,281.16269792020455,599.1278737255889,400.87212627441113,0.0,-1000.0,0.0,-253.02640854083302,12.908007213009512,5.200810572497044,455.1741026590455,0.0,0.0,0.0,-217.5404668727624,-495.0208955395711,495.0208955395711,-468.7500000003942,468.7500000003942,0.0,0.0,0.0,0.0,0.0,358.93575211269285,0.0,126.8997779689278,0.0,0.0,0.0,0.0,0.0,0.0,0.0,0.0,0.0,0.0,0.0,0.0,308.8040737998387,-49.35302453861294,-1000.0,-970.2875805206199,31.204863434982244,93.57958316957867,0.0,0.0,0.0,155.08579902920496,0.0,0.0,0.11441783259503775,0.0,0.0,0.0,63.4498889844639,0.0,0.0,0.0,0.0,-357.67061182427085,0.0,526.6829298277617,0.0,0.0,0.0,0.0,0.0,0.0,0.0,0.0,0.01040162114499408,0.01040162114499408,0.0,0.0,0.0,0.0,0.0,8.907857040390558,0.0,0.0,0.0,0.0,0.0,0.0,0.0,0.0,0.0,285.40042622360204,0.0,0.0,0.0,0.0,0.0,0.0,0.0,173.16345489702618,0.0,0.0,0.0,187.15916633915734,961.328084442627,1000.0,-708.3016759017939,0.0,0.0,0.0,62.409726869964516,0.0,0.0,0.0,0.0,0.0,-1000.0,937.5902731300355,0.0,187.15916633915734,0.0,0.0,0.0,0.0,0.0,0.0,0.0,0.0,0.0,0.0,-1000.0,-1000.0,71.25110484320946,-115.64645834796751,0.0,0.0,400.45606142861163,0.0,0.0,0.0,0.0,0.0,0.0,0.0,0.0,0.0,0.0,0.0,0.0,0.0,0.0,0.0,0.0,12.908007213009512,-13.002026431242605,24.304592750145495,-685.215860903163,-7.801215858745556,0.0,0.0,0.0,0.0,0.0,-1.3002026431242601,0.0,30.38130053360507,0.0,0.0,0.0,0.0,0.0,0.0,0.0,1000.0,31.204863434982244,31.204863434982244,0.0,0.0,0.0,0.0,0.0,0.11441783259503775,285.40042622360204,0.0,0.0,-409.3639184690022,0.0,0.0,0.0,0.0,0.0,0.0,0.0,0.0,0.0,0.0,0.0,0.0,0.0,0.0,0.0,0.0,0.0,22.003810534953118,0.0,109.21702202243785,0.0,0.0,101.58883145122411,0.0,0.0,0.0,285.40042622360204,0.0,-511.0110903068208,0.0,0.0,0.0,-13.002026431242605,0.0,0.0,0.0,0.0,0.0,0.0,0.0,0.0,0.0,0.0,0.0,0.0,0.0,0.0,0.0,0.0,0.0,0.0,-0.1040162114499408,0.0,0.0,5.200810572497041,-1000.0,0.0,0.0,0.0,0.0,24.304592750145495,0.0,0.0,0.0,8.955795805840005,2.6004052862485203,0.0,0.0,788.0650324981675,0.1040162114499408,0.0,104.0162114499408,-10.241215014528535,20.803242289988162,0.7429729389281486,334.2128510152411,-0.07801215858745561,343.9081330947058,2.0803242289988164,8.387775983141143,-334.2128510152411,31.204863434982244,-0.10401621144994082,21.350485805781535,0.0,0.026004052862485205,0.7429729389281486,-64.05145741734461,-110.13896403240966,-2.0803242289988164,-34.60925621377527,-0.10401621144994082,0.026004052862485205,-334.2128510152411,10.401621144994081,0.10401621144994082,0.1040162114499408,-285.181992179557,-93.46516533698373,0.0,-0.07801215858745561,31.204863434982244,0.10401621144994082,115.64645834796751,32.43348918801486,-0.05200810572497041,-596.7059125704272,-10.505637356444023,-0.0780121585874556,-0.10401621144994082,-10.241215014528535,0.1040162114499408,10.401621144994081,-2.0803242289988164,0.0,0.0,-10.401621144994081,34.60925621377527,0.0,20.803242289988162,0.1560243171749112,-1000.0,10.401621144994081,-333.3333333333333,0.0,-20.803242289988162,0.05200810572497041,1.0401621144994082,211.93496750183246,296.2506711362661,-0.1040162114499408,-308.8040737998387,285.181992179557,32.24502554948165,0.10401621144994082,110.13896403240966,-209.26104865291416,0.0,-0.1040162114499408,-0.026004052862485205,0.0,-0.10401621144994082,-1000.0,0.10401621144999287,-0.026004052862485205,-0.026004052862485205,-0.026004052862485205,41.606484579976325,-32.43348918801486,1.0401621144994082,77.06301065797506,-0.026004052862485205,402.5194491978834,5.200810572497041,241.8593456586162,0.1040162114499408,0.05200810572497041,0.05200810572497041,-1.7506752300786665,10.241215014528535,0.1040162114499408,-10.241215014528535,1.0401621144994082,0.10401621144994082,-77.06301065797506,0.10401621144994082,0.4160648457995327,-8.387775983141143,0.05200810572497041,0.026004052862485205,31.204863434982244,-0.10401621144994082,0.0,1.0401621144994082,-154.1260213159501,341.3077278084573,-10.401621144994081,20.803242289988162,5.200810572497041,-0.10401621144994082,64.05145741734461,0.15602431717491122,-0.10401621144994082,3.501350460157333,10.241215014528535,14.688742565256973,0.05200810572497041,-483.7186913172324,-0.10401621144994082,-0.10401621144999287,-0.10401621144994082,0.05200810572497041,334.2128510152411,-20.803242289988162,0.1040162114499408,423.8699350036649,-0.026004052862485205,93.46516533698373,-423.8699350036649,15.602431717491118,10.505637356444023,185.6864941457499,334.2128510152411,-0.0780121585874556,308.8040737998387,-296.2506711362661,0.10401621144994082,-0.0260040528624852,5.200810572497044,104.0162114499408,-0.05200810572497041,-0.10401621144994082,0.026004052862485205,952.0047098827903,0.0,565.8701916456167,0.0,672.6438459318433,0.0,266.85885213266937,278.86393964716075,0.0,-771.5571897605295,427.8807487589105,-1000.0,-434.07780024865826,385.77859488026473,-336.32192296592166,-213.94037437945525,0.0,-139.43196982358037,-285.40042622360204,-169.77454159446194,434.07780024865826,1000.0,-169.77454159446194,-266.85885213266937,232.85913982029473,0.0,1496.5981,bhi
153,0.0,0.0,0.0,0.0,0.0,0.0,0.0,0.0,434.3575614850224,0.0,0.0,0.0,0.0,0.0,0.0,0.0,597.7865039184578,-289.0310837750512,0.0,0.0,0.0,0.0,0.0,0.0,0.0,429.88536827165103,0.0,0.0,0.0,89.71777431987266,0.0,0.0,0.0,0.0,0.0,0.0,0.0,980.4224604690631,0.0,-1000.0,419.0756044317327,0.0,0.0,0.0,0.0,0.0,0.0,0.0,-687.5042782383305,-75.81621295302728,0.0,0.0,0.0,0.12296513218909634,0.0,0.0,0.0,0.0,0.0,0.0,-9.844663007372484,0.0,9.844663007372484,0.0,0.0,0.0,0.0,0.0,0.0,0.0,0.0,1.117864838081689,0.0,0.0,0.0,0.0,0.0,0.0,0.0,0.0,0.0,0.0,0.0,0.0,67.07189028490133,0.0,0.0,0.0,-93.45807593813556,168.24610168701412,-0.02794662095204222,0.0,0.0,0.0,33.535945142450664,0.0,604.6884364038391,0.0,0.0,0.0,0.0,756.0935261463067,89.71777431987266,0.0,0.0,-73.04478633850297,0.0,0.0,0.0,0.0,0.0,0.0,0.0,0.0,0.0,0.0,0.0,0.0,0.0,0.0,0.0,0.0,0.0,0.0,-1000.0,0.0,0.0,604.6884364038391,0.0,34.65380998053235,0.0,0.0,-188.59443716077058,188.59443716077058,0.0,0.0,-401.20872758591895,1000.0,-1000.0,401.20872758591895,0.0,0.0,0.0,0.0,0.0,8.607559253229004,0.11178648380816888,0.0,0.0,0.0,-1000.0,664.1812030865457,0.0,0.0,0.0,0.0,445.2066155581427,0.0,0.0,0.0,0.0,0.0,999.8882135161919,999.8882135161919,0.0,0.0,0.0,0.0,-371.44911149884376,0.0,0.0,1000.0,0.0,0.0,0.0,-259.6260156205681,0.0,0.0,0.0,0.0,0.0,0.0,0.0,0.0,0.0,0.0,-1000.0,0.0,0.0,0.0,0.0,-1000.0,0.0,0.0,0.0,0.0,0.0,75.81621295302728,0.0,93.45807593813556,-93.45807593813556,0.0,0.0,0.0,0.0,0.0,0.0,0.0,0.0,-13.973310476021084,0.0,0.0,0.0,0.0,0.0,0.0,0.0,0.0,0.0,0.0,0.0,0.0,0.0,0.0,-48.3141183018897,0.0,0.0,0.0,0.0,0.0,233.28726286512477,0.0,0.0,0.0,0.0,-9.844663007372484,0.0,0.0,0.0,0.0,0.0,0.0,0.0,0.0,0.0,3.599524778622146,22.357296761633776,571.1524912613884,0.0,186.91615187627113,0.0,-594.0462023001949,0.0,0.0,0.0,0.0,0.0,116.73272090488358,0.0,0.0,0.0,26.641892016713996,0.0,0.0,0.0,-971.1715783091599,-525.8060462039714,971.1715783091599,0.0,445.36553210518855,0.0,0.0,491.93127040141485,75.81621295302728,0.0,78.59702695966638,0.0,0.0,0.0,621.2208049133831,0.0,-621.2208049133831,0.0,1000.0,0.0,0.0,636.0576612981375,0.0,0.0,0.0,-9.844663007372484,-0.1676797257122533,0.0,0.0,0.0,0.0,0.11178648380816888,0.0,0.0,0.0,158.424775952414,597.7865039184578,0.0,-224.04809730782398,-764.4215947701131,0.0,1000.0,0.0,101.89677220797307,0.0,-73.04478633850297,0.0,0.0,0.0,-9.62481625588345,-956.6636847430218,864.3917287909321,-136.42204691962854,-1000.0,0.0,0.0,0.0,0.0,0.0,0.0,0.0,0.0,0.0,0.0,0.0,0.0,0.0,0.0,0.0,0.0,0.0,-19.13039359570402,0.0,-1000.0,0.0,0.0,0.0,1000.0,0.0,0.0,-12.20708403185115,0.0,0.0,0.0,0.0,750.5042019558982,0.0,0.0,-712.9788911523827,174.07918430076379,956.6636847430218,-963.096857003885,0.0,-14.912229238631397,-1000.0,0.0,-167.86253401597483,0.0,-176.873846395968,-5.589324190408444,0.0,0.0,-939.5841195035664,1000.0,866.9229050282568,604.6884364038391,0.0,0.0,0.0,0.0,0.0,434.46934796883056,0.0,0.0,0.0,0.0,-741.9525115246711,0.0,0.0,-0.22357296761633777,0.0,0.0,0.0,0.0,0.0,-19.689326014744967,0.0,0.0,23.76404083557175,0.0,0.0,0.0,0.0,-988.8213516191831,0.22357296761631315,0.0,0.0,0.0,0.0,0.0,0.0,0.0,0.0,0.0,0.0,0.0,0.0,0.0,0.0,0.0,0.0,0.0,0.0,0.0,0.12296513218909634,0.12296513218909634,0.0,468.817964785356,0.0,67.07189028490133,0.0,17.896464717667875,0.0,-408.61026993563075,0.0,0.0,0.0,0.0,0.0,7.928169864826184,408.61026993563075,0.0,0.0,18.50582780420348,0.0,0.0,23.76404083557175,0.0,0.0,0.0,0.0,0.0,0.0,0.0,333.3333333333333,-158.424775952414,335.8187969134543,0.0,8.607559253229004,0.0,0.0,0.0,-233.28726286512477,0.0,7.928169864826184,0.0,19.106818245643073,-1000.0,1000.0,-1000.0,0.0,0.0,0.0,0.0,0.0,0.0,0.0,0.0,0.0,0.0,0.0,0.0,0.0,0.0,67.07189028490133,0.0,0.0,0.0,0.0,0.0,0.0,0.0,0.0,0.0,0.0,0.0,0.0,1.117864838081689,0.0,0.0,0.0,0.0,0.0,0.0,0.0,0.0,604.6884364038391,-18.50582780420348,0.0,0.0,0.0,0.0,0.0,0.0,0.0,0.0,0.0,150.49223901495057,-378.1759766741235,0.0,33.535945142450664,33.535945142450664,1000.0,408.61026993563075,0.0,23.76404083557175,0.0,0.0,0.0,0.0,0.0,-953.2957274002441,0.0,-902.7240754163287,0.11178648380816888,0.0,0.0,0.0,147.63002136637388,842.7317789421772,0.0,0.0,0.0,0.0,0.0,0.0,0.0,0.0,0.0,0.0,0.0,0.0,0.0,0.0,0.0,0.0,0.11178648380816888,0.0,0.0,0.0,0.0,0.0,0.0,0.0,0.0,0.0,0.0,-12.20708403185115,0.0,0.0,-980.869606404296,-8.38398628561265,-5.589324190408444,0.0,0.0,156.25,156.25,-156.25,0.0,0.0,0.0,0.0,0.0,0.0,0.0,0.0,0.0,0.0,0.0,-67.07189028490131,0.0,0.0,0.0,434.3575614850224,0.0,0.0,0.11178648380816888,0.0,0.11178648380816888,0.0,0.0,0.0,67.07189028490133,136.37951024596603,136.37951024596603,0.0,0.0,0.0,0.0,0.0,0.0,0.0,335.8187969134543,0.0,0.0,0.0,0.0,0.0,0.0,0.0,0.0,0.0,0.0,0.0,0.0,0.0,0.0,0.0,0.0,0.0,0.0,0.0,233.28726286512477,0.0,-429.88536827165103,429.88536827165103,0.1676797257122533,0.0,0.0,0.0,-604.6884364038391,0.0,0.0,0.0,0.0,0.0,-468.817964785356,5.589324190408444,0.0,0.0,0.0,0.0,371.44911149884376,779.8275338823039,0.0,0.0,0.0,0.0,0.0,0.0,0.0,0.0,0.0,0.0,18.50582780420348,0.0,468.817964785356,0.0,1000.0,769.6869926036742,0.0,767.6204498504527,0.0,-767.6204498504527,0.0,-19.646789341082453,17.896464717667875,5.589324190408444,1000.0,0.0,0.0,0.0,-19.689326014744967,0.0,0.0,0.0,0.0,0.0,0.0,0.0,0.0,0.0,983.2320274287747,0.0,136.37951024596603,0.0,-967.089234912887,-967.0892349128872,967.089234912887,0.0,0.0,0.0,0.0,0.0,3.599524778622146,0.0,0.0,493.9699236421941,-147.63002136637388,775.0781881759525,0.0,33.535945142450664,0.0,0.0,0.0,0.0,-135.3393988062019,0.0,0.0,0.12296513218909634,0.0,0.0,0.0,68.18975512298302,0.0,0.0,0.0,0.0,-48.3141183018897,0.0,0.0,0.0,0.0,0.0,0.0,0.0,0.0,625.8013968494964,0.0,0.011178648380816888,0.011178648380816888,0.0,0.0,0.0,0.0,0.0,0.0,0.0,0.0,0.0,0.0,0.0,0.0,0.0,0.0,0.0,468.817964785356,0.0,0.0,0.0,0.0,0.0,0.0,0.0,75.81621295302728,0.0,0.0,0.0,0.0,0.0,1000.0,-289.0310837750512,0.0,0.0,0.0,67.07189028490131,0.0,0.0,0.0,0.0,0.0,-831.1355694555464,764.0636791706451,0.0,0.0,0.0,0.0,0.0,0.0,0.0,0.0,0.0,0.0,0.0,0.0,902.7240754163287,-1000.0,76.57374140859568,0.0,-604.6884364038391,0.0,980.4224604690631,0.0,0.0,0.0,0.0,0.0,0.0,0.0,0.0,0.0,0.0,0.0,0.0,0.0,0.0,0.0,0.0,17.896464717667875,-13.973310476021084,0.0,-758.8881882415109,-8.383986285612686,0.0,0.0,0.0,0.0,0.0,-1.3973310476021112,0.0,19.689326014744967,0.0,0.0,0.0,0.0,0.0,0.0,0.0,1000.0,33.535945142450664,33.535945142450664,0.0,0.0,0.0,0.0,0.0,0.12296513218909634,468.817964785356,0.0,0.0,-980.4224604690631,0.0,0.0,0.0,0.0,0.0,0.0,0.0,0.0,0.0,0.0,0.0,0.0,0.0,0.0,0.0,0.0,0.0,0.0,0.0,117.37580799857733,8.607559253229004,0.0,0.0,0.0,0.0,0.0,468.817964785356,0.0,-785.4168580727123,0.0,0.0,0.0,-13.973310476021084,0.0,0.0,0.0,0.0,0.0,0.0,0.0,0.0,0.0,0.0,0.0,0.0,0.0,0.0,0.0,0.0,0.0,0.0,-0.11178648380816888,0.0,0.0,5.589324190408444,-7.928169864826184,0.0,0.0,0.0,0.0,0.0,0.0,0.0,0.0,9.62481625588345,2.794662095204222,0.0,0.0,429.88536827165103,0.11178648380816888,0.0,111.78648380816888,-34.65380998053235,22.357296761633776,0.7984748843440634,311.88428982479115,-0.08383986285612666,880.8414251683575,2.235729676163378,-0.558932419040957,-311.88428982479115,33.535945142450664,-0.11178648380816888,24.348262112834323,23.76404083557175,0.02794662095204222,0.7984748843440634,-73.04478633850297,-17.79640822225963,-2.235729676163378,-308.75542014340664,-0.11178648380816888,0.02794662095204222,-311.88428982479115,11.178648380816888,0.11178648380816888,0.11178648380816888,-468.58321316935877,0.12296513218898578,0.0,-0.08383986285612666,33.535945142450664,0.11178648380816888,604.6884364038391,515.2592493573039,-0.05589324190408444,-299.11704288113674,-244.57769772974984,-0.08383986285612666,-0.11178648380816888,-34.65380998053235,0.11178648380816888,11.178648380816888,-2.235729676163378,233.28726286512477,233.28726286512477,-11.178648380816888,308.75542014340664,-233.28726286512477,22.357296761633776,0.1676797257122533,622.3401442185643,11.178648380816888,-333.3333333333333,23.76404083557175,-22.357296761633776,0.05589324190408444,1.117864838081689,56.012024326955995,491.1752615469898,-0.11178648380816888,-493.9699236421941,468.58321316935877,34.65380998053235,0.11178648380816888,17.79640822225963,-681.5322309956196,23.76404083557175,-0.11178648380816888,-0.02794662095204222,-23.76404083557175,-0.11178648380816888,-988.8213516191831,0.11178648380816888,-0.02794662095204222,-0.02794662095204222,-0.02794662095204222,44.71459352326755,-515.2592493573039,1.117864838081689,372.29419819311977,-0.02794662095204222,87.67578654107767,5.589324190408444,500.0,0.11178648380816888,0.05589324190408444,0.05589324190408444,23.060668798602762,34.65380998053235,0.11178648380816888,-34.65380998053235,1.117864838081689,0.11178648380816888,-951.2429721966083,0.11178648380816888,0.44714593523277746,0.558932419040957,0.05589324190408444,0.02794662095204222,33.535945142450664,-0.11178648380816888,0.0,1.117864838081689,-744.5883963862395,878.0467630731533,-11.178648380816888,22.357296761633776,5.589324190408444,-0.11178648380816888,73.04478633850297,0.1676797257122533,-0.11178648380816888,-46.121337597205525,34.65380998053235,585.2267710552364,0.05589324190408444,-1000.0,-0.11178648380816888,-0.11178648380816888,-0.11178648380816888,0.05589324190408444,311.88428982479115,-22.357296761633776,0.11178648380816888,112.02404865391199,-0.02794662095204222,-0.12296513218898578,-112.02404865391199,16.767972571225332,244.57769772974984,-1000.0,311.88428982479115,-0.08383986285612666,493.9699236421941,-491.1752615469898,0.11178648380816888,-0.027946620952042218,5.589324190408444,111.78648380816888,-0.05589324190408444,-0.11178648380816888,0.02794662095204222,647.8726419092532,0.0,-790.6421391474825,578.9487740034886,-701.5478691126713,0.0,1000.0,767.2165113115136,0.0,1000.0,-50.09177784063688,-686.5384998481794,-168.24610168701412,-500.0,350.77393455633563,25.04588892031844,0.0,-383.6082556557568,-468.817964785356,-449.8873722490345,168.24610168701412,686.5384998481794,-449.8873722490345,-1000.0,835.1767913074013,0.0,1496.5981,bhi
154,0.0,0.0,0.0,0.0,0.0,0.0,0.0,0.0,291.38660791508676,0.0,0.0,0.0,0.0,0.0,0.0,0.0,19.998904370576227,-842.9316716394264,0.0,1000.0,0.0,0.0,0.0,53.54219650700382,0.0,764.1082364492111,0.0,0.0,0.0,889.5619347131017,54.57061510488947,-54.57061510488947,390.07776958933124,0.0,0.0,0.0,0.0,547.9047132911161,0.0,-1000.0,483.47815807903726,0.0,-80.93821562669088,-824.8757224647671,0.0,0.0,0.0,0.0,-1000.0,0.0,0.0,-711.8638915677394,0.0,0.15251683521577405,0.0,0.0,0.0,0.0,0.0,0.0,19.183122834054906,0.0,0.0,-129.56863155842822,1000.0,0.0,0.0,0.0,1000.0,-924.4133397876678,0.0,1.3865166837785174,0.0,0.0,0.0,0.0,0.0,0.0,0.0,0.0,0.0,0.0,0.0,0.0,83.19100102671105,0.0,0.0,247.4307083490762,30.573644379340713,0.0,528.6339420159543,0.0,0.0,204.0488390666617,41.595500513355525,0.0,516.5218419209627,-563.6000821514893,0.0,0.0,0.0,441.90083064922896,889.5619347131017,0.0,0.0,0.0,433.3271152359623,385.46502066283426,0.0,0.0,0.0,0.0,0.0,0.0,0.0,0.0,0.0,0.0,0.0,0.0,0.0,0.0,0.0,0.0,-1000.0,0.0,0.0,516.5218419209627,0.0,42.982017197134034,25.91545213786165,0.0,0.0,0.0,0.0,0.0,-148.75175439248312,42.63890057122774,-42.63890057122774,0.0,0.0,0.0,0.0,0.0,0.0,10.676178465094578,0.13865166837785173,528.6686049330488,0.0,0.0,-433.3271152359623,0.0,0.0,0.0,0.0,0.0,880.5440371320816,0.0,0.0,0.0,0.0,0.0,76.34329708979851,76.34329708979851,0.0,0.0,0.0,0.0,465.76628370420536,0.0,0.0,131.05256386306584,0.0,0.0,0.0,-259.7951182493822,-512.5671709767948,0.0,0.0,0.0,0.0,0.0,0.0,0.0,0.0,0.0,-39.98087309073271,0.0,0.0,0.0,0.0,-1000.0,0.0,0.0,0.0,0.0,0.0,0.0,792.8021071944303,-30.573644379340713,30.573644379340713,148.75175439248312,0.0,0.0,0.0,0.0,0.0,0.0,0.0,67.91527877563925,0.0,0.0,0.0,0.0,0.0,0.0,0.0,0.0,0.0,0.0,0.0,0.0,0.0,0.0,-50.15104284307495,-702.3629462781081,0.0,0.0,0.0,0.0,-30.805872617088653,0.0,0.0,0.0,0.0,19.183122834054906,122.51277618665904,54.57061510488947,0.0,0.0,0.0,0.0,0.0,0.0,0.0,0.0,27.73033367557035,474.9263414076072,0.0,19.79092686800945,0.0,9.659171164165777,0.0,702.3629462781081,0.0,0.0,148.75175439248312,169.15503542097915,0.0,0.0,0.0,-72.65279795965728,0.0,0.0,-679.2330585163718,-115.46940272508203,0.0,-563.7636557912897,0.0,115.46940272508203,0.0,0.0,167.2000840644173,0.0,0.0,320.72317727453515,0.0,0.0,0.0,-1000.0,0.0,1000.0,0.0,130.77526052631015,0.0,0.0,880.9057204245398,0.0,0.0,0.0,19.183122834054906,-0.2079775025667776,0.0,0.0,0.0,0.0,0.13865166837785173,0.0,0.0,0.0,365.5322763036428,19.998904370576227,0.0,0.0,241.27753580113966,512.5671709767948,1000.0,0.0,1000.0,0.0,0.0,0.0,0.0,0.0,54.38646113251746,-1000.0,-54.38646113251746,273.9942354010897,-1000.0,0.0,0.0,0.0,0.0,0.0,0.0,0.0,0.0,0.0,0.0,0.0,0.0,0.0,0.0,0.0,0.0,0.0,0.0,0.0,-548.4593199646276,0.0,0.0,504.5648833248327,0.0,0.0,747.2863688733496,43.89443663979495,0.0,0.0,0.0,0.0,434.9682472303364,524.6077237729178,0.0,0.0,705.5158863204173,-524.6077237729178,1000.0,484.52498848412836,-198.63238011811055,0.0,0.0,-250.64665063270087,0.0,-708.9821780298636,-491.45757190302095,475.2067539410214,0.0,0.0,24.614830995661016,-312.04043301823776,516.5218419209627,437.50000000000733,-437.50000000000733,0.0,0.0,0.0,291.5252595834646,0.0,0.0,0.0,0.0,296.8768548206582,0.0,0.0,0.0,0.0,0.0,0.0,0.0,0.0,-110.38550872437331,0.0,0.0,0.0,0.0,0.0,0.0,0.0,-566.6728847640377,0.2773033367557961,0.0,0.0,0.0,0.0,0.0,0.0,0.0,0.0,0.0,75.58666021233216,0.0,0.0,0.0,0.0,0.0,0.0,0.0,0.0,0.0,0.15251683521577405,0.15251683521577405,54.57061510488947,174.2379890567415,0.0,83.19100102671105,0.0,0.0,0.0,0.0,0.0,0.0,0.0,0.0,0.0,1000.0,0.0,0.0,0.0,0.0,0.0,0.0,0.0,0.0,0.0,0.0,0.0,0.0,0.0,0.0,333.3333333333333,-365.5322763036428,0.0,26.229943598640084,10.676178465094578,0.0,386.49086197946616,-182.4420229128044,-300.3879046881989,0.0,1000.0,0.0,433.3271152359623,0.0,0.0,0.0,0.0,0.0,0.0,0.0,0.0,0.0,0.0,0.0,0.0,0.0,0.0,0.0,0.0,0.0,83.19100102671105,148.75175439248312,148.75175439248312,0.0,0.0,0.0,0.0,0.0,0.0,0.0,0.0,0.0,0.0,1.3865166837785174,0.0,54.57061510488947,0.0,0.0,54.57061510488947,792.8021071944303,0.0,0.0,516.5218419209627,0.0,0.0,0.0,0.0,26.229943598640084,0.0,0.0,0.0,0.0,0.0,0.0,0.0,0.0,41.595500513355525,41.595500513355525,887.0229290015589,0.0,0.0,0.0,0.0,0.0,0.0,0.0,0.0,-862.1027983128366,0.0,-787.7168544984562,0.13865166837785173,0.0,0.0,-314.5341881023546,393.981715025058,0.0,0.0,-204.0488390666617,0.0,0.0,0.0,0.0,0.0,0.0,0.0,0.0,0.0,0.0,0.0,0.0,0.0,0.0,0.13865166837785173,0.0,0.0,0.0,0.0,0.0,0.0,0.0,0.0,0.0,0.0,1000.0,0.0,0.0,-1000.0,-10.398875128338881,-4.845410341652167,-2.0871730772404207,0.0,0.0,0.0,0.0,0.0,0.0,0.0,0.0,0.0,0.0,0.0,148.75175439248312,512.5671709767948,0.0,0.0,-305.1078495993452,0.0,0.0,0.0,291.38660791508676,0.0,0.0,0.13865166837785173,0.0,0.13865166837785173,0.0,0.0,0.0,83.19100102671105,169.15503542097915,169.15503542097915,0.0,0.0,0.0,0.0,0.0,0.0,0.0,0.0,0.0,0.0,0.0,0.0,66.32436977985063,0.0,0.0,0.0,0.0,0.0,0.0,0.0,0.0,0.0,0.0,0.0,0.0,0.0,0.0,117.94588177539447,0.0,-764.1082364492111,764.1082364492111,0.2079775025667776,0.0,0.0,0.0,-516.5218419209627,0.0,0.0,0.0,0.0,0.0,-174.2379890567415,6.9325834188925874,0.0,0.0,0.0,0.0,-465.76628370420536,0.0,-2.0871730772404207,0.0,0.0,0.0,0.0,0.0,0.0,0.0,148.75175439248312,0.0,0.0,85.37648772197815,174.2379890567415,0.0,972.2696663244296,0.0,451.54068003537236,43.89443663979495,0.0,-495.4351166751673,0.0,0.0,0.0,6.9325834188925874,674.5808373917428,0.0,0.0,-54.57061510488947,-110.38550872437331,0.0,0.0,-343.75000000029166,343.75000000029166,0.0,0.0,0.0,0.0,0.0,224.61773727581308,-205.43461444175819,169.15503542097915,0.0,-835.4461745644355,-835.4461745644355,890.016789669325,0.0,0.0,0.0,0.0,0.0,0.0,0.0,0.0,0.0,-155.03418713503555,345.2183247038158,-80.93821562669088,41.595500513355525,0.0,0.0,0.0,0.0,-435.43476975987966,0.0,0.0,0.15251683521577405,0.0,0.0,0.0,84.57751771048956,0.0,0.0,0.0,0.0,-50.15104284307495,0.0,433.3271152359623,0.0,0.0,0.0,0.0,0.0,0.0,0.0,0.0,91.13586956875099,0.013865166837785175,0.0,0.0,0.0,0.0,0.0,0.0,0.0,0.0,0.0,-314.5341881023546,54.57061510488947,0.0,0.0,0.0,0.0,174.2379890567415,0.0,0.0,0.0,0.0,0.0,0.0,0.0,0.0,0.0,0.0,0.0,0.0,1000.0,0.0,-842.9316716394264,0.0,0.0,0.0,83.19100102671105,0.0,0.0,0.0,0.0,0.0,0.0,-83.19100102671105,0.0,0.0,0.0,0.0,0.0,0.0,0.0,0.0,0.0,54.57061510488947,54.57061510488947,0.0,787.7168544984562,301.4533718013548,161.3007626186791,-159.70378073729046,-356.8180611836723,0.0,547.9047132911161,0.0,0.0,0.0,0.0,0.0,0.0,0.0,0.0,0.0,0.0,0.0,0.0,0.0,0.0,0.0,0.0,0.0,-17.33145854723147,148.75175439248312,-445.36712235867526,261.36010909326995,0.0,0.0,0.0,0.0,0.0,0.0,-1.733145854723147,110.38550872437331,0.0,0.0,0.0,0.0,0.0,0.0,0.0,1000.0,41.595500513355525,41.595500513355525,0.0,0.0,0.0,0.0,0.0,0.15251683521577405,174.2379890567415,0.0,0.0,-547.9047132911161,91.1220044019132,0.0,0.0,0.0,0.0,0.0,0.0,0.0,0.0,0.0,0.0,0.0,0.0,0.0,0.0,0.0,0.0,25.91545213786165,0.0,145.58425179674433,10.676178465094578,0.0,0.0,0.0,0.0,0.0,174.2379890567415,0.0,-63.880609168308766,0.0,0.0,0.0,-17.33145854723147,0.0,0.0,0.0,0.0,0.0,0.0,0.0,0.0,0.0,0.0,0.0,0.0,0.0,0.0,0.0,0.0,0.0,0.0,-0.13865166837785173,0.0,0.0,6.9325834188925874,-1000.0,0.0,0.0,0.0,0.0,148.75175439248312,0.0,0.0,0.0,-54.38646113251746,3.4662917094462937,0.0,0.0,764.1082364492111,0.13865166837785173,0.0,138.65166837785173,-17.066565059272385,27.73033367557035,0.9903690598417982,438.6690590499297,-0.1039887512833888,224.41670703406078,2.7730333675570353,-0.6932583418894183,-438.6690590499297,41.595500513355525,-0.13865166837785176,0.0,0.0,0.03466291709446294,0.9903690598417982,0.0,-22.07334560575424,51.79758173733251,-177.06723273114977,-0.13865166837785176,0.03466291709446294,-438.6690590499297,13.865166837785175,0.13865166837785176,0.13865166837785173,-173.94682055314786,0.15251683521563564,-956.750654353369,-0.1039887512833888,41.595500513355525,0.13865166837785176,516.5218419209627,405.6005072186813,-0.06932583418892588,76.20661722128743,16.802054110925624,-0.1039887512833888,-0.13865166837785176,-17.066565059272385,0.13865166837785173,13.865166837785182,-2.7730333675570353,117.94588177539447,117.94588177539447,-13.865166837785175,177.06723273114977,-117.94588177539447,27.73033367557035,0.2079775025667776,-88.58871893402831,13.865166837785175,-333.3333333333333,0.0,-27.73033367557035,0.06932583418892588,1.3865166837785174,0.0,201.96832273231183,-0.13865166837785173,-205.43461444175819,173.94682055314786,42.982017197134034,0.13865166837785176,22.07334560575424,-641.3083434610289,0.0,-0.13865166837785173,-0.03466291709446294,0.0,-0.13865166837785176,-1000.0,0.13865166837778986,-0.03466291709446294,-0.03466291709446294,-0.03466291709446294,55.4606673511407,-405.6005072186813,1.3865166837785174,102.72355480944152,-0.03466291709446294,0.0,6.9325834188925874,290.26902580091144,0.13865166837785173,0.06932583418892588,0.06932583418892588,13.865166837785175,17.066565059272385,0.13865166837785173,-17.066565059272385,1.3865166837785174,0.13865166837785176,-102.72355480944152,0.13865166837785176,0.5546066735116071,0.6932583418894183,0.06932583418892588,0.03466291709446294,41.595500513355525,-0.13865166837785176,956.750654353369,-25.898790868666254,-205.44710961888305,220.95041532461448,-13.865166837785182,27.73033367557035,6.9325834188925874,-0.13865166837785176,0.0,0.2079775025667776,-0.13865166837785176,-27.73033367557035,17.066565059272385,948.5539971355361,0.06932583418892588,-580.5380516018229,-0.13865166837785176,-0.13865166837778986,-0.13865166837785176,0.06932583418892588,438.6690590499297,-27.73033367557035,0.13865166837785173,0.0,-0.03466291709446294,-0.15251683521563564,0.0,20.79775025667776,-16.802054110925624,-777.8831446513076,438.6690590499297,-0.1039887512833888,205.43461444175819,-201.96832273231183,0.13865166837785176,-0.03466291709446294,6.9325834188925874,138.65166837785173,-0.06932583418892588,-0.13865166837785176,0.03466291709446294,1000.0,0.0,88.51939309983938,0.0,-512.7237581997003,0.0,994.6903754919342,-393.1419714604819,0.0,1000.0,-324.60718849622856,-1000.0,0.0,-500.0,256.36187909985017,162.30359424811428,0.0,196.57098573024095,-174.2379890567415,-513.1192273756564,0.0,1000.0,-513.1192273756564,-994.6903754919342,811.066776057589,0.0,1496.5981,bhi
155,0.0,0.0,0.0,0.0,0.0,0.0,0.0,0.0,-0.08465578223911849,0.0,0.0,0.0,0.0,0.0,0.0,0.0,825.2533956466089,95.8167711568882,0.0,-609.0415583632263,0.0,0.0,0.0,343.24720008116424,0.0,0.0,0.0,0.0,0.0,-280.8490302067371,0.0,0.0,125.73736534389963,0.0,0.0,0.0,0.0,-0.3386231289565762,0.0,-1000.0,870.9976802187628,0.0,0.0,-330.58455385279296,0.0,0.0,0.0,0.0,68.46369761132735,0.0,0.0,0.0,0.0,0.09312136046310115,0.0,0.0,0.0,16.931156447823696,0.0,0.0,-0.46697685561363234,0.0,1000.0,896.8364638645637,0.0,0.0,0.0,0.0,0.0,507.46906755271493,0.0,0.8465578223911849,0.0,0.0,0.0,0.0,0.0,0.0,0.0,0.0,0.0,0.0,0.0,0.0,50.793469343471095,0.0,27.243810726362568,-752.2116184825937,-719.5479357937529,0.0,13.806093155839449,0.0,0.0,0.0,25.396734671735548,0.0,370.6102800072202,-2.7259161881002,0.0,0.0,0.0,4.232789111955924,-1000.0,0.0,0.0,-274.89434628567517,0.0,0.0,0.0,0.0,0.0,0.0,0.0,0.0,0.0,0.0,0.0,0.0,0.0,0.0,0.0,0.0,0.0,0.0,-782.7661786092692,0.0,0.0,370.6102800072202,0.0,26.24329249412673,26.24329249412673,0.0,0.0,0.0,0.0,0.0,-102.69655927982261,208.8194502855717,-208.8194502855717,0.0,0.0,0.0,0.0,0.0,0.0,33.76230595877469,0.08465578223911849,13.827257101399228,0.0,0.0,0.0,0.0,0.0,0.0,0.0,0.0,360.8124039206885,0.0,0.0,0.0,0.0,0.0,999.9153442177609,999.9153442177609,0.0,0.0,0.0,0.0,9.312692714791979,0.0,0.0,1000.0,0.0,0.0,0.0,-615.0965913265472,-487.46865965087045,0.0,0.0,0.0,0.0,0.0,0.0,0.0,0.0,0.0,-45.99369643902884,0.0,0.0,0.0,0.0,-931.1196215678054,0.0,0.0,0.0,0.0,0.0,0.0,0.0,719.5479357937529,-719.5479357937529,102.69655927982261,0.0,0.0,0.0,0.0,0.0,0.0,719.1509697932629,-734.4183464291168,0.0,0.0,0.0,0.0,0.0,0.0,0.0,0.0,0.0,0.0,0.0,0.0,0.0,0.0,-53.44104722023053,-612.8680630511991,0.0,0.0,0.0,0.0,-102.69655927982261,0.0,0.0,0.0,0.0,-0.46697685561363234,-282.28350919840614,0.0,0.0,0.0,0.0,0.0,0.0,0.0,0.0,0.0,0.0,345.21354533548464,0.0,825.1264119732501,-613.9694596142556,35.800014922486525,0.0,612.8680630511991,0.0,0.0,102.69655927982261,-896.7199456682754,0.0,0.0,0.0,-415.96146860641943,0.0,0.0,0.0,0.0,243.7369016001469,-950.7401425759568,950.7401425759568,-707.00324097581,0.0,0.0,890.0710694586813,0.0,0.0,288.67621743539405,0.0,0.0,0.0,-829.8229351646446,0.0,829.8229351646446,0.0,918.099256256434,0.0,0.0,-1000.0,0.0,0.0,0.0,-0.46697685561363234,-0.12698367335867772,0.0,0.0,0.0,0.0,0.08465578223911849,0.0,0.0,0.0,560.5093415605853,825.2533956466089,0.0,-183.26289752378344,259.1478141207102,487.46865965087045,1000.0,0.0,0.0,0.0,-274.89434628567517,0.0,0.0,0.0,-7.288862850788171,267.67822176409663,-260.38935891330846,-1000.0,-1000.0,0.0,0.0,0.0,0.0,0.0,0.0,0.0,0.0,0.0,0.0,0.0,0.0,0.0,0.0,0.0,0.0,0.0,-1000.0,0.0,-1000.0,0.0,0.0,0.0,453.6031964535518,795.2153484752203,0.0,-33.76230595877469,0.0,0.0,0.0,0.0,0.0,-267.67822176409663,0.0,-381.0060116915363,-600.9014131595711,0.0,0.0,0.0,146.4003481283354,0.0,0.0,149.97162435280447,310.878624346365,598.7850186035931,-4.232789111955924,0.0,0.0,0.0,-156.4978206627845,966.2006603309055,370.6102800072202,0.0,0.0,0.0,553.8873982402763,0.0,0.0,0.0,0.0,0.0,0.0,-1000.0,0.0,0.0,0.0,0.0,0.0,719.1509697932629,0.0,0.0,-49.14289153832473,0.0,0.0,241.60796022598294,0.0,0.0,0.0,0.0,-424.0513272274507,0.16931156447826345,0.0,0.0,0.0,0.0,0.0,0.0,0.0,0.0,0.0,0.0,0.0,0.0,0.0,0.0,0.0,0.0,0.0,0.0,0.0,0.09312136046310115,0.09312136046310115,0.0,246.47152651697013,0.0,50.793469343471095,0.0,0.0,0.0,623.3093472718546,0.0,0.0,27.243810726362568,0.0,0.0,432.4101699369956,-623.3093472718546,0.0,0.0,0.0,0.0,0.0,241.60796022598294,0.0,0.0,0.0,0.0,0.0,0.0,0.0,260.9220595364231,-560.5093415605853,0.0,0.0,33.76230595877469,0.0,0.0,0.0,0.0,0.0,432.4101699369956,0.0,-725.5791019139796,733.9379446235245,937.5,-937.5,0.0,0.0,0.0,0.0,0.0,0.0,0.0,0.0,0.0,0.0,0.0,0.0,0.0,0.0,50.793469343471095,102.69655927982261,102.69655927982261,0.0,0.0,0.0,0.0,0.0,0.0,0.0,0.0,0.0,0.0,0.8465578223911849,0.0,0.0,27.243810726362568,-27.243810726362568,0.0,0.0,0.0,0.0,370.6102800072202,0.0,0.0,0.0,0.0,0.0,0.0,0.0,0.0,0.0,0.0,-544.8378557987212,200.53333629291552,0.0,25.396734671735548,25.396734671735548,1000.0,-623.3093472718546,0.0,241.60796022598294,0.0,0.0,0.0,0.0,0.0,1000.0,719.1509697932629,697.8686960911455,0.08465578223911849,0.0,0.0,0.0,6.826884153426055,0.0,0.0,0.0,0.0,0.0,0.0,0.0,0.0,0.0,0.0,0.0,0.0,0.0,0.0,0.0,0.0,0.0,0.08465578223911849,0.0,0.0,0.0,0.0,0.0,0.0,0.0,0.0,0.0,0.0,-33.76230595877469,0.0,0.0,0.0,-6.349183667933887,-4.232789111955924,0.0,0.0,0.0,0.0,0.0,0.0,0.0,0.0,0.0,0.0,0.0,0.0,102.69655927982261,487.46865965087045,0.0,0.0,970.4334494428615,0.0,0.0,0.0,-0.08465578223911849,0.0,0.0,0.08465578223911849,0.0,0.08465578223911849,0.0,507.46906755271493,0.0,50.793469343471095,103.28005433172456,103.28005433172456,0.0,0.0,0.0,0.0,0.0,0.0,0.0,0.0,0.0,719.1509697932629,0.0,0.0,0.0,0.0,0.0,0.0,0.0,0.0,0.0,0.0,0.0,0.0,0.0,0.0,0.0,0.0,0.0,0.0,0.0,0.0,0.0,0.12698367335867772,0.0,0.0,0.0,-370.6102800072202,0.0,0.0,0.0,0.0,0.0,-246.47152651697013,4.232789111955924,0.0,0.0,0.0,0.0,-9.312692714791979,685.8202625824703,0.0,0.0,0.0,0.0,0.0,0.0,0.0,0.0,102.69655927982261,0.0,0.0,0.0,246.47152651697013,0.0,276.16362635077303,-274.89434628567517,0.0,652.0579566236955,0.0,-652.0579566236955,0.0,-1000.0,0.0,4.232789111955924,591.2464410348274,0.0,0.0,0.0,-103.63051299104987,-906.2500000000182,906.2500000000182,0.0,0.0,0.0,0.0,0.0,0.0,0.0,33.29532910316106,0.0,103.28005433172456,0.0,-769.6246443902098,-769.6246443902098,769.6246443902098,0.0,0.0,0.0,0.0,0.0,0.0,0.0,0.0,265.5190775207718,-6.826884153426055,-681.9110845792655,0.0,25.396734671735548,27.243810726362568,0.0,0.0,0.0,-275.4788081266322,0.0,0.0,0.09312136046310115,0.0,0.0,0.0,51.64002716586228,0.0,0.0,0.0,0.0,-53.44104722023053,0.0,0.0,0.0,0.0,0.0,0.0,0.0,0.0,0.0,0.0,0.008465578223911849,0.008465578223911849,0.0,0.0,0.0,0.0,0.0,0.0,0.0,0.0,0.0,0.0,0.0,0.0,0.0,0.0,0.0,246.47152651697013,0.0,0.0,0.0,0.0,0.0,0.0,0.0,0.0,0.0,0.0,0.0,54.487621452725136,1000.0,1000.0,95.8167711568882,0.0,0.0,0.0,50.793469343471095,0.0,0.0,0.0,0.0,0.0,0.0,-50.793469343471095,0.0,54.487621452725136,0.0,0.0,0.0,0.0,0.0,0.0,0.0,0.0,0.0,0.0,-697.8686960911455,-1000.0,57.98921083379618,0.0,-370.6102800072202,0.0,-0.3386231289565762,0.0,0.0,0.0,0.0,0.0,0.0,0.0,0.0,0.0,109.37499999999999,0.0,-109.375,-109.37499999999999,0.0,0.0,0.0,0.0,-10.58197277988981,102.69655927982261,-6.349183667933887,-6.349183667933885,0.0,0.0,0.0,0.0,0.0,-1.058197277988981,0.0,49.14289153832473,0.0,0.0,0.0,0.0,0.0,0.0,0.0,1000.0,25.396734671735548,25.396734671735548,0.0,0.0,0.0,0.0,0.0,0.09312136046310115,246.47152651697013,0.0,0.0,0.3386231289565762,0.0,0.0,0.0,0.0,0.0,0.0,0.0,0.0,0.0,0.0,0.0,0.0,0.0,0.0,253.73453377635747,0.0,0.0,26.24329249412673,0.0,88.88857135107442,33.76230595877469,0.0,0.0,0.0,0.0,0.0,246.47152651697013,0.0,-692.7789678825266,0.0,0.0,0.0,-10.58197277988981,0.0,0.0,0.0,0.0,0.0,0.0,0.0,0.0,0.0,0.0,0.0,0.0,0.0,0.0,0.0,0.0,0.0,0.0,-0.08465578223911849,0.0,0.0,4.232789111955924,-432.4101699369956,0.0,0.0,0.0,0.0,102.69655927982261,0.0,0.0,0.0,7.288862850788171,2.116394555977962,0.0,0.0,0.0,0.08465578223911849,0.0,84.65578223911848,0.0,16.9311564478237,0.6046841588508463,288.67621743539405,-0.06349183667933886,231.03438733873182,1.6931156447823696,-0.4232789111956947,-288.67621743539405,25.396734671735548,-0.08465578223911849,91.63144876189172,241.60796022598294,0.021163945559779622,0.6046841588508463,-274.89434628567517,-40.72101125883103,-1.6931156447823696,-312.0286084402708,-0.08465578223911849,0.021163945559779622,-288.67621743539405,8.465578223911848,0.08465578223911849,0.08465578223911849,-246.29374937426792,-27.150689365899538,0.0,-0.06349183667933886,25.396734671735548,0.08465578223911849,370.6102800072202,302.8856542159254,-0.042327891119559244,188.97628865066184,94.14632527367164,-0.06349183667933886,-0.08465578223911849,0.0,0.08465578223911849,8.465578223911848,-1.6931156447823696,0.0,0.0,-8.465578223911848,312.0286084402708,0.0,16.931156447823696,0.12698367335867772,319.23338569652896,8.465578223911848,-260.9220595364231,241.60796022598294,-16.931156447823696,0.042327891119559244,0.8465578223911849,45.81572438094586,263.4026829647938,-0.08465578223911849,-265.5190775207718,246.29374937426792,26.24329249412673,0.08465578223911849,40.72101125883103,-205.19252379644354,241.60796022598294,-0.08465578223911849,-0.021163945559779622,-241.60796022598294,-0.08465578223911849,-424.0513272274507,0.08465578223911052,-0.021163945559779622,-0.021163945559779622,-0.021163945559779622,33.86231289564739,-302.8856542159254,0.8465578223911849,62.719352666408874,-0.021163945559779622,0.0,4.232789111955924,216.25845272568128,0.08465578223911849,0.042327891119559244,0.042327891119559244,129.26955833690332,0.0,0.08465578223911849,0.0,0.8465578223911849,0.08465578223911849,-62.719352666408874,0.08465578223911849,0.3386231289565762,0.4232789111956947,0.042327891119559244,0.021163945559779622,25.396734671735548,-0.08465578223911849,0.0,0.8465578223911848,-125.43870533281775,228.91799278275388,-8.465578223911848,16.931156447823696,4.232789111955924,-0.08465578223911849,274.89434628567517,0.12698367335867772,-0.08465578223911849,-258.53911667380663,0.0,386.4138474537247,0.042327891119559244,-432.51690545136256,-0.08465578223911849,-0.08465578223911052,-0.08465578223911849,0.042327891119559244,288.67621743539405,-16.931156447823696,0.08465578223911849,91.63144876189172,-0.021163945559779622,27.150689365899538,-91.63144876189172,12.69836733586777,-94.14632527367164,-638.9737858128664,288.67621743539405,-0.06349183667933886,265.5190775207718,-263.4026829647938,0.08465578223911849,-0.021163945559779615,4.232789111955924,84.65578223911848,-0.042327891119559244,-0.08465578223911849,0.021163945559779622,0.0,0.0,-319.2757135876485,0.0,771.8540697361057,0.0,443.22928833967364,-402.5026044170594,0.0,-1000.0,704.0757915975752,-293.0947827985967,0.0,500.0,-385.92703486805283,-352.0378957987876,0.0,201.2513022085297,-246.47152651697013,-110.93503932709254,0.0,293.0947827985967,-110.93503932709254,-443.22928833967364,319.97811695610267,0.0,1496.5981,bhi
156,0.0,0.0,0.0,0.0,0.0,0.0,0.0,0.0,-0.1056515412265658,0.0,0.0,0.0,0.0,0.0,0.0,0.0,389.7291438511404,-590.4608122180507,0.0,415.407170310811,0.0,0.0,0.0,0.0,0.0,0.0,0.0,0.0,0.0,-934.0873753601379,183.68849726486997,-183.68849726486997,0.0,0.0,0.0,0.0,0.0,396.97052155524653,0.0,437.8096410650215,968.3045376320302,0.0,0.0,0.0,0.0,0.0,670.7987433491991,0.0,774.1965453544141,0.0,0.0,0.0,0.0,0.11621669534951455,0.0,0.0,0.0,21.13030824531316,0.0,0.0,-117.19251081984464,0.0,-317.57224546001726,-434.7647562798619,0.0,0.0,0.0,0.0,902.1214947251889,-902.1214947251889,0.0,1.056515412265658,0.0,0.0,0.0,0.0,0.0,0.0,0.0,0.0,0.0,0.0,0.0,0.0,63.39092473593948,0.0,46.658632667534825,-754.4648539920034,541.828206819561,-736.6135400892114,398.5217070961657,0.0,0.0,-414.2659053142957,31.69546236796974,0.0,31.69546236796974,0.0,354.2441290537693,0.0,0.0,435.5232072226545,-934.0873753601379,0.0,0.0,0.0,0.0,165.00637526473565,0.0,0.0,0.0,0.0,0.0,0.0,0.0,0.0,0.0,0.0,0.0,0.0,0.0,0.0,0.0,0.0,-956.0559365498705,0.0,0.0,31.69546236796974,0.0,32.75197778023539,1.6362756222519188,0.0,-1000.0,0.0,1000.0,-1000.0,0.0,0.0,0.0,0.0,0.0,0.0,0.0,0.0,0.0,54.79380134198039,0.1056515412265658,398.5481199814723,0.0,0.0,-950.8951785868868,950.8951785868868,0.0,0.0,0.0,0.0,694.0473872947292,0.0,0.0,0.0,0.0,0.0,285.594308929762,285.594308929762,0.0,0.0,0.0,0.0,-338.70985117678833,0.0,0.0,469.38845773585854,0.0,0.0,0.0,-1000.0,0.0,0.0,0.0,0.0,0.0,0.0,0.0,0.0,0.0,0.0,0.0,0.0,0.0,0.0,0.0,-624.1936482938848,0.0,0.0,0.0,0.0,0.0,0.0,0.0,194.78533326965032,-194.78533326965032,0.0,0.0,0.0,0.0,0.0,0.0,0.0,0.0,-1000.0,0.0,0.0,0.0,0.0,0.0,0.0,0.0,0.0,0.0,0.0,0.0,0.0,0.0,0.0,-161.57214805510466,-229.83831384541656,0.0,0.0,0.0,0.0,133.75908847162708,0.0,0.0,0.0,0.0,-117.19251081984464,-229.83831384541656,183.68849726486997,0.0,0.0,0.0,0.0,0.0,0.0,0.0,187.09047689236553,0.0,0.0,0.0,-347.0428735499107,0.0,214.51702463206095,0.0,229.83831384541656,0.0,0.0,0.0,970.541420794756,0.0,0.0,0.0,-64.59198037453007,0.0,0.0,27.40740237428718,0.0,0.0,27.407402374286043,0.0,0.0,736.6135400892114,0.0,0.0,0.0,0.0,164.28126279499537,0.0,0.0,0.0,100.87183099825225,0.0,-100.87183099825225,0.0,1000.0,0.0,0.0,0.0,0.0,0.0,0.0,-117.19251081984464,-0.1584773118398487,0.0,0.0,0.0,0.0,0.1056515412265658,0.0,0.0,0.0,271.64862056192254,389.7291438511404,0.0,-754.1510384264647,564.6112749570723,0.0,1000.0,0.0,733.3991346158791,0.0,0.0,0.0,0.0,0.0,266.60086538412094,0.0,-1000.0,-1000.0,-1000.0,0.0,0.0,0.0,0.0,0.0,0.0,0.0,0.0,0.0,0.0,0.0,0.0,0.0,0.0,0.0,0.0,0.0,-602.606872279847,0.0,-1000.0,0.0,0.0,0.0,1000.0,0.0,0.0,-58.19578096947595,0.0,354.2441290537693,0.0,0.0,430.24063016132624,97.87850527481112,0.0,-720.4028921419914,0.0,-1000.0,261.43068576719486,-5.28257706132829,-65.31358165167018,647.3563183063708,0.0,0.0,871.4960630185301,-2.641288530664145,0.0,0.0,0.0,-68.67350179726776,0.0,0.0,31.69546236796974,312.5000000000211,-312.5000000000211,0.0,0.0,0.0,0.0,0.0,0.0,0.0,0.0,96.41592205802826,0.0,0.0,0.0,0.0,0.0,0.0,0.0,0.0,-141.06775630461965,0.0,812.4999999999999,0.0,0.0,0.0,0.0,0.0,-193.26761042307442,0.21130308245320217,0.0,0.0,0.0,0.0,0.0,0.0,0.0,0.0,0.0,0.0,0.0,0.0,0.0,0.0,0.0,0.0,0.0,0.0,0.0,0.11621669534951455,0.11621669534951455,183.68849726486997,134.60653930660757,0.0,63.39092473593948,0.0,0.0,0.0,1000.0,0.0,0.0,46.658632667534825,0.0,0.0,1000.0,-1000.0,0.0,0.0,597.4172469677911,0.0,0.0,0.0,0.0,0.0,0.0,0.0,0.0,0.0,0.0,318.68531218329014,-271.64862056192254,0.0,0.0,54.79380134198039,0.0,-548.0249937859228,133.75908847162708,0.0,0.0,1000.0,0.0,945.9948760419373,-139.26248646501176,0.0,0.0,0.0,0.0,0.0,0.0,0.0,0.0,0.0,0.0,0.0,0.0,0.0,0.0,0.0,0.0,63.39092473593948,0.0,0.0,0.0,0.0,0.0,0.0,0.0,0.0,0.0,0.0,0.0,0.0,1.056515412265658,0.0,183.68849726486997,46.658632667534825,-46.658632667534825,183.68849726486997,0.0,0.0,0.0,31.695462367969753,-597.4172469677911,0.0,0.0,0.0,0.0,0.0,0.0,0.0,0.0,0.0,1000.0,0.0,0.0,31.69546236796974,31.69546236796974,476.224870032263,-1000.0,0.0,0.0,0.0,0.0,0.0,0.0,0.0,934.0873753601379,0.0,1000.0,0.1056515412265658,0.0,0.0,-428.21586890832276,561.1987196863133,193.26761042307442,0.0,414.2659053142957,0.0,0.0,0.0,0.0,0.0,0.0,0.0,0.0,0.0,0.0,0.0,0.0,0.0,0.0,0.1056515412265658,0.0,0.0,0.0,0.0,0.0,0.0,0.0,0.0,0.0,-703.9516519157066,1000.0,0.0,0.0,-397.39312772015296,-7.923865591992436,0.0,-5.28257706132829,0.0,0.0,0.0,0.0,0.0,0.0,0.0,0.0,0.0,0.0,0.0,0.0,0.0,0.0,0.0,-63.39092473593948,0.0,0.0,0.0,-0.1056515412265658,0.0,0.0,0.1056515412265658,0.0,0.1056515412265658,0.0,0.0,0.0,63.39092473593948,128.89488029641026,128.89488029641026,0.0,0.0,0.0,0.0,0.0,0.0,0.0,0.0,0.0,0.0,0.0,0.0,0.0,275.6974630837285,0.0,0.0,0.0,0.0,0.0,0.0,0.0,0.0,0.0,0.0,0.0,0.0,0.0,133.75908847162708,0.0,-1000.0,1000.0,0.1584773118398487,0.0,0.0,0.0,-31.695462367969753,0.0,0.0,0.0,0.0,0.0,-134.60653930660757,5.28257706132829,0.0,0.0,0.0,0.0,338.70985117678833,0.0,-5.28257706132829,0.0,812.4999999999999,0.0,0.0,0.0,0.0,0.0,0.0,0.0,597.4172469677911,0.0,134.60653930660757,0.0,-510.5686873144163,193.26761042307442,0.0,645.7558709462307,354.2441290537693,-1000.0,0.0,841.6465404983458,0.0,5.28257706132829,539.4435359567904,0.0,0.0,-183.68849726486997,-234.38502163968928,0.0,0.0,0.0,0.0,0.0,0.0,0.0,0.0,0.0,-15.847731183985047,0.0,128.89488029641026,0.0,0.0,0.0,183.68849726486997,0.0,0.0,0.0,0.0,0.0,187.09047689236553,0.0,0.0,158.37813608258506,-132.98285077799056,-60.74316042131261,0.0,31.69546236796974,46.658632667534825,0.0,0.0,0.0,429.0276218821001,0.0,0.0,0.11621669534951455,0.0,0.0,0.0,64.44744014820513,0.0,0.0,0.0,0.0,-161.57214805510466,0.0,0.0,0.0,0.0,0.0,0.0,0.0,0.0,-49.929408793242885,0.0,845.5183220737184,0.010565154122656883,0.0,0.0,0.0,0.0,0.0,0.0,0.0,0.0,0.0,-428.21586890832276,183.68849726486997,0.0,0.0,0.0,0.0,134.60653930660757,0.0,0.0,0.0,0.0,0.0,0.0,0.0,0.0,0.0,0.0,0.0,93.31726533506965,969.0620033675059,1000.0,-590.4608122180507,0.0,0.0,0.0,63.39092473593948,0.0,0.0,0.0,0.0,0.0,0.0,-63.39092473593948,0.0,93.31726533506965,0.0,0.0,0.0,0.0,0.0,0.0,0.0,183.68849726486997,183.68849726486997,0.0,-1000.0,-1000.0,348.0687688239261,0.0,-31.695462367969753,0.0,396.97052155524653,0.0,0.0,0.0,0.0,0.0,0.0,0.0,0.0,0.0,0.0,0.0,0.0,0.0,0.0,0.0,0.0,0.0,-13.206442653320725,0.0,-438.16449575331865,267.77359749173615,0.0,0.0,0.0,0.0,0.0,-1.3206442653320725,0.0,141.06775630461965,0.0,0.0,0.0,0.0,0.0,0.0,0.0,1000.0,31.69546236796974,31.69546236796974,0.0,0.0,0.0,0.0,0.0,0.11621669534951455,134.60653930660757,0.0,0.0,-396.97052155524653,845.5077569195957,0.0,0.0,0.0,0.0,0.0,0.0,0.0,0.0,0.0,0.0,0.0,0.0,0.0,500.0,0.0,0.0,1.6362756222519188,0.0,110.93411828789408,54.79380134198039,0.0,0.0,0.0,0.0,0.0,134.60653930660757,0.0,0.0,0.0,0.0,0.0,-13.206442653320725,0.0,0.0,0.0,0.0,0.0,0.0,0.0,0.0,0.0,0.0,0.0,0.0,0.0,0.0,0.0,0.0,0.0,0.0,-0.1056515412265658,0.0,0.0,5.28257706132829,-1000.0,0.0,0.0,0.0,0.0,0.0,0.0,0.0,0.0,-266.60086538412094,2.641288530664145,0.0,0.0,0.0,0.1056515412265658,0.0,105.6515412265658,-31.115702157983474,21.13030824531316,0.7546538659040414,298.0403512666224,-0.07923865591992435,720.4028921419914,2.113030824531316,-0.5282577061329903,-298.0403512666224,31.69546236796974,-0.1056515412265658,0.0,0.0,0.02641288530664145,0.7546538659040414,0.0,-63.47835803080418,181.57546644033866,-214.6755019439007,-0.1056515412265658,0.02641288530664145,-298.0403512666224,10.56515412265658,0.1056515412265658,0.1056515412265658,-134.3846710700315,-46.54241597218559,0.0,-0.07923865591992435,31.69546236796974,0.1056515412265658,31.695462367969753,-52.8257706132829,-0.0528257706132829,-694.0473872947292,-144.42989413551024,-0.07923865591992435,-0.1056515412265658,-31.115702157983474,0.1056515412265658,10.565154122656566,-2.113030824531316,133.75908847162708,133.75908847162708,-10.56515412265658,214.6755019439007,-133.75908847162708,21.13030824531316,0.1584773118398487,-1000.0,10.56515412265658,-318.68531218329014,0.0,-21.13030824531316,0.0528257706132829,1.056515412265658,188.53775960661616,155.73684755192073,-0.1056515412265658,-158.37813608258506,134.3846710700315,32.75197778023539,0.10565154122656577,63.47835803080418,-126.78184947187907,0.0,-0.1056515412265658,-0.02641288530664145,0.0,-0.1056515412265658,-193.26761042307442,0.10565154122770266,-0.02641288530664145,-0.02641288530664145,-0.02641288530664145,42.26061649062632,52.8257706132829,1.056515412265658,78.27458560623263,-0.02641288530664145,377.0755192132323,5.28257706132829,101.91638227286549,0.1056515412265658,0.0528257706132829,0.0528257706132829,10.56515412265658,31.115702157983474,0.1056515412265658,-31.115702157983474,1.056515412265658,0.1056515412265658,-78.27458560623263,0.1056515412265658,0.42260616490642633,0.5282577061329903,0.0528257706132829,0.02641288530664145,31.69546236796974,-0.1056515412265658,0.0,-90.78773322016933,-156.54917121246527,717.7616036113272,-10.565154122656566,21.13030824531316,5.28257706132829,-0.1056515412265658,0.0,0.1584773118398487,-0.1056515412265658,-21.13030824531316,31.115702157983474,-256.26355794938695,0.0528257706132829,-203.83276454573098,-0.1056515412265658,-0.10565154122770266,-0.1056515412265658,0.0528257706132829,298.0403512666224,-21.13030824531316,0.1056515412265658,377.0755192132323,-0.02641288530664145,46.54241597218559,-377.0755192132323,15.84773118398487,144.42989413551024,3.737114267306868,298.0403512666224,-0.07923865591992435,158.37813608258506,-155.73684755192073,0.1056515412265658,-0.026412885306641452,5.28257706132829,105.6515412265658,-0.0528257706132829,-0.10565154122656581,0.02641288530664145,695.7604782157273,0.0,999.9471742293867,0.0,-1000.0,0.0,556.4147029659977,190.93271136196702,0.0,-1000.0,-310.81384072641583,489.4383790691031,0.0,500.0,500.0,155.40692036320792,0.0,-95.46635568098351,-134.60653930660757,-172.76406393271313,0.0,-489.4383790691031,-172.76406393271313,-556.4147029659977,336.3156991576101,0.0,1496.5981,bhi
157,0.0,0.0,0.0,0.0,0.0,0.0,0.0,0.0,-0.0833464598958331,0.0,0.0,0.0,0.0,0.0,0.0,0.0,1000.0,-374.30601294648926,0.0,0.0,0.0,0.0,0.0,980.1538863890365,0.0,0.0,0.0,0.0,0.0,-809.7387504322089,0.0,0.0,54.36126126512088,0.0,0.0,0.0,0.0,999.6666141604163,0.0,-1000.0,974.9960620312501,0.0,0.0,-190.19274322058072,0.0,0.0,360.5301717130534,0.0,-0.06850634721035931,0.0,0.0,0.0,0.0,0.09168110588549884,0.0,0.0,0.0,0.0,0.0,0.0,27.8254492110122,0.0,300.6685962714233,0.0,0.0,0.0,0.0,0.0,1000.0,-1000.0,0.0,0.833464598958331,0.0,0.0,0.0,0.0,0.0,0.0,0.0,0.0,0.0,0.0,0.0,0.0,50.00787593749986,0.0,74.33252104830879,312.8812467003605,-312.81274035315016,-374.3745192936997,-0.020836614973958275,0.0,0.0,240.78800367602565,25.00393796874993,0.0,25.00393796874993,0.0,250.34671895993495,0.0,0.0,4.167322994791655,-1000.0,0.0,0.0,0.0,0.0,0.0,0.0,0.0,0.0,0.0,0.0,0.0,0.0,0.0,0.0,0.0,0.0,0.0,0.0,0.0,0.0,0.0,-725.4008498733942,0.0,0.0,25.00393796874993,0.0,25.837402567708256,16.399306869719055,0.0,-1000.0,1000.0,0.0,0.0,-116.6865503015461,0.0,0.0,-211.80749518088942,0.0,0.0,0.0,0.0,0.0,80.75019846028793,0.0833464598958331,0.0,0.0,0.0,0.0,0.0,0.0,0.0,0.0,0.0,617.5758358587295,0.0,0.0,0.0,0.0,0.0,862.5507378917688,862.5507378917688,0.0,0.0,0.0,0.0,906.3124999999997,0.0,0.0,862.6340843516646,0.0,0.0,0.0,0.0,-321.5422758957434,0.0,0.0,0.0,0.0,0.0,0.0,0.0,0.0,0.0,-873.4146537043792,0.0,0.0,0.0,0.0,-449.08514563893857,0.0,0.0,0.0,0.0,0.0,0.0,0.0,687.1872596468498,-687.1872596468498,0.0,0.0,0.0,0.0,0.0,0.0,0.0,190.26124956779103,-717.7248392435847,0.0,0.0,0.0,0.0,0.0,0.0,0.0,0.0,0.0,0.0,0.0,0.0,0.0,0.0,-101.30500239138144,-190.19274322058072,0.0,0.0,0.0,328.49404548243547,0.0,0.0,0.0,0.0,0.0,27.8254492110122,0.0,0.0,0.0,0.0,0.0,0.0,0.0,0.0,0.0,632.9037492599948,16.66929197916662,0.0,0.0,0.0,-1000.0,1000.0,0.0,190.19274322058072,0.0,0.0,328.4940454824355,-333.8185627600136,0.0,0.0,0.0,-250.19483451869564,0.0,0.0,-986.4562603247817,0.0,0.0,-986.4562603247817,0.0,0.0,374.3745192936997,0.0,0.06850634721035931,0.0,0.0,265.33523684881243,0.0,0.0,0.0,-601.8518276472229,0.0,601.8518276472229,0.0,1000.0,0.0,328.4940454824355,-52.200342919610875,0.0,0.0,0.0,27.8254492110122,-0.12501968984374964,0.0,0.0,0.0,0.0,0.0833464598958331,0.0,0.0,0.0,-208.82254158980618,1000.0,0.0,-901.6033994935767,-510.64928010286843,321.5422758957434,1000.0,0.0,523.1401165911712,0.0,0.0,0.0,0.0,0.0,-7.176130197031312,0.0,-515.96398639414,-939.0245843003975,-1000.0,0.0,0.0,0.0,0.0,0.0,0.0,0.0,0.0,0.0,0.0,0.0,0.0,0.0,0.0,0.0,0.0,0.0,952.6904184070423,0.0,-47.30958159295767,0.0,0.0,630.2199932513556,0.0,0.0,0.0,-713.6539477202828,0.0,250.34671895993495,0.0,403.73797814440064,0.0,0.0,-593.6875000000001,-846.3839387826145,0.0,-1000.0,622.9459895380236,0.0,0.0,0.0,593.6875000000001,842.2166157878228,-429.6531312956355,-2.0836614973958274,-4.167322994791655,0.0,0.0,0.0,477.1148048539584,-520.9020403293715,25.00393796874993,0.0,0.0,0.0,0.0,0.0,0.0,0.0,0.0,0.0,0.0,213.40989009279957,0.0,0.0,0.0,0.0,0.0,190.26124956779103,0.0,0.0,-124.17810496379354,0.0,0.0,0.0,0.0,0.0,0.0,0.0,-126.30894036013137,0.16669291979164783,0.0,0.0,0.0,0.0,0.0,0.0,0.0,0.0,0.0,0.0,0.0,0.0,0.0,0.0,0.0,0.0,0.0,0.0,0.0,0.09168110588549884,0.09168110588549884,0.0,344.0578309128152,0.0,50.00787593749986,0.0,0.0,0.0,1000.0,0.0,0.0,74.33252104830879,0.0,0.0,343.39513433422445,-1000.0,0.0,0.0,0.0,0.0,0.0,0.0,0.0,0.0,0.0,0.0,0.0,0.0,0.0,241.80028329113142,208.82254158980618,0.0,0.0,80.75019846028793,0.0,-619.69620465499,860.4842083310157,860.4842083310157,0.0,343.39513433422445,0.0,0.0,217.08619397409308,0.0,0.0,0.0,0.0,0.0,0.0,0.0,0.0,0.0,0.0,0.0,0.0,0.0,0.0,0.0,0.0,50.00787593749986,328.4940454824355,328.4940454824355,0.0,0.0,0.0,0.0,0.0,0.0,0.0,0.0,0.0,0.0,0.833464598958331,0.0,0.0,74.33252104830879,-74.33252104830879,0.0,0.0,0.0,0.0,25.00393796874993,0.0,0.0,0.0,0.0,0.0,0.0,0.0,0.0,0.0,0.0,671.5059545175645,0.0,0.0,25.00393796874993,25.00393796874993,1000.0,-1000.0,0.0,0.0,0.0,0.0,0.0,0.0,0.0,939.0245843003975,190.26124956779103,1000.0,0.0833464598958331,0.0,0.0,0.0,44.47367945069927,0.0,0.0,-240.78800367602565,0.0,0.0,0.0,0.0,0.0,0.0,0.0,0.0,0.0,0.0,0.0,0.0,0.0,0.0,0.0833464598958331,0.0,0.0,0.0,0.0,0.0,0.0,0.0,0.0,0.0,-233.0994180663613,1000.0,0.0,-599.9878174426309,-1000.0,-6.250984492187483,-4.167322994791655,0.0,0.0,-156.25000000000003,-156.25000000000003,156.25000000000003,0.0,0.0,0.0,0.0,0.0,0.0,0.0,328.4940454824355,321.5422758957434,0.0,0.0,-516.7347173345798,0.0,0.0,0.0,-0.0833464598958331,0.0,0.0,0.0833464598958331,0.0,0.0833464598958331,0.0,0.0,0.0,50.00787593749986,101.68268107291637,101.68268107291637,0.0,0.0,0.0,0.0,0.0,0.0,0.0,0.0,0.0,190.26124956779103,0.0,0.0,0.0,0.0,0.0,0.0,0.0,0.0,0.0,0.0,0.0,0.0,0.0,0.0,0.0,0.0,0.0,0.0,0.0,-1000.0,1000.0,0.12501968984374964,0.0,0.0,0.0,-25.00393796874993,0.0,0.0,0.0,0.0,0.0,-344.0578309128152,4.167322994791655,0.0,0.0,0.0,0.0,-906.3124999999997,-233.41046447997917,0.0,0.0,0.0,0.0,0.0,0.0,0.0,0.0,328.4940454824355,0.0,0.0,0.0,344.0578309128152,0.0,292.6934682433945,0.0,0.0,-713.9649941339006,850.3345364025658,-136.3695422686652,0.0,-435.50124383292996,0.0,4.167322994791655,568.9345141811013,0.0,0.0,0.0,-272.8431470604111,0.0,0.0,0.0,0.0,0.0,0.0,0.0,0.0,0.0,860.9126847200041,0.0,101.68268107291637,0.0,-835.4461745644355,-835.4461745644355,835.4461745644355,0.0,0.0,0.0,0.0,0.0,632.9037492599948,0.0,0.0,362.8107843893776,-44.47367945069927,-55.76169428314305,0.0,25.00393796874993,74.33252104830879,0.0,0.0,0.0,261.40365007449816,0.0,0.0,0.09168110588549884,0.0,0.0,0.0,50.84134053645818,0.0,0.0,0.0,0.0,-101.30500239138144,0.0,0.0,0.0,0.0,0.0,0.0,0.0,0.0,0.0,0.0,0.008334645989583549,0.008334645989583549,0.0,0.0,0.0,0.0,0.0,0.0,0.0,0.0,0.0,0.0,0.0,0.0,0.0,0.0,0.0,344.0578309128152,0.0,0.0,0.0,0.0,0.0,0.0,0.0,0.0,0.0,0.0,0.0,148.66504209661758,1000.0,1000.0,-374.30601294648926,0.0,0.0,0.0,50.00787593749986,0.0,0.0,0.0,0.0,0.0,0.0,-50.00787593749986,0.0,148.66504209661758,0.0,0.0,0.0,0.0,0.0,0.0,0.0,0.0,0.0,0.0,-1000.0,-1000.0,57.09232502864567,0.0,-25.00393796874993,0.0,999.6666141604163,0.0,0.0,0.0,0.0,0.0,0.0,0.0,0.0,0.0,0.0,0.0,0.0,0.0,0.0,0.0,0.0,0.0,-10.418307486979138,328.4940454824355,-6.250984492187483,-6.250984492187399,0.0,0.0,0.0,0.0,0.0,-1.0418307486979137,0.0,124.17810496379354,0.0,0.0,0.0,0.0,0.0,0.0,0.0,1000.0,25.00393796874993,25.00393796874993,0.0,0.0,0.0,0.0,0.0,0.09168110588549884,344.0578309128152,0.0,0.0,-999.6666141604163,0.0,0.0,0.0,0.0,0.0,0.0,0.0,0.0,0.0,0.0,0.0,0.0,0.0,0.0,500.0,0.0,0.0,16.399306869719055,0.0,87.51378289062475,80.75019846028793,0.0,0.0,0.0,0.0,0.0,344.0578309128152,0.0,859.4631347365431,0.0,0.0,0.0,-10.418307486979138,0.0,0.0,0.0,0.0,0.0,0.0,0.0,0.0,0.0,0.0,0.0,0.0,0.0,0.0,0.0,0.0,0.0,0.0,-0.0833464598958331,0.0,0.0,4.167322994791655,-343.39513433422445,0.0,0.0,0.0,0.0,328.4940454824355,0.0,0.0,0.0,7.176130197031312,2.0836614973958274,0.0,0.0,0.0,0.0833464598958331,0.0,83.34645989583309,-9.438095697989183,16.66929197916662,0.5953318563988078,265.33523684881243,-0.06250984492187482,4.167322994791645,1.6669291979166618,-0.4167322994795173,-265.33523684881243,25.00393796874993,-0.0833464598958331,0.0,0.0,0.020836614973958275,0.5953318563988078,0.0,-87.60127746371882,-1.6669291979167156,-625.6939870535107,-0.0833464598958331,0.020836614973958275,-265.33523684881243,8.33464598958331,0.0833464598958331,0.0833464598958331,-343.88280334703387,-74.24083994242338,-180.67020162525228,-0.06250984492187482,25.00393796874993,0.08334645989583297,25.00393796874993,-41.67322994791655,-0.04167322994791655,-436.90563423347726,-8.417992449479142,-0.06250984492187482,-0.0833464598958331,-9.438095697989183,0.0833464598958331,8.33464598958331,-1.6669291979166618,0.0,0.0,-8.33464598958331,625.6939870535107,0.0,16.66929197916662,0.12501968984374964,-1000.0,8.33464598958331,-241.80028329113142,0.0,-16.66929197916662,0.04167322994791655,0.833464598958331,225.40084987339424,360.7271228919818,-0.0833464598958331,-362.8107843893776,343.88280334703387,25.837402567708256,0.0833464598958331,87.60127746371882,-100.01575187499982,0.0,-0.0833464598958331,-0.020836614973958275,0.0,-0.0833464598958331,-126.30894036013137,0.0833464598958331,-0.020836614973958275,-0.020836614973958275,-0.020836614973958275,33.33858395833324,41.67322994791655,0.833464598958331,374.4995389835434,-0.020836614973958275,450.8016997467885,4.167322994791655,67.32179317485735,0.0833464598958331,0.04167322994791655,0.04167322994791655,-155.9123767516344,9.438095697989183,0.0833464598958331,-9.438095697989183,0.833464598958331,0.0833464598958331,-1000.0,0.0833464598958331,0.3333858395836842,0.4167322994795173,0.04167322994791655,0.020836614973958275,25.00393796874993,-0.0833464598958331,180.67020162525228,0.8334645989583578,-748.9990779670868,2.0836614973958376,-8.33464598958331,16.66929197916662,4.167322994791655,-0.0833464598958331,0.0,0.12501968984374964,-0.0833464598958331,311.8247535032688,9.438095697989183,-122.61028803219043,0.04167322994791655,-134.6435863497147,-0.08334645989583297,-0.0833464598958331,-0.0833464598958331,0.04167322994791655,265.33523684881243,-16.66929197916662,0.0833464598958331,450.8016997467885,-0.020836614973958275,74.24083994242338,-450.8016997467885,12.501968984374964,8.417992449479142,753.4434560111263,265.33523684881243,-0.06250984492187482,362.8107843893776,-360.7271228919818,0.0833464598958331,-0.02083661497395827,407.9053011391923,83.34645989583309,-0.04167322994791655,-0.0833464598958331,0.020836614973958275,1000.0,0.0,999.958326770052,625.5004610164566,-754.2880791514373,0.0,-115.85218518800804,-56.203218028818874,0.0,1000.0,-230.0791820719662,-309.3627602225611,0.0,-500.0,377.14403957571864,115.0395910359831,0.0,28.101609014409437,-344.0578309128152,-138.79336204230773,0.0,309.3627602225611,-138.79336204230773,115.85218518800804,-12.085539651295761,0.0,1496.5981,bhi
158,0.0,0.0,0.0,0.0,0.0,0.0,0.0,0.0,-0.10063054752257529,0.0,0.0,0.0,0.0,0.0,0.0,0.0,-114.57934641107056,213.06837637814021,0.0,252.689641381188,0.0,0.0,0.0,846.8403066706404,0.0,0.0,0.0,0.0,0.0,-645.7393097551253,0.0,0.0,573.7754028936968,0.0,0.0,0.0,0.0,-18.014643815506133,0.0,-1000.0,969.8108357432275,0.0,0.0,-867.0729848880009,0.0,0.0,0.0,0.0,1000.0,0.0,0.0,372.60835894580333,0.0,0.11069360227497782,0.0,0.0,0.0,0.0,0.0,0.0,198.58984799735197,0.0,1000.0,576.2337133498334,0.0,0.0,0.0,0.0,0.0,525.213209088294,0.0,1.006305475225753,0.0,0.0,0.0,0.0,0.0,0.0,0.0,0.0,0.0,0.0,-176.64945902400828,0.0,60.37832851354517,0.0,0.0,84.05846840025383,-288.5498905455495,0.0,-0.025157636880643822,0.0,0.0,-1000.0,30.189164256772585,0.0,30.189164256772585,0.0,0.0,0.0,0.0,508.11776208871026,-916.5570727628314,0.0,0.0,-424.0006620060543,725.7740788815881,0.0,0.0,0.0,0.0,0.0,0.0,0.0,0.0,0.0,0.0,0.0,0.0,0.0,0.0,0.0,0.0,0.0,-656.7938581483281,0.0,0.0,30.189164256772585,0.0,31.195469731998333,9.834847049829165,0.0,900.2931520566441,-888.2132456421542,-12.07990641448987,12.07990641448987,-622.3561346475186,870.5595165217383,-870.5595165217383,0.0,0.0,0.0,0.0,0.0,0.0,184.39801118324658,0.10063054752257529,0.0,0.0,0.0,-1000.0,274.22592111841186,0.0,0.0,176.64945902400828,0.0,849.2521696060257,0.0,0.0,0.0,0.0,0.0,211.1467735712632,211.1467735712632,0.0,0.0,0.0,0.0,364.284853744296,0.0,0.0,211.24740411878577,0.0,0.0,0.0,-1000.0,-623.555820975254,0.0,0.0,0.0,0.0,0.0,0.0,0.0,0.0,0.0,0.0,0.0,0.0,0.0,0.0,-1000.0,0.0,0.0,0.0,0.0,0.0,0.0,-372.60835894580333,288.5498905455495,-288.5498905455495,97.14292555922464,0.0,0.0,0.0,0.0,0.0,0.0,270.81776300770605,-1000.0,0.0,0.0,0.0,0.0,0.0,0.0,0.0,0.0,0.0,0.0,0.0,0.0,0.0,0.0,-244.03675686163928,132.92701511199914,0.0,0.0,0.0,0.0,195.92061501443487,0.0,0.0,0.0,0.0,198.58984799735197,1000.0,0.0,0.0,0.0,0.0,0.0,0.0,0.0,0.0,541.3323359450837,20.126109504515057,0.0,0.0,-114.73029223235437,-691.8300733234533,1000.0,0.0,-132.92701511199914,0.0,0.0,622.3561346475186,122.76926797754184,0.0,0.0,0.0,-353.00280840084235,0.0,0.0,971.1715783091713,664.8977694737341,-884.6863132366302,855.8578915458015,-549.5840827103643,-1000.0,0.0,0.0,42.85779885042746,0.0,0.0,7.365381113983858,0.0,0.0,0.0,-1000.0,0.0,1000.0,0.0,1000.0,525.213209088294,0.0,959.1218111934894,0.0,0.0,0.0,198.58984799735197,-0.1509458212838629,0.0,0.0,0.0,0.0,0.10063054752257529,0.0,0.0,0.0,135.41495922448422,-114.57934641107056,0.0,-282.6671080040362,-204.2176109813746,623.555820975254,1000.0,0.0,407.7623178968124,0.0,-424.0006620060543,0.0,0.0,0.0,-8.664290141693876,600.9019722448811,-1000.0,-1000.0,-1000.0,0.0,0.0,0.0,0.0,0.0,0.0,0.0,0.0,0.0,0.0,0.0,0.0,0.0,0.0,0.0,0.0,0.0,-799.0934447087939,0.0,-781.4813230833765,176.64945902400828,0.0,538.0920323148574,0.0,0.0,0.0,-342.01972381453584,0.0,0.0,0.0,0.0,503.08623471258153,399.0980277551189,310.65803055614106,-1000.0,0.0,-1000.0,625.3776116672632,-5.031527376128764,864.5009677608524,0.0,-310.65803055614106,743.4253552675805,1000.0,-2.515763688064382,0.0,-1000.0,0.0,-284.6894740319699,-325.07061522626566,0.0,30.189164256772585,0.0,0.0,0.0,0.0,0.0,0.0,263.8444744490478,263.8444744490478,-263.8444744490478,-263.8444744490478,879.4364109709644,0.0,0.0,-788.9538569762593,0.0,0.0,270.81776300770605,0.0,0.0,-225.17643865281494,0.0,0.0,0.0,0.0,0.0,0.0,0.0,-274.22592111841186,0.20126109504519718,0.0,0.0,0.0,0.0,0.0,0.0,0.0,0.0,0.0,0.0,0.0,0.0,0.0,0.0,0.0,0.0,0.0,0.0,0.0,0.11069360227497782,0.11069360227497782,0.0,155.55996730313626,0.0,60.37832851354517,0.0,0.0,0.0,1000.0,0.0,0.0,0.0,0.0,0.0,1000.0,-1000.0,0.0,0.0,0.0,0.0,0.0,0.0,0.0,0.0,0.0,0.0,0.0,0.0,0.0,218.93128604944272,-135.41495922448422,0.0,0.0,7.7485521592382955,0.0,-691.3330284943542,-308.66697150564585,-601.7305120793053,0.0,1000.0,0.0,1000.0,-274.22592111841186,-437.5000000000001,437.5000000000001,0.0,0.0,0.0,0.0,0.0,0.0,0.0,0.0,0.0,0.0,0.0,0.0,0.0,0.0,60.37832851354517,622.3561346475186,622.3561346475186,0.0,0.0,0.0,0.0,0.0,0.0,0.0,0.0,0.0,0.0,1.006305475225753,0.0,0.0,0.0,0.0,0.0,-372.60835894580333,0.0,0.0,30.189164256772585,0.0,0.0,0.0,0.0,0.0,0.0,0.0,0.0,0.0,0.0,1000.0,295.6274629577907,0.0,30.189164256772585,30.189164256772585,923.9938996593766,-1000.0,0.0,0.0,0.0,0.0,0.0,0.0,0.0,916.5570727628314,270.81776300770605,1000.0,0.10063054752257529,0.0,0.0,0.0,93.55762559674714,0.0,0.0,1000.0,0.0,-525.213209088294,0.0,0.0,0.0,0.0,0.0,0.0,0.0,0.0,0.0,0.0,0.0,0.0,0.10063054752257529,0.0,0.0,0.0,-77.7708951600273,77.7708951600273,0.0,0.0,0.0,0.0,-803.9276914996784,1000.0,0.0,0.0,17.61212162541733,-7.547291064193146,-5.031527376128764,0.0,0.0,-31.250000000000004,-31.25,31.250000000000004,0.0,0.0,0.0,0.0,0.0,0.0,0.0,622.3561346475186,623.555820975254,0.0,0.0,-279.6579466558411,0.0,0.0,0.0,-0.10063054752257529,0.0,0.0,0.10063054752257529,0.0,0.10063054752257529,0.0,0.0,0.0,60.37832851354517,122.76926797754184,122.76926797754184,0.0,0.0,0.0,0.0,0.0,0.0,0.0,0.0,0.0,270.81776300770605,0.0,0.0,0.0,0.0,0.0,0.0,0.0,0.0,0.0,0.0,0.0,0.0,0.0,0.0,0.0,0.0,0.0,293.0635405736595,0.0,0.0,0.0,0.1509458212838629,0.0,0.0,0.0,-30.189164256772585,0.0,0.0,0.0,0.0,0.0,-155.55996730313626,5.031527376128764,0.0,0.0,0.0,0.0,-364.284853744296,538.0920323148574,0.0,0.0,0.0,0.0,0.0,0.0,0.0,0.0,622.3561346475186,0.0,0.0,1000.0,155.55996730313626,0.0,-63.42728190030154,-424.0006620060543,0.0,1000.0,0.0,-1000.0,176.64945902400828,0.0,0.0,5.031527376128764,818.6212989558418,0.0,229.4016790567414,0.0,-225.17643865281494,0.0,0.0,0.0,0.0,0.0,-383.7106233137944,0.0,0.0,0.0,-7.5472910641931605,-7.5472910641931605,122.76926797754184,0.0,199.95573815334657,199.95573815334663,-199.95573815334657,0.0,0.0,0.0,0.0,0.0,541.3323359450837,0.0,0.0,170.65454943152255,-93.55762559674714,-219.60208281729743,0.0,30.189164256772585,0.0,0.0,0.0,0.0,-284.2260234648763,0.0,0.0,0.11069360227497782,0.0,0.0,0.0,61.38463398877092,0.0,0.0,0.0,0.0,-244.03675686163928,0.0,725.7740788815881,0.0,0.0,0.0,0.0,0.0,0.0,-1000.0,0.0,0.010063054752257529,0.010063054752257529,0.0,0.0,0.0,0.0,0.0,0.0,0.0,0.0,0.0,0.0,0.0,0.0,0.0,0.0,0.0,155.55996730313626,0.0,0.0,0.0,0.0,0.0,0.0,0.0,0.0,0.0,0.0,0.0,0.0,0.0,693.7803884636711,213.06837637814021,0.0,0.0,0.0,60.37832851354517,0.0,0.0,0.0,0.0,0.0,0.0,-60.37832851354517,0.0,0.0,0.0,0.0,0.0,0.0,0.0,0.0,0.0,0.0,0.0,0.0,-1000.0,-1000.0,68.93192505296408,0.0,-30.189164256772585,0.0,-18.014643815506133,0.0,0.0,0.0,0.0,0.0,0.0,0.0,0.0,0.0,0.0,0.0,0.0,0.0,0.0,0.0,0.0,0.0,-12.57881844032191,622.3561346475186,-510.63352577677466,0.0,0.0,0.0,0.0,0.0,0.0,-1000.0,998.7421181559678,401.8258976768232,0.0,0.0,0.0,0.0,0.0,0.0,0.0,1000.0,30.189164256772585,30.189164256772585,0.0,0.0,0.0,0.0,0.0,0.11069360227497782,155.55996730313626,0.0,0.0,18.014643815506133,0.0,0.0,0.0,0.0,0.0,0.0,0.0,0.0,0.0,0.0,0.0,0.0,0.0,0.0,0.0,0.0,0.0,9.834847049829165,0.0,105.66207489870405,7.7485521592382955,0.0,0.0,0.0,0.0,0.0,155.55996730313626,0.0,-5.031527376128764,0.0,0.0,0.0,-12.57881844032191,0.0,0.0,0.0,0.0,0.0,0.0,0.0,0.0,0.0,0.0,0.0,0.0,0.0,0.0,0.0,0.0,0.0,0.0,-0.10063054752257529,0.0,0.0,5.031527376128764,-1000.0,0.0,0.0,0.0,0.0,622.3561346475186,0.0,0.0,0.0,8.664290141693876,2.515763688064382,0.0,0.0,0.0,0.10063054752257529,0.0,100.63054752257528,-21.36062268216915,20.126109504515057,0.718789625161252,300.42892168764337,-0.07547291064193146,256.57464473241953,2.012610950451506,-0.5031527376113765,-300.42892168764337,30.189164256772585,-0.10063054752257529,141.3335540020181,0.0,0.025157636880643822,0.718789625161252,-424.0006620060543,-16.020383165593273,-2.012610950451517,-351.1786713482577,-0.10063054752257529,0.025157636880643822,-300.42892168764337,10.063054752257528,0.10063054752257529,0.10063054752257529,-155.3486431533387,0.11069360227483283,0.0,-0.07547291064193146,30.189164256772585,0.10063054752257529,30.189164256772585,-50.31527376128764,-0.050315273761287645,-1.25084559391712,-206.08430031421497,-0.07547291064193146,-0.10063054752257529,-21.36062268216915,0.10063054752257529,10.063054752257528,-2.012610950451506,293.0635405736595,293.0635405736595,-10.063054752257528,351.1786713482577,-293.0635405736595,20.126109504515057,0.1509458212838629,-1000.0,10.063054752257528,-218.93128604944272,0.0,-20.126109504515057,0.050315273761287645,1.006305475225753,70.66677700100905,175.68607680765132,-0.10063054752257529,-178.20184049571571,155.3486431533387,31.195469731998333,0.10063054752257529,16.020383165593273,-120.75665702709011,0.0,-0.10063054752257529,-0.025157636880643822,0.0,-0.10063054752257529,-1000.0,0.10063054752257529,-0.025157636880643822,-0.025157636880643822,-0.025157636880643822,40.252219009030114,50.31527376128764,1.006305475225753,74.5546568957916,-0.025157636880643822,0.0,5.031527376128764,142.1444879353347,0.10063054752257529,0.050315273761287645,0.050315273761287645,-252.54354979188946,21.36062268216915,0.10063054752257529,-21.36062268216915,1.006305475225753,0.10063054752257529,-74.5546568957916,0.10063054752257529,0.40252219008880274,0.5031527376113765,0.050315273761287645,0.025157636880643822,30.189164256772585,-0.10063054752257529,0.0,1.0063054752257585,-149.1093137915832,254.05888104435513,-10.063054752257528,20.126109504515057,5.031527376128764,-0.10063054752257529,424.0006620060543,0.1509458212838629,-0.10063054752257529,505.0870995837789,21.36062268216915,424.8826541061325,0.050315273761287645,-284.2889758706694,-0.10063054752257529,-0.10063054752257529,-0.10063054752257529,0.050315273761287645,300.42892168764337,-20.126109504515057,0.10063054752257529,141.3335540020181,-0.025157636880643822,-0.11069360227483283,-141.3335540020181,15.094582128386293,206.08430031421497,385.2754256072327,300.42892168764337,-0.07547291064193146,178.20184049571571,-175.68607680765132,0.10063054752257529,-0.025157636880643826,5.031527376128764,100.63054752257528,-0.050315273761287645,-0.10063054752257529,0.025157636880643822,1000.0,0.0,999.9496847262387,0.0,89.38931980783605,0.0,137.2389928192315,-1000.0,0.0,1000.0,-475.56185846942515,43.30117239578648,0.0,-500.0,-44.69465990391802,237.78092923471257,0.0,500.0,-155.55996730313626,-140.65663064125624,0.0,-43.30117239578648,-140.65663064125624,-137.2389928192315,123.96629754703204,0.0,1496.5981,bhi
159,0.0,0.0,0.0,0.0,0.0,0.0,0.0,0.0,181.65150243955156,0.0,0.0,0.0,0.0,0.0,0.0,0.0,-1000.0,1000.0,0.0,414.13487277315846,0.0,0.0,0.0,0.0,0.0,0.0,0.0,0.0,0.0,359.5980502352011,147.8513952485681,-147.8513952485681,466.2161467181943,0.0,0.0,0.0,0.0,55.344175175681926,0.0,-1000.0,795.0186430993872,0.0,0.0,519.3059917572529,0.0,0.0,0.0,0.0,640.4019497647989,0.0,0.0,0.0,0.0,0.08566897008094018,0.0,0.0,0.0,15.576176378338756,0.0,0.0,71.74017674950085,0.0,1000.0,688.0921222566453,0.0,0.0,0.0,0.0,0.0,0.0,0.0,0.7788088189169379,0.0,0.0,0.0,0.0,0.0,0.0,0.0,0.0,0.0,0.0,0.0,0.0,46.728529135016274,0.0,0.0,-816.6901800689044,531.2822907081666,59.140812369097404,-0.019470220472923447,0.0,0.0,0.0,23.364264567508137,0.0,204.98135690061287,0.0,0.0,0.0,0.0,915.2955584440598,-303.6486645229636,0.0,0.0,-178.0329545552914,0.0,0.0,0.0,0.0,0.0,0.0,0.0,0.0,0.0,0.0,0.0,0.0,0.0,0.0,0.0,0.0,0.0,0.0,-502.1950109111697,0.0,0.0,204.98135690061287,0.0,24.143073386425076,0.0,0.0,-343.75000000000034,0.0,343.75000000000034,-343.75000000000034,319.464423814032,126.45835085679933,-126.45835085679933,-703.1124783068875,0.0,0.0,0.0,0.0,0.0,5.9968279056604175,0.07788088189169377,0.0,0.0,0.0,0.0,0.0,0.0,0.0,0.0,0.0,632.968027119728,0.0,0.0,0.0,0.0,0.0,852.0707238695402,852.0707238695402,0.0,0.0,0.0,0.0,843.7499999999991,0.0,0.0,1000.0,0.0,0.0,0.0,-138.97141443572366,-95.13589617063111,0.0,0.0,0.0,0.0,0.0,0.0,0.0,0.0,0.0,-147.582600039076,0.0,0.0,0.0,0.0,-1000.0,0.0,0.0,0.0,0.0,0.0,0.0,0.0,-590.4231030772639,590.4231030772639,383.6480544928555,0.0,0.0,0.0,0.0,0.0,0.0,663.2467147581647,-1000.0,0.0,0.0,0.0,0.0,0.0,0.0,0.0,0.0,0.0,0.0,0.0,0.0,0.0,258.7621607629854,315.13159450822434,0.0,0.0,0.0,0.0,0.0,-231.83276449723922,0.0,0.0,0.0,0.0,71.74017674950085,-519.3059917572529,147.8513952485681,0.0,120.962452238814,0.0,0.0,0.0,0.0,0.0,150.3591596454803,0.0,181.61709233310472,0.0,-940.97600895374,180.72938483169048,-766.7113333813693,0.0,0.0,0.0,0.0,383.6480544928555,-570.4850946990252,0.0,0.0,0.0,-491.99703629811324,0.0,0.0,-1000.0,0.0,921.7187211731184,-1000.0,0.0,921.7187211731184,-59.140812369097404,0.0,1000.0,0.0,0.0,65.47237048220939,0.0,0.0,0.0,-400.68510394254713,0.0,400.68510394254713,0.0,999.8442382362166,0.0,0.0,-182.46766455967614,0.0,0.0,0.0,71.74017674950085,-0.11682132283754067,0.0,0.0,0.0,0.0,0.07788088189169377,0.0,0.0,0.0,492.8441934582906,-1000.0,0.0,-794.2577236797483,463.80904752770044,95.13589617063111,1000.0,0.0,212.69155256349575,0.0,-178.0329545552914,0.0,0.0,0.0,438.7520089562093,0.0,-651.4435615197051,-299.22080087016934,-1000.0,0.0,0.0,0.0,0.0,0.0,0.0,0.0,0.0,0.0,0.0,0.0,0.0,0.0,0.0,0.0,0.0,120.962452238814,0.0,0.0,-1000.0,0.0,944.3443012967516,0.0,1000.0,0.0,0.0,-8.504592302572611,0.0,0.0,0.0,0.0,911.4015143494752,0.0,0.0,-959.5948012693223,-535.026004722578,0.0,27.119336795472464,996.1059559054153,-898.8805988345448,1000.0,0.0,0.0,-144.031370847903,533.0789826752857,-1000.0,0.0,0.0,142.2155317544034,1000.0,-296.8874992115507,204.98135690061287,0.0,0.0,0.0,0.0,0.0,181.72938332144327,0.0,-258.7621607629854,258.7621607629854,258.7621607629854,-307.0490931880672,0.0,0.0,0.0,0.0,0.0,663.2467147581647,0.0,0.0,-240.16770099385383,0.0,0.0,0.0,0.0,0.0,0.0,0.0,110.15023760761146,0.15576176378343956,0.0,0.0,0.0,0.0,0.0,0.0,0.0,0.0,0.0,0.0,0.0,0.0,0.0,0.0,0.0,0.0,0.0,0.0,0.0,0.08566897008094018,0.08566897008094018,147.8513952485681,284.65200750289745,0.0,46.728529135016274,0.0,0.0,0.0,1000.0,0.0,0.0,0.0,0.0,0.0,610.1343890040798,-1000.0,0.0,0.0,0.0,0.0,0.0,0.0,0.0,0.0,0.0,0.0,0.0,0.0,0.0,167.3983369703899,-492.8441934582906,0.0,0.0,5.9968279056604175,0.0,0.0,0.0,-151.8152899956163,0.0,610.1343890040798,0.0,-279.7153733883087,1000.0,0.0,0.0,258.7621607629854,0.0,0.0,0.0,0.0,0.0,0.0,0.0,0.0,0.0,0.0,0.0,0.0,0.0,46.728529135016274,383.6480544928555,383.6480544928555,0.0,0.0,0.0,0.0,0.0,0.0,0.0,0.0,0.0,0.0,0.7788088189169379,0.0,147.8513952485681,0.0,0.0,147.8513952485681,0.0,0.0,0.0,204.98135690061287,0.0,0.0,0.0,0.0,0.0,0.0,0.0,0.0,0.0,0.0,-414.6898494975043,378.7556897516972,0.0,23.364264567508137,23.364264567508137,1000.0,-1000.0,0.0,0.0,0.0,0.0,0.0,0.0,0.0,1000.0,663.2467147581647,829.7238325635948,0.07788088189169377,0.0,0.0,0.0,102.8528303782519,0.0,0.0,0.0,0.0,0.0,0.0,0.0,0.0,0.0,0.0,0.0,0.0,0.0,0.0,0.0,0.0,0.0,0.07788088189169377,0.0,0.0,0.0,-1000.0,1000.0,0.0,0.0,0.0,944.3443012967516,0.0,-8.504592302572611,0.0,0.0,-1000.0,-5.841066141877034,-3.894044094584692,0.0,0.0,0.0,0.0,0.0,0.0,0.0,0.0,0.0,0.0,0.0,0.0,383.6480544928555,95.13589617063111,0.0,0.0,-150.77792336256266,0.0,0.0,0.0,181.65150243955156,0.0,0.0,0.07788088189169377,0.0,0.07788088189169377,0.0,0.0,0.0,46.728529135016274,95.01467590786642,95.01467590786642,0.0,0.0,0.0,0.0,0.0,0.0,0.0,0.0,0.0,663.2467147581647,0.0,0.0,0.0,445.4575528870842,0.0,0.0,0.0,0.0,0.0,0.0,0.0,0.0,0.0,0.0,0.0,0.0,0.0,151.8152899956163,0.0,0.0,0.0,0.11682132283754067,0.0,0.0,0.0,-204.98135690061287,0.0,0.0,0.0,0.0,0.0,-284.65200750289745,3.894044094584689,0.0,0.0,0.0,0.0,-843.7499999999991,-3.894044094584692,0.0,0.0,0.0,0.0,0.0,0.0,0.0,0.0,383.6480544928555,0.0,0.0,0.0,25.88984673991206,0.0,9.735110236461725,-178.0329545552914,0.0,-12.398636397157304,0.0,12.398636397157304,0.0,-665.4997706068916,0.0,3.894044094584692,1000.0,0.0,0.0,-147.8513952485681,-240.16770099385383,0.0,0.0,0.0,0.0,0.0,0.0,0.0,0.0,0.0,438.0756736838505,-302.1752059285286,95.01467590786642,0.0,906.25,906.25,-758.3986047514318,0.0,0.0,0.0,0.0,0.0,150.3591596454803,0.0,0.0,0.0,-102.8528303782519,538.1380961221699,0.0,23.364264567508137,0.0,0.0,0.0,0.0,170.04916374687787,0.0,0.0,0.08566897008094018,0.0,0.0,0.0,47.50733795393321,0.0,0.0,0.0,0.0,315.13159450822434,0.0,0.0,0.0,0.0,0.0,0.0,0.0,0.0,0.0,0.0,0.007788088189169378,0.007788088189169378,0.0,0.0,0.0,0.0,0.0,0.0,0.0,0.0,0.0,0.0,147.8513952485681,0.0,0.0,0.0,0.0,284.65200750289745,0.0,0.0,0.0,0.0,0.0,0.0,0.0,0.0,0.0,0.0,0.0,0.0,-945.4631774620426,1000.0,1000.0,0.0,0.0,0.0,46.72852913501629,0.0,0.0,0.0,0.0,0.0,460.3077020007319,-507.0362311357482,0.0,0.0,0.0,0.0,0.0,0.0,0.0,0.0,0.0,147.8513952485681,147.8513952485681,0.0,-829.7238325635948,397.13053460686706,498.80595698289443,-1000.0,795.0186430993872,0.0,999.6884764724335,0.0,0.0,0.0,0.0,0.0,0.0,0.0,0.0,0.0,0.0,0.0,0.0,0.0,0.0,0.0,0.0,0.0,-9.735110236461725,383.6480544928555,-917.2425804913522,741.7916926737357,0.0,0.0,0.0,0.0,0.0,0.0,-0.9735110236461724,240.16770099385383,0.0,0.0,0.0,0.0,0.0,0.0,0.0,1000.0,23.364264567508137,23.364264567508137,0.0,0.0,0.0,0.0,0.0,0.08566897008094018,284.65200750289745,0.0,0.0,-999.6884764724335,0.0,0.0,0.0,0.0,0.0,0.0,0.0,0.0,0.0,0.0,0.0,0.0,0.0,0.0,0.0,0.0,0.0,0.0,0.0,81.77492598627848,5.9968279056604175,0.0,0.0,0.0,0.0,0.0,284.65200750289745,0.0,0.0,0.0,0.0,0.0,-9.735110236461725,0.0,0.0,0.0,0.0,0.0,0.0,0.0,0.0,0.0,0.0,0.0,0.0,0.0,0.0,0.0,0.0,0.0,0.0,-0.07788088189169377,0.0,0.0,3.894044094584689,-610.1343890040798,0.0,0.0,0.0,0.0,383.6480544928555,0.0,0.0,0.0,-438.7520089562093,1.9470220472923445,0.0,0.0,0.0,0.07788088189169377,0.0,77.88088189169378,-24.143073386425076,15.576176378338758,0.5562920135120984,217.28766047782568,-0.058410661418770334,959.5948012693223,1.5576176378338757,-0.3894044094581583,-217.28766047782568,23.364264567508137,-0.07788088189169379,59.34431818509714,0.0,0.019470220472923447,0.5562920135120984,-178.0329545552914,-12.398636397157304,146.2937776107343,-414.13487277315846,-0.07788088189169379,0.019470220472923447,-217.28766047782568,7.788088189169378,0.07788088189169379,0.07788088189169379,-284.48845765092483,0.08566897008086316,0.0,-0.058410661418770334,23.364264567508137,0.07788088189169379,204.98135690061287,142.67665138725783,-0.038940440945846894,-276.9021180091452,223.96679542617815,-0.058410661418770334,-0.07788088189169379,-24.143073386425076,0.07788088189169377,7.788088189169378,-1.5576176378338757,151.8152899956163,151.8152899956163,-7.788088189169378,414.13487277315846,-151.8152899956163,15.576176378338756,0.11682132283754067,-1000.0,7.788088189169378,-167.3983369703899,0.0,-15.576176378338756,0.038940440945846894,0.7788088189169379,198.56443091993708,41.46602311825082,-0.07788088189169379,-302.1752059285286,284.48845765092483,24.143073386425076,0.07788088189169379,12.398636397157304,-275.0741506031375,0.0,-0.07788088189169379,-0.019470220472923447,0.0,-0.07788088189169379,110.15023760761146,0.07788088189169379,-0.019470220472923447,-0.019470220472923447,-0.019470220472923447,31.152352756677512,-142.67665138725783,0.7788088189169379,57.699998371508514,-0.019470220472923447,337.78454365477705,3.894044094584689,-51.18107470922104,0.07788088189169379,0.038940440945846894,0.038940440945846894,7.788088189169378,24.143073386425076,0.07788088189169379,-24.143073386425076,0.7788088189169379,0.07788088189169379,-57.699998371508514,0.07788088189169379,0.3115235275664645,0.3894044094581583,0.038940440945846894,0.019470220472923447,23.364264567508137,-0.07788088189169379,0.0,-73.14688880536715,-115.39999674301703,957.64777922203,-7.788088189169378,15.576176378338756,3.894044094584689,-0.07788088189169379,178.0329545552914,0.11682132283754067,-0.07788088189169379,-15.576176378338756,24.143073386425076,90.61077290065782,0.038940440945846894,102.36214941844209,-0.07788088189169379,-0.07788088189169379,-0.07788088189169379,0.038940440945846894,217.28766047782568,-15.576176378338756,0.07788088189169377,397.12886183987416,-0.019470220472923447,-0.08566897008086316,-397.12886183987416,11.682132283754067,-223.96679542617815,-133.32925064420303,217.28766047782568,-0.058410661418770334,302.1752059285286,-41.46602311825082,0.07788088189169379,-0.019470220472923447,3.894044094584692,77.88088189169378,-0.038940440945846894,-0.07788088189169379,0.019470220472923447,1000.0,0.0,999.9610595590542,0.0,-1000.0,0.0,503.35689308961776,-645.9702687632923,0.0,-776.7770877395363,469.50587136501986,-25.31128661480048,0.0,388.38854386976817,500.0,-234.75293568250993,0.0,322.98513438164616,-284.65200750289745,-260.6599366475357,0.0,25.31128661480048,-260.6599366475357,-503.35689308961776,385.32147775179294,0.0,1496.5981,bhi
160,0.0,0.0,0.0,0.0,0.0,0.0,0.0,0.0,-0.09785770576081144,0.0,0.0,0.0,0.0,0.0,0.0,0.0,1000.0,113.52029197627259,0.0,-794.0009466742594,0.0,0.0,0.0,0.0,0.0,0.0,0.0,0.0,0.0,36.85964231179946,149.95338889670285,-149.95338889670285,574.5776756233497,0.0,0.0,0.0,0.0,570.0103911940614,0.0,-1000.0,970.6426882717566,0.0,0.0,0.0,0.0,0.0,0.0,0.0,-443.81147101608735,-170.6660671461857,0.0,319.69446554873525,0.0,0.10764347633685031,0.0,0.0,0.0,19.57154115216229,0.0,0.0,81.84236559105102,0.0,339.4921259408113,0.0,0.0,0.0,0.0,0.0,1000.0,-578.6655084681377,0.0,0.9785770576081145,0.0,0.0,0.0,0.0,0.0,0.0,0.0,0.0,0.0,0.0,0.0,0.0,58.71462345648687,0.0,0.0,790.2730158985943,-649.1932388828773,-324.03968178335117,-0.02446442644020286,0.0,0.0,-642.4637578746788,29.357311728243435,0.0,29.357311728243435,0.0,0.0,0.0,0.0,249.70848598910743,36.85964231179946,0.0,0.0,-423.25966907933656,0.0,0.0,0.0,0.0,0.0,0.0,0.0,0.0,0.0,0.0,0.0,0.0,0.0,0.0,0.0,0.0,0.0,0.0,-706.752008642808,0.0,0.0,29.357311728243435,0.0,30.335888785851544,0.0,0.0,0.0,0.0,0.0,0.0,-421.33449153186234,0.0,0.0,0.0,0.0,0.0,0.0,0.0,0.0,7.535043343582512,0.09785770576081144,0.0,0.0,0.0,0.0,0.0,0.0,0.0,0.0,0.0,696.5661828149509,0.0,0.0,0.0,0.0,0.0,788.0225738294977,788.0225738294977,0.0,0.0,0.0,0.0,0.0,0.0,0.0,938.0738204319614,0.0,0.0,0.0,0.0,-774.345222427808,0.0,0.0,0.0,0.0,0.0,0.0,0.0,0.0,0.0,-677.608904941358,0.0,0.0,0.0,0.0,-1000.0,0.0,0.0,0.0,0.0,0.0,170.6660671461857,-319.69446554873525,973.2329206662283,-973.2329206662283,0.0,0.0,0.0,0.0,0.0,0.0,0.0,0.0,-1000.0,0.0,0.0,0.0,0.0,0.0,0.0,0.0,0.0,0.0,0.0,0.0,0.0,0.0,205.12791787089816,-242.58435080707991,-273.35370574697697,0.0,0.0,0.0,0.0,163.24372439178222,0.0,0.0,0.0,0.0,81.84236559105102,-273.35370574697697,149.95338889670285,0.0,158.15912054982152,0.0,0.0,0.0,0.0,0.0,812.7636786275474,0.0,0.0,0.0,675.8135316580076,-946.612627891098,1000.0,0.0,273.35370574697697,0.0,0.0,421.33449153186234,-98.68267125517858,0.0,0.0,0.0,-89.96645419923885,0.0,0.0,-1000.0,-1000.0,0.0,-721.4948519207189,721.4948519207189,278.505148079281,324.03968178335117,0.0,265.98518663446976,170.6660671461857,0.0,109.77927468088171,0.0,0.0,0.0,374.48573800280553,0.0,-374.48573800280553,0.0,982.4817303251953,421.33449153186234,0.0,-617.5521868128756,0.0,0.0,0.0,81.84236559105102,-0.14678655864121717,0.0,0.0,0.0,0.0,0.09785770576081144,0.0,0.0,0.0,-5.364714747572997,1000.0,0.0,-282.1731127195577,-955.2784678077836,774.345222427808,1000.0,0.0,1000.0,0.0,-423.25966907933656,0.0,0.0,0.0,366.4754775594028,-366.4754775594028,-1000.0,-1000.0,-1000.0,0.0,0.0,0.0,0.0,0.0,0.0,0.0,0.0,0.0,0.0,0.0,0.0,0.0,0.0,0.0,0.0,158.15912054982152,-429.59817798289544,0.0,-1000.0,0.0,0.0,659.6592716053464,1000.0,0.0,0.0,-670.345333074427,0.0,0.0,0.0,0.0,244.81560070106687,0.0,-531.2500000000002,-666.0160462494609,-346.55530632202306,-633.5245224405971,-445.7100560156588,0.0,0.0,493.3335731676588,531.2500000000002,0.0,524.6021675263145,344.10886367800276,-4.892885288040572,-443.3340368570424,0.0,0.0,1000.0,-484.94200027638976,29.357311728243435,0.0,0.0,0.0,106.91751335178482,0.0,0.0,0.0,-205.12791787089816,205.12791787089816,205.12791787089816,567.7487958162482,0.0,0.0,-44.6036253047555,0.0,0.0,0.0,0.0,0.0,-257.64976034976024,0.0,937.5,0.0,0.0,0.0,0.0,0.0,-271.94166253532336,0.19571541152158395,0.0,0.0,0.0,0.0,0.0,0.0,0.0,0.0,0.0,0.0,0.0,0.0,0.0,0.0,0.0,0.0,0.0,0.0,0.0,0.10764347633685031,0.10764347633685031,149.95338889670285,142.39114469886033,0.0,58.71462345648687,0.0,0.0,0.0,1000.0,0.0,0.0,0.0,0.0,0.0,525.1505343863844,-1000.0,0.0,0.0,0.0,0.0,0.0,0.0,0.0,0.0,0.0,0.0,0.0,0.0,0.0,235.58400288093603,5.364714747572997,0.0,38.715360610886876,7.535043343582512,0.0,0.0,-642.4637578746788,-805.707482266461,0.0,525.1505343863844,0.0,0.0,253.20887185106102,0.0,0.0,205.12791787089816,0.0,0.0,0.0,0.0,0.0,0.0,0.0,0.0,0.0,0.0,0.0,0.0,0.0,58.71462345648687,421.33449153186234,421.33449153186234,0.0,0.0,0.0,0.0,0.0,0.0,0.0,0.0,0.0,0.0,0.9785770576081145,0.0,149.95338889670285,0.0,0.0,149.95338889670285,-319.69446554873525,0.0,0.0,29.357311728243435,0.0,0.0,0.0,0.0,38.715360610886876,0.0,0.0,0.0,0.0,0.0,61.25220362912705,0.0,0.0,29.357311728243435,29.357311728243435,484.40992201378987,-1000.0,0.0,0.0,0.0,0.0,0.0,0.0,0.0,738.1442573325653,0.0,1000.0,0.09785770576081144,0.0,0.0,-31.25000000002625,160.4850801294293,0.0,0.0,642.4637578746788,0.0,-421.33449153186234,0.0,0.0,0.0,0.0,0.0,0.0,0.0,0.0,0.0,0.0,0.0,0.0,0.09785770576081144,0.0,0.0,0.0,0.0,0.0,0.0,0.0,0.0,0.0,-10.686061469080641,653.3009387193305,0.0,-223.702760736435,-1000.0,-7.3393279320608595,0.0,-4.892885288040572,0.0,0.0,0.0,0.0,0.0,0.0,0.0,0.0,0.0,0.0,0.0,421.33449153186234,774.345222427808,0.0,0.0,-480.04911498834923,0.0,0.0,0.0,-0.09785770576081144,0.0,0.0,0.09785770576081144,0.0,0.09785770576081144,0.0,0.0,0.0,58.71462345648687,119.38640102818997,119.38640102818997,0.0,0.0,0.0,0.0,0.0,0.0,0.0,0.0,0.0,0.0,0.0,0.0,0.0,374.9010260254086,0.0,0.0,0.0,0.0,0.0,0.0,0.0,0.0,0.0,0.0,0.0,0.0,0.0,163.24372439178222,0.0,-619.4425633587083,619.4425633587083,0.14678655864121717,0.0,0.0,0.0,-29.357311728243435,0.0,0.0,0.0,0.0,0.0,-142.39114469886033,4.892885288040572,0.0,0.0,0.0,0.0,0.0,659.6592716053464,-4.892885288040572,0.0,937.5,0.0,0.0,0.0,0.0,0.0,421.33449153186234,0.0,0.0,47.96186813404768,-62.73677317203783,0.0,-503.3578647661088,-423.25966907933656,429.59817798289544,0.0,223.702760736435,-653.3009387193305,0.0,-218.06907228336854,0.0,4.892885288040572,739.1100007289652,0.0,0.0,-149.95338889670285,-257.64976034976024,0.0,0.0,0.0,0.0,0.0,0.0,0.0,0.0,0.0,662.9302490772363,0.0,119.38640102818997,0.0,0.0,0.0,149.95338889670285,0.0,0.0,0.0,0.0,0.0,812.7636786275474,0.0,0.0,164.40912849504292,-129.23508012940303,708.3624607421742,0.0,29.357311728243435,0.0,0.0,0.0,0.0,-225.34431829259924,0.0,0.0,0.10764347633685031,0.0,0.0,0.0,59.69320051409498,0.0,0.0,0.0,0.0,-242.58435080707991,0.0,0.0,0.0,0.0,0.0,0.0,0.0,0.0,0.0,0.0,0.009785770576081146,0.009785770576081146,0.0,0.0,0.0,0.0,0.0,0.0,0.0,0.0,0.0,-31.25000000002625,149.95338889670285,0.0,0.0,0.0,0.0,142.39114469886033,0.0,0.0,0.0,0.0,0.0,0.0,0.0,170.6660671461857,0.0,0.0,0.0,0.0,104.54878030709595,603.929523088292,113.52029197627259,0.0,0.0,0.0,58.71462345648687,0.0,0.0,0.0,0.0,0.0,0.0,-58.71462345648687,0.0,0.0,0.0,0.0,0.0,0.0,0.0,0.0,0.0,149.95338889670285,149.95338889670285,0.0,-1000.0,-224.99610035563524,441.93355447156443,0.0,-29.357311728243435,0.0,570.0103911940614,0.0,0.0,0.0,0.0,0.0,0.0,0.0,0.0,0.0,0.0,0.0,0.0,0.0,0.0,0.0,0.0,0.0,-12.232213220101432,421.33449153186234,-252.15492863312772,367.5616980933478,0.0,0.0,0.0,0.0,0.0,-1.223221322010143,0.0,257.64976034976024,0.0,0.0,0.0,0.0,0.0,0.0,0.0,1000.0,29.357311728243435,29.357311728243435,0.0,0.0,0.0,0.0,0.0,0.10764347633685031,142.39114469886033,0.0,0.0,-570.0103911940614,0.0,0.0,0.0,0.0,0.0,0.0,0.0,0.0,0.0,0.0,0.0,0.0,0.0,0.0,309.72128167935415,0.0,0.0,0.0,0.0,102.75059104885202,7.535043343582512,0.0,0.0,0.0,0.0,0.0,142.39114469886033,0.0,0.0,0.0,0.0,0.0,-12.232213220101432,0.0,0.0,0.0,0.0,0.0,0.0,0.0,0.0,0.0,0.0,0.0,0.0,0.0,0.0,0.0,0.0,0.0,0.0,-0.09785770576081144,0.0,0.0,4.892885288040572,-525.1505343863844,0.0,0.0,0.0,0.0,421.33449153186234,0.0,0.0,0.0,-366.4754775594028,2.446442644020286,0.0,0.0,0.0,0.09785770576081144,0.0,97.85770576081144,-30.335888785851544,19.57154115216229,0.6989836125772246,273.0229990726639,-0.07339327932060859,627.300685638574,1.957154115216229,-0.4892885288039679,-273.0229990726639,29.357311728243435,-0.09785770576081144,141.08655635977885,0.0,0.02446442644020286,0.6989836125772246,-423.25966907933656,-15.578946757121214,147.9962347814866,-319.5193453020132,-0.09785770576081144,0.02446442644020286,-273.0229990726639,9.785770576081145,0.09785770576081144,0.09785770576081144,-142.18564351676267,0.10764347633689259,0.0,-0.07339327932060859,29.357311728243435,0.09785770576081144,29.357311728243435,-48.92885288040573,-0.04892885288040572,149.9531553437222,-173.1273526736242,-0.07339327932060859,-0.09785770576081144,-30.335888785851544,0.09785770576081144,9.785770576081145,-1.957154115216229,163.24372439178222,163.24372439178222,-9.785770576081145,319.5193453020132,-163.24372439178222,19.57154115216229,0.14678655864121717,-1000.0,9.785770576081145,-235.58400288093603,0.0,-19.57154115216229,0.04892885288040572,0.9785770576081145,70.54327817988943,-43.16523201987554,-0.09785770576081144,-164.40912849504292,142.18564351676267,30.335888785851544,0.09785770576081144,15.578946757121214,-117.42924691297375,0.0,-0.09785770576081144,-0.02446442644020286,0.0,-0.09785770576081144,-271.94166253532336,0.09785770576074992,-0.02446442644020286,-0.02446442644020286,-0.02446442644020286,39.14308230432458,48.92885288040573,0.9785770576081145,72.50032775554077,-0.02446442644020286,0.0,4.892885288040572,140.86371655570224,0.09785770576081144,0.04892885288040572,0.04892885288040572,-200.88147518985002,30.335888785851544,0.09785770576081144,-30.335888785851544,0.9785770576081145,0.09785770576081144,-72.50032775554077,0.09785770576081144,0.3914308230431516,0.4892885288039679,0.04892885288040572,0.02446442644020286,29.357311728243435,-0.09785770576081144,0.0,-73.9981173907433,-145.00065551108153,624.8542429945537,-9.785770576081145,19.57154115216229,4.892885288040572,-0.09785770576081144,423.25966907933656,0.14678655864121717,-0.09785770576081144,401.76295037970004,30.335888785851544,404.92046289650614,0.04892885288040572,-281.7274331114045,-0.09785770576081144,-0.09785770576074992,-0.09785770576081144,0.04892885288040572,273.0229990726639,-19.57154115216229,0.09785770576081144,141.08655635977885,-0.02446442644020286,-0.10764347633689259,-141.08655635977885,14.678655864121716,173.1273526736242,353.4431976027927,273.0229990726639,-0.07339327932060859,164.40912849504292,43.16523201987554,0.09785770576081144,-0.024464426440202865,4.892885288040572,97.85770576081144,-0.04892885288040572,-0.09785770576081144,0.02446442644020286,901.9472240015007,0.0,999.9510711471196,0.0,-1000.0,0.0,-30.656901656654398,-1000.0,0.0,1000.0,-270.97818124085865,483.7863236139465,0.0,-500.0,500.0,135.48909062042932,0.0,500.0,-142.39114469886033,-179.5761446039069,0.0,-483.7863236139465,-179.5761446039069,30.656901656654398,38.4932873401191,0.0,1496.5981,bhi
161,0.0,0.0,0.0,0.0,0.0,0.0,0.0,0.0,408.3818136765031,0.0,0.0,0.0,0.0,0.0,0.0,0.0,614.9130092089065,0.0,0.0,-565.5515417432098,0.0,0.0,0.0,297.7726903363908,0.0,0.0,0.0,0.0,0.0,-349.6636136193031,0.0,0.0,0.0,0.0,0.0,0.0,0.0,999.5795945916441,0.0,116.74677863754222,1000.0,0.0,0.0,0.0,0.0,0.0,0.0,0.0,-444.67308944365647,0.0,0.0,0.0,0.0,0.11561148729767122,0.0,0.0,0.0,0.0,0.0,0.0,-9.255925740626324,0.0,-873.0463390402579,-882.3022647808842,0.0,0.0,0.0,0.0,266.2757448101646,-266.2757448101646,0.0,1.0510135208886726,0.0,0.0,0.0,0.0,0.0,0.0,0.0,0.0,0.0,0.0,754.1891264161311,0.0,63.06081125332035,0.0,0.0,444.67308944365647,-666.7285625507551,666.7285625507551,-0.02627533802221681,0.0,0.0,0.0,31.530405626660176,0.0,31.530405626660176,0.0,0.0,0.0,754.1891264161311,124.49500865326881,-1000.0,0.0,0.0,0.0,0.0,0.0,0.0,0.0,0.0,0.0,0.0,0.0,0.0,0.0,0.0,0.0,0.0,0.0,0.0,0.0,0.0,0.0,-530.0321667959664,0.0,0.0,31.530405626660176,0.0,32.58141914754884,0.0,0.0,-826.5479353502153,826.5479353502153,0.0,0.0,0.0,0.0,0.0,0.0,0.0,0.0,0.0,0.0,0.0,-746.0963223052884,0.10510135208886724,0.0,0.0,0.0,-1000.0,0.0,0.0,0.0,0.0,0.0,788.7551826123891,0.0,0.0,0.0,0.0,0.0,323.6543686866008,323.6543686866008,0.0,0.0,0.0,-843.75,0.0,0.0,0.0,323.75947003868964,0.0,0.0,0.0,-841.927968213765,0.0,0.0,0.0,0.0,0.0,0.0,0.0,0.0,0.0,0.0,-263.79721830467673,0.0,0.0,0.0,0.0,-1000.0,0.0,0.0,0.0,0.0,0.0,0.0,0.0,1000.0,-1000.0,0.0,0.0,0.0,0.0,0.0,0.0,0.0,650.3363863806969,-13.137669011108411,0.0,0.0,0.0,0.0,0.0,0.0,0.0,0.0,0.0,0.0,0.0,0.0,0.0,0.0,220.4712363307246,179.423693854053,0.0,0.0,0.0,0.0,67.58598517273984,0.0,0.0,0.0,0.0,-9.255925740626324,179.423693854053,0.0,0.0,0.0,0.0,0.0,0.0,0.0,0.0,532.3252195853981,21.02027041777345,0.0,0.0,666.7285625507551,-1000.0,1000.0,0.0,-179.423693854053,0.0,0.0,0.0,440.1289865002918,0.0,0.0,0.0,-335.7606577917054,0.0,0.0,914.54071611774,0.0,651.6333783163665,262.9073378013736,651.6333783163665,0.0,333.2714374492449,0.0,434.4484582567902,0.0,0.0,225.64678715519975,0.0,0.0,0.0,432.73005013807295,0.0,-432.73005013807295,0.0,323.5492673345119,0.0,0.0,865.5074854575669,-843.75,0.0,0.0,-9.255925740626324,-0.15765202813330087,0.0,0.0,0.0,0.0,0.10510135208886724,0.0,0.0,0.0,368.5583896152019,614.9130092089065,0.0,-583.5077029584704,490.1893160721981,0.0,907.0387702712255,0.0,-340.45094166608305,0.0,0.0,0.0,0.0,0.0,-9.049226414851386,640.4500690688434,-290.9499009879088,-1000.0,-1000.0,0.0,0.0,0.0,0.0,0.0,0.0,0.0,0.0,0.0,0.0,0.0,0.0,0.0,0.0,0.0,0.0,0.0,0.0,0.0,-1000.0,0.0,0.0,528.940956048137,0.0,0.0,0.0,213.77110271989022,0.0,0.0,0.0,0.0,119.23994104882544,0.0,0.0,-244.63960637160707,0.0,-906.725813879008,0.0,-847.1766604800113,1000.0,-850.5690695997508,0.0,179.76456824275098,1000.0,-2.627533802221681,841.9215928755679,-1000.0,0.0,582.0205075229333,0.0,0.0,31.530405626660176,0.0,0.0,0.0,0.0,0.0,408.48691502859197,562.5,562.5,-562.5,-562.5,-1000.0,0.0,0.0,0.0,0.0,0.0,650.3363863806969,0.0,0.0,-18.51185148125265,0.0,-187.50000000000017,124.49163535543455,0.0,0.0,0.0,0.0,-811.0591692959355,0.2102027041781298,0.0,0.0,0.0,0.0,0.0,0.0,0.0,0.0,0.0,0.0,0.0,0.0,0.0,0.0,0.0,0.0,0.0,0.0,0.0,0.11561148729767122,0.11561148729767122,0.0,415.2615361253514,0.0,63.06081125332035,0.0,0.0,0.0,595.0022163867444,0.0,0.0,0.0,0.0,0.0,204.3862503249397,-595.0022163867444,0.0,0.0,0.0,0.0,0.0,124.49163535543455,0.0,0.0,0.0,0.0,0.0,0.0,0.0,176.67738893198882,-368.5583896152019,1000.0,0.0,8.092804110842778,0.0,-34.00292125991369,34.00292125991369,-33.58306391282615,0.0,204.3862503249397,0.0,0.0,-606.6729189709957,0.0,0.0,0.0,0.0,0.0,0.0,0.0,0.0,0.0,0.0,0.0,0.0,0.0,0.0,0.0,0.0,63.06081125332035,0.0,0.0,0.0,0.0,0.0,0.0,0.0,0.0,0.0,0.0,0.0,0.0,1.0510135208886726,0.0,0.0,0.0,0.0,0.0,0.0,0.0,0.0,31.530405626660176,0.0,0.0,0.0,0.0,0.0,0.0,0.0,0.0,0.0,0.0,769.6422851675204,0.0,0.0,31.530405626660176,31.530405626660176,1000.0,-595.0022163867444,0.0,124.49163535543455,0.0,0.0,0.0,0.0,0.0,1000.0,650.3363863806969,686.7380383121192,0.10510135208886724,0.0,0.0,138.80134991221902,0.0,811.0591692959355,0.0,0.0,0.0,0.0,0.0,0.0,0.0,0.0,0.0,0.0,0.0,0.0,0.0,0.0,0.0,0.0,0.10510135208886724,0.0,0.0,0.0,0.0,0.0,0.0,0.0,0.0,0.0,0.0,742.7120587680272,0.0,0.0,-1000.0,-7.882601406665044,-5.255067604443367,0.0,0.0,0.0,0.0,0.0,0.0,0.0,0.0,0.0,0.0,0.0,0.0,0.0,0.0,0.0,0.0,587.2755751273766,0.0,0.0,0.0,408.3818136765031,0.0,0.0,0.10510135208886724,0.0,0.10510135208886724,0.0,0.0,0.0,63.06081125332035,128.22364954841805,128.22364954841805,0.0,0.0,0.0,0.0,0.0,0.0,0.0,1000.0,0.0,650.3363863806969,0.0,0.0,0.0,0.0,0.0,0.0,0.0,0.0,0.0,0.0,0.0,0.0,0.0,0.0,0.0,0.0,0.0,67.58598517273984,0.0,0.0,0.0,0.15765202813330087,0.0,0.0,0.0,-31.530405626660176,0.0,0.0,0.0,0.0,0.0,-415.2615361253514,5.255067604443362,0.0,0.0,0.0,843.75,0.0,-213.77110271989022,0.0,0.0,-187.50000000000017,0.0,0.0,0.0,0.0,0.0,0.0,0.0,0.0,0.0,415.2615361253514,0.0,1000.0,811.0591692959355,0.0,0.0,0.0,0.0,0.0,311.9053369518737,0.0,5.255067604443367,1000.0,0.0,0.0,0.0,-18.51185148125265,0.0,0.0,-281.25000000023795,281.25000000023795,0.0,0.0,0.0,0.0,0.0,248.03201549134644,0.0,128.22364954841805,0.0,0.0,0.0,0.0,0.0,0.0,0.0,0.0,0.0,532.3252195853981,0.0,0.0,438.9093403453467,-138.80134991221902,-1000.0,0.0,31.530405626660176,0.0,0.0,0.0,0.0,316.2691905876209,0.0,0.0,0.11561148729767122,0.0,0.0,0.0,64.11182477420903,0.0,0.0,0.0,0.0,220.4712363307246,0.0,0.0,0.0,0.0,0.0,0.0,0.0,0.0,0.0,0.0,0.010510135208886724,0.010510135208886724,0.0,0.0,0.0,0.0,0.0,0.0,0.0,0.0,0.0,138.80134991221902,0.0,0.0,0.0,0.0,0.0,415.2615361253514,0.0,0.0,0.0,0.0,0.0,0.0,0.0,0.0,0.0,0.0,0.0,0.0,257.1349661411298,396.9148793466072,0.0,0.0,0.0,0.0,63.06081125332035,0.0,0.0,0.0,0.0,0.0,0.0,-63.06081125332035,0.0,0.0,0.0,0.0,0.0,0.0,0.0,0.0,0.0,0.0,0.0,0.0,-686.7380383121192,-1000.0,71.99442618087407,0.0,-31.530405626660176,0.0,999.5795945916441,0.0,0.0,0.0,0.0,0.0,0.0,0.0,0.0,0.0,0.0,0.0,0.0,0.0,0.0,0.0,0.0,0.0,-13.137669011108411,0.0,-127.12254245549049,-7.882601406665039,0.0,0.0,0.0,0.0,0.0,-937.6267585936449,936.3129916925341,18.51185148125265,0.0,0.0,0.0,0.0,0.0,0.0,0.0,1000.0,31.530405626660176,31.530405626660176,0.0,0.0,0.0,0.0,0.0,0.11561148729767122,415.2615361253514,0.0,0.0,-999.5795945916441,0.0,0.0,0.0,0.0,0.0,0.0,0.0,0.0,0.0,0.0,0.0,0.0,0.0,0.0,0.0,0.0,0.0,0.0,0.0,110.35641969331061,8.092804110842778,0.0,0.0,0.0,0.0,0.0,415.2615361253514,0.0,737.4569911635838,0.0,0.0,0.0,-13.137669011108411,0.0,0.0,0.0,0.0,0.0,0.0,0.0,0.0,0.0,0.0,0.0,0.0,0.0,0.0,0.0,0.0,0.0,0.0,-0.10510135208886724,0.0,0.0,5.255067604443362,-204.3862503249397,0.0,0.0,0.0,0.0,0.0,0.0,0.0,0.0,9.049226414851386,2.627533802221681,0.0,0.0,0.0,0.10510135208886724,0.0,105.10135208886724,-32.58141914754884,21.02027041777345,0.750723943491909,293.2327723279396,-0.07882601406665043,64.87503812885609,2.1020270417773452,-0.5255067604448413,-293.2327723279396,31.530405626660176,-0.10510135208886726,0.0,124.49163535543455,0.026275338022216814,0.750723943491909,0.0,-16.732135252547323,-2.1020270417773452,-49.361467465696705,-0.10510135208886726,0.026275338022216814,-293.2327723279396,10.510135208886725,0.10510135208886726,0.10510135208886724,-415.0408232859649,0.11561148729775397,0.0,-0.07882601406665043,31.530405626660176,0.10510135208886726,31.530405626660176,-52.55067604443363,-0.05255067604443363,-788.7551826123891,-78.20122173371543,-0.07882601406665043,-0.10510135208886726,-32.58141914754884,0.10510135208886724,10.510135208886725,-2.1020270417773452,67.58598517273984,67.58598517273984,-10.510135208886725,49.361467465696705,-67.58598517273984,21.02027041777345,0.15765202813330087,-861.5618958168238,10.510135208886725,-176.67738893198882,124.49163535543455,-21.02027041777345,0.05255067604443362,1.0510135208886726,145.8769257396176,436.2818065431249,-0.10510135208886724,-438.9093403453467,415.0408232859649,32.58141914754884,0.10510135208886726,16.732135252547323,-1.6299871512056416,124.49163535543455,-0.10510135208886724,-0.026275338022216814,-124.49163535543455,-0.10510135208886726,-811.0591692959355,0.10510135208876176,-0.02627533802221681,-0.02627533802221681,-0.02627533802221681,42.0405408355469,52.55067604443363,1.0510135208886726,385.24464281922684,-0.026275338022216814,291.7538514792352,5.255067604443362,410.7846522524111,0.10510135208886724,0.05255067604443362,0.05255067604443363,72.755952886604,32.58141914754884,0.10510135208886724,-32.58141914754884,1.0510135208886726,0.10510135208886726,-1000.0,0.10510135208886726,0.42040540835591855,0.5255067604448413,0.05255067604443363,0.026275338022216814,31.530405626660176,-0.10510135208886726,0.0,1.0510135208886726,-770.4892856384537,62.24750432663441,-10.510135208886725,21.02027041777345,5.255067604443362,-0.10510135208886726,0.0,0.15765202813330087,-0.10510135208886726,-145.511905773208,32.58141914754884,-26.139574396872604,0.05255067604443363,-821.5693045048222,-0.10510135208886726,-0.10510135208876176,-0.10510135208886726,0.05255067604443363,293.2327723279396,-21.02027041777345,0.10510135208886724,291.7538514792352,-0.02627533802221681,-0.11561148729775397,-291.7538514792352,15.765202813330086,78.20122173371543,576.4235537548557,293.2327723279396,-0.07882601406665043,438.9093403453467,-436.2818065431249,0.10510135208886726,-0.026275338022216807,5.255067604443367,105.10135208886724,-0.05255067604443362,-0.10510135208886726,0.026275338022216814,931.2346170448903,0.0,-138.4906548592206,614.7553571807732,394.38120076282075,0.0,205.16300324833034,808.7364294147716,0.0,-511.31468784206044,167.92056028629108,-21.02027041777345,-1000.0,255.65734392103022,-197.19060038141038,-83.96028014314554,0.0,-404.3682147073858,-415.2615361253514,-290.1296161907483,1000.0,21.02027041777345,-290.1296161907483,-205.16300324833034,98.14142759532463,0.0,1496.5981,bhi
162,0.0,0.0,0.0,0.0,0.0,0.0,0.0,0.0,-0.11327803465863247,0.0,0.0,0.0,0.0,0.0,0.0,0.0,97.1876760558846,-734.582452658713,0.0,1000.0,0.0,0.0,0.0,0.0,0.0,0.0,0.0,0.0,0.0,-697.0023817884529,0.0,0.0,675.4410503190379,0.0,0.0,0.0,0.0,1000.0,0.0,-1000.0,966.0165896024102,0.0,0.0,0.0,0.0,0.0,123.63406732812467,16.533167734882973,-1000.0,-178.64454455887972,0.0,-599.8147057325683,0.0,0.12460583812460775,0.0,0.0,0.0,39.18877466660947,0.0,0.0,79.4409451831756,0.0,1000.0,636.7153455695479,0.0,0.0,0.0,0.0,1000.0,-557.2744003863722,0.0,1.1327803465863249,0.0,0.0,0.0,0.0,0.0,0.0,0.0,23.684088946257585,0.0,0.0,614.1641381493603,0.0,67.96682079517949,0.0,47.40778473942112,-356.6886282967346,-880.6907710906501,902.9822409961033,-0.02831950866465812,0.0,0.0,-313.9914283167844,33.98341039758974,0.0,33.98341039758974,0.0,0.0,0.0,688.5971988656771,940.4124252296684,-697.0023817884529,0.0,0.0,-322.0555051150062,0.0,0.0,0.0,0.0,0.0,0.0,0.0,0.0,0.0,0.0,0.0,0.0,0.0,0.0,0.0,0.0,0.0,0.0,-120.03367653784449,0.0,0.0,33.98341039758974,0.0,35.11619074417607,0.0,0.0,-298.43967931530403,298.43967931530403,0.0,0.0,0.0,464.6569224239174,-464.6569224239174,-442.7255996136278,0.0,0.0,0.0,0.0,0.0,-558.0339447412244,0.11327803465863247,0.0,0.0,0.0,0.0,-379.59961313615906,0.0,0.0,74.43306071631679,0.0,938.2801581446693,0.0,0.0,0.0,0.0,0.0,999.8867219653414,999.8867219653414,0.0,0.0,0.0,0.0,172.21121699750876,0.0,0.0,1000.0,0.0,0.0,0.0,0.0,-183.08602406749696,0.0,0.0,0.0,0.0,0.0,0.0,0.0,0.0,0.0,-48.508732887063786,0.0,0.0,0.0,0.0,-1000.0,0.0,0.0,0.0,0.0,0.0,178.64454455887972,599.8147057325683,-22.291469905453255,22.291469905453255,0.0,0.0,0.0,0.0,0.0,0.0,0.0,0.0,-14.159754332329058,0.0,0.0,0.0,0.0,0.0,0.0,0.0,0.0,0.0,0.0,0.0,0.0,0.0,0.0,98.41052532059115,1000.0,0.0,0.0,0.0,0.0,21.084622100953084,0.0,0.0,0.0,0.0,79.4409451831756,1000.0,0.0,0.0,0.0,0.0,0.0,0.0,0.0,0.0,674.7038637713094,0.0,0.0,0.0,1000.0,141.6006988148032,-779.1653924696195,0.0,-1000.0,0.0,0.0,442.7255996136278,988.4456404648195,0.0,0.0,0.0,-74.56006858589319,0.0,0.0,-769.7861088853477,0.0,0.0,-430.549954740321,-339.2361541450266,339.2361541450266,-902.9822409961033,0.0,1000.0,178.64454455887972,0.0,294.96109459663154,0.0,0.0,0.0,-1000.0,0.0,1000.0,0.0,981.184157040544,442.7255996136278,0.0,171.07200796791096,0.0,0.0,0.0,79.4409451831756,-0.1699170519879487,0.0,0.0,0.0,0.0,0.11327803465863247,0.0,0.0,0.0,270.2281037301477,97.1876760558846,0.0,-214.70367007667082,-563.1957521023169,183.08602406749696,1000.0,0.0,-748.5687275872187,0.0,-322.0555051150062,0.0,0.0,0.0,690.0505038643454,-89.14915996082425,147.6673836836976,-1000.0,-1000.0,0.0,0.0,0.0,0.0,0.0,0.0,0.0,0.0,0.0,0.0,0.0,0.0,0.0,0.0,0.0,0.0,0.0,-47.92391749490673,0.0,-1000.0,74.43306071631679,0.0,671.0563110553024,0.0,0.0,0.0,328.94368894469756,0.0,0.0,0.0,0.0,934.7485234967368,0.0,-808.0064142482697,0.0,-2.831950866465812,-910.8508400391758,473.4611783419888,0.0,-1000.0,0.0,808.0064142482697,-473.0381634813,1000.0,0.0,-5.663901732931624,37.04672620201224,0.0,-149.64007611239688,1000.0,0.0,33.98341039758974,0.0,0.0,0.0,0.0,0.0,0.0,0.0,0.0,0.0,0.0,-540.4268671359317,0.0,0.0,0.0,0.0,0.0,0.0,0.0,0.0,-189.02813976843424,0.0,0.0,0.0,0.0,0.0,0.0,0.0,-315.17249821315767,0.22655606931713937,0.0,0.0,0.0,0.0,0.0,0.0,0.0,0.0,0.0,0.0,0.0,0.0,0.0,0.0,0.0,0.0,0.0,0.0,0.0,0.12460583812460775,0.12460583812460775,0.0,132.9632791173292,0.0,67.96682079517949,0.0,0.0,0.0,1000.0,0.0,0.0,47.40778473942112,0.0,0.0,72.80942008998966,-1000.0,0.0,0.0,0.0,0.0,0.0,0.0,0.0,0.0,0.0,0.0,0.0,0.0,0.0,40.011225512614836,-270.2281037301477,379.59961313615906,0.0,56.13019340813581,0.0,0.0,-313.9914283167844,-335.07605041773746,0.0,-136.82437498868921,0.0,171.71176564123726,-414.0748437644053,0.0,0.0,0.0,0.0,0.0,0.0,0.0,0.0,0.0,0.0,0.0,0.0,0.0,0.0,0.0,0.0,67.96682079517949,442.7255996136278,442.7255996136278,0.0,0.0,0.0,0.0,0.0,0.0,0.0,0.0,0.0,0.0,1.1327803465863249,0.0,0.0,47.40778473942112,-47.40778473942112,0.0,599.8147057325683,0.0,0.0,33.98341039758974,0.0,0.0,0.0,0.0,0.0,0.0,0.0,0.0,0.0,0.0,1000.0,0.0,0.0,33.98341039758974,33.98341039758974,1000.0,-1000.0,0.0,0.0,0.0,0.0,0.0,0.0,0.0,697.0023817884529,0.0,1000.0,0.11327803465863247,0.0,0.0,149.599827343104,0.0,0.0,0.0,313.9914283167844,0.0,-442.7255996136278,0.0,0.0,0.0,0.0,16.12567654451376,0.0,0.0,0.0,0.0,0.0,0.0,0.0,0.11327803465863247,0.0,0.0,0.0,-26.786061377496708,26.786061377496708,0.0,0.0,0.0,0.0,0.0,1000.0,0.0,0.0,-952.0760825050933,-8.495852599397434,0.0,-5.663901732931624,0.0,968.75,968.75,-968.75,0.0,0.0,0.0,0.0,0.0,0.0,0.0,442.7255996136278,183.08602406749696,0.0,0.0,-143.97617437946525,0.0,0.0,0.0,-0.11327803465863247,0.0,0.0,0.11327803465863247,0.0,0.11327803465863247,48.37702963354128,0.0,0.0,67.96682079517949,138.19920228353163,138.19920228353163,0.0,0.0,0.0,0.0,0.0,0.0,0.0,379.59961313615906,0.0,0.0,0.0,0.0,0.0,699.8037426484537,0.0,0.0,0.0,0.0,0.0,0.0,0.0,0.0,0.0,0.0,0.0,0.0,0.0,21.084622100953084,0.0,0.0,0.0,0.1699170519879487,0.0,0.0,0.0,-33.98341039758974,0.0,0.0,0.0,0.0,0.0,-132.9632791173292,5.663901732931624,0.0,0.0,0.0,0.0,-172.21121699750876,671.0563110553024,-5.663901732931624,0.0,0.0,0.0,0.0,0.0,0.0,0.0,442.7255996136278,0.0,0.0,680.4756985837429,132.9632791173292,0.0,1000.0,-322.0555051150062,0.0,1000.0,0.0,-1000.0,74.43306071631679,850.2464381812879,0.0,5.663901732931624,862.916375241165,0.0,366.7162460293421,0.0,-283.8437092472765,0.0,0.0,-406.2500000003432,406.2500000003432,0.0,-445.61360797478267,0.0,0.0,0.0,31.51702768826887,0.0,138.19920228353163,0.0,468.75,468.75,-468.75,0.0,0.0,0.0,0.0,0.0,674.7038637713094,0.0,0.0,158.45083691552156,-149.599827343104,-720.7502999803908,0.0,33.98341039758974,47.40778473942112,0.0,0.0,0.0,-192.62127426921202,0.0,0.0,0.12460583812460775,0.0,0.0,0.0,69.09960114176582,0.0,0.0,0.0,0.0,98.41052532059115,0.0,0.0,0.0,0.0,0.0,0.0,0.0,0.0,0.0,0.0,0.011327803465863248,0.011327803465863248,0.0,0.0,0.0,0.0,0.0,48.37702963354128,0.0,0.0,0.0,149.599827343104,0.0,0.0,0.0,0.0,0.0,132.9632791173292,0.0,0.0,0.0,0.0,0.0,0.0,0.0,178.64454455887972,0.0,0.0,0.0,94.81556947884224,1000.0,794.1900578443375,-734.582452658713,0.0,0.0,0.0,67.96682079517949,0.0,0.0,0.0,0.0,0.0,0.0,-67.96682079517949,0.0,94.81556947884224,0.0,0.0,0.0,0.0,0.0,0.0,0.0,0.0,0.0,0.0,-1000.0,-1000.0,777.399196389617,-167.42159122329917,133.43818082570942,0.0,951.6229703664587,0.0,0.0,0.0,0.0,0.0,0.0,0.0,0.0,0.0,0.0,0.0,0.0,0.0,0.0,0.0,0.0,0.0,-14.159754332329058,442.7255996136278,-943.2443760961341,691.3078900490563,0.0,0.0,0.0,0.0,0.0,-1.415975433232906,0.0,263.46120048475115,0.0,0.0,0.0,0.0,0.0,0.0,0.0,1000.0,33.98341039758974,33.98341039758974,0.0,0.0,0.0,0.0,23.684088946257585,0.12460583812460775,132.9632791173292,0.0,0.0,-1000.0,0.0,0.0,0.0,0.0,0.0,0.0,0.0,0.0,0.0,0.0,0.0,0.0,0.0,0.0,24.18851481677064,0.0,0.0,0.0,0.0,118.9419363915641,56.13019340813581,0.0,0.0,0.0,0.0,0.0,132.9632791173292,0.0,0.0,0.0,0.0,0.0,-14.159754332329058,0.0,0.0,0.0,0.0,0.0,0.0,0.0,0.0,0.0,0.0,0.0,0.0,0.0,0.0,0.0,0.0,0.0,0.0,-0.11327803465863247,0.0,0.0,5.663901732931624,-72.80942008998966,0.0,0.0,0.0,0.0,442.7255996136278,0.0,0.0,0.0,-690.0505038643454,2.831950866465812,0.0,0.0,0.0,0.11327803465863247,0.0,113.27803465863246,-35.11619074417607,22.655606931726496,0.8091288189902318,316.0457166975847,-0.08495852599397435,473.0381634813,2.2655606931726497,47.810639460248126,-316.0457166975847,33.98341039758974,-0.11327803465863248,107.35183503833541,0.0,0.02831950866465812,0.809128818990232,-322.0555051150062,-65.44164785707456,-2.2655606931726497,-362.6052233971716,-0.11327803465863248,0.02831950866465812,-316.0457166975847,11.327803465863248,0.11327803465863248,0.11327803465863247,-132.72539524454595,-47.28317890129662,-346.5025383021832,-0.08495852599397435,33.98341039758974,0.11327803465863248,33.98341039758974,-56.63901732931624,-0.05663901732931624,52.33339038752638,-32.525703601474966,-0.08495852599397435,-0.11327803465863248,-35.11619074417607,0.11327803465863247,11.327803465863248,-2.2655606931726497,21.084622100953084,21.084622100953084,-11.327803465863248,362.6052233971716,-21.084622100953084,22.655606931726496,0.1699170519879487,-1000.0,11.327803465863248,-40.011225512614836,0.0,-22.655606931726496,0.05663901732931624,1.1327803465863249,53.675917519167704,155.61888604905567,-0.11327803465863247,-158.45083691552156,132.72539524454595,35.11619074417607,0.11327803465863248,65.44164785707456,-135.93364159035926,0.0,-0.11327803465863247,-0.02831950866465812,0.0,-0.11327803465863248,-315.17249821315767,0.11327803465854436,-0.02831950866465812,-0.02831950866465812,-0.02831950866465812,45.31121386345299,56.63901732931624,1.1327803465863249,83.92486392771309,-0.02831950866465812,0.0,5.663901732931624,163.25015083951047,0.11327803465863247,0.05663901732931624,0.05663901732931624,-210.03499634095067,35.11619074417607,0.11327803465863247,-35.11619074417607,1.1327803465863249,0.11327803465863248,-83.92486392771309,0.11327803465863248,0.4531121386345447,-47.810639460248126,0.05663901732931624,0.02831950866465812,33.98341039758974,-0.11327803465863248,346.5025383021832,1.1327803465863249,-167.84972785542618,470.20621261483416,-11.327803465863248,22.655606931726496,5.663901732931624,-0.11327803465863248,322.0555051150062,0.1699170519879487,-0.11327803465863248,420.06999268190134,35.11619074417607,490.93370197032345,0.05663901732931624,-326.50030167902094,-0.11327803465863248,-0.11327803465854436,-0.11327803465863248,0.05663901732931624,316.0457166975847,-22.655606931726496,0.11327803465863247,107.35183503833541,-0.02831950866465812,47.28317890129662,-107.35183503833541,16.991705198794868,32.525703601474966,609.6981726986847,316.0457166975847,-0.08495852599397435,158.45083691552156,-155.61888604905567,0.11327803465863248,-0.028319508664658117,5.663901732931624,113.27803465863246,-0.05663901732931624,-0.11327803465863248,0.02831950866465812,1000.0,0.0,999.9433609826707,0.0,-334.6528848851384,0.0,-309.52823220252264,-1000.0,0.0,1000.0,839.8267653192116,-643.0559937955675,0.0,-500.0,167.3264424425692,-419.9133826596058,0.0,500.0,-132.9632791173292,-298.31242770111146,0.0,643.0559937955675,-298.31242770111146,309.52823220252264,-92.46119703901331,0.0,1496.5981,bhi
163,0.0,0.0,0.0,0.0,0.0,0.0,0.0,0.0,-0.1145552112282998,0.0,0.0,0.0,0.0,0.0,0.0,0.0,-1000.0,686.7659441597593,0.0,717.5807240994441,0.0,0.0,0.0,0.0,0.0,0.0,0.0,0.0,0.0,-282.41927590055593,74.84330861533383,-74.84330861533383,0.0,0.0,0.0,0.0,0.0,169.15984768219505,0.0,-1000.0,536.2464212963248,0.0,0.0,628.8663685172539,0.0,0.0,0.0,0.0,402.0413682326928,0.0,0.0,119.62209233213693,0.0,0.12601073235124308,0.0,0.0,0.0,22.91104224565996,0.0,0.0,72.1888212214908,0.0,1000.0,750.5135621351682,197.06821037332915,0.0,0.0,0.0,0.0,0.0,0.0,1.1455521122829981,0.0,0.0,0.0,0.0,0.0,0.0,0.0,0.0,0.0,0.0,0.0,0.0,68.73312673697988,0.0,0.0,146.2014696469032,-24.274077288255786,1000.0,-0.02863880280707495,0.0,0.0,-474.3318976895863,34.36656336848994,0.0,463.75357870367515,0.0,0.0,0.0,0.0,405.7999557251662,-1000.0,0.0,0.0,-259.13343121342115,0.0,0.0,0.0,0.0,0.0,0.0,0.0,0.0,0.0,0.0,0.0,0.0,0.0,0.0,0.0,0.0,0.0,0.0,-271.5032122249518,0.0,0.0,463.75357870367515,0.0,35.51211548077294,0.0,0.0,0.0,0.0,0.0,0.0,-1000.0,0.0,0.0,678.3247409136773,0.0,0.0,0.0,0.0,0.0,8.82075126457908,0.1145552112282998,0.0,0.0,0.0,-832.106834142719,141.0116343279937,0.0,0.0,0.0,0.0,1000.0,0.0,0.0,0.0,0.0,0.0,925.0421361734378,925.0421361734378,0.0,0.0,0.0,0.0,-831.0736519009607,0.0,0.0,1000.0,0.0,0.0,0.0,0.0,-296.6373347052605,0.0,0.0,0.0,0.0,0.0,0.0,0.0,0.0,0.0,0.0,0.0,0.0,0.0,0.0,-1000.0,0.0,0.0,0.0,0.0,0.0,0.0,-119.62209233213693,-975.7259227117443,975.7259227117443,321.67525908632274,0.0,0.0,0.0,0.0,0.0,0.0,717.5807240994441,-634.6828496364025,0.0,0.0,0.0,0.0,0.0,0.0,0.0,0.0,0.0,0.0,0.0,0.0,0.0,278.18932370139396,166.30429964123036,1000.0,0.0,0.0,0.0,0.0,-321.67525908632274,0.0,0.0,0.0,0.0,72.1888212214908,371.133631482746,74.84330861533383,0.0,0.0,0.0,0.0,0.0,0.0,0.0,78.53198641688459,0.0,429.3870153351852,0.0,-0.17183281684245344,951.2800126066459,-547.1051771642852,0.0,-1000.0,0.0,0.0,321.67525908632274,394.6024653108828,0.0,0.0,0.0,-490.03458921934384,0.0,0.0,-1000.0,0.0,0.0,-999.9999999999999,0.0,0.0,-1000.0,0.0,0.0,0.0,0.0,319.60903932695646,0.0,0.0,0.0,-994.9515373663662,0.0,994.9515373663662,0.0,1000.0,0.0,0.0,-1000.0,0.0,0.0,0.0,72.1888212214908,-0.1718328168424497,0.0,0.0,0.0,0.0,0.1145552112282998,0.0,0.0,0.0,457.7144348794402,-1000.0,0.0,-172.75562080894744,-142.08202456542298,296.6373347052605,1000.0,0.0,0.0,0.0,-259.13343121342115,0.0,0.0,0.0,-9.863203686756725,0.0,9.863203686756725,-1000.0,-1000.0,0.0,0.0,0.0,0.0,0.0,0.0,0.0,0.0,0.0,0.0,0.0,0.0,0.0,0.0,0.0,0.0,0.0,-830.3819314728917,0.0,-1000.0,0.0,0.0,0.0,0.0,0.0,0.0,258.99017143284414,0.0,0.0,0.0,0.0,400.07219516375125,0.0,-747.4231170873566,-205.7638581432906,0.0,0.0,-550.4169989253892,-790.8999048362452,0.0,-164.11179560566242,747.4231170873566,0.0,-53.701743427694055,-2.863880280707495,785.1721442748302,1000.0,0.0,-894.2298279812949,0.0,893.9991466096985,463.75357870367515,0.0,0.0,0.0,980.9140572736999,0.0,0.0,0.0,-278.18932370139396,278.18932370139396,278.18932370139396,-1000.0,0.0,0.0,-0.2291104224565996,0.0,0.0,717.5807240994441,0.0,0.0,-177.297616643341,0.0,437.5000000000004,0.0,0.0,0.0,0.0,0.0,-988.54447887717,0.2291104224566761,0.0,0.0,0.0,0.0,0.0,0.0,0.0,0.0,0.0,0.0,0.0,0.0,0.0,0.0,0.0,0.0,0.0,0.0,0.0,0.12601073235124308,0.12601073235124308,74.84330861533383,127.86875346628725,0.0,68.73312673697988,0.0,138.52131449456354,0.0,1000.0,0.0,0.0,0.0,0.0,0.0,637.9080764574826,-1000.0,0.0,0.0,224.77774126308805,0.0,0.0,0.0,0.0,0.0,0.0,0.0,0.0,0.0,0.0,90.50107074165061,-457.7144348794402,691.0951998147252,0.0,8.82075126457908,0.0,525.6681023104137,-1000.0,-1000.0,0.0,637.9080764574826,0.0,-775.5169206437508,424.8805182240634,0.0,0.0,278.18932370139396,0.0,0.0,0.0,0.0,0.0,0.0,0.0,0.0,0.0,0.0,0.0,0.0,0.0,68.73312673697988,321.67525908632274,321.67525908632274,0.0,0.0,0.0,0.0,0.0,0.0,0.0,0.0,0.0,0.0,1.1455521122829981,0.0,74.84330861533383,0.0,0.0,74.84330861533383,-119.62209233213693,0.0,0.0,463.75357870367515,-224.77774126308805,0.0,0.0,0.0,0.0,0.0,0.0,0.0,0.0,0.0,489.95115673608234,-248.6028802339721,0.0,34.36656336848994,34.36656336848994,979.4900374713119,-1000.0,0.0,0.0,0.0,0.0,0.0,0.0,0.0,1000.0,717.5807240994441,773.8858052602535,0.1145552112282998,0.0,0.0,0.0,151.2865214571454,25.78029379811001,0.0,474.3318976895863,0.0,0.0,0.0,0.0,0.0,0.0,0.0,0.0,0.0,0.0,0.0,0.0,0.0,0.0,0.1145552112282998,0.0,0.0,0.0,1000.0,-1000.0,0.0,0.0,0.0,0.0,-741.0098285671559,1000.0,0.0,0.0,-169.61806852710833,-8.591640842122485,0.0,-5.72776056141499,0.0,0.0,0.0,0.0,0.0,0.0,0.0,0.0,0.0,0.0,0.0,321.67525908632274,296.6373347052605,0.0,0.0,5.497079189818706,0.0,0.0,0.0,-0.1145552112282998,0.0,0.0,0.1145552112282998,0.0,0.1145552112282998,0.0,0.0,0.0,68.73312673697988,139.75735769852577,139.75735769852577,0.0,0.0,0.0,0.0,0.0,0.0,0.0,691.0951998147252,0.0,717.5807240994441,0.0,0.0,0.0,0.0,0.0,0.0,0.0,0.0,0.0,0.0,0.0,0.0,0.0,0.0,0.0,0.0,0.0,0.0,0.0,-456.6286140454299,456.6286140454299,0.1718328168424497,0.0,0.0,0.0,-463.75357870367515,0.0,0.0,0.0,0.0,0.0,-127.86875346628725,5.72776056141499,0.0,0.0,0.0,0.0,831.0736519009607,0.0,-5.72776056141499,0.0,437.5000000000004,0.0,0.0,0.0,0.0,0.0,321.67525908632274,0.0,224.77774126308805,637.8668442037668,-150.32057023510671,0.0,359.1265892384469,-233.35313741531115,0.0,1000.0,0.0,-1000.0,0.0,254.84510761235703,138.52131449456354,5.72776056141499,554.769716040089,0.0,0.0,-74.84330861533383,-177.297616643341,-1000.0,1000.0,218.7500000000002,-218.7500000000002,0.0,-271.4996004989739,0.0,0.0,0.0,136.46039430840972,-153.64367599265472,139.75735769852577,0.0,0.0,0.0,74.84330861533383,0.0,0.0,0.0,0.0,0.0,78.53198641688459,0.0,0.0,0.0,-151.2865214571454,0.0,0.0,34.36656336848994,0.0,0.0,0.0,0.0,-267.20259661251544,0.0,0.0,0.12601073235124308,0.0,0.0,0.0,69.87867884926288,0.0,0.0,0.0,0.0,166.30429964123036,0.0,0.0,0.0,0.0,0.0,0.0,0.0,0.0,0.0,0.0,595.8308747955688,0.01145552112282998,0.0,0.0,0.0,0.0,0.0,0.0,0.0,0.0,0.0,0.0,74.84330861533383,0.0,0.0,0.0,0.0,127.86875346628725,0.0,0.0,0.0,0.0,0.0,0.0,0.0,0.0,0.0,0.0,0.0,0.0,0.0,-1000.0,686.7659441597593,0.0,0.0,0.0,68.7331267369799,0.0,0.0,0.0,0.0,0.0,-738.7735979293674,670.0404711923875,0.0,0.0,0.0,0.0,0.0,0.0,0.0,0.0,0.0,74.84330861533383,74.84330861533383,0.0,-773.8858052602535,-1000.0,78.47031969138538,0.0,-463.75357870367515,0.0,169.15984768219505,0.0,0.0,0.0,0.0,0.0,0.0,0.0,0.0,0.0,0.0,0.0,0.0,0.0,0.0,0.0,0.0,138.52131449456354,-14.319401403537476,321.67525908632274,-408.66383600587375,145.05203515053202,0.0,0.0,0.0,0.0,0.0,-1.4319401403537477,0.0,177.297616643341,0.0,0.0,0.0,0.0,0.0,0.0,0.0,1000.0,34.36656336848994,34.36656336848994,0.0,0.0,0.0,0.0,0.0,0.12601073235124308,127.86875346628725,0.0,0.0,-169.15984768219505,595.819419274446,0.0,0.0,0.0,0.0,0.0,0.0,0.0,0.0,0.0,0.0,0.0,0.0,0.0,228.31430702271496,0.0,0.0,0.0,0.0,120.2829717897148,0.0,0.0,8.82075126457908,0.0,0.0,0.0,127.86875346628725,0.0,0.0,0.0,0.0,0.0,-14.319401403537476,0.0,0.0,0.0,0.0,0.0,0.0,0.0,0.0,0.0,0.0,0.0,0.0,0.0,0.0,0.0,0.0,0.0,0.0,-0.1145552112282998,0.0,0.0,5.72776056141499,-637.9080764574826,0.0,0.0,0.0,0.0,321.67525908632274,0.0,0.0,0.0,9.863203686756725,2.863880280707495,0.0,0.0,0.0,0.1145552112282998,0.0,114.5552112282998,-35.51211548077294,22.91104224565996,0.81825150877357,319.60903932695646,-0.08591640842122485,205.7638581432906,2.2911042245659963,-0.5727760561415778,-319.60903932695646,34.36656336848994,-0.11455521122829984,86.37781040447372,0.0,0.02863880280707495,0.81825150877357,-259.13343121342115,-18.23718962754476,72.55220439076783,-404.3466682592034,-0.1145552112282998,0.02863880280707495,-319.60903932695646,11.45552112282998,0.11455521122829984,0.1145552112282998,-127.6281875227077,0.12601073235111926,-444.49732265221763,-0.08591640842122485,34.36656336848994,0.1145552112282998,463.75357870367515,372.10940972103526,-0.0572776056141499,-37.23581492093999,310.10518275226445,-0.08591640842122485,-0.1145552112282998,-35.51211548077294,0.1145552112282998,11.45552112282998,-2.2911042245659963,0.0,0.0,-11.45552112282998,404.3466682592034,0.0,22.91104224565996,0.1718328168424497,-1000.0,11.45552112282998,-90.50107074165061,0.0,-22.91104224565996,0.0572776056141499,1.1455521122829981,43.18890520223686,-127.40952798944676,-0.1145552112282998,-153.64367599265472,127.6281875227077,35.51211548077294,0.1145552112282998,18.23718962754476,-566.8532688091448,0.0,-0.1145552112282998,-0.02863880280707495,0.0,-0.1145552112282998,-988.54447887717,0.11455521122818611,-0.02863880280707495,-0.02863880280707495,-0.02863880280707495,45.82208449131992,-372.10940972103526,1.1455521122829981,84.8710921187348,-0.02863880280707495,0.0,5.72776056141499,500.0,0.1145552112282998,0.0572776056141499,0.0572776056141499,11.45552112282998,35.51211548077294,0.1145552112282998,-35.51211548077294,1.1455521122829981,0.1145552112282998,-84.8710921187348,0.1145552112282998,0.45822084491328496,0.5727760561415778,0.0572776056141499,0.02863880280707495,34.36656336848994,-0.1145552112282998,444.49732265221763,-36.27610219538391,-169.7421842374696,202.8999778625831,-11.45552112282998,22.91104224565996,5.72776056141499,-0.1145552112282998,259.13343121342115,0.1718328168424497,-0.1145552112282998,-22.91104224565996,35.51211548077294,459.17594894822673,0.0572776056141499,-1000.0,-0.1145552112282998,-0.11455521122818611,-0.1145552112282998,0.0572776056141499,319.60903932695646,-22.91104224565996,0.1145552112282998,86.37781040447372,-0.02863880280707495,-0.12601073235111926,-86.37781040447372,17.183281684244967,-310.10518275226445,-253.52654976951294,319.60903932695646,-0.08591640842122485,153.64367599265472,127.40952798944676,0.1145552112282998,-0.028638802807074946,5.72776056141499,114.5552112282998,-0.0572776056141499,-0.1145552112282998,0.02863880280707495,1000.0,0.0,999.9427223943859,0.0,-1000.0,0.0,709.3416294505652,-235.88480758345668,0.0,-521.8169836530183,229.52803789595123,309.0575683306184,0.0,260.90849182650913,500.0,-114.76401894797561,0.0,117.94240379172834,-127.86875346628725,-191.97335233571133,0.0,-309.0575683306184,-191.97335233571133,-709.3416294505652,632.36968856844,0.0,1496.5981,bhi
164,0.0,0.0,0.0,0.0,0.0,0.0,0.0,0.0,-0.11166682470679512,0.0,0.0,0.0,0.0,0.0,0.0,0.0,0.0,382.71390150735874,0.0,0.0,0.0,0.0,0.0,321.3994430748622,0.0,0.0,0.0,0.0,0.0,-354.57153176912925,0.0,0.0,0.0,0.0,0.0,0.0,0.0,-0.44666729882725753,0.0,-1000.0,57.22982558688774,0.0,0.0,0.0,0.0,0.0,0.0,0.0,0.0,0.0,0.0,0.0,0.0,0.12283350717738671,0.0,0.0,0.0,0.0,0.0,0.0,127.16302613884088,0.0,1000.0,716.1715726347818,0.0,0.0,0.0,0.0,406.3314915350607,0.0,0.0,1.1166682470679514,0.0,0.0,0.0,0.0,0.0,0.0,0.0,0.0,0.0,0.0,-102.70146767238133,0.0,67.00009482407708,0.0,0.0,88.52635607110591,294.18754543625283,0.0,-0.02791670617669878,0.0,0.0,-903.5473838076531,33.50004741203854,0.0,33.50004741203854,-3.595671755559944,100.53232630725014,0.0,0.0,5.583341235339756,-1000.0,0.0,0.0,-298.2121493747908,0.0,0.0,0.0,0.0,0.0,0.0,0.0,0.0,0.0,0.0,0.0,0.0,0.0,0.0,0.0,0.0,0.0,0.0,-129.8780417407471,0.0,0.0,33.50004741203854,0.0,34.61671565910649,0.0,0.0,0.0,0.0,0.0,0.0,-410.99145350405905,733.2448129131036,-733.2448129131036,0.0,0.0,0.0,0.0,0.0,0.0,111.29981317480457,0.11166682470679512,0.0,0.0,0.0,-194.20711650683202,194.20711650683202,0.0,0.0,102.70146767238133,0.0,1000.0,0.0,0.0,0.0,0.0,0.0,938.5971697564203,938.5971697564203,0.0,0.0,0.0,0.0,-681.171631969133,0.0,0.0,938.7088365811271,0.0,0.0,0.0,-843.4418358926973,-126.8286522478941,0.0,0.0,0.0,0.0,0.0,0.0,0.0,0.0,0.0,-154.68053671241444,0.0,0.0,0.0,0.0,229.26120798581428,0.0,0.0,0.0,0.0,0.0,0.0,0.0,-294.18754543625283,294.18754543625283,4.659961968998346,0.0,0.0,0.0,0.0,0.0,0.0,645.4284682308707,-36.29171802970841,0.0,0.0,0.0,0.0,0.0,0.0,0.0,0.0,0.0,0.0,0.0,0.0,0.0,314.5658880980727,-955.333270117282,354.57153176912925,0.0,0.0,0.0,0.0,-4.659961968998346,0.0,0.0,0.0,0.0,127.16302613884088,354.57153176912925,0.0,0.0,0.0,0.0,0.0,0.0,0.0,0.0,0.0,22.333364941359022,0.0,0.0,-0.16750023706009642,588.2075906354455,-205.66118936514692,0.0,-354.57153176912925,0.0,0.0,410.99145350405905,0.0,0.0,0.0,0.0,-470.9655401001552,0.0,0.0,-201.79895183587587,-1000.0,0.0,798.2010481641239,0.0,1000.0,0.0,0.0,0.0,0.0,0.0,311.5504409319584,0.0,0.0,0.0,-813.3004648723572,0.0,813.3004648723572,0.0,1000.0,406.3314915350607,0.0,1000.0,0.0,0.0,0.0,127.16302613884088,-0.16750023706019265,0.0,0.0,0.0,0.0,0.11166682470679512,0.0,0.0,0.0,-262.76125539785284,0.0,0.0,-519.5121669629884,349.4567017695923,126.8286522478941,90.72987299892628,0.0,159.97389307495462,0.0,-298.2121493747908,0.0,0.0,0.0,581.4086250325928,0.0,-741.3825181075474,-1000.0,-1000.0,0.0,0.0,0.0,0.0,0.0,0.0,0.0,0.0,0.0,0.0,0.0,0.0,0.0,0.0,0.0,0.0,0.0,370.87876483963555,0.0,370.87876483963555,102.70146767238133,0.0,0.0,0.0,0.0,0.0,-111.29981317480457,0.0,100.53232630725014,0.0,0.0,0.0,0.0,931.1092094531739,-765.959256672076,0.0,-406.3314915350607,493.26334526268226,-5.583341235339756,0.0,0.0,-931.1092094531739,760.3759154367362,0.0,-2.791670617669878,0.0,0.0,0.0,0.0,-368.0976303440637,157.1936166983965,33.50004741203854,-937.5000000000078,937.5000000000078,0.0,67.94101552459426,0.0,0.0,0.0,-314.5658880980727,314.5658880980727,314.5658880980727,-1000.0,0.0,0.0,-61.51449706828652,0.0,0.0,645.4284682308707,0.0,0.0,-156.66540122637724,0.0,562.5000000000006,0.0,0.0,0.0,0.0,0.0,-988.8333175293205,0.22333364941366482,0.0,0.0,0.0,0.0,0.0,0.0,0.0,0.0,0.0,0.0,0.0,0.0,0.0,0.0,0.0,0.0,0.0,0.0,0.0,0.12283350717738671,0.12283350717738671,0.0,271.30384781999334,0.0,67.00009482407708,0.0,0.0,0.0,1000.0,0.0,294.2913929512982,0.0,0.0,0.0,1000.0,-1000.0,0.0,0.0,719.7190967862402,0.0,0.0,0.0,0.0,0.0,0.0,0.0,0.0,0.0,0.0,43.29268058024903,262.76125539785284,0.0,0.0,8.598345502423244,0.0,0.0,-903.5473838076531,-903.5473838076531,0.0,1000.0,0.0,11.166682470679511,0.0,0.0,0.0,314.5658880980727,0.0,0.0,0.0,0.0,0.0,0.0,0.0,0.0,0.0,0.0,0.0,0.0,0.0,67.00009482407708,410.99145350405905,410.99145350405905,0.0,0.0,0.0,0.0,0.0,0.0,0.0,0.0,0.0,0.0,1.1166682470679514,0.0,0.0,0.0,0.0,0.0,0.0,0.0,0.0,33.50004741203854,-719.7190967862402,0.0,0.0,0.0,0.0,0.0,0.0,0.0,0.0,0.0,363.72116963873754,0.0,0.0,33.50004741203854,33.50004741203854,1000.0,-1000.0,0.0,0.0,0.0,0.0,0.0,0.0,0.0,1000.0,645.4284682308707,826.9329071781194,0.11166682470679512,0.0,0.0,0.0,147.47199442885253,392.4090187797389,0.0,903.5473838076531,0.0,-406.3314915350607,0.0,0.0,0.0,0.0,0.0,0.0,0.0,0.0,0.0,0.0,0.0,0.0,0.11166682470679512,0.0,0.0,0.0,-69.94214854341567,69.94214854341567,0.0,0.0,0.0,0.0,-14.363158623114373,3.595671755559944,0.0,0.0,0.0,-8.375011853009635,0.0,-5.583341235339756,0.0,0.0,0.0,0.0,0.0,0.0,0.0,0.0,0.0,0.0,0.0,410.99145350405905,126.8286522478941,0.0,0.0,162.77695793373627,0.0,0.0,0.0,-0.11166682470679512,0.0,0.0,0.11166682470679512,0.0,0.11166682470679512,0.0,0.0,0.0,67.00009482407708,136.23352614229006,136.23352614229006,0.0,0.0,0.0,0.0,0.0,0.0,0.0,0.0,0.0,645.4284682308707,0.0,0.0,0.0,591.0231386398477,0.0,0.0,0.0,0.0,0.0,0.0,0.0,0.0,0.0,0.0,0.0,0.0,0.0,0.0,0.0,0.0,0.0,0.16750023706019265,0.0,0.0,0.0,-33.50004741203854,0.0,0.0,0.0,0.0,0.0,-271.30384781999334,5.583341235339756,0.0,0.0,0.0,0.0,681.171631969133,996.4043282444401,-5.583341235339756,0.0,562.5000000000006,0.0,0.0,0.0,0.0,0.0,410.99145350405905,0.0,719.7190967862402,409.38903765382474,-43.26204027807938,0.0,977.666635058641,94.19686940494813,0.0,899.4676736927498,100.53232630725014,-1000.0,102.70146767238133,-136.23352614229006,0.0,5.583341235339756,565.9957190945712,0.0,0.0,0.0,-156.66540122637724,0.0,0.0,1000.0,-1000.0,0.0,0.0,0.0,0.0,0.0,137.9305130063953,0.0,136.23352614229006,0.0,0.0,0.0,0.0,0.0,0.0,0.0,0.0,0.0,0.0,0.0,0.0,296.4288833790223,-147.47199442885253,-1000.0,0.0,33.50004741203854,0.0,0.0,0.0,0.0,7.480397023880357,0.0,0.0,0.12283350717738671,0.0,0.0,0.0,68.11676307114503,0.0,0.0,0.0,0.0,-955.333270117282,0.0,0.0,0.0,0.0,0.0,0.0,0.0,0.0,41.00790604608888,0.0,0.011166682470679512,0.011166682470679512,0.0,0.0,0.0,0.0,0.0,0.0,0.0,0.0,0.0,0.0,0.0,0.0,0.0,0.0,0.0,271.30384781999334,0.0,0.0,0.0,0.0,0.0,0.0,0.0,0.0,0.0,0.0,0.0,0.0,0.0,0.0,382.71390150735874,0.0,0.0,0.0,67.00009482407708,0.0,0.0,0.0,0.0,0.0,0.0,-67.00009482407708,0.0,0.0,0.0,0.0,0.0,0.0,0.0,0.0,0.0,0.0,0.0,0.0,-826.9329071781194,-1000.0,667.5149135640024,0.0,-33.50004741203854,0.0,-0.44666729882725753,0.0,0.0,0.0,0.0,0.0,0.0,0.0,0.0,0.0,796.875,0.0,-796.875,-796.875,0.0,0.0,0.0,0.0,-13.95835308834939,410.99145350405905,-8.375011853009635,582.6481267868381,0.0,0.0,0.0,0.0,0.0,-1.3958353088349391,0.0,259.3668688987586,0.0,0.0,0.0,0.0,0.0,0.0,0.0,1000.0,33.50004741203854,33.50004741203854,0.0,0.0,0.0,0.0,0.0,0.12283350717738671,271.30384781999334,0.0,0.0,0.44666729882725753,0.0,0.0,0.0,0.0,0.0,0.0,0.0,0.0,0.0,0.0,0.0,0.0,0.0,0.0,0.0,0.0,0.0,0.0,0.0,117.2501659421349,0.0,0.0,8.598345502423244,0.0,0.0,0.0,271.30384781999334,0.0,-1000.0,0.0,0.0,0.0,-13.95835308834939,0.0,0.0,0.0,0.0,0.0,0.0,0.0,0.0,0.0,0.0,0.0,0.0,0.0,0.0,0.0,0.0,0.0,0.0,-0.11166682470679512,0.0,0.0,5.583341235339756,-1000.0,0.0,0.0,0.0,0.0,410.99145350405905,0.0,0.0,0.0,-581.4086250325928,2.791670617669878,0.0,0.0,0.0,0.11166682470679512,0.0,111.66682470679511,-34.61671565910649,22.333364941359022,0.7976201764771079,311.5504409319584,-0.08375011853009633,5.58334123533977,2.2333364941359024,-0.5583341235340527,-311.5504409319584,33.50004741203853,-0.11166682470679512,99.40404979159693,0.0,0.02791670617669878,0.7976201764771079,-298.2121493747908,-17.77735849332296,-2.2333364941359024,-382.71390150735874,-0.11166682470679512,0.02791670617669878,-311.5504409319584,11.166682470679511,0.11166682470679512,0.11166682470679512,-271.06934748810914,0.12283350717747463,0.0,-0.08375011853009633,33.50004741203854,0.11166682470679512,33.50004741203854,-55.83341235339756,-0.05583341235339756,-403.57570125041843,-6.6183873263879605,-0.08375011853009633,-0.11166682470679512,-34.61671565910649,0.11166682470679512,11.166682470679461,-2.2333364941359024,0.0,0.0,-11.166682470679511,382.71390150735874,0.0,22.333364941359022,0.16750023706019265,-1000.0,11.166682470679511,-43.29268058024903,0.0,-22.333364941359022,0.05583341235339756,1.1166682470679514,129.8780417407471,-20.92867533672036,-0.11166682470679512,-296.4288833790223,271.06934748810914,34.61671565910649,0.11166682470679512,17.77735849332296,-134.00018964815445,0.0,-0.11166682470679512,-0.02791670617669878,0.0,-0.11166682470679512,-988.8333175293205,0.1116668247070225,-0.02791670617669878,-0.02791670617669878,-0.02791670617669878,44.666729882718045,55.83341235339756,1.1166682470679514,82.7311587546499,-0.02791670617669878,160.35203368989727,5.583341235339756,500.0,0.11166682470679512,0.05583341235339756,0.05583341235339756,-191.99906329685084,34.61671565910649,0.11166682470679512,-34.61671565910649,1.1166682470679514,0.11166682470679512,-82.7311587546499,0.11166682470679512,0.44666729882725753,0.5583341235340527,0.05583341235339756,0.02791670617669878,33.50004741203854,-0.11166682470679512,0.0,1.1166682470679512,-165.4623175092998,2.7916706176698654,-11.166682470679461,22.333364941359022,5.583341235339756,-0.11166682470679512,298.2121493747908,0.16750023706019265,-0.11166682470679512,383.99812659370167,34.61671565910649,184.49180110253306,0.05583341235339756,-1000.0,-0.11166682470679512,-0.1116668247070225,-0.11166682470679512,0.05583341235339756,311.5504409319584,-22.333364941359022,0.11166682470679512,259.7560834814942,-0.02791670617669878,-0.12283350717747463,-259.7560834814942,16.750023706019267,6.6183873263879605,346.8403840637775,311.5504409319584,-0.08375011853009633,296.4288833790223,20.92867533672036,0.11166682470679512,-0.02791670617669878,5.583341235339756,111.66682470679511,-0.05583341235339756,-0.11166682470679512,0.02791670617669878,1000.0,0.0,999.9441665876466,0.0,635.16835613653,0.0,-19.217552237609254,91.729032578928,0.0,-394.235098477017,815.5287501290985,-1000.0,0.0,197.1175492385085,-317.584178068265,-407.76437506454926,0.0,-45.864516289464,-271.30384781999334,-191.97219812641342,0.0,1000.0,-191.97219812641342,19.217552237609254,51.807977469932865,0.0,1496.5981,bhi
165,0.0,0.0,0.0,0.0,0.0,0.0,0.0,0.0,98.71218466486698,0.0,0.0,0.0,0.0,0.0,0.0,0.0,1000.0,-798.0550063935494,0.0,159.6837270409407,0.0,0.0,0.0,0.0,0.0,0.0,0.0,0.0,0.0,128.13582850966594,0.0,0.0,1000.0,0.0,0.0,0.0,0.0,999.5640362630924,0.0,-1000.0,715.8866884332884,0.0,0.0,0.0,0.0,0.0,0.0,0.0,-1000.0,0.0,0.0,159.6837270409407,0.0,0.11989002764938979,0.0,0.0,0.0,21.7981868453592,0.0,0.0,140.26994741254134,0.0,309.3352996478036,0.0,0.0,0.0,0.0,0.0,0.0,0.0,0.0,1.08990934226796,0.0,0.0,0.0,0.0,0.0,0.0,0.0,0.0,0.0,0.0,0.0,0.0,65.3945605360776,0.0,0.0,57.52726708632872,463.6216942006631,-999.8365135986598,-0.027247733556699,0.0,0.0,271.98158865823495,32.6972802680388,0.0,454.52482566132676,-771.5759094400462,0.0,0.0,0.0,5.4495467113398,-389.5529532550973,0.0,0.0,-397.93570431452133,0.0,0.0,0.0,0.0,0.0,0.0,0.0,0.0,0.0,0.0,0.0,0.0,0.0,0.0,0.0,0.0,0.0,0.0,-488.70626765156567,0.0,0.0,454.52482566132676,0.0,33.78718961030676,26.200671107455427,0.0,0.0,0.0,0.0,0.0,0.0,535.0571207126346,-535.0571207126346,-449.60524706034494,0.0,0.0,0.0,0.0,0.0,8.392301935463287,0.10899093422676742,0.0,0.0,0.0,-609.7584477516045,333.36131017122585,0.0,0.0,0.0,0.0,1000.0,0.0,0.0,0.0,0.0,0.0,999.8910090657732,999.8910090657732,0.0,0.0,0.0,0.0,1000.0,0.0,0.0,1000.0,0.0,0.0,0.0,627.2835900749176,0.0,0.0,0.0,0.0,0.0,0.0,0.0,0.0,0.0,0.0,-396.9444881240818,0.0,0.0,0.0,0.0,-724.3848905819591,0.0,0.0,0.0,0.0,0.0,0.0,-159.6837270409407,536.2148193979967,-536.2148193979967,449.60524706034494,0.0,0.0,0.0,0.0,0.0,0.0,517.6887817647632,-1000.0,0.0,0.0,0.0,0.0,0.0,0.0,0.0,0.0,0.0,0.0,0.0,0.0,0.0,0.0,311.22205356001103,31.547898531274768,0.0,0.0,0.0,0.0,-449.60524706034494,0.0,0.0,0.0,0.0,140.26994741254134,31.547898531274768,0.0,0.0,441.8918388722269,0.0,0.0,0.0,0.0,0.0,0.0,0.0,421.82754539328795,0.0,0.0,-72.59312519733362,-565.9416405566153,0.0,-31.547898531274768,0.0,0.0,449.60524706034494,817.4658776589318,0.0,0.0,0.0,-419.69727622365406,0.0,0.0,-632.186763480846,367.81323651915415,349.53584054444286,-1000.0,0.0,-18.277395974711265,999.8365135986598,0.0,1000.0,0.0,0.0,356.4860487076717,0.0,0.0,0.0,0.0,0.0,0.0,0.0,999.7820181315464,0.0,0.0,-46.08879192010431,0.0,0.0,0.0,140.26994741254134,-0.16348640134015113,0.0,0.0,0.0,0.0,0.108990934226796,0.0,0.0,0.0,269.86006492063234,1000.0,0.0,-591.5329578493413,-62.36898625125528,0.0,1000.0,0.0,0.0,0.0,-397.93570431452133,0.0,0.0,0.0,-9.38411943692705,156.14041237330784,-146.75629293638082,-1000.0,680.8215288385536,0.0,0.0,0.0,0.0,0.0,0.0,0.0,0.0,0.0,0.0,0.0,0.0,0.0,0.0,0.0,0.0,441.8918388722269,0.0,0.0,-1000.0,0.0,0.0,768.0664013579418,0.0,33.367545816537714,0.0,-8.392301935463287,0.0,0.0,0.0,0.0,0.0,0.0,-186.00855827816642,0.0,0.0,-156.14041237330784,-608.7896126724279,-247.5472802366139,0.0,0.0,186.00855827816642,-5.4495467113398,-423.49653699420674,-2.7247733556699,242.0977335252741,244.02025296351968,0.0,410.77928514079144,1000.0,-799.9774114595442,454.52482566132676,-718.7499999999369,718.7499999999369,0.0,0.0,0.0,98.82117559909378,0.0,0.0,0.0,0.0,-329.6084634066376,0.0,0.0,0.0,0.0,0.0,517.6887817647632,0.0,0.0,-169.06535223526225,0.0,0.0,170.41151409461517,0.0,0.0,0.0,0.0,-419.69990968169446,0.21798186845356798,0.0,0.0,0.0,0.0,0.0,0.0,0.0,0.0,0.0,0.0,0.0,0.0,0.0,0.0,0.0,0.0,0.0,0.0,0.0,0.11989002764938979,0.11989002764938979,0.0,22.163922378235156,0.0,65.3945605360776,0.0,0.0,0.0,374.33836966525536,0.0,0.0,0.0,0.0,0.0,1000.0,-374.33836966525536,0.0,0.0,0.0,0.0,0.0,170.41151409461517,0.0,0.0,0.0,0.0,0.0,0.0,0.0,162.90208921718855,-269.86006492063234,276.3971375803787,0.0,8.392301935463287,0.0,271.98158865823495,0.0,0.0,0.0,1000.0,0.0,0.0,580.3000903183056,0.0,0.0,0.0,0.0,0.0,0.0,0.0,0.0,0.0,0.0,0.0,0.0,0.0,0.0,0.0,0.0,65.3945605360776,449.60524706034494,449.60524706034494,0.0,0.0,0.0,0.0,0.0,0.0,0.0,0.0,0.0,0.0,1.08990934226796,0.0,0.0,0.0,0.0,0.0,-159.6837270409407,0.0,0.0,454.52482566132676,0.0,0.0,0.0,0.0,0.0,0.0,0.0,0.0,0.0,0.0,828.5829529500649,0.0,0.0,32.6972802680388,32.6972802680388,275.52278815661873,-374.33836966525536,0.0,170.41151409461517,0.0,0.0,0.0,0.0,0.0,1000.0,517.6887817647632,903.3708811367258,0.10899093422676742,0.0,0.0,0.0,39.13541435012338,623.8285010526517,0.0,-271.98158865823495,0.0,0.0,0.0,0.0,0.0,0.0,0.0,0.0,0.0,0.0,0.0,0.0,0.0,0.0,0.10899093422676742,0.0,0.0,0.0,-582.8705901846498,582.8705901846498,0.0,0.0,0.0,0.0,0.0,759.6740994224785,0.0,0.0,-1000.0,-8.174320067009702,-5.4495467113398,0.0,0.0,-968.75,-968.75,968.75,0.0,0.0,0.0,0.0,0.0,0.0,0.0,449.60524706034494,0.0,0.0,0.0,-383.7485796074129,0.0,0.0,0.0,98.71218466486698,0.0,0.0,0.108990934226796,0.0,0.10899093422674032,0.0,0.0,0.0,65.3945605360776,132.96893975669113,132.96893975669113,0.0,0.0,0.0,0.0,0.0,0.0,0.0,276.3971375803787,0.0,517.6887817647632,0.0,0.0,0.0,0.0,0.0,0.0,0.0,0.0,0.0,0.0,0.0,0.0,0.0,0.0,0.0,0.0,0.0,0.0,0.0,0.0,0.0,0.16348640134015113,0.0,0.0,0.0,-454.52482566132676,0.0,0.0,0.0,0.0,0.0,-22.163922378235156,5.4495467113398,0.0,0.0,0.0,0.0,-1000.0,-787.6558712015757,0.0,0.0,0.0,0.0,0.0,0.0,0.0,0.0,449.60524706034494,0.0,0.0,1000.0,22.163922378235156,0.0,-710.8533450650318,225.89279673813041,0.0,-796.0481731370389,0.0,796.0481731370389,0.0,684.4969379022407,0.0,5.4495467113398,1000.0,0.0,63.167693284591195,0.0,-169.06535223526225,0.0,0.0,0.0,0.0,0.0,0.0,0.0,0.0,0.0,388.77016805707206,-8.174320067009262,132.96893975669113,0.0,0.0,0.0,0.0,0.0,0.0,0.0,0.0,0.0,0.0,0.0,0.0,38.512562512254576,-39.13541435012338,-179.36031500711067,0.0,32.6972802680388,0.0,0.0,0.0,0.0,-20.836117667155065,0.0,0.0,0.11989002764938979,0.0,0.0,0.0,66.48446987834556,0.0,0.0,0.0,0.0,311.22205356001103,0.0,0.0,0.0,0.0,0.0,0.0,0.0,0.0,-448.599714105025,0.0,0.0108990934226796,0.0108990934226796,0.0,0.0,0.0,0.0,0.0,0.0,0.0,0.0,0.0,0.0,0.0,0.0,0.0,0.0,0.0,22.163922378235156,0.0,0.0,0.0,0.0,0.0,0.0,0.0,0.0,0.0,0.0,0.0,0.0,1000.0,1000.0,-798.0550063935494,0.0,0.0,0.0,65.3945605360776,0.0,0.0,0.0,0.0,0.0,0.0,-65.3945605360776,0.0,0.0,0.0,0.0,0.0,0.0,0.0,0.0,0.0,0.0,0.0,0.0,649.5754471266906,-389.5529532550973,74.65878994535527,0.0,-454.52482566132676,0.0,999.5640362630924,0.0,0.0,0.0,0.0,0.0,0.0,0.0,0.0,0.0,984.375,0.0,-984.375,-984.375,0.0,0.0,0.0,0.0,-13.623866778349502,449.60524706034494,-8.174320067009702,0.0,0.0,0.0,0.0,0.0,0.0,-1.3623866778349503,0.0,169.06535223526225,0.0,0.0,0.0,0.0,0.0,0.0,0.0,872.1247994248628,32.6972802680388,32.6972802680388,0.0,0.0,0.0,0.0,0.0,0.11989002764938979,22.163922378235156,0.0,0.0,-999.5640362630924,0.0,0.0,0.0,0.0,0.0,0.0,0.0,0.0,0.0,0.0,0.0,0.0,0.0,0.0,0.0,0.0,0.0,26.200671107455427,0.0,114.4404809381358,8.392301935463287,0.0,0.0,0.0,0.0,0.0,22.163922378235156,0.0,778.6968164081314,0.0,0.0,0.0,-13.623866778349502,0.0,0.0,0.0,0.0,0.0,0.0,0.0,0.0,0.0,0.0,0.0,0.0,0.0,0.0,0.0,0.0,0.0,0.0,-0.10899093422674032,0.0,0.0,5.4495467113398,-1000.0,0.0,0.0,0.0,0.0,449.60524706034494,0.0,0.0,0.0,9.38411943692705,2.7247733556699,0.0,0.0,0.0,0.108990934226796,0.0,108.990934226796,-7.586518502851334,21.7981868453592,0.7785066730485429,356.4860487076717,-0.08174320067009701,5.4495467113398,2.17981868453592,-0.5449546711344055,-356.4860487076717,32.6972802680388,-0.10899093422679601,132.64523477150712,170.41151409461517,0.027247733556699,0.7785066730485429,-397.93570431452133,-17.35135672890749,-2.17981868453592,-361.62872064739133,-0.10899093422679601,0.027247733556699003,-356.4860487076717,10.8990934226796,0.10899093422679601,0.108990934226796,-21.93504141635897,0.11989002764947561,0.0,-0.08174320067009701,32.6972802680388,0.10899093422679601,454.52482566132676,367.33207827988997,-0.054495467113398,-204.12859137095734,438.5971627034385,-0.08174320067009701,-0.10899093422679601,-7.586518502851334,0.108990934226796,10.899093422679584,-2.17981868453592,0.0,0.0,-10.8990934226796,361.62872064739133,0.0,21.7981868453592,0.16348640134019402,-1000.0,10.8990934226796,-162.90208921718855,170.41151409461517,-21.7981868453592,0.054495467113398,1.08990934226796,147.88323946233533,43.962109223594354,-0.108990934226796,-46.68688257926384,21.93504141635897,33.78718961030676,0.10899093422679601,17.35135672890749,-382.2051523708279,170.41151409461517,-0.108990934226796,-0.027247733556699,-170.41151409461517,-0.10899093422679601,-419.69990968169446,0.10899093422662548,-0.027247733556699,-0.027247733556699,-0.027247733556699,43.5963736907184,-367.33207827988997,1.08990934226796,80.74865839527959,-0.027247733556699003,163.12124415316353,5.4495467113398,215.29950155218702,0.108990934226796,0.054495467113398,0.054495467113398005,96.10485046998718,7.586518502851334,0.108990934226796,-7.586518502851334,1.08990934226796,0.10899093422679601,-80.74865839527959,0.10899093422679601,0.4359637369076243,0.5449546711344055,0.054495467113398,0.027247733556699,32.6972802680388,-0.10899093422679601,0.0,1.08990934226796,-161.49731679055918,2.7247733556699005,-10.899093422679584,21.7981868453592,5.4495467113398,-0.10899093422679601,397.93570431452133,0.16348640134019402,-0.10899093422679601,-192.20970093997437,7.586518502851334,296.86645276695316,0.054495467113398005,-430.59900310437405,-0.10899093422679601,-0.10899093422662548,-0.10899093422679601,0.054495467113398005,356.4860487076717,-21.7981868453592,0.108990934226796,295.76647892467065,-0.027247733556699,-0.11989002764947561,-295.76647892467065,16.348640134019398,-438.5971627034385,-226.0166716356177,356.4860487076717,-0.08174320067009701,46.68688257926384,-43.962109223594354,0.10899093422679601,-0.027247733556699003,5.4495467113398,108.990934226796,-0.054495467113398,-0.10899093422679601,0.027247733556699003,735.3919987610959,0.0,999.9455045328866,0.0,-1000.0,0.0,369.5664633312297,-776.5159029082818,0.0,-1000.0,81.917479823148,965.4522958000514,0.0,500.0,500.0,-40.958739911574,0.0,388.2579514541409,-22.163922378235156,-276.0303350997981,0.0,-965.4522958000514,-276.0303350997981,-369.5664633312297,370.436261139689,0.0,1496.5981,bhi
166,0.0,0.0,0.0,0.0,0.0,0.0,0.0,0.0,-0.09694721551853143,0.0,0.0,0.0,0.0,0.0,0.0,0.0,-511.9188379309113,337.2607745156324,0.0,-32.32806032962901,0.0,0.0,0.0,0.0,0.0,0.0,0.0,0.0,0.0,-1000.0,0.0,0.0,0.0,0.0,0.0,0.0,0.0,-72.00809476773965,0.0,-1000.0,188.09629696612666,0.0,0.0,511.9188379309113,0.0,0.0,0.0,25.253711466690355,1000.0,-37.37177208344019,0.0,0.0,0.0,0.10664193707030824,0.0,0.0,0.0,44.64315457039664,0.0,0.0,46.49158764326353,0.0,-881.4033703734781,-1000.0,0.0,0.0,0.0,0.0,671.0767743601772,-671.0767743601772,0.0,0.9694721551853143,0.0,0.0,0.0,0.0,0.0,0.0,0.0,0.0,0.0,0.0,0.0,0.0,58.16832931111885,0.0,0.0,-475.71993451614014,0.0,600.6301837563943,-0.024236803879632857,0.0,0.0,0.0,29.084164655559427,0.0,930.1838578734389,0.0,0.0,0.0,0.0,4.847360775926571,-1000.0,0.0,0.0,-407.3385259546621,0.0,0.0,0.0,0.0,0.0,0.0,0.0,0.0,0.0,0.0,0.0,0.0,0.0,0.0,0.0,0.0,0.0,0.0,-335.4212950197387,0.0,0.0,930.1838578734389,0.0,30.053636810744738,0.0,0.0,0.0,0.0,0.0,0.0,0.0,0.0,0.0,-165.0882172697855,0.0,0.0,0.0,0.0,0.0,7.464935594926915,0.09694721551853143,0.0,0.0,0.0,0.0,0.0,0.0,0.0,0.0,0.0,1000.0,0.0,0.0,0.0,0.0,0.0,999.9030527844815,999.9030527844815,0.0,0.0,0.0,-718.75,0.0,0.0,0.0,1000.0,0.0,0.0,0.0,-286.5814932265871,-88.06331330132353,0.0,0.0,0.0,0.0,0.0,0.0,0.0,0.0,0.0,0.0,0.0,0.0,0.0,0.0,-1000.0,0.0,0.0,0.0,0.0,0.0,37.37177208344019,0.0,88.56592500220518,-88.56592500220518,0.0,0.0,0.0,0.0,0.0,0.0,0.0,0.0,-955.1417324118713,0.0,0.0,0.0,0.0,0.0,0.0,0.0,0.0,0.0,0.0,0.0,0.0,0.0,0.0,96.18885630367379,511.9188379309113,0.0,0.0,0.0,165.0882172697855,0.0,0.0,0.0,0.0,0.0,46.49158764326353,0.0,0.0,0.0,0.0,0.0,0.0,0.0,0.0,0.0,331.6132661202322,0.0,901.0996932178795,0.0,88.56592500220518,0.0,612.845990486065,0.0,-511.9188379309113,0.0,0.0,165.0882172697855,0.0,0.0,0.0,0.0,-46.11418325221733,0.0,0.0,-535.6954634444337,-907.8704625598986,0.0,372.17499911546486,0.0,907.8704625598986,88.56592500220518,0.0,-130.78142629565127,37.37177208344019,0.0,270.48273129670264,0.0,0.0,0.0,0.0,0.0,0.0,0.0,999.806105568963,0.0,165.0882172697855,-693.1076690568702,-718.75,0.0,0.0,46.49158764326353,-0.14542082327779712,0.0,0.0,0.0,0.0,0.09694721551853143,0.0,0.0,0.0,-261.7971239936711,-511.9188379309113,0.0,-395.4439413624303,-707.3314648213071,88.06331330132353,1000.0,0.0,0.0,0.0,-407.3385259546621,0.0,0.0,0.0,247.78089722552056,0.0,-247.78089722552056,-915.3022044703608,-1000.0,0.0,0.0,0.0,0.0,0.0,0.0,0.0,0.0,0.0,0.0,0.0,0.0,0.0,0.0,0.0,0.0,0.0,-1000.0,0.0,-928.3796940943341,0.0,0.0,328.49156578053663,0.0,0.0,0.0,-339.07820171515914,0.0,0.0,0.0,0.0,0.0,0.0,0.0,-4.847360775926571,-2.4236803879632856,-671.0767743601772,-110.73686212926918,0.0,0.0,-138.88658095184803,0.0,0.0,561.2974395264765,0.0,-4.847360775926571,172.34965069310317,0.0,-309.0036467892153,606.9057361159274,-84.18847783740114,930.1838578734389,781.2500000000528,-781.2500000000528,0.0,0.0,0.0,0.0,0.0,0.0,0.0,0.0,255.17825596997267,0.0,0.0,0.0,0.0,0.0,0.0,0.0,0.0,-72.10504198325818,0.0,0.0,118.28015483956555,0.0,0.0,0.0,0.0,-833.9950015697651,0.1938944310369554,0.0,0.0,0.0,0.0,0.0,0.0,0.0,0.0,0.0,0.0,0.0,0.0,0.0,0.0,0.0,0.0,0.0,0.0,0.0,0.10664193707030824,0.10664193707030824,0.0,376.89748472698557,0.0,58.16832931111885,0.0,0.0,0.0,1000.0,0.0,0.0,0.0,0.0,0.0,1000.0,-1000.0,0.0,0.0,650.0546396492223,0.0,0.0,118.28015483956555,0.0,0.0,0.0,0.0,0.0,0.0,0.0,111.8070983399129,261.7971239936711,0.0,0.0,7.464935594926915,0.0,0.0,0.0,0.0,0.0,1000.0,0.0,1000.0,-833.9950015697651,0.0,0.0,0.0,0.0,0.0,0.0,0.0,0.0,0.0,0.0,0.0,0.0,0.0,0.0,0.0,0.0,58.16832931111885,165.0882172697855,165.0882172697855,0.0,0.0,0.0,0.0,0.0,0.0,0.0,0.0,0.0,0.0,0.9694721551853143,0.0,0.0,0.0,0.0,0.0,0.0,0.0,0.0,930.1838578734389,-650.0546396492223,0.0,0.0,0.0,0.0,0.0,0.0,0.0,0.0,0.0,266.01666846455623,0.0,0.0,29.084164655559427,29.084164655559427,1000.0,-1000.0,0.0,118.28015483956555,0.0,0.0,0.0,0.0,0.0,915.3022044703608,0.0,1000.0,0.09694721551853143,0.0,0.0,128.03264769443766,0.0,19.317949660440945,0.0,0.0,0.0,0.0,0.0,0.0,0.0,0.0,0.0,0.0,0.0,0.0,0.0,0.0,0.0,0.0,0.09694721551853143,0.0,0.0,0.0,-656.2499999999997,656.2499999999997,0.0,0.0,0.0,0.0,-10.586635934622507,0.0,0.0,0.0,71.62030590566582,-7.2710411638898576,0.0,-4.8473607759265755,0.0,-843.75,-843.75,843.75,0.0,0.0,0.0,0.0,0.0,0.0,0.0,165.0882172697855,88.06331330132353,0.0,0.0,-388.34476385068984,0.0,0.0,0.0,-0.09694721551853143,0.0,0.0,0.09694721551853143,0.0,0.09694721551853143,0.0,0.0,0.0,58.16832931111885,118.27560293260832,118.27560293260832,0.0,0.0,0.0,0.0,0.0,0.0,0.0,0.0,0.0,0.0,0.0,0.0,256.12805248166603,0.0,0.0,0.0,0.0,0.0,0.0,0.0,0.0,0.0,0.0,0.0,0.0,0.0,0.0,0.0,0.0,0.0,0.0,0.14542082327779712,0.0,0.0,0.0,-930.1838578734389,0.0,0.0,0.0,0.0,0.0,-376.89748472698557,4.847360775926571,0.0,0.0,0.0,718.75,0.0,-347.13503137978176,-4.8473607759265755,0.0,0.0,0.0,0.0,0.0,0.0,0.0,165.0882172697855,0.0,650.0546396492223,197.64208323322094,376.89748472698557,0.0,56.97666952794511,-388.0205762942211,0.0,-675.6265971603184,0.0,675.6265971603184,0.0,-118.27560293260832,0.0,4.8473607759265755,623.2049521656751,0.0,0.0,0.0,-72.10504198325818,0.0,0.0,0.0,0.0,0.0,0.0,0.0,0.0,0.0,-14.542082327779724,0.0,118.27560293260832,0.0,0.0,0.0,0.0,0.0,0.0,0.0,0.0,0.0,331.6132661202322,0.0,0.0,398.7106082186551,-128.03264769443766,1000.0,0.0,29.084164655559427,0.0,0.0,0.0,0.0,-101.92908109894316,0.0,0.0,0.10664193707030824,0.0,0.0,0.0,59.13780146630416,0.0,0.0,0.0,0.0,96.18885630367379,0.0,0.0,0.0,0.0,0.0,0.0,0.0,0.0,-351.74295734068636,0.0,0.00969472155185342,0.00969472155185342,0.0,0.0,0.0,0.0,0.0,0.0,0.0,0.0,0.0,128.03264769443766,0.0,0.0,0.0,0.0,0.0,376.89748472698557,0.0,0.0,0.0,0.0,0.0,0.0,0.0,37.37177208344019,0.0,0.0,0.0,0.0,0.0,-186.94716248710284,337.2607745156324,0.0,0.0,0.0,58.16832931111884,0.0,0.0,0.0,0.0,0.0,-965.33773923736,907.1694099262411,0.0,0.0,0.0,0.0,0.0,0.0,0.0,0.0,0.0,0.0,0.0,0.0,-1000.0,-1000.0,322.5368951118601,-1000.0,69.81614212656109,0.0,-72.00809476773965,0.0,0.0,0.0,0.0,0.0,0.0,0.0,0.0,0.0,0.0,0.0,0.0,0.0,0.0,0.0,0.0,0.0,-12.118401939816433,165.0882172697855,-7.2710411638898576,248.85701131777614,0.0,0.0,0.0,0.0,0.0,-1.2118401939816428,0.0,72.10504198325818,0.0,0.0,0.0,0.0,0.0,0.0,0.0,1000.0,29.084164655559427,29.084164655559427,0.0,0.0,0.0,0.0,0.0,0.10664193707030824,376.89748472698557,0.0,0.0,72.00809476773965,0.0,0.0,0.0,0.0,0.0,0.0,0.0,0.0,0.0,0.0,0.0,0.0,0.0,0.0,0.0,0.0,0.0,0.0,0.0,101.794576294458,7.464935594926915,0.0,0.0,0.0,0.0,0.0,376.89748472698557,0.0,675.6265971603184,0.0,0.0,0.0,-12.118401939816433,0.0,0.0,0.0,0.0,0.0,0.0,0.0,0.0,0.0,0.0,0.0,0.0,0.0,0.0,0.0,0.0,0.0,0.0,-0.09694721551853143,0.0,0.0,4.847360775926571,-1000.0,0.0,0.0,0.0,0.0,165.0882172697855,0.0,0.0,0.0,-247.78089722552056,2.4236803879632856,0.0,0.0,0.0,0.09694721551853143,0.0,96.94721551853142,-30.053636810744738,19.389443103706284,0.6924801108466531,270.48273129670264,-0.07271041163889856,4.847360775926571,1.9389443103706285,-0.48473607759236464,-270.48273129670264,29.084164655559427,-0.09694721551853143,135.77950865155404,118.28015483956555,0.024236803879632857,0.6924801108466531,-407.3385259546621,-15.433996710549195,-1.9389443103706285,206.9861237449079,-0.09694721551853143,0.024236803879632857,-270.48273129670264,9.694721551853142,0.09694721551853143,0.09694721551853143,-376.6938955743967,0.10664193707038486,0.0,-0.07271041163889856,29.084164655559427,0.09694721551853143,930.1838578734389,852.6260854586137,-0.048473607759265715,-185.32294809067582,-9.791668767371673,-0.07271041163889856,-0.09694721551853143,-30.053636810744738,0.09694721551853143,9.69472155185315,-1.9389443103706285,0.0,0.0,-9.694721551853142,-206.9861237449079,0.0,19.389443103706284,0.14542082327779712,158.44836130600174,9.694721551853142,-111.8070983399129,118.28015483956555,-19.389443103706284,0.048473607759265715,0.9694721551853143,98.86098534060757,396.28692783069187,-0.09694721551853143,-398.7106082186551,376.6938955743967,30.053636810744738,0.09694721551853143,15.433996710549195,-899.1561970005524,118.28015483956555,-0.09694721551853143,-0.024236803879632857,-118.28015483956555,-0.09694721551853143,-833.9950015697651,0.09694721551853143,-0.024236803879632857,-0.024236803879632857,-0.024236803879632857,38.77888620741257,-852.6260854586137,0.9694721551853143,71.8257682972907,-0.024236803879632857,61.9424620296611,4.847360775926571,421.84486156080914,0.09694721551853143,0.048473607759265715,0.048473607759265715,-13.709309663256832,30.053636810744738,0.09694721551853143,-30.053636810744738,0.9694721551853143,0.09694721551853143,-71.8257682972907,0.09694721551853143,0.3877888620738328,0.48473607759236464,0.048473607759265715,0.024236803879632857,29.084164655559427,-0.09694721551853143,0.0,0.9694721551853143,-143.6515365945814,2.4236803879632864,-9.69472155185315,19.389443103706284,4.847360775926571,-0.09694721551853143,407.3385259546621,0.14542082327779712,-0.09694721551853143,27.418619326513664,30.053636810744738,231.61924819697833,0.048473607759265715,-843.6897231216183,-0.09694721551853143,-0.09694721551853143,-0.09694721551853143,0.048473607759265715,270.48273129670264,-19.389443103706284,0.09694721551853143,197.72197068121514,-0.024236803879632857,-0.10664193707038486,-197.72197068121514,14.542082327779713,9.791668767371673,-1000.0,270.48273129670264,-0.07271041163889856,398.7106082186551,-396.28692783069187,0.09694721551853143,-0.02423680387963286,4.8473607759265755,96.94721551853142,-0.048473607759265715,-0.09694721551853143,0.024236803879632857,847.1691093367594,0.0,-847.6929436723606,0.0,-1000.0,0.0,533.4189913686814,-390.1631097571806,0.0,1000.0,113.45287722054218,-76.36611263165139,-689.1961087585995,-500.0,500.0,-56.72643861027107,0.0,195.0815548785903,-376.89748472698557,-129.69016709803518,689.1961087585995,76.36611263165139,-129.69016709803518,-533.4189913686814,711.4402334086903,0.0,1496.5981,bhi
167,0.0,0.0,0.0,0.0,0.0,0.0,0.0,0.0,-0.1016267734194955,0.0,0.0,0.0,0.0,0.0,0.0,0.0,1000.0,217.71944225511493,0.0,-1000.0,0.0,0.0,0.0,643.2209115865647,0.0,0.0,0.0,0.0,0.0,-1000.0,62.269834231837535,-62.269834231837535,0.0,0.0,0.0,0.0,0.0,953.5017070393756,0.0,-1000.0,850.5188624522431,0.0,-606.1371672116957,-606.1371672116957,0.0,0.0,0.0,0.0,0.0,0.0,0.0,0.0,0.0,0.11178945076125674,0.0,0.0,0.0,20.3253546838991,0.0,0.0,85.29234253255842,0.0,0.0,-259.70431283438296,652.5669677727453,0.0,0.0,0.0,216.57308633615935,-216.57308633615935,0.0,1.016267734194955,0.0,0.0,0.0,0.0,0.0,0.0,0.0,0.0,0.0,0.0,-70.58156352287128,0.0,60.97606405169731,0.0,0.0,-302.99236352578316,-515.1561607077983,-181.69903560628916,-0.025406693354873874,0.0,0.0,386.4758555167233,30.488032025848653,0.0,30.48803202584861,-65.54221633594307,0.0,0.0,0.0,5.081338670974775,-1000.0,0.0,0.0,-200.27359926861325,599.4528014627736,0.0,0.0,0.0,0.0,0.0,0.0,0.0,0.0,0.0,0.0,0.0,0.0,0.0,0.0,0.0,0.0,0.0,-932.7137872663856,0.0,0.0,30.48803202584861,0.0,31.504299760043605,0.0,0.0,-1000.0,906.2499999996953,93.75000000030474,-93.75000000030475,-344.9966553669414,0.0,0.0,0.0,0.0,0.0,0.0,0.0,0.0,78.40682507617242,0.10162677341949551,0.0,0.0,0.0,-1000.0,-74.91176564461877,0.0,0.0,0.0,0.0,481.27955634263594,0.0,0.0,0.0,0.0,0.0,446.3670091570714,446.3670091570714,0.0,0.0,0.0,968.75,0.0,0.0,0.0,508.73847016232844,0.0,0.0,0.0,0.0,0.0,0.0,0.0,0.0,0.0,0.0,0.0,0.0,0.0,0.0,-1000.0,0.0,0.0,0.0,0.0,-1000.0,0.0,0.0,0.0,0.0,0.0,0.0,606.1371672116957,696.8551963140875,-696.8551963140875,344.9966553669414,0.0,0.0,0.0,0.0,0.0,0.0,0.0,-12.703346677436938,0.0,0.0,0.0,0.0,0.0,0.0,0.0,0.0,0.0,0.0,0.0,0.0,0.0,328.7003908094286,105.39979767046742,-606.1371672116957,0.0,0.0,0.0,0.0,-344.9966553669414,0.0,0.0,0.0,0.0,85.29234253255842,0.0,62.269834231837535,0.0,0.0,0.0,0.0,0.0,0.0,0.0,0.0,0.0,0.0,0.0,818.1485242335815,-1000.0,1000.0,0.0,606.1371672116957,0.0,0.0,344.9966553669414,-51.59746794393314,0.0,0.0,0.0,-135.61947580874778,0.0,0.0,-527.7372846545202,-124.8843596717321,-124.8843596717321,-402.85292498278807,0.0,0.0,181.69903560628916,0.0,217.5670020949857,0.0,0.0,283.53869784039244,0.0,0.0,0.0,-74.68924628411477,0.0,74.68924628411477,0.0,766.0573697572524,0.0,0.0,0.0,968.75,0.0,0.0,85.29234253255842,-0.15244016012924325,0.0,0.0,0.0,0.0,0.10162677341949551,0.0,0.0,0.0,969.5119679741514,1000.0,0.0,-133.51573284574215,-89.01152607151937,0.0,615.4017839725689,0.0,-281.7879689756348,0.0,-200.27359926861325,0.0,0.0,0.0,326.9907260453239,-1000.0,954.7972429303109,-863.1101895235084,-1000.0,0.0,0.0,0.0,0.0,0.0,0.0,0.0,0.0,0.0,0.0,0.0,0.0,0.0,0.0,0.0,0.0,0.0,-46.091785866946424,0.0,-1000.0,0.0,0.0,0.0,0.0,0.0,0.0,-16.13699084433489,0.0,70.58156352287128,0.0,0.0,0.0,0.0,-656.25,106.02489055131764,0.0,783.4269136638407,0.0,-1000.0,-656.6894676718283,-770.6890169045756,656.25,-111.10622922229241,1000.0,-2.5406693354873875,994.9186613290252,0.0,0.0,-1000.0,-967.0329705127335,638.9319041156581,30.48803202584861,-843.6875000000109,843.6875000000109,0.0,699.0709736659956,0.0,0.0,0.0,-328.7003908094286,328.7003908094286,328.7003908094286,-902.4177814937393,0.0,0.0,-257.52215314176294,0.0,0.0,0.0,0.0,0.0,-174.41197030182454,0.0,0.0,265.6051105055229,0.0,0.0,0.0,0.0,-400.54719853722645,0.2032535468390228,0.0,0.0,0.0,0.0,0.0,0.0,0.0,0.0,0.0,0.0,0.0,0.0,0.0,0.0,0.0,0.0,0.0,0.0,0.0,0.11178945076125674,0.11178945076125674,62.269834231837535,0.0,0.0,60.97606405169731,0.0,0.0,0.0,1000.0,0.0,663.3660833217608,0.0,0.0,0.0,-149.59643854193558,-1000.0,0.0,0.0,0.0,0.0,0.0,265.6051105055229,0.0,0.0,0.0,0.0,0.0,0.0,0.0,310.90459575546186,-969.5119679741514,475.45896418184526,0.0,7.8252615533011465,0.0,386.4758555167233,0.0,0.0,0.0,-149.59643854193558,0.0,370.57943527305076,-920.7230723522129,0.0,0.0,328.7003908094286,0.0,0.0,0.0,0.0,0.0,0.0,0.0,0.0,0.0,0.0,0.0,0.0,0.0,60.97606405169731,344.9966553669414,344.9966553669414,0.0,0.0,0.0,0.0,0.0,0.0,0.0,0.0,0.0,0.0,1.016267734194955,0.0,62.269834231837535,0.0,0.0,62.269834231837535,606.1371672116957,0.0,0.0,30.48803202584861,0.0,0.0,0.0,0.0,0.0,0.0,0.0,0.0,0.0,0.0,1000.0,-526.1138116446168,0.0,30.488032025848653,30.488032025848653,1000.0,-1000.0,0.0,265.6051105055229,0.0,0.0,0.0,0.0,0.0,863.1101895235084,0.0,1000.0,0.10162677341949551,0.0,0.0,0.0,134.2126724109323,0.0,0.0,-386.4758555167233,0.0,0.0,0.0,0.0,0.0,0.0,0.0,0.0,0.0,0.0,0.0,0.0,0.0,0.0,0.10162677341949551,0.0,0.0,0.0,0.0,0.0,0.0,0.0,0.0,0.0,0.0,54.44457267853639,0.0,0.0,-953.9082141330535,-7.622008006462163,-5.081338670974775,0.0,0.0,-781.25,-781.2499999999999,781.25,0.0,0.0,0.0,0.0,0.0,0.0,0.0,344.9966553669414,0.0,0.0,0.0,-355.9867572133671,0.0,0.0,0.0,-0.10162677341949551,0.0,0.0,0.10162677341949551,0.0,0.10162677341949551,0.0,0.0,0.0,60.97606405169731,123.98466357178452,123.98466357178452,0.0,0.0,0.0,0.0,0.0,0.0,70.58156352287128,475.45896418184526,0.0,0.0,0.0,0.0,335.7407912367423,0.0,0.0,0.0,0.0,0.0,0.0,0.0,0.0,0.0,0.0,0.0,0.0,0.0,0.0,0.0,0.0,-736.2492660878086,736.2492660878086,0.15244016012924325,0.0,0.0,0.0,-30.48803202584861,0.0,0.0,0.0,0.0,0.0,0.0,5.081338670974775,0.0,0.0,0.0,-968.75,0.0,16.13699084433489,0.0,0.0,0.0,0.0,0.0,0.0,0.0,0.0,344.9966553669414,0.0,0.0,146.75778845968503,-328.7003908094286,0.0,1000.0,-200.27359926861325,0.0,0.0,70.58156352287128,-70.58156352287128,0.0,-175.58213151571766,0.0,5.081338670974775,1000.0,0.0,394.98261757221303,-62.269834231837535,-174.41197030182454,0.0,0.0,0.0,0.0,0.0,0.0,0.0,0.0,0.0,984.7559839870756,0.0,123.98466357178452,0.0,93.75,93.75,-31.480165768162465,0.0,0.0,0.0,0.0,0.0,0.0,0.0,0.0,22.86602401938652,-134.2126724109323,0.0,-606.1371672116957,30.48803202584861,0.0,0.0,0.0,0.0,-237.47850335448186,0.0,0.0,0.11178945076125674,0.0,0.0,0.0,61.99233178589226,0.0,0.0,0.0,0.0,105.39979767046742,0.0,599.4528014627736,0.0,0.0,0.0,0.0,0.0,0.0,0.0,0.0,0.01016267734194955,0.01016267734194955,0.0,0.0,0.0,0.0,0.0,0.0,0.0,0.0,0.0,0.0,62.269834231837535,0.0,0.0,0.0,0.0,0.0,0.0,0.0,0.0,0.0,0.0,0.0,0.0,0.0,0.0,0.0,0.0,0.0,823.7041693066814,1000.0,217.71944225511493,0.0,0.0,0.0,60.97606405169731,0.0,0.0,0.0,0.0,0.0,0.0,-60.97606405169731,0.0,0.0,0.0,0.0,0.0,0.0,0.0,0.0,0.0,62.269834231837535,62.269834231837535,0.0,-1000.0,-1000.0,405.35513102909675,0.0,-30.48803202584861,0.0,953.5017070393756,0.0,0.0,0.0,0.0,0.0,0.0,0.0,0.0,0.0,0.0,0.0,0.0,0.0,0.0,0.0,0.0,0.0,-12.703346677436938,344.9966553669414,-7.622008006462163,328.11878323028014,0.0,0.0,0.0,0.0,0.0,-432.83118561554124,431.5608509477976,174.41197030182454,0.0,0.0,0.0,0.0,0.0,0.0,0.0,1000.0,30.488032025848653,30.488032025848653,0.0,0.0,0.0,0.0,0.0,0.11178945076125674,0.0,0.0,0.0,-953.5017070393756,0.0,0.0,0.0,0.0,0.0,0.0,0.0,0.0,0.0,0.0,0.0,0.0,0.0,0.0,368.1246330439043,0.0,0.0,0.0,0.0,106.70811209047028,78.40682507617242,0.0,0.0,0.0,0.0,0.0,0.0,0.0,-86.76054585125273,0.0,0.0,0.0,-12.703346677436938,0.0,0.0,0.0,0.0,0.0,0.0,0.0,0.0,0.0,0.0,0.0,0.0,0.0,0.0,0.0,0.0,0.0,0.0,-0.10162677341949551,0.0,0.0,5.081338670974775,149.59643854193558,0.0,0.0,0.0,0.0,344.9966553669414,0.0,0.0,0.0,-326.9907260453239,2.5406693354873875,0.0,0.0,0.0,0.10162677341949551,0.0,101.62677341949549,-31.504299760043605,20.325354683899103,0.7259055244249678,283.53869784039244,-0.07622008006462162,5.08133867097477,2.03253546838991,-0.5081338670975128,-283.53869784039244,30.488032025848653,-0.1016267734194955,66.75786642287109,265.6051105055229,0.025406693354873874,0.7259055244249678,-200.27359926861328,-16.17898232838145,60.237298763447626,-217.71944225511493,-0.1016267734194955,0.025406693354873874,-283.53869784039244,10.16267734194955,0.1016267734194955,0.10162677341949551,0.21341622418075223,0.11178945076144504,0.0,-0.07622008006462162,30.488032025848653,0.1016267734194955,30.48803202584861,-50.81338670974775,-0.05081338670974775,-80.73235780540944,334.73235125157237,-0.07622008006462162,-0.1016267734194955,-31.504299760043605,0.10162677341949551,10.16267734194955,-2.03253546838991,0.0,0.0,-10.16267734194955,217.71944225511493,0.0,20.3253546838991,0.15244016012924325,-1000.0,10.16267734194955,-310.90459575546186,265.6051105055229,-20.3253546838991,0.05081338670974775,1.016267734194955,33.37893321143554,-308.3750361255295,-0.10162677341949551,-22.86602401938652,-0.21341622418075223,31.504299760043605,0.1016267734194955,16.17898232838145,143.65298240212852,265.6051105055229,-0.10162677341949551,-0.025406693354873874,-265.6051105055229,-0.1016267734194955,-1000.0,0.10162677341946369,-0.025406693354873874,-0.025406693354873874,-0.025406693354873874,40.6507093677982,50.81338670974775,1.016267734194955,75.29273575716724,-0.025406693354873874,0.0,5.081338670974775,205.354937939588,0.10162677341949551,0.05081338670974775,0.05081338670974775,142.96523259471098,31.504299760043605,0.10162677341949551,-31.504299760043605,1.016267734194955,0.1016267734194955,-75.29273575716724,0.1016267734194955,0.40650709367801735,0.5081338670975128,0.05081338670974775,0.025406693354873874,30.488032025848653,-0.1016267734194955,0.0,-30.118649381723813,-150.58547151433447,2.5406693354873937,-10.16267734194955,20.3253546838991,5.081338670974775,-0.1016267734194955,200.27359926861328,0.15244016012924325,-0.1016267734194955,-285.93046518942197,31.504299760043605,429.58959018863743,0.05081338670974775,-410.709875879176,-0.1016267734194955,-0.10162677341946369,-0.1016267734194955,0.05081338670974775,283.53869784039244,-20.3253546838991,0.10162677341949551,66.75786642287107,-0.025406693354873874,-0.11178945076144504,-66.75786642287107,15.244016012924323,-334.73235125157237,29.285000803096857,283.53869784039244,-0.07622008006462162,22.86602401938652,308.3750361255295,0.1016267734194955,-0.025406693354873874,5.081338670974775,101.62677341949549,-0.05081338670974775,-0.1016267734194955,0.025406693354873874,1000.0,0.0,999.9491866132903,0.0,-1000.0,0.0,190.58340963997358,-202.5195509611839,0.0,166.16676312046135,383.29505241245795,-544.866390502054,0.0,-83.08338156023068,500.0,-191.64752620622897,0.0,101.25977548059195,0.0,-192.1110868341556,0.0,544.866390502054,-192.1110868341556,-190.58340963997358,18.38387494794776,0.0,1496.5981,bhi
168,0.0,0.0,0.0,0.0,0.0,0.0,0.0,0.0,264.4574659639452,0.0,0.0,0.0,0.0,0.0,0.0,0.0,0.0,0.0,0.0,183.5893579542884,0.0,0.0,0.0,298.60020778798486,0.0,0.0,0.0,0.0,0.0,528.0708918695273,0.0,0.0,49.751924447682825,0.0,0.0,0.0,0.0,-16.136577077456906,0.0,-1000.0,-387.07602131057524,0.0,0.0,0.0,0.0,0.0,0.0,0.0,348.6236404175175,-167.03068977432233,0.0,0.0,0.0,0.10135269195958757,0.0,0.0,0.0,18.42776217448643,0.0,0.0,-91.52300934995911,0.0,91.52300934995911,0.0,1000.0,0.0,0.0,0.0,0.0,878.3175375556859,0.0,0.9213881087243214,0.0,0.0,0.0,0.0,0.0,0.0,0.0,91.60619736639234,0.0,0.0,0.0,0.0,55.28328652345929,0.0,83.40865140579444,0.0,-165.0342824632291,64.07232248707395,0.0,0.0,0.0,530.4922894401587,27.641643261729644,0.0,515.4366790710424,0.0,0.0,0.0,0.0,310.18080744748096,528.0708918695273,0.0,0.0,-143.41910143083882,0.0,1000.0,0.0,0.0,0.0,0.0,0.0,0.0,0.0,0.0,0.0,0.0,0.0,0.0,0.0,0.0,0.0,0.0,-326.9402177831946,0.0,0.0,515.4366790710424,0.0,28.563031370453963,0.0,0.0,0.0,0.0,0.0,0.0,0.0,838.1398509733394,-838.1398509733394,0.0,0.0,0.0,0.0,0.0,0.0,90.50333984297171,0.09213881087243214,0.023034702718108035,0.0,0.0,-622.5316589689602,622.5316589689602,0.0,0.0,0.0,0.0,484.3946889827439,0.0,0.0,0.0,0.0,0.0,902.9671916276924,902.9671916276924,0.0,0.0,0.0,-656.25,-973.5192451526195,0.0,0.0,903.0593304385649,0.0,0.0,0.0,0.0,0.0,0.0,0.0,0.0,0.0,0.0,0.0,0.0,0.0,0.0,0.0,0.0,0.0,0.0,0.0,-1000.0,0.0,0.0,0.0,0.0,0.0,167.03068977432233,0.0,165.0342824632291,-165.0342824632291,0.0,0.0,0.0,0.0,0.0,0.0,0.0,0.0,947.8852403688619,0.0,0.0,0.0,0.0,0.0,0.0,0.0,0.0,0.0,0.0,0.0,0.0,0.0,124.43214025169846,-0.6294678274258558,-876.6945322870448,0.0,0.0,0.0,0.0,0.0,0.0,0.0,0.0,0.0,-91.52300934995911,-876.6945322870448,0.0,0.0,0.0,0.0,0.0,0.0,0.0,0.0,2.966869710090132,0.0,487.7950358093127,0.0,63.93411427076529,-266.1344506556929,513.6579228807466,0.0,876.6945322870448,0.0,0.0,0.0,66.53842801181467,0.0,0.0,0.0,32.5249626951711,0.0,0.0,-103.82250697094446,-103.82250697094446,0.0,0.0,0.0,103.82250697094446,0.0,0.0,0.0,167.03068977432233,0.0,257.0672823340857,0.0,0.0,0.0,-297.68916618954376,0.0,297.68916618954376,0.0,745.1451167912394,0.0,0.0,59.145453744728755,-656.25,0.0,0.0,-91.52300934995911,-0.1382082163086482,0.0,0.0,0.0,0.0,0.09213881087243214,0.0,0.0,0.0,481.5964512188675,0.0,0.0,-95.61273428722588,-194.40216401342514,0.0,-23.15785934522694,0.0,1000.0,0.0,-143.41910143083882,0.0,0.0,0.0,617.5300538750961,-737.8512346461767,-879.6788192289193,-392.41342965447063,926.7991167182173,0.0,0.0,0.0,0.0,0.0,0.0,0.0,0.0,0.0,0.0,0.0,0.0,0.0,0.0,0.0,0.0,0.0,984.2319781660326,0.0,1000.0,0.0,0.0,0.0,457.42464152385793,0.0,0.0,-93.47020955306185,0.0,0.0,0.0,0.0,305.57386690385937,0.0,0.0,0.0,-410.232233762301,737.8512346461767,0.0,-4.606940543621607,0.0,130.15070489797696,0.0,-386.10619475748024,444.5413397414459,407.9287634904902,0.0,-1000.0,0.0,0.0,-901.0989115382006,995.3930594563784,515.4366790710424,-781.2500000000036,781.2500000000036,0.0,0.0,0.0,264.5496047748176,0.0,-124.43214025169846,124.43214025169846,124.43214025169846,-1000.0,0.0,0.0,-92.4960181918027,0.0,0.0,0.0,0.0,0.0,-16.228715888329333,0.0,0.0,151.51851710569406,0.0,0.0,0.0,0.0,-516.0661468984682,0.18427762174476217,0.0,0.0,0.0,0.0,0.0,0.0,0.0,0.0,0.0,878.3175375556859,0.0,0.0,0.0,0.0,0.0,0.0,0.0,0.0,0.0,0.10135269195958757,0.10135269195958757,0.0,209.2550316148799,0.0,55.28328652345929,0.0,68.92627555758281,0.0,952.5520568738268,0.0,0.0,83.40865140579444,0.0,0.0,10.769202354233808,-952.5520568738268,0.0,0.0,479.7109809150105,0.0,0.0,151.51851710569406,0.0,0.0,0.0,0.0,0.0,0.0,0.0,108.98007259439821,-481.5964512188675,0.0,0.0,90.50333984297171,0.0,712.764159247504,-182.2718698073453,-182.2718698073453,0.0,10.769202354233808,0.0,0.0,-505.2969445442344,0.0,0.0,124.43214025169846,0.0,0.0,0.0,0.0,0.0,0.0,0.0,0.0,0.0,0.0,0.0,0.0,0.0,55.28328652345929,0.0,0.0,0.0,0.0,0.0,0.0,0.0,0.0,0.0,0.0,0.0,0.0,0.9213881087243214,0.0,0.0,83.40865140579444,-83.40865140579444,0.0,0.0,0.0,0.0,515.4366790710424,-479.7109809150105,0.0,0.0,0.0,0.0,0.0,0.0,0.0,0.0,0.0,0.0,0.0,0.0,27.641643261729644,27.641643261729644,22.169646097597706,-952.5520568738268,0.0,151.51851710569406,0.0,0.0,0.0,0.0,0.0,864.3425377849434,0.0,1000.0,0.09213881087243214,0.0,0.0,121.68246244431407,0.0,278.9798684844734,0.0,-530.4922894401587,0.0,0.0,0.0,0.0,0.0,0.0,0.0,0.0,0.0,0.0,0.0,0.0,0.0,0.0,0.09213881087243214,0.0,0.0,0.0,0.0,0.0,0.0,0.0,0.0,0.0,0.0,883.1913705302455,0.0,-960.89355824934,0.0,-6.910410815432412,-4.606940543621607,0.0,0.0,781.25,781.25,-781.25,0.0,0.0,0.0,0.0,0.0,0.0,0.0,0.0,0.0,0.0,0.0,1000.0,0.0,0.0,0.0,264.4574659639452,0.0,0.0,0.09213881087243214,0.0,0.09213881087243214,0.0,0.0,0.0,55.28328652345929,112.40934926436721,112.40934926436721,0.0,0.0,0.0,0.0,0.0,0.0,0.0,0.0,0.0,0.0,0.0,0.0,625.4632054912124,0.0,0.0,0.0,0.0,0.0,0.0,0.0,0.0,0.0,0.0,0.0,0.0,0.0,0.0,0.0,0.0,0.0,0.0,0.1382082163086482,0.0,0.0,0.0,-515.4366790710424,0.0,0.0,0.0,0.0,0.0,-209.2550316148799,4.606940543621607,0.0,0.0,0.0,656.25,973.5192451526195,-431.77125415539706,0.0,0.0,0.0,0.0,0.0,0.0,0.0,0.0,0.0,0.0,479.7109809150105,438.5738594283122,84.82289136318144,0.0,981.5722378255135,135.5607670536346,15.768021833967396,-525.2414637084589,960.89355824934,-451.4201163748485,0.0,-45.870921252552534,68.92627555758281,4.60694054362159,1000.0,0.0,176.9657489677734,0.0,-183.04601869991822,0.0,0.0,0.0,0.0,0.0,0.0,0.0,0.0,0.0,216.1654424303123,-229.98626406117694,112.40934926436721,0.0,0.0,0.0,0.0,0.0,0.0,0.0,0.0,0.0,2.966869710090132,0.0,0.0,0.0,-1000.0,475.8843706317423,0.0,27.641643261729644,83.40865140579444,0.0,0.0,0.0,-131.2520969150379,0.0,0.0,0.10135269195958757,0.0,0.0,0.0,56.204674632183604,0.0,0.0,0.0,0.0,-0.6294678274258558,0.0,0.0,0.0,0.0,0.0,0.0,0.0,0.0,287.0553423226181,0.0,0.009213881087243478,0.009213881087243478,0.0,0.0,0.0,0.0,0.0,0.0,0.0,0.0,0.0,121.68246244431407,0.0,0.0,0.0,0.0,0.0,209.2550316148799,0.0,0.0,0.0,0.0,0.0,0.0,0.0,167.03068977432233,0.0,0.0,0.0,166.8173028115889,532.212998371806,0.0,0.0,0.0,0.0,0.0,55.28328652345929,0.0,0.0,0.0,0.0,0.0,944.7167134765407,-1000.0,0.0,166.8173028115889,0.0,0.0,0.0,0.0,0.0,0.0,0.0,0.0,0.0,0.0,926.7991167182173,1000.0,688.5782909388286,-515.4366790710424,0.0,0.0,-16.136577077456906,0.0,0.0,0.0,0.0,0.0,0.0,0.0,0.0,0.0,953.125,0.0,-953.125,-953.125,0.0,0.0,0.0,68.92627555758281,-11.517351359054018,0.0,-312.48427771929175,848.5390587369571,0.0,0.0,0.0,0.0,0.0,-1.1517351359054018,0.0,16.228715888329333,0.0,0.0,0.0,0.0,0.0,0.0,0.0,1000.0,27.641643261729644,27.641643261729644,0.0,0.0,0.0,0.0,91.60619736639234,0.10135269195958757,209.2550316148799,0.0,0.0,16.136577077456906,0.0,0.0,0.0,0.0,0.0,0.0,0.0,0.0,0.0,0.0,0.0,0.0,0.0,0.0,0.0,0.0,0.0,0.0,0.0,96.74575141605375,90.50333984297171,0.0,0.0,0.0,0.0,0.0,209.2550316148799,0.0,427.16431361177547,0.0,0.0,0.0,-11.517351359054018,0.0,0.0,0.0,0.0,0.0,0.0,0.0,0.0,0.0,0.0,0.0,0.0,0.0,0.0,0.0,0.0,0.0,0.0,-0.09213881087243214,0.0,0.0,4.606940543621607,-10.769202354233808,0.0,0.0,0.0,0.0,0.0,0.0,0.0,0.0,-617.5300538750961,2.3034702718108035,0.0,0.0,0.0,0.09213881087243214,0.0,92.13881087243215,-28.563031370453963,18.42776217448643,0.6581343633745153,257.0672823340857,-0.0691041081543241,386.10619475748024,1.8427762174486428,-0.4606940543619409,-257.0672823340857,27.641643261729644,-0.09213881087243214,47.80636714361294,151.51851710569406,0.023034702718108035,0.6581343633745153,-143.41910143083882,-98.07715009668345,-1.8427762174486428,-183.5893579542884,-0.09213881087243214,0.023034702718108035,-257.0672823340857,9.213881087243214,0.09213881087243214,0.09213881087243214,-209.06154011204788,-83.30729871383477,0.0,-0.0691041081543241,27.641643261729644,0.09213881087243214,515.4366790710424,441.72563037309664,-0.04606940543621607,-197.55648612106626,-9.306019898115647,-0.0691041081543241,-0.09213881087243214,-28.563031370453963,0.09213881087243214,9.21388108724318,-1.8427762174486428,0.0,0.0,-9.213881087243214,183.5893579542884,0.0,18.42776217448643,0.1382082163086482,-2.0715248380460483,9.213881087243214,-108.98007259439821,151.51851710569406,-18.42776217448643,0.04606940543621607,0.9213881087243214,23.90318357180647,103.25065353766787,-0.09213881087243214,-229.98626406117694,209.06154011204788,28.563031370453963,0.09213881087243214,98.07715009668345,-446.8430917505374,151.51851710569406,-0.09213881087243214,-0.023034702718108035,-151.51851710569406,-0.09213881087243214,-516.0661468984682,0.09213881087242726,-0.023034702718108035,-0.023034702718108035,-0.023034702718108035,36.85552434897286,-441.72563037309664,0.9213881087243214,68.26334150511072,-0.023034702718108035,0.0,4.606940543621607,262.6400139928557,0.09213881087243214,0.04606940543621607,0.04606940543621607,84.97313964009024,28.563031370453963,0.09213881087243214,-28.563031370453963,0.9213881087243214,0.09213881087243214,-68.26334150511072,0.09213881087243214,0.3685552434895101,0.4606940543619409,0.04606940543621607,0.023034702718108035,27.641643261729644,-0.0921388108724321,0.0,0.9213881087243214,-136.52668301022143,383.80272448566944,-9.21388108724318,18.42776217448643,4.606940543621607,-0.09213881087243214,143.41910143083882,0.1382082163086482,-0.09213881087243214,-169.94627928018048,28.563031370453963,732.8637960399203,0.04606940543621607,-525.2800279857114,-0.09213881087243214,-0.09213881087242726,-0.09213881087243214,0.04606940543621607,257.0672823340857,-18.42776217448643,0.09213881087243214,47.80636714361294,-0.023034702718108035,83.30729871383477,-47.80636714361294,13.820821630864822,9.306019898115647,-1000.0,257.0672823340857,-0.0691041081543241,229.98626406117694,-103.25065353766787,0.09213881087243214,-0.023034702718108032,4.606940543621607,92.13881087243215,-0.04606940543621607,-0.09213881087243214,0.023034702718108035,1000.0,0.0,-62.046867054464116,0.0,-1000.0,0.0,960.8070737683628,83.77257488567109,0.0,157.45450085357984,846.0114707718789,-1000.0,-64.07232248707395,-78.72725042678992,500.0,-423.00573538593943,0.0,-41.886287442835545,-209.2550316148799,-601.6116991248824,64.07232248707395,1000.0,-601.6116991248824,-960.8070737683628,699.2181422158285,0.0,1496.5981,bhi
169,0.0,0.0,0.0,0.0,0.0,0.0,0.0,0.0,-0.11527568807536258,0.0,0.0,0.0,0.0,0.0,0.0,0.0,90.79455712260449,-932.6850021311686,0.0,1000.0,0.0,0.0,0.0,0.0,0.0,0.0,0.0,0.0,0.0,-881.481708183413,0.0,0.0,0.0,0.0,0.0,0.0,0.0,999.5388972476983,0.0,-1000.0,989.5771229544173,0.0,0.0,0.0,0.0,0.0,0.0,0.0,-45.65336049813831,0.0,0.0,25.54014956163749,0.0,0.1268032568832176,0.0,0.0,0.0,23.055137615072514,0.0,0.0,95.30753202261292,0.0,1000.0,778.9290991652639,0.0,0.0,0.0,0.0,0.0,0.0,0.0,1.152756880753626,0.0,0.0,0.0,0.0,0.0,0.0,0.0,0.0,0.0,0.0,0.0,0.0,69.16541284521755,0.0,0.0,604.8510089941915,-917.8825480685693,943.538813236167,-0.028818922018840645,0.0,0.0,0.0,34.58270642260877,0.0,304.4384660807127,-414.809099610025,452.04066813180816,0.0,0.0,5.7637844037681285,-881.481708183413,0.0,0.0,-160.40927275392008,0.0,0.0,0.0,0.0,0.0,0.0,0.0,0.0,0.0,0.0,0.0,0.0,0.0,0.0,0.0,0.0,0.0,0.0,-987.8650524796399,0.0,0.0,304.4384660807127,0.0,35.7354633033624,0.0,0.0,0.0,0.0,0.0,0.0,0.0,0.0,0.0,-316.378432857349,0.0,0.0,0.0,0.0,0.0,8.876227981802913,0.11527568807536258,0.0,0.0,0.0,-487.0583165333427,0.0,0.0,0.0,0.0,0.0,651.7314378706562,0.0,0.0,0.0,0.0,0.0,457.0172359827974,457.0172359827974,0.0,0.0,0.0,781.2499999999999,-592.8043470192468,0.0,0.0,457.13251167087276,0.0,0.0,0.0,731.4875289868469,-371.7567113208642,0.0,0.0,0.0,0.0,0.0,0.0,0.0,0.0,0.0,-258.33722262991296,0.0,0.0,0.0,0.0,-919.6620141228343,0.0,0.0,0.0,0.0,0.0,0.0,-25.54014956163749,466.3425010655843,-466.3425010655843,0.0,0.0,0.0,0.0,0.0,0.0,0.0,0.0,230.0379649102833,0.0,0.0,0.0,0.0,0.0,0.0,0.0,0.0,0.0,0.0,0.0,0.0,0.0,0.0,16.565768379683497,861.8806611205844,0.0,0.0,0.0,316.378432857349,0.0,0.0,0.0,0.0,0.0,95.30753202261292,861.8806611205844,0.0,0.0,0.0,0.0,0.0,0.0,0.0,0.0,588.9027775460006,0.0,269.8557596581039,0.0,611.0334942233703,-773.1915549107833,1000.0,0.0,-861.8806611205844,0.0,0.0,316.378432857349,183.99663823241394,0.0,0.0,0.0,-117.07734571564492,0.0,0.0,-435.5486536140271,0.0,0.0,-435.5486536140271,0.0,0.0,-451.54004700298503,0.0,0.0,0.0,0.0,321.6191697302616,0.0,0.0,0.0,0.0,0.0,0.0,0.0,456.901960294722,0.0,316.378432857349,0.0,781.2499999999999,0.0,0.0,95.30753202261292,-0.17291353211304386,0.0,0.0,0.0,0.0,0.11527568807536258,0.0,0.0,0.0,26.320770496120986,90.79455712260449,0.0,-106.93951516928006,-1000.0,371.7567113208642,1000.0,0.0,326.3445362311163,0.0,-160.40927275392008,0.0,0.0,0.0,-9.925236743289036,-1000.0,683.5807005121727,-1000.0,-1000.0,0.0,0.0,0.0,0.0,0.0,0.0,0.0,0.0,0.0,0.0,0.0,0.0,0.0,0.0,0.0,0.0,0.0,0.0,0.0,-1000.0,0.0,0.0,1000.0,0.0,0.0,0.0,-597.7790055278035,0.0,452.04066813180816,0.0,12.851584036450046,0.0,160.22624413893186,0.0,-472.9918759456327,0.0,839.7737558610681,-919.2828995699898,-739.0191092914984,-851.6509985420985,0.0,0.0,467.2280915418646,1000.0,-2.8818922018840643,733.2553248877302,0.0,0.0,-707.6860629636838,251.9835526665836,0.0,304.4384660807127,0.0,0.0,0.0,882.5181234728506,0.0,0.0,0.0,0.0,0.0,0.0,254.83601166599698,0.0,0.0,0.0,0.0,0.0,0.0,0.0,0.0,-125.76336881212319,0.0,-562.4999999999936,294.01558903513006,0.0,0.0,0.0,0.0,-774.9310142343719,0.23055137615080212,0.0,0.0,0.0,0.0,0.0,0.0,0.0,0.0,0.0,0.0,0.0,0.0,0.0,0.0,0.0,0.0,0.0,0.0,0.0,0.1268032568832176,0.1268032568832176,0.0,95.72391235417287,0.0,69.16541284521755,0.0,0.0,0.0,1000.0,0.0,0.0,0.0,0.0,0.0,385.2965651252254,-1000.0,0.0,0.0,523.1756548628836,0.0,0.0,294.01558903513006,0.0,0.0,0.0,0.0,0.0,0.0,0.0,329.2883508265466,-26.320770496120986,487.0583165333427,0.0,8.876227981802913,0.0,0.0,0.0,0.0,0.0,385.2965651252254,0.0,0.0,-389.6344491091465,0.0,0.0,0.0,0.0,0.0,0.0,0.0,0.0,0.0,0.0,0.0,0.0,0.0,0.0,0.0,0.0,69.16541284521755,316.378432857349,316.378432857349,0.0,0.0,0.0,0.0,0.0,0.0,0.0,0.0,0.0,0.0,1.152756880753626,0.0,0.0,0.0,0.0,0.0,-25.54014956163749,0.0,0.0,304.4384660807127,-523.1756548628836,0.0,0.0,0.0,0.0,0.0,0.0,0.0,0.0,0.0,195.7547584161009,0.0,0.0,34.58270642260877,34.58270642260877,-476.1130242825527,-1000.0,0.0,294.01558903513006,0.0,0.0,0.0,0.0,0.0,881.481708183413,0.0,1000.0,0.11527568807536258,0.0,0.0,0.0,152.23801405895566,0.0,0.0,0.0,0.0,0.0,0.0,0.0,0.0,0.0,0.0,0.0,0.0,0.0,0.0,0.0,0.0,0.0,0.11527568807536258,0.0,0.0,0.0,0.0,0.0,0.0,0.0,0.0,0.0,-145.73833739599536,1000.0,0.0,0.0,-1000.0,-8.645676605652193,-5.763784403768134,0.0,0.0,0.0,0.0,0.0,0.0,0.0,0.0,0.0,0.0,0.0,0.0,316.378432857349,371.7567113208642,0.0,0.0,-701.9222785599156,0.0,0.0,0.0,-0.11527568807536258,0.0,0.0,0.11527568807536258,0.0,0.11527568807536258,0.0,0.0,0.0,69.16541284521755,140.63633945194235,140.63633945194235,0.0,0.0,0.0,0.0,0.0,0.0,0.0,487.0583165333427,0.0,0.0,0.0,0.0,0.0,0.0,0.0,0.0,0.0,0.0,0.0,0.0,0.0,0.0,0.0,0.0,0.0,0.0,0.0,0.0,0.0,-746.1979912341193,746.1979912341193,0.17291353211304386,0.0,0.0,0.0,-304.4384660807127,0.0,0.0,0.0,0.0,0.0,-95.72391235417287,5.7637844037681285,0.0,0.0,0.0,-781.25,592.8043470192468,62.016805697341766,0.0,0.0,-562.4999999999936,0.0,0.0,0.0,0.0,0.0,316.378432857349,0.0,523.1756548628836,806.14878030858,95.72391235417287,0.0,-231.66559836284907,-160.40927275392008,0.0,-390.0238624344664,452.04066813180816,-62.016805697341766,0.0,43.360298780471595,0.0,5.763784403768134,551.969510726294,0.0,0.0,0.0,-125.76336881212319,0.0,0.0,31.25000000000003,-31.25000000000003,0.0,0.0,0.0,0.0,0.0,249.69154602426073,-8.64567660565217,140.63633945194235,0.0,0.0,0.0,0.0,0.0,0.0,0.0,0.0,0.0,588.9027775460006,0.0,0.0,113.0152655654773,-152.23801405895566,0.0,0.0,34.58270642260877,0.0,0.0,0.0,0.0,-341.6545746329954,0.0,0.0,0.1268032568832176,0.0,0.0,0.0,70.31816972597117,0.0,0.0,0.0,0.0,16.565768379683497,0.0,0.0,0.0,0.0,0.0,0.0,0.0,0.0,0.0,0.0,0.011527568807536257,0.011527568807536257,0.0,0.0,0.0,0.0,0.0,0.0,0.0,0.0,0.0,0.0,0.0,0.0,0.0,0.0,0.0,95.72391235417287,0.0,0.0,0.0,0.0,0.0,0.0,0.0,0.0,0.0,0.0,0.0,0.0,110.39560418543317,1000.0,-932.6850021311686,0.0,0.0,0.0,69.16541284521755,0.0,0.0,0.0,0.0,0.0,0.0,-69.16541284521755,0.0,0.0,0.0,0.0,0.0,0.0,0.0,0.0,0.0,0.0,0.0,0.0,-1000.0,-1000.0,78.96384633162337,0.0,-304.4384660807127,0.0,999.5388972476983,0.0,0.0,0.0,0.0,0.0,0.0,0.0,0.0,0.0,0.0,0.0,0.0,0.0,0.0,0.0,0.0,0.0,-14.409461009420326,316.378432857349,-8.645676605652193,0.0,0.0,0.0,0.0,0.0,0.0,-311.8139694876158,310.37302338667376,125.76336881212319,0.0,0.0,0.0,0.0,0.0,0.0,0.0,1000.0,34.58270642260877,34.58270642260877,0.0,0.0,0.0,0.0,0.0,0.1268032568832176,95.72391235417287,0.0,0.0,-999.5388972476983,0.0,0.0,0.0,0.0,0.0,0.0,0.0,0.0,0.0,0.0,0.0,0.0,0.0,0.0,373.09899561705964,0.0,0.0,0.0,0.0,121.03947247913071,8.876227981802913,0.0,0.0,0.0,0.0,0.0,95.72391235417287,0.0,517.410310288865,0.0,0.0,0.0,-14.409461009420326,0.0,0.0,0.0,0.0,0.0,0.0,0.0,0.0,0.0,0.0,0.0,0.0,0.0,0.0,0.0,0.0,0.0,0.0,-0.11527568807536258,0.0,0.0,5.7637844037681285,-385.2965651252254,0.0,0.0,0.0,0.0,316.378432857349,0.0,0.0,0.0,9.925236743289036,2.8818922018840643,0.0,0.0,0.0,0.11527568807536258,0.0,115.27568807536257,-35.7354633033624,23.055137615072514,0.8233977719668755,321.6191697302616,-0.08645676605652193,5.7637844037681365,2.3055137615072514,-0.5763784403770842,-321.6191697302616,34.58270642260877,-0.11527568807536258,53.46975758464003,294.01558903513006,0.028818922018840645,0.8233977719668755,-160.40927275392008,-18.351889541596734,-2.3055137615072514,-158.10955499143586,-0.11527568807536258,0.028818922018840645,-321.6191697302616,11.527568807536257,0.11527568807536258,0.11527568807536258,-95.48183340921429,0.12680325688289884,-454.11246872653174,-0.08645676605652193,34.58270642260877,0.11527568807536258,304.4384660807127,212.21791562042264,-0.05763784403768129,123.19957636371572,-11.64284449561162,-0.08645676605652193,-0.11527568807536258,-35.7354633033624,0.11527568807536258,11.527568807536257,-2.3055137615072514,0.0,0.0,-11.527568807536257,158.10955499143586,0.0,23.055137615072514,0.17291353211304386,-1000.0,11.527568807536257,-329.2883508265466,294.01558903513006,-23.055137615072514,0.05763784403768129,1.152756880753626,26.734878792320014,118.77904996924538,-0.11527568807536258,-121.66094217112948,95.48183340921429,35.7354633033624,0.11527568807536258,18.351889541596734,-114.17099631340889,294.01558903513006,-0.11527568807536258,-0.028818922018840645,-294.01558903513006,-0.11527568807536258,-774.9310142343719,0.11527568807537136,-0.028818922018840645,-0.028818922018840645,-0.028818922018840645,46.11027523014503,-212.21791562042264,1.152756880753626,296.9683567044766,-0.028818922018840645,0.0,5.7637844037681285,393.22929152095406,0.11527568807536258,0.05763784403768129,0.05763784403768129,0.34614689642677554,35.7354633033624,0.11527568807536258,-35.7354633033624,1.152756880753626,0.11527568807536258,-720.0953193077648,0.11527568807536258,0.4611027523017128,0.5763784403770842,0.05763784403768129,0.028818922018840645,34.58270642260877,-0.11527568807536258,454.11246872653174,1.1527568807536257,-593.9367134089532,2.8818922018840567,-11.527568807536257,23.055137615072514,5.7637844037681285,-0.11527568807536258,160.40927275392008,0.17291353211304386,-0.11527568807536258,-0.6922937928535511,35.7354633033624,563.7431298394577,0.05763784403768129,-786.4585830419081,-0.11527568807536258,-0.11527568807537136,-0.11527568807536259,0.05763784403768129,321.6191697302616,-23.055137615072514,0.11527568807536258,53.46975758464003,-0.028818922018840645,-0.12680325688289884,-53.46975758464003,17.291353211304383,11.64284449561162,452.5421166185709,321.6191697302616,-0.08645676605652193,121.66094217112948,-118.77904996924538,0.11527568807536258,-0.028818922018840638,18.61536844021818,115.27568807536257,-0.05763784403768129,-0.11527568807536258,0.028818922018840645,736.5025308281533,0.0,507.9435959227803,423.12696260328823,-923.5696152057526,0.0,268.0831929670052,-162.95686546038593,0.0,1000.0,-1000.0,695.6687772811192,-491.99876623318204,-500.0,461.7848076028763,500.0,0.0,81.47843273019296,-95.72391235417287,-222.08855520646227,491.99876623318204,-695.6687772811192,-222.08855520646227,-268.0831929670052,185.3633102364389,0.0,1496.5981,bhi
170,0.0,0.0,0.0,0.0,0.0,0.0,0.0,0.0,912.5722736061487,0.0,0.0,0.0,0.0,0.0,0.0,0.0,456.61220799867,0.0,0.0,77.6126080859475,0.0,0.0,0.0,0.0,0.0,0.0,0.0,0.0,0.0,1000.0,0.0,0.0,711.2217016886864,0.0,0.0,0.0,0.0,55.181845963545484,0.0,-713.8864844907579,969.662468415382,0.0,0.0,-1000.0,0.0,0.0,0.20225021056411963,0.0,-456.61220799867,0.0,0.0,0.0,0.0,0.1112376158103658,0.0,0.0,0.0,0.0,0.0,0.0,28.619143739251186,0.0,0.0,-83.95554029402166,0.0,0.0,0.0,0.0,0.0,112.57468403327285,0.0,1.011251052820598,0.0,0.0,0.0,0.0,0.0,0.0,0.0,0.0,0.0,0.0,0.0,0.0,60.67506316923589,0.0,0.0,901.3312253405031,-580.1293857043448,160.25877140868965,-0.025281276320514953,0.0,0.0,-753.3890490061375,30.337531584617945,0.0,30.337531584617945,0.0,0.0,0.0,0.0,5.05625526410299,552.2221118496028,0.0,0.0,-286.54343348458,0.0,373.27831889582825,0.0,0.0,0.0,0.0,0.0,0.0,0.0,0.0,0.0,0.0,0.0,0.0,0.0,0.0,0.0,0.0,-167.9407205290377,0.0,0.0,30.337531584617945,0.0,31.34878263743854,0.0,0.0,246.4905161694768,0.0,-246.4905161694768,246.4905161694768,-112.57468403327285,0.0,0.0,0.0,0.0,0.0,0.0,0.0,0.0,7.786633106718601,0.10112510528205981,0.0,0.0,0.0,0.0,-45.953999518751836,0.0,0.0,0.0,0.0,825.9225228247847,0.0,0.0,0.0,0.0,0.0,999.8988748947179,999.8988748947179,0.0,0.0,0.0,0.0,-920.5577354578594,0.0,0.0,1000.0,0.0,0.0,0.0,1000.0,-435.2583953069538,0.0,0.0,0.0,0.0,0.0,0.0,0.0,0.0,0.0,-110.41711741303386,0.0,0.0,0.0,0.0,-1000.0,0.0,0.0,0.0,0.0,0.0,0.0,0.0,419.8706142956552,-419.8706142956552,0.0,0.0,0.0,0.0,0.0,0.0,0.0,447.7778881503972,-731.4402404994498,0.0,0.0,0.0,0.0,0.0,0.0,0.0,0.0,0.0,0.0,0.0,0.0,0.0,0.0,214.42636582289612,-1000.0,0.0,0.0,0.0,0.0,0.0,0.0,0.0,0.0,0.0,28.619143739251186,0.0,0.0,0.0,0.0,0.0,0.0,0.0,0.0,0.0,818.2782775863127,20.22502105641196,0.0,0.0,0.0,-1000.0,864.5896316374883,0.0,1000.0,0.0,0.0,112.57468403327285,342.73853710064617,0.0,0.0,0.0,-271.60556394696636,0.0,0.0,-204.24169177962605,0.0,-303.0131983039475,-204.24169177962605,0.0,-303.0131983039475,-160.25877140868965,0.0,52.76420503976965,0.0,0.0,282.13904373694686,0.0,0.0,0.0,0.0,0.0,0.0,0.0,1000.0,112.57468403327285,0.0,-1000.0,0.0,0.0,0.0,28.619143739251186,-0.1516876579230897,0.0,0.0,0.0,0.0,0.10112510528210805,0.0,0.0,0.0,151.38419082906935,456.61220799867,0.0,-671.7628821161508,-713.2244767404105,435.2583953069538,1000.0,0.0,-6.815164274964193,0.0,-286.54343348458,0.0,0.0,0.0,6.815164274964193,0.0,0.0,-1000.0,-1000.0,0.0,0.0,0.0,0.0,0.0,0.0,0.0,0.0,0.0,0.0,0.0,0.0,0.0,0.0,0.0,0.0,0.0,-944.413653615327,0.0,-1000.0,0.0,0.0,815.0220491962306,0.0,0.0,0.0,-826.0649106930313,0.0,0.0,0.0,0.0,0.0,0.0,0.0,-966.8737085750867,-33.77812763205152,0.0,-1000.0,-5.05625526410299,0.0,-151.68699010204318,0.0,961.8174533109836,20.284904315759228,31.25000000000003,0.0,-220.67751335796896,0.0,-730.5281143162146,1000.0,1000.0,30.337531584617945,0.0,0.0,0.0,104.425235365119,0.0,912.6733987114308,0.0,0.0,0.0,0.0,251.42161650108727,0.0,0.0,0.0,0.0,0.0,447.7778881503972,0.0,0.0,-55.33639655477047,0.0,-437.4999999998686,0.0,0.0,0.0,0.0,0.0,138.13483471952634,0.20225021056400752,0.0,0.0,0.0,0.0,0.0,0.0,0.0,0.0,0.0,0.0,0.0,0.0,0.0,0.0,0.0,0.0,0.0,0.0,0.0,0.1112376158103658,0.1112376158103658,0.0,0.0,0.0,60.67506316923589,0.0,0.0,0.0,-685.4298576068902,0.0,0.0,0.0,0.0,0.0,394.9049246717654,685.4298576068902,0.0,0.0,185.15236043575163,0.0,0.0,0.0,0.0,0.0,0.0,0.0,0.0,0.0,0.0,55.980240176345895,-151.38419082906935,45.953999518751836,0.0,7.786633106718601,0.0,-753.3890490061375,0.0,0.0,0.0,394.9049246717654,0.0,533.0397593912917,0.0,0.0,0.0,0.0,0.0,0.0,0.0,0.0,0.0,0.0,0.0,0.0,0.0,0.0,0.0,0.0,0.0,60.67506316923589,112.57468403327285,112.57468403327285,0.0,0.0,0.0,0.0,0.0,0.0,0.0,0.0,0.0,0.0,1.011251052820598,0.0,0.0,0.0,0.0,0.0,0.0,0.0,0.0,30.337531584617945,-185.15236043575163,0.0,0.0,0.0,0.0,0.0,0.0,0.0,0.0,0.0,0.0,-186.98031966652863,0.0,30.337531584617942,30.337531584617942,-255.47141919846774,685.4298576068902,0.0,0.0,0.0,0.0,0.0,0.0,0.0,174.9082603874051,447.7778881503972,0.0,0.10112510528205981,0.0,0.0,0.0,133.5501479685717,0.0,0.0,753.3890490061375,0.0,-112.57468403327285,0.0,0.0,0.0,0.0,0.0,0.0,0.0,0.0,0.0,0.0,0.0,0.0,0.10112510528205981,0.0,0.0,0.0,0.0,0.0,0.0,0.0,0.0,0.0,0.0,0.0,0.0,-11.042861496800697,-55.58634638467301,-7.584382896154486,-5.05625526410299,0.0,0.0,0.0,0.0,0.0,0.0,0.0,0.0,0.0,0.0,0.0,0.0,112.57468403327285,435.2583953069538,0.0,0.0,274.52814094788846,0.0,0.0,0.0,912.5722736061487,0.0,0.0,0.10112510528205981,0.0,0.10112510528205981,0.0,0.0,0.0,60.67506316923589,123.37262844411298,123.37262844411298,0.0,0.0,0.0,0.0,0.0,0.0,0.0,45.953999518751836,0.0,447.7778881503972,0.0,0.0,0.0,15.522035839749641,0.0,0.0,0.0,0.0,0.0,0.0,0.0,0.0,0.0,0.0,0.0,0.0,0.0,0.0,0.0,0.0,0.0,0.1516876579230897,0.0,0.0,0.0,-30.337531584617945,0.0,0.0,0.0,0.0,0.0,0.0,5.05625526410299,0.0,0.0,0.0,0.0,920.5577354578594,674.519053649319,0.0,0.0,-437.4999999998686,0.0,0.0,0.0,0.0,0.0,112.57468403327285,0.0,185.15236043575163,59.51019650294816,0.0,0.0,-974.2710215376601,-286.54343348458,0.0,-151.54585704371232,11.042861496800697,140.50299554691162,0.0,219.3659086565332,0.0,5.05625526410299,1000.0,0.0,0.0,0.0,-55.33639655477047,0.0,0.0,0.0,0.0,0.0,0.0,0.0,0.0,0.0,95.24835162072485,0.0,123.37262844411298,0.0,0.0,0.0,0.0,0.0,0.0,0.0,0.0,0.0,818.2782775863127,0.0,0.0,22.7531486884635,-133.5501479685717,1000.0,0.0,30.337531584617945,0.0,0.0,0.0,0.0,154.77961632853018,0.0,0.0,0.1112376158103658,0.0,0.0,0.0,61.68631422205648,0.0,0.0,0.0,0.0,214.42636582289612,0.0,0.0,0.0,0.0,0.0,0.0,0.0,0.0,0.0,0.0,0.01011251052820627,0.01011251052820627,0.0,0.0,0.0,0.0,0.0,0.0,0.0,0.0,0.0,0.0,0.0,0.0,0.0,0.0,0.0,0.0,0.0,0.0,0.0,0.0,0.0,0.0,0.0,0.0,0.0,0.0,0.0,0.0,0.0,586.9890211243871,0.0,0.0,0.0,0.0,60.67506316923589,0.0,0.0,0.0,0.0,0.0,0.0,-60.67506316923589,0.0,0.0,0.0,0.0,0.0,0.0,0.0,0.0,0.0,0.0,0.0,0.0,-519.6405645221774,-272.8696277629921,84.79273295796062,0.0,-30.337531584617945,0.0,55.181845963545484,0.0,0.0,0.0,0.0,0.0,0.0,0.0,0.0,0.0,671.875,0.0,-671.875,-671.875,0.0,0.0,0.0,0.0,-12.640638160257478,112.57468403327285,-7.584382896154486,7.937652943595062,0.0,0.0,0.0,0.0,0.0,0.0,-1.2640638160257478,55.33639655477047,0.0,0.0,0.0,0.0,0.0,0.0,0.0,480.35943547782256,30.337531584617942,30.337531584617942,0.0,0.0,0.0,0.0,0.0,0.1112376158103658,0.0,0.0,0.0,-55.181845963545484,0.0,0.0,0.0,0.0,0.0,0.0,0.0,0.0,0.0,0.0,0.0,0.0,0.0,0.0,0.0,0.0,0.0,0.0,0.0,106.18136054616281,7.786633106718601,0.0,0.0,0.0,0.0,0.0,0.0,0.0,135.44674028280858,0.0,0.0,0.0,-12.640638160257478,0.0,0.0,0.0,0.0,0.0,0.0,0.0,0.0,0.0,0.0,0.0,0.0,0.0,0.0,0.0,0.0,0.0,0.0,-0.10112510528205981,0.0,0.0,5.05625526410299,-394.9049246717654,0.0,0.0,0.0,0.0,112.57468403327285,0.0,0.0,0.0,-6.815164274964193,2.528127632051495,0.0,0.0,0.0,0.10112510528205981,0.0,101.1251052820598,-31.34878263743854,20.22502105641196,0.7223221805861415,282.13904373694686,-0.07584382896154485,5.056255264103015,2.022502105641196,-0.505625526409581,-282.13904373694686,30.337531584617942,-0.10112510528205981,95.51447782819334,0.0,0.025281276320514953,0.7223221805861415,-286.54343348458,-16.09911676090374,-2.022502105641196,-534.2248160846175,-0.10112510528205981,0.025281276320514953,-282.13904373694686,10.11251052820598,0.10112510528205981,0.10112510528205981,0.2123627210924256,0.11123761581026609,0.0,-0.07584382896154485,30.337531584617945,0.10112510528205976,30.337531584617945,-50.56255264102991,-0.050562552641029906,-252.83565585562462,-10.21363563348804,-0.07584382896154485,-0.10112510528205981,-31.34878263743854,0.10112510528205981,10.11251052820598,-2.022502105641196,0.0,0.0,-10.11251052820598,534.2248160846175,0.0,20.22502105641196,0.1516876579230897,-915.3750508796076,10.11251052820598,-55.980240176345895,0.0,-20.22502105641196,0.050562552641029906,1.011251052820598,167.9407205290377,20.22502105641196,-0.10112510528205981,-22.7531486884635,-0.2123627210924256,31.34878263743854,0.10112510528205981,16.09911676090374,-121.35012633847182,0.0,-0.10112510528205981,-0.025281276320514953,0.0,-0.10112510528205981,138.13483471952634,0.10112510528205981,-0.025281276320514953,-0.025281276320514953,-0.025281276320514953,40.45004211282392,50.56255264102991,1.011251052820598,383.28070825056346,-0.025281276320514953,240.36696322988206,5.05625526410299,-64.01116209566018,0.10112510528205981,0.050562552641029906,0.050562552641029906,-46.17483148843044,31.34878263743854,0.10112510528205981,-31.34878263743854,1.011251052820598,0.10112510528205981,-1000.0,0.10112510528205981,0.4045004211275227,0.505625526409581,0.050562552641029906,0.025281276320514953,30.337531584617945,-0.10112510528205981,0.0,1.011251052820598,-766.5614165011269,2.528127632051471,-10.11251052820598,20.22502105641196,5.05625526410299,-0.10112510528205981,286.54343348458,0.1516876579230897,-0.10112510528205981,92.34966297686088,31.34878263743854,122.74372064374907,0.050562552641029906,128.02232419132037,-0.10112510528205976,-0.10112510528205981,-0.10112510528205981,0.050562552641029906,282.13904373694686,-20.22502105641196,0.10112510528205981,335.8814410580754,-0.025281276320514953,-0.11123761581026609,-335.8814410580754,15.168765792308971,10.21363563348804,700.9431649855558,282.13904373694686,-0.07584382896154485,22.7531486884635,-20.22502105641196,0.10112510528205981,-0.025281276320514953,5.05625526410299,101.1251052820598,-0.050562552641029906,-0.10112510528205981,0.025281276320514953,0.0,0.0,915.3244883269665,616.7192917494365,-1000.0,0.0,-185.72936955530554,-1000.0,0.0,-29.951074457856635,-89.52843943803816,1000.0,0.0,14.975537228928317,500.0,44.76421971901908,0.0,500.0,0.0,-277.52333697227925,0.0,-1000.0,-277.52333697227925,185.72936955530554,-37.245876872519844,0.0,1496.5981,bhi
171,0.0,0.0,0.0,0.0,0.0,0.0,0.0,0.0,-0.10757172653066015,0.0,0.0,0.0,0.0,0.0,0.0,0.0,661.0402949366032,-316.7952225735487,0.0,0.0,0.0,0.0,0.0,37.49236267005858,0.0,0.0,0.0,0.0,0.0,-1000.0,0.0,0.0,637.2133249549628,0.0,0.0,0.0,0.0,739.9083222963847,0.0,-1000.0,1000.0,0.0,-584.9327047795384,1000.0,0.0,0.0,0.0,0.0,0.0,0.0,0.0,1000.0,0.0,0.11832889918400724,0.0,0.0,0.0,0.0,0.0,0.0,38.191512933632,0.0,-608.1110322398055,-1000.0,0.0,0.0,0.0,0.0,430.0804806938265,0.0,0.0,1.0757172653066016,0.0,0.0,0.0,0.0,0.0,0.0,0.0,0.0,0.0,0.0,0.0,0.0,64.54303591839609,0.0,95.69516391450999,721.1778937100858,546.4523066834249,-584.4254229670594,-0.026892931632665033,0.0,0.0,0.0,32.27151795919804,0.0,32.27151795919804,-374.14319716252686,473.63740849163855,0.0,0.0,5.378586326533007,-1000.0,0.0,0.0,-360.40933988870944,0.0,0.0,0.0,0.0,0.0,0.0,0.0,0.0,0.0,0.0,0.0,0.0,0.0,0.0,0.0,0.0,0.0,0.0,-335.5858053539954,0.0,0.0,32.27151795919804,0.0,33.347235224504644,11.521119273796984,0.0,-329.1409804511944,-670.8590195488056,1000.0,-1000.0,-654.423959628514,-468.68749999999994,468.68749999999994,224.3434789346876,0.0,0.0,0.0,0.0,0.0,103.97818685737082,0.10757172653066015,0.0,0.0,0.0,-384.96851672626025,0.0,0.0,0.0,0.0,0.0,972.0705669381296,0.0,0.0,0.0,0.0,0.0,999.8924282734694,999.8924282734694,0.0,0.0,0.0,0.0,-59.848919239039816,0.0,0.0,1000.0,0.0,0.0,0.0,-301.70547380922835,-718.9793452998914,0.0,0.0,0.0,0.0,0.0,0.0,0.0,0.0,0.0,-54.32727191323101,0.0,0.0,0.0,0.0,-1000.0,0.0,0.0,0.0,0.0,0.0,0.0,-415.06729522046163,37.97311628363443,-37.97311628363443,0.0,0.0,0.0,0.0,0.0,0.0,0.0,0.0,266.68129024607845,0.0,0.0,0.0,0.0,0.0,0.0,0.0,0.0,0.0,0.0,0.0,0.0,0.0,0.0,333.63467986300213,754.0270002838583,0.0,0.0,0.0,0.0,0.0,0.0,0.0,0.0,0.0,38.191512933632,-245.97299971614166,0.0,0.0,0.0,0.0,0.0,0.0,0.0,0.0,629.3206124317605,21.51434530613203,0.0,0.0,76.45351437974793,0.0,344.0837147732586,0.0,-754.0270002838583,0.0,0.0,430.0804806938265,278.77593411205913,0.0,0.0,0.0,-202.04917936071183,0.0,0.0,-1000.0,-863.1702505747804,0.0,-136.82974942521957,0.0,863.1702505747804,584.4254229670594,0.0,0.0,0.0,0.0,323.1673555681358,0.0,0.0,0.0,-1000.0,0.0,1000.0,0.0,712.6993648034087,430.0804806938265,0.0,-153.5769688816708,0.0,0.0,0.0,38.191512933632,-0.16135758979599021,0.0,0.0,0.0,0.0,0.10757172653066015,0.0,0.0,0.0,338.4078696090414,661.0402949366032,0.0,-659.2528897347211,-175.345775513499,718.9793452998914,946.8852264990405,0.0,424.88062733226275,0.0,-360.40933988870944,0.0,0.0,0.0,-9.261925654290117,-1000.0,584.3812983220274,-693.5211447663304,-1000.0,0.0,0.0,0.0,0.0,0.0,0.0,0.0,0.0,0.0,0.0,0.0,0.0,0.0,0.0,0.0,0.0,0.0,-259.6613907974928,0.0,-1000.0,0.0,0.0,1000.0,0.0,447.4969478882505,0.0,-733.2987992891315,0.0,473.63740849163855,0.0,968.0710854299249,0.0,138.5989110365387,0.0,0.0,0.0,431.32060826963476,0.0,-270.70652391807977,-697.2977135254862,-1000.0,0.0,-5.378586326533007,1000.0,-2.6892931632665036,265.32793759154674,-56.35858313073652,0.0,-393.51132187900004,1000.0,0.0,32.27151795919804,0.0,0.0,0.0,0.0,0.0,0.0,812.375,812.375,-812.375,-812.375,-611.8074965942931,0.0,0.0,0.0,0.0,0.0,0.0,0.0,0.0,-162.3071269975425,0.0,-468.74999999993406,85.38629146015757,0.0,0.0,0.0,0.0,-83.60535482245614,0.21514345306120103,0.0,0.0,0.0,0.0,0.0,0.0,0.0,0.0,0.0,0.0,0.0,0.0,0.0,0.0,0.0,0.0,0.0,0.0,0.0,0.11832889918400724,0.11832889918400724,0.0,85.7561955131231,0.0,64.54303591839609,0.0,0.0,0.0,1000.0,0.0,0.0,95.69516391450999,0.0,0.0,205.20972914847738,-1000.0,0.0,0.0,0.0,0.0,0.0,85.38629146015757,0.0,0.0,0.0,0.0,0.0,0.0,0.0,111.86193511799847,-338.4078696090414,384.96851672626025,0.0,103.97818685737082,0.0,0.0,0.0,0.0,0.0,205.20972914847738,0.0,121.60437432602124,0.0,0.0,0.0,0.0,0.0,0.0,0.0,0.0,0.0,0.0,0.0,0.0,0.0,0.0,0.0,0.0,0.0,64.54303591839609,430.0804806938265,430.0804806938265,0.0,0.0,0.0,0.0,0.0,0.0,0.0,0.0,0.0,0.0,1.0757172653066016,0.0,0.0,95.69516391450999,-95.69516391450999,0.0,-415.06729522046163,0.0,0.0,32.27151795919804,0.0,0.0,0.0,0.0,0.0,0.0,0.0,0.0,0.0,0.0,348.7549581943771,0.0,0.0,32.27151795919804,32.27151795919804,440.2453225592667,-1000.0,0.0,85.38629146015757,0.0,0.0,0.0,0.0,0.0,693.5211447663304,0.0,896.9149707086755,0.10757172653066015,0.0,0.0,0.0,95.9793551780531,0.0,0.0,0.0,0.0,-430.0804806938265,0.0,0.0,0.0,0.0,0.0,0.0,0.0,0.0,0.0,0.0,0.0,0.0,0.10757172653066015,0.0,0.0,0.0,-722.0880507643119,722.0880507643119,0.0,0.0,0.0,0.0,0.0,1000.0,0.0,0.0,-1000.0,-8.06787948979951,-5.378586326532968,0.0,0.0,0.0,0.0,0.0,0.0,0.0,0.0,0.0,0.0,0.0,0.0,430.0804806938265,718.9793452998914,0.0,0.0,-388.132735552467,0.0,0.0,0.0,-0.10757172653066015,0.0,0.0,0.10757172653066015,0.0,0.10757172653066015,0.0,0.0,0.0,64.54303591839609,131.2375063674054,131.2375063674054,0.0,0.0,0.0,0.0,0.0,0.0,0.0,384.96851672626025,0.0,0.0,0.0,0.0,0.0,0.0,0.0,0.0,0.0,0.0,0.0,0.0,0.0,0.0,0.0,0.0,0.0,0.0,0.0,0.0,0.0,0.0,0.0,0.16135758979599021,0.0,0.0,0.0,-32.27151795919804,0.0,0.0,0.0,0.0,0.0,-85.7561955131231,5.378586326533007,0.0,0.0,0.0,0.0,59.848919239039816,770.6002259915942,0.0,0.0,-468.74999999993406,0.0,0.0,0.0,0.0,0.0,430.0804806938265,0.0,0.0,-885.2143976919696,85.7561955131231,0.0,720.3730786216777,-360.40933988870944,259.6613907974928,37.30142670246278,473.63740849163855,-770.6002259915942,0.0,147.53842774465375,0.0,5.378586326533007,569.665106263588,0.0,106.49078105975553,0.0,-353.6974548265625,0.0,0.0,0.0,0.0,0.0,0.0,0.0,0.0,0.0,38.191512933632,0.0,131.2375063674054,0.0,0.0,0.0,0.0,0.0,0.0,0.0,0.0,0.0,629.3206124317605,0.0,0.0,109.95983398252162,-95.9793551780531,1000.0,-584.9327047795384,32.27151795919804,95.69516391450999,0.0,0.0,0.0,93.78845115748112,0.0,0.0,0.11832889918400724,0.0,0.0,0.0,65.6187531837027,0.0,0.0,0.0,0.0,333.63467986300213,0.0,0.0,0.0,0.0,0.0,0.0,0.0,0.0,-990.2146668953097,0.0,0.010757172653066015,0.010757172653066015,0.0,0.0,0.0,0.0,0.0,0.0,0.0,0.0,0.0,0.0,0.0,0.0,0.0,0.0,0.0,85.7561955131231,0.0,0.0,0.0,0.0,0.0,0.0,0.0,0.0,0.0,0.0,0.0,191.39032782901998,0.0,907.0132946527448,-316.7952225735487,0.0,0.0,0.0,64.54303591839609,0.0,0.0,0.0,0.0,0.0,0.0,-64.54303591839609,0.0,191.39032782901998,0.0,0.0,0.0,0.0,0.0,0.0,0.0,0.0,0.0,0.0,-896.9149707086755,-1000.0,73.6866326735022,497.69504388303574,-529.9665618422338,0.0,739.9083222963847,0.0,0.0,0.0,0.0,0.0,0.0,0.0,0.0,0.0,0.0,0.0,0.0,0.0,0.0,0.0,0.0,0.0,-13.446465816332479,430.0804806938265,-8.06787948979951,-8.067879489799505,0.0,0.0,0.0,0.0,0.0,0.0,-1.344646581633252,162.3071269975425,0.0,0.0,0.0,0.0,0.0,0.0,0.0,1000.0,32.27151795919804,32.27151795919804,0.0,0.0,0.0,0.0,0.0,0.11832889918400724,85.7561955131231,0.0,0.0,-739.9083222963847,0.0,0.0,0.0,0.0,0.0,0.0,0.0,0.0,0.0,0.0,0.0,0.0,0.0,0.0,0.0,0.0,0.0,11.521119273796984,0.0,112.95031285719315,103.97818685737082,0.0,0.0,0.0,0.0,0.0,85.7561955131231,0.0,-150.12200948065396,0.0,0.0,0.0,-13.446465816332479,0.0,0.0,0.0,0.0,0.0,0.0,0.0,0.0,0.0,0.0,0.0,0.0,0.0,0.0,0.0,0.0,0.0,0.0,-0.10757172653066015,0.0,0.0,5.378586326533007,-205.20972914847738,0.0,0.0,0.0,0.0,430.0804806938265,0.0,0.0,0.0,9.261925654290117,2.6892931632665036,0.0,0.0,0.0,0.10757172653066015,0.0,107.57172653066013,-21.826115950707646,21.51434530613203,0.768369475219001,323.1673555681358,-0.0806787948979951,5.378586326533007,2.151434530613203,-0.5378586326531831,-323.1673555681358,32.27151795919804,-0.10757172653066015,120.13644662956982,85.38629146015757,0.026892931632665037,0.768369475219001,-360.40933988870944,-112.82058277819118,-2.151434530613203,-344.24507236305453,-0.10757172653066015,0.026892931632665037,-323.1673555681358,10.757172653066014,0.10757172653066015,0.10757172653066015,-85.53029488740843,-95.57683501532627,0.0,-0.0806787948979951,32.27151795919804,0.10757172653066015,32.27151795919804,-53.78586326533007,-0.053785863265330074,-251.25188716071068,-10.864744379596674,-0.0806787948979951,-0.10757172653066015,-21.826115950707646,0.10757172653066015,10.757172653066014,-2.151434530613203,0.0,0.0,-10.757172653066014,344.24507236305453,0.0,21.51434530613203,0.1613575897959902,-1000.0,10.757172653066014,-111.86193511799847,85.38629146015757,-21.51434530613203,0.05378586326533007,1.0757172653066016,164.81322243368027,107.27054081925513,-0.10757172653066015,-109.95983398252162,85.53029488740843,33.347235224504644,0.10757172653066015,112.82058277819118,-43.69978037663477,85.38629146015757,-0.10757172653066015,-0.026892931632665037,-85.38629146015757,-0.10757172653066015,-83.60535482245614,0.10757172653063662,-0.026892931632665033,-0.026892931632665033,-0.026892931632665033,43.02869061226406,53.78586326533007,1.0757172653066016,79.69720289340299,-0.026892931632665037,209.4899982377907,5.378586326533007,47.18126373776107,0.10757172653066015,0.053785863265330074,0.053785863265330074,-161.58992196376843,21.826115950707646,0.10757172653066015,-21.826115950707646,1.0757172653066016,0.10757172653066015,-79.69720289340299,0.10757172653066015,0.430286906122582,0.5378586326531831,0.053785863265330074,0.026892931632665037,32.27151795919804,-0.10757172653066015,0.0,1.0757172653066014,-159.39440578680598,2.6892931632665036,-10.757172653066014,21.51434530613203,5.378586326533007,-0.10757172653066015,360.40933988870944,0.1613575897959902,-0.10757172653066015,323.17984392753687,21.826115950707646,201.2080508722704,0.053785863265330074,-94.36252747552214,-0.10757172653066015,-0.10757172653063662,-0.10757172653066015,0.053785863265330074,323.1673555681358,-21.51434530613203,0.10757172653066015,329.62644486736053,-0.026892931632665033,95.57683501532627,-329.62644486736053,16.135758979599018,10.864744379596674,466.7158891425673,323.1673555681358,-0.0806787948979951,109.95983398252162,-107.27054081925513,0.10757172653066015,-0.026892931632665033,973.4496717564579,107.57172653066013,-0.053785863265330074,-0.10757172653066015,0.026892931632665037,1000.0,0.0,999.9462141367346,0.0,-557.0705096012924,0.0,-436.06446360085323,-1000.0,0.0,262.28944050822076,950.7024911768706,-356.9189072015495,0.0,-131.14472025411038,278.5352548006462,-475.3512455884353,0.0,500.0,-85.7561955131231,-294.9965020297515,0.0,356.9189072015495,-294.9965020297515,436.06446360085323,-201.56092793864224,0.0,1496.5981,bhi
172,0.0,0.0,0.0,0.0,0.0,0.0,0.0,0.0,618.223619957073,0.0,0.0,0.0,0.0,0.0,0.0,0.0,0.0,0.0,0.0,556.8030991076159,0.0,0.0,0.0,873.3569826618564,0.0,692.6641373515913,0.0,0.0,0.0,-508.52814535875615,0.0,0.0,0.0,0.0,0.0,0.0,0.0,782.7154618953197,0.0,-1000.0,769.3627458719468,0.0,0.0,0.0,0.0,0.0,0.0,0.0,276.6366387881035,0.0,0.0,0.0,0.0,0.14442461103232251,0.0,0.0,0.0,0.0,0.0,0.0,-38.63331651868994,0.0,991.3963168330985,952.7630003144085,0.0,0.0,0.0,0.0,0.0,0.0,0.0,1.31295100938569,0.0,0.0,0.0,0.0,0.0,0.0,0.0,0.0,0.0,0.0,0.0,0.0,78.7770605631414,0.0,27.07059462936689,0.0,0.0,280.1664603195125,-0.03282377523464225,0.0,0.0,0.0,39.3885302815707,0.0,230.6372541280532,0.0,805.7096105730272,0.0,0.0,815.1995517564483,-1000.0,0.0,0.0,-184.9351571229008,0.0,0.0,0.0,0.0,0.0,0.0,0.0,0.0,0.0,0.0,0.0,0.0,0.0,0.0,0.0,0.0,0.0,0.0,-930.0565346559067,0.0,0.0,230.6372541280532,0.0,40.70148129095639,0.0,0.0,0.0,0.0,0.0,0.0,0.0,906.062499999999,-906.062499999999,0.0,0.0,0.0,0.0,0.0,0.0,37.1803174016367,0.131295100938569,0.0,0.0,0.0,0.0,-92.72619407317563,0.0,0.0,0.0,0.0,800.3595731404647,0.0,0.0,0.0,0.0,0.0,321.2600646122171,321.2600646122171,0.0,0.0,0.0,-593.75,0.0,0.0,0.0,321.3913597131557,0.0,0.0,0.0,173.82243460898076,0.0,0.0,0.0,0.0,0.0,0.0,0.0,0.0,0.0,0.0,0.0,0.0,0.0,0.0,0.0,-542.3676279831697,0.0,0.0,0.0,0.0,0.0,0.0,0.0,-280.1664603195125,280.1664603195125,0.0,0.0,0.0,0.0,0.0,0.0,0.0,491.47185464124385,-16.411887617321124,0.0,0.0,0.0,0.0,0.0,0.0,0.0,0.0,0.0,0.0,0.0,0.0,0.0,930.6391830102702,-514.3781146424784,231.89150657065267,0.0,0.0,0.0,0.0,34.488077333550564,0.0,0.0,0.0,0.0,-38.63331651868994,231.89150657065267,0.0,0.0,0.0,0.0,0.0,0.0,0.0,0.0,4.227702250220592,26.2590201877138,191.2487238464825,0.0,-321.84831039332266,-41.68185007381015,-3.529821531409027,0.0,-231.89150657065267,0.0,0.0,0.0,-839.8199768549458,0.0,0.0,0.0,-272.5035825582307,0.0,0.0,258.1984701522933,0.0,444.04544239936166,-185.84697224706838,444.04544239936166,0.0,-280.1664603195125,0.0,0.0,0.0,0.0,331.82525428505693,0.0,0.0,0.0,703.7117008103118,0.0,-703.7117008103118,0.0,239.91698562317785,0.0,0.0,326.0699524487012,-593.75,0.0,0.0,-38.63331651868994,-0.1969426514078535,0.0,0.0,0.0,0.0,0.131295100938569,0.0,0.0,0.0,273.01459427134535,0.0,0.0,-673.6649705488575,55.54379573828086,0.0,1000.0,0.0,-666.3113693338759,0.0,-184.9351571229008,0.0,0.0,0.0,-11.304508190810687,284.51569041505746,393.10018710962896,-1000.0,-1000.0,0.0,0.0,0.0,0.0,0.0,0.0,0.0,0.0,0.0,0.0,0.0,0.0,0.0,0.0,0.0,0.0,0.0,1000.0,0.0,0.0,0.0,216.75935770092534,0.0,0.0,0.0,0.0,-41.40801965185729,0.0,805.7096105730272,0.0,0.0,808.6347967095198,-181.5389073098034,0.0,0.0,-284.0520133536407,-102.97678310525407,-519.4945554265681,-6.56475504692845,0.0,-569.8890405234122,0.0,-410.88215340168836,1000.0,280.76963583017647,0.0,-591.8072015532698,0.0,406.130039031174,1000.0,0.0,230.6372541280532,156.25000000001748,-156.25000000001748,0.0,608.8707773103481,0.0,618.3549150580116,0.0,-930.6391830102702,930.6391830102702,930.6391830102702,81.93411102693324,0.0,0.0,0.0,0.0,0.0,491.47185464124385,0.0,0.0,-23.125443778646204,0.0,0.0,0.0,0.0,0.0,0.0,0.0,-837.7415628437072,0.2625902018778634,0.0,0.0,0.0,0.0,0.0,0.0,0.0,0.0,0.0,0.0,0.0,0.0,0.0,0.0,0.0,0.0,0.0,0.0,0.0,0.14442461103232251,0.14442461103232251,0.0,289.91477917420997,0.0,78.7770605631414,0.0,0.0,0.0,-760.6891431233072,0.0,0.0,27.07059462936689,0.0,0.0,1000.0,760.6891431233072,0.0,0.0,25.057671257466808,0.0,0.0,0.0,0.0,0.0,0.0,0.0,0.0,0.0,0.0,310.01884488530226,-273.01459427134535,92.72619407317563,0.0,37.1803174016367,0.0,0.0,0.0,-34.488077333550564,0.0,1000.0,0.0,162.25843715629276,0.0,0.0,0.0,930.6391830102702,0.0,0.0,0.0,0.0,0.0,0.0,0.0,0.0,0.0,0.0,0.0,0.0,0.0,78.7770605631414,0.0,0.0,0.0,0.0,0.0,0.0,0.0,0.0,0.0,0.0,0.0,0.0,1.31295100938569,0.0,0.0,27.07059462936689,-27.07059462936689,0.0,0.0,0.0,0.0,230.6372541280532,-25.057671257466808,0.0,0.0,0.0,0.0,0.0,0.0,0.0,0.0,0.0,150.99903186207618,0.0,0.0,39.3885302815707,39.3885302815707,1000.0,760.6891431233072,0.0,0.0,0.0,0.0,0.0,0.0,0.0,1000.0,491.47185464124385,782.6729166787189,0.131295100938569,0.0,0.0,0.0,173.39393723237157,467.87124859790566,0.0,0.0,0.0,0.0,0.0,0.0,0.0,0.0,0.0,0.0,0.0,0.0,0.0,0.0,0.0,0.0,0.131295100938569,0.0,0.0,0.0,0.0,0.0,0.0,0.0,0.0,216.75935770092534,-41.40801965185729,805.7096105730272,0.0,0.0,-1000.0,-9.84713257039266,0.0,-6.56475504692845,0.0,0.0,0.0,0.0,0.0,0.0,0.0,0.0,0.0,0.0,0.0,0.0,0.0,0.0,0.0,412.69479407810246,0.0,0.0,0.0,618.223619957073,0.0,0.0,0.131295100938569,0.0,0.131295100938569,0.0,0.0,0.0,78.7770605631414,160.18002314505418,160.18002314505418,0.0,0.0,0.0,0.0,0.0,0.0,0.0,92.72619407317563,0.0,491.47185464124385,0.0,0.0,0.0,0.0,0.0,0.0,0.0,0.0,0.0,0.0,0.0,0.0,0.0,0.0,0.0,0.0,0.0,34.488077333550564,0.0,-692.6641373515913,692.6641373515913,0.1969426514078535,0.0,0.0,0.0,-230.6372541280532,0.0,0.0,0.0,0.0,0.0,-289.91477917420997,6.56475504692845,0.0,0.0,0.0,593.75,0.0,0.0,-6.56475504692845,0.0,0.0,0.0,0.0,0.0,0.0,0.0,0.0,0.0,25.057671257466808,116.51095452852562,-640.7244038360602,0.0,1000.0,282.9360914750049,0.0,0.0,805.7096105730272,-805.7096105730272,0.0,-1000.0,0.0,6.56475504692845,1000.0,0.0,0.0,0.0,-77.26663303737999,0.0,0.0,0.0,0.0,0.0,0.0,0.0,0.0,0.0,299.7619117446026,-319.45617688538795,160.18002314505418,0.0,0.0,0.0,0.0,0.0,0.0,0.0,0.0,0.0,4.227702250220592,0.0,0.0,0.0,-173.39393723237157,0.0,0.0,39.3885302815707,27.07059462936689,0.0,0.0,0.0,34.07838467764973,0.0,0.0,0.14442461103232251,0.0,0.0,0.0,80.09001157252709,0.0,0.0,0.0,0.0,-514.3781146424784,0.0,0.0,0.0,0.0,0.0,0.0,0.0,0.0,0.0,0.0,0.0131295100938569,0.0131295100938569,0.0,0.0,0.0,0.0,0.0,0.0,0.0,0.0,0.0,0.0,0.0,0.0,0.0,0.0,0.0,289.91477917420997,0.0,0.0,0.0,0.0,0.0,0.0,0.0,0.0,0.0,0.0,0.0,54.14118925873378,833.4397378957195,0.0,0.0,0.0,0.0,0.0,78.7770605631414,0.0,0.0,0.0,0.0,0.0,-78.7770605631414,0.0,0.0,54.14118925873378,0.0,0.0,0.0,0.0,0.0,0.0,0.0,0.0,0.0,0.0,-863.6656977995191,-1000.0,89.93714414291976,62.50000000000006,-293.13725412805326,0.0,999.474819596245,0.0,0.0,0.0,0.0,0.0,0.0,0.0,0.0,0.0,484.375,0.0,-484.375,-484.375,0.0,0.0,0.0,0.0,-16.411887617321124,0.0,-818.4819292799125,309.6090443149953,0.0,0.0,0.0,0.0,0.0,-1.6411887617321126,0.0,23.125443778646204,0.0,0.0,0.0,0.0,0.0,0.0,0.0,919.0072188791999,39.3885302815707,39.3885302815707,0.0,0.0,0.0,0.0,0.0,0.14442461103232251,289.91477917420997,0.0,0.0,-999.474819596245,0.0,0.0,0.0,0.0,0.0,0.0,0.0,0.0,0.0,0.0,0.0,0.0,0.0,0.0,0.0,0.0,0.0,0.0,0.0,137.85985598549746,0.0,0.0,37.1803174016367,0.0,0.0,0.0,289.91477917420997,0.0,0.0,0.0,0.0,0.0,-16.411887617321124,0.0,0.0,0.0,0.0,0.0,0.0,0.0,0.0,0.0,0.0,0.0,0.0,0.0,0.0,0.0,0.0,0.0,0.0,-0.131295100938569,0.0,0.0,6.56475504692845,-1000.0,0.0,0.0,0.0,0.0,0.0,0.0,0.0,0.0,11.304508190810687,3.282377523464225,0.0,0.0,692.6641373515913,0.131295100938569,0.0,131.295100938569,-40.70148129095639,26.2590201877138,0.9378221495612072,366.3133316186075,-0.09847132570392675,410.88215340168836,2.6259020187713804,-0.656475504693599,-366.3133316186075,39.3885302815707,-0.131295100938569,61.64505237430026,0.0,0.03282377523464225,0.9378221495612072,-184.9351571229008,-47.97277469878574,-2.6259020187713804,-556.8030991076159,-0.131295100938569,0.03282377523464225,-366.3133316186075,53.76009826393797,0.131295100938569,0.131295100938569,-289.63905946223906,-26.926170018334464,0.0,-0.09847132570392675,39.3885302815707,0.131295100938569,230.6372541280532,125.601173377198,-0.0656475504692845,-430.4892588946631,-47.74888252834603,-0.09847132570392675,-0.131295100938569,-40.70148129095639,0.131295100938569,13.129510093856908,-2.6259020187713804,34.488077333550564,34.488077333550564,-13.1295100938569,556.8030991076159,-34.488077333550564,26.2590201877138,0.1969426514078535,-1000.0,13.1295100938569,-310.01884488530226,0.0,-26.2590201877138,0.0656475504692845,1.31295100938569,168.41624263721437,-614.4653836483465,-0.131295100938569,-319.45617688538795,289.63905946223906,40.70148129095639,0.131295100938569,47.97277469878574,-389.4334331428463,0.0,-0.131295100938569,-0.03282377523464225,0.0,-0.131295100938569,-837.7415628437072,0.13129510093858698,-0.03282377523464225,-0.03282377523464225,-0.03282377523464225,52.5180403754276,-125.601173377198,1.31295100938569,398.18217193857276,-0.03282377523464225,275.18743290012844,6.56475504692845,425.43553646878206,0.131295100938569,0.0656475504692845,0.0656475504692845,13.1295100938569,40.70148129095639,0.131295100938569,-40.70148129095639,1.31295100938569,0.131295100938569,-1000.0,0.131295100938569,0.5251804037550016,0.656475504693599,0.0656475504692845,0.03282377523464225,39.3885302815707,-0.131295100938569,0.0,1.3129510093856902,-796.3643438771455,407.59977587822414,-13.129510093856908,26.2590201877138,6.56475504692845,-0.131295100938569,184.9351571229008,0.1969426514078535,-0.131295100938569,-26.2590201877138,40.70148129095639,283.33429045203343,0.0656475504692845,-850.8710729375641,-0.131295100938569,-0.13129510093858698,-0.131295100938569,0.0656475504692845,366.3133316186075,-26.2590201877138,0.131295100938569,336.83248527442873,-0.03282377523464225,26.926170018334464,-336.83248527442873,19.694265140785348,47.74888252834603,-249.3573808375234,366.3133316186075,-0.09847132570392675,319.45617688538795,614.4653836483465,0.131295100938569,-0.03282377523464225,6.56475504692845,131.295100938569,-0.0656475504692845,-0.131295100938569,0.03282377523464225,1000.0,0.0,999.9343524495307,601.8178280614272,-1000.0,0.0,1000.0,280.0344697442626,40.63058817008107,1000.0,-1000.0,-933.5328261145381,0.0,-500.0,500.0,500.0,-40.63058817008107,-140.0172348721313,-289.91477917420997,-317.4126751296832,0.0,933.5328261145381,-317.4126751296832,-1000.0,688.1519615244947,0.0,1496.5981,bhi
173,0.0,0.0,0.0,0.0,0.0,0.0,0.0,0.0,518.9287030159426,0.0,0.0,0.0,0.0,0.0,0.0,0.0,22.855021512183555,-257.0994138529082,0.0,118.28666738335863,0.0,0.0,0.0,664.6497980445566,0.0,616.9232907048887,0.0,0.0,0.0,141.1416888955422,0.0,0.0,117.32991175335474,0.0,0.0,0.0,0.0,433.4486326803608,0.0,-1000.0,1000.0,0.0,0.0,0.0,0.0,0.0,0.0,0.0,760.8930670344912,0.0,0.0,924.889777442217,0.0,0.12038182415165011,0.0,0.0,0.0,21.88760439115393,0.0,0.0,37.37446355795424,0.0,181.19670639269796,0.0,0.0,0.0,0.0,0.0,362.89193242799274,-362.89193242799274,0.0,1.0943802195576966,0.0,0.0,0.0,0.0,0.0,0.0,0.0,141.41077880837395,0.0,0.0,525.4719349090981,0.0,65.66281317346179,0.0,25.84475129202533,34.448278598876186,-378.980277396216,1000.0,-0.02735950548894241,0.0,0.0,-528.9718956017794,32.83140658673089,0.0,90.2037839173493,0.0,0.0,0.0,525.4719349090981,5.471901097788482,141.1416888955422,0.0,0.0,-181.77898943415082,0.0,0.0,0.0,0.0,0.0,0.0,0.0,0.0,0.0,0.0,0.0,0.0,0.0,0.0,0.0,0.0,0.0,0.0,-927.5841920622634,0.0,0.0,90.2037839173493,0.0,33.92578680628859,33.92578680628859,0.0,-189.6269603824879,0.0,189.6269603824879,-189.6269603824879,740.2784931521851,465.51008610630583,-465.51008610630583,-958.8496631028373,0.0,0.0,0.0,0.0,0.0,-491.2004559264785,0.10943802195576963,0.0,0.0,0.0,-1000.0,0.0,0.0,0.0,0.0,0.0,897.1991562959684,0.0,0.0,0.0,0.0,0.0,-5.027423933607417,-5.027423933607417,0.0,0.0,0.0,0.0,-163.2231930343232,0.0,0.0,-4.917985911651647,0.0,0.0,0.0,604.0989865124305,0.0,0.0,0.0,0.0,0.0,0.0,0.0,0.0,0.0,0.0,0.0,0.0,0.0,0.0,0.0,-1000.0,0.0,0.0,0.0,0.0,0.0,0.0,-924.889777442217,9.264314660699938,-9.264314660699938,218.5711699506522,0.0,0.0,0.0,0.0,0.0,0.0,0.0,-183.96971313330528,0.0,0.0,0.0,0.0,0.0,0.0,0.0,0.0,0.0,0.0,0.0,0.0,0.0,0.0,516.7349095170011,0.0,0.0,0.0,0.0,0.0,-218.5711699506522,0.0,0.0,0.0,0.0,37.37446355795424,0.0,0.0,0.0,0.0,0.0,0.0,0.0,0.0,0.0,955.5462365981545,0.0,57.372377330618406,0.0,1000.0,611.7554079430843,-120.28411714814953,0.0,0.0,0.0,0.0,218.5711699506522,0.0,0.0,0.0,0.0,-96.80896094233884,0.0,0.0,-565.1511298993873,-440.62312610275,0.0,-124.52800379663734,0.0,440.62312610275,-369.7159627355161,0.0,0.0,0.0,0.0,373.1836548691745,0.0,0.0,0.0,-1000.0,0.0,1000.0,0.0,-82.67111583163916,0.0,0.0,0.0,0.0,0.0,0.0,37.37446355795424,-0.16415703293365447,0.0,0.0,0.0,0.0,0.10943802195576963,0.0,0.0,0.0,-45.75002051550371,22.855021512183555,0.0,-521.0133340907037,110.5839927058637,0.0,1000.0,0.0,58.04535289221968,0.0,-181.77898943415082,0.0,0.0,0.0,-9.422613690392067,332.7493651619667,-381.3721043637943,467.93316510834046,-1000.0,0.0,0.0,0.0,0.0,0.0,0.0,0.0,0.0,0.0,0.0,0.0,0.0,0.0,0.0,0.0,0.0,0.0,-566.113615231816,0.0,-1000.0,0.0,0.0,952.0223322911795,0.0,0.0,0.0,-464.3457806716759,0.0,0.0,0.0,0.0,0.0,0.0,0.0,-5.471901097788482,0.0,-695.6412975899594,0.0,0.0,0.0,234.01380780035046,0.0,0.0,1000.0,-2.735950548894241,-5.471901097788482,0.0,0.0,-296.1508507633579,0.0,-212.1262034091965,90.2037839173493,0.0,0.0,0.0,0.0,0.0,519.0381410378983,187.375,187.375,-187.375,-187.375,302.8709955078075,0.0,0.0,0.0,0.0,0.0,0.0,0.0,0.0,-92.13274025069306,0.0,0.0,90.2037839173493,0.0,0.0,0.0,0.0,-573.4688744003481,0.21887604391161236,0.0,0.0,0.0,0.0,0.0,0.0,0.0,0.0,0.0,0.0,0.0,0.0,0.0,0.0,0.0,0.0,0.0,0.0,0.0,0.12038182415165011,0.12038182415165011,0.0,238.160646956484,0.0,65.66281317346179,0.0,0.0,0.0,1000.0,0.0,0.0,25.84475129202533,0.0,0.0,738.2638906261394,-1000.0,0.0,0.0,0.0,0.0,0.0,90.2037839173493,0.0,0.0,0.0,0.0,0.0,0.0,0.0,309.1947306874211,45.75002051550371,1000.0,0.0,34.271478982619584,0.0,0.0,-528.9718956017794,-528.9718956017794,0.0,738.2638906261394,0.0,-547.296692702873,712.0917089286643,0.0,0.0,0.0,0.0,0.0,0.0,0.0,0.0,0.0,0.0,0.0,0.0,0.0,0.0,0.0,0.0,65.66281317346179,218.5711699506522,218.5711699506522,0.0,0.0,0.0,0.0,0.0,0.0,0.0,0.0,0.0,0.0,1.0943802195576966,0.0,0.0,25.84475129202533,-25.84475129202533,0.0,-924.889777442217,0.0,0.0,90.2037839173493,0.0,0.0,0.0,0.0,0.0,0.0,0.0,0.0,0.0,0.0,675.8124762840451,0.0,0.0,32.83140658673089,32.83140658673089,1000.0,-1000.0,0.0,90.2037839173493,0.0,0.0,0.0,0.0,0.0,-609.0748540038826,0.0,-510.8979177870967,0.10943802195576963,0.0,0.0,0.0,8.825394770575993,0.0,0.0,528.9718956017794,0.0,0.0,0.0,0.0,0.0,0.0,0.0,0.0,0.0,0.0,0.0,0.0,0.0,0.0,0.10943802195576963,0.0,0.0,0.0,0.0,0.0,0.0,0.0,0.0,0.0,0.0,952.0223322911795,0.0,-464.3457806716759,-433.88638476818403,-8.207851646682723,-5.471901097788462,0.0,0.0,0.0,0.0,0.0,0.0,0.0,0.0,0.0,0.0,0.0,0.0,218.5711699506522,0.0,0.0,0.0,-502.80515307476617,0.0,0.0,0.0,518.9287030159426,0.0,0.0,0.10943802195576963,0.0,0.10943802195576963,0.0,0.0,0.0,65.66281317346179,133.51438678603895,133.51438678603895,0.0,0.0,0.0,0.0,0.0,0.0,0.0,1000.0,0.0,0.0,0.0,0.0,0.0,0.0,0.0,0.0,0.0,0.0,0.0,0.0,0.0,0.0,0.0,0.0,0.0,0.0,0.0,0.0,0.0,-616.9232907048887,616.9232907048887,0.16415703293365447,0.0,0.0,0.0,-90.2037839173493,0.0,0.0,0.0,0.0,0.0,-238.160646956484,5.471901097788482,0.0,0.0,0.0,0.0,163.2231930343232,0.0,0.0,0.0,0.0,0.0,0.0,0.0,0.0,0.0,218.5711699506522,0.0,0.0,1000.0,238.160646956484,0.0,829.7100396111658,-181.77898943415082,0.0,-464.3457806716759,464.3457806716759,0.0,0.0,-133.51438678603895,0.0,5.471901097788462,1000.0,0.0,0.0,0.0,-143.82224283474372,-1000.0,1000.0,1000.0,-1000.0,0.0,0.0,0.0,0.0,0.0,246.3684986031667,-262.7842018965322,133.51438678603895,0.0,-506.33852369330674,-506.33852369330674,506.3385236933068,0.0,0.0,0.0,0.0,0.0,955.5462365981545,0.0,0.0,0.0,-8.825394770575993,-1000.0,0.0,32.83140658673089,25.84475129202533,0.0,0.0,0.0,-76.5229857602397,0.0,0.0,0.12038182415165011,0.0,0.0,0.0,66.75719339301948,0.0,0.0,0.0,0.0,516.7349095170011,0.0,0.0,0.0,0.0,0.0,0.0,0.0,0.0,205.03953023044133,0.0,0.010943802195577276,0.010943802195577276,0.0,0.0,0.0,0.0,0.0,0.0,0.0,0.0,0.0,0.0,0.0,0.0,0.0,0.0,0.0,238.160646956484,0.0,0.0,0.0,0.0,0.0,0.0,0.0,0.0,0.0,0.0,0.0,51.68950258405066,0.0,0.0,-257.0994138529082,0.0,0.0,0.0,65.66281317346179,0.0,0.0,0.0,0.0,0.0,0.0,-65.66281317346179,0.0,51.68950258405066,0.0,0.0,0.0,0.0,0.0,0.0,0.0,0.0,0.0,0.0,510.8979177870967,0.0,74.96504503970223,432.2172630364812,-522.4210469538305,0.0,433.4486326803608,0.0,0.0,0.0,0.0,0.0,0.0,0.0,0.0,0.0,234.375,0.0,-234.375,-234.375,0.0,0.0,0.0,0.0,-13.679752744471184,218.5711699506522,-8.207851646682723,254.57635024984947,0.0,0.0,0.0,0.0,0.0,0.0,-1.3679752744471205,92.13274025069306,0.0,0.0,0.0,0.0,0.0,0.0,0.0,1000.0,32.83140658673089,32.83140658673089,0.0,0.0,0.0,0.0,141.41077880837395,0.12038182415165011,238.160646956484,0.0,0.0,-433.4486326803608,0.0,0.0,0.0,0.0,0.0,0.0,0.0,0.0,0.0,0.0,0.0,0.0,0.0,0.0,0.0,0.0,0.0,33.92578680628859,0.0,114.90992305355812,34.271478982619584,0.0,0.0,0.0,0.0,0.0,238.160646956484,0.0,946.5504311933911,0.0,0.0,0.0,-13.679752744471184,0.0,0.0,0.0,0.0,0.0,0.0,0.0,0.0,0.0,0.0,0.0,0.0,0.0,0.0,0.0,0.0,0.0,0.0,-0.10943802195576963,0.0,0.0,5.471901097788482,-738.2638906261394,0.0,0.0,0.0,0.0,218.5711699506522,0.0,0.0,0.0,9.422613690392067,2.735950548894241,0.0,0.0,616.9232907048887,0.10943802195576963,0.0,109.43802195576963,0.0,21.88760439115393,0.7817001568269261,373.1836548691745,-0.08207851646682723,5.471901097788482,2.1887604391153928,-0.5471901097790237,-373.1836548691745,32.83140658673089,-0.10943802195576964,60.592996478050274,90.2037839173493,0.02735950548894241,0.7817001568269261,-181.77898943415082,-43.267284387382915,-2.1887604391153928,115.957724957366,-0.10943802195576988,0.02735950548894241,-373.1836548691745,10.943802195576964,0.10943802195576964,0.10943802195576963,-237.93082711037655,-25.72436946787398,-327.2408072854013,-0.08207851646682723,32.83140658673089,0.10943802195576964,90.2037839173493,2.6533663527335847,-0.05471901097788482,-206.40037014226542,207.51792973311947,-0.08207851646682723,-0.10943802195576964,0.0,0.10943802195576963,10.943802195576964,-2.1887604391153928,0.0,0.0,-10.943802195576964,-115.957724957366,0.0,21.88760439115393,0.16415703293365447,-288.3531161009806,10.943802195576964,-309.1947306874211,90.2037839173493,-21.88760439115393,0.05471901097788482,1.0943802195576966,130.25333352267592,260.0482513476379,-0.10943802195576963,-262.7842018965322,237.93082711037655,33.92578680628859,0.10943802195576964,43.267284387382915,-98.49421976019285,90.2037839173493,-0.10943802195576963,-0.02735950548894241,-90.2037839173493,-0.10943802195576964,-573.4688744003481,0.10943802195576964,-0.02735950548894241,-0.02735950548894241,-0.02735950548894241,43.77520878230786,-2.6533663527335847,1.0943802195576966,92.42532675610558,-0.02735950548894241,199.91367056730155,5.471901097788482,292.20633829796253,0.10943802195576963,0.05471901097788482,0.05471901097788482,56.04569415425161,0.0,0.10943802195576963,0.0,1.0943802195576966,0.10943802195576964,-115.11619123535547,0.10943802195576964,0.4377520878232417,0.5471901097790237,0.05471901097788482,0.02735950548894241,32.83140658673089,-0.10943802195576964,327.2408072854013,1.0943802195576964,-184.85065351221115,2.735950548894241,-10.943802195576964,21.88760439115393,5.471901097788482,-0.10943802195576964,181.77898943415082,0.16415703293365447,-0.10943802195576964,-112.09138830850323,0.0,428.34716482764674,0.05471901097788482,-584.4126765959251,-0.10943802195576964,-0.10943802195576964,-0.10943802195576965,0.05471901097788482,373.1836548691745,-21.88760439115393,0.10943802195576963,260.50666704535183,-0.02735950548894241,25.72436946787398,-260.50666704535183,16.415703293365443,-207.51792973311947,126.21356637180169,373.1836548691745,-0.08207851646682723,262.7842018965322,-260.0482513476379,0.10943802195576988,-0.027359505488942407,5.471901097788462,109.43802195576963,-0.05471901097788482,-0.10943802195576964,0.02735950548894241,1000.0,0.0,-341.98564017448115,22.690864479249896,-153.817216022222,0.0,-516.0563548974635,-301.5274814727284,0.0,1000.0,-142.9796104648106,148.40235599768025,-630.2840372644839,-500.0,76.908608011111,71.4898052324053,0.0,150.7637407363642,-238.160646956484,-351.82417906740704,630.2840372644839,-148.40235599768025,-351.82417906740704,516.0563548974635,-214.2529686664238,0.0,1496.5981,bhi
174,0.0,0.0,0.0,0.0,0.0,0.0,0.0,0.0,532.6102420893799,0.0,0.0,0.0,0.0,0.0,0.0,0.0,-356.1463420419634,742.6736028282191,0.0,0.0,0.0,0.0,0.0,0.0,0.0,0.0,0.0,0.0,0.0,-1000.0,0.0,0.0,503.87649564156175,0.0,0.0,0.0,0.0,-177.63199781271302,0.0,-1000.0,853.1284340571526,0.0,0.0,388.3871280212368,0.0,0.0,0.0,0.0,967.7592140207266,-253.27113246393878,0.0,0.0,0.0,0.11860731528360861,0.0,0.0,0.0,21.564966415196103,0.0,0.0,82.84927466386654,0.0,393.39555200155775,0.0,0.0,0.0,0.0,0.0,513.6784487667986,-178.0893784547727,0.0,1.0782483207598053,0.0,0.0,0.0,0.0,0.0,0.0,0.0,0.0,0.0,0.0,0.0,0.0,64.69489924558832,0.0,66.40322734645109,-289.6051743756879,36.61895079073645,641.5350888543022,-0.02695620801899513,0.0,0.0,591.476868320476,32.34744962279416,0.0,146.87156594284733,0.0,0.0,0.0,0.0,370.7653154545397,-1000.0,0.0,0.0,-493.7405755695592,0.0,0.0,0.0,0.0,0.0,0.0,0.0,0.0,0.0,0.0,0.0,0.0,0.0,0.0,0.0,0.0,0.0,0.0,-738.0017868694819,0.0,0.0,146.87156594284733,0.0,33.42569794355396,23.621423614248073,0.0,0.0,0.0,0.0,0.0,-476.2448266654243,0.0,0.0,0.0,0.0,0.0,0.0,0.0,0.0,74.70573941630158,0.10782483207598052,0.0,0.0,0.0,-781.4497663028745,781.4497663028745,0.0,0.0,0.0,0.0,938.784484964919,0.0,0.0,0.0,0.0,0.0,703.3060390188347,703.3060390188347,0.0,0.0,0.0,-531.2499999999999,-761.6911464568644,0.0,0.0,703.4138638509106,0.0,0.0,0.0,32.099277158729706,0.0,0.0,0.0,0.0,0.0,0.0,0.0,0.0,0.0,0.0,0.0,0.0,0.0,0.0,0.0,234.87422145170177,0.0,0.0,0.0,0.0,0.0,253.27113246393878,0.0,-678.1540396450387,678.1540396450387,476.2448266654243,0.0,0.0,0.0,0.0,0.0,0.0,0.0,1000.0,0.0,0.0,0.0,0.0,0.0,0.0,0.0,0.0,0.0,0.0,0.0,0.0,0.0,15.333980542256768,-336.73308955470935,388.3871280212368,0.0,0.0,0.0,0.0,-476.2448266654243,0.0,0.0,0.0,0.0,82.84927466386654,0.0,0.0,0.0,0.0,0.0,0.0,0.0,0.0,0.0,3.471959592843866,0.0,114.52411632005317,0.0,285.2270095642249,1000.0,0.0,0.0,-388.3871280212368,0.0,0.0,476.2448266654243,-789.6778215751149,0.0,0.0,0.0,-76.18126898912124,0.0,0.0,-575.6354086459704,-575.6354086459704,0.0,0.0,0.0,575.6354086459704,-641.5350888543022,0.0,-613.6344764618584,253.27113246393878,0.0,348.0741287204818,0.0,0.0,0.0,751.9453755572216,0.0,-751.9453755572216,0.0,503.9885321474054,0.0,0.0,-565.8853544336703,-531.25,0.0,0.0,82.84927466386654,-0.16173724811397078,0.0,0.0,0.0,0.0,0.10782483207598052,0.0,0.0,0.0,-385.21774698739296,-356.1463420419634,0.0,-359.643137121584,-43.31823726609009,0.0,1000.0,0.0,567.4738928133233,0.0,-493.7405755695592,0.0,0.0,0.0,-9.28371804174195,0.0,-558.1901747715814,-669.1997881459902,-1000.0,0.0,0.0,0.0,0.0,0.0,0.0,0.0,0.0,0.0,0.0,0.0,0.0,0.0,0.0,0.0,0.0,0.0,-1000.0,0.0,-822.7993015155909,0.0,0.0,0.0,0.0,0.0,0.0,-78.1776990091455,0.0,0.0,0.0,0.0,365.3740738507407,486.3215512332014,404.9171759755751,-188.07827852916935,0.0,-1000.0,-1000.0,0.0,413.00403838127363,0.0,-404.9171759755751,0.0,1000.0,-2.695620801899513,-5.391241603799026,0.0,0.0,0.0,1000.0,-686.98672386821,146.87156594284733,0.0,0.0,0.0,122.64973113184155,0.0,532.7180669214558,702.7089805422568,687.375,-687.375,-687.375,50.82805199094009,0.0,0.0,0.0,0.0,0.0,0.0,0.0,0.0,-177.739822644789,0.0,0.0,0.0,0.0,0.0,0.0,0.0,-483.6046554975567,0.2156496641522246,0.0,0.0,0.0,0.0,0.0,0.0,0.0,0.0,0.0,0.0,0.0,0.0,0.0,0.0,0.0,0.0,0.0,0.0,0.0,0.11860731528360861,0.11860731528360861,0.0,189.0292676374423,0.0,64.69489924558832,0.0,0.0,0.0,1000.0,0.0,0.0,66.40322734645109,0.0,0.0,1000.0,-1000.0,0.0,0.0,281.0232359132293,0.0,0.0,0.0,0.0,0.0,0.0,0.0,0.0,0.0,0.0,246.00059562316062,385.21774698739296,0.0,0.0,74.70573941630158,0.0,198.3901773562369,393.0866909642391,393.0866909642391,0.0,1000.0,0.0,516.3953445024433,0.0,0.0,0.0,15.333980542256768,0.0,0.0,0.0,0.0,0.0,0.0,0.0,0.0,0.0,0.0,0.0,0.0,0.0,64.69489924558832,476.2448266654243,476.2448266654243,0.0,0.0,0.0,0.0,0.0,0.0,0.0,0.0,0.0,0.0,1.0782483207598053,0.0,0.0,66.40322734645109,-66.40322734645109,0.0,0.0,0.0,0.0,146.87156594284733,-281.0232359132293,0.0,0.0,0.0,0.0,0.0,0.0,0.0,0.0,0.0,-778.6796887033648,0.0,0.0,32.34744962279416,32.34744962279416,-308.27866106733666,-1000.0,0.0,0.0,0.0,0.0,0.0,0.0,0.0,669.1997881459902,0.0,1000.0,0.10782483207598052,0.0,0.0,47.912399846779394,0.0,0.0,0.0,-591.476868320476,0.0,0.0,0.0,0.0,0.0,0.0,0.0,0.0,0.0,0.0,0.0,0.0,0.0,0.0,0.10782483207598052,0.0,0.0,0.0,-790.163385858355,790.163385858355,0.0,0.0,0.0,0.0,0.0,-78.1776990091455,0.0,0.0,177.20069848440914,-8.08686240569854,-5.391241603799026,0.0,0.0,0.0,0.0,0.0,0.0,0.0,0.0,0.0,0.0,0.0,0.0,476.2448266654243,0.0,0.0,0.0,-681.595482264411,0.0,0.0,0.0,532.6102420893799,0.0,0.0,0.10782483207598052,0.0,0.10782483207598052,0.0,335.5890703120259,0.0,64.69489924558832,131.54629513269623,131.54629513269623,0.0,0.0,0.0,0.0,0.0,0.0,0.0,0.0,0.0,0.0,0.0,0.0,0.0,0.0,0.0,0.0,0.0,0.0,0.0,0.0,0.0,0.0,0.0,0.0,0.0,0.0,0.0,0.0,0.0,-960.5929348661458,960.5929348661458,0.16173724811397078,0.0,0.0,0.0,-146.87156594284733,0.0,0.0,0.0,0.0,0.0,-189.0292676374423,5.391241603799026,0.0,0.0,0.0,531.2499999999999,761.6911464568644,-723.488827484364,0.0,0.0,0.0,0.0,0.0,0.0,0.0,0.0,476.2448266654243,0.0,281.0232359132293,-302.43486203794055,173.69528709518556,0.0,705.1994429421609,-493.7405755695592,0.0,-801.6665264935095,0.0,801.6665264935095,0.0,-921.224116707811,0.0,5.391241603799026,1000.0,0.0,0.0,0.0,-310.5462773376912,0.0,0.0,0.0,0.0,0.0,0.0,0.0,0.0,0.0,0.0,-16.173724811397094,131.54629513269623,0.0,0.0,0.0,0.0,0.0,0.0,0.0,0.0,0.0,3.471959592843866,0.0,0.0,197.11613004314083,-47.912399846779394,-393.554313661626,0.0,32.34744962279416,66.40322734645109,0.0,0.0,0.0,-211.9087014159561,0.0,0.0,0.11860731528360861,0.0,0.0,0.0,65.77314756634811,0.0,0.0,0.0,0.0,-336.73308955470935,0.0,0.0,0.0,0.0,0.0,0.0,0.0,0.0,0.0,0.0,401.70789067458344,0.010782483207597763,0.0,0.0,0.0,0.0,0.0,0.0,0.0,0.0,0.0,47.912399846779394,0.0,0.0,0.0,0.0,0.0,189.0292676374423,0.0,0.0,0.0,0.0,0.0,0.0,0.0,253.27113246393878,0.0,0.0,0.0,132.80645469290218,0.0,-358.1679465250586,742.6736028282191,0.0,0.0,0.0,64.69489924558832,0.0,0.0,0.0,0.0,0.0,0.0,-64.69489924558832,0.0,132.80645469290218,0.0,0.0,0.0,0.0,0.0,0.0,0.0,0.0,0.0,0.0,-1000.0,-1000.0,73.86000997204667,0.0,-146.87156594284733,0.0,-177.63199781271302,0.0,0.0,0.0,0.0,0.0,0.0,0.0,0.0,0.0,828.125,0.0,-828.125,-828.125,0.0,0.0,0.0,0.0,-13.478104009497565,476.2448266654243,-373.4609362564392,8.086862405698556,0.0,0.0,0.0,0.0,0.0,0.0,-1.3478104009497565,177.739822644789,0.0,0.0,0.0,0.0,0.0,0.0,0.0,1000.0,32.34744962279416,32.34744962279416,0.0,0.0,0.0,0.0,0.0,0.11860731528360861,189.0292676374423,0.0,0.0,177.63199781271302,401.69710819137583,0.0,0.0,0.0,0.0,0.0,0.0,0.0,0.0,0.0,0.0,0.0,0.0,0.0,648.0910025890859,0.0,0.0,23.621423614248073,0.0,113.21607367977956,74.70573941630158,0.0,0.0,0.0,0.0,0.0,189.0292676374423,0.0,718.097585880565,0.0,0.0,0.0,-13.478104009497565,0.0,0.0,0.0,0.0,0.0,0.0,0.0,0.0,0.0,0.0,0.0,0.0,0.0,0.0,0.0,0.0,0.0,0.0,-0.10782483207598052,0.0,0.0,5.391241603799026,-1000.0,0.0,0.0,0.0,0.0,476.2448266654243,0.0,0.0,0.0,9.28371804174195,2.695620801899513,0.0,0.0,0.0,0.10782483207598052,0.0,107.82483207598051,-9.804274329305883,21.564966415196107,0.7701773719712894,348.0741287204818,-0.08086862405698539,188.07827852916935,2.1564966415196105,-0.5391241603798562,-348.0741287204818,32.34744962279416,-0.10782483207598052,164.58019185651975,0.0,0.02695620801899513,0.7701773719712894,-493.74057556955927,-83.56894061294452,-2.1564966415196105,-386.52726078625574,-0.10782483207598052,0.02695620801899513,-348.0741287204818,10.782483207598052,0.10782483207598052,0.10782483207598052,-188.8028354900827,-66.2846200311675,0.0,-0.08086862405698539,32.34744962279416,0.10782483207598052,146.87156594284733,60.611700282062905,-0.05391241603799026,48.69666617419947,465.35451862575025,-0.08086862405698539,-0.10782483207598052,-9.804274329305883,0.10782483207598052,10.782483207598052,-2.1564966415196105,0.0,0.0,-10.782483207598052,386.52726078625574,0.0,21.564966415196103,0.16173724811397078,-1000.0,10.782483207598052,-246.00059562316062,0.0,-21.564966415196103,0.05391241603799026,1.0782483207598053,89.910784280396,195.26025351038166,-0.10782483207598052,-213.2898548545379,188.8028354900827,33.42569794355396,0.10782483207598052,83.56894061294452,-243.91391481122977,0.0,-0.10782483207598052,-0.02695620801899513,0.0,-0.10782483207598052,-483.6046554975567,0.1078248320759485,-0.02695620801899513,-0.02695620801899513,-0.02695620801899513,43.12993283039221,-60.611700282062905,1.0782483207598053,79.88472246428756,-0.02695620801899513,15.241376704272255,5.391241603799026,247.19356935257736,0.10782483207598052,0.05391241603799026,0.05391241603799026,10.782483207598052,9.804274329305883,0.10782483207598052,-9.804274329305883,1.0782483207598053,0.10782483207598052,-79.88472246428756,0.10782483207598052,0.43129932830393614,0.5391241603798562,0.05391241603799026,0.02695620801899513,32.34744962279416,-0.10782483207598052,0.0,1.0782483207598053,-159.76944492857513,185.38265772726984,-10.782483207598052,21.564966415196103,5.391241603799026,-0.10782483207598052,493.74057556955927,0.16173724811397078,-0.10782483207598052,-21.564966415196103,9.804274329305883,429.84885305962587,0.05391241603799026,-494.3871387051547,-0.10782483207598052,-0.1078248320759485,-0.10782483207598052,0.05391241603799026,348.0741287204818,-21.564966415196103,0.10782483207598052,179.821568560792,-0.02695620801899513,66.2846200311675,-179.821568560792,16.173724811397076,-465.35451862575025,360.69532189493765,348.0741287204818,-0.08086862405698539,213.2898548545379,-195.26025351038166,0.10782483207598052,-0.026956208018995127,5.391241603799026,107.82483207598051,-0.05391241603799026,-0.10782483207598052,0.02695620801899513,1000.0,0.0,999.946087583962,0.0,670.3163482862641,0.0,-280.3320946322544,-1000.0,0.0,777.6729409519189,298.6978260315815,-726.764409357357,0.0,-388.83647047595946,-335.15817414313204,-149.34891301579074,0.0,500.0,-189.0292676374423,-217.94015164366974,0.0,726.764409357357,-217.94015164366974,280.3320946322544,-23.600331514311335,0.0,1496.5981,bhi
175,0.0,0.0,0.0,0.0,0.0,0.0,0.0,0.0,494.0826443800812,0.0,0.0,0.0,0.0,0.0,0.0,0.0,-350.6550027859461,0.0,0.0,772.9525287440199,0.0,0.0,0.0,0.0,0.0,0.0,0.0,0.0,0.0,-353.82271626975626,0.0,0.0,445.3612467304391,0.0,0.0,0.0,0.0,-21.842460780376545,0.0,-73.84519895135313,245.8725226404731,0.0,0.0,298.6804330402388,0.0,0.0,0.0,0.0,1000.0,0.0,0.0,0.0,0.0,0.13719094133122786,0.0,0.0,0.0,24.943807514705995,0.0,0.0,-10.983589908975038,0.0,0.0,-10.983589908975038,0.0,0.0,0.0,0.0,638.9303604795458,-540.931921902857,0.0,1.2471903757353,0.0,0.0,0.0,0.0,0.0,0.0,0.0,582.1793102465712,0.0,0.0,0.0,0.0,74.831422544118,0.0,0.0,-663.842310793218,-175.47105616349506,683.9084188728606,-0.031179759393382495,0.0,0.0,0.0,37.415711272059,0.0,202.15175573252952,0.0,0.0,0.0,0.0,636.3083405406389,-1000.0,0.0,0.0,-244.10232218759995,0.0,753.939963312236,0.0,0.0,0.0,0.0,0.0,0.0,0.0,0.0,0.0,0.0,0.0,0.0,0.0,0.0,0.0,0.0,-614.0034472533656,0.0,0.0,202.15175573252952,0.0,38.66290164779431,0.0,0.0,85.27818023867408,0.0,-85.27818023867408,85.27818023867408,0.0,0.0,0.0,0.0,0.0,0.0,0.0,0.0,0.0,9.603365893161802,0.12471903757352998,0.0,0.0,0.0,0.0,0.0,0.0,0.0,0.0,0.0,844.3172504562405,0.0,0.0,0.0,0.0,0.0,48.186136137243466,48.186136137243466,0.0,0.0,0.0,0.0,1000.0,0.0,0.0,48.31085517481699,0.0,0.0,0.0,0.0,-587.5518236150697,0.0,0.0,0.0,0.0,0.0,0.0,0.0,0.0,0.0,0.0,0.0,0.0,0.0,0.0,-720.1479038696043,0.0,0.0,0.0,0.0,0.0,0.0,0.0,-508.4373627093655,508.4373627093655,0.0,0.0,0.0,0.0,0.0,0.0,0.0,646.1772837302437,-1000.0,0.0,0.0,0.0,0.0,0.0,0.0,0.0,0.0,0.0,0.0,0.0,0.0,0.0,209.70814229761373,-110.07620853593733,-295.5222809442976,0.0,0.0,0.0,0.0,0.0,0.0,0.0,0.0,0.0,-10.983589908975038,-594.2027139845364,0.0,0.0,391.8039237809785,0.0,0.0,0.0,0.0,0.0,4.015953009866264,0.0,164.7360444604705,0.0,0.0,332.9663065458704,-172.27967350258348,0.0,295.5222809442976,0.0,0.0,0.0,727.7800026523589,0.0,0.0,0.0,-335.6582422019072,0.0,0.0,-646.612378926067,-406.9716213861032,0.0,-239.6407575399638,0.0,406.9716213861032,-683.9084188728606,0.0,-71.64252317212765,0.0,0.0,347.96611483014874,0.0,0.0,0.0,-221.80706855809592,0.0,221.80706855809592,0.0,136.7220282868517,0.0,0.0,-244.10232218759995,0.0,0.0,0.0,-10.983589908975038,-0.18707855636029497,0.0,0.0,0.0,0.0,0.12471903757352998,0.0,0.0,0.0,513.9801951272085,-350.6550027859461,0.0,-162.73488145839997,-13.335727060931479,587.5518236150697,395.4567220757023,0.0,1000.0,0.0,-244.10232218759995,0.0,0.0,0.0,-10.738309135081275,0.0,-989.2616908649187,-1000.0,-1000.0,0.0,0.0,0.0,0.0,0.0,0.0,0.0,0.0,0.0,0.0,0.0,0.0,0.0,0.0,0.0,0.0,391.8039237809785,-1000.0,0.0,-978.6564153699175,0.0,0.0,0.0,0.0,0.0,0.0,-13.619318903028066,0.0,0.0,0.0,0.0,630.0723886619625,-638.9303604795458,0.0,0.0,0.0,0.0,0.0,-182.84289012111566,306.34379404723654,514.983712724924,0.0,-321.2721462096577,207.1251701015516,-3.1179759393382493,176.60693824243916,0.0,0.0,0.0,-703.2967346146027,663.1083478841381,202.15175573252952,31.2500000000035,-31.2500000000035,0.0,0.0,0.0,494.20736341765473,209.70814229761373,0.0,0.0,0.0,659.1575785338977,0.0,0.0,-88.66061118718176,0.0,0.0,646.1772837302437,0.0,0.0,-21.967179817950075,0.0,0.0,52.5675562973003,0.0,0.0,0.0,0.0,-312.22796426846685,0.2494380751469217,0.0,0.0,0.0,0.0,0.0,0.0,0.0,0.0,0.0,97.99843857668883,0.0,0.0,0.0,0.0,0.0,0.0,0.0,0.0,0.0,0.13719094133122786,0.13719094133122786,0.0,0.0,0.0,74.831422544118,0.0,0.0,0.0,1000.0,0.0,0.0,0.0,0.0,0.0,1000.0,-1000.0,0.0,0.0,0.0,0.0,0.0,52.5675562973003,0.0,0.0,0.0,0.0,0.0,0.0,0.0,204.66781575112188,-513.9801951272085,0.0,0.0,410.8816416585115,0.0,695.2684983290959,-695.2684983290959,-695.268498329096,0.0,1000.0,0.0,0.0,687.7720357315332,0.0,0.0,209.70814229761373,0.0,0.0,0.0,0.0,0.0,0.0,0.0,0.0,0.0,0.0,0.0,0.0,0.0,74.831422544118,0.0,0.0,0.0,0.0,0.0,0.0,0.0,0.0,0.0,0.0,0.0,0.0,1.2471903757353,0.0,0.0,0.0,0.0,0.0,0.0,0.0,0.0,202.15175573252952,0.0,0.0,0.0,401.2782757653497,0.0,0.0,0.0,0.0,0.0,0.0,-13.438618827377095,520.5574197590062,0.0,37.415711272059,37.415711272059,637.2984460760141,-1000.0,0.0,52.5675562973003,0.0,0.0,0.0,0.0,0.0,1000.0,646.1772837302437,691.0399464413326,0.12471903757352998,0.0,0.0,164.709306121214,0.0,0.0,0.0,0.0,0.0,0.0,0.0,0.0,0.0,0.0,0.0,0.0,0.0,0.0,0.0,0.0,0.0,0.0,0.12471903757352998,0.0,0.0,0.0,0.0,0.0,0.0,0.0,0.0,0.0,-221.5025099800318,229.22677570708626,0.0,0.0,0.0,-9.35392781801475,0.0,-6.235951878676499,0.0,0.0,0.0,0.0,0.0,0.0,0.0,0.0,0.0,0.0,0.0,0.0,587.5518236150697,0.0,0.0,669.3442997628146,0.0,0.0,0.0,494.0826443800812,0.0,0.0,0.12471903757352998,0.0,0.12471903757352998,0.0,0.0,0.0,74.831422544118,152.1572258397066,152.1572258397066,0.0,0.0,0.0,0.0,0.0,0.0,0.0,0.0,0.0,646.1772837302437,0.0,0.0,0.0,0.0,0.0,0.0,0.0,0.0,0.0,0.0,0.0,0.0,0.0,0.0,0.0,0.0,0.0,0.0,0.0,-936.3692285883299,936.3692285883299,0.18707855636029497,0.0,0.0,0.0,-202.15175573252952,0.0,0.0,0.0,0.0,0.0,0.0,6.235951878676499,0.0,0.0,0.0,0.0,-1000.0,-229.22677570708626,-6.235951878676499,0.0,0.0,0.0,0.0,0.0,0.0,0.0,0.0,0.0,0.0,644.9645374676033,-209.70814229761373,0.0,-347.11167422729466,-244.10232218759995,21.343584630082546,-21.343584630082546,0.0,0.0,0.0,575.6227768126523,0.0,6.235951878676499,1000.0,0.0,0.0,0.0,-21.967179817950075,0.0,0.0,93.75000000000009,-93.75000000000009,0.0,0.0,0.0,0.0,0.0,0.0,-18.707855636029507,152.1572258397066,0.0,906.2499999999999,906.2499999999999,-906.25,0.0,0.0,0.0,0.0,0.0,4.015953009866264,0.0,0.0,9.35392781801475,-262.70774469790285,0.0,0.0,37.415711272059,0.0,0.0,0.0,0.0,-52.14420397409745,0.0,0.0,0.13719094133122786,0.0,0.0,0.0,76.0786129198533,0.0,0.0,0.0,0.0,-110.07620853593733,0.0,0.0,0.0,0.0,0.0,0.0,0.0,0.0,0.0,0.0,0.012471903757352997,0.012471903757352997,0.0,0.0,0.0,0.0,0.0,0.0,0.0,0.0,0.0,164.709306121214,0.0,0.0,0.0,0.0,0.0,0.0,0.0,0.0,0.0,0.0,0.0,0.0,0.0,0.0,0.0,0.0,0.0,0.0,0.0,1000.0,0.0,0.0,0.0,0.0,74.831422544118,0.0,0.0,0.0,0.0,0.0,0.0,-74.831422544118,0.0,0.0,0.0,0.0,0.0,0.0,0.0,0.0,0.0,0.0,0.0,0.0,-691.0399464413326,-1000.0,85.43254073786805,0.0,-202.15175573252952,0.0,-21.842460780376545,0.0,0.0,0.0,0.0,0.0,0.0,0.0,0.0,0.0,0.0,0.0,0.0,0.0,0.0,0.0,0.0,0.0,-15.589879696691249,0.0,-639.4263164799772,9.353927818014782,0.0,0.0,0.0,0.0,0.0,0.0,-1.558987969669125,21.967179817950075,0.0,0.0,0.0,0.0,0.0,0.0,0.0,1000.0,37.415711272059,37.415711272059,0.0,0.0,0.0,0.0,582.1793102465712,0.13719094133122786,0.0,0.0,0.0,21.842460780376545,0.0,0.0,0.0,0.0,0.0,0.0,0.0,0.0,0.0,0.0,0.0,0.0,0.0,0.0,468.18461429416493,0.0,0.0,0.0,0.0,130.9549894522065,9.603365893161802,0.0,0.0,0.0,0.0,0.0,0.0,0.0,229.22677570708626,0.0,0.0,0.0,-15.589879696691249,0.0,0.0,0.0,0.0,0.0,0.0,0.0,0.0,0.0,0.0,0.0,0.0,0.0,0.0,0.0,0.0,0.0,0.0,-0.12471903757352998,0.0,0.0,6.235951878676499,-1000.0,0.0,0.0,0.0,0.0,0.0,0.0,0.0,0.0,10.738309135081275,3.1179759393382493,0.0,0.0,0.0,0.12471903757352998,0.0,124.71903757352997,-38.66290164779431,24.943807514705995,0.8908502683823569,347.96611483014874,-0.09353927818014748,321.2721462096577,2.4943807514705996,-0.6235951878675294,-347.96611483014874,37.41571127205899,-0.12471903757352998,81.36744072919998,52.5675562973003,0.031179759393382495,0.8908502683823569,-244.10232218759995,-19.855270781704572,-2.4943807514705996,-422.2975259580738,-0.12471903757353002,0.031179759393382495,-347.96611483014874,12.471903757352997,0.12471903757352998,0.12471903757352998,0.26190997890475787,0.13719094133088297,-269.38456662370595,-0.09353927818014748,37.415711272059,0.12471903757352998,202.15175573252952,102.3765256737055,-0.06235951878676499,-86.72803945733456,-12.596622794926528,-0.09353927818014748,-0.12471903757352998,-38.66290164779431,0.12471903757352998,12.471903757353001,-2.4943807514705996,0.0,0.0,-12.471903757352997,422.2975259580738,0.0,24.943807514705995,0.18707855636029497,-628.6640732993824,12.471903757352997,-204.66781575112188,52.5675562973003,-24.943807514705995,0.06235951878676499,1.2471903757353,40.68372036459999,-184.76433478290772,-0.12471903757352998,-28.061783454044257,-0.26190997890475787,38.66290164779431,0.12471903757352998,19.855270781704572,-261.8313332514065,52.5675562973003,-0.12471903757352998,-0.031179759393382495,-52.5675562973003,-0.12471903757352998,-312.22796426846685,0.12471903757358405,-0.031179759393382495,-0.031179759393382495,-0.031179759393382495,49.88761502941199,-102.3765256737055,1.2471903757353,258.9343857275647,-0.031179759393382495,0.0,6.235951878676499,162.34993401290993,0.12471903757352998,0.06235951878676499,0.06235951878676499,38.75568190600315,38.6629016477943,0.12471903757352998,-38.66290164779431,1.2471903757353,0.12471903757352998,-592.0007232581188,0.12471903757352998,0.49887615029399335,0.6235951878675294,0.06235951878676499,0.031179759393382495,37.415711272059,-0.12471903757352998,269.38456662370595,1.2471903757352998,-517.8687714551294,318.15417027031947,-12.471903757353001,24.943807514705995,6.235951878676499,-0.12471903757352998,244.10232218759995,0.18707855636029497,-0.12471903757352998,-77.5113638120063,38.6629016477943,208.67717397402342,0.06235951878676499,-324.69986802581985,-0.12471903757352998,-0.12471903757358405,-0.12471903757352998,0.06235951878676499,347.96611483014874,-24.943807514705995,0.12471903757352998,81.36744072919998,-0.031179759393382495,-0.13719094133088297,-81.36744072919998,18.707855636029496,12.596622794926528,-324.75652428393215,347.96611483014874,-0.09353927818014748,28.061783454044257,184.76433478290772,0.12471903757353002,-0.031179759393382495,6.235951878676499,124.71903757352997,-0.06235951878676499,-0.12471903757352998,0.031179759393382495,1000.0,0.0,628.6017137805956,333.0663375305541,-1000.0,0.0,776.3205443662632,-692.2198596484144,0.0,300.313104815255,-439.9990638610037,322.16786671258865,0.0,-150.1565524076275,500.0,219.99953193050186,0.0,346.1099298242072,0.0,-156.53296999992597,0.0,-322.16786671258865,-156.53296999992597,-776.3205443662632,512.8399869301584,0.0,1496.5981,bhi
176,0.0,0.0,0.0,0.0,0.0,0.0,0.0,0.0,-0.05778704682067069,0.0,0.0,0.0,0.0,0.0,0.0,0.0,0.0,263.8183203312207,0.0,0.0,0.0,0.0,0.0,0.0,0.0,29.203861973860967,0.0,0.0,0.0,-645.5748735314115,0.0,0.0,630.3291090942207,0.0,0.0,0.0,0.0,800.1230797297416,0.0,-1000.0,982.6638859537987,0.0,0.0,0.0,0.0,0.0,0.0,0.0,0.0,-510.609770494571,0.0,0.0,0.0,0.06356575150289245,0.0,0.0,0.0,11.557409364134138,0.0,0.0,86.84721628607122,0.0,742.7659711983829,553.2941184099079,0.0,0.0,0.0,0.0,0.0,0.0,0.0,0.5778704682067068,0.0,0.0,0.0,0.0,0.0,0.0,0.0,0.0,0.0,0.0,0.0,0.0,34.67222809240241,0.0,0.0,263.7749800461052,-0.043340285115503016,0.08668057023100603,-0.014446761705167673,0.0,0.0,248.92635347310642,17.336114046201207,0.0,17.336114046201207,-1.86074290762501,899.5539801619195,0.0,0.0,200.06557926039056,-645.5748735314115,0.0,0.0,-368.3937971710423,0.0,0.0,0.0,0.0,0.0,0.0,0.0,0.0,0.0,0.0,0.0,0.0,0.0,0.0,0.0,0.0,0.0,0.0,-636.5259634928982,0.0,0.0,17.336114046201207,0.0,17.91398451440791,17.91398451440791,0.0,-271.99904152907965,0.0,271.99904152907965,-271.99904152907965,600.2299202339618,0.0,0.0,-876.548989308508,0.0,0.0,0.0,0.0,0.0,4.449602605191642,0.05778704682067069,0.0,0.0,0.0,-1000.0,746.1116273161373,0.0,0.0,0.0,0.0,584.9434824458484,0.0,0.0,0.0,0.0,0.0,-234.6256818236877,-234.6256818236877,0.0,0.0,0.0,0.0,0.0,0.0,0.0,-234.56789477686704,0.0,0.0,0.0,-650.3344664757017,0.0,0.0,0.0,0.0,0.0,0.0,0.0,0.0,0.0,0.0,0.0,0.0,0.0,0.0,0.0,-1000.0,0.0,0.0,0.0,0.0,0.0,510.609770494571,0.0,-0.043340285115503016,0.043340285115503016,0.0,0.0,0.0,0.0,0.0,0.0,0.0,0.0,-50.415306375208026,0.0,0.0,0.0,0.0,0.0,0.0,0.0,0.0,0.0,0.0,0.0,0.0,0.0,914.064554498339,164.7660014822,645.5748735314115,0.0,0.0,0.0,276.3190690745462,4.320027545466534,0.0,0.0,0.0,0.0,86.84721628607122,645.5748735314115,0.0,0.0,0.0,0.0,0.0,0.0,0.0,0.0,0.0,0.0,0.0,0.0,0.0,0.0,263.7316397609897,0.0,-645.5748735314115,0.0,0.0,276.3190690745462,-10.343881380900058,0.0,0.0,0.0,157.67210578070893,0.0,0.0,-1000.0,-351.25894058761605,238.1956440092128,-648.741059412384,0.0,589.4545845968289,-0.08668057023100603,0.0,0.0,510.609770494571,0.0,192.7338021130205,0.0,0.0,0.0,157.20125954414146,0.0,-157.20125954414146,0.0,355.3894411676348,0.0,276.3190690745462,0.0,0.0,0.0,0.0,86.84721628607122,-0.08668057023100603,0.0,0.0,0.0,0.0,0.05778704682067069,0.0,0.0,0.0,978.3438584083322,0.0,0.0,-451.60566232120243,1000.0,0.0,1000.0,0.0,0.0,0.0,-368.3937971710423,0.0,0.0,0.0,-4.9754647312599,0.0,4.9754647312599,-1000.0,-1000.0,0.0,0.0,0.0,0.0,0.0,0.0,0.0,0.0,0.0,0.0,0.0,0.0,0.0,0.0,0.0,0.0,0.0,-200.41089575244382,0.0,-1000.0,0.0,0.0,0.0,1000.0,0.0,0.0,-4.449602605191642,0.0,899.5539801619195,0.0,0.0,197.17622691935694,0.0,481.44763990589195,-488.6261393162632,0.0,0.0,0.0,0.0,552.3441414064481,-635.1298646817411,-481.44763990589195,-112.8513264844488,404.9357582564424,-1.4446761705167672,-2.8893523410335344,-358.64690476099946,0.0,0.0,362.08129569724355,288.89512541796944,17.336114046201207,0.0,0.0,0.0,0.0,0.0,0.0,0.0,-914.064554498339,914.064554498339,914.064554498339,131.0565489168573,0.0,618.4166975753063,-590.0729100381432,0.0,0.0,0.0,0.0,0.0,-102.62463650240382,0.0,-343.75000000001074,0.0,0.0,0.0,0.0,0.0,-106.45848524786392,0.11557409364136711,0.0,0.0,0.0,0.0,0.0,0.0,0.0,0.0,0.0,0.0,0.0,0.0,0.0,0.0,0.0,0.0,0.0,0.0,0.0,0.06356575150289245,0.06356575150289245,0.0,0.0,0.0,34.67222809240241,0.0,0.0,0.0,1000.0,0.0,626.0171442766783,0.0,0.0,0.0,1000.0,-1000.0,0.0,0.0,663.4154294738902,0.0,0.0,0.0,0.0,0.0,0.0,0.0,0.0,0.0,0.0,212.1753211642994,-978.3438584083322,253.8883726838627,0.0,4.449602605191642,0.0,248.92635347310642,0.0,-4.320027545466534,0.0,996.684464098972,0.0,-106.45848524786392,1000.0,0.0,0.0,914.064554498339,0.0,0.0,0.0,0.0,0.0,0.0,0.0,0.0,0.0,0.0,0.0,0.0,0.0,34.67222809240241,276.3190690745462,276.3190690745462,0.0,0.0,0.0,0.0,0.0,0.0,0.0,0.0,0.0,0.0,0.5778704682067068,0.0,0.0,0.0,0.0,0.0,0.0,0.0,0.0,17.336114046201207,-663.4154294738902,0.0,0.0,0.0,0.0,0.0,0.0,0.0,0.0,0.0,0.0,0.0,0.0,17.336114046201207,17.336114046201207,1000.0,-1000.0,0.0,0.0,0.0,0.0,0.0,0.0,0.0,645.5748735314115,0.0,1000.0,0.05778704682067069,0.0,0.0,4.660112561466943,0.0,0.0,0.0,-248.92635347310642,0.0,0.0,0.0,0.0,0.0,0.0,0.2550412231560004,0.0,0.0,0.0,0.0,0.0,0.0,0.0,0.05778704682067069,0.0,0.0,0.0,0.0,0.0,0.0,0.0,0.0,0.0,-6.310345512816652,969.896580398364,0.0,-68.4818573288195,-799.5891042475562,-4.334028511550302,0.0,-2.8893523410335344,0.0,0.0,0.0,0.0,0.0,0.0,0.0,0.0,0.0,0.0,0.0,276.3190690745462,0.0,0.0,0.0,291.784477759003,0.0,0.0,0.0,-0.05778704682067069,0.0,0.0,0.05778704682067069,0.0,0.05778704682067069,0.7651236694680013,0.0,0.0,34.67222809240241,70.50019712121824,70.50019712121824,0.0,0.0,0.0,0.0,0.0,0.0,0.0,253.8883726838627,0.0,0.0,0.0,0.0,0.0,0.0,0.0,0.0,0.0,0.0,0.0,0.0,0.0,0.0,0.0,0.0,0.0,0.0,0.0,4.320027545466534,0.0,-1000.0,1000.0,0.08668057023100603,0.0,0.0,0.0,-17.336114046201207,0.0,0.0,0.0,0.0,0.0,0.0,2.8893523410335344,0.0,0.0,0.0,0.0,0.0,-1.86074290762501,-2.8893523410335344,0.0,-343.75000000001074,0.0,0.0,0.0,0.0,0.0,276.3190690745462,0.0,663.4154294738902,0.0,-914.064554498339,0.0,956.8080744773758,-368.3937971710423,0.0,0.0,968.035837490739,-968.035837490739,0.0,-80.8440785021183,0.0,2.8893523410335344,1000.0,0.0,260.6781464251914,0.0,-102.62463650240382,0.0,0.0,0.0,0.0,0.0,0.0,0.0,0.0,0.0,0.0,-8.668057023100573,70.50019712121824,0.0,0.0,0.0,0.0,0.0,0.0,0.0,0.0,0.0,0.0,0.0,0.0,4.334028511550302,-4.660112561466943,-210.77026618475014,0.0,17.336114046201207,0.0,0.0,0.0,0.0,-158.71429701569457,0.0,0.0,0.06356575150289245,0.0,0.0,0.0,35.25009856060912,0.0,0.0,0.0,0.0,164.7660014822,0.0,0.0,0.0,0.0,0.0,0.0,0.0,0.0,0.0,0.0,0.005778704682067069,0.005778704682067069,0.0,0.0,0.0,0.0,0.0,0.7651236694680013,0.0,0.0,0.0,4.660112561466943,0.0,0.0,0.0,0.0,0.0,0.0,0.0,0.0,0.0,0.0,0.0,0.0,0.0,510.609770494571,0.0,0.0,0.0,0.0,0.0,0.0,263.8183203312207,0.0,0.0,0.0,34.67222809240241,0.0,0.0,0.0,0.0,0.0,0.0,-34.67222809240241,0.0,0.0,0.0,0.0,0.0,0.0,0.0,0.0,0.0,0.0,0.0,0.0,-1000.0,-1000.0,39.58412707215942,-17.336114046201207,0.0,0.0,799.3579560602735,0.0,0.0,0.0,0.0,0.0,0.0,0.0,0.0,0.0,0.0,0.0,0.0,0.0,0.0,0.0,0.0,0.0,-7.223380852583836,276.3190690745462,-201.51025543090725,4.334028511550263,0.0,0.0,0.0,0.0,0.0,717.7722776361556,-718.494615721414,102.62463650240382,0.0,0.0,0.0,0.0,0.0,0.0,0.0,1000.0,17.336114046201207,17.336114046201207,0.0,0.0,0.0,0.0,0.0,0.06356575150289245,0.0,0.0,0.0,-800.1230797297416,0.0,0.0,0.0,0.0,0.0,0.0,0.0,0.0,0.0,0.0,0.0,0.0,0.0,0.0,485.78063084780354,0.0,0.0,17.91398451440791,0.0,60.676399161704225,0.0,0.0,4.449602605191642,0.0,0.0,0.0,0.0,0.0,0.0,0.0,0.0,0.0,-7.223380852583836,0.0,0.0,0.0,0.0,0.0,0.0,0.0,0.0,0.0,0.0,0.0,0.0,0.0,0.0,0.0,0.0,0.0,0.0,-0.05778704682067069,0.0,0.0,2.8893523410335344,-1000.0,0.0,0.0,0.0,0.0,276.3190690745462,0.0,0.0,0.0,4.9754647312599,1.4446761705167672,0.0,0.0,29.203861973860967,0.05778704682067069,0.0,57.78704682067068,0.0,11.557409364134138,0.41276462014764775,197.05382965848702,-0.043340285115503016,601.477465800712,1.155740936413414,0.4761884353647474,-197.05382965848702,17.336114046201207,-0.05778704682067069,122.79793239034744,0.0,0.014446761705167673,0.41276462014764775,-368.3937971710423,-9.199697853850186,-1.155740936413414,-263.8183203312207,-0.05778704682067069,0.014446761705167673,-197.05382965848702,5.778704682067069,0.05778704682067069,0.05778704682067069,0.12135279832356315,0.06356575150273776,0.0,-0.043340285115503016,17.336114046201207,0.05778704682067069,17.336114046201207,-28.893523410335344,-0.028893523410335346,151.8441118962362,-10.156519274354274,-0.043340285115503016,-0.05778704682067069,0.0,0.05778704682067069,5.778704682067069,-1.155740936413414,4.320027545466534,4.320027545466534,-5.778704682067069,263.8183203312207,-4.320027545466534,11.557409364134138,0.08668057023100603,-1000.0,5.778704682067069,-212.1753211642994,0.0,-11.557409364134138,0.028893523410335346,0.5778704682067068,112.90141558030061,-902.5071451342048,-0.05778704682067069,-13.002085534650874,-0.12135279832356315,17.91398451440791,0.05778704682067069,9.199697853850186,-69.3444561848047,0.0,-0.05778704682067069,-0.014446761705167673,0.0,-0.05778704682067069,-106.45848524786392,0.057787046820635624,-0.014446761705167673,-0.014446761705167673,-0.014446761705167673,23.114818728268276,28.893523410335344,0.5778704682067068,42.81297831326424,-0.014446761705167673,103.00489877025377,2.8893523410335344,56.118594964965496,0.05778704682067069,0.028893523410335346,0.028893523410335346,-132.38082985520603,0.0,0.05778704682067069,0.0,0.5778704682067068,0.05778704682067069,-42.81297831326424,0.05778704682067069,0.23114818728270858,-0.4761884353647474,0.028893523410335346,0.014446761705167673,17.336114046201207,-0.05778704682067069,0.0,0.577870468206707,-85.62595662652848,600.0327896301952,-5.778704682067069,11.557409364134138,2.8893523410335344,-0.05778704682067069,368.3937971710423,0.08668057023100603,-0.05778704682067069,264.76165971041206,0.0,231.5806641419,0.028893523410335346,-112.23718992993099,-0.05778704682067069,-0.057787046820635624,-0.05778704682067069,0.028893523410335346,197.05382965848702,-11.557409364134138,0.05778704682067069,225.80283116060122,-0.014446761705167673,-0.06356575150273776,-225.80283116060122,8.668057023100602,10.156519274354274,-14.408532900824062,197.05382965848702,-0.043340285115503016,13.002085534650874,902.5071451342048,0.05778704682067069,-0.01444676170516767,2.8893523410335344,57.78704682067068,-0.028893523410335346,-0.05778704682067069,0.014446761705167673,1000.0,0.0,999.9711064765896,0.0,-456.12443513741033,0.0,185.33691184338542,-1000.0,0.0,76.24942698327817,225.77983889005083,-714.4771111576473,0.0,-38.124713491639085,228.06221756870517,-112.88991944502541,0.0,500.0,0.0,-72.86636712620542,0.0,714.4771111576473,-72.86636712620542,-185.33691184338542,124.45133167306153,0.0,1496.5981,bhi
177,0.0,0.0,0.0,0.0,0.0,0.0,0.0,0.0,-0.0646261611963074,0.0,0.0,0.0,0.0,0.0,0.0,0.0,227.01161492151834,-755.099563214662,0.0,959.2257760789255,0.0,0.0,0.0,0.0,0.0,0.0,0.0,0.0,0.0,1000.0,0.0,0.0,0.0,0.0,0.0,0.0,0.0,-176.33267361101267,0.0,-1000.0,980.6121516411077,0.0,0.0,0.0,0.0,0.0,0.0,0.0,-227.01161492151834,-343.7344534380444,0.0,0.0,0.0,0.07108877731588725,0.0,0.0,0.0,12.92523223926148,0.0,0.0,148.0153828721006,0.0,-413.3219527426395,-766.5928927826004,74.9267436271391,0.0,0.0,0.0,1000.0,-324.42280461346616,0.0,0.646261611963074,0.0,0.0,0.0,0.0,0.0,0.0,0.0,0.0,0.0,0.0,0.0,0.0,38.77569671778444,0.0,13.388647502565023,1000.0,-544.8252504111983,729.3576982329844,-0.01615654029907685,0.0,0.0,841.2970013451775,19.38784835889222,0.0,19.38784835889222,-2.080962390521302,0.0,0.0,0.0,3.23130805981537,549.7976317988661,0.0,0.0,-106.8798877626867,0.0,0.0,0.0,0.0,0.0,0.0,0.0,0.0,0.0,0.0,0.0,0.0,0.0,0.0,0.0,0.0,0.0,0.0,-204.1117844213928,0.0,0.0,19.38784835889222,0.0,20.03410997085529,0.0,0.0,0.0,0.0,0.0,0.0,0.0,968.6875,-968.6875,-501.2863229120615,0.0,0.0,0.0,0.0,0.0,18.364861914680663,0.0646261611963074,0.0,0.0,0.0,0.0,-635.1384784472078,0.0,0.0,0.0,0.0,752.9826887887851,0.0,0.0,0.0,0.0,0.0,192.4243630485394,192.4243630485394,0.0,0.0,0.0,-343.75,648.6086699103312,0.0,0.0,192.4889892097357,0.0,0.0,0.0,-1000.0,-269.15787117042566,0.0,0.0,0.0,0.0,0.0,0.0,0.0,0.0,0.0,0.0,0.0,0.0,0.0,0.0,26.971461932356732,0.0,0.0,0.0,0.0,0.0,343.7344534380444,0.0,-184.53244782178604,184.53244782178604,0.0,0.0,0.0,0.0,0.0,0.0,0.0,450.20236820113394,-278.2975114855776,0.0,0.0,0.0,0.0,0.0,0.0,0.0,0.0,0.0,0.0,0.0,0.0,0.0,0.0,-137.0991794023837,-1000.0,0.0,0.0,0.0,501.2863229120615,0.0,0.0,0.0,0.0,0.0,148.0153828721006,-1000.0,0.0,0.0,0.0,0.0,0.0,0.0,0.0,0.0,0.0,0.0,0.0,0.0,956.2723739127083,595.979571323296,588.4559372566956,0.0,1000.0,0.0,0.0,501.2863229120615,-226.67393672411373,0.0,0.0,0.0,-233.53696204941582,0.0,0.0,-389.5947987582707,-389.5947987582707,0.0,0.0,0.0,389.5947987582707,-729.3576982329844,0.0,-753.3946200360042,343.7344534380444,0.0,180.30698973769762,0.0,0.0,0.0,96.65985924941464,0.0,-96.65985924941464,0.0,1000.0,0.0,501.2863229120615,0.0,-343.75,0.0,0.0,148.0153828721006,-0.09693924179446109,0.0,0.0,0.0,0.0,0.0646261611963074,0.0,0.0,0.0,-46.35931029124895,227.01161492151834,0.0,-816.4471376855712,354.4353181279175,269.15787117042566,1000.0,0.0,1000.0,0.0,-106.8798877626867,0.0,0.0,0.0,-5.564312479002016,-994.4356875209979,0.0,-1000.0,772.4256068861724,0.0,0.0,0.0,0.0,0.0,0.0,0.0,0.0,0.0,0.0,0.0,0.0,0.0,0.0,0.0,0.0,0.0,-1000.0,0.0,-823.9258310337725,0.0,0.0,0.0,0.0,0.0,0.0,-18.364861914680663,0.0,0.0,0.0,0.0,0.0,0.0,0.0,-451.2367193002893,0.0,-5.564312479002016,547.9497695305633,0.0,0.0,-87.01912605082792,0.0,448.00541124047396,0.0,-1.615654029907685,-3.23130805981537,-518.7940496576938,0.0,81.19991298594505,0.0,0.0,19.38784835889222,0.0,0.0,0.0,608.5137943727182,0.0,0.0,437.49999999999994,437.49999999999994,-437.49999999999994,-437.5,-92.42486953240336,0.0,0.0,-847.806205620352,0.0,0.0,450.20236820113394,0.0,0.0,-178.4782621627303,0.0,0.0,0.0,0.0,0.0,0.0,0.0,-791.6255062084838,0.12925232239254314,0.0,0.0,0.0,0.0,0.0,0.0,0.0,0.0,0.0,675.5771953865338,0.0,0.0,0.0,0.0,0.0,0.0,0.0,0.0,0.0,0.07108877731588725,0.07108877731588725,0.0,511.9444012372091,0.0,38.77569671778444,0.0,0.0,0.0,1000.0,0.0,0.0,13.388647502565023,0.0,0.0,730.8846085555128,-1000.0,0.0,0.0,0.0,0.0,0.0,0.0,0.0,0.0,0.0,0.0,0.0,0.0,0.0,68.0372614737976,46.35931029124895,635.1384784472078,0.0,18.364861914680663,0.0,0.0,841.2970013451775,841.2970013451775,0.0,730.8846085555128,0.0,0.0,-60.74089765297094,0.0,0.0,0.0,0.0,0.0,0.0,0.0,0.0,0.0,0.0,0.0,0.0,0.0,0.0,0.0,0.0,38.77569671778444,501.2863229120615,501.2863229120615,0.0,0.0,0.0,0.0,0.0,0.0,0.0,0.0,0.0,0.0,0.646261611963074,0.0,0.0,13.388647502565023,-13.388647502565023,0.0,0.0,0.0,0.0,19.38784835889222,0.0,0.0,0.0,0.0,0.0,0.0,0.0,0.0,0.0,0.0,-195.92221776648816,0.0,0.0,19.38784835889222,19.38784835889222,1000.0,-1000.0,0.0,0.0,0.0,0.0,0.0,0.0,0.0,633.3687535745446,450.20236820113394,761.2456278758247,0.0646261611963074,0.0,0.0,0.0,85.34807816846623,577.8657306831103,0.0,-841.2970013451775,0.0,0.0,0.0,0.0,0.0,0.0,0.0,0.0,0.0,0.0,0.0,0.0,0.0,0.0,0.0646261611963074,0.0,0.0,0.0,-1000.0,1000.0,0.0,0.0,0.0,0.0,-23.677132365017336,5.312270450336672,0.0,0.0,176.07416896622746,-4.846962089723055,-3.23130805981537,0.0,0.0,0.0,0.0,0.0,0.0,0.0,0.0,0.0,0.0,0.0,0.0,501.2863229120615,269.15787117042566,0.0,0.0,84.43122104576042,0.0,0.0,0.0,-0.0646261611963074,0.0,0.0,0.0646261611963074,0.0,0.0646261611963074,0.0,0.0,0.0,38.77569671778444,78.84391665949504,78.84391665949504,0.0,0.0,0.0,0.0,0.0,0.0,0.0,635.1384784472078,0.0,450.20236820113394,0.0,0.0,0.0,0.0,0.0,0.0,0.0,0.0,0.0,0.0,0.0,0.0,0.0,0.0,0.0,0.0,0.0,0.0,0.0,0.0,0.0,0.09693924179446109,0.0,0.0,0.0,-19.38784835889222,0.0,0.0,0.0,0.0,0.0,-511.9444012372091,3.23130805981537,0.0,0.0,0.0,343.75,-648.6086699103312,-5.312270450336672,0.0,0.0,0.0,0.0,0.0,0.0,0.0,0.0,501.2863229120615,0.0,0.0,-606.9068368335146,511.9444012372091,0.0,729.7807586639608,470.9858429204237,0.0,0.0,0.0,0.0,0.0,-305.5178533836088,0.0,3.23130805981537,724.2553353815193,0.0,0.0,0.0,-205.25555716786033,0.0,0.0,0.0,0.0,0.0,0.0,0.0,0.0,0.0,-4.846962089723073,-4.846962089723203,78.84391665949504,0.0,343.75,343.75,-343.75,0.0,0.0,0.0,0.0,0.0,0.0,0.0,0.0,521.6383254166552,-760.9252735550001,0.0,0.0,19.38784835889222,13.388647502565023,0.0,0.0,0.0,148.39825823960078,0.0,0.0,0.07108877731588725,0.0,0.0,0.0,39.42195832974751,0.0,0.0,0.0,0.0,-137.0991794023837,0.0,0.0,0.0,0.0,0.0,0.0,0.0,0.0,-912.270941979088,0.0,0.00646261611963074,0.00646261611963074,0.0,0.0,0.0,0.0,0.0,0.0,0.0,0.0,0.0,0.0,0.0,0.0,0.0,0.0,0.0,511.9444012372091,0.0,0.0,0.0,0.0,0.0,0.0,0.0,343.7344534380444,0.0,0.0,0.0,26.777295005130046,1000.0,-567.1572290355602,-755.099563214662,0.0,0.0,0.0,38.77569671778444,0.0,0.0,0.0,0.0,0.0,0.0,-38.77569671778444,0.0,26.777295005130046,0.0,0.0,0.0,0.0,0.0,0.0,0.0,0.0,0.0,0.0,1000.0,183.16638537341066,44.26892041947058,0.0,-19.38784835889222,0.0,-176.33267361101267,0.0,0.0,0.0,0.0,0.0,0.0,0.0,0.0,0.0,0.0,0.0,0.0,0.0,0.0,0.0,0.0,0.0,-8.078270149538426,501.2863229120615,-4.846962089723055,0.0,0.0,0.0,0.0,0.0,0.0,32.203220109736286,-33.01104712469013,178.4782621627303,0.0,0.0,0.0,0.0,0.0,0.0,0.0,988.8200209896522,19.38784835889222,19.38784835889222,0.0,0.0,0.0,0.0,0.0,0.07108877731588725,511.9444012372091,0.0,0.0,176.33267361101267,0.0,0.0,0.0,0.0,0.0,0.0,0.0,0.0,0.0,0.0,0.0,0.0,0.0,0.0,0.0,0.0,0.0,0.0,0.0,67.85746925612277,18.364861914680663,0.0,0.0,0.0,0.0,0.0,511.9444012372091,0.0,0.0,0.0,0.0,0.0,-8.078270149538426,0.0,0.0,0.0,0.0,0.0,0.0,0.0,0.0,0.0,0.0,0.0,0.0,0.0,0.0,0.0,0.0,0.0,0.0,-0.0646261611963074,0.0,0.0,3.23130805981537,-730.8846085555128,0.0,0.0,0.0,0.0,501.2863229120615,0.0,0.0,0.0,5.564312479002016,1.615654029907685,0.0,0.0,0.0,0.0646261611963074,0.0,64.6261611963074,-20.03410997085529,12.925232239261481,0.4616154371164814,180.30698973769762,-0.048469620897230545,3.231308059815433,1.292523223926148,-0.32313080598152055,-180.30698973769762,19.38784835889222,-0.0646261611963074,35.6266292542289,0.0,0.01615654029907685,0.4616154371164814,-106.8798877626867,-23.677132365017336,-1.292523223926148,-431.1378277857818,-0.0646261611963074,0.01615654029907685,-180.30698973769762,30.622466635232954,0.0646261611963074,0.0646261611963074,-511.8086862986969,-13.317558725249086,0.0,-0.048469620897230545,19.38784835889222,0.0646261611963074,19.38784835889222,-32.313080598153704,-0.0323130805981537,-539.2229132634118,-6.527242280827047,-0.048469620897230545,-0.0646261611963074,-20.03410997085529,0.0646261611963074,6.46261611963074,-1.292523223926148,0.0,0.0,-6.462616119630738,431.1378277857818,0.0,12.92523223926148,0.09693924179446109,-1000.0,6.46261611963074,-68.0372614737976,0.0,-12.92523223926148,0.032313080598153694,0.646261611963074,204.1117844213928,524.8696334764705,-0.0646261611963074,-526.4852875063784,511.8086862986969,20.03410997085529,0.0646261611963074,23.677132365017336,-101.711243951171,0.0,-0.0646261611963074,-0.01615654029907685,0.0,-0.0646261611963074,-791.6255062084838,0.06462616119630744,-0.01615654029907685,-0.01615654029907685,-0.01615654029907685,25.85046447852296,32.313080598153704,0.646261611963074,47.87990717631524,-0.01615654029907685,372.59693958855667,3.23130805981537,399.04406116405727,0.0646261611963074,0.0323130805981537,0.0323130805981537,-244.1805453364,20.03410997085529,0.0646261611963074,-20.03410997085529,0.646261611963074,0.0646261611963074,-47.87990717631524,0.0646261611963074,0.2585046447852051,0.32313080598152055,0.0323130805981537,0.01615654029907685,19.38784835889222,-0.0646261611963074,0.0,0.646261611963074,-95.75981435263049,1.6156540299076223,-6.46261611963074,12.92523223926148,3.23130805981537,-0.0646261611963074,106.8798877626867,0.09693924179446109,-0.0646261611963074,488.3610906728,20.03410997085529,84.05194238374719,0.0323130805981537,-798.0881223281145,-0.0646261611963074,-0.06462616119630744,-0.0646261611963074,0.0323130805981537,180.30698973769762,-12.92523223926148,0.0646261611963074,408.2235688427856,-0.01615654029907685,13.317558725249086,-408.2235688427856,9.693924179446109,6.527242280827047,535.0192593611858,180.30698973769762,-0.048469620897230545,526.4852875063784,-524.8696334764705,0.0646261611963074,-0.01615654029907685,3.23130805981537,64.6261611963074,-0.0323130805981537,-0.0646261611963074,0.01615654029907685,1000.0,0.0,999.9676869194019,0.0,999.3574660187513,0.0,84.27725299150401,469.55760475798525,24.159850515602216,269.9307126031821,-1000.0,-107.56751245601447,0.0,-134.96535630159104,-499.67873300937566,500.0,-24.159850515602216,-234.77880237899262,-511.9444012372091,-232.45020062334797,0.0,107.56751245601447,-232.45020062334797,-84.27725299150401,89.76294041152214,0.0,1496.5981,bhi
178,0.0,0.0,0.0,0.0,0.0,0.0,0.0,0.0,-0.08713640517414807,0.0,0.0,0.0,0.0,0.0,0.0,0.0,111.54705854989425,0.0,0.0,610.1687013853909,0.0,0.0,0.0,0.0,0.0,0.0,0.0,0.0,0.0,172.43736332247,0.0,0.0,941.2252585646127,0.0,0.0,0.0,0.0,502.5599965693018,0.0,-1000.0,60.5772717818319,0.0,-716.0155781276358,0.0,0.0,0.0,960.0154158600064,0.0,-1000.0,-447.8341032232261,0.0,0.0,0.0,0.09585004569158716,0.0,0.0,0.0,0.0,0.0,0.0,72.0705858220554,0.0,-832.8373901088794,-1000.0,0.0,0.0,0.0,0.0,0.0,0.0,0.0,0.8713640517414808,0.0,0.0,0.0,0.0,0.0,0.0,0.0,341.2698345815965,0.0,0.0,517.4672013091191,0.0,52.28184310448885,0.0,0.0,642.0210667791162,574.4548585895855,393.6927760166894,641.7445501596317,0.0,0.0,0.0,26.140921552244425,0.0,26.140921552244425,0.0,0.0,0.0,689.2628941086599,675.3357706391055,-674.0840252914861,0.0,0.0,-226.1829311198893,0.0,0.0,0.0,0.0,0.0,0.0,0.0,0.0,0.0,0.0,0.0,0.0,0.0,0.0,0.0,0.0,0.0,0.0,-702.9671412725395,0.0,0.0,26.140921552244425,0.0,27.0122856039859,0.0,0.0,361.55774447846585,-361.55774447846585,0.0,0.0,0.0,0.0,0.0,-239.23319571317603,0.0,0.0,0.0,0.0,0.0,-510.7576981107097,0.08713640517414807,641.7663342609252,0.0,0.0,0.0,0.0,0.0,0.0,171.79569279954077,0.0,278.5700933033609,0.0,0.0,0.0,0.0,0.0,40.07172054516768,40.07172054516768,0.0,0.0,0.0,0.0,545.5442768750831,0.0,0.0,40.15885695034183,0.0,0.0,0.0,0.0,-388.3944093416616,0.0,0.0,0.0,0.0,0.0,0.0,0.0,0.0,0.0,-80.09768292407375,0.0,0.0,0.0,0.0,-1000.0,0.0,0.0,0.0,0.0,0.0,447.8341032232261,716.0155781276358,-968.1476346062748,968.1476346062748,239.23319571317603,0.0,0.0,0.0,0.0,0.0,0.0,846.5213886139561,-1000.0,0.0,0.0,0.0,0.0,0.0,0.0,0.0,0.0,0.0,0.0,0.0,0.0,0.0,0.0,-37.66035431626672,0.0,0.0,0.0,0.0,0.0,-111.25521366171523,0.0,0.0,0.0,0.0,72.0705858220554,0.0,0.0,0.0,381.2406326292193,0.0,0.0,0.0,0.0,0.0,2.8057922466074885,17.427281034829615,0.0,0.0,0.0,826.5869150682245,-610.1109896995229,0.0,0.0,0.0,0.0,239.23319571317603,765.0553663038195,0.0,0.0,0.0,-287.8699386345578,0.0,0.0,-642.7733694799051,0.0,0.0,-642.7733694799053,0.0,0.0,-393.6927760166894,0.0,0.0,447.8341032232261,0.0,115.13258838441232,0.0,0.0,0.0,-252.53872947571588,0.0,252.53872947571588,0.0,1000.0,0.0,0.0,0.0,0.0,0.0,0.0,72.0705858220554,-0.1307046077612221,0.0,0.0,0.0,0.0,0.08713640517414807,0.0,0.0,0.0,843.0753041496873,111.54705854989425,0.0,-150.78862074659287,466.4930473729343,388.3944093416616,-117.93881765740848,0.0,221.5484139829391,0.0,-226.1829311198893,0.0,0.0,0.0,-7.5024444854941725,-214.04596949744493,0.0,515.7179213081548,-1000.0,0.0,0.0,0.0,0.0,0.0,0.0,0.0,0.0,0.0,0.0,0.0,0.0,0.0,0.0,0.0,0.0,381.2406326292193,0.0,0.0,-594.3902996569614,171.79569279954077,91.48175746696293,0.0,1000.0,0.0,0.0,507.95190586410223,0.0,0.0,0.0,0.0,670.978950380398,0.0,0.0,-1000.0,-2.178410129353702,214.04596949744493,0.0,-634.326087076156,0.0,-117.32916956699039,0.0,117.57742427171803,0.0,0.0,629.9692668174486,0.0,0.0,311.4163338244078,413.79745021352926,0.0,26.140921552244425,0.0,0.0,0.0,34.07266019302165,0.0,0.0,0.0,0.0,0.0,0.0,281.85045777928826,0.0,0.0,0.0,0.0,0.0,846.5213886139561,0.0,0.0,-95.09202406906516,0.0,0.0,204.6570109914848,0.0,0.0,0.0,0.0,-63.80127586851114,0.1742728103483234,0.0,0.0,0.0,0.0,0.0,0.0,0.0,0.0,0.0,0.0,0.0,0.0,0.0,0.0,0.0,0.0,0.0,0.0,0.0,0.09585004569158716,0.09585004569158716,0.0,119.64966013674236,0.0,52.28184310448885,0.0,0.0,0.0,-164.52389970033613,0.0,0.0,0.0,0.0,0.0,728.2100211704516,164.52389970033613,0.0,0.0,0.0,0.0,0.0,204.6570109914848,0.0,0.0,0.0,0.0,0.0,0.0,0.0,234.32238042417984,-843.0753041496873,0.0,42.57628027937551,6.70950319840943,0.0,0.0,0.0,-127.9779820514608,0.0,728.2100211704516,0.0,664.4087453019404,0.0,-312.50000000000017,312.50000000000017,0.0,0.0,0.0,0.0,0.0,0.0,0.0,0.0,0.0,0.0,0.0,0.0,0.0,0.0,52.28184310448885,239.23319571317603,239.23319571317603,0.0,0.0,0.0,0.0,0.0,0.0,0.0,0.0,0.0,0.0,0.8713640517414808,0.0,0.0,0.0,0.0,0.0,716.0155781276358,0.0,0.0,26.140921552244425,0.0,0.0,0.0,0.0,42.57628027937551,0.0,0.0,0.0,0.0,0.0,791.3705606664122,-468.840529798078,0.0,26.140921552244425,26.140921552244425,191.26495638688132,164.52389970033613,0.0,204.6570109914848,0.0,0.0,0.0,0.0,0.0,-841.6338960166687,846.5213886139561,-951.362037708164,0.08713640517414807,0.0,0.0,115.07607109034454,0.0,552.6606721933454,0.0,0.0,0.0,0.0,0.0,0.0,0.0,0.0,0.0,0.0,0.0,0.0,0.0,0.0,0.0,0.0,0.08713640517414807,0.0,0.0,0.0,0.0,0.0,0.0,0.0,0.0,91.48175746696293,0.0,1000.0,0.0,-86.43839379285906,-1000.0,-6.535230388061106,-4.356820258707404,0.0,0.0,0.0,0.0,0.0,0.0,0.0,0.0,0.0,0.0,0.0,0.0,239.23319571317603,388.3944093416616,0.0,0.0,315.7731540831152,0.0,0.0,0.0,-0.08713640517414807,0.0,0.0,0.08713640517414807,0.0,0.08713640517414807,0.0,0.0,0.0,52.28184310448885,106.30641431246066,106.30641431246066,0.0,0.0,0.0,0.0,0.0,0.0,0.0,0.0,0.0,846.5213886139561,0.0,0.0,0.0,0.0,0.0,0.0,0.0,0.0,0.0,0.0,0.0,0.0,0.0,0.0,0.0,0.0,0.0,127.9779820514608,0.0,0.0,0.0,0.1307046077612221,0.0,0.0,0.0,-26.140921552244425,0.0,0.0,0.0,0.0,0.0,-119.64966013674236,4.356820258707404,0.0,0.0,0.0,0.0,-545.5442768750831,-1000.0,0.0,0.0,0.0,0.0,0.0,0.0,0.0,0.0,239.23319571317603,0.0,0.0,0.0,119.64966013674236,0.0,-797.8429929663502,326.47774107345606,405.6097003430387,-492.04809413589777,86.43839379285906,0.0,171.79569279954077,658.7489519913588,0.0,4.356820258707404,1000.0,0.0,0.0,0.0,-95.09202406906516,0.0,0.0,0.0,0.0,0.0,0.0,0.0,0.0,0.0,67.02722214795153,0.0,106.30641431246066,0.0,0.0,0.0,0.0,0.0,0.0,0.0,0.0,0.0,2.8057922466074885,0.0,0.0,139.25535130092578,-115.07607109034454,0.0,-716.0155781276358,26.140921552244425,0.0,0.0,0.0,0.0,-235.50694605909078,0.0,0.0,0.09585004569158716,0.0,0.0,0.0,53.15320715623033,0.0,0.0,0.0,0.0,-37.66035431626672,0.0,0.0,0.0,0.0,0.0,0.0,0.0,0.0,-1000.0,0.0,21.205588911884103,0.008713640517414809,0.0,0.0,0.0,0.0,0.0,0.0,0.0,0.0,0.0,115.07607109034454,0.0,0.0,0.0,0.0,0.0,119.64966013674236,0.0,0.0,0.0,0.0,0.0,0.0,0.0,447.8341032232261,0.0,0.0,0.0,0.0,0.0,549.2783966128153,0.0,0.0,0.0,0.0,52.28184310448885,0.0,0.0,0.0,0.0,0.0,0.0,-52.28184310448885,0.0,0.0,0.0,0.0,0.0,0.0,0.0,0.0,0.0,0.0,0.0,0.0,951.362037708164,-1000.0,59.688437544291446,833.56617949367,-859.7071010459144,0.0,594.0417540362647,0.0,0.0,0.0,0.0,0.0,0.0,0.0,0.0,0.0,0.0,0.0,0.0,0.0,0.0,0.0,0.0,0.0,-10.89205064676851,239.23319571317603,-677.5141807684591,-6.535230388061109,0.0,0.0,0.0,0.0,0.0,0.0,-1.089205064676851,266.88771686860593,0.0,0.0,0.0,0.0,0.0,0.0,0.0,1000.0,26.140921552244425,26.140921552244425,0.0,0.0,0.0,0.0,341.2698345815965,0.09585004569158716,119.64966013674236,0.0,0.0,-594.0417540362647,21.19687527136669,0.0,0.0,0.0,0.0,0.0,0.0,0.0,0.0,0.0,0.0,0.0,0.0,0.0,0.0,0.0,0.0,0.0,0.0,91.49322543285548,6.70950319840943,0.0,0.0,0.0,0.0,0.0,119.64966013674236,0.0,995.6431797412926,0.0,0.0,0.0,-10.89205064676851,0.0,0.0,0.0,0.0,0.0,0.0,0.0,0.0,0.0,0.0,0.0,0.0,0.0,0.0,0.0,0.0,0.0,0.0,-0.08713640517414807,0.0,0.0,4.356820258707404,-728.2100211704516,0.0,0.0,0.0,0.0,239.23319571317603,0.0,0.0,0.0,7.5024444854941725,2.178410129353702,0.0,0.0,0.0,0.08713640517414807,0.0,87.13640517414807,-27.0122856039859,17.427281034829615,0.6224028941010576,243.11057043587311,-0.06535230388061106,839.8462954489065,1.7427281034829616,-0.43568202587080274,-243.11057043587311,26.140921552244425,-0.08713640517414808,75.39431037329643,204.6570109914848,0.02178410129353702,0.6224028941010576,-226.1829311198893,-13.872115703724319,-1.7427281034829616,-721.7157599352852,-0.08713640517414808,0.02178410129353702,-243.11057043587311,8.713640517414808,0.08713640517414808,0.08713640517414807,-119.46667368587661,0.09585004569156161,0.0,-0.06535230388061106,26.140921552244425,0.08713640517414808,26.140921552244425,-43.56820258707404,-0.04356820258707404,173.7957689364177,102.45443673912628,-0.06535230388061106,-0.08713640517414808,-27.0122856039859,0.08713640517414807,8.713640517414808,-1.7427281034829616,127.9779820514608,127.9779820514608,-8.713640517414808,721.7157599352852,-127.9779820514608,17.427281034829615,0.1307046077612221,-1000.0,8.713640517414808,-234.32238042417984,204.6570109914848,-17.427281034829615,0.04356820258707404,0.8713640517414808,37.69715518664822,137.07694117157197,-0.08713640517414807,-139.25535130092578,119.46667368587661,27.0122856039859,0.08713640517414808,13.872115703724319,100.09332478250721,204.6570109914848,-0.08713640517414807,-0.02178410129353702,-204.6570109914848,-0.08713640517414808,-63.80127586851114,0.08713640517437546,-0.02178410129353702,-0.02178410129353702,-0.02178410129353702,34.85456206965923,43.56820258707404,0.8713640517414808,317.1117491628083,-0.02178410129353702,0.0,4.356820258707404,36.25745819296297,0.08713640517414807,0.04356820258707404,0.04356820258707404,111.04214601315721,27.0122856039859,0.08713640517414807,-27.0122856039859,0.8713640517414808,0.08713640517414808,-822.2208791216307,0.08713640517414808,0.3485456206966546,0.43568202587080274,0.04356820258707404,0.02178410129353702,26.140921552244425,-0.08713640517414808,0.0,0.8713640517414808,-634.2234983256166,837.6678853195527,-8.713640517414808,17.427281034829615,4.356820258707404,-0.08713640517414808,226.1829311198893,0.1307046077612221,-0.08713640517414808,-222.08429202631442,27.0122856039859,592.3461476176896,0.04356820258707404,-72.51491638592594,-0.08713640517414808,-0.08713640517437546,-0.08713640517414808,0.04356820258707404,243.11057043587311,-17.427281034829615,0.08713640517414807,75.39431037329643,-0.02178410129353702,-0.09585004569156161,-75.39431037329643,13.070460776122209,-102.45443673912628,91.47315796315604,243.11057043587311,-0.06535230388061106,139.25535130092578,-137.07694117157197,0.08713640517414808,-0.021784101293537014,4.356820258707404,87.13640517414807,-0.04356820258707404,-0.08713640517414808,0.02178410129353702,1000.0,0.0,999.956431797413,505.1091299588224,320.0921914482084,0.0,1000.0,-616.6732320455053,0.0,-1000.0,-659.8281400805956,780.4157119315205,0.0,500.0,-160.0460957241042,329.9140700402978,0.0,308.33661602275265,-119.64966013674236,-356.8392015585988,0.0,-780.4157119315205,-356.8392015585988,-1000.0,445.596517350039,0.0,1496.5981,bhi
179,0.0,0.0,0.0,0.0,0.0,0.0,0.0,0.0,266.9513410791976,0.0,0.0,0.0,0.0,0.0,0.0,0.0,-580.4888033965716,1000.0,0.0,43.356954514778295,0.0,0.0,0.0,0.0,0.0,84.05382508193549,0.0,0.0,0.0,-419.5111966034284,188.28272619366044,-188.28272619366044,235.70137078806692,0.0,0.0,0.0,0.0,-225.48469824708081,0.0,-1000.0,982.225363475728,0.0,0.0,0.0,0.0,0.0,0.0,0.0,1000.0,0.0,0.0,0.0,0.0,0.06517366725565399,0.0,0.0,0.0,11.849757682848,0.0,0.0,209.89041713644883,0.0,38.15328788628233,-585.563802479322,0.0,0.0,0.0,0.0,99.49610164529292,603.2681864073575,0.0,0.5924878841424001,0.0,0.0,0.0,0.0,0.0,0.0,0.0,0.0,0.0,0.0,0.0,0.0,35.549273048544,0.0,0.0,-537.1318488817933,260.54016724237863,202.32798387582807,124.0442592965373,0.0,0.0,-639.4474889356876,17.774636524272,0.0,17.774636524272,0.0,0.0,0.0,0.0,321.36780045905357,-419.5111966034284,0.0,0.0,0.0,0.0,139.70670314327265,0.0,0.0,0.0,0.0,0.0,0.0,0.0,0.0,0.0,0.0,0.0,0.0,0.0,0.0,0.0,0.0,-830.2651372930811,0.0,0.0,17.774636524272,0.0,18.367124408414398,18.367124408414398,0.0,-7.132390277157242,0.0,7.132390277157242,-7.132390277157242,-1000.0,-406.06250000000017,406.06250000000017,166.39249249794682,0.0,0.0,0.0,0.0,0.0,4.562156707896477,0.05924878841424,124.05907149364087,0.0,0.0,0.0,-1000.0,0.0,0.0,0.0,0.0,591.3167827068946,0.0,0.0,0.0,0.0,0.0,66.8937021207729,66.8937021207729,0.0,0.0,0.0,-281.25,0.0,0.0,0.0,255.2356771028476,0.0,0.0,0.0,-276.9087520013693,0.0,0.0,0.0,0.0,0.0,0.0,0.0,0.0,0.0,0.0,0.0,0.0,0.0,0.0,0.0,-391.60256356044636,0.0,0.0,0.0,0.0,0.0,0.0,0.0,-462.8681511182067,462.8681511182067,833.6075075020532,0.0,0.0,0.0,0.0,0.0,0.0,0.0,-1000.0,0.0,0.0,0.0,0.0,0.0,0.0,0.0,0.0,0.0,0.0,0.0,0.0,0.0,0.0,403.49164106032504,0.0,0.0,0.0,0.0,0.0,-473.0549964377408,0.0,0.0,0.0,0.0,209.89041713644883,0.0,188.28272619366044,0.0,0.0,0.0,0.0,0.0,0.0,0.0,190.190537180602,0.0,0.0,0.0,-501.82540288214045,221.58291547844476,0.0,0.0,0.0,0.0,0.0,833.6075075020532,-927.7164781346272,0.0,0.0,0.0,-315.22091392531013,0.0,0.0,-1000.0,0.0,0.0,-1000.0,0.0,0.0,-202.32798387582807,0.0,117.6206522783649,0.0,0.0,-158.514142571754,0.0,0.0,0.0,-1000.0,0.0,1000.0,0.0,255.11717952601907,0.0,0.0,0.0,-281.25,0.0,0.0,209.89041713644883,-0.08887318262136,0.0,0.0,0.0,0.0,0.05924878841424,0.0,0.0,0.0,-176.91512120874006,-580.4888033965716,0.0,-100.42516033008344,573.6998562649935,0.0,1000.0,0.0,50.74536360115039,0.0,0.0,0.0,0.0,0.0,-5.101320682466053,-45.644042918684335,0.0,321.0365228632386,-1000.0,0.0,0.0,0.0,0.0,0.0,0.0,0.0,0.0,0.0,0.0,0.0,0.0,0.0,0.0,0.0,0.0,0.0,-1000.0,0.0,-774.7522969065772,0.0,0.0,0.0,0.0,0.0,687.9109109198184,-6.469967694838033,0.0,0.0,0.0,0.0,318.4053610383416,-53.85205872660859,0.0,142.51787058851878,0.0,0.0,0.0,997.037560579288,0.0,-79.77849359977417,0.0,-304.68299052840155,1000.0,-1.481219710356,-1000.0,0.0,0.0,-1000.0,1000.0,-2.962439420712,17.774636524272,0.0,0.0,0.0,0.0,0.0,267.0105898676119,0.0,0.0,0.0,0.0,-139.77703472864556,0.0,0.0,0.0,0.0,0.0,0.0,0.0,0.0,-413.8266732291555,0.0,0.0,0.0,0.0,0.0,0.0,0.0,-614.2829954639469,0.11849757682851957,0.0,0.0,0.0,0.0,0.0,0.0,0.0,0.0,0.0,702.7642880526504,0.0,0.0,0.0,0.0,0.0,0.0,0.0,0.0,0.0,0.06517366725565399,0.06517366725565399,188.28272619366044,112.13707970035586,0.0,35.549273048544,0.0,0.0,0.0,1000.0,0.0,0.0,0.0,0.0,0.0,1000.0,-1000.0,0.0,0.0,0.0,0.0,0.0,0.0,0.0,0.0,0.0,0.0,0.0,0.0,0.0,276.7550457643604,176.91512120874006,1000.0,0.0,4.562156707896477,0.0,0.0,-639.4474889356876,-1000.0,0.0,1000.0,0.0,385.7170045360531,0.0,187.50000000000017,-187.50000000000017,0.0,0.0,0.0,0.0,0.0,0.0,0.0,0.0,0.0,0.0,0.0,0.0,0.0,0.0,35.549273048544,833.6075075020532,833.6075075020532,0.0,0.0,0.0,0.0,0.0,0.0,0.0,0.0,0.0,0.0,0.5924878841424001,0.0,188.28272619366044,0.0,0.0,188.28272619366044,0.0,0.0,0.0,17.774636524272,0.0,0.0,0.0,0.0,0.0,0.0,0.0,0.0,0.0,0.0,-873.0970786659869,41.63857178462755,0.0,17.774636524272,17.774636524272,980.744143765372,-1000.0,0.0,0.0,0.0,0.0,0.0,0.0,0.0,-901.5253262598102,0.0,-585.563802479322,0.05924878841424,0.0,0.0,0.0,4.777991579976925,0.0,0.0,639.4474889356876,0.0,0.0,0.0,0.0,0.0,0.0,0.0,0.0,0.0,0.0,0.0,0.0,0.0,0.0,0.05924878841424,0.0,0.0,0.0,0.0,0.0,0.0,0.0,0.0,0.0,-238.18169533784015,231.71172764300212,0.0,0.0,225.2477030934229,-4.443659131068,-2.962439420712,0.0,0.0,0.0,0.0,0.0,0.0,0.0,0.0,0.0,0.0,0.0,0.0,833.6075075020532,0.0,0.0,0.0,-1000.0,0.0,0.0,0.0,266.9513410791976,0.0,0.0,0.05924878841424,0.0,0.05924878841424,0.0,0.0,0.0,35.549273048544,72.2835218653728,72.2835218653728,0.0,0.0,0.0,0.0,0.0,0.0,0.0,1000.0,0.0,0.0,0.0,0.0,0.0,0.0,0.0,0.0,0.0,0.0,0.0,0.0,0.0,0.0,0.0,0.0,0.0,0.0,0.0,360.5525110643124,0.0,-84.05382508193549,84.05382508193549,0.08887318262136,0.0,0.0,0.0,-17.774636524272,0.0,0.0,0.0,0.0,0.0,-112.13707970035586,2.962439420712,0.0,0.0,0.0,281.25,0.0,-2.962439420712,0.0,0.0,0.0,0.0,0.0,0.0,0.0,0.0,833.6075075020532,0.0,0.0,-608.8052016836216,112.13707970035586,0.0,-11.849757682848,0.0,0.0,228.74928822229012,0.0,-228.74928822229012,0.0,-1000.0,0.0,2.962439420712,1000.0,0.0,0.0,-188.28272619366044,-413.8266732291555,0.0,0.0,426.16201358144167,-426.16201358144167,0.0,0.0,0.0,0.0,0.0,-8.887318262136034,0.0,72.2835218653728,0.0,0.0,0.0,188.28272619366044,0.0,0.0,0.0,0.0,0.0,190.190537180602,0.0,0.0,125.46805709355988,-707.5422796326274,1000.0,0.0,17.774636524272,0.0,0.0,0.0,0.0,-422.4593001869034,0.0,0.0,0.06517366725565399,0.0,0.0,0.0,36.1417609326864,0.0,0.0,0.0,0.0,403.49164106032504,0.0,0.0,0.0,0.0,0.0,0.0,0.0,0.0,-431.5520271565065,0.0,128.8377279040219,0.0059248788414240005,0.0,0.0,0.0,0.0,0.0,0.0,0.0,0.0,0.0,0.0,188.28272619366044,0.0,0.0,0.0,0.0,112.13707970035586,0.0,0.0,0.0,0.0,0.0,0.0,0.0,0.0,0.0,0.0,0.0,0.0,0.0,0.0,1000.0,0.0,0.0,0.0,35.549273048544,0.0,0.0,0.0,0.0,0.0,-35.549273048544,0.0,0.0,0.0,0.0,0.0,0.0,0.0,0.0,0.0,0.0,188.28272619366044,188.28272619366044,0.0,585.563802479322,-1000.0,40.58542006375441,0.0,-17.774636524272,0.0,-225.48469824708081,0.0,0.0,0.0,0.0,0.0,0.0,0.0,0.0,0.0,0.0,0.0,0.0,0.0,0.0,0.0,0.0,0.0,-7.40609855178,833.6075075020532,-322.8490201694096,-4.443659131067997,0.0,0.0,0.0,0.0,0.0,-1000.0,999.259390144822,413.8266732291555,0.0,0.0,0.0,0.0,0.0,0.0,0.0,1000.0,17.774636524272,17.774636524272,0.0,0.0,0.0,0.0,0.0,0.06517366725565399,112.13707970035586,0.0,0.0,225.48469824708081,128.83180302518048,0.0,0.0,0.0,0.0,0.0,0.0,0.0,0.0,0.0,0.0,0.0,0.0,0.0,0.0,0.0,0.0,18.367124408414398,0.0,62.211227834952005,4.562156707896477,0.0,0.0,0.0,0.0,0.0,112.13707970035586,0.0,0.0,0.0,0.0,0.0,-7.40609855178,0.0,0.0,0.0,0.0,0.0,0.0,0.0,0.0,0.0,0.0,0.0,0.0,0.0,0.0,0.0,0.0,0.0,0.0,-0.05924878841424,0.0,0.0,2.962439420712,-1000.0,0.0,0.0,0.0,0.0,833.6075075020532,0.0,0.0,0.0,5.101320682466053,1.481219710356,0.0,0.0,84.05382508193549,0.05924878841424,0.0,59.248788414239996,0.0,11.849757682848,0.42320563153028573,202.0383684925584,-0.04443659131068,162.1651199398828,1.1849757682848001,-0.2962439420721523,-202.0383684925584,17.774636524272,-0.05924878841424001,0.0,0.0,0.014812197103560002,0.42320563153028573,0.0,-9.432407115550035,187.09775042537564,-462.8681511182067,-0.05924878841424001,0.014812197103560002,-202.0383684925584,5.924878841424,0.05924878841424001,0.05924878841424,-112.01265724468597,0.06517366725566656,-849.9843662520138,-0.04443659131068,17.774636524272,0.05924878841424001,17.774636524272,-29.62439420712,-0.029624394207120004,258.6675835451192,467.07086880790257,-0.04443659131068,-0.059248788414240014,0.0,0.05924878841424,5.924878841424,-1.1849757682848001,360.5525110643124,360.5525110643124,-5.924878841424,462.8681511182067,-360.5525110643124,11.849757682848,0.08887318262136,-1000.0,5.924878841424,-276.7550457643604,0.0,-11.849757682848,0.02962439420712,0.5924878841424001,25.10629008252086,123.98683738320386,-0.05924878841424,-125.46805709355988,112.01265724468597,18.367124408414398,0.05924878841424001,9.432407115550035,-71.09854609708754,0.0,-0.05924878841424,-0.014812197103560002,0.0,-0.05924878841424001,-614.2829954639469,0.05924878841424001,-0.01481219710356,-0.014812197103560002,-0.01481219710356,23.699515365696,29.62439420712,0.5924878841424001,105.68380120581054,-0.01481219710356,50.21258016504172,2.962439420712,310.10393715268543,0.05924878841424,0.02962439420712,0.029624394207120004,5.924878841424,0.0,0.05924878841424,0.0,0.5924878841424001,0.05924878841424001,-229.25951138458612,0.05924878841424001,0.23699515365791513,0.2962439420721523,0.029624394207120004,0.014812197103560002,17.774636524272,-0.05924878841424001,849.9843662520138,-93.54887521268782,-211.36760241162108,160.6839002295268,-5.924878841424,11.849757682848,2.962439420712,-0.05924878841424001,0.0,0.08887318262136,-0.05924878841424001,-11.849757682848,0.0,722.0107548352125,0.029624394207120004,-620.2078743053709,-0.05924878841424001,-0.05924878841424001,-0.05924878841424001,0.029624394207120007,202.0383684925584,-11.849757682848,0.05924878841424,50.21258016504172,-0.014812197103560002,-0.06517366725566656,-50.21258016504172,8.887318262135999,-467.07086880790257,635.2485618983605,202.0383684925584,-0.04443659131068,125.46805709355988,-123.98683738320386,0.05924878841424001,-0.014812197103560003,2.962439420712,59.248788414239996,-0.02962439420712,-0.05924878841424001,0.01481219710356,1000.0,0.0,999.9703756057929,123.57571017877558,-395.7411186711096,0.0,-225.77913004617665,-237.01076901202163,0.0,-737.2356551477493,127.92727704579755,1000.0,0.0,368.61782757387465,197.8705593355548,-63.963638522898776,0.0,118.50538450601081,-112.13707970035586,-299.5514546483092,0.0,-1000.0,-299.5514546483092,225.77913004617665,-80.30273139525656,0.0,1496.5981,bhi
180,0.0,0.0,0.0,0.0,0.0,0.0,0.0,0.0,-0.07331637669894142,0.0,0.0,0.0,0.0,0.0,0.0,0.0,0.10997456504841215,0.0,0.0,444.8095398441792,0.0,0.0,0.0,603.3598297387846,0.0,399.68487890974393,0.0,0.0,0.0,-928.0406375673497,0.0,0.0,471.3707281187937,0.0,0.0,0.0,0.0,999.7067344932043,0.0,-1000.0,598.7679163872544,0.0,0.0,0.0,0.0,0.0,894.5883435409932,0.0,490.39640277697237,0.0,0.0,0.0,0.0,0.08064801436887592,0.0,0.0,0.0,14.663275339788285,0.0,0.0,-186.2814675455135,0.0,0.0,-381.96317788830504,0.0,0.0,0.0,0.0,0.0,107.9110089306406,0.0,0.7331637669894142,0.0,0.0,0.0,0.0,0.0,0.0,0.0,968.3653517651157,0.0,0.0,-36.640297535214756,0.0,43.989826019364855,0.0,245.0519754184908,0.0,-45.58686293279319,0.0,-0.018329094174735355,0.0,0.0,-77.42326117542946,21.994913009682428,0.0,401.23208361274556,-562.5966699347786,0.0,0.0,0.0,3.6658188349470713,-1000.0,0.0,0.0,-418.8908089419372,0.0,0.0,0.0,0.0,0.0,0.0,0.0,0.0,0.0,0.0,0.0,0.0,0.0,0.0,0.0,0.0,0.0,0.0,-556.4349113558196,0.0,0.0,401.23208361274556,0.0,22.728076776671838,2.830127017062182,0.0,-539.9441445579778,539.9441445579778,0.0,0.0,-195.68171034279155,0.0,0.0,0.0,0.0,0.0,0.0,0.0,0.0,287.33763395952406,0.07331637669894142,0.0,0.0,0.0,0.0,0.0,0.0,0.0,0.0,0.0,696.0021706038553,0.0,0.0,0.0,0.0,0.0,840.6408990911783,840.6408990911783,0.0,0.0,0.0,218.75,-185.94495664279054,0.0,0.0,840.7142154678772,0.0,0.0,0.0,566.5374107893429,0.0,0.0,0.0,0.0,0.0,0.0,0.0,0.0,0.0,0.0,-515.1774427785637,0.0,0.0,0.0,0.0,-1000.0,0.0,0.0,0.0,0.0,0.0,0.0,0.0,45.58686293279319,-45.58686293279319,195.68171034279155,0.0,0.0,0.0,0.0,0.0,0.0,71.95936243265027,-568.2901210381704,0.0,0.0,0.0,0.0,0.0,0.0,0.0,0.0,0.0,0.0,0.0,0.0,0.0,0.0,34.8211938476648,437.5342602253291,0.0,0.0,0.0,0.0,-195.68171034279155,0.0,0.0,0.0,0.0,-186.2814675455135,437.5342602253291,0.0,0.0,0.0,0.0,0.0,0.0,0.0,0.0,0.0,0.0,379.23717060306313,0.0,0.0,-91.17372586558639,535.9832657097655,0.0,-437.5342602253291,0.0,0.0,195.68171034279155,0.0,0.0,0.0,0.0,-231.1219745381428,0.0,0.0,56.43015365472263,0.0,0.0,56.43015365472263,0.0,0.0,0.0,0.0,0.0,0.0,0.0,210.21294502417092,0.0,0.0,0.0,3.215330278088487,0.0,-3.215330278088487,0.0,1000.0,0.0,0.0,-1000.0,218.74999999999997,0.0,0.0,-186.2814675455135,-0.10997456504841215,0.0,0.0,0.0,0.0,0.07331637669894142,0.0,0.0,0.0,598.7679163872544,0.10997456504841215,0.0,-279.2605392946248,-724.4551533679403,0.0,1000.0,0.0,-64.79576303602931,0.0,-418.8908089419372,0.0,0.0,0.0,538.7636499451572,-489.3603581097306,15.392471200602643,-839.9209331857709,-1000.0,0.0,0.0,0.0,0.0,0.0,0.0,0.0,0.0,0.0,0.0,0.0,0.0,0.0,0.0,0.0,0.0,0.0,0.0,0.0,-1000.0,0.0,0.0,560.2358826050734,0.0,0.0,0.0,-287.33763395952406,0.0,36.640297535214756,0.0,0.0,0.0,885.2006879952016,0.0,0.0,0.0,-395.840329885471,0.0,996.3341811650529,-1000.0,340.81083759533664,0.0,-3.6658188349470713,-305.2934957140361,-1.8329094174735356,-1000.0,-571.9633042805103,0.0,740.8513058233958,811.2188592797286,-1000.0,401.23208361274556,0.0,0.0,0.0,0.0,0.0,0.0,0.0,0.0,0.0,0.0,602.37944458506,0.0,0.0,0.0,0.0,0.0,71.95936243265027,0.0,0.0,-78.14069459683691,0.0,-281.25000000000375,0.0,0.0,0.0,0.0,0.0,-366.41088976508075,0.1466327533978667,0.0,0.0,0.0,0.0,0.0,0.0,0.0,0.0,0.0,107.9110089306406,0.0,0.0,0.0,0.0,0.0,0.0,0.0,0.0,0.0,0.08064801436887592,0.08064801436887592,0.0,81.31026123843172,0.0,43.989826019364855,0.0,0.0,0.0,-775.0468555754703,0.0,594.1958638358888,245.0519754184908,0.0,0.0,1000.0,775.0468555754703,0.0,0.0,95.70262544746859,0.0,0.0,0.0,0.0,0.0,0.0,0.0,0.0,0.0,0.0,185.4783037852732,-598.7679163872544,0.0,0.0,250.6973364243093,0.0,-1000.0,922.5767388245705,922.5767388245705,0.0,1000.0,0.0,-366.41088976508075,1000.0,0.0,0.0,0.0,0.0,0.0,0.0,0.0,0.0,0.0,0.0,0.0,0.0,0.0,0.0,0.0,0.0,43.989826019364855,195.68171034279155,195.68171034279155,0.0,0.0,0.0,0.0,0.0,0.0,0.0,0.0,0.0,0.0,0.7331637669894142,0.0,0.0,245.0519754184908,-245.0519754184908,0.0,0.0,0.0,0.0,401.23208361274556,-95.70262544746859,0.0,0.0,0.0,0.0,0.0,0.0,0.0,0.0,0.0,898.1757341216006,0.0,0.0,21.994913009682428,21.994913009682428,-176.61986776033254,775.0468555754703,0.0,0.0,0.0,0.0,0.0,0.0,0.0,839.9209331857709,71.95936243265027,1000.0,0.07331637669894142,0.0,0.0,0.0,85.50424113080332,0.0,0.0,77.42326117542946,0.0,0.0,0.0,0.0,0.0,0.0,0.0,0.0,0.0,0.0,0.0,0.0,0.0,0.0,0.07331637669894142,0.0,0.0,0.0,0.0,0.0,0.0,0.0,0.0,0.0,0.0,309.5385461807641,0.0,0.0,-1000.0,-5.498728252420608,0.0,-3.6658188349470713,0.0,0.0,0.0,0.0,0.0,0.0,0.0,0.0,0.0,0.0,0.0,195.68171034279155,0.0,0.0,0.0,-255.48287534165704,0.0,0.0,0.0,-0.07331637669894142,0.0,0.0,0.07331637669894142,0.0,0.07331637669894142,0.0,0.0,0.0,43.989826019364855,89.44597957270854,89.44597957270854,0.0,0.0,0.0,0.0,0.0,0.0,36.640297535214756,0.0,0.0,71.95936243265027,0.0,0.0,0.0,545.0761899789361,0.0,0.0,0.0,0.0,0.0,0.0,0.0,0.0,0.0,0.0,0.0,0.0,0.0,0.0,0.0,-573.5546741545829,573.5546741545829,0.10997456504841215,0.0,0.0,0.0,-401.23208361274556,0.0,0.0,0.0,0.0,0.0,-81.31026123843172,3.6658188349470713,0.0,0.0,0.0,-218.74999999999997,185.94495664279054,966.9191956496527,-3.6658188349470713,0.0,-281.25000000000375,0.0,0.0,0.0,0.0,0.0,195.68171034279155,0.0,95.70262544746859,1000.0,81.31026123843172,0.0,-735.7454417111353,-418.8908089419372,0.0,679.5815616901286,36.640297535214756,-716.2218592253435,0.0,-89.44597957270854,0.0,3.6658188349470713,464.3363408692786,0.0,0.0,0.0,-568.2446454338185,0.0,0.0,0.0,0.0,0.0,0.0,0.0,0.0,0.0,543.8733440802755,-39.69335780655311,89.44597957270854,0.0,0.0,0.0,0.0,0.0,0.0,0.0,0.0,0.0,0.0,0.0,0.0,58.113088189140456,-193.41525006144394,0.0,0.0,21.994913009682428,245.0519754184908,0.0,0.0,0.0,-240.40058507743822,0.0,0.0,0.08064801436887592,0.0,0.0,0.0,44.72298978635427,0.0,0.0,0.0,0.0,34.8211938476648,0.0,0.0,0.0,0.0,0.0,0.0,0.0,0.0,446.0867000935856,0.0,0.007331637669894143,0.007331637669894143,0.0,0.0,0.0,0.0,0.0,0.0,0.0,0.0,0.0,0.0,0.0,0.0,0.0,0.0,0.0,81.31026123843172,0.0,0.0,0.0,0.0,0.0,0.0,0.0,0.0,0.0,0.0,0.0,490.1039508369816,935.4258917512482,0.0,0.0,0.0,0.0,0.0,43.989826019364855,0.0,0.0,0.0,0.0,0.0,0.0,-43.989826019364855,0.0,490.1039508369816,0.0,0.0,0.0,0.0,0.0,0.0,0.0,0.0,0.0,0.0,-1000.0,-1000.0,595.2979080177109,0.0,-401.23208361274556,0.0,999.7067344932043,0.0,0.0,0.0,0.0,0.0,0.0,0.0,0.0,0.0,0.0,0.0,0.0,0.0,0.0,0.0,0.0,0.0,-9.16454708736768,195.68171034279155,-5.498728252420608,579.2708195330686,0.0,0.0,0.0,0.0,0.0,-657.9611185581348,657.044663849398,78.14069459683691,0.0,0.0,0.0,0.0,0.0,0.0,0.0,1000.0,21.994913009682428,21.994913009682428,0.0,0.0,0.0,0.0,968.3653517651157,0.08064801436887592,81.31026123843172,0.0,0.0,-999.7067344932043,0.0,0.0,0.0,0.0,0.0,0.0,0.0,0.0,0.0,0.0,0.0,0.0,0.0,0.0,86.9348976224195,0.0,0.0,2.830127017062182,0.0,76.9821955338885,0.0,0.0,287.33763395952406,0.0,0.0,0.0,81.31026123843172,0.0,-969.2799829793578,0.0,0.0,0.0,-9.16454708736768,0.0,0.0,0.0,0.0,0.0,0.0,0.0,0.0,0.0,0.0,0.0,0.0,0.0,0.0,0.0,0.0,0.0,0.0,-0.07331637669894142,0.0,0.0,3.6658188349470713,-1000.0,0.0,0.0,0.0,0.0,195.68171034279155,0.0,0.0,0.0,-538.7636499451572,1.8329094174735356,0.0,0.0,399.68487890974393,0.07331637669894142,0.0,73.31637669894143,-19.897949759609673,14.663275339788285,0.5236884049924387,210.21294502417092,-0.05498728252420607,3.6658188349470713,1.4663275339788286,-0.36658188349464715,-210.21294502417092,21.994913009682428,-0.07331637669894142,139.63026964731242,0.0,0.018329094174735355,0.5236884049924387,-418.8908089419373,-256.72394258896145,-1.4663275339788286,-444.9195144092276,-0.07331637669894142,0.018329094174735355,-210.21294502417092,7.331637669894143,0.07331637669894142,0.07331637669894142,-81.1562968473639,-244.97132740412195,0.0,-0.05498728252420607,21.994913009682428,0.07331637669894142,401.23208361274556,342.5789822535924,-0.03665818834947071,141.7794472800191,188.27675629619847,-0.05498728252420607,-0.07331637669894142,-19.897949759609673,0.07331637669894142,7.331637669894143,-1.4663275339788286,0.0,0.0,-7.331637669894143,444.9195144092276,0.0,14.663275339788283,0.10997456504841215,-1000.0,7.331637669894143,-185.4783037852732,0.0,-14.663275339788285,0.03665818834947071,0.7331637669894142,69.8151348236562,95.97353657822,-0.07331637669894142,-97.80644599569357,81.1562968473639,22.728076776671838,0.07331637669894142,256.72394258896145,-467.21682264179327,0.0,-0.07331637669894142,-0.018329094174735355,0.0,-0.07331637669894142,-366.41088976508075,0.07331637669894142,-0.018329094174735355,-0.018329094174735355,-0.018329094174735355,29.32655067957657,-342.5789822535924,0.7331637669894142,54.318270586825214,-0.018329094174735355,0.0,3.6658188349470713,186.87126371748744,0.07331637669894142,0.03665818834947071,0.03665818834947071,7.331637669894143,19.897949759609673,0.07331637669894142,-19.897949759609673,0.7331637669894142,0.07331637669894142,-54.318270586825214,0.07331637669894142,0.2932655067957626,0.36658188349464715,0.03665818834947071,0.018329094174735355,21.994913009682428,-0.07331637669894142,0.0,0.7331637669894143,-108.63654117365043,1.8329094174735365,-7.331637669894143,14.663275339788285,3.6658188349470713,-0.07331637669894142,418.8908089419373,0.10997456504841215,-0.07331637669894142,-14.663275339788285,19.897949759609673,410.2536937820534,0.03665818834947071,-373.7425274349749,-0.07331637669894142,-0.07331637669894142,-0.07331637669894142,0.03665818834947071,210.21294502417092,-14.663275339788285,0.07331637669894142,139.6302696473124,-0.018329094174735355,244.97132740412195,-139.6302696473124,10.997456504841214,-188.27675629619847,-20.99241532389387,210.21294502417092,-0.05498728252420607,97.80644599569357,-95.97353657822,0.07331637669894142,-0.018329094174735355,3.6658188349470713,73.31637669894143,-0.03665818834947071,-0.07331637669894142,0.018329094174735355,1000.0,0.0,999.9633418116505,0.0,-1000.0,0.0,341.65639163686984,-891.8818289857776,0.0,576.3525645253778,-198.15191098291103,721.0821663713471,0.0,-288.1762822626889,500.0,99.07595549145552,0.0,445.9409144928888,-81.31026123843172,-169.85310870461518,0.0,-721.0821663713471,-169.85310870461518,-341.65639163686984,400.7707883043845,0.0,1496.5981,bhi
181,0.0,0.0,0.0,0.0,0.0,0.0,0.0,0.0,-0.04634398015280552,0.0,0.0,0.0,0.0,0.0,0.0,0.0,-788.4325584000575,1000.0,0.0,-391.37024715251954,0.0,0.0,0.0,0.0,0.0,0.0,0.0,0.0,0.0,-697.517324666391,0.0,0.0,285.307226941921,0.0,0.0,0.0,0.0,332.08530841232744,0.0,-1000.0,764.7722730232415,0.0,0.0,1000.0,0.0,0.0,0.09268796030561104,0.0,1000.0,0.0,0.0,514.0501169335515,0.0,0.05097837816824559,0.0,0.0,0.0,9.268796030561104,0.0,0.0,125.2602219564949,0.0,-737.2354765306386,-1000.0,0.0,0.0,0.0,0.0,0.0,0.0,0.0,0.46343980152805525,0.0,0.0,0.0,0.0,0.0,0.0,0.0,0.0,0.0,0.0,0.0,0.0,27.806388091683313,0.0,0.0,14.050116933551521,500.0,-211.49792562971334,-0.01158599503820138,0.0,0.0,644.8297943540463,13.903194045841657,0.0,632.0295370833587,0.0,0.0,0.0,0.0,338.7046379444873,-897.9001399370945,0.0,0.0,0.0,0.0,6.292132022017654,0.0,0.0,0.0,0.0,0.0,0.0,0.0,0.0,0.0,0.0,0.0,0.0,0.0,0.0,0.0,0.0,-793.6036202132003,0.0,0.0,632.0295370833587,0.0,14.366633847369712,0.0,0.0,192.75307085920832,-192.75307085920832,0.0,0.0,45.637774830353806,0.0,0.0,-433.6625202562101,0.0,0.0,0.0,0.0,0.0,3.5684864717660227,0.04634398015280552,0.0,0.0,0.0,-805.0939762876678,805.0939762876678,0.0,0.0,0.0,0.0,114.25529589823998,0.0,0.0,0.0,0.0,0.0,999.9536560198472,999.9536560198472,0.0,0.0,0.0,0.0,-214.910329932011,0.0,0.0,1000.0,0.0,0.0,0.0,-468.60925977852514,0.0,0.0,0.0,0.0,0.0,0.0,0.0,0.0,0.0,0.0,-469.54326594504107,0.0,0.0,0.0,0.0,-1000.0,0.0,0.0,0.0,0.0,0.0,0.0,-514.0501169335515,500.0,-500.0,0.0,0.0,0.0,0.0,0.0,0.0,0.0,200.38281527070353,-1000.0,0.0,0.0,0.0,0.0,0.0,0.0,0.0,0.0,0.0,0.0,0.0,0.0,0.0,0.0,-244.18295394878817,1000.0,0.0,0.0,0.0,388.0247454258563,0.0,0.0,0.0,0.0,0.0,125.2602219564949,0.0,0.0,0.0,0.0,0.0,0.0,0.0,0.0,0.0,477.98238074115744,0.0,618.126343037517,0.0,-1000.0,-1000.0,1000.0,0.0,-1000.0,0.0,0.0,388.0247454258563,-943.4603442135773,0.0,0.0,0.0,-234.20369024370416,0.0,0.0,-522.2655751355434,-1000.0,0.0,477.7344248644566,0.0,1000.0,1000.0,0.0,608.6297528474804,0.0,0.0,129.2997046263274,0.0,0.0,0.0,0.0,0.0,0.0,0.0,1000.0,0.0,388.0247454258563,-836.354859139292,0.0,0.0,0.0,125.2602219564949,-0.06951597022920827,0.0,0.0,0.0,0.0,0.04634398015280552,0.0,0.0,0.0,-110.01191782451616,-788.4325584000575,0.0,0.0,-487.4569206317018,0.0,1000.0,0.0,994.3819245717442,0.0,0.0,0.0,0.0,0.0,412.9332649230995,-407.3151894948437,-1000.0,-1000.0,-1000.0,0.0,0.0,0.0,0.0,0.0,0.0,0.0,0.0,0.0,0.0,0.0,0.0,0.0,0.0,0.0,0.0,0.0,-667.729315667062,0.0,-1000.0,0.0,0.0,476.49010458023616,0.0,0.0,0.0,-481.5508672129235,0.0,0.0,0.0,0.0,336.387438936847,0.0,0.0,435.50764244440836,0.0,407.3151894948437,-610.8042278590981,0.0,-214.74431167716727,735.4186607871585,0.0,-606.0185609204722,0.0,-1.158599503820138,-2.317199007640276,0.0,0.0,0.0,0.0,-605.7902626803326,632.0295370833587,0.0,0.0,0.0,0.0,0.0,0.0,0.0,0.0,0.0,0.0,-922.9040294750657,0.0,0.0,0.0,0.0,0.0,200.38281527070353,0.0,0.0,-137.5043015128665,0.0,156.2500000000036,396.80181010660016,0.0,0.0,0.0,0.0,-876.2124910321469,0.09268796030528392,0.0,0.0,0.0,0.0,0.0,0.0,0.0,0.0,0.0,0.0,0.0,0.0,0.0,0.0,0.0,0.0,0.0,0.0,0.0,0.05097837816824559,0.05097837816824559,0.0,270.9127880257291,0.0,27.806388091683313,0.0,0.0,0.0,1000.0,0.0,0.0,0.0,0.0,0.0,192.57520991185712,-1000.0,0.0,0.0,149.19903256714917,0.0,0.0,396.80181010660016,0.0,0.0,0.0,0.0,0.0,0.0,0.0,264.5345400710668,110.01191782451616,0.0,0.0,3.5684864717660227,0.0,644.8297943540463,0.0,0.0,0.0,192.57520991185712,0.0,-683.6372811202898,0.0,0.0,0.0,0.0,0.0,0.0,0.0,0.0,0.0,0.0,0.0,0.0,0.0,0.0,0.0,0.0,0.0,27.806388091683313,388.0247454258563,388.0247454258563,0.0,0.0,0.0,0.0,0.0,0.0,0.0,0.0,0.0,0.0,0.46343980152805525,0.0,0.0,0.0,0.0,0.0,-514.0501169335515,0.0,0.0,632.0295370833587,-149.19903256714917,0.0,0.0,0.0,0.0,0.0,0.0,0.0,0.0,0.0,-945.0253902600087,967.4457638683439,0.0,13.903194045841657,13.903194045841657,1000.0,-1000.0,0.0,396.80181010660016,0.0,0.0,0.0,0.0,0.0,897.9001399370945,200.38281527070353,932.3003146620052,0.04634398015275565,0.0,0.0,61.20384636037295,0.0,874.1862325796161,0.0,-644.8297943540463,0.0,0.0,0.0,0.0,0.0,0.0,0.0,0.0,0.0,0.0,0.0,0.0,0.0,0.0,0.04634398015280552,0.0,0.0,0.0,0.0,0.0,0.0,0.0,0.0,0.0,0.0,662.6685530343747,0.0,0.0,-1000.0,-3.4757985114604293,-2.317199007640276,0.0,0.0,718.75,718.75,-718.75,0.0,0.0,0.0,0.0,0.0,0.0,0.0,388.0247454258563,0.0,0.0,0.0,-603.4730636726923,0.0,0.0,0.0,-0.04634398015280552,0.0,0.0,0.04634398015280552,0.0,0.04634398015275565,0.0,0.0,0.0,27.806388091683313,56.539655786422735,56.539655786422735,0.0,0.0,0.0,0.0,0.0,0.0,0.0,0.0,0.0,200.38281527070353,0.0,0.0,0.0,416.9234816142562,0.0,0.0,0.0,0.0,0.0,0.0,0.0,0.0,0.0,0.0,0.0,0.0,0.0,0.0,0.0,0.0,0.0,0.06951597022920827,0.0,0.0,0.0,-632.0295370833587,0.0,0.0,0.0,0.0,0.0,-270.9127880257291,2.317199007640276,0.0,0.0,0.0,0.0,214.910329932011,0.0,0.0,0.0,156.2500000000036,0.0,0.0,0.0,0.0,0.0,388.0247454258563,0.0,149.19903256714917,1000.0,270.9127880257291,0.0,5.792997519100705,874.1862325796161,667.729315667062,-481.5508672129235,0.0,-186.1784484541385,0.0,-1000.0,0.0,2.317199007640276,819.8794867381071,0.0,0.0,0.0,-137.5043015128665,0.0,0.0,0.0,0.0,0.0,0.0,0.0,0.0,0.0,462.5916689221202,0.0,56.539655786422735,0.0,0.0,0.0,0.0,0.0,0.0,0.0,0.0,0.0,477.98238074115744,0.0,0.0,281.3401835601104,-61.20384636037295,-164.71360092382133,0.0,13.903194045841657,0.0,0.0,0.0,0.0,-369.6684353668873,0.0,0.0,0.05097837816824559,0.0,0.0,0.0,28.269827893211367,0.0,0.0,0.0,0.0,-244.18295394878817,0.0,0.0,0.0,0.0,0.0,0.0,0.0,0.0,0.0,0.0,0.004634398015280552,0.004634398015280552,0.0,0.0,0.0,0.0,0.0,0.0,0.0,0.0,0.0,61.20384636037295,0.0,0.0,0.0,0.0,0.0,270.9127880257291,0.0,0.0,0.0,0.0,0.0,0.0,0.0,0.0,0.0,0.0,0.0,0.0,-67.69968533799477,-805.9560427007108,1000.0,0.0,0.0,0.0,27.80638809168329,0.0,0.0,0.0,0.0,0.0,657.3674587621389,-685.1738468538222,0.0,0.0,0.0,0.0,0.0,0.0,0.0,0.0,0.0,0.0,0.0,0.0,-932.3003146620052,-1000.0,448.669108018928,-1000.0,367.9704629166413,0.0,332.08530841232744,0.0,0.0,0.0,0.0,0.0,0.0,0.0,0.0,0.0,0.0,0.0,0.0,0.0,0.0,0.0,0.0,0.0,-5.792997519100705,388.0247454258563,-339.8632374483074,413.4476831027958,0.0,0.0,0.0,0.0,0.0,-0.579299751910069,0.0,137.5043015128665,0.0,0.0,0.0,0.0,0.0,0.0,0.0,1000.0,13.903194045841657,13.903194045841657,0.0,0.0,0.0,0.0,0.0,0.05097837816824559,270.9127880257291,0.0,0.0,-332.08530841232744,0.0,0.0,0.0,0.0,0.0,0.0,0.0,0.0,0.0,0.0,0.0,0.0,0.0,0.0,0.0,0.0,0.0,0.0,0.0,48.6611791604458,3.5684864717660227,0.0,0.0,0.0,0.0,0.0,270.9127880257291,0.0,474.1729055725959,0.0,0.0,0.0,-5.792997519100705,0.0,0.0,0.0,0.0,0.0,0.0,0.0,0.0,0.0,0.0,0.0,0.0,0.0,0.0,0.0,0.0,0.0,0.0,-0.04634398015275565,0.0,0.0,2.317199007640276,-192.57520991185712,0.0,0.0,0.0,0.0,388.0247454258563,0.0,0.0,0.0,-412.9332649230995,1.158599503820138,0.0,0.0,0.0,0.04634398015280552,0.0,46.343980152805514,-14.366633847369712,9.268796030561104,0.3310284296628966,129.2997046263274,-0.03475798511460414,170.5109184760638,0.9268796030561104,-0.2317199007633235,-129.2997046263274,13.903194045841657,-0.04634398015280558,0.0,396.80181010660016,0.01158599503820138,0.3310284296628966,0.0,-7.377961640327612,-0.9268796030561104,179.80280555257707,-0.04634398015280552,0.01158599503820138,-129.2997046263274,4.634398015280552,0.04634398015280558,0.04634398015280552,-270.8154656674081,0.05097837816808607,-287.3334853944517,-0.03475798511460414,13.903194045841657,0.04634398015280552,632.0295370833587,594.9543529611142,-0.02317199007640276,173.07818949621173,-4.680741995433357,-0.03475798511460414,-0.04634398015280552,-14.366633847369712,0.04634398015280552,4.634398015280552,-0.9268796030561104,0.0,0.0,-4.634398015280552,-179.80280555257707,0.0,9.268796030561104,0.06951597022920827,-1000.0,4.634398015280552,-264.5345400710668,396.80181010660016,-9.268796030561104,0.02317199007640276,0.46343980152805525,0.0,280.1815840562902,-0.04634398015280552,-281.3401835601104,270.8154656674081,14.366633847369712,0.04634398015280552,7.377961640327612,-276.9373091142835,396.80181010660016,-0.04634398015280552,-0.01158599503820138,-396.80181010660016,-0.04634398015280552,-876.2124910321469,0.04634398015280552,-0.01158599503820138,-0.01158599503820138,-0.01158599503820138,18.537592061122208,-594.9543529611142,0.46343980152805525,34.33509629571057,-0.01158599503820138,0.0,2.317199007640276,440.4234445237137,0.04634398015280552,0.02317199007640276,0.02317199007640276,9.022930355652477,14.366633847369712,0.04634398015280552,-14.366633847369712,0.46343980152805525,0.04634398015280552,-34.33509629571057,0.04634398015280552,0.18537592061056785,0.2317199007633235,0.02317199007640276,0.01158599503820138,13.903194045841657,-0.04634398015280552,287.3334853944517,0.4634398015280552,-68.67019259142114,169.35231897224367,-4.634398015280552,9.268796030561104,2.317199007640276,-0.04634398015280552,0.0,0.06951597022920827,-0.04634398015280552,-18.045860711304954,14.366633847369712,452.8951173136544,0.02317199007640276,-880.8468890474275,-0.04634398015280552,-0.04634398015280552,-0.046343980152805525,0.02317199007640276,129.2997046263274,-9.268796030561104,0.04634398015280552,0.0,-0.01158599503820138,-0.05097837816808607,0.0,6.951597022920827,4.680741995433357,232.3236116202803,129.2997046263274,-0.03475798511460414,281.3401835601104,-280.1815840562902,0.04634398015280552,-0.011585995038201374,2.317199007640276,46.343980152805514,-0.02317199007640276,-0.04634398015280552,0.01158599503820138,179.29360372900737,0.0,211.4747536396369,0.0,-457.3105594937788,0.0,747.6629811465085,587.8548036763179,0.0,-438.9692513349771,39.44900086488852,-15.06179354966181,-788.5020743702867,219.48462566748856,228.65527974688936,-19.72450043244426,0.0,-293.92740183815897,-270.9127880257291,-83.22668194676709,788.5020743702867,15.06179354966181,-83.22668194676709,-747.6629811465085,509.9829461227557,0.0,1496.5981,bhi
182,0.0,0.0,0.0,0.0,0.0,0.0,0.0,0.0,365.07266839483384,0.0,0.0,0.0,0.0,0.0,0.0,0.0,1000.0,-573.0891503864924,0.0,-353.91830693962584,0.0,0.0,0.0,180.54354610575984,0.0,0.0,0.0,0.0,0.0,-363.3115795932838,0.0,0.0,671.9443781557608,0.0,0.0,0.0,0.0,521.0094188243438,0.0,-1000.0,1000.0,0.0,0.0,611.8977856667627,0.0,0.0,0.0,0.0,-646.055289575166,0.0,0.0,602.530916498313,0.0,0.08166712623257859,0.0,0.0,0.0,0.0,0.0,0.0,-83.13300102621598,0.0,0.0,-83.13300102621598,0.0,0.0,0.0,0.0,0.0,0.0,0.0,0.7424284202955015,0.0,0.0,0.0,0.0,0.0,0.0,0.0,0.0,0.0,0.0,0.0,0.0,44.54570521773009,0.0,76.5946814048136,1000.0,921.217499347813,-212.32674482500852,-0.018560710507387536,0.0,0.0,0.0,22.272852608865044,0.0,22.272852608865044,-2.390619513351396,0.0,0.0,0.0,3.7121421014775073,-363.3115795932838,0.0,0.0,0.0,504.86156748210004,0.0,0.0,0.0,0.0,0.0,0.0,0.0,0.0,0.0,0.0,0.0,0.0,0.0,0.0,0.0,0.0,0.0,-824.4713297930073,0.0,0.0,22.272852608865044,0.0,23.015281029160544,0.0,0.0,0.0,0.0,0.0,0.0,0.0,0.0,0.0,0.0,0.0,0.0,0.0,0.0,0.0,82.31138024108895,0.07424284202955014,0.0,0.0,0.0,0.0,-504.86156748210004,0.0,0.0,0.0,0.0,327.29424526597734,0.0,0.0,0.0,0.0,0.0,-121.03764158454847,-121.03764158454847,0.0,0.0,0.0,0.0,-511.9876525347702,0.0,0.0,-120.96339874251892,0.0,0.0,0.0,-51.9447863974292,-565.6174658841959,0.0,0.0,0.0,0.0,0.0,0.0,0.0,0.0,0.0,-531.6211957117674,0.0,0.0,0.0,0.0,-1000.0,0.0,0.0,0.0,0.0,0.0,0.0,-602.530916498313,78.78250065218697,-78.78250065218697,0.0,0.0,0.0,0.0,0.0,0.0,0.0,0.0,-24.1289236596038,0.0,0.0,0.0,0.0,0.0,0.0,0.0,0.0,0.0,0.0,0.0,0.0,0.0,0.0,694.2172307646258,611.8977856667627,0.0,0.0,0.0,0.0,31.25500871227393,0.0,0.0,0.0,0.0,-83.13300102621598,0.0,0.0,0.0,0.0,0.0,0.0,0.0,0.0,0.0,0.0,14.84856840591003,0.0,0.0,157.56500130437394,1000.0,-169.80370542129197,0.0,-611.8977856667627,0.0,0.0,0.0,-285.27626463977293,0.0,0.0,0.0,-45.77978179828483,0.0,0.0,-784.4319853669701,-285.86893965869183,714.1310603413082,-498.56304570827825,0.0,1000.0,1000.0,0.0,-599.6387506004521,0.0,0.0,175.88252055017097,0.0,0.0,0.0,-289.3746666615043,0.0,289.3746666615043,0.0,-350.8959286410188,0.0,0.0,0.0,0.0,0.0,0.0,-83.13300102621598,-0.11136426304432522,0.0,0.0,0.0,0.0,0.07424284202955014,0.0,0.0,0.0,946.472138678861,1000.0,0.0,-822.2888044493716,1000.0,565.6174658841959,744.0782969808067,0.0,0.0,0.0,0.0,0.0,0.0,0.0,-6.3923086987443405,6.3923086987443405,0.0,0.0,-1000.0,0.0,0.0,0.0,0.0,0.0,0.0,0.0,0.0,0.0,0.0,0.0,0.0,0.0,0.0,0.0,0.0,0.0,969.3850507151786,0.0,448.0786605227167,0.0,0.0,0.0,0.0,0.0,0.0,-82.31138024108895,0.0,0.0,0.0,0.0,0.0,0.0,-412.6306397956108,40.371704500272756,0.0,-6.3923086987443405,0.0,0.0,0.0,-99.96798679278926,412.6306397956108,-44.08384660175027,-356.5862713429,-1.8560710507387537,-3.7121421014775073,0.0,0.0,0.0,0.0,-48.257847319207585,22.272852608865044,0.0,0.0,0.0,0.0,0.0,365.1469112368634,0.0,0.0,0.0,0.0,111.79228547842088,0.0,0.0,0.0,0.0,0.0,0.0,0.0,0.0,-13.07663924280476,0.0,0.0,278.19455562805825,0.0,0.0,0.0,0.0,671.9443781557608,0.148485684059018,0.0,0.0,0.0,0.0,0.0,0.0,0.0,0.0,0.0,0.0,0.0,0.0,0.0,0.0,0.0,0.0,0.0,0.0,0.0,0.08166712623257859,0.08166712623257859,0.0,243.5010197174265,0.0,44.54570521773009,0.0,0.0,0.0,1000.0,0.0,0.0,76.5946814048136,0.0,0.0,71.59710391920765,-1000.0,0.0,0.0,0.0,0.0,0.0,278.19455562805825,0.0,0.0,0.0,0.0,0.0,0.0,0.0,274.8237765976691,-946.472138678861,0.0,0.0,82.31138024108895,0.0,-961.2883694122852,961.2883694122852,930.0333607000113,0.0,71.59710391920765,0.0,743.5414820749684,0.0,0.0,0.0,0.0,0.0,0.0,0.0,0.0,0.0,0.0,0.0,0.0,0.0,0.0,0.0,0.0,0.0,44.54570521773009,0.0,0.0,0.0,0.0,0.0,0.0,0.0,0.0,0.0,0.0,0.0,0.0,0.7424284202955015,0.0,0.0,76.5946814048136,-76.5946814048136,0.0,-602.530916498313,0.0,0.0,22.272852608865044,0.0,0.0,0.0,0.0,0.0,0.0,0.0,0.0,0.0,0.0,0.0,-246.93954691578432,0.0,22.272852608865044,22.272852608865044,1000.0,-1000.0,0.0,278.19455562805825,0.0,0.0,0.0,0.0,0.0,-636.6884204067162,0.0,-589.980603083062,0.07424284202955014,0.0,0.0,0.0,98.0482790203109,0.0,0.0,0.0,0.0,0.0,0.0,0.0,0.0,0.0,0.0,0.0,0.0,0.0,0.0,0.0,0.0,0.0,0.07424284202955014,0.0,0.0,0.0,0.0,0.0,0.0,0.0,0.0,0.0,-603.6177704335508,1000.0,0.0,0.0,-1000.0,-5.568213152216262,-3.7121421014775073,0.0,0.0,656.2499999999999,656.2499999999999,-656.25,0.0,0.0,0.0,0.0,0.0,0.0,0.0,0.0,565.6174658841959,0.0,0.0,-44.545705217730074,0.0,0.0,0.0,365.07266839483384,0.0,0.0,0.07424284202955014,0.0,0.07424284202955014,0.0,0.0,0.0,44.54570521773009,90.57626727605117,90.57626727605117,0.0,0.0,0.0,0.0,0.0,0.0,0.0,0.0,0.0,0.0,0.0,0.0,0.0,0.0,0.0,0.0,0.0,0.0,0.0,0.0,0.0,0.0,0.0,0.0,0.0,0.0,0.0,31.25500871227393,0.0,0.0,0.0,0.11136426304432522,0.0,0.0,0.0,-22.272852608865044,0.0,0.0,0.0,0.0,0.0,-243.5010197174265,3.7121421014775073,0.0,0.0,0.0,0.0,511.9876525347702,-6.102761614828864,0.0,0.0,0.0,0.0,0.0,0.0,0.0,0.0,0.0,0.0,0.0,0.0,243.5010197174265,0.0,985.15143159409,0.0,478.6936098075381,515.203628577633,0.0,-993.8972383851711,0.0,-375.8525319158241,0.0,3.7121421014775073,1000.0,0.0,0.0,0.0,-166.26600205243196,0.0,0.0,0.0,0.0,0.0,0.0,0.0,0.0,0.0,526.0529825595512,-5.5682131522163445,90.57626727605117,0.0,0.0,0.0,0.0,0.0,0.0,0.0,0.0,0.0,0.0,0.0,0.0,254.637446021859,-98.0482790203109,-252.3016682451007,0.0,22.272852608865044,76.5946814048136,0.0,0.0,0.0,232.76696534712772,0.0,0.0,0.08166712623257859,0.0,0.0,0.0,45.288133638025585,0.0,0.0,0.0,0.0,694.2172307646258,0.0,504.86156748210004,0.0,0.0,0.0,0.0,0.0,0.0,0.0,0.0,0.007424284202955227,0.007424284202955227,0.0,0.0,0.0,0.0,0.0,0.0,0.0,0.0,0.0,0.0,0.0,0.0,0.0,0.0,0.0,243.5010197174265,0.0,0.0,0.0,0.0,0.0,0.0,0.0,0.0,0.0,0.0,0.0,153.1893628096272,0.0,-202.14326361355694,-573.0891503864924,0.0,0.0,0.0,44.545705217730074,0.0,0.0,0.0,0.0,0.0,690.844608073386,-735.3903132911161,0.0,153.1893628096272,0.0,0.0,0.0,0.0,0.0,0.0,0.0,0.0,0.0,0.0,589.980603083062,-1000.0,50.856346790241844,0.0,-22.272852608865044,0.0,521.0094188243438,0.0,0.0,0.0,0.0,0.0,0.0,0.0,0.0,0.0,0.0,0.0,0.0,0.0,0.0,0.0,0.0,0.0,-9.28035525369377,0.0,-5.568213152216262,0.0,0.0,0.0,0.0,0.0,0.0,0.0,-0.9280355253693768,13.07663924280476,0.0,0.0,0.0,0.0,0.0,0.0,0.0,1000.0,22.272852608865044,22.272852608865044,0.0,0.0,0.0,0.0,0.0,0.08166712623257859,243.5010197174265,0.0,0.0,-521.0094188243438,0.0,0.0,0.0,0.0,0.0,0.0,0.0,0.0,0.0,0.0,0.0,0.0,0.0,0.0,0.0,0.0,0.0,0.0,0.0,77.95498413102766,0.0,0.0,82.31138024108895,0.0,0.0,0.0,243.5010197174265,0.0,0.0,0.0,0.0,0.0,-9.28035525369377,0.0,0.0,0.0,0.0,0.0,0.0,0.0,0.0,0.0,0.0,0.0,0.0,0.0,0.0,0.0,0.0,0.0,0.0,-0.07424284202955014,0.0,0.0,3.7121421014775073,-71.59710391920765,0.0,0.0,0.0,0.0,0.0,0.0,0.0,0.0,6.3923086987443405,1.8560710507387537,0.0,0.0,0.0,0.07424284202955014,0.0,74.24284202955015,-23.015281029160544,14.84856840591003,0.5303060144967867,207.1375292624449,-0.05568213152216261,3.7121421014775136,1.484856840591003,-0.37121421014762934,-207.1375292624449,22.272852608865044,-0.07424284202955014,0.0,278.19455562805825,0.018560710507387536,0.5303060144967867,0.0,-88.41414185591782,-1.484856840591003,-72.99254267388176,-0.07424284202955014,0.018560710507387536,-207.1375292624449,7.424284202955015,0.07424284202955014,0.07424284202955014,-243.34510974916435,-76.5130142785811,0.0,-0.05568213152216261,22.272852608865044,0.07424284202955014,22.272852608865044,-37.12142101477507,-0.03712142101477507,-327.29424526597734,-38.7535357572585,-0.05568213152216261,-0.07424284202955014,-23.015281029160544,0.07424284202955014,7.424284202955015,-1.484856840591003,31.25500871227393,31.25500871227393,-7.424284202955015,72.99254267388176,-31.25500871227393,14.84856840591003,0.11136426304432522,-1000.0,7.424284202955015,-274.8237765976691,278.19455562805825,-14.84856840591003,0.03712142101477507,0.7424284202955015,205.5722011123429,258.3495881233365,-0.07424284202955014,-260.2056591740753,243.34510974916435,23.015281029160544,0.07424284202955014,88.41414185591782,189.1031451925981,278.19455562805825,-0.07424284202955014,-0.018560710507387536,-278.19455562805825,-0.07424284202955014,167.08281067366073,0.0742428420294933,-0.018560710507387536,-0.018560710507387536,-0.018560710507387536,29.69713681182006,37.12142101477507,0.7424284202955015,370.0031103924268,-0.018560710507387536,411.1444022246858,3.7121421014775073,-332.26004697640286,0.07424284202955014,0.03712142101477507,0.03712142101477507,146.52156201698415,23.015281029160544,0.07424284202955014,-23.015281029160544,0.7424284202955015,0.07424284202955014,-1000.0,0.07424284202955014,0.2969713681181929,0.37121421014762934,0.03712142101477507,0.018560710507387536,22.272852608865044,-0.07424284202955014,0.0,0.7424284202955015,-740.0062207848536,1.8560710507387483,-7.424284202955015,14.84856840591003,3.7121421014775073,-0.07424284202955014,0.0,0.11136426304432522,-0.07424284202955014,-293.0431240339683,23.015281029160544,-14.869280264045813,0.03712142101477507,664.5200939528057,-0.07424284202955014,-0.0742428420294933,-0.07424284202955014,0.03712142101477507,207.1375292624449,-14.84856840591003,0.07424284202955014,411.1444022246858,-0.018560710507387536,76.5130142785811,-411.1444022246858,11.136426304432522,38.7535357572585,486.27463528973175,207.1375292624449,-0.05568213152216261,260.2056591740753,-258.3495881233365,0.07424284202955014,-0.018560710507387536,3.7121421014775073,74.24284202955015,-0.03712142101477507,-0.07424284202955014,0.018560710507387536,970.8279412214313,0.0,212.28962340399374,629.9968896075732,358.52767304988896,0.0,276.0856324235542,-673.585144964614,0.0,82.0209058245714,-126.64085388433091,-1000.0,-787.6732551749915,-41.0104529122857,-179.26383652494448,63.320426942165454,0.0,336.792572482307,-243.5010197174265,-217.8976850830819,787.6732551749915,1000.0,-217.8976850830819,-276.0856324235542,39.77910151400056,0.0,1496.5981,bhi
183,0.0,0.0,0.0,0.0,0.0,0.0,0.0,0.0,-0.0694669404094184,0.0,0.0,0.0,0.0,0.0,0.0,0.0,758.2478013105065,434.2565713521175,0.0,-861.5118261668624,0.0,0.0,0.0,0.0,0.0,0.0,0.0,0.0,0.0,-661.7855170624013,0.0,0.0,430.90751371465745,0.0,0.0,0.0,0.0,495.4009434498331,0.0,-1000.0,1000.0,0.0,0.0,-441.4785077939547,0.0,0.0,771.9960348735586,0.0,345.01622354584947,-541.826629970237,0.0,0.0,0.0,0.07641363445042895,0.0,0.0,0.0,0.0,0.0,0.0,-113.93557768556393,0.0,0.0,-124.98116465825579,0.0,0.0,0.0,0.0,447.2137130740382,0.0,0.0,0.6946694040941841,0.0,0.0,0.0,0.0,0.0,0.0,0.0,0.0,0.0,0.0,0.0,0.0,41.680164245650985,0.0,111.49971812440637,-893.1996779106482,-879.0718004499462,0.0,-0.0173667351023546,0.0,0.0,0.0,20.84008212282552,0.0,20.84008212282552,0.0,0.0,0.0,0.0,3.47334702047092,-661.7855170624013,0.0,0.0,-88.9759392908784,463.8253340326871,0.0,0.0,0.0,0.0,0.0,0.0,0.0,0.0,0.0,0.0,0.0,0.0,0.0,0.0,0.0,0.0,0.0,-772.4854821347099,0.0,0.0,20.84008212282552,0.0,21.534751526919706,0.0,0.0,1000.0,-338.0595620825585,-661.9404379174414,661.9404379174414,876.5489893085565,-593.7500000001705,593.7500000001705,-887.5945762812485,0.0,0.0,0.0,0.0,0.0,116.84867253593158,0.0694669404094184,0.0,0.0,0.0,536.1746659673129,-1000.0,0.0,0.0,0.0,0.0,511.6242358238069,0.0,0.0,0.0,0.0,0.0,562.5725864400697,562.5725864400697,0.0,0.0,0.0,437.5,0.0,0.0,0.0,562.6420533804791,0.0,0.0,0.0,0.0,-172.3013151868917,0.0,0.0,0.0,0.0,0.0,0.0,0.0,0.0,0.0,-511.2487826044307,0.0,0.0,0.0,0.0,85.28094855081184,0.0,0.0,0.0,0.0,0.0,541.826629970237,0.0,879.0718004499462,-879.0718004499462,0.0,0.0,0.0,0.0,0.0,0.0,0.0,0.0,-1000.0,0.0,0.0,0.0,0.0,0.0,0.0,0.0,0.0,0.0,0.0,0.0,0.0,0.0,301.61364827262946,-515.3345838444874,-441.4785077939547,0.0,0.0,0.0,0.0,105.44855967712792,0.0,0.0,0.0,0.0,-113.93557768556393,0.0,0.0,0.0,0.0,0.0,0.0,0.0,0.0,0.0,2.2368354811806057,13.89338808188368,0.0,0.0,758.1436008998924,-1000.0,330.8883460851474,0.0,441.4785077939547,0.0,0.0,11.045586972691865,-233.02499061365535,0.0,0.0,0.0,204.48048378775604,0.0,0.0,-1000.0,-1000.0,65.11034412476872,-1000.0,1000.0,65.11034412476872,0.0,0.0,1000.0,541.826629970237,0.0,88.36420406514944,0.0,0.0,0.0,687.1711951810198,0.0,-687.1711951810198,0.0,1000.0,11.045586972691865,0.0,269.4282555191502,437.5,0.0,0.0,-113.93557768556393,-0.1042004106141276,0.0,0.0,0.0,0.0,0.0694669404094184,0.0,0.0,0.0,-213.8064258319459,758.2478013105065,0.0,-641.1865571121574,-70.59716607155013,172.3013151868917,820.1942203716183,0.0,0.0,0.0,-88.9759392908784,0.0,0.0,0.0,-5.981103569250992,0.0,5.981103569250992,-1000.0,-1000.0,0.0,0.0,0.0,0.0,0.0,0.0,0.0,0.0,0.0,0.0,0.0,0.0,0.0,0.0,0.0,0.0,0.0,-504.3211887885304,0.0,-1000.0,0.0,0.0,0.0,0.0,0.0,0.0,-119.08550801711219,0.0,0.0,0.0,0.0,0.0,-447.2137130740382,747.3170559595536,-814.7558022966952,0.0,0.0,0.0,0.0,0.0,-99.51833883053288,-747.3170559595536,811.2824552762243,0.0,-1.73667351023546,-3.47334702047092,-1000.0,0.0,941.2446212140358,674.6176500501979,-561.2755933515032,20.84008212282552,93.75000000000355,-93.75000000000355,0.0,0.0,0.0,0.0,0.0,-301.61364827262946,301.61364827262946,301.61364827262946,243.79507558827888,0.0,0.0,0.0,0.0,0.0,0.0,0.0,0.0,-15.91730609500697,0.0,0.0,200.6458617512073,0.0,0.0,0.0,0.0,-536.1746659673129,0.13893388081765967,0.0,0.0,0.0,0.0,0.0,0.0,0.0,0.0,0.0,436.16812610134633,0.0,0.0,0.0,0.0,0.0,0.0,0.0,0.0,0.0,0.07641363445042895,0.07641363445042895,0.0,268.4718149036404,0.0,41.680164245650985,0.0,0.0,0.0,892.3107499652621,0.0,0.0,111.49971812440637,0.0,0.0,1000.0,-892.3107499652621,0.0,0.0,0.0,0.0,0.0,200.6458617512073,0.0,0.0,0.0,0.0,0.0,0.0,0.0,257.49516071156995,213.8064258319459,0.0,0.0,116.84867253593158,0.0,0.0,0.0,-105.44855967712792,0.0,1000.0,0.0,463.8253340326871,0.0,62.49999999985434,-62.49999999985434,301.61364827262946,0.0,0.0,0.0,0.0,0.0,0.0,0.0,0.0,0.0,0.0,0.0,0.0,0.0,41.68016424565104,11.045586972691922,11.045586972691865,0.0,0.0,0.0,0.0,0.0,0.0,0.0,0.0,0.0,0.0,0.6946694040941841,0.0,0.0,111.49971812440637,-111.49971812440637,0.0,0.0,0.0,0.0,20.84008212282552,0.0,0.0,0.0,0.0,0.0,0.0,0.0,0.0,0.0,0.0,-95.19730207407937,0.0,0.0,20.84008212282552,20.84008212282552,-8.683367551177303,-892.3107499652621,0.0,200.6458617512073,0.0,0.0,0.0,0.0,0.0,661.7855170624013,0.0,1000.0,0.0694669404094184,0.0,0.0,0.0,91.74101865926693,789.1303011002135,0.0,0.0,0.0,-11.045586972691865,0.0,0.0,0.0,0.0,0.0,0.0,0.0,0.0,0.0,0.0,0.0,0.0,0.0694669404094184,0.0,0.0,0.0,-119.08941292809142,119.08941292809142,0.0,0.0,0.0,0.0,-28.437654568886884,0.0,0.0,0.0,-586.3266646596949,-5.21002053070638,-3.473347020470923,0.0,0.0,-718.75,-718.75,718.75,0.0,0.0,0.0,0.0,0.0,0.0,0.0,11.045586972691922,172.3013151868917,0.0,0.0,383.4423748830034,0.0,0.0,0.0,-0.0694669404094184,0.0,0.0,0.0694669404094184,0.0,0.0694669404094184,0.0,0.0,0.0,41.680164245650985,84.74966729949045,84.74966729949045,0.0,0.0,0.0,0.0,0.0,0.0,0.0,0.0,0.0,0.0,0.0,0.0,0.0,0.0,0.0,0.0,0.0,0.0,0.0,0.0,0.0,0.0,0.0,0.0,0.0,0.0,0.0,105.44855967712792,0.0,0.0,0.0,0.1042004106141276,0.0,0.0,0.0,-20.84008212282552,0.0,0.0,0.0,0.0,0.0,-268.4718149036404,3.47334702047092,0.0,0.0,0.0,-437.50000000000006,0.0,-909.3521465517747,0.0,0.0,0.0,0.0,0.0,0.0,0.0,0.0,11.045586972691922,0.0,0.0,1000.0,-33.14183336898907,0.0,-1000.0,700.1543618093351,90.6478534482253,-1000.0,0.0,909.3521465517747,0.0,-317.7746579131458,0.0,3.473347020470923,618.5100712803464,0.0,0.0,0.0,-238.91674234381972,968.7500000001847,-968.7500000001847,1000.0,-1000.0,0.0,0.0,0.0,0.0,0.0,500.82874154301794,0.0,84.74966729949045,0.0,0.0,0.0,0.0,0.0,0.0,0.0,0.0,0.0,2.2368354811806057,0.0,0.0,284.1018764957596,-527.9091447606132,-370.5184908721004,0.0,20.84008212282552,111.49971812440637,0.0,0.0,0.0,-19.110082165881977,0.0,0.0,0.07641363445042895,0.0,0.0,0.0,42.37483364974523,0.0,0.0,0.0,0.0,-515.3345838444874,0.0,463.8253340326871,0.0,0.0,0.0,0.0,0.0,0.0,0.0,0.0,0.00694669404094184,0.00694669404094184,0.0,0.0,0.0,0.0,0.0,0.0,0.0,0.0,0.0,0.0,0.0,0.0,0.0,0.0,0.0,268.4718149036404,0.0,0.0,0.0,0.0,0.0,0.0,0.0,541.826629970237,0.0,0.0,0.0,222.99943624881274,1000.0,1000.0,434.2565713521175,0.0,0.0,0.0,41.680164245650985,0.0,0.0,0.0,0.0,0.0,958.319835754349,-1000.0,0.0,222.99943624881274,0.0,0.0,0.0,0.0,0.0,0.0,0.0,0.0,0.0,0.0,-1000.0,-1000.0,47.584854180451615,0.0,-20.84008212282552,0.0,495.4009434498331,0.0,0.0,0.0,0.0,0.0,0.0,0.0,0.0,0.0,0.0,0.0,0.0,0.0,0.0,0.0,0.0,0.0,-8.683367551177303,11.045586972691865,-5.21002053070638,-5.2100205307063785,0.0,0.0,0.0,0.0,0.0,0.0,-0.8683367551177301,15.91730609500697,0.0,0.0,0.0,0.0,0.0,0.0,0.0,1000.0,20.84008212282552,20.84008212282552,0.0,0.0,0.0,0.0,0.0,0.07641363445042895,268.4718149036404,0.0,0.0,-495.4009434498331,0.0,0.0,0.0,0.0,0.0,0.0,0.0,0.0,0.0,0.0,0.0,0.0,0.0,0.0,0.0,0.0,0.0,0.0,0.0,72.94028742988932,0.0,0.0,116.84867253593158,0.0,0.0,0.0,268.4718149036404,0.0,905.8787995313038,0.0,0.0,0.0,-8.683367551177303,0.0,0.0,0.0,0.0,0.0,0.0,0.0,0.0,0.0,0.0,0.0,0.0,0.0,0.0,0.0,0.0,0.0,0.0,-0.0694669404094184,0.0,0.0,3.47334702047092,-1000.0,0.0,0.0,0.0,0.0,11.045586972691865,0.0,0.0,0.0,5.981103569250992,1.73667351023546,0.0,0.0,0.0,0.0694669404094184,0.0,69.4669404094184,-21.534751526919706,13.89338808188368,0.4961924314958457,193.81276374227735,-0.0521002053070638,3.47334702047092,1.3893388081883682,-0.3473347020458277,-193.81276374227735,20.84008212282552,-0.0694669404094184,29.6586464302928,200.6458617512073,0.0173667351023546,0.49619243149584574,-88.9759392908784,-122.55885503758309,-1.3893388081883682,-330.99254649576153,-0.0694669404094184,0.0173667351023546,-193.81276374227735,6.94669404094184,0.0694669404094184,0.0694669404094184,-268.32593432878053,-111.42330448995601,0.0,-0.0521002053070638,20.84008212282552,0.0694669404094184,20.84008212282552,-34.7334702047092,-0.0347334702047092,-333.6723572420501,-112.46472065847918,-0.0521002053070638,-0.0694669404094184,-21.534751526919706,0.0694669404094184,6.946694040941836,-1.3893388081883682,105.44855967712792,105.44855967712792,-6.94669404094184,330.99254649576153,-105.44855967712792,13.89338808188368,0.1042004106141276,528.5815230216396,6.94669404094184,-257.49516071156995,200.6458617512073,-13.89338808188368,0.0347334702047092,0.6946694040941841,160.29663927803935,-19.24844528710539,-0.0694669404094184,-284.1018764957596,268.32593432878053,21.534751526919706,0.0694669404094184,122.55885503758309,117.28553325990511,200.6458617512073,-0.0694669404094184,-0.0173667351023546,-200.6458617512073,-0.0694669404094184,-1000.0,0.0694669404094184,-0.0173667351023546,-0.0173667351023546,-0.0173667351023546,27.78677616376736,34.7334702047092,0.6946694040941841,51.46631947582327,-0.0173667351023546,290.9346321257859,3.47334702047092,271.56068000412733,0.0694669404094184,0.0347334702047092,0.0347334702047092,101.74683143019955,21.534751526919706,0.0694669404094184,-21.534751526919706,0.6946694040941841,0.0694669404094184,-51.46631947582327,0.0694669404094184,0.2778677616364867,0.3473347020458277,0.0347334702047092,0.0173667351023546,20.84008212282552,-0.0694669404094184,0.0,0.6946694040941841,-102.93263895164654,1.7366735102354602,-6.946694040941836,13.89338808188368,3.47334702047092,-0.0694669404094184,88.9759392908784,0.1042004106141276,-0.0694669404094184,-203.4936628603991,21.534751526919706,96.56748255556,0.0347334702047092,-543.1213600082547,-0.0694669404094184,-0.0694669404094184,-0.0694669404094184,0.0347334702047092,193.81276374227735,-13.89338808188368,0.0694669404094184,320.5932785560787,-0.0173667351023546,111.42330448995601,-320.5932785560787,10.420041061412759,112.46472065847918,-946.3081004860801,193.81276374227735,-0.0521002053070638,284.1018764957596,19.24844528710539,0.0694669404094184,-0.017366735102354598,3.473347020470923,69.4669404094184,-0.0347334702047092,-0.0694669404094184,0.0173667351023546,1000.0,0.0,-528.6162564918443,0.0,208.93228468609664,0.0,388.9844366760357,267.7116287116294,0.0,-699.570613362464,-957.8428254794978,986.1066119181163,0.0,349.785306681232,-104.46614234304832,478.9214127397489,0.0,-133.8558143558147,-268.4718149036404,-77.45740038967803,0.0,-986.1066119181163,-77.45740038967803,-388.9844366760357,132.3761046875944,0.0,1496.5981,bhi
184,0.0,0.0,0.0,0.0,0.0,0.0,0.0,0.0,-0.0928682428920654,0.0,0.0,0.0,0.0,0.0,0.0,0.0,242.44482615463698,-25.61746799539799,0.0,0.0,0.0,0.0,0.0,463.25091961312637,0.0,563.6071869805456,0.0,0.0,0.0,-147.6289287486933,0.0,0.0,42.19862720739563,0.0,0.0,0.0,0.0,0.0,0.0,-1000.0,487.9602490356492,0.0,-862.9513671383927,0.0,0.0,0.0,783.666716626531,0.0,-957.7672645443364,-586.6770806576145,0.0,0.0,0.0,0.10215506718090957,0.0,0.0,0.0,0.0,0.0,0.0,-8.178596590695008,0.0,485.2839577792168,477.1053611885218,0.0,0.0,0.0,0.0,478.7126197955254,-478.7126197955254,0.0,0.928682428920654,0.0,0.0,0.0,0.0,0.0,0.0,0.0,0.0,0.0,0.0,0.0,0.0,55.72094573523924,0.0,0.0,208.51972442910647,960.8727512076609,-847.1689241844982,966.6957649340853,0.0,0.0,186.94131776441787,27.86047286761962,0.0,27.86047286761962,-2.9903574211252817,0.0,0.0,0.0,128.84510408093962,-147.6289287486933,0.0,0.0,0.0,487.85275302206617,0.0,0.0,0.0,0.0,0.0,0.0,0.0,0.0,0.0,0.0,0.0,0.0,0.0,0.0,0.0,0.0,0.0,-563.6071869805456,0.0,0.0,27.86047286761962,0.0,28.789155296540272,0.0,0.0,0.0,0.0,0.0,0.0,0.0,-843.7500000000007,843.7500000000007,0.0,0.0,0.0,0.0,0.0,0.0,7.15085470268903,0.0928682428920654,966.7189819948084,0.0,0.0,-486.2812023163124,-1000.0,0.0,0.0,0.0,0.0,608.6562513273692,0.0,0.0,0.0,0.0,0.0,216.42615161636115,216.42615161636115,0.0,0.0,0.0,0.0,-300.9114352576483,0.0,0.0,216.5190198592532,0.0,0.0,0.0,675.9704041366836,0.0,0.0,0.0,0.0,0.0,0.0,0.0,0.0,0.0,0.0,-13.27396751737267,0.0,0.0,0.0,0.0,-725.3781086427668,0.0,0.0,0.0,0.0,0.0,586.6770806576145,862.9513671383927,-113.70382702316272,113.70382702316272,0.0,0.0,0.0,0.0,0.0,0.0,0.0,0.0,1000.0,0.0,0.0,0.0,0.0,0.0,0.0,0.0,0.0,0.0,0.0,0.0,0.0,0.0,0.0,514.141675183932,0.0,0.0,0.0,0.0,0.0,0.0,0.0,0.0,0.0,0.0,-8.178596590695008,0.0,0.0,0.0,360.9417128243009,0.0,0.0,0.0,0.0,0.0,0.0,18.573648578413078,0.0,0.0,-604.8634003941993,-393.23818930176844,0.0,0.0,0.0,0.0,0.0,0.0,113.29925632831979,0.0,0.0,0.0,283.9789692493348,0.0,0.0,-1000.0,0.0,0.0,-1000.0,0.0,0.0,847.1689241844982,0.0,609.9262450966697,586.6770806576145,0.0,259.10239766886247,0.0,0.0,0.0,0.0,0.0,0.0,0.0,1000.0,0.0,0.0,1000.0,0.0,0.0,0.0,-8.178596590695008,-0.1393023643380981,0.0,0.0,0.0,0.0,0.0928682428920654,0.0,0.0,0.0,697.5176357751473,242.44482615463698,0.0,0.0,-0.49270962567470633,0.0,515.8207219032688,0.0,995.8843743799214,0.0,0.0,0.0,0.0,0.0,208.5434231820255,-545.0476938322032,-659.3801037297436,-1000.0,-1000.0,0.0,0.0,0.0,0.0,0.0,0.0,0.0,0.0,0.0,0.0,0.0,0.0,0.0,0.0,0.0,0.0,360.9417128243009,-655.3320757254112,0.0,-1000.0,0.0,344.29645130302,0.0,0.0,0.0,946.8361638200206,-7.15085470268903,0.0,0.0,0.0,515.1147785381122,124.20169193633636,0.0,0.0,0.0,0.0,66.33507403667778,212.552235666866,-4.6434121446032695,-197.32114275756692,0.0,0.0,-66.74425811277145,1000.0,-2.3217060723016347,0.0,0.0,0.0,-60.36435787984251,0.0,0.0,27.86047286761962,0.0,0.0,0.0,0.0,0.0,0.0,0.0,0.0,0.0,0.0,-674.5597393721775,0.0,0.0,0.0,0.0,0.0,0.0,0.0,0.0,-16.357193181390016,0.0,0.0,0.0,0.0,0.0,0.0,0.0,-512.1472469779338,0.1857364857841928,0.0,0.0,0.0,0.0,0.0,0.0,0.0,593.3228886999955,0.0,0.0,0.0,0.0,0.0,0.0,0.0,0.0,0.0,0.0,0.0,0.10215506718090957,0.10215506718090957,0.0,0.0,0.0,55.72094573523924,0.0,0.0,0.0,1000.0,0.0,0.0,0.0,0.0,0.0,48.87753745183954,-1000.0,0.0,0.0,0.0,0.0,0.0,0.0,0.0,0.0,0.0,0.0,0.0,0.0,0.0,187.86906232684854,-697.5176357751473,998.4284492942462,0.0,7.15085470268903,0.0,0.0,186.94131776441787,186.94131776441787,0.0,48.87753745183954,0.0,0.0,-463.2697095260943,812.5000000000001,-812.5000000000001,0.0,0.0,0.0,0.0,0.0,0.0,0.0,0.0,0.0,0.0,0.0,0.0,0.0,0.0,55.72094573523924,0.0,0.0,0.0,0.0,0.0,0.0,0.0,0.0,0.0,0.0,0.0,0.0,0.928682428920654,0.0,0.0,0.0,0.0,0.0,862.9513671383927,0.0,0.0,27.86047286761962,0.0,0.0,0.0,0.0,0.0,0.0,0.0,0.0,0.0,0.0,828.286618892571,0.0,0.0,27.86047286761962,27.86047286761962,-687.6954049699368,-1000.0,0.0,0.0,0.0,0.0,0.0,0.0,0.0,147.6289287486933,0.0,451.4878931931238,0.0928682428920654,0.0,0.0,0.0,122.64578163081408,0.0,593.3228886999955,-186.94131776441787,0.0,0.0,0.0,0.0,0.0,0.0,0.0,0.0,0.0,0.0,0.0,0.0,0.0,0.0,0.0928682428920654,0.0,0.0,0.0,0.0,0.0,0.0,0.0,0.0,344.29645130302,0.0,489.1387339538069,0.0,0.0,-840.9575129310847,-6.965118216904912,-4.643412144603273,0.0,0.0,0.0,0.0,0.0,0.0,0.0,0.0,0.0,0.0,0.0,0.0,0.0,0.0,0.0,0.0,-55.72094573523924,0.0,0.0,0.0,-0.0928682428920654,0.0,0.0,0.0928682428920654,0.0,0.0928682428920654,0.0,0.0,0.0,55.72094573523924,113.29925632831979,113.29925632831979,0.0,0.0,0.0,0.0,0.0,0.0,0.0,998.4284492942462,0.0,0.0,0.0,0.0,216.5393788950322,0.0,0.0,0.0,0.0,0.0,0.0,0.0,0.0,0.0,0.0,0.0,0.0,0.0,0.0,0.0,0.0,-563.6071869805456,563.6071869805456,0.1393023643380981,0.0,0.0,0.0,-27.86047286761962,0.0,0.0,0.0,0.0,0.0,0.0,4.6434121446032695,0.0,0.0,0.0,0.0,300.9114352576483,-489.1387339538069,0.0,0.0,0.0,0.0,0.0,0.0,0.0,0.0,0.0,0.0,0.0,828.2866188925711,0.0,0.0,323.9131253915714,0.0,496.2895886564959,-496.2895886564959,0.0,0.0,0.0,0.0,0.0,4.643412144603273,1000.0,0.0,0.0,0.0,-16.357193181390016,156.2500000000036,-156.2500000000036,156.25000000000014,-156.25000000000014,0.0,0.0,0.0,0.0,0.0,-0.6562689164373126,0.0,113.29925632831979,0.0,0.0,0.0,0.0,0.0,0.0,0.0,0.0,0.0,0.0,0.0,0.0,20.895354650714893,-122.64578163081408,0.0,-862.9513671383927,27.86047286761962,0.0,0.0,0.0,0.0,-317.1047233109361,0.0,0.0,0.10215506718090957,0.0,0.0,0.0,56.64962816415989,0.0,0.0,0.0,0.0,514.141675183932,0.0,487.85275302206617,0.0,0.0,0.0,0.0,0.0,0.0,0.0,0.0,969.7771742544778,0.00928682428920654,0.0,0.0,0.0,0.0,0.0,0.0,0.0,0.0,0.0,0.0,0.0,0.0,0.0,0.0,0.0,0.0,0.0,0.0,0.0,0.0,0.0,0.0,0.0,586.6770806576145,0.0,0.0,0.0,0.0,0.0,1000.0,-25.61746799539799,0.0,0.0,0.0,55.72094573523924,0.0,0.0,0.0,0.0,0.0,244.69507620623477,-300.416021941474,0.0,0.0,0.0,0.0,0.0,0.0,0.0,0.0,0.0,0.0,0.0,0.0,-451.4878931931238,-1000.0,280.154125276097,0.0,-27.86047286761962,0.0,344.29645130302,0.0,0.0,0.0,0.0,0.0,0.0,0.0,0.0,0.0,0.0,0.0,0.0,0.0,0.0,0.0,0.0,0.0,-11.608530361508185,0.0,-131.16681015324127,209.57426067812708,0.0,0.0,0.0,0.0,0.0,-1.1608530361508176,0.0,16.357193181390016,0.0,0.0,0.0,0.0,0.0,0.0,0.0,1000.0,27.86047286761962,27.86047286761962,0.0,0.0,0.0,0.0,0.0,0.10215506718090957,0.0,0.0,0.0,-344.29645130302,969.7678874301886,0.0,0.0,0.0,0.0,0.0,0.0,0.0,0.0,0.0,0.0,0.0,0.0,0.0,0.0,0.0,0.0,0.0,0.0,97.51165503666867,0.0,0.0,7.15085470268903,0.0,0.0,0.0,0.0,0.0,481.50496438807835,0.0,0.0,0.0,-11.608530361508185,0.0,0.0,0.0,0.0,0.0,0.0,0.0,0.0,0.0,0.0,0.0,0.0,0.0,0.0,0.0,0.0,0.0,0.0,-0.0928682428920654,0.0,0.0,4.6434121446032695,-48.87753745183954,0.0,0.0,0.0,0.0,0.0,0.0,0.0,0.0,-208.5434231820255,2.3217060723016347,0.0,0.0,563.6071869805456,0.0928682428920654,0.0,92.86824289206538,-28.789155296540272,18.573648578413078,0.6633445920861814,259.10239766886247,-0.06965118216904904,66.74425811277145,1.8573648578413078,-0.46434121446094423,-259.10239766886247,27.860472867619617,-0.09286824289206541,0.0,0.0,0.023217060723016346,0.6633445920861814,0.0,-14.78462426841753,-1.8573648578413078,-216.827358159239,-0.0928682428920654,0.02321706072301635,-259.10239766886247,9.286824289206539,0.09286824289206541,0.0928682428920654,0.19502331007297496,0.10215506718134293,-554.3458741853295,-0.06965118216904904,27.86047286761962,0.0928682428920654,27.86047286761962,-46.4341214460327,-0.0464341214460327,-54.31037714203969,-9.379692532098604,-0.06965118216904904,-0.09286824289206541,-28.789155296540272,0.0928682428920654,9.286824289206539,-1.8573648578413078,0.0,0.0,-9.286824289206539,216.827358159239,0.0,18.573648578413078,0.1393023643380981,279.9040577989126,9.286824289206539,-187.86906232684854,0.0,-18.573648578413078,0.04643412144603269,0.928682428920654,0.0,18.573648578413078,-0.0928682428920654,-20.895354650714893,-0.19502331007297496,28.789155296540272,0.0928682428920654,14.78462426841753,-111.44189147047841,0.0,-0.0928682428920654,-0.023217060723016346,0.0,-0.09286824289206527,-1000.0,0.09286824289210927,-0.023217060723016346,-0.02321706072301635,-0.023217060723016346,37.147297156826156,46.4341214460327,0.928682428920654,68.80375945266138,-0.02321706072301635,0.0,4.6434121446032695,260.71703563357016,0.0928682428920654,0.04643412144603269,0.04643412144603262,9.286824289206539,28.789155296540272,0.0928682428920654,-28.789155296540272,0.928682428920654,0.0928682428920654,-68.80375945266138,0.0928682428920654,0.3714729715688918,0.46434121446094423,0.0464341214460327,0.02321706072301635,27.86047286761962,-0.0928682428920654,554.3458741853295,0.9286824289206539,-137.60751890532276,64.42255204046981,-9.286824289206539,18.573648578413078,4.6434121446032695,-0.0928682428920654,0.0,0.1393023643380981,-0.0928682428920654,-18.573648578413078,28.789155296540272,748.4547479807995,0.0464341214460327,-521.4340712671403,-0.0928682428920654,-0.09286824289210927,-0.0928682428920654,0.046434121446032706,259.10239766886247,-18.573648578413078,0.0928682428920654,0.0,-0.02321706072301635,-0.10215506718134293,0.0,13.930236433809807,9.379692532098604,-538.5914824741584,259.10239766886247,-0.06965118216904904,20.895354650714893,-18.573648578413078,0.0928682428920654,-0.023217060723016346,519.7581906827155,92.86824289206538,-0.04643412144603269,-0.0928682428920654,0.02321706072301635,1000.0,0.0,-279.9504919203587,0.0,-1000.0,0.0,174.08913630200868,-44.25101537530991,0.0,-368.82042117623666,655.9860907937644,655.9416753242617,0.0,184.41021058811833,500.0,-327.9930453968822,0.0,22.125507687654956,0.0,-431.35002466986344,0.0,-655.9416753242617,-431.35002466986344,-174.08913630200868,138.12210174164028,0.0,1496.5981,bhi
185,0.0,0.0,0.0,0.0,0.0,0.0,0.0,0.0,-0.18402536873051642,0.0,0.0,0.0,0.0,0.0,0.0,0.0,-977.7640648509763,372.35276780099406,0.0,1000.0,0.0,0.0,0.0,0.0,0.0,384.6530579043634,0.0,0.0,0.0,484.7333443826473,0.0,0.0,759.8521627133385,0.0,0.0,0.0,0.0,-32.228976243670544,0.0,-1000.0,723.470354830997,0.0,0.0,-298.5486318115787,0.0,0.0,0.0,0.0,651.5698451728556,0.0,0.0,158.5391247045266,0.0,0.2024279056034232,0.0,0.0,0.0,36.80507374610328,0.0,0.0,-113.27594548049791,0.0,113.27594548049791,0.0,0.0,0.0,0.0,0.0,852.6563943484833,-630.4117683290793,0.0,1.8402536873051645,0.0,0.0,0.0,0.0,0.0,0.0,0.0,0.0,0.0,0.0,0.0,0.0,110.41522123830987,0.0,97.06944467429737,0.0,0.0,1000.0,-0.046006342182629105,0.0,0.0,0.0,55.207610619154934,0.0,143.48187105513477,0.0,0.0,0.0,0.0,9.20126843652582,484.7333443826473,0.0,0.0,-444.3439354245143,0.0,276.01312977787745,0.0,0.0,0.0,0.0,0.0,0.0,0.0,0.0,0.0,0.0,0.0,0.0,0.0,0.0,0.0,0.0,-1000.0,0.0,0.0,143.48187105513477,0.0,57.0478643064601,0.0,0.0,620.20391152015,0.0,-620.20391152015,620.20391152015,-377.43731213618463,-781.2499999999973,781.2499999999973,377.43731213618463,0.0,0.0,0.0,0.0,0.0,111.23939806654717,0.18402536873051642,0.0,0.0,0.0,-1000.0,149.90342610201083,0.0,0.0,0.0,0.0,1000.0,0.0,0.0,0.0,0.0,0.0,175.6690008694837,175.6690008694837,0.0,0.0,0.0,0.0,142.27597349049876,0.0,0.0,175.85302623821423,0.0,0.0,0.0,41.760024597031816,-945.8747298291889,0.0,0.0,0.0,0.0,0.0,0.0,0.0,0.0,0.0,0.0,0.0,0.0,0.0,0.0,-1000.0,0.0,0.0,0.0,0.0,0.0,0.0,-158.5391247045266,-1000.0,1000.0,0.0,0.0,0.0,0.0,0.0,0.0,0.0,0.0,-23.003171091314563,0.0,0.0,0.0,0.0,0.0,0.0,0.0,0.0,0.0,0.0,0.0,0.0,0.0,247.88634237784387,488.9493210488355,0.0,0.0,0.0,0.0,0.0,116.80807423853297,0.0,0.0,0.0,0.0,-113.27594548049791,298.5486318115787,0.0,0.0,0.0,0.0,0.0,0.0,0.0,0.0,5.925616873121737,0.0,88.27426043597984,0.0,-246.496900413949,753.503099586051,-506.969279531671,0.0,0.0,0.0,0.0,0.0,853.1556840161961,0.0,0.0,0.0,-67.08141241570576,0.0,0.0,817.9031371089579,817.9031371089579,817.9031371089579,0.0,0.0,0.0,-1000.0,0.0,-120.67795266733486,0.0,0.0,396.62270451960796,0.0,0.0,0.0,0.0,0.0,0.0,0.0,-115.72335852213894,0.0,0.0,0.0,0.0,0.0,0.0,-113.27594548049791,-0.2760380530957746,0.0,0.0,0.0,0.0,0.18402536873051642,0.0,0.0,0.0,733.7844378332105,-977.7640648509763,0.0,-296.2292902830095,608.3688225908666,945.8747298291889,866.9522258861318,0.0,1000.0,0.0,-444.3439354245143,0.0,0.0,0.0,-15.844584247697318,-852.6563943484833,-131.49902140381943,-1000.0,-1000.0,0.0,0.0,0.0,0.0,0.0,0.0,0.0,0.0,0.0,0.0,0.0,0.0,0.0,0.0,0.0,0.0,0.0,-774.1238858369799,0.0,-1000.0,0.0,257.36898893176874,0.0,0.0,0.0,0.0,-117.16501493966891,0.0,0.0,0.0,0.0,0.0,0.0,0.0,990.7987315634742,0.0,0.0,0.0,966.1779132859609,0.0,-116.29113759182098,0.0,-1000.0,0.0,-4.60063421826291,-975.3791817224867,0.0,0.0,47.62398936882781,64.26997764814473,55.00414697574047,143.48187105513477,-531.249999999997,531.249999999997,0.0,0.0,0.0,0.0,0.0,-247.88634237784387,247.88634237784387,247.88634237784387,-306.7947342355386,0.0,0.0,0.0,0.0,0.0,0.0,0.0,0.0,-32.41300161240106,0.0,-1000.0,0.0,0.0,0.0,0.0,0.0,-504.62912390428846,0.36805073746082884,0.0,0.0,0.0,0.0,0.0,0.0,0.0,0.0,0.0,222.24462601940397,0.0,0.0,0.0,0.0,0.0,0.0,0.0,0.0,0.0,0.2024279056034232,0.2024279056034232,0.0,0.0,0.0,110.41522123830987,0.0,0.0,0.0,1000.0,0.0,0.0,97.06944467429737,0.0,0.0,972.6709446925744,-1000.0,0.0,0.0,0.0,0.0,0.0,0.0,0.0,0.0,0.0,0.0,0.0,0.0,0.0,333.3333333333333,-733.7844378332105,850.0965738979892,0.0,111.23939806654717,0.0,0.0,0.0,-116.80807423853297,0.0,972.6709446925744,0.0,468.0418207882859,0.0,1000.0,-1000.0,247.88634237784387,0.0,0.0,0.0,0.0,0.0,0.0,0.0,0.0,0.0,0.0,0.0,0.0,0.0,110.41522123830987,0.0,0.0,0.0,0.0,0.0,0.0,0.0,0.0,0.0,0.0,0.0,0.0,1.8402536873051645,0.0,0.0,97.06944467429737,-97.06944467429737,0.0,-158.5391247045266,0.0,0.0,143.48187105513477,0.0,0.0,0.0,0.0,0.0,0.0,0.0,0.0,0.0,0.0,1000.0,496.6041627183832,0.0,55.207610619154934,55.207610619154934,1000.0,-1000.0,0.0,0.0,0.0,0.0,0.0,0.0,0.0,-484.7333443826473,0.0,-415.3516148578101,0.18402536873051642,0.0,0.0,-60.70268309969123,303.7344718467283,208.26305878679716,0.0,0.0,0.0,0.0,0.0,0.0,0.0,0.0,0.0,0.0,0.0,0.0,0.0,0.0,0.0,0.0,0.18402536873051642,0.0,0.0,0.0,0.0,0.0,0.0,0.0,0.0,257.36898893176874,-713.7319203616119,596.5669054219429,0.0,0.0,-225.87611416302013,-13.801902654788734,0.0,-9.20126843652583,0.0,0.0,0.0,0.0,0.0,0.0,0.0,0.0,0.0,0.0,0.0,0.0,945.8747298291889,0.0,0.0,111.8294047810941,0.0,0.0,0.0,-0.18402536873051642,0.0,0.0,0.18402536873051642,0.0,0.18402536873051642,0.0,0.0,0.0,110.41522123830987,224.51094985123007,224.51094985123007,0.0,0.0,0.0,0.0,0.0,0.0,0.0,850.0965738979892,0.0,0.0,0.0,0.0,0.0,0.0,0.0,0.0,0.0,0.0,0.0,0.0,0.0,0.0,0.0,0.0,0.0,0.0,0.0,116.80807423853297,0.0,-1000.0,1000.0,0.2760380530957746,0.0,0.0,0.0,-143.48187105513477,0.0,0.0,0.0,0.0,0.0,0.0,9.20126843652582,0.0,0.0,0.0,0.0,-142.27597349049876,-596.5669054219429,-9.20126843652583,0.0,-1000.0,0.0,0.0,0.0,0.0,0.0,0.0,0.0,0.0,1000.0,-247.88634237784387,0.0,1000.0,-236.08087663771715,0.0,0.0,0.0,0.0,0.0,628.644734164966,0.0,9.20126843652583,187.69755721767694,0.0,0.0,0.0,-226.55189096099582,-156.24999999998974,156.24999999998974,468.7500000000056,-468.7500000000056,0.0,0.0,0.0,0.0,0.0,-27.60380530957756,0.0,224.51094985123007,0.0,0.0,0.0,0.0,0.0,0.0,0.0,0.0,0.0,5.925616873121737,0.0,0.0,41.40570796436629,-465.276414766441,-31.98495741587743,0.0,55.207610619154934,97.06944467429737,0.0,0.0,0.0,-239.84569472818927,0.0,0.0,0.2024279056034232,0.0,0.0,0.0,112.25547492561503,0.0,0.0,0.0,0.0,488.9493210488355,0.0,0.0,0.0,0.0,0.0,0.0,0.0,0.0,-1000.0,0.0,0.018402536873051642,0.018402536873051642,0.0,0.0,0.0,0.0,0.0,0.0,0.0,0.0,0.0,-60.70268309969123,0.0,0.0,0.0,0.0,0.0,0.0,0.0,0.0,0.0,0.0,0.0,0.0,0.0,0.0,0.0,0.0,0.0,194.13888934859474,-610.8312054805205,27.65584357956202,372.35276780099406,0.0,0.0,0.0,110.41522123830987,0.0,0.0,0.0,0.0,0.0,0.0,-110.41522123830987,0.0,194.13888934859474,0.0,0.0,0.0,0.0,0.0,0.0,0.0,0.0,0.0,0.0,415.3516148578101,-1000.0,126.05737758040378,-143.48187105513477,0.0,0.0,225.14001268809818,0.0,0.0,0.0,0.0,0.0,0.0,0.0,0.0,0.0,0.0,0.0,0.0,0.0,0.0,0.0,0.0,0.0,-23.003171091314563,0.0,-13.801902654788734,-13.801902654788723,0.0,0.0,0.0,0.0,0.0,-2.3003171091314556,0.0,32.41300161240106,0.0,0.0,0.0,0.0,0.0,0.0,0.0,1000.0,55.207610619154934,55.207610619154934,0.0,0.0,0.0,0.0,0.0,0.2024279056034232,0.0,0.0,0.0,-225.14001268809818,0.0,0.0,0.0,0.0,0.0,0.0,0.0,0.0,0.0,0.0,0.0,0.0,0.0,0.0,307.67347104781834,0.0,0.0,0.0,0.0,193.22663716704227,111.23939806654717,0.0,0.0,0.0,0.0,0.0,0.0,0.0,596.5669054219429,0.0,0.0,0.0,-23.003171091314563,0.0,0.0,0.0,0.0,0.0,0.0,0.0,0.0,0.0,0.0,0.0,0.0,0.0,0.0,0.0,0.0,0.0,0.0,-0.18402536873051642,0.0,0.0,9.20126843652582,-972.6709446925744,0.0,0.0,0.0,0.0,0.0,0.0,0.0,0.0,15.844584247697318,4.60063421826291,0.0,0.0,384.6530579043634,0.18402536873051642,0.0,184.02536873051642,-57.0478643064601,36.80507374610328,1.3144669195036887,513.4307787581408,-0.1380190265478873,9.20126843652582,3.6805073746103285,-0.9201268436524686,-513.4307787581408,55.20761061915493,-0.18402536873051642,148.11464514150478,0.0,0.046006342182629105,1.3144669195036887,-444.3439354245143,-126.36628337619481,-3.6805073746103285,-394.5887029500178,-0.18402536873051642,0.046006342182629105,-513.4307787581408,422.48939502422047,0.18402536873051642,0.18402536873051642,0.3864532743339396,-96.8670167686938,-167.53035698180128,-0.1380190265478873,55.207610619154934,0.18402536873051642,143.48187105513477,-3.738423929278376,-0.09201268436525821,56.21822783082979,-135.3946364803151,-0.1380190265478873,-0.18402536873051642,-57.0478643064601,0.18402536873051642,18.402536873051645,-3.6805073746103285,116.80807423853297,116.80807423853297,-18.402536873051645,394.5887029500178,-116.80807423853297,36.80507374610328,0.2760380530957746,-1000.0,18.40253687305164,-333.3333333333333,0.0,-36.80507374610328,0.09201268436525821,1.8402536873051645,74.05732257075238,-211.08126863174058,-0.18402536873051642,-41.40570796436629,-0.3864532743339396,57.0478643064601,0.18402536873051642,126.36628337619481,-713.1915610637684,0.0,-0.18402536873051642,-0.046006342182629105,0.0,-0.18402536873051642,-504.62912390428846,0.18402536873054487,-0.046006342182629105,-0.046006342182629105,-0.046006342182629105,73.61014749220656,3.738423929278376,1.8402536873051645,270.56819381315825,-0.046006342182629105,0.0,9.20126843652582,261.51583038867005,0.18402536873051642,0.09201268436525821,0.09201268436525821,18.40253687305164,57.0478643064601,0.18402536873051642,-57.0478643064601,1.8402536873051645,0.18402536873051642,-539.0249913230351,0.18402536873051642,0.7361014749219832,0.9201268436524686,0.09201268436525821,0.046006342182629105,55.207610619154934,-0.18402536873051642,167.53035698180128,1.8402536873051643,-541.1363876263165,4.600634218262913,-18.402536873051645,36.80507374610328,9.20126843652582,-0.18402536873051642,444.3439354245143,0.2760380530957746,-0.18402536873051642,-36.80507374610328,57.0478643064601,525.9446662441684,0.09201268436525821,-523.0316607773401,-0.18402536873051642,-0.18402536873054487,-0.18402536873051642,0.09201268436525821,513.4307787581408,-36.80507374610328,0.18402536873051642,148.11464514150475,-0.046006342182629105,96.8670167686938,-148.11464514150475,27.603805309577464,135.3946364803151,65.77736404951557,513.4307787581408,-0.1380190265478873,41.40570796436629,211.08126863174058,0.18402536873051642,-0.0460063421826291,9.20126843652583,184.02536873051642,-0.09201268436525821,-0.18402536873051642,0.046006342182629105,0.0,0.0,999.9079873156347,268.4567975098769,-935.9603802245413,0.0,431.5149145858362,-1000.0,404.0868581511688,47.847344058761024,506.0705371271524,-186.70849984811412,0.0,-23.923672029380512,467.98019011227063,-253.0352685635762,-404.0868581511688,500.0,0.0,-286.0989715159791,0.0,186.70849984811412,-286.0989715159791,-431.5149145858362,563.1519693882765,0.0,1496.5981,bhi
186,0.0,0.0,0.0,0.0,0.0,0.0,0.0,0.0,-0.2255847515398059,0.0,0.0,0.0,0.0,0.0,0.0,0.0,471.0163457163517,-177.37167572722439,0.0,0.0,0.0,0.0,0.0,1000.0,0.0,0.0,0.0,0.0,0.0,-1000.0,0.0,0.0,666.8340297689201,0.0,0.0,0.0,0.0,739.9418101829611,0.0,-1000.0,-378.3083129390042,0.0,0.0,471.0163457163517,0.0,0.0,0.0,0.0,732.4896774835695,-459.9282259256,0.0,674.5223689162729,0.0,0.24814322669390135,0.0,0.0,0.0,0.0,0.0,0.0,-23.33712157538173,0.0,-70.39055361651923,-93.72767519190096,0.0,0.0,0.0,0.0,180.978958386696,0.0,0.0,2.255847515398059,0.0,0.0,0.0,0.0,0.0,0.0,0.0,0.0,0.0,0.0,337.3556966213963,0.0,135.3508509238835,0.0,0.0,0.0,0.0,-235.33898429452103,-0.056396187884951474,0.0,0.0,67.20383590619448,67.67542546194176,0.0,67.67542546194176,0.0,0.0,0.0,337.3556966213963,11.279237576990294,-1000.0,0.0,0.0,-328.18054722205005,0.0,0.0,0.0,0.0,0.0,0.0,0.0,0.0,0.0,0.0,0.0,0.0,0.0,0.0,0.0,0.0,0.0,0.0,-936.3997529851272,0.0,0.0,67.67542546194176,0.0,69.93127297733982,0.0,0.0,-750.5009289467387,750.5009289467387,0.0,0.0,-165.14774952464109,1000.0,-1000.0,165.14774952464109,0.0,0.0,0.0,0.0,0.0,-319.9856707528312,0.2255847515398059,0.0,0.0,0.0,0.0,0.0,0.0,0.0,0.0,0.0,1000.0,0.0,0.0,0.0,0.0,0.0,551.5195215380127,551.5195215380127,0.0,0.0,0.0,0.0,601.8073802837228,0.0,0.0,551.7451062895525,0.0,0.0,0.0,848.1920988515004,-76.76839566079525,0.0,0.0,0.0,0.0,0.0,0.0,0.0,0.0,0.0,-423.0050885374683,0.0,0.0,0.0,0.0,-1000.0,0.0,0.0,0.0,0.0,0.0,459.9282259256,-674.5223689162729,235.33898429452103,-235.33898429452103,0.0,0.0,0.0,0.0,0.0,0.0,0.0,0.0,-455.92206820873946,0.0,0.0,0.0,0.0,0.0,0.0,0.0,0.0,0.0,0.0,0.0,0.0,0.0,0.0,29.41128661777129,471.0163457163517,0.0,0.0,0.0,0.0,249.49907105326133,0.0,0.0,0.0,0.0,-23.33712157538173,0.0,0.0,0.0,0.0,0.0,0.0,0.0,0.0,0.0,7.263828999582837,45.116950307961176,0.0,0.0,235.33898429452103,0.0,293.30629286181767,0.0,-471.0163457163517,0.0,0.0,0.0,-68.12659496502137,0.0,0.0,0.0,213.30252255222126,0.0,0.0,771.9365102598075,739.1339067124026,1000.0,-689.1715238355874,721.9741273829924,-461.10803409539494,235.33898429452103,0.0,0.0,459.9282259256,0.0,379.88238574279706,0.0,0.0,0.0,0.0,0.0,0.0,0.0,551.2939367864728,0.0,0.0,0.0,0.0,0.0,0.0,-23.33712157538173,-0.3383771273097088,0.0,0.0,0.0,0.0,0.2255847515398059,0.0,0.0,0.0,675.561674485214,471.0163457163517,0.0,-630.0665086687468,735.6687370312507,76.76839566079525,-310.63288747706247,0.0,0.0,0.0,-328.18054722205005,0.0,0.0,0.0,-19.422847107577397,19.422847107577397,0.0,-734.9366771783816,-1000.0,0.0,0.0,0.0,0.0,0.0,0.0,0.0,0.0,0.0,0.0,0.0,0.0,0.0,0.0,0.0,0.0,0.0,-274.77366086487257,0.0,-1000.0,0.0,0.0,0.0,0.0,0.0,0.0,312.7218417532484,0.0,0.0,0.0,0.0,0.0,0.0,34.63030498673393,0.0,0.0,-200.4018054942734,-653.7897269126665,0.0,-771.1186654623391,467.3687975139905,-34.63030498673393,-11.279237576990294,1000.0,-5.639618788495147,-11.279237576990294,0.0,0.0,34.34886988582218,-237.37675139455555,0.0,67.67542546194176,0.0,0.0,0.0,0.0,0.0,0.0,0.0,0.0,0.0,0.0,-314.1731598364436,0.0,0.0,0.0,0.0,0.0,0.0,0.0,0.0,-46.67424315076346,0.0,0.0,0.0,0.0,0.0,0.0,0.0,-38.26413884417047,0.45116950307952197,0.0,0.0,0.0,0.0,0.0,0.0,0.0,0.0,0.0,180.978958386696,0.0,0.0,0.0,0.0,0.0,0.0,0.0,0.0,0.0,0.24814322669390135,0.24814322669390135,0.0,0.0,0.0,135.3508509238835,0.0,0.0,0.0,1000.0,0.0,0.0,0.0,0.0,0.0,1000.0,-1000.0,0.0,0.0,0.0,0.0,0.0,0.0,0.0,0.0,0.0,0.0,0.0,0.0,0.0,312.1332509950424,-675.561674485214,0.0,0.0,17.370025868565122,0.0,303.27801761682224,-236.07418171062776,-485.57325276388906,0.0,932.3228230993674,0.0,1000.0,-38.26413884417047,0.0,0.0,0.0,0.0,0.0,0.0,0.0,0.0,0.0,0.0,0.0,0.0,0.0,0.0,0.0,0.0,135.3508509238835,0.0,0.0,0.0,0.0,0.0,0.0,0.0,0.0,0.0,0.0,0.0,0.0,2.255847515398059,0.0,0.0,0.0,0.0,0.0,-674.5223689162729,0.0,0.0,67.67542546194176,0.0,0.0,0.0,0.0,0.0,0.0,0.0,0.0,0.0,0.0,1000.0,0.0,0.0,67.67542546194176,67.67542546194176,1000.0,-1000.0,0.0,0.0,0.0,0.0,0.0,0.0,0.0,734.9366771783816,0.0,1000.0,0.2255847515398059,0.0,0.0,0.0,297.9168908013907,0.0,0.0,-67.20383590619448,0.0,0.0,0.0,0.0,0.0,0.0,5.20593668466405,0.0,0.0,0.0,0.0,0.0,0.0,0.0,0.2255847515398059,0.0,0.0,0.0,-850.1167041845405,850.1167041845405,0.0,0.0,0.0,0.0,0.0,312.7218417532484,0.0,0.0,-725.2263391351274,-16.918856365485453,-11.279237576990294,0.0,0.0,-656.2500000000001,-656.2499999999999,656.2500000000001,0.0,0.0,0.0,0.0,0.0,0.0,0.0,0.0,76.76839566079525,0.0,0.0,45.628107462812494,0.0,0.0,0.0,-0.2255847515398059,0.0,0.0,0.2255847515398059,0.0,0.2255847515398059,15.617810053992152,0.0,0.0,135.3508509238835,275.2133968785632,275.2133968785632,0.0,0.0,0.0,0.0,0.0,0.0,0.0,0.0,0.0,0.0,0.0,0.0,0.0,0.0,0.0,0.0,0.0,0.0,0.0,0.0,0.0,0.0,0.0,0.0,0.0,0.0,0.0,249.49907105326133,0.0,-544.1521573688435,544.1521573688435,0.3383771273097088,0.0,0.0,0.0,-67.67542546194176,0.0,0.0,0.0,0.0,0.0,0.0,11.279237576990294,0.0,0.0,0.0,0.0,-601.8073802837228,0.0,0.0,0.0,0.0,0.0,0.0,0.0,0.0,0.0,0.0,0.0,0.0,0.0,0.0,0.0,572.2760257337364,-328.18054722205005,0.0,312.7218417532484,0.0,-312.7218417532484,0.0,-343.3399918435845,0.0,11.279237576990294,118.03636798072836,0.0,0.0,0.0,-46.67424315076346,0.0,0.0,0.0,0.0,0.0,0.0,0.0,0.0,0.0,439.92394490295374,-50.756569096456374,275.2133968785632,0.0,531.25,531.2499999999999,-531.2499999999999,0.0,0.0,0.0,0.0,0.0,7.263828999582837,0.0,0.0,0.0,-478.8958491880867,-522.1952177199112,0.0,67.67542546194176,0.0,0.0,0.0,0.0,153.2980677315147,0.0,0.0,0.24814322669390135,0.0,0.0,0.0,137.6066984392816,0.0,0.0,0.0,0.0,29.41128661777129,0.0,0.0,0.0,0.0,0.0,0.0,0.0,0.0,0.0,0.0,263.64034684516724,0.022558475153980587,0.0,0.0,0.0,0.0,0.0,15.617810053992152,0.0,0.0,0.0,0.0,0.0,0.0,0.0,0.0,0.0,0.0,0.0,0.0,0.0,0.0,0.0,0.0,0.0,459.9282259256,0.0,0.0,0.0,0.0,0.0,1000.0,-177.37167572722439,0.0,0.0,0.0,135.3508509238835,0.0,0.0,0.0,0.0,0.0,-135.3508509238835,0.0,0.0,0.0,0.0,0.0,0.0,0.0,0.0,0.0,0.0,0.0,0.0,0.0,-1000.0,-1000.0,154.52555480476704,0.0,-67.67542546194176,0.0,724.324000128969,0.0,0.0,0.0,0.0,0.0,0.0,0.0,0.0,0.0,0.0,0.0,0.0,0.0,0.0,0.0,0.0,0.0,-28.198093942475747,0.0,-16.918856365485453,33.83771273097088,0.0,0.0,0.0,0.0,0.0,0.0,-2.8198093942475735,46.67424315076346,0.0,0.0,0.0,0.0,0.0,0.0,0.0,1000.0,67.67542546194176,67.67542546194176,0.0,0.0,0.0,0.0,0.0,0.24814322669390135,0.0,0.0,0.0,-739.9418101829611,263.6177883700133,0.0,0.0,0.0,0.0,0.0,0.0,0.0,0.0,0.0,0.0,0.0,0.0,0.0,279.8849837114178,0.0,0.0,0.0,0.0,236.86398911679615,17.370025868565122,0.0,0.0,0.0,0.0,0.0,0.0,0.0,-11.279237576990294,0.0,0.0,0.0,-28.198093942475747,0.0,0.0,0.0,0.0,0.0,0.0,0.0,0.0,0.0,0.0,0.0,0.0,0.0,0.0,0.0,0.0,0.0,0.0,-0.2255847515398059,0.0,0.0,11.279237576990294,-1000.0,0.0,0.0,0.0,0.0,0.0,0.0,0.0,0.0,19.422847107577397,5.639618788495147,0.0,0.0,0.0,0.2255847515398059,0.0,225.58475153980586,-69.93127297733982,45.116950307961176,1.6113196538557564,629.3814567960584,-0.1691885636548544,11.279237576990294,4.511695030796118,14.48988629629389,-629.3814567960584,67.67542546194176,-0.2255847515398059,109.39351574068336,0.0,0.056396187884951474,1.6113196538557564,-328.18054722205005,-35.913092445138204,-4.511695030796118,-293.6446699891273,-0.2255847515398059,0.056396187884951474,-629.3814567960584,22.558475153980588,0.2255847515398059,0.2255847515398059,0.47372797823370727,0.24814322669379862,-48.73707416899049,-0.1691885636548544,67.67542546194176,0.22558475153980584,67.67542546194176,-112.79237576990293,-0.11279237576990295,-294.9018313869094,-272.2831309587817,-0.1691885636548544,-0.2255847515398059,-69.93127297733982,0.2255847515398059,22.558475153980588,-4.511695030796118,249.49907105326133,249.49907105326133,-22.558475153980588,293.6446699891273,-249.49907105326133,45.116950307961176,0.3383771273097088,-1000.0,22.558475153980588,-312.1332509950424,0.0,-45.116950307961176,0.11279237576990295,2.255847515398059,157.5166271671867,45.116950307961176,-0.2255847515398059,-50.756569096456374,-0.47372797823370727,69.93127297733982,0.2255847515398059,35.913092445138204,-270.701701847767,0.0,-0.2255847515398059,-0.056396187884951474,0.0,-0.2255847515398059,-38.26413884417047,0.22558475153982727,-0.056396187884951474,-0.056396187884951474,-0.056396187884951474,90.23390061592235,112.79237576990293,2.255847515398059,167.13010279705583,-0.056396187884951474,205.63973859369003,11.279237576990294,30.411306999075528,0.2255847515398059,0.11279237576990295,0.11279237576990295,22.558475153980588,69.93127297733982,0.2255847515398059,-69.93127297733982,2.255847515398059,0.2255847515398059,-167.13010279705583,0.2255847515398059,0.9023390061583942,-14.48988629629389,0.11279237576990295,0.056396187884951474,67.67542546194176,-0.2255847515398059,48.73707416899049,2.255847515398059,-334.26020559411165,5.639618788495145,-22.558475153980588,45.116950307961176,11.279237576990294,-0.2255847515398059,328.18054722205005,0.3383771273097088,-0.2255847515398059,-45.116950307961176,69.93127297733982,79.95101665898417,0.11279237576990295,-60.822613998151056,-0.22558475153980584,-0.22558475153982727,-0.2255847515398059,0.11279237576990295,629.3814567960584,-45.116950307961176,0.2255847515398059,315.0332543343734,-0.056396187884951474,-0.24814322669379862,-315.0332543343734,33.83771273097088,272.2831309587817,-231.01883507777444,629.3814567960584,-0.1691885636548544,50.756569096456374,-45.116950307961176,0.2255847515398059,-0.05639618788495146,11.279237576990294,225.58475153980586,-0.11279237576990295,-0.2255847515398059,0.056396187884951474,580.9442453644056,0.0,999.8872076242301,0.0,-645.4119168239286,0.0,857.4731737127314,-1000.0,0.0,-522.9084061934587,597.2367567505324,-617.3929760416976,0.0,261.4542030967294,322.7059584119643,-298.6183783752662,0.0,500.0,0.0,-233.24908439049887,0.0,617.3929760416976,-233.24908439049887,-857.4731737127314,552.8082002032589,0.0,1496.5981,bhi
187,0.0,0.0,0.0,0.0,0.0,0.0,0.0,0.0,-0.2145444144742931,0.0,0.0,0.0,0.0,0.0,0.0,0.0,1000.0,527.0168905009884,0.0,-1000.0,0.0,0.0,0.0,0.0,0.0,0.0,0.0,0.0,0.0,929.7330585147176,0.0,0.0,676.7398604288944,0.0,0.0,0.0,0.0,969.3344516911413,0.0,-1000.0,397.14659376004556,0.0,0.0,114.86281380253195,0.0,0.0,0.0,0.0,-1000.0,-511.18169390400925,0.0,44.59587231724959,0.0,0.2359988559219839,0.0,0.0,0.0,42.90888289485862,0.0,0.0,-18.894211434702623,0.0,-958.0341887834161,-976.9284002181187,0.0,0.0,0.0,0.0,275.74494943137347,-275.74494943137347,0.0,2.1454441447429313,0.0,0.0,0.0,0.0,0.0,0.0,0.0,518.3587469652155,0.0,0.0,0.0,0.0,128.72664868457588,0.0,0.0,362.255172730991,-790.6424099127529,0.0,-0.05363610361857327,0.0,0.0,0.0,64.36332434228794,0.0,64.36332434228794,-6.908330146072217,0.0,0.0,0.0,164.4963922626651,817.9513806592392,0.0,0.0,-318.5187080112234,493.77380056656904,0.0,0.0,0.0,0.0,0.0,0.0,0.0,0.0,0.0,0.0,0.0,0.0,0.0,0.0,0.0,0.0,0.0,-1000.0,0.0,0.0,64.36332434228794,0.0,66.50876848703086,0.0,0.0,0.0,0.0,0.0,0.0,0.0,0.0,0.0,0.0,0.0,0.0,0.0,0.0,0.0,16.51991991452056,0.2145444144742931,0.0,0.0,0.0,398.5563957232933,-1000.0,0.0,0.0,0.0,0.0,1000.0,0.0,0.0,0.0,0.0,0.0,420.4155359892937,420.4155359892937,0.0,0.0,0.0,0.0,-361.8890364924714,0.0,0.0,420.630080403768,0.0,0.0,0.0,0.0,-206.00145939248796,0.0,0.0,0.0,0.0,0.0,0.0,0.0,0.0,0.0,-1000.0,0.0,0.0,0.0,0.0,-1000.0,0.0,0.0,0.0,0.0,0.0,511.18169390400925,-44.59587231724959,790.6424099127529,-790.6424099127529,0.0,0.0,0.0,0.0,0.0,0.0,0.0,111.78167785547845,-26.81805180928665,0.0,0.0,0.0,0.0,0.0,0.0,0.0,0.0,0.0,0.0,0.0,0.0,0.0,0.0,-85.81776578971724,-885.137186197468,0.0,0.0,0.0,0.0,213.4519957464124,0.0,0.0,0.0,0.0,-18.894211434702623,-1000.0,0.0,0.0,0.0,0.0,0.0,0.0,0.0,0.0,0.0,0.0,0.0,0.0,581.2848198255058,-1000.0,108.30171032649434,0.0,885.137186197468,0.0,0.0,0.0,-491.07397428446035,0.0,0.0,0.0,178.0775067854978,0.0,0.0,-1000.0,0.0,0.0,-1000.0,0.0,0.0,0.0,0.0,1000.0,511.18169390400925,0.0,385.1269206368654,0.0,0.0,0.0,-85.79711136191447,0.0,85.79711136191447,0.0,1000.0,0.0,0.0,0.0,0.0,0.0,0.0,-18.894211434702623,-0.32181662171143965,0.0,0.0,0.0,0.0,0.2145444144742931,0.0,0.0,0.0,722.1846799112997,1000.0,0.0,-212.3458053408156,728.2821841577265,206.00145939248796,401.0162553263658,0.0,0.0,0.0,-318.5187080112234,0.0,0.0,0.0,-18.472274086236894,-422.8615877703013,441.3338618565382,-926.203145274779,-1000.0,0.0,0.0,0.0,0.0,0.0,0.0,0.0,0.0,0.0,0.0,0.0,0.0,0.0,0.0,0.0,0.0,0.0,-29.80737065096187,0.0,-1000.0,0.0,0.0,0.0,0.0,0.0,0.0,-16.51991991452056,0.0,0.0,0.0,0.0,153.76917153895045,36.01638772006136,0.0,0.0,-441.23826545674603,111.10025061886647,-253.34223109003614,989.2727792762853,0.0,-730.2179159461739,0.0,-87.61180649318987,0.0,435.8746550948887,-1000.0,0.0,0.0,-555.4321268596441,0.0,527.759935306832,64.36332434228794,0.0,0.0,0.0,659.0630040218067,0.0,0.0,663.8544902711284,663.8544902711284,-663.8544902711284,-663.8544902711284,-726.8640970445043,0.0,0.0,-579.7990084251805,0.0,0.0,111.78167785547845,0.0,0.0,-37.788422869405245,0.0,-718.7499999999972,60.4936627759677,0.0,0.0,0.0,0.0,-257.85089384214285,0.4290888289483519,0.0,0.0,0.0,0.0,0.0,0.0,0.0,0.0,0.0,0.0,0.0,0.0,0.0,0.0,0.0,0.0,0.0,0.0,0.0,0.2359988559219839,0.2359988559219839,0.0,0.0,0.0,128.72664868457588,0.0,0.0,0.0,783.7094222128922,0.0,0.0,0.0,0.0,0.0,668.957296220944,-783.7094222128922,0.0,0.0,0.0,0.0,0.0,60.4936627759677,0.0,0.0,0.0,0.0,0.0,0.0,0.0,333.3333333333333,-722.1846799112997,107.66980371013767,0.0,16.51991991452056,0.0,-213.4519957464124,213.4519957464124,0.0,0.0,668.957296220944,0.0,411.1064023788012,0.0,0.0,0.0,0.0,0.0,0.0,0.0,0.0,0.0,0.0,0.0,0.0,0.0,0.0,0.0,0.0,0.0,128.72664868457588,0.0,0.0,0.0,0.0,0.0,0.0,0.0,0.0,0.0,0.0,0.0,0.0,2.1454441447429313,0.0,0.0,0.0,0.0,0.0,-44.59587231724959,0.0,0.0,64.36332434228794,0.0,0.0,0.0,0.0,0.0,0.0,0.0,0.0,0.0,0.0,-469.19044400808247,-343.27774398540987,0.0,64.36332434228794,64.36332434228794,1000.0,-783.7094222128922,0.0,60.4936627759677,0.0,0.0,0.0,0.0,0.0,-891.7482353844603,111.78167785547845,-667.7439209404986,0.2145444144742931,0.0,0.0,272.5067194737697,10.829829041602125,0.0,0.0,0.0,0.0,0.0,0.0,0.0,0.0,0.0,0.0,0.0,0.0,0.0,0.0,0.0,0.0,0.0,0.2145444144742931,0.0,0.0,0.0,107.63830831273053,-107.63830831273053,0.0,0.0,0.0,0.0,-973.652911443091,957.1329915285705,0.0,0.0,-970.1926293490382,-16.090831085571985,-10.727220723714664,0.0,0.0,0.0,0.0,0.0,0.0,0.0,0.0,0.0,0.0,0.0,0.0,0.0,206.00145939248796,0.0,0.0,-16.94497082909743,0.0,0.0,0.0,-0.2145444144742931,0.0,0.0,0.2145444144742931,0.0,0.2145444144742931,0.0,0.0,0.0,128.72664868457588,261.7441856586376,261.7441856586376,0.0,0.0,0.0,0.0,0.0,0.0,0.0,107.66980371013767,0.0,111.78167785547845,0.0,0.0,0.0,0.0,0.0,0.0,0.0,0.0,0.0,0.0,0.0,0.0,0.0,0.0,0.0,0.0,0.0,213.4519957464124,0.0,-798.0444632400717,798.0444632400717,0.32181662171143965,0.0,0.0,0.0,-64.36332434228794,0.0,0.0,0.0,0.0,0.0,0.0,10.727220723714655,0.0,0.0,0.0,0.0,361.8890364924714,0.0,0.0,0.0,-718.7499999999972,0.0,0.0,0.0,0.0,0.0,0.0,0.0,0.0,-965.426520963937,0.0,0.0,1000.0,-318.5187080112234,0.0,957.1329915285705,0.0,-957.1329915285705,0.0,-752.818159943098,0.0,10.727220723714664,166.15167870421226,0.0,0.0,0.0,-37.788422869405245,-343.75000000001074,343.75000000001074,0.0,0.0,0.0,0.0,0.0,0.0,0.0,983.909168914428,-16.090831085571974,261.7441856586376,0.0,968.75,968.75,-968.75,0.0,0.0,0.0,0.0,0.0,0.0,0.0,0.0,32.18166217114395,-283.3365485153718,128.15094149887383,0.0,64.36332434228794,0.0,0.0,0.0,0.0,-224.003632242012,0.0,0.0,0.2359988559219839,0.0,0.0,0.0,130.8720928293188,0.0,0.0,0.0,0.0,-85.81776578971724,0.0,493.77380056656904,0.0,0.0,0.0,0.0,0.0,0.0,0.0,0.0,0.02145444144742931,0.02145444144742931,0.0,0.0,0.0,0.0,0.0,0.0,0.0,0.0,0.0,272.5067194737697,0.0,0.0,0.0,0.0,0.0,0.0,0.0,0.0,0.0,0.0,0.0,0.0,0.0,511.18169390400925,0.0,0.0,0.0,0.0,419.45953290343346,535.9445947793168,527.0168905009884,0.0,0.0,0.0,128.72664868457588,0.0,0.0,0.0,0.0,0.0,607.1509923248481,-735.877641009424,0.0,0.0,0.0,0.0,0.0,0.0,0.0,0.0,0.0,0.0,0.0,0.0,667.7439209404986,-1000.0,146.96292391489078,900.7982813829814,-965.1616057252693,0.0,969.3344516911413,0.0,0.0,0.0,0.0,0.0,0.0,0.0,0.0,0.0,0.0,0.0,0.0,0.0,0.0,0.0,0.0,0.0,-26.81805180928665,0.0,-169.86000262452242,0.0,0.0,0.0,0.0,0.0,0.0,-159.45732073184104,156.77551555091236,37.788422869405245,0.0,0.0,0.0,0.0,0.0,0.0,0.0,1000.0,64.36332434228794,64.36332434228794,0.0,0.0,0.0,0.0,518.3587469652155,0.2359988559219839,0.0,0.0,0.0,-969.3344516911413,0.0,0.0,0.0,0.0,0.0,0.0,0.0,0.0,0.0,0.0,0.0,0.0,0.0,0.0,399.0222316200358,0.0,0.0,0.0,0.0,225.2716351980078,16.51991991452056,0.0,0.0,0.0,0.0,0.0,0.0,0.0,-17.635550869786883,0.0,0.0,0.0,-26.81805180928665,0.0,0.0,0.0,0.0,0.0,0.0,0.0,0.0,0.0,0.0,0.0,0.0,0.0,0.0,0.0,0.0,0.0,0.0,-0.2145444144742931,0.0,0.0,10.727220723714655,-668.957296220944,0.0,0.0,0.0,0.0,0.0,0.0,0.0,0.0,18.472274086236894,5.363610361857326,0.0,0.0,0.0,0.2145444144742931,0.0,214.5444144742931,-66.50876848703086,42.90888289485863,1.5324601033878078,598.5789163832778,-0.16090831085571983,87.61180649318987,4.290888289485863,-1.072722072371107,-598.5789163832778,64.36332434228794,-0.21454441447429312,106.1729026704078,60.4936627759677,0.05363610361857328,1.5324601033878078,-318.5187080112234,-34.155470784307454,-4.290888289485863,-527.0168905009884,-0.21454441447429312,0.05363610361857328,-598.5789163832778,21.45444144742931,0.21454441447429312,0.2145444144742931,0.45054327039627706,0.23599885592172243,-297.5533382485905,-0.16090831085571983,64.36332434228794,0.21454441447429312,64.36332434228794,-107.27220723714656,-0.10727220723714656,-65.40924572896272,-235.120981608316,-0.16090831085571983,-0.21454441447429312,-66.50876848703086,0.2145444144742931,21.45444144742931,-4.290888289485863,213.4519957464124,213.4519957464124,-21.45444144742931,527.0168905009884,-213.4519957464124,42.90888289485862,0.32181662171143965,-1000.0,21.45444144742931,-333.3333333333333,60.4936627759677,-42.90888289485862,0.10727220723714655,2.1454441447429313,53.0864513352039,42.90888289485862,-0.2145444144742931,-48.27249325671592,-0.45054327039627706,66.50876848703086,0.21454441447429312,34.155470784307454,-196.9596345931842,60.4936627759677,-0.2145444144742931,-0.05363610361857328,-60.4936627759677,-0.21454441447429312,-751.6246944087119,0.21454441447429312,-0.05363610361857327,-0.05363610361857327,-0.05363610361857327,85.81776578971724,107.27220723714656,2.1454441447429313,368.14727485003283,-0.05363610361857327,0.0,10.727220723714655,139.65266764478608,0.2145444144742931,0.10727220723714655,0.10727220723714656,51.701272835413164,66.50876848703086,0.2145444144742931,-66.50876848703086,2.1454441447429313,0.21454441447429312,-786.5406384028156,0.21454441447429312,0.8581776578968672,1.072722072371107,0.10727220723714656,0.05363610361857328,64.36332434228794,-0.21454441447429312,297.5533382485905,2.1454441447429313,-736.2945497000657,82.24819613133255,-21.45444144742931,42.90888289485862,10.727220723714655,-0.21454441447429312,318.5187080112234,0.32181662171143965,-0.21454441447429312,-103.40254567082633,66.50876848703086,564.6212039882364,0.10727220723714656,-279.30533528957216,-0.21454441447429312,-0.21454441447429312,-0.21454441447429312,0.10727220723714656,598.5789163832778,-42.90888289485862,0.2145444144742931,106.1729026704078,-0.05363610361857327,-0.23599885592172243,-106.1729026704078,32.18166217114396,235.120981608316,12.222171422178619,598.5789163832778,-0.16090831085571983,48.27249325671592,-42.90888289485862,0.21454441447429312,-0.053636103618573266,10.727220723714664,214.5444144742931,-0.10727220723714655,-0.21454441447429312,0.05363610361857327,674.1582666502774,0.0,999.8927277927628,418.3933635527828,440.5829571020952,0.0,1000.0,-1000.0,0.0,-498.26970851156375,343.41091813906235,-935.2390791847209,0.0,249.13485425578187,-220.29147855104756,-171.70545906953117,0.0,500.0,0.0,-340.61757174622437,0.0,935.2390791847209,-340.61757174622437,-1000.0,587.7525965728775,0.0,1496.5981,bhi
188,0.0,0.0,0.0,0.0,0.0,0.0,0.0,0.0,-0.023843032324576876,0.0,0.0,0.0,0.0,0.0,0.0,0.0,-754.1108665479355,1000.0,0.0,166.40461531725475,0.0,0.0,0.0,0.0,0.0,476.2821821413768,0.0,0.0,0.0,-1000.0,526.9015549722594,-526.9015549722594,999.4730689856268,0.0,0.0,0.0,0.0,699.1274425427528,0.0,-1000.0,992.847090302627,0.0,0.0,0.0,0.0,0.0,632.6656631886052,0.0,1000.0,0.0,0.0,-754.1108665479355,0.0,0.026227335557058144,0.0,0.0,0.0,4.768606464915375,0.0,0.0,-177.7336280374706,0.0,177.7336280374706,0.0,0.0,0.0,0.0,0.0,82.63995003698346,931.6658693577626,0.0,0.2384303232457688,0.0,0.0,0.0,0.0,0.0,0.0,0.0,395.8012125323731,0.0,0.0,0.0,0.0,14.305819394746127,0.0,0.0,-979.3059342226404,-225.19506767470494,1000.0,-0.005960758081144219,0.0,0.0,0.0,7.1529096973730635,0.0,7.1529096973730635,-527.6693006131098,0.0,0.0,0.0,1.1921516162288437,-1000.0,0.0,0.0,0.0,0.0,0.0,0.0,0.0,0.0,0.0,0.0,0.0,0.0,0.0,0.0,0.0,0.0,0.0,0.0,0.0,0.0,0.0,-476.2821821413768,0.0,0.0,7.1529096973730635,0.0,7.391340020618832,0.0,0.0,0.0,0.0,0.0,0.0,0.0,0.0,0.0,0.0,0.0,0.0,0.0,0.0,0.0,1.8359134889924182,0.023843032324576876,0.0,0.0,0.0,-4.768606464915375,0.0,0.0,0.0,0.0,0.0,367.1206177477691,0.0,0.0,0.0,0.0,0.0,-159.5433751285401,-159.5433751285401,0.0,0.0,0.0,281.25,0.0,0.0,0.0,367.3820228760439,0.0,0.0,0.0,0.0,-269.2593640414467,0.0,0.0,0.0,0.0,0.0,0.0,0.0,0.0,0.0,0.0,0.0,0.0,0.0,0.0,-1000.0,0.0,0.0,0.0,0.0,0.0,0.0,754.1108665479355,-774.8049323252951,774.8049323252951,0.0,0.0,0.0,0.0,0.0,0.0,0.0,0.0,-111.90280691454883,0.0,0.0,0.0,0.0,0.0,0.0,0.0,0.0,0.0,0.0,0.0,0.0,0.0,695.5649323369387,11.394585147915265,0.0,0.0,0.0,0.0,0.0,0.0,0.0,0.0,0.0,0.0,-177.7336280374706,0.0,526.9015549722594,0.0,0.0,0.0,0.0,0.0,0.0,0.0,0.0,0.0,0.0,0.0,-103.62466456843686,445.98520008215337,0.0,0.0,0.0,0.0,0.0,0.0,0.0,0.0,0.0,0.0,-90.21990610315504,0.0,0.0,-915.3478834794855,-718.3902928863304,-948.6353462341002,-196.95759059315537,0.0,-230.2450533477698,-1000.0,0.0,-383.2052493333354,0.0,0.0,66.52206018556949,0.0,0.0,0.0,0.0,0.0,0.0,0.0,1000.0,0.0,0.0,-111.90280691454883,281.25,0.0,0.0,-177.7336280374706,-0.03576454848686531,0.0,0.0,0.0,0.0,0.023843032324576876,0.0,0.0,0.0,992.847090302627,-754.1108665479355,0.0,0.0,586.4182163923742,269.2593640414467,1000.0,0.0,124.54646365065982,0.0,0.0,0.0,0.0,0.0,805.386132041109,70.06740430823118,-1000.0,-909.4820559927878,-1000.0,0.0,0.0,0.0,0.0,0.0,0.0,0.0,0.0,0.0,0.0,0.0,0.0,0.0,0.0,0.0,0.0,0.0,-300.7771853279489,0.0,-1000.0,0.0,0.0,0.0,0.0,0.0,0.0,525.065641483267,0.0,0.0,0.0,0.0,0.0,0.0,0.0,-1.1921516162288437,-813.3997752053994,-152.70735434521464,0.0,0.0,160.4563398507022,0.0,0.0,0.0,1000.0,812.803699397285,-1.1921516162288437,-1000.0,0.0,0.0,-1000.0,998.8078483837711,7.1529096973730635,0.0,0.0,0.0,1.5618444163897038,0.0,0.0,284.4803110460699,-411.0846212908688,411.0846212908688,411.0846212908688,591.2106658896142,0.0,0.0,0.0,0.0,0.0,0.0,0.0,0.0,-355.4672560749412,0.0,0.0,0.0,0.0,0.0,0.0,0.0,-0.5269310143731726,0.047686064649155924,0.0,0.0,0.0,0.0,0.0,0.0,0.0,0.0,0.0,968.5118696679212,0.0,0.0,0.0,0.0,0.0,0.0,0.0,0.0,0.0,0.026227335557058144,0.026227335557058144,526.9015549722594,17.42028655159271,0.0,14.305819394746127,0.0,0.0,0.0,-435.6393992677073,0.0,671.9757947816961,0.0,0.0,0.0,1000.0,435.6393992677073,0.0,0.0,0.0,0.0,0.0,0.0,0.0,0.0,0.0,0.0,0.0,0.0,0.0,158.76072738045892,-992.847090302627,4.768606464915375,0.0,1.8359134889924182,0.0,0.0,0.0,0.0,0.0,1000.0,0.0,1000.0,-0.5269310143731726,0.0,0.0,695.5649323369387,0.0,0.0,0.0,0.0,0.0,0.0,0.0,0.0,0.0,0.0,0.0,0.0,0.0,14.305819394746127,0.0,0.0,0.0,0.0,0.0,0.0,0.0,0.0,0.0,0.0,0.0,0.0,0.2384303232457688,0.0,526.9015549722594,0.0,0.0,526.9015549722594,754.1108665479355,0.0,0.0,7.1529096973730635,0.0,0.0,0.0,0.0,0.0,0.0,0.0,0.0,0.0,0.0,529.3335442693663,-399.0727878712839,0.0,7.1529096973730635,7.1529096973730635,-891.0775721260233,435.6393992677073,0.0,0.0,0.0,0.0,0.0,0.0,0.0,909.4820559927878,0.0,1000.0,0.023843032324576876,0.0,0.0,31.488130332078754,0.0,0.0,0.0,0.0,0.0,0.0,0.0,0.0,0.0,0.0,0.0,0.0,0.0,0.0,0.0,0.0,0.0,0.0,0.023843032324576876,0.0,0.0,0.0,0.0,0.0,0.0,0.0,0.0,0.0,0.0,525.065641483267,0.0,0.0,-699.2228146720511,-1.7882274243432659,-1.1921516162288437,0.0,0.0,0.0,0.0,0.0,0.0,0.0,0.0,0.0,0.0,0.0,0.0,0.0,269.2593640414467,0.0,0.0,1000.0,0.0,0.0,0.0,-0.023843032324576876,0.0,0.0,0.023843032324576876,0.0,0.023843032324576876,0.0,45.793949726824835,0.0,14.305819394746127,29.088499435983792,29.088499435983792,0.0,0.0,0.0,0.0,0.0,0.0,0.0,4.768606464915375,0.0,0.0,0.0,0.0,0.0,807.4390171242551,0.0,0.0,0.0,0.0,0.0,0.0,0.0,0.0,0.0,0.0,0.0,0.0,0.0,0.0,0.0,-430.48823241455193,430.48823241455193,0.03576454848686531,0.0,0.0,0.0,-7.1529096973730635,0.0,0.0,0.0,0.0,0.0,-17.42028655159271,1.1921516162288437,0.0,0.0,0.0,-281.25,0.0,-528.8614522293387,0.0,0.0,0.0,0.0,0.0,0.0,0.0,0.0,0.0,0.0,0.0,657.1623113703417,-678.144645785346,0.0,-1000.0,0.0,0.0,-3.7958107460717656,0.0,3.7958107460717656,0.0,-29.088499435983792,0.0,1.1921516162288437,907.3316705672985,0.0,0.0,-526.9015549722594,-355.4672560749412,0.0,0.0,-218.75000000021183,218.75000000021183,0.0,0.0,0.0,0.0,0.0,19.208513975935976,-22.784968824622524,29.088499435983792,0.0,0.0,0.0,526.9015549722594,0.0,0.0,0.0,0.0,0.0,0.0,0.0,0.0,0.0,-1000.0,292.5830708578655,0.0,7.1529096973730635,0.0,0.0,0.0,0.0,-499.10588628782835,0.0,0.0,0.026227335557058144,0.0,0.0,0.0,14.544249717991896,0.0,0.0,0.0,0.0,11.394585147915265,0.0,0.0,0.0,0.0,0.0,0.0,0.0,0.0,0.0,0.0,0.0023843032324576876,0.0023843032324576876,0.0,0.0,0.0,0.0,0.0,0.0,0.0,0.0,0.0,31.488130332078754,526.9015549722594,0.0,0.0,0.0,0.0,17.42028655159271,0.0,0.0,0.0,0.0,0.0,0.0,0.0,0.0,0.0,0.0,0.0,0.0,29.088499435983792,0.0,1000.0,0.0,0.0,0.0,14.305819394746127,0.0,0.0,0.0,0.0,0.0,0.0,-14.305819394746127,0.0,0.0,0.0,0.0,0.0,0.0,0.0,0.0,0.0,526.9015549722594,526.9015549722594,0.0,-1000.0,-1000.0,823.7714942665903,0.0,-7.1529096973730635,0.0,699.1274425427528,0.0,0.0,0.0,0.0,0.0,0.0,0.0,0.0,0.0,0.0,0.0,0.0,0.0,0.0,0.0,0.0,0.0,-2.9803790405721093,0.0,-1.7882274243432659,828.4357585245343,0.0,0.0,0.0,0.0,0.0,345.0471528197098,-345.345190723767,355.4672560749412,0.0,0.0,0.0,0.0,0.0,0.0,0.0,1000.0,7.1529096973730635,7.1529096973730635,0.0,0.0,0.0,0.0,395.8012125323731,0.026227335557058144,17.42028655159271,0.0,0.0,-699.1274425427528,0.0,0.0,0.0,0.0,0.0,0.0,0.0,0.0,0.0,0.0,0.0,0.0,0.0,0.0,0.0,0.0,0.0,0.0,0.0,25.035183940805723,1.8359134889924182,0.0,0.0,0.0,0.0,0.0,17.42028655159271,0.0,0.0,0.0,0.0,0.0,-2.9803790405721093,0.0,0.0,0.0,0.0,0.0,0.0,0.0,0.0,0.0,0.0,0.0,0.0,0.0,0.0,0.0,0.0,0.0,0.0,-0.023843032324576876,0.0,0.0,1.1921516162288437,-1000.0,0.0,0.0,0.0,0.0,0.0,0.0,0.0,0.0,-805.386132041109,0.5960758081144215,0.0,0.0,476.2821821413768,0.023843032324576876,0.0,23.843032324576875,-7.391340020618832,4.768606464915375,0.17030737374697766,66.52206018556949,-0.017882274243432656,1.1921516162288437,0.4768606464915375,-0.11921516162283297,-66.52206018556949,7.152909697373063,-0.023843032324576876,0.0,0.0,0.005960758081144219,0.17030737374697766,0.0,-3.7958107460717656,526.4246943257679,-412.2937487693192,-0.023843032324576876,0.005960758081144219,-66.52206018556949,2.3843032324576874,0.023843032324576876,0.023843032324576876,-17.370216183711072,0.026227335557034562,-1000.0,-0.017882274243432656,7.1529096973730635,0.023843032324576876,7.1529096973730635,-11.921516162288437,-0.011921516162288438,632.8793822522309,-2.4081462647822645,-0.017882274243432656,-0.023843032324576876,-7.391340020618832,0.023843032324576876,2.3843032324576874,-0.4768606464915375,0.0,0.0,-2.3843032324576874,412.2937487693192,0.0,4.768606464915375,0.03576454848686531,-1000.0,2.3843032324576874,-158.76072738045892,0.0,-4.768606464915375,0.011921516162288438,0.2384303232457688,0.0,-673.3760393204307,-0.023843032324576876,-22.784968824622524,17.370216183711072,7.391340020618832,0.023843032324576876,3.7958107460717656,-28.61163878949225,0.0,-0.023843032324576876,-0.005960758081144219,0.0,-0.023843032324576876,-0.5269310143731726,0.02384303232480425,-0.005960758081144219,-0.005960758081144219,-0.005960758081144219,9.53721292983075,11.921516162288437,0.2384303232457688,192.4037233094769,-0.005960758081144219,0.0,1.1921516162288437,1.45561712341543,0.023843032324576876,0.011921516162288438,0.011921516162288438,2.3843032324576874,7.391340020618832,0.023843032324576876,-7.391340020618832,0.2384303232457688,0.023843032324576876,-541.8817567814914,0.023843032324576876,0.09537212929831185,0.11921516162283297,0.011921516162288438,0.005960758081144219,7.1529096973730635,-0.023843032324576876,1000.0,-263.21234716288393,-384.8074466189538,0.5960758081144218,-2.3843032324576874,4.768606464915375,1.1921516162288437,-0.023843032324576876,0.0,0.03576454848686531,-0.023843032324576876,-4.768606464915375,7.391340020618832,596.3643536680759,0.011921516162288438,-2.91123424683086,-0.023843032324576876,-0.02384303232480425,-0.023843032324576876,0.011921516162288438,66.52206018556949,-4.768606464915375,0.023843032324576876,0.0,-0.005960758081144219,-0.026227335557034562,0.0,3.5764548486865313,2.4081462647822645,292.6992637367478,66.52206018556949,-0.017882274243432656,22.784968824622524,673.3760393204307,0.023843032324576876,-0.005960758081144218,1.1921516162288437,23.843032324576875,-0.011921516162288438,-0.023843032324576876,0.005960758081144219,1000.0,0.0,999.9880784838377,349.4780334720145,-1000.0,0.0,261.29845741373305,-1000.0,0.0,-1000.0,-597.5411167709193,1000.0,0.0,500.0,500.0,298.77055838545965,0.0,500.0,-17.42028655159271,-97.25846738024747,0.0,-1000.0,-97.25846738024747,-261.29845741373305,143.7628964853838,0.0,1496.5981,bhi
189,0.0,0.0,0.0,0.0,0.0,0.0,0.0,0.0,-0.04735711773396765,0.0,0.0,0.0,0.0,0.0,0.0,0.0,0.07103567660095148,398.6607199912484,0.0,-126.91772994714705,0.0,0.0,0.0,629.3095287915507,0.0,0.0,0.0,0.0,0.0,0.0,0.0,0.0,0.0,0.0,0.0,0.0,0.0,573.3037792437781,0.0,-253.507329154913,633.4939375132655,0.0,-540.8165883252042,0.0,0.0,0.0,651.1639549775906,0.0,-671.199544543249,-862.5176092933077,0.0,328.8004554567511,0.0,0.05209282950732713,0.0,0.0,0.0,9.47142354679353,0.0,0.0,-4.170583501771058,0.0,382.65495849443175,378.4843749926607,0.0,0.0,0.0,0.0,0.0,0.0,0.0,0.47357117733967646,0.0,0.0,0.0,0.0,0.0,0.0,0.0,0.0,0.0,0.0,0.0,0.0,28.414270640380593,0.0,0.0,1000.0,-1000.0,1000.0,254.2762352935591,0.0,0.0,0.0,14.207135320190297,0.0,242.71198988499066,-574.494021469491,0.0,0.0,0.0,940.147700786761,-1000.0,0.0,0.0,-130.82741848928885,0.0,51.1299606650831,0.0,0.0,0.0,0.0,0.0,0.0,0.0,0.0,0.0,0.0,0.0,0.0,0.0,0.0,0.0,0.0,-119.92883975355045,0.0,0.0,242.71198988499066,0.0,14.680706497529973,0.0,0.0,0.0,0.0,0.0,0.0,0.0,-31.24999999999656,31.24999999999656,0.0,0.0,0.0,0.0,0.0,0.0,3.646498065515507,0.04735711773396765,254.2880745729926,0.0,0.0,-861.6768268834771,861.6768268834771,0.0,0.0,0.0,0.0,446.1883426261924,0.0,0.0,0.0,0.0,0.0,348.88340214014335,348.88340214014335,0.0,0.0,0.0,0.0,0.0,0.0,0.0,348.93075925787736,0.0,0.0,0.0,-1000.0,0.0,0.0,0.0,0.0,0.0,0.0,0.0,0.0,0.0,0.0,-7.103567660095223,0.0,0.0,0.0,0.0,-1000.0,0.0,0.0,0.0,0.0,0.0,862.5176092933077,212.0161328684531,459.1834116747958,-459.1834116747958,0.0,0.0,0.0,0.0,0.0,0.0,0.0,1000.0,-662.831170944264,0.0,0.0,0.0,0.0,0.0,0.0,0.0,0.0,0.0,0.0,0.0,0.0,0.0,0.0,-18.94284709358706,459.1123759981949,0.0,0.0,0.0,0.0,0.0,0.0,0.0,0.0,0.0,-4.170583501771058,459.1123759981949,0.0,0.0,0.0,0.0,0.0,0.0,0.0,0.0,0.0,0.0,228.50485456480033,0.0,1000.0,-1000.0,1000.0,0.0,-459.1123759981949,0.0,0.0,0.0,-942.2243163645595,0.0,0.0,0.0,-73.51400353563463,0.0,0.0,-746.6924248628036,0.0,0.0,-746.6924248628036,0.0,0.0,-540.8165883252042,0.0,730.9264017188972,862.5176092933077,0.0,132.12635847776977,0.0,0.0,0.0,-135.7254994255513,0.0,135.7254994255513,0.0,1000.0,0.0,0.0,-456.71225422985356,0.0,0.0,0.0,-4.170583501771058,-0.07103567660095148,0.0,0.0,0.0,0.0,0.04735711773396765,0.0,0.0,0.0,757.2880101150093,0.07103567660095148,0.0,-309.69031465689693,408.74459197031734,0.0,876.2059273982561,0.0,0.0,0.0,-130.82741848928885,0.0,0.0,0.0,-4.077447836894577,67.84380686568203,-63.76635902878745,-1000.0,-861.8289189455996,0.0,0.0,0.0,0.0,0.0,0.0,0.0,0.0,0.0,0.0,0.0,0.0,0.0,0.0,0.0,0.0,0.0,-426.50679228528656,0.0,-1000.0,0.0,0.0,572.9691222784579,0.0,946.7190176914203,0.0,-3.646498065515507,0.0,0.0,0.0,0.0,937.7798449000626,801.1216964111387,-352.3627738559096,-471.2577783367297,0.0,-868.9655032768208,0.0,0.0,0.0,0.0,352.3627738559096,0.0,520.1545132509586,-1.1839279433491912,-2.3678558866983823,0.0,0.0,0.0,0.0,969.217873472921,242.71198988499066,0.0,0.0,0.0,0.0,0.0,0.0,0.0,0.0,0.0,0.0,220.92738903139343,0.0,0.0,0.0,0.0,0.0,1000.0,0.0,0.0,-8.341167003542116,0.0,0.0,0.0,0.0,0.0,0.0,0.0,-261.6548369785777,0.09471423546788281,0.0,0.0,0.0,0.0,0.0,0.0,0.0,0.0,0.0,0.0,0.0,0.0,0.0,0.0,0.0,0.0,0.0,0.0,0.0,0.05209282950732713,0.05209282950732713,0.0,792.6195732816057,0.0,28.414270640380593,0.0,0.0,0.0,1000.0,0.0,0.0,0.0,0.0,0.0,445.22279095212775,-1000.0,0.0,0.0,336.94633520369933,0.0,0.0,0.0,0.0,0.0,0.0,0.0,0.0,0.0,0.0,39.97627991785015,-757.2880101150093,0.0,0.0,3.646498065515507,0.0,-838.8369959380734,838.8369959380734,838.8369959380734,0.0,445.22279095212775,0.0,0.0,183.56795397355006,1000.0,-1000.0,0.0,0.0,0.0,0.0,0.0,0.0,0.0,0.0,0.0,0.0,0.0,0.0,0.0,0.0,28.414270640380593,0.0,0.0,0.0,0.0,0.0,0.0,0.0,0.0,0.0,0.0,0.0,0.0,0.47357117733967646,0.0,0.0,0.0,0.0,0.0,212.0161328684531,0.0,0.0,242.71198988499066,-336.94633520369933,0.0,0.0,0.0,0.0,0.0,0.0,0.0,0.0,0.0,0.0,-294.94373740850057,0.0,14.207135320190297,14.207135320190297,1000.0,-1000.0,0.0,0.0,0.0,0.0,0.0,0.0,0.0,1000.0,1000.0,936.6235768006169,0.04735711773396765,0.0,0.0,-149.67787465835386,212.21971392859157,0.0,0.0,0.0,0.0,0.0,0.0,0.0,0.0,0.0,0.0,0.0,0.0,0.0,0.0,0.0,0.0,0.0,0.04735711773396765,0.0,0.0,0.0,-1000.0,1000.0,0.0,0.0,0.0,0.0,0.0,569.3226242129424,0.0,0.0,-573.4932077147134,-3.551783830047574,-2.3678558866983845,0.0,0.0,0.0,0.0,0.0,0.0,0.0,0.0,0.0,0.0,0.0,0.0,0.0,0.0,0.0,0.0,971.5857293596194,0.0,0.0,0.0,-0.04735711773396765,0.0,0.0,0.04735711773396765,0.0,0.04735711773396765,0.0,0.0,0.0,28.414270640380593,57.77568363544054,57.77568363544054,0.0,0.0,0.0,0.0,0.0,0.0,0.0,0.0,0.0,1000.0,0.0,0.0,0.0,0.0,0.0,0.0,0.0,0.0,0.0,0.0,0.0,0.0,0.0,0.0,0.0,0.0,0.0,0.0,0.0,-85.01252217865245,85.01252217865245,0.07103567660095148,0.0,0.0,0.0,-242.71198988499066,0.0,0.0,0.0,0.0,0.0,-792.6195732816057,2.3678558866983823,0.0,0.0,0.0,0.0,0.0,3.646498065515507,0.0,0.0,0.0,0.0,0.0,0.0,0.0,0.0,0.0,0.0,336.94633520369933,-294.94373740850057,792.6195732816057,0.0,343.0884687724819,-130.82741848928885,0.0,0.0,0.0,0.0,0.0,-1000.0,0.0,2.3678558866983845,815.941826215161,0.0,0.0,0.0,-8.341167003542116,0.0,0.0,0.0,0.0,0.0,0.0,0.0,0.0,0.0,0.0,0.0,57.77568363544054,0.0,0.0,0.0,0.0,0.0,0.0,0.0,0.0,0.0,0.0,0.0,0.0,803.2749247717485,-62.541839270237716,0.0,-540.8165883252042,14.207135320190297,0.0,0.0,0.0,0.0,34.05131264577034,0.0,0.0,0.05209282950732713,0.0,0.0,0.0,28.88784181772027,0.0,0.0,0.0,0.0,-18.94284709358706,0.0,0.0,0.0,0.0,0.0,0.0,0.0,0.0,0.0,0.0,0.004735711773396765,0.004735711773396765,0.0,0.0,0.0,0.0,0.0,0.0,0.0,0.0,0.0,-149.67787465835386,0.0,0.0,0.0,0.0,0.0,792.6195732816057,0.0,0.0,0.0,0.0,0.0,0.0,0.0,862.5176092933077,0.0,0.0,0.0,0.0,-840.5215181832922,985.4888496334484,398.6607199912484,0.0,0.0,0.0,28.414270640380593,0.0,0.0,0.0,0.0,0.0,0.0,-28.414270640380593,0.0,0.0,0.0,0.0,0.0,0.0,0.0,0.0,0.0,0.0,0.0,0.0,-798.4524957462165,-1000.0,32.439625647767855,652.7728272908175,-895.4848171758082,0.0,573.3037792437781,0.0,0.0,0.0,0.0,0.0,0.0,0.0,0.0,0.0,0.0,0.0,0.0,0.0,0.0,0.0,0.0,0.0,-5.919639716745959,0.0,-941.3316287301102,-3.5517838300474978,0.0,0.0,0.0,0.0,0.0,0.0,-0.5919639716745957,8.341167003542116,0.0,0.0,0.0,0.0,0.0,0.0,0.0,1000.0,14.207135320190295,14.207135320190295,0.0,0.0,0.0,0.0,0.0,0.05209282950732713,792.6195732816057,0.0,0.0,-573.3037792437781,0.0,0.0,0.0,0.0,0.0,0.0,0.0,0.0,0.0,0.0,0.0,0.0,0.0,0.0,42.50626108932622,0.0,0.0,0.0,0.0,49.72497362066604,3.646498065515507,0.0,0.0,0.0,0.0,0.0,792.6195732816057,0.0,-7.539253143247038,0.0,0.0,0.0,-5.919639716745959,0.0,0.0,0.0,0.0,0.0,0.0,0.0,0.0,0.0,0.0,0.0,0.0,0.0,0.0,0.0,0.0,0.0,0.0,-0.04735711773396765,0.0,0.0,2.3678558866983823,-445.22279095212775,0.0,0.0,0.0,0.0,0.0,0.0,0.0,0.0,4.077447836894577,1.1839279433491912,0.0,0.0,0.0,0.04735711773396765,0.0,47.35711773396765,-14.680706497529973,9.47142354679353,0.33826512667119746,132.12635847776977,-0.03551783830047574,471.2577783367297,0.9471423546793529,-0.23678558866936328,-132.12635847776977,14.207135320190295,-0.04735711773396765,43.60913949642961,0.0,0.011839279433491912,0.33826512667119746,-130.82741848928885,-7.539253143247038,-0.9471423546793529,-271.8140257207023,-0.04735711773396761,0.011839279433491912,-132.12635847776977,363.9500340026238,0.04735711773396765,0.04735711773396765,-792.5201233343644,0.052092829507364415,0.0,-0.03551783830047574,14.207135320190297,0.04735711773396765,242.71198988499066,204.8262956978165,-0.023678558866983824,-184.53350564761473,-4.783068891130732,-0.03551783830047574,-0.04735711773396765,-14.680706497529973,0.04735711773396765,4.735711773396765,-0.9471423546793529,0.0,0.0,-4.735711773396758,271.8140257207023,0.0,9.47142354679353,0.07103567660095148,297.1239965535722,4.735711773396765,-39.97627991785015,0.0,-9.47142354679353,0.023678558866983824,0.47357117733967646,77.42257866422423,802.0909968283992,-0.04735711773396765,-803.2749247717485,792.5201233343644,14.680706497529973,0.04735711773396765,7.539253143247038,-644.5477180747885,0.0,-0.04735711773396765,-0.011839279433491912,0.0,-0.04735711773396765,-261.6548369785777,0.04735711773396765,-0.011839279433491912,-0.011839279433491912,-0.011839279433491912,18.94284709358706,-204.8262956978165,0.47357117733967646,35.08570460115328,-0.011839279433491912,111.23601783201886,2.3678558866983823,133.19527437598722,0.04735711773396765,0.023678558866983824,0.023678558866983824,4.735711773396765,14.680706497529973,0.04735711773396765,-14.680706497529973,0.47357117733967646,0.04735711773396765,-35.08570460115328,0.04735711773396765,0.1894284709353542,0.23678558866936328,0.023678558866983824,0.011839279433491912,14.207135320190297,-0.04735711773396765,0.0,0.47357117733967646,-70.17140920230656,470.0738503933805,-4.735711773396765,9.47142354679353,2.3678558866983823,-0.04735711773396765,130.82741848928885,0.07103567660095148,-0.04735711773396765,-9.47142354679353,14.680706497529973,121.68911673541481,0.023678558866983824,-266.39054875197445,-0.04735711773396765,-0.04735711773396765,-0.04735711773396765,0.023678558866983824,132.12635847776977,-9.47142354679353,0.04735711773396765,154.84515732844847,-0.011839279433491912,-0.052092829507364415,-154.84515732844847,7.103567660095147,4.783068891130732,-799.7336798645205,132.12635847776977,-0.03551783830047574,803.2749247717485,-802.0909968283992,0.04735711773396761,-0.011839279433491914,2.3678558866983845,47.35711773396765,-0.023678558866983824,-0.04735711773396765,0.011839279433491912,934.7057776495373,0.0,-756.331086787235,0.0,1000.0,0.0,1000.0,-131.8740107912095,359.21432222922704,145.7524851690306,-99.57139408889816,-352.55989231927543,-459.1834116747958,-72.87624258451528,-500.0,49.78569704444905,-359.21432222922704,65.93700539560476,-792.6195732816057,-155.74042938118515,459.1834116747958,352.55989231927543,-155.74042938118515,-1000.0,819.9060031506958,0.0,1496.5981,bhi
190,0.0,0.0,0.0,0.0,0.0,0.0,0.0,0.0,-0.22005906835326344,0.0,0.0,0.0,0.0,0.0,0.0,0.0,294.4397796522431,62.26858167670478,0.0,0.0,0.0,0.0,0.0,419.5254386626809,0.0,659.8215229347702,0.0,0.0,0.0,121.45044725605497,0.0,0.0,826.3738353044901,0.0,0.0,0.0,0.0,534.4994197758976,0.0,-1000.0,535.1303318041369,0.0,0.0,302.15651508482784,0.0,0.0,0.4401181367065269,0.0,-718.0467419931259,-640.4011700075694,0.0,0.0,0.0,0.24206497518866854,0.0,0.0,0.0,0.0,0.0,0.0,-19.379868619643577,0.0,0.0,-19.379868619643577,0.0,0.0,0.0,0.0,429.72618217818615,-429.72618217818615,0.0,2.200590683532634,0.0,0.0,0.0,0.0,0.0,0.0,0.0,0.0,0.0,0.0,565.9531959458576,0.0,132.03544101195806,0.0,0.0,927.3701691946872,0.0,-147.0548455248566,215.06472857727883,0.0,0.0,721.3056990809166,66.01772050597903,0.0,66.01772050597903,-7.085902000973874,0.0,0.0,565.9531959458576,994.4985232911683,0.0,0.0,0.0,-168.7628592849027,486.9580123443469,0.0,0.0,0.0,0.0,0.0,0.0,0.0,0.0,0.0,0.0,0.0,0.0,0.0,0.0,0.0,0.0,0.0,-1000.0,0.0,0.0,66.01772050597903,0.0,68.21831118951168,18.172286637925993,0.0,0.0,0.0,0.0,0.0,0.0,0.0,0.0,0.0,0.0,0.0,0.0,0.0,0.0,-549.0086476826561,0.22005906835326344,215.11974334436715,0.0,0.0,0.0,-486.9580123443469,0.0,0.0,0.0,0.0,1000.0,0.0,0.0,0.0,0.0,0.0,999.7799409316467,999.7799409316467,0.0,0.0,0.0,0.0,0.0,0.0,0.0,1000.0,0.0,0.0,0.0,135.01926154640648,-924.2246217608304,0.0,0.0,0.0,0.0,0.0,0.0,0.0,0.0,0.0,0.0,0.0,0.0,0.0,0.0,-1000.0,0.0,0.0,0.0,0.0,0.0,640.4011700075694,0.0,147.0548455248566,-147.0548455248566,0.0,0.0,0.0,0.0,0.0,0.0,0.0,121.45044725605497,-71.51919721481067,0.0,0.0,0.0,0.0,0.0,0.0,0.0,0.0,0.0,0.0,0.0,0.0,0.0,66.43487097055414,-5.442093541792474,302.15651508482784,0.0,0.0,0.0,0.0,143.03289014572573,0.0,0.0,0.0,0.0,-19.379868619643577,0.0,0.0,0.0,0.0,0.0,0.0,0.0,0.0,0.0,0.0,44.011813670652685,0.0,0.0,147.0548455248566,0.0,356.37827272641783,0.0,-302.15651508482784,0.0,0.0,0.0,-485.9832773053665,0.0,0.0,0.0,237.2970749368875,0.0,0.0,-1000.0,-947.3085999254881,0.0,-1000.0,947.3085999254881,0.0,147.0548455248566,0.0,0.0,640.4011700075694,0.0,507.27648383573137,0.0,0.0,0.0,-481.5680429647871,0.0,481.5680429647871,0.0,1000.0,0.0,0.0,-331.5968530905574,0.0,0.0,0.0,-19.379868619643577,-0.33008860252989514,0.0,0.0,0.0,0.0,0.22005906835326344,0.0,0.0,0.0,790.9493893482952,294.4397796522431,0.0,-216.45078709511313,6.789844812036108,924.2246217608304,601.1480523101159,0.0,1000.0,0.0,-168.7628592849027,0.0,0.0,0.0,712.1059418584892,-712.1059418584892,-1000.0,-662.5637740029168,-828.4052906218085,0.0,0.0,0.0,0.0,0.0,0.0,0.0,0.0,0.0,0.0,0.0,0.0,0.0,0.0,0.0,0.0,0.0,0.0,0.0,-1000.0,0.0,464.62034395068923,0.0,576.1258138361198,0.0,0.0,549.0086476826561,0.0,0.0,0.0,0.0,983.4955698735051,-717.6202403196969,210.79450981820582,0.0,-5.501476708831586,1000.0,940.6963742667022,-11.002953417663171,-1000.0,972.6374368186257,-210.79450981820582,-790.8136452724757,1000.0,0.0,0.0,-696.4360123000342,0.0,0.0,-637.3626756400706,-21.587947173566235,66.01772050597903,-406.25000000000387,406.25000000000387,0.0,0.0,0.0,0.0,0.0,-66.43487097055414,66.43487097055414,66.43487097055414,-865.0251507504959,0.0,0.0,0.0,0.0,0.0,121.45044725605497,0.0,0.0,-38.759737239287155,0.0,0.0,0.0,0.0,0.0,0.0,0.0,-71.45981404777149,0.4401181367065874,0.0,0.0,0.0,0.0,0.0,0.0,0.0,0.0,0.0,0.0,0.0,0.0,0.0,0.0,0.0,0.0,0.0,0.0,0.0,0.24206497518866854,0.24206497518866854,0.0,0.0,0.0,132.03544101195806,0.0,0.0,0.0,585.2802620955507,0.0,0.0,0.0,0.0,0.0,202.00149562329523,-585.2802620955507,0.0,0.0,0.0,0.0,0.0,0.0,0.0,0.0,0.0,0.0,0.0,0.0,0.0,333.3333333333333,-790.9493893482952,0.0,0.0,16.944548263201455,0.0,0.0,721.3056990809166,578.2728089351908,0.0,202.00149562329523,0.0,130.54168157552374,0.0,0.0,0.0,66.43487097055414,0.0,0.0,0.0,0.0,0.0,0.0,0.0,0.0,0.0,0.0,0.0,0.0,0.0,132.03544101195806,0.0,0.0,0.0,0.0,0.0,0.0,0.0,0.0,0.0,0.0,0.0,0.0,2.200590683532634,0.0,0.0,0.0,0.0,0.0,0.0,0.0,0.0,66.01772050597903,0.0,0.0,0.0,0.0,0.0,0.0,0.0,0.0,0.0,0.0,0.0,0.0,0.0,66.01772050597903,66.01772050597903,1000.0,-585.2802620955507,0.0,0.0,0.0,0.0,0.0,0.0,0.0,-337.43622599708317,121.45044725605497,-53.0318398280407,0.2200590683532937,0.0,0.0,0.0,217.93029021854517,0.0,0.0,-721.3056990809166,0.0,0.0,0.0,0.0,0.0,0.0,0.0,0.0,0.0,0.0,0.0,0.0,0.0,0.0,0.22005906835326344,0.0,0.0,0.0,0.0,0.0,0.0,0.0,0.0,464.62034395068923,0.0,549.0086476826561,0.0,0.0,-1000.0,-16.504430126494867,0.0,-11.002953417663178,0.0,0.0,0.0,0.0,0.0,0.0,0.0,0.0,0.0,0.0,0.0,0.0,924.2246217608304,0.0,0.0,-10.584993755903056,0.0,0.0,0.0,-0.22005906835326344,0.0,0.0,0.22005906835326344,0.0,0.2200590683532937,0.0,0.0,0.0,132.03544101195806,268.4720633909813,268.4720633909813,0.0,0.0,0.0,0.0,0.0,0.0,0.0,0.0,0.0,121.45044725605497,0.0,0.0,0.0,731.0530276437053,0.0,0.0,0.0,0.0,0.0,0.0,0.0,0.0,0.0,0.0,0.0,0.0,0.0,143.03289014572573,0.0,-659.8215229347702,659.8215229347702,0.33008860252989514,0.0,0.0,0.0,-66.01772050597903,0.0,0.0,0.0,0.0,0.0,0.0,11.002953417663171,0.0,0.0,0.0,0.0,0.0,0.0,-11.002953417663178,0.0,0.0,0.0,0.0,0.0,0.0,0.0,0.0,0.0,0.0,526.6759116442619,-66.43487097055414,0.0,955.9881863293473,-168.7628592849027,0.0,549.0086476826561,0.0,-549.0086476826561,0.0,-754.4553406963478,0.0,11.002953417663178,108.37385166235276,0.0,0.0,0.0,-38.759737239287155,0.0,0.0,0.0,0.0,0.0,0.0,0.0,0.0,0.0,-33.00886025298894,0.0,268.4720633909813,0.0,0.0,0.0,0.0,0.0,0.0,0.0,0.0,0.0,0.0,0.0,0.0,49.513290379483806,-217.93029021854517,0.0,0.0,66.01772050597903,0.0,0.0,0.0,0.0,-179.8033881070943,0.0,0.0,0.24206497518866854,0.0,0.0,0.0,134.2360316954907,0.0,0.0,0.0,0.0,-5.442093541792474,0.0,486.9580123443469,0.0,0.0,0.0,0.0,0.0,0.0,669.7088017899875,0.0,0.02200590683532634,0.02200590683532634,0.0,0.0,0.0,0.0,0.0,0.0,0.0,0.0,0.0,0.0,0.0,0.0,0.0,0.0,0.0,0.0,0.0,0.0,0.0,0.0,0.0,0.0,0.0,640.4011700075694,0.0,0.0,0.0,0.0,0.0,-129.16718268863974,62.26858167670478,0.0,0.0,0.0,132.03544101195803,0.0,0.0,0.0,0.0,0.0,867.964558988042,-1000.0,0.0,0.0,0.0,0.0,0.0,0.0,0.0,0.0,0.0,0.0,0.0,0.0,224.6265492062323,-1000.0,881.7934894656905,-66.01772050597903,0.0,0.0,999.1197637265868,0.0,0.0,0.0,0.0,0.0,0.0,0.0,0.0,0.0,859.375,0.0,-859.375,-859.375,0.0,0.0,0.0,0.0,-27.50738354415799,0.0,-1000.0,714.5485975172105,0.0,0.0,0.0,0.0,0.0,-2.750738354415793,0.0,38.759737239287155,0.0,0.0,0.0,0.0,0.0,0.0,0.0,1000.0,66.01772050597903,66.01772050597903,0.0,0.0,0.0,0.0,0.0,0.24206497518866854,0.0,0.0,0.0,-999.1197637265868,0.0,0.0,0.0,0.0,0.0,0.0,0.0,0.0,0.0,0.0,0.0,0.0,0.0,0.0,0.0,0.0,0.0,18.172286637925993,0.0,231.0620217709266,16.944548263201455,0.0,0.0,0.0,0.0,0.0,0.0,0.0,-7.085902000973874,0.0,0.0,0.0,-27.50738354415799,0.0,0.0,0.0,0.0,0.0,0.0,0.0,0.0,0.0,0.0,0.0,0.0,0.0,0.0,0.0,0.0,0.0,0.0,-0.2200590683532937,0.0,0.0,11.002953417663171,-202.00149562329523,0.0,0.0,0.0,0.0,0.0,0.0,0.0,0.0,-712.1059418584892,5.501476708831586,0.0,0.0,659.8215229347702,0.22005906835326344,0.0,220.05906835326343,-50.046024551585674,44.011813670652685,1.5718504882375959,650.3093739814572,-0.16504430126494757,790.8136452724757,4.401181367065269,-1.1002953417664383,-650.3093739814572,66.01772050597903,-0.22005906835326344,56.2542864283009,0.0,0.05501476708831586,1.5718504882375959,-168.7628592849027,-35.03340368183851,-4.401181367065269,-356.7083613289479,-0.22005906835326344,0.05501476708831586,-650.3093739814572,22.005906835326343,0.22005906835326344,0.22005906835326344,0.462124043541932,0.24206497518858977,-560.3079307824562,-0.16504430126494757,66.01772050597903,0.22005906835326344,66.01772050597903,-110.02953417663171,-0.11002953417663172,-102.16635064773845,-165.25885604940532,-0.16504430126494757,-0.22005906835326344,-50.046024551585674,0.22005906835326344,22.005906835326357,-4.401181367065269,143.03289014572573,143.03289014572573,-22.005906835326343,356.7083613289479,-143.03289014572573,44.011813670652685,0.33008860252989514,-1000.0,22.005906835326343,-333.3333333333333,0.0,-44.011813670652685,0.11002953417663172,2.200590683532634,54.11269677377828,-22.42305729990146,-0.22005906835326344,-49.513290379483806,-0.462124043541932,68.21831118951168,0.22005906835326344,35.03340368183851,-264.07088202391594,0.0,-0.22005906835326344,-0.05501476708831586,0.0,-0.22005906835326344,-558.4178263921184,0.22005906835326344,-0.05501476708831586,-0.05501476708831586,-0.05501476708831586,88.02362734130537,110.02953417663171,2.200590683532634,163.0362622662203,-0.05501476708831586,51.97110711925566,11.002953417663171,46.732860441548915,0.22005906835326344,0.11002953417663172,0.11002953417663172,22.005906835326343,50.046024551585674,0.22005906835326344,-50.046024551585674,2.200590683532634,0.22005906835326344,-163.0362622662203,0.22005906835326344,0.8802362734131748,1.1002953417664383,0.11002953417663172,0.05501476708831586,66.01772050597903,-0.22005906835326344,560.3079307824562,2.2005906835326345,-326.0725245324406,785.3121685636441,-22.005906835326357,44.011813670652685,11.002953417663171,-0.22005906835326344,168.7628592849027,0.33008860252989514,-0.22005906835326344,-44.011813670652685,50.046024551585674,647.098166086568,0.11002953417663172,-93.46572088309783,-0.22005906835326344,-0.22005906835326344,-0.22005906835326344,0.11002953417663172,650.3093739814572,-44.011813670652685,0.22005906835326344,108.22539354755656,-0.05501476708831586,-0.24206497518858977,-108.22539354755656,33.008860252989514,165.25885604940532,-59.41744039401081,650.3093739814572,-0.16504430126494757,49.513290379483806,22.42305729990146,0.22005906835326344,-0.05501476708831585,11.002953417663178,220.05906835326343,-0.11002953417663172,-0.22005906835326344,0.05501476708831586,589.1582263755173,0.0,999.8899704658234,0.0,-1000.0,0.0,917.418466200487,-1000.0,0.0,39.94131802780936,989.7761963647459,-1000.0,0.0,-19.97065901390468,500.0,-494.88809818237297,0.0,500.0,0.0,-467.2947779794737,0.0,1000.0,-467.2947779794737,-917.418466200487,579.7417206945383,0.0,1496.5981,bhi
191,0.0,0.0,0.0,0.0,0.0,0.0,0.0,0.0,382.96391266898456,0.0,0.0,0.0,0.0,0.0,0.0,0.0,348.0587940663154,-103.66199203367886,0.0,0.0,0.0,0.0,0.0,258.6808237478446,0.0,506.43581754947775,0.0,0.0,0.0,925.7588107467116,0.0,0.0,605.1271238469575,0.0,0.0,0.0,0.0,0.0,0.0,-1000.0,970.4320635678671,0.0,0.0,0.0,0.0,0.0,0.0,0.0,-273.81760481302695,-687.5567219306125,0.0,0.0,0.0,0.1084157669179433,0.0,0.0,0.0,19.71195762142191,0.0,0.0,-8.679832005966643,0.0,933.9643630058756,925.284530999909,0.0,0.0,0.0,0.0,710.1963653112743,-441.9489459705884,0.0,0.9855978810710956,0.0,0.0,0.0,0.0,0.0,0.0,0.0,0.0,0.0,0.0,0.0,0.0,59.135872864265735,0.0,0.0,221.9866087961875,749.8512724445553,-352.6758451569802,-0.024639947026777388,0.0,0.0,-242.37677612454473,29.567936432132868,0.0,29.567936432132868,-3.1736251770499813,0.0,0.0,0.0,4.927989405355477,925.7588107467116,0.0,0.0,-256.17250308625927,0.0,0.0,0.0,0.0,0.0,0.0,0.0,0.0,0.0,0.0,0.0,0.0,0.0,0.0,0.0,0.0,0.0,0.0,-1000.0,0.0,0.0,29.567936432132868,0.0,30.55353431320396,0.0,0.0,0.0,0.0,0.0,0.0,0.0,353.8956323974087,-353.8956323974087,0.0,0.0,0.0,0.0,0.0,0.0,7.58910368424743,0.09855978810710954,0.0,0.0,0.0,0.0,-398.70990811965726,0.0,0.0,0.0,0.0,521.4471311558677,0.0,0.0,0.0,0.0,0.0,647.7089194225248,647.7089194225248,0.0,0.0,0.0,343.75,-392.73878711024486,0.0,0.0,647.8074792106319,0.0,0.0,0.0,-69.26203812184036,-967.5248378974146,0.0,0.0,0.0,0.0,0.0,0.0,0.0,0.0,0.0,-14.087479046776195,0.0,0.0,0.0,0.0,-1000.0,0.0,0.0,0.0,0.0,0.0,687.5567219306125,0.0,51.83099601683943,-51.83099601683943,0.0,0.0,0.0,0.0,0.0,0.0,0.0,0.0,406.5345140719594,0.0,0.0,0.0,0.0,0.0,0.0,0.0,0.0,0.0,0.0,0.0,0.0,0.0,0.0,521.0599622262291,-1000.0,0.0,0.0,0.0,0.0,0.0,0.0,0.0,0.0,0.0,-8.679832005966643,-1000.0,0.0,0.0,0.0,0.0,0.0,0.0,0.0,0.0,0.0,0.0,0.0,0.0,-449.8709306630386,248.1493457646773,0.0,0.0,1000.0,0.0,0.0,0.0,120.24294149067366,0.0,0.0,0.0,333.8451769872446,0.0,0.0,-1000.0,-1000.0,0.0,0.0,0.0,1000.0,801.6822684613948,0.0,0.0,687.5567219306125,0.0,274.98180881883565,0.0,0.0,0.0,804.3015921536382,0.0,-804.3015921536382,0.0,1000.0,0.0,0.0,0.0,343.75,0.0,0.0,-8.679832005966643,-0.14783968216066432,0.0,0.0,0.0,0.0,0.09855978810710954,0.0,0.0,0.0,970.4320635678671,348.0587940663154,0.0,-450.63352621967226,248.77948340064324,967.5248378974146,1000.0,0.0,141.19675244224527,0.0,-256.17250308625927,0.0,0.0,0.0,-8.485997756022254,0.0,-132.71075468622303,-1000.0,-1000.0,0.0,0.0,0.0,0.0,0.0,0.0,0.0,0.0,0.0,0.0,0.0,0.0,0.0,0.0,0.0,0.0,0.0,480.2049350476981,0.0,479.8106958952692,0.0,0.0,0.0,0.0,0.0,0.0,-7.58910368424743,0.0,0.0,0.0,0.0,0.0,0.0,0.0,0.0,0.0,-710.1963653112743,-731.5569592134005,0.0,0.0,0.0,0.0,-4.927989405355477,1000.0,-2.4639947026777387,-4.927989405355477,-481.6672182464017,0.0,204.1835570710648,732.2534483826907,0.0,29.567936432132868,0.0,0.0,0.0,0.0,0.0,383.06247245709164,0.0,0.0,0.0,0.0,-696.675735834654,0.0,0.0,-352.38964036558235,0.0,0.0,0.0,0.0,0.0,-17.359664011933287,0.0,0.0,0.0,0.0,0.0,0.0,0.0,92.782117674439,0.19711957621473175,0.0,0.0,0.0,0.0,0.0,0.0,0.0,0.0,0.0,0.0,0.0,0.0,0.0,0.0,0.0,0.0,0.0,0.0,0.0,0.1084157669179433,0.1084157669179433,0.0,0.0,0.0,59.135872864265735,0.0,568.3991785617764,0.0,1000.0,0.0,0.0,0.0,0.0,0.0,102.10255990871961,-1000.0,0.0,0.0,0.0,0.0,0.0,0.0,0.0,0.0,0.0,0.0,0.0,0.0,0.0,333.3333333333333,-970.4320635678671,398.70990811965726,0.0,7.58910368424743,0.0,0.0,-242.37677612454473,-242.37677612454473,0.0,102.10255990871961,0.0,-464.9870004670315,659.8716780501901,0.0,0.0,0.0,0.0,0.0,0.0,0.0,0.0,0.0,0.0,0.0,0.0,0.0,0.0,0.0,0.0,59.135872864265735,0.0,0.0,0.0,0.0,0.0,0.0,0.0,0.0,0.0,0.0,0.0,0.0,0.9855978810710956,0.0,0.0,0.0,0.0,0.0,0.0,0.0,0.0,29.567936432132868,0.0,0.0,0.0,0.0,0.0,0.0,0.0,0.0,0.0,0.0,396.5659673096909,0.0,0.0,29.567936432132868,29.567936432132868,-306.18416017605347,-1000.0,0.0,0.0,0.0,0.0,0.0,0.0,0.0,74.24118925328844,0.0,429.18473154799545,0.09855978810710954,0.0,0.0,0.0,130.16228016516777,0.0,0.0,242.37677612454473,0.0,0.0,0.0,0.0,0.0,0.0,0.0,0.0,0.0,0.0,0.0,0.0,0.0,0.0,0.09855978810710954,0.0,0.0,0.0,814.7377907378386,-814.7377907378386,0.0,0.0,0.0,0.0,0.0,308.4748921921987,0.0,-316.06399587644614,-0.39423915242889507,-7.391984108033217,-4.927989405355477,0.0,0.0,0.0,0.0,0.0,0.0,0.0,0.0,0.0,0.0,0.0,0.0,0.0,967.5248378974146,0.0,0.0,209.11154647642027,0.0,0.0,0.0,382.96391266898456,0.0,0.0,0.09855978810710954,0.0,0.09855978810710954,0.0,268.2474193406862,0.0,59.135872864265735,120.24294149067366,120.24294149067366,0.0,0.0,0.0,0.0,0.0,0.0,0.0,398.70990811965726,0.0,0.0,0.0,0.0,0.0,0.0,0.0,0.0,0.0,0.0,0.0,0.0,0.0,0.0,0.0,0.0,0.0,0.0,0.0,0.0,0.0,-1000.0,1000.0,0.14783968216066432,0.0,0.0,0.0,-29.567936432132868,0.0,0.0,0.0,0.0,0.0,0.0,4.927989405355477,0.0,0.0,0.0,-343.75,392.73878711024486,-308.4748921921987,0.0,0.0,0.0,0.0,0.0,0.0,0.0,0.0,0.0,0.0,0.0,396.5659673096909,0.0,0.0,112.67032740929461,-256.17250308625927,0.0,-316.06399587644614,316.06399587644614,0.0,0.0,0.0,568.3991785617764,4.927989405355477,1000.0,0.0,0.0,0.0,-17.359664011933287,0.0,0.0,0.0,0.0,0.0,0.0,0.0,0.0,0.0,21.479463154809412,-22.17595232409971,120.24294149067366,0.0,0.0,0.0,0.0,0.0,0.0,0.0,0.0,0.0,0.0,0.0,0.0,0.0,-130.16228016516777,0.0,0.0,29.567936432132868,0.0,0.0,0.0,0.0,-46.09168326981916,0.0,0.0,0.1084157669179433,0.0,0.0,0.0,60.12147074533683,0.0,0.0,0.0,0.0,521.0599622262291,0.0,0.0,0.0,0.0,0.0,0.0,0.0,0.0,0.0,0.0,0.009855978810711236,0.009855978810711236,0.0,0.0,0.0,0.0,0.0,0.0,0.0,0.0,0.0,0.0,0.0,0.0,0.0,0.0,0.0,0.0,0.0,0.0,0.0,0.0,0.0,0.0,0.0,687.5567219306125,0.0,0.0,0.0,0.0,422.2999833196038,0.0,-103.66199203367886,0.0,0.0,0.0,59.135872864265735,0.0,0.0,0.0,0.0,0.0,940.8641271357343,-1000.0,0.0,0.0,0.0,0.0,0.0,0.0,0.0,0.0,0.0,0.0,0.0,0.0,-429.18473154799545,0.0,67.51345485337005,-688.9723689933809,659.404432561248,0.0,0.0,0.0,0.0,0.0,0.0,0.0,0.0,0.0,0.0,0.0,0.0,0.0,0.0,0.0,0.0,0.0,0.0,568.3991785617764,-12.319973513388694,0.0,-7.391984108033217,14.783968216066466,0.0,0.0,0.0,0.0,0.0,905.5834374976415,-906.8154348489804,17.359664011933287,0.0,0.0,0.0,0.0,0.0,0.0,0.0,1000.0,29.567936432132868,29.567936432132868,0.0,0.0,0.0,0.0,0.0,0.1084157669179433,0.0,0.0,0.0,0.0,0.0,0.0,0.0,0.0,0.0,0.0,0.0,0.0,0.0,0.0,0.0,0.0,0.0,0.0,380.9058008956042,0.0,0.0,0.0,0.0,103.48777751246504,0.0,0.0,7.58910368424743,0.0,0.0,0.0,0.0,0.0,300.37327760979326,0.0,0.0,0.0,-12.319973513388694,0.0,0.0,0.0,0.0,0.0,0.0,0.0,0.0,0.0,0.0,0.0,0.0,0.0,0.0,0.0,0.0,0.0,0.0,-0.09855978810710954,0.0,0.0,4.927989405355477,-102.10255990871961,0.0,0.0,0.0,0.0,0.0,0.0,0.0,0.0,8.485997756022254,2.4639947026777387,0.0,0.0,506.43581754947775,0.09855978810710954,0.0,98.55978810710954,-30.55353431320396,19.71195762142191,0.7039984864793539,274.98180881883565,-0.07391984108033216,4.927989405355477,1.971195762142191,-0.4927989405360046,-274.98180881883565,29.567936432132864,-0.09855978810710934,85.39083436208642,0.0,0.024639947026777388,0.7039984864793539,-256.17250308625927,-15.69071826665288,-1.971195762142191,-244.39680203263651,-0.09855978810710955,0.024639947026777388,-274.98180881883565,9.855978810710955,0.09855978810710934,0.09855978810710954,0.20697555502505285,0.10841576691782079,0.0,-0.07391984108033216,29.567936432132868,0.09855978810710955,29.567936432132868,-49.27989405355478,-0.049279894053554776,-9.1021249833492,-9.954538598818065,-0.07391984108033216,-0.09855978810710955,-30.55353431320396,0.09855978810710954,9.855978810710955,-1.971195762142191,0.0,0.0,-9.855978810710955,244.39680203263651,0.0,19.71195762142191,0.14783968216066432,-1000.0,9.855978810710955,-333.3333333333333,0.0,-19.71195762142191,0.049279894053554776,0.9855978810710956,112.65838155491807,19.71195762142191,-0.09855978810710954,-22.17595232409971,-0.20697555502505285,30.55353431320396,0.09855978810710955,15.69071826665288,-118.27174572853153,0.0,-0.09855978810710954,-0.024639947026777388,0.0,-0.09855978810710955,92.782117674439,0.09855978810710955,-0.024639947026777388,-0.024639947026777388,-0.024639947026777388,39.42391524284382,49.27989405355478,0.9855978810710956,295.57350295896316,-0.024639947026777388,139.9259287477497,4.927989405355477,-41.46306943186402,0.09855978810710954,0.049279894053554776,0.049279894053554776,9.855978810710955,30.55353431320396,0.09855978810710954,-30.55353431320396,0.9855978810710956,0.09855978810710955,-740.6795428491763,0.09855978810710955,0.39423915242889507,0.4927989405360046,0.049279894053554776,0.024639947026777388,29.567936432132868,-0.09855978810710955,0.0,0.9855978810710955,-591.1470059179263,2.4639947026777387,-9.855978810710955,19.71195762142191,4.927989405355477,-0.09855978810710955,256.17250308625927,0.14783968216066432,-0.09855978810710955,-19.71195762142191,30.55353431320396,350.5469089735826,0.049279894053554776,82.92613886372804,-0.09855978810710955,-0.09855978810710955,-0.09855978810710955,0.049279894053554776,274.98180881883565,-19.71195762142191,0.09855978810710954,225.31676310983613,-0.024639947026777388,-0.10841576691782079,-225.31676310983613,14.78396821606643,9.954538598818065,330.4368968918942,274.98180881883565,-0.07391984108033216,22.17595232409971,-19.71195762142191,0.09855978810710955,-0.024639947026777395,4.927989405355477,98.55978810710954,-0.049279894053554776,-0.09855978810710955,0.024639947026777388,1000.0,0.0,550.9442968015319,445.10603989021314,-578.8030155197365,0.0,171.2687031902409,-863.477798250384,0.0,-852.5954092355316,933.1362812994913,266.32762308894075,-449.00642330441457,426.2977046177658,289.40150775986825,-466.56814064974566,0.0,431.738899125192,0.0,-304.45522570376346,449.00642330441457,-266.32762308894075,-304.45522570376346,-171.2687031902409,139.84223505403074,0.0,1496.5981,bhi
192,0.0,0.0,0.0,0.0,0.0,0.0,0.0,0.0,-0.15633330694463154,0.0,0.0,0.0,0.0,0.0,0.0,0.0,244.3482693399577,1000.0,0.0,-841.732257884304,0.0,0.0,0.0,1000.0,0.0,0.0,0.0,0.0,0.0,-553.9905329349721,51.01370867920199,-51.01370867920199,618.5334671301765,0.0,0.0,0.0,0.0,874.7695237836284,0.0,-1000.0,723.0342406998315,0.0,-738.946494615809,0.0,0.0,0.0,0.0,0.0,-1000.0,-510.002665196829,0.0,-261.053505384191,0.0,0.17196663763877496,0.0,0.0,0.0,0.0,0.0,0.0,75.9444530394362,0.0,-755.7941255471515,-1000.0,0.0,0.0,0.0,0.0,515.7285333615168,0.0,0.0,1.5633330694463154,0.0,0.0,0.0,0.0,0.0,0.0,0.0,772.9546362162674,0.0,0.0,0.0,0.0,93.79998416677893,0.0,0.0,755.0319149186831,-973.2992429098975,755.8862306204593,-0.039083326736157886,0.0,0.0,0.0,46.89999208338946,0.0,46.89999208338946,-486.86566568345427,493.27023950659253,0.0,0.0,7.816665347231577,-670.1487644035193,0.0,0.0,-378.01156678634743,0.0,696.27802425489,0.0,0.0,0.0,0.0,0.0,0.0,0.0,0.0,0.0,0.0,0.0,0.0,0.0,0.0,0.0,0.0,-1000.0,0.0,0.0,46.89999208338946,0.0,48.46332515283577,0.0,0.0,-275.7324923268628,1000.0,-724.2675076731372,724.2675076731372,-360.4484757404166,0.0,0.0,40.298148248131895,0.0,0.0,0.0,0.0,0.0,12.037664634736679,0.15633330694463154,0.0,0.0,0.0,0.0,0.0,0.0,0.0,0.0,0.0,917.8273445503849,0.0,0.0,0.0,0.0,0.0,948.8299580138535,948.8299580138535,0.0,0.0,0.0,0.0,238.697632081857,0.0,0.0,1000.0,0.0,0.0,0.0,1000.0,-74.58496693330898,0.0,0.0,0.0,0.0,0.0,0.0,0.0,0.0,0.0,-11.724998020847366,0.0,0.0,0.0,0.0,-1000.0,0.0,0.0,0.0,0.0,0.0,510.002665196829,1000.0,217.41301228943826,-217.41301228943826,320.1503274922847,0.0,0.0,0.0,0.0,0.0,0.0,116.15823146854724,-1000.0,0.0,0.0,0.0,0.0,0.0,0.0,0.0,0.0,0.0,0.0,0.0,0.0,0.0,73.76427580883359,-90.58967435912888,309.64226359501436,0.0,0.0,0.0,0.0,-142.17959173821535,0.0,0.0,0.0,0.0,75.9444530394362,309.64226359501436,51.01370867920199,0.0,0.0,0.0,0.0,0.0,0.0,0.0,195.68065523141092,31.26666138892631,0.0,0.0,1000.0,-929.6587498151448,972.4449272081214,0.0,-309.64226359501436,0.0,0.0,320.1503274922847,-413.9860077563273,0.0,0.0,0.0,65.94736446860895,0.0,0.0,-1000.0,447.42843057027534,0.0,-1000.0,-447.42843057027534,0.0,-755.8862306204593,0.0,359.59533410226015,510.002665196829,0.0,258.19919062145266,0.0,0.0,0.0,-1000.0,0.0,1000.0,0.0,1000.0,0.0,0.0,-961.3431989504211,0.0,0.0,0.0,75.9444530394362,-0.23449996041694732,0.0,0.0,0.0,0.0,0.15633330694463154,0.0,0.0,0.0,579.4486169311303,244.3482693399577,0.0,-613.7781610319611,-73.90749411758055,74.58496693330898,653.5593720066646,0.0,223.96309552887882,0.0,-378.01156678634743,0.0,0.0,0.0,-13.460297727932453,0.0,-210.50279780094635,-1000.0,-1000.0,0.0,0.0,0.0,0.0,0.0,0.0,0.0,0.0,0.0,0.0,0.0,0.0,0.0,0.0,0.0,0.0,0.0,-124.60514298859283,0.0,-1000.0,0.0,0.0,626.4986797520439,0.0,693.4217475396117,0.0,-156.7046111869456,0.0,493.27023950659253,0.0,0.0,0.0,0.0,0.0,-7.816665347231577,0.0,-515.7285333615168,356.26808706527515,-356.6953238424155,0.0,0.0,0.0,0.0,386.5743641222931,-3.9083326736157886,348.8786584951839,0.0,0.0,497.57449110248683,0.0,0.0,46.89999208338946,0.0,0.0,0.0,111.35648740734311,0.0,0.0,0.0,-73.76427580883359,73.76427580883359,73.76427580883359,2.694588382809087,0.0,0.0,-0.3126666138892631,0.0,0.0,116.15823146854724,0.0,0.0,-168.2614214134123,0.0,0.0,116.37486077655635,0.0,0.0,0.0,0.0,-137.48966644251834,0.31266661388931194,0.0,0.0,0.0,0.0,0.0,0.0,0.0,0.0,0.0,0.0,0.0,0.0,0.0,0.0,0.0,0.0,0.0,0.0,0.0,0.17196663763877496,0.17196663763877496,51.01370867920199,7.290053374368693,0.0,93.79998416677893,0.0,0.0,0.0,52.128079393585026,0.0,0.0,0.0,0.0,0.0,1000.0,-52.128079393585026,0.0,0.0,0.0,0.0,0.0,116.37486077655635,0.0,0.0,0.0,0.0,0.0,0.0,0.0,333.3333333333333,-579.4486169311303,0.0,0.0,12.037664634736679,0.0,-177.97073575406935,177.97073575406935,0.0,0.0,1000.0,0.0,103.32181630534859,759.1885172521331,0.0,0.0,73.76427580883359,0.0,0.0,0.0,0.0,0.0,0.0,0.0,0.0,0.0,0.0,0.0,0.0,0.0,93.79998416677893,320.1503274922847,320.1503274922847,0.0,0.0,0.0,0.0,0.0,0.0,0.0,0.0,0.0,0.0,1.5633330694463154,0.0,51.01370867920199,0.0,0.0,51.01370867920199,1000.0,0.0,0.0,46.89999208338946,0.0,0.0,0.0,0.0,0.0,0.0,0.0,0.0,0.0,0.0,0.0,-665.1026681690623,0.0,46.89999208338946,46.89999208338946,82.65421196308444,-52.128079393585026,0.0,116.37486077655635,0.0,0.0,0.0,0.0,0.0,670.1487644035193,116.15823146854724,1000.0,0.15633330694463154,0.0,0.0,206.46046514994944,0.0,0.0,0.0,0.0,0.0,0.0,0.0,0.0,0.0,0.0,0.0,0.0,0.0,0.0,0.0,0.0,0.0,0.0,0.15633330694463154,0.0,0.0,0.0,56.309985215769075,-56.309985215769075,0.0,0.0,0.0,0.0,-36.935691928309154,1000.0,0.0,0.0,-875.3948570114071,-11.724998020847366,-7.816665347231577,0.0,0.0,0.0,0.0,0.0,0.0,0.0,0.0,0.0,0.0,0.0,0.0,320.1503274922847,74.58496693330898,0.0,0.0,505.39115644971844,0.0,0.0,0.0,-0.15633330694463154,0.0,0.0,0.15633330694463154,0.0,0.15633330694463154,0.0,515.7285333615168,0.0,93.79998416677893,190.72663447245048,190.72663447245048,0.0,0.0,0.0,0.0,0.0,0.0,0.0,0.0,0.0,116.15823146854724,0.0,0.0,0.0,0.0,0.0,0.0,0.0,0.0,0.0,0.0,0.0,0.0,0.0,0.0,0.0,0.0,0.0,177.97073575406935,0.0,0.0,0.0,0.23449996041694732,0.0,0.0,0.0,-46.89999208338946,0.0,0.0,0.0,0.0,0.0,-7.290053374368693,7.816665347231577,0.0,0.0,0.0,0.0,-238.697632081857,626.4986797520439,0.0,0.0,0.0,0.0,0.0,0.0,0.0,0.0,320.1503274922847,0.0,0.0,-631.2669993019516,-66.47422243446489,0.0,-897.8041246688366,-378.01156678634743,0.0,506.72976049340747,493.27023950659253,-1000.0,0.0,-604.7126422287778,0.0,7.816665347231577,1000.0,0.0,607.6050307710026,-51.01370867920199,-168.2614214134123,0.0,0.0,0.0,0.0,0.0,0.0,0.0,0.0,0.0,0.0,-11.724998020847579,190.72663447245048,0.0,769.763708679202,769.763708679202,-718.75,0.0,0.0,0.0,0.0,0.0,195.68065523141092,0.0,0.0,30.740049416063425,-206.46046514994944,1000.0,-738.946494615809,46.89999208338946,0.0,0.0,0.0,0.0,-5.0456593135081125,0.0,0.0,0.17196663763877496,0.0,0.0,0.0,95.36331723622524,0.0,0.0,0.0,0.0,-90.58967435912888,0.0,0.0,0.0,0.0,0.0,0.0,0.0,0.0,0.0,0.0,0.015633330694463154,0.015633330694463154,0.0,0.0,0.0,0.0,0.0,0.0,0.0,0.0,0.0,206.46046514994944,51.01370867920199,0.0,0.0,0.0,0.0,7.290053374368693,0.0,0.0,0.0,0.0,0.0,0.0,0.0,510.002665196829,0.0,0.0,0.0,0.0,688.5777002364255,-682.0180853385535,1000.0,0.0,0.0,0.0,93.79998416677893,0.0,0.0,0.0,0.0,0.0,906.2000158332211,-1000.0,0.0,0.0,0.0,0.0,0.0,0.0,0.0,0.0,0.0,51.01370867920199,51.01370867920199,0.0,-1000.0,-1000.0,107.08831525707261,0.0,-46.89999208338946,0.0,874.7695237836284,0.0,0.0,0.0,0.0,0.0,0.0,0.0,0.0,0.0,0.0,0.0,0.0,0.0,0.0,0.0,0.0,0.0,-19.541663368078943,320.1503274922847,-11.724998020847366,0.0,0.0,0.0,0.0,0.0,0.0,-1.9541663368078943,0.0,168.2614214134123,0.0,0.0,0.0,0.0,0.0,0.0,0.0,1000.0,46.89999208338946,46.89999208338946,0.0,0.0,0.0,0.0,772.9546362162674,0.17196663763877496,7.290053374368693,0.0,0.0,-874.7695237836284,0.0,0.0,0.0,0.0,0.0,0.0,0.0,0.0,0.0,0.0,0.0,0.0,0.0,0.0,257.8642666807584,0.0,0.0,0.0,0.0,164.14997229186312,0.0,0.0,12.037664634736679,0.0,0.0,0.0,7.290053374368693,0.0,-494.6823310306859,0.0,0.0,0.0,-19.541663368078943,0.0,0.0,0.0,0.0,0.0,0.0,0.0,0.0,0.0,0.0,0.0,0.0,0.0,0.0,0.0,0.0,0.0,0.0,-0.15633330694463154,0.0,0.0,7.816665347231577,-1000.0,0.0,0.0,0.0,0.0,320.1503274922847,0.0,0.0,0.0,13.460297727932453,3.9083326736157886,0.0,0.0,0.0,0.15633330694463154,0.0,156.33330694463154,-48.46332515283577,31.26666138892631,1.1166664781759397,436.1699263755219,-0.11724998020847364,7.816665347231577,3.126666138892631,-0.7816665347232856,-436.1699263755219,46.89999208338946,-0.1563333069446315,126.00385559544914,116.37486077655635,0.039083326736157886,1.1166664781759397,-378.01156678634743,-24.888262465587502,47.88704254030927,-402.61601145565373,-0.15633330694463154,0.039083326736157886,-436.1699263755219,15.633330694463154,0.1563333069446315,0.15633330694463154,-6.961753429785286,0.1719666376390947,0.0,-0.11724998020847364,46.89999208338946,0.15633330694463154,46.89999208338946,-78.16665347231577,-0.07816665347231577,-161.80421097768993,126.38992773680758,-0.11724998020847364,-0.15633330694463154,-48.46332515283577,0.15633330694463154,15.633330694463154,-3.126666138892631,177.97073575406935,177.97073575406935,-15.633330694463154,402.61601145565373,-177.97073575406935,31.26666138892631,0.2344999604169473,-1000.0,15.633330694463154,-333.3333333333333,116.37486077655635,-31.26666138892631,0.07816665347231577,1.5633330694463154,153.44454025799027,-35.20756104553858,-0.15633330694463154,-42.46504743691101,6.961753429785286,48.46332515283577,0.15633330694463154,24.888262465587502,-71.22510755700148,116.37486077655635,-0.15633330694463154,-0.039083326736157886,-116.37486077655635,-0.15633330694463154,-137.48966644251834,0.15633330694464576,-0.039083326736157886,-0.039083326736157886,-0.039083326736157886,62.53332277785262,78.16665347231577,1.5633330694463154,115.82343878260613,-0.039083326736157886,180.8852249205314,7.816665347231577,76.56149856849075,0.15633330694463154,0.07816665347231577,0.07816665347231577,73.82076108274133,48.46332515283577,0.15633330694463154,-48.46332515283577,1.5633330694463154,0.15633330694463154,-115.82343878260613,0.15633330694463154,0.6253332277786967,0.7816665347232856,0.07816665347231577,0.039083326736157886,46.89999208338946,-0.15633330694463154,0.0,-23.943521270154633,-231.64687756521226,3.9083326736157886,-15.633330694463154,31.26666138892631,7.816665347231577,-0.15633330694463154,378.01156678634743,0.2344999604169473,-0.15633330694463154,-147.64152216548266,48.46332515283577,373.15126305809224,0.07816665347231577,-153.12299713698144,-0.15633330694463154,-0.15633330694464576,-0.15633330694463154,0.07816665347231577,436.1699263755219,-31.26666138892631,0.15633330694463154,306.88908051598054,-0.039083326736157886,-0.1719666376390947,-306.88908051598054,23.449996041694728,-126.38992773680758,-59.078704147381494,436.1699263755219,-0.11724998020847364,42.46504743691101,35.20756104553858,0.15633330694463154,-0.039083326736157886,7.816665347231577,156.33330694463154,-0.07816665347231577,-0.15633330694463154,0.039083326736157886,816.3966611243125,0.0,999.9218333465277,0.0,-1000.0,0.0,316.6471629883485,-1000.0,0.0,-852.625036864318,232.6938296072689,866.5374632799103,0.0,426.312518432159,500.0,-116.34691480363445,0.0,500.0,-7.290053374368693,-368.10560374458413,0.0,-866.5374632799103,-368.10560374458413,-316.6471629883485,186.1194699254434,0.0,1496.5981,bhi
193,0.0,0.0,0.0,0.0,0.0,0.0,0.0,0.0,368.2095030277345,0.0,0.0,0.0,0.0,0.0,0.0,0.0,-281.5878465096555,226.09568274288745,0.0,0.0,0.0,0.0,0.0,266.7852286001661,0.0,0.0,0.0,0.0,0.0,-854.8118866055047,0.0,0.0,0.0,0.0,0.0,0.0,0.0,153.8397084753542,0.0,-1000.0,238.57415770407317,0.0,0.0,0.0,0.0,0.0,0.0,0.0,1000.0,0.0,0.0,-136.3997331151602,0.0,0.17822435631456227,0.0,0.0,0.0,0.0,0.0,0.0,112.56495508185502,0.0,267.93616010758655,0.0,0.0,0.0,0.0,0.0,0.0,0.0,0.0,1.6202214210400185,0.0,0.0,0.0,0.0,0.0,0.0,0.0,0.0,0.0,0.0,0.0,0.0,97.21328526240112,0.0,0.0,-523.3518917437165,-59.32934581756638,281.8308797228115,-0.040505535526000454,0.0,0.0,0.0,48.60664263120056,0.0,48.60664263120056,-5.217112975747995,0.0,0.0,0.0,8.101107105200091,-854.8118866055047,0.0,0.0,-282.071531542231,0.0,0.0,0.0,0.0,0.0,0.0,0.0,0.0,0.0,0.0,0.0,0.0,0.0,0.0,0.0,0.0,0.0,0.0,-1000.0,0.0,0.0,48.60664263120056,0.0,50.22686405224058,0.0,0.0,-518.2294457179347,0.0,518.2294457179347,-518.2294457179347,619.4988848105584,-218.7500000000002,218.7500000000002,-1000.0,0.0,0.0,0.0,0.0,0.0,12.47570494200817,0.16202214210400182,0.0,0.0,0.0,-943.6939754916825,-56.306024508317506,0.0,0.0,0.0,0.0,1000.0,0.0,0.0,0.0,0.0,0.0,366.70726969708056,366.70726969708056,0.0,0.0,0.0,406.25,790.3339254244912,0.0,0.0,366.86929183918454,0.0,0.0,0.0,-317.4126582433544,0.0,0.0,0.0,0.0,0.0,0.0,0.0,0.0,0.0,0.0,-303.83177838323377,0.0,0.0,0.0,0.0,-1000.0,0.0,0.0,0.0,0.0,0.0,0.0,136.3997331151602,386.95215862855616,-386.95215862855616,380.5011151894416,0.0,0.0,0.0,0.0,0.0,0.0,0.0,-538.3748897621169,0.0,0.0,0.0,0.0,0.0,0.0,0.0,0.0,0.0,0.0,0.0,0.0,0.0,171.92942397015986,64.80885684160073,0.0,0.0,0.0,0.0,0.0,-22.17726727791421,0.0,0.0,0.0,0.0,112.56495508185502,0.0,0.0,0.0,261.34373233157646,0.0,0.0,0.0,0.0,0.0,0.0,32.404428420800365,0.0,0.0,0.0,-446.28150444612294,1000.0,0.0,0.0,0.0,0.0,380.5011151894416,-601.6527094718545,0.0,0.0,0.0,-143.16283661819523,0.0,0.0,-1000.0,728.885012770842,0.0,-1000.0,-728.885012770842,0.0,327.62281281098996,0.0,0.0,0.0,0.0,93.71792855863782,0.0,0.0,0.0,0.0,0.0,0.0,0.0,1000.0,0.0,0.0,747.8660747368084,406.25,0.0,0.0,112.56495508185502,-0.24303321315600274,0.0,0.0,0.0,0.0,0.16202214210400182,0.0,0.0,0.0,593.0695094572721,-281.5878465096555,0.0,-540.4776528458087,-124.6154699958081,0.0,287.1808003352737,0.0,486.8015381902644,0.0,-282.071531542231,0.0,0.0,0.0,513.1984618097356,0.0,-1000.0,-1000.0,-1000.0,0.0,0.0,0.0,0.0,0.0,0.0,0.0,0.0,0.0,0.0,0.0,0.0,0.0,0.0,0.0,0.0,261.34373233157646,0.0,0.0,-1000.0,0.0,845.5122029562299,0.0,0.0,0.0,0.0,-12.47570494200817,0.0,0.0,0.0,0.0,0.0,0.0,-717.4615585436783,-60.98299841969874,0.0,0.0,0.0,-689.9735044595807,-590.8459267104361,845.5345441225074,717.4615585436783,52.881891314498645,816.7077752998493,-4.050553552600046,681.8723973543806,-464.35545927006933,0.0,-356.8732423050302,0.0,-509.4433804414542,48.60664263120056,0.0,0.0,0.0,0.0,0.0,368.3715251698385,0.0,-171.92942397015986,171.92942397015986,171.92942397015986,-54.129488266403854,0.0,0.0,-633.4547524450234,0.0,0.0,0.0,0.0,0.0,-155.37120502573154,0.0,0.0,0.0,0.0,0.0,0.0,0.0,-983.7977857895999,0.3240442842081119,0.0,0.0,0.0,0.0,0.0,0.0,0.0,0.0,0.0,0.0,0.0,0.0,0.0,0.0,0.0,0.0,0.0,0.0,0.0,0.17822435631456227,0.17822435631456227,0.0,163.65899011926834,0.0,97.21328526240112,0.0,0.0,0.0,1000.0,0.0,826.0788203191257,0.0,0.0,0.0,1000.0,-1000.0,0.0,0.0,0.0,0.0,0.0,0.0,0.0,0.0,0.0,0.0,0.0,0.0,0.0,333.3333333333333,-593.0695094572721,1000.0,0.0,12.47570494200817,0.0,0.0,0.0,-358.32384791152737,0.0,1000.0,0.0,16.202214210400182,0.0,0.0,0.0,171.92942397015986,0.0,0.0,0.0,0.0,0.0,0.0,0.0,0.0,0.0,0.0,0.0,0.0,0.0,97.21328526240112,380.50111518944163,380.5011151894416,0.0,0.0,0.0,0.0,0.0,0.0,0.0,0.0,0.0,0.0,1.6202214210400185,0.0,0.0,0.0,0.0,0.0,136.3997331151602,0.0,0.0,48.60664263120056,0.0,0.0,0.0,0.0,0.0,0.0,0.0,0.0,0.0,0.0,-285.93679395627976,781.9889723963001,0.0,48.60664263120056,48.60664263120056,948.6031351999093,-1000.0,0.0,0.0,0.0,0.0,0.0,0.0,0.0,854.8118866055047,0.0,1000.0,0.16202214210400182,0.0,0.0,0.0,213.97338466863505,419.65472270513783,0.0,0.0,0.0,0.0,0.0,0.0,0.0,0.0,0.0,0.0,0.0,0.0,0.0,0.0,0.0,0.0,0.16202214210400182,0.0,0.0,0.0,0.0,0.0,0.0,0.0,0.0,845.5122029562299,-608.555026009725,596.0793210677168,0.0,0.0,-1000.0,-12.15166065780014,-8.101107105200098,0.0,0.0,0.0,0.0,0.0,0.0,0.0,0.0,0.0,0.0,0.0,0.0,380.50111518944163,0.0,0.0,0.0,-858.2155156412842,0.0,0.0,0.0,368.2095030277345,0.0,0.0,0.16202214210400182,0.0,0.16202214210400182,0.0,0.0,0.0,97.21328526240112,197.66701336688226,197.66701336688226,0.0,0.0,0.0,0.0,0.0,0.0,0.0,1000.0,0.0,0.0,0.0,0.0,0.0,527.1485682448903,0.0,0.0,0.0,0.0,0.0,0.0,0.0,0.0,0.0,0.0,0.0,0.0,0.0,358.32384791152737,0.0,-296.46578193098617,296.46578193098617,0.24303321315600274,0.0,0.0,0.0,-48.60664263120056,0.0,0.0,0.0,0.0,0.0,-163.65899011926834,8.101107105200091,0.0,0.0,0.0,-406.25,-790.3339254244912,-13.318220080948093,0.0,0.0,0.0,0.0,0.0,0.0,0.0,0.0,380.50111518944163,0.0,0.0,1000.0,-8.270433850891521,0.0,430.4810132007926,137.58319116290681,0.0,582.7611009867687,0.0,-582.7611009867687,0.0,-799.3197228387367,0.0,8.101107105200098,1000.0,0.0,0.0,0.0,-155.37120502573154,-250.00000000000023,250.00000000000023,0.0,0.0,0.0,0.0,0.0,0.0,0.0,279.5284570676333,0.0,197.66701336688226,0.0,593.75,593.75,-593.75,0.0,0.0,0.0,0.0,0.0,0.0,0.0,0.0,200.11397209266892,-213.97338466863505,0.0,0.0,48.60664263120056,0.0,0.0,0.0,0.0,0.536469921347404,0.0,0.0,0.17822435631456227,0.0,0.0,0.0,98.83350668344113,0.0,0.0,0.0,0.0,64.80885684160073,0.0,0.0,0.0,0.0,0.0,0.0,0.0,0.0,1000.0,0.0,0.016202214210400183,0.016202214210400183,0.0,0.0,0.0,0.0,0.0,0.0,0.0,0.0,0.0,0.0,0.0,0.0,0.0,0.0,0.0,163.65899011926834,0.0,0.0,0.0,0.0,0.0,0.0,0.0,0.0,0.0,0.0,0.0,0.0,573.2240400958492,0.0,226.09568274288745,0.0,0.0,0.0,97.21328526240109,0.0,0.0,0.0,0.0,0.0,539.1736434260074,-636.3869286884085,0.0,0.0,0.0,0.0,0.0,0.0,0.0,0.0,0.0,0.0,0.0,0.0,-1000.0,-1000.0,638.1337355861315,0.0,-48.60664263120056,0.0,999.3519114315841,0.0,0.0,0.0,0.0,0.0,0.0,0.0,0.0,0.0,0.0,0.0,0.0,0.0,0.0,0.0,0.0,0.0,-20.252767763000236,380.5011151894416,-12.15166065780014,514.9969075870902,0.0,0.0,0.0,0.0,0.0,-2.0252767763000232,0.0,155.37120502573154,0.0,0.0,0.0,0.0,0.0,0.0,0.0,1000.0,48.60664263120056,48.60664263120056,0.0,0.0,0.0,0.0,0.0,0.17822435631456227,163.65899011926834,0.0,0.0,-999.3519114315841,0.0,0.0,0.0,0.0,0.0,0.0,0.0,0.0,0.0,0.0,0.0,0.0,0.0,0.0,148.23289096549308,0.0,0.0,0.0,0.0,170.12324920920196,12.47570494200817,0.0,0.0,0.0,0.0,0.0,163.65899011926834,0.0,0.0,0.0,0.0,0.0,-20.252767763000236,0.0,0.0,0.0,0.0,0.0,0.0,0.0,0.0,0.0,0.0,0.0,0.0,0.0,0.0,0.0,0.0,0.0,0.0,-0.16202214210400182,0.0,0.0,8.101107105200091,-1000.0,0.0,0.0,0.0,0.0,380.5011151894416,0.0,0.0,0.0,-513.1984618097356,4.050553552600046,0.0,0.0,0.0,0.16202214210400182,0.0,162.02214210400183,-50.22686405224058,32.404428420800365,1.1573010150285845,452.0417764701652,-0.12151660657800137,8.101107105200093,3.2404428420800366,-0.8101107105198935,-452.0417764701652,48.60664263120055,-0.16202214210400182,94.02384384741033,0.0,0.040505535526000454,1.1573010150285845,-282.071531542231,-25.793925022956273,-3.2404428420800366,55.492163766768044,-0.16202214210400182,0.040505535526000454,-452.0417764701652,16.202214210400182,0.16202214210400182,0.16202214210400182,-163.31874362084977,0.178224356314402,0.0,-0.12151660657800137,48.60664263120056,0.16202214210400182,48.60664263120056,-81.01107105200091,-0.08101107105200091,-435.856936915538,5.813030925410027,-0.12151660657800137,-0.16202214210400182,-50.22686405224058,0.16202214210400182,16.202214210400182,-3.2404428420800366,358.32384791152737,358.32384791152737,-16.202214210400182,-55.492163766768044,-358.32384791152737,32.404428420800365,0.24303321315600274,-1000.0,16.202214210400182,-333.3333333333333,0.0,-32.404428420800365,0.08101107105200091,1.6202214210400185,135.11941321145218,24.133994569908843,-0.16202214210400182,-200.11397209266892,163.31874362084977,50.22686405224058,0.16202214210400182,25.793925022956273,-194.42657052480217,0.0,-0.16202214210400182,-0.040505535526000454,0.0,-0.16202214210400182,-983.7977857895999,0.1620221421039787,-0.040505535526000454,-0.040505535526000454,-0.040505535526000454,64.80885684160073,81.01107105200091,1.6202214210400185,120.03815453130176,-0.040505535526000454,176.21498257549405,8.101107105200091,500.0,0.16202214210400182,0.08101107105200091,0.08101107105200091,16.202214210400182,50.22686405224058,0.16202214210400182,-50.22686405224058,1.6202214210400185,0.16202214210400182,-120.03815453130176,0.16202214210400182,0.6480885684159148,0.8101107105198935,0.08101107105200091,0.040505535526000454,48.60664263120056,-0.16202214210400182,0.0,1.6202214210400183,-240.0763090626035,4.0505535526000465,-16.202214210400182,32.404428420800365,8.101107105200091,-0.16202214210400182,282.071531542231,0.24303321315600274,-0.16202214210400182,-32.404428420800365,50.22686405224058,321.09067535027685,0.08101107105200091,-1000.0,-0.16202214210400182,-0.1620221421039787,-0.16202214210400182,0.08101107105200091,452.0417764701652,-32.404428420800365,0.16202214210400182,270.23882642290437,-0.040505535526000454,-0.178224356314402,-270.23882642290437,24.303321315600275,-5.813030925410027,189.7842918686166,452.0417764701652,-0.12151660657800137,200.11397209266892,-24.133994569908843,0.16202214210400182,-0.04050553552600046,8.101107105200098,162.02214210400183,-0.08101107105200091,-0.16202214210400182,0.040505535526000454,1000.0,0.0,390.46529639514654,0.0,-1000.0,0.0,44.3034659976728,134.00250182240822,0.0,468.4005443672925,-115.85813131730333,537.1145583784071,-609.4536925338015,-234.20027218364626,500.0,57.929065658651666,0.0,-67.00125091120411,-163.65899011926834,-321.6271452716243,609.4536925338015,-537.1145583784071,-321.6271452716243,-44.3034659976728,111.2639111560374,0.0,1496.5981,bhi
194,0.0,0.0,0.0,0.0,0.0,0.0,0.0,0.0,601.101715418694,0.0,0.0,0.0,0.0,0.0,0.0,0.0,1000.0,-466.6042763202573,0.0,42.18529956124945,0.0,0.0,0.0,0.0,0.0,0.0,0.0,0.0,0.0,-1000.0,0.0,0.0,627.5479958713973,0.0,0.0,0.0,0.0,999.761561261096,0.0,-1000.0,982.1170945821895,0.0,-758.3293618768951,-769.4513720940879,0.0,0.0,0.0,0.0,-746.7282302342765,-274.7819384332762,0.0,0.0,0.0,0.06557065319869759,0.0,0.0,0.0,11.921936945207026,0.0,0.0,-374.7319506820865,0.0,981.5095591786605,606.7776084965741,0.0,0.0,0.0,0.0,0.0,176.83033657583937,0.0,0.5960968472603514,0.0,0.0,0.0,0.0,0.0,0.0,0.0,0.0,0.0,0.0,0.0,0.0,35.76581083562108,0.0,369.4823244472132,867.6082565593736,879.119973674903,-999.910585472911,-0.014902421181508783,0.0,0.0,-93.74999999972687,17.88290541781054,0.0,17.88290541781054,0.0,939.5066214910396,0.0,0.0,2.9804842363017565,-1000.0,0.0,0.0,-371.13463009615737,0.0,0.0,0.0,0.0,0.0,0.0,0.0,0.0,0.0,0.0,0.0,0.0,0.0,0.0,0.0,0.0,0.0,0.0,-376.92439623847804,0.0,0.0,17.88290541781054,0.0,18.479002265070893,0.0,0.0,0.0,-577.8102953562495,577.8102953562495,-577.8102953562495,0.0,0.0,0.0,0.0,0.0,0.0,0.0,0.0,0.0,374.07227017111785,0.05960968472603513,0.0,0.0,0.0,-640.5172807468167,0.0,0.0,0.0,0.0,0.0,554.2230631988882,0.0,0.0,0.0,0.0,0.0,661.5958004485028,661.5958004485028,0.0,0.0,0.0,0.0,54.50609021923157,0.0,0.0,661.6554101332289,0.0,0.0,0.0,0.0,-470.04126479719616,0.0,0.0,0.0,0.0,0.0,0.0,0.0,0.0,0.0,-70.69458255507683,0.0,0.0,0.0,0.0,-1000.0,0.0,0.0,0.0,0.0,0.0,274.7819384332762,758.3293618768951,120.79061179800794,-120.79061179800794,0.0,0.0,0.0,0.0,0.0,0.0,0.0,0.0,-854.344697262509,0.0,0.0,0.0,0.0,0.0,0.0,0.0,0.0,0.0,0.0,0.0,0.0,0.0,0.0,543.6789218437099,-11.601131642618554,0.0,0.0,0.0,0.0,0.0,0.0,0.0,0.0,0.0,-374.7319506820865,757.8502404514693,0.0,0.0,0.0,0.0,0.0,0.0,0.0,0.0,215.4401713322255,0.0,0.0,0.0,0.0,0.0,1000.0,0.0,11.601131642618554,0.0,0.0,0.0,-927.2761846342371,0.0,0.0,0.0,-53.35785573260773,0.0,0.0,695.0173174671613,0.0,0.0,695.0173174671614,0.0,0.0,999.910585472911,0.0,-424.508391286097,274.7819384332762,0.0,166.31102038563805,0.0,0.0,0.0,-1000.0,0.0,1000.0,0.0,553.0892174221372,0.0,0.0,-266.3600994703503,0.0,0.0,0.0,-374.7319506820865,-0.08941452708904762,0.0,0.0,0.0,0.0,0.05960968472603513,0.0,0.0,0.0,766.6769232499639,1000.0,0.0,-247.42308673077156,432.36178011436476,470.04126479719616,1000.0,0.0,83.71303952291741,0.0,-371.13463009615737,0.0,0.0,0.0,931.6990479950197,-15.412087517937039,-1000.0,-671.1150847750406,-1000.0,0.0,0.0,0.0,0.0,0.0,0.0,0.0,0.0,0.0,0.0,0.0,0.0,0.0,0.0,0.0,0.0,0.0,225.20422567053322,0.0,-774.7957743294668,0.0,0.0,213.5207394840458,516.2159543272767,0.0,0.0,-589.5124415033433,0.0,939.5066214910396,0.0,0.0,0.0,0.0,0.0,-264.49597161830764,-1.4902421181508783,15.412087517937039,0.0,-1000.0,-17.095882333537674,0.0,0.0,3.4075102183674915,0.0,0.0,997.0195157636982,67.40581121990525,0.0,0.0,0.0,138.08404150391655,17.88290541781054,0.0,0.0,0.0,67.9758797348978,0.0,601.16132510342,0.0,0.0,0.0,0.0,-708.7631865839475,0.0,0.0,-1000.0,0.0,0.0,0.0,0.0,0.0,-10.499252469746551,0.0,0.0,0.0,0.0,0.0,0.0,0.0,-114.72126432091741,0.11921936945200418,0.0,0.0,0.0,0.0,0.0,0.0,0.0,0.0,0.0,0.0,0.0,0.0,0.0,0.0,0.0,0.0,0.0,0.0,0.0,0.06557065319869759,0.06557065319869759,0.0,0.0,0.0,35.76581083562108,0.0,0.0,0.0,-844.4200115949293,0.0,0.0,369.4823244472132,0.0,0.0,496.9351740635358,844.4200115949293,0.0,0.0,810.8631376693572,0.0,0.0,0.0,0.0,0.0,0.0,0.0,0.0,0.0,0.0,125.64146541282601,-766.6769232499639,640.5172807468167,0.0,374.07227017111785,0.0,906.2500000002731,-1000.0,-1000.0,0.0,496.9351740635358,0.0,382.2139097426184,0.0,687.4999999999937,-687.4999999999937,0.0,0.0,0.0,0.0,0.0,0.0,0.0,0.0,0.0,0.0,0.0,0.0,0.0,0.0,35.76581083562108,0.0,0.0,0.0,0.0,0.0,0.0,0.0,0.0,0.0,0.0,0.0,0.0,0.5960968472603514,0.0,0.0,369.4823244472132,-369.4823244472132,0.0,758.3293618768951,0.0,0.0,17.88290541781054,-810.8631376693572,0.0,0.0,0.0,0.0,0.0,0.0,0.0,0.0,0.0,15.635445057749815,0.0,0.0,17.88290541781054,17.88290541781054,1000.0,844.4200115949293,0.0,0.0,0.0,0.0,0.0,0.0,0.0,671.1150847750406,0.0,1000.0,0.05960968472603513,0.0,0.0,-372.0951170320673,450.8182213820433,0.0,0.0,93.74999999972687,0.0,0.0,0.0,0.0,0.0,0.0,0.0,0.0,0.0,0.0,0.0,0.0,0.0,0.0,0.05960968472603513,0.0,0.0,0.0,-1000.0,1000.0,0.0,0.0,0.0,0.0,0.0,563.5149194717421,0.0,0.0,-1000.0,-4.470726354452635,0.0,-2.9804842363017565,0.0,0.0,0.0,0.0,0.0,0.0,0.0,0.0,0.0,0.0,0.0,0.0,470.04126479719616,0.0,0.0,141.0645257402183,0.0,0.0,0.0,601.101715418694,0.0,0.0,0.05960968472603513,0.0,0.05960968472603513,0.0,176.83033657583937,0.0,35.76581083562108,72.72381536576286,72.72381536576286,0.0,0.0,0.0,0.0,0.0,0.0,0.0,640.5172807468167,0.0,0.0,0.0,0.0,936.8314418499314,0.0,0.0,0.0,0.0,0.0,0.0,0.0,0.0,0.0,0.0,0.0,0.0,0.0,0.0,0.0,0.0,-453.30691253573093,453.30691253573093,0.08941452708904762,0.0,0.0,0.0,-17.88290541781054,0.0,0.0,0.0,0.0,0.0,0.0,2.9804842363017565,0.0,0.0,0.0,0.0,-54.50609021923157,589.5124415033433,-2.9804842363017565,0.0,0.0,0.0,0.0,0.0,0.0,0.0,0.0,0.0,810.8631376693572,-303.6204192079558,0.0,0.0,153.10651332824528,-371.13463009615737,0.0,0.0,939.5066214910396,-939.5066214910396,0.0,-1000.0,0.0,2.9804842363017565,1000.0,0.0,0.0,0.0,-749.463901364173,0.0,0.0,0.0,0.0,0.0,0.0,0.0,0.0,0.0,75.16530890952947,-13.412179063358023,72.72381536576286,0.0,0.0,0.0,0.0,0.0,0.0,0.0,0.0,0.0,215.4401713322255,0.0,0.0,0.0,-78.72310434997598,0.0,-758.3293618768951,17.88290541781054,369.4823244472132,0.0,0.0,0.0,-249.31421853263697,0.0,0.0,0.06557065319869759,0.0,0.0,0.0,36.36190768288143,0.0,0.0,0.0,0.0,543.6789218437099,0.0,0.0,0.0,0.0,0.0,0.0,0.0,0.0,-319.2558642657056,0.0,0.005960968472603683,0.005960968472603683,0.0,0.0,0.0,0.0,0.0,0.0,0.0,0.0,0.0,-372.0951170320673,0.0,0.0,0.0,0.0,0.0,0.0,0.0,0.0,0.0,0.0,0.0,0.0,0.0,274.7819384332762,0.0,0.0,0.0,738.9646488944264,629.278039917771,1000.0,-466.6042763202573,0.0,0.0,0.0,35.76581083562108,0.0,0.0,0.0,0.0,0.0,0.0,-35.76581083562108,0.0,738.9646488944264,0.0,0.0,0.0,0.0,0.0,0.0,0.0,0.0,0.0,0.0,-1000.0,-1000.0,977.6640758872654,-17.88290541781054,0.0,0.0,999.761561261096,0.0,0.0,0.0,0.0,0.0,0.0,0.0,0.0,0.0,0.0,0.0,0.0,0.0,0.0,0.0,0.0,0.0,-7.451210590754392,0.0,-4.470726354452635,945.7728945588367,0.0,0.0,0.0,0.0,0.0,-0.7451210590754392,0.0,10.499252469746551,0.0,0.0,0.0,0.0,0.0,0.0,0.0,1000.0,17.88290541781054,17.88290541781054,0.0,0.0,0.0,0.0,0.0,0.06557065319869759,0.0,0.0,0.0,-999.761561261096,0.0,0.0,0.0,0.0,0.0,0.0,0.0,0.0,0.0,0.0,0.0,0.0,0.0,0.0,315.06862455578516,0.0,0.0,0.0,0.0,62.59016896233689,374.07227017111785,0.0,0.0,0.0,0.0,0.0,0.0,0.0,-375.9917020192975,0.0,0.0,0.0,-7.451210590754392,0.0,0.0,0.0,0.0,0.0,0.0,0.0,0.0,0.0,0.0,0.0,0.0,0.0,0.0,0.0,0.0,0.0,0.0,-0.05960968472603513,0.0,0.0,2.9804842363017565,-496.9351740635358,0.0,0.0,0.0,0.0,0.0,0.0,0.0,0.0,-931.6990479950197,1.4902421181508783,0.0,0.0,0.0,0.05960968472603513,0.0,59.60968472603513,-18.479002265070893,11.921936945207028,0.42578346232882236,166.31102038563805,-0.044707263544526345,261.0884613999401,1.1921936945207026,-0.2980484236300863,-166.31102038563805,17.88290541781054,-0.05960968472603513,123.71154336538578,0.0,0.014902421181508783,0.42578346232882236,-371.13463009615737,-378.9721862555993,-1.1921936945207026,-575.5810232409922,-0.05960968472603513,0.014902421181508783,-166.31102038563805,5.960968472603513,0.05960968472603513,0.05960968472603513,0.1251803379247327,-369.4167537940146,0.0,-0.044707263544526345,17.88290541781054,0.05960968472603513,17.88290541781054,-29.804842363017567,-0.029804842363017565,188.04619699342652,-6.020578157329548,-0.044707263544526345,-0.05960968472603513,-18.479002265070893,0.05960968472603513,5.960968472603513,-1.1921936945207026,0.0,0.0,-5.960968472603513,575.5810232409922,0.0,11.921936945207026,0.08941452708905269,-1000.0,5.960968472603513,-125.64146541282601,0.0,-11.921936945207026,0.029804842363017565,0.5960968472603514,61.85577168269289,11.921936945207026,-0.05960968472603513,-13.412179063358023,-0.1251803379247327,18.479002265070893,0.05960968472603513,378.9721862555993,-71.53162167124218,0.0,-0.05960968472603513,-0.014902421181508783,0.0,-0.05960968472603513,-114.72126432091741,0.059609684725921444,-0.014902421181508783,-0.014902421181508783,-0.014902421181508783,23.843873890414052,29.804842363017567,0.5960968472603514,44.1633251714033,-0.014902421181508783,0.0,2.9804842363017565,60.34111639676046,0.05960968472603513,0.029804842363017565,0.029804842363017565,5.960968472603513,18.479002265070893,0.05960968472603513,-18.479002265070893,0.5960968472603514,0.05960968472603513,-44.1633251714033,0.05960968472603513,0.23843873890408573,0.2980484236300863,0.029804842363017565,0.014902421181508783,17.88290541781054,-0.05960968472603513,0.0,0.5960968472603513,-88.3266503428066,259.5982192817892,-5.960968472603513,11.921936945207026,2.9804842363017565,-0.05960968472603513,371.13463009615737,0.08941452708905269,-0.05960968472603513,-11.921936945207026,18.479002265070893,567.7112373619879,0.029804842363017565,-120.68223279352092,-0.05960968472603513,-0.059609684725921444,-0.05960968472603513,0.029804842363017565,166.31102038563805,-11.921936945207026,0.05960968472603513,123.71154336538578,-0.014902421181508783,369.4167537940146,-123.71154336538578,8.941452708905269,6.020578157329548,334.4654942287937,166.31102038563805,-0.044707263544526345,13.412179063358023,-11.921936945207026,0.05960968472603513,-0.014902421181508786,2.9804842363017565,59.60968472603513,-0.029804842363017565,-0.05960968472603513,0.014902421181508783,1000.0,0.0,999.970195157637,0.0,193.4021121495168,0.0,40.206696357811175,-1000.0,0.0,-1000.0,1000.0,475.4888304733644,0.0,500.0,-96.7010560747584,-500.0,0.0,500.0,0.0,-318.3970188293509,0.0,-475.4888304733644,-318.3970188293509,-40.206696357811175,52.888674778224924,0.0,1496.5981,bhi
195,0.0,0.0,0.0,0.0,0.0,0.0,0.0,0.0,-0.16952884408447275,0.0,0.0,0.0,0.0,0.0,0.0,0.0,1000.0,368.619713606635,0.0,-1000.0,0.0,0.0,0.0,850.7863287448994,0.0,80.05756788946724,0.0,0.0,0.0,-118.88783199241878,0.0,0.0,548.3675737706036,0.0,0.0,0.0,0.0,999.3218846236623,0.0,-1000.0,-89.01605372905397,0.0,0.0,217.8133750703247,0.0,0.0,0.0,0.0,-98.9255430779059,0.0,0.0,0.0,0.0,0.18648172849338884,0.0,0.0,0.0,33.90576881689455,0.0,0.0,-6.68819427020054,0.0,-832.7336385559472,-864.1467706226637,390.0123269685627,0.0,0.0,0.0,0.0,0.0,0.0,1.6952884408447277,0.0,0.0,0.0,0.0,0.0,0.0,0.0,0.0,0.0,0.0,0.0,0.0,101.71730645068367,0.0,0.0,-987.1968537694439,-545.2578895460151,0.0,-0.04238221102111819,0.0,0.0,138.07969830016594,50.85865322534183,0.0,50.85865322534183,-5.45882877951999,140.85423628681156,0.0,0.0,965.2498851202452,-118.88783199241878,0.0,0.0,0.0,0.0,0.0,0.0,0.0,0.0,0.0,0.0,0.0,0.0,0.0,0.0,0.0,0.0,0.0,0.0,0.0,0.0,0.0,-1000.0,0.0,0.0,50.85865322534183,0.0,52.55394166618656,0.0,0.0,-1000.0,1000.0,0.0,0.0,-24.72493779651586,-156.25000000000014,156.25000000000014,0.0,0.0,0.0,0.0,0.0,0.0,13.053720994504395,0.16952884408447275,0.0,0.0,0.0,-381.11992830586166,0.0,0.0,0.0,0.0,0.0,220.37268978010863,0.0,0.0,0.0,0.0,0.0,718.0053616017058,718.0053616017058,0.0,0.0,0.0,0.0,0.0,0.0,0.0,718.1748904457902,0.0,0.0,0.0,1000.0,-41.35932278145822,0.0,0.0,0.0,0.0,0.0,0.0,0.0,0.0,0.0,-890.9406170501633,0.0,0.0,0.0,0.0,-1000.0,0.0,0.0,0.0,0.0,0.0,0.0,0.0,545.2578895460151,-545.2578895460151,24.72493779651586,0.0,0.0,0.0,0.0,0.0,0.0,0.0,-21.191105510559105,0.0,0.0,0.0,0.0,0.0,0.0,0.0,0.0,0.0,0.0,0.0,0.0,0.0,0.0,-67.8115376337891,-782.1866249296753,0.0,0.0,0.0,0.0,205.87614996159664,0.0,0.0,0.0,0.0,-6.68819427020054,-1000.0,0.0,0.0,0.0,0.0,0.0,0.0,0.0,0.0,0.0,0.0,0.0,0.0,535.1335273929119,-555.3822516991183,-540.8645073013346,0.0,782.1866249296753,0.0,0.0,24.72493779651586,-636.4414159393854,0.0,0.0,0.0,-25.327327935152198,0.0,0.0,726.0158041168183,0.0,743.1709832549309,-17.155179138112487,743.1709832549309,0.0,0.0,0.0,1000.0,0.0,0.0,242.38438723756656,0.0,0.0,0.0,0.0,0.0,0.0,0.0,767.7923233321158,0.0,0.0,1000.0,0.0,0.0,0.0,-6.68819427020054,-0.2542932661267091,0.0,0.0,0.0,0.0,0.16952884408447275,0.0,0.0,0.0,718.5402590165456,1000.0,0.0,0.0,-923.2630944936479,41.35932278145822,-203.70603274323094,0.0,-87.92677633910625,0.0,0.0,0.0,0.0,0.0,-14.596433475673571,0.0,102.52320981477982,-1000.0,-1000.0,0.0,0.0,0.0,0.0,0.0,0.0,0.0,0.0,0.0,0.0,0.0,0.0,0.0,0.0,0.0,0.0,0.0,0.0,0.0,-1000.0,0.0,0.0,0.0,779.2527474007238,0.0,0.0,-13.053720994504395,0.0,140.85423628681156,0.0,0.0,956.7734429160215,0.0,0.0,-876.4895373625964,-4.238221102111819,0.0,-1000.0,0.0,-330.7937983745224,0.0,0.0,0.0,0.0,0.0,-8.476442204223638,514.130332853901,0.0,-166.3836500709313,1000.0,6.740025822992266,50.85865322534183,0.0,0.0,0.0,494.9785281848479,0.0,0.0,0.0,0.0,0.0,0.0,-889.1877968326689,0.0,0.0,-49.9564905744944,0.0,0.0,0.0,0.0,0.0,-38.10132633691694,0.0,0.0,165.54863223951892,0.0,0.0,0.0,0.0,-499.7901191649926,0.3390576881687366,0.0,0.0,0.0,0.0,0.0,0.0,0.0,0.0,0.0,0.0,0.0,0.0,0.0,0.0,0.0,0.0,0.0,0.0,0.0,0.18648172849338884,0.18648172849338884,0.0,83.82999709904347,0.0,101.71730645068367,0.0,0.0,0.0,-881.2621913568688,0.0,0.0,0.0,0.0,0.0,-686.9618498628855,881.2621913568688,0.0,0.0,0.0,0.0,0.0,165.54863223951892,0.0,0.0,0.0,0.0,0.0,0.0,0.0,333.3333333333333,-718.5402590165456,381.11992830586166,0.0,13.053720994504395,0.0,138.07969830016594,0.0,-230.6010877581125,0.0,-686.9618498628855,0.0,-186.7519690278781,-1000.0,0.0,0.0,0.0,0.0,0.0,0.0,0.0,0.0,0.0,0.0,0.0,0.0,0.0,0.0,0.0,0.0,101.71730645068367,24.72493779651586,24.72493779651586,0.0,0.0,0.0,0.0,0.0,0.0,0.0,0.0,0.0,0.0,1.6952884408447277,0.0,0.0,0.0,0.0,0.0,0.0,0.0,0.0,50.85865322534183,0.0,0.0,0.0,0.0,0.0,0.0,0.0,0.0,0.0,0.0,231.63685490213027,0.0,0.0,50.85865322534183,50.85865322534183,1000.0,881.2621913568688,0.0,165.54863223951892,0.0,0.0,0.0,0.0,0.0,310.7087665443112,0.0,338.15520503051926,0.16952884408447275,0.0,0.0,0.0,223.8870570198441,928.6697160526126,0.0,-138.07969830016594,0.0,0.0,0.0,0.0,0.0,0.0,0.0,0.0,0.0,0.0,0.0,0.0,0.0,0.0,0.16952884408447275,0.0,0.0,0.0,-1000.0,1000.0,0.0,0.0,0.0,0.0,0.0,127.80051529230715,0.0,0.0,-1000.0,-12.71466330633546,0.0,-8.476442204223645,0.0,0.0,0.0,0.0,0.0,0.0,0.0,0.0,0.0,0.0,0.0,24.72493779651586,41.35932278145822,0.0,0.0,-151.1671820437154,0.0,0.0,0.0,-0.16952884408447275,0.0,0.0,0.16952884408447275,0.0,0.16952884408447275,0.0,0.0,0.0,101.71730645068367,206.8251897830568,206.8251897830568,0.0,0.0,0.0,0.0,0.0,0.0,0.0,381.11992830586166,0.0,0.0,0.0,0.0,0.0,0.0,0.0,0.0,0.0,0.0,0.0,0.0,0.0,0.0,0.0,0.0,0.0,0.0,0.0,230.6010877581125,0.0,-335.34355212000696,335.34355212000696,0.2542932661267091,0.0,0.0,0.0,-50.85865322534183,0.0,0.0,0.0,0.0,0.0,-83.82999709904347,8.476442204223638,0.0,0.0,0.0,0.0,0.0,-5.45882877951999,-8.476442204223645,0.0,0.0,0.0,0.0,0.0,0.0,0.0,24.72493779651586,0.0,0.0,-808.6906628199473,83.82999709904347,0.0,1000.0,928.6697160526126,0.0,-18.512549774024393,140.85423628681156,-122.34168651278716,0.0,-843.2666057224421,0.0,8.476442204223645,341.1091945812874,0.0,0.0,0.0,-38.10132633691694,0.0,0.0,0.0,0.0,0.0,0.0,0.0,0.0,0.0,878.2259537438277,-12.714663306335467,206.8251897830568,0.0,0.0,0.0,0.0,0.0,0.0,0.0,0.0,0.0,0.0,0.0,0.0,109.2593237117145,-223.8870570198441,579.0618272068006,0.0,50.85865322534183,0.0,0.0,0.0,0.0,-153.00276205100755,0.0,0.0,0.18648172849338884,0.0,0.0,0.0,103.4125948915284,0.0,0.0,0.0,0.0,-67.8115376337891,0.0,0.0,0.0,0.0,0.0,0.0,0.0,0.0,0.0,0.0,0.01695288440844776,0.01695288440844776,0.0,0.0,0.0,0.0,0.0,0.0,0.0,0.0,0.0,0.0,0.0,0.0,0.0,0.0,0.0,83.82999709904347,0.0,0.0,0.0,0.0,0.0,0.0,0.0,0.0,0.0,0.0,0.0,0.0,1000.0,901.0744569220941,368.619713606635,0.0,0.0,0.0,101.71730645068367,0.0,0.0,0.0,0.0,0.0,0.0,-101.71730645068367,0.0,0.0,0.0,0.0,0.0,0.0,0.0,0.0,0.0,0.0,0.0,0.0,-338.15520503051926,-808.1790654481076,116.12725819786392,-50.85865322534183,0.0,0.0,999.3218846236623,0.0,0.0,0.0,0.0,0.0,0.0,0.0,0.0,0.0,0.0,0.0,0.0,0.0,0.0,0.0,0.0,0.0,-21.191105510559105,24.72493779651586,-969.488106222357,0.0,0.0,0.0,0.0,0.0,0.0,0.0,-2.11911055105591,38.10132633691694,0.0,0.0,0.0,0.0,0.0,0.0,0.0,1000.0,50.85865322534183,50.85865322534183,0.0,0.0,0.0,0.0,0.0,0.18648172849338884,83.82999709904347,0.0,0.0,-999.3218846236623,0.0,0.0,0.0,0.0,0.0,0.0,0.0,0.0,0.0,0.0,0.0,0.0,0.0,0.0,127.64299211526986,0.0,0.0,0.0,0.0,178.00528628869642,13.053720994504395,0.0,0.0,0.0,0.0,0.0,83.82999709904347,0.0,0.0,0.0,0.0,0.0,-21.191105510559105,0.0,0.0,0.0,0.0,0.0,0.0,0.0,0.0,0.0,0.0,0.0,0.0,0.0,0.0,0.0,0.0,0.0,0.0,-0.16952884408447275,0.0,0.0,8.476442204223638,686.9618498628855,0.0,0.0,0.0,0.0,24.72493779651586,0.0,0.0,0.0,14.596433475673571,4.238221102111819,0.0,0.0,80.05756788946724,0.16952884408447275,0.0,169.52884408447275,-52.55394166618656,33.90576881689455,1.210920314889091,472.98547499567906,-0.12714663306335455,876.4895373625964,3.390576881689455,-0.8476442204221734,-472.98547499567906,50.858653225341826,-0.16952884408447275,0.0,165.54863223951892,0.04238221102111819,1.210920314889091,0.0,-26.988991978248038,-3.390576881689455,-368.619713606635,-0.16952884408447275,0.04238221102111819,-472.98547499567906,16.952884408447275,0.16952884408447275,0.16952884408447275,-83.47398652646561,0.1864817284929205,-119.48797688298363,-0.12714663306335455,50.85865322534183,0.16952884408447275,50.85865322534183,-84.76442204223639,-0.08476442204223637,-100.884712897125,-222.99856321412838,-0.12714663306335455,-0.16952884408447275,-52.55394166618656,0.16952884408447275,16.952884408447275,-3.390576881689455,230.6010877581125,230.6010877581125,-16.952884408447275,368.619713606635,-230.6010877581125,33.90576881689455,0.2542932661267091,-1000.0,16.952884408447275,-333.3333333333333,165.54863223951892,-33.90576881689455,0.08476442204223637,1.6952884408447277,0.0,117.73576591593802,-0.16952884408447275,-121.97398701804997,83.47398652646561,52.55394166618656,0.16952884408447275,26.988991978248038,-37.88598066184851,165.54863223951892,-0.16952884408447275,-0.04238221102111819,-165.54863223951892,-0.16952884408447275,-499.7901191649926,0.16952884408447275,-0.04238221102111819,-0.04238221102111819,-0.04238221102111819,67.8115376337891,84.76442204223639,1.6952884408447277,357.9057720315639,-0.04238221102111819,0.0,8.476442204223638,258.37150178671993,0.16952884408447275,0.08476442204223637,0.08476442204223637,99.72720052820674,52.55394166618656,0.16952884408447275,-52.55394166618656,1.6952884408447277,0.16952884408447275,-822.5179513725253,0.16952884408447275,0.6781153763377006,0.8476442204221734,0.08476442204223637,0.04238221102111819,50.85865322534183,-0.16952884408447275,119.48797688298363,1.6952884408447275,-715.8115440631278,872.2513162604846,-16.952884408447275,33.90576881689455,8.476442204223638,-0.16952884408447275,0.0,0.2542932661267091,-0.16952884408447275,-199.45440105641347,52.55394166618656,567.8778297814208,0.08476442204223637,-516.7430035734399,-0.16952884408447275,-0.16952884408447275,-0.16952884408447275,0.08476442204223637,472.98547499567906,-33.90576881689455,0.16952884408447275,0.0,-0.04238221102111819,-0.1864817284929205,0.0,25.429326612670913,222.99856321412838,330.75624049492853,472.98547499567906,-0.12714663306335455,121.97398701804997,-117.73576591593802,0.16952884408447275,-0.04238221102111818,8.476442204223645,169.52884408447275,-0.08476442204223637,-0.16952884408447275,0.04238221102111819,0.0,0.0,999.9152355779578,464.6121793409614,-1000.0,0.0,1000.0,376.5555548277416,0.0,1000.0,-568.366216221686,-652.7858405110329,0.0,-500.0,500.0,284.183108110843,0.0,-188.2777774138708,-83.82999709904347,-414.8750677304132,0.0,652.7858405110329,-414.8750677304132,-1000.0,510.4665481267006,0.0,1496.5981,bhi
196,0.0,0.0,0.0,0.0,0.0,0.0,0.0,0.0,418.3383496739525,0.0,0.0,0.0,0.0,0.0,0.0,0.0,981.3606404414053,-659.4621138001338,0.0,-396.6478046605279,0.0,0.0,0.0,741.8171458309648,0.0,0.0,0.0,0.0,0.0,-571.9033229701423,9.988602044431687,-9.988602044431687,350.9174179512735,0.0,0.0,0.0,0.0,-29.55025924446204,0.0,-1000.0,749.8678142255836,0.0,0.0,0.0,0.0,0.0,0.0,0.0,900.7058691152185,0.0,0.0,474.2284420955176,0.0,0.20651564095053246,0.0,0.0,0.0,37.54829835470552,0.0,0.0,-19.8633013903336,0.0,19.8633013903336,0.0,0.0,0.0,0.0,0.0,0.0,0.0,0.0,1.8774149177352761,0.0,0.0,0.0,0.0,0.0,0.0,0.0,0.0,0.0,0.0,0.0,0.0,112.64489506411657,0.0,0.0,-411.63700778568125,-438.94739628463304,18.920971796254975,-0.0469353729433819,0.0,0.0,-678.0322002761588,56.322447532058284,0.0,395.93523667061424,0.0,0.0,0.0,0.0,9.38707458867638,-571.9033229701423,0.0,0.0,-243.18407082450227,0.0,0.0,0.0,0.0,0.0,0.0,0.0,0.0,0.0,0.0,0.0,0.0,0.0,0.0,0.0,0.0,0.0,0.0,-1000.0,0.0,0.0,395.93523667061424,0.0,58.199862449793564,0.0,0.0,-181.33456610618703,181.33456610618703,0.0,0.0,0.0,0.0,0.0,0.0,0.0,0.0,0.0,0.0,0.0,14.456094866561685,0.1877414917735276,0.0,0.0,0.0,577.1824735430079,-1000.0,0.0,0.0,0.0,0.0,1000.0,0.0,0.0,0.0,0.0,0.0,989.8236564637948,989.8236564637948,0.0,0.0,0.0,0.0,-1000.0,0.0,0.0,1000.0,0.0,0.0,0.0,-79.99075154251386,-989.1749459658422,0.0,0.0,0.0,0.0,0.0,0.0,0.0,0.0,0.0,0.0,0.0,0.0,0.0,0.0,-1000.0,0.0,0.0,0.0,0.0,0.0,0.0,-474.2284420955176,861.5105645094059,-861.5105645094059,0.0,0.0,0.0,0.0,0.0,0.0,0.0,0.0,-1000.0,0.0,0.0,0.0,0.0,0.0,0.0,0.0,0.0,0.0,0.0,0.0,0.0,0.0,132.70812118894167,-91.13047478895294,-835.934744490964,0.0,0.0,0.0,0.0,267.2403126319917,0.0,0.0,0.0,0.0,-19.8633013903336,-835.934744490964,9.988602044431687,0.0,311.1499907612635,0.0,0.0,0.0,0.0,0.0,16.0338780795419,0.0,339.61278913855597,0.0,1000.0,-300.45796079403885,876.3509837434258,0.0,835.934744490964,0.0,0.0,0.0,229.04461996370367,0.0,0.0,0.0,-20.585980353314426,0.0,0.0,-917.2113335240148,0.0,0.0,-917.2113335240147,0.0,0.0,422.5631682247729,0.0,-209.43977318527578,0.0,0.0,256.5584494161503,0.0,0.0,0.0,-44.12110857513817,0.0,44.12110857513817,0.0,999.624517016453,0.0,0.0,-523.4790436975236,0.0,0.0,0.0,-19.8633013903336,-0.2816122376602914,0.0,0.0,0.0,0.0,0.1877414917735276,0.0,0.0,0.0,320.7905726178522,981.3606404414053,0.0,-695.6530917744834,-263.6858245480294,989.1749459658422,1000.0,0.0,1000.0,0.0,-243.18407082450227,0.0,0.0,0.0,-16.164542441700405,0.0,-983.8354575582996,388.8207325155879,-1000.0,0.0,0.0,0.0,0.0,0.0,0.0,0.0,0.0,0.0,0.0,0.0,0.0,0.0,0.0,0.0,0.0,311.1499907612635,-371.7030199330289,0.0,-1000.0,0.0,657.0962733443386,0.0,0.0,0.0,0.0,-20.50137090167192,0.0,0.0,0.0,0.0,0.0,0.0,-220.62843654809896,60.82179190183152,-4.69353729433819,0.0,-45.13359546473726,-9.38707458867638,464.6199128238275,266.42162606141716,220.62843654809896,-70.2088664905079,0.0,0.0,0.0,-464.84628946259653,0.0,-122.03196965279294,-47.400774067397805,0.0,395.93523667061424,0.0,0.0,0.0,1000.0,0.0,418.52609116572603,0.0,-132.70812118894167,132.70812118894167,132.70812118894167,-611.2190128038369,0.0,0.0,0.0,0.0,0.0,0.0,0.0,0.0,-39.7266027806672,0.0,0.0,145.80305089619785,0.0,0.0,0.0,0.0,-909.8832379165591,0.375482983547613,0.0,0.0,0.0,0.0,0.0,0.0,0.0,0.0,0.0,0.0,0.0,0.0,0.0,0.0,0.0,0.0,0.0,0.0,0.0,0.20651564095053246,0.20651564095053246,9.988602044431687,15.414982439811151,0.0,112.64489506411657,0.0,0.0,0.0,-961.7574963088622,0.0,0.0,0.0,0.0,0.0,1000.0,961.7574963088622,0.0,0.0,0.0,0.0,0.0,145.80305089619785,0.0,0.0,0.0,0.0,0.0,0.0,0.0,333.3333333333333,-320.7905726178522,422.81752645699214,0.0,14.456094866561685,0.0,0.0,-678.0322002761588,-945.2725129081505,0.0,1000.0,0.0,0.0,90.1167620834409,0.0,0.0,132.70812118894167,0.0,0.0,0.0,0.0,0.0,0.0,0.0,0.0,0.0,0.0,0.0,0.0,0.0,112.64489506411657,0.0,0.0,0.0,0.0,0.0,0.0,0.0,0.0,0.0,0.0,0.0,0.0,1.8774149177352761,0.0,9.988602044431687,0.0,0.0,9.988602044431687,-474.2284420955176,0.0,0.0,395.93523667061424,0.0,0.0,0.0,0.0,0.0,0.0,0.0,0.0,0.0,0.0,1000.0,292.78322579754933,0.0,56.322447532058284,56.322447532058284,361.8015416305957,961.7574963088622,0.0,145.80305089619785,0.0,0.0,0.0,0.0,0.0,977.0672509995164,0.0,1000.0,0.1877414917735276,0.0,0.0,0.0,247.93946010005368,774.432514218828,0.0,678.0322002761588,0.0,0.0,0.0,0.0,0.0,0.0,0.0,0.0,0.0,0.0,0.0,0.0,0.0,0.0,0.1877414917735276,0.0,0.0,0.0,0.0,0.0,0.0,0.0,0.0,657.0962733443386,-487.88686018242635,735.0933021966448,0.0,-267.7078129158905,-628.2969800669712,-14.080611883014571,-9.387074588676372,0.0,0.0,0.0,0.0,0.0,0.0,0.0,0.0,0.0,0.0,0.0,0.0,0.0,989.1749459658422,0.0,0.0,-112.64489506411657,0.0,0.0,0.0,418.3383496739525,0.0,0.0,0.1877414917735276,0.0,0.1877414917735276,0.0,0.0,0.0,112.64489506411657,229.04461996370367,229.04461996370367,0.0,0.0,0.0,0.0,0.0,0.0,0.0,422.81752645699214,0.0,0.0,0.0,0.0,0.0,0.0,0.0,0.0,0.0,0.0,0.0,0.0,0.0,0.0,0.0,0.0,0.0,0.0,0.0,267.2403126319917,0.0,0.0,0.0,0.2816122376602914,0.0,0.0,0.0,-395.93523667061424,0.0,0.0,0.0,0.0,0.0,-15.414982439811151,9.38707458867638,0.0,0.0,0.0,0.0,1000.0,-467.38548928075437,0.0,0.0,0.0,0.0,0.0,0.0,0.0,0.0,0.0,0.0,0.0,1000.0,-117.29313874913055,0.0,-614.7307718977133,531.2484433943257,0.0,0.0,267.7078129158905,-267.7078129158905,0.0,0.0,0.0,9.387074588676372,1000.0,0.0,0.0,-9.988602044431687,-39.7266027806672,0.0,0.0,-718.750000000247,718.750000000247,0.0,0.0,0.0,0.0,0.0,29.495594322825724,-57.656818088854834,229.04461996370367,0.0,656.25,656.25,-646.2613979555682,0.0,0.0,0.0,0.0,0.0,16.0338780795419,0.0,0.0,0.0,-247.93946010005368,-645.7617231445702,0.0,56.322447532058284,0.0,0.0,0.0,0.0,53.00634205266431,0.0,0.0,0.20651564095053246,0.0,0.0,0.0,114.52230998185183,0.0,0.0,0.0,0.0,-91.13047478895294,0.0,0.0,0.0,0.0,0.0,0.0,0.0,0.0,0.0,0.0,0.01877414917735276,0.01877414917735276,0.0,0.0,0.0,0.0,0.0,0.0,0.0,0.0,0.0,0.0,9.988602044431687,0.0,0.0,0.0,0.0,15.414982439811151,0.0,0.0,0.0,0.0,0.0,0.0,0.0,0.0,0.0,0.0,0.0,0.0,783.1111300567079,1000.0,-659.4621138001338,0.0,0.0,0.0,112.64489506411657,0.0,0.0,0.0,0.0,0.0,123.87088349899955,-236.5157785631161,0.0,0.0,0.0,0.0,0.0,0.0,0.0,0.0,0.0,9.988602044431687,9.988602044431687,0.0,-1000.0,793.984660544962,128.60292186486643,604.0647633293858,-1000.0,0.0,627.5460140998765,0.0,0.0,0.0,0.0,0.0,0.0,0.0,0.0,0.0,734.375,0.0,-734.375,-734.375,0.0,0.0,0.0,0.0,-23.467686471690943,0.0,-14.080611883014571,43.57620620584034,0.0,0.0,0.0,0.0,0.0,-2.346768647169095,0.0,39.7266027806672,0.0,0.0,0.0,0.0,0.0,0.0,0.0,1000.0,56.322447532058284,56.322447532058284,0.0,0.0,0.0,0.0,0.0,0.20651564095053246,15.414982439811151,0.0,0.0,-627.5460140998765,0.0,0.0,0.0,0.0,0.0,0.0,0.0,0.0,0.0,0.0,0.0,0.0,0.0,0.0,0.0,0.0,0.0,0.0,0.0,197.128566362204,14.456094866561685,0.0,0.0,0.0,0.0,0.0,15.414982439811151,0.0,457.998414692078,0.0,0.0,0.0,-23.467686471690943,0.0,0.0,0.0,0.0,0.0,0.0,0.0,0.0,0.0,0.0,0.0,0.0,0.0,0.0,0.0,0.0,0.0,0.0,-0.1877414917735276,0.0,0.0,9.38707458867638,-1000.0,0.0,0.0,0.0,0.0,0.0,0.0,0.0,0.0,16.164542441700377,4.69353729433819,0.0,0.0,0.0,0.1877414917735276,0.0,187.7414917735276,-58.19986244979356,37.54829835470552,1.3410106555251973,523.7987620481421,-0.1408061188301457,9.387074588676386,3.7548298354705523,-0.9387074588681799,-523.7987620481421,56.322447532058284,-0.1877414917735276,81.06135694150076,145.80305089619785,0.0469353729433819,1.3410106555251973,-243.18407082450227,-29.888445490348374,6.233772208961227,74.74927801925645,-0.1877414917735276,0.0469353729433819,-523.7987620481421,18.77414917735276,0.1877414917735276,0.1877414917735276,-15.02072530708709,0.20651564095088037,0.0,-0.1408061188301457,56.322447532058284,0.1877414917735276,395.93523667061424,245.74204325179215,-0.0938707458867638,-513.6318583509955,-286.20220330111795,-0.1408061188301457,-0.1877414917735276,-58.19986244979356,0.1877414917735276,18.77414917735276,-3.7548298354705523,267.2403126319917,267.2403126319917,-18.77414917735276,-74.74927801925645,-267.2403126319917,37.54829835470552,0.2816122376602914,-1000.0,18.77414917735276,-333.3333333333333,145.80305089619785,-37.54829835470552,0.0938707458867638,1.8774149177352761,173.91327294362085,-79.74484039442503,-0.1877414917735276,-57.656818088854834,15.02072530708709,58.199862449793564,0.1877414917735276,29.888445490348374,-419.0995283705914,145.80305089619785,-0.1877414917735276,-0.0469353729433819,-145.80305089619785,-0.1877414917735276,-909.8832379165591,0.18774149177341393,-0.0469353729433819,-0.0469353729433819,-0.0469353729433819,75.09659670941105,-245.74204325179215,1.8774149177352761,139.09297771771548,-0.0469353729433819,266.76518894574093,9.38707458867638,464.32869354695595,0.1877414917735276,0.0938707458867638,0.0938707458867638,91.67567462545168,58.19986244979356,0.1877414917735276,-58.19986244979356,1.8774149177352761,0.1877414917735276,-139.09297771771548,0.1877414917735276,0.7509659670946576,0.9387074588681799,0.0938707458867638,0.0469353729433819,56.322447532058284,-0.1877414917735276,0.0,-3.1168861044806135,-278.18595543543097,4.693537294338185,-18.77414917735276,37.54829835470552,9.38707458867638,-0.1877414917735276,243.18407082450227,0.2816122376602914,-0.1877414917735276,-183.35134925090335,58.19986244979356,365.9806268731055,0.0938707458867638,-928.6573870939119,-0.1877414917735276,-0.18774149177341393,-0.1877414917735276,0.0938707458867638,523.7987620481421,-37.54829835470552,0.1877414917735276,347.8265458872417,-0.0469353729433819,-0.20651564095088037,-347.8265458872417,28.16122376602914,286.20220330111795,-316.741469001244,523.7987620481421,-0.1408061188301457,57.656818088854834,79.74484039442503,0.1877414917735276,-0.0469353729433819,9.387074588676372,187.7414917735276,-0.0938707458867638,-0.1877414917735276,0.0469353729433819,0.0,0.0,558.4219892330854,0.0,-1000.0,0.0,1000.0,176.1819384748576,0.0,-1000.0,-957.5777289451943,1000.0,-441.4841400210279,500.0,500.0,478.78886447259714,0.0,-88.0909692374288,-15.414982439811151,-418.9869689257698,441.4841400210279,-1000.0,-418.9869689257698,-1000.0,700.1626895966193,0.0,1496.5981,bhi
197,0.0,0.0,0.0,0.0,0.0,0.0,0.0,0.0,-0.14438619887798354,0.0,0.0,0.0,0.0,0.0,0.0,0.0,652.3431300782503,754.4105853845377,0.0,-1000.0,0.0,0.0,0.0,0.0,0.0,0.0,0.0,0.0,0.0,346.14495294369857,0.0,0.0,816.1167685346429,0.0,0.0,0.0,0.0,974.7131637031703,0.0,-556.9811602237708,1000.0,0.0,0.0,208.1457518189259,0.0,0.0,653.380657171009,0.0,-1000.0,0.0,0.0,0.0,0.0,0.15882481876596444,0.0,0.0,0.0,28.877239775596706,0.0,0.0,-12.715611247853856,0.0,0.0,-12.715611247853856,0.0,0.0,0.0,0.0,0.0,68.31604462658402,0.0,1.4438619887798354,0.0,0.0,0.0,0.0,0.0,0.0,0.0,0.0,0.0,0.0,0.0,0.0,86.63171932679012,0.0,0.0,529.5484227705192,-390.91067342897236,-79.5409038005084,131.5331519726003,0.0,0.0,0.0,43.31585966339506,0.0,82.21603424355669,0.0,0.0,0.0,0.0,7.219309943899177,346.14495294369857,0.0,0.0,-180.69229647015342,661.4086546216322,0.0,0.0,0.0,0.0,0.0,0.0,0.0,0.0,0.0,0.0,0.0,0.0,0.0,0.0,0.0,0.0,0.0,-1000.0,0.0,0.0,82.21603424355669,0.0,44.75972165217489,27.019496094319152,0.0,0.0,0.0,0.0,0.0,0.0,0.0,0.0,0.0,0.0,0.0,0.0,0.0,0.0,11.117737313604731,0.14438619887798354,131.5692485223198,0.0,0.0,241.9988951761522,-1000.0,0.0,0.0,0.0,0.0,780.8341337376835,0.0,0.0,0.0,0.0,0.0,346.763729027869,346.763729027869,0.0,0.0,0.0,0.0,-1000.0,0.0,0.0,346.908115226747,0.0,0.0,0.0,-347.9426602084304,-663.9201537129063,0.0,0.0,0.0,0.0,0.0,0.0,0.0,0.0,0.0,-1000.0,0.0,0.0,0.0,0.0,-1000.0,0.0,0.0,0.0,0.0,0.0,0.0,0.0,470.4515772294808,-470.4515772294808,0.0,0.0,0.0,0.0,0.0,0.0,0.0,0.0,-886.7723291909471,0.0,0.0,0.0,0.0,0.0,0.0,0.0,0.0,0.0,0.0,0.0,0.0,0.0,0.0,264.15230486351965,1.511916978051147,0.0,0.0,0.0,0.0,54.69778340309558,0.0,0.0,0.0,0.0,-12.715611247853856,-206.63383484087475,0.0,0.0,0.0,0.0,0.0,0.0,0.0,0.0,99.05562463939438,0.0,38.90017458016163,0.0,-22.76626962475916,-884.1285202832123,0.0,0.0,-1.511916978051147,0.0,0.0,0.0,985.2726077144457,0.0,0.0,0.0,-14.551722410252523,0.0,0.0,-863.1073506599248,0.0,0.0,-863.1073506599248,0.0,0.0,79.5409038005084,0.0,695.3137398434993,0.0,0.0,402.17870365511675,0.0,0.0,0.0,-1000.0,0.0,1000.0,0.0,1000.0,0.0,0.0,-498.8506095167627,0.0,0.0,0.0,-12.715611247853856,-0.21657929831697528,0.0,0.0,0.0,0.0,0.14438619887798354,0.0,0.0,0.0,764.0305577139533,652.3431300782503,0.0,-120.46153098010228,-560.703484423528,663.9201537129063,768.5331921721319,0.0,-1000.0,0.0,-180.69229647015342,0.0,0.0,0.0,-12.431651723394564,1000.0,12.431651723394564,-434.7266053823301,-1000.0,0.0,0.0,0.0,0.0,0.0,0.0,0.0,0.0,0.0,0.0,0.0,0.0,0.0,0.0,0.0,0.0,0.0,-24.709291501317878,0.0,-1000.0,0.0,0.0,94.4063890355249,0.0,0.0,0.0,-110.17336195299912,0.0,0.0,0.0,0.0,0.0,-1000.0,-397.8615749813135,0.0,0.0,0.0,292.673033059852,0.0,-206.84766851259937,0.0,397.8615749813135,-7.219309943899177,-219.5361064660914,-3.6096549719495883,-7.219309943899177,72.10545950123054,0.0,-25.53498464410528,126.84647175315902,0.0,82.21603424355669,0.0,0.0,0.0,0.0,0.0,0.0,843.6875,843.6874999999999,-843.6874999999999,-843.6874999999999,337.0421958821458,0.0,0.0,0.0,0.0,0.0,0.0,0.0,0.0,-25.43122249570771,0.0,0.0,313.68284207142483,0.0,0.0,0.0,0.0,85.3438204177476,0.2887723977560635,0.0,0.0,0.0,0.0,0.0,0.0,0.0,0.0,0.0,68.31604462658402,0.0,0.0,0.0,0.0,0.0,0.0,0.0,0.0,0.0,0.15882481876596444,0.15882481876596444,0.0,0.0,0.0,86.63171932679012,0.0,0.0,0.0,1000.0,0.0,309.7582853090588,0.0,0.0,0.0,30.53931012483995,-1000.0,0.0,0.0,852.50757811961,0.0,0.0,313.68284207142483,0.0,0.0,0.0,0.0,0.0,0.0,0.0,333.3333333333333,-764.0305577139533,96.59245020221556,0.0,11.117737313604731,0.0,0.0,0.0,-54.69778340309558,0.0,30.53931012483995,0.0,0.0,115.88313054258754,0.0,0.0,0.0,0.0,0.0,0.0,0.0,0.0,0.0,0.0,0.0,0.0,0.0,0.0,0.0,0.0,86.63171932679012,0.0,0.0,0.0,0.0,0.0,0.0,0.0,0.0,0.0,0.0,0.0,0.0,1.4438619887798354,0.0,0.0,0.0,0.0,0.0,0.0,0.0,0.0,82.21603424355669,-852.50757811961,0.0,0.0,0.0,0.0,0.0,0.0,0.0,0.0,0.0,1000.0,0.0,0.0,43.31585966339506,43.31585966339506,1000.0,-1000.0,0.0,313.68284207142483,0.0,0.0,0.0,0.0,0.0,983.6434501037727,0.0,1000.0,0.14438619887798354,0.0,0.0,0.0,82.60461784094028,0.0,0.0,0.0,0.0,0.0,0.0,0.0,0.0,0.0,0.0,0.0,0.0,0.0,0.0,0.0,0.0,0.0,0.14438619887798354,0.0,0.0,0.0,758.9621710389158,-758.9621710389158,0.0,0.0,0.0,0.0,0.0,490.4434341302174,0.0,-506.2104070476916,-975.2907084986821,-10.828964915848765,-7.219309943899177,0.0,0.0,0.0,0.0,0.0,0.0,0.0,0.0,0.0,0.0,0.0,0.0,0.0,663.9201537129063,0.0,0.0,-18.315674700206102,0.0,0.0,0.0,-0.14438619887798354,0.0,0.0,0.14438619887798354,0.0,0.14438619887798354,0.0,0.0,0.0,86.63171932679012,176.1511626311399,176.1511626311399,0.0,0.0,0.0,0.0,0.0,0.0,0.0,96.59245020221556,0.0,0.0,0.0,0.0,0.0,0.0,0.0,0.0,0.0,0.0,0.0,0.0,0.0,0.0,0.0,0.0,0.0,0.0,0.0,54.69778340309558,0.0,-466.2467326118672,466.2467326118672,0.21657929831697528,0.0,0.0,0.0,-82.21603424355669,0.0,0.0,0.0,0.0,0.0,0.0,7.219309943899177,0.0,0.0,0.0,0.0,1000.0,369.9211188406819,0.0,0.0,0.0,0.0,0.0,0.0,0.0,0.0,0.0,0.0,852.50757811961,1000.0,0.0,0.0,131.2759456688009,-180.69229647015342,0.0,259.7477568876828,506.2104070476916,-765.9581639353744,0.0,809.1214450833058,0.0,7.219309943899177,384.789607252189,0.0,0.0,0.0,-25.43122249570771,-218.74999999999673,218.74999999999673,0.0,0.0,0.0,0.0,0.0,0.0,0.0,1000.0,-21.65792983169746,176.1511626311399,0.0,718.75,718.75,-718.75,0.0,0.0,0.0,0.0,0.0,99.05562463939438,0.0,0.0,10.828964915848765,-150.9206624675243,-124.09773777075942,0.0,43.31585966339506,0.0,0.0,0.0,0.0,-177.71655558647092,0.0,0.0,0.15882481876596444,0.0,0.0,0.0,88.07558131556995,0.0,0.0,0.0,0.0,264.15230486351965,0.0,661.4086546216322,0.0,0.0,0.0,0.0,0.0,0.0,-258.98505866832926,0.0,209.27194728543742,0.014438619887798767,0.0,0.0,0.0,0.0,0.0,0.0,0.0,0.0,0.0,0.0,0.0,0.0,0.0,0.0,0.0,0.0,0.0,0.0,0.0,0.0,0.0,0.0,0.0,0.0,0.0,0.0,0.0,0.0,0.0,0.0,754.4105853845377,0.0,0.0,0.0,86.63171932679012,0.0,0.0,0.0,0.0,0.0,0.0,-86.63171932679012,0.0,0.0,0.0,0.0,0.0,0.0,0.0,0.0,0.0,0.0,0.0,0.0,-1000.0,895.0617976651412,98.90454623141872,0.0,-82.21603424355669,0.0,974.7131637031703,0.0,0.0,0.0,0.0,0.0,0.0,0.0,0.0,0.0,0.0,0.0,0.0,0.0,0.0,0.0,0.0,0.0,-18.04827485974794,0.0,-10.828964915848765,10.828964915848772,0.0,0.0,0.0,0.0,0.0,0.0,-1.8048274859747941,25.43122249570771,0.0,0.0,0.0,0.0,0.0,0.0,0.0,1000.0,43.31585966339506,43.31585966339506,0.0,0.0,0.0,0.0,0.0,0.15882481876596444,0.0,0.0,0.0,-974.7131637031703,209.2575086655496,0.0,0.0,0.0,0.0,0.0,0.0,0.0,0.0,0.0,0.0,0.0,0.0,0.0,233.1233663059336,0.0,0.0,27.019496094319152,0.0,151.60550882188272,11.117737313604731,0.0,0.0,0.0,0.0,0.0,0.0,0.0,-282.7340397490562,0.0,0.0,0.0,-18.04827485974794,0.0,0.0,0.0,0.0,0.0,0.0,0.0,0.0,0.0,0.0,0.0,0.0,0.0,0.0,0.0,0.0,0.0,0.0,-0.14438619887798354,0.0,0.0,7.219309943899177,-30.53931012483995,0.0,0.0,0.0,0.0,0.0,0.0,0.0,0.0,12.431651723394564,3.6096549719495883,0.0,0.0,0.0,0.14438619887798354,0.0,144.38619887798353,-17.740225557855723,28.877239775596706,1.0313299919855967,456.8764870582123,-0.10828964915848764,7.219309943899177,2.887723977559671,-0.721930994389796,-456.8764870582123,43.31585966339506,-0.14438619887798354,60.23076549005114,313.68284207142483,0.036096549719495885,1.0313299919855967,-180.69229647015342,-22.98628286137341,-2.887723977559671,-406.753715462788,-0.14438619887798354,0.036096549719495885,-456.8764870582123,14.438619887798353,0.14438619887798354,0.14438619887798354,0.303211017643948,0.1588248187657959,-369.38835517658833,-0.10828964915848764,43.31585966339506,0.14438619887798354,82.21603424355669,-33.29292485883013,-0.07219309943899177,-50.06118562078829,-69.28078948977192,-0.10828964915848764,-0.1443861988779836,-17.740225557855723,0.14438619887798354,14.438619887798353,-2.887723977559671,54.69778340309558,54.69778340309558,-14.438619887798353,406.753715462788,-54.69778340309558,28.877239775596706,0.21657929831697528,438.62014782549784,14.438619887798353,-333.3333333333333,313.68284207142483,-28.877239775596706,0.07219309943899177,1.4438619887798354,30.11538274502557,28.877239775596706,-0.14438619887798354,-32.48689474754622,-0.303211017643948,44.75972165217489,0.14438619887798354,22.98628286137341,101.51922883768293,313.68284207142483,-0.14438619887798354,-0.036096549719495885,-313.68284207142483,-0.14438619887798354,-576.0648342038849,0.14438619887798365,-0.036096549719495885,-0.036096549719495885,-0.036096549719495885,57.75447955119341,33.29292485883013,1.4438619887798354,404.6480833958158,-0.036096549719495885,0.0,7.219309943899177,-35.45260026497462,0.14438619887798354,0.07219309943899177,0.07219309943899177,171.28004092351077,17.740225557855723,0.14438619887798354,-17.740225557855723,1.4438619887798354,0.14438619887798354,-1000.0,0.14438619887798354,0.577544795511848,0.721930994389796,0.07219309943899177,0.036096549719495885,43.31585966339506,-0.14438619887798354,369.38835517658833,1.4438619887798354,-809.2961667916315,3.6096549719495883,-14.438619887798353,28.877239775596706,7.219309943899177,-0.14438619887798354,180.69229647015342,0.21657929831697528,-0.14438619887798354,-342.56008184702154,17.740225557855723,462.70150059083454,0.07219309943899177,70.90520052994924,-0.14438619887798354,-0.14438619887798365,-0.14438619887798354,0.0721930994389918,456.8764870582123,-28.877239775596706,0.14438619887798354,60.23076549005114,-0.036096549719495885,-0.1588248187657959,-60.23076549005114,21.65792983169753,69.28078948977192,-636.3274980742905,456.8764870582123,-0.10828964915848764,32.48689474754622,-28.877239775596706,0.14438619887798354,-0.036096549719495885,7.219309943899177,144.38619887798353,-0.07219309943899177,-0.14438619887798354,0.036096549719495885,1000.0,0.0,-438.69234092493684,595.3519166041842,-833.1140586455733,0.0,269.2793056368337,-1000.0,0.0,1000.0,-185.22713918758907,-63.560735242182034,0.0,-500.0,416.55702932278666,92.61356959379454,0.0,500.0,0.0,-284.9849450043636,0.0,63.560735242182034,-284.9849450043636,-269.2793056368337,76.66072845567622,0.0,1496.5981,bhi
198,0.0,0.0,0.0,0.0,0.0,0.0,0.0,0.0,-0.12598600004641614,0.0,0.0,0.0,0.0,0.0,0.0,0.0,-818.0509226831919,0.0,0.0,460.9850061908685,0.0,0.0,0.0,629.837505998682,0.0,0.0,0.0,0.0,0.0,-808.9723604428887,0.0,0.0,1000.0,0.0,0.0,0.0,0.0,825.7736517609521,0.0,-1000.0,1000.0,0.0,0.0,1000.0,0.0,0.0,0.0,0.0,269.579163618861,0.0,0.0,-357.4441195072196,0.0,0.1385846000508413,0.0,0.0,0.0,25.19720000928323,0.0,0.0,-11.095167070754183,0.0,-906.7997231131983,-917.8948901839525,0.0,0.0,0.0,0.0,0.0,0.0,0.0,1.2598600004641616,0.0,0.0,0.0,0.0,0.0,0.0,0.0,0.0,0.0,0.0,0.0,0.0,75.5916000278497,0.0,0.0,-575.1582277768428,-590.8800491583693,1000.0,-0.031496500011604034,0.0,0.0,-31.250000000149214,37.79580001392485,0.0,37.79580001392485,-4.056749201493304,843.7812507009207,0.0,0.0,6.299300002320807,-1000.0,0.0,0.0,-218.6688072731416,0.0,0.0,0.0,0.0,0.0,0.0,0.0,0.0,0.0,0.0,0.0,0.0,0.0,0.0,0.0,0.0,0.0,0.0,-1000.0,0.0,0.0,37.79580001392485,0.0,39.05566001438901,0.0,0.0,566.8046413727831,-566.8046413727831,0.0,0.0,-1000.0,0.0,0.0,1000.0,0.0,0.0,0.0,0.0,0.0,9.700922003574037,0.12598600004641614,0.0,0.0,0.0,-43.98783533438814,-848.9745078903895,0.0,0.0,0.0,0.0,646.0495577651105,0.0,0.0,0.0,0.0,0.0,-83.04246011260994,-83.04246011260994,0.0,0.0,0.0,0.0,0.0,0.0,0.0,-82.91647411256353,0.0,0.0,0.0,1000.0,-534.8850840277626,0.0,0.0,0.0,0.0,0.0,0.0,0.0,0.0,0.0,0.0,0.0,0.0,0.0,0.0,-1000.0,0.0,0.0,0.0,0.0,0.0,0.0,357.4441195072196,590.8800491583693,-590.8800491583693,0.0,0.0,0.0,0.0,0.0,0.0,0.0,191.0276395571114,-1000.0,0.0,0.0,0.0,0.0,0.0,0.0,0.0,0.0,0.0,0.0,0.0,0.0,0.0,215.32265076414274,1000.0,1000.0,0.0,0.0,0.0,0.0,0.0,0.0,0.0,0.0,0.0,-11.095167070754183,0.0,0.0,0.0,0.0,0.0,0.0,0.0,0.0,0.0,0.0,0.0,0.0,0.0,181.76009831673855,-1000.0,642.7451045076068,0.0,-1000.0,0.0,0.0,0.0,-652.3890000069905,0.0,0.0,0.0,-108.21110881656716,0.0,0.0,-167.30056729298235,-1000.0,265.23017657819014,567.4692561288275,265.23017657819014,1000.0,0.0,0.0,1000.0,0.0,0.0,351.5009401295011,0.0,0.0,0.0,0.0,0.0,0.0,0.0,-83.16844611265635,0.0,0.0,-965.9657093988253,0.0,0.0,0.0,-11.095167070754183,-0.1889790000696242,0.0,0.0,0.0,0.0,0.12598600004641614,0.0,0.0,0.0,962.2041999860752,-818.0509226831919,0.0,-413.6183450927465,-14.815093209389966,534.8850840277626,589.4980931505181,0.0,0.0,0.0,-218.6688072731416,0.0,0.0,0.0,86.16060897417569,-86.16060897417569,0.0,-1000.0,-1000.0,0.0,0.0,0.0,0.0,0.0,0.0,0.0,0.0,0.0,0.0,0.0,0.0,0.0,0.0,0.0,0.0,0.0,0.0,0.0,-1000.0,0.0,173.72240423886143,0.0,0.0,885.3520420176981,0.0,-9.700922003574037,0.0,843.7812507009207,0.0,0.0,0.0,0.0,0.0,494.29193539749474,0.0,86.16060897417569,-361.0758761330287,580.9312569129233,-969.1709723432043,702.5228197025331,0.0,-500.59123539981556,352.42487230304585,-3.1496500011604036,-587.2305569152442,0.0,0.0,362.6864159781843,1000.0,-253.54967645124339,37.79580001392485,531.2500000000941,-531.2500000000941,0.0,0.0,0.0,0.0,0.0,-215.32265076414274,215.32265076414274,215.32265076414274,336.2744484256283,0.0,0.0,0.0,0.0,0.0,191.0276395571114,0.0,0.0,-22.190334141508366,0.0,0.0,448.2977068634067,0.0,0.0,0.0,0.0,69.24185676129747,0.25197200009349374,0.0,0.0,0.0,0.0,0.0,0.0,0.0,0.0,0.0,0.0,0.0,0.0,0.0,0.0,0.0,0.0,0.0,0.0,0.0,0.1385846000508413,0.1385846000508413,0.0,0.0,0.0,75.5916000278497,0.0,0.0,0.0,1000.0,0.0,0.0,0.0,0.0,0.0,162.87573834001023,-1000.0,0.0,0.0,0.0,0.0,0.0,448.2977068634067,0.0,0.0,0.0,0.0,0.0,0.0,0.0,333.3333333333333,-962.2041999860752,892.9623432247777,0.0,9.700922003574037,0.0,968.7499999998508,-1000.0,-1000.0,0.0,162.87573834001023,0.0,1000.0,-767.8824048986924,0.0,0.0,215.32265076414274,0.0,0.0,0.0,0.0,0.0,0.0,0.0,0.0,0.0,0.0,0.0,0.0,0.0,75.5916000278497,0.0,0.0,0.0,0.0,0.0,0.0,0.0,0.0,0.0,0.0,0.0,0.0,1.2598600004641616,0.0,0.0,0.0,0.0,0.0,357.4441195072196,0.0,0.0,37.79580001392485,0.0,0.0,0.0,0.0,0.0,0.0,0.0,0.0,0.0,0.0,0.0,103.4315282866271,0.0,37.79580001392485,37.79580001392485,895.8238585364456,-1000.0,0.0,448.2977068634067,0.0,0.0,0.0,0.0,0.0,1000.0,191.0276395571114,918.758294260036,0.12598600004641614,0.0,0.0,0.0,166.3825110612992,221.45309787416718,0.0,31.250000000149214,0.0,0.0,0.0,0.0,0.0,0.0,0.0,0.0,0.0,0.0,0.0,0.0,0.0,0.0,0.12598600004641614,0.0,0.0,0.0,-1000.0,1000.0,0.0,0.0,0.0,173.72240423886143,0.0,834.0803286973467,0.0,0.0,-1000.0,-9.448950003481212,-6.2993000023208126,0.0,0.0,0.0,0.0,0.0,0.0,0.0,0.0,0.0,0.0,0.0,0.0,0.0,534.8850840277626,0.0,0.0,115.4360395292617,0.0,0.0,0.0,-0.12598600004641614,0.0,0.0,0.12598600004641614,0.0,0.12598600004641614,0.0,0.0,0.0,75.5916000278497,153.7029200566277,153.7029200566277,0.0,0.0,0.0,0.0,0.0,0.0,0.0,892.9623432247777,0.0,191.0276395571114,0.0,0.0,0.0,97.0080035781719,0.0,0.0,0.0,0.0,0.0,0.0,0.0,0.0,0.0,0.0,0.0,0.0,0.0,0.0,0.0,0.0,0.0,0.1889790000696242,0.0,0.0,0.0,-37.79580001392485,0.0,0.0,0.0,0.0,0.0,0.0,6.299300002320807,0.0,0.0,0.0,0.0,0.0,-10.356049203814116,0.0,0.0,0.0,0.0,0.0,0.0,0.0,0.0,0.0,0.0,0.0,118.53387652281685,-215.32265076414274,0.0,-88.42789145775234,2.784290601025581,0.0,-20.056971207388152,843.7812507009207,-823.7242794935325,0.0,-806.0919200636182,0.0,6.2993000023208126,510.34281221959714,0.0,0.0,0.0,-22.190334141508366,0.0,0.0,0.0,0.0,0.0,0.0,0.0,0.0,0.0,0.0,-18.897900006962345,153.7029200566277,0.0,0.0,0.0,0.0,0.0,0.0,0.0,0.0,0.0,0.0,0.0,0.0,9.448950003481212,-166.3825110612992,1000.0,0.0,37.79580001392485,0.0,0.0,0.0,0.0,-85.14570847294141,0.0,0.0,0.1385846000508413,0.0,0.0,0.0,76.85146002831385,0.0,0.0,0.0,0.0,1000.0,0.0,0.0,0.0,0.0,0.0,0.0,0.0,0.0,-1000.0,0.0,0.012598600004594118,0.012598600004641615,0.0,0.0,0.0,0.0,0.0,0.0,0.0,0.0,0.0,0.0,0.0,0.0,0.0,0.0,0.0,0.0,0.0,0.0,0.0,0.0,0.0,0.0,0.0,0.0,0.0,0.0,0.0,0.0,0.0,451.9064439505653,0.0,0.0,0.0,0.0,75.5916000278497,0.0,0.0,0.0,0.0,0.0,-75.5916000278497,0.0,0.0,0.0,0.0,0.0,0.0,0.0,0.0,0.0,0.0,0.0,0.0,0.0,-918.758294260036,-1000.0,183.30841360996698,-37.79580001392485,0.0,0.0,999.4960559998136,0.0,0.0,0.0,0.0,0.0,0.0,0.0,0.0,0.0,390.62499999999994,0.0,-390.62500000000006,-390.62499999999994,0.0,0.0,0.0,0.0,-15.748250005802024,0.0,-9.448950003481212,106.45695358165315,0.0,0.0,0.0,0.0,0.0,0.0,-1.574825000580202,22.190334141508366,0.0,0.0,0.0,0.0,0.0,0.0,0.0,1000.0,37.79580001392485,37.79580001392485,0.0,0.0,0.0,0.0,0.0,0.1385846000508413,0.0,0.0,0.0,-999.4960559998135,0.0,0.0,0.0,0.0,0.0,0.0,0.0,0.0,0.0,0.0,0.0,0.0,0.0,0.0,0.0,0.0,0.0,0.0,0.0,132.28530004873696,0.0,0.0,9.700922003574037,0.0,0.0,0.0,0.0,0.0,0.0,0.0,0.0,0.0,-15.748250005802024,0.0,0.0,0.0,0.0,0.0,0.0,0.0,0.0,0.0,0.0,0.0,0.0,0.0,0.0,0.0,0.0,0.0,0.0,-0.12598600004641614,0.0,0.0,6.299300002320807,-162.87573834001023,0.0,0.0,0.0,0.0,0.0,0.0,0.0,0.0,-86.16060897417569,3.1496500011604036,0.0,0.0,0.0,0.12598600004641614,0.0,125.98600004641614,-39.05566001438901,25.197200009283232,0.8999000003315439,351.5009401295011,-0.0944895000348121,6.299300002320807,2.519720000928323,-0.6299300002329093,-351.5009401295011,37.79580001392485,-0.12598600004641614,72.88960242438053,448.2977068634067,0.031496500011604034,0.8999000003315439,-218.66880727314157,-20.056971207388152,-2.519720000928323,357.06591649232337,-0.12598600004641614,0.031496500011604034,-351.5009401295011,12.598600004641614,0.12598600004641614,0.12598600004641614,0.2645706000972574,0.13858460005099005,-271.9674308182519,-0.0944895000348121,37.79580001392485,0.12598600004641614,37.79580001392485,-62.993000023208076,-0.06299300002320807,63.25548759942453,-12.72458600468803,-0.0944895000348121,-0.12598600004641614,-39.05566001438901,0.12598600004641614,12.59860000464164,-2.519720000928323,0.0,0.0,-12.598600004641614,-357.06591649232337,0.0,25.19720000928323,0.1889790000696242,-242.64448574640892,12.598600004641614,-333.3333333333333,448.2977068634067,-25.19720000928323,0.06299300002320807,1.2598600004641616,103.40458627318662,-190.12545075485951,-0.12598600004641614,-28.346850010443557,-0.2645706000972574,39.05566001438901,0.12598600004641614,20.056971207388152,297.1145068077072,448.2977068634067,-0.12598600004641614,-0.031496500011604034,-448.2977068634067,-0.12598600004641614,69.24185676129747,0.12598600004641614,-0.031496500011604034,-0.031496500011604034,-0.031496500011604034,50.39440001856646,62.993000023208076,1.2598600004641616,93.33987778438726,-0.031496500011604034,133.9195701219927,6.299300002320807,-28.32162837832793,0.12598600004641614,0.06299300002320807,0.06299300002320807,236.74745343634495,39.05566001438901,0.12598600004641614,-39.05566001438901,1.2598600004641616,0.12598600004641614,-93.33987778438726,0.12598600004641614,0.5039440001863262,0.6299300002329093,0.06299300002320807,0.031496500011604034,37.79580001392485,-0.12598600004641614,271.9674308182519,1.2598600004641616,-186.6797555687745,3.1496500011604045,-12.59860000464164,25.19720000928323,6.299300002320807,-0.12598600004641614,218.66880727314157,0.1889790000696242,-0.12598600004641614,-473.4949068726899,39.05566001438901,305.20393632773096,0.06299300002320807,56.64325675665586,-0.12598600004641614,-0.12598600004641614,-0.12598600004641614,0.06299300002320807,351.5009401295011,-25.19720000928323,0.12598600004641614,206.80917254637325,-0.031496500011604034,-0.13858460005099005,-206.80917254637325,18.89790000696242,12.72458600468803,-308.7007108931469,351.5009401295011,-0.0944895000348121,28.346850010443557,190.12545075485951,0.12598600004641614,-0.031496500011604034,6.2993000023208126,125.98600004641614,-0.06299300002320807,-0.12598600004641614,0.031496500011604034,1000.0,0.0,-757.4185072536143,0.0,-1000.0,0.0,-50.39440001856646,-1000.0,0.0,237.33846416793622,-364.2559390359371,956.1930346732468,-1000.0,-118.66923208396811,500.0,182.12796951796855,0.0,500.0,0.0,-220.05822785478952,1000.0,-956.1930346732468,-220.05822785478952,50.39440001856646,-180.05375341545763,0.0,1496.5981,bhi
199,0.0,0.0,0.0,0.0,0.0,0.0,0.0,0.0,-0.16807822151368598,0.0,0.0,0.0,0.0,0.0,0.0,0.0,607.1298891101584,0.0,0.0,-227.43416998364114,0.0,0.0,0.0,389.81487782453047,0.0,0.0,0.0,0.0,0.0,-724.8378558726272,0.0,0.0,0.0,0.0,0.0,0.0,0.0,367.82888720955265,0.0,-1000.0,390.67845494005087,0.0,0.0,0.0,0.0,0.0,705.0675569552947,0.0,-882.2920332375312,0.0,0.0,-1000.0,0.0,0.18488604366522082,0.0,0.0,0.0,0.0,0.0,0.0,103.87762592856194,0.0,596.8290289951251,344.6675110140859,0.0,0.0,0.0,0.0,0.0,0.0,0.0,1.6807822151368597,0.0,0.0,0.0,0.0,0.0,0.0,0.0,0.0,0.0,0.0,0.0,0.0,100.84693290821158,0.0,0.0,520.4426919524818,806.0453743198218,-1000.0,95.8998974892545,0.0,0.0,468.2625896028918,50.42346645410579,0.0,50.42346645410579,0.0,138.52405116722204,0.0,0.0,8.403911075684299,-724.8378558726272,0.0,0.0,-283.2118337669677,0.0,0.0,0.0,0.0,0.0,0.0,0.0,0.0,0.0,0.0,0.0,0.0,0.0,0.0,0.0,0.0,0.0,0.0,-755.2781181973611,0.0,0.0,50.42346645410579,0.0,52.10424866924265,0.0,0.0,0.0,901.6911711911324,-901.6911711911324,901.6911711911324,0.0,0.0,0.0,-356.0391439096012,0.0,0.0,0.0,0.0,0.0,12.942023056553813,0.16807822151368598,95.94191704463292,0.0,0.0,0.0,-637.8803275847308,0.0,0.0,0.0,0.0,1000.0,0.0,0.0,0.0,0.0,0.0,295.10052126621906,295.10052126621906,0.0,0.0,0.0,0.0,0.0,0.0,0.0,295.26859948773273,0.0,0.0,0.0,144.9200626918256,0.0,0.0,0.0,0.0,0.0,0.0,0.0,0.0,0.0,0.0,-377.4206498732941,0.0,0.0,0.0,0.0,-350.3850843281041,0.0,0.0,0.0,0.0,0.0,0.0,1000.0,193.9546256801782,-193.9546256801782,356.0391439096012,0.0,0.0,0.0,0.0,0.0,0.0,0.0,774.3860492116313,0.0,0.0,0.0,0.0,0.0,0.0,0.0,0.0,0.0,0.0,0.0,0.0,0.0,78.02098477332275,121.88012650490123,0.0,0.0,0.0,0.0,0.0,-69.50766317367305,0.0,0.0,0.0,0.0,103.87762592856194,0.0,0.0,0.0,0.0,0.0,0.0,0.0,0.0,0.0,5.4121187327398275,33.615644302737195,0.0,0.0,-661.2020510133594,-49.11130237371566,832.1052843951288,0.0,0.0,0.0,0.0,356.0391439096012,0.0,0.0,0.0,0.0,-135.61919806142134,0.0,0.0,130.28753373717893,0.0,1000.0,-869.7124662628212,1000.0,0.0,1000.0,0.0,-671.6302030184136,0.0,0.0,182.4067572872557,0.0,0.0,0.0,0.0,0.0,0.0,0.0,1000.0,0.0,0.0,309.4431065776999,0.0,0.0,0.0,103.87762592856194,-0.25211733227052896,0.0,0.0,0.0,0.0,0.16807822151368598,0.0,0.0,0.0,8.018018405330395,607.1298891101584,0.0,-720.8096777183301,-227.7369050199244,0.0,441.10192139415665,0.0,218.0431545775384,0.0,-283.2118337669677,0.0,0.0,0.0,-14.471534872328528,0.0,-203.57161970520986,-542.0627054402788,-1000.0,0.0,0.0,0.0,0.0,0.0,0.0,0.0,0.0,0.0,0.0,0.0,0.0,0.0,0.0,0.0,0.0,0.0,-631.4987999043922,0.0,-1000.0,0.0,0.0,0.0,0.0,0.0,0.0,-18.354141789293642,0.0,138.52405116722204,0.0,0.0,0.0,0.0,0.0,-1000.0,-97.95195553784224,0.0,-416.908448869687,-8.403911075684299,-802.4185029759858,779.6727974130175,0.0,991.5960889243157,0.0,93.75000000000009,0.0,-70.21585272127686,0.0,0.0,1000.0,-821.3291318030983,50.42346645410579,0.0,0.0,0.0,729.6866147734756,0.0,0.0,0.0,-78.02098477332275,78.02098477332275,78.02098477332275,519.9095746907549,0.0,0.0,0.0,0.0,0.0,0.0,0.0,0.0,-148.2838920524773,0.0,-656.2499999999898,0.0,0.0,0.0,0.0,0.0,-566.4236675339354,0.3361564430274842,0.0,0.0,0.0,0.0,0.0,0.0,0.0,0.0,0.0,0.0,0.0,0.0,0.0,0.0,0.0,0.0,0.0,0.0,0.0,0.18488604366522082,0.18488604366522082,0.0,145.29294739530056,0.0,100.84693290821158,0.0,0.0,0.0,1000.0,0.0,0.0,0.0,0.0,0.0,1000.0,-1000.0,0.0,0.0,0.0,0.0,0.0,0.0,0.0,0.0,0.0,0.0,0.0,0.0,0.0,251.7593727324537,-8.018018405330395,637.8803275847308,0.0,12.942023056553813,0.0,0.0,468.2625896028918,181.73110886696367,0.0,1000.0,0.0,433.5763324660646,0.0,0.0,0.0,78.02098477332275,0.0,0.0,0.0,0.0,0.0,0.0,0.0,0.0,0.0,0.0,0.0,0.0,0.0,100.84693290821158,356.0391439096012,356.0391439096012,0.0,0.0,0.0,0.0,0.0,0.0,0.0,0.0,0.0,0.0,1.6807822151368597,0.0,0.0,0.0,0.0,0.0,1000.0,0.0,0.0,50.42346645410579,0.0,0.0,0.0,0.0,0.0,0.0,0.0,0.0,0.0,0.0,440.57450072166364,0.0,0.0,50.42346645410579,50.42346645410579,-615.2714955104681,-1000.0,0.0,0.0,0.0,0.0,0.0,0.0,0.0,266.900561312906,0.0,404.62073714324845,0.16807822151368598,0.0,0.0,-778.0286973166757,1000.0,0.0,0.0,-468.2625896028918,0.0,0.0,0.0,0.0,0.0,0.0,0.0,0.0,0.0,0.0,0.0,0.0,0.0,0.0,0.16807822151368598,0.0,0.0,0.0,1000.0,-1000.0,0.0,0.0,0.0,0.0,0.0,120.1699093779284,0.0,0.0,-368.5012000956078,-12.60586661352645,-8.403911075684306,0.0,0.0,0.0,0.0,0.0,0.0,0.0,0.0,0.0,0.0,0.0,0.0,356.0391439096012,0.0,0.0,0.0,-812.925220727414,0.0,0.0,0.0,-0.16807822151368598,0.0,0.0,0.16807822151368598,0.0,0.16807822151368598,0.0,0.0,0.0,100.84693290821158,205.0554302466969,205.0554302466969,0.0,0.0,0.0,0.0,0.0,0.0,0.0,637.8803275847308,0.0,0.0,0.0,0.0,0.0,0.0,0.0,0.0,0.0,0.0,0.0,0.0,0.0,0.0,0.0,0.0,0.0,0.0,0.0,286.53148073592814,0.0,-4.0254745918445565,4.0254745918445565,0.25211733227052896,0.0,0.0,0.0,-50.42346645410579,0.0,0.0,0.0,0.0,0.0,-145.29294739530056,8.403911075684299,0.0,0.0,0.0,0.0,0.0,18.354141789293642,0.0,0.0,-656.2499999999898,0.0,0.0,0.0,0.0,0.0,356.0391439096012,0.0,0.0,510.08216389533686,67.2719626219778,0.0,180.12433139037398,-283.2118337669677,0.0,0.0,138.52405116722204,-138.52405116722204,0.0,-205.0554302466969,0.0,8.403911075684306,346.7471842649065,0.0,0.0,0.0,-148.2838920524773,0.0,0.0,0.0,0.0,0.0,0.0,0.0,0.0,0.0,535.3194638821211,-183.1105472358799,205.0554302466969,0.0,0.0,0.0,0.0,0.0,0.0,0.0,0.0,0.0,5.4121187327398275,0.0,0.0,0.0,-221.97130268332432,0.0,0.0,50.42346645410579,0.0,0.0,0.0,0.0,116.77245142124127,0.0,0.0,0.18488604366522082,0.0,0.0,0.0,102.52771512334844,0.0,0.0,0.0,0.0,121.88012650490123,0.0,0.0,0.0,0.0,0.0,0.0,0.0,0.0,0.0,0.0,0.016807822151368598,0.016807822151368598,0.0,0.0,0.0,0.0,0.0,0.0,0.0,0.0,0.0,-778.0286973166757,0.0,0.0,0.0,0.0,0.0,145.29294739530056,0.0,0.0,0.0,0.0,0.0,0.0,0.0,0.0,0.0,0.0,0.0,0.0,432.90337198073087,0.0,0.0,0.0,0.0,0.0,100.84693290821158,0.0,0.0,0.0,0.0,0.0,0.0,-100.84693290821158,0.0,0.0,0.0,0.0,0.0,0.0,0.0,0.0,0.0,0.0,0.0,0.0,-404.62073714324845,-1000.0,115.13358173687489,0.0,-50.42346645410579,0.0,367.82888720955265,0.0,0.0,0.0,0.0,0.0,0.0,0.0,0.0,0.0,0.0,0.0,0.0,0.0,0.0,0.0,0.0,0.0,-21.009777689210758,356.0391439096012,-12.60586661352645,170.50468062235345,0.0,0.0,0.0,0.0,0.0,0.0,-2.1009777689210747,148.2838920524773,0.0,0.0,0.0,0.0,0.0,0.0,0.0,1000.0,50.42346645410579,50.42346645410579,0.0,0.0,0.0,0.0,0.0,0.18488604366522082,145.29294739530056,0.0,0.0,-367.82888720955265,0.0,0.0,0.0,0.0,0.0,0.0,0.0,0.0,0.0,0.0,0.0,0.0,0.0,0.0,2.0127372959222782,0.0,0.0,0.0,0.0,176.48213258937028,12.942023056553813,0.0,0.0,0.0,0.0,0.0,145.29294739530056,0.0,-26.758052864977948,0.0,0.0,0.0,-21.009777689210758,0.0,0.0,0.0,0.0,0.0,0.0,0.0,0.0,0.0,0.0,0.0,0.0,0.0,0.0,0.0,0.0,0.0,0.0,-0.16807822151368598,0.0,0.0,8.403911075684299,-1000.0,0.0,0.0,0.0,0.0,356.0391439096012,0.0,0.0,0.0,14.471534872328528,4.201955537842148,0.0,0.0,0.0,0.16807822151368598,0.0,168.07822151368597,-52.104248669242644,33.615644302737195,1.200558725097757,468.9382380231838,-0.12605866613526448,8.403911075684299,3.3615644302737198,-0.840391107568867,-468.9382380231838,50.42346645410579,-0.16807822151368598,94.40394458898923,0.0,0.042019555378421496,1.200558725097757,-283.2118337669677,-26.758052864977948,-3.3615644302737198,-379.69571912651725,-0.16807822151368598,0.042019555378421496,-468.9382380231838,16.807822151368597,0.16807822151368598,0.16807822151368598,-144.93998313012165,0.18488604366505457,0.0,-0.12605866613526448,50.42346645410579,0.16807822151368598,50.42346645410579,-84.03911075684299,-0.08403911075684299,-433.5763324660646,52.53176280079077,-0.12605866613526448,-0.16807822151368598,-52.104248669242644,0.16807822151368598,16.807822151368597,-3.3615644302737198,286.53148073592814,286.53148073592814,-16.807822151368597,379.69571912651725,-286.53148073592814,33.615644302737195,0.25211733227052896,-1000.0,16.807822151368597,-251.7593727324537,0.0,-33.615644302737195,0.08403911075684299,1.6807822151368597,180.20241942958253,100.887606924715,-0.16807822151368598,-183.1105472358799,144.93998313012165,52.10424866924265,0.16807822151368598,26.758052864977948,-201.6938658164234,0.0,-0.16807822151368598,-0.042019555378421496,0.0,-0.16807822151368598,-566.4236675339354,0.16807822151379967,-0.042019555378421496,-0.042019555378421496,-0.042019555378421496,67.23128860547439,84.03911075684299,1.6807822151368597,258.5648637595714,-0.042019555378421496,266.0008942701758,8.403911075684299,291.61574484265196,0.16807822151368598,0.08403911075684299,0.08403911075684299,16.807822151368597,52.104248669242644,0.16807822151368598,-52.104248669242644,1.6807822151368597,0.16807822151368598,-526.6446865508187,0.16807822151368598,0.672312886055181,0.840391107568867,0.08403911075684299,0.042019555378421496,50.42346645410579,-0.16807822151368598,0.0,1.6807822151368599,-517.1297275191428,4.201955537842149,-16.807822151368597,33.615644302737195,8.403911075684299,-0.16807822151368598,283.2118337669677,0.25211733227052896,-0.16807822151368598,-33.615644302737195,52.104248669242644,150.44307275805193,0.08403911075684299,-583.2314896853039,-0.16807822151368598,-0.16807822151379967,-0.16807822151368598,0.08403911075684299,468.9382380231838,-33.615644302737195,0.16807822151368598,360.40483885916507,-0.042019555378421496,-0.18488604366505457,-360.40483885916507,25.211733227052896,-52.53176280079077,337.6975654994825,468.9382380231838,-0.12605866613526448,183.1105472358799,-100.887606924715,0.16807822151368598,-0.04201955537842149,8.403911075684306,168.07822151368597,-0.08403911075684299,-0.16807822151368598,0.042019555378421496,364.5348078020196,0.0,999.9159608892431,268.07982279124735,-753.5868328521644,0.0,155.86155048498858,-286.92636246242034,0.0,893.9870885768024,-1000.0,424.14035189161973,0.0,-446.9935442884012,376.7934164260822,500.0,0.0,143.46318123121017,-145.29294739530056,-267.2155241792932,0.0,-424.14035189161973,-267.2155241792932,-155.86155048498858,170.37379707502168,0.0,1496.5981,bhi
200,0.0,0.0,0.0,0.0,0.0,0.0,0.0,0.0,347.95465207439855,0.0,0.0,0.0,0.0,0.0,0.0,0.0,0.0,482.76229454141696,0.0,0.0,0.0,0.0,0.0,0.0,0.0,511.3669735566981,0.0,0.0,0.0,-787.982571638742,0.0,0.0,761.2596371102619,0.0,0.0,0.0,0.0,-0.6200000945549817,0.0,-1000.0,953.4999929083697,0.0,0.0,0.0,0.0,0.0,389.9480173871503,0.0,0.0,-273.88140184662126,0.0,0.0,0.0,0.17050002600279798,0.0,0.0,0.0,31.000004727753577,0.0,0.0,43.86747267828118,0.0,0.0,-128.68595160192535,0.0,0.0,0.0,0.0,0.0,728.3301167649594,0.0,1.550000236387679,0.0,0.0,0.0,0.0,0.0,0.0,0.0,0.0,0.0,0.0,0.0,0.0,93.00001418326073,0.0,0.0,242.96796806209954,239.79432647931742,0.0,-0.03875000590969197,0.0,0.0,0.0,46.500007091630366,0.0,46.500007091630366,-4.991000761168954,0.0,0.0,0.0,996.1249994090308,-787.982571638742,0.0,0.0,-90.77025132974241,0.0,0.0,0.0,0.0,0.0,0.0,0.0,0.0,0.0,0.0,0.0,0.0,0.0,0.0,0.0,0.0,0.0,0.0,-973.3004880381795,0.0,0.0,46.500007091630366,0.0,48.05000732801804,5.396073732118907,0.0,0.0,0.0,0.0,0.0,0.0,0.0,0.0,-172.55342428020654,0.0,0.0,0.0,0.0,0.0,11.935001820185127,0.1550000236387679,0.0,0.0,0.0,-37.92490907848778,37.92490907848778,0.0,0.0,0.0,0.0,854.1987043988996,0.0,0.0,0.0,0.0,0.0,610.2069826364885,610.2069826364885,0.0,0.0,0.0,0.0,-487.6947829946363,0.0,0.0,610.3619826601273,0.0,0.0,0.0,157.9713034055,0.0,0.0,0.0,0.0,0.0,0.0,0.0,0.0,0.0,0.0,-79.05247804428149,0.0,0.0,0.0,0.0,539.2414709399175,0.0,0.0,0.0,0.0,0.0,273.88140184662126,0.0,-239.79432647931742,239.79432647931742,172.55342428020654,0.0,0.0,0.0,0.0,0.0,0.0,0.0,-421.53496567562127,0.0,0.0,0.0,0.0,0.0,0.0,0.0,0.0,0.0,0.0,0.0,0.0,0.0,0.0,-878.6374558901588,787.982571638742,0.0,0.0,0.0,0.0,-172.55342428020654,0.0,0.0,0.0,0.0,43.86747267828118,787.982571638742,0.0,0.0,0.0,0.0,0.0,0.0,0.0,0.0,0.0,0.0,0.0,0.0,-479.58865295863484,0.0,3.1736415827821247,0.0,-787.982571638742,0.0,0.0,172.55342428020654,831.8500443170232,0.0,0.0,0.0,63.8014737808478,0.0,0.0,-122.1752642581431,0.0,533.2410326044368,-655.4162968625799,533.2410326044368,0.0,0.0,0.0,0.0,273.88140184662126,0.0,443.2422134164002,0.0,0.0,0.0,-927.1884804500153,0.0,927.1884804500153,0.0,1000.0,0.0,0.0,0.0,0.0,0.0,0.0,43.86747267828118,-0.23250003545815182,0.0,0.0,0.0,0.0,0.1550000236387679,0.0,0.0,0.0,-585.7414780315478,0.0,0.0,-425.7687405574684,-271.7197073292265,0.0,1000.0,0.0,222.05303386489902,0.0,-90.77025132974241,0.0,0.0,0.0,-13.345502035298068,0.0,-208.70753182960095,-1000.0,-1000.0,0.0,0.0,0.0,0.0,0.0,0.0,0.0,0.0,0.0,0.0,0.0,0.0,0.0,0.0,0.0,0.0,0.0,-1000.0,0.0,-1000.0,0.0,0.0,0.0,784.1763692045206,0.0,0.0,-11.935001820185127,0.0,0.0,0.0,0.0,988.3749982270924,0.0,0.0,-193.94605806003324,0.0,0.0,0.0,350.1003943603687,0.0,0.0,0.0,-700.0796268377117,1000.0,-3.875000590969197,-357.85039554230707,-256.16385152789064,0.0,-382.23191422185874,-441.5667763799057,929.8107543018414,46.500007091630366,0.0,0.0,0.0,0.0,0.0,348.1096520980373,0.0,0.0,0.0,0.0,-2.941605704528456,0.0,0.0,0.0,0.0,0.0,0.0,0.0,0.0,-84.81847892364418,0.0,0.0,0.0,0.0,0.0,0.0,0.0,-925.1374629817891,0.3100000472774411,0.0,0.0,0.0,0.0,0.0,0.0,0.0,0.0,0.0,505.98048452403265,0.0,0.0,0.0,0.0,0.0,0.0,0.0,0.0,0.0,0.17050002600279798,0.17050002600279798,0.0,252.9331314025842,0.0,93.00001418326073,0.0,0.0,0.0,1000.0,0.0,0.0,0.0,0.0,0.0,1000.0,-1000.0,0.0,0.0,0.0,0.0,0.0,0.0,0.0,0.0,0.0,0.0,0.0,0.0,0.0,324.4334960127265,585.7414780315478,0.0,0.0,11.935001820185127,0.0,0.0,0.0,0.0,0.0,1000.0,0.0,74.8625370182109,0.0,0.0,0.0,0.0,0.0,0.0,0.0,0.0,0.0,0.0,0.0,0.0,0.0,0.0,0.0,0.0,0.0,93.00001418326073,172.55342428020654,172.55342428020654,0.0,0.0,0.0,0.0,0.0,0.0,0.0,0.0,0.0,0.0,1.550000236387679,0.0,0.0,0.0,0.0,0.0,0.0,0.0,0.0,46.500007091630366,0.0,0.0,0.0,0.0,0.0,0.0,0.0,0.0,0.0,0.0,859.5950485483626,-1000.0,0.0,46.500007091630366,46.500007091630366,1000.0,-1000.0,0.0,0.0,0.0,0.0,0.0,0.0,0.0,787.982571638742,0.0,1000.0,0.1550000236387679,0.0,0.0,183.11537914703703,0.0,1000.0,0.0,0.0,0.0,0.0,0.0,0.0,0.0,0.0,0.0,0.0,0.0,0.0,0.0,0.0,0.0,0.0,0.1550000236387679,0.0,0.0,0.0,0.0,0.0,0.0,0.0,0.0,0.0,0.0,0.0,0.0,0.0,-11.935001820185127,-11.62500177290758,0.0,-7.750001181938394,0.0,0.0,0.0,0.0,0.0,0.0,0.0,0.0,0.0,0.0,0.0,172.55342428020654,0.0,0.0,0.0,555.3288412619211,0.0,0.0,0.0,347.95465207439855,0.0,0.0,0.1550000236387679,0.0,0.1550000236387679,0.0,222.34963224092672,0.0,93.00001418326073,189.1000288392968,189.1000288392968,0.0,0.0,0.0,0.0,0.0,0.0,0.0,0.0,0.0,0.0,0.0,0.0,0.0,0.0,0.0,0.0,0.0,0.0,0.0,0.0,0.0,0.0,0.0,0.0,0.0,0.0,0.0,0.0,0.0,-1000.0,1000.0,0.23250003545815182,0.0,0.0,0.0,-46.500007091630366,0.0,0.0,0.0,0.0,0.0,-252.9331314025842,7.750001181938394,0.0,0.0,0.0,0.0,487.6947829946363,0.0,-7.750001181938394,0.0,0.0,0.0,0.0,0.0,0.0,0.0,172.55342428020654,0.0,0.0,-732.1669279479294,252.9331314025842,0.0,597.8400372792247,909.2297486702575,11.935001820185127,-11.935001820185127,0.0,0.0,0.0,642.7500154777264,0.0,7.750001181938394,1000.0,0.0,265.1055872406354,0.0,-84.81847892364418,0.0,0.0,0.0,0.0,0.0,0.0,0.0,0.0,0.0,343.61061121977326,-287.80813672130694,189.1000288392968,0.0,0.0,0.0,0.0,0.0,0.0,0.0,0.0,0.0,0.0,0.0,0.0,0.0,-689.0958636710697,-215.39891661440103,0.0,46.500007091630366,0.0,0.0,0.0,0.0,-174.8609436954449,0.0,0.0,0.17050002600279798,0.0,0.0,0.0,94.5500144196484,0.0,0.0,0.0,0.0,-878.6374558901588,0.0,0.0,0.0,0.0,0.0,0.0,0.0,0.0,-764.3154007764984,0.0,145.05769633166608,0.015500002363876789,0.0,0.0,0.0,0.0,0.0,0.0,0.0,0.0,0.0,183.11537914703703,0.0,0.0,0.0,0.0,0.0,252.9331314025842,0.0,0.0,0.0,0.0,0.0,0.0,0.0,273.88140184662126,0.0,0.0,0.0,0.0,0.0,0.0,482.76229454141696,0.0,0.0,0.0,93.00001418326072,0.0,0.0,0.0,0.0,0.0,855.8635316935791,-948.8635458768399,0.0,0.0,0.0,0.0,0.0,0.0,0.0,0.0,0.0,0.0,0.0,0.0,-1000.0,-1000.0,106.175016192556,0.0,-46.500007091630366,0.0,-0.6200000945549817,0.0,0.0,0.0,0.0,0.0,0.0,0.0,0.0,0.0,15.625000000000002,0.0,-15.625,-15.625,0.0,0.0,0.0,0.0,-19.375002954845975,172.55342428020654,-1000.0,276.18313494839936,0.0,0.0,0.0,0.0,0.0,-1.9375002954845988,0.0,84.81847892364418,0.0,0.0,0.0,0.0,0.0,0.0,0.0,1000.0,46.500007091630366,46.500007091630366,0.0,0.0,0.0,0.0,0.0,0.17050002600279798,252.9331314025842,0.0,0.0,0.6200000945549817,145.04219632930221,0.0,0.0,0.0,0.0,0.0,0.0,0.0,0.0,0.0,0.0,0.0,0.0,0.0,355.49132934211434,0.0,0.0,5.396073732118907,0.0,162.75002482070627,0.0,0.0,11.935001820185127,0.0,0.0,0.0,252.9331314025842,0.0,-4.991000761168954,0.0,0.0,0.0,-19.375002954845975,0.0,0.0,0.0,0.0,0.0,0.0,0.0,0.0,0.0,0.0,0.0,0.0,0.0,0.0,0.0,0.0,0.0,0.0,-0.1550000236387679,0.0,0.0,7.750001181938394,-1000.0,0.0,0.0,0.0,0.0,172.55342428020654,0.0,0.0,0.0,13.345502035298068,3.875000590969197,0.0,0.0,511.3669735566981,0.1550000236387679,0.0,155.00002363876789,-42.6539335958991,31.000004727753577,1.1071430259911992,443.2422134164002,-0.11625001772907591,894.0256848977449,3.100000472775358,-0.7750001181937496,-443.2422134164002,46.500007091630366,-0.1550000236387679,30.25675044324747,0.0,0.03875000590969197,1.1071430259911992,-90.77025132974241,-24.676003763292478,-3.100000472775358,-482.76229454141696,-0.1550000236387679,0.03875000590969197,-443.2422134164002,15.500002363876789,0.1550000236387679,0.1550000236387679,-252.60763135294263,0.17050002600263284,-504.85659743256593,-0.11625001772907591,46.500007091630366,0.1550000236387679,46.500007091630366,-77.50001181938394,-0.07750001181938394,-167.8016043068488,156.89842189269098,-0.11625001772907591,-0.1550000236387679,-42.6539335958991,0.1550000236387679,15.500002363876789,-3.100000472775358,0.0,0.0,-15.500002363876789,482.76229454141696,0.0,31.000004727753577,0.23250003545815182,-1000.0,15.500002363876789,-324.4334960127265,0.0,-31.000004727753577,0.07750001181938394,1.550000236387679,106.4421851393671,283.93313613033774,-0.1550000236387679,-287.80813672130694,252.60763135294263,48.05000732801804,0.1550000236387679,24.676003763292478,-186.0000283665213,0.0,-0.1550000236387679,-0.03875000590969197,0.0,-0.15500002363876803,-925.1374629817891,0.1550000236387582,-0.03875000590969197,-0.03875000590969197,-0.03875000590969197,62.000009455507154,77.50001181938394,1.550000236387679,354.51371897495545,-0.03875000590969197,182.6276198354867,7.750001181938394,470.31873267283294,0.1550000236387679,0.07750001181938394,0.07750001181938394,15.500002363876789,42.6539335958991,0.1550000236387679,-42.6539335958991,1.550000236387679,0.1550000236387679,-833.8698718981321,0.1550000236387679,0.6200000945549817,0.7750001181937496,0.07750001181938394,0.03875000590969197,46.500007091630366,-0.1550000236387679,504.85659743256593,1.550000236387679,-709.0274379499109,890.1506843067757,-15.500002363876789,31.000004727753577,7.750001181938394,-0.1550000236387679,90.77025132974241,0.23250003545815182,-0.1550000236387679,-31.000004727753577,42.6539335958991,452.5720684159818,0.07750001181938394,-940.6374653456659,-0.1550000236387679,-0.1550000236387582,-0.1550000236387679,0.07750001181938394,443.2422134164002,-31.000004727753577,0.1550000236387679,212.8843702787342,-0.03875000590969197,-0.17050002600263284,-212.8843702787342,23.250003545815183,-156.89842189269098,851.2520280273602,443.2422134164002,-0.11625001772907591,287.80813672130694,-283.93313613033774,0.1550000236387679,-0.03875000590969198,7.750001181938394,155.00002363876789,-0.07750001181938394,-0.1550000236387679,0.03875000590969197,0.0,0.0,999.9224999881806,479.3561529231767,913.9039322568328,0.0,55.046343253807436,144.54461103757873,0.0,835.4631341525304,-937.2881476934826,-628.8400420069783,0.0,-417.7315670762652,-456.9519661284164,468.6440738467413,0.0,-72.27230551878937,-252.9331314025842,-277.7111247205369,0.0,628.8400420069783,-277.7111247205369,-55.046343253807436,112.77318462822598,0.0,1496.5981,bhi
201,0.0,0.0,0.0,0.0,0.0,0.0,0.0,0.0,-0.17399030865051462,0.0,0.0,0.0,0.0,0.0,0.0,0.0,-64.9509849272457,328.2359758343328,0.0,0.0,0.0,0.0,0.0,535.7873967698814,0.0,0.0,0.0,0.0,0.0,64.9509849272457,0.0,0.0,950.565655271762,0.0,0.0,0.0,0.0,969.5284972783426,0.0,-1000.0,592.7627543546523,0.0,0.0,562.4380985213367,0.0,0.0,0.0,0.0,0.0,-485.0034321205983,0.0,0.0,0.0,0.1913893395157382,0.0,0.0,0.0,34.79806173010293,0.0,0.0,-23.79610994528931,0.0,0.0,-23.79610994528931,0.0,0.0,0.0,0.0,0.0,0.0,0.0,1.7399030865051464,0.0,0.0,0.0,0.0,0.0,0.0,0.0,0.0,0.0,0.0,0.0,0.0,104.39418519030879,0.0,8.47336343013535,665.7280207847307,605.0493770994821,-72.44339190437131,-0.043497577162628656,0.0,0.0,0.0,52.197092595154395,0.0,52.197092595154395,0.0,0.0,0.0,0.0,8.699515432525732,64.9509849272457,0.0,0.0,-275.0398980316021,0.0,0.0,0.0,0.0,0.0,0.0,0.0,0.0,0.0,0.0,0.0,0.0,0.0,0.0,0.0,0.0,0.0,0.0,-409.9189645663644,0.0,0.0,52.197092595154395,0.0,53.93699568165955,0.0,0.0,205.53297983611202,0.0,-205.53297983611202,205.53297983611202,958.8496631028373,1000.0,-1000.0,-958.8496631028373,0.0,0.0,0.0,0.0,0.0,21.87061719622519,0.17399030865051462,0.0,0.0,0.0,0.0,-730.6275687294398,0.0,0.0,0.0,0.0,1000.0,0.0,0.0,0.0,0.0,0.0,132.79618371931926,132.79618371931926,0.0,0.0,0.0,0.0,0.0,0.0,0.0,132.9701740279698,0.0,0.0,0.0,-0.9105398406999825,-1000.0,0.0,0.0,0.0,0.0,0.0,0.0,0.0,0.0,0.0,-1000.0,0.0,0.0,0.0,0.0,-1000.0,0.0,0.0,0.0,0.0,0.0,485.0034321205983,0.0,-532.6059851951107,532.6059851951107,0.0,0.0,0.0,0.0,0.0,0.0,0.0,0.0,-21.748788581314336,0.0,0.0,0.0,0.0,0.0,0.0,0.0,0.0,0.0,0.0,0.0,0.0,0.0,0.0,578.4481774684012,0.0,0.0,0.0,0.0,0.0,153.0759724459701,0.0,0.0,0.0,0.0,-23.79610994528931,-562.4380985213367,0.0,0.0,0.0,0.0,0.0,0.0,0.0,0.0,230.62452173495922,0.0,0.0,0.0,-137.6553622945928,1000.0,133.12203558961994,0.0,0.0,0.0,0.0,0.0,212.26817655362788,0.0,0.0,0.0,220.72971107173794,0.0,0.0,-1000.0,0.0,472.85683162041454,-1000.0,0.0,472.85683162041454,72.44339190437131,0.0,-870.0980301455086,485.0034321205983,0.0,332.35698868896577,0.0,0.0,0.0,-201.37820162967887,0.0,201.37820162967887,0.0,107.20210312026269,0.0,0.0,85.73802495759432,0.0,0.0,0.0,-23.79610994528931,-0.26098546297577196,0.0,0.0,0.0,0.0,0.17399030865051462,0.0,0.0,0.0,564.1024132239163,-64.9509849272457,0.0,-415.06807869769676,205.0601491958394,1000.0,644.9598469498067,0.0,14.98056557480948,0.0,-275.0398980316021,0.0,0.0,0.0,-14.98056557480948,0.0,0.0,130.51912808210585,-1000.0,0.0,0.0,0.0,0.0,0.0,0.0,0.0,0.0,0.0,0.0,0.0,0.0,0.0,0.0,0.0,0.0,0.0,-29.77554148705577,0.0,-1000.0,0.0,0.0,225.0220337964165,0.0,207.59735269297695,0.0,-252.49513893118439,0.0,0.0,0.0,0.0,0.0,0.0,0.0,0.0,-4.349757716262866,0.0,-536.3759081277907,0.0,0.0,-234.277950597918,0.0,-8.699515432525732,139.19224692041175,0.0,-8.699515432525732,0.0,0.0,-113.09370062283453,0.0,0.0,52.197092595154395,0.0,0.0,0.0,0.0,0.0,0.0,0.0,0.0,0.0,0.0,240.03220123459283,0.0,0.0,0.0,0.0,0.0,0.0,0.0,0.0,-30.64549303030792,0.0,0.0,0.0,0.0,0.0,0.0,0.0,-204.37648385619283,0.3479806173008364,0.0,0.0,0.0,0.0,0.0,0.0,0.0,0.0,0.0,0.0,0.0,0.0,0.0,0.0,0.0,0.0,0.0,0.0,0.0,0.1913893395157382,0.1913893395157382,0.0,221.13645515465913,0.0,104.39418519030879,0.0,0.0,0.0,1000.0,0.0,0.0,8.47336343013535,0.0,0.0,552.4290474187594,-1000.0,0.0,0.0,0.0,0.0,0.0,0.0,0.0,0.0,0.0,0.0,0.0,0.0,0.0,136.6396548554548,-564.1024132239163,730.6275687294398,0.0,21.87061719622519,0.0,0.0,0.0,-153.0759724459701,0.0,552.4290474187594,0.0,0.0,348.05256356256655,0.0,0.0,0.0,0.0,0.0,0.0,0.0,0.0,0.0,0.0,0.0,0.0,0.0,0.0,0.0,0.0,104.39418519030879,0.0,0.0,0.0,0.0,0.0,0.0,0.0,0.0,0.0,0.0,0.0,0.0,1.7399030865051464,0.0,0.0,8.47336343013535,-8.47336343013535,0.0,0.0,0.0,0.0,52.197092595154395,0.0,0.0,0.0,0.0,0.0,0.0,0.0,0.0,0.0,0.0,765.8025848058618,0.0,0.0,52.197092595154395,52.197092595154395,1000.0,-1000.0,0.0,0.0,0.0,0.0,0.0,0.0,0.0,733.5514000930082,0.0,1000.0,0.17399030865051462,0.0,0.0,0.0,229.77905833138328,229.45073912454063,0.0,0.0,0.0,0.0,0.0,0.0,0.0,0.0,0.0,0.0,0.0,0.0,0.0,0.0,0.0,0.0,0.17399030865051462,0.0,0.0,0.0,0.0,0.0,0.0,0.0,0.0,0.0,-36.172620567293635,8.69951543252574,0.0,0.0,-970.2244585129442,-13.049273148788599,-8.69951543252574,0.0,0.0,0.0,0.0,0.0,0.0,0.0,0.0,0.0,0.0,0.0,0.0,0.0,1000.0,0.0,0.0,-104.39418519030879,0.0,0.0,0.0,-0.17399030865051462,0.0,0.0,0.17399030865051462,0.0,0.17399030865051462,0.0,0.0,0.0,104.39418519030879,212.26817655362788,212.26817655362788,0.0,0.0,0.0,0.0,0.0,0.0,0.0,730.6275687294398,0.0,0.0,0.0,0.0,0.0,0.0,0.0,0.0,0.0,0.0,0.0,0.0,0.0,0.0,0.0,0.0,0.0,0.0,0.0,153.0759724459701,0.0,0.0,0.0,0.26098546297577196,0.0,0.0,0.0,-52.197092595154395,0.0,0.0,0.0,0.0,0.0,-221.13645515465913,8.699515432525732,0.0,0.0,0.0,0.0,0.0,216.32251836389077,0.0,0.0,0.0,0.0,0.0,0.0,0.0,0.0,0.0,0.0,0.0,818.2595921960037,221.13645515465913,0.0,1000.0,-45.58915890706146,0.0,0.0,0.0,0.0,0.0,0.0,0.0,8.69951543252574,315.2959029687701,0.0,0.0,0.0,-47.59221989057862,0.0,0.0,0.0,0.0,0.0,0.0,0.0,0.0,0.0,973.9014537024229,0.0,212.26817655362788,0.0,0.0,0.0,0.0,0.0,0.0,0.0,0.0,0.0,230.62452173495922,0.0,0.0,260.2842746010249,-229.77905833138328,-1000.0,0.0,52.197092595154395,8.47336343013535,0.0,0.0,0.0,-81.84791619840388,0.0,0.0,0.1913893395157382,0.0,0.0,0.0,106.13408827681394,0.0,0.0,0.0,0.0,578.4481774684012,0.0,0.0,0.0,0.0,0.0,0.0,0.0,0.0,0.0,0.0,300.3697197536311,0.017399030865051963,0.0,0.0,0.0,0.0,0.0,0.0,0.0,0.0,0.0,0.0,0.0,0.0,0.0,0.0,0.0,221.13645515465913,0.0,0.0,0.0,0.0,0.0,0.0,0.0,485.0034321205983,0.0,0.0,0.0,16.9467268602707,0.0,-1000.0,328.2359758343328,0.0,0.0,0.0,104.39418519030879,0.0,0.0,0.0,0.0,0.0,0.0,-104.39418519030879,0.0,16.9467268602707,0.0,0.0,0.0,0.0,0.0,0.0,0.0,0.0,0.0,0.0,-1000.0,929.0215131023597,119.18336142560253,0.0,-52.197092595154395,0.0,969.5284972783426,0.0,0.0,0.0,0.0,0.0,0.0,0.0,0.0,0.0,0.0,0.0,0.0,0.0,0.0,0.0,0.0,0.0,-21.748788581314336,0.0,-13.049273148788599,-13.049273148788595,0.0,0.0,0.0,0.0,0.0,-2.1748788581314336,0.0,30.64549303030792,0.0,0.0,0.0,0.0,0.0,0.0,0.0,1000.0,52.197092595154395,52.197092595154395,0.0,0.0,0.0,0.0,0.0,0.1913893395157382,221.13645515465913,0.0,0.0,-969.5284972783426,300.352320722766,0.0,0.0,0.0,0.0,0.0,0.0,0.0,0.0,0.0,0.0,0.0,0.0,0.0,0.0,0.0,0.0,0.0,0.0,182.68982408304038,21.87061719622519,0.0,0.0,0.0,0.0,0.0,221.13645515465913,0.0,0.0,0.0,0.0,0.0,-21.748788581314336,0.0,0.0,0.0,0.0,0.0,0.0,0.0,0.0,0.0,0.0,0.0,0.0,0.0,0.0,0.0,0.0,0.0,0.0,-0.17399030865051462,0.0,0.0,8.699515432525732,-552.4290474187594,0.0,0.0,0.0,0.0,0.0,0.0,0.0,0.0,14.98056557480948,4.349757716262866,0.0,0.0,0.0,0.17399030865051462,0.0,173.99030865051463,-53.93699568165955,34.79806173010293,1.2427879189322475,485.43296113493597,-0.13049273148788598,8.699515432525732,3.479806173010293,-0.8699515432522276,-485.43296113493597,52.197092595154395,-0.17399030865051465,91.67996601053403,0.0,0.04349757716262866,1.2427879189322475,-275.0398980316021,-36.172620567293635,-3.479806173010293,-263.2849909070871,-0.17399030865051465,0.04349757716262866,-485.43296113493597,17.399030865051465,0.17399030865051465,0.17399030865051462,-220.77107550649288,-8.281974090619757,-375.41160394020994,-0.13049273148788598,52.197092595154395,0.17399030865051465,52.197092595154395,-86.99515432525732,-0.08699515432525733,-74.50859999658584,-170.6489936196721,-0.13049273148788598,-0.17399030865051465,-53.936995681659546,0.17399030865051462,17.399030865051465,-3.479806173010293,153.0759724459701,153.0759724459701,-17.399030865051465,263.2849909070871,-153.0759724459701,34.79806173010293,0.26098546297577196,222.47206359321694,17.399030865051465,-136.6396548554548,0.0,-34.79806173010293,0.08699515432525731,1.7399030865051464,103.76701967442419,255.93451688476205,-0.17399030865051462,-260.2842746010249,220.77107550649288,53.93699568165955,0.17399030865051465,36.172620567293635,-208.78837038061752,0.0,-0.17399030865051462,-0.043497577162628656,0.0,-0.17399030865051465,-204.37648385619283,0.1739903086505628,-0.043497577162628656,-0.043497577162628656,-0.043497577162628656,69.59612346020586,86.99515432525732,1.7399030865051464,128.90506992144583,-0.043497577162628656,115.85407333831435,8.699515432525732,110.88775736062215,0.17399030865051462,0.08699515432525731,0.08699515432525733,17.399030865051465,53.936995681659546,0.17399030865051462,-53.936995681659546,1.7399030865051464,0.17399030865051465,-128.90506992144583,0.17399030865051465,0.6959612346016286,0.8699515432522276,0.08699515432525733,0.04349757716262866,52.197092595154395,-0.17399030865051465,375.41160394020994,1.7399030865051466,-257.81013984289166,4.349757716262866,-17.399030865051465,34.79806173010293,8.699515432525732,-0.17399030865051465,275.0398980316021,0.26098546297577196,-0.17399030865051465,-34.79806173010293,53.936995681659546,428.38889712558415,0.08699515432525733,-221.7755147212443,-0.17399030865051465,-0.1739903086505628,-0.17399030865051465,0.08699515432525733,485.43296113493597,-34.79806173010293,0.17399030865051462,207.53403934884838,-0.043497577162628656,8.281974090619757,-207.53403934884838,26.098546297577194,170.6489936196721,-277.2544453790395,485.43296113493597,-0.13049273148788598,260.2842746010249,-255.93451688476205,0.17399030865051465,-0.043497577162628656,8.69951543252574,173.99030865051463,-0.08699515432525731,-0.17399030865051465,0.043497577162628656,0.0,0.0,-222.5590587475422,0.0,286.70176209996583,0.0,121.3311773364336,-1000.0,0.0,1000.0,-229.2411040576343,-304.17049300066316,0.0,-500.0,-143.35088104998292,114.62055202881714,0.0,500.0,-221.13645515465913,-346.54098092718027,0.0,304.17049300066316,-346.54098092718027,-121.3311773364336,156.36025842599983,0.0,1496.5981,bhi
202,0.0,0.0,0.0,0.0,0.0,0.0,0.0,0.0,-0.07927450452144166,0.0,0.0,0.0,0.0,0.0,0.0,0.0,163.78186580772353,-82.7993736979106,0.0,0.0,0.0,0.0,0.0,0.0,0.0,501.20795829603503,0.0,0.0,0.0,885.0991009920771,0.0,0.0,998.248033450076,0.0,0.0,0.0,0.0,168.651586676909,0.0,-706.7660237253162,976.2176486435675,0.0,0.0,0.0,0.0,0.0,0.0,0.0,0.0,0.0,0.0,824.7428140318394,0.0,0.08720195497366423,0.0,0.0,0.0,0.0,0.0,0.0,14.112465683365432,0.0,812.0965289650675,762.9272735037738,0.0,0.0,0.0,0.0,0.0,0.0,0.0,0.7927450452144167,0.0,0.0,0.0,0.0,0.0,0.0,0.0,0.0,0.0,0.0,0.0,0.0,47.564702712865,0.0,0.0,242.91133700636868,0.0,418.1685229745293,0.0,0.0,0.0,0.0,23.7823513564325,0.0,23.7823513564325,-2.5526390455891033,0.0,0.0,0.0,632.8301776097882,885.0991009920771,0.0,0.0,0.0,42.672720597339286,420.42919499666425,0.0,0.0,0.0,0.0,0.0,0.0,0.0,0.0,0.0,0.0,0.0,0.0,0.0,0.0,0.0,0.0,-501.20795829603503,0.0,0.0,23.7823513564325,0.0,24.575096401646917,0.0,0.0,0.0,0.0,0.0,0.0,0.0,0.0,0.0,-63.28172114465918,0.0,0.0,0.0,0.0,0.0,6.104136848151004,0.07927450452144166,0.019818626130360416,0.0,0.0,0.0,-42.672720597339286,0.0,0.0,0.0,0.0,538.9581901600221,0.0,0.0,0.0,0.0,0.0,-311.3738452774955,-311.3738452774955,0.0,0.0,0.0,718.75,-111.06032414823241,0.0,0.0,-311.29457077297405,0.0,0.0,0.0,509.37262232653677,-653.153935827584,0.0,0.0,0.0,0.0,0.0,0.0,0.0,0.0,0.0,-201.07646290472726,0.0,0.0,0.0,0.0,-1000.0,0.0,0.0,0.0,0.0,0.0,0.0,-824.7428140318394,-418.1685229745293,418.1685229745293,0.0,0.0,0.0,0.0,0.0,0.0,0.0,0.0,68.38760355089312,0.0,0.0,0.0,0.0,0.0,0.0,0.0,0.0,0.0,0.0,0.0,0.0,0.0,62.629407032149764,66.45507195377178,-224.1381527679613,0.0,0.0,0.0,63.28172114465918,0.0,0.0,0.0,0.0,0.0,14.112465683365432,-224.1381527679613,0.0,0.0,0.0,0.0,0.0,0.0,0.0,0.0,0.0,15.854900904288332,0.0,0.0,581.8314770254707,1000.0,-1000.0,0.0,224.1381527679613,0.0,0.0,63.28172114465918,92.28247158335955,0.0,0.0,0.0,-29.08345586223834,0.0,0.0,-1000.0,0.0,0.0,-1000.0,0.0,0.0,-418.1685229745293,0.0,80.86358035303056,0.0,0.0,221.17586761482227,0.0,0.0,0.0,-1000.0,0.0,1000.0,0.0,-311.4531197820169,0.0,63.28172114465918,0.0,718.75,0.0,0.0,14.112465683365432,-0.11891175678216248,0.0,0.0,0.0,0.0,0.07927450452144166,0.0,0.0,0.0,976.2176486435675,163.78186580772353,0.0,0.0,46.50784030297522,653.153935827584,1000.0,0.0,0.0,0.0,0.0,0.0,0.0,0.0,-6.825534839296204,-513.2471420189869,520.0726768582831,885.595312366977,-1000.0,0.0,0.0,0.0,0.0,0.0,0.0,0.0,0.0,0.0,0.0,0.0,0.0,0.0,0.0,0.0,0.0,0.0,0.0,0.0,-1000.0,0.0,831.0313153050054,0.0,0.0,574.6276916154598,0.0,-6.104136848151004,0.0,0.0,0.0,0.0,628.866452383716,513.2471420189869,0.0,-127.80473763003806,0.0,0.0,0.0,0.0,-626.8157971964043,0.0,0.0,-822.3492114780308,686.2750516980672,-1.9818626130360415,-3.963725226072083,772.7992700415482,0.0,-3.963725226072083,0.0,0.0,23.7823513564325,0.0,0.0,0.0,0.0,0.0,0.0,0.0,-62.629407032149764,62.629407032149764,62.629407032149764,984.1450990957117,0.0,0.0,0.0,0.0,0.0,0.0,0.0,0.0,-35.056789777928316,0.0,0.0,0.0,0.0,0.0,0.0,0.0,42.672720597339286,0.15854900904275837,0.0,0.0,0.0,0.0,0.0,0.0,0.0,0.0,0.0,0.0,0.0,0.0,0.0,0.0,0.0,0.0,0.0,0.0,0.0,0.08720195497366423,0.08720195497366423,0.0,0.0,0.0,47.564702712865,0.0,0.0,0.0,479.02370284631587,0.0,775.4768240974876,0.0,0.0,0.0,672.6426482977799,-479.02370284631587,0.0,0.0,0.0,0.0,0.0,0.0,0.0,0.0,0.0,0.0,0.0,0.0,0.0,167.06931943201167,-976.2176486435675,0.0,631.7569976901389,6.104136848151004,0.0,0.0,0.0,0.0,0.0,672.6426482977799,0.0,0.0,715.3153688951193,-937.5000000000356,937.5000000000356,62.629407032149764,0.0,0.0,0.0,0.0,0.0,0.0,0.0,0.0,0.0,0.0,0.0,0.0,0.0,47.564702712865,63.28172114465918,63.28172114465918,0.0,0.0,0.0,0.0,0.0,0.0,0.0,0.0,0.0,0.0,0.7927450452144167,0.0,0.0,0.0,0.0,0.0,-824.7428140318394,0.0,0.0,23.7823513564325,0.0,0.0,0.0,0.0,631.7569976901389,0.0,0.0,0.0,0.0,0.0,-63.28172114465918,0.0,0.0,23.7823513564325,23.7823513564325,0.0,-479.02370284631587,0.0,0.0,0.0,0.0,0.0,0.0,0.0,-770.6944133590541,0.0,-740.6200261902977,0.07927450452144166,0.0,0.0,104.69330814978107,0.0,0.0,0.0,0.0,0.0,0.0,0.0,0.0,0.0,0.0,0.0,0.0,0.0,0.0,0.0,0.0,0.0,0.0,0.07927450452144166,0.0,0.0,0.0,0.0,0.0,0.0,0.0,0.0,831.0313153050054,-6.104136848151004,0.0,0.0,0.0,-1000.0,-5.945587839108125,0.0,-3.963725226072083,0.0,0.0,0.0,0.0,0.0,0.0,0.0,0.0,0.0,0.0,0.0,63.28172114465918,653.153935827584,0.0,0.0,0.0,0.0,0.0,0.0,-0.07927450452144166,0.0,0.0,0.07927450452144166,0.0,0.07927450452144166,0.0,0.0,0.0,47.564702712865,96.71489551615883,96.71489551615883,0.0,0.0,0.0,0.0,0.0,0.0,0.0,0.0,0.0,0.0,0.0,0.0,0.0,0.0,0.0,0.0,0.0,0.0,0.0,0.0,0.0,0.0,0.0,0.0,0.0,0.0,0.0,0.0,0.0,-501.20795829603503,501.20795829603503,0.11891175678216248,0.0,0.0,0.0,-23.7823513564325,0.0,0.0,0.0,0.0,0.0,0.0,3.963725226072083,0.0,0.0,0.0,-718.75,111.06032414823241,0.0,-3.963725226072083,0.0,0.0,0.0,0.0,0.0,0.0,0.0,63.28172114465918,0.0,0.0,0.0,-62.629407032149764,0.0,78.29691661607333,0.0,0.0,0.0,0.0,0.0,0.0,-4.432423932799281,0.0,3.963725226072083,234.26285803900754,0.0,174.12814500218337,0.0,-35.056789777928316,0.0,0.0,780.565189298986,-780.565189298986,0.0,0.0,0.0,0.0,0.0,207.0220507438354,-17.836763517324584,96.71489551615883,0.0,0.0,0.0,0.0,0.0,0.0,0.0,0.0,0.0,0.0,0.0,0.0,0.0,-104.69330814978107,382.896207735566,0.0,23.7823513564325,0.0,0.0,0.0,0.0,-382.7990430489975,0.0,0.0,0.08720195497366423,0.0,0.0,0.0,48.35744775807942,0.0,0.0,0.0,0.0,66.45507195377178,0.0,42.672720597339286,0.0,0.0,0.0,0.0,0.0,0.0,0.0,0.0,0.007927450452144167,0.007927450452144167,0.0,0.0,0.0,0.0,0.0,0.0,0.0,0.0,0.0,104.69330814978107,0.0,0.0,0.0,0.0,0.0,0.0,0.0,0.0,0.0,0.0,0.0,0.0,0.0,0.0,0.0,0.0,0.0,0.0,-416.31550206336163,0.0,-82.7993736979106,0.0,0.0,0.0,47.564702712865,0.0,0.0,0.0,0.0,0.0,0.0,-47.564702712865,0.0,0.0,0.0,0.0,0.0,0.0,0.0,0.0,0.0,0.0,0.0,0.0,740.6200261902977,1000.0,54.303035597187545,0.0,-23.7823513564325,0.0,999.6829019819144,0.0,0.0,0.0,0.0,0.0,0.0,0.0,0.0,0.0,0.0,0.0,0.0,0.0,0.0,0.0,0.0,0.0,-9.909313065180207,63.28172114465918,-634.8120402228242,11.891175678216277,0.0,0.0,0.0,0.0,0.0,-0.9909313065180209,0.0,35.056789777928316,0.0,0.0,0.0,0.0,0.0,0.0,0.0,1000.0,23.7823513564325,23.7823513564325,0.0,0.0,0.0,0.0,0.0,0.08720195497366423,0.0,0.0,0.0,-999.6829019819144,0.0,0.0,0.0,0.0,0.0,0.0,0.0,0.0,0.0,0.0,0.0,0.0,0.0,0.0,0.0,0.0,0.0,0.0,0.0,83.23822974751374,6.104136848151004,0.0,0.0,0.0,0.0,0.0,0.0,0.0,-2.5526390455891033,0.0,0.0,0.0,-9.909313065180207,0.0,0.0,0.0,0.0,0.0,0.0,0.0,0.0,0.0,0.0,0.0,0.0,0.0,0.0,0.0,0.0,0.0,0.0,-0.07927450452144166,0.0,0.0,3.963725226072083,-672.6426482977799,0.0,0.0,0.0,0.0,63.28172114465918,0.0,0.0,0.0,6.825534839296204,1.9818626130360415,0.0,0.0,501.20795829603503,0.07927450452144166,0.0,79.27450452144166,-24.575096401646917,15.854900904288332,0.5662464608674405,221.17586761482227,-0.05945587839108124,318.3969514179301,1.5854900904288334,-0.3963725226070721,-221.17586761482227,23.7823513564325,-0.07927450452144166,0.0,0.0,0.019818626130360416,0.5662464608674405,0.0,-12.62050111981219,-1.5854900904288334,-80.98249210981294,-0.07927450452144166,0.019818626130360416,-221.17586761482227,248.8515523553143,0.07927450452144166,0.07927450452144166,0.1664764594951059,0.08720195497358584,-955.5753128527367,-0.05945587839108124,23.7823513564325,0.07927450452144166,23.7823513564325,-39.63725226072083,-0.03963725226072083,416.61712269271453,-8.006724956665607,-0.05945587839108124,-0.07927450452144166,-24.575096401646917,0.07927450452144166,7.927450452144166,-1.5854900904288334,0.0,0.0,-7.927450452144171,80.98249210981294,0.0,15.854900904288332,0.11891175678216248,-150.09155224183178,7.927450452144166,-167.06931943201167,0.0,-15.854900904288332,0.03963725226072083,0.7927450452144167,0.0,-46.77450612786143,-0.07927450452144166,-17.836763517324584,-0.1664764594951059,24.575096401646917,0.07927450452144166,12.62050111981219,-336.05350732890014,0.0,-0.07927450452144166,-0.019818626130360416,0.0,-0.07927450452144166,0.0,0.07927450452149769,-0.019818626130360416,-0.019818626130360416,-0.019818626130360416,31.709801808576664,39.63725226072083,0.7927450452144167,58.73249853732143,-0.019818626130360416,0.0,3.963725226072083,-17.37263507259756,0.07927450452144166,0.03963725226072083,0.03963725226072083,-23.713410120185422,24.575096401646917,0.07927450452144166,-24.575096401646917,0.7927450452144167,0.07927450452144166,-58.73249853732143,0.07927450452144166,0.31709801808563043,0.3963725226070721,0.03963725226072083,0.019818626130360416,23.7823513564325,-0.07927450452144166,955.5753128527367,0.7927450452144167,-117.46499707464287,316.4150888048941,-7.927450452144166,15.854900904288332,3.963725226072083,-0.07927450452144166,0.0,0.11891175678216248,-0.07927450452144166,47.426820240370844,24.575096401646917,664.1438471668437,0.03963725226072083,34.74527014519512,-0.07927450452144166,-0.07927450452149769,-0.07927450452144166,0.03963725226072083,221.17586761482227,-15.854900904288332,0.07927450452144166,0.0,-0.019818626130360416,-0.08720195497358584,0.0,11.891175678216248,8.006724956665607,41.017615016219274,221.17586761482227,-0.05945587839108124,17.836763517324584,46.77450612786143,0.07927450452144166,-0.019818626130360416,3.963725226072083,79.27450452144166,-0.03963725226072083,-0.07927450452144166,0.019818626130360416,0.0,0.0,150.05191498957106,0.0,183.37265046962614,0.0,126.35830214016397,-1000.0,240.92410190317014,1000.0,-1000.0,-94.15181752036166,0.0,-500.0,-91.68632523481307,500.0,-240.92410190317014,500.0,0.0,-281.3448041178462,0.0,94.15181752036166,-281.3448041178462,-126.35830214016397,227.24217950845997,0.0,1496.5981,bhi
203,0.0,0.0,0.0,0.0,0.0,0.0,0.0,0.0,-0.06218461048366387,0.0,0.0,0.0,0.0,0.0,0.0,0.0,160.83275827857588,983.0304071651933,0.0,-1000.0,0.0,0.0,0.0,0.0,0.0,0.0,0.0,0.0,0.0,160.83275827857588,0.0,0.0,0.0,0.0,0.0,0.0,0.0,871.5799735363142,0.0,-647.1275577040047,-34.63508699538431,0.0,0.0,1000.0,0.0,0.0,0.0,0.0,-321.66551655715176,-17.297391839937816,0.0,0.0,0.0,0.06840307153214553,0.0,0.0,0.0,12.436922096732774,0.0,0.0,-5.476391363261371,0.0,22.44598419806806,16.96959283480669,0.0,0.0,0.0,0.0,588.9931485275895,0.0,0.0,0.6218461048366388,0.0,0.0,0.0,0.0,0.0,0.0,0.0,0.0,0.0,0.0,0.0,0.0,37.31076629019832,0.0,0.0,813.1807201397485,491.5152035825967,0.0,0.0,0.0,0.0,0.0,18.65538314509916,0.0,108.90631897793753,-873.1428800798037,0.0,0.0,0.0,3.1092305241831935,129.44640652338924,0.0,0.0,0.0,0.0,82.20805505940365,0.0,0.0,0.0,0.0,0.0,0.0,0.0,0.0,0.0,0.0,0.0,0.0,0.0,0.0,0.0,0.0,-174.24035472291823,0.0,0.0,108.90631897793753,0.0,19.277229249935804,0.0,0.0,-862.5532407739514,0.0,862.5532407739514,-862.5532407739514,0.0,0.0,0.0,0.0,0.0,0.0,0.0,0.0,0.0,4.7882150072421155,0.06218461048366387,0.015546152620915967,0.0,0.0,816.1129835348715,-1000.0,0.0,0.0,0.0,0.0,468.4776597814592,0.0,0.0,0.0,0.0,0.0,541.9123237600633,541.9123237600633,0.0,0.0,0.0,156.25,-459.9932696854245,0.0,0.0,541.9745083705469,0.0,0.0,0.0,768.1579183806964,0.0,0.0,0.0,0.0,0.0,0.0,0.0,0.0,0.0,0.0,-9.327691572549583,0.0,0.0,0.0,0.0,-1000.0,0.0,0.0,0.0,0.0,0.0,17.297391839937816,0.0,-491.5152035825967,491.5152035825967,0.0,0.0,0.0,0.0,0.0,0.0,0.0,31.386351755186638,699.7398808353054,0.0,0.0,0.0,0.0,0.0,0.0,0.0,0.0,0.0,0.0,0.0,0.0,0.0,0.0,-304.7464343529168,0.0,0.0,0.0,0.0,0.0,0.0,0.0,0.0,0.0,0.0,-5.476391363261371,-1000.0,0.0,0.0,844.6144188061726,0.0,0.0,0.0,0.0,0.0,0.0,0.0,90.25093583283837,0.0,-8.689213337183304,974.3411938280101,0.0,0.0,0.0,0.0,0.0,0.0,75.86522479006993,0.0,0.0,0.0,-13.311652284203024,0.0,0.0,77.18522316715212,-1000.0,-743.6893524655486,464.5746342225094,612.6105889446426,-356.2999414101912,0.0,0.0,-1000.0,17.297391839937816,0.0,173.49506324942223,0.0,0.0,0.0,70.69881267663015,0.0,-70.69881267663015,0.0,541.8501391495796,0.0,0.0,1000.0,156.25,0.0,0.0,-5.476391363261371,-0.0932769157254958,0.0,0.0,0.0,0.0,0.06218461048366387,0.0,0.0,0.0,891.0936810220625,160.83275827857588,0.0,0.0,-554.7358316866672,0.0,74.27123198255322,0.0,932.9749951401315,0.0,0.0,0.0,0.0,0.0,-5.354094962643574,0.0,-927.620900177488,-1000.0,-1000.0,0.0,0.0,0.0,0.0,0.0,0.0,0.0,0.0,0.0,0.0,0.0,0.0,0.0,0.0,0.0,0.0,844.6144188061726,0.0,0.0,-871.8287119782489,0.0,0.0,871.1405356222297,0.0,0.0,103.29057396065856,-4.7882150072421155,0.0,0.0,0.0,843.8893221612345,0.0,0.0,0.0,0.0,-1.5546152620915967,-588.9931485275895,-976.6087591397619,-3.1092305241831935,0.0,0.0,0.0,-3.109230524183194,0.0,0.0,0.0,0.0,0.0,704.7206445849808,971.9449133534871,0.0,108.90631897793753,0.0,0.0,0.0,789.0164663578771,0.0,0.0,0.0,0.0,0.0,0.0,-613.3607172447887,0.0,0.0,0.0,0.0,0.0,31.386351755186638,0.0,0.0,-10.952782726522742,0.0,0.0,0.0,0.0,0.0,0.0,0.0,-597.5397697959828,0.12436922096736927,0.0,0.0,0.0,0.0,0.0,0.0,0.0,0.0,0.0,588.9931485275895,0.0,0.0,0.0,0.0,0.0,0.0,0.0,0.0,0.0,0.06840307153214553,0.06840307153214553,0.0,0.0,0.0,37.31076629019832,0.0,0.0,0.0,0.0,0.0,920.2003757797474,0.0,0.0,0.0,-31.753685899592938,0.0,0.0,0.0,538.4653434120403,0.0,0.0,0.0,0.0,0.0,0.0,0.0,0.0,0.0,0.0,58.080118240972745,-891.0936810220625,183.88701646512845,0.0,732.4770678241932,0.0,-539.1364044675954,539.1364044675954,539.1364044675954,0.0,-31.753685899592938,0.0,238.57833155803996,-867.8717872536157,0.0,0.0,0.0,0.0,0.0,0.0,0.0,0.0,0.0,0.0,0.0,0.0,0.0,0.0,0.0,0.0,37.31076629019832,0.0,0.0,0.0,0.0,0.0,0.0,0.0,0.0,0.0,0.0,0.0,0.0,0.6218461048366388,0.0,0.0,0.0,0.0,0.0,0.0,0.0,0.0,108.90631897793753,-538.4653434120403,0.0,0.0,727.6888528169511,0.0,0.0,0.0,0.0,0.0,0.0,0.0,862.5532407739514,0.0,18.65538314509916,18.65538314509916,-636.3889648804254,0.0,0.0,0.0,0.0,0.0,0.0,0.0,0.0,1000.0,31.386351755186638,1000.0,0.06218461048366387,0.0,0.0,82.12366165946153,0.0,221.78804543807888,0.0,0.0,0.0,0.0,0.0,0.0,0.0,0.0,0.0,0.0,0.0,0.0,0.0,0.0,0.0,0.0,0.06218461048366387,0.0,0.0,0.0,0.0,0.0,0.0,0.0,0.0,0.0,0.0,866.3523206149875,0.0,0.0,-871.8287119782489,-4.66384578627479,0.0,-3.1092305241831935,0.0,0.0,0.0,0.0,0.0,0.0,0.0,0.0,0.0,0.0,0.0,0.0,0.0,0.0,0.0,707.829875109164,0.0,0.0,0.0,-0.06218461048366387,0.0,0.0,0.06218461048366387,0.0,0.06218461048366387,0.0,0.0,0.0,37.31076629019832,75.86522479006993,75.86522479006993,0.0,0.0,0.0,0.0,0.0,0.0,0.0,183.88701646512845,0.0,31.386351755186638,0.0,0.0,0.0,0.0,0.0,0.0,0.0,0.0,0.0,0.0,0.0,0.0,0.0,0.0,0.0,0.0,0.0,0.0,0.0,-348.48070944583645,348.48070944583645,0.0932769157254958,0.0,0.0,0.0,-108.90631897793753,0.0,0.0,0.0,0.0,0.0,0.0,3.1092305241831935,0.0,0.0,0.0,-156.25,459.9932696854245,0.0,-3.1092305241831935,0.0,0.0,0.0,0.0,0.0,0.0,0.0,0.0,0.0,538.4653434120403,0.0,0.0,0.0,71.12399226533793,221.78804543807888,0.0,-4.7882150072421155,0.0,4.7882150072421155,0.0,0.0,0.0,3.1092305241831935,1000.0,0.0,124.76114111658626,0.0,-10.952782726522742,0.0,0.0,0.0,0.0,0.0,0.0,0.0,0.0,0.0,0.0,0.0,75.86522479006993,0.0,843.75,843.75,-843.75,0.0,0.0,0.0,0.0,0.0,0.0,0.0,0.0,13.991537358824374,-671.116810187051,0.0,0.0,18.65538314509916,0.0,0.0,0.0,0.0,-153.48329281412913,0.0,0.0,0.06840307153214553,0.0,0.0,0.0,37.932612395034965,0.0,0.0,0.0,0.0,-304.7464343529168,0.0,0.0,0.0,0.0,0.0,0.0,0.0,0.0,0.0,0.0,0.006218461048366387,0.006218461048366387,0.0,0.0,0.0,0.0,0.0,0.0,0.0,0.0,0.0,82.12366165946153,0.0,0.0,0.0,0.0,0.0,0.0,0.0,0.0,0.0,0.0,0.0,0.0,0.0,17.297391839937816,0.0,0.0,0.0,0.0,-1000.0,-1000.0,983.0304071651933,0.0,0.0,0.0,37.31076629019832,0.0,0.0,0.0,0.0,0.0,-37.31076629019832,0.0,0.0,0.0,0.0,0.0,0.0,0.0,0.0,0.0,0.0,0.0,0.0,0.0,-1000.0,129.44640652338924,42.59645818130976,0.0,-108.90631897793753,0.0,871.5799735363142,0.0,0.0,0.0,0.0,0.0,0.0,0.0,0.0,0.0,0.0,0.0,0.0,0.0,0.0,0.0,0.0,0.0,-7.773076310457984,0.0,-4.66384578627479,-4.663845786274789,0.0,0.0,0.0,0.0,0.0,-0.7773076310457985,0.0,10.952782726522742,0.0,0.0,0.0,0.0,0.0,0.0,0.0,1000.0,18.65538314509916,18.65538314509916,0.0,0.0,0.0,0.0,0.0,0.06840307153214553,0.0,0.0,0.0,-871.5799735363142,0.0,0.0,0.0,0.0,0.0,0.0,0.0,0.0,0.0,0.0,0.0,0.0,0.0,0.0,174.24035472291823,0.0,0.0,0.0,0.0,65.29384100784706,4.7882150072421155,0.0,0.0,0.0,0.0,0.0,0.0,0.0,-2.002344457574111,0.0,0.0,0.0,-7.773076310457984,0.0,0.0,0.0,0.0,0.0,0.0,0.0,0.0,0.0,0.0,0.0,0.0,0.0,0.0,0.0,0.0,0.0,0.0,-0.06218461048366387,0.0,0.0,3.1092305241831935,31.753685899592938,0.0,0.0,0.0,0.0,0.0,0.0,0.0,0.0,5.354094962643574,1.5546152620915967,0.0,0.0,0.0,0.06218461048366387,0.0,62.18461048366387,-19.277229249935804,12.436922096732774,0.4441757891690276,173.49506324942223,-0.0466384578627479,3.109230524183194,1.2436922096732774,-0.3109230524182749,-173.49506324942223,18.65538314509916,-0.06218461048366387,0.0,0.0,0.015546152620915967,0.4441757891690276,0.0,-9.89978998899942,-1.243692209673327,-143.8631654437692,-0.06218461048366387,0.015546152620915967,-173.49506324942223,6.218461048366387,0.06218461048366387,0.06218461048366387,0.1305876820158094,0.06840307153203025,-375.7517243579039,-0.0466384578627479,18.65538314509916,0.06218461048366387,108.90631897793753,59.15863059100643,-0.031092305241831934,-92.72593542355526,-6.280645658850051,-0.0466384578627479,-0.06218461048366387,-19.277229249935804,0.06218461048366387,6.218461048366387,-1.2436922096732774,0.0,0.0,-6.218461048366387,143.8631654437692,0.0,12.436922096732774,0.0932769157254958,0.0,6.218461048366387,-58.080118240972745,0.0,-12.436922096732774,0.031092305241831934,0.6218461048366388,0.0,12.436922096732774,-0.06218461048366387,-13.991537358824374,-0.1305876820158094,19.277229249935804,0.06218461048366387,9.89978998899942,-164.87246841323505,0.0,-0.06218461048366387,-0.015546152620915967,0.0,-0.06218461048366387,-597.5397697959828,0.062184610483777554,-0.015546152620915967,-0.015546152620915967,-0.015546152620915967,24.873844193465548,-59.15863059100643,0.6218461048366388,130.78537064210164,-0.015546152620915967,0.0,3.1092305241831935,301.8791154221746,0.06218461048366387,0.031092305241831934,0.031092305241831934,6.218461048366387,19.277229249935804,0.06218461048366387,-19.277229249935804,0.6218461048366388,0.06218461048366387,-300.21406534213537,0.06218461048366387,0.2487384419346199,0.3109230524182749,0.031092305241831934,0.015546152620915967,18.65538314509916,-0.06218461048366387,375.7517243579039,0.6218461048366635,-261.5707412842033,1.554615262091597,-6.218461048366387,12.436922096732774,3.1092305241831935,-0.06218461048366387,0.0,0.0932769157254958,-0.06218461048366387,-12.436922096732774,19.277229249935804,448.05450054532844,0.031092305241831934,-603.7582308443492,-0.06218461048366387,-0.062184610483777554,-0.06218461048366387,0.031092305241831934,173.49506324942223,-12.436922096732774,0.06218461048366387,0.0,-0.015546152620915967,-0.06840307153203025,0.0,9.327691572549579,6.280645658850051,-404.67342797908776,173.49506324942223,-0.0466384578627479,13.991537358824374,-12.436922096732774,0.06218461048366387,-0.015546152620915969,846.9985526854177,62.18461048366387,-0.031092305241831934,-0.06218461048366387,0.015546152620915967,1000.0,0.0,-0.031092305241831934,169.42869470003373,-57.33220977849854,0.0,359.67221437970386,220.41376554638978,0.0,0.0,-409.88071664790016,100.32610210305775,0.0,0.0,28.66610488924927,204.94035832395008,0.0,-110.20688277319489,0.0,-294.5712077311993,0.0,-100.32610210305775,-294.5712077311993,-359.67221437970386,259.16311087228627,0.0,1496.5981,bhi
204,0.0,0.0,0.0,0.0,0.0,0.0,0.0,0.0,-0.16684707268177054,0.0,0.0,0.0,0.0,0.0,0.0,0.0,-937.9973470968537,1000.0,0.0,132.64001641893606,0.0,0.0,0.0,970.1343739899631,0.0,0.0,0.0,0.0,0.0,-861.3145722067758,0.0,0.0,1000.0,0.0,0.0,0.0,0.0,348.29048677752957,0.0,-1000.0,1000.0,0.0,-415.5713297147637,556.3438672539164,0.0,0.0,0.0,0.0,840.1498466773133,-531.2329759027517,0.0,0.0,0.0,0.1835317799501126,0.0,0.0,0.0,33.36941453635411,0.0,0.0,26.528615750118078,0.0,97.13822810275963,0.0,0.0,0.0,0.0,0.0,0.0,0.0,0.0,1.6684707268177057,0.0,0.0,0.0,0.0,0.0,0.0,0.0,0.0,0.0,0.0,0.0,0.0,100.10824360906233,0.0,0.0,281.0830729823231,-121.23291965963628,938.2476177058763,-0.041711768170442635,0.0,0.0,591.5378528993563,50.054121804531164,0.0,50.054121804531164,-418.7332520574894,0.0,0.0,0.0,8.342353634088527,-1000.0,0.0,0.0,-336.15088110786616,0.0,0.0,0.0,0.0,0.0,0.0,0.0,0.0,0.0,0.0,0.0,0.0,0.0,0.0,0.0,0.0,0.0,0.0,-804.12112627527,0.0,0.0,50.054121804531164,0.0,51.72259253134887,32.25089011870085,0.0,-438.748259330681,438.748259330681,0.0,0.0,-1000.0,1000.0,-1000.0,876.3331561471223,0.0,0.0,0.0,0.0,0.0,12.847224596496332,0.16684707268177054,0.0,0.0,0.0,0.0,-973.2649237659734,0.0,0.0,0.0,0.0,1000.0,0.0,0.0,0.0,0.0,0.0,999.8331529273182,999.8331529273182,0.0,0.0,0.0,0.0,0.0,0.0,0.0,1000.0,0.0,0.0,0.0,458.6229361581037,-1000.0,0.0,0.0,0.0,0.0,0.0,0.0,0.0,0.0,0.0,0.0,0.0,0.0,0.0,0.0,-1000.0,0.0,0.0,0.0,0.0,0.0,531.2329759027517,415.5713297147637,-536.8042493744,536.8042493744,123.66684385287772,0.0,0.0,0.0,0.0,0.0,0.0,138.68542779322422,-691.1174377754907,0.0,0.0,0.0,0.0,0.0,0.0,0.0,0.0,0.0,0.0,0.0,0.0,0.0,0.0,699.9099844246953,543.5907429115525,0.0,0.0,0.0,0.0,-123.66684385287772,0.0,0.0,0.0,0.0,26.528615750118078,-12.75312434236389,0.0,0.0,0.0,0.0,0.0,0.0,0.0,0.0,18.076714325638818,0.0,0.0,0.0,0.0,0.0,1000.0,0.0,-543.5907429115525,0.0,0.0,123.66684385287772,0.0,0.0,0.0,0.0,138.23608862869332,0.0,0.0,-1000.0,0.0,0.0,-1000.0,0.0,0.0,-658.0371690340363,0.0,-525.3971526151005,531.2329759027517,0.0,530.0051130195416,0.0,0.0,0.0,192.45257522115935,0.0,-192.45257522115935,0.0,1000.0,0.0,0.0,-556.7273473329975,0.0,0.0,0.0,26.528615750118078,-0.2502706090226558,0.0,0.0,0.0,0.0,0.16684707268177054,0.0,0.0,0.0,931.86916386983,-937.9973470968537,0.0,-601.5036162419672,-388.73251698205905,1000.0,928.1987714591859,0.0,14.365532957900605,0.0,-336.15088110786616,0.0,0.0,0.0,-14.365532957900605,0.0,0.0,-743.6029521106437,-1000.0,0.0,0.0,0.0,0.0,0.0,0.0,0.0,0.0,0.0,0.0,0.0,0.0,0.0,0.0,0.0,0.0,0.0,-651.0421249317437,0.0,-1000.0,0.0,0.0,431.4374906427752,0.0,0.0,0.0,-30.92393892213515,0.0,0.0,0.0,0.0,0.0,0.0,0.0,-8.342353634088527,-782.8682346571044,0.0,0.0,0.0,0.0,-224.65958336600406,0.0,0.0,926.7365041236249,778.6970578400601,-8.342353634088527,-753.2147800901542,0.0,621.8600410747666,0.0,-524.8392367547461,50.054121804531164,0.0,0.0,0.0,426.7368339125817,0.0,0.0,0.0,0.0,0.0,0.0,-1000.0,0.0,0.0,-0.3336941453635411,0.0,0.0,138.68542779322422,0.0,0.0,-70.60961235264155,0.0,0.0,121.85535034534529,0.0,0.0,0.0,0.0,-323.4090611458094,0.3336941453631709,0.0,0.0,0.0,0.0,0.0,0.0,0.0,0.0,0.0,0.0,0.0,0.0,0.0,0.0,0.0,0.0,0.0,0.0,0.0,0.1835317799501126,0.1835317799501126,0.0,41.78454470156889,0.0,100.10824360906233,0.0,0.0,0.0,1000.0,0.0,0.0,0.0,0.0,0.0,-115.61720124458884,-1000.0,0.0,0.0,410.97152551963853,0.0,0.0,121.85535034534529,0.0,0.0,0.0,0.0,0.0,0.0,0.0,268.04037542508996,-931.86916386983,973.2649237659734,0.0,12.847224596496332,0.0,-408.4621471006438,1000.0,1000.0,0.0,-115.61720124458884,0.0,-893.6771488285266,454.65088643812834,0.0,0.0,0.0,0.0,0.0,0.0,0.0,0.0,0.0,0.0,0.0,0.0,0.0,0.0,0.0,0.0,100.10824360906233,123.66684385287772,123.66684385287772,0.0,0.0,0.0,0.0,0.0,0.0,0.0,0.0,0.0,0.0,1.6684707268177057,0.0,0.0,0.0,0.0,0.0,415.5713297147637,0.0,0.0,50.054121804531164,-410.97152551963853,0.0,0.0,0.0,0.0,0.0,0.0,0.0,0.0,0.0,1000.0,193.22606513245807,0.0,50.054121804531164,50.054121804531164,1000.0,-1000.0,0.0,121.85535034534529,0.0,0.0,0.0,0.0,0.0,743.6029521106437,138.68542779322422,1000.0,0.16684707268177054,0.0,0.0,0.0,91.34183429757203,651.107298930077,0.0,-591.5378528993563,0.0,0.0,0.0,0.0,0.0,0.0,0.0,0.0,0.0,0.0,0.0,0.0,0.0,0.0,0.16684707268177054,0.0,0.0,0.0,1000.0,-1000.0,0.0,0.0,0.0,0.0,0.0,1000.0,0.0,-599.48644827936,-348.95787506825627,-12.513530451132791,0.0,-8.342353634088534,0.0,0.0,0.0,0.0,0.0,0.0,0.0,0.0,0.0,0.0,0.0,123.66684385287772,1000.0,0.0,0.0,105.36315795410894,0.0,0.0,0.0,-0.16684707268177054,0.0,0.0,0.16684707268177054,0.0,0.16684707268177054,0.0,0.0,0.0,100.10824360906233,203.5534286717601,203.5534286717601,0.0,0.0,0.0,0.0,0.0,0.0,0.0,973.2649237659734,0.0,138.68542779322422,0.0,0.0,0.0,0.0,0.0,0.0,0.0,0.0,0.0,0.0,0.0,0.0,0.0,0.0,0.0,0.0,0.0,0.0,0.0,-820.0690430481753,820.0690430481753,0.2502706090226558,0.0,0.0,0.0,-50.054121804531164,0.0,0.0,0.0,0.0,0.0,-41.78454470156889,8.342353634088527,0.0,0.0,0.0,0.0,0.0,30.92393892213515,-8.342353634088534,0.0,0.0,0.0,0.0,0.0,0.0,0.0,123.66684385287772,0.0,410.97152551963853,0.0,41.78454470156889,0.0,329.73844630973065,314.9564178222109,0.0,0.0,599.48644827936,-599.48644827936,0.0,-203.5534286717601,0.0,8.342353634088534,601.1500485533309,0.0,314.11966147570195,0.0,-70.60961235264155,0.0,0.0,-656.2500000002973,656.2500000002973,0.0,0.0,0.0,0.0,0.0,-12.513530451132812,-12.513530451132851,203.5534286717601,0.0,0.0,0.0,0.0,0.0,0.0,0.0,0.0,0.0,18.076714325638818,0.0,0.0,66.8116056038345,-91.34183429757203,294.536047982294,-415.5713297147637,50.054121804531164,0.0,0.0,0.0,0.0,90.57986233704895,0.0,0.0,0.1835317799501126,0.0,0.0,0.0,101.77671433588004,0.0,0.0,0.0,0.0,699.9099844246953,0.0,0.0,0.0,0.0,0.0,0.0,0.0,0.0,-1000.0,0.0,0.016684707268177053,0.016684707268177053,0.0,0.0,0.0,0.0,0.0,0.0,0.0,0.0,0.0,0.0,0.0,0.0,0.0,0.0,0.0,41.78454470156889,0.0,0.0,0.0,0.0,0.0,0.0,0.0,531.2329759027517,0.0,0.0,0.0,0.0,-352.79043858215636,-660.2402154156383,1000.0,0.0,0.0,0.0,100.10824360906236,0.0,0.0,0.0,0.0,0.0,-269.3223502282923,169.21410661922994,0.0,0.0,0.0,0.0,0.0,0.0,0.0,0.0,0.0,0.0,0.0,0.0,-1000.0,-1000.0,114.29024478701284,0.0,-50.054121804531164,0.0,348.29048677752957,0.0,0.0,0.0,0.0,0.0,0.0,0.0,0.0,0.0,0.0,0.0,0.0,0.0,0.0,0.0,0.0,0.0,-20.855884085221327,123.66684385287772,-12.513530451132791,0.0,0.0,0.0,0.0,0.0,0.0,-2.085588408522132,0.0,70.60961235264155,0.0,0.0,0.0,0.0,0.0,0.0,0.0,1000.0,50.054121804531164,50.054121804531164,0.0,0.0,0.0,0.0,0.0,0.1835317799501126,41.78454470156889,0.0,0.0,-348.29048677752957,0.0,0.0,0.0,0.0,0.0,0.0,0.0,0.0,0.0,0.0,0.0,0.0,0.0,0.0,410.03452152408767,0.0,0.0,32.25089011870085,0.0,175.18942631585907,0.0,0.0,12.847224596496332,0.0,0.0,0.0,41.78454470156889,0.0,-18.21970033684937,0.0,0.0,0.0,-20.855884085221327,0.0,0.0,0.0,0.0,0.0,0.0,0.0,0.0,0.0,0.0,0.0,0.0,0.0,0.0,0.0,0.0,0.0,0.0,-0.16684707268177054,0.0,0.0,8.342353634088527,115.61720124458884,0.0,0.0,0.0,0.0,123.66684385287772,0.0,0.0,0.0,14.365532957900605,4.1711768170442625,0.0,0.0,0.0,0.16684707268177054,0.0,166.84707268177053,-19.47170241264803,33.36941453635411,1.1917648048697895,530.0051130195416,-0.1251353045113279,8.342353634088527,3.336941453635411,-0.8342353634084816,-530.0051130195416,50.054121804531164,-0.16684707268177054,112.05029370262206,121.85535034534529,0.041711768170442635,1.1917648048697895,-336.15088110786616,-26.562053970937903,-3.336941453635411,-194.64266932208238,-0.16684707268177054,0.041711768170442635,-530.0051130195416,16.684707268177053,0.16684707268177054,0.16684707268177054,-41.434165848937006,0.1835317799499476,0.0,-0.1251353045113279,50.054121804531164,0.16684707268177054,50.054121804531164,-83.42353634088528,-0.08342353634088527,-327.6982377842677,106.8152895120189,-0.1251353045113279,-0.16684707268177054,-19.47170241264803,0.16684707268177054,16.684707268177053,-3.336941453635411,0.0,0.0,-16.684707268177053,194.64266932208238,0.0,33.36941453635411,0.2502706090226558,-1000.0,16.684707268177053,-268.04037542508996,121.85535034534529,-33.36941453635411,0.08342353634088527,1.6684707268177057,150.3759040604918,75.153959237923,-0.16684707268177054,-79.32513605496734,41.434165848937006,51.72259253134887,0.16684707268177054,26.562053970937903,-78.36113687277941,121.85535034534529,-0.16684707268177054,-0.041711768170442635,-121.85535034534529,-0.16684707268177054,-323.4090611458094,0.16684707268177054,-0.041711768170442635,-0.041711768170442635,-0.041711768170442635,66.73882907270821,83.42353634088528,1.6684707268177057,123.61282497310884,-0.041711768170442635,188.7015144183615,8.342353634088527,170.04688420699324,0.16684707268177054,0.08342353634088527,0.08342353634088527,77.6123824408497,19.47170241264803,0.16684707268177054,-19.47170241264803,1.6684707268177057,0.16684707268177054,-123.61282497310884,0.16684707268177054,0.6673882907267122,0.8342353634084816,0.08342353634088527,0.041711768170442635,50.054121804531164,-0.16684707268177054,0.0,1.6684707268177055,-247.2256499462177,4.171176817044263,-16.684707268177053,33.36941453635411,8.342353634088527,-0.16684707268177054,336.15088110786616,0.2502706090226558,-0.16684707268177054,-155.2247648816994,19.47170241264803,206.7863405217484,0.08342353634088527,-340.0937684139865,-0.16684707268177054,-0.16684707268177054,-0.16684707268177054,0.08342353634088527,530.0051130195416,-33.36941453635411,0.16684707268177054,300.7518081209836,-0.041711768170442635,-0.1835317799499476,-300.7518081209836,25.02706090226558,-106.8152895120189,8.481661954715292,530.0051130195416,-0.1251353045113279,79.32513605496734,-75.153959237923,0.16684707268177054,-0.04171176817044263,8.342353634088534,166.84707268177053,-0.08342353634088527,-0.16684707268177054,0.041711768170442635,1000.0,0.0,719.7061277918191,0.0,-1000.0,0.0,215.27447217695772,-688.7309024840565,0.0,-315.0652983172462,224.93733372885333,610.1570629198887,-280.21044867184,157.5326491586231,500.0,-112.46866686442667,0.0,344.36545124202826,-41.78454470156889,-297.36620285879735,280.21044867184,-610.1570629198887,-297.36620285879735,-215.27447217695772,138.47545089078005,0.0,1496.5981,bhi
205,0.0,0.0,0.0,0.0,0.0,0.0,0.0,0.0,-0.1584507029442451,0.0,0.0,0.0,0.0,0.0,0.0,0.0,-624.25685642421,451.4930248349699,0.0,495.57306111809163,0.0,0.0,0.0,106.1920952779551,0.0,0.0,0.0,0.0,0.0,565.046700083669,0.0,0.0,0.0,0.0,0.0,0.0,0.0,-116.20144309817908,0.0,-1000.0,952.4647891167265,0.0,0.0,0.0,0.0,0.0,0.0,0.0,713.2561005226263,0.0,0.0,0.0,0.0,0.17429577323844114,0.0,0.0,0.0,31.69014058884902,0.0,0.0,74.49721808325535,0.0,0.0,-190.8571118843787,0.0,0.0,0.0,0.0,1000.0,97.78945675557475,0.0,1.584507029442451,0.0,0.0,0.0,0.0,0.0,0.0,0.0,0.0,0.0,0.0,0.0,0.0,95.07042176654706,0.0,0.0,0.0,0.0,343.39334896887783,-0.03961267573606127,0.0,0.0,180.26301023038707,47.53521088327353,0.0,47.53521088327353,0.0,0.0,0.0,0.0,7.922535147212255,231.0115020237155,0.0,0.0,-231.0593243864132,0.0,0.0,0.0,0.0,0.0,0.0,0.0,0.0,0.0,0.0,0.0,0.0,0.0,0.0,0.0,0.0,0.0,0.0,-1000.0,0.0,0.0,47.53521088327353,0.0,49.119717912715984,0.0,0.0,-618.6289866335603,618.6289866335603,0.0,0.0,734.645670032366,0.0,0.0,-1000.0,0.0,0.0,0.0,0.0,0.0,12.2007041267069,0.1584507029442451,0.0,0.0,0.0,-712.3720720953334,0.0,0.0,0.0,0.0,0.0,1000.0,0.0,0.0,0.0,0.0,0.0,554.0596470841159,554.0596470841159,0.0,0.0,0.0,0.0,386.55475308453885,0.0,0.0,554.2180977870602,0.0,0.0,0.0,242.9157009394438,0.0,0.0,0.0,0.0,0.0,0.0,0.0,0.0,0.0,0.0,0.0,0.0,0.0,0.0,0.0,-1000.0,0.0,0.0,0.0,0.0,0.0,0.0,0.0,-343.39334896887783,343.39334896887783,0.0,0.0,0.0,0.0,0.0,0.0,0.0,334.0351980599535,190.29766459689435,0.0,0.0,0.0,0.0,0.0,0.0,0.0,0.0,0.0,0.0,0.0,0.0,0.0,0.0,-207.20373193762822,-654.0459441820852,0.0,0.0,0.0,0.0,142.31283844339916,0.0,0.0,0.0,0.0,74.49721808325535,-654.0459441820852,0.0,0.0,0.0,0.0,0.0,0.0,0.0,0.0,282.0461915540967,0.0,0.0,0.0,-343.39334896887783,0.0,369.86275155374847,0.0,654.0459441820852,0.0,0.0,265.35432996763404,271.1833591550255,0.0,0.0,0.0,-271.43823236425203,0.0,0.0,-1000.0,0.0,0.0,-1000.0,0.0,0.0,-343.39334896887783,0.0,-109.5833635384426,0.0,0.0,299.76462277104474,0.0,0.0,0.0,-833.9553629478779,0.0,833.9553629478779,0.0,1000.0,265.35432996763404,0.0,1000.0,0.0,0.0,0.0,74.49721808325535,-0.23767605441636763,0.0,0.0,0.0,0.0,0.1584507029442451,0.0,0.0,0.0,528.1057591192306,-624.25685642421,0.0,-219.99988785174355,-532.7867257858584,0.0,1000.0,0.0,926.5583612673374,0.0,-231.0593243864132,0.0,0.0,0.0,-13.642605523499272,-245.45090534316648,-667.4648504006716,-1000.0,-1000.0,0.0,0.0,0.0,0.0,0.0,0.0,0.0,0.0,0.0,0.0,0.0,0.0,0.0,0.0,0.0,0.0,0.0,-488.62633077032444,0.0,-1000.0,0.0,626.9413095160775,276.9440789192939,0.0,0.0,0.0,-294.2468956808036,0.0,0.0,0.0,454.11097888624556,0.0,0.0,31.69014058884902,-7.922535147212255,0.0,-754.5490946568335,0.0,0.0,0.0,0.0,-31.69014058884902,0.0,0.0,-3.9612675736061274,-7.922535147212255,0.0,0.0,798.1230379665009,0.0,0.0,47.53521088327353,0.0,0.0,0.0,0.0,0.0,0.0,0.0,0.0,0.0,0.0,78.58282512954989,0.0,0.0,-446.0988036188283,0.0,0.0,334.0351980599535,0.0,0.0,-116.35989380112333,0.0,281.250000000001,0.0,0.0,0.0,0.0,0.0,-967.111014916235,0.31690140588852955,0.0,0.0,0.0,0.0,0.0,0.0,0.0,0.0,0.0,0.0,0.0,0.0,0.0,0.0,0.0,0.0,0.0,0.0,0.0,0.17429577323844114,0.17429577323844114,0.0,217.6808560500973,0.0,95.07042176654706,0.0,0.0,0.0,1000.0,0.0,0.0,0.0,0.0,0.0,841.3633701467328,-1000.0,0.0,0.0,692.1570784919679,0.0,0.0,0.0,0.0,0.0,0.0,0.0,0.0,0.0,0.0,333.3333333333333,-528.1057591192306,712.3720720953334,0.0,12.2007041267069,0.0,1000.0,-819.7369897696129,-962.0498282130121,0.0,841.3633701467328,0.0,0.0,-125.74764476950224,0.0,0.0,0.0,0.0,0.0,0.0,0.0,0.0,0.0,0.0,0.0,0.0,0.0,0.0,0.0,0.0,95.07042176654706,265.35432996763404,265.35432996763404,0.0,0.0,0.0,0.0,0.0,0.0,0.0,0.0,0.0,0.0,1.584507029442451,0.0,0.0,0.0,0.0,0.0,0.0,0.0,0.0,47.53521088327353,-692.1570784919679,0.0,0.0,0.0,0.0,0.0,0.0,0.0,0.0,0.0,393.53742613329365,0.0,0.0,47.53521088327353,47.53521088327353,210.37503791146005,-1000.0,0.0,0.0,0.0,0.0,0.0,0.0,0.0,768.9884979762845,334.0351980599535,708.3721660673862,0.1584507029442451,0.0,0.0,0.0,209.256789052582,0.0,0.0,-180.26301023038707,0.0,-265.35432996763404,0.0,0.0,0.0,0.0,0.0,0.0,0.0,0.0,0.0,0.0,0.0,0.0,0.1584507029442451,0.0,0.0,0.0,0.0,0.0,0.0,0.0,0.0,626.9413095160775,-294.2468956808036,276.9440789192939,0.0,0.0,-511.37366922967556,-11.883802720818382,-7.922535147212261,0.0,0.0,0.0,0.0,0.0,0.0,0.0,0.0,0.0,0.0,0.0,0.0,265.35432996763404,0.0,0.0,0.0,806.0455731137131,0.0,0.0,0.0,-0.1584507029442451,0.0,0.0,0.1584507029442451,0.0,0.1584507029442451,0.0,832.4351267879407,0.0,95.07042176654706,193.30985759197904,193.30985759197904,0.0,0.0,0.0,0.0,0.0,0.0,0.0,712.3720720953334,0.0,334.0351980599535,0.0,0.0,0.0,0.0,0.0,0.0,0.0,0.0,0.0,0.0,0.0,0.0,0.0,0.0,0.0,0.0,0.0,142.31283844339916,0.0,-488.3135755125908,488.3135755125908,0.23767605441636763,0.0,0.0,0.0,-47.53521088327353,0.0,0.0,0.0,0.0,0.0,-217.6808560500973,7.922535147212255,0.0,0.0,0.0,0.0,-386.55475308453885,0.0,0.0,0.0,281.250000000001,0.0,0.0,0.0,0.0,0.0,265.35432996763404,0.0,692.1570784919679,0.0,217.6808560500973,0.0,420.47904037638506,-231.0593243864132,0.0,0.0,0.0,0.0,0.0,77.87350156304649,0.0,7.922535147212255,384.1654979368954,0.0,0.0,0.0,-116.35989380112333,0.0,0.0,0.0,0.0,0.0,0.0,0.0,0.0,0.0,229.56465877091568,-253.33226421255245,193.30985759197904,0.0,0.0,0.0,0.0,0.0,0.0,0.0,0.0,0.0,282.0461915540967,0.0,0.0,0.0,-209.256789052582,-388.27858205228415,0.0,47.53521088327353,0.0,0.0,0.0,0.0,-309.22860401912476,0.0,0.0,0.17429577323844114,0.0,0.0,0.0,96.65492879598952,0.0,0.0,0.0,0.0,-207.20373193762822,0.0,0.0,0.0,0.0,0.0,0.0,0.0,0.0,367.40439894366585,0.0,325.0293759890317,0.01584507029442451,0.0,0.0,0.0,0.0,0.0,0.0,0.0,0.0,0.0,0.0,0.0,0.0,0.0,0.0,0.0,217.6808560500973,0.0,0.0,0.0,0.0,0.0,0.0,0.0,0.0,0.0,0.0,0.0,0.0,0.0,-149.26791474614458,451.4930248349699,0.0,0.0,0.0,95.07042176654706,0.0,0.0,0.0,0.0,0.0,0.0,-95.07042176654706,0.0,0.0,0.0,0.0,0.0,0.0,0.0,0.0,0.0,0.0,0.0,0.0,-708.3721660673862,0.0,108.5387315168079,-47.53521088327353,0.0,0.0,510.7398664178984,0.0,0.0,0.0,0.0,0.0,0.0,0.0,0.0,0.0,703.125,0.0,-703.125,-703.125,0.0,0.0,0.0,0.0,-19.806337868030642,265.35432996763404,-11.883802720818382,241.44846149173407,0.0,0.0,0.0,0.0,0.0,-1.980633786803064,0.0,116.35989380112333,0.0,0.0,0.0,0.0,0.0,0.0,0.0,1000.0,47.53521088327353,47.53521088327353,0.0,0.0,0.0,0.0,0.0,0.17429577323844114,217.6808560500973,0.0,0.0,-510.7398664178984,325.0135309187373,0.0,0.0,0.0,0.0,0.0,0.0,0.0,0.0,0.0,0.0,0.0,0.0,0.0,660.3743511502657,0.0,0.0,0.0,0.0,166.37323809145735,12.2007041267069,0.0,0.0,0.0,0.0,0.0,217.6808560500973,0.0,269.0215437720816,0.0,0.0,0.0,-19.806337868030642,0.0,0.0,0.0,0.0,0.0,0.0,0.0,0.0,0.0,0.0,0.0,0.0,0.0,0.0,0.0,0.0,0.0,0.0,-0.1584507029442451,0.0,0.0,7.922535147212255,-841.3633701467328,0.0,0.0,0.0,0.0,265.35432996763404,0.0,0.0,0.0,13.642605523499272,3.9612675736061274,0.0,0.0,0.0,0.1584507029442451,0.0,158.45070294424508,-49.119717912715984,31.69014058884902,1.1317907353160364,442.0774612144439,-0.11883802720818382,7.922535147212255,3.169014058884902,-0.7922535147214376,-442.0774612144439,47.53521088327353,-0.1584507029442451,77.01977479547106,0.0,0.03961267573606127,1.1317907353160364,-231.0593243864132,-25.22535190872202,-3.169014058884902,-322.80922952885146,-0.1584507029442451,0.039612675736061274,-442.0774612144439,15.84507029442451,0.1584507029442451,0.1584507029442451,-217.34810957391463,0.17429577323866852,-504.9923661434086,-0.11883802720818382,47.53521088327353,0.1584507029442451,47.53521088327353,-79.22535147212255,-0.07922535147212255,-32.888985083764965,-158.3163594407679,-0.11883802720818382,-0.1584507029442451,-49.119717912715984,0.1584507029442451,15.84507029442451,-3.169014058884902,142.31283844339916,142.31283844339916,-15.84507029442451,322.80922952885146,-142.31283844339916,31.69014058884902,0.23767605441636763,157.08271418359732,15.84507029442451,-333.3333333333333,0.0,-31.69014058884902,0.07922535147212253,1.584507029442451,54.99997196293589,249.37099663894634,-0.1584507029442451,-253.33226421255245,217.34810957391463,49.119717912715984,0.1584507029442451,25.22535190872202,-190.14084353309406,0.0,-0.1584507029442451,-0.03961267573606127,0.0,-0.1584507029442451,-967.111014916235,0.1584507029442451,-0.03961267573606127,-0.03961267573606127,-0.03961267573606127,63.38028117769804,79.22535147212255,1.584507029442451,148.53824727338076,-0.039612675736061274,32.98016913040071,7.922535147212255,491.4780426053298,0.1584507029442451,0.07922535147212253,0.07922535147212255,-116.8320946893925,49.119717912715984,0.1584507029442451,-49.119717912715984,1.584507029442451,0.1584507029442451,-210.83041273251007,0.1584507029442451,0.6338028117771728,0.7922535147214376,0.07922535147212255,0.039612675736061274,47.53521088327353,-0.1584507029442451,504.9923661434086,1.584507029442451,-297.0764945467615,3.9612675736061274,-15.84507029442451,31.69014058884902,7.922535147212255,-0.1584507029442451,231.0593243864132,0.23767605441636763,-0.1584507029442451,233.664189378785,49.119717912715984,677.6989604306837,0.07922535147212255,-982.9560852106596,-0.1584507029442451,-0.1584507029442451,-0.1584507029442451,0.07922535147212255,442.0774612144439,-31.69014058884902,0.1584507029442451,109.99994392587178,-0.03961267573606127,-0.17429577323866852,-109.99994392587178,23.76760544163676,158.3163594407679,-70.28180486303123,442.0774612144439,-0.11883802720818382,253.33226421255245,-249.37099663894634,0.1584507029442451,-0.03961267573606127,462.0335140334578,158.45070294424508,-0.07922535147212253,-0.1584507029442451,0.039612675736061274,567.0703340905245,0.0,-157.16193953506945,62.29216545912931,-305.64489827508805,0.0,-236.01219754974124,-234.56108492148078,0.0,1000.0,120.7863586680143,260.2028911300993,0.0,-500.0,152.82244913754403,-60.39317933400715,0.0,117.28054246074039,-217.6808560500973,-368.4703564115589,0.0,-260.2028911300993,-368.4703564115589,236.01219754974124,-30.85821215553586,0.0,1496.5981,bhi
206,0.0,0.0,0.0,0.0,0.0,0.0,0.0,0.0,-0.16315899545828075,0.0,0.0,0.0,0.0,0.0,0.0,0.0,862.1853166015043,-159.84366476716534,0.0,-181.22287950730657,0.0,0.0,0.0,751.6720089124967,0.0,0.0,0.0,0.0,0.0,-1000.0,0.0,0.0,609.6476640847618,0.0,0.0,0.0,0.0,186.8473640181667,0.0,-1000.0,951.0523013625158,0.0,0.0,-564.2129380412031,0.0,0.0,0.0,0.0,0.0,-548.8961792490793,0.0,0.0,0.0,0.1794748950039775,0.0,0.0,0.0,0.0,0.0,0.0,116.41839529577665,0.0,1000.0,724.0566028083684,0.0,0.0,0.0,0.0,182.74094670536388,0.0,0.0,1.6315899545828074,0.0,0.0,0.0,0.0,0.0,0.0,0.0,0.0,0.0,0.0,0.0,0.0,97.89539727496845,0.0,0.0,198.87735152088086,-1000.0,198.87735152088086,-0.04078974886457019,0.0,0.0,0.0,48.94769863748422,0.0,48.94769863748422,0.0,0.0,0.0,0.0,8.157949772914037,-1000.0,0.0,0.0,-291.9853210685971,341.5057708675175,0.0,0.0,0.0,0.0,0.0,0.0,0.0,0.0,0.0,0.0,0.0,0.0,0.0,0.0,0.0,0.0,0.0,-1000.0,0.0,0.0,48.94769863748422,0.0,50.57928859206702,0.0,0.0,-1000.0,82.30013167274876,917.6998683272512,-917.6998683272514,-914.8152149335201,0.0,0.0,522.453422446112,0.0,0.0,0.0,0.0,0.0,12.563242650287668,0.16315899545828075,0.0,0.0,0.0,-867.2607120103942,0.0,0.0,0.0,0.0,0.0,1000.0,0.0,0.0,0.0,0.0,0.0,999.8368410045417,999.8368410045417,0.0,0.0,0.0,0.0,0.0,0.0,0.0,1000.0,0.0,0.0,0.0,-91.32606833744848,-674.6863715982324,0.0,0.0,0.0,0.0,0.0,0.0,0.0,0.0,0.0,-346.20920691856327,0.0,0.0,0.0,0.0,-544.1664573424125,0.0,0.0,0.0,0.0,0.0,548.8961792490793,0.0,801.1226484791191,-801.1226484791191,392.36179248740814,0.0,0.0,0.0,0.0,0.0,0.0,0.0,-914.7159742682929,0.0,0.0,0.0,0.0,0.0,0.0,0.0,0.0,0.0,0.0,0.0,0.0,0.0,152.26479173322613,-83.79158935212163,137.81468339849573,0.0,0.0,0.0,0.0,-122.70715225403296,0.0,0.0,0.0,0.0,116.41839529577665,702.0276214396988,0.0,0.0,634.1337517481536,0.0,0.0,0.0,0.0,0.0,5.253719653756775,32.63179909165615,0.0,0.0,801.1226484791191,-1000.0,1000.0,0.0,-137.81468339849573,0.0,0.0,392.36179248740814,-800.9460255408975,0.0,0.0,0.0,127.21711803646645,0.0,0.0,-610.7419951995101,389.25800480048986,0.0,-1000.0,0.0,-389.25800480048986,-198.87735152088086,0.0,261.1787526837663,548.8961792490793,0.0,185.5589570952281,0.0,0.0,0.0,-1000.0,0.0,1000.0,0.0,999.6736820090834,0.0,0.0,88.63036684405279,0.0,0.0,0.0,116.41839529577665,-0.2447384931874211,0.0,0.0,0.0,0.0,0.16315899545828075,0.0,0.0,0.0,220.31039881779637,862.1853166015043,0.0,-579.327531624121,-404.93385820877455,674.6863715982324,1000.0,0.0,0.0,0.0,-291.9853210685971,0.0,0.0,0.0,607.2710791416147,0.0,-607.2710791416147,-576.2814513441587,-1000.0,0.0,0.0,0.0,0.0,0.0,0.0,0.0,0.0,0.0,0.0,0.0,0.0,0.0,0.0,0.0,0.0,634.1337517481536,-812.5,0.0,-1000.0,0.0,0.0,0.0,0.0,0.0,0.0,-17.816962304044445,0.0,0.0,0.0,0.0,0.0,0.0,0.0,-8.157949772914037,0.0,-182.74094670536388,-163.87501312737527,-179.6526592683756,-233.74157689353285,0.0,0.0,0.0,296.0454263858851,-4.078974886457019,171.49470949546156,691.0076124901858,0.0,-1000.0,0.0,291.9640146826651,48.94769863748422,0.0,0.0,0.0,0.0,0.0,0.0,0.0,-152.26479173322613,152.26479173322613,152.26479173322613,-475.9798287814211,0.0,0.0,0.0,0.0,0.0,0.0,0.0,0.0,-159.52500189585484,0.0,718.7500000000007,0.0,0.0,0.0,0.0,0.0,-658.4942291324825,0.32631799091649655,0.0,0.0,0.0,0.0,0.0,0.0,0.0,0.0,0.0,0.0,0.0,0.0,0.0,0.0,0.0,0.0,0.0,0.0,0.0,0.1794748950039775,0.1794748950039775,0.0,154.72706356416023,0.0,97.89539727496845,0.0,0.0,0.0,1000.0,0.0,0.0,0.0,0.0,0.0,614.5323698097543,-1000.0,0.0,0.0,0.0,0.0,0.0,0.0,0.0,0.0,0.0,0.0,0.0,0.0,0.0,333.3333333333333,-220.31039881779637,525.7549411428766,0.0,12.563242650287668,0.0,-928.3927279161662,928.3927279161662,658.738087682791,0.0,614.5323698097543,0.0,-43.96185932272823,0.0,0.0,0.0,152.26479173322613,0.0,0.0,0.0,0.0,0.0,0.0,0.0,0.0,0.0,0.0,0.0,0.0,0.0,97.89539727496845,392.36179248740814,392.36179248740814,0.0,0.0,0.0,0.0,0.0,0.0,0.0,0.0,0.0,0.0,1.6315899545828074,0.0,0.0,0.0,0.0,0.0,0.0,0.0,0.0,48.94769863748422,0.0,0.0,0.0,0.0,0.0,0.0,0.0,0.0,0.0,0.0,0.0,578.0741369745401,0.0,48.94769863748422,48.94769863748422,1000.0,-1000.0,0.0,0.0,0.0,0.0,0.0,0.0,0.0,576.2814513441587,0.0,1000.0,0.16315899545828075,0.0,0.0,0.0,215.4747619305823,684.1712510800501,0.0,0.0,0.0,0.0,0.0,0.0,0.0,0.0,0.0,0.0,0.0,0.0,0.0,0.0,0.0,0.0,0.16315899545828075,0.0,0.0,0.0,0.0,0.0,0.0,0.0,0.0,0.0,0.0,794.6830376959556,0.0,0.0,-1000.0,-12.236924659371056,-8.157949772914037,0.0,0.0,-593.75,-593.75,593.75,0.0,0.0,0.0,0.0,0.0,0.0,0.0,392.36179248740814,674.6863715982324,0.0,0.0,-699.8780355444209,0.0,0.0,0.0,-0.16315899545828075,0.0,0.0,0.16315899545828075,0.0,0.16315899545828075,0.0,182.74094670536388,0.0,97.89539727496845,199.0539744591025,199.0539744591025,0.0,0.0,0.0,0.0,0.0,0.0,0.0,525.7549411428766,0.0,0.0,0.0,0.0,0.0,621.3190686505725,0.0,0.0,0.0,0.0,0.0,0.0,0.0,0.0,0.0,0.0,0.0,0.0,0.0,269.6546402333752,0.0,-448.9767265490749,448.9767265490749,0.2447384931874211,0.0,0.0,0.0,-48.94769863748422,0.0,0.0,0.0,0.0,0.0,-154.72706356416023,8.157949772914037,0.0,0.0,0.0,0.0,0.0,-794.6830376959556,0.0,0.0,718.7500000000007,0.0,0.0,0.0,0.0,0.0,392.36179248740814,0.0,0.0,-299.21871077142697,2.4622718309340996,0.0,105.67890016399224,392.18593001145297,812.5,-812.5,0.0,0.0,0.0,-1000.0,0.0,8.157949772914037,1000.0,0.0,0.0,0.0,-159.52500189585484,0.0,0.0,0.0,0.0,0.0,0.0,0.0,0.0,0.0,513.1731951420945,-191.43783754227343,199.0539744591025,0.0,0.0,0.0,0.0,0.0,0.0,0.0,0.0,0.0,5.253719653756775,0.0,0.0,0.0,-215.4747619305823,0.0,0.0,48.94769863748422,0.0,0.0,0.0,0.0,-11.202435178443011,0.0,0.0,0.1794748950039775,0.0,0.0,0.0,99.52698722955125,0.0,0.0,0.0,0.0,-83.79158935212163,0.0,341.5057708675175,0.0,0.0,0.0,0.0,0.0,0.0,0.0,0.0,0.016315899545828075,0.016315899545828075,0.0,0.0,0.0,0.0,0.0,0.0,0.0,0.0,0.0,0.0,0.0,0.0,0.0,0.0,0.0,154.72706356416023,0.0,0.0,0.0,0.0,0.0,0.0,0.0,548.8961792490793,0.0,0.0,0.0,0.0,1000.0,804.3265063794682,-159.84366476716534,0.0,0.0,0.0,97.89539727496845,0.0,0.0,0.0,0.0,0.0,361.660430089792,-459.55582736476043,0.0,0.0,0.0,0.0,0.0,0.0,0.0,0.0,0.0,0.0,0.0,0.0,-1000.0,-1000.0,733.0829805394948,-405.8680903235372,356.920391686053,0.0,186.8473640181667,0.0,0.0,0.0,0.0,0.0,0.0,0.0,0.0,0.0,765.6249999999999,0.0,-765.625,-765.6249999999999,0.0,0.0,0.0,0.0,-20.394874432285093,392.36179248740814,-12.236924659371056,800.5199815334748,0.0,0.0,0.0,0.0,0.0,-2.0394874432285093,0.0,159.52500189585484,0.0,0.0,0.0,0.0,0.0,0.0,0.0,1000.0,48.94769863748422,48.94769863748422,0.0,0.0,0.0,0.0,0.0,0.1794748950039775,154.72706356416023,0.0,0.0,-186.8473640181667,0.0,0.0,0.0,0.0,0.0,0.0,0.0,0.0,0.0,0.0,0.0,0.0,0.0,0.0,315.8588366272194,0.0,0.0,0.0,0.0,171.31694523119478,12.563242650287668,0.0,0.0,0.0,0.0,0.0,154.72706356416023,0.0,786.5250879230416,0.0,0.0,0.0,-20.394874432285093,0.0,0.0,0.0,0.0,0.0,0.0,0.0,0.0,0.0,0.0,0.0,0.0,0.0,0.0,0.0,0.0,0.0,0.0,-0.16315899545828075,0.0,0.0,8.157949772914037,-614.5323698097543,0.0,0.0,0.0,0.0,392.36179248740814,0.0,0.0,0.0,-607.2710791416147,4.078974886457019,0.0,0.0,0.0,0.16315899545828075,0.0,163.15899545828074,-50.57928859206702,32.63179909165615,1.1654213961305768,455.2135973286032,-0.12236924659371055,8.157949772914037,3.263179909165615,-0.8157949772916027,-455.2135973286032,48.94769863748422,-0.16315899545828075,97.32844035619904,0.0,0.04078974886457019,1.1654213961305768,-291.9853210685971,-25.97491207695839,-3.263179909165615,-521.1187723270324,-0.16315899545828075,0.04078974886457019,-455.2135973286032,16.315899545828074,0.16315899545828075,0.16315899545828075,-154.38442967369798,0.17947489500410882,0.0,-0.12236924659371055,48.94769863748422,0.16315899545828075,48.94769863748422,-81.57949772914037,-0.08157949772914037,-416.0293578628058,106.22809371274661,-0.12236924659371055,-0.16315899545828075,-50.57928859206702,0.16315899545828075,16.315899545828074,-3.263179909165615,269.6546402333752,269.6546402333752,-16.315899545828074,521.1187723270324,-269.6546402333752,32.63179909165615,0.2447384931874211,-1000.0,16.315899545828074,-333.3333333333333,0.0,-32.63179909165615,0.08157949772914037,1.6315899545828074,144.83188290603024,35.09407092259025,-0.16315899545828075,-191.43783754227343,154.38442967369798,50.57928859206702,0.16315899545828075,25.97491207695839,-195.7907945499369,0.0,-0.16315899545828075,-0.04078974886457019,0.0,-0.16315899545828075,-1000.0,0.16315899545827506,-0.04078974886457019,-0.04078974886457019,-0.04078974886457019,65.2635981833123,81.57949772914037,1.6315899545828074,250.72806133519327,-0.04078974886457019,192.33532545586144,8.157949772914037,337.4050643391553,0.16315899545828075,0.08157949772914037,0.08157949772914037,16.315899545828074,50.57928859206702,0.16315899545828075,-50.57928859206702,1.6315899545828074,0.16315899545828075,-510.423342485272,0.1631589954582807,0.6526359818333276,0.8157949772916027,0.08157949772914037,0.04078974886457019,48.94769863748422,-0.16315899545828075,0.0,1.6315899545828074,-501.45612267038655,4.078974886457019,-16.315899545828074,32.63179909165615,8.157949772914037,-0.1631589954582807,291.9853210685971,0.2447384931874211,-0.16315899545828075,-32.63179909165615,50.57928859206702,304.1002494806327,0.08157949772914037,-674.8101286783105,-0.16315899545828075,-0.16315899545827506,-0.16315899545828078,0.08157949772914037,455.2135973286032,-32.63179909165615,0.16315899545828075,289.6637658120605,-0.04078974886457019,-0.17947489500410882,-289.6637658120605,24.473849318742108,-106.22809371274661,83.7502182869435,455.2135973286032,-0.12236924659371055,191.43783754227343,-35.09407092259025,0.16315899545828075,-0.04078974886457018,8.157949772914037,163.15899545828074,-0.08157949772914037,-0.16315899545828075,0.04078974886457019,1000.0,0.0,999.9184205022708,259.6952811500787,-1000.0,0.0,374.6997821521012,-221.0675478729367,0.0,1.8379715042314047,51.16209967831196,387.44424188722826,0.0,-0.9189857521157023,500.0,-25.58104983915598,0.0,110.53377393646835,-154.72706356416023,-292.8978143021897,0.0,-387.44424188722826,-292.8978143021897,-374.6997821521012,277.087338578105,0.0,1496.5981,bhi
207,0.0,0.0,0.0,0.0,0.0,0.0,0.0,0.0,-0.1500234052706663,0.0,0.0,0.0,0.0,0.0,0.0,0.0,0.22503510790599943,0.0,0.0,151.7881472215427,0.0,0.0,0.0,100.88275537836681,0.0,0.0,0.0,0.0,0.0,629.2010631532207,0.0,0.0,905.0621502433419,0.0,0.0,0.0,0.0,-37.61658522543532,0.0,-1000.0,-406.86046920268717,0.0,0.0,-244.29529630246498,0.0,0.0,119.9400328626522,0.0,-385.1308019586618,0.0,0.0,0.0,0.0,0.1650257457974549,0.0,0.0,0.0,0.0,0.0,0.0,25.464689398511354,0.0,318.14797469363816,227.58241222410734,0.0,0.0,0.0,0.0,0.0,347.6148893009225,0.0,1.5002340527066629,0.0,0.0,0.0,0.0,0.0,0.0,0.0,468.00952415960694,0.0,0.0,0.0,0.0,90.01404316239977,0.0,0.0,1000.0,0.0,0.0,-0.03750585131766657,0.0,0.0,0.0,45.007021581199886,0.0,45.007021581199886,-4.8307536497133015,0.0,0.0,0.0,13.699652511559975,629.2010631532207,0.0,0.0,-113.380442532763,0.0,0.0,0.0,0.0,0.0,0.0,0.0,0.0,0.0,0.0,0.0,0.0,0.0,0.0,0.0,0.0,0.0,0.0,-744.0998289807028,0.0,0.0,45.007021581199886,0.0,46.507255633906546,9.38498740730288,0.0,0.0,0.0,0.0,0.0,-116.03025186804214,0.0,0.0,0.0,0.0,0.0,0.0,0.0,0.0,11.551802205841351,0.1500234052706663,0.0,0.0,0.0,0.0,0.0,0.0,0.0,0.0,0.0,359.07376805830285,0.0,0.0,0.0,0.0,0.0,880.2099905426185,880.2099905426185,0.0,0.0,0.0,0.0,0.0,0.0,0.0,880.3600139478891,0.0,0.0,0.0,1000.0,-25.37622705626153,0.0,0.0,0.0,0.0,0.0,0.0,0.0,0.0,0.0,-22.503510790600068,0.0,0.0,0.0,0.0,-1000.0,0.0,0.0,0.0,0.0,0.0,0.0,0.0,0.0,0.0,116.03025186804214,0.0,0.0,0.0,0.0,0.0,0.0,0.0,-48.75760671296654,0.0,0.0,0.0,0.0,0.0,0.0,0.0,0.0,0.0,0.0,0.0,0.0,0.0,0.0,-168.51883578141675,-244.29529630246498,0.0,0.0,0.0,0.0,-116.03025186804214,0.0,0.0,0.0,0.0,25.464689398511354,0.0,0.0,0.0,0.0,0.0,0.0,0.0,0.0,0.0,0.0,30.004681054133258,0.0,0.0,0.0,0.0,614.8691980413382,0.0,244.29529630246498,0.0,0.0,116.03025186804214,183.02855443021286,0.0,0.0,0.0,-53.79660948387573,0.0,0.0,-649.971880844976,-32.55517206238436,0.0,-617.4167087825915,0.0,32.55517206238436,0.0,0.0,-463.08105081979556,0.0,0.0,437.33527551976465,0.0,0.0,0.0,-1000.0,0.0,1000.0,0.0,1000.0,0.0,0.0,729.689073294703,0.0,0.0,0.0,25.464689398511354,-0.22503510790599943,0.0,0.0,0.0,0.0,0.1500234052706663,0.0,0.0,0.0,954.9929784188001,0.22503510790599943,0.0,-75.58696168850867,-989.8352096814107,25.37622705626153,-637.5512695755444,0.0,451.050118048566,0.0,-113.380442532763,0.0,0.0,0.0,-12.917015193804087,-654.4621371981821,216.3290343434202,-1000.0,-1000.0,0.0,0.0,0.0,0.0,0.0,0.0,0.0,0.0,0.0,0.0,0.0,0.0,0.0,0.0,0.0,0.0,0.0,-70.23776886620567,0.0,-1000.0,0.0,966.778722738147,0.0,1000.0,0.0,0.0,-11.551802205841351,0.0,0.0,0.0,0.0,6.198482248026686,0.0,219.32151160407133,375.475867679075,0.0,654.4621371981821,203.64805637874224,0.0,0.0,-418.33554954037237,-219.32151160407133,-886.0762790666217,-537.8125911321887,-3.750585131766657,-7.501170263533314,0.0,0.0,1000.0,0.0,-380.1098861215163,45.007021581199886,0.0,0.0,0.0,372.31703416121377,0.0,0.0,0.0,0.0,0.0,0.0,-929.6758241678735,0.0,0.0,0.0,0.0,0.0,0.0,0.0,0.0,-65.10087307101944,0.0,-843.7499999999993,275.6978219540572,0.0,0.0,0.0,0.0,-213.52585736261665,0.3000468105413795,0.0,0.0,0.0,0.0,0.0,0.0,0.0,0.0,0.0,0.0,0.0,0.0,0.0,0.0,0.0,0.0,0.0,0.0,0.0,0.1650257457974549,0.1650257457974549,0.0,9.891530573723529,0.0,90.01404316239977,0.0,0.0,0.0,1000.0,0.0,0.0,0.0,0.0,0.0,-843.1678867813057,-1000.0,0.0,0.0,0.0,0.0,0.0,275.6978219540572,0.0,0.0,0.0,0.0,0.0,0.0,0.0,248.03327632690093,-954.9929784188001,0.0,0.0,11.551802205841351,0.0,-726.4170972427194,726.4170972427194,726.4170972427194,0.0,-843.1678867813057,0.0,-1000.0,-56.693744143922345,0.0,0.0,0.0,0.0,0.0,0.0,0.0,0.0,0.0,0.0,0.0,0.0,0.0,0.0,0.0,0.0,90.01404316239977,116.03025186804214,116.03025186804214,0.0,0.0,0.0,0.0,0.0,0.0,0.0,0.0,0.0,0.0,1.5002340527066629,0.0,0.0,0.0,0.0,0.0,0.0,0.0,0.0,45.007021581199886,0.0,0.0,0.0,0.0,0.0,0.0,0.0,0.0,0.0,0.0,340.77018040616224,0.0,0.0,45.007021581199886,45.007021581199886,1000.0,-1000.0,0.0,275.6978219540572,0.0,0.0,0.0,0.0,0.0,529.5434564052823,0.0,585.2153584550413,0.1500234052706663,0.0,0.0,0.0,160.58738894574196,891.8271225404326,0.0,0.0,0.0,0.0,0.0,0.0,0.0,0.0,0.0,0.0,0.0,0.0,0.0,0.0,0.0,0.0,0.1500234052706663,0.0,0.0,0.0,12.940955507939293,-12.940955507939293,0.0,0.0,0.0,966.778722738147,0.0,-11.55180220584134,0.0,0.0,-929.7622311337943,-11.251755395299973,-7.501170263533314,0.0,0.0,0.0,0.0,0.0,0.0,0.0,0.0,0.0,0.0,0.0,0.0,116.03025186804214,25.37622705626153,0.0,0.0,627.3912841420171,0.0,0.0,0.0,-0.1500234052706663,0.0,0.0,0.1500234052706663,0.0,0.1500234052706663,0.0,347.6148893009225,0.0,90.01404316239977,183.02855443021286,183.02855443021286,0.0,0.0,0.0,0.0,0.0,0.0,0.0,0.0,0.0,0.0,0.0,0.0,0.0,0.0,0.0,0.0,0.0,0.0,0.0,0.0,0.0,0.0,0.0,0.0,0.0,0.0,0.0,0.0,0.0,0.0,0.0,0.22503510790599943,0.0,0.0,0.0,-45.007021581199886,0.0,0.0,0.0,0.0,0.0,-9.891530573723529,7.501170263533314,0.0,0.0,0.0,0.0,0.0,-488.0826128781496,0.0,0.0,-843.7499999999993,0.0,0.0,0.0,0.0,0.0,116.03025186804214,0.0,0.0,732.4982542282615,9.891530573723529,0.0,969.9953189458668,778.4466800076696,0.0,-499.6344150839909,0.0,499.6344150839909,0.0,0.0,0.0,7.501170263533314,1000.0,0.0,601.8509417395785,0.0,-65.10087307101944,0.0,0.0,0.0,0.0,0.0,0.0,0.0,0.0,0.0,0.0,0.0,183.02855443021286,0.0,0.0,0.0,0.0,0.0,0.0,0.0,0.0,0.0,0.0,0.0,0.0,43.64679675962357,-160.58738894574196,0.0,0.0,45.007021581199886,0.0,0.0,0.0,0.0,-37.05623423561939,0.0,0.0,0.1650257457974549,0.0,0.0,0.0,91.51427721510643,0.0,0.0,0.0,0.0,-168.51883578141675,0.0,0.0,0.0,0.0,0.0,0.0,0.0,0.0,0.0,0.0,0.01500234052706663,0.01500234052706663,0.0,0.0,0.0,0.0,0.0,0.0,0.0,0.0,0.0,0.0,0.0,0.0,0.0,0.0,0.0,9.891530573723529,0.0,0.0,0.0,0.0,0.0,0.0,0.0,0.0,0.0,0.0,0.0,0.0,0.0,-695.9736353411026,0.0,0.0,0.0,0.0,90.01404316239973,0.0,0.0,0.0,0.0,0.0,909.9859568376003,-1000.0,0.0,0.0,0.0,0.0,0.0,0.0,0.0,0.0,0.0,0.0,0.0,0.0,-585.2153584550413,158.744519558503,102.76603261040643,-45.007021581199886,0.0,0.0,929.1621375127118,0.0,0.0,0.0,0.0,0.0,0.0,0.0,0.0,0.0,0.0,0.0,0.0,0.0,0.0,0.0,0.0,0.0,-18.752925658833284,116.03025186804214,-17.45023764332666,-11.251755395300076,0.0,0.0,0.0,0.0,0.0,968.2438743622109,-970.1191669280943,65.10087307101944,0.0,0.0,0.0,0.0,0.0,0.0,0.0,1000.0,45.007021581199886,45.007021581199886,0.0,0.0,0.0,0.0,468.00952415960694,0.1650257457974549,9.891530573723529,0.0,0.0,-929.1621375127118,0.0,0.0,0.0,0.0,0.0,0.0,0.0,0.0,0.0,0.0,0.0,0.0,0.0,0.0,173.80744465046126,0.0,0.0,9.38498740730288,0.0,157.5245755341996,0.0,0.0,11.551802205841351,0.0,0.0,0.0,9.891530573723529,0.0,475.75068896490296,0.0,0.0,0.0,-18.752925658833284,0.0,0.0,0.0,0.0,0.0,0.0,0.0,0.0,0.0,0.0,0.0,0.0,0.0,0.0,0.0,0.0,0.0,0.0,-0.1500234052706663,0.0,0.0,7.501170263533314,843.1678867813057,0.0,0.0,0.0,0.0,116.03025186804214,0.0,0.0,0.0,12.917015193804087,3.750585131766657,0.0,0.0,0.0,0.1500234052706663,0.0,150.02340527066627,-37.122268226603666,30.004681054133258,1.0715957519333306,437.33527551976465,-0.11251755395299971,510.60041138754667,3.0004681054133258,-0.7501170263532231,-437.33527551976465,45.007021581199886,-0.1500234052706663,37.79348084425433,275.6978219540572,0.03750585131766657,1.0715957519333306,-113.380442532763,-23.883726119087953,-3.0004681054133258,-152.01318232944868,-0.1500234052706663,0.03750585131766657,-437.33527551976465,15.002340527066629,0.1500234052706663,0.1500234052706663,-9.576481422655407,0.16502574579773294,0.0,-0.11251755395299971,45.007021581199886,0.1500234052706663,45.007021581199886,-75.01170263533314,-0.07501170263533315,-132.31288299277685,100.87788793570485,-0.11251755395299971,-0.1500234052706663,-37.122268226603666,0.1500234052706663,15.002340527066629,-3.0004681054133258,0.0,0.0,-15.002340527066629,152.01318232944868,0.0,30.004681054133258,0.22503510790599943,-1000.0,15.002340527066629,-248.03327632690093,275.6978219540572,-30.004681054133258,0.07501170263533315,1.5002340527066629,18.896740422127166,39.896211627856786,-0.1500234052706663,-43.64679675962357,9.576481422655407,46.507255633906546,0.1500234052706663,23.883726119087953,95.66973562925762,275.6978219540572,-0.1500234052706663,-0.03750585131766657,-275.6978219540572,-0.1500234052706663,-213.52585736261665,0.15002340527051672,-0.03750585131766657,-0.03750585131766657,-0.03750585131766657,60.009362108266515,75.01170263533314,1.5002340527066629,111.14859037990117,-0.03750585131766657,0.0,7.501170263533314,114.26409894484163,0.1500234052706663,0.07501170263533315,0.07501170263533315,152.85125150409522,37.122268226603666,0.1500234052706663,-37.122268226603666,1.5002340527066629,0.1500234052706663,-111.14859037990117,0.1500234052706663,0.6000936210825991,0.7501170263532231,0.07501170263533315,0.03750585131766657,45.007021581199886,-0.1500234052706663,0.0,1.5002340527066629,-222.29718075980233,506.84982625578,-15.002340527066629,30.004681054133258,7.501170263533314,-0.1500234052706663,113.380442532763,0.22503510790599943,-0.1500234052706663,-305.70250300819043,37.122268226603666,368.69396279381084,0.07501170263533315,-228.52819788968327,-0.1500234052706663,-0.15002340527051672,-0.1500234052706663,0.07501170263533315,437.33527551976465,-30.004681054133258,0.1500234052706663,37.79348084425433,-0.03750585131766657,-0.16502574579773294,-37.79348084425433,22.50351079059994,-100.87788793570485,-131.27232535841404,437.33527551976465,-0.11251755395299971,43.64679675962357,-39.896211627856786,0.1500234052706663,-0.03750585131766658,7.501170263533314,150.02340527066627,-0.07501170263533315,-0.1500234052706663,0.03750585131766657,1000.0,0.0,999.9249882973646,0.0,-1000.0,0.0,760.8945843722278,-129.93098749215378,0.0,1000.0,-251.09257105514303,-1000.0,0.0,-500.0,500.0,125.54628552757151,0.0,64.96549374607689,-9.891530573723529,-331.63772855819144,0.0,1000.0,-331.63772855819144,-760.8945843722278,325.11125410795177,0.0,1496.5981,bhi
208,0.0,0.0,0.0,0.0,0.0,0.0,0.0,0.0,678.6507800126308,0.0,0.0,0.0,0.0,0.0,0.0,0.0,536.5507622871347,-894.2167855418041,0.0,255.93992454730164,0.0,0.0,0.0,0.0,0.0,0.0,0.0,0.0,0.0,-1000.0,0.0,0.0,0.0,0.0,0.0,0.0,0.0,-46.497164195333696,0.0,-1000.0,-62.7098626978877,0.0,0.0,438.4124968602721,0.0,0.0,0.0,0.0,1000.0,0.0,0.0,974.9632591474068,0.0,0.19212370239205442,0.0,0.0,0.0,0.0,0.0,0.0,0.5272019502918113,0.0,47.199024056890806,0.0,0.0,0.0,0.0,0.0,0.0,0.0,0.0,1.7465791126534695,0.0,0.0,0.0,0.0,0.0,0.0,0.0,0.0,0.0,0.0,0.0,0.0,104.79474675920824,0.0,0.0,155.8248286501556,-30.557193323971887,0.0,-0.04366447781633674,0.0,0.0,924.4517993964268,52.39737337960409,0.0,379.3120940404725,0.0,0.0,0.0,0.0,8.732895563267348,-1000.0,0.0,0.0,0.0,0.0,0.0,0.0,0.0,0.0,0.0,0.0,0.0,0.0,0.0,0.0,0.0,0.0,0.0,0.0,0.0,0.0,0.0,-569.356992580879,0.0,0.0,379.3120940404725,0.0,54.143952492257554,0.0,0.0,304.1535846011627,-1000.0,695.8464153988373,-695.8464153988373,-1000.0,0.0,0.0,952.2737739928174,0.0,0.0,0.0,0.0,0.0,13.448659167431709,0.17465791126534697,0.0,0.0,0.0,0.0,-851.9886760346843,0.0,0.0,0.0,0.0,1000.0,0.0,0.0,0.0,0.0,0.0,176.82147457875314,176.82147457875314,0.0,0.0,0.0,0.0,0.0,0.0,0.0,176.99613249001848,0.0,0.0,0.0,504.0373797279866,0.0,0.0,0.0,0.0,0.0,0.0,0.0,0.0,0.0,0.0,0.0,0.0,0.0,0.0,0.0,-1000.0,0.0,0.0,0.0,0.0,0.0,0.0,-974.9632591474068,819.1384304972512,-819.1384304972512,47.72622600718262,0.0,0.0,0.0,0.0,0.0,0.0,0.0,544.3285234438955,0.0,0.0,0.0,0.0,0.0,0.0,0.0,0.0,0.0,0.0,0.0,0.0,0.0,122.03906667165029,266.8126023664288,438.4124968602721,0.0,0.0,0.0,0.0,186.98828053503655,0.0,0.0,0.0,0.0,0.5272019502918113,0.0,0.0,0.0,0.0,0.0,0.0,0.0,0.0,0.0,5.623984742746401,34.931582253069394,326.9147206608684,0.0,246.87076876248366,-602.8248550587394,1000.0,0.0,-438.4124968602721,0.0,0.0,47.72622600718262,-331.11305957474474,0.0,0.0,0.0,-33.51134849275377,0.0,0.0,-1000.0,-907.9624282272953,92.03757177270472,-92.03757177270472,0.0,1000.0,788.5812371732793,0.0,0.0,0.0,0.0,252.5810658880988,0.0,0.0,0.0,-506.19355842923085,0.0,506.19355842923085,0.0,176.6468166674878,0.0,0.0,154.64278674183402,0.0,0.0,0.0,0.5272019502918113,-0.2619868668980204,0.0,0.0,0.0,0.0,0.17465791126534697,0.0,0.0,0.0,380.3494146745619,536.5507622871347,0.0,-399.7119179857628,58.51745177172211,0.0,316.6022313425848,0.0,262.64678729114803,0.0,0.0,0.0,0.0,0.0,-15.038046159946544,-605.7125411385016,358.10380000730004,-964.3054276164294,-969.1111431436536,0.0,0.0,0.0,0.0,0.0,0.0,0.0,0.0,0.0,0.0,0.0,0.0,0.0,0.0,0.0,0.0,0.0,-1000.0,0.0,-954.2014674497279,0.0,0.0,0.0,0.0,0.0,0.0,-19.072643910178112,0.0,0.0,0.0,0.0,0.0,374.9002078934924,0.0,-8.732895563267348,0.0,230.81233324500917,0.0,-8.732895563267348,0.0,-593.2806775260897,0.0,0.0,0.0,-4.366447781633674,0.0,0.0,0.0,-208.9800943368407,244.5791563223995,0.0,379.3120940404725,0.0,0.0,0.0,207.78817306827492,0.0,678.8254379238962,0.0,-122.03906667165029,122.03906667165029,122.03906667165029,28.156758801283303,0.0,0.0,0.0,0.0,0.0,0.0,0.0,0.0,-46.671822106599045,0.0,0.0,0.0,0.0,0.0,0.0,0.0,-964.488167708728,0.3493158225308106,0.0,0.0,0.0,0.0,0.0,0.0,0.0,0.0,0.0,0.0,0.0,0.0,0.0,0.0,0.0,0.0,0.0,0.0,0.0,0.19212370239205442,0.19212370239205442,0.0,219.25095729721923,0.0,104.79474675920824,0.0,0.0,0.0,1000.0,0.0,0.0,0.0,0.0,0.0,1000.0,-1000.0,0.0,0.0,0.0,0.0,0.0,0.0,0.0,0.0,0.0,0.0,0.0,0.0,0.0,189.78566419362633,-380.3494146745619,851.9886760346843,0.0,13.448659167431709,0.0,924.4517993964268,0.0,-234.71450654221917,0.0,1000.0,0.0,-964.488167708728,1000.0,-812.5000000001309,812.5000000001309,122.03906667165029,0.0,0.0,0.0,0.0,0.0,0.0,0.0,0.0,0.0,0.0,0.0,0.0,0.0,104.79474675920818,47.72622600718262,47.72622600718262,0.0,0.0,0.0,0.0,0.0,0.0,0.0,0.0,0.0,0.0,1.7465791126534695,0.0,0.0,0.0,0.0,0.0,-974.9632591474068,0.0,0.0,379.3120940404725,0.0,0.0,0.0,0.0,0.0,0.0,0.0,0.0,0.0,0.0,-278.36637037260994,-722.9284649288389,0.0,52.39737337960409,52.39737337960409,256.13782008758676,-1000.0,0.0,0.0,0.0,0.0,0.0,0.0,0.0,964.3054276164294,0.0,1000.0,0.17465791126534697,0.0,0.0,0.0,230.66072295607142,300.0515561521462,0.0,-924.4517993964268,0.0,0.0,0.0,0.0,0.0,0.0,0.0,0.0,0.0,0.0,0.0,0.0,0.0,0.0,0.17465791126534697,0.0,0.0,0.0,0.0,0.0,0.0,0.0,0.0,0.0,0.0,26.725888640093945,0.0,0.0,0.0,-13.099343344901024,-8.732895563267355,0.0,0.0,0.0,0.0,0.0,0.0,0.0,0.0,0.0,0.0,0.0,0.0,47.72622600718262,0.0,0.0,0.0,-200.24719877357342,0.0,0.0,0.0,678.6507800126308,0.0,0.0,0.17465791126534697,0.0,0.17465791126534697,0.0,0.0,0.0,104.79474675920824,213.0826517437233,213.0826517437233,0.0,0.0,0.0,0.0,0.0,0.0,0.0,851.9886760346843,0.0,0.0,0.0,0.0,0.0,0.0,0.0,0.0,0.0,0.0,0.0,0.0,0.0,0.0,0.0,0.0,0.0,0.0,0.0,234.71450654221917,0.0,0.0,0.0,0.2619868668980204,0.0,0.0,0.0,-379.3120940404725,0.0,0.0,0.0,0.0,0.0,-219.25095729721923,8.732895563267348,0.0,0.0,0.0,0.0,0.0,19.072643910178112,0.0,0.0,0.0,0.0,0.0,0.0,0.0,0.0,47.72622600718262,0.0,0.0,78.42299729710513,97.21189062556894,0.0,822.2985824396507,300.0515561521462,45.79853255027206,0.0,0.0,-45.79853255027206,0.0,-544.195711318468,0.0,8.732895563267355,1000.0,0.0,0.0,0.0,-46.671822106599045,-1000.0,1000.0,1000.0,-1000.0,0.0,0.0,0.0,0.0,0.0,-26.198686689802116,0.0,213.0826517437233,0.0,406.25,406.25,-406.25,0.0,0.0,0.0,0.0,0.0,5.623984742746401,0.0,0.0,258.5489873319224,-230.66072295607142,1000.0,0.0,52.39737337960409,0.0,0.0,0.0,0.0,-67.37732867344192,0.0,0.0,0.19212370239205442,0.0,0.0,0.0,106.54132587186164,0.0,0.0,0.0,0.0,266.8126023664288,0.0,0.0,0.0,0.0,0.0,0.0,0.0,0.0,962.5525285324215,0.0,0.017465791126534697,0.017465791126534697,0.0,0.0,0.0,0.0,0.0,0.0,0.0,0.0,0.0,0.0,0.0,0.0,0.0,0.0,0.0,219.25095729721923,0.0,0.0,0.0,0.0,0.0,0.0,0.0,0.0,0.0,0.0,0.0,0.0,1000.0,354.0781899741644,-894.2167855418041,0.0,0.0,0.0,104.79474675920824,0.0,0.0,0.0,0.0,0.0,895.2052532407918,-1000.0,0.0,0.0,0.0,0.0,0.0,0.0,0.0,0.0,0.0,0.0,0.0,0.0,-969.1111431436536,-1000.0,119.64066921676269,-379.3120940404725,0.0,0.0,-46.497164195333696,0.0,0.0,0.0,0.0,0.0,0.0,0.0,0.0,0.0,46.87500000000001,0.0,-46.87500000000001,-46.87500000000001,0.0,0.0,0.0,0.0,-21.832238908168378,47.72622600718262,-13.099343344901024,-13.099343344901019,0.0,0.0,0.0,0.0,0.0,-2.183223890816837,0.0,46.671822106599045,0.0,0.0,0.0,0.0,0.0,0.0,0.0,1000.0,52.39737337960409,52.39737337960409,0.0,0.0,0.0,0.0,0.0,0.19212370239205442,219.25095729721923,0.0,0.0,46.497164195333696,0.0,0.0,0.0,0.0,0.0,0.0,0.0,0.0,0.0,0.0,0.0,0.0,0.0,0.0,0.0,0.0,0.0,0.0,0.0,183.3908068286143,13.448659167431709,0.0,0.0,0.0,0.0,0.0,219.25095729721923,0.0,-27.805539473445467,0.0,0.0,0.0,-21.832238908168378,0.0,0.0,0.0,0.0,0.0,0.0,0.0,0.0,0.0,0.0,0.0,0.0,0.0,0.0,0.0,0.0,0.0,0.0,-0.17465791126534697,0.0,0.0,8.732895563267348,-1000.0,0.0,0.0,0.0,0.0,47.72622600718262,0.0,0.0,0.0,15.038046159946544,4.366447781633674,0.0,0.0,0.0,0.17465791126534697,0.0,174.65791126534697,-54.143952492257554,34.931582253069394,1.2475565090381926,487.295572430318,-0.1309934334490102,8.732895563267348,3.4931582253069395,-0.8732895563269856,-487.295572430318,52.39737337960409,-0.17465791126534697,0.0,0.0,0.04366447781633674,1.2475565090381926,0.0,-27.805539473445467,-3.4931582253069564,101.72609870736778,-0.17465791126534697,0.04366447781633674,-487.295572430318,17.465791126534697,0.17465791126534697,0.17465791126534697,-218.88417568356184,0.19212370239188167,-664.4366115565819,-0.1309934334490102,52.39737337960409,0.17465791126534697,379.3120940404725,239.5857650281949,-0.08732895563267348,-335.56338844341815,-204.6287295728366,-0.1309934334490102,-0.17465791126534697,-54.143952492257554,0.17465791126534697,17.465791126534697,-3.4931582253069395,234.71450654221917,234.71450654221917,-17.465791126534697,-101.72609870736778,-234.71450654221917,34.931582253069394,0.2619868668980204,-1000.0,17.465791126534697,-189.78566419362633,0.0,-34.931582253069394,0.08732895563267348,1.7465791126534695,99.9279794964407,132.14347287863833,-0.17465791126534697,-258.5489873319224,218.88417568356184,54.143952492257554,0.17465791126534697,27.805539473445467,-536.504214179278,0.0,-0.17465791126534697,-0.04366447781633674,0.0,-0.17465791126534697,-964.488167708728,0.17465791126539898,-0.04366447781633674,-0.04366447781633674,-0.04366447781633674,69.86316450613879,-239.5857650281949,1.7465791126534695,274.1086833375935,-0.04366447781633674,199.8559589928814,8.732895563267348,490.97697941763136,0.17465791126534697,0.08732895563267348,0.08732895563267348,17.465791126534697,54.143952492257554,0.17465791126534697,-54.143952492257554,1.7465791126534695,0.17465791126534697,-563.5266899953466,0.17465791126534697,0.6986316450616386,0.8732895563269856,0.08732895563267348,0.04366447781633674,52.39737337960409,-0.17465791126534697,664.4366115565819,1.7465791126534782,-548.217366675187,4.366447781633676,-17.465791126534697,34.931582253069394,8.732895563267348,-0.17465791126534697,0.0,0.2619868668980204,-0.17465791126534697,-34.931582253069394,54.143952492257554,379.0886409887361,0.08732895563267348,-981.9539588352627,-0.17465791126534697,-0.17465791126539898,-0.17465791126534694,0.08732895563267348,487.295572430318,-34.931582253069394,0.17465791126534697,199.8559589928814,-0.04366447781633674,-0.19212370239188167,-199.8559589928814,26.198686689802045,204.6287295728366,340.5949373402878,487.295572430318,-0.1309934334490102,258.5489873319224,-132.14347287863833,0.17465791126534697,-0.043664477816336734,8.732895563267355,174.65791126534697,-0.08732895563267348,-0.17465791126534697,0.04366447781633674,110.4319703497051,0.0,211.33143387108802,289.4180066577531,-1000.0,0.0,657.7002483846861,296.19161631318184,0.0,756.8316493048771,-570.9280702747737,-5.241488658035792,-788.5812371732793,-378.4158246524386,500.0,285.4640351373869,0.0,-148.09580815659092,-219.25095729721923,-311.71131231529415,788.5812371732793,5.241488658035792,-311.71131231529415,-657.7002483846861,588.3693357187148,0.0,1496.5981,bhi
209,0.0,0.0,0.0,0.0,0.0,0.0,0.0,0.0,-0.13763114545434502,0.0,0.0,0.0,0.0,0.0,0.0,0.0,389.4973962312828,797.8588623275595,0.0,-1000.0,0.0,0.0,0.0,0.0,0.0,250.2733111302085,0.0,0.0,0.0,-901.0270222733012,0.0,0.0,687.4682906482058,0.0,0.0,0.0,0.0,-0.5505245818174508,0.0,-464.85193040947365,958.7106563636964,0.0,0.0,0.0,0.0,0.0,0.27526229090869003,0.0,908.671691433802,0.0,0.0,874.8162957370283,0.0,0.15139425999996092,0.0,0.0,0.0,27.526229090869,0.0,0.0,71.26094658946778,0.0,465.9956423275332,287.11160051956233,752.0660857861254,0.0,0.0,0.0,0.0,582.8686640674844,0.0,1.37631145454345,0.0,0.0,0.0,0.0,0.0,0.0,0.0,0.0,0.0,0.0,0.0,0.0,82.578687272607,0.0,0.0,771.4991295466756,0.0,-194.64547475655064,-0.03440778636358625,0.0,0.0,-294.09156298784177,41.2893436363035,0.0,41.2893436363035,0.0,0.0,0.0,0.0,6.88155727271725,-901.0270222733012,0.0,0.0,-309.490061037253,0.0,367.1008745850495,0.0,0.0,0.0,0.0,0.0,0.0,0.0,0.0,0.0,0.0,0.0,0.0,0.0,0.0,0.0,0.0,-658.7803489980938,0.0,0.0,41.2893436363035,0.0,42.66565509084695,27.557693296465338,0.0,611.0680034106713,-1000.0,388.9319965893288,-388.9319965893288,-250.14498839743868,-93.75000000000009,93.75000000000009,0.0,0.0,0.0,0.0,0.0,0.0,10.59759819998473,0.13763114545434502,0.0,0.0,0.0,-241.22577849346615,213.69954940259714,0.0,0.0,0.0,0.0,1000.0,0.0,0.0,0.0,0.0,0.0,999.8623688545457,999.8623688545457,0.0,0.0,0.0,0.0,0.0,0.0,0.0,1000.0,0.0,0.0,0.0,21.263206994482232,0.0,0.0,0.0,0.0,0.0,0.0,0.0,0.0,0.0,0.0,-106.93493949123135,0.0,0.0,0.0,0.0,-1000.0,0.0,0.0,0.0,0.0,0.0,0.0,-874.8162957370283,194.64547475655064,-194.64547475655064,0.0,0.0,0.0,0.0,0.0,0.0,0.0,0.0,-17.203893181793124,0.0,0.0,0.0,0.0,0.0,0.0,0.0,0.0,0.0,0.0,0.0,0.0,0.0,0.0,137.30374130087233,477.6742303452447,0.0,0.0,0.0,0.0,32.602391231204365,0.0,0.0,0.0,0.0,71.26094658946778,477.6742303452447,0.0,0.0,0.0,0.0,0.0,0.0,0.0,0.0,4.43172288362706,0.0,0.0,0.0,194.64547475655064,0.0,1000.0,0.0,-477.6742303452447,0.0,0.0,250.14498839743868,-832.0900025456991,0.0,0.0,0.0,-97.2525884085195,0.0,0.0,-502.27083565982844,-502.27083565982844,1000.0,-1000.0,1000.0,502.27083565982844,194.64547475655064,0.0,-812.8501881593393,0.0,0.0,406.5038911793489,0.0,0.0,0.0,-36.866636416194915,0.0,36.866636416194915,0.0,1000.0,250.14498839743868,0.0,0.0,0.0,0.0,0.0,71.26094658946778,-0.20644671818151747,0.0,0.0,0.0,0.0,0.13763114545434502,0.0,0.0,0.0,921.6765422488651,389.4973962312828,0.0,-645.7045169897002,-366.5703324493247,0.0,1000.0,0.0,15.322978563771755,0.0,-309.490061037253,0.0,0.0,0.0,460.03872000271485,0.0,-475.3616985664866,-1000.0,-1000.0,0.0,0.0,0.0,0.0,0.0,0.0,0.0,0.0,0.0,0.0,0.0,0.0,0.0,0.0,0.0,0.0,0.0,-1000.0,0.0,-1000.0,0.0,0.0,0.0,0.0,0.0,0.0,-15.02932108361179,0.0,0.0,0.0,0.0,0.0,0.0,-471.38228638273114,659.687608431047,-3.440778636358625,0.0,0.0,-6.88155727271725,-181.84740041412311,0.0,471.38228638273114,-666.5691657037643,932.671747199691,0.0,0.0,-1000.0,0.0,-6.88155727271725,186.97083599586279,0.0,41.2893436363035,0.0,0.0,0.0,0.0,0.0,0.0,0.0,0.0,0.0,0.0,-338.9064722130014,0.0,0.0,0.0,0.0,0.0,0.0,0.0,0.0,-107.62309521850314,0.0,0.0,0.0,0.0,0.0,0.0,0.0,68.48816857369982,0.2752622909091144,0.0,0.0,0.0,0.0,0.0,0.0,0.0,0.0,0.0,0.0,0.0,0.0,0.0,0.0,0.0,0.0,0.0,0.0,0.0,0.15139425999996092,0.15139425999996092,0.0,258.8056784808366,0.0,82.578687272607,0.0,0.0,0.0,1000.0,0.0,86.52649091250939,0.0,0.0,0.0,-39.78984013503403,-1000.0,0.0,0.0,0.0,0.0,0.0,0.0,0.0,0.0,0.0,0.0,0.0,0.0,0.0,219.59344966603126,-921.6765422488651,27.526229090869,0.0,10.59759819998473,0.0,0.0,-294.09156298784177,-326.69395421904613,0.0,-39.78984013503403,0.0,-852.8517661759901,881.5500946146558,93.74999999992707,-93.74999999992707,0.0,0.0,0.0,0.0,0.0,0.0,0.0,0.0,0.0,0.0,0.0,0.0,0.0,0.0,82.578687272607,250.14498839743868,250.14498839743868,0.0,0.0,0.0,0.0,0.0,0.0,0.0,0.0,0.0,0.0,1.37631145454345,0.0,0.0,0.0,0.0,0.0,-874.8162957370283,0.0,0.0,41.2893436363035,0.0,0.0,0.0,0.0,0.0,0.0,0.0,0.0,0.0,0.0,-642.8935969128311,1000.0,0.0,41.2893436363035,41.2893436363035,1000.0,-1000.0,0.0,0.0,0.0,0.0,0.0,0.0,0.0,901.0270222733012,0.0,1000.0,0.13763114545434502,0.0,0.0,0.0,71.53081597880897,0.0,0.0,294.09156298784177,0.0,-250.14498839743868,0.0,0.0,0.0,0.0,0.0,0.0,0.0,0.0,0.0,0.0,0.0,0.0,0.13763114545434502,0.0,0.0,0.0,-915.0295371528781,915.0295371528781,0.0,0.0,0.0,0.0,0.0,-15.02932108361179,0.0,0.0,0.0,-10.322335909075875,-6.88155727271725,0.0,0.0,-468.75000000000006,-468.75000000000006,468.75000000000006,0.0,0.0,0.0,0.0,0.0,0.0,0.0,250.14498839743868,0.0,0.0,0.0,0.0,0.0,0.0,0.0,-0.13763114545434502,0.0,0.0,0.13763114545434502,0.0,0.13763114545434502,0.0,332.7236756700457,0.0,82.578687272607,167.9099974543009,167.9099974543009,0.0,0.0,0.0,0.0,0.0,0.0,0.0,27.526229090869,0.0,0.0,0.0,0.0,0.0,471.88876162633414,0.0,0.0,0.0,0.0,0.0,0.0,0.0,0.0,0.0,0.0,0.0,0.0,0.0,32.602391231204365,0.0,-281.30188777626574,281.30188777626574,0.20644671818151747,0.0,0.0,0.0,-41.2893436363035,0.0,0.0,0.0,0.0,0.0,-258.8056784808366,6.88155727271725,0.0,0.0,0.0,0.0,0.0,110.05180754310655,0.0,0.0,0.0,0.0,0.0,0.0,0.0,0.0,250.14498839743868,0.0,0.0,1000.0,258.8056784808366,0.0,1000.0,-309.490061037253,0.0,95.02248645949476,0.0,-95.02248645949476,0.0,-1000.0,0.0,6.88155727271725,409.9674034842087,0.0,0.0,0.0,-107.62309521850314,0.0,0.0,0.0,0.0,0.0,0.0,0.0,0.0,0.0,376.06295388114387,-289.77268620806433,167.9099974543009,0.0,0.0,0.0,0.0,0.0,0.0,0.0,0.0,0.0,4.43172288362706,0.0,0.0,0.0,-71.53081597880897,701.9201848589332,0.0,41.2893436363035,0.0,0.0,0.0,0.0,253.20030311132396,0.0,0.0,0.15139425999996092,0.0,0.0,0.0,83.95499872715044,0.0,0.0,0.0,0.0,137.30374130087233,0.0,0.0,0.0,0.0,0.0,0.0,0.0,0.0,64.4279847333641,0.0,0.013763114545434503,0.013763114545434503,0.0,0.0,0.0,0.0,0.0,0.0,0.0,0.0,0.0,0.0,0.0,0.0,0.0,0.0,0.0,258.8056784808366,0.0,0.0,0.0,0.0,0.0,0.0,0.0,0.0,0.0,0.0,0.0,0.0,-1000.0,0.0,797.8588623275595,0.0,0.0,0.0,82.578687272607,0.0,0.0,0.0,0.0,0.0,-321.64341150276624,239.06472423015924,0.0,0.0,0.0,0.0,0.0,0.0,0.0,0.0,0.0,0.0,0.0,0.0,-1000.0,-1000.0,566.1660962625605,-41.2893436363035,0.0,0.0,-0.5505245818174508,0.0,0.0,0.0,0.0,0.0,0.0,0.0,0.0,0.0,171.87500000000003,0.0,-171.87500000000003,-171.87500000000003,0.0,0.0,0.0,0.0,-17.203893181793124,250.14498839743868,-10.322335909075875,751.3391119253226,0.0,0.0,0.0,0.0,0.0,-1.7203893181793126,0.0,107.62309521850314,0.0,0.0,0.0,0.0,0.0,0.0,0.0,1000.0,41.2893436363035,41.2893436363035,0.0,0.0,0.0,0.0,0.0,0.15139425999996092,258.8056784808366,0.0,0.0,0.5505245818174508,0.0,0.0,0.0,0.0,0.0,0.0,0.0,0.0,0.0,0.0,0.0,0.0,0.0,0.0,181.87612615805148,0.0,0.0,27.557693296465338,0.0,144.51270272706225,10.59759819998473,0.0,0.0,0.0,0.0,0.0,258.8056784808366,0.0,-116.93336481582381,0.0,0.0,0.0,-17.203893181793124,0.0,0.0,0.0,0.0,0.0,0.0,0.0,0.0,0.0,0.0,0.0,0.0,0.0,0.0,0.0,0.0,0.0,0.0,-0.13763114545434502,0.0,0.0,6.88155727271725,39.78984013503403,0.0,0.0,0.0,0.0,250.14498839743868,0.0,0.0,0.0,-460.03872000271485,3.440778636358625,0.0,0.0,250.2733111302085,0.13763114545434502,0.0,137.631145454345,-15.107961794381609,27.526229090869,0.9830796103881785,439.10628241055326,-0.10322335909075873,6.881557272717259,2.7526229090869,-0.6881557272717957,-439.10628241055326,41.2893436363035,-0.13763114545434502,103.16335367908432,0.0,0.03440778636358625,0.9830796103881785,-309.490061037253,-21.91087835632905,-2.7526229090869,-187.35625855884223,-0.13763114545434502,0.03440778636358625,-439.10628241055326,556.0220179270088,0.13763114545434502,0.13763114545434502,-258.5166530753823,0.1513942599997795,0.0,-0.10322335909075873,41.2893436363035,0.13763114545434502,41.2893436363035,-68.8155727271725,-0.0688155727271725,-381.01987792549403,-46.503136922093205,-0.10322335909075873,-0.13763114545434502,-15.107961794381609,0.13763114545434502,13.7631145454345,-2.7526229090869005,32.602391231204365,32.602391231204365,-13.763114545434519,187.35625855884223,-32.602391231204365,27.526229090869002,0.20644671818151747,-556.9201450970572,13.7631145454345,-219.59344966603126,0.0,-27.526229090869,0.0688155727271725,1.37631145454345,161.42612924742505,286.3319075717056,-0.13763114545434502,-289.77268620806433,258.5166530753823,42.66565509084695,0.13763114545434502,21.91087835632905,-707.4162779267884,0.0,-0.13763114545434502,-0.03440778636358625,0.0,-0.13763114545434502,68.48816857369982,0.1376311454543595,-0.03440778636358625,-0.03440778636358625,-0.03440778636358625,55.052458181738,68.8155727271725,1.37631145454345,101.96747488848592,-0.03440778636358625,219.6889048157658,6.88155727271725,-27.362527014132663,0.13763114545434502,0.0688155727271725,0.06881557272717251,-111.30937965328484,15.107961794381609,0.13763114545434502,-15.107961794381609,1.37631145454345,0.13763114545434502,-101.96747488848592,0.13763114545434502,0.5505245818174508,0.6881557272717957,0.0688155727271725,0.03440778636358625,41.2893436363035,-0.13763114545434502,0.0,1.37631145454345,-203.93494977697185,3.4407786363586155,-13.7631145454345,27.526229090869,6.88155727271725,-0.13763114545434502,309.490061037253,0.20644671818151747,-0.13763114545434502,222.61875930656967,15.107961794381609,-54.45371320643784,0.06881557272717251,54.725054028265326,-0.13763114545434502,-0.1376311454543595,-0.13763114545434502,0.06881557272717251,439.10628241055326,-27.526229090869,0.13763114545434502,322.8522584948501,-0.03440778636358625,-0.1513942599997795,-322.8522584948501,20.644671818151746,46.503136922093205,-322.48396406348024,439.10628241055326,-0.10322335909075873,289.77268620806433,-286.3319075717056,0.13763114545434502,-0.034407786363586254,6.88155727271725,137.631145454345,-0.0688155727271725,-0.13763114545434502,0.03440778636358625,1000.0,0.0,556.85132952433,0.0,-1000.0,0.0,133.81692265376876,-1000.0,542.2589033815743,1000.0,620.8703041593853,-1000.0,0.0,-500.0,500.0,-310.43515207969267,-542.2589033815743,500.0,-258.8056784808366,-198.74658990488612,0.0,1000.0,-198.74658990488612,-133.81692265376876,413.73504301756134,0.0,1496.5981,bhi
210,0.0,0.0,0.0,0.0,0.0,0.0,0.0,0.0,-0.17395175477585567,0.0,0.0,0.0,0.0,0.0,0.0,0.0,-509.4819901411746,766.5704213939733,0.0,0.0,0.0,0.0,0.0,0.0,0.0,0.0,0.0,0.0,0.0,490.5180098588254,0.0,0.0,459.460083296649,0.0,0.0,0.0,0.0,999.304192980897,0.0,-1000.0,655.210736893222,0.0,-349.71694574461605,0.0,0.0,0.0,802.9065722010783,0.0,593.3393857882569,0.0,0.0,924.0923512505237,0.0,0.1913469302536133,0.0,0.0,0.0,34.790350955171135,0.0,0.0,37.627365129157624,0.0,0.0,-121.21278387009443,1000.0,0.0,0.0,0.0,140.06704483871306,630.2048127290873,0.0,1.739517547758557,0.0,0.0,0.0,0.0,0.0,0.0,0.0,1000.0,0.0,0.0,0.0,0.0,104.3710528655134,0.0,0.0,167.59345509726293,929.7299317589773,0.0,999.9565120613061,0.0,0.0,158.53771541737729,52.1855264327567,0.0,52.1855264327567,-787.5798020652649,231.41572955625725,0.0,0.0,8.697587738792784,199.60436115346997,0.0,0.0,0.0,0.0,1000.0,0.0,0.0,0.0,0.0,0.0,0.0,0.0,0.0,0.0,0.0,0.0,0.0,0.0,0.0,0.0,0.0,-513.809385081013,0.0,0.0,52.1855264327567,0.0,53.925043980515255,0.0,0.0,0.0,0.0,0.0,0.0,0.0,0.0,0.0,-158.84014899925205,0.0,0.0,0.0,0.0,0.0,13.394285117740887,0.17395175477585567,1000.0,0.0,0.0,0.0,-216.14435977690255,0.0,0.0,0.0,0.0,1000.0,0.0,0.0,0.0,0.0,0.0,197.26737955369754,197.26737955369754,0.0,0.0,0.0,656.2499999999999,-1000.0,0.0,0.0,197.4413313084734,0.0,0.0,0.0,-154.44895228955284,0.0,0.0,0.0,0.0,0.0,0.0,0.0,0.0,0.0,0.0,-63.72012834553588,0.0,0.0,0.0,0.0,-1000.0,0.0,0.0,0.0,0.0,0.0,0.0,-574.3754055059078,-929.7299317589773,929.7299317589773,0.0,0.0,0.0,0.0,0.0,0.0,0.0,290.9136487053554,1000.0,0.0,0.0,0.0,0.0,0.0,0.0,0.0,0.0,0.0,0.0,0.0,0.0,0.0,268.7598734740499,216.0444441152637,0.0,0.0,0.0,0.0,158.84014899925205,158.53771541737729,0.0,0.0,0.0,0.0,37.627365129157624,0.0,0.0,0.0,0.0,0.0,0.0,0.0,0.0,0.0,218.02144443851637,0.0,0.0,0.0,-509.7429177733385,1000.0,-743.1724963793652,0.0,0.0,0.0,0.0,158.84014899925205,934.7799662331046,0.0,0.0,0.0,-215.93497837125477,0.0,0.0,-825.7626445705286,-825.7626445705286,-226.0502999591448,0.0,0.0,599.7123446113837,0.0,0.0,0.0,0.0,0.0,326.78768040726,0.0,0.0,0.0,-1000.0,0.0,1000.0,0.0,1000.0,0.0,158.84014899925205,1000.0,656.2499999999999,0.0,0.0,37.627365129157624,-0.2609276321637835,0.0,0.0,0.0,0.0,0.17395175477585567,0.0,0.0,0.0,571.2553137113497,-509.4819901411746,0.0,-786.9358169850341,415.11517531406724,0.0,707.3962633259787,0.0,461.5245639290303,0.0,0.0,0.0,0.0,0.0,-14.977246086201346,-1000.0,553.452682157171,0.0,727.5913654471276,0.0,0.0,0.0,0.0,0.0,0.0,0.0,0.0,0.0,0.0,0.0,0.0,0.0,0.0,0.0,0.0,0.0,1000.0,0.0,0.0,0.0,0.0,1000.0,0.0,0.0,0.0,-231.41572955625725,0.0,231.41572955625725,0.0,463.12866000291547,0.0,859.9329551612869,0.0,-798.5143623988142,0.0,0.0,0.0,729.4825255619755,-250.80737996577616,-1000.0,0.0,789.8167746600215,-908.6735522928257,-4.348793869396392,-738.1801133007683,-346.7719863552059,0.0,0.0,1000.0,630.4365676703454,52.1855264327567,0.0,0.0,0.0,0.0,0.0,0.0,0.0,-268.7598734740499,268.7598734740499,268.7598734740499,331.14557495158385,0.0,0.0,0.0,0.0,0.0,290.9136487053554,0.0,0.0,-83.5854187409368,0.0,0.0,0.0,0.0,0.0,0.0,0.0,-52.28544209439554,0.3479035095512728,0.0,0.0,0.0,0.0,0.0,0.0,0.0,0.0,0.0,770.2718575678003,0.0,0.0,0.0,0.0,0.0,0.0,0.0,0.0,0.0,0.1913469302536133,0.1913469302536133,0.0,185.30529603641486,0.0,104.3710528655134,0.0,0.0,0.0,853.6415878032118,0.0,0.0,0.0,0.0,0.0,801.8106881385365,-853.6415878032118,0.0,0.0,1000.0,0.0,0.0,0.0,0.0,0.0,0.0,0.0,0.0,0.0,0.0,171.26979502700433,-571.2553137113497,216.14435977690255,0.0,13.394285117740887,0.0,-218.7500000000001,377.2877154173774,218.7500000000001,0.0,801.8106881385365,0.0,749.525246044141,0.0,-593.6875000000733,593.6875000000733,268.7598734740499,0.0,0.0,0.0,0.0,0.0,0.0,0.0,0.0,0.0,0.0,0.0,0.0,0.0,104.3710528655134,158.84014899925205,158.84014899925205,0.0,0.0,0.0,0.0,0.0,0.0,0.0,0.0,0.0,0.0,1.739517547758557,0.0,0.0,0.0,0.0,0.0,-574.3754055059078,0.0,0.0,52.1855264327567,-1000.0,0.0,0.0,0.0,0.0,0.0,0.0,0.0,0.0,0.0,-47.4769547797581,669.7887426150553,0.0,52.1855264327567,52.1855264327567,-21.74396934698196,-853.6415878032118,0.0,0.0,0.0,0.0,0.0,0.0,0.0,800.39563884653,290.9136487053554,727.5913654471276,0.17395175477585567,0.0,0.0,0.0,229.72814243219966,0.0,0.0,-158.53771541737729,0.0,0.0,0.0,0.0,0.0,0.0,0.0,0.0,0.0,0.0,0.0,0.0,0.0,0.0,0.17395175477585567,0.0,0.0,0.0,-102.84739889605301,102.84739889605301,0.0,0.0,0.0,0.0,0.0,1000.0,0.0,0.0,-1000.0,-13.046381608189176,-8.697587738792784,0.0,0.0,0.0,0.0,0.0,0.0,0.0,0.0,0.0,0.0,0.0,0.0,158.84014899925205,0.0,0.0,0.0,639.1341554091382,0.0,0.0,0.0,-0.17395175477585567,0.0,0.0,0.17395175477585567,0.0,0.17395175477585567,0.0,0.0,0.0,104.3710528655134,212.22114082654392,212.22114082654392,0.0,0.0,0.0,0.0,0.0,0.0,0.0,216.14435977690255,0.0,290.9136487053554,0.0,0.0,0.0,0.0,0.0,0.0,0.0,0.0,0.0,0.0,0.0,0.0,0.0,0.0,0.0,0.0,0.0,158.53771541737729,0.0,0.0,0.0,0.2609276321637835,0.0,0.0,0.0,-52.1855264327567,0.0,0.0,0.0,0.0,0.0,-185.30529603641486,8.697587738792784,0.0,0.0,0.0,-656.25,1000.0,-330.48074245161877,0.0,0.0,0.0,0.0,0.0,0.0,0.0,0.0,158.84014899925205,0.0,1000.0,-377.3857785828279,-83.45457743763507,0.0,1000.0,0.0,0.0,-561.896472007876,231.41572955625725,330.48074245161877,0.0,722.5588254065607,0.0,8.697587738792784,323.9191098881581,0.0,0.0,0.0,-83.5854187409368,-281.25000000000375,281.25000000000375,0.0,0.0,0.0,0.0,0.0,0.0,0.0,50.673746737346804,-13.04638160818918,212.22114082654392,0.0,0.0,0.0,0.0,0.0,0.0,0.0,0.0,0.0,218.02144443851637,0.0,0.0,211.39805925279313,-1000.0,972.2944065646359,-349.71694574461605,52.1855264327567,0.0,0.0,0.0,0.0,158.07418460980568,0.0,0.0,0.1913469302536133,0.0,0.0,0.0,106.11057041327196,0.0,0.0,0.0,0.0,216.0444441152637,0.0,0.0,0.0,0.0,0.0,0.0,0.0,0.0,-1000.0,0.0,1000.0,0.017395175477585567,0.0,0.0,0.0,0.0,0.0,0.0,0.0,0.0,0.0,0.0,0.0,0.0,0.0,0.0,0.0,185.30529603641486,0.0,0.0,0.0,0.0,0.0,0.0,0.0,0.0,0.0,0.0,0.0,0.0,0.0,-1000.0,766.5704213939733,0.0,0.0,0.0,104.3710528655134,0.0,0.0,0.0,0.0,0.0,895.6289471344866,-1000.0,0.0,0.0,0.0,0.0,0.0,0.0,0.0,0.0,0.0,0.0,0.0,0.0,1000.0,1000.0,119.15695202146114,0.0,-52.1855264327567,0.0,999.304192980897,0.0,0.0,0.0,0.0,0.0,0.0,0.0,0.0,0.0,0.0,0.0,0.0,0.0,0.0,0.0,0.0,0.0,-21.74396934698196,158.84014899925205,-13.046381608189176,0.0,0.0,0.0,0.0,0.0,0.0,-2.174396934698196,0.0,83.5854187409368,0.0,0.0,0.0,0.0,0.0,0.0,0.0,1000.0,52.1855264327567,52.1855264327567,0.0,0.0,0.0,0.0,1000.0,0.1913469302536133,185.30529603641486,0.0,0.0,-999.304192980897,999.9826048245225,0.0,0.0,0.0,0.0,0.0,0.0,0.0,0.0,0.0,0.0,0.0,0.0,0.0,0.0,0.0,0.0,0.0,0.0,182.64934251464845,13.394285117740887,0.0,0.0,0.0,0.0,0.0,185.30529603641486,0.0,534.2033526475611,0.0,0.0,0.0,-21.74396934698196,0.0,0.0,0.0,0.0,0.0,0.0,0.0,0.0,0.0,0.0,0.0,0.0,0.0,0.0,0.0,0.0,0.0,0.0,-0.17395175477585567,0.0,0.0,8.697587738792784,-801.8106881385365,0.0,0.0,0.0,0.0,158.84014899925205,0.0,0.0,0.0,14.977246086201346,4.348793869396392,0.0,0.0,0.0,0.17395175477585567,0.0,173.95175477585568,-53.925043980515255,34.790350955171135,1.2425125341132548,485.3253958246373,-0.13046381608189175,8.697587738792777,3.479035095517114,-0.869758773878857,-485.3253958246373,52.1855264327567,-0.17395175477585567,0.0,0.0,0.04348793869396392,1.2425125341132548,0.0,-27.69311936031488,-3.479035095517114,-257.0884312527987,-0.17395175477585567,0.04348793869396392,-485.3253958246373,17.395175477585568,0.17395175477585567,0.17395175477585567,-184.9399973513854,0.19134693025341676,-511.7455253910445,-0.13046381608189175,52.1855264327567,0.17395175477585567,52.1855264327567,-86.97587738792784,-0.08697587738792784,-488.2544746089555,-176.10684264973872,-0.13046381608189175,-0.17395175477585567,-53.925043980515255,0.17395175477585567,17.395175477585568,-3.479035095517114,158.53771541737729,158.53771541737729,-17.395175477585568,257.0884312527987,-158.53771541737729,34.790350955171135,0.2609276321637835,-1000.0,17.395175477585568,-171.26979502700433,0.0,-34.790350955171135,0.08697587738792784,1.739517547758557,196.73395424625852,-48.66422648246393,-0.17395175477585567,-224.4444408609823,184.9399973513854,53.925043980515255,0.17395175477585567,27.69311936031488,-208.74210573102664,0.0,-0.17395175477585567,-0.04348793869396392,0.0,-0.17395175477585567,-52.28544209439554,0.17395175477584615,-0.04348793869396392,-0.04348793869396392,-0.04348793869396392,69.58070191034227,86.97587738792784,1.739517547758557,128.87650631956217,-0.04348793869396392,393.46790849251704,8.697587738792784,34.84030878599056,0.17395175477585567,0.08697587738792784,0.08697587738792784,-62.02489902204046,53.925043980515255,0.17395175477585567,-53.925043980515255,1.739517547758557,0.17395175477585567,-128.87650631956217,0.17395175477585567,0.6958070191029204,0.869758773878857,0.08697587738792784,0.04348793869396392,52.1855264327567,-0.17395175477585567,511.7455253910445,1.739517547758557,-257.75301263912434,4.348793869396445,-17.395175477585568,34.790350955171135,8.697587738792784,-0.17395175477585567,0.0,0.2609276321637835,-0.17395175477585567,124.04979804408092,53.925043980515255,622.1070586834422,0.08697587738792784,-69.68061757198112,-0.17395175477585567,-0.17395175477584615,-0.17395175477585567,0.08697587738792784,485.3253958246373,-34.790350955171135,0.17395175477585567,393.46790849251704,-0.04348793869396392,-0.19134693025341676,-393.46790849251704,26.09276321637835,176.10684264973872,300.56118426168604,485.3253958246373,-0.13046381608189175,224.4444408609823,48.66422648246393,0.17395175477585567,-0.04348793869396392,471.82624774170824,173.95175477585568,-0.08697587738792784,-0.17395175477585567,0.04348793869396392,0.0,0.0,999.9130241226121,0.0,-1000.0,0.0,496.35340953587774,-463.3044170771955,0.0,881.0660969275696,-365.93592590675496,-818.6459911782686,0.0,-440.5330484637848,500.0,182.96796295337748,0.0,231.65220853859776,-185.30529603641486,-780.1812432932479,0.0,818.6459911782686,-780.1812432932479,-496.35340953587774,343.8501698946594,0.0,1496.5981,bhi
211,0.0,0.0,0.0,0.0,0.0,0.0,0.0,0.0,668.7199543123181,0.0,0.0,0.0,0.0,0.0,0.0,0.0,0.25815316333860305,0.0,0.0,287.1260910601743,0.0,0.0,0.0,460.38055581327933,0.0,406.50788594745427,0.0,0.0,0.0,-691.730406096441,0.0,0.0,355.65846757042124,0.0,0.0,0.0,0.0,-110.44168940463953,0.0,-1000.0,702.4922350829587,0.0,0.0,-144.82015850456943,0.0,0.0,0.0,0.0,160.15649610502035,0.0,0.0,-531.315756828082,0.0,0.18931231978120877,0.0,0.0,0.0,34.42042177848041,0.0,0.0,65.14441434416108,0.0,0.0,-175.75820585769304,0.0,0.0,0.0,0.0,330.7740103225736,-330.7740103225736,0.0,1.7210210889240205,0.0,0.0,0.0,0.0,0.0,0.0,0.0,0.0,0.0,0.0,0.0,0.0,103.26126533544124,0.0,0.0,0.0,0.0,0.0,-0.04302552722310051,0.0,0.0,974.8172664654757,51.63063266772062,0.0,374.3850223630317,0.0,0.0,0.0,0.0,8.605105444620103,-1000.0,0.0,0.0,-30.65709828809583,0.0,0.0,0.0,0.0,0.0,0.0,0.0,0.0,0.0,0.0,0.0,0.0,0.0,0.0,0.0,0.0,0.0,0.0,-863.537281916284,0.0,0.0,374.3850223630317,0.0,53.35165375664463,0.0,0.0,0.0,0.0,0.0,0.0,759.0973797981459,0.0,0.0,-1000.0,0.0,0.0,0.0,0.0,0.0,13.251862384715013,0.17210210889240204,0.0,0.0,0.0,-1000.0,887.3579703649235,0.0,0.0,0.0,0.0,1000.0,0.0,0.0,0.0,0.0,0.0,992.9960791477154,992.9960791477154,0.0,0.0,0.0,0.0,300.0677823485349,0.0,0.0,993.1681812566078,0.0,0.0,0.0,43.85883179391708,0.0,0.0,0.0,0.0,0.0,0.0,0.0,0.0,0.0,0.0,0.0,0.0,0.0,0.0,0.0,-1000.0,0.0,0.0,0.0,0.0,0.0,0.0,531.315756828082,0.0,0.0,240.90262020185412,0.0,0.0,0.0,0.0,0.0,0.0,308.269593903559,-345.7239917158772,0.0,0.0,0.0,0.0,0.0,0.0,0.0,0.0,0.0,0.0,0.0,0.0,0.0,0.0,209.11275336821151,0.0,0.0,0.0,0.0,0.0,-189.7720460809403,0.0,0.0,0.0,0.0,65.14441434416108,144.82015850456943,0.0,0.0,0.0,0.0,0.0,0.0,0.0,0.0,225.079580427939,0.0,322.75438969531103,0.0,0.0,0.0,691.4722529331024,0.0,0.0,0.0,0.0,240.90262020185412,209.9645728487305,0.0,0.0,0.0,-251.78069456026958,0.0,0.0,-1000.0,-999.9999999999999,-839.8188976045367,0.0,0.0,160.1811023954632,0.0,0.0,-404.346161872928,0.0,0.0,429.03430968888784,0.0,0.0,0.0,-1000.0,0.0,1000.0,0.0,992.8239770388229,0.0,0.0,-1000.0,0.0,0.0,0.0,65.14441434416108,-0.25815316333860305,0.0,0.0,0.0,0.0,0.17210210889240204,0.0,0.0,0.0,349.4048230881155,0.25815316333860305,0.0,-804.0549313400844,721.563234653459,0.0,1000.0,0.0,297.6078029384392,0.0,-30.65709828809583,0.0,0.0,0.0,17.381298743684077,-314.98910168212325,0.0,-1000.0,-1000.0,0.0,0.0,0.0,0.0,0.0,0.0,0.0,0.0,0.0,0.0,0.0,0.0,0.0,0.0,0.0,0.0,0.0,-1000.0,0.0,-890.24671903093,0.0,0.0,219.53789252160536,0.0,0.0,0.0,-238.33144281265413,0.0,0.0,0.0,0.0,0.0,-295.61867672785604,0.0,-8.605105444620103,0.0,279.8337680874057,911.5751860488053,0.0,0.0,-263.9347799429388,0.0,0.0,0.0,-4.302552722310051,-8.605105444620103,-299.125400239795,0.0,0.0,0.0,-285.40201728021054,374.3850223630317,0.0,0.0,0.0,0.0,0.0,668.8920564212106,0.0,0.0,0.0,0.0,-919.6330133548413,0.0,0.0,0.0,0.0,0.0,308.269593903559,0.0,0.0,-110.61379151353196,0.0,0.0,76.87725744599045,0.0,0.0,0.0,0.0,-277.9142986298967,0.3442042177846745,0.0,0.0,0.0,0.0,0.0,0.0,0.0,0.0,0.0,0.0,0.0,0.0,0.0,0.0,0.0,0.0,0.0,0.0,0.0,0.18931231978120877,0.18931231978120877,0.0,89.17362177193513,0.0,103.26126533544124,0.0,0.0,0.0,1000.0,0.0,0.0,0.0,0.0,0.0,975.0618718596742,-1000.0,0.0,0.0,0.0,0.0,0.0,76.87725744599045,0.0,0.0,0.0,0.0,0.0,0.0,0.0,287.8457606387613,-349.4048230881155,112.64202963507651,0.0,13.251862384715013,0.0,923.6866923445618,51.13057412091382,0.0,0.0,975.0618718596742,0.0,697.1475732297775,0.0,-531.2500000000244,531.2500000000244,0.0,0.0,0.0,0.0,0.0,0.0,0.0,0.0,0.0,0.0,0.0,0.0,0.0,0.0,103.26126533544124,240.90262020185412,240.90262020185412,0.0,0.0,0.0,0.0,0.0,0.0,0.0,0.0,0.0,0.0,1.7210210889240205,0.0,0.0,0.0,0.0,0.0,531.315756828082,0.0,0.0,374.3850223630317,0.0,0.0,0.0,0.0,0.0,0.0,0.0,0.0,0.0,0.0,733.3506964730692,0.0,0.0,51.63063266772062,51.63063266772062,1000.0,-1000.0,0.0,76.87725744599045,0.0,0.0,0.0,0.0,0.0,1000.0,308.269593903559,945.6623770178658,0.17210210889240204,0.0,0.0,-772.714579192027,1000.0,0.0,0.0,-974.8172664654757,0.0,0.0,0.0,0.0,0.0,0.0,0.0,0.0,0.0,0.0,0.0,0.0,0.0,0.0,0.17210210889240204,0.0,0.0,0.0,0.0,0.0,0.0,0.0,0.0,0.0,-634.8440402120627,1000.0,0.0,0.0,-274.1962291099159,-12.907658166930155,0.0,-8.605105444620103,0.0,-531.25,-531.2499999999999,531.25,0.0,0.0,0.0,0.0,0.0,0.0,0.0,240.90262020185412,0.0,0.0,0.0,-276.79691183559044,0.0,0.0,0.0,668.7199543123181,0.0,0.0,0.17210210889240204,0.0,0.17210210889240204,0.0,0.0,0.0,103.26126533544124,209.9645728487305,209.9645728487305,0.0,0.0,0.0,0.0,0.0,0.0,0.0,112.64202963507651,0.0,308.269593903559,0.0,0.0,32.19929031931946,0.0,0.0,0.0,0.0,0.0,0.0,0.0,0.0,0.0,0.0,0.0,0.0,0.0,0.0,51.13057412091382,0.0,-406.50788594745427,406.50788594745427,0.25815316333860305,0.0,0.0,0.0,-374.3850223630317,0.0,0.0,0.0,0.0,0.0,-89.17362177193513,8.605105444620103,0.0,0.0,0.0,0.0,-300.0677823485349,219.53789252160536,-8.605105444620103,0.0,0.0,0.0,0.0,0.0,0.0,0.0,240.90262020185412,0.0,0.0,0.0,89.17362177193513,0.0,675.7887718956731,-30.65709828809583,383.949510078986,616.050489921014,0.0,-1000.0,0.0,0.0,0.0,8.605105444620103,1000.0,0.0,0.0,0.0,-110.61379151353196,0.0,0.0,0.0,0.0,0.0,0.0,0.0,0.0,0.0,102.0812799388653,-127.89659627272559,209.9645728487305,0.0,0.0,0.0,0.0,0.0,0.0,0.0,0.0,0.0,225.079580427939,0.0,0.0,0.0,-227.28542080797297,770.9568224298837,0.0,51.63063266772062,0.0,0.0,0.0,0.0,143.34693513723417,0.0,0.0,0.18931231978120877,0.0,0.0,0.0,104.98228642436526,0.0,0.0,0.0,0.0,209.11275336821151,0.0,0.0,0.0,0.0,0.0,0.0,0.0,0.0,-1000.0,0.0,0.017210210889239744,0.017210210889239744,0.0,0.0,0.0,0.0,0.0,0.0,0.0,0.0,0.0,-772.714579192027,0.0,0.0,0.0,0.0,0.0,89.17362177193513,0.0,0.0,0.0,0.0,0.0,0.0,0.0,0.0,0.0,0.0,0.0,0.0,574.7684884470259,0.0,0.0,0.0,0.0,0.0,103.26126533544124,0.0,0.0,0.0,0.0,0.0,295.05093773187815,-398.3122030673194,0.0,0.0,0.0,0.0,0.0,0.0,0.0,0.0,0.0,0.0,0.0,0.0,-945.6623770178658,-1000.0,150.0892349106149,-966.0017959204879,591.6167735574562,0.0,-110.44168940463953,0.0,0.0,0.0,0.0,0.0,0.0,0.0,0.0,0.0,0.0,0.0,0.0,0.0,0.0,0.0,0.0,0.0,-21.512763611550255,240.90262020185412,-12.907658166930155,147.1882284251149,0.0,0.0,0.0,0.0,0.0,-1000.0,997.848723638845,110.61379151353196,0.0,0.0,0.0,0.0,0.0,0.0,0.0,1000.0,51.63063266772062,51.63063266772062,0.0,0.0,0.0,0.0,0.0,0.18931231978120877,89.17362177193513,0.0,0.0,110.44168940463953,0.0,0.0,0.0,0.0,0.0,0.0,0.0,0.0,0.0,0.0,0.0,0.0,0.0,0.0,0.0,0.0,0.0,0.0,0.0,180.70721433702215,0.0,0.0,13.251862384715013,0.0,0.0,0.0,89.17362177193513,0.0,0.0,0.0,0.0,0.0,-21.512763611550255,0.0,0.0,0.0,0.0,0.0,0.0,0.0,0.0,0.0,0.0,0.0,0.0,0.0,0.0,0.0,0.0,0.0,0.0,-0.17210210889240204,0.0,0.0,8.605105444620103,-975.0618718596742,0.0,0.0,0.0,0.0,240.90262020185412,0.0,0.0,0.0,-17.381298743684077,4.302552722310051,0.0,0.0,406.50788594745427,0.17210210889240204,0.0,172.10210889240204,-53.35165375664463,34.42042177848041,1.2293007778028717,480.16488380980167,-0.12907658166930153,8.605105444620103,3.442042177848041,-0.8605105444618447,-480.16488380980167,51.63063266772062,-0.17210210889240204,10.21903276269861,76.87725744599045,0.04302552722310051,1.2293007778028717,-30.65709828809583,-27.398655735668854,-3.442042177848041,-287.3842442235129,-0.17210210889240232,0.04302552722310051,-480.16488380980167,17.210210889240205,0.17210210889240204,0.17210210889240204,-88.81220734326152,0.18931231978164179,-572.2585696241262,-0.12907658166930153,51.63063266772062,0.17210210889240204,374.3850223630317,236.70333524910998,-0.08605105444620102,-366.4272337996821,172.38973308280768,-0.12907658166930153,-0.17210210889240204,-53.35165375664463,0.17210210889240204,17.210210889240205,-3.442042177848041,51.13057412091382,51.13057412091382,-17.210210889240205,287.3842442235129,-51.13057412091382,34.42042177848041,0.25815316333860305,-1000.0,17.210210889240205,-287.8457606387613,76.87725744599045,-34.42042177848041,0.08605105444620102,1.7210210889240205,201.0137328350211,123.59404355041553,-0.17210210889240204,-127.89659627272559,88.81220734326152,53.35165375664463,0.17210210889240204,27.398655735668854,-452.3996629202028,76.87725744599045,-0.17210210889240204,-0.04302552722310051,-76.87725744599045,-0.17210210889240204,-277.9142986298967,0.17210210889228836,-0.04302552722310051,-0.04302552722310051,-0.04302552722310051,68.84084355696082,-236.70333524910998,1.7210210889240205,127.50614992566055,-0.04302552722310051,391.8084329073436,8.605105444620103,147.56225475956845,0.17210210889240204,0.08605105444620102,0.08605105444620102,55.648839612235435,53.35165375664463,0.17210210889240204,-53.35165375664463,1.7210210889240205,0.17210210889240204,-127.50614992566055,0.17210210889240204,0.6884084355694723,0.8605105444618447,0.08605105444620102,0.04302552722310051,51.63063266772062,-0.17210210889240204,572.2585696241262,1.7210210889240205,-255.0122998513211,4.302552722310051,-17.210210889240205,34.42042177848041,8.605105444620103,-0.17210210889240204,30.65709828809583,0.25815316333860305,-0.17210210889240204,-111.29767922447087,53.35165375664463,104.63272708297865,0.08605105444620102,-295.1245095191369,-0.17210210889240204,-0.17210210889228836,-0.17210210889240204,0.08605105444620102,480.16488380980167,-34.42042177848041,0.17210210889240204,402.0274656700422,-0.04302552722310051,-0.18931231978164179,-402.0274656700422,25.815316333860302,-172.38973308280768,60.33282207421618,480.16488380980167,-0.12907658166930153,127.89659627272559,-123.59404355041553,0.17210210889240232,-0.043025527223100504,8.605105444620103,172.10210889240204,-0.08605105444620102,-0.17210210889240204,0.04302552722310051,0.0,0.0,999.9139489455538,0.0,-1000.0,0.0,496.96682264688866,-390.11902246503877,0.0,-1000.0,915.8696898644567,-597.5671640390769,0.0,500.0,500.0,-457.9348449322284,0.0,195.05951123251938,-89.17362177193513,-247.97966222021282,0.0,597.5671640390769,-247.97966222021282,-496.96682264688866,466.0781373389256,0.0,1496.5981,bhi
212,0.0,0.0,0.0,0.0,0.0,0.0,0.0,0.0,-0.1750768672431052,0.0,0.0,0.0,0.0,0.0,0.0,0.0,-135.07884350846626,403.41775207989394,0.0,0.0,0.0,0.0,0.0,694.7941101600086,0.0,0.0,0.0,0.0,0.0,-1000.0,0.0,0.0,888.8347717296899,0.0,0.0,0.0,0.0,-141.51753087229022,0.0,-1000.0,1000.0,0.0,-469.7490761459994,0.0,0.0,0.0,0.0,0.0,68.06472169440076,0.0,0.0,173.73974029323426,0.0,0.1925845539672779,0.0,0.0,0.0,35.01537344862104,0.0,0.0,95.43729941390609,0.0,237.12990715343943,0.0,0.0,0.0,0.0,0.0,954.2712927605959,-954.2712927605959,0.0,1.750768672431052,0.0,0.0,0.0,0.0,0.0,0.0,0.0,0.0,0.0,0.0,0.0,0.0,105.04612034586313,0.0,0.0,0.0,-358.01608604794785,185.78124824189513,-0.0437692168107763,0.0,0.0,0.0,52.523060172931565,0.0,52.523060172931565,0.0,0.0,0.0,0.0,676.3080996721453,-1000.0,0.0,0.0,0.0,0.0,0.0,0.0,0.0,0.0,0.0,0.0,0.0,0.0,0.0,0.0,0.0,0.0,0.0,0.0,0.0,0.0,0.0,-827.8621477440356,0.0,0.0,52.523060172931565,0.0,54.27382884536261,0.0,0.0,-869.5679334468164,869.5679334468164,0.0,0.0,-332.5672065673455,0.0,0.0,0.0,0.0,0.0,0.0,0.0,0.0,13.480918777719094,0.1750768672431052,0.0,0.0,0.0,0.0,-156.63859152311144,0.0,0.0,0.0,0.0,1000.0,0.0,0.0,0.0,0.0,0.0,264.95781505017123,264.95781505017123,0.0,0.0,0.0,0.0,-222.75492064633636,0.0,0.0,265.1328919174143,0.0,0.0,0.0,102.01246553420695,0.0,0.0,0.0,0.0,0.0,0.0,0.0,0.0,0.0,0.0,0.0,0.0,0.0,0.0,0.0,-1000.0,0.0,0.0,0.0,0.0,0.0,0.0,296.00933585276516,172.23483780605272,-172.23483780605272,173.908889491049,0.0,0.0,0.0,0.0,0.0,0.0,0.0,-22.25729851048868,0.0,0.0,0.0,0.0,0.0,0.0,0.0,0.0,0.0,0.0,0.0,0.0,0.0,446.37672005445677,189.45286805101296,771.0047859613003,0.0,0.0,0.0,158.65831707629653,71.10332966577604,0.0,0.0,0.0,0.0,95.43729941390609,771.0047859613003,0.0,0.0,0.0,0.0,0.0,0.0,0.0,0.0,5.637475125226478,0.0,0.0,0.0,0.0,-1000.0,536.3088953532188,0.0,-771.0047859613003,0.0,0.0,332.5672065673455,-726.1328693965244,0.0,0.0,0.0,-128.50056579276588,0.0,0.0,-1000.0,0.0,0.0,-1000.0,0.0,0.0,-185.78124824189513,0.0,681.3276084847802,0.0,0.0,243.45224045143846,0.0,0.0,0.0,-655.4053476358051,0.0,655.4053476358051,0.0,671.3045766124554,0.0,158.65831707629653,0.0,0.0,0.0,0.0,95.43729941390609,-0.2626153008646578,0.0,0.0,0.0,0.0,0.1750768672431052,0.0,0.0,0.0,696.8272455450169,-135.07884350846626,0.0,-582.1930117284704,118.36675727493596,0.0,956.3783319237976,0.0,-736.3248074898086,0.0,0.0,0.0,0.0,0.0,-15.074118269631219,-248.60107424056025,1000.0,-250.5312599369538,-1000.0,0.0,0.0,0.0,0.0,0.0,0.0,0.0,0.0,0.0,0.0,0.0,0.0,0.0,0.0,0.0,0.0,0.0,-978.401143048687,0.0,-1000.0,0.0,162.41608035463045,0.0,0.0,0.0,0.0,-19.11839390294557,0.0,0.0,0.0,0.0,667.55425630999,-705.6702185200356,558.211626230558,-342.5309715171503,-4.37692168107763,0.0,102.26886375243498,-188.53968530229037,-235.74100174284115,-1000.0,-558.211626230558,0.0,1000.0,0.0,179.7858419401351,1000.0,0.0,-1000.0,1000.0,221.0656231572905,52.523060172931565,0.0,0.0,0.0,811.0547288554783,0.0,0.0,446.37672005445677,0.0,0.0,0.0,153.92989769590065,0.0,0.0,-406.5218384295273,0.0,0.0,0.0,0.0,0.0,-141.69260773953332,0.0,0.0,96.14472824913393,0.0,0.0,0.0,0.0,-19.70878364503005,0.35015373448601633,0.0,0.0,0.0,0.0,0.0,0.0,0.0,0.0,0.0,0.0,0.0,0.0,0.0,0.0,0.0,0.0,0.0,0.0,0.0,0.1925845539672779,0.1925845539672779,0.0,26.324595380975495,0.0,105.04612034586313,0.0,0.0,0.0,1000.0,0.0,0.0,0.0,0.0,0.0,521.8848149229071,-1000.0,0.0,0.0,0.0,0.0,0.0,96.14472824913393,0.0,0.0,0.0,0.0,0.0,0.0,0.0,275.95404924801187,-696.8272455450169,156.63859152311144,0.0,13.480918777719094,0.0,0.0,0.0,-245.01221915682504,0.0,521.8848149229071,0.0,502.1760312778771,0.0,237.24840256363234,-237.24840256363234,446.37672005445677,0.0,0.0,0.0,0.0,0.0,0.0,0.0,0.0,0.0,0.0,0.0,0.0,0.0,105.04612034586313,332.5672065673455,332.5672065673455,0.0,0.0,0.0,0.0,0.0,0.0,0.0,0.0,0.0,0.0,1.750768672431052,0.0,0.0,0.0,0.0,0.0,296.00933585276516,0.0,0.0,52.523060172931565,0.0,0.0,0.0,0.0,0.0,0.0,0.0,0.0,0.0,0.0,0.0,685.8682177871619,0.0,52.523060172931565,52.523060172931565,1000.0,-1000.0,0.0,96.14472824913393,0.0,0.0,0.0,0.0,0.0,869.3109733666953,0.0,1000.0,0.1750768672431052,0.0,0.0,0.0,231.21401417555512,0.0,0.0,0.0,0.0,0.0,0.0,0.0,0.0,0.0,0.0,0.0,0.0,0.0,0.0,0.0,0.0,0.0,0.1750768672431052,0.0,0.0,0.0,0.0,0.0,0.0,0.0,0.0,162.41608035463045,-19.11839390294557,0.0,0.0,0.0,-21.598856951313035,-13.130765043232891,-8.75384336215526,0.0,0.0,593.75,593.75,-593.75,0.0,0.0,0.0,0.0,0.0,0.0,0.0,332.5672065673455,0.0,0.0,0.0,-770.1805334805542,0.0,0.0,0.0,-0.1750768672431052,0.0,0.0,0.1750768672431052,0.0,0.1750768672431052,0.0,0.0,0.0,105.04612034586313,213.59377803658833,213.59377803658833,0.0,0.0,0.0,0.0,0.0,0.0,0.0,156.63859152311144,0.0,0.0,0.0,0.0,0.0,0.0,0.0,0.0,0.0,0.0,0.0,0.0,0.0,0.0,0.0,0.0,0.0,0.0,0.0,245.01221915682504,0.0,0.0,0.0,0.2626153008646578,0.0,0.0,0.0,-52.523060172931565,0.0,0.0,0.0,0.0,0.0,-26.324595380975495,8.75384336215526,0.0,0.0,0.0,0.0,222.75492064633636,0.0,0.0,0.0,0.0,0.0,0.0,0.0,0.0,0.0,332.5672065673455,0.0,0.0,0.0,-420.0521246734813,0.0,999.6273098948994,0.0,0.0,0.0,0.0,0.0,0.0,-939.7266474331127,0.0,8.75384336215526,319.5462477729458,0.0,0.0,0.0,-141.69260773953332,593.749999999997,-593.749999999997,0.0,0.0,0.0,0.0,0.0,0.0,0.0,-13.130765043232879,-13.130765043232884,213.59377803658833,0.0,0.0,0.0,0.0,0.0,0.0,0.0,0.0,0.0,5.637475125226478,0.0,0.0,52.58612546744126,-231.21401417555512,-803.7331603841455,-469.7490761459994,52.523060172931565,0.0,0.0,0.0,0.0,-3.5908430690105853,0.0,0.0,0.1925845539672779,0.0,0.0,0.0,106.79688901829417,0.0,0.0,0.0,0.0,189.45286805101296,0.0,0.0,0.0,0.0,0.0,0.0,0.0,0.0,0.0,0.0,0.01750768672431052,0.01750768672431052,0.0,0.0,0.0,0.0,0.0,0.0,0.0,0.0,0.0,0.0,0.0,0.0,0.0,0.0,0.0,26.324595380975495,0.0,0.0,0.0,0.0,0.0,0.0,0.0,0.0,0.0,0.0,0.0,0.0,1000.0,-224.7560209849864,403.41775207989394,0.0,0.0,0.0,105.04612034586313,0.0,0.0,0.0,0.0,0.0,-105.04612034586313,0.0,0.0,0.0,0.0,0.0,0.0,0.0,0.0,0.0,0.0,0.0,0.0,0.0,-1000.0,-381.2202865702585,119.92765406152705,0.0,-52.523060172931565,0.0,20.89854948234024,0.0,0.0,0.0,0.0,0.0,0.0,0.0,0.0,0.0,0.0,0.0,0.0,0.0,0.0,0.0,0.0,0.0,-21.88460840538815,332.5672065673455,-680.685021353223,0.0,0.0,0.0,0.0,0.0,0.0,0.0,-2.188460840538815,141.69260773953332,0.0,0.0,0.0,0.0,0.0,0.0,0.0,1000.0,52.523060172931565,52.523060172931565,0.0,0.0,0.0,0.0,0.0,0.1925845539672779,26.324595380975495,0.0,0.0,-20.89854948234023,0.0,0.0,0.0,0.0,0.0,0.0,0.0,0.0,0.0,0.0,0.0,0.0,0.0,0.0,0.0,0.0,0.0,0.0,0.0,183.83071060526046,0.0,0.0,13.480918777719094,0.0,0.0,0.0,26.324595380975495,0.0,-8.75384336215526,0.0,0.0,0.0,-21.88460840538815,0.0,0.0,0.0,0.0,0.0,0.0,0.0,0.0,0.0,0.0,0.0,0.0,0.0,0.0,0.0,0.0,0.0,0.0,-0.1750768672431052,0.0,0.0,8.75384336215526,-521.8848149229071,0.0,0.0,0.0,0.0,332.5672065673455,0.0,0.0,0.0,15.074118269631219,4.37692168107763,0.0,0.0,0.0,0.1750768672431052,0.0,175.0768672431052,-54.27382884536261,35.01537344862104,1.2505490517364657,488.4644596082635,-0.1313076504323289,342.5309715171503,3.501537344862104,-0.8753843362159112,-488.4644596082635,52.523060172931565,-0.1750768672431052,0.0,96.14472824913393,0.0437692168107763,1.2505490517364657,0.0,-27.87223726510083,-3.501537344862104,-268.3389085714277,-0.1750768672431052,0.0437692168107763,-488.4644596082635,17.50768672431052,0.1750768672431052,0.1750768672431052,-25.95693395976511,0.19258455396741572,-908.54355537472,-0.1313076504323289,52.523060172931565,0.1750768672431052,52.523060172931565,-87.5384336215526,-0.0875384336215526,-91.45644462528003,-88.78609325732967,-0.1313076504323289,-0.1750768672431052,-54.27382884536261,0.1750768672431052,17.50768672431052,-3.501537344862104,245.01221915682504,245.01221915682504,-17.50768672431052,268.3389085714277,-245.01221915682504,35.01537344862104,0.2626153008646578,-1000.0,17.50768672431052,-275.95404924801187,96.14472824913393,-35.01537344862104,0.0875384336215526,1.750768672431052,145.5482529321176,-385.0367512248602,-0.1750768672431052,-65.71689051067415,25.95693395976511,54.27382884536261,0.1750768672431052,27.87223726510083,-113.94751244259207,96.14472824913393,-0.1750768672431052,-0.0437692168107763,-96.14472824913393,-0.1750768672431052,-19.70878364503005,0.17507686724310864,-0.0437692168107763,-0.0437692168107763,-0.0437692168107763,70.03074689724208,87.5384336215526,1.750768672431052,154.92996873501838,-0.0437692168107763,291.0965058642352,8.75384336215526,18.608235184670285,0.1750768672431052,0.0875384336215526,0.0875384336215526,-13.74910768927078,54.27382884536261,0.1750768672431052,-54.27382884536261,1.750768672431052,0.1750768672431052,-205.3697581675826,0.1750768672431052,0.7003074689727953,0.8753843362159112,0.0875384336215526,0.0437692168107763,52.523060172931565,-0.1750768672431052,908.54355537472,1.750768672431052,-309.85993747003675,338.15404983607266,-17.50768672431052,35.01537344862104,8.75384336215526,-0.1750768672431052,0.0,0.2626153008646578,-0.1750768672431052,27.49821537854156,54.27382884536261,272.6147655758632,0.0875384336215526,-37.21647036934057,-0.1750768672431052,-0.17507686724310864,-0.1750768672431052,0.0875384336215526,488.4644596082635,-35.01537344862104,0.1750768672431052,291.0965058642352,-0.0437692168107763,-0.19258455396741572,-291.0965058642352,26.26153008646578,88.78609325732967,-86.47722656369848,488.4644596082635,-0.1313076504323289,65.71689051067415,385.0367512248602,0.1750768672431052,-0.04376921681077629,8.75384336215526,175.0768672431052,-0.0875384336215526,-0.1750768672431052,0.0437692168107763,1000.0,0.0,999.9124615663784,50.439789432564226,-809.6040252686537,0.0,734.8789099265184,-892.7039704957624,0.0,1000.0,-1000.0,-878.0040918204089,0.0,-500.0,404.80201263432684,500.0,0.0,446.3519852478812,-26.324595380975495,-269.0239225068526,0.0,878.0040918204089,-269.0239225068526,-734.8789099265184,415.6593678224,0.0,1496.5981,bhi
213,0.0,0.0,0.0,0.0,0.0,0.0,0.0,0.0,-0.20353712130354482,0.0,0.0,0.0,0.0,0.0,0.0,0.0,0.0,0.0,0.0,307.89332027422495,0.0,0.0,0.0,979.2392136270385,0.0,0.0,0.0,0.0,0.0,0.0,0.0,0.0,501.7638391783797,0.0,0.0,0.0,0.0,-35.64613451096125,0.0,-1000.0,95.08147137096637,0.0,0.0,0.0,0.0,0.0,0.0,0.0,0.0,-616.5180233711368,0.0,0.0,0.0,0.22389083343405503,0.0,0.0,0.0,40.70742426070896,0.0,0.0,-17.924835816132397,0.0,0.0,-17.924835816132397,0.0,0.0,0.0,0.0,0.0,0.0,0.0,2.035371213035448,0.0,0.0,0.0,0.0,0.0,0.0,0.0,0.0,0.0,0.0,0.0,0.0,122.12227278212688,0.0,0.0,115.63398770747222,499.8473471590223,0.3053056819553172,-0.050884280325886204,0.0,0.0,-476.96792889264555,61.06113639106344,0.0,61.06113639106344,0.0,0.0,0.0,0.0,914.7975367047934,0.0,0.0,0.0,-365.1504623150699,0.0,0.0,0.0,0.0,0.0,0.0,0.0,0.0,0.0,0.0,0.0,0.0,0.0,0.0,0.0,0.0,0.0,0.0,-820.2087184713719,0.0,0.0,61.06113639106344,0.0,63.09650760409888,0.0,0.0,0.0,0.0,0.0,0.0,0.0,0.0,0.0,0.0,0.0,0.0,0.0,0.0,0.0,15.672358340372966,0.20353712130354482,0.0,0.0,0.0,0.0,0.0,0.0,0.0,0.0,0.0,1000.0,0.0,0.0,0.0,0.0,0.0,330.45475937809334,330.45475937809334,0.0,0.0,0.0,531.25,685.4761242354665,0.0,0.0,330.6582964993969,0.0,0.0,0.0,663.6861636842622,-10.360876496934118,0.0,0.0,0.0,0.0,0.0,0.0,0.0,0.0,0.0,0.0,0.0,0.0,0.0,0.0,-1000.0,0.0,0.0,0.0,0.0,0.0,616.5180233711368,0.0,-500.1526528409777,500.1526528409777,0.0,0.0,0.0,0.0,0.0,0.0,0.0,0.0,-752.9713878278333,0.0,0.0,0.0,0.0,0.0,0.0,0.0,0.0,0.0,0.0,0.0,0.0,0.0,380.16726678732886,-167.47594906069662,0.0,0.0,0.0,0.0,0.0,176.01345918231252,0.0,0.0,0.0,0.0,-17.924835816132397,0.0,0.0,0.0,0.0,0.0,0.0,0.0,0.0,0.0,228.97263220199812,0.0,0.0,0.0,0.0,1000.0,-384.51866513350546,0.0,0.0,0.0,0.0,0.0,0.0,0.0,0.0,0.0,287.74586214352576,0.0,0.0,588.2536856878368,0.0,954.3225383735875,-366.0688526857507,954.3225383735875,0.0,-0.3053056819553172,0.0,-307.89332027422495,616.5180233711368,0.0,391.85510925457754,0.0,0.0,0.0,-418.4346013949073,0.0,418.4346013949073,0.0,1000.0,0.0,0.0,1000.0,531.25,0.0,0.0,-17.924835816132397,-0.3053056819553172,0.0,0.0,0.0,0.0,0.20353712130354482,0.0,0.0,0.0,533.952772224626,0.0,0.0,-586.5973438483752,-104.27987979499837,10.360876496934118,156.1426077620298,0.0,-173.95512203190447,0.0,-365.1504623150699,0.0,0.0,0.0,562.5755011496483,-1000.0,611.3796208822562,-540.0337589428932,-128.64986581320147,0.0,0.0,0.0,0.0,0.0,0.0,0.0,0.0,0.0,0.0,0.0,0.0,0.0,0.0,0.0,0.0,0.0,-1000.0,0.0,-965.168013974253,0.0,0.0,222.41873689602312,1000.0,0.0,0.0,-244.6449905423711,0.0,0.0,0.0,0.0,904.6206806396161,1000.0,-529.9515620361717,0.0,0.0,0.0,606.1245795369498,0.0,-1000.0,-465.5424020113629,529.9515620361717,-962.4871963849853,1000.0,-5.08842803258862,-10.17685606517724,-1000.0,0.0,867.7008711526959,1000.0,-1000.0,61.06113639106344,0.0,0.0,0.0,409.7795670157117,0.0,0.0,0.0,-380.16726678732886,380.16726678732886,380.16726678732886,664.1603292519043,0.0,0.0,-669.7487777432102,0.0,0.0,0.0,0.0,0.0,-35.849671632264794,0.0,531.2500000000003,0.0,0.0,0.0,0.0,0.0,-228.53708545176005,0.40707424260699554,0.0,0.0,0.0,0.0,0.0,0.0,0.0,0.0,0.0,0.0,0.0,0.0,0.0,0.0,0.0,0.0,0.0,0.0,0.0,0.22389083343405503,0.22389083343405503,0.0,108.69543822158207,0.0,122.12227278212688,0.0,0.0,0.0,1000.0,0.0,0.0,0.0,0.0,0.0,1000.0,-1000.0,0.0,0.0,779.6643378324786,0.0,0.0,0.0,0.0,0.0,0.0,0.0,0.0,0.0,0.0,273.40290615712394,-533.952772224626,0.0,0.0,15.672358340372966,0.0,0.0,-476.96792889264555,-652.9813880749581,0.0,1000.0,0.0,771.46291454824,0.0,0.0,0.0,380.16726678732886,0.0,0.0,0.0,0.0,0.0,0.0,0.0,0.0,0.0,0.0,0.0,0.0,0.0,122.12227278212688,0.0,0.0,0.0,0.0,0.0,0.0,0.0,0.0,0.0,0.0,0.0,0.0,2.035371213035448,0.0,0.0,0.0,0.0,0.0,0.0,0.0,0.0,61.06113639106344,-779.6643378324786,0.0,0.0,0.0,0.0,0.0,0.0,0.0,0.0,0.0,1000.0,-564.4074413535448,0.0,61.06113639106344,61.06113639106344,1000.0,-1000.0,0.0,0.0,0.0,0.0,0.0,0.0,0.0,-459.9662410571068,0.0,-128.64986581320147,0.20353712130354482,0.0,0.0,0.0,268.79984541294573,0.0,0.0,476.96792889264555,0.0,0.0,0.0,0.0,0.0,0.0,0.0,0.0,0.0,0.0,0.0,0.0,0.0,0.0,0.20353712130354482,0.0,0.0,0.0,-522.1089231267608,522.1089231267608,0.0,0.0,0.0,0.0,-244.6449905423711,222.41873689602312,0.0,0.0,34.831986025746986,-15.265284097765857,0.0,-10.176856065177276,0.0,0.0,0.0,0.0,0.0,0.0,0.0,0.0,0.0,0.0,0.0,0.0,10.360876496934118,0.0,0.0,-122.12227278212688,0.0,0.0,0.0,-0.20353712130354482,0.0,0.0,0.20353712130354482,0.0,0.20353712130354482,0.0,0.0,0.0,122.12227278212688,248.31528799032463,248.31528799032463,0.0,0.0,0.0,0.0,0.0,0.0,0.0,0.0,0.0,0.0,0.0,0.0,0.0,580.1000472938837,0.0,0.0,0.0,0.0,0.0,0.0,0.0,0.0,0.0,0.0,0.0,0.0,0.0,176.01345918231252,0.0,-643.0649282893061,643.0649282893061,0.3053056819553172,0.0,0.0,0.0,-61.06113639106344,0.0,0.0,0.0,0.0,0.0,-108.69543822158207,10.17685606517724,0.0,0.0,0.0,-531.25,-685.4761242354665,0.0,-10.176856065177276,0.0,531.2500000000003,0.0,0.0,0.0,0.0,0.0,0.0,0.0,779.6643378324786,352.18803414399883,-271.4718285657468,0.0,272.47075233510986,-365.1504623150699,0.0,0.0,0.0,0.0,0.0,-248.31528799032463,0.0,10.176856065177276,208.93262434164342,0.0,0.0,0.0,-35.849671632264794,0.0,0.0,0.0,0.0,0.0,0.0,0.0,0.0,0.0,-30.530568195531373,0.0,248.31528799032463,0.0,0.0,0.0,0.0,0.0,0.0,0.0,0.0,0.0,228.97263220199812,0.0,0.0,154.4912905148793,-268.79984541294573,0.0,0.0,61.06113639106344,0.0,0.0,0.0,0.0,53.062823964910606,0.0,0.0,0.22389083343405503,0.0,0.0,0.0,124.15764399516233,0.0,0.0,0.0,0.0,-167.47594906069662,0.0,0.0,0.0,0.0,0.0,0.0,0.0,0.0,92.60893467985619,0.0,0.02035371213035448,0.02035371213035448,0.0,0.0,0.0,0.0,0.0,0.0,0.0,0.0,0.0,0.0,0.0,0.0,0.0,0.0,0.0,108.69543822158207,0.0,0.0,0.0,0.0,0.0,0.0,0.0,616.5180233711368,0.0,0.0,0.0,0.0,0.0,0.0,0.0,0.0,0.0,0.0,122.12227278212688,0.0,0.0,0.0,0.0,0.0,-122.12227278212688,0.0,0.0,0.0,0.0,0.0,0.0,0.0,0.0,0.0,0.0,0.0,0.0,0.0,1000.0,-1000.0,719.5229753868118,-898.6249191462923,837.5637827552289,0.0,-35.64613451096125,0.0,0.0,0.0,0.0,0.0,0.0,0.0,0.0,0.0,0.0,0.0,0.0,0.0,0.0,0.0,0.0,0.0,-25.442140162943133,0.0,-919.885964737382,564.8347631961178,0.0,0.0,0.0,0.0,0.0,-2.5442140162943097,0.0,35.849671632264794,0.0,0.0,0.0,0.0,0.0,0.0,0.0,1000.0,61.06113639106344,61.06113639106344,0.0,0.0,0.0,0.0,0.0,0.22389083343405503,108.69543822158207,0.0,0.0,35.64613451096125,0.0,0.0,0.0,0.0,0.0,0.0,0.0,0.0,0.0,0.0,0.0,0.0,0.0,0.0,321.53246414465303,0.0,0.0,0.0,0.0,213.71397736872206,15.672358340372966,0.0,0.0,0.0,0.0,0.0,108.69543822158207,0.0,222.41873689602312,0.0,0.0,0.0,-25.442140162943133,0.0,0.0,0.0,0.0,0.0,0.0,0.0,0.0,0.0,0.0,0.0,0.0,0.0,0.0,0.0,0.0,0.0,0.0,-0.20353712130354482,0.0,0.0,10.17685606517724,-1000.0,0.0,0.0,0.0,0.0,0.0,0.0,0.0,0.0,-562.5755011496483,5.08842803258862,0.0,0.0,0.0,0.20353712130354482,0.0,203.5371213035448,-63.09650760409888,40.70742426070896,1.4538365807396059,567.86856843689,-0.1526528409776586,962.4871963849853,4.070742426070896,-1.017685606517806,-567.86856843689,61.06113639106344,-0.20353712130354482,121.71682077168997,0.0,0.050884280325886204,1.4538365807396059,-365.1504623150699,-32.403109711525246,-4.070742426070896,-307.89332027422495,-0.20353712130354482,0.050884280325886204,-567.86856843689,20.35371213035448,0.20353712130354482,0.20353712130354482,-108.26801026684447,0.2238908334338993,0.0,-0.1526528409776586,61.06113639106344,0.20353712130354482,61.06113639106343,-101.7685606517724,-0.10176856065177241,-269.6990753698602,-196.57070843397054,-0.1526528409776586,-0.20353712130354482,-63.09650760409888,0.20353712130354482,20.35371213035448,-4.070742426070896,176.01345918231252,176.01345918231252,-20.35371213035448,307.89332027422495,-176.01345918231252,40.70742426070896,0.3053056819553172,-1000.0,20.35371213035448,-273.40290615712394,0.0,-40.70742426070896,0.10176856065177241,2.035371213035448,146.6493359620938,-230.76440430503786,-0.20353712130354482,-154.4912905148793,108.26801026684447,63.09650760409888,0.20353712130354482,32.403109711525246,-244.24454556425388,0.0,-0.20353712130354482,-0.050884280325886204,0.0,-0.20353712130354482,-228.53708545176005,0.20353712130349777,-0.050884280325886204,-0.050884280325886204,-0.050884280325886204,81.41484852141792,101.7685606517724,2.035371213035448,150.79556474576376,-0.050884280325886204,171.58185115249762,10.17685606517724,124.44539879105727,0.20353712130354482,0.10176856065177241,0.10176856065177241,20.35371213035448,63.09650760409888,0.20353712130354482,-63.09650760409888,2.035371213035448,0.20353712130354482,-150.79556474576376,0.20353712130354482,0.8141484852142611,1.017685606517806,0.10176856065177241,0.050884280325886204,61.06113639106344,-0.20353712130354482,0.0,2.035371213035448,-301.5911294915275,957.3987683523967,-20.35371213035448,40.70742426070896,10.17685606517724,-0.20353712130354482,365.1504623150699,0.3053056819553172,-0.20353712130354482,-40.70742426070896,63.09650760409888,315.2460208332677,0.10176856065177241,-248.89079758211454,-0.20353712130354482,-0.20353712130349777,-0.20353712130354482,0.10176856065177241,567.86856843689,-40.70742426070896,0.20353712130354482,293.2986719241876,-0.050884280325886204,-0.2238908334338993,-293.2986719241876,30.53056819553172,196.57070843397054,-205.09786461351698,567.86856843689,-0.1526528409776586,154.4912905148793,230.76440430503786,0.20353712130354482,-0.0508842803258862,10.176856065177276,203.5371213035448,-0.10176856065177241,-0.20353712130354482,0.050884280325886204,500.0778897243529,0.0,999.8982314393483,0.0,-1000.0,0.0,857.0884683372806,-871.412471874258,0.0,1000.0,-749.4968582132549,-313.17817659581874,0.0,-500.0,500.0,374.74842910662744,0.0,435.706235937129,-108.69543822158207,-368.3088447981783,0.0,313.17817659581874,-368.3088447981783,-857.0884683372806,540.48965088559,0.0,1496.5981,bhi
214,0.0,0.0,0.0,0.0,0.0,0.0,0.0,0.0,-0.14612319935341542,0.0,0.0,0.0,0.0,0.0,0.0,0.0,183.98833905017136,1000.0,0.0,-761.047431118661,0.0,0.0,0.0,0.0,0.0,0.0,0.0,0.0,0.0,-1000.0,0.0,0.0,408.4988049899129,0.0,0.0,0.0,0.0,666.5632047524399,0.0,-1000.0,883.9814491935224,0.0,0.0,145.54918627059243,0.0,0.0,0.0,0.0,347.6960486611163,0.0,0.0,0.0,0.0,0.1607355192894206,0.0,0.0,0.0,0.0,0.0,0.0,299.68233619692126,0.0,0.0,-637.9704216630142,0.0,0.0,0.0,0.0,951.2432905829753,-418.7890893468886,0.0,1.461231993534154,0.0,0.0,0.0,0.0,0.0,0.0,0.0,0.0,0.0,0.0,0.0,0.0,87.6739196120493,0.0,0.0,-560.1312397301969,-1000.0,695.2784306941688,-0.036530799838353854,0.0,0.0,-275.33864817972443,43.83695980602462,0.0,116.0185508064776,-4.705167019179498,0.0,0.0,0.0,7.30615996767077,-1000.0,0.0,0.0,-98.1399987145721,0.0,0.0,0.0,0.0,0.0,0.0,0.0,0.0,0.0,0.0,0.0,0.0,0.0,0.0,0.0,0.0,0.0,0.0,-1000.0,0.0,0.0,116.0185508064776,0.0,45.29819179955878,0.0,0.0,897.5983056917999,-897.5983056917999,0.0,0.0,0.0,0.0,0.0,-937.6527578599355,0.0,0.0,0.0,0.0,0.0,11.251486350213012,0.14612319935341542,0.0,0.0,0.0,-302.7401011331466,0.0,0.0,0.0,0.0,0.0,1000.0,0.0,0.0,0.0,0.0,0.0,999.8538768006466,999.8538768006466,0.0,0.0,0.0,0.0,0.0,0.0,0.0,1000.0,0.0,0.0,0.0,-547.0649588404538,-440.7719211640301,0.0,0.0,0.0,0.0,0.0,0.0,0.0,0.0,0.0,-1000.0,0.0,0.0,0.0,0.0,-98.6174340671489,0.0,0.0,0.0,0.0,0.0,0.0,0.0,304.72156930583117,-304.72156930583117,797.2720759959554,0.0,0.0,0.0,0.0,0.0,0.0,0.0,-1000.0,0.0,0.0,0.0,0.0,0.0,0.0,0.0,0.0,0.0,0.0,0.0,0.0,0.0,0.0,-369.0225404996071,468.3156122887123,0.0,0.0,0.0,140.38068186398004,-305.4504092221698,0.0,0.0,0.0,0.0,299.68233619692126,322.7664260181199,0.0,0.0,0.0,0.0,0.0,0.0,0.0,0.0,0.0,29.22463987068308,72.18159100045298,0.0,879.0475849453101,-425.6739843605211,92.28637823675064,0.0,-468.3156122887123,0.0,0.0,937.6527578599355,-132.32946453221135,0.0,0.0,0.0,-327.2777023948138,0.0,0.0,-231.0753968877255,294.85889456212084,0.0,-525.9342914498463,0.0,-294.85889456212084,-695.2784306941688,0.0,756.1093292562507,0.0,0.0,-84.1379405777567,0.0,0.0,0.0,0.0,0.0,0.0,0.0,999.7077536012931,0.0,140.38068186398004,0.0,0.0,0.0,0.0,299.68233619692126,-0.2191847990301231,0.0,0.0,0.0,0.0,0.14612319935341542,0.0,0.0,0.0,-509.22278351311434,183.98833905017136,0.0,-65.42666580971473,-801.3245103040329,440.7719211640301,1000.0,0.0,209.33609539370357,0.0,-98.1399987145721,0.0,0.0,0.0,-12.58120746432973,0.0,-196.75488792937384,874.5055412498864,-1000.0,0.0,0.0,0.0,0.0,0.0,0.0,0.0,0.0,0.0,0.0,0.0,0.0,0.0,0.0,0.0,0.0,0.0,-332.85230245014657,0.0,-1000.0,0.0,0.0,0.0,0.0,0.0,557.5463348505075,-11.251486350213012,0.0,0.0,0.0,0.0,0.0,-1000.0,667.8049826702396,0.0,645.8865027672273,48.756709417024695,0.0,0.0,0.0,0.0,-667.8049826702396,-7.30615996767077,556.2796652233428,-649.5395827510627,-7.30615996767077,0.0,0.0,-7.30615996767077,1000.0,-1000.0,116.0185508064776,0.0,0.0,0.0,0.0,0.0,0.0,0.0,0.0,0.0,0.0,68.56005858043272,0.0,0.0,0.0,0.0,0.0,0.0,0.0,0.0,-338.288085466093,0.0,-906.2499999999965,0.0,0.0,0.0,0.0,0.0,-787.7811924392313,0.2922463987069284,0.0,0.0,0.0,0.0,0.0,0.0,0.0,0.0,0.0,532.4542012360868,0.0,0.0,0.0,0.0,0.0,0.0,0.0,0.0,0.0,0.1607355192894206,0.1607355192894206,0.0,47.56445754860687,0.0,87.6739196120493,0.0,0.0,0.0,1000.0,0.0,325.01903236405843,0.0,0.0,0.0,1000.0,-1000.0,0.0,0.0,330.979683761062,0.0,0.0,0.0,0.0,0.0,0.0,0.0,0.0,0.0,0.0,333.3333333333333,509.22278351311434,302.7401011331466,0.0,11.251486350213012,0.0,0.0,-275.33864817972443,-767.1603149535101,0.0,1000.0,0.0,0.0,212.2188075607687,0.0,0.0,0.0,0.0,0.0,0.0,0.0,0.0,0.0,0.0,0.0,0.0,0.0,0.0,0.0,0.0,87.67391961204925,937.6527578599355,937.6527578599355,0.0,0.0,0.0,0.0,0.0,0.0,0.0,0.0,0.0,0.0,1.461231993534154,0.0,0.0,0.0,0.0,0.0,0.0,0.0,0.0,116.0185508064776,-330.979683761062,0.0,0.0,0.0,0.0,0.0,0.0,0.0,0.0,0.0,-88.2002583274799,744.7708615495302,0.0,43.83695980602462,43.83695980602462,754.8458409065026,-1000.0,0.0,0.0,0.0,0.0,0.0,0.0,0.0,-329.10424238673147,0.0,0.0,0.14612319935341542,0.0,0.0,0.0,192.97655948894985,0.0,0.0,275.33864817972443,0.0,0.0,0.0,0.0,0.0,0.0,0.0,0.0,0.0,0.0,0.0,0.0,0.0,0.0,0.14612319935341542,0.0,0.0,0.0,0.0,0.0,0.0,0.0,0.0,0.0,0.0,-11.251486350212986,0.0,0.0,-667.1476975498534,-10.959239951506156,-1.6436180333113448,-5.662541934359425,0.0,406.25,406.25,-406.25,0.0,0.0,0.0,0.0,0.0,0.0,0.0,937.6527578599355,440.7719211640301,0.0,0.0,-1000.0,0.0,0.0,0.0,-0.14612319935341542,0.0,0.0,0.14612319935341542,0.0,0.14612319935341542,0.0,0.0,0.0,87.6739196120493,178.2703032111668,178.2703032111668,0.0,0.0,0.0,0.0,0.0,0.0,0.0,302.7401011331466,0.0,0.0,0.0,0.0,0.0,0.0,0.0,0.0,0.0,0.0,0.0,0.0,0.0,0.0,0.0,0.0,0.0,0.0,0.0,491.82166677378564,0.0,0.0,0.0,0.2191847990301231,0.0,0.0,0.0,-116.0185508064776,0.0,0.0,0.0,0.0,0.0,-47.56445754860687,7.30615996767077,0.0,0.0,0.0,0.0,0.0,-402.99440226617037,-5.662541934359425,0.0,-906.2499999999965,0.0,0.0,0.0,0.0,0.0,937.6527578599355,0.0,330.979683761062,1000.0,47.56445754860687,0.0,-226.88875917432043,-98.1399987145721,0.0,-414.24588861638335,0.0,414.24588861638335,0.0,-310.59976774337815,0.0,7.30615996767077,862.6028074888476,0.0,430.5252340958334,0.0,-338.288085466093,843.7499999999973,-843.7499999999973,1000.0,-1000.0,0.0,0.0,0.0,0.0,0.0,1000.0,-21.918479903012326,178.2703032111668,0.0,0.0,0.0,0.0,0.0,0.0,0.0,0.0,0.0,0.0,0.0,0.0,58.52369750011302,-725.4307607250366,1000.0,0.0,43.83695980602462,0.0,0.0,0.0,0.0,-436.4276817919042,0.0,0.0,0.1607355192894206,0.0,0.0,0.0,89.1351516055834,0.0,0.0,0.0,0.0,-369.0225404996071,0.0,0.0,0.0,0.0,0.0,0.0,0.0,0.0,-1000.0,0.0,325.6297523233909,0.01461231993534154,0.0,0.0,0.0,0.0,0.0,0.0,0.0,0.0,0.0,0.0,0.0,0.0,0.0,0.0,0.0,47.56445754860687,0.0,0.0,0.0,0.0,0.0,0.0,0.0,0.0,0.0,0.0,0.0,0.0,-289.2653751009513,1000.0,1000.0,0.0,0.0,0.0,87.6739196120493,0.0,0.0,0.0,0.0,0.0,912.3260803879507,-1000.0,0.0,0.0,0.0,0.0,0.0,0.0,0.0,0.0,0.0,0.0,0.0,0.0,0.0,-454.5987011368451,100.09439155708955,0.0,-116.0185508064776,0.0,666.5632047524399,0.0,0.0,0.0,0.0,0.0,0.0,0.0,0.0,0.0,0.0,0.0,0.0,0.0,0.0,0.0,0.0,0.0,-18.265399919176925,937.6527578599355,-10.959239951506156,10.95923995150622,0.0,0.0,0.0,0.0,0.0,0.0,-1.8265399919176928,338.288085466093,0.0,0.0,0.0,0.0,0.0,0.0,0.0,1000.0,43.83695980602462,43.83695980602462,0.0,0.0,0.0,0.0,0.0,0.1607355192894206,47.56445754860687,0.0,0.0,-666.5632047524399,325.61514000345556,0.0,0.0,0.0,0.0,0.0,0.0,0.0,0.0,0.0,0.0,0.0,0.0,0.0,0.0,0.0,0.0,0.0,0.0,153.42935932108617,11.251486350213012,0.0,0.0,0.0,0.0,0.0,47.56445754860687,0.0,396.64561721367954,0.0,0.0,0.0,-18.265399919176925,0.0,0.0,0.0,0.0,0.0,0.0,0.0,0.0,0.0,0.0,0.0,0.0,0.0,0.0,0.0,0.0,0.0,0.0,-0.14612319935341542,0.0,0.0,7.30615996767077,-1000.0,0.0,0.0,0.0,0.0,937.6527578599355,0.0,0.0,0.0,12.58120746432973,3.653079983835385,0.0,0.0,0.0,0.14612319935341542,0.0,146.1231993534154,-45.29819179955877,29.22463987068308,1.0437371382386815,407.683726196029,-0.10959239951506156,7.30615996767077,2.9224639870683085,-0.7306159967669146,-407.683726196029,43.83695980602462,-0.14612319935341542,32.71333290485737,0.0,0.036530799838353854,1.0437371382386815,-98.1399987145721,-23.26281333706322,-2.9224639870683085,-422.9409079315103,-0.14612319935341542,0.036530799838353854,-407.683726196029,14.61231993534154,0.14612319935341542,0.14612319935341542,-47.25759882996403,0.16073551928877805,-1000.0,-0.10959239951506156,43.83695980602462,0.14612319935341542,116.0185508064776,-0.8800086762547181,-0.07306159967670771,196.2799974291442,290.69196608747484,-0.10959239951506156,-0.14612319935341542,-45.29819179955877,0.14612319935341542,14.61231993534154,-2.9224639870683085,491.82166677378564,491.82166677378564,-14.61231993534154,422.9409079315103,-491.82166677378564,29.22463987068308,0.2191847990301231,-1000.0,14.61231993534154,-333.3333333333333,0.0,-29.22463987068308,0.07306159967670771,1.461231993534154,16.356666452428684,76.78909741928994,-0.14612319935341542,-80.44217740312536,47.25759882996403,45.29819179955878,0.14612319935341542,23.26281333706322,-247.52943022455133,0.0,-0.14612319935341542,-0.036530799838353854,0.0,-0.14612319935341542,-787.7811924392313,0.14612319935343976,-0.036530799838353854,-0.036530799838353854,-0.036530799838353854,58.44927974136616,0.8800086762547181,1.461231993534154,108.25902532096279,-0.036530799838353854,0.0,7.30615996767077,401.19675618728644,0.14612319935341542,0.07306159967670771,0.07306159967670771,-55.57802099664848,45.29819179955877,0.14612319935341542,-45.29819179955877,1.461231993534154,0.14612319935341542,-108.25902532096279,0.14612319935341542,0.5844927974134991,0.7306159967669146,0.07306159967670771,0.036530799838353854,43.83695980602462,-0.14612319935341542,1000.0,1.4612319935341542,-216.51805064192558,3.6530799838353856,-14.61231993534154,29.22463987068308,7.30615996767077,-0.14612319935341542,98.1399987145721,0.2191847990301231,-0.14612319935341542,111.15604199329697,45.29819179955877,805.5172242328572,0.07306159967670771,-802.3935123745729,-0.14612319935341542,-0.14612319935343976,-0.14612319935341542,0.07306159967670771,407.683726196029,-29.22463987068308,0.14612319935341542,32.71333290485737,-0.036530799838353854,-0.16073551928877805,-32.71333290485737,21.918479903012308,-290.69196608747484,409.9063292891318,407.683726196029,-0.10959239951506156,80.44217740312536,-76.78909741928994,0.14612319935341542,-0.03653079983835385,7.30615996767077,146.1231993534154,-0.07306159967670771,-0.14612319935341542,0.036530799838353854,1000.0,0.0,999.9269384003233,0.0,-1000.0,0.0,84.17166246133144,-509.86812641019617,0.0,613.6250466401085,0.35530026345630006,500.40422043678393,0.0,-306.81252332005425,500.0,-0.17765013172815003,0.0,254.93406320509808,-47.56445754860687,-369.089542440953,0.0,-500.40422043678393,-369.089542440953,-84.17166246133144,158.54438637527062,0.0,1496.5981,bhi
215,0.0,0.0,0.0,0.0,0.0,0.0,0.0,0.0,-0.13713806962307223,0.0,0.0,0.0,0.0,0.0,0.0,0.0,-669.8246834306286,190.02721528470164,0.0,850.3209653283534,0.0,0.0,0.0,0.0,0.0,0.0,0.0,0.0,0.0,-717.5431426777703,0.0,0.0,0.0,0.0,0.0,0.0,0.0,-290.93884692841743,0.0,-1000.0,1000.0,0.0,0.0,0.0,0.0,0.0,0.0,0.0,1000.0,0.0,0.0,-436.82549777327176,0.0,0.1508518765853202,0.0,0.0,0.0,27.427613924614445,0.0,0.0,254.8441070036233,0.0,0.0,-545.9200920016638,0.0,0.0,0.0,0.0,1000.0,105.3471968221645,0.0,1.3713806962307222,0.0,0.0,0.0,0.0,0.0,0.0,0.0,0.0,0.0,0.0,0.0,0.0,82.28284177384332,0.0,0.0,-783.9954161873803,335.0151952675316,0.0,-0.03428451740576806,0.0,0.0,0.0,41.141420886921665,0.0,41.141420886921665,0.0,0.0,0.0,0.0,6.856903481153611,-717.5431426777703,0.0,0.0,0.0,0.0,0.0,0.0,0.0,0.0,0.0,0.0,0.0,0.0,0.0,0.0,0.0,0.0,0.0,0.0,0.0,0.0,0.0,-1000.0,0.0,0.0,41.141420886921665,0.0,42.51280158315238,0.0,0.0,-1000.0,1000.0,0.0,0.0,0.0,0.0,0.0,-800.7641990052871,0.0,0.0,0.0,0.0,0.0,10.559631360976605,0.13713806962307223,0.0,0.0,0.0,0.0,-1000.0,0.0,0.0,0.0,0.0,1000.0,0.0,0.0,0.0,0.0,0.0,367.25561608758807,367.25561608758807,0.0,0.0,0.0,0.0,-10.649341186818106,0.0,0.0,367.39275415721113,0.0,0.0,0.0,-253.47721911922724,0.0,0.0,0.0,0.0,0.0,0.0,0.0,0.0,0.0,0.0,0.0,0.0,0.0,0.0,0.0,-1000.0,0.0,0.0,0.0,0.0,0.0,0.0,436.82549777327176,-335.0151952675316,335.0151952675316,376.6815785591534,0.0,0.0,0.0,0.0,0.0,0.0,0.0,-314.3351785042531,0.0,0.0,0.0,0.0,0.0,0.0,0.0,0.0,0.0,0.0,0.0,0.0,0.0,0.0,228.10116523405668,-49.45767166487285,0.0,0.0,0.0,0.0,-51.697058868082195,0.0,0.0,0.0,0.0,254.8441070036233,-49.45767166487285,0.0,0.0,0.0,0.0,0.0,0.0,0.0,0.0,4.415845841864178,0.0,0.0,0.0,-670.0303905350632,0.0,317.8148863183598,0.0,49.45767166487285,0.0,0.0,800.7641990052871,468.2159532608001,0.0,0.0,0.0,-280.7426314519413,0.0,0.0,-943.2574200046854,0.0,0.0,-943.2574200046852,0.0,0.0,0.0,0.0,52.502903759632204,0.0,0.0,57.630694557300274,0.0,0.0,0.0,0.0,0.0,0.0,0.0,367.118478017965,424.08262044613366,0.0,0.0,0.0,0.0,0.0,254.8441070036233,-0.20570710443460832,0.0,0.0,0.0,0.0,0.13713806962307223,0.0,0.0,0.0,629.4582135801429,-669.8246834306286,0.0,-471.23648564140603,413.7650780598036,0.0,1000.0,0.0,1000.0,0.0,0.0,0.0,0.0,0.0,505.98837584310013,-803.5360014579868,-702.4523743851133,-1000.0,29.751144330948705,0.0,0.0,0.0,0.0,0.0,0.0,0.0,0.0,0.0,0.0,0.0,0.0,0.0,0.0,0.0,0.0,0.0,-1000.0,0.0,-709.6097053500749,0.0,0.0,0.0,0.0,0.0,0.0,-14.975477202840782,0.0,0.0,0.0,0.0,0.0,0.0,0.0,993.1430965188464,-48.44199179255304,-196.4639985420132,-502.80075020375364,119.23269077208391,0.0,0.0,0.0,-1000.0,104.74846014071889,45.013540051976236,-126.08959425323752,0.0,0.0,513.4142310058473,1000.0,-881.1849732544545,41.141420886921665,0.0,0.0,0.0,0.0,0.0,0.0,0.0,0.0,0.0,0.0,-495.80492236871635,0.0,0.0,0.0,0.0,0.0,0.0,0.0,0.0,-291.0759849980405,0.0,0.0,41.141420886921665,0.0,0.0,0.0,0.0,-813.040255652865,0.27427613924628474,0.0,0.0,0.0,0.0,0.0,0.0,0.0,0.0,0.0,381.3865815087054,0.0,0.0,0.0,0.0,0.0,0.0,0.0,0.0,0.0,0.1508518765853202,0.1508518765853202,0.0,91.39912395038677,0.0,82.28284177384332,0.0,0.0,0.0,1000.0,0.0,103.88013352823792,0.0,0.0,0.0,1000.0,-1000.0,0.0,0.0,0.0,0.0,0.0,41.141420886921665,0.0,0.0,0.0,0.0,0.0,0.0,0.0,333.3333333333333,-629.4582135801429,1000.0,0.0,10.559631360976605,0.0,-355.8730947177691,355.8730947177691,30.888575026697882,0.0,1000.0,0.0,0.0,186.95974434713503,0.0,0.0,0.0,0.0,0.0,0.0,0.0,0.0,0.0,0.0,0.0,0.0,0.0,0.0,0.0,0.0,82.28284177384333,800.7641990052871,800.7641990052871,0.0,0.0,0.0,0.0,0.0,0.0,0.0,0.0,0.0,0.0,1.3713806962307222,0.0,0.0,0.0,0.0,0.0,436.82549777327176,0.0,0.0,41.141420886921665,0.0,0.0,0.0,0.0,0.0,0.0,0.0,0.0,0.0,0.0,1000.0,1000.0,0.0,41.141420886921665,41.141420886921665,1000.0,-1000.0,0.0,41.141420886921665,0.0,0.0,0.0,0.0,0.0,717.5431426777703,0.0,1000.0,0.13713806962307223,0.0,0.0,0.0,181.11041209007016,0.0,0.0,0.0,0.0,-424.08262044613366,0.0,0.0,0.0,0.0,0.0,0.0,0.0,0.0,0.0,0.0,0.0,0.0,0.13713806962307223,0.0,0.0,0.0,-737.1704820779504,737.1704820779504,0.0,0.0,0.0,0.0,0.0,-14.975477202840782,0.0,0.0,290.39029464992507,-10.285355221730416,-6.856903481153611,0.0,0.0,0.0,0.0,0.0,0.0,0.0,0.0,0.0,0.0,0.0,0.0,800.7641990052871,0.0,0.0,0.0,-360.9138387674534,0.0,0.0,0.0,-0.13713806962307223,0.0,0.0,0.13713806962307223,0.0,0.13713806962307223,0.0,299.87799486732547,0.0,82.28284177384332,167.3084449401481,167.3084449401481,0.0,0.0,0.0,0.0,0.0,0.0,0.0,1000.0,0.0,0.0,0.0,0.0,517.7959636376465,0.0,0.0,0.0,0.0,0.0,0.0,0.0,0.0,0.0,0.0,0.0,0.0,0.0,0.0,324.9845196910712,0.0,0.0,0.0,0.20570710443460832,0.0,0.0,0.0,-41.141420886921665,0.0,0.0,0.0,0.0,0.0,-91.39912395038677,6.856903481153611,0.0,0.0,0.0,0.0,10.649341186818106,907.4168244640495,0.0,0.0,0.0,0.0,0.0,0.0,0.0,0.0,800.7641990052871,0.0,0.0,92.83847975500386,91.39912395038677,0.0,702.807080198631,0.0,0.0,892.4413472612086,0.0,-892.4413472612086,0.0,300.907508320652,0.0,6.856903481153611,684.5493827977684,0.0,217.55020419479956,0.0,-291.0759849980405,-1000.0,1000.0,-781.250000000195,781.250000000195,0.0,0.0,0.0,0.0,0.0,101.68447917211718,-122.2551896155781,167.3084449401481,0.0,0.0,0.0,0.0,0.0,0.0,0.0,0.0,0.0,4.415845841864178,0.0,0.0,0.0,-562.4969935987756,-257.2106998982332,0.0,41.141420886921665,0.0,0.0,0.0,0.0,-146.57263576894547,0.0,0.0,0.1508518765853202,0.0,0.0,0.0,83.65422247007405,0.0,0.0,0.0,0.0,228.10116523405668,0.0,0.0,0.0,0.0,0.0,0.0,0.0,0.0,-1000.0,0.0,0.013713806962307222,0.013713806962307222,0.0,0.0,0.0,0.0,0.0,0.0,0.0,0.0,0.0,0.0,0.0,0.0,0.0,0.0,0.0,91.39912395038677,0.0,0.0,0.0,0.0,0.0,0.0,0.0,0.0,0.0,0.0,0.0,0.0,0.0,1000.0,190.02721528470164,0.0,0.0,0.0,82.28284177384332,0.0,0.0,0.0,0.0,0.0,0.0,-82.28284177384332,0.0,0.0,0.0,0.0,0.0,0.0,0.0,0.0,0.0,0.0,0.0,0.0,29.751144330948705,-1000.0,611.735541329451,0.0,-41.141420886921665,0.0,-290.93884692841743,0.0,0.0,0.0,0.0,0.0,0.0,0.0,0.0,0.0,0.0,0.0,0.0,0.0,0.0,0.0,0.0,0.0,-17.14225870288403,800.7641990052871,-10.285355221730416,629.7657980314942,0.0,0.0,0.0,0.0,0.0,218.9448480076412,-220.65907387792961,291.0759849980405,0.0,0.0,0.0,0.0,0.0,0.0,0.0,1000.0,41.141420886921665,41.141420886921665,0.0,0.0,0.0,0.0,0.0,0.1508518765853202,91.39912395038677,0.0,0.0,290.93884692841743,0.0,0.0,0.0,0.0,0.0,0.0,0.0,0.0,0.0,0.0,0.0,0.0,0.0,0.0,149.93899743366273,0.0,0.0,0.0,0.0,143.99497310422583,10.559631360976605,0.0,0.0,0.0,0.0,0.0,91.39912395038677,0.0,-914.2737279452031,0.0,0.0,0.0,-17.14225870288403,0.0,0.0,0.0,0.0,0.0,0.0,0.0,0.0,0.0,0.0,0.0,0.0,0.0,0.0,0.0,0.0,0.0,0.0,-0.13713806962307223,0.0,0.0,6.856903481153611,-1000.0,0.0,0.0,0.0,0.0,800.7641990052871,0.0,0.0,0.0,-505.98837584310013,3.428451740576805,0.0,0.0,0.0,0.13713806962307223,0.0,137.13806962307223,-42.51280158315238,27.427613924614445,0.9795576401648016,382.61521424837144,-0.10285355221730416,6.8569034811536085,2.7427613924614445,-0.6856903481154291,-382.61521424837144,41.141420886921665,-0.13713806962307223,0.0,41.141420886921665,0.03428451740576806,0.9795576401648016,0.0,-21.832380683994415,-2.7427613924614445,-370.52349718242647,-0.13713806962307223,0.03428451740576806,-382.61521424837144,13.713806962307222,0.13713806962307223,0.13713806962307223,-91.11113400417837,0.15085187658537946,-813.040255652865,-0.10285355221730416,41.141420886921665,0.13713806962307223,41.141420886921665,-68.56903481153611,-0.06856903481153612,-186.95974434713503,37.8461138361519,-0.10285355221730416,-0.13713806962307162,-42.51280158315238,0.13713806962307223,13.713806962307222,-2.7427613924614445,324.9845196910712,324.9845196910712,-13.713806962307222,370.52349718242647,-324.9845196910712,27.427613924614445,0.20570710443460832,-1000.0,13.713806962307222,-333.3333333333333,41.141420886921665,-27.427613924614445,0.06856903481153612,1.3713806962307222,117.80912141035151,118.82673787500121,-0.13713806962307223,-122.2551896155781,91.11113400417837,42.51280158315238,0.13713806962307223,21.832380683994415,-123.42426266076485,41.141420886921665,-0.13713806962307223,-0.03428451740576806,-41.141420886921665,-0.13713806962307223,-813.040255652865,0.13713806962284486,-0.03428451740576806,-0.03428451740576806,-0.03428451740576806,54.85522784922889,68.56903481153611,1.3713806962307222,101.6021673319945,-0.03428451740576806,235.61824282070302,6.856903481153611,413.3770313075861,0.13713806962307223,0.06856903481153612,0.06856903481153612,-177.7567928172988,42.51280158315238,0.13713806962307223,-42.51280158315238,1.3713806962307222,0.13713806962307223,-101.6021673319945,0.13713806962307223,0.5485522784923962,0.6856903481154291,0.06856903481153612,0.03428451740576806,41.141420886921665,-0.13713806962307223,813.040255652865,1.3713806962307222,-203.20433466398902,3.428451740576861,-13.713806962307222,27.427613924614445,6.856903481153611,-0.13713806962307223,0.0,0.20570710443460832,-0.13713806962307223,355.5135856345976,42.51280158315238,480.7021562332677,0.06856903481153612,-826.7540626151722,-0.13713806962307223,-0.13713806962284486,-0.13713806962307223,0.06856903481153581,382.61521424837144,-27.427613924614445,0.13713806962307223,235.61824282070302,-0.03428451740576806,-0.15085187658537946,-235.61824282070302,20.57071044346083,-37.8461138361519,506.40894122996457,382.61521424837144,-0.10285355221730416,122.2551896155781,-118.82673787500121,0.13713806962307223,-0.03428451740576806,6.856903481153611,137.13806962307223,-0.06856903481153612,-0.13713806962307223,0.03428451740576806,1000.0,0.0,999.9314309651885,0.0,-893.9168131112064,0.0,-115.21298776684682,-3.030751338669837,0.0,-234.3276722241266,468.3773084441019,269.76530587675467,0.0,117.1638361120633,446.9584065556032,-234.18865422205096,0.0,1.5153756693349185,-91.39912395038677,-334.12952046432224,0.0,-269.76530587675467,-334.12952046432224,115.21298776684682,-2.751266034194596,0.0,1496.5981,bhi
216,0.0,0.0,0.0,0.0,0.0,0.0,0.0,0.0,-0.20904078990359595,0.0,0.0,0.0,0.0,0.0,0.0,0.0,-590.8451702981579,15.127150279166338,0.0,1000.0,0.0,0.0,0.0,538.4621787069971,0.0,109.73649981385165,0.0,0.0,0.0,641.5710231306151,0.0,0.0,766.510734649305,0.0,0.0,0.0,0.0,970.1211030964463,0.0,-1000.0,937.2877630289212,0.0,0.0,12.936339189779162,0.0,0.0,0.0,0.0,0.0,0.0,0.0,0.0,0.0,0.22994486889410837,0.0,0.0,0.0,41.80815798071919,0.0,0.0,-18.409525564177216,0.0,424.2111158787523,405.80159031457515,0.0,0.0,0.0,0.0,1000.0,-1000.0,0.0,2.0904078990359594,0.0,0.0,0.0,0.0,0.0,0.0,0.0,0.0,0.0,0.0,0.0,0.0,125.42447394215756,0.0,0.0,127.42547801161464,-407.3630709801346,1000.0,-0.05226019747589899,0.0,0.0,0.0,62.71223697107878,0.0,62.71223697107878,-6.731113434897111,0.0,0.0,0.0,10.452039495179797,641.5710231306151,0.0,0.0,0.0,0.0,0.0,0.0,0.0,0.0,0.0,0.0,0.0,0.0,0.0,0.0,0.0,0.0,0.0,0.0,0.0,0.0,0.0,-915.7332807220937,0.0,0.0,62.71223697107878,0.0,64.80264487011475,0.0,0.0,0.0,0.0,0.0,0.0,0.0,0.0,0.0,0.0,0.0,0.0,0.0,0.0,0.0,16.0961408225769,0.20904078990361086,0.0,0.0,0.0,-703.9193836390616,429.24535712442145,0.0,0.0,0.0,0.0,1000.0,0.0,0.0,0.0,0.0,0.0,460.5755183979774,460.5755183979774,0.0,0.0,0.0,0.0,-734.6388462618502,0.0,0.0,460.78455918788103,0.0,0.0,0.0,592.5559147906412,-52.72121830208977,0.0,0.0,0.0,0.0,0.0,0.0,0.0,0.0,0.0,-1000.0,0.0,0.0,0.0,0.0,-1000.0,0.0,0.0,0.0,0.0,0.0,0.0,0.0,-561.9397389832604,561.9397389832604,0.0,0.0,0.0,0.0,0.0,0.0,0.0,0.0,-26.1300987379495,0.0,0.0,0.0,0.0,0.0,0.0,0.0,0.0,0.0,0.0,0.0,0.0,0.0,522.4181951684709,42.63289708300119,-50.72585283245719,0.0,0.0,0.0,0.0,312.1397039206128,0.0,0.0,0.0,0.0,-18.409525564177216,-63.662192022236354,0.0,0.0,743.9840605833396,0.0,0.0,0.0,0.0,0.0,0.0,0.0,0.0,0.0,-154.57666800312586,0.0,-434.5142609716458,0.0,50.72585283245719,0.0,0.0,0.0,-720.6402176465751,0.0,0.0,0.0,-21.067827609117785,0.0,0.0,-581.6036216505056,0.0,1000.0,-861.5231181150295,279.91949646452395,720.080503535476,-969.302809963395,0.0,325.76193328429133,0.0,0.0,271.08409991041987,0.0,0.0,0.0,400.88909613629403,0.0,-400.88909613629403,0.0,460.3664776080738,0.0,0.0,0.0,0.0,0.0,0.0,-18.409525564177216,-0.3135611848553939,0.0,0.0,0.0,0.0,0.20904078990361086,0.0,0.0,0.0,625.1480591083084,-590.8451702981579,0.0,-726.869492268066,44.90912742013377,52.72121830208977,1000.0,0.0,-25.56737331677425,0.0,0.0,0.0,0.0,0.0,838.8086469053369,186.75872641143724,-1000.0,946.7165049223364,-1000.0,0.0,0.0,0.0,0.0,0.0,0.0,0.0,0.0,0.0,0.0,0.0,0.0,0.0,0.0,0.0,0.0,743.9840605833396,-29.042733743939152,0.0,-1000.0,0.0,0.0,0.0,0.0,0.0,0.0,-16.0961408225769,0.0,0.0,0.0,0.0,0.0,-216.62369670787868,0.0,-10.452039495179797,129.00603003029156,-970.1350297035585,0.0,0.0,0.0,-138.2804825212287,0.0,0.0,0.0,-134.23204977788146,-10.452039495179797,0.0,0.0,0.0,518.4019395934926,-135.87651343733742,62.71223697107878,656.2500000000007,-656.2500000000007,0.0,583.9794977316386,0.0,0.0,0.0,-522.4181951684709,522.4181951684709,522.4181951684709,-74.41689679154467,0.0,0.0,0.0,0.0,0.0,0.0,0.0,0.0,-36.81905112835443,0.0,0.0,0.0,0.0,0.0,0.0,0.0,-294.7533664027177,0.4180815798072217,0.0,0.0,0.0,0.0,0.0,0.0,0.0,0.0,0.0,0.0,0.0,0.0,0.0,0.0,0.0,0.0,0.0,0.0,0.0,0.22994486889410837,0.22994486889410837,0.0,84.59445409482578,0.0,125.42447394215756,0.0,0.0,0.0,1000.0,0.0,0.0,0.0,0.0,0.0,630.7746218392787,-1000.0,0.0,0.0,0.0,0.0,0.0,0.0,0.0,0.0,0.0,0.0,0.0,0.0,0.0,305.2444269073646,-625.1480591083084,274.6740265146401,0.0,16.0961408225769,0.0,0.0,0.0,-312.1397039206128,0.0,630.7746218392787,0.0,0.0,336.021255436561,0.0,0.0,522.4181951684709,0.0,0.0,0.0,0.0,0.0,0.0,0.0,0.0,0.0,0.0,0.0,0.0,0.0,125.42447394215756,0.0,0.0,0.0,0.0,0.0,0.0,0.0,0.0,0.0,0.0,0.0,0.0,2.0904078990359594,0.0,0.0,0.0,0.0,0.0,0.0,0.0,0.0,62.71223697107878,0.0,0.0,0.0,0.0,0.0,0.0,0.0,0.0,0.0,0.0,0.0,0.0,0.0,62.71223697107878,62.71223697107878,1000.0,-1000.0,0.0,0.0,0.0,0.0,0.0,0.0,0.0,-1000.0,0.0,-976.3191625170873,0.20904078990361086,0.0,0.0,0.0,276.0682260376847,448.62924107918684,0.0,0.0,0.0,0.0,0.0,0.0,0.0,0.0,0.0,0.0,0.0,0.0,0.0,0.0,0.0,0.0,0.20904078990361086,0.0,0.0,0.0,1000.0,-1000.0,0.0,0.0,0.0,0.0,0.0,-16.0961408225769,0.0,0.0,-970.9572662560608,-15.678059242769695,-10.452039495179804,0.0,0.0,0.0,0.0,0.0,0.0,0.0,0.0,0.0,0.0,0.0,0.0,0.0,52.72121830208977,0.0,0.0,-125.42447394215762,0.0,0.0,0.0,-0.20904078990361086,0.0,0.0,0.20904078990361086,0.0,0.20904078990361086,0.0,0.0,0.0,125.42447394215756,255.02976368238703,255.02976368238703,0.0,0.0,0.0,0.0,0.0,0.0,0.0,274.6740265146401,0.0,0.0,0.0,0.0,160.85587836941133,695.9511805466253,0.0,0.0,0.0,0.0,0.0,0.0,0.0,0.0,0.0,0.0,0.0,0.0,0.0,312.1397039206128,0.0,-109.73649981385165,109.73649981385165,0.3135611848553939,0.0,0.0,0.0,-62.71223697107878,0.0,0.0,0.0,0.0,0.0,-84.59445409482578,10.452039495179797,0.0,0.0,0.0,0.0,734.6388462618502,525.2534407968602,0.0,0.0,0.0,0.0,0.0,0.0,0.0,0.0,0.0,0.0,0.0,-312.1397039206128,-437.8237410736451,0.0,1000.0,448.62924107918684,0.0,509.1572999742833,0.0,-509.1572999742833,0.0,-975.6699813289622,0.0,10.452039495179804,931.5261265440244,0.0,0.0,0.0,-36.81905112835443,0.0,0.0,0.0,0.0,0.0,0.0,0.0,0.0,0.0,968.6438815144605,0.0,255.02976368238703,0.0,-57.62812516916076,-57.62812516916076,57.62812516916076,0.0,0.0,0.0,0.0,0.0,0.0,0.0,0.0,131.62863182313492,-276.0682260376847,487.7995423152188,0.0,62.71223697107878,0.0,0.0,0.0,0.0,99.14432109252446,0.0,0.0,0.22994486889410837,0.0,0.0,0.0,127.51488184119353,0.0,0.0,0.0,0.0,42.63289708300119,0.0,0.0,0.0,0.0,0.0,0.0,0.0,0.0,0.0,0.0,343.68249324150685,0.020904078990358954,0.0,0.0,0.0,0.0,0.0,0.0,0.0,0.0,0.0,0.0,0.0,0.0,0.0,0.0,0.0,84.59445409482578,0.0,0.0,0.0,0.0,0.0,0.0,0.0,0.0,0.0,0.0,0.0,0.0,1000.0,-855.9284073120245,15.127150279166338,0.0,0.0,0.0,125.42447394215756,0.0,0.0,0.0,0.0,0.0,-125.42447394215756,0.0,0.0,0.0,0.0,0.0,0.0,0.0,0.0,0.0,0.0,0.0,0.0,0.0,976.3191625170873,588.2875280529514,1000.0,0.0,-62.71223697107878,0.0,970.1211030964463,0.0,0.0,0.0,0.0,0.0,0.0,0.0,0.0,0.0,609.375,0.0,-609.375,-609.375,0.0,0.0,0.0,0.0,-26.1300987379495,0.0,-15.678059242769695,841.128999673267,0.0,0.0,0.0,0.0,0.0,0.0,-2.61300987379495,36.81905112835443,0.0,0.0,0.0,0.0,0.0,0.0,0.0,1000.0,62.71223697107878,62.71223697107878,0.0,0.0,0.0,0.0,0.0,0.22994486889410837,84.59445409482578,0.0,0.0,-970.1211030964463,343.66158916251646,0.0,0.0,0.0,0.0,0.0,0.0,0.0,0.0,0.0,0.0,0.0,0.0,0.0,0.0,0.0,0.0,0.0,0.0,219.49282939877574,16.0961408225769,0.0,0.0,0.0,0.0,0.0,84.59445409482578,0.0,-542.4365937269371,0.0,0.0,0.0,-26.1300987379495,0.0,0.0,0.0,0.0,0.0,0.0,0.0,0.0,0.0,0.0,0.0,0.0,0.0,0.0,0.0,0.0,0.0,0.0,-0.20904078990361086,0.0,0.0,10.452039495179797,-630.7746218392787,0.0,0.0,0.0,0.0,0.0,0.0,0.0,0.0,-838.8086469053369,5.226019747589898,0.0,0.0,109.73649981385165,0.20904078990361086,0.0,209.04078990359594,-64.80264487011475,41.80815798071919,1.4931484993113995,583.2238038310327,-0.15678059242769696,10.452039495179797,4.180815798071919,-1.045203949518168,-583.2238038310327,62.71223697107878,-0.20904078990359595,0.0,0.0,0.05226019747589899,1.4931484993113995,0.0,-33.27929375265376,-4.180815798071919,-424.2819799810085,-0.20904078990359595,0.05226019747589899,-583.2238038310327,20.904078990359594,0.20904078990359595,0.20904078990361086,-84.15546843602807,0.22994486889399468,-612.6348599728358,-0.15678059242769696,62.71223697107878,0.20904078990359595,62.71223697107878,-104.52039495179797,-0.10452039495179798,-387.3651400271642,-333.25282370087604,-0.15678059242769696,-0.20904078990359595,-64.80264487011475,0.20904078990361086,20.904078990359608,-4.180815798071919,312.1397039206128,312.1397039206128,-20.904078990359594,424.2819799810085,-312.1397039206128,41.80815798071919,0.3135611848553939,-1000.0,20.904078990359594,-305.2444269073646,0.0,-41.80815798071919,0.10452039495179798,2.0904078990359594,181.7173730670165,-396.0155830929259,-0.20904078990361086,-131.62863182313492,84.15546843602807,64.80264487011475,0.20904078990359595,33.27929375265376,-250.84894788431507,0.0,-0.20904078990361086,-0.05226019747589899,0.0,-0.20904078990359595,-294.7533664027177,0.20904078990352146,-0.05226019747589899,-0.05226019747589899,-0.05226019747589899,83.61631596143837,104.52039495179797,2.0904078990359594,436.58206347988744,-0.05226019747589899,363.434746134033,10.452039495179797,157.82872269653865,0.20904078990361086,0.10452039495179798,0.10452039495179798,20.904078990359594,64.80264487011475,0.20904078990361086,-64.80264487011475,2.0904078990359594,0.20904078990359595,-1000.0,0.20904078990359595,0.8361631596145571,1.045203949518168,0.10452039495179798,0.05226019747589899,62.71223697107878,-0.20904078990359595,612.6348599728358,2.0904078990359594,-873.1641269597749,5.226019747589898,-20.904078990359608,41.80815798071919,10.452039495179797,-0.20904078990359595,0.0,0.3135611848553939,-0.20904078990359595,-41.80815798071919,64.80264487011475,371.6204482161526,0.10452039495179798,-315.6574453930773,-0.20904078990359595,-0.20904078990352146,-0.20904078990359595,0.10452039495179798,583.2238038310327,-41.80815798071919,0.20904078990361086,363.434746134033,-0.05226019747589899,-0.22994486889399468,-363.434746134033,31.356118485539387,333.25282370087604,213.6395594232099,583.2238038310327,-0.15678059242769696,131.62863182313492,396.0155830929259,0.20904078990359595,-0.05226019747589898,10.452039495179804,209.04078990359594,-0.10452039495179798,-0.20904078990359595,0.05226019747589899,0.0,0.0,969.1982895684432,563.4179365201126,-1000.0,0.0,873.7507869555603,-322.5012950269879,0.0,838.6567770176987,-1000.0,-767.1341314660791,-30.69719003660496,-419.32838850884934,500.0,500.0,0.0,161.25064751349393,-84.59445409482578,-470.7647693086771,30.69719003660496,767.1341314660791,-470.7647693086771,-873.7507869555603,551.8478279247579,0.0,1496.5981,bhi
217,0.0,0.0,0.0,0.0,0.0,0.0,0.0,0.0,-0.06009425097589341,0.0,0.0,0.0,0.0,0.0,0.0,0.0,211.28640864097048,-60.64747058538421,0.0,323.3640828401805,0.0,0.0,0.0,0.0,0.0,0.0,0.0,0.0,0.0,-923.1999958952592,419.9539622401287,-419.9539622401287,615.5752347744634,0.0,0.0,0.0,0.0,999.7596229960961,0.0,-23.898025213948074,981.9717247072319,0.0,0.0,0.0,0.0,0.0,705.6970004508468,0.0,711.9135872542888,0.0,0.0,0.0,0.0,0.0661036760732577,0.0,0.0,0.0,12.01885019517868,0.0,0.0,-145.27695444932033,0.0,-638.71156566471,-783.9885201140303,0.0,0.0,0.0,0.0,0.0,0.0,0.0,0.600942509758934,0.0,0.0,0.0,0.0,0.0,0.0,0.0,0.0,0.0,0.0,0.0,0.0,36.056550585536044,0.0,0.0,402.7776580222117,-29.00703693606635,306.7705172320862,21.49818040217779,0.0,0.0,-1000.0,18.028275292768022,0.0,18.028275292768022,-81.55770029652814,268.1316120866616,0.0,0.0,3.00471254879467,-923.1999958952592,0.0,0.0,-383.09668227896964,0.0,620.1114077715766,0.0,0.0,0.0,0.0,0.0,0.0,0.0,0.0,0.0,0.0,0.0,0.0,0.0,0.0,0.0,0.0,-63.849447046494944,0.0,0.0,18.028275292768022,0.0,18.629217802526956,0.0,0.0,-485.8234926571207,485.8234926571207,0.0,0.0,399.9605599400158,428.72214066753804,-428.72214066753804,-399.9605599400158,0.0,0.0,0.0,0.0,0.0,4.627257325143811,0.06009425097589341,21.513203964921765,0.0,0.0,-785.1030870968436,0.0,0.0,0.0,0.0,0.0,924.9924030411391,0.0,0.0,0.0,0.0,0.0,-125.59086843999948,-125.59086843999948,0.0,0.0,0.0,0.0,-616.9033177210304,0.0,0.0,294.4231880511051,0.0,0.0,0.0,-1000.0,-7.4481363846788895,0.0,0.0,0.0,0.0,0.0,0.0,0.0,0.0,0.0,-520.6101630204425,0.0,0.0,0.0,0.0,-1000.0,0.0,0.0,0.0,0.0,0.0,0.0,0.0,-148.02536697829572,148.02536697829572,0.0,0.0,0.0,0.0,0.0,0.0,0.0,0.0,-1000.0,0.0,0.0,0.0,0.0,0.0,0.0,0.0,0.0,0.0,0.0,0.0,0.0,0.0,563.0086909054924,530.0126820202983,0.0,0.0,0.0,0.0,0.0,0.0,0.0,0.0,0.0,0.0,-145.27695444932033,0.0,419.9539622401287,0.0,0.0,0.0,0.0,0.0,0.0,0.0,340.3312968250253,0.0,0.0,0.0,-119.01833004222937,0.0,966.6658782982047,0.0,0.0,0.0,0.0,0.0,437.7622109717739,0.0,0.0,0.0,-76.04882596754214,0.0,0.0,-477.3981595032607,-1000.0,0.0,522.6018404967392,0.0,1000.0,-177.03240391436208,0.0,-1000.0,0.0,0.0,167.6629602227426,0.0,0.0,0.0,-512.5614201219357,0.0,512.5614201219357,0.0,1000.0,0.0,0.0,-1000.0,0.0,0.0,0.0,-145.27695444932033,-0.0901413764638401,0.0,0.0,0.0,0.0,0.06009425097589341,0.0,0.0,0.0,641.6404278822067,211.28640864097048,0.0,-255.39778818597975,787.7058236200546,7.4481363846788895,1000.0,0.0,-378.93195691967645,0.0,-383.09668227896964,0.0,0.0,0.0,-5.174115009024196,384.10607192870066,0.0,-1000.0,-1000.0,0.0,0.0,0.0,0.0,0.0,0.0,0.0,0.0,0.0,0.0,0.0,0.0,0.0,0.0,0.0,0.0,0.0,0.0,0.0,-1000.0,0.0,0.0,0.0,0.0,0.0,0.0,74.9954080899596,0.0,268.1316120866616,0.0,0.0,0.0,0.0,0.0,0.0,0.0,-384.10607192870066,0.0,634.4195270107314,-80.91690893904047,0.0,0.0,-3.00471254879467,0.0,-1.502356274397335,-637.4242395595261,0.0,0.0,-161.88476477100357,0.0,122.82350163667286,18.028275292768022,0.0,0.0,0.0,0.0,0.0,0.0,0.0,-563.0086909054924,563.0086909054924,563.0086909054924,26.70053116454426,0.0,0.0,0.0,0.0,0.0,0.0,0.0,0.0,-290.55390889864066,0.0,0.0,0.0,0.0,0.0,0.0,0.0,-273.1186803693134,0.12018850195210007,0.0,0.0,0.0,0.0,0.0,0.0,0.0,0.0,0.0,0.0,0.0,0.0,0.0,0.0,0.0,0.0,0.0,0.0,0.0,0.0661036760732577,0.0661036760732577,419.9539622401287,36.919425966749735,0.0,36.056550585536044,0.0,0.0,0.0,1000.0,0.0,300.8918762731654,0.0,0.0,0.0,922.0100281983682,-1000.0,0.0,0.0,0.0,0.0,0.0,0.0,0.0,0.0,0.0,0.0,0.0,0.0,0.0,21.283149015498314,-641.6404278822067,785.1030870968436,0.0,4.627257325143811,0.0,-1000.0,0.0,0.0,0.0,922.0100281983682,0.0,648.8913478290549,0.0,0.0,0.0,563.0086909054924,0.0,0.0,0.0,0.0,0.0,0.0,0.0,0.0,0.0,0.0,0.0,0.0,0.0,36.056550585536044,0.0,0.0,0.0,0.0,0.0,0.0,0.0,0.0,0.0,0.0,0.0,0.0,0.600942509758934,0.0,419.9539622401287,0.0,0.0,419.9539622401287,0.0,0.0,0.0,18.028275292768022,0.0,0.0,0.0,0.0,0.0,0.0,0.0,0.0,0.0,0.0,243.73437903986712,0.0,0.0,18.028275292768022,18.028275292768022,765.5724555296783,-1000.0,0.0,0.0,0.0,0.0,0.0,0.0,0.0,923.1999958952592,0.0,1000.0,0.06009425097589341,0.0,0.0,-287.32536068992255,366.6884039965863,0.0,0.0,1000.0,0.0,0.0,0.0,0.0,0.0,0.0,0.0,0.0,0.0,0.0,0.0,0.0,0.0,0.0,0.06009425097589341,0.0,0.0,0.0,0.0,0.0,0.0,0.0,0.0,0.0,0.0,343.12702017662116,0.0,0.0,-1000.0,-4.5070688231920055,-3.0047125487946675,0.0,0.0,-406.25000000000006,-406.25000000000006,406.25000000000006,0.0,0.0,0.0,0.0,0.0,0.0,0.0,0.0,7.4481363846788895,0.0,0.0,-36.056550585536044,0.0,0.0,0.0,-0.06009425097589341,0.0,0.0,0.06009425097589341,0.0,0.06009425097589341,0.0,0.0,0.0,36.056550585536044,73.31498619058995,73.31498619058995,0.0,0.0,0.0,0.0,0.0,0.0,0.0,785.1030870968436,0.0,0.0,0.0,0.0,0.0,0.0,0.0,0.0,0.0,0.0,0.0,0.0,0.0,0.0,0.0,0.0,0.0,0.0,0.0,0.0,0.0,0.0,0.0,0.0901413764638401,0.0,0.0,0.0,-18.028275292768022,0.0,0.0,0.0,0.0,0.0,-36.919425966749735,3.00471254879467,0.0,0.0,0.0,0.0,616.9033177210304,-974.4477308606998,0.0,0.0,0.0,0.0,0.0,0.0,0.0,0.0,0.0,0.0,0.0,177.86484862287512,-526.0892649387426,0.0,-226.91576309833505,-383.09668227896964,0.0,-899.4523227707402,268.1316120866616,631.3207106840787,0.0,364.447224781184,0.0,3.0047125487946675,766.437684157094,0.0,0.0,-419.9539622401287,-290.55390889864066,0.0,0.0,0.0,0.0,0.0,0.0,0.0,0.0,0.0,562.0366578103842,-50.4406324363257,73.31498619058995,0.0,0.0,0.0,419.9539622401287,0.0,0.0,0.0,0.0,0.0,340.3312968250253,0.0,0.0,0.0,-79.36304330666377,0.0,0.0,18.028275292768022,0.0,0.0,0.0,0.0,-52.42388427720222,0.0,0.0,0.0661036760732577,0.0,0.0,0.0,36.657493095294974,0.0,0.0,0.0,0.0,530.0126820202983,0.0,0.0,0.0,0.0,0.0,0.0,0.0,0.0,0.0,0.0,0.006009425097589341,0.006009425097589341,0.0,0.0,0.0,0.0,0.0,0.0,0.0,0.0,0.0,-287.32536068992255,419.9539622401287,0.0,0.0,0.0,0.0,36.919425966749735,0.0,0.0,0.0,0.0,0.0,0.0,0.0,0.0,0.0,0.0,0.0,0.0,513.5228876200258,-55.672400243615684,-60.64747058538421,0.0,0.0,0.0,36.056550585536044,0.0,0.0,0.0,0.0,0.0,0.0,-36.056550585536044,0.0,0.0,0.0,0.0,0.0,0.0,0.0,0.0,0.0,419.9539622401287,419.9539622401287,0.0,-1000.0,-1000.0,41.164561918486974,0.0,-18.028275292768022,0.0,999.7596229960961,0.0,0.0,0.0,0.0,0.0,0.0,0.0,0.0,0.0,265.625,0.0,-265.62499999999994,-265.62499999999994,0.0,0.0,0.0,0.0,-7.5117813719866735,0.0,-4.5070688231920055,45.933563613133735,0.0,0.0,0.0,0.0,0.0,0.0,-0.7511781371986676,290.55390889864066,0.0,0.0,0.0,0.0,0.0,0.0,0.0,1000.0,18.028275292768022,18.028275292768022,0.0,0.0,0.0,0.0,0.0,0.0661036760732577,36.919425966749735,0.0,0.0,-999.7596229960961,0.0,0.0,0.0,0.0,0.0,0.0,0.0,0.0,0.0,0.0,0.0,0.0,0.0,0.0,0.0,0.0,0.0,0.0,0.0,63.098963524688074,4.627257325143811,0.0,0.0,0.0,0.0,0.0,36.919425966749735,0.0,889.885318015377,0.0,0.0,0.0,-7.5117813719866735,0.0,0.0,0.0,0.0,0.0,0.0,0.0,0.0,0.0,0.0,0.0,0.0,0.0,0.0,0.0,0.0,0.0,0.0,-0.06009425097589341,0.0,0.0,3.00471254879467,-922.0100281983682,0.0,0.0,0.0,0.0,0.0,0.0,0.0,0.0,5.174115009024196,1.502356274397335,0.0,0.0,0.0,0.06009425097589341,0.0,60.0942509758934,-18.629217802526956,12.01885019517868,0.42924464982781,167.6629602227426,-0.04507068823192005,3.00471254879467,1.201885019517868,-0.300471254879767,-167.6629602227426,18.028275292768022,-0.0600942509758934,127.69889409298987,0.0,0.01502356274397335,0.42924464982781,-383.09668227896964,-9.5670047553632,418.75207722061083,-474.0030208957668,-0.0600942509758934,0.01502356274397335,-167.6629602227426,6.00942509758934,0.0600942509758934,0.06009425097589341,-36.79322803970059,0.06610367607348275,-122.50055058583735,-0.04507068823192005,18.028275292768022,0.06009425097589341,18.028275292768022,-30.0471254879467,-0.0300471254879467,-36.29848789736258,-6.069519348565234,-0.04507068823192005,-0.0600942509758934,-18.629217802526956,0.06009425097589341,6.00942509758934,-1.201885019517868,0.0,0.0,-6.00942509758934,474.0030208957668,0.0,12.01885019517868,0.0901413764638401,-1000.0,6.00942509758934,-21.283149015498314,0.0,-12.01885019517868,0.0300471254879467,0.600942509758934,63.84944704649494,-514.070414743564,-0.06009425097589341,-50.4406324363257,36.79322803970059,18.629217802526956,0.0600942509758934,9.5670047553632,-72.11310117107203,0.0,-0.06009425097589341,-0.01502356274397335,0.0,-0.0600942509758934,-273.1186803693134,0.06009425097600709,-0.01502356274397335,-0.01502356274397335,-0.01502356274397335,24.03770039035736,30.0471254879467,0.600942509758934,363.0148854611779,-0.01502356274397335,0.0,3.00471254879467,139.56405273345135,0.06009425097589341,0.0300471254879467,0.0300471254879467,6.00942509758934,18.629217802526956,0.06009425097589341,-18.629217802526956,0.600942509758934,0.0600942509758934,-1000.0,0.0600942509758934,0.24037700390380223,0.300471254879767,0.0300471254879467,0.01502356274397335,18.028275292768022,-0.0600942509758934,122.50055058583735,-209.37603861030541,-726.0297709223559,1.5023562743973353,-6.00942509758934,12.01885019517868,3.00471254879467,-0.0600942509758934,383.09668227896964,0.0901413764638401,-0.0600942509758934,-12.01885019517868,18.629217802526956,97.89620470878546,0.0300471254879467,-279.1281054669027,-0.06009425097589341,-0.06009425097600709,-0.0600942509758934,0.0300471254879467,167.6629602227426,-12.01885019517868,0.06009425097589341,127.69889409298987,-0.01502356274397335,-0.06610367607348275,-127.69889409298987,9.01413764638401,6.069519348565234,395.9875329433881,167.6629602227426,-0.04507068823192005,50.4406324363257,514.070414743564,0.0600942509758934,-0.015023562743973349,3.0047125487946675,60.0942509758934,-0.0300471254879467,-0.0600942509758934,0.01502356274397335,1000.0,0.0,870.2318395567879,636.985114538822,-1000.0,0.0,-195.2735555088463,-1000.0,0.0,-1000.0,344.3773009192467,1000.0,-129.73811331772413,500.0,500.0,-172.18865045962335,0.0,500.0,-36.919425966749735,-45.472320431583235,129.73811331772413,-1000.0,-45.472320431583235,195.2735555088463,-64.5849397176818,0.0,1496.5981,bhi
218,0.0,0.0,0.0,0.0,0.0,0.0,0.0,0.0,-0.10589965568789386,0.0,0.0,0.0,0.0,0.0,0.0,0.0,809.1536182087257,-131.04984965614008,0.0,0.0,0.0,0.0,0.0,583.7177120938766,0.0,0.0,0.0,0.0,0.0,-1000.0,0.0,0.0,213.0517672147861,0.0,0.0,0.0,0.0,976.9209350370841,0.0,-312.72547816581346,968.2301032936318,0.0,0.0,24.673947130942157,0.0,0.0,0.0,0.0,-475.73201384704237,0.0,0.0,-31.683243766797997,0.0,0.11648962125659987,0.0,0.0,0.0,21.179931137578773,0.0,0.0,-277.45489927633946,0.0,191.9256329363842,-85.52926633995526,0.0,0.0,0.0,0.0,814.6392651227119,0.0,0.0,1.0589965568789388,0.0,0.0,0.0,0.0,0.0,0.0,0.0,206.01345505548616,0.0,0.0,0.0,0.0,63.53979341273632,0.0,268.1286695987599,1000.0,969.9515306650054,-1000.0,897.8264740953063,0.0,0.0,-1000.0,31.76989670636816,0.0,31.76989670636816,-3.4099689131473565,0.0,0.0,0.0,5.294982784394693,-1000.0,0.0,0.0,-226.34995987805252,0.0,0.0,0.0,0.0,0.0,0.0,0.0,0.0,0.0,0.0,0.0,0.0,0.0,0.0,0.0,0.0,0.0,0.0,-622.3880865517787,0.0,0.0,31.76989670636816,0.0,32.8288932632471,0.0,0.0,0.0,0.0,0.0,0.0,0.0,10.118583019820448,-10.118583019820448,0.0,0.0,0.0,0.0,0.0,0.0,276.28294308672776,0.10589965568789386,897.8529490092283,0.0,0.0,0.0,-710.3575421291876,0.0,0.0,0.0,0.0,839.9574706775952,0.0,0.0,0.0,0.0,0.0,303.1758007154202,303.1758007154202,0.0,0.0,0.0,0.0,-1000.0,0.0,0.0,303.2817003711081,0.0,0.0,0.0,-965.1020978575466,-456.26830650746797,0.0,0.0,0.0,0.0,0.0,0.0,0.0,0.0,0.0,-992.057525823408,0.0,0.0,0.0,0.0,-1000.0,0.0,0.0,0.0,0.0,0.0,0.0,31.683243766797997,30.048469334994593,-30.048469334994593,0.0,0.0,0.0,0.0,0.0,0.0,0.0,0.0,-454.4226556953756,0.0,0.0,0.0,0.0,0.0,0.0,0.0,0.0,0.0,0.0,0.0,0.0,0.0,502.2457601310857,502.4792862942368,634.8951518715187,0.0,0.0,0.0,0.0,229.33463996683307,0.0,0.0,0.0,0.0,-277.45489927633946,610.2212047405766,0.0,0.0,0.0,0.0,0.0,0.0,0.0,0.0,0.0,0.0,0.0,0.0,-716.8855396099796,223.01752172003125,585.9996992547502,0.0,-634.8951518715187,0.0,0.0,0.0,129.19757993923054,0.0,0.0,0.0,-144.7372550984577,0.0,0.0,-701.7352376637855,-1000.0,0.0,298.26476233621446,0.0,1000.0,1000.0,0.0,-656.9526102409013,0.0,0.0,66.12539940239085,0.0,0.0,0.0,0.0,0.0,0.0,0.0,0.0,0.0,0.0,-451.43797560659505,0.0,0.0,0.0,-277.45489927633946,-0.15884948353184078,0.0,0.0,0.0,0.0,0.10589965568789386,0.0,0.0,0.0,738.8954633267988,809.1536182087257,0.0,-654.8752264724501,1000.0,456.26830650746797,1000.0,0.0,266.48187780751834,0.0,-226.34995987805252,0.0,0.0,0.0,548.1573873151935,185.3607348772881,-1000.0,234.66061430865358,-978.1381061978144,0.0,0.0,0.0,0.0,0.0,0.0,0.0,0.0,0.0,0.0,0.0,0.0,0.0,0.0,0.0,0.0,0.0,208.38559423800427,0.0,-768.9589394218312,0.0,0.0,0.0,0.0,0.0,0.0,-276.28294308672776,0.0,0.0,0.0,0.0,0.0,0.0,0.0,150.5959884670844,-382.76788260961814,-1000.0,-571.6370828002638,680.7547840230711,0.0,300.1307659463297,0.0,-155.8909712514791,-437.2332925808839,380.1203912174208,-686.0497668074659,0.0,0.0,745.8044889255809,0.0,0.0,31.76989670636816,0.0,0.0,0.0,0.0,0.0,0.0,0.0,-502.2457601310857,502.2457601310857,502.2457601310857,-537.5289704723446,0.0,0.0,-501.3161077365475,0.0,0.0,0.0,0.0,0.0,-18.652459355159067,0.0,0.0,0.0,0.0,0.0,0.0,0.0,-239.64815254131892,0.2117993113754822,0.0,0.0,0.0,0.0,0.0,0.0,0.0,0.0,0.0,814.6392651227119,0.0,0.0,0.0,0.0,0.0,0.0,0.0,0.0,0.0,0.11648962125659987,0.11648962125659987,0.0,0.0,0.0,63.53979341273632,0.0,0.0,0.0,1000.0,0.0,0.0,268.1286695987599,0.0,0.0,1000.0,-1000.0,0.0,0.0,0.0,0.0,0.0,0.0,0.0,0.0,0.0,0.0,0.0,0.0,0.0,207.46269551725956,-738.8954633267988,710.3575421291876,0.0,276.28294308672776,0.0,-1000.0,0.0,-229.33463996683307,0.0,1000.0,0.0,1000.0,-239.64815254131892,0.0,0.0,502.2457601310857,0.0,0.0,0.0,0.0,0.0,0.0,0.0,0.0,0.0,0.0,0.0,0.0,0.0,63.53979341273632,0.0,0.0,0.0,0.0,0.0,0.0,0.0,0.0,0.0,0.0,0.0,0.0,1.0589965568789388,0.0,0.0,268.1286695987599,-268.1286695987599,0.0,31.683243766797997,0.0,0.0,31.76989670636816,0.0,0.0,0.0,0.0,0.0,0.0,0.0,0.0,0.0,0.0,1000.0,0.0,0.0,31.76989670636816,31.76989670636816,1000.0,-1000.0,0.0,0.0,0.0,0.0,0.0,0.0,0.0,-234.66061430865358,0.0,-88.59961351409721,0.10589965568789386,0.0,0.0,0.0,139.855623858105,0.0,0.0,1000.0,0.0,0.0,0.0,0.0,0.0,0.0,0.0,0.0,0.0,0.0,0.0,0.0,0.0,0.0,0.10589965568789386,0.0,0.0,0.0,0.0,0.0,0.0,0.0,0.0,0.0,-276.28294308672776,0.0,0.0,0.0,-977.3445336598355,-7.94247417659204,-5.294982784394698,0.0,0.0,0.0,0.0,0.0,0.0,0.0,0.0,0.0,0.0,0.0,0.0,0.0,456.26830650746797,0.0,0.0,751.0994717099755,0.0,0.0,0.0,-0.10589965568789386,0.0,0.0,0.10589965568789386,0.0,0.10589965568789386,0.0,0.0,0.0,63.53979341273632,129.19757993923054,129.19757993923054,0.0,0.0,0.0,0.0,0.0,0.0,0.0,710.3575421291876,0.0,0.0,0.0,0.0,0.0,557.2753476699212,0.0,0.0,0.0,0.0,0.0,0.0,0.0,0.0,0.0,0.0,0.0,0.0,0.0,229.33463996683307,0.0,0.0,0.0,0.15884948353184078,0.0,0.0,0.0,-31.76989670636816,0.0,0.0,0.0,0.0,0.0,0.0,5.294982784394693,0.0,0.0,0.0,0.0,1000.0,0.0,0.0,0.0,0.0,0.0,0.0,0.0,0.0,0.0,0.0,0.0,0.0,301.9457765019985,-502.2457601310857,0.0,558.8148012656111,-226.34995987805252,0.0,0.0,0.0,0.0,0.0,0.0,0.0,5.294982784394698,320.28172860466935,0.0,0.0,0.0,-554.9097985526789,0.0,0.0,0.0,0.0,0.0,0.0,0.0,0.0,0.0,1000.0,-23.827422529776072,129.19757993923054,0.0,0.0,0.0,0.0,0.0,0.0,0.0,0.0,0.0,0.0,0.0,0.0,0.0,-954.4948889808169,0.0,0.0,31.76989670636816,268.1286695987599,0.0,0.0,0.0,166.94628740118023,0.0,0.0,0.11648962125659987,0.0,0.0,0.0,64.59878996961527,0.0,0.0,0.0,0.0,502.4792862942368,0.0,0.0,0.0,0.0,0.0,0.0,0.0,0.0,-468.71958353116844,0.0,0.010589965568789387,0.010589965568789387,0.0,0.0,0.0,0.0,0.0,0.0,0.0,0.0,0.0,0.0,0.0,0.0,0.0,0.0,0.0,0.0,0.0,0.0,0.0,0.0,0.0,0.0,0.0,0.0,0.0,0.0,0.0,536.2573391975199,-482.6941439036943,1000.0,-131.04984965614008,0.0,0.0,0.0,63.53979341273632,0.0,0.0,0.0,0.0,0.0,0.0,-63.53979341273632,0.0,536.2573391975199,0.0,0.0,0.0,0.0,0.0,0.0,0.0,0.0,0.0,0.0,110.4615073162828,-1000.0,629.8166118161286,0.0,-31.76989670636816,0.0,976.9209350370841,0.0,0.0,0.0,0.0,0.0,0.0,0.0,0.0,0.0,0.0,0.0,0.0,0.0,0.0,0.0,0.0,0.0,-13.237456960986737,0.0,-7.94247417659204,573.1602960231053,0.0,0.0,0.0,0.0,0.0,-1.3237456960986735,0.0,18.652459355159067,0.0,0.0,0.0,0.0,0.0,0.0,0.0,1000.0,31.76989670636816,31.76989670636816,0.0,0.0,0.0,0.0,206.01345505548616,0.11648962125659987,0.0,0.0,0.0,-976.9209350370841,0.0,0.0,0.0,0.0,0.0,0.0,0.0,0.0,0.0,0.0,0.0,0.0,0.0,0.0,0.0,0.0,0.0,0.0,0.0,111.19463847228856,0.0,0.0,276.28294308672776,0.0,0.0,0.0,0.0,0.0,-8.704951697542054,0.0,0.0,0.0,-13.237456960986737,0.0,0.0,0.0,0.0,0.0,0.0,0.0,0.0,0.0,0.0,0.0,0.0,0.0,0.0,0.0,0.0,0.0,0.0,-0.10589965568789386,0.0,0.0,5.294982784394693,-1000.0,0.0,0.0,0.0,0.0,0.0,0.0,0.0,0.0,-548.1573873151935,2.6474913921973466,0.0,0.0,0.0,0.10589965568789386,0.0,105.89965568789385,-32.8288932632471,21.179931137578773,0.7564261120563848,295.4600393692239,-0.07942474176592039,5.294982784394702,2.1179931137578776,-0.5294982784394051,-295.4600393692239,31.76989670636816,-0.10589965568789386,75.4499866260175,0.0,0.026474913921973466,0.7564261120563848,-226.34995987805252,-284.9878947842698,-2.1179931137578776,-678.1037685525856,-0.10589965568789386,0.026474913921973466,-295.4600393692239,10.589965568789387,0.10589965568789386,0.10589965568789386,0.22238927694449373,-268.01217997750325,0.0,-0.07942474176592039,31.76989670636816,0.10589965568789386,31.76989670636816,-52.949827843946935,-0.05294982784394693,-387.2575509214902,-240.03050519131034,-0.07942474176592039,-0.10589965568789386,-32.8288932632471,0.10589965568789386,10.589965568789387,-2.1179931137578776,229.33463996683307,229.33463996683307,-10.589965568789387,678.1037685525856,-229.33463996683307,21.179931137578773,0.15884948353184078,-1000.0,10.589965568789387,-207.46269551725956,0.0,-21.179931137578773,0.05294982784394693,1.0589965568789388,163.71880661811252,-481.06582899350695,-0.10589965568789386,-23.827422529776072,-0.22238927694449373,32.8288932632471,0.10589965568789379,284.9878947842698,-127.07958682547272,0.0,-0.10589965568789386,-0.026474913921973466,0.0,-0.10589965568789386,-239.64815254131892,0.10589965568794825,-0.026474913921973466,-0.026474913921973466,-0.026474913921973466,42.359862275157546,52.949827843946935,1.0589965568789388,341.3985615753519,-0.026474913921973466,251.98762661020754,5.294982784394693,125.11905905505415,0.10589965568789386,0.05294982784394693,0.05294982784394693,10.589965568789387,32.8288932632471,0.10589965568789386,-32.8288932632471,1.0589965568789388,0.10589965568789386,-867.2788699105253,0.10589965568789386,0.4235986227514804,0.5294982784394051,0.05294982784394693,0.026474913921973466,31.76989670636816,-0.10589965568789386,0.0,1.0589965568789388,-682.7971231507038,2.647491392197338,-10.589965568789387,21.179931137578773,5.294982784394693,-0.10589965568789386,226.34995987805252,0.15884948353184078,-0.10589965568789386,-21.179931137578773,32.8288932632471,87.39306321725036,0.05294982784394693,-250.2381181101083,-0.10589965568789386,-0.10589965568794825,-0.10589965568789386,0.05294982784394693,295.4600393692239,-21.179931137578773,0.10589965568789386,327.43761323622505,-0.026474913921973466,268.01217997750325,-327.43761323622505,15.884948353184077,240.03050519131034,89.202152866848,295.4600393692239,-0.07942474176592039,23.827422529776072,481.06582899350695,0.10589965568789386,-0.026474913921973472,5.294982784394698,105.89965568789385,-0.05294982784394693,-0.10589965568789379,0.026474913921973466,1000.0,0.0,999.9470501721561,525.8803083351734,-1000.0,0.0,455.1608514306056,-441.742109483541,0.0,-1000.0,742.6989992128183,130.36280972599764,0.0,500.0,500.0,-371.34949960640915,0.0,220.8710547417705,0.0,-254.3393506184306,0.0,-130.36280972599764,-254.3393506184306,-455.1608514306056,285.82523634364446,0.0,1496.5981,bhi
219,0.0,0.0,0.0,0.0,0.0,0.0,0.0,0.0,-0.010131591754475172,0.0,0.0,0.0,0.0,0.0,0.0,0.0,-846.8571384277753,1000.0,0.0,451.78175120884566,0.0,0.0,0.0,525.9013861754413,0.0,342.8695540363078,0.0,0.0,0.0,846.8571384277753,0.0,0.0,55.93031824371742,0.0,0.0,0.0,0.0,999.9594736329822,0.0,-1000.0,941.2738584652358,0.0,0.0,0.0,0.0,0.0,433.46974484803786,0.0,0.0,0.0,0.0,0.0,0.0,0.011144750929932678,0.0,0.0,0.0,0.0,0.0,0.0,-478.70874940202066,0.0,478.70874940202066,0.0,0.0,0.0,0.0,0.0,833.8262716036918,-490.95671756738403,0.0,0.10131591754475144,0.0,0.0,0.0,0.0,0.0,0.0,0.0,0.0,0.0,0.0,0.0,0.0,6.078955052685086,0.0,477.8164938881763,423.4361679077035,-516.6651475786716,940.1013154863751,-0.0025328979386187857,0.0,0.0,-907.3342749199064,3.039477526342543,0.0,58.72614153476423,-0.32623725449497565,0.0,0.0,0.0,668.6254203141332,846.8571384277753,0.0,0.0,-216.61305119449906,0.0,0.0,0.0,0.0,0.0,0.0,0.0,0.0,0.0,0.0,0.0,0.0,0.0,0.0,0.0,0.0,0.0,0.0,-378.97172923539097,0.0,0.0,58.72614153476423,0.0,3.1407934438872944,0.0,0.0,0.0,0.0,0.0,0.0,0.0,0.0,0.0,0.0,0.0,0.0,0.0,0.0,0.0,478.59662645327086,0.010131591754475143,0.0,0.0,0.0,0.0,-611.4686647046301,0.0,0.0,0.0,0.0,254.67898379012897,0.0,0.0,0.0,0.0,0.0,999.9898684082456,999.9898684082456,0.0,0.0,0.0,0.0,-103.36179934044725,0.0,0.0,1000.0,0.0,0.0,0.0,0.0,-33.35722319658566,0.0,0.0,0.0,0.0,0.0,0.0,0.0,0.0,0.0,-320.62838747769047,0.0,0.0,0.0,0.0,-1000.0,0.0,0.0,0.0,0.0,0.0,0.0,0.0,-423.4361679077035,423.4361679077035,0.0,0.0,0.0,0.0,0.0,0.0,0.0,0.0,-1000.0,0.0,0.0,0.0,0.0,0.0,0.0,0.0,0.0,0.0,0.0,0.0,0.0,0.0,226.5423259825211,234.64096102524252,0.0,0.0,0.0,0.0,0.0,0.0,0.0,0.0,0.0,0.0,-478.70874940202066,0.0,0.0,0.0,0.0,0.0,0.0,0.0,0.0,0.0,0.0,2.0263183508950284,55.68666400842169,0.0,93.2289796709681,0.0,0.0,0.0,0.0,0.0,0.0,0.0,-528.9611268852927,0.0,0.0,0.0,-239.92934253307672,0.0,0.0,-721.9429852169761,0.0,38.489800908370064,-760.4327861253462,38.489800908370064,0.0,-940.1013154863751,0.0,604.9094153934386,0.0,0.0,28.26714099498565,0.0,0.0,0.0,-559.7438295272732,0.0,559.7438295272732,0.0,1000.0,0.0,0.0,-412.64057561503995,0.0,0.0,0.0,-478.70874940202066,-0.015197387631712713,0.0,0.0,0.0,0.0,0.010131591754475143,0.0,0.0,0.0,941.2738584652358,-846.8571384277753,0.0,-144.4087007963327,-178.00737074531037,33.35722319658566,1000.0,0.0,-15.572920064906043,0.0,-216.61305119449906,0.0,0.0,0.0,948.125931135177,-932.5530110702709,0.0,-1000.0,-1000.0,0.0,0.0,0.0,0.0,0.0,0.0,0.0,0.0,0.0,0.0,0.0,0.0,0.0,0.0,0.0,0.0,0.0,714.0033206990146,0.0,-285.9966793009854,0.0,0.0,0.0,0.0,0.0,0.0,202.1826018834601,0.0,0.0,0.0,0.0,668.1188407264094,0.0,613.0083044503989,-334.5659999509285,-964.0393885573133,98.72673946657903,0.0,0.0,0.0,-962.6404494826381,-613.0083044503989,0.0,0.0,963.7860987634514,-0.5065795877237571,543.846911238155,0.0,-13.764349500673461,0.0,350.0483688965724,58.72614153476423,0.0,0.0,0.0,0.0,0.0,0.0,0.0,-226.5423259825211,226.5423259825211,226.5423259825211,-785.4132671563959,0.0,0.0,-1000.0,0.0,0.0,0.0,0.0,0.0,-1.7845110276887226,0.0,0.0,0.0,0.0,0.0,0.0,0.0,-435.5538452141518,0.020263183508404836,0.0,0.0,0.0,0.0,0.0,0.0,0.0,0.0,0.0,0.0,0.0,0.0,0.0,0.0,0.0,0.0,0.0,0.0,0.0,0.011144750929932678,0.011144750929932678,0.0,0.0,0.0,6.078955052685086,0.0,0.0,0.0,1000.0,0.0,411.94752280745047,477.8164938881763,0.0,0.0,471.61649613296726,-1000.0,0.0,0.0,0.0,0.0,0.0,0.0,0.0,0.0,0.0,0.0,0.0,0.0,0.0,126.32390974513032,-941.2738584652358,611.4686647046301,0.0,478.59662645327086,0.0,-1000.0,92.66572508009361,92.66572508009361,0.0,471.61649613296726,0.0,372.8672817846629,-336.80463086584746,0.0,0.0,226.5423259825211,0.0,0.0,0.0,0.0,0.0,0.0,0.0,0.0,0.0,0.0,0.0,0.0,0.0,6.078955052685086,0.0,0.0,0.0,0.0,0.0,0.0,0.0,0.0,0.0,0.0,0.0,0.0,0.10131591754475144,0.0,0.0,477.8164938881763,-477.8164938881763,0.0,0.0,0.0,0.0,58.72614153476423,0.0,0.0,0.0,0.0,0.0,0.0,0.0,0.0,0.0,0.0,0.0,867.1887635435207,0.0,3.039477526342543,3.039477526342543,608.1758973844256,-1000.0,0.0,0.0,0.0,0.0,0.0,0.0,0.0,218.62234374423988,0.0,458.67833117424755,0.010131591754475143,0.0,0.0,0.0,13.380214282035068,0.0,0.0,907.3342749199064,0.0,0.0,0.0,0.0,0.0,0.0,0.0,0.0,0.0,0.0,0.0,0.0,0.0,0.0,0.010131591754475143,0.0,0.0,0.0,0.0,0.0,0.0,0.0,0.0,0.0,0.0,364.2688795762773,0.0,-162.0862776928172,-1000.0,-0.7598693815856358,-0.5065795877237576,0.0,0.0,0.0,0.0,0.0,0.0,0.0,0.0,0.0,0.0,0.0,0.0,0.0,33.35722319658566,0.0,0.0,336.7905989836227,0.0,0.0,0.0,-0.010131591754475172,0.0,0.0,0.010131591754475143,0.0,0.010131591754475143,0.0,342.8695540363078,0.0,6.078955052685086,12.360541940459676,12.360541940459676,0.0,0.0,0.0,0.0,0.0,0.0,0.0,611.4686647046301,0.0,0.0,0.0,0.0,0.0,948.9982611852373,0.0,0.0,0.0,0.0,0.0,0.0,0.0,0.0,0.0,0.0,0.0,0.0,0.0,0.0,0.0,0.0,0.0,0.015197387631712713,0.0,0.0,0.0,-58.72614153476423,0.0,0.0,0.0,0.0,0.0,0.0,0.5065795877237571,0.0,0.0,0.0,0.0,103.36179934044725,-202.1826018834601,0.0,0.0,0.0,0.0,0.0,0.0,0.0,0.0,0.0,0.0,0.0,867.1887635435207,-226.5423259825211,0.0,-390.55765364626495,-216.61305119449906,0.0,0.0,162.0862776928172,-162.0862776928172,0.0,-541.3216688257525,0.0,0.5065795877237576,482.8060615988815,0.0,0.0,0.0,-957.4174988040413,0.0,0.0,0.0,0.0,0.0,-680.779228336731,0.0,0.0,0.0,321.3882568592761,-2.279608144756878,12.360541940459676,0.0,0.0,0.0,0.0,0.0,0.0,0.0,0.0,0.0,0.0,0.0,0.0,0.0,-13.380214282035068,0.0,0.0,3.039477526342543,477.8164938881763,0.0,0.0,0.0,-318.30476872752587,0.0,0.0,0.011144750929932678,0.0,0.0,0.0,6.180270970229838,0.0,0.0,0.0,0.0,234.64096102524252,0.0,0.0,0.0,0.0,0.0,0.0,0.0,0.0,0.0,0.0,0.0010131591754475172,0.0010131591754475172,0.0,0.0,0.0,0.0,0.0,0.0,0.0,0.0,0.0,0.0,0.0,0.0,0.0,0.0,0.0,0.0,0.0,0.0,0.0,0.0,0.0,0.0,0.0,0.0,0.0,0.0,0.0,955.6329877763526,0.0,-637.0231102532666,1000.0,0.0,0.0,0.0,6.078955052685086,0.0,0.0,0.0,0.0,0.0,0.0,-6.078955052685086,0.0,955.6329877763526,0.0,0.0,0.0,0.0,0.0,0.0,0.0,0.0,0.0,0.0,-458.67833117424755,65.47948217201522,955.9384015370529,0.0,-58.72614153476423,0.0,999.9594736329822,0.0,0.0,0.0,0.0,0.0,0.0,0.0,0.0,0.0,0.0,0.0,0.0,0.0,0.0,0.0,0.0,0.0,-1.2664489693093932,0.0,-668.8787101079951,950.5179999484086,0.0,0.0,0.0,0.0,0.0,157.60721168247406,-157.733856579405,1.784511027688677,0.0,0.0,0.0,0.0,0.0,0.0,0.0,1000.0,3.039477526342543,3.039477526342543,0.0,0.0,0.0,0.0,0.0,0.011144750929932678,0.0,0.0,0.0,-999.9594736329822,0.0,0.0,0.0,0.0,0.0,0.0,0.0,0.0,0.0,0.0,0.0,0.0,0.0,0.0,0.0,0.0,0.0,0.0,0.0,10.638171342198902,478.59662645327086,0.0,0.0,0.0,0.0,0.0,0.0,0.0,201.34978504124138,0.0,0.0,0.0,-1.2664489693093932,0.0,0.0,0.0,0.0,0.0,0.0,0.0,0.0,0.0,0.0,0.0,0.0,0.0,0.0,0.0,0.0,0.0,0.0,-0.010131591754475143,0.0,0.0,0.5065795877237571,-471.61649613296726,0.0,0.0,0.0,0.0,0.0,0.0,0.0,0.0,-948.125931135177,0.25328979386187855,0.0,0.0,342.8695540363078,0.010131591754475143,0.0,10.131591754475142,-3.1407934438872944,2.0263183508950284,0.0723685125319653,28.26714099498565,-0.0075986938158563565,334.5659999509285,0.20263183508950286,-0.050657958772308026,-28.26714099498565,3.0394775263425426,-0.01013159175447517,72.20435039816635,0.0,0.0025328979386187857,0.0723685125319653,-216.61305119449906,-479.4294432954896,-0.20263183508950286,-604.9246127810703,-0.01013159175447517,0.0025328979386187857,-28.26714099498565,1.0131591754475142,0.01013159175447517,0.010131591754475143,0.021276342684407847,-477.80534913724637,-58.258061068871086,-0.0075986938158563565,3.039477526342543,0.01013159175447517,58.72614153476423,50.62086813118412,-0.005065795877237571,236.80517966774025,-1.0232907672019893,-0.0075986938158563565,-0.01013159175447517,-3.1407934438872944,0.010131591754475143,1.0131591754475142,-0.20263183508950267,0.0,0.0,-1.0131591754475142,604.9246127810703,0.0,2.026318350895034,0.015197387631712713,-1000.0,1.0131591754475142,-126.32390974513032,0.0,-2.0263183508950284,0.005065795877237571,0.10131591754475144,36.10217519908318,-224.51600763162608,-0.010131591754475143,-2.279608144756878,-0.021276342684407847,3.1407934438872944,0.01013159175447517,479.4294432954896,-67.84457411379161,0.0,-0.010131591754475143,-0.0025328979386187857,0.0,-0.01013159175447517,-435.5538452141518,0.010131591754468065,-0.0025328979386187857,-0.0025328979386187857,-0.0025328979386187857,4.052636701790057,-50.62086813118412,0.10131591754475144,7.506243041097719,-0.0025328979386187857,0.0,0.5065795877237571,218.28350219479967,0.010131591754475143,0.005065795877237571,0.005065795877237585,1.0131591754475142,3.1407934438872944,0.010131591754475143,-3.1407934438872944,0.10131591754475144,0.01013159175447517,-7.506243041097719,0.01013159175447517,0.040526367017832854,0.050657958772308026,0.005065795877237571,0.0025328979386187857,3.039477526342543,-0.010131591754475172,58.258061068871086,0.10131591754475143,-15.012486082195437,334.3127101570666,-1.0131591754475142,2.0263183508950284,0.5065795877237571,-0.01013159175447517,216.61305119449906,0.015197387631712713,-0.01013159175447517,-2.0263183508950284,3.1407934438872944,445.5544594202568,0.005065795877237586,-436.56700438959933,-0.01013159175447517,-0.010131591754468065,-0.01013159175447517,0.005065795877237585,28.26714099498565,-2.0263183508950284,0.010131591754475143,72.20435039816635,-0.0025328979386187857,477.80534913724637,-72.20435039816635,1.5197387631712713,1.0232907672019893,376.53382895677566,28.26714099498565,-0.0075986938158563565,2.279608144756878,224.51600763162608,0.01013159175447517,-0.002532897938618794,0.5065795877237576,10.131591754475142,-0.005065795877237571,-0.01013159175447517,0.0025328979386187857,1000.0,0.0,999.9949342041227,0.0,-700.5168798726158,0.0,6.489325429209146,-272.7672776159904,0.0,-1000.0,1000.0,1000.0,0.0,500.0,350.2584399363079,-500.0,0.0,136.3836388079952,0.0,-127.24969069273095,0.0,-1000.0,-127.24969069273095,-6.489325429209146,36.66037018377662,0.0,1496.5981,bhi
220,0.0,0.0,0.0,0.0,0.0,0.0,0.0,0.0,189.22052292268268,0.0,0.0,0.0,0.0,0.0,0.0,0.0,0.0,213.44049297195338,0.0,0.0,0.0,0.0,0.0,340.7479333212109,0.0,0.0,0.0,0.0,0.0,-1000.0,316.90219019622356,-316.90219019622356,316.5939999675835,0.0,0.0,0.0,0.0,459.1164464397164,0.0,-1000.0,751.5745040071921,0.0,0.0,-928.0934804612768,0.0,0.0,0.0,0.0,425.482475019227,0.0,0.0,-574.517524980773,0.0,0.11852103702515157,0.0,0.0,0.0,0.0,0.0,0.0,-115.12292945389838,0.0,117.89461130089607,2.7716818469976943,0.0,0.0,0.0,0.0,0.0,554.4867639314053,0.0,1.0774639729549549,0.0,0.0,0.0,0.0,0.0,0.0,0.0,0.0,0.0,0.0,372.35236875399414,0.0,64.64783837729728,0.0,0.0,94.13268946677738,0.0,94.13268946677738,-0.026936599323873864,0.0,0.0,774.4701256107504,32.32391918864864,0.0,248.42549599280792,0.0,0.0,0.0,372.35236875399414,5.387319864774773,-1000.0,0.0,0.0,-95.6522078379521,0.0,0.0,0.0,0.0,0.0,0.0,0.0,0.0,0.0,0.0,0.0,0.0,0.0,0.0,0.0,0.0,0.0,0.0,-325.4295438912459,0.0,0.0,248.42549599280792,0.0,33.401383161603604,0.0,0.0,0.0,0.0,0.0,0.0,0.0,0.0,0.0,0.0,0.0,0.0,0.0,0.0,0.0,-364.05589616224097,0.10774639729549546,0.0,0.0,0.0,-1000.0,489.90033178762866,0.0,0.0,0.0,0.0,981.1247906347356,0.0,0.0,0.0,0.0,0.0,682.990063406481,682.990063406481,0.0,0.0,0.0,0.0,1000.0,0.0,0.0,1000.0,0.0,0.0,0.0,702.8203328576593,0.0,0.0,0.0,0.0,0.0,0.0,0.0,0.0,0.0,0.0,0.0,0.0,0.0,0.0,0.0,-1000.0,0.0,0.0,0.0,0.0,0.0,0.0,574.517524980773,-94.13268946677738,94.13268946677738,0.0,0.0,0.0,0.0,0.0,0.0,0.0,0.0,-1000.0,0.0,0.0,0.0,0.0,0.0,0.0,0.0,0.0,0.0,0.0,0.0,0.0,0.0,425.5073102808571,-116.18525150314133,0.0,0.0,0.0,0.0,0.0,12.704671523549363,0.0,0.0,0.0,0.0,-115.12292945389838,928.0934804612768,316.90219019622356,0.0,0.0,0.0,0.0,0.0,0.0,0.0,320.3716241891399,21.549279459099093,216.1015768041593,0.0,93.97106987083416,188.10375933761154,1000.0,0.0,0.0,0.0,0.0,0.0,-690.1895355006741,0.0,0.0,0.0,-63.67607277346849,0.0,0.0,-1000.0,-1000.0,0.0,0.0,0.0,1000.0,-94.13268946677738,0.0,-974.8248859616014,0.0,0.0,287.90777693088285,0.0,0.0,0.0,-1000.0,0.0,1000.0,0.0,1000.0,0.0,0.0,-857.4176619251532,0.0,0.0,0.0,-115.12292945389838,-0.16161959594324318,0.0,0.0,0.0,0.0,0.10774639729549546,0.0,0.0,0.0,418.4982082945029,0.0,0.0,-63.76813855863474,-42.709898176574654,0.0,1000.0,0.0,0.0,0.0,-95.6522078379521,0.0,0.0,0.0,281.4477468908995,-281.4477468908995,0.0,598.5443485831665,-1000.0,0.0,0.0,0.0,0.0,0.0,0.0,0.0,0.0,0.0,0.0,0.0,0.0,0.0,0.0,0.0,0.0,0.0,-540.4525679711012,0.0,-1000.0,0.0,0.0,0.0,0.0,0.0,0.0,360.58646216932453,0.0,0.0,0.0,0.0,0.0,-68.26121041699741,1000.0,-5.387319864774773,0.0,349.7089573078969,-183.6595627694353,0.0,0.0,-435.8052356564265,-1000.0,0.0,-116.80429489811002,-2.6936599323873867,-5.387319864774773,0.0,0.0,484.4516056893333,0.0,0.0,248.42549599280792,0.0,0.0,0.0,613.6565671816594,0.0,189.32826931997818,93.75000000000001,-331.7573102808571,331.7573102808571,331.7573102808571,-509.6032610734524,0.0,0.0,-0.2154927945909909,0.0,0.0,0.0,0.0,0.0,-230.24585890779676,0.0,843.75,0.0,0.0,0.0,0.0,0.0,-874.7104157083207,0.21549279459106288,0.0,0.0,0.0,0.0,0.0,0.0,0.0,0.0,0.0,0.0,0.0,0.0,0.0,0.0,0.0,0.0,0.0,0.0,0.0,0.11852103702515157,0.11852103702515157,316.90219019622356,0.0,0.0,64.64783837729728,0.0,0.0,0.0,1000.0,0.0,0.0,0.0,0.0,0.0,1000.0,-1000.0,0.0,0.0,0.0,0.0,0.0,0.0,0.0,0.0,0.0,0.0,0.0,0.0,0.0,108.4765146304153,-418.4982082945029,510.09966821237134,0.0,8.296472591753146,0.0,118.2201256106639,656.2500000000866,643.5453284765372,0.0,1000.0,0.0,0.0,125.28958429167926,-656.2500000001221,656.2500000001221,425.5073102808571,0.0,0.0,0.0,0.0,0.0,0.0,0.0,0.0,0.0,0.0,0.0,0.0,0.0,64.64783837729728,0.0,0.0,0.0,0.0,0.0,0.0,0.0,0.0,0.0,0.0,0.0,0.0,1.0774639729549549,0.0,316.90219019622356,0.0,0.0,316.90219019622356,574.517524980773,0.0,0.0,248.42549599280792,0.0,0.0,0.0,0.0,0.0,0.0,0.0,0.0,0.0,0.0,0.0,0.0,0.0,32.32391918864864,32.32391918864864,475.0820890913353,-1000.0,0.0,0.0,0.0,0.0,0.0,0.0,0.0,-598.5443485831665,0.0,-533.5214458435044,0.10774639729549546,0.0,0.0,142.29450997117257,0.0,0.0,0.0,-774.4701256107504,0.0,0.0,0.0,0.0,0.0,0.0,0.0,0.0,0.0,0.0,0.0,0.0,0.0,0.0,0.10774639729549546,0.0,0.0,0.0,0.0,0.0,0.0,0.0,0.0,0.0,0.0,360.58646216932453,0.0,0.0,-459.5474320288988,-8.08097979716216,-5.387319864774778,0.0,0.0,0.0,0.0,0.0,0.0,0.0,0.0,0.0,0.0,0.0,0.0,0.0,0.0,0.0,0.0,489.8389255541081,0.0,0.0,0.0,189.22052292268268,0.0,0.0,0.10774639729549546,0.0,0.10774639729549546,0.0,554.4867639314053,0.0,64.64783837729728,131.45060470050447,131.45060470050447,0.0,0.0,0.0,0.0,0.0,0.0,0.0,510.09966821237134,0.0,0.0,0.0,0.0,0.0,290.7247116980418,0.0,0.0,0.0,0.0,0.0,0.0,0.0,0.0,0.0,0.0,0.0,0.0,0.0,12.704671523549363,0.0,-13.669568477571614,13.669568477571614,0.16161959594324318,0.0,0.0,0.0,-248.42549599280792,0.0,0.0,0.0,0.0,0.0,0.0,5.387319864774773,0.0,0.0,0.0,0.0,-1000.0,0.0,0.0,0.0,843.75,0.0,0.0,0.0,0.0,0.0,0.0,0.0,0.0,0.0,-425.5073102808571,0.0,-511.4496112467277,-95.6522078379521,0.0,360.58646216932453,0.0,-360.58646216932453,0.0,-821.6401402011786,0.0,5.387319864774778,770.5611215913061,0.0,0.0,-316.90219019622356,-230.24585890779676,0.0,0.0,874.2281510837654,-874.2281510837654,0.0,0.0,0.0,0.0,0.0,-16.161959594324117,0.0,131.45060470050447,0.0,0.0,0.0,316.90219019622356,0.0,0.0,0.0,0.0,0.0,320.3716241891399,0.0,0.0,24.242939391486274,-142.29450997117257,375.2696011197717,0.0,32.32391918864864,0.0,0.0,0.0,0.0,-421.12070908192294,0.0,0.0,0.11852103702515157,0.0,0.0,0.0,65.72530235025224,0.0,0.0,0.0,0.0,-116.18525150314133,0.0,0.0,0.0,0.0,0.0,0.0,0.0,0.0,-304.1975186726742,0.0,0.010774639729549854,0.010774639729549854,0.0,0.0,0.0,0.0,0.0,0.0,0.0,0.0,0.0,142.29450997117257,316.90219019622356,0.0,0.0,0.0,0.0,0.0,0.0,0.0,0.0,0.0,0.0,0.0,0.0,0.0,0.0,0.0,0.0,0.0,0.0,25.17511403839863,213.44049297195338,0.0,0.0,0.0,64.64783837729728,0.0,0.0,0.0,0.0,0.0,0.0,-64.64783837729728,0.0,0.0,0.0,0.0,0.0,0.0,0.0,0.0,0.0,316.90219019622356,316.90219019622356,0.0,533.5214458435044,-1000.0,364.5309938454562,-1000.0,751.5745040071921,0.0,459.1164464397164,0.0,0.0,0.0,0.0,0.0,0.0,0.0,0.0,0.0,0.0,0.0,0.0,0.0,0.0,0.0,0.0,0.0,-13.468299661936937,0.0,-8.08097979716216,282.64373190087986,0.0,0.0,0.0,0.0,0.0,655.3012588143985,-656.6480887805922,230.24585890779676,0.0,0.0,0.0,0.0,0.0,0.0,0.0,1000.0,32.32391918864864,32.32391918864864,0.0,0.0,0.0,0.0,0.0,0.11852103702515157,0.0,0.0,0.0,-459.1164464397164,0.0,0.0,0.0,0.0,0.0,0.0,0.0,0.0,0.0,0.0,0.0,0.0,0.0,0.0,284.07816620448847,0.0,0.0,0.0,0.0,113.13371716027024,8.296472591753146,0.0,0.0,0.0,0.0,0.0,0.0,0.0,-5.387319864774778,0.0,0.0,0.0,-13.468299661936937,0.0,0.0,0.0,0.0,0.0,0.0,0.0,0.0,0.0,0.0,0.0,0.0,0.0,0.0,0.0,0.0,0.0,0.0,-0.10774639729549546,0.0,0.0,5.387319864774773,-1000.0,0.0,0.0,0.0,0.0,0.0,0.0,0.0,0.0,-281.4477468908995,2.6936599323873867,0.0,0.0,0.0,0.10774639729549546,0.0,107.74639729549546,-33.4013831616036,21.549279459099097,0.7696171235392534,300.6124484544324,-0.08080979797162159,5.387319864774773,2.1549279459099093,-0.5387319864778988,-300.6124484544324,32.323919188648645,-0.10774639729549547,31.88406927931737,0.0,0.026936599323873867,0.7696171235392534,-95.6522078379521,-17.15322644944439,314.74726225031367,-213.44049297195338,-0.10774639729549547,0.026936599323873864,-300.6124484544324,10.774639729549547,0.10774639729549547,0.10774639729549546,0.22626743432064705,0.11852103702504532,-1000.0,-0.08080979797162159,32.32391918864864,0.10774639729549547,248.4254959928079,162.22837815641157,-0.05387319864774773,210.1796250411686,-23.587057650394406,-0.08080979797162159,-0.10774639729549547,-33.4013831616036,0.10774639729549546,10.774639729549547,-2.1549279459099093,12.704671523549363,12.704671523549363,-10.774639729549547,213.44049297195338,-12.704671523549363,21.549279459099093,0.16161959594324318,-283.83878306380876,10.774639729549547,-108.4765146304153,0.0,-21.549279459099093,0.05387319864774773,1.0774639729549549,15.942034639658685,-403.95803082175803,-0.10774639729549546,-24.242939391486274,-0.22626743432064705,33.401383161603604,0.10774639729549547,17.15322644944439,-345.39725355875373,0.0,-0.10774639729549546,-0.026936599323873867,0.0,-0.10774639729549547,-874.7104157083207,0.10774639729550017,-0.026936599323873864,-0.026936599323873864,-0.026936599323873864,43.09855891819819,-162.22837815641157,1.0774639729549549,79.82661209630285,-0.026936599323873864,0.0,5.387319864774773,442.74252771893515,0.10774639729549546,0.05387319864774773,0.053873198647747735,10.774639729549547,33.4013831616036,0.10774639729549546,-33.4013831616036,1.0774639729549549,0.10774639729549547,-79.82661209630285,0.10774639729549547,0.43098558918245544,0.5387319864778988,0.05387319864774773,0.026936599323873864,32.32391918864864,-0.10774639729549547,1000.0,-157.37363112515683,-159.6532241926057,2.693659932387386,-10.774639729549547,21.549279459099093,5.387319864774773,-0.10774639729549547,95.6522078379521,0.16161959594324318,-0.10774639729549547,-21.549279459099093,33.4013831616036,600.354254577788,0.053873198647747735,-885.4850554378703,-0.10774639729549547,-0.10774639729550017,-0.10774639729549547,0.053873198647747735,300.6124484544324,-21.549279459099093,0.10774639729549546,31.88406927931737,-0.026936599323873864,-0.11852103702504532,-31.88406927931737,16.16195959432432,23.587057650394406,-327.554958344432,300.6124484544324,-0.08080979797162159,24.242939391486274,403.95803082175803,0.10774639729549547,-0.02693659932387387,5.387319864774778,107.74639729549546,-0.05387319864774773,-0.10774639729549547,0.026936599323873867,618.4406106709865,0.0,283.784909865161,0.0,-1000.0,0.0,198.22830446439792,-414.6274031857661,0.0,-1000.0,-29.95037772935393,1000.0,0.0,500.0,500.0,14.975188864676966,0.0,207.31370159288306,0.0,-179.23354549586506,0.0,-1000.0,-179.23354549586503,-198.22830446439792,266.4254591468011,0.0,1496.5981,bhi
221,0.0,0.0,0.0,0.0,0.0,0.0,0.0,0.0,677.310822184366,0.0,0.0,0.0,0.0,0.0,0.0,0.0,805.0778355436645,-518.2369779863116,0.0,0.0,0.0,0.0,0.0,9.831039434692798,0.0,0.0,0.0,0.0,0.0,0.0,0.0,0.0,0.0,0.0,0.0,0.0,0.0,999.3272628524122,0.0,-333.25959591198637,1000.0,0.0,0.0,0.0,0.0,0.0,0.0,0.0,-582.589774750017,-528.3676199991024,0.0,222.4880607936475,0.0,0.18500271558677706,0.0,0.0,0.0,0.0,0.0,0.0,12.881301952852125,0.0,626.1822708603478,555.9853783564757,0.0,0.0,0.0,0.0,258.2643903228173,0.0,0.0,1.6818428689691884,0.0,0.0,0.0,0.0,0.0,0.0,0.0,656.3367847752279,0.0,0.0,0.0,0.0,100.91057213815131,0.0,0.0,46.50410907098689,850.2401431433492,-804.8255591133191,0.0,0.0,0.0,-718.5725928543924,50.455286069075655,0.0,50.455286069075655,0.0,147.13450097639907,0.0,0.0,8.40921434484594,0.0,0.0,0.0,-296.45187881031217,0.0,0.0,0.0,0.0,0.0,0.0,0.0,0.0,0.0,0.0,0.0,0.0,0.0,0.0,0.0,0.0,0.0,0.0,-932.0136336579267,0.0,0.0,50.455286069075655,0.0,52.137128938044846,11.90697850884981,0.0,974.3959924886946,-974.3959924886946,0.0,0.0,0.0,0.0,0.0,-83.07819445672419,0.0,0.0,0.0,0.0,0.0,12.950190091062742,0.16818428689691883,0.0420460717242297,0.0,0.0,0.0,0.0,0.0,0.0,0.0,0.0,828.926861612692,0.0,0.0,0.0,0.0,0.0,999.8318157131031,999.8318157131031,0.0,0.0,0.0,0.0,0.0,0.0,0.0,1000.0,0.0,0.0,0.0,0.0,-530.3591717701972,0.0,0.0,0.0,0.0,0.0,0.0,0.0,0.0,0.0,-909.3401681401361,0.0,0.0,0.0,0.0,-1000.0,0.0,0.0,0.0,0.0,0.0,528.3676199991024,-222.4880607936475,-45.41458403003014,45.41458403003014,0.0,0.0,0.0,0.0,0.0,0.0,0.0,0.0,-1000.0,0.0,0.0,0.0,0.0,0.0,0.0,0.0,0.0,0.0,0.0,0.0,0.0,0.0,447.1177333504547,-839.5090542264034,0.0,0.0,0.0,0.0,83.07819445672419,280.81870328106515,0.0,0.0,0.0,0.0,12.881301952852125,0.0,0.0,0.0,0.0,0.0,0.0,0.0,0.0,0.0,896.2405128785495,33.63685737938376,0.0,0.0,0.0,895.6547271733793,-803.9883105027077,0.0,0.0,0.0,0.0,83.07819445672419,-167.41880422881957,0.0,0.0,0.0,219.54090546621475,0.0,0.0,-450.57059189083895,0.0,0.0,-450.57059189083895,0.0,0.0,804.8255591133191,0.0,194.9221644563355,528.3676199991024,0.0,212.22941417903803,0.0,0.0,0.0,-1000.0,0.0,1000.0,0.0,1000.0,0.0,83.07819445672419,0.0,0.0,0.0,0.0,12.881301952852125,-0.2522764303453782,0.0,0.0,0.0,0.0,0.16818428689691883,0.0,0.0,0.0,-227.51450222869028,805.0778355436645,0.0,-197.63458587354145,-1000.0,530.3591717701972,889.9714957553701,0.0,240.9408094085261,0.0,-296.45187881031217,0.0,0.0,0.0,759.0591905914739,-1000.0,0.0,0.0,-138.8435443756041,0.0,0.0,0.0,0.0,0.0,0.0,0.0,0.0,0.0,0.0,0.0,0.0,0.0,0.0,0.0,0.0,0.0,266.28570003021764,0.0,-733.7142999697824,0.0,0.0,890.8249788404668,0.0,0.0,0.0,-909.1907029696122,0.0,147.13450097639907,0.0,0.0,0.0,0.0,0.0,-8.40921434484594,-906.9903637475808,741.7356096771828,-636.3280423840938,-8.40921434484594,0.0,-1000.0,0.0,0.0,0.0,902.7857565751578,0.0,234.2574062412753,0.0,-821.5194740020613,-185.5426777042196,804.307688928433,50.455286069075655,0.0,0.0,0.0,964.1160982113026,0.0,677.4790064712629,0.6711003901049821,-446.44663296034975,446.44663296034975,446.44663296034975,1.638340544771205,0.0,0.0,-0.33636857379383767,0.0,0.0,0.0,0.0,0.0,-57.31559055101994,0.0,-156.25000000000014,160.48379031370544,0.0,0.0,0.0,0.0,-889.964340295479,0.3363685737940614,0.0,0.0,0.0,0.0,0.0,0.0,0.0,0.0,0.0,258.2643903228173,0.0,0.0,0.0,0.0,0.0,0.0,0.0,0.0,0.0,0.18500271558677706,0.18500271558677706,0.0,51.51771482050462,0.0,100.91057213815131,0.0,0.0,0.0,0.0,0.0,0.0,0.0,0.0,0.0,831.5075673880027,0.0,0.0,0.0,0.0,0.0,0.0,160.48379031370544,0.0,0.0,0.0,0.0,0.0,0.0,0.0,310.6712112193089,227.51450222869028,0.0,0.0,12.950190091062742,0.0,-718.5725928543924,0.0,-280.81870328106515,0.0,831.5075673880027,0.0,-58.45677290747631,0.0,0.0,0.0,447.1177333504547,0.0,0.0,0.0,0.0,0.0,0.0,0.0,0.0,0.0,0.0,0.0,0.0,0.0,100.91057213815131,83.07819445672419,83.07819445672419,0.0,0.0,0.0,0.0,0.0,0.0,0.0,0.0,0.0,0.0,1.6818428689691884,0.0,0.0,0.0,0.0,0.0,-222.4880607936475,0.0,0.0,50.455286069075655,0.0,0.0,0.0,0.0,0.0,0.0,0.0,0.0,0.0,0.0,0.0,0.0,0.0,50.455286069075655,50.455286069075655,-21.02303586211486,0.0,0.0,160.48379031370544,0.0,0.0,0.0,0.0,0.0,-449.77256249470327,0.0,-138.8435443756041,0.16818428689691883,0.0,0.0,0.0,174.48346313868166,297.0605826748547,0.0,718.5725928543924,0.0,0.0,0.0,0.0,0.0,0.0,0.0,0.0,0.0,0.0,0.0,0.0,0.0,0.0,0.16818428689691883,0.0,0.0,0.0,0.0,0.0,0.0,0.0,0.0,0.0,0.0,128.76877684725366,0.0,0.0,-1000.0,-12.61382151726891,-8.409214344845948,0.0,0.0,281.25,281.25,-281.25,0.0,0.0,0.0,0.0,0.0,0.0,0.0,83.07819445672419,530.3591717701972,0.0,0.0,-8.802570728782428,0.0,0.0,0.0,677.310822184366,0.0,0.0,0.16818428689691883,0.0,0.16818428689691883,0.0,0.0,0.0,100.91057213815131,205.184830014241,205.184830014241,0.0,0.0,0.0,0.0,0.0,0.0,0.0,0.0,0.0,0.0,0.0,0.0,0.0,773.5398576932988,0.0,0.0,0.0,0.0,0.0,0.0,0.0,0.0,0.0,0.0,0.0,0.0,0.0,280.81870328106515,0.0,0.0,0.0,0.2522764303453782,0.0,0.0,0.0,-50.455286069075655,0.0,0.0,0.0,0.0,0.0,-51.51771482050462,8.40921434484594,0.0,0.0,0.0,0.0,0.0,0.0,0.0,0.0,-156.25000000000014,0.0,0.0,0.0,0.0,0.0,83.07819445672419,0.0,0.0,937.139273978059,-395.6000185299501,0.0,-1000.0,0.6087038645424627,0.0,-909.1907029696122,147.13450097639907,762.0562019932131,0.0,-372.6036342430606,0.0,8.409214344845948,1000.0,0.0,0.0,0.0,-57.31559055101994,-781.2500000000007,781.2500000000007,0.0,0.0,0.0,0.0,0.0,0.0,0.0,884.1125251055985,0.0,205.184830014241,0.0,0.0,0.0,0.0,0.0,0.0,0.0,0.0,0.0,896.2405128785495,0.0,0.0,89.35917937231139,-432.74785346149895,330.68395350828246,0.0,50.455286069075655,0.0,0.0,0.0,0.0,-164.02740549634086,0.0,0.0,0.18500271558677706,0.0,0.0,0.0,102.5924150071205,0.0,0.0,0.0,0.0,-839.5090542264034,0.0,0.0,0.0,0.0,0.0,0.0,0.0,0.0,0.0,0.0,655.8449719278863,0.016818428689692362,0.0,0.0,0.0,0.0,0.0,0.0,0.0,0.0,0.0,0.0,0.0,0.0,0.0,0.0,0.0,51.51771482050462,0.0,0.0,0.0,0.0,0.0,0.0,0.0,528.3676199991024,0.0,0.0,0.0,0.0,1000.0,0.0,-518.2369779863116,0.0,0.0,0.0,100.91057213815128,0.0,0.0,0.0,0.0,0.0,-495.6642257195228,394.7536535813715,0.0,0.0,0.0,0.0,0.0,0.0,0.0,0.0,0.0,0.0,0.0,0.0,1000.0,-449.77256249470327,888.7460942176882,302.1083815837079,-352.5636676527836,0.0,999.3272628524122,0.0,0.0,0.0,0.0,0.0,0.0,0.0,0.0,0.0,0.0,0.0,0.0,0.0,0.0,0.0,0.0,0.0,-21.02303586211486,83.07819445672419,-12.61382151726891,760.9260361760298,0.0,0.0,0.0,0.0,0.0,-2.1023035862114856,0.0,57.31559055101994,0.0,0.0,0.0,0.0,0.0,0.0,0.0,1000.0,50.455286069075655,50.455286069075655,0.0,0.0,0.0,0.0,656.3367847752279,0.18500271558677706,51.51771482050462,0.0,0.0,-999.3272628524122,655.8281534991966,0.0,0.0,0.0,0.0,0.0,0.0,0.0,0.0,0.0,0.0,0.0,0.0,0.0,0.0,0.0,0.0,11.90697850884981,0.0,176.59350124176478,0.0,0.0,12.950190091062742,0.0,0.0,0.0,51.51771482050462,0.0,882.4157644956208,0.0,0.0,0.0,-21.02303586211486,0.0,0.0,0.0,0.0,0.0,0.0,0.0,0.0,0.0,0.0,0.0,0.0,0.0,0.0,0.0,0.0,0.0,0.0,-0.16818428689691883,0.0,0.0,8.40921434484594,-831.5075673880027,0.0,0.0,0.0,0.0,83.07819445672419,0.0,0.0,0.0,-759.0591905914739,4.204607172422968,0.0,0.0,0.0,0.16818428689691883,0.0,168.18428689691882,-40.230150429195035,33.63685737938376,1.2013163349779916,493.0481174601032,-0.1261382151726891,8.40921434484594,3.3636857379383764,-0.8409214344847005,-493.0481174601032,50.45528606907565,-0.1681842868969188,98.81729293677073,160.48379031370544,0.0420460717242297,1.2013163349779916,-296.45187881031217,-26.77493847399137,-3.3636857379383764,-286.84085755735293,-0.1681842868969188,0.0420460717242297,-493.0481174601032,110.66434874988641,0.1681842868969188,0.16818428689691883,-51.16452781802093,0.18500271558662187,0.0,-0.1261382151726891,50.455286069075655,0.1681842868969188,50.455286069075655,-84.09214344845941,-0.0840921434484594,-236.02310399206772,-297.80531625765394,-0.1261382151726891,-0.1681842868969188,-40.230150429195035,0.16818428689691883,16.81842868969188,-3.3636857379383764,280.81870328106515,280.81870328106515,-16.818428689691885,286.84085755735293,-280.81870328106515,33.63685737938376,0.2522764303453782,-580.5036401847389,16.81842868969188,-310.6712112193089,160.48379031370544,-33.63685737938376,0.0840921434484594,1.6818428689691884,49.40864646838536,-361.96316115056635,-0.16818428689691883,-89.35917937231139,51.16452781802093,52.137128938044846,0.1681842868969188,26.77493847399137,-135.1832740227917,160.48379031370544,-0.16818428689691883,-0.0420460717242297,-160.48379031370544,-0.1681842868969188,-889.964340295479,0.1681842868969188,-0.0420460717242297,-0.0420460717242297,-0.0420460717242297,67.27371475876753,84.09214344845941,1.6818428689691884,124.60353355475775,-0.0420460717242297,0.0,8.40921434484594,453.3913844925855,0.16818428689691883,0.0840921434484594,0.0840921434484594,55.52122661818251,40.230150429195035,0.16818428689691883,-40.230150429195035,1.6818428689691884,0.1681842868969188,-124.60353355475775,0.1681842868969188,0.6727371475877817,0.8409214344847005,0.0840921434484594,0.0420460717242297,50.455286069075655,-0.1681842868969188,0.0,1.6818428689691882,-249.2070671095155,4.20460717242297,-16.81842868969188,33.63685737938376,8.40921434484594,-0.1681842868969188,296.45187881031217,0.2522764303453782,-0.1681842868969188,-111.04245323636502,40.230150429195035,638.2419991624284,0.0840921434484594,-906.782768985171,-0.1681842868969188,-0.1681842868969188,-0.1681842868969188,0.0840921434484594,493.0481174601032,-33.63685737938376,0.16818428689691883,98.81729293677073,-0.0420460717242297,-0.18500271558662187,-98.81729293677073,25.227643034537824,297.80531625765394,-337.6894893484724,493.0481174601032,-0.1261382151726891,89.35917937231139,361.96316115056635,0.1681842868969188,-0.04204607172422971,8.409214344845948,168.18428689691882,-0.0840921434484594,-0.1681842868969188,0.0420460717242297,0.0,0.0,580.4195480412903,0.0,-1000.0,0.0,875.9948265890864,-3.1081688758795645,93.84592006019453,-32.166701121509526,-1000.0,966.3631426206163,0.0,16.083350560754763,500.0,500.0,-93.84592006019453,1.5540844379397822,-51.51771482050462,-474.2145936660876,0.0,-966.3631426206163,-474.2145936660876,-875.9948265890864,497.1798359610931,0.0,1496.5981,bhi
222,0.0,0.0,0.0,0.0,0.0,0.0,0.0,0.0,-0.1365878875319502,0.0,0.0,0.0,0.0,0.0,0.0,0.0,94.6062026750759,885.2596195947216,0.0,-1000.0,0.0,0.0,0.0,197.76015599852303,0.0,0.0,0.0,0.0,0.0,-714.2040932422135,0.0,0.0,0.0,0.0,0.0,0.0,0.0,-19.522962057899818,0.0,-1000.0,208.89101207128738,0.0,0.0,0.0,0.0,0.0,0.0,0.0,65.44170863237332,0.0,0.0,-841.9677517797456,0.0,0.15024667628484423,0.0,0.0,0.0,27.31757750639004,0.0,0.0,-33.54083839875469,0.0,33.54083839875469,0.0,0.0,0.0,0.0,0.0,843.7500000000006,-383.5133418360288,0.0,1.3658788753195021,0.0,0.0,0.0,0.0,0.0,0.0,0.0,0.0,0.0,0.0,0.0,0.0,81.95273251917013,0.0,21.511998436775798,-1000.0,697.411294066467,504.8023117060685,-0.03414697188298755,0.0,0.0,1000.0,40.97636625958506,0.0,791.1089879287126,-4.398129978526007,0.0,0.0,0.0,722.1256230496547,-714.2040932422135,0.0,0.0,-422.20768510504286,0.0,0.0,0.0,0.0,0.0,0.0,0.0,0.0,0.0,0.0,0.0,0.0,0.0,0.0,0.0,0.0,0.0,0.0,-464.34978944189675,0.0,0.0,791.1089879287126,0.0,42.34224513490456,20.113173898585345,0.0,-719.2037597659009,-33.05622590144969,752.2599856673506,-752.2599856673506,0.0,0.0,0.0,0.0,0.0,0.0,0.0,0.0,0.0,32.02926577673596,0.1365878875319502,0.0,0.0,0.0,0.0,-289.4734820954384,0.0,0.0,0.0,0.0,967.3357896116374,0.0,0.0,0.0,0.0,0.0,846.834453943165,846.834453943165,0.0,0.0,0.0,593.75,175.70764393859645,0.0,0.0,846.971041830697,0.0,0.0,0.0,-1000.0,-168.61834587250962,0.0,0.0,0.0,0.0,0.0,0.0,0.0,0.0,0.0,0.0,0.0,0.0,0.0,0.0,-1000.0,0.0,0.0,0.0,0.0,0.0,0.0,841.9677517797456,-302.588705933533,302.588705933533,0.0,0.0,0.0,0.0,0.0,0.0,0.0,0.0,-17.073485941493775,0.0,0.0,0.0,0.0,0.0,0.0,0.0,0.0,0.0,0.0,0.0,0.0,0.0,346.86612531820356,229.4089948745809,-287.81156984498153,0.0,0.0,0.0,0.0,196.99092096219482,0.0,0.0,0.0,0.0,-33.54083839875469,-287.81156984498153,0.0,0.0,0.0,0.0,0.0,0.0,0.0,0.0,0.0,0.0,750.1326216691275,0.0,0.0,1000.0,-395.179245521414,0.0,287.81156984498153,0.0,0.0,0.0,704.5025602013136,0.0,0.0,0.0,-24.52178181681552,0.0,0.0,542.3329795448441,0.0,1000.0,-457.66702045515603,1000.0,0.0,394.822588132934,0.0,-324.73854675093037,0.0,0.0,224.31563304911697,0.0,0.0,0.0,-69.68589006448701,0.0,69.68589006448701,0.0,1000.0,0.0,0.0,-730.364979065256,593.75,0.0,0.0,-33.54083839875469,-0.2048818312979253,0.0,0.0,0.0,0.0,0.1365878875319502,0.0,0.0,0.0,11.900091109092557,94.6062026750759,0.0,-281.47179007002853,-200.0059054896896,168.61834587250962,1000.0,0.0,105.32292007588649,0.0,-422.20768510504286,0.0,0.0,0.0,894.6770799241135,0.0,-1000.0,-1000.0,-1000.0,0.0,0.0,0.0,0.0,0.0,0.0,0.0,0.0,0.0,0.0,0.0,0.0,0.0,0.0,0.0,0.0,0.0,-1000.0,0.0,-981.0233894922262,0.0,0.0,0.0,0.0,0.0,0.0,-32.02926577673596,0.0,0.0,0.0,0.0,715.2962286730572,-843.7500000000006,388.97685733730685,0.0,-3.414697188298755,0.0,0.0,-6.82939437659751,-90.35288760238504,0.0,-388.97685733730685,-364.4775087131261,-42.14186025800359,0.0,0.0,0.0,0.0,0.0,1000.0,371.4545312682041,791.1089879287126,0.0,0.0,0.0,0.0,0.0,0.0,0.0,-346.86612531820356,346.86612531820356,346.86612531820356,-172.55174009576763,0.0,0.0,-217.83812925469422,0.0,0.0,0.0,0.0,0.0,-24.057679923957778,0.0,0.0,0.0,0.0,0.0,0.0,0.0,-851.1734751495701,0.27317577506209645,0.0,0.0,0.0,0.0,0.0,0.0,0.0,0.0,0.0,460.23665816397175,0.0,0.0,0.0,0.0,0.0,0.0,0.0,0.0,0.0,0.15024667628484423,0.15024667628484423,0.0,318.62088913068044,0.0,81.95273251917013,0.0,0.0,0.0,1000.0,0.0,0.0,21.511998436775798,0.0,0.0,1000.0,-1000.0,0.0,0.0,329.45952214100475,0.0,0.0,0.0,0.0,0.0,0.0,0.0,0.0,0.0,0.0,154.78326314729892,-11.900091109092557,289.4734820954384,0.0,32.02926577673596,0.0,0.0,1000.0,803.0090790378051,0.0,1000.0,0.0,-637.4381297394351,786.264654589865,0.0,0.0,346.86612531820356,0.0,0.0,0.0,0.0,0.0,0.0,0.0,0.0,0.0,0.0,0.0,0.0,0.0,81.95273251917013,0.0,0.0,0.0,0.0,0.0,0.0,0.0,0.0,0.0,0.0,0.0,0.0,1.3658788753195021,0.0,0.0,21.511998436775798,-21.511998436775798,0.0,841.9677517797456,0.0,0.0,791.1089879287126,-329.45952214100475,0.0,0.0,0.0,0.0,0.0,0.0,0.0,0.0,0.0,916.1946807280957,1000.0,0.0,40.97636625958506,40.97636625958506,1000.0,-1000.0,0.0,0.0,0.0,0.0,0.0,0.0,0.0,714.2040932422135,0.0,740.4332236531784,0.1365878875319502,0.0,0.0,0.0,99.93112244696056,6.758104939484383,0.0,-1000.0,0.0,0.0,0.0,0.0,0.0,0.0,0.0,0.0,0.0,0.0,0.0,0.0,0.0,0.0,0.1365878875319502,0.0,0.0,0.0,287.51248783246365,-287.51248783246365,0.0,0.0,0.0,0.0,-36.42739575526197,123.92631871576208,0.0,-119.52818873723609,18.97661050777382,-10.244091564896266,0.0,-6.82939437659751,0.0,0.0,0.0,0.0,0.0,0.0,0.0,0.0,0.0,0.0,0.0,0.0,168.61834587250962,0.0,0.0,378.2839256448016,0.0,0.0,0.0,-0.1365878875319502,0.0,0.0,0.1365878875319502,0.0,0.1365878875319502,0.0,0.0,0.0,81.95273251917013,166.63722278897927,166.63722278897927,0.0,0.0,0.0,0.0,0.0,0.0,0.0,289.4734820954384,0.0,0.0,0.0,0.0,0.0,906.4372970406141,0.0,0.0,0.0,0.0,0.0,0.0,0.0,0.0,0.0,0.0,0.0,0.0,0.0,196.99092096219482,0.0,0.0,0.0,0.2048818312979253,0.0,0.0,0.0,-791.1089879287126,0.0,0.0,0.0,0.0,0.0,-318.62088913068044,6.82939437659751,0.0,0.0,0.0,-593.75,-175.70764393859645,-4.398129978526007,-6.82939437659751,0.0,0.0,0.0,0.0,0.0,0.0,0.0,0.0,0.0,329.45952214100475,1000.0,-28.24523618752312,0.0,1000.0,-415.4495801655585,0.0,0.0,119.52818873723609,-119.52818873723609,0.0,537.8653374123344,0.0,6.82939437659751,407.39917008437556,0.0,0.0,0.0,-67.08167679750937,0.0,0.0,0.0,0.0,0.0,0.0,0.0,0.0,0.0,83.31861139448962,-103.80679452428214,166.63722278897927,0.0,0.0,0.0,0.0,0.0,0.0,0.0,0.0,0.0,0.0,0.0,0.0,245.5463693010871,-560.1677806109324,-1000.0,0.0,40.97636625958506,21.511998436775798,0.0,0.0,0.0,-190.00753395638947,0.0,0.0,0.15024667628484423,0.0,0.0,0.0,83.31861139448962,0.0,0.0,0.0,0.0,229.4089948745809,0.0,0.0,0.0,0.0,0.0,0.0,0.0,0.0,0.0,0.0,0.013658788753195412,0.013658788753195412,0.0,0.0,0.0,0.0,0.0,0.0,0.0,0.0,0.0,0.0,0.0,0.0,0.0,0.0,0.0,318.62088913068044,0.0,0.0,0.0,0.0,0.0,0.0,0.0,0.0,0.0,0.0,0.0,43.023996873551596,0.0,-228.11668098865948,885.2596195947216,0.0,0.0,0.0,81.95273251917013,0.0,0.0,0.0,0.0,0.0,-439.03103011905773,357.0782975998876,0.0,43.023996873551596,0.0,0.0,0.0,0.0,0.0,0.0,0.0,0.0,0.0,0.0,-740.4332236531784,-1000.0,1000.0,-791.1089879287126,0.0,0.0,-19.522962057899818,0.0,0.0,0.0,0.0,0.0,0.0,0.0,0.0,0.0,0.0,0.0,0.0,0.0,0.0,0.0,0.0,0.0,-17.073485941493775,0.0,-725.5403202379534,1000.0,0.0,0.0,0.0,0.0,0.0,-904.5374478769176,902.8300992827682,24.057679923957778,0.0,0.0,0.0,0.0,0.0,0.0,0.0,1000.0,40.97636625958506,40.97636625958506,0.0,0.0,0.0,0.0,0.0,0.15024667628484423,318.62088913068044,0.0,0.0,19.522962057899818,0.0,0.0,0.0,0.0,0.0,0.0,0.0,0.0,0.0,0.0,0.0,0.0,0.0,0.0,0.0,0.0,0.0,20.113173898585345,0.0,143.41728190854772,32.02926577673596,0.0,0.0,0.0,0.0,0.0,318.62088913068044,0.0,0.0,0.0,0.0,0.0,-17.073485941493775,0.0,0.0,0.0,0.0,0.0,0.0,0.0,0.0,0.0,0.0,0.0,0.0,0.0,0.0,0.0,0.0,0.0,0.0,-0.1365878875319502,0.0,0.0,6.82939437659751,-1000.0,0.0,0.0,0.0,0.0,0.0,0.0,0.0,0.0,-894.6770799241135,3.414697188298755,0.0,0.0,0.0,0.1365878875319502,0.0,136.5878875319502,-22.229071236319214,27.31757750639004,0.9756277680853586,421.3065540113118,-0.10244091564896265,364.4775087131261,2.7317577506390043,-0.6829394376579465,-421.3065540113118,40.97636625958506,-0.1365878875319502,140.73589503501427,0.0,0.03414697188298755,0.9756277680853586,-422.20768510504286,-43.25679013185948,-2.7317577506390043,20.13417773020251,-0.1365878875319502,0.03414697188298755,-421.3065540113118,13.65878875319502,0.1365878875319502,0.1365878875319502,-318.33405456686364,-21.36175176049065,0.0,-0.10244091564896265,40.97636625958506,0.1365878875319502,791.1089879287126,681.8386779031523,-0.0682939437659751,-122.92041940155167,-210.7862976029218,-0.10244091564896265,-0.1365878875319502,-22.229071236319214,0.1365878875319502,13.65878875319502,-2.7317577506390043,196.99092096219482,196.99092096219482,-13.65878875319502,-20.13417773020251,-196.99092096219482,27.31757750639004,0.2048818312979253,-660.1121716278374,13.65878875319502,-154.78326314729892,0.0,-27.31757750639004,0.0682939437659751,1.3658788753195021,70.36794751750713,-0.927658681133078,-0.1365878875319502,-349.3531638253693,318.33405456686364,42.34224513490456,0.1365878875319502,43.25679013185948,-914.038086707468,0.0,-0.1365878875319502,-0.03414697188298755,0.0,-0.13658788753195017,-851.1734751495701,0.13658788753206388,-0.03414697188298755,-0.03414697188298755,-0.03414697188298755,54.63515501278008,-681.8386779031523,1.3658788753195021,400.7963674501535,-0.03414697188298755,0.0,6.82939437659751,432.41613195138257,0.1365878875319502,0.0682939437659751,0.0682939437659751,13.65878875319502,22.229071236319214,0.1365878875319502,-22.229071236319214,1.3658788753195021,0.1365878875319502,-1000.0,0.1365878875319502,0.5463515501259977,0.6829394376579465,0.0682939437659751,0.03414697188298755,40.97636625958506,-0.1365878875319502,0.0,1.3658788753195021,-801.592734900307,361.06281152482734,-13.65878875319502,27.31757750639004,6.82939437659751,-0.1365878875319502,422.20768510504286,0.2048818312979253,-0.1365878875319502,-27.31757750639004,22.229071236319214,467.6254528370328,0.0682939437659751,-864.8322639027651,-0.1365878875319502,-0.13658788753206388,-0.1365878875319502,0.0682939437659751,421.3065540113118,-27.31757750639004,0.1365878875319502,140.73589503501427,-0.03414697188298755,21.36175176049065,-140.73589503501427,20.488183129792528,210.7862976029218,-73.63202076218624,421.3065540113118,-0.10244091564896265,349.3531638253693,0.927658681133078,0.1365878875319502,-0.034146971882987556,6.82939437659751,136.5878875319502,-0.0682939437659751,-0.1365878875319502,0.03414697188298755,0.0,0.0,-239.58102215493113,599.2036325498465,-1000.0,0.0,715.9558501126389,-418.4681724800143,0.0,1000.0,560.683742754936,-737.8440954109517,-899.6248998390025,-500.0,500.0,-280.341871377468,0.0,209.23408624000714,-318.62088913068044,-277.6179188806433,899.6248998390025,737.8440954109517,-277.61791888064334,-715.9558501126389,808.1675740334559,0.0,1496.5981,bhi
223,0.0,0.0,0.0,0.0,0.0,0.0,0.0,0.0,-0.16655543666225156,0.0,0.0,0.0,0.0,0.0,0.0,0.0,986.0772871379297,-1000.0,0.0,502.1653011190741,0.0,0.0,0.0,671.4300960869202,0.0,0.0,0.0,0.0,0.0,-929.167468299266,0.0,0.0,324.102227033071,0.0,0.0,0.0,0.0,1.176991752412782,0.0,-1000.0,-536.2296128864526,0.0,0.0,-198.96329736320877,0.0,0.0,0.0,0.0,320.30896685956293,0.0,0.0,0.0,0.0,0.1832109803282833,0.0,0.0,0.0,33.31108733245031,0.0,0.0,-87.92394855144163,0.0,0.0,-87.92394855144163,0.0,0.0,0.0,0.0,1000.0,-629.0165285769715,0.0,1.6655543666225157,0.0,0.0,0.0,0.0,0.0,0.0,0.0,0.0,0.0,0.0,0.0,0.0,99.93326199735095,0.0,73.25596642938665,380.7628677308495,160.54200674589845,-459.47017215548595,-0.04163885916556289,0.0,0.0,0.0,49.96663099867548,0.0,49.96663099867548,-5.3630850605226925,0.0,0.0,0.0,8.327771833112578,-959.8406551715703,0.0,0.0,-347.3863625282264,549.8061712424275,0.0,0.0,0.0,0.0,0.0,0.0,0.0,0.0,0.0,0.0,0.0,0.0,0.0,0.0,0.0,0.0,0.0,-336.67779381673927,0.0,0.0,49.96663099867548,0.0,51.632185365297985,0.0,0.0,-1000.0,0.0,1000.0,-1000.0,602.2240509201415,935.5973639519573,-935.5973639519573,-602.2240509201415,0.0,0.0,0.0,0.0,0.0,86.08073505238,0.16655543666225156,0.0,0.0,0.0,-1000.0,-74.66030552628763,0.0,0.0,0.0,0.0,1000.0,0.0,0.0,0.0,0.0,0.0,-329.73455978406713,-329.73455978406713,0.0,0.0,0.0,0.0,-596.0058240143807,0.0,0.0,-329.5680043474049,0.0,0.0,0.0,305.3318632148036,-1000.0,0.0,0.0,0.0,0.0,0.0,0.0,0.0,0.0,0.0,-24.983315499337778,0.0,0.0,0.0,0.0,-1000.0,0.0,0.0,0.0,0.0,0.0,0.0,0.0,298.9281654095875,-298.9281654095875,0.0,0.0,0.0,0.0,0.0,0.0,0.0,30.673186872304278,-20.819429582781446,0.0,0.0,0.0,0.0,0.0,0.0,0.0,0.0,0.0,0.0,0.0,0.0,0.0,0.0,124.62693652496311,-377.2187856982265,0.0,0.0,0.0,0.0,62.62384876044621,0.0,0.0,0.0,0.0,-87.92394855144163,-178.25548833501773,0.0,0.0,22.313722858876815,0.0,0.0,0.0,0.0,0.0,0.0,0.0,0.0,0.0,0.0,-138.38615866368906,1000.0,0.0,377.2187856982265,0.0,0.0,0.0,0.0,0.0,0.0,0.0,-68.75058874245576,0.0,0.0,863.8238432518986,0.0,0.0,863.8238432518986,0.0,0.0,459.47017215548595,0.0,-899.9783680617508,0.0,0.0,402.06581952723565,0.0,0.0,0.0,24.451280613232292,0.0,-24.451280613232292,0.0,-549.6690145088893,0.0,0.0,0.0,0.0,0.0,0.0,-87.92394855144163,-0.24983315499337733,0.0,0.0,0.0,0.0,0.16655543666225156,0.0,0.0,0.0,887.4095202408784,986.0772871379297,0.0,-231.59090835215096,489.259990074846,1000.0,-486.2629818877772,0.0,-45.223412274156004,0.0,-347.3863625282264,0.0,0.0,0.0,252.3528231645952,-1000.0,792.8705891095608,-1000.0,-1000.0,0.0,0.0,0.0,0.0,0.0,0.0,0.0,0.0,0.0,0.0,0.0,0.0,0.0,0.0,0.0,0.0,22.313722858876815,-998.1567865009383,0.0,-1000.0,0.0,0.0,0.0,0.0,0.0,0.0,-86.08073505238,0.0,0.0,0.0,0.0,0.0,0.0,0.0,694.8576966301268,0.0,0.0,0.0,0.0,-596.6497482755336,-687.1809825609637,0.0,-703.1854684632394,0.0,-4.163885916556289,-8.327771833112578,53.96140006033954,0.0,991.6722281668874,259.0165321920517,0.0,49.96663099867548,0.0,0.0,0.0,0.0,0.0,0.0,0.0,0.0,0.0,0.0,522.7376328439585,0.0,0.0,0.0,0.0,0.0,30.673186872304278,0.0,0.0,-29.33596424410996,0.0,0.0,0.0,0.0,0.0,0.0,0.0,-450.19382875757253,0.3331108733243185,0.0,0.0,0.0,0.0,0.0,0.0,0.0,0.0,0.0,370.9834714230285,0.0,0.0,0.0,0.0,0.0,0.0,0.0,0.0,0.0,0.1832109803282833,0.1832109803282833,0.0,124.12912005919739,0.0,99.93326199735095,0.0,0.0,0.0,1000.0,0.0,390.8920769915749,73.25596642938665,0.0,0.0,1000.0,-1000.0,0.0,0.0,351.78159612251477,0.0,0.0,0.0,0.0,0.0,0.0,0.0,0.0,0.0,0.0,112.22593127224643,-887.4095202408784,524.8541342838602,0.0,86.08073505238,0.0,-469.5077105598414,469.5077105598414,406.8838617993952,0.0,1000.0,0.0,549.8061712424275,0.0,0.0,0.0,0.0,0.0,0.0,0.0,0.0,0.0,0.0,0.0,0.0,0.0,0.0,0.0,0.0,0.0,99.93326199735095,0.0,0.0,0.0,0.0,0.0,0.0,0.0,0.0,0.0,0.0,0.0,0.0,1.6655543666225157,0.0,0.0,73.25596642938665,-73.25596642938665,0.0,0.0,0.0,0.0,49.96663099867548,-351.78159612251477,0.0,0.0,0.0,0.0,0.0,0.0,0.0,0.0,0.0,1000.0,527.2180084385334,0.0,49.96663099867547,49.96663099867547,1000.0,-1000.0,0.0,0.0,0.0,0.0,0.0,0.0,0.0,959.8406551715703,30.673186872304278,1000.0,0.16655543666225156,0.0,0.0,0.0,219.9602477463121,0.0,0.0,0.0,0.0,0.0,0.0,0.0,0.0,0.0,0.0,0.0,0.0,0.0,0.0,0.0,0.0,0.0,0.16655543666225156,0.0,0.0,0.0,-595.4344044498516,595.4344044498516,0.0,0.0,0.0,0.0,-86.08073505238,0.0,0.0,0.0,-1.8432134990616191,-12.49165774966887,-8.327771833112593,0.0,0.0,0.0,0.0,0.0,0.0,0.0,0.0,0.0,0.0,0.0,0.0,0.0,1000.0,0.0,0.0,1000.0,0.0,0.0,0.0,-0.16655543666225156,0.0,0.0,0.16655543666225156,0.0,0.16655543666225156,0.0,0.0,0.0,99.93326199735095,203.19763272794694,203.19763272794694,0.0,0.0,0.0,0.0,0.0,0.0,0.0,524.8541342838602,0.0,30.673186872304278,0.0,0.0,0.0,266.6932462612149,0.0,0.0,0.0,0.0,0.0,0.0,0.0,0.0,0.0,0.0,0.0,0.0,0.0,62.62384876044621,0.0,-307.0647384156182,307.0647384156182,0.24983315499337733,0.0,0.0,0.0,-49.96663099867548,0.0,0.0,0.0,0.0,0.0,-124.12912005919739,8.327771833112578,0.0,0.0,0.0,0.0,596.0058240143807,0.0,0.0,0.0,0.0,0.0,0.0,0.0,0.0,0.0,0.0,0.0,351.78159612251477,-535.4058403219128,124.12912005919739,0.0,1000.0,-347.3863625282264,0.0,0.0,0.0,0.0,0.0,-203.19763272794694,0.0,8.327771833112593,1000.0,0.0,698.2766037020181,0.0,-175.84789710288325,0.0,0.0,-843.750000000143,843.750000000143,0.0,0.0,0.0,0.0,0.0,0.0,0.0,203.19763272794694,0.0,281.25,281.25,-281.25,0.0,0.0,0.0,0.0,0.0,0.0,0.0,0.0,161.60409330820403,-590.9437191693406,97.89836385521596,0.0,49.96663099867548,73.25596642938665,0.0,0.0,0.0,-134.2781171250802,0.0,0.0,0.1832109803282833,0.0,0.0,0.0,101.59881636397346,0.0,0.0,0.0,0.0,124.62693652496311,0.0,549.8061712424275,0.0,0.0,0.0,0.0,0.0,0.0,-1000.0,0.0,0.016655543666225157,0.016655543666225157,0.0,0.0,0.0,0.0,0.0,0.0,0.0,0.0,0.0,0.0,0.0,0.0,0.0,0.0,0.0,124.12912005919739,0.0,0.0,0.0,0.0,0.0,0.0,0.0,0.0,0.0,0.0,0.0,146.5119328587733,894.6504741927457,1000.0,-1000.0,0.0,0.0,0.0,99.933261997351,0.0,0.0,0.0,0.0,0.0,900.066738002649,-1000.0,0.0,146.5119328587733,0.0,0.0,0.0,0.0,0.0,0.0,0.0,0.0,0.0,0.0,-1000.0,-1000.0,380.78372037485724,-1000.0,950.0333690013246,0.0,1.176991752412782,0.0,0.0,0.0,0.0,0.0,0.0,0.0,0.0,0.0,0.0,0.0,0.0,0.0,0.0,0.0,0.0,0.0,-20.819429582781446,0.0,-12.49165774966887,254.201588511546,0.0,0.0,0.0,0.0,0.0,-2.081942958278145,0.0,29.33596424410996,0.0,0.0,0.0,0.0,0.0,0.0,0.0,1000.0,49.96663099867547,49.96663099867547,0.0,0.0,0.0,0.0,0.0,0.1832109803282833,124.12912005919739,0.0,0.0,-1.176991752412782,0.0,0.0,0.0,0.0,0.0,0.0,0.0,0.0,0.0,0.0,0.0,0.0,0.0,0.0,153.5323692078091,0.0,0.0,0.0,0.0,174.88320849536416,86.08073505238,0.0,0.0,0.0,0.0,0.0,124.12912005919739,0.0,-13.69085689363527,0.0,0.0,0.0,-20.819429582781446,0.0,0.0,0.0,0.0,0.0,0.0,0.0,0.0,0.0,0.0,0.0,0.0,0.0,0.0,0.0,0.0,0.0,0.0,-0.16655543666225156,0.0,0.0,8.327771833112578,-1000.0,0.0,0.0,0.0,0.0,0.0,0.0,0.0,0.0,-252.3528231645952,4.163885916556289,0.0,0.0,0.0,0.16655543666225156,0.0,166.55543666225157,-51.632185365297985,33.31108733245031,1.189681690444654,464.68966828768185,-0.12491657749668868,8.327771833112593,3.3311087332450313,-0.8327771833110887,-464.68966828768185,49.96663099867547,-0.16655543666225156,115.79545417607548,0.0,0.04163885916556289,1.189681690444654,-347.3863625282264,-99.77159194601528,-3.3311087332450313,-488.24258825700383,-0.16655543666225156,0.04163885916556289,-464.68966828768185,328.2367930397553,0.16655543666225156,0.16655543666225156,-123.77935364220686,-73.07275544905816,-79.52333073419072,-0.12491657749668868,49.96663099867547,0.16655543666225156,49.96663099867544,-83.27771833112578,-0.08327771833112578,-225.70394420935645,-79.44594786333361,-0.12491657749668868,-0.16655543666225156,-51.632185365297985,0.16655543666225156,16.655543666225157,-3.3311087332450313,62.62384876044621,62.62384876044621,-16.655543666225157,488.24258825700383,-62.62384876044621,33.31108733245031,0.24983315499337735,-1000.0,16.655543666225157,-112.22593127224643,0.0,-33.31108733245031,0.08327771833112578,1.6655543666225157,57.89772708803774,157.4402073916477,-0.16655543666225156,-161.60409330820403,123.77935364220686,51.632185365297985,0.16655543666225156,99.77159194601528,-511.4477733682321,0.0,-0.16655543666225156,-0.04163885916556289,0.0,-0.16655543666225156,-1000.0,0.16655543666225156,-0.04163885916556289,-0.04163885916556289,-0.04163885916556289,66.62217466490063,83.27771833112578,1.6655543666225157,386.57540005086656,-0.04163885916556289,0.0,8.327771833112578,233.42468621189886,0.16655543666225156,0.08327771833112578,0.08327771833112578,16.655543666225157,51.632185365297985,0.16655543666225156,-51.632185365297985,1.6655543666225157,0.16655543666225156,-912.932681878317,0.16655543666225156,0.6662217466488372,0.8327771833110887,0.08327771833112578,0.04163885916556289,49.96663099867547,-0.16655543666225156,79.52333073419072,1.6655543666225157,-773.1508001017331,4.163885916556277,-16.655543666225157,33.31108733245031,8.327771833112578,-0.16655543666225156,347.3863625282264,0.24983315499337735,-0.16655543666225156,-33.31108733245031,51.632185365297985,348.50241825347064,0.08327771833112578,-466.8493724237977,-0.16655543666225156,-0.16655543666225156,-0.16655543666225156,0.08327771833112578,464.68966828768185,-33.31108733245031,0.16655543666225156,115.79545417607548,-0.04163885916556289,73.07275544905816,-115.79545417607548,24.983315499337735,79.44594786333361,303.5912986342675,464.68966828768185,-0.12491657749668868,161.60409330820403,-157.4402073916477,0.16655543666225156,-0.04163885916556288,8.327771833112593,166.55543666225157,-0.08327771833112578,-0.16655543666225156,0.04163885916556289,465.1622011366766,0.0,999.9167222816689,526.3572818274504,-355.43232887103386,0.0,417.8588118185613,-675.169464711533,311.5812493735301,1000.0,-208.66235764818242,-508.4569530485902,0.0,-500.0,177.71616443551693,104.33117882409121,-311.5812493735301,337.5847323557665,-124.12912005919739,-214.22430112839044,0.0,508.4569530485902,-214.22430112839044,-417.8588118185613,456.3255207602841,0.0,1496.5981,bhi
224,0.0,0.0,0.0,0.0,0.0,0.0,0.0,0.0,-0.0939081925803953,0.0,0.0,0.0,0.0,0.0,0.0,0.0,896.1124040085093,0.0,0.0,-515.0267547480448,0.0,0.0,0.0,547.478037990163,0.0,0.0,0.0,0.0,0.0,931.4884095368084,0.0,0.0,786.2667407478365,0.0,0.0,0.0,0.0,179.25680141772378,0.0,-1000.0,487.31213288590106,0.0,0.0,-1000.0,0.0,0.0,0.0,0.0,-827.6008135453177,0.0,0.0,0.0,0.0,0.10329901183913481,0.0,0.0,0.0,18.78163851607906,0.0,0.0,-8.270181493247833,0.0,671.9456843087555,663.6755028155077,0.0,0.0,0.0,0.0,0.0,0.0,0.0,0.939081925803953,0.0,0.0,0.0,0.0,0.0,0.0,0.0,0.0,0.0,0.0,0.0,0.0,56.34491554823718,0.0,0.0,1000.0,-137.8438482524874,0.0,-0.023477048145098826,0.0,0.0,-722.9368788983754,28.17245777411859,0.0,512.6878671140989,-3.023843801090692,192.67941241054828,0.0,0.0,735.8501147077454,931.4884095368084,0.0,0.0,-355.96879726055124,0.0,0.0,0.0,0.0,0.0,0.0,0.0,0.0,0.0,0.0,0.0,0.0,0.0,0.0,0.0,0.0,0.0,0.0,-459.6987790628366,0.0,0.0,512.6878671140989,0.0,29.111539699922538,0.0,0.0,0.0,0.0,0.0,0.0,797.2480161047465,0.0,0.0,-797.2480161047465,0.0,0.0,0.0,0.0,0.0,7.230930828690467,0.0939081925803953,0.0,0.0,0.0,0.0,0.0,0.0,0.0,0.0,0.0,686.9105616244816,0.0,0.0,0.0,0.0,0.0,999.9060918074196,999.9060918074196,0.0,0.0,0.0,0.0,0.0,0.0,0.0,1000.0,0.0,0.0,0.0,-321.09975791896085,-607.9843485593431,0.0,0.0,0.0,0.0,0.0,0.0,0.0,0.0,0.0,0.0,0.0,0.0,0.0,0.0,-1000.0,0.0,0.0,0.0,0.0,0.0,0.0,0.0,137.8438482524874,-137.8438482524874,0.0,0.0,0.0,0.0,0.0,0.0,0.0,0.0,-1000.0,0.0,0.0,0.0,0.0,0.0,0.0,0.0,0.0,0.0,0.0,0.0,0.0,0.0,0.0,143.66955631586552,-1000.0,0.0,0.0,0.0,0.0,189.68446133720843,0.0,0.0,0.0,0.0,-8.270181493247833,0.0,0.0,0.0,0.0,0.0,0.0,0.0,0.0,0.0,0.0,0.0,484.51540933998035,0.0,275.6876965049748,0.0,310.2430347071697,0.0,1000.0,0.0,0.0,0.0,0.0,0.0,0.0,0.0,-9.464380675561301,0.0,0.0,497.50506521187526,618.600601895181,1000.0,-502.49493478812497,381.39939810481906,0.0,0.0,0.0,-549.5820929502397,0.0,0.0,72.31939596209443,0.0,0.0,0.0,0.0,0.0,0.0,0.0,1000.0,0.0,0.0,0.0,0.0,0.0,0.0,-8.270181493247833,-0.14086228887059293,0.0,0.0,0.0,0.0,0.0939081925803953,0.0,0.0,0.0,297.62767154869266,896.1124040085093,0.0,-321.3194255536792,5.573582905156017,607.9843485593431,1000.0,0.0,-258.96108056911896,0.0,-355.96879726055124,0.0,0.0,0.0,-8.085495381172734,0.0,267.0465759502917,-1000.0,-1000.0,0.0,0.0,0.0,0.0,0.0,0.0,0.0,0.0,0.0,0.0,0.0,0.0,0.0,0.0,0.0,0.0,0.0,-820.3675658119538,0.0,-1000.0,0.0,0.0,0.0,0.0,0.0,0.0,-7.230930828690467,0.0,192.67941241054828,0.0,0.0,731.1547050787258,0.0,0.0,629.7272378316173,0.0,0.0,0.0,222.14705168476428,0.0,-393.49395725979394,0.0,-1000.0,841.6951569272811,-2.3477048145098824,-226.84246131378404,-857.9097497159469,0.0,801.110655547431,0.0,0.0,512.6878671140989,0.0,0.0,0.0,0.0,0.0,0.0,0.0,0.0,0.0,0.0,-588.8063557367911,0.0,0.0,-0.1878163851607906,0.0,0.0,0.0,0.0,0.0,-16.540362986495584,0.0,0.0,0.0,0.0,0.0,0.0,0.0,-369.0183107982334,0.18781638516088667,0.0,0.0,0.0,0.0,0.0,0.0,0.0,0.0,0.0,0.0,0.0,0.0,0.0,0.0,0.0,0.0,0.0,0.0,0.0,0.10329901183913481,0.10329901183913481,0.0,0.0,0.0,56.34491554823718,0.0,0.0,0.0,1000.0,0.0,336.79519127540146,0.0,0.0,0.0,780.9962201449982,-1000.0,0.0,0.0,0.0,0.0,0.0,0.0,0.0,0.0,0.0,0.0,0.0,0.0,0.0,153.23292635427887,-297.62767154869266,0.0,0.0,595.9998006092244,0.0,87.37865976441617,-810.3155386627916,-1000.0,0.0,780.9962201449982,0.0,680.6370255228973,-268.65911617613244,0.0,0.0,0.0,0.0,0.0,0.0,0.0,0.0,0.0,0.0,0.0,0.0,0.0,0.0,0.0,0.0,56.34491554823718,0.0,0.0,0.0,0.0,0.0,0.0,0.0,0.0,0.0,0.0,0.0,0.0,0.939081925803953,0.0,0.0,0.0,0.0,0.0,0.0,0.0,0.0,512.6878671140989,0.0,0.0,0.0,588.7688697805339,0.0,0.0,0.0,0.0,0.0,0.0,557.0566736333633,0.0,0.0,28.17245777411859,28.17245777411859,601.5169612780571,-1000.0,0.0,0.0,0.0,0.0,0.0,0.0,0.0,504.743496352443,0.0,515.3817294352592,0.0939081925803953,0.0,0.0,-875.9808162415051,1000.0,443.3474570249674,0.0,722.9368788983754,0.0,0.0,0.0,0.0,0.0,0.0,0.0,0.0,0.0,0.0,0.0,0.0,0.0,0.0,0.0939081925803953,0.0,0.0,0.0,0.0,0.0,0.0,0.0,0.0,0.0,-14.950184258800924,200.39866584065874,0.0,0.0,-179.6324341880462,-7.043114443529648,-4.695409629019765,0.0,0.0,-281.25,-281.25,281.25,0.0,0.0,0.0,0.0,0.0,0.0,0.0,0.0,607.9843485593431,0.0,0.0,805.8060651764507,0.0,0.0,0.0,-0.0939081925803953,0.0,0.0,0.0939081925803953,0.0,0.0939081925803953,0.0,0.0,0.0,56.34491554823718,114.56799494808226,114.56799494808226,0.0,0.0,0.0,0.0,0.0,0.0,0.0,0.0,0.0,0.0,0.0,0.0,0.0,0.0,0.0,0.0,0.0,0.0,0.0,0.0,0.0,0.0,0.0,0.0,0.0,0.0,0.0,189.68446133720843,0.0,0.0,0.0,0.14086228887059293,0.0,0.0,0.0,-512.6878671140989,0.0,0.0,0.0,0.0,0.0,0.0,4.695409629019765,0.0,0.0,0.0,0.0,0.0,-7.719253430110457,0.0,0.0,0.0,0.0,0.0,0.0,0.0,0.0,0.0,0.0,0.0,367.3722122961549,0.0,0.0,-386.74451464939347,87.37865976441617,0.0,0.0,192.67941241054828,-192.67941241054828,0.0,-114.56799494808226,0.0,4.695409629019765,908.3985296611894,0.0,862.1509807246879,0.0,-16.540362986495584,0.0,0.0,1000.0,-1000.0,0.0,0.0,0.0,0.0,0.0,0.0,-14.086228887059363,114.56799494808226,0.0,0.0,0.0,0.0,0.0,0.0,0.0,0.0,0.0,0.0,0.0,0.0,7.043114443529648,-124.01918375849493,0.0,0.0,28.17245777411859,0.0,0.0,0.0,0.0,-167.54897496360297,0.0,0.0,0.10329901183913481,0.0,0.0,0.0,57.28399747404113,0.0,0.0,0.0,0.0,143.66955631586552,0.0,0.0,0.0,0.0,0.0,0.0,0.0,0.0,0.0,0.0,0.00939081925803953,0.00939081925803953,0.0,0.0,0.0,0.0,0.0,0.0,0.0,0.0,0.0,-875.9808162415051,0.0,0.0,0.0,0.0,0.0,0.0,0.0,0.0,0.0,0.0,0.0,0.0,0.0,0.0,0.0,0.0,0.0,0.0,656.0311868606643,-756.0160400872481,0.0,0.0,0.0,0.0,56.34491554823718,0.0,0.0,0.0,0.0,0.0,0.0,-56.34491554823718,0.0,0.0,0.0,0.0,0.0,0.0,0.0,0.0,0.0,0.0,0.0,0.0,-515.3817294352592,436.2319058892514,64.32711191757079,-1000.0,487.31213288590106,0.0,179.25680141772378,0.0,0.0,0.0,0.0,0.0,0.0,0.0,0.0,0.0,0.0,0.0,0.0,0.0,0.0,0.0,0.0,0.0,-11.738524072549414,0.0,-738.1978195222555,7.043114443529648,0.0,0.0,0.0,0.0,0.0,0.0,-1.1738524072549412,16.540362986495584,0.0,0.0,0.0,0.0,0.0,0.0,0.0,1000.0,28.17245777411859,28.17245777411859,0.0,0.0,0.0,0.0,0.0,0.10329901183913481,0.0,0.0,0.0,-179.25680141772378,0.0,0.0,0.0,0.0,0.0,0.0,0.0,0.0,0.0,0.0,0.0,0.0,0.0,0.0,0.0,0.0,0.0,0.0,0.0,98.60360220941507,7.230930828690467,0.0,0.0,0.0,0.0,0.0,0.0,0.0,0.0,0.0,0.0,0.0,-11.738524072549414,0.0,0.0,0.0,0.0,0.0,0.0,0.0,0.0,0.0,0.0,0.0,0.0,0.0,0.0,0.0,0.0,0.0,0.0,-0.0939081925803953,0.0,0.0,4.695409629019765,-780.9962201449982,0.0,0.0,0.0,0.0,0.0,0.0,0.0,0.0,8.085495381172734,2.3477048145098824,0.0,0.0,0.0,0.0939081925803953,0.0,93.9081925803953,-29.111539699922538,18.78163851607906,0.6707728041456807,262.00385729930287,-0.07043114443529647,370.27276216838266,1.878163851607906,-0.469540962902812,-262.00385729930287,28.17245777411859,-0.0939081925803953,118.65626575351708,0.0,0.023477048145098826,0.6707728041456807,-355.96879726055124,-14.950184258800924,-1.878163851607906,-381.0856492604645,-0.0939081925803953,0.023477048145098826,-262.00385729930287,9.39081925803953,0.0939081925803953,0.0939081925803953,0.1972072044195301,0.10329901183843483,0.0,-0.07043114443529647,28.17245777411859,0.0939081925803953,512.6878671140989,437.5613130497827,-0.04695409629019765,25.02703289662088,-199.16918878782835,-0.07043114443529647,-0.0939081925803953,-29.111539699922538,0.0939081925803953,9.39081925803953,-1.8781638516079062,189.68446133720843,189.68446133720843,-9.39081925803953,381.0856492604645,-189.68446133720843,18.78163851607906,0.14086228887059293,227.2477870152395,9.39081925803953,-153.23292635427887,0.0,-18.78163851607906,0.04695409629019765,0.939081925803953,80.3298563884198,18.78163851607906,-0.0939081925803953,-21.12934333058901,-0.1972072044195301,29.111539699922538,0.0939081925803953,14.950184258800924,-597.2052404364547,0.0,-0.0939081925803953,-0.023477048145098826,0.0,-0.0939081925803953,-369.0183107982334,0.0939081925806704,-0.023477048145098826,-0.023477048145098826,-0.023477048145098826,37.56327703215812,-437.5613130497827,0.939081925803953,379.7161547853361,-0.023477048145098826,42.00344702332252,4.695409629019765,189.20456502813647,0.0939081925803953,0.04695409629019765,0.04695409629019765,9.39081925803953,29.111539699922538,0.0939081925803953,-29.111539699922538,0.939081925803953,0.0939081925803953,-1000.0,0.0939081925803953,0.37563277032245423,0.469540962902812,0.04695409629019765,0.023477048145098826,28.17245777411859,-0.0939081925803953,0.0,0.939081925803953,-759.4323095706721,367.9250573538727,-9.39081925803953,18.78163851607906,4.695409629019765,-0.0939081925803953,355.96879726055124,0.14086228887059293,-0.0939081925803953,-18.78163851607906,29.111539699922538,393.64546532991847,0.04695409629019765,-378.40913005627294,-0.0939081925803953,-0.0939081925806704,-0.0939081925803953,0.04695409629019765,262.00385729930287,-18.78163851607906,0.0939081925803953,160.6597127768396,-0.023477048145098826,-0.10329901183843483,-160.6597127768396,14.086228887059292,199.16918878782835,-585.6452261994654,262.00385729930287,-0.07043114443529647,21.12934333058901,-18.78163851607906,0.0939081925803953,-0.02347704814509883,4.695409629019765,93.9081925803953,-0.04695409629019765,-0.0939081925803953,0.023477048145098826,0.0,0.0,-227.2947411115297,620.2838452146639,-204.21326910190433,0.0,481.97197537657485,-700.9634520394478,0.0,-1000.0,482.6460574562959,367.9628761333144,0.0,500.0,102.10663455095217,-241.32302872814796,0.0,350.4817260197239,0.0,-226.0964903663155,0.0,-367.9628761333144,-226.0964903663155,-481.97197537657485,534.893198277495,0.0,1496.5981,bhi
225,0.0,0.0,0.0,0.0,0.0,0.0,0.0,0.0,923.5269134370441,0.0,0.0,0.0,0.0,0.0,0.0,0.0,462.88757437004153,123.44967098466077,0.0,-352.5985720999621,0.0,0.0,0.0,837.4769048834836,0.0,0.0,0.0,0.0,0.0,-995.2273921998894,0.0,0.0,401.6596925752575,0.0,0.0,0.0,0.0,993.978242681514,0.0,-1000.0,559.9883635910438,0.0,0.0,413.56797388945296,0.0,0.0,800.5359555245875,0.0,388.4457416773385,0.0,0.0,269.6738977369436,0.0,0.04634281518428671,0.0,0.0,0.0,0.0,0.0,0.0,-3.7102338702048883,0.0,0.0,-3.7102338702048883,0.0,0.0,0.0,0.0,0.0,445.34007584880067,0.0,0.4212983198567732,0.0,0.0,0.0,0.0,0.0,0.0,0.0,0.0,0.0,0.0,0.0,0.0,25.27789919140639,0.0,0.0,0.0,-347.9207450556963,0.0,-0.01053245799641933,0.0,0.0,-933.3687189764335,12.638949595703195,0.0,440.0116364089562,-1.3565805899380858,0.0,0.0,0.0,2.1064915992838658,-995.2273921998894,0.0,0.0,-289.0202313565981,0.0,0.0,0.0,0.0,0.0,0.0,0.0,0.0,0.0,0.0,0.0,0.0,0.0,0.0,0.0,0.0,0.0,0.0,-164.22016546936436,0.0,0.0,440.0116364089562,0.0,13.060247915559968,0.0,0.0,0.0,0.0,0.0,0.0,0.0,0.0,0.0,0.0,0.0,0.0,0.0,0.0,0.0,3.243997062897153,0.042129831985677324,0.0,0.0,0.0,-695.3674383724043,0.0,0.0,0.0,0.0,0.0,747.8470536131008,0.0,0.0,0.0,0.0,0.0,199.50617430739817,199.5061743073982,0.0,0.0,0.0,0.0,-644.3484876198354,0.0,0.0,199.54830413938387,0.0,0.0,0.0,-1000.0,-867.2433478893224,0.0,0.0,0.0,0.0,0.0,0.0,0.0,0.0,0.0,-1000.0,0.0,0.0,0.0,0.0,-1000.0,0.0,0.0,0.0,0.0,0.0,0.0,-269.6738977369436,347.9207450556963,-347.9207450556963,0.0,0.0,0.0,0.0,0.0,0.0,0.0,0.0,-1000.0,0.0,0.0,0.0,0.0,0.0,0.0,0.0,0.0,0.0,0.0,0.0,0.0,0.0,215.59912816051278,958.9983046434219,413.56797388945296,0.0,0.0,0.0,0.0,0.0,0.0,0.0,0.0,0.0,-3.7102338702048883,0.0,0.0,0.0,55.683017569263484,0.0,0.0,0.0,0.0,0.0,0.0,8.425966397135463,427.372686813253,0.0,59.00169842360788,-636.8397916877847,466.69258899609116,0.0,-413.56797388945296,0.0,0.0,0.0,-948.6016049774737,0.0,0.0,0.0,-4.2459849002896135,0.0,0.0,-831.5292188928591,0.0,0.0,-831.529218892859,0.0,0.0,0.0,0.0,0.0,0.0,0.0,117.54223124003971,0.0,0.0,0.0,-31.952267669176706,0.0,31.952267669176706,0.0,1000.0,0.0,0.0,-1000.0,0.0,0.0,0.0,-3.7102338702048883,-0.06319474797851597,0.0,0.0,0.0,0.0,0.042129831985677324,0.0,0.0,0.0,559.9883635910438,462.88757437004153,0.0,-656.8806618774574,613.1401478248786,867.2433478893224,1000.0,0.0,3.6273785339668585,0.0,-289.0202313565981,0.0,0.0,0.0,-3.6273785339668585,0.0,0.0,-1000.0,-1000.0,0.0,0.0,0.0,0.0,0.0,0.0,0.0,0.0,0.0,0.0,0.0,0.0,0.0,0.0,0.0,0.0,55.683017569263484,-5.8532379905436756,0.0,-1000.0,0.0,0.0,0.0,0.0,0.0,0.0,-3.243997062897153,0.0,0.0,0.0,0.0,0.0,0.0,785.616702229236,182.3832525579566,-843.4736602417753,0.0,-1000.0,997.8935084007161,168.4884981197959,-225.2163168885104,-785.616702229236,-1000.0,0.0,842.4204144421334,-1000.0,465.86809334942484,0.0,1000.0,0.0,-582.0443149418896,440.0116364089562,-31.250000000149214,31.250000000149214,0.0,0.0,0.0,923.5690432690297,0.0,-215.59912816051278,215.59912816051278,215.59912816051278,-65.3332279212691,0.0,0.0,0.0,0.0,0.0,0.0,0.0,0.0,-7.4204677404097765,0.0,-93.74999999955946,0.0,0.0,0.0,0.0,0.0,-176.38077013793873,0.08425966397103934,0.0,0.0,0.0,0.0,0.0,0.0,0.0,0.0,0.0,445.34007584880067,0.0,0.0,0.0,0.0,0.0,0.0,0.0,0.0,0.0,0.04634281518428671,0.04634281518428671,0.0,0.0,0.0,25.27789919140639,0.0,0.0,0.0,1000.0,0.0,0.0,0.0,0.0,0.0,921.5873727496626,-1000.0,0.0,0.0,0.0,0.0,0.0,0.0,0.0,0.0,0.0,0.0,0.0,0.0,0.0,54.74005515645479,-559.9883635910438,695.3674383724043,815.5102558427595,3.243997062897153,0.0,0.0,-933.3687189764335,-933.3687189764335,0.0,921.5873727496626,0.0,1000.0,-254.79339738827616,0.0,0.0,215.59912816051278,0.0,0.0,0.0,0.0,0.0,0.0,0.0,0.0,0.0,0.0,0.0,0.0,0.0,25.27789919140639,0.0,0.0,0.0,0.0,0.0,0.0,0.0,0.0,0.0,0.0,0.0,0.0,0.4212983198567732,0.0,0.0,0.0,0.0,0.0,-269.6738977369436,0.0,0.0,440.0116364089562,0.0,0.0,0.0,0.0,815.5102558427595,0.0,0.0,0.0,0.0,0.0,0.0,706.5028124979699,0.0,12.638949595703195,12.638949595703195,681.6752429770592,-1000.0,0.0,0.0,0.0,0.0,0.0,0.0,0.0,995.2273921998894,0.0,1000.0,0.042129831985677324,0.0,0.0,0.0,55.63846168451342,0.0,0.0,933.3687189764335,0.0,0.0,0.0,0.0,0.0,0.0,0.0,0.0,0.0,0.0,0.0,0.0,0.0,0.0,0.042129831985677324,0.0,0.0,0.0,0.0,0.0,0.0,0.0,0.0,0.0,-924.2506163475579,921.0066192846607,0.0,0.0,-994.1467620094563,-3.1597373989257846,-2.1064915992838658,0.0,0.0,343.75,343.75,-343.75,0.0,0.0,0.0,0.0,0.0,0.0,0.0,0.0,867.2433478893224,0.0,0.0,420.0621766573943,0.0,0.0,0.0,923.5269134370441,0.0,0.0,0.042129831985677324,0.0,0.042129831985677324,0.0,0.0,0.0,25.27789919140639,51.39839502252632,51.39839502252632,0.0,0.0,0.0,0.0,0.0,0.0,0.0,695.3674383724043,0.0,0.0,0.0,0.0,0.0,0.0,0.0,0.0,0.0,0.0,0.0,0.0,0.0,0.0,0.0,0.0,0.0,0.0,0.0,0.0,0.0,0.0,0.0,0.06319474797851597,0.0,0.0,0.0,-440.0116364089562,0.0,0.0,0.0,0.0,0.0,0.0,2.1064915992838658,0.0,0.0,0.0,0.0,644.3484876198354,-3.4630721892219514,0.0,0.0,-93.74999999955946,0.0,0.0,0.0,0.0,0.0,0.0,0.0,0.0,706.5028124979699,-215.59912816051278,0.0,-313.0585280247312,-289.0202313565981,0.0,917.5435470954387,0.0,-917.5435470954387,0.0,-1000.0,0.0,2.1064915992838658,1000.0,0.0,0.0,0.0,-7.4204677404097765,0.0,0.0,0.0,0.0,0.0,0.0,0.0,0.0,0.0,993.6805252021486,0.0,51.39839502252632,0.0,0.0,0.0,0.0,0.0,0.0,0.0,0.0,0.0,0.0,0.0,0.0,9.479212196777183,-500.97853753331407,0.0,0.0,12.638949595703195,0.0,0.0,0.0,0.0,57.463529365504755,0.0,0.0,0.04634281518428671,0.0,0.0,0.0,25.69919751126316,0.0,0.0,0.0,0.0,958.9983046434219,0.0,0.0,0.0,0.0,0.0,0.0,0.0,0.0,0.0,0.0,0.004212983198567732,0.004212983198567732,0.0,0.0,0.0,0.0,0.0,0.0,0.0,0.0,0.0,0.0,0.0,0.0,0.0,0.0,0.0,0.0,0.0,0.0,0.0,0.0,0.0,0.0,0.0,0.0,0.0,0.0,0.0,0.0,1000.0,-308.0515794194842,123.44967098466077,0.0,0.0,0.0,25.27789919140639,0.0,0.0,0.0,0.0,0.0,0.0,-25.27789919140639,0.0,0.0,0.0,0.0,0.0,0.0,0.0,0.0,0.0,0.0,0.0,0.0,-1000.0,-1000.0,28.85893491018896,550.4859827274445,-990.4976191364007,0.0,993.978242681514,0.0,0.0,0.0,0.0,0.0,0.0,0.0,0.0,0.0,0.0,0.0,0.0,0.0,0.0,0.0,0.0,0.0,-5.26622899820965,0.0,-3.1597373989257846,-3.159737398925813,0.0,0.0,0.0,0.0,0.0,-0.5266228998209666,0.0,7.4204677404097765,0.0,0.0,0.0,0.0,0.0,0.0,0.0,1000.0,12.638949595703195,12.638949595703195,0.0,0.0,0.0,0.0,0.0,0.04634281518428671,0.0,0.0,0.0,-993.978242681514,0.0,0.0,0.0,0.0,0.0,0.0,0.0,0.0,0.0,0.0,0.0,0.0,0.0,0.0,0.0,0.0,0.0,0.0,0.0,44.236323584961184,0.0,0.0,3.243997062897153,0.0,0.0,0.0,0.0,0.0,0.0,0.0,0.0,0.0,-5.26622899820965,0.0,0.0,0.0,0.0,0.0,0.0,0.0,0.0,0.0,0.0,0.0,0.0,0.0,0.0,0.0,0.0,0.0,0.0,-0.042129831985677324,0.0,0.0,2.1064915992838658,-921.5873727496626,0.0,0.0,0.0,0.0,0.0,0.0,0.0,0.0,3.6273785339668585,1.0532457996419329,0.0,0.0,0.0,0.042129831985677324,0.0,42.12983198567731,-13.060247915559968,8.425966397135463,0.3009273713262665,117.54223124003971,-0.031597373989257986,2.1064915992838564,0.8425966397135464,-0.2106491599280389,-117.54223124003971,12.638949595703195,-0.042129831985677324,96.34007711886603,0.0,0.01053245799641933,0.3009273713262665,-289.0202313565981,-6.70706925211914,-0.8425966397135464,-233.7386732547402,-0.04212983198567732,0.01053245799641933,-117.54223124003971,99.37047696998617,0.04212983198567732,0.042129831985677324,0.08847264716996403,0.046342815184245045,0.0,-0.031597373989257986,12.638949595703195,0.04212983198567732,440.0116364089562,406.3077708204143,-0.02106491599283866,-169.80659089990456,-4.255113030553408,-0.031597373989257986,-0.04212983198567732,-13.060247915559968,0.042129831985677324,4.212983198567734,-0.8425966397135464,0.0,0.0,-4.212983198567727,233.7386732547402,0.0,8.425966397135463,0.06319474797851597,611.2478153904303,4.2129831985677315,-54.74005515645479,0.0,-8.425966397135463,0.02106491599283866,0.4212983198567732,164.22016546936436,-207.17316176337732,-0.042129831985677324,-9.479212196777183,-0.08847264716996403,13.060247915559968,0.04212983198567732,6.70706925211914,-573.0859789674843,0.0,-0.042129831985677324,-0.01053245799641933,0.0,-0.04212983198567732,-176.38077013793873,0.04212983198556363,-0.01053245799641933,-0.01053245799641933,-0.01053245799641933,16.851932794270926,-406.3077708204143,0.4212983198567732,233.1242798716155,-0.01053245799641933,232.1002538198627,2.1064915992838658,90.29687666825323,0.042129831985677324,0.02106491599283866,0.02106491599283866,4.2129831985677315,13.060247915559968,0.042129831985677324,-13.060247915559968,0.4212983198567732,0.04212983198567732,-636.9469610700708,0.04212983198567732,0.16851932794239222,0.2106491599280389,0.02106491599283866,0.01053245799641933,12.638949595703195,-0.04212983198567732,0.0,0.4212983198567732,-466.248559743231,1.0532457996419282,-4.212983198567734,8.425966397135463,2.1064915992838658,-0.04212983198567732,289.0202313565981,0.06319474797851597,-0.04212983198567732,-8.425966397135463,13.060247915559968,45.72135573425116,0.02106491599283866,-180.59375333650647,-0.04212983198567732,-0.04212983198556363,-0.04212983198567732,0.02106491599283866,117.54223124003971,-8.425966397135463,0.042129831985677324,328.4403309387287,-0.01053245799641933,-0.046342815184245045,-328.4403309387287,6.319474797851597,4.255113030553408,-1000.0,117.54223124003971,-0.031597373989257986,9.479212196777183,207.17316176337732,0.04212983198567732,-0.010532457996419328,2.1064915992838658,42.12983198567731,-0.02106491599283866,-0.04212983198567732,0.01053245799641933,569.8794287981884,0.0,-611.2688803064232,403.82268119845526,-1000.0,0.0,24.1497625623072,-691.6109932187392,95.15749377141844,-1000.0,345.92749288073173,1000.0,0.0,500.0,500.0,-172.96374644036587,-95.15749377141844,345.8054966093696,0.0,-103.18488509975592,0.0,-1000.0,-103.18488509975592,-24.1497625623072,296.51137916561186,0.0,1496.5981,bhi
226,0.0,0.0,0.0,0.0,0.0,0.0,0.0,0.0,-0.1366859077286673,0.0,0.0,0.0,0.0,0.0,0.0,0.0,-830.2240010172956,310.09294719721163,0.0,746.7722425146997,0.0,0.0,0.0,95.56414548362926,0.0,0.0,0.0,0.0,0.0,177.5446947856193,0.0,0.0,177.4763028668484,0.0,0.0,0.0,0.0,-57.850928261138556,0.0,-1000.0,758.00999294742,0.0,0.0,342.54622285164254,0.0,0.0,0.0,0.0,-76.862915795363,-588.9324759006673,0.0,-1000.0,0.0,0.15035449850178287,0.0,0.0,0.0,0.0,0.0,0.0,21.87519734695136,0.0,79.86281151581849,0.0,0.0,0.0,0.0,0.0,0.0,101.73800886276986,0.0,1.3668590772866729,0.0,0.0,0.0,0.0,0.0,0.0,0.0,0.0,0.0,0.0,0.0,0.0,82.01154463720037,0.0,0.0,0.0,524.9880221093133,0.0,-0.03417147693216682,0.0,0.0,-913.429110581503,41.00577231860019,0.0,241.99000705257998,0.0,0.0,0.0,0.0,6.834295386433364,-30.488902116545052,0.0,0.0,-280.9436670114796,0.0,0.0,0.0,0.0,0.0,0.0,0.0,0.0,0.0,0.0,0.0,0.0,0.0,0.0,0.0,0.0,0.0,0.0,-650.0206325354777,0.0,0.0,241.99000705257998,0.0,42.372631395886856,0.0,0.0,-566.2017212759249,586.6266007514279,-20.424879475502962,20.424879475502962,-555.7109551732135,0.0,0.0,453.9729463104436,0.0,0.0,0.0,0.0,0.0,10.52481489510738,0.1366859077286673,0.0,0.0,0.0,0.0,0.0,0.0,0.0,0.0,0.0,1000.0,0.0,0.0,0.0,0.0,0.0,999.8633140922714,999.8633140922714,0.0,0.0,0.0,0.0,-849.559800527245,0.0,0.0,1000.0,0.0,0.0,0.0,92.35950359931303,0.0,0.0,0.0,0.0,0.0,0.0,0.0,0.0,0.0,0.0,0.0,0.0,0.0,0.0,0.0,-569.7493092492257,0.0,0.0,0.0,0.0,0.0,588.9324759006673,1000.0,-305.4410077695752,305.4410077695752,0.0,0.0,0.0,0.0,0.0,0.0,0.0,208.03359690216436,-1000.0,0.0,0.0,0.0,0.0,0.0,0.0,0.0,0.0,0.0,0.0,0.0,0.0,0.0,548.5953616046114,-142.42102410353078,-270.4577779729608,0.0,0.0,0.0,0.0,217.0743569572217,0.0,0.0,0.0,0.0,21.87519734695136,-613.0040008246033,0.0,0.0,0.0,0.0,0.0,0.0,0.0,0.0,4.401286228864375,27.337181545733458,200.9842347339798,0.0,-830.4290298788885,0.0,617.6960764350617,0.0,270.4577779729608,0.0,0.0,101.73800886276986,-833.2431925710259,0.0,0.0,0.0,142.7611084777404,0.0,0.0,-6.79113111529972,-161.79570726399123,0.0,155.0045761486915,0.0,161.79570726399123,219.54701433973807,0.0,-171.71290226230087,588.9324759006673,0.0,164.27932560576,0.0,0.0,0.0,-850.4522985315577,0.0,850.4522985315577,0.0,1000.0,101.73800886276986,0.0,-1000.0,0.0,0.0,0.0,21.87519734695136,-0.2050288615930009,0.0,0.0,0.0,0.0,0.1366859077286673,0.0,0.0,0.0,106.28365901055957,-830.2240010172956,0.0,-863.4876744841371,-147.7759296259261,0.0,1000.0,0.0,-667.8595328460895,0.0,-280.9436670114796,0.0,0.0,0.0,-11.768656655438386,799.378739642907,-119.75055014137905,-1000.0,-1000.0,0.0,0.0,0.0,0.0,0.0,0.0,0.0,0.0,0.0,0.0,0.0,0.0,0.0,0.0,0.0,0.0,0.0,-1000.0,0.0,-942.6958153697768,0.0,0.0,0.0,0.0,0.0,0.0,-14.926101123971762,0.0,0.0,0.0,0.0,0.0,-781.2500000000007,0.0,837.022979114033,0.0,-18.128739642906396,0.0,0.0,0.0,-64.29702461527143,0.0,-843.8572745004664,0.0,-3.417147693216682,-6.834295386433364,352.5711918895632,0.0,519.6662653334595,0.0,29.026931660539226,241.99000705257998,0.0,0.0,0.0,0.0,0.0,0.0,341.65515401989524,-206.9402075847162,206.9402075847162,206.9402075847162,137.86520603481947,0.0,0.0,-0.2733718154573346,0.0,0.0,208.03359690216436,0.0,0.0,-57.98761416886714,0.0,0.0,0.0,0.0,0.0,0.0,0.0,-384.41103115611077,0.27337181545742584,0.0,0.0,0.0,0.0,0.0,0.0,0.0,0.0,0.0,0.0,0.0,0.0,0.0,0.0,0.0,0.0,0.0,0.0,0.0,0.15035449850178287,0.15035449850178287,0.0,367.5293262708421,0.0,82.01154463720037,0.0,0.0,0.0,285.6376127697775,0.0,0.0,0.0,0.0,0.0,1000.0,-285.6376127697775,0.0,0.0,0.0,0.0,0.0,0.0,0.0,0.0,0.0,0.0,0.0,0.0,0.0,216.67354417849256,-106.28365901055957,0.0,0.0,10.52481489510738,0.0,-130.50346753872464,-782.9256430427783,-1000.0,0.0,1000.0,0.0,0.0,615.5889688438892,1000.0,-1000.0,548.5953616046114,0.0,0.0,0.0,0.0,0.0,0.0,0.0,0.0,0.0,0.0,0.0,0.0,0.0,82.01154463720037,101.73800886276986,101.73800886276986,0.0,0.0,0.0,0.0,0.0,0.0,0.0,0.0,0.0,0.0,1.3668590772866729,0.0,0.0,0.0,0.0,0.0,1000.0,0.0,0.0,241.99000705257998,0.0,0.0,0.0,0.0,0.0,0.0,0.0,0.0,0.0,0.0,-696.3999029533392,1000.0,0.0,41.00577231860019,41.00577231860019,1000.0,-285.6376127697775,0.0,0.0,0.0,0.0,0.0,0.0,0.0,30.488902116545052,208.03359690216436,270.33524648391597,0.1366859077286673,0.0,0.0,-524.1803656398762,704.6936333538283,0.0,0.0,913.429110581503,0.0,-101.73800886276986,0.0,0.0,0.0,0.0,0.0,0.0,0.0,0.0,0.0,0.0,0.0,0.0,0.1366859077286673,0.0,0.0,0.0,0.0,0.0,0.0,0.0,0.0,0.0,0.0,-14.926101123971762,0.0,0.0,57.304184630223226,-10.251443079650047,-6.834295386433364,0.0,0.0,0.0,0.0,0.0,0.0,0.0,0.0,0.0,0.0,0.0,0.0,101.73800886276986,0.0,0.0,0.0,555.527492380432,0.0,0.0,0.0,-0.1366859077286673,0.0,0.0,0.1366859077286673,0.0,0.1366859077286673,0.0,0.0,0.0,82.01154463720037,166.75680742897407,166.75680742897407,0.0,0.0,0.0,0.0,0.0,0.0,0.0,0.0,0.0,208.03359690216436,0.0,0.0,0.0,0.0,0.0,0.0,0.0,0.0,0.0,0.0,0.0,0.0,0.0,0.0,0.0,0.0,0.0,217.0743569572217,0.0,0.0,0.0,0.2050288615930009,0.0,0.0,0.0,-241.99000705257998,0.0,0.0,0.0,0.0,0.0,-367.5293262708421,6.834295386433364,0.0,0.0,0.0,0.0,849.559800527245,-951.0819277322007,0.0,0.0,0.0,0.0,0.0,0.0,0.0,0.0,101.73800886276986,0.0,0.0,0.0,-181.06603533376932,0.0,17.085738466083413,-280.9436670114796,0.0,-966.0080288561726,0.0,966.0080288561726,0.0,-1000.0,0.0,6.834295386433364,1000.0,0.0,531.2434489782379,0.0,-57.98761416886714,-1000.0,1000.0,-968.7500000001847,968.7500000001847,0.0,0.0,0.0,0.0,0.0,-10.251443079650016,-10.251443079649903,166.75680742897407,0.0,0.0,0.0,0.0,0.0,0.0,0.0,0.0,0.0,4.401286228864375,0.0,0.0,388.0322124301422,-180.51326771395213,0.0,0.0,41.00577231860019,0.0,0.0,0.0,0.0,177.86450674467523,0.0,0.0,0.15035449850178287,0.0,0.0,0.0,83.37840371448704,0.0,0.0,0.0,0.0,-142.42102410353078,0.0,0.0,0.0,0.0,0.0,0.0,0.0,0.0,479.6759811864858,0.0,0.013668590772866729,0.013668590772866729,0.0,0.0,0.0,0.0,0.0,0.0,0.0,0.0,0.0,-524.1803656398762,0.0,0.0,0.0,0.0,0.0,367.5293262708421,0.0,0.0,0.0,0.0,0.0,0.0,0.0,588.9324759006673,0.0,0.0,0.0,0.0,0.0,-162.2515775775554,310.09294719721163,0.0,0.0,0.0,82.01154463720037,0.0,0.0,0.0,0.0,0.0,0.0,-82.01154463720037,0.0,0.0,0.0,0.0,0.0,0.0,0.0,0.0,0.0,0.0,0.0,0.0,-270.33524648391597,-1000.0,93.6298467941371,0.0,-241.99000705257998,0.0,-57.850928261138556,0.0,0.0,0.0,0.0,0.0,0.0,0.0,0.0,0.0,296.875,0.0,-296.875,-296.875,0.0,0.0,0.0,0.0,-17.085738466083413,101.73800886276986,-10.251443079650047,0.0,0.0,0.0,0.0,0.0,0.0,-1000.0,998.2914261533916,57.98761416886714,0.0,0.0,0.0,0.0,0.0,0.0,0.0,1000.0,41.00577231860019,41.00577231860019,0.0,0.0,0.0,0.0,0.0,0.15035449850178287,367.5293262708421,0.0,0.0,57.850928261138556,0.0,0.0,0.0,0.0,0.0,0.0,0.0,0.0,0.0,0.0,0.0,0.0,0.0,0.0,0.0,0.0,0.0,0.0,0.0,143.52020311510066,10.52481489510738,0.0,0.0,0.0,0.0,0.0,367.5293262708421,0.0,944.2476323457673,0.0,0.0,0.0,-17.085738466083413,0.0,0.0,0.0,0.0,0.0,0.0,0.0,0.0,0.0,0.0,0.0,0.0,0.0,0.0,0.0,0.0,0.0,0.0,-0.1366859077286673,0.0,0.0,6.834295386433364,-1000.0,0.0,0.0,0.0,0.0,101.73800886276986,0.0,0.0,0.0,11.768656655438386,3.417147693216682,0.0,0.0,0.0,0.1366859077286673,0.0,136.68590772866727,-42.372631395886856,27.337181545733458,0.9763279123476235,381.3536825629817,-0.10251443079650045,6.834295386433382,2.7337181545733458,-0.683429538643999,-381.3536825629817,41.00577231860019,-0.1366859077286673,93.64788900382653,0.0,0.03417147693216682,0.9763279123476235,-280.9436670114796,-21.760396510405258,-2.7337181545733458,-226.64118869461572,-0.1366859077286673,0.03417147693216682,-381.3536825629817,13.668590772866729,0.1366859077286673,0.1366859077286673,-367.24228586461163,0.150354498501534,0.0,-0.10251443079650045,41.00577231860019,0.1366859077286673,241.99000705257998,132.64128086964615,-0.06834295386433364,-438.1126659770408,-230.8796336378171,-0.10251443079650045,-0.1366859077286673,-42.372631395886856,0.1366859077286673,13.668590772866729,-2.7337181545733458,217.0743569572217,217.0743569572217,-13.668590772866729,226.64118869461572,-217.0743569572217,27.337181545733458,0.2050288615930009,212.11299643250385,13.668590772866729,-216.67354417849256,0.0,-27.337181545733458,0.06834295386433364,1.3668590772866729,215.87191862103427,-153.72885378803585,-0.1366859077286673,-398.2836555097921,367.24228586461163,42.372631395886856,0.1366859077286673,21.760396510405258,-365.00732400838046,0.0,-0.1366859077286673,-0.03417147693216682,0.0,-0.1366859077286673,-384.41103115611077,0.13668590772866196,-0.03417147693216682,-0.03417147693216682,-0.03417147693216682,54.674363091466915,-132.64128086964615,1.3668590772866729,101.26717188847795,-0.03417147693216682,338.095948238242,6.834295386433364,199.03981096448874,0.1366859077286673,0.06834295386433364,0.06834295386433364,-37.2004136585182,42.372631395886856,0.1366859077286673,-42.372631395886856,1.3668590772866729,0.1366859077286673,-101.26717188847795,0.1366859077286673,0.54674363091533,0.683429538643999,0.06834295386433364,0.03417147693216682,41.00577231860019,-0.1366859077286673,0.0,1.3668590772866729,-202.5343437769559,3.4171476932166645,-13.668590772866729,27.337181545733458,6.834295386433364,-0.1366859077286673,280.9436670114796,0.2050288615930009,-0.1366859077286673,74.4008273170364,42.372631395886856,40.60443305163574,0.06834295386433364,-398.07962192897753,-0.1366859077286673,-0.13668590772866196,-0.1366859077286673,0.06834295386433364,381.3536825629817,-27.337181545733458,0.1366859077286673,431.74383724206854,-0.03417147693216682,-0.150354498501534,-431.74383724206854,20.50288615930009,230.8796336378171,-1000.0,381.3536825629817,-0.10251443079650045,398.2836555097921,153.72885378803585,0.1366859077286673,-0.034171476932166815,6.834295386433364,136.68590772866727,-0.06834295386433364,-0.1366859077286673,0.03417147693216682,1000.0,0.0,-431.7283537261062,0.0,-1000.0,0.0,551.3566751696553,-461.44072843913176,0.0,275.2530066733668,115.74127943092665,-44.42292001181687,-219.54701433973807,-137.6265033366834,500.0,-57.87063971546333,0.0,230.72036421956588,-367.5293262708421,-218.46893979631096,219.54701433973807,44.42292001181687,-218.46893979631096,-551.3566751696553,451.3477042025845,0.0,1496.5981,bhi
227,0.0,0.0,0.0,0.0,0.0,0.0,0.0,0.0,773.0414878668314,0.0,0.0,0.0,0.0,0.0,0.0,0.0,-340.7027792694837,855.2094464236667,0.0,0.0,0.0,0.0,0.0,0.0,0.0,227.21754728381813,0.0,0.0,0.0,-753.0741942596167,0.0,0.0,605.0808729635876,0.0,0.0,0.0,0.0,814.2298988012586,0.0,-1000.0,643.500460141352,0.0,0.0,719.7852458100962,0.0,0.0,0.0,0.0,1000.0,0.0,0.0,626.0082722809958,0.0,0.19155429349009245,0.0,0.0,0.0,0.0,0.0,0.0,-57.762361688460935,0.0,0.0,-57.762361688460935,0.0,0.0,0.0,0.0,0.0,0.0,0.0,1.741402668090184,0.0,0.0,0.0,0.0,0.0,0.0,0.0,0.0,0.0,0.0,0.0,0.0,104.48416008541105,0.0,42.42640885814526,53.61299549282916,-449.7322442911454,877.3369675029787,-0.04353506670225459,0.0,0.0,0.0,52.242080042705524,0.0,268.4972195043704,0.0,0.0,0.0,0.0,567.0436006431903,-1000.0,0.0,0.0,-391.070627139933,0.0,0.0,0.0,0.0,0.0,0.0,0.0,0.0,0.0,0.0,0.0,0.0,0.0,0.0,0.0,0.0,0.0,0.0,-1000.0,0.0,0.0,268.4972195043704,0.0,53.983482710795705,26.98782914778252,0.0,0.0,0.0,0.0,0.0,0.0,656.2499999999998,-656.2499999999998,0.0,0.0,0.0,0.0,0.0,0.0,55.83520940243967,0.1741402668090184,0.0,0.0,0.0,0.0,-192.4587370167128,0.0,0.0,0.0,0.0,1000.0,0.0,0.0,0.0,0.0,0.0,999.825859733191,999.825859733191,0.0,0.0,0.0,-218.75,-569.9200896844982,0.0,0.0,1000.0,0.0,0.0,0.0,-234.0252971407118,0.0,0.0,0.0,0.0,0.0,0.0,0.0,0.0,0.0,0.0,-844.727664195081,0.0,0.0,0.0,0.0,-1000.0,0.0,0.0,0.0,0.0,0.0,0.0,-626.0082722809958,-427.60472321183335,427.60472321183335,0.0,0.0,0.0,0.0,0.0,0.0,0.0,246.92580574038334,-142.3982342940247,0.0,0.0,0.0,0.0,0.0,0.0,0.0,0.0,0.0,0.0,0.0,0.0,0.0,335.50046750818206,57.48856296831099,719.7852458100962,0.0,0.0,0.0,0.0,353.8020074297632,0.0,0.0,0.0,0.0,-57.762361688460935,0.0,0.0,0.0,0.0,0.0,0.0,0.0,0.0,0.0,165.15835851500142,34.828053361803676,216.25513946166484,0.0,0.0,-22.12752107931192,0.0,0.0,-719.7852458100962,0.0,0.0,0.0,-387.30371358773607,0.0,0.0,0.0,-162.22654385583394,0.0,0.0,-136.18911221953516,0.0,1000.0,-136.18911221953522,0.0,1000.0,-877.3369675029787,0.0,0.0,0.0,0.0,186.02499526296322,0.0,0.0,0.0,-738.4173139021984,0.0,738.4173139021984,0.0,1000.0,0.0,0.0,-749.5869436886925,-218.74999999999997,0.0,0.0,-57.762361688460935,-0.26121040021352754,0.0,0.0,0.0,0.0,0.1741402668090184,0.0,0.0,0.0,212.54241455086503,-340.7027792694837,0.0,-260.71375142662197,146.52635080422243,0.0,911.9976796457224,0.0,0.0,0.0,-391.070627139933,0.0,0.0,0.0,-14.993476972256653,14.993476972256653,0.0,-1000.0,101.78633631277405,0.0,0.0,0.0,0.0,0.0,0.0,0.0,0.0,0.0,0.0,0.0,0.0,0.0,0.0,0.0,0.0,0.0,-185.0735401315036,0.0,-1000.0,0.0,0.0,159.55104192374824,569.6044518506324,0.0,0.0,-220.9935679174411,0.0,0.0,0.0,94.90074088867654,558.3365873027394,0.0,0.0,-961.0482698287005,0.0,-14.993476972256653,0.0,-8.707013340450919,-329.38061014701987,0.0,0.0,388.37073691156377,0.0,-4.3535066702254595,0.0,-22.229116441160013,0.0,0.0,0.0,133.73463231452138,268.4972195043704,0.0,0.0,0.0,158.15129128015747,0.0,773.2156281336404,0.0,-335.50046750818206,335.50046750818206,335.50046750818206,-801.9087175020283,0.0,0.0,-127.6275071080538,0.0,0.0,246.92580574038334,0.0,0.0,-30.671905660631353,0.0,0.0,0.0,0.0,0.0,0.0,0.0,-403.4673935527722,0.34828053361799843,0.0,0.0,0.0,0.0,0.0,0.0,0.0,0.0,0.0,0.0,0.0,0.0,0.0,0.0,0.0,0.0,0.0,0.0,0.0,0.19155429349009245,0.19155429349009245,0.0,98.59802780159586,0.0,104.48416008541105,0.0,0.0,0.0,219.68823648968288,0.0,0.0,42.42640885814526,0.0,0.0,640.6058454461105,-219.68823648968288,0.0,0.0,0.0,0.0,0.0,0.0,0.0,0.0,0.0,0.0,0.0,0.0,0.0,333.3333333333333,-212.54241455086503,192.4587370167128,0.0,55.83520940243967,0.0,0.0,0.0,-353.8020074297632,0.0,640.6058454461105,0.0,1000.0,-762.8615481066618,0.0,0.0,335.50046750818206,0.0,0.0,0.0,0.0,0.0,0.0,0.0,0.0,0.0,0.0,0.0,0.0,0.0,104.48416008541105,0.0,0.0,0.0,0.0,0.0,0.0,0.0,0.0,0.0,0.0,0.0,0.0,1.741402668090184,0.0,0.0,42.42640885814526,-42.42640885814526,0.0,-626.0082722809958,0.0,0.0,268.4972195043704,0.0,0.0,0.0,0.0,0.0,0.0,0.0,0.0,0.0,0.0,-334.71335301141255,817.999709406669,0.0,52.242080042705524,52.24208004270552,1000.0,-219.68823648968288,0.0,0.0,0.0,0.0,0.0,0.0,0.0,1000.0,246.92580574038334,917.4774914505633,0.1741402668090184,0.0,0.0,0.0,122.02578291115152,0.0,0.0,0.0,0.0,0.0,0.0,0.0,0.0,0.0,0.0,0.0,0.0,0.0,0.0,0.0,0.0,0.0,0.1741402668090184,0.0,0.0,0.0,0.0,0.0,0.0,0.0,0.0,0.0,-61.44252599369287,0.0,0.0,0.0,-814.9264598684964,-13.060520010676381,-8.707013340450928,0.0,0.0,0.0,0.0,0.0,0.0,0.0,0.0,0.0,0.0,0.0,0.0,0.0,0.0,0.0,0.0,142.4416456549723,0.0,0.0,0.0,773.0414878668314,0.0,0.0,0.1741402668090184,0.0,0.1741402668090184,0.0,0.0,0.0,104.48416008541105,212.45112550700247,212.45112550700247,0.0,0.0,0.0,0.0,0.0,0.0,0.0,192.4587370167128,0.0,246.92580574038334,0.0,0.0,0.0,0.0,0.0,0.0,0.0,0.0,0.0,0.0,0.0,0.0,0.0,0.0,0.0,0.0,0.0,353.8020074297632,0.0,-227.21754728381813,227.21754728381813,0.26121040021352754,0.0,0.0,0.0,-268.4972195043704,0.0,0.0,0.0,0.0,0.0,-98.59802780159586,8.707013340450919,0.0,0.0,0.0,218.74999999999997,569.9200896844982,-673.2982790353515,0.0,0.0,0.0,0.0,0.0,0.0,0.0,0.0,0.0,0.0,0.0,-870.5156510345072,-236.9024397065862,0.0,879.3692990571026,-391.070627139933,0.0,-832.8493209590997,0.0,832.8493209590997,0.0,-599.7548390947386,0.0,8.707013340450928,1000.0,0.0,0.0,0.0,-115.52472337692187,656.2500000000007,-656.2500000000007,0.0,0.0,0.0,0.0,0.0,0.0,0.0,831.6671441844046,-13.060520010676385,212.45112550700247,0.0,0.0,0.0,0.0,0.0,0.0,0.0,0.0,0.0,165.15835851500142,0.0,0.0,124.71906782294865,-122.02578291115152,646.1288136269002,0.0,52.242080042705524,42.42640885814526,0.0,0.0,0.0,-214.9779746284663,0.0,0.0,0.19155429349009245,0.0,0.0,0.0,106.22556275350124,0.0,0.0,0.0,0.0,57.48856296831099,0.0,0.0,0.0,0.0,0.0,0.0,0.0,0.0,-1000.0,0.0,0.01741402668090184,0.01741402668090184,0.0,0.0,0.0,0.0,0.0,0.0,0.0,0.0,0.0,0.0,0.0,0.0,0.0,0.0,0.0,98.59802780159586,0.0,0.0,0.0,0.0,0.0,0.0,0.0,0.0,0.0,0.0,0.0,84.85281771629052,0.0,-307.4138308199632,855.2094464236667,0.0,0.0,0.0,104.48416008541105,0.0,0.0,0.0,0.0,0.0,-104.48416008541105,0.0,0.0,84.85281771629052,0.0,0.0,0.0,0.0,0.0,0.0,0.0,0.0,0.0,0.0,184.30884486221072,-1000.0,119.28608276417762,-268.4972195043704,0.0,0.0,814.2298988012586,0.0,0.0,0.0,0.0,0.0,0.0,0.0,0.0,0.0,0.0,0.0,0.0,0.0,0.0,0.0,0.0,0.0,-21.76753335112731,0.0,-571.3971073134157,0.0,0.0,0.0,0.0,0.0,0.0,407.90213638667854,-410.07888972179126,30.671905660631353,0.0,0.0,0.0,0.0,0.0,0.0,0.0,1000.0,52.24208004270552,52.242080042705524,0.0,0.0,0.0,0.0,0.0,0.19155429349009245,98.59802780159586,0.0,0.0,-814.2298988012586,0.0,0.0,0.0,0.0,0.0,0.0,0.0,0.0,0.0,0.0,0.0,0.0,0.0,0.0,0.0,0.0,0.0,26.98782914778252,0.0,182.84728014946933,55.83520940243967,0.0,0.0,0.0,0.0,0.0,98.59802780159586,0.0,824.1423076186488,0.0,0.0,0.0,-21.76753335112731,0.0,0.0,0.0,0.0,0.0,0.0,0.0,0.0,0.0,0.0,0.0,0.0,0.0,0.0,0.0,0.0,0.0,0.0,-0.1741402668090184,0.0,0.0,8.707013340450919,-640.6058454461105,0.0,0.0,0.0,0.0,0.0,0.0,0.0,0.0,14.993476972256653,4.3535066702254595,0.0,0.0,227.21754728381813,0.1741402668090184,0.0,174.14026680901839,-26.995653563013207,34.828053361803676,1.2438590486358456,539.8270026927264,-0.13060520010676377,572.6775329171368,3.482805336180368,-0.8707013340467991,-539.8270026927264,52.24208004270552,-0.17414026680901837,130.35687571331098,0.0,0.04353506670225459,1.2438590486358456,-391.070627139933,-70.14953933414381,-3.482805336180368,-514.506667154183,-0.17414026680901837,0.04353506670225459,-539.8270026927264,17.414026680901838,0.17414026680901837,0.17414026680901837,-98.23233324129676,-42.234854564655336,-226.40701223649376,-0.13060520010676377,52.242080042705524,0.17414026680901837,268.4972195043704,129.18500605715565,-0.08707013340450918,8.548266516359718,-371.39017437747407,-0.13060520010676377,-0.1741402668090188,-26.995653563013207,0.1741402668090184,17.414026680901838,-3.482805336180368,353.8020074297632,353.8020074297632,-17.414026680901838,514.506667154183,-353.8020074297632,34.828053361803676,0.26121040021352754,419.9450125216688,17.414026680901838,-333.3333333333333,0.0,-34.828053361803676,0.08707013340450918,1.741402668090184,65.17843785665549,-202.0743863447825,-0.17414026680901837,-137.77958783362504,98.23233324129676,53.983482710795705,0.17414026680901837,70.14953933414381,-425.22345963248694,0.0,-0.17414026680901837,-0.04353506670225459,0.0,-0.1741402668090184,-403.4673935527722,0.1741402668090752,-0.04353506670225459,-0.04353506670225459,-0.04353506670225459,69.65610672360735,-129.18500605715565,1.741402668090184,397.20265908877604,-0.04353506670225459,0.0,8.707013340450919,210.440710116837,0.17414026680901837,0.08707013340450918,0.0870701334045092,17.414026680901838,26.995653563013207,0.17414026680901837,-26.995653563013207,1.741402668090184,0.17414026680901837,-933.5756369220576,0.17414026680901837,0.6965610672377807,0.8707013340467991,0.08707013340450918,0.04353506670225459,52.242080042705524,-0.17414026680901837,226.40701223649376,1.741402668090184,-794.4053181775521,568.3240262469113,-17.414026680901838,34.828053361803676,8.707013340450919,-0.17414026680901837,391.070627139933,0.26121040021352754,-0.17414026680901837,-34.828053361803676,26.995653563013207,645.7776800404799,0.08707013340450918,-420.881420233674,-0.17414026680901837,-0.1741402668090752,-0.17414026680901837,0.0870701334045094,539.8270026927264,-34.828053361803676,0.1741402668090184,130.35687571331098,-0.04353506670225459,42.234854564655336,-130.35687571331098,26.12104002135276,371.39017437747407,-1000.0,539.8270026927264,-0.13060520010676377,137.77958783362504,202.0743863447825,0.17414026680901837,-0.043535066702254585,103.60775422912747,174.14026680901839,-0.08707013340450918,-0.17414026680901837,0.04353506670225459,1000.0,0.0,-420.0320826550733,536.3729778332815,-334.5009556288543,0.0,707.6969717930803,-1000.0,0.0,-104.0679628777608,1000.0,-721.7386154021934,0.0,52.0339814388804,167.25047781442714,-500.0,0.0,500.0,-98.59802780159586,-430.7997054120136,0.0,721.7386154021934,-430.7997054120136,-707.6969717930803,557.7532023723327,0.0,1496.5981,bhi
228,0.0,0.0,0.0,0.0,0.0,0.0,0.0,0.0,814.8202456663352,0.0,0.0,0.0,0.0,0.0,0.0,0.0,0.0,622.5973616684644,0.0,-185.26196283270068,0.0,0.0,0.0,698.5930179727661,0.0,0.0,0.0,0.0,0.0,-932.6418956518312,0.0,0.0,1000.0,0.0,0.0,0.0,0.0,-28.305587799666156,0.0,-1000.0,226.28840236914357,0.0,0.0,-177.43413717334636,0.0,0.0,154.33064685321585,0.0,1000.0,0.0,0.0,-110.07603282517755,0.0,0.2178368464064988,0.0,0.0,0.0,0.0,0.0,0.0,-32.61207513145148,0.0,0.0,-32.61207513145148,0.0,0.0,0.0,0.0,1000.0,-442.40985581269547,0.0,1.9803349673274242,0.0,0.0,0.0,0.0,0.0,0.0,0.0,0.0,0.0,0.0,0.0,0.0,118.82009803964546,0.0,15.171925185854104,0.0,252.07343600306302,0.0,-0.0495083741831856,0.0,0.0,-328.2846505728188,59.41004901982273,0.0,59.41004901982273,-6.376678594795862,0.0,0.0,0.0,818.8071520672904,-1000.0,0.0,0.0,0.0,0.0,0.0,0.0,0.0,0.0,0.0,0.0,0.0,0.0,0.0,0.0,0.0,0.0,0.0,0.0,0.0,0.0,0.0,-555.1156735159825,0.0,0.0,59.41004901982273,0.0,61.39038398715015,17.79656061032432,0.0,-936.5931300799705,0.0,936.5931300799705,-936.5931300799705,0.0,0.0,0.0,0.0,0.0,0.0,0.0,0.0,0.0,30.420504434275255,0.1980334967327424,0.0,0.0,0.0,0.0,-440.9157903769642,0.0,0.0,0.0,0.0,1000.0,0.0,0.0,0.0,0.0,0.0,600.1723857519082,600.1723857519082,0.0,0.0,0.0,0.0,-1000.0,0.0,0.0,600.3704192486409,0.0,0.0,0.0,0.0,-971.378041431762,0.0,0.0,0.0,0.0,0.0,0.0,0.0,0.0,0.0,0.0,0.0,0.0,0.0,0.0,-566.4296818913989,0.0,0.0,0.0,0.0,0.0,0.0,110.07603282517755,-252.07343600306302,252.07343600306302,0.0,0.0,0.0,0.0,0.0,0.0,0.0,67.35810434816881,-276.6221037140873,0.0,0.0,0.0,0.0,0.0,0.0,0.0,0.0,0.0,0.0,0.0,0.0,0.0,0.0,-448.01161374448145,-177.43413717334636,0.0,0.0,0.0,0.0,0.0,0.0,0.0,0.0,0.0,-32.61207513145148,0.0,0.0,0.0,0.0,0.0,0.0,0.0,0.0,0.0,0.0,39.60669934654848,0.0,0.0,-504.146872006126,0.0,858.0025968221145,0.0,177.43413717334636,0.0,0.0,0.0,241.60086601394576,0.0,0.0,0.0,-61.223490679393244,0.0,0.0,-1000.0,0.0,-650.8146342579236,-1000.0,0.0,-650.8146342579236,0.0,0.0,-924.8140699924769,0.0,0.0,588.106577105,0.0,0.0,0.0,812.8607292600095,0.0,-812.8607292600095,0.0,1000.0,0.0,0.0,0.0,0.0,0.0,0.0,-32.61207513145148,-0.2970502450991136,0.0,0.0,0.0,0.0,0.1980334967327424,0.0,0.0,0.0,507.01963287157616,0.0,0.0,0.0,-714.6603075077434,971.378041431762,218.83919344042195,0.0,1000.0,0.0,0.0,0.0,0.0,0.0,-17.050684068689602,-982.9493159313104,0.0,-1000.0,-1000.0,0.0,0.0,0.0,0.0,0.0,0.0,0.0,0.0,0.0,0.0,0.0,0.0,0.0,0.0,0.0,0.0,0.0,-1000.0,0.0,-972.4865461872648,0.0,0.0,0.0,1000.0,0.0,270.25557217808716,-30.420504434275255,0.0,0.0,0.0,0.0,808.9054772306533,0.0,0.0,-914.3544134519638,0.0,-17.050684068689602,-290.9386899915892,0.0,0.0,-266.6521033506377,0.0,0.0,1000.0,-4.95083741831856,-9.90167483663712,-697.8412314982675,0.0,0.0,1000.0,501.65023130410174,59.41004901982273,0.0,0.0,0.0,358.2100975105112,0.0,815.0182791630679,0.0,0.0,0.0,0.0,-422.9876580419675,0.0,0.0,-291.210776449171,0.0,0.0,67.35810434816881,0.0,0.0,-34.88029989119476,0.0,0.0,66.85925794854434,0.0,0.0,0.0,0.0,-948.3374531412684,0.3960669934658654,0.0,0.0,0.0,0.0,0.0,0.0,0.0,0.0,0.0,0.0,0.0,0.0,0.0,0.0,0.0,0.0,0.0,0.0,0.0,0.2178368464064988,0.2178368464064988,0.0,0.0,0.0,118.82009803964546,0.0,0.0,0.0,1000.0,0.0,0.0,15.171925185854104,0.0,0.0,400.96019850682865,-1000.0,0.0,0.0,0.0,0.0,0.0,66.85925794854434,0.0,0.0,0.0,0.0,0.0,0.0,0.0,185.03855783866084,-507.01963287157616,440.9157903769642,0.0,30.420504434275255,0.0,0.0,-328.2846505728188,-328.2846505728188,0.0,400.96019850682865,0.0,0.0,-547.3772546344397,0.0,0.0,0.0,0.0,0.0,0.0,0.0,0.0,0.0,0.0,0.0,0.0,0.0,0.0,0.0,0.0,118.82009803964546,0.0,0.0,0.0,0.0,0.0,0.0,0.0,0.0,0.0,0.0,0.0,0.0,1.9803349673274242,0.0,0.0,15.171925185854104,-15.171925185854104,0.0,110.07603282517755,0.0,0.0,59.41004901982273,0.0,0.0,0.0,0.0,0.0,0.0,0.0,0.0,0.0,0.0,1000.0,456.44357207143264,0.0,59.41004901982273,59.41004901982273,1000.0,-1000.0,0.0,66.85925794854434,0.0,0.0,0.0,0.0,0.0,1000.0,67.35810434816881,996.3408050403838,0.1980334967327424,0.0,0.0,0.0,190.34528049382243,948.3374531412684,0.0,328.2846505728188,0.0,0.0,0.0,0.0,0.0,0.0,0.0,0.0,0.0,0.0,0.0,0.0,0.0,0.0,0.1980334967327424,0.0,0.0,0.0,274.2129411453972,-274.2129411453972,0.0,0.0,0.0,0.0,0.0,0.0,0.0,-2.9070506215401153,0.0,-14.852512254955627,-9.90167483663712,0.0,0.0,0.0,0.0,0.0,0.0,0.0,0.0,0.0,0.0,0.0,0.0,0.0,971.378041431762,0.0,0.0,511.5519061407389,0.0,0.0,0.0,814.8202456663352,0.0,0.0,0.1980334967327424,0.0,0.1980334967327424,0.0,557.5901441873045,0.0,118.82009803964546,241.60086601394576,241.60086601394576,0.0,0.0,0.0,0.0,0.0,0.0,0.0,440.9157903769642,0.0,67.35810434816881,0.0,0.0,0.0,0.0,0.0,0.0,0.0,0.0,0.0,0.0,0.0,0.0,0.0,0.0,0.0,0.0,0.0,0.0,0.0,-285.2041710504832,285.2041710504832,0.2970502450991136,0.0,0.0,0.0,-59.41004901982273,0.0,0.0,0.0,0.0,0.0,0.0,9.90167483663712,0.0,0.0,0.0,0.0,1000.0,-739.599980169368,0.0,0.0,0.0,0.0,0.0,0.0,0.0,0.0,0.0,0.0,0.0,-262.9256212664161,0.0,0.0,748.1320833775054,948.3374531412684,27.51345381273514,-770.0204846036434,2.9070506215401153,739.599980169368,0.0,0.0,0.0,9.90167483663712,1000.0,0.0,5.423755644911012,0.0,-65.22415026290297,468.75000000000045,-468.75000000000045,-906.2500000000841,906.2500000000841,0.0,0.0,0.0,0.0,0.0,14.852512254955627,-44.557536764866995,241.60086601394576,0.0,0.0,0.0,0.0,0.0,0.0,0.0,0.0,0.0,0.0,0.0,0.0,0.0,-190.34528049382243,-1000.0,0.0,59.41004901982273,15.171925185854104,0.0,0.0,0.0,-328.4060751094965,0.0,0.0,0.2178368464064988,0.0,0.0,0.0,120.80043300697288,0.0,0.0,0.0,0.0,-448.01161374448145,0.0,0.0,0.0,0.0,0.0,0.0,0.0,0.0,-849.6353212064225,0.0,0.019803349673274795,0.019803349673274795,0.0,0.0,0.0,0.0,0.0,0.0,0.0,0.0,0.0,0.0,0.0,0.0,0.0,0.0,0.0,0.0,0.0,0.0,0.0,0.0,0.0,0.0,0.0,0.0,0.0,0.0,0.0,30.343850371708207,0.0,0.0,622.5973616684644,0.0,0.0,0.0,118.82009803964546,0.0,0.0,0.0,0.0,0.0,0.0,-118.82009803964546,0.0,30.343850371708207,0.0,0.0,0.0,0.0,0.0,0.0,0.0,0.0,0.0,0.0,-996.3408050403838,-1000.0,135.65294526192855,0.0,-59.41004901982273,0.0,-28.305587799666156,0.0,0.0,0.0,0.0,0.0,0.0,0.0,0.0,0.0,0.0,0.0,0.0,0.0,0.0,0.0,0.0,0.0,-24.754187091592748,0.0,-823.757989485609,29.705024509911254,0.0,0.0,0.0,0.0,0.0,0.0,-2.4754187091592805,34.88029989119476,0.0,0.0,0.0,0.0,0.0,0.0,0.0,1000.0,59.41004901982273,59.41004901982273,0.0,0.0,0.0,0.0,0.0,0.2178368464064988,0.0,0.0,0.0,28.305587799666156,0.0,0.0,0.0,0.0,0.0,0.0,0.0,0.0,0.0,0.0,0.0,0.0,0.0,0.0,421.39715761889386,0.0,0.0,17.79656061032432,0.0,207.93517156937955,30.420504434275255,0.0,0.0,0.0,0.0,0.0,0.0,0.0,723.321626737935,0.0,0.0,0.0,-24.754187091592748,0.0,0.0,0.0,0.0,0.0,0.0,0.0,0.0,0.0,0.0,0.0,0.0,0.0,0.0,0.0,0.0,0.0,0.0,-0.1980334967327424,0.0,0.0,9.90167483663712,-400.96019850682865,0.0,0.0,0.0,0.0,0.0,0.0,0.0,0.0,17.050684068689602,4.95083741831856,0.0,0.0,0.0,0.1980334967327424,0.0,198.0334967327424,-43.59382337682581,39.60669934654849,1.4145249766624457,588.106577105,-0.1485251225495568,914.3544134519638,3.9606699346548484,-0.9901674836637575,-588.106577105,59.41004901982273,-0.1980334967327424,0.0,66.85925794854434,0.0495083741831856,1.4145249766624457,0.0,-46.698857865708305,-3.9606699346548484,-437.3353988357637,-0.1980334967327424,0.0495083741831856,-588.106577105,19.80334967327424,0.1980334967327424,0.1980334967327424,0.4158703431392412,-14.954088339448086,-1000.0,-0.1485251225495568,59.41004901982273,0.1980334967327424,59.41004901982273,-99.01674836637122,-0.0990167483663712,0.0,-20.00138317000698,-0.1485251225495568,-0.1980334967327424,-43.59382337682581,0.1980334967327424,19.80334967327424,-3.9606699346548484,0.0,0.0,-19.80334967327424,437.3353988357637,0.0,39.60669934654848,0.2970502450991136,-1000.0,19.80334967327424,-185.03855783866084,66.85925794854434,-39.60669934654848,0.0990167483663712,1.9803349673274242,0.0,39.60669934654848,-0.1980334967327424,-44.557536764866995,-0.4158703431392412,61.39038398715015,0.1980334967327424,46.698857865708305,-170.7809381307469,66.85925794854434,-0.1980334967327424,-0.0495083741831856,-66.85925794854434,-0.1980334967327424,-948.3374531412684,0.1980334967327424,-0.0495083741831856,-0.0495083741831856,-0.0495083741831856,79.21339869309696,99.01674836637122,1.9803349673274242,398.642977772381,-0.0495083741831856,0.0,9.90167483663712,484.07040140727133,0.1980334967327424,0.0990167483663712,0.0990167483663712,53.23297864754641,43.59382337682581,0.1980334967327424,-43.59382337682581,1.9803349673274242,0.1980334967327424,-902.492799533408,0.1980334967327424,0.7921339869310167,0.9901674836637575,0.0990167483663712,0.0495083741831856,59.41004901982273,-0.1980334967327424,1000.0,1.9803349673274242,-797.285955544762,909.4035760336452,-19.80334967327424,39.60669934654848,9.90167483663712,-0.1980334967327424,0.0,0.2970502450991136,-0.1980334967327424,-106.46595729509282,43.59382337682581,693.6929224062142,0.0990167483663712,-968.1408028145427,-0.1980334967327424,-0.1980334967327424,-0.1980334967327424,0.0990167483663712,588.106577105,-39.60669934654848,0.1980334967327424,0.0,-0.0495083741831856,14.954088339448086,0.0,29.705024509911357,20.00138317000698,722.4731803978575,588.106577105,-0.1485251225495568,44.557536764866995,-39.60669934654848,0.1980334967327424,-0.0495083741831856,9.90167483663712,198.0334967327424,-0.0990167483663712,-0.1980334967327424,0.0495083741831856,0.0,0.0,999.9009832516336,503.84982176102693,-39.831444272395174,0.0,377.6377527554789,-56.03908713652572,0.0,1000.0,-923.1665919563604,-346.8229923470898,0.0,-500.0,19.915722136197587,461.5832959781802,0.0,28.01954356826286,0.0,-365.28684729671767,0.0,346.8229923470898,-365.28684729671767,-377.6377527554789,264.30767060647577,0.0,1496.5981,bhi
229,0.0,0.0,0.0,0.0,0.0,0.0,0.0,0.0,207.289439535749,0.0,0.0,0.0,0.0,0.0,0.0,0.0,-276.6674893830908,847.9217086340346,0.0,0.0,0.0,0.0,0.0,280.8638930758765,0.0,0.0,0.0,0.0,0.0,-1000.0,0.0,0.0,721.7744640974261,0.0,0.0,0.0,0.0,32.7714510719054,0.0,-1000.0,997.8797852230697,0.0,0.0,276.6674893830908,0.0,0.0,0.0,0.0,1000.0,0.0,0.0,0.0,0.0,0.007774120848580424,0.0,0.0,0.0,0.0,0.0,0.0,125.75231608955886,0.0,0.0,-386.3845575745867,0.0,0.0,0.0,0.0,781.6590665040732,-781.6590665040732,0.0,0.07067382589767847,0.0,0.0,0.0,0.0,0.0,0.0,0.0,0.0,0.0,0.0,0.0,0.0,4.240429553860708,0.0,37.05502962243823,-154.33932805633697,-136.00973366308085,136.00973366308085,-0.0017668456474419618,0.0,0.0,0.0,2.120214776930354,0.0,2.120214776930354,-0.22756971939085702,0.0,0.0,0.0,0.353369129488442,-1000.0,0.0,0.0,-248.4865058675087,0.0,0.0,0.0,0.0,0.0,0.0,0.0,0.0,0.0,0.0,0.0,0.0,0.0,0.0,0.0,0.0,0.0,0.0,-241.07862125149205,0.0,0.0,2.120214776930354,0.0,2.1908886028280325,2.1908886028280325,0.0,-204.41597816182684,0.0,204.41597816182684,-204.41597816182684,-1000.0,0.0,0.0,487.8631263358544,0.0,0.0,0.0,0.0,0.0,37.59921808185035,0.007067382589767847,0.0,0.0,0.0,-113.77472723546161,113.77472723546161,0.0,0.0,0.0,0.0,536.1798889600491,0.0,0.0,0.0,0.0,0.0,80.00985272538846,80.00985272538846,0.0,0.0,0.0,843.75,-727.5009361280806,0.0,0.0,80.01692010797822,0.0,0.0,0.0,-1000.0,-762.568648256785,0.0,0.0,0.0,0.0,0.0,0.0,0.0,0.0,0.0,-164.4399110902339,0.0,0.0,0.0,0.0,-48.151311397903676,0.0,0.0,0.0,0.0,0.0,0.0,0.0,0.0,0.0,512.1368736641456,0.0,0.0,0.0,0.0,0.0,0.0,0.0,369.56945454000015,0.0,0.0,0.0,0.0,0.0,0.0,0.0,0.0,0.0,0.0,0.0,0.0,0.0,0.0,226.92166713933906,276.6674893830908,0.0,0.0,0.0,0.0,-491.60558267536237,0.0,0.0,0.0,0.0,125.75231608955886,0.0,0.0,0.0,0.0,0.0,0.0,0.0,0.0,0.0,0.0,1.4134765179535693,0.0,0.0,-803.8443254097649,-939.8540590728458,845.660671943663,0.0,-276.6674893830908,0.0,0.0,512.1368736641456,-991.3777932404832,0.0,0.0,0.0,-177.2076272133101,0.0,0.0,-259.3070446595219,0.0,0.0,-259.3070446595219,0.0,0.0,-136.00973366308085,0.0,2.2610366903716113,0.0,0.0,3.568483642325152,0.0,0.0,0.0,0.0,0.0,0.0,0.0,829.2568578314174,0.0,0.0,380.68692251215543,843.75,0.0,0.0,125.75231608955886,-0.010601073884651771,0.0,0.0,0.0,0.0,0.007067382589767847,0.0,0.0,0.0,25.499805632190117,-276.6674893830908,0.0,-734.5212549518918,423.3686402636971,762.568648256785,1000.0,0.0,0.0,0.0,-248.4865058675087,0.0,0.0,0.0,956.9816660718635,-956.9816660718635,0.0,-373.79789181861355,-1000.0,0.0,0.0,0.0,0.0,0.0,0.0,0.0,0.0,0.0,0.0,0.0,0.0,0.0,0.0,0.0,0.0,0.0,-999.9717304696405,0.0,-1000.0,0.0,0.0,0.0,0.0,0.0,0.0,-37.59921808185035,0.0,0.0,0.0,0.0,0.0,0.0,721.2601888698568,212.80600737380735,0.0,175.32259956779035,0.0,0.0,0.0,-967.1063983699648,-721.2601888698568,-213.15937650329576,0.0,-0.17668456474419617,-0.35336912948839233,719.9671411737042,0.0,-917.9302893869518,649.520929041149,177.72963709622533,2.120214776930354,-93.75000000000009,93.75000000000009,0.0,0.0,0.0,207.2965069183388,0.0,0.0,0.0,0.0,1000.0,0.0,0.0,-860.4191613559334,0.0,0.0,0.0,0.0,0.0,-186.52218224015147,0.0,0.0,0.0,0.0,0.0,0.0,0.0,224.80145236240872,0.014134765179733222,0.0,0.0,0.0,0.0,0.0,0.0,0.0,0.0,0.0,0.0,0.0,0.0,0.0,0.0,0.0,0.0,0.0,0.0,0.0,0.007774120848580424,0.007774120848580424,0.0,278.22367149718843,0.0,4.240429553860708,0.0,0.0,0.0,1000.0,0.0,0.0,37.05502962243823,0.0,0.0,1000.0,-1000.0,0.0,0.0,966.5736189789613,0.0,0.0,0.0,0.0,0.0,0.0,0.0,0.0,0.0,0.0,80.35954041716401,-25.499805632190117,0.0,0.0,37.59921808185035,0.0,0.0,0.0,-20.531290988783205,0.0,857.9903786884099,0.0,224.80145236240872,1000.0,0.0,0.0,0.0,0.0,0.0,0.0,0.0,0.0,0.0,0.0,0.0,0.0,0.0,0.0,0.0,0.0,4.240429553860708,512.1368736641456,512.1368736641456,0.0,0.0,0.0,0.0,0.0,0.0,0.0,0.0,0.0,0.0,0.07067382589767847,0.0,0.0,37.05502962243823,-37.05502962243823,0.0,0.0,0.0,0.0,2.120214776930354,-966.5736189789613,0.0,0.0,0.0,0.0,0.0,0.0,0.0,0.0,0.0,0.0,0.0,0.0,2.120214776930354,2.120214776930354,-921.3381252404138,-1000.0,0.0,0.0,0.0,0.0,0.0,0.0,0.0,373.79789181861355,0.0,583.8653123862011,0.007067382589767847,0.0,0.0,0.0,0.5699339245605642,0.0,0.0,0.0,0.0,0.0,0.0,0.0,0.0,0.0,10.923817023968468,0.0,0.0,0.0,0.0,0.0,0.0,0.0,0.007067382589767847,0.0,0.0,0.0,0.0,0.0,0.0,0.0,0.0,0.0,-37.59921808185035,0.0,0.0,0.0,-0.028269530359466444,-0.5300536942326382,-0.353369129488442,0.0,0.0,0.0,0.0,0.0,0.0,0.0,0.0,0.0,0.0,0.0,0.0,512.1368736641456,762.568648256785,0.0,0.0,-739.8472831612379,0.0,0.0,0.0,207.289439535749,0.0,0.0,0.007067382589767847,0.0,0.007067382589767847,32.7714510719054,0.0,0.0,4.240429553860708,8.622206759516773,8.622206759516773,0.0,0.0,0.0,0.0,0.0,0.0,0.0,0.0,0.0,0.0,0.0,0.0,0.0,957.5901677128423,0.0,0.0,0.0,0.0,0.0,0.0,0.0,0.0,0.0,0.0,0.0,0.0,0.0,20.531290988783205,0.0,0.0,0.0,0.010601073884651771,0.0,0.0,0.0,-2.120214776930354,0.0,0.0,0.0,0.0,0.0,-278.22367149718843,0.35336912948839233,0.0,0.0,0.0,-843.75,727.5009361280806,0.0,0.0,0.0,0.0,0.0,0.0,0.0,0.0,0.0,512.1368736641456,0.0,966.5736189789613,0.0,278.22367149718843,0.0,-550.8852478766926,-248.4865058675087,0.0,0.0,0.0,0.0,0.0,-1000.0,0.0,0.353369129488442,1000.0,0.0,288.6668937209139,0.0,-260.6322414850279,0.0,0.0,0.0,0.0,0.0,0.0,0.0,0.0,0.0,163.37980370176862,0.0,8.622206759516773,0.0,-396.50625033832154,-396.5062503383215,396.5062503383215,0.0,0.0,0.0,0.0,0.0,0.0,0.0,0.0,279.81383257988637,-0.5699339245605642,0.0,0.0,2.120214776930354,37.05502962243823,0.0,0.0,0.0,68.90717072498383,0.0,0.0,0.007774120848580424,0.0,0.0,0.0,4.311103379758387,0.0,0.0,0.0,0.0,226.92166713933906,0.0,0.0,0.0,0.0,0.0,0.0,0.0,0.0,-287.1896045135355,0.0,0.000706738258976769,0.000706738258976769,0.0,0.0,0.0,0.0,0.0,32.7714510719054,0.0,0.0,0.0,0.0,0.0,0.0,0.0,0.0,0.0,278.22367149718843,0.0,0.0,0.0,0.0,0.0,0.0,0.0,0.0,0.0,0.0,0.0,74.11005924487645,0.0,448.92605792419,847.9217086340346,0.0,0.0,0.0,4.240429553860708,0.0,0.0,0.0,0.0,0.0,0.0,-4.240429553860708,0.0,74.11005924487645,0.0,0.0,0.0,0.0,0.0,0.0,0.0,0.0,0.0,0.0,-1000.0,-1000.0,962.4313247868333,-2.120214776930354,0.0,0.0,0.0,0.0,0.0,0.0,0.0,0.0,0.0,0.0,0.0,0.0,0.0,0.0,0.0,0.0,0.0,0.0,0.0,0.0,-0.8834228237210802,512.1368736641456,-0.5300536942326382,957.0601140186096,0.0,0.0,0.0,0.0,0.0,0.0,-0.0883422823720981,186.52218224015147,0.0,0.0,0.0,0.0,0.0,0.0,0.0,583.8653123862011,2.120214776930354,2.120214776930354,0.0,0.0,0.0,0.0,0.0,0.007774120848580424,278.22367149718843,0.0,0.0,-32.7714510719054,0.0,0.0,0.0,0.0,0.0,0.0,0.0,0.0,0.0,0.0,0.0,0.0,0.0,0.0,16.3857255359527,0.0,0.0,2.1908886028280325,0.0,7.4207517192562396,0.0,0.0,37.59921808185035,0.0,0.0,0.0,278.22367149718843,0.0,-0.580938848879299,0.0,0.0,0.0,-0.8834228237210802,0.0,0.0,0.0,0.0,0.0,0.0,0.0,0.0,0.0,0.0,0.0,0.0,0.0,0.0,0.0,0.0,0.0,0.0,-0.007067382589767847,0.0,0.0,0.35336912948839233,-1000.0,0.0,0.0,0.0,0.0,512.1368736641456,0.0,0.0,0.0,-956.9816660718635,0.17668456474419617,0.0,0.0,0.0,0.007067382589767847,0.0,7.067382589767846,0.0,1.4134765179535693,0.050481304212627476,24.099774631108357,-0.0053005369423258855,0.3533691294884136,0.14134765179535694,32.73611415895617,-24.099774631108357,2.120214776930354,-0.007067382589767847,82.82883528916956,0.0,0.0017668456474419618,0.050481304212627476,-248.4865058675087,-38.18015693072965,-0.1413476517953427,-571.2542192509438,-0.007067382589767847,0.0017668456474419618,-24.099774631108357,671.4870707996233,0.007067382589767847,0.007067382589767847,-278.2088299937501,-37.04725550158948,0.0,-0.0053005369423258855,2.120214776930354,0.007067382589767847,2.120214776930354,-3.5336912948839236,-0.0035336912948839235,-39.20687722503169,490.89177703379585,-0.0053005369423258855,-0.007067382589767847,0.0,0.007067382589767847,0.7067382589767846,-0.14134765179535694,20.531290988783205,20.531290988783205,-0.7067382589767703,571.2542192509438,-20.531290988783205,1.4134765179535693,0.010601073884651771,-1000.0,0.7067382589767847,-80.35954041716401,0.0,-1.4134765179535693,0.0035336912948839235,0.07067382589767847,183.63031373797295,279.63714801514203,-0.007067382589767847,-279.81383257988637,278.2088299937501,2.1908886028280325,0.007067382589767847,38.18015693072965,-679.2611916483676,0.0,-0.007067382589767847,-0.0017668456474419618,0.0,-0.007067382589767847,224.8014523624087,0.007067382589756198,-0.0017668456474419618,-0.0017668456474419618,-0.0017668456474419618,2.8269530359071386,3.5336912948839236,0.07067382589767847,336.82403138412974,-0.0017668456474419618,284.43179218677636,0.35336912948839233,-112.04735705171596,0.007067382589767847,0.0035336912948839235,0.0035336912948839235,0.7067382589767847,0.0,0.007067382589767847,0.0,0.07067382589767847,0.007067382589767847,-1000.0,0.007067382589767847,0.028269530359466444,-32.73611415895617,0.0035336912948839235,0.0017668456474419618,2.120214776930354,-0.007067382589767847,0.0,0.07067382589767135,-673.6480627682595,0.17668456474422456,-0.7067382589767846,1.4134765179535693,0.35336912948839233,-0.007067382589767847,248.4865058675087,0.010601073884651771,-0.007067382589767847,-1.4134765179535693,0.0,-2.113769587415172,0.0035336912948839235,224.09471410343193,-0.007067382589767847,-0.007067382589756198,-0.007067382589767847,0.0035336912948839235,24.099774631108357,-1.4134765179535693,0.007067382589767847,367.2606274759459,-0.0017668456474419618,37.04725550158948,-367.2606274759459,1.0601073884651768,-490.89177703379585,396.32674097653444,24.099774631108357,-0.0053005369423258855,279.81383257988637,-279.63714801514203,0.007067382589767847,-0.001766845647441962,0.353369129488442,7.067382589767846,-0.0035336912948839235,-0.007067382589767847,0.0017668456474419618,1000.0,0.0,999.9964663087051,663.1759686158703,60.74010292688084,0.0,-214.36875984924794,-970.4171591201684,670.7803325406466,24.32556795906703,-752.9269706504449,549.471771358739,0.0,-12.162783979533515,-30.37005146344042,376.46348532522245,-670.7803325406466,485.2085795600842,-278.22367149718843,-66.79340113756865,0.0,-549.471771358739,-66.79340113756865,214.36875984924794,232.09284677007145,0.0,1496.5981,bhi
230,0.0,0.0,0.0,0.0,0.0,0.0,0.0,0.0,-0.015153459040410372,0.0,0.0,0.0,0.0,0.0,0.0,0.0,-904.228549217504,1000.0,0.0,454.7747712821103,0.0,0.0,0.0,801.425424356323,0.0,0.0,0.0,0.0,0.0,-821.5357408102269,0.0,0.0,121.4097036965383,0.0,0.0,0.0,0.0,-57.90585248369857,0.0,-1000.0,1000.0,0.0,-32.68515410536096,63.829343372879926,0.0,0.0,0.0,0.0,1000.0,0.0,0.0,0.0,0.0,0.016668804944466396,0.0,0.0,0.0,3.0306918080820746,0.0,0.0,-39.59009198067831,0.0,0.0,-205.34602205194255,0.0,0.0,0.0,0.0,0.0,0.0,0.0,0.15153459040410375,0.0,0.0,0.0,0.0,0.0,0.0,0.0,719.9024652282509,0.0,0.0,0.0,0.0,9.092075424246225,0.0,93.50755404494093,0.0,50.933581778022415,563.4334000950221,-0.0037883647601025935,0.0,0.0,-292.02688597163865,4.546037712123113,0.0,4.546037712123113,0.0,0.0,0.0,0.0,0.7576729520205187,-971.0194830607338,0.0,0.0,0.0,0.0,0.0,0.0,0.0,0.0,0.0,0.0,0.0,0.0,0.0,0.0,0.0,0.0,0.0,0.0,0.0,0.0,0.0,-308.1209730732427,0.0,0.0,4.546037712123113,0.0,4.697572302527216,0.0,0.0,-1000.0,0.0,1000.0,-1000.0,567.8220538578923,0.0,0.0,-733.5779839291565,0.0,0.0,0.0,0.0,0.0,94.67437039105253,0.015153459040410372,0.0,0.0,0.0,0.0,0.0,0.0,0.0,0.0,0.0,227.85656544829524,0.0,0.0,0.0,0.0,0.0,234.26385604327155,234.26385604327155,0.0,0.0,0.0,-406.25,-1000.0,0.0,0.0,234.27900950231196,0.0,0.0,0.0,-634.2322793180688,-876.5735459815285,0.0,0.0,0.0,0.0,0.0,0.0,0.0,0.0,0.0,0.0,0.0,0.0,0.0,0.0,-19.68373388973919,0.0,0.0,0.0,0.0,0.0,0.0,32.68515410536096,-614.3669818730446,614.3669818730446,165.75593007126423,0.0,0.0,0.0,0.0,0.0,0.0,149.48374225050694,705.2908025524322,0.0,0.0,0.0,0.0,0.0,0.0,0.0,0.0,0.0,0.0,0.0,0.0,0.0,0.0,125.95574140866141,693.0791359223699,0.0,0.0,0.0,0.0,-165.75593007126423,0.0,0.0,0.0,0.0,-39.59009198067831,629.2497925494899,0.0,0.0,0.0,0.0,0.0,0.0,0.0,0.0,0.4879413811011659,0.0,0.0,0.0,-1000.0,-367.38459045429397,418.31817223231633,0.0,-693.0791359223699,0.0,0.0,165.75593007126423,-541.9691429339114,0.0,0.0,0.0,-178.27484095176806,0.0,0.0,-1000.0,0.0,0.0,-999.9999999999998,0.0,0.0,-563.4334000950221,0.0,-159.5922105909342,0.0,0.0,42.27815072274495,0.0,0.0,0.0,-340.6698673106656,0.0,340.6698673106656,0.0,401.6196466711283,0.0,0.0,980.2331573465382,-406.25,0.0,0.0,-39.59009198067831,-0.02273018856061556,0.0,0.0,0.0,0.0,0.015153459040410372,0.0,0.0,0.0,14.649754796514912,-904.228549217504,0.0,-821.2742486595818,-11.425782500122066,876.5735459815285,953.1448322579495,0.0,21.708845421291915,0.0,0.0,0.0,0.0,0.0,-1.304712823379348,0.0,-20.404132597912568,-1000.0,-1000.0,0.0,0.0,0.0,0.0,0.0,0.0,0.0,0.0,0.0,0.0,0.0,0.0,0.0,0.0,0.0,0.0,0.0,-1000.0,0.0,-942.1547613524631,0.0,0.0,0.0,0.0,0.0,0.0,-95.1623117721537,0.0,0.0,0.0,0.0,0.0,-543.1935659848497,0.0,-285.56288002049996,-661.9145367839212,543.1935659848497,168.35725512546946,-0.7576729520205187,0.0,0.0,0.0,284.80520706847943,0.0,661.5357003079109,0.0,27.687812378931596,0.0,-191.87786626828827,0.0,0.0,4.546037712123113,0.0,0.0,0.0,0.0,0.0,0.0,0.0,0.0,0.0,0.0,996.9693081919179,0.0,0.0,-447.89360622171995,0.0,0.0,149.48374225050694,0.0,0.0,-57.92100594273898,0.0,0.0,51.40120545417362,0.0,0.0,0.0,0.0,121.4097036965383,0.030306918080803946,0.0,0.0,0.0,0.0,0.0,0.0,0.0,22.347279673495322,0.0,0.0,0.0,0.0,0.0,0.0,0.0,0.0,0.0,0.0,0.0,0.016668804944466396,0.016668804944466396,0.0,610.4267876344043,0.0,9.092075424246225,0.0,7.199490770406353,0.0,1000.0,0.0,0.0,93.50755404494093,0.0,0.0,487.21321745210435,-1000.0,0.0,0.0,982.9154688224675,0.0,0.0,51.40120545417362,0.0,0.0,0.0,0.0,0.0,0.0,0.0,102.70699102441422,-14.649754796514912,0.0,0.0,94.67437039105253,0.0,-251.24046346963704,-40.78642250200161,-40.78642250200161,0.0,487.21321745210435,0.0,-391.3770788513574,1000.0,-718.7500000001689,718.7500000001689,0.0,0.0,0.0,0.0,0.0,0.0,0.0,0.0,0.0,0.0,0.0,0.0,0.0,0.0,9.092075424246225,165.75593007126423,165.75593007126423,0.0,0.0,0.0,0.0,0.0,0.0,0.0,0.0,0.0,0.0,0.15153459040410375,0.0,0.0,93.50755404494093,-93.50755404494093,0.0,32.68515410536096,0.0,0.0,4.546037712123113,-982.9154688224675,0.0,0.0,0.0,0.0,0.0,0.0,0.0,0.0,0.0,1000.0,126.15200103096231,0.0,4.546037712123113,4.546037712123113,-770.0335136841685,-1000.0,0.0,51.40120545417362,0.0,0.0,0.0,0.0,0.0,971.0194830607338,149.48374225050694,1000.0,0.015153459040410372,0.0,0.0,-976.0318805022976,996.0441879450224,0.0,22.347279673495322,292.02688597163865,0.0,0.0,0.0,0.0,0.0,0.0,0.0,0.0,0.0,0.0,0.0,0.0,0.0,0.0,0.015153459040410372,0.0,0.0,0.0,-283.6548694099582,283.6548694099582,0.0,0.0,0.0,0.0,-95.91998472417421,0.7576729520205187,0.0,0.0,57.845238647536945,-1.1365094280307781,-0.7576729520205187,0.0,0.0,0.0,0.0,0.0,0.0,0.0,0.0,0.0,0.0,0.0,0.0,165.75593007126423,876.5735459815285,0.0,0.0,-191.12019331626774,0.0,0.0,0.0,-0.015153459040410372,0.0,0.0,0.015153459040410372,0.0,0.015153459040410372,0.0,0.0,0.0,9.092075424246225,18.487220029300655,18.487220029300655,0.0,0.0,0.0,0.0,0.0,0.0,0.0,0.0,0.0,149.48374225050694,0.0,0.0,0.0,0.0,0.0,0.0,0.0,0.0,0.0,0.0,0.0,0.0,0.0,0.0,0.0,0.0,0.0,0.0,0.0,0.0,0.0,0.02273018856061556,0.0,0.0,0.0,-4.546037712123113,0.0,0.0,0.0,0.0,0.0,-610.4267876344043,0.7576729520205187,0.0,0.0,0.0,406.25,1000.0,-0.7576729520205187,0.0,0.0,0.0,0.0,0.0,0.0,0.0,0.0,165.75593007126423,0.0,982.9154688224675,343.3091365564002,610.4267876344043,0.0,-62.848528751685016,0.0,0.0,0.0,0.0,0.0,0.0,-560.456362963212,7.199490770406353,0.7576729520205187,847.5970120486,0.0,0.0,0.0,-244.93611403262085,0.0,0.0,0.0,0.0,0.0,0.0,0.0,0.0,0.0,611.563297062435,-613.8363159184966,18.487220029300655,0.0,-452.8048717118676,-452.8048717118676,452.8048717118676,0.0,0.0,0.0,0.0,0.0,0.4879413811011659,0.0,0.0,0.0,-20.01230744272481,-1000.0,-32.68515410536096,4.546037712123113,93.50755404494093,0.0,0.0,0.0,180.05403431317333,0.0,0.0,0.016668804944466396,0.0,0.0,0.0,9.243610014650327,0.0,0.0,0.0,0.0,125.95574140866141,0.0,0.0,0.0,0.0,0.0,0.0,0.0,0.0,0.0,0.0,0.0015153459040410373,0.0015153459040410373,0.0,0.0,0.0,0.0,0.0,0.0,0.0,0.0,0.0,-976.0318805022976,0.0,0.0,0.0,0.0,0.0,610.4267876344043,0.0,0.0,0.0,0.0,0.0,0.0,0.0,0.0,0.0,0.0,0.0,187.01510808988186,0.0,-480.58938363847096,1000.0,0.0,0.0,0.0,9.092075424246225,0.0,0.0,0.0,0.0,0.0,0.0,-9.092075424246225,0.0,187.01510808988186,0.0,0.0,0.0,0.0,0.0,0.0,0.0,0.0,0.0,0.0,-1000.0,-1000.0,10.380119442681107,-4.546037712123113,0.0,0.0,-57.90585248369857,0.0,0.0,0.0,0.0,0.0,0.0,0.0,0.0,0.0,0.0,0.0,0.0,0.0,0.0,0.0,0.0,7.199490770406353,-1.894182380051297,165.75593007126423,-1.1365094280307781,612.6998064904658,0.0,0.0,0.0,0.0,0.0,-843.9394182379522,843.749999999947,57.92100594273898,0.0,0.0,0.0,0.0,0.0,0.0,0.0,1000.0,4.546037712123113,4.546037712123113,0.0,0.0,0.0,0.0,719.9024652282509,0.016668804944466396,610.4267876344043,0.0,0.0,57.90585248369857,0.0,0.0,0.0,0.0,0.0,0.0,0.0,0.0,0.0,0.0,0.0,0.0,0.0,0.0,0.0,0.0,0.0,0.0,0.0,15.911131992430894,0.0,0.0,94.67437039105253,0.0,0.0,0.0,610.4267876344043,0.0,0.0,0.0,0.0,0.0,-1.894182380051297,0.0,0.0,0.0,0.0,0.0,0.0,0.0,0.0,0.0,0.0,0.0,0.0,0.0,0.0,0.0,0.0,0.0,0.0,-0.015153459040410372,0.0,0.0,0.7576729520205187,-487.21321745210435,0.0,0.0,0.0,0.0,165.75593007126423,0.0,0.0,0.0,1.304712823379348,0.3788364760102593,0.0,0.0,0.0,0.015153459040410372,0.0,15.153459040410372,-4.697572302527216,3.030691808082075,0.10823899314578836,42.27815072274494,-0.01136509428030778,0.7576729520205276,0.3030691808082075,-0.07576729520203213,-42.27815072274494,4.546037712123113,-0.015153459040410374,0.0,51.40120545417362,0.0037883647601025935,0.10823899314578837,0.0,-95.91998472417421,-0.3030691808082075,-550.5462220646064,-0.015153459040410374,0.0037883647601025935,-42.27815072274494,645.8390412684552,0.015153459040410374,0.015153459040410372,-610.3949653704193,-93.49088523999649,0.0,-0.01136509428030778,4.546037712123113,0.015153459040410374,4.546037712123113,-7.576729520205188,-0.007576729520205187,-227.85656544829524,164.22543070818278,-0.01136509428030778,-0.015153459040410374,-4.697572302527216,0.015153459040410372,1.5153459040410373,-0.3030691808082075,0.0,0.0,-1.5153459040410553,550.5462220646064,0.0,3.0306918080820746,0.02273018856061556,63.86424963386515,1.5153459040410373,-102.70699102441422,51.40120545417362,-3.0306918080820746,0.007576729520205187,0.15153459040410375,205.31856216489544,613.4574794424864,-0.015153459040410372,-613.8363159184966,610.3949653704193,4.697572302527216,0.015153459040410374,95.91998472417421,-611.1066407587327,51.40120545417362,-0.015153459040410372,-0.0037883647601025935,-51.40120545417362,-0.015153459040410372,121.4097036965383,0.015153459040183,-0.0037883647601025935,-0.0037883647601025935,-0.0037883647601025935,6.061383616164149,7.576729520205188,0.15153459040410375,340.81787931104253,-0.0037883647601025935,410.6371243297909,0.7576729520205187,-59.94717889624863,0.015153459040410372,0.007576729520205187,0.007576729520205186,27.215948631127848,4.697572302527216,0.015153459040410372,-4.697572302527216,0.15153459040410375,0.015153459040410374,-1000.0,0.015153459040410374,0.06061383616162175,0.07576729520203213,0.007576729520205187,0.0037883647601025935,4.546037712123113,-0.015153459040410374,0.0,0.15153459040410375,-681.6357586220851,0.3788364760102505,-1.5153459040410373,3.0306918080820746,0.7576729520205187,-0.015153459040410374,0.0,0.02273018856061556,-0.015153459040410374,-54.431897262255696,4.697572302527216,-95.29077152444266,0.007576729520205187,119.89435779249726,-0.015153459040410374,-0.015153459040183,-0.015153459040410374,0.007576729520205187,42.27815072274494,-3.0306918080820746,0.015153459040410372,410.6371243297909,-0.0037883647601025935,93.49088523999649,-410.6371243297909,2.273018856061556,-164.22543070818278,123.36066011345031,42.27815072274494,-0.01136509428030778,613.8363159184966,-613.4574794424864,0.015153459040410374,-0.0037883647601025926,0.7576729520205187,15.153459040410372,-0.007576729520205187,-0.015153459040410374,0.0037883647601025935,0.0,0.0,-63.87182636338535,659.1821206889574,239.0989053122853,0.0,-112.82133251618752,-121.74459514133139,644.3236953644141,942.5007166732325,-1000.0,59.81783694360294,0.0,-471.2503583366163,-119.54945265614265,500.0,-644.3236953644141,60.872297570665694,-610.4267876344043,-84.76326278873067,0.0,-59.81783694360294,-84.76326278873067,112.82133251618752,248.38498116925206,0.0,1496.5981,bhi
231,0.0,0.0,0.0,0.0,0.0,0.0,0.0,0.0,-0.02072308524870687,0.0,0.0,0.0,0.0,0.0,0.0,0.0,-622.3198866245539,715.4387463101822,0.0,184.14865835313185,0.0,0.0,0.0,129.98028867098415,0.0,0.0,0.0,0.0,0.0,-588.4719681132609,0.0,0.0,446.7900646120212,0.0,0.0,0.0,0.0,384.92217518615644,0.0,-1000.0,1000.0,0.0,0.0,1000.0,0.0,0.0,0.0,0.0,-150.86746399547462,-172.8897148724393,0.0,-691.4237987174475,0.0,0.022795393773598054,0.0,0.0,0.0,4.144617049741374,0.0,0.0,96.09995331107626,0.0,221.11852914949253,0.0,0.0,0.0,0.0,0.0,485.8931078832363,-168.67462542266753,0.0,0.20723085248706868,0.0,0.0,0.0,0.0,0.0,0.0,0.0,0.0,0.0,0.0,0.0,0.0,12.433851149224123,0.0,7.814527801543761,-452.1444156848724,811.1754856262135,0.0,-0.0051807713121767174,0.0,0.0,0.0,6.216925574612062,0.0,6.216925574612062,0.0,494.29097233623645,0.0,0.0,742.2382117800065,-1000.0,0.0,0.0,-32.869724649375144,0.0,0.0,0.0,0.0,0.0,0.0,0.0,0.0,0.0,0.0,0.0,0.0,0.0,0.0,0.0,0.0,0.0,0.0,-353.70784337249063,0.0,0.0,6.216925574612062,0.0,6.424156427099129,6.424156427099129,0.0,0.0,0.0,0.0,0.0,0.0,0.0,0.0,-317.2184824605688,0.0,0.0,0.0,0.0,0.0,9.410205365694189,0.02072308524870687,0.0,0.0,0.0,0.0,-1000.0,0.0,0.0,0.0,0.0,241.22843004686965,0.0,0.0,0.0,0.0,0.0,-273.6821927726093,-273.6821927726093,0.0,0.0,0.0,0.0,279.1208631473079,0.0,0.0,-273.6614696873606,0.0,0.0,0.0,409.31285300658914,0.0,0.0,0.0,0.0,0.0,0.0,0.0,0.0,0.0,0.0,0.0,0.0,0.0,0.0,0.0,-1000.0,0.0,0.0,0.0,0.0,0.0,172.8897148724393,691.4237987174475,-811.1754856262135,811.1754856262135,0.0,0.0,0.0,0.0,0.0,0.0,0.0,411.5280318867391,-2.5903856560883587,0.0,0.0,0.0,0.0,0.0,0.0,0.0,0.0,0.0,0.0,0.0,0.0,0.0,0.0,457.79496711791404,670.2355200158419,0.0,0.0,0.0,0.0,0.0,0.0,0.0,0.0,0.0,96.09995331107626,-329.76447998415813,0.0,0.0,0.0,0.0,0.0,0.0,0.0,0.0,0.6672833450086273,0.0,0.0,0.0,-622.3509712524269,1000.0,-722.7635665891129,0.0,-670.2355200158419,0.0,0.0,317.2184824605688,25.282164003422384,0.0,0.0,0.0,-231.05445816976032,0.0,0.0,368.66476494146207,0.0,14.826719596028113,368.66476494146207,0.0,14.826719596028113,0.0,0.0,0.0,172.8897148724393,0.0,70.66572069809042,0.0,0.0,0.0,978.7675824815935,0.0,-978.7675824815935,0.0,-297.14649926248933,317.2184824605688,0.0,832.363151773088,0.0,0.0,0.0,96.09995331107626,-0.031084627873060305,0.0,0.0,0.0,0.0,0.02072308524870687,0.0,0.0,0.0,993.1157910803793,-622.3198866245539,0.0,-21.913149766250093,51.55274356349051,0.0,832.102147609148,0.0,35.30399936051765,0.0,-32.869724649375144,0.0,0.0,0.0,-1.7842576399136818,-33.51974172060397,0.0,-1000.0,432.8963851962411,0.0,0.0,0.0,0.0,0.0,0.0,0.0,0.0,0.0,0.0,0.0,0.0,0.0,0.0,0.0,0.0,0.0,-429.9674627253278,0.0,-1000.0,0.0,185.02746974752094,0.0,0.0,333.4472229798441,0.0,-10.077488710702823,0.0,494.29097233623645,0.0,0.0,741.2020575175711,0.0,-107.49900089364112,628.362816978779,0.0,-452.37336616263235,-890.8154433824706,-1.0361542624353435,-536.0327735548093,508.1291392674255,107.49900089364112,-1000.0,1000.0,-0.5180771312176717,0.0,0.0,0.0,883.497524479889,1000.0,-802.6579804653782,6.216925574612062,0.0,0.0,0.0,151.105063939226,0.0,0.0,0.0,0.0,0.0,0.0,55.71808369848059,0.0,0.0,0.0,0.0,0.0,411.5280318867391,0.0,0.0,-109.38952023532875,0.0,0.0,174.11477796546404,0.0,0.0,0.0,0.0,-548.4219584566981,0.041446170497409174,0.0,0.0,0.0,0.0,0.0,0.0,0.0,0.0,0.0,0.0,0.0,0.0,0.0,0.0,0.0,0.0,0.0,0.0,0.0,0.022795393773598054,0.022795393773598054,0.0,600.9203902179065,0.0,12.433851149224123,0.0,0.0,0.0,-809.6640604291804,0.0,0.0,7.814527801543761,0.0,0.0,-219.94595153428207,809.6640604291804,0.0,0.0,0.0,0.0,0.0,174.11477796546404,0.0,0.0,0.0,0.0,0.0,0.0,0.0,117.90261445749688,-993.1157910803793,1000.0,0.0,9.410205365694189,0.0,0.0,0.0,0.0,0.0,-219.94595153428207,0.0,-768.3679099909803,0.0,468.74999999999005,-468.74999999999005,0.0,0.0,0.0,0.0,0.0,0.0,0.0,0.0,0.0,0.0,0.0,0.0,0.0,0.0,12.433851149224123,317.2184824605688,317.2184824605688,0.0,0.0,0.0,0.0,0.0,0.0,0.0,0.0,0.0,0.0,0.20723085248706868,0.0,0.0,7.814527801543761,-7.814527801543761,0.0,691.4237987174475,0.0,0.0,6.216925574612062,0.0,0.0,0.0,0.0,0.0,0.0,0.0,0.0,0.0,0.0,825.8852220345359,0.0,0.0,6.216925574612061,6.216925574612062,1000.0,809.6640604291804,0.0,174.11477796546404,0.0,0.0,0.0,0.0,0.0,1000.0,411.5280318867391,992.6751797210694,0.02072308524870687,0.0,0.0,-928.2310443847883,929.902213188059,588.7023989312437,0.0,0.0,0.0,-317.2184824605688,0.0,0.0,0.0,0.0,0.0,0.0,0.0,0.0,0.0,0.0,0.0,0.0,0.02072308524870687,0.0,0.0,0.0,0.0,0.0,0.0,0.0,0.0,185.02746974752094,0.0,1000.0,0.0,-85.8190536491386,-1000.0,-1.5542313936530152,0.0,-1.0361542624353435,0.0,0.0,0.0,0.0,0.0,0.0,0.0,0.0,0.0,0.0,0.0,317.2184824605688,0.0,0.0,0.0,81.8756982769462,0.0,0.0,0.0,-0.02072308524870687,0.0,0.0,0.02072308524870687,0.0,0.02072308524870687,0.0,0.0,0.0,12.433851149224123,25.282164003422384,25.282164003422384,0.0,0.0,0.0,0.0,0.0,0.0,0.0,1000.0,0.0,411.5280318867391,0.0,0.0,0.0,0.0,0.0,0.0,0.0,0.0,0.0,0.0,0.0,0.0,0.0,0.0,0.0,0.0,0.0,0.0,0.0,0.0,0.0,0.031084627873060305,0.0,0.0,0.0,-6.216925574612062,0.0,0.0,0.0,0.0,0.0,-600.9203902179065,1.0361542624353435,0.0,0.0,0.0,0.0,-279.1208631473079,0.0,-1.0361542624353435,0.0,0.0,0.0,0.0,0.0,0.0,0.0,317.2184824605688,0.0,0.0,0.0,600.9203902179065,0.0,1000.0,555.8326742818685,429.9674627253278,-10.077488710702823,580.110025985375,-1000.0,0.0,0.0,0.0,1.0361542624353435,898.7948162166344,0.0,0.0,0.0,-125.01857583841627,0.0,0.0,0.0,0.0,0.0,0.0,0.0,0.0,0.0,602.4746216115595,-605.5830843988656,25.282164003422384,0.0,0.0,0.0,0.0,0.0,0.0,0.0,0.0,0.0,0.6672833450086273,0.0,0.0,0.0,-1.6711688032706888,-140.2203579983863,0.0,6.216925574612062,7.814527801543761,0.0,0.0,0.0,-331.0718937335272,0.0,0.0,0.022795393773598054,0.0,0.0,0.0,12.641082001711192,0.0,0.0,0.0,0.0,457.79496711791404,0.0,0.0,0.0,0.0,0.0,0.0,0.0,0.0,-1000.0,0.0,0.002072308524870687,0.002072308524870687,0.0,0.0,0.0,0.0,0.0,0.0,0.0,0.0,0.0,-928.2310443847883,0.0,0.0,0.0,0.0,0.0,600.9203902179065,0.0,0.0,0.0,0.0,0.0,0.0,0.0,172.8897148724393,0.0,0.0,0.0,15.629055603087522,0.0,-519.9347801740032,715.4387463101822,0.0,0.0,0.0,12.433851149224123,0.0,0.0,0.0,0.0,0.0,-12.433851149224123,0.0,0.0,15.629055603087522,0.0,0.0,0.0,0.0,0.0,0.0,0.0,0.0,0.0,0.0,440.2212054751718,-1000.0,14.195313395364206,163.9019183585916,-170.11884393320364,0.0,569.9496449336774,0.0,0.0,0.0,0.0,0.0,0.0,0.0,0.0,0.0,0.0,0.0,0.0,0.0,0.0,0.0,0.0,0.0,-2.5903856560883587,317.2184824605688,-742.7562889112241,604.0288530052126,0.0,0.0,0.0,0.0,0.0,-781.5090385655368,781.2499999999279,109.38952023532875,0.0,0.0,0.0,0.0,0.0,0.0,0.0,1000.0,6.216925574612062,6.216925574612061,0.0,0.0,0.0,0.0,0.0,0.022795393773598054,600.9203902179065,0.0,0.0,-569.9496449336774,0.0,0.0,0.0,0.0,0.0,0.0,0.0,0.0,0.0,0.0,0.0,0.0,0.0,0.0,0.0,0.0,0.0,6.424156427099129,0.0,21.759239511142216,9.410205365694189,0.0,0.0,0.0,0.0,0.0,600.9203902179065,0.0,0.0,0.0,0.0,0.0,-2.5903856560883587,0.0,0.0,0.0,0.0,0.0,0.0,0.0,0.0,0.0,0.0,0.0,0.0,0.0,0.0,0.0,0.0,0.0,0.0,-0.02072308524870687,0.0,0.0,1.0361542624353435,219.94595153428207,0.0,0.0,0.0,0.0,317.2184824605688,0.0,0.0,0.0,1.7842576399136818,0.5180771312176717,0.0,0.0,0.0,0.02072308524870687,0.0,20.72308524870687,0.0,4.144617049741374,0.14802203749076334,70.66572069809042,-0.015542313936530152,371.63718302122095,0.4144617049741374,-0.10361542624352432,-70.66572069809042,6.216925574612061,-0.02072308524870687,10.956574883125048,174.11477796546404,0.0051807713121767174,0.14802203749076334,-32.869724649375144,-11.113642973138166,-0.4144617049741374,-277.26751803876016,-0.02072308524870687,0.0051807713121767174,-70.66572069809042,670.5813231896319,0.02072308524870687,0.02072308524870687,-600.8768717388842,-7.7917324077701835,-340.77017483872527,-0.015542313936530152,6.216925574612061,0.02072308524870687,6.216925574612062,-10.361542624353435,-0.010361542624353435,165.2811940906059,-2.093031610119394,-0.015542313936530152,-0.02072308524870687,0.0,0.02072308524870687,2.072308524870687,-0.4144617049741374,0.0,0.0,-2.072308524870664,277.26751803876016,0.0,4.144617049741374,0.031084627873060305,883.9356709512618,2.072308524870687,-117.90261445749688,174.11477796546404,-4.144617049741374,0.010361542624353435,0.20723085248706868,5.478287441562523,605.0650072676478,-0.02072308524870687,-605.5830843988656,600.8768717388842,6.424156427099129,0.02072308524870687,11.113642973138166,-519.2619389977455,174.11477796546404,-0.02072308524870687,-0.0051807713121767174,-174.11477796546404,-0.02072308524870687,-548.4219584566981,0.02072308524870687,-0.0051807713121767174,-0.0051807713121767174,-0.0051807713121767174,8.289234099482748,10.361542624353435,0.20723085248706868,15.353215783636983,-0.0051807713121767174,0.0,1.0361542624353435,275.2471334907844,0.02072308524870687,0.010361542624353435,0.010361542624353435,-69.47954372268168,0.0,0.02072308524870687,0.0,0.20723085248706868,0.02072308524870687,-15.353215783636983,0.02072308524870687,0.08289234099481746,0.10361542624352432,0.010361542624353435,0.0051807713121767174,6.216925574612061,-0.02072308524870687,340.77017483872527,0.2072308524870687,-30.706431567273967,371.11910589000325,-2.072308524870687,4.144617049741374,1.0361542624353435,-0.02072308524870687,32.869724649375144,0.031084627873060305,-0.02072308524870687,138.95908744536337,0.0,611.0939279391201,0.010361542624353435,-550.4942669815688,-0.02072308524870687,-0.02072308524870687,-0.02072308524870687,0.010361542624353435,70.66572069809042,-4.144617049741374,0.02072308524870687,10.956574883125047,-0.0051807713121767174,7.7917324077701835,-10.956574883125047,3.1084627873060304,2.093031610119394,-853.8714002564576,70.66572069809042,-0.015542313936530152,605.5830843988656,-605.0650072676478,0.02072308524870687,-0.0051807713121767174,1.0361542624353435,20.72308524870687,-0.010361542624353435,-0.02072308524870687,0.0051807713121767174,1000.0,0.0,-883.9460324938862,0.0,702.8237635914338,0.0,216.03003297702594,108.58462948585097,668.5090146647613,1000.0,-766.8004389693165,-4.144617049741374,0.0,-500.0,-351.4118817957169,383.40021948465824,-668.5090146647613,-54.292314742925484,-600.9203902179065,-280.02203420559294,0.0,4.144617049741374,-280.02203420559294,-216.03003297702594,366.60983172495037,0.0,1496.5981,bhi
232,0.0,0.0,0.0,0.0,0.0,0.0,0.0,0.0,-0.014715671507660906,0.0,0.0,0.0,0.0,0.0,0.0,0.0,0.0,0.0,0.0,308.82685041743844,0.0,0.0,0.0,75.77097831507433,0.0,0.0,0.0,0.0,0.0,-99.24230391509923,0.0,0.0,360.5797630757295,0.0,0.0,0.0,0.0,515.1536734279379,0.0,-1000.0,1000.0,0.0,-140.8764228807255,0.0,0.0,0.0,0.0,0.0,-41.63411896562627,0.0,0.0,0.0,0.0,0.016187238658668925,0.0,0.0,0.0,2.943134301532181,0.0,0.0,121.63005245276999,0.0,103.67693321342368,-221.01479714208764,0.0,0.0,0.0,0.0,0.0,0.0,0.0,0.14715671507660907,0.0,0.0,0.0,0.0,0.0,0.0,0.0,591.8418064751896,0.0,0.0,383.69044182020974,0.0,8.829402904596545,0.0,25.847915012549326,296.64434716490086,-321.0093536699761,659.4204247551028,-0.0036789178769152265,0.0,0.0,0.0,4.414701452298273,0.0,4.414701452298273,0.0,0.0,0.0,383.69044182020974,741.5482120959782,-1000.0,0.0,0.0,-288.41797166744345,0.0,0.0,0.0,0.0,0.0,0.0,0.0,0.0,0.0,0.0,0.0,0.0,0.0,0.0,0.0,0.0,0.0,0.0,-758.3880761865286,0.0,0.0,4.414701452298273,0.0,4.561858167374882,0.0,0.0,-1000.0,273.9753272516798,726.0246727483202,-726.0246727483202,0.0,864.1060205494325,-864.1060205494325,-446.32178280828134,0.0,0.0,0.0,0.0,0.0,-356.7094201015705,0.014715671507660906,0.0,0.0,0.0,0.0,0.0,0.0,0.0,0.0,0.0,220.34515042630662,0.0,0.0,0.0,0.0,0.0,-19.680021293897653,-19.680021293897653,0.0,0.0,0.0,0.0,392.4226590775482,0.0,0.0,-19.66530562238999,0.0,0.0,0.0,0.0,-553.1041460971135,0.0,0.0,0.0,0.0,0.0,0.0,0.0,0.0,0.0,-282.8143638138631,0.0,0.0,0.0,0.0,298.3496935864695,0.0,0.0,0.0,0.0,0.0,0.0,140.8764228807255,538.1142234492984,-538.1142234492984,446.32178280828134,0.0,0.0,0.0,0.0,0.0,0.0,900.7576960849008,-1000.0,0.0,0.0,0.0,0.0,0.0,0.0,0.0,0.0,0.0,0.0,0.0,0.0,0.0,87.79918623262715,-211.8414788068592,0.0,0.0,0.0,0.0,0.0,-446.32178280828134,0.0,0.0,0.0,0.0,121.63005245276999,0.0,0.0,0.0,0.0,0.0,0.0,0.0,0.0,0.0,0.47384462254649407,0.0,0.0,0.0,0.0,-1000.0,934.0008745292985,0.0,0.0,0.0,0.0,446.32178280828134,-982.0468807606537,0.0,0.0,0.0,-613.5598275782659,0.0,0.0,-1000.0,-1000.0,0.0,0.0,0.0,1000.0,217.10486977932226,0.0,591.9308456674623,0.0,0.0,41.056723506373935,0.0,0.0,0.0,-514.65458689895,0.0,514.65458689895,0.0,-97.23848200305338,0.0,0.0,0.0,0.0,0.0,0.0,121.63005245276999,-0.02207350726149136,0.0,0.0,0.0,0.0,0.014715671507660906,0.0,0.0,0.0,-303.2382396613143,0.0,0.0,-192.27864777829564,184.0896131352206,553.1041460971135,649.255494331321,0.0,-831.9863255983403,0.0,-288.41797166744345,0.0,0.0,0.0,-1.2670193168098458,833.2533449151501,0.0,-1000.0,-1000.0,0.0,0.0,0.0,0.0,0.0,0.0,0.0,0.0,0.0,0.0,0.0,0.0,0.0,0.0,0.0,0.0,0.0,502.56325924241526,0.0,-12.649276871553297,0.0,0.0,0.0,1000.0,0.0,0.0,356.235575479024,0.0,0.0,0.0,0.0,740.8124285205952,0.0,0.0,-259.70919717869856,-0.36789178769152264,-833.2533449151501,0.0,0.0,0.0,-19.814651685065414,0.0,-611.4328006569821,1000.0,0.0,-0.7357835753830453,446.15771272289805,0.0,0.0,0.0,-1.451056011641533,4.414701452298273,-218.7500000000002,218.7500000000002,0.0,0.0,0.0,0.0,0.0,-87.79918623262715,87.79918623262715,87.79918623262715,1000.0,0.0,0.0,0.0,0.0,0.0,900.7576960849008,0.0,0.0,-151.3658478776427,0.0,0.0,355.1592071209773,0.0,0.0,0.0,0.0,-216.25618025915742,0.0294313430153055,0.0,0.0,0.0,0.0,0.0,0.0,0.0,0.0,0.0,0.0,0.0,0.0,0.0,0.0,0.0,0.0,0.0,0.0,0.0,0.016187238658668925,0.016187238658668925,0.0,379.92998852509726,0.0,8.829402904596545,0.0,0.0,0.0,1000.0,0.0,0.0,25.847915012549326,0.0,0.0,1000.0,-1000.0,0.0,0.0,895.9953125898953,0.0,0.0,355.1592071209773,0.0,0.0,0.0,0.0,0.0,0.0,0.0,252.79602539550953,303.2382396613143,0.0,0.0,26.981021718639216,0.0,0.0,0.0,0.0,0.0,1000.0,0.0,0.0,783.7438197408426,0.0,0.0,87.79918623262715,0.0,0.0,0.0,0.0,0.0,0.0,0.0,0.0,0.0,0.0,0.0,0.0,0.0,8.829402904596545,446.32178280828134,446.32178280828134,0.0,0.0,0.0,0.0,0.0,0.0,0.0,0.0,0.0,0.0,0.14715671507660907,0.0,0.0,25.847915012549326,-25.847915012549326,0.0,140.8764228807255,0.0,0.0,4.414701452298273,-895.9953125898953,0.0,0.0,0.0,0.0,0.0,0.0,0.0,0.0,0.0,-574.8958154573515,38.33635120289807,0.0,4.414701452298273,4.414701452298273,-1.8394589384576132,-1000.0,0.0,355.1592071209773,0.0,0.0,0.0,0.0,0.0,1000.0,900.7576960849008,712.9860773872108,0.014715671507660906,0.0,0.0,0.0,19.43414646465304,0.0,0.0,0.0,0.0,0.0,0.0,0.0,0.0,0.0,0.0,0.0,0.0,0.0,0.0,0.0,0.0,0.0,0.014715671507660906,0.0,0.0,0.0,0.0,0.0,0.0,0.0,0.0,0.0,0.0,356.235575479024,0.0,0.0,-515.2125361139686,-1.103675363074568,-0.7357835753830453,0.0,0.0,0.0,0.0,0.0,0.0,0.0,0.0,0.0,0.0,0.0,0.0,446.32178280828134,553.1041460971135,0.0,0.0,-0.7152724362584877,0.0,0.0,0.0,-0.014715671507660906,0.0,0.0,0.014715671507660906,0.0,0.014715671507660906,0.0,0.0,0.0,8.829402904596545,17.953119239346307,17.953119239346307,0.0,0.0,0.0,0.0,0.0,0.0,0.0,0.0,0.0,900.7576960849008,0.0,0.0,0.0,0.0,0.0,0.0,0.0,0.0,0.0,0.0,0.0,0.0,0.0,0.0,0.0,0.0,0.0,0.0,0.0,0.0,0.0,0.02207350726149136,0.0,0.0,0.0,-4.414701452298273,0.0,0.0,0.0,0.0,0.0,-379.92998852509726,0.7357835753830453,0.0,0.0,0.0,0.0,-392.4226590775482,-0.7357835753830386,0.0,0.0,0.0,0.0,0.0,0.0,0.0,0.0,446.32178280828134,0.0,895.9953125898953,-735.0784743251949,292.1308022924701,0.0,-1000.0,-288.41797166744345,0.0,355.499791903641,0.0,-355.499791903641,0.0,-1000.0,0.0,0.7357835753830453,916.9581561057757,0.0,0.0,0.0,-203.06167790274134,0.0,0.0,0.0,0.0,0.0,0.0,0.0,0.0,0.0,526.6347218069966,-246.02770871928254,17.953119239346307,0.0,0.0,0.0,0.0,0.0,0.0,0.0,0.0,0.0,0.47384462254649407,0.0,0.0,137.2133058950384,-19.43414646465304,-1000.0,-140.8764228807255,4.414701452298273,25.847915012549326,0.0,0.0,0.0,-355.7910141662783,0.0,0.0,0.016187238658668925,0.0,0.0,0.0,8.976559619673154,0.0,0.0,0.0,0.0,-211.8414788068592,0.0,0.0,0.0,0.0,0.0,0.0,0.0,0.0,0.0,0.0,0.0014715671507661327,0.0014715671507661327,0.0,0.0,0.0,0.0,0.0,0.0,0.0,0.0,0.0,0.0,0.0,0.0,0.0,0.0,0.0,379.92998852509726,0.0,0.0,0.0,0.0,0.0,0.0,0.0,0.0,0.0,0.0,0.0,51.69583002509865,1000.0,0.0,0.0,0.0,0.0,0.0,8.829402904596545,0.0,0.0,0.0,0.0,0.0,0.0,-8.829402904596545,0.0,51.69583002509865,0.0,0.0,0.0,0.0,0.0,0.0,0.0,0.0,0.0,0.0,-712.9860773872108,-1000.0,10.080234982747722,-4.414701452298273,0.0,0.0,515.1536734279379,0.0,0.0,0.0,0.0,0.0,0.0,0.0,0.0,0.0,0.0,0.0,0.0,0.0,0.0,0.0,0.0,0.0,-1.8394589384576132,446.32178280828134,-741.9161038836697,244.92403335620827,0.0,0.0,0.0,0.0,0.0,-0.18394589384576135,0.0,151.3658478776427,0.0,0.0,0.0,0.0,0.0,0.0,0.0,1000.0,4.414701452298273,4.414701452298273,0.0,0.0,0.0,0.0,591.8418064751896,0.016187238658668925,379.92998852509726,0.0,0.0,-515.1536734279379,0.0,0.0,0.0,0.0,0.0,0.0,0.0,0.0,0.0,0.0,0.0,0.0,0.0,0.0,0.0,0.0,0.0,0.0,0.0,15.451455083043955,0.0,0.0,26.981021718639216,0.0,0.0,0.0,379.92998852509726,0.0,0.0,0.0,0.0,0.0,-1.8394589384576132,0.0,0.0,0.0,0.0,0.0,0.0,0.0,0.0,0.0,0.0,0.0,0.0,0.0,0.0,0.0,0.0,0.0,0.0,-0.014715671507660906,0.0,0.0,0.7357835753830453,-1000.0,0.0,0.0,0.0,0.0,446.32178280828134,0.0,0.0,0.0,1.2670193168098458,0.36789178769152264,0.0,0.0,0.0,0.014715671507660906,0.0,14.715671507660906,-4.561858167374882,2.943134301532181,0.10511193934043504,41.056723506373935,-0.01103675363074568,871.1419978356806,0.29431343015321815,-0.07357835753839481,-41.056723506373935,4.414701452298272,-0.014715671507660906,96.13932388914782,355.1592071209773,0.0036789178769152265,0.10511193934043504,-288.41797166744345,-28.19064991656876,-0.29431343015321815,-308.82685041743844,-0.014715671507660906,0.0036789178769152265,-41.056723506373935,304.3696339265732,0.014715671507660906,0.014715671507660906,-379.8990856149309,-25.831727773890897,0.0,-0.01103675363074568,4.414701452298273,0.014715671507660906,4.414701452298273,-7.357835753830454,-0.007357835753830453,356.49079290858026,444.83549998600756,-0.01103675363074568,-0.014715671507660906,-4.561858167374882,0.014715671507660906,1.4715671507660906,-0.29431343015321815,0.0,0.0,-1.4715671507660772,308.82685041743844,0.0,2.943134301532181,0.02207350726149136,-1000.0,1.4715671507660906,-252.79602539550953,355.1592071209773,-2.943134301532181,0.007357835753830453,0.14715671507660907,48.06966194457391,295.07393659400225,-0.014715671507660906,-383.24101461432093,379.8990856149309,4.561858167374882,0.014715671507660906,28.19064991656876,34.60233453597742,355.1592071209773,-0.014715671507660906,-0.0036789178769152265,-355.1592071209773,-0.014715671507660906,-216.25618025915742,0.014715671507660906,-0.0036789178769152265,-0.0036789178769152265,-0.0036789178769152265,5.886268603064362,7.357835753830454,0.14715671507660907,340.60164875215867,-0.0036789178769152265,0.0,0.7357835753830453,108.86387370496175,0.014715671507660906,0.007357835753830453,0.007357835753830453,179.05117071125474,4.561858167374882,0.014715671507660906,-4.561858167374882,0.14715671507660907,0.014715671507660906,-1000.0,0.014715671507660906,0.05886268603069311,0.07357835753839481,0.007357835753830453,0.0036789178769152265,4.414701452298273,-0.014715671507660906,0.0,0.14715671507660907,-681.2032975043173,870.7741060479891,-1.4715671507660906,2.943134301532181,0.7357835753830453,-0.014715671507660906,288.41797166744345,0.02207350726149136,-0.014715671507660906,-358.1023414225095,4.561858167374882,493.2265118464933,0.007357835753830453,-217.7277474099235,-0.014715671507660906,-0.014715671507660906,-0.014715671507660906,0.007357835753830453,41.056723506373935,-2.943134301532181,0.014715671507660906,96.13932388914782,-0.0036789178769152265,25.831727773890897,-96.13932388914782,2.207350726149136,-444.83549998600756,724.9750842573003,41.056723506373935,-0.01103675363074568,383.24101461432093,-295.07393659400225,0.014715671507660906,-0.0036789178769152265,0.7357835753830453,14.715671507660906,-0.007357835753830453,-0.014715671507660906,0.0036789178769152265,1000.0,0.0,123.46734762982113,659.3983512478413,1000.0,0.0,-92.8683280052212,-649.3229510834925,302.89806677580714,-187.04746310826044,-714.5251626340887,997.0568656984678,-876.525294534425,93.52373155413022,-500.0,357.26258131704435,-302.89806677580714,324.66147554174626,-379.92998852509726,-137.435497680215,876.525294534425,-997.0568656984678,-137.435497680215,92.8683280052212,-64.47111484598236,0.0,1496.5981,bhi
233,0.0,0.0,0.0,0.0,0.0,0.0,0.0,0.0,-0.03896233048102908,0.0,0.0,0.0,0.0,0.0,0.0,0.0,0.0,0.0,0.0,41.6793938652022,0.0,0.0,0.0,0.0,0.0,0.0,0.0,0.0,0.0,112.14071819334663,0.0,0.0,242.34511541572425,0.0,0.0,0.0,0.0,806.7315061002068,0.0,-1000.0,540.1774660587657,0.0,0.0,-273.6675041774498,0.0,0.0,632.1042861609685,0.0,-736.3202540543883,0.0,0.0,-968.6418620341166,0.0,0.04285856352917052,0.0,0.0,0.0,211.27257549061184,0.0,0.0,111.17419708901829,0.0,7.037045959434778,-225.60519593169454,0.0,0.0,0.0,0.0,111.66603915862936,-111.66603915862936,0.0,0.38962330481029084,0.0,0.0,0.0,0.0,0.0,0.0,0.0,0.0,0.0,0.0,-73.09399846965466,0.0,23.37739828861745,0.0,0.0,138.3306906193901,397.1796035542669,853.1217586570979,-0.00974058262025727,0.0,0.0,0.0,11.688699144308725,0.0,459.8225339412342,-1.254587041491419,0.0,0.0,0.0,1.9481165240514542,110.18425759029071,0.0,0.0,-227.5363485944969,0.0,0.0,0.0,0.0,0.0,0.0,0.0,0.0,0.0,0.0,0.0,0.0,0.0,0.0,0.0,0.0,0.0,0.0,-626.3697761974065,0.0,0.0,459.8225339412342,0.0,12.078322449119018,0.0,0.0,0.0,0.0,0.0,0.0,-343.8164389801476,0.0,0.0,0.0,0.0,0.0,0.0,0.0,0.0,76.0940979166939,0.03896233048102908,0.0,0.0,0.0,0.0,0.0,0.0,0.0,73.09399846965466,0.0,379.28194027160004,0.0,0.0,0.0,0.0,0.0,-119.25696955990743,-119.25696955990743,0.0,0.0,0.0,0.0,362.69665481918275,0.0,0.0,-119.2180072294264,0.0,0.0,0.0,-1000.0,0.0,0.0,0.0,0.0,0.0,0.0,0.0,0.0,0.0,0.0,-1000.0,0.0,0.0,0.0,0.0,-1000.0,0.0,0.0,0.0,0.0,0.0,0.0,968.6418620341166,-397.1796035542669,397.1796035542669,0.0,0.0,0.0,0.0,0.0,0.0,0.0,1.9564606030559162,-402.02840007463925,0.0,0.0,0.0,0.0,0.0,0.0,0.0,0.0,0.0,0.0,0.0,0.0,0.0,0.0,247.09495216796466,-344.4623261730749,0.0,0.0,0.0,343.8164389801476,266.86809384995337,0.0,0.0,0.0,0.0,111.17419708901829,-70.79482199562511,0.0,0.0,0.0,0.0,0.0,0.0,0.0,0.0,0.0,0.0,448.1338347969255,0.0,205.64079289146616,1000.0,-26.527304955148566,0.0,344.4623261730749,0.0,0.0,343.8164389801476,-6.974257156104206,0.0,0.0,0.0,-119.51046350189085,0.0,0.0,-205.6401130544204,-14.273984437232684,0.0,-1000.0,808.6338713828122,-794.3598869455795,0.0,0.0,-726.1525082881833,0.0,0.0,-158.1631918078822,0.0,0.0,0.0,0.0,0.0,0.0,0.0,512.8083542705801,0.0,343.8164389801476,0.0,0.0,0.0,0.0,111.17419708901829,-0.058443495721543615,0.0,0.0,0.0,0.0,0.03896233048102908,0.0,0.0,0.0,273.30937220881236,0.0,0.0,-370.534353989999,366.1522653883612,0.0,1000.0,0.0,0.0,0.0,-227.5363485944969,0.0,0.0,0.0,-3.354656654416642,35.47375450239558,-32.119097847978935,-411.8349201531903,-1000.0,0.0,0.0,0.0,0.0,0.0,0.0,0.0,0.0,0.0,0.0,0.0,0.0,0.0,0.0,0.0,0.0,0.0,-193.11264457786663,0.0,-1000.0,73.09399846965466,0.0,0.0,47.246983569414205,622.2255947751332,0.0,-76.0940979166939,0.0,0.0,0.0,0.0,0.0,0.0,0.0,-258.59405045569616,-222.9187035831307,-147.13979366102495,0.0,925.2429578455309,0.0,-20.34368014472672,0.0,233.0224421469376,0.0,221.94464532110499,-927.1910743695823,0.0,0.0,-785.2847279622355,535.0491334177834,74.28279579232725,459.8225339412342,0.0,0.0,0.0,229.52937571465392,0.0,0.0,231.9360816989729,231.93608169897294,-231.93608169897294,-231.93608169897294,771.1418025795585,0.0,0.0,0.0,0.0,0.0,1.9564606030559162,0.0,0.0,-121.46804480211101,0.0,0.0,0.0,0.0,0.0,0.0,0.0,-212.72758177326955,0.07792466096204266,0.0,0.0,0.0,0.0,0.0,0.0,0.0,0.0,0.0,0.0,0.0,0.0,0.0,0.0,0.0,0.0,0.0,0.0,0.0,0.04285856352917052,0.04285856352917052,0.0,438.20139874094514,0.0,23.37739828861745,0.0,0.0,0.0,1000.0,0.0,0.0,0.0,0.0,0.0,790.6151649162853,-1000.0,0.0,0.0,0.0,0.0,0.0,0.0,0.0,0.0,0.0,0.0,0.0,0.0,0.0,208.7899253991355,-273.30937220881236,0.0,0.0,3.0000994470392395,0.0,470.9895700124988,-470.9895700124988,-737.8576638624522,0.0,790.6151649162853,0.0,577.8875831430157,0.0,0.0,0.0,0.0,0.0,0.0,0.0,0.0,0.0,0.0,0.0,0.0,0.0,0.0,0.0,0.0,0.0,23.37739828861745,343.8164389801476,343.8164389801476,0.0,0.0,0.0,0.0,0.0,0.0,0.0,0.0,0.0,0.0,0.38962330481029084,0.0,0.0,0.0,0.0,0.0,968.6418620341166,0.0,0.0,459.8225339412342,0.0,0.0,0.0,0.0,0.0,0.0,0.0,0.0,0.0,0.0,0.0,0.0,0.0,11.688699144308725,11.688699144308725,1000.0,-1000.0,0.0,0.0,0.0,0.0,0.0,0.0,0.0,-698.3493374371004,1.9564606030559162,-580.3083054072526,0.03896233048102908,0.0,0.0,0.0,51.455323447410485,0.0,0.0,0.0,0.0,0.0,0.0,0.0,0.0,0.0,0.0,0.0,0.0,0.0,0.0,0.0,0.0,0.0,0.03896233048102908,0.0,0.0,0.0,0.0,0.0,0.0,0.0,0.0,0.0,0.0,0.0,0.0,0.0,-882.9814533388274,-2.922174786077181,-1.948116524051454,0.0,0.0,0.0,0.0,0.0,0.0,0.0,0.0,0.0,0.0,0.0,0.0,343.8164389801476,0.0,0.0,0.0,-709.0538156458567,0.0,0.0,0.0,-0.03896233048102908,0.0,0.0,0.03896233048102908,0.0,0.03896233048102908,0.0,0.0,0.0,23.37739828861745,47.53404318685548,47.53404318685548,0.0,0.0,0.0,0.0,0.0,0.0,0.0,0.0,0.0,1.9564606030559162,0.0,0.0,0.0,0.0,0.0,0.0,0.0,0.0,0.0,0.0,0.0,0.0,0.0,0.0,0.0,0.0,0.0,266.86809384995337,0.0,0.0,0.0,0.058443495721543615,0.0,0.0,0.0,-459.8225339412342,0.0,0.0,0.0,0.0,0.0,-438.20139874094514,1.9481165240514542,0.0,0.0,0.0,0.0,-362.69665481918275,-3.202703565542873,0.0,0.0,0.0,0.0,0.0,0.0,0.0,0.0,343.8164389801476,0.0,0.0,-313.08187557671545,438.20139874094514,0.0,602.8418912354896,-227.5363485944969,76.0940979166939,-79.29680148223677,0.0,3.202703565542873,73.09399846965466,-54.508300342959686,0.0,1.948116524051454,848.5690063524321,0.0,0.0,0.0,-121.46804480211101,0.0,0.0,0.0,0.0,0.0,0.0,0.0,0.0,0.0,994.1556504278456,0.0,47.53404318685548,0.0,0.0,0.0,0.0,0.0,0.0,0.0,0.0,0.0,0.0,0.0,0.0,446.9679230991767,-51.455323447410485,234.44182158424698,0.0,11.688699144308725,0.0,0.0,0.0,0.0,-138.44831337938217,0.0,0.0,0.04285856352917052,0.0,0.0,0.0,23.767021593427742,0.0,0.0,0.0,0.0,247.09495216796466,0.0,0.0,0.0,0.0,0.0,0.0,0.0,0.0,-390.0302207069097,0.0,520.5767585226165,0.003896233048102908,0.0,0.0,0.0,0.0,0.0,0.0,0.0,0.0,0.0,0.0,0.0,0.0,0.0,0.0,0.0,438.20139874094514,0.0,0.0,0.0,0.0,0.0,0.0,0.0,0.0,0.0,0.0,0.0,0.0,0.0,-452.15150644325286,0.0,0.0,0.0,0.0,23.37739828861745,0.0,0.0,0.0,0.0,0.0,0.0,-23.37739828861745,0.0,0.0,0.0,0.0,0.0,0.0,0.0,0.0,0.0,0.0,0.0,0.0,580.3083054072526,-1000.0,26.689196379504917,0.0,-459.8225339412342,0.0,806.7315061002068,0.0,0.0,0.0,0.0,0.0,0.0,0.0,0.0,0.0,328.125,0.0,-328.12499999999994,-328.12499999999994,0.0,0.0,0.0,0.0,-4.870291310128636,343.8164389801476,-2.922174786077181,-2.9221747860771643,0.0,0.0,0.0,0.0,0.0,-531.7370291310029,531.2499999999901,194.56204327176567,0.0,0.0,0.0,0.0,0.0,0.0,0.0,1000.0,11.688699144308725,11.688699144308725,0.0,0.0,0.0,0.0,0.0,0.04285856352917052,438.20139874094514,0.0,0.0,-806.7315061002068,520.5728622895684,0.0,0.0,0.0,0.0,0.0,0.0,0.0,0.0,0.0,0.0,0.0,0.0,0.0,0.0,0.0,0.0,0.0,0.0,40.910447005080535,0.0,0.0,3.0000994470392395,0.0,0.0,0.0,438.20139874094514,0.0,0.0,0.0,0.0,0.0,-4.870291310128636,0.0,0.0,0.0,0.0,0.0,0.0,0.0,0.0,0.0,0.0,0.0,0.0,0.0,0.0,0.0,0.0,0.0,0.0,-0.03896233048102908,0.0,0.0,1.9481165240514542,-790.6151649162853,0.0,0.0,0.0,0.0,343.8164389801476,0.0,0.0,0.0,3.354656654416642,0.974058262025727,0.0,0.0,0.0,0.03896233048102908,0.0,38.96233048102908,-12.078322449119018,7.792466096205817,0.27830236057877916,108.70490204207115,-0.029221747860771807,25.571608308758556,0.7792466096205817,-0.1948116524076795,-108.70490204207115,11.688699144308725,-0.03896233048102908,75.84544953149897,0.0,0.00974058262025727,0.27830236057877916,-227.5363485944969,-6.202803012582109,-0.7792466096205817,-41.6793938652022,-0.03896233048102908,0.00974058262025727,-108.70490204207115,3.896233048102908,0.03896233048102908,0.03896233048102908,-438.11957784693493,0.04285856352908013,0.0,-0.029221747860771807,11.688699144308725,0.03896233048102908,459.8225339412342,428.65266955641096,-0.01948116524051454,75.79075691739376,-270.8032892285373,-0.029221747860771807,-0.03896233048102908,-12.078322449119018,0.03896233048102908,3.896233048102908,-0.7792466096205817,266.86809384995337,266.86809384995337,-3.896233048102908,41.6793938652022,-266.86809384995337,7.792466096205816,0.058443495721543615,-1000.0,3.896233048102908,-208.7899253991355,0.0,-7.792466096205816,0.01948116524051454,0.38962330481029084,92.63358849749974,445.99386483715097,-0.03896233048102908,-446.9679230991767,438.11957784693493,12.078322449119018,0.03896233048102908,6.202803012582109,-494.88863137416024,0.0,-0.03896233048102908,-0.00974058262025727,0.0,-0.03896233048102908,-212.72758177326955,0.03896233048108577,-0.00974058262025727,-0.00974058262025727,-0.00974058262025727,15.584932192411632,-428.65266955641096,0.38962330481029084,352.57747773008987,-0.00974058262025727,109.42172746350052,1.948116524051454,108.31190741068623,0.03896233048102908,0.01948116524051454,0.01948116524051454,-168.0119864419709,12.078322449119018,0.03896233048102908,-12.078322449119018,0.38962330481029084,0.03896233048102908,-1000.0,0.03896233048102908,0.15584932192659356,0.1948116524076795,0.01948116524051454,0.00974058262025727,11.688699144308725,-0.03896233048102908,0.0,0.38962330481029084,-705.1549554601797,24.597550046732835,-3.896233048102908,7.792466096205816,1.948116524051454,-0.03896233048102908,227.5363485944969,0.058443495721543615,-0.03896233048102908,336.0239728839418,12.078322449119018,252.14171437146,0.01948116524051454,-216.62381482137246,-0.03896233048102908,-0.03896233048108577,-0.03896233048102908,0.01948116524051454,108.70490204207115,-7.792466096205816,0.03896233048102908,185.2671769949995,-0.00974058262025727,-0.04285856352908013,-185.2671769949995,5.8443495721543615,270.8032892285373,449.0340900658794,108.70490204207115,-0.029221747860771807,446.9679230991767,-445.99386483715097,0.03896233048102908,-0.009740582620257269,1.948116524051454,38.96233048102908,-0.01948116524051454,-0.03896233048102908,0.00974058262025727,1000.0,0.0,146.85876017766162,647.4225222699101,444.8001036739909,203.480109394406,533.8400062452176,-470.74253151385193,0.0,1000.0,-780.9272957959214,-610.6343573316954,-853.1217586570979,-500.0,-222.40005183699546,390.4636478979607,0.0,235.37126575692596,-438.20139874094514,-113.69340099207784,853.1217586570979,610.6343573316954,-113.69340099207784,-533.8400062452176,512.4162022856375,-203.480109394406,1496.5981,bhi
234,0.0,0.0,0.0,0.0,0.0,0.0,0.0,0.0,-0.028659230605474793,0.0,0.0,0.0,0.0,0.0,0.0,0.0,416.17249290504435,929.9632275211944,0.0,-1000.0,0.0,0.0,0.0,0.0,0.0,0.0,0.0,0.0,0.0,-29.78627975748759,0.0,0.0,419.09874146971106,0.0,0.0,0.0,0.0,-179.43196692556458,0.0,-71.19763845942634,1000.0,0.0,0.0,-769.8292231983334,0.0,0.0,0.0,0.0,-616.5569899492234,-551.6032762802407,0.0,0.0,0.0,0.03152515366599971,0.0,0.0,0.0,5.731846121094959,0.0,0.0,16.524393165435328,0.0,0.0,-40.62055505683707,0.0,0.0,0.0,0.0,0.0,0.0,0.0,0.28659230605474795,0.0,0.0,0.0,0.0,0.0,0.0,0.0,210.1349947668306,0.0,0.0,-155.36446426476832,0.0,17.195538363284875,0.0,0.0,949.0220027652256,-101.37008439212562,-416.12950405913614,-0.007164807651368699,0.0,0.0,0.0,8.597769181642438,0.0,8.597769181642438,0.0,0.0,0.0,0.0,1.4329615302737397,-1000.0,0.0,0.0,-73.51273022439955,0.0,390.5674560981963,0.0,0.0,0.0,0.0,0.0,0.0,0.0,0.0,0.0,0.0,0.0,0.0,0.0,0.0,0.0,0.0,-118.54785348689242,0.0,0.0,8.597769181642438,0.0,8.884361487697186,8.884361487697186,0.0,0.0,-807.4066132206515,807.4066132206515,-807.4066132206515,-57.1449482222724,0.0,0.0,0.0,0.0,0.0,0.0,0.0,0.0,157.57122502138986,0.028659230605474793,0.0,0.0,0.0,0.0,-78.09285963106174,0.0,0.0,155.36446426476832,0.0,352.2676925308576,0.0,0.0,0.0,0.0,0.0,-327.1115387772412,-327.1115387772412,0.0,0.0,0.0,0.0,119.10328779682332,0.0,0.0,-327.08287954663575,0.0,0.0,0.0,-721.6620539420445,0.0,0.0,0.0,0.0,0.0,0.0,0.0,0.0,0.0,0.0,0.0,0.0,0.0,0.0,0.0,-1000.0,0.0,0.0,0.0,0.0,0.0,551.6032762802407,0.0,667.5349871839978,-667.5349871839978,57.1449482222724,0.0,0.0,0.0,0.0,0.0,0.0,970.2137202425124,-45.590557572423776,0.0,0.0,0.0,0.0,0.0,0.0,0.0,0.0,0.0,0.0,0.0,0.0,0.0,827.4724189500347,-12.386519467686167,230.17077680166665,0.0,0.0,0.0,0.0,-57.1449482222724,0.0,0.0,0.0,0.0,16.524393165435328,1000.0,0.0,0.0,0.0,0.0,0.0,0.0,0.0,0.0,0.9228272254962491,0.0,0.0,0.0,0.0,-768.9050715761234,1000.0,0.0,-230.17077680166665,0.0,0.0,57.1449482222724,822.0921283122024,0.0,0.0,0.0,-231.24191084641495,0.0,0.0,0.0,0.0,825.1821784887671,-825.1821784887669,825.1821784887671,0.0,566.1649027918722,0.0,265.0332018891898,551.6032762802407,0.0,97.72797636466903,0.0,0.0,0.0,-100.82890511618136,0.0,100.82890511618136,0.0,-327.14019800784666,0.0,0.0,0.0,0.0,0.0,0.0,16.524393165435328,-0.04298884590821219,0.0,0.0,0.0,0.0,0.028659230605474793,0.0,0.0,0.0,990.4794035928613,416.17249290504435,0.0,-49.00848681626636,583.4988542555437,0.0,955.4499032902295,0.0,-949.6285362878175,0.0,-73.51273022439955,0.0,0.0,0.0,-2.467559755131357,0.0,952.0960960429488,-1000.0,-1000.0,0.0,0.0,0.0,0.0,0.0,0.0,0.0,0.0,0.0,0.0,0.0,0.0,0.0,0.0,0.0,0.0,0.0,-408.92706874403063,0.0,-229.60973874088796,155.36446426476832,0.0,0.0,0.0,0.0,0.0,-158.4940522468861,0.0,0.0,0.0,0.0,0.0,208.0822809813518,0.0,786.9023536626901,0.0,-208.0822809813518,0.0,0.0,0.0,-990.6857500532207,0.0,-788.3353151929638,0.0,-0.7164807651368699,-1.4329615302737397,0.0,0.0,998.5670384697263,0.0,0.0,8.597769181642438,-156.25000000000014,156.25000000000014,0.0,0.0,0.0,0.0,0.0,-827.4724189500347,827.4724189500347,827.4724189500347,631.2675133539836,0.0,0.0,0.0,0.0,0.0,970.2137202425124,0.0,0.0,-24.096161891401742,0.0,0.0,53.14786589141292,0.0,0.0,0.0,0.0,-99.07714828039035,0.05731846121094327,0.0,0.0,0.0,0.0,0.0,0.0,0.0,0.0,0.0,0.0,0.0,0.0,0.0,0.0,0.0,0.0,0.0,0.0,0.0,0.03152515366599971,0.03152515366599971,0.0,597.053650493848,0.0,17.195538363284875,0.0,0.0,0.0,1000.0,0.0,0.0,0.0,0.0,0.0,388.2453650885549,-1000.0,0.0,0.0,0.0,0.0,0.0,53.14786589141292,0.0,0.0,0.0,0.0,0.0,0.0,0.0,39.515951162297476,-990.4794035928613,78.09285963106174,0.0,2.2067607566215592,0.0,0.0,0.0,0.0,0.0,388.2453650885549,0.0,289.1682168081645,0.0,0.0,0.0,827.4724189500347,0.0,0.0,0.0,0.0,0.0,0.0,0.0,0.0,0.0,0.0,0.0,0.0,0.0,17.195538363284875,57.1449482222724,57.1449482222724,0.0,0.0,0.0,0.0,0.0,0.0,0.0,0.0,0.0,0.0,0.28659230605474795,0.0,0.0,0.0,0.0,0.0,0.0,0.0,0.0,8.597769181642438,0.0,0.0,0.0,0.0,0.0,0.0,0.0,0.0,0.0,0.0,1000.0,-548.3025713027492,0.0,8.597769181642438,8.597769181642438,1000.0,-1000.0,0.0,53.14786589141292,0.0,0.0,0.0,0.0,0.0,1000.0,970.2137202425124,812.9897072667117,0.028659230605474793,0.0,0.0,0.0,2.311162239541503,0.0,0.0,0.0,0.0,0.0,0.0,0.0,0.0,0.0,0.0,0.0,0.0,0.0,0.0,0.0,0.0,0.0,0.028659230605474793,0.0,0.0,0.0,93.65160897283533,-93.65160897283533,0.0,0.0,0.0,0.0,-158.4940522468861,0.0,0.0,0.0,179.31733000314267,-2.14944229541061,-1.4329615302737397,0.0,0.0,0.0,0.0,0.0,0.0,0.0,0.0,0.0,0.0,0.0,0.0,57.1449482222724,0.0,0.0,0.0,1000.0,0.0,0.0,0.0,-0.028659230605474793,0.0,0.0,0.028659230605474793,0.0,0.028659230605474793,0.0,0.0,0.0,17.195538363284875,34.96426133867925,34.96426133867925,0.0,0.0,0.0,0.0,0.0,0.0,0.0,78.09285963106174,0.0,970.2137202425124,0.0,0.0,0.0,0.0,0.0,0.0,0.0,0.0,0.0,0.0,0.0,0.0,0.0,0.0,0.0,0.0,0.0,0.0,0.0,0.0,0.0,0.04298884590821219,0.0,0.0,0.0,-8.597769181642438,0.0,0.0,0.0,0.0,0.0,-597.053650493848,1.4329615302737397,0.0,0.0,0.0,0.0,-119.10328779682332,198.50193389638474,0.0,0.0,0.0,0.0,0.0,0.0,0.0,0.0,57.1449482222724,0.0,0.0,-438.00975718906386,-230.41876845618674,0.0,957.9918462532605,-73.51273022439955,0.0,198.50193389638474,0.0,-198.50193389638474,155.36446426476832,787.1278669735232,0.0,1.4329615302737397,1000.0,0.0,161.27171456531727,0.0,-24.096161891401742,0.0,0.0,0.0,0.0,0.0,0.0,0.0,0.0,0.0,599.2030927892586,-603.5019773800798,34.96426133867925,0.0,0.0,0.0,0.0,0.0,0.0,0.0,0.0,0.0,0.9228272254962491,0.0,0.0,0.0,-2.311162239541503,-67.78853495589641,0.0,8.597769181642438,0.0,0.0,0.0,0.0,-154.5737151387262,0.0,0.0,0.03152515366599971,0.0,0.0,0.0,17.482130669339625,0.0,0.0,0.0,0.0,-12.386519467686167,0.0,0.0,0.0,0.0,0.0,0.0,0.0,0.0,-1000.0,0.0,0.0028659230605475616,0.0028659230605475616,0.0,0.0,0.0,0.0,0.0,0.0,0.0,0.0,0.0,0.0,0.0,0.0,0.0,0.0,0.0,597.053650493848,0.0,0.0,0.0,0.0,0.0,0.0,0.0,551.6032762802407,0.0,0.0,0.0,0.0,-1000.0,480.8211977500551,929.9632275211944,0.0,0.0,0.0,17.195538363284875,0.0,0.0,0.0,0.0,0.0,0.0,-17.195538363284875,0.0,0.0,0.0,0.0,0.0,0.0,0.0,0.0,0.0,0.0,0.0,0.0,-845.105733185396,-1000.0,19.631572964750234,0.0,-8.597769181642438,0.0,-179.43196692556458,0.0,0.0,0.0,0.0,0.0,0.0,0.0,0.0,0.0,0.0,0.0,0.0,0.0,0.0,0.0,0.0,0.0,-3.5824038256843496,57.1449482222724,-2.14944229541061,601.3525350846692,0.0,0.0,0.0,0.0,0.0,-0.35824038256843493,0.0,179.46062615617006,0.0,0.0,0.0,0.0,0.0,0.0,0.0,967.8839740813156,8.597769181642438,8.597769181642438,0.0,0.0,0.0,0.0,210.1349947668306,0.03152515366599971,597.053650493848,0.0,0.0,179.43196692556458,0.0,0.0,0.0,0.0,0.0,0.0,0.0,0.0,0.0,0.0,0.0,0.0,0.0,0.0,0.0,0.0,0.0,8.884361487697186,0.0,30.092192135748533,2.2067607566215592,0.0,0.0,0.0,0.0,0.0,597.053650493848,0.0,-199.93489542665844,0.0,0.0,0.0,-3.5824038256843496,0.0,0.0,0.0,0.0,0.0,0.0,0.0,0.0,0.0,0.0,0.0,0.0,0.0,0.0,0.0,0.0,0.0,0.0,-0.028659230605474793,0.0,0.0,1.4329615302737397,-388.2453650885549,0.0,0.0,0.0,0.0,57.1449482222724,0.0,0.0,0.0,2.467559755131357,0.7164807651368699,0.0,0.0,0.0,0.028659230605474793,0.0,28.659230605474793,0.0,5.731846121094959,0.20470879003910566,97.72797636466903,-0.021494422954106095,1.4329615302737397,0.5731846121094959,-0.14329615302739285,-97.72797636466903,8.597769181642438,-0.028659230605474796,24.50424340813318,53.14786589141292,0.007164807651368699,0.20470879003910566,-73.51273022439955,-4.5625495123914845,-0.5731846121094959,-346.1357204262388,-0.028659230605474796,0.007164807651368699,-97.72797636466903,568.4180093247829,0.028659230605474796,0.028659230605474793,-596.9934661095765,0.031525153666022356,-371.1504293013023,-0.021494422954106095,8.597769181642438,0.028659230605474796,8.597769181642438,-14.329615302737396,-0.014329615302737398,165.90819721924387,54.25036593111944,-0.021494422954106095,-0.028659230605474796,0.0,0.028659230605474793,2.8659230605474875,-0.5731846121094959,0.0,0.0,-2.865923060547555,346.1357204262388,0.0,5.731846121094959,0.04298884590821219,312.28512455498094,2.8659230605474795,-39.515951162297476,53.14786589141292,-5.731846121094959,0.014329615302737398,0.28659230605474795,12.25212170406659,-224.6869223350918,-0.028659230605474793,-603.5019773800798,596.9934661095765,8.884361487697186,0.028659230605474796,4.5625495123914845,-546.7952970993923,53.14786589141292,-0.028659230605474793,-0.007164807651368699,-53.14786589141292,-0.028659230605474796,-99.07714828039035,0.028659230605285302,-0.007164807651368699,-0.007164807651368699,-0.007164807651368699,11.463692242189918,14.329615302737396,0.28659230605474795,21.23290747483118,-0.007164807651368699,0.0,1.4329615302737397,50.97153567046891,0.028659230605474793,0.014329615302737398,0.014329615302737398,29.43985600625394,0.0,0.028659230605474793,0.0,0.28659230605474795,0.028659230605474796,-21.23290747483118,0.028659230605474796,0.1146369224219086,0.14329615302739285,0.014329615302737398,0.007164807651368699,8.597769181642438,-0.028659230605474796,371.1504293013023,0.28659230605474795,-42.46581494966236,0.7164807651368699,-2.8659230605474875,5.731846121094959,1.4329615302737397,-0.028659230605474796,73.51273022439955,0.04298884590821219,-0.028659230605474796,-58.87971201250788,0.0,176.066835755509,0.014329615302737398,-101.94307134093782,-0.028659230605474796,-0.028659230605285302,-0.028659230605474803,0.014329615302737398,97.72797636466903,-5.731846121094959,0.028659230605474793,24.50424340813318,-0.007164807651368699,-0.031525153666022356,-24.50424340813318,4.298884590821219,-54.25036593111944,-1000.0,97.72797636466903,-0.021494422954106095,603.5019773800798,224.6869223350918,0.028659230605474796,-0.007164807651368697,1.4329615302737397,28.659230605474793,-0.014329615302737398,-0.028659230605474796,0.007164807651368699,1000.0,0.0,-462.3348529030197,0.0,222.38860629925063,0.0,1000.0,-493.24484069049157,565.5520862642354,1000.0,-563.486629250679,-885.6308327432937,-150.03539873273607,-500.0,-111.19430314962531,281.7433146253395,-565.5520862642354,246.62242034524579,-597.053650493848,-21.49312061678281,150.03539873273607,885.6308327432937,-21.49312061678281,-1000.0,771.9646870194224,0.0,1496.5981,bhi
235,0.0,0.0,0.0,0.0,0.0,0.0,0.0,0.0,-0.03026683134711391,0.0,0.0,0.0,0.0,0.0,0.0,0.0,-126.7892090412001,693.3465647829257,0.0,0.0,0.0,0.0,0.0,0.0,0.0,0.0,0.0,0.0,0.0,603.8571940921449,0.0,0.0,0.0,0.0,0.0,0.0,0.0,72.29980606817466,0.0,-1000.0,1000.0,0.0,-253.5784180824002,0.0,0.0,0.0,0.0,0.0,0.0,0.0,0.0,0.0,0.0,0.0332935144818407,0.0,0.0,0.0,6.053366269422782,0.0,0.0,236.12526319769617,0.0,-426.24150780514015,-1000.0,0.0,0.0,0.0,0.0,0.0,798.1015536236787,0.0,0.30266831347113915,0.0,0.0,0.0,0.0,0.0,0.0,0.0,0.0,0.0,0.0,0.0,0.0,18.160098808268348,0.0,31.17048965251982,154.61620635043397,255.68055415733636,283.0498042751554,-0.007566707836778478,0.0,0.0,0.0,9.080049404134174,0.0,211.5495796659911,-121.9136539963134,0.0,0.0,0.0,927.6831538504437,-22.783063589126982,0.0,0.0,-362.7006105809303,0.0,0.0,0.0,0.0,0.0,0.0,0.0,0.0,0.0,0.0,0.0,0.0,0.0,0.0,0.0,0.0,0.0,0.0,-483.54926109547057,0.0,0.0,211.5495796659911,0.0,9.382717717605313,9.382717717605313,0.0,-190.81254412285125,190.81254412285125,0.0,0.0,0.0,0.0,0.0,-809.8837553925559,0.0,0.0,0.0,0.0,0.0,33.501035666247596,0.03026683134711391,0.0,0.0,0.0,0.0,-476.8962217060028,0.0,0.0,0.0,0.0,622.7304038358925,0.0,0.0,0.0,0.0,0.0,686.62925320595,686.62925320595,0.0,0.0,0.0,0.0,784.3537393813612,0.0,0.0,686.6595200372972,0.0,0.0,0.0,-1000.0,-818.4510527752182,0.0,0.0,0.0,0.0,0.0,0.0,0.0,0.0,0.0,-225.6481349326381,0.0,0.0,0.0,0.0,376.35378921572135,0.0,0.0,0.0,0.0,0.0,0.0,253.5784180824002,-538.7303584324918,538.7303584324918,448.62399366353736,0.0,0.0,0.0,0.0,0.0,0.0,626.6402576812719,-421.65312880043086,0.0,0.0,0.0,0.0,0.0,0.0,0.0,0.0,0.0,0.0,0.0,0.0,0.0,0.0,-36.95541978986668,-730.6464031333451,0.0,0.0,0.0,361.2597617290186,-448.62399366353736,0.0,0.0,0.0,0.0,236.12526319769617,-730.6464031333451,0.0,0.0,0.0,0.0,0.0,0.0,0.0,0.0,0.0,0.0,202.46953026185693,0.0,0.0,540.832494507428,-130.53573399965762,0.0,730.6464031333451,0.0,0.0,809.8837553925559,640.8211647478925,0.0,0.0,0.0,-601.9170176170146,0.0,0.0,-830.0896092947355,-830.0896092947355,0.0,0.0,0.0,830.0896092947355,-283.0498042751554,0.0,0.0,0.0,0.0,103.20989489365844,0.0,0.0,0.0,-938.6017696252604,0.0,938.6017696252604,0.0,593.0875174170434,0.0,361.2597617290186,0.0,0.0,0.0,0.0,236.12526319769617,-0.045400247020670866,0.0,0.0,0.0,0.0,0.03026683134711391,0.0,0.0,0.0,-587.9033688817125,-126.7892090412001,0.0,-241.80040705395353,122.12884654897493,818.4510527752182,1000.0,0.0,0.0,0.0,-362.7006105809303,0.0,0.0,0.0,-2.6059741789865227,2.6059741789865227,0.0,-168.26830237097306,-1000.0,0.0,0.0,0.0,0.0,0.0,0.0,0.0,0.0,0.0,0.0,0.0,0.0,0.0,0.0,0.0,0.0,0.0,-927.5791266064367,0.0,-1000.0,0.0,0.0,120.93906202693587,1000.0,0.0,0.0,-33.501035666247596,0.0,0.0,0.0,0.0,926.1698122830879,-2.6059741789865227,-57.46951029613184,0.0,0.0,0.0,0.0,-386.050881776222,959.2457115911111,-1000.0,57.46951029613184,-964.5982477088996,1000.0,-0.7566707836778478,384.5375402088663,3.8195522730228446,0.0,-667.6156323241106,0.0,452.9164924683254,211.5495796659911,0.0,0.0,0.0,0.0,0.0,0.0,0.0,0.0,0.0,0.0,-388.3358349465741,0.0,0.0,0.0,0.0,0.0,626.6402576812719,0.0,0.0,-275.29224969212396,0.0,0.0,211.5495796659911,0.0,0.0,0.0,0.0,-725.4012211618606,0.060533662694248036,0.0,0.0,0.0,0.0,0.0,0.0,0.0,160.53184888007922,0.0,798.1015536236787,0.0,0.0,0.0,0.0,0.0,0.0,0.0,0.0,0.0,0.0332935144818407,0.0332935144818407,0.0,144.31014440285568,0.0,18.160098808268348,0.0,0.0,0.0,1000.0,0.0,0.0,31.17048965251982,0.0,0.0,1000.0,-1000.0,0.0,0.0,0.0,0.0,0.0,211.5495796659911,0.0,0.0,0.0,0.0,0.0,0.0,0.0,161.18308703182353,587.9033688817125,476.8962217060028,0.0,33.501035666247596,0.0,0.0,0.0,0.0,0.0,1000.0,0.0,274.5987788381394,0.0,0.0,0.0,0.0,0.0,0.0,0.0,0.0,0.0,0.0,0.0,0.0,0.0,0.0,0.0,0.0,0.0,18.160098808268348,809.8837553925559,809.8837553925559,0.0,0.0,0.0,0.0,0.0,0.0,0.0,0.0,0.0,0.0,0.30266831347113915,0.0,0.0,31.17048965251982,-31.17048965251982,0.0,253.5784180824002,0.0,0.0,211.5495796659911,0.0,0.0,0.0,0.0,0.0,0.0,0.0,0.0,0.0,0.0,677.4094172115457,0.0,0.0,9.080049404134174,9.080049404134174,-65.58191052163932,-1000.0,0.0,211.5495796659911,0.0,0.0,0.0,0.0,0.0,-808.9486340399,626.6402576812719,-833.2935387123183,0.03026683134711391,0.0,0.0,-805.0994448399873,807.5402485964796,0.0,160.53184888007922,0.0,0.0,0.0,0.0,0.0,0.0,0.0,0.0,0.0,0.0,0.0,0.0,0.0,0.0,0.0,0.03026683134711391,0.0,0.0,0.0,1000.0,-1000.0,0.0,0.0,0.0,0.0,0.0,937.7725627632542,0.0,-850.334536402566,-72.42087339356328,-2.270012351033544,-1.5133415673556956,0.0,0.0,531.2499999999999,531.25,-531.2499999999999,0.0,0.0,0.0,0.0,0.0,0.0,0.0,809.8837553925559,818.4510527752182,0.0,0.0,-213.1857982884295,0.0,0.0,0.0,-0.03026683134711391,0.0,0.0,0.03026683134711391,0.0,0.03026683134711391,0.0,0.0,0.0,18.160098808268348,36.92553424347898,36.92553424347898,0.0,0.0,0.0,0.0,0.0,0.0,0.0,476.8962217060028,0.0,626.6402576812719,0.0,0.0,0.0,0.0,0.0,0.0,0.0,0.0,0.0,0.0,0.0,0.0,0.0,0.0,0.0,0.0,0.0,0.0,0.0,0.0,0.0,0.045400247020670866,0.0,0.0,0.0,-211.5495796659911,0.0,0.0,0.0,0.0,0.0,-144.31014440285568,1.5133415673556956,0.0,0.0,0.0,0.0,-784.3537393813612,0.0,0.0,0.0,0.0,0.0,0.0,0.0,0.0,0.0,809.8837553925559,0.0,0.0,1000.0,144.31014440285568,0.0,-483.4516854036809,-362.7006105809303,0.0,-33.501035666247596,850.334536402566,-816.8335007363183,0.0,603.8956305044135,0.0,1.5133415673556956,832.4290081985773,0.0,0.0,0.0,-337.6332289971636,0.0,0.0,0.0,0.0,0.0,0.0,0.0,0.0,0.0,221.108110230571,0.0,36.92553424347898,0.0,0.0,0.0,0.0,0.0,0.0,0.0,0.0,0.0,0.0,0.0,0.0,151.12018145595619,-800.542357380171,-1000.0,-253.5784180824002,9.080049404134174,31.17048965251982,0.0,0.0,0.0,-318.64969470953486,0.0,0.0,0.0332935144818407,0.0,0.0,0.0,18.46276712173949,0.0,0.0,0.0,0.0,-36.95541978986668,0.0,0.0,0.0,0.0,0.0,0.0,0.0,0.0,-508.0302081472415,0.0,220.0119395451004,0.0030266831347113914,0.0,0.0,0.0,0.0,0.0,0.0,0.0,0.0,0.0,-805.0994448399873,0.0,0.0,0.0,0.0,0.0,144.31014440285568,0.0,0.0,0.0,0.0,0.0,0.0,0.0,0.0,0.0,0.0,0.0,62.34097930503964,0.0,0.0,693.3465647829257,0.0,0.0,0.0,18.160098808268348,0.0,0.0,0.0,0.0,0.0,0.0,-18.160098808268348,0.0,62.34097930503964,0.0,0.0,0.0,0.0,0.0,0.0,0.0,0.0,0.0,0.0,833.2935387123184,-1000.0,20.732779472773032,-211.5495796659911,0.0,0.0,72.29980606817466,0.0,0.0,0.0,0.0,0.0,0.0,0.0,0.0,0.0,0.0,0.0,0.0,0.0,0.0,0.0,0.0,0.0,-3.7833539183892393,809.8837553925559,-928.4398246341215,-2.270012351033542,0.0,0.0,0.0,0.0,0.0,-0.378335391838924,0.0,275.29224969212396,0.0,0.0,0.0,0.0,0.0,0.0,0.0,1000.0,9.080049404134174,9.080049404134174,0.0,0.0,0.0,0.0,0.0,0.0332935144818407,144.31014440285568,0.0,0.0,-72.29980606817466,220.00891286196568,0.0,0.0,0.0,0.0,0.0,0.0,0.0,0.0,0.0,0.0,0.0,0.0,0.0,0.0,0.0,0.0,9.382717717605313,0.0,31.78017291446961,0.0,0.0,33.501035666247596,0.0,0.0,0.0,144.31014440285568,0.0,-2.487933536733223,0.0,0.0,0.0,-3.7833539183892393,0.0,0.0,0.0,0.0,0.0,0.0,0.0,0.0,0.0,0.0,0.0,0.0,0.0,0.0,0.0,0.0,0.0,0.0,-0.03026683134711391,0.0,0.0,1.5133415673556956,-1000.0,0.0,0.0,0.0,0.0,809.8837553925559,0.0,0.0,0.0,2.6059741789865227,0.7566707836778478,0.0,0.0,0.0,0.03026683134711391,0.0,30.26683134711391,0.0,6.053366269422782,0.21619165247938507,103.20989489365844,-0.022700123510335433,964.5982477088996,0.6053366269422783,-0.1513341567357429,-103.20989489365844,9.080049404134174,-0.03026683134711391,120.90020352697677,211.5495796659911,0.007566707836778478,0.21619165247938507,-362.7006105809303,-35.98896920298082,-0.6053366269422783,-566.5573557417256,-0.03026683134711391,0.007566707836778478,-103.20989489365844,3.026683134711391,0.03026683134711391,0.03026683134711391,-144.24658405702672,-31.13719613803798,0.0,-0.022700123510335433,9.080049404134174,0.03026683134711391,211.5495796659911,187.33611458829998,-0.015133415673556956,102.67081732596807,445.5670436974789,-0.022700123510335433,-0.03026683134711391,0.0,0.03026683134711391,3.026683134711391,-0.6053366269422783,0.0,0.0,-3.026683134711391,566.5573557417256,0.0,6.053366269422782,0.045400247020670866,-1000.0,3.026683134711391,-161.18308703182353,211.5495796659911,-6.053366269422782,0.015133415673556956,0.30266831347113915,60.450101763488384,150.36351067227847,-0.03026683134711391,-151.12018145595619,144.24658405702672,9.382717717605313,0.03026683134711391,35.98896920298082,-27.24014821240263,211.5495796659911,-0.03026683134711391,-0.007566707836778478,-211.5495796659911,-0.03026683134711391,-725.4012211618606,0.030266831347099434,-0.007566707836778478,-0.007566707836778478,-0.007566707836778478,12.106732538845565,-187.33611458829998,0.30266831347113915,100.53153616775907,-0.007566707836778478,0.0,1.5133415673556956,364.213952148286,0.03026683134711391,0.015133415673556956,0.015133415673556956,-71.82840789680235,0.0,0.03026683134711391,0.0,0.30266831347113915,0.03026683134711391,-256.74673115469375,0.03026683134711391,0.121067325388629,0.1513341567357429,0.015133415673556956,0.007566707836778478,9.080049404134174,-0.03026683134711391,0.0,0.30266831347113915,-201.06307233551814,963.8415769252218,-3.026683134711391,6.053366269422782,1.5133415673556956,-0.03026683134711391,362.7006105809303,0.045400247020670866,-0.03026683134711391,143.6568157936047,0.0,559.8348004079095,0.015133415673556956,-728.427904296572,-0.03026683134711391,-0.030266831347099434,-0.03026683134711391,0.015133415673556956,103.20989489365844,-6.053366269422782,0.03026683134711391,120.90020352697677,-0.007566707836778478,31.13719613803798,-120.90020352697677,4.540024702067086,-445.5670436974789,526.2895703717656,103.20989489365844,-0.022700123510335433,151.12018145595619,-150.36351067227847,0.03026683134711391,-0.007566707836778477,1.5133415673556956,30.26683134711391,-0.015133415673556956,-0.03026683134711391,0.007566707836778478,1000.0,0.0,999.9848665843265,156.21519498693468,-102.4657708808092,0.0,-351.5051019647002,-363.3695075537015,0.0,-1000.0,744.9830792580816,954.2945408402609,0.0,500.0,51.2328854404046,-372.4915396290408,0.0,181.68475377685076,-144.31014440285568,-241.1851056983746,0.0,-954.2945408402609,-241.1851056983746,351.5051019647002,-163.64581844350448,0.0,1496.5981,bhi
236,0.0,0.0,0.0,0.0,0.0,0.0,0.0,0.0,-0.01747369826865447,0.0,0.0,0.0,0.0,0.0,0.0,0.0,-301.47778469550343,0.0,0.0,0.0,0.0,0.0,0.0,1000.0,0.0,0.0,0.0,0.0,0.0,-262.9003856862513,0.0,0.0,0.0,0.0,0.0,0.0,0.0,-152.8788756357271,0.0,-1000.0,746.3360711064333,0.0,0.0,802.409953816764,0.0,0.0,646.118049826611,0.0,-362.3310681691978,0.0,0.0,0.0,0.0,0.019221068095475857,0.0,0.0,0.0,0.0,0.0,0.0,-1.979549626060745,0.0,-998.0204503739393,-1000.0,115.23196479822084,0.0,0.0,0.0,0.0,0.0,0.0,0.1747369826865447,0.0,0.0,0.0,0.0,0.0,0.0,0.0,0.0,0.0,0.0,0.0,0.0,10.484218961192681,0.0,0.0,711.5790705477445,349.2480023785468,301.5039952429064,-0.004368424567163617,0.0,0.0,926.2844351955605,5.242109480596341,0.0,253.66392889356666,0.0,0.0,0.0,0.0,37.876164361855444,-1000.0,0.0,0.0,0.0,0.0,0.0,0.0,0.0,0.0,0.0,0.0,0.0,0.0,0.0,0.0,0.0,0.0,0.0,0.0,0.0,0.0,0.0,-670.8326591597507,0.0,0.0,253.66392889356666,0.0,5.416846463282885,0.0,0.0,-972.6365910519506,0.0,972.6365910519506,-972.6365910519507,0.0,0.0,0.0,0.0,0.0,0.0,0.0,0.0,0.0,1.3454747666863796,0.01747369826865447,0.0,0.0,0.0,0.0,-62.97668669881862,0.0,0.0,152.2424945708783,0.0,351.4796652190749,0.0,0.0,0.0,0.0,0.0,353.8994238716576,353.8994238716576,0.0,0.0,0.0,0.0,0.0,0.0,0.0,353.9168975699262,0.0,0.0,0.0,-949.574113742605,-902.0321005915707,0.0,0.0,0.0,0.0,0.0,0.0,0.0,0.0,0.0,0.0,0.0,0.0,0.0,0.0,-1000.0,0.0,0.0,0.0,0.0,0.0,0.0,0.0,349.2480023785468,-349.2480023785468,0.0,0.0,0.0,0.0,0.0,0.0,0.0,737.0996143137487,242.68827541536754,0.0,0.0,0.0,0.0,0.0,0.0,0.0,0.0,0.0,0.0,0.0,0.0,0.0,0.0,-366.9555441878076,926.7092385509525,0.0,0.0,0.0,0.0,0.0,0.0,0.0,0.0,0.0,-1.979549626060745,124.29928473418852,0.0,0.0,0.0,0.0,0.0,0.0,0.0,0.0,745.2754145619648,3.494739653730894,248.4218194129703,0.0,0.0,0.0,698.4960047570935,0.0,-926.7092385509525,0.0,0.0,0.0,-618.1268995104234,0.0,0.0,0.0,-369.5396409999496,0.0,0.0,-3.328064015753341,-3.328064015753341,-461.1080340953932,0.0,0.0,-457.77997007963984,698.4960047570936,0.0,0.0,0.0,0.0,48.75161816954597,0.0,0.0,0.0,-1000.0,0.0,1000.0,0.0,1000.0,0.0,0.0,0.0,0.0,0.0,0.0,-1.979549626060745,-0.026210547402981704,0.0,0.0,0.0,0.0,0.01747369826865447,0.0,0.0,0.0,1.060656544468543,-301.47778469550343,0.0,-679.3643432521981,246.73422497613586,902.0321005915707,1000.0,0.0,-809.8969794537958,0.0,0.0,0.0,0.0,0.0,57.16745232251986,1000.0,-247.27047286872417,638.7930515836454,-1000.0,0.0,0.0,0.0,0.0,0.0,0.0,0.0,0.0,0.0,0.0,0.0,0.0,0.0,0.0,0.0,0.0,0.0,-419.6048619219957,0.0,-264.8127343859407,0.0,0.0,744.712761477712,1000.0,0.0,0.0,-746.6208893286512,0.0,0.0,0.0,893.3824157461767,37.00247944842272,0.0,0.0,-462.01351426434223,0.0,-1000.0,179.40386958649648,0.0,0.0,-728.3122153396467,0.0,-57.36141037330188,1000.0,-0.43684245671636174,-0.8736849134327235,0.0,0.0,0.0,129.70873641448347,942.5061160867581,253.66392889356666,0.0,0.0,0.0,0.0,0.0,0.0,0.0,0.0,0.0,0.0,312.9091005660763,0.0,0.0,0.0,0.0,0.0,737.0996143137487,0.0,0.0,-3.959099252121405,0.0,0.0,0.0,0.0,0.0,0.0,0.0,-683.5961597801929,0.03494739653729084,0.0,0.0,0.0,0.0,0.0,0.0,0.0,0.0,0.0,0.0,0.0,0.0,0.0,0.0,0.0,0.0,0.0,0.0,0.0,0.019221068095475857,0.019221068095475857,0.0,596.2652242806299,0.0,10.484218961192681,0.0,25.241096613575024,0.0,1000.0,0.0,0.0,0.0,0.0,0.0,1000.0,-1000.0,0.0,0.0,0.0,0.0,0.0,0.0,0.0,0.0,0.0,0.0,0.0,0.0,0.0,223.6108863865836,-1.060656544468543,62.97668669881862,0.0,1.3454747666863796,0.0,926.2844351955605,0.0,0.0,0.0,991.4063643285895,0.0,478.87674109565523,-162.47290087584818,0.0,0.0,0.0,0.0,0.0,0.0,0.0,0.0,0.0,0.0,0.0,0.0,0.0,0.0,0.0,0.0,10.484218961192681,0.0,0.0,0.0,0.0,0.0,0.0,0.0,0.0,0.0,0.0,0.0,0.0,0.17473698268654472,0.0,0.0,0.0,0.0,0.0,0.0,0.0,0.0,253.66392889356666,0.0,0.0,0.0,0.0,0.0,0.0,0.0,0.0,0.0,0.0,1000.0,0.0,0.0,5.242109480596341,5.242109480596341,-1000.0,-1000.0,0.0,0.0,0.0,0.0,0.0,0.0,0.0,-552.8971133481715,737.0996143137487,-918.2555187402099,0.01747369826865447,0.0,0.0,0.0,23.07651480636803,683.5961597801929,0.0,-926.2844351955605,0.0,0.0,0.0,0.0,0.0,0.0,0.6610488978008087,0.0,0.0,0.0,0.0,0.0,0.0,0.0,0.01747369826865447,0.0,0.0,0.0,-185.56997164431897,185.56997164431897,0.0,0.0,0.0,0.0,-64.40812785093942,1000.0,-152.2424945708783,0.0,-782.7078724639448,-1.3105273701490887,0.0,-0.8736849134327235,0.0,218.75000000000003,218.75000000000003,-218.75000000000003,0.0,0.0,0.0,0.0,0.0,0.0,0.0,0.0,902.0321005915707,0.0,0.0,943.3798010001908,0.0,0.0,0.0,-0.01747369826865447,0.0,0.0,0.01747369826865447,0.0,0.01747369826865447,1.983146693402426,0.0,0.0,10.484218961192681,21.31791188775848,21.31791188775848,0.0,0.0,0.0,0.0,0.0,0.0,0.0,62.97668669881862,0.0,737.0996143137487,0.0,0.0,58.67193774345096,0.0,0.0,0.0,0.0,0.0,0.0,0.0,0.0,0.0,0.0,0.0,0.0,0.0,0.0,0.0,0.0,-1000.0,1000.0,0.026210547402981704,0.0,0.0,0.0,-253.66392889356666,0.0,0.0,0.0,0.0,0.0,-596.2652242806299,0.8736849134327235,0.0,0.0,0.0,0.0,0.0,682.2127614777118,-0.8736849134327235,0.0,0.0,0.0,0.0,0.0,0.0,0.0,0.0,0.0,0.0,27.36340894804937,596.2652242806299,0.0,-755.1275123010506,683.5961597801929,937.4999999999998,0.0,0.0,-937.4999999999998,152.2424945708783,-639.4448113981819,25.241096613575024,0.8736849134327235,1000.0,0.0,216.76440564763482,0.0,-3.959099252121405,0.0,0.0,0.0,0.0,0.0,0.0,0.0,0.0,0.0,597.575751650779,-600.1968063910772,21.31791188775848,0.0,0.0,0.0,0.0,0.0,0.0,0.0,0.0,0.0,745.2754145619648,0.0,0.0,0.0,-23.07651480636803,-923.1501250866567,0.0,5.242109480596341,0.0,0.0,0.0,0.0,42.3054530097707,0.0,0.0,0.019221068095475857,0.0,0.0,0.0,10.658955943879226,0.0,0.0,0.0,0.0,-366.9555441878076,0.0,0.0,0.0,0.0,0.0,0.0,0.0,0.0,0.0,0.0,0.001747369826865408,0.001747369826865408,0.0,0.0,0.0,0.0,0.0,1.983146693402426,0.0,0.0,0.0,0.0,0.0,0.0,0.0,0.0,0.0,596.2652242806299,0.0,0.0,0.0,0.0,0.0,0.0,0.0,0.0,0.0,0.0,0.0,0.0,-965.2866375602046,0.0,0.0,0.0,0.0,0.0,10.48421896119271,0.0,0.0,0.0,0.0,0.0,989.5157810388073,-1000.0,0.0,0.0,0.0,0.0,0.0,0.0,0.0,0.0,0.0,0.0,0.0,0.0,770.0654376813262,-914.1040617645261,70.6414210574793,0.0,-253.66392889356666,0.0,-154.86202232912953,0.0,0.0,0.0,0.0,0.0,0.0,0.0,0.0,0.0,359.375,0.0,-359.375,-359.375,0.0,0.0,0.0,25.241096613575024,-2.1842122835818123,0.0,-38.31300681857181,657.558216764379,0.0,0.0,0.0,0.0,0.0,0.0,-0.21842122835818087,156.2015938229998,0.0,0.0,0.0,0.0,0.0,0.0,0.0,851.8099189411163,5.242109480596341,5.242109480596341,0.0,0.0,0.0,0.0,0.0,0.019221068095475857,596.2652242806299,0.0,0.0,152.8788756357271,0.0,0.0,0.0,0.0,0.0,0.0,0.0,0.0,0.0,0.0,0.0,0.0,0.0,0.0,500.9915733467012,0.0,0.0,0.0,0.0,18.347383182087192,0.0,0.0,1.3454747666863796,0.0,0.0,0.0,596.2652242806299,0.0,62.50000000000023,0.0,0.0,0.0,-2.1842122835818123,0.0,0.0,0.0,0.0,0.0,0.0,0.0,0.0,0.0,0.0,0.0,0.0,0.0,0.0,0.0,0.0,0.0,0.0,-0.01747369826865447,0.0,0.0,0.8736849134327235,-1000.0,0.0,0.0,0.0,0.0,0.0,0.0,0.0,0.0,-57.16745232251986,0.43684245671636174,0.0,0.0,0.0,0.01747369826865447,0.0,17.47369826865447,-5.416846463282885,3.4947396537308943,0.12481213049038906,48.75161816954597,-0.013105273701490852,519.3749246376441,0.3494739653730894,1.8957782020592242,-48.75161816954597,5.2421094805963415,-0.01747369826865447,0.0,0.0,0.004368424567163617,0.12481213049038907,0.0,-2.7818127643719186,-0.3494739653730894,301.47778469550343,-0.01747369826865447,0.004368424567163617,-48.75161816954597,554.5797999500179,0.01747369826865447,0.01747369826865447,-596.2285295142658,0.019221068095519878,0.0,-0.013105273701490852,5.242109480596341,0.01747369826865447,253.66392889356666,239.68497027864305,-0.008736849134327235,-351.4796652190749,-1.7648435251341015,-0.013105273701490852,-0.01747369826865447,-5.416846463282885,0.01747369826865447,1.747369826865447,-0.3494739653730894,0.0,0.0,-1.7473698268654516,-301.47778469550343,0.0,3.494739653730894,0.026210547402981704,-315.88254887407834,1.747369826865447,-223.6108863865836,0.0,-3.494739653730894,0.008736849134327235,0.17473698268654472,169.84108581304952,599.7599639343608,-0.01747369826865447,-600.1968063910772,596.2285295142658,5.416846463282885,0.01747369826865447,2.7818127643719186,-822.2226874585084,0.0,-0.01747369826865447,-0.004368424567163617,0.0,-0.01747369826865447,-683.5961597801929,0.017473698268654293,-0.004368424567163617,-0.004368424567163617,-0.004368424567163617,6.989479307461788,-239.68497027864305,0.17473698268654472,12.945826204791672,-0.004368424567163617,339.68217162609903,0.8736849134327235,342.6717648035292,0.01747369826865447,0.008736849134327235,0.008736849134327235,1.747369826865447,5.416846463282885,0.01747369826865447,-5.416846463282885,0.17473698268654472,0.01747369826865447,-12.945826204791672,0.01747369826865447,0.06989479307458168,-1.8957782020592242,0.008736849134327235,0.004368424567163617,5.242109480596341,-0.01747369826865447,0.0,0.1747369826865447,-25.891652409583344,518.9380821809277,-1.747369826865447,3.494739653730894,0.8736849134327235,-0.01747369826865447,0.0,0.026210547402981704,-0.01747369826865447,-3.494739653730894,5.416846463282885,159.31557082817838,0.008736849134327235,-685.3435296070584,-0.01747369826865447,-0.017473698268654293,-0.01747369826865447,0.008736849134327235,48.75161816954597,-3.494739653730894,0.01747369826865447,339.68217162609903,-0.004368424567163617,-0.019221068095519878,-339.68217162609903,2.6210547402981703,1.7648435251341015,-468.20159532122307,48.75161816954597,-0.013105273701490852,600.1968063910772,-599.7599639343608,0.01747369826865447,-0.004368424567163617,894.2561006596094,17.47369826865447,-0.008736849134327235,-0.01747369826865447,0.004368424567163617,1000.0,0.0,-684.126187975056,0.0,487.1064812685445,0.0,612.7075036249786,683.2099910484557,552.8324301231524,-692.4648500631098,-1000.0,814.6094593461384,-1000.0,346.2324250315549,-243.55324063427224,500.0,-552.8324301231524,-341.60499552422783,-596.2652242806299,-201.62102383794908,1000.0,-814.6094593461384,-201.62102383794908,-612.7075036249786,716.5914106283108,0.0,1496.5981,bhi
237,0.0,0.0,0.0,0.0,0.0,0.0,0.0,0.0,382.5568058790975,0.0,0.0,0.0,0.0,0.0,0.0,0.0,-19.78880890389458,672.3496719467096,0.0,0.0,0.0,0.0,0.0,814.7614794382749,0.0,0.0,0.0,0.0,0.0,711.9738114257016,0.0,0.0,253.96889859919224,0.0,0.0,0.0,0.0,436.108849557952,0.0,-1000.0,996.1201815756267,0.0,0.0,-1000.0,0.0,0.0,0.0,0.0,307.81499747819305,-658.7934049949404,0.0,0.0,0.0,0.1560565419637874,0.0,0.0,0.0,28.373916720663107,0.0,0.0,31.60118153947073,0.0,243.87557978696486,109.1527550936617,0.0,0.0,0.0,0.0,375.52501900004086,-375.52501900004086,0.0,1.4186958360331554,0.0,0.0,0.0,0.0,0.0,0.0,0.0,0.0,0.0,0.0,0.0,0.0,85.12175016198933,0.0,0.0,-233.5499570121823,74.26504046601076,0.0,-0.03546739590082888,0.0,0.0,-780.0156511109763,42.56087508099466,0.0,42.56087508099466,-4.568200592026088,0.0,0.0,0.0,7.093479180165778,711.9738114257016,0.0,0.0,-297.7595367797975,0.0,0.0,0.0,0.0,0.0,0.0,0.0,0.0,0.0,0.0,0.0,0.0,0.0,0.0,0.0,0.0,0.0,0.0,-268.4910223543323,0.0,0.0,42.56087508099466,0.0,43.97957091702782,0.0,0.0,0.0,0.0,0.0,0.0,-166.32400623277385,0.0,0.0,0.0,0.0,0.0,0.0,0.0,0.0,10.92395793745529,0.14186958360331553,0.0,0.0,0.0,0.0,-1000.0,0.0,0.0,0.0,0.0,995.4569142194947,0.0,0.0,0.0,0.0,0.0,431.84949184006297,431.84949184006297,0.0,0.0,0.0,0.0,0.0,0.0,0.0,431.9913614236663,0.0,0.0,0.0,1000.0,-367.8282570193042,0.0,0.0,0.0,0.0,0.0,0.0,0.0,0.0,0.0,-449.4241284702468,0.0,0.0,0.0,0.0,-1000.0,0.0,0.0,0.0,0.0,0.0,658.7934049949404,0.0,-74.26504046601076,74.26504046601076,0.0,0.0,0.0,0.0,0.0,0.0,0.0,0.0,-482.25611433117876,0.0,0.0,0.0,0.0,0.0,0.0,0.0,0.0,0.0,0.0,0.0,0.0,0.0,120.4082664293527,701.010700120592,-1000.0,0.0,0.0,0.0,166.32400623277385,0.0,0.0,0.0,0.0,0.0,31.60118153947073,0.0,0.0,0.0,185.71090698312435,0.0,0.0,0.0,0.0,0.0,0.0,0.0,0.0,0.0,-616.5965281112243,-468.0664471792028,0.0,0.0,1000.0,0.0,0.0,166.32400623277385,-45.161197792663685,0.0,0.0,0.0,279.51307950110174,0.0,0.0,-1000.0,-72.55028786805178,0.0,-1000.0,72.55028786805178,0.0,0.0,0.0,523.8195910146882,658.7934049949404,0.0,395.8161382532504,0.0,0.0,0.0,-1000.0,0.0,1000.0,0.0,431.7076222564597,0.0,166.32400623277385,0.0,0.0,0.0,0.0,31.60118153947073,-0.2128043754049733,0.0,0.0,0.0,0.0,0.14186958360331553,0.0,0.0,0.0,957.4391249190053,-19.78880890389458,0.0,-662.4000832852721,-412.33923527817444,367.8282570193042,1000.0,0.0,529.721563489613,0.0,-297.7595367797975,0.0,0.0,0.0,470.278436510387,0.0,-1000.0,-1000.0,-1000.0,0.0,0.0,0.0,0.0,0.0,0.0,0.0,0.0,0.0,0.0,0.0,0.0,0.0,0.0,0.0,0.0,185.71090698312435,-246.70615675998215,0.0,-1000.0,0.0,367.67529178719474,0.0,0.0,0.0,0.0,-10.92395793745529,0.0,0.0,0.0,905.4277225840328,0.0,0.0,0.0,-7.093479180165777,-3.5467395900828884,-375.52501900004086,968.9267923929385,-308.9451616588857,-358.97302683167186,-219.975497732858,0.0,0.0,0.0,0.0,301.8516824787199,0.0,0.0,575.1367581922972,0.0,-1000.0,42.56087508099466,968.75,-968.75,0.0,807.8186008340074,0.0,382.6986754627008,0.0,-120.4082664293527,120.4082664293527,120.4082664293527,80.6989674068563,0.0,0.0,0.0,0.0,0.0,0.0,0.0,0.0,-103.12164315383244,0.0,0.0,38.68105665662141,0.0,0.0,0.0,0.0,-341.5501749604027,0.28373916720727266,0.0,0.0,0.0,0.0,0.0,0.0,0.0,0.0,0.0,0.0,0.0,0.0,0.0,0.0,0.0,0.0,0.0,0.0,0.0,0.1560565419637874,0.1560565419637874,0.0,244.9082883249814,0.0,85.12175016198933,0.0,0.0,0.0,1000.0,0.0,0.0,0.0,0.0,0.0,189.75763142400035,-1000.0,0.0,0.0,0.0,0.0,0.0,38.68105665662141,0.0,0.0,0.0,0.0,0.0,0.0,0.0,89.4970074514441,-957.4391249190053,1000.0,0.0,10.92395793745529,0.0,0.0,-780.0156511109763,-780.0156511109763,0.0,-31.49273314735217,0.0,0.0,-151.79254353640238,0.0,0.0,120.4082664293527,0.0,0.0,0.0,0.0,0.0,0.0,0.0,0.0,0.0,0.0,0.0,0.0,0.0,85.12175016198933,166.32400623277385,166.32400623277385,0.0,0.0,0.0,0.0,0.0,0.0,0.0,0.0,0.0,0.0,1.4186958360331554,0.0,0.0,0.0,0.0,0.0,0.0,0.0,0.0,42.56087508099466,0.0,0.0,0.0,0.0,0.0,0.0,0.0,0.0,0.0,0.0,794.9949371106047,0.0,0.0,42.56087508099466,42.56087508099466,1000.0,-1000.0,0.0,38.68105665662141,0.0,0.0,0.0,0.0,0.0,-432.1114717284229,0.0,0.0,0.14186958360331553,0.0,0.0,-647.5166606787917,834.8757129103418,0.0,0.0,780.0156511109763,0.0,0.0,0.0,0.0,0.0,0.0,17.01925881318097,0.0,0.0,0.0,0.0,0.0,0.0,0.0,0.14186958360331553,0.0,0.0,0.0,-436.7396627483374,436.7396627483374,0.0,0.0,0.0,367.67529178719474,-160.0517865053806,149.12782856792532,0.0,0.0,-753.2938432400178,-10.640218770248666,0.0,-7.093479180165783,0.0,-93.75000000000003,-93.75000000000003,93.75000000000003,0.0,0.0,0.0,0.0,0.0,0.0,0.0,166.32400623277385,367.8282570193042,0.0,0.0,-417.76976262753703,0.0,0.0,0.0,382.5568058790975,0.0,0.0,0.14186958360331553,0.0,0.14186958360331553,51.057776439542906,0.0,0.0,85.12175016198933,173.08089199604498,173.08089199604498,0.0,0.0,0.0,0.0,0.0,0.0,0.0,1000.0,0.0,0.0,0.0,0.0,0.0,482.4934076586326,0.0,0.0,0.0,0.0,0.0,0.0,0.0,0.0,0.0,0.0,0.0,0.0,0.0,0.0,0.0,0.0,0.0,0.2128043754049733,0.0,0.0,0.0,-42.56087508099466,0.0,0.0,0.0,0.0,0.0,-244.9082883249814,7.093479180165778,0.0,0.0,0.0,0.0,0.0,0.0,-7.093479180165783,0.0,0.0,0.0,0.0,0.0,0.0,0.0,166.32400623277385,0.0,0.0,1000.0,124.50002189562872,0.0,535.4775836192357,-297.7595367797975,0.0,149.12782856792532,0.0,-149.12782856792532,0.0,-218.24208978870865,0.0,7.093479180165783,1000.0,0.0,0.0,0.0,-103.12164315383244,0.0,0.0,-531.250000000334,531.250000000334,0.0,0.0,0.0,0.0,0.0,428.14369092974937,0.0,173.08089199604498,0.0,0.0,0.0,0.0,0.0,0.0,0.0,0.0,0.0,0.0,0.0,0.0,276.8289446357275,-187.3590522315501,-137.81683818690175,0.0,42.56087508099466,0.0,0.0,0.0,0.0,126.22163141041977,0.0,0.0,0.1560565419637874,0.0,0.0,0.0,86.54044599802249,0.0,0.0,0.0,0.0,701.010700120592,0.0,0.0,0.0,0.0,0.0,0.0,0.0,0.0,0.0,0.0,0.014186958360331554,0.014186958360331554,0.0,0.0,0.0,0.0,0.0,51.057776439542906,0.0,0.0,0.0,-647.5166606787917,0.0,0.0,0.0,0.0,0.0,244.9082883249814,0.0,0.0,0.0,0.0,0.0,0.0,0.0,658.7934049949404,0.0,0.0,0.0,0.0,0.0,792.056970685092,672.3496719467096,0.0,0.0,0.0,85.12175016198933,0.0,0.0,0.0,0.0,0.0,0.0,-85.12175016198933,0.0,0.0,0.0,0.0,0.0,0.0,0.0,0.0,0.0,0.0,0.0,0.0,0.0,-720.1376603027213,579.6740724269038,0.0,-42.56087508099466,0.0,752.7263649056039,0.0,0.0,0.0,0.0,0.0,0.0,0.0,0.0,0.0,0.0,0.0,0.0,0.0,0.0,0.0,0.0,0.0,-17.73369795041445,166.32400623277385,-10.640218770248666,471.8531888883839,0.0,0.0,0.0,0.0,0.0,-1.7733697950414444,0.0,103.12164315383244,0.0,0.0,0.0,0.0,0.0,0.0,0.0,1000.0,42.56087508099466,42.56087508099466,0.0,0.0,0.0,0.0,0.0,0.1560565419637874,244.9082883249814,0.0,0.0,-803.7841413451467,0.0,0.0,0.0,0.0,0.0,0.0,0.0,0.0,0.0,0.0,0.0,0.0,0.0,0.0,25.528888219771453,0.0,0.0,0.0,0.0,148.96306278348132,0.0,0.0,10.92395793745529,0.0,0.0,0.0,244.9082883249814,0.0,-4.568200592026088,0.0,0.0,0.0,-17.73369795041445,0.0,0.0,0.0,0.0,0.0,0.0,0.0,0.0,0.0,0.0,0.0,0.0,0.0,0.0,0.0,0.0,0.0,0.0,-0.14186958360331553,0.0,0.0,7.093479180165778,-189.75763142400035,0.0,0.0,0.0,0.0,166.32400623277385,0.0,0.0,0.0,-470.278436510387,3.5467395900828884,0.0,0.0,0.0,0.14186958360331553,0.0,141.86958360331553,-43.97957091702782,28.373916720663107,1.013354168595111,395.8161382532504,-0.10640218770248665,7.093479180165777,2.837391672066311,50.348428521525534,-395.8161382532504,42.56087508099466,-0.14186958360331553,99.25317892659916,38.68105665662141,0.03546739590082888,1.013354168595111,-297.7595367797975,-22.585637709647155,-2.837391672066311,-652.560863042815,-0.14186958360331553,0.03546739590082888,-395.8161382532504,14.186958360331554,0.14186958360331553,0.14186958360331553,-244.6103621994143,0.15605654196364707,0.0,-0.10640218770248665,42.56087508099466,0.14186958360331553,42.56087508099466,-70.93479180165777,-0.07093479180165776,-399.93784065989973,-14.328827943934868,-0.10640218770248665,-0.14186958360331553,-43.97957091702782,0.14186958360331553,14.186958360331573,-2.837391672066311,0.0,0.0,-14.186958360331554,652.560863042815,0.0,28.373916720663107,0.2128043754049733,-1000.0,14.186958360331554,-89.4970074514441,38.68105665662141,-28.373916720663107,0.07093479180165776,1.4186958360331554,165.60002082131803,152.87393861629184,-0.14186958360331553,-276.8289446357275,244.6103621994143,43.97957091702782,0.14186958360331553,22.585637709647155,-131.56244366735763,38.68105665662141,-0.14186958360331553,-0.03546739590082888,-38.68105665662141,-0.14186958360331553,-341.5501749604027,0.1418695836031411,-0.03546739590082888,-0.03546739590082888,-0.03546739590082888,56.747833441326215,70.93479180165777,1.4186958360331554,403.4050851680753,-0.03546739590082888,231.9468627160369,7.093479180165777,177.86856666036715,0.14186958360331553,0.07093479180165776,0.07093479180165776,-49.63451642774467,43.97957091702782,0.14186958360331553,-43.97957091702782,1.4186958360331554,0.14186958360331553,-1000.0,0.14186958360331553,0.5674783344139769,-50.348428521525534,0.07093479180165776,0.03546739590082888,42.56087508099466,-0.14186958360331553,0.0,1.4186958360331554,-806.8101703361506,3.546739590082889,-14.186958360331573,28.373916720663107,7.093479180165777,-0.14186958360331553,297.7595367797975,0.2128043754049733,-0.14186958360331553,99.26903285548934,43.97957091702782,227.15518996719766,0.07093479180165776,-355.7371333207343,-0.14186958360331553,-0.1418695836031411,-0.14186958360331553,0.07093479180165776,395.8161382532504,-28.373916720663107,0.14186958360331553,331.20004164263605,-0.03546739590082888,-0.15605654196364707,-331.20004164263605,21.280437540497328,14.328827943934868,394.75561992485507,395.8161382532504,-0.10640218770248665,276.8289446357275,-152.87393861629184,0.14186958360331553,-0.03546739590082888,912.5212017641986,141.86958360331553,-0.07093479180165776,-0.14186958360331553,0.03546739590082888,987.6740229080914,0.0,999.9290652081984,596.5949148319247,-1000.0,0.0,191.1836899985388,-554.8637531766232,0.0,1000.0,-619.1319481817294,436.1484996601012,0.0,-500.0,500.0,309.5659740908647,0.0,277.4318765883116,-244.9082883249814,-353.37682137761743,0.0,-436.1484996601012,-353.37682137761743,-191.1836899985388,154.27958765278242,0.0,1496.5981,bhi
238,0.0,0.0,0.0,0.0,0.0,0.0,0.0,0.0,-0.02873612102745275,0.0,0.0,0.0,0.0,0.0,0.0,0.0,-811.4233096150663,1000.0,0.0,317.25813197618805,0.0,0.0,0.0,363.5881716284246,0.0,0.0,0.0,0.0,0.0,-317.03697251301264,0.0,0.0,165.76065602795296,0.0,0.0,0.0,0.0,999.8850555158904,0.0,-1000.0,991.3791636917641,0.0,0.0,814.0766008523699,0.0,0.0,0.0,0.0,846.0780720691353,0.0,0.0,531.6943907934261,0.0,0.03160973313022644,0.0,0.0,0.0,0.0,0.0,0.0,24.74230227854035,0.0,387.56918380470415,-50.990339556032836,0.0,0.0,0.0,0.0,418.4489779483043,-418.4489779483043,0.0,0.28736121027452755,0.0,0.0,0.0,0.0,0.0,0.0,0.0,0.0,0.0,0.0,0.0,0.0,17.24167261647165,0.0,127.16094520940112,-440.6579198468965,632.065956750768,-188.53358620339253,-0.007184030256863188,0.0,0.0,0.0,8.620836308235825,0.0,8.620836308235825,0.0,670.6025734104916,0.0,0.0,1.4368060513726375,-1000.0,0.0,0.0,-188.83297395955677,0.0,0.0,0.0,0.0,0.0,0.0,0.0,0.0,0.0,0.0,0.0,0.0,0.0,0.0,0.0,0.0,0.0,0.0,-182.63346572756708,0.0,0.0,8.620836308235825,0.0,8.908197518510352,0.0,0.0,0.0,0.0,0.0,0.0,-1000.0,0.0,0.0,536.6981743607226,0.0,0.0,0.0,0.0,0.0,129.373626528515,0.02873612102745275,0.0,0.0,0.0,0.0,0.0,0.0,0.0,0.0,0.0,543.0312371217433,0.0,0.0,0.0,0.0,0.0,147.5432504556678,147.5432504556678,0.0,0.0,0.0,0.0,0.0,0.0,0.0,147.57198657669525,0.0,0.0,0.0,-734.482363674877,-298.71492393695394,0.0,0.0,0.0,0.0,0.0,0.0,0.0,0.0,0.0,-488.74907664776566,0.0,0.0,0.0,0.0,-587.1752478252728,0.0,0.0,0.0,0.0,0.0,0.0,-531.6943907934261,-443.5323705473755,443.5323705473755,463.30182563927735,0.0,0.0,0.0,0.0,0.0,0.0,682.9630274869874,-9.339239333922142,0.0,0.0,0.0,0.0,0.0,0.0,0.0,0.0,0.0,0.0,0.0,0.0,0.0,640.3086754142874,-203.2844555829247,814.0766008523699,0.0,0.0,0.0,0.0,-463.30182563927735,0.0,0.0,0.0,0.0,24.74230227854035,0.0,0.0,0.0,0.0,0.0,0.0,0.0,0.0,0.0,0.925303097084111,5.74722420549055,0.0,0.0,-1000.0,75.59832729814349,-569.8066091185628,0.0,-814.0766008523699,0.0,0.0,463.30182563927735,-964.9419323465077,0.0,0.0,0.0,-562.3920502921702,0.0,0.0,-665.1287678599406,-778.7291040930218,0.0,113.60033623308112,0.0,778.7291040930218,188.53358620339253,0.0,1000.0,0.0,0.0,80.17377766659317,0.0,0.0,0.0,208.00500677713944,0.0,-208.00500677713944,0.0,-233.96832129356244,0.0,0.0,-198.1722132934789,0.0,0.0,0.0,24.74230227854035,-0.04310418154117912,0.0,0.0,0.0,0.0,0.02873612102745275,0.0,0.0,0.0,577.6291084199528,-811.4233096150663,0.0,-730.5338629102683,547.9357917380069,298.71492393695394,1000.0,0.0,1000.0,0.0,-188.83297395955677,0.0,0.0,0.0,-2.4741800204637094,0.0,-997.5258199795363,686.5085721402518,-1000.0,0.0,0.0,0.0,0.0,0.0,0.0,0.0,0.0,0.0,0.0,0.0,0.0,0.0,0.0,0.0,0.0,0.0,0.0,0.0,-1000.0,0.0,0.0,0.0,0.0,0.0,0.0,-130.29892962559904,0.0,670.6025734104916,0.0,758.9111959735714,0.0,0.0,0.0,0.0,0.0,-418.4489779483043,0.0,799.3362854370596,-377.2952923603237,577.2167294028235,0.0,-1.4368060513726375,0.0,-0.7184030256863188,-800.7730914884322,0.0,0.0,0.0,0.0,-262.3191024594116,8.620836308235825,0.0,0.0,0.0,117.37973991558198,0.0,0.0,0.0,-640.3086754142874,640.3086754142874,640.3086754142874,559.4589762700155,0.0,0.0,0.0,0.0,0.0,682.9630274869874,0.0,0.0,-159.4953306633944,0.0,-31.25000000000003,0.0,0.0,0.0,0.0,0.0,-211.90529189116057,0.05747224205435941,0.0,0.0,0.0,0.0,0.0,0.0,0.0,0.0,0.0,0.0,0.0,0.0,0.0,0.0,0.0,0.0,0.0,0.0,0.0,0.03160973313022644,0.03160973313022644,0.0,465.40650430347796,0.0,17.24167261647165,0.0,0.0,0.0,1000.0,0.0,807.5600551128119,127.16094520940112,0.0,0.0,1000.0,-1000.0,0.0,0.0,0.0,0.0,0.0,0.0,0.0,0.0,0.0,0.0,0.0,0.0,0.0,60.87782190918903,-577.6291084199528,0.0,0.0,129.373626528515,0.0,0.0,0.0,0.0,0.0,1000.0,0.0,788.0947081088394,0.0,0.0,0.0,640.3086754142874,0.0,0.0,0.0,0.0,0.0,0.0,0.0,0.0,0.0,0.0,0.0,0.0,0.0,17.24167261647165,463.30182563927735,463.30182563927735,0.0,0.0,0.0,0.0,0.0,0.0,0.0,0.0,0.0,0.0,0.28736121027452755,0.0,0.0,127.16094520940112,-127.16094520940112,0.0,-531.6943907934261,0.0,0.0,8.620836308235825,0.0,0.0,0.0,0.0,0.0,0.0,0.0,0.0,0.0,0.0,-463.30182563927735,0.0,0.0,8.620836308235825,8.620836308235825,1000.0,-1000.0,0.0,0.0,0.0,0.0,0.0,0.0,0.0,313.4914278597482,682.9630274869874,193.2796521777742,0.02873612102745275,0.0,0.0,-922.2532639526794,960.2034169295775,0.0,0.0,0.0,0.0,0.0,0.0,0.0,0.0,0.0,0.0,0.0,0.0,0.0,0.0,0.0,0.0,0.0,0.02873612102745275,0.0,0.0,0.0,0.0,0.0,0.0,0.0,0.0,0.0,0.0,540.3036437848925,0.0,0.0,-1000.0,-2.1552090770589563,-1.4368060513726366,0.0,0.0,0.0,0.0,0.0,0.0,0.0,0.0,0.0,0.0,0.0,0.0,463.30182563927735,298.71492393695394,0.0,0.0,-260.882296408039,0.0,0.0,0.0,-0.02873612102745275,0.0,0.0,0.02873612102745275,0.0,0.02873612102745275,0.0,0.0,0.0,17.24167261647165,35.05806765349236,35.05806765349236,0.0,0.0,0.0,0.0,0.0,0.0,0.0,0.0,0.0,682.9630274869874,0.0,0.0,0.0,0.0,0.0,0.0,0.0,0.0,0.0,0.0,0.0,0.0,0.0,0.0,0.0,0.0,0.0,0.0,0.0,0.0,0.0,0.04310418154117912,0.0,0.0,0.0,-8.620836308235825,0.0,0.0,0.0,0.0,0.0,-465.40650430347796,1.4368060513726375,0.0,0.0,0.0,0.0,0.0,-540.3036437848925,0.0,0.0,-31.25000000000003,0.0,0.0,0.0,0.0,0.0,463.30182563927735,0.0,0.0,0.0,-174.9021711108095,0.0,994.2527757945095,-188.83297395955677,0.0,-670.6025734104916,670.6025734104916,0.0,0.0,-1000.0,0.0,1.4368060513726375,761.153246805301,0.0,0.0,0.0,-413.8172210821966,0.0,0.0,0.0,0.0,0.0,0.0,0.0,0.0,0.0,956.3107900283026,-471.8721315346547,35.05806765349236,0.0,0.0,0.0,0.0,0.0,0.0,0.0,0.0,0.0,0.925303097084111,0.0,0.0,0.0,-37.95015297689815,0.0,0.0,8.620836308235825,127.16094520940112,0.0,0.0,0.0,48.97800172123075,0.0,0.0,0.03160973313022644,0.0,0.0,0.0,17.52903382674618,0.0,0.0,0.0,0.0,-203.2844555829247,0.0,0.0,0.0,0.0,0.0,0.0,0.0,0.0,0.0,0.0,0.0028736121027452747,0.0028736121027452747,0.0,0.0,0.0,0.0,0.0,0.0,0.0,0.0,0.0,-922.2532639526794,0.0,0.0,0.0,0.0,0.0,465.40650430347796,0.0,0.0,0.0,0.0,0.0,0.0,0.0,0.0,0.0,0.0,0.0,254.32189041880224,0.0,8.79519402176453,1000.0,0.0,0.0,0.0,17.241672616471647,0.0,0.0,0.0,0.0,0.0,255.31762507543806,-272.5592976919097,0.0,254.32189041880224,0.0,0.0,0.0,0.0,0.0,0.0,0.0,0.0,0.0,0.0,-193.2796521777742,0.0,19.684242903805135,-8.620836308235825,0.0,0.0,999.8850555158904,0.0,0.0,0.0,0.0,0.0,0.0,0.0,0.0,0.0,0.0,0.0,0.0,0.0,0.0,0.0,0.0,0.0,-3.592015128431593,463.30182563927735,-2.1552090770589563,469.7169224575959,0.0,0.0,0.0,0.0,0.0,-0.3592015128431594,0.0,159.4953306633944,0.0,0.0,0.0,0.0,0.0,0.0,0.0,1000.0,8.620836308235825,8.620836308235825,0.0,0.0,0.0,0.0,0.0,0.03160973313022644,465.40650430347796,0.0,0.0,-999.8850555158904,0.0,0.0,0.0,0.0,0.0,0.0,0.0,0.0,0.0,0.0,0.0,0.0,0.0,0.0,0.0,0.0,0.0,0.0,0.0,30.17292707882539,0.0,0.0,129.373626528515,0.0,0.0,0.0,465.40650430347796,0.0,538.8668377335199,0.0,0.0,0.0,-3.592015128431593,0.0,0.0,0.0,0.0,0.0,0.0,0.0,0.0,0.0,0.0,0.0,0.0,0.0,0.0,0.0,0.0,0.0,0.0,-0.02873612102745275,0.0,0.0,1.4368060513726375,-1000.0,0.0,0.0,0.0,0.0,463.30182563927735,0.0,0.0,0.0,2.4741800204637094,0.7184030256863188,0.0,0.0,0.0,0.02873612102745275,0.0,28.736121027452747,-8.908197518510352,5.74722420549055,0.20525800733894822,80.17377766659317,-0.02155209077058956,1.4368060513726375,0.574722420549055,-0.14368060513708109,-80.17377766659317,8.620836308235825,-0.028736121027452752,62.94432465318559,0.0,0.007184030256863188,0.20525800733894822,-188.83297395955677,-131.73573567697167,-0.574722420549055,-505.8348223611217,-0.028736121027452755,0.007184030256863188,-80.17377766659317,2.873612102745275,0.028736121027452752,0.02873612102745275,-465.3461584493203,-127.12933547627092,0.0,-0.02155209077058956,8.620836308235825,0.028736121027452752,8.620836308235825,-14.368060513726375,-0.014368060513726376,-165.36528920262978,460.39947741550463,-0.02155209077058956,-0.028736121027452752,-8.908197518510352,0.02873612102745275,2.873612102745275,-0.574722420549055,0.0,0.0,-2.873612102745275,505.8348223611217,0.0,5.74722420549055,0.04310418154117912,-1000.0,2.873612102745275,-60.87782190918903,0.0,-5.74722420549055,0.014368060513726376,0.28736121027452755,182.63346572756708,-169.15494690531895,-0.02873612102745275,-471.8721315346547,465.3461584493203,8.908197518510352,0.028736121027452752,131.73573567697167,-34.48334523294369,0.0,-0.02873612102745275,-0.007184030256863188,0.0,-0.028736121027452752,-211.90529189116057,0.028736121027452752,-0.007184030256863188,-0.007184030256863188,-0.007184030256863188,11.4944484109811,14.368060513726375,0.28736121027452755,21.28987366621402,-0.007184030256863188,302.3226068019486,1.4368060513726375,107.38945199695293,0.02873612102745275,0.014368060513726376,0.014368060513726376,2.873612102745275,8.908197518510352,0.02873612102745275,-8.908197518510352,0.28736121027452755,0.028736121027452752,-21.28987366621402,0.028736121027452752,0.11494448410962832,0.14368060513708109,0.014368060513726376,0.007184030256863188,8.620836308235825,-0.028736121027452752,0.0,0.2873612102745275,-42.57974733242804,0.7184030256863188,-2.873612102745275,5.74722420549055,1.4368060513726375,-0.028736121027452752,188.83297395955677,0.04310418154117912,-0.028736121027452752,-5.74722420549055,8.908197518510352,39.30056711057515,0.014368060513726376,-214.77890399390586,-0.028736121027452752,-0.028736121027452752,-0.028736121027452752,0.014368060513726376,80.17377766659317,-5.74722420549055,0.02873612102745275,365.26693145513417,-0.007184030256863188,127.12933547627092,-365.26693145513417,4.310418154117912,-460.39947741550463,364.9895399572064,80.17377766659317,-0.02155209077058956,471.8721315346547,169.15494690531895,0.028736121027452755,-0.007184030256863188,760.348002024944,28.736121027452747,-0.014368060513726376,-0.028736121027452752,0.007184030256863188,1000.0,0.0,999.9856319394863,0.0,579.5247962222423,0.0,-29.52010321267968,-355.2286982622165,0.0,1000.0,-493.7529664315312,-1000.0,0.0,-500.0,-289.7623981111212,246.8764832157656,0.0,177.61434913110824,-465.40650430347796,-88.2785688318059,0.0,1000.0,-88.2785688318059,29.52010321267968,1.0448149587593685,0.0,1496.5981,bhi
239,0.0,0.0,0.0,0.0,0.0,0.0,0.0,0.0,210.7876658557921,0.0,0.0,0.0,0.0,0.0,0.0,0.0,-728.6658604277368,1000.0,0.0,243.9190261805718,0.0,0.0,0.0,990.5902957055166,0.0,88.64442506706271,0.0,0.0,0.0,1000.0,0.0,0.0,0.0,0.0,0.0,0.0,0.0,508.7584895483475,0.0,-1000.0,667.0022771494864,0.0,0.0,-271.3341395722632,0.0,0.0,0.0,0.0,-1000.0,-423.8677205758254,0.0,0.0,0.0,0.048204811983085336,0.0,0.0,0.0,0.0,0.0,0.0,136.14925376786263,0.0,667.5511607434457,356.99322187463576,0.0,0.0,0.0,0.0,0.0,0.0,0.0,0.43822556348290764,0.0,0.0,0.0,0.0,0.0,0.0,0.0,0.0,0.0,0.0,0.0,0.0,26.29353380897446,0.0,0.0,682.0950046974694,-202.40052228214927,884.4955269796187,-0.01095563908707269,0.0,0.0,0.0,13.14676690448723,0.0,332.9977228505136,-616.4195722282803,0.0,0.0,0.0,2.191127817414538,486.9084292018215,0.0,0.0,-12.3926335852632,0.0,0.0,0.0,0.0,0.0,0.0,0.0,0.0,0.0,0.0,0.0,0.0,0.0,0.0,0.0,0.0,0.0,0.0,-395.88720642785165,0.0,0.0,332.9977228505136,0.0,13.584992467970135,13.584992467970135,0.0,0.0,0.0,0.0,0.0,-446.7071926366726,0.0,0.0,0.0,0.0,0.0,0.0,0.0,0.0,3.3743368388183885,0.04382255634829076,0.0,0.0,0.0,0.0,-859.2110939500511,0.0,0.0,0.0,0.0,484.9700489522614,0.0,0.0,0.0,0.0,0.0,170.53843569027532,170.53843569027532,0.0,0.0,0.0,0.0,711.2685978770114,0.0,0.0,170.5822582466236,0.0,0.0,0.0,-758.1193645948191,-699.3712622706091,0.0,0.0,0.0,0.0,0.0,0.0,0.0,0.0,0.0,0.0,0.0,0.0,0.0,0.0,-1000.0,0.0,0.0,0.0,0.0,0.0,423.8677205758254,0.0,-682.0950046974694,682.0950046974694,446.7071926366726,0.0,0.0,0.0,0.0,0.0,0.0,513.0915707981785,-730.6656739287502,0.0,0.0,0.0,0.0,0.0,0.0,0.0,0.0,0.0,0.0,0.0,0.0,0.0,442.69518233999355,196.5910724353938,728.6658604277368,0.0,0.0,0.0,0.0,-385.7499601943152,0.0,0.0,0.0,0.0,136.14925376786263,1000.0,0.0,0.0,0.0,0.0,0.0,0.0,0.0,0.0,0.0,8.764511269658152,319.8509559460264,0.0,0.0,479.6944824153202,-1000.0,0.0,-728.6658604277368,0.0,0.0,446.7071926366726,-448.99961205667455,0.0,0.0,0.0,-182.36669065894716,0.0,0.0,-803.591183935709,-1000.0,0.0,196.40881606429116,0.0,1000.0,-884.4955269796187,0.0,879.7290167856329,423.8677205758254,0.0,88.47768470531409,0.0,0.0,0.0,-1000.0,0.0,1000.0,0.0,170.49461313392692,0.0,0.0,1000.0,0.0,0.0,0.0,136.14925376786263,-0.06573383452243614,0.0,0.0,0.0,0.0,0.04382255634829076,0.0,0.0,0.0,606.045044707129,-728.6658604277368,0.0,-660.3243055246757,270.9117843681503,699.3712622706091,1000.0,0.0,74.7829639936384,0.0,-12.3926335852632,0.0,0.0,0.0,-3.7731221015878,0.0,-71.0098418920506,-988.4185425591128,-1000.0,0.0,0.0,0.0,0.0,0.0,0.0,0.0,0.0,0.0,0.0,0.0,0.0,0.0,0.0,0.0,0.0,0.0,-531.0884881450592,0.0,-1000.0,0.0,0.0,615.0084859138655,0.0,0.0,0.0,-3.3743368388183885,0.0,0.0,0.0,12.002769769077092,0.0,0.0,0.0,312.0058101316703,283.4751967415313,0.0,847.2345685698584,17.55533549731456,0.0,0.0,0.0,-314.1969379490848,16.453097436360736,-284.5707606502386,-19.746463314729098,0.0,0.0,0.0,-576.0533789861314,-275.5830840243078,332.9977228505136,0.0,0.0,0.0,0.0,0.0,210.8314884121404,0.0,-442.69518233999355,442.69518233999355,442.69518233999355,32.79564512096052,0.0,133.22439207724784,0.0,0.0,0.0,513.0915707981785,0.0,0.0,-174.4086851009473,0.0,0.0,0.0,0.0,0.0,0.0,0.0,-995.6177443651709,0.0876451126966108,0.0,0.0,0.0,0.0,0.0,0.0,0.0,0.0,0.0,0.0,0.0,0.0,0.0,0.0,0.0,0.0,0.0,0.0,0.0,0.048204811983085336,0.048204811983085336,0.0,467.6724817271425,0.0,26.29353380897446,0.0,0.0,0.0,1000.0,0.0,0.0,0.0,0.0,0.0,1000.0,-1000.0,0.0,0.0,0.0,0.0,0.0,0.0,0.0,0.0,0.0,0.0,0.0,0.0,0.0,131.9624021426172,-606.045044707129,859.2110939500511,0.0,3.3743368388183885,0.0,0.0,0.0,-60.9572324423574,0.0,826.5701723518679,0.0,641.2536426699909,-636.8713870351618,0.0,0.0,442.69518233999355,0.0,0.0,0.0,0.0,0.0,0.0,0.0,0.0,0.0,0.0,0.0,0.0,0.0,26.29353380897446,446.7071926366726,446.7071926366726,0.0,0.0,0.0,0.0,0.0,0.0,0.0,0.0,0.0,0.0,0.43822556348290764,0.0,0.0,0.0,0.0,0.0,0.0,0.0,0.0,332.9977228505136,0.0,0.0,0.0,0.0,0.0,0.0,0.0,0.0,0.0,0.0,558.1994325048443,0.0,0.0,13.14676690448723,13.14676690448723,1000.0,-1000.0,0.0,0.0,0.0,0.0,0.0,0.0,0.0,-498.4898866427087,513.0915707981785,-364.7769963329613,0.04382255634829076,0.0,0.0,0.0,3.533976151230019,970.8324771946445,0.0,0.0,0.0,0.0,0.0,0.0,0.0,0.0,13.34075597293324,0.0,0.0,0.0,0.0,0.0,0.0,0.0,0.04382255634829076,0.0,0.0,0.0,-385.7107300555242,385.7107300555242,0.0,0.0,0.0,0.0,0.0,611.634149075047,0.0,0.0,-468.91151185494084,-3.2866917261218074,-2.1911278174145377,0.0,0.0,0.0,0.0,0.0,0.0,0.0,0.0,0.0,0.0,0.0,0.0,446.7071926366726,699.3712622706091,0.0,0.0,-273.39195620689327,0.0,0.0,0.0,210.7876658557921,0.0,0.0,0.04382255634829076,0.0,0.04382255634829076,40.02226791879972,0.0,0.0,26.29353380897446,53.46351874491473,53.46351874491473,0.0,0.0,0.0,0.0,0.0,0.0,0.0,859.2110939500511,0.0,513.0915707981785,0.0,0.0,0.0,0.0,0.0,0.0,0.0,0.0,0.0,0.0,0.0,0.0,0.0,0.0,0.0,0.0,0.0,60.9572324423574,0.0,-89.1166373380735,89.1166373380735,0.06573383452243614,0.0,0.0,0.0,-332.9977228505136,0.0,0.0,0.0,0.0,0.0,-467.6724817271425,2.191127817414538,0.0,0.0,0.0,0.0,-711.2685978770114,-570.5866753604257,0.0,0.0,0.0,0.0,0.0,0.0,0.0,0.0,446.7071926366726,0.0,0.0,943.9493926991595,24.977299387148946,0.0,274.8121456147862,958.4398436093813,0.0,-573.9610121992441,0.0,573.9610121992441,0.0,-502.4631308015893,0.0,2.191127817414538,1000.0,0.0,0.0,0.0,-174.4086851009473,0.0,0.0,564.9070944040105,-564.9070944040105,0.0,0.0,0.0,0.0,0.0,0.0,-6.573383452243547,53.46351874491473,0.0,0.0,0.0,0.0,0.0,0.0,0.0,0.0,0.0,0.0,0.0,0.0,470.9591734532643,-3.533976151230019,0.0,0.0,13.14676690448723,0.0,0.0,0.0,0.0,58.546672955837494,0.0,0.0,0.048204811983085336,0.0,0.0,0.0,26.731759372457365,0.0,0.0,0.0,0.0,196.5910724353938,0.0,0.0,0.0,0.0,0.0,0.0,0.0,0.0,0.0,0.0,0.004382255634829076,0.004382255634829076,0.0,0.0,0.0,0.0,0.0,40.02226791879972,0.0,0.0,0.0,0.0,0.0,0.0,0.0,0.0,0.0,467.6724817271425,0.0,0.0,0.0,0.0,0.0,0.0,0.0,423.8677205758254,0.0,0.0,0.0,0.0,-333.6836778892688,-1000.0,1000.0,0.0,0.0,0.0,26.29353380897446,0.0,0.0,0.0,0.0,0.0,0.0,-26.29353380897446,0.0,0.0,0.0,0.0,0.0,0.0,0.0,0.0,0.0,0.0,0.0,0.0,364.7769963329613,-1000.0,30.01845109857917,0.0,-332.9977228505136,0.0,468.73622162954774,0.0,0.0,0.0,0.0,0.0,0.0,0.0,0.0,0.0,0.0,0.0,0.0,0.0,0.0,0.0,0.0,0.0,-5.477819543536345,446.7071926366726,-3.2866917261218074,3.286691726121776,0.0,0.0,0.0,0.0,0.0,0.0,-0.5477819543536345,174.4086851009473,0.0,0.0,0.0,0.0,0.0,0.0,0.0,1000.0,13.14676690448723,13.14676690448723,0.0,0.0,0.0,0.0,0.0,0.048204811983085336,467.6724817271425,0.0,0.0,-508.7584895483475,0.0,0.0,0.0,0.0,0.0,0.0,0.0,0.0,0.0,0.0,0.0,0.0,0.0,0.0,20.24724009490526,0.0,0.0,13.584992467970135,0.0,46.0136841657053,0.0,0.0,3.3743368388183885,0.0,0.0,0.0,467.6724817271425,0.0,566.9844612285963,0.0,0.0,0.0,-5.477819543536345,0.0,0.0,0.0,0.0,0.0,0.0,0.0,0.0,0.0,0.0,0.0,0.0,0.0,0.0,0.0,0.0,0.0,0.0,-0.04382255634829076,0.0,0.0,2.191127817414538,-1000.0,0.0,0.0,0.0,0.0,446.7071926366726,0.0,0.0,0.0,3.7731221015878,1.095563908707269,0.0,0.0,88.64442506706271,0.04382255634829076,0.0,43.82255634829076,0.0,8.764511269658152,0.3130182596306483,149.43491714767148,-0.03286691726121807,2.1911278174145306,0.8764511269658153,39.803155137058354,-149.43491714767148,13.14676690448723,-0.04382255634829076,4.1308778617544,0.0,0.01095563908707269,0.3130182596306483,-12.392633585263201,-6.97655097064785,-0.8764511269658153,-515.253165752835,-0.04382255634829076,0.01095563908707269,-149.43491714767148,4.382255634829076,0.04382255634829076,0.04382255634829076,-467.5804543588111,0.048204811983119836,0.0,-0.03286691726121807,13.14676690448723,0.04382255634829076,332.9977228505136,297.939677771881,-0.02191127817414538,-460.18478178173496,381.32388200313784,-0.03286691726121807,-0.04382255634829076,0.0,0.04382255634829076,4.382255634829076,-0.8764511269658153,60.9572324423574,60.9572324423574,-4.382255634829076,515.253165752835,-60.9572324423574,8.764511269658152,0.06573383452243614,-1000.0,4.382255634829076,-131.9624021426172,0.0,-8.764511269658152,0.02191127817414538,0.43822556348290764,165.0810763811689,33.7418106568071,-0.04382255634829076,-477.5325569055079,467.5804543588111,13.584992467970135,0.04382255634829076,6.97655097064785,-372.43802356397504,0.0,-0.04382255634829076,-0.01095563908707269,0.0,-0.04382255634829076,-995.6177443651709,0.043822556348177076,-0.01095563908707269,-0.01095563908707269,-0.01095563908707269,17.529022539316305,-297.939677771881,0.43822556348290764,110.34900279321892,-0.01095563908707269,326.0312749005834,2.191127817414538,500.0,0.04382255634829076,0.02191127817414538,0.02191127817414538,4.382255634829076,0.0,0.04382255634829076,0.0,0.43822556348290764,0.04382255634829076,-266.1129355105784,0.043822556348290756,0.1752902253931552,-39.803155137058354,0.02191127817414538,0.01095563908707269,13.14676690448723,-0.04382255634829076,0.0,0.43822556348290764,-220.69800558643783,1.0955639087072768,-4.382255634829076,8.764511269658152,2.191127817414538,-0.043822556348290756,12.392633585263201,0.06573383452243614,-0.04382255634829076,-8.764511269658152,0.0,92.20323620084649,0.02191127817414538,-1000.0,-0.04382255634829076,-0.043822556348177076,-0.04382255634829076,0.02191127817414538,149.43491714767148,-8.764511269658152,0.04382255634829076,330.1621527623378,-0.01095563908707269,-0.048204811983119836,-330.1621527623378,6.573383452243614,-381.32388200313784,-77.33309767318158,149.43491714767148,-0.03286691726121807,477.5325569055079,-33.7418106568071,0.04382255634829076,-0.010955639087072689,14.19389758649163,43.82255634829076,-0.02191127817414538,-0.04382255634829076,0.01095563908707269,1000.0,0.0,999.9780887218259,155.76393271735947,-1000.0,0.0,745.8576371064903,957.4713651140842,0.0,27.887672541589986,-1000.0,575.6344370656068,0.0,-13.943836270794993,500.0,500.0,0.0,-478.7356825570421,-467.6724817271425,-150.749909156684,0.0,-575.6344370656068,-150.749909156684,-745.8576371064903,556.9567025178181,0.0,1496.5981,bhi
240,0.0,0.0,0.0,0.0,0.0,0.0,0.0,0.0,0.0,0.0,0.0,0.0,0.0,0.0,0.0,0.0,48.53173080620991,371.4337427932962,0.0,-660.5485224198084,0.0,0.0,0.0,3.1588628925635476,0.0,0.0,0.0,0.0,0.0,1000.0,0.0,0.0,768.1551231668826,0.0,0.0,0.0,0.0,305.42239984687524,0.0,-1000.0,837.3113386436276,0.0,0.0,0.0,0.0,0.0,0.0,0.0,27.249010208523472,0.0,0.0,75.78074101473338,0.0,0.0,0.0,0.0,0.0,0.0,0.0,0.0,31.86076844071738,0.0,-478.23992232985825,-541.9614592112939,966.1074964948482,0.0,0.0,0.0,0.0,605.4764560145273,0.0,0.0,0.0,0.0,0.0,0.0,0.0,0.0,0.0,844.8542397961135,0.0,0.0,0.0,0.0,0.0,0.0,0.0,0.0,56.868278678430116,837.7317118369299,0.0,0.0,0.0,0.0,0.0,0.0,162.68866135637242,0.0,337.2831682875935,0.0,0.0,0.0,414.3118453702215,0.0,0.0,0.0,0.0,0.0,0.0,0.0,0.0,0.0,0.0,0.0,0.0,0.0,0.0,0.0,0.0,0.0,0.0,0.0,0.0,0.0,0.0,0.0,0.0,162.68866135637242,0.0,0.0,0.0,0.0,-1000.0,1000.0,0.0,0.0,-346.71159611008284,0.0,0.0,251.1292907879299,0.0,0.0,0.0,0.0,0.0,0.0,0.0,0.0,0.0,0.0,0.0,0.0,0.0,0.0,0.0,0.0,325.42927089491485,0.0,0.0,0.0,0.0,0.0,908.3400923312676,908.3400923312676,0.0,0.0,0.0,0.0,0.0,0.0,0.0,908.3400923312676,0.0,0.0,0.0,0.0,-695.6890813588941,0.0,0.0,0.0,0.0,0.0,0.0,0.0,0.0,0.0,0.0,0.0,0.0,0.0,0.0,-1000.0,0.0,0.0,0.0,0.0,0.0,0.0,-75.78074101473338,-56.868278678430116,56.868278678430116,95.58230532215293,0.0,0.0,0.0,0.0,0.0,0.0,585.6881546297785,-1000.0,0.0,0.0,0.0,0.0,0.0,0.0,0.0,0.0,0.0,0.0,0.0,0.0,0.0,286.69162340884196,-557.4459685439887,-1000.0,0.0,0.0,0.0,0.0,-95.58230532215293,0.0,0.0,0.0,0.0,31.86076844071738,-1000.0,0.0,0.0,0.0,0.0,0.0,0.0,0.0,0.0,237.38444121787794,0.0,162.68866135637242,0.0,886.2634426431398,1000.0,-105.40000948464002,0.0,1000.0,0.0,0.0,95.58230532215293,0.0,0.0,0.0,0.0,-324.70484575560704,0.0,0.0,-418.7120940458692,581.2879059541309,0.0,-1000.0,0.0,-581.2879059541309,0.0,0.0,-297.4513274987323,0.0,0.0,0.0,0.0,0.0,0.0,0.0,0.0,0.0,0.0,1000.0,0.0,0.0,0.0,0.0,0.0,0.0,31.86076844071738,0.0,0.0,0.0,0.0,0.0,0.0,0.0,0.0,0.0,599.9268974257496,48.53173080620991,0.0,0.0,-576.1396696349697,695.6890813588941,1000.0,0.0,0.0,0.0,0.0,0.0,0.0,0.0,982.9135755790523,17.08642442094765,-1000.0,708.0809492830158,-1000.0,0.0,0.0,0.0,0.0,0.0,0.0,0.0,0.0,0.0,0.0,0.0,0.0,0.0,0.0,0.0,0.0,0.0,517.245215453906,0.0,211.82281560703075,0.0,0.0,237.38444121787688,0.0,0.0,0.0,-237.38444121787794,0.0,337.2831682875935,0.0,0.0,0.0,0.0,1000.0,0.0,0.0,-17.08642442094765,0.0,0.0,-122.96625392569945,140.05267834664733,-1000.0,0.0,0.0,0.0,0.0,-842.8608972324053,0.0,1000.0,-157.13910276759498,0.0,162.68866135637242,0.0,0.0,0.0,791.3037253352946,0.0,0.0,0.0,-286.69162340884196,286.69162340884196,286.69162340884196,-791.3037253352946,0.0,0.0,-91.65990766873244,0.0,0.0,585.6881546297785,0.0,0.0,-31.86076844071829,0.0,0.0,0.0,0.0,0.0,0.0,0.0,-720.1346299003611,0.0,0.0,0.0,0.0,0.0,0.0,0.0,0.0,796.2547672386984,0.0,605.4764560145273,0.0,0.0,0.0,0.0,0.0,0.0,0.0,0.0,0.0,0.0,0.0,0.0,171.88446432058342,0.0,0.0,0.0,0.0,0.0,1000.0,0.0,598.3287252095504,0.0,0.0,0.0,89.1468629407809,-1000.0,0.0,0.0,0.0,0.0,0.0,0.0,0.0,0.0,0.0,0.0,0.0,0.0,0.0,0.0,-599.9268974257496,0.0,0.0,0.0,0.0,972.8290318898463,-972.8290318898463,-972.8290318898463,0.0,89.1468629407809,0.0,0.0,-630.9877669595802,0.0,0.0,286.69162340884196,0.0,0.0,0.0,0.0,0.0,0.0,0.0,0.0,0.0,0.0,0.0,0.0,0.0,0.0,95.58230532215293,95.58230532215293,0.0,0.0,0.0,0.0,0.0,0.0,0.0,0.0,0.0,0.0,0.0,0.0,0.0,0.0,0.0,0.0,-75.78074101473338,0.0,0.0,162.68866135637242,0.0,0.0,0.0,0.0,0.0,0.0,0.0,0.0,0.0,0.0,434.9474416794535,-1000.0,0.0,0.0,0.0,215.16405570032498,-1000.0,0.0,0.0,0.0,0.0,0.0,0.0,0.0,-739.0166911258285,585.6881546297785,-1000.0,0.0,0.0,0.0,0.0,0.0,1000.0,796.2547672386984,0.0,0.0,0.0,0.0,0.0,0.0,0.0,0.0,0.0,0.0,0.0,0.0,0.0,0.0,0.0,0.0,0.0,0.0,0.0,0.0,0.0,0.0,0.0,0.0,0.0,-125.07253133359794,1000.0,0.0,-537.6443003788096,-305.42239984687524,0.0,0.0,0.0,0.0,0.0,0.0,0.0,0.0,0.0,0.0,0.0,0.0,0.0,0.0,95.58230532215293,695.6890813588941,0.0,0.0,1000.0,0.0,0.0,0.0,0.0,0.0,0.0,0.0,0.0,0.0,0.0,0.0,0.0,0.0,0.0,0.0,0.0,0.0,0.0,0.0,0.0,0.0,0.0,0.0,0.0,585.6881546297785,0.0,0.0,0.0,982.9135755790523,0.0,0.0,0.0,0.0,0.0,0.0,0.0,0.0,0.0,0.0,0.0,0.0,0.0,0.0,0.0,0.0,0.0,0.0,0.0,0.0,0.0,-162.68866135637242,0.0,0.0,0.0,0.0,0.0,-171.88446432058342,0.0,0.0,0.0,0.0,0.0,0.0,112.31190988428,0.0,0.0,0.0,0.0,0.0,0.0,0.0,0.0,95.58230532215293,0.0,0.0,-667.7642108998025,-114.80715908825854,0.0,-784.835944299675,1000.0,0.0,0.0,874.9274686664031,-874.9274686664031,0.0,0.0,0.0,0.0,1000.0,0.0,0.0,0.0,-31.86076844071829,0.0,0.0,400.5810067907283,-400.5810067907283,0.0,0.0,0.0,0.0,0.0,0.0,0.0,0.0,0.0,0.0,0.0,0.0,0.0,0.0,0.0,0.0,0.0,237.38444121787794,0.0,0.0,171.88446432058342,-605.4764560145273,-369.337453717406,0.0,0.0,0.0,0.0,0.0,0.0,-365.80727519805106,0.0,0.0,0.0,0.0,0.0,0.0,0.0,0.0,0.0,0.0,0.0,-557.4459685439887,0.0,0.0,0.0,0.0,0.0,0.0,0.0,0.0,801.7060420985911,0.0,0.0,0.0,0.0,0.0,0.0,0.0,0.0,0.0,0.0,0.0,0.0,0.0,0.0,0.0,0.0,0.0,0.0,171.88446432058342,0.0,0.0,0.0,0.0,0.0,0.0,0.0,0.0,0.0,0.0,0.0,0.0,-724.0722740973623,-185.39584501496847,371.4337427932962,0.0,0.0,0.0,0.0,0.0,0.0,0.0,0.0,0.0,0.0,0.0,0.0,0.0,0.0,0.0,0.0,0.0,0.0,0.0,0.0,0.0,0.0,0.0,1000.0,383.37610352740876,982.9135755790523,0.0,-162.68866135637242,0.0,305.42239984687524,0.0,0.0,0.0,0.0,0.0,0.0,0.0,0.0,0.0,0.0,0.0,0.0,0.0,0.0,0.0,0.0,0.0,0.0,95.58230532215293,0.0,982.9135755790523,0.0,0.0,0.0,0.0,0.0,0.0,0.0,31.86076844071829,0.0,0.0,0.0,0.0,0.0,0.0,0.0,1000.0,0.0,0.0,0.0,0.0,0.0,0.0,844.8542397961135,0.0,171.88446432058342,0.0,0.0,-305.42239984687524,0.0,0.0,0.0,0.0,0.0,0.0,0.0,0.0,0.0,0.0,0.0,0.0,0.0,0.0,0.0,0.0,0.0,0.0,0.0,0.0,0.0,0.0,0.0,0.0,0.0,0.0,171.88446432058342,0.0,125.07253133359688,0.0,0.0,0.0,0.0,0.0,0.0,0.0,0.0,0.0,0.0,0.0,0.0,0.0,0.0,0.0,0.0,0.0,0.0,0.0,0.0,0.0,0.0,0.0,0.0,0.0,0.0,-89.1468629407809,0.0,0.0,0.0,0.0,95.58230532215293,0.0,0.0,0.0,-982.9135755790523,0.0,0.0,0.0,0.0,0.0,0.0,0.0,0.0,0.0,0.0,0.0,0.0,0.0,0.0,0.0,0.0,0.0,0.0,0.0,0.0,0.0,0.0,0.0,-1.0516032489249483e-12,0.0,240.58304882030228,0.0,0.0,0.0,431.78857878688996,0.0,0.0,-171.88446432058342,0.0,-488.28975306724374,0.0,0.0,0.0,162.68866135637242,162.68866135637242,0.0,162.8604821723289,95.58230532215293,0.0,0.0,0.0,0.0,0.0,0.0,0.0,0.0,0.0,-240.58304882030228,0.0,0.0,0.0,-1000.0,0.0,0.0,0.0,0.0,0.0,0.0,0.0,-114.80715908825854,0.0,-171.88446432058342,171.88446432058342,0.0,0.0,1.0516032489249483e-12,-594.4772401432624,0.0,0.0,0.0,0.0,0.0,-720.1346299003611,0.0,0.0,0.0,0.0,0.0,-162.68866135637242,0.0,0.0,0.0,0.0,0.0,360.06731495018056,0.0,0.0,0.0,0.0,0.0,0.0,0.0,0.0,0.0,0.0,0.0,9.094947017729282e-13,0.0,0.0,0.0,0.0,0.0,488.28975306724374,0.0,0.0,0.0,0.0,0.0,0.0,0.0,0.0,0.0,0.0,0.0,0.0,620.3202995729076,0.0,-720.1346299003611,0.0,0.0,0.0,0.0,0.0,0.0,0.0,0.0,0.0,0.0,0.0,0.0,-95.58230532215293,-2.687716805411867,0.0,0.0,171.88446432058342,114.80715908825854,0.0,0.0,0.0,0.0,0.0,0.0,0.0,1000.0,0.0,162.2682881630701,0.0,520.6232307385003,0.0,721.7328021165604,231.84487683311738,431.78857878688996,-1000.0,-1000.0,784.835944299675,-837.7317118369299,500.0,-260.31161536925015,500.0,-431.78857878688996,-115.92243841655869,-171.88446432058342,-254.51302437485657,837.7317118369299,-784.835944299675,-254.51302437485657,-721.7328021165604,658.1050211299114,0.0,1496.5981,bhi
241,0.0,0.0,0.0,0.0,0.0,0.0,0.0,0.0,-0.03203579941531242,0.0,0.0,0.0,0.0,0.0,0.0,0.0,-871.7525186684086,1000.0,0.0,93.36532691219003,0.0,0.0,0.0,240.3596855373345,0.0,0.0,0.0,0.0,0.0,-518.4650664767356,23.485180311699434,-23.485180311699434,347.32706954824965,0.0,0.0,0.0,0.0,77.55194495232595,0.0,-1000.0,1000.0,0.0,0.0,1000.0,0.0,0.0,0.0,0.0,822.3470833768367,-696.7052187803398,0.0,432.1294982316925,0.0,0.0352393793567843,0.0,0.0,0.0,6.407159883062484,0.0,0.0,114.98932576497178,0.0,261.92769004716797,0.0,0.0,0.0,0.0,0.0,36.92133851838628,-36.92133851838628,0.0,0.3203579941531242,0.0,0.0,0.0,0.0,0.0,0.0,0.0,0.0,0.0,0.0,0.0,0.0,19.22147964918745,0.0,0.0,-66.5070041132293,139.09397994426268,1000.0,-0.008008949853828105,0.0,0.0,96.92303585275715,9.610739824593725,0.0,222.167838516613,0.0,0.0,0.0,0.0,754.8389991032933,-518.4650664767356,0.0,0.0,0.0,0.0,0.0,0.0,0.0,0.0,0.0,0.0,0.0,0.0,0.0,0.0,0.0,0.0,0.0,0.0,0.0,0.0,0.0,-1000.0,0.0,0.0,222.167838516613,0.0,9.93109781874685,9.93109781874685,0.0,0.0,0.0,0.0,0.0,0.0,506.6544960207955,-506.6544960207955,-376.91701581213977,0.0,0.0,0.0,0.0,0.0,2.4667565549790433,0.03203579941531242,0.0,0.0,0.0,0.0,0.0,0.0,0.0,0.0,0.0,126.70440968399396,0.0,0.0,0.0,0.0,0.0,-330.2438539155853,-330.2438539155853,0.0,0.0,0.0,0.0,-216.76758257462848,0.0,0.0,-306.72663780447056,0.0,0.0,0.0,-1000.0,-711.7985666141931,0.0,0.0,0.0,0.0,0.0,0.0,0.0,0.0,0.0,-200.97309312340738,0.0,0.0,0.0,0.0,-1000.0,0.0,0.0,0.0,0.0,0.0,696.7052187803398,-432.1294982316925,-323.7105810319149,323.7105810319149,376.91701581213977,0.0,0.0,0.0,0.0,0.0,0.0,0.0,-907.989975094653,0.0,0.0,0.0,0.0,0.0,0.0,0.0,0.0,0.0,0.0,0.0,0.0,0.0,540.6552586478944,232.52338384932992,1000.0,0.0,0.0,0.0,0.0,-155.23642229010122,0.0,0.0,0.0,0.0,114.98932576497178,0.0,23.485180311699434,0.0,0.0,0.0,0.0,0.0,0.0,0.0,24.51673305287241,0.0,212.55709869201925,0.0,-462.8045609761776,0.0,0.0,0.0,-1000.0,0.0,0.0,376.91701581213977,-408.4346766478146,0.0,0.0,0.0,215.57073274976688,0.0,0.0,-1000.0,0.0,0.0,-1000.0,0.0,0.0,-184.61660108765227,0.0,445.94416484836023,696.7052187803398,0.0,-112.4385175158232,0.0,0.0,0.0,894.0498127824035,0.0,-894.0498127824035,0.0,-306.7907094033012,0.0,0.0,-1000.0,0.0,0.0,0.0,114.98932576497178,-0.04805369912296863,0.0,0.0,0.0,0.0,0.03203579941531242,0.0,0.0,0.0,531.634834908476,-871.7525186684086,0.0,-449.212543690788,742.5627126106533,711.7985666141931,1000.0,0.0,45.89448624237653,0.0,0.0,0.0,0.0,0.0,138.56387692876038,0.0,-184.4583631711369,-1000.0,-1000.0,0.0,0.0,0.0,0.0,0.0,0.0,0.0,0.0,0.0,0.0,0.0,0.0,0.0,0.0,0.0,0.0,0.0,-922.3199118500131,0.0,-1000.0,0.0,0.0,0.0,0.0,0.0,0.0,-3.49830929615202,0.0,0.0,0.0,0.0,753.2372091325277,51.078451751652864,0.0,-632.1088267551124,0.0,-87.99979027003914,-1000.0,-582.4202425027756,0.0,0.0,0.0,253.88843221808298,1000.0,-0.8008949853828105,580.81845253201,0.0,0.0,-722.3878737475383,943.764568547992,0.0,222.167838516613,0.0,0.0,0.0,0.0,0.0,0.0,0.0,-540.6552586478944,540.6552586478944,540.6552586478944,993.5928401169375,0.0,52.26942749669432,0.0,0.0,0.0,0.0,0.0,0.0,-146.9383642821962,0.0,0.0,222.167838516613,0.0,0.0,0.0,0.0,10.355545332716941,0.06407159883061209,0.0,0.0,0.0,0.0,0.0,0.0,0.0,0.0,0.0,0.0,0.0,0.0,0.0,0.0,0.0,0.0,0.0,0.0,0.0,0.0352393793567843,0.0352393793567843,23.485180311699434,393.95436350852304,0.0,19.22147964918745,0.0,6.677995921331359,0.0,1000.0,0.0,0.0,0.0,0.0,0.0,1000.0,-1000.0,0.0,0.0,0.0,0.0,0.0,222.167838516613,0.0,0.0,0.0,0.0,0.0,0.0,0.0,333.3333333333333,-531.634834908476,0.0,0.0,2.4667565549790433,0.0,-903.0769641472428,1000.0,778.3194064779615,0.0,1000.0,0.0,1000.0,10.355545332716941,0.0,0.0,540.6552586478944,0.0,0.0,0.0,0.0,0.0,0.0,0.0,0.0,0.0,0.0,0.0,0.0,0.0,19.22147964918745,376.91701581213977,376.91701581213977,0.0,0.0,0.0,0.0,0.0,0.0,0.0,0.0,0.0,0.0,0.3203579941531242,0.0,23.485180311699434,0.0,0.0,23.485180311699434,-432.1294982316925,0.0,0.0,222.167838516613,0.0,0.0,0.0,0.0,0.0,0.0,0.0,0.0,0.0,0.0,0.0,-578.4140295817233,0.0,9.610739824593725,9.610739824593725,982.992159495414,-1000.0,0.0,222.167838516613,0.0,0.0,0.0,0.0,0.0,518.4650664767356,0.0,1000.0,0.03203579941531242,0.0,0.0,0.0,2.583458395706266,0.0,0.0,-96.92303585275717,0.0,0.0,0.0,0.0,0.0,0.0,0.0,0.0,0.0,0.0,0.0,0.0,0.0,0.0,0.03203579941531242,0.0,0.0,0.0,0.0,0.0,0.0,0.0,0.0,0.0,0.0,-3.49830929615202,0.0,0.0,-77.68008814998689,-2.4026849561483914,0.0,-1.601789970765621,0.0,0.0,0.0,0.0,0.0,0.0,0.0,0.0,0.0,0.0,0.0,376.91701581213977,711.7985666141931,0.0,0.0,-720.7860837767727,0.0,0.0,0.0,-0.03203579941531242,0.0,0.0,0.03203579941531242,0.0,0.03203579941531242,0.0,0.0,0.0,19.22147964918745,39.08367528668115,39.08367528668115,0.0,0.0,0.0,0.0,0.0,0.0,0.0,0.0,0.0,0.0,0.0,0.0,141.32215925841874,0.0,0.0,0.0,0.0,0.0,0.0,0.0,0.0,0.0,0.0,0.0,0.0,0.0,0.0,221.68059352203855,0.0,0.0,0.0,0.04805369912296863,0.0,0.0,0.0,-222.167838516613,0.0,0.0,0.0,0.0,0.0,-393.95436350852304,1.601789970765621,0.0,0.0,0.0,0.0,216.76758257462848,3.49830929615202,-1.601789970765621,0.0,0.0,0.0,0.0,0.0,0.0,0.0,376.91701581213977,0.0,0.0,-177.52458846330967,-146.7008951393713,0.0,79.00665932767495,0.0,0.0,0.0,0.0,0.0,0.0,-447.51835193449574,6.677995921331359,1.601789970765621,855.6274663549525,0.0,0.0,-23.485180311699434,-146.9383642821962,0.0,0.0,614.8069172937278,-614.8069172937278,0.0,0.0,0.0,0.0,0.0,196.16772321111065,0.0,39.08367528668115,0.0,0.0,0.0,23.485180311699434,0.0,0.0,0.0,0.0,0.0,24.51673305287241,0.0,0.0,401.1624183769683,-2.583458395706266,0.0,0.0,9.610739824593725,0.0,0.0,0.0,0.0,-163.090592231909,0.0,0.0,0.0352393793567843,0.0,0.0,0.0,19.541837643340575,0.0,0.0,0.0,0.0,232.52338384932992,0.0,0.0,0.0,0.0,0.0,0.0,0.0,0.0,0.0,0.0,0.003203579941531242,0.003203579941531242,0.0,0.0,0.0,0.0,0.0,0.0,0.0,0.0,0.0,0.0,23.485180311699434,0.0,0.0,0.0,0.0,393.95436350852304,0.0,0.0,0.0,0.0,0.0,0.0,0.0,696.7052187803398,0.0,0.0,0.0,0.0,-552.4816480655043,-261.4963123656185,1000.0,0.0,0.0,0.0,19.22147964918745,0.0,0.0,0.0,0.0,0.0,0.0,-19.22147964918745,0.0,0.0,0.0,0.0,0.0,0.0,0.0,0.0,0.0,23.485180311699434,23.485180311699434,0.0,-1000.0,-1000.0,163.26668185790774,0.0,-222.167838516613,0.0,77.55194495232595,0.0,0.0,0.0,0.0,0.0,0.0,0.0,0.0,0.0,0.0,0.0,0.0,0.0,0.0,0.0,0.0,6.677995921331359,-4.004474926914012,376.91701581213977,-755.6398940886761,138.9194743022703,0.0,0.0,0.0,0.0,0.0,-0.4004474926914052,0.0,146.9383642821962,0.0,0.0,0.0,0.0,0.0,0.0,0.0,1000.0,9.610739824593725,9.610739824593725,0.0,0.0,0.0,0.0,0.0,0.0352393793567843,393.95436350852304,0.0,0.0,-77.55194495232595,0.0,0.0,0.0,0.0,0.0,0.0,0.0,0.0,0.0,0.0,0.0,0.0,0.0,0.0,0.0,0.0,0.0,9.93109781874685,0.0,33.63758938607804,2.4667565549790433,0.0,0.0,0.0,0.0,0.0,393.95436350852304,0.0,-3.49830929615202,0.0,0.0,0.0,-4.004474926914012,0.0,0.0,0.0,0.0,0.0,0.0,0.0,0.0,0.0,0.0,0.0,0.0,0.0,0.0,0.0,0.0,0.0,0.0,-0.03203579941531242,0.0,0.0,1.601789970765621,-1000.0,0.0,0.0,0.0,0.0,376.91701581213977,0.0,0.0,0.0,-138.56387692876038,0.8008949853828105,0.0,0.0,0.0,0.03203579941531242,0.0,32.03579941531242,0.0,6.407159883062484,0.22882713868080298,109.24207600621536,-0.024026849561484313,378.22039453702945,0.6407159883062484,-0.16017899707624395,-109.24207600621536,9.610739824593725,-0.03203579941531242,0.0,222.167838516613,0.008008949853828105,0.22882713868080298,0.0,-5.100099266917641,22.844464323393186,-221.6128082437815,-0.03203579941531242,0.008008949853828105,-109.24207600621536,3.203579941531242,0.03203579941531242,0.03203579941531242,-393.88708832975095,0.03523937935684366,-336.9715242155328,-0.024026849561484313,9.610739824593725,0.03203579941531242,222.167838516613,196.53919898436303,-0.01601789970765621,210.2671145315388,152.00080654915467,-0.024026849561484313,-0.03203579941531241,0.0,0.03203579941531242,3.203579941531242,-0.6407159883062484,221.68059352203855,221.68059352203855,-3.203579941531242,221.6128082437815,-221.68059352203855,6.407159883062484,0.04805369912296863,-1000.0,3.203579941531242,-333.3333333333333,222.167838516613,-6.407159883062484,0.01601789970765621,0.3203579941531242,112.303135922697,-140.29373525630882,-0.03203579941531242,-401.1624183769683,393.88708832975095,9.93109781874685,0.03203579941531242,5.100099266917641,-28.832219473781205,222.167838516613,-0.03203579941531242,-0.008008949853828105,-222.167838516613,-0.03203579941531242,10.355545332716941,0.03203579941531242,-0.008008949853828105,-0.008008949853828105,-0.008008949853828105,12.814319766124967,-196.53919898436303,0.3203579941531242,319.2365171961414,-0.008008949853828105,224.606271845394,1.601789970765621,-3.5759826955928498,0.03203579941531242,0.01601789970765621,0.01601789970765621,114.28749919983774,0.0,0.03203579941531242,0.0,0.3203579941531242,0.03203579941531242,-910.2405058047875,0.03203579941531242,0.12814319766093263,0.16017899707624395,0.01601789970765621,0.008008949853828105,9.610739824593725,-0.03203579941531242,336.9715242155328,-11.422232161696593,-638.4730343922828,377.41949955164665,-3.203579941531242,6.407159883062484,1.601789970765621,-0.03203579941531242,0.0,0.04805369912296863,-0.03203579941531242,-228.57499839967548,0.0,195.00716289764557,0.01601789970765621,7.1519653911856995,-0.03203579941531242,-0.03203579941531242,-0.03203579941531242,0.016017899707656207,109.24207600621536,-6.407159883062484,0.03203579941531242,224.606271845394,-0.008008949853828105,-0.03523937935684366,-224.606271845394,4.805369912296862,-152.00080654915467,287.04957974213346,109.24207600621536,-0.024026849561484313,401.1624183769683,140.29373525630882,0.03203579941531242,-0.008008949853828103,1.601789970765621,32.03579941531242,-0.01601789970765621,-0.03203579941531242,0.008008949853828105,1000.0,0.0,184.6005831879446,591.0039886086461,-28.410499794974292,0.0,730.1455633316727,-348.035060715328,0.0,323.5975911514813,-1000.0,-85.41381921073744,-815.3833989123477,-161.79879557574066,14.205249897487146,500.0,0.0,174.017530357664,-393.95436350852304,-31.91657066573658,815.3833989123477,85.41381921073744,-31.91657066573658,-730.1455633316727,377.88710143196136,0.0,1496.5981,bhi
242,0.0,0.0,0.0,0.0,0.0,0.0,0.0,0.0,-0.04013138116444747,0.0,0.0,0.0,0.0,0.0,0.0,0.0,334.7904352249942,936.6450540948812,0.0,-821.1199999310318,0.0,0.0,0.0,744.15733594943,0.0,0.0,0.0,0.0,0.0,-991.3373391856179,0.0,0.0,0.0,0.0,0.0,0.0,0.0,234.75330456030298,0.0,-1000.0,722.2365933896042,0.0,-677.3982166170426,1000.0,0.0,0.0,0.0,2.179757219835018,-20.85131265641894,-551.2504321111572,0.0,0.0,0.0,0.04414451928093191,0.0,0.0,0.0,10.206033452724512,0.0,0.0,278.65105806431274,0.0,504.32517992010986,-63.57964711216363,0.0,0.0,0.0,0.0,510.73412134586965,1000.0,0.0,0.40131381164447477,0.0,0.0,0.0,0.0,0.0,0.0,0.0,0.0,0.0,0.0,0.0,0.0,24.078828698668485,0.0,0.0,-469.7993761033852,862.1257425949275,-190.79175336303,-0.010032845291111868,0.0,0.0,0.0,12.039414349334242,0.0,343.34454387114465,-1.2922304734956924,0.0,0.0,0.0,475.34050274212797,-991.3373391856179,0.0,0.0,-224.76335096422952,0.0,0.0,0.0,0.0,0.0,0.0,0.0,0.0,0.0,0.0,0.0,0.0,0.0,0.0,0.0,0.0,0.0,0.0,-499.24960626816886,0.0,0.0,343.34454387114465,0.0,12.440728160978717,0.0,0.0,316.46295759987765,-316.46295759987765,0.0,0.0,-846.5558850965864,-968.75,968.75,0.0,0.0,0.0,0.0,0.0,0.0,3.090116349662462,0.04013138116444747,0.0,0.0,0.0,-584.4655403720308,547.6677887390618,0.0,0.0,0.0,0.0,466.26043029913427,0.0,0.0,0.0,0.0,0.0,23.22227401545456,23.22227401545456,0.0,0.0,0.0,0.0,96.23388990178438,0.0,0.0,23.262405396619005,0.0,0.0,0.0,-1000.0,0.0,0.0,0.0,0.0,0.0,0.0,0.0,0.0,0.0,0.0,-522.6747116736036,0.0,0.0,0.0,0.0,-1000.0,0.0,0.0,0.0,0.0,0.0,551.2504321111572,677.3982166170426,-671.3339892318975,671.3339892318975,0.0,0.0,0.0,0.0,0.0,0.0,0.0,0.0,-36.78392556387132,0.0,0.0,0.0,0.0,0.0,0.0,0.0,0.0,0.0,0.0,0.0,0.0,0.0,0.0,-289.40183610412043,0.0,0.0,0.0,0.0,0.0,165.31338662631646,0.0,0.0,0.0,0.0,278.65105806431274,-1000.0,0.0,0.0,155.97462603374163,0.0,0.0,0.0,0.0,0.0,0.0,0.0,331.3051295218104,0.0,143.93848479021767,1000.0,-484.5864613746591,0.0,0.0,0.0,0.0,846.5558850965864,0.0,0.0,0.0,0.0,-10.604653341640756,0.0,0.0,1000.0,0.0,0.0,0.0,1000.0,-1000.0,190.79175336303,0.0,-65.15824630824432,551.2504321111572,0.0,-53.346833177508,0.0,0.0,0.0,-531.0227942473487,0.0,531.0227942473487,0.0,23.182142634290113,846.5558850965864,0.0,0.0,0.0,0.0,0.0,278.65105806431274,-0.0601970717466712,0.0,0.0,0.0,0.0,0.04013138116444747,0.0,0.0,0.0,491.34206950253883,334.7904352249942,0.0,-149.842233976153,371.8608438206138,0.0,1000.0,0.0,-899.1917953590041,0.0,-224.76335096422952,0.0,0.0,0.0,-3.455311918258966,902.6471072772631,0.0,-446.3059330970285,-1000.0,0.0,0.0,0.0,0.0,0.0,0.0,0.0,0.0,0.0,0.0,0.0,0.0,0.0,0.0,0.0,0.0,155.97462603374163,-765.0861699150388,0.0,-1000.0,0.0,0.0,0.0,0.0,0.0,0.0,-3.0901163496624804,0.0,0.0,0.0,15.096690876214995,473.33393368390557,-413.38122862313264,0.0,-238.67353590017518,0.0,-1000.0,0.0,0.0,-69.13359561414359,0.0,0.0,0.0,1000.0,-1.0032845291111867,-2.0065690582223734,-583.9937441699578,0.0,656.1371933714349,1000.0,-864.6002399756288,343.34454387114465,0.0,0.0,0.0,0.0,0.0,0.0,531.25,531.2499999999999,-531.2499999999999,-531.2499999999999,411.6947543529827,0.0,0.0,0.0,0.0,0.0,0.0,0.0,0.0,-289.25376896796075,0.0,0.0,65.58113726074883,0.0,0.0,0.0,0.0,-669.544131608234,0.08026276232919827,0.0,0.0,0.0,0.0,0.0,0.0,0.0,0.0,0.0,664.1782362492833,0.0,0.0,0.0,0.0,0.0,0.0,0.0,0.0,0.0,0.04414451928093191,0.04414451928093191,0.0,474.3154347390629,0.0,24.078828698668485,0.0,0.0,0.0,617.8489552189228,0.0,0.0,0.0,0.0,0.0,1000.0,-617.8489552189228,0.0,0.0,0.0,0.0,0.0,65.58113726074883,0.0,0.0,0.0,0.0,0.0,0.0,0.0,166.41653542272294,-491.34206950253883,36.797751632968925,0.0,3.090116349662462,0.0,0.0,0.0,-165.31338662631646,0.0,1000.0,0.0,1000.0,-669.544131608234,718.7499999999972,-718.7499999999972,0.0,0.0,0.0,0.0,0.0,0.0,0.0,0.0,0.0,0.0,0.0,0.0,0.0,0.0,24.078828698668485,846.5558850965863,846.5558850965864,0.0,0.0,0.0,0.0,0.0,0.0,0.0,0.0,0.0,0.0,0.40131381164447477,0.0,0.0,0.0,0.0,0.0,677.3982166170426,0.0,0.0,343.34454387114465,0.0,0.0,0.0,0.0,0.0,0.0,0.0,0.0,0.0,0.0,751.3408531778662,0.0,0.0,12.039414349334242,12.039414349334242,1000.0,-617.8489552189228,0.0,65.58113726074883,0.0,0.0,0.0,0.0,0.0,437.6432722826464,0.0,1000.0,0.04013138116444747,0.0,0.0,0.0,52.99922188210495,0.0,0.0,0.0,0.0,-846.5558850965864,0.0,0.0,0.0,0.0,0.0,0.0,0.0,0.0,0.0,0.0,0.0,0.0,0.04013138116444747,0.0,0.0,0.0,339.51866058743263,-339.51866058743263,0.0,0.0,0.0,0.0,0.0,216.00823905522097,0.0,0.0,-454.0121854898447,-3.0098535873335095,0.0,-2.006569058222375,0.0,0.0,0.0,0.0,0.0,0.0,0.0,0.0,0.0,0.0,0.0,846.5558850965863,0.0,0.0,0.0,-206.45647754597155,0.0,0.0,0.0,-0.04013138116444747,0.0,0.0,0.04013138116444747,0.0,0.04013138116444747,0.0,0.0,0.0,24.078828698668485,48.96028502062592,48.96028502062592,0.0,0.0,0.0,0.0,0.0,0.0,0.0,36.797751632968925,0.0,0.0,0.0,0.0,0.0,0.0,0.0,0.0,0.0,0.0,0.0,0.0,0.0,0.0,0.0,0.0,0.0,0.0,0.0,165.31338662631646,0.0,0.0,0.0,0.0601970717466712,0.0,0.0,0.0,-343.34454387114465,0.0,0.0,0.0,0.0,0.0,-474.3154347390629,2.0065690582223734,0.0,0.0,0.0,0.0,-96.23388990178438,-1.2922304734956924,-2.006569058222375,0.0,0.0,0.0,0.0,0.0,0.0,0.0,846.5558850965864,0.0,0.0,968.0715614121762,474.3154347390629,0.0,968.2324970816845,-224.76335096422952,219.09835540488345,-4.382346823158173,0.0,-214.71600858172528,0.0,-48.96028502062592,0.0,2.006569058222375,1000.0,0.0,0.0,0.0,-289.25376896796075,0.0,0.0,660.7296842112178,-660.7296842112178,0.0,0.0,0.0,0.0,0.0,1000.0,-483.3449955010635,48.96028502062592,0.0,0.0,0.0,0.0,0.0,0.0,0.0,0.0,0.0,0.0,0.0,0.0,0.0,-717.1774581313882,-1000.0,-677.3982166170426,12.039414349334242,0.0,0.0,0.0,0.0,-352.89789869158574,0.0,0.0,0.04414451928093191,0.0,0.0,0.0,24.48014251031296,0.0,0.0,0.0,0.0,-289.40183610412043,0.0,0.0,0.0,0.0,0.0,0.0,0.0,0.0,0.0,0.0,0.0040131381164447465,0.0040131381164447465,0.0,0.0,0.0,0.0,0.0,0.0,0.0,0.0,0.0,0.0,0.0,0.0,0.0,0.0,0.0,474.3154347390629,0.0,0.0,0.0,0.0,0.0,0.0,0.0,551.2504321111572,0.0,0.0,0.0,0.0,0.0,439.849528171336,936.6450540948812,0.0,0.0,0.0,24.078828698668485,0.0,0.0,0.0,0.0,0.0,-24.078828698668485,0.0,0.0,0.0,0.0,0.0,0.0,0.0,0.0,0.0,0.0,0.0,0.0,0.0,-1000.0,-1000.0,27.489996097646518,534.8124124604054,-878.1569563315501,0.0,234.75330456030298,0.0,0.0,0.0,0.0,0.0,0.0,0.0,0.0,0.0,0.0,0.0,0.0,0.0,0.0,0.0,0.0,0.0,-5.016422645555885,846.5558850965864,-476.34378727123914,480.33514191373,0.0,0.0,0.0,0.0,0.0,-0.5016422645555935,0.0,289.25376896796075,0.0,0.0,0.0,0.0,0.0,0.0,0.0,1000.0,12.039414349334242,12.039414349334242,0.0,0.0,0.0,0.0,0.0,0.04414451928093191,474.3154347390629,0.0,0.0,-234.75330456030298,0.0,0.0,0.0,0.0,0.0,0.0,0.0,0.0,0.0,0.0,0.0,0.0,0.0,0.0,0.0,0.0,0.0,0.0,0.0,42.13795022266985,0.0,0.0,3.090116349662462,0.0,0.0,0.0,474.3154347390629,0.0,0.0,0.0,0.0,0.0,-5.016422645555885,0.0,0.0,0.0,0.0,0.0,0.0,0.0,0.0,0.0,0.0,0.0,0.0,0.0,0.0,0.0,0.0,0.0,0.0,-0.04013138116444747,0.0,0.0,2.0065690582223734,-1000.0,0.0,0.0,0.0,0.0,846.5558850965864,0.0,0.0,0.0,3.455311918258966,1.0032845291111867,0.0,0.0,0.0,0.04013138116444747,0.0,40.13138116444747,-12.440728160978717,8.026276232889494,0.2866527226031962,111.96655344880845,-0.0300985358733356,238.67353590017518,0.8026276232889494,-0.20065690582268303,-111.96655344880845,12.03941434933424,-0.04013138116444747,74.9211169880765,65.58113726074883,0.010032845291111868,0.2866527226031962,-224.76335096422952,-6.388915881380548,-0.8026276232889494,-450.3154893888436,-0.04013138116444747,0.010032845291111868,-111.96655344880845,4.013138116444747,0.04013138116444747,0.04013138116444747,-474.23115883861755,0.04414451928089222,-220.01742967977498,-0.0300985358733356,12.039414349334242,0.04013138116444747,343.34454387114465,311.23943893958665,-0.020065690582223735,203.28370130909974,-169.36665612392565,-0.0300985358733356,-0.04013138116444747,-12.440728160978717,0.04013138116444747,4.013138116444747,-0.8026276232889494,165.31338662631646,165.31338662631646,-4.013138116444747,450.3154893888436,-165.31338662631646,8.026276232889494,0.0601970717466712,-1000.0,4.013138116444747,-166.41653542272294,65.58113726074883,-8.026276232889494,0.020065690582223735,0.40131381164447477,37.46055849403825,482.34171097195235,-0.04013138116444747,-483.3449955010635,474.23115883861755,12.440728160978717,0.04013138116444747,6.388915881380548,-313.8816496583986,65.58113726074883,-0.04013138116444747,-0.010032845291111868,-65.58113726074883,-0.04013138116444747,-669.544131608234,0.0401313811644286,-0.010032845291111868,-0.010032845291111868,-0.010032845291111868,16.052552465778987,-311.23943893958665,0.40131381164447477,29.73233702021173,-0.010032845291111868,0.0,2.0065690582223734,336.7786348623394,0.04013138116444747,0.020065690582223735,0.020065690582223735,-386.47423580147404,12.440728160978717,0.04013138116444747,-12.440728160978717,0.40131381164447477,0.04013138116444747,-29.73233702021173,0.04013138116444747,0.16052552465828285,0.20065690582268303,0.020065690582223735,0.010032845291111868,12.039414349334242,-0.04013138116444747,220.01742967977498,0.4013138116444747,-59.46467404042346,237.67025137106398,-4.013138116444747,8.026276232889494,2.0065690582223734,-0.04013138116444747,224.76335096422952,0.0601970717466712,-0.04013138116444747,772.9484716029481,12.440728160978717,485.0942579223956,0.020065690582223735,-673.5572697246788,-0.04013138116444747,-0.0401313811644286,-0.04013138116444747,0.020065690582223735,111.96655344880845,-8.026276232889494,0.04013138116444747,74.9211169880765,-0.010032845291111868,-0.04414451928089222,-74.9211169880765,6.01970717466712,169.36665612392565,479.2935054645182,111.96655344880845,-0.0300985358733356,483.3449955010635,-482.34171097195235,0.04013138116444747,-0.010032845291111866,17.10325993443744,40.13138116444747,-0.020065690582223735,-0.04013138116444747,0.010032845291111868,1000.0,0.0,999.9799343094178,0.0,748.503907153701,0.0,426.79339854175504,-225.65025448796385,0.0,1000.0,-194.95767962164268,-939.4610216816051,0.0,-500.0,-374.2519535768505,97.47883981082134,0.0,112.82512724398192,-474.3154347390629,-132.19635923080992,0.0,939.4610216816051,-132.19635923080992,-426.79339854175504,368.33095504185445,0.0,1496.5981,bhi
243,0.0,0.0,0.0,0.0,0.0,0.0,0.0,0.0,-0.041336646691157164,0.0,0.0,0.0,0.0,0.0,0.0,0.0,84.04756857208713,1000.0,0.0,-888.3332562973424,0.0,0.0,0.0,70.75583552313933,0.0,0.0,0.0,0.0,0.0,-699.8201500334998,0.0,0.0,0.0,0.0,0.0,0.0,0.0,788.2861560839783,0.0,-1000.0,1000.0,0.0,0.0,0.0,0.0,0.0,0.0,0.0,615.7725814614126,0.0,0.0,0.0,0.0,0.045470311360316436,0.0,0.0,0.0,0.0,0.0,0.0,-72.89772723678571,0.0,-375.9759547527955,-448.8736819895812,235.46172197350012,0.0,0.0,0.0,699.6255379658626,-699.6255379658626,0.0,0.41336646691157164,0.0,0.0,0.0,0.0,0.0,0.0,0.0,0.0,0.0,0.0,0.0,0.0,24.801988014694295,0.0,0.0,-28.994637971360596,779.1637620106605,-1000.0,-0.010334161672789291,0.0,0.0,0.0,12.400994007347148,0.0,69.45407097360251,-541.5328432087651,0.0,0.0,0.0,959.6160189673808,-699.8201500334998,0.0,0.0,0.0,0.0,0.0,0.0,0.0,0.0,0.0,0.0,0.0,0.0,0.0,0.0,0.0,0.0,0.0,0.0,0.0,0.0,0.0,-294.7371716881193,0.0,0.0,69.45407097360251,0.0,12.814360474258718,0.0,0.0,380.2551156105246,-380.2551156105246,0.0,0.0,0.0,-718.7500000000024,718.7500000000024,0.0,0.0,0.0,0.0,0.0,0.0,3.1829217952191144,0.041336646691157164,0.0,0.0,0.0,0.0,0.0,0.0,0.0,126.9226684342875,0.0,11.97806200915849,0.0,0.0,0.0,0.0,0.0,483.0709563865077,483.0709563865077,0.0,0.0,0.0,0.0,0.0,0.0,0.0,483.11229303319885,0.0,0.0,0.0,-1000.0,-680.7185307863607,0.0,0.0,0.0,0.0,0.0,0.0,0.0,0.0,0.0,0.0,0.0,0.0,0.0,0.0,-234.23562079087162,0.0,0.0,0.0,0.0,0.0,0.0,0.0,220.83623798933945,-220.83623798933945,0.0,0.0,0.0,0.0,0.0,0.0,0.0,0.0,-841.008622226539,0.0,0.0,0.0,0.0,0.0,0.0,0.0,0.0,0.0,0.0,0.0,0.0,0.0,0.0,-926.4122643572819,0.0,0.0,0.0,0.0,0.0,0.0,0.0,0.0,0.0,0.0,-72.89772723678571,0.0,0.0,0.0,264.54503085712724,0.0,0.0,0.0,0.0,0.0,0.0,8.267329338231432,57.05307696625536,0.0,-916.0144363979498,-357.6869123766287,807.6141814793915,0.0,0.0,0.0,0.0,0.0,-949.5692910367883,0.0,0.0,0.0,117.03431142279834,0.0,0.0,-1000.0,-145.05174633952504,0.0,-1000.0,145.05174633952504,0.0,1000.0,0.0,-254.27496179805496,0.0,0.0,115.32924426832847,0.0,0.0,0.0,0.0,0.0,0.0,0.0,483.02961973981655,0.0,0.0,783.7833633940107,0.0,0.0,0.0,-72.89772723678571,-0.06200497003673574,0.0,0.0,0.0,0.0,0.041336646691157164,0.0,0.0,0.0,164.7815498172691,84.04756857208713,0.0,0.0,46.81734349446151,680.7185307863607,1000.0,0.0,-5.762825410932976,0.0,0.0,0.0,0.0,0.0,413.0615163486837,0.0,-407.29869093775073,-105.03939382383057,-939.4065671587401,0.0,0.0,0.0,0.0,0.0,0.0,0.0,0.0,0.0,0.0,0.0,0.0,0.0,0.0,0.0,0.0,264.54503085712724,-523.2065568110853,0.0,-1000.0,0.0,0.0,540.2018031853094,0.0,0.0,299.53647361672705,-3.1829217952191144,0.0,0.0,0.0,0.0,957.549186632823,-111.30685171643017,0.0,-401.92376035769803,-1.033416167278929,-588.3186862494324,0.0,0.0,0.0,-64.98170546068474,0.0,-78.91766529327128,0.0,0.0,-2.066832334557858,581.1547085490062,0.0,-26.868820349252154,1000.0,0.0,69.45407097360251,0.0,0.0,0.0,0.0,0.0,0.0,0.0,0.0,0.0,0.0,-143.48158053487066,0.0,0.0,0.0,0.0,0.0,0.0,0.0,0.0,-145.7954544735714,0.0,0.0,69.45407097360251,0.0,0.0,0.0,0.0,-995.8663353308843,0.08267329338229787,0.0,0.0,0.0,0.0,0.0,0.0,0.0,0.0,0.0,0.0,0.0,0.0,0.0,0.0,0.0,0.0,0.0,0.0,0.0,0.045470311360316436,0.045470311360316436,0.0,380.206222342425,0.0,24.801988014694295,0.0,0.0,0.0,600.439794021186,0.0,464.5566596265022,0.0,0.0,0.0,1000.0,-600.439794021186,0.0,0.0,708.747914042578,0.0,0.0,69.45407097360251,0.0,0.0,0.0,0.0,0.0,0.0,0.0,98.24572389603976,-164.7815498172691,0.0,0.0,3.1829217952191144,0.0,0.0,0.0,0.0,0.0,-350.5182577545904,0.0,0.0,4.133664669115716,0.0,0.0,0.0,0.0,0.0,0.0,0.0,0.0,0.0,0.0,0.0,0.0,0.0,0.0,0.0,0.0,24.801988014694295,0.0,0.0,0.0,0.0,0.0,0.0,0.0,0.0,0.0,0.0,0.0,0.0,0.41336646691157164,0.0,0.0,0.0,0.0,0.0,0.0,0.0,0.0,69.45407097360251,-708.747914042578,0.0,0.0,0.0,0.0,0.0,0.0,0.0,0.0,0.0,-449.70918658412717,0.0,0.0,12.400994007347148,12.400994007347148,1000.0,-600.439794021186,0.0,69.45407097360251,0.0,0.0,0.0,0.0,0.0,-195.14045614266968,0.0,0.0,0.041336646691157164,0.0,0.0,0.0,54.59094719091462,916.0440715779717,0.0,0.0,0.0,0.0,0.0,0.0,0.0,0.0,103.88601982727619,0.0,0.0,0.0,0.0,0.0,0.0,0.0,0.041336646691157164,0.0,0.0,0.0,0.0,0.0,0.0,0.0,0.0,0.0,0.0,537.0188813900902,-126.9226684342875,0.0,-476.7934431889147,-3.1002485018367874,-2.066832334557858,0.0,0.0,0.0,0.0,0.0,0.0,0.0,0.0,0.0,0.0,0.0,0.0,0.0,680.7185307863607,0.0,0.0,-24.801988014694295,0.0,0.0,0.0,-0.041336646691157164,0.0,0.0,0.041336646691157164,0.0,0.041336646691157164,311.65805948182856,0.0,0.0,24.801988014694295,50.430708963211735,50.430708963211735,0.0,0.0,0.0,0.0,0.0,0.0,0.0,0.0,0.0,0.0,0.0,0.0,416.6206016287924,0.0,0.0,0.0,0.0,0.0,0.0,0.0,0.0,0.0,0.0,0.0,0.0,0.0,0.0,0.0,0.0,0.0,0.0,0.06200497003673574,0.0,0.0,0.0,-69.45407097360251,0.0,0.0,0.0,0.0,0.0,-380.206222342425,2.066832334557858,0.0,0.0,0.0,0.0,0.0,458.45354281688793,0.0,0.0,0.0,0.0,0.0,0.0,0.0,0.0,0.0,0.0,708.747914042578,0.0,380.206222342425,0.0,164.15845860985553,916.0440715779717,0.0,455.27062102166883,0.0,-455.27062102166883,126.9226684342875,-1000.0,0.0,2.066832334557858,1000.0,0.0,0.0,0.0,-145.7954544735714,0.0,0.0,0.0,0.0,0.0,0.0,0.0,0.0,0.0,383.3064708442618,-389.5069678479354,50.430708963211735,0.0,-611.4332364332085,-611.4332364332085,611.4332364332085,0.0,0.0,0.0,0.0,0.0,0.0,0.0,0.0,0.0,-54.59094719091462,183.28843393138408,0.0,12.400994007347148,0.0,0.0,0.0,0.0,-331.1852177806762,0.0,0.0,0.045470311360316436,0.0,0.0,0.0,25.215354481605868,0.0,0.0,0.0,0.0,-926.4122643572819,0.0,0.0,0.0,0.0,0.0,0.0,0.0,0.0,0.0,0.0,0.004133664669115716,0.004133664669115716,0.0,0.0,0.0,0.0,0.0,311.65805948182856,0.0,0.0,0.0,0.0,0.0,0.0,0.0,0.0,0.0,380.206222342425,0.0,0.0,0.0,0.0,0.0,0.0,0.0,0.0,0.0,0.0,0.0,0.0,-358.7404994898103,0.0,1000.0,0.0,0.0,0.0,24.801988014694295,0.0,0.0,0.0,0.0,0.0,-24.801988014694295,0.0,0.0,0.0,0.0,0.0,0.0,0.0,0.0,0.0,0.0,0.0,0.0,0.0,60.59343284125986,-1000.0,444.93620461223503,0.0,-69.45407097360251,0.0,476.62809660214975,0.0,0.0,0.0,0.0,0.0,0.0,0.0,0.0,0.0,640.6249999999999,0.0,-640.625,-640.6249999999999,0.0,0.0,0.0,0.0,-5.167080836394645,0.0,-960.6494351346597,803.027320974891,0.0,0.0,0.0,0.0,0.0,0.0,-0.5167080836394645,272.7181229078589,0.0,0.0,0.0,0.0,0.0,0.0,0.0,1000.0,12.400994007347148,12.400994007347148,0.0,0.0,0.0,0.0,0.0,0.045470311360316436,380.206222342425,0.0,0.0,-788.2861560839783,0.0,0.0,0.0,0.0,0.0,0.0,0.0,0.0,0.0,0.0,0.0,0.0,0.0,0.0,155.82902974091428,0.0,0.0,0.0,0.0,43.403479025715015,3.1829217952191144,0.0,0.0,0.0,0.0,0.0,380.206222342425,0.0,-461.85141517490155,0.0,0.0,0.0,-5.167080836394645,0.0,0.0,0.0,0.0,0.0,0.0,0.0,0.0,0.0,0.0,0.0,0.0,0.0,0.0,0.0,0.0,0.0,0.0,-0.041336646691157164,0.0,0.0,2.066832334557858,-1000.0,0.0,0.0,0.0,0.0,0.0,0.0,0.0,0.0,-413.0615163486837,1.033416167278929,0.0,0.0,0.0,0.041336646691157164,0.0,41.336646691157156,-12.814360474258718,8.267329338231432,0.295261762079694,115.32924426832847,-0.03100248501836787,480.8414256509693,0.8267329338231433,311.4513762483724,-115.32924426832847,12.400994007347148,-0.041336646691157164,0.0,69.45407097360251,0.010334161672789291,0.295261762079694,0.0,-6.580794153232716,-0.8267329338231433,-195.71431227474477,-0.041336646691157164,0.010334161672789291,-115.32924426832847,4.13366466911566,0.041336646691157164,0.041336646691157164,-380.11941538437355,0.04547031136027288,-79.82226375291242,-0.03100248501836787,12.400994007347148,0.041336646691157164,69.45407097360251,36.384753620676776,-0.020668323345578582,67.84420174375393,-4.175001315806873,-0.03100248501836787,-0.041336646691157164,-12.814360474258718,0.041336646691157164,4.133664669115716,-0.8267329338231433,0.0,0.0,-4.13366466911566,195.71431227474477,0.0,8.267329338231432,0.06200497003673574,-406.42235076094926,4.133664669115716,-98.24572389603976,69.45407097360251,-8.267329338231432,0.020668323345578582,0.41336646691157164,0.0,388.47355168065644,-0.041336646691157164,-389.5069678479354,380.11941538437355,12.814360474258718,0.041336646691157164,6.580794153232716,-37.20298202204128,69.45407097360251,-0.041336646691157164,-0.010334161672789291,-69.45407097360251,-0.041336646691157164,-995.8663353308843,0.04133664669115717,-0.010334161672789291,-0.010334161672789291,-0.010334161672789291,16.534658676462865,-36.384753620676776,0.41336646691157164,30.625288117312067,-0.010334161672789291,0.0,2.066832334557858,500.0,0.041336646691157164,0.020668323345578582,0.020668323345578582,38.86070015591697,12.814360474258718,0.041336646691157164,-12.814360474258718,0.41336646691157164,0.041336646691157164,-30.625288117312067,0.041336646691157164,0.16534658676494018,-311.4513762483724,0.020668323345578582,0.010334161672789291,12.400994007347148,-0.041336646691157164,79.82226375291242,0.41336646691157164,-61.25057623462408,479.8080094836904,-4.133664669115716,8.267329338231432,2.066832334557858,-0.041336646691157164,0.0,0.06200497003673574,-0.041336646691157164,-77.72140031183395,12.814360474258718,456.52714834123503,0.020668323345578582,-1000.0,-0.041336646691157164,-0.04133664669115717,-0.041336646691157164,0.020668323345578582,115.32924426832847,-8.267329338231432,0.041336646691157164,0.0,-0.010334161672789291,-0.04547031136027288,0.0,6.200497003673573,4.175001315806873,-66.33361327925807,115.32924426832847,-0.03100248501836787,389.5069678479354,-388.47355168065644,0.041336646691157164,-0.01033416167278929,2.066832334557858,41.336646691157156,-0.020668323345578582,-0.041336646691157164,0.010334161672789291,1000.0,0.0,406.40168243760365,0.0,965.2981039161182,0.0,367.89850736335984,915.1305316860971,0.0,-34.44913140439917,-780.8298203813325,-172.42578794808696,0.0,17.224565702199612,-482.6490519580591,390.41491019066626,0.0,-457.56526584304856,-380.206222342425,-125.34193056055884,0.0,172.42578794808696,-125.34193056055884,-367.89850736335984,200.48391235814273,0.0,1496.5981,bhi
244,0.0,0.0,0.0,0.0,0.0,0.0,0.0,0.0,-0.012380410107783815,0.0,0.0,0.0,0.0,0.0,0.0,0.0,0.0,0.0,0.0,65.1865006638634,0.0,0.0,0.0,0.0,0.0,0.0,0.0,0.0,0.0,-518.3675856584487,46.05289964060495,-46.05289964060495,649.2530099436485,0.0,0.0,0.0,0.0,-214.13836738255418,0.0,-1000.0,1000.0,0.0,0.0,0.0,0.0,0.0,0.0,0.0,-307.3003179429338,-700.3586585745559,0.0,-825.6679036013825,0.0,0.013618451117508812,0.0,0.0,0.0,2.476082021556763,0.0,0.0,105.93383965877052,0.0,0.0,-261.19148330861884,251.0744156048715,0.0,0.0,0.0,109.9403265314578,-109.9403265314578,0.0,0.12380410107783815,0.0,0.0,0.0,0.0,0.0,0.0,0.0,904.1858286551445,0.0,0.0,0.0,0.0,7.428246064670288,0.0,0.0,220.82183584396677,260.8291491127463,0.0,-0.0030951025269459536,0.0,0.0,-1000.0,3.714123032335144,0.0,3.714123032335144,0.0,0.0,0.0,0.0,0.6190205053891907,-518.3675856584487,0.0,0.0,-272.1376225087938,0.0,0.0,0.0,0.0,0.0,0.0,0.0,0.0,0.0,0.0,0.0,0.0,0.0,0.0,0.0,0.0,0.0,0.0,-569.1139211768915,0.0,0.0,3.714123032335144,0.0,3.8379271334129834,0.0,0.0,-507.2236243157114,34.10765736669265,473.11596694901874,-473.11596694901874,-1000.0,-656.25,656.25,632.8746770326106,0.0,0.0,0.0,0.0,0.0,0.9532915782993996,0.012380410107783815,0.0,0.0,0.0,0.0,-789.1605041840347,0.0,0.0,383.0114910797397,0.0,233.64305242004687,0.0,0.0,0.0,0.0,0.0,-933.5708303873193,-933.5708303873193,0.0,0.0,0.0,0.0,-213.5366376682934,0.0,0.0,-887.5055503366066,0.0,0.0,0.0,920.2068774995524,0.0,0.0,0.0,0.0,0.0,0.0,0.0,0.0,0.0,0.0,-278.06548729632107,0.0,0.0,0.0,0.0,-1000.0,0.0,0.0,0.0,0.0,0.0,700.3586585745559,825.6679036013825,260.81057849758463,-260.81057849758463,0.0,0.0,0.0,0.0,0.0,0.0,0.0,0.0,-638.2375553705606,0.0,0.0,0.0,0.0,0.0,0.0,0.0,0.0,0.0,0.0,0.0,0.0,0.0,339.9279852402709,897.8523921424307,0.0,0.0,0.0,0.0,367.12532296738937,0.0,0.0,0.0,0.0,0.0,105.93383965877052,0.0,46.05289964060495,0.0,0.0,0.0,0.0,0.0,0.0,0.0,46.4515488460728,0.0,0.0,0.0,-0.01857061516165004,0.0,1000.0,0.0,0.0,0.0,0.0,367.12532296738937,276.29558364011507,0.0,0.0,0.0,218.88099935935185,0.0,0.0,-1000.0,-192.1188217966106,0.0,-1000.0,192.1188217966106,0.0,521.6397276103309,0.0,-413.1923423409675,700.3586585745559,0.0,34.54134420071685,0.0,0.0,0.0,851.6697378953648,0.0,-851.6697378953648,0.0,-887.5303111568221,0.0,367.12532296738937,-123.9118155476479,0.0,0.0,0.0,105.93383965877052,-0.01857061516167572,0.0,0.0,0.0,0.0,0.012380410107783815,0.0,0.0,0.0,949.8343281215921,0.0,0.0,-347.7559298820616,1000.0,0.0,762.626653679147,0.0,418.9767556189141,0.0,-272.1376225087938,0.0,0.0,0.0,784.7135709125432,-203.69032653145734,-1000.0,-1000.0,-1000.0,0.0,0.0,0.0,0.0,0.0,0.0,0.0,0.0,0.0,0.0,0.0,0.0,0.0,0.0,0.0,0.0,0.0,-1000.0,0.0,-785.9111542578761,0.0,0.0,0.0,0.0,0.0,0.0,-1.3519407837673043,0.0,0.0,0.0,0.0,0.0,-906.2500000000006,0.0,0.0,0.0,1000.0,-143.59489192751118,440.5840096298193,-802.4497464329532,1000.0,0.0,-0.6190205053891907,0.0,-0.30951025269459537,-441.2030301352085,-680.0683236513771,0.0,-742.2979125048382,1000.0,0.0,3.714123032335144,0.0,0.0,0.0,0.0,0.0,0.0,0.0,-339.9279852402709,339.9279852402709,339.9279852402709,1000.0,0.0,0.0,0.0,0.0,0.0,0.0,0.0,0.0,-155.25764364984832,0.0,0.0,241.08746935318806,0.0,0.0,0.0,0.0,104.9777649260609,0.02476082021576076,0.0,0.0,0.0,0.0,0.0,0.0,0.0,0.0,0.0,0.0,0.0,0.0,0.0,0.0,0.0,0.0,0.0,0.0,0.0,0.013618451117508812,0.013618451117508812,46.05289964060495,122.55634004561246,0.0,7.428246064670288,0.0,0.0,0.0,1000.0,0.0,0.0,0.0,0.0,0.0,838.2760441356181,-1000.0,0.0,0.0,0.0,0.0,0.0,241.08746935318806,0.0,0.0,0.0,0.0,0.0,0.0,0.0,189.70464039229716,-949.8343281215921,789.1605041840347,0.0,0.9532915782993996,0.0,-1000.0,0.0,0.0,0.0,838.2760441356181,0.0,0.0,943.253809061679,0.0,0.0,339.9279852402709,0.0,0.0,0.0,0.0,0.0,0.0,0.0,0.0,0.0,0.0,0.0,0.0,0.0,7.428246064670288,367.12532296738937,367.12532296738937,0.0,0.0,0.0,0.0,0.0,0.0,0.0,0.0,0.0,0.0,0.12380410107783815,0.0,46.05289964060495,0.0,0.0,46.05289964060495,825.6679036013825,0.0,0.0,3.714123032335144,0.0,0.0,0.0,0.0,0.0,0.0,0.0,0.0,0.0,0.0,323.611285111714,-470.65335275718496,0.0,3.7141230323351446,3.714123032335144,423.37442626956556,-1000.0,0.0,241.08746935318806,0.0,0.0,0.0,0.0,0.0,518.3675856584487,0.0,1000.0,0.012380410107783815,0.0,0.0,-397.0710160559231,413.421116233267,0.0,0.0,1000.0,0.0,0.0,0.0,0.0,0.0,0.0,0.0,0.0,0.0,0.0,0.0,0.0,0.0,0.0,0.012380410107783815,0.0,0.0,0.0,0.0,0.0,0.0,0.0,0.0,0.0,-1.3519407837673043,0.0,-383.0114910797397,0.0,214.0888457421239,-0.928530758083786,-0.6190205053891907,0.0,0.0,0.0,0.0,0.0,0.0,0.0,0.0,0.0,0.0,0.0,0.0,367.12532296738937,0.0,0.0,0.0,-741.678891999449,0.0,0.0,0.0,-0.012380410107783815,0.0,0.0,0.012380410107783815,0.0,0.012380410107783815,0.0,0.0,0.0,7.428246064670288,15.104100331496253,15.104100331496253,0.0,0.0,0.0,0.0,0.0,0.0,0.0,789.1605041840347,0.0,0.0,0.0,0.0,0.0,785.7795242228224,0.0,0.0,0.0,0.0,0.0,0.0,0.0,0.0,0.0,0.0,0.0,0.0,0.0,0.0,0.0,0.0,0.0,0.01857061516167572,0.0,0.0,0.0,-3.714123032335144,0.0,0.0,0.0,0.0,0.0,-122.55634004561246,0.6190205053891907,0.0,0.0,0.0,0.0,213.5366376682934,0.0,0.0,0.0,0.0,0.0,0.0,0.0,0.0,0.0,367.12532296738937,0.0,0.0,0.0,-217.37164519465847,0.0,-213.31557783752203,-272.1376225087938,0.0,0.0,0.0,0.0,383.0114910797397,261.19148330861884,0.0,0.6190205053891907,951.8822980750874,0.0,0.0,-46.05289964060495,-155.25764364984832,0.0,0.0,0.0,0.0,0.0,0.0,0.0,0.0,0.0,401.5503581000173,-125.34193231986376,15.104100331496253,0.0,0.0,0.0,46.05289964060495,0.0,0.0,0.0,0.0,0.0,46.45154884607285,0.0,0.0,0.0,-16.350100177343904,-666.4346776418182,0.0,3.714123032335144,0.0,0.0,0.0,0.0,-218.96755810540606,0.0,0.0,0.013618451117508812,0.0,0.0,0.0,7.552050165748128,0.0,0.0,0.0,0.0,897.8523921424307,0.0,0.0,0.0,0.0,0.0,0.0,0.0,0.0,0.0,0.0,0.0012380410107784012,0.0012380410107784012,0.0,0.0,0.0,0.0,0.0,0.0,0.0,0.0,0.0,-397.07101605592305,46.05289964060495,0.0,0.0,0.0,0.0,122.55634004561246,0.0,0.0,0.0,0.0,0.0,0.0,0.0,700.3586585745559,0.0,0.0,0.0,0.0,0.0,170.36174398134455,0.0,0.0,0.0,0.0,7.428246064670288,0.0,0.0,0.0,0.0,0.0,0.0,-7.428246064670288,0.0,0.0,0.0,0.0,0.0,0.0,0.0,0.0,0.0,46.05289964060495,46.05289964060495,0.0,-1000.0,-1000.0,794.2601051466543,-741.099356721565,737.3852336892298,0.0,-214.13836738255418,0.0,0.0,0.0,0.0,0.0,0.0,0.0,0.0,0.0,0.0,0.0,0.0,0.0,0.0,0.0,0.0,0.0,-1.5475512634729767,367.12532296738937,-0.928530758083786,910.1929257846023,0.0,0.0,0.0,0.0,0.0,0.0,-0.15475512634729768,538.269134729588,0.0,0.0,0.0,0.0,0.0,0.0,0.0,1000.0,3.714123032335144,3.7141230323351446,0.0,0.0,0.0,0.0,904.1858286551445,0.013618451117508812,122.55634004561246,0.0,0.0,214.13836738255418,0.0,0.0,0.0,0.0,0.0,0.0,0.0,0.0,0.0,0.0,0.0,0.0,0.0,0.0,0.0,0.0,0.0,0.0,0.0,12.999430613173004,0.9532915782993996,0.0,0.0,0.0,0.0,0.0,122.55634004561246,0.0,-0.6190205053891907,0.0,0.0,0.0,-1.5475512634729767,0.0,0.0,0.0,0.0,0.0,0.0,0.0,0.0,0.0,0.0,0.0,0.0,0.0,0.0,0.0,0.0,0.0,0.0,-0.012380410107783815,0.0,0.0,0.6190205053891907,-838.2760441356181,0.0,0.0,0.0,0.0,367.12532296738937,0.0,0.0,0.0,-784.7135709125432,0.30951025269459537,0.0,0.0,0.0,0.012380410107783815,0.0,12.380410107783813,-3.8379271334129834,2.476082021556763,0.08843150076988439,34.54134420071685,-0.00928530758083786,0.6190205053891907,0.2476082021556763,-0.06190205053805478,-34.54134420071685,3.7141230323351446,-0.012380410107783815,90.71254083626461,241.08746935318806,0.0030951025269459536,0.08843150076988439,-272.1376225087938,-1.9709612891564952,45.805291438449274,-65.1865006638634,-0.012380410107783815,0.0030951025269459536,-34.54134420071685,1.2380410107783815,0.012380410107783815,0.012380410107783815,-122.53034118438717,0.013618451118562216,0.0,-0.00928530758083786,3.714123032335144,0.012380410107783815,3.714123032335144,-6.190205053891907,-0.006190205053891907,310.6321925975408,-1.2504214208861653,-0.00928530758083786,-0.012380410107783815,-3.8379271334129834,0.012380410107783815,1.2380410107783815,-0.2476082021556763,0.0,0.0,-1.2380410107783815,65.1865006638634,0.0,2.476082021556763,0.01857061516167572,-1000.0,1.2380410107783815,-189.70464039229716,241.08746935318806,-2.476082021556763,0.006190205053891907,0.12380410107783815,86.9389824705154,-214.89556317310172,-0.012380410107783815,-125.34193231986376,122.53034118438717,3.8379271334129834,0.012380410107783815,1.9709612891564952,226.23097722384747,241.08746935318806,-0.012380410107783815,-0.0030951025269459536,-241.08746935318806,-0.012380410107783815,104.9777649260609,0.012380410107783815,-0.0030951025269459536,-0.0030951025269459536,-0.0030951025269459536,4.952164043113526,6.190205053891907,0.12380410107783815,9.17233633859962,-0.0030951025269459536,83.16542410476619,0.6190205053891907,-51.86986195764126,0.012380410107783815,0.006190205053891907,0.006190205053891907,-61.78088579632228,3.8379271334129834,0.012380410107783815,-3.8379271334129834,0.12380410107783815,0.012380410107783815,-9.17233633859962,0.012380410107783815,0.04952164043027096,0.06190205053805478,0.006190205053891907,0.0030951025269459536,3.714123032335144,-0.012380410107783815,0.0,-22.902645719224637,-18.34467267719924,0.30951025269459537,-1.2380410107783815,2.476082021556763,0.6190205053891907,-0.012380410107783815,272.1376225087938,0.01857061516167572,-0.012380410107783815,123.56177159264456,3.8379271334129834,267.9189776604689,0.006190205053891907,103.73972391528253,-0.012380410107783815,-0.012380410107783815,-0.012380410107783815,0.006190205053891907,34.54134420071685,-2.476082021556763,0.012380410107783815,173.8779649410308,-0.0030951025269459536,-0.013618451118562216,-173.8779649410308,1.8570615161675719,1.2504214208861653,354.2400023350769,34.54134420071685,-0.00928530758083786,125.34193231986376,214.89556317310172,0.012380410107783815,-0.0030951025269459528,0.6190205053891907,12.380410107783813,-0.006190205053891907,-0.012380410107783815,0.0030951025269459536,1000.0,0.0,478.35408218461527,0.0,-81.05197015784387,0.0,50.74389496838282,-921.6642395158233,0.0,-215.80404026918654,-730.3384595127629,1000.0,-521.6397276103309,107.90202013459327,40.525985078921934,365.16922975638147,0.0,460.83211975791164,-122.55634004561246,-48.95141955506284,521.6397276103309,-1000.0,-48.95141955506284,-50.74389496838282,-88.36256163312152,0.0,1496.5981,bhi
245,0.0,0.0,0.0,0.0,0.0,0.0,0.0,0.0,-0.07188321157614676,0.0,0.0,0.0,0.0,0.0,0.0,0.0,185.61054940382172,672.0236924372527,0.0,0.0,0.0,0.0,0.0,0.0,0.0,0.0,0.0,0.0,0.0,1000.0,0.0,0.0,0.0,0.0,0.0,0.0,0.0,862.5334694807652,0.0,-1000.0,779.5934783637153,0.0,0.0,-527.1851754846999,0.0,0.0,0.0,0.0,-955.0190037753885,-614.3405648973688,0.0,-769.408454371567,0.0,0.07907153273371884,0.0,0.0,0.0,0.0,0.0,0.0,-153.12823168880536,0.0,0.0,-153.12823168880536,0.0,0.0,0.0,0.0,251.23878220179566,-251.23878220179566,0.0,0.7188321157614675,0.0,0.0,0.0,0.0,0.0,0.0,0.0,0.0,0.0,0.0,0.0,0.0,43.129926945688055,0.0,146.79771685599928,634.8044289264625,-777.170187085388,1000.0,-0.017970802894036686,0.0,0.0,-616.4701951189857,21.564963472844028,0.0,332.9866452882911,-2.3146394127517738,0.0,0.0,0.0,965.4749089466047,397.3359674922833,0.0,0.0,0.0,0.0,0.0,0.0,0.0,0.0,0.0,0.0,0.0,0.0,0.0,0.0,0.0,0.0,0.0,0.0,0.0,0.0,0.0,-440.9975432308863,0.0,0.0,332.9866452882911,0.0,22.283795588605493,0.0,0.0,0.0,0.0,0.0,0.0,0.0,0.0,0.0,0.0,0.0,0.0,0.0,0.0,0.0,152.33272414736257,0.07188321157614676,0.0,0.0,0.0,0.0,-631.0717489236355,0.0,0.0,0.0,0.0,583.6620454609032,0.0,0.0,0.0,0.0,0.0,562.1288600101544,562.1288600101544,0.0,0.0,0.0,0.0,-870.6215602348678,0.0,0.0,562.2007432217306,0.0,0.0,0.0,195.63247940646147,0.0,0.0,0.0,0.0,0.0,0.0,0.0,0.0,0.0,0.0,-872.8079765220493,0.0,0.0,0.0,0.0,-1000.0,0.0,0.0,0.0,0.0,0.0,614.3405648973688,769.408454371567,-222.82981291461203,222.82981291461203,0.0,0.0,0.0,0.0,0.0,0.0,0.0,602.6640325077167,932.0489467027888,0.0,0.0,0.0,0.0,0.0,0.0,0.0,0.0,0.0,0.0,0.0,0.0,0.0,765.3312997163999,-28.7532846304587,-1000.0,0.0,0.0,0.0,0.0,107.91864796343654,0.0,0.0,0.0,0.0,-153.12823168880536,-472.8148245153001,0.0,0.0,0.0,0.0,0.0,0.0,0.0,0.0,0.0,14.37664231522935,311.4216818154471,0.0,554.3403741707759,0.0,226.36406660802896,0.0,1000.0,0.0,0.0,0.0,423.91739508825043,0.0,0.0,0.0,-74.805221906523,0.0,0.0,-993.2377288027185,0.0,0.0,-993.2377288027185,0.0,0.0,-1000.0,0.0,0.0,614.3405648973688,0.0,92.6355123340129,0.0,0.0,0.0,898.4237809685596,0.0,-898.4237809685596,0.0,121.66382623058044,0.0,0.0,1000.0,0.0,0.0,0.0,-153.12823168880536,-0.10782481736422013,0.0,0.0,0.0,0.0,0.07188321157614676,0.0,0.0,0.0,559.0947067482723,185.61054940382172,0.0,0.0,365.9845719769737,0.0,1000.0,0.0,0.0,0.0,0.0,0.0,0.0,0.0,-6.189144516706192,6.189144516706192,0.0,-1000.0,-1000.0,0.0,0.0,0.0,0.0,0.0,0.0,0.0,0.0,0.0,0.0,0.0,0.0,0.0,0.0,0.0,0.0,0.0,549.4418629137481,0.0,-313.37913941332204,0.0,0.0,0.0,0.0,0.0,0.0,-152.33272414736257,0.0,0.0,0.0,0.0,961.8807483677974,0.0,0.0,137.9745052143727,0.0,-257.42792671850185,-1000.0,0.0,-96.7907443872816,0.0,0.0,-622.5090399770787,0.0,-1.7970802894036688,-3.5941605788073376,0.0,0.0,982.1189519510733,0.0,0.0,332.9866452882911,0.0,0.0,0.0,0.0,0.0,0.0,593.75,-171.58129971639994,171.58129971639994,171.58129971639994,-638.2885679227787,0.0,0.0,0.0,0.0,0.0,602.6640325077167,0.0,0.0,-12.661029665612148,0.0,0.0,112.58012365200663,0.0,0.0,0.0,0.0,-992.8116788423853,0.14376642315227767,0.0,0.0,0.0,0.0,0.0,0.0,0.0,0.0,0.0,0.0,0.0,0.0,0.0,0.0,0.0,0.0,0.0,0.0,0.0,0.07907153273371884,0.07907153273371884,0.0,279.0423823279273,0.0,43.129926945688055,0.0,0.0,0.0,1000.0,0.0,0.0,146.79771685599928,0.0,0.0,1000.0,-1000.0,0.0,0.0,0.0,0.0,0.0,112.58012365200663,0.0,0.0,0.0,0.0,0.0,0.0,0.0,146.99918107696212,-559.0947067482723,631.0717489236355,0.0,152.33272414736257,0.0,-525.4895055636972,-90.98068955528846,-198.89933751872502,0.0,1000.0,0.0,868.8804247886223,-861.6921036310076,0.0,0.0,765.3312997163999,0.0,0.0,0.0,0.0,0.0,0.0,0.0,0.0,0.0,0.0,0.0,0.0,0.0,43.129926945688055,0.0,0.0,0.0,0.0,0.0,0.0,0.0,0.0,0.0,0.0,0.0,0.0,0.7188321157614675,0.0,0.0,146.79771685599928,-146.79771685599928,0.0,769.408454371567,0.0,0.0,332.9866452882911,0.0,0.0,0.0,0.0,0.0,0.0,0.0,0.0,0.0,0.0,597.9588491316093,-1000.0,0.0,21.564963472844028,21.564963472844028,-887.5510886883102,-1000.0,0.0,112.58012365200663,0.0,0.0,0.0,0.0,0.0,-397.3359674922833,602.6640325077167,-309.9556730514063,0.07188321157614676,0.0,0.0,0.0,94.93204991652695,214.18377044965686,0.0,616.4701951189857,0.0,0.0,0.0,0.0,0.0,0.0,0.0,0.0,0.0,0.0,0.0,0.0,0.0,0.0,0.07188321157614676,0.0,0.0,0.0,864.2499018885343,-864.2499018885343,0.0,0.0,0.0,0.0,0.0,-15.153726474432663,0.0,0.0,-1000.0,-5.391240868211006,-3.5941605788073376,0.0,0.0,0.0,0.0,0.0,0.0,0.0,0.0,0.0,0.0,0.0,0.0,0.0,0.0,0.0,0.0,985.7131125298806,0.0,0.0,0.0,-0.07188321157614676,0.0,0.0,0.07188321157614676,0.0,0.07188321157614676,0.0,0.0,0.0,43.129926945688055,87.69751812289904,87.69751812289904,0.0,0.0,0.0,0.0,0.0,0.0,0.0,631.0717489236355,0.0,602.6640325077167,0.0,0.0,0.0,0.0,0.0,0.0,0.0,0.0,0.0,0.0,0.0,0.0,0.0,0.0,0.0,0.0,0.0,107.91864796343654,0.0,0.0,0.0,0.10782481736422013,0.0,0.0,0.0,-332.9866452882911,0.0,0.0,0.0,0.0,0.0,-279.0423823279273,3.5941605788073376,0.0,0.0,0.0,0.0,870.6215602348678,-25.636909313296098,0.0,0.0,0.0,0.0,0.0,0.0,0.0,0.0,0.0,0.0,0.0,337.97155024859217,-486.2889173884726,0.0,53.483259461497,214.18377044965686,137.1789976729299,-177.96963346065866,0.0,40.79063578772876,0.0,336.2198769653514,0.0,3.5941605788073376,1000.0,0.0,426.17900696785193,0.0,-306.2564633776107,-1000.0,1000.0,272.4582173129937,-272.4582173129937,0.0,0.0,0.0,0.0,0.0,867.4167356538383,-5.391240868210982,87.69751812289904,0.0,156.25,156.25,-156.25,0.0,0.0,0.0,0.0,0.0,0.0,0.0,0.0,289.8248640643493,-94.93204991652695,-258.0229977784813,0.0,21.564963472844028,146.79771685599928,0.0,0.0,0.0,-472.4491847954644,0.0,0.0,0.07907153273371884,0.0,0.0,0.0,43.84875906144952,0.0,0.0,0.0,0.0,-28.7532846304587,0.0,0.0,0.0,0.0,0.0,0.0,0.0,0.0,735.3512254284128,0.0,0.007188321157614676,0.007188321157614676,0.0,0.0,0.0,0.0,0.0,0.0,0.0,0.0,0.0,0.0,0.0,0.0,0.0,0.0,0.0,279.0423823279273,0.0,0.0,0.0,0.0,0.0,0.0,0.0,614.3405648973688,0.0,0.0,0.0,293.59543371199857,0.0,185.61054940382172,672.0236924372527,0.0,0.0,0.0,43.129926945688055,0.0,0.0,0.0,0.0,0.0,0.0,-43.129926945688055,0.0,293.59543371199857,0.0,0.0,0.0,0.0,0.0,0.0,0.0,0.0,0.0,0.0,309.9556730514063,-1000.0,49.23999992966053,0.0,-332.9866452882911,0.0,862.5334694807652,0.0,0.0,0.0,0.0,0.0,0.0,0.0,0.0,0.0,0.0,0.0,0.0,0.0,0.0,0.0,0.0,0.0,-8.985401447018344,0.0,-967.2719892360084,0.0,0.0,0.0,0.0,0.0,0.0,0.0,-0.8985401447018344,12.661029665612148,0.0,0.0,0.0,0.0,0.0,0.0,0.0,1000.0,21.564963472844028,21.564963472844028,0.0,0.0,0.0,0.0,0.0,0.07907153273371884,279.0423823279273,0.0,0.0,-862.5334694807652,0.0,0.0,0.0,0.0,0.0,0.0,0.0,0.0,0.0,0.0,0.0,0.0,0.0,0.0,0.0,0.0,0.0,0.0,0.0,75.4773721549541,0.0,0.0,152.33272414736257,0.0,0.0,0.0,279.0423823279273,0.0,19.72810932173701,0.0,0.0,0.0,-8.985401447018344,0.0,0.0,0.0,0.0,0.0,0.0,0.0,0.0,0.0,0.0,0.0,0.0,0.0,0.0,0.0,0.0,0.0,0.0,-0.07188321157614676,0.0,0.0,3.5941605788073376,-1000.0,0.0,0.0,0.0,0.0,0.0,0.0,0.0,0.0,6.189144516706192,1.7970802894036688,0.0,0.0,0.0,0.07188321157614676,0.0,71.88321157614675,-22.283795588605493,14.376642315229352,0.5134515112581911,200.55416029744944,-0.053912408682110065,484.534534762706,1.437664231522935,-0.35941605788103126,-200.55416029744944,21.564963472844028,-0.07188321157614676,0.0,112.58012365200663,0.01797080289403669,0.5134515112581911,0.0,-158.24152413892165,-1.437664231522935,-857.6342418410745,-0.07188321157614676,0.01797080289403669,-200.55416029744944,7.188321157614675,0.07188321157614676,0.07188321157614676,-278.8914275836174,-146.71864532326552,-778.6279083927284,-0.053912408682110065,21.564963472844028,0.07188321157614676,332.9866452882911,275.4800760273737,-0.03594160578807338,194.9658629318252,-115.17885233262736,-0.053912408682110065,-0.07188321157614676,-22.283795588605493,0.07188321157614676,7.188321157614675,-1.437664231522935,107.91864796343654,107.91864796343654,-7.188321157614675,857.6342418410745,-107.91864796343654,14.37664231522935,0.10782481736422013,359.1193904939394,7.188321157614675,-146.99918107696212,112.58012365200663,-14.37664231522935,0.03594160578807337,0.7188321157614675,0.0,-471.9122750732433,-0.07188321157614676,-295.21610493256026,278.8914275836174,22.283795588605493,0.07188321157614676,158.24152413892165,-285.10141205481665,112.58012365200663,-0.07188321157614676,-0.01797080289403669,-112.58012365200663,-0.07188321157614676,-992.8116788423853,0.07188321157616429,-0.017970802894036686,-0.017970802894036686,-0.017970802894036686,28.7532846304587,-275.4800760273737,0.7188321157614675,368.8376495843184,-0.01797080289403669,0.0,3.5941605788073376,500.0,0.07188321157614676,0.03594160578807338,0.03594160578807338,63.47838298361799,22.283795588605493,0.07188321157614676,-22.283795588605493,0.7188321157614675,0.07188321157614676,-1000.0,0.07188321157614676,0.2875328463048845,0.35941605788103126,0.03594160578807338,0.01797080289403669,21.564963472844028,-0.07188321157614676,778.6279083927284,0.7188321157614675,-737.6752991686368,482.73745447330236,-7.188321157614675,14.37664231522935,3.5941605788073376,-0.07188321157614676,0.0,0.10782481736422013,-0.07188321157614676,-126.95676596723598,22.283795588605493,784.5366563394609,0.03594160578807338,-1000.0,-0.07188321157614676,-0.07188321157616429,-0.07188321157614676,0.03594160578807338,200.55416029744944,-14.37664231522935,0.07188321157614676,0.0,-0.017970802894036686,146.71864532326552,0.0,10.782481736422012,115.17885233262736,-799.5623089866749,200.55416029744944,-0.053912408682110065,295.21610493256026,471.9122750732433,0.07188321157614676,-0.017970802894036693,3.5941605788073376,71.88321157614675,-0.03594160578807338,-0.07188321157614676,0.01797080289403669,1000.0,0.0,-359.1553320997275,631.1623504156817,-699.1495280628789,0.0,1000.0,212.59515147382407,0.0,-965.2384059650609,409.7281551578925,563.2118471469091,0.0,482.61920298253045,349.57476403143943,-204.86407757894625,0.0,-106.29757573691204,-279.0423823279273,-312.08747154399657,0.0,-563.2118471469091,-312.08747154399657,-1000.0,638.956545448601,0.0,1496.5981,bhi
246,0.0,0.0,0.0,0.0,0.0,0.0,0.0,0.0,-0.052948209536166864,0.0,0.0,0.0,0.0,0.0,0.0,0.0,632.0369603014441,820.382449436895,0.0,-1000.0,0.0,0.0,0.0,0.0,0.0,0.0,0.0,0.0,0.0,-160.36282676638086,0.0,0.0,254.53993581238436,0.0,0.0,0.0,0.0,831.5498666787671,0.0,-1000.0,1000.0,0.0,0.0,166.67575352563847,0.0,0.0,0.0,0.0,0.0,0.0,0.0,0.0,0.0,0.05824303049002403,0.0,0.0,0.0,121.43262479473088,0.0,0.0,104.29900445678375,0.0,-196.94003570665242,-570.1724419232661,127.7896344455303,0.0,0.0,0.0,826.9507843400781,-349.41937366668077,0.0,0.5294820953616688,0.0,0.0,0.0,0.0,0.0,0.0,0.0,0.0,0.0,0.0,0.0,0.0,31.768925721700125,0.0,50.21516011453041,-457.7718149801084,-812.3067748597366,354.5349598796281,-0.013237052384041716,0.0,0.0,-892.9571163039788,15.884462860850062,0.0,15.884462860850062,0.0,0.0,0.0,0.0,2.6474104768083433,-922.2554530658492,0.0,0.0,-212.06203343198683,0.0,0.0,0.0,0.0,0.0,0.0,0.0,0.0,0.0,0.0,0.0,0.0,0.0,0.0,0.0,0.0,0.0,0.0,-226.5302511106441,0.0,0.0,15.884462860850062,0.0,16.41394495621173,16.41394495621173,0.0,365.7400307125249,-85.2540275990268,-280.4860031134981,280.4860031134981,0.0,-906.2500000000008,906.2500000000008,-477.5314106733974,0.0,0.0,0.0,0.0,0.0,54.29217224881526,0.052948209536166864,0.0,0.0,0.0,-416.44520956903966,410.7655175231748,0.0,0.0,0.0,0.0,769.9691988865467,0.0,0.0,0.0,0.0,0.0,999.9470517904639,999.9470517904639,0.0,0.0,0.0,0.0,-257.93292671182223,0.0,0.0,1000.0,0.0,0.0,0.0,-276.5174812432169,0.0,0.0,0.0,0.0,0.0,0.0,0.0,0.0,0.0,0.0,-1000.0,0.0,0.0,0.0,0.0,233.46754734602544,0.0,0.0,0.0,0.0,0.0,0.0,0.0,457.7718149801084,-457.7718149801084,0.0,0.0,0.0,0.0,0.0,0.0,0.0,761.8926262994684,-1000.0,0.0,0.0,0.0,0.0,0.0,0.0,0.0,0.0,0.0,0.0,0.0,0.0,0.0,554.216306200846,-725.057819984705,-471.6741335350632,0.0,0.0,0.0,0.0,0.0,0.0,0.0,0.0,0.0,104.29900445678375,-638.3498870607017,0.0,0.0,0.0,0.0,0.0,0.0,0.0,0.0,1.7049323470640796,0.0,0.0,0.0,986.492497866768,-283.5860919730769,0.0,0.0,471.6741335350632,0.0,0.0,477.5314106733974,709.1439929316772,0.0,0.0,0.0,-570.5673271492182,0.0,0.0,-1000.0,-908.3747400427745,-860.4851302639154,-1000.0,908.3747400427745,-860.4851302639154,-354.5349598796281,0.0,735.9260793971117,0.0,0.0,180.55339451832904,0.0,0.0,0.0,936.3875075945554,0.0,-936.3875075945554,0.0,849.2486232373365,477.5314106733974,0.0,0.0,0.0,0.0,0.0,104.29900445678375,-0.0794223143042503,0.0,0.0,0.0,0.0,0.052948209536166864,0.0,0.0,0.0,-251.0569425539396,632.0369603014441,0.0,-766.087376194561,-27.773808527816158,0.0,998.3802593298481,0.0,1000.0,0.0,-212.06203343198683,0.0,0.0,0.0,-4.558840841064207,4.558840841064207,-1000.0,-1000.0,-1000.0,0.0,0.0,0.0,0.0,0.0,0.0,0.0,0.0,0.0,0.0,0.0,0.0,0.0,0.0,0.0,0.0,0.0,-168.23834048308834,0.0,-1000.0,0.0,0.0,0.0,0.0,0.0,0.0,-55.997104595879364,0.0,0.0,0.0,0.0,0.0,-968.7500000000005,0.0,0.0,730.7390913640228,137.2403748188581,0.0,0.0,928.7052358595513,0.0,0.0,-2.6474104768083437,-966.6004910178646,-732.0627966024269,-2.6474104768083433,-823.4656848325468,0.0,0.0,457.48644336688596,249.9448794275625,15.884462860850062,0.0,0.0,0.0,0.0,0.0,0.0,0.0,-554.216306200846,554.216306200846,554.216306200846,-368.79458483654827,0.0,0.0,0.0,0.0,0.0,761.8926262994684,0.0,0.0,-168.50308153076904,0.0,-1000.0,17.504203531001938,0.0,0.0,0.0,0.0,-746.6219748914199,0.10589641907239411,0.0,0.0,0.0,0.0,0.0,0.0,0.0,0.0,0.0,0.0,0.0,0.0,0.0,0.0,0.0,0.0,0.0,0.0,0.0,0.05824303049002403,0.05824303049002403,0.0,347.353222840711,0.0,31.768925721700125,0.0,0.0,0.0,1000.0,0.0,0.0,50.21516011453041,0.0,0.0,1000.0,-1000.0,0.0,0.0,0.0,0.0,0.0,17.504203531001938,0.0,0.0,0.0,0.0,0.0,0.0,0.0,75.51008370354803,251.0569425539396,5.67969204586484,0.0,54.29217224881526,0.0,0.0,-892.9571163039788,-892.9571163039788,0.0,1000.0,0.0,0.0,253.37802510858012,0.0,0.0,554.216306200846,0.0,0.0,0.0,0.0,0.0,0.0,0.0,0.0,0.0,0.0,0.0,0.0,0.0,31.768925721700125,477.5314106733974,477.5314106733974,0.0,0.0,0.0,0.0,0.0,0.0,0.0,0.0,0.0,0.0,0.5294820953616688,0.0,0.0,50.21516011453041,-50.21516011453041,0.0,0.0,0.0,0.0,15.884462860850062,0.0,0.0,0.0,0.0,0.0,0.0,0.0,0.0,0.0,0.0,714.5447103043662,-1000.0,0.0,15.884462860850062,15.884462860850062,1000.0,-1000.0,0.0,17.504203531001938,0.0,0.0,0.0,0.0,0.0,1000.0,761.8926262994684,809.3365534689519,0.052948209536166864,0.0,0.0,4.2698948975951705,0.0,577.0378438398305,0.0,892.9571163039788,0.0,-477.5314106733974,0.0,0.0,0.0,0.0,0.0,0.0,0.0,0.0,0.0,0.0,0.0,0.0,0.052948209536166864,0.0,0.0,0.0,252.09638486786903,-252.09638486786903,0.0,0.0,0.0,0.0,0.0,-55.99710459587934,0.0,0.0,-831.7616595169117,-3.9711157152125156,-2.6474104768083433,0.0,0.0,0.0,0.0,0.0,0.0,0.0,0.0,0.0,0.0,0.0,0.0,477.5314106733974,0.0,0.0,0.0,252.59228990437086,0.0,0.0,0.0,-0.052948209536166864,0.0,0.0,0.052948209536166864,0.0,0.052948209536166864,0.0,0.0,0.0,31.768925721700125,64.59681563412359,64.59681563412359,0.0,0.0,0.0,0.0,0.0,0.0,0.0,5.67969204586484,0.0,761.8926262994684,0.0,0.0,0.0,0.0,0.0,0.0,0.0,0.0,0.0,0.0,0.0,0.0,0.0,0.0,0.0,0.0,0.0,0.0,0.0,0.0,0.0,0.0794223143042503,0.0,0.0,0.0,-15.884462860850062,0.0,0.0,0.0,0.0,0.0,-347.353222840711,2.6474104768083433,0.0,0.0,0.0,0.0,257.93292671182223,800.6795404502034,0.0,0.0,-1000.0,0.0,0.0,0.0,0.0,0.0,477.5314106733974,0.0,0.0,-902.2110554521068,-206.86308336013502,0.0,6.618526192020859,364.9758104078437,0.0,744.682435854324,0.0,-744.682435854324,0.0,644.5471772975536,0.0,2.6474104768083433,711.1684387897792,0.0,0.0,0.0,-268.93340175982985,0.0,0.0,0.0,0.0,0.0,0.0,0.0,0.0,0.0,996.0288842847873,-3.971115715212477,64.59681563412359,0.0,93.75,93.75,-93.75,0.0,0.0,0.0,0.0,0.0,1.7049323470640796,0.0,0.0,355.29545427113607,-4.2698948975951705,1000.0,0.0,15.884462860850062,50.21516011453041,0.0,0.0,0.0,74.56553214592077,0.0,0.0,0.05824303049002403,0.0,0.0,0.0,32.29840781706179,0.0,0.0,0.0,0.0,-725.057819984705,0.0,0.0,0.0,0.0,0.0,0.0,0.0,0.0,-1000.0,0.0,0.005294820953616687,0.005294820953616687,0.0,0.0,0.0,0.0,0.0,0.0,0.0,0.0,0.0,4.2698948975951705,0.0,0.0,0.0,0.0,0.0,347.353222840711,0.0,0.0,0.0,0.0,0.0,0.0,0.0,0.0,0.0,0.0,0.0,100.43032022906083,0.0,1000.0,820.382449436895,0.0,0.0,0.0,31.768925721700125,0.0,0.0,0.0,0.0,0.0,0.0,-31.768925721700125,0.0,100.43032022906083,0.0,0.0,0.0,0.0,0.0,0.0,0.0,0.0,0.0,0.0,-809.3365534689519,-922.2554530658492,36.26952353227431,0.0,-15.884462860850062,0.0,831.5498666787671,0.0,0.0,0.0,0.0,0.0,0.0,0.0,0.0,0.0,0.0,0.0,0.0,0.0,0.0,0.0,0.0,0.0,-6.618526192020859,477.5314106733974,-3.9711157152125156,0.0,0.0,0.0,0.0,0.0,0.0,-94.41697963410469,93.75512701490261,168.50308153076904,0.0,0.0,0.0,0.0,0.0,0.0,0.0,1000.0,15.884462860850062,15.884462860850062,0.0,0.0,0.0,0.0,0.0,0.05824303049002403,347.353222840711,0.0,0.0,-831.5498666787671,0.0,0.0,0.0,0.0,0.0,0.0,0.0,0.0,0.0,0.0,0.0,0.0,0.0,0.0,0.0,0.0,0.0,16.41394495621173,0.0,55.59562001297522,54.29217224881526,0.0,0.0,0.0,0.0,0.0,347.353222840711,0.0,-803.3269509270117,0.0,0.0,0.0,-6.618526192020859,0.0,0.0,0.0,0.0,0.0,0.0,0.0,0.0,0.0,0.0,0.0,0.0,0.0,0.0,0.0,0.0,0.0,0.0,-0.052948209536166864,0.0,0.0,2.6474104768083433,-1000.0,0.0,0.0,0.0,0.0,477.5314106733974,0.0,0.0,0.0,4.558840841064207,1.3237052384041719,0.0,0.0,0.0,0.052948209536166864,0.0,52.948209536166864,0.0,10.589641907233373,0.37820149668690617,180.55339451832904,-0.03971115715212515,2.6474104768083437,1.0589641907233374,-0.26474104768067264,-180.55339451832904,15.88446286085006,-0.052948209536166864,70.68734447732895,17.504203531001938,0.013237052384041716,0.37820149668690617,-212.06203343198683,-58.64451507268768,-1.0589641907233374,-452.419409738339,-0.052948209536166864,0.013237052384041716,-180.55339451832904,5.294820953616687,0.052948209536166864,0.052948209536166864,-347.2420316006848,-50.15691708404063,0.0,-0.03971115715212515,15.884462860850062,0.052948209536166864,15.884462860850062,-26.474104768083436,-0.026474104768083432,-345.845132022573,-5.3477691631528534,-0.03971115715212515,-0.052948209536166864,0.0,0.052948209536166864,5.294820953616687,-1.0589641907233374,0.0,0.0,-5.294820953616687,452.419409738339,0.0,10.589641907233373,0.0794223143042503,-1000.0,5.294820953616687,-75.51008370354803,17.504203531001938,-10.589641907233373,0.026474104768083432,0.5294820953616688,191.52184404864025,-196.27344145290164,-0.052948209536166864,-359.26656998634854,347.2420316006848,16.41394495621173,0.052948209536166864,58.64451507268768,-46.03364791239823,17.504203531001938,-0.052948209536166864,-0.013237052384041716,-17.504203531001938,-0.052948209536166864,-746.6219748914199,0.052948209536166864,-0.013237052384041716,-0.013237052384041716,-0.013237052384041716,21.179283814466746,26.474104768083436,0.5294820953616688,39.228004740107195,-0.013237052384041716,312.35634361995153,2.6474104768083433,375.95839792251826,0.052948209536166864,0.026474104768083432,0.026474104768083432,-224.718782617581,0.0,0.052948209536166864,0.0,0.5294820953616688,0.052948209536166864,-39.228004740107195,0.052948209536166864,0.21179283814453242,0.26474104768067264,0.026474104768083432,0.013237052384041716,15.884462860850062,-0.052948209536166864,0.0,0.5294820953616687,-78.45600948021439,1.323705238404172,-5.294820953616687,10.589641907233373,2.6474104768083433,-0.052948209536166864,212.06203343198683,0.0794223143042503,-0.052948209536166864,449.437565235162,0.0,-81.91423955330463,0.026474104768083432,-751.9167958450365,-0.052948209536166864,-0.052948209536166864,-0.052948209536166864,0.026474104768083432,180.55339451832904,-10.589641907233373,0.052948209536166864,383.0436880972805,-0.013237052384041716,50.15691708404063,-383.0436880972805,7.942231430425029,5.3477691631528534,388.3267130978072,180.55339451832904,-0.03971115715212515,359.26656998634854,196.27344145290164,0.052948209536166864,-0.013237052384041714,2.6474104768083433,52.948209536166864,-0.026474104768083432,-0.052948209536166864,0.013237052384041716,1000.0,0.0,999.9735258952319,0.0,-36.81323662787571,110.84298288749751,-119.66833708374622,109.26571916470985,0.0,-345.04484023348084,-6.770867478528828,-11.528476053389392,0.0,172.52242011674042,18.406618313937855,3.385433739264414,0.0,-54.632859582354925,-347.353222840711,7.348707407383855,0.0,11.528476053389392,7.348707407383855,119.66833708374622,-39.46475506248234,-110.84298288749751,1496.5981,bhi
247,0.0,0.0,0.0,0.0,0.0,0.0,0.0,0.0,-0.043277620803804755,0.0,0.0,0.0,0.0,0.0,0.0,0.0,-11.926974523741137,839.7194694801752,0.0,0.0,0.0,0.0,0.0,580.2934010773287,0.0,271.44306436636543,0.0,0.0,0.0,-232.55811077837802,0.0,0.0,117.17353540316253,0.0,0.0,0.0,0.0,-373.3039245943869,0.0,-1000.0,494.0139942865395,0.0,0.0,0.0,0.0,0.0,0.0,0.0,244.48508530211916,-503.4715995910054,0.0,0.0,0.0,0.04760538288422803,0.0,0.0,0.0,8.655524160760951,0.0,0.0,152.68132294574275,0.0,249.44817056633394,-82.02504909323076,0.0,0.0,0.0,0.0,0.0,0.0,0.0,0.4327762080380476,0.0,0.0,0.0,0.0,0.0,0.0,0.0,780.6742243450524,0.0,0.0,0.0,0.0,25.966572482282853,0.0,4.892208783904584,0.0,184.13447956730707,631.7310408653859,316.7075220499566,0.0,0.0,0.0,12.983286241141426,0.0,505.9860057134605,0.0,0.0,0.0,0.0,2.1638810401902377,-1000.0,0.0,0.0,-276.252546285177,437.3698882615077,0.0,0.0,0.0,0.0,0.0,0.0,0.0,0.0,0.0,0.0,0.0,0.0,0.0,0.0,0.0,0.0,0.0,-455.2096774231429,0.0,0.0,505.9860057134605,0.0,13.416062449179476,13.416062449179476,0.0,-1000.0,1000.0,0.0,0.0,23.565864511083873,0.0,0.0,-507.7204071163913,0.0,0.0,0.0,0.0,0.0,8.224585585797549,0.043277620803804755,316.71834145515754,0.0,0.0,0.0,-437.3698882615077,0.0,0.0,204.3397230691779,0.0,484.53267011792514,0.0,0.0,0.0,0.0,0.0,394.6174995823337,394.6174995823337,0.0,0.0,0.0,31.1875,770.0203970190453,0.0,0.0,394.6607772031375,0.0,0.0,0.0,115.43881267570174,0.0,0.0,0.0,0.0,0.0,0.0,0.0,0.0,0.0,0.0,0.0,0.0,0.0,0.0,0.0,-1000.0,0.0,0.0,0.0,0.0,0.0,503.4715995910054,0.0,-815.865520432693,815.865520432693,484.1545426053074,0.0,0.0,0.0,0.0,0.0,0.0,767.441889221622,-1000.0,0.0,0.0,0.0,0.0,0.0,0.0,0.0,0.0,0.0,0.0,0.0,0.0,0.0,0.0,70.65444854626901,0.0,0.0,0.0,0.0,0.0,-415.2922816006834,0.0,0.0,0.0,0.0,152.68132294574275,0.0,0.0,0.0,0.0,0.0,0.0,0.0,0.0,0.0,1.3935393898826152,0.0,493.0027194723191,0.0,0.0,1000.0,-571.3804351305738,0.0,0.0,0.0,0.0,484.1545426053074,0.0,0.0,0.0,0.0,-300.1777596257069,0.0,0.0,-1000.0,-1000.0,-748.867602819685,748.8676028196851,-748.867602819685,1000.0,-631.7310408653859,0.0,-220.63113625463689,503.4715995910054,0.0,78.7144259363502,0.0,0.0,0.0,0.0,0.0,0.0,0.0,1000.0,0.0,0.0,0.0,31.1875,0.0,0.0,152.68132294574275,-0.06491643120570713,0.0,0.0,0.0,0.0,0.043277620803804755,0.0,0.0,0.0,423.7581938920329,-11.926974523741137,0.0,-184.16836419011798,-419.6422876221824,0.0,1000.0,0.0,0.0,0.0,-276.252546285177,0.0,0.0,0.0,-3.7262031512076317,61.99951956353074,-58.27331641232311,-96.76684762059121,-1000.0,0.0,0.0,0.0,0.0,0.0,0.0,0.0,0.0,0.0,0.0,0.0,0.0,0.0,0.0,0.0,0.0,0.0,-653.0568572696477,0.0,-1000.0,0.0,720.0739568415238,0.0,0.0,0.0,0.0,-9.618124975680164,0.0,0.0,0.0,0.0,0.0,0.0,0.0,0.0,585.8463043191447,-61.99951956353074,30.803585941103563,-2.1638810401902377,0.0,0.0,0.0,-2.1638810401902377,0.0,-586.9282448392398,0.0,-187.95512023695414,0.0,-328.318080877994,460.0500490918934,99.32043136652811,505.9860057134605,0.0,0.0,0.0,0.0,0.0,0.0,0.0,0.0,0.0,0.0,1000.0,0.0,0.0,-620.1024043901838,0.0,0.0,767.441889221622,0.0,0.0,-169.0074791460128,0.0,-1000.0,0.0,0.0,0.0,0.0,0.0,-435.3315571671915,0.08655524160775961,0.0,0.0,0.0,0.0,0.0,0.0,0.0,0.0,0.0,0.0,0.0,0.0,0.0,0.0,0.0,0.0,0.0,0.0,0.0,0.04760538288422803,0.04760538288422803,0.0,408.14288808715264,0.0,25.966572482282853,0.0,0.0,0.0,1000.0,0.0,0.0,4.892208783904584,0.0,0.0,1000.0,-1000.0,0.0,0.0,0.0,0.0,0.0,0.0,0.0,0.0,0.0,0.0,0.0,0.0,0.0,151.73655914104765,-423.7581938920329,0.0,0.0,8.224585585797549,0.0,0.0,0.0,-68.86226100462405,0.0,1000.0,0.0,0.0,564.6684428328085,0.0,0.0,0.0,0.0,0.0,0.0,0.0,0.0,0.0,0.0,0.0,0.0,0.0,0.0,0.0,0.0,25.966572482282853,484.1545426053074,484.1545426053074,0.0,0.0,0.0,0.0,0.0,0.0,0.0,0.0,0.0,0.0,0.4327762080380476,0.0,0.0,4.892208783904584,-4.892208783904584,0.0,0.0,0.0,0.0,505.9860057134605,0.0,0.0,0.0,0.0,0.0,0.0,0.0,0.0,0.0,0.0,584.7077183993167,0.0,0.0,12.983286241141426,12.983286241141426,243.5771969011211,-1000.0,0.0,0.0,0.0,0.0,0.0,0.0,0.0,96.76684762059121,767.441889221622,133.515287875729,0.043277620803804755,0.0,0.0,-728.2421612823061,731.7321922742702,0.0,0.0,0.0,0.0,0.0,0.0,0.0,0.0,0.0,0.0,0.0,0.0,0.0,0.0,0.0,0.0,0.0,0.043277620803804755,0.0,0.0,0.0,0.0,0.0,0.0,0.0,0.0,720.0739568415238,-310.1414368155306,1000.0,-204.3397230691779,-699.4766881601495,-346.9431427303523,-3.2458215602853566,0.0,-2.1638810401902377,0.0,0.0,0.0,0.0,0.0,0.0,0.0,0.0,0.0,0.0,0.0,484.1545426053074,0.0,0.0,0.0,-226.83376847127568,0.0,0.0,0.0,-0.043277620803804755,0.0,0.0,0.043277620803804755,0.0,0.043277620803804755,0.0,0.0,0.0,25.966572482282853,52.798697380641805,52.798697380641805,0.0,0.0,0.0,0.0,0.0,0.0,0.0,0.0,0.0,767.441889221622,0.0,0.0,0.0,0.0,0.0,0.0,0.0,0.0,0.0,0.0,0.0,0.0,0.0,0.0,0.0,0.0,0.0,68.86226100462405,0.0,-271.44306436636543,271.44306436636543,0.06491643120570713,0.0,0.0,0.0,-505.9860057134605,0.0,0.0,0.0,0.0,0.0,-408.14288808715264,2.1638810401902377,0.0,0.0,0.0,-31.1875,-770.0203970190453,0.0,-2.1638810401902377,0.0,-1000.0,0.0,0.0,0.0,0.0,0.0,484.1545426053074,0.0,0.0,0.0,408.14288808715264,0.0,-751.0131004984032,-276.252546285177,0.0,300.5233118398505,699.4766881601495,-1000.0,204.3397230691779,-52.798697380641805,0.0,2.1638810401902377,800.0728653016688,0.0,0.0,0.0,-178.79189671382196,0.0,0.0,0.0,0.0,0.0,0.0,0.0,0.0,0.0,0.0,-6.4916431205708705,52.798697380641805,0.0,0.0,0.0,0.0,0.0,0.0,0.0,0.0,0.0,1.3935393898826152,0.0,0.0,411.388709647438,-3.4900309919639767,59.55781146625901,0.0,12.983286241141426,4.892208783904584,0.0,0.0,0.0,-298.62547614322904,0.0,0.0,0.04760538288422803,0.0,0.0,0.0,26.399348690320902,0.0,0.0,0.0,0.0,70.65444854626901,0.0,437.3698882615077,0.0,0.0,0.0,0.0,0.0,0.0,0.0,0.0,0.0043277620803805995,0.0043277620803805995,0.0,0.0,0.0,0.0,0.0,0.0,0.0,0.0,0.0,-728.2421612823061,0.0,0.0,0.0,0.0,0.0,408.14288808715264,0.0,0.0,0.0,0.0,0.0,0.0,0.0,503.4715995910054,0.0,0.0,0.0,9.784417567809168,0.0,0.0,839.7194694801752,0.0,0.0,0.0,25.966572482282853,0.0,0.0,0.0,0.0,0.0,0.0,-25.966572482282853,0.0,9.784417567809168,0.0,0.0,0.0,0.0,0.0,0.0,0.0,0.0,0.0,0.0,-133.515287875729,-1000.0,29.645170250606263,0.0,-505.9860057134605,0.0,346.7700322471369,0.0,0.0,0.0,0.0,0.0,0.0,0.0,0.0,0.0,0.0,0.0,0.0,0.0,0.0,0.0,0.0,0.0,-5.409702600475594,484.1545426053074,-3.2458215602853566,3.2458215602853593,0.0,0.0,0.0,0.0,0.0,-1000.0,999.4590297399525,373.3472022151907,0.0,0.0,0.0,0.0,0.0,0.0,0.0,1000.0,12.983286241141426,12.983286241141426,0.0,0.0,0.0,0.0,780.6742243450524,0.04760538288422803,408.14288808715264,0.0,0.0,-346.7700322471369,0.0,0.0,0.0,0.0,0.0,0.0,0.0,0.0,0.0,0.0,0.0,0.0,0.0,0.0,0.0,0.0,0.0,13.416062449179476,0.0,45.44150184399499,8.224585585797549,0.0,0.0,0.0,0.0,0.0,408.14288808715264,0.0,0.0,0.0,0.0,0.0,-5.409702600475594,0.0,0.0,0.0,0.0,0.0,0.0,0.0,0.0,0.0,0.0,0.0,0.0,0.0,0.0,0.0,0.0,0.0,0.0,-0.043277620803804755,0.0,0.0,2.1638810401902377,-1000.0,0.0,0.0,0.0,0.0,484.1545426053074,0.0,0.0,0.0,3.7262031512076317,1.0819405200951189,0.0,0.0,271.44306436636543,0.043277620803804755,0.0,43.27762080380475,0.0,8.655524160760951,0.3091258628843197,147.57668694097424,-0.032458215602853564,2.1638810401902377,0.865552416076095,-0.21638810401918818,-147.57668694097424,12.983286241141426,-0.043277620803804755,92.08418209505899,0.0,0.010819405200951189,0.3091258628843197,-276.252546285177,-11.782006015870309,-0.8655524160760951,-827.7924949564341,-0.043277620803804755,0.010819405200951189,-147.57668694097424,4.3277620803804755,0.043277620803804755,0.043277620803804755,-408.0520050834646,-4.844603401020398,0.0,-0.032458215602853564,12.983286241141426,0.043277620803804755,505.9860057134605,471.36390907041675,-0.021638810401902377,67.97242245242887,410.92124189949914,-0.032458215602853564,-0.043277620803804755,0.0,0.043277620803804755,4.3277620803804755,-0.865552416076095,68.86226100462405,68.86226100462405,-4.3277620803804755,827.7924949564341,-68.86226100462405,8.655524160760951,0.06491643120570713,-1000.0,4.3277620803804755,-151.73655914104765,0.0,-8.655524160760951,0.021638810401902377,0.4327762080380476,46.042091047529496,416.7984122479136,-0.043277620803804755,-417.8803527680089,408.0520050834646,13.416062449179476,0.043277620803804755,11.782006015870309,-544.9358644368849,0.0,-0.043277620803804755,-0.010819405200951189,0.0,-0.043277620803804755,-872.7014454286991,0.043277620803678474,-0.010819405200951189,-0.010819405200951189,-0.010819405200951189,17.311048321521902,-471.36390907041675,0.4327762080380476,341.9328822682383,-0.010819405200951189,0.0,2.1638810401902377,219.82965962378597,0.043277620803804755,0.021638810401902377,0.021638810401902377,4.3277620803804755,0.0,0.043277620803804755,0.0,0.4327762080380476,0.043277620803804755,-961.6720321786773,0.043277620803804775,0.17311048321539801,0.21638810401918818,0.021638810401902377,0.010819405200951189,12.983286241141426,-0.043277620803804755,0.0,0.43277620803804756,-683.8657645364766,1.0819405200951189,-4.3277620803804755,8.655524160760951,2.1638810401902377,-0.043277620803804775,276.252546285177,0.06491643120570713,-0.043277620803804755,-8.655524160760951,0.0,416.50866793015985,0.021638810401902377,-439.65931924757194,-0.043277620803804755,-0.043277620803678474,-0.043277620803804755,0.021638810401902377,147.57668694097424,-8.655524160760951,0.043277620803804755,92.08418209505899,-0.010819405200951189,4.844603401020398,-92.08418209505899,6.491643120570712,-410.92124189949914,126.14522646391143,147.57668694097424,-0.032458215602853564,417.8803527680089,-416.7984122479136,0.043277620803804755,-0.010819405200951187,2.1638810401902377,43.27762080380475,-0.021638810401902377,-0.043277620803804755,0.010819405200951189,1000.0,0.0,999.9783611895981,619.7391499104391,-731.4352442453412,0.0,910.6409637423266,-394.3825171081036,0.0,659.9303853422143,-732.4029778755839,742.3575763376423,0.0,-329.96519267110716,365.7176221226706,366.20148893779196,0.0,197.1912585540518,-408.14288808715264,-117.88319178693081,0.0,-742.3575763376423,-117.88319178693081,-910.6409637423266,725.6245330494155,0.0,1496.5981,bhi
248,0.0,0.0,0.0,0.0,0.0,0.0,0.0,0.0,-0.046888991702843094,0.0,0.0,0.0,0.0,0.0,0.0,0.0,-753.9715346450444,869.4317977285738,0.0,0.0,0.0,0.0,0.0,0.0,0.0,0.0,0.0,0.0,0.0,-420.89434166746355,0.0,0.0,716.2495791266847,0.0,0.0,0.0,0.0,-208.70745439657193,0.0,-1000.0,985.9333024891471,0.0,0.0,-979.6288479753924,0.0,0.0,663.1248524839883,0.0,241.5092408108394,0.0,0.0,-912.9854834770608,0.0,0.051577890873204524,0.0,0.0,0.0,9.377798340568619,0.0,0.0,57.20256190223413,0.0,0.0,-126.79319541235947,0.0,0.0,0.0,0.0,1000.0,-561.198187860619,0.0,0.46888991702843097,0.0,0.0,0.0,0.0,0.0,0.0,0.0,798.2803611500307,0.0,0.0,-140.673535410981,0.0,28.13339502170586,0.0,0.0,4.030979014532477,395.7265985214538,606.0960832711284,-0.011722247925710774,0.0,0.0,0.0,14.06669751085293,0.0,14.06669751085293,-1.5098255328315278,0.0,0.0,0.0,2.3444495851421547,-420.89434166746355,0.0,0.0,-282.7141741566823,519.3676698466436,36.84968579393938,0.0,0.0,0.0,0.0,0.0,0.0,0.0,0.0,0.0,0.0,0.0,0.0,0.0,0.0,0.0,0.0,-424.7012522012434,0.0,0.0,14.06669751085293,0.0,14.53558742788136,0.0,0.0,-554.9717781503401,394.84648594080056,160.12529220953957,-160.12529220953957,0.0,-531.249999999997,531.249999999997,-183.9957573145936,0.0,0.0,0.0,0.0,0.0,144.28398777209992,0.046888991702843094,0.0,0.0,0.0,-209.2738149449268,-1000.0,0.0,0.0,140.673535410981,0.0,731.5038019829243,0.0,0.0,0.0,0.0,0.0,-663.0779634922854,-663.0779634922854,0.0,0.0,0.0,0.0,0.0,0.0,0.0,-663.0310745005826,0.0,0.0,0.0,-411.19241011274113,0.0,0.0,0.0,0.0,0.0,0.0,0.0,0.0,0.0,0.0,0.0,0.0,0.0,0.0,0.0,-1000.0,0.0,0.0,0.0,0.0,0.0,0.0,912.9854834770608,-395.7265985214538,395.7265985214538,0.0,0.0,0.0,0.0,0.0,0.0,0.0,0.0,-1000.0,0.0,0.0,0.0,0.0,0.0,0.0,0.0,0.0,0.0,0.0,0.0,0.0,0.0,33.51154352981125,854.7940734224562,20.371152024607568,0.0,0.0,0.0,183.9957573145936,130.09072332761681,0.0,0.0,0.0,0.0,57.20256190223413,1000.0,0.0,0.0,0.0,0.0,0.0,0.0,0.0,0.0,0.0,0.0,0.0,0.0,-791.4531970429076,0.0,762.799104780979,0.0,-20.371152024607568,0.0,0.0,183.9957573145936,-942.7954301225315,0.0,0.0,0.0,-66.05754798531609,0.0,0.0,-1000.0,0.0,0.0,-1000.0,0.0,0.0,0.0,0.0,-684.8205040953129,0.0,0.0,0.7295635233154201,0.0,0.0,0.0,448.2146830079708,0.0,-448.2146830079708,0.0,1000.0,0.0,183.9957573145936,-633.2557809824218,0.0,0.0,0.0,57.20256190223413,-0.07033348755426463,0.0,0.0,0.0,0.0,0.046888991702843094,0.0,0.0,0.0,855.8425791615302,-753.9715346450444,0.0,-658.0792221840392,1000.0,0.0,1000.0,0.0,0.0,0.0,-282.7141741566823,0.0,0.0,0.0,239.85014753217362,-239.85014753217362,0.0,-139.4913080806131,-1000.0,0.0,0.0,0.0,0.0,0.0,0.0,0.0,0.0,0.0,0.0,0.0,0.0,0.0,0.0,0.0,0.0,0.0,-1000.0,0.0,-791.4801015702395,140.673535410981,0.0,0.0,0.0,806.2194794517366,0.0,-144.28398777209992,0.0,0.0,0.0,0.0,0.0,239.85014753217362,1000.0,0.0,868.088730836299,-1000.0,-1000.0,-2.3444495851421547,0.0,-307.0233170456667,-1000.0,-2.3444495851421547,869.5415973830351,-869.2609556288701,0.0,736.8142100444148,0.0,-710.1262544335398,1000.0,990.0575686896015,14.06669751085293,0.0,0.0,0.0,162.26103914825566,0.0,0.0,0.0,-33.51154352981125,33.51154352981125,33.51154352981125,927.523416272945,0.0,239.59886135271586,-1000.0,0.0,0.0,0.0,0.0,0.0,-69.59063351012534,0.0,0.0,0.0,0.0,0.0,0.0,0.0,150.8212308133201,0.09377798340580057,0.0,0.0,0.0,0.0,0.0,0.0,0.0,0.0,0.0,438.801812139381,0.0,0.0,0.0,0.0,0.0,0.0,0.0,0.0,0.0,0.051577890873204524,0.051577890873204524,0.0,111.2797723821974,0.0,28.13339502170586,0.0,0.0,0.0,1000.0,0.0,0.0,0.0,0.0,0.0,1000.0,-1000.0,0.0,0.0,0.0,0.0,0.0,0.0,0.0,0.0,0.0,0.0,0.0,0.0,0.0,141.56708406708114,-855.8425791615302,689.9061450982832,0.0,245.39589694900405,0.0,0.0,0.0,-130.09072332761681,0.0,1000.0,0.0,150.8212308133201,1000.0,0.0,0.0,33.51154352981125,0.0,0.0,0.0,0.0,0.0,0.0,0.0,0.0,0.0,0.0,0.0,0.0,0.0,28.13339502170586,183.9957573145936,183.9957573145936,0.0,0.0,0.0,0.0,0.0,0.0,0.0,0.0,0.0,0.0,0.46888991702843097,0.0,0.0,0.0,0.0,0.0,912.9854834770608,0.0,0.0,14.06669751085293,0.0,0.0,0.0,241.78544458788514,0.0,0.0,0.0,0.0,0.0,0.0,-443.38464888259506,0.0,0.0,14.06669751085293,14.06669751085293,674.6672227948593,-1000.0,0.0,0.0,0.0,0.0,0.0,0.0,0.0,-439.6143502519234,0.0,-372.97068987032173,0.046888991702843094,0.0,0.0,0.0,61.92361197099042,0.0,0.0,0.0,0.0,0.0,0.0,0.0,0.0,0.0,0.0,0.0,0.0,0.0,0.0,0.0,0.0,0.0,0.046888991702843094,0.0,0.0,0.0,-139.48930010537865,139.48930010537865,0.0,0.0,0.0,0.0,-514.0574864230379,369.77349865093794,0.0,0.0,208.5198984297605,-3.5166743777132323,0.0,-2.3444495851421547,0.0,0.0,0.0,0.0,0.0,0.0,0.0,0.0,0.0,0.0,0.0,183.9957573145936,0.0,0.0,0.0,282.27576384120385,0.0,0.0,0.0,-0.046888991702843094,0.0,0.0,0.046888991702843094,0.0,0.046888991702843094,0.0,0.0,0.0,28.13339502170586,57.20456987746858,57.20456987746858,0.0,0.0,0.0,0.0,0.0,0.0,0.0,689.9061450982832,0.0,0.0,0.0,0.0,0.0,243.8872897177885,0.0,0.0,0.0,0.0,0.0,0.0,0.0,0.0,0.0,0.0,0.0,0.0,0.0,130.09072332761681,0.0,0.0,0.0,0.07033348755426463,0.0,0.0,0.0,-14.06669751085293,0.0,0.0,0.0,0.0,0.0,-111.2797723821974,2.3444495851421547,0.0,0.0,0.0,0.0,0.0,-1.5098255328315278,-2.3444495851421547,0.0,0.0,0.0,0.0,0.0,0.0,0.0,183.9957573145936,0.0,0.0,-944.4513930459584,77.76822885238614,0.0,-319.47165324228536,-282.7141741566823,0.0,368.2636731181064,0.0,-368.2636731181064,140.673535410981,-1000.0,0.0,2.3444495851421547,575.9758002598446,0.0,0.0,0.0,-69.59063351012534,0.0,0.0,895.2611295093179,-895.2611295093179,0.0,0.0,0.0,0.0,0.0,114.79644675991062,-121.82979551533708,57.20456987746858,0.0,0.0,0.0,0.0,0.0,0.0,0.0,0.0,0.0,0.0,0.0,0.0,0.0,-500.7254241103714,510.6489777349244,0.0,14.06669751085293,0.0,0.0,0.0,0.0,-4.682246173114001,0.0,0.0,0.051577890873204524,0.0,0.0,0.0,28.60228493873429,0.0,0.0,0.0,0.0,854.7940734224562,0.0,519.3676698466436,0.0,0.0,0.0,0.0,0.0,0.0,0.0,0.0,0.00468889917028431,0.00468889917028431,0.0,0.0,0.0,0.0,0.0,0.0,0.0,0.0,0.0,0.0,0.0,0.0,0.0,0.0,0.0,111.2797723821974,0.0,0.0,0.0,0.0,0.0,0.0,0.0,0.0,0.0,0.0,0.0,0.0,-38.26884909750119,-1000.0,869.4317977285738,0.0,0.0,0.0,28.13339502170586,0.0,0.0,0.0,0.0,0.0,0.0,-28.13339502170586,0.0,0.0,0.0,0.0,0.0,0.0,0.0,0.0,0.0,0.0,0.0,0.0,372.97068987032173,-1000.0,276.006249034236,0.0,-14.06669751085293,0.0,-208.70745439657193,0.0,0.0,0.0,0.0,0.0,0.0,0.0,0.0,0.0,0.0,0.0,0.0,0.0,0.0,0.0,0.0,0.0,-5.8611239628553875,183.9957573145936,-3.5166743777132323,362.2004108554124,0.0,0.0,0.0,0.0,0.0,0.0,-0.5861123962855387,210.26416892110632,0.0,0.0,0.0,0.0,0.0,0.0,0.0,1000.0,14.06669751085293,14.06669751085293,0.0,0.0,0.0,0.0,798.2803611500307,0.051577890873204524,111.2797723821974,0.0,0.0,208.70745439657193,0.0,0.0,0.0,0.0,0.0,0.0,0.0,0.0,0.0,0.0,0.0,0.0,0.0,0.0,0.0,0.0,0.0,0.0,0.0,49.23344128798525,3.610452361118916,0.0,0.0,0.0,0.0,0.0,111.2797723821974,0.0,0.0,0.0,0.0,0.0,-5.8611239628553875,0.0,0.0,0.0,0.0,0.0,0.0,0.0,0.0,0.0,0.0,0.0,0.0,0.0,0.0,0.0,0.0,0.0,0.0,-0.046888991702843094,0.0,0.0,2.3444495851421547,-1000.0,0.0,0.0,0.0,0.0,183.9957573145936,0.0,0.0,0.0,-239.85014753217362,1.1722247925710771,0.0,0.0,0.0,0.046888991702843094,0.0,46.88899170284309,-14.53558742788136,9.377798340568619,0.3349213693060221,130.82028685093223,-0.03516674377713232,2.3444495851421547,0.9377798340568619,-0.23444495851427405,-130.82028685093223,14.06669751085293,-0.046888991702843094,94.23805805222743,0.0,0.011722247925710774,0.3349213693060221,-282.7141741566823,-7.46472747909263,-0.9377798340568619,-115.46026308352941,-0.046888991702843094,0.011722247925710774,-130.82028685093223,536.1666890504702,0.046888991702843094,0.046888991702843094,-111.18130549962135,0.051577890873127405,0.0,-0.03516674377713232,14.06669751085293,0.046888991702843094,14.06669751085293,-23.44449585142155,-0.023444495851421547,-166.0754536695597,-134.82651148960397,-0.03516674377713232,-0.046888991702843094,-14.53558742788136,0.046888991702843094,4.6888991702843095,-0.9377798340568619,130.09072332761681,130.09072332761681,-4.688899170284344,115.46026308352941,-130.09072332761681,9.377798340568619,0.07033348755426463,-1000.0,4.6888991702843095,-141.56708406708114,0.0,-9.377798340568619,0.023444495851421547,0.46888991702843097,164.5198055460098,87.14602719295476,-0.046888991702843094,-121.82979551533708,111.18130549962135,14.53558742788136,0.046888991702843094,7.46472747909263,-587.7445799235974,0.0,-0.046888991702843094,-0.011722247925710774,0.0,-0.046888991702843094,-368.5464390333235,0.046888991702843094,-0.011722247925710774,-0.011722247925710774,-0.011722247925710774,18.755596681137238,23.44449585142155,0.46888991702843097,356.49258781856264,-0.011722247925710774,234.80155303979217,2.3444495851421547,-73.0661658215179,0.046888991702843094,0.023444495851421547,0.023444495851421547,-87.30897948701248,14.535587427881358,0.046888991702843094,-14.53558742788136,0.46888991702843097,0.046888991702843094,-1000.0,0.046888991702843094,0.1875559668114306,0.23444495851427405,0.023444495851421547,0.011722247925710774,14.06669751085293,-0.046888991702843094,0.0,0.46888991702843097,-712.9851756371253,1.1722247925710774,-4.6888991702843095,9.377798340568619,2.3444495851421547,-0.046888991702843094,282.7141741566823,0.07033348755426463,-0.046888991702843094,174.61795897402496,14.535587427881358,153.09115284092567,0.023444495851421547,146.1323316430358,-0.046888991702843094,-0.046888991702843094,-0.046888991702843094,0.023444495851421547,130.82028685093223,-9.377798340568619,0.046888991702843094,329.0396110920196,-0.011722247925710774,-0.051577890873127405,-329.0396110920196,7.033348755426464,134.82651148960397,289.69562060905946,130.82028685093223,-0.03516674377713232,121.82979551533708,-87.14602719295476,0.046888991702843094,-0.01172224792571077,2.3444495851421547,46.88899170284309,-0.023444495851421547,-0.046888991702843094,0.011722247925710774,1000.0,0.0,393.8804722330202,643.5074121814373,-130.09887964547696,0.0,126.45032989640663,-1000.0,531.4777898801858,-401.37292430161176,-816.4480796050868,1000.0,-606.0960832711284,200.68646215080588,65.04943982273848,408.2240398025434,-531.4777898801858,500.0,-111.2797723821974,-148.40890666781166,606.0960832711284,-1000.0,-148.40890666781166,-126.45032989640663,354.7530053248598,0.0,1496.5981,bhi
249,0.0,0.0,0.0,0.0,0.0,0.0,0.0,0.0,246.72879518498587,0.0,0.0,0.0,0.0,0.0,0.0,0.0,561.9767961471297,779.3414855978162,0.0,-940.1567024120986,0.0,0.0,0.0,0.0,0.0,0.0,0.0,0.0,0.0,-944.6623711546588,0.0,0.0,25.14458691202117,0.0,0.0,0.0,0.0,22.77540025084913,0.0,-1000.0,1000.0,0.0,0.0,-383.28243098928033,0.0,0.0,0.0,0.0,481.6134818796555,0.0,0.0,715.645475882846,0.0,0.040179208268796174,0.0,0.0,0.0,7.3053105943217025,0.0,0.0,-82.84092985326555,0.0,82.84092985326555,0.0,0.0,0.0,0.0,0.0,936.1909308094781,0.0,0.0,0.36526552971608517,0.0,0.0,0.0,0.0,0.0,0.0,0.0,0.0,0.0,0.0,-535.6017877214003,0.0,21.91593178296511,0.0,74.56295803248965,-278.58576632614427,-543.4658523963346,30.848092066999925,343.04445088192955,0.0,0.0,-943.2637088722516,10.957965891482555,0.0,10.957965891482555,0.0,0.0,0.0,0.0,1.8263276485804256,-944.6623711546588,0.0,0.0,0.0,0.0,1000.0,0.0,0.0,0.0,0.0,0.0,0.0,0.0,0.0,0.0,0.0,0.0,0.0,0.0,0.0,0.0,0.0,-823.2872809722326,0.0,0.0,10.957965891482555,0.0,11.32323142119864,11.32323142119864,0.0,0.0,0.0,0.0,0.0,702.72148742753,-281.1875000000158,281.1875000000158,-702.72148742753,0.0,0.0,0.0,0.0,0.0,612.9772903327039,0.03652655297160851,343.0535825201724,0.0,0.0,-679.3214096763022,568.7456785435807,0.0,0.0,535.6017877214003,0.0,218.96149529325564,0.0,0.0,0.0,0.0,0.0,999.9634734470284,999.9634734470284,0.0,0.0,0.0,0.0,0.0,0.0,0.0,1000.0,0.0,0.0,0.0,-370.7721413918484,-738.1779212832091,0.0,0.0,0.0,0.0,0.0,0.0,0.0,0.0,0.0,-536.9376046427477,0.0,0.0,0.0,0.0,-1000.0,0.0,0.0,0.0,0.0,0.0,0.0,-715.645475882846,512.6177603293347,-512.6177603293347,0.0,0.0,0.0,0.0,0.0,0.0,0.0,0.0,-943.2637088722516,0.0,0.0,0.0,0.0,0.0,0.0,0.0,0.0,0.0,0.0,0.0,0.0,0.0,381.8104542287958,91.34353819727922,616.7175690107197,0.0,0.0,0.0,0.0,0.0,0.0,0.0,0.0,0.0,-82.84092985326555,1000.0,0.0,0.0,0.0,0.0,0.0,0.0,0.0,0.0,1.176155005683583,0.0,0.0,0.0,56.083612725669354,-1000.0,0.0,0.0,-616.7175690107197,0.0,0.0,0.0,648.5033400168264,0.0,0.0,0.0,-32.105646682347015,0.0,0.0,-1000.0,0.0,0.0,-1000.0,0.0,0.0,-30.848092066999925,0.0,864.4203038443873,0.0,0.0,124.55554563318503,0.0,0.0,0.0,0.0,0.0,0.0,0.0,776.2380727965877,0.0,0.0,0.0,0.0,0.0,0.0,-82.84092985326555,-0.054789829457412766,0.0,0.0,0.0,0.0,0.03652655297160851,0.0,0.0,0.0,987.8658791028339,561.9767961471297,0.0,-615.0465858271741,53.96027310190604,738.1779212832091,927.1102564904388,0.0,0.0,0.0,0.0,0.0,0.0,0.0,206.60047211792053,0.0,-206.60047211792053,-1000.0,-1000.0,0.0,0.0,0.0,0.0,0.0,0.0,0.0,0.0,0.0,0.0,0.0,0.0,0.0,0.0,0.0,0.0,0.0,-999.8538937881154,0.0,-1000.0,535.6017877214003,0.0,0.0,0.0,0.0,0.0,-614.1534453383874,0.0,0.0,0.0,0.0,0.0,0.0,0.0,75.28788749778573,0.0,-936.1909308094781,0.0,776.4652996288687,-52.32793978712638,0.0,0.0,-77.11421514636616,0.0,-0.9131638242902128,-778.2916272774492,-203.0706766972005,0.0,285.2325459553971,-247.7519266596829,627.2161254225355,10.957965891482555,656.2500000000006,-656.2500000000006,0.0,0.0,0.0,246.7653217379575,658.2981725447322,276.4877183159363,-276.4877183159363,-276.4877183159364,-1000.0,0.0,0.0,0.0,0.0,0.0,0.0,0.0,0.0,-16.555943641551806,0.0,0.0,83.84770940104374,0.0,0.0,0.0,0.0,-30.190158826924954,0.07305310594085768,0.0,0.0,0.0,0.0,0.0,0.0,0.0,0.0,0.0,0.0,0.0,0.0,0.0,0.0,0.0,0.0,0.0,0.0,0.0,0.040179208268796174,0.040179208268796174,0.0,31.111365336940775,0.0,21.91593178296511,0.0,0.0,0.0,1000.0,0.0,34.24314319879829,74.56295803248965,0.0,0.0,51.176212390338144,-1000.0,0.0,0.0,0.0,0.0,0.0,83.84770940104374,0.0,0.0,0.0,0.0,0.0,0.0,0.0,274.4290936574109,-987.8658791028339,110.57573113272156,0.0,77.3755026113035,0.0,-943.2637088722516,0.0,0.0,0.0,-47.51718869667476,0.0,20.98605356341319,0.0,0.0,0.0,381.8104542287958,0.0,0.0,0.0,0.0,0.0,0.0,0.0,0.0,0.0,0.0,0.0,0.0,0.0,21.91593178296511,0.0,0.0,0.0,0.0,0.0,0.0,0.0,0.0,0.0,0.0,0.0,0.0,0.36526552971608517,0.0,0.0,74.56295803248965,-74.56295803248965,0.0,-715.645475882846,0.0,0.0,10.957965891482555,0.0,0.0,0.0,0.0,0.0,0.0,0.0,0.0,0.0,0.0,-138.02554325129324,670.1842917126888,0.0,10.957965891482555,10.957965891482555,1000.0,-1000.0,0.0,83.84770940104374,0.0,0.0,0.0,0.0,0.0,944.6623711546588,0.0,1000.0,0.03652655297160851,0.0,0.0,2.9456055932104293,0.0,0.0,0.0,943.2637088722516,0.0,0.0,0.0,0.0,0.0,0.0,7.591800083616377,0.0,0.0,0.0,0.0,0.0,0.0,0.0,0.03652655297160851,0.0,0.0,0.0,0.0,0.0,0.0,0.0,0.0,0.0,0.0,-614.1534453383874,0.0,0.0,-0.14610621188455752,-2.7394914728706388,-1.8263276485804272,0.0,0.0,93.74999999999996,93.74999999999996,-93.74999999999997,0.0,0.0,0.0,0.0,0.0,0.0,0.0,0.0,738.1779212832091,0.0,0.0,914.274999026513,0.0,0.0,0.0,246.72879518498587,0.0,0.0,0.03652655297160851,0.0,0.03652655297160851,22.77540025084913,936.1909308094781,0.0,21.91593178296511,44.56239462536239,44.56239462536239,0.0,0.0,0.0,0.0,0.0,0.0,0.0,110.57573113272156,0.0,0.0,0.0,0.0,209.74540832877605,0.0,0.0,0.0,0.0,0.0,0.0,0.0,0.0,0.0,0.0,0.0,0.0,0.0,0.0,0.0,0.0,-44.69410036637623,44.69410036637623,0.054789829457412766,0.0,0.0,0.0,-10.957965891482555,0.0,0.0,0.0,0.0,0.0,-31.111365336940775,1.8263276485804256,0.0,0.0,0.0,0.0,0.0,-324.84618298396083,0.0,0.0,0.0,0.0,0.0,0.0,0.0,0.0,0.0,0.0,0.0,616.0064578624391,-350.699088891855,0.0,61.30211024919942,0.0,0.0,-938.9996283223483,0.0,938.9996283223483,535.6017877214003,603.9409453914641,0.0,1.8263276485804272,1000.0,0.0,0.0,0.0,-165.6818597065311,0.0,0.0,0.0,0.0,0.0,0.0,0.0,0.0,0.0,570.7884614525592,-39.32983975555277,44.56239462536239,0.0,-711.6577507291192,-711.6577507291192,711.6577507291192,0.0,0.0,0.0,0.0,0.0,1.176155005683583,0.0,0.0,0.0,-2.9456055932104293,0.0,0.0,10.957965891482555,74.56295803248965,0.0,0.0,0.0,92.2245879574649,0.0,0.0,0.040179208268796174,0.0,0.0,0.0,22.281197312681194,0.0,0.0,0.0,0.0,91.34353819727922,0.0,0.0,0.0,0.0,0.0,0.0,0.0,0.0,0.0,0.0,772.3307023721541,0.0036526552971608514,0.0,0.0,0.0,0.0,0.0,22.77540025084913,0.0,0.0,0.0,2.9456055932104293,0.0,0.0,0.0,0.0,0.0,31.111365336940775,0.0,0.0,0.0,0.0,0.0,0.0,0.0,0.0,0.0,0.0,0.0,149.1259160649793,0.0,814.1851997233575,779.3414855978162,0.0,0.0,0.0,21.91593178296511,0.0,0.0,0.0,0.0,0.0,0.0,-21.91593178296511,0.0,149.1259160649793,0.0,0.0,0.0,0.0,0.0,0.0,0.0,0.0,0.0,0.0,-1000.0,-1000.0,234.7660971143279,741.4657812336507,-752.4237471251332,0.0,0.0,0.0,0.0,0.0,0.0,0.0,0.0,0.0,0.0,0.0,0.0,0.0,0.0,0.0,0.0,0.0,0.0,0.0,-4.5658191214510655,0.0,-2.7394914728706388,246.33575661145812,0.0,0.0,0.0,0.0,0.0,-594.2065819121144,593.7499999999693,552.1577313629521,0.0,0.0,0.0,0.0,0.0,0.0,0.0,1000.0,10.957965891482555,10.957965891482555,0.0,0.0,0.0,0.0,0.0,0.040179208268796174,31.111365336940775,0.0,0.0,-22.77540025084913,772.3270497168569,0.0,0.0,0.0,0.0,0.0,0.0,0.0,0.0,0.0,0.0,0.0,0.0,0.0,501.8302157133517,0.0,0.0,11.32323142119864,0.0,38.35288062018894,77.3755026113035,0.0,0.0,0.0,0.0,0.0,31.111365336940775,0.0,323.0198553353804,0.0,0.0,0.0,-4.5658191214510655,0.0,0.0,0.0,0.0,0.0,0.0,0.0,0.0,0.0,0.0,0.0,0.0,0.0,0.0,0.0,0.0,0.0,0.0,-0.03652655297160851,0.0,0.0,1.8263276485804256,-51.176212390338144,0.0,0.0,0.0,0.0,0.0,0.0,0.0,0.0,-206.60047211792053,0.9131638242902128,0.0,0.0,0.0,0.03652655297160851,0.0,36.52655297160851,0.0,7.305310594321703,0.26090394979720366,124.55554563318503,-0.027394914728706383,1.8263276485804312,0.7305310594321703,22.592767485992965,-124.55554563318503,10.957965891482555,-0.03652655297160851,0.0,83.84770940104374,0.009131638242902128,0.26090394979720366,0.0,-80.37798526556753,-0.7305310594321703,-401.1615793328473,-0.03652655297160851,0.009131638242902128,-124.55554563318503,3.6526552971608512,0.03652655297160851,0.03652655297160851,-31.03465957570037,-74.52277882422085,-55.33474573894611,-0.027394914728706383,10.957965891482555,0.03652655297160851,10.957965891482555,-18.26327648580426,-0.018263276485804256,-163.62674955430953,-3.6891818501324596,-0.027394914728706383,-0.03652655297160851,0.0,0.03652655297160851,3.6526552971608908,-0.7305310594321703,0.0,0.0,-3.6526552971608512,401.1615793328473,0.0,7.3053105943217025,0.054789829457412766,40.3845634658511,3.6526552971608512,-274.4290936574109,83.84770940104374,-7.3053105943217025,0.018263276485804256,0.36526552971608517,153.76164645679353,-343.3937782975333,-0.03652655297160851,-39.32983975555277,31.03465957570037,11.32323142119864,0.03652655297160851,80.37798526556753,40.015845835113055,83.84770940104374,-0.03652655297160851,-0.009131638242902128,-83.84770940104374,-0.03652655297160851,-30.190158826924954,0.03652655297159435,-0.009131638242902128,-0.009131638242902128,-0.009131638242902128,14.610621188643405,18.26327648580426,0.36526552971608517,295.4048527623389,-0.009131638242902128,307.52329291358706,1.8263276485804256,16.921407062042903,0.03652655297160851,0.018263276485804256,0.018263276485804256,45.57650999768272,0.0,0.03652655297160851,0.0,0.36526552971608517,0.03652655297160851,-832.0913384213418,0.03652655297160851,0.14610621188455752,-22.592767485992965,0.018263276485804256,0.009131638242902128,10.957965891482555,-0.03652655297160851,55.33474573894611,0.36526552971608517,-590.8097055246778,0.9131638242902076,-3.6526552971608908,7.3053105943217025,1.8263276485804256,-0.03652655297160851,0.0,0.054789829457412766,-0.03652655297160851,-91.15301999536544,0.0,-0.4328499513210744,0.018263276485804256,-33.842814124085805,-0.03652655297160851,-0.03652655297159435,-0.03652655297160851,0.018263276485804256,124.55554563318503,-7.3053105943217025,0.03652655297160851,307.52329291358706,-0.009131638242902128,74.52277882422085,-307.52329291358706,5.478982945741277,3.6891818501324596,-303.50767115675933,124.55554563318503,-0.027394914728706383,39.32983975555277,343.3937782975333,0.03652655297160851,-0.00913163824290213,1.8263276485804272,36.52655297160851,-0.018263276485804256,-0.03652655297160851,0.009131638242902128,1000.0,0.0,-40.402826742336906,536.6864856590029,-1000.0,0.0,-100.33978865073169,-25.951823732693743,0.0,-1000.0,992.6946894056783,41.96831028920043,0.0,500.0,500.0,-496.34734470283917,0.0,12.975911866346872,-31.111365336940775,-91.79173800614383,0.0,-41.96831028920043,-91.79173800614383,100.33978865073169,-72.00414489150282,0.0,1496.5981,bhi
250,0.0,0.0,0.0,0.0,0.0,0.0,0.0,0.0,-0.03360915475765421,0.0,0.0,0.0,0.0,0.0,0.0,0.0,373.9091040554009,-340.7612152790142,0.0,0.0,0.0,0.0,0.0,757.9122603527317,0.0,0.0,0.0,0.0,0.0,435.0555615015247,0.0,0.0,736.3978374148869,0.0,0.0,0.0,0.0,443.5144250780487,0.0,-1000.0,500.7211733981803,0.0,0.0,0.0,0.0,0.0,302.1282050726996,0.0,0.0,0.0,0.0,747.8182081108018,0.0,0.036970070233393174,0.0,0.0,0.0,6.721830951530842,0.0,0.0,-154.79081164080407,0.0,154.79081164080407,0.0,0.0,0.0,0.0,0.0,0.0,0.0,0.0,0.33609154757654214,0.0,0.0,0.0,0.0,0.0,0.0,0.0,0.0,0.0,0.0,0.0,0.0,20.16549285459253,0.0,151.83096541181376,577.4376004712948,459.33280300191996,228.52760102760726,-0.008402288689413553,0.0,0.0,-827.0218115696861,10.082746427296264,0.0,499.2788266018197,-1.082214783195866,0.0,0.0,0.0,1.6804577378827106,435.0555615015247,0.0,0.0,-214.13640578339306,0.0,0.0,0.0,0.0,0.0,0.0,0.0,0.0,0.0,0.0,0.0,0.0,0.0,0.0,0.0,0.0,0.0,0.0,-251.78903418106432,0.0,0.0,499.2788266018197,0.0,10.418837974872806,0.0,0.0,-653.2905775294296,653.2905775294296,0.0,0.0,0.0,0.0,0.0,0.0,0.0,0.0,0.0,0.0,0.0,154.41887032815313,0.03360915475765421,0.0,0.0,0.0,0.0,0.0,0.0,0.0,529.1997067612621,0.0,545.514796990602,0.0,0.0,0.0,0.0,0.0,316.84685177852293,316.84685177852293,0.0,0.0,0.0,0.0,482.88314185210265,0.0,0.0,316.8804609332806,0.0,0.0,0.0,1000.0,0.0,0.0,0.0,0.0,0.0,0.0,0.0,0.0,0.0,0.0,-977.5180003593388,0.0,0.0,0.0,0.0,-1000.0,0.0,0.0,0.0,0.0,0.0,0.0,-747.8182081108018,170.38060763950705,-170.38060763950705,0.0,0.0,0.0,0.0,0.0,0.0,0.0,0.0,-1000.0,0.0,0.0,0.0,0.0,0.0,0.0,0.0,0.0,0.0,0.0,0.0,0.0,0.0,304.527408357505,337.727608513964,-61.146457446123804,0.0,0.0,0.0,0.0,108.04981660858274,0.0,0.0,0.0,0.0,-154.79081164080407,-61.146457446123804,0.0,0.0,0.0,0.0,0.0,0.0,0.0,0.0,0.0,0.0,489.1960801745234,0.0,108.20754773451665,397.15974309692956,0.0,0.0,61.146457446123804,0.0,0.0,0.0,0.0,0.0,0.0,0.0,-79.30272535289919,0.0,0.0,-533.2829535206781,0.0,0.0,-533.2829535206781,0.0,0.0,629.7134106414271,0.0,0.0,0.0,0.0,-14.280274834727493,0.0,0.0,0.0,0.0,0.0,0.0,0.0,163.44855146102356,0.0,0.0,203.8183642469784,0.0,0.0,0.0,-154.79081164080407,-0.050413732136481315,0.0,0.0,0.0,0.0,0.03360915475765421,0.0,0.0,0.0,392.67135678959755,373.9091040554009,0.0,-142.75760385559536,-424.3440232129742,0.0,1000.0,0.0,-446.8578805277323,0.0,-214.13640578339306,0.0,0.0,0.0,-2.8937482246340007,449.7516287523663,0.0,-1000.0,-263.0735527035881,0.0,0.0,0.0,0.0,0.0,0.0,0.0,0.0,0.0,0.0,0.0,0.0,0.0,0.0,0.0,0.0,0.0,600.690835140831,0.0,157.04197344375154,0.0,0.0,0.0,177.77312239075135,0.0,0.0,-154.41887032815313,0.0,0.0,0.0,31.43837398369373,0.0,-255.27411209113836,0.0,-756.3312481400422,0.0,-194.47751666122792,60.9746836779652,0.0,-76.69310086487513,0.0,0.0,665.7642292067839,-82.94343844864076,-0.8402288689413553,-1.6804577378827106,-309.1294866252159,0.0,0.0,0.0,-21.84595059247524,499.2788266018197,0.0,0.0,0.0,10.39814330881677,0.0,0.0,642.8415633704741,338.31415501296897,-338.31415501296897,-338.31415501296897,967.5877241183157,0.0,0.0,0.0,0.0,0.0,0.0,0.0,0.0,-5.919692457980659,0.0,0.0,0.0,0.0,0.0,0.0,0.0,-161.55121808785566,0.06721830951542529,0.0,0.0,0.0,0.0,0.0,0.0,0.0,0.0,0.0,0.0,0.0,0.0,0.0,0.0,0.0,0.0,0.0,0.0,0.0,0.036970070233393174,0.036970070233393174,0.0,19.96131303383722,0.0,20.16549285459253,0.0,0.0,0.0,572.5047005573783,0.0,0.0,151.83096541181376,0.0,0.0,1000.0,-572.5047005573783,0.0,0.0,0.0,0.0,0.0,0.0,0.0,0.0,0.0,0.0,0.0,0.0,0.0,83.92967806035477,-392.67135678959755,0.0,0.0,154.41887032815313,0.0,0.0,-827.0218115696861,-935.0716281782688,0.0,1000.0,0.0,838.4487819121443,0.0,0.0,0.0,304.527408357505,0.0,0.0,0.0,0.0,0.0,0.0,0.0,0.0,0.0,0.0,0.0,0.0,0.0,20.16549285459253,0.0,0.0,0.0,0.0,0.0,0.0,0.0,0.0,0.0,0.0,0.0,0.0,0.33609154757654214,0.0,0.0,151.83096541181376,-151.83096541181376,0.0,-747.8182081108018,0.0,0.0,499.2788266018197,0.0,0.0,0.0,0.0,0.0,0.0,0.0,0.0,0.0,0.0,761.3403941380124,0.0,0.0,10.082746427296264,10.082746427296264,-4.201144344706778,-572.5047005573783,0.0,0.0,0.0,0.0,0.0,0.0,0.0,538.5127761292777,0.0,618.2356159166475,0.03360915475765421,0.0,0.0,-823.3507239612808,867.7364141265857,0.0,0.0,827.0218115696861,0.0,0.0,0.0,0.0,0.0,0.0,0.0,0.0,0.0,0.0,0.0,0.0,0.0,0.0,0.03360915475765421,0.0,0.0,0.0,-1000.0,1000.0,0.0,0.0,0.0,0.0,0.0,0.0,-529.1997067612621,-154.41887032815313,-443.6488616970795,-2.520686606824066,-1.680457737882712,0.0,0.0,0.0,0.0,0.0,0.0,0.0,0.0,0.0,0.0,0.0,0.0,0.0,0.0,0.0,0.0,-20.16549285459253,0.0,0.0,0.0,-0.03360915475765421,0.0,0.0,0.03360915475765421,0.0,0.03360915475765421,0.0,0.0,0.0,20.16549285459253,41.003168804338145,41.003168804338145,0.0,0.0,0.0,0.0,0.0,0.0,0.0,0.0,0.0,0.0,0.0,0.0,0.0,0.0,0.0,0.0,0.0,0.0,0.0,0.0,0.0,0.0,0.0,0.0,0.0,0.0,0.0,108.04981660858274,0.0,0.0,0.0,0.050413732136481315,0.0,0.0,0.0,-499.2788266018197,0.0,0.0,0.0,0.0,0.0,-19.96131303383722,1.6804577378827106,0.0,0.0,0.0,0.0,-482.88314185210265,0.0,0.0,0.0,0.0,0.0,0.0,0.0,0.0,0.0,0.0,0.0,0.0,0.0,-284.5660953236678,0.0,-1000.0,-214.13640578339306,0.0,-154.41887032815313,154.41887032815313,0.0,529.1997067612621,-41.003168804338145,0.0,1.680457737882712,717.5436937070858,0.0,0.0,0.0,-309.5816232816082,0.0,0.0,0.0,0.0,0.0,0.0,0.0,0.0,0.0,1000.0,-27.523372854309315,41.003168804338145,0.0,-661.5454935811639,-661.545493581164,661.5454935811639,0.0,0.0,0.0,0.0,0.0,0.0,0.0,0.0,0.0,-44.385690165304936,0.0,0.0,10.082746427296264,151.83096541181376,0.0,0.0,0.0,-330.52194378307604,0.0,0.0,0.036970070233393174,0.0,0.0,0.0,20.501584402169073,0.0,0.0,0.0,0.0,337.727608513964,0.0,0.0,0.0,0.0,0.0,0.0,0.0,0.0,0.0,0.0,0.003360915475765517,0.003360915475765517,0.0,0.0,0.0,0.0,0.0,0.0,0.0,0.0,0.0,-823.3507239612808,0.0,0.0,0.0,0.0,0.0,19.96131303383722,0.0,0.0,0.0,0.0,0.0,0.0,0.0,0.0,0.0,0.0,0.0,303.66193082362753,0.0,0.0,-340.7612152790142,0.0,0.0,0.0,20.16549285459253,0.0,0.0,0.0,0.0,0.0,27.0921901228347,-47.25768297742723,0.0,303.66193082362753,0.0,0.0,0.0,0.0,0.0,0.0,0.0,0.0,0.0,0.0,118.6908313797644,-26.431662369197625,23.02227100899314,0.0,-499.2788266018197,0.0,443.5144250780487,0.0,0.0,0.0,0.0,0.0,0.0,0.0,0.0,0.0,0.0,0.0,0.0,0.0,0.0,0.0,0.0,0.0,-4.201144344706778,0.0,-2.520686606824066,25.002686247485357,0.0,0.0,0.0,0.0,0.0,125.06266892481948,-125.48278335929015,535.1193992192427,0.0,0.0,0.0,0.0,0.0,0.0,0.0,1000.0,10.082746427296264,10.082746427296264,0.0,0.0,0.0,0.0,0.0,0.036970070233393174,19.96131303383722,0.0,0.0,-443.5144250780487,0.0,0.0,0.0,0.0,0.0,0.0,0.0,0.0,0.0,0.0,0.0,0.0,0.0,0.0,0.0,0.0,0.0,0.0,0.0,35.28961249553693,154.41887032815313,0.0,0.0,0.0,0.0,0.0,19.96131303383722,0.0,-2.762672521078578,0.0,0.0,0.0,-4.201144344706778,0.0,0.0,0.0,0.0,0.0,0.0,0.0,0.0,0.0,0.0,0.0,0.0,0.0,0.0,0.0,0.0,0.0,0.0,-0.03360915475765421,0.0,0.0,1.6804577378827106,-1000.0,0.0,0.0,0.0,0.0,0.0,0.0,0.0,0.0,2.8937482246340007,0.8402288689413553,0.0,0.0,0.0,0.03360915475765421,0.0,33.60915475765421,-10.418837974872806,6.721830951530843,0.2400653911261015,93.76954177385525,-0.025206866068240658,90.5670189332584,0.6721830951530843,-0.16804577378844796,-93.76954177385525,10.082746427296264,-0.03360915475765421,71.37880192779768,0.0,0.008402288689413553,0.2400653911261015,-214.13640578339306,-157.1815428492317,-0.6721830951530843,-33.14788877638671,-0.03360915475765421,0.008402288689413553,-93.76954177385525,3.360915475765421,0.03360915475765421,0.03360915475765421,-19.89073380884617,-151.79399534158037,-469.6762439359565,-0.025206866068240658,10.082746427296264,0.03360915475765421,499.2788266018197,472.3915027956963,-0.016804577378827106,352.4342585121405,-111.44434123910582,-0.025206866068240658,-0.03360915475765421,-10.418837974872806,0.03360915475765421,3.360915475765421,-0.6721830951530843,108.04981660858274,108.04981660858274,-3.360915475765421,33.14788877638671,-108.04981660858274,6.721830951530842,0.050413732136481315,-1000.0,3.360915475765421,-83.92967806035477,0.0,-6.721830951530842,0.016804577378827106,0.33609154757654214,35.68940096389884,-277.844264372137,-0.03360915475765421,-27.523372854309315,19.89073380884617,10.418837974872806,0.03360915475765421,157.1815428492317,-529.5270658837087,0.0,-0.03360915475765421,-0.008402288689413553,0.0,-0.03360915475765421,-161.55121808785566,0.03360915475765421,-0.008402288689413553,-0.008402288689413553,-0.008402288689413553,13.443661903061685,-472.3915027956963,0.33609154757654214,271.9895543392537,-0.008402288689413553,0.0,1.6804577378827106,82.45606678181053,0.03360915475765421,0.016804577378827106,0.016804577378827106,3.360915475765421,10.418837974872806,0.03360915475765421,-10.418837974872806,0.33609154757654214,0.03360915475765421,-766.1682979556088,0.03360915475765421,0.13443661903077953,0.16804577378844796,0.016804577378827106,0.008402288689413553,10.082746427296264,-0.03360915475765421,469.6762439359565,0.33609154757654214,-543.9791086785074,89.72679006431702,-3.360915475765421,6.721830951530842,1.6804577378827106,-0.03360915475765421,214.13640578339306,0.050413732136481315,-0.03360915475765421,-6.721830951530842,10.418837974872806,433.75572529110303,0.016804577378827106,-164.91213356362107,-0.03360915475765421,-0.03360915475765421,-0.03360915475765421,0.016804577378827106,93.76954177385525,-6.721830951530842,0.03360915475765421,71.37880192779768,-0.008402288689413553,151.79399534158037,-71.37880192779768,5.041373213648131,111.44434123910582,116.76436546486997,93.76954177385525,-0.025206866068240658,27.523372854309315,277.844264372137,0.03360915475765421,-0.008402288689413551,33.11883172157644,33.60915475765421,-0.016804577378827106,-0.03360915475765421,0.008402288689413553,1000.0,0.0,141.7421837535868,494.17874361635506,-1000.0,0.0,648.8287295829743,-951.277005518424,0.0,385.17630722500144,-770.5712925952703,993.2781690484692,-858.2410116690344,-192.58815361250072,500.0,385.28564629763514,0.0,475.638502759212,-19.96131303383722,-103.23378150802698,858.2410116690344,-993.2781690484692,-103.23378150802698,-648.8287295829743,587.4974399954588,0.0,1496.5981,bhi
251,0.0,0.0,0.0,0.0,0.0,0.0,0.0,0.0,398.24402256597267,0.0,0.0,0.0,0.0,0.0,0.0,0.0,-451.35477685561943,897.4997469457527,0.0,0.0,0.0,0.0,0.0,928.6079078323421,0.0,0.0,0.0,0.0,0.0,-469.6710259558473,0.0,0.0,0.0,0.0,0.0,0.0,0.0,871.0455480144799,0.0,-1000.0,982.4037295607936,0.0,-902.7095537112389,687.1002275478004,0.0,0.0,0.0,0.0,0.0,-624.1101171015328,0.0,0.0,0.0,0.06451965827714816,0.0,0.0,0.0,11.730846959470936,0.0,0.0,-20.45484487615522,0.0,0.0,-376.50126587018525,0.0,0.0,0.0,0.0,11.07901454131678,114.81123177160416,0.0,0.5865423479735469,0.0,0.0,0.0,0.0,0.0,0.0,0.0,0.0,0.0,0.0,0.0,0.0,35.192540878412814,0.0,133.97150226301147,393.345742305573,504.15400464017966,345.84430263869467,764.5550384412912,0.0,0.0,334.99292728080263,17.596270439206407,0.0,17.596270439206407,0.0,0.0,0.0,0.0,2.932711739867734,-1000.0,0.0,0.0,0.0,0.0,607.6034365150231,0.0,0.0,0.0,0.0,0.0,0.0,0.0,0.0,0.0,0.0,0.0,0.0,0.0,0.0,0.0,0.0,-99.84795561820287,0.0,0.0,17.596270439206407,0.0,18.18281278717995,18.18281278717995,0.0,-195.66602241983804,195.66602241983804,0.0,0.0,0.0,0.0,0.0,-356.04642099403003,0.0,0.0,0.0,0.0,0.0,138.48787834240778,0.058654234797354675,764.5697019999906,0.0,0.0,-996.5502096152826,0.0,0.0,0.0,0.0,0.0,657.484397059378,0.0,0.0,0.0,0.0,0.0,999.9413457652026,999.9413457652026,0.0,0.0,0.0,0.0,448.64942555637367,0.0,0.0,1000.0,0.0,0.0,0.0,-16.652886332291246,-1000.0,0.0,0.0,0.0,0.0,0.0,0.0,0.0,0.0,0.0,-1000.0,0.0,0.0,0.0,0.0,-990.3053804982214,0.0,0.0,0.0,0.0,0.0,624.1101171015328,902.7095537112389,-504.15400464017966,504.15400464017966,230.1561746811091,0.0,0.0,0.0,0.0,0.0,0.0,530.3289740441527,886.343501724429,0.0,0.0,0.0,0.0,0.0,0.0,0.0,0.0,0.0,0.0,0.0,0.0,0.0,0.0,529.0673049046168,18.31624910022788,0.0,0.0,0.0,0.0,-230.1561746811091,0.0,0.0,0.0,0.0,-20.45484487615522,-668.7839784475725,0.0,0.0,0.0,0.0,0.0,0.0,0.0,0.0,371.82807461164924,0.0,0.0,0.0,-105.59845556912046,0.0,791.9012913766323,0.0,-18.31624910022788,0.0,0.0,356.04642099403003,-928.4418335472272,0.0,0.0,0.0,-144.68868923115235,0.0,0.0,-1000.0,0.0,0.0,-1000.0,0.0,0.0,0.0,0.0,0.0,624.1101171015328,0.0,200.01094065897948,0.0,0.0,0.0,581.7520338631006,0.0,-581.7520338631006,0.0,597.9681847413708,125.89024631292094,0.0,1000.0,0.0,0.0,0.0,-20.45484487615522,-0.08798135219603202,0.0,0.0,0.0,0.0,0.058654234797354675,0.0,0.0,0.0,600.8810354473658,-451.35477685561943,0.0,-399.3918224728115,-287.9192259611142,1000.0,1000.0,0.0,0.0,0.0,0.0,0.0,0.0,0.0,235.67349434588982,100.89179442804289,-336.5652887739327,-682.6472515991215,-1000.0,0.0,0.0,0.0,0.0,0.0,0.0,0.0,0.0,0.0,0.0,0.0,0.0,0.0,0.0,0.0,0.0,0.0,-128.7198350463307,0.0,-1000.0,0.0,0.0,369.9394082511741,0.0,262.9638256384644,0.0,-510.315952954057,0.0,0.0,0.0,0.0,0.0,0.0,175.87340378373216,-2.932711739867734,815.4989820104814,-111.97080896935968,-406.83150501294386,0.0,0.0,16.86373765735251,-175.87340378373216,0.0,0.0,-816.9653378804153,-2.932711739867734,-1000.0,0.0,236.0206743904699,875.0311907819553,-330.0195486397369,17.596270439206407,0.0,0.0,0.0,0.0,0.0,398.30267680077003,968.75,968.75,-968.75,-968.75,-759.5802914287004,0.0,0.0,0.0,0.0,0.0,530.3289740441527,0.0,0.0,-129.01310622031752,0.0,0.0,0.0,0.0,0.0,0.0,0.0,-485.07917514987224,0.11730846959474853,0.0,0.0,0.0,0.0,0.0,0.0,0.0,0.0,0.0,0.0,0.0,0.0,0.0,0.0,0.0,0.0,0.0,0.0,0.0,0.06451965827714816,0.06451965827714816,0.0,320.1578664965776,0.0,35.192540878412814,0.0,0.0,0.0,18.391872023643813,0.0,0.0,133.97150226301147,0.0,0.0,114.430425288815,-18.391872023643813,0.0,0.0,0.0,0.0,0.0,0.0,0.0,0.0,0.0,0.0,0.0,0.0,0.0,33.28265187273429,-600.8810354473658,996.5502096152826,0.0,138.48787834240778,0.0,0.0,334.99292728080263,334.99292728080263,0.0,114.430425288815,0.0,0.0,-370.64874986105724,281.25000000000387,-281.25000000000387,0.0,0.0,0.0,0.0,0.0,0.0,0.0,0.0,0.0,0.0,0.0,0.0,0.0,0.0,35.192540878412814,356.04642099403003,356.04642099403003,0.0,0.0,0.0,0.0,0.0,0.0,0.0,0.0,0.0,0.0,0.5865423479735469,0.0,0.0,133.97150226301147,-133.97150226301147,0.0,902.7095537112389,0.0,0.0,17.596270439206407,0.0,0.0,0.0,0.0,0.0,0.0,0.0,0.0,0.0,0.0,-462.96675193817015,873.6965440219143,0.0,17.596270439206407,17.596270439206407,-908.8559184182866,-18.391872023643813,0.0,0.0,0.0,0.0,0.0,0.0,0.0,760.7969897765006,530.3289740441527,1000.0,0.058654234797354675,0.0,0.0,0.0,4.730045077586674,0.0,0.0,-334.99292728080263,0.0,-125.89024631292094,0.0,0.0,0.0,0.0,0.0,0.0,0.0,0.0,0.0,0.0,0.0,0.0,0.058654234797354675,0.0,0.0,0.0,0.0,0.0,0.0,0.0,0.0,0.0,0.0,757.7401954038505,0.0,-898.1167401067335,-871.2801649536693,-4.399067609801601,-2.077968389637795,-0.8547433502299389,0.0,0.0,0.0,0.0,0.0,0.0,0.0,0.0,0.0,0.0,0.0,356.04642099403003,1000.0,0.0,0.0,-91.06616250939928,0.0,0.0,0.0,398.24402256597267,0.0,0.0,0.058654234797354675,0.0,0.058654234797354675,0.0,0.0,0.0,35.192540878412814,71.55816645277271,71.55816645277271,0.0,0.0,0.0,0.0,0.0,0.0,0.0,996.5502096152826,0.0,530.3289740441527,0.0,0.0,0.0,240.7236239619421,0.0,0.0,0.0,0.0,0.0,0.0,0.0,0.0,0.0,0.0,0.0,0.0,0.0,0.0,0.0,0.0,0.0,0.08798135219603202,0.0,0.0,0.0,-17.596270439206407,0.0,0.0,0.0,0.0,0.0,-320.1578664965776,2.932711739867734,0.0,0.0,0.0,0.0,-448.64942555637367,612.1992128473236,-0.8547433502299389,0.0,0.0,0.0,0.0,0.0,0.0,0.0,356.04642099403003,0.0,0.0,1000.0,320.1578664965776,0.0,-15.180637344188339,0.0,0.0,101.88325989326654,898.1167401067335,-1000.0,0.0,-1000.0,0.0,2.932711739867734,1000.0,0.0,0.0,0.0,-396.95611074634047,0.0,0.0,0.0,0.0,0.0,0.0,0.0,0.0,0.0,991.201864780397,0.0,71.55816645277271,0.0,0.0,0.0,0.0,0.0,0.0,0.0,0.0,0.0,371.82807461164924,0.0,0.0,333.3550693259822,-4.730045077586674,-208.70085198494462,-902.7095537112389,17.596270439206407,133.97150226301147,0.0,0.0,0.0,-87.56040250159248,0.0,0.0,0.06451965827714816,0.0,0.0,0.0,35.779083226386355,0.0,0.0,0.0,0.0,529.0673049046168,0.0,0.0,0.0,0.0,0.0,0.0,0.0,0.0,554.7800556549847,0.0,0.005865423479735636,0.005865423479735636,0.0,0.0,0.0,0.0,0.0,0.0,0.0,0.0,0.0,0.0,0.0,0.0,0.0,0.0,0.0,320.1578664965776,0.0,0.0,0.0,0.0,0.0,0.0,0.0,624.1101171015328,0.0,0.0,0.0,267.94300452602295,0.0,0.0,897.4997469457527,0.0,0.0,0.0,35.192540878412814,0.0,0.0,0.0,0.0,0.0,0.0,-35.192540878412814,0.0,267.94300452602295,0.0,0.0,0.0,0.0,0.0,0.0,0.0,0.0,0.0,0.0,-1000.0,-921.850261822621,280.9017747981301,935.1441655297763,-952.7404359689826,0.0,871.0455480144799,0.0,0.0,0.0,0.0,0.0,0.0,0.0,0.0,0.0,0.0,0.0,0.0,0.0,0.0,0.0,0.0,0.0,-7.331779349669334,356.04642099403003,-4.399067609801601,236.32455635214052,0.0,0.0,0.0,0.0,0.0,0.0,-0.7331779349669336,129.01310622031752,0.0,0.0,0.0,0.0,0.0,0.0,0.0,1000.0,17.596270439206407,17.596270439206407,0.0,0.0,0.0,0.0,0.0,0.06451965827714816,320.1578664965776,0.0,0.0,-871.0455480144799,0.0,0.0,0.0,0.0,0.0,0.0,0.0,0.0,0.0,0.0,0.0,0.0,0.0,0.0,0.0,0.0,0.0,18.18281278717995,0.0,61.586946537222424,0.0,0.0,138.48787834240778,0.0,0.0,0.0,320.1578664965776,0.0,-244.33777298578727,0.0,0.0,0.0,-7.331779349669334,0.0,0.0,0.0,0.0,0.0,0.0,0.0,0.0,0.0,0.0,0.0,0.0,0.0,0.0,0.0,0.0,0.0,0.0,-0.058654234797354675,0.0,0.0,2.932711739867734,-114.430425288815,0.0,0.0,0.0,0.0,356.04642099403003,0.0,0.0,0.0,-235.67349434588982,1.4663558699338664,0.0,0.0,0.0,0.058654234797354675,0.0,58.654234797354675,0.0,11.730846959470938,0.41895881998110485,200.01094065897948,-0.04399067609801601,2.932711739867734,1.1730846959470937,-0.29327117398679103,-200.01094065897948,17.596270439206407,-0.05865423479735468,0.0,0.0,0.01466355869933867,0.41895881998110485,0.0,-143.30925644275067,-1.1730846959470937,-446.14497009013326,-0.05865423479735468,0.01466355869933867,-200.01094065897948,5.865423479735468,0.05865423479735468,0.058654234797354675,-320.03469260350306,-133.90698260473437,-485.07917514987224,-0.04399067609801601,17.596270439206407,0.05865423479735468,17.596270439206407,-29.327117398677345,-0.02932711739867734,-172.40522190950577,224.23209696657628,-0.04399067609801601,-0.05865423479735468,0.0,0.058654234797354675,5.865423479735468,-1.1730846959470937,0.0,0.0,-5.865423479735468,446.14497009013326,0.0,11.730846959470936,0.08798135219603202,-1000.0,5.865423479735468,-33.28265187273429,0.0,-11.730846959470936,0.02932711739867734,0.5865423479735469,99.84795561820287,331.8887134560485,-0.058654234797354675,-333.3550693259822,320.03469260350306,18.18281278717995,0.05865423479735468,143.30925644275067,-70.3850817568256,0.0,-0.058654234797354675,-0.01466355869933867,0.0,-0.058654234797354717,-485.07917514987224,0.05865423479735468,-0.01466355869933867,-0.01466355869933867,-0.01466355869933867,23.461693918941872,29.327117398677345,0.5865423479735469,43.45545620549345,-0.01466355869933867,199.69591123640575,2.932711739867734,245.47229931480385,0.058654234797354675,0.02932711739867734,0.029327117398677358,-57.079699676725,0.0,0.058654234797354675,0.0,0.5865423479735469,0.05865423479735468,-43.45545620549345,0.05865423479735468,0.23461693918946921,0.29327117398679103,0.02932711739867734,0.01466355869933867,17.596270439206407,-0.05865423479735468,485.07917514987224,0.5865423479735469,-86.9109124109869,1.466355869933867,-5.865423479735468,11.730846959470936,2.932711739867734,-0.05865423479735468,0.0,0.08798135219603202,-0.05865423479735468,114.15939935345,0.0,469.9385030866075,0.02932711739867734,-490.9445986296077,-0.05865423479735468,-0.05865423479735468,-0.05865423479735468,0.02932711739867734,200.01094065897948,-11.730846959470936,0.058654234797354675,199.69591123640575,-0.01466355869933867,133.90698260473437,-199.69591123640575,8.798135219603202,-224.23209696657628,651.7363606877116,200.01094065897948,-0.04399067609801601,333.3550693259822,-331.8887134560485,0.05865423479735468,-0.01466355869933867,2.932711739867734,58.654234797354675,-0.02932711739867734,-0.05865423479735468,0.01466355869933867,1000.0,0.0,654.1263702439066,0.0,-775.2589840786247,0.0,-59.941939249907364,-1.2962585890215965,0.0,-498.6312040060429,747.8494444692295,1000.0,-345.84430263869467,249.31560200302144,387.62949203931237,-373.92472223461476,0.0,0.6481292945107983,-320.1578664965776,-382.37810058501503,345.84430263869467,-1000.0,-382.37810058501503,59.941939249907364,2.2888595135913836,0.0,1496.5981,bhi
252,0.0,0.0,0.0,0.0,0.0,0.0,0.0,0.0,-0.042285657132821466,0.0,0.0,0.0,0.0,0.0,0.0,0.0,-532.0861325321588,909.1682883380294,0.0,0.0,0.0,0.0,0.0,102.8447756661537,0.0,0.0,0.0,0.0,0.0,-1000.0,0.0,0.0,32.67526613610016,0.0,0.0,0.0,0.0,-782.1133275126764,0.0,-399.40064616144736,486.16565063375447,0.0,-723.3228609892408,575.4329750268761,0.0,0.0,0.0,0.0,0.0,0.0,0.0,-233.33029651604198,0.0,0.04651422284607776,0.0,0.0,0.0,8.457131426564294,0.0,0.0,137.50012582346147,0.0,-425.6454172961933,-711.817539557607,455.7717062750829,0.0,0.0,0.0,0.0,855.4622447885539,0.0,0.4228565713282147,0.0,0.0,0.0,0.0,0.0,0.0,0.0,0.0,0.0,0.0,0.0,0.0,25.371394279692886,0.0,0.0,344.18875976899136,-430.39573419808266,1000.0,-0.010571414283205367,0.0,0.0,0.0,12.685697139846443,0.0,406.8049731869871,0.0,0.0,0.0,0.0,973.1730576445194,-1000.0,0.0,0.0,-362.35454280128124,0.0,0.0,0.0,0.0,0.0,0.0,0.0,0.0,0.0,0.0,0.0,0.0,0.0,0.0,0.0,0.0,0.0,0.0,-140.63279624862707,0.0,0.0,406.8049731869871,0.0,13.108553711174656,0.0,0.0,0.0,0.0,0.0,0.0,-423.6722480848752,0.0,0.0,0.0,0.0,0.0,0.0,0.0,0.0,3.2559955992272607,0.042285657132821466,0.0,0.0,0.0,-359.8233839979861,0.0,0.0,0.0,633.483616731857,0.0,922.4383011412383,0.0,0.0,0.0,0.0,0.0,724.0967776740375,724.0967776740375,0.0,0.0,0.0,-171.84375,0.0,0.0,0.0,724.1390633311703,0.0,0.0,0.0,-1000.0,-721.2714551256602,0.0,0.0,0.0,0.0,0.0,0.0,0.0,0.0,0.0,0.0,0.0,0.0,0.0,0.0,-1000.0,0.0,0.0,0.0,0.0,0.0,0.0,956.6531575052827,-331.649232052996,331.649232052996,423.6722480848752,0.0,0.0,0.0,0.0,0.0,0.0,0.0,346.08054542981915,0.0,0.0,0.0,0.0,0.0,0.0,0.0,0.0,0.0,0.0,0.0,0.0,0.0,0.0,74.59453771851094,575.4329750268761,0.0,0.0,0.0,0.0,-423.6722480848752,0.0,0.0,0.0,0.0,137.50012582346147,0.0,0.0,0.0,0.0,0.0,0.0,0.0,0.0,0.0,964.1943909901803,0.0,394.11927604714066,0.0,-177.9306368656726,-1000.0,969.192685221278,0.0,-575.4329750268761,0.0,0.0,423.6722480848752,0.0,0.0,0.0,0.0,-145.48577217299442,0.0,0.0,232.8888169525905,-429.6408679102242,202.78441253457433,662.5296848628145,0.0,632.4252804447985,-762.0449662510787,0.0,0.0,0.0,0.0,117.9769834005719,0.0,0.0,0.0,-1000.0,0.0,1000.0,0.0,724.0544920169046,0.0,0.0,-16.273997371462087,-171.84375,0.0,0.0,137.50012582346147,-0.0634284856992322,0.0,0.0,0.0,0.0,0.042285657132821466,0.0,0.0,0.0,-370.9993641771674,-532.0861325321588,0.0,-241.56969520085417,-35.57473939806701,721.2714551256602,852.8504375965349,0.0,713.48080436851,0.0,-362.35454280128124,0.0,0.0,0.0,442.54255561889227,-156.02335998740227,-1000.0,-853.9856571128453,-1000.0,0.0,0.0,0.0,0.0,0.0,0.0,0.0,0.0,0.0,0.0,0.0,0.0,0.0,0.0,0.0,0.0,0.0,-1000.0,0.0,-218.055815115855,0.0,0.0,962.8327928305042,0.0,0.0,195.52917121563382,-967.4503865894076,0.0,0.0,0.0,0.0,971.0587747878783,0.0,0.0,0.0,-391.25924553271074,156.02335998740227,-940.8473291214004,-2.1142828566410734,496.8790119726277,0.0,0.0,-487.6436702505802,0.0,390.2021041043902,0.0,0.0,0.0,-19.36792851753052,1000.0,0.0,406.8049731869871,0.0,0.0,0.0,0.0,0.0,0.0,0.0,0.0,0.0,0.0,-378.4415748857917,0.0,0.0,0.0,0.0,0.0,0.0,0.0,0.0,-148.67199643795226,0.0,0.0,40.12018622420676,0.0,0.0,0.0,0.0,-692.0338194664623,0.08457131426567119,0.0,0.0,0.0,0.0,0.0,0.0,0.0,0.0,0.0,855.4622447885539,0.0,0.0,0.0,0.0,0.0,0.0,0.0,0.0,0.0,0.04651422284607776,0.04651422284607776,0.0,0.0,0.0,25.371394279692886,0.0,0.0,0.0,11.8638624062936,0.0,0.0,0.0,0.0,0.0,1000.0,-11.8638624062936,0.0,0.0,0.0,0.0,0.0,40.12018622420676,0.0,0.0,0.0,0.0,0.0,0.0,0.0,46.87759874954236,370.9993641771674,359.8233839979861,0.0,3.2559955992272607,0.0,0.0,0.0,0.0,0.0,1000.0,0.0,307.9661805335377,0.0,156.25000000000014,-156.25000000000014,0.0,0.0,0.0,0.0,0.0,0.0,0.0,0.0,0.0,0.0,0.0,0.0,0.0,0.0,25.371394279692886,423.6722480848752,423.6722480848752,0.0,0.0,0.0,0.0,0.0,0.0,0.0,0.0,0.0,0.0,0.4228565713282147,0.0,0.0,0.0,0.0,0.0,956.6531575052827,0.0,0.0,406.8049731869871,0.0,0.0,0.0,0.0,0.0,0.0,0.0,0.0,0.0,0.0,458.02138565233105,0.0,0.0,12.685697139846441,12.685697139846441,-1000.0,-11.8638624062936,0.0,40.12018622420676,0.0,0.0,0.0,0.0,0.0,853.9856571128453,0.0,1000.0,0.042285657132821466,0.0,0.0,0.0,55.844251052052584,0.0,0.0,0.0,0.0,0.0,0.0,0.0,0.0,0.0,0.0,0.0,0.0,0.0,0.0,0.0,0.0,0.0,0.042285657132821466,0.0,0.0,0.0,940.984600220238,-940.984600220238,0.0,0.0,0.0,0.0,-265.6049725845568,260.9873788256534,-633.483616731857,0.0,781.944184884145,-3.1714242849616108,0.0,-2.1142828566410734,0.0,0.0,0.0,0.0,0.0,0.0,0.0,0.0,0.0,0.0,0.0,423.6722480848752,721.2714551256602,0.0,0.0,-17.253645660889447,0.0,0.0,0.0,-0.042285657132821466,0.0,0.0,0.042285657132821466,0.0,0.042285657132821466,0.0,0.0,0.0,25.371394279692886,51.5885017020422,51.5885017020422,0.0,0.0,0.0,0.0,0.0,0.0,0.0,359.8233839979861,0.0,0.0,0.0,0.0,74.80306064230696,371.38029005572116,0.0,0.0,0.0,0.0,0.0,0.0,0.0,0.0,0.0,0.0,0.0,0.0,0.0,0.0,0.0,0.0,0.0,0.0634284856992322,0.0,0.0,0.0,-406.8049731869871,0.0,0.0,0.0,0.0,0.0,0.0,2.1142828566410734,0.0,0.0,0.0,171.84375,0.0,0.0,-2.1142828566410734,0.0,0.0,0.0,0.0,0.0,0.0,0.0,423.6722480848752,0.0,0.0,921.8138199614131,0.0,0.0,-648.6337474285781,-362.35454280128124,0.0,-701.8454140048508,0.0,701.8454140048508,633.483616731857,-51.5885017020422,0.0,2.1142828566410734,835.6525649875751,0.0,0.0,0.0,-148.67199643795226,0.0,0.0,0.0,0.0,0.0,0.0,0.0,0.0,0.0,-6.342848569923185,0.0,51.5885017020422,0.0,0.0,0.0,0.0,0.0,0.0,0.0,0.0,0.0,964.1943909901803,0.0,0.0,9.514272854884796,-911.3064958406064,0.0,-723.3228609892408,12.685697139846443,0.0,0.0,0.0,0.0,-104.44359646894054,0.0,0.0,0.04651422284607776,0.0,0.0,0.0,25.794250851021097,0.0,0.0,0.0,0.0,74.59453771851094,0.0,0.0,0.0,0.0,0.0,0.0,0.0,0.0,0.0,0.0,0.004228565713282147,0.004228565713282147,0.0,0.0,0.0,0.0,0.0,0.0,0.0,0.0,0.0,0.0,0.0,0.0,0.0,0.0,0.0,0.0,0.0,0.0,0.0,0.0,0.0,0.0,0.0,0.0,0.0,0.0,0.0,0.0,250.59669289370322,-358.11580045273803,909.1682883380294,0.0,0.0,0.0,25.371394279692886,0.0,0.0,0.0,0.0,0.0,-58.261875030082734,32.89048075038985,0.0,0.0,0.0,0.0,0.0,0.0,0.0,0.0,0.0,0.0,0.0,0.0,-1000.0,-1000.0,475.1490258340109,0.0,-406.8049731869871,0.0,-782.1133275126764,0.0,0.0,0.0,0.0,0.0,0.0,0.0,0.0,0.0,0.0,0.0,0.0,0.0,0.0,0.0,0.0,0.0,-5.285707141602684,423.6722480848752,-974.2301990728399,443.0119264130666,0.0,0.0,0.0,0.0,0.0,-0.5285707141602686,0.0,782.1556131698092,0.0,0.0,0.0,0.0,0.0,0.0,0.0,1000.0,12.685697139846441,12.685697139846441,0.0,0.0,0.0,0.0,0.0,0.04651422284607776,0.0,0.0,0.0,782.1133275126764,0.0,0.0,0.0,0.0,0.0,0.0,0.0,0.0,0.0,0.0,0.0,0.0,0.0,0.0,0.0,0.0,0.0,0.0,0.0,44.39993998946255,0.0,0.0,3.2559955992272607,0.0,0.0,0.0,0.0,0.0,962.8327928305042,0.0,0.0,0.0,-5.285707141602684,0.0,0.0,0.0,0.0,0.0,0.0,0.0,0.0,0.0,0.0,0.0,0.0,0.0,0.0,0.0,0.0,0.0,0.0,-0.042285657132821466,0.0,0.0,2.1142828566410734,-1000.0,0.0,0.0,0.0,0.0,423.6722480848752,0.0,0.0,0.0,-442.54255561889227,1.0571414283205367,0.0,0.0,0.0,0.042285657132821466,0.0,42.28565713282147,-13.108553711174656,8.457131426564294,0.3020404080915819,117.9769834005719,-0.0317142428496161,487.6436702505802,0.8457131426564294,-0.21142828566416938,-117.9769834005719,12.685697139846441,-0.04228565713282147,120.78484760042709,40.12018622420676,0.010571414283205367,0.3020404080915819,-362.35454280128124,-6.731876615544428,-0.8457131426564294,-377.08215580587057,-0.042285657132821466,0.010571414283205367,-117.9769834005719,277.0329824303775,0.042285657132821466,0.042285657132821466,0.08879987997889922,0.04651422284610361,0.0,-0.0317142428496161,12.685697139846443,0.042285657132821466,406.8049731869871,372.9764474807299,-0.021142828566410733,-197.72921553867582,419.40139671446025,-0.0317142428496161,-0.042285657132821466,-13.108553711174656,0.042285657132821466,4.228565713282147,-0.8457131426564294,0.0,0.0,-4.228565713282137,377.08215580587057,0.0,8.457131426564294,0.0634284856992322,-859.4865920984126,4.228565713282147,-46.87759874954236,40.12018622420676,-8.457131426564294,0.021142828566410737,0.4228565713282147,60.39242380021354,8.457131426564294,-0.042285657132821466,-9.514272854884796,-0.08879987997889922,13.108553711174654,0.042285657132821466,6.731876615544428,-677.5462950994153,40.12018622420676,-0.042285657132821466,-0.010571414283205367,-40.12018622420676,-0.042285657132821466,-692.0338194664623,0.04228565713279933,-0.010571414283205368,-0.010571414283205367,-0.010571414283205368,16.914262853128587,-372.9764474807299,0.4228565713282147,354.2189241521854,-0.010571414283205367,0.0,2.1142828566410734,348.1311925898722,0.042285657132821466,0.021142828566410737,0.021142828566410733,24.28865882538553,13.108553711174656,0.042285657132821466,-13.108553711174656,0.4228565713282147,0.042285657132821466,-1000.0,0.042285657132821466,0.16914262853140372,0.21142828566416938,0.021142828566410733,0.010571414283205367,12.685697139846443,-0.042285657132821466,0.0,0.4228565713282147,-708.4378483043708,486.5865288222597,-4.228565713282147,8.457131426564294,2.1142828566410734,-0.042285657132821466,362.35454280128124,0.0634284856992322,-0.042285657132821466,-48.57731765077106,13.108553711174656,423.3718094942678,0.021142828566410733,-696.2623851797445,-0.042285657132821466,-0.04228565713279933,-0.04228565713282147,0.021142828566410733,117.9769834005719,-8.457131426564294,0.042285657132821466,120.78484760042709,-0.010571414283205367,-0.04651422284610361,-120.78484760042709,6.342848569923221,-419.40139671446025,105.5757697963841,117.9769834005719,-0.0317142428496161,9.514272854884796,-8.457131426564294,0.042285657132821466,-0.010571414283205365,2.1142828566410734,42.28565713282147,-0.021142828566410737,-0.042285657132821466,0.010571414283205367,1000.0,0.0,621.510415520925,645.7810758478146,-1000.0,0.0,-55.70319156181982,-395.9643219600168,272.80441671709536,-1000.0,732.3389862605086,1000.0,-237.95503374892127,500.0,500.0,-366.1694931302543,-272.80441671709536,197.9821609800084,0.0,-318.92821302532724,237.95503374892127,-1000.0,-318.92821302532724,55.70319156181982,308.80726891215664,0.0,1496.5981,bhi
253,0.0,0.0,0.0,0.0,0.0,0.0,0.0,0.0,-0.05028729156533498,0.0,0.0,0.0,0.0,0.0,0.0,0.0,-62.1296028467507,833.251928009806,0.0,0.0,0.0,0.0,0.0,732.5488359056511,0.0,0.0,0.0,0.0,0.0,-338.56349729597696,0.0,0.0,271.0757558450761,0.0,0.0,0.0,0.0,939.1884654897032,0.0,-1000.0,1000.0,0.0,0.0,0.0,0.0,0.0,578.5779409243717,182.18948370750917,0.0,-497.30570869343944,0.0,-286.2187689295971,0.0,0.05531602072187525,0.0,0.0,0.0,192.24694202057617,0.0,0.0,147.8475291415541,0.0,0.0,-372.16778573621366,915.4995771676629,0.0,0.0,0.0,0.0,0.0,0.0,0.5028729156533498,0.0,0.0,0.0,0.0,0.0,0.0,0.0,0.0,0.0,0.0,3.872121450530784,0.0,30.172374939200985,0.0,0.0,380.35922323406976,671.3665009177652,-342.73300183553033,-0.012571822891333745,0.0,0.0,910.2774086253216,15.086187469600493,0.0,128.715687882314,-1.6192507884031784,0.0,0.0,3.872121450530784,2.514364578266749,-690.2179808602531,0.0,0.0,0.0,0.0,0.0,0.0,0.0,0.0,0.0,0.0,0.0,0.0,0.0,0.0,0.0,0.0,0.0,0.0,0.0,0.0,0.0,-1000.0,0.0,0.0,128.715687882314,0.0,15.589060385253845,15.589060385253845,0.0,462.87488659556925,117.6906638145739,-580.5655504101431,580.5655504101431,-520.0153148777678,0.0,0.0,0.0,0.0,0.0,0.0,0.0,0.0,0.0,0.05028729156533498,0.0,0.0,0.0,0.0,0.0,0.0,0.0,0.0,0.0,91.40027510936459,0.0,0.0,0.0,0.0,0.0,421.4723463671937,421.4723463671937,0.0,0.0,0.0,0.0,0.0,0.0,0.0,421.52263365875905,0.0,0.0,0.0,-919.7942532876359,-695.3708793830239,0.0,0.0,0.0,0.0,0.0,0.0,0.0,0.0,0.0,-1000.0,0.0,0.0,0.0,0.0,-692.9924634514707,0.0,0.0,0.0,0.0,0.0,497.30570869343944,286.2187689295971,-328.63349908223483,328.63349908223483,520.0153148777678,0.0,0.0,0.0,0.0,0.0,0.0,351.6544835642761,-59.2182839891442,0.0,0.0,0.0,0.0,0.0,0.0,0.0,0.0,0.0,0.0,0.0,0.0,0.0,0.0,-132.34975105881426,114.47433121313054,0.0,0.0,0.0,0.0,-280.7692250992816,0.0,0.0,0.0,0.0,147.8475291415541,114.47433121313054,0.0,0.0,258.21812067911117,0.0,0.0,0.0,0.0,0.0,0.0,0.0,113.62950041271351,0.0,-1000.0,0.0,337.94449308143203,0.0,-114.47433121313054,0.0,0.0,520.0153148777678,262.32186035468465,0.0,0.0,0.0,-68.72196533369902,0.0,0.0,-378.31293087757274,-1000.0,0.0,621.6870691224274,0.0,1000.0,342.73300183553033,0.0,-161.95956323609573,497.30570869343944,0.0,-67.76642554069386,0.0,0.0,0.0,0.0,0.0,0.0,0.0,1000.0,0.0,0.0,0.0,0.0,0.0,0.0,147.8475291415541,-0.07543093734800246,0.0,0.0,0.0,0.0,0.05028729156533498,0.0,0.0,0.0,325.0306857906705,-62.1296028467507,0.0,0.0,232.26281400108422,695.3708793830239,964.0083686922031,0.0,0.0,0.0,0.0,0.0,0.0,0.0,-4.329735803775348,4.329735803775348,0.0,-1000.0,-1000.0,0.0,0.0,0.0,0.0,0.0,0.0,0.0,0.0,0.0,0.0,0.0,0.0,0.0,0.0,0.0,0.0,258.21812067911117,729.3341292957118,0.0,-115.27524782793387,0.0,0.0,0.0,0.0,0.0,0.0,0.0,0.0,0.0,0.0,0.0,0.0,0.0,0.0,-2.5143645782667488,0.0,-4.329735803775348,-679.5769273441015,0.0,270.02929084888507,-337.7411289416086,0.0,0.0,-766.2034371250534,-1.2571822891333744,-2.5143645782667488,504.2754289473437,0.0,0.0,748.4384003075039,-721.0628857087271,128.715687882314,0.0,0.0,0.0,0.0,0.0,0.0,0.0,0.0,0.0,0.0,242.37055960571655,0.0,0.0,0.0,0.0,0.0,351.6544835642761,0.0,0.0,-224.32025659465955,0.0,0.0,164.70731919011092,0.0,0.0,0.0,0.0,-261.06543894112826,0.10057458312985545,0.0,0.0,0.0,0.0,0.0,0.0,0.0,0.0,0.0,0.0,0.0,0.0,0.0,0.0,0.0,0.0,0.0,0.0,0.0,0.05531602072187525,0.05531602072187525,0.0,154.65679433685582,0.0,30.172374939200985,0.0,0.0,0.0,1000.0,0.0,0.0,0.0,0.0,0.0,1000.0,-1000.0,0.0,0.0,730.2496028359798,0.0,0.0,164.70731919011092,0.0,0.0,0.0,0.0,0.0,0.0,0.0,333.3333333333333,-325.0306857906705,0.0,0.0,3.872121450530784,0.0,910.2774086253216,0.0,-239.24608977848615,0.0,589.2856373599552,0.0,1000.0,-261.06543894112826,0.0,0.0,0.0,0.0,0.0,0.0,0.0,0.0,0.0,0.0,0.0,0.0,0.0,0.0,0.0,0.0,30.172374939200985,520.0153148777678,520.0153148777678,0.0,0.0,0.0,0.0,0.0,0.0,0.0,0.0,0.0,0.0,0.5028729156533498,0.0,0.0,0.0,0.0,0.0,286.2187689295971,0.0,0.0,128.715687882314,-730.2496028359798,0.0,0.0,0.0,0.0,0.0,0.0,0.0,0.0,0.0,1000.0,91.6485691150383,0.0,15.086187469600493,15.086187469600493,-947.0676274565227,-1000.0,0.0,164.70731919011092,0.0,0.0,0.0,0.0,0.0,690.2179808602531,351.6544835642761,1000.0,0.05028729156533498,0.0,0.0,0.0,4.055310869804513,0.0,0.0,-910.2774086253216,0.0,0.0,0.0,0.0,0.0,0.0,31.593412510772676,0.0,0.0,0.0,0.0,0.0,0.0,0.0,0.05028729156533498,0.0,0.0,0.0,0.0,0.0,0.0,0.0,0.0,0.0,-380.98886376775295,380.98886376775295,0.0,0.0,-844.6093771236457,-3.7715468674001236,0.0,-2.514364578266749,0.0,0.0,0.0,0.0,0.0,0.0,0.0,0.0,0.0,0.0,0.0,520.0153148777678,695.3708793830239,0.0,0.0,-718.5485211304604,0.0,0.0,0.0,-0.05028729156533498,0.0,0.0,0.05028729156533498,0.0,0.05028729156533498,94.78023753231798,0.0,0.0,30.172374939200985,61.35049570970867,61.35049570970867,0.0,0.0,0.0,0.0,0.0,0.0,0.0,0.0,0.0,351.6544835642761,0.0,0.0,0.0,0.0,0.0,0.0,0.0,0.0,0.0,0.0,0.0,0.0,0.0,0.0,0.0,0.0,0.0,239.24608977848615,0.0,-289.40612659329383,289.40612659329383,0.07543093734800246,0.0,0.0,0.0,-128.715687882314,0.0,0.0,0.0,0.0,0.0,-154.65679433685582,2.5143645782667488,0.0,0.0,0.0,0.0,0.0,597.5776319965323,-2.5143645782667488,0.0,0.0,0.0,0.0,0.0,0.0,0.0,520.0153148777678,0.0,730.2496028359798,1000.0,154.65679433685582,0.0,-1000.0,0.0,0.0,978.5664957642853,0.0,-978.5664957642853,0.0,200.97136464497598,0.0,2.5143645782667488,1000.0,0.0,0.0,0.0,-224.32025659465955,406.2500000000004,-406.2500000000004,0.0,0.0,0.0,0.0,0.0,0.0,0.0,1000.0,-7.543093734800209,61.35049570970867,0.0,0.0,0.0,0.0,0.0,0.0,0.0,0.0,0.0,0.0,0.0,0.0,158.428341204256,-4.055310869804513,-202.9279754156932,0.0,15.086187469600493,0.0,0.0,0.0,0.0,-448.6607046699944,0.0,0.0,0.05531602072187525,0.0,0.0,0.0,30.675247854854337,0.0,0.0,0.0,0.0,-132.34975105881426,0.0,0.0,0.0,0.0,0.0,0.0,0.0,0.0,-1000.0,0.0,910.0680808640312,0.005028729156533629,0.0,0.0,0.0,0.0,0.0,94.78023753231798,0.0,0.0,0.0,0.0,0.0,0.0,0.0,0.0,0.0,154.65679433685582,0.0,0.0,0.0,0.0,0.0,0.0,0.0,497.30570869343944,0.0,0.0,0.0,0.0,0.0,0.0,833.251928009806,0.0,0.0,0.0,30.172374939200985,0.0,0.0,0.0,0.0,0.0,0.0,-30.172374939200985,0.0,0.0,0.0,0.0,0.0,0.0,0.0,0.0,0.0,0.0,0.0,0.0,-1000.0,-1000.0,34.44679472225445,-128.715687882314,0.0,0.0,844.4082279573852,0.0,0.0,0.0,0.0,0.0,0.0,0.0,0.0,0.0,0.0,0.0,0.0,0.0,0.0,0.0,0.0,0.0,-6.285911445666873,520.0153148777678,-3.7715468674001236,3.7715468674001613,0.0,0.0,0.0,0.0,0.0,-0.6285911445666872,0.0,224.32025659465955,0.0,0.0,0.0,0.0,0.0,0.0,0.0,1000.0,15.086187469600493,15.086187469600493,0.0,0.0,0.0,0.0,0.0,0.05531602072187525,154.65679433685582,0.0,0.0,-939.1884654897032,910.0630521348747,0.0,0.0,0.0,0.0,0.0,0.0,0.0,0.0,0.0,0.0,0.0,0.0,0.0,192.0931820628059,0.0,0.0,15.589060385253845,0.0,52.801656143601726,3.872121450530784,0.0,0.0,0.0,0.0,0.0,154.65679433685582,0.0,-599.1968827849355,0.0,0.0,0.0,-6.285911445666873,0.0,0.0,0.0,0.0,0.0,0.0,0.0,0.0,0.0,0.0,0.0,0.0,0.0,0.0,0.0,0.0,0.0,0.0,-0.05028729156533498,0.0,0.0,2.5143645782667488,-1000.0,0.0,0.0,0.0,0.0,520.0153148777678,0.0,0.0,0.0,4.329735803775348,1.2571822891333744,0.0,0.0,0.0,0.05028729156533498,0.0,50.287291565334975,0.0,10.057458313066995,0.3591949397523927,171.4796642377923,-0.03771546867400123,2.5143645782667488,1.0057458313066996,94.5288010744921,-171.4796642377923,15.086187469600493,-0.05028729156533498,0.0,164.70731919011092,0.012571822891333745,0.3591949397523927,0.0,-8.00573681720074,-1.0057458313066996,-771.1223251630553,-0.05028729156533498,0.012571822891333745,-171.4796642377923,5.0287291565334975,0.05028729156533498,0.05028729156533498,-154.55119102456862,0.05531602072182775,-532.1411947862043,-0.03771546867400123,15.086187469600493,0.050287291565335006,128.715687882314,88.48585463004602,-0.02514364578266749,440.7409196768397,275.6902086511828,-0.03771546867400123,-0.05028729156533498,0.0,0.05028729156533498,5.0287291565334975,-1.0057458313066996,239.24608977848615,239.24608977848615,-5.0287291565334975,771.1223251630553,-239.24608977848615,10.057458313066995,0.07543093734800246,-1000.0,5.0287291565334975,-333.3333333333333,164.70731919011092,-10.057458313066995,0.02514364578266749,0.5028729156533498,0.0,164.71425264992283,-0.05028729156533498,-165.9714349390562,154.55119102456862,15.589060385253845,0.05028729156533498,8.00573681720074,-9.266931101004843,164.70731919011092,-0.05028729156533498,-0.012571822891333745,-164.70731919011092,-0.05028729156533498,-261.06543894112826,0.05028729156522129,-0.012571822891333745,-0.012571822891333745,-0.012571822891333745,20.11491662613399,-88.48585463004602,0.5028729156533498,334.7875793286537,-0.012571822891333745,0.0,2.5143645782667488,133.04708404883087,0.05028729156533498,0.02514364578266749,0.02514364578266749,87.38238875158896,0.0,0.05028729156533498,0.0,0.5028729156533498,0.05028729156533498,-929.8495437090246,0.05028729156533498,0.20114916626050672,-94.5288010744921,0.02514364578266749,0.012571822891333745,15.086187469600493,-0.05028729156533498,532.1411947862043,0.5028729156533498,-669.5751586573074,1.2571822891333748,-5.0287291565334975,10.057458313066995,2.5143645782667488,-0.05028729156533498,0.0,0.07543093734800246,-0.05028729156533498,-174.76477750317792,0.0,660.0153253783244,0.02514364578266749,-266.09416809766174,-0.050287291565335006,-0.05028729156522129,-0.05028729156533498,0.02514364578266749,171.4796642377923,-10.057458313066995,0.05028729156533498,0.0,-0.012571822891333745,-0.05531602072182775,0.0,7.543093734800246,-275.6902086511828,372.0504428249741,171.4796642377923,-0.03771546867400123,165.9714349390562,-164.71425264992283,0.05028729156533498,-0.012571822891333743,2.5143645782667488,50.287291565334975,-0.02514364578266749,-0.05028729156533498,0.012571822891333745,1000.0,0.0,999.9748563542173,595.0619643803709,-272.521545756186,0.0,710.447060351833,-272.18710498867,0.0,-1000.0,-252.42801791878355,989.942541686933,0.0,500.0,136.260772878093,126.21400895939178,0.0,136.093552494335,-154.65679433685582,-211.35462070833003,0.0,-989.942541686933,-211.35462070833003,-710.447060351833,357.3426311481522,0.0,1496.5981,bhi
254,0.0,0.0,0.0,0.0,0.0,0.0,0.0,0.0,-0.22143772630832395,0.0,0.0,0.0,0.0,0.0,0.0,0.0,-695.5435086849719,797.9972087414177,0.0,344.1978149457584,0.0,0.0,0.0,56.941858082534054,0.0,522.4288737905572,0.0,0.0,0.0,-247.03092474178538,0.0,0.0,274.4329010373482,0.0,0.0,0.0,0.0,999.1142490947673,0.0,-1000.0,-305.594317449561,0.0,0.0,0.0,0.0,0.0,0.4428754526166479,0.0,942.5744334267573,0.0,0.0,0.0,0.0,0.24358149893896552,0.0,0.0,0.0,0.0,0.0,0.0,-19.501282430219646,0.0,0.0,-19.501282430219646,0.0,0.0,0.0,0.0,1000.0,-1000.0,0.0,2.2143772630832395,0.0,0.0,0.0,0.0,0.0,0.0,0.0,0.0,0.0,0.0,0.0,0.0,132.86263578499438,0.0,0.0,-239.43951291043987,439.06010317085867,0.0,-0.05535943157708099,0.0,0.0,-896.8771290329993,66.43131789249719,0.0,66.43131789249719,-7.130294787128349,951.5016733440613,0.0,0.0,731.3650055658602,-1000.0,0.0,0.0,-303.296083992029,0.0,0.0,0.0,0.0,0.0,0.0,0.0,0.0,0.0,0.0,0.0,0.0,0.0,0.0,0.0,0.0,0.0,0.0,-839.8386131566376,0.0,0.0,66.43131789249719,0.0,68.6456951555804,0.0,0.0,0.0,0.0,0.0,0.0,0.0,0.0,0.0,0.0,0.0,0.0,0.0,0.0,0.0,17.050704925740774,0.22143772630832395,0.0,0.0,0.0,0.0,0.0,0.0,0.0,0.0,0.0,1000.0,0.0,0.0,0.0,0.0,0.0,999.7785622736917,999.7785622736917,0.0,0.0,0.0,0.0,303.296083992029,0.0,0.0,1000.0,0.0,0.0,0.0,1000.0,-564.1469274655344,0.0,0.0,0.0,0.0,0.0,0.0,0.0,0.0,0.0,-79.26340809770875,0.0,0.0,0.0,0.0,-23.85549034163529,0.0,0.0,0.0,0.0,0.0,0.0,0.0,-439.06010317085867,439.06010317085867,0.0,0.0,0.0,0.0,0.0,0.0,0.0,752.9690752582146,-1000.0,0.0,0.0,0.0,0.0,0.0,0.0,0.0,0.0,0.0,0.0,0.0,0.0,0.0,0.0,-586.2758747157568,0.0,0.0,0.0,0.0,0.0,103.12287096700074,0.0,0.0,0.0,0.0,-19.501282430219646,0.0,0.0,0.0,649.8863939077887,0.0,0.0,0.0,0.0,0.0,0.0,44.28754526166479,0.0,0.0,-878.1202063417173,0.0,264.0748173454587,0.0,0.0,0.0,0.0,0.0,876.1839485723522,0.0,0.0,0.0,-398.8017698122144,0.0,0.0,-983.9721936163262,-1000.0,0.0,16.0278063836738,0.0,1000.0,0.0,0.0,0.0,0.0,0.0,514.6883854332228,0.0,0.0,0.0,579.5066106188683,0.0,-579.5066106188683,0.0,1000.0,0.0,0.0,0.0,0.0,0.0,0.0,-19.501282430219646,-0.3321565894624859,0.0,0.0,0.0,0.0,0.22143772630832395,0.0,0.0,0.0,-145.69869851786262,-695.5435086849719,0.0,-202.19738932801934,-498.3404036472907,564.1469274655344,-269.4703246071009,0.0,1000.0,0.0,-303.296083992029,0.0,0.0,0.0,129.60611537371759,-1000.0,-129.60611537371759,-1000.0,-1000.0,0.0,0.0,0.0,0.0,0.0,0.0,0.0,0.0,0.0,0.0,0.0,0.0,0.0,0.0,0.0,0.0,649.8863939077887,0.0,0.0,-1000.0,0.0,0.0,0.0,1000.0,0.0,0.0,-17.050704925740774,0.0,951.5016733440613,0.0,0.0,720.293119250444,0.0,847.9340413142213,-589.8193713941525,-5.535943157708099,0.0,-1000.0,-11.071886315416197,228.0240054166158,-545.2556921259205,-847.9340413142213,-281.3990745464856,0.0,0.0,0.0,785.8528657814757,0.0,0.0,764.1227940323274,609.034553157804,66.43131789249719,0.0,0.0,0.0,0.0,0.0,0.0,0.0,0.0,0.0,0.0,-143.07346491923875,0.0,0.0,0.0,0.0,0.0,752.9690752582146,0.0,0.0,-39.00256486043929,0.0,31.25000000003819,30.307325050037115,0.0,0.0,0.0,0.0,-652.707192608254,0.44287545261659034,0.0,0.0,0.0,0.0,0.0,0.0,0.0,0.0,0.0,0.0,0.0,0.0,0.0,0.0,0.0,0.0,0.0,0.0,0.0,0.24358149893896552,0.24358149893896552,0.0,0.0,0.0,132.86263578499438,0.0,0.0,0.0,1000.0,0.0,0.0,0.0,0.0,0.0,1000.0,-1000.0,0.0,0.0,0.0,0.0,0.0,30.307325050037115,0.0,0.0,0.0,0.0,0.0,0.0,0.0,279.94620438554585,145.69869851786262,0.0,0.0,17.050704925740774,0.0,-1000.0,103.12287096700074,0.0,0.0,1000.0,0.0,0.0,347.292807391746,0.0,0.0,0.0,0.0,0.0,0.0,0.0,0.0,0.0,0.0,0.0,0.0,0.0,0.0,0.0,0.0,132.86263578499438,0.0,0.0,0.0,0.0,0.0,0.0,0.0,0.0,0.0,0.0,0.0,0.0,2.2143772630832395,0.0,0.0,0.0,0.0,0.0,0.0,0.0,0.0,66.43131789249719,0.0,0.0,0.0,0.0,0.0,0.0,0.0,0.0,0.0,0.0,1000.0,0.0,0.0,66.43131789249719,66.43131789249719,642.0092079117508,-1000.0,0.0,30.307325050037115,0.0,0.0,0.0,0.0,0.0,1000.0,752.9690752582146,648.6006661328538,0.22143772630832395,0.0,0.0,0.0,292.44015155104285,0.0,0.0,896.8771290329993,0.0,0.0,0.0,0.0,0.0,0.0,0.0,0.0,0.0,0.0,0.0,0.0,0.0,0.0,0.22143772630832395,0.0,0.0,0.0,1000.0,-1000.0,0.0,0.0,0.0,0.0,0.0,934.4509684183205,0.0,0.0,-1000.0,-16.607829473124298,-11.071886315416197,0.0,0.0,0.0,0.0,0.0,0.0,0.0,0.0,0.0,0.0,0.0,0.0,0.0,564.1469274655344,0.0,0.0,620.1064394732202,0.0,0.0,0.0,-0.22143772630832395,0.0,0.0,0.22143772630832395,0.0,0.22143772630832395,0.0,0.0,0.0,132.86263578499438,270.15402609615523,270.15402609615523,0.0,0.0,0.0,0.0,0.0,0.0,0.0,0.0,0.0,752.9690752582146,0.0,0.0,0.0,148.67190360886408,0.0,0.0,0.0,0.0,0.0,0.0,0.0,0.0,0.0,0.0,0.0,0.0,0.0,103.12287096700074,0.0,-522.4288737905572,522.4288737905572,0.3321565894624859,0.0,0.0,0.0,-66.43131789249719,0.0,0.0,0.0,0.0,0.0,0.0,11.071886315416197,0.0,0.0,0.0,0.0,-303.296083992029,-934.4509684183205,0.0,0.0,31.25000000003819,0.0,0.0,0.0,0.0,0.0,0.0,0.0,0.0,927.1844540830364,0.0,0.0,-330.31107629970865,-303.296083992029,0.0,-951.5016733440613,951.5016733440613,0.0,0.0,606.0299224761969,0.0,11.071886315416197,789.2465268378585,0.0,0.0,0.0,-39.00256486043929,0.0,0.0,0.0,0.0,0.0,0.0,0.0,0.0,0.0,95.87123757083305,-49.82348841937312,270.15402609615523,0.0,0.0,0.0,0.0,0.0,0.0,0.0,0.0,0.0,0.0,0.0,0.0,0.0,-292.44015155104285,-336.62281002712746,0.0,66.43131789249719,0.0,0.0,0.0,0.0,-185.15266832279036,0.0,0.0,0.24358149893896552,0.0,0.0,0.0,135.0770130480776,0.0,0.0,0.0,0.0,-586.2758747157568,0.0,0.0,0.0,0.0,0.0,0.0,0.0,0.0,0.0,0.0,0.022143772630832004,0.022143772630832004,0.0,0.0,0.0,0.0,0.0,0.0,0.0,0.0,0.0,0.0,0.0,0.0,0.0,0.0,0.0,0.0,0.0,0.0,0.0,0.0,0.0,0.0,0.0,0.0,0.0,0.0,0.0,0.0,0.0,-104.3147689974281,797.9972087414177,0.0,0.0,0.0,132.86263578499438,0.0,0.0,0.0,0.0,0.0,0.0,-132.86263578499438,0.0,0.0,0.0,0.0,0.0,0.0,0.0,0.0,0.0,0.0,0.0,0.0,-648.6006661328538,-1000.0,300.356746130066,0.0,-66.43131789249719,0.0,999.1142490947673,0.0,0.0,0.0,0.0,0.0,0.0,0.0,0.0,0.0,578.125,0.0,-578.125,-578.125,0.0,0.0,0.0,0.0,-27.679715788540495,0.0,-736.9009487235683,181.88756255511288,0.0,0.0,0.0,0.0,0.0,0.0,-2.7679715788540493,39.00256486043929,0.0,0.0,0.0,0.0,0.0,0.0,0.0,1000.0,66.43131789249719,66.43131789249719,0.0,0.0,0.0,0.0,0.0,0.24358149893896552,0.0,0.0,0.0,-999.1142490947673,0.0,0.0,0.0,0.0,0.0,0.0,0.0,0.0,0.0,0.0,0.0,0.0,0.0,0.0,0.0,0.0,0.0,0.0,0.0,232.50961262374017,17.050704925740774,0.0,0.0,0.0,0.0,0.0,0.0,0.0,916.2487873157759,0.0,0.0,0.0,-27.679715788540495,0.0,0.0,0.0,0.0,0.0,0.0,0.0,0.0,0.0,0.0,0.0,0.0,0.0,0.0,0.0,0.0,0.0,0.0,-0.22143772630832395,0.0,0.0,11.071886315416197,-1000.0,0.0,0.0,0.0,0.0,0.0,0.0,0.0,0.0,-129.60611537371759,5.535943157708099,0.0,0.0,522.4288737905572,0.22143772630832395,0.0,221.43772630832393,-68.6456951555804,44.287545261664796,1.5816980450594567,617.8112564002236,-0.16607829473124294,871.2184459406382,4.428754526166479,-1.107188631541021,-617.8112564002236,66.43131789249719,-0.22143772630832395,101.09869466400967,30.307325050037115,0.05535943157708099,1.5816980450594567,-303.296083992029,-35.25288602828539,-4.428754526166479,-446.6515150022043,-0.22143772630832395,0.05535943157708099,-617.8112564002236,22.143772630832395,0.22143772630832395,0.22143772630832395,0.46501922524728945,0.24358149893915595,-320.5479256615441,-0.16607829473124294,66.43131789249719,0.22143772630832395,66.43131789249719,-110.71886315416198,-0.11071886315416198,-72.85990635439786,-125.48808132414146,-0.16607829473124294,-0.22143772630832395,-68.6456951555804,0.22143772630832395,22.143772630832395,-4.428754526166479,103.12287096700074,103.12287096700074,-22.143772630832395,446.6515150022043,-103.12287096700074,44.28754526166479,0.3321565894624859,-1000.0,22.143772630832395,-279.94620438554585,30.307325050037115,-44.28754526166479,0.11071886315416198,2.2143772630832395,50.549347332004835,44.28754526166479,-0.22143772630832395,-49.82348841937312,-0.46501922524728945,68.6456951555804,0.22143772630832395,35.25288602828539,-235.41794651995136,30.307325050037115,-0.22143772630832395,-0.05535943157708099,-30.307325050037115,-0.22143772630832395,-652.707192608254,0.22143772630832395,-0.05535943157708099,-0.05535943157708099,-0.05535943157708099,88.57509052332958,110.71886315416198,2.2143772630832395,255.17994601232215,-0.05535943157708099,0.0,11.071886315416197,337.4254826195432,0.22143772630832395,0.11071886315416198,0.11071886315416198,37.29743515585095,68.6456951555804,0.22143772630832395,-68.6456951555804,2.2143772630832395,0.22143772630832395,-437.42448707960494,0.22143772630832395,0.8857509052326975,1.107188631541021,0.11071886315416198,0.05535943157708099,66.43131789249719,-0.22143772630832395,320.5479256615441,2.2143772630832395,-510.3598920246443,865.6825027829301,-22.143772630832395,44.28754526166479,11.071886315416197,-0.22143772630832395,303.296083992029,0.3321565894624859,-0.22143772630832395,-74.5948703117019,68.6456951555804,491.63586806889145,0.11071886315416198,-674.8509652390863,-0.22143772630832395,-0.22143772630832395,-0.22143772630832395,0.11071886315416198,617.8112564002236,-44.28754526166479,0.22143772630832395,101.09869466400967,-0.05535943157708099,-0.24358149893915595,-101.09869466400967,33.21565894624859,125.48808132414146,302.4665372735353,617.8112564002236,-0.16607829473124294,49.82348841937312,-44.28754526166479,0.22143772630832395,-0.055359431577080995,11.071886315416197,221.43772630832393,-0.11071886315416198,-0.22143772630832395,0.05535943157708099,0.0,0.0,999.8892811368459,182.2445410672828,-1000.0,0.0,521.5562745340626,-582.622758780791,0.0,-19.55312055962986,402.08200364960294,286.02353103804387,0.0,9.776560279814902,500.0,-201.0410018248015,0.0,291.3113793903955,0.0,-306.4831997461011,0.0,-286.02353103804387,-306.4831997461011,-521.5562745340626,367.4152242115908,0.0,1496.5981,bhi
255,0.0,0.0,0.0,0.0,0.0,0.0,0.0,0.0,643.0771948593662,0.0,0.0,0.0,0.0,0.0,0.0,0.0,-716.2660850226275,624.881642115699,0.0,0.0,0.0,0.0,0.0,1000.0,0.0,0.0,0.0,0.0,0.0,-1000.0,0.0,0.0,0.0,0.0,0.0,0.0,0.0,438.72093670629687,0.0,-1000.0,-586.3939638252048,0.0,0.0,891.0625379757752,0.0,0.0,0.0,0.0,716.2660850226275,0.0,0.0,0.0,0.0,0.21692113230056975,0.0,0.0,0.0,0.0,0.0,0.0,-17.36683731938188,0.0,-24.47688674614721,-41.84372406552909,0.0,0.0,0.0,0.0,0.0,0.0,0.0,1.9720102936467254,0.0,0.0,0.0,0.0,0.0,0.0,0.0,0.0,0.0,0.0,473.25741031569595,0.0,118.32061761880354,0.0,0.0,0.0,628.9831239633371,0.0,-0.049300257341168136,0.0,0.0,264.2813901552678,59.16030880940176,0.0,361.65052606046817,0.0,0.0,0.0,473.25741031569595,669.6721438045452,-1000.0,0.0,0.0,-326.93736219070144,337.5348296228979,0.0,0.0,0.0,0.0,0.0,0.0,0.0,0.0,0.0,0.0,0.0,0.0,0.0,0.0,0.0,0.0,0.0,-651.5879329084848,0.0,0.0,361.65052606046817,0.0,61.13231910304849,16.40012419472653,0.0,0.0,315.8756215255409,-315.8756215255409,315.8756215255409,0.0,0.0,0.0,0.0,0.0,0.0,0.0,0.0,0.0,-458.07293105461616,0.19720102936467254,0.0,0.0,0.0,0.0,-868.3214424448256,0.0,0.0,0.0,0.0,1000.0,0.0,0.0,0.0,0.0,0.0,389.1602728537475,389.1602728537475,0.0,0.0,0.0,0.0,0.0,0.0,0.0,389.35747388311216,0.0,0.0,0.0,-286.5645699040689,0.0,0.0,0.0,0.0,0.0,0.0,0.0,0.0,0.0,0.0,0.0,0.0,0.0,0.0,0.0,-1000.0,0.0,0.0,0.0,0.0,0.0,0.0,0.0,-148.2599161985744,148.2599161985744,0.0,0.0,0.0,0.0,0.0,0.0,0.0,0.0,-24.65012867058408,0.0,0.0,0.0,0.0,0.0,0.0,0.0,0.0,0.0,0.0,0.0,0.0,0.0,0.0,229.9719685052938,1000.0,0.0,0.0,0.0,0.0,190.22807889383702,0.0,0.0,0.0,0.0,-17.36683731938188,108.93746202422483,0.0,0.0,155.96737322945728,0.0,0.0,0.0,0.0,0.0,6.349873145542006,39.440205872934506,302.4902172510664,0.0,-716.5618865666744,60.681153595237106,568.0061688240531,0.0,-1000.0,0.0,0.0,0.0,-759.4147441750995,0.0,0.0,0.0,-19.874577076136127,0.0,0.0,-643.6729564549529,0.0,1000.0,-643.6729564549527,0.0,1000.0,480.7232077647627,0.0,-239.64435910550287,0.0,0.0,392.7630414230524,0.0,0.0,0.0,-604.3282716941466,0.0,604.3282716941466,0.0,1000.0,0.0,0.0,-79.51552650411908,0.0,0.0,0.0,-17.36683731938188,-0.29580154404700876,0.0,0.0,0.0,0.0,0.19720102936467254,0.0,0.0,0.0,441.7715219001528,-716.2660850226275,0.0,-255.3957470247185,621.544820477053,0.0,-328.3848569470522,0.0,429.87483928567434,0.0,-326.93736219070144,0.0,0.0,0.0,-16.979008628297734,30.37251664930568,-443.2683473066825,-19.767034906803538,-1000.0,0.0,0.0,0.0,0.0,0.0,0.0,0.0,0.0,0.0,0.0,0.0,0.0,0.0,0.0,0.0,0.0,155.96737322945728,1000.0,0.0,560.490259176245,0.0,0.0,0.0,0.0,0.0,0.0,451.72305790907416,0.0,0.0,0.0,711.1005835304854,659.8120923363115,0.0,0.0,660.2339023636106,969.1096566085381,-30.37251664930568,0.0,0.0,0.0,-533.3634222633345,0.0,-1000.0,76.05293724311825,-974.0396823426549,-9.860051468233626,0.0,0.0,0.0,1000.0,-128.18066908703716,361.65052606046817,0.0,0.0,0.0,0.0,0.0,643.2743958887309,0.0,0.0,0.0,0.0,-721.0932896779323,0.0,0.0,-611.0369281756173,0.0,0.0,0.0,0.0,0.0,-34.73367463876376,0.0,0.0,103.64141918231556,0.0,0.0,0.0,0.0,-662.4651703771021,0.39440205872961087,0.0,0.0,0.0,0.0,0.0,0.0,0.0,0.0,0.0,0.0,0.0,0.0,0.0,0.0,0.0,0.0,0.0,0.0,0.0,0.21692113230056975,0.21692113230056975,0.0,0.0,0.0,118.32061761880354,0.0,0.0,0.0,1000.0,0.0,0.0,0.0,0.0,0.0,942.2169225617367,-1000.0,0.0,0.0,0.0,0.0,0.0,103.64141918231556,0.0,0.0,0.0,0.0,0.0,0.0,0.0,217.19597763616162,-441.7715219001528,530.7866128219277,0.0,15.184479261079787,0.0,74.05331126143074,190.22807889383702,0.0,0.0,942.2169225617367,0.0,0.0,279.7517521846346,0.0,0.0,0.0,0.0,0.0,0.0,0.0,0.0,0.0,0.0,0.0,0.0,0.0,0.0,0.0,0.0,118.32061761880354,0.0,0.0,0.0,0.0,0.0,0.0,0.0,0.0,0.0,0.0,0.0,0.0,1.9720102936467254,0.0,0.0,0.0,0.0,0.0,0.0,0.0,0.0,361.65052606046817,0.0,0.0,0.0,0.0,0.0,0.0,0.0,0.0,0.0,0.0,300.1399666930316,421.82198972321015,0.0,59.16030880940177,59.16030880940176,1000.0,-1000.0,0.0,103.64141918231556,0.0,0.0,0.0,0.0,0.0,19.767034906803538,0.0,42.10662484999807,0.19720102936467254,0.0,0.0,0.0,194.83163407276749,8.590445995699156,0.0,-264.2813901552678,0.0,0.0,0.0,0.0,0.0,0.0,0.0,0.0,0.0,0.0,0.0,0.0,0.0,0.0,0.19720102936467254,0.0,0.0,0.0,1000.0,-1000.0,0.0,0.0,0.0,0.0,0.0,804.3241372824937,0.0,0.0,-792.1108201971745,-14.790077202350455,0.0,-9.860051468233626,0.0,0.0,0.0,0.0,0.0,0.0,0.0,0.0,0.0,0.0,0.0,0.0,0.0,0.0,0.0,-118.32061761880354,0.0,0.0,0.0,643.0771948593662,0.0,0.0,0.19720102936467254,0.0,0.19720102936467254,0.0,0.0,0.0,118.32061761880354,240.5852558249005,240.5852558249005,0.0,0.0,0.0,0.0,0.0,0.0,0.0,530.7866128219277,0.0,0.0,0.0,0.0,0.0,0.0,0.0,0.0,0.0,0.0,0.0,0.0,0.0,0.0,0.0,0.0,0.0,0.0,0.0,190.22807889383702,0.0,0.0,0.0,0.29580154404700876,0.0,0.0,0.0,-361.65052606046817,0.0,0.0,0.0,0.0,0.0,0.0,9.860051468233626,0.0,0.0,0.0,0.0,0.0,-804.3241372824937,-9.860051468233626,0.0,0.0,0.0,0.0,0.0,0.0,0.0,0.0,0.0,0.0,635.3752967047203,0.0,0.0,1000.0,-318.3469161950022,352.60107937341945,-352.60107937341945,0.0,0.0,0.0,-1000.0,0.0,9.860051468233626,1000.0,0.0,0.0,0.0,-34.73367463876376,0.0,0.0,0.0,0.0,0.0,0.0,0.0,0.0,0.0,14.790077202350455,-44.37023160705132,240.5852558249005,0.0,0.0,0.0,0.0,0.0,0.0,0.0,0.0,0.0,6.349873145542006,0.0,0.0,0.0,-194.83163407276749,0.0,0.0,59.16030880940177,0.0,0.0,0.0,0.0,-102.93105957352759,0.0,0.0,0.21692113230056975,0.0,0.0,0.0,120.29262791245026,0.0,0.0,0.0,0.0,229.9719685052938,0.0,337.5348296228979,0.0,0.0,0.0,0.0,0.0,0.0,0.0,0.0,0.019720102936467754,0.019720102936467754,0.0,0.0,0.0,0.0,0.0,0.0,0.0,0.0,0.0,0.0,0.0,0.0,0.0,0.0,0.0,0.0,0.0,0.0,0.0,0.0,0.0,0.0,0.0,0.0,0.0,0.0,0.0,0.0,0.0,-955.9104441281304,624.881642115699,0.0,0.0,0.0,118.32061761880352,0.0,0.0,0.0,0.0,0.0,-216.99205986997828,98.67144225117475,0.0,0.0,0.0,0.0,0.0,0.0,0.0,0.0,0.0,0.0,0.0,0.0,-42.10662484999807,-1000.0,135.0827051148007,0.0,-361.65052606046817,0.0,438.72093670629687,0.0,0.0,0.0,0.0,0.0,0.0,0.0,0.0,0.0,0.0,0.0,0.0,0.0,0.0,0.0,0.0,0.0,-24.65012867058408,0.0,-674.6021695386619,29.580154404700693,0.0,0.0,0.0,0.0,0.0,0.0,-2.4650128670584075,34.73367463876376,0.0,0.0,0.0,0.0,0.0,0.0,0.0,1000.0,59.16030880940176,59.16030880940177,0.0,0.0,0.0,0.0,0.0,0.21692113230056975,0.0,0.0,0.0,-438.72093670629687,0.0,0.0,0.0,0.0,0.0,0.0,0.0,0.0,0.0,0.0,0.0,0.0,0.0,0.0,0.0,0.0,0.0,16.40012419472653,0.0,207.06108083290619,15.184479261079787,0.0,0.0,0.0,0.0,0.0,0.0,0.0,804.3241372824937,0.0,0.0,0.0,-24.65012867058408,0.0,0.0,0.0,0.0,0.0,0.0,0.0,0.0,0.0,0.0,0.0,0.0,0.0,0.0,0.0,0.0,0.0,0.0,-0.19720102936467254,0.0,0.0,9.860051468233626,-942.2169225617367,0.0,0.0,0.0,0.0,0.0,0.0,0.0,0.0,16.979008628297734,4.930025734116813,0.0,0.0,0.0,0.19720102936467254,0.0,197.2010293646725,-44.73219490832196,39.440205872934506,1.4085787811762323,582.9911203168895,-0.1479007720235044,339.7660976363894,3.944020587293451,-0.9860051468228143,-582.9911203168895,59.16030880940176,-0.19720102936467254,108.97912073023382,103.64141918231556,0.049300257341168136,1.4085787811762323,-326.93736219070144,-31.394403874855414,-3.944020587293451,91.38444290692848,-0.19720102936467254,0.049300257341168136,-582.9911203168895,19.720102936467253,0.19720102936467254,0.19720102936467254,0.4141221616652423,0.2169211323011403,0.0,-0.1479007720235044,59.16030880940177,0.19720102936467254,361.65052606046817,203.8897025687301,-0.09860051468233627,-346.12527561859713,-210.14538285966896,-0.1479007720235044,-0.19720102936467254,-44.73219490832196,0.19720102936467254,19.720102936467253,-3.944020587293451,190.22807889383702,190.22807889383702,-19.720102936467253,-91.38444290692848,-190.22807889383702,39.440205872934506,0.2958015440470088,-1000.0,19.720102936467253,-217.19597763616162,103.64141918231556,-39.440205872934506,0.09860051468233627,1.9720102936467254,63.848936756179626,39.440205872934506,-0.19720102936467254,-44.37023160705132,-0.4141221616652423,61.13231910304849,0.19720102936467254,31.394403874855414,-435.4900333063579,103.64141918231556,-0.19720102936467254,-0.049300257341168136,-103.64141918231556,-0.19720102936467254,-1000.0,0.19720102936444517,-0.049300257341168136,-0.049300257341168136,-0.049300257341168136,78.88041174586901,-203.8897025687301,1.9720102936467254,146.10131263055013,-0.049300257341168136,18.718752782125435,9.860051468233626,341.0926366567847,0.19720102936467254,0.09860051468233627,0.09860051468233627,71.54081252762504,44.73219490832196,0.19720102936467254,-44.73219490832196,1.9720102936467254,0.19720102936467254,-146.10131263055013,0.19720102936467254,0.7888041174581986,0.9860051468228143,0.09860051468233627,0.049300257341168136,59.16030880940177,-0.19720102936467254,0.0,1.9720102936467254,-292.20262526110025,334.8360719022726,-19.720102936467253,39.440205872934506,9.860051468233626,-0.19720102936467254,326.93736219070144,0.2958015440470088,-0.19720102936467254,-143.08162505525007,44.73219490832196,553.0311247234296,0.09860051468233627,-682.1852733135694,-0.19720102936467254,-0.19720102936444517,-0.19720102936467254,0.09860051468233627,582.9911203168895,-39.440205872934506,0.19720102936467254,127.69787351235925,-0.049300257341168136,-0.2169211323011403,-127.69787351235925,29.580154404700874,210.14538285966896,-36.42036967420712,582.9911203168895,-0.1479007720235044,44.37023160705132,-39.440205872934506,0.19720102936467254,-0.049300257341168136,720.9606349987191,197.2010293646725,-0.09860051468233627,-0.19720102936467254,0.049300257341168136,0.0,0.0,519.178191720555,0.0,-1000.0,0.0,684.7977466032952,-322.705058943961,0.0,-382.27551705728445,1000.0,-508.65359305100674,-480.7232077647627,191.13775852864222,500.0,-500.0,0.0,161.3525294719805,0.0,-450.100065149902,480.7232077647627,508.65359305100674,-450.100065149902,-684.7977466032952,550.2838384865929,0.0,1496.5981,bhi
256,0.0,0.0,0.0,0.0,0.0,0.0,0.0,0.0,-0.13168264138873384,0.0,0.0,0.0,0.0,0.0,0.0,0.0,332.2014125308225,-3.19249995733162,0.0,0.0,0.0,0.0,0.0,168.58665209713004,0.0,0.0,0.0,0.0,0.0,373.6456782449456,0.0,0.0,0.0,0.0,0.0,0.0,0.0,646.3722564242848,0.0,184.25061081970534,1000.0,0.0,0.0,-705.847090775768,0.0,0.0,0.0,0.0,0.0,-387.10496996350264,0.0,0.0,0.0,0.14485090552726962,0.0,0.0,0.0,26.336528277746766,0.0,0.0,121.15507000518573,0.0,1000.0,722.899306134728,0.0,0.0,0.0,0.0,0.0,469.4848493942243,0.0,1.3168264138873385,0.0,0.0,0.0,0.0,0.0,0.0,0.0,0.0,0.0,0.0,0.0,0.0,79.0095848332403,0.0,0.0,162.80944432703808,810.1449633893669,-976.1469076737367,-0.03292066034718346,0.0,0.0,0.0,39.50479241662015,0.0,39.50479241662015,-542.1680358768172,0.0,0.0,0.0,675.500459893049,373.6456782449456,0.0,0.0,-275.84297995733886,0.0,0.0,0.0,0.0,0.0,0.0,0.0,0.0,0.0,0.0,0.0,0.0,0.0,0.0,0.0,0.0,0.0,0.0,-627.1733482037524,0.0,0.0,39.50479241662015,0.0,40.82161883050748,0.0,0.0,-688.585914008853,0.0,688.585914008853,-688.585914008853,-398.2557638704577,-343.56250000001575,343.56250000001575,0.0,0.0,0.0,0.0,0.0,0.0,10.139563386932505,0.13168264138873384,0.0,0.0,0.0,-700.0038922047396,0.0,0.0,0.0,0.0,0.0,1000.0,0.0,0.0,0.0,0.0,0.0,546.6085370751617,546.6085370751617,0.0,0.0,0.0,78.03125000000001,-1000.0,0.0,0.0,546.7402197165504,0.0,0.0,0.0,-65.60198258724647,0.0,0.0,0.0,0.0,0.0,0.0,0.0,0.0,0.0,0.0,-260.0181617661652,0.0,0.0,0.0,0.0,61.52700772431946,0.0,0.0,0.0,0.0,0.0,387.10496996350264,0.0,166.0019442843697,-166.0019442843697,397.9861549034216,0.0,0.0,0.0,0.0,0.0,0.0,0.0,362.4017042885481,0.0,0.0,0.0,0.0,0.0,0.0,0.0,0.0,0.0,0.0,0.0,0.0,0.0,139.9789765609253,-247.32305123976687,-705.847090775768,0.0,0.0,0.0,0.0,-397.9861549034216,0.0,0.0,0.0,0.0,121.15507000518573,0.0,0.0,0.0,511.79775402145503,0.0,0.0,0.0,0.0,0.0,0.0,0.0,0.0,0.0,-644.1430191049972,0.0,328.8113886114078,0.0,705.847090775768,0.0,0.0,398.2557638704577,-182.0182815187809,0.0,0.0,0.0,47.529148150304536,0.0,0.0,-190.29994367669138,-337.7605961711154,-337.7605961711154,147.46065249442404,0.0,0.0,976.1469076737367,0.0,0.0,387.10496996350264,0.0,367.39456947456733,0.0,0.0,0.0,153.11270038566468,0.0,-153.11270038566468,0.0,546.4768544337729,0.26960896703609294,0.0,-52.443861559600684,78.03125000000001,0.0,0.0,121.15507000518573,-0.19752396208310075,0.0,0.0,0.0,0.0,0.13168264138873384,0.0,0.0,0.0,-101.03180014093961,332.2014125308225,0.0,-183.89531997155925,-598.392651452426,0.0,748.9050333111888,0.0,711.9216758304107,0.0,-275.84297995733886,0.0,0.0,0.0,518.8313647503227,-230.75304058073334,-1000.0,-1000.0,-1000.0,0.0,0.0,0.0,0.0,0.0,0.0,0.0,0.0,0.0,0.0,0.0,0.0,0.0,0.0,0.0,0.0,511.79775402145503,1000.0,0.0,353.1010130101603,0.0,0.0,537.9278548241028,0.0,0.0,0.0,-10.139563386932505,0.0,0.0,0.0,0.0,668.9163278236123,0.0,0.0,-9.200740649577028,0.0,230.75304058073334,0.0,-6.584132069436691,0.0,292.52008319617744,0.0,-331.8415553316658,1000.0,-3.2920660347183457,0.0,-1000.0,0.0,-412.62039524936813,0.0,0.0,39.50479241662015,0.0,0.0,0.0,615.3158482765375,0.0,0.0,0.0,-139.9789765609253,139.9789765609253,139.9789765609253,-361.3637850155421,0.0,0.0,0.0,0.0,0.0,0.0,0.0,0.0,-155.94562386008624,0.0,0.0,290.5997591054313,0.0,0.0,0.0,0.0,-986.8317358611266,0.2633652827775556,0.0,0.0,0.0,0.0,0.0,0.0,0.0,0.0,0.0,469.2152404271882,0.0,0.0,0.0,0.0,0.0,0.0,0.0,0.0,0.0,0.14485090552726962,0.14485090552726962,0.0,0.0,0.0,79.0095848332403,0.0,0.0,0.0,1000.0,0.0,0.0,0.0,0.0,0.0,567.0997043988835,-1000.0,0.0,0.0,425.8516381627411,0.0,0.0,290.5997591054313,0.0,0.0,0.0,0.0,0.0,0.0,0.0,209.05778273458415,101.03180014093961,700.0038922047396,0.0,10.139563386932505,0.0,841.2970013451775,-841.2970013451774,-841.2970013451774,0.0,567.0997043988835,0.0,580.2679685377569,-1000.0,0.0,0.0,139.9789765609253,0.0,0.0,0.0,0.0,0.0,0.0,0.0,0.0,0.0,0.0,0.0,0.0,0.0,79.0095848332403,398.2557638704577,398.2557638704577,0.0,0.0,0.0,0.0,0.0,0.0,0.0,0.0,0.0,0.0,1.3168264138873385,0.0,0.0,0.0,0.0,0.0,0.0,0.0,0.0,39.50479241662015,-425.8516381627411,0.0,0.0,0.0,0.0,0.0,0.0,0.0,0.0,0.0,0.0,0.0,0.0,39.50479241662015,39.50479241662015,-705.194670535147,-1000.0,0.0,290.5997591054313,0.0,0.0,0.0,0.0,0.0,-341.2218548305573,0.0,0.0,0.13168264138873384,0.0,0.0,0.0,173.90573975973567,435.1457759464489,0.0,0.0,0.0,-0.26960896703609294,0.0,0.0,0.0,0.0,0.0,0.0,0.0,0.0,0.0,0.0,0.0,0.0,0.13168264138873384,0.0,0.0,0.0,0.0,0.0,0.0,0.0,0.0,0.0,-14.379744439646824,542.1680358768172,0.0,0.0,-646.8989869898397,-9.876198104155039,0.0,-6.584132069436691,0.0,31.18749999999999,31.18749999999999,-31.18749999999999,0.0,0.0,0.0,0.0,0.0,0.0,0.0,398.2557638704577,0.0,0.0,0.0,-406.03626317993144,0.0,0.0,0.0,-0.13168264138873384,0.0,0.0,0.13168264138873384,0.0,0.13168264138873384,0.0,0.0,0.0,79.0095848332403,160.65282249425525,160.65282249425525,0.0,0.0,0.0,0.0,0.0,0.0,0.0,700.0038922047396,0.0,0.0,0.0,0.0,0.0,530.1692401738924,0.0,0.0,0.0,0.0,0.0,0.0,0.0,0.0,0.0,0.0,0.0,0.0,0.0,0.0,0.0,0.0,0.0,0.19752396208310075,0.0,0.0,0.0,-39.50479241662015,0.0,0.0,0.0,0.0,0.0,0.0,6.584132069436691,0.0,0.0,0.0,-78.03125000000001,1000.0,-4.24018105271432,-6.584132069436691,0.0,0.0,0.0,0.0,0.0,0.0,0.0,398.2557638704577,0.0,425.8516381627411,0.0,-139.9789765609253,0.0,-326.33263607300717,159.30279598911,0.0,0.0,0.0,0.0,0.0,-342.67110401303614,0.0,6.584132069436691,1000.0,0.0,0.0,0.0,-155.94562386008624,31.25000000000003,-31.25000000000003,0.0,0.0,0.0,0.0,0.0,0.0,0.0,269.8943598703202,-29.628594312465168,160.65282249425525,0.0,0.0,0.0,0.0,0.0,0.0,0.0,0.0,0.0,0.0,0.0,0.0,0.0,-643.1209801869238,-72.0460944975471,0.0,39.50479241662015,0.0,0.0,0.0,0.0,-11.903320366264722,0.0,0.0,0.14485090552726962,0.0,0.0,0.0,80.32641124712762,0.0,0.0,0.0,0.0,-247.32305123976687,0.0,0.0,0.0,0.0,0.0,0.0,0.0,0.0,0.0,0.0,0.01316826413887376,0.01316826413887376,0.0,0.0,0.0,0.0,0.0,0.0,0.0,0.0,0.0,0.0,0.0,0.0,0.0,0.0,0.0,0.0,0.0,0.0,0.0,0.0,0.0,0.0,0.0,387.10496996350264,0.0,0.0,0.0,0.0,0.0,664.402825061645,-3.19249995733162,0.0,0.0,0.0,79.0095848332403,0.0,0.0,0.0,0.0,0.0,0.0,-79.0095848332403,0.0,0.0,0.0,0.0,0.0,0.0,0.0,0.0,0.0,0.0,0.0,0.0,0.0,-967.5761765856116,620.3718495251751,-940.7950046790629,901.2902122624428,0.0,646.3722564242848,0.0,0.0,0.0,0.0,0.0,0.0,0.0,0.0,0.0,0.0,0.0,0.0,0.0,0.0,0.0,0.0,0.0,-16.46033017359173,398.2557638704577,-678.7925259277673,549.9216363822025,0.0,0.0,0.0,0.0,0.0,281.7678409848742,-283.4138740022334,155.94562386008624,0.0,0.0,0.0,0.0,0.0,0.0,0.0,1000.0,39.50479241662015,39.50479241662015,0.0,0.0,0.0,0.0,0.0,0.14485090552726962,0.0,0.0,0.0,-646.3722564242848,0.0,0.0,0.0,0.0,0.0,0.0,0.0,0.0,0.0,0.0,0.0,0.0,0.0,0.0,0.0,0.0,0.0,0.0,0.0,138.26677345817052,10.139563386932505,0.0,0.0,0.0,0.0,0.0,0.0,0.0,0.0,0.0,0.0,0.0,-16.46033017359173,0.0,0.0,0.0,0.0,0.0,0.0,0.0,0.0,0.0,0.0,0.0,0.0,0.0,0.0,0.0,0.0,0.0,0.0,-0.13168264138873384,0.0,0.0,6.584132069436691,-567.0997043988835,0.0,0.0,0.0,0.0,398.2557638704577,0.0,0.0,0.0,-518.8313647503227,3.2920660347183457,0.0,0.0,0.0,0.13168264138873384,0.0,131.68264138873383,-40.82161883050748,26.336528277746766,0.940590295633813,367.39456947456733,-0.09876198104155037,341.04229598124283,2.633652827774677,-0.6584132069435782,-367.39456947456733,39.50479241662015,-0.13168264138873384,91.94765998577962,290.5997591054313,0.03292066034718346,0.940590295633813,-275.84297995733886,-20.963876509083516,-2.633652827774677,-329.0089125734909,-0.13168264138873384,0.03292066034718346,-367.39456947456733,13.168264138873383,0.13168264138873384,0.13168264138873384,0.27653354691600346,0.1448509055276076,0.0,-0.09876198104155037,39.50479241662015,0.13168264138873384,39.50479241662015,-65.84132069436691,-0.06584132069436692,-448.3140400853223,384.6862081231595,-0.09876198104155037,-0.13168264138873384,-40.82161883050748,0.13168264138873384,13.168264138873383,-2.633652827774677,0.0,0.0,-13.168264138873383,329.0089125734909,0.0,26.336528277746766,0.19752396208310075,-1000.0,13.168264138873383,-209.05778273458415,290.5997591054313,-26.336528277746766,0.06584132069436692,1.3168264138873385,45.97382999288981,-113.64244828317854,-0.13168264138873384,-29.628594312465168,-0.27653354691600346,40.82161883050748,0.13168264138873384,20.963876509083516,132.58058943895082,290.5997591054313,-0.13168264138873384,-0.03292066034718346,-290.5997591054313,-0.13168264138873384,-986.8317358611266,0.13168264138873384,-0.03292066034718346,-0.03292066034718346,-0.03292066034718346,52.67305655549353,65.84132069436691,1.3168264138873385,97.56037693887532,-0.03292066034718346,0.0,6.584132069436691,500.0,0.13168264138873384,0.06584132069436692,0.06584132069436692,158.33333920807098,40.82161883050748,0.13168264138873384,-40.82161883050748,1.3168264138873385,0.13168264138873384,-97.56037693887532,0.13168264138873384,0.5267305655548853,0.6584132069435782,0.06584132069436692,0.03292066034718346,39.50479241662015,-0.13168264138873384,0.0,1.3168264138873385,-195.12075387775064,337.7502299465245,-13.168264138873383,26.336528277746766,6.584132069436691,-0.13168264138873384,275.84297995733886,0.19752396208310075,-0.13168264138873384,-316.66667841614196,40.82161883050748,417.62698622616375,0.06584132069436692,-1000.0,-0.13168264138873384,-0.13168264138873384,-0.13168264138873384,0.06584132069436692,367.39456947456733,-26.336528277746766,0.13168264138873384,91.94765998577962,-0.03292066034718346,-0.1448509055276076,-91.94765998577962,19.752396208310074,-384.6862081231595,105.95965708473213,367.39456947456733,-0.09876198104155037,29.628594312465168,113.64244828317854,0.13168264138873384,-0.03292066034718345,6.584132069436691,131.68264138873383,-0.06584132069436692,-0.13168264138873384,0.03292066034718346,850.0948668690659,0.0,999.9341586793056,0.0,-1000.0,0.0,132.85337799291779,156.39260961441937,0.0,-115.77198055525878,-439.5913875278522,1000.0,0.0,57.88599027762939,500.0,219.7956937639261,0.0,-78.19630480720969,0.0,-405.72366585989903,0.0,-1000.0,-405.72366585989903,-132.85337799291779,-6.447737792453211,0.0,1496.5981,bhi
257,0.0,0.0,0.0,0.0,0.0,0.0,0.0,0.0,593.2038591157784,0.0,0.0,0.0,0.0,0.0,0.0,0.0,607.8478784833059,-627.5143889106844,0.0,528.244241501665,0.0,0.0,0.0,226.35863729033562,0.0,0.0,0.0,0.0,0.0,-1000.0,0.0,0.0,514.0991758729418,0.0,0.0,0.0,0.0,924.0719382425419,0.0,-1000.0,566.9323832985613,0.0,0.0,1000.0,0.0,0.0,0.0,0.0,-607.8478784833059,-627.2625198762323,0.0,0.0,0.0,0.16793397288139378,0.0,0.0,0.0,30.533449614771417,0.0,0.0,166.70074347794798,0.0,0.0,-373.7361738970119,0.0,0.0,0.0,0.0,0.0,172.47418359423398,0.0,1.526672480738571,0.0,0.0,0.0,0.0,0.0,0.0,0.0,807.8101419097195,0.0,0.0,126.03881602555191,0.0,91.60034884431427,0.0,0.0,283.6928474110552,-757.3104865037118,504.9465567803608,471.47639439891645,0.0,0.0,0.0,45.800174422157134,0.0,433.06761670143874,-4.91588538797998,0.0,0.0,126.03881602555191,687.9260794645111,-1000.0,0.0,0.0,-414.1616624074767,0.0,0.0,0.0,0.0,0.0,0.0,0.0,0.0,0.0,0.0,0.0,0.0,0.0,0.0,0.0,0.0,0.0,0.0,-677.4517223019891,0.0,0.0,433.06761670143874,0.0,47.3268469028957,0.0,0.0,414.8464143343255,355.3572677240109,-770.2036820583364,770.2036820583364,0.0,0.0,0.0,-540.4369173749599,0.0,0.0,0.0,0.0,0.0,-114.28343792386492,0.1526672480738571,471.5145612109349,0.0,0.0,0.0,-378.76996864166375,0.0,0.0,0.0,0.0,1000.0,0.0,0.0,0.0,0.0,0.0,897.0661425078258,897.0661425078258,0.0,0.0,0.0,0.0,0.0,0.0,0.0,897.2188097558997,0.0,0.0,0.0,-1000.0,-643.421122629296,0.0,0.0,0.0,0.0,0.0,0.0,0.0,0.0,0.0,-1000.0,0.0,0.0,0.0,0.0,-1000.0,0.0,0.0,0.0,0.0,0.0,627.2625198762323,0.0,252.36392972335096,-252.36392972335096,540.4369173749599,0.0,0.0,0.0,0.0,0.0,0.0,0.0,-443.7715499676214,0.0,0.0,0.0,0.0,0.0,0.0,0.0,0.0,0.0,0.0,0.0,0.0,0.0,0.0,310.1724938525046,1000.0,0.0,0.0,0.0,0.0,-236.22452809125508,0.0,0.0,0.0,0.0,166.70074347794798,0.0,0.0,0.0,0.0,0.0,0.0,0.0,0.0,0.0,0.0,0.0,387.2674422792816,0.0,1000.0,-9.67441622706275,-71.79110134889966,0.0,-1000.0,0.0,0.0,540.4369173749599,106.99836098055039,0.0,0.0,0.0,118.09930666141872,0.0,0.0,-1000.0,116.63114072657584,1000.0,-1000.0,-116.63114072657521,1000.0,-504.9465567803608,0.0,477.24881338658236,627.2625198762323,0.0,121.72923284235651,0.0,0.0,0.0,0.0,0.0,0.0,0.0,896.913475259752,0.0,0.0,-115.36849474298901,0.0,0.0,0.0,166.70074347794798,-0.22900087211078562,0.0,0.0,0.0,0.0,0.1526672480738571,0.0,0.0,0.0,262.7199940148564,607.8478784833059,0.0,-276.1077749383178,376.58676538182453,643.421122629296,1000.0,0.0,811.7490938887445,0.0,-414.1616624074767,0.0,0.0,0.0,-13.144650059159243,0.0,-798.6044438295852,11.776822637973964,-1000.0,0.0,0.0,0.0,0.0,0.0,0.0,0.0,0.0,0.0,0.0,0.0,0.0,0.0,0.0,0.0,0.0,0.0,-75.31739276516169,0.0,-1000.0,0.0,0.0,0.0,0.0,0.0,0.0,114.28343792386492,0.0,0.0,0.0,0.0,680.2927170608182,0.0,0.0,-347.779720934102,-118.7397757120666,0.0,-610.0185165739085,537.1518250194692,593.0379942981366,0.0,0.0,0.0,0.0,114.92309451022018,-544.7851874231621,0.0,0.0,-1000.0,406.7437364301845,-7.633362403692854,433.06761670143874,0.0,0.0,0.0,0.0,0.0,593.3565263638523,0.0,0.0,0.0,0.0,-616.3717872072947,0.0,0.0,0.0,0.0,0.0,0.0,0.0,0.0,-207.03543041906389,0.0,0.0,0.0,0.0,0.0,0.0,0.0,-501.6650914905979,0.30533449614754493,0.0,0.0,0.0,0.0,0.0,0.0,0.0,0.0,0.0,172.47418359423398,0.0,0.0,0.0,0.0,0.0,0.0,0.0,0.0,0.0,0.16793397288139378,0.16793397288139378,0.0,151.31284976926077,0.0,91.60034884431427,0.0,0.0,0.0,1000.0,0.0,0.0,0.0,0.0,0.0,1000.0,-1000.0,0.0,0.0,438.3523283484043,0.0,0.0,0.0,0.0,0.0,0.0,0.0,0.0,0.0,0.0,225.8172407673297,-262.7199940148564,378.76996864166375,0.0,11.755378101686988,0.0,0.0,0.0,-304.2123892837048,0.0,1000.0,0.0,832.8363615893963,-334.50145307999423,0.0,0.0,0.0,0.0,0.0,0.0,0.0,0.0,0.0,0.0,0.0,0.0,0.0,0.0,0.0,0.0,91.60034884431427,540.4369173749599,540.4369173749599,0.0,0.0,0.0,0.0,0.0,0.0,0.0,0.0,0.0,0.0,1.526672480738571,0.0,0.0,0.0,0.0,0.0,0.0,0.0,0.0,433.06761670143874,-438.3523283484043,0.0,0.0,0.0,0.0,0.0,0.0,0.0,0.0,0.0,348.9290575744194,0.0,0.0,45.800174422157134,45.80017442215713,1000.0,-1000.0,0.0,0.0,0.0,0.0,0.0,0.0,0.0,-11.776822637973964,0.0,499.29473117776274,0.1526672480738571,0.0,0.0,-698.0828390388161,899.7017497272122,0.0,0.0,0.0,0.0,0.0,0.0,0.0,0.0,0.0,0.0,0.0,0.0,0.0,0.0,0.0,0.0,0.0,0.1526672480738571,0.0,0.0,0.0,0.0,0.0,0.0,0.0,0.0,0.0,0.0,918.5033637372755,0.0,-804.2199258134107,-924.6826072348383,-11.450043605539284,-7.633362403692854,0.0,0.0,843.6875,843.6875,-843.6875,0.0,0.0,0.0,0.0,0.0,0.0,0.0,540.4369173749599,643.421122629296,0.0,0.0,-1000.0,0.0,0.0,0.0,593.2038591157784,0.0,0.0,0.1526672480738571,0.0,0.1526672480738571,0.0,0.0,0.0,91.60034884431427,186.25404265010567,186.25404265010567,0.0,0.0,0.0,0.0,0.0,0.0,0.0,378.76996864166375,0.0,0.0,0.0,0.0,0.0,0.0,0.0,0.0,0.0,0.0,0.0,0.0,0.0,0.0,0.0,0.0,0.0,0.0,0.0,304.2123892837048,0.0,0.0,0.0,0.22900087211078562,0.0,0.0,0.0,-433.06761670143874,0.0,0.0,0.0,0.0,0.0,-151.31284976926077,7.633362403692854,0.0,0.0,0.0,0.0,0.0,0.0,0.0,0.0,0.0,0.0,0.0,0.0,0.0,0.0,540.4369173749599,0.0,438.3523283484043,0.0,151.31284976926077,0.0,575.3118560416107,-414.1616624074767,0.0,114.28343792386492,804.2199258134107,-918.5033637372755,0.0,-79.25568166955532,0.0,7.633362403692854,1000.0,0.0,0.0,0.0,-207.03543041906389,0.0,0.0,0.0,0.0,0.0,0.0,0.0,0.0,0.0,977.0999127889214,0.0,186.25404265010567,0.0,-561.3209792852532,-561.3209792852532,561.3209792852532,0.0,0.0,0.0,0.0,0.0,0.0,0.0,0.0,185.6629805858787,-374.0930942826302,833.5466278020637,0.0,45.800174422157134,0.0,0.0,0.0,0.0,-238.7857167085818,0.0,0.0,0.16793397288139378,0.0,0.0,0.0,93.12702132505284,0.0,0.0,0.0,0.0,310.1724938525046,0.0,0.0,0.0,0.0,0.0,0.0,0.0,0.0,-1000.0,0.0,0.01526672480738571,0.01526672480738571,0.0,0.0,0.0,0.0,0.0,0.0,0.0,0.0,0.0,-698.0828390388161,0.0,0.0,0.0,0.0,0.0,151.31284976926077,0.0,0.0,0.0,0.0,0.0,0.0,0.0,627.2625198762323,0.0,0.0,0.0,0.0,651.5920770039139,961.7488563676393,-627.5143889106844,0.0,0.0,0.0,91.60034884431427,0.0,0.0,0.0,0.0,0.0,0.0,-91.60034884431427,0.0,0.0,0.0,0.0,0.0,0.0,0.0,0.0,0.0,0.0,0.0,0.0,-499.29473117776274,-1000.0,104.57706493059212,0.0,-433.06761670143874,0.0,924.0719382425419,0.0,0.0,0.0,0.0,0.0,0.0,0.0,0.0,0.0,0.0,0.0,0.0,0.0,0.0,0.0,0.0,0.0,-19.08340600923214,540.4369173749599,-691.7427606663575,-11.450043605539275,0.0,0.0,0.0,0.0,0.0,-33.13072930168708,31.222388700763872,207.03543041906389,0.0,0.0,0.0,0.0,0.0,0.0,0.0,1000.0,45.80017442215713,45.800174422157134,0.0,0.0,0.0,0.0,807.8101419097195,0.16793397288139378,151.31284976926077,0.0,0.0,-924.0719382425419,0.0,0.0,0.0,0.0,0.0,0.0,0.0,0.0,0.0,0.0,0.0,0.0,0.0,0.0,0.0,0.0,0.0,0.0,0.0,160.30061047754998,11.755378101686988,0.0,0.0,0.0,0.0,0.0,151.31284976926077,0.0,-12.549247791672833,0.0,0.0,0.0,-19.08340600923214,0.0,0.0,0.0,0.0,0.0,0.0,0.0,0.0,0.0,0.0,0.0,0.0,0.0,0.0,0.0,0.0,0.0,0.0,-0.1526672480738571,0.0,0.0,7.633362403692854,-1000.0,0.0,0.0,0.0,0.0,540.4369173749599,0.0,0.0,0.0,13.144650059159243,3.816681201846427,0.0,0.0,0.0,0.1526672480738571,0.0,152.66724807385708,-47.3268469028957,30.533449614771417,1.0904803433846935,425.9416221260613,-0.11450043605539281,347.779720934102,3.053344961477142,-0.7633362403702222,-425.9416221260613,45.80017442215713,-0.152667248073857,138.0538874691589,0.0,0.03816681201846427,1.0904803433846935,-414.1616624074767,-24.304625893359812,-3.053344961477137,-508.5777310742865,-0.1526672480738571,0.03816681201846427,-425.9416221260613,15.266724807385708,0.152667248073857,0.1526672480738571,-150.9922485483055,0.1679339728812428,-187.44094254858635,-0.11450043605539281,45.800174422157134,0.1526672480738571,433.06761670143874,310.9338182423531,-0.07633362403692855,15.764267363539716,220.8051360357955,-0.11450043605539281,-0.1526672480738571,-47.3268469028957,0.1526672480738571,15.266724807385708,-3.053344961477142,304.2123892837048,304.2123892837048,-15.266724807385708,508.5777310742865,-304.2123892837048,30.533449614771417,0.22900087211078562,-1000.0,15.266724807385708,-225.8172407673297,0.0,-30.533449614771417,0.07633362403692855,1.526672480738571,69.02694373457945,181.8462993840322,-0.1526672480738571,-185.6629805858787,150.9922485483055,47.3268469028957,0.1526672480738571,24.304625893359812,-570.46813996791,0.0,-0.1526672480738571,-0.03816681201846427,0.0,-0.1526672480738571,-501.6650914905979,0.15266724807332943,-0.03816681201846427,-0.03816681201846427,-0.03816681201846427,61.066899229542834,-310.9338182423531,1.526672480738571,169.39006461249875,-0.03816681201846427,0.0,7.633362403692854,258.4659081489918,0.1526672480738571,0.07633362403692855,0.07633362403692855,15.266724807385708,47.3268469028957,0.1526672480738571,-47.3268469028957,1.526672480738571,0.1526672480738571,-281.95549900405456,0.1526672480738571,0.6106689922963824,0.7633362403702222,0.07633362403692855,0.03816681201846427,45.800174422157134,-0.1526672480738571,187.44094254858635,1.5266724807385685,-338.7801292249975,343.96303973225554,-15.266724807385708,30.533449614771417,7.633362403692854,-0.1526672480738571,414.1616624074767,0.22900087211078562,-0.1526672480738571,-30.533449614771417,47.3268469028957,644.9706899616917,0.07633362403692855,-516.9318162979836,-0.1526672480738571,-0.15266724807332943,-0.1526672480738571,0.07633362403692855,425.9416221260613,-30.533449614771417,0.1526672480738571,138.0538874691589,-0.03816681201846427,-0.1679339728812428,-138.0538874691589,22.90008721107856,-220.8051360357955,-2.816213039780905,425.9416221260613,-0.11450043605539281,185.6629805858787,-181.8462993840322,0.1526672480738571,-0.038166812018464266,7.633362403692854,152.66724807385708,-0.07633362403692855,-0.1526672480738571,0.03816681201846427,420.91945021218237,0.0,999.9236663759631,112.56543439155581,-549.669105387039,0.0,628.7606069179526,-931.6347844628509,0.0,-448.33281341035365,1000.0,-227.07533701471834,0.0,224.16640670517683,274.8345526935195,-500.0,0.0,465.81739223142546,-151.31284976926077,-406.1849732531099,0.0,227.07533701471834,-406.1849732531099,-628.7606069179526,591.9810110392384,0.0,1496.5981,bhi
258,0.0,0.0,0.0,0.0,0.0,0.0,0.0,0.0,-0.16571917170511338,0.0,0.0,0.0,0.0,0.0,0.0,0.0,-185.30137855839996,650.6974178660237,0.0,0.0,0.0,0.0,0.0,0.0,0.0,291.4313477227437,0.0,0.0,0.0,-324.951738960307,0.0,0.0,638.9409568687686,0.0,0.0,0.0,0.0,852.1455133176056,0.0,-1000.0,1000.0,0.0,0.0,412.2408954381351,0.0,0.0,0.0,0.0,0.0,0.0,0.0,0.0,0.0,0.18229108887608297,0.0,0.0,0.0,0.0,0.0,0.0,109.57335801851315,0.0,262.9297212015153,0.0,0.0,0.0,0.0,0.0,544.00944997819,-465.0486187447337,0.0,1.6571917170511339,0.0,0.0,0.0,0.0,0.0,0.0,0.0,0.0,0.0,0.0,0.0,0.0,99.43150302306803,0.0,0.0,140.04733037461187,140.04733037461187,0.0,-0.04142979292627834,0.0,0.0,-79.73512785054743,49.715751511534016,0.0,49.715751511534016,-5.336157328902601,0.0,0.0,0.0,8.285958585255669,-1000.0,0.0,0.0,0.0,0.0,0.0,0.0,0.0,0.0,0.0,0.0,0.0,0.0,0.0,0.0,0.0,0.0,0.0,0.0,0.0,0.0,0.0,-1000.0,0.0,0.0,49.715751511534016,0.0,51.372943228585136,0.0,0.0,-452.70779390524024,0.0,452.70779390524024,-452.70779390524024,-962.864258129344,0.0,0.0,590.3611789093155,0.0,0.0,0.0,0.0,0.0,12.760376221293722,0.16571917170511338,0.0,0.0,0.0,-470.6919177717749,0.0,0.0,0.0,0.0,0.0,1000.0,0.0,0.0,0.0,0.0,0.0,434.3351761780743,434.3351761780743,0.0,0.0,0.0,0.0,0.0,0.0,0.0,434.5008953497794,0.0,0.0,0.0,640.2188136862361,0.0,0.0,0.0,0.0,0.0,0.0,0.0,0.0,0.0,0.0,-1000.0,0.0,0.0,0.0,0.0,-1000.0,0.0,0.0,0.0,0.0,0.0,0.0,0.0,-140.04733037461187,140.04733037461187,0.0,0.0,0.0,0.0,0.0,0.0,0.0,675.048261039693,-1000.0,0.0,0.0,0.0,0.0,0.0,0.0,0.0,0.0,0.0,0.0,0.0,0.0,0.0,0.0,117.65462668447651,510.253117518707,0.0,0.0,0.0,293.54224798657214,174.8034318023124,0.0,0.0,0.0,0.0,109.57335801851315,98.01222208057186,0.0,0.0,0.0,0.0,0.0,0.0,0.0,0.0,0.0,33.143834341022675,0.0,0.0,-280.09466074922375,0.0,0.0,0.0,-510.253117518707,0.0,0.0,372.50307922002844,-55.34414110243034,0.0,0.0,0.0,-478.3935541148692,0.0,0.0,410.82317593213224,0.0,384.00033511098997,0.0,410.8231759321322,-26.822840821142222,0.0,0.0,370.6027571167999,0.0,0.0,287.55305725495396,0.0,0.0,0.0,0.0,0.0,0.0,0.0,1000.0,78.96083123345629,293.54224798657214,-703.7674408795392,0.0,0.0,0.0,109.57335801851315,-0.24857875755767003,0.0,0.0,0.0,0.0,0.16571917170511338,0.0,0.0,0.0,775.4808166861536,-185.30137855839996,0.0,-461.8005899003186,402.1985405408189,0.0,927.9599309127582,0.0,35.237080275925365,0.0,0.0,0.0,0.0,0.0,-14.268420683810717,334.32926093463647,-355.2979205267511,-1000.0,-1000.0,0.0,0.0,0.0,0.0,0.0,0.0,0.0,0.0,0.0,0.0,0.0,0.0,0.0,0.0,0.0,0.0,0.0,-147.1916099955739,0.0,-1000.0,0.0,0.0,0.0,0.0,0.0,882.6628044125113,-12.760376221293768,0.0,0.0,0.0,216.96571314421965,0.0,0.0,-276.38871279744393,0.0,995.8570207073722,-878.3387109128264,-9.902527362121191,509.47067828366085,-1000.0,915.1913426815963,276.38871279744393,-8.285958585255669,1000.0,-1000.0,-517.7566368689165,0.0,0.0,0.0,0.0,-98.71452777523119,49.715751511534016,0.0,0.0,0.0,492.74052668017964,0.0,0.0,0.0,0.0,0.0,0.0,-202.62119352388567,0.0,0.0,-565.8305429936308,0.0,0.0,675.048261039693,0.0,0.0,-153.35636318300214,0.0,0.0,121.75582059877598,0.0,0.0,0.0,0.0,-402.7530425988324,0.3314383434103374,0.0,0.0,0.0,0.0,0.0,0.0,0.0,0.0,0.0,0.0,0.0,0.0,0.0,0.0,0.0,0.0,0.0,0.0,0.0,0.18229108887608297,0.18229108887608297,0.0,28.37960720858423,0.0,99.43150302306803,0.0,0.0,0.0,1000.0,0.0,0.0,0.0,0.0,0.0,1000.0,-1000.0,0.0,0.0,0.0,0.0,0.0,121.75582059877598,0.0,0.0,0.0,0.0,0.0,0.0,0.0,333.3333333333333,-775.4808166861536,470.6919177717749,0.0,12.760376221293722,0.0,-1000.0,920.2648721494526,745.4614403471402,0.0,1000.0,0.0,1000.0,-402.7530425988324,0.0,0.0,0.0,0.0,0.0,0.0,0.0,0.0,0.0,0.0,0.0,0.0,0.0,0.0,0.0,0.0,99.43150302306803,372.50307922002844,372.50307922002844,0.0,0.0,0.0,0.0,0.0,0.0,0.0,0.0,0.0,0.0,1.6571917170511339,0.0,0.0,0.0,0.0,0.0,0.0,0.0,0.0,49.715751511534016,0.0,0.0,0.0,0.0,0.0,0.0,0.0,0.0,0.0,0.0,212.21315712220473,0.0,0.0,49.715751511534016,49.715751511534016,617.4143911142933,-1000.0,0.0,121.75582059877598,0.0,0.0,0.0,0.0,0.0,1000.0,675.048261039693,805.4167827214901,0.16571917170511338,0.0,0.0,0.0,218.85584040398865,41.693999467600975,0.0,79.73512785054743,0.0,-78.96083123345629,0.0,0.0,0.0,0.0,0.0,0.0,0.0,0.0,0.0,0.0,0.0,0.0,0.16571917170511338,0.0,0.0,0.0,0.0,0.0,0.0,0.0,0.0,0.0,0.0,-12.760376221293768,0.0,0.0,-852.8083900044261,-12.428937877883502,0.0,-8.285958585255669,0.0,46.81243749999999,46.81243749999999,-46.81243749999999,0.0,0.0,0.0,0.0,0.0,0.0,0.0,372.50307922002844,0.0,0.0,0.0,-90.42856918997552,0.0,0.0,0.0,-0.16571917170511338,0.0,0.0,0.16571917170511338,0.0,0.16571917170511338,0.0,0.0,0.0,99.43150302306803,202.17738948023833,202.17738948023833,0.0,0.0,0.0,0.0,0.0,0.0,0.0,470.6919177717749,0.0,675.048261039693,0.0,0.0,0.0,0.0,0.0,0.0,0.0,0.0,0.0,0.0,0.0,0.0,0.0,0.0,0.0,0.0,0.0,174.8034318023124,0.0,-291.4313477227437,291.4313477227437,0.24857875755767003,0.0,0.0,0.0,-49.715751511534016,0.0,0.0,0.0,0.0,0.0,-28.37960720858423,8.285958585255669,0.0,0.0,0.0,0.0,0.0,862.7258465712964,-8.285958585255669,0.0,0.0,0.0,0.0,0.0,0.0,0.0,372.50307922002844,0.0,0.0,0.0,28.37960720858423,0.0,-361.87071242256764,41.693999467600975,0.0,849.9654703500026,0.0,-849.9654703500026,0.0,-257.5215305826687,0.0,8.285958585255669,355.91586725090355,0.0,0.0,0.0,-153.35636318300214,-589.7953222843445,589.7953222843445,0.0,0.0,0.0,0.0,0.0,0.0,0.0,987.5710621221165,-12.428937877883527,202.17738948023833,0.0,0.0,0.0,0.0,0.0,0.0,0.0,0.0,0.0,0.0,0.0,0.0,53.2374829643513,-218.85584040398865,0.0,0.0,49.715751511534016,0.0,0.0,0.0,0.0,-153.64955757476102,0.0,0.0,0.18229108887608297,0.0,0.0,0.0,101.08869474011917,0.0,0.0,0.0,0.0,117.65462668447651,0.0,0.0,0.0,0.0,0.0,0.0,0.0,0.0,0.0,0.0,0.016571917170511336,0.016571917170511336,0.0,0.0,0.0,0.0,0.0,0.0,0.0,0.0,0.0,0.0,0.0,0.0,0.0,0.0,0.0,28.37960720858423,0.0,0.0,0.0,0.0,0.0,0.0,0.0,0.0,0.0,0.0,0.0,0.0,0.0,0.0,650.6974178660237,0.0,0.0,0.0,99.43150302306803,0.0,0.0,0.0,0.0,0.0,0.0,-99.43150302306803,0.0,0.0,0.0,0.0,0.0,0.0,0.0,0.0,0.0,0.0,0.0,0.0,-805.4167827214901,-1000.0,113.5176326180027,0.0,-49.715751511534016,0.0,852.1455133176056,0.0,0.0,0.0,0.0,0.0,0.0,0.0,0.0,0.0,78.125,0.0,-78.125,-78.125,0.0,0.0,0.0,0.0,-20.71489646313917,372.50307922002844,-12.428937877883502,0.0,0.0,0.0,0.0,0.0,0.0,-2.071489646313917,0.0,153.35636318300214,0.0,0.0,0.0,0.0,0.0,0.0,0.0,1000.0,49.715751511534016,49.715751511534016,0.0,0.0,0.0,0.0,0.0,0.18229108887608297,28.37960720858423,0.0,0.0,-852.1455133176056,0.0,0.0,0.0,0.0,0.0,0.0,0.0,0.0,0.0,0.0,0.0,0.0,0.0,0.0,0.0,0.0,0.0,0.0,0.0,174.00513029036907,0.0,0.0,12.760376221293722,0.0,0.0,0.0,28.37960720858423,0.0,-868.062003900199,0.0,0.0,0.0,-20.71489646313917,0.0,0.0,0.0,0.0,0.0,0.0,0.0,0.0,0.0,0.0,0.0,0.0,0.0,0.0,0.0,0.0,0.0,0.0,-0.16571917170511338,0.0,0.0,8.285958585255669,-1000.0,0.0,0.0,0.0,0.0,372.50307922002844,0.0,0.0,0.0,14.268420683810717,4.142979292627834,0.0,0.0,291.4313477227437,0.16571917170511338,0.0,165.71917170511335,-51.372943228585136,33.143834341022675,1.1837083693222383,462.35648905726623,-0.12428937877883502,8.285958585255669,3.3143834341022678,-0.8285958585255457,-462.35648905726623,49.715751511534016,-0.16571917170511338,0.0,121.75582059877598,0.041429792926278346,1.1837083693222383,0.0,-26.382492135452026,-3.3143834341022678,-465.3960393076237,-0.16571917170511338,0.041429792926278346,-462.35648905726623,221.32164931890844,0.16571917170511338,0.16571917170511338,-28.03159694800303,0.18229108887562473,-1000.0,-0.12428937877883502,49.715751511534016,0.16571917170511338,49.715751511534016,-82.85958585255669,-0.08285958585255669,0.0,-191.54106814452885,-0.12428937877883502,-0.16571917170511338,-51.372943228585136,0.16571917170511338,16.571917170511338,-3.3143834341022678,174.8034318023124,174.8034318023124,-16.57191717051134,465.3960393076237,-174.8034318023124,33.143834341022675,0.24857875755767003,-1000.0,16.571917170511338,-333.3333333333333,121.75582059877598,-33.143834341022675,0.08285958585255668,1.6571917170511339,115.45014747507965,61.5234415496069,-0.16571917170511338,-65.66642084223483,28.03159694800303,51.372943228585136,0.16571917170511338,26.382492135452026,-281.8569175957572,121.75582059877598,-0.16571917170511338,-0.04142979292627834,-121.75582059877598,-0.16571917170511338,-402.7530425988324,0.16571917170520423,-0.04142979292627834,-0.04142979292627834,-0.04142979292627834,66.28766868204535,82.85958585255669,1.6571917170511339,170.04954305365771,-0.04142979292627834,230.9002949501593,8.285958585255669,209.66247988467185,0.16571917170511338,0.08285958585255668,0.08285958585255669,-108.80171214011489,51.372943228585136,0.16571917170511338,-51.372943228585136,1.6571917170511339,0.16571917170511338,-264.59424648692385,0.16571917170511338,0.6628766868205176,0.8285958585255457,0.08285958585255669,0.041429792926278346,49.715751511534016,-0.16571917170511338,1000.0,1.6571917170511339,-340.09908610731543,4.142979292627834,-16.571917170511338,33.143834341022675,8.285958585255669,-0.16571917170511338,0.0,0.24857875755767003,-0.16571917170511338,217.60342428022977,51.372943228585136,365.4947452749727,0.08285958585255669,-419.3249597693437,-0.16571917170511338,-0.16571917170520423,-0.16571917170511338,0.08285958585255669,462.35648905726623,-33.143834341022675,0.16571917170511338,230.9002949501593,-0.04142979292627834,-0.18229108887562473,-230.9002949501593,24.857875755767,191.54106814452885,31.720847950871075,462.35648905726623,-0.12428937877883502,65.66642084223483,-61.5234415496069,0.16571917170511338,-0.04142979292627834,225.2516717294753,165.71917170511335,-0.08285958585255668,-0.16571917170511338,0.04142979292627834,1000.0,0.0,999.9171404141474,94.54470343326614,-730.7429351794106,0.0,737.096873400022,-600.9093510958511,204.7497321483971,-1000.0,-364.95716696491763,799.4187958533198,0.0,500.0,365.3714675897053,182.47858348245882,-204.7497321483971,300.45467554792555,-28.37960720858423,-211.84518770021165,0.0,-799.4187958533198,-211.84518770021165,-737.096873400022,501.1909369126339,0.0,1496.5981,bhi
259,0.0,0.0,0.0,0.0,0.0,0.0,0.0,0.0,466.28023042406585,0.0,0.0,0.0,0.0,0.0,0.0,0.0,0.0,0.0,0.0,416.68512916137047,0.0,0.0,0.0,848.1287209991448,0.0,0.0,0.0,0.0,0.0,-1000.0,0.0,0.0,120.24787430790704,0.0,0.0,0.0,0.0,844.8827087325178,0.0,-1000.0,1000.0,0.0,-750.0893870046899,781.2584268289261,0.0,0.0,0.0,0.0,-531.347813833616,0.0,0.0,0.0,0.0,0.1365266080745755,0.0,0.0,0.0,24.82301964999506,0.0,0.0,311.9909409100625,0.0,0.0,-656.7730907777652,0.0,0.0,0.0,0.0,0.0,978.537381557358,0.0,1.2411509824997533,0.0,0.0,0.0,0.0,0.0,0.0,0.0,0.0,0.0,0.0,0.0,0.0,74.4690589499852,0.0,0.0,-134.64240310540393,375.13777982603244,0.0,705.7293502685027,0.0,0.0,1000.0,37.2345294749926,0.0,37.2345294749926,-3.9965061636463264,0.0,0.0,0.0,470.92390101908467,-1000.0,0.0,0.0,-104.00297908301485,0.0,0.0,0.0,0.0,0.0,0.0,0.0,0.0,0.0,0.0,0.0,0.0,0.0,0.0,0.0,0.0,0.0,0.0,-1000.0,0.0,0.0,37.2345294749926,0.0,38.47568045749235,8.73917271612143,0.0,-559.821052271385,-274.8995490001508,834.7206012715358,-834.7206012715358,-968.7640316878277,0.0,0.0,0.0,0.0,0.0,0.0,0.0,0.0,9.556862565248093,0.12411509824997531,705.7603790430652,0.0,0.0,0.0,-1000.0,0.0,0.0,0.0,0.0,857.5981244794407,0.0,0.0,0.0,0.0,0.0,708.0583982639944,708.0583982639944,0.0,0.0,0.0,0.0,1000.0,0.0,0.0,708.1825133622443,0.0,0.0,0.0,-1000.0,-629.0702860315805,0.0,0.0,0.0,0.0,0.0,0.0,0.0,0.0,0.0,-1000.0,0.0,0.0,0.0,0.0,-1000.0,0.0,0.0,0.0,0.0,0.0,0.0,750.0893870046899,-375.13777982603244,375.13777982603244,662.1566724017164,0.0,0.0,0.0,0.0,0.0,0.0,0.0,-589.1778041409357,0.0,0.0,0.0,0.0,0.0,0.0,0.0,0.0,0.0,0.0,0.0,0.0,0.0,12.792725273865376,49.64603929999012,781.2584268289261,0.0,0.0,0.0,0.0,-208.05811680029353,0.0,0.0,0.0,0.0,311.9909409100625,0.0,0.0,0.0,0.0,0.0,0.0,0.0,0.0,0.0,0.0,0.0,0.0,0.0,-0.18617264737495987,0.0,-291.0386097603624,0.0,-781.2584268289261,0.0,0.0,968.7640316878277,0.0,0.0,0.0,0.0,-335.4300772145686,0.0,0.0,196.40881606429463,0.0,427.909735521324,-231.50091945702943,427.909735521324,0.0,0.0,0.0,707.5375662743579,0.0,0.0,-90.33908605174884,0.0,0.0,0.0,171.73548141023605,0.0,-171.73548141023605,0.0,707.9342831657443,306.6073592861113,0.0,-58.43086538046191,0.0,0.0,0.0,311.9909409100625,-0.18617264737496295,0.0,0.0,0.0,0.0,0.12411509824997531,0.0,0.0,0.0,508.66691492358456,0.0,0.0,-69.33531938867657,-401.7837382332924,629.0702860315805,1000.0,0.0,1000.0,0.0,-104.00297908301485,0.0,0.0,0.0,128.52522902003528,-336.84456231969824,-791.680666700337,-56.623459818904315,-1000.0,0.0,0.0,0.0,0.0,0.0,0.0,0.0,0.0,0.0,0.0,0.0,0.0,0.0,0.0,0.0,0.0,0.0,-154.6208308744826,0.0,-1000.0,0.0,0.0,0.0,0.0,0.0,0.0,175.98737477307625,0.0,0.0,0.0,0.0,464.7181461065859,336.84456231969824,0.0,0.0,-3.1028774562493826,0.0,-781.6487932352304,284.5903186394258,485.3481479273875,0.0,0.0,-238.56482796579172,973.9688497217153,0.0,-290.79607355192456,-741.8162867490357,0.0,-890.3262307280614,0.0,-115.87952418443733,37.2345294749926,0.0,0.0,0.0,0.0,0.0,466.40434552231585,0.0,-12.792725273865376,12.792725273865376,12.792725273865376,-544.4374309588337,0.0,0.0,0.0,0.0,0.0,0.0,0.0,0.0,-344.78214986770274,0.0,0.0,37.2345294749926,0.0,0.0,0.0,0.0,-987.5884901750024,0.24823019649992328,0.0,0.0,0.0,0.0,0.0,0.0,0.0,0.0,0.0,671.9300222712467,0.0,0.0,0.0,0.0,0.0,0.0,0.0,0.0,0.0,0.1365266080745755,0.1365266080745755,0.0,78.85630957174546,0.0,74.4690589499852,0.0,0.0,0.0,1000.0,0.0,723.2462846377092,0.0,0.0,0.0,664.3636547626265,-1000.0,0.0,0.0,0.0,0.0,0.0,37.2345294749926,0.0,0.0,0.0,0.0,0.0,0.0,0.0,333.3333333333333,-508.66691492358456,1000.0,0.0,9.556862565248093,0.0,275.74806225865143,724.2519377413486,270.1533821399257,0.0,664.3636547626265,0.0,676.7751645876241,-1000.0,0.0,0.0,12.792725273865376,0.0,0.0,0.0,0.0,0.0,0.0,0.0,0.0,0.0,0.0,0.0,0.0,0.0,74.4690589499852,968.7640316878277,968.7640316878277,0.0,0.0,0.0,0.0,0.0,0.0,0.0,0.0,0.0,0.0,1.2411509824997533,0.0,0.0,0.0,0.0,0.0,750.0893870046899,0.0,0.0,37.2345294749926,0.0,0.0,0.0,0.0,0.0,0.0,0.0,0.0,0.0,0.0,1000.0,314.52840599609885,0.0,37.2345294749926,37.2345294749926,1000.0,-1000.0,0.0,37.2345294749926,0.0,0.0,0.0,0.0,0.0,663.0184840573068,0.0,1000.0,0.12411509824997531,0.0,0.0,0.0,128.95502710292817,180.65136224206577,0.0,-1000.0,0.0,-306.6073592861113,0.0,0.0,0.0,0.0,0.0,0.0,0.0,0.0,0.0,0.0,0.0,0.0,0.12411509824997531,0.0,0.0,0.0,-317.9736935741714,317.9736935741714,0.0,0.0,0.0,0.0,0.0,737.5701391083048,0.0,-561.5827643352286,-845.3791691255174,-9.308632368748192,-6.205754912498765,0.0,0.0,859.34375,859.34375,-859.34375,0.0,0.0,0.0,0.0,0.0,0.0,0.0,968.7640316878277,629.0702860315805,0.0,0.0,-1000.0,0.0,0.0,0.0,466.28023042406585,0.0,0.0,0.12411509824997531,0.0,0.12411509824997531,0.0,0.0,0.0,74.4690589499852,151.4204198649699,151.4204198649699,0.0,0.0,0.0,0.0,0.0,0.0,0.0,1000.0,0.0,0.0,0.0,0.0,139.21153897935773,0.0,0.0,0.0,0.0,0.0,0.0,0.0,0.0,0.0,0.0,0.0,0.0,0.0,0.0,454.09855560142285,0.0,0.0,0.0,0.18617264737496295,0.0,0.0,0.0,-37.2345294749926,0.0,0.0,0.0,0.0,0.0,-78.85630957174546,6.205754912498765,0.0,0.0,0.0,0.0,-1000.0,-737.5701391083048,0.0,0.0,0.0,0.0,0.0,0.0,0.0,0.0,968.7640316878277,0.0,0.0,1000.0,66.06358429788008,0.0,426.3365831403113,76.64838315905092,0.0,-561.5827643352286,561.5827643352286,0.0,0.0,-151.4204198649699,0.0,6.205754912498765,1000.0,0.0,33.4597407682827,0.0,-344.78214986770274,0.0,0.0,0.0,0.0,0.0,-185.54423733832434,0.0,0.0,0.0,1000.0,-18.617264737496384,151.4204198649699,0.0,0.0,0.0,0.0,0.0,0.0,0.0,0.0,0.0,0.0,0.0,0.0,88.1649419404936,-800.8850493741749,0.0,-750.0893870046899,37.2345294749926,0.0,0.0,0.0,0.0,-406.04396730382086,0.0,0.0,0.1365266080745755,0.0,0.0,0.0,75.71020993248494,0.0,0.0,0.0,0.0,49.64603929999012,0.0,0.0,0.0,0.0,0.0,0.0,0.0,0.0,0.0,0.0,0.012411509824997531,0.012411509824997531,0.0,0.0,0.0,0.0,0.0,0.0,0.0,0.0,0.0,0.0,0.0,0.0,0.0,0.0,0.0,78.85630957174546,0.0,0.0,0.0,0.0,0.0,0.0,0.0,0.0,0.0,0.0,0.0,0.0,1000.0,342.96426860680236,0.0,0.0,0.0,0.0,74.4690589499852,0.0,0.0,0.0,0.0,0.0,-74.4690589499852,0.0,0.0,0.0,0.0,0.0,0.0,0.0,0.0,0.0,0.0,0.0,0.0,0.0,-1000.0,-393.60497576159764,224.23038128059085,-237.75611572058847,200.52158624559587,0.0,844.8827087325178,0.0,0.0,0.0,0.0,0.0,0.0,0.0,0.0,0.0,0.0,0.0,0.0,0.0,0.0,0.0,0.0,0.0,-15.514387281246957,968.7640316878277,-474.0267784753341,148.52017134810592,0.0,0.0,0.0,0.0,0.0,0.0,-1.5514387281246915,344.78214986770274,0.0,0.0,0.0,0.0,0.0,0.0,0.0,1000.0,37.2345294749926,37.2345294749926,0.0,0.0,0.0,0.0,0.0,0.1365266080745755,78.85630957174546,0.0,0.0,-844.8827087325178,0.0,0.0,0.0,0.0,0.0,0.0,0.0,0.0,0.0,0.0,0.0,0.0,0.0,0.0,0.0,0.0,0.0,8.73917271612143,0.0,130.3208531624741,9.556862565248093,0.0,0.0,0.0,0.0,0.0,78.85630957174546,0.0,727.3678780321598,0.0,0.0,0.0,-15.514387281246957,0.0,0.0,0.0,0.0,0.0,0.0,0.0,0.0,0.0,0.0,0.0,0.0,0.0,0.0,0.0,0.0,0.0,0.0,-0.12411509824997531,0.0,0.0,6.205754912498765,-664.3636547626265,0.0,0.0,0.0,0.0,968.7640316878277,0.0,0.0,0.0,-128.52522902003528,3.1028774562493826,0.0,0.0,0.0,0.12411509824997531,0.0,124.1150982499753,-29.736507741370932,24.82301964999506,0.8865364160712522,363.759469549674,-0.09308632368748147,238.56482796579172,2.482301964999506,-0.6205754912494967,-363.759469549674,37.23452947499259,-0.12411509824997531,34.66765969433828,37.2345294749926,0.031028774562493828,0.8865364160712522,-104.00297908301485,-19.759123641393217,-2.482301964999506,-416.68512916137047,-0.12411509824997531,0.031028774562493828,-363.759469549674,12.41150982499753,0.12411509824997531,0.12411509824997531,-78.59566786542091,0.13652660807497286,-719.1790440748141,-0.09308632368748147,37.2345294749926,0.12411509824997531,37.2345294749926,-62.05754912498766,-0.062057549124987656,69.58687776140327,195.52249187704604,-0.09308632368748147,-0.12411509824997531,-29.736507741370932,0.12411509824997531,12.41150982499753,-2.482301964999506,454.09855560142285,454.09855560142285,-12.41150982499753,416.68512916137047,-454.09855560142285,24.82301964999506,0.18617264737496295,-1000.0,12.41150982499753,-333.3333333333333,37.2345294749926,-24.82301964999506,0.062057549124987656,1.2411509824997533,17.33382984716914,90.88660394787514,-0.12411509824997531,-106.78220667798999,78.59566786542091,38.47568045749235,0.12411509824997531,19.759123641393217,-111.70358842497757,37.2345294749926,-0.12411509824997531,-0.031028774562493828,-37.2345294749926,-0.12411509824997531,-987.5884901750024,0.12411509824997818,-0.031028774562493828,-0.031028774562493828,-0.031028774562493828,49.64603929999012,62.05754912498766,1.2411509824997533,91.95377341594342,-0.031028774562493828,0.0,6.205754912498765,500.0,0.12411509824997531,0.062057549124987656,0.062057549124987656,-122.27490508056184,29.736507741370932,0.12411509824997531,-29.736507741370932,1.2411509824997533,0.12411509824997531,-91.95377341594342,0.12411509824997531,0.4964603929995519,0.6205754912494967,0.062057549124987656,0.031028774562493828,37.2345294749926,-0.12411509824997531,719.1790440748141,1.241150982499753,-183.90754683188683,235.46195050954233,-12.41150982499753,24.82301964999506,6.205754912498765,-0.12411509824997531,104.00297908301485,0.18617264737496295,-0.12411509824997531,244.54981016112367,29.736507741370932,833.8707130598922,0.062057549124987656,-1000.0,-0.12411509824997531,-0.12411509824997818,-0.12411509824997531,0.062057549124987656,363.759469549674,-24.82301964999506,0.12411509824997531,34.66765969433828,-0.031028774562493828,-0.13652660807497286,-34.66765969433828,18.617264737496296,-195.52249187704604,556.9485163116893,363.759469549674,-0.09308632368748147,106.78220667798999,-90.88660394787514,0.12411509824997531,-0.03102877456249383,6.205754912498765,124.1150982499753,-0.062057549124987656,-0.12411509824997531,0.031028774562493828,1000.0,0.0,999.937942450875,0.0,-1000.0,0.0,-129.14572252380074,-46.34243482018017,0.0,258.7357556665248,442.9660281497877,548.8403972096937,0.0,-129.3678778332624,500.0,-221.48301407489384,0.0,23.171217410090087,-78.85630957174546,-427.8267457560713,0.0,-548.8403972096937,-427.8267457560713,129.14572252380074,-14.926821961910349,0.0,1496.5981,bhi
260,0.0,0.0,0.0,0.0,0.0,0.0,0.0,0.0,-0.15181701631889413,0.0,0.0,0.0,0.0,0.0,0.0,0.0,-44.58410087443838,355.45216057528404,0.0,-265.04965641727824,0.0,0.0,0.0,0.0,0.0,0.0,0.0,0.0,0.0,-1000.0,0.0,0.0,688.4303796280311,0.0,0.0,0.0,0.0,999.3927319347245,0.0,-1000.0,-126.24118420062732,0.0,0.0,1000.0,0.0,0.0,0.0,0.0,44.58410087443838,-502.0111405118814,0.0,0.0,0.0,0.166998717950662,0.0,0.0,0.0,30.363403263778828,0.0,0.0,30.122624599781716,0.0,0.0,-151.98883828835062,0.0,0.0,0.0,0.0,0.0,0.0,0.0,1.5181701631889417,0.0,0.0,0.0,0.0,0.0,0.0,0.0,0.0,0.0,0.0,0.0,0.0,91.09020979133649,0.0,17.211177792445966,-777.0913227128403,786.3065065606164,-6.026877929102802,-0.03795425407972353,0.0,0.0,0.0,45.545104895668246,0.0,45.545104895668246,-4.8885079254659445,0.0,0.0,0.0,270.96831622196214,-1000.0,0.0,0.0,-308.21446431132136,0.0,674.692228312363,0.0,0.0,0.0,0.0,0.0,0.0,0.0,0.0,0.0,0.0,0.0,0.0,0.0,0.0,0.0,0.0,-790.181267940533,0.0,0.0,45.545104895668246,0.0,47.06327505885719,0.0,0.0,0.0,0.0,0.0,0.0,0.0,0.0,0.0,-182.11146288813234,0.0,0.0,0.0,0.0,0.0,28.90108804900081,0.15181701631889413,0.0,0.0,0.0,124.68239279814394,-124.68239279814394,0.0,0.0,0.0,0.0,538.1033238848722,0.0,0.0,0.0,0.0,0.0,419.5559892718143,419.5559892718143,0.0,0.0,0.0,0.0,-535.373721163984,0.0,0.0,419.70780628813327,0.0,0.0,0.0,-904.5429563102309,-754.5862222351166,0.0,0.0,0.0,0.0,0.0,0.0,0.0,0.0,0.0,-271.8334277091736,0.0,0.0,0.0,0.0,-1000.0,0.0,0.0,0.0,0.0,0.0,502.0111405118814,0.0,-227.09241829635096,227.09241829635096,182.11146288813234,0.0,0.0,0.0,0.0,0.0,0.0,0.0,-49.340530303640605,0.0,0.0,0.0,0.0,0.0,0.0,0.0,0.0,0.0,0.0,0.0,0.0,0.0,0.0,117.54655590105665,1000.0,0.0,0.0,0.0,0.0,187.29463238952405,0.0,0.0,0.0,0.0,30.122624599781716,0.0,0.0,0.0,0.0,0.0,0.0,0.0,0.0,0.0,0.0,0.0,0.0,0.0,-50.8387043280195,962.5602205289478,-959.5996401347529,0.0,-1000.0,0.0,0.0,182.11146288813234,655.16952734853,0.0,0.0,0.0,166.39553543566808,0.0,0.0,-1000.0,0.0,0.0,-999.9999999999999,0.0,0.0,559.2140882642655,0.0,595.8173077000567,502.0111405118814,0.0,54.16338025205829,0.0,0.0,0.0,664.0053057369373,0.0,-664.0053057369373,0.0,1000.0,0.0,0.0,-523.5226205012897,0.0,0.0,0.0,30.122624599781716,-0.2277255244783412,0.0,0.0,0.0,0.0,0.15181701631889413,0.0,0.0,0.0,585.0487998266753,-44.58410087443838,0.0,-205.4763095408809,-2.4046284701557212,754.5862222351166,-80.69607930495907,0.0,0.0,0.0,-308.21446431132136,0.0,0.0,0.0,-13.071445105056663,869.4669730541251,-856.3955279490684,-662.4866822198005,-1000.0,0.0,0.0,0.0,0.0,0.0,0.0,0.0,0.0,0.0,0.0,0.0,0.0,0.0,0.0,0.0,0.0,0.0,0.0,0.0,-1000.0,0.0,0.0,0.0,0.0,0.0,0.0,781.0617493384422,0.0,0.0,0.0,0.0,263.37746540601745,0.0,0.0,-546.2471851431704,0.0,-869.4669730541251,-1000.0,-108.11638078969938,0.0,651.9739154756775,0.0,406.967601624217,698.3260807428586,-3.7954254079723535,100.52552997375467,-116.32405229933386,0.0,0.0,1000.0,-462.9039863835459,45.545104895668246,0.0,0.0,0.0,181.85113446311274,0.0,0.0,0.0,0.0,0.0,0.0,58.47399507372083,0.0,0.0,-632.2293611218424,0.0,0.0,0.0,0.0,0.0,-87.44385810367697,0.0,93.75000000000009,0.0,0.0,0.0,0.0,0.0,72.0014510053884,0.3036340326378897,0.0,0.0,0.0,0.0,0.0,0.0,0.0,0.0,0.0,0.0,0.0,0.0,0.0,0.0,0.0,0.0,0.0,0.0,0.0,0.166998717950662,0.166998717950662,0.0,240.0555419811946,0.0,91.09020979133649,0.0,0.0,0.0,1000.0,0.0,0.0,17.211177792445966,0.0,0.0,155.9775120728517,-1000.0,0.0,0.0,0.0,0.0,0.0,0.0,0.0,0.0,0.0,0.0,0.0,0.0,0.0,263.3937559801777,-585.0487998266753,0.0,0.0,28.90108804900081,0.0,0.0,0.0,-369.4060952776564,0.0,155.9775120728517,0.0,242.49223493974006,-14.513271861499973,0.0,0.0,0.0,0.0,0.0,0.0,0.0,0.0,0.0,0.0,0.0,0.0,0.0,0.0,0.0,0.0,91.09020979133649,182.11146288813234,182.11146288813234,0.0,0.0,0.0,0.0,0.0,0.0,0.0,0.0,0.0,0.0,1.5181701631889417,0.0,0.0,17.211177792445966,-17.211177792445966,0.0,0.0,0.0,0.0,45.545104895668246,0.0,0.0,0.0,0.0,0.0,0.0,0.0,0.0,0.0,0.0,-4.037365299305808,0.0,0.0,45.545104895668246,45.545104895668246,1000.0,-1000.0,0.0,0.0,0.0,0.0,0.0,0.0,0.0,662.4866822198005,0.0,1000.0,0.15181701631889413,0.0,0.0,0.0,200.49605819428817,0.0,0.0,0.0,0.0,0.0,0.0,0.0,0.0,0.0,0.0,0.0,0.0,0.0,0.0,0.0,0.0,0.0,0.15181701631889413,0.0,0.0,0.0,0.0,0.0,0.0,0.0,0.0,0.0,0.0,781.0617493384422,0.0,0.0,-1000.0,-11.386276223917061,-7.590850815944713,0.0,0.0,0.0,0.0,0.0,0.0,0.0,0.0,0.0,0.0,0.0,0.0,182.11146288813234,754.5862222351166,0.0,0.0,-455.3131355676012,0.0,0.0,0.0,-0.15181701631889413,0.0,0.0,0.15181701631889413,0.0,0.15181701631889413,0.0,0.0,0.0,91.09020979133649,185.21675990905086,185.21675990905086,0.0,0.0,0.0,0.0,0.0,0.0,0.0,0.0,0.0,0.0,0.0,0.0,0.0,0.0,0.0,0.0,0.0,0.0,0.0,0.0,0.0,0.0,0.0,0.0,0.0,0.0,0.0,369.4060952776564,0.0,0.0,0.0,0.2277255244783412,0.0,0.0,0.0,-45.545104895668246,0.0,0.0,0.0,0.0,0.0,-240.0555419811946,7.590850815944707,0.0,0.0,0.0,0.0,535.373721163984,0.0,0.0,0.0,93.75000000000009,0.0,0.0,0.0,0.0,0.0,182.11146288813234,0.0,0.0,-196.1349893906813,240.0555419811946,0.0,969.6365967362211,-308.21446431132136,0.0,781.0617493384422,0.0,-781.0617493384422,0.0,469.9527674394791,0.0,7.590850815944713,392.73680658253784,0.0,0.0,0.0,-121.8662136885689,0.0,0.0,0.0,0.0,0.0,-809.962837387443,0.0,0.0,0.0,260.44715148525654,-11.386276223916866,185.21675990905086,0.0,224.9778690766733,224.9778690766733,-224.9778690766733,0.0,0.0,0.0,0.0,0.0,0.0,0.0,0.0,262.8280944290287,-200.49605819428817,0.0,0.0,45.545104895668246,17.211177792445966,0.0,0.0,0.0,-99.60980882836738,0.0,0.0,0.166998717950662,0.0,0.0,0.0,92.60837995452543,0.0,0.0,0.0,0.0,117.54655590105665,0.0,0.0,0.0,0.0,0.0,0.0,0.0,0.0,-4.802991701851454,0.0,0.015181701631889413,0.015181701631889413,0.0,0.0,0.0,0.0,0.0,0.0,0.0,0.0,0.0,0.0,0.0,0.0,0.0,0.0,0.0,240.0555419811946,0.0,0.0,0.0,0.0,0.0,0.0,0.0,502.0111405118814,0.0,0.0,0.0,34.42235558489193,286.1835504083402,0.0,355.45216057528404,0.0,0.0,0.0,91.09020979133649,0.0,0.0,0.0,0.0,0.0,0.0,-91.09020979133649,0.0,34.42235558489193,0.0,0.0,0.0,0.0,0.0,0.0,0.0,0.0,0.0,0.0,-1000.0,-1000.0,103.99465617844248,-45.545104895668246,0.0,0.0,999.3927319347245,0.0,0.0,0.0,0.0,0.0,0.0,0.0,0.0,0.0,0.0,0.0,0.0,0.0,0.0,0.0,0.0,0.0,-18.977127039861774,182.11146288813234,-274.7637416299345,0.0,0.0,0.0,0.0,0.0,0.0,-1.8977127039861772,0.0,87.44385810367697,0.0,0.0,0.0,0.0,0.0,0.0,0.0,1000.0,45.545104895668246,45.545104895668246,0.0,0.0,0.0,0.0,0.0,0.166998717950662,240.0555419811946,0.0,0.0,-999.3927319347245,0.0,0.0,0.0,0.0,0.0,0.0,0.0,0.0,0.0,0.0,0.0,0.0,0.0,0.0,0.0,0.0,0.0,0.0,0.0,159.40786713483885,28.90108804900081,0.0,0.0,0.0,0.0,0.0,240.0555419811946,0.0,-12.479358741410657,0.0,0.0,0.0,-18.977127039861774,0.0,0.0,0.0,0.0,0.0,0.0,0.0,0.0,0.0,0.0,0.0,0.0,0.0,0.0,0.0,0.0,0.0,0.0,-0.15181701631889413,0.0,0.0,7.590850815944707,-155.9775120728517,0.0,0.0,0.0,0.0,182.11146288813234,0.0,0.0,0.0,13.071445105056663,3.7954254079723535,0.0,0.0,0.0,0.15181701631889413,0.0,151.81701631889413,-47.06327505885719,30.36340326377883,1.0844072594206724,423.5694755297147,-0.1138627622391706,139.27958351895342,3.036340326377883,-0.759085081594435,-423.5694755297147,45.545104895668246,-0.15181701631889413,102.73815477044046,0.0,0.03795425407972353,1.0844072594206724,-308.21446431132136,-41.3804467904115,-3.036340326377882,-45.81840328356742,-0.15181701631889413,0.03795425407972353,-423.5694755297147,15.181701631889414,0.15181701631889413,0.15181701631889413,-239.73672624692506,-17.044179074495183,0.0,-0.1138627622391706,45.545104895668246,0.15181701631889422,45.545104895668246,-75.90850815944708,-0.07590850815944707,78.3256047377705,-202.62815103773235,-0.1138627622391706,-0.15181701631889413,-47.06327505885719,0.15181701631889413,15.181701631889414,-3.036340326377883,369.4060952776564,369.4060952776564,-15.181701631889414,45.81840328356742,-369.4060952776564,30.363403263778824,0.2277255244783412,-1000.0,15.181701631889414,-263.3937559801777,0.0,-30.363403263778828,0.07590850815944707,1.5181701631889417,51.36907738522022,270.41894524497343,-0.15181701631889413,-274.21437065294555,239.73672624692506,47.06327505885719,0.15181701631889413,41.3804467904115,-182.18041958267318,0.0,-0.15181701631889413,-0.03795425407972353,0.0,-0.15181701631889413,72.0014510053884,0.15181701631878045,-0.03795425407972353,-0.03795425407972353,-0.03795425407972353,60.726806527557656,75.90850815944708,1.5181701631889417,112.47743196525687,-0.03795425407972353,0.0,7.590850815944707,-28.409874686749497,0.15181701631889413,0.07590850815944707,0.07590850815944707,15.181701631889414,47.06327505885719,0.15181701631889413,-47.06327505885719,1.5181701631889417,0.15181701631889413,-112.47743196525687,0.15181701631889413,0.607268065275548,0.759085081594435,0.07590850815944707,0.03795425407972353,45.545104895668246,-0.15181701631889413,0.0,1.518170163188941,-224.95486393051374,135.48415811098107,-15.181701631889414,30.363403263778828,7.590850815944707,-0.15181701631889413,308.21446431132136,0.2277255244783412,-0.15181701631889413,-30.363403263778828,47.06327505885719,335.0736809339135,0.07590850815944707,56.81974937349899,-0.15181701631889422,-0.15181701631878045,-0.15181701631889413,0.07590850815944707,423.5694755297147,-30.363403263778828,0.15181701631889413,102.73815477044045,-0.03795425407972353,17.044179074495183,-102.73815477044045,22.77255244783412,202.62815103773235,51.778819538809955,423.5694755297147,-0.1138627622391706,274.21437065294555,-270.41894524497343,0.15181701631889413,-0.03795425407972354,7.590850815944713,151.81701631889413,-0.07590850815944707,-0.15181701631889413,0.03795425407972353,1000.0,0.0,446.73688115667795,0.0,155.48086819824064,0.0,821.7266375713856,-1000.0,0.0,1000.0,37.52593151070897,-1000.0,-553.1872103351626,-500.0,-77.74043409912032,-18.762965755354486,0.0,500.0,-240.0555419811946,-235.46387210554616,553.1872103351626,1000.0,-235.46387210554616,-821.7266375713856,494.3626777610847,0.0,1496.5981,bhi
261,0.0,0.0,0.0,0.0,0.0,0.0,0.0,0.0,441.34817762747895,0.0,0.0,0.0,0.0,0.0,0.0,0.0,-420.99290832868405,1000.0,0.0,-314.9843356637312,0.0,0.0,0.0,566.1192808430643,0.0,442.01981328757273,0.0,0.0,0.0,-837.7337936647843,0.0,0.0,0.0,0.0,0.0,0.0,0.0,999.3661755772341,0.0,-1000.0,756.1983053170112,0.0,0.0,1000.0,0.0,0.0,0.0,0.0,1000.0,0.0,0.0,741.2732980065316,0.0,0.17430171626068816,0.0,0.0,0.0,31.691221138278447,0.0,0.0,130.36106945425513,0.0,460.83927331393056,158.25303128175705,0.0,0.0,0.0,0.0,0.0,0.0,0.0,1.5845610569139226,0.0,0.0,0.0,0.0,0.0,0.0,0.0,0.0,0.0,0.0,0.0,0.0,95.07366341483535,0.0,0.0,-568.393155531498,1000.0,-344.7298711997711,-0.03961402642284806,0.0,0.0,0.0,47.536831707417676,0.0,243.80169468298882,0.0,0.0,0.0,0.0,7.922805284569612,-837.7337936647843,0.0,0.0,-228.6809843301228,0.0,0.0,0.0,0.0,0.0,0.0,0.0,0.0,0.0,0.0,0.0,0.0,0.0,0.0,0.0,0.0,0.0,0.0,-1000.0,0.0,0.0,243.80169468298882,0.0,49.121392764331596,0.0,0.0,0.0,0.0,0.0,0.0,-432.94731148642865,0.0,0.0,0.0,0.0,0.0,0.0,0.0,0.0,12.201120138237194,0.15845610569139224,0.0,0.0,0.0,207.050875354867,-207.050875354867,0.0,0.0,0.0,0.0,1000.0,0.0,0.0,0.0,0.0,0.0,999.8415438943086,999.8415438943086,0.0,0.0,0.0,0.0,-188.21577668363523,0.0,0.0,1000.0,0.0,0.0,0.0,-929.876909843345,-306.2051383244582,0.0,0.0,0.0,0.0,0.0,0.0,0.0,0.0,0.0,-878.4573962928366,0.0,0.0,0.0,0.0,41.37354685437836,0.0,0.0,0.0,0.0,0.0,0.0,-741.2732980065316,-655.2701288002289,655.2701288002289,432.94731148642865,0.0,0.0,0.0,0.0,0.0,0.0,0.0,-51.49823434970247,0.0,0.0,0.0,0.0,0.0,0.0,0.0,0.0,0.0,0.0,0.0,0.0,0.0,492.55853876273943,-740.352694747872,1000.0,0.0,0.0,0.0,0.0,-210.38495826570826,0.0,0.0,0.0,0.0,130.36106945425513,0.0,0.0,0.0,174.3488666469983,0.0,0.0,0.0,0.0,0.0,183.60791844681737,0.0,196.26486297557113,0.0,-765.9604636869921,889.3096651132369,-964.9365823382585,0.0,-1000.0,0.0,0.0,432.94731148642865,0.0,0.0,0.0,0.0,-160.28550501407324,0.0,0.0,-842.4541584817478,0.0,0.0,-842.4541584817479,0.0,0.0,344.7298711997711,0.0,339.4119890740695,0.0,0.0,219.530181658264,0.0,0.0,0.0,-1000.0,0.0,1000.0,0.0,999.6830877886172,0.0,0.0,0.0,0.0,0.0,0.0,130.36106945425513,-0.23768415853708835,0.0,0.0,0.0,0.0,0.15845610569139224,0.0,0.0,0.0,-691.3455132049049,-420.99290832868405,0.0,-451.421921083946,-260.18512145686475,306.2051383244582,1000.0,0.0,183.9262861351247,0.0,-228.6809843301228,0.0,0.0,0.0,-13.643070700029027,-1000.0,829.7167845649043,-1000.0,590.44663911894,0.0,0.0,0.0,0.0,0.0,0.0,0.0,0.0,0.0,0.0,0.0,0.0,0.0,0.0,0.0,0.0,174.3488666469983,0.0,0.0,-1000.0,0.0,0.0,178.50563184355752,0.0,0.0,815.0898098913733,97.16645717156989,0.0,0.0,0.0,0.0,0.0,0.0,-105.41410517482973,743.1776725538491,531.4842614304546,1000.0,0.0,-7.922805284569612,-43.077930878363986,-1000.0,105.41410517482973,-751.1004778384187,-370.08001742735695,-535.4456640727394,0.0,362.2568826416524,0.0,0.0,1000.0,-968.8910916722622,243.80169468298882,0.0,0.0,0.0,542.3774536960368,0.0,441.50663373317036,0.0,-492.55853876273943,492.55853876273943,492.55853876273943,-554.0951367479646,0.0,0.0,0.0,0.0,0.0,0.0,0.0,0.0,-172.22517257791836,0.0,0.0,0.0,0.0,0.0,0.0,0.0,-984.1543894308608,0.31691221138260883,0.0,0.0,0.0,0.0,0.0,0.0,0.0,0.0,0.0,0.0,0.0,0.0,0.0,0.0,0.0,0.0,0.0,0.0,0.0,0.17430171626068816,0.17430171626068816,0.0,161.79286983577035,0.0,95.07366341483535,0.0,0.0,0.0,1000.0,0.0,0.0,0.0,0.0,0.0,1000.0,-1000.0,0.0,0.0,0.0,0.0,0.0,0.0,0.0,0.0,0.0,0.0,0.0,0.0,0.0,333.3333333333333,691.3455132049049,0.0,0.0,12.201120138237194,0.0,-1000.0,1000.0,777.4376467792796,0.0,1000.0,0.0,973.1997944079536,-957.3541838388144,593.7500000000006,-593.7500000000006,492.55853876273943,0.0,0.0,0.0,0.0,0.0,0.0,0.0,0.0,0.0,0.0,0.0,0.0,0.0,95.07366341483535,432.94731148642865,432.94731148642865,0.0,0.0,0.0,0.0,0.0,0.0,0.0,0.0,0.0,0.0,1.5845610569139226,0.0,0.0,0.0,0.0,0.0,-741.2732980065316,0.0,0.0,243.80169468298882,0.0,0.0,0.0,0.0,0.0,0.0,0.0,0.0,0.0,0.0,594.4829237618235,0.0,0.0,47.536831707417676,47.536831707417676,1000.0,-1000.0,0.0,0.0,0.0,0.0,0.0,0.0,0.0,837.7337936647843,0.0,1000.0,0.15845610569139224,0.0,0.0,0.0,209.26392415201082,245.83264214274013,0.0,0.0,0.0,0.0,0.0,0.0,0.0,0.0,0.0,0.0,0.0,0.0,0.0,0.0,0.0,0.0,0.15845610569139224,0.0,0.0,0.0,0.0,0.0,0.0,0.0,0.0,0.0,0.0,832.6597069578496,0.0,-556.9876179427222,-1000.0,-11.884207926854419,0.0,-7.922805284569612,0.0,0.0,0.0,0.0,0.0,0.0,0.0,0.0,0.0,0.0,0.0,432.94731148642865,306.2051383244582,0.0,0.0,-960.9682863876926,0.0,0.0,0.0,441.34817762747895,0.0,0.0,0.15845610569139224,0.0,0.15845610569139224,0.0,0.0,0.0,95.07366341483535,193.31644894349859,193.31644894349859,0.0,0.0,0.0,0.0,0.0,0.0,0.0,0.0,0.0,0.0,0.0,0.0,0.0,0.0,0.0,0.0,0.0,0.0,0.0,0.0,0.0,0.0,0.0,0.0,0.0,0.0,0.0,222.56235322072038,0.0,-442.01981328757273,442.01981328757273,0.23768415853708835,0.0,0.0,0.0,-243.80169468298882,0.0,0.0,0.0,0.0,0.0,-161.79286983577035,7.922805284569612,0.0,0.0,0.0,0.0,188.21577668363523,345.8459248857079,-7.922805284569612,0.0,0.0,0.0,0.0,0.0,0.0,0.0,432.94731148642865,0.0,0.0,804.8678820275318,-330.76566892696906,0.0,968.3087788617215,17.151657812617316,0.0,443.0123820572778,556.9876179427222,-1000.0,0.0,-193.31644894349859,0.0,7.922805284569612,1000.0,0.0,0.0,0.0,-172.22517257791836,0.0,0.0,0.0,0.0,0.0,-292.97549575662447,0.0,0.0,0.0,1000.0,-145.3110195608723,193.31644894349859,0.0,0.0,0.0,0.0,0.0,0.0,0.0,0.0,0.0,183.60791844681737,0.0,0.0,52.134474055461396,-209.26392415201082,-803.2996868838605,0.0,47.536831707417676,0.0,0.0,0.0,0.0,-130.95834735166684,0.0,0.0,0.17430171626068816,0.0,0.0,0.0,96.65822447174928,0.0,0.0,0.0,0.0,-740.352694747872,0.0,0.0,0.0,0.0,0.0,0.0,0.0,0.0,0.0,0.0,0.015845610569139676,0.015845610569139676,0.0,0.0,0.0,0.0,0.0,0.0,0.0,0.0,0.0,0.0,0.0,0.0,0.0,0.0,0.0,161.79286983577035,0.0,0.0,0.0,0.0,0.0,0.0,0.0,0.0,0.0,0.0,0.0,0.0,0.0,-558.8314612535614,1000.0,0.0,0.0,0.0,95.07366341483532,0.0,0.0,0.0,0.0,0.0,-899.7805850027852,804.7069215879499,0.0,0.0,0.0,0.0,0.0,0.0,0.0,0.0,0.0,0.0,0.0,0.0,590.44663911894,-1000.0,108.5424323986037,0.0,-243.80169468298882,0.0,999.3661755772341,0.0,0.0,0.0,0.0,0.0,0.0,0.0,0.0,0.0,0.0,0.0,0.0,0.0,0.0,0.0,0.0,0.0,-19.80701321142403,432.94731148642865,-11.884207926854419,133.42681163401778,0.0,0.0,0.0,0.0,0.0,0.0,-1.9807013211424032,172.22517257791836,0.0,0.0,0.0,0.0,0.0,0.0,0.0,1000.0,47.536831707417676,47.536831707417676,0.0,0.0,0.0,0.0,0.0,0.17430171626068816,161.79286983577035,0.0,0.0,-999.3661755772341,0.0,0.0,0.0,0.0,0.0,0.0,0.0,0.0,0.0,0.0,0.0,0.0,0.0,0.0,0.0,0.0,0.0,0.0,0.0,166.37891097596187,0.0,0.0,12.201120138237194,0.0,0.0,0.0,161.79286983577035,0.0,-167.3402930421504,0.0,0.0,0.0,-19.80701321142403,0.0,0.0,0.0,0.0,0.0,0.0,0.0,0.0,0.0,0.0,0.0,0.0,0.0,0.0,0.0,0.0,0.0,0.0,-0.15845610569139224,0.0,0.0,7.922805284569612,-1000.0,0.0,0.0,0.0,0.0,432.94731148642865,0.0,0.0,0.0,13.643070700029027,3.961402642284806,0.0,0.0,442.01981328757273,0.15845610569139224,0.0,158.45610569139222,-49.121392764331596,31.69122113827845,1.1318293263670873,442.09253487898434,-0.11884207926854418,7.922805284569612,3.1691221138278447,-0.7922805284572756,-442.09253487898434,47.536831707417676,-0.15845610569139224,76.2269947767076,0.0,0.03961402642284806,1.1318293263670873,-228.6809843301228,-25.226212026066655,-3.1691221138278447,-264.0227560075848,-0.15845610569139224,0.03961402642284806,-442.09253487898434,15.845610569139224,0.15845610569139224,0.15845610569139224,-161.46011201381828,0.17430171626053192,-280.95977862787504,-0.11884207926854418,47.536831707417676,0.15845610569139224,243.80169468298882,117.03681012987501,-0.07922805284569612,-261.67825271187934,194.38089159087764,-0.11884207926854418,-0.15845610569139224,-49.121392764331596,0.15845610569139224,15.845610569139224,-3.1691221138278447,222.56235322072038,222.56235322072038,-15.845610569139224,264.0227560075848,-222.56235322072038,31.691221138278447,0.23768415853708835,-1000.0,15.845610569139224,-333.3333333333333,0.0,-31.691221138278447,0.07922805284569612,1.5845610569139226,112.8554802709865,-299.07444778869063,-0.15845610569139224,-197.4454936163337,161.46011201381828,49.121392764331596,0.15845610569139224,25.226212026066655,-386.4121898052417,0.0,-0.15845610569139224,-0.03961402642284806,0.0,-0.15845610569139224,-984.1543894308608,0.15845610569150592,-0.03961402642284806,-0.03961402642284806,-0.03961402642284806,63.382442276556894,-117.03681012987501,1.5845610569139226,117.39616730410842,-0.03961402642284806,149.4839657652654,7.922805284569612,500.0,0.15845610569139224,0.07922805284569612,0.07922805284569612,15.845610569139224,49.121392764331596,0.15845610569139224,-49.121392764331596,1.5845610569139226,0.15845610569139224,-117.39616730410842,0.15845610569139224,0.6338244227658834,0.7922805284572756,0.07922805284569612,0.03961402642284806,47.536831707417676,-0.15845610569139224,280.95977862787504,1.5845610569139224,-234.79233460821683,3.961402642284807,-15.845610569139224,31.691221138278447,7.922805284569612,-0.15845610569139224,228.6809843301228,0.23768415853708835,-0.15845610569139224,-31.691221138278447,49.121392764331596,455.6721054631114,0.07922805284569612,-1000.0,-0.15845610569139224,-0.15845610569150592,-0.15845610569139224,0.07922805284569612,442.09253487898434,-31.691221138278447,0.15845610569139224,225.710960541973,-0.03961402642284806,-0.17430171626053192,-225.710960541973,23.768415853708834,-194.38089159087764,-76.05723128600205,442.09253487898434,-0.11884207926854418,197.4454936163337,299.07444778869063,0.15845610569139224,-0.039614026422848066,7.922805284569612,158.45610569139222,-0.07922805284569612,-0.15845610569139224,0.03961402642284806,731.0450243395973,0.0,999.9207719471543,0.0,-625.3192034940246,0.0,451.9887871701193,13.6497778768374,0.0,642.5490863266518,-37.125195898968,-1000.0,0.0,-321.2745431633259,312.6596017470123,18.562597949484,0.0,-6.8248889384187,-161.79286983577035,-324.7137581114446,0.0,1000.0,-324.7137581114446,-451.9887871701193,411.2776832031109,0.0,1496.5981,bhi
262,0.0,0.0,0.0,0.0,0.0,0.0,0.0,0.0,868.9408551472022,0.0,0.0,0.0,0.0,0.0,0.0,0.0,-820.6411947917493,629.6068991826093,0.0,0.0,0.0,0.0,0.0,983.175909300641,0.0,0.0,0.0,0.0,0.0,-951.0740488088524,0.0,0.0,385.07561622994297,0.0,0.0,0.0,0.0,-28.88685376942241,0.0,-1000.0,950.5173802960032,0.0,-771.7152436006016,0.0,0.0,0.0,310.84808253010465,0.0,1000.0,0.0,0.0,0.0,0.0,0.18143627224815148,0.0,0.0,0.0,32.98841313599788,0.0,0.0,-59.83897992099346,0.0,0.0,-59.83897992099346,0.0,0.0,0.0,0.0,0.0,0.0,0.0,1.649420656799894,0.0,0.0,0.0,0.0,0.0,0.0,0.0,0.0,0.0,0.0,0.0,0.0,98.96523940799364,0.0,45.31308200344226,-259.11558336616645,1000.0,633.2874948459856,-0.041235516419997356,0.0,0.0,325.9662501280541,49.48261970399682,0.0,49.48261970399682,0.0,0.0,0.0,0.0,8.24710328399947,-951.0740488088524,0.0,0.0,-352.4833474671755,680.1089212955919,0.0,0.0,0.0,0.0,0.0,0.0,0.0,0.0,0.0,0.0,0.0,0.0,0.0,0.0,0.0,0.0,0.0,-813.3651975861885,0.0,0.0,49.48261970399682,0.0,51.13204036079671,0.0,0.0,0.0,0.0,0.0,0.0,0.0,1000.0,-1000.0,0.0,0.0,0.0,0.0,0.0,0.0,58.01362106080144,0.1649420656799894,0.0,0.0,0.0,0.0,-758.4525043298484,0.0,0.0,0.0,0.0,1000.0,0.0,0.0,0.0,0.0,0.0,825.2561055459021,825.2561055459021,0.0,0.0,0.0,0.0,0.0,0.0,0.0,825.421047611582,0.0,0.0,0.0,-51.327550448140045,-1000.0,0.0,0.0,0.0,0.0,0.0,0.0,0.0,0.0,0.0,0.0,0.0,0.0,0.0,0.0,-1000.0,0.0,0.0,0.0,0.0,0.0,0.0,771.7152436006016,-888.7224825487757,888.7224825487757,0.0,0.0,0.0,0.0,0.0,0.0,0.0,0.0,203.63763156279467,0.0,0.0,0.0,0.0,0.0,0.0,0.0,0.0,0.0,0.0,0.0,0.0,0.0,43.63010224098366,-192.06487596615494,0.0,0.0,0.0,0.0,0.0,344.88145419973364,0.0,0.0,0.0,0.0,-59.83897992099346,0.0,0.0,0.0,0.0,0.0,0.0,0.0,0.0,0.0,913.79393647393,0.0,0.0,0.0,-187.60111304428366,929.4061259038904,623.8771776856595,0.0,0.0,0.0,0.0,0.0,0.0,0.0,0.0,0.0,-39.279952187836216,0.0,0.0,-1000.0,0.0,0.0,-1000.0,0.0,0.0,111.2775174512243,0.0,-1000.0,0.0,0.0,115.30690904743676,0.0,0.0,0.0,-1000.0,0.0,1000.0,0.0,1000.0,0.0,0.0,581.1908799813177,0.0,0.0,0.0,-59.83897992099346,-0.2474130985199841,0.0,0.0,0.0,0.0,0.1649420656799894,0.0,0.0,0.0,-308.1580103776604,-820.6411947917493,0.0,-494.4091567468849,-470.72348288343755,1000.0,1000.0,0.0,1000.0,0.0,-352.4833474671755,0.0,0.0,0.0,637.5184416016913,-1000.0,-637.5184416016913,-1000.0,-824.8553404447182,0.0,0.0,0.0,0.0,0.0,0.0,0.0,0.0,0.0,0.0,0.0,0.0,0.0,0.0,0.0,0.0,0.0,-1000.0,0.0,-971.7729144932974,0.0,0.0,908.4828019590338,0.0,0.0,0.0,-971.8075575347315,0.0,0.0,0.0,574.3791236163833,0.0,0.0,-164.79893721943475,75.51920286993014,0.0,1000.0,568.1690212837782,-8.24710328399947,0.0,-810.6751269095362,164.79893721943475,-83.7663061539296,-604.9224836202518,-4.123551641999735,0.0,-1000.0,0.0,-107.2123426919931,1000.0,0.0,49.48261970399682,0.0,0.0,0.0,226.1164569313039,0.0,869.1057972128822,0.0,-43.63010224098366,43.63010224098366,43.63010224098366,338.17448254544695,0.0,0.0,0.0,0.0,0.0,0.0,0.0,0.0,-29.0517958351024,0.0,406.24999999999693,0.0,0.0,0.0,0.0,0.0,-319.8910787044081,0.329884131359796,0.0,0.0,0.0,0.0,0.0,0.0,0.0,0.0,0.0,0.0,0.0,0.0,0.0,0.0,0.0,0.0,0.0,0.0,0.0,0.18143627224815148,0.18143627224815148,0.0,4.351080628320005,0.0,98.96523940799364,0.0,0.0,0.0,1000.0,0.0,0.0,45.31308200344226,0.0,0.0,1000.0,-1000.0,0.0,0.0,31.012470518427108,0.0,0.0,0.0,0.0,0.0,0.0,0.0,0.0,0.0,0.0,271.1217325287295,308.1580103776604,78.34358303425634,0.0,58.01362106080144,0.0,325.9662501280541,0.0,-344.88145419973364,0.0,1000.0,0.0,680.1089212955919,0.0,0.5781019661558275,-0.5781019661558275,43.63010224098366,0.0,0.0,0.0,0.0,0.0,0.0,0.0,0.0,0.0,0.0,0.0,0.0,0.0,98.96523940799364,0.0,0.0,0.0,0.0,0.0,0.0,0.0,0.0,0.0,0.0,0.0,0.0,1.649420656799894,0.0,0.0,45.31308200344226,-45.31308200344226,0.0,771.7152436006016,0.0,0.0,49.48261970399682,-31.012470518427108,0.0,0.0,0.0,0.0,0.0,0.0,0.0,0.0,0.0,1000.0,-912.6510999385232,0.0,49.48261970399682,49.48261970399682,-1000.0,-1000.0,0.0,0.0,0.0,0.0,0.0,0.0,0.0,951.0740488088524,0.0,992.4157768176884,0.1649420656799894,0.0,0.0,0.0,217.829560882666,0.0,0.0,-325.9662501280541,0.0,0.0,0.0,0.0,0.0,0.0,0.0,0.0,0.0,0.0,0.0,0.0,0.0,0.0,0.1649420656799894,0.0,0.0,0.0,0.0,0.0,0.0,0.0,0.0,0.0,-71.57185885969704,8.24710328399947,0.0,0.0,28.227085506702565,-12.370654925999208,-8.24710328399947,0.0,0.0,0.0,0.0,0.0,0.0,0.0,0.0,0.0,0.0,0.0,0.0,0.0,1000.0,0.0,0.0,-98.96523940799364,0.0,0.0,0.0,868.9408551472022,0.0,0.0,0.1649420656799894,0.0,0.1649420656799894,0.0,0.0,0.0,98.96523940799364,201.22932012958708,201.22932012958708,0.0,0.0,0.0,0.0,0.0,0.0,0.0,78.34358303425634,0.0,0.0,0.0,0.0,0.0,651.7199534567385,0.0,0.0,0.0,0.0,0.0,0.0,0.0,0.0,0.0,0.0,0.0,0.0,0.0,344.88145419973364,0.0,0.0,0.0,0.2474130985199841,0.0,0.0,0.0,-49.48261970399682,0.0,0.0,0.0,0.0,0.0,-4.351080628320005,8.24710328399947,0.0,0.0,0.0,0.0,0.0,900.2356986750344,0.0,0.0,406.24999999999693,0.0,0.0,0.0,0.0,0.0,0.0,0.0,31.012470518427108,666.2612238043184,-39.279021612663655,0.0,-775.7446102272066,-352.4833474671755,0.0,0.0,0.0,0.0,0.0,-201.22932012958708,0.0,8.24710328399947,1000.0,0.0,0.0,0.0,-119.67795984198692,93.75000000000355,-93.75000000000355,0.0,0.0,0.0,0.0,0.0,0.0,0.0,-24.741309851998498,0.0,201.22932012958708,0.0,0.0,0.0,0.0,0.0,0.0,0.0,0.0,0.0,913.79393647393,0.0,0.0,41.46304540631771,-217.829560882666,-440.3448737443916,-771.7152436006016,49.48261970399682,45.31308200344226,0.0,0.0,0.0,-123.00780497683672,0.0,0.0,0.18143627224815148,0.0,0.0,0.0,100.61466006479353,0.0,0.0,0.0,0.0,-192.06487596615494,0.0,680.1089212955919,0.0,0.0,0.0,0.0,0.0,0.0,923.7937779425752,0.0,0.01649420656799894,0.01649420656799894,0.0,0.0,0.0,0.0,0.0,0.0,0.0,0.0,0.0,0.0,0.0,0.0,0.0,0.0,0.0,4.351080628320005,0.0,0.0,0.0,0.0,0.0,0.0,0.0,0.0,0.0,0.0,0.0,90.62616400688452,0.0,-869.5671459828969,629.6068991826093,0.0,0.0,0.0,98.96523940799364,0.0,0.0,0.0,0.0,0.0,0.0,-98.96523940799364,0.0,90.62616400688452,0.0,0.0,0.0,0.0,0.0,0.0,0.0,0.0,0.0,0.0,-1000.0,-1000.0,764.7052684475312,0.0,-49.48261970399682,0.0,-28.88685376942241,0.0,0.0,0.0,0.0,0.0,0.0,0.0,0.0,0.0,203.125,0.0,-203.125,-203.125,0.0,0.0,0.0,0.0,-20.617758209998676,0.0,-12.370654925999208,639.3492985307392,0.0,0.0,0.0,0.0,0.0,-2.0617758209998676,0.0,29.0517958351024,0.0,0.0,0.0,0.0,0.0,0.0,0.0,817.2711172624066,49.48261970399682,49.48261970399682,0.0,0.0,0.0,0.0,0.0,0.18143627224815148,4.351080628320005,0.0,0.0,28.88685376942241,0.0,0.0,0.0,0.0,0.0,0.0,0.0,0.0,0.0,0.0,0.0,0.0,0.0,0.0,0.0,0.0,0.0,0.0,0.0,173.18916896398886,58.01362106080144,0.0,0.0,0.0,0.0,0.0,4.351080628320005,0.0,0.0,0.0,0.0,0.0,-20.617758209998676,0.0,0.0,0.0,0.0,0.0,0.0,0.0,0.0,0.0,0.0,0.0,0.0,0.0,0.0,0.0,0.0,0.0,0.0,-0.1649420656799894,0.0,0.0,8.24710328399947,-1000.0,0.0,0.0,0.0,0.0,0.0,0.0,0.0,0.0,-637.5184416016913,4.123551641999735,0.0,0.0,0.0,0.1649420656799894,0.0,164.9420656799894,-51.13204036079671,32.98841313599788,1.1781576119999244,460.1883632471704,-0.12370654925999205,8.247103283999465,3.2988413135997883,-0.8247103283998349,-460.1883632471704,49.48261970399682,-0.1649420656799894,117.49444915572518,0.0,0.04123551641999735,1.1781576119999244,-352.4833474671755,-71.57185885969704,-3.2988413135997883,191.03429560914003,-0.1649420656799894,0.04123551641999735,-460.1883632471704,16.49420656799894,0.1649420656799894,0.1649420656799894,-4.004702290391864,-45.131645731194276,0.0,-0.12370654925999205,49.48261970399682,0.1649420656799894,49.48261970399682,-82.4710328399947,-0.08247103283999471,-295.03330506564896,-361.54060283341255,-0.12370654925999205,-0.1649420656799894,-51.13204036079671,0.1649420656799894,16.49420656799894,-3.2988413135997883,344.88145419973364,344.88145419973364,-16.49420656799894,-191.03429560914003,-344.88145419973364,32.98841313599788,0.2474130985199841,-1000.0,16.49420656799894,-271.1217325287295,0.0,-32.98841313599788,0.08247103283999471,1.649420656799894,123.60228918672122,-6.290608476665774,-0.1649420656799894,-41.46304540631771,4.004702290391864,51.13204036079671,0.1649420656799894,71.57185885969704,-197.93047881598724,0.0,-0.1649420656799894,-0.041235516419997356,0.0,-0.1649420656799894,-1000.0,0.1649420656799894,-0.041235516419997356,-0.041235516419997356,-0.041235516419997356,65.97682627199576,82.4710328399947,1.649420656799894,122.20145291066274,-0.041235516419997356,129.71012921771728,8.24710328399947,168.19264263620352,0.1649420656799894,0.08247103283999471,0.0824710328399947,16.49420656799894,51.13204036079671,0.1649420656799894,-51.13204036079671,1.649420656799894,0.1649420656799894,-122.20145291066274,0.1649420656799894,0.6597682627198456,0.8247103283998349,0.08247103283999471,0.04123551641999735,49.48261970399682,-0.1649420656799894,0.0,1.6494206567998941,-244.40290582132548,4.123551641999743,-16.49420656799894,32.98841313599788,8.24710328399947,-0.1649420656799894,352.4833474671755,0.2474130985199841,-0.1649420656799894,-32.98841313599788,51.13204036079671,500.13894008113056,0.0824710328399947,-336.38528527240703,-0.1649420656799894,-0.1649420656799894,-0.16494206567998942,0.0824710328399947,460.1883632471704,-32.98841313599788,0.1649420656799894,247.20457837344244,-0.041235516419997356,45.131645731194276,-247.20457837344244,24.741309851998412,361.54060283341255,367.57081036537284,460.1883632471704,-0.12370654925999205,41.46304540631771,6.290608476665774,0.1649420656799894,-0.04123551641999734,582.6262269003827,164.9420656799894,-0.08247103283999471,-0.1649420656799894,0.041235516419997356,0.0,0.0,255.35251666995006,0.0,-570.1732511148908,0.0,212.29411322022918,-741.2041833486464,0.0,0.0,-244.79600514557322,821.099780125465,-744.5650122972099,0.0,285.0866255574454,122.39800257278661,0.0,370.6020916743232,-4.351080628320005,-377.1311351042938,744.5650122972099,-821.099780125465,-377.1311351042938,-212.29411322022918,196.86519273410875,0.0,1496.5981,bhi
263,0.0,0.0,0.0,0.0,0.0,0.0,0.0,0.0,-0.1933019834270089,0.0,0.0,0.0,0.0,0.0,0.0,0.0,-63.53549539617086,-517.2854312197439,0.0,1000.0,0.0,0.0,0.0,0.0,0.0,0.0,0.0,0.0,0.0,86.20493246628094,0.0,0.0,376.2684709050968,0.0,0.0,0.0,0.0,151.38492270595705,0.0,-1000.0,436.8026913122894,0.0,-268.7863630650645,708.5441998648255,0.0,0.0,0.0,0.0,0.0,0.0,0.0,0.0,0.0,0.21263218176909504,0.0,0.0,0.0,38.660396685401786,0.0,0.0,136.49242546250753,0.0,0.0,-324.05523494641966,0.0,0.0,0.0,0.0,78.88615750366068,403.1220649903887,0.0,1.9330198342700893,0.0,0.0,0.0,0.0,0.0,0.0,0.0,0.0,0.0,0.0,0.0,0.0,115.98119005620535,0.0,0.0,517.151135004442,482.84886499555796,303.0886330739486,-0.048325495856752235,0.0,0.0,830.0976084005429,57.990595028102675,0.0,57.990595028102675,0.0,0.0,0.0,0.0,52.567673991616104,86.20493246628094,0.0,0.0,-378.8907434741597,0.0,0.0,0.0,0.0,0.0,0.0,0.0,0.0,0.0,0.0,0.0,0.0,0.0,0.0,0.0,0.0,0.0,0.0,-1000.0,0.0,0.0,57.990595028102675,0.0,59.92361486237276,0.0,0.0,-202.9209176214352,202.9209176214352,0.0,0.0,0.0,0.0,0.0,-460.5476604089272,0.0,0.0,0.0,0.0,0.0,14.884252723879627,0.1933019834270089,0.0,0.0,0.0,0.0,-778.8272748630781,0.0,0.0,0.0,0.0,1000.0,0.0,0.0,0.0,0.0,0.0,999.806698016573,999.806698016573,0.0,0.0,0.0,0.0,953.4591726364584,0.0,0.0,1000.0,0.0,0.0,0.0,-16.276728045973982,0.0,0.0,0.0,0.0,0.0,0.0,0.0,0.0,0.0,0.0,-338.7544302064422,0.0,0.0,0.0,0.0,-172.20494670630148,0.0,0.0,0.0,0.0,0.0,0.0,268.7863630650645,-785.9374980695065,785.9374980695065,456.8257834739158,0.0,0.0,0.0,0.0,0.0,0.0,0.0,-519.5138760681469,0.0,0.0,0.0,0.0,0.0,0.0,0.0,0.0,0.0,0.0,0.0,0.0,0.0,0.0,-143.85193176611835,-291.45580013517457,0.0,0.0,0.0,3.7218769350113803,-28.368575552365144,0.0,0.0,0.0,0.0,136.49242546250753,-1000.0,0.0,0.0,0.0,0.0,0.0,0.0,0.0,0.0,185.55143506973138,0.0,0.0,0.0,0.0,1000.0,0.0,0.0,291.45580013517457,0.0,0.0,460.5476604089272,619.38856690643,0.0,0.0,0.0,-172.99750503269252,0.0,0.0,-688.8740859171155,29.367390792032495,0.0,-718.241476709148,0.0,-29.367390792032495,-303.0886330739486,0.0,-820.3740642936925,0.0,0.0,110.85532583980421,0.0,0.0,0.0,200.92414627940036,0.0,-200.92414627940036,0.0,1000.0,0.0,3.7218769350113803,1000.0,0.0,0.0,0.0,136.49242546250753,-0.28995297514051344,0.0,0.0,0.0,0.0,0.1933019834270089,0.0,0.0,0.0,-499.79429131308325,-63.53549539617086,0.0,-252.59382898277315,-133.13866131866678,0.0,494.7932863403921,0.0,0.0,0.0,-378.8907434741597,0.0,0.0,0.0,140.73543363754604,276.9244214575324,-417.6598550950784,-498.53217220688566,-1000.0,0.0,0.0,0.0,0.0,0.0,0.0,0.0,0.0,0.0,0.0,0.0,0.0,0.0,0.0,0.0,0.0,0.0,-847.8418693603397,0.0,-1000.0,0.0,0.0,179.32711120338797,0.0,0.0,0.0,-200.435687793611,0.0,0.0,0.0,0.0,42.902574820265656,610.6830831590559,0.0,490.32677792897624,0.0,-966.4936621202489,-829.0043070035905,859.6525648148606,0.0,0.0,0.0,-521.4431645104595,1000.0,-4.832549585675223,-869.3176639862111,-514.5968238377375,0.0,0.0,1000.0,-564.7333875513608,57.990595028102675,0.0,0.0,0.0,0.0,0.0,0.0,0.0,0.0,0.0,0.0,-1000.0,0.0,0.0,-0.3866039668540178,0.0,0.0,0.0,0.0,0.0,-187.56280948391213,0.0,-968.7500000000034,0.0,0.0,0.0,0.0,0.0,-980.6698016572991,0.3866039668537269,0.0,0.0,0.0,0.0,0.0,0.0,0.0,0.0,0.0,482.0082224940494,0.0,0.0,0.0,0.0,0.0,0.0,0.0,0.0,0.0,0.21263218176909504,0.21263218176909504,0.0,0.0,0.0,115.98119005620535,0.0,0.0,0.0,1000.0,0.0,0.0,0.0,0.0,0.0,837.6727391838549,-1000.0,0.0,0.0,815.8229521251827,0.0,0.0,0.0,0.0,0.0,0.0,0.0,0.0,0.0,0.0,333.3333333333333,499.79429131308325,778.8272748630781,0.0,14.884252723879627,0.0,401.6404004789922,428.45720792155066,0.0,0.0,837.6727391838549,0.0,0.0,-142.9970624734442,0.0,0.0,0.0,0.0,0.0,0.0,0.0,0.0,0.0,0.0,0.0,0.0,0.0,0.0,0.0,0.0,115.98119005620535,460.5476604089272,460.5476604089272,0.0,0.0,0.0,0.0,0.0,0.0,0.0,0.0,0.0,0.0,1.9330198342700893,0.0,0.0,0.0,0.0,0.0,268.7863630650645,0.0,0.0,57.990595028102675,-815.8229521251827,0.0,0.0,0.0,0.0,0.0,0.0,0.0,0.0,0.0,639.105369215985,-468.27490408192625,0.0,57.990595028102675,57.990595028102675,1000.0,-1000.0,0.0,0.0,0.0,0.0,0.0,0.0,0.0,-587.6727602593953,0.0,-412.2589804338652,0.1933019834270089,0.0,0.0,-516.5575236401273,771.8404073245537,530.7628952596579,0.0,-830.0976084005429,0.0,0.0,0.0,0.0,0.0,0.0,0.0,0.0,0.0,0.0,0.0,0.0,0.0,0.0,0.1933019834270089,0.0,0.0,0.0,0.0,0.0,0.0,0.0,0.0,0.0,-21.108576590223038,0.0,0.0,0.0,-152.15813063966027,-14.497648757025672,-6.271063886917105,-3.394035284433342,0.0,0.0,0.0,0.0,0.0,0.0,0.0,0.0,0.0,0.0,0.0,460.5476604089272,0.0,0.0,0.0,-555.0682883800104,0.0,0.0,0.0,-0.1933019834270089,0.0,0.0,0.1933019834270089,0.0,0.1933019834270089,0.0,0.0,0.0,115.98119005620535,235.82841978095087,235.82841978095087,0.0,0.0,0.0,0.0,0.0,0.0,0.0,778.8272748630781,0.0,0.0,0.0,0.0,0.0,157.3787344106109,0.0,0.0,0.0,0.0,0.0,0.0,0.0,0.0,0.0,0.0,0.0,0.0,0.0,428.45720792155066,0.0,-159.87425382241076,159.87425382241076,0.28995297514051344,0.0,0.0,0.0,-57.990595028102675,0.0,0.0,0.0,0.0,0.0,0.0,9.665099171350446,0.0,0.0,0.0,0.0,-953.4591726364584,179.32711120338797,-3.3940352844333415,0.0,-968.7500000000034,0.0,0.0,0.0,0.0,0.0,460.5476604089272,0.0,815.8229521251827,0.0,0.0,0.0,504.6488718602292,151.87215178549815,0.0,0.0,0.0,0.0,0.0,383.56014712547915,0.0,9.665099171350446,248.712511212587,0.0,0.0,0.0,-187.56280948391213,0.0,0.0,703.4603759405942,-703.4603759405942,0.0,0.0,0.0,0.0,0.0,353.25207896346785,-43.49294627107713,235.82841978095087,0.0,0.0,0.0,0.0,0.0,0.0,0.0,0.0,0.0,185.55143506973138,0.0,0.0,0.0,-737.2911061784757,0.0,-268.7863630650645,57.990595028102675,0.0,0.0,0.0,0.0,-219.8640570749382,0.0,0.0,0.21263218176909504,0.0,0.0,0.0,117.91420989047543,0.0,0.0,0.0,0.0,-143.85193176611835,0.0,0.0,0.0,0.0,0.0,0.0,0.0,0.0,0.0,0.0,0.019330198342700555,0.019330198342700555,0.0,0.0,0.0,0.0,0.0,0.0,0.0,0.0,0.0,-516.5575236401273,0.0,0.0,0.0,0.0,0.0,0.0,0.0,0.0,0.0,0.0,0.0,0.0,0.0,0.0,0.0,0.0,0.0,0.0,-663.0226612580066,984.3639692370368,-517.2854312197439,0.0,0.0,0.0,115.98119005620535,0.0,0.0,0.0,0.0,0.0,0.0,-115.98119005620535,0.0,0.0,0.0,0.0,0.0,0.0,0.0,0.0,0.0,0.0,0.0,0.0,412.2589804338652,-1000.0,289.790593058112,-57.990595028102675,0.0,0.0,151.38492270595705,0.0,0.0,0.0,0.0,0.0,0.0,0.0,0.0,0.0,0.0,0.0,0.0,0.0,0.0,0.0,0.0,0.0,-24.16274792837612,460.5476604089272,-57.40022357729133,186.37403192466246,0.0,0.0,0.0,0.0,0.0,-2.416274792837612,0.0,187.56280948391213,0.0,0.0,0.0,0.0,0.0,0.0,0.0,1000.0,57.990595028102675,57.990595028102675,0.0,0.0,0.0,0.0,0.0,0.21263218176909504,0.0,0.0,0.0,-151.38492270595705,0.0,0.0,0.0,0.0,0.0,0.0,0.0,0.0,0.0,0.0,0.0,0.0,0.0,0.0,79.93712691120538,0.0,0.0,0.0,0.0,202.96708259835935,14.884252723879627,0.0,0.0,0.0,0.0,0.0,0.0,0.0,-6.271063886917105,0.0,0.0,0.0,-24.16274792837612,0.0,0.0,0.0,0.0,0.0,0.0,0.0,0.0,0.0,0.0,0.0,0.0,0.0,0.0,0.0,0.0,0.0,0.0,-0.1933019834270089,0.0,0.0,9.665099171350446,-837.6727391838549,0.0,0.0,0.0,0.0,460.5476604089272,0.0,0.0,0.0,-140.73543363754604,4.832549585675223,0.0,0.0,0.0,0.1933019834270089,0.0,193.3019834270089,-59.92361486237276,38.660396685401786,1.3807284530500636,539.3125337613549,-0.14497648757025672,31.116386581483255,3.8660396685401786,-0.9665099171302245,-539.3125337613549,57.990595028102675,-0.1933019834270089,126.29691449138657,0.0,0.048325495856752235,1.3807284530500639,-378.8907434741597,-30.773675761573486,-3.8660396685401786,-419.1790733840852,-0.1933019834270089,0.048325495856752235,-539.3125337613549,19.330198342700893,0.1933019834270089,0.1933019834270089,0.4059341651961039,0.21263218176970947,-68.39389035441866,-0.14497648757025672,57.990595028102675,0.1933019834270089,57.990595028102675,-96.65099171350445,-0.09665099171350447,-173.82462269726193,8.845075226237242,-0.14497648757025672,-0.1933019834270089,-59.92361486237276,0.1933019834270089,19.330198342700893,-3.8660396685401786,428.45720792155066,428.45720792155066,-19.330198342700893,419.1790733840852,-428.45720792155066,38.66039668540178,0.28995297514051344,-1000.0,19.330198342700893,-333.3333333333333,0.0,-38.660396685401786,0.09665099171350447,1.9330198342700893,63.14845724569329,38.660396685401786,-0.1933019834270089,-43.49294627107713,-0.4059341651961039,59.92361486237276,0.1933019834270089,30.773675761573486,-231.9623801124107,0.0,-0.1933019834270089,-0.048325495856752235,0.0,-0.1933019834270089,-980.6698016572991,0.1933019834269203,-0.048325495856752235,-0.048325495856752235,-0.048325495856752235,77.32079337080357,96.65099171350445,1.9330198342700893,262.84419932279627,-0.048325495856752235,0.0,9.665099171350446,500.0,0.1933019834270089,0.09665099171350447,0.09665099171350446,17.469259875195203,59.92361486237276,0.1933019834270089,-59.92361486237276,1.9330198342700893,0.1933019834270089,-502.1073840254335,0.1933019834270089,0.7732079337032189,0.9665099171302245,0.09665099171350447,0.048325495856752235,57.990595028102675,-0.1933019834270089,68.39389035441866,1.9330198342700893,-525.6883986455925,26.28383699580803,-19.330198342700893,38.660396685401786,9.665099171350446,-0.1933019834270089,378.8907434741597,0.28995297514051344,-0.1933019834270089,-34.938519750390405,59.92361486237276,640.1243518091775,0.09665099171350446,-1000.0,-0.1933019834270089,-0.1933019834269203,-0.1933019834270089,0.09665099171350446,539.3125337613549,-38.660396685401786,0.1933019834270089,126.29691449138657,-0.048325495856752235,-0.21263218176970947,-126.29691449138657,28.995297514051334,-8.845075226237242,488.9714029759248,539.3125337613549,-0.14497648757025672,43.49294627107713,-38.660396685401786,0.1933019834270089,-0.048325495856752235,9.665099171350446,193.30198342700893,-0.09665099171350447,-0.1933019834270089,0.048325495856752235,0.0,0.0,999.9033490082865,239.2631847026372,-560.3362849779746,0.0,53.18465003188487,-228.66829295333497,0.0,-401.0661654899328,809.4674515291001,235.5180063174471,0.0,200.5330827449664,280.1681424889873,-404.73372576455006,0.0,114.33414647666748,0.0,-420.2602947342393,0.0,-235.5180063174471,-420.2602947342393,-53.18465003188487,132.90841590079734,0.0,1496.5981,bhi
264,0.0,0.0,0.0,0.0,0.0,0.0,0.0,0.0,-0.11943155627316734,0.0,0.0,0.0,0.0,0.0,0.0,0.0,0.0,1000.0,0.0,-590.876963460064,0.0,0.0,0.0,889.357103301038,0.0,0.0,0.0,0.0,0.0,-1000.0,0.0,0.0,69.03247237859301,0.0,0.0,0.0,0.0,6.147319306485834,0.0,-1000.0,1000.0,0.0,0.0,0.0,0.0,0.0,0.0,0.0,0.0,-116.2128033514856,0.0,-1000.0,0.0,0.13137471190020733,0.0,0.0,0.0,23.88631125463347,0.0,0.0,-66.5379453786773,0.0,190.41495885376042,0.0,672.8403552438037,0.0,0.0,0.0,0.0,0.0,0.0,1.1943155627316735,0.0,0.0,0.0,0.0,0.0,0.0,0.0,0.0,0.0,0.0,0.0,0.0,71.65893376390041,0.0,84.88396165939977,-996.2705601651746,3.72943983482538,0.0,-0.029857889068291836,0.0,0.0,623.5656559563329,35.829466881950204,0.0,35.829466881950204,0.0,0.0,0.0,0.0,997.0142110931708,-1000.0,0.0,0.0,-364.58841508765147,339.8556422032901,0.0,0.0,0.0,0.0,0.0,0.0,0.0,0.0,0.0,0.0,0.0,0.0,0.0,0.0,0.0,0.0,0.0,-533.6096278051531,0.0,0.0,35.829466881950204,0.0,37.02378244468188,0.0,0.0,-376.0802748116964,0.0,376.0802748116964,-376.0802748116964,-616.5681808124284,0.0,0.0,492.69116733734535,0.0,0.0,0.0,0.0,0.0,94.08019149243373,0.11943155627316734,0.0,0.0,0.0,-485.41290875089186,0.0,0.0,0.0,0.0,0.0,781.7484050960207,0.0,0.0,0.0,0.0,0.0,999.8805684437268,999.8805684437268,0.0,0.0,0.0,0.0,890.6562499999997,0.0,0.0,1000.0,0.0,0.0,0.0,712.4034030298981,0.0,0.0,0.0,0.0,0.0,0.0,0.0,0.0,0.0,0.0,0.0,0.0,0.0,0.0,0.0,238.86313506527972,0.0,0.0,0.0,0.0,0.0,116.2128033514856,1000.0,-3.72943983482538,3.72943983482538,0.0,0.0,0.0,0.0,0.0,0.0,0.0,0.0,-1000.0,0.0,0.0,0.0,0.0,0.0,0.0,0.0,0.0,0.0,0.0,0.0,0.0,0.0,193.7665049372369,-478.7576243671579,0.0,0.0,0.0,0.0,123.87701347508312,0.0,0.0,0.0,0.0,0.0,-66.5379453786773,0.0,0.0,0.0,0.0,0.0,0.0,0.0,0.0,0.0,450.7789943733959,0.0,0.0,0.0,-226.03829322047523,-218.57941355082448,0.0,0.0,0.0,0.0,0.0,123.87701347508312,-854.2935013467359,0.0,0.0,0.0,-15.914957970484409,0.0,0.0,-740.5912199169976,0.0,0.0,-740.5912199169976,0.0,0.0,0.0,0.0,401.6641568702854,116.2128033514856,0.0,333.2140420021369,0.0,0.0,0.0,-1000.0,0.0,1000.0,0.0,1000.0,0.0,123.87701347508312,0.0,0.0,0.0,0.0,-66.5379453786773,-0.179147334409751,0.0,0.0,0.0,0.0,0.11943155627316734,0.0,0.0,0.0,-725.4715963206257,0.0,0.0,-243.05894339176763,-622.1764710881354,0.0,813.3889512029222,0.0,662.500626484893,0.0,-364.58841508765147,0.0,0.0,0.0,-10.28305699511943,-491.40297896795374,-160.81459052181984,-810.4516230263049,-1000.0,0.0,0.0,0.0,0.0,0.0,0.0,0.0,0.0,0.0,0.0,0.0,0.0,0.0,0.0,0.0,0.0,0.0,887.6977029792663,0.0,937.0003786459973,0.0,0.0,446.9332982613962,953.8657886884522,0.0,0.0,-544.8591858658297,0.0,0.0,0.0,0.0,991.0426332795125,0.0,0.0,21.574211202359322,0.0,491.40297896795374,122.0462036883066,0.0,0.0,0.0,0.0,-1000.0,1000.0,-2.9857889068291836,-5.971577813658367,0.0,0.0,-482.4456122474662,-282.76675516943226,157.06107371974122,35.829466881950204,0.0,0.0,0.0,0.0,0.0,0.0,0.0,-193.7665049372369,193.7665049372369,193.7665049372369,-31.876877338643112,0.0,0.0,-254.89074809074566,0.0,0.0,0.0,0.0,0.0,-87.18498091363819,0.0,0.0,222.44051567902798,0.0,0.0,0.0,0.0,-660.14435779671,0.23886311254682369,0.0,0.0,0.0,0.0,0.0,0.0,0.0,0.0,0.0,0.0,0.0,0.0,0.0,0.0,0.0,0.0,0.0,0.0,0.0,0.13137471190020733,0.13137471190020733,0.0,0.0,0.0,71.65893376390041,0.0,0.0,0.0,1000.0,0.0,0.0,84.88396165939977,0.0,0.0,1000.0,-1000.0,0.0,0.0,757.6421788406947,0.0,0.0,222.44051567902798,0.0,0.0,0.0,0.0,0.0,0.0,0.0,177.86987593505103,725.4715963206257,145.55726654760178,0.0,94.08019149243373,0.0,623.5656559563329,0.0,0.0,0.0,757.6465414739878,0.0,0.0,339.8556422032901,-31.25000000000003,31.25000000000003,193.7665049372369,0.0,0.0,0.0,0.0,0.0,0.0,0.0,0.0,0.0,0.0,0.0,0.0,0.0,71.65893376390041,123.87701347508312,123.87701347508312,0.0,0.0,0.0,0.0,0.0,0.0,0.0,0.0,0.0,0.0,1.1943155627316735,0.0,0.0,84.88396165939977,-84.88396165939977,0.0,1000.0,0.0,0.0,35.829466881950204,-757.6421788406947,0.0,0.0,0.0,0.0,0.0,0.0,0.0,0.0,0.0,47.24562069416524,0.0,0.0,35.829466881950204,35.829466881950204,176.52718607077838,-1000.0,0.0,222.44051567902798,0.0,0.0,0.0,0.0,0.0,810.4516230263049,0.0,1000.0,0.11943155627316734,0.0,0.0,0.0,157.72643170961365,0.0,0.0,-623.5656559563329,0.0,0.0,0.0,0.0,0.0,0.0,18.64257373277017,0.0,0.0,0.0,0.0,0.0,0.0,0.0,0.11943155627316734,0.0,0.0,0.0,0.0,0.0,0.0,0.0,0.0,0.0,-97.92588760443343,0.0,0.0,0.0,49.302675666731034,-8.957366720487471,-5.971577813658367,0.0,0.0,0.0,0.0,0.0,0.0,0.0,0.0,0.0,0.0,0.0,0.0,123.87701347508312,0.0,0.0,0.0,-319.4129607140666,0.0,0.0,0.0,-0.11943155627316734,0.0,0.0,0.11943155627316734,0.0,0.11943155627316734,55.92772119831051,0.0,0.0,71.65893376390041,145.70649865326416,145.70649865326416,0.0,0.0,0.0,0.0,0.0,0.0,0.0,145.55726654760178,0.0,0.0,0.0,0.0,0.0,0.0,0.0,0.0,0.0,0.0,0.0,0.0,0.0,0.0,0.0,0.0,0.0,0.0,0.0,0.0,0.0,0.0,0.0,0.179147334409751,0.0,0.0,0.0,-35.829466881950204,0.0,0.0,0.0,0.0,0.0,0.0,5.971577813658367,0.0,0.0,0.0,0.0,-890.6562499999997,0.0,0.0,0.0,0.0,0.0,0.0,0.0,0.0,0.0,123.87701347508312,0.0,757.6421788406947,-25.265379742972346,-193.7665049372369,0.0,-808.5438693950758,-364.58841508765147,0.0,-446.9332982613962,0.0,446.9332982613962,0.0,-1000.0,0.0,5.971577813658367,432.2907779965414,0.0,0.0,0.0,-256.95290423243773,0.0,0.0,0.0,0.0,0.0,0.0,0.0,0.0,0.0,8.957366720487471,-26.87210016146249,145.70649865326416,0.0,0.0,0.0,0.0,0.0,0.0,0.0,0.0,0.0,450.7789943733959,0.0,0.0,0.0,-157.72643170961365,0.0,0.0,35.829466881950204,84.88396165939977,0.0,0.0,0.0,-287.41161014042274,0.0,0.0,0.13137471190020733,0.0,0.0,0.0,72.85324932663208,0.0,0.0,0.0,0.0,-478.7576243671579,0.0,339.8556422032901,0.0,0.0,0.0,0.0,0.0,0.0,-42.74825477955224,0.0,0.011943155627316848,0.011943155627316848,0.0,0.0,0.0,0.0,0.0,55.92772119831051,0.0,0.0,0.0,0.0,0.0,0.0,0.0,0.0,0.0,0.0,0.0,0.0,0.0,0.0,0.0,0.0,0.0,116.2128033514856,0.0,0.0,0.0,169.76792331879955,1000.0,-189.21280658977855,1000.0,0.0,0.0,0.0,71.65893376390041,0.0,0.0,0.0,0.0,0.0,-71.65893376390041,0.0,0.0,169.76792331879955,0.0,0.0,0.0,0.0,0.0,0.0,0.0,0.0,0.0,0.0,-1000.0,-1000.0,81.81061604711962,0.0,-35.829466881950204,0.0,-49.780401891824674,0.0,0.0,0.0,0.0,0.0,0.0,0.0,0.0,0.0,0.0,0.0,0.0,0.0,0.0,0.0,0.0,0.0,-14.928944534145838,123.87701347508312,-1000.0,17.914733440974942,0.0,0.0,0.0,0.0,0.0,124.43480084078834,-125.92769529420293,87.18498091363819,0.0,0.0,0.0,0.0,0.0,0.0,0.0,1000.0,35.829466881950204,35.829466881950204,0.0,0.0,0.0,0.0,0.0,0.13137471190020733,0.0,0.0,0.0,-6.147319306485834,0.0,0.0,0.0,0.0,0.0,0.0,0.0,0.0,0.0,0.0,0.0,0.0,0.0,0.0,27.963860599155254,0.0,0.0,0.0,0.0,125.40313408682572,94.08019149243373,0.0,0.0,0.0,0.0,0.0,0.0,0.0,440.96172044773783,0.0,0.0,0.0,-14.928944534145838,0.0,0.0,0.0,0.0,0.0,0.0,0.0,0.0,0.0,0.0,0.0,0.0,0.0,0.0,0.0,0.0,0.0,0.0,-0.11943155627316734,0.0,0.0,5.971577813658367,-1000.0,0.0,0.0,0.0,0.0,123.87701347508312,0.0,0.0,0.0,10.28305699511943,2.9857889068291836,0.0,0.0,0.0,0.11943155627316734,0.0,119.43155627316735,-37.02378244468188,23.88631125463347,0.8530825448083382,333.2140420021369,-0.0895736672048755,978.4257887976407,2.388631125463347,55.3305634169437,-333.2140420021369,35.829466881950204,-0.11943155627316734,121.52947169588383,222.44051567902798,0.029857889068291836,0.8530825448083382,-364.58841508765147,-103.89746541809177,-2.388631125463347,-409.12303653993604,-0.11943155627316734,0.029857889068291836,-333.2140420021369,11.943155627316735,0.11943155627316734,0.11943155627316734,0.2508062681733747,-84.7525869474993,0.0,-0.0895736672048755,35.829466881950204,0.11943155627316734,35.829466881950204,-59.71577813658367,-0.05971577813658367,-52.571574920717836,-12.062587183589901,-0.0895736672048755,-0.11943155627316734,-37.02378244468188,0.11943155627316734,11.943155627316735,-2.388631125463347,0.0,0.0,-11.943155627316735,409.12303653993604,0.0,23.88631125463347,0.179147334409751,-533.2434789223125,11.943155627316735,-177.86987593505103,222.44051567902798,-23.88631125463347,0.05971577813658367,1.1943155627316735,60.76473584794191,-169.88019368260342,-0.11943155627316734,-26.87210016146249,-0.2508062681733747,37.02378244468188,0.11943155627316734,103.89746541809177,79.12264815122705,222.44051567902798,-0.11943155627316734,-0.029857889068291836,-222.44051567902798,-0.11943155627316734,-1000.0,0.11943155627312776,-0.029857889068291836,-0.029857889068291836,-0.029857889068291836,47.77262250926694,59.71577813658367,1.1943155627316735,201.4134271969187,-0.029857889068291836,0.0,5.971577813658367,336.0437567120133,0.11943155627316734,0.05971577813658367,0.05971577813658367,61.22490672928916,37.02378244468188,0.11943155627316734,-37.02378244468188,1.1943155627316735,0.11943155627316734,-427.27257308298414,0.11943155627316734,0.47772622509359053,-55.3305634169437,0.05971577813658367,0.029857889068291836,35.829466881950204,-0.11943155627316734,0.0,1.1943155627316735,-402.8268543938374,975.4399998908116,-11.943155627316735,23.88631125463347,5.971577813658367,-0.11943155627316734,364.58841508765147,0.179147334409751,-0.11943155627316734,-122.44981345857832,37.02378244468188,594.7727754642672,0.05971577813658367,-672.0875134240266,-0.11943155627316734,-0.11943155627312776,-0.11943155627316734,0.05971577813658367,333.2140420021369,-23.88631125463347,0.11943155627316734,121.52947169588381,-0.029857889068291836,84.7525869474993,-121.52947169588381,17.914733440975102,12.062587183589901,337.3037235815824,333.2140420021369,-0.0895736672048755,26.87210016146249,169.88019368260342,0.11943155627316734,-0.029857889068291833,5.971577813658367,119.43155627316735,-0.05971577813658367,-0.11943155627316734,0.029857889068291836,0.0,0.0,533.1837631441759,225.85914588606545,-765.4103475550475,0.0,-314.5848487790952,-436.26032485988134,0.0,-242.25001845649024,372.5789811716611,930.2148246880441,0.0,121.12500922824512,382.7051737775237,-186.28949058583055,0.0,218.13016242994067,0.0,-307.36116532384443,0.0,-930.2148246880441,-307.36116532384443,314.5848487790952,-202.8253262788195,0.0,1496.5981,bhi
265,0.0,0.0,0.0,0.0,0.0,0.0,0.0,0.0,-0.07354506140213901,0.0,0.0,0.0,0.0,0.0,0.0,0.0,327.279240671145,-549.392387913696,0.0,628.3719052336633,0.0,0.0,0.0,60.79330177573411,0.0,0.0,0.0,0.0,0.0,608.0120275431381,0.0,0.0,0.0,0.0,0.0,0.0,0.0,420.4365948439485,0.0,-1000.0,1000.0,0.0,0.0,0.0,0.0,0.0,0.0,0.0,-1000.0,0.0,0.0,0.0,0.0,0.0808995675425563,0.0,0.0,0.0,0.0,0.0,0.0,-85.26173869793811,0.0,752.6231259642267,667.3613872662886,0.0,0.0,0.0,0.0,0.0,434.9060362210859,0.0,0.7354506140213902,0.0,0.0,0.0,0.0,0.0,0.0,0.0,0.0,0.0,0.0,0.0,0.0,44.12703684128341,0.0,0.0,1000.0,280.1046700889844,0.0,-0.018386265350534753,0.0,0.0,513.0722304136939,22.063518420641707,0.0,22.063518420641707,0.0,0.0,0.0,0.0,3.6772530701069504,608.0120275431381,0.0,0.0,0.0,0.0,0.0,0.0,0.0,0.0,0.0,0.0,0.0,0.0,0.0,0.0,0.0,0.0,0.0,0.0,0.0,0.0,0.0,-222.9360302535339,0.0,0.0,22.063518420641707,0.0,22.7989690346631,22.7989690346631,0.0,0.0,0.0,0.0,0.0,0.0,0.0,0.0,0.0,0.0,0.0,0.0,0.0,0.0,5.6629697279647,0.07354506140213901,0.0,0.0,0.0,0.0,-622.5124058289291,0.0,0.0,0.0,0.0,136.6231773605708,0.0,0.0,0.0,0.0,0.0,-383.8920243880126,-383.8920243880126,0.0,0.0,0.0,0.0,0.0,0.0,0.0,-383.8184793266105,0.0,0.0,0.0,-242.3185817157804,0.0,0.0,0.0,0.0,0.0,0.0,0.0,0.0,0.0,0.0,0.0,0.0,0.0,0.0,0.0,-1000.0,0.0,0.0,0.0,0.0,0.0,0.0,0.0,-280.1046700889844,280.1046700889844,0.0,0.0,0.0,0.0,0.0,0.0,0.0,0.0,-9.193132675267378,0.0,0.0,0.0,0.0,0.0,0.0,0.0,0.0,0.0,0.0,0.0,0.0,0.0,0.0,256.9207778937352,64.70873178571696,0.0,0.0,0.0,0.0,0.0,0.0,0.0,0.0,0.0,-85.26173869793811,64.70873178571702,0.0,0.0,0.0,0.0,0.0,0.0,0.0,0.0,2.3681509771490075,14.709012280427803,0.0,0.0,0.0,560.2093401779688,-280.1046700889844,0.0,-64.70873178571696,0.0,0.0,0.0,916.9960896808199,0.0,0.0,0.0,130.46140656998642,0.0,0.0,-1000.0,0.0,0.0,-1000.0,0.0,0.0,0.0,0.0,-201.12515276901718,0.0,0.0,250.78865938129408,0.0,0.0,0.0,0.0,0.0,0.0,0.0,49.99185706479261,0.0,0.0,0.0,0.0,0.0,0.0,-85.26173869793811,-0.11031759210320852,0.0,0.0,0.0,0.0,0.07354506140213901,0.0,0.0,0.0,975.5683306022094,327.279240671145,0.0,0.0,653.2253071360182,0.0,999.2284823706382,0.0,0.0,0.0,0.0,0.0,0.0,0.0,-6.332229786724372,0.0,6.332229786724372,-1000.0,-1000.0,0.0,0.0,0.0,0.0,0.0,0.0,0.0,0.0,0.0,0.0,0.0,0.0,0.0,0.0,0.0,0.0,0.0,-933.8011412174965,0.0,-1000.0,0.0,0.0,0.0,0.0,0.0,0.0,-8.031120705113707,0.0,0.0,0.0,0.0,0.0,443.4199867716961,0.0,-323.4198764312889,0.0,-443.4199867716961,0.0,822.8455142617661,0.0,-105.36065496470457,0.0,319.742623361182,0.0,-1.8386265350534754,-826.5227673318731,-693.6522712460916,0.0,0.0,419.6945597474158,399.5432583489686,22.063518420641707,0.0,0.0,0.0,0.0,0.0,0.0,0.0,0.0,0.0,0.0,668.0078644778481,0.0,12.44151203927305,-433.9574265142073,0.0,0.0,0.0,0.0,0.0,-170.52347739587623,0.0,0.0,22.835036050003556,0.0,0.0,0.0,0.0,-387.65514635583554,0.14709012280439993,0.0,0.0,0.0,0.0,0.0,0.0,0.0,0.0,0.0,434.9060362210859,0.0,0.0,0.0,0.0,0.0,0.0,0.0,0.0,0.0,0.0808995675425563,0.0808995675425563,0.0,321.3190405115828,0.0,44.12703684128341,0.0,0.0,0.0,1000.0,0.0,0.0,0.0,0.0,0.0,1000.0,-1000.0,0.0,0.0,522.2653630889613,0.0,0.0,22.835036050003556,0.0,0.0,0.0,0.0,0.0,0.0,0.0,74.3120100845113,-975.5683306022094,622.5124058289291,0.0,5.6629697279647,0.0,513.0722304136939,0.0,0.0,0.0,-536.3049706638988,0.0,612.3448536441645,0.0,0.0,0.0,0.0,0.0,0.0,0.0,0.0,0.0,0.0,0.0,0.0,0.0,0.0,0.0,0.0,0.0,44.12703684128341,0.0,0.0,0.0,0.0,0.0,0.0,0.0,0.0,0.0,0.0,0.0,0.0,0.7354506140213902,0.0,0.0,0.0,0.0,0.0,0.0,0.0,0.0,22.063518420641707,-522.2653630889613,0.0,0.0,0.0,0.0,0.0,0.0,0.0,0.0,0.0,1000.0,-852.0102892638719,0.0,22.063518420641707,22.063518420641707,1000.0,-1000.0,0.0,22.835036050003556,0.0,0.0,0.0,0.0,0.0,-478.04914516383917,0.0,-253.0593221592453,0.07354506140213901,0.0,0.0,0.0,5.930883880215353,0.0,0.0,-513.0722304136939,0.0,0.0,0.0,0.0,0.0,0.0,118.17730543568452,0.0,0.0,0.0,0.0,0.0,0.0,0.0,0.07354506140213901,0.0,0.0,0.0,0.0,0.0,0.0,0.0,0.0,0.0,-8.031120705113707,0.0,0.0,0.0,-66.19885878250354,-5.515879605160427,-3.677253070106951,0.0,0.0,0.0,0.0,0.0,0.0,0.0,0.0,0.0,0.0,0.0,0.0,0.0,0.0,0.0,0.0,403.22051141907554,0.0,0.0,0.0,-0.07354506140213901,0.0,0.0,0.07354506140213901,0.0,0.07354506140213901,354.53191630705356,0.0,0.0,44.12703684128341,89.7249749106096,89.7249749106096,0.0,0.0,0.0,0.0,0.0,0.0,0.0,622.5124058289291,0.0,0.0,0.0,0.0,0.0,0.0,0.0,0.0,0.0,0.0,0.0,0.0,0.0,0.0,0.0,0.0,0.0,0.0,0.0,0.0,0.0,0.0,0.0,0.11031759210320852,0.0,0.0,0.0,-22.063518420641707,0.0,0.0,0.0,0.0,0.0,-321.3190405115828,3.6772530701069504,0.0,0.0,0.0,0.0,0.0,-3.677253070106951,0.0,0.0,0.0,0.0,0.0,0.0,0.0,0.0,0.0,0.0,522.2653630889613,170.82474678613164,321.3190405115828,0.0,1000.0,0.0,0.0,-3.677253070106951,0.0,3.677253070106951,0.0,827.2711147702103,0.0,3.677253070106951,550.3845208494353,0.0,0.0,0.0,-170.52347739587623,343.75000000000034,-343.75000000000034,0.0,0.0,0.0,0.0,0.0,0.0,0.0,-11.031759210320878,0.0,89.7249749106096,0.0,785.4493023757159,785.4493023757159,-785.4493023757159,0.0,0.0,0.0,0.0,0.0,2.3681509771490075,0.0,0.0,337.8666793270641,-440.83692010130125,0.0,0.0,22.063518420641707,0.0,0.0,0.0,0.0,-307.9618786670127,0.0,0.0,0.0808995675425563,0.0,0.0,0.0,44.8624874553048,0.0,0.0,0.0,0.0,256.9207778937352,0.0,0.0,0.0,0.0,0.0,0.0,0.0,0.0,0.0,0.0,0.0073545061402139015,0.0073545061402139015,0.0,0.0,0.0,0.0,0.0,354.53191630705356,0.0,0.0,0.0,0.0,0.0,0.0,0.0,0.0,0.0,321.3190405115828,0.0,0.0,0.0,0.0,0.0,0.0,0.0,0.0,0.0,0.0,0.0,0.0,-918.1947661930637,1000.0,-549.392387913696,0.0,0.0,0.0,44.12703684128341,0.0,0.0,0.0,0.0,0.0,-44.12703684128341,0.0,0.0,0.0,0.0,0.0,0.0,0.0,0.0,0.0,0.0,0.0,0.0,0.0,253.0593221592453,-870.0371176207011,50.37836706046524,-22.063518420641707,0.0,0.0,65.90467853689495,0.0,0.0,0.0,0.0,0.0,0.0,0.0,0.0,0.0,0.0,0.0,0.0,0.0,0.0,0.0,0.0,0.0,-9.193132675267378,0.0,-5.515879605160427,-5.515879605160425,0.0,0.0,0.0,0.0,0.0,0.0,-0.9193132675267378,170.52347739587623,0.0,0.0,0.0,0.0,0.0,0.0,0.0,1000.0,22.063518420641707,22.063518420641707,0.0,0.0,0.0,0.0,0.0,0.0808995675425563,321.3190405115828,0.0,0.0,-420.4365948439485,0.0,0.0,0.0,0.0,0.0,0.0,0.0,0.0,0.0,0.0,0.0,0.0,0.0,0.0,177.26595815352678,0.0,0.0,22.7989690346631,0.0,77.22231447224597,5.6629697279647,0.0,0.0,0.0,0.0,0.0,321.3190405115828,0.0,0.0,0.0,0.0,0.0,-9.193132675267378,0.0,0.0,0.0,0.0,0.0,0.0,0.0,0.0,0.0,0.0,0.0,0.0,0.0,0.0,0.0,0.0,0.0,0.0,-0.07354506140213901,0.0,0.0,3.6772530701069504,-1000.0,0.0,0.0,0.0,0.0,0.0,0.0,0.0,0.0,6.332229786724372,1.8386265350534754,0.0,0.0,0.0,0.07354506140213901,0.0,73.54506140213901,0.0,14.709012280427805,0.5253218671581358,250.78865938129408,-0.05515879605160426,3.6772530701069286,1.4709012280427805,354.1641910000429,-250.78865938129408,22.063518420641707,-0.07354506140213901,0.0,22.835036050003556,0.018386265350534753,0.5253218671581358,0.0,-11.708373775220657,-1.4709012280427805,-406.25875799111225,-0.07354506140213901,0.018386265350534753,-250.78865938129408,7.354506140213902,0.07354506140213901,0.07354506140213901,-321.16459588263814,0.08089956754235292,-387.65514635583554,-0.05515879605160426,22.063518420641707,0.07354506140213901,22.063518420641707,-36.77253070106951,-0.036772530701069506,251.03196899526475,-7.42805120161604,-0.05515879605160426,-0.07354506140213901,0.0,0.07354506140213901,7.354506140213902,-1.4709012280427805,0.0,0.0,-7.354506140213902,406.25875799111225,0.0,14.709012280427803,0.11031759210320852,-1000.0,7.354506140213902,-74.3120100845113,22.835036050003556,-14.709012280427803,0.036772530701069506,0.7354506140213902,0.0,336.0280527920106,-0.07354506140213901,-337.8666793270641,321.16459588263814,22.7989690346631,0.07354506140213901,11.708373775220657,-65.41903763256335,22.835036050003556,-0.07354506140213901,-0.018386265350534753,-22.835036050003556,-0.07354506140213901,-387.65514635583554,0.07354506140213901,-0.018386265350534753,-0.018386265350534753,-0.018386265350534753,29.418024560855606,36.77253070106951,0.7354506140213902,218.0721589058303,-0.018386265350534753,0.0,3.677253070106951,197.50482624802473,0.07354506140213901,0.036772530701069506,0.036772530701069506,18.77202416521568,0.0,0.07354506140213901,0.0,0.7354506140213902,0.07354506140213901,-545.241081984872,0.07354506140213901,0.2941802456085725,-354.1641910000429,0.036772530701069506,0.018386265350534753,22.063518420641707,-0.07354506140213901,387.65514635583554,0.7354506140213902,-436.1443178116606,1.8386265350534927,-7.354506140213902,14.709012280427803,3.677253070106951,-0.07354506140213901,0.0,0.11031759210320852,-0.07354506140213901,-37.54404833043136,0.0,399.0583399934336,0.036772530701069506,-395.00965249604945,-0.07354506140213901,-0.07354506140213901,-0.07354506140213901,0.036772530701069506,250.78865938129408,-14.709012280427803,0.07354506140213901,0.0,-0.018386265350534753,-0.08089956754235292,0.0,11.031759210320851,7.42805120161604,501.8314961609209,250.78865938129408,-0.05515879605160426,337.8666793270641,-336.0280527920106,0.07354506140213901,-0.018386265350534753,3.677253070106951,73.54506140213901,-0.036772530701069506,-0.07354506140213901,0.018386265350534753,1000.0,0.0,999.9632274692989,327.16892307904175,14.509475192896101,0.0,356.7611302612067,-1.625345856987476,0.0,1000.0,-682.7168767582759,-392.1966064514987,0.0,-500.0,-7.2547375964480505,341.35843837913797,0.0,0.812672928493738,-321.3190405115828,-91.09646132642091,0.0,392.1966064514987,-91.09646132642091,-356.7611302612067,207.41283087677806,0.0,1496.5981,bhi
266,0.0,0.0,0.0,0.0,0.0,0.0,0.0,0.0,-0.06747936948217721,0.0,0.0,0.0,0.0,0.0,0.0,0.0,33.606447158682414,441.2836471125766,0.0,0.0,0.0,0.0,0.0,246.5125701240314,0.0,0.0,0.0,0.0,0.0,-1000.0,0.0,0.0,0.0,0.0,0.0,0.0,0.0,1000.0,0.0,-949.3391097278876,1000.0,0.0,0.0,0.0,0.0,0.0,0.0,0.0,-18.123343498856684,0.0,0.0,0.0,0.0,0.07422730643046167,0.0,0.0,0.0,0.0,0.0,0.0,1.9874896980589938,0.0,280.7554759802578,0.0,0.0,0.0,0.0,0.0,275.7880303661236,475.8409677691061,0.0,0.6747936948217721,0.0,0.0,0.0,0.0,0.0,0.0,0.0,0.0,0.0,0.0,0.0,0.0,40.48762168930633,0.0,78.9914635427089,65.86029300893836,1000.0,-606.4533023975051,838.5966291014495,0.0,0.0,-651.8805899919805,20.243810844653165,0.0,20.243810844653165,0.0,0.0,0.0,0.0,3.3739684741088602,-1000.0,0.0,0.0,0.0,0.0,559.7187990523786,0.0,0.0,0.0,0.0,0.0,0.0,0.0,0.0,0.0,0.0,0.0,0.0,0.0,0.0,0.0,0.0,-833.7177314793064,0.0,0.0,20.243810844653165,0.0,20.91860453947494,0.0,0.0,360.01267820131244,0.0,-360.01267820131244,360.01267820131244,-282.7429656783168,777.8600927124697,-777.8600927124697,0.0,0.0,0.0,0.0,0.0,0.0,84.18737499283654,0.06747936948217721,838.61349894382,0.0,0.0,34.185951602950034,-34.185951602950034,0.0,0.0,0.0,0.0,404.1758062057404,0.0,0.0,0.0,0.0,0.0,415.88051027834763,415.88051027834763,0.0,0.0,0.0,109.34375,0.0,0.0,0.0,415.9479896478298,0.0,0.0,0.0,-658.4001222031033,-1000.0,0.0,0.0,0.0,0.0,0.0,0.0,0.0,0.0,0.0,-343.59044008461376,0.0,0.0,0.0,0.0,-482.725184910647,0.0,0.0,0.0,0.0,0.0,0.0,0.0,-393.5466976024949,393.5466976024949,0.0,0.0,0.0,0.0,0.0,0.0,0.0,0.0,-1000.0,0.0,0.0,0.0,0.0,0.0,0.0,0.0,0.0,0.0,0.0,0.0,0.0,0.0,0.0,-973.0082522071291,984.5168963401743,0.0,0.0,0.0,282.7429656783168,0.0,0.0,0.0,0.0,0.0,1.9874896980589938,984.5168963401743,0.0,0.0,0.0,0.0,0.0,0.0,0.0,0.0,293.43119555348994,13.495873896435441,0.0,0.0,-1000.0,393.5466976024949,-345.8097480924132,0.0,-984.5168963401743,0.0,0.0,282.7429656783168,-350.39348610133004,0.0,0.0,0.0,-127.72364980412617,0.0,0.0,0.0,0.0,0.0,0.0,0.0,0.0,606.4533023975051,0.0,0.0,0.0,0.0,188.26744085527446,0.0,0.0,0.0,-1000.0,0.0,1000.0,0.0,178.83864028073876,0.0,282.7429656783168,0.0,109.34375,0.0,0.0,1.9874896980589938,-0.10121905422326581,0.0,0.0,0.0,0.0,0.06747936948217721,0.0,0.0,0.0,169.05017851250383,33.606447158682414,0.0,0.0,184.91843490730264,1000.0,799.5339658408656,0.0,0.0,0.0,0.0,0.0,0.0,0.0,693.391557448229,-275.7880303661236,-417.6035270821054,623.0616871745858,-1000.0,0.0,0.0,0.0,0.0,0.0,0.0,0.0,0.0,0.0,0.0,0.0,0.0,0.0,0.0,0.0,0.0,0.0,-32.697167330303735,0.0,-1000.0,0.0,0.0,291.25835985616357,0.0,0.0,0.0,344.5634278493045,0.0,0.0,0.0,0.0,0.0,0.0,0.0,0.0,208.61141321067174,0.0,0.0,0.0,-1000.0,627.5410249137093,0.0,-3.3739684741088607,0.0,-210.29839744772616,-3.3739684741088602,-41.659499801225024,0.0,142.2814766151809,-53.19661520468014,0.0,20.243810844653165,0.0,0.0,0.0,739.5747861596427,0.0,0.0,0.0,0.0,0.0,0.0,-384.75583328834165,0.0,0.0,0.0,0.0,0.0,0.0,0.0,0.0,-120.78505919678109,0.0,-781.249999999999,220.70984500378756,0.0,0.0,0.0,0.0,-993.2520630517823,0.13495873896439947,0.0,0.0,0.0,0.0,0.0,0.0,0.0,0.0,0.0,0.0,0.0,0.0,0.0,0.0,0.0,0.0,0.0,0.0,0.0,0.07422730643046167,0.07422730643046167,0.0,205.92120647498206,0.0,40.48762168930633,0.0,0.0,0.0,1000.0,0.0,0.0,78.9914635427089,0.0,0.0,1000.0,-1000.0,0.0,0.0,0.0,0.0,0.0,220.70984500378756,0.0,0.0,0.0,0.0,0.0,0.0,0.0,277.9059104931021,-169.05017851250383,0.0,0.0,84.18737499283654,0.0,0.0,-651.8805899919805,-651.8805899919805,0.0,857.142632497659,0.0,0.0,6.7479369482177205,0.0,0.0,0.0,0.0,0.0,0.0,0.0,0.0,0.0,0.0,0.0,0.0,0.0,0.0,0.0,0.0,40.48762168930633,282.7429656783168,282.7429656783168,0.0,0.0,0.0,0.0,0.0,0.0,0.0,0.0,0.0,0.0,0.6747936948217721,0.0,0.0,78.9914635427089,-78.9914635427089,0.0,0.0,0.0,0.0,20.243810844653165,0.0,0.0,0.0,0.0,0.0,0.0,0.0,0.0,0.0,0.0,0.0,-785.8035349795392,0.0,20.24381084465316,20.243810844653165,741.0905000196323,-1000.0,0.0,220.70984500378756,0.0,0.0,0.0,0.0,0.0,-623.0616871745858,0.0,-461.5274604436999,0.06747936948217721,0.0,0.0,-474.7621291246944,563.8782764358355,348.1194100080195,0.0,651.8805899919805,0.0,0.0,0.0,0.0,0.0,0.0,10.989028269410845,0.0,0.0,0.0,0.0,0.0,0.0,0.0,0.06747936948217721,0.0,0.0,0.0,0.0,0.0,0.0,0.0,0.0,0.0,0.0,635.8217877054681,0.0,0.0,-967.3028326696963,-5.060952711163291,-3.3739684741088634,0.0,0.0,-890.6249999999999,-890.625,890.6249999999999,0.0,0.0,0.0,0.0,0.0,0.0,0.0,282.7429656783168,1000.0,0.0,0.0,145.65544508928977,0.0,0.0,0.0,-0.06747936948217721,0.0,0.0,0.06747936948217721,0.0,0.06747936948217721,32.967084808232535,751.6289981352297,0.0,40.48762168930633,82.3248307682562,82.3248307682562,0.0,0.0,0.0,0.0,0.0,0.0,0.0,0.0,0.0,0.0,0.0,0.0,0.0,699.2015311606444,0.0,0.0,0.0,0.0,0.0,0.0,0.0,0.0,0.0,0.0,0.0,0.0,0.0,0.0,0.0,0.0,0.0,0.10121905422326581,0.0,0.0,0.0,-20.243810844653165,0.0,0.0,0.0,0.0,0.0,-205.92120647498206,3.3739684741088602,0.0,0.0,0.0,-109.34375,0.0,0.0,0.0,0.0,-781.249999999999,0.0,0.0,0.0,0.0,0.0,282.7429656783168,0.0,0.0,-558.8354694962513,205.92120647498206,0.0,-250.4745787950956,348.1194100080195,0.0,344.5634278493045,0.0,-344.5634278493045,0.0,-432.71831686958626,0.0,3.3739684741088634,647.7541907584502,0.0,0.0,0.0,-278.7679862821989,281.2500000000003,-281.2500000000003,489.02135188524574,-489.02135188524574,0.0,-722.181998395631,0.0,0.0,0.0,554.5725992707592,-221.10406460847207,82.3248307682562,0.0,0.0,0.0,0.0,0.0,0.0,0.0,0.0,0.0,293.43119555348994,0.0,0.0,0.0,-89.11614731114105,0.0,0.0,20.243810844653165,78.9914635427089,0.0,0.0,0.0,-469.47760649417927,0.0,0.0,0.07422730643046167,0.0,0.0,0.0,41.1624153841281,0.0,0.0,0.0,0.0,-973.0082522071291,0.0,0.0,0.0,0.0,0.0,0.0,0.0,0.0,-636.4974234001289,0.0,0.006747936948217721,0.006747936948217721,0.0,0.0,0.0,0.0,0.0,32.967084808232535,0.0,0.0,0.0,-474.7621291246944,0.0,0.0,0.0,0.0,0.0,205.92120647498206,0.0,0.0,0.0,0.0,0.0,0.0,0.0,0.0,0.0,0.0,0.0,157.9829270854178,-124.28304259427728,173.37259341278536,441.2836471125766,0.0,0.0,0.0,40.48762168930633,0.0,0.0,0.0,0.0,0.0,-40.48762168930633,0.0,0.0,157.9829270854178,0.0,0.0,0.0,0.0,0.0,0.0,0.0,0.0,0.0,0.0,461.5274604436999,-1000.0,745.4248992559359,-20.243810844653165,0.0,0.0,967.0329151917674,0.0,0.0,0.0,0.0,0.0,0.0,0.0,0.0,0.0,515.625,0.0,-515.625,-515.625,0.0,0.0,0.0,0.0,-8.434921185272154,282.7429656783168,-5.060952711163291,915.2446430579533,0.0,0.0,0.0,0.0,0.0,0.0,-0.8434921185272152,120.78505919678109,0.0,0.0,0.0,0.0,0.0,0.0,0.0,1000.0,20.243810844653165,20.24381084465316,0.0,0.0,0.0,0.0,0.0,0.07422730643046167,205.92120647498206,0.0,0.0,-1000.0,0.0,0.0,0.0,0.0,0.0,0.0,0.0,0.0,0.0,0.0,0.0,0.0,0.0,0.0,392.29804147173115,0.0,0.0,0.0,0.0,70.85333795628608,0.0,0.0,84.18737499283654,0.0,0.0,0.0,205.92120647498206,0.0,287.88439138205473,0.0,0.0,0.0,-8.434921185272154,0.0,0.0,0.0,0.0,0.0,0.0,0.0,0.0,0.0,0.0,0.0,0.0,0.0,0.0,0.0,0.0,0.0,0.0,-0.06747936948217721,0.0,0.0,3.3739684741088602,-1000.0,0.0,0.0,0.0,0.0,282.7429656783168,0.0,0.0,0.0,-693.391557448229,1.6869842370544301,0.0,0.0,0.0,0.06747936948217721,0.0,67.4793694821772,-20.918604539474938,13.495873896435441,0.48199549630126576,188.26744085527446,-0.050609527111632906,3.3739684741088607,1.3495873896435442,32.62968796082157,-188.26744085527446,20.24381084465316,-0.06747936948217721,0.0,220.70984500378756,0.016869842370544303,0.48199549630126576,0.0,-89.73417916427178,-1.3495873896435442,-474.89009427125904,-0.06747936948217721,0.016869842370544303,-188.26744085527446,565.7815074014409,0.06747936948217721,0.06747936948217721,-205.7794997990694,-78.9172362362785,-645.1326530437628,-0.050609527111632906,20.24381084465316,0.06747936948217721,20.243810844653165,-33.7396847410886,-0.033739684741088606,240.95684683802241,-6.815416317699897,-0.050609527111632906,-0.06747936948217721,-20.918604539474938,0.06747936948217721,6.7479369482177205,-1.3495873896435442,0.0,0.0,-6.747936948217671,474.89009427125904,0.0,13.495873896435441,0.10121905422326581,-701.6282614486677,6.7479369482177205,-277.9059104931021,220.70984500378756,-13.495873896435441,0.033739684741088606,0.6747936948217721,0.0,219.4170803714175,-0.06747936948217721,-221.10406460847207,205.7794997990694,20.91860453947494,0.06747936948217721,89.73417916427178,-419.29896882804786,220.70984500378756,-0.06747936948217721,-0.016869842370544303,-220.70984500378756,-0.06747936948217721,-993.2520630517823,0.06747936948217721,-0.016869842370544303,-0.016869842370544303,-0.016869842370544303,26.991747792870882,33.7396847410886,0.6747936948217721,263.5197407185856,-0.016869842370544303,0.0,3.3739684741088602,500.0,0.06747936948217721,0.033739684741088606,0.033739684741088606,-24.268623389046894,20.918604539474938,0.06747936948217721,-20.918604539474938,0.6747936948217721,0.06747936948217721,-690.5716664255395,0.06747936948217721,0.26991747792880005,-32.62968796082157,0.033739684741088606,0.016869842370544303,20.24381084465316,-0.06747936948217721,645.1326530437628,0.6747936948217721,-527.0394814371712,1.6869842370544306,-6.7479369482177205,13.495873896435441,3.3739684741088602,-0.06747936948217721,0.0,0.10121905422326581,-0.06747936948217721,48.53724677809379,20.918604539474938,631.2654289050469,0.033739684741088606,-1000.0,-0.06747936948217721,-0.06747936948217721,-0.06747936948217721,0.033739684741088606,188.26744085527446,-13.495873896435441,0.06747936948217721,0.0,-0.016869842370544303,78.9172362362785,0.0,10.12190542232658,6.815416317699897,305.47498615665705,188.26744085527446,-0.050609527111632906,221.10406460847207,-219.4170803714175,0.06747936948217721,-0.016869842370544307,3.3739684741088634,67.4793694821772,-0.033739684741088606,-0.06747936948217721,0.016869842370544303,522.5927556239892,0.0,701.5945217639265,427.05192570695397,1000.0,0.0,350.7144108279532,346.6281159424633,559.0335704532232,-833.7122002566575,-716.4342367757561,236.97870489866017,0.0,416.85610012832876,-500.0,358.21711838787803,-559.0335704532232,-173.31405797123165,-205.92120647498206,-161.78782241086756,0.0,-236.97870489866017,-161.78782241086756,-350.7144108279532,381.63272135389167,0.0,1496.5981,bhi
267,0.0,0.0,0.0,0.0,0.0,0.0,0.0,0.0,-0.08121251470430117,0.0,0.0,0.0,0.0,0.0,0.0,0.0,-256.9172435763255,27.66897430530196,0.0,0.0,0.0,0.0,0.0,0.0,0.0,0.0,0.0,0.0,0.0,-840.1640774651025,0.0,0.0,345.3904161320875,0.0,0.0,0.0,0.0,988.3920245649315,0.0,361.43476306997894,975.6362455887097,0.0,0.0,-79.5127432747953,0.0,0.0,0.0,0.0,513.834487152651,0.0,0.0,0.0,0.0,0.08933376617505928,0.0,0.0,0.0,16.242502940860234,0.0,0.0,-115.57775221870017,0.0,150.9164026733675,35.33865045466732,0.0,0.0,0.0,0.0,0.0,734.666016347035,0.0,0.8121251470430119,0.0,0.0,0.0,0.0,0.0,0.0,0.0,0.0,0.0,0.0,0.0,0.0,48.72750882258071,0.0,108.4256367570735,0.0,415.84029279414597,30.17812806932767,-0.020303128676075293,0.0,0.0,1000.0,24.363754411290355,0.0,24.363754411290355,-2.6150429734806053,0.0,0.0,0.0,489.4131988688883,-1000.0,0.0,0.0,0.0,420.38573316264575,430.17547012076864,0.0,0.0,0.0,0.0,0.0,0.0,0.0,0.0,0.0,0.0,0.0,0.0,0.0,0.0,0.0,0.0,-204.46040297914766,0.0,0.0,24.363754411290355,0.0,25.175879558333367,14.63052897096027,0.0,-594.8320799281528,594.8320799281528,0.0,0.0,-778.7640824608726,0.0,0.0,778.7640824608726,0.0,0.0,0.0,0.0,0.0,114.67900038930458,0.08121251470430117,0.0,0.0,0.0,-712.6272526496516,-396.24936998507417,0.0,0.0,0.0,0.0,848.8386293570344,0.0,0.0,0.0,0.0,0.0,-983.9533687360997,-983.9533687360997,0.0,0.0,0.0,0.0,889.9999687709504,0.0,0.0,-983.8721562213955,0.0,0.0,0.0,-930.2646785966023,0.0,0.0,0.0,0.0,0.0,0.0,0.0,0.0,0.0,0.0,-1000.0,0.0,0.0,0.0,0.0,-1000.0,0.0,0.0,0.0,0.0,0.0,0.0,0.0,486.165512847349,-486.165512847349,0.0,0.0,0.0,0.0,0.0,0.0,0.0,159.83592253489743,-10.151564338037646,0.0,0.0,0.0,0.0,0.0,0.0,0.0,0.0,0.0,0.0,0.0,0.0,0.0,0.0,338.27123260388584,583.246833888777,0.0,0.0,0.0,0.0,102.23020148957383,0.0,0.0,0.0,0.0,-115.57775221870017,662.7595771635723,0.0,0.0,0.0,0.0,0.0,0.0,0.0,0.0,0.0,0.0,0.0,0.0,-226.8609342790543,-297.1861543322573,1000.0,0.0,-583.246833888777,0.0,0.0,0.0,-900.9207320607526,0.0,0.0,0.0,-142.3156475862678,0.0,0.0,474.8119586934319,0.0,0.0,474.8119586934319,0.0,0.0,902.005805641495,0.0,0.0,0.0,0.0,153.61377247734703,0.0,0.0,0.0,355.25124945967906,0.0,-355.25124945967906,0.0,-675.942064759575,0.0,0.0,1000.0,0.0,0.0,0.0,-115.57775221870017,-0.12181877205645177,0.0,0.0,0.0,0.0,0.08121251470430117,0.0,0.0,0.0,873.4060440991358,-256.9172435763255,0.0,0.0,1000.0,0.0,1000.0,0.0,0.0,0.0,0.0,0.0,0.0,0.0,149.97904799098933,850.0209520090107,-1000.0,-1000.0,-1000.0,0.0,0.0,0.0,0.0,0.0,0.0,0.0,0.0,0.0,0.0,0.0,0.0,0.0,0.0,0.0,0.0,0.0,-11.283125376249561,0.0,-1000.0,0.0,0.0,0.0,0.0,0.0,0.0,-114.67900038930458,0.0,0.0,0.0,0.0,485.3525731336732,-850.0209520090107,0.0,0.0,101.62792188798421,0.0,-460.35902764823527,198.19733827815304,796.0311452317071,-62.355241788078615,0.0,-246.73691230205168,0.0,-103.65823475559175,-202.2579640133681,-1000.0,0.0,0.0,0.0,841.7138043241367,24.363754411290355,0.0,0.0,0.0,0.0,0.0,0.0,0.0,0.0,0.0,0.0,983.7574970591397,0.0,0.0,-633.3694267624496,0.0,0.0,159.83592253489743,0.0,0.0,-14.30423092325332,0.0,0.0,0.0,0.0,0.0,0.0,0.0,-374.5834112794846,0.1624250294096683,0.0,0.0,0.0,0.0,0.0,0.0,0.0,0.0,0.0,734.666016347035,0.0,0.0,0.0,0.0,0.0,0.0,0.0,0.0,0.0,0.08933376617505928,0.08933376617505928,0.0,398.2518790336249,0.0,48.72750882258071,0.0,0.0,0.0,-14.282573611038886,0.0,0.0,108.4256367570735,0.0,0.0,972.0750348336846,14.282573611038886,0.0,0.0,597.5356609148677,0.0,0.0,0.0,0.0,0.0,0.0,0.0,0.0,0.0,0.0,68.15346765971589,-873.4060440991358,688.4908894720802,0.0,114.67900038930458,0.0,0.0,1000.0,897.7697985104262,0.0,972.0750348336846,0.0,0.0,597.4916235542,-218.7500000000002,218.7500000000002,0.0,0.0,0.0,0.0,0.0,0.0,0.0,0.0,0.0,0.0,0.0,0.0,0.0,0.0,48.72750882258071,0.0,0.0,0.0,0.0,0.0,0.0,0.0,0.0,0.0,0.0,0.0,0.0,0.8121251470430119,0.0,0.0,108.4256367570735,-108.4256367570735,0.0,0.0,0.0,0.0,24.363754411290355,-597.5356609148677,0.0,0.0,0.0,0.0,0.0,0.0,0.0,0.0,0.0,-495.64119757285374,-807.2965210094197,0.0,24.363754411290355,24.363754411290355,1000.0,14.282573611038886,0.0,0.0,0.0,0.0,0.0,0.0,0.0,1000.0,159.83592253489743,983.4948814851741,0.08121251470430117,0.0,0.0,0.0,48.73061157100357,0.0,0.0,-1000.0,0.0,0.0,0.0,0.0,0.0,0.0,0.0,0.0,0.0,0.0,0.0,0.0,0.0,0.0,0.08121251470430117,0.0,0.0,0.0,-1000.0,1000.0,0.0,0.0,0.0,0.0,0.0,0.0,0.0,-114.67900038930458,-988.7168746237504,-6.090938602822588,-4.0606257352150585,0.0,0.0,0.0,0.0,0.0,0.0,0.0,0.0,0.0,0.0,0.0,0.0,0.0,0.0,0.0,0.0,845.7744300593517,0.0,0.0,0.0,-0.08121251470430117,0.0,0.0,0.08121251470430117,0.0,0.08121251470430117,0.0,0.0,0.0,48.72750882258071,99.07926793924744,99.07926793924744,0.0,0.0,0.0,0.0,0.0,0.0,0.0,688.4908894720802,0.0,159.83592253489743,0.0,0.0,0.0,156.97144550702998,0.0,0.0,0.0,0.0,0.0,0.0,0.0,0.0,0.0,0.0,0.0,0.0,0.0,102.23020148957383,0.0,0.0,0.0,0.12181877205645177,0.0,0.0,0.0,-24.363754411290355,0.0,0.0,0.0,0.0,0.0,-398.2518790336249,4.0606257352150585,0.0,0.0,0.0,0.0,-889.9999687709504,114.67900038930458,0.0,0.0,0.0,0.0,0.0,0.0,0.0,0.0,0.0,0.0,597.5356609148677,-1000.0,398.2518790336249,0.0,1000.0,0.0,0.0,0.0,114.67900038930458,-114.67900038930458,0.0,-1000.0,0.0,4.0606257352150585,546.6727456512687,0.0,0.0,0.0,-231.15550443740034,0.0,0.0,742.9989924818484,-742.9989924818484,0.0,0.0,0.0,0.0,0.0,1000.0,-12.18187720564515,99.07926793924744,0.0,0.0,0.0,0.0,0.0,0.0,0.0,0.0,0.0,0.0,0.0,0.0,404.3428176364475,-783.3966279180386,0.0,0.0,24.363754411290355,108.4256367570735,0.0,0.0,0.0,-153.10521928530454,0.0,0.0,0.08933376617505928,0.0,0.0,0.0,49.53963396962372,0.0,0.0,0.0,0.0,338.27123260388584,0.0,420.38573316264575,0.0,0.0,0.0,0.0,0.0,0.0,1000.0,0.0,722.6956829621058,0.008121251470430118,0.0,0.0,0.0,0.0,0.0,0.0,0.0,0.0,0.0,0.0,0.0,0.0,0.0,0.0,0.0,398.2518790336249,0.0,0.0,0.0,0.0,0.0,0.0,0.0,0.0,0.0,0.0,0.0,216.851273514147,0.0,0.0,27.66897430530196,0.0,0.0,0.0,48.72750882258072,0.0,0.0,0.0,0.0,0.0,951.2724911774193,-1000.0,0.0,216.851273514147,0.0,0.0,0.0,0.0,0.0,0.0,0.0,0.0,0.0,0.0,-983.4948814851741,-1000.0,212.60201807947624,0.0,-24.363754411290355,0.0,988.3920245649315,0.0,0.0,0.0,0.0,0.0,0.0,0.0,0.0,0.0,0.0,0.0,0.0,0.0,0.0,0.0,0.0,0.0,-10.151564338037646,0.0,-491.44351173649585,163.0623841098526,0.0,0.0,0.0,0.0,0.0,-1.0151564338037649,0.0,14.30423092325332,0.0,0.0,0.0,0.0,0.0,0.0,0.0,1000.0,24.363754411290355,24.363754411290355,0.0,0.0,0.0,0.0,0.0,0.08933376617505928,398.2518790336249,0.0,0.0,-988.3920245649315,722.6875617106354,0.0,0.0,0.0,0.0,0.0,0.0,0.0,0.0,0.0,0.0,0.0,0.0,0.0,0.0,0.0,0.0,14.63052897096027,0.0,85.27314043951624,0.0,0.0,114.67900038930458,0.0,0.0,0.0,398.2518790336249,0.0,-121.35466909800024,0.0,0.0,0.0,-10.151564338037646,0.0,0.0,0.0,0.0,0.0,0.0,0.0,0.0,0.0,0.0,0.0,0.0,0.0,0.0,0.0,0.0,0.0,0.0,-0.08121251470430117,0.0,0.0,4.0606257352150585,-972.0750348336846,0.0,0.0,0.0,0.0,0.0,0.0,0.0,0.0,-149.97904799098933,2.0303128676075293,0.0,0.0,0.0,0.08121251470430117,0.0,81.21251470430117,-10.545350587373107,16.242502940860238,0.5800893907450083,255.84397396692086,-0.06090938602822588,246.73691230205168,1.6242502940860235,-0.40606257352317243,-255.84397396692086,24.363754411290355,-0.08121251470430117,0.0,0.0,0.020303128676075293,0.5800893907450083,0.0,-121.35466909800024,-1.6242502940860235,229.24826927102356,-0.08121251470430117,0.020303128676075293,-255.84397396692086,720.6135791899543,0.08121251470430117,0.08121251470430117,-398.08133275274554,-108.33630299089873,-719.9738274115721,-0.06090938602822588,24.363754411290355,0.08121251470430117,24.363754411290355,-40.60625735215059,-0.040606257352150586,-128.86480194546232,-110.43266547470824,-0.060909386028225876,-0.08121251470430117,-10.545350587373107,0.08121251470430117,8.121251470430117,-1.6242502940860235,102.23020148957383,102.23020148957383,-8.121251470430138,-229.24826927102356,-102.23020148957383,16.242502940860234,0.12181877205645177,-1000.0,8.121251470430117,-68.15346765971589,0.0,-16.242502940860234,0.040606257352150586,0.8121251470430119,0.0,414.4943819744851,-0.08121251470430117,-416.52469484209263,398.08133275274554,25.175879558333367,0.08121251470430117,121.35466909800024,-809.9473453646855,0.0,-0.08121251470430117,-0.020303128676075293,0.0,-0.08121251470430117,-794.9691444421303,0.08121251470430117,-0.020303128676075293,-0.020303128676075293,-0.020303128676075293,32.48500588172047,40.60625735215059,0.8121251470430119,60.16832183155287,-0.020303128676075293,0.0,4.0606257352150585,191.35233137495737,0.08121251470430117,0.040606257352150586,0.040606257352150586,8.121251470430117,10.545350587373107,0.08121251470430117,-10.545350587373107,0.8121251470430119,0.08121251470430117,-60.16832183155287,0.08121251470430117,0.32485005881890494,0.40606257352317243,0.040606257352150586,0.020303128676075293,24.363754411290355,-0.08121251470430117,719.9738274115721,0.8121251470430118,-120.33664366310575,244.70659943444414,-8.121251470430117,16.242502940860234,4.0606257352150585,-0.08121251470430117,0.0,0.12181877205645177,-0.08121251470430117,-16.242502940860234,10.545350587373107,357.1513578207793,0.040606257352150586,-382.70466274991475,-0.08121251470430117,-0.08121251470430117,-0.08121251470430117,0.040606257352150586,255.84397396692086,-16.242502940860234,0.08121251470430117,0.0,-0.020303128676075293,108.33630299089873,0.0,12.181877205645176,110.43266547470824,336.1116138489197,255.84397396692086,-0.060909386028225876,416.52469484209263,-414.4943819744851,0.08121251470430117,-0.02030312867607529,4.0606257352150585,81.21251470430117,-0.040606257352150586,-0.08121251470430117,0.020303128676075293,533.5870374867134,0.0,67.77546003182519,0.0,653.2578594172192,0.0,629.2437615143936,-347.1852127070529,712.4923277195242,967.4337816035752,-1000.0,-327.7516134687801,-932.1839337108227,-483.7168908017876,-326.6289297086096,500.0,-712.4923277195242,173.59260635352646,-398.2518790336249,-204.04613853547477,932.1839337108227,327.7516134687801,-204.04613853547477,-629.2437615143936,715.5349277043244,0.0,1496.5981,bhi
268,0.0,0.0,0.0,0.0,0.0,0.0,0.0,0.0,-0.13340606885200215,0.0,0.0,0.0,0.0,0.0,0.0,0.0,130.6523455717458,112.80900929248055,0.0,0.0,0.0,0.0,0.0,0.0,0.0,0.0,0.0,0.0,0.0,423.55036864289417,0.0,0.0,228.88128192673003,0.0,0.0,0.0,0.0,161.0127916802969,0.0,-1000.0,-262.30783337664525,0.0,0.0,36.08767796009084,0.0,0.0,0.0,0.0,-548.117822099079,0.0,0.0,0.0,0.0,0.14674667573694933,0.0,0.0,0.0,26.68121377040043,0.0,0.0,56.87280211300728,0.0,0.0,-148.99148761671714,330.4995772794437,0.0,0.0,0.0,619.6901611145709,-50.467356401435715,0.0,1.3340606885200217,0.0,0.0,0.0,0.0,0.0,0.0,0.0,0.0,0.0,0.0,10.272267301604188,0.0,80.0436413112013,0.0,0.0,0.0,-158.6560902084602,532.7697906444323,141.75924788780793,0.0,0.0,0.0,40.02182065560065,0.0,377.2566413416915,0.0,0.0,0.0,10.272267301604188,331.8417777411748,423.55036864289417,0.0,0.0,-382.6334678002237,463.61434632628266,0.0,0.0,0.0,0.0,0.0,0.0,0.0,0.0,0.0,0.0,0.0,0.0,0.0,0.0,0.0,0.0,0.0,-107.38279685102,0.0,0.0,377.2566413416915,0.0,41.35588134412067,32.6722364833804,0.0,-260.6294868545967,260.6294868545967,0.0,0.0,-536.359555418626,0.0,0.0,330.49526568890155,0.0,0.0,0.0,0.0,0.0,0.0,0.13340606885200215,141.79259940502092,0.0,0.0,-592.8647692781484,0.0,0.0,0.0,0.0,0.0,1000.0,0.0,0.0,0.0,0.0,0.0,132.62754248463622,132.62754248463622,0.0,0.0,0.0,0.0,0.0,0.0,0.0,132.76094855348822,0.0,0.0,0.0,-686.9038333653175,-182.5202531767087,0.0,0.0,0.0,0.0,0.0,0.0,0.0,0.0,0.0,0.0,0.0,0.0,0.0,0.0,-1000.0,0.0,0.0,0.0,0.0,0.0,0.0,0.0,-374.11370043597213,374.11370043597213,0.0,0.0,0.0,0.0,0.0,0.0,0.0,0.0,-16.675758606500267,0.0,0.0,0.0,0.0,0.0,0.0,0.0,0.0,0.0,0.0,0.0,0.0,0.0,0.0,-29.87858938016019,-6.084892115560933,0.0,0.0,0.0,0.0,2.7936461113089686,0.0,0.0,0.0,0.0,56.87280211300728,-42.17257007565178,0.0,0.0,0.0,0.0,0.0,0.0,0.0,0.0,140.19084292659505,0.0,337.2348206860908,0.0,515.1076300672376,730.5652402947495,-922.2315225350512,0.0,6.084892115560933,0.0,0.0,205.86428972972442,464.7030542880734,0.0,0.0,0.0,-82.06653821570978,0.0,0.0,466.7770507771968,0.0,0.0,466.7770507771968,0.0,0.0,-532.7697906444323,0.0,286.81313095558744,0.0,0.0,434.75375895253785,0.0,0.0,0.0,-681.8391766504606,0.0,681.8391766504606,0.0,1000.0,205.86428972972442,0.0,67.09876603086768,0.0,0.0,0.0,56.87280211300728,-0.20010910327800321,0.0,0.0,0.0,0.0,0.13340606885200215,0.0,0.0,0.0,479.7588696204046,130.6523455717458,0.0,-255.08897853348245,286.834807397988,182.5202531767087,95.93717796753049,0.0,768.4008857457551,0.0,-382.6334678002237,0.0,0.0,0.0,231.59911425424488,0.0,-1000.0,-1000.0,-1000.0,0.0,0.0,0.0,0.0,0.0,0.0,0.0,0.0,0.0,0.0,0.0,0.0,0.0,0.0,0.0,0.0,0.0,-838.4535840442936,0.0,-1000.0,0.0,0.0,135.89516750955863,1000.0,0.0,0.0,102.53496088695556,0.0,0.0,0.0,655.2438109645011,325.17147429857465,-1000.0,0.0,-181.85583130845083,-3.3351517213000537,380.3098388854292,0.0,-6.670303442600107,0.0,-77.960459456124,0.0,-487.4002092834366,181.7133223256958,0.0,0.0,144.42942382870206,0.0,-442.1268422109921,1000.0,512.9071227108769,377.2566413416915,593.7500000000006,-593.7500000000006,0.0,170.05311326981854,0.0,0.0,0.0,0.0,0.0,0.0,313.64942723724045,0.0,0.0,-867.5058635842158,0.0,0.0,0.0,0.0,0.0,-92.11868550370986,0.0,0.0,19.011629997515723,0.0,0.0,0.0,0.0,-536.3856536737173,0.26681213770416434,0.0,0.0,0.0,0.0,0.0,0.0,0.0,0.0,0.0,363.35851498341066,0.0,0.0,0.0,0.0,0.0,0.0,0.0,0.0,0.0,0.14674667573694933,0.14674667573694933,0.0,262.827127350982,0.0,80.0436413112013,0.0,0.0,0.0,375.4744299549692,0.0,0.0,0.0,0.0,0.0,1000.0,-375.4744299549692,0.0,0.0,0.0,0.0,0.0,19.011629997515723,0.0,0.0,0.0,0.0,0.0,0.0,0.0,35.794265617006666,-479.7588696204046,129.25042295186572,0.0,10.272267301604188,0.0,0.0,0.0,-2.7936461113089686,0.0,1000.0,0.0,-305.09835940257733,768.71270572886,0.0,0.0,0.0,0.0,0.0,0.0,0.0,0.0,0.0,0.0,0.0,0.0,0.0,0.0,0.0,0.0,80.0436413112013,205.86428972972442,205.86428972972442,0.0,0.0,0.0,0.0,0.0,0.0,0.0,0.0,0.0,0.0,1.3340606885200217,0.0,0.0,0.0,0.0,0.0,0.0,0.0,0.0,377.2566413416915,0.0,0.0,0.0,0.0,0.0,0.0,0.0,0.0,0.0,0.0,1000.0,-755.5884970316101,0.0,40.02182065560065,40.02182065560065,1000.0,-375.4744299549692,0.0,19.011629997515723,0.0,0.0,0.0,0.0,0.0,295.8872133130742,0.0,379.621327389434,0.13340606885200215,0.0,0.0,-605.840182819938,651.3330088153213,0.0,0.0,0.0,0.0,-205.86428972972442,0.0,0.0,0.0,0.0,0.0,0.0,0.0,0.0,0.0,0.0,0.0,0.0,0.13340606885200215,0.0,0.0,0.0,-1000.0,1000.0,0.0,0.0,0.0,0.0,0.0,238.4301283965142,0.0,0.0,-161.54641595570638,-10.005455163900194,-6.670303442600107,0.0,0.0,0.0,0.0,0.0,0.0,0.0,0.0,0.0,0.0,0.0,0.0,205.86428972972442,182.5202531767087,0.0,0.0,77.45058394248491,0.0,0.0,0.0,-0.13340606885200215,0.0,0.0,0.13340606885200215,0.0,0.13340606885200215,0.0,0.0,0.0,80.0436413112013,162.75540399944262,162.75540399944262,0.0,0.0,0.0,0.0,0.0,0.0,0.0,129.25042295186572,0.0,0.0,0.0,0.0,0.0,243.08537678240202,0.0,0.0,0.0,0.0,0.0,0.0,0.0,0.0,0.0,0.0,0.0,0.0,0.0,2.7936461113089686,0.0,0.0,0.0,0.20010910327800321,0.0,0.0,0.0,-377.2566413416915,0.0,0.0,0.0,0.0,0.0,-262.827127350982,6.670303442600107,0.0,0.0,0.0,0.0,0.0,-102.53496088695556,0.0,0.0,0.0,0.0,0.0,0.0,0.0,0.0,205.86428972972442,0.0,0.0,1000.0,262.827127350982,0.0,1000.0,-382.6334678002237,0.0,0.0,0.0,0.0,0.0,301.9476502886308,0.0,6.670303442600107,416.1594998330486,0.0,0.0,0.0,-92.11868550370986,0.0,0.0,0.0,0.0,0.0,-242.7258038135506,0.0,0.0,0.0,-20.010910327800616,0.0,162.75540399944262,0.0,0.0,0.0,0.0,0.0,0.0,0.0,0.0,0.0,140.19084292659505,0.0,0.0,292.84349284268274,-408.85134097879387,-758.0634868168981,0.0,40.02182065560065,0.0,0.0,0.0,0.0,-150.8947869278075,0.0,0.0,0.14674667573694933,0.0,0.0,0.0,81.37770199972131,0.0,0.0,0.0,0.0,-29.87858938016019,0.0,463.61434632628266,0.0,0.0,0.0,0.0,0.0,0.0,1000.0,0.0,0.013340606885200215,0.013340606885200215,0.0,0.0,0.0,0.0,0.0,0.0,0.0,0.0,0.0,-605.840182819938,0.0,0.0,0.0,0.0,0.0,262.827127350982,0.0,0.0,0.0,0.0,0.0,0.0,0.0,0.0,0.0,0.0,0.0,0.0,0.0,0.0,112.80900929248055,0.0,0.0,0.0,80.0436413112013,0.0,0.0,0.0,0.0,0.0,0.0,-80.0436413112013,0.0,0.0,0.0,0.0,0.0,0.0,0.0,0.0,0.0,0.0,0.0,0.0,-379.621327389434,-280.5624180440316,334.4685339460234,-377.2566413416915,0.0,0.0,161.0127916802969,0.0,0.0,0.0,0.0,0.0,0.0,0.0,0.0,0.0,421.875,0.0,-421.875,-421.875,0.0,0.0,0.0,0.0,-16.675758606500267,205.86428972972442,-335.17692946247485,233.07992161850143,0.0,0.0,0.0,0.0,0.0,0.0,-1.6675758606500268,92.11868550370986,0.0,0.0,0.0,0.0,0.0,0.0,0.0,1000.0,40.02182065560065,40.02182065560065,0.0,0.0,0.0,0.0,0.0,0.14674667573694933,262.827127350982,0.0,0.0,-161.0127916802969,0.0,0.0,0.0,0.0,0.0,0.0,0.0,0.0,0.0,0.0,0.0,0.0,0.0,0.0,0.0,0.0,0.0,32.6722364833804,0.0,140.07637229460227,10.272267301604188,0.0,0.0,0.0,0.0,0.0,262.827127350982,0.0,231.7598249539141,0.0,0.0,0.0,-16.675758606500267,0.0,0.0,0.0,0.0,0.0,0.0,0.0,0.0,0.0,0.0,0.0,0.0,0.0,0.0,0.0,0.0,0.0,0.0,-0.13340606885200215,0.0,0.0,6.670303442600107,-1000.0,0.0,0.0,0.0,0.0,205.86428972972442,0.0,0.0,0.0,-231.59911425424488,3.3351517213000537,0.0,0.0,0.0,0.13340606885200215,0.0,133.40606885200214,-8.683644860740259,26.681213770400433,0.9529004918000153,437.54740506384684,-0.10005455163900161,669.2560405918874,2.668121377040043,-0.6670303442614625,-437.54740506384684,40.02182065560065,-0.13340606885200215,127.54448926674122,19.011629997515723,0.03335151721300054,0.9529004918000153,-382.6334678002237,-21.23824616124071,-2.668121377040043,-243.46135486422634,-0.13340606885200215,0.03335151721300054,-437.54740506384684,535.0301335742226,0.13340606885200215,0.13340606885200215,-262.546974606393,0.14674667573720238,0.0,-0.10005455163900161,40.02182065560065,0.13340606885200215,377.2566413416915,270.53178626008975,-0.06670303442600108,-234.73306439955263,-16.267659065361187,-0.10005455163900161,-0.13340606885200215,-8.683644860740259,0.13340606885200215,13.340606885200259,-2.668121377040043,2.7936461113089686,2.7936461113089686,-13.340606885200259,243.46135486422634,-2.7936461113089686,26.68121377040043,0.20010910327800321,-1000.0,13.340606885200215,-35.794265617006666,19.011629997515723,-26.68121377040043,0.06670303442600108,1.3340606885200217,63.77224463337061,289.5083411213824,-0.13340606885200215,-292.84349284268274,262.546974606393,41.35588134412067,0.13340606885200215,21.23824616124071,-1000.0,19.011629997515723,-0.13340606885200215,-0.03335151721300054,-19.011629997515723,-0.13340606885200215,-1000.0,0.13340606885200215,-0.03335151721300054,-0.03335151721300054,-0.03335151721300054,53.36242754080086,-270.53178626008975,1.3340606885200217,172.89441978355887,-0.03335151721300054,0.0,6.670303442600107,274.8631302794588,0.13340606885200215,0.06670303442600108,0.06670303442600108,-80.08572298090414,8.683644860740259,0.13340606885200215,-8.683644860740259,1.3340606885200217,0.13340606885200215,-321.0088168292214,0.13340606885200215,0.5336242754094656,0.6670303442614625,0.06670303442600108,0.03335151721300054,40.02182065560065,-0.13340606885200215,0.0,1.3340606885200215,-345.78883956711775,665.9208888705873,-13.340606885200259,26.68121377040043,6.670303442600107,-0.13340606885200215,382.6334678002237,0.20010910327800321,-0.13340606885200215,160.17144596180827,8.683644860740259,458.6731278376952,0.06670303442600108,-549.7262605589176,-0.13340606885200215,-0.13340606885200215,-0.13340606885200215,0.06670303442600108,437.54740506384684,-26.68121377040043,0.13340606885200215,127.54448926674122,-0.03335151721300054,-0.14674667573720238,-127.54448926674122,20.01091032780032,16.267659065361187,7.8555779747206556,437.54740506384684,-0.10005455163900161,292.84349284268274,-289.5083411213824,0.13340606885200215,-0.033351517213000545,661.9141144071012,133.40606885200214,-0.06670303442600108,-0.13340606885200215,0.03335151721300054,0.0,0.0,999.933296965574,148.11439704566254,-486.4066939940685,0.0,630.46102918304,-614.4630238485827,521.6895266890224,1000.0,-127.7502864772357,-897.4307908185348,0.0,-500.0,243.20334699703426,63.87514323861785,-521.6895266890224,307.23151192429134,-262.827127350982,-307.7783409098877,0.0,897.4307908185348,-307.7783409098877,-630.46102918304,808.5602111489198,0.0,1496.5981,bhi
269,0.0,0.0,0.0,0.0,0.0,0.0,0.0,0.0,-0.08884597461187987,0.0,0.0,0.0,0.0,0.0,0.0,0.0,-163.55883722463128,-434.8229611710959,0.0,625.6714986465189,0.0,0.0,0.0,480.7888044952617,0.0,0.0,0.0,0.0,0.0,-713.5872982149565,0.0,0.0,402.2753778857807,0.0,0.0,0.0,0.0,758.0704609034387,0.0,-1000.0,619.223523160048,0.0,0.0,167.8755908060245,0.0,0.0,0.0,0.0,787.0061828489038,-552.6958672555222,0.0,0.0,0.0,0.0977305720729511,0.0,0.0,0.0,0.0,0.0,0.0,-7.82436883081967,0.0,0.0,-7.82436883081967,0.0,0.0,0.0,0.0,0.0,0.0,0.0,0.8884597461187986,0.0,0.0,0.0,0.0,0.0,0.0,0.0,0.0,0.0,0.0,0.0,0.0,53.30758476712792,0.0,0.0,0.0,0.0,759.84975156003,-0.02221149365296997,0.0,0.0,774.470125610752,26.65379238356396,0.0,380.776476839952,-2.8608403825030155,0.0,0.0,0.0,793.9282813321302,-713.5872982149565,0.0,0.0,0.0,594.8907511723988,0.0,0.0,0.0,0.0,0.0,0.0,0.0,0.0,0.0,0.0,0.0,0.0,0.0,0.0,0.0,0.0,0.0,-293.7332625228905,0.0,0.0,380.776476839952,0.0,27.542252129682755,27.542252129682755,0.0,492.3797111719506,0.0,-492.3797111719506,492.3797111719506,0.0,0.0,0.0,0.0,0.0,0.0,0.0,0.0,0.0,6.841140045114798,0.08884597461187987,0.0,0.0,0.0,-207.978053264189,-386.91269790820985,0.0,0.0,177.9031343505582,0.0,752.8084516532331,0.0,0.0,0.0,0.0,0.0,316.1485205443207,316.1485205443207,0.0,0.0,0.0,0.0,-590.4939123184688,0.0,0.0,316.2373665189326,0.0,0.0,0.0,-152.81954037056983,0.0,0.0,0.0,0.0,0.0,0.0,0.0,0.0,0.0,0.0,-948.6726465585214,0.0,0.0,0.0,0.0,-966.2767228468626,0.0,0.0,0.0,0.0,0.0,552.6958672555222,0.0,-403.8423546265192,403.8423546265192,0.0,0.0,0.0,0.0,0.0,0.0,0.0,0.0,-143.46603760398193,0.0,0.0,0.0,0.0,0.0,0.0,0.0,0.0,0.0,0.0,0.0,0.0,0.0,453.2540829932393,-24.332771987649153,90.13995259068395,0.0,0.0,0.0,0.0,0.0,0.0,0.0,0.0,0.0,-7.82436883081967,-77.73563821534054,0.0,0.0,0.0,0.0,0.0,0.0,0.0,0.0,0.0,17.769194922375974,354.1226844563881,0.0,596.1576453734808,1000.0,383.1638282223846,0.0,-90.13995259068395,0.0,0.0,0.0,0.0,0.0,0.0,0.0,267.39374015312717,0.0,0.0,-1000.0,234.5907897340141,315.07134597798944,-1000.0,-234.5907897340141,315.07134597798944,-403.8423546265192,0.0,-1000.0,552.6958672555222,0.0,302.9647734265103,0.0,0.0,0.0,-311.0913516040051,0.0,311.0913516040051,0.0,316.0596745697089,0.0,0.0,-357.7487297991549,0.0,0.0,0.0,-7.82436883081967,-0.13326896191781978,0.0,0.0,0.0,0.0,0.08884597461187987,0.0,0.0,0.0,585.5002460069106,-163.55883722463128,0.0,-719.6228674332572,1000.0,0.0,1000.0,0.0,381.89524602672225,0.0,0.0,0.0,0.0,0.0,-7.649638414082739,0.0,-374.24560761263956,-1000.0,-1000.0,0.0,0.0,0.0,0.0,0.0,0.0,0.0,0.0,0.0,0.0,0.0,0.0,0.0,0.0,0.0,0.0,0.0,-241.57415519811337,0.0,-1000.0,0.0,0.0,0.0,558.9601184626015,0.0,0.0,-6.841140045114798,0.0,0.0,0.0,338.0947362853454,789.4859826015362,-255.71253842908362,247.69152243973727,-678.6653492626627,-2.2211493652969967,255.71253842908362,-1000.0,167.4003009924257,-1000.0,916.519766512398,-247.69152243973727,0.0,20.86160307759303,0.0,-171.8425997230197,870.3515608995449,0.0,-57.749883497721925,0.0,0.0,380.776476839952,0.0,0.0,0.0,172.70406814611738,0.0,0.0,0.0,-453.2540829932393,453.2540829932393,453.2540829932393,-469.88912450123405,0.0,0.0,0.0,0.0,0.0,0.0,0.0,0.0,-15.64873766163934,0.0,0.0,0.0,0.0,0.0,0.0,0.0,-405.10924882760116,0.17769194922402676,0.0,0.0,0.0,0.0,0.0,0.0,0.0,0.0,0.0,0.0,0.0,0.0,0.0,0.0,0.0,0.0,0.0,0.0,0.0,0.0977305720729511,0.0977305720729511,0.0,246.92634614009395,0.0,53.30758476712792,0.0,22.612888227699415,0.0,366.7086738893545,0.0,0.0,0.0,0.0,0.0,1000.0,-366.7086738893545,0.0,0.0,0.0,0.0,0.0,0.0,0.0,0.0,0.0,0.0,0.0,0.0,0.0,97.91108750763017,-585.5002460069106,0.0,0.0,115.25097502486233,0.0,0.0,774.470125610752,774.470125610752,0.0,1000.0,0.0,0.0,594.8907511723988,0.0,0.0,453.2540829932393,0.0,0.0,0.0,0.0,0.0,0.0,0.0,0.0,0.0,0.0,0.0,0.0,0.0,53.30758476712792,0.0,0.0,0.0,0.0,0.0,0.0,0.0,0.0,0.0,0.0,0.0,0.0,0.8884597461187986,0.0,0.0,0.0,0.0,0.0,0.0,0.0,0.0,380.776476839952,0.0,0.0,0.0,108.40983497974753,0.0,0.0,0.0,0.0,0.0,0.0,507.6202888280494,0.0,0.0,26.65379238356396,26.65379238356396,1000.0,-366.7086738893545,0.0,0.0,0.0,0.0,0.0,0.0,0.0,713.5872982149565,0.0,1000.0,0.08884597461187987,0.0,0.0,7.164793238343741,0.0,555.7905945616491,0.0,-774.470125610752,0.0,0.0,0.0,0.0,0.0,0.0,0.0,0.0,0.0,0.0,0.0,0.0,0.0,0.0,0.08884597461187987,0.0,0.0,0.0,0.0,0.0,0.0,0.0,0.0,0.0,-6.841140045114798,1000.0,-177.9031343505582,-984.0179187453695,-774.4079260565172,-6.663448095890885,0.0,-4.442298730593997,0.0,0.0,0.0,0.0,0.0,0.0,0.0,0.0,0.0,0.0,0.0,0.0,0.0,0.0,0.0,-53.30758476712792,0.0,0.0,0.0,-0.08884597461187987,0.0,0.0,0.08884597461187987,0.0,0.08884597461187987,0.0,0.0,0.0,53.30758476712792,108.39208902649344,108.39208902649344,0.0,0.0,0.0,0.0,0.0,0.0,0.0,0.0,0.0,0.0,0.0,0.0,0.0,0.0,0.0,0.0,0.0,0.0,0.0,0.0,0.0,0.0,0.0,0.0,0.0,0.0,0.0,0.0,0.0,-227.65509132915258,227.65509132915258,0.13326896191781978,0.0,0.0,0.0,-380.776476839952,0.0,0.0,0.0,0.0,0.0,-246.92634614009395,4.442298730593993,0.0,0.0,0.0,0.0,590.4939123184688,0.0,-4.442298730593997,0.0,0.0,0.0,0.0,0.0,0.0,0.0,0.0,0.0,0.0,0.0,-206.32773685314535,0.0,867.6397092225029,555.7905945616491,15.982081254630543,0.0,984.0179187453696,-1000.0,177.9031343505582,-108.39208902649344,22.612888227699415,4.442298730593997,491.19689583435525,0.0,0.0,0.0,-15.64873766163934,0.0,0.0,0.0,0.0,0.0,0.0,0.0,0.0,0.0,1000.0,-64.65424963326006,108.39208902649344,0.0,0.0,0.0,0.0,0.0,0.0,0.0,0.0,0.0,0.0,0.0,0.0,202.26244079450623,-7.164793238343741,247.79811480560502,0.0,26.65379238356396,0.0,0.0,0.0,0.0,87.31421017993694,0.0,0.0,0.0977305720729511,0.0,0.0,0.0,54.19604451324672,0.0,0.0,0.0,0.0,-24.332771987649153,0.0,594.8907511723988,0.0,0.0,0.0,0.0,0.0,0.0,-1000.0,0.0,0.008884597461187986,0.008884597461187986,0.0,0.0,0.0,0.0,0.0,0.0,0.0,0.0,0.0,7.164793238343741,0.0,0.0,0.0,0.0,0.0,246.92634614009395,0.0,0.0,0.0,0.0,0.0,0.0,0.0,552.6958672555222,0.0,0.0,0.0,0.0,1000.0,-914.4399929538397,-434.8229611710959,0.0,0.0,0.0,53.30758476712792,0.0,0.0,0.0,0.0,0.0,0.0,-53.30758476712792,0.0,0.0,0.0,0.0,0.0,0.0,0.0,0.0,0.0,0.0,0.0,0.0,-1000.0,-1000.0,60.85949260913753,0.0,-380.776476839952,0.0,758.0704609034387,0.0,0.0,0.0,0.0,0.0,0.0,0.0,0.0,0.0,0.0,0.0,0.0,0.0,0.0,0.0,0.0,22.612888227699415,-11.105746826484882,0.0,-796.149430697427,57.99080153736918,0.0,0.0,0.0,0.0,0.0,-1.1105746826484983,0.0,193.55187201219752,0.0,0.0,0.0,0.0,0.0,0.0,0.0,1000.0,26.65379238356396,26.65379238356396,0.0,0.0,0.0,0.0,0.0,0.0977305720729511,246.92634614009395,0.0,0.0,-758.0704609034387,0.0,0.0,0.0,0.0,0.0,0.0,0.0,0.0,0.0,0.0,0.0,0.0,0.0,0.0,113.82754566457629,0.0,0.0,27.542252129682755,0.0,93.28827334247386,6.841140045114798,0.0,0.0,0.0,0.0,0.0,246.92634614009395,0.0,-2.8608403825030155,0.0,0.0,0.0,-11.105746826484882,0.0,0.0,0.0,0.0,0.0,0.0,0.0,0.0,0.0,0.0,0.0,0.0,0.0,0.0,0.0,0.0,0.0,0.0,-0.08884597461187987,0.0,0.0,4.442298730593993,-1000.0,0.0,0.0,0.0,0.0,0.0,0.0,0.0,0.0,7.649638414082739,2.2211493652969967,0.0,0.0,0.0,0.08884597461187987,0.0,88.84597461187987,0.0,17.769194922375974,0.6346141043705705,302.9647734265103,-0.06663448095890989,678.6653492626627,1.7769194922375975,-0.4442298730597827,-302.9647734265103,26.65379238356396,-0.08884597461187987,0.0,0.0,0.02221149365296997,0.6346141043705705,0.0,-14.14427915821181,-1.7769194922375975,-27.289700250791697,-0.08884597461187987,0.02221149365296997,-302.9647734265103,8.884597461187987,0.08884597461187987,0.08884597461187987,-246.73976959340914,0.09773057207306786,-251.59403215173268,-0.06663448095890989,26.65379238356396,0.08884597461187987,380.776476839952,309.6996971504482,-0.04442298730593994,-501.2144195015004,-8.973443435799867,-0.06663448095890989,-0.08884597461187987,0.0,0.08884597461187987,8.884597461187987,-1.7769194922375975,0.0,0.0,-8.884597461187987,27.289700250791697,0.0,17.769194922375974,0.13326896191781978,-1000.0,8.884597461187987,-97.91108750763017,0.0,-17.769194922375974,0.04442298730593994,0.8884597461187986,179.9057168583143,-188.55854193076937,-0.08884597461187987,-266.9166904277663,246.73976959340914,27.542252129682755,0.08884597461187987,14.14427915821181,-460.737853990644,0.0,-0.08884597461187987,-0.02221149365296997,0.0,-0.08884597461187987,-1000.0,0.08884597461187987,-0.02221149365296997,-0.02221149365296997,-0.02221149365296997,35.53838984475195,-309.6996971504482,0.8884597461187986,65.82376144057578,-0.02221149365296997,359.8114337166286,4.442298730593993,206.99692314439457,0.08884597461187987,0.04442298730593994,0.04442298730593994,8.884597461187987,0.0,0.08884597461187987,0.0,0.8884597461187986,0.08884597461187987,-65.82376144057578,0.08884597461187987,0.35538389844782614,0.4442298730597827,0.04442298730593994,0.02221149365296997,26.65379238356396,-0.08884597461187987,251.59403215173268,0.8884597461187987,-131.64752288115156,676.4441998973657,-8.884597461187987,17.769194922375974,4.442298730593993,-0.08884597461187987,0.0,0.13326896191781978,-0.08884597461187987,-17.769194922375974,0.0,67.07220760481664,0.04442298730593994,-413.99384628878914,-0.08884597461187987,-0.08884597461187987,-0.08884597461187987,0.04442298730593994,302.9647734265103,-17.769194922375974,0.08884597461187987,359.8114337166286,-0.02221149365296997,-0.09773057207306786,-359.8114337166286,13.32689619178198,8.973443435799867,-159.3599015274239,302.9647734265103,-0.06663448095890989,266.9166904277663,188.55854193076937,0.08884597461187987,-0.02221149365296997,342.5370350159394,88.84597461187987,-0.04442298730593994,-0.08884597461187987,0.02221149365296997,340.2843736939367,0.0,643.9481800791833,0.0,-126.02234754416567,0.0,955.0711049897599,151.551720636946,0.0,-620.1074561757191,-276.37473312890836,-885.4089041448789,-356.0073969335108,310.05372808785955,63.011173772082834,138.18736656445418,0.0,-75.775860318473,-246.92634614009395,-154.38641778475358,356.0073969335108,885.4089041448789,-154.38641778475358,-955.0711049897599,703.4621807596079,0.0,1496.5981,bhi
270,0.0,0.0,0.0,0.0,0.0,0.0,0.0,0.0,61.33296980116427,0.0,0.0,0.0,0.0,0.0,0.0,0.0,0.0,0.0,0.0,458.63888150739837,0.0,0.0,0.0,942.5396133303891,0.0,0.0,0.0,0.0,0.0,427.6387148630319,0.0,0.0,760.5747493368467,0.0,0.0,0.0,0.0,716.4374328200411,0.0,117.90316844421471,995.2645946725474,0.0,0.0,0.0,0.0,0.0,46.367257251133196,0.0,897.2116880860021,-187.73596030434354,0.0,783.9783578097392,0.0,0.017363152867319015,0.0,0.0,0.0,3.1569368849683332,0.0,0.0,105.2596333197231,0.0,436.8558793929261,222.16629912843584,0.0,0.0,0.0,0.0,382.17921083406696,-382.17921083406696,0.0,0.15784684424841666,0.0,0.0,0.0,0.0,0.0,0.0,0.0,0.0,0.0,0.0,-621.4344976856484,0.0,9.470810654905,0.0,0.0,537.8080838964777,326.92199860000954,-675.880584427269,-0.003946171106210416,0.0,0.0,-137.86330226915243,4.7354053274525,0.0,4.7354053274525,0.0,0.0,0.0,0.0,0.7892342212420833,-140.76491122777708,0.0,0.0,-185.62742477843295,0.0,0.0,0.0,0.0,0.0,0.0,0.0,0.0,0.0,0.0,0.0,0.0,0.0,0.0,0.0,0.0,0.0,0.0,-351.3680194396063,0.0,0.0,4.7354053274525,0.0,4.893252171700916,0.0,0.0,0.0,536.4284937343715,-536.4284937343715,536.4284937343715,0.0,0.0,0.0,-319.9492135842134,0.0,0.0,0.0,0.0,0.0,622.6499183863612,0.015784684424841666,0.0,0.0,0.0,0.0,0.0,0.0,0.0,0.0,0.0,255.81999216676115,0.0,0.0,0.0,0.0,0.0,-46.35147256670836,-46.35147256670836,0.0,0.0,0.0,0.0,0.0,0.0,0.0,-46.335687882283516,0.0,0.0,0.0,-107.11105246539793,0.0,0.0,0.0,0.0,0.0,0.0,0.0,0.0,0.0,0.0,-825.8515950803835,0.0,0.0,0.0,0.0,-1000.0,0.0,0.0,0.0,0.0,0.0,187.73596030434354,-783.9783578097392,348.95858582725947,-348.95858582725947,319.9492135842134,0.0,0.0,0.0,0.0,0.0,0.0,568.403626090809,-1000.0,0.0,0.0,0.0,0.0,0.0,0.0,0.0,0.0,0.0,0.0,0.0,0.0,0.0,53.163599388978184,-82.98189512669786,-540.8720451392948,0.0,0.0,0.0,0.0,-159.73415592927967,0.0,0.0,0.0,0.0,105.2596333197231,-540.8720451392948,0.0,0.0,0.0,0.0,0.0,0.0,0.0,0.0,336.94030527247077,0.0,0.0,0.0,-977.9634127727502,-1000.0,1000.0,0.0,540.8720451392948,0.0,0.0,319.9492135842134,-606.3653180335933,0.0,0.0,0.0,-298.57440386658783,0.0,0.0,-40.924879913055406,748.8817802935924,0.0,-789.8066602066478,0.0,-748.8817802935924,675.880584427269,0.0,156.55605316191748,187.73596030434354,0.0,-116.1757881096255,0.0,0.0,0.0,0.0,0.0,0.0,0.0,0.0,0.0,0.0,-410.51186462021576,0.0,0.0,0.0,105.2596333197231,-0.0236770266372625,0.0,0.0,0.0,0.0,0.015784684424841666,0.0,0.0,0.0,498.1092317451429,0.0,0.0,-123.7516165189553,503.0391616997008,0.0,1000.0,0.0,232.37936333990152,0.0,-185.62742477843295,0.0,0.0,0.0,-1.3590613289788605,0.0,-231.02030201092265,-1000.0,-1000.0,0.0,0.0,0.0,0.0,0.0,0.0,0.0,0.0,0.0,0.0,0.0,0.0,0.0,0.0,0.0,0.0,0.0,-8.120692278614058,0.0,-1000.0,0.0,275.37873616364504,336.43203843399033,0.0,0.0,710.277177810759,-959.590223658832,0.0,621.4344976856484,0.0,0.0,0.0,-34.03935107077274,0.0,0.0,0.0,-348.1398597632942,0.0,-0.7892342212420833,1000.0,-790.2337755671267,0.0,-0.7892342212420833,142.93420330216537,-0.39461711062104166,0.0,0.0,0.0,-81.75484595376486,0.0,0.0,4.7354053274525,0.0,0.0,0.0,0.0,0.0,61.34875448558911,0.0,-53.163599388978184,53.163599388978184,53.163599388978184,506.21188326909385,0.0,0.0,0.0,0.0,0.0,568.403626090809,0.0,0.0,-109.42994694476718,0.0,0.0,0.0,0.0,0.0,0.0,0.0,-87.71730045415036,0.031569368849699485,0.0,0.0,0.0,0.0,0.0,0.0,0.0,0.0,0.0,0.0,0.0,0.0,0.0,0.0,0.0,0.0,0.0,0.0,0.0,0.017363152867319015,0.017363152867319015,0.0,202.79342871394198,0.0,9.470810654905,0.0,0.0,0.0,1000.0,0.0,0.0,0.0,0.0,0.0,847.0342099210527,-1000.0,0.0,0.0,0.0,0.0,0.0,0.0,0.0,0.0,0.0,0.0,0.0,0.0,0.0,117.12267314653543,-498.1092317451429,0.0,0.0,1.215420700712798,0.0,0.0,-137.86330226915243,-298.07835992408616,0.0,847.0342099210527,0.0,1000.0,-240.6830905330977,0.0,0.0,53.163599388978184,0.0,0.0,0.0,0.0,0.0,0.0,0.0,0.0,0.0,0.0,0.0,0.0,0.0,9.470810654905,319.9492135842134,319.9492135842134,0.0,0.0,0.0,0.0,0.0,0.0,0.0,0.0,0.0,0.0,0.15784684424841666,0.0,0.0,0.0,0.0,0.0,-783.9783578097392,0.0,0.0,4.7354053274525,0.0,0.0,0.0,0.0,0.0,0.0,0.0,0.0,0.0,0.0,1000.0,-1000.0,0.0,4.7354053274525,4.7354053274525,-1.9730855531052083,-1000.0,0.0,0.0,0.0,0.0,0.0,0.0,0.0,140.76491122777708,568.403626090809,58.868957863209914,0.015784684424841666,0.0,0.0,0.0,20.84593073792125,477.03720023413115,0.0,137.86330226915243,0.0,0.0,0.0,0.0,0.0,0.0,0.0,0.0,0.0,0.0,0.0,0.0,0.0,0.0,0.015784684424841666,0.0,0.0,0.0,980.3282000734125,-980.3282000734125,0.0,0.0,0.0,275.37873616364504,0.0,376.84181477515835,0.0,-378.56550231435165,-991.8793077213859,-1.183851331863125,-0.3771291669469715,-0.4121050542951118,0.0,0.0,0.0,0.0,0.0,0.0,0.0,0.0,0.0,0.0,0.0,319.9492135842134,0.0,0.0,0.0,-80.96561173252277,0.0,0.0,0.0,61.33296980116427,0.0,0.0,0.015784684424841666,0.0,0.015784684424841666,0.0,0.0,0.0,9.470810654905,19.257314998306832,19.257314998306832,0.0,0.0,0.0,0.0,0.0,0.0,621.4344976856484,0.0,0.0,568.403626090809,0.0,0.0,0.0,0.0,0.0,0.0,0.0,0.0,0.0,0.0,0.0,0.0,0.0,0.0,0.0,0.0,0.0,160.21505765493373,0.0,0.0,0.0,0.0236770266372625,0.0,0.0,0.0,-4.7354053274525,0.0,0.0,0.0,0.0,0.0,-202.79342871394198,0.7892342212420833,0.0,0.0,0.0,0.0,0.0,959.590223658832,-0.4121050542951118,0.0,0.0,0.0,0.0,0.0,0.0,0.0,319.9492135842134,0.0,0.0,-97.73553206991033,149.6298293249638,0.0,-1000.0,291.4097754556982,0.0,0.0,1000.0,-1000.0,0.0,-625.6226330319001,0.0,0.7892342212420833,1000.0,0.0,0.0,0.0,-109.42994694476718,0.0,0.0,822.0762255643556,-822.0762255643556,0.0,0.0,0.0,0.0,0.0,823.4838924166575,0.0,19.257314998306832,0.0,0.0,0.0,0.0,0.0,0.0,0.0,0.0,0.0,336.94030527247077,0.0,0.0,206.34498270953125,-20.84593073792125,0.0,0.0,4.7354053274525,0.0,0.0,0.0,0.0,-107.99784607392985,0.0,0.0,0.017363152867319015,0.0,0.0,0.0,9.628657499153416,0.0,0.0,0.0,0.0,-82.98189512669786,0.0,0.0,0.0,0.0,0.0,0.0,0.0,0.0,-257.46968799919,0.0,0.0015784684424841667,0.0015784684424841667,0.0,0.0,0.0,0.0,0.0,0.0,0.0,0.0,0.0,0.0,0.0,0.0,0.0,0.0,0.0,202.79342871394198,0.0,0.0,0.0,0.0,0.0,0.0,0.0,187.73596030434354,0.0,0.0,0.0,0.0,442.6534918400868,285.77477310549176,0.0,0.0,0.0,0.0,9.470810654905,0.0,0.0,0.0,0.0,0.0,0.0,-9.470810654905,0.0,0.0,0.0,0.0,0.0,0.0,0.0,0.0,0.0,0.0,0.0,0.0,-58.868957863209914,-1000.0,10.812508831016542,0.0,-4.7354053274525,0.0,991.8161689836861,0.0,0.0,0.0,0.0,0.0,0.0,0.0,0.0,0.0,0.0,0.0,0.0,0.0,0.0,0.0,0.0,0.0,-1.9730855531052083,319.9492135842134,-1.183851331863125,-1.1838513318630248,0.0,0.0,0.0,0.0,0.0,0.0,-0.19730855531052083,109.42994694476718,0.0,0.0,0.0,0.0,0.0,0.0,0.0,1000.0,4.7354053274525,4.7354053274525,0.0,0.0,0.0,0.0,0.0,0.017363152867319015,202.79342871394198,0.0,0.0,-991.8161689836861,0.0,0.0,0.0,0.0,0.0,0.0,0.0,0.0,0.0,0.0,0.0,0.0,0.0,0.0,0.0,0.0,0.0,0.0,0.0,16.57391864608375,622.6499183863612,0.0,0.0,0.0,0.0,0.0,202.79342871394198,0.0,-623.5353143917886,0.0,0.0,0.0,-1.9730855531052083,0.0,0.0,0.0,0.0,0.0,0.0,0.0,0.0,0.0,0.0,0.0,0.0,0.0,0.0,0.0,0.0,0.0,0.0,-0.015784684424841666,0.0,0.0,0.7892342212420833,-847.0342099210527,0.0,0.0,0.0,0.0,319.9492135842134,0.0,0.0,0.0,1.3590613289788605,0.39461711062104166,0.0,0.0,0.0,0.015784684424841666,0.0,15.784684424841666,-4.893252171700916,3.1569368849683332,0.11274774589172619,44.039269545308244,-0.01183851331863125,0.7892342212420833,0.3156936884968333,-0.07892342212460335,-44.039269545308244,4.7354053274525,-0.015784684424841666,61.87580825947765,0.0,0.003946171106210416,0.11274774589172619,-185.62742477843295,-2.5129217604353338,-0.3156936884968333,-458.63888150739837,-0.015784684424841666,0.003946171106210416,-44.039269545308244,663.7941353343546,0.015784684424841666,0.015784684424841666,-202.76028087664983,0.017363152867325832,0.0,-0.01183851331863125,4.7354053274525,0.015784684424841666,4.7354053274525,-7.892342212420833,-0.007892342212420833,115.43485739010475,158.13990280237067,-0.01183851331863125,-0.015784684424841666,-4.893252171700916,0.015784684424841666,1.5784684424841666,-0.3156936884968333,160.21505765493373,160.21505765493373,-1.5784684424842226,458.63888150739837,-160.21505765493373,3.1569368849683332,0.0236770266372625,-1000.0,1.5784684424841666,-117.12267314653543,0.0,-3.1569368849683332,0.007892342212420833,0.15784684424841666,30.937904129738826,152.78676620993213,-0.015784684424841666,-206.34498270953125,202.76028087664983,4.893252171700916,0.015784684424841666,2.5129217604353338,-681.1572882016803,0.0,-0.015784684424841666,-0.003946171106210416,0.0,-0.015784684424841672,-87.71730045415036,0.01578468442482972,-0.003946171106210416,-0.003946171106210416,-0.003946171106210416,6.3138737699366665,7.892342212420833,0.15784684424841666,162.72405373267756,-0.003946171106210416,0.0,0.7892342212420833,44.647884448317264,0.015784684424841666,0.007892342212420833,0.007892342212420833,1.5784684424841666,4.893252171700916,0.015784684424841666,-4.893252171700916,0.15784684424841666,0.015784684424841666,-464.7832050515215,0.015784684424841666,0.06313873769977363,0.07892342212460335,0.007892342212420833,0.003946171106210416,4.7354053274525,-0.015784684424841666,0.0,0.15784684424841666,-325.4481074653551,0.39461711062104166,-1.5784684424841666,3.1569368849683332,0.7892342212420833,-0.015784684424841666,185.62742477843295,0.0236770266372625,-0.015784684424841666,-3.1569368849683332,4.893252171700916,105.96735774518461,0.007892342212420833,-89.29576889663453,-0.015784684424841666,-0.01578468442482972,-0.015784684424841662,0.007892342212420833,44.039269545308244,-3.1569368849683332,0.015784684424841666,61.87580825947765,-0.003946171106210416,-0.017363152867325832,-61.87580825947765,2.3677026637262495,-158.13990280237067,175.81350122259406,44.039269545308244,-0.01183851331863125,206.34498270953125,-152.78676620993213,0.015784684424841666,-0.003946171106210416,0.7892342212420833,15.784684424841666,-0.007892342212420833,-0.015784684424841666,0.003946171106210416,129.15559786589543,0.0,999.9921076577875,302.059151318844,218.17947989334186,0.0,739.7277160842904,-469.51381540693745,662.2156668918703,-1000.0,-800.7785956097604,996.8430631150317,0.0,500.0,-109.08973994667095,400.3892978048802,-662.2156668918703,234.75690770346873,-202.79342871394198,2.030488328745235,0.0,-996.8430631150317,2.030488328745235,-739.7277160842904,709.6532679217432,0.0,1496.5981,bhi
271,0.0,0.0,0.0,0.0,0.0,0.0,0.0,0.0,-0.04191663352912907,0.0,0.0,0.0,0.0,0.0,0.0,0.0,-548.7413118819246,815.9498377220241,0.0,0.0,0.0,0.0,0.0,122.81258516615503,0.0,0.0,0.0,0.0,0.0,429.5801158574073,0.0,0.0,154.22313552942765,0.0,0.0,0.0,0.0,194.13663007560336,0.0,-1000.0,987.4250099412612,0.0,0.0,953.5506890205234,0.0,0.0,0.0,0.0,-1000.0,0.0,0.0,-165.61050700399397,0.0,0.04610829688208343,0.0,0.0,0.0,8.383326705825814,0.0,0.0,236.0059744991142,0.0,0.0,-483.08632357662435,0.0,0.0,0.0,0.0,0.0,927.7571781086247,0.0,0.4191663352912907,0.0,0.0,0.0,0.0,0.0,0.0,0.0,279.21489762262956,0.0,0.0,0.0,0.0,25.149980117477444,0.0,0.0,659.5701627794501,-243.7647327723016,548.8041868322183,265.91310238766283,0.0,0.0,841.7134347206012,12.574990058738722,0.0,12.574990058738722,-214.7438789063642,0.0,0.0,0.0,58.51976800110363,-46.08398207828299,0.0,0.0,-75.01573608825737,0.0,0.0,0.0,0.0,0.0,0.0,0.0,0.0,0.0,0.0,0.0,0.0,0.0,0.0,0.0,0.0,0.0,0.0,-12.502622681376227,0.0,0.0,12.574990058738722,0.0,12.994156394030012,1.413463946401679,0.0,0.0,0.0,0.0,0.0,-719.0922980757385,311.7413446034519,-311.7413446034519,0.0,0.0,0.0,0.0,0.0,0.0,3.2275807817429363,0.04191663352912907,265.9235815460451,0.0,0.0,69.51170156804824,-1000.0,0.0,0.0,0.0,0.0,948.042590654802,0.0,0.0,0.0,0.0,0.0,267.02294840826875,267.02294840826875,0.0,0.0,0.0,-921.875,921.9687499999998,0.0,0.0,267.0648650417979,0.0,0.0,0.0,-792.2030253838832,0.0,0.0,0.0,0.0,0.0,0.0,0.0,0.0,0.0,0.0,0.0,0.0,0.0,0.0,0.0,158.18062681536824,0.0,0.0,0.0,0.0,0.0,0.0,165.61050700399397,-58.89705117872484,58.89705117872484,569.5285021980371,0.0,0.0,0.0,0.0,0.0,0.0,475.6640979356903,-5.239579191141133,0.0,0.0,0.0,0.0,0.0,0.0,0.0,0.0,0.0,0.0,0.0,0.0,0.0,591.2386162255075,-52.74504815639661,953.5506890205234,0.0,0.0,0.0,0.0,-569.5285021980371,0.0,0.0,0.0,0.0,236.0059744991142,0.0,0.0,0.0,0.0,0.0,0.0,0.0,0.0,0.0,0.0,0.0,0.0,0.0,0.0,-184.86768159357678,-233.71638139528073,0.0,-953.5506890205234,0.0,0.0,719.0922980757385,-948.8617070944625,0.0,0.0,0.0,-481.7539797089354,0.0,0.0,-1000.0,0.0,0.0,-1000.0,0.0,0.0,-302.66178395102645,0.0,931.8721167598553,0.0,0.0,119.77433543907347,0.0,0.0,0.0,-718.1536419107954,0.0,718.1536419107954,0.0,266.9810317747396,149.56379587770144,0.0,0.0,-921.875,0.0,0.0,236.0059744991142,-0.0628749502936936,0.0,0.0,0.0,0.0,0.04191663352912907,0.0,0.0,0.0,-170.75561687410698,-548.7413118819246,0.0,-50.01049072550491,817.9183031153428,0.0,1000.0,0.0,-773.4761591526134,0.0,-75.01573608825737,0.0,0.0,0.0,472.8963393851637,300.5798197674497,0.0,-1000.0,-1000.0,0.0,0.0,0.0,0.0,0.0,0.0,0.0,0.0,0.0,0.0,0.0,0.0,0.0,0.0,0.0,0.0,0.0,1000.0,0.0,402.736570097287,0.0,402.95913329299333,213.39416330672577,0.0,0.0,0.0,223.20360283147724,0.0,0.0,0.0,0.0,56.42393632464718,0.0,366.1925695738307,-31.677569913163403,0.0,-300.5798197674497,0.0,0.0,-475.3954589653234,-57.55064961367066,-366.1925695738307,1.3697700743833634,1000.0,-1.0479158382282268,-2.0958316764564535,-332.5635357851165,0.0,0.0,267.83763841549023,-62.009131901095884,12.574990058738722,0.0,0.0,0.0,0.0,0.0,0.0,0.0,-591.2386162255075,591.2386162255075,591.2386162255075,-867.4986283405086,0.0,0.0,0.0,0.0,0.0,475.6640979356903,0.0,0.0,-247.08034907751016,0.0,0.0,0.0,0.0,0.0,0.0,0.0,-995.8083366470871,0.08383326705808258,0.0,0.0,0.0,0.0,0.0,0.0,0.0,0.0,0.0,778.1933822309232,0.0,0.0,0.0,0.0,0.0,0.0,0.0,0.0,0.0,0.04610829688208343,0.04610829688208343,0.0,211.1551281537336,0.0,25.149980117477444,0.0,0.0,0.0,1000.0,0.0,0.0,0.0,0.0,0.0,1000.0,-1000.0,0.0,0.0,0.0,0.0,0.0,0.0,0.0,0.0,0.0,0.0,0.0,0.0,0.0,4.167540893792076,170.75561687410698,930.4882984319518,0.0,3.2275807817429363,0.0,841.7134347206012,0.0,0.0,0.0,1000.0,0.0,815.4865939406893,-811.2949305877764,0.0,0.0,591.2386162255075,0.0,0.0,0.0,0.0,0.0,0.0,0.0,0.0,0.0,0.0,0.0,0.0,0.0,25.149980117477444,719.0922980757385,719.0922980757385,0.0,0.0,0.0,0.0,0.0,0.0,0.0,0.0,0.0,0.0,0.4191663352912907,0.0,0.0,0.0,0.0,0.0,165.61050700399397,0.0,0.0,12.574990058738722,0.0,0.0,0.0,0.0,0.0,0.0,0.0,0.0,0.0,0.0,0.0,-766.6119146836435,0.0,12.574990058738722,12.574990058738722,1000.0,-1000.0,0.0,0.0,0.0,0.0,0.0,0.0,0.0,46.08398207828299,475.6640979356903,52.69782177064223,0.04191663352912907,0.0,0.0,0.0,49.70304688011238,0.0,0.0,-841.7134347206012,0.0,-149.56379587770144,0.0,0.0,0.0,0.0,0.0,0.0,0.0,0.0,0.0,0.0,0.0,0.0,0.04191663352912907,0.0,0.0,0.0,0.0,0.0,0.0,0.0,0.0,402.95913329299333,0.0,1000.0,0.0,-563.402233861797,-597.263429902713,-3.1437475146846796,-2.0958316764564535,0.0,0.0,0.0,0.0,0.0,0.0,0.0,0.0,0.0,0.0,0.0,0.0,719.0922980757385,0.0,0.0,0.0,-59.91330022463943,0.0,0.0,0.0,-0.04191663352912907,0.0,0.0,0.04191663352912907,0.0,0.04191663352912907,0.0,0.0,0.0,25.149980117477444,51.13829290553747,51.13829290553747,0.0,0.0,0.0,0.0,0.0,0.0,0.0,930.4882984319518,0.0,475.6640979356903,0.0,0.0,126.03104531868682,350.474316213335,0.0,0.0,0.0,0.0,0.0,0.0,0.0,0.0,0.0,0.0,0.0,0.0,0.0,0.0,0.0,0.0,0.0,0.0628749502936936,0.0,0.0,0.0,-12.574990058738722,0.0,0.0,0.0,0.0,0.0,-211.1551281537336,2.0958316764564535,0.0,0.0,0.0,921.875,-921.9687499999998,-3.4455472760948282,0.0,0.0,0.0,0.0,0.0,0.0,0.0,0.0,719.0922980757385,0.0,0.0,-197.08341248560635,-380.0834880717739,0.0,1000.0,-75.01573608825737,0.0,219.75805555538238,563.402233861797,-783.1602894171793,0.0,-1000.0,0.0,2.0958316764564535,471.495504843659,0.0,0.0,0.0,-247.08034907751016,0.0,0.0,0.0,0.0,0.0,-226.43118361322018,0.0,0.0,0.0,-6.287495029369193,0.0,51.13829290553747,0.0,0.0,0.0,0.0,0.0,0.0,0.0,0.0,0.0,0.0,0.0,0.0,220.5863706977875,-827.8964291110357,0.0,0.0,12.574990058738722,0.0,0.0,0.0,0.0,-460.9202581985289,0.0,0.0,0.04610829688208343,0.0,0.0,0.0,25.569146452768734,0.0,0.0,0.0,0.0,-52.74504815639661,0.0,0.0,0.0,0.0,0.0,0.0,0.0,0.0,0.0,0.0,0.004191663352912907,0.004191663352912907,0.0,0.0,0.0,0.0,0.0,0.0,0.0,0.0,0.0,0.0,0.0,0.0,0.0,0.0,0.0,211.1551281537336,0.0,0.0,0.0,0.0,0.0,0.0,0.0,0.0,0.0,0.0,0.0,0.0,0.0,-1000.0,815.9498377220241,0.0,0.0,0.0,25.149980117477444,0.0,0.0,0.0,0.0,0.0,0.0,-25.149980117477444,0.0,0.0,0.0,0.0,0.0,0.0,0.0,0.0,0.0,0.0,0.0,0.0,-415.4622011598674,-1000.0,505.21825549947516,0.0,-12.574990058738722,0.0,597.0957633685966,0.0,0.0,0.0,0.0,0.0,0.0,0.0,0.0,0.0,0.0,0.0,0.0,0.0,0.0,0.0,0.0,0.0,-5.239579191141133,719.0922980757385,-59.567683839331856,473.36161401733693,0.0,0.0,0.0,0.0,0.0,-0.5239579191141134,0.0,247.08034907751016,0.0,0.0,0.0,0.0,0.0,0.0,0.0,637.2356206107747,12.574990058738722,12.574990058738722,0.0,0.0,0.0,0.0,279.21489762262956,0.04610829688208343,211.1551281537336,0.0,0.0,-597.0957633685966,0.0,0.0,0.0,0.0,0.0,0.0,0.0,0.0,0.0,0.0,0.0,0.0,0.0,0.0,0.0,0.0,0.0,1.413463946401679,0.0,44.01246520558553,3.2275807817429363,0.0,0.0,0.0,0.0,0.0,211.1551281537336,0.0,0.0,0.0,0.0,0.0,-5.239579191141133,0.0,0.0,0.0,0.0,0.0,0.0,0.0,0.0,0.0,0.0,0.0,0.0,0.0,0.0,0.0,0.0,0.0,0.0,-0.04191663352912907,0.0,0.0,2.0958316764564535,-1000.0,0.0,0.0,0.0,0.0,719.0922980757385,0.0,0.0,0.0,-472.8963393851637,1.0479158382282268,0.0,0.0,0.0,0.04191663352912907,0.0,41.916633529129065,-11.580692447628333,8.383326705825814,0.29940452520806476,119.77433543907347,-0.0314374751468468,30.30779983878004,0.8383326705825814,-0.2095831676455191,-119.77433543907347,12.574990058738722,-0.04191663352912907,25.005245362752458,0.0,0.010479158382282267,0.29940452520806476,-75.01573608825737,-6.6731280578378005,-0.8383326705825814,-267.20852584009947,-0.04191663352912907,0.010479158382282267,-119.77433543907347,699.9342433425624,0.04191663352912907,0.04191663352912907,-211.0671032233224,0.046108296882041974,-1000.0,-0.0314374751468468,12.574990058738722,0.04191663352912907,12.574990058738722,-20.958316764564536,-0.020958316764564534,201.9888815217129,565.2949222115951,-0.0314374751468468,-0.04191663352912907,-11.580692447628333,0.04191663352912907,4.191663352912907,-0.8383326705825814,0.0,0.0,-4.191663352912883,267.20852584009947,0.0,8.383326705825814,0.0628749502936936,-1000.0,4.191663352912907,-4.167540893792076,0.0,-8.383326705825814,0.020958316764564534,0.4191663352912907,12.502622681376227,-371.7001613659481,-0.04191663352912907,-220.5863706977875,211.0671032233224,12.994156394030012,0.04191663352912907,6.6731280578378005,-746.0425402246045,0.0,-0.04191663352912907,-0.010479158382282267,0.0,-0.04191663352912907,-995.8083366470871,0.04191663352912907,-0.010479158382282267,-0.010479158382282267,-0.010479158382282267,16.766653411651628,20.958316764564536,0.4191663352912907,31.054985865891354,-0.010479158382282267,0.0,2.0958316764564535,500.0,0.04191663352912907,0.020958316764564534,0.020958316764564534,-70.59023458593781,11.580692447628333,0.04191663352912907,-11.580692447628333,0.4191663352912907,0.04191663352912907,-31.054985865891354,0.04191663352912907,0.1676665341163357,0.2095831676455191,0.020958316764564534,0.010479158382282267,12.574990058738722,-0.04191663352912907,1000.0,0.4191663352912907,-62.10997173178271,29.259884000551814,-4.191663352912907,8.383326705825814,2.0958316764564535,-0.04191663352912907,75.01573608825737,0.0628749502936936,-0.04191663352912907,141.18046917187561,11.580692447628333,702.826309780419,0.020958316764564534,-1000.0,-0.04191663352912907,-0.04191663352912907,-0.04191663352912907,0.020958316764564534,119.77433543907347,-8.383326705825814,0.04191663352912907,25.005245362752454,-0.010479158382282267,-0.046108296882041974,-25.005245362752454,6.287495029369359,-565.2949222115951,334.91471374681885,119.77433543907347,-0.0314374751468468,220.5863706977875,371.7001613659481,0.04191663352912907,-0.01047915838228227,2.0958316764564535,41.916633529129065,-0.020958316764564534,-0.04191663352912907,0.010479158382282267,1000.0,0.0,753.8366388020436,0.0,-260.5039309815272,0.0,-271.7660279483247,-230.1652292186788,695.7425799896495,-693.8421747952063,934.1310377229402,-77.89502827387405,-246.14240288119186,346.9210873976032,130.2519654907636,-467.0655188614701,-695.7425799896495,115.0826146093394,-211.1551281537336,-241.90605158189007,246.14240288119186,77.89502827387405,-241.90605158189007,271.7660279483247,235.04242446168348,0.0,1496.5981,bhi
272,0.0,0.0,0.0,0.0,0.0,0.0,0.0,0.0,-0.012423339977546775,0.0,0.0,0.0,0.0,0.0,0.0,0.0,-497.8506169404824,1000.0,0.0,0.0,0.0,0.0,0.0,862.0716557033779,0.0,0.0,0.0,0.0,0.0,-79.38776671453115,0.0,0.0,0.0,0.0,0.0,0.0,0.0,799.5678861370604,0.0,-11.905309732474056,996.272998006736,0.0,-784.4853457432141,0.0,0.0,0.0,0.0,0.0,670.7046546440548,-529.0588032228598,0.0,-85.14901768603147,0.0,0.013665673975253867,0.0,0.0,0.0,0.0,0.0,0.0,129.25222607787524,0.0,261.78669857781836,0.0,0.0,0.0,0.0,0.0,0.0,0.0,0.0,0.12423339977546777,0.0,0.0,0.0,0.0,0.0,0.0,0.0,0.0,0.0,0.0,-343.70541209944,0.0,7.454003986528066,0.0,0.0,-521.1888075227525,1000.0,0.0,-0.0031058349943866937,0.0,0.0,0.0,3.727001993264033,0.0,3.727001993264033,-0.4000315472769671,0.0,0.0,0.0,0.6211669988773387,-1000.0,0.0,0.0,0.0,0.0,920.2993655102241,0.0,0.0,0.0,0.0,0.0,0.0,0.0,0.0,0.0,0.0,0.0,0.0,0.0,0.0,0.0,0.0,-290.7556319202421,0.0,0.0,3.727001993264033,0.0,3.851235393039501,3.851235393039501,0.0,-1000.0,1000.0,0.0,0.0,473.6854301000063,597.5571207126341,-597.5571207126341,-864.7243547556998,0.0,0.0,0.0,0.0,0.0,344.66200927771115,0.012423339977546775,0.0,0.0,0.0,659.069706628874,-694.8079645736112,0.0,0.0,68.31009625025092,0.0,102.94344368814318,0.0,0.0,0.0,0.0,0.0,437.30841483117456,437.30841483117456,0.0,0.0,0.0,0.0,0.0,0.0,0.0,437.3208381711521,0.0,0.0,0.0,-1000.0,-235.12555179514095,0.0,0.0,0.0,0.0,0.0,0.0,0.0,0.0,0.0,-1000.0,0.0,0.0,0.0,0.0,-567.0307045816488,0.0,0.0,0.0,0.0,0.0,529.0588032228598,869.6343634292456,-1000.0,1000.0,391.03892465569356,0.0,0.0,0.0,0.0,0.0,0.0,920.6122332854688,-529.8709052059803,0.0,0.0,0.0,0.0,0.0,0.0,0.0,0.0,0.0,0.0,0.0,0.0,0.0,597.3351317327514,-120.34009115679493,-963.1006344182869,0.0,0.0,0.0,0.0,-391.03892465569356,0.0,0.0,0.0,0.0,129.25222607787524,-963.1006344182869,0.0,0.0,0.0,0.0,0.0,0.0,0.0,0.0,0.0,29.48374871722757,0.0,0.0,-497.8692519504484,717.6454023063375,19.150210550547854,0.0,963.1006344182869,0.0,0.0,391.03892465569356,622.0102953881075,0.0,0.0,0.0,-327.3750888639395,0.0,0.0,304.91833847460765,480.5293037050691,304.91833847460765,0.0,-175.6109652304614,0.0,0.0,0.0,-234.66486480733386,529.0588032228598,0.0,42.36358932343451,0.0,0.0,0.0,65.93735448128946,0.0,-65.93735448128946,0.0,652.2347941421335,0.0,0.0,-529.8709052059803,0.0,0.0,0.0,129.25222607787524,-0.01863500996632016,0.0,0.0,0.0,0.0,0.012423339977546775,0.0,0.0,0.0,563.3037025883848,-497.8506169404824,0.0,0.0,-480.881416542912,235.12555179514095,1000.0,0.0,0.0,0.0,0.0,0.0,0.0,0.0,337.9989962019921,0.0,-337.9989962019921,-1000.0,540.991810317807,0.0,0.0,0.0,0.0,0.0,0.0,0.0,0.0,0.0,0.0,0.0,0.0,0.0,0.0,0.0,0.0,0.0,-200.38242050302932,0.0,-1000.0,0.0,0.0,0.0,0.0,0.0,0.0,-344.66200927771115,0.0,343.7054120994401,0.0,0.0,0.0,0.0,0.0,999.3788330011226,921.9426355223104,0.0,0.0,866.9632636967976,-17.797676851833444,0.0,0.0,-1000.0,-1000.0,-922.253219021749,-867.584430695675,-109.24511764301752,0.0,0.0,0.0,130.4592129886763,3.727001993264033,718.7500000000007,-718.7500000000007,0.0,0.0,0.0,0.0,406.25,-191.0851317327514,191.0851317327514,191.0851317327514,49.93366250136188,0.0,0.0,-214.9388026509365,0.0,0.0,920.6122332854688,0.0,0.0,-132.5344724999431,0.0,-161.68803650765486,0.0,0.0,0.0,0.0,0.0,-159.80535109479618,0.02484667995510185,0.0,0.0,0.0,0.0,0.0,0.0,0.0,0.0,0.0,0.0,0.0,0.0,0.0,0.0,0.0,0.0,0.0,0.0,0.0,0.013665673975253867,0.013665673975253867,0.0,368.53387962208126,0.0,7.454003986528066,0.0,0.0,0.0,1000.0,0.0,0.0,0.0,0.0,0.0,-202.98903473653814,-1000.0,0.0,0.0,0.0,0.0,0.0,0.0,0.0,0.0,0.0,0.0,0.0,0.0,0.0,96.91854397341403,-563.3037025883848,35.738257944737235,0.0,0.9565971782711039,0.0,0.0,0.0,0.0,0.0,-202.98903473653814,0.0,637.2056141686658,-1000.0,-93.75000000000009,93.75000000000009,597.3351317327514,0.0,0.0,0.0,0.0,0.0,0.0,0.0,0.0,0.0,0.0,0.0,0.0,0.0,7.454003986528066,391.0389246556935,391.03892465569356,0.0,0.0,0.0,0.0,0.0,0.0,0.0,0.0,0.0,0.0,0.12423339977546777,0.0,0.0,0.0,0.0,0.0,869.6343634292456,0.0,0.0,3.727001993264033,0.0,0.0,0.0,0.0,0.0,0.0,0.0,0.0,0.0,0.0,1000.0,0.0,0.0,3.727001993264033,3.727001993264033,1000.0,-1000.0,0.0,0.0,0.0,0.0,0.0,0.0,0.0,1000.0,920.6122332854688,935.9769505510498,0.012423339977546775,0.0,0.0,-567.5205484598141,568.5224020908606,0.0,0.0,0.0,0.0,0.0,0.0,0.0,0.0,0.0,0.0,0.0,0.0,0.0,0.0,0.0,0.0,0.0,0.012423339977546775,0.0,0.0,0.0,0.0,0.0,0.0,0.0,0.0,0.0,-1.3566287255480347,0.4000315472769671,-68.31009625025092,0.0,-799.6175794969706,-0.9317504983160081,0.0,-0.6211669988773387,0.0,-796.875,-796.875,796.875,0.0,0.0,0.0,0.0,0.0,0.0,0.0,391.0389246556935,235.12555179514095,0.0,0.0,131.08037998755364,0.0,0.0,0.0,-0.012423339977546775,0.0,0.0,0.012423339977546775,0.0,0.012423339977546775,0.0,0.0,0.0,7.454003986528066,15.156474772607067,15.156474772607067,0.0,0.0,0.0,0.0,0.0,0.0,343.70541209944,35.738257944737235,0.0,920.6122332854688,0.0,0.0,339.06864577405884,0.0,0.0,0.0,0.0,0.0,0.0,0.0,0.0,0.0,0.0,0.0,0.0,0.0,0.0,0.0,0.0,-581.5112638404842,581.5112638404842,0.01863500996632016,0.0,0.0,0.0,-3.727001993264033,0.0,0.0,0.0,0.0,0.0,-368.53387962208126,0.6211669988773387,0.0,0.0,0.0,0.0,0.0,999.599968452723,-0.6211669988773387,0.0,-161.68803650765486,0.0,0.0,0.0,0.0,0.0,391.0389246556935,0.0,0.0,391.03892465569356,-228.80125211067013,0.0,471.682012291213,0.0,0.0,656.2945879005599,343.7054120994401,-1000.0,68.31009625025092,606.8538206155004,0.0,0.6211669988773387,944.0129760571876,0.0,0.0,0.0,-132.5344724999431,0.0,0.0,0.0,0.0,0.0,0.0,0.0,0.0,0.0,1000.0,-1.8635009966319558,15.156474772607067,0.0,-344.918804541197,-344.918804541197,344.918804541197,0.0,0.0,0.0,0.0,0.0,0.0,0.0,0.0,369.4656301203973,-1.0018536310465151,-642.8109323848477,-784.4853457432141,3.727001993264033,0.0,0.0,0.0,0.0,-102.13682284189323,0.0,0.0,0.013665673975253867,0.0,0.0,0.0,7.578237386303534,0.0,0.0,0.0,0.0,-120.34009115679493,0.0,0.0,0.0,0.0,0.0,0.0,0.0,0.0,0.0,0.0,0.0012423339977546775,0.0012423339977546775,0.0,0.0,0.0,0.0,0.0,0.0,0.0,0.0,0.0,-567.5205484598141,0.0,0.0,0.0,0.0,0.0,368.53387962208126,0.0,0.0,0.0,0.0,0.0,0.0,0.0,529.0588032228598,0.0,0.0,0.0,0.0,-690.0270806149982,1000.0,1000.0,0.0,0.0,0.0,7.4540039865280505,0.0,0.0,0.0,0.0,0.0,-288.70400398652833,281.2500000000003,0.0,0.0,0.0,0.0,0.0,0.0,0.0,0.0,0.0,0.0,0.0,0.0,605.0148597667572,-1000.0,347.57863365867837,0.0,-3.727001993264033,0.0,799.5678861370604,0.0,0.0,0.0,0.0,0.0,0.0,0.0,0.0,0.0,898.4374999999999,0.0,-898.4375,-898.4374999999999,0.0,0.0,0.0,0.0,-1.5529174971933468,391.03892465569356,-0.9317504983160081,340.0003962723748,0.0,0.0,0.0,0.0,0.0,-1000.0,999.8447082502806,200.84456875019401,0.0,0.0,0.0,0.0,0.0,0.0,0.0,1000.0,3.727001993264033,3.727001993264033,0.0,0.0,0.0,0.0,0.0,0.013665673975253867,368.53387962208126,0.0,0.0,-799.5678861370604,0.0,0.0,0.0,0.0,0.0,0.0,0.0,0.0,0.0,0.0,0.0,0.0,0.0,0.0,290.7556319202421,0.0,0.0,3.851235393039501,0.0,13.044506976424115,278.26417002796865,0.0,66.3978392497425,0.0,0.0,0.0,368.53387962208126,0.0,-1000.0,0.0,0.0,0.0,-1.5529174971933468,0.0,0.0,0.0,0.0,0.0,0.0,0.0,0.0,0.0,0.0,0.0,0.0,0.0,0.0,0.0,0.0,0.0,0.0,-0.012423339977546775,0.0,0.0,0.6211669988773387,202.98903473653814,0.0,0.0,0.0,0.0,391.03892465569356,0.0,0.0,0.0,-337.9989962019921,0.31058349943866925,0.0,0.0,0.0,0.012423339977546775,0.0,12.423339977546775,0.0,2.484667995509355,0.08873814269676268,42.36358932343451,-0.009317504983160082,0.6211669988773387,0.2484667995509355,-0.06211669988772428,-42.36358932343451,3.7270019932640324,-0.012423339977546775,0.0,0.0,0.0031058349943866937,0.08873814269676268,0.0,-1.9777957244253734,-0.2484667995509355,-502.1493830595176,-0.012423339977546775,0.0031058349943866937,-42.36358932343451,1.2423339977546775,0.012423339977546775,0.012423339977546775,-368.50779060812846,0.013665673975301452,-159.80535109479618,-0.009317504983160082,3.727001993264033,0.012423339977546775,3.727001993264033,-6.211669988773387,-0.006211669988773387,56.861907406653,389.78416731796136,-0.00931750498316008,-0.012423339977546775,0.0,0.012423339977546775,1.242333997754713,-0.2484667995509355,0.0,0.0,-1.2423339977546775,502.1493830595176,0.0,2.484667995509355,0.018635009966320164,-1000.0,1.2423339977546775,-96.91854397341403,0.0,-2.484667995509355,0.006211669988773387,0.12423339977546777,0.0,-226.31658411516077,-0.012423339977546775,-371.32913111702925,368.50779060812846,3.851235393039501,0.012423339977546775,1.9777957244253734,-14.908007973055874,0.0,-0.012423339977546775,-0.0031058349943866937,0.0,-0.012423339977546802,-159.80535109479618,0.012423339977544856,-0.0031058349943866937,-0.0031058349943866937,-0.0031058349943866937,4.96933599101871,6.211669988773387,0.12423339977546777,9.204142005865302,-0.0031058349943866937,0.0,0.6211669988773387,80.52384254627543,0.012423339977546775,0.006211669988773387,0.006211669988773401,1.2423339977546775,0.0,0.012423339977546775,0.0,0.12423339977546777,0.012423339977546775,-9.204142005865302,0.012423339977546775,0.04969335991017751,0.06211669988772428,0.006211669988773387,0.0031058349943866937,3.727001993264033,-0.012423339977546775,159.80535109479618,0.12423339977546775,-18.408284011730604,0.31058349943866936,-1.242333997754713,2.484667995509355,0.6211669988773387,-0.012423339977546775,0.0,0.018635009966320164,-0.012423339977546775,-2.484667995509355,0.0,180.293040894711,0.006211669988773387,-161.04768509255086,-0.012423339977546775,-0.012423339977544856,-0.012423339977546775,0.006211669988773387,42.36358932343451,-2.484667995509355,0.012423339977546775,0.0,-0.0031058349943866937,-0.013665673975301452,0.0,1.8635009966320162,-389.78416731796136,217.38920753022146,42.36358932343451,-0.00931750498316008,371.32913111702925,226.31658411516077,0.012423339977546775,-0.0031058349943866945,0.6211669988773387,12.423339977546775,-0.006211669988773387,-0.012423339977546775,0.0031058349943866937,1000.0,0.0,999.9937883300112,0.0,-1000.0,26.999080721718215,655.4023790257069,-0.27455581350373615,0.0,1000.0,-52.418330496871235,-438.42842234198514,0.0,-500.0,500.0,26.209165248435617,0.0,0.13727790675186807,-368.53387962208126,-78.15621805281776,0.0,438.42842234198514,-78.15621805281776,-655.4023790257069,334.534026500504,-26.999080721718215,1496.5981,bhi
273,0.0,0.0,0.0,0.0,0.0,0.0,0.0,0.0,-0.033707529871983354,0.0,0.0,0.0,0.0,0.0,0.0,0.0,938.8548130738691,702.2339366516035,0.0,-920.0675924825763,0.0,0.0,0.0,83.51114088008103,0.0,0.0,0.0,0.0,0.0,-466.6672185124976,0.0,0.0,0.0,0.0,0.0,0.0,0.0,-80.57222545188476,0.0,-580.4908530373202,656.5384946060337,0.0,0.0,0.0,0.0,0.0,0.0,0.0,-472.18759456137144,-465.19817145159226,0.0,0.0,0.0,0.03707828285921503,0.0,0.0,0.0,0.0,0.0,0.0,-57.93509045806951,0.0,281.94183061898264,0.0,0.0,0.0,0.0,0.0,0.0,0.0,0.0,0.3370752987198336,0.0,0.0,0.0,0.0,0.0,0.0,0.0,0.0,0.0,0.0,0.0,0.0,20.224517923190014,0.0,129.6354940476477,1000.0,260.19162216581105,-520.3832443316221,-0.008426882467995838,0.0,0.0,133.60892593928554,10.112258961595007,0.0,363.9877581441275,0.0,0.0,0.0,0.0,1.6853764935991677,-1000.0,0.0,0.0,0.0,0.0,0.0,0.0,0.0,0.0,0.0,0.0,0.0,0.0,0.0,0.0,0.0,0.0,0.0,0.0,0.0,0.0,0.0,-205.81397381393856,0.0,0.0,363.9877581441275,0.0,10.449334260314842,0.0,0.0,0.0,0.0,0.0,0.0,0.0,0.0,0.0,-224.00674016091313,0.0,0.0,0.0,0.0,0.0,132.23097384779044,0.033707529871983354,0.0,0.0,0.0,-113.93861474124684,0.0,0.0,0.0,0.0,0.0,493.6100886744328,0.0,0.0,0.0,0.0,0.0,540.150053758178,540.150053758178,0.0,0.0,0.0,-796.875,0.0,0.0,0.0,540.18376128805,0.0,0.0,0.0,-1000.0,0.0,0.0,0.0,0.0,0.0,0.0,0.0,0.0,0.0,0.0,0.0,0.0,0.0,0.0,0.0,-1000.0,0.0,0.0,0.0,0.0,0.0,465.19817145159226,0.0,260.19162216581105,-260.19162216581105,176.4380549929705,0.0,0.0,0.0,0.0,0.0,0.0,533.3327814875024,-235.325822938055,0.0,0.0,0.0,0.0,0.0,0.0,0.0,0.0,0.0,0.0,0.0,0.0,0.0,426.849223374213,-294.73740115159126,0.0,0.0,0.0,0.0,47.56868516794261,-176.4380549929705,0.0,0.0,0.0,0.0,-57.93509045806951,0.0,0.0,0.0,0.0,0.0,0.0,0.0,0.0,0.0,281.25438920279794,6.741505974396671,353.8754991825325,0.0,0.0,0.0,788.0040276044396,0.0,0.0,0.0,0.0,224.00674016091313,-449.1147778122234,0.0,0.0,0.0,-176.95112264768136,0.0,0.0,-328.544160624516,0.0,0.0,-328.544160624516,0.0,0.0,520.3832443316221,0.0,-485.4544391037904,465.19817145159226,0.0,94.04400834283358,0.0,0.0,0.0,0.0,0.0,0.0,0.0,151.20986408536294,0.0,47.56868516794261,1000.0,-796.875,0.0,0.0,-57.93509045806951,-0.050561294807975034,0.0,0.0,0.0,0.0,0.033707529871983354,0.0,0.0,0.0,354.75785265307456,938.8548130738691,0.0,-659.0458732544645,974.4549788777672,0.0,1000.0,0.0,0.0,0.0,0.0,0.0,0.0,0.0,760.3169280045175,48.28940729460339,-808.6063352991209,-890.7621432648289,-1000.0,0.0,0.0,0.0,0.0,0.0,0.0,0.0,0.0,0.0,0.0,0.0,0.0,0.0,0.0,0.0,0.0,0.0,-1000.0,0.0,-919.5626046676031,0.0,0.0,280.1690067409195,150.71274728442714,0.0,0.0,-413.4853630505884,0.0,0.0,0.0,0.0,0.0,0.0,664.1678789844296,0.0,472.8942119434121,-48.28940729460339,0.0,0.0,0.0,0.0,-664.1678789844296,-77.04175013581273,0.0,-473.73690019021166,-1.6853764935991677,-507.49566386354996,0.0,63.409406748886965,577.0016087662754,0.0,363.9877581441275,-281.2500000000002,281.2500000000002,0.0,31.652425993889814,0.0,0.0,0.0,-426.849223374213,426.849223374213,426.849223374213,-787.6574259139072,0.0,0.0,0.0,0.0,0.0,533.3327814875024,0.0,0.0,-80.60593298175675,0.0,0.0,20.526252750161234,0.0,0.0,0.0,0.0,-772.6637740369656,0.06741505974390617,0.0,0.0,0.0,0.0,0.0,0.0,0.0,0.0,0.0,0.0,0.0,0.0,0.0,0.0,0.0,0.0,0.0,0.0,0.0,0.03707828285921503,0.03707828285921503,0.0,497.9260042654047,0.0,20.224517923190014,0.0,0.0,0.0,-254.7353707458859,0.0,0.0,129.6354940476477,0.0,0.0,1000.0,254.7353707458859,0.0,0.0,596.270974840375,0.0,0.0,20.526252750161234,0.0,0.0,0.0,0.0,0.0,0.0,0.0,68.60465793797952,-354.75785265307456,113.93861474124684,0.0,132.23097384779044,0.0,-90.29724522771487,223.90617116700042,223.90617116700042,0.0,1000.0,0.0,662.7651763229562,-435.42895035992177,-156.25000000000014,156.25000000000014,426.849223374213,0.0,0.0,0.0,0.0,0.0,0.0,0.0,0.0,0.0,0.0,0.0,0.0,0.0,20.224517923190014,224.00674016091313,224.00674016091313,0.0,0.0,0.0,0.0,0.0,0.0,0.0,0.0,0.0,0.0,0.3370752987198336,0.0,0.0,129.6354940476477,-129.6354940476477,0.0,0.0,0.0,0.0,363.9877581441275,-596.270974840375,0.0,0.0,0.0,0.0,0.0,0.0,0.0,0.0,0.0,407.7951834156919,0.0,0.0,10.112258961595007,10.112258961595007,1000.0,254.7353707458859,0.0,20.526252750161234,0.0,0.0,0.0,0.0,0.0,890.7621432648289,533.3327814875024,1000.0,0.033707529871983354,0.0,0.0,-839.669558591542,884.1851671489063,772.6637740369656,0.0,-133.60892593928554,0.0,0.0,0.0,0.0,0.0,0.0,0.0,0.0,0.0,0.0,0.0,0.0,0.0,0.0,0.033707529871983354,0.0,0.0,0.0,0.0,0.0,0.0,0.0,0.0,0.0,0.0,0.0,0.0,0.0,-52.878960977272,-2.5280647403987517,0.0,-1.6853764935991677,0.0,0.0,0.0,0.0,0.0,0.0,0.0,0.0,0.0,0.0,0.0,224.00674016091313,0.0,0.0,0.0,65.09478324248613,0.0,0.0,0.0,-0.033707529871983354,0.0,0.0,0.033707529871983354,0.0,0.033707529871983354,0.0,0.0,0.0,20.224517923190014,41.1231864438197,41.1231864438197,0.0,0.0,0.0,0.0,0.0,0.0,0.0,113.93861474124684,0.0,533.3327814875024,0.0,0.0,763.2191463264953,0.0,0.0,0.0,0.0,0.0,0.0,0.0,0.0,0.0,0.0,0.0,0.0,0.0,0.0,0.0,0.0,0.0,0.0,0.050561294807975034,0.0,0.0,0.0,-363.9877581441275,0.0,0.0,0.0,0.0,0.0,-497.9260042654047,1.6853764935991677,0.0,0.0,0.0,796.875,0.0,413.4853630505884,-1.6853764935991677,0.0,0.0,0.0,0.0,0.0,0.0,0.0,224.00674016091313,0.0,596.270974840375,-347.6718236732337,71.07678089119167,0.0,768.887618295943,772.6637740369656,133.3163563096689,0.0,0.0,-133.3163563096689,0.0,-490.2379642560431,0.0,1.6853764935991677,739.3568203519025,0.0,0.0,0.0,-339.8769210770522,0.0,0.0,0.0,0.0,0.0,0.0,0.0,0.0,0.0,-5.056129480797523,0.0,41.1231864438197,0.0,0.0,0.0,0.0,0.0,0.0,0.0,0.0,0.0,281.25438920279794,0.0,0.0,505.510198486601,-44.51560855736432,0.0,0.0,10.112258961595007,129.6354940476477,0.0,0.0,0.0,142.09437985576412,0.0,0.0,0.03707828285921503,0.0,0.0,0.0,20.56159322190985,0.0,0.0,0.0,0.0,-294.73740115159126,0.0,0.0,0.0,0.0,0.0,0.0,0.0,0.0,-1000.0,0.0,0.003370752987198432,0.003370752987198432,0.0,0.0,0.0,0.0,0.0,0.0,0.0,0.0,0.0,-839.669558591542,0.0,0.0,0.0,0.0,0.0,497.9260042654047,0.0,0.0,0.0,0.0,0.0,0.0,0.0,465.19817145159226,0.0,0.0,0.0,259.2709880952954,0.0,0.0,702.2339366516035,0.0,0.0,0.0,20.224517923190014,0.0,0.0,0.0,0.0,0.0,0.0,-20.224517923190014,0.0,259.2709880952954,0.0,0.0,0.0,0.0,0.0,0.0,0.0,0.0,0.0,0.0,-1000.0,-1000.0,786.3088042888039,-363.9877581441275,0.0,0.0,-80.57222545188476,0.0,0.0,0.0,0.0,0.0,0.0,0.0,0.0,0.0,0.0,0.0,0.0,0.0,0.0,0.0,0.0,0.0,-4.213441233997919,224.00674016091313,-2.5280647403987517,760.6910815860965,0.0,0.0,0.0,0.0,0.0,-0.421344123399792,0.0,80.60593298175675,0.0,0.0,0.0,0.0,0.0,0.0,0.0,1000.0,10.112258961595007,10.112258961595007,0.0,0.0,0.0,0.0,0.0,0.03707828285921503,497.9260042654047,0.0,0.0,80.57222545188476,0.0,0.0,0.0,0.0,0.0,0.0,0.0,0.0,0.0,0.0,0.0,0.0,0.0,0.0,0.0,0.0,0.0,0.0,0.0,35.392906365582526,132.23097384779044,0.0,0.0,0.0,0.0,0.0,497.9260042654047,0.0,-133.3163563096689,0.0,0.0,0.0,-4.213441233997919,0.0,0.0,0.0,0.0,0.0,0.0,0.0,0.0,0.0,0.0,0.0,0.0,0.0,0.0,0.0,0.0,0.0,0.0,-0.033707529871983354,0.0,0.0,1.6853764935991677,-1000.0,0.0,0.0,0.0,0.0,224.00674016091313,0.0,0.0,0.0,-760.3169280045175,0.8426882467995839,0.0,0.0,0.0,0.033707529871983354,0.0,33.707529871983354,-10.449334260314842,6.741505974396671,0.24076807051416682,94.04400834283358,-0.025280647403987517,77.04175013581273,0.6741505974396671,-0.1685376493598563,-94.04400834283358,10.112258961595007,-0.033707529871983354,0.0,20.526252750161234,0.008426882467995838,0.24076807051416682,0.0,-135.00173280326806,-0.6741505974396671,-721.0211572428963,-0.033707529871983354,0.008426882467995838,-94.04400834283358,3.3707529871983355,0.033707529871983354,0.033707529871983354,-497.85521845267345,-129.59841576478854,0.0,-0.025280647403987517,10.112258961595007,0.033707529871983354,363.9877581441275,337.02173424654086,-0.016853764935991677,-493.6100886744328,173.0335944759002,-0.025280647403987517,-0.033707529871983354,-10.449334260314842,0.033707529871983354,3.3707529871983355,-0.6741505974396671,0.0,0.0,-3.3707529871983355,721.0211572428963,0.0,6.741505974396671,0.050561294807975034,-1000.0,3.3707529871983355,-68.60465793797952,20.526252750161234,-6.741505974396671,0.016853764935991677,0.3370752987198336,164.76146831361612,77.81828686558835,-0.033707529871983354,-505.510198486601,497.85521845267345,10.449334260314842,0.033707529871983354,135.00173280326806,-373.798282278751,20.526252750161234,-0.033707529871983354,-0.008426882467995838,-20.526252750161234,-0.033707529871983354,-772.6637740369656,0.033707529871983354,-0.008426882467995838,-0.008426882467995838,-0.008426882467995838,13.483011948793342,-337.02173424654086,0.3370752987198336,234.1835699176259,-0.008426882467995838,329.52293662723224,1.6853764935991677,388.01726351208197,0.033707529871983354,0.016853764935991677,0.016853764935991677,-10.150463221692352,10.449334260314842,0.033707529871983354,-10.449334260314842,0.3370752987198336,0.03370752987198337,-652.6045773650649,0.033707529871983354,0.13483011948787293,0.1685376493598563,0.016853764935991677,0.008426882467995838,10.112258961595007,-0.033707529871983354,0.0,0.33707529871983355,-468.3671398352518,76.19906188901315,-3.3707529871983355,6.741505974396671,1.6853764935991677,-0.033707529871983354,0.0,0.050561294807975034,-0.03370752987198337,20.300926443384704,10.449334260314842,-2.3054072924877005,0.016853764935991677,-776.0345270241639,-0.033707529871983354,-0.033707529871983354,-0.033707529871983354,0.016853764935991677,94.04400834283358,-6.741505974396671,0.033707529871983354,329.52293662723224,-0.008426882467995838,129.59841576478854,-329.52293662723224,5.056129480797503,-173.0335944759002,-9.428088089787483,94.04400834283358,-0.025280647403987517,505.510198486601,-77.81828686558835,0.033707529871983354,-0.008426882467995837,1.6853764935991677,33.707529871983354,-0.016853764935991677,-0.033707529871983354,0.008426882467995838,1000.0,0.0,999.983146235064,418.42100744743897,356.42338183112815,0.0,1000.0,771.9188376267948,0.0,-1000.0,-23.400280091344836,-661.6905095290928,0.0,500.0,-178.21169091556408,11.700140045672418,0.0,-385.9594188133974,-497.9260042654047,-139.78897256327642,0.0,661.6905095290928,-139.78897256327642,-1000.0,685.2137646457763,0.0,1496.5981,bhi
274,0.0,0.0,0.0,0.0,0.0,0.0,0.0,0.0,-0.017636953936029702,0.0,0.0,0.0,0.0,0.0,0.0,0.0,348.9667224036835,50.29097586046018,0.0,0.0,0.0,0.0,0.0,823.0342842910486,0.0,0.0,0.0,0.0,0.0,263.3646088984823,0.0,0.0,290.7916225114019,0.0,0.0,0.0,0.0,999.929452184256,0.0,-1000.0,994.7089138191911,0.0,-830.5891807706175,0.0,0.0,0.0,0.0,186.72950711883954,0.0,-508.09088258624877,0.0,755.3116775869843,0.0,0.01940064932959999,0.0,0.0,0.0,190.25689790604548,0.0,0.0,223.63157868198596,0.0,78.63649278902784,-418.2545976271177,0.0,0.0,0.0,0.0,451.6275105578808,0.0,0.0,0.176369539360297,0.0,0.0,0.0,0.0,0.0,0.0,0.0,0.0,0.0,0.0,590.5360715813522,0.0,10.58217236161782,0.0,14.989416607425254,837.9891445395255,1000.0,-259.17554310108096,-0.004409238484007425,0.0,0.0,1000.0,5.29108618080891,0.0,5.29108618080891,0.0,0.0,0.0,590.5360715813522,0.881847696801485,263.3646088984823,0.0,0.0,0.0,0.0,862.6977994549794,0.0,0.0,0.0,0.0,0.0,0.0,0.0,0.0,0.0,0.0,0.0,0.0,0.0,0.0,0.0,0.0,-170.5981781071951,0.0,0.0,5.29108618080891,0.0,5.467455720169206,0.0,0.0,0.0,-421.7768590466666,421.7768590466666,-421.7768590466666,-720.5226690981315,0.0,0.0,0.0,0.0,0.0,0.0,0.0,0.0,-574.1886095208527,0.017636953936029702,0.0,0.0,0.0,0.0,-1000.0,0.0,0.0,0.0,0.0,449.04048020816674,0.0,0.0,0.0,0.0,0.0,154.40839531711842,154.40839531711842,0.0,0.0,0.0,0.0,-334.12952605567966,0.0,0.0,154.42603227105445,0.0,0.0,0.0,-1000.0,0.0,0.0,0.0,0.0,0.0,0.0,0.0,0.0,0.0,0.0,-247.38367088721134,0.0,0.0,0.0,0.0,-348.2588061486674,0.0,0.0,0.0,0.0,0.0,508.09088258624877,75.27750318363326,-740.824456898919,740.824456898919,0.0,0.0,0.0,0.0,0.0,0.0,0.0,0.0,-269.4742651491937,0.0,0.0,0.0,0.0,0.0,0.0,0.0,0.0,0.0,0.0,0.0,0.0,0.0,0.0,83.22011676654479,-687.6088344857991,0.0,0.0,0.0,415.1045187091025,85.29908905359756,0.0,0.0,0.0,0.0,223.63157868198596,-687.6088344857991,0.0,0.0,0.0,0.0,0.0,0.0,0.0,0.0,86.415540949997,0.0,0.0,0.0,89.7647238716985,1000.0,172.44219082423967,0.0,687.6088344857991,0.0,0.0,720.5226690981315,21.517083801956232,0.0,0.0,0.0,4.5989989491820324,0.0,0.0,-79.88074919004907,135.49806460869553,0.0,-215.37881379874466,0.0,-135.49806460869553,259.17554310108096,0.0,-773.2109479910002,508.09088258624877,0.0,-36.0919875720747,0.0,0.0,0.0,-1000.0,0.0,1000.0,0.0,1000.0,305.418150389029,415.1045187091025,-293.22432548215613,0.0,0.0,0.0,223.63157868198596,-0.02645543090404455,0.0,0.0,0.0,0.0,0.017636953936029702,0.0,0.0,0.0,171.25308996426395,348.9667224036835,0.0,0.0,213.87629009581156,0.0,1000.0,0.0,491.41322039036817,0.0,0.0,0.0,0.0,0.0,58.43370034206737,0.0,-549.8469207324356,90.4027293063484,-1000.0,0.0,0.0,0.0,0.0,0.0,0.0,0.0,0.0,0.0,0.0,0.0,0.0,0.0,0.0,0.0,0.0,0.0,0.0,0.0,-1000.0,0.0,0.0,85.84763103325804,208.4364058872992,0.0,0.0,893.0458198519211,0.0,0.0,0.0,0.0,0.0,0.0,814.3322665823512,0.0,0.0,-451.6275105578808,0.0,-0.881847696801485,466.1465201816121,0.0,-814.3322665823512,-105.10005064045107,0.0,-0.4409238484007425,0.0,848.0475324619167,0.0,-0.881847696801485,0.0,-1000.0,5.29108618080891,0.0,0.0,0.0,16.549026552715894,0.0,0.0,0.0,0.0,0.0,0.0,-796.7760922821689,0.0,0.0,-890.5774914590932,0.0,0.0,0.0,0.0,0.0,-243.28067851930908,0.0,0.0,0.0,0.0,0.0,0.0,0.0,-922.070969414264,0.035273907872064914,0.0,0.0,0.0,0.0,0.0,0.0,0.0,0.0,0.0,146.2093601688518,0.0,0.0,0.0,0.0,0.0,0.0,0.0,0.0,0.0,0.01940064932959999,0.01940064932959999,0.0,196.8521262486454,0.0,10.58217236161782,0.0,0.0,0.0,1000.0,0.0,0.0,14.989416607425254,0.0,0.0,295.84558859957826,-1000.0,0.0,0.0,610.3376524966549,0.0,0.0,0.0,0.0,0.0,0.0,0.0,0.0,0.0,0.0,56.866059369065034,-171.25308996426395,1000.0,0.0,16.347462060499545,0.0,761.3353565129206,238.6646434870794,153.36555443348183,0.0,295.84558859957826,0.0,-626.2253808146858,0.0,968.75,-968.75,0.0,0.0,0.0,0.0,0.0,0.0,0.0,0.0,0.0,0.0,0.0,0.0,0.0,0.0,10.58217236161782,720.5226690981315,720.5226690981315,0.0,0.0,0.0,0.0,0.0,0.0,0.0,0.0,0.0,0.0,0.176369539360297,0.0,0.0,14.989416607425254,-14.989416607425254,0.0,75.27750318363326,0.0,0.0,5.29108618080891,-610.3376524966549,0.0,0.0,0.0,0.0,0.0,0.0,0.0,0.0,0.0,0.0,-329.8054296555049,0.0,5.29108618080891,5.29108618080891,1000.0,-1000.0,0.0,0.0,0.0,0.0,0.0,0.0,0.0,-699.233776503685,0.0,-195.52143094241785,0.017636953936029702,0.0,0.0,0.0,23.29211723737522,614.7427241724646,0.0,-1000.0,0.0,-305.418150389029,0.0,0.0,0.0,0.0,0.0,0.0,0.0,0.0,0.0,0.0,0.0,0.0,0.017636953936029702,0.0,0.0,0.0,0.0,0.0,0.0,0.0,0.0,0.0,-21.106549114820837,1000.0,0.0,0.0,-1000.0,-1.3227715452022275,-0.881847696801485,0.0,0.0,-671.875,-671.875,671.875,0.0,0.0,0.0,0.0,0.0,0.0,0.0,720.5226690981315,0.0,0.0,0.0,-1000.0,0.0,0.0,0.0,-0.017636953936029702,0.0,0.0,0.017636953936029702,0.0,0.017636953936029702,0.0,0.0,0.0,10.58217236161782,21.517083801956232,21.517083801956232,0.0,0.0,0.0,0.0,0.0,0.0,0.0,1000.0,0.0,0.0,0.0,0.0,0.0,59.95224207595949,0.0,0.0,0.0,0.0,0.0,0.0,0.0,0.0,0.0,0.0,0.0,0.0,0.0,85.29908905359756,0.0,0.0,0.0,0.02645543090404455,0.0,0.0,0.0,-5.29108618080891,0.0,0.0,0.0,0.0,0.0,-196.8521262486454,0.881847696801485,0.0,0.0,0.0,0.0,334.12952605567966,-914.152368966742,0.0,0.0,0.0,0.0,0.0,0.0,0.0,0.0,720.5226690981315,0.0,610.3376524966549,0.0,196.8521262486454,0.0,732.73035409281,614.7427241724646,0.0,0.0,0.0,0.0,0.0,0.0,0.0,0.881847696801485,647.4310528936386,0.0,0.0,0.0,-273.25951173415956,0.0,0.0,942.9134597520213,-942.9134597520213,0.0,-405.2727512810655,0.0,0.0,0.0,244.7381277968068,0.0,21.517083801956232,0.0,0.0,0.0,0.0,0.0,0.0,0.0,0.0,0.0,86.415540949997,0.0,0.0,200.8204408842521,-169.501477406227,-295.8082321338605,-830.5891807706175,5.29108618080891,14.989416607425254,0.0,0.0,0.0,-411.31931280234613,0.0,0.0,0.01940064932959999,0.0,0.0,0.0,10.758541900978116,0.0,0.0,0.0,0.0,83.22011676654479,0.0,0.0,0.0,0.0,0.0,0.0,0.0,0.0,0.0,0.0,0.0017636953936029703,0.0017636953936029703,0.0,0.0,0.0,0.0,0.0,0.0,0.0,0.0,0.0,0.0,0.0,0.0,0.0,0.0,0.0,196.8521262486454,0.0,0.0,0.0,0.0,0.0,0.0,0.0,508.09088258624877,0.0,0.0,0.0,29.978833214850507,0.0,0.0,50.29097586046018,0.0,0.0,0.0,10.58217236161782,0.0,0.0,0.0,0.0,0.0,-10.58217236161782,0.0,0.0,29.978833214850507,0.0,0.0,0.0,0.0,0.0,0.0,0.0,0.0,0.0,0.0,-73.51031438874418,-345.46643829885437,72.03355552213984,-5.29108618080891,0.0,0.0,999.929452184256,0.0,0.0,0.0,0.0,0.0,0.0,0.0,0.0,0.0,0.0,0.0,0.0,0.0,0.0,0.0,0.0,0.0,-2.2046192420037123,720.5226690981315,-1.3227715452022275,58.6294705307572,0.0,0.0,0.0,0.0,0.0,470.62489600275734,-470.8453579269577,243.28067851930908,0.0,0.0,0.0,0.0,0.0,0.0,0.0,730.968254668838,5.29108618080891,5.29108618080891,0.0,0.0,0.0,0.0,0.0,0.01940064932959999,196.8521262486454,0.0,0.0,-999.929452184256,0.0,0.0,0.0,0.0,0.0,0.0,0.0,0.0,0.0,0.0,0.0,0.0,0.0,0.0,0.0,0.0,0.0,0.0,0.0,18.518801632831185,0.0,0.0,16.347462060499545,0.0,0.0,0.0,196.8521262486454,0.0,999.1181523031985,0.0,0.0,0.0,-2.2046192420037123,0.0,0.0,0.0,0.0,0.0,0.0,0.0,0.0,0.0,0.0,0.0,0.0,0.0,0.0,0.0,0.0,0.0,0.0,-0.017636953936029702,0.0,0.0,0.881847696801485,-295.84558859957826,0.0,0.0,0.0,0.0,720.5226690981315,0.0,0.0,0.0,-58.43370034206737,0.4409238484007425,0.0,0.0,0.0,0.017636953936029702,0.0,17.6369539360297,-5.467455720169206,3.52739078720594,0.12597824240021213,49.207101481522855,-0.013227715452022273,105.10005064045107,0.352739078720594,-0.08818476968005085,-49.207101481522855,5.29108618080891,-0.017636953936029702,0.0,0.0,0.0044092384840074255,0.12597824240021213,0.0,-17.79721967403998,-0.352739078720594,-399.25769826414364,-0.017636953936029702,0.0044092384840074255,-49.207101481522855,1.76369539360297,0.017636953936029702,0.017636953936029702,-196.81508864537975,-14.97001595809562,-598.1198677532013,-0.013227715452022273,5.29108618080891,0.017636953936029702,5.29108618080891,-8.81847696801485,-0.008818476968014851,149.07938754503456,-87.08042140113656,-0.013227715452022273,-0.017636953936029702,-5.467455720169206,0.017636953936029702,1.76369539360297,-0.352739078720594,85.29908905359756,85.29908905359756,-1.76369539360297,399.25769826414364,-85.29908905359756,3.5273907872059405,0.026455430904044546,-1000.0,1.76369539360297,-56.866059369065034,0.0,-3.52739078720594,0.00881847696801485,0.176369539360297,0.0,200.37951703585134,-0.017636953936029702,-200.8204408842521,196.81508864537975,5.467455720169206,0.017636953936029702,17.79721967403998,-21.16434472323564,0.0,-0.017636953936029702,-0.0044092384840074255,0.0,-0.017636953936029702,-922.070969414264,0.017636953936086545,-0.004409238484007425,-0.004409238484007425,-0.004409238484007425,7.05478157441188,8.81847696801485,0.176369539360297,13.066778247353568,-0.0044092384840074255,0.0,0.881847696801485,461.9173324039335,0.017636953936029702,0.008818476968014851,0.008818476968014851,-358.49763915546276,5.467455720169206,0.017636953936029702,-5.467455720169206,0.176369539360297,0.017636953936029702,-13.066778247353568,0.017636953936029702,0.07054781574402114,0.08818476968005085,0.008818476968014851,0.0044092384840074255,5.29108618080891,-0.017636953936029702,598.1198677532013,0.176369539360297,-26.133556494707136,104.65912679205033,-1.76369539360297,3.52739078720594,0.881847696801485,-0.017636953936029702,0.0,0.026455430904044546,-0.017636953936029702,716.9952783109255,5.467455720169206,687.2874319623628,0.008818476968014851,-923.834664807867,-0.017636953936029702,-0.017636953936086545,-0.017636953936029702,0.008818476968014851,49.207101481522855,-3.52739078720594,0.017636953936029702,0.0,-0.004409238484007425,14.97001595809562,0.0,2.6455430904044546,87.08042140113656,860.6909446187929,49.207101481522855,-0.013227715452022273,200.8204408842521,-200.37951703585134,0.017636953936029702,-0.0044092384840074255,0.881847696801485,17.6369539360297,-0.008818476968014851,-0.017636953936029702,0.0044092384840074255,1000.0,0.0,999.991181523032,0.0,460.0496305547869,0.0,-133.84978353131527,323.56132497907646,0.0,-281.46705602631243,161.95695076978242,263.74225511998407,0.0,140.73352801315622,-230.02481527739346,-80.97847538489121,0.0,-161.78066248953823,-196.8521262486454,-275.96811916001667,0.0,-263.74225511998407,-275.96811916001667,133.84978353131527,-57.2245671008413,0.0,1496.5981,bhi
275,0.0,0.0,0.0,0.0,0.0,0.0,0.0,0.0,-0.03421770536675028,0.0,0.0,0.0,0.0,0.0,0.0,0.0,-282.9772157653978,1000.0,0.0,-286.7565554887734,0.0,0.0,0.0,954.7641935051561,0.0,0.0,0.0,0.0,0.0,173.9997223381412,0.0,0.0,0.0,0.0,0.0,0.0,0.0,-178.7366367343687,0.0,-614.4409527950503,989.734688389975,0.0,0.0,1000.0,0.0,0.0,0.0,0.0,-518.5830774794597,0.0,0.0,-627.5605709067163,0.0,0.03763947590303385,0.0,0.0,0.0,6.843541073350055,0.0,0.0,-15.607225033760812,0.0,0.0,-533.839152837176,0.0,0.0,0.0,0.0,352.56299396373873,0.0,0.0,0.3421770536675028,0.0,0.0,0.0,0.0,0.0,0.0,0.0,0.0,0.0,0.0,0.0,0.0,20.530623220050167,0.0,185.3377617156007,-566.3263441284066,887.5637528889287,-716.9714576765521,582.113715200351,0.0,0.0,236.54979682867094,10.265311610025083,0.0,10.265311610025083,0.0,0.0,0.0,0.0,1.7108852683375138,173.9997223381412,0.0,0.0,0.0,0.0,0.0,0.0,0.0,0.0,0.0,0.0,0.0,0.0,0.0,0.0,0.0,0.0,0.0,0.0,0.0,0.0,0.0,-885.9059849530881,0.0,0.0,10.265311610025083,0.0,10.607488663692587,10.607488663692587,0.0,-128.69543601982429,128.69543601982429,0.0,0.0,249.18757281675687,0.0,0.0,-767.419500620172,0.0,0.0,0.0,0.0,0.0,187.97252502884047,0.03421770536675028,582.1222696266926,0.0,0.0,467.4798679522237,-1000.0,0.0,0.0,0.0,0.0,233.87089085997016,0.0,0.0,0.0,0.0,0.0,-433.344348981727,-433.344348981727,0.0,0.0,0.0,-546.875,828.1249999999989,0.0,0.0,-433.31013127636027,0.0,0.0,0.0,-350.8741690493194,0.0,0.0,0.0,0.0,0.0,0.0,0.0,0.0,0.0,0.0,0.0,0.0,0.0,0.0,0.0,-928.8059363786266,0.0,0.0,0.0,0.0,0.0,0.0,627.5605709067163,-170.5922952123766,170.5922952123766,128.97060861629063,0.0,0.0,0.0,0.0,0.0,0.0,0.0,-971.7809027367,0.0,0.0,0.0,0.0,0.0,0.0,0.0,0.0,0.0,0.0,0.0,0.0,0.0,57.3170672798507,390.7894535948957,0.0,0.0,0.0,0.0,350.8142269484287,251.23509094908155,0.0,0.0,0.0,0.0,-15.607225033760812,-1000.0,0.0,0.0,358.7855554111307,0.0,0.0,0.0,0.0,0.0,1.101810112809403,0.0,0.0,0.0,-1000.0,58.15604810130526,-627.9411459135266,0.0,0.0,0.0,0.0,518.2319278034151,41.74560054743534,0.0,0.0,0.0,-268.86143119815097,0.0,0.0,-1000.0,-571.8224539530516,1000.0,-1000.0,571.8224539530516,1000.0,716.9714576765521,0.0,1000.0,0.0,0.0,-263.52332426475374,0.0,0.0,0.0,-451.7616249024098,0.0,451.7616249024098,0.0,-430.5645523501155,38.447092238695824,350.8142269484287,0.0,-546.875,0.0,0.0,-15.607225033760812,-0.05132655805012541,0.0,0.0,0.0,0.0,0.03421770536675028,0.0,0.0,0.0,537.2331150904199,-282.9772157653978,0.0,-501.97834328937455,556.1840870134517,0.0,1000.0,0.0,1000.0,0.0,0.0,0.0,0.0,0.0,-2.9461444320768067,0.0,-997.0538555679232,0.0,-980.7577173102659,0.0,0.0,0.0,0.0,0.0,0.0,0.0,0.0,0.0,0.0,0.0,0.0,0.0,0.0,0.0,0.0,358.7855554111307,-624.4368155164216,0.0,-1000.0,0.0,554.16295039648,0.0,869.5282124580328,0.0,0.0,-189.07433514164987,0.0,0.0,0.0,594.1395081570109,0.0,0.0,0.0,-436.4749914973539,0.0,-352.56299396373873,146.03913216550822,-1.7108852683375138,356.8402071345825,0.0,0.0,0.0,1000.0,-0.8554426341687569,0.0,0.0,0.0,-1000.0,0.0,293.8576298685207,10.265311610025083,-343.7500000000001,343.7500000000001,0.0,0.0,0.0,0.0,0.0,-57.3170672798507,57.3170672798507,57.3170672798507,993.15645892665,0.0,0.0,-558.8272994837803,0.0,0.0,0.0,0.0,0.0,-178.77085443973544,0.0,0.0,0.0,0.0,0.0,0.0,0.0,-151.99599006290566,0.068435410733493,0.0,0.0,0.0,0.0,0.0,0.0,0.0,0.0,0.0,314.11590172504293,0.0,0.0,0.0,0.0,0.0,0.0,0.0,0.0,0.0,0.03763947590303385,0.03763947590303385,0.0,266.2813017529429,0.0,20.530623220050167,0.0,0.0,0.0,1000.0,0.0,0.0,185.3377617156007,0.0,0.0,1000.0,-1000.0,0.0,0.0,0.0,0.0,0.0,0.0,0.0,0.0,0.0,0.0,0.0,0.0,0.0,295.3019949843627,-537.2331150904199,532.5201320477763,0.0,187.97252502884047,0.0,0.0,236.54979682867094,-143.65590273670125,0.0,1000.0,0.0,1000.0,-151.99599006290566,0.0,0.0,57.3170672798507,0.0,0.0,0.0,0.0,0.0,0.0,0.0,0.0,0.0,0.0,0.0,0.0,0.0,20.530623220050167,518.2319278034151,518.2319278034151,0.0,0.0,0.0,0.0,0.0,0.0,0.0,0.0,0.0,0.0,0.3421770536675028,0.0,0.0,185.3377617156007,-185.3377617156007,0.0,627.5605709067163,0.0,0.0,10.265311610025083,0.0,0.0,0.0,0.0,0.0,0.0,0.0,0.0,0.0,0.0,1000.0,-970.8836999795228,0.0,10.265311610025083,10.265311610025083,1000.0,-1000.0,0.0,0.0,0.0,0.0,0.0,0.0,0.0,730.7108474847646,0.0,1000.0,0.03421770536675028,0.0,0.0,-15.625000000013126,18.384413525660342,0.0,0.0,-236.54979682867094,0.0,-38.447092238695824,0.0,0.0,0.0,0.0,0.0,0.0,0.0,0.0,0.0,0.0,0.0,0.0,0.03421770536675028,0.0,0.0,0.0,135.07398878274842,-135.07398878274842,0.0,0.0,0.0,554.16295039648,-190.78522040998737,1.7108852683375138,0.0,0.0,-375.5631844835784,-2.5663279025062593,-1.7108852683375138,0.0,0.0,0.0,0.0,0.0,0.0,0.0,0.0,0.0,0.0,0.0,0.0,518.2319278034151,0.0,0.0,0.0,-704.4314848631418,0.0,0.0,0.0,-0.0342177053667001,0.0,0.0,0.03421770536675028,0.0,0.03421770536675028,0.0,0.0,0.0,20.530623220050167,41.74560054743534,41.74560054743534,0.0,0.0,0.0,0.0,0.0,0.0,0.0,532.5201320477763,0.0,0.0,0.0,0.0,0.0,0.0,0.0,0.0,0.0,0.0,0.0,0.0,0.0,0.0,0.0,0.0,0.0,0.0,0.0,380.2056995653722,0.0,0.0,0.0,0.05132655805012541,0.0,0.0,0.0,-10.265311610025083,0.0,0.0,0.0,0.0,0.0,-266.2813017529429,1.7108852683375138,0.0,0.0,0.0,546.875,-828.1249999999989,-1.7108852683375138,0.0,0.0,0.0,0.0,0.0,0.0,0.0,0.0,518.2319278034151,0.0,0.0,0.0,208.9642344730922,0.0,32.496310434143716,0.0,0.0,0.0,0.0,0.0,0.0,0.0,0.0,1.7108852683375138,1000.0,0.0,0.0,0.0,-549.4463778709369,718.7500000000007,-718.7500000000007,0.0,0.0,0.0,0.0,0.0,0.0,0.0,0.0,-5.132655805012519,41.74560054743534,0.0,0.0,0.0,0.0,0.0,0.0,0.0,0.0,0.0,1.101810112809403,0.0,0.0,268.84762965544917,-316.87531525069016,365.10328981248074,0.0,10.265311610025083,185.3377617156007,0.0,0.0,0.0,-25.843316780478546,0.0,0.0,0.03763947590303385,0.0,0.0,0.0,20.87280027371767,0.0,0.0,0.0,0.0,390.7894535948957,0.0,0.0,0.0,0.0,0.0,0.0,0.0,0.0,0.0,0.0,0.0034217705366750275,0.0034217705366750275,0.0,0.0,0.0,0.0,0.0,0.0,0.0,0.0,0.0,-15.625000000013126,0.0,0.0,0.0,0.0,0.0,266.2813017529429,0.0,0.0,0.0,0.0,0.0,0.0,0.0,0.0,0.0,0.0,0.0,370.6755234312014,296.8542875334511,-40.58778112576357,1000.0,0.0,0.0,0.0,20.530623220050167,0.0,0.0,0.0,0.0,0.0,0.0,-20.530623220050167,0.0,370.6755234312014,0.0,0.0,0.0,0.0,0.0,0.0,0.0,0.0,0.0,0.0,-1000.0,904.7105698229058,23.439128176223942,0.0,-10.265311610025083,0.0,375.4263136621114,0.0,0.0,0.0,0.0,0.0,0.0,0.0,0.0,0.0,0.0,0.0,0.0,0.0,0.0,0.0,0.0,0.0,-4.277213170843773,518.2319278034151,-2.5663279025062593,2.5663279025062735,0.0,0.0,0.0,0.0,0.0,0.0,-0.4277213170843785,178.77085443973544,0.0,0.0,0.0,0.0,0.0,0.0,0.0,980.7577173102659,10.265311610025083,10.265311610025083,0.0,0.0,0.0,0.0,0.0,0.03763947590303385,266.2813017529429,0.0,0.0,-375.42631366211134,0.0,0.0,0.0,0.0,0.0,0.0,0.0,0.0,0.0,0.0,0.0,0.0,0.0,0.0,0.0,0.0,0.0,10.607488663692587,0.0,35.928590635087794,187.97252502884047,0.0,0.0,0.0,0.0,0.0,266.2813017529429,0.0,0.0,0.0,0.0,0.0,-4.277213170843773,0.0,0.0,0.0,0.0,0.0,0.0,0.0,0.0,0.0,0.0,0.0,0.0,0.0,0.0,0.0,0.0,0.0,0.0,-0.03421770536675028,0.0,0.0,1.7108852683375138,-1000.0,0.0,0.0,0.0,0.0,518.2319278034151,0.0,0.0,0.0,2.9461444320768067,0.8554426341687569,0.0,0.0,0.0,0.03421770536675028,0.0,34.21770536675027,0.0,6.843541073350056,0.24441218119107339,116.68237530061846,-0.025663279025062706,436.4749914973539,0.6843541073350056,-0.17108852683384157,-116.68237530061846,10.265311610025083,-0.03421770536675028,0.0,0.0,0.00855442634168757,0.24441218119107339,0.0,-190.78522040998737,-0.6843541073350056,-430.2662287458288,-0.03421770536675028,0.00855442634168757,-116.68237530061846,3.4217705366750275,0.03421770536675028,0.03421770536675028,-266.20944457167315,-185.30012223969726,-151.99599006290566,-0.025663279025062706,10.265311610025083,0.03421770536675028,10.265311610025083,-17.10885268337514,-0.01710885268337514,-81.8749007970645,-254.69107919112332,-0.025663279025062706,-0.03421770536675028,0.0,0.03421770536675028,3.4217705366750275,-0.6843541073350056,380.2056995653722,380.2056995653722,-3.4217705366750275,430.2662287458288,-380.2056995653722,6.843541073350055,0.05132655805012541,-1000.0,3.4217705366750275,-295.3019949843627,0.0,-6.843541073350055,0.01710885268337514,0.3421770536675028,125.49458582234364,215.80777554644226,-0.03421770536675028,-273.9802854604617,266.20944457167315,10.607488663692587,0.03421770536675028,190.78522040998737,-41.06124644010043,0.0,-0.03421770536675028,-0.00855442634168757,0.0,-0.03421770536675028,-151.99599006290566,0.03421770536671093,-0.00855442634168757,-0.00855442634168757,-0.00855442634168757,13.68708214670011,17.10885268337514,0.3421770536675028,25.351042463592307,-0.00855442634168757,250.98917164468727,1.7108852683375138,77.70888029979035,0.03421770536675028,0.01710885268337514,0.01710885268337514,-191.20888905688724,0.0,0.03421770536675028,0.0,0.3421770536675028,0.03421770536675028,-25.351042463592307,0.03421770536675028,0.13687082146702778,0.17108852683384157,0.01710885268337514,0.00855442634168757,10.265311610025083,-0.03421770536675028,151.99599006290566,0.3421770536675028,-50.702084927184615,435.6195488631852,-3.4217705366750275,6.843541073350055,1.7108852683375138,-0.03421770536675028,0.0,0.05132655805012541,-0.03421770536675028,382.4177781137745,0.0,222.8452962306806,0.01710885268337514,-155.4177605995807,-0.03421770536675028,-0.03421770536671093,-0.03421770536675028,0.01710885268337514,116.68237530061846,-6.843541073350055,0.03421770536675028,250.98917164468727,-0.00855442634168757,185.30012223969726,-250.98917164468727,5.132655805012541,254.69107919112332,370.3299248338415,116.68237530061846,-0.025663279025062706,273.9802854604617,-215.80777554644226,0.03421770536675028,-0.008554426341687568,595.8503934253484,34.21770536675027,-0.01710885268337514,-0.03421770536675028,0.00855442634168757,1000.0,0.0,999.9828911473166,0.0,-348.10302858233416,0.0,484.78049828552565,-0.7562112886047897,0.0,462.5909235686251,-1000.0,493.1802805402826,0.0,-231.29546178431255,174.05151429116708,500.0,0.0,0.37810564430239485,-266.2813017529429,-197.00197945020204,0.0,-493.1802805402826,-197.00197945020204,-484.78049828552565,261.20998709447554,0.0,1496.5981,bhi
276,0.0,0.0,0.0,0.0,0.0,0.0,0.0,0.0,-0.03930367407356157,0.0,0.0,0.0,0.0,0.0,0.0,0.0,-484.37357616463964,0.0,0.0,809.7096312300422,0.0,0.0,0.0,0.0,0.0,0.0,0.0,0.0,0.0,-470.6536607291888,0.0,0.0,323.8583737209412,0.0,0.0,0.0,0.0,999.8427853037058,0.0,-1000.0,751.9504732485354,0.0,0.0,0.0,0.0,0.0,0.0,0.0,955.0272368938284,-565.3650149937722,0.0,0.0,0.0,0.043234041480956595,0.0,0.0,0.0,245.06911743419286,0.0,0.0,183.89405944920915,0.0,-465.22970943271014,-843.4018590213633,583.6893001484699,0.0,0.0,0.0,0.0,0.0,0.0,0.3930367407356157,0.0,0.0,0.0,0.0,0.0,0.0,0.0,0.0,0.0,0.0,308.5853249996226,0.0,23.582204444136945,0.0,0.0,-50.17242127880732,-513.4719364504275,484.43253167575,-0.009825918518390393,0.0,0.0,-217.87626800861935,11.791102222068472,0.0,507.6566220279708,0.0,0.0,0.0,308.5853249996226,1.9651837036780784,-470.6536607291888,0.0,0.0,-217.87626800861935,0.0,0.0,0.0,0.0,0.0,0.0,0.0,0.0,0.0,0.0,0.0,0.0,0.0,0.0,0.0,0.0,0.0,0.0,-747.0089592100123,0.0,0.0,507.6566220279708,0.0,12.184138962804088,0.0,0.0,-496.5821099473225,496.5821099473225,0.0,0.0,0.0,277.2326313742321,-277.2326313742321,-562.0662090378623,0.0,0.0,0.0,0.0,0.0,-305.5589420959584,0.03930367407356157,0.0,0.0,0.0,722.9014431295276,-722.9014431295276,0.0,0.0,0.0,0.0,404.6632983074823,0.0,0.0,0.0,0.0,0.0,357.3250149126467,357.3250149126467,0.0,0.0,0.0,0.0,0.0,0.0,0.0,357.36431858672023,0.0,0.0,0.0,0.0,-567.3564895211452,0.0,0.0,0.0,0.0,0.0,0.0,0.0,0.0,0.0,-885.4962467694536,0.0,0.0,0.0,0.0,-1000.0,0.0,0.0,0.0,0.0,0.0,565.3650149937722,0.0,95.14518438497893,-95.14518438497893,562.0662090378623,0.0,0.0,0.0,0.0,0.0,0.0,0.0,-1000.0,0.0,0.0,0.0,0.0,0.0,0.0,0.0,0.0,0.0,0.0,0.0,0.0,0.0,0.0,101.04615154110041,0.0,0.0,0.0,0.0,0.0,-562.0662090378623,0.0,0.0,0.0,0.0,183.89405944920915,0.0,0.0,0.0,0.0,0.0,0.0,0.0,0.0,0.0,1.265578305168674,0.0,495.86551980590235,0.0,0.0,-608.6171208354065,1000.0,0.0,0.0,0.0,0.0,562.0662090378623,40.5066480465128,0.0,0.0,0.0,91.36594919888478,0.0,0.0,-918.2602225768046,-918.2602225768046,0.0,0.0,0.0,918.2602225768046,-418.3267520654486,0.0,0.0,565.3650149937722,0.0,109.65725066523679,0.0,0.0,0.0,0.0,0.0,0.0,0.0,357.2857112385731,0.0,0.0,-1000.0,0.0,0.0,0.0,183.89405944920915,-0.05895551111034235,0.0,0.0,0.0,0.0,0.03930367407356157,0.0,0.0,0.0,491.0777996668605,-484.37357616463964,0.0,-145.25084533907955,159.49450901149677,567.3564895211452,1000.0,0.0,56.30644347778435,0.0,-217.87626800861935,0.0,0.0,0.0,-3.384046337733689,0.0,-52.922397140050656,-1000.0,-1000.0,0.0,0.0,0.0,0.0,0.0,0.0,0.0,0.0,0.0,0.0,0.0,0.0,0.0,0.0,0.0,0.0,0.0,0.0,0.0,-1000.0,0.0,0.0,0.0,601.6122773444553,0.0,324.68749103667847,304.2933637907897,0.0,0.0,0.0,0.0,0.0,0.0,442.65395838878317,-302.7713223759057,334.64801211130316,0.0,-113.90990819999615,-1.9651837036780784,0.0,0.0,-442.65395838878317,0.0,806.7819705289094,-335.6306039631422,0.0,0.0,0.0,-369.1755739555557,0.0,-572.8905950636756,507.6566220279708,0.0,0.0,0.0,839.8195049742129,0.0,0.0,0.0,0.0,0.0,0.0,167.39454750028264,0.0,0.0,0.0,0.0,0.0,0.0,0.0,0.0,-194.27809013944403,0.0,0.0,259.60709527650624,0.0,0.0,0.0,0.0,-406.6104704868704,0.0786073481471494,0.0,0.0,0.0,0.0,0.0,0.0,0.0,0.0,0.0,0.0,0.0,0.0,0.0,0.0,0.0,0.0,0.0,0.0,0.0,0.043234041480956595,0.043234041480956595,0.0,88.85935820761831,0.0,23.582204444136945,0.0,0.0,0.0,1000.0,0.0,0.0,0.0,0.0,0.0,1000.0,-1000.0,0.0,0.0,0.0,0.0,0.0,259.60709527650624,0.0,0.0,0.0,0.0,0.0,0.0,0.0,249.00298640333745,-491.0777996668605,0.0,0.0,3.026382903664239,0.0,0.0,-217.87626800861935,-217.87626800861935,0.0,1000.0,0.0,1000.0,-406.6104704868704,0.0,0.0,0.0,0.0,0.0,0.0,0.0,0.0,0.0,0.0,0.0,0.0,0.0,0.0,0.0,0.0,23.582204444136945,562.0662090378623,562.0662090378623,0.0,0.0,0.0,0.0,0.0,0.0,0.0,0.0,0.0,0.0,0.3930367407356157,0.0,0.0,0.0,0.0,0.0,0.0,0.0,0.0,507.6566220279708,0.0,0.0,0.0,0.0,0.0,0.0,0.0,0.0,0.0,0.0,44.51562280201608,-435.2419139492083,0.0,11.79110222206847,11.791102222068472,-4.9129592591951985,-1000.0,0.0,259.60709527650624,0.0,0.0,0.0,0.0,0.0,470.6536607291888,0.0,945.1440224499958,0.03930367407356157,0.0,0.0,0.0,51.90611642472,0.0,0.0,217.87626800861935,0.0,0.0,0.0,0.0,0.0,0.0,0.0,0.0,0.0,0.0,0.0,0.0,0.0,0.0,0.03930367407356157,0.0,0.0,0.0,0.0,0.0,0.0,0.0,0.0,0.0,0.0,1000.0,0.0,-695.7066362092103,-1000.0,-2.947775555517118,0.0,-1.9651837036780802,0.0,0.0,0.0,0.0,0.0,0.0,0.0,0.0,0.0,0.0,0.0,562.0662090378623,567.3564895211452,0.0,0.0,-940.1009853155532,0.0,0.0,0.0,-0.03930367407356157,0.0,0.0,0.03930367407356157,0.0,0.03930367407356157,0.0,0.0,0.0,23.582204444136945,47.95048236974512,47.95048236974512,0.0,0.0,0.0,0.0,0.0,0.0,0.0,0.0,0.0,0.0,0.0,0.0,0.0,0.0,0.0,0.0,0.0,0.0,0.0,0.0,0.0,0.0,0.0,0.0,0.0,0.0,0.0,0.0,0.0,-382.9641146444598,382.9641146444598,0.05895551111034235,0.0,0.0,0.0,-507.6566220279708,0.0,0.0,0.0,0.0,0.0,-88.85935820761831,1.9651837036780784,0.0,0.0,0.0,0.0,0.0,0.0,-1.9651837036780802,0.0,0.0,0.0,0.0,0.0,0.0,0.0,562.0662090378623,0.0,0.0,-65.63509678014606,88.85935820761831,0.0,-1000.0,-217.87626800861935,0.0,304.2933637907897,695.7066362092103,-1000.0,0.0,-7.443834323232316,0.0,1.9651837036780802,1000.0,0.0,207.61363720430847,0.0,-194.27809013944403,-843.7500000000008,843.7500000000008,0.0,0.0,0.0,0.0,0.0,0.0,0.0,977.303380532589,-97.70268487416959,47.95048236974512,0.0,0.0,0.0,0.0,0.0,0.0,0.0,0.0,0.0,1.265578305168674,0.0,0.0,0.0,-51.90611642472,0.0,0.0,11.791102222068472,0.0,0.0,0.0,0.0,-360.05567515175727,0.0,0.0,0.043234041480956595,0.0,0.0,0.0,23.97524118487256,0.0,0.0,0.0,0.0,101.04615154110041,0.0,0.0,0.0,0.0,0.0,0.0,0.0,0.0,0.0,0.0,0.003930367407356157,0.003930367407356157,0.0,0.0,0.0,0.0,0.0,0.0,0.0,0.0,0.0,0.0,0.0,0.0,0.0,0.0,0.0,88.85935820761831,0.0,0.0,0.0,0.0,0.0,0.0,0.0,565.3650149937722,0.0,0.0,0.0,0.0,795.9897157945913,0.0,0.0,0.0,0.0,0.0,23.582204444136945,0.0,0.0,0.0,0.0,0.0,0.0,-23.582204444136945,0.0,0.0,0.0,0.0,0.0,0.0,0.0,0.0,0.0,0.0,0.0,0.0,-1000.0,-1000.0,26.923016740389674,-922.9897574241152,415.3331353961443,0.0,999.8427853037058,0.0,0.0,0.0,0.0,0.0,0.0,0.0,0.0,0.0,0.0,0.0,0.0,0.0,0.0,0.0,0.0,0.0,-4.9129592591951985,562.0662090378623,-2.947775555517118,94.75490931865257,0.0,0.0,0.0,0.0,0.0,843.54035221147,-844.0316481373895,194.27809013944403,0.0,0.0,0.0,0.0,0.0,0.0,0.0,945.1440224499958,11.791102222068472,11.79110222206847,0.0,0.0,0.0,0.0,0.0,0.043234041480956595,88.85935820761831,0.0,0.0,-999.8427853037058,0.0,0.0,0.0,0.0,0.0,0.0,0.0,0.0,0.0,0.0,0.0,0.0,0.0,0.0,191.4820573222299,0.0,0.0,0.0,0.0,41.26885777723965,3.026382903664239,0.0,0.0,0.0,0.0,0.0,88.85935820761831,0.0,0.0,0.0,0.0,0.0,-4.9129592591951985,0.0,0.0,0.0,0.0,0.0,0.0,0.0,0.0,0.0,0.0,0.0,0.0,0.0,0.0,0.0,0.0,0.0,0.0,-0.03930367407356157,0.0,0.0,1.9651837036780784,-1000.0,0.0,0.0,0.0,0.0,562.0662090378623,0.0,0.0,0.0,3.384046337733689,0.9825918518390392,0.0,0.0,0.0,0.03930367407356157,0.0,39.30367407356157,-12.184138962804088,7.8607348147123135,0.28074052909686836,109.65725066523679,-0.029477755555171174,302.7713223759057,0.7860734814712314,-0.19651837036781217,-109.65725066523679,11.79110222206847,-0.03930367407356157,72.62542266953979,259.60709527650624,0.009825918518390393,0.28074052909686836,-217.87626800861938,-6.257144912510982,-0.7860734814712314,-325.33605506540255,-0.03930367407356157,0.009825918518390393,-109.65725066523679,3.9303674073561568,0.03930367407356157,0.03930367407356157,-88.77682049206379,0.04323404148091773,-294.7163081905728,-0.029477755555171174,11.79110222206847,0.03930367407356157,507.6566220279708,476.2136827691216,-0.019651837036780785,325.8055459003293,558.0965379564326,-0.029477755555171174,-0.03930367407356157,-12.184138962804088,0.03930367407356157,3.9303674073561568,-0.7860734814712314,0.0,0.0,-3.9303674073561568,325.33605506540255,0.0,7.8607348147123135,0.05895551111034235,-1000.0,3.9303674073561568,-249.00298640333745,259.60709527650624,-7.8607348147123135,0.019651837036780785,0.3930367407356157,36.31271133476989,96.72009302233063,-0.03930367407356157,-97.70268487416959,88.77682049206379,12.184138962804088,0.03930367407356157,6.257144912510982,-283.4228334176697,259.60709527650624,-0.03930367407356157,-0.009825918518390393,-259.60709527650624,-0.03930367407356157,-406.6104704868704,0.03930367407360791,-0.009825918518390393,-0.009825918518390393,-0.009825918518390393,15.721469629424627,-476.2136827691216,0.3930367407356157,29.119109529249727,-0.009825918518390393,0.0,1.9651837036780784,205.27041894711326,0.03930367407356157,0.019651837036780785,0.019651837036780785,133.73391504560928,12.184138962804088,0.03930367407356157,-12.184138962804088,0.3930367407356157,0.03930367407356156,-29.119109529249727,0.03930367407356157,0.15721469629422896,0.19651837036781217,0.019651837036780785,0.009825918518390393,11.79110222206847,-0.03930367407356157,294.7163081905728,0.3930367407356157,-58.23821905849945,301.78873052406664,-3.9303674073561568,7.8607348147123135,1.9651837036780784,-0.03930367407356157,217.87626800861938,0.05895551111034235,-0.03930367407356156,-267.46783009121856,12.184138962804088,416.251267570928,0.019651837036780785,-410.5408378942265,-0.03930367407356157,-0.03930367407360791,-0.03930367407356157,0.019651837036780785,109.65725066523679,-7.8607348147123135,0.03930367407356157,72.62542266953977,-0.009825918518390393,-0.04323404148091773,-72.62542266953977,5.8955511110342345,-558.0965379564326,-221.22520298798702,109.65725066523679,-0.029477755555171174,97.70268487416959,-96.72009302233063,0.03930367407356157,-0.009825918518390393,1.9651837036780802,39.30367407356157,-0.019651837036780785,-0.03930367407356157,0.009825918518390393,1000.0,0.0,933.8745685526618,0.0,-414.7601483215735,237.20838261948055,644.7584179048258,-542.6032529265864,0.0,-1000.0,-797.1985192805885,992.1392651852877,-66.1057796103014,500.0,207.38007416078676,398.59925964029424,0.0,271.3016264632932,-88.85935820761831,-56.19559241917074,66.1057796103014,-992.1392651852877,-56.19559241917074,-644.7584179048258,462.1254419575697,-237.20838261948055,1496.5981,bhi
277,0.0,0.0,0.0,0.0,0.0,0.0,0.0,0.0,-0.03010052990646882,0.0,0.0,0.0,0.0,0.0,0.0,0.0,-866.2943270685184,318.6289406221888,0.0,1000.0,0.0,0.0,0.0,68.86794234271119,0.0,753.9770282551672,0.0,0.0,0.0,922.9171380425771,0.0,0.0,700.5357938270396,0.0,0.0,0.0,0.0,536.1989519369181,0.0,-1000.0,1000.0,0.0,0.0,-56.622810974058666,0.0,0.0,0.0,0.0,0.0,0.0,0.0,0.0,0.0,0.03311058289727953,0.0,0.0,0.0,0.0,0.0,0.0,101.04430742913472,0.0,637.5772514992623,427.53607663970394,0.0,0.0,0.0,0.0,656.5065064143195,-656.5065064143195,0.0,0.30100529906468826,0.0,0.0,0.0,0.0,0.0,0.0,0.0,0.0,0.0,0.0,521.3779416465611,0.0,18.060317943881294,0.0,0.0,659.3144703110944,-9.076504986966825,668.3909752980612,-0.007525132476617206,0.0,0.0,539.1254926420618,9.030158971940647,0.0,9.030158971940647,0.0,0.0,0.0,645.1657188374352,759.266377012689,922.9171380425771,0.0,0.0,-298.79898446202725,0.0,0.0,0.0,0.0,0.0,0.0,0.0,0.0,0.0,0.0,0.0,0.0,0.0,0.0,0.0,0.0,0.0,0.0,-1000.0,0.0,0.0,9.030158971940647,0.0,9.331164271005337,9.331164271005337,0.0,95.32839666866823,-95.32839666866823,0.0,0.0,-311.0854822886931,0.0,0.0,0.0,0.0,0.0,0.0,0.0,0.0,-519.060200843763,0.03010052990646882,0.0,0.0,0.0,-313.16742362861,0.0,0.0,0.0,0.0,0.0,265.33985675397116,0.0,0.0,0.0,0.0,0.0,-114.0795243345359,-114.0795243345359,0.0,0.0,0.0,0.0,602.4217991925093,0.0,0.0,-114.04942380462944,0.0,0.0,0.0,308.0737750410128,0.0,0.0,0.0,0.0,0.0,0.0,0.0,0.0,0.0,0.0,0.0,0.0,0.0,0.0,0.0,-1000.0,0.0,0.0,0.0,0.0,0.0,0.0,0.0,-659.3144703110944,659.3144703110944,311.0854822886931,0.0,0.0,0.0,0.0,0.0,0.0,0.0,151.44382784196245,0.0,0.0,0.0,0.0,0.0,0.0,0.0,0.0,0.0,0.0,0.0,0.0,0.0,428.7757501325021,425.13540750353576,-56.622810974058666,0.0,0.0,0.0,0.0,-311.0854822886931,0.0,0.0,0.0,0.0,101.04430742913472,0.0,0.0,0.0,0.0,0.0,0.0,0.0,0.0,0.0,0.9692370629884408,38.135547067019104,0.0,0.0,-849.7480158356805,-199.5100505115529,0.0,0.0,56.622810974058666,0.0,0.0,311.0854822886931,-468.6316487187172,0.0,0.0,0.0,-106.72879250197107,0.0,0.0,649.0293812295677,685.273225383528,0.0,-36.24384415396032,0.0,-685.273225383528,-668.3909752980612,0.0,0.0,0.0,0.0,102.6428069810587,0.0,0.0,0.0,0.0,0.0,0.0,0.0,0.0,0.0,0.0,773.4403534694247,0.0,0.0,0.0,101.04430742913472,-0.04515079485970323,0.0,0.0,0.0,0.0,0.03010052990646882,0.0,0.0,0.0,990.0006039650709,-866.2943270685184,0.0,-199.19932297468483,842.9350346751914,0.0,939.5212543204949,0.0,939.1964294049686,0.0,-298.79898446202725,0.0,0.0,0.0,-2.591655624947129,-936.6047737800214,0.0,-1000.0,-1000.0,0.0,0.0,0.0,0.0,0.0,0.0,0.0,0.0,0.0,0.0,0.0,0.0,0.0,0.0,0.0,0.0,0.0,0.0,0.0,-1000.0,0.0,463.6806459434561,0.0,0.0,0.0,0.0,518.0909637807746,0.0,123.78777719087402,0.0,0.0,757.7613505173655,280.098267365702,-576.4200984157654,269.89544912390346,999.2474867523383,0.0,30.18894816446862,0.0,-40.53036351906027,0.0,576.4200984157654,-650.2811508779097,-240.8622220115576,-1000.0,-1.5050264953234411,0.0,0.0,-641.7363090165909,1000.0,0.0,9.030158971940647,0.0,0.0,0.0,0.0,0.0,0.0,0.0,-428.7757501325021,428.7757501325021,428.7757501325021,-212.20893942875887,0.0,0.0,-114.10962486444238,0.0,0.0,0.0,0.0,0.0,-108.99686743042363,0.0,0.0,69.50890465144576,0.0,0.0,0.0,0.0,102.93782490298511,0.06020105981292545,0.0,0.0,0.0,0.0,0.0,0.0,0.0,0.0,0.0,0.0,0.0,0.0,0.0,0.0,0.0,0.0,0.0,0.0,0.0,0.03311058289727953,0.03311058289727953,0.0,0.0,0.0,18.060317943881294,0.0,0.0,0.0,-273.85486213379886,0.0,285.4583788811079,0.0,0.0,0.0,412.20371951358817,273.85486213379886,0.0,0.0,857.4992035390419,0.0,0.0,69.50890465144576,0.0,0.0,0.0,0.0,0.0,0.0,0.0,333.3333333333333,-990.0006039650709,313.16742362861,0.0,522.7356147357102,0.0,1000.0,-460.8745073579382,-460.8745073579382,0.0,412.20371951358817,0.0,1000.0,-484.85845558342675,0.0,0.0,428.7757501325021,0.0,0.0,0.0,0.0,0.0,0.0,0.0,0.0,0.0,0.0,0.0,0.0,0.0,18.060317943881294,311.0854822886931,311.0854822886931,0.0,0.0,0.0,0.0,0.0,0.0,0.0,0.0,0.0,0.0,0.30100529906468826,0.0,0.0,0.0,0.0,0.0,0.0,0.0,0.0,9.030158971940647,-857.4992035390419,0.0,0.0,520.4178739329121,0.0,0.0,0.0,0.0,0.0,0.0,371.81490760923884,0.0,0.0,9.030158971940647,9.030158971940647,334.75475056699435,273.85486213379886,0.0,69.50890465144576,0.0,0.0,0.0,0.0,0.0,77.08286195742289,0.0,184.18791108322483,0.03010052990646882,0.0,0.0,-484.0781236394501,486.50551637262174,0.0,0.0,-539.1254926420618,0.0,0.0,0.0,0.0,0.0,0.0,0.0,0.0,0.0,0.0,0.0,0.0,0.0,0.0,0.03010052990646882,0.0,0.0,0.0,0.0,0.0,0.0,0.0,0.0,463.6806459434561,0.0,641.8787409716487,0.0,0.0,-1000.0,-2.257539742985162,-1.5050264953234425,0.0,0.0,0.0,0.0,0.0,0.0,0.0,0.0,0.0,0.0,0.0,0.0,311.0854822886931,0.0,0.0,0.0,-640.2312825212674,0.0,0.0,0.0,-0.03010052990646882,0.0,0.0,0.03010052990646882,0.0,0.03010052990646882,0.0,0.0,0.0,18.060317943881294,36.72264648589197,36.72264648589197,0.0,0.0,0.0,0.0,0.0,0.0,123.78777719087402,313.16742362861,0.0,0.0,0.0,0.0,0.0,0.0,0.0,0.0,0.0,0.0,0.0,0.0,0.0,0.0,0.0,0.0,0.0,0.0,0.0,0.0,0.0,-868.3876916517074,868.3876916517074,0.04515079485970323,0.0,0.0,0.0,-9.030158971940647,0.0,0.0,0.0,0.0,0.0,0.0,1.5050264953234411,0.0,0.0,0.0,0.0,-602.4217991925093,-1.5050264953234425,0.0,0.0,0.0,0.0,0.0,0.0,0.0,0.0,311.0854822886931,0.0,857.4992035390419,847.7376912180459,-428.7757501325021,0.0,489.96114464726537,-298.79898446202725,0.0,516.5859372854511,123.78777719087402,-640.3737144763252,0.0,-505.3542952046092,0.0,1.5050264953234425,343.93107799059527,0.0,0.0,0.0,-108.99686743042363,0.0,0.0,0.0,0.0,0.0,0.0,0.0,0.0,0.0,-2.257539742985159,-2.2575397429853865,36.72264648589197,0.0,0.0,0.0,0.0,0.0,0.0,0.0,0.0,0.0,0.9692370629884408,0.0,0.0,4.515079485970321,-2.427392733171664,-76.80341721471686,0.0,9.030158971940647,0.0,0.0,0.0,0.0,-277.1259727081849,0.0,0.0,0.03311058289727953,0.0,0.0,0.0,18.361323242945986,0.0,0.0,0.0,0.0,425.13540750353576,0.0,0.0,0.0,0.0,0.0,0.0,0.0,0.0,0.0,0.0,0.0030100529906469686,0.0030100529906469686,0.0,0.0,0.0,0.0,0.0,0.0,0.0,0.0,0.0,-484.0781236394501,0.0,0.0,0.0,0.0,0.0,0.0,0.0,0.0,0.0,0.0,0.0,0.0,0.0,0.0,0.0,0.0,0.0,0.0,0.0,-732.5886541370368,318.6289406221888,0.0,0.0,0.0,18.060317943881294,0.0,0.0,0.0,0.0,0.0,981.9396820561187,-1000.0,0.0,0.0,0.0,0.0,0.0,0.0,0.0,0.0,0.0,0.0,0.0,0.0,-184.18791108322483,0.0,20.61886298593115,0.0,-9.030158971940647,0.0,999.8795978803741,0.0,0.0,0.0,0.0,0.0,0.0,0.0,0.0,0.0,0.0,0.0,0.0,0.0,0.0,0.0,0.0,0.0,-3.7625662383086045,311.0854822886931,-760.0188902603506,0.0,0.0,0.0,0.0,0.0,0.0,-220.48286179196694,220.10660516813607,108.99686743042363,0.0,0.0,0.0,0.0,0.0,0.0,0.0,1000.0,9.030158971940647,9.030158971940647,0.0,0.0,0.0,0.0,0.0,0.03311058289727953,0.0,0.0,0.0,-999.8795978803741,0.0,0.0,0.0,0.0,0.0,0.0,0.0,0.0,0.0,0.0,0.0,0.0,0.0,0.0,57.20533169827013,0.0,0.0,9.331164271005337,0.0,31.605556401792263,126.10551799367212,0.0,0.0,0.0,0.0,0.0,0.0,0.0,0.0,0.0,0.0,0.0,-3.7625662383086045,0.0,0.0,0.0,0.0,0.0,0.0,0.0,0.0,0.0,0.0,0.0,0.0,0.0,0.0,0.0,0.0,0.0,0.0,-0.03010052990646882,0.0,0.0,1.5050264953234411,-412.20371951358817,0.0,0.0,0.0,0.0,311.0854822886931,0.0,0.0,0.0,2.591655624947129,0.7525132476617206,0.0,0.0,753.9770282551672,0.03010052990646882,0.0,30.10052990646882,0.0,6.0201059812937645,0.21500378504620588,102.6428069810587,-0.022575397429851617,380.3857017540062,0.6020105981293765,-0.15050264953231973,-102.6428069810587,9.030158971940647,-0.03010052990646883,99.59966148734242,69.50890465144576,0.007525132476617206,0.21500378504620588,-298.79898446202725,-4.792004361110003,-0.6020105981293765,-452.33461355367035,-0.030100529906468824,0.007525132476617206,-102.6428069810587,733.3828658584129,0.030100529906468824,0.03010052990646882,0.06321111280374836,0.03311058289711579,0.0,-0.022575397429851617,9.030158971940647,0.030100529906468824,9.030158971940647,-15.05026495323441,-0.015050264953234412,332.25811217008334,308.0453287681397,-0.022575397429851617,-0.030100529906468824,0.0,0.03010052990646882,3.0100529906468823,-0.6020105981293765,0.0,0.0,-3.010052990646841,452.33461355367035,0.0,6.0201059812937645,0.04515079485970323,-1000.0,3.0100529906468823,-333.3333333333333,69.50890465144576,-6.0201059812937645,0.015050264953234412,0.30100529906468826,49.79983074367121,-422.75564415120834,-0.03010052990646882,-6.7726192289557074,-0.06321111280374836,9.331164271005337,0.030100529906468824,4.792004361110003,-696.9845441040829,69.50890465144576,-0.03010052990646882,-0.007525132476617206,-69.50890465144576,-0.030100529906468824,102.93782490298511,0.030100529906468824,-0.007525132476617206,-0.007525132476617206,-0.007525132476617206,12.040211962587529,15.05026495323441,0.30100529906468826,348.2004867296364,-0.007525132476617206,0.0,1.5050264953234411,-49.963885956169115,0.03010052990646882,0.015050264953234412,0.015050264953234412,37.764505316369764,0.0,0.03010052990646882,0.0,0.30100529906468826,0.030100529906468824,-1000.0,0.030100529906468824,0.1204021196258509,0.15050264953231973,0.015050264953234412,0.007525132476617206,9.030158971940647,-0.030100529906468824,0.0,0.30100529906468826,-696.4009734592728,379.6331885063444,-3.0100529906468823,6.0201059812937645,1.5050264953234411,-0.030100529906468824,298.79898446202725,0.04515079485970323,-0.030100529906468824,-75.52901063273953,0.0,491.79335193365966,0.015050264953234412,99.92777191233823,-0.030100529906468824,-0.030100529906468824,-0.030100529906468824,0.015050264953234412,102.6428069810587,-6.0201059812937645,0.03010052990646882,99.59966148734242,-0.007525132476617206,-0.03311058289711579,-99.59966148734242,4.515079485970323,-308.0453287681397,-27.898509656978547,102.6428069810587,-0.022575397429851617,6.7726192289557074,422.75564415120834,0.030100529906468824,-0.007525132476617204,1.5050264953234425,30.10052990646882,-0.015050264953234412,-0.030100529906468824,0.007525132476617206,1000.0,0.0,999.9849497350467,651.7995132703636,-874.5791283831159,32.11544108572534,244.28132350405505,-1000.0,730.372812867766,-571.2330359678851,504.9878179094924,-182.81382699994913,0.0,285.6165179839426,437.28956419155793,-252.4939089547462,-730.372812867766,500.0,0.0,-214.66737922547472,0.0,182.81382699994913,-214.66737922547472,-244.28132350405505,469.1279073087456,-32.11544108572534,1496.5981,bhi
278,0.0,0.0,0.0,0.0,0.0,0.0,0.0,0.0,-0.022279938839566,0.0,0.0,0.0,0.0,0.0,0.0,0.0,-1000.0,350.86769377636426,0.0,922.9161276901939,0.0,0.0,0.0,0.0,0.0,471.5148068885398,0.0,0.0,0.0,762.9352997415345,0.0,0.0,0.0,0.0,0.0,0.0,0.0,976.9808257857513,0.0,-1000.0,1000.0,0.0,0.0,945.0452983512284,0.0,0.0,71.50770950435259,0.0,0.0,0.0,0.0,575.1012486506476,0.0,0.024507932723281556,0.0,0.0,0.0,4.4559877679132,0.0,0.0,-176.88578155982034,0.0,0.0,-236.38966642816084,0.0,0.0,0.0,0.0,0.0,0.0,0.0,0.22279938839566,0.0,0.0,0.0,0.0,0.0,0.0,0.0,0.0,0.0,0.0,0.0,0.0,13.3679633037396,0.0,194.75828990213026,385.90059890370014,333.53148531214106,855.7025843430656,-0.005569984709891501,0.0,0.0,0.0,6.6839816518698,0.0,104.6906911711968,-0.7174140306324261,0.0,0.0,0.0,1.1139969419783,31.38679958945487,0.0,0.0,-78.84838653115747,644.9686518075451,0.0,0.0,0.0,0.0,0.0,0.0,0.0,0.0,0.0,0.0,0.0,0.0,0.0,0.0,0.0,0.0,0.0,-1000.0,0.0,0.0,104.6906911711968,0.0,6.906781040265461,0.0,0.0,0.0,0.0,0.0,0.0,0.0,0.0,0.0,-59.50388486834049,0.0,0.0,0.0,0.0,0.0,196.47384519277685,0.022279938839566,0.0,0.0,0.0,-644.9686518075451,0.0,0.0,0.0,0.0,0.0,-144.34543977699965,0.0,0.0,0.0,0.0,0.0,-251.614045005175,-251.614045005175,0.0,0.0,0.0,0.0,0.0,0.0,0.0,-251.59176506633543,0.0,0.0,0.0,-1000.0,-1000.0,0.0,0.0,0.0,0.0,0.0,0.0,0.0,0.0,0.0,-1000.0,0.0,0.0,0.0,0.0,-515.0417824396791,0.0,0.0,0.0,0.0,0.0,0.0,-575.1012486506476,-810.7993502530526,810.7993502530526,59.50388486834049,0.0,0.0,0.0,0.0,0.0,0.0,731.5485001520797,-1000.0,0.0,0.0,0.0,0.0,0.0,0.0,0.0,0.0,0.0,0.0,0.0,0.0,0.0,0.0,-197.22463258356237,812.165948909113,0.0,0.0,0.0,0.0,77.92763898268689,0.0,0.0,0.0,0.0,-176.88578155982034,-132.87934944211537,0.0,0.0,281.3515001959879,0.0,0.0,0.0,0.0,0.0,0.0,0.0,98.006709519327,0.0,-144.33083556519364,1000.0,-1000.0,0.0,-812.165948909113,0.0,0.0,59.50388486834049,780.5291933732249,0.0,0.0,0.0,-485.2334698192658,0.0,0.0,-382.9204623797195,0.0,-57.65131622335364,-325.2691461563658,-57.65131622335364,0.0,-477.2678649409115,0.0,652.1851209604536,0.0,0.0,-75.27049448863823,0.0,0.0,0.0,0.0,0.0,0.0,0.0,210.02057393462468,0.0,0.0,-152.22966018014097,0.0,0.0,0.0,-176.88578155982034,-0.033419908259349,0.0,0.0,0.0,0.0,0.022279938839566,0.0,0.0,0.0,272.9195674174549,-1000.0,0.0,-52.56559102077161,392.88188118566836,1000.0,984.4503173440904,0.0,-796.1387499939599,0.0,-78.84838653115747,0.0,0.0,0.0,-1.9183027340863914,0.0,798.0570527280463,-878.3358542403765,-1000.0,0.0,0.0,0.0,0.0,0.0,0.0,0.0,0.0,0.0,0.0,0.0,0.0,0.0,0.0,0.0,0.0,281.3515001959879,362.5136698645281,0.0,-614.5562756765806,0.0,0.0,0.0,0.0,0.0,0.0,-196.47384519277685,0.0,0.0,0.0,0.0,0.0,0.0,0.0,-790.7459443976765,0.0,0.0,-258.6125946163264,0.0,-828.0569903755219,0.0,0.0,789.6319474556982,-505.8620593144577,-0.55699847098915,-1.1139969419783,0.0,0.0,545.9580976472489,0.0,52.700529839937644,104.6906911711968,0.0,0.0,0.0,0.0,0.0,0.0,0.0,0.0,0.0,0.0,930.1738480708002,0.0,0.5998573175056663,-974.4240590806775,0.0,0.0,731.5485001520797,0.0,0.0,-23.758868183720665,0.0,0.0,120.24037382710628,0.0,0.0,0.0,0.0,-301.9153237547592,0.04455987767869374,0.0,0.0,0.0,0.0,0.0,0.0,0.0,0.0,0.0,0.0,0.0,0.0,0.0,0.0,0.0,0.0,0.0,0.0,0.0,0.024507932723281556,0.024507932723281556,0.0,372.24301106407444,0.0,13.3679633037396,0.0,0.0,0.0,1000.0,0.0,0.0,194.75828990213026,0.0,0.0,1000.0,-1000.0,0.0,0.0,0.0,0.0,0.0,120.24037382710628,0.0,0.0,0.0,0.0,0.0,0.0,0.0,333.3333333333333,-272.9195674174549,0.0,0.0,196.47384519277685,0.0,-137.43152385102738,137.43152385102738,0.0,0.0,1000.0,0.0,1000.0,-301.9153237547592,906.2499999999991,-906.2499999999991,0.0,0.0,0.0,0.0,0.0,0.0,0.0,0.0,0.0,0.0,0.0,0.0,0.0,0.0,13.3679633037396,59.50388486834049,59.50388486834049,0.0,0.0,0.0,0.0,0.0,0.0,0.0,0.0,0.0,0.0,0.22279938839566,0.0,0.0,194.75828990213026,-194.75828990213026,0.0,-575.1012486506476,0.0,0.0,104.6906911711968,0.0,0.0,0.0,0.0,0.0,0.0,0.0,0.0,0.0,0.0,782.8017471348606,-825.1144819792801,0.0,6.6839816518698,6.6839816518698,523.457987669381,-1000.0,0.0,120.24037382710628,0.0,0.0,0.0,0.0,0.0,-153.05094534907835,731.5485001520797,-399.08747644639766,0.022279938839566,0.0,0.0,0.0,29.42384208605256,144.21855069244396,0.0,0.0,0.0,0.0,0.0,0.0,0.0,0.0,0.0,0.0,0.0,0.0,0.0,0.0,0.0,0.0,0.022279938839566,0.0,0.0,0.0,211.95847013478402,-211.95847013478402,0.0,0.0,0.0,0.0,-197.19125922340928,0.7174140306324261,0.0,0.0,-977.0699455411087,-1.67099541296745,0.0,-1.1139969419783,0.0,0.0,0.0,0.0,0.0,0.0,0.0,0.0,0.0,0.0,0.0,59.50388486834049,1000.0,0.0,0.0,599.7726244291648,0.0,0.0,0.0,-0.022279938839566,0.0,0.0,0.022279938839566,0.0,0.022279938839566,0.0,0.0,0.0,13.3679633037396,27.181525384270522,27.181525384270522,0.0,0.0,0.0,0.0,0.0,0.0,0.0,0.0,0.0,731.5485001520797,0.0,0.0,0.0,0.0,0.0,0.0,0.0,0.0,0.0,0.0,0.0,0.0,0.0,0.0,0.0,0.0,0.0,137.43152385102738,0.0,-471.5148068885398,471.5148068885398,0.033419908259349,0.0,0.0,0.0,-104.6906911711968,0.0,0.0,0.0,0.0,0.0,-372.24301106407444,1.1139969419783,0.0,0.0,0.0,0.0,0.0,-0.7174140306324261,-1.1139969419783,0.0,0.0,0.0,0.0,0.0,0.0,0.0,59.50388486834049,0.0,0.0,0.0,372.24301106407444,0.0,-473.75701997567313,65.37016416128654,0.0,0.0,0.0,0.0,0.0,753.3476679889544,0.0,1.1139969419783,1000.0,0.0,0.0,0.0,-413.2754479879812,781.2500000000007,-781.2500000000007,0.0,0.0,0.0,0.0,0.0,0.0,0.0,996.6580091740653,0.0,27.181525384270522,0.0,-161.15616109755246,-161.15616109755246,161.15616109755246,0.0,0.0,0.0,0.0,0.0,0.0,0.0,0.0,377.25599730297665,-29.42384208605256,-639.2766435854685,0.0,6.6839816518698,194.75828990213026,0.0,0.0,0.0,-460.5758067344213,0.0,0.0,0.024507932723281556,0.0,0.0,0.0,13.590762692135261,0.0,0.0,0.0,0.0,-197.22463258356237,0.0,644.9686518075451,0.0,0.0,0.0,0.0,0.0,0.0,0.0,0.0,0.0022279938839566,0.0022279938839566,0.0,0.0,0.0,0.0,0.0,0.0,0.0,0.0,0.0,0.0,0.0,0.0,0.0,0.0,0.0,372.24301106407444,0.0,0.0,0.0,0.0,0.0,0.0,0.0,0.0,0.0,0.0,0.0,389.5165798042605,-1000.0,0.0,350.86769377636426,0.0,0.0,0.0,13.3679633037396,0.0,0.0,0.0,0.0,0.0,0.0,-13.3679633037396,0.0,389.5165798042605,0.0,0.0,0.0,0.0,0.0,0.0,0.0,0.0,0.0,0.0,399.08747644639766,-1000.0,15.261758105102707,0.0,-104.6906911711968,0.0,976.9808257857513,0.0,0.0,0.0,0.0,0.0,0.0,0.0,0.0,0.0,539.0625,0.0,-539.0624999999999,-539.0624999999999,0.0,0.0,0.0,0.0,-2.78499235494575,59.50388486834049,-1.67099541296745,-1.670995412967443,0.0,0.0,0.0,0.0,0.0,0.0,-0.27849923549457506,23.758868183720665,0.0,0.0,0.0,0.0,0.0,0.0,0.0,1000.0,6.6839816518698,6.6839816518698,0.0,0.0,0.0,0.0,0.0,0.024507932723281556,372.24301106407444,0.0,0.0,-976.9808257857513,0.0,0.0,0.0,0.0,0.0,0.0,0.0,0.0,0.0,0.0,0.0,0.0,0.0,0.0,0.0,0.0,0.0,0.0,0.0,23.3939357815443,196.47384519277685,0.0,0.0,0.0,0.0,0.0,372.24301106407444,0.0,0.0,0.0,0.0,0.0,-2.78499235494575,0.0,0.0,0.0,0.0,0.0,0.0,0.0,0.0,0.0,0.0,0.0,0.0,0.0,0.0,0.0,0.0,0.0,0.0,-0.022279938839566,0.0,0.0,1.1139969419783,-1000.0,0.0,0.0,0.0,0.0,59.50388486834049,0.0,0.0,0.0,1.9183027340863914,0.55699847098915,0.0,0.0,471.5148068885398,0.022279938839566,0.0,22.279938839566,-6.906781040265461,4.4559877679132,0.15914242028261427,62.161029362389144,-0.016709954129674496,1.113996941978371,0.44559877679132004,-0.11139969419696172,-62.161029362389144,6.6839816518698,-0.022279938839566,26.282795510385824,120.24037382710628,0.0055699847098915,0.1591424202826143,-78.84838653115747,-198.30525616538756,-0.44559877679132004,-273.78382146655815,-0.022279938839566,0.0055699847098915,-62.161029362389144,2.2279938839566,0.022279938839566,0.022279938839566,-372.1962231925116,-194.73378196940675,0.0,-0.016709954129674496,6.6839816518698,0.022279938839566,104.6906911711968,86.866740099544,-0.011139969419783001,302.0422128393145,-80.17791280548305,-0.016709954129674503,-0.022279938839566,-6.906781040265461,0.022279938839566,2.2279938839566,-0.44559877679132004,137.43152385102738,137.43152385102738,-2.2279938839566,273.78382146655815,-137.43152385102738,4.4559877679132,0.033419908259349006,-720.913708018074,2.2279938839566,-333.3333333333333,120.24037382710628,-4.4559877679132,0.011139969419783001,0.22279938839566,13.141397755192903,376.69899883198764,-0.022279938839566,-377.25599730297665,372.1962231925116,6.906781040265461,0.022279938839566,198.30525616538756,-4.502262299699936,120.24037382710628,-0.022279938839566,-0.005569984709891501,-120.24037382710628,-0.022279938839566,-946.8839755623044,0.022279938839566,-0.005569984709891501,-0.005569984709891501,-0.005569984709891501,8.9119755358264,-86.866740099544,0.22279938839566,16.506649687761126,-0.005569984709891501,0.0,1.1139969419783,152.07165881935788,0.022279938839566,0.011139969419783,0.011139969419783,62.34818079750974,6.906781040265461,0.022279938839566,-6.906781040265461,0.22279938839566,0.022279938839566,-16.506649687761126,0.022279938839566,0.08911975535744432,0.11139969419696172,0.011139969419783,0.0055699847098915,6.6839816518698,-0.022279938839566,0.0,0.22279938839566002,-33.01329937552225,0.556998470989079,-2.2279938839566,4.4559877679132,1.1139969419783,-0.022279938839566,78.84838653115747,0.03341990825934899,-0.022279938839566,-124.69636159501948,6.906781040265461,449.86841959185807,0.011139969419783,-304.14331763871576,-0.022279938839566,-0.022279938839566,-0.022279938839566,0.011139969419783,62.161029362389144,-4.4559877679132,0.022279938839566,26.282795510385807,-0.005569984709891501,194.73378196940675,-26.282795510385807,3.3419908259349,80.17791280548305,359.1385427874963,62.161029362389144,-0.016709954129674503,377.25599730297665,-376.69899883198764,0.022279938839566,-0.0055699847098915,1.1139969419783,22.279938839566,-0.011139969419783,-0.022279938839566,0.0055699847098915,140.60594004330733,0.0,342.4678486465001,0.0,970.3240477351853,0.0,703.354439487415,64.87777751293243,0.0,59.056679202705936,-1000.0,469.30103220775993,-378.4347194021541,-29.528339601352968,-485.16202386759267,500.0,0.0,-32.43888875646621,-372.24301106407444,10.707387142563224,378.4347194021541,-469.30103220775993,10.707387142563224,-703.354439487415,352.81435395157916,0.0,1496.5981,bhi
279,0.0,0.0,0.0,0.0,0.0,0.0,0.0,0.0,-0.020431479860443837,0.0,0.0,0.0,0.0,0.0,0.0,0.0,731.0290571318466,13.218138048242508,0.0,-1000.0,0.0,0.0,0.0,0.0,0.0,0.0,0.0,0.0,0.0,-1000.0,0.0,0.0,0.0,0.0,0.0,0.0,0.0,407.1417565316035,0.0,-1000.0,34.977887205407114,0.0,0.0,0.0,0.0,0.0,0.0,0.0,0.0,0.0,0.0,0.0,0.0,0.02247462784650843,0.0,0.0,0.0,4.0862959720887675,0.0,0.0,28.864948696143585,0.0,192.61953986689144,129.491645495473,0.0,0.0,0.0,0.0,0.0,0.0,0.0,0.20431479860443838,0.0,0.0,0.0,0.0,0.0,0.0,0.0,0.0,0.0,0.0,-166.22078091100315,0.0,12.258887916266303,0.0,0.0,237.63812615596783,237.63812615596783,0.0,-0.005107869965110959,0.0,0.0,1000.0,6.129443958133152,0.0,965.0221127945929,-0.6578936515079477,0.0,0.0,0.0,968.1218432966654,-1000.0,0.0,0.0,-273.1064452040523,0.0,0.0,0.0,0.0,0.0,0.0,0.0,0.0,0.0,0.0,0.0,0.0,0.0,0.0,0.0,0.0,0.0,0.0,-45.51774086734205,0.0,0.0,965.0221127945929,0.0,6.333758756737589,6.333758756737589,0.0,848.5916636294147,-848.5916636294147,0.0,0.0,-1000.0,401.8610703337691,-401.8610703337691,908.007156932438,0.0,0.0,0.0,0.0,0.0,167.79400486025733,0.020431479860443837,0.0,0.0,0.0,0.0,0.0,0.0,0.0,0.0,0.0,566.0454611505022,0.0,0.0,0.0,0.0,0.0,605.8209010278781,605.8209010278781,0.0,0.0,0.0,671.875,840.391740889845,0.0,0.0,605.8413325077386,0.0,0.0,0.0,-1000.0,0.0,0.0,0.0,0.0,0.0,0.0,0.0,0.0,0.0,0.0,-440.7263770755099,0.0,0.0,0.0,0.0,-1000.0,0.0,0.0,0.0,0.0,0.0,0.0,0.0,762.3618738440322,-762.3618738440322,91.99284306756206,0.0,0.0,0.0,0.0,0.0,0.0,0.0,-6.640230954644267,0.0,0.0,0.0,0.0,0.0,0.0,0.0,0.0,0.0,0.0,0.0,0.0,0.0,0.0,351.813985215805,268.97094286815343,0.0,0.0,0.0,0.0,-91.99284306756206,0.0,0.0,0.0,0.0,28.864948696143585,268.97094286815343,0.0,0.0,0.0,0.0,0.0,0.0,0.0,0.0,0.0,0.0,958.8926688364597,0.0,334.7028450427298,-190.02090264533456,1000.0,0.0,-268.97094286815343,0.0,0.0,91.99284306756206,-347.1490610696926,0.0,0.0,0.0,-32.723433667789436,0.0,0.0,-130.34287689076243,0.0,0.0,-130.34287689076237,0.0,0.0,1000.0,0.0,-462.05811426369314,0.0,0.0,69.67134632411347,0.0,0.0,0.0,-763.5791413109132,0.0,763.5791413109132,0.0,720.9310464347027,0.0,0.0,535.4704117720875,671.875,0.0,0.0,28.864948696143585,-0.030647219790665755,0.0,0.0,0.0,0.0,0.020431479860443837,0.0,0.0,0.0,34.977887205407114,731.0290571318466,0.0,-182.0709634693682,-117.18401853767438,0.0,1000.0,0.0,0.0,0.0,-273.1064452040523,0.0,0.0,0.0,402.72139301096627,-93.77404915466292,-308.94734385630335,-737.6554898782364,-1000.0,0.0,0.0,0.0,0.0,0.0,0.0,0.0,0.0,0.0,0.0,0.0,0.0,0.0,0.0,0.0,0.0,0.0,0.0,0.0,-1000.0,0.0,592.7765175489544,0.0,0.0,954.8770396024659,0.0,-167.79400486025736,0.0,166.22078091100315,0.0,462.4992622845217,967.1002693036431,-473.6068565370194,0.0,-515.2641945087664,-1000.0,567.3809056916823,692.355002517406,-1.0215739930221919,0.0,-585.5434494872563,0.0,30.692485863922627,0.0,999.4892130034889,0.0,0.0,0.0,0.0,1000.0,-197.26614804441263,965.0221127945929,0.0,0.0,0.0,0.0,0.0,0.0,431.88608169897304,431.886081698973,-431.886081698973,-431.886081698973,-108.9909951136364,0.0,0.0,-115.13057688668505,0.0,0.0,0.0,0.0,0.0,-34.26294567527487,0.0,0.0,0.0,0.0,0.0,0.0,0.0,-613.2081275787879,0.04086295972088317,0.0,0.0,0.0,0.0,0.0,0.0,0.0,0.0,0.0,0.0,0.0,0.0,0.0,0.0,0.0,0.0,0.0,0.0,0.0,0.02247462784650843,0.02247462784650843,0.0,471.61073060421717,0.0,12.258887916266303,0.0,0.0,0.0,1000.0,0.0,0.0,0.0,0.0,0.0,520.2217103581161,-1000.0,0.0,0.0,907.8301098702559,0.0,0.0,0.0,0.0,0.0,0.0,0.0,0.0,0.0,0.0,15.172580289114016,-34.977887205407114,0.0,0.0,1.573223949254185,0.0,0.0,1000.0,1000.0,0.0,520.2217103581161,0.0,-92.9864172206718,0.0,0.0,0.0,0.0,0.0,0.0,0.0,0.0,0.0,0.0,0.0,0.0,0.0,0.0,0.0,0.0,0.0,12.258887916266303,91.99284306756206,91.99284306756206,0.0,0.0,0.0,0.0,0.0,0.0,0.0,0.0,0.0,0.0,0.20431479860443838,0.0,0.0,0.0,0.0,0.0,0.0,0.0,0.0,965.0221127945929,-907.8301098702559,0.0,0.0,0.0,0.0,0.0,0.0,0.0,0.0,0.0,59.415493303023204,-1000.0,0.0,6.129443958133152,6.129443958133152,1000.0,-1000.0,0.0,0.0,0.0,0.0,0.0,0.0,0.0,737.6554898782364,0.0,770.6343170442814,0.020431479860443837,0.0,0.0,0.0,1.647652911602935,66.9952371706832,0.0,-1000.0,0.0,0.0,0.0,0.0,0.0,0.0,0.0,0.0,0.0,0.0,0.0,0.0,0.0,0.0,0.020431479860443837,0.0,0.0,0.0,0.0,0.0,0.0,0.0,0.0,592.7765175489544,0.0,-1.5732239492541567,0.0,0.0,-1000.0,-1.5323609895333448,0.0,-1.0215739930221928,0.0,0.0,0.0,0.0,0.0,0.0,0.0,0.0,0.0,0.0,0.0,91.99284306756206,0.0,0.0,0.0,-196.24457405139043,0.0,0.0,0.0,-0.020431479860443837,0.0,0.0,0.020431479860443837,0.0,0.020431479860443837,0.0,0.0,0.0,12.258887916266303,24.92640542974148,24.92640542974148,0.0,0.0,0.0,0.0,0.0,0.0,166.22078091100315,0.0,0.0,0.0,0.0,0.0,404.48054342695053,0.0,0.0,0.0,0.0,0.0,0.0,0.0,0.0,0.0,0.0,0.0,0.0,0.0,0.0,0.0,0.0,0.0,0.0,0.030647219790665755,0.0,0.0,0.0,-965.0221127945929,0.0,0.0,0.0,0.0,0.0,-471.61073060421717,1.0215739930221919,0.0,0.0,0.0,-671.875,-840.391740889845,840.5494107151841,-1.0215739930221928,0.0,0.0,0.0,0.0,0.0,0.0,0.0,91.99284306756206,0.0,907.8301098702559,1000.0,471.61073060421717,0.0,995.9137040279112,-206.1112080333691,0.0,672.7554058549267,166.22078091100315,-838.9761867659299,0.0,-372.07546649943407,0.0,1.0215739930221928,678.5578099052065,0.0,0.0,0.0,-34.26294567527487,0.0,0.0,0.0,0.0,0.0,0.0,0.0,0.0,0.0,437.6616550964434,0.0,24.92640542974148,0.0,-23.02230872822178,-23.02230872822178,23.02230872822178,0.0,0.0,0.0,0.0,0.0,0.0,0.0,0.0,476.20781357281703,-1.647652911602935,237.39844619958563,0.0,6.129443958133152,0.0,0.0,0.0,0.0,-182.84672709341424,0.0,0.0,0.02247462784650843,0.0,0.0,0.0,12.46320271487074,0.0,0.0,0.0,0.0,351.813985215805,0.0,0.0,0.0,0.0,0.0,0.0,0.0,0.0,1000.0,0.0,0.0020431479860443837,0.0020431479860443837,0.0,0.0,0.0,0.0,0.0,0.0,0.0,0.0,0.0,0.0,0.0,0.0,0.0,0.0,0.0,471.61073060421717,0.0,0.0,0.0,0.0,0.0,0.0,0.0,0.0,0.0,0.0,0.0,0.0,0.0,0.0,13.218138048242508,0.0,0.0,0.0,12.258887916266303,0.0,0.0,0.0,0.0,0.0,987.7411120837337,-1000.0,0.0,0.0,0.0,0.0,0.0,0.0,0.0,0.0,0.0,0.0,0.0,0.0,-1000.0,-1000.0,418.4761071313545,-965.0221127945929,0.0,0.0,999.9182740805579,0.0,0.0,0.0,0.0,0.0,0.0,0.0,0.0,0.0,0.0,0.0,0.0,0.0,0.0,0.0,0.0,0.0,-2.5539349825555373,91.99284306756206,-968.6326302931765,402.94818243741724,0.0,0.0,0.0,0.0,0.0,0.0,-0.255393498255548,34.26294567527487,0.0,0.0,0.0,0.0,0.0,0.0,0.0,770.6343170442814,6.129443958133152,6.129443958133152,0.0,0.0,0.0,0.0,0.0,0.02247462784650843,471.61073060421717,0.0,0.0,-999.9182740805579,0.0,0.0,0.0,0.0,0.0,0.0,0.0,0.0,0.0,0.0,0.0,0.0,0.0,0.0,0.0,0.0,0.0,6.333758756737589,0.0,21.45305385346603,167.79400486025733,0.0,0.0,0.0,0.0,0.0,471.61073060421717,0.0,-841.207304366692,0.0,0.0,0.0,-2.5539349825555373,0.0,0.0,0.0,0.0,0.0,0.0,0.0,0.0,0.0,0.0,0.0,0.0,0.0,0.0,0.0,0.0,0.0,0.0,-0.020431479860443837,0.0,0.0,1.0215739930221919,-520.2217103581161,0.0,0.0,0.0,0.0,91.99284306756206,0.0,0.0,0.0,-402.72139301096627,0.5107869965110959,0.0,0.0,0.0,0.020431479860443837,0.0,20.431479860443837,0.0,4.0862959720887675,0.14593914186031312,69.67134632411347,-0.015323609895332877,484.5717086448438,0.40862959720887676,-0.10215739930254131,-69.67134632411347,6.129443958133152,-0.020431479860443837,91.0354817346841,0.0,0.005107869965110959,0.14593914186031312,-273.1064452040523,-3.2526915937844105,-0.40862959720887676,255.75280481991092,-0.020431479860443837,0.005107869965110959,-69.67134632411347,2.0431479860443837,0.020431479860443837,0.020431479860443837,-471.56782449651024,0.02247462784648822,0.0,-0.015323609895332877,6.129443958133152,0.020431479860443837,965.0221127945929,948.6769289062378,-0.010215739930221918,-19.832570742397536,89.92926360165723,-0.015323609895332877,-0.020431479860443833,0.0,0.020431479860443837,2.0431479860443837,-0.40862959720887676,0.0,0.0,-2.0431479860443837,-255.75280481991092,0.0,4.0862959720887675,0.030647219790665755,-0.010215739930221918,2.0431479860443837,-15.172580289114016,0.0,-4.0862959720887675,0.010215739930221918,0.20431479860443838,45.51774086734205,475.6970265763059,-0.020431479860443837,-476.20781357281703,471.56782449651024,6.333758756737589,0.020431479860443837,3.2526915937844105,-983.4104446689921,0.0,-0.020431479860443837,-0.005107869965110959,0.0,-0.020431479860443837,-613.2081275787879,0.020431479860386993,-0.005107869965110959,-0.005107869965110959,-0.005107869965110959,8.172591944177535,-948.6769289062378,0.20431479860443838,213.2849550762707,-0.005107869965110959,0.0,1.0215739930221919,307.6256377824161,0.020431479860443837,0.010215739930221918,0.010215739930221918,2.0431479860443837,0.0,0.020431479860443837,0.0,0.20431479860443838,0.020431479860443837,-609.5805199455967,0.020431479860443837,0.08172591944207852,0.10215739930254131,0.010215739930221918,0.005107869965110959,6.129443958133152,-0.020431479860443837,0.0,0.20431479860443838,-426.5699101525414,484.0609216483327,-2.0431479860443837,4.0862959720887675,1.0215739930221919,-0.020431479860443837,273.1064452040523,0.030647219790665755,-0.020431479860443837,-4.0862959720887675,0.0,360.5232201154759,0.010215739930221918,-615.2512755648322,-0.020431479860443837,-0.020431479860386993,-0.020431479860443837,0.010215739930221917,69.67134632411347,-4.0862959720887675,0.020431479860443837,91.0354817346841,-0.005107869965110959,-0.02247462784648822,-91.0354817346841,3.0647219790665754,-89.92926360165723,-644.2882795299494,69.67134632411347,-0.015323609895332877,476.20781357281703,-475.6970265763059,0.020431479860443837,-0.005107869965110959,463.5208362775439,20.431479860443837,-0.010215739930221918,-0.020431479860443837,0.005107869965110959,1000.0,0.0,-1000.0,396.29556486932603,45.02614177208577,0.0,640.0134228400174,-206.56274373828492,0.0,1000.0,311.0159071749167,-1000.0,-1000.0,-500.0,-22.513070886042886,-155.5079535874584,0.0,103.28137186914246,-471.61073060421717,-177.67649302206166,1000.0,1000.0,-177.67649302206166,-640.0134228400174,810.6903597614826,0.0,1496.5981,bhi
280,0.0,0.0,0.0,0.0,0.0,0.0,0.0,0.0,-0.013802491989538363,0.0,0.0,0.0,0.0,0.0,0.0,0.0,-1000.0,1000.0,0.0,81.10028870227146,0.0,0.0,0.0,393.22212001485434,0.0,0.0,0.0,0.0,0.0,397.7195432106005,0.0,0.0,0.0,0.0,0.0,0.0,0.0,100.88957069832873,0.0,-1000.0,1000.0,0.0,0.0,459.4147273692027,0.0,0.0,0.0,0.0,142.86572942019683,-240.22119900148203,0.0,0.0,0.0,0.015182741188481333,0.0,0.0,0.0,2.7604983979076727,0.0,0.0,-1.2155394612114574,0.0,0.0,-1.2155394612114574,499.4439606222979,0.0,0.0,0.0,0.0,0.0,0.0,0.13802491989538365,0.0,0.0,0.0,0.0,0.0,0.0,0.0,0.0,0.0,0.0,0.0,0.0,8.281495193723018,0.0,0.0,147.28816782040698,674.6266817524004,1000.0,-0.003450622997384591,0.0,0.0,972.2877847020817,4.140747596861509,0.0,43.45542974529114,-0.44444024206183563,0.0,0.0,0.0,127.79951141833169,-481.00742384925115,0.0,0.0,-2.7604983979076727,0.0,0.0,0.0,0.0,0.0,0.0,0.0,0.0,0.0,0.0,0.0,0.0,0.0,0.0,0.0,0.0,0.0,0.0,-310.99993368409764,0.0,0.0,43.45542974529114,0.0,4.278772516756893,0.0,0.0,1000.0,-339.25866206392897,-660.7413379360711,660.741337936071,646.176227454498,710.3724064565498,-710.3724064565498,-646.176227454498,0.0,0.0,0.0,0.0,0.0,1.0627918831944534,0.013802491989538363,0.0,0.0,0.0,0.0,0.0,0.0,0.0,0.0,0.0,326.7186403525471,0.0,0.0,0.0,0.0,0.0,-338.46674017083313,-338.46674017083313,0.0,0.0,0.0,796.875,859.3749999999993,0.0,0.0,-338.45293767884357,0.0,0.0,0.0,-354.525202915611,0.0,0.0,0.0,0.0,0.0,0.0,0.0,0.0,0.0,0.0,-102.86240688670017,0.0,0.0,0.0,0.0,-1000.0,0.0,0.0,0.0,0.0,0.0,240.22119900148203,0.0,-790.9463914616676,790.9463914616676,0.0,0.0,0.0,0.0,0.0,0.0,0.0,878.7269670598516,-4.485809896599969,0.0,0.0,0.0,0.0,0.0,0.0,0.0,0.0,0.0,0.0,0.0,0.0,0.0,614.0150155877845,37.9344329494758,459.4147273692027,0.0,0.0,0.0,0.0,0.0,0.0,0.0,0.0,0.0,-1.2155394612114574,0.0,0.0,0.0,0.0,0.0,0.0,0.0,0.0,0.0,0.0,0.0,39.31468214842963,0.0,-465.573073214068,1000.0,-500.7924942210638,0.0,-459.4147273692027,0.0,0.0,0.0,-983.1609597727632,0.0,0.0,0.0,-320.6439451801966,0.0,0.0,-360.12650657605275,-360.12650657605275,0.0,0.0,0.0,360.12650657605275,-116.31970970926727,0.0,0.0,240.22119900148203,0.0,38.508952650812034,0.0,0.0,0.0,-118.27720227086638,0.0,118.27720227086638,0.0,-338.4805426628227,0.0,0.0,796.0980458955119,796.875,0.0,0.0,-1.2155394612114574,-0.020703737984307545,0.0,0.0,0.0,0.0,0.013802491989538363,0.0,0.0,0.0,956.5445702547089,-1000.0,0.0,-896.3562967740614,994.4652007121952,0.0,1000.0,0.0,160.33515369823706,0.0,-2.7604983979076727,0.0,0.0,0.0,11.143141194031651,0.0,-171.4782948922687,-14.152073139029028,-1000.0,0.0,0.0,0.0,0.0,0.0,0.0,0.0,0.0,0.0,0.0,0.0,0.0,0.0,0.0,0.0,0.0,0.0,-899.0552193337136,0.0,-1000.0,0.0,0.0,0.0,1000.0,0.0,0.0,-1.0627918831944534,0.0,0.0,0.0,466.1804765288294,127.10938681885472,0.0,0.0,-1000.0,0.0,0.0,1000.0,0.0,674.381227145195,-1000.0,0.0,435.7551819910957,-737.587501154275,-0.3450622997384591,-0.6901245994769182,-921.2807397711506,0.0,537.4354829340193,579.2196383334291,332.3198643326324,43.45542974529114,906.2499999999974,-906.2499999999974,0.0,0.0,0.0,0.0,0.0,-614.0150155877845,614.0150155877845,614.0150155877845,1000.0,0.0,0.0,0.0,0.0,0.0,878.7269670598516,0.0,0.0,-2.431078922422915,0.0,906.2499999999974,43.45542974529114,0.0,0.0,0.0,0.0,-5.520996795815345,0.027604983979061425,0.0,0.0,0.0,0.0,0.0,0.0,0.0,0.0,0.0,0.0,0.0,0.0,0.0,0.0,0.0,0.0,0.0,0.0,0.0,0.015182741188481333,0.015182741188481333,0.0,896.1024062140845,0.0,8.281495193723018,0.0,0.0,0.0,1000.0,0.0,449.892224910171,0.0,0.0,0.0,764.7269265236158,-1000.0,0.0,0.0,916.257138892102,0.0,0.0,43.45542974529114,0.0,0.0,0.0,0.0,0.0,0.0,0.0,103.66664456136589,-956.5445702547089,0.0,0.0,1.0627918831944534,0.0,0.0,972.2877847020817,972.2877847020817,0.0,764.7269265236158,0.0,0.0,759.2059297278005,0.0,0.0,614.0150155877845,0.0,0.0,0.0,0.0,0.0,0.0,0.0,0.0,0.0,0.0,0.0,0.0,0.0,8.281495193723018,0.0,0.0,0.0,0.0,0.0,0.0,0.0,0.0,0.0,0.0,0.0,0.0,0.13802491989538365,0.0,0.0,0.0,0.0,0.0,0.0,0.0,0.0,43.45542974529114,-916.257138892102,0.0,0.0,0.0,0.0,0.0,0.0,0.0,0.0,0.0,0.0,0.0,0.0,4.140747596861509,4.140747596861509,1000.0,-1000.0,0.0,43.45542974529114,0.0,0.0,0.0,0.0,0.0,-504.8405030117198,878.7269670598516,-822.5297947400236,0.013802491989538363,0.0,0.0,0.0,18.228162456755346,0.0,0.0,-972.2877847020817,0.0,0.0,0.0,0.0,0.0,0.0,0.0,0.0,0.0,0.0,0.0,0.0,0.0,0.0,0.013802491989538363,0.0,0.0,0.0,0.0,0.0,0.0,0.0,0.0,0.0,0.0,0.0,0.0,-1.0627918831944498,-100.94478066628642,-1.0351868992153754,0.0,-0.6901245994769187,0.0,0.0,0.0,0.0,0.0,0.0,0.0,0.0,0.0,0.0,0.0,0.0,0.0,0.0,0.0,870.4454718661286,0.0,0.0,0.0,-0.013802491989538363,0.0,0.0,0.013802491989538363,0.0,0.013802491989538363,0.0,0.0,0.0,8.281495193723018,16.839040227236804,16.839040227236804,0.0,0.0,0.0,0.0,0.0,0.0,0.0,0.0,0.0,878.7269670598516,0.0,0.0,12.331535754330892,0.0,0.0,0.0,0.0,0.0,0.0,0.0,0.0,0.0,0.0,0.0,0.0,0.0,0.0,0.0,0.0,0.0,0.0,0.020703737984307545,0.0,0.0,0.0,-43.45542974529114,0.0,0.0,0.0,0.0,0.0,-896.1024062140845,0.6901245994769182,0.0,0.0,0.0,-796.875,-859.3749999999993,716.5894823425031,-0.6901245994769187,0.0,906.2499999999974,0.0,0.0,0.0,0.0,0.0,0.0,0.0,916.257138892102,706.4588078478146,282.0873906262999,0.0,997.2395016020923,-2.7604983979076727,0.0,715.5266904593086,1.0627918831944498,-716.5894823425031,0.0,-1000.0,0.0,0.6901245994769187,946.3552346334592,0.0,0.0,0.0,-2.431078922422915,0.0,0.0,980.9711532506872,-980.9711532506872,0.0,0.0,0.0,0.0,0.0,1000.0,-899.2079669117306,16.839040227236804,0.0,0.0,0.0,0.0,0.0,0.0,0.0,0.0,0.0,0.0,0.0,0.0,0.0,-18.228162456755346,0.0,0.0,4.140747596861509,0.0,0.0,0.0,0.0,201.67635676509408,0.0,0.0,0.015182741188481333,0.0,0.0,0.0,8.419520113618402,0.0,0.0,0.0,0.0,37.9344329494758,0.0,0.0,0.0,0.0,0.0,0.0,0.0,0.0,-336.99662189747664,0.0,0.0013802491989538758,0.0013802491989538758,0.0,0.0,0.0,0.0,0.0,0.0,0.0,0.0,0.0,0.0,0.0,0.0,0.0,0.0,0.0,896.1024062140845,0.0,0.0,0.0,0.0,0.0,0.0,0.0,240.22119900148203,0.0,0.0,0.0,0.0,-779.936488426951,-996.0974934505807,1000.0,0.0,0.0,0.0,8.281495193723018,0.0,0.0,0.0,0.0,0.0,-8.281495193723018,0.0,0.0,0.0,0.0,0.0,0.0,0.0,0.0,0.0,0.0,0.0,0.0,0.0,822.5297947400236,-1000.0,21.786242767164673,-43.45542974529114,0.0,0.0,100.88957069832873,0.0,0.0,0.0,0.0,0.0,0.0,0.0,0.0,0.0,0.0,0.0,0.0,0.0,0.0,0.0,0.0,0.0,-1.7253114986922924,0.0,-128.1445737180701,910.504315766846,0.0,0.0,0.0,0.0,0.0,-1000.0,999.8274688501308,2.431078922422915,0.0,0.0,0.0,0.0,0.0,0.0,0.0,1000.0,4.140747596861509,4.140747596861509,0.0,0.0,0.0,0.0,0.0,0.015182741188481333,896.1024062140845,0.0,0.0,-100.88957069832873,0.0,0.0,0.0,0.0,0.0,0.0,0.0,0.0,0.0,0.0,0.0,0.0,0.0,0.0,0.0,0.0,0.0,0.0,0.0,14.492616589015281,1.0627918831944534,0.0,0.0,0.0,0.0,0.0,896.1024062140845,0.0,-717.033922584565,0.0,0.0,0.0,-1.7253114986922924,0.0,0.0,0.0,0.0,0.0,0.0,0.0,0.0,0.0,0.0,0.0,0.0,0.0,0.0,0.0,0.0,0.0,0.0,-0.013802491989538363,0.0,0.0,0.6901245994769182,-764.7269265236158,0.0,0.0,0.0,0.0,0.0,0.0,0.0,0.0,-11.143141194031651,0.3450622997384591,0.0,0.0,0.0,0.013802491989538363,0.0,13.802491989538362,-4.278772516756893,2.760498397907673,0.0985892284967026,38.50895265081204,-0.010351868992153773,564.2448180089043,0.2760498397907673,-0.06901245994723243,-38.50895265081204,4.14074759686151,-0.013802491989538365,0.9201661326358909,43.45542974529114,0.003450622997384591,0.0985892284967026,-2.7604983979076727,-2.1973567247332557,-0.2760498397907673,-81.10028870227146,-0.013802491989538365,0.003450622997384591,-38.50895265081204,577.5796990195988,0.013802491989538365,0.013802491989538363,-896.0734209809065,0.01518274118849224,0.0,-0.010351868992153773,4.140747596861509,0.013802491989538365,43.45542974529114,32.41343615366045,-0.006901245994769182,-321.19764355673175,-1.3940516909433747,-0.010351868992153773,-0.013802491989538365,-4.278772516756893,0.013802491989538363,1.3802491989538364,-0.2760498397907673,0.0,0.0,-1.380249198953834,81.10028870227146,0.0,2.7604983979076727,0.020703737984307545,0.0,1.3802491989538364,-103.66664456136589,43.45542974529114,-2.7604983979076727,0.006901245994769182,0.13802491989538365,224.08907419351536,284.8478890242076,-0.013802491989538363,-899.2079669117306,896.0734209809065,4.278772516756893,0.013802491989538365,2.1973567247332557,-588.6216926112295,43.45542974529114,-0.013802491989538363,-0.003450622997384591,-43.45542974529114,-0.013802491989538365,-5.520996795815345,0.013802491989538365,-0.003450622997384591,-0.003450622997384591,-0.003450622997384591,5.520996795815345,-32.41343615366045,0.13802491989538365,243.0021059907885,-0.003450622997384591,447.25798225439485,0.6901245994769182,3.450622997384591,0.013802491989538363,0.006901245994769182,0.006901245994769182,23.107964071599408,4.278772516756893,0.013802491989538363,-4.278772516756893,0.13802491989538365,0.013802491989538365,-708.5544754668722,0.013802491989538365,0.05520996795769406,0.06901245994723243,0.006901245994769182,0.003450622997384591,4.140747596861509,-0.013802491989538365,0.0,0.13802491989538365,-486.004211981577,563.8997557091658,-1.3802491989538364,2.7604983979076727,0.6901245994769182,-0.013802491989538365,2.7604983979076727,0.020703737984307545,-0.013802491989538365,-46.215928143198816,4.278772516756893,-50.309849951090484,0.006901245994769182,-6.901245994769182,-0.013802491989538365,-0.013802491989538365,-0.013802491989538365,0.006901245994769182,38.50895265081204,-2.7604983979076727,0.013802491989538363,448.1781483870307,-0.003450622997384591,-0.01518274118849224,-448.1781483870307,2.0703737984307544,1.3940516909433747,-361.3688211615307,38.50895265081204,-0.010351868992153773,899.2079669117306,-284.8478890242076,0.013802491989538365,-0.0034506229973845903,466.8706011283063,13.802491989538362,-0.006901245994769182,-0.013802491989538365,0.003450622997384591,1000.0,0.0,-883.6871915367275,465.5523694760837,1000.0,0.0,506.65234534453776,-3.06553347087646,576.199449820645,1000.0,-1000.0,-1000.0,-883.6802902907327,-500.0,-500.0,500.0,-576.199449820645,1.53276673543823,-896.1024062140845,-151.3665068140036,883.6802902907327,1000.0,-151.3665068140036,-506.65234534453776,546.9468943784067,0.0,1496.5981,bhi
281,0.0,0.0,0.0,0.0,0.0,0.0,0.0,0.0,-0.0028743707836611067,0.0,0.0,0.0,0.0,0.0,0.0,0.0,0.0,1000.0,0.0,-601.4160386518324,0.0,0.0,0.0,0.0,0.0,0.0,0.0,0.0,0.0,-1000.0,0.0,0.0,473.40256331088005,0.0,0.0,0.0,0.0,849.6523574814296,0.0,-1000.0,1000.0,0.0,-865.328176567086,134.67182343291404,0.0,0.0,813.9797304484824,117.76420557551137,0.0,0.0,0.0,0.0,0.0,0.00316180786202158,0.0,0.0,0.0,118.33907973224359,0.0,0.0,45.77550990531621,0.0,404.03488745835875,0.0,0.0,0.0,0.0,0.0,886.7456240013037,-569.4517470597373,0.0,0.028743707836611065,0.0,0.0,0.0,0.0,0.0,0.0,0.0,0.0,0.0,0.0,0.0,0.0,1.724622470196664,0.0,103.90815296222857,-601.4160386518324,0.0,263.91213791525354,-0.0007185926959152767,0.0,0.0,1000.0,0.862311235098332,0.0,0.862311235098332,-0.09255473923133195,0.0,0.0,0.0,0.1437185391830149,-1000.0,0.0,0.0,0.0,709.4044902909093,0.0,0.0,0.0,0.0,0.0,0.0,0.0,0.0,0.0,0.0,0.0,0.0,0.0,0.0,0.0,0.0,0.0,-825.299602544665,0.0,0.0,0.862311235098332,0.0,0.891054942934943,0.891054942934943,0.0,0.0,0.0,0.0,0.0,0.0,0.0,0.0,-449.81039736367495,0.0,0.0,0.0,0.0,0.0,104.12947951257038,0.0028743707836611067,0.0,0.0,0.0,-709.4044902909093,0.0,0.0,0.0,0.0,0.0,-151.49903969617247,0.0,0.0,0.0,0.0,0.0,-1.8597208255094135,-1.8597208255094135,0.0,0.0,0.0,890.6249999999999,-54.917272512184525,0.0,0.0,-1.8568464547257524,0.0,0.0,0.0,-1000.0,0.0,0.0,0.0,0.0,0.0,0.0,0.0,0.0,0.0,0.0,-1000.0,0.0,0.0,0.0,0.0,-881.3560398676179,0.0,0.0,0.0,0.0,0.0,0.0,865.328176567086,-263.91213791525354,263.91213791525354,449.81039736367495,0.0,0.0,0.0,0.0,0.0,0.0,0.0,555.2637986704615,0.0,0.0,0.0,0.0,0.0,0.0,0.0,0.0,0.0,0.0,0.0,0.0,0.0,0.0,18.59958174820258,134.67182343291404,0.0,0.0,0.0,0.0,-71.01385647220235,0.0,0.0,0.0,0.0,45.77550990531621,0.0,0.0,0.0,0.0,0.0,0.0,0.0,0.0,0.0,0.0,0.0,0.0,0.0,30.726819033975175,-570.6892196178572,0.0,0.0,-134.67182343291404,0.0,0.0,449.81039736367495,-131.1650910768475,0.0,0.0,0.0,-202.18056427115198,0.0,0.0,-47.21501719203634,-121.87920215703679,0.0,74.66418496500057,0.0,121.87920215703679,-263.91213791525354,0.0,736.0878620847465,0.0,0.0,-368.9949365191882,0.0,0.0,0.0,0.0,0.0,0.0,0.0,500.3926763655037,0.0,0.0,1000.0,890.6249999999999,0.0,0.0,45.77550990531621,-0.0043115561754916605,0.0,0.0,0.0,0.0,0.0028743707836611067,0.0,0.0,0.0,501.69718774104706,0.0,0.0,0.0,101.54111854683985,0.0,967.0090508542385,0.0,0.0,0.0,0.0,0.0,0.0,0.0,-0.2474833244732156,-886.7456240013037,886.9931073257769,-797.7835060940523,-1000.0,0.0,0.0,0.0,0.0,0.0,0.0,0.0,0.0,0.0,0.0,0.0,0.0,0.0,0.0,0.0,0.0,0.0,-150.33614503543578,0.0,-1000.0,0.0,0.0,0.0,0.0,0.0,0.0,-104.12947951257038,0.0,0.0,0.0,0.0,0.0,0.0,268.8363015941487,-538.6804462731961,0.0,0.0,455.5235375456662,999.856281460817,0.0,-890.8634475859766,-268.8363015941487,538.5367277340131,-685.1458709967435,-0.07185926959152766,-1000.0,0.0,0.0,-584.1952587951632,705.4714917977237,0.0,0.862311235098332,0.0,0.0,0.0,0.0,0.0,0.0,0.0,0.0,0.0,0.0,258.08256572871835,0.0,0.0,0.0,0.0,0.0,0.0,0.0,0.0,-150.4430716285854,0.0,0.0,33.85326038085987,0.0,0.0,0.0,0.0,17.73727051310425,0.005748741567288107,0.0,0.0,0.0,0.0,0.0,0.0,0.0,0.0,0.0,317.29387694156634,0.0,0.0,0.0,0.0,0.0,0.0,0.0,0.0,0.0,0.00316180786202158,0.00316180786202158,0.0,476.2602304507477,0.0,1.724622470196664,0.0,0.0,0.0,-252.90174014828548,0.0,134.25908783003098,103.90815296222857,0.0,0.0,-136.37725605298624,252.90174014828548,0.0,0.0,0.0,0.0,0.0,33.85326038085987,0.0,0.0,0.0,0.0,0.0,0.0,0.0,275.09986751488833,-501.69718774104706,0.0,0.0,104.12947951257038,0.0,145.41862000255986,854.5813799974401,475.78483910596754,0.0,-136.37725605298624,0.0,0.0,-118.63998553988199,0.0,0.0,0.0,0.0,0.0,0.0,0.0,0.0,0.0,0.0,0.0,0.0,0.0,0.0,0.0,0.0,1.724622470196664,449.81039736367495,449.81039736367495,0.0,0.0,0.0,0.0,0.0,0.0,0.0,0.0,0.0,0.0,0.028743707836611065,0.0,0.0,103.90815296222857,-103.90815296222857,0.0,865.328176567086,0.0,0.0,0.862311235098332,0.0,0.0,0.0,0.0,0.0,0.0,0.0,0.0,0.0,0.0,346.90450502801355,0.0,0.0,0.862311235098332,0.862311235098332,288.41320632721823,252.90174014828548,0.0,33.85326038085987,0.0,0.0,0.0,0.0,0.0,797.7835060940523,0.0,1000.0,0.0028743707836611067,0.0,0.0,0.0,0.23179747248238497,411.45244265934116,0.0,-1000.0,0.0,0.0,0.0,0.0,0.0,0.0,0.0,0.0,0.0,0.0,0.0,0.0,0.0,0.0,0.0028743707836611067,0.0,0.0,0.0,0.0,0.0,0.0,0.0,0.0,0.0,-104.12947951257038,0.0,0.0,0.0,-849.6638549645643,-0.21557780877454255,-0.14371853918305533,0.0,0.0,0.0,0.0,0.0,0.0,0.0,0.0,0.0,0.0,0.0,0.0,449.81039736367495,0.0,0.0,0.0,-584.0515402559802,0.0,0.0,0.0,-0.0028743707836611067,0.0,0.0,0.0028743707836611067,0.0,0.0028743707836611067,0.0,0.0,0.0,1.724622470196664,3.50673235606655,3.50673235606655,0.0,0.0,0.0,0.0,0.0,0.0,0.0,0.0,0.0,0.0,0.0,0.0,0.0,0.0,0.0,0.0,0.0,0.0,0.0,0.0,0.0,0.0,0.0,0.0,0.0,0.0,0.0,378.7965408914726,0.0,0.0,0.0,0.0043115561754916605,0.0,0.0,0.0,-0.862311235098332,0.0,0.0,0.0,0.0,0.0,-476.2602304507477,0.1437185391830149,0.0,0.0,0.0,-890.625,54.917272512184525,0.0,0.0,0.0,0.0,0.0,0.0,0.0,0.0,0.0,449.81039736367495,0.0,0.0,451.77162188107576,476.2602304507477,0.0,844.0363013456373,411.45244265934116,0.0,0.0,0.0,0.0,0.0,-134.67182343291404,0.0,0.14371853918305533,883.1382076641216,0.0,0.0,0.0,-358.25937755304255,-406.25000000001165,406.25000000001165,0.0,0.0,0.0,0.0,0.0,0.0,0.0,999.5688443824508,0.0,3.50673235606655,0.0,0.0,0.0,0.0,0.0,0.0,0.0,0.0,0.0,0.0,0.0,0.0,476.9069638770714,-317.52567441404875,-544.6134878312286,-865.328176567086,0.862311235098332,103.90815296222857,0.0,0.0,0.0,-357.95284299337675,0.0,0.0,0.00316180786202158,0.0,0.0,0.0,1.753366178033275,0.0,0.0,0.0,0.0,18.59958174820258,0.0,709.4044902909093,0.0,0.0,0.0,0.0,0.0,0.0,0.0,0.0,0.00028743707836612065,0.00028743707836612065,0.0,0.0,0.0,0.0,0.0,0.0,0.0,0.0,0.0,0.0,0.0,0.0,0.0,0.0,0.0,476.2602304507477,0.0,0.0,0.0,0.0,0.0,0.0,0.0,0.0,0.0,0.0,0.0,207.81630592445714,0.0,1000.0,1000.0,0.0,0.0,0.0,1.724622470196664,0.0,0.0,0.0,0.0,0.0,0.0,-1.724622470196664,0.0,207.81630592445714,0.0,0.0,0.0,0.0,0.0,0.0,0.0,0.0,0.0,0.0,-1000.0,-1000.0,1.9689439868078584,0.0,-0.862311235098332,0.0,849.6523574814296,0.0,0.0,0.0,0.0,0.0,0.0,0.0,0.0,0.0,0.0,0.0,0.0,0.0,0.0,0.0,0.0,0.0,-0.3592963479575979,449.81039736367495,-0.21557780877454255,-0.21557780877452615,0.0,0.0,0.0,0.0,0.0,-0.035929634795763825,0.0,150.4430716285854,0.0,0.0,0.0,0.0,0.0,0.0,0.0,1000.0,0.862311235098332,0.862311235098332,0.0,0.0,0.0,0.0,0.0,0.00316180786202158,476.2602304507477,0.0,0.0,-849.6523574814296,0.0,0.0,0.0,0.0,0.0,0.0,0.0,0.0,0.0,0.0,0.0,0.0,0.0,0.0,0.0,0.0,0.0,0.891054942934943,0.0,3.018089322844162,104.12947951257038,0.0,0.0,0.0,0.0,0.0,476.2602304507477,0.0,-0.23627327841438728,0.0,0.0,0.0,-0.3592963479575979,0.0,0.0,0.0,0.0,0.0,0.0,0.0,0.0,0.0,0.0,0.0,0.0,0.0,0.0,0.0,0.0,0.0,0.0,-0.0028743707836611067,0.0,0.0,0.1437185391830149,136.37725605298624,0.0,0.0,0.0,0.0,449.81039736367495,0.0,0.0,0.0,0.2474833244732156,0.07185926959152766,0.0,0.0,0.0,0.0028743707836611067,0.0,2.8743707836611065,0.0,0.5748741567322213,0.02053121988329362,9.801604372284373,-0.0021557780877458303,0.14371853918305533,0.05748741567322213,-0.014371853918305533,-9.801604372284373,0.862311235098332,-0.0028743707836611067,0.0,33.85326038085987,0.0007185926959152767,0.02053121988329362,0.0,-104.36575279098477,-0.05748741567322213,-398.5839613481676,-0.0028743707836611067,0.0007185926959152767,-9.801604372284373,478.0638473632937,0.0028743707836611067,0.0028743707836611067,-476.25419427210204,-103.90499115436654,-44.212850138434675,-0.0021557780877458303,0.862311235098332,0.0028743707836611067,0.862311235098332,-1.4371853918305533,-0.0014371853918305534,195.71188983460715,70.72354502305258,-0.0021557780877458303,-0.0028743707836611067,0.0,0.0028743707836611067,0.28743707836611065,-0.05748741567322213,378.7965408914726,378.7965408914726,-0.28743707836611065,398.5839613481676,-378.7965408914726,0.5748741567322213,0.0043115561754916605,-131.26213795773288,0.28743707836611065,-275.09986751488833,33.85326038085987,-0.5748741567322213,0.0014371853918305534,0.028743707836611065,0.0,476.83510460747993,-0.0028743707836611067,-476.9069638770714,476.25419427210204,0.891054942934943,0.0028743707836611067,104.36575279098477,-447.37239484446104,33.85326038085987,-0.0028743707836611067,-0.0007185926959152767,-33.85326038085987,-0.0028743707836611067,-691.667219777805,0.002874370783532581,-0.0007185926959152767,-0.0007185926959152767,-0.0007185926959152767,1.1497483134644426,1.4371853918305533,0.028743707836611065,118.72005311689463,-0.0007185926959152767,0.0,0.14371853918305533,-8.72491671736907,0.0028743707836611067,0.0014371853918305534,0.0014371853918305534,17.214067268796047,0.0,0.0028743707836611067,0.0,0.028743707836611065,0.0028743707836611067,-351.9010604419975,0.0028743707836611067,0.01149748313466148,0.014371853918305533,0.0014371853918305534,0.0007185926959152767,0.862311235098332,-0.0028743707836611067,44.212850138434675,0.028743707836611065,-237.44010623378927,0.07185926959148722,-0.28743707836611065,0.5748741567322213,0.14371853918305533,-0.0028743707836611067,0.0,0.0043115561754916605,-0.0028743707836611067,-34.42813453759209,0.0,510.9613256852573,0.0014371853918305534,17.44983343473814,-0.0028743707836611067,-0.002874370783532581,-0.0028743707836611067,0.0014371853918305534,9.801604372284373,-0.5748741567322213,0.0028743707836611067,0.0,-0.0007185926959152767,103.90499115436654,0.0,0.4311556175491659,-70.72354502305258,-320.2076072530062,9.801604372284373,-0.0021557780877458303,476.9069638770714,-476.83510460747993,0.0028743707836611067,-0.0007185926959152769,0.14371853918305533,2.8743707836611065,-0.0014371853918305534,-0.0028743707836611067,0.0007185926959152767,1000.0,0.0,131.26070077234104,233.18100732510288,698.0464726519419,0.0,727.34762197592,-62.01364424585779,477.7764102849276,1000.0,-670.1098825447917,-844.6111755023695,0.0,-500.0,-349.02323632597097,335.05494127239587,-477.7764102849276,31.006822122928895,-476.2602304507477,-153.00848269188057,0.0,844.6111755023695,-153.00848269188057,-727.34762197592,587.2162898710075,0.0,1496.5981,bhi
282,0.0,0.0,0.0,0.0,0.0,0.0,0.0,0.0,-0.06710166801818213,0.0,0.0,0.0,0.0,0.0,0.0,0.0,340.98772718133887,-367.40957967897936,0.0,364.22648175565905,0.0,0.0,0.0,0.0,0.0,689.5790894502201,0.0,0.0,0.0,-1000.0,0.0,0.0,0.0,0.0,0.0,0.0,0.0,645.0091947168828,0.0,-364.3017037198201,1000.0,0.0,0.0,1000.0,0.0,0.0,0.0,0.0,0.0,0.0,0.0,0.0,0.0,0.0738118348200667,0.0,0.0,0.0,13.420333603636426,0.0,0.0,-126.60081578872081,0.0,-441.06106692575855,-567.6618827144794,863.1527963535963,0.0,0.0,0.0,0.0,913.14851388921,0.0,0.6710166801818214,0.0,0.0,0.0,0.0,0.0,0.0,0.0,0.0,0.0,0.0,0.0,0.0,40.26100081090928,0.0,120.69139555858636,243.88918229102924,197.26357333075208,-335.99122519504124,-0.01677541700454553,0.0,0.0,795.9354506566807,20.13050040545464,0.0,20.13050040545464,-656.7609335091336,0.0,0.0,0.0,3.3550834009091064,-1000.0,0.0,0.0,0.0,0.0,869.6166961559984,0.0,0.0,0.0,0.0,0.0,0.0,0.0,0.0,0.0,0.0,0.0,0.0,0.0,0.0,0.0,0.0,-1000.0,0.0,0.0,20.13050040545464,0.0,20.801517085636462,0.0,0.0,-207.8303153784493,1000.0,-792.1696846215507,792.1696846215507,-1000.0,63.95835085684122,-63.95835085684122,1000.0,0.0,0.0,0.0,0.0,0.0,125.85822399598638,0.06710166801818213,0.0,0.0,0.0,281.2500000000003,-482.2554823737073,0.0,0.0,0.0,0.0,471.7307525029364,0.0,0.0,0.0,0.0,0.0,-205.4583768615412,-205.4583768615412,0.0,0.0,0.0,-890.59375,0.0,0.0,0.0,-205.39127519352303,0.0,0.0,0.0,-1000.0,-279.65828148449395,0.0,0.0,0.0,0.0,0.0,0.0,0.0,0.0,0.0,0.0,0.0,0.0,0.0,0.0,-1000.0,0.0,0.0,0.0,0.0,0.0,0.0,0.0,247.07228021434955,-247.07228021434955,0.0,0.0,0.0,0.0,0.0,0.0,0.0,0.0,-8.387708502272769,0.0,0.0,0.0,0.0,0.0,0.0,0.0,0.0,0.0,0.0,0.0,0.0,0.0,914.9758576230956,-583.1871763797917,659.0122728186611,0.0,0.0,0.0,0.0,0.0,0.0,0.0,0.0,0.0,-126.60081578872081,-340.98772718133887,0.0,0.0,0.0,0.0,0.0,0.0,0.0,0.0,345.39974020105194,0.0,0.0,0.0,-375.9445199155565,-425.75322679915394,490.9614625053788,0.0,-659.0122728186611,0.0,0.0,0.0,-790.5245278306481,0.0,0.0,0.0,-67.10842755439228,0.0,0.0,-1000.0,-385.0013125144169,-974.3176731170506,-1000.0,385.0013125144169,-974.3176731170506,444.3358535451016,0.0,0.0,0.0,0.0,187.21365377072817,0.0,0.0,0.0,0.0,0.0,0.0,0.0,-323.9114700381979,0.0,0.0,0.0,-890.59375,0.0,0.0,-126.60081578872081,-0.10065250202727319,0.0,0.0,0.0,0.0,0.06710166801818213,0.0,0.0,0.0,634.4697593934934,340.98772718133887,0.0,-576.3475253876995,760.3433129983567,279.65828148449395,936.9634858040272,0.0,1000.0,0.0,0.0,0.0,0.0,0.0,-5.7774536163655466,0.0,-994.2225463836345,3.0998352883167097,551.7278608420137,0.0,0.0,0.0,0.0,0.0,0.0,0.0,0.0,0.0,0.0,0.0,0.0,0.0,0.0,0.0,0.0,0.0,-354.7223986110448,0.0,-1000.0,0.0,0.0,1000.0,0.0,0.0,0.0,-471.2579641970383,0.0,0.0,0.0,459.55333540577215,0.0,0.0,0.0,269.10019351153795,0.0,0.0,-1000.0,-3.3550834009091064,444.3168149913801,0.0,0.0,-272.45527691244706,408.07920061229794,-1.6775417004545532,0.0,-571.5530301889582,0.0,0.0,-131.9224563871113,869.5324296773916,20.13050040545464,0.0,0.0,0.0,96.0856943440217,0.0,0.0,0.0,-914.9758576230956,914.9758576230956,914.9758576230956,25.75386562688115,0.0,0.0,-243.6881951671205,0.0,0.0,0.0,0.0,0.0,-11.818840460268916,0.0,-1000.0,83.16701460142751,0.0,0.0,0.0,0.0,-804.3231591589534,0.13420333603596646,0.0,0.0,0.0,0.0,0.0,0.0,0.0,0.0,0.0,702.201744917743,0.0,0.0,0.0,0.0,0.0,0.0,0.0,0.0,0.0,0.0738118348200667,0.0738118348200667,0.0,381.60687752174107,0.0,40.26100081090928,0.0,0.0,0.0,1000.0,0.0,0.0,120.69139555858636,0.0,0.0,1000.0,-1000.0,0.0,0.0,0.0,0.0,0.0,83.16701460142751,0.0,0.0,0.0,0.0,0.0,0.0,0.0,333.3333333333333,-634.4697593934934,201.00548237370703,0.0,125.85822399598638,0.0,795.9354506566807,0.0,0.0,0.0,1000.0,0.0,195.67684084104656,0.0,0.0,0.0,914.9758576230956,0.0,0.0,0.0,0.0,0.0,0.0,0.0,0.0,0.0,0.0,0.0,0.0,0.0,40.26100081090928,0.0,0.0,0.0,0.0,0.0,0.0,0.0,0.0,0.0,0.0,0.0,0.0,0.6710166801818214,0.0,0.0,120.69139555858636,-120.69139555858636,0.0,0.0,0.0,0.0,20.13050040545464,0.0,0.0,0.0,0.0,0.0,0.0,0.0,0.0,0.0,0.0,-882.2220832823253,1000.0,0.0,20.13050040545464,20.13050040545464,1000.0,-1000.0,0.0,83.16701460142751,0.0,0.0,0.0,0.0,0.0,483.7806624373941,0.0,551.7278608420137,0.06710166801818213,0.0,0.0,-109.37499999999993,197.99233857058346,804.3231591589534,0.0,-795.9354506566807,0.0,0.0,0.0,0.0,0.0,0.0,0.0,0.0,0.0,0.0,0.0,0.0,0.0,0.0,0.06710166801818213,0.0,0.0,0.0,131.77357645707593,-131.77357645707593,0.0,0.0,0.0,0.0,-471.25796419703835,1000.0,0.0,0.0,-645.2776013889552,-5.03262510136366,-3.355083400909109,0.0,0.0,0.0,0.0,0.0,0.0,0.0,0.0,0.0,0.0,0.0,0.0,0.0,279.65828148449395,0.0,0.0,872.8875130783007,0.0,0.0,0.0,-0.06710166801818213,0.0,0.0,0.06710166801818213,0.0,0.06710166801818213,0.0,210.946768971467,0.0,40.26100081090928,81.8640349821822,81.8640349821822,0.0,0.0,0.0,0.0,0.0,0.0,0.0,201.00548237370703,0.0,0.0,0.0,0.0,0.0,0.0,0.0,0.0,0.0,0.0,0.0,0.0,0.0,0.0,0.0,0.0,0.0,0.0,0.0,0.0,0.0,-478.63232047875306,478.63232047875306,0.10065250202727319,0.0,0.0,0.0,-20.13050040545464,0.0,0.0,0.0,0.0,0.0,-381.60687752174107,3.3550834009091064,0.0,0.0,0.0,890.59375,0.0,-63.99948131437073,0.0,0.0,-1000.0,0.0,0.0,0.0,0.0,0.0,0.0,0.0,0.0,993.1146159406527,-533.3689801013545,0.0,1000.0,804.3231591589534,0.0,-63.99948131437073,0.0,63.99948131437073,0.0,-872.3885628128303,0.0,3.355083400909109,618.511261521947,0.0,0.0,0.0,-253.20163157744165,0.0,0.0,0.0,0.0,0.0,0.0,0.0,0.0,0.0,-10.065250202727473,0.0,81.8640349821822,0.0,0.0,0.0,0.0,0.0,0.0,0.0,0.0,0.0,345.39974020105194,0.0,0.0,396.7047528258322,-790.8190834883266,-925.0211894854029,0.0,20.13050040545464,120.69139555858636,0.0,0.0,0.0,91.18521811081962,0.0,0.0,0.0738118348200667,0.0,0.0,0.0,40.9320174910911,0.0,0.0,0.0,0.0,-583.1871763797917,0.0,0.0,0.0,0.0,0.0,0.0,0.0,0.0,1000.0,0.0,0.006710166801818213,0.006710166801818213,0.0,0.0,0.0,0.0,0.0,0.0,0.0,0.0,0.0,-109.37499999999993,0.0,0.0,0.0,0.0,0.0,381.60687752174107,0.0,0.0,0.0,0.0,0.0,0.0,0.0,0.0,0.0,0.0,0.0,241.38279111717273,1000.0,46.20193611833679,-367.40957967897936,0.0,0.0,0.0,40.26100081090931,0.0,0.0,0.0,0.0,0.0,-884.0110008109101,843.7500000000008,0.0,241.38279111717273,0.0,0.0,0.0,0.0,0.0,0.0,0.0,0.0,0.0,0.0,1000.0,-513.1195022742892,45.96464259245476,31.25000000000003,-51.38050040545467,0.0,645.0091947168828,0.0,0.0,0.0,0.0,0.0,0.0,0.0,0.0,0.0,914.0625,0.0,-914.0625,-914.0625,0.0,0.0,0.0,0.0,-8.387708502272769,0.0,-5.03262510136366,-5.032625101363806,0.0,0.0,0.0,0.0,0.0,-0.8387708502272767,0.0,11.818840460268916,0.0,0.0,0.0,0.0,0.0,0.0,0.0,1000.0,20.13050040545464,20.13050040545464,0.0,0.0,0.0,0.0,0.0,0.0738118348200667,381.60687752174107,0.0,0.0,-645.0091947168828,0.0,0.0,0.0,0.0,0.0,0.0,0.0,0.0,0.0,0.0,0.0,0.0,0.0,0.0,0.0,0.0,0.0,0.0,0.0,70.45675141909123,125.85822399598638,0.0,0.0,0.0,0.0,0.0,381.60687752174107,0.0,403.88346440432815,0.0,0.0,0.0,-8.387708502272769,0.0,0.0,0.0,0.0,0.0,0.0,0.0,0.0,0.0,0.0,0.0,0.0,0.0,0.0,0.0,0.0,0.0,0.0,-0.06710166801818213,0.0,0.0,3.3550834009091064,-1000.0,0.0,0.0,0.0,0.0,0.0,0.0,0.0,0.0,5.7774536163655466,1.6775417004545532,0.0,0.0,689.5790894502201,0.06710166801818213,0.0,67.10166801818212,-20.801517085636462,13.420333603636427,0.47929762870130094,187.21365377072817,-0.050326251013636594,3.355083400909109,1.3420333603636427,-0.3355083400905414,-187.21365377072817,20.13050040545464,-0.06710166801818213,0.0,83.16701460142751,0.01677541700454553,0.47929762870130094,0.0,-131.3739811070809,-1.3420333603636427,-337.80462925801856,-0.06710166801818213,0.01677541700454553,-187.21365377072817,777.7849373682849,0.06710166801818213,0.06710166801818213,-381.46596401890287,-120.61758372376636,0.0,-0.050326251013636594,20.13050040545464,0.06710166801818213,20.13050040545464,-33.55083400909106,-0.03355083400909106,-471.7307525029364,-6.777268469836395,-0.050326251013636594,-0.06710166801818213,-20.801517085636462,0.06710166801818213,6.710166801818213,-1.3420333603636427,0.0,0.0,-6.710166801818218,337.80462925801856,0.0,13.420333603636426,0.10065250202727319,-1000.0,6.710166801818213,-333.3333333333333,83.16701460142751,-13.420333603636426,0.03355083400909106,0.6710166801818214,144.08688134692488,-519.9486464977181,-0.06710166801818213,-396.7047528258322,381.46596401890287,20.801517085636462,0.06710166801818213,131.3739811070809,-768.4297575868578,83.16701460142751,-0.06710166801818213,-0.01677541700454553,-83.16701460142751,-0.06710166801818213,-804.3231591589534,0.06710166801818213,-0.01677541700454553,-0.01677541700454553,-0.01677541700454553,26.84066720727285,33.55083400909106,0.6710166801818214,240.13413299288314,-0.01677541700454553,288.17376269384977,3.3550834009091064,405.51666298038583,0.06710166801818213,0.03355083400909106,0.03355083400909106,48.293674102531966,20.801517085636462,0.06710166801818213,-20.801517085636462,0.6710166801818214,0.06710166801818213,-620.97450239271,0.06710166801818213,0.26840667207238766,0.3355083400905414,0.03355083400909106,0.01677541700454553,20.13050040545464,-0.06710166801818213,0.0,0.6710166801818214,-480.2682659857663,1.677541700454551,-6.710166801818213,13.420333603636426,3.3550834009091064,-0.06710166801818213,0.0,0.10065250202727319,-0.06710166801818213,-96.58734820506393,20.801517085636462,154.94300779575764,0.03355083400909106,-811.0333259607717,-0.06710166801818213,-0.06710166801818213,-0.06710166801818213,0.03355083400909106,187.21365377072817,-13.420333603636426,0.06710166801818213,288.17376269384977,-0.01677541700454553,120.61758372376636,-288.17376269384977,10.065250202727318,6.777268469836395,-423.4274086291586,187.21365377072817,-0.050326251013636594,396.7047528258322,519.9486464977181,0.06710166801818213,-0.01677541700454553,462.90841880668125,67.10166801818212,-0.03355083400909106,-0.06710166801818213,0.01677541700454553,1000.0,0.0,891.6218208159305,380.84036939982684,-933.3637061006725,0.0,1000.0,802.8402122957516,771.0747705664667,251.92311735686962,-939.5830527334928,-812.4148512299294,-108.34462835006039,-125.96155867843481,466.68185305033626,469.7915263667464,-771.0747705664667,-401.4201061478758,-381.60687752174107,-246.12822590657726,108.34462835006039,812.4148512299294,-246.12822590657726,-1000.0,880.8597953925198,0.0,1496.5981,bhi
283,0.0,0.0,0.0,0.0,0.0,0.0,0.0,0.0,-0.09656430213849072,0.0,0.0,0.0,0.0,0.0,0.0,0.0,47.53804097916793,-41.15279116578555,0.0,0.0,0.0,0.0,0.0,0.0,0.0,0.0,0.0,0.0,0.0,-600.1509609664872,0.0,0.0,481.19422864464116,0.0,0.0,0.0,0.0,-40.986243465329835,0.0,-308.9700609502505,829.8095289930011,0.0,0.0,-617.0828113980655,0.0,0.0,0.0,12.293573766386388,288.4540629275079,-501.11543423288265,0.0,0.0,0.0,0.1062207323524353,0.0,0.0,0.0,0.0,0.0,0.0,81.27639056672272,0.0,188.065069758435,0.0,0.0,0.0,0.0,0.0,0.0,0.0,0.0,0.9656430213849072,0.0,0.0,0.0,0.0,0.0,0.0,0.0,0.0,0.0,0.0,65.70587142424394,0.0,57.938581283094436,0.0,0.0,0.0,0.0,282.21365956733325,27.197717362778274,0.0,0.0,0.0,28.969290641547218,0.0,232.2692577087728,0.0,0.0,0.0,65.70587142424394,4.828215106924536,-697.2943791960143,0.0,0.0,-374.30871439838563,596.7175787009384,0.0,0.0,0.0,0.0,0.0,0.0,0.0,0.0,0.0,0.0,0.0,0.0,0.0,0.0,0.0,0.0,0.0,-500.07345045018656,0.0,0.0,232.2692577087728,0.0,29.93493366293212,17.706226607554015,0.0,0.0,0.0,0.0,0.0,-269.3414603251577,0.0,0.0,0.0,0.0,0.0,0.0,0.0,0.0,-58.270420159580155,0.09656430213849072,27.221858438312896,0.0,0.0,0.0,-596.7175787009384,0.0,0.0,0.0,0.0,920.5849544769668,0.0,0.0,0.0,0.0,0.0,270.82574367188397,270.82574367188397,0.0,0.0,0.0,0.0,-427.80839289072486,0.0,0.0,270.9223079740225,0.0,0.0,0.0,-742.8900222070635,0.0,0.0,0.0,0.0,0.0,0.0,0.0,0.0,0.0,0.0,0.0,0.0,0.0,0.0,0.0,-283.527864259938,0.0,0.0,0.0,0.0,0.0,501.11543423288265,0.0,329.60685409329346,-329.60685409329346,269.3414603251577,0.0,0.0,0.0,0.0,0.0,0.0,97.14341822952707,271.91304473856616,0.0,0.0,0.0,0.0,0.0,0.0,0.0,0.0,0.0,0.0,0.0,0.0,0.0,0.0,-35.153942443357295,264.15885705981134,0.0,0.0,0.0,0.0,-269.3414603251577,0.0,0.0,0.0,0.0,81.27639056672272,881.2416684578768,0.0,0.0,0.0,0.0,0.0,0.0,0.0,0.0,3.109370528860611,31.60643419408453,203.2999670672256,0.0,329.60685409329346,0.0,618.0609170208013,0.0,-264.15885705981134,0.0,0.0,269.3414603251577,331.7098221774503,0.0,0.0,0.0,102.47344897610117,0.0,0.0,-961.5199544140291,0.0,0.0,-961.5199544140291,0.0,0.0,329.60685409329346,0.0,0.0,501.11543423288265,0.0,304.8268561814972,0.0,0.0,0.0,-1000.0,0.0,1000.0,0.0,270.7291793697455,0.0,0.0,66.51351615039414,0.0,0.0,0.0,81.27639056672272,-0.1448464532077361,0.0,0.0,0.0,0.0,0.09656430213849072,0.0,0.0,0.0,48.14923602230456,47.53804097916793,0.0,-249.5391429322571,971.382316292617,0.0,843.2344543432127,0.0,138.33801924360193,0.0,-374.30871439838563,0.0,0.0,0.0,598.0013436692602,0.0,-736.3393629128622,-1000.0,-1000.0,0.0,0.0,0.0,0.0,0.0,0.0,0.0,0.0,0.0,0.0,0.0,0.0,0.0,0.0,0.0,0.0,0.0,-1000.0,0.0,-959.4000137432241,0.0,0.0,0.0,0.0,0.0,0.0,55.161049630719546,0.0,0.0,0.0,0.0,0.0,0.0,0.0,-4.828215106924536,0.0,0.0,14.705851795137733,-1000.0,0.0,0.0,0.0,0.0,443.073527087106,-2.414107553462268,995.1717848930755,567.8024292594203,0.0,-609.9491637695238,-494.7203262427717,105.64286495871652,232.2692577087728,0.0,0.0,0.0,0.0,0.0,0.0,0.0,0.0,0.0,0.0,-386.2129327419875,0.0,0.0,0.0,0.0,0.0,97.14341822952707,0.0,0.0,-106.78867919171226,0.0,0.0,218.84433235856113,0.0,0.0,0.0,0.0,-267.4232001521301,0.19312860427696016,0.0,0.0,0.0,0.0,0.0,0.0,0.0,0.0,0.0,0.0,0.0,0.0,0.0,0.0,0.0,0.0,0.0,0.0,0.0,0.1062207323524353,0.1062207323524353,0.0,118.59011226771906,0.0,57.938581283094436,0.0,0.0,0.0,1000.0,0.0,0.0,0.0,0.0,0.0,1000.0,-1000.0,0.0,0.0,0.0,0.0,0.0,218.84433235856113,0.0,0.0,0.0,0.0,0.0,0.0,0.0,166.69115015006219,-48.14923602230456,0.0,0.0,109.65205653722265,0.0,0.0,0.0,0.0,0.0,1000.0,0.0,732.5767998478699,0.0,0.0,0.0,0.0,0.0,0.0,0.0,0.0,0.0,0.0,0.0,0.0,0.0,0.0,0.0,0.0,0.0,57.938581283094436,269.3414603251577,269.3414603251577,0.0,0.0,0.0,0.0,0.0,0.0,0.0,0.0,0.0,0.0,0.9656430213849072,0.0,0.0,0.0,0.0,0.0,0.0,0.0,0.0,232.2692577087728,0.0,0.0,0.0,102.21660527255887,0.0,0.0,0.0,0.0,0.0,0.0,511.8142073162812,-1000.0,0.0,28.969290641547218,28.969290641547218,167.66554722209838,-1000.0,0.0,218.84433235856113,0.0,0.0,0.0,0.0,0.0,697.2943791960143,97.14341822952707,1000.0,0.09656430213849072,0.0,0.0,0.0,56.702049443966416,0.0,0.0,0.0,0.0,0.0,0.0,0.0,0.0,0.0,0.0,0.0,0.0,0.0,0.0,0.0,0.0,0.0,0.09656430213849072,0.0,0.0,0.0,173.72668802544194,-173.72668802544194,0.0,0.0,0.0,0.0,0.0,95.7610358874955,0.0,0.0,0.0,-7.2423226603868045,-4.828215106924536,0.0,0.0,-546.875,-546.875,546.875,0.0,0.0,0.0,0.0,0.0,0.0,0.0,269.3414603251577,0.0,0.0,0.0,-499.47808370388276,0.0,0.0,0.0,-0.09656430213849072,0.0,0.0,0.09656430213849072,0.0,0.09656430213849072,0.0,0.0,0.0,57.938581283094436,117.8084486089587,117.8084486089587,0.0,0.0,0.0,0.0,0.0,0.0,0.0,0.0,0.0,97.14341822952707,0.0,0.0,131.2129408619566,475.10258922142776,0.0,0.0,0.0,0.0,0.0,0.0,0.0,0.0,0.0,0.0,0.0,0.0,0.0,0.0,0.0,0.0,0.0,0.1448464532077361,0.0,0.0,0.0,-232.2692577087728,0.0,0.0,0.0,0.0,0.0,-118.59011226771906,4.828215106924536,0.0,0.0,0.0,0.0,427.80839289072486,335.6219330755902,0.0,0.0,0.0,0.0,0.0,0.0,0.0,0.0,269.3414603251577,0.0,0.0,0.0,118.59011226771906,0.0,451.6491297279759,-374.30871439838563,40.599986256775914,390.7829827063098,0.0,-431.3829689630857,0.0,213.90137356849158,0.0,4.828215106924536,487.0641248208762,0.0,0.0,0.0,-106.78867919171226,531.249999999997,-531.249999999997,0.0,0.0,0.0,0.0,0.0,0.0,0.0,125.83243492810587,-140.31708024887956,117.8084486089587,0.0,0.0,0.0,0.0,0.0,0.0,0.0,0.0,0.0,3.109370528860611,0.0,0.0,0.0,-56.702049443966416,-864.8573126602752,0.0,28.969290641547218,0.0,0.0,0.0,0.0,-118.81434916249495,0.0,0.0,0.1062207323524353,0.0,0.0,0.0,58.90422430447934,0.0,0.0,0.0,0.0,-35.153942443357295,0.0,596.7175787009384,0.0,0.0,0.0,0.0,0.0,0.0,0.0,0.0,0.009656430213849073,0.009656430213849073,0.0,0.0,0.0,0.0,0.0,0.0,0.0,0.0,0.0,0.0,0.0,0.0,0.0,0.0,0.0,118.59011226771906,0.0,0.0,0.0,0.0,0.0,0.0,0.0,501.11543423288265,0.0,0.0,0.0,0.0,1000.0,-616.4698551141562,-41.15279116578555,0.0,0.0,0.0,57.938581283094436,0.0,0.0,0.0,0.0,0.0,0.0,-57.938581283094436,0.0,0.0,0.0,0.0,0.0,0.0,0.0,0.0,0.0,0.0,0.0,0.0,-1000.0,-1000.0,672.4620770482505,0.0,-232.2692577087728,0.0,-40.986243465329835,0.0,0.0,0.0,0.0,0.0,0.0,0.0,0.0,0.0,0.0,0.0,0.0,0.0,0.0,0.0,0.0,0.0,-12.07053776731134,269.3414603251577,-7.2423226603868045,739.3902876718771,0.0,0.0,0.0,0.0,0.0,-720.5547919540232,719.3477381772921,106.78867919171226,0.0,0.0,0.0,0.0,0.0,0.0,0.0,1000.0,28.969290641547218,28.969290641547218,0.0,0.0,0.0,0.0,0.0,0.1062207323524353,118.59011226771906,0.0,0.0,40.986243465329835,0.0,0.0,0.0,0.0,0.0,0.0,0.0,0.0,0.0,0.0,0.0,0.0,0.0,0.0,0.0,0.0,0.0,17.706226607554015,0.0,101.39251724541526,0.0,0.0,7.435451264663781,0.0,0.0,0.0,118.59011226771906,0.0,-340.45014818251474,0.0,0.0,0.0,-12.07053776731134,0.0,0.0,0.0,0.0,0.0,0.0,0.0,0.0,0.0,0.0,0.0,0.0,0.0,0.0,0.0,0.0,0.0,0.0,-0.09656430213849072,0.0,0.0,4.828215106924536,-1000.0,0.0,0.0,0.0,0.0,269.3414603251577,0.0,0.0,0.0,-598.0013436692602,2.414107553462268,0.0,0.0,0.0,0.09656430213849072,0.0,96.56430213849072,-12.228707055378104,19.312860427698144,0.6897450152749337,304.8268561814972,-0.07242322660386805,4.828215106924536,1.9312860427698144,-0.4828215106924105,-304.8268561814972,28.969290641547218,-0.09656430213849072,124.76957146612855,218.84433235856113,0.02414107553462268,0.6897450152749337,-374.30871439838563,-15.37303690044888,-1.9312860427698144,-6.38524981338238,-0.09656430213849072,0.02414107553462268,-304.8268561814972,9.656430213849072,0.09656430213849072,0.09656430213849072,-118.38732723322813,0.1062207323523398,0.0,-0.07242322660386805,28.969290641547218,0.09656430213849072,232.2692577087728,155.01781599798022,-0.04828215106924536,-171.96752568019554,259.58846580917015,-0.07242322660386805,-0.09656430213849072,-12.228707055378104,0.09656430213849072,9.656430213849072,-1.9312860427698144,0.0,0.0,-9.656430213849072,6.38524981338238,0.0,19.312860427698144,0.1448464532077361,-1000.0,9.656430213849072,-166.69115015006219,218.84433235856113,-19.312860427698144,0.04828215106924536,0.9656430213849072,62.38478573306428,137.90297269541722,-0.09656430213849072,-140.31708024887956,118.38732723322813,29.93493366293212,0.09656430213849072,15.37303690044888,-100.33279727485323,218.84433235856113,-0.09656430213849072,-0.02414107553462268,-218.84433235856113,-0.09656430213849072,-864.1407788530685,0.09656430213854518,-0.02414107553462268,-0.02414107553462268,-0.02414107553462268,38.62572085539629,-155.01781599798022,0.9656430213849072,71.54207734685616,-0.02414107553462268,0.0,4.828215106924536,138.5398151829896,0.09656430213849072,0.04828215106924536,0.04828215106924536,119.07859639312964,12.228707055378104,0.09656430213849072,-12.228707055378104,0.9656430213849072,0.09656430213849067,-71.54207734685616,0.09656430213849072,0.3862572085539213,0.4828215106924105,0.04828215106924536,0.02414107553462268,28.969290641547218,-0.09656430213849072,0.0,0.9656430213849072,-143.08415469371232,2.4141075534622685,-9.656430213849072,19.312860427698144,4.828215106924536,-0.09656430213849072,374.30871439838563,0.1448464532077361,-0.09656430213849067,-238.1571927862593,12.228707055378104,245.83354399999342,0.04828215106924536,-277.0796303659792,-0.09656430213849072,-0.09656430213854518,-0.09656430213849072,0.04828215106924536,304.8268561814972,-19.312860427698144,0.09656430213849072,124.76957146612855,-0.02414107553462268,-0.1062207323523398,-124.76957146612855,14.484645320773607,-259.58846580917015,83.71171590692182,304.8268561814972,-0.07242322660386805,140.31708024887956,-137.90297269541722,0.09656430213849072,-0.024141075534622684,4.828215106924536,96.56430213849072,-0.04828215106924536,-0.09656430213849072,0.02414107553462268,1000.0,0.0,388.131204188304,0.0,804.9000302739249,0.0,276.9467153190384,-857.6370141202876,0.0,-925.3555440364651,741.208786712675,-470.961990155674,-611.8205136606267,462.67777201823253,-402.45001513696246,-370.6043933563375,0.0,428.8185070601438,-118.59011226771906,-127.01919483749846,611.8205136606267,470.961990155674,-127.01919483749846,-276.9467153190384,183.81154119002127,0.0,1496.5981,bhi
284,0.0,0.0,0.0,0.0,0.0,0.0,0.0,0.0,-0.1025385177158845,0.0,0.0,0.0,0.0,0.0,0.0,0.0,384.8084897020509,234.75479943293988,0.0,-271.8708352632686,0.0,0.0,0.0,647.6163155415907,0.0,0.0,0.0,0.0,0.0,-1000.0,0.0,0.0,0.0,0.0,0.0,0.0,0.0,999.4553511746157,0.0,-1000.0,816.1228609970258,0.0,0.0,645.3254851606341,0.0,0.0,0.0,0.0,153.86408992698193,-585.991212394454,0.0,-342.6407419912812,0.0,0.11279236948740845,0.0,0.0,0.0,20.5077035431769,0.0,0.0,114.70084761681852,0.0,0.0,-256.4923716141721,0.0,0.0,0.0,0.0,542.5839427242718,341.89126216809444,0.0,1.025385177158845,0.0,0.0,0.0,0.0,0.0,0.0,0.0,33.34951608881827,0.0,0.0,141.1443366542534,0.0,61.52311062953069,0.0,0.0,-847.0425507267569,307.67265903726144,0.0,-0.025634629428971125,0.0,0.0,863.129061676153,30.761555314765346,0.0,183.87713900297427,0.0,0.0,0.0,141.1443366542534,572.0743514005821,-1000.0,0.0,0.0,0.0,0.0,186.33820985779937,0.0,0.0,0.0,0.0,0.0,0.0,0.0,0.0,0.0,0.0,0.0,0.0,0.0,0.0,0.0,0.0,-709.2287334079647,0.0,0.0,183.87713900297427,0.0,31.786940491924188,4.972991473966349,0.0,-1000.0,1000.0,0.0,0.0,0.0,0.0,0.0,-371.1932192309906,0.0,0.0,0.0,0.0,0.0,-133.2488707901303,0.1025385177158845,0.0,0.0,0.0,0.0,-20.5077035431769,0.0,0.0,0.0,0.0,436.784978190426,0.0,0.0,0.0,0.0,0.0,999.8974614822841,999.8974614822841,0.0,0.0,0.0,0.0,0.0,0.0,0.0,1000.0,0.0,0.0,0.0,-840.0584388027371,-249.9697950249253,0.0,0.0,0.0,0.0,0.0,0.0,0.0,0.0,0.0,-1000.0,0.0,0.0,0.0,0.0,-1000.0,0.0,0.0,0.0,0.0,0.0,585.991212394454,342.6407419912812,-307.67265903726144,307.67265903726144,0.0,0.0,0.0,0.0,0.0,0.0,0.0,0.0,-12.81731471448556,0.0,0.0,0.0,0.0,0.0,0.0,0.0,0.0,0.0,0.0,0.0,0.0,0.0,553.0534717556582,-395.30277019660167,118.68667837968599,0.0,0.0,0.0,371.1932192309906,276.2587636478857,0.0,0.0,0.0,0.0,114.70084761681852,-526.6388067809481,0.0,0.0,0.0,0.0,0.0,0.0,0.0,0.0,354.2873631102479,0.0,153.11558368820891,0.0,384.65468192547706,1000.0,-658.2103778457551,0.0,-118.68667837968599,0.0,0.0,371.1932192309906,528.2629655091885,0.0,0.0,0.0,158.93035950976451,0.0,0.0,-1000.0,0.0,0.0,-1000.0,0.0,0.0,0.0,0.0,5.749023940903669,585.991212394454,0.0,19.76968372736468,0.0,0.0,0.0,-1000.0,0.0,1000.0,0.0,1000.0,0.0,371.1932192309906,0.0,0.0,0.0,0.0,114.70084761681852,-0.15380777657382674,0.0,0.0,0.0,0.0,0.1025385177158845,0.0,0.0,0.0,185.57673423889224,384.8084897020509,0.0,-626.844824448773,-275.171567041846,249.9697950249253,1000.0,0.0,0.0,0.0,0.0,0.0,0.0,0.0,-8.828566375337589,8.828566375337589,0.0,646.4154621902783,-1000.0,0.0,0.0,0.0,0.0,0.0,0.0,0.0,0.0,0.0,0.0,0.0,0.0,0.0,0.0,0.0,0.0,0.0,376.947133496039,0.0,-622.9183717494398,0.0,0.0,350.9856228397973,1000.0,0.0,0.0,-221.03849232011757,0.0,0.0,0.0,0.0,566.9474255147879,0.0,0.0,-719.8313595742378,0.0,-551.4125090996093,0.0,0.0,627.8721769972509,-765.9402911016894,0.0,-68.76927906895037,0.0,-2.5634629428971123,-5.126925885794225,0.0,0.0,0.0,425.7136984182499,75.43872991506002,183.87713900297427,0.0,0.0,0.0,293.08676744681543,0.0,0.0,0.0,-553.0534717556582,553.0534717556582,553.0534717556582,-701.476030337185,0.0,0.0,-0.205077035431769,0.0,0.0,0.0,0.0,0.0,-141.79152399735358,0.0,968.7500000000009,0.0,0.0,0.0,0.0,0.0,-599.6876127427529,0.20507703543171374,0.0,0.0,0.0,0.0,0.0,0.0,0.0,0.0,0.0,884.4752048923663,0.0,0.0,0.0,0.0,0.0,0.0,0.0,0.0,0.0,0.11279236948740845,0.11279236948740845,0.0,417.2989624387214,0.0,61.52311062953069,0.0,0.0,0.0,1000.0,0.0,0.0,0.0,0.0,0.0,200.51158852149038,-1000.0,0.0,0.0,0.0,0.0,0.0,0.0,0.0,0.0,0.0,0.0,0.0,0.0,0.0,236.4095778026549,-185.57673423889224,20.5077035431769,0.0,7.895465864123105,0.0,546.8268263183768,316.30223535777634,40.04347170989058,0.0,200.51158852149038,0.0,0.0,-399.17602422126254,0.0,0.0,553.0534717556582,0.0,0.0,0.0,0.0,0.0,0.0,0.0,0.0,0.0,0.0,0.0,0.0,0.0,61.52311062953069,371.1932192309906,371.1932192309906,0.0,0.0,0.0,0.0,0.0,0.0,0.0,0.0,0.0,0.0,1.025385177158845,0.0,0.0,0.0,0.0,0.0,342.6407419912812,0.0,0.0,183.87713900297427,0.0,0.0,0.0,0.0,0.0,0.0,0.0,0.0,0.0,0.0,1000.0,192.02955018697094,0.0,30.761555314765346,30.761555314765346,1000.0,-1000.0,0.0,0.0,0.0,0.0,0.0,0.0,0.0,-646.4154621902783,0.0,-218.07287783414023,0.1025385177158845,0.0,0.0,-400.8580025904647,516.3827976980984,599.6876127427529,0.0,-863.129061676153,0.0,0.0,0.0,0.0,0.0,0.0,0.0,0.0,0.0,0.0,0.0,0.0,0.0,0.0,0.1025385177158845,0.0,0.0,0.0,586.6163868635963,-586.6163868635963,0.0,0.0,0.0,0.0,-756.858943991836,886.8060745115157,0.0,0.0,-999.8655052454787,-7.6903888286913356,-5.126925885794225,0.0,0.0,0.0,0.0,0.0,0.0,0.0,0.0,0.0,0.0,0.0,0.0,371.1932192309906,249.9697950249253,0.0,0.0,80.56565580085424,0.0,0.0,0.0,-0.1025385177158845,0.0,0.0,0.1025385177158845,0.0,0.1025385177158845,0.0,0.0,0.0,61.52311062953069,125.09699161337907,125.09699161337907,0.0,0.0,0.0,0.0,0.0,0.0,0.0,20.5077035431769,0.0,0.0,0.0,0.0,0.0,0.0,0.0,0.0,0.0,0.0,0.0,0.0,0.0,0.0,0.0,0.0,0.0,0.0,0.0,276.2587636478857,0.0,0.0,0.0,0.15380777657382674,0.0,0.0,0.0,-183.87713900297427,0.0,0.0,0.0,0.0,0.0,-417.2989624387214,5.126925885794225,0.0,0.0,0.0,0.0,0.0,-654.1413030459969,0.0,0.0,968.7500000000009,0.0,0.0,0.0,0.0,0.0,371.1932192309906,0.0,0.0,-713.0359942299242,-135.75450931693678,0.0,1000.0,599.6876127427529,0.0,-118.32085137427853,0.0,118.32085137427853,0.0,403.16597389580943,0.0,5.126925885794225,591.5278140975103,0.0,0.0,0.0,-141.79152399735358,0.0,0.0,941.5493050946034,-941.5493050946034,0.0,0.0,0.0,0.0,0.0,984.6192223426174,0.0,125.09699161337907,0.0,0.0,0.0,0.0,0.0,0.0,0.0,0.0,0.0,354.2873631102479,0.0,0.0,440.3701289247954,-1000.0,387.68776565631697,0.0,30.761555314765346,0.0,0.0,0.0,0.0,93.05431214676514,0.0,0.0,0.11279236948740845,0.0,0.0,0.0,62.54849580668954,0.0,0.0,0.0,0.0,-395.30277019660167,0.0,0.0,0.0,0.0,0.0,0.0,0.0,0.0,-1000.0,0.0,180.5532301382142,0.010253851771588449,0.0,0.0,0.0,0.0,0.0,0.0,0.0,0.0,0.0,-400.8580025904647,0.0,0.0,0.0,0.0,0.0,417.2989624387214,0.0,0.0,0.0,0.0,0.0,0.0,0.0,585.991212394454,0.0,0.0,0.0,0.0,0.0,1000.0,234.75479943293988,0.0,0.0,0.0,61.52311062953069,0.0,0.0,0.0,0.0,0.0,0.0,-61.52311062953069,0.0,0.0,0.0,0.0,0.0,0.0,0.0,0.0,0.0,0.0,0.0,0.0,218.07287783414023,-1000.0,70.23888463538087,0.0,-183.87713900297427,0.0,999.4553511746157,0.0,0.0,0.0,0.0,0.0,0.0,0.0,0.0,0.0,882.8124999999999,0.0,-882.8125,-882.8124999999999,0.0,0.0,0.0,0.0,-12.81731471448556,371.1932192309906,-574.6378143434792,-7.690388828691331,0.0,0.0,0.0,0.0,0.0,0.0,-1.2817314714485564,141.79152399735358,0.0,0.0,0.0,0.0,0.0,0.0,0.0,1000.0,30.761555314765346,30.761555314765346,0.0,0.0,0.0,0.0,33.34951608881827,0.11279236948740845,417.2989624387214,0.0,0.0,-999.4553511746157,180.54297628644258,0.0,0.0,0.0,0.0,0.0,0.0,0.0,0.0,0.0,0.0,0.0,0.0,0.0,0.0,0.0,0.0,4.972991473966349,0.0,107.6654436016787,7.895465864123105,0.0,0.0,0.0,0.0,0.0,417.2989624387214,0.0,1000.0,0.0,0.0,0.0,-12.81731471448556,0.0,0.0,0.0,0.0,0.0,0.0,0.0,0.0,0.0,0.0,0.0,0.0,0.0,0.0,0.0,0.0,0.0,0.0,-0.1025385177158845,0.0,0.0,5.126925885794225,-200.51158852149038,0.0,0.0,0.0,0.0,371.1932192309906,0.0,0.0,0.0,8.828566375337589,2.5634629428971123,0.0,0.0,0.0,0.1025385177158845,0.0,102.53851771588448,-26.81394901795784,20.5077035431769,0.7324179836848892,296.02844737525044,-0.07690388828691337,788.6006386431882,2.05077035431769,-0.5126925885789709,-296.02844737525044,30.761555314765346,-0.1025385177158845,0.0,0.0,0.025634629428971125,0.7324179836848892,0.0,-16.324132020367898,-2.05077035431769,-347.6924538717222,-0.1025385177158845,0.025634629428971125,-296.02844737525044,10.25385177158845,0.1025385177158845,0.1025385177158845,-417.0836315515181,0.11279236948749372,0.0,-0.07690388828691337,30.761555314765346,0.1025385177158845,183.87713900297427,101.84632483026667,-0.05126925885794225,-436.784978190426,-286.61515393719003,-0.07690388828691337,-0.10253851771588444,-26.81394901795784,0.1025385177158845,10.25385177158845,-2.05077035431769,276.2587636478857,276.2587636478857,-10.25385177158845,347.6924538717222,-276.2587636478857,20.5077035431769,0.15380777657382674,-1000.0,10.25385177158845,-236.4095778026549,0.0,-20.5077035431769,0.05126925885794225,1.025385177158845,156.71120611219325,-115.24680577375987,-0.1025385177158845,-440.3701289247954,417.0836315515181,31.786940491924188,0.1025385177158845,16.324132020367898,-276.16180494727064,0.0,-0.1025385177158845,-0.025634629428971125,0.0,-0.1025385177158845,-599.6876127427529,0.1025385177158845,-0.025634629428971125,-0.025634629428971125,-0.025634629428971125,41.0154070863538,-101.84632483026667,1.025385177158845,75.96822431275565,-0.025634629428971125,313.4224122243865,5.126925885794225,304.97073225717065,0.1025385177158845,0.05126925885794225,0.05126925885794225,-175.34275784390687,26.81394901795784,0.1025385177158845,-26.81394901795784,1.025385177158845,0.1025385177158845,-75.96822431275565,0.1025385177158845,0.4101540708630296,0.5126925885789709,0.05126925885794225,0.025634629428971125,30.761555314765346,-0.1025385177158845,0.0,1.025385177158845,-151.9364486255113,786.0371757002911,-10.25385177158845,20.5077035431769,5.126925885794225,-0.1025385177158845,0.0,0.15380777657382674,-0.1025385177158845,350.68551568781373,26.81394901795784,245.39576109469914,0.05126925885794225,-609.9414645143413,-0.1025385177158845,-0.1025385177158845,-0.1025385177158845,0.05126925885794222,296.02844737525044,-20.5077035431769,0.1025385177158845,313.4224122243865,-0.025634629428971125,-0.11279236948749372,-313.4224122243865,15.380777657382671,286.61515393719003,-11.609951169355071,296.02844737525044,-0.07690388828691337,440.3701289247954,115.24680577375987,0.1025385177158845,-0.02563462942897112,5.126925885794225,102.53851771588448,-0.05126925885794225,-0.1025385177158845,0.025634629428971125,513.4120404693404,0.0,999.9487307411421,0.0,-1000.0,0.0,1000.0,597.421511501232,0.0,553.0852946437682,-211.8060533955603,-1000.0,0.0,-276.5426473218841,500.0,105.90302669778015,0.0,-298.710755750616,-417.2989624387214,-338.4500732414643,0.0,1000.0,-338.4500732414643,-1000.0,632.9539765878411,0.0,1496.5981,bhi
285,0.0,0.0,0.0,0.0,0.0,0.0,0.0,0.0,-0.15003086548037345,0.0,0.0,0.0,0.0,0.0,0.0,0.0,432.9894733501775,957.668039405242,0.0,-973.4362278836805,0.0,0.0,0.0,760.1006460968828,0.0,0.0,0.0,0.0,0.0,-1000.0,0.0,0.0,1000.0,0.0,0.0,0.0,0.0,571.4471458902561,0.0,-1000.0,950.1685815896449,0.0,0.0,343.4375177658525,0.0,0.0,0.0,0.0,223.57300888397003,0.0,0.0,0.0,0.0,0.16503395202857973,0.0,0.0,0.0,0.0,0.0,0.0,-5.615461778336567,0.0,0.0,-28.407231103244612,0.0,0.0,0.0,0.0,0.0,0.0,0.0,1.5003086548037345,0.0,0.0,0.0,0.0,0.0,0.0,0.0,0.0,0.0,0.0,0.0,0.0,90.01851928822407,0.0,0.0,-675.9148193631314,-179.64348441131145,0.0,-0.03750771637009336,0.0,0.0,0.0,45.009259644112035,0.0,369.6014953610657,-605.319807906357,0.0,0.0,0.0,7.5015432740186725,-1000.0,0.0,0.0,-392.72463372617193,0.0,0.0,0.0,0.0,0.0,0.0,0.0,0.0,0.0,0.0,0.0,0.0,0.0,0.0,0.0,0.0,0.0,0.0,-920.3968665448151,0.0,0.0,369.6014953610657,0.0,46.50956829891578,0.0,0.0,-1000.0,1000.0,0.0,0.0,0.0,0.0,0.0,-22.791769324907815,0.0,0.0,0.0,0.0,0.0,11.552376641988758,0.15003086548037345,0.0,0.0,0.0,0.0,0.0,0.0,0.0,0.0,0.0,995.2212192457695,0.0,0.0,0.0,0.0,0.0,274.9111917301538,274.9111917301538,0.0,0.0,0.0,-234.375,0.0,0.0,0.0,275.06122259563415,0.0,0.0,0.0,623.2912458112454,0.0,0.0,0.0,0.0,0.0,0.0,0.0,0.0,0.0,0.0,0.0,0.0,0.0,0.0,0.0,-1000.0,0.0,0.0,0.0,0.0,0.0,0.0,0.0,179.64348441131145,-179.64348441131145,22.791769324907815,0.0,0.0,0.0,0.0,0.0,0.0,0.0,-966.3116140123545,0.0,0.0,0.0,0.0,0.0,0.0,0.0,0.0,0.0,0.0,0.0,0.0,0.0,630.6774425951734,188.11191205543355,343.4375177658525,0.0,0.0,0.0,0.0,29.340110235005145,0.0,0.0,0.0,0.0,-5.615461778336567,0.0,0.0,0.0,0.0,0.0,0.0,0.0,0.0,0.0,0.0,30.00617309607469,324.59223571695367,0.0,-159.79949463952548,-519.0864634621483,-272.69832606784996,0.0,-343.4375177658525,0.0,0.0,22.791769324907815,183.0376558860556,0.0,0.0,0.0,-22.71786716763347,0.0,0.0,269.98446841448373,0.0,0.0,269.98446841448373,0.0,0.0,0.0,0.0,616.2171064120342,0.0,0.0,366.45423513032904,0.0,0.0,0.0,-379.5002669260611,0.0,379.5002669260611,0.0,274.7611608646734,0.0,0.0,-910.8640523253252,-234.375,0.0,0.0,-5.615461778336567,-0.22504629822056016,0.0,0.0,0.0,0.0,0.15003086548037345,0.0,0.0,0.0,578.2666250790214,432.9894733501775,0.0,-706.3718140942728,120.49327059051816,0.0,1000.0,0.0,1000.0,0.0,-392.72463372617193,0.0,0.0,0.0,-12.91765751786032,-655.4026041260204,-331.6797383561193,-975.4067470138618,-1000.0,0.0,0.0,0.0,0.0,0.0,0.0,0.0,0.0,0.0,0.0,0.0,0.0,0.0,0.0,0.0,0.0,0.0,1000.0,0.0,427.95273064782214,0.0,0.0,600.4888140378862,690.6945851661621,0.0,0.0,-11.552376641988758,0.0,0.0,0.0,713.0893427439022,0.0,655.4026041260204,0.0,0.0,378.8425169080924,0.0,813.6480281131983,-7.5015432740186725,0.0,-583.4261647571058,0.0,-352.84883585709974,0.0,-382.59328854510176,0.0,-864.1362216538876,0.0,856.8963987879416,508.2211359740167,-1000.0,369.6014953610657,-468.7500000000002,468.7500000000002,0.0,520.4345713830832,0.0,0.0,0.0,-630.6774425951734,630.6774425951734,630.6774425951734,446.2435733937258,0.0,0.0,0.0,0.0,0.0,0.0,0.0,0.0,-34.022692881581214,0.0,0.0,319.7700769507105,0.0,0.0,0.0,0.0,-181.48958330563215,0.3000617309608842,0.0,0.0,0.0,0.0,0.0,0.0,0.0,0.0,0.0,0.0,0.0,0.0,0.0,0.0,0.0,0.0,0.0,0.0,0.0,0.16503395202857973,0.16503395202857973,0.0,15.636075746011187,0.0,90.01851928822407,0.0,0.0,0.0,-238.73311222835517,0.0,0.0,0.0,0.0,0.0,1000.0,238.73311222835517,0.0,0.0,0.0,0.0,0.0,319.7700769507105,0.0,0.0,0.0,0.0,0.0,0.0,0.0,306.79895551493837,-578.2666250790214,0.0,0.0,11.552376641988758,0.0,0.0,0.0,-52.13187955991296,0.0,1000.0,0.0,1000.0,-181.48958330563215,0.0,0.0,630.6774425951734,0.0,0.0,0.0,0.0,0.0,0.0,0.0,0.0,0.0,0.0,0.0,0.0,0.0,90.01851928822407,22.791769324907815,22.791769324907815,0.0,0.0,0.0,0.0,0.0,0.0,0.0,0.0,0.0,0.0,1.5003086548037345,0.0,0.0,0.0,0.0,0.0,0.0,0.0,0.0,369.6014953610657,0.0,0.0,0.0,0.0,0.0,0.0,0.0,0.0,0.0,0.0,1000.0,355.2452950544987,0.0,45.009259644112035,45.009259644112035,1000.0,238.73311222835517,0.0,319.7700769507105,0.0,0.0,0.0,0.0,0.0,975.4067470138618,0.0,1000.0,0.15003086548037345,0.0,0.0,0.0,198.1371908476161,396.04031585328823,0.0,0.0,0.0,0.0,0.0,0.0,0.0,0.0,0.0,0.0,0.0,0.0,0.0,0.0,0.0,0.0,0.15003086548037345,0.0,0.0,0.0,0.0,0.0,0.0,0.0,0.0,0.0,-16.383370510459656,605.319807906357,0.0,0.0,-572.0472693521779,-11.252314911028009,0.0,-7.501543274018636,0.0,0.0,0.0,0.0,0.0,0.0,0.0,0.0,0.0,0.0,0.0,22.791769324907815,0.0,0.0,0.0,-135.6020579380397,0.0,0.0,0.0,-0.15003086548037345,0.0,0.0,0.15003086548037345,0.0,0.15003086548037345,0.0,0.0,0.0,90.01851928822407,183.0376558860556,183.0376558860556,0.0,0.0,0.0,0.0,0.0,0.0,0.0,0.0,0.0,0.0,0.0,0.0,0.0,0.0,0.0,0.0,0.0,0.0,0.0,0.0,0.0,0.0,0.0,0.0,0.0,0.0,0.0,52.13187955991296,0.0,0.0,0.0,0.22504629822056016,0.0,0.0,0.0,-369.6014953610657,0.0,0.0,0.0,0.0,0.0,-15.636075746011187,7.5015432740186725,0.0,0.0,0.0,234.375,0.0,-4.830993868470898,-7.501543274018636,0.0,0.0,0.0,0.0,0.0,0.0,0.0,22.791769324907815,0.0,0.0,-354.32473822979586,-615.0413668491622,0.0,52.4422441726922,3.315682127116361,0.0,0.0,0.0,0.0,0.0,0.0,0.0,7.501543274018636,416.8900382239828,0.0,0.0,0.0,-34.022692881581214,0.0,0.0,0.0,0.0,0.0,0.0,0.0,0.0,0.0,26.888390657039196,-49.3930204790951,183.0376558860556,0.0,0.0,0.0,0.0,0.0,0.0,0.0,0.0,0.0,0.0,0.0,0.0,0.0,-198.1371908476161,-538.1236988925768,0.0,45.009259644112035,0.0,0.0,0.0,0.0,36.007787871999085,0.0,0.0,0.16503395202857973,0.0,0.0,0.0,91.51882794302782,0.0,0.0,0.0,0.0,188.11191205543355,0.0,0.0,0.0,0.0,0.0,0.0,0.0,0.0,-1000.0,0.0,0.015003086548037281,0.015003086548037281,0.0,0.0,0.0,0.0,0.0,0.0,0.0,0.0,0.0,0.0,0.0,0.0,0.0,0.0,0.0,15.636075746011187,0.0,0.0,0.0,0.0,0.0,0.0,0.0,0.0,0.0,0.0,0.0,0.0,0.0,732.3328341126787,957.668039405242,0.0,0.0,0.0,90.01851928822407,0.0,0.0,0.0,0.0,0.0,0.0,-90.01851928822407,0.0,0.0,0.0,0.0,0.0,0.0,0.0,0.0,0.0,0.0,0.0,0.0,-1000.0,-1000.0,102.7711428540558,-627.794896235276,258.19340087421034,0.0,571.4471458902561,0.0,0.0,0.0,0.0,0.0,0.0,0.0,0.0,0.0,0.0,0.0,0.0,0.0,0.0,0.0,0.0,0.0,-18.753858185046646,22.791769324907815,-11.252314911028009,38.14070556806709,0.0,0.0,0.0,0.0,0.0,0.0,-1.8753858185046681,34.022692881581214,0.0,0.0,0.0,0.0,0.0,0.0,0.0,1000.0,45.009259644112035,45.009259644112035,0.0,0.0,0.0,0.0,0.0,0.16503395202857973,15.636075746011187,0.0,0.0,-571.4471458902561,0.0,0.0,0.0,0.0,0.0,0.0,0.0,0.0,0.0,0.0,0.0,0.0,0.0,0.0,0.0,0.0,0.0,0.0,0.0,157.53240875439212,0.0,0.0,11.552376641988758,0.0,0.0,0.0,15.636075746011187,0.0,0.0,0.0,0.0,0.0,-18.753858185046646,0.0,0.0,0.0,0.0,0.0,0.0,0.0,0.0,0.0,0.0,0.0,0.0,0.0,0.0,0.0,0.0,0.0,0.0,-0.15003086548037345,0.0,0.0,7.5015432740186725,-1000.0,0.0,0.0,0.0,0.0,22.791769324907815,0.0,0.0,0.0,12.91765751786032,3.7507716370093362,0.0,0.0,0.0,0.15003086548037345,0.0,150.03086548037345,-46.50956829891578,30.00617309607469,1.0716490391455247,418.586114690242,-0.11252314911028008,352.84883585709974,3.000617309607469,-0.7501543274021287,-418.586114690242,45.009259644112035,-0.15003086548037345,130.90821124205732,319.7700769507105,0.03750771637009336,1.0716490391455247,-392.72463372617193,-23.884913784478293,-3.000617309607469,-417.22128487173893,-0.15003086548037345,0.03750771637009336,-418.586114690242,15.003086548037345,0.15003086548037345,0.15003086548037345,-15.321010928502234,0.16503395202841073,0.0,-0.11252314911028008,45.009259644112035,0.15003086548037345,369.6014953610657,249.57680297676694,-0.07501543274018672,-209.77195179342561,-44.49322764852286,-0.11252314911028008,-0.15003086548037345,-46.50956829891578,0.15003086548037345,15.003086548037345,-3.000617309607469,52.13187955991296,52.13187955991296,-15.003086548037345,417.22128487173893,-52.13187955991296,30.00617309607469,0.22504629822056016,-122.09678021110574,15.003086548037345,-306.79895551493837,319.7700769507105,-30.00617309607469,0.07501543274018672,1.5003086548037345,176.5929535235682,-585.0351937530875,-0.15003086548037345,-49.3930204790951,15.321010928502234,46.50956829891578,0.15003086548037345,23.884913784478293,-184.85919734269123,319.7700769507105,-0.15003086548037345,-0.03750771637009336,-319.7700769507105,-0.15003086548037345,-181.48958330563215,0.15003086548037345,-0.03750771637009336,-0.03750771637009336,-0.03750771637009336,60.01234619214938,-249.57680297676694,1.5003086548037345,407.43607830851755,-0.03750771637009336,222.2776958050791,7.5015432740186725,98.24633492683475,0.15003086548037345,0.07501543274018672,0.07501543274018672,174.8881250233926,46.50956829891578,0.15003086548037345,-46.50956829891578,1.5003086548037345,0.15003086548037345,-1000.0,0.15003086548037345,0.6001234619217257,0.7501543274021287,0.07501543274018672,0.03750771637009336,45.009259644112035,-0.15003086548037345,0.0,1.5003086548037345,-814.8721566170351,349.0980642200904,-15.003086548037345,30.00617309607469,7.5015432740186725,-0.15003086548037345,392.72463372617193,0.22504629822056016,-0.15003086548037345,-349.7762500467852,46.50956829891578,267.7873327146493,0.07501543274018672,-196.4926698536695,-0.15003086548037345,-0.15003086548037345,-0.15003086548037345,0.07501543274018672,418.586114690242,-30.00617309607469,0.15003086548037345,353.1859070471364,-0.03750771637009336,-0.16503395202841073,-353.1859070471364,22.504629822056014,44.49322764852286,-1000.0,418.586114690242,-0.11252314911028008,49.3930204790951,585.0351937530875,0.15003086548037345,-0.037507716370093355,720.5908860179209,150.03086548037345,-0.07501543274018672,-0.15003086548037345,0.03750771637009336,1000.0,0.0,122.02176477836555,592.5639216914824,-1000.0,0.0,751.8757417524171,-1000.0,0.0,348.03634301434477,-1000.0,-82.44841726876689,0.0,-174.01817150717238,500.0,500.0,0.0,500.0,-15.636075746011187,-303.7951205866484,0.0,82.44841726876689,-303.7951205866484,-751.8757417524171,460.8659262735355,0.0,1496.5981,bhi
286,0.0,0.0,0.0,0.0,0.0,0.0,0.0,0.0,-0.12910572209269064,0.0,0.0,0.0,0.0,0.0,0.0,0.0,-335.12689675121203,-409.3626912473455,0.0,1000.0,0.0,0.0,0.0,0.0,0.0,0.0,0.0,0.0,0.0,917.7686044821411,59.45734685100369,-59.45734685100369,212.1711128802316,0.0,0.0,0.0,0.0,1000.0,0.0,-1000.0,117.58499631529264,0.0,0.0,-420.2267845850487,0.0,0.0,0.0,0.0,-290.5589613779804,0.0,0.0,507.1313920288875,0.0,0.14201629430185805,0.0,0.0,0.0,25.821144418538125,0.0,0.0,16.710684486530823,0.0,0.0,-163.2982510437263,0.0,0.0,0.0,0.0,0.0,0.0,0.0,1.2910572209269064,0.0,0.0,0.0,0.0,0.0,0.0,0.0,0.0,0.0,0.0,658.2023072279081,0.0,77.46343325561439,0.0,0.0,1000.0,-212.11456194247958,424.22912388495917,904.6557836141352,0.0,0.0,-239.6616974110456,38.731716627807195,0.0,192.83142382941435,0.0,0.0,0.0,658.2023072279081,648.6074654368231,917.7686044821411,0.0,0.0,-273.55489401805505,0.0,72.62613050445813,0.0,0.0,0.0,0.0,0.0,0.0,0.0,0.0,0.0,0.0,0.0,0.0,0.0,0.0,0.0,0.0,-293.28490579084337,0.0,0.0,192.83142382941435,0.0,40.022773848734104,0.0,0.0,-254.65073847444557,1000.0,-745.3492615255544,745.3492615255544,0.0,0.0,0.0,-180.00893553025713,0.0,0.0,0.0,0.0,0.0,-648.261166626771,0.12910572209269064,904.6880600446584,0.0,0.0,0.0,-255.1080826221795,0.0,0.0,209.12022495290256,0.0,1000.0,0.0,0.0,0.0,0.0,0.0,940.4135474269036,940.4135474269036,0.0,0.0,0.0,0.0,0.0,0.0,0.0,1000.0,0.0,0.0,0.0,-102.87345333990677,0.0,0.0,0.0,0.0,0.0,0.0,0.0,0.0,0.0,0.0,-547.144523102168,0.0,0.0,0.0,0.0,66.71094088607356,0.0,0.0,0.0,0.0,0.0,0.0,-507.1313920288875,-212.11456194247958,212.11456194247958,180.00893553025713,0.0,0.0,0.0,0.0,0.0,0.0,0.0,-573.2943903707778,0.0,0.0,0.0,0.0,0.0,0.0,0.0,0.0,0.0,0.0,0.0,0.0,0.0,499.33849490712976,-539.1499213391371,215.04864567593881,0.0,0.0,0.0,0.0,-120.86955578723757,0.0,0.0,0.0,0.0,16.710684486530823,635.2754302609875,59.45734685100369,0.0,0.0,0.0,0.0,0.0,0.0,0.0,63.61455110239061,0.0,154.09970720160715,0.0,0.0,0.0,-9.804915349347453,0.0,-215.04864567593881,0.0,0.0,180.00893553025713,1000.0,0.0,0.0,0.0,-61.74352266854558,0.0,0.0,-322.80872240591,0.0,0.0,-322.80872240591,0.0,0.0,-424.22912388495917,0.0,176.21310021704267,0.0,0.0,301.06558489558734,0.0,0.0,0.0,-1000.0,0.0,1000.0,0.0,999.7417885558147,0.0,0.0,0.0,0.0,0.0,0.0,16.710684486530823,-0.19365858313903594,0.0,0.0,0.0,0.0,0.12910572209269064,0.0,0.0,0.0,-382.29629556089805,-335.12689675121203,0.0,-397.76536981979814,14.48431438071184,0.0,310.416420144707,0.0,719.2484184446407,0.0,-273.55489401805505,0.0,0.0,0.0,-11.11600267218056,0.0,-708.1324157724603,-1000.0,-1000.0,0.0,0.0,0.0,0.0,0.0,0.0,0.0,0.0,0.0,0.0,0.0,0.0,0.0,0.0,0.0,0.0,0.0,-53.948282275784415,0.0,-1000.0,0.0,0.0,0.0,583.7246994087407,0.0,0.0,644.1039623753841,0.0,0.0,0.0,0.0,642.1521793321886,0.0,0.0,-619.3937254750991,0.0,0.0,-433.63155062004193,-6.455286104634531,0.0,534.2915609746523,0.0,0.0,-555.4254300900606,-3.2276430523172657,0.0,1000.0,0.0,-428.43635464835313,0.0,-15.500235772410065,192.83142382941435,0.0,0.0,0.0,170.23623060605854,0.0,0.0,0.0,-499.33849490712976,499.33849490712976,499.33849490712976,-911.4760160619433,0.0,0.0,0.0,0.0,0.0,0.0,0.0,0.0,-146.5875665571955,0.0,781.2500000000007,0.0,0.0,0.0,0.0,0.0,-987.089427790731,0.25821144418523817,0.0,0.0,0.0,0.0,0.0,0.0,0.0,0.0,0.0,0.0,0.0,0.0,0.0,0.0,0.0,0.0,0.0,0.0,0.0,0.14201629430185805,0.14201629430185805,59.45734685100369,24.055987431768592,0.0,77.46343325561439,0.0,0.0,0.0,1000.0,0.0,0.0,0.0,0.0,0.0,1000.0,-1000.0,0.0,0.0,0.0,0.0,0.0,0.0,0.0,0.0,0.0,0.0,0.0,0.0,0.0,97.76163526361445,382.29629556089805,255.1080826221795,0.0,9.941140601137173,0.0,0.0,-239.6616974110456,-298.8010771540652,0.0,763.986277621994,0.0,0.0,12.910572209269063,531.2500000000005,-531.2500000000005,499.33849490712976,0.0,0.0,0.0,0.0,0.0,0.0,0.0,0.0,0.0,0.0,0.0,0.0,0.0,77.46343325561439,180.00893553025713,180.00893553025713,0.0,0.0,0.0,0.0,0.0,0.0,0.0,0.0,0.0,0.0,1.2910572209269064,0.0,59.45734685100369,0.0,0.0,59.45734685100369,-507.1313920288875,0.0,0.0,192.83142382941435,0.0,0.0,0.0,0.0,0.0,0.0,0.0,0.0,0.0,0.0,1000.0,74.32383583620447,0.0,38.731716627807195,38.731716627807195,1000.0,-1000.0,0.0,0.0,0.0,0.0,0.0,0.0,0.0,-278.02367253741016,0.0,-160.2016231785507,0.12910572209269064,0.0,0.0,-375.7575293255924,546.260079023575,548.0482072347678,0.0,239.6616974110456,0.0,0.0,0.0,0.0,0.0,0.0,18.154901721385084,0.0,0.0,0.0,0.0,0.0,0.0,0.0,0.12910572209269064,0.0,0.0,0.0,0.0,0.0,0.0,0.0,0.0,0.0,0.0,644.1039623753841,-209.12022495290256,0.0,-946.0517177242156,-9.682929156951786,0.0,-6.455286104634537,0.0,0.0,0.0,0.0,0.0,0.0,0.0,0.0,0.0,0.0,0.0,180.00893553025713,0.0,0.0,0.0,-437.48130431612867,0.0,0.0,0.0,-0.12910572209269064,0.0,0.0,0.12910572209269064,0.0,0.12910572209269064,54.46470516415525,0.0,0.0,77.46343325561439,157.50898095308253,157.50898095308253,0.0,0.0,0.0,0.0,0.0,0.0,0.0,255.1080826221795,0.0,0.0,0.0,0.0,0.0,0.0,0.0,0.0,0.0,0.0,0.0,0.0,0.0,0.0,0.0,0.0,0.0,0.0,0.0,59.13937974301956,0.0,-96.66490253555412,96.66490253555412,0.19365858313903594,0.0,0.0,0.0,-192.83142382941435,0.0,0.0,0.0,0.0,0.0,-24.055987431768592,6.455286104634531,0.0,0.0,0.0,0.0,0.0,0.0,-6.455286104634537,0.0,781.2500000000007,0.0,0.0,0.0,0.0,0.0,180.00893553025713,0.0,0.0,1000.0,-475.2825074753612,0.0,442.8438248908085,274.49331321671275,0.0,644.1039623753841,0.0,-644.1039623753841,209.12022495290256,842.4910190469175,0.0,6.455286104634537,480.06279879316594,0.0,0.0,-59.45734685100369,-146.5875665571955,0.0,0.0,0.0,0.0,0.0,0.0,0.0,0.0,0.0,527.7786647882645,0.0,157.50898095308253,0.0,0.0,0.0,59.45734685100369,0.0,0.0,0.0,0.0,0.0,63.61455110239061,0.0,0.0,53.104774902623994,-170.5025496979827,-968.6497260991915,0.0,38.731716627807195,0.0,0.0,0.0,0.0,-61.87238187731225,0.0,0.0,0.14201629430185805,0.0,0.0,0.0,78.75449047654129,0.0,0.0,0.0,0.0,-539.1499213391371,0.0,0.0,0.0,0.0,0.0,0.0,0.0,0.0,0.0,0.0,525.6886195177341,0.012910572209269432,0.0,0.0,0.0,0.0,0.0,54.46470516415525,0.0,0.0,0.0,-375.7575293255924,59.45734685100369,0.0,0.0,0.0,0.0,24.055987431768592,0.0,0.0,0.0,0.0,0.0,0.0,0.0,0.0,0.0,0.0,0.0,0.0,0.0,-291.7310466922492,-409.3626912473455,0.0,0.0,0.0,77.46343325561439,0.0,0.0,0.0,0.0,0.0,922.5365667443856,-1000.0,0.0,0.0,0.0,0.0,0.0,0.0,0.0,0.0,0.0,59.45734685100369,59.45734685100369,0.0,160.2016231785507,-360.2550680552691,88.4374196334931,0.0,-192.83142382941435,0.0,945.5352948358448,0.0,0.0,0.0,0.0,0.0,0.0,0.0,0.0,0.0,0.0,0.0,0.0,0.0,0.0,0.0,0.0,0.0,-16.138215261586325,180.00893553025713,-651.8351084891403,-9.682929156951797,0.0,0.0,0.0,0.0,0.0,-1.613821526158633,0.0,355.707791510098,0.0,0.0,0.0,0.0,0.0,0.0,0.0,1000.0,38.731716627807195,38.731716627807195,0.0,0.0,0.0,0.0,0.0,0.14201629430185805,24.055987431768592,0.0,0.0,-1000.0,525.6757089455248,0.0,0.0,0.0,0.0,0.0,0.0,0.0,0.0,0.0,0.0,0.0,0.0,0.0,75.56480384985468,0.0,0.0,0.0,0.0,135.56100819732518,9.941140601137173,0.0,0.0,0.0,0.0,0.0,24.055987431768592,0.0,0.0,0.0,0.0,0.0,-16.138215261586325,0.0,0.0,0.0,0.0,0.0,0.0,0.0,0.0,0.0,0.0,0.0,0.0,0.0,0.0,0.0,0.0,0.0,0.0,-0.12910572209269064,0.0,0.0,6.455286104634531,-1000.0,0.0,0.0,0.0,0.0,180.00893553025713,0.0,0.0,0.0,11.11600267218056,3.2276430523172657,0.0,0.0,0.0,0.12910572209269064,0.0,129.10572209269063,-40.022773848734104,25.821144418538125,0.9221837292335044,360.20496463860695,-0.09682929156951797,619.3937254750991,2.582114441853813,53.81917655369175,-360.20496463860695,38.73171662780719,-0.12910572209269064,91.18496467268501,0.0,0.03227643052317266,0.9221837292335044,-273.55489401805505,-20.55363095715859,56.87523240914988,-255.51041200144243,-0.12910572209269064,0.03227643052317266,-360.20496463860695,12.910572209269063,0.12910572209269064,0.12910572209269064,-23.784865415374043,0.1420162943019979,-104.10254540008464,-0.09682929156951797,38.731716627807195,0.12910572209269064,192.83142382941435,89.54684615526182,-0.06455286104634532,-348.78766656380526,107.82987785587582,-0.09682929156951797,-0.12910572209269064,-40.022773848734104,0.12910572209269064,12.910572209269063,-2.582114441853813,59.13937974301956,59.13937974301956,-12.910572209269063,255.51041200144243,-59.13937974301956,25.821144418538125,0.19365858313903594,-1000.0,12.910572209269063,-97.76163526361445,0.0,-25.821144418538125,0.06455286104634532,1.2910572209269064,99.44134245494953,-449.4613630568231,-0.12910572209269064,-53.104774902623994,23.784865415374043,40.022773848734104,0.12910572209269064,20.55363095715859,-309.026573712836,0.0,-0.12910572209269064,-0.03227643052317266,0.0,-0.12910572209269064,-987.089427790731,0.12910572209269064,-0.03227643052317266,-0.03227643052317266,-0.03227643052317266,51.64228883707625,-89.54684615526182,1.2910572209269064,140.10548613072928,-0.03227643052317266,107.69772023721406,6.455286104634531,500.0,0.12910572209269064,0.06455286104634532,0.06455286104634532,12.910572209269063,40.022773848734104,0.12910572209269064,-40.022773848734104,1.2910572209269064,0.12910572209269064,-229.01405468133737,0.12910572209269058,0.5164228883708333,-53.81917655369175,0.06455286104634532,0.03227643052317266,38.731716627807195,-0.12910572209269064,104.10254540008464,-28.43761620457494,-280.21097226145855,616.1660824227819,-12.910572209269063,25.821144418538125,6.455286104634531,-0.12910572209269058,273.55489401805505,0.19365858313903594,-0.12910572209269064,-25.821144418538125,40.022773848734104,368.635481287246,0.06455286104634532,-1000.0,-0.12910572209269064,-0.12910572209269064,-0.12910572209269064,0.06455286104634532,360.20496463860695,-25.821144418538125,0.12910572209269064,198.88268490989907,-0.03227643052317266,-0.1420162943019979,-198.88268490989907,19.365858313903594,-107.82987785587582,-143.46648303061318,360.20496463860695,-0.09682929156951797,53.104774902623994,449.4613630568231,0.12910572209269064,-0.03227643052317265,6.455286104634537,129.10572209269063,-0.06455286104634532,-0.12910572209269064,0.03227643052317266,1000.0,0.0,999.9354471389537,88.9085685506081,-1000.0,0.0,302.71743534944153,59.46896387823277,0.0,-509.0667556924775,440.9253278206338,-213.55688668716698,0.0,254.53337784623875,500.0,-220.4626639103169,0.0,-29.734481939116385,-24.055987431768592,-306.7630994099338,0.0,213.55688668716698,-306.7630994099338,-302.71743534944153,299.41671842650425,0.0,1496.5981,bhi
287,0.0,0.0,0.0,0.0,0.0,0.0,0.0,0.0,104.71207855718473,0.0,0.0,0.0,0.0,0.0,0.0,0.0,687.8681273595352,-309.723469108398,0.0,0.0,0.0,0.0,0.0,681.315246665015,0.0,0.0,0.0,0.0,0.0,-398.52474195801665,0.0,0.0,0.0,0.0,0.0,0.0,0.0,-308.8103381740752,0.0,-881.0078738372277,1000.0,0.0,0.0,-576.5525947085923,0.0,0.0,818.1272672118392,0.0,287.20920930707405,0.0,0.0,0.0,0.0,0.1106091179939881,0.0,0.0,0.0,20.11074872617013,0.0,0.0,293.3250616549243,0.0,613.2164223771189,0.0,0.0,0.0,0.0,0.0,0.0,587.4156665477478,0.0,1.0055374363085066,0.0,0.0,0.0,0.0,0.0,0.0,0.0,0.0,0.0,0.0,10.980468804488533,0.0,60.33224617851039,0.0,0.0,557.929056138727,0.0,-154.861734554199,-0.02513843590770648,0.0,0.0,0.0,30.166123089255194,0.0,143.3404864439831,0.0,0.0,0.0,10.980468804488533,5.027687181542532,-398.52474195801665,0.0,0.0,-239.18104083437913,0.0,0.0,0.0,0.0,0.0,0.0,0.0,0.0,0.0,0.0,0.0,0.0,0.0,0.0,0.0,0.0,0.0,0.0,-1000.0,0.0,0.0,143.3404864439831,0.0,31.171660525563702,0.0,0.0,-233.74088820715798,233.74088820715798,0.0,0.0,0.0,0.0,0.0,-906.5414840320432,0.0,0.0,0.0,0.0,0.0,-3.237830544913038,0.10055374363085064,0.0,0.0,0.0,-938.084493179019,0.0,0.0,0.0,0.0,0.0,837.9464576979398,0.0,0.0,0.0,0.0,0.0,181.97328653179156,181.97328653179156,0.0,0.0,0.0,0.0,91.20607847228268,0.0,0.0,182.0738402754224,0.0,0.0,0.0,-1000.0,-297.448076635282,0.0,0.0,0.0,0.0,0.0,0.0,0.0,0.0,0.0,0.0,0.0,0.0,0.0,0.0,-430.08973134671385,0.0,0.0,0.0,0.0,0.0,0.0,0.0,154.861734554199,-154.861734554199,906.5414840320432,0.0,0.0,0.0,0.0,0.0,0.0,0.0,-961.7948479885554,0.0,0.0,0.0,0.0,0.0,0.0,0.0,0.0,0.0,0.0,0.0,0.0,0.0,0.0,195.2755518413841,-576.5525947085923,0.0,0.0,0.0,0.0,-715.7125434461055,0.0,0.0,0.0,0.0,293.3250616549243,0.0,0.0,0.0,0.0,0.0,0.0,0.0,0.0,0.0,3.237830544913038,0.0,113.17436335472792,0.0,532.85556218989,377.993827635691,1000.0,0.0,576.5525947085923,0.0,0.0,906.5414840320432,-324.62650845786806,0.0,0.0,0.0,-312.31463613961023,0.0,0.0,-1000.0,0.0,0.0,-1000.0,0.0,0.0,154.861734554199,0.0,-1000.0,0.0,0.0,89.71600414413581,0.0,0.0,0.0,-1000.0,0.0,1000.0,0.0,1000.0,0.0,0.0,0.0,0.0,0.0,0.0,293.3250616549243,-0.15083061544627596,0.0,0.0,0.0,0.0,0.10055374363085064,0.0,0.0,0.0,92.6824737718801,687.8681273595352,0.0,-189.8060309490307,-459.1927226774012,297.448076635282,1000.0,0.0,230.40953651256984,0.0,-239.18104083437913,0.0,0.0,0.0,769.5904634874302,0.0,-1000.0,0.0,-1000.0,0.0,0.0,0.0,0.0,0.0,0.0,0.0,0.0,0.0,0.0,0.0,0.0,0.0,0.0,0.0,0.0,0.0,-1000.0,0.0,-1000.0,0.0,308.40812319955194,0.0,0.0,0.0,0.0,0.0,0.0,0.0,0.0,0.0,0.0,0.0,893.8054619288721,-5.027687181542532,-150.87493682934056,0.0,-792.1194724966538,-358.4252516657474,-106.04415540743975,192.40039879445288,-893.8054619288721,0.0,825.1642496316922,148.36109323856928,353.39756448420485,913.2789461579749,0.0,-1000.0,0.0,-5.027687181542532,143.3404864439831,-593.7500000000006,593.7500000000006,0.0,143.48352656778607,0.0,104.81263230081558,0.0,0.0,0.0,0.0,510.2442098270988,0.0,0.0,0.0,0.0,0.0,0.0,0.0,0.0,-319.8913607221945,0.0,0.0,143.3404864439831,0.0,0.0,0.0,0.0,-886.149427781618,0.2011074872615898,0.0,0.0,0.0,0.0,0.0,0.0,0.0,0.0,0.0,18.996390141946186,0.0,0.0,0.0,0.0,0.0,0.0,0.0,0.0,0.0,0.1106091179939881,0.1106091179939881,0.0,114.1465142815646,0.0,60.33224617851039,0.0,0.0,0.0,1000.0,0.0,0.0,0.0,0.0,0.0,1000.0,-1000.0,0.0,0.0,913.3316084480033,0.0,0.0,143.3404864439831,0.0,0.0,0.0,0.0,0.0,0.0,0.0,333.3333333333333,-92.6824737718801,938.084493179019,0.0,7.742638259575495,0.0,717.8277081654285,-717.8277081654285,-908.656648751366,0.0,1000.0,0.0,749.2039358250364,-635.3533636066544,0.0,0.0,0.0,0.0,0.0,0.0,0.0,0.0,0.0,0.0,0.0,0.0,0.0,0.0,0.0,0.0,60.33224617851039,906.5414840320432,906.5414840320432,0.0,0.0,0.0,0.0,0.0,0.0,0.0,0.0,0.0,0.0,1.0055374363085066,0.0,0.0,0.0,0.0,0.0,0.0,0.0,0.0,143.3404864439831,-913.3316084480033,0.0,0.0,0.0,0.0,0.0,0.0,0.0,0.0,0.0,374.6878583170692,0.0,0.0,30.166123089255194,30.166123089255194,1000.0,-1000.0,0.0,143.3404864439831,0.0,0.0,0.0,0.0,0.0,-601.4752580419834,0.0,-287.90370010698746,0.10055374363085064,0.0,0.0,0.0,132.79558328505698,5.609261316711013,0.0,0.0,0.0,0.0,0.0,0.0,0.0,0.0,0.0,0.0,0.0,0.0,0.0,0.0,0.0,0.0,0.10055374363085064,0.0,0.0,0.0,-45.67443939750872,45.67443939750872,0.0,0.0,0.0,308.40812319955194,0.0,775.7338437015616,0.0,-775.7338437015616,0.0,-7.5415307723137985,0.0,-5.027687181542532,0.0,671.875,671.875,-671.875,0.0,0.0,0.0,0.0,0.0,0.0,0.0,906.5414840320432,297.448076635282,0.0,0.0,-1000.0,0.0,0.0,0.0,104.71207855718473,0.0,0.0,0.10055374363085064,0.0,0.10055374363085064,0.0,568.4192764058016,0.0,60.33224617851039,122.67556722963779,122.67556722963779,0.0,0.0,0.0,0.0,0.0,0.0,0.0,938.084493179019,0.0,0.0,0.0,0.0,0.0,778.2481408140465,0.0,0.0,0.0,0.0,0.0,0.0,0.0,0.0,0.0,0.0,0.0,0.0,0.0,190.82894058593763,0.0,0.0,0.0,0.15083061544627596,0.0,0.0,0.0,-143.3404864439831,0.0,0.0,0.0,0.0,0.0,-114.1465142815646,5.027687181542532,0.0,0.0,0.0,0.0,-91.20607847228268,-1000.0,-5.027687181542532,0.0,0.0,0.0,0.0,0.0,0.0,0.0,906.5414840320432,0.0,913.3316084480033,0.0,114.1465142815646,0.0,50.774369965300956,-233.57177951766812,0.0,-1000.0,775.7338437015616,224.26615629843846,0.0,-447.30207568750586,0.0,5.027687181542532,1000.0,0.0,285.99954769484884,0.0,-319.8913607221945,0.0,0.0,0.0,0.0,0.0,0.0,0.0,0.0,0.0,121.6880450538784,-136.77110659850598,122.67556722963779,0.0,666.8806989777839,666.8806989777839,-666.880698977784,0.0,0.0,0.0,0.0,0.0,3.237830544913038,0.0,0.0,0.0,-151.7919734270032,694.4817541009638,0.0,30.166123089255194,0.0,0.0,0.0,0.0,-327.8974452475339,0.0,0.0,0.1106091179939881,0.0,0.0,0.0,61.337783614818896,0.0,0.0,0.0,0.0,195.2755518413841,0.0,0.0,0.0,0.0,0.0,0.0,0.0,0.0,-1000.0,0.0,0.010055374363085064,0.010055374363085064,0.0,0.0,0.0,0.0,0.0,0.0,0.0,0.0,0.0,0.0,0.0,0.0,0.0,0.0,0.0,114.1465142815646,0.0,0.0,0.0,0.0,0.0,0.0,0.0,0.0,0.0,0.0,0.0,0.0,0.0,662.9454640261441,-309.723469108398,0.0,0.0,0.0,60.33224617851039,0.0,0.0,0.0,0.0,0.0,0.0,-60.33224617851039,0.0,0.0,0.0,0.0,0.0,0.0,0.0,0.0,0.0,0.0,0.0,0.0,287.90370010698746,-1000.0,847.1274552011791,93.75000000000009,-237.0904864439832,0.0,-0.40221497452324684,0.0,0.0,0.0,0.0,0.0,0.0,0.0,0.0,0.0,789.0625,0.0,-789.0625,-789.0625,0.0,0.0,0.0,0.0,-12.569217953856331,906.5414840320432,-7.5415307723137985,907.4777166402387,0.0,0.0,0.0,0.0,0.0,0.0,-1.256921795385633,319.8913607221945,0.0,0.0,0.0,0.0,0.0,0.0,0.0,1000.0,30.166123089255194,30.166123089255194,0.0,0.0,0.0,0.0,0.0,0.1106091179939881,114.1465142815646,0.0,0.0,0.40221497452324684,0.0,0.0,0.0,0.0,0.0,0.0,0.0,0.0,0.0,0.0,0.0,0.0,0.0,0.0,284.2096382029008,0.0,0.0,0.0,0.0,105.58143081239318,0.0,0.0,7.742638259575495,0.0,0.0,0.0,114.1465142815646,0.0,1000.0,0.0,0.0,0.0,-12.569217953856331,0.0,0.0,0.0,0.0,0.0,0.0,0.0,0.0,0.0,0.0,0.0,0.0,0.0,0.0,0.0,0.0,0.0,0.0,-0.10055374363085064,0.0,0.0,5.027687181542532,-1000.0,0.0,0.0,0.0,0.0,906.5414840320432,0.0,0.0,0.0,-769.5904634874302,2.513843590771266,0.0,0.0,0.0,0.10055374363085064,0.0,100.55374363085063,-31.171660525563702,20.11074872617013,0.7182410259346474,280.5449447300733,-0.07541530772313798,5.027687181542532,2.011074872617013,-0.5027687181540975,-280.5449447300733,30.166123089255194,-0.10055374363085065,79.72701361145971,143.3404864439831,0.025138435907712663,0.7182410259346474,-239.18104083437913,-16.008155986031063,-2.011074872617013,-378.1446582511372,-0.10055374363085065,0.025138435907712663,-280.5449447300733,10.055374363085065,0.10055374363085065,0.10055374363085064,-113.93535141993976,0.11060911799393572,-402.1780847961487,-0.07541530772313798,30.166123089255194,0.10055374363085048,143.3404864439831,62.89749153930259,-0.050276871815425325,42.593708766967204,705.5566153393896,-0.07541530772313798,-0.10055374363085065,-31.171660525563702,0.10055374363085064,10.055374363085065,-2.011074872617013,190.82894058593763,190.82894058593763,-10.055374363085065,378.1446582511372,-190.82894058593763,20.11074872617013,0.15083061544627596,-1000.0,10.055374363085065,-333.3333333333333,143.3404864439831,-20.11074872617013,0.050276871815425325,1.0055374363085066,47.45150773725768,134.25726300773474,-0.10055374363085064,-136.77110659850598,113.93535141993976,31.171660525563702,0.10055374363085065,16.008155986031063,-90.4983692677655,143.3404864439831,-0.10055374363085064,-0.025138435907712663,-143.3404864439831,-0.10055374363085065,-886.149427781618,0.10055374363085065,-0.025138435907712663,-0.025138435907712663,-0.025138435907712663,40.22149745234026,-62.89749153930259,1.0055374363085066,74.49775481250703,-0.025138435907712663,15.176001863055646,5.027687181542532,448.10240107235154,0.10055374363085064,0.050276871815425325,0.050276871815425325,81.72561758507662,31.171660525563702,0.10055374363085064,-31.171660525563702,1.0055374363085066,0.10055374363085065,-74.49775481250703,0.10055374363085065,0.40221497452324684,0.5027687181540975,0.050276871815425325,0.025138435907712663,30.166123089255194,-0.10055374363085065,402.1780847961487,1.0055374363085066,-148.99550962501405,2.513843590771266,-10.055374363085065,20.11074872617013,5.027687181542532,-0.10055374363085065,239.18104083437913,0.15083061544627596,-0.10055374363085065,-163.45123517015324,31.171660525563702,625.5566721551497,0.050276871815425325,-896.2048021447031,-0.10055374363085048,-0.10055374363085065,-0.10055374363085065,0.050276871815425325,280.5449447300733,-20.11074872617013,0.10055374363085064,94.90301547451536,-0.025138435907712663,-0.11060911799393572,-94.90301547451536,15.083061544627594,-705.5566153393896,450.7390462861889,280.5449447300733,-0.07541530772313798,136.77110659850598,-134.25726300773474,0.10055374363085065,-0.025138435907712656,5.027687181542532,100.55374363085063,-0.050276871815425325,-0.10055374363085065,0.025138435907712663,1000.0,0.0,999.9497231281846,0.0,-1000.0,0.0,-377.0644248977252,-235.79401725190996,0.0,1000.0,-440.2667056033869,867.1993744875479,0.0,-500.0,500.0,220.13335280169346,0.0,117.89700862595498,-114.1465142815646,-297.65922690761585,0.0,-867.1993744875479,-297.65922690761585,377.0644248977252,-148.3107149965224,0.0,1496.5981,bhi
288,0.0,0.0,0.0,0.0,0.0,0.0,0.0,0.0,-0.11843070737923302,0.0,0.0,0.0,0.0,0.0,0.0,0.0,0.0,0.0,0.0,615.6099537235208,0.0,0.0,0.0,0.0,0.0,0.0,0.0,0.0,0.0,960.2006986430501,0.0,0.0,0.0,0.0,0.0,0.0,0.0,1000.0,0.0,-416.4210252853378,862.9908537816733,0.0,-643.0620209523566,-145.33454522841896,0.0,0.0,0.0,0.0,-603.2627195954068,0.0,0.0,0.0,0.0,0.13027377811727345,0.0,0.0,0.0,0.0,0.0,0.0,-15.590384922811317,0.0,0.0,-292.4457150073934,0.0,0.0,0.0,0.0,258.5664485327886,-258.5664485327886,0.0,1.1843070737923302,0.0,0.0,0.0,0.0,0.0,0.0,0.0,0.0,0.0,0.0,0.0,0.0,71.05842442753982,0.0,90.36803153605244,17.48666217576357,248.44585371562437,608.3494125080102,969.1637553902201,0.0,0.0,46.70169148091041,35.52921221376991,0.0,35.52921221376991,-3.8134687776020257,0.0,0.0,0.0,5.921535368961651,960.2006986430501,0.0,0.0,-80.07630396097892,0.0,932.9805968077794,0.0,0.0,0.0,0.0,0.0,0.0,0.0,0.0,0.0,0.0,0.0,0.0,0.0,0.0,0.0,0.0,-582.2702833188174,0.0,0.0,35.52921221376991,0.0,36.713519287562235,0.0,0.0,39.41716852952153,0.0,-39.41716852952153,39.41716852952153,0.0,0.0,0.0,-276.8553300845821,0.0,0.0,0.0,0.0,0.0,99.48719600425342,0.11843070737923302,969.1933630670649,0.0,0.0,-1000.0,757.8290133974748,0.0,0.0,0.0,0.0,780.2091402632626,0.0,0.0,0.0,0.0,0.0,999.8815692926207,999.8815692926207,0.0,0.0,0.0,0.0,-263.0259955597986,0.0,0.0,1000.0,0.0,0.0,0.0,0.0,0.0,0.0,0.0,0.0,0.0,0.0,0.0,0.0,0.0,0.0,-238.58769661116827,0.0,0.0,0.0,0.0,778.3166369107728,0.0,0.0,0.0,0.0,0.0,0.0,643.0620209523566,-856.7952662236346,856.7952662236346,276.8553300845821,0.0,0.0,0.0,0.0,0.0,0.0,0.0,-1000.0,0.0,0.0,0.0,0.0,0.0,0.0,0.0,0.0,0.0,0.0,0.0,0.0,0.0,0.0,-710.4567304457815,-1000.0,0.0,0.0,0.0,0.0,-192.75815653464628,0.0,0.0,0.0,0.0,-15.590384922811317,-854.665454771581,0.0,0.0,0.0,0.0,0.0,0.0,0.0,0.0,0.0,23.686141475846604,0.0,0.0,0.0,462.17909898690243,-799.5093026909211,0.0,1000.0,0.0,0.0,276.8553300845821,1000.0,0.0,0.0,0.0,-137.0190521310144,0.0,0.0,152.57696271997105,0.0,0.0,152.57696271997105,0.0,0.0,-608.3494125080102,0.0,344.59074491952936,0.0,0.0,246.3245000381243,0.0,0.0,0.0,0.0,0.0,0.0,0.0,1000.0,0.0,0.0,0.0,0.0,0.0,0.0,-15.590384922811317,-0.17764606106884953,0.0,0.0,0.0,0.0,0.11843070737923302,0.0,0.0,0.0,-897.9430226744786,0.0,0.0,-123.88550684010491,-618.1479608505451,0.0,714.9301602492103,0.0,0.0,0.0,-80.07630396097892,0.0,0.0,0.0,258.5664485327886,-258.5664485327886,0.0,499.7695041223322,-1000.0,0.0,0.0,0.0,0.0,0.0,0.0,0.0,0.0,0.0,0.0,0.0,0.0,0.0,0.0,0.0,0.0,0.0,-31.375773203387297,0.0,-1000.0,0.0,0.0,0.0,0.0,0.0,0.0,732.2107513695181,0.0,0.0,0.0,0.0,0.0,0.0,0.0,0.0,0.0,0.0,0.0,-423.30172592769225,0.0,-428.23027992427797,0.0,-5.921535368961651,24.125638160210148,-2.9607676844808255,417.3801905587306,-171.22399035214562,0.0,316.4405841038912,1000.0,-947.1312040695568,35.52921221376991,0.0,0.0,0.0,0.0,0.0,0.0,0.0,0.0,0.0,0.0,-363.9690023351907,0.0,0.0,-271.3409560229158,0.0,0.0,0.0,0.0,0.0,-127.30003685809982,0.0,-218.7500000000002,183.58990574623292,0.0,0.0,0.0,0.0,-988.1569292620767,0.2368614147585872,0.0,0.0,0.0,0.0,0.0,0.0,0.0,0.0,0.0,0.0,0.0,0.0,0.0,0.0,0.0,0.0,0.0,0.0,0.0,0.13027377811727345,0.13027377811727345,0.0,0.0,0.0,71.05842442753982,0.0,0.0,0.0,1000.0,0.0,0.0,90.36803153605244,0.0,0.0,1000.0,-1000.0,0.0,0.0,931.0334232125251,0.0,0.0,183.58990574623292,0.0,0.0,0.0,0.0,0.0,0.0,0.0,194.0900944396058,897.9430226744786,242.1709866025252,0.0,99.48719600425342,0.0,-786.4098980661914,833.1115895471017,749.0144159971659,0.0,861.985517190735,0.0,11.843070737923302,0.0,0.0,0.0,0.0,0.0,0.0,0.0,0.0,0.0,0.0,0.0,0.0,0.0,0.0,0.0,0.0,0.0,71.05842442753982,276.8553300845821,276.8553300845821,0.0,0.0,0.0,0.0,0.0,0.0,0.0,0.0,0.0,0.0,1.1843070737923302,0.0,0.0,90.36803153605244,-90.36803153605244,0.0,643.0620209523566,0.0,0.0,35.52921221376991,-931.0334232125251,0.0,0.0,0.0,0.0,0.0,0.0,0.0,0.0,0.0,371.54880925888966,-401.8441919817321,0.0,35.52921221376991,35.52921221376991,203.68100670427447,-1000.0,0.0,183.58990574623292,0.0,0.0,0.0,0.0,0.0,-552.1239579355602,0.0,-381.775025929398,0.11843070737923302,0.0,0.0,0.0,156.40466776675993,374.6733942392269,0.0,-46.70169148091041,0.0,0.0,0.0,0.0,0.0,0.0,10.616498677635775,0.0,0.0,0.0,0.0,0.0,0.0,0.0,0.11843070737923302,0.0,0.0,0.0,0.0,0.0,0.0,0.0,0.0,0.0,0.0,732.2107513695181,0.0,0.0,-968.6242267966127,-8.882303053442477,-5.921535368961651,0.0,0.0,0.0,0.0,0.0,0.0,0.0,0.0,0.0,0.0,0.0,0.0,276.8553300845821,0.0,0.0,0.0,-624.769084596704,0.0,0.0,0.0,-0.11843070737923302,0.0,0.0,0.11843070737923302,0.0,0.11843070737923302,31.849496032907325,0.0,0.0,71.05842442753982,144.4854630026643,144.4854630026643,0.0,0.0,0.0,0.0,0.0,0.0,0.0,242.1709866025252,0.0,0.0,0.0,0.0,268.7633324381407,0.0,0.0,0.0,0.0,0.0,0.0,0.0,0.0,0.0,0.0,0.0,0.0,0.0,0.0,84.09717354993582,0.0,0.0,0.0,0.17764606106884953,0.0,0.0,0.0,-35.52921221376991,0.0,0.0,0.0,0.0,0.0,0.0,5.921535368961651,0.0,0.0,0.0,0.0,263.0259955597986,-9.735004146563677,0.0,0.0,-218.7500000000002,0.0,0.0,0.0,0.0,0.0,276.8553300845821,0.0,931.0334232125251,385.46984808755826,0.0,0.0,-781.5151548733214,294.597090278248,0.0,722.4757472229544,0.0,-722.4757472229544,0.0,855.5145369973357,0.0,5.921535368961651,438.7226824861722,0.0,0.0,0.0,-308.0360999302047,0.0,0.0,0.0,0.0,0.0,-831.6979473737715,0.0,0.0,0.0,247.46999966461075,-26.646909160327453,144.4854630026643,0.0,0.0,0.0,0.0,0.0,0.0,0.0,0.0,0.0,0.0,0.0,0.0,0.0,-156.40466776675993,0.0,-643.0620209523566,35.52921221376991,90.36803153605244,0.0,0.0,0.0,-226.8131725628068,0.0,0.0,0.13027377811727345,0.0,0.0,0.0,72.24273150133214,0.0,0.0,0.0,0.0,-710.4567304457815,0.0,0.0,0.0,0.0,0.0,0.0,0.0,0.0,0.0,0.0,0.011843070737923303,0.011843070737923303,0.0,0.0,0.0,0.0,0.0,31.849496032907325,0.0,0.0,0.0,0.0,0.0,0.0,0.0,0.0,0.0,0.0,0.0,0.0,0.0,0.0,0.0,0.0,0.0,0.0,0.0,0.0,0.0,180.73606307210488,0.0,1000.0,0.0,0.0,0.0,0.0,71.05842442753982,0.0,0.0,0.0,0.0,0.0,928.9415755724601,-1000.0,0.0,180.73606307210488,0.0,0.0,0.0,0.0,0.0,0.0,0.0,0.0,0.0,0.0,381.775025929398,907.8462448298221,349.88836699291534,0.0,-35.52921221376991,0.0,968.1505039670926,0.0,0.0,0.0,0.0,0.0,0.0,0.0,0.0,0.0,0.0,0.0,0.0,0.0,0.0,0.0,0.0,0.0,-14.803838422404128,276.8553300845821,-8.882303053442477,286.5279385450257,0.0,0.0,0.0,0.0,0.0,-1.4803838422404128,0.0,127.30003685809982,0.0,0.0,0.0,0.0,0.0,0.0,0.0,1000.0,35.52921221376991,35.52921221376991,0.0,0.0,0.0,0.0,0.0,0.13027377811727345,0.0,0.0,0.0,-1000.0,0.0,0.0,0.0,0.0,0.0,0.0,0.0,0.0,0.0,0.0,0.0,0.0,0.0,0.0,15.924748016453663,0.0,0.0,0.0,0.0,124.35224274819468,99.48719600425342,0.0,0.0,0.0,0.0,0.0,0.0,0.0,0.0,0.0,0.0,0.0,-14.803838422404128,0.0,0.0,0.0,0.0,0.0,0.0,0.0,0.0,0.0,0.0,0.0,0.0,0.0,0.0,0.0,0.0,0.0,0.0,-0.11843070737923302,0.0,0.0,5.921535368961651,-1000.0,0.0,0.0,0.0,0.0,276.8553300845821,0.0,0.0,0.0,-258.5664485327886,2.9607676844808255,0.0,0.0,0.0,0.11843070737923302,0.0,118.43070737923301,-36.713519287562235,23.686141475846604,0.8459336241373787,330.4216735880601,-0.08882303053442477,5.921535368961651,2.3686141475846605,31.25734249600805,-330.4216735880601,35.52921221376991,-0.11843070737923302,26.692101320326305,183.58990574623292,0.029607676844808254,0.8459336241373787,-80.07630396097892,-109.22220015081712,-2.3686141475846605,-615.6099537235208,-0.11843070737923302,0.029607676844808254,-330.4216735880601,11.843070737923302,0.11843070737923302,0.11843070737923302,0.24870448549650648,-90.23775775793528,-453.330927100892,-0.08882303053442477,35.52921221376991,0.11843070737923302,35.52921221376991,-59.215353689616514,-0.05921535368961651,-166.72560524041282,180.79665508934372,-0.08882303053442477,-0.11843070737923302,-36.713519287562235,0.11843070737923302,11.843070737923302,-2.3686141475846605,84.09717354993582,84.09717354993582,-11.843070737923302,615.6099537235208,-84.09717354993582,23.686141475846604,0.17764606106884953,-1000.0,11.843070737923302,-194.0900944396058,183.58990574623292,-23.686141475846604,0.05921535368961651,1.1843070737923302,30.971376710026227,23.686141475846604,-0.11843070737923302,-26.646909160327453,-0.24870448549650648,36.713519287562235,0.11843070737923302,109.22220015081712,41.473056891153206,183.58990574623292,-0.11843070737923302,-0.029607676844808254,-183.58990574623292,-0.11843070737923302,-988.1569292620767,0.11843070737923302,-0.029607676844808254,-0.029607676844808254,-0.029607676844808254,47.37228295169321,59.215353689616514,1.1843070737923302,391.82823355305857,-0.029607676844808254,35.25065209972615,5.921535368961651,500.0,0.11843070737923302,0.05921535368961651,0.05921535368961651,103.63802361103976,36.713519287562235,0.11843070737923302,-36.713519287562235,1.1843070737923302,0.11843070737923314,-1000.0,0.11843070737923302,0.4737228295200282,-31.25734249600805,0.05921535368961651,0.029607676844808254,35.52921221376991,-0.11843070737923302,453.330927100892,1.1843070737923302,-783.6564671061171,2.9607676844808264,-11.843070737923302,23.686141475846604,5.921535368961651,-0.11843070737923302,80.07630396097892,0.17764606106884953,-0.11843070737923314,-207.2760472220795,36.713519287562235,646.0857492731957,0.05921535368961651,-1000.0,-0.11843070737923302,-0.11843070737923302,-0.11843070737923302,0.05921535368961651,330.4216735880601,-23.686141475846604,0.11843070737923302,61.942753420052455,-0.029607676844808254,90.23775775793528,-61.942753420052455,17.76460610688495,-180.79665508934372,903.8072899683497,330.4216735880601,-0.08882303053442477,26.646909160327453,-23.686141475846604,0.11843070737923302,-0.029607676844808258,5.921535368961651,118.43070737923301,-0.05921535368961651,-0.11843070737923302,0.029607676844808254,0.0,0.0,999.9407846463104,608.1717664469414,-565.0310575022387,0.0,-147.08168544959187,291.97977164516686,0.0,-551.1407685411929,45.685770581096065,1000.0,0.0,275.57038427059643,282.51552875111935,-22.842885290548033,0.0,-145.98988582258343,0.0,-419.2725767103889,0.0,-1000.0,-419.2725767103889,147.08168544959187,-100.19890653933419,0.0,1496.5981,bhi
289,0.0,0.0,0.0,0.0,0.0,0.0,0.0,0.0,-0.12489306852086708,0.0,0.0,0.0,0.0,0.0,0.0,0.0,-642.3052301412865,901.5159049515194,0.0,0.0,0.0,0.0,0.0,0.0,0.0,0.0,0.0,0.0,0.0,428.40430393391176,0.0,0.0,150.92605005002503,0.0,0.0,0.0,0.0,999.5004277259172,0.0,-1000.0,-420.0670889981531,0.0,-911.4758881548349,0.0,0.0,0.0,0.0,0.0,-12.55114532066483,0.0,0.0,685.0238166267953,0.0,0.13738237537285547,0.0,0.0,0.0,24.978613704173416,0.0,0.0,87.1279177872891,0.0,0.0,-207.2525842777867,0.0,0.0,0.0,0.0,1000.0,-1000.0,0.0,1.2489306852086708,0.0,0.0,0.0,0.0,0.0,0.0,0.0,0.0,0.0,0.0,0.0,0.0,74.93584111252025,0.0,0.0,0.0,134.49165920538354,642.4925697440679,-0.03122326713021677,0.0,0.0,-208.57164879470415,37.467920556260125,0.0,331.8656512139408,-671.4675173029818,0.0,0.0,0.0,6.244653426043354,161.47497833838105,0.0,0.0,-325.29312838648696,0.0,667.1344056269356,0.0,0.0,0.0,0.0,0.0,0.0,0.0,0.0,0.0,0.0,0.0,0.0,0.0,0.0,0.0,0.0,-317.9455826679125,0.0,0.0,331.8656512139408,0.0,38.716851241468795,36.15945726434788,0.0,-377.8631332726558,1000.0,-622.1368667273442,622.1368667273442,-294.3805020650758,332.8184885004193,-332.8184885004193,0.0,0.0,0.0,0.0,0.0,0.0,9.616766276106764,0.12489306852086708,0.0,0.0,0.0,0.0,0.0,0.0,0.0,0.0,0.0,1000.0,0.0,0.0,0.0,0.0,0.0,683.7336515758784,683.7336515758784,0.0,0.0,0.0,921.875,157.31172686106464,0.0,0.0,683.8585446443993,0.0,0.0,0.0,-409.38271577374076,0.0,0.0,0.0,0.0,0.0,0.0,0.0,0.0,0.0,0.0,-448.03268384491207,0.0,0.0,0.0,0.0,-1000.0,0.0,0.0,0.0,0.0,0.0,0.0,226.45207152803962,-776.9842289494513,776.9842289494513,294.3805020650758,0.0,0.0,0.0,0.0,0.0,0.0,266.9293255955307,-40.590247269281804,0.0,0.0,0.0,0.0,0.0,0.0,0.0,0.0,0.0,0.0,0.0,0.0,0.0,364.7043134806135,-167.7945555090081,0.0,0.0,0.0,0.0,0.0,-294.3805020650758,0.0,0.0,0.0,0.0,87.1279177872891,0.0,0.0,0.0,269.8975902411671,0.0,0.0,0.0,0.0,0.0,257.48763357024416,0.0,294.39773065768065,0.0,0.0,0.0,-563.0833027420765,0.0,0.0,0.0,0.0,294.3805020650758,1000.0,0.0,0.0,0.0,-244.17863657521787,0.0,0.0,93.2428273404118,0.0,0.0,93.2428273404118,0.0,0.0,-642.4925697440679,0.0,822.1066379495281,0.0,0.0,420.7705757019149,0.0,0.0,0.0,-147.3130662597486,0.0,147.3130662597486,0.0,683.6087585073575,0.0,0.0,0.0,921.875,0.0,0.0,87.1279177872891,-0.1873396027813006,0.0,0.0,0.0,0.0,0.12489306852086708,0.0,0.0,0.0,410.6467152158151,-642.3052301412865,0.0,-482.4645265074244,929.550226144069,0.0,-186.86616330474055,0.0,0.0,0.0,-325.29312838648696,0.0,0.0,0.0,-10.753293199646556,0.0,10.753293199646556,-1000.0,607.1138247063166,0.0,0.0,0.0,0.0,0.0,0.0,0.0,0.0,0.0,0.0,0.0,0.0,0.0,0.0,0.0,0.0,269.8975902411671,0.0,0.0,-1000.0,0.0,0.0,924.933594066858,0.0,0.0,579.1468151462329,-267.10439984635093,0.0,0.0,0.0,0.0,0.0,0.0,0.0,0.0,0.0,-1000.0,0.0,-6.244653426043354,-178.92180996299408,0.0,0.0,-6.244653426043354,1000.0,-3.122326713021677,0.0,459.56298378000366,0.0,320.3619283203751,0.0,-435.5433769928253,331.8656512139408,0.0,0.0,0.0,223.04068248531985,0.0,0.0,0.0,-364.7043134806135,364.7043134806135,364.7043134806135,-922.7261678030063,0.0,0.0,0.0,0.0,0.0,266.9293255955307,0.0,0.0,-120.12466649049759,0.0,0.0,98.66472552052824,0.0,0.0,0.0,0.0,-499.6602067229489,0.24978613704159572,0.0,0.0,0.0,0.0,0.0,0.0,0.0,0.0,0.0,0.0,0.0,0.0,0.0,0.0,0.0,0.0,0.0,0.0,0.0,0.13738237537285547,0.13738237537285547,0.0,183.97326321384662,0.0,74.93584111252025,0.0,0.0,0.0,-282.61816346186646,0.0,0.0,0.0,0.0,0.0,1000.0,282.61816346186646,0.0,0.0,0.0,0.0,0.0,98.66472552052824,0.0,0.0,0.0,0.0,0.0,0.0,0.0,105.98186088930419,-410.6467152158151,0.0,0.0,9.616766276106764,0.0,0.0,-208.57164879470415,-208.57164879470415,0.0,1000.0,0.0,500.3397932770511,0.0,0.0,0.0,364.7043134806135,0.0,0.0,0.0,0.0,0.0,0.0,0.0,0.0,0.0,0.0,0.0,0.0,0.0,74.93584111252025,294.3805020650758,294.3805020650758,0.0,0.0,0.0,0.0,0.0,0.0,0.0,0.0,0.0,0.0,1.2489306852086708,0.0,0.0,0.0,0.0,0.0,226.45207152803962,0.0,0.0,331.8656512139408,0.0,0.0,0.0,0.0,0.0,0.0,0.0,0.0,0.0,0.0,1000.0,-804.7035615474541,0.0,37.467920556260125,37.467920556260125,1000.0,282.61816346186646,0.0,98.66472552052824,0.0,0.0,0.0,0.0,0.0,1000.0,266.9293255955307,978.810474336198,0.12489306852086708,0.0,0.0,0.0,20.30130979134499,0.0,0.0,208.57164879470415,0.0,0.0,0.0,0.0,0.0,0.0,0.0,0.0,0.0,0.0,0.0,0.0,0.0,0.0,0.12489306852086708,0.0,0.0,0.0,0.0,0.0,0.0,0.0,0.0,0.0,0.0,924.933594066858,0.0,-267.10439984635093,-1000.0,-9.366980139065031,0.0,-6.244653426043354,0.0,890.6249999999999,890.6249999999999,-890.625,0.0,0.0,0.0,0.0,0.0,0.0,0.0,294.3805020650758,0.0,0.0,0.0,-108.93679524640686,0.0,0.0,0.0,-0.12489306852086708,0.0,0.0,0.12489306852086708,0.0,0.12489306852086708,0.0,0.0,0.0,74.93584111252025,152.36954359545783,152.36954359545783,0.0,0.0,0.0,0.0,0.0,0.0,0.0,0.0,0.0,266.9293255955307,0.0,0.0,0.0,0.0,0.0,0.0,0.0,0.0,0.0,0.0,0.0,0.0,0.0,0.0,0.0,0.0,0.0,0.0,0.0,0.0,0.0,0.1873396027813006,0.0,0.0,0.0,-331.8656512139408,0.0,0.0,0.0,0.0,0.0,-183.97326321384662,6.244653426043354,0.0,0.0,0.0,-921.875,-157.31172686106464,0.0,-6.244653426043354,0.0,0.0,0.0,0.0,0.0,0.0,0.0,294.3805020650758,0.0,0.0,-789.5214672345058,-180.73105026676689,0.0,975.0213862958266,-325.29312838648696,0.0,-267.10439984635093,267.10439984635093,0.0,0.0,847.6304564045422,0.0,6.244653426043354,1000.0,0.0,287.83072440073437,0.0,-120.12466649049759,0.0,0.0,656.1129156322604,-656.1129156322604,0.0,0.0,0.0,0.0,0.0,641.3729271978237,-212.07420363104166,152.36954359545783,0.0,-115.1115436411089,-115.11154364110888,115.11154364110888,0.0,0.0,0.0,0.0,0.0,257.48763357024416,0.0,0.0,0.0,-20.30130979134499,1000.0,-911.4758881548349,37.467920556260125,0.0,0.0,0.0,0.0,39.356781005337425,0.0,0.0,0.13738237537285547,0.0,0.0,0.0,76.18477179772891,0.0,0.0,0.0,0.0,-167.7945555090081,0.0,0.0,0.0,0.0,0.0,0.0,0.0,0.0,-1000.0,0.0,0.012489306852086709,0.012489306852086709,0.0,0.0,0.0,0.0,0.0,0.0,0.0,0.0,0.0,0.0,0.0,0.0,0.0,0.0,0.0,183.97326321384662,0.0,0.0,0.0,0.0,0.0,0.0,0.0,0.0,0.0,0.0,0.0,0.0,0.0,-248.60289612567016,901.5159049515194,0.0,0.0,0.0,74.93584111252025,0.0,0.0,0.0,0.0,0.0,0.0,-74.93584111252025,0.0,0.0,0.0,0.0,0.0,0.0,0.0,0.0,0.0,0.0,0.0,0.0,628.3033503701186,161.47497833838105,85.55175193679395,-331.8656512139408,0.0,0.0,999.5004277259172,0.0,0.0,0.0,0.0,0.0,0.0,0.0,0.0,0.0,0.0,0.0,0.0,0.0,0.0,0.0,0.0,0.0,-15.611633565108384,294.3805020650758,-9.366980139065031,202.7072234919767,0.0,0.0,0.0,0.0,0.0,655.6665720178512,-657.2277353743619,120.12466649049759,0.0,0.0,0.0,0.0,0.0,0.0,0.0,1000.0,37.467920556260125,37.467920556260125,0.0,0.0,0.0,0.0,0.0,0.13738237537285547,183.97326321384662,0.0,0.0,-999.5004277259172,0.0,0.0,0.0,0.0,0.0,0.0,0.0,0.0,0.0,0.0,0.0,0.0,0.0,0.0,0.0,0.0,0.0,36.15945726434788,0.0,131.13772194691043,9.616766276106764,0.0,0.0,0.0,0.0,0.0,183.97326321384662,0.0,253.46607676387612,0.0,0.0,0.0,-15.611633565108384,0.0,0.0,0.0,0.0,0.0,0.0,0.0,0.0,0.0,0.0,0.0,0.0,0.0,0.0,0.0,0.0,0.0,0.0,-0.12489306852086708,0.0,0.0,6.244653426043354,-1000.0,0.0,0.0,0.0,0.0,294.3805020650758,0.0,0.0,0.0,10.753293199646556,3.122326713021677,0.0,0.0,0.0,0.12489306852086708,0.0,124.89306852086708,-2.5573939771209098,24.978613704173416,0.892093346577622,420.7705757019149,-0.0936698013906503,6.244653426043354,2.4978613704173416,-0.6244653426036848,-420.7705757019149,37.467920556260125,-0.12489306852086708,108.43104279549566,98.66472552052824,0.03122326713021677,0.892093346577622,-325.29312838648696,-19.882976508518166,-2.4978613704173416,-259.21067481023283,-0.12489306852086708,0.03122326713021677,-420.7705757019149,666.8846194898938,0.12489306852086708,0.12489306852086708,-183.7109877699529,0.13738237537295378,0.0,-0.0936698013906503,37.467920556260125,0.12489306852086708,331.8656512139408,231.9511963972471,-0.06244653426043354,-349.4137432270261,281.7663021444682,-0.09366980139065031,-0.12489306852086708,-2.5573939771209098,0.12489306852086708,12.489306852086708,-2.4978613704173416,0.0,0.0,-12.489306852086656,259.21067481023283,0.0,24.978613704173416,0.18733960278130063,-1000.0,12.489306852086708,-105.98186088930419,98.66472552052824,-24.978613704173416,0.06244653426043354,1.2489306852086708,120.6161316268561,-155.75243656259346,-0.12489306852086708,-212.07420363104166,183.7109877699529,38.716851241468795,0.12489306852086708,19.882976508518166,-1000.0,98.66472552052824,-0.12489306852086708,-0.03122326713021677,-98.66472552052824,-0.12489306852086708,-499.6602067229489,0.12489306852086708,-0.03122326713021677,-0.03122326713021677,-0.03122326713021677,49.95722740834683,-231.9511963972471,1.2489306852086708,92.53015214039031,-0.03122326713021677,132.80122045821656,6.244653426043354,256.0747567875178,0.12489306852086708,0.06244653426043354,0.06244653426043354,61.821669612350824,2.5573939771209098,0.12489306852086708,-2.5573939771209098,1.2489306852086708,0.12489306852086708,-92.53015214039031,0.12489306852086708,0.49957227408276594,0.6244653426036848,0.06244653426043354,0.03122326713021677,37.467920556260125,-0.12489306852086708,0.0,1.2489306852086708,-185.06030428078063,3.1223267130216774,-12.489306852086708,24.978613704173416,6.244653426043354,-0.12489306852086708,325.29312838648696,0.1873396027813006,-0.12489306852086708,-123.64333922470165,2.5573939771209098,351.7971179314422,0.06244653426043354,-512.1495135750356,-0.12489306852086708,-0.12489306852086708,-0.12489306852086708,0.06244653426043354,420.7705757019149,-24.978613704173416,0.12489306852086708,241.2322632537122,-0.03122326713021677,-0.13738237537295378,-241.2322632537122,18.73396027813006,-281.7663021444682,-727.08430315385,420.7705757019149,-0.09366980139065031,212.07420363104166,155.75243656259346,0.12489306852086708,-0.031223267130216774,6.244653426043354,124.89306852086708,-0.06244653426043354,-0.12489306852086708,0.03122326713021677,1000.0,0.0,999.9375534657396,0.0,-1000.0,0.0,860.3496945304171,-478.97931525082305,654.3953126378071,-902.3585144239429,1000.0,-1000.0,0.0,451.17925721197145,500.0,-500.0,-654.3953126378071,239.48965762541152,-183.97326321384662,-391.1538989367796,0.0,1000.0,-391.1538989367796,-860.3496945304171,923.9301938391652,0.0,1496.5981,bhi
290,0.0,0.0,0.0,0.0,0.0,0.0,0.0,0.0,-0.023725915984717596,0.0,0.0,0.0,0.0,0.0,0.0,0.0,178.48700574337815,0.0,0.0,0.0,0.0,0.0,0.0,207.75794515091357,0.0,0.0,0.0,0.0,0.0,-331.13416088723284,0.0,0.0,582.3585577946642,0.0,0.0,0.0,0.0,-3.3912242580821665,0.0,-1000.0,947.8360430378193,0.0,0.0,-802.2027865157273,0.0,0.0,845.3691642327151,0.0,954.849941659582,-946.1771807867888,0.0,0.0,0.0,0.026098507583212822,0.0,0.0,0.0,0.0,0.0,0.0,-2.0894623343875405,0.0,2.0894623343875405,0.0,0.0,0.0,0.0,0.0,0.0,0.0,0.0,0.237259159847176,0.0,0.0,0.0,0.0,0.0,0.0,0.0,0.0,0.0,0.0,0.0,0.0,14.235549590830558,0.0,0.0,-200.03935834427648,278.31395885482505,476.49662446048046,-0.005931478996179399,0.0,0.0,1000.0,7.117774795415279,0.0,52.16395696218069,-0.7639744947081901,0.0,0.0,0.0,1.1862957992358798,-717.3131566277077,0.0,0.0,-188.56755787342786,0.0,0.0,0.0,0.0,0.0,0.0,0.0,0.0,0.0,0.0,0.0,0.0,0.0,0.0,0.0,0.0,0.0,0.0,-77.19096559726327,0.0,0.0,52.16395696218069,0.0,7.3550339552624555,0.0,0.0,-1000.0,0.0,1000.0,-1000.0,-976.1368869964093,0.0,0.0,976.1368869964093,0.0,0.0,0.0,0.0,0.0,1.826895530823259,0.023725915984717596,0.0,0.0,0.0,0.0,-685.5992814164324,0.0,0.0,0.0,0.0,324.90279326465514,0.0,0.0,0.0,0.0,0.0,154.6545616832697,154.6545616832697,0.0,0.0,0.0,0.0,735.7735774942142,0.0,0.0,154.67828759925442,0.0,0.0,0.0,-992.1850636878944,-848.7713038472641,0.0,0.0,0.0,0.0,0.0,0.0,0.0,0.0,0.0,0.0,0.0,0.0,0.0,0.0,-1000.0,0.0,0.0,0.0,0.0,0.0,946.1771807867888,0.0,245.1894166846945,-245.1894166846945,0.0,0.0,0.0,0.0,0.0,0.0,0.0,386.17899574047493,-387.8561400826329,0.0,0.0,0.0,0.0,0.0,0.0,0.0,0.0,0.0,0.0,0.0,0.0,0.0,0.0,553.6278121182006,-802.2027865157273,0.0,0.0,0.0,0.0,0.0,0.0,0.0,0.0,0.0,-2.0894623343875405,0.0,0.0,0.0,0.0,0.0,0.0,0.0,0.0,0.0,0.0,4.745183196943519,45.04618216676541,0.0,0.0,33.12454217013067,1000.0,0.0,802.2027865157273,0.0,0.0,0.0,-971.0543824986445,0.0,0.0,0.0,277.6079156238305,0.0,0.0,-1000.0,0.0,158.2016929961011,-1000.0,0.0,158.2016929961011,523.5033755395195,0.0,-509.621166630611,946.1771807867888,0.0,66.1953055973621,0.0,0.0,0.0,932.0015247877993,0.0,-932.0015247877993,0.0,1000.0,0.0,0.0,-451.2912521536256,0.0,0.0,0.0,-2.0894623343875405,-0.03558887397707639,0.0,0.0,0.0,0.0,0.023725915984717596,0.0,0.0,0.0,947.8360430378193,178.48700574337815,0.0,-308.7638623890531,-17.459832993621887,848.7713038472641,1000.0,0.0,669.7572237850954,0.0,-188.56755787342786,0.0,0.0,0.0,362.40176161471453,-889.343418512004,-142.81556688780597,-1000.0,-786.9882490714386,0.0,0.0,0.0,0.0,0.0,0.0,0.0,0.0,0.0,0.0,0.0,0.0,0.0,0.0,0.0,0.0,0.0,-1000.0,0.0,-996.7036794058566,0.0,0.0,0.0,0.0,0.0,0.0,-1.826895530823259,0.0,0.0,0.0,0.0,0.0,0.0,0.0,0.0,2.753699971702133,889.343418512004,0.0,-1000.0,-253.5759419666151,0.0,0.0,-1.1862957992358798,0.0,-3.346847871320073,998.8137042007642,-1000.0,0.0,1000.0,0.0,-629.2428496495916,52.16395696218069,-906.2500000000113,906.2500000000113,0.0,0.0,0.0,0.0,0.0,0.0,0.0,0.0,372.1994767038496,0.0,0.0,0.0,0.0,0.0,386.17899574047493,0.0,0.0,-4.178924668775081,0.0,0.0,0.0,0.0,0.0,0.0,0.0,-184.13542626041254,0.04745183196945104,0.0,0.0,0.0,0.0,0.0,0.0,0.0,0.0,0.0,0.0,0.0,0.0,0.0,0.0,0.0,0.0,0.0,0.0,0.0,0.026098507583212822,0.026098507583212822,0.0,896.1024062140846,0.0,14.235549590830558,0.0,0.0,0.0,742.7085920073465,0.0,0.0,0.0,0.0,0.0,-203.75907035941054,-742.7085920073465,0.0,0.0,0.0,0.0,0.0,0.0,0.0,0.0,0.0,0.0,0.0,0.0,0.0,25.730321865754423,-947.8360430378193,685.5992814164324,0.0,1.826895530823259,0.0,1000.0,0.0,0.0,0.0,-203.75907035941054,0.0,0.0,-387.8944966198231,0.0,0.0,0.0,0.0,0.0,0.0,0.0,0.0,0.0,0.0,0.0,0.0,0.0,0.0,0.0,0.0,14.235549590830558,0.0,0.0,0.0,0.0,0.0,0.0,0.0,0.0,0.0,0.0,0.0,0.0,0.237259159847176,0.0,0.0,0.0,0.0,0.0,0.0,0.0,0.0,52.16395696218069,0.0,0.0,0.0,0.0,0.0,0.0,0.0,0.0,0.0,0.0,172.17840346205048,0.0,0.0,7.117774795415279,7.117774795415279,1000.0,-742.7085920073465,0.0,0.0,0.0,0.0,0.0,0.0,0.0,717.3131566277077,386.17899574047493,1000.0,0.023725915984717596,0.0,0.0,0.0,31.333461474388837,389.358868308221,0.0,-1000.0,0.0,0.0,0.0,0.0,0.0,0.0,0.0,0.0,0.0,0.0,0.0,0.0,0.0,0.0,0.023725915984717596,0.0,0.0,0.0,-1000.0,1000.0,0.0,0.0,0.0,0.0,-3.77716582476733,1.950270293944071,0.0,0.0,3.2963205941433587,-1.7794436988538194,-1.186295799235881,0.0,0.0,546.875,546.875,-546.875,0.0,0.0,0.0,0.0,0.0,0.0,0.0,0.0,848.7713038472641,0.0,0.0,371.9434461496444,0.0,0.0,0.0,-0.023725915984717596,0.0,0.0,0.023725915984717596,0.0,0.023725915984717596,0.0,0.0,0.0,14.235549590830558,28.94561750135547,28.94561750135547,0.0,0.0,0.0,0.0,0.0,0.0,0.0,685.5992814164324,0.0,386.17899574047493,0.0,0.0,0.0,364.44456298099874,0.0,0.0,0.0,0.0,0.0,0.0,0.0,0.0,0.0,0.0,0.0,0.0,0.0,0.0,0.0,0.0,0.0,0.03558887397707639,0.0,0.0,0.0,-52.16395696218069,0.0,0.0,0.0,0.0,0.0,-896.1024062140846,1.1862957992358798,0.0,0.0,0.0,0.0,-735.7735774942142,-1.950270293944071,0.0,0.0,0.0,0.0,0.0,0.0,0.0,0.0,0.0,0.0,0.0,-827.8215965379495,896.1024062140846,0.0,615.1095994154567,200.79131043479316,0.0,0.0,0.0,0.0,0.0,-1000.0,0.0,1.186295799235881,907.7868549337969,0.0,0.0,0.0,-4.178924668775081,0.0,0.0,0.0,0.0,0.0,0.0,0.0,0.0,0.0,633.7759933201474,-637.3348807178551,28.94561750135547,0.0,0.0,0.0,0.0,0.0,0.0,0.0,0.0,0.0,0.0,0.0,0.0,264.10585659279093,-31.333461474388837,-319.94521590370874,0.0,7.117774795415279,0.0,0.0,0.0,0.0,-111.43672479301125,0.0,0.0,0.026098507583212822,0.0,0.0,0.0,14.472808750677736,0.0,0.0,0.0,0.0,553.6278121182006,0.0,0.0,0.0,0.0,0.0,0.0,0.0,0.0,0.0,0.0,0.00237259159847176,0.00237259159847176,0.0,0.0,0.0,0.0,0.0,0.0,0.0,0.0,0.0,0.0,0.0,0.0,0.0,0.0,0.0,896.1024062140846,0.0,0.0,0.0,0.0,0.0,0.0,0.0,946.1771807867888,0.0,0.0,0.0,0.0,802.2027865157273,0.0,0.0,0.0,0.0,0.0,14.235549590830558,0.0,0.0,0.0,0.0,0.0,-14.235549590830558,0.0,0.0,0.0,0.0,0.0,0.0,0.0,0.0,0.0,0.0,0.0,0.0,0.0,-786.9882490714386,-1000.0,380.6968154305303,0.0,-52.16395696218069,0.0,-3.3912242580821665,0.0,0.0,0.0,0.0,0.0,0.0,0.0,0.0,0.0,0.0,0.0,0.0,0.0,0.0,0.0,0.0,0.0,-2.9657394980897003,0.0,-1.7794436988538194,1000.0,0.0,0.0,0.0,0.0,0.0,0.0,-0.29657394980897,4.178924668775081,0.0,0.0,0.0,0.0,0.0,0.0,0.0,1000.0,7.117774795415279,7.117774795415279,0.0,0.0,0.0,0.0,0.0,0.026098507583212822,896.1024062140846,0.0,0.0,3.3912242580821665,0.0,0.0,0.0,0.0,0.0,0.0,0.0,0.0,0.0,0.0,0.0,0.0,0.0,0.0,0.0,0.0,0.0,0.0,0.0,24.91221178395348,0.0,0.0,1.826895530823259,0.0,0.0,0.0,896.1024062140846,0.0,0.0,0.0,0.0,0.0,-2.9657394980897003,0.0,0.0,0.0,0.0,0.0,0.0,0.0,0.0,0.0,0.0,0.0,0.0,0.0,0.0,0.0,0.0,0.0,0.0,-0.023725915984717596,0.0,0.0,1.1862957992358798,203.75907035941054,0.0,0.0,0.0,0.0,0.0,0.0,0.0,0.0,-362.40176161471453,0.5931478996179398,0.0,0.0,0.0,0.023725915984717596,0.0,23.725915984717595,-7.3550339552624555,4.745183196943519,0.16947082846226855,66.1953055973621,-0.017794436988538196,1.1862957992358798,0.47451831969435193,-0.11862957992352552,-66.1953055973621,7.117774795415279,-0.023725915984717596,62.85585262447595,0.0,0.005931478996179399,0.16947082846226855,-188.56755787342786,-3.77716582476733,-0.47451831969435193,-178.48700574337815,-0.023725915984717596,0.005931478996179399,-66.1953055973621,928.855310250045,0.023725915984717596,0.023725915984717596,-896.0525817905166,0.026098507583189354,0.0,-0.017794436988538196,7.117774795415279,0.023725915984717596,52.16395696218069,33.18322417440661,-0.011862957992358798,52.23232248220057,-2.3963175144564772,-0.017794436988538196,-0.0237259159847176,-7.3550339552624555,0.023725915984717596,2.372591598471786,-0.47451831969435193,0.0,0.0,-2.372591598471786,178.48700574337815,0.0,4.745183196943519,0.03558887397707639,-0.011862957992320844,2.3725915984717596,-25.730321865754423,0.0,-4.745183196943519,0.011862957992358798,0.237259159847176,77.19096559726327,900.8475894110281,-0.023725915984717596,-901.440737310646,896.0525817905166,7.3550339552624555,0.023725915984717596,3.77716582476733,-1000.0,0.0,-0.023725915984717596,-0.005931478996179399,0.0,-0.023725915984717596,-184.13542626041254,0.02372591598471809,-0.005931478996179399,-0.005931478996179399,-0.005931478996179399,9.490366393887038,-33.18322417440661,0.237259159847176,345.05195867011844,-0.005931478996179399,91.5260785700506,1.1862957992358798,93.25400892944215,0.023725915984717596,0.011862957992358798,0.011862957992358798,2.3725915984717596,7.3550339552624555,0.023725915984717596,-7.3550339552624555,0.237259159847176,0.023725915984717596,-1000.0,0.023725915984717596,0.09490366393880811,0.11862957992352552,0.011862957992358798,0.005931478996179399,7.117774795415279,-0.023725915984717596,0.0,0.23725915984717597,-690.1039173402369,0.5931478996179399,-2.372591598471786,4.745183196943519,1.1862957992358798,-0.023725915984717596,188.56755787342786,0.03558887397707639,-0.023725915984717596,-4.745183196943519,7.3550339552624555,216.3512302580423,0.011862957992358798,-186.5080178588843,-0.023725915984717596,-0.023725915984718085,-0.023725915984717596,0.0118629579923588,66.1953055973621,-4.745183196943519,0.023725915984717596,154.38193119452654,-0.005931478996179399,-0.026098507583189354,-154.38193119452654,3.558887397707639,2.3963175144564772,-110.5689313644038,66.1953055973621,-0.017794436988538196,901.440737310646,-900.8475894110281,0.023725915984717596,-0.005931478996179398,1.186295799235881,23.725915984717595,-0.011862957992358798,-0.023725915984717596,0.005931478996179399,854.3961990895184,0.0,-1000.0,654.9480413298816,1000.0,0.0,436.88182148791225,-382.0915901031333,926.4827186515732,1000.0,-577.7359703355863,65.7444988040321,-1000.0,-500.0,-500.0,288.86798516779317,-926.4827186515732,191.04579505156664,-896.1024062140846,-104.91450546503106,1000.0,-65.7444988040321,-104.91450546503106,-436.88182148791225,717.2546149447203,0.0,1496.5981,bhi
291,0.0,0.0,0.0,0.0,0.0,0.0,0.0,0.0,-0.12896595805477953,0.0,0.0,0.0,0.0,0.0,0.0,0.0,38.26242176440769,-114.59381635614169,0.0,0.0,0.0,0.0,0.0,0.0,0.0,0.0,0.0,0.0,0.0,592.8268018649469,0.0,0.0,584.8377545251416,0.0,0.0,0.0,0.0,981.5664657287041,0.0,-1000.0,1000.0,0.0,0.0,-314.5665928321858,0.0,0.0,109.30876216872934,0.0,0.0,-695.2881554476455,0.0,0.0,0.0,0.14186255386001853,0.0,0.0,0.0,25.79319161095591,0.0,0.0,-11.357602039358094,0.0,-94.52186133340683,-105.87946337276499,0.0,0.0,0.0,0.0,0.0,0.0,0.0,1.2896595805477955,0.0,0.0,0.0,0.0,0.0,0.0,0.0,0.0,0.0,0.0,0.0,0.0,77.37957483286773,0.0,0.0,-19.034486413662762,980.9655135863372,0.0,-0.03224148951369488,0.0,0.0,-630.5761807304467,38.689787416433866,0.0,38.689787416433866,-4.15270384936548,0.0,0.0,0.0,582.1425816239492,-16.845833405269445,0.0,0.0,-412.31209780184804,0.0,0.0,0.0,0.0,0.0,0.0,0.0,0.0,0.0,0.0,0.0,0.0,0.0,0.0,0.0,0.0,0.0,0.0,-296.6748892813792,0.0,0.0,38.689787416433866,0.0,39.97944699698166,39.97944699698166,0.0,630.5921209364744,75.7457116295094,-706.3378325659838,706.3378325659838,0.0,0.0,0.0,0.0,0.0,0.0,0.0,0.0,0.0,9.930378770218066,0.12896595805477953,0.0,0.0,0.0,0.0,-89.83208540457636,0.0,0.0,0.0,0.0,957.416819802985,0.0,0.0,0.0,0.0,0.0,890.8202037893254,890.8202037893254,0.0,0.0,0.0,-453.125,0.0,0.0,0.0,890.9491697473802,0.0,0.0,0.0,292.8093379941024,-1000.0,0.0,0.0,0.0,0.0,0.0,0.0,0.0,0.0,0.0,-1000.0,0.0,0.0,0.0,0.0,-38.689787416433866,0.0,0.0,0.0,0.0,0.0,695.2881554476455,0.0,19.034486413662762,-19.034486413662762,0.0,0.0,0.0,0.0,0.0,0.0,0.0,609.6726352702163,-1000.0,0.0,0.0,0.0,0.0,0.0,0.0,0.0,0.0,0.0,0.0,0.0,0.0,0.0,94.7987775638373,-392.2752908149248,-631.0892236293548,0.0,0.0,0.0,0.0,0.0,0.0,0.0,0.0,0.0,-11.357602039358094,-316.52263079716903,0.0,0.0,0.0,0.0,0.0,0.0,0.0,0.0,0.0,0.0,0.0,0.0,38.068972827325524,1000.0,0.0,0.0,631.0892236293548,0.0,0.0,0.0,692.3783413879235,0.0,0.0,0.0,29.810140949426795,0.0,0.0,-1000.0,-557.8545050744285,-557.8545050744285,-442.1454949255715,0.0,0.0,1000.0,0.0,-76.52484352881616,695.2881554476455,0.0,439.77391696679825,0.0,0.0,0.0,-153.7553336630346,0.0,153.7553336630346,0.0,1000.0,0.0,0.0,0.0,-453.12499999999994,0.0,0.0,-11.357602039358094,-0.19344893708216931,0.0,0.0,0.0,0.0,0.12896595805477953,0.0,0.0,0.0,0.0,38.26242176440769,0.0,-274.8747318678987,-678.4450896505209,1000.0,968.9178976554919,0.0,-1000.0,0.0,-412.31209780184804,0.0,0.0,0.0,-11.103968988516279,638.0939911442017,373.0099778443146,0.0,-1000.0,0.0,0.0,0.0,0.0,0.0,0.0,0.0,0.0,0.0,0.0,0.0,0.0,0.0,0.0,0.0,0.0,0.0,-17.91767043907692,0.0,-1000.0,0.0,0.0,0.0,0.0,0.0,0.0,-9.930378770218066,0.0,0.0,0.0,0.0,575.6942837212102,361.90600885579835,-609.3437500000001,0.0,-266.78263485241877,-1000.0,0.0,0.0,453.33735963492467,-1000.0,609.3437500000001,-294.2954397633441,0.0,263.55848590104927,-6.448297902738977,-295.81999611592687,0.0,803.8894079508733,0.0,0.0,38.689787416433866,0.0,0.0,0.0,530.1174794042256,0.0,0.0,0.0,-94.7987775638373,94.7987775638373,94.7987775638373,558.7934800734578,0.0,0.0,0.0,0.0,0.0,609.6726352702163,0.0,0.0,-22.715204078716187,0.0,0.0,69.77188976094192,0.0,0.0,0.0,0.0,-520.797163635935,0.25793191610955546,0.0,0.0,0.0,0.0,0.0,0.0,0.0,0.0,0.0,0.0,0.0,0.0,0.0,0.0,0.0,0.0,0.0,0.0,0.0,0.14186255386001853,0.14186255386001853,0.0,285.5174599454583,0.0,77.37957483286773,0.0,0.0,0.0,1000.0,0.0,417.14725312519187,0.0,0.0,0.0,1000.0,-1000.0,0.0,0.0,781.7359170714013,0.0,0.0,69.77188976094192,0.0,0.0,0.0,0.0,0.0,0.0,0.0,98.89162976045974,0.0,89.83208540457636,0.0,9.930378770218066,0.0,0.0,-630.5761807304467,-630.5761807304467,0.0,1000.0,0.0,680.7524730181101,-201.54963665404506,-406.2500000000004,406.2500000000004,94.7987775638373,0.0,0.0,0.0,0.0,0.0,0.0,0.0,0.0,0.0,0.0,0.0,0.0,0.0,77.37957483286773,0.0,0.0,0.0,0.0,0.0,0.0,0.0,0.0,0.0,0.0,0.0,0.0,1.2896595805477955,0.0,0.0,0.0,0.0,0.0,0.0,0.0,0.0,38.689787416433866,-781.7359170714013,0.0,0.0,0.0,0.0,0.0,0.0,0.0,0.0,0.0,705.5328691095109,-405.8968798069274,0.0,38.689787416433866,38.689787416433866,47.918149036773,-1000.0,0.0,69.77188976094192,0.0,0.0,0.0,0.0,0.0,942.5825462963129,609.6726352702163,1000.0,0.12896595805477953,0.0,0.0,-78.1249999999997,88.52518333170298,0.0,0.0,630.5761807304467,0.0,0.0,0.0,0.0,0.0,0.0,0.0,0.0,0.0,0.0,0.0,0.0,0.0,0.0,0.12896595805477953,0.0,0.0,0.0,-1000.0,1000.0,0.0,0.0,0.0,0.0,-20.53138052232252,10.601001752104457,0.0,0.0,-982.0823295609231,-9.672446854108465,-6.448297902738977,0.0,0.0,0.0,0.0,0.0,0.0,0.0,0.0,0.0,0.0,0.0,0.0,0.0,1000.0,0.0,0.0,810.3377058536123,0.0,0.0,0.0,-0.12896595805477953,0.0,0.0,0.12896595805477953,0.0,0.12896595805477953,0.0,0.0,0.0,77.37957483286773,157.33846882683105,157.33846882683105,0.0,0.0,0.0,0.0,0.0,0.0,0.0,89.83208540457636,0.0,609.6726352702163,0.0,0.0,0.0,0.0,0.0,0.0,0.0,0.0,0.0,0.0,0.0,0.0,0.0,0.0,0.0,0.0,0.0,0.0,0.0,-176.82485358504138,176.82485358504138,0.19344893708216931,0.0,0.0,0.0,-38.689787416433866,0.0,0.0,0.0,0.0,0.0,-285.5174599454583,6.448297902738977,0.0,0.0,0.0,453.12499999999994,0.0,-10.601001752104457,0.0,0.0,0.0,0.0,0.0,0.0,0.0,0.0,0.0,0.0,781.7359170714013,1000.0,190.71868238162102,0.0,-935.9611062063796,-412.31209780184804,0.0,0.0,0.0,0.0,0.0,535.0398725610924,0.0,6.448297902738977,696.8466588465967,0.0,278.0446454162638,0.0,-22.715204078716187,0.0,0.0,0.0,0.0,0.0,0.0,0.0,0.0,0.0,980.6551062917831,0.0,157.33846882683105,0.0,-298.87418708475343,-298.87418708475343,298.87418708475343,0.0,0.0,0.0,0.0,0.0,0.0,0.0,0.0,314.5348005077837,-10.400183331703289,-1000.0,0.0,38.689787416433866,0.0,0.0,0.0,0.0,-293.843951099076,0.0,0.0,0.14186255386001853,0.0,0.0,0.0,78.66923441341552,0.0,0.0,0.0,0.0,-392.2752908149248,0.0,0.0,0.0,0.0,0.0,0.0,0.0,0.0,0.0,0.0,0.012896595805477954,0.012896595805477954,0.0,0.0,0.0,0.0,0.0,0.0,0.0,0.0,0.0,-78.1249999999997,0.0,0.0,0.0,0.0,0.0,285.5174599454583,0.0,0.0,0.0,0.0,0.0,0.0,0.0,695.2881554476455,0.0,0.0,0.0,0.0,0.0,0.0,-114.59381635614169,0.0,0.0,0.0,77.37957483286773,0.0,0.0,0.0,0.0,0.0,0.0,-77.37957483286773,0.0,0.0,0.0,0.0,0.0,0.0,0.0,0.0,0.0,0.0,0.0,0.0,-1000.0,925.7367128910435,88.34168126752401,0.0,-38.689787416433866,0.0,981.5664657287041,0.0,0.0,0.0,0.0,0.0,0.0,0.0,0.0,0.0,664.0625,0.0,-664.0624999999999,-664.0624999999999,0.0,0.0,0.0,0.0,-16.120744756847444,0.0,-585.3667305753188,-9.672446854108466,0.0,0.0,0.0,0.0,0.0,-1.6120744756847445,0.0,22.715204078716187,0.0,0.0,0.0,0.0,0.0,0.0,0.0,1000.0,38.689787416433866,38.689787416433866,0.0,0.0,0.0,0.0,0.0,0.14186255386001853,285.5174599454583,0.0,0.0,-981.5664657287041,0.0,0.0,0.0,0.0,0.0,0.0,0.0,0.0,0.0,0.0,0.0,0.0,0.0,0.0,88.41242679252069,0.0,0.0,39.97944699698166,0.0,135.41425595751852,9.930378770218066,0.0,0.0,0.0,0.0,0.0,285.5174599454583,0.0,0.0,0.0,0.0,0.0,-16.120744756847444,0.0,0.0,0.0,0.0,0.0,0.0,0.0,0.0,0.0,0.0,0.0,0.0,0.0,0.0,0.0,0.0,0.0,0.0,-0.12896595805477953,0.0,0.0,6.448297902738977,-1000.0,0.0,0.0,0.0,0.0,0.0,0.0,0.0,0.0,11.103968988516279,3.2241489513694885,0.0,0.0,0.0,0.12896595805477953,0.0,128.96595805477952,0.0,25.793191610955912,0.9211854146769968,439.77391696679825,-0.09672446854108464,294.2954397633441,2.579319161095591,-0.644829790273775,-439.77391696679825,38.689787416433866,-0.12896595805477953,137.43736593394934,69.77188976094192,0.03224148951369488,0.9211854146769968,-412.31209780184804,-20.53138052232252,-2.579319161095591,76.331394591734,-0.12896595805477953,0.03224148951369488,-439.77391696679825,12.896595805477954,0.12896595805477953,0.12896595805477953,-285.24663143354354,0.14186255386025748,-281.01072255738063,-0.09672446854108464,38.689787416433866,0.12896595805477953,38.689787416433866,-64.48297902738977,-0.06448297902738977,148.21809835809168,-13.025561763532734,-0.09672446854108464,-0.12896595805477953,0.0,0.12896595805477953,12.896595805477954,-2.579319161095591,0.0,0.0,-12.896595805477954,-76.331394591734,0.0,25.79319161095591,0.1934489370821693,-974.2142010490945,12.896595805477954,-98.89162976045974,69.77188976094192,-25.79319161095591,0.06448297902738977,1.2896595805477955,68.71868296697467,216.51187399257694,-0.12896595805477953,-314.5348005077837,285.24663143354354,39.97944699698166,0.12896595805477953,20.53138052232252,-84.98725990479345,69.77188976094192,-0.12896595805477953,-0.03224148951369488,-69.77188976094192,-0.12896595805477953,-520.797163635935,0.12896595805478486,-0.03224148951369488,-0.03224148951369488,-0.03224148951369488,51.58638322191182,64.48297902738977,1.2896595805477955,95.54765417383749,-0.03224148951369488,0.0,6.448297902738977,266.8468797207065,0.12896595805477953,0.06448297902738977,0.06448297902738977,47.782540685948916,0.0,0.12896595805477953,0.0,1.2896595805477955,0.12896595805477953,-95.54765417383749,0.12896595805477953,0.5158638322190043,0.644829790273775,0.06448297902738977,0.03224148951369488,38.689787416433866,-0.12896595805477953,281.01072255738063,1.2896595805477955,-191.09530834767497,291.0712908119746,-12.896595805477954,25.79319161095591,6.448297902738977,-0.12896595805477953,412.31209780184804,0.1934489370821693,-0.12896595805477953,-95.56508137189783,0.0,503.76829678516975,0.06448297902738977,-533.693759441413,-0.12896595805477953,-0.12896595805478486,-0.12896595805477953,0.06448297902738977,439.77391696679825,-25.79319161095591,0.12896595805477953,137.43736593394934,-0.03224148951369488,-0.14186255386025748,-137.43736593394934,19.344893708216926,13.025561763532734,760.7014126317326,439.77391696679825,-0.09672446854108464,314.5348005077837,-216.51187399257694,0.12896595805477953,-0.03224148951369489,6.448297902738977,128.96595805477952,-0.06448297902738977,-0.12896595805477953,0.03224148951369488,0.0,0.0,-25.850281929932862,0.0,1000.0,0.0,-37.76855811574497,-1000.0,0.0,275.35530594858847,-702.3920532867911,1000.0,-1000.0,-137.67765297429423,-500.0,351.19602664339556,0.0,500.0,-285.5174599454583,-209.92434568609377,1000.0,-1000.0,-209.92434568609377,37.76855811574497,17.161052991785255,0.0,1496.5981,bhi
292,0.0,0.0,0.0,0.0,0.0,0.0,0.0,0.0,104.164361316472,0.0,0.0,0.0,0.0,0.0,0.0,0.0,0.0,503.1058539156051,0.0,-63.643190496161765,0.0,0.0,0.0,0.0,0.0,567.2059497855142,0.0,0.0,0.0,-967.397141705224,0.0,0.0,493.1019246265895,0.0,0.0,0.0,0.0,994.6588527499945,0.0,-1000.0,881.2331371124786,0.0,0.0,0.0,0.0,0.0,0.0,0.0,-159.77077717573465,0.0,0.0,-730.2637117954946,0.0,0.12021928367245623,0.0,0.0,0.0,21.858051576847046,0.0,0.0,-50.069015872585496,0.0,0.0,-50.069015872585496,0.0,0.0,0.0,0.0,0.0,0.0,0.0,1.0929025788423523,0.0,0.0,0.0,0.0,0.0,0.0,0.0,964.6828682086401,0.0,0.0,0.0,0.0,65.57415473054114,0.0,40.4441871615808,0.0,-131.03027120031666,0.0,761.6697989014041,0.0,0.0,0.0,32.78707736527057,0.0,118.7668628875214,-3.519146303871369,10.28007361024828,0.0,0.0,365.56009367809963,-967.397141705224,0.0,0.0,0.0,0.0,0.0,0.0,0.0,0.0,0.0,0.0,0.0,0.0,0.0,0.0,0.0,0.0,0.0,0.0,0.0,0.0,0.0,-1000.0,0.0,0.0,118.7668628875214,0.0,33.87997994411292,17.631332488629567,0.0,368.9995122810145,-470.68700874940924,101.68749646839473,-101.68749646839473,0.0,0.0,0.0,0.0,0.0,0.0,0.0,0.0,0.0,48.85953701866691,0.10929025788423523,761.6971214658752,0.0,0.0,0.0,0.0,0.0,0.0,0.0,0.0,665.1707846705692,0.0,0.0,0.0,0.0,0.0,999.8907097421157,999.8907097421157,0.0,0.0,0.0,-484.375,-98.71055508248389,0.0,0.0,1000.0,0.0,0.0,0.0,-135.491915863862,0.0,0.0,0.0,0.0,0.0,0.0,0.0,0.0,0.0,0.0,-1000.0,0.0,0.0,0.0,0.0,-52.186121338784574,0.0,0.0,0.0,0.0,0.0,0.0,730.2637117954946,131.03027120031666,-131.03027120031666,0.0,0.0,0.0,0.0,0.0,0.0,0.0,0.0,-132.5085338980989,0.0,0.0,0.0,0.0,0.0,0.0,0.0,0.0,0.0,0.0,0.0,0.0,0.0,0.0,-457.64626905835405,396.9042070854641,0.0,0.0,0.0,0.0,141.98269066498517,0.0,0.0,0.0,0.0,-50.069015872585496,396.9042070854641,0.0,0.0,0.0,0.0,0.0,0.0,0.0,0.0,0.0,0.0,85.97978552225084,0.0,-612.850322180173,-874.9108645808061,701.5232058200766,0.0,-396.9042070854641,0.0,0.0,0.0,-528.0756733679275,0.0,0.0,0.0,-31.236730071223064,0.0,0.0,-816.2594964479233,0.0,0.0,-816.2594964479233,0.0,0.0,0.0,0.0,0.0,0.0,0.0,198.1997938092902,0.0,0.0,0.0,-345.13906265146505,0.0,345.13906265146505,0.0,878.4488579994891,0.0,0.0,659.0683222275709,-484.375,0.0,0.0,-50.069015872585496,-0.16393538682635284,0.0,0.0,0.0,0.0,0.10929025788423523,0.0,0.0,0.0,-208.563432213722,0.0,0.0,-564.3512598710365,178.19040872621326,0.0,1000.0,0.0,431.8284951659548,0.0,0.0,0.0,0.0,0.0,292.2440183966254,-275.25927172099955,-448.8132418415806,-1000.0,-1000.0,0.0,0.0,0.0,0.0,0.0,0.0,0.0,0.0,0.0,0.0,0.0,0.0,0.0,0.0,0.0,0.0,0.0,-4.903986218468461,0.0,-1000.0,0.0,0.0,0.0,1000.0,0.0,450.324324202545,-48.85953701866691,0.0,10.28007361024828,0.0,0.0,360.0955807838879,-23.673593221892986,0.0,-1000.0,-407.2951962355272,298.93286494289254,-1000.0,-5.464512894211762,0.0,0.0,0.0,314.4876967138443,0.0,404.5629397884213,0.0,956.206331416407,0.0,-1000.0,0.0,928.9613323752471,118.7668628875214,0.0,0.0,0.0,0.0,0.0,104.27365157435622,0.0,0.0,0.0,0.0,-1000.0,0.0,0.0,0.0,0.0,0.0,0.0,0.0,0.0,-19.249657422009392,0.0,0.0,0.0,0.0,0.0,0.0,0.0,-576.4131319458754,0.21858051576850462,0.0,0.0,0.0,0.0,0.0,0.0,0.0,0.0,0.0,0.0,0.0,0.0,0.0,0.0,0.0,0.0,0.0,0.0,0.0,0.12021928367245623,0.12021928367245623,0.0,405.25859454772285,0.0,65.57415473054114,0.0,0.0,0.0,-446.69618777177135,0.0,0.0,40.4441871615808,0.0,0.0,343.7711429722698,446.69618777177135,0.0,0.0,0.0,0.0,0.0,0.0,0.0,0.0,0.0,0.0,0.0,0.0,0.0,333.3333333333333,208.563432213722,0.0,0.0,48.85953701866691,0.0,0.0,0.0,-141.98269066498517,0.0,343.7711429722698,0.0,-232.64198897360563,0.0,0.0,0.0,0.0,0.0,0.0,0.0,0.0,0.0,0.0,0.0,0.0,0.0,0.0,0.0,0.0,0.0,65.57415473054114,0.0,0.0,0.0,0.0,0.0,0.0,0.0,0.0,0.0,0.0,0.0,0.0,1.0929025788423523,0.0,0.0,40.4441871615808,-40.4441871615808,0.0,730.2637117954946,0.0,0.0,118.7668628875214,0.0,0.0,0.0,0.0,0.0,0.0,0.0,0.0,0.0,0.0,0.0,-227.01682161602935,0.0,32.78707736527057,32.78707736527057,1000.0,446.69618777177135,0.0,0.0,0.0,0.0,0.0,0.0,0.0,967.397141705224,0.0,1000.0,0.10929025788423523,0.0,0.0,0.0,73.80806847559788,748.3047205431685,0.0,0.0,0.0,0.0,0.0,0.0,0.0,0.0,0.0,0.0,0.0,0.0,0.0,0.0,0.0,0.0,0.10929025788423523,0.0,0.0,0.0,0.0,0.0,0.0,0.0,0.0,0.0,0.0,-33.675477189950186,0.0,0.0,-1000.0,-8.196769341317633,-5.464512894211757,0.0,0.0,0.0,0.0,0.0,0.0,0.0,0.0,0.0,0.0,0.0,0.0,0.0,0.0,0.0,0.0,-65.57415473054114,0.0,0.0,0.0,104.164361316472,0.0,0.0,0.10929025788423523,0.0,0.10929025788423523,0.0,0.0,0.0,65.57415473054114,133.33411461876696,133.33411461876696,0.0,0.0,0.0,0.0,0.0,0.0,0.0,0.0,0.0,0.0,0.0,0.0,0.0,301.65390960045784,0.0,0.0,0.0,0.0,0.0,0.0,0.0,0.0,0.0,0.0,0.0,0.0,0.0,141.98269066498517,0.0,-582.6876576190267,582.6876576190267,0.16393538682635284,0.0,0.0,0.0,-118.7668628875214,0.0,0.0,0.0,0.0,0.0,-405.25859454772285,5.464512894211762,0.0,0.0,0.0,484.375,98.71055508248389,-190.97512094290772,0.0,0.0,0.0,0.0,0.0,0.0,0.0,0.0,0.0,0.0,0.0,0.0,405.25859454772285,0.0,881.1527483374305,748.3047205431685,4.903986218468461,-239.83465796157464,10.28007361024828,224.6505981328579,0.0,-661.4097879866945,0.0,5.464512894211757,603.7992831426468,0.0,0.0,0.0,-100.13803174517099,0.0,0.0,0.0,0.0,0.0,0.0,0.0,0.0,0.0,1000.0,-16.39353868263531,133.33411461876696,0.0,0.0,0.0,0.0,0.0,0.0,0.0,0.0,0.0,0.0,0.0,0.0,413.4553638890405,-73.80806847559788,0.0,0.0,32.78707736527057,40.4441871615808,0.0,0.0,0.0,20.137909892683695,0.0,0.0,0.12021928367245623,0.0,0.0,0.0,66.66705730938348,0.0,0.0,0.0,0.0,-457.64626905835405,0.0,0.0,0.0,0.0,0.0,0.0,0.0,0.0,0.0,0.0,0.010929025788423523,0.010929025788423523,0.0,0.0,0.0,0.0,0.0,0.0,0.0,0.0,0.0,0.0,0.0,0.0,0.0,0.0,0.0,405.25859454772285,0.0,0.0,0.0,0.0,0.0,0.0,0.0,0.0,0.0,0.0,0.0,80.8883743231616,506.84974412359816,0.0,503.1058539156051,0.0,0.0,0.0,65.57415473054114,0.0,0.0,0.0,0.0,0.0,0.0,-65.57415473054114,0.0,80.8883743231616,0.0,0.0,0.0,0.0,0.0,0.0,0.0,0.0,0.0,0.0,-1000.0,-1000.0,376.51773625115896,0.0,-118.7668628875214,0.0,994.6588527499945,0.0,0.0,0.0,0.0,0.0,0.0,0.0,0.0,0.0,0.0,0.0,0.0,0.0,0.0,0.0,0.0,0.0,-13.661282235529391,0.0,-368.2923501252056,309.85067894177547,0.0,0.0,0.0,0.0,0.0,-1.3661282235529404,0.0,19.249657422009392,0.0,0.0,0.0,0.0,0.0,0.0,0.0,1000.0,32.78707736527057,32.78707736527057,0.0,0.0,0.0,0.0,964.6828682086401,0.12021928367245623,405.25859454772285,0.0,0.0,-994.6588527499945,0.0,0.0,0.0,0.0,0.0,0.0,0.0,0.0,0.0,0.0,0.0,0.0,0.0,0.0,7.740853916756237,0.0,0.0,17.631332488629567,0.0,114.754770778447,0.0,0.0,48.85953701866691,0.0,0.0,0.0,405.25859454772285,0.0,181.9914617448246,0.0,0.0,0.0,-13.661282235529391,0.0,0.0,0.0,0.0,0.0,0.0,0.0,0.0,0.0,0.0,0.0,0.0,0.0,0.0,0.0,0.0,0.0,0.0,-0.10929025788423523,0.0,0.0,5.464512894211762,-343.7711429722698,0.0,0.0,0.0,0.0,0.0,0.0,0.0,0.0,-292.2440183966254,2.732256447105881,0.0,0.0,567.2059497855142,0.10929025788423523,0.0,109.29025788423523,-16.24864745548337,21.858051576847046,0.7806446991731087,340.1824844742754,-0.0819676934131764,685.5123032861557,2.1858051576847046,-0.5464512894213129,-340.1824844742754,32.78707736527057,-0.10929025788423523,0.0,0.0,0.027322564471058807,0.7806446991731087,0.0,-57.843196216750044,-2.1858051576847046,-439.46266341944334,-0.10929025788423523,0.027322564471058807,-340.1824844742754,478.9975558334921,0.10929025788423523,0.10929025788423523,-405.02908500616616,-40.32396787790814,-321.2103360292964,-0.0819676934131764,32.78707736527057,0.10929025788423523,118.7668628875214,31.33465658013322,-0.054645128942117614,-343.9604486412728,-153.02100671129293,-0.08196769341317642,-0.10929025788423523,-16.24864745548337,0.10929025788423523,10.929025788423523,-2.1858051576847046,141.98269066498517,141.98269066498517,-10.92902578842353,439.46266341944334,-141.98269066498517,21.858051576847046,0.16393538682635284,513.8723465553585,10.929025788423523,-333.3333333333333,0.0,-21.858051576847046,0.054645128942117614,1.0929025788423523,141.08781496775913,427.1166461245699,-0.10929025788423523,-429.8489025716758,405.02908500616616,33.87997994411292,0.10929025788423523,57.843196216750044,-685.1966250284015,0.0,-0.10929025788423523,-0.027322564471058807,0.0,-0.10929025788423523,-576.4131319458754,0.10929025788423523,-0.027322564471058807,-0.027322564471058807,-0.027322564471058807,43.71610315369409,-31.33465658013322,1.0929025788423523,387.3136132066534,-0.027322564471058807,282.17562993551826,5.464512894211762,293.67107886714945,0.10929025788423523,0.054645128942117614,0.054645128942117614,10.929025788423523,16.24864745548337,0.10929025788423523,-16.24864745548337,1.0929025788423523,0.10929025788423523,-1000.0,0.10929025788423523,0.43716103153705105,0.5464512894213129,0.054645128942117614,0.027322564471058807,32.78707736527057,-0.10929025788423523,321.2103360292964,1.0929025788423523,-774.6272264133067,682.7800468390499,-10.929025788423523,21.858051576847046,5.464512894211762,-0.10929025788423523,0.0,0.1639353868263528,-0.10929025788423523,-21.858051576847046,16.24864745548337,354.77866451452456,0.054645128942117614,-587.3421577342989,-0.10929025788423523,-0.10929025788423523,-0.10929025788423523,0.054645128942117614,340.1824844742754,-21.858051576847046,0.10929025788423523,282.17562993551826,-0.027322564471058807,40.32396787790814,-282.17562993551826,16.393538682635285,153.02100671129293,-790.3045016602728,340.1824844742754,-0.08196769341317642,429.8489025716758,-427.1166461245699,0.10929025788423523,-0.027322564471058804,5.464512894211757,109.29025788423523,-0.054645128942117614,-0.10929025788423523,0.027322564471058807,1000.0,0.0,-513.9269916843006,612.6863867933466,572.1804200007864,0.0,466.1162872434445,252.78748121733764,468.06853004506854,-319.0050022235139,229.83722787998443,-903.0107999142775,0.0,159.50250111175694,-286.0902100003932,-114.91861393999221,-468.06853004506854,-126.39374060866882,-405.25859454772285,-374.91657440720826,0.0,903.0107999142775,-374.91657440720826,-466.1162872434445,570.1919432417112,0.0,1496.5981,bhi
293,0.0,0.0,0.0,0.0,0.0,0.0,0.0,0.0,-0.12532677191620603,0.0,0.0,0.0,0.0,0.0,0.0,0.0,797.3011700795552,83.78021426927424,0.0,-417.29638533504783,0.0,0.0,0.0,593.5387709163307,0.0,0.0,0.0,0.0,0.0,423.44603849024105,0.0,0.0,648.2652938627452,0.0,0.0,0.0,0.0,-42.33160003278707,0.0,-1000.0,994.3977624310045,0.0,-801.5883804032555,0.0,0.0,0.0,0.0,0.0,-1000.0,0.0,0.0,22.335588973051813,0.0,0.13785944910807757,0.0,0.0,0.0,25.06535438324121,0.0,0.0,107.04531456391913,0.0,-343.4571768581492,-609.6149942828455,0.0,0.0,0.0,0.0,971.3448434030469,-281.3408180652183,0.0,1.2532677191620607,0.0,0.0,0.0,0.0,0.0,0.0,0.0,0.0,0.0,0.0,69.26593816458734,0.0,75.19606314972364,0.0,0.0,401.6912418656707,69.6526980443937,-337.7170156855318,-0.031331692979051515,0.0,0.0,-959.2760609550749,37.59803157486182,0.0,37.59803157486182,0.0,0.0,0.0,69.26593816458734,6.266338595810303,423.44603849024105,0.0,0.0,-348.9649844779063,0.0,0.0,0.0,0.0,0.0,0.0,0.0,0.0,0.0,0.0,0.0,0.0,0.0,0.0,0.0,0.0,0.0,0.0,-477.5068779930891,0.0,0.0,37.59803157486182,0.0,38.85129929402388,0.0,0.0,134.38198279787025,-134.38198279787025,0.0,0.0,-373.2031319886155,0.0,0.0,0.0,0.0,0.0,0.0,0.0,0.0,-59.61577672703948,0.12532677191620603,0.0,0.0,0.0,0.0,-342.3061290340653,0.0,0.0,0.0,0.0,1000.0,0.0,0.0,0.0,0.0,0.0,999.8746732280838,999.8746732280838,0.0,0.0,0.0,234.375,-477.4612946139749,0.0,0.0,1000.0,0.0,0.0,0.0,310.4667633792491,0.0,0.0,0.0,0.0,0.0,0.0,0.0,0.0,0.0,0.0,0.0,0.0,0.0,0.0,0.0,-1000.0,0.0,0.0,0.0,0.0,0.0,0.0,779.2527914302037,268.0643176411381,-268.0643176411381,53.74423014496051,0.0,0.0,0.0,0.0,0.0,0.0,0.0,-154.2179056142612,0.0,0.0,0.0,0.0,0.0,0.0,0.0,0.0,0.0,0.0,0.0,0.0,0.0,0.0,330.23948551585977,-1000.0,0.0,0.0,0.0,0.0,-32.37610639389284,0.0,0.0,0.0,0.0,107.04531456391913,-1000.0,0.0,0.0,0.0,0.0,0.0,0.0,0.0,0.0,4.035522055703709,0.0,0.0,0.0,0.0,-1000.0,449.00835093701255,0.0,1000.0,0.0,0.0,373.2031319886155,-504.2008691420418,0.0,0.0,0.0,-125.97431165114699,0.0,0.0,0.0,0.0,474.78763762051005,-1000.0,999.9999999999999,-525.2123623794898,337.7170156855318,0.0,555.1924936827456,0.0,0.0,328.29356989514724,0.0,0.0,0.0,-757.7783291557297,0.0,757.7783291557297,0.0,999.7493464561676,319.458901843655,0.0,0.0,234.375,0.0,0.0,107.04531456391913,-0.18799015787430906,0.0,0.0,0.0,0.0,0.12532677191620603,0.0,0.0,0.0,936.9983226183668,797.3011700795552,0.0,-685.158357458754,-31.115480169973946,0.0,1000.0,0.0,-663.3643893680173,0.0,-348.9649844779063,0.0,0.0,0.0,688.4346722611907,974.9297171068266,-1000.0,-1000.0,-1000.0,0.0,0.0,0.0,0.0,0.0,0.0,0.0,0.0,0.0,0.0,0.0,0.0,0.0,0.0,0.0,0.0,0.0,-1000.0,0.0,-929.7359243199857,0.0,0.0,0.0,0.0,0.0,0.0,55.58025467133577,0.0,0.0,0.0,185.88818728110527,0.0,-1000.0,0.0,0.0,0.0,-946.2745605098735,675.8970968533976,390.11979676187934,-53.86599298945305,0.0,0.0,-79.80504269201342,0.0,-3.1331692979051513,-396.3861353576896,0.0,0.0,0.0,1000.0,432.24702301908894,37.59803157486182,0.0,0.0,0.0,0.0,0.0,0.0,0.0,0.0,0.0,0.0,-676.1003699053349,0.0,0.0,0.0,0.0,0.0,0.0,0.0,0.0,-159.11250286077717,0.0,0.0,31.995794005866273,0.0,0.0,0.0,0.0,-49.66467509306733,0.2506535438322732,0.0,0.0,0.0,0.0,0.0,0.0,0.0,0.0,0.0,0.0,0.0,0.0,0.0,0.0,0.0,0.0,0.0,0.0,0.0,0.13785944910807757,0.13785944910807757,0.0,199.13381062486562,0.0,75.19606314972364,0.0,0.0,0.0,1000.0,0.0,0.0,0.0,0.0,0.0,136.92334902516617,-1000.0,0.0,0.0,0.0,0.0,0.0,31.995794005866273,0.0,0.0,0.0,0.0,0.0,0.0,0.0,159.1689593310297,-936.9983226183668,342.3061290340653,73.53870409620312,9.65016143754786,0.0,-980.6441847061425,21.368123751067667,0.0,0.0,13.710290507301181,0.0,87.25867393209884,0.0,0.0,0.0,0.0,0.0,0.0,0.0,0.0,0.0,0.0,0.0,0.0,0.0,0.0,0.0,0.0,0.0,75.19606314972364,373.2031319886155,373.2031319886155,0.0,0.0,0.0,0.0,0.0,0.0,0.0,0.0,0.0,0.0,1.2532677191620607,0.0,0.0,0.0,0.0,0.0,779.2527914302037,0.0,0.0,37.59803157486182,0.0,0.0,0.0,0.0,73.53870409620312,0.0,0.0,0.0,0.0,0.0,634.7184880311012,0.0,0.0,37.59803157486182,37.59803157486182,1000.0,-1000.0,0.0,31.995794005866273,0.0,0.0,0.0,0.0,0.0,-155.97467903499148,0.0,0.0,0.12532677191620603,0.0,0.0,0.0,165.51190613990957,0.0,0.0,959.2760609550749,0.0,-319.458901843655,0.0,0.0,0.0,0.0,9.477927578297308,0.0,0.0,0.0,0.0,0.0,0.0,0.0,0.12532677191620603,0.0,0.0,0.0,0.0,0.0,0.0,0.0,0.0,0.0,0.0,692.0472331666036,0.0,0.0,-566.2029028152537,-9.399507893715455,0.0,-6.266338595810303,0.0,0.0,0.0,0.0,0.0,0.0,0.0,0.0,0.0,0.0,0.0,373.2031319886155,0.0,0.0,0.0,438.5133616148992,0.0,0.0,0.0,-0.12532677191620603,0.0,0.0,0.12532677191620603,0.0,0.12532677191620603,28.433782734891924,370.5451234941736,0.0,75.19606314972364,152.8986617377714,152.8986617377714,0.0,0.0,0.0,0.0,0.0,0.0,0.0,342.3061290340653,0.0,0.0,0.0,0.0,0.0,699.2253073231763,0.0,0.0,0.0,0.0,0.0,0.0,0.0,0.0,0.0,0.0,0.0,0.0,0.0,21.368123751067667,0.0,0.0,0.0,0.18799015787430906,0.0,0.0,0.0,-37.59803157486182,0.0,0.0,0.0,0.0,0.0,-199.13381062486562,6.266338595810303,0.0,0.0,0.0,-234.375,477.4612946139749,-55.58025467133577,-6.266338595810303,0.0,0.0,0.0,0.0,0.0,0.0,0.0,373.2031319886155,0.0,0.0,1000.0,199.13381062486562,0.0,861.4479408752645,-348.9649844779063,636.4669784952679,0.0,0.0,-636.4669784952679,0.0,-657.0995308798132,0.0,6.266338595810303,1000.0,0.0,570.1116634040253,0.0,-159.11250286077717,0.0,0.0,518.984327486519,-518.984327486519,0.0,0.0,0.0,0.0,0.0,208.53331851858107,-227.3323343060124,152.8986617377714,0.0,0.0,0.0,0.0,0.0,0.0,0.0,0.0,0.0,4.035522055703709,0.0,0.0,0.0,-165.51190613990957,101.78659214967085,-801.5883804032555,37.59803157486182,0.0,0.0,0.0,0.0,137.85526147677714,0.0,0.0,0.13785944910807757,0.0,0.0,0.0,76.4493308688857,0.0,0.0,0.0,0.0,330.23948551585977,0.0,0.0,0.0,0.0,0.0,0.0,0.0,0.0,166.52762877126963,0.0,0.012532677191620606,0.012532677191620606,0.0,0.0,0.0,0.0,0.0,28.433782734891924,0.0,0.0,0.0,0.0,0.0,0.0,0.0,0.0,0.0,199.13381062486562,0.0,0.0,0.0,0.0,0.0,0.0,0.0,0.0,0.0,0.0,0.0,0.0,733.925959956372,777.8252799806398,83.78021426927424,0.0,0.0,0.0,75.19606314972364,0.0,0.0,0.0,0.0,0.0,0.0,-75.19606314972364,0.0,0.0,0.0,0.0,0.0,0.0,0.0,0.0,0.0,0.0,0.0,0.0,0.0,-732.5286405447504,785.0741460857773,0.0,-37.59803157486182,0.0,-70.765382767679,0.0,0.0,0.0,0.0,0.0,0.0,0.0,0.0,0.0,0.0,0.0,0.0,0.0,0.0,0.0,0.0,0.0,-15.665846489525759,373.2031319886155,-9.399507893715455,917.1581337354728,0.0,0.0,0.0,0.0,0.0,-1.5665846489525759,0.0,159.11250286077717,0.0,0.0,0.0,0.0,0.0,0.0,0.0,1000.0,37.59803157486182,37.59803157486182,0.0,0.0,0.0,0.0,0.0,0.13785944910807757,199.13381062486562,0.0,0.0,42.33160003278707,0.0,0.0,0.0,0.0,0.0,0.0,0.0,0.0,0.0,0.0,0.0,0.0,0.0,0.0,199.48945311453275,0.0,0.0,0.0,0.0,131.59311051201638,9.65016143754786,0.0,0.0,0.0,0.0,0.0,199.13381062486562,0.0,55.58025467133577,0.0,0.0,0.0,-15.665846489525759,0.0,0.0,0.0,0.0,0.0,0.0,0.0,0.0,0.0,0.0,0.0,0.0,0.0,0.0,0.0,0.0,0.0,0.0,-0.12532677191620603,0.0,0.0,6.266338595810303,-136.92334902516617,0.0,0.0,0.0,0.0,373.2031319886155,0.0,0.0,0.0,-688.4346722611907,3.1331692979051513,0.0,0.0,0.0,0.12532677191620603,0.0,125.32677191620604,-38.85129929402388,25.065354383241214,0.8951912279729004,349.6616936462149,-0.09399507893715453,6.266338595810296,2.5065354383241214,27.80714887531095,-349.6616936462149,37.59803157486182,-0.125326771916206,116.32166149263543,31.995794005866273,0.031331692979051515,0.8951912279729004,-348.9649844779063,-19.95202208906187,-2.5065354383241214,-463.78499901378154,-0.12532677191620606,0.031331692979051515,-349.6616936462149,545.1299327129799,0.12532677191620606,0.12532677191620603,-198.87062440384133,0.13785944910782666,0.0,-0.09399507893715453,37.59803157486182,0.12532677191620606,37.59803157486182,-62.663385958103035,-0.06266338595810303,-302.07003104418743,19.718102430356026,-0.09399507893715453,-0.12532677191620606,-38.85129929402388,0.12532677191620603,12.532677191620605,-2.5065354383241214,21.368123751067667,21.368123751067667,-12.532677191620564,463.78499901378154,-21.368123751067667,25.06535438324121,0.18799015787430906,-1000.0,12.532677191620605,-159.1689593310297,31.995794005866273,-25.06535438324121,0.06266338595810303,1.2532677191620607,171.2895893646885,224.19916500810683,-0.12532677191620603,-227.3323343060124,198.87062440384133,38.85129929402388,0.12532677191620606,19.95202208906187,-650.9935878149405,31.995794005866273,-0.12532677191620603,-0.031331692979051515,-31.995794005866273,-0.12532677191620606,-49.66467509306733,0.12532677191631975,-0.031331692979051515,-0.031331692979051515,-0.031331692979051515,50.13070876648242,62.663385958103035,1.2532677191620607,322.5495542614964,-0.031331692979051515,226.2575172367416,6.266338595810303,31.09867614234397,0.12532677191620603,0.06266338595810303,0.06266338595810303,-131.19887672727376,38.85129929402388,0.12532677191620603,-38.85129929402388,1.2532677191620607,0.12532677191620606,-781.9457184976454,0.12532677191620606,0.5013070876646566,-27.80714887531095,0.06266338595810303,0.031331692979051515,37.59803157486182,-0.12532677191620606,0.0,1.2532677191620607,-645.0991085229928,3.133169297905159,-12.532677191620605,25.06535438324121,6.266338595810303,-0.12532677191620606,348.9649844779063,0.18799015787430906,-0.12532677191620606,262.3977534545475,38.85129929402388,167.26911065560918,0.06266338595810303,-62.19735228468794,-0.12532677191620606,-0.12532677191631975,-0.12532677191620606,0.06266338595810303,349.6616936462149,-25.06535438324121,0.12532677191620603,342.579178729377,-0.031331692979051515,-0.13785944910782666,-342.579178729377,18.799015787430907,-19.718102430356026,237.4329293985089,349.6616936462149,-0.09399507893715453,227.3323343060124,-224.19916500810683,0.12532677191620606,-0.031331692979051515,192.15452587691559,125.32677191620604,-0.06266338595810303,-0.12532677191620606,0.031331692979051515,1000.0,0.0,999.9373366140419,459.39616423614905,-1000.0,0.0,-102.84352441076642,-1000.0,532.5972555213593,191.27236998474626,1000.0,-544.2071662244405,0.0,-95.63618499237313,500.0,-500.0,-532.5972555213593,500.0,-199.13381062486562,-305.1243721323863,0.0,544.2071662244405,-305.1243721323863,102.84352441076642,267.80869310627673,0.0,1496.5981,bhi
294,0.0,0.0,0.0,0.0,0.0,0.0,0.0,0.0,-0.11786223372130099,0.0,0.0,0.0,0.0,0.0,0.0,0.0,608.629338411739,1000.0,0.0,-889.5528830009531,0.0,0.0,0.0,763.5205981469459,0.0,0.0,0.0,0.0,0.0,-663.7009139107493,0.0,0.0,891.16585412686,0.0,0.0,0.0,0.0,-124.83427605529437,0.0,-1000.0,1000.0,0.0,0.0,84.26555542434966,0.0,0.0,0.0,0.0,-29.193979925339427,-550.1709380731415,0.0,0.0,0.0,0.1296484570932006,0.0,0.0,0.0,23.572446744260198,0.0,0.0,93.81293613985207,0.0,0.0,-218.7650744288677,0.0,0.0,0.0,0.0,43.5736983443075,-43.5736983443075,0.0,1.17862233721301,0.0,0.0,0.0,0.0,0.0,0.0,0.0,0.0,0.0,0.0,0.0,0.0,70.7173402327806,0.0,0.0,34.796480267014374,5.602500341674947,0.0,-0.029465558430325247,0.0,0.0,-799.3800229214875,35.3586701163903,0.0,35.3586701163903,0.0,0.0,0.0,0.0,5.893111686065049,-1000.0,0.0,0.0,-106.22939050789948,0.0,319.3638758741021,0.0,0.0,0.0,0.0,0.0,0.0,0.0,0.0,0.0,0.0,0.0,0.0,0.0,0.0,0.0,0.0,-481.16432380897623,0.0,0.0,35.3586701163903,0.0,36.53729245360331,36.53729245360331,0.0,-527.0981461947662,-87.82577804586424,614.9239242406304,-614.9239242406304,0.0,229.40972514278596,-229.40972514278596,-312.5780105687198,0.0,0.0,0.0,0.0,0.0,9.075391996540214,0.11786223372130099,0.0,0.0,0.0,0.0,-226.45262777730633,0.0,0.0,0.0,0.0,780.2342403599057,0.0,0.0,0.0,0.0,0.0,367.3869275302616,367.3869275302616,0.0,0.0,0.0,0.0,0.0,0.0,0.0,367.5047897639829,0.0,0.0,0.0,215.24486037914767,0.0,0.0,0.0,0.0,0.0,0.0,0.0,0.0,0.0,0.0,0.0,0.0,0.0,0.0,0.0,-1000.0,0.0,0.0,0.0,0.0,0.0,550.1709380731415,0.0,-5.602500341674947,5.602500341674947,0.0,0.0,0.0,0.0,0.0,0.0,0.0,336.2990860892508,-693.150632413588,0.0,0.0,0.0,0.0,0.0,0.0,0.0,0.0,0.0,0.0,0.0,0.0,0.0,524.9112549714814,-59.48162899524231,84.26555542434966,0.0,0.0,0.0,312.5780105687198,0.0,0.0,0.0,0.0,0.0,93.81293613985207,0.0,0.0,0.0,0.0,0.0,0.0,0.0,0.0,0.0,3.7951639258217824,0.0,0.0,0.0,0.0,11.205000683349908,0.0,0.0,-84.26555542434966,0.0,0.0,312.5780105687198,-800.3608957125637,0.0,0.0,0.0,-9.135292986172317,0.0,0.0,-797.8521742070375,0.0,0.0,-797.8521742070377,0.0,0.0,0.0,0.0,99.24211631569713,550.1709380731415,0.0,401.91021698963635,0.0,0.0,0.0,-371.0892123339695,0.0,371.0892123339695,0.0,367.2690652965403,0.0,312.5780105687198,0.0,0.0,0.0,0.0,93.81293613985207,-0.17679335058195148,0.0,0.0,0.0,0.0,0.11786223372130099,0.0,0.0,0.0,960.846165957788,608.629338411739,0.0,-70.81959367193298,844.9902129264477,0.0,803.6289574208938,0.0,0.0,0.0,-106.22939050789948,0.0,0.0,0.0,422.47215726747373,168.84943602913557,-591.3215932966093,-94.62116746423445,-1000.0,0.0,0.0,0.0,0.0,0.0,0.0,0.0,0.0,0.0,0.0,0.0,0.0,0.0,0.0,0.0,0.0,0.0,-712.6927570746514,0.0,-1000.0,0.0,411.670070045758,0.0,0.0,0.0,0.0,-12.870555922361996,0.0,0.0,0.0,0.0,0.0,0.0,510.9307145369329,994.106888313935,-2.9465558430325247,-212.42313437344308,0.0,0.0,0.0,0.0,-510.9307145369329,-1000.0,1000.0,0.0,-5.893111686065049,0.0,0.0,302.51997669162864,-389.69736438616474,-667.987363658663,35.3586701163903,0.0,0.0,0.0,0.0,0.0,0.0,0.0,-524.9112549714814,524.9112549714814,524.9112549714814,-452.90162489714527,0.0,0.0,0.0,0.0,0.0,336.2990860892508,0.0,0.0,-124.95213828901564,0.0,0.0,231.7297126954965,0.0,0.0,0.0,0.0,-321.29292688893895,0.23572446744236084,0.0,0.0,0.0,0.0,0.0,0.0,0.0,0.0,0.0,0.0,0.0,0.0,0.0,0.0,0.0,0.0,0.0,0.0,0.0,0.1296484570932006,0.1296484570932006,0.0,74.8753307624379,0.0,70.7173402327806,0.0,0.0,0.0,1000.0,0.0,550.6122363189909,0.0,0.0,0.0,1000.0,-1000.0,0.0,0.0,0.0,0.0,0.0,231.7297126954965,0.0,0.0,0.0,0.0,0.0,0.0,0.0,160.3881079363254,-960.846165957788,226.45262777730633,0.0,9.075391996540214,0.0,0.0,-799.3800229214875,-799.3800229214875,0.0,1000.0,0.0,678.707073111061,0.0,0.0,0.0,524.9112549714814,0.0,0.0,0.0,0.0,0.0,0.0,0.0,0.0,0.0,0.0,0.0,0.0,0.0,70.7173402327806,312.5780105687198,312.5780105687198,0.0,0.0,0.0,0.0,0.0,0.0,0.0,0.0,0.0,0.0,1.17862233721301,0.0,0.0,0.0,0.0,0.0,0.0,0.0,0.0,35.3586701163903,0.0,0.0,0.0,0.0,0.0,0.0,0.0,0.0,0.0,0.0,552.5529695342584,0.0,0.0,35.3586701163903,35.3586701163903,1000.0,-1000.0,0.0,231.7297126954965,0.0,0.0,0.0,0.0,0.0,94.62116746423445,336.2990860892508,319.10159035581376,0.11786223372130099,0.0,0.0,0.0,9.504747276524917,0.0,0.0,799.3800229214875,0.0,0.0,0.0,0.0,0.0,0.0,0.0,0.0,0.0,0.0,0.0,0.0,0.0,0.0,0.11786223372130099,0.0,0.0,0.0,0.0,0.0,0.0,0.0,0.0,411.670070045758,-186.8163681102757,173.9458121879137,0.0,0.0,-287.3072429253487,-8.839667529097575,0.0,-5.893111686065045,0.0,140.62500000000003,140.62500000000003,-140.62500000000003,0.0,0.0,0.0,0.0,0.0,0.0,0.0,312.5780105687198,0.0,0.0,0.0,-359.57427528096935,0.0,0.0,0.0,-0.11786223372130099,0.0,0.0,0.11786223372130099,0.0,0.11786223372130099,0.0,0.0,0.0,70.7173402327806,143.7919251399872,143.7919251399872,0.0,0.0,0.0,0.0,0.0,0.0,0.0,226.45262777730633,0.0,336.2990860892508,0.0,0.0,432.62009559087755,0.0,0.0,0.0,0.0,0.0,0.0,0.0,0.0,0.0,0.0,0.0,0.0,0.0,0.0,0.0,0.0,0.0,0.0,0.17679335058195148,0.0,0.0,0.0,-35.3586701163903,0.0,0.0,0.0,0.0,0.0,-74.8753307624379,5.893111686065049,0.0,0.0,0.0,0.0,0.0,763.3528676796578,-5.893111686065045,0.0,0.0,0.0,0.0,0.0,0.0,0.0,312.5780105687198,0.0,0.0,569.7625466037085,-450.0359242090435,0.0,321.5821468015746,-106.22939050789948,0.0,937.2986798675715,0.0,-937.2986798675715,0.0,-944.1528208525508,0.0,5.893111686065045,468.84205751158146,0.0,0.0,0.0,-124.95213828901564,0.0,0.0,0.0,0.0,0.0,0.0,0.0,0.0,0.0,-17.67933505819525,0.0,143.7919251399872,0.0,-256.65059264628974,-256.65059264628974,256.65059264628974,0.0,0.0,0.0,0.0,0.0,3.7951639258217824,0.0,0.0,101.39433334973074,-9.504747276524917,-1000.0,0.0,35.3586701163903,0.0,0.0,0.0,0.0,-446.8853047460503,0.0,0.0,0.1296484570932006,0.0,0.0,0.0,71.8959625699936,0.0,0.0,0.0,0.0,-59.48162899524231,0.0,0.0,0.0,0.0,0.0,0.0,0.0,0.0,0.0,0.0,0.0117862233721301,0.0117862233721301,0.0,0.0,0.0,0.0,0.0,0.0,0.0,0.0,0.0,0.0,0.0,0.0,0.0,0.0,0.0,74.8753307624379,0.0,0.0,0.0,0.0,0.0,0.0,0.0,550.1709380731415,0.0,0.0,0.0,0.0,397.7539302128826,0.0,1000.0,0.0,0.0,0.0,70.7173402327806,0.0,0.0,0.0,0.0,0.0,0.0,-70.7173402327806,0.0,0.0,0.0,0.0,0.0,0.0,0.0,0.0,0.0,0.0,0.0,0.0,-319.10159035581376,-1000.0,513.3557256899687,-821.5828815990892,786.2242114826989,0.0,286.8357939904636,0.0,0.0,0.0,0.0,0.0,0.0,0.0,0.0,0.0,445.31249999999994,0.0,-445.3125,-445.31249999999994,0.0,0.0,0.0,0.0,-14.73277921516262,312.5780105687198,-8.839667529097575,423.7804280617799,0.0,0.0,0.0,0.0,0.0,780.1710294708295,-781.6443073923457,124.95213828901564,0.0,0.0,0.0,0.0,0.0,0.0,0.0,1000.0,35.3586701163903,35.3586701163903,0.0,0.0,0.0,0.0,0.0,0.1296484570932006,74.8753307624379,0.0,0.0,-286.8357939904636,0.0,0.0,0.0,0.0,0.0,0.0,0.0,0.0,0.0,0.0,0.0,0.0,0.0,0.0,0.0,0.0,0.0,36.53729245360331,0.0,123.75534540736605,0.0,0.0,9.075391996540214,0.0,0.0,0.0,74.8753307624379,0.0,-763.3528676796578,0.0,0.0,0.0,-14.73277921516262,0.0,0.0,0.0,0.0,0.0,0.0,0.0,0.0,0.0,0.0,0.0,0.0,0.0,0.0,0.0,0.0,0.0,0.0,-0.11786223372130099,0.0,0.0,5.893111686065049,-1000.0,0.0,0.0,0.0,0.0,312.5780105687198,0.0,0.0,0.0,-422.47215726747373,2.9465558430325247,0.0,0.0,0.0,0.11786223372130099,0.0,117.86223372130098,0.0,23.5724467442602,0.8418730980092928,401.91021698963635,-0.08839667529097574,5.893111686065026,2.35724467442602,-0.5893111686063758,-401.91021698963635,35.3586701163903,-0.11786223372130099,35.409796835966496,231.7297126954965,0.029465558430325247,0.8418730980092928,-106.2293905078995,-18.763667608427017,-2.35724467442602,-719.0764554107859,-0.11786223372130099,0.029465558430325247,-401.91021698963635,466.825930919118,0.11786223372130099,0.11786223372130099,-74.6278200716234,0.1296484570934311,-1000.0,-0.08839667529097574,35.3586701163903,0.11786223372130099,35.3586701163903,-58.9311168606505,-0.058931116860650494,432.2245406558933,-11.9040856058514,-0.08839667529097575,-0.11786223372130099,0.0,0.11786223372130099,11.786223372130099,-2.35724467442602,0.0,0.0,-11.78622337213011,719.0764554107859,0.0,23.572446744260198,0.1767933505819515,-1000.0,11.786223372130099,-160.3881079363254,231.7297126954965,-23.572446744260198,0.058931116860650494,1.17862233721301,17.704898417983244,-426.4634774647833,-0.11786223372130099,-101.39433334973074,74.6278200716234,36.53729245360331,0.11786223372130099,18.763667608427017,-364.74467531705267,231.7297126954965,-0.11786223372130099,-0.029465558430325247,-231.7297126954965,-0.11786223372130099,-321.29292688893895,0.11786223372152836,-0.029465558430325247,-0.029465558430325247,-0.029465558430325247,47.144893488520395,58.9311168606505,1.17862233721301,391.54745493884303,-0.02946555843032525,0.0,5.893111686065049,166.53957513053453,0.11786223372130099,0.058931116860650494,0.058931116860650494,-28.637925564481545,0.0,0.11786223372130099,0.0,1.17862233721301,0.11786223372130099,-1000.0,0.11786223372130099,0.4714489348850748,0.5893111686063758,0.058931116860650494,0.029465558430325247,35.3586701163903,-0.11786223372130099,1000.0,1.17862233721301,-783.0949098776861,2.94655584303257,-11.786223372130099,23.572446744260198,5.893111686065049,-0.11786223372130099,106.2293905078995,0.17679335058195148,-0.11786223372130099,57.27585112896309,0.0,616.4599748736325,0.058931116860650494,-333.07915026106906,-0.11786223372130099,-0.11786223372152836,-0.11786223372130099,0.058931116860650494,401.91021698963635,-23.572446744260198,0.11786223372130099,35.40979683596649,-0.029465558430325247,-0.1296484570934311,-35.40979683596649,17.679335058195147,11.9040856058514,513.6609607544706,401.91021698963635,-0.08839667529097575,101.39433334973074,426.4634774647833,0.11786223372130099,-0.029465558430325244,5.893111686065045,117.86223372130098,-0.058931116860650494,-0.11786223372130099,0.029465558430325247,0.0,0.0,999.9410688831393,608.452545061157,-214.21165083921312,0.0,457.9293352619093,-1000.0,455.03970754698787,-1000.0,535.5585686607845,-118.70196576852845,0.0,500.0,107.10582541960656,-267.7792843303923,-455.03970754698787,500.0,-74.8753307624379,-169.57467012758227,0.0,118.70196576852845,-169.57467012758227,-457.9293352619093,405.4438936034159,0.0,1496.5981,bhi
295,0.0,0.0,0.0,0.0,0.0,0.0,0.0,0.0,-0.11715345030521962,0.0,0.0,0.0,0.0,0.0,0.0,0.0,0.1757301754578294,0.0,0.0,286.5046028844496,0.0,0.0,0.0,577.9887277876642,0.0,0.0,0.0,0.0,0.0,276.7761855453571,0.0,0.0,349.1249347081535,0.0,0.0,0.0,0.0,999.531386198779,0.0,250.61108869132067,699.9718872188505,0.0,0.0,-389.0423676252271,0.0,0.0,0.0,0.0,-872.188234628841,0.0,0.0,-984.2786865332531,0.0,0.12886879533585743,0.0,0.0,0.0,23.430690061043922,0.0,0.0,13.294968042858523,0.0,57.5418776563559,0.0,0.0,0.0,0.0,0.0,0.0,0.0,0.0,1.1715345030521962,0.0,0.0,0.0,0.0,0.0,0.0,0.0,0.0,0.0,0.0,319.51299064917447,0.0,70.29207018313177,0.0,0.0,-136.00734532091496,500.0,0.0,-0.029288362576304905,0.0,0.0,-573.1670230646442,35.146035091565885,0.0,300.0281127811495,-270.1198069237031,0.0,0.0,319.51299064917447,5.8576725152609805,-421.47781784799776,0.0,0.0,0.0,0.0,0.0,0.0,0.0,0.0,0.0,0.0,0.0,0.0,0.0,0.0,0.0,0.0,0.0,0.0,0.0,0.0,0.0,-458.91472653869926,0.0,0.0,300.0281127811495,0.0,36.317569594618085,18.801963854914884,0.0,0.0,0.0,0.0,0.0,-70.83684569921442,0.0,0.0,0.0,0.0,0.0,0.0,0.0,0.0,-310.4921749756726,0.11715345030521962,0.0,0.0,0.0,-1000.0,713.3387758991046,0.0,0.0,0.0,0.0,1000.0,0.0,0.0,0.0,0.0,0.0,92.70163916020647,92.70163916020647,0.0,0.0,0.0,0.0,-338.1630193404041,0.0,0.0,92.8187926105117,0.0,0.0,0.0,-1000.0,-740.487586651371,0.0,0.0,0.0,0.0,0.0,0.0,0.0,0.0,0.0,-454.0283447890938,0.0,0.0,0.0,0.0,-1000.0,0.0,0.0,0.0,0.0,0.0,0.0,984.2786865332531,-500.0,500.0,0.0,0.0,0.0,0.0,0.0,0.0,0.0,698.2540033933549,-818.8713397048829,0.0,0.0,0.0,0.0,0.0,0.0,0.0,0.0,0.0,0.0,0.0,0.0,0.0,0.0,-401.5953180874331,-389.0423676252271,0.0,0.0,0.0,70.83684569921442,31.179937757948778,0.0,0.0,0.0,0.0,13.294968042858523,0.0,0.0,0.0,0.0,0.0,0.0,0.0,0.0,0.0,567.5682741866178,0.0,264.88207768958364,0.0,0.0,1000.0,-523.9168934165028,0.0,389.0423676252271,0.0,0.0,70.83684569921442,-589.9383797187966,0.0,0.0,0.0,-384.5463988296765,0.0,0.0,168.1457932348303,0.0,0.0,168.1457932348303,0.0,0.0,0.0,0.0,-189.57850369904747,0.0,0.0,333.28211630344373,0.0,0.0,0.0,-1000.0,0.0,1000.0,0.0,92.58448570990126,0.0,70.83684569921442,0.0,0.0,0.0,0.0,13.294968042858523,-0.1757301754578294,0.0,0.0,0.0,0.0,0.11715345030521962,0.0,0.0,0.0,101.22367527428389,0.1757301754578294,0.0,0.0,-210.31886854216464,740.487586651371,1000.0,0.0,0.0,0.0,0.0,0.0,0.0,0.0,-10.086912071279524,0.0,10.086912071279524,45.05294685668303,-1000.0,0.0,0.0,0.0,0.0,0.0,0.0,0.0,0.0,0.0,0.0,0.0,0.0,0.0,0.0,0.0,0.0,0.0,0.0,0.0,-1000.0,0.0,0.0,833.9157400104933,0.0,0.0,0.0,-257.07609921094536,0.0,0.0,0.0,0.0,0.0,760.1327184063567,0.0,-5.8576725152609805,0.0,-760.1327184063567,530.2259608062536,994.142327484739,0.0,-167.83403290725775,0.0,0.0,279.3523165452146,-2.9288362576304903,-1000.0,-608.2281920156489,0.0,103.65277516494359,-935.7577676802532,376.7777941315897,300.0281127811495,0.0,0.0,0.0,0.0,0.0,0.0,0.0,0.0,0.0,0.0,423.88191171626215,0.0,0.0,0.0,0.0,0.0,698.2540033933549,0.0,0.0,-44.24690961349738,0.0,468.75000000000045,0.0,0.0,0.0,0.0,0.0,-988.2846549694781,0.234306900610477,0.0,0.0,0.0,0.0,0.0,0.0,0.0,0.0,0.0,0.0,0.0,0.0,0.0,0.0,0.0,0.0,0.0,0.0,0.0,0.12886879533585743,0.12886879533585743,0.0,288.691664788521,0.0,70.29207018313177,0.0,137.06824073818825,0.0,-475.8881476624531,0.0,0.0,0.0,0.0,0.0,1000.0,475.8881476624531,0.0,0.0,0.0,0.0,0.0,0.0,0.0,0.0,0.0,0.0,0.0,0.0,0.0,152.97157551289976,-101.22367527428389,286.6612241008954,0.0,9.020815673501906,0.0,-973.5858699594343,400.41884689479,369.23890913684124,0.0,1000.0,0.0,11.715345030521961,0.0,0.0,0.0,0.0,0.0,0.0,0.0,0.0,0.0,0.0,0.0,0.0,0.0,0.0,0.0,0.0,0.0,70.29207018313177,70.83684569921442,70.83684569921442,0.0,0.0,0.0,0.0,0.0,0.0,0.0,0.0,0.0,0.0,1.1715345030521962,0.0,0.0,0.0,0.0,0.0,984.2786865332531,0.0,0.0,300.0281127811495,0.0,0.0,0.0,0.0,0.0,0.0,0.0,0.0,0.0,0.0,0.0,0.0,0.0,35.146035091565885,35.146035091565885,1000.0,475.8881476624531,0.0,0.0,0.0,0.0,0.0,0.0,0.0,-623.5751290086853,698.2540033933549,-935.8183154435483,0.11715345030521962,0.0,0.0,0.0,79.51001191556944,552.6873982226939,0.0,573.1670230646442,0.0,0.0,0.0,0.0,0.0,0.0,0.0,0.0,0.0,0.0,0.0,0.0,0.0,0.0,0.11715345030521962,0.0,0.0,0.0,0.0,0.0,0.0,0.0,0.0,0.0,0.0,1000.0,0.0,-423.16035920045204,-1000.0,-8.786508772891471,-5.8576725152609805,0.0,0.0,0.0,0.0,0.0,0.0,0.0,0.0,0.0,0.0,0.0,0.0,70.83684569921442,740.487586651371,0.0,0.0,486.28824181179425,0.0,0.0,0.0,-0.11715345030521962,0.0,0.0,0.11715345030521962,0.0,0.11715345030521962,0.0,0.0,0.0,70.29207018313177,142.92720937236794,142.92720937236794,0.0,0.0,0.0,0.0,0.0,0.0,0.0,286.6612241008954,0.0,698.2540033933549,0.0,0.0,0.0,0.0,0.0,0.0,0.0,0.0,0.0,0.0,0.0,0.0,0.0,0.0,0.0,0.0,0.0,31.179937757948778,0.0,-793.1097020456034,793.1097020456034,0.1757301754578294,0.0,0.0,0.0,-300.0281127811495,0.0,0.0,0.0,0.0,0.0,-288.691664788521,5.8576725152609805,0.0,0.0,0.0,0.0,338.1630193404041,557.9382605715292,0.0,0.0,468.75000000000045,0.0,0.0,0.0,0.0,0.0,70.83684569921442,0.0,0.0,0.0,288.691664788521,0.0,195.77284158326958,552.6873982226939,0.0,300.86216136058385,423.16035920045204,-724.0225205610359,0.0,-732.8655890911646,137.06824073818825,5.8576725152609805,507.0674723339032,0.0,0.0,0.0,-44.24690961349738,218.75000000000367,-218.75000000000367,0.0,0.0,0.0,0.0,0.0,0.0,0.0,694.1646090223287,-257.70928177901817,142.92720937236794,0.0,-203.1237297792971,-203.1237297792971,203.1237297792971,0.0,0.0,0.0,0.0,0.0,567.5682741866178,0.0,0.0,57.34190932817755,-79.51001191556944,-61.66940917309529,0.0,35.146035091565885,0.0,0.0,0.0,0.0,-149.84371372952614,0.0,0.0,0.12886879533585743,0.0,0.0,0.0,71.46360468618397,0.0,0.0,0.0,0.0,-401.5953180874331,0.0,0.0,0.0,0.0,0.0,0.0,0.0,0.0,-39.656907941265644,0.0,0.011715345030521962,0.011715345030521962,0.0,0.0,0.0,0.0,0.0,0.0,0.0,0.0,0.0,0.0,0.0,0.0,0.0,0.0,0.0,288.691664788521,0.0,0.0,0.0,0.0,0.0,0.0,0.0,0.0,0.0,0.0,0.0,0.0,710.0065346893462,-500.6385232486162,0.0,0.0,0.0,0.0,70.29207018313177,0.0,0.0,0.0,0.0,0.0,0.0,-70.29207018313177,0.0,0.0,0.0,0.0,0.0,0.0,0.0,0.0,0.0,0.0,0.0,0.0,935.8183154435483,-1000.0,80.25011345907546,-613.233798374848,313.20568559369855,0.0,999.531386198779,0.0,0.0,0.0,0.0,0.0,0.0,0.0,0.0,0.0,0.0,0.0,0.0,0.0,0.0,0.0,0.0,137.06824073818825,-14.644181288152453,70.83684569921442,-8.786508772891471,248.92277300612656,0.0,0.0,0.0,0.0,0.0,592.7556913611777,-594.220109489993,44.24690961349738,0.0,0.0,0.0,0.0,0.0,0.0,0.0,1000.0,35.146035091565885,35.146035091565885,0.0,0.0,0.0,0.0,0.0,0.12886879533585743,288.691664788521,0.0,0.0,-999.531386198779,0.0,0.0,0.0,0.0,0.0,0.0,0.0,0.0,0.0,0.0,0.0,0.0,0.0,0.0,396.5548510228017,0.0,0.0,18.801963854914884,0.0,123.0111228204806,9.020815673501906,0.0,0.0,0.0,0.0,0.0,288.691664788521,0.0,0.0,0.0,0.0,0.0,-14.644181288152453,0.0,0.0,0.0,0.0,0.0,0.0,0.0,0.0,0.0,0.0,0.0,0.0,0.0,0.0,0.0,0.0,0.0,0.0,-0.11715345030521962,0.0,0.0,5.857672515261015,-1000.0,0.0,0.0,0.0,0.0,70.83684569921442,0.0,0.0,0.0,10.086912071279524,2.9288362576304903,0.0,0.0,0.0,0.11715345030521962,0.0,117.15345030521961,-17.5156057397032,23.430690061043922,0.8368103593229972,364.4620540613925,-0.0878650877289147,5.8576725152609805,2.3430690061043924,-0.5857672515261356,-364.4620540613925,35.146035091565885,-0.11715345030521962,0.0,0.0,0.029288362576304905,0.8368103593229972,0.0,-18.650829288590614,-2.3430690061043924,-286.6803330599074,-0.11715345030521962,0.029288362576304905,-364.4620540613925,11.715345030521961,0.11715345030521962,0.11715345030521962,-288.4456425428799,0.12886879533574158,-784.7221914549377,-0.0878650877289147,35.146035091565885,0.11715345030521962,300.0281127811495,206.30535253697383,-0.05857672515260981,-215.27780854506233,-43.01243623877596,-0.0878650877289147,-0.11715345030521962,-17.5156057397032,0.11715345030521962,11.715345030521961,-2.3430690061043924,31.179937757948778,31.179937757948778,-11.715345030521961,286.6803330599074,-31.179937757948778,23.430690061043922,0.1757301754578294,231.05392888872166,11.715345030521961,-152.97157551289976,0.0,-23.430690061043922,0.05857672515260981,1.1715345030521962,0.0,312.12235484956494,-0.11715345030521962,-315.05119110719573,288.4456425428799,36.317569594618085,0.11715345030521962,18.650829288590614,-405.4662180558471,0.0,-0.11715345030521962,-0.029288362576304905,0.0,-0.11715345030521962,-988.2846549694781,0.11715345030521962,-0.029288362576304905,-0.029288362576304905,-0.029288362576304905,46.861380122087844,-206.30535253697383,1.1715345030521962,86.79606249487873,-0.029288362576304905,0.0,5.8576725152609805,500.0,0.11715345030521962,0.05857672515260981,0.05857672515260981,-23.70307781908525,17.5156057397032,0.11715345030521962,-17.5156057397032,1.1715345030521962,0.11715345030521962,-86.79606249487873,0.11715345030521962,0.468613801220954,0.5857672515261356,0.05857672515260981,0.029288362576304905,35.146035091565885,-0.11715345030521962,784.7221914549377,1.1715345030521962,-173.59212498975745,2.9288362576304907,-11.715345030521961,23.430690061043922,5.8576725152609805,-0.11715345030521962,0.0,0.1757301754578294,-0.11715345030521962,47.4061556381705,17.5156057397032,406.76733931333985,0.05857672515260981,-1000.0,-0.11715345030521962,-0.11715345030521962,-0.11715345030521962,0.05857672515260981,364.4620540613925,-23.430690061043922,0.11715345030521962,0.0,-0.029288362576304905,-0.12886879533574158,0.0,17.57301754578294,43.01243623877596,-693.0742992974533,364.4620540613925,-0.0878650877289147,315.05119110719573,-312.12235484956494,0.11715345030521962,-0.029288362576304905,5.8576725152609805,117.15345030521961,-0.05857672515260981,-0.11715345030521962,0.029288362576304905,1000.0,0.0,-231.11250561387428,0.0,133.7443443472652,0.0,787.1656637787273,200.97337226279495,0.0,806.4257783303473,-1000.0,67.4576924565819,0.0,-403.21288916517364,-66.8721721736326,500.0,0.0,-100.48668613139748,-288.691664788521,-256.9236255838137,0.0,-67.4576924565819,-256.9236255838137,-787.1656637787273,590.4582684020262,0.0,1496.5981,bhi
296,0.0,0.0,0.0,0.0,0.0,0.0,0.0,0.0,-0.10128900379889053,0.0,0.0,0.0,0.0,0.0,0.0,0.0,449.60811344835616,-1000.0,0.0,523.4429982384942,0.0,0.0,0.0,838.0388829255741,0.0,0.0,0.0,0.0,0.0,-621.4115131689738,0.0,0.0,464.90926900198406,0.0,0.0,0.0,0.0,999.5948439848044,0.0,-1000.0,1000.0,0.0,0.0,0.0,0.0,0.0,0.0,0.0,171.80339972061768,0.0,0.0,0.0,0.0,0.11141790417855191,0.0,0.0,0.0,0.0,0.0,0.0,-8.920184934555664,0.0,-145.00090118416392,-153.9210861187196,0.0,0.0,0.0,0.0,566.4378909010177,-566.4378909010177,0.0,1.0128900379889054,0.0,0.0,0.0,0.0,0.0,0.0,0.0,0.0,0.0,0.0,16.125209404783405,0.0,60.77340227933432,0.0,0.0,0.0,0.0,-262.60899643173457,-0.025322250949722635,0.0,0.0,324.1539214798656,30.38670113966716,0.0,30.38670113966716,-881.582360767161,0.0,0.0,16.125209404783405,897.9190668916277,-621.4115131689738,0.0,0.0,-22.54101630683556,0.0,0.0,0.0,0.0,0.0,0.0,0.0,0.0,0.0,0.0,0.0,0.0,0.0,0.0,0.0,0.0,0.0,0.0,-1000.0,0.0,0.0,30.38670113966716,0.0,31.399591177656063,0.0,0.0,0.0,0.0,0.0,0.0,0.0,0.0,0.0,0.0,0.0,0.0,0.0,0.0,0.0,-8.32595611226884,0.10128900379889053,0.0,0.0,0.0,0.0,0.0,0.0,0.0,197.02687944350077,0.0,391.12565078791295,0.0,0.0,0.0,0.0,0.0,486.1694793405794,486.1694793405794,0.0,0.0,0.0,-78.125,-884.8944147253467,0.0,0.0,486.2707683443783,0.0,0.0,0.0,-832.89413156631,-834.1231915846229,0.0,0.0,0.0,0.0,0.0,0.0,0.0,0.0,0.0,-316.6532341216731,0.0,0.0,0.0,0.0,-1000.0,0.0,0.0,0.0,0.0,0.0,0.0,0.0,828.1966002793823,-828.1966002793823,0.0,0.0,0.0,0.0,0.0,0.0,0.0,0.0,-32.91892623463942,0.0,0.0,0.0,0.0,0.0,0.0,0.0,0.0,0.0,0.0,0.0,0.0,0.0,0.0,450.2139375279801,0.0,0.0,0.0,0.0,0.0,324.1539214798656,0.0,0.0,0.0,0.0,-8.920184934555664,0.0,0.0,0.0,0.0,0.0,0.0,0.0,0.0,0.0,15.138994478672611,20.257800759778107,0.0,0.0,-171.80339972061768,-1000.0,1000.0,0.0,0.0,0.0,0.0,0.0,-876.4274153653536,0.0,0.0,0.0,-10.208243432864776,0.0,0.0,-139.99589375390565,860.0041062460942,860.0041062460942,-1000.0,0.0,0.0,828.1966002793823,0.0,179.83619879725882,0.0,0.0,-41.55760088096099,0.0,0.0,0.0,-1000.0,0.0,1000.0,0.0,486.06819033678056,0.0,0.0,0.0,-78.125,0.0,0.0,-8.920184934555664,-0.1519335056983358,0.0,0.0,0.0,0.0,0.10128900379889053,0.0,0.0,0.0,630.3203829017946,449.60811344835616,0.0,-867.1311707417581,593.2742732579524,834.1231915846229,962.9320189622525,0.0,-676.1482649436458,0.0,-22.54101630683556,0.0,0.0,0.0,297.7284152508047,-178.74510821406386,557.164957906905,12.508131614961826,-1000.0,0.0,0.0,0.0,0.0,0.0,0.0,0.0,0.0,0.0,0.0,0.0,0.0,0.0,0.0,0.0,0.0,0.0,0.0,0.0,-1000.0,0.0,0.0,893.4598493235094,0.0,0.0,0.0,-6.813038366403816,0.0,0.0,0.0,0.0,892.8546167016832,-1000.0,-984.3749999999997,541.1553358025463,425.5881084606803,612.3072173130462,864.8442832003835,-24.722655016570574,-1000.0,0.0,984.3749999999997,-992.6470943433326,-634.0757754718571,-428.12033355565256,19.658204826626047,396.1603283343409,0.0,-65.83785246927884,984.2303493672285,0.0,30.38670113966716,0.0,0.0,0.0,587.5910405617935,0.0,0.0,0.0,0.0,0.0,0.0,-468.9858295429687,0.0,0.0,0.0,0.0,0.0,0.0,0.0,0.0,-17.840369869111328,0.0,0.0,67.45468217741467,0.0,0.0,0.0,0.0,419.82723638831294,0.20257800759766875,0.0,0.0,0.0,0.0,0.0,0.0,0.0,0.0,0.0,0.0,0.0,0.0,0.0,0.0,0.0,0.0,0.0,0.0,0.0,0.11141790417855191,0.11141790417855191,0.0,291.96617348631094,0.0,60.77340227933432,0.0,0.0,0.0,1000.0,0.0,0.0,0.0,0.0,0.0,-106.39993700900533,-1000.0,0.0,0.0,940.3543572668217,0.0,0.0,67.45468217741467,0.0,0.0,0.0,0.0,0.0,0.0,0.0,333.3333333333333,-630.3203829017946,0.0,0.0,7.799253292514566,0.0,0.0,324.1539214798656,0.0,0.0,-106.39993700900533,0.0,313.4272993793076,0.0,0.0,0.0,0.0,0.0,0.0,0.0,0.0,0.0,0.0,0.0,0.0,0.0,0.0,0.0,0.0,0.0,60.77340227933432,0.0,0.0,0.0,0.0,0.0,0.0,0.0,0.0,0.0,0.0,0.0,0.0,1.0128900379889054,0.0,0.0,0.0,0.0,0.0,0.0,0.0,0.0,30.38670113966716,-940.3543572668217,0.0,0.0,0.0,0.0,0.0,0.0,0.0,0.0,0.0,0.0,0.0,0.0,30.38670113966716,30.38670113966716,1000.0,-1000.0,0.0,67.45468217741467,0.0,0.0,0.0,0.0,0.0,-391.09661844598804,0.0,-379.6222624656371,0.10128900379889053,0.0,0.0,0.0,133.7665993741205,0.0,0.0,-324.1539214798656,0.0,0.0,0.0,0.0,0.0,0.0,0.0,0.0,0.0,0.0,0.0,0.0,0.0,0.0,0.10128900379889053,0.0,0.0,0.0,0.0,0.0,0.0,0.0,0.0,0.0,0.0,1000.0,-197.02687944350077,-113.35318904289431,-1000.0,-7.596675284916788,-5.064450189944527,0.0,0.0,921.875,921.875,-921.875,0.0,0.0,0.0,0.0,0.0,0.0,0.0,0.0,834.1231915846229,0.0,0.0,-60.77340227933432,0.0,0.0,0.0,-0.10128900379889053,0.0,0.0,0.10128900379889053,0.0,0.10128900379889053,0.0,0.0,0.0,60.77340227933432,123.57258463464645,123.57258463464645,0.0,0.0,0.0,0.0,0.0,0.0,0.0,0.0,0.0,0.0,0.0,0.0,0.0,306.44939847788896,0.0,0.0,0.0,0.0,0.0,0.0,0.0,0.0,0.0,0.0,0.0,0.0,0.0,324.1539214798656,0.0,0.0,0.0,0.1519335056983358,0.0,0.0,0.0,-30.38670113966716,0.0,0.0,0.0,0.0,0.0,-291.96617348631094,5.064450189944527,0.0,0.0,0.0,78.125,884.8944147253467,-993.1869616335962,0.0,0.0,0.0,0.0,0.0,0.0,0.0,0.0,0.0,0.0,940.3543572668217,-551.6551103977783,291.96617348631094,0.0,979.7421992402219,-22.54101630683556,0.0,-1000.0,113.35318904289431,886.6468109571057,197.02687944350077,-1000.0,0.0,5.064450189944527,606.3301578352323,0.0,0.0,0.0,-17.840369869111328,0.0,0.0,1000.0,-1000.0,0.0,0.0,0.0,0.0,0.0,301.4598835518394,0.0,123.57258463464645,0.0,0.0,0.0,0.0,0.0,0.0,0.0,0.0,0.0,15.138994478672611,0.0,0.0,314.7561993410614,-133.7665993741205,0.0,0.0,30.38670113966716,0.0,0.0,0.0,0.0,288.64837018244424,0.0,0.0,0.11141790417855191,0.0,0.0,0.0,61.78629231732322,0.0,0.0,0.0,0.0,450.2139375279801,0.0,0.0,0.0,0.0,0.0,0.0,0.0,0.0,-294.9558710953274,0.0,0.010128900379889054,0.010128900379889054,0.0,0.0,0.0,0.0,0.0,0.0,0.0,0.0,0.0,0.0,0.0,0.0,0.0,0.0,0.0,291.96617348631094,0.0,0.0,0.0,0.0,0.0,0.0,0.0,0.0,0.0,0.0,0.0,0.0,774.2988236530825,1000.0,-1000.0,0.0,0.0,0.0,60.77340227933432,0.0,0.0,0.0,0.0,0.0,0.0,-60.77340227933432,0.0,0.0,0.0,0.0,0.0,0.0,0.0,0.0,0.0,0.0,0.0,0.0,379.6222624656371,-1000.0,375.83236608012896,-568.475668885312,538.0889677456448,0.0,999.5948439848044,0.0,0.0,0.0,0.0,0.0,0.0,0.0,0.0,0.0,0.0,0.0,0.0,0.0,0.0,0.0,0.0,0.0,-12.661125474861315,0.0,-900.4512919866,298.8527231929721,0.0,0.0,0.0,0.0,0.0,-1.2661125474861317,0.0,214.8672493126121,0.0,0.0,0.0,0.0,0.0,0.0,0.0,1000.0,30.38670113966716,30.38670113966716,0.0,0.0,0.0,0.0,0.0,0.11141790417855191,291.96617348631094,0.0,0.0,-999.5948439848044,0.0,0.0,0.0,0.0,0.0,0.0,0.0,0.0,0.0,0.0,0.0,0.0,0.0,0.0,0.0,0.0,0.0,0.0,0.0,106.35345398883506,0.0,0.0,7.799253292514566,0.0,0.0,0.0,291.96617348631094,0.0,1000.0,0.0,0.0,0.0,-12.661125474861315,0.0,0.0,0.0,0.0,0.0,0.0,0.0,0.0,0.0,0.0,0.0,0.0,0.0,0.0,0.0,0.0,0.0,0.0,-0.10128900379889053,0.0,0.0,5.064450189944527,106.39993700900533,0.0,0.0,0.0,0.0,0.0,0.0,0.0,0.0,-297.7284152508047,2.5322250949722633,0.0,0.0,0.0,0.10128900379889053,0.0,101.28900379889052,-31.399591177656063,20.257800759778107,0.7234928842777896,282.5963205989046,-0.07596675284916789,451.49175854078624,2.025780075977811,-0.5064450189945342,-282.5963205989046,30.38670113966716,-0.10128900379889051,7.51367210227852,67.45468217741467,0.025322250949722635,0.7234928842777896,-22.54101630683556,-16.125209404783405,-2.025780075977811,26.948888313149723,-0.10128900379889051,0.025322250949722635,-282.5963205989046,10.128900379889053,0.10128900379889051,0.10128900379889053,-291.7534665783335,0.11141790417877956,0.0,-0.07596675284916789,30.38670113966716,0.10128900379889053,30.38670113966716,-50.64450189944527,-0.05064450189944527,-346.04361817424183,-334.38411086355353,-0.0759667528491679,-0.10128900379889051,-31.399591177656063,0.10128900379889053,10.128900379889053,-2.025780075977811,324.1539214798656,324.1539214798656,-10.128900379889053,-26.948888313149723,-324.1539214798656,20.257800759778103,0.15193350569833577,0.0,10.128900379889053,-333.3333333333333,67.45468217741467,-20.257800759778107,0.05064450189944526,1.0128900379889054,216.78279268543952,312.223974246089,-0.10128900379889053,-314.7561993410614,291.7534665783335,31.399591177656063,0.10128900379889051,16.125209404783405,-54.09212238125384,67.45468217741467,-0.10128900379889053,-0.025322250949722635,-67.45468217741467,-0.10128900379889051,419.82723638831294,0.1012890037990042,-0.025322250949722635,-0.025322250949722635,-0.025322250949722635,40.51560151955621,50.64450189944527,1.0128900379889054,254.36778230527207,-0.025322250949722635,426.0519132686005,5.064450189944527,-204.84916800421195,0.10128900379889053,0.05064450189944527,0.050644501899445256,43.85624146859639,31.399591177656063,0.10128900379889053,-31.399591177656063,1.0128900379889054,0.10128900379889051,-613.018365536813,0.10128900379889051,0.4051560151956437,0.5064450189945342,0.05064450189944527,0.025322250949722635,30.38670113966716,-0.10128900379889053,0.0,1.0128900379889054,-508.73556461054415,448.9595334458138,-10.128900379889053,20.257800759778107,5.064450189944527,-0.10128900379889051,22.54101630683556,0.15193350569833577,-0.10128900379889051,-87.71248293719277,31.399591177656063,14.716239998817343,0.05064450189944526,409.6983360084239,-0.10128900379889053,-0.1012890037990042,-0.10128900379889051,0.050644501899445256,282.5963205989046,-20.257800759778107,0.10128900379889053,433.56558537087903,-0.025322250949722635,-0.11141790417877956,-433.56558537087903,15.193350569833576,334.38411086355353,-421.35306144576856,282.5963205989046,-0.0759667528491679,314.7561993410614,-312.223974246089,0.10128900379889051,-0.025322250949722645,5.064450189944527,101.28900379889052,-0.05064450189944527,-0.10128900379889051,0.025322250949722635,1000.0,0.0,-565.6382483495472,358.65058323154096,656.3379158599407,0.0,494.1314664737911,-489.6887722927749,0.0,-102.8769933242761,-116.32199547176737,-1000.0,-565.5876038476478,51.43849666213805,-328.16895792997036,58.16099773588368,0.0,244.84438614638745,-291.96617348631094,-303.3646101812616,565.5876038476478,1000.0,-303.3646101812616,-494.1314664737911,269.04734423757793,0.0,1496.5981,bhi
297,0.0,0.0,0.0,0.0,0.0,0.0,0.0,0.0,-0.01525335387276999,0.0,0.0,0.0,0.0,0.0,0.0,0.0,-321.0920716297536,-602.2514560032218,0.0,1000.0,0.0,0.0,0.0,211.61625867079857,0.0,768.1671027754574,0.0,0.0,0.0,-362.2962026297265,0.0,0.0,0.0,0.0,0.0,0.0,0.0,-249.74835989149202,0.0,-1000.0,883.0020665137391,0.0,0.0,0.0,0.0,0.0,231.2829946937929,0.0,-316.61172574051983,-426.92637275443514,0.0,0.0,0.0,0.016778689260062075,0.0,0.0,0.0,0.0,0.0,0.0,-1.343312031061771,0.0,1.343312031061771,0.0,0.0,0.0,0.0,0.0,0.0,0.0,0.0,0.1525335387276999,0.0,0.0,0.0,0.0,0.0,0.0,0.0,0.0,0.0,0.0,33.47090703269618,0.0,9.152012323661994,0.0,0.0,1000.0,88.43046099946842,321.1149516605628,-0.0038133384681924977,0.0,0.0,0.0,4.576006161830997,0.0,116.99793348626088,0.0,652.656505014908,0.0,33.47090703269618,182.1811857961461,-1000.0,0.0,0.0,0.0,0.0,0.0,0.0,0.0,0.0,0.0,0.0,0.0,0.0,0.0,0.0,0.0,0.0,0.0,0.0,0.0,0.0,0.0,-768.1671027754574,0.0,0.0,116.99793348626088,0.0,4.728539700558696,0.0,0.0,-489.4994688502045,489.4994688502045,0.0,0.0,0.0,0.0,0.0,0.0,0.0,0.0,0.0,0.0,0.0,-32.296398784492894,0.01525335387276999,0.0,0.0,0.0,-786.9044407218836,0.0,0.0,0.0,933.2044012308453,0.0,93.46880230095215,0.0,0.0,0.0,0.0,0.0,-231.26774133992012,-231.26774133992012,0.0,0.0,0.0,-984.375,-228.1511503567092,0.0,0.0,-231.25248798604736,0.0,0.0,0.0,667.7051177573342,0.0,0.0,0.0,0.0,0.0,0.0,0.0,0.0,0.0,0.0,0.0,0.0,0.0,0.0,0.0,-1000.0,0.0,0.0,0.0,0.0,0.0,426.92637275443514,0.0,-7.496725742793312,7.496725742793312,0.0,0.0,0.0,0.0,0.0,0.0,0.0,637.7037973702735,-332.45129923136324,0.0,0.0,0.0,0.0,0.0,0.0,0.0,0.0,0.0,0.0,0.0,0.0,0.0,1000.0,-6.5924995438110745,1000.0,0.0,0.0,0.0,0.0,0.0,0.0,0.0,0.0,0.0,-1.343312031061771,1000.0,0.0,0.0,0.0,0.0,0.0,0.0,0.0,0.0,0.4911579947030786,3.050670774553998,112.42192732442987,0.0,0.0,95.92718674226174,675.8915485166868,0.0,-1000.0,0.0,0.0,0.0,-245.6007310993301,0.0,0.0,0.0,-106.92599615572999,0.0,0.0,-288.31005168337674,-196.56143335804472,0.0,711.6899483166233,-803.4385666419553,1000.0,80.9337352566751,0.0,-293.13645600549535,426.92637275443514,0.0,42.55685730502827,0.0,0.0,0.0,-128.31243514726626,0.0,128.31243514726626,0.0,0.0,0.0,0.0,0.0,-984.375,0.0,0.0,-1.343312031061771,-0.022880030809154985,0.0,0.0,0.0,0.0,0.01525335387276999,0.0,0.0,0.0,882.5109085190361,-321.0920716297536,0.0,0.0,411.51030934051664,0.0,1000.0,0.0,729.6457854681657,0.0,0.0,0.0,0.0,0.0,-1.313313768445511,-707.7938307100354,-20.53864098968479,-1000.0,-705.8698367528349,0.0,0.0,0.0,0.0,0.0,0.0,0.0,0.0,0.0,0.0,0.0,0.0,0.0,0.0,0.0,0.0,0.0,1000.0,0.0,698.8010203538217,0.0,550.8863261221792,0.0,1000.0,0.0,0.0,31.805240789789814,0.0,652.656505014908,0.0,0.0,181.41851810250762,707.7938307100354,-1000.0,408.5280732551077,0.0,0.0,0.0,-149.8909014405611,0.0,0.0,1000.0,-1000.0,-824.7841816499472,-0.38133384681924976,149.1282337469226,84.1051649532044,0.0,891.7139196777616,0.0,-263.9248023247887,116.99793348626088,0.0,0.0,0.0,639.954506626209,0.0,0.0,0.0,-1000.0,1000.0,1000.0,-389.96325727358084,0.0,0.0,0.0,0.0,0.0,637.7037973702735,0.0,0.0,-2.686624062123542,0.0,0.0,0.0,0.0,0.0,0.0,0.0,-910.4948737519555,0.030506707745550164,0.0,0.0,0.0,0.0,0.0,0.0,0.0,0.0,0.0,0.0,0.0,0.0,0.0,0.0,0.0,0.0,0.0,0.0,0.0,0.016778689260062075,0.016778689260062075,0.0,0.0,0.0,9.152012323661994,0.0,0.0,0.0,1000.0,0.0,0.0,0.0,0.0,0.0,700.0115167853328,-1000.0,0.0,0.0,0.0,0.0,0.0,0.0,0.0,0.0,0.0,0.0,0.0,0.0,0.0,256.05570092515245,-882.5109085190361,786.9044407218836,0.0,1.1745082482032891,0.0,0.0,0.0,0.0,0.0,700.0115167853328,0.0,607.9937623282307,-818.4771192948534,0.0,0.0,1000.0,0.0,0.0,0.0,0.0,0.0,0.0,0.0,0.0,0.0,0.0,0.0,0.0,0.0,9.152012323661994,0.0,0.0,0.0,0.0,0.0,0.0,0.0,0.0,0.0,0.0,0.0,0.0,0.1525335387276999,0.0,0.0,0.0,0.0,0.0,0.0,0.0,0.0,116.99793348626088,0.0,0.0,0.0,0.0,0.0,0.0,0.0,0.0,0.0,0.0,-28.20345131075171,0.0,0.0,4.576006161830997,4.576006161830997,135.0841207397914,-1000.0,0.0,0.0,0.0,0.0,0.0,0.0,0.0,1000.0,637.7037973702735,896.3392384633013,0.01525335387276999,0.0,0.0,-203.12500000000006,223.2692328395461,560.6024495880724,0.0,0.0,0.0,0.0,0.0,0.0,0.0,0.0,0.0,0.0,0.0,0.0,0.0,0.0,0.0,0.0,0.01525335387276999,0.0,0.0,0.0,-1000.0,1000.0,0.0,0.0,0.0,550.8863261221792,0.0,684.4617458046978,-933.2044012308453,0.0,-301.19897964617826,-1.1440015404577493,-0.7626676936385001,0.0,0.0,-640.625,-640.6249999999999,640.625,0.0,0.0,0.0,0.0,0.0,0.0,0.0,0.0,0.0,0.0,0.0,628.5517850466115,0.0,0.0,0.0,-0.01525335387276999,0.0,0.0,0.01525335387276999,0.0,0.01525335387276999,0.0,0.0,0.0,9.152012323661994,18.609091724779386,18.609091724779386,0.0,0.0,0.0,0.0,0.0,0.0,0.0,786.9044407218836,0.0,637.7037973702735,0.0,0.0,0.0,0.0,0.0,0.0,0.0,0.0,0.0,0.0,0.0,0.0,0.0,0.0,0.0,0.0,0.0,0.0,0.0,-768.1671027754574,768.1671027754574,0.022880030809154985,0.0,0.0,0.0,-116.99793348626088,0.0,0.0,0.0,0.0,0.0,0.0,0.7626676936384995,0.0,0.0,0.0,984.375,228.1511503567092,-31.805240789789814,0.0,0.0,0.0,0.0,0.0,0.0,0.0,0.0,0.0,0.0,0.0,-517.7029201609562,-1000.0,0.0,-195.4605092574756,560.6024495880724,0.0,0.0,652.656505014908,-652.656505014908,933.2044012308453,-264.2098228241095,0.0,0.7626676936385001,940.7163148380919,0.0,0.0,0.0,-2.686624062123542,-1000.0,1000.0,1000.0,-1000.0,0.0,0.0,0.0,0.0,0.0,1.1440015404577493,-3.43200462137321,18.609091724779386,0.0,0.0,0.0,0.0,0.0,0.0,0.0,0.0,0.0,0.4911579947030786,0.0,0.0,0.0,-20.14423283954602,0.0,0.0,4.576006161830997,0.0,0.0,0.0,0.0,-447.876697912384,0.0,0.0,0.016778689260062075,0.0,0.0,0.0,9.304545862389693,0.0,0.0,0.0,0.0,-6.5924995438110745,0.0,0.0,0.0,0.0,0.0,0.0,0.0,0.0,0.0,0.0,0.0015253353872769992,0.0015253353872769992,0.0,0.0,0.0,0.0,0.0,0.0,0.0,0.0,0.0,-203.12500000000006,0.0,0.0,0.0,0.0,0.0,0.0,0.0,0.0,0.0,0.0,0.0,0.0,0.0,426.92637275443514,0.0,0.0,0.0,0.0,86.9089687739459,-338.8412937794683,-602.2514560032218,0.0,0.0,0.0,9.152012323661992,0.0,0.0,0.0,0.0,0.0,120.59322275358882,-129.7452350772508,0.0,0.0,0.0,0.0,0.0,0.0,0.0,0.0,0.0,0.0,0.0,0.0,-602.2090752161362,-1000.0,10.448547402847442,0.0,-116.99793348626088,0.0,301.1379662306872,0.0,0.0,0.0,0.0,0.0,0.0,0.0,0.0,0.0,382.81249999999994,0.0,-382.8125,-382.81249999999994,0.0,0.0,0.0,0.0,-1.9066692340962494,0.0,-182.56251964296536,2.288003080915473,0.0,0.0,0.0,0.0,0.0,0.0,-0.19066692340962488,935.8910252929688,0.0,0.0,0.0,0.0,0.0,0.0,0.0,1000.0,4.576006161830997,4.576006161830997,0.0,0.0,0.0,0.0,0.0,0.016778689260062075,0.0,0.0,0.0,-301.1379662306872,0.0,0.0,0.0,0.0,0.0,0.0,0.0,0.0,0.0,0.0,0.0,0.0,0.0,0.0,0.0,0.0,0.0,0.0,0.0,16.01602156640849,0.0,0.0,1.1745082482032891,0.0,0.0,0.0,0.0,0.0,31.04257309615131,0.0,0.0,0.0,-1.9066692340962494,0.0,0.0,0.0,0.0,0.0,0.0,0.0,0.0,0.0,0.0,0.0,0.0,0.0,0.0,0.0,0.0,0.0,0.0,-0.01525335387276999,0.0,0.0,0.7626676936384995,-700.0115167853328,0.0,0.0,0.0,0.0,0.0,0.0,0.0,0.0,1.313313768445511,0.38133384681924976,0.0,0.0,768.1671027754574,0.01525335387276999,0.0,15.253353872769988,-4.728539700558696,3.050670774553998,0.10895252766264278,42.55685730502827,-0.011440015404577493,591.4719267448922,0.30506707745539985,-0.07626676936382637,-42.55685730502827,4.576006161830997,-0.01525335387276999,0.0,0.0,0.0038133384681924977,0.10895252766264278,0.0,-2.4283339365448704,-0.30506707745539985,-76.65647236702455,-0.015253353872769992,0.0038133384681924977,-42.55685730502827,1.525335387276999,0.01525335387276999,0.01525335387276999,0.03203204313283207,0.01677868926004699,-349.8924241638831,-0.011440015404577493,4.576006161830997,0.01525335387276999,116.99793348626088,104.79525038804488,-0.007626676936384995,256.423621862931,-1.540588741149769,-0.011440015404577493,-0.01525335387276999,-4.728539700558696,0.01525335387276999,1.525335387276999,-0.30506707745539985,0.0,0.0,-1.525335387276999,76.65647236702455,0.0,3.050670774553998,0.022880030809154985,-1000.0,1.525335387276999,-256.05570092515245,0.0,-3.050670774553998,0.007626676936384995,0.1525335387276999,0.0,-996.949329225446,-0.01525335387276999,-3.43200462137321,-0.03203204313283207,4.728539700558696,0.015253353872769992,2.4283339365448704,-130.72595197175386,0.0,-0.01525335387276999,-0.0038133384681924977,0.0,-0.01525335387276999,-910.4948737519555,0.015253353872765274,-0.0038133384681924977,-0.0038133384681924977,-0.0038133384681924977,6.101341549107996,-104.79525038804488,0.1525335387276999,11.300828550488157,-0.0038133384681924977,0.0,0.7626676936384995,456.01010456961626,0.01525335387276999,0.007626676936384995,0.007626676936384995,1.525335387276999,4.728539700558696,0.01525335387276999,-4.728539700558696,0.1525335387276999,0.01525335387276999,-11.300828550488157,0.01525335387276999,0.06101341549109198,0.07626676936382637,0.007626676936384995,0.0038133384681924977,4.576006161830997,-0.01525335387276999,349.8924241638831,0.15253353872769992,-22.601657100976315,591.090592898073,-1.525335387276999,3.050670774553998,0.7626676936384995,-0.01525335387276999,0.0,0.022880030809154985,-0.01525335387276999,-3.050670774553998,4.728539700558696,559.6177502211713,0.007626676936384995,-912.0202091392325,-0.01525335387276999,-0.015253353872765274,-0.01525335387276999,0.007626676936384995,42.55685730502827,-3.050670774553998,0.01525335387276999,0.0,-0.0038133384681924977,-0.01677868926004699,0.0,2.288003080915498,1.540588741149769,-240.12372708509966,42.55685730502827,-0.011440015404577493,3.43200462137321,996.949329225446,0.015253353872769992,-0.0038133384681924972,0.7626676936385001,15.253353872769988,-0.007626676936384995,-0.015253353872769992,0.0038133384681924977,1000.0,0.0,597.9436864058257,0.0,-1000.0,0.0,1000.0,560.2653504674842,0.0,-1000.0,-813.6443697152546,979.3142792048052,-402.0486869172379,500.0,500.0,406.8221848576273,0.0,-280.1326752337421,0.0,-111.74105230878733,402.0486869172379,-979.3142792048052,-111.74105230878733,-1000.0,564.6003082922384,0.0,1496.5981,bhi
298,0.0,0.0,0.0,0.0,0.0,0.0,0.0,0.0,-0.015855173051784275,0.0,0.0,0.0,0.0,0.0,0.0,0.0,-1000.0,1000.0,0.0,719.6817044295838,0.0,0.0,0.0,0.0,0.0,627.0502330277257,0.0,0.0,0.0,-357.7880587994442,0.0,0.0,0.0,0.0,0.0,0.0,0.0,-257.26616646118424,0.0,-1000.0,1000.0,0.0,0.0,269.39547653926525,0.0,0.0,0.0,0.0,759.4386695505771,-708.4206779889536,0.0,-328.95391270960187,0.0,0.0174406903572617,0.0,0.0,0.0,3.1710346103568554,0.0,0.0,-80.00270287174708,0.0,-435.48117398280084,-671.9487389136275,0.0,0.0,0.0,0.0,498.6191755348044,-175.03037200124737,0.0,0.15855173051784277,0.0,0.0,0.0,0.0,0.0,0.0,0.0,0.0,0.0,0.0,0.0,0.0,9.513103831070566,0.0,130.76134465134686,-1000.0,205.1581200297788,630.0077377396904,-0.003963793262946069,0.0,0.0,414.3563301791893,4.756551915535283,0.0,4.756551915535283,0.0,0.0,0.0,0.0,0.7927586525892137,-357.7880587994442,0.0,0.0,0.0,0.0,1.617227651281996,0.0,0.0,0.0,0.0,0.0,0.0,0.0,0.0,0.0,0.0,0.0,0.0,0.0,0.0,0.0,0.0,-934.7638752223827,0.0,0.0,4.756551915535283,0.0,4.915103646053126,4.915103646053126,0.0,0.0,0.0,0.0,0.0,0.0,0.0,0.0,-156.4648620590796,0.0,0.0,0.0,0.0,0.0,131.98219297633426,0.015855173051784275,0.0,0.0,0.0,-975.4475892934433,975.4475892934433,0.0,0.0,202.33444313435598,0.0,-360.4432729288656,0.0,0.0,0.0,0.0,0.0,693.054472432484,693.054472432484,0.0,0.0,0.0,0.0,1000.0,0.0,0.0,693.0703276055358,0.0,0.0,0.0,39.58882163034775,-150.53918394057632,0.0,0.0,0.0,0.0,0.0,0.0,0.0,0.0,0.0,0.0,0.0,0.0,0.0,0.0,-238.5839118253097,0.0,0.0,0.0,0.0,0.0,708.4206779889536,328.95391270960187,-835.1658577694692,835.1658577694692,0.0,0.0,0.0,0.0,0.0,0.0,0.0,0.0,-1000.0,0.0,0.0,0.0,0.0,0.0,0.0,0.0,0.0,0.0,0.0,0.0,0.0,0.0,307.74505811782075,-190.7208755932703,269.39547653926525,0.0,0.0,0.0,156.4648620590796,0.0,0.0,0.0,0.0,0.0,-80.00270287174708,0.0,0.0,0.0,0.0,0.0,0.0,0.0,0.0,0.0,0.5105365722671422,0.0,0.0,0.0,-1000.0,40.32397779924803,-746.7732755092904,0.0,-269.39547653926525,0.0,0.0,156.4648620590796,1000.0,0.0,0.0,0.0,235.07677545837456,0.0,0.0,160.71167031211257,160.71167031211257,562.8889530591152,0.0,0.0,402.17728274700266,-630.0077377396904,0.0,796.1232643999356,708.4206779889536,0.0,54.066140106584385,0.0,0.0,0.0,0.0,0.0,0.0,0.0,1000.0,0.0,156.4648620590796,-218.8789026703837,0.0,0.0,0.0,-80.00270287174708,-0.02378275957767641,0.0,0.0,0.0,0.0,0.015855173051784275,0.0,0.0,0.0,233.3168233375073,-1000.0,0.0,0.0,-683.3661543273797,150.53918394057632,850.8997308182068,0.0,0.0,0.0,0.0,0.0,0.0,0.0,-1.3651303997589248,72.89377817147556,-71.52864777171663,0.0,-1000.0,0.0,0.0,0.0,0.0,0.0,0.0,0.0,0.0,0.0,0.0,0.0,0.0,0.0,0.0,0.0,0.0,0.0,1000.0,0.0,807.2056979107474,0.0,449.99704785823053,0.0,0.0,0.0,0.0,-132.49272954860146,0.0,0.0,0.0,0.0,0.0,0.0,0.0,576.0978436595641,0.0,-571.51295370628,-624.6919836118748,-0.7927586525892137,0.0,50.179657257489104,0.0,-576.8906023121533,536.8528945871801,-0.39637932629460687,0.0,613.1793411309882,0.0,0.353216931738075,0.0,0.0,4.756551915535283,0.0,0.0,0.0,0.0,0.0,0.0,0.0,-307.74505811782075,307.74505811782075,307.74505811782075,-206.86103043144425,0.0,0.0,-699.2454166946084,0.0,0.0,0.0,0.0,0.0,-54.947578499880024,0.0,0.0,153.85682109732858,0.0,0.0,0.0,0.0,-195.4774275088056,0.031710346102954645,0.0,0.0,0.0,0.0,0.0,0.0,0.0,0.0,0.0,323.58880353355704,0.0,0.0,0.0,0.0,0.0,0.0,0.0,0.0,0.0,0.0174406903572617,0.0174406903572617,0.0,250.86987434687498,0.0,9.513103831070566,0.0,0.0,0.0,1000.0,0.0,0.0,130.76134465134686,0.0,0.0,-253.35791781699868,-1000.0,0.0,0.0,0.0,0.0,0.0,153.85682109732858,0.0,0.0,0.0,0.0,0.0,0.0,0.0,311.5879584074609,-233.3168233375073,0.0,0.0,131.98219297633426,0.0,414.3563301791893,0.0,0.0,0.0,-253.35791781699868,0.0,-448.83534532580427,0.0,0.0,0.0,307.74505811782075,0.0,0.0,0.0,0.0,0.0,0.0,0.0,0.0,0.0,0.0,0.0,0.0,0.0,9.513103831070566,156.4648620590796,156.4648620590796,0.0,0.0,0.0,0.0,0.0,0.0,0.0,0.0,0.0,0.0,0.15855173051784277,0.0,0.0,130.76134465134686,-130.76134465134686,0.0,328.95391270960187,0.0,0.0,4.756551915535283,0.0,0.0,0.0,0.0,0.0,0.0,0.0,0.0,0.0,0.0,1000.0,-709.467364734418,0.0,4.756551915535283,4.756551915535283,937.5019463397975,-1000.0,0.0,153.85682109732858,0.0,0.0,0.0,0.0,0.0,-642.2119412005559,0.0,-168.66984900682954,0.015855173051784275,0.0,0.0,0.0,1.2786064553903174,195.4774275088056,0.0,-414.3563301791893,0.0,0.0,0.0,0.0,0.0,0.0,0.0,0.0,0.0,0.0,0.0,0.0,0.0,0.0,0.015855173051784275,0.0,0.0,0.0,1000.0,-1000.0,0.0,0.0,0.0,449.99704785823053,0.0,-132.49272954860146,-202.33444313435598,0.0,-192.7943020892526,-1.1891379788838206,-0.7927586525892137,0.0,0.0,0.0,0.0,0.0,0.0,0.0,0.0,0.0,0.0,0.0,0.0,156.4648620590796,150.53918394057632,0.0,0.0,1.1459755843272887,0.0,0.0,0.0,-0.015855173051784275,0.0,0.0,0.015855173051784275,0.0,0.015855173051784275,0.0,0.0,0.0,9.513103831070566,19.343311123176818,19.343311123176818,0.0,0.0,0.0,0.0,0.0,0.0,0.0,0.0,0.0,0.0,0.0,0.0,0.0,0.0,0.0,0.0,0.0,0.0,0.0,0.0,0.0,0.0,0.0,0.0,0.0,0.0,0.0,0.0,0.0,-627.0502330277257,627.0502330277257,0.02378275957767641,0.0,0.0,0.0,-4.756551915535283,0.0,0.0,0.0,0.0,0.0,-250.86987434687498,0.7927586525892137,0.0,0.0,0.0,0.0,-1000.0,-518.3298038727888,0.0,0.0,0.0,0.0,0.0,0.0,0.0,0.0,156.4648620590796,0.0,0.0,600.8543184219901,-56.87518377094577,0.0,-60.516157028729424,195.4774275088056,0.0,-650.8225334213903,0.0,650.8225334213903,202.33444313435598,980.6566888768232,0.0,0.7927586525892137,797.7857324734821,0.0,0.0,0.0,-316.47026780257374,-31.24999999999656,31.24999999999656,0.0,0.0,0.0,0.0,0.0,0.0,0.0,0.0,-2.3782759577675847,19.343311123176818,0.0,0.0,0.0,0.0,0.0,0.0,0.0,0.0,0.0,0.5105365722671422,0.0,0.0,252.0590123257588,-324.8674099889474,0.0,0.0,4.756551915535283,130.76134465134686,0.0,0.0,0.0,-343.3302602728752,0.0,0.0,0.0174406903572617,0.0,0.0,0.0,9.671655561588409,0.0,0.0,0.0,0.0,-190.7208755932703,0.0,0.0,0.0,0.0,0.0,0.0,0.0,0.0,0.0,0.0,0.0015855173051784275,0.0015855173051784275,0.0,0.0,0.0,0.0,0.0,0.0,0.0,0.0,0.0,0.0,0.0,0.0,0.0,0.0,0.0,250.86987434687498,0.0,0.0,0.0,0.0,0.0,0.0,0.0,708.4206779889536,0.0,0.0,0.0,261.5226893026937,0.0,604.1975510896982,1000.0,0.0,0.0,0.0,9.513103831070566,0.0,0.0,0.0,0.0,0.0,990.4868961689294,-1000.0,0.0,261.5226893026937,0.0,0.0,0.0,0.0,0.0,0.0,0.0,0.0,0.0,0.0,168.6698490068295,-1000.0,10.860793540472232,-4.756551915535283,0.0,0.0,192.7308813970463,0.0,0.0,0.0,0.0,0.0,0.0,0.0,0.0,0.0,335.9375,0.0,-335.9375,-335.9375,0.0,0.0,0.0,0.0,-1.9818966314730342,156.4648620590796,-1.1891379788838206,1.1891379788838208,0.0,0.0,0.0,0.0,0.0,-218.01452366448942,217.8163340013421,257.282021634236,0.0,0.0,0.0,0.0,0.0,0.0,0.0,1000.0,4.756551915535283,4.756551915535283,0.0,0.0,0.0,0.0,0.0,0.0174406903572617,250.86987434687498,0.0,0.0,-192.7308813970463,0.0,0.0,0.0,0.0,0.0,0.0,0.0,0.0,0.0,0.0,0.0,0.0,0.0,0.0,0.0,0.0,0.0,4.915103646053126,0.0,16.64793170437349,131.98219297633426,0.0,0.0,0.0,0.0,0.0,250.86987434687498,0.0,517.5370452201996,0.0,0.0,0.0,-1.9818966314730342,0.0,0.0,0.0,0.0,0.0,0.0,0.0,0.0,0.0,0.0,0.0,0.0,0.0,0.0,0.0,0.0,0.0,0.0,-0.015855173051784275,0.0,0.0,0.7927586525892137,253.35791781699868,0.0,0.0,0.0,0.0,156.4648620590796,0.0,0.0,0.0,1.3651303997589248,0.39637932629460687,0.0,0.0,627.0502330277257,0.015855173051784275,0.0,15.855173051784275,0.0,3.1710346103568554,0.1132512360841734,54.066140106584385,-0.011891379788838205,0.7927586525892139,0.31710346103568554,-0.07927586525809147,-54.066140106584385,4.756551915535283,-0.015855173051784275,0.0,153.85682109732858,0.003963793262946069,0.1132512360841734,0.0,-133.28548820119067,-0.31710346103568554,-719.6817044295838,-0.015855173051784275,0.003963793262946069,-54.066140106584385,1.5855173051784277,0.015855173051784275,0.015855173051784275,-250.83657848346593,-130.7439039609899,0.0,-0.011891379788838205,4.756551915535283,0.015855173051784275,4.756551915535283,-7.9275865258921385,-0.007927586525892137,360.4432729288656,-1.601372478230212,-0.011891379788838205,-0.015855173051784275,0.0,0.015855173051784275,1.5855173051784277,-0.31710346103568554,0.0,0.0,-1.5855173051784277,719.6817044295838,0.0,3.171034610356855,0.02378275957767641,-1000.0,1.5855173051784277,-311.5879584074609,153.85682109732858,-3.1710346103568554,0.007927586525892137,0.15855173051784277,0.0,-53.70414916058891,-0.015855173051784275,-254.43728828352639,250.83657848346593,4.915103646053126,0.015855173051784275,133.28548820119067,134.83061343518727,153.85682109732858,-0.015855173051784275,-0.003963793262946069,-153.85682109732858,-0.015855173051784275,-195.4774275088056,0.015855173051784313,-0.003963793262946069,-0.003963793262946069,-0.003963793262946069,6.342069220713711,7.9275865258921385,0.15855173051784277,326.7386788247961,-0.003963793262946069,0.0,0.7927586525892137,98.53147240699201,0.015855173051784275,0.007927586525892137,0.007927586525892137,0.2814968243029199,0.0,0.015855173051784275,0.0,0.15855173051784277,0.015855173051784275,-956.7226338049088,0.015855173051784275,0.0634206922063072,0.07927586525809147,0.007927586525892137,0.003963793262946069,4.756551915535283,-0.015855173051784275,0.0,0.15855173051784277,-653.4773576495922,0.3963793262946067,-1.5855173051784277,3.1710346103568554,0.7927586525892137,-0.015855173051784275,0.0,0.02378275957767641,-0.015855173051784275,-0.5629936486058398,0.0,439.8440550689734,0.007927586525892137,-197.06294481398402,-0.015855173051784275,-0.015855173051784313,-0.015855173051784275,0.007927586525892137,54.066140106584385,-3.1710346103568554,0.015855173051784275,0.0,-0.003963793262946069,130.7439039609899,0.0,2.378275957767641,1.601372478230212,826.6782032163096,54.066140106584385,-0.011891379788838205,254.43728828352639,53.70414916058891,0.015855173051784275,-0.00396379326294607,0.7927586525892137,15.855173051784275,-0.007927586525892137,-0.015855173051784275,0.003963793262946069,149.30473614684547,0.0,999.9920724134741,629.9839549801127,-687.045717165685,0.0,422.45218162559917,195.12702818436085,0.0,412.8020770837974,8.212568312281803,57.34512241837257,0.0,-206.4010385418987,343.5228585828425,-4.106284156140902,0.0,-97.56351409218043,-250.86987434687498,-96.51379479609815,0.0,-57.34512241837257,-96.51379479609815,-422.45218162559917,143.01802544261673,0.0,1496.5981,bhi
299,0.0,0.0,0.0,0.0,0.0,0.0,0.0,0.0,-0.032227857019427084,0.0,0.0,0.0,0.0,0.0,0.0,0.0,1000.0,-624.2048525218381,0.0,-3.237286369332253,0.0,0.0,0.0,1000.0,0.0,686.1630446888556,0.0,0.0,0.0,389.5606962371678,0.0,0.0,344.8573876006272,0.0,0.0,0.0,0.0,999.8710885719227,0.0,-1000.0,775.7815360680759,0.0,0.0,0.0,0.0,0.0,0.0,0.0,-996.7627136306678,0.0,0.0,0.0,0.0,0.03545064272134442,0.0,0.0,0.0,0.0,0.0,0.0,72.26557025519656,0.0,0.0,-153.04574033492486,0.0,0.0,0.0,0.0,671.9316671138657,123.86697332287203,0.0,0.32227857019427086,0.0,0.0,0.0,0.0,0.0,0.0,0.0,0.0,0.0,0.0,0.0,0.0,19.336714211656254,0.0,0.0,1000.0,0.0,-630.6794252605026,764.3479054332374,0.0,0.0,0.0,9.668357105828127,0.0,224.21846393192408,-942.7793189219876,0.0,0.0,0.0,805.6655540568131,389.5606962371678,0.0,0.0,-348.33672885909164,0.0,0.0,0.0,0.0,0.0,0.0,0.0,0.0,0.0,0.0,0.0,0.0,0.0,0.0,0.0,0.0,0.0,0.0,-744.2191661653709,0.0,0.0,224.21846393192408,0.0,9.990635676022396,0.0,0.0,-109.37148822000336,109.37148822000336,0.0,0.0,-225.31131059012142,0.0,0.0,0.0,0.0,0.0,0.0,0.0,0.0,2.481544990495884,0.032227857019427084,764.3559623974922,0.0,0.0,-765.2950225415478,0.0,0.0,0.0,0.0,0.0,484.07810698242974,0.0,0.0,0.0,0.0,0.0,-673.4893367197859,-673.4893367197859,0.0,0.0,0.0,0.0,1000.0,0.0,0.0,-673.4571088627665,0.0,0.0,0.0,753.4834195689828,0.0,0.0,0.0,0.0,0.0,0.0,0.0,0.0,0.0,0.0,-137.83971187264387,0.0,0.0,0.0,0.0,-573.4527465427175,0.0,0.0,0.0,0.0,0.0,0.0,0.0,630.6794252605026,-630.6794252605026,225.31131059012142,0.0,0.0,0.0,0.0,0.0,0.0,0.0,-720.0411477992157,0.0,0.0,0.0,0.0,0.0,0.0,0.0,0.0,0.0,0.0,0.0,0.0,0.0,403.98458408935244,637.6974163559158,-392.7979826065,0.0,0.0,0.0,0.0,-225.31131059012142,0.0,0.0,0.0,0.0,72.26557025519656,-392.7979826065,0.0,0.0,0.0,0.0,0.0,0.0,0.0,0.0,0.0,6.445571403885417,214.55010682609594,0.0,-176.94234256867486,-807.6217678291775,633.9167116298348,0.0,392.7979826065,0.0,0.0,225.31131059012142,-128.15418018048092,0.0,0.0,0.0,-78.35180105331494,0.0,0.0,-1000.0,22.55103656530389,50.64949126788872,-50.64949126788872,-971.9015452974152,1000.0,630.6794252605026,0.0,0.0,0.0,0.0,89.91572108420156,0.0,0.0,0.0,-1000.0,0.0,1000.0,0.0,-673.5215645768054,0.0,0.0,-68.37787665830726,0.0,0.0,0.0,72.26557025519656,-0.048341785529140625,0.0,0.0,0.0,0.0,0.032227857019427084,0.0,0.0,0.0,349.23428261079334,1000.0,0.0,-232.2244859060611,437.670770163355,0.0,1000.0,0.0,2.7748184893726466,0.0,-348.33672885909164,0.0,0.0,0.0,-2.7748184893726466,0.0,0.0,-1000.0,-1000.0,0.0,0.0,0.0,0.0,0.0,0.0,0.0,0.0,0.0,0.0,0.0,0.0,0.0,0.0,0.0,0.0,0.0,0.0,0.0,-1000.0,0.0,0.0,941.7415819259624,0.0,0.0,0.0,-2.481544990495884,0.0,0.0,0.0,465.6666730484209,804.0541612058418,0.0,109.37500000000075,-187.36222984421562,0.0,-671.9316671138657,1000.0,0.0,0.0,-509.06148252507944,-109.37500000000075,-216.2762436096766,1000.0,-0.8056964254856771,-1.6113928509713542,-1000.0,0.0,1000.0,129.8152668556974,-675.7720878061327,224.21846393192408,0.0,0.0,0.0,0.0,0.0,0.0,0.0,-403.98458408935244,403.98458408935244,403.98458408935244,885.6138892898462,0.0,0.0,0.0,0.0,0.0,0.0,0.0,0.0,-80.7801700797283,0.0,593.7500000000002,0.0,0.0,0.0,0.0,0.0,-351.8160701175561,0.06445571403848974,0.0,0.0,0.0,0.0,0.0,0.0,0.0,0.0,0.0,795.7986404367377,0.0,0.0,0.0,0.0,0.0,0.0,0.0,0.0,0.0,0.03545064272134442,0.03545064272134442,0.0,0.0,0.0,19.336714211656254,0.0,783.76798845945,0.0,1000.0,0.0,0.0,0.0,0.0,0.0,1000.0,-1000.0,0.0,0.0,0.0,0.0,0.0,0.0,0.0,0.0,0.0,0.0,0.0,0.0,0.0,248.07305538845696,-349.23428261079334,765.2950225415478,0.0,2.481544990495884,0.0,0.0,0.0,0.0,0.0,1000.0,0.0,1000.0,-351.8160701175561,0.0,0.0,403.98458408935244,0.0,0.0,0.0,0.0,0.0,0.0,0.0,0.0,0.0,0.0,0.0,0.0,0.0,19.336714211656254,225.31131059012142,225.31131059012142,0.0,0.0,0.0,0.0,0.0,0.0,0.0,0.0,0.0,0.0,0.32227857019427086,0.0,0.0,0.0,0.0,0.0,0.0,0.0,0.0,224.21846393192408,0.0,0.0,0.0,0.0,0.0,0.0,0.0,0.0,0.0,0.0,884.060177629882,0.0,0.0,9.668357105828125,9.668357105828125,1000.0,-1000.0,0.0,0.0,0.0,0.0,0.0,0.0,0.0,610.4393037628322,0.0,689.19395302889,0.032227857019427084,0.0,0.0,42.56148917372767,0.0,0.0,0.0,0.0,0.0,0.0,0.0,0.0,0.0,0.0,0.0,0.0,0.0,0.0,0.0,0.0,0.0,0.0,0.032227857019427084,0.0,0.0,0.0,0.0,0.0,0.0,0.0,0.0,0.0,0.0,939.2600369354665,0.0,0.0,-1000.0,-2.4170892764570318,-1.6113928509713542,0.0,0.0,0.0,0.0,0.0,0.0,0.0,0.0,0.0,0.0,0.0,0.0,225.31131059012142,0.0,0.0,0.0,325.8393050448386,0.0,0.0,0.0,-0.032227857019427084,0.0,0.0,0.032227857019427084,0.0,0.032227857019427084,0.0,0.0,0.0,19.336714211656254,39.31798556370105,39.31798556370105,0.0,0.0,0.0,0.0,0.0,0.0,0.0,765.2950225415478,0.0,0.0,0.0,0.0,0.0,0.0,0.0,0.0,0.0,0.0,0.0,0.0,0.0,0.0,0.0,0.0,0.0,0.0,0.0,0.0,0.0,-686.1630446888556,686.1630446888556,0.048341785529140625,0.0,0.0,0.0,-224.21846393192408,0.0,0.0,0.0,0.0,0.0,0.0,1.6113928509713542,0.0,0.0,0.0,0.0,-1000.0,-518.9058467861066,0.0,0.0,593.7500000000002,0.0,0.0,0.0,0.0,0.0,225.31131059012142,0.0,0.0,1000.0,-403.98458408935244,0.0,283.98733432821274,-348.33672885909164,0.0,-521.3873917766025,0.0,521.3873917766025,0.0,-167.4721657441819,783.76798845945,1.6113928509713542,874.7432109082949,0.0,0.0,0.0,-80.7801700797283,0.0,0.0,0.0,0.0,0.0,0.0,0.0,0.0,0.0,140.2568011491009,-7.251267829371088,39.31798556370105,0.0,0.0,0.0,0.0,0.0,0.0,0.0,0.0,0.0,0.0,0.0,0.0,0.0,-838.3601296104654,-926.8381269474648,0.0,9.668357105828127,0.0,0.0,0.0,0.0,-297.8043275789637,0.0,0.0,0.03545064272134442,0.0,0.0,0.0,19.65899278185052,0.0,0.0,0.0,0.0,637.6974163559158,0.0,0.0,0.0,0.0,0.0,0.0,0.0,0.0,0.0,0.0,0.003222785701942801,0.003222785701942801,0.0,0.0,0.0,0.0,0.0,0.0,0.0,0.0,0.0,42.56148917372767,0.0,0.0,0.0,0.0,0.0,0.0,0.0,0.0,0.0,0.0,0.0,0.0,0.0,0.0,0.0,0.0,0.0,0.0,1000.0,0.0,-624.2048525218381,0.0,0.0,0.0,19.336714211656254,0.0,0.0,0.0,0.0,0.0,0.0,-19.336714211656254,0.0,0.0,0.0,0.0,0.0,0.0,0.0,0.0,0.0,0.0,0.0,0.0,-689.19395302889,0.0,22.076082058307563,0.0,-224.21846393192408,0.0,999.8710885719227,0.0,0.0,0.0,0.0,0.0,0.0,0.0,0.0,0.0,0.0,0.0,0.0,0.0,0.0,0.0,0.0,783.76798845945,-4.028482127428386,225.31131059012142,-806.4712504822987,4.834178552914074,0.0,0.0,0.0,0.0,0.0,-0.4028482127428386,0.0,80.7801700797283,0.0,0.0,0.0,0.0,0.0,0.0,0.0,1000.0,9.668357105828125,9.668357105828125,0.0,0.0,0.0,0.0,0.0,0.03545064272134442,0.0,0.0,0.0,-999.8710885719227,0.0,0.0,0.0,0.0,0.0,0.0,0.0,0.0,0.0,0.0,0.0,0.0,0.0,0.0,0.0,0.0,0.0,0.0,0.0,33.83924987039845,0.0,0.0,2.481544990495884,0.0,0.0,0.0,0.0,0.0,516.25671693911,0.0,0.0,0.0,-4.028482127428386,0.0,0.0,0.0,0.0,0.0,0.0,0.0,0.0,0.0,0.0,0.0,0.0,0.0,0.0,0.0,0.0,0.0,0.0,-0.032227857019427084,0.0,0.0,1.6113928509713542,-1000.0,0.0,0.0,0.0,0.0,225.31131059012142,0.0,0.0,0.0,2.7748184893726466,0.8056964254856771,0.0,0.0,686.1630446888556,0.032227857019427084,0.0,32.227857019427084,-9.990635676022396,6.445571403885417,0.23019897871019346,89.91572108420156,-0.024170892764570313,403.63847345389223,0.6445571403885417,-0.1611392850967377,-89.91572108420156,9.668357105828125,-0.032227857019427084,116.11224295303055,0.0,0.008056964254856771,0.23019897871019346,-348.33672885909164,-5.130674837492506,-0.6445571403885417,-372.5578611088297,-0.032227857019427084,0.008056964254856771,-89.91572108420156,3.2227857019427084,0.032227857019427084,0.032227857019427084,0.0676784997407715,0.035450642721369885,0.0,-0.024170892764570313,9.668357105828125,0.032227857019427084,224.21846393192408,198.43617831638238,-0.016113928509713542,212.5953507357535,222.0562970311593,-0.024170892764570313,-0.032227857019427084,-9.990635676022396,0.032227857019427084,3.2227857019427084,-0.6445571403885417,0.0,0.0,-3.2227857019427084,372.5578611088297,0.0,6.445571403885417,0.048341785529140625,-245.34471258299845,3.2227857019427084,-248.07305538845696,0.0,-6.445571403885417,0.016113928509713542,0.32227857019427086,58.05612147651527,-397.539012685467,-0.032227857019427084,-7.251267829371088,-0.0676784997407715,9.990635676022396,0.03222785701942721,5.130674837492506,-253.22353524940857,0.0,-0.032227857019427084,-0.008056964254856771,0.0,-0.032227857019427084,-351.8160701175561,0.032227857019427084,-0.008056964254856771,-0.008056964254856771,-0.008056964254856771,12.891142807770834,-198.43617831638238,0.32227857019427086,296.9841013305886,-0.008056964254856771,0.0,1.6113928509713542,177.5194279097494,0.032227857019427084,0.016113928509713542,0.016113928509713542,3.2227857019427084,9.990635676022396,0.032227857019427084,-9.990635676022396,0.32227857019427086,0.032227857019427084,-843.1986768532316,0.032227857019427084,0.12891142807734396,0.1611392850967377,0.016113928509713542,0.008056964254856771,9.668357105828125,-0.032227857019427084,0.0,0.32227857019427086,-593.9682026611772,402.83277702840655,-3.2227857019427084,6.445571403885417,1.6113928509713542,-0.032227857019427084,348.33672885909164,0.048341785529140625,-0.032227857019427084,-6.445571403885417,9.990635676022396,499.41951557000175,0.016113928509713542,-355.0388558194988,-0.032227857019427084,-0.032227857019427084,-0.032227857019427084,0.016113928509713542,89.91572108420156,-6.445571403885417,0.032227857019427084,116.11224295303055,-0.008056964254856771,-0.035450642721369885,-116.11224295303055,4.834178552914063,-222.0562970311593,-190.43310750068858,89.91572108420156,-0.024170892764570313,7.251267829371088,397.539012685467,0.032227857019427084,-0.008056964254856771,467.27806589939223,32.227857019427084,-0.016113928509713542,-0.03222785701942721,0.008056964254856771,1000.0,0.0,245.32859865448873,546.214575522643,-646.1072529908116,0.0,-77.1358126209692,-693.9063520998482,0.0,725.452654193799,-543.72273183464,474.8621168094497,0.0,-362.7263270968995,323.0536264954058,271.86136591732,0.0,346.9531760499241,0.0,-201.61518799103803,0.0,-474.8621168094497,-201.61518799103803,77.1358126209692,86.43246846324833,0.0,1496.5981,bhi
300,0.0,0.0,0.0,0.0,0.0,0.0,0.0,0.0,115.20405807752685,0.0,0.0,0.0,0.0,0.0,0.0,0.0,1000.0,643.4873897662842,0.0,-1000.0,0.0,0.0,0.0,0.0,0.0,0.0,0.0,0.0,0.0,-544.6406630131346,0.0,0.0,897.864098068992,0.0,0.0,0.0,0.0,235.88256403344224,0.0,-1000.0,918.2133062427656,0.0,0.0,0.0,0.0,0.0,0.0,0.0,-1000.0,0.0,0.0,0.0,0.0,0.14013448851528665,0.0,0.0,0.0,25.47899791201484,0.0,0.0,114.14990365044609,0.0,-719.3754795340267,-1000.0,0.0,0.0,0.0,0.0,0.0,0.0,0.0,1.273949895600742,0.0,0.0,0.0,0.0,0.0,0.0,0.0,0.0,0.0,0.0,0.0,0.0,76.43699373604453,0.0,6.2223189744365355,349.3552679161361,0.0,-705.8678781498519,767.1826009518592,0.0,0.0,287.2976530021597,38.218496868022264,0.0,345.41641636405774,0.0,0.0,0.0,0.0,816.3402204203176,-1000.0,0.0,0.0,-43.52921510817029,0.0,932.3604142304259,0.0,0.0,0.0,0.0,0.0,0.0,0.0,0.0,0.0,0.0,0.0,0.0,0.0,0.0,0.0,0.0,-974.2873779670012,0.0,0.0,345.41641636405774,0.0,39.49244676362301,0.0,0.0,0.0,0.0,0.0,0.0,0.0,188.22917542835745,-188.22917542835745,-394.7744241164194,0.0,0.0,0.0,0.0,0.0,16.03173317056225,0.1273949895600742,767.2144496992491,0.0,0.0,0.0,-25.47899791201484,0.0,0.0,0.0,0.0,701.6716166028342,0.0,0.0,0.0,0.0,0.0,284.85678056094787,284.85678056094787,0.0,0.0,0.0,0.0,-1000.0,0.0,0.0,284.9841755505079,0.0,0.0,0.0,-703.2457817247786,0.0,0.0,0.0,0.0,0.0,0.0,0.0,0.0,0.0,0.0,-389.78514791053624,0.0,0.0,0.0,0.0,-1000.0,0.0,0.0,0.0,0.0,0.0,0.0,0.0,705.8678781498519,-705.8678781498519,0.0,0.0,0.0,0.0,0.0,0.0,0.0,455.35933698686534,389.75067148777197,0.0,0.0,0.0,0.0,0.0,0.0,0.0,0.0,0.0,0.0,0.0,0.0,0.0,0.0,181.70108212872393,544.6406630131346,0.0,0.0,0.0,394.7744241164194,0.0,0.0,0.0,0.0,0.0,114.14990365044609,544.6406630131346,0.0,0.0,0.0,0.0,0.0,0.0,0.0,0.0,4.102118663833608,0.0,307.19791949603547,0.0,-294.1321218501481,-1000.0,55.223146065987976,0.0,-544.6406630131346,0.0,0.0,394.7744241164194,1000.0,0.0,0.0,0.0,-375.2215943839535,0.0,0.0,-1000.0,0.0,0.0,-1000.0,0.0,0.0,705.8678781498519,0.0,1000.0,0.0,0.0,355.43202087260704,0.0,0.0,0.0,0.0,0.0,0.0,0.0,1000.0,0.0,394.7744241164194,0.0,0.0,0.0,0.0,114.14990365044609,-0.1910924843401113,0.0,0.0,0.0,0.0,0.1273949895600742,0.0,0.0,0.0,650.4814649721086,1000.0,0.0,-29.01947673878019,796.770124470913,0.0,1000.0,0.0,1000.0,0.0,-43.52921510817029,0.0,0.0,0.0,671.2196431767993,-671.2196431767993,-1000.0,-1000.0,-1000.0,0.0,0.0,0.0,0.0,0.0,0.0,0.0,0.0,0.0,0.0,0.0,0.0,0.0,0.0,0.0,0.0,0.0,-763.6078560083173,0.0,-1000.0,0.0,0.0,0.0,0.0,0.0,0.0,-20.13385183439586,0.0,0.0,0.0,0.0,809.9704709423139,671.2196431767993,-890.6250000000003,277.2614660233501,-1000.0,0.0,0.0,0.0,146.27429477943906,0.0,890.6250000000003,-688.6164509725107,25.174503910867315,996.8151252609981,-6.36974947800371,-375.4384777174428,0.0,329.3474024387314,0.0,-746.3436568987531,345.41641636405774,0.0,0.0,0.0,0.0,0.0,115.33145306708693,781.1875,781.1875,-781.1875,-781.1875,-615.3317349178081,0.0,0.0,-733.9375713519219,0.0,0.0,455.35933698686534,0.0,0.0,-154.02997886665415,0.0,0.0,263.6297226068234,0.0,0.0,0.0,0.0,-189.19433214734866,0.2547899791202326,0.0,0.0,0.0,0.0,0.0,0.0,0.0,0.0,0.0,0.0,0.0,0.0,0.0,0.0,0.0,0.0,0.0,0.0,0.0,0.14013448851528665,0.14013448851528665,0.0,34.461799170347874,0.0,76.43699373604453,0.0,0.0,0.0,1000.0,0.0,0.0,6.2223189744365355,0.0,0.0,614.6579536130497,-1000.0,0.0,0.0,941.0761966225574,0.0,0.0,263.6297226068234,0.0,0.0,0.0,0.0,0.0,0.0,0.0,324.76245932233377,-650.4814649721086,25.47899791201484,0.0,16.03173317056225,0.0,287.2976530021597,0.0,0.0,0.0,614.6579536130497,0.0,-574.5363785342989,1000.0,-468.75000000000045,468.75000000000045,0.0,0.0,0.0,0.0,0.0,0.0,0.0,0.0,0.0,0.0,0.0,0.0,0.0,0.0,76.43699373604453,394.7744241164194,394.7744241164194,0.0,0.0,0.0,0.0,0.0,0.0,0.0,0.0,0.0,0.0,1.273949895600742,0.0,0.0,6.2223189744365355,-6.2223189744365355,0.0,0.0,0.0,0.0,345.41641636405774,-941.0761966225574,0.0,0.0,0.0,0.0,0.0,0.0,0.0,0.0,0.0,762.8222264826227,-552.284256672482,0.0,38.218496868022264,38.218496868022264,594.3249548172189,-1000.0,0.0,263.6297226068234,0.0,0.0,0.0,0.0,0.0,1000.0,455.35933698686534,921.4546947665892,0.1273949895600742,0.0,0.0,0.0,168.24328299830086,0.0,0.0,-287.2976530021597,0.0,0.0,0.0,0.0,0.0,0.0,0.0,0.0,0.0,0.0,0.0,0.0,0.0,0.0,0.1273949895600742,0.0,0.0,0.0,-378.16604619760733,378.16604619760733,0.0,0.0,0.0,0.0,0.0,453.41377974869823,0.0,-299.19563328589896,-410.7441422888778,-9.55462421700554,-6.36974947800371,0.0,0.0,-359.375,-359.375,359.375,0.0,0.0,0.0,0.0,0.0,0.0,0.0,394.7744241164194,0.0,0.0,0.0,-410.62650498201805,0.0,0.0,0.0,115.20405807752685,0.0,0.0,0.1273949895600742,0.0,0.1273949895600742,0.0,0.0,0.0,76.43699373604453,155.4218872632905,155.4218872632905,0.0,0.0,0.0,0.0,0.0,0.0,0.0,25.47899791201484,0.0,455.35933698686534,0.0,0.0,682.188351777921,0.0,0.0,0.0,0.0,0.0,0.0,0.0,0.0,0.0,0.0,0.0,0.0,0.0,0.0,0.0,0.0,-879.546127137319,879.546127137319,0.1910924843401113,0.0,0.0,0.0,-345.41641636405774,0.0,0.0,0.0,0.0,0.0,-34.461799170347874,6.36974947800371,0.0,0.0,0.0,0.0,1000.0,-453.41377974869823,0.0,0.0,0.0,0.0,0.0,0.0,0.0,0.0,394.7744241164194,0.0,941.0761966225574,737.6424518908605,34.461799170347874,0.0,1000.0,-43.52921510817029,174.3519982971951,-473.5476315830941,299.19563328589896,0.0,0.0,844.5781127367095,0.0,6.36974947800371,613.9757676684665,0.0,0.0,0.0,-166.4746168155272,0.0,0.0,0.0,0.0,0.0,0.0,0.0,0.0,0.0,433.80157129788967,-63.12567182136502,155.4218872632905,0.0,-239.3597911895548,-239.3597911895548,239.3597911895548,0.0,0.0,0.0,0.0,0.0,4.102118663833608,0.0,0.0,0.0,-168.24328299830086,-897.6387512065387,0.0,38.218496868022264,6.2223189744365355,0.0,0.0,0.0,-419.8442999278918,0.0,0.0,0.14013448851528665,0.0,0.0,0.0,77.71094363164526,0.0,0.0,0.0,0.0,181.70108212872393,0.0,0.0,0.0,0.0,0.0,0.0,0.0,0.0,-131.29966464252294,0.0,0.012739498956007421,0.012739498956007421,0.0,0.0,0.0,0.0,0.0,0.0,0.0,0.0,0.0,0.0,0.0,0.0,0.0,0.0,0.0,34.461799170347874,0.0,0.0,0.0,0.0,0.0,0.0,0.0,0.0,0.0,0.0,0.0,12.444637948873071,0.0,1000.0,643.4873897662842,0.0,0.0,0.0,76.43699373604453,0.0,0.0,0.0,0.0,0.0,719.0884578308858,-795.5254515669303,0.0,12.444637948873071,0.0,0.0,0.0,0.0,0.0,0.0,0.0,0.0,0.0,0.0,-921.4546947665892,-1000.0,769.4539196265719,0.0,-345.41641636405774,0.0,235.88256403344224,0.0,0.0,0.0,0.0,0.0,0.0,0.0,0.0,0.0,0.0,0.0,0.0,0.0,0.0,0.0,0.0,0.0,-15.92437369500925,394.7744241164194,-819.5250951593194,735.7593993822802,0.0,0.0,0.0,0.0,0.0,-232.1933407584346,230.60090338893366,154.02997886665415,0.0,0.0,0.0,0.0,0.0,0.0,0.0,1000.0,38.218496868022264,38.218496868022264,0.0,0.0,0.0,0.0,0.0,0.14013448851528665,34.461799170347874,0.0,0.0,-235.88256403344224,0.0,0.0,0.0,0.0,0.0,0.0,0.0,0.0,0.0,0.0,0.0,0.0,0.0,0.0,439.7730635686595,0.0,0.0,0.0,0.0,133.76473903807792,16.03173317056225,0.0,0.0,0.0,0.0,0.0,34.461799170347874,0.0,447.0440302706945,0.0,0.0,0.0,-15.92437369500925,0.0,0.0,0.0,0.0,0.0,0.0,0.0,0.0,0.0,0.0,0.0,0.0,0.0,0.0,0.0,0.0,0.0,0.0,-0.1273949895600742,0.0,0.0,6.36974947800371,-614.6579536130497,0.0,0.0,0.0,0.0,394.7744241164194,0.0,0.0,0.0,-671.2196431767993,3.1848747390018843,0.0,0.0,0.0,0.1273949895600742,0.0,127.3949895600742,-39.49244676362301,25.478997912014844,0.9099642111433871,355.43202087260704,-0.09554624217005565,411.3549849491606,2.547899791201484,-0.6369749478005531,-355.43202087260704,38.218496868022264,-0.1273949895600742,14.509738369390098,263.6297226068234,0.03184874739001855,0.9099642111433871,-43.52921510817029,-26.503601312399553,-2.547899791201484,-643.4873897662842,-0.1273949895600742,0.03184874739001855,-355.43202087260704,12.73949895600742,0.1273949895600742,0.1273949895600742,-34.19426969227251,-6.082184485920454,-1000.0,-0.09554624217005565,38.218496868022264,0.1273949895600742,345.41641636405774,243.50042471599835,-0.0636974947800371,385.38681361350643,-12.866893945567494,-0.09554624217005565,-0.1273949895600742,-39.49244676362301,0.1273949895600742,12.73949895600742,-2.547899791201484,0.0,0.0,-12.73949895600742,643.4873897662842,0.0,25.47899791201484,0.1910924843401113,-1000.0,12.73949895600742,-324.76245932233377,263.6297226068234,-25.47899791201484,0.0636974947800371,1.273949895600742,7.254869184695048,59.940797082362714,-0.1273949895600742,-63.12567182136502,34.19426969227251,39.49244676362301,0.1273949895600742,26.503601312399553,-196.4421843613011,263.6297226068234,-0.1273949895600742,-0.03184874739001855,-263.6297226068234,-0.1273949895600742,-189.19433214734866,0.1273949895600742,-0.03184874739001855,-0.03184874739001855,-0.03184874739001855,50.95799582402968,-243.50042471599835,1.273949895600742,388.4203384982959,-0.03184874739001855,0.0,6.36974947800371,100.96691555167804,0.1273949895600742,0.0636974947800371,0.0636974947800371,-52.832851798790585,39.49244676362301,0.1273949895600742,-39.49244676362301,1.273949895600742,0.1273949895600742,-976.493489714252,0.1273949895600743,0.5095799582404652,0.6369749478005531,0.0636974947800371,0.03184874739001855,38.218496868022264,-0.1273949895600742,1000.0,1.273949895600742,-776.8406769965918,408.1701102101588,-12.73949895600742,25.47899791201484,6.36974947800371,-0.1273949895600743,43.52921510817029,0.1910924843401113,-0.1273949895600742,105.66570359758117,39.49244676362301,753.8667266515915,0.0636974947800371,-201.93383110335608,-0.1273949895600742,-0.1273949895600742,-0.1273949895600742,0.0636974947800371,355.43202087260704,-25.47899791201484,0.1273949895600742,14.509738369390096,-0.03184874739001855,6.082184485920454,-14.509738369390096,19.10924843401113,12.866893945567494,275.2872015653078,355.43202087260704,-0.09554624217005565,63.12567182136502,-59.940797082362714,0.1273949895600742,-0.03184874739001854,6.36974947800371,127.3949895600742,-0.0636974947800371,-0.1273949895600742,0.03184874739001855,1000.0,0.0,999.9363025052199,588.073151215956,-41.09523721055116,0.0,763.2388033834128,-944.2087424464393,0.0,-437.708252290296,633.3819521139636,-1000.0,0.0,218.854126145148,20.54761860527558,-316.6909760569818,0.0,472.10437122321963,-34.461799170347874,-334.0224267236997,0.0,1000.0,-334.0224267236997,-763.2388033834128,473.47074439435323,0.0,1496.5981,bhi
301,0.0,0.0,0.0,0.0,0.0,0.0,0.0,0.0,-0.10887093528995646,0.0,0.0,0.0,0.0,0.0,0.0,0.0,272.1442125493014,932.0448004682904,0.0,-727.8681417664308,0.0,0.0,0.0,0.0,0.0,0.0,0.0,0.0,0.0,-649.4933307084623,0.0,0.0,687.6089761247133,0.0,0.0,0.0,0.0,999.5645162588404,0.0,-1000.0,-408.049834202448,0.0,0.0,984.1098518382703,0.0,0.0,0.0,0.0,743.1936108627247,0.0,0.0,1000.0,0.0,0.1197580288188664,0.0,0.0,0.0,21.774187057991295,0.0,0.0,-9.587900367869477,0.0,379.86595157437625,370.2780512065068,0.0,0.0,0.0,0.0,55.043894487281534,-55.043894487281534,0.0,1.0887093528995648,0.0,0.0,0.0,0.0,0.0,0.0,0.0,971.990733407993,0.0,0.0,0.0,0.0,65.3225611739739,0.0,0.0,-595.277148076678,147.91646278604668,0.0,-0.027217733822489116,0.0,0.0,-136.3322408236989,32.66128058698695,0.0,203.5220455671056,-476.9380601969709,155.64663563097844,0.0,0.0,5.443546764497824,-1000.0,0.0,0.0,-136.3322408236989,0.0,0.0,0.0,0.0,0.0,0.0,0.0,0.0,0.0,0.0,0.0,0.0,0.0,0.0,0.0,0.0,0.0,0.0,-126.61325260770639,0.0,0.0,203.5220455671056,0.0,33.749989939886504,33.749989939886504,0.0,0.0,0.0,0.0,0.0,0.0,147.04862571396362,-147.04862571396362,0.0,0.0,0.0,0.0,0.0,0.0,8.383062017326644,0.10887093528995646,0.0,0.0,0.0,0.0,0.0,0.0,0.0,0.0,0.0,774.5953980780145,0.0,0.0,0.0,0.0,0.0,221.2746473423292,221.2746473423292,0.0,0.0,0.0,-953.125,0.0,0.0,0.0,221.38351827761915,0.0,0.0,0.0,1000.0,-840.9049702690402,0.0,0.0,0.0,0.0,0.0,0.0,0.0,0.0,0.0,-386.04675023134007,0.0,0.0,0.0,0.0,-1000.0,0.0,0.0,0.0,0.0,0.0,0.0,-1000.0,-147.91646278604668,147.91646278604668,0.0,0.0,0.0,0.0,0.0,0.0,0.0,350.50666929153766,-1000.0,0.0,0.0,0.0,0.0,0.0,0.0,0.0,0.0,0.0,0.0,0.0,0.0,0.0,0.0,228.53277989829127,634.1555072964362,0.0,0.0,0.0,0.0,0.0,0.0,0.0,0.0,0.0,-9.587900367869477,-349.9543445418341,0.0,0.0,0.0,0.0,0.0,0.0,0.0,0.0,0.0,0.0,170.86076498011866,0.0,-340.91259106500223,-45.07966549290893,-1000.0,0.0,-634.1555072964362,0.0,0.0,0.0,-77.31368934108772,0.0,0.0,0.0,-186.22571040740854,0.0,0.0,-397.2058256091582,271.5633219383841,0.0,246.9354883447572,-915.7046358922995,644.1413139539154,0.0,0.0,908.3437331297663,0.0,0.0,371.24988933875153,0.0,0.0,0.0,-15.976133834583184,0.0,15.976133834583184,0.0,221.16577640703923,0.0,0.0,-1000.0,-953.125,0.0,0.0,-9.587900367869477,-0.1633064029349347,0.0,0.0,0.0,0.0,0.10887093528995646,0.0,0.0,0.0,796.4779544328944,272.1442125493014,0.0,-506.45301043082554,209.60278437847967,840.9049702690402,-204.52778863534238,0.0,0.0,0.0,-136.3322408236989,0.0,0.0,0.0,879.6238623582673,-55.043894487281534,-824.5799678709857,-707.174172635901,-1000.0,0.0,0.0,0.0,0.0,0.0,0.0,0.0,0.0,0.0,0.0,0.0,0.0,0.0,0.0,0.0,0.0,0.0,0.0,0.0,-1000.0,0.0,0.0,473.43241608063215,0.0,0.0,0.0,-8.383062017326644,0.0,155.64663563097844,0.0,0.0,0.0,0.0,0.0,0.0,-728.8694404029177,0.0,-308.5040520989235,241.83241083248174,-211.0123963836731,0.0,0.0,-5.443546764497824,0.0,726.1476670206688,-247.27595759697957,0.0,0.0,-177.33935702137876,-116.3313558970712,457.0799183744447,203.52204556710558,0.0,0.0,0.0,290.6888927202218,0.0,0.0,0.0,0.0,0.0,0.0,599.5768493748747,0.0,0.0,0.0,0.0,0.0,350.50666929153766,0.0,0.0,-19.175800735738953,0.0,0.0,0.0,0.0,0.0,0.0,0.0,25.01073433118566,0.21774187057988895,0.0,0.0,0.0,0.0,0.0,0.0,0.0,0.0,0.0,0.0,0.0,0.0,0.0,0.0,0.0,0.0,0.0,0.0,0.0,0.1197580288188664,0.1197580288188664,0.0,0.0,0.0,65.3225611739739,0.0,0.0,0.0,-475.9276485689443,0.0,0.0,0.0,0.0,0.0,1000.0,475.9276485689443,0.0,0.0,0.0,0.0,0.0,0.0,0.0,0.0,0.0,0.0,0.0,0.0,0.0,42.20441753590213,-796.4779544328944,0.0,0.0,8.383062017326644,0.0,0.0,-136.3322408236989,-136.3322408236989,0.0,1000.0,0.0,25.01073433118566,1000.0,0.0,0.0,0.0,0.0,0.0,0.0,0.0,0.0,0.0,0.0,0.0,0.0,0.0,0.0,0.0,0.0,65.32256117397388,0.0,0.0,0.0,0.0,0.0,0.0,0.0,0.0,0.0,0.0,0.0,0.0,1.0887093528995648,0.0,0.0,0.0,0.0,0.0,-1000.0,0.0,0.0,203.5220455671056,0.0,0.0,0.0,0.0,0.0,0.0,0.0,0.0,0.0,0.0,1000.0,0.0,0.0,32.66128058698695,32.66128058698695,187.54984858204102,475.9276485689443,0.0,0.0,0.0,0.0,0.0,0.0,0.0,707.174172635901,350.50666929153766,544.2541004428963,0.10887093528995646,0.0,0.0,0.0,8.779663281597204,0.0,0.0,136.3322408236989,0.0,0.0,0.0,0.0,0.0,0.0,0.0,0.0,0.0,0.0,0.0,0.0,0.0,0.0,0.10887093528995646,0.0,0.0,0.0,0.0,0.0,0.0,0.0,0.0,0.0,0.0,620.695989694284,0.0,0.0,-1000.0,-8.165320146746735,0.0,-5.443546764497828,0.0,0.0,0.0,0.0,0.0,0.0,0.0,0.0,0.0,0.0,0.0,0.0,840.9049702690402,0.0,0.0,285.18410811756377,0.0,0.0,0.0,-0.10887093528995646,0.0,0.0,0.10887093528995646,0.0,0.10887093528995646,0.0,0.0,0.0,65.3225611739739,132.82254105374687,132.82254105374687,0.0,0.0,0.0,0.0,0.0,0.0,0.0,0.0,0.0,350.50666929153766,0.0,0.0,710.1533106590084,178.84433922772402,0.0,0.0,0.0,0.0,0.0,0.0,0.0,0.0,0.0,0.0,0.0,0.0,0.0,0.0,0.0,0.0,0.0,0.1633064029349347,0.0,0.0,0.0,-203.5220455671056,0.0,0.0,0.0,0.0,0.0,0.0,5.443546764497824,0.0,0.0,0.0,953.125,0.0,-147.2635736136518,-5.443546764497828,0.0,0.0,0.0,0.0,0.0,0.0,0.0,0.0,0.0,0.0,1000.0,0.0,0.0,-798.8412845067144,-136.3322408236989,0.0,-155.64663563097844,155.64663563097844,0.0,0.0,-210.1362303948346,0.0,5.443546764497828,53.61634346518107,0.0,0.0,0.0,-19.175800735738953,0.0,0.0,0.0,0.0,0.0,0.0,0.0,0.0,0.0,369.71610993784657,0.0,132.82254105374687,0.0,-74.85868004102394,-74.85868004102394,74.85868004102394,0.0,0.0,0.0,0.0,0.0,0.0,0.0,0.0,24.495960440240196,-8.779663281597204,-201.30235935112952,0.0,32.66128058698695,0.0,0.0,0.0,0.0,55.845987098425155,0.0,0.0,0.1197580288188664,0.0,0.0,0.0,66.41127052687345,0.0,0.0,0.0,0.0,228.53277989829127,0.0,0.0,0.0,0.0,0.0,0.0,0.0,0.0,0.0,0.0,0.010887093528995646,0.010887093528995646,0.0,0.0,0.0,0.0,0.0,0.0,0.0,0.0,0.0,0.0,0.0,0.0,0.0,0.0,0.0,0.0,0.0,0.0,0.0,0.0,0.0,0.0,0.0,0.0,0.0,0.0,0.0,0.0,-532.0423726753367,1000.0,932.0448004682904,0.0,0.0,0.0,65.3225611739739,0.0,0.0,0.0,0.0,0.0,0.0,-65.3225611739739,0.0,0.0,0.0,0.0,0.0,0.0,0.0,0.0,0.0,0.0,0.0,0.0,-1000.0,-1000.0,963.5742405603527,0.0,-203.5220455671056,0.0,999.5645162588404,0.0,0.0,0.0,0.0,0.0,0.0,0.0,0.0,0.0,0.0,0.0,0.0,0.0,0.0,0.0,0.0,0.0,-13.608866911244563,0.0,-8.165320146746735,880.8323297399857,0.0,0.0,0.0,0.0,0.0,-1.3608866911244561,0.0,19.175800735738953,0.0,0.0,0.0,0.0,0.0,0.0,0.0,544.2541004428963,32.66128058698695,32.66128058698695,0.0,0.0,0.0,0.0,971.990733407993,0.1197580288188664,0.0,0.0,0.0,-999.5645162588404,0.0,0.0,0.0,0.0,0.0,0.0,0.0,0.0,0.0,0.0,0.0,0.0,0.0,0.0,0.0,0.0,0.0,33.749989939886504,0.0,114.31448205445429,8.383062017326644,0.0,0.0,0.0,0.0,0.0,0.0,0.0,143.75792949731306,0.0,0.0,0.0,-13.608866911244563,0.0,0.0,0.0,0.0,0.0,0.0,0.0,0.0,0.0,0.0,0.0,0.0,0.0,0.0,0.0,0.0,0.0,0.0,-0.10887093528995646,0.0,0.0,5.443546764497824,-1000.0,0.0,0.0,0.0,0.0,0.0,0.0,0.0,0.0,-879.6238623582673,2.7217733822489123,0.0,0.0,0.0,0.10887093528995646,0.0,108.87093528995646,0.0,21.7741870579913,0.7776495377854034,371.24988933875153,-0.08165320146746735,5.443546764497824,2.1774187057991297,-0.5443546764495295,-371.24988933875153,32.66128058698695,-0.10887093528995648,45.444080274566296,0.0,0.02721773382248912,0.7776495377854034,-136.3322408236989,-17.332252898163205,-2.177418705799127,-476.32087125116107,-0.10887093528995648,0.02721773382248912,-371.24988933875153,366.9426368114995,0.10887093528995648,0.10887093528995646,0.22862896410882289,0.11975802881895212,-389.9337601461299,-0.08165320146746735,32.66128058698695,0.10887093528995648,203.5220455671056,116.42529733514041,-0.05443546764497824,-111.9971562844868,-10.995964464285604,-0.08165320146746735,-0.10887093528995648,0.0,0.10887093528995646,10.887093528995647,-2.1774187057991297,0.0,0.0,-10.88709352899565,476.32087125116107,0.0,21.774187057991295,0.1633064029349347,-1000.0,10.887093528995647,-42.20441753590213,0.0,-21.774187057991295,0.05443546764497823,1.0887093528995648,126.61325260770639,21.774187057991295,-0.10887093528995646,-24.495960440240196,-0.22862896410882289,33.749989939886504,0.10887093528995648,17.332252898163205,-657.5614306105703,0.0,-0.10887093528995646,-0.027217733822489116,0.0,-0.10887093528995648,25.01073433118566,0.10887093528995648,-0.027217733822489116,-0.027217733822489116,-0.027217733822489116,43.54837411598259,-116.42529733514041,1.0887093528995648,387.1065027886313,-0.027217733822489116,207.78242494084648,5.443546764497824,-7.061820401095006,0.10887093528995646,0.05443546764497823,0.05443546764497824,10.887093528995647,0.0,0.10887093528995646,0.0,1.0887093528995648,0.10887093528995648,-1000.0,0.10887093528995648,0.43548374115960087,0.5443546764495295,0.05443546764497824,0.02721773382248912,32.66128058698695,-0.10887093528995648,389.9337601461299,1.0887093528995635,-774.2130055772626,2.721773382248912,-10.887093528995647,21.774187057991295,5.443546764497824,-0.10887093528995648,136.3322408236989,0.1633064029349347,-0.10887093528995648,-21.774187057991295,0.0,81.77226769252036,0.05443546764497824,14.123640802190012,-0.10887093528995648,-0.10887093528995648,-0.10887093528995648,0.05443546764497824,371.24988933875153,-21.774187057991295,0.10887093528995646,253.22650521541277,-0.027217733822489116,-0.11975802881895212,-253.22650521541277,16.33064029349347,10.995964464285604,84.96424189131056,371.24988933875153,-0.08165320146746735,24.495960440240196,-21.774187057991295,0.10887093528995648,-0.027217733822489116,5.443546764497828,108.87093528995646,-0.05443546764497823,-0.10887093528995648,0.027217733822489116,342.7264619506644,0.0,999.945564532355,612.8934972113686,-1000.0,0.0,727.9188459857261,-826.3472646183202,356.05554328250383,-430.7502775036006,-775.7076883293889,777.0670974487231,0.0,215.3751387518003,500.0,387.85384416469446,-356.05554328250383,413.1736323091601,0.0,-137.6182547909455,0.0,-777.0670974487231,-137.6182547909455,-727.9188459857261,687.2965915336504,0.0,1496.5981,bhi
302,0.0,0.0,0.0,0.0,0.0,0.0,0.0,0.0,-0.14023491895142054,0.0,0.0,0.0,0.0,0.0,0.0,0.0,512.8302086969533,-299.840064931651,0.0,-9.540024404269673,0.0,0.0,0.0,365.5328972296562,0.0,0.0,0.0,0.0,0.0,-496.7098157073164,0.0,0.0,737.0100241523504,0.0,0.0,0.0,0.0,190.40800092166603,0.0,-288.3212534184535,-215.77593357576697,0.0,0.0,0.0,0.0,0.0,0.0,0.0,983.8796070103632,-713.6883301296967,0.0,0.0,0.0,0.15425841084695038,0.0,0.0,0.0,0.0,0.0,0.0,-12.350021862321343,0.0,542.7459251910852,530.3959033287639,0.0,0.0,0.0,0.0,0.0,153.20331002778366,0.0,1.4023491895142055,0.0,0.0,0.0,0.0,0.0,0.0,0.0,0.0,0.0,0.0,0.0,0.0,84.14095137085232,0.0,0.0,-456.0361668694544,324.60367315830325,0.0,-0.035058729737855135,0.0,0.0,-1000.0,42.07047568542616,0.0,364.2107712032701,0.0,214.9678097273573,0.0,0.0,7.011745947571026,-496.7098157073164,0.0,0.0,-344.9760244840304,0.0,0.0,0.0,0.0,0.0,0.0,0.0,0.0,0.0,0.0,0.0,0.0,0.0,0.0,0.0,0.0,0.0,0.0,-335.0975309100067,0.0,0.0,364.2107712032701,0.0,43.47282487494037,0.0,0.0,0.0,0.0,0.0,0.0,0.0,0.0,0.0,0.0,0.0,0.0,0.0,0.0,0.0,10.798088759259375,0.14023491895142054,0.0,0.0,0.0,0.0,0.0,0.0,0.0,0.0,0.0,1000.0,0.0,0.0,0.0,0.0,0.0,409.68075714917217,409.68075714917217,0.0,0.0,0.0,0.0,0.0,0.0,0.0,409.8209920681236,0.0,0.0,0.0,399.9596206597556,0.0,0.0,0.0,0.0,0.0,0.0,0.0,0.0,0.0,0.0,0.0,0.0,0.0,0.0,0.0,-1000.0,0.0,0.0,0.0,0.0,0.0,713.6883301296967,0.0,-162.7764705231706,162.7764705231706,0.0,0.0,0.0,0.0,0.0,0.0,0.0,0.0,-1000.0,0.0,0.0,0.0,0.0,0.0,0.0,0.0,0.0,0.0,0.0,0.0,0.0,0.0,0.0,-60.609531970803225,-1000.0,0.0,0.0,0.0,0.0,0.0,0.0,0.0,0.0,0.0,-12.350021862321343,-1000.0,0.0,0.0,0.0,0.0,0.0,0.0,0.0,0.0,4.515564390235016,28.046983790284106,322.1402955178439,0.0,512.6198563185261,1000.0,365.0669696177382,0.0,1000.0,0.0,0.0,0.0,322.0237033465788,0.0,0.0,0.0,342.71082248319453,0.0,0.0,0.0,0.0,-61.57007808417198,61.57007808417198,-61.57007808417198,0.0,161.82720263513266,0.0,-1000.0,713.6883301296967,0.0,391.2554238744633,0.0,0.0,0.0,-788.2236893781311,0.0,788.2236893781311,0.0,1000.0,0.0,0.0,15.732638611007985,0.0,0.0,0.0,-12.350021862321343,-0.21035237842713078,0.0,0.0,0.0,0.0,0.14023491895142054,0.0,0.0,0.0,631.273664406495,512.8302086969533,0.0,-229.98401632268695,-148.86539944891408,0.0,148.43483762750313,0.0,12.074226521717693,0.0,-344.9760244840304,0.0,0.0,0.0,-12.074226521717693,0.0,0.0,122.88034960001454,-1000.0,0.0,0.0,0.0,0.0,0.0,0.0,0.0,0.0,0.0,0.0,0.0,0.0,0.0,0.0,0.0,0.0,0.0,-809.0310594025289,0.0,-1000.0,0.0,0.0,0.0,0.0,0.0,0.0,-15.313653149494392,0.0,214.9678097273573,0.0,720.1275012166394,0.0,0.0,-859.3749999999956,65.98623384178495,0.0,0.0,228.59153724534124,-494.78628634030963,0.0,-908.9538195847272,859.3749999999956,-72.99797978935598,-274.0613690014024,-3.505872973785513,487.77454039273863,0.0,0.0,-7.011745947571026,0.0,1000.0,364.2107712032701,0.0,0.0,0.0,0.0,0.0,0.0,0.0,0.0,0.0,0.0,321.37608507323955,0.0,0.0,-590.4594777697793,0.0,0.0,0.0,0.0,0.0,-24.700043724642686,0.0,0.0,0.0,0.0,0.0,0.0,0.0,-424.8203031740734,0.2804698379026856,0.0,0.0,0.0,0.0,0.0,0.0,0.0,0.0,0.0,153.20331002778366,0.0,0.0,0.0,0.0,0.0,0.0,0.0,0.0,0.0,0.15425841084695038,0.15425841084695038,0.0,0.0,0.0,84.14095137085232,0.0,0.0,0.0,1000.0,0.0,0.0,0.0,0.0,0.0,1000.0,-1000.0,0.0,0.0,0.0,0.0,0.0,0.0,0.0,0.0,0.0,0.0,0.0,0.0,0.0,111.69917697000223,-631.273664406495,0.0,0.0,10.798088759259375,0.0,0.0,-1000.0,-1000.0,0.0,1000.0,0.0,575.1796968259266,0.0,0.0,0.0,0.0,0.0,0.0,0.0,0.0,0.0,0.0,0.0,0.0,0.0,0.0,0.0,0.0,0.0,84.14095137085232,0.0,0.0,0.0,0.0,0.0,0.0,0.0,0.0,0.0,0.0,0.0,0.0,1.4023491895142055,0.0,0.0,0.0,0.0,0.0,0.0,0.0,0.0,364.2107712032701,0.0,0.0,0.0,0.0,0.0,0.0,0.0,0.0,0.0,0.0,740.7056348588234,0.0,0.0,42.07047568542616,42.07047568542616,454.5052076081628,-1000.0,0.0,0.0,0.0,0.0,0.0,0.0,0.0,-626.1705338926981,0.0,-253.4400897593032,0.14023491895142054,0.0,0.0,185.20024403520105,0.0,360.7086630950384,0.0,1000.0,0.0,0.0,0.0,0.0,0.0,0.0,0.0,0.0,0.0,0.0,0.0,0.0,0.0,0.0,0.14023491895142054,0.0,0.0,0.0,1000.0,-1000.0,0.0,0.0,0.0,0.0,0.0,199.6541565778629,0.0,0.0,-190.96894059747115,-10.51761892135654,0.0,-7.011745947571026,0.0,484.375,484.375,-484.375,0.0,0.0,0.0,0.0,0.0,0.0,0.0,0.0,0.0,0.0,0.0,1000.0,0.0,0.0,0.0,-0.14023491895142054,0.0,0.0,0.14023491895142054,0.0,0.14023491895142054,0.0,0.0,0.0,84.14095137085232,171.08660112073306,171.08660112073306,0.0,0.0,0.0,0.0,0.0,0.0,0.0,0.0,0.0,0.0,0.0,0.0,0.0,0.0,0.0,0.0,0.0,0.0,0.0,0.0,0.0,0.0,0.0,0.0,0.0,0.0,0.0,0.0,0.0,-555.2030536586699,555.2030536586699,0.21035237842713078,0.0,0.0,0.0,-364.2107712032701,0.0,0.0,0.0,0.0,0.0,0.0,7.011745947571026,0.0,0.0,0.0,0.0,0.0,0.0,-7.011745947571026,0.0,0.0,0.0,0.0,0.0,0.0,0.0,0.0,0.0,0.0,740.7056348588234,0.0,0.0,-527.9654275229096,15.732638611007985,0.0,-15.313653149494392,214.9678097273573,-199.6541565778629,0.0,150.93710222584576,0.0,7.011745947571026,1000.0,0.0,930.9376413430687,0.0,-24.700043724642686,0.0,0.0,357.41643462600115,-357.41643462600115,0.0,0.0,0.0,0.0,0.0,10.51761892135654,-31.552856764069627,171.08660112073306,0.0,0.0,0.0,0.0,0.0,0.0,0.0,0.0,0.0,4.515564390235016,0.0,0.0,0.0,-338.4035540629847,0.0,0.0,42.07047568542616,0.0,0.0,0.0,0.0,2.379690584372682,0.0,0.0,0.15425841084695038,0.0,0.0,0.0,85.54330056036653,0.0,0.0,0.0,0.0,-60.609531970803225,0.0,0.0,0.0,0.0,0.0,0.0,0.0,0.0,0.0,0.0,0.014023491895142053,0.014023491895142053,0.0,0.0,0.0,0.0,0.0,0.0,0.0,0.0,0.0,185.20024403520105,0.0,0.0,0.0,0.0,0.0,0.0,0.0,0.0,0.0,0.0,0.0,0.0,0.0,713.6883301296967,0.0,0.0,0.0,0.0,0.0,1000.0,-299.840064931651,0.0,0.0,0.0,84.14095137085232,0.0,0.0,0.0,0.0,0.0,0.0,-84.14095137085232,0.0,0.0,0.0,0.0,0.0,0.0,0.0,0.0,0.0,0.0,0.0,0.0,-132.46051558717357,-1000.0,96.06091948172308,0.0,-364.2107712032701,0.0,190.40800092166603,0.0,0.0,0.0,0.0,0.0,0.0,0.0,0.0,0.0,273.4375,0.0,-273.4375,-273.4375,0.0,0.0,0.0,0.0,-17.529364868927566,0.0,-10.51761892135654,21.03523784271309,0.0,0.0,0.0,0.0,0.0,0.0,-1.7529364868927568,24.700043724642686,0.0,0.0,0.0,0.0,0.0,0.0,0.0,614.0993946535233,42.07047568542616,42.07047568542616,0.0,0.0,0.0,0.0,0.0,0.15425841084695038,0.0,0.0,0.0,-190.40800092166603,0.0,0.0,0.0,0.0,0.0,0.0,0.0,0.0,0.0,0.0,0.0,0.0,0.0,0.0,277.60152682933494,0.0,0.0,0.0,0.0,147.24666489899155,0.0,0.0,10.798088759259375,0.0,0.0,0.0,0.0,0.0,0.0,0.0,0.0,0.0,-17.529364868927566,0.0,0.0,0.0,0.0,0.0,0.0,0.0,0.0,0.0,0.0,0.0,0.0,0.0,0.0,0.0,0.0,0.0,0.0,-0.14023491895142054,0.0,0.0,7.011745947571026,-1000.0,0.0,0.0,0.0,0.0,0.0,0.0,0.0,0.0,12.074226521717693,3.505872973785513,0.0,0.0,0.0,0.14023491895142054,0.0,140.23491895142052,-43.47282487494037,28.046983790284106,1.0016779925101467,391.2554238744633,-0.10517618921356539,7.011745947571026,2.8046983790284106,-0.7011745947565373,-391.2554238744633,42.07047568542616,-0.14023491895142054,114.99200816134348,0.0,0.035058729737855135,1.0016779925101467,-344.9760244840304,-22.325399097065418,-2.8046983790284106,-203.4501193610326,-0.14023491895142054,0.035058729737855135,-391.2554238744633,14.023491895142053,0.14023491895142054,0.14023491895142054,0.29449332979837095,0.15425841084656258,-111.16961526332454,-0.10517618921356539,42.07047568542616,0.14023491895142054,364.2107712032701,252.02283604213363,-0.07011745947571027,-198.87833576861468,-14.163726814093474,-0.10517618921356539,-0.14023491895142054,-43.47282487494037,0.14023491895142054,14.023491895142053,-2.8046983790284106,0.0,0.0,-14.023491895142053,203.4501193610326,0.0,28.046983790284106,0.21035237842713078,-1000.0,14.023491895142053,-111.69917697000223,0.0,-28.046983790284106,0.07011745947571027,1.4023491895142055,57.49600408067174,28.046983790284106,-0.14023491895142054,-31.552856764069627,-0.29449332979837095,43.47282487494037,0.14023491895142054,22.325399097065418,-490.4221982595488,0.0,-0.14023491895142054,-0.035058729737855135,0.0,-0.14023491895142054,-424.82030317407333,0.14023491895142115,-0.035058729737855135,-0.035058729737855135,-0.035058729737855135,56.09396758056821,-252.02283604213363,1.4023491895142055,103.89654557813272,-0.035058729737855135,0.0,7.011745947571026,219.42189753460772,0.14023491895142054,0.07011745947571027,0.07011745947571027,14.023491895142053,43.47282487494037,0.14023491895142054,-43.47282487494037,1.4023491895142055,0.14023491895142054,-103.89654557813272,0.14023491895142068,0.5609396758051304,0.7011745947565373,0.07011745947571027,0.035058729737855135,42.07047568542616,-0.14023491895142054,111.16961526332454,1.4023491895142053,-207.79309115626543,3.505872973785513,-14.023491895142053,28.046983790284106,7.011745947571026,-0.14023491895142068,344.9760244840304,0.21035237842713078,-0.14023491895142054,-28.046983790284106,43.47282487494037,159.91625120990727,0.07011745947571027,-438.84379506921545,-0.14023491895142054,-0.14023491895142115,-0.14023491895142054,0.07011745947571027,391.2554238744633,-28.046983790284106,0.14023491895142054,114.99200816134348,-0.035058729737855135,-0.15425841084656258,-114.99200816134348,21.035237842713077,14.163726814093474,-387.38923967135855,391.2554238744633,-0.10517618921356539,31.552856764069627,-28.046983790284106,0.14023491895142054,-0.035058729737855135,727.1392471642105,140.23491895142052,-0.07011745947571027,-0.14023491895142054,0.035058729737855135,1000.0,0.0,838.1026799053917,0.0,-1000.0,0.0,1000.0,-724.3765772501692,0.0,-85.91116170999152,-365.15570747453165,499.9184437326255,-161.82720263513266,42.95558085499576,500.0,182.57785373726583,0.0,362.1882886250846,0.0,-162.29594179427994,161.82720263513266,-499.9184437326255,-162.29594179427994,-1000.0,738.1993531822034,0.0,1496.5981,bhi
303,0.0,0.0,0.0,0.0,0.0,0.0,0.0,0.0,-0.13767138300484283,0.0,0.0,0.0,0.0,0.0,0.0,0.0,837.8146113227699,0.0,0.0,-567.1189230181118,0.0,0.0,0.0,0.0,0.0,0.0,0.0,0.0,0.0,-809.5866867062394,222.43132651590423,-222.43132651590423,916.1989316413658,0.0,0.0,0.0,0.0,999.4493144679808,0.0,-1000.0,257.969174848708,0.0,0.0,0.0,0.0,0.0,0.0,0.0,-903.069428060606,0.0,0.0,0.0,0.0,0.1514385213054633,0.0,0.0,0.0,27.534276600968568,0.0,0.0,-59.86038825487026,0.0,15.533874179895236,-123.54945521614788,0.0,0.0,0.0,0.0,0.0,0.0,0.0,1.3767138300484283,0.0,0.0,0.0,0.0,0.0,0.0,0.0,0.0,0.0,0.0,652.1037948145729,0.0,82.60282980290572,0.0,0.0,0.0,-418.8040521241313,0.0,-0.03441784575121071,0.0,0.0,0.0,41.30141490145285,0.0,46.41329097241726,-9.273020241034347,314.4472191643775,0.0,652.1037948145729,6.883569150242142,-1000.0,0.0,0.0,0.0,0.0,236.4738075823982,0.0,0.0,0.0,0.0,0.0,0.0,0.0,0.0,0.0,0.0,0.0,0.0,0.0,0.0,0.0,0.0,-484.9150333479605,0.0,0.0,46.41329097241726,0.0,42.678128731501275,0.0,0.0,-301.654267657077,301.654267657077,0.0,0.0,423.6657100700138,0.0,0.0,-502.8886512111866,0.0,0.0,0.0,0.0,0.0,-641.5030983232,0.13767138300484283,0.0,0.0,0.0,270.24507537529456,-1000.0,0.0,0.0,0.0,0.0,1000.0,0.0,0.0,0.0,0.0,0.0,-28.073360380576062,-28.073360380576062,0.0,0.0,0.0,0.0,0.0,0.0,0.0,194.495637518333,0.0,0.0,0.0,880.3192673874651,-635.729001986917,0.0,0.0,0.0,0.0,0.0,0.0,0.0,0.0,0.0,0.0,0.0,0.0,0.0,0.0,-1000.0,0.0,0.0,0.0,0.0,0.0,0.0,0.0,418.8040521241313,-418.8040521241313,79.22294114117278,0.0,0.0,0.0,0.0,0.0,0.0,190.41331329376055,-1000.0,0.0,0.0,0.0,0.0,0.0,0.0,0.0,0.0,0.0,0.0,0.0,0.0,0.0,0.0,445.88035285649835,874.8415034440756,0.0,0.0,0.0,0.0,-79.22294114117278,0.0,0.0,0.0,0.0,-59.86038825487026,874.8415034440756,222.43132651590423,0.0,0.0,0.0,0.0,0.0,0.0,0.0,217.59132480762545,0.0,5.111876070964406,0.0,837.6081042482626,0.0,-484.2653759364747,0.0,-874.8415034440756,0.0,0.0,79.22294114117278,1000.0,0.0,0.0,0.0,-172.56117233042667,0.0,0.0,-442.0640334543034,0.0,622.0851259151061,-442.0640334543034,0.0,622.0851259151061,0.0,0.0,754.7545571666254,0.0,0.0,384.10315858351146,0.0,0.0,0.0,0.0,0.0,0.0,0.0,194.22029475232335,0.0,0.0,352.5609421155784,0.0,0.0,0.0,-59.86038825487026,-0.20650707450726424,0.0,0.0,0.0,0.0,0.13767138300484283,0.0,0.0,0.0,735.9953842199573,837.8146113227699,0.0,-504.81190278736847,704.6690667901939,635.729001986917,304.38246582112527,0.0,693.3889933616531,0.0,0.0,0.0,0.0,0.0,306.6110066383469,0.0,-1000.0,-240.35733025724244,-1000.0,0.0,0.0,0.0,0.0,0.0,0.0,0.0,0.0,0.0,0.0,0.0,0.0,0.0,0.0,0.0,0.0,0.0,0.0,0.0,-1000.0,0.0,0.0,0.0,0.0,0.0,0.0,646.3431000314788,0.0,314.4472191643775,0.0,0.0,0.0,0.0,78.12500000000007,0.0,-247.0126667176345,0.0,289.342259463872,-6.883569150242142,720.8902772931403,-224.72930722422524,-78.12500000000007,-6.883569150242142,211.37513669865464,243.57088214251343,0.0,-901.499767963377,0.0,0.0,0.0,-57.51896794173298,46.41329097241726,0.0,0.0,0.0,0.0,0.0,0.0,0.0,0.0,0.0,0.0,0.0,0.0,0.0,0.0,0.0,0.0,190.41331329376055,0.0,0.0,-198.94371765091336,0.0,0.0,0.0,0.0,0.0,0.0,0.0,-330.2878627406242,0.2753427660097776,0.0,0.0,0.0,0.0,0.0,0.0,0.0,0.0,0.0,0.0,0.0,0.0,0.0,0.0,0.0,0.0,0.0,0.0,0.0,0.1514385213054633,0.1514385213054633,222.43132651590423,0.0,0.0,82.60282980290572,0.0,0.0,0.0,1000.0,0.0,0.0,0.0,0.0,0.0,1000.0,-1000.0,0.0,0.0,952.3694715038152,0.0,0.0,0.0,0.0,0.0,0.0,0.0,0.0,0.0,0.0,161.63834444932016,-735.9953842199573,729.7549246247054,0.0,10.600696491372897,0.0,0.0,0.0,0.0,0.0,1000.0,0.0,669.7121372593758,0.0,-281.2500000000107,281.2500000000107,0.0,0.0,0.0,0.0,0.0,0.0,0.0,0.0,0.0,0.0,0.0,0.0,0.0,0.0,82.6028298029057,79.22294114117278,79.22294114117278,0.0,0.0,0.0,0.0,0.0,0.0,0.0,0.0,0.0,0.0,1.3767138300484283,0.0,222.43132651590423,0.0,0.0,222.43132651590423,0.0,0.0,0.0,46.41329097241726,-952.3694715038152,0.0,0.0,0.0,0.0,0.0,0.0,0.0,0.0,0.0,1000.0,0.0,0.0,41.30141490145285,41.30141490145285,827.2454412713794,-1000.0,0.0,0.0,0.0,0.0,0.0,0.0,0.0,240.35733025724244,190.41331329376055,224.2260815814691,0.13767138300484283,0.0,0.0,-234.37500000000006,416.1897285983243,400.1914706117632,0.0,0.0,0.0,0.0,0.0,0.0,0.0,0.0,0.0,0.0,0.0,0.0,0.0,0.0,0.0,0.0,0.13767138300484283,0.0,0.0,0.0,0.0,0.0,0.0,0.0,0.0,0.0,0.0,960.7903191958562,0.0,0.0,-1000.0,-10.325353725363213,0.0,-6.883569150242142,0.0,171.875,171.875,-171.875,0.0,0.0,0.0,0.0,0.0,0.0,0.0,79.22294114117278,635.729001986917,0.0,0.0,-50.63539879149084,0.0,0.0,0.0,-0.13767138300484283,0.0,0.0,0.13767138300484283,0.0,0.13767138300484283,0.0,0.0,0.0,82.60282980290572,167.95908726590824,167.95908726590824,0.0,0.0,0.0,0.0,0.0,0.0,0.0,729.7549246247054,0.0,190.41331329376055,0.0,0.0,0.0,318.4645127150641,0.0,0.0,0.0,0.0,0.0,0.0,0.0,0.0,0.0,0.0,0.0,0.0,0.0,0.0,0.0,-717.4241153022367,717.4241153022367,0.20650707450726424,0.0,0.0,0.0,-46.41329097241726,0.0,0.0,0.0,0.0,0.0,0.0,6.883569150242142,0.0,0.0,0.0,0.0,0.0,-646.3431000314788,-6.883569150242142,0.0,0.0,0.0,0.0,0.0,0.0,0.0,79.22294114117278,0.0,952.3694715038152,1000.0,0.0,0.0,-155.54563585301526,400.1914706117632,0.0,0.0,314.4472191643775,-314.4472191643775,0.0,832.0409127340918,0.0,6.883569150242142,464.92640281337776,0.0,0.0,-222.43132651590423,-198.94371765091336,0.0,0.0,0.0,0.0,0.0,0.0,0.0,0.0,0.0,10.325353725363213,-30.9760611760897,167.95908726590824,0.0,0.0,0.0,222.43132651590423,0.0,0.0,0.0,0.0,0.0,217.59132480762545,0.0,0.0,0.0,-181.81472859832422,-674.4028898048675,0.0,41.30141490145285,0.0,0.0,0.0,0.0,-28.637219765562207,0.0,0.0,0.1514385213054633,0.0,0.0,0.0,83.97954363295413,0.0,0.0,0.0,0.0,445.88035285649835,0.0,0.0,0.0,0.0,0.0,0.0,0.0,0.0,0.0,0.0,0.013767138300484283,0.013767138300484283,0.0,0.0,0.0,0.0,0.0,0.0,0.0,0.0,0.0,-234.37500000000006,222.43132651590423,0.0,0.0,0.0,0.0,0.0,0.0,0.0,0.0,0.0,0.0,0.0,0.0,0.0,0.0,0.0,0.0,0.0,0.0,960.1954287334476,0.0,0.0,0.0,0.0,82.60282980290572,0.0,0.0,0.0,0.0,0.0,917.3971701970943,-1000.0,0.0,0.0,0.0,0.0,0.0,0.0,0.0,0.0,0.0,222.43132651590423,222.43132651590423,0.0,-224.2260815814691,-1000.0,412.7694100733814,0.0,-46.41329097241726,0.0,999.4493144679808,0.0,0.0,0.0,0.0,0.0,0.0,0.0,0.0,0.0,0.0,0.0,0.0,0.0,0.0,0.0,0.0,0.0,-17.208922875605353,79.22294114117278,-10.325353725363213,339.11522016579045,0.0,0.0,0.0,0.0,0.0,0.0,-1.7208922875605355,198.94371765091336,0.0,0.0,0.0,0.0,0.0,0.0,0.0,1000.0,41.30141490145285,41.30141490145285,0.0,0.0,0.0,0.0,0.0,0.1514385213054633,0.0,0.0,0.0,-999.4493144679808,0.0,0.0,0.0,0.0,0.0,0.0,0.0,0.0,0.0,0.0,0.0,0.0,0.0,0.0,358.71205765111836,0.0,0.0,0.0,0.0,144.55495215508498,10.600696491372897,0.0,0.0,0.0,0.0,0.0,0.0,0.0,637.0700797904444,0.0,0.0,0.0,-17.208922875605353,0.0,0.0,0.0,0.0,0.0,0.0,0.0,0.0,0.0,0.0,0.0,0.0,0.0,0.0,0.0,0.0,0.0,0.0,-0.13767138300484283,0.0,0.0,6.883569150242142,-1000.0,0.0,0.0,0.0,0.0,79.22294114117278,0.0,0.0,0.0,-306.6110066383469,3.441784575121071,0.0,0.0,0.0,0.13767138300484283,0.0,137.67138300484282,-42.678128731501275,27.534276600968568,0.9833670214631631,384.10315858351146,-0.10325353725363212,6.883569150242142,2.753427660096857,-0.6883569150240874,-384.10315858351146,41.30141490145285,-0.13767138300484283,0.0,0.0,0.03441784575121071,0.9833670214631631,0.0,-21.91728417437061,219.67789885580737,-270.6956883046581,-0.13767138300484283,0.03441784575121071,-384.10315858351146,13.767138300484284,0.13767138300484283,0.13767138300484283,0.28910990431030614,0.15143852130532712,-846.2953237702268,-0.10325353725363212,41.30141490145285,0.13767138300484283,46.41329097241726,-63.72381543145701,-0.06883569150242141,-153.7046762297732,65.31813145768365,-0.10325353725363212,-0.1376713830048427,-42.678128731501275,0.13767138300484283,13.767138300484284,-2.753427660096857,0.0,0.0,-13.767138300484284,270.6956883046581,0.0,27.534276600968568,0.20650707450726424,-1000.0,13.767138300484284,-161.63834444932016,0.0,-27.534276600968568,0.06883569150242141,1.3767138300484283,126.20297569684212,27.534276600968568,-0.13767138300484283,-30.9760611760897,-0.28910990431030614,42.678128731501275,0.13767138300484283,21.91728417437061,-170.31753567677598,0.0,-0.13767138300484283,-0.03441784575121071,0.0,-0.13767138300484283,-330.2878627406242,0.13767138300482884,-0.03441784575121071,-0.03441784575121071,-0.03441784575121071,55.068553201937135,63.72381543145701,1.3767138300484283,101.997285883715,-0.03441784575121071,252.40595139368423,6.883569150242142,172.02750052055424,0.13767138300484283,0.06883569150242141,0.06883569150242141,13.767138300484284,42.678128731501275,0.13767138300484283,-42.678128731501275,1.3767138300484283,0.13767138300484283,-101.997285883715,0.13767138300484283,0.5506855320191456,0.6883569150240874,0.06883569150242141,0.03441784575121071,41.30141490145285,-0.13767138300484283,846.2953237702268,-109.83894942790369,-203.99457176743,3.441784575121071,-13.767138300484284,27.534276600968568,6.883569150242142,-0.13767138300484283,0.0,0.20650707450726424,-0.13767138300484283,-27.534276600968568,42.678128731501275,274.0122647765064,0.06883569150242141,-344.0550010411085,-0.13767138300484283,-0.13767138300482884,-0.13767138300484283,0.06883569150242135,384.10315858351146,-27.534276600968568,0.13767138300484283,252.40595139368423,-0.03441784575121071,-0.15143852130532712,-252.40595139368423,20.650707450726422,-65.31813145768365,118.04233200422215,384.10315858351146,-0.10325353725363212,30.9760611760897,-27.534276600968568,0.13767138300484283,-0.03441784575121071,6.883569150242142,137.67138300484282,-0.06883569150242141,-0.13767138300484283,0.03441784575121071,1000.0,0.0,999.9311643084976,0.0,-881.8057650281639,0.0,281.459769133939,-519.0499985940097,0.0,-887.8866506271827,-427.72574721273173,857.766283876752,0.0,443.94332531359134,440.90288251408197,213.86287360636587,0.0,259.52499929700485,0.0,-245.3750450109442,0.0,-857.766283876752,-245.3750450109442,-281.459769133939,219.00508325511535,0.0,1496.5981,bhi
304,0.0,0.0,0.0,0.0,0.0,0.0,0.0,0.0,618.910864951127,0.0,0.0,0.0,0.0,0.0,0.0,0.0,378.36473891623393,405.71954755055145,0.0,-26.53547389248149,0.0,0.0,0.0,376.7089002372167,0.0,434.445117418825,0.0,0.0,0.0,-481.4915773725918,0.0,0.0,0.0,0.0,0.0,0.0,0.0,999.719560082996,0.0,-1000.0,978.9670062247252,0.0,0.0,-943.6755882060306,0.0,0.0,116.34263143776889,0.0,1000.0,0.0,0.0,0.0,0.0,0.07712097717583788,0.0,0.0,0.0,14.021995850183194,0.0,0.0,-352.66588174646444,0.0,0.0,-352.66588174646444,0.0,0.0,0.0,0.0,436.6682523562044,0.0,0.0,0.7010997925091598,0.0,0.0,0.0,0.0,0.0,0.0,0.0,870.2330776338714,0.0,0.0,550.1736819848586,0.0,42.06598755054958,0.0,346.49152957376725,0.0,0.0,109.37807759805634,-0.017527494812728993,0.0,0.0,-687.8233503933907,21.03299377527479,0.0,21.03299377527479,0.0,0.0,0.0,550.1736819848586,3.5054989625457984,-592.0932044104175,0.0,0.0,0.0,568.6001154955642,0.0,0.0,0.0,0.0,0.0,0.0,0.0,0.0,0.0,0.0,0.0,0.0,0.0,0.0,0.0,0.0,0.0,-848.1884076863703,0.0,0.0,21.03299377527479,0.0,21.734093567783948,0.0,0.0,-566.6109588282793,1000.0,-433.38904117172075,433.38904117172075,0.0,0.0,0.0,0.0,0.0,0.0,0.0,0.0,0.0,-198.28368400877082,0.07010997925091597,0.0,0.0,0.0,0.0,-809.7642376389575,0.0,0.0,0.0,0.0,405.6054160719621,0.0,0.0,0.0,0.0,0.0,999.9298900207491,999.9298900207491,0.0,0.0,0.0,0.0,-439.88492855561316,0.0,0.0,1000.0,0.0,0.0,0.0,572.2825120339298,0.0,0.0,0.0,0.0,0.0,0.0,0.0,0.0,0.0,0.0,-461.8244724642809,0.0,0.0,0.0,0.0,-1000.0,0.0,0.0,0.0,0.0,0.0,0.0,0.0,-109.37807759805634,109.37807759805634,0.0,0.0,0.0,0.0,0.0,0.0,0.0,110.60162703782575,-1000.0,0.0,0.0,0.0,0.0,0.0,0.0,0.0,0.0,0.0,0.0,0.0,0.0,0.0,79.22879207539869,-153.0110558567676,-896.8731615436421,0.0,0.0,0.0,0.0,183.4614626666583,0.0,0.0,0.0,0.0,-352.66588174646444,46.802426662388484,0.0,0.0,0.0,0.0,0.0,0.0,0.0,0.0,616.0542784762686,0.0,0.0,0.0,0.0,109.37807759805634,890.6219224019437,0.0,896.8731615436421,0.0,0.0,0.0,85.53417468611748,0.0,0.0,0.0,-235.61249571463452,0.0,0.0,-1000.0,0.0,0.0,-1000.0,0.0,0.0,-109.37807759805634,0.0,-730.1940039399865,0.0,0.0,12.145379443397246,0.0,0.0,0.0,-163.48100858316093,0.0,163.48100858316093,0.0,1000.0,0.0,0.0,0.0,0.0,0.0,0.0,-352.66588174646444,-0.10516496887637394,0.0,0.0,0.0,0.0,0.07010997925091597,0.0,0.0,0.0,179.4512650817984,378.36473891623393,0.0,-187.28145973691468,-286.58905517486284,0.0,1000.0,0.0,0.0,0.0,0.0,0.0,0.0,0.0,524.5692379795687,475.4307620204313,-1000.0,-1000.0,-1000.0,0.0,0.0,0.0,0.0,0.0,0.0,0.0,0.0,0.0,0.0,0.0,0.0,0.0,0.0,0.0,0.0,0.0,0.0,0.0,-1000.0,0.0,0.0,613.7967371443898,0.0,0.0,0.0,-417.77059446749774,0.0,0.0,0.0,0.0,0.0,-684.8256791416482,0.0,-3.5054989625457984,0.0,-227.2733352349876,-1000.0,-3.5054989625457984,-294.5686245517202,669.5598302972894,0.0,0.0,0.0,-1.7527494812728992,0.0,0.0,0.0,0.0,592.8651875798527,501.6983928809348,21.03299377527479,0.0,0.0,0.0,0.0,0.0,618.9809749303779,0.0,-79.22879207539869,79.22879207539869,79.22879207539869,-499.6390756386389,0.0,0.0,-923.2721772420346,0.0,0.0,110.60162703782575,0.0,0.0,-12.348704345394367,0.0,656.2499999999972,0.0,0.0,0.0,0.0,0.0,-415.20817177543574,0.14021995850180405,0.0,0.0,0.0,0.0,0.0,0.0,0.0,0.0,0.0,436.6682523562044,0.0,0.0,0.0,0.0,0.0,0.0,0.0,0.0,0.0,0.07712097717583788,0.07712097717583788,0.0,0.0,0.0,42.06598755054958,0.0,0.0,0.0,1000.0,0.0,0.0,346.49152957376725,0.0,0.0,625.4044320201373,-1000.0,0.0,0.0,0.0,0.0,0.0,0.0,0.0,0.0,0.0,0.0,0.0,0.0,0.0,282.7294692287901,-179.4512650817984,241.16412214339337,0.0,351.8899979760878,0.0,-1000.0,312.1766496066093,128.71518693995108,0.0,625.4044320201373,0.0,0.0,210.19626024470153,0.0,0.0,79.22879207539869,0.0,0.0,0.0,0.0,0.0,0.0,0.0,0.0,0.0,0.0,0.0,0.0,0.0,42.06598755054958,0.0,0.0,0.0,0.0,0.0,0.0,0.0,0.0,0.0,0.0,0.0,0.0,0.7010997925091598,0.0,0.0,346.49152957376725,-346.49152957376725,0.0,0.0,0.0,0.0,21.03299377527479,0.0,0.0,0.0,0.0,0.0,0.0,0.0,0.0,0.0,0.0,1000.0,1000.0,0.0,21.03299377527479,21.03299377527479,218.37837888684567,-1000.0,0.0,0.0,0.0,0.0,0.0,0.0,0.0,874.1127565825547,110.60162703782575,1000.0,0.07010997925091597,0.0,0.0,0.0,92.59024331215608,0.0,0.0,687.8233503933907,0.0,0.0,0.0,0.0,0.0,0.0,0.0,0.0,0.0,0.0,0.0,0.0,0.0,0.0,0.07010997925091597,0.0,0.0,0.0,0.0,0.0,0.0,0.0,0.0,0.0,0.0,196.02614267689202,0.0,0.0,-1000.0,-5.258248443818697,0.0,-3.5054989625457984,0.0,-234.375,-234.375,234.375,0.0,0.0,0.0,0.0,0.0,0.0,0.0,0.0,0.0,0.0,0.0,505.2038918434806,0.0,0.0,0.0,618.910864951127,0.0,0.0,0.07010997925091597,0.0,0.07010997925091597,0.0,0.0,0.0,42.06598755054958,85.53417468611748,85.53417468611748,0.0,0.0,0.0,0.0,0.0,0.0,0.0,241.16412214339337,0.0,110.60162703782575,0.0,0.0,530.6057071930724,0.0,0.0,0.0,0.0,0.0,0.0,0.0,0.0,0.0,0.0,0.0,0.0,0.0,0.0,183.4614626666583,0.0,-434.445117418825,434.445117418825,0.10516496887637394,0.0,0.0,0.0,-21.03299377527479,0.0,0.0,0.0,0.0,0.0,0.0,3.5054989625457984,0.0,0.0,0.0,0.0,439.88492855561316,395.3755785297575,-3.5054989625457984,0.0,656.2499999999972,0.0,0.0,0.0,0.0,0.0,0.0,0.0,0.0,249.92757850506246,-79.22879207539869,0.0,-772.8578737067899,0.0,0.0,-22.395015937740283,0.0,22.395015937740283,0.0,0.0,0.0,3.5054989625457984,1000.0,0.0,0.0,0.0,-705.3317634929289,-626.2026504231536,626.2026504231536,-953.1250000001171,953.1250000001171,0.0,0.0,0.0,0.0,0.0,451.30797557664346,0.0,85.53417468611748,0.0,0.0,0.0,0.0,0.0,0.0,0.0,0.0,0.0,616.0542784762686,0.0,0.0,15.774745331456117,-529.2584956683604,-33.0085038749653,0.0,21.03299377527479,346.49152957376725,0.0,0.0,0.0,-310.0853349779218,0.0,0.0,0.07712097717583788,0.0,0.0,0.0,42.76708734305874,0.0,0.0,0.0,0.0,-153.0110558567676,0.0,568.6001154955642,0.0,0.0,0.0,0.0,0.0,0.0,-1000.0,0.0,0.007010997925091597,0.007010997925091597,0.0,0.0,0.0,0.0,0.0,0.0,0.0,0.0,0.0,0.0,0.0,0.0,0.0,0.0,0.0,0.0,0.0,0.0,0.0,0.0,0.0,0.0,0.0,0.0,0.0,0.0,0.0,692.9830591475345,1000.0,0.0,405.71954755055145,0.0,0.0,0.0,42.06598755054958,0.0,0.0,0.0,0.0,0.0,0.0,-42.06598755054958,0.0,692.9830591475345,0.0,0.0,0.0,0.0,0.0,0.0,0.0,0.0,0.0,0.0,-1000.0,-717.9804478278628,578.6310429799498,0.0,-21.03299377527479,0.0,999.719560082996,0.0,0.0,0.0,0.0,0.0,0.0,0.0,0.0,0.0,0.0,0.0,0.0,0.0,0.0,0.0,0.0,0.0,-8.763747406364496,0.0,-5.258248443818697,525.3474587492536,0.0,0.0,0.0,0.0,0.0,-0.8763747406364496,0.0,12.348704345394367,0.0,0.0,0.0,0.0,0.0,0.0,0.0,1000.0,21.03299377527479,21.03299377527479,0.0,0.0,0.0,0.0,870.2330776338714,0.07712097717583788,0.0,0.0,0.0,-999.719560082996,0.0,0.0,0.0,0.0,0.0,0.0,0.0,0.0,0.0,0.0,0.0,0.0,0.0,0.0,0.0,0.0,0.0,0.0,0.0,73.61547821346176,351.8899979760878,0.0,0.0,0.0,0.0,0.0,0.0,0.0,218.4211586146323,0.0,0.0,0.0,-8.763747406364496,0.0,0.0,0.0,0.0,0.0,0.0,0.0,0.0,0.0,0.0,0.0,0.0,0.0,0.0,0.0,0.0,0.0,0.0,-0.07010997925091597,0.0,0.0,3.5054989625457984,-625.4044320201373,0.0,0.0,0.0,0.0,0.0,0.0,0.0,0.0,-524.5692379795687,1.7527494812728992,0.0,0.0,434.445117418825,0.07010997925091597,0.0,70.10997925091597,-21.734093567783948,14.021995850183194,0.5007855660779712,195.60684211005554,-0.05258248443818697,3.5054989625457984,1.4021995850183195,-0.3505498962548472,-195.60684211005554,21.03299377527479,-0.07010997925091597,0.0,0.0,0.017527494812728993,0.5007855660779712,0.0,-357.65303827051235,-1.4021995850183195,-757.5488125743038,-0.07010997925091614,0.017527494812728993,-195.60684211005554,7.010997925091597,0.07010997925091597,0.07010997925091597,0.14723095642675385,-346.4144085965913,-415.20817177543574,-0.05258248443818697,21.03299377527479,0.07010997925091597,21.03299377527479,-35.054989625457985,-0.035054989625457986,9.602755703473633,-190.5425705710008,-0.05258248443818697,-0.07010997925091597,-21.734093567783948,0.07010997925091597,7.010997925091597,-1.4021995850183195,183.4614626666583,183.4614626666583,-7.010997925091597,757.5488125743038,-183.4614626666583,14.021995850183194,0.10516496887637394,-1000.0,7.010997925091597,-282.7294692287901,0.0,-14.021995850183194,0.035054989625457986,0.7010997925091598,46.82036493422867,-65.2067962252155,-0.07010997925091597,-15.774745331456117,-0.14723095642675385,21.734093567783948,0.07010997925091597,357.65303827051235,-84.13197510109933,0.0,-0.07010997925091597,-0.017527494812728993,0.0,-0.07010997925091597,-983.8082872709999,0.07010997925091597,-0.017527494812728993,-0.017527494812728993,-0.017527494812728993,28.043991700366387,35.054989625457985,0.7010997925091598,295.76155665022844,-0.017527494812728993,93.64072986845734,3.5054989625457984,211.10958485026367,0.07010997925091597,0.035054989625457986,0.035054989625457986,7.010997925091597,21.734093567783948,0.07010997925091597,-21.734093567783948,0.7010997925091598,0.07010997925091597,-783.3992081956424,0.07010997925091597,0.280439917003946,0.3505498962548472,0.035054989625457986,0.017527494812728993,21.03299377527479,-0.07010997925091597,415.20817177543574,0.7010997925091598,-591.5231133004569,1.752749481272899,-7.010997925091597,14.021995850183194,3.5054989625457984,-0.07010997925091597,0.0,0.10516496887637394,-0.07010997925091597,-14.021995850183194,21.734093567783948,537.810120508188,0.035054989625457986,-422.21916970052735,-0.07010997925091597,-0.07010997925091597,-0.07010997925091597,0.035054989625457986,195.60684211005554,-14.021995850183194,0.07010997925091597,93.64072986845734,-0.017527494812728993,346.4144085965913,-93.64072986845734,10.516496887637393,190.5425705710008,413.15031392553266,195.60684211005554,-0.05258248443818697,15.774745331456117,65.2067962252155,0.07010997925091614,-0.017527494812728993,3.5054989625457984,70.10997925091597,-0.035054989625457986,-0.07010997925091597,0.017527494812728993,1000.0,0.0,999.9649450103745,487.6376515454139,-992.3921771687187,0.0,508.91278568013263,-1.5494305414450733,0.0,-1000.0,485.61707978845567,1000.0,0.0,500.0,496.19608858435936,-242.80853989422783,0.0,0.7747152707225367,0.0,-227.72478553026625,0.0,-1000.0,-227.72478553026625,-508.91278568013263,293.0168814280702,0.0,1496.5981,bhi
305,0.0,0.0,0.0,0.0,0.0,0.0,0.0,0.0,-0.16794020660371609,0.0,0.0,0.0,0.0,0.0,0.0,0.0,583.9701099315538,441.0443252625223,0.0,-554.4922725628148,0.0,0.0,0.0,769.9769906757481,0.0,0.0,0.0,0.0,0.0,-929.1839393553041,0.0,0.0,122.10172474798742,0.0,0.0,0.0,0.0,-75.79548777049627,0.0,-280.9962555155162,1000.0,0.0,0.0,0.0,0.0,0.0,285.3604192409955,0.0,-562.621739722458,0.0,0.0,0.0,0.0,0.18473422726377647,0.0,0.0,0.0,33.588041320743216,0.0,0.0,37.001300045038015,0.0,739.9498171347127,621.5774144599357,0.0,0.0,0.0,0.0,317.0685828234616,530.0812411418691,0.0,1.6794020660371607,0.0,0.0,0.0,0.0,0.0,0.0,0.0,0.0,0.0,0.0,0.0,0.0,100.76412396222965,0.0,0.0,0.0,-500.0,0.0,710.6599074781752,0.0,0.0,0.0,50.38206198111482,0.0,50.38206198111482,-5.407674652639102,0.0,0.0,0.0,8.397010330185804,-929.1839393553041,0.0,0.0,-393.05184744923713,0.0,0.0,0.0,0.0,0.0,0.0,0.0,0.0,0.0,0.0,0.0,0.0,0.0,0.0,0.0,0.0,0.0,0.0,-1000.0,0.0,0.0,50.38206198111482,0.0,52.06146404715198,0.0,0.0,-271.95974779563335,0.0,271.95974779563335,-271.95974779563335,-608.4680564751659,0.0,0.0,453.09435375535077,0.0,0.0,0.0,0.0,0.0,12.931395908486191,0.16794020660371606,710.7018925298262,0.0,0.0,0.0,-871.9989366624493,0.0,0.0,0.0,0.0,1000.0,0.0,0.0,0.0,0.0,0.0,714.8075209656082,714.8075209656082,0.0,0.0,0.0,0.0,1000.0,0.0,0.0,714.9754611722119,0.0,0.0,0.0,-660.4447299697742,-333.6565649214151,0.0,0.0,0.0,0.0,0.0,0.0,0.0,0.0,0.0,0.0,0.0,0.0,0.0,0.0,-1000.0,0.0,0.0,0.0,0.0,0.0,0.0,0.0,500.0,-500.0,0.0,0.0,0.0,0.0,0.0,0.0,0.0,0.0,-1000.0,0.0,0.0,0.0,0.0,0.0,0.0,0.0,0.0,0.0,0.0,0.0,0.0,0.0,0.0,258.37902849307727,907.8355691462083,0.0,0.0,0.0,0.0,281.2312172486107,0.0,0.0,0.0,0.0,37.001300045038015,907.8355691462083,0.0,0.0,0.0,0.0,0.0,0.0,0.0,0.0,0.0,0.0,0.0,0.0,0.0,-1000.0,-62.62173972245796,0.0,-907.8355691462083,0.0,0.0,155.3737027198151,-795.1129479434665,0.0,0.0,0.0,-68.71680806214943,0.0,0.0,-1000.0,0.0,0.0,-1000.0,0.0,0.0,0.0,0.0,949.1737924221654,0.0,0.0,187.32195917575712,0.0,0.0,0.0,-1000.0,0.0,1000.0,0.0,1000.0,155.3737027198151,0.0,-111.8206302006264,0.0,0.0,0.0,37.001300045038015,-0.25191030990557406,0.0,0.0,0.0,0.0,0.16794020660371606,0.0,0.0,0.0,668.3867207702745,583.9701099315538,0.0,-262.0345649661581,-23.159806059283937,333.6565649214151,864.3675998504953,0.0,187.99986865480128,0.0,-393.05184744923713,0.0,0.0,0.0,667.4732100355948,144.52692130960395,-1000.0,-1000.0,-1000.0,0.0,0.0,0.0,0.0,0.0,0.0,0.0,0.0,0.0,0.0,0.0,0.0,0.0,0.0,0.0,0.0,0.0,-1000.0,0.0,-924.8762730559183,0.0,0.0,0.0,0.0,0.0,0.0,-12.931395908486191,0.0,0.0,0.0,0.0,0.0,0.0,0.0,-36.532268934447835,31.678910189692974,-461.59550413306556,-11.39787326811927,-8.397010330185804,0.0,91.93564998392186,0.0,28.13525860426203,0.0,-35.877415354785875,0.0,0.0,0.0,-259.15900065959926,0.0,686.4002848928843,50.38206198111482,0.0,0.0,0.0,0.0,0.0,0.0,0.0,0.0,0.0,0.0,-640.536193871506,0.0,0.0,0.0,0.0,0.0,0.0,0.0,0.0,-81.37110262973908,0.0,343.7500000000871,186.01446213061956,0.0,0.0,0.0,0.0,-664.0019701504868,0.3358804132074847,0.0,0.0,0.0,0.0,0.0,0.0,0.0,0.0,0.0,691.7761212455156,0.0,0.0,0.0,0.0,0.0,0.0,0.0,0.0,0.0,0.18473422726377647,0.18473422726377647,0.0,26.771343467458102,0.0,100.76412396222965,0.0,0.0,0.0,1000.0,0.0,555.7098463384461,0.0,0.0,0.0,679.9451373876609,-1000.0,0.0,0.0,0.0,0.0,0.0,186.01446213061956,0.0,0.0,0.0,0.0,0.0,0.0,0.0,333.3333333333333,-668.3867207702745,871.9989366624493,0.0,12.931395908486191,0.0,0.0,0.0,-281.2312172486107,0.0,679.9451373876609,0.0,15.943167237174066,0.0,0.0,0.0,0.0,0.0,0.0,0.0,0.0,0.0,0.0,0.0,0.0,0.0,0.0,0.0,0.0,0.0,100.76412396222965,155.3737027198151,155.3737027198151,0.0,0.0,0.0,0.0,0.0,0.0,0.0,0.0,0.0,0.0,1.6794020660371607,0.0,0.0,0.0,0.0,0.0,0.0,0.0,0.0,50.38206198111482,0.0,0.0,0.0,0.0,0.0,0.0,0.0,0.0,0.0,0.0,1000.0,367.17650291362435,0.0,50.38206198111482,50.38206198111482,868.9041517680546,-1000.0,0.0,186.01446213061956,0.0,0.0,0.0,0.0,0.0,929.1839393553041,0.0,1000.0,0.16794020660371606,0.0,0.0,-522.0059316209873,743.7949658992807,0.0,0.0,0.0,0.0,-155.3737027198151,0.0,0.0,0.0,0.0,0.0,0.0,0.0,0.0,0.0,0.0,0.0,0.0,0.16794020660371606,0.0,0.0,0.0,0.0,0.0,0.0,0.0,0.0,0.0,0.0,-12.931395908486195,0.0,0.0,75.12372694408162,-12.595515495278706,-8.397010330185804,0.0,0.0,-140.62500000000003,-140.62500000000003,140.62500000000003,0.0,0.0,0.0,0.0,0.0,0.0,0.0,155.3737027198151,333.6565649214151,0.0,0.0,435.6382945634709,0.0,0.0,0.0,-0.16794020660371606,0.0,0.0,0.16794020660371606,0.0,0.16794020660371606,0.0,0.0,0.0,100.76412396222965,204.8870520565336,204.8870520565336,0.0,0.0,0.0,0.0,0.0,0.0,0.0,871.9989366624493,0.0,0.0,0.0,0.0,681.9328618241744,0.0,0.0,0.0,0.0,0.0,0.0,0.0,0.0,0.0,0.0,0.0,0.0,0.0,0.0,281.2312172486107,0.0,0.0,0.0,0.25191030990557406,0.0,0.0,0.0,-50.38206198111482,0.0,0.0,0.0,0.0,0.0,-26.771343467458102,8.397010330185804,0.0,0.0,0.0,0.0,-1000.0,-464.9500424828898,0.0,0.0,343.7500000000871,0.0,0.0,0.0,0.0,0.0,155.3737027198151,0.0,0.0,1000.0,26.771343467458102,0.0,-110.1033224064809,-393.05184744923713,0.0,-477.881438391376,0.0,477.881438391376,0.0,-1000.0,0.0,8.397010330185804,347.2835930139975,0.0,0.0,0.0,-81.37110262973908,-93.68749999998968,93.68749999998968,-609.3750000002451,609.3750000002451,0.0,0.0,0.0,0.0,0.0,39.366858962736806,-64.55788995329422,204.8870520565336,0.0,0.0,0.0,0.0,0.0,0.0,0.0,0.0,0.0,0.0,0.0,0.0,0.0,-913.5651555238089,0.0,0.0,50.38206198111482,0.0,0.0,0.0,0.0,-83.71628232771809,0.0,0.0,0.18473422726377647,0.0,0.0,0.0,102.4435260282668,0.0,0.0,0.0,0.0,258.37902849307727,0.0,0.0,0.0,0.0,0.0,0.0,0.0,0.0,0.0,0.0,0.016794020660371157,0.016794020660371157,0.0,0.0,0.0,0.0,0.0,0.0,0.0,0.0,0.0,-522.0059316209873,0.0,0.0,0.0,0.0,0.0,26.771343467458102,0.0,0.0,0.0,0.0,0.0,0.0,0.0,0.0,0.0,0.0,0.0,0.0,1000.0,0.0,441.0443252625223,0.0,0.0,0.0,100.76412396222965,0.0,0.0,0.0,0.0,0.0,0.0,-100.76412396222965,0.0,0.0,0.0,0.0,0.0,0.0,0.0,0.0,0.0,0.0,0.0,0.0,-1000.0,-1000.0,796.97190334772,0.0,-50.38206198111482,0.0,-75.79548777049627,0.0,0.0,0.0,0.0,0.0,0.0,0.0,0.0,0.0,0.0,0.0,0.0,0.0,0.0,0.0,0.0,0.0,-20.99252582546451,155.3737027198151,-12.595515495278706,733.89523628219,0.0,0.0,0.0,0.0,0.0,-2.099252582546451,0.0,81.37110262973908,0.0,0.0,0.0,0.0,0.0,0.0,0.0,1000.0,50.38206198111482,50.38206198111482,0.0,0.0,0.0,0.0,0.0,0.18473422726377647,26.771343467458102,0.0,0.0,75.79548777049627,0.0,0.0,0.0,0.0,0.0,0.0,0.0,0.0,0.0,0.0,0.0,0.0,0.0,0.0,0.0,0.0,0.0,0.0,0.0,176.33721693390189,0.0,0.0,12.931395908486191,0.0,0.0,0.0,26.771343467458102,0.0,451.1453575000649,0.0,0.0,0.0,-20.99252582546451,0.0,0.0,0.0,0.0,0.0,0.0,0.0,0.0,0.0,0.0,0.0,0.0,0.0,0.0,0.0,0.0,0.0,0.0,-0.16794020660371606,0.0,0.0,8.397010330185804,-679.9451373876609,0.0,0.0,0.0,0.0,155.3737027198151,0.0,0.0,0.0,-667.4732100355948,4.198505165092902,0.0,0.0,0.0,0.16794020660371606,0.0,167.94020660371606,-52.06146404715198,33.588041320743216,1.1995729043122576,468.5531764243678,-0.12595515495278703,8.397010330185802,3.358804132074322,-0.8397010330183576,-468.5531764243678,50.38206198111482,-0.16794020660371609,131.01728248307904,186.01446213061956,0.04198505165092902,1.1995729043122576,-393.05184744923713,-26.736080891311076,-3.358804132074322,-470.52216263126127,-0.16794020660371609,0.04198505165092902,-468.5531764243678,329.93581912185033,0.16794020660371609,0.16794020660371606,-26.418669033590607,0.18473422726408725,0.0,-0.12595515495278703,50.38206198111482,0.16794020660371609,50.38206198111482,-83.97010330185805,-0.08397010330185803,-213.89630510152574,-298.193178115586,-0.12595515495278703,-0.16794020660371609,-52.06146404715198,0.16794020660371606,16.794020660371608,-3.358804132074322,281.2312172486107,281.2312172486107,-16.794020660371608,470.52216263126127,-281.2312172486107,33.588041320743216,0.25191030990557406,282.7968769140508,16.794020660371608,-333.3333333333333,186.01446213061956,-33.588041320743216,0.08397010330185803,1.6794020660371607,65.50864124153952,60.35938478820132,-0.16794020660371606,-64.55788995329422,26.418669033590607,52.06146404715198,0.16794020660371609,26.736080891311076,-328.6555842553182,186.01446213061956,-0.16794020660371606,-0.04198505165092902,-186.01446213061956,-0.16794020660371609,-664.0019701504868,0.16794020660405715,-0.041985051650929014,-0.04198505165092902,-0.041985051650929014,67.17608264148643,83.97010330185805,1.6794020660371607,416.28180037835176,-0.04198505165092902,0.0,8.397010330185804,340.39799540542924,0.16794020660371606,0.08397010330185803,0.08397010330185804,32.11440036577385,52.06146404715198,0.16794020660371606,-52.06146404715198,1.6794020660371607,0.16794020660371609,-1000.0,0.16794020660371609,0.6717608264146406,0.8397010330183576,0.08397010330185804,0.04198505165092902,50.38206198111482,-0.16794020660371606,0.0,1.679402066037161,-832.5636007567035,4.198505165092904,-16.794020660371608,33.588041320743216,8.397010330185804,-0.16794020660371609,393.05184744923713,0.25191030990557406,-0.16794020660371609,-64.2288007315477,52.06146404715198,396.2683567926809,0.08397010330185803,-680.7959908108585,-0.16794020660371609,-0.16794020660405715,-0.16794020660371609,0.08397010330185804,468.5531764243678,-33.588041320743216,0.16794020660371606,131.01728248307904,-0.04198505165092902,-0.18473422726408725,-131.01728248307904,25.191030990557405,298.193178115586,-372.27354642675914,468.5531764243678,-0.12595515495278703,64.55788995329422,-60.35938478820132,0.16794020660371609,-0.04198505165092899,8.397010330185804,167.94020660371606,-0.08397010330185803,-0.16794020660371609,0.04198505165092902,120.94719237508161,0.0,-282.88084701735266,583.7181996216482,-1000.0,0.0,-36.63866019282496,-518.8650507631663,313.14179846147874,-761.2356917460498,1000.0,948.514217748187,0.0,380.6178458730249,500.0,-500.0,-313.14179846147874,259.43252538158316,-26.771343467458102,-312.5520744649628,0.0,-948.514217748187,-312.5520744649628,36.638660192825,137.61145170106082,0.0,1496.5981,bhi
306,0.0,0.0,0.0,0.0,0.0,0.0,0.0,0.0,-0.19025234488431614,0.0,0.0,0.0,0.0,0.0,0.0,0.0,-393.09912175216465,422.6315329648338,0.0,0.0,0.0,0.0,0.0,0.0,0.0,0.0,0.0,0.0,0.0,-155.60386770386253,75.67168454174794,-75.67168454174794,44.19513300641381,0.0,0.0,0.0,0.0,999.2389906204627,0.0,-828.7710547707986,942.9242965347051,0.0,0.0,-15.483103659825701,0.0,0.0,0.0,0.0,-435.8139068841472,0.0,0.0,0.0,0.0,0.2092775793732926,0.0,0.0,0.0,38.05046897686323,0.0,0.0,-26.0896492162152,0.0,0.0,-73.75705562775497,0.0,0.0,0.0,0.0,0.0,0.0,0.0,1.9025234488431615,0.0,0.0,0.0,0.0,0.0,0.0,0.0,0.0,0.0,0.0,0.0,0.0,114.15140693058969,0.0,0.0,0.0,-124.79229419325668,323.2286243919402,-0.047563086221079034,0.0,0.0,719.8754262485547,57.07570346529484,0.0,57.07570346529484,-425.77800994608396,594.9975461152843,0.0,0.0,9.512617244215807,-155.60386770386253,0.0,0.0,-77.52281709286959,0.0,289.94235011797105,0.0,0.0,0.0,0.0,0.0,0.0,0.0,0.0,0.0,0.0,0.0,0.0,0.0,0.0,0.0,0.0,-972.7618930655865,0.0,0.0,57.07570346529484,0.0,58.978226914138,0.0,0.0,751.0378839848347,0.0,-751.0378839848347,751.0378839848347,-47.66740641153977,0.0,0.0,0.0,0.0,0.0,0.0,0.0,0.0,14.649430556092403,0.19025234488431614,0.0,0.0,0.0,-1000.0,0.0,0.0,0.0,0.0,0.0,1000.0,0.0,0.0,0.0,0.0,0.0,200.4638466013289,200.4638466013289,0.0,0.0,0.0,-828.125,317.4775315663703,0.0,0.0,276.3257834879612,0.0,0.0,0.0,-229.2378646896089,0.0,0.0,0.0,0.0,0.0,0.0,0.0,0.0,0.0,0.0,-2.448202516432218,0.0,0.0,0.0,0.0,-714.4929077573437,0.0,0.0,0.0,0.0,0.0,0.0,0.0,124.79229419325668,-124.79229419325668,47.66740641153977,0.0,0.0,0.0,0.0,0.0,0.0,0.0,1000.0,0.0,0.0,0.0,0.0,0.0,0.0,0.0,0.0,0.0,0.0,0.0,0.0,0.0,469.3385390993395,76.10093795372646,984.5168963401743,0.0,0.0,0.0,0.0,432.25330536351424,0.0,0.0,0.0,0.0,-26.0896492162152,1000.0,75.67168454174794,0.0,265.6331966672631,0.0,0.0,0.0,0.0,0.0,0.0,0.0,0.0,0.0,-70.15587587755095,-319.7404642640642,-311.0216126908905,0.0,-984.5168963401743,0.0,0.0,47.66740641153977,-767.8921392411344,0.0,0.0,0.0,-47.675348386062296,0.0,0.0,956.7573674653871,-754.7193769051739,-28.825658113150467,985.5830255785376,725.8937187920235,0.0,0.0,0.0,983.2377340422377,0.0,0.0,50.88333045218798,0.0,0.0,0.0,-1000.0,0.0,1000.0,0.0,275.94527879819253,0.0,0.0,1000.0,-828.125,0.0,0.0,-26.0896492162152,-0.2853785173264742,0.0,0.0,0.0,0.0,0.19025234488431614,0.0,0.0,0.0,177.4964925169948,-393.09912175216465,0.0,-51.681878061913054,625.2473501017257,0.0,1000.0,0.0,0.0,0.0,-77.52281709286959,0.0,0.0,0.0,853.2964168597033,-853.2964168597033,0.0,-365.6587214391064,-610.3647244081862,0.0,0.0,0.0,0.0,0.0,0.0,0.0,0.0,0.0,0.0,0.0,0.0,0.0,0.0,0.0,0.0,265.6331966672631,0.0,0.0,-1000.0,0.0,0.0,343.98019989906015,0.0,0.0,639.8775612648888,61.02225398565553,0.0,594.9975461152843,0.0,0.0,0.0,853.2964168597033,0.0,0.0,0.0,0.0,525.3902755551742,-9.512617244215807,-125.85192614097512,-1000.0,0.0,-9.512617244215807,0.0,-4.756308622107904,0.0,-70.65349599362423,0.0,0.0,252.76475334913022,254.80272996223516,57.07570346529484,0.0,0.0,0.0,660.7930269575603,0.0,0.0,0.0,-469.3385390993395,469.3385390993395,469.3385390993395,-772.3114683423424,0.0,0.0,0.0,0.0,0.0,0.0,0.0,0.0,-99.84670484397017,0.0,0.0,0.0,0.0,0.0,0.0,0.0,-980.9747655115684,0.38050468976882695,0.0,0.0,0.0,0.0,0.0,0.0,0.0,0.0,0.0,0.0,0.0,0.0,0.0,0.0,0.0,0.0,0.0,0.0,0.0,0.2092775793732926,0.2092775793732926,75.67168454174794,24.861876628064714,0.0,114.15140693058969,0.0,0.0,0.0,-514.9397889765953,0.0,0.0,0.0,0.0,0.0,1000.0,514.9397889765953,0.0,0.0,0.0,0.0,0.0,0.0,0.0,0.0,0.0,0.0,0.0,0.0,0.0,324.2539643551955,-177.4964925169948,1000.0,0.0,14.649430556092403,0.0,0.0,719.8754262485547,239.9547144735007,0.0,1000.0,0.0,1000.0,-980.9747655115684,-343.75000000000034,343.75000000000034,469.3385390993395,0.0,0.0,0.0,0.0,0.0,0.0,0.0,0.0,0.0,0.0,0.0,0.0,0.0,114.15140693058969,47.66740641153977,47.66740641153977,0.0,0.0,0.0,0.0,0.0,0.0,0.0,0.0,0.0,0.0,1.9025234488431615,0.0,75.67168454174794,0.0,0.0,75.67168454174794,0.0,0.0,0.0,57.07570346529484,0.0,0.0,0.0,0.0,0.0,0.0,0.0,0.0,0.0,0.0,-962.7570656391572,1000.0,0.0,57.07570346529484,57.07570346529484,-53.039595219850355,514.9397889765953,0.0,0.0,0.0,0.0,0.0,0.0,0.0,-478.73741085703114,0.0,-428.68390815991484,0.19025234488431614,0.0,0.0,-64.49511380560227,315.75051413175373,0.0,0.0,-719.8754262485547,0.0,0.0,0.0,0.0,0.0,0.0,0.0,0.0,0.0,0.0,0.0,0.0,0.0,0.0,0.19025234488431614,0.0,0.0,0.0,0.0,0.0,0.0,0.0,0.0,0.0,0.0,1000.0,0.0,0.0,-1000.0,-14.26892586632371,-9.512617244215807,0.0,0.0,0.0,0.0,0.0,0.0,0.0,0.0,0.0,0.0,0.0,0.0,47.66740641153977,0.0,0.0,0.0,264.31534720645095,0.0,0.0,0.0,-0.19025234488431614,0.0,0.0,0.19025234488431614,0.0,0.19025234488431614,0.0,0.0,0.0,114.15140693058969,232.10786075886568,232.10786075886568,0.0,0.0,0.0,0.0,0.0,0.0,0.0,1000.0,0.0,0.0,0.0,0.0,0.0,869.6771437542434,0.0,0.0,0.0,0.0,0.0,0.0,0.0,0.0,0.0,0.0,0.0,0.0,0.0,479.92071177505403,0.0,0.0,0.0,0.2853785173264742,0.0,0.0,0.0,-57.07570346529484,0.0,0.0,0.0,0.0,0.0,-24.861876628064714,9.512617244215807,0.0,0.0,0.0,828.125,-317.4775315663703,-61.02225398565553,0.0,0.0,0.0,0.0,0.0,0.0,0.0,0.0,47.66740641153977,0.0,0.0,1000.0,-444.47666247127484,0.0,970.7419478906892,-77.52281709286959,0.0,0.0,594.9975461152843,-594.9975461152843,0.0,-1000.0,0.0,9.512617244215807,1000.0,0.0,473.8015669601203,-75.67168454174794,-99.84670484397017,906.2499999999905,-906.2499999999905,-578.1250000002625,578.1250000002625,0.0,0.0,0.0,0.0,0.0,41.579005010820644,-67.66865422703584,232.10786075886568,0.0,75.67168454174794,75.67168454174794,0.0,0.0,0.0,0.0,0.0,0.0,0.0,0.0,0.0,0.0,-251.25540032615146,-797.564832833107,0.0,57.07570346529484,0.0,0.0,0.0,0.0,-411.296892213103,0.0,0.0,0.2092775793732926,0.0,0.0,0.0,116.05393037943284,0.0,0.0,0.0,0.0,76.10093795372646,0.0,0.0,0.0,0.0,0.0,0.0,0.0,0.0,568.3008024760888,0.0,0.01902523448843163,0.01902523448843163,0.0,0.0,0.0,0.0,0.0,0.0,0.0,0.0,0.0,-64.49511380560227,75.67168454174794,0.0,0.0,0.0,0.0,24.861876628064714,0.0,0.0,0.0,0.0,0.0,0.0,0.0,0.0,0.0,0.0,0.0,0.0,548.9463308537225,-787.7207471999614,422.6315329648338,0.0,0.0,0.0,114.15140693058969,0.0,0.0,0.0,0.0,0.0,885.8485930694103,-1000.0,0.0,0.0,0.0,0.0,0.0,0.0,0.0,0.0,0.0,75.67168454174794,75.67168454174794,0.0,818.3191837517286,-1000.0,1000.0,-1000.0,942.9242965347051,0.0,999.2389906204627,0.0,0.0,0.0,0.0,0.0,0.0,0.0,0.0,0.0,265.625,0.0,-265.6250000000001,-265.625,0.0,0.0,0.0,0.0,-23.781543110539516,47.66740641153977,-14.26892586632371,923.0768721149556,0.0,0.0,0.0,0.0,0.0,-1000.0,997.621845688946,99.84670484397017,0.0,0.0,0.0,0.0,0.0,0.0,0.0,1000.0,57.07570346529484,57.07570346529484,0.0,0.0,0.0,0.0,0.0,0.2092775793732926,24.861876628064714,0.0,0.0,-999.2389906204627,0.0,0.0,0.0,0.0,0.0,0.0,0.0,0.0,0.0,0.0,0.0,0.0,0.0,0.0,0.0,0.0,0.0,0.0,0.0,199.76496212853195,14.649430556092403,0.0,0.0,0.0,0.0,0.0,24.861876628064714,0.0,-30.28817330558411,0.0,0.0,0.0,-23.781543110539516,0.0,0.0,0.0,0.0,0.0,0.0,0.0,0.0,0.0,0.0,0.0,0.0,0.0,0.0,0.0,0.0,0.0,0.0,-0.19025234488431614,0.0,0.0,9.512617244215807,-1000.0,0.0,0.0,0.0,0.0,47.66740641153977,0.0,0.0,0.0,-853.2964168597033,4.756308622107904,0.0,0.0,0.0,0.19025234488431614,0.0,190.25234488431613,-58.978226914138,38.05046897686323,1.3589453206022581,530.804042227242,-0.1426892586632371,9.512617244215807,3.805046897686323,-0.9512617244216293,-530.804042227242,57.07570346529484,-0.19025234488431614,25.840939030956527,0.0,0.047563086221079034,1.3589453206022581,-77.52281709286959,-30.28817330558411,71.86663764406161,-29.53241121266916,-0.19025234488431614,0.047563086221079034,-530.804042227242,19.025234488431614,0.19025234488431614,0.19025234488431614,-24.462346703807103,0.20927757937274777,-870.124264332243,-0.1426892586632371,57.07570346529484,0.19025234488431614,57.07570346529484,-95.12617244215807,-0.09512617244215807,25.169898517982194,-451.4687921968302,-0.1426892586632371,-0.19025234488431614,-58.978226914138,0.19025234488431614,19.025234488431614,-3.805046897686323,479.92071177505403,479.92071177505403,-19.025234488431614,29.53241121266916,-479.92071177505403,38.05046897686323,0.2853785173264742,-103.65117139718512,19.025234488431614,-324.2539643551955,0.0,-38.05046897686323,0.09512617244215807,1.9025234488431615,12.920469515478263,-406.4261934944116,-0.19025234488431614,-67.66865422703584,24.462346703807103,58.978226914138,0.19025234488431614,30.28817330558411,-228.3028138611794,0.0,-0.19025234488431614,-0.047563086221079034,0.0,-0.1902523448843162,-980.9747655115684,0.19025234488431614,-0.047563086221079034,-0.047563086221079034,-0.047563086221079034,76.10093795372646,95.12617244215807,1.9025234488431615,140.9532060161689,-0.047563086221079034,0.0,9.512617244215807,500.0,0.19025234488431614,0.09512617244215807,0.0951261724421581,19.025234488431614,58.978226914138,0.19025234488431614,-58.978226914138,1.9025234488431615,0.19025234488431614,-140.9532060161689,0.19025234488431614,0.7610093795373416,0.9512617244216293,0.09512617244215807,0.047563086221079034,57.07570346529484,-0.19025234488431614,870.124264332243,-35.933318822030806,-281.9064120323378,4.756308622107904,-19.025234488431614,38.05046897686323,9.512617244215807,-0.19025234488431614,77.52281709286959,0.2853785173264742,-0.19025234488431614,-38.05046897686323,58.978226914138,1000.0,0.09512617244215807,-1000.0,-0.19025234488431614,-0.19025234488431614,-0.19025234488431614,0.09512617244215807,530.804042227242,-38.05046897686323,0.19025234488431614,25.840939030956527,-0.047563086221079034,-0.20927757937274777,-25.840939030956527,28.537851732647418,451.4687921968302,-293.99939511115565,530.804042227242,-0.1426892586632371,67.66865422703584,406.4261934944116,0.19025234488431614,-0.04756308622107905,9.512617244215807,190.25234488431613,-0.09512617244215807,-0.19025234488431614,0.047563086221079034,0.0,0.0,-219.6725791671972,0.0,-247.65053134443383,0.0,562.2910318498907,-125.92252692122733,0.0,-465.0575918751264,150.99078950078876,-8.792416867552404,-323.2286243919402,232.5287959375632,123.82526567221691,-75.49539475039438,0.0,62.961263460613665,-24.861876628064714,-588.703107786897,323.2286243919402,8.792416867552404,-588.703107786897,-562.2910318498907,385.78430561131927,0.0,1496.5981,bhi
307,0.0,0.0,0.0,0.0,0.0,0.0,0.0,0.0,-0.17415167185833402,0.0,0.0,0.0,0.0,0.0,0.0,0.0,940.0112451370517,278.00824654348156,0.0,-835.2405709323034,0.0,0.0,0.0,490.012086266233,0.0,274.7903743051028,0.0,0.0,0.0,59.98875486294831,0.0,0.0,751.5284918238623,0.0,0.0,0.0,0.0,496.42738544924106,0.0,-1000.0,947.7544984424998,0.0,0.0,0.0,0.0,0.0,0.0,0.0,-1000.0,-733.7573202520784,0.0,0.0,0.0,0.19156683904445337,0.0,0.0,0.0,0.0,0.0,0.0,-29.91687175141622,0.0,29.91687175141622,0.0,0.0,0.0,0.0,0.0,71.67960213504848,-71.67960213504848,0.0,1.7415167185833407,0.0,0.0,0.0,0.0,0.0,0.0,0.0,0.0,0.0,0.0,123.7406163751686,0.0,104.49100311500042,0.0,14.579914516426253,363.0923186554426,-536.5663881395938,0.0,-0.04353791796458351,0.0,0.0,0.0,52.24550155750021,0.0,52.24550155750021,0.0,0.0,0.0,261.438370173344,8.707583592916702,59.98875486294831,0.0,0.0,-135.6224766890179,0.0,0.0,0.0,0.0,0.0,0.0,0.0,0.0,0.0,0.0,0.0,0.0,0.0,0.0,0.0,0.0,0.0,0.0,-1000.0,0.0,0.0,52.24550155750021,0.0,53.98701827608356,0.0,0.0,0.0,0.0,0.0,0.0,0.0,0.0,0.0,0.0,0.0,0.0,0.0,0.0,0.0,-95.75102312565065,0.17415167185833402,0.0,0.0,0.0,-268.23259218158535,0.0,0.0,0.0,137.69775379817543,0.0,999.8705615935561,0.0,0.0,0.0,0.0,0.0,999.8258483281417,999.8258483281417,0.0,0.0,0.0,-765.625,0.0,0.0,0.0,1000.0,0.0,0.0,0.0,969.5750616368756,-245.7625302114643,0.0,0.0,0.0,0.0,0.0,0.0,0.0,0.0,0.0,-403.186531872194,0.0,0.0,0.0,0.0,-1000.0,0.0,0.0,0.0,0.0,0.0,733.7573202520784,0.0,920.3246430442645,-920.3246430442645,0.0,0.0,0.0,0.0,0.0,0.0,0.0,0.0,-1000.0,0.0,0.0,0.0,0.0,0.0,0.0,0.0,0.0,0.0,0.0,0.0,0.0,0.0,0.0,415.99469687725366,0.0,0.0,0.0,0.0,0.0,151.11569199148084,0.0,0.0,0.0,0.0,-29.91687175141622,0.0,0.0,0.0,584.5508138405611,0.0,0.0,0.0,0.0,0.0,5.607683833836733,34.83033437166681,0.0,0.0,456.8910311838582,-1000.0,283.4169616997071,0.0,0.0,0.0,0.0,0.0,264.04180813408294,0.0,0.0,0.0,342.0371168723707,0.0,0.0,-754.787241264675,-754.787241264675,0.0,0.0,0.0,754.787241264675,383.75825490467076,0.0,1000.0,733.7573202520784,0.0,334.76747249327116,0.0,0.0,0.0,417.2184447760696,0.0,-417.2184447760696,0.0,1000.0,0.0,0.0,-936.375060891154,-765.6249999999999,0.0,0.0,-29.91687175141622,-0.26122750778750103,0.0,0.0,0.0,0.0,0.17415167185833402,0.0,0.0,0.0,791.0311226171822,940.0112451370517,0.0,-866.3402095159598,294.51934211340176,245.7625302114643,1000.0,0.0,134.28835416996162,0.0,-135.6224766890179,0.0,0.0,0.0,865.7116458300384,0.0,-1000.0,270.5424634405198,-140.20476383287294,0.0,0.0,0.0,0.0,0.0,0.0,0.0,0.0,0.0,0.0,0.0,0.0,0.0,0.0,0.0,0.0,584.5508138405611,-502.876007863326,0.0,-1000.0,137.69775379817543,0.0,0.0,0.0,0.0,0.0,90.14333929181392,0.0,0.0,0.0,475.53848040930995,0.0,0.0,0.0,-631.5125437791332,0.0,-71.67960213504848,135.15486746273058,0.0,-590.7398113435979,0.0,0.0,622.8049601862166,285.16831061268084,-4.353791796458351,-8.707583592916702,-1000.0,0.0,-113.19858670791714,1000.0,0.0,52.24550155750021,0.0,0.0,0.0,0.0,0.0,0.0,0.0,0.0,0.0,0.0,-596.3849624513678,0.0,0.0,-44.08804689299542,0.0,0.0,0.0,0.0,0.0,-30.673914469979934,0.0,0.0,0.0,0.0,0.0,0.0,0.0,95.51660313816811,0.34830334371647503,0.0,0.0,0.0,0.0,0.0,0.0,0.0,0.0,0.0,0.0,0.0,0.0,0.0,0.0,0.0,0.0,0.0,0.0,0.0,0.19156683904445337,0.19156683904445337,0.0,70.51897740252046,0.0,104.49100311500042,0.0,0.0,0.0,1000.0,0.0,0.0,14.579914516426253,0.0,0.0,523.2170638565703,-1000.0,0.0,0.0,0.0,0.0,0.0,0.0,0.0,0.0,0.0,0.0,0.0,0.0,0.0,333.3333333333333,-791.0311226171822,268.23259218158535,0.0,27.989593249517952,0.0,0.0,0.0,-151.11569199148084,0.0,523.2170638565703,0.0,618.7336669947384,0.0,0.0,0.0,0.0,0.0,0.0,0.0,0.0,0.0,0.0,0.0,0.0,0.0,0.0,0.0,0.0,0.0,104.49100311500042,0.0,0.0,0.0,0.0,0.0,0.0,0.0,0.0,0.0,0.0,0.0,0.0,1.7415167185833407,0.0,0.0,14.579914516426253,-14.579914516426253,0.0,0.0,0.0,0.0,52.24550155750021,0.0,0.0,0.0,0.0,0.0,0.0,0.0,0.0,0.0,0.0,899.6282281279416,0.0,0.0,52.24550155750021,52.24550155750021,904.1398316260029,-1000.0,0.0,0.0,0.0,0.0,0.0,0.0,0.0,606.102900722063,0.0,1000.0,0.17415167185833402,0.0,0.0,0.0,229.99216149919562,48.13172380638309,0.0,0.0,0.0,0.0,0.0,0.0,0.0,0.0,0.0,0.0,0.0,0.0,0.0,0.0,0.0,0.0,0.17415167185833402,0.0,0.0,0.0,-342.216103948096,342.216103948096,0.0,0.0,0.0,0.0,0.0,593.0193471551399,0.0,0.0,-1000.0,-13.061375389375053,-8.70758359291671,0.0,0.0,-984.375,-984.375,984.375,0.0,0.0,0.0,0.0,0.0,0.0,0.0,0.0,245.7625302114643,0.0,0.0,-104.49100311500042,0.0,0.0,0.0,-0.17415167185833402,0.0,0.0,0.17415167185833402,0.0,0.17415167185833402,0.0,0.0,0.0,104.49100311500042,212.46503966716756,212.46503966716756,0.0,0.0,0.0,0.0,0.0,0.0,0.0,268.23259218158535,0.0,0.0,0.0,0.0,64.99093557689093,815.7151692001503,0.0,0.0,0.0,0.0,0.0,0.0,0.0,0.0,0.0,0.0,0.0,0.0,0.0,151.11569199148084,0.0,-687.5767529709938,687.5767529709938,0.26122750778750103,0.0,0.0,0.0,-52.24550155750021,0.0,0.0,0.0,0.0,0.0,-70.51897740252046,8.707583592916702,0.0,0.0,0.0,765.6249999999999,0.0,-593.0193471551399,0.0,0.0,0.0,0.0,0.0,0.0,0.0,0.0,0.0,0.0,0.0,748.5125361364608,70.51897740252046,0.0,-74.09120939170535,-87.49075288263481,502.876007863326,-502.876007863326,0.0,0.0,137.69775379817543,51.57676846691538,0.0,8.70758359291671,893.1130114795322,0.0,0.0,0.0,-59.83374350283244,0.0,0.0,-171.84375000021004,171.84375000021004,0.0,0.0,0.0,0.0,0.0,377.0637810934438,0.0,212.46503966716756,0.0,0.0,0.0,0.0,0.0,0.0,0.0,0.0,0.0,5.607683833836733,0.0,0.0,109.70310357064568,-229.99216149919562,0.0,0.0,52.24550155750021,14.579914516426253,0.0,0.0,0.0,215.88371184958612,0.0,0.0,0.19156683904445337,0.0,0.0,0.0,106.23251983358378,0.0,0.0,0.0,0.0,415.99469687725366,0.0,0.0,0.0,0.0,0.0,0.0,0.0,0.0,0.0,0.0,0.017415167185833403,0.017415167185833403,0.0,0.0,0.0,0.0,0.0,0.0,0.0,0.0,0.0,0.0,0.0,0.0,0.0,0.0,0.0,70.51897740252046,0.0,0.0,0.0,0.0,0.0,0.0,0.0,733.7573202520784,0.0,0.0,0.0,29.159829032852507,44.78191934179997,1000.0,278.00824654348156,0.0,0.0,0.0,104.49100311500042,0.0,0.0,0.0,0.0,0.0,895.5089968849995,-1000.0,0.0,29.159829032852507,0.0,0.0,0.0,0.0,0.0,0.0,0.0,0.0,0.0,0.0,-140.20476383287294,936.6341190255312,1000.0,0.0,-52.24550155750021,0.0,496.42738544924106,0.0,0.0,0.0,0.0,0.0,0.0,0.0,0.0,0.0,0.0,0.0,0.0,0.0,0.0,0.0,0.0,0.0,-21.768958982291764,0.0,-13.061375389375053,867.6447293876661,0.0,0.0,0.0,0.0,0.0,-2.176895898229176,0.0,168.37166826815536,0.0,0.0,0.0,0.0,0.0,0.0,0.0,1000.0,52.24550155750021,52.24550155750021,0.0,0.0,0.0,0.0,0.0,0.19156683904445337,70.51897740252046,0.0,0.0,-496.42738544924106,0.0,0.0,0.0,0.0,0.0,0.0,0.0,0.0,0.0,0.0,0.0,0.0,0.0,0.0,206.39318933294552,0.0,0.0,0.0,0.0,182.85925545125073,0.0,0.0,27.989593249517952,0.0,0.0,0.0,70.51897740252046,0.0,584.3117635622232,0.0,0.0,0.0,-21.768958982291764,0.0,0.0,0.0,0.0,0.0,0.0,0.0,0.0,0.0,0.0,0.0,0.0,0.0,0.0,0.0,0.0,0.0,0.0,-0.17415167185833402,0.0,0.0,8.707583592916702,-523.2170638565703,0.0,0.0,0.0,0.0,0.0,0.0,0.0,0.0,-865.7116458300384,4.353791796458351,0.0,0.0,274.7903743051028,0.17415167185833402,0.0,174.15167185833403,-53.98701827608356,34.83033437166681,1.2439405132738144,485.88316448475206,-0.13061375389375052,8.707583592916649,3.483033437166681,-0.8707583592912953,-485.88316448475206,52.24550155750021,-0.17415167185833405,45.20749222967263,0.0,0.04353791796458351,1.2439405132738146,-135.6224766890179,-42.3048606762714,-3.483033437166681,-382.7789207482299,-0.17415167185833405,0.04353791796458351,-485.88316448475206,17.415167185833404,0.17415167185833405,0.17415167185833402,-70.15325889161767,-14.388347677382086,-336.6352115012751,-0.13061375389375052,52.24550155750021,0.17415167185833405,52.24550155750021,-87.07583592916703,-0.08707583592916703,-391.9903967142452,-168.7050108491726,-0.13061375389375052,-0.17415167185833405,-53.98701827608356,0.17415167185833402,17.415167185833404,-3.483033437166681,151.11569199148084,151.11569199148084,-17.415167185833404,382.7789207482299,-151.11569199148084,34.83033437166681,0.26122750778750103,-1000.0,17.415167185833404,-333.3333333333333,0.0,-34.83033437166681,0.08707583592916703,1.7415167185833407,216.58505237898996,105.34931177418727,-0.17415167185833402,-109.70310357064568,70.15325889161767,53.98701827608356,0.17415167185833405,42.3048606762714,-208.98200623000105,0.0,-0.17415167185833402,-0.04353791796458351,0.0,-0.17415167185833405,95.51660313816811,0.17415167185833405,-0.04353791796458351,-0.04353791796458351,-0.04353791796458351,69.66066874333362,87.07583592916703,1.7415167185833407,370.45411311074406,-0.04353791796458351,387.96261252830726,8.707583592916702,-39.05071797616735,0.17415167185833402,0.08707583592916703,0.08707583592916703,17.415167185833404,53.98701827608356,0.17415167185833402,-53.98701827608356,1.7415167185833407,0.17415167185833405,-853.31309955615,0.17415167185833405,0.6966066874329613,0.8707583592912953,0.08707583592916703,0.04353791796458351,52.24550155750021,-0.17415167185833405,336.6352115012751,1.7415167185833405,-740.9082262214881,4.353791796458404,-17.415167185833404,34.83033437166681,8.707583592916702,-0.17415167185833405,135.6224766890179,0.26122750778750103,-0.17415167185833405,-34.83033437166681,53.98701827608356,192.0692340329732,0.08707583592916703,78.1014359523347,-0.17415167185833405,-0.17415167185833405,-0.17415167185833405,0.08707583592916703,485.88316448475206,-34.83033437166681,0.17415167185833402,433.1701047579799,-0.04353791796458351,14.388347677382086,-433.1701047579799,26.122750778750103,168.7050108491726,140.77728810930017,485.88316448475206,-0.13061375389375052,109.70310357064568,-105.34931177418727,0.17415167185833405,-0.04353791796458352,484.24606400222666,174.15167185833403,-0.08707583592916703,-0.17415167185833405,0.04353791796458351,1000.0,0.0,616.1546692594001,482.8589864454059,-1000.0,0.0,508.73695054557595,-842.8679966545666,0.0,-1000.0,649.0453809623357,307.49346720162384,-383.75825490467076,500.0,500.0,-324.52269048116784,0.0,421.4339983272833,-70.51897740252046,-407.95294588255933,383.75825490467076,-307.49346720162384,-407.95294588255933,-508.73695054557595,350.1518947948718,0.0,1496.5981,bhi
308,0.0,0.0,0.0,0.0,0.0,0.0,0.0,0.0,-0.17227460869306643,0.0,0.0,0.0,0.0,0.0,0.0,0.0,437.23935311006915,810.3027503581274,0.0,-1000.0,0.0,0.0,0.0,0.0,0.0,0.0,0.0,0.0,0.0,-530.4167411628794,0.0,0.0,684.7690915019118,0.0,0.0,0.0,0.0,583.4443992748057,0.0,-114.57283505533398,1000.0,0.0,-862.549676341307,-650.946231509989,0.0,0.0,0.0,0.0,0.0,0.0,0.0,0.0,0.0,0.18950206956264992,0.0,0.0,0.0,34.45492173861329,0.0,0.0,-15.171650538902858,0.0,0.0,-15.171650538902858,0.0,0.0,0.0,0.0,0.0,0.0,0.0,1.7227460869306646,0.0,0.0,0.0,0.0,0.0,0.0,0.0,0.0,0.0,0.0,382.87586467968333,0.0,103.36476521583987,0.0,0.0,206.41881040090118,68.96848674220814,0.0,-0.04306865217326661,0.0,0.0,-1000.0,51.68238260791993,0.0,64.95967525519829,0.0,0.0,0.0,382.87586467968333,8.613730434653322,-1000.0,0.0,0.0,-311.4236396459711,0.0,0.0,0.0,0.0,0.0,0.0,0.0,0.0,0.0,0.0,0.0,0.0,0.0,0.0,0.0,0.0,0.0,0.0,-1000.0,0.0,0.0,64.95967525519829,0.0,53.4051286948506,0.0,0.0,0.0,0.0,0.0,0.0,0.0,0.0,0.0,0.0,0.0,0.0,0.0,0.0,0.0,-369.6107198103173,0.17227460869306643,0.0,0.0,0.0,0.0,0.0,0.0,0.0,0.0,0.0,1000.0,0.0,0.0,0.0,0.0,0.0,982.9408951538813,982.9408951538813,0.0,0.0,0.0,0.0,248.54267831732142,0.0,0.0,983.1131697625744,0.0,0.0,0.0,0.0,-159.44906441289174,0.0,0.0,0.0,0.0,0.0,0.0,0.0,0.0,0.0,-230.73956106423503,0.0,0.0,0.0,0.0,-1000.0,0.0,0.0,0.0,0.0,0.0,0.0,862.549676341307,-68.96848674220814,68.96848674220814,0.0,0.0,0.0,0.0,0.0,0.0,0.0,469.58325883712064,-1000.0,0.0,0.0,0.0,0.0,0.0,0.0,0.0,0.0,0.0,0.0,0.0,0.0,0.0,0.0,126.88148746516792,-769.3722882884967,0.0,0.0,0.0,0.0,62.880961328649676,0.0,0.0,0.0,0.0,-15.171650538902858,-118.4260567785077,0.0,0.0,0.0,0.0,0.0,0.0,0.0,0.0,5.547242399917276,0.0,13.277292647278358,0.0,436.98094119702955,-287.63176165986124,1000.0,0.0,769.3722882884967,0.0,0.0,0.0,-421.2294689772718,0.0,0.0,0.0,-252.15403873134335,0.0,0.0,-4.563331734468193,543.8749659714701,0.0,-548.4382977059381,0.0,-543.8749659714701,0.0,0.0,-465.08454678498185,0.0,0.0,417.76519692500574,0.0,0.0,0.0,-325.880609457335,0.0,325.880609457335,0.0,1000.0,0.0,0.0,0.0,0.0,0.0,0.0,-15.171650538902858,-0.25841191303959965,0.0,0.0,0.0,0.0,0.17227460869306643,0.0,0.0,0.0,866.6121210162348,437.23935311006915,0.0,-578.9733690867587,263.87584764668475,159.44906441289174,883.0693010369991,0.0,-467.3804305299519,0.0,-311.4236396459711,0.0,0.0,0.0,-14.832843808473294,482.2132743384252,0.0,-1000.0,-1000.0,0.0,0.0,0.0,0.0,0.0,0.0,0.0,0.0,0.0,0.0,0.0,0.0,0.0,0.0,0.0,0.0,0.0,-415.86650229042203,0.0,-1000.0,0.0,0.0,0.0,0.0,0.0,0.0,364.06347741039997,0.0,0.0,0.0,0.0,0.0,517.7867256615748,984.3750000000009,-8.613730434653322,151.54260716552724,-1000.0,-268.353871417885,-8.613730434653322,768.0322393947861,-1000.0,-984.3750000000009,0.0,0.0,-155.84947238285392,0.0,94.94820996097425,0.0,991.3862695653467,-287.16361683843854,0.0,64.95967525519829,0.0,0.0,0.0,0.0,0.0,0.0,0.0,0.0,0.0,0.0,-723.0312820926423,0.0,0.0,-17.231379454811687,0.0,0.0,469.58325883712064,0.0,0.0,-30.343301077805716,0.0,0.0,181.89037421819913,0.0,0.0,0.0,0.0,61.92181220996963,0.3445492173859419,0.0,0.0,0.0,0.0,0.0,0.0,0.0,0.0,0.0,0.0,0.0,0.0,0.0,0.0,0.0,0.0,0.0,0.0,0.0,0.18950206956264992,0.18950206956264992,0.0,63.705988630390046,0.0,103.36476521583987,0.0,0.0,0.0,-238.67207623418966,0.0,244.1684665879711,0.0,0.0,0.0,389.543929432911,238.67207623418966,0.0,0.0,0.0,0.0,0.0,181.89037421819913,0.0,0.0,0.0,0.0,0.0,0.0,0.0,333.3333333333333,-866.6121210162348,0.0,0.0,13.265144869366107,0.0,-62.880961328649676,-937.1190386713504,-1000.0,0.0,389.543929432911,0.0,0.0,451.46574164288063,781.2500000000007,-781.2500000000007,0.0,0.0,0.0,0.0,0.0,0.0,0.0,0.0,0.0,0.0,0.0,0.0,0.0,0.0,103.36476521583987,0.0,0.0,0.0,0.0,0.0,0.0,0.0,0.0,0.0,0.0,0.0,0.0,1.7227460869306646,0.0,0.0,0.0,0.0,0.0,862.549676341307,0.0,0.0,64.95967525519829,0.0,0.0,0.0,0.0,0.0,0.0,0.0,0.0,0.0,0.0,0.0,-119.00941288954945,0.0,51.68238260791993,51.68238260791993,1000.0,238.67207623418966,0.0,181.89037421819913,0.0,0.0,0.0,0.0,0.0,1000.0,469.58325883712064,784.7242125028861,0.17227460869306643,0.0,0.0,0.0,227.51323143757898,0.0,0.0,1000.0,0.0,0.0,0.0,0.0,0.0,0.0,0.0,0.0,0.0,0.0,0.0,0.0,0.0,0.0,0.17227460869306643,0.0,0.0,0.0,0.0,0.0,0.0,0.0,0.0,0.0,-635.9365225896,1000.0,0.0,0.0,-584.133497709578,-12.920595651979983,-8.613730434653322,0.0,0.0,0.0,0.0,0.0,0.0,0.0,0.0,0.0,0.0,0.0,0.0,0.0,159.44906441289174,0.0,0.0,1000.0,0.0,0.0,0.0,-0.17227460869306643,0.0,0.0,0.17227460869306643,0.0,0.17227460869306643,0.0,0.0,0.0,103.36476521583987,210.17502260554107,210.17502260554107,0.0,0.0,0.0,0.0,0.0,0.0,0.0,0.0,0.0,469.58325883712064,0.0,0.0,0.0,0.0,0.0,0.0,0.0,0.0,0.0,0.0,0.0,0.0,0.0,0.0,0.0,0.0,0.0,62.880961328649676,0.0,-731.4279732692254,731.4279732692254,0.25841191303959965,0.0,0.0,0.0,-64.95967525519829,0.0,0.0,0.0,0.0,0.0,-63.705988630390046,8.613730434653322,0.0,0.0,0.0,0.0,-248.54267831732142,-1000.0,0.0,0.0,0.0,0.0,0.0,0.0,0.0,0.0,0.0,0.0,0.0,0.0,63.705988630390046,0.0,21.534326086633307,-311.4236396459711,0.0,0.0,0.0,0.0,0.0,-631.4044915828129,0.0,8.613730434653322,964.219012232247,0.0,633.7815063787193,0.0,-30.343301077805716,0.0,0.0,-78.09375000009544,78.09375000009544,0.0,0.0,0.0,0.0,0.0,217.81896541225515,-12.920595651980014,210.17502260554107,0.0,0.0,0.0,0.0,0.0,0.0,0.0,0.0,0.0,5.547242399917276,0.0,0.0,89.54717993434991,-227.51323143757898,989.3387037448813,-862.549676341307,51.68238260791993,0.0,0.0,0.0,0.0,231.89382687212156,0.0,0.0,0.18950206956264992,0.0,0.0,0.0,105.08751130277054,0.0,0.0,0.0,0.0,126.88148746516792,0.0,0.0,0.0,0.0,0.0,0.0,0.0,0.0,0.0,0.0,0.017227460869306644,0.017227460869306644,0.0,0.0,0.0,0.0,0.0,0.0,0.0,0.0,0.0,0.0,0.0,0.0,0.0,0.0,0.0,63.705988630390046,0.0,0.0,0.0,0.0,0.0,0.0,0.0,0.0,0.0,0.0,0.0,0.0,271.94383577646335,0.0,810.3027503581274,0.0,0.0,0.0,103.36476521583987,0.0,0.0,0.0,0.0,0.0,0.0,-103.36476521583987,0.0,0.0,0.0,0.0,0.0,0.0,0.0,0.0,0.0,0.0,0.0,0.0,-784.7242125028861,-1000.0,118.00810695475053,0.0,-64.95967525519829,0.0,583.4443992748057,0.0,0.0,0.0,0.0,0.0,0.0,0.0,0.0,0.0,0.0,0.0,0.0,0.0,0.0,0.0,0.0,0.0,-21.534326086633307,0.0,-12.920595651979983,0.0,0.0,0.0,0.0,0.0,0.0,-1000.0,997.8465673913366,30.343301077805716,0.0,0.0,0.0,0.0,0.0,0.0,0.0,1000.0,51.68238260791993,51.68238260791993,0.0,0.0,0.0,0.0,0.0,0.18950206956264992,63.705988630390046,0.0,0.0,-583.4443992748057,0.0,0.0,0.0,0.0,0.0,0.0,0.0,0.0,0.0,0.0,0.0,0.0,0.0,0.0,365.7139866346127,0.0,0.0,0.0,0.0,180.8883391277198,0.0,0.0,13.265144869366107,0.0,0.0,0.0,63.705988630390046,0.0,991.3862695653467,0.0,0.0,0.0,-21.534326086633307,0.0,0.0,0.0,0.0,0.0,0.0,0.0,0.0,0.0,0.0,0.0,0.0,0.0,0.0,0.0,0.0,0.0,0.0,-0.17227460869306643,0.0,0.0,8.613730434653322,-389.543929432911,0.0,0.0,0.0,0.0,0.0,0.0,0.0,0.0,14.832843808473294,4.30686521732666,0.0,0.0,0.0,0.17227460869306643,0.0,172.27460869306643,-53.4051286948506,34.45492173861329,1.230532919236189,480.6461582536554,-0.12920595651979982,8.613730434653322,3.4454921738613287,-0.8613730434653917,-480.6461582536554,51.68238260791993,-0.17227460869306643,103.80787988199036,181.89037421819913,0.04306865217326661,1.230532919236189,-311.4236396459711,-27.42611770393671,-3.4454921738613287,-247.5421034681965,-0.17227460869306643,0.04306865217326661,-480.6461582536554,407.6197748905196,0.17227460869306643,0.17227460869306643,-63.34421195213433,0.1895020695623731,0.0,-0.12920595651979982,51.68238260791993,0.17227460869306643,64.95967525519829,-72.86001169925487,-0.08613730434653322,-377.1527207080578,-80.28069680664939,-0.12920595651979982,-0.17227460869306643,-53.4051286948506,0.17227460869306643,17.227460869306643,-3.4454921738613287,62.880961328649676,62.880961328649676,-17.22746086930664,247.5421034681965,-62.880961328649676,34.45492173861329,0.25841191303959965,-146.55205680467824,17.227460869306643,-333.3333333333333,181.89037421819913,-34.45492173861329,0.08613730434653322,1.7227460869306646,144.74334227168967,98.16091036900333,-0.17227460869306643,-102.46777558632992,63.34421195213433,53.4051286948506,0.17227460869306643,27.42611770393671,-428.5087628819718,181.89037421819913,-0.17227460869306643,-0.04306865217326661,-181.89037421819913,-0.17227460869306643,61.92181220996963,0.1722746086928737,-0.04306865217326661,-0.04306865217326661,-0.04306865217326661,68.90984347722657,72.86001169925487,1.7227460869306646,127.63395071547603,-0.04306865217326661,185.678804661389,8.613730434653322,-22.347175670331495,0.17227460869306643,0.08613730434653322,0.08613730434653322,108.1726479784062,53.4051286948506,0.17227460869306643,-53.4051286948506,1.7227460869306646,0.17227460869306643,-127.63395071547603,0.17227460869306643,0.6890984347722338,0.8613730434653917,0.08613730434653322,0.04306865217326661,51.68238260791993,-0.17227460869306643,0.0,1.7227460869306643,-255.26790143095207,4.306865217326661,-17.227460869306643,34.45492173861329,8.613730434653322,-0.17227460869306643,311.4236396459711,0.25841191303959965,-0.17227460869306643,-216.3452959568124,53.4051286948506,33.91083997353536,0.08613730434653322,44.69435134066299,-0.17227460869306643,-0.1722746086928737,-0.17227460869306643,0.08613730434653322,480.6461582536554,-34.45492173861329,0.17227460869306643,289.48668454337934,-0.04306865217326661,-0.1895020695623731,-289.48668454337934,25.841191303959963,80.28069680664939,-891.4944961480209,480.6461582536554,-0.12920595651979982,102.46777558632992,-98.16091036900333,0.17227460869306643,-0.04306865217326661,8.613730434653322,172.27460869306643,-0.08613730434653322,-0.17227460869306643,0.04306865217326661,798.1884260555242,0.0,146.46591950033172,0.0,-1000.0,0.0,554.4929600697171,-1000.0,390.39231402121294,-1000.0,1000.0,-55.98924782524659,0.0,500.0,500.0,-500.0,-390.39231402121294,500.0,-63.705988630390046,-265.8046668456569,0.0,55.98924782524659,-265.8046668456569,-554.4929600697171,482.88713104119114,0.0,1496.5981,bhi
309,0.0,0.0,0.0,0.0,0.0,0.0,0.0,0.0,-0.16291646927856504,0.0,0.0,0.0,0.0,0.0,0.0,0.0,-728.761781653012,118.07654337793497,0.0,1000.0,0.0,0.0,0.0,718.4356585916618,0.0,0.0,0.0,0.0,0.0,-300.6853202909949,0.0,0.0,556.8681088446152,0.0,0.0,0.0,0.0,999.3483341228856,0.0,-1000.0,709.3768589066435,0.0,0.0,571.9235386379829,0.0,0.0,223.64806811013398,0.0,0.0,0.0,0.0,-457.5235633060241,0.0,0.1792081162065827,0.0,0.0,0.0,32.58329385571301,0.0,0.0,77.06197704946976,0.0,0.0,-197.1664852823369,0.0,0.0,0.0,0.0,462.74163042085803,-462.74163042085803,0.0,1.6291646927856505,0.0,0.0,0.0,0.0,0.0,0.0,0.0,0.0,0.0,0.0,0.0,0.0,97.74988156713903,0.0,0.0,-165.41910958181913,96.96593329680013,729.0061563569299,-0.04072911731964126,0.0,0.0,670.1592681807651,48.874940783569514,0.0,290.6231410933564,0.0,0.0,0.0,0.0,977.8893723695601,-1000.0,0.0,0.0,-439.53143718432835,0.0,747.5977065925249,0.0,0.0,0.0,0.0,0.0,0.0,0.0,0.0,0.0,0.0,0.0,0.0,0.0,0.0,0.0,0.0,-1000.0,0.0,0.0,290.6231410933564,0.0,50.50410547635516,0.0,0.0,0.0,975.8344128423057,-975.8344128423057,975.8344128423057,0.0,0.0,0.0,-274.22846233180667,0.0,0.0,0.0,0.0,0.0,12.544568134449502,0.16291646927856504,0.0,0.0,0.0,0.0,-415.64532032089505,0.0,0.0,0.0,0.0,1000.0,0.0,0.0,0.0,0.0,0.0,609.027854636168,609.027854636168,0.0,0.0,0.0,-859.375,1000.0,0.0,0.0,609.1907711054465,0.0,0.0,0.0,0.0,-1000.0,0.0,0.0,0.0,0.0,0.0,0.0,0.0,0.0,0.0,-153.99454978781012,0.0,0.0,0.0,0.0,-1000.0,0.0,0.0,0.0,0.0,0.0,0.0,457.5235633060241,-825.9720896537301,825.9720896537301,274.22846233180667,0.0,0.0,0.0,0.0,0.0,0.0,699.3146797090051,-1000.0,0.0,0.0,0.0,0.0,0.0,0.0,0.0,0.0,0.0,0.0,0.0,0.0,0.0,0.0,278.13855007851384,571.9235386379829,0.0,0.0,0.0,0.0,37.891865078508374,0.0,0.0,0.0,0.0,77.06197704946976,0.0,0.0,0.0,81.8540478022712,0.0,0.0,0.0,0.0,0.0,5.2459103107700535,0.0,241.7482003097869,0.0,0.0,922.9380229505302,-533.8676359295251,0.0,-571.9235386379829,0.0,0.0,274.22846233180667,1000.0,0.0,0.0,0.0,-457.4860921272294,0.0,0.0,-349.7610150450146,0.0,0.0,-349.7610150450146,0.0,0.0,-729.0061563569299,0.0,0.0,0.0,0.0,142.41662187688144,0.0,0.0,0.0,0.0,0.0,0.0,0.0,832.5130062770234,0.0,0.0,-237.77287567095567,-859.375,0.0,0.0,77.06197704946976,-0.24437470391784755,0.0,0.0,0.0,0.0,0.16291646927856504,0.0,0.0,0.0,392.0106211855584,-728.761781653012,0.0,-383.09073342901075,-600.5664493136543,1000.0,1000.0,0.0,476.76873842574264,0.0,-439.53143718432835,0.0,0.0,0.0,-14.027108004884612,-462.74163042085803,0.0,-1000.0,-1000.0,0.0,0.0,0.0,0.0,0.0,0.0,0.0,0.0,0.0,0.0,0.0,0.0,0.0,0.0,0.0,0.0,81.8540478022712,0.0,0.0,-1000.0,0.0,0.0,0.0,0.0,0.0,0.0,947.5048976534445,0.0,0.0,0.0,0.0,969.7435489056319,0.0,0.0,-493.0175979167442,0.0,0.0,0.0,-743.4771597025908,0.0,-219.36702588358784,0.0,0.0,0.0,-4.072911731964126,735.3313362386625,-9.422880842279467,0.0,765.1187757407628,559.5071104281541,-720.1567257264383,290.6231410933564,343.7500000000871,-343.7500000000871,0.0,206.56625439841548,0.0,0.0,0.0,0.0,0.0,0.0,766.7213877075308,0.0,0.0,0.0,0.0,0.0,699.3146797090051,0.0,0.0,-120.10450823286715,0.0,0.0,0.0,0.0,0.0,0.0,0.0,-428.1299113357377,0.3258329385569495,0.0,0.0,0.0,0.0,0.0,0.0,0.0,0.0,0.0,0.0,0.0,0.0,0.0,0.0,0.0,0.0,0.0,0.0,0.0,0.1792081162065827,0.1792081162065827,0.0,195.16688090185377,0.0,97.74988156713903,0.0,0.0,0.0,1000.0,0.0,0.0,0.0,0.0,0.0,1000.0,-1000.0,0.0,0.0,559.7975022838228,0.0,0.0,0.0,0.0,0.0,0.0,0.0,0.0,0.0,0.0,333.3333333333333,-392.0106211855584,415.64532032089505,0.0,12.544568134449502,0.0,45.45076178258487,624.7085063981804,312.58817898786526,0.0,1000.0,0.0,571.8700886642623,0.0,0.0,0.0,0.0,0.0,0.0,0.0,0.0,0.0,0.0,0.0,0.0,0.0,0.0,0.0,0.0,0.0,97.74988156713903,274.22846233180667,274.22846233180667,0.0,0.0,0.0,0.0,0.0,0.0,0.0,0.0,0.0,0.0,1.6291646927856505,0.0,0.0,0.0,0.0,0.0,457.5235633060241,0.0,0.0,290.6231410933564,-559.7975022838228,0.0,0.0,0.0,0.0,0.0,0.0,0.0,0.0,0.0,1000.0,0.0,0.0,48.874940783569514,48.874940783569514,362.6974678053614,-1000.0,0.0,0.0,0.0,0.0,0.0,0.0,0.0,1000.0,699.3146797090051,760.2078682842064,0.16291646927856504,0.0,0.0,0.0,215.15447146367063,0.0,0.0,-670.1592681807651,0.0,0.0,0.0,0.0,0.0,0.0,0.0,0.0,0.0,0.0,0.0,0.0,0.0,0.0,0.16291646927856504,0.0,0.0,0.0,0.0,0.0,0.0,0.0,0.0,0.0,-52.4951023465555,1000.0,0.0,0.0,-1000.0,-12.21873519589238,-8.14582346392826,0.0,0.0,0.0,0.0,0.0,0.0,0.0,0.0,0.0,0.0,0.0,0.0,274.22846233180667,1000.0,0.0,0.0,53.10787347825271,0.0,0.0,0.0,-0.16291646927856504,0.0,0.0,0.16291646927856504,0.0,0.16291646927856504,0.0,0.0,0.0,97.74988156713903,198.75809251984936,198.75809251984936,0.0,0.0,0.0,0.0,0.0,0.0,0.0,415.64532032089505,0.0,699.3146797090051,0.0,0.0,0.0,0.0,0.0,0.0,0.0,0.0,0.0,0.0,0.0,0.0,0.0,0.0,0.0,0.0,0.0,312.12032741031504,0.0,-559.9733236442346,559.9733236442346,0.24437470391784755,0.0,0.0,0.0,-290.6231410933564,0.0,0.0,0.0,0.0,0.0,-195.16688090185377,8.145823463928252,0.0,0.0,0.0,859.375,-1000.0,-579.5157656710477,0.0,0.0,0.0,0.0,0.0,0.0,0.0,0.0,274.22846233180667,0.0,559.7975022838228,0.0,195.16688090185377,0.0,-616.937973534818,-439.53143718432835,0.0,420.4842343289523,0.0,-420.4842343289523,0.0,801.2419074801506,0.0,8.14582346392826,448.6628983042001,0.0,0.0,0.0,-120.10450823286715,-968.7499999999627,968.7499999999627,0.0,0.0,0.0,-965.2953760986641,0.0,0.0,0.0,361.38016588555627,-231.82308648953102,198.75809251984936,0.0,-950.6338523693307,-950.6338523693307,950.6338523693307,0.0,0.0,0.0,0.0,0.0,5.2459103107700535,0.0,0.0,0.0,-215.15447146367063,893.934329205787,0.0,48.874940783569514,0.0,0.0,0.0,0.0,-176.3540572915724,0.0,0.0,0.1792081162065827,0.0,0.0,0.0,99.37904625992468,0.0,0.0,0.0,0.0,278.13855007851384,0.0,0.0,0.0,0.0,0.0,0.0,0.0,0.0,-962.1081349214917,0.0,0.016291646927856507,0.016291646927856507,0.0,0.0,0.0,0.0,0.0,0.0,0.0,0.0,0.0,0.0,0.0,0.0,0.0,0.0,0.0,195.16688090185377,0.0,0.0,0.0,0.0,0.0,0.0,0.0,0.0,0.0,0.0,0.0,0.0,0.0,0.0,118.07654337793497,0.0,0.0,0.0,97.74988156713903,0.0,0.0,0.0,0.0,0.0,0.0,-97.74988156713903,0.0,0.0,0.0,0.0,0.0,0.0,0.0,0.0,0.0,0.0,0.0,0.0,-760.2078682842064,-1000.0,111.59778145581706,0.0,-290.6231410933564,0.0,999.3483341228856,0.0,0.0,0.0,0.0,0.0,0.0,0.0,0.0,0.0,0.0,0.0,0.0,0.0,0.0,0.0,0.0,0.0,-20.364558659820638,274.22846233180667,-981.9622841015242,219.60435129363867,0.0,0.0,0.0,0.0,0.0,-2.036455865982063,0.0,120.10450823286715,0.0,0.0,0.0,0.0,0.0,0.0,0.0,1000.0,48.874940783569514,48.874940783569514,0.0,0.0,0.0,0.0,0.0,0.1792081162065827,195.16688090185377,0.0,0.0,-999.3483341228856,0.0,0.0,0.0,0.0,0.0,0.0,0.0,0.0,0.0,0.0,0.0,0.0,0.0,0.0,279.9866618221173,0.0,0.0,0.0,0.0,171.0622927424933,0.0,0.0,12.544568134449502,0.0,0.0,0.0,195.16688090185377,0.0,571.3699422071194,0.0,0.0,0.0,-20.364558659820638,0.0,0.0,0.0,0.0,0.0,0.0,0.0,0.0,0.0,0.0,0.0,0.0,0.0,0.0,0.0,0.0,0.0,0.0,-0.16291646927856504,0.0,0.0,8.145823463928252,-1000.0,0.0,0.0,0.0,0.0,274.22846233180667,0.0,0.0,0.0,14.027108004884612,4.072911731964126,0.0,0.0,0.0,0.16291646927856504,0.0,162.91646927856505,-50.50410547635516,32.58329385571301,1.1636890662754646,454.5369492871964,-0.12218735195892377,493.0175979167442,3.258329385571301,-0.8145823463929617,-454.5369492871964,48.874940783569514,-0.16291646927856504,146.5104790614428,0.0,0.04072911731964126,1.1636890662754646,-439.5314371843284,-25.936301909147915,-3.258329385571301,-389.31476172492296,-0.16291646927856504,0.04072911731964126,-454.5369492871964,16.291646927856505,0.16291646927856504,0.16291646927856504,-194.82475631636862,0.17920811620642155,-105.9351458116962,-0.12218735195892377,48.874940783569514,0.16291646927856504,290.6231410933564,160.2899656705044,-0.08145823463928252,-15.00197981964709,-54.34642847564344,-0.12218735195892377,-0.16291646927856504,-50.50410547635516,0.16291646927856504,16.291646927856505,-3.258329385571301,312.12032741031504,312.12032741031504,-16.291646927856505,389.31476172492296,-312.12032741031504,32.58329385571301,0.24437470391784755,2.5293997164998245,16.291646927856505,-333.3333333333333,0.0,-32.58329385571301,0.08145823463928252,1.6291646927856505,95.77268335725269,227.75017475756678,-0.16291646927856504,-231.82308648953102,194.82475631636862,50.50410547635516,0.16291646927856504,25.936301909147915,-437.247963444065,0.0,-0.16291646927856504,-0.04072911731964126,0.0,-0.16291646927856504,-428.12991133573763,0.16291646927856504,-0.04072911731964126,-0.04072911731964126,-0.04072911731964126,65.16658771142602,-160.2899656705044,1.6291646927856505,120.70073917675631,-0.04072911731964126,45.03488765306258,8.145823463928252,222.2107791317971,0.16291646927856504,0.08145823463928252,0.08145823463928252,16.291646927856505,50.50410547635516,0.16291646927856504,-50.50410547635516,1.6291646927856505,0.16291646927856504,-120.70073917675631,0.16291646927856504,0.6516658771143667,0.8145823463929617,0.08145823463928252,0.04072911731964126,48.874940783569514,-0.16291646927856504,105.9351458116962,1.6291646927856505,-241.40147835351263,488.94468618478004,-16.291646927856505,32.58329385571301,8.145823463928252,-0.16291646927856504,439.5314371843284,0.24437470391784755,-0.16291646927856504,-32.58329385571301,50.50410547635516,498.6463145810659,0.08145823463928252,-444.4215582635942,-0.16291646927856504,-0.16291646927856504,-0.16291646927856504,0.08145823463928252,454.5369492871964,-32.58329385571301,0.16291646927856504,191.54536671450538,-0.04072911731964126,-0.17920811620642155,-191.54536671450538,24.437470391784757,54.34642847564344,-840.352413374304,454.5369492871964,-0.12218735195892377,231.82308648953102,-227.75017475756678,0.16291646927856504,-0.04072911731964125,8.14582346392826,162.91646927856505,-0.08145823463928252,-0.16291646927856504,0.04072911731964126,1000.0,0.0,-2.6108579511391072,0.0,-1000.0,0.0,651.4489518992901,-1000.0,0.0,717.6036531613756,-566.3394987773308,1000.0,0.0,-358.8018265806878,500.0,283.1697493886654,0.0,500.0,-195.16688090185377,-322.2922572894935,0.0,-1000.0,-322.2922572894935,-651.4489518992901,536.2026342077494,0.0,1496.5981,bhi
310,0.0,0.0,0.0,0.0,0.0,0.0,0.0,0.0,-0.16195967572877695,0.0,0.0,0.0,0.0,0.0,0.0,0.0,233.36819719870147,-946.869235263402,0.0,1000.0,0.0,0.0,0.0,0.0,0.0,0.0,0.0,0.0,0.0,437.45129740417264,0.0,0.0,610.7960089923007,0.0,0.0,0.0,0.0,829.3077507467052,0.0,-1000.0,-288.190412838237,0.0,0.0,-173.38716340406881,0.0,0.0,428.2189797082086,0.0,-497.4323311988053,0.0,0.0,0.0,0.0,0.17815564330181483,0.0,0.0,0.0,32.39193514575539,0.0,0.0,-7.733589938809359,0.0,908.2745475625239,880.9519811125988,0.0,0.0,0.0,0.0,0.0,0.0,0.0,1.6195967572877696,0.0,0.0,0.0,0.0,0.0,0.0,0.0,220.85040323700116,0.0,0.0,0.0,0.0,97.17580543726618,0.0,0.0,1000.0,-917.1092957870617,1000.0,-0.04048991893219424,0.0,0.0,-1000.0,48.58790271863309,0.0,152.2985653519011,0.0,170.6582785891541,0.0,0.0,49.91628390994491,-58.323069697330254,0.0,0.0,-336.9688945628673,671.5338097742244,0.0,0.0,0.0,0.0,0.0,0.0,0.0,0.0,0.0,0.0,0.0,0.0,0.0,0.0,0.0,0.0,0.0,-567.5600263813575,0.0,0.0,152.2985653519011,0.0,50.20749947592086,0.0,0.0,-97.41244720326554,97.41244720326554,0.0,0.0,0.0,0.0,0.0,-19.588976511115764,0.0,0.0,0.0,0.0,0.0,12.470895031115818,0.16195967572877695,0.0,0.0,0.0,-777.7024627981205,0.0,0.0,0.0,0.0,0.0,878.8829140137208,0.0,0.0,0.0,0.0,0.0,-428.05702003247984,-428.05702003247984,0.0,0.0,0.0,-734.375,-940.8056019267578,0.0,0.0,-427.89506035675106,0.0,0.0,0.0,0.0,-472.9093439005708,0.0,0.0,0.0,0.0,0.0,0.0,0.0,0.0,0.0,-693.5436688705573,0.0,0.0,0.0,0.0,-1000.0,0.0,0.0,0.0,0.0,0.0,0.0,0.0,82.89070421293832,-82.89070421293832,19.588976511115764,0.0,0.0,0.0,0.0,0.0,0.0,495.7743671015029,-175.5422293158024,0.0,0.0,0.0,0.0,0.0,0.0,0.0,0.0,0.0,0.0,0.0,0.0,0.0,0.0,-69.99897184997847,-173.38716340406881,0.0,0.0,0.0,0.0,90.44326399419845,0.0,0.0,0.0,0.0,-7.733589938809359,0.0,0.0,0.0,0.0,0.0,0.0,0.0,0.0,0.0,5.215101558467698,0.0,103.710662633268,0.0,1000.0,0.0,585.458373014133,0.0,173.38716340406881,0.0,0.0,19.588976511115764,25.66879280133648,0.0,0.0,0.0,-270.739678373322,0.0,0.0,9.727586354537834,9.727586354537834,0.0,0.0,0.0,-9.727586354537834,-834.2185915741234,0.0,-366.54619985165834,0.0,0.0,341.83525477797355,0.0,0.0,0.0,510.9084213955333,0.0,-510.9084213955333,0.0,0.0,0.0,0.0,593.5737345664528,-734.375,0.0,0.0,-7.733589938809359,-0.24293951359316543,0.0,0.0,0.0,0.0,0.16195967572877695,0.0,0.0,0.0,732.454092584317,233.36819719870147,0.0,-224.64592970857822,854.7562038058556,472.9093439005708,-281.55887895812816,0.0,732.9051522027653,0.0,-336.9688945628673,0.0,0.0,0.0,-13.944728080247854,-500.88172075371926,-218.0787033687982,-1000.0,776.9898072184288,0.0,0.0,0.0,0.0,0.0,0.0,0.0,0.0,0.0,0.0,0.0,0.0,0.0,0.0,0.0,0.0,0.0,-170.04441055037947,0.0,-1000.0,0.0,0.0,0.0,1000.0,0.0,0.0,-17.685996589583517,0.0,170.6582785891541,0.0,0.0,41.81830012350606,-499.11827924628074,0.0,470.99286615180813,641.1243044167678,1000.0,0.0,0.0,1000.0,-1000.0,0.0,-1000.0,0.0,-645.1732963099872,-8.097983786438848,-980.2999535926758,0.0,-648.6773751444338,0.0,1000.0,152.2985653519011,406.2500000000108,-406.2500000000108,0.0,428.76444656498194,0.0,0.0,0.0,0.0,0.0,0.0,391.5021596773235,0.0,0.0,0.0,0.0,0.0,495.7743671015029,0.0,0.0,-35.05615638873451,0.0,0.0,145.66703147179226,0.0,0.0,0.0,0.0,-328.4661902257756,0.32391935145766204,0.0,0.0,0.0,0.0,0.0,0.0,0.0,0.0,0.0,0.0,0.0,0.0,0.0,0.0,0.0,0.0,0.0,0.0,0.0,0.17815564330181483,0.17815564330181483,0.0,138.5695498900358,0.0,97.17580543726618,0.0,0.0,0.0,1000.0,0.0,0.0,0.0,0.0,0.0,1000.0,-1000.0,0.0,0.0,0.0,0.0,0.0,145.66703147179226,0.0,0.0,0.0,0.0,0.0,0.0,0.0,189.1866754604525,-732.454092584317,106.16865302389604,0.0,12.470895031115818,0.0,-110.0322405053142,-889.9677594946858,-1000.0,0.0,1000.0,0.0,-328.4661902257756,1000.0,843.7499999999999,-843.7499999999999,0.0,0.0,0.0,0.0,0.0,0.0,0.0,0.0,0.0,0.0,0.0,0.0,0.0,0.0,97.17580543726618,19.588976511115764,19.588976511115764,0.0,0.0,0.0,0.0,0.0,0.0,0.0,0.0,0.0,0.0,1.6195967572877696,0.0,0.0,0.0,0.0,0.0,0.0,0.0,0.0,152.2985653519011,0.0,0.0,0.0,0.0,0.0,0.0,0.0,0.0,0.0,0.0,42.18867972567174,0.0,0.0,48.58790271863309,48.58790271863309,1000.0,-1000.0,0.0,145.66703147179226,0.0,0.0,0.0,0.0,0.0,1000.0,495.7743671015029,776.9898072184288,0.16195967572877695,0.0,0.0,0.0,213.89088889638268,265.32441009234157,0.0,1000.0,0.0,0.0,0.0,0.0,0.0,0.0,0.0,0.0,0.0,0.0,0.0,0.0,0.0,0.0,0.16195967572877695,0.0,0.0,0.0,0.0,0.0,0.0,0.0,0.0,0.0,-567.1516101825067,720.1238921820773,0.0,0.0,-829.9555894496206,-12.146975679658269,-8.097983786438848,0.0,0.0,0.0,0.0,0.0,0.0,0.0,0.0,0.0,0.0,0.0,0.0,19.588976511115764,472.9093439005708,0.0,0.0,359.4206086420051,0.0,0.0,0.0,-0.16195967572877695,0.0,0.0,0.16195967572877695,0.0,0.16195967572877695,0.0,0.0,0.0,97.17580543726618,197.59080438910792,197.59080438910792,0.0,0.0,0.0,0.0,0.0,0.0,0.0,106.16865302389604,0.0,495.7743671015029,0.0,0.0,0.0,0.0,0.0,0.0,0.0,0.0,0.0,0.0,0.0,0.0,0.0,0.0,0.0,0.0,0.0,110.0322405053142,0.0,0.0,0.0,0.24293951359316543,0.0,0.0,0.0,-152.2985653519011,0.0,0.0,0.0,0.0,0.0,-138.5695498900358,8.097983786438848,0.0,0.0,0.0,734.375,940.8056019267578,-8.097983786438848,0.0,0.0,0.0,0.0,0.0,0.0,0.0,0.0,19.588976511115764,0.0,0.0,0.0,138.5695498900358,0.0,844.7027301502947,-71.64448447052575,0.0,541.3676298064844,170.6582785891541,-712.0259083956385,0.0,-171.92201158777144,0.0,8.097983786438848,370.52752431253566,0.0,0.0,0.0,-35.05615638873451,-704.3831972860272,704.3831972860272,0.0,0.0,0.0,0.0,0.0,0.0,0.0,844.2601944402513,-175.01047692901057,197.59080438910792,0.0,-851.9015571079918,-851.9015571079918,851.901557107992,0.0,0.0,0.0,0.0,0.0,5.215101558467698,0.0,0.0,0.0,-213.89088889638268,-1000.0,0.0,48.58790271863309,0.0,0.0,0.0,0.0,-170.49175111378668,0.0,0.0,0.17815564330181483,0.0,0.0,0.0,98.79540219455396,0.0,0.0,0.0,0.0,-69.99897184997847,0.0,671.5338097742244,0.0,0.0,0.0,0.0,0.0,0.0,0.0,0.0,0.016195967572877695,0.016195967572877695,0.0,0.0,0.0,0.0,0.0,0.0,0.0,0.0,0.0,0.0,0.0,0.0,0.0,0.0,0.0,138.5695498900358,0.0,0.0,0.0,0.0,0.0,0.0,0.0,0.0,0.0,0.0,0.0,0.0,602.7578633469393,0.0,-946.869235263402,0.0,0.0,0.0,97.17580543726618,0.0,0.0,0.0,0.0,0.0,0.0,-97.17580543726618,0.0,0.0,0.0,0.0,0.0,0.0,0.0,0.0,0.0,0.0,0.0,0.0,1000.0,-58.323069697330254,110.94237787421223,0.0,-152.2985653519011,0.0,829.3077507467052,0.0,0.0,0.0,0.0,0.0,0.0,0.0,0.0,0.0,0.0,0.0,0.0,0.0,0.0,0.0,0.0,0.0,-20.244959466097114,19.588976511115764,-53.96527580316433,162.86350124935234,0.0,0.0,0.0,0.0,0.0,-2.0244959466097123,0.0,35.05615638873451,0.0,0.0,0.0,0.0,0.0,0.0,0.0,1000.0,48.58790271863309,48.58790271863309,0.0,0.0,0.0,0.0,220.85040323700116,0.17815564330181483,138.5695498900358,0.0,0.0,-829.3077507467052,0.0,0.0,0.0,0.0,0.0,0.0,0.0,0.0,0.0,0.0,0.0,0.0,0.0,0.0,0.0,0.0,0.0,0.0,0.0,170.05765951521585,12.470895031115818,0.0,0.0,0.0,0.0,0.0,138.5695498900358,0.0,0.0,0.0,0.0,0.0,-20.244959466097114,0.0,0.0,0.0,0.0,0.0,0.0,0.0,0.0,0.0,0.0,0.0,0.0,0.0,0.0,0.0,0.0,0.0,0.0,-0.16195967572877695,0.0,0.0,8.097983786438848,-1000.0,0.0,0.0,0.0,0.0,19.588976511115764,0.0,0.0,0.0,13.944728080247854,4.048991893219424,0.0,0.0,0.0,0.16195967572877695,0.0,161.95967572877694,-50.20749947592086,32.39193514575539,1.156854826634121,451.8674952832878,-0.12146975679658271,529.0071338481919,3.2391935145755393,-0.8097983786441318,-451.8674952832878,48.58790271863309,-0.16195967572877695,112.32296485428911,145.66703147179226,0.04048991893219424,1.156854826634121,-336.9688945628673,-25.783980376022328,-3.2391935145755393,-286.4989619352995,-0.16195967572877695,0.04048991893219424,-451.8674952832878,16.195967572877695,0.16195967572877695,0.16195967572877695,-138.2294345710052,0.17815564330165465,0.0,-0.12146975679658271,48.58790271863309,0.16195967572877695,152.2985653519011,22.730824768879515,-0.08097983786438848,-204.94512488798614,-106.80119124280492,-0.12146975679658271,-0.16195967572877695,-50.20749947592086,0.16195967572877695,16.19596757287769,-3.2391935145755393,110.0322405053142,110.0322405053142,-16.195967572877695,286.4989619352995,-110.0322405053142,32.39193514575539,0.24293951359316543,-817.3071712201878,16.195967572877695,-189.1866754604525,145.66703147179226,-32.39193514575539,0.08097983786438848,1.6195967572877696,56.161482427144556,170.96148503579118,-0.16195967572877695,-175.01047692901057,138.2294345710052,50.20749947592086,0.16195967572877695,25.783980376022328,-152.39524203600814,145.66703147179226,-0.16195967572877695,-0.04048991893219424,-145.66703147179226,-0.16195967572877695,-1000.0,0.16195967572877695,-0.04048991893219424,-0.04048991893219424,-0.04048991893219424,64.78387029151078,-22.730824768879515,1.6195967572877696,236.55450359811397,-0.04048991893219424,0.0,8.097983786438848,172.33107889932666,0.16195967572877695,0.08097983786438848,0.08097983786438848,89.02948330877382,50.20749947592086,0.16195967572877695,-50.20749947592086,1.6195967572877696,0.16195967572877695,-469.67976128322226,0.16195967572877695,0.6478387029153225,0.8097983786441318,0.08097983786438848,0.04048991893219424,48.58790271863309,-0.16195967572877695,0.0,1.6195967572877696,-473.10900719622794,524.9581419549725,-16.19596757287769,32.39193514575539,8.097983786438848,-0.16195967572877695,336.9688945628673,0.24293951359316543,-0.16195967572877695,-178.05896661754764,50.20749947592086,467.29413023289214,0.08097983786438848,-344.6621577986533,-0.16195967572877695,-0.16195967572877695,-0.16195967572877695,0.08097983786438848,451.8674952832878,-32.39193514575539,0.16195967572877695,112.32296485428911,-0.04048991893219424,-0.17815564330165465,-112.32296485428911,24.29395135931654,106.80119124280492,-258.1510363882038,451.8674952832878,-0.12146975679658271,175.01047692901057,-170.96148503579118,0.16195967572877695,-0.04048991893219424,8.097983786438848,161.95967572877694,-0.08097983786438848,-0.16195967572877695,0.04048991893219424,1000.0,0.0,651.4447829564468,233.1252576851083,741.6936622642618,0.0,1000.0,-686.0198022964325,0.0,348.89479120027846,-781.0140569175351,-770.926012272154,-165.78140842587663,-174.44739560013923,-370.8468311321309,390.50702845876754,0.0,343.0099011482163,-138.5695498900358,-296.80237911910547,165.78140842587663,770.926012272154,-296.80237911910547,-1000.0,568.0996372315652,0.0,1496.5981,bhi
311,0.0,0.0,0.0,0.0,0.0,0.0,0.0,0.0,-0.055846459870734444,0.0,0.0,0.0,0.0,0.0,0.0,0.0,-604.9320122050058,629.0699405723904,0.0,0.0,0.0,0.0,0.0,475.3262204707578,0.0,0.0,0.0,0.0,0.0,-485.86850806399013,0.0,0.0,0.0,0.0,0.0,0.0,0.0,321.0273075471445,0.0,-1000.0,777.7039111499248,0.0,0.0,-779.819036706906,0.0,0.0,0.0,0.0,870.6195569759019,0.0,0.0,0.0,0.0,0.06143110585786312,0.0,0.0,0.0,11.169291974146889,0.0,0.0,-4.918211565948788,0.0,67.64369330453579,62.72548173858701,0.0,0.0,0.0,0.0,0.0,0.0,0.0,0.5584645987073446,0.0,0.0,0.0,0.0,0.0,0.0,0.0,403.8934623742759,0.0,0.0,0.0,0.0,33.50787592244067,0.0,0.0,-214.69628414162503,-655.9232728342769,978.4489445633972,590.9482565416266,0.0,0.0,-1000.0,16.753937961220334,0.0,222.29608885007525,-1.7982560078359597,0.0,0.0,0.0,2.792322993536722,-1000.0,0.0,0.0,-120.91351307451413,0.0,0.0,0.0,0.0,0.0,0.0,0.0,0.0,0.0,0.0,0.0,0.0,0.0,0.0,0.0,0.0,0.0,0.0,-658.151195030254,0.0,0.0,222.29608885007525,0.0,17.31240255992768,0.0,0.0,0.0,0.0,0.0,0.0,0.0,0.0,0.0,0.0,0.0,0.0,0.0,0.0,0.0,4.300177410046549,0.055846459870734444,590.9622181565943,0.0,0.0,0.0,0.0,0.0,0.0,0.0,0.0,591.8617021813966,0.0,0.0,0.0,0.0,0.0,132.19918796316364,132.19918796316364,0.0,0.0,0.0,-359.375,-1000.0,0.0,0.0,132.25503442303437,0.0,0.0,0.0,-1000.0,-927.0488557704045,0.0,0.0,0.0,0.0,0.0,0.0,0.0,0.0,0.0,-240.36741825201125,0.0,0.0,0.0,0.0,51.90950152652567,0.0,0.0,0.0,0.0,0.0,0.0,0.0,344.0767271657231,-344.0767271657231,0.0,0.0,0.0,0.0,0.0,0.0,0.0,514.1314919360099,-435.49893343733515,0.0,0.0,0.0,0.0,0.0,0.0,0.0,0.0,0.0,0.0,0.0,0.0,0.0,185.0124847527713,-415.06590897314794,220.180963293094,0.0,0.0,0.0,0.0,0.0,0.0,0.0,0.0,0.0,-4.918211565948788,1000.0,0.0,0.0,0.0,0.0,0.0,0.0,0.0,0.0,0.0,0.0,205.5421508888549,0.0,0.0,-1000.0,1000.0,0.0,-220.180963293094,0.0,0.0,0.0,-254.63776926663218,0.0,0.0,0.0,-262.6941383486436,0.0,0.0,-961.5578618354411,0.0,0.0,-961.5578618354411,0.0,0.0,-311.84654566855374,0.0,317.2233949038366,0.0,0.0,155.81162303934912,0.0,0.0,0.0,0.0,0.0,0.0,0.0,132.1433415032929,0.0,0.0,-160.87747483765435,-359.375,0.0,0.0,-4.918211565948788,-0.08376968980610167,0.0,0.0,0.0,0.0,0.055846459870734444,0.0,0.0,0.0,-274.20559037660087,-604.9320122050058,0.0,-720.3393102045908,274.4659850386613,927.0488557704045,1000.0,0.0,0.0,0.0,-120.91351307451413,0.0,0.0,0.0,231.3705535668359,0.0,-231.3705535668359,-1000.0,-1000.0,0.0,0.0,0.0,0.0,0.0,0.0,0.0,0.0,0.0,0.0,0.0,0.0,0.0,0.0,0.0,0.0,0.0,-1.4721278188214202,0.0,-484.75915329450686,0.0,162.03633208905796,0.0,0.0,0.0,376.47706541043624,84.34203254927758,0.0,0.0,0.0,767.5271080375603,0.0,0.0,0.0,0.0,0.0,0.0,-677.0363465504389,0.0,-847.5327464483745,0.0,0.0,-2.792322993536722,1000.0,-1.396161496768361,-2.792322993536722,516.980392560914,0.0,-522.1687069799676,-318.775168959256,1000.0,222.29608885007525,0.0,0.0,0.0,0.0,0.0,0.0,0.0,-185.0124847527713,185.0124847527713,185.0124847527713,714.2092494261723,0.0,0.0,0.0,0.0,0.0,514.1314919360099,0.0,0.0,-9.836423131897561,0.0,0.0,0.0,0.0,0.0,0.0,0.0,-637.3619978232232,0.11169291974150619,0.0,0.0,0.0,0.0,0.0,0.0,0.0,0.0,0.0,0.0,0.0,0.0,0.0,0.0,0.0,0.0,0.0,0.0,0.0,0.06143110585786312,0.06143110585786312,0.0,755.4440972576837,0.0,33.50787592244067,0.0,0.0,0.0,1000.0,0.0,0.0,0.0,0.0,0.0,1000.0,-1000.0,0.0,0.0,0.0,0.0,0.0,0.0,0.0,0.0,0.0,0.0,0.0,0.0,0.0,219.38373167675135,274.20559037660087,0.0,0.0,4.300177410046549,0.0,0.0,-1000.0,-1000.0,0.0,1000.0,0.0,362.6380021767768,0.0,0.0,0.0,185.0124847527713,0.0,0.0,0.0,0.0,0.0,0.0,0.0,0.0,0.0,0.0,0.0,0.0,0.0,33.50787592244067,0.0,0.0,0.0,0.0,0.0,0.0,0.0,0.0,0.0,0.0,0.0,0.0,0.5584645987073446,0.0,0.0,0.0,0.0,0.0,0.0,0.0,0.0,222.29608885007525,0.0,0.0,0.0,0.0,0.0,0.0,0.0,0.0,0.0,0.0,1000.0,-1000.0,0.0,16.753937961220334,16.753937961220334,1000.0,-1000.0,0.0,0.0,0.0,0.0,0.0,0.0,0.0,1000.0,514.1314919360099,749.2607271610179,0.055846459870734444,0.0,0.0,0.0,73.75322832500066,395.53497167419494,0.0,1000.0,0.0,0.0,0.0,0.0,0.0,0.0,0.0,0.0,0.0,0.0,0.0,0.0,0.0,0.0,0.055846459870734444,0.0,0.0,0.0,0.0,0.0,0.0,0.0,0.0,162.03633208905796,0.0,84.34203254927758,0.0,0.0,-483.2870254756854,-4.1884844903050835,-2.792322993536722,0.0,0.0,-953.125,-953.125,953.125,0.0,0.0,0.0,0.0,0.0,0.0,0.0,0.0,927.0488557704045,0.0,0.0,480.62361601356906,0.0,0.0,0.0,-0.055846459870734444,0.0,0.0,0.055846459870734444,0.0,0.055846459870734444,0.0,0.0,0.0,33.50787592244067,68.13268104229603,68.13268104229603,0.0,0.0,0.0,0.0,0.0,0.0,0.0,0.0,0.0,514.1314919360099,0.0,0.0,236.17893376170616,0.0,0.0,0.0,0.0,0.0,0.0,0.0,0.0,0.0,0.0,0.0,0.0,0.0,0.0,0.0,0.0,-956.1327349582127,956.1327349582127,0.08376968980610167,0.0,0.0,0.0,-222.29608885007525,0.0,0.0,0.0,0.0,0.0,-755.4440972576837,2.792322993536722,0.0,0.0,0.0,359.375,1000.0,0.0,0.0,0.0,0.0,0.0,0.0,0.0,0.0,0.0,0.0,0.0,0.0,-532.8284917960757,570.4316125049124,0.0,571.4818740465066,274.6214585996808,0.0,84.34203254927758,0.0,-84.34203254927758,0.0,-322.7704503089282,0.0,2.792322993536722,782.9471490664016,0.0,0.0,0.0,-9.836423131897561,0.0,0.0,0.0,0.0,0.0,-88.64220995932412,0.0,0.0,0.0,1000.0,-768.0095507285989,68.13268104229603,0.0,-983.5446174564435,-983.5446174564435,983.5446174564435,0.0,0.0,0.0,0.0,0.0,0.0,0.0,0.0,0.0,-73.75322832500066,0.0,0.0,16.753937961220334,0.0,0.0,0.0,0.0,68.04149375970258,0.0,0.0,0.06143110585786312,0.0,0.0,0.0,34.066340521148014,0.0,0.0,0.0,0.0,-415.06590897314794,0.0,0.0,0.0,0.0,0.0,0.0,0.0,0.0,-532.8284917960757,0.0,0.005584645987073445,0.005584645987073445,0.0,0.0,0.0,0.0,0.0,0.0,0.0,0.0,0.0,0.0,0.0,0.0,0.0,0.0,0.0,755.4440972576837,0.0,0.0,0.0,0.0,0.0,0.0,0.0,0.0,0.0,0.0,0.0,0.0,160.0547918658747,-182.0758643961476,629.0699405723904,0.0,0.0,0.0,33.50787592244069,0.0,0.0,0.0,0.0,0.0,-502.2578759224862,468.75000000004553,0.0,0.0,0.0,0.0,0.0,0.0,0.0,0.0,0.0,0.0,0.0,0.0,-749.2607271610179,-1000.0,274.4337587731592,-222.29608885007525,0.0,0.0,483.0636396362025,0.0,0.0,0.0,0.0,0.0,0.0,0.0,0.0,0.0,132.8125,0.0,-132.81250000000003,-132.8125,0.0,0.0,0.0,0.0,-6.980807483841806,0.0,-4.1884844903050835,1000.0,0.0,0.0,0.0,0.0,0.0,-0.6980807483841808,0.0,9.836423131897561,0.0,0.0,0.0,0.0,0.0,0.0,0.0,1000.0,16.753937961220334,16.753937961220334,0.0,0.0,0.0,0.0,403.8934623742759,0.06143110585786312,755.4440972576837,0.0,0.0,-483.0636396362025,0.0,0.0,0.0,0.0,0.0,0.0,0.0,0.0,0.0,0.0,0.0,0.0,0.0,0.0,478.06636747910636,0.0,0.0,0.0,0.0,58.63878286427117,4.300177410046549,0.0,0.0,0.0,0.0,0.0,755.4440972576837,0.0,-4.5905790013726815,0.0,0.0,0.0,-6.980807483841806,0.0,0.0,0.0,0.0,0.0,0.0,0.0,0.0,0.0,0.0,0.0,0.0,0.0,0.0,0.0,0.0,0.0,0.0,-0.055846459870734444,0.0,0.0,2.792322993536722,-1000.0,0.0,0.0,0.0,0.0,0.0,0.0,0.0,0.0,-231.3705535668359,1.396161496768361,0.0,0.0,0.0,0.055846459870734444,0.0,55.84645987073444,-17.31240255992768,11.169291974146889,0.3989032847909603,155.81162303934912,-0.04188484490305083,2.792322993536722,1.1169291974146889,-0.27923229935368,-155.81162303934912,16.753937961220334,-0.055846459870734444,40.30450435817138,0.0,0.013961614967683611,0.3989032847909603,-120.91351307451413,-8.890756411419233,-1.1169291974146889,-24.137928367384575,-0.055846459870734444,0.013961614967683611,-155.81162303934912,543.0209221144268,0.055846459870734444,0.055846459870734444,-755.326819691955,0.06143110585780789,0.0,-0.04188484490305083,16.753937961220334,0.055846459870734444,222.29608885007525,177.61892095348767,-0.027923229935367222,-350.03467603236834,-5.640492446944179,-0.04188484490305083,-0.055846459870734444,-17.31240255992768,0.055846459870734444,5.584645987073444,-1.1169291974146889,0.0,0.0,-5.584645987073486,24.137928367384575,0.0,11.169291974146889,0.08376968980610167,333.36967787522116,5.584645987073444,-219.38373167675135,0.0,-11.169291974146889,0.027923229935367222,0.5584645987073446,180.0848275511477,581.6009044790593,-0.055846459870734444,-768.0095507285989,755.326819691955,17.31240255992768,0.055846459870734444,8.890756411419233,-809.9941788610898,0.0,-0.055846459870734444,-0.013961614967683611,0.0,-0.055846459870734444,-637.3619978232232,0.055846459870734444,-0.013961614967683611,-0.013961614967683611,-0.013961614967683611,22.338583948293778,-177.61892095348767,0.5584645987073446,228.09182729102122,-0.013961614967683611,319.86515074412404,2.792322993536722,321.47332190514834,0.055846459870734444,0.027923229935367222,0.027923229935367222,5.584645987073444,17.31240255992768,0.055846459870734444,-17.31240255992768,0.5584645987073446,0.055846459870734444,-601.5249899596065,0.055846459870734444,0.22338583948296578,0.27923229935368,0.027923229935367222,0.013961614967683611,16.753937961220334,-0.055846459870734444,0.0,0.5584645987073444,-456.18365458204244,1.3961614967683613,-5.584645987073444,11.169291974146889,2.792322993536722,-0.055846459870734444,120.91351307451413,0.08376968980610167,-0.055846459870734444,-11.169291974146889,17.31240255992768,72.5345614753692,0.027923229935367222,-642.9466438102967,-0.055846459870734444,-0.055846459870734444,-0.055846459870734444,0.027923229935367222,155.81162303934912,-11.169291974146889,0.055846459870734444,360.1696551022954,-0.013961614967683611,-0.06143110585780789,-360.1696551022954,8.376968980610165,5.640492446944179,-639.9420034804317,155.81162303934912,-0.04188484490305083,768.0095507285989,-581.6009044790593,0.055846459870734444,-0.013961614967683611,770.319431031097,55.84645987073444,-0.027923229935367222,-0.055846459870734444,0.013961614967683611,1000.0,0.0,-1000.0,373.4331626685853,1000.0,0.0,340.8178234983285,273.38725183653753,537.4362761273533,1000.0,-1000.0,-582.6511660206535,-666.6023988948434,-500.0,-500.0,500.0,-537.4362761273533,-136.69362591826876,-755.4440972576837,-140.57605523507178,666.6023988948434,582.6511660206535,-140.57605523507178,-340.8178234983285,572.6136781861724,0.0,1496.5981,bhi
312,0.0,0.0,0.0,0.0,0.0,0.0,0.0,0.0,-0.22696893517798017,0.0,0.0,0.0,0.0,0.0,0.0,0.0,-138.45222353696863,968.9102950905577,0.0,-658.9924980655874,0.0,0.0,0.0,976.849168611846,0.0,0.0,0.0,0.0,0.0,-1000.0,0.0,0.0,808.1597587284738,0.0,0.0,0.0,0.0,278.6354971747725,0.0,-1000.0,841.2769430824092,0.0,-861.2073230602643,0.0,0.0,0.0,0.0,0.0,284.7899346524752,0.0,0.0,0.0,0.0,0.2496658286956972,0.0,0.0,0.0,45.393787035596034,0.0,0.0,-19.98839755800994,0.0,138.55661250405907,118.56821494604914,0.0,0.0,0.0,0.0,0.0,0.0,0.0,2.2696893517798022,0.0,0.0,0.0,0.0,0.0,0.0,0.0,136.89335290028225,0.0,0.0,0.0,0.0,136.18136110678813,0.0,0.0,-943.4045180230103,861.2073230602643,138.79267693973566,-0.05674223379449504,0.0,0.0,0.0,68.09068055339407,0.0,68.09068055339407,-7.308399712736559,0.0,0.0,0.0,190.39738288151716,-1000.0,0.0,0.0,-337.153209517656,0.0,0.0,0.0,0.0,0.0,0.0,0.0,0.0,0.0,0.0,0.0,0.0,0.0,0.0,0.0,0.0,0.0,0.0,-1000.0,0.0,0.0,68.09068055339407,0.0,70.36036990517387,0.0,0.0,0.0,399.1838180833723,-399.1838180833723,399.1838180833723,114.09443707610683,466.0188096460182,-466.0188096460182,-114.09443707610683,0.0,0.0,0.0,0.0,0.0,17.47660800870449,0.22696893517798017,0.0,0.0,0.0,0.0,-216.9093347098236,0.0,0.0,0.0,0.0,1000.0,0.0,0.0,0.0,0.0,0.0,999.773031064822,999.773031064822,0.0,0.0,0.0,0.0,0.0,0.0,0.0,1000.0,0.0,0.0,0.0,826.5102033130117,-689.3741398072898,0.0,0.0,0.0,0.0,0.0,0.0,0.0,0.0,0.0,-311.0769236428779,0.0,0.0,0.0,0.0,-1000.0,0.0,0.0,0.0,0.0,0.0,0.0,861.2073230602643,-1000.0,1000.0,0.0,0.0,0.0,0.0,0.0,0.0,0.0,0.0,-618.9119402971342,0.0,0.0,0.0,0.0,0.0,0.0,0.0,0.0,0.0,0.0,0.0,0.0,0.0,0.0,268.5243732428164,-7.5450341757709065,0.0,0.0,0.0,0.0,263.79847557787906,0.0,0.0,0.0,0.0,-19.98839755800994,-7.5450341757709065,0.0,0.0,0.0,0.0,0.0,0.0,0.0,0.0,0.0,0.0,0.0,0.0,0.0,1000.0,-797.4072603102708,0.0,7.5450341757709065,0.0,0.0,0.0,0.0,0.0,0.0,0.0,-22.87468585035532,0.0,0.0,-1000.0,0.0,0.0,-1000.0,0.0,0.0,-138.79267693973566,0.0,-31.467619604494686,0.0,0.0,369.4448535686858,0.0,0.0,0.0,-464.0424742141287,0.0,464.0424742141287,0.0,1000.0,0.0,0.0,-541.937692523348,0.0,0.0,0.0,-19.98839755800994,-0.3404534027669702,0.0,0.0,0.0,0.0,0.22696893517798017,0.0,0.0,0.0,668.1108438687268,-138.45222353696863,0.0,-695.2257584968675,-716.0152919787956,689.3741398072898,903.2818836514366,0.0,1000.0,0.0,-337.153209517656,0.0,0.0,0.0,-19.54202531882401,-980.457974681176,0.0,-166.09004423783992,-1000.0,0.0,0.0,0.0,0.0,0.0,0.0,0.0,0.0,0.0,0.0,0.0,0.0,0.0,0.0,0.0,0.0,0.0,-720.456627084514,0.0,-1000.0,0.0,0.0,0.0,1000.0,0.0,0.0,-17.47660800870449,0.0,0.0,0.0,0.0,179.04893612261816,0.0,0.0,0.0,0.0,980.457974681176,0.0,-548.3287829205353,519.7466950695657,-825.360366286716,0.0,-600.872914820208,0.0,-5.674223379449504,536.9803361616363,-186.4504940059627,0.0,-147.5298078656871,0.0,0.0,68.09068055339407,468.75000000000387,-468.75000000000387,0.0,1000.0,0.0,0.0,0.0,0.0,0.0,0.0,-190.83670022750414,0.0,0.0,-0.45393787035596034,0.0,0.0,0.0,0.0,0.0,-39.97679511601988,0.0,0.0,6.085739984366654,0.0,0.0,0.0,0.0,-16.475642020401324,0.4539378703559578,0.0,0.0,0.0,0.0,0.0,0.0,0.0,0.0,0.0,0.0,0.0,0.0,0.0,0.0,0.0,0.0,0.0,0.0,0.0,0.2496658286956972,0.2496658286956972,0.0,0.0,0.0,136.18136110678813,0.0,0.0,0.0,1000.0,0.0,0.0,0.0,0.0,0.0,98.04823412002452,-1000.0,0.0,0.0,0.0,0.0,0.0,6.085739984366654,0.0,0.0,0.0,0.0,0.0,0.0,0.0,333.3333333333333,-668.1108438687268,216.9093347098236,0.0,17.47660800870449,0.0,0.0,0.0,-263.79847557787906,0.0,98.04823412002452,0.0,-918.4274079003768,1000.0,0.0,0.0,0.0,0.0,0.0,0.0,0.0,0.0,0.0,0.0,0.0,0.0,0.0,0.0,0.0,0.0,136.18136110678813,0.0,0.0,0.0,0.0,0.0,0.0,0.0,0.0,0.0,0.0,0.0,0.0,2.2696893517798022,0.0,0.0,0.0,0.0,0.0,861.2073230602643,0.0,0.0,68.09068055339407,0.0,0.0,0.0,0.0,0.0,0.0,0.0,0.0,0.0,0.0,1000.0,0.0,0.0,68.09068055339407,68.09068055339407,1000.0,-1000.0,0.0,6.085739984366654,0.0,0.0,0.0,0.0,0.0,166.09004423783995,0.0,191.80184177792006,0.22696893517798017,0.0,0.0,0.0,299.74490303611975,150.32898171356305,0.0,0.0,0.0,0.0,0.0,0.0,0.0,0.0,0.0,0.0,0.0,0.0,0.0,0.0,0.0,0.0,0.22696893517798017,0.0,0.0,0.0,-1000.0,1000.0,0.0,0.0,0.0,0.0,0.0,0.0,0.0,-17.47660800870449,-279.543372915486,-17.02267013834853,-11.348446758899009,0.0,0.0,-46.87500000000001,-46.87500000000001,46.87500000000001,0.0,0.0,0.0,0.0,0.0,0.0,0.0,0.0,689.3741398072898,0.0,0.0,-136.1813611067881,0.0,0.0,0.0,-0.22696893517798017,0.0,0.0,0.22696893517798017,0.0,0.22696893517798017,0.0,0.0,0.0,136.18136110678813,276.90210091713584,276.90210091713584,0.0,0.0,0.0,0.0,0.0,0.0,0.0,216.9093347098236,0.0,0.0,0.0,0.0,0.0,0.0,0.0,0.0,0.0,0.0,0.0,0.0,0.0,0.0,0.0,0.0,0.0,0.0,0.0,263.79847557787906,0.0,-572.8502585025834,572.8502585025834,0.3404534027669702,0.0,0.0,0.0,-68.09068055339407,0.0,0.0,0.0,0.0,0.0,0.0,11.348446758899009,0.0,0.0,0.0,0.0,0.0,0.0,0.0,0.0,0.0,0.0,0.0,0.0,0.0,0.0,0.0,0.0,0.0,742.2872644064877,0.0,0.0,409.45917660011344,-186.82422780409297,0.0,-17.47660800870449,17.47660800870449,0.0,0.0,-276.90210091713584,0.0,11.348446758899009,117.86253653726632,0.0,0.0,0.0,-39.97679511601988,0.0,0.0,0.0,0.0,0.0,0.0,0.0,0.0,0.0,328.0995937812264,-51.06801041504589,276.90210091713584,0.0,-917.7230872822179,-917.7230872822179,917.7230872822179,0.0,0.0,0.0,0.0,0.0,0.0,0.0,0.0,0.0,-299.74490303611975,-161.952825550573,-861.2073230602643,68.09068055339407,0.0,0.0,0.0,0.0,154.00367172234638,0.0,0.0,0.2496658286956972,0.0,0.0,0.0,138.45105045856792,0.0,0.0,0.0,0.0,268.5243732428164,0.0,0.0,0.0,0.0,0.0,0.0,0.0,0.0,0.0,0.0,0.02269689351779802,0.02269689351779802,0.0,0.0,0.0,0.0,0.0,0.0,0.0,0.0,0.0,0.0,0.0,0.0,0.0,0.0,0.0,0.0,0.0,0.0,0.0,0.0,0.0,0.0,0.0,0.0,0.0,0.0,0.0,0.0,-821.3673070312798,1000.0,968.9102950905577,0.0,0.0,0.0,136.18136110678813,0.0,0.0,0.0,0.0,0.0,863.8186388932119,-1000.0,0.0,0.0,0.0,0.0,0.0,0.0,0.0,0.0,0.0,0.0,0.0,0.0,-191.80184177792006,-1000.0,155.47372059691645,0.0,-68.09068055339407,0.0,278.6354971747725,0.0,0.0,0.0,0.0,0.0,0.0,0.0,0.0,0.0,0.0,0.0,0.0,0.0,0.0,0.0,0.0,0.0,-28.37111689724754,0.0,-196.07160626096663,34.04534027669706,0.0,0.0,0.0,0.0,0.0,531.249999999858,-534.0871116895828,39.97679511601988,0.0,0.0,0.0,0.0,0.0,0.0,0.0,1000.0,68.09068055339407,68.09068055339407,0.0,0.0,0.0,0.0,136.89335290028225,0.2496658286956972,0.0,0.0,0.0,-278.6354971747725,0.0,0.0,0.0,0.0,0.0,0.0,0.0,0.0,0.0,0.0,0.0,0.0,0.0,0.0,286.4251292512917,0.0,0.0,0.0,0.0,238.31738193687923,17.47660800870449,0.0,0.0,0.0,0.0,0.0,0.0,0.0,-18.656846471635568,0.0,0.0,0.0,-28.37111689724754,0.0,0.0,0.0,0.0,0.0,0.0,0.0,0.0,0.0,0.0,0.0,0.0,0.0,0.0,0.0,0.0,0.0,0.0,-0.22696893517798017,0.0,0.0,11.348446758899009,-98.04823412002452,0.0,0.0,0.0,0.0,0.0,0.0,0.0,0.0,19.54202531882401,5.674223379449504,0.0,0.0,0.0,0.22696893517798017,0.0,226.96893517798017,-70.36036990517387,45.39378703559604,1.6212066798427156,633.2433291465649,-0.1702267013834851,600.872914820208,4.539378703559604,-1.1348446758914292,-633.2433291465649,68.09068055339407,-0.22696893517798017,112.38440317255201,6.085739984366654,0.05674223379449504,1.6212066798427156,-337.153209517656,-36.133454480340056,-4.539378703559604,-171.46557348800172,-0.22696893517798017,0.05674223379449504,-633.2433291465649,22.696893517798017,0.22696893517798017,0.22696893517798017,0.47663476387367737,0.2496658286957782,0.0,-0.1702267013834851,68.09068055339407,0.22696893517798017,68.09068055339407,-113.4844675889901,-0.11348446758899008,-325.69358096468795,-286.72233803085504,-0.1702267013834851,-0.22696893517798017,-70.36036990517387,0.22696893517798017,22.696893517798003,-4.539378703559604,263.79847557787906,263.79847557787906,-22.696893517798017,171.46557348800172,-263.79847557787906,45.393787035596034,0.3404534027669702,-1000.0,22.696893517798017,-333.3333333333333,6.085739984366654,-45.393787035596034,0.11348446758899008,2.2696893517798022,173.80643962421686,45.393787035596034,-0.22696893517798017,-51.06801041504589,-0.47663476387367737,70.36036990517387,0.22696893517798017,36.133454480340056,-266.27698222920947,6.085739984366654,-0.22696893517798017,-0.05674223379449504,-6.085739984366654,-0.22696893517798017,-16.475642020401324,0.22696893517798017,-0.05674223379449504,-0.05674223379449504,-0.05674223379449504,90.78757407119207,113.4844675889901,2.2696893517798022,168.15560984999047,-0.05674223379449504,235.2284760758817,11.348446758899009,19.58626776909967,0.22696893517798017,0.11348446758899008,0.11348446758899008,25.739763509981344,70.36036990517387,0.22696893517798017,-70.36036990517387,2.2696893517798022,0.22696893517798017,-168.15560984999047,0.22696893517798017,0.9078757407133935,1.1348446758914292,0.11348446758899008,0.05674223379449504,68.09068055339407,-0.22696893517798017,0.0,2.269689351779802,-336.31121969998094,595.1986914407586,-22.696893517798003,45.393787035596034,11.348446758899009,-0.22696893517798017,337.153209517656,0.3404534027669702,-0.22696893517798017,-51.47952701996269,70.36036990517387,190.58674226193062,0.11348446758899008,-39.17253553819934,-0.22696893517798017,-0.22696893517798017,-0.22696893517798017,0.11348446758899008,633.2433291465649,-45.393787035596034,0.22696893517798017,347.6128792484337,-0.05674223379449504,-0.2496658286957782,-347.6128792484337,34.045340276697026,286.72233803085504,3.5787759168146316,633.2433291465649,-0.1702267013834851,51.06801041504589,-45.393787035596034,0.22696893517798017,-0.05674223379449503,11.348446758899009,226.96893517798017,-0.11348446758899008,-0.22696893517798017,0.05674223379449504,0.0,0.0,999.886515532411,0.0,-1000.0,0.0,640.6880526859916,-1000.0,0.0,889.017012380631,-667.7328590039989,-237.94362892588583,0.0,-444.5085061903155,500.0,333.86642950199945,0.0,500.0,0.0,-344.590413984277,0.0,237.94362892588583,-344.590413984277,-640.6880526859916,442.1340706987015,0.0,1496.5981,bhi
313,0.0,0.0,0.0,0.0,0.0,0.0,0.0,0.0,-0.16425398909274155,0.0,0.0,0.0,0.0,0.0,0.0,0.0,0.24638098363911234,143.76731416667076,0.0,0.0,0.0,0.0,0.0,116.35907069923809,0.0,0.0,0.0,0.0,0.0,-701.7088765860814,14.600954856140286,-14.600954856140286,1000.0,0.0,0.0,0.0,0.0,999.3429840436286,0.0,-1000.0,1000.0,0.0,0.0,322.4560120166232,0.0,0.0,225.18126306571457,0.0,0.0,0.0,0.0,-379.006483585819,0.0,0.18067938800217817,0.0,0.0,0.0,0.0,0.0,0.0,8.922555031635369,0.0,75.84196883771529,0.0,0.0,0.0,0.0,0.0,0.0,514.310033637964,0.0,1.6425398909274158,0.0,0.0,0.0,0.0,0.0,0.0,0.0,0.0,0.0,0.0,643.4114120238818,0.0,98.55239345564495,0.0,0.0,0.0,-677.7705178133177,1000.0,-0.04106349727318539,0.0,0.0,-1000.0,49.27619672782247,0.0,49.27619672782247,-100.86141585286396,0.0,0.0,643.4114120238818,8.212699454637079,-1000.0,0.0,0.0,-257.4649159980662,0.0,0.0,0.0,0.0,0.0,0.0,0.0,0.0,0.0,0.0,0.0,0.0,0.0,0.0,0.0,0.0,0.0,0.0,-791.9491936032882,0.0,0.0,49.27619672782247,0.0,50.9187366187499,0.0,0.0,0.0,0.0,0.0,0.0,-84.76452386935065,0.0,0.0,0.0,0.0,0.0,0.0,0.0,0.0,-630.7638548637407,0.16425398909274155,0.0,0.0,0.0,-42.49251593812318,0.0,0.0,0.0,0.0,0.0,1000.0,0.0,0.0,0.0,0.0,0.0,760.3820360672379,760.3820360672379,0.0,0.0,0.0,0.0,-960.2788677289288,0.0,0.0,775.1472449124709,0.0,0.0,0.0,0.0,-157.40520252839758,0.0,0.0,0.0,0.0,0.0,0.0,0.0,0.0,0.0,-307.2243611277298,0.0,0.0,0.0,0.0,-1000.0,0.0,0.0,0.0,0.0,0.0,0.0,379.006483585819,-144.26007613394898,144.26007613394898,84.76452386935065,0.0,0.0,0.0,0.0,0.0,0.0,298.2911234139186,-717.1595849940642,0.0,0.0,0.0,0.0,0.0,0.0,0.0,0.0,0.0,0.0,0.0,0.0,0.0,261.04739962988106,-303.79468185738915,322.4560120166232,0.0,0.0,0.0,0.0,-84.76452386935065,0.0,0.0,0.0,0.0,8.922555031635369,0.0,14.600954856140286,0.0,0.0,0.0,0.0,0.0,0.0,0.0,592.4738164585152,63.908832615066466,0.0,0.0,1000.0,466.4895583206313,234.74640745187003,0.0,-322.4560120166232,0.0,0.0,84.76452386935065,399.5701445145514,0.0,0.0,0.0,-196.38796000682999,0.0,0.0,-307.36301481442615,-527.3648196892217,0.0,220.0018048747956,0.0,527.3648196892217,-822.0305939472667,0.0,-379.49924555309724,0.0,0.0,458.2686295687491,0.0,0.0,0.0,-960.0711621317837,0.0,960.0711621317837,0.0,1000.0,0.0,0.0,-388.0414072443334,0.0,0.0,0.0,8.922555031635369,-0.24638098363911234,0.0,0.0,0.0,0.0,0.16425398909274155,0.0,0.0,0.0,358.2499868136623,0.24638098363911234,0.0,-465.04693279823067,561.3121903494759,157.40520252839758,852.2047304011201,0.0,0.0,0.0,-257.4649159980662,0.0,0.0,0.0,-14.142268460885209,65.35612893134113,-51.21386047045593,-1000.0,-1000.0,0.0,0.0,0.0,0.0,0.0,0.0,0.0,0.0,0.0,0.0,0.0,0.0,0.0,0.0,0.0,0.0,0.0,0.0,0.0,-1000.0,0.0,0.0,673.4452990064509,0.0,42.43349535342435,757.7142662609747,52.89099326136581,0.0,0.0,0.0,145.43888343697142,0.0,0.0,0.0,-590.0324467085876,-461.0512192414294,-65.35612893134113,-617.464620704493,142.5871767287887,-427.9662603670383,112.57324108714627,0.0,581.8197472539505,0.0,456.94486951411085,-150.7998761834258,0.0,0.0,1000.0,1000.0,-463.6929835971007,49.27619672782247,0.0,0.0,0.0,0.0,0.0,0.0,156.1875,-104.85989962988106,104.85989962988106,104.85989962988106,-709.0449214854116,0.0,0.0,0.0,0.0,0.0,298.2911234139186,0.0,0.0,-66.91941380607993,0.0,0.0,197.07146632670245,0.0,0.0,0.0,0.0,-395.56339452333486,0.3285079781853011,0.0,0.0,0.0,0.0,0.0,0.0,0.0,0.0,0.0,514.310033637964,0.0,0.0,0.0,0.0,0.0,0.0,0.0,0.0,0.0,0.18067938800217817,0.18067938800217817,14.600954856140286,0.0,0.0,98.55239345564495,0.0,0.0,0.0,-249.4538517226273,0.0,560.4853937080828,0.0,0.0,0.0,1000.0,249.4538517226273,0.0,0.0,108.7636253717145,0.0,0.0,197.07146632670245,0.0,0.0,0.0,0.0,0.0,0.0,0.0,263.9830645344294,-358.2499868136623,42.49251593812318,0.0,12.647557160141094,0.0,0.0,-1000.0,-1000.0,0.0,1000.0,0.0,0.0,604.4366054766651,343.75000000000034,-343.75000000000034,261.04739962988106,0.0,0.0,0.0,0.0,0.0,0.0,0.0,0.0,0.0,0.0,0.0,0.0,0.0,98.55239345564495,84.76452386935065,84.76452386935065,0.0,0.0,0.0,0.0,0.0,0.0,0.0,0.0,0.0,0.0,1.6425398909274158,0.0,14.600954856140286,0.0,0.0,14.600954856140286,379.006483585819,0.0,0.0,49.27619672782247,-108.7636253717145,0.0,0.0,0.0,0.0,0.0,0.0,0.0,0.0,0.0,778.9328018281548,-1000.0,0.0,49.27619672782247,49.27619672782247,1000.0,249.4538517226273,0.0,197.07146632670245,0.0,0.0,0.0,0.0,0.0,1000.0,298.2911234139186,900.1500114565706,0.16425398909274155,0.0,0.0,-264.9002964530532,481.8211539056031,438.09833610501124,0.0,1000.0,0.0,0.0,0.0,0.0,0.0,0.0,0.0,0.0,0.0,0.0,0.0,0.0,0.0,0.0,0.16425398909274155,0.0,0.0,0.0,0.0,0.0,0.0,0.0,0.0,0.0,0.0,726.3362922678167,0.0,0.0,-1000.0,-12.319049181955618,-8.212699454637079,0.0,0.0,0.0,0.0,0.0,0.0,0.0,0.0,0.0,0.0,0.0,0.0,84.76452386935065,157.40520252839758,0.0,0.0,544.5197158575364,0.0,0.0,0.0,-0.16425398909274155,0.0,0.0,0.16425398909274155,0.0,0.16425398909274155,0.0,0.0,0.0,98.55239345564495,200.38986669314474,200.38986669314474,0.0,0.0,0.0,0.0,0.0,0.0,0.0,42.49251593812318,0.0,298.2911234139186,0.0,0.0,0.0,0.0,0.0,0.0,0.0,0.0,0.0,0.0,0.0,0.0,0.0,0.0,0.0,0.0,0.0,0.0,0.0,-563.089055500651,563.089055500651,0.24638098363911234,0.0,0.0,0.0,-49.27619672782247,0.0,0.0,0.0,0.0,0.0,0.0,8.212699454637079,0.0,0.0,0.0,0.0,960.2788677289288,0.0,0.0,0.0,0.0,0.0,0.0,0.0,0.0,0.0,84.76452386935065,0.0,108.7636253717145,0.0,-261.04739962988106,0.0,303.3721636425285,180.63342010694504,0.0,52.89099326136581,0.0,-52.89099326136581,0.0,199.18027782140663,0.0,8.212699454637079,361.61044599215205,0.0,0.0,-14.600954856140286,-66.91941380607993,-529.1975996122899,529.1975996122899,0.0,0.0,0.0,0.0,0.0,0.0,0.0,319.54341030968544,-36.957147545866746,200.38986669314474,0.0,-884.7794114300178,-884.7794114300178,899.3803662861582,0.0,0.0,0.0,0.0,0.0,592.4738164585152,0.0,0.0,0.0,-731.230891090514,-204.06664253071608,0.0,49.27619672782247,0.0,0.0,0.0,0.0,-151.21480040132704,0.0,0.0,0.18067938800217817,0.0,0.0,0.0,100.19493334657237,0.0,0.0,0.0,0.0,-303.79468185738915,0.0,0.0,0.0,0.0,0.0,0.0,0.0,0.0,-75.36974688034817,0.0,969.0610398117494,0.016425398909274157,0.0,0.0,0.0,0.0,0.0,0.0,0.0,0.0,0.0,-264.9002964530532,14.600954856140286,0.0,0.0,0.0,0.0,0.0,0.0,0.0,0.0,0.0,0.0,0.0,0.0,0.0,0.0,0.0,0.0,0.0,0.0,0.0,143.76731416667076,0.0,0.0,0.0,98.55239345564495,0.0,0.0,0.0,0.0,0.0,0.0,-98.55239345564495,0.0,0.0,0.0,0.0,0.0,0.0,0.0,0.0,0.0,14.600954856140286,14.600954856140286,0.0,-900.1500114565706,-1000.0,112.513982528528,0.0,-49.27619672782247,0.0,999.3429840436286,0.0,0.0,0.0,0.0,0.0,0.0,0.0,0.0,0.0,0.0,0.0,0.0,0.0,0.0,0.0,0.0,0.0,-20.531748636592695,84.76452386935065,-12.319049181955618,24.638098363911258,0.0,0.0,0.0,0.0,0.0,0.0,-2.0531748636592697,66.91941380607993,0.0,0.0,0.0,0.0,0.0,0.0,0.0,1000.0,49.27619672782247,49.27619672782247,0.0,0.0,0.0,0.0,0.0,0.18067938800217817,0.0,0.0,0.0,-999.3429840436286,969.0446144128401,0.0,0.0,0.0,0.0,0.0,0.0,0.0,0.0,0.0,0.0,0.0,0.0,0.0,281.5445277503255,0.0,0.0,0.0,0.0,172.46668854737865,0.0,0.0,12.647557160141094,0.0,0.0,0.0,0.0,0.0,564.3711836989498,0.0,0.0,0.0,-20.531748636592695,0.0,0.0,0.0,0.0,0.0,0.0,0.0,0.0,0.0,0.0,0.0,0.0,0.0,0.0,0.0,0.0,0.0,0.0,-0.16425398909274155,0.0,0.0,8.212699454637079,-1000.0,0.0,0.0,0.0,0.0,84.76452386935065,0.0,0.0,0.0,14.142268460885209,4.106349727318539,0.0,0.0,0.0,0.16425398909274155,0.0,164.25398909274156,-50.9187366187499,32.850797818548315,1.1732427792338684,458.2686295687491,-0.12319049181955617,8.212699454637118,3.2850797818548316,-0.8212699454641097,-458.2686295687491,49.27619672782247,-0.16425398909274158,85.82163866602207,197.07146632670245,0.041063497273185395,1.1732427792338684,-257.4649159980662,-26.149235063566138,11.315875074285486,-144.01369515030987,-0.16425398909274158,0.041063497273185395,-458.2686295687491,171.51773400483194,0.16425398909274158,0.16425398909274155,0.3449333770949198,0.18067938800203287,-442.53522642219116,-0.12319049181955617,49.27619672782247,0.16425398909274158,49.27619672782247,-82.12699454637078,-0.08212699454637079,-42.534941581676456,68.17487097098376,-0.12319049181955617,-0.16425398909274158,-50.9187366187499,0.16425398909274155,16.425398909274158,-3.2850797818548316,0.0,0.0,-16.42539890927415,144.01369515030987,0.0,32.850797818548315,0.24638098363911234,-654.9024797045802,16.425398909274158,-263.9830645344294,197.07146632670245,-32.850797818548315,0.08212699454637078,1.6425398909274158,116.26173319955767,-228.19660181133276,-0.16425398909274155,-36.957147545866746,-0.3449333770949198,50.9187366187499,0.16425398909274158,26.149235063566138,-155.1256556801451,197.07146632670245,-0.16425398909274155,-0.04106349727318539,-197.07146632670245,-0.1642539890927416,-395.5633945233348,0.16425398909257183,-0.04106349727318539,-0.04106349727318539,-0.04106349727318539,65.70159563709663,82.12699454637078,1.6425398909274158,121.6916741690874,-0.04106349727318539,146.70182773309327,8.212699454637079,205.99439671630452,0.16425398909274155,0.08212699454637078,0.08212699454637079,114.96113207262539,50.9187366187499,0.16425398909274155,-50.9187366187499,1.6425398909274158,0.16425398909274158,-121.6916741690874,0.16425398909274158,0.6570159563714242,0.8212699454641097,0.08212699454637079,0.041063497273185395,49.27619672782247,-0.16425398909274158,442.53522642219116,-5.657937537142743,-243.3833483381748,4.106349727318502,-16.425398909274158,32.850797818548315,8.212699454637079,-0.16425398909274158,257.4649159980662,0.24638098363911234,-0.16425398909274158,-229.92226414525078,50.9187366187499,488.1154322283297,0.08212699454637079,-411.98879343260904,-0.16425398909274158,-0.16425398909257183,-0.16425398909274158,0.08212699454637079,458.2686295687491,-32.850797818548315,0.16425398909274155,232.52346639911534,-0.04106349727318539,-0.18067938800203287,-232.52346639911534,24.638098363911233,-68.17487097098376,49.15559918600431,458.2686295687491,-0.12319049181955617,36.957147545866746,228.19660181133276,0.16425398909274158,-0.041063497273185395,153.6515828916085,164.25398909274156,-0.08212699454637078,-0.16425398909274158,0.04106349727318539,0.0,0.0,476.85094665730054,0.0,199.79901077643865,31.05803479651815,54.075841257176364,-822.9965930520046,155.0923350955578,-1000.0,495.5607035599182,-293.73044552295363,-177.9694060527333,500.0,-99.89950538821932,-247.7803517799591,-155.0923350955578,411.4982965260023,0.0,-336.9006318270027,177.9694060527333,293.73044552295363,-336.9006318270027,-54.075841257176364,96.38804901402365,-31.05803479651815,1496.5981,bhi
314,0.0,0.0,0.0,0.0,0.0,0.0,0.0,0.0,-0.16238136166884895,0.0,0.0,0.0,0.0,0.0,0.0,0.0,-242.171517278335,677.0161890272148,0.0,0.0,0.0,0.0,0.0,0.0,0.0,0.0,0.0,0.0,0.0,-153.3863151938235,140.11424613496163,-140.11424613496163,948.8931727707577,0.0,0.0,0.0,0.0,260.1050309173944,0.0,-1000.0,951.2855914993453,0.0,0.0,0.0,0.0,0.0,151.05538684151065,0.0,0.0,0.0,0.0,-484.34303455667,0.0,0.1786194978356832,0.0,0.0,0.0,32.47627233376979,0.0,0.0,-61.0051339626242,0.0,441.08795041081066,380.08281644818646,768.3524920584014,0.0,0.0,0.0,0.0,0.0,0.0,1.6238136166884898,0.0,0.0,0.0,0.0,0.0,0.0,0.0,0.0,0.0,0.0,0.0,0.0,97.42881700130943,0.0,0.0,-575.3318121627653,-85.68689074298509,853.6918573762952,-0.04059534041721224,0.0,0.0,-980.0770003970985,48.71440850065469,0.0,48.71440850065469,-145.34292598069936,0.0,0.0,0.0,8.119068083442448,-153.3863151938235,0.0,0.0,-47.51819913636084,608.9854575100356,584.3641246683676,0.0,0.0,0.0,0.0,0.0,0.0,0.0,0.0,0.0,0.0,0.0,0.0,0.0,0.0,0.0,0.0,-406.9635696777556,0.0,0.0,48.71440850065469,0.0,50.33822211734318,21.18949117200547,0.0,0.0,0.0,0.0,0.0,-707.7934378911799,0.0,0.0,707.7934378911799,0.0,0.0,0.0,0.0,0.0,12.503364848501361,0.16238136166884895,0.0,0.0,0.0,-1000.0,358.5382701561946,0.0,0.0,0.0,0.0,1000.0,0.0,0.0,0.0,0.0,0.0,708.9927483851966,708.9927483851966,0.0,0.0,0.0,0.0,-720.7685234730149,0.0,0.0,849.269375881827,0.0,0.0,0.0,0.0,-319.3595644760087,0.0,0.0,0.0,0.0,0.0,0.0,0.0,0.0,0.0,-96.49574536531264,0.0,0.0,0.0,0.0,-1000.0,0.0,0.0,0.0,0.0,0.0,0.0,484.34303455667,-768.0049666333101,768.0049666333101,0.0,0.0,0.0,0.0,0.0,0.0,0.0,0.0,-20.297670208606128,0.0,0.0,0.0,0.0,0.0,0.0,0.0,0.0,0.0,0.0,0.0,0.0,0.0,590.1114992346697,-64.95254466753958,-88.7852020845115,0.0,0.0,0.0,0.0,199.5219349108477,0.0,0.0,0.0,0.0,-61.0051339626242,-88.7852020845115,140.11424613496163,0.0,673.4903826061582,0.0,0.0,0.0,0.0,0.0,0.0,0.0,0.0,0.0,103.69400203832458,786.0120779286497,-858.9937442394055,0.0,88.7852020845115,0.0,0.0,0.0,1000.0,0.0,0.0,0.0,-39.717709256019134,0.0,0.0,-159.8112960242669,-1000.0,0.0,-159.8112960242669,1000.0,0.0,-853.6918573762952,0.0,0.0,0.0,0.0,295.9010464892518,0.0,0.0,0.0,26.78330860114312,0.0,-26.78330860114312,0.0,1000.0,0.0,0.0,1000.0,0.0,0.0,0.0,-61.0051339626242,-0.2435720425032734,0.0,0.0,0.0,0.0,0.16238136166884895,0.0,0.0,0.0,751.7636565884976,-242.171517278335,0.0,-31.678799424240562,70.61635376758568,319.3595644760087,1000.0,0.0,192.77694037304417,0.0,-47.51819913636084,0.0,0.0,0.0,822.8147857220298,-15.591726095073954,-1000.0,0.0,-1000.0,0.0,0.0,0.0,0.0,0.0,0.0,0.0,0.0,0.0,0.0,0.0,0.0,0.0,0.0,0.0,0.0,673.4903826061582,0.0,0.0,-1000.0,0.0,739.2454436359303,0.0,0.0,125.52177042273762,0.0,127.61088128646027,0.0,0.0,0.0,0.0,0.0,1000.0,0.0,0.0,-183.87565019191607,-984.4082739049261,0.0,-8.119068083442448,0.0,-55.442324448822774,0.0,-8.11906808344245,1000.0,179.81611615019483,0.0,-534.5472734880751,0.0,-105.54788508475183,-246.37334355706588,0.0,48.71440850065469,281.2500000000107,-281.2500000000107,0.0,749.0017913524227,0.0,0.0,0.0,-590.1114992346697,590.1114992346697,590.1114992346697,-768.0575659341317,0.0,0.0,0.0,0.0,0.0,0.0,0.0,0.0,-122.0102679252484,0.0,0.0,0.0,0.0,0.0,0.0,0.0,-146.14322550196405,0.3247627233376621,0.0,0.0,0.0,0.0,0.0,0.0,0.0,0.0,0.0,0.0,0.0,0.0,0.0,0.0,0.0,0.0,0.0,0.0,0.0,0.1786194978356832,0.1786194978356832,140.11424613496163,13.016919436559627,0.0,97.42881700130943,0.0,0.0,0.0,1000.0,0.0,0.0,0.0,0.0,0.0,136.55877420061245,-1000.0,0.0,0.0,0.0,0.0,0.0,0.0,0.0,0.0,0.0,0.0,0.0,0.0,0.0,135.65452322591852,-751.7636565884976,32.47627233376979,0.0,12.503364848501361,0.0,-179.59893530794614,-800.4780650891523,-1000.0,0.0,136.55877420061245,0.0,-9.584451301351606,0.0,0.0,0.0,590.1114992346697,0.0,0.0,0.0,0.0,0.0,0.0,0.0,0.0,0.0,0.0,0.0,0.0,0.0,97.42881700130938,0.0,0.0,0.0,0.0,0.0,0.0,0.0,0.0,0.0,0.0,0.0,0.0,1.6238136166884898,0.0,140.11424613496163,0.0,0.0,140.11424613496163,484.34303455667,0.0,0.0,48.71440850065469,0.0,0.0,0.0,0.0,0.0,0.0,0.0,0.0,0.0,0.0,1000.0,0.0,0.0,48.71440850065469,48.71440850065469,1000.0,-1000.0,0.0,0.0,0.0,0.0,0.0,0.0,0.0,958.2525237231202,0.0,1000.0,0.16238136166884895,0.0,0.0,0.0,129.6898207330744,0.0,0.0,980.0770003970985,0.0,0.0,0.0,0.0,0.0,0.0,0.0,0.0,0.0,0.0,0.0,0.0,0.0,0.0,0.16238136166884895,0.0,0.0,0.0,0.0,0.0,0.0,0.0,0.0,739.2454436359303,-25.851112777681536,153.4619940641418,0.0,0.0,-1000.0,-12.178602125163675,-8.119068083442453,0.0,0.0,-15.625000000000002,-15.625,15.625000000000002,0.0,0.0,0.0,0.0,0.0,0.0,0.0,0.0,319.3595644760087,0.0,0.0,-97.42881700130943,0.0,0.0,0.0,-0.16238136166884895,0.0,0.0,0.16238136166884895,0.0,0.16238136166884895,0.0,0.0,0.0,97.42881700130943,198.10526123599573,198.10526123599573,0.0,0.0,0.0,0.0,0.0,0.0,0.0,32.47627233376979,0.0,0.0,0.0,0.0,0.0,836.7958209617176,0.0,0.0,0.0,0.0,0.0,0.0,0.0,0.0,0.0,0.0,0.0,0.0,0.0,199.5219349108477,0.0,0.0,0.0,0.2435720425032734,0.0,0.0,0.0,-48.71440850065469,0.0,0.0,0.0,0.0,0.0,-13.016919436559627,8.119068083442448,0.0,0.0,0.0,0.0,720.7685234730149,-153.4619940641418,0.0,0.0,0.0,0.0,0.0,0.0,0.0,0.0,0.0,0.0,0.0,122.66228247618812,-577.0945797981101,0.0,1000.0,-47.51819913636084,0.0,0.0,0.0,0.0,0.0,801.8947387640043,0.0,8.119068083442453,1000.0,0.0,0.0,-140.11424613496163,-122.0102679252484,0.0,0.0,-140.62500000011636,140.62500000011636,0.0,0.0,0.0,0.0,0.0,121.69126692703594,-49.55272581205065,198.10526123599573,0.0,-818.957881255792,-818.957881255792,959.0721273907536,0.0,0.0,0.0,0.0,0.0,0.0,0.0,0.0,0.0,-129.6898207330744,0.0,0.0,48.71440850065469,0.0,0.0,0.0,0.0,-362.22144614431426,0.0,0.0,0.1786194978356832,0.0,0.0,0.0,99.05263061799786,0.0,0.0,0.0,0.0,-64.95254466753958,0.0,608.9854575100356,0.0,0.0,0.0,0.0,0.0,0.0,-817.9300287479258,0.0,0.016238136166884895,0.016238136166884895,0.0,0.0,0.0,0.0,0.0,0.0,0.0,0.0,0.0,0.0,140.11424613496163,0.0,0.0,0.0,0.0,13.016919436559627,0.0,0.0,0.0,0.0,0.0,0.0,0.0,0.0,0.0,0.0,0.0,0.0,0.0,0.0,677.0161890272148,0.0,0.0,0.0,97.42881700130943,0.0,0.0,0.0,0.0,0.0,-1000.0,902.5711829986906,0.0,0.0,0.0,0.0,0.0,0.0,0.0,0.0,0.0,140.11424613496163,140.11424613496163,0.0,-1000.0,804.8662085292967,948.0270537048791,0.0,-48.71440850065469,0.0,999.3504745533247,0.0,0.0,0.0,0.0,0.0,0.0,0.0,0.0,0.0,0.0,0.0,0.0,0.0,0.0,0.0,0.0,0.0,-20.297670208606128,0.0,-12.178602125163675,874.1699446486047,0.0,0.0,0.0,0.0,0.0,-2.029767020860612,0.0,122.0102679252484,0.0,0.0,0.0,0.0,0.0,0.0,0.0,1000.0,48.71440850065469,48.71440850065469,0.0,0.0,0.0,0.0,0.0,0.1786194978356832,13.016919436559627,0.0,0.0,-999.3504745533247,0.0,0.0,0.0,0.0,0.0,0.0,0.0,0.0,0.0,0.0,0.0,0.0,0.0,0.0,0.0,0.0,0.0,21.18949117200547,0.0,170.5004297522914,12.503364848501361,0.0,0.0,0.0,0.0,0.0,13.016919436559627,0.0,0.0,0.0,0.0,0.0,-20.297670208606128,0.0,0.0,0.0,0.0,0.0,0.0,0.0,0.0,0.0,0.0,0.0,0.0,0.0,0.0,0.0,0.0,0.0,0.0,-0.16238136166884895,0.0,0.0,8.119068083442448,-136.55877420061245,0.0,0.0,0.0,0.0,0.0,0.0,0.0,0.0,-822.8147857220298,4.059534041721227,0.0,0.0,0.0,0.16238136166884895,0.0,162.38136166884894,-29.1487309453377,32.47627233376979,1.1598668690632068,495.42298140009956,-0.1217860212516367,8.11906808344245,3.2476272333769796,-0.811906808344133,-495.42298140009956,48.71440850065469,-0.16238136166884895,15.839399712120281,0.0,0.04059534041721224,1.1598668690632068,-47.51819913636084,-25.851112777681536,136.86661890158462,-434.84467174887976,-0.16238136166884895,0.04059534041721224,-495.42298140009956,443.9251158100683,0.16238136166884895,0.16238136166884895,-12.675918577055095,0.17861949783573383,-1000.0,-0.1217860212516367,48.71440850065469,0.16238136166884895,48.71440850065469,-81.19068083442448,-0.08119068083442448,95.03639827272168,-215.92245243940144,-0.12178602125163672,-0.16238136166884895,-29.1487309453377,0.16238136166884895,16.238136166884885,-3.2476272333769796,199.5219349108477,199.5219349108477,-16.238136166884885,434.84467174887976,-199.5219349108477,32.47627233376979,0.2435720425032734,-1000.0,16.238136166884896,-135.65452322591852,0.0,-32.47627233376979,0.08119068083442448,1.6238136166884898,7.919699856060141,-544.6183074643403,-0.16238136166884895,-49.55272581205065,12.675918577055095,50.33822211734318,0.16238136166884895,25.851112777681536,-622.544613645802,0.0,-0.16238136166884895,-0.04059534041721224,0.0,-0.16238136166884895,-755.1286830119997,0.16238136166884895,-0.04059534041721224,-0.04059534041721224,-0.04059534041721224,64.95254466753958,81.19068083442448,1.6238136166884898,374.0956743349761,-0.04059534041721224,0.0,8.119068083442448,81.19068083442447,0.16238136166884895,0.08119068083442448,0.08119068083442448,16.238136166884896,29.1487309453377,0.16238136166884895,-29.1487309453377,1.6238136166884898,0.1623813616688491,-881.6784403521084,0.16238136166884895,0.6495254466753124,0.811906808344133,0.08119068083442448,0.04059534041721224,48.71440850065469,-0.16238136166884895,1000.0,-68.43330945079231,-748.1913486699522,4.059534041721226,-16.238136166884885,32.47627233376979,8.119068083442448,-0.16238136166884895,47.51819913636084,0.2435720425032734,-0.1623813616688491,-32.47627233376979,29.1487309453377,770.8693528914066,0.08119068083442448,-162.38136166884894,-0.16238136166884895,-0.16238136166884895,-0.16238136166884895,0.08119068083442448,495.42298140009956,-32.47627233376979,0.16238136166884895,15.839399712120281,-0.04059534041721224,-0.17861949783573383,-15.839399712120281,24.35720425032734,215.92245243940144,-47.80472819411754,495.42298140009956,-0.12178602125163672,49.55272581205065,544.6183074643403,0.16238136166884895,-0.04059534041721223,8.119068083442453,162.38136166884894,-0.08119068083442448,-0.16238136166884895,0.04059534041721224,523.1099118302985,0.0,999.9188093191656,507.5827660171323,-1000.0,0.0,1000.0,-1000.0,427.6869796431834,128.68742660284394,34.09770138430008,-1000.0,0.0,-64.34371330142197,500.0,-17.04885069215004,-427.6869796431834,500.0,-13.016919436559627,-408.6479067470924,0.0,1000.0,-408.6479067470924,-1000.0,803.1532387394585,0.0,1496.5981,bhi
315,0.0,0.0,0.0,0.0,0.0,0.0,0.0,0.0,644.5808684891391,0.0,0.0,0.0,0.0,0.0,0.0,0.0,0.0,-195.51236352893307,0.0,591.06991355057,0.0,0.0,0.0,288.58029385579255,0.0,468.54453195418705,0.0,0.0,0.0,-490.3142730824159,0.0,0.0,525.7321913654993,0.0,0.0,0.0,0.0,-23.71116227507855,0.0,-1000.0,950.2331015681639,0.0,0.0,-938.3184209044643,0.0,0.0,0.0,0.0,1000.0,-587.8576457389179,0.0,-428.63269398688027,0.0,0.1824786275833204,0.0,0.0,0.0,0.0,0.0,0.0,-14.609349517434794,0.0,985.3906504825652,970.7813009651304,0.0,0.0,0.0,0.0,0.0,0.0,0.0,1.6588966143945367,0.0,0.0,0.0,0.0,0.0,0.0,0.0,0.0,0.0,0.0,0.0,0.0,99.53379686367221,0.0,0.0,-403.72005041953685,24.912643567343366,466.5060693252616,-0.041472415359863415,0.0,0.0,0.0,49.766898431836104,0.0,49.766898431836104,-5.34164709835153,0.0,0.0,0.0,8.294483071972683,-884.2430135518671,0.0,0.0,-118.99193204529959,0.0,0.0,0.0,0.0,0.0,0.0,0.0,0.0,0.0,0.0,0.0,0.0,0.0,0.0,0.0,0.0,0.0,0.0,-1000.0,0.0,0.0,49.766898431836104,0.0,51.42579504623063,0.0,0.0,0.0,263.48825964148745,-263.48825964148745,263.48825964148745,0.0,1000.0,-1000.0,0.0,0.0,0.0,0.0,0.0,0.0,12.77350393083793,0.16588966143945366,0.0,0.0,0.0,-1000.0,320.3117132097806,0.0,0.0,0.0,0.0,1000.0,0.0,0.0,0.0,0.0,0.0,356.17809485844464,356.17809485844464,0.0,0.0,0.0,0.0,701.4045297742589,0.0,0.0,356.3439845198841,0.0,0.0,0.0,-262.03714523546637,0.0,0.0,0.0,0.0,0.0,0.0,0.0,0.0,0.0,0.0,0.0,0.0,0.0,0.0,0.0,-1000.0,0.0,0.0,0.0,0.0,0.0,587.8576457389179,428.63269398688027,-24.912643567343366,24.912643567343366,0.0,0.0,0.0,0.0,0.0,0.0,0.0,393.92874046945116,-396.9305951803115,0.0,0.0,0.0,0.0,0.0,0.0,0.0,0.0,0.0,0.0,0.0,0.0,0.0,584.2693894359077,17.203512496955614,-938.3184209044643,0.0,0.0,0.0,0.0,255.81173968579816,0.0,0.0,0.0,0.0,-14.609349517434794,0.0,0.0,0.0,0.0,0.0,0.0,0.0,0.0,0.0,0.0,33.177932287890734,0.0,0.0,-49.82528713468673,0.0,1000.0,0.0,938.3184209044643,0.0,0.0,0.0,0.0,0.0,0.0,0.0,80.24553958932688,0.0,0.0,-506.4268792390258,493.57312076097423,-427.14808587016444,-1000.0,0.0,-920.7212066311387,0.0,0.0,-654.2677371130496,587.8576457389179,0.0,207.02041573027753,0.0,0.0,0.0,0.0,0.0,0.0,0.0,1000.0,0.0,0.0,441.293742234446,0.0,0.0,0.0,-14.609349517434794,-0.24883449215918046,0.0,0.0,0.0,0.0,0.16588966143945366,0.0,0.0,0.0,694.4213618823658,0.0,0.0,-79.3279546968664,685.7197380504251,0.0,1000.0,0.0,472.61249502567875,0.0,-118.99193204529959,0.0,0.0,0.0,732.8842128781725,-205.4967079038513,-1000.0,-1000.0,-1000.0,0.0,0.0,0.0,0.0,0.0,0.0,0.0,0.0,0.0,0.0,0.0,0.0,0.0,0.0,0.0,0.0,0.0,-1000.0,0.0,-976.952396370679,0.0,0.0,0.0,0.0,0.0,0.0,-12.77350393083793,0.0,0.0,0.0,0.0,0.0,0.0,0.0,714.8689035420897,143.65319315498184,205.4967079038513,-475.4397696854742,0.0,-360.7121025649212,390.1743607085874,0.0,-723.1633866140623,0.0,-147.8004346909682,-8.294483071972683,0.0,0.0,0.0,0.0,286.10046053380626,49.766898431836104,-968.7500000000043,968.7500000000043,0.0,0.0,0.0,644.7467581505786,0.0,-584.2693894359077,584.2693894359077,584.2693894359077,-472.2984892176646,0.0,0.0,-643.9877948029948,0.0,0.0,393.92874046945116,0.0,0.0,-29.218699034869587,0.0,0.0,0.0,0.0,0.0,0.0,0.0,-712.2516727250999,0.33177932287757533,0.0,0.0,0.0,0.0,0.0,0.0,0.0,0.0,0.0,0.0,0.0,0.0,0.0,0.0,0.0,0.0,0.0,0.0,0.0,0.1824786275833204,0.1824786275833204,0.0,273.5565333443323,0.0,99.53379686367221,0.0,0.0,0.0,1000.0,0.0,0.0,0.0,0.0,0.0,1000.0,-1000.0,0.0,0.0,0.0,0.0,0.0,0.0,0.0,0.0,0.0,0.0,0.0,0.0,0.0,333.3333333333333,-694.4213618823658,679.6882867902194,0.0,12.77350393083793,0.0,0.0,0.0,-255.81173968579816,0.0,1000.0,0.0,287.74832727490013,0.0,656.2499999999972,-656.2499999999972,584.2693894359077,0.0,0.0,0.0,0.0,0.0,0.0,0.0,0.0,0.0,0.0,0.0,0.0,0.0,99.53379686367221,0.0,0.0,0.0,0.0,0.0,0.0,0.0,0.0,0.0,0.0,0.0,0.0,1.6588966143945367,0.0,0.0,0.0,0.0,0.0,428.63269398688027,0.0,0.0,49.766898431836104,0.0,0.0,0.0,0.0,0.0,0.0,0.0,0.0,0.0,0.0,1000.0,255.81173968579816,0.0,49.766898431836104,49.766898431836104,1000.0,-1000.0,0.0,0.0,0.0,0.0,0.0,0.0,0.0,884.2430135518671,393.92874046945116,1000.0,0.16588966143945366,0.0,0.0,-474.1619877539865,693.2429842078479,0.0,0.0,0.0,0.0,0.0,0.0,0.0,0.0,0.0,0.0,0.0,0.0,0.0,0.0,0.0,0.0,0.0,0.16588966143945366,0.0,0.0,0.0,0.0,0.0,0.0,0.0,0.0,0.0,0.0,-12.77350393083793,0.0,0.0,23.047603629320975,-12.441724607959026,0.0,-8.294483071972683,0.0,-921.875,-921.875,921.875,0.0,0.0,0.0,0.0,0.0,0.0,0.0,0.0,0.0,0.0,0.0,294.39494360577896,0.0,0.0,0.0,644.5808684891391,0.0,0.0,0.16588966143945366,0.0,0.16588966143945366,0.0,0.0,0.0,99.53379686367221,202.3853869561335,202.3853869561335,0.0,0.0,0.0,0.0,0.0,0.0,0.0,679.6882867902194,0.0,393.92874046945116,0.0,0.0,0.0,747.1673127281094,0.0,0.0,0.0,0.0,0.0,0.0,0.0,0.0,0.0,0.0,0.0,0.0,0.0,255.81173968579816,0.0,-468.54453195418705,468.54453195418705,0.24883449215918046,0.0,0.0,0.0,-49.766898431836104,0.0,0.0,0.0,0.0,0.0,-273.5565333443323,8.294483071972683,0.0,0.0,0.0,0.0,-701.4045297742589,-338.6485250619721,-8.294483071972683,0.0,0.0,0.0,0.0,0.0,0.0,0.0,0.0,0.0,0.0,0.0,-310.71285609157536,0.0,623.8056124996202,-118.99193204529959,0.0,-351.42202899281006,0.0,351.42202899281006,0.0,-202.3853869561335,0.0,8.294483071972683,1000.0,0.0,0.0,0.0,-29.218699034869587,0.0,0.0,-46.87500000005729,46.87500000005729,0.0,0.0,0.0,0.0,0.0,207.20604351445255,-232.08949273037038,202.3853869561335,0.0,-489.85023038466323,-489.85023038466323,489.85023038466323,0.0,0.0,0.0,0.0,0.0,0.0,0.0,0.0,78.7922144378388,-219.08099645386142,-67.84185318978132,0.0,49.766898431836104,0.0,0.0,0.0,0.0,-434.2831716733707,0.0,0.0,0.1824786275833204,0.0,0.0,0.0,101.19269347806674,0.0,0.0,0.0,0.0,17.203512496955614,0.0,0.0,0.0,0.0,0.0,0.0,0.0,0.0,-1000.0,0.0,0.016588966143945366,0.016588966143945366,0.0,0.0,0.0,0.0,0.0,0.0,0.0,0.0,0.0,-474.1619877539865,0.0,0.0,0.0,0.0,0.0,273.5565333443323,0.0,0.0,0.0,0.0,0.0,0.0,0.0,587.8576457389179,0.0,0.0,0.0,0.0,365.4348704244005,1000.0,-195.51236352893307,0.0,0.0,0.0,99.53379686367221,0.0,0.0,0.0,0.0,0.0,0.0,-99.53379686367221,0.0,0.0,0.0,0.0,0.0,0.0,0.0,0.0,0.0,0.0,0.0,0.0,-1000.0,-1000.0,860.8017308141352,401.8477191970668,-451.6146176289029,0.0,-23.71116227507855,0.0,0.0,0.0,0.0,0.0,0.0,0.0,0.0,0.0,0.0,0.0,0.0,0.0,0.0,0.0,0.0,0.0,-20.73620767993171,0.0,-12.441724607959026,966.8150808505209,0.0,0.0,0.0,0.0,0.0,-2.073620767993171,0.0,29.218699034869587,0.0,0.0,0.0,0.0,0.0,0.0,0.0,1000.0,49.766898431836104,49.766898431836104,0.0,0.0,0.0,0.0,0.0,0.1824786275833204,273.5565333443323,0.0,0.0,23.71116227507855,0.0,0.0,0.0,0.0,0.0,0.0,0.0,0.0,0.0,0.0,0.0,0.0,0.0,0.0,0.0,0.0,0.0,0.0,0.0,174.18414451142635,0.0,0.0,12.77350393083793,0.0,0.0,0.0,273.5565333443323,0.0,333.3068779636206,0.0,0.0,0.0,-20.73620767993171,0.0,0.0,0.0,0.0,0.0,0.0,0.0,0.0,0.0,0.0,0.0,0.0,0.0,0.0,0.0,0.0,0.0,0.0,-0.16588966143945366,0.0,0.0,8.294483071972683,-1000.0,0.0,0.0,0.0,0.0,0.0,0.0,0.0,0.0,-732.8842128781725,4.147241535986342,0.0,0.0,468.54453195418705,0.16588966143945366,0.0,165.88966143945365,-51.42579504623063,33.177932287890734,1.1849261531389548,462.8321554160757,-0.12441724607959023,8.294483071972685,3.3177932287890735,-0.8294483071970298,-462.8321554160757,49.766898431836104,-0.16588966143945366,39.6639773484332,0.0,0.041472415359863415,1.1849261531389548,-118.99193204529959,-26.40963410116217,-3.3177932287890735,-395.557550021637,-0.16588966143945366,0.041472415359863415,-462.8321554160757,665.1364906025999,0.16588966143945366,0.16588966143945366,-273.20816505530956,0.18247862758339903,-1000.0,-0.12441724607959023,49.766898431836104,0.16588966143945366,49.766898431836104,-82.94483071972684,-0.08294483071972683,237.98386409059918,-272.56659549118297,-0.12441724607959023,-0.16588966143945352,-51.42579504623063,0.16588966143945366,16.588966143945413,-3.3177932287890735,255.81173968579816,255.81173968579816,-16.588966143945413,395.557550021637,-255.81173968579816,33.177932287890734,0.24883449215918046,-57.577778219578434,16.588966143945367,-333.3333333333333,0.0,-33.177932287890734,0.08294483071972683,1.6588966143945367,19.8319886742166,-277.53492380368465,-0.16588966143945366,-310.8817071682092,273.20816505530956,51.42579504623063,0.16588966143945366,26.40963410116217,-847.6151181859991,0.0,-0.16588966143945366,-0.041472415359863415,0.0,-0.16588966143945366,-712.2516727250999,0.16588966143939682,-0.041472415359863415,-0.041472415359863415,-0.041472415359863415,66.35586457578147,82.94483071972684,1.6588966143945367,380.9447639028519,-0.041472415359863415,0.0,8.294483071972683,364.42031943452264,0.16588966143945366,0.08294483071972683,0.08294483071972683,16.588966143945367,51.42579504623063,0.16588966143945366,-51.42579504623063,1.6588966143945367,0.16588966143945366,-897.027285870641,0.16588966143945366,0.6635586457575755,0.8294483071970298,0.08294483071972683,0.041472415359863415,49.766898431836104,-0.16588966143945366,1000.0,1.6588966143945367,-761.8895278057038,4.147241535986342,-16.588966143945413,33.177932287890734,8.294483071972683,-0.16588966143945366,118.99193204529959,0.24883449215918046,-0.16588966143945366,-33.177932287890734,51.42579504623063,745.2125933699563,0.08294483071972683,-728.8406388690453,-0.16588966143945366,-0.16588966143939682,-0.16588966143945366,0.08294483071972676,462.8321554160757,-33.177932287890734,0.16588966143945366,39.6639773484332,-0.041472415359863415,-0.18247862758339903,-39.6639773484332,24.883449215918045,272.56659549118297,-662.7500291833152,462.8321554160757,-0.12441724607959023,310.8817071682092,277.53492380368465,0.16588966143945366,-0.041472415359863415,8.294483071972683,165.88966143945365,-0.08294483071972683,-0.16588966143945366,0.041472415359863415,950.4266831146588,0.0,-409.0112359364029,516.082521967789,-549.6009869033438,0.0,916.440622927263,-648.3902849286108,648.5475244586545,-567.5564367177997,558.1124889750735,22.704742002708485,-466.5060693252616,283.77821835889984,274.8004934516719,-279.05624448753673,-648.5475244586545,324.1951424643054,-273.5565333443323,-310.92942169658556,466.5060693252616,-22.704742002708485,-310.92942169658556,-916.440622927263,873.7333874846584,0.0,1496.5981,bhi
316,0.0,0.0,0.0,0.0,0.0,0.0,0.0,0.0,-0.17579247894924444,0.0,0.0,0.0,0.0,0.0,0.0,0.0,-589.9236952948435,331.55385138802217,0.0,1000.0,0.0,0.0,0.0,746.7925262493857,0.0,0.0,0.0,0.0,0.0,851.8429269292277,0.0,0.0,0.0,0.0,0.0,0.0,0.0,339.3430815214417,0.0,91.70709876273713,947.2622563152266,0.0,0.0,-688.3934784987191,0.0,0.0,0.0,0.0,1000.0,-301.4571391868322,0.0,355.48593799506136,0.0,0.19337172684403045,0.0,0.0,0.0,0.0,0.0,0.0,123.18894353771245,0.0,264.8083310243145,-28.013928989539522,0.0,0.0,0.0,0.0,0.0,0.0,0.0,1.7579247894924441,0.0,0.0,0.0,0.0,0.0,0.0,0.0,0.0,0.0,0.0,111.73946753114424,0.0,105.47548736954666,0.0,0.0,0.0,-954.8063184133762,1000.0,-0.04394811973731111,0.0,0.0,-878.2418836841948,52.73774368477333,0.0,52.73774368477333,-397.0611379874898,0.0,0.0,111.73946753114424,8.789623947462221,273.0765774369179,0.0,0.0,-354.4306942230616,0.0,0.0,0.0,0.0,0.0,0.0,0.0,0.0,0.0,0.0,0.0,0.0,0.0,0.0,0.0,0.0,0.0,0.0,-984.9686486008635,0.0,0.0,52.73774368477333,0.0,54.49566847426576,0.0,0.0,0.0,0.0,0.0,0.0,159.73221190690526,389.7938634258801,-389.7938634258801,-575.7434154584716,0.0,0.0,0.0,0.0,0.0,-98.20344665205242,0.17579247894924444,0.0,0.0,0.0,0.0,-661.6131818026025,0.0,0.0,0.0,0.0,1000.0,0.0,0.0,0.0,0.0,0.0,934.700568120285,934.700568120285,0.0,0.0,0.0,0.0,-986.7596225763098,0.0,0.0,934.8763605992342,0.0,0.0,0.0,-555.2021940728389,0.0,0.0,0.0,0.0,0.0,0.0,0.0,0.0,0.0,0.0,0.0,0.0,0.0,0.0,0.0,-1000.0,0.0,0.0,0.0,0.0,0.0,301.4571391868322,-355.48593799506136,-45.1936815866238,45.1936815866238,416.01120355156644,0.0,0.0,0.0,0.0,0.0,0.0,578.7663494923098,-1000.0,0.0,0.0,0.0,0.0,0.0,0.0,0.0,0.0,0.0,0.0,0.0,0.0,0.0,0.0,5.4895370412526745,-906.4332936393229,0.0,0.0,0.0,0.0,46.937229563610174,0.0,0.0,0.0,0.0,123.18894353771245,-218.03981514060376,0.0,0.0,0.0,0.0,0.0,0.0,0.0,0.0,390.5717390656969,35.158495789848885,0.0,0.0,-90.38736317324762,-1000.0,599.3203804183148,0.0,906.4332936393229,0.0,0.0,416.01120355156644,0.0,0.0,0.0,0.0,-295.04195834003554,0.0,0.0,-1000.0,0.0,0.0,-1000.0,0.0,0.0,-1000.0,0.0,641.8461077964597,301.4571391868322,0.0,27.512583153215303,0.0,0.0,0.0,-1000.0,0.0,1000.0,0.0,934.5247756413357,0.0,0.0,-1000.0,0.0,0.0,0.0,123.18894353771245,-0.26368871842386665,0.0,0.0,0.0,0.0,0.17579247894924444,0.0,0.0,0.0,93.74208413435318,-589.9236952948435,0.0,-236.28712948204108,4.8561185545891234,0.0,1000.0,0.0,15.135732437529805,0.0,-354.4306942230616,0.0,0.0,0.0,-15.135732437529805,0.0,0.0,-1000.0,-1000.0,0.0,0.0,0.0,0.0,0.0,0.0,0.0,0.0,0.0,0.0,0.0,0.0,0.0,0.0,0.0,0.0,0.0,-659.9537485627578,0.0,-1000.0,0.0,0.0,781.9723592309857,0.0,0.0,0.0,-292.36829241364444,0.0,0.0,0.0,0.0,0.0,0.0,0.0,-8.789623947462221,0.0,0.0,271.86306869500646,0.0,0.0,-236.7045729051576,0.0,0.0,546.9616572782631,-4.394811973731111,-8.789623947462221,-166.2560524292378,0.0,-367.521168927832,0.0,0.0,52.73774368477333,0.0,0.0,0.0,0.0,0.0,0.0,312.47923517932145,312.47923517932145,-312.47923517932145,-312.47923517932145,-586.2642791893664,0.0,0.0,0.0,0.0,0.0,578.7663494923098,0.0,0.0,-169.63331647614154,0.0,-531.2499999999968,0.0,0.0,0.0,0.0,0.0,-708.8613884461232,0.3515849578986062,0.0,0.0,0.0,0.0,0.0,0.0,0.0,0.0,0.0,0.0,0.0,0.0,0.0,0.0,0.0,0.0,0.0,0.0,0.0,0.19337172684403045,0.19337172684403045,0.0,91.52093978469217,0.0,105.47548736954666,0.0,0.0,0.0,1000.0,0.0,0.0,0.0,0.0,0.0,961.8432321994765,-1000.0,0.0,0.0,0.0,0.0,0.0,0.0,0.0,0.0,0.0,0.0,0.0,0.0,0.0,328.3228828669545,-93.74208413435318,661.6131818026025,0.0,13.53602087909182,0.0,-341.19031679937143,-537.0515668848234,-1000.0,0.0,961.8432321994765,0.0,0.0,252.98184375335325,0.0,0.0,0.0,0.0,0.0,0.0,0.0,0.0,0.0,0.0,0.0,0.0,0.0,0.0,0.0,0.0,105.47548736954666,416.01120355156644,416.01120355156644,0.0,0.0,0.0,0.0,0.0,0.0,0.0,0.0,0.0,0.0,1.7579247894924441,0.0,0.0,0.0,0.0,0.0,-355.48593799506136,0.0,0.0,52.73774368477333,0.0,0.0,0.0,0.0,0.0,0.0,0.0,0.0,0.0,0.0,813.4178757711493,0.0,0.0,52.73774368477333,52.73774368477333,604.4806261440981,-1000.0,0.0,0.0,0.0,0.0,0.0,0.0,0.0,980.0698459785765,578.7663494923098,1000.0,0.17579247894924444,0.0,0.0,0.0,232.1590816637557,0.0,0.0,878.2418836841948,0.0,0.0,0.0,0.0,0.0,0.0,0.0,0.0,0.0,0.0,0.0,0.0,0.0,0.0,0.17579247894924444,0.0,0.0,0.0,0.0,0.0,0.0,0.0,0.0,0.0,0.0,489.6040668173413,0.0,0.0,-340.0462514372422,-13.184435921193332,-8.789623947462221,0.0,0.0,0.0,0.0,0.0,0.0,0.0,0.0,0.0,0.0,0.0,0.0,416.01120355156644,0.0,0.0,0.0,-358.73154498036973,0.0,0.0,0.0,-0.17579247894924444,0.0,0.0,0.17579247894924444,0.0,0.17579247894924444,0.0,0.0,0.0,105.47548736954666,214.46682431807818,214.46682431807818,0.0,0.0,0.0,0.0,0.0,0.0,0.0,661.6131818026025,0.0,578.7663494923098,0.0,0.0,0.0,0.0,0.0,0.0,0.0,0.0,0.0,0.0,0.0,0.0,0.0,0.0,0.0,0.0,0.0,462.9484331151766,0.0,0.0,0.0,0.26368871842386665,0.0,0.0,0.0,-52.73774368477333,0.0,0.0,0.0,0.0,0.0,-91.52093978469217,8.789623947462221,0.0,0.0,0.0,0.0,986.7596225763098,292.36829241364444,0.0,0.0,-531.2499999999968,0.0,0.0,0.0,0.0,0.0,416.01120355156644,0.0,0.0,766.4806462075392,91.52093978469217,0.0,-373.54531398724635,-354.4306942230616,0.0,0.0,0.0,0.0,0.0,-214.46682431807818,0.0,8.789623947462221,316.76495131589843,0.0,0.0,0.0,-169.63331647614154,0.0,0.0,-15.625000000019096,15.625000000019096,0.0,0.0,0.0,0.0,0.0,0.0,-26.368871842386625,214.46682431807818,0.0,0.0,0.0,0.0,0.0,0.0,0.0,0.0,0.0,390.5717390656969,0.0,0.0,104.7053757058855,-232.1590816637557,0.0,0.0,52.73774368477333,0.0,0.0,0.0,0.0,-38.496064262122786,0.0,0.0,0.19337172684403045,0.0,0.0,0.0,107.23341215903909,0.0,0.0,0.0,0.0,5.4895370412526745,0.0,0.0,0.0,0.0,0.0,0.0,0.0,0.0,0.0,0.0,0.017579247894924443,0.017579247894924443,0.0,0.0,0.0,0.0,0.0,0.0,0.0,0.0,0.0,0.0,0.0,0.0,0.0,0.0,0.0,91.52093978469217,0.0,0.0,0.0,0.0,0.0,0.0,0.0,301.4571391868322,0.0,0.0,0.0,0.0,1000.0,106.5127792117114,331.55385138802217,0.0,0.0,0.0,105.47548736954666,0.0,0.0,0.0,0.0,0.0,0.0,-105.47548736954666,0.0,0.0,0.0,0.0,0.0,0.0,0.0,0.0,0.0,0.0,0.0,0.0,-1000.0,253.14642341549438,120.41784808023242,0.0,-52.73774368477333,0.0,339.3430815214417,0.0,0.0,0.0,0.0,0.0,0.0,0.0,0.0,0.0,0.0,0.0,0.0,0.0,0.0,0.0,0.0,0.0,-21.97405986865555,416.01120355156644,-13.184435921193332,13.184435921193332,0.0,0.0,0.0,0.0,0.0,-2.1974059868655553,0.0,169.63331647614154,0.0,0.0,0.0,0.0,0.0,0.0,0.0,1000.0,52.73774368477333,52.73774368477333,0.0,0.0,0.0,0.0,0.0,0.19337172684403045,91.52093978469217,0.0,0.0,-339.3430815214417,0.0,0.0,0.0,0.0,0.0,0.0,0.0,0.0,0.0,0.0,0.0,0.0,0.0,0.0,0.0,0.0,0.0,0.0,0.0,184.58210289670666,0.0,0.0,13.53602087909182,0.0,0.0,0.0,91.52093978469217,0.0,83.75330488238923,0.0,0.0,0.0,-21.97405986865555,0.0,0.0,0.0,0.0,0.0,0.0,0.0,0.0,0.0,0.0,0.0,0.0,0.0,0.0,0.0,0.0,0.0,0.0,-0.17579247894924444,0.0,0.0,8.789623947462221,-961.8432321994765,0.0,0.0,0.0,0.0,416.01120355156644,0.0,0.0,0.0,15.135732437529805,4.394811973731111,0.0,0.0,0.0,0.17579247894924444,0.0,175.7924789492444,-54.49566847426576,35.158495789848885,1.2556605639231744,490.46101626839186,-0.1318443592119333,8.789623947462221,3.5158495789848887,-0.8789623947496921,-490.46101626839186,52.73774368477333,-0.17579247894924444,118.14356474102054,0.0,0.04394811973731111,1.2556605639231744,-354.4306942230616,-27.986162648755013,-3.5158495789848887,-741.6301560931787,-0.17579247894924444,0.04394811973731111,-490.46101626839186,17.579247894924443,0.17579247894924444,0.17579247894924444,-91.1517755788989,0.19337172684416887,0.0,-0.1318443592119333,52.73774368477333,0.17579247894924444,52.73774368477333,-87.8962394746222,-0.08789623947462222,-291.1386115538768,-64.69226993748387,-0.1318443592119333,-0.17579247894924444,-54.49566847426576,0.17579247894924444,17.579247894924443,-3.5158495789848887,462.9484331151766,462.9484331151766,-17.579247894924443,741.6301560931787,-462.9484331151766,35.158495789848885,0.2636887184238666,-1000.0,17.579247894924443,-328.3228828669545,0.0,-35.158495789848885,0.0878962394746222,1.7579247894924441,59.07178237051027,126.67943557454106,-0.17579247894924444,-131.07424754827213,91.1517755788989,54.49566847426576,0.17579247894924444,27.986162648755013,-210.95097473909328,0.0,-0.17579247894924444,-0.04394811973731111,0.0,-0.17579247894924444,-708.8613884461232,0.17579247894924444,-0.04394811973731111,-0.04394811973731111,-0.04394811973731111,70.31699157969777,87.8962394746222,1.7579247894924441,380.34024242154874,-0.04394811973731111,0.0,8.789623947462221,363.22031817052385,0.17579247894924444,0.08789623947462222,0.08789623947462222,17.579247894924443,54.49566847426576,0.17579247894924444,-54.49566847426576,1.7579247894924441,0.17579247894924444,-880.540221581529,0.17579247894924444,0.7031699158004585,0.8789623947496921,0.08789623947462222,0.04394811973731111,52.73774368477333,-0.17579247894924444,0.0,1.7579247894924444,-760.6804848430975,4.394811973731111,-17.579247894924443,35.158495789848885,8.789623947462221,-0.17579247894924444,354.4306942230616,0.2636887184238666,-0.17579247894924444,-35.158495789848885,54.49566847426576,357.034767526121,0.08789623947462222,-726.4406363410477,-0.17579247894924444,-0.17579247894924444,-0.17579247894924444,0.08789623947462222,490.46101626839186,-35.158495789848885,0.17579247894924444,118.14356474102054,-0.04394811973731111,-0.19337172684416887,-118.14356474102054,26.36887184238666,64.69226993748387,370.3649608599765,490.46101626839186,-0.1318443592119333,131.07424754827213,-126.67943557454106,0.17579247894924444,-0.04394811973731111,8.789623947462221,175.7924789492444,-0.08789623947462222,-0.17579247894924444,0.04394811973731111,300.9345944778279,0.0,999.9121037605254,500.1999791599802,-1000.0,0.0,533.6217323133527,-358.31570800783976,0.0,-1000.0,905.5364776225792,1000.0,0.0,500.0,500.0,-452.7682388112896,0.0,179.15785400391988,-91.52093978469217,-318.53870326399823,0.0,-1000.0,-318.53870326399823,-533.6217323133527,363.4967295787608,0.0,1496.5981,bhi
317,0.0,0.0,0.0,0.0,0.0,0.0,0.0,0.0,-0.07272533611610009,0.0,0.0,0.0,0.0,0.0,0.0,0.0,-225.30630361313467,546.7665691404591,0.0,0.0,0.0,0.0,0.0,0.0,0.0,0.0,0.0,0.0,0.0,351.3800156524992,0.0,0.0,0.0,0.0,0.0,0.0,0.0,0.0,0.0,-419.95702434216497,978.18239916517,0.0,0.0,0.0,0.0,0.0,0.0,0.0,-126.07371203936464,-779.5063580966023,0.0,0.0,0.0,0.07999786972800939,0.0,0.0,0.0,14.545067223220016,0.0,0.0,-6.404677933957714,0.0,6.404677933957714,0.0,0.0,0.0,0.0,0.0,0.0,0.0,0.0,0.7272533611610008,0.0,0.0,0.0,0.0,0.0,0.0,0.0,0.0,0.0,0.0,0.0,0.0,43.63520166966005,0.0,0.0,0.0,21.26144352345858,182.89250457039165,0.0,0.0,0.0,-191.16582334685606,21.817600834830024,0.0,21.817600834830024,0.0,0.0,0.0,0.0,3.636266805805004,-300.97585264747886,0.0,0.0,-306.0413678115737,0.0,782.5586955942363,0.0,0.0,0.0,0.0,0.0,0.0,0.0,0.0,0.0,0.0,0.0,0.0,0.0,0.0,0.0,0.0,-51.006894635262285,0.0,0.0,21.817600834830024,0.0,22.54485419599102,0.0,0.0,795.1818845919333,-795.1818845919333,0.0,0.0,0.0,0.0,0.0,0.0,0.0,0.0,0.0,0.0,0.0,5.599850880939706,0.07272533611610009,0.018181334029025022,0.0,0.0,0.0,0.0,0.0,0.0,0.0,0.0,801.9198442650505,0.0,0.0,0.0,0.0,0.0,999.9272746638838,999.9272746638838,0.0,0.0,0.0,0.0,-170.32207178691704,0.0,0.0,1000.0,0.0,0.0,0.0,0.0,-117.66524777135834,0.0,0.0,0.0,0.0,0.0,0.0,0.0,0.0,0.0,-12.736630531799328,0.0,0.0,0.0,0.0,-70.63708558276298,0.0,0.0,0.0,0.0,0.0,779.5063580966023,0.0,-21.26144352345858,21.26144352345858,0.0,0.0,0.0,0.0,0.0,0.0,0.0,652.355868299978,-1000.0,0.0,0.0,0.0,0.0,0.0,0.0,0.0,0.0,0.0,0.0,0.0,0.0,0.0,105.16846555513709,-970.9098655535599,0.0,0.0,0.0,0.0,0.0,0.0,0.0,0.0,0.0,0.0,-6.404677933957714,0.0,0.0,0.0,0.0,0.0,0.0,0.0,0.0,0.0,724.9970872100954,0.0,0.0,0.0,-42.52288704691716,0.0,-147.33515556282322,0.0,0.0,0.0,0.0,0.0,-911.275089938358,0.0,0.0,0.0,56.24574310674484,0.0,0.0,98.36163324775616,0.0,0.0,98.36163324775616,0.0,0.0,0.0,0.0,651.5788376563651,779.5063580966023,0.0,202.9036877639192,0.0,0.0,0.0,0.0,0.0,0.0,0.0,1000.0,0.0,0.0,-779.9586284001625,0.0,0.0,0.0,-6.404677933957714,-0.10908800417415011,0.0,0.0,0.0,0.0,0.07272533611610009,0.0,0.0,0.0,-676.1776024621624,-225.30630361313467,0.0,-204.02757854104914,-385.6766914290431,117.66524777135834,1000.0,0.0,0.0,0.0,-306.0413678115737,0.0,0.0,0.0,816.179646925422,-816.179646925422,0.0,973.3582524611737,-1000.0,0.0,0.0,0.0,0.0,0.0,0.0,0.0,0.0,0.0,0.0,0.0,0.0,0.0,0.0,0.0,0.0,0.0,770.188337883171,0.0,0.0,0.0,769.8974365387065,722.6553313871576,342.51803121543304,0.0,0.0,-730.5969380910351,0.0,0.0,0.0,0.0,0.0,816.179646925422,0.0,0.0,686.2518849515357,0.0,0.0,0.0,0.0,-920.3659634453473,0.0,-174.89528241352153,0.0,-688.0700183544382,-3.636266805805004,-933.4279005188382,0.0,-394.915600175487,611.0516697220957,1000.0,21.817600834830024,218.7500000000106,-218.7500000000106,0.0,0.0,0.0,0.0,0.0,-105.16846555513709,105.16846555513709,105.16846555513709,78.18842935218231,0.0,0.0,-0.14545067223220018,0.0,0.0,652.355868299978,0.0,0.0,-12.809355867915428,0.0,0.0,0.0,0.0,0.0,0.0,0.0,-992.72746638839,0.14545067223224872,0.0,0.0,0.0,0.0,0.0,0.0,0.0,0.0,0.0,0.0,0.0,0.0,0.0,0.0,0.0,0.0,0.0,0.0,0.0,0.07999786972800939,0.07999786972800939,0.0,681.5302121696081,0.0,43.63520166966005,0.0,0.0,0.0,-312.7763785806923,0.0,0.0,0.0,0.0,0.0,1000.0,312.7763785806923,0.0,0.0,124.59425708622949,0.0,0.0,0.0,0.0,0.0,0.0,0.0,0.0,0.0,0.0,17.002298211754095,676.1776024621624,0.0,0.0,5.599850880939706,0.0,367.56516907800574,-558.7309924248617,-558.7309924248617,0.0,1000.0,0.0,0.0,7.272533611610008,0.0,0.0,105.16846555513709,0.0,0.0,0.0,0.0,0.0,0.0,0.0,0.0,0.0,0.0,0.0,0.0,0.0,43.63520166966005,0.0,0.0,0.0,0.0,0.0,0.0,0.0,0.0,0.0,0.0,0.0,0.0,0.7272533611610008,0.0,0.0,0.0,0.0,0.0,0.0,0.0,0.0,21.817600834830024,-124.59425708622949,0.0,0.0,0.0,0.0,0.0,0.0,0.0,0.0,0.0,0.0,0.0,0.0,21.817600834830024,21.817600834830024,114.48833031541261,312.7763785806923,0.0,0.0,0.0,0.0,0.0,0.0,0.0,-672.3823998136949,652.355868299978,-600.5685864223642,0.07272533611610009,0.0,0.0,96.04419567504101,0.0,380.64473076524257,0.0,191.16582334685606,0.0,0.0,0.0,0.0,0.0,0.0,0.0,0.0,0.0,0.0,0.0,0.0,0.0,0.0,0.07272533611610009,0.0,0.0,0.0,0.0,0.0,0.0,0.0,0.0,769.8974365387065,0.0,585.303640002267,0.0,-593.2452467061445,-770.188337883171,-5.454400208707507,-3.636266805805007,0.0,0.0,0.0,0.0,0.0,0.0,0.0,0.0,0.0,0.0,0.0,0.0,0.0,117.66524777135834,0.0,0.0,608.720666630318,0.0,0.0,0.0,-0.07272533611610009,0.0,0.0,0.07272533611610009,0.0,0.07272533611610009,0.0,0.0,0.0,43.63520166966005,88.72491006164209,88.72491006164209,0.0,0.0,0.0,0.0,0.0,0.0,0.0,0.0,0.0,652.355868299978,0.0,0.0,822.4412983650186,0.0,0.0,0.0,0.0,0.0,0.0,0.0,0.0,0.0,0.0,0.0,0.0,0.0,0.0,0.0,0.0,0.0,0.0,0.10908800417415011,0.0,0.0,0.0,-21.817600834830024,0.0,0.0,0.0,0.0,0.0,-681.5302121696081,3.636266805805004,0.0,0.0,0.0,0.0,170.32207178691704,730.5969380910351,0.0,0.0,0.0,0.0,0.0,0.0,0.0,0.0,0.0,0.0,124.59425708622949,795.1818845919333,576.361746614471,0.0,-876.4210026700748,74.60336295366886,0.0,0.0,593.2452467061445,-593.2452467061445,0.0,-1000.0,0.0,3.636266805805007,717.3457086511646,0.0,0.0,0.0,-12.809355867915428,0.0,0.0,0.0,0.0,0.0,0.0,0.0,0.0,0.0,1.8278301143843017,0.0,88.72491006164209,0.0,0.0,0.0,0.0,0.0,0.0,0.0,0.0,0.0,724.9970872100954,0.0,0.0,697.8934127957307,-96.04419567504101,-558.107399864198,0.0,21.817600834830024,0.0,0.0,0.0,0.0,-199.24137207540065,0.0,0.0,0.07999786972800939,0.0,0.0,0.0,44.362455030821046,0.0,0.0,0.0,0.0,-970.9098655535599,0.0,0.0,0.0,0.0,0.0,0.0,0.0,0.0,0.0,0.0,0.007272533611610217,0.007272533611610217,0.0,0.0,0.0,0.0,0.0,0.0,0.0,0.0,0.0,96.04419567504101,0.0,0.0,0.0,0.0,0.0,681.5302121696081,0.0,0.0,0.0,0.0,0.0,0.0,0.0,779.5063580966023,0.0,0.0,0.0,0.0,0.0,74.8925183907312,546.7665691404591,0.0,0.0,0.0,43.63520166966005,0.0,0.0,0.0,0.0,0.0,0.0,-43.63520166966005,0.0,0.0,0.0,0.0,0.0,0.0,0.0,0.0,0.0,0.0,0.0,0.0,600.5685864223642,0.0,872.2581536045471,-21.817600834830024,0.0,0.0,769.8974365387065,0.0,0.0,0.0,0.0,0.0,0.0,0.0,0.0,0.0,0.0,0.0,0.0,0.0,0.0,0.0,0.0,0.0,-9.090667014512514,0.0,-5.454400208707507,816.9868981563111,0.0,0.0,0.0,0.0,0.0,-0.909066701451251,0.0,12.809355867915428,0.0,0.0,0.0,0.0,0.0,0.0,0.0,1000.0,21.817600834830024,21.817600834830024,0.0,0.0,0.0,0.0,0.0,0.07999786972800939,681.5302121696081,0.0,0.0,-769.8974365387065,0.0,0.0,0.0,0.0,0.0,0.0,0.0,0.0,0.0,0.0,0.0,0.0,0.0,0.0,0.0,0.0,0.0,0.0,0.0,76.36160292190509,0.0,0.0,5.599850880939706,0.0,0.0,0.0,681.5302121696081,0.0,-11.57787350968249,0.0,0.0,0.0,-9.090667014512514,0.0,0.0,0.0,0.0,0.0,0.0,0.0,0.0,0.0,0.0,0.0,0.0,0.0,0.0,0.0,0.0,0.0,0.0,-0.07272533611610009,0.0,0.0,3.636266805805004,-1000.0,0.0,0.0,0.0,0.0,0.0,0.0,0.0,0.0,-816.179646925422,1.818133402902502,0.0,0.0,0.0,0.07272533611610009,0.0,72.72533611610008,-22.54485419599102,14.545067223220016,0.519466686543572,202.9036877639192,-0.05454400208707506,174.89528241352153,1.4545067223220016,-0.3636266805805871,-202.9036877639192,21.817600834830024,-0.07272533611610002,102.01378927052457,0.0,0.018181334029025022,0.519466686543572,-306.0413678115737,-11.57787350968249,-1.4545067223220016,-321.4602655273244,-0.0727253361161001,0.018181334029025022,-202.9036877639192,865.6471856144037,0.07272533611610009,0.07272533611610009,-681.377488963764,0.07999786972771031,0.0,-0.05454400208707506,21.817600834830024,0.07272533611610009,21.817600834830024,-36.36266805805004,-0.036362668058050045,-189.83710864190311,-7.3452589477261085,-0.05454400208707506,-0.07272533611610009,-22.54485419599102,0.07272533611610009,7.272533611610008,-1.4545067223220016,0.0,0.0,-7.272533611610015,321.4602655273244,0.0,14.545067223220016,0.10908800417415011,753.1379075849218,7.272533611610008,-17.002298211754095,0.0,-14.545067223220016,0.036362668058050045,0.7272533611610008,51.006894635262285,590.9068138376911,-0.07272533611610009,-697.8934127957307,681.377488963764,22.54485419599102,0.07272533611610009,11.57787350968249,-945.6450553421137,0.0,-0.07272533611610009,-0.018181334029025022,0.0,-0.07272533611610009,-992.72746638839,0.07272533611610009,-0.018181334029025022,-0.018181334029025022,-0.018181334029025022,29.090134446440032,36.36266805805004,0.7272533611610008,53.88038339501577,-0.018181334029025022,0.0,3.636266805805004,500.0,0.07272533611610009,0.036362668058050045,0.036362668058050045,7.272533611610008,22.54485419599102,0.07272533611610009,-22.54485419599102,0.7272533611610008,0.07272533611610009,-53.88038339501577,0.07272533611610009,0.290901344464487,0.3636266805805871,0.036362668058050045,0.018181334029025022,21.817600834830024,-0.07272533611610009,0.0,0.7272533611610008,-107.76076679003154,173.07714901061902,-7.272533611610008,14.545067223220016,3.636266805805004,-0.07272533611610009,306.0413678115737,0.10908800417415011,-0.07272533611610009,-14.545067223220016,22.54485419599102,572.9907199143227,0.036362668058050045,-1000.0,-0.07272533611610009,-0.07272533611610009,-0.07272533611610009,0.036362668058050045,202.9036877639192,-14.545067223220016,0.07272533611610009,102.01378927052457,-0.018181334029025022,-0.07999786972771031,-102.01378927052457,10.908800417415012,7.3452589477261085,-805.8860762950494,202.9036877639192,-0.05454400208707506,697.8934127957307,-590.9068138376911,0.0727253361161001,-0.01818133402902502,3.636266805805007,72.72533611610008,-0.036362668058050045,-0.07272533611610009,0.018181334029025022,0.0,0.0,-936.0667748233715,0.0,1000.0,0.0,287.4597294797876,72.99613302550279,858.3746520027937,-427.17367444818547,-167.3368595290712,861.8759354468548,-182.89250457039165,213.58683722409273,-500.0,83.6684297645356,-858.3746520027937,-36.49806651275139,-681.5302121696081,-373.749347838922,182.89250457039165,-861.8759354468548,-373.749347838922,-287.4597294797876,612.9161256051457,0.0,1496.5981,bhi
318,0.0,0.0,0.0,0.0,0.0,0.0,0.0,0.0,-0.17773569514250373,0.0,0.0,0.0,0.0,0.0,0.0,0.0,1000.0,-549.1503391582472,0.0,0.0,0.0,0.0,0.0,0.0,0.0,599.4744765475771,0.0,0.0,0.0,-425.93519308751956,65.63969489873362,-65.63969489873362,652.1262521115191,0.0,0.0,0.0,0.0,999.2890572194302,0.0,-1000.0,-195.84824377797923,0.0,0.0,1000.0,0.0,0.0,534.0582323354945,0.0,-776.4610955983859,0.0,0.0,385.86328924176894,0.0,0.1955092646569483,0.0,0.0,0.0,35.547139028500744,0.0,0.0,-37.53248851846104,0.0,-712.75666843789,-750.289156956351,138.8144452415816,0.0,0.0,0.0,308.0734167621197,0.0,0.0,1.7773569514250376,0.0,0.0,0.0,0.0,0.0,0.0,0.0,148.45317387905794,0.0,0.0,0.0,0.0,106.64141708550224,0.0,0.0,1000.0,-633.0113321839351,502.9550308079979,-0.04443392378562593,0.0,0.0,-787.4917325336398,53.32070854275112,0.0,53.32070854275112,-71.36278428232279,0.0,0.0,0.0,8.886784757125186,-425.93519308751956,0.0,0.0,-343.94578902583135,0.0,0.0,0.0,0.0,0.0,0.0,0.0,0.0,0.0,0.0,0.0,0.0,0.0,0.0,0.0,0.0,0.0,0.0,-967.1453013924138,0.0,0.0,53.32070854275112,0.0,55.09806549417616,0.0,0.0,0.0,0.0,0.0,0.0,0.0,105.8680759996274,-105.8680759996274,0.0,0.0,0.0,0.0,0.0,0.0,13.685648525972779,0.17773569514250373,0.0,0.0,0.0,0.0,-626.6418672854065,0.0,0.0,0.0,0.0,935.7362091386673,0.0,0.0,0.0,0.0,0.0,-599.5201915390855,-599.5201915390855,0.0,0.0,0.0,0.0,0.0,0.0,0.0,-533.7027609452094,0.0,0.0,0.0,216.67379901238496,0.0,0.0,0.0,0.0,0.0,0.0,0.0,0.0,0.0,0.0,-937.1738193801533,0.0,0.0,0.0,0.0,-1000.0,0.0,0.0,0.0,0.0,0.0,0.0,-385.86328924176894,130.0563013759372,-130.0563013759372,0.0,0.0,0.0,0.0,0.0,0.0,0.0,0.0,-443.5459435078085,0.0,0.0,0.0,0.0,0.0,0.0,0.0,0.0,0.0,0.0,0.0,0.0,0.0,0.0,644.197249888014,588.2595779276745,0.0,0.0,0.0,0.0,0.0,0.0,0.0,0.0,0.0,-37.53248851846104,-411.7404220723255,65.63969489873362,0.0,0.0,0.0,0.0,0.0,0.0,0.0,0.0,0.0,0.0,0.0,924.2326753831178,161.16504182324547,-32.268083464217625,0.0,-588.2595779276745,0.0,0.0,0.0,902.5456156707583,0.0,0.0,0.0,-28.8527449585675,0.0,0.0,0.0,0.0,703.3289740042322,-703.3289740042322,703.3289740042322,0.0,-502.9550308079979,0.0,-256.7696529421554,0.0,0.0,495.8825894475855,0.0,0.0,0.0,242.63274719880314,0.0,-242.63274719880314,0.0,1000.0,0.0,0.0,0.0,0.0,0.0,0.0,-37.53248851846104,-0.2666035427137556,0.0,0.0,0.0,0.0,0.17773569514250373,0.0,0.0,0.0,946.6792914572488,1000.0,0.0,-623.3857479917245,639.8228176817059,0.0,-248.43972915868082,0.0,323.37646011388944,0.0,-343.94578902583135,0.0,0.0,0.0,-15.303043351769762,691.9265832378803,-1000.0,-688.5529236273754,-1000.0,0.0,0.0,0.0,0.0,0.0,0.0,0.0,0.0,0.0,0.0,0.0,0.0,0.0,0.0,0.0,0.0,0.0,0.0,0.0,-1000.0,0.0,0.0,0.0,0.0,147.86515543663074,0.0,51.9540463727609,0.0,0.0,0.0,941.6321997122262,0.0,0.0,-594.0425822574788,-8.886784757125186,235.62916471584188,-1000.0,-752.0232494772189,-8.886784757125186,-1000.0,819.0466867783924,594.0425822574788,0.0,1000.0,-240.0725570944045,0.0,0.0,0.0,192.54521491949225,0.0,0.0,53.32070854275112,0.0,0.0,0.0,0.0,0.0,0.0,0.0,0.0,0.0,0.0,939.1889964567456,0.0,0.0,-1000.0,0.0,0.0,0.0,0.0,0.0,-75.06497703692207,0.0,0.0,105.9121939234527,0.0,0.0,0.0,0.0,-35.765325940143654,0.3554713902848104,0.0,0.0,0.0,0.0,0.0,0.0,0.0,0.0,0.0,308.0734167621197,0.0,0.0,0.0,0.0,0.0,0.0,0.0,0.0,0.0,0.1955092646569483,0.1955092646569483,65.63969489873362,6.370163782384576,0.0,106.64141708550224,0.0,0.0,0.0,1000.0,0.0,0.0,0.0,0.0,0.0,1000.0,-1000.0,0.0,0.0,0.0,0.0,0.0,105.9121939234527,0.0,0.0,0.0,0.0,0.0,0.0,0.0,322.3817671308046,-946.6792914572488,626.6418672854065,0.0,13.685648525972779,0.0,0.0,-787.4917325336398,-787.4917325336398,0.0,1000.0,0.0,-35.765325940143654,1000.0,0.0,0.0,0.0,0.0,0.0,0.0,0.0,0.0,0.0,0.0,0.0,0.0,0.0,0.0,0.0,0.0,106.64141708550224,0.0,0.0,0.0,0.0,0.0,0.0,0.0,0.0,0.0,0.0,0.0,0.0,1.7773569514250376,0.0,65.63969489873362,0.0,0.0,65.63969489873362,-385.86328924176894,0.0,0.0,53.32070854275112,0.0,0.0,0.0,0.0,0.0,0.0,0.0,0.0,0.0,0.0,1000.0,0.0,0.0,53.32070854275112,53.32070854275112,1000.0,-1000.0,0.0,105.9121939234527,0.0,0.0,0.0,0.0,0.0,114.488116714895,0.0,145.5625578627438,0.17773569514250373,0.0,0.0,0.0,234.725376249268,0.0,0.0,787.4917325336398,0.0,0.0,0.0,0.0,0.0,0.0,0.0,0.0,0.0,0.0,0.0,0.0,0.0,0.0,0.17773569514250373,0.0,0.0,0.0,903.6368370148577,-903.6368370148577,0.0,0.0,0.0,0.0,-645.6000797019576,697.5541260747186,0.0,0.0,-1000.0,-13.33017713568778,0.0,-8.886784757125193,0.0,0.0,0.0,0.0,0.0,0.0,0.0,0.0,0.0,0.0,0.0,0.0,0.0,0.0,0.0,201.43199967661747,0.0,0.0,0.0,-0.17773569514250373,0.0,0.0,0.17773569514250373,0.0,0.17773569514250373,0.0,0.0,0.0,106.64141708550224,216.83754807385458,216.83754807385458,0.0,0.0,0.0,0.0,0.0,0.0,0.0,626.6418672854065,0.0,0.0,0.0,0.0,0.0,0.0,0.0,0.0,0.0,0.0,0.0,0.0,0.0,0.0,0.0,0.0,0.0,0.0,0.0,0.0,0.0,-599.4744765475771,599.4744765475771,0.2666035427137556,0.0,0.0,0.0,-53.32070854275112,0.0,0.0,0.0,0.0,0.0,-6.370163782384576,8.886784757125186,0.0,0.0,0.0,0.0,0.0,0.0,-8.886784757125193,0.0,0.0,0.0,0.0,0.0,0.0,0.0,0.0,0.0,0.0,677.7368634638951,6.370163782384576,0.0,578.6710183850045,-343.94578902583135,0.0,697.5541260747186,0.0,-697.5541260747186,0.0,685.7080675969037,0.0,8.886784757125193,309.212447259145,0.0,0.0,-65.63969489873362,-75.06497703692207,0.0,0.0,0.0,0.0,0.0,0.0,0.0,0.0,0.0,910.5134651087781,0.0,216.83754807385458,0.0,0.0,0.0,65.63969489873362,0.0,0.0,0.0,0.0,0.0,0.0,0.0,0.0,46.3606951894476,-542.7987930113877,0.0,0.0,53.32070854275112,0.0,0.0,0.0,0.0,117.02034146604088,0.0,0.0,0.1955092646569483,0.0,0.0,0.0,108.41877403692729,0.0,0.0,0.0,0.0,644.197249888014,0.0,0.0,0.0,0.0,0.0,0.0,0.0,0.0,-493.8150253582912,0.0,0.01777356951425088,0.01777356951425088,0.0,0.0,0.0,0.0,0.0,0.0,0.0,0.0,0.0,0.0,65.63969489873362,0.0,0.0,0.0,0.0,6.370163782384576,0.0,0.0,0.0,0.0,0.0,0.0,0.0,0.0,0.0,0.0,0.0,0.0,695.1989068595135,-114.29294464182394,-549.1503391582472,0.0,0.0,0.0,106.64141708550224,0.0,0.0,0.0,0.0,0.0,0.0,-106.64141708550224,0.0,0.0,0.0,0.0,0.0,0.0,0.0,0.0,0.0,65.63969489873362,65.63969489873362,0.0,-145.5625578627438,-1000.0,121.74895117261508,-53.32070854275112,0.0,0.0,999.2890572194302,0.0,0.0,0.0,0.0,0.0,0.0,0.0,0.0,0.0,0.0,0.0,0.0,0.0,0.0,0.0,0.0,0.0,-22.216961892812975,0.0,-13.33017713568778,-13.330177135687732,0.0,0.0,0.0,0.0,0.0,-2.221696189281297,0.0,75.06497703692207,0.0,0.0,0.0,0.0,0.0,0.0,0.0,1000.0,53.32070854275112,53.32070854275112,0.0,0.0,0.0,0.0,148.45317387905794,0.1955092646569483,6.370163782384576,0.0,0.0,-999.2890572194302,0.0,0.0,0.0,0.0,0.0,0.0,0.0,0.0,0.0,0.0,0.0,0.0,0.0,0.0,0.0,0.0,0.0,0.0,0.0,186.62247989962893,0.0,0.0,13.685648525972779,0.0,0.0,0.0,6.370163782384576,0.0,-71.36278428232279,0.0,0.0,0.0,-22.216961892812975,0.0,0.0,0.0,0.0,0.0,0.0,0.0,0.0,0.0,0.0,0.0,0.0,0.0,0.0,0.0,0.0,0.0,0.0,-0.17773569514250373,0.0,0.0,8.886784757125186,-1000.0,0.0,0.0,0.0,0.0,0.0,0.0,0.0,0.0,15.303043351769762,4.443392378562592,0.0,0.0,599.4744765475771,0.17773569514250373,0.0,177.73569514250372,-55.09806549417616,35.547139028500744,1.2695406795893123,495.8825894475855,-0.1333017713568778,8.886784757125186,3.5547139028500747,-0.8886784757122843,-495.8825894475855,53.32070854275112,-0.17773569514250373,114.64859634194379,105.9121939234527,0.04443392378562593,1.2695406795893123,-343.94578902583135,-28.295522666686942,62.08498099588355,-450.8496608417528,-0.17773569514250373,0.04443392378562593,-495.8825894475855,17.773569514250372,0.17773569514250373,0.17773569514250373,-5.9969188225851235,0.1955092646567546,0.0,-0.1333017713568778,53.32070854275112,0.17773569514250373,53.32070854275112,-88.86784757125187,-0.08886784757125187,-247.84463108700464,-17.951305209392874,-0.1333017713568778,-0.17773569514250373,-55.09806549417616,0.17773569514250373,17.773569514250372,-3.5547139028500747,0.0,0.0,-17.773569514250372,450.8496608417528,0.0,35.547139028500744,0.2666035427137556,-1000.0,17.773569514250372,-322.3817671308046,105.9121939234527,-35.547139028500744,0.08886784757125187,1.7773569514250376,155.84643699793114,41.91730281088532,-0.17773569514250373,-46.3606951894476,5.9969188225851235,55.09806549417616,0.17773569514250373,28.295522666686942,-107.37064024755182,105.9121939234527,-0.17773569514250373,-0.04443392378562593,-105.9121939234527,-0.17773569514250373,-35.765325940143654,0.17773569514247828,-0.04443392378562593,-0.04443392378562593,-0.04443392378562593,71.09427805700149,88.86784757125187,1.7773569514250376,420.907809079786,-0.04443392378562593,197.04427765391847,8.886784757125186,26.76944772719701,0.17773569514250373,0.08886784757125187,0.08886784757125187,70.72966647597673,55.09806549417616,0.17773569514250373,-55.09806549417616,1.7773569514250376,0.17773569514250373,-999.3635609619523,0.17773569514250367,0.7109427805697806,0.8886784757122843,0.08886784757125187,0.04443392378562593,53.32070854275112,-0.17773569514250373,0.0,-31.042490497941774,-841.815618159572,4.443392378562593,-17.773569514250372,35.547139028500744,8.886784757125186,-0.17773569514250367,343.94578902583135,0.2666035427137556,-0.17773569514250373,-141.45933295195346,55.09806549417616,122.66685999066586,0.08886784757125187,-53.53889545439402,-0.17773569514250373,-0.17773569514247828,-0.17773569514250373,0.08886784757125187,495.8825894475855,-35.547139028500744,0.17773569514250373,311.69287399586227,-0.04443392378562593,-0.1955092646567546,-311.69287399586227,26.660354271375557,17.951305209392874,141.48478879135766,495.8825894475855,-0.1333017713568778,46.3606951894476,-41.91730281088532,0.17773569514250373,-0.044433923785625926,950.5189844693514,177.73569514250372,-0.08886784757125187,-0.17773569514250373,0.04443392378562593,1000.0,0.0,999.9111321524288,578.4557518821664,-1000.0,0.0,284.70847205498455,-1000.0,0.0,842.3123224364008,-630.790346459415,12.423709871901337,0.0,-421.1561612182004,500.0,315.3951732297075,0.0,500.0,-6.370163782384576,-239.68720145670673,0.0,-12.423709871901337,-239.68720145670673,-284.70847205498455,187.152771394143,0.0,1496.5981,bhi
319,0.0,0.0,0.0,0.0,0.0,0.0,0.0,0.0,-0.17107905119781364,0.0,0.0,0.0,0.0,0.0,0.0,0.0,536.532578787763,80.99254238463675,0.0,-630.7365091955339,0.0,0.0,0.0,251.7413838258198,0.0,127.94036135977184,0.0,0.0,0.0,-434.770713014394,0.0,0.0,694.4109732609896,0.0,0.0,0.0,0.0,999.3156837952085,0.0,-1000.0,948.6762846406559,0.0,0.0,-882.0940854304408,0.0,0.0,0.0,0.0,0.0,0.0,0.0,-780.3322196570721,0.0,0.18818695631746032,0.0,0.0,0.0,0.0,0.0,0.0,-15.066361775486826,0.0,15.066361775486826,0.0,0.0,0.0,0.0,0.0,169.97610687302628,-50.73627334532266,0.0,1.7107905119781364,0.0,0.0,0.0,0.0,0.0,0.0,0.0,0.0,0.0,0.0,0.0,0.0,102.6474307186882,0.0,0.0,-514.4007904279105,-734.0685707708384,463.72403978903384,175.23435229622183,0.0,0.0,0.0,51.32371535934409,0.0,51.32371535934409,0.0,437.8381000571478,0.0,0.0,8.553952559890682,-792.4008609553351,0.0,0.0,0.0,546.1022978767213,0.0,0.0,0.0,0.0,0.0,0.0,0.0,0.0,0.0,0.0,0.0,0.0,0.0,0.0,0.0,0.0,0.0,-1000.0,0.0,0.0,51.32371535934409,0.0,53.034505871322224,12.517018844783777,0.0,-589.3760012505138,-410.6239987494862,1000.0,-1000.0,0.0,0.0,0.0,0.0,0.0,0.0,0.0,0.0,0.0,13.173086942231643,0.17107905119781364,175.27712205902128,0.0,0.0,0.0,-546.1022978767213,0.0,0.0,0.0,0.0,1000.0,0.0,0.0,0.0,0.0,0.0,436.56882874512405,436.56882874512405,0.0,0.0,0.0,0.0,-762.7963736156663,0.0,0.0,436.73990779632186,0.0,0.0,0.0,-680.2571705158816,-413.5014137590654,0.0,0.0,0.0,0.0,0.0,0.0,0.0,0.0,0.0,-591.4392282378366,0.0,0.0,0.0,0.0,-251.92011794437656,0.0,0.0,0.0,0.0,0.0,0.0,780.3322196570721,734.0685707708384,-734.0685707708384,0.0,0.0,0.0,0.0,0.0,0.0,0.0,357.63014794094113,-55.60069163928944,0.0,0.0,0.0,0.0,0.0,0.0,0.0,0.0,0.0,0.0,0.0,0.0,0.0,29.993166348634304,-402.5739867639346,-882.0940854304408,0.0,0.0,0.0,0.0,122.74215550903604,0.0,0.0,0.0,0.0,-15.066361775486826,0.0,0.0,0.0,0.0,0.0,0.0,0.0,0.0,0.0,5.508745448567398,34.21581023956273,0.0,0.0,1000.0,-468.1371415416768,1000.0,0.0,882.0940854304408,0.0,0.0,0.0,-357.21582232480694,0.0,0.0,0.0,-196.05699101368975,0.0,0.0,-820.7892822610845,0.0,0.0,-820.7892822610846,0.0,0.0,0.0,0.0,-81.60682526922028,0.0,0.0,379.6024350224317,0.0,0.0,0.0,175.77847235971376,0.0,-175.77847235971376,0.0,1000.0,0.0,0.0,513.8765051959974,0.0,0.0,0.0,-15.066361775486826,-0.25661857679672045,0.0,0.0,0.0,0.0,0.17107905119781364,0.0,0.0,0.0,72.34550162742903,536.532578787763,0.0,-762.182033208168,842.7672727501451,413.5014137590654,1000.0,0.0,1000.0,0.0,0.0,0.0,0.0,0.0,-14.72990630813162,14.72990630813162,-1000.0,-1000.0,-515.5220879457996,0.0,0.0,0.0,0.0,0.0,0.0,0.0,0.0,0.0,0.0,0.0,0.0,0.0,0.0,0.0,0.0,0.0,0.0,0.0,-1000.0,0.0,0.0,0.0,0.0,0.0,0.0,-18.68183239079906,0.0,437.8381000571478,0.0,0.0,0.0,-656.5382749095625,0.0,878.4568893769225,995.7230237200547,471.83226172840455,0.0,0.0,-185.78356967166994,955.4256272338138,0.0,-887.0108419368132,150.90041115597012,-1000.0,-8.553952559890682,-645.89754288546,0.0,113.06718672934971,-1000.0,252.60141146071612,51.32371535934409,843.7500000000321,-843.7500000000321,0.0,168.56824471579512,0.0,0.0,0.0,-29.993166348634304,29.993166348634304,29.993166348634304,-498.8820885378261,0.0,0.0,-563.6022503060738,0.0,0.0,357.63014794094113,0.0,0.0,-30.13272355097365,0.0,0.0,0.0,0.0,0.0,0.0,0.0,-453.8977021232787,0.34215810239584243,0.0,0.0,0.0,0.0,0.0,0.0,0.0,0.0,0.0,119.23983352770362,0.0,0.0,0.0,0.0,0.0,0.0,0.0,0.0,0.0,0.18818695631746032,0.18818695631746032,0.0,225.79776252083101,0.0,102.6474307186882,0.0,0.0,0.0,1000.0,0.0,0.0,0.0,0.0,0.0,1000.0,-1000.0,0.0,0.0,0.0,0.0,0.0,0.0,0.0,0.0,0.0,0.0,0.0,0.0,0.0,333.3333333333333,-72.34550162742903,0.0,0.0,13.173086942231643,0.0,0.0,0.0,-122.74215550903604,0.0,1000.0,0.0,0.0,546.1022978767213,0.0,0.0,29.993166348634304,0.0,0.0,0.0,0.0,0.0,0.0,0.0,0.0,0.0,0.0,0.0,0.0,0.0,102.64743071868818,0.0,0.0,0.0,0.0,0.0,0.0,0.0,0.0,0.0,0.0,0.0,0.0,1.7107905119781364,0.0,0.0,0.0,0.0,0.0,780.3322196570721,0.0,0.0,51.32371535934409,0.0,0.0,0.0,0.0,0.0,0.0,0.0,0.0,0.0,0.0,-40.63547809501574,0.0,0.0,51.32371535934409,51.32371535934409,1000.0,-1000.0,0.0,0.0,0.0,0.0,0.0,0.0,0.0,792.4008609553351,357.63014794094113,632.9661921680564,0.17107905119781364,0.0,0.0,-45.9763415501013,221.84259314213594,663.4291170651958,0.0,0.0,0.0,0.0,0.0,0.0,0.0,0.0,0.0,0.0,0.0,0.0,0.0,0.0,0.0,0.0,0.17107905119781364,0.0,0.0,0.0,0.0,0.0,0.0,0.0,0.0,0.0,-580.8437323336512,1000.0,0.0,0.0,-1000.0,-12.830928839836025,-8.553952559890682,0.0,0.0,0.0,0.0,0.0,0.0,0.0,0.0,0.0,0.0,0.0,0.0,0.0,413.5014137590654,0.0,0.0,374.2225507499565,0.0,0.0,0.0,-0.17107905119781364,0.0,0.0,0.17107905119781364,0.0,0.17107905119781364,0.0,0.0,0.0,102.6474307186882,208.71644246133266,208.71644246133266,0.0,0.0,0.0,0.0,0.0,0.0,0.0,0.0,0.0,357.63014794094113,0.0,0.0,0.0,0.0,0.0,0.0,0.0,0.0,0.0,0.0,0.0,0.0,0.0,0.0,0.0,0.0,0.0,122.74215550903604,0.0,-1000.0,1000.0,0.25661857679672045,0.0,0.0,0.0,-51.32371535934409,0.0,0.0,0.0,0.0,0.0,-225.79776252083101,8.553952559890682,0.0,0.0,0.0,0.0,762.7963736156663,-8.553952559890682,0.0,0.0,0.0,0.0,0.0,0.0,0.0,0.0,0.0,0.0,0.0,-752.7536348545657,195.8045961721967,0.0,965.7841897604372,663.4291170651958,0.0,553.6079473829615,437.8381000571478,-991.4460474401093,0.0,-565.9322647861396,0.0,8.553952559890682,310.050121925008,0.0,0.0,0.0,-30.13272355097365,0.0,0.0,0.0,0.0,0.0,0.0,0.0,0.0,0.0,565.7773705581644,0.0,208.71644246133266,0.0,0.0,0.0,0.0,0.0,0.0,0.0,0.0,0.0,5.508745448567398,0.0,0.0,264.2905490403392,-295.1060851197383,-841.7088334443658,0.0,51.32371535934409,0.0,0.0,0.0,0.0,78.05198932604408,0.0,0.0,0.18818695631746032,0.0,0.0,0.0,104.35822123066632,0.0,0.0,0.0,0.0,-402.5739867639346,0.0,546.1022978767213,0.0,0.0,0.0,0.0,0.0,0.0,0.0,0.0,0.017107905119781365,0.017107905119781365,0.0,0.0,0.0,0.0,0.0,0.0,0.0,0.0,0.0,-45.9763415501013,0.0,0.0,0.0,0.0,0.0,225.79776252083101,0.0,0.0,0.0,0.0,0.0,0.0,0.0,0.0,0.0,0.0,0.0,0.0,1000.0,141.05404276784353,80.99254238463675,0.0,0.0,0.0,102.6474307186882,0.0,0.0,0.0,0.0,0.0,-102.6474307186882,0.0,0.0,0.0,0.0,0.0,0.0,0.0,0.0,0.0,0.0,0.0,0.0,0.0,-148.48828011385606,-1000.0,117.1891500705024,-51.32371535934409,0.0,0.0,999.3156837952085,0.0,0.0,0.0,0.0,0.0,0.0,0.0,0.0,0.0,0.0,0.0,0.0,0.0,0.0,0.0,0.0,0.0,-21.38488139972671,0.0,-12.830928839836025,-12.830928839836016,0.0,0.0,0.0,0.0,0.0,-2.138488139972671,0.0,30.13272355097365,0.0,0.0,0.0,0.0,0.0,0.0,0.0,1000.0,51.32371535934409,51.32371535934409,0.0,0.0,0.0,0.0,0.0,0.18818695631746032,225.79776252083101,0.0,0.0,-999.3156837952085,0.0,0.0,0.0,0.0,0.0,0.0,0.0,0.0,0.0,0.0,0.0,0.0,0.0,0.0,436.0298193201141,0.0,0.0,12.517018844783777,0.0,179.63300375770433,0.0,0.0,13.173086942231643,0.0,0.0,0.0,225.79776252083101,0.0,0.0,0.0,0.0,0.0,-21.38488139972671,0.0,0.0,0.0,0.0,0.0,0.0,0.0,0.0,0.0,0.0,0.0,0.0,0.0,0.0,0.0,0.0,0.0,0.0,-0.17107905119781364,0.0,0.0,8.553952559890682,-1000.0,0.0,0.0,0.0,0.0,0.0,0.0,0.0,0.0,14.72990630813162,4.276976279945302,0.0,0.0,127.94036135977184,0.17107905119781364,0.0,171.07905119781364,-40.517487026538454,34.21581023956273,1.221993222841526,502.3445905314677,-0.12830928839836023,8.553952559890723,3.421581023956273,-0.855395255989265,-502.3445905314677,51.32371535934409,-0.17107905119781364,0.0,0.0,0.04276976279945341,1.221993222841526,0.0,-27.235784950689776,-3.421581023956273,13.211388023134191,-0.17107905119781364,0.04276976279945341,-502.3445905314677,17.107905119781364,0.17107905119781364,0.17107905119781364,-225.43849651331576,0.188186956317595,-484.87955831907243,-0.12830928839836023,51.32371535934409,0.17107905119781364,51.32371535934409,-85.53952559890682,-0.08553952559890682,-515.1204416809276,-140.0211396800152,-0.12830928839836023,-0.17107905119781364,-40.517487026538454,0.17107905119781364,17.10790511978132,-3.421581023956273,122.74215550903604,122.74215550903604,-17.107905119781364,-13.211388023134191,-122.74215550903604,34.21581023956273,0.25661857679672045,-1000.0,17.107905119781364,-333.3333333333333,0.0,-34.21581023956273,0.08553952559890682,1.7107905119781364,190.545508302042,230.02040641175944,-0.17107905119781364,-264.2905490403392,225.43849651331576,53.034505871322224,0.17107905119781364,27.235784950689776,-205.29486143737654,0.0,-0.17107905119781364,-0.04276976279945341,0.0,-0.17107905119781364,-1000.0,0.17107905119792732,-0.04276976279945341,-0.04276976279945341,-0.04276976279945341,68.43162047912546,85.53952559890682,1.7107905119781364,126.74819205617703,-0.04276976279945341,381.091016604084,8.553952559890682,235.50280362153003,0.17107905119781364,0.08553952559890682,0.08553952559890682,17.107905119781364,40.517487026538454,0.17107905119781364,-40.517487026538454,1.7107905119781364,0.17107905119781364,-126.74819205617703,0.17107905119781364,0.6843162047914831,0.855395255989265,0.08553952559890682,0.04276976279945341,51.32371535934409,-0.17107905119781364,484.87955831907243,1.7107905119781366,-253.49638411235406,4.276976279945302,-17.10790511978132,34.21581023956273,8.553952559890682,-0.17107905119781364,0.0,0.25661857679672045,-0.17107905119781364,-34.21581023956273,40.517487026538454,155.10137841256204,0.08553952559890682,-471.00560724306007,-0.17107905119781364,-0.17107905119792732,-0.17107905119781364,0.08553952559890682,502.3445905314677,-34.21581023956273,0.17107905119781364,381.091016604084,-0.04276976279945341,-0.188186956317595,-381.091016604084,25.661857679672046,140.0211396800152,192.75261930568487,502.3445905314677,-0.12830928839836023,264.2905490403392,-230.02040641175944,0.17107905119781364,-0.04276976279945341,8.553952559890682,171.07905119781364,-0.08553952559890682,-0.17107905119781364,0.04276976279945341,601.2805890985238,0.0,536.1904206853671,0.0,884.565897555857,0.0,580.5537387806182,-34.76270322726543,0.0,-410.2520608182946,-367.33108348272754,-1000.0,-463.72403978903384,205.1260304091473,-442.2829487779285,183.66554174136377,0.0,17.381351613632717,-225.79776252083101,-233.1533677386061,463.72403978903384,1000.0,-233.1533677386061,-580.5537387806182,384.3703475491067,0.0,1496.5981,bhi
320,0.0,0.0,0.0,0.0,0.0,0.0,0.0,0.0,-0.15770110307162832,0.0,0.0,0.0,0.0,0.0,0.0,0.0,-291.32980128406194,395.73156539421166,0.0,0.0,0.0,0.0,0.0,0.0,0.0,0.0,0.0,0.0,0.0,437.10472195115216,112.4887293389087,-112.4887293389087,0.0,0.0,0.0,0.0,0.0,9.877523261691977,0.0,-1000.0,-574.2044390332542,0.0,-881.0442567772169,0.0,0.0,0.0,0.0,0.0,0.0,-381.07672230390125,0.0,298.384654209093,0.0,0.1734712133791163,0.0,0.0,0.0,31.540220614325666,0.0,0.0,-51.384453590144176,0.0,0.0,-51.384453590144176,0.0,0.0,0.0,0.0,722.614100111083,-722.614100111083,0.0,1.5770110307162835,0.0,0.0,0.0,0.0,0.0,0.0,0.0,0.0,0.0,0.0,0.0,0.0,94.62066184297701,0.0,0.0,-338.0858392239952,345.950724524016,0.0,979.4158319763466,0.0,0.0,0.0,47.31033092148851,0.0,276.30159893449456,0.0,0.0,0.0,0.0,7.885055153581416,437.10472195115216,0.0,0.0,-126.47796071114645,0.0,0.0,0.0,0.0,0.0,0.0,0.0,0.0,0.0,0.0,0.0,0.0,0.0,0.0,0.0,0.0,0.0,0.0,-21.07966011852443,0.0,0.0,276.30159893449456,0.0,48.88734195220479,0.0,0.0,307.49096136661626,-307.49096136661626,0.0,0.0,0.0,0.0,0.0,0.0,0.0,0.0,0.0,0.0,0.0,12.142984936515374,0.15770110307162832,979.4552572521145,0.0,0.0,0.0,-276.8149098463856,0.0,0.0,0.0,0.0,1000.0,0.0,0.0,0.0,0.0,0.0,687.3283887295272,687.3283887295272,0.0,0.0,0.0,0.0,0.0,0.0,0.0,799.9748191715075,0.0,0.0,0.0,-156.97836713937505,-400.19393895282707,0.0,0.0,0.0,0.0,0.0,0.0,0.0,0.0,0.0,0.0,0.0,0.0,0.0,0.0,-1000.0,0.0,0.0,0.0,0.0,0.0,381.07672230390125,582.6596025681239,-32.20205882729988,32.20205882729988,0.0,0.0,0.0,0.0,0.0,0.0,0.0,0.0,-227.87664054490995,0.0,0.0,0.0,0.0,0.0,0.0,0.0,0.0,0.0,0.0,0.0,0.0,0.0,0.0,-332.7612470266731,-728.4345232352141,0.0,0.0,0.0,0.0,0.0,0.0,0.0,0.0,0.0,-51.384453590144176,-728.4345232352141,112.4887293389087,0.0,0.0,0.0,0.0,0.0,0.0,0.0,856.1688231739813,0.0,228.99126801300605,0.0,-291.5663529386695,-794.4578263645706,212.3717045168288,0.0,728.4345232352141,0.0,0.0,0.0,-137.17208123877666,0.0,0.0,0.0,155.89659675756366,0.0,0.0,1000.0,0.0,977.7691108994122,1000.0,0.0,977.7691108994122,313.7486656967161,0.0,1000.0,381.07672230390125,0.0,439.98607756984313,0.0,0.0,0.0,-847.4639879973092,0.0,847.4639879973092,0.0,799.6594169653642,0.0,0.0,89.97142788011865,0.0,0.0,0.0,-51.384453590144176,-0.23655165460744249,0.0,0.0,0.0,0.0,0.15770110307162832,0.0,0.0,0.0,-132.47042210847587,-291.32980128406194,0.0,-84.31864047409763,502.8201202488931,400.19393895282707,-297.9028400987596,0.0,317.6133731695901,0.0,-126.47796071114645,0.0,0.0,0.0,682.3866268304099,0.0,-1000.0,-1000.0,-1000.0,0.0,0.0,0.0,0.0,0.0,0.0,0.0,0.0,0.0,0.0,0.0,0.0,0.0,0.0,0.0,0.0,0.0,-989.4916723260217,0.0,-1000.0,0.0,0.0,738.6021183161664,277.11386640559067,0.0,0.0,-755.823078771588,0.0,0.0,0.0,0.0,0.0,0.0,0.0,-7.506487137045789,-982.019694278657,-722.614100111083,0.0,0.0,0.0,91.69077290917494,0.0,-138.93550121933097,1000.0,978.0771667018663,-7.885055153581416,261.93790353112394,0.0,-102.50571699655843,-346.5841227851645,0.0,276.30159893449456,0.0,0.0,0.0,222.4858632521106,0.0,0.0,0.0,0.0,0.0,0.0,-1000.0,0.0,0.0,0.0,0.0,0.0,0.0,0.0,0.0,-102.76890718028835,0.0,0.0,0.0,0.0,0.0,0.0,0.0,-885.8777558075533,0.31540220614336195,0.0,0.0,0.0,0.0,0.0,0.0,0.0,0.0,0.0,0.0,0.0,0.0,0.0,0.0,0.0,0.0,0.0,0.0,0.0,0.1734712133791163,0.1734712133791163,112.4887293389087,121.9336387623525,0.0,94.62066184297701,0.0,0.0,0.0,1000.0,0.0,0.0,0.0,0.0,0.0,946.2075708700394,-1000.0,0.0,0.0,444.32602913617507,0.0,0.0,0.0,0.0,0.0,0.0,0.0,0.0,0.0,0.0,7.0265533728414695,132.47042210847587,276.8149098463856,0.0,12.142984936515374,0.0,0.0,0.0,0.0,0.0,946.2075708700394,0.0,627.890966516078,-567.561151453592,406.2499999999898,-406.2499999999898,0.0,0.0,0.0,0.0,0.0,0.0,0.0,0.0,0.0,0.0,0.0,0.0,0.0,0.0,94.62066184297701,0.0,0.0,0.0,0.0,0.0,0.0,0.0,0.0,0.0,0.0,0.0,0.0,1.5770110307162835,0.0,112.4887293389087,0.0,0.0,112.4887293389087,582.6596025681239,0.0,0.0,276.30159893449456,-444.32602913617507,0.0,0.0,0.0,0.0,0.0,0.0,0.0,0.0,0.0,687.3668524183156,-1000.0,0.0,47.31033092148851,47.31033092148851,1000.0,-1000.0,0.0,0.0,0.0,0.0,0.0,0.0,0.0,0.0,0.0,227.15138933473298,0.15770110307162832,0.0,0.0,208.2668353350955,0.0,0.0,0.0,0.0,0.0,0.0,0.0,0.0,0.0,0.0,0.0,0.0,0.0,0.0,0.0,0.0,0.0,0.0,0.15770110307162832,0.0,0.0,0.0,0.0,0.0,0.0,0.0,0.0,0.0,0.0,-17.220960455421643,0.0,0.0,-10.508327673978329,-11.827582730372127,-7.8850551535814235,0.0,0.0,0.0,0.0,0.0,0.0,0.0,0.0,0.0,0.0,0.0,0.0,0.0,400.19393895282707,0.0,0.0,-94.62066184297701,0.0,0.0,0.0,-0.15770110307162832,0.0,0.0,0.15770110307162832,0.0,0.15770110307162832,0.0,0.0,0.0,94.62066184297701,192.39534574738659,192.39534574738659,0.0,0.0,0.0,0.0,0.0,0.0,0.0,276.8149098463856,0.0,0.0,0.0,0.0,695.9646918048775,0.0,0.0,0.0,0.0,0.0,0.0,0.0,0.0,0.0,0.0,0.0,0.0,0.0,0.0,0.0,0.0,0.0,0.0,0.23655165460744249,0.0,0.0,0.0,-276.30159893449456,0.0,0.0,0.0,0.0,0.0,-121.9336387623525,7.885055153581416,0.0,0.0,0.0,0.0,0.0,730.717063162585,0.0,0.0,0.0,0.0,0.0,0.0,0.0,0.0,0.0,0.0,444.32602913617507,-892.6534568761596,121.9336387623525,0.0,791.8359973390436,-126.47796071114645,0.0,-25.106015609003066,0.0,25.106015609003066,0.0,-329.56742698616324,0.0,7.8850551535814235,387.07889280180837,0.0,0.0,-112.4887293389087,-102.76890718028835,-466.26044776979006,466.26044776979006,0.0,0.0,0.0,0.0,0.0,0.0,0.0,133.76122149272462,-157.41638695346882,192.39534574738659,0.0,112.4887293389087,112.4887293389087,0.0,0.0,0.0,0.0,0.0,0.0,856.1688231739813,0.0,0.0,0.0,-208.2668353350955,1000.0,-881.0442567772169,47.31033092148851,0.0,0.0,0.0,0.0,-233.26141112402496,0.0,0.0,0.1734712133791163,0.0,0.0,0.0,96.19767287369329,0.0,0.0,0.0,0.0,-332.7612470266731,0.0,0.0,0.0,0.0,0.0,0.0,0.0,0.0,-1000.0,0.0,979.7473018109321,0.015770110307163285,0.0,0.0,0.0,0.0,0.0,0.0,0.0,0.0,0.0,208.2668353350955,112.4887293389087,0.0,0.0,0.0,0.0,121.9336387623525,0.0,0.0,0.0,0.0,0.0,0.0,0.0,381.07672230390125,0.0,0.0,0.0,0.0,0.0,1000.0,395.73156539421166,0.0,0.0,0.0,94.62066184297701,0.0,0.0,0.0,0.0,0.0,905.379338157023,-1000.0,0.0,0.0,0.0,0.0,0.0,0.0,0.0,0.0,0.0,112.4887293389087,112.4887293389087,0.0,-227.15138933473298,-562.8952780488478,803.9899474089428,-269.9770436399616,-6.324555294532956,0.0,9.877523261691977,0.0,0.0,0.0,0.0,0.0,0.0,0.0,0.0,0.0,0.0,0.0,0.0,0.0,0.0,0.0,0.0,0.0,-19.71263788395355,0.0,-11.827582730372127,841.5534960279742,0.0,0.0,0.0,0.0,0.0,-968.8133792968224,966.842115508427,102.76890718028835,0.0,0.0,0.0,0.0,0.0,0.0,0.0,1000.0,47.31033092148851,47.31033092148851,0.0,0.0,0.0,0.0,0.0,0.1734712133791163,121.9336387623525,0.0,0.0,-9.877523261691977,979.7315317006249,0.0,0.0,0.0,0.0,0.0,0.0,0.0,0.0,0.0,0.0,0.0,0.0,0.0,0.0,0.0,0.0,0.0,0.0,165.58615822520977,12.142984936515374,0.0,0.0,0.0,0.0,0.0,121.9336387623525,0.0,0.0,0.0,0.0,0.0,-19.71263788395355,0.0,0.0,0.0,0.0,0.0,0.0,0.0,0.0,0.0,0.0,0.0,0.0,0.0,0.0,0.0,0.0,0.0,0.0,-0.15770110307162832,0.0,0.0,7.885055153581416,-946.2075708700394,0.0,0.0,0.0,0.0,0.0,0.0,0.0,0.0,-682.3866268304099,3.942527576790708,0.0,0.0,0.0,0.15770110307162832,0.0,157.70110307162832,-48.88734195220479,31.540220614325666,1.1264364505116309,439.98607756984313,-0.11827582730372124,146.44198835637675,3.154022061432567,-0.788505515357981,-439.98607756984313,47.3103309214885,-0.15770110307162832,42.15932023704882,0.0,0.03942527576790708,1.1264364505116309,-126.47796071114645,-25.106015609003066,109.33470727747613,-104.40176411014971,-0.15770110307162832,0.03942527576790708,-439.98607756984313,15.770110307162833,0.15770110307162832,0.15770110307162832,-121.60246644590175,0.1734712133787587,-632.9218343852604,-0.11827582730372124,47.31033092148851,0.15770110307162832,276.30159893449456,150.14071647719186,-0.07885055153581416,-114.12224419244671,-15.927811410234462,-0.11827582730372124,-0.15770110307162832,-48.88734195220479,0.15770110307162832,15.770110307162833,-3.154022061432567,0.0,0.0,-15.770110307162833,104.40176411014971,0.0,31.540220614325666,0.23655165460744249,-1000.0,15.770110307162833,-7.0265533728414695,0.0,-31.540220614325666,0.07885055153581416,1.5770110307162835,21.07966011852441,153.47385937667818,-0.15770110307162832,-157.41638695346882,121.60246644590175,48.88734195220479,0.15770110307162832,25.106015609003066,-418.2325916989601,0.0,-0.15770110307162832,-0.03942527576790708,0.0,-0.15770110307162832,-885.8777558075533,0.1577011030718557,-0.03942527576790708,-0.03942527576790708,-0.03942527576790708,63.08044122865133,-150.14071647719186,1.5770110307162835,116.83680473819331,-0.03942527576790708,0.0,7.885055153581416,450.82393305735803,0.15770110307162832,0.07885055153581416,0.07885055153581416,15.770110307162833,48.88734195220479,0.15770110307162832,-48.88734195220479,1.5770110307162835,0.15770110307162832,-116.83680473819331,0.15770110307162832,0.6308044122863521,0.788505515357981,0.07885055153581416,0.03942527576790708,47.31033092148851,-0.15770110307162832,632.9218343852604,-54.667353638738064,-233.67360947638662,142.49946077958606,-15.770110307162833,31.540220614325666,7.885055153581416,-0.15770110307162832,126.47796071114645,0.23655165460744249,-0.15770110307162832,-31.540220614325666,48.88734195220479,622.7960323899116,0.07885055153581416,-901.6478661147161,-0.15770110307162832,-0.1577011030718557,-0.15770110307162832,0.07885055153581416,439.98607756984313,-31.540220614325666,0.15770110307162832,42.15932023704882,-0.03942527576790708,-0.1734712133787587,-42.15932023704882,23.655165460744247,15.927811410234462,380.0011916318954,439.98607756984313,-0.11827582730372124,157.41638695346882,-153.47385937667818,0.15770110307162832,-0.03942527576790708,7.8850551535814235,157.70110307162832,-0.07885055153581416,-0.15770110307162832,0.03942527576790708,0.0,0.0,686.1724837517481,0.0,30.48871742568747,0.0,413.51198262404046,-129.96315508902975,0.0,-742.6820446272466,872.4518768447102,-546.5613081069837,-313.7486656967161,371.3410223136233,-15.244358712843734,-436.2259384223551,0.0,64.98157754451488,-121.9336387623525,-389.53462126588664,313.7486656967161,546.5613081069837,-389.53462126588664,-413.51198262404046,407.98723200791886,0.0,1496.5981,bhi
321,0.0,0.0,0.0,0.0,0.0,0.0,0.0,0.0,838.9906902318539,0.0,0.0,0.0,0.0,0.0,0.0,0.0,6.864038953555166,315.3135080922445,0.0,0.0,0.0,0.0,0.0,151.17185175990824,0.0,0.0,0.0,0.0,0.0,-700.3715898073773,0.0,0.0,299.8228547766378,0.0,0.0,0.0,0.0,-30.862604485915575,0.0,-1000.0,589.5796655160889,0.0,0.0,0.0,0.0,0.0,0.0,0.0,0.0,-467.3706827661936,0.0,306.49244914617776,0.0,0.23751537967308423,0.0,0.0,0.0,43.184614485889206,0.0,0.0,-19.01562524528951,0.0,0.0,-19.01562524528951,0.0,0.0,0.0,0.0,1000.0,-39.30212425627556,0.0,2.1592307242944604,0.0,0.0,0.0,0.0,0.0,0.0,0.0,0.0,0.0,0.0,0.0,0.0,129.55384345766763,0.0,0.0,964.1492031923,623.6666192542764,-966.0098652081541,-0.05398076810736151,0.0,0.0,-154.5245894793787,64.77692172883381,0.0,64.77692172883381,-6.952722932233996,0.0,0.0,0.0,10.796153621472302,-869.2275575213205,0.0,0.0,-337.4682427688518,0.0,0.0,0.0,0.0,0.0,0.0,0.0,0.0,0.0,0.0,0.0,0.0,0.0,0.0,0.0,0.0,0.0,0.0,-1000.0,0.0,0.0,64.77692172883381,0.0,66.93615245312829,0.0,0.0,-874.7501597799659,874.7501597799659,0.0,0.0,0.0,1000.0,-1000.0,0.0,0.0,0.0,0.0,0.0,0.0,16.62607657706735,0.21592307242944603,0.0,0.0,0.0,-1000.0,1000.0,0.0,0.0,0.0,0.0,1000.0,0.0,0.0,0.0,0.0,0.0,999.7840769275706,999.7840769275706,0.0,0.0,0.0,0.0,0.0,0.0,0.0,1000.0,0.0,0.0,0.0,0.0,-32.97091634743509,0.0,0.0,0.0,0.0,0.0,0.0,0.0,0.0,0.0,0.0,0.0,0.0,0.0,0.0,-1000.0,0.0,0.0,0.0,0.0,0.0,467.3706827661936,-306.49244914617776,342.3432459538777,-342.3432459538777,0.0,0.0,0.0,0.0,0.0,0.0,0.0,168.85596771394316,-308.24979739069715,0.0,0.0,0.0,0.0,0.0,0.0,0.0,0.0,0.0,0.0,0.0,0.0,0.0,726.0080792979883,-310.3367090322319,1000.0,0.0,0.0,0.0,0.0,288.8974624179214,0.0,0.0,0.0,0.0,-19.01562524528951,1000.0,0.0,0.0,0.0,0.0,0.0,0.0,0.0,0.0,0.0,0.0,0.0,0.0,-959.4697108632431,-678.1463375628438,1000.0,0.0,-1000.0,0.0,0.0,0.0,826.8039948522884,0.0,0.0,0.0,127.4959105431094,0.0,0.0,-531.1842409588212,-242.36192736242828,-322.1540429134367,-288.822313596393,0.0,-79.79211555100841,966.0098652081541,0.0,0.0,467.3706827661936,0.0,313.52790966023326,0.0,0.0,0.0,-579.533401326517,0.0,579.533401326517,0.0,1000.0,0.0,0.0,0.0,0.0,0.0,0.0,-19.01562524528951,-0.323884608644169,0.0,0.0,0.0,0.0,0.21592307242944603,0.0,0.0,0.0,646.3256158532447,6.864038953555166,0.0,-664.6745634973654,635.898445932836,32.97091634743509,599.900172695186,0.0,379.506392101996,0.0,-337.4682427688518,0.0,0.0,0.0,833.5017188496533,-213.00811095164931,-1000.0,-957.0545995641705,-1000.0,0.0,0.0,0.0,0.0,0.0,0.0,0.0,0.0,0.0,0.0,0.0,0.0,0.0,0.0,0.0,0.0,0.0,-17.17112376031457,0.0,-170.42308748361006,0.0,183.25087591949065,0.0,0.0,0.0,0.0,-16.62607657706735,0.0,0.0,0.0,0.0,0.0,213.00811095164931,-828.1249999999999,-516.9739113784835,-5.775803055608435,-1000.0,1000.0,-10.796153621472302,857.1668875879213,-1000.0,828.1249999999999,506.17775775701125,-1000.0,0.37772624487228423,0.0,-1000.0,0.0,-10.796153621472302,1000.0,1000.0,64.77692172883381,0.0,0.0,0.0,494.8044243401738,0.0,839.2066133042833,0.0,-726.0080792979883,726.0080792979883,726.0080792979883,-1000.0,0.0,0.0,-0.43184614485889206,0.0,0.0,168.85596771394316,0.0,0.0,-38.03125049057902,0.0,0.0,54.45641454973671,0.0,0.0,0.0,0.0,-375.11363076106574,0.4318461448592643,0.0,0.0,0.0,0.0,0.0,0.0,0.0,0.0,0.0,666.4506653630397,0.0,0.0,0.0,0.0,0.0,0.0,0.0,0.0,0.0,0.23751537967308423,0.23751537967308423,0.0,0.0,0.0,129.55384345766763,0.0,0.0,0.0,1000.0,0.0,0.0,0.0,0.0,0.0,1000.0,-1000.0,0.0,0.0,202.2959882622488,0.0,0.0,54.45641454973671,0.0,0.0,0.0,0.0,0.0,0.0,0.0,333.3333333333333,-646.3256158532447,0.0,0.0,16.62607657706735,0.0,0.0,-154.5245894793787,-443.4220518973001,0.0,1000.0,0.0,0.0,624.8863692389343,0.0,0.0,726.0080792979883,0.0,0.0,0.0,0.0,0.0,0.0,0.0,0.0,0.0,0.0,0.0,0.0,0.0,129.55384345766763,0.0,0.0,0.0,0.0,0.0,0.0,0.0,0.0,0.0,0.0,0.0,0.0,2.1592307242944604,0.0,0.0,0.0,0.0,0.0,-306.49244914617776,0.0,0.0,64.77692172883381,-202.2959882622488,0.0,0.0,0.0,0.0,0.0,0.0,0.0,0.0,0.0,1000.0,109.19120764815077,0.0,64.77692172883381,64.77692172883381,1000.0,-1000.0,0.0,54.45641454973671,0.0,0.0,0.0,0.0,0.0,826.282157085491,168.85596771394316,1000.0,0.21592307242944603,0.0,0.0,285.1572632962878,0.0,0.0,0.0,154.5245894793787,0.0,0.0,0.0,0.0,0.0,0.0,0.0,0.0,0.0,0.0,0.0,0.0,0.0,0.0,0.21592307242944603,0.0,0.0,0.0,0.0,0.0,0.0,0.0,0.0,183.25087591949065,0.0,-16.62607657706735,0.0,0.0,-153.2519637232955,-16.194230432208453,-10.796153621472302,0.0,0.0,78.12500000000001,78.12500000000001,-78.12500000000001,0.0,0.0,0.0,0.0,0.0,0.0,0.0,0.0,32.97091634743509,0.0,0.0,1000.0,0.0,0.0,0.0,838.9906902318539,0.0,0.0,0.21592307242944603,0.0,0.21592307242944603,0.0,294.2472103806848,0.0,129.55384345766763,263.4261483639242,263.4261483639242,0.0,0.0,0.0,0.0,0.0,0.0,0.0,0.0,0.0,168.85596771394316,0.0,0.0,0.0,852.0926953858293,0.0,0.0,0.0,0.0,0.0,0.0,0.0,0.0,0.0,0.0,0.0,0.0,0.0,288.8974624179214,0.0,0.0,0.0,0.323884608644169,0.0,0.0,0.0,-64.77692172883381,0.0,0.0,0.0,0.0,0.0,0.0,10.796153621472302,0.0,0.0,0.0,0.0,0.0,-865.1161425206482,0.0,0.0,0.0,0.0,0.0,0.0,0.0,0.0,0.0,0.0,202.2959882622488,0.0,-726.0080792979883,0.0,718.7405866629836,-337.4682427688518,0.0,-881.7422190977155,0.0,881.7422190977155,0.0,563.3778464883642,0.0,10.796153621472302,1000.0,0.0,0.0,0.0,-38.03125049057902,0.0,0.0,-109.37500000013368,109.37500000013368,0.0,0.0,0.0,0.0,0.0,16.194230432208453,-48.58269129662574,263.4261483639242,0.0,0.0,0.0,0.0,0.0,0.0,0.0,0.0,0.0,0.0,0.0,0.0,0.0,-951.6079286593274,-1000.0,0.0,64.77692172883381,0.0,0.0,0.0,0.0,49.80846443351294,0.0,0.0,0.23751537967308423,0.0,0.0,0.0,131.7130741819621,0.0,0.0,0.0,0.0,-310.3367090322319,0.0,0.0,0.0,0.0,0.0,0.0,0.0,0.0,0.0,0.0,472.5810545506812,0.02159230724294403,0.0,0.0,0.0,0.0,0.0,0.0,0.0,0.0,0.0,285.1572632962878,0.0,0.0,0.0,0.0,0.0,0.0,0.0,0.0,0.0,0.0,0.0,0.0,0.0,467.3706827661936,0.0,0.0,0.0,0.0,-859.6757293353191,566.9113580962512,315.3135080922445,0.0,0.0,0.0,129.55384345766763,0.0,0.0,0.0,0.0,0.0,-129.55384345766763,0.0,0.0,0.0,0.0,0.0,0.0,0.0,0.0,0.0,0.0,0.0,0.0,0.0,-1000.0,-1000.0,1000.0,0.0,-64.77692172883381,0.0,152.38827143357508,0.0,0.0,0.0,0.0,0.0,0.0,0.0,0.0,0.0,398.4375,0.0,-398.4375,-398.4375,0.0,0.0,0.0,0.0,-26.990384053680756,0.0,-16.194230432208453,884.4811562502466,0.0,0.0,0.0,0.0,0.0,0.0,-2.6990384053680754,38.03125049057902,0.0,0.0,0.0,0.0,0.0,0.0,0.0,1000.0,64.77692172883381,64.77692172883381,0.0,0.0,0.0,0.0,0.0,0.23751537967308423,0.0,0.0,0.0,-152.38827143357508,472.55946224343825,0.0,0.0,0.0,0.0,0.0,0.0,0.0,0.0,0.0,0.0,0.0,0.0,0.0,147.1236051903424,0.0,0.0,0.0,0.0,226.71922605091834,16.62607657706735,0.0,0.0,0.0,0.0,0.0,0.0,0.0,847.3672659669419,0.0,0.0,0.0,-26.990384053680756,0.0,0.0,0.0,0.0,0.0,0.0,0.0,0.0,0.0,0.0,0.0,0.0,0.0,0.0,0.0,0.0,0.0,0.0,-0.21592307242944603,0.0,0.0,10.796153621472302,-1000.0,0.0,0.0,0.0,0.0,0.0,0.0,0.0,0.0,-833.5017188496533,5.398076810736151,0.0,0.0,0.0,0.21592307242944603,0.0,215.92307242944602,-66.93615245312829,43.184614485889206,1.5423076602103287,602.4253720781546,-0.1619423043220845,10.79615362147231,4.318461448588921,-1.0796153621498377,-602.4253720781546,64.77692172883381,-0.21592307242944603,112.48941425628392,54.45641454973671,0.05398076810736151,1.5423076602103287,-337.4682427688518,-34.37495313077363,-4.318461448588921,-322.17754704579966,-0.21592307242944603,0.05398076810736151,-602.4253720781546,21.592307242944603,0.21592307242944603,0.21592307242944603,0.45343845210253025,0.2375153796724021,0.0,-0.1619423043220845,64.77692172883381,0.21592307242944603,64.77692172883381,-107.96153621472303,-0.10796153621472301,-325.06351446229644,-310.70569273329545,-0.1619423043220845,-0.21592307242944603,-66.93615245312829,0.21592307242944603,21.592307242944603,-4.318461448588921,288.8974624179214,288.8974624179214,-21.592307242944603,322.17754704579966,-288.8974624179214,43.184614485889206,0.323884608644169,-1000.0,21.592307242944603,-333.3333333333333,54.45641454973671,-43.184614485889206,0.10796153621472301,2.1592307242944604,166.16864087434135,-682.823464812099,-0.21592307242944603,-48.58269129662574,-0.45343845210253025,66.93615245312829,0.21592307242944603,34.37495313077363,-204.65127236559815,54.45641454973671,-0.21592307242944603,-0.05398076810736151,-54.45641454973671,-0.21592307242944603,-375.11363076106574,0.21592307242951847,-0.05398076810736151,-0.05398076810736151,-0.05398076810736151,86.36922897177841,107.96153621472303,2.1592307242944604,159.97200628617537,-0.05398076810736151,219.8478674923988,10.796153621472302,198.35296900200518,0.21592307242944603,0.10796153621472301,0.10796153621472301,48.82051451781295,66.93615245312829,0.21592307242944603,-66.93615245312829,2.1592307242944604,0.21592307242944603,-159.97200628617537,0.21592307242944603,0.8636922897204187,1.0796153621498377,0.10796153621472301,0.05398076810736151,64.77692172883381,-0.21592307242944603,0.0,2.1592307242944604,-319.94401257235074,5.398076810736143,-21.592307242944603,43.184614485889206,10.796153621472302,-0.21592307242944603,337.4682427688518,0.323884608644169,-0.21592307242944603,-97.6410290356259,66.93615245312829,351.03459045825883,0.10796153621472301,-396.70593800401036,-0.21592307242944603,-0.21592307242951847,-0.21592307242944603,0.10796153621472301,602.4253720781546,-43.184614485889206,0.21592307242944603,332.3372817486827,-0.05398076810736151,-0.2375153796724021,-332.3372817486827,32.3884608644169,310.70569273329545,-293.04002411474346,602.4253720781546,-0.1619423043220845,48.58269129662574,682.823464812099,0.21592307242944603,-0.05398076810736149,10.796153621472302,215.92307242944602,-0.10796153621472301,-0.21592307242944603,0.05398076810736151,0.0,0.0,999.8920384637853,0.0,-1000.0,0.0,929.7202696797688,-642.062997446181,0.0,-960.5583968281711,799.4792039427888,-761.9252011488728,0.0,480.27919841408556,500.0,-399.7396019713944,0.0,321.0314987230905,0.0,-400.84305489177177,0.0,761.9252011488728,-400.84305489177177,-929.7202696797688,556.3896174012111,0.0,1496.5981,bhi
322,0.0,0.0,0.0,0.0,0.0,0.0,0.0,0.0,551.4142243657456,0.0,0.0,0.0,0.0,0.0,0.0,0.0,1000.0,688.0008510111539,0.0,-1000.0,0.0,0.0,0.0,754.2824826479897,0.0,445.41757218475243,0.0,0.0,0.0,-258.56489822007325,0.0,0.0,0.0,0.0,0.0,0.0,0.0,993.3935941457587,0.0,-1000.0,854.3419414068292,0.0,0.0,233.42299044188235,0.0,0.0,746.6135995603223,0.0,-652.4236447421548,0.0,0.0,-603.7467155429613,0.0,0.0333452727424,0.0,0.0,0.0,6.062776862258884,0.0,0.0,-436.2962382307952,0.0,0.0,-436.2962382307952,0.0,0.0,0.0,0.0,0.0,955.1016254575597,0.0,0.30313884311294426,0.0,0.0,0.0,0.0,0.0,0.0,0.0,871.988990984217,0.0,0.0,0.0,0.0,18.18833058677665,0.0,433.6265954857805,464.3743251919766,-473.4118478421298,-28.384069173194305,-0.007578471077823606,0.0,0.0,0.0,9.094165293388325,0.0,145.6580585931709,-0.9761070748239149,0.0,0.0,0.0,91.33038437409117,-258.56489822007325,0.0,0.0,-288.71178730598,0.0,0.0,0.0,0.0,0.0,0.0,0.0,0.0,0.0,0.0,0.0,0.0,0.0,0.0,0.0,0.0,0.0,0.0,-493.53620340241577,0.0,0.0,145.6580585931709,0.0,9.397304136501269,0.0,0.0,0.0,0.0,0.0,0.0,0.0,0.0,0.0,0.0,0.0,0.0,0.0,0.0,0.0,435.9607645777502,0.03031388431129442,0.0,0.0,0.0,-1000.0,0.0,0.0,0.0,0.0,0.0,450.17593818210105,0.0,0.0,0.0,0.0,0.0,356.210500851926,356.210500851926,0.0,0.0,0.0,0.0,288.71178730598,0.0,0.0,356.24081473623727,0.0,0.0,0.0,0.0,-546.4834723191113,0.0,0.0,0.0,0.0,0.0,0.0,0.0,0.0,0.0,-997.7264586766529,0.0,0.0,0.0,0.0,-719.8798112082836,0.0,0.0,0.0,0.0,0.0,0.0,603.7467155429613,501.7959170153241,-501.7959170153241,0.0,0.0,0.0,0.0,0.0,0.0,0.0,0.0,-1000.0,0.0,0.0,0.0,0.0,0.0,0.0,0.0,0.0,0.0,0.0,0.0,0.0,0.0,281.22936656496205,503.7018521565967,-692.7581725807332,0.0,0.0,0.0,0.0,0.0,0.0,0.0,0.0,0.0,-436.2962382307952,-926.1811630226156,0.0,0.0,0.0,0.0,0.0,0.0,0.0,0.0,0.0,0.0,136.56389329978256,0.0,725.436999729822,-249.77076512763188,917.4933130081073,0.0,692.7581725807332,0.0,0.0,0.0,-963.0170611402208,0.0,0.0,0.0,-219.86843205006357,0.0,0.0,-1000.0,-140.36452395291278,0.0,0.0,-859.6354760470872,1000.0,28.384069173194305,0.0,-225.90062796630502,0.0,0.0,84.57573722851143,0.0,0.0,0.0,-1000.0,0.0,1000.0,0.0,-198.08599992940458,0.0,0.0,-1000.0,0.0,0.0,0.0,-436.2962382307952,-0.04547082646694163,0.0,0.0,0.0,0.0,0.03031388431129442,0.0,0.0,0.0,574.2217526151128,1000.0,0.0,-192.47452487065334,495.59655965911776,546.4834723191113,1000.0,0.0,-838.2547456999415,0.0,-288.71178730598,0.0,0.0,0.0,17.72554705651455,1000.0,-179.47080135657302,-1000.0,-1000.0,0.0,0.0,0.0,0.0,0.0,0.0,0.0,0.0,0.0,0.0,0.0,0.0,0.0,0.0,0.0,0.0,0.0,-6.485150316996197,0.0,-1000.0,0.0,0.0,0.0,0.0,0.0,0.0,-435.9607645777502,0.0,0.0,0.0,522.5901663231903,89.81469015852645,-1000.0,0.0,-46.423039294827944,0.0,0.0,476.3361242325135,-1.515694215564721,0.0,-404.27258268749205,0.0,0.0,0.0,-0.7578471077823605,0.0,-951.9439376120235,0.0,935.3976006552184,0.0,0.0,145.6580585931709,0.0,0.0,0.0,0.0,0.0,551.4445382500569,0.0,-281.22936656496205,281.22936656496205,281.22936656496205,-492.2475727320532,0.0,0.0,0.0,0.0,0.0,0.0,0.0,0.0,-5.339285490029425,0.0,0.0,0.0,0.0,0.0,0.0,0.0,-641.9562064365741,0.06062776862260909,0.0,0.0,0.0,0.0,0.0,0.0,0.0,0.0,0.0,817.6945331087903,0.0,0.0,0.0,0.0,0.0,0.0,0.0,0.0,0.0,0.0333452727424,0.0333452727424,0.0,0.0,0.0,18.18833058677665,0.0,0.0,0.0,1000.0,0.0,0.0,433.6265954857805,0.0,0.0,1000.0,-1000.0,0.0,0.0,0.0,0.0,0.0,0.0,0.0,0.0,0.0,0.0,0.0,0.0,0.0,164.51206780080526,-574.2217526151128,1000.0,0.0,435.9607645777502,0.0,0.0,0.0,0.0,0.0,1000.0,0.0,358.0437935634259,0.0,0.0,0.0,281.22936656496205,0.0,0.0,0.0,0.0,0.0,0.0,0.0,0.0,0.0,0.0,0.0,0.0,0.0,18.18833058677665,0.0,0.0,0.0,0.0,0.0,0.0,0.0,0.0,0.0,0.0,0.0,0.0,0.30313884311294426,0.0,0.0,433.6265954857805,-433.6265954857805,0.0,603.7467155429613,0.0,0.0,145.6580585931709,0.0,0.0,0.0,0.0,0.0,0.0,0.0,0.0,0.0,0.0,230.318202285271,0.0,0.0,9.094165293388325,9.094165293388325,990.1479875988293,-1000.0,0.0,0.0,0.0,0.0,0.0,0.0,0.0,779.7526443960453,0.0,1000.0,0.03031388431129442,0.0,0.0,0.0,40.03381478796589,0.0,0.0,0.0,0.0,0.0,0.0,0.0,0.0,0.0,0.0,0.0,0.0,0.0,0.0,0.0,0.0,0.0,0.03031388431129442,0.0,0.0,0.0,128.04335906484982,-128.04335906484982,0.0,0.0,0.0,0.0,-438.45256586813883,2.4918012903886506,0.0,0.0,-993.5148496830038,-2.2735413233471036,-1.5156942155647357,0.0,0.0,0.0,0.0,0.0,0.0,0.0,0.0,0.0,0.0,0.0,0.0,0.0,546.4834723191113,0.0,0.0,936.9132948707831,0.0,0.0,0.0,551.4142243657456,0.0,0.0,0.03031388431129442,0.0,0.03031388431129442,0.0,137.4070923487694,0.0,18.18833058677665,36.98293885977919,36.98293885977919,0.0,0.0,0.0,0.0,0.0,0.0,0.0,1000.0,0.0,0.0,0.0,0.0,0.0,20.335572495716974,0.0,0.0,0.0,0.0,0.0,0.0,0.0,0.0,0.0,0.0,0.0,0.0,0.0,0.0,0.0,-308.010479835983,308.010479835983,0.04547082646694163,0.0,0.0,0.0,-145.6580585931709,0.0,0.0,0.0,0.0,0.0,0.0,1.515694215564721,0.0,0.0,0.0,0.0,-288.71178730598,-2.4918012903886506,0.0,0.0,0.0,0.0,0.0,0.0,0.0,0.0,0.0,0.0,0.0,230.31820228527107,-281.22936656496205,0.0,-6.062776862258884,-288.71178730598,0.0,0.0,0.0,0.0,0.0,-1000.0,0.0,1.515694215564721,1000.0,0.0,0.0,0.0,-872.5924764615904,0.0,0.0,643.0563302008604,-643.0563302008604,0.0,0.0,0.0,0.0,0.0,1000.0,-6.820623970041197,36.98293885977919,0.0,-786.0800269337662,-786.0800269337661,786.0800269337661,0.0,0.0,0.0,0.0,0.0,0.0,0.0,0.0,0.0,-857.7283478967562,0.0,0.0,9.094165293388325,433.6265954857805,0.0,0.0,0.0,-337.4368490228636,0.0,0.0,0.0333452727424,0.0,0.0,0.0,18.491469429889595,0.0,0.0,0.0,0.0,503.7018521565967,0.0,0.0,0.0,0.0,0.0,0.0,0.0,0.0,0.0,0.0,0.003031388431129442,0.003031388431129442,0.0,0.0,0.0,0.0,0.0,0.0,0.0,0.0,0.0,0.0,0.0,0.0,0.0,0.0,0.0,0.0,0.0,0.0,0.0,0.0,0.0,0.0,0.0,0.0,0.0,0.0,0.0,867.253190971561,725.4224428345015,0.0,688.0008510111539,0.0,0.0,0.0,18.188330586776647,0.0,0.0,0.0,0.0,0.0,766.6225664651749,-784.8108970519515,0.0,867.253190971561,0.0,0.0,0.0,0.0,0.0,0.0,0.0,0.0,0.0,0.0,-1000.0,-478.8122538240279,41.100583248953654,0.0,-145.6580585931709,0.0,993.3935941457587,0.0,0.0,0.0,0.0,0.0,0.0,0.0,0.0,0.0,460.9375,0.0,-460.9375,-460.9375,0.0,0.0,0.0,0.0,-3.7892355389118393,0.0,-92.08823148187354,24.882655142411135,0.0,0.0,0.0,0.0,0.0,94.62659857684547,-95.00552213073665,5.339285490029425,0.0,0.0,0.0,0.0,0.0,0.0,0.0,1000.0,9.094165293388325,9.094165293388325,0.0,0.0,0.0,0.0,871.988990984217,0.0333452727424,0.0,0.0,0.0,-993.3935941457587,0.0,0.0,0.0,0.0,0.0,0.0,0.0,0.0,0.0,0.0,0.0,0.0,0.0,0.0,0.0,0.0,0.0,0.0,0.0,31.829578526859137,0.0,0.0,435.9607645777502,0.0,0.0,0.0,0.0,0.0,0.0,0.0,0.0,0.0,-3.7892355389118393,0.0,0.0,0.0,0.0,0.0,0.0,0.0,0.0,0.0,0.0,0.0,0.0,0.0,0.0,0.0,0.0,0.0,0.0,-0.03031388431129442,0.0,0.0,1.515694215564721,-1000.0,0.0,0.0,0.0,0.0,0.0,0.0,0.0,0.0,-17.72554705651455,0.7578471077823605,0.0,0.0,445.41757218475243,0.03031388431129442,0.0,30.31388431129442,-9.397304136501269,6.062776862258884,0.21652774508067443,84.57573722851143,-0.022735413233470815,46.423039294827944,0.6062776862258885,-0.1515694215564278,-84.57573722851143,9.094165293388325,-0.030313884311294424,96.23726243532667,0.0,0.007578471077823606,0.21652774508067443,-288.71178730598,-438.45256586813883,-0.6062776862258885,-688.0008510111539,-0.030313884311294424,0.007578471077823606,-84.57573722851143,3.031388431129442,0.030313884311294424,0.03031388431129442,0.06365915705369442,-433.5932502130381,-64.5326318246141,-0.022735413233470815,9.094165293388325,0.030313884311294424,145.6580585931709,121.40695114413535,-0.015156942155647212,191.7802682544731,-3.0617023154407366,-0.022735413233470815,-0.030313884311294424,-9.397304136501269,0.03031388431129442,3.031388431129442,-0.6062776862258885,0.0,0.0,-3.031388431129442,688.0008510111539,0.0,6.062776862258884,0.04547082646694163,-1000.0,3.031388431129442,-164.51206780080526,0.0,-6.062776862258884,0.015156942155647212,0.30313884311294426,48.118631217663335,-275.16658970270316,-0.03031388431129442,-6.820623970041197,-0.06365915705369442,9.397304136501269,0.030313884311294424,438.45256586813883,-172.94055447333548,0.0,-0.03031388431129442,-0.007578471077823606,0.0,-0.030313884311294424,-641.9562064365741,0.030313884311294424,-0.007578471077823606,-0.007578471077823606,-0.007578471077823606,12.125553724517768,-121.40695114413535,0.30313884311294426,145.52552917438956,-0.007578471077823606,0.0,1.515694215564721,322.4937974338518,0.03031388431129442,0.015156942155647212,0.015156942155647212,3.031388431129442,9.397304136501269,0.03031388431129442,-9.397304136501269,0.30313884311294426,0.030313884311294424,-391.65898944490596,0.030313884311294424,0.12125553724510052,0.1515694215564278,0.015156942155647212,0.007578471077823606,9.094165293388325,-0.030313884311294424,64.5326318246141,0.30313884311294426,-291.0510583487791,45.665192187045584,-3.031388431129442,6.062776862258884,1.515694215564721,-0.03031388431129442,288.71178730598,0.04547082646694163,-0.030313884311294424,-6.062776862258884,9.397304136501269,469.8872339143247,0.015156942155647212,-644.9875948677036,-0.030313884311294424,-0.030313884311294424,-0.030313884311294424,0.015156942155647212,84.57573722851143,-6.062776862258884,0.03031388431129442,96.23726243532667,-0.007578471077823606,433.5932502130381,-96.23726243532667,4.547082646694163,3.0617023154407366,345.90123752272905,84.57573722851143,-0.022735413233470815,6.820623970041197,275.16658970270316,0.030313884311294424,-0.007578471077823607,524.105860538755,30.31388431129442,-0.015156942155647212,-0.030313884311294424,0.007578471077823606,1000.0,0.0,999.9848430578444,246.1334602705164,-567.5979409418165,0.0,66.64531297839972,-289.3817241492596,0.0,-1000.0,774.8965831757744,1000.0,0.0,500.0,283.7989704709083,-387.4482915878872,0.0,144.6908620746298,0.0,-132.45038489146108,0.0,-1000.0,-132.45038489146108,-66.64531297839972,118.27723951030288,0.0,1496.5981,bhi
323,0.0,0.0,0.0,0.0,0.0,0.0,0.0,0.0,-0.15730588569582538,0.0,0.0,0.0,0.0,0.0,0.0,0.0,988.2059684119608,1.3537270844485827,0.0,-652.6459895461771,0.0,0.0,0.0,456.76311381737014,0.0,0.0,0.0,0.0,0.0,457.679579658074,0.0,0.0,0.0,0.0,0.0,0.0,0.0,-22.484254595455987,0.0,531.1274194112657,94.93755464258255,0.0,0.0,0.0,0.0,0.0,0.0,0.0,-702.7755101157279,-615.0409587275738,0.0,0.0,0.0,0.17303647426556348,0.0,0.0,0.0,31.461177139165073,0.0,0.0,-13.853405000279304,0.0,13.853405000279304,0.0,0.0,0.0,0.0,0.0,468.82926637645664,-468.82926637645664,0.0,1.5730588569582538,0.0,0.0,0.0,0.0,0.0,0.0,0.0,0.0,0.0,0.0,0.0,0.0,94.38353141749522,0.0,0.0,545.4682524457079,-493.98500479170855,0.0,-0.039326471423956344,0.0,0.0,49.67274771106486,47.19176570874761,0.0,47.19176570874761,-5.065249519406798,0.0,0.0,0.0,7.865294284791268,200.41788350988801,0.0,0.0,0.0,0.0,0.0,0.0,0.0,0.0,0.0,0.0,0.0,0.0,0.0,0.0,0.0,0.0,0.0,0.0,0.0,0.0,0.0,-538.8899193956843,0.0,0.0,47.19176570874761,0.0,48.76482456570586,8.99529898611064,0.0,-446.8603087947871,1000.0,-553.1396912052129,553.1396912052129,-828.2083968437206,0.0,0.0,828.2083968437206,0.0,0.0,0.0,0.0,0.0,12.112553198578553,0.15730588569582538,0.0,0.0,0.0,0.0,0.0,0.0,0.0,0.0,0.0,1000.0,0.0,0.0,0.0,0.0,0.0,149.53700977939093,149.53700977939093,0.0,0.0,0.0,-703.125,0.0,0.0,0.0,149.69431566508675,0.0,0.0,0.0,-699.8874738723705,-506.2835854883971,0.0,0.0,0.0,0.0,0.0,0.0,0.0,0.0,0.0,0.0,0.0,0.0,0.0,0.0,-1000.0,0.0,0.0,0.0,0.0,0.0,615.0409587275738,0.0,493.98500479170855,-493.98500479170855,0.0,0.0,0.0,0.0,0.0,0.0,0.0,257.26169614818593,-1000.0,0.0,0.0,0.0,0.0,0.0,0.0,0.0,0.0,0.0,0.0,0.0,0.0,0.0,0.0,-25.421154817518826,-743.1100379543068,0.0,0.0,0.0,0.0,0.0,0.0,0.0,0.0,0.0,-13.853405000279304,-743.1100379543068,0.0,0.0,0.0,0.0,0.0,0.0,0.0,0.0,0.0,0.0,0.0,0.0,987.9700095834171,0.0,336.6777471216885,0.0,743.1100379543068,0.0,0.0,0.0,-762.1428513077308,0.0,0.0,0.0,163.0358197763161,0.0,0.0,-1000.0,0.0,0.0,-999.9999999999997,0.0,0.0,0.0,0.0,0.0,615.0409587275738,0.0,456.874019063574,0.0,0.0,0.0,0.0,0.0,0.0,0.0,149.3797038936951,0.0,0.0,-1000.0,-703.125,0.0,0.0,-13.853405000279304,-0.23595882854373804,0.0,0.0,0.0,0.0,0.15730588569582538,0.0,0.0,0.0,952.8082342912523,988.2059684119608,0.0,-876.9672083970397,959.7056472418908,506.2835854883971,0.0,0.0,-242.41659107710814,0.0,0.0,0.0,0.0,0.0,263.6779471923971,-998.6599775804445,977.3986214651557,-387.6835594851178,-1000.0,0.0,0.0,0.0,0.0,0.0,0.0,0.0,0.0,0.0,0.0,0.0,0.0,0.0,0.0,0.0,0.0,0.0,800.282244448362,0.0,822.137275501035,0.0,0.0,0.0,0.0,0.0,0.0,-12.112553198578553,0.0,0.0,0.0,0.0,0.0,0.0,0.0,545.0890061667725,-3.932647142395634,529.8307112039879,0.0,0.0,-1000.0,-466.43298050539227,0.0,-552.9543004515638,1000.0,0.0,-7.865294284791268,0.0,0.0,-238.3678061336492,-781.7708059985943,1000.0,47.19176570874761,-656.2499999995808,656.2499999995808,0.0,0.0,0.0,0.0,0.0,0.0,0.0,0.0,-22.964660258667095,0.0,0.0,0.0,0.0,0.0,257.26169614818593,0.0,0.0,-27.706810000558608,0.0,0.0,142.12932035133016,0.0,0.0,0.0,0.0,-72.61292052626644,0.3146117713914764,0.0,0.0,0.0,0.0,0.0,0.0,0.0,0.0,0.0,0.0,0.0,0.0,0.0,0.0,0.0,0.0,0.0,0.0,0.0,0.17303647426556348,0.17303647426556348,0.0,151.02562300409014,0.0,94.38353141749522,0.0,0.0,0.0,1000.0,0.0,0.0,0.0,0.0,0.0,1000.0,-1000.0,0.0,0.0,0.0,0.0,0.0,142.12932035133016,0.0,0.0,0.0,0.0,0.0,0.0,0.0,179.62997313189476,-952.8082342912523,0.0,0.0,12.112553198578553,0.0,605.0710786134443,-555.3983309023795,-555.3983309023795,0.0,1000.0,0.0,-72.61292052626644,1000.0,0.0,0.0,0.0,0.0,0.0,0.0,0.0,0.0,0.0,0.0,0.0,0.0,0.0,0.0,0.0,0.0,94.38353141749522,0.0,0.0,0.0,0.0,0.0,0.0,0.0,0.0,0.0,0.0,0.0,0.0,1.5730588569582538,0.0,0.0,0.0,0.0,0.0,0.0,0.0,0.0,47.19176570874761,0.0,0.0,0.0,0.0,0.0,0.0,0.0,0.0,0.0,0.0,0.0,452.07644279869317,0.0,47.19176570874761,47.19176570874761,994.6255548134407,-1000.0,0.0,142.12932035133016,0.0,0.0,0.0,0.0,0.0,-812.7343240247702,257.26169614818593,-616.0245576505007,0.15730588569582538,0.0,0.0,-329.1420940511773,500.9057924374575,49.6727477110649,0.0,-49.67274771106486,0.0,0.0,0.0,0.0,0.0,0.0,0.0,0.0,0.0,0.0,0.0,0.0,0.0,0.0,0.15730588569582538,0.0,0.0,0.0,0.0,0.0,0.0,0.0,0.0,0.0,0.0,-12.112553198578553,0.0,0.0,21.855031052673034,-11.797941427186904,-7.865294284791268,0.0,0.0,0.0,0.0,0.0,0.0,0.0,0.0,0.0,0.0,0.0,0.0,0.0,506.2835854883971,0.0,0.0,769.4974881511421,0.0,0.0,0.0,-0.15730588569582538,0.0,0.0,0.15730588569582538,0.0,0.15730588569582538,0.0,0.0,0.0,94.38353141749522,191.91318054890695,191.91318054890695,0.0,0.0,0.0,0.0,0.0,0.0,0.0,0.0,0.0,257.26169614818593,0.0,0.0,277.22198395080784,0.0,0.0,0.0,0.0,0.0,0.0,0.0,0.0,0.0,0.0,0.0,0.0,0.0,0.0,0.0,0.0,-70.7789531875278,70.7789531875278,0.23595882854373804,0.0,0.0,0.0,-47.19176570874761,0.0,0.0,0.0,0.0,0.0,-151.02562300409014,7.865294284791268,0.0,0.0,0.0,703.125,0.0,12.112553198578553,0.0,0.0,0.0,0.0,0.0,0.0,0.0,0.0,0.0,0.0,0.0,-586.6932684422782,151.02562300409014,0.0,14.288790525418829,49.6727477110649,0.0,0.0,0.0,0.0,0.0,-954.0560318566377,0.0,7.865294284791268,977.2436701028365,0.0,606.6193234204513,0.0,-27.706810000558608,0.0,0.0,948.9943089043747,-948.9943089043747,0.0,0.0,0.0,0.0,0.0,162.82356443127705,-186.41944728565085,191.91318054890695,0.0,0.0,0.0,0.0,0.0,0.0,0.0,0.0,0.0,0.0,0.0,0.0,0.0,-171.76369838628017,1000.0,0.0,47.19176570874761,0.0,0.0,0.0,0.0,653.6400668202734,0.0,0.0,0.17303647426556348,0.0,0.0,0.0,95.95659027445348,0.0,0.0,0.0,0.0,-25.421154817518826,0.0,0.0,0.0,0.0,0.0,0.0,0.0,0.0,-734.0387227975144,0.0,0.015730588569582538,0.015730588569582538,0.0,0.0,0.0,0.0,0.0,0.0,0.0,0.0,0.0,-329.1420940511773,0.0,0.0,0.0,0.0,0.0,151.02562300409014,0.0,0.0,0.0,0.0,0.0,0.0,0.0,615.0409587275738,0.0,0.0,0.0,0.0,0.0,620.9904371620167,1.3537270844485827,0.0,0.0,0.0,94.38353141749522,0.0,0.0,0.0,0.0,0.0,0.0,-94.38353141749522,0.0,0.0,0.0,0.0,0.0,0.0,0.0,0.0,0.0,0.0,0.0,0.0,616.0245576505007,-1000.0,384.9765156524482,952.8082342912523,-1000.0,0.0,-22.484254595455987,0.0,0.0,0.0,0.0,0.0,0.0,0.0,0.0,0.0,0.0,0.0,0.0,0.0,0.0,0.0,0.0,0.0,-19.663235711978174,0.0,-11.797941427186904,451.8434898092718,0.0,0.0,0.0,0.0,0.0,0.0,-1.966323571197817,27.706810000558608,0.0,0.0,0.0,0.0,0.0,0.0,0.0,1000.0,47.19176570874761,47.19176570874761,0.0,0.0,0.0,0.0,0.0,0.17303647426556348,151.02562300409014,0.0,0.0,22.484254595455987,0.0,0.0,0.0,0.0,0.0,0.0,0.0,0.0,0.0,0.0,0.0,0.0,0.0,0.0,35.3894765937639,0.0,0.0,8.99529898611064,0.0,165.17117998061664,0.0,0.0,12.112553198578553,0.0,0.0,0.0,151.02562300409014,0.0,-25.04309700277662,0.0,0.0,0.0,-19.663235711978174,0.0,0.0,0.0,0.0,0.0,0.0,0.0,0.0,0.0,0.0,0.0,0.0,0.0,0.0,0.0,0.0,0.0,0.0,-0.15730588569582538,0.0,0.0,7.865294284791268,-1000.0,0.0,0.0,0.0,0.0,0.0,0.0,0.0,0.0,-263.6779471923971,3.932647142395634,0.0,0.0,0.0,0.15730588569582538,0.0,157.30588569582537,-39.76952557959527,31.461177139165073,1.1236134692558954,456.874019063574,-0.11797941427186902,7.865294284791323,3.1461177139165075,-0.7865294284787794,-456.874019063574,47.19176570874761,-0.15730588569582538,0.0,142.12932035133016,0.039326471423956344,1.1236134692558954,0.0,-25.04309700277662,-3.1461177139165075,-336.91370595023227,-0.15730588569582538,0.039326471423956344,-456.874019063574,15.730588569582537,0.15730588569582538,0.15730588569582538,-150.69528064412876,0.1730364742654079,-22.940172815201436,-0.11797941427186902,47.19176570874761,0.15730588569582538,47.19176570874761,-78.65294284791268,-0.07865294284791269,-977.0598271847986,-15.887894455278362,-0.11797941427186902,-0.15730588569582538,-39.76952557959527,0.15730588569582538,15.730588569582551,-3.1461177139165075,0.0,0.0,-15.730588569582537,336.91370595023227,0.0,31.461177139165073,0.23595882854373804,-1000.0,15.730588569582537,-179.62997313189476,142.12932035133016,-31.461177139165073,0.07865294284791269,1.5730588569582538,219.24180209925993,182.4868001432552,-0.15730588569582538,-186.41944728565085,150.69528064412876,48.76482456570586,0.15730588569582538,25.04309700277662,-46.63774248366008,142.12932035133016,-0.15730588569582538,-0.039326471423956344,-142.12932035133016,-0.15730588569582538,-72.61292052626644,0.15730588569548432,-0.039326471423956344,-0.039326471423956344,-0.039326471423956344,62.92235427833015,78.65294284791268,1.5730588569582538,116.54399806489869,-0.039326471423956344,438.48360419851986,7.865294284791268,44.171754547924486,0.1573058856957914,0.07865294284791269,0.07865294284791269,86.79524874524762,39.76952557959527,0.1573058856957914,-39.76952557959527,1.5730588569582538,0.15730588569582538,-116.54399806489869,0.15730588569582538,0.6292235427829528,0.7865294284787794,0.07865294284791269,0.039326471423956344,47.19176570874761,-0.15730588569582538,22.940172815201436,1.5730588569582538,-233.08799612979738,3.932647142395581,-15.730588569582551,31.461177139165073,7.865294284791268,-0.15730588569582538,0.0,0.23595882854373804,-0.15730588569582538,-173.59049749049524,39.76952557959527,-409.633773073238,0.07865294284791269,-88.34350909584897,-0.15730588569582538,-0.15730588569548432,-0.15730588569582538,0.07865294284791269,456.874019063574,-31.461177139165073,0.15730588569582538,438.48360419851986,-0.039326471423956344,-0.1730364742654079,-438.48360419851986,23.595882854373805,15.887894455278362,-302.03667579003195,456.874019063574,-0.11797941427186902,186.41944728565085,-182.4868001432552,0.15730588569582538,-0.039326471423956344,7.865294284791268,157.30588569582537,-0.07865294284791269,-0.15730588569582538,0.039326471423956344,1000.0,0.0,999.921347057152,0.0,-1000.0,0.0,962.4988005391887,46.196287637187,0.0,-1000.0,-58.169264591562865,-45.749967664583906,0.0,500.0,500.0,29.084632295781432,0.0,-23.0981438185935,-151.02562300409014,-244.00629374703547,0.0,45.749967664583906,-244.00629374703547,-962.4988005391887,496.7029772266331,0.0,1496.5981,bhi
324,0.0,0.0,0.0,0.0,0.0,0.0,0.0,0.0,-0.20491577925889393,0.0,0.0,0.0,0.0,0.0,0.0,0.0,-533.030218195318,1000.0,0.0,-208.07138897631506,0.0,0.0,0.0,425.9170274336759,0.0,0.0,0.0,0.0,0.0,-976.7864574729545,0.0,0.0,607.6355582817133,0.0,0.0,0.0,0.0,-31.119368047929015,0.0,-1000.0,-149.8037013870105,0.0,0.0,-852.051884345561,0.0,0.0,0.40983155851778785,0.0,808.8265508053578,0.0,0.0,-553.3948501693881,0.0,0.22540735718457286,0.0,0.0,0.0,40.98315585177879,0.0,0.0,-18.04624962673425,0.0,18.04624962673425,0.0,0.0,0.0,0.0,0.0,0.0,0.0,0.0,2.04915779258894,0.0,0.0,0.0,0.0,0.0,0.0,0.0,0.0,0.0,0.0,0.0,0.0,122.94946755533638,0.0,0.0,-735.8680972870534,0.0,165.57530733599248,-0.05122894481472349,0.0,0.0,-684.8858528282112,61.47473377766819,0.0,61.47473377766819,0.0,0.0,0.0,0.0,826.247870056911,-976.7864574729545,0.0,0.0,-387.8358029966652,0.0,0.0,0.0,0.0,0.0,0.0,0.0,0.0,0.0,0.0,0.0,0.0,0.0,0.0,0.0,0.0,0.0,0.0,-904.8358155846026,0.0,0.0,61.47473377766819,0.0,63.52389157025713,16.84946776939421,0.0,-1000.0,1000.0,0.0,0.0,0.0,0.0,0.0,0.0,0.0,0.0,0.0,0.0,0.0,15.778515002934824,0.20491577925889393,0.0,0.0,0.0,0.0,-53.43780551160891,0.0,0.0,0.0,0.0,1000.0,0.0,0.0,0.0,0.0,0.0,999.7950842207412,999.7950842207412,0.0,0.0,0.0,0.0,-907.3173580347316,0.0,0.0,1000.0,0.0,0.0,0.0,1000.0,-147.62327013697313,0.0,0.0,0.0,0.0,0.0,0.0,0.0,0.0,0.0,-4.768215426280683,0.0,0.0,0.0,0.0,-523.658569019028,0.0,0.0,0.0,0.0,0.0,0.0,553.3948501693881,-165.57530733599248,165.57530733599248,0.0,0.0,0.0,0.0,0.0,0.0,0.0,0.0,-1000.0,0.0,0.0,0.0,0.0,0.0,0.0,0.0,0.0,0.0,0.0,0.0,0.0,0.0,0.0,-53.12350842233982,147.59527469352656,0.0,0.0,0.0,0.0,400.6773042333691,0.0,0.0,0.0,0.0,-18.04624962673425,999.6471590390876,0.0,0.0,0.0,0.0,0.0,0.0,0.0,0.0,6.598288092139114,0.0,0.0,0.0,-575.9484040396947,-410.3730967037021,460.7779963516999,0.0,-147.59527469352656,0.0,0.0,0.0,553.1815630819169,0.0,0.0,0.0,-20.652095286309418,0.0,0.0,-445.663675294029,-445.66367529402896,0.0,0.0,0.0,445.66367529402896,-165.57530733599248,0.0,0.0,0.0,0.0,204.73665543773348,0.0,0.0,0.0,-1000.0,0.0,1000.0,0.0,1000.0,0.0,0.0,-1000.0,0.0,0.0,0.0,-18.04624962673425,-0.3073736688883409,0.0,0.0,0.0,0.0,0.20491577925889393,0.0,0.0,0.0,54.90824291585159,-533.030218195318,0.0,-413.9248284714575,-873.9143379041836,147.62327013697313,-88.32896760934233,0.0,-281.68540042249145,0.0,-387.8358029966652,0.0,0.0,0.0,-17.643248594190556,482.2132743384236,-182.88462532174157,-1000.0,-1000.0,0.0,0.0,0.0,0.0,0.0,0.0,0.0,0.0,0.0,0.0,0.0,0.0,0.0,0.0,0.0,0.0,0.0,55.44452181882529,0.0,85.74422674971834,0.0,0.0,0.0,0.0,0.0,0.0,-22.37680309507394,0.0,0.0,0.0,0.0,816.0020810939662,517.7867256615764,0.0,-221.87317202661558,191.3452987557067,-1000.0,0.0,-921.4008965832992,906.9655285496408,-1000.0,0.0,-196.3736574833123,0.0,-196.46819323717904,911.1551076203544,372.4141530130822,0.0,662.4182571925985,0.0,0.0,61.47473377766819,0.0,0.0,0.0,172.71225608390512,0.0,0.0,0.0,0.0,0.0,0.0,141.65926131949226,0.0,0.0,0.0,0.0,0.0,0.0,0.0,0.0,-36.0924992534685,0.0,0.0,0.0,0.0,0.0,0.0,0.0,-168.03604771161702,0.4098315585177427,0.0,0.0,0.0,0.0,0.0,0.0,0.0,0.0,0.0,0.0,0.0,0.0,0.0,0.0,0.0,0.0,0.0,0.0,0.0,0.22540735718457286,0.22540735718457286,0.0,68.95925445571196,0.0,122.94946755533638,0.0,0.0,0.0,1000.0,0.0,0.0,0.0,0.0,0.0,356.3710119290105,-1000.0,0.0,0.0,209.5900039698164,0.0,0.0,0.0,0.0,0.0,0.0,0.0,0.0,0.0,0.0,301.6119385282009,-54.90824291585159,53.43780551160891,0.0,15.778515002934824,0.0,-85.56315706158034,-599.3226957666309,-1000.0,0.0,356.3710119290105,0.0,892.604318375588,-704.2693541581946,0.0,0.0,0.0,0.0,0.0,0.0,0.0,0.0,0.0,0.0,0.0,0.0,0.0,0.0,0.0,0.0,122.94946755533638,0.0,0.0,0.0,0.0,0.0,0.0,0.0,0.0,0.0,0.0,0.0,0.0,2.04915779258894,0.0,0.0,0.0,0.0,0.0,553.3948501693881,0.0,0.0,61.47473377766819,-209.5900039698164,0.0,0.0,0.0,0.0,0.0,0.0,0.0,0.0,0.0,1000.0,417.9640437513982,0.0,61.47473377766819,61.47473377766819,1000.0,-1000.0,0.0,0.0,0.0,0.0,0.0,0.0,0.0,976.7864574729545,0.0,1000.0,0.20491577925889393,0.0,0.0,0.0,203.2226891165439,0.0,0.0,684.8858528282112,0.0,0.0,0.0,0.0,0.0,0.0,0.0,0.0,0.0,0.0,0.0,0.0,0.0,0.0,0.20491577925889393,0.0,0.0,0.0,0.0,0.0,0.0,0.0,0.0,0.0,0.0,0.0,0.0,0.0,7.922901835819111,-15.368683444417048,-10.245788962944697,0.0,0.0,0.0,0.0,0.0,0.0,0.0,0.0,0.0,0.0,0.0,0.0,0.0,147.62327013697313,0.0,0.0,672.6640461555432,0.0,0.0,0.0,-0.20491577925889393,0.0,0.0,0.20491577925889393,0.0,0.20491577925889393,0.0,0.0,0.0,122.94946755533638,249.99725069585065,249.99725069585065,0.0,0.0,0.0,0.0,0.0,0.0,0.0,53.43780551160891,0.0,0.0,0.0,0.0,0.0,0.0,0.0,0.0,0.0,0.0,0.0,0.0,0.0,0.0,0.0,0.0,0.0,0.0,0.0,400.6773042333691,0.0,0.0,0.0,0.3073736688883409,0.0,0.0,0.0,-61.47473377766819,0.0,0.0,0.0,0.0,0.0,-68.95925445571196,10.245788962944697,0.0,0.0,0.0,0.0,907.3173580347316,0.0,0.0,0.0,0.0,0.0,0.0,0.0,0.0,0.0,0.0,0.0,209.5900039698164,-982.7132604819709,68.95925445571196,0.0,25.614472407361745,-387.8358029966652,22.37680309507394,-22.37680309507394,0.0,0.0,0.0,303.18431238606615,0.0,10.245788962944697,965.4889105044763,0.0,795.6135137108796,0.0,-36.0924992534685,0.0,0.0,0.0,0.0,0.0,0.0,0.0,0.0,0.0,89.09615332640965,-115.06530478896302,249.99725069585065,0.0,-753.1692618466533,-753.1692618466534,753.1692618466533,0.0,0.0,0.0,0.0,0.0,6.598288092139114,0.0,0.0,0.0,-203.2226891165439,658.4853307371526,0.0,61.47473377766819,0.0,0.0,0.0,0.0,34.62270753584315,0.0,0.0,0.22540735718457286,0.0,0.0,0.0,124.99862534792533,0.0,0.0,0.0,0.0,-53.12350842233982,0.0,0.0,0.0,0.0,0.0,0.0,0.0,0.0,-1000.0,0.0,781.6930520138271,0.020491577925889393,0.0,0.0,0.0,0.0,0.0,0.0,0.0,0.0,0.0,0.0,0.0,0.0,0.0,0.0,0.0,68.95925445571196,0.0,0.0,0.0,0.0,0.0,0.0,0.0,0.0,0.0,0.0,0.0,0.0,88.08957560779494,0.0,1000.0,0.0,0.0,0.0,122.94946755533638,0.0,0.0,0.0,0.0,0.0,0.0,-122.94946755533638,0.0,0.0,0.0,0.0,0.0,0.0,0.0,0.0,0.0,0.0,0.0,0.0,-1000.0,-1000.0,140.36730879234239,605.8076974715967,-667.282431249265,0.0,-31.119368047929015,0.0,0.0,0.0,0.0,0.0,0.0,0.0,0.0,0.0,0.0,0.0,0.0,0.0,0.0,0.0,0.0,0.0,-25.614472407361745,0.0,-831.3707645383832,99.69662134454603,0.0,0.0,0.0,0.0,0.0,0.0,-2.561447240736175,36.0924992534685,0.0,0.0,0.0,0.0,0.0,0.0,0.0,1000.0,61.47473377766819,61.47473377766819,0.0,0.0,0.0,0.0,0.0,0.22540735718457286,68.95925445571196,0.0,0.0,31.119368047929015,781.6725604359012,0.0,0.0,0.0,0.0,0.0,0.0,0.0,0.0,0.0,0.0,0.0,0.0,0.0,0.0,0.0,0.0,16.84946776939421,0.0,215.16156822183868,15.778515002934824,0.0,0.0,0.0,0.0,0.0,68.95925445571196,0.0,-10.245788962944697,0.0,0.0,0.0,-25.614472407361745,0.0,0.0,0.0,0.0,0.0,0.0,0.0,0.0,0.0,0.0,0.0,0.0,0.0,0.0,0.0,0.0,0.0,0.0,-0.20491577925889393,0.0,0.0,10.245788962944697,-356.3710119290105,0.0,0.0,0.0,0.0,0.0,0.0,0.0,0.0,17.643248594190556,5.122894481472349,0.0,0.0,0.0,0.20491577925889393,0.0,204.91577925889393,-46.67442380086292,40.98315585177879,1.463684137563528,605.4139596711026,-0.15368683444417044,418.24682950992786,4.098315585177878,-1.0245788962948592,-605.4139596711026,61.474733777668185,-0.20491577925889395,129.2786009988884,0.0,0.05122894481472349,1.463684137563528,-387.8358029966652,-32.62259205801864,-4.098315585177879,-258.8983928283669,-0.20491577925889395,0.05122894481472349,-605.4139596711026,20.491577925889395,0.20491577925889395,0.20491577925889393,-68.52893131926848,0.22540735718478935,0.0,-0.15368683444417044,61.47473377766819,0.20491577925889395,61.47473377766819,-102.45788962944698,-0.10245788962944698,-224.32839400666955,-421.3737979385174,-0.15368683444417044,-0.20491577925889395,-46.67442380086292,0.20491577925889393,20.491577925889395,-4.098315585177878,400.6773042333691,400.6773042333691,-20.491577925889395,258.8983928283669,-400.6773042333691,40.98315585177879,0.3073736688883409,421.58135790677795,20.491577925889395,-301.6119385282009,0.0,-40.98315585177879,0.10245788962944698,2.04915779258894,103.48120711786437,109.94241030749075,-0.20491577925889393,-115.06530478896302,68.52893131926848,63.52389157025713,0.20491577925889395,32.62259205801864,-245.8989351106728,0.0,-0.20491577925889393,-0.05122894481472349,0.0,-0.20491577925889395,-168.03604771161702,0.2049157792588634,-0.05122894481472349,-0.05122894481472349,-0.05122894481472349,81.96631170355758,102.45788962944698,2.04915779258894,255.91003771417735,-0.05122894481472349,77.68381323684034,10.245788962944697,94.26381281875321,0.20491577925889393,0.10245788962944698,0.10245788962944698,20.491577925889395,46.67442380086292,0.20491577925889393,-46.67442380086292,2.04915779258894,0.20491577925889395,-464.0961572256582,0.20491577925889395,0.819663117035876,1.0245788962948592,0.10245788962944698,0.05122894481472349,61.47473377766819,-0.20491577925889395,0.0,2.0491577925889395,-511.8200754283547,413.12393502845555,-20.491577925889395,40.98315585177879,10.245788962944697,-0.20491577925889395,387.8358029966652,0.3073736688883409,-0.20491577925889395,-40.98315585177879,46.67442380086292,331.8355966291755,0.10245788962944698,-188.52762563750642,-0.20491577925889395,-0.2049157792588634,-0.20491577925889395,0.10245788962944698,605.4139596711026,-40.98315585177879,0.20491577925889393,206.96241423572874,-0.05122894481472349,-0.22540735718478935,-206.96241423572874,30.73736688883409,421.3737979385174,-971.1182902401633,605.4139596711026,-0.15368683444417044,115.06530478896302,-109.94241030749075,0.20491577925889395,-0.051228944814723495,10.245788962944697,204.91577925889393,-0.10245788962944698,-0.20491577925889395,0.05122894481472349,1000.0,0.0,-421.6838157964074,208.18611951148085,-985.7020916491648,0.0,488.2174776456712,-1000.0,0.0,1000.0,32.481129741489056,-13.159822747531628,0.0,-500.0,492.8510458245824,-16.240564870744528,0.0,500.0,-68.95925445571196,-366.45830416501866,0.0,13.159822747531628,-366.45830416501866,-488.2174776456712,356.8124174152273,0.0,1496.5981,bhi
325,0.0,0.0,0.0,0.0,0.0,0.0,0.0,0.0,-0.22420056790155884,0.0,0.0,0.0,0.0,0.0,0.0,0.0,63.90124665914618,383.43807545213014,0.0,0.0,0.0,0.0,0.0,140.4423305277225,0.0,0.0,0.0,0.0,0.0,-76.13662393331822,0.0,0.0,307.5430273680189,0.0,0.0,0.0,0.0,967.9542654946042,0.0,-1000.0,114.48505094611517,0.0,0.0,0.0,0.0,0.0,0.0,0.0,1000.0,0.0,0.0,0.0,0.0,0.24662062469178636,0.0,0.0,0.0,44.840113580311765,0.0,0.0,-19.744596679864117,0.0,-371.9469172224232,-391.69151390228734,0.0,0.0,0.0,0.0,0.0,0.0,0.0,2.2420056790155884,0.0,0.0,0.0,0.0,0.0,0.0,0.0,0.0,0.0,0.0,0.0,0.0,134.5203407409353,0.0,0.0,166.8857259329406,-275.8129741774727,492.36532369666224,-0.05605014197538971,0.0,0.0,0.0,67.26017037046765,0.0,67.26017037046763,-7.219258286430886,0.0,0.0,0.0,11.210028395077941,-76.13662393331819,0.0,0.0,-311.6017676214309,0.0,0.0,0.0,0.0,0.0,0.0,0.0,0.0,0.0,0.0,0.0,0.0,0.0,0.0,0.0,0.0,0.0,0.0,-1000.0,0.0,0.0,67.26017037046763,0.0,69.50217604948324,9.104315605521535,0.0,0.0,949.1596832449032,-949.1596832449032,949.1596832449032,0.0,0.0,0.0,0.0,0.0,0.0,0.0,0.0,0.0,17.263443728420025,0.22420056790155884,0.0,0.0,0.0,0.0,-729.111637920118,0.0,0.0,0.0,0.0,1000.0,0.0,0.0,0.0,0.0,0.0,999.7757994320984,999.7757994320984,0.0,0.0,0.0,0.0,0.0,0.0,0.0,1000.0,0.0,0.0,0.0,283.06951856909626,-1000.0,0.0,0.0,0.0,0.0,0.0,0.0,0.0,0.0,0.0,-1000.0,0.0,0.0,0.0,0.0,-854.0484512643495,0.0,0.0,0.0,0.0,0.0,0.0,0.0,-216.55234951918953,216.55234951918953,0.0,0.0,0.0,0.0,0.0,0.0,0.0,0.0,-1000.0,0.0,0.0,0.0,0.0,0.0,0.0,0.0,0.0,0.0,0.0,0.0,0.0,0.0,0.0,-181.2081349192584,-987.764622725828,0.0,0.0,0.0,0.0,378.86633382424606,0.0,0.0,0.0,0.0,-19.744596679864117,-987.764622725828,0.0,0.0,889.5865584172409,0.0,0.0,0.0,0.0,0.0,0.0,0.0,0.0,0.0,0.0,-59.26062465828318,950.333376413751,0.0,987.764622725828,0.0,0.0,0.0,-556.2271188164683,0.0,0.0,0.0,-22.595680568344847,0.0,0.0,-1000.0,-1000.0,-727.9425106347035,-1000.0,1000.0,-727.9425106347035,-492.36532369666224,0.0,-1000.0,0.0,0.0,264.86188183214625,0.0,0.0,0.0,-660.7674588169108,0.0,660.7674588169108,0.0,1000.0,0.0,0.0,-38.9131185364684,0.0,0.0,0.0,-19.744596679864117,-0.3363008518523382,0.0,0.0,0.0,0.0,0.22420056790155884,0.0,0.0,0.0,407.92194706963585,63.90124665914618,0.0,-371.2718588098417,-405.6027720890171,1000.0,181.74522131658284,0.0,-491.37696722701355,0.0,-311.6017676214309,0.0,0.0,0.0,-19.303668896324282,792.6144746910579,-281.9338385677198,-1000.0,-1000.0,0.0,0.0,0.0,0.0,0.0,0.0,0.0,0.0,0.0,0.0,0.0,0.0,0.0,0.0,0.0,0.0,889.5865584172409,-31.148932233789765,0.0,-1000.0,0.0,0.0,0.0,0.0,0.0,0.0,-17.263443728420025,0.0,0.0,0.0,980.0477738882709,0.0,-1000.0,0.0,911.2040844513593,-621.1554888499066,207.38552530894208,0.0,498.72948811603203,0.0,-1000.0,0.0,-922.4141128464373,1000.0,615.5504746523677,-509.93951651110996,0.0,0.0,-145.73036913601322,0.0,0.0,67.26017037046763,0.0,0.0,0.0,1000.0,0.0,0.0,0.0,0.0,0.0,0.0,-1000.0,0.0,0.0,-0.4484011358031177,0.0,0.0,0.0,0.0,0.0,-39.48919335972823,0.0,0.0,0.0,0.0,0.0,0.0,0.0,-977.5799432098441,0.4484011358031239,0.0,0.0,0.0,0.0,0.0,0.0,0.0,0.0,0.0,0.0,0.0,0.0,0.0,0.0,0.0,0.0,0.0,0.0,0.0,0.24662062469178636,0.24662062469178636,0.0,0.0,0.0,134.5203407409353,0.0,0.0,0.0,1000.0,0.0,0.0,0.0,0.0,0.0,560.5429421578475,-1000.0,0.0,0.0,231.90287992571513,0.0,0.0,0.0,0.0,0.0,0.0,0.0,0.0,0.0,0.0,333.3333333333333,-407.92194706963585,729.111637920118,0.0,17.263443728420025,0.0,0.0,0.0,-378.86633382424606,0.0,560.5429421578475,0.0,-652.0710199157218,235.03401886372512,0.0,0.0,0.0,0.0,0.0,0.0,0.0,0.0,0.0,0.0,0.0,0.0,0.0,0.0,0.0,0.0,134.5203407409353,0.0,0.0,0.0,0.0,0.0,0.0,0.0,0.0,0.0,0.0,0.0,0.0,2.2420056790155884,0.0,0.0,0.0,0.0,0.0,0.0,0.0,0.0,67.26017037046763,-231.90287992571513,0.0,0.0,0.0,0.0,0.0,0.0,0.0,0.0,0.0,2.765230153790185,-38.44574637952638,0.0,67.26017037046765,67.26017037046765,911.6311295546946,-1000.0,0.0,0.0,0.0,0.0,0.0,0.0,0.0,86.92993864010964,0.0,112.32812630722401,0.22420056790155884,0.0,0.0,259.67161614447963,0.0,661.9194353350013,0.0,0.0,0.0,0.0,0.0,0.0,0.0,0.0,0.0,0.0,0.0,0.0,0.0,0.0,0.0,0.0,0.22420056790155884,0.0,0.0,0.0,0.0,0.0,0.0,0.0,0.0,0.0,0.0,-17.263443728420025,0.0,0.0,-968.8510677662102,-16.815042592616912,0.0,-11.21002839507787,0.0,0.0,0.0,0.0,0.0,0.0,0.0,0.0,0.0,0.0,0.0,0.0,1000.0,0.0,0.0,-134.5203407409353,0.0,0.0,0.0,-0.22420056790155884,0.0,0.0,0.22420056790155884,0.0,0.22420056790155884,0.0,0.0,0.0,134.5203407409353,273.5246928399018,273.5246928399018,0.0,0.0,0.0,0.0,0.0,0.0,0.0,729.111637920118,0.0,0.0,0.0,0.0,0.0,0.0,0.0,0.0,0.0,0.0,0.0,0.0,0.0,0.0,0.0,0.0,0.0,0.0,0.0,378.86633382424606,0.0,-298.89873529809483,298.89873529809483,0.3363008518523382,0.0,0.0,0.0,-67.26017037046763,0.0,0.0,0.0,0.0,0.0,0.0,11.210028395077941,0.0,0.0,0.0,0.0,0.0,309.7449151775024,-11.21002839507787,0.0,0.0,0.0,0.0,0.0,0.0,0.0,0.0,0.0,231.90287992571513,-414.54685004998225,0.0,0.0,-60.343799457610665,350.31766771357036,0.0,292.48147144908233,0.0,-292.48147144908233,0.0,-829.7518116563701,0.0,11.210028395077927,1000.0,0.0,0.0,0.0,-39.48919335972823,0.0,0.0,1000.0,-1000.0,0.0,0.0,0.0,0.0,0.0,1000.0,-33.63008518523385,273.5246928399018,0.0,0.0,0.0,0.0,0.0,0.0,0.0,0.0,0.0,0.0,0.0,0.0,16.815042592616912,-259.67161614447963,1000.0,0.0,67.26017037046763,0.0,0.0,0.0,0.0,-55.92460503061402,0.0,0.0,0.24662062469178636,0.0,0.0,0.0,136.7623464199509,0.0,0.0,0.0,0.0,-181.2081349192584,0.0,0.0,0.0,0.0,0.0,0.0,0.0,0.0,0.0,0.0,0.02242005679015513,0.02242005679015513,0.0,0.0,0.0,0.0,0.0,0.0,0.0,0.0,0.0,259.67161614447963,0.0,0.0,0.0,0.0,0.0,0.0,0.0,0.0,0.0,0.0,0.0,0.0,0.0,0.0,0.0,0.0,0.0,0.0,0.0,127.80249331829236,383.43807545213014,0.0,0.0,0.0,134.5203407409353,0.0,0.0,0.0,0.0,0.0,169.94494828696344,-304.46528902789873,0.0,0.0,0.0,0.0,0.0,0.0,0.0,0.0,0.0,0.0,0.0,0.0,-112.32812630722401,-989.2066852932086,153.5773890125679,0.0,-67.26017037046763,0.0,967.9542654946042,0.0,0.0,0.0,0.0,0.0,0.0,0.0,0.0,0.0,0.0,0.0,0.0,0.0,0.0,0.0,0.0,0.0,-28.025070987694782,0.0,-16.815042592616912,16.815042592617033,0.0,0.0,0.0,0.0,0.0,0.0,-2.802507098769486,39.48919335972823,0.0,0.0,0.0,0.0,0.0,0.0,0.0,1000.0,67.26017037046765,67.26017037046765,0.0,0.0,0.0,0.0,0.0,0.24662062469178636,0.0,0.0,0.0,-967.9542654946042,0.0,0.0,0.0,0.0,0.0,0.0,0.0,0.0,0.0,0.0,0.0,0.0,0.0,0.0,149.44936764904742,0.0,0.0,9.104315605521535,0.0,235.41059629663675,17.263443728420025,0.0,0.0,0.0,0.0,0.0,0.0,0.0,-316.96417346393326,0.0,0.0,0.0,-28.025070987694782,0.0,0.0,0.0,0.0,0.0,0.0,0.0,0.0,0.0,0.0,0.0,0.0,0.0,0.0,0.0,0.0,0.0,0.0,-0.22420056790155884,0.0,0.0,11.210028395077941,-560.5429421578475,0.0,0.0,0.0,0.0,0.0,0.0,0.0,0.0,19.303668896324282,5.605014197538971,0.0,0.0,0.0,0.22420056790155884,0.0,224.20056790155883,-60.39786044396169,44.840113580311765,1.6014326278682773,643.7282156563923,-0.16815042592616913,11.21002839507787,4.484011358031177,-1.1210028395075824,-643.7282156563923,67.26017037046765,-0.22420056790155884,103.8672558738103,0.0,0.05605014197538971,1.6014326278682773,-311.6017676214309,-35.6927304099288,-4.484011358031177,-447.3393221112763,-0.22420056790155884,0.05605014197538971,-643.7282156563923,418.10161730673286,0.22420056790155884,0.22420056790155884,0.4708211925933452,0.24662062469171397,0.0,-0.16815042592616913,67.26017037046765,0.22420056790155884,67.26017037046763,-112.10028395077941,-0.11210028395077942,-376.7964647571382,-401.51059118230353,-0.1681504259261691,-0.22420056790155884,-60.39786044396169,0.22420056790155884,22.420056790155883,-4.484011358031177,378.86633382424606,378.86633382424606,-22.42005679015591,447.3393221112763,-378.86633382424606,44.840113580311765,0.3363008518523382,-1000.0,22.420056790155883,-333.3333333333333,0.0,-44.840113580311765,0.11210028395077942,2.2420056790155884,92.81796470246043,44.840113580311765,-0.22420056790155884,-50.445127777850765,-0.4708211925933452,69.50217604948324,0.22420056790155884,35.6927304099288,-664.7222419984477,0.0,-0.22420056790155884,-0.05605014197538971,0.0,-0.22420056790155884,-977.5799432098441,0.22420056790172266,-0.05605014197538971,-0.05605014197538971,-0.05605014197538971,89.68022716062353,112.10028395077941,2.2420056790155884,444.0697304960439,-0.05605014197538971,81.76867353111057,11.210028395077941,500.0,0.22420056790155884,0.11210028395077942,0.11210028395077942,22.420056790155883,60.39786044396169,0.22420056790155884,-60.39786044396169,2.2420056790155884,0.22420056790155884,-1000.0,0.22420056790155884,0.8968022716060204,1.1210028395075824,0.11210028395077942,0.05605014197538971,67.26017037046765,-0.22420056790155884,0.0,2.2420056790155884,-888.1394609920878,5.605014197539042,-22.420056790155883,44.840113580311765,11.210028395077941,-0.22420056790155884,311.6017676214309,0.33630085185233827,-0.22420056790155884,-44.840113580311765,60.39786044396169,432.4324762146407,0.11210028395077942,-1000.0,-0.22420056790155884,-0.22420056790172266,-0.22420056790155884,0.11210028395077942,643.7282156563923,-44.840113580311765,0.22420056790155884,185.63592940492086,-0.05605014197538971,-0.24662062469171397,-185.63592940492086,33.630085185233824,401.51059118230353,-24.59549492502768,643.7282156563923,-0.1681504259261691,50.445127777850765,-44.840113580311765,0.22420056790155884,-0.05605014197538971,991.2578022833487,224.20056790155883,-0.11210028395077942,-0.22420056790155884,0.05605014197538971,0.0,0.0,999.8878997160492,555.9302695039561,-1000.0,0.0,945.5763590229844,37.81980779492694,395.68156051657695,-699.8053415168067,-395.1577812938821,744.615323797417,0.0,349.90267075840336,500.0,197.57889064694106,-395.68156051657695,-18.90990389746347,0.0,-376.50787118402667,0.0,-744.615323797417,-376.50787118402667,-945.5763590229844,793.9392721156381,0.0,1496.5981,bhi
326,0.0,0.0,0.0,0.0,0.0,0.0,0.0,0.0,246.59391342124854,0.0,0.0,0.0,0.0,0.0,0.0,0.0,0.0,0.0,0.0,17.684283939155648,0.0,0.0,0.0,121.0412777853654,0.0,0.0,0.0,0.0,0.0,-979.7424705605604,0.0,0.0,569.2824565109552,0.0,0.0,0.0,0.0,-61.44278059054818,0.0,-1000.0,44.75251743881931,0.0,0.0,0.0,0.0,0.0,0.0,0.0,651.9120713723361,0.0,0.0,332.8964819513037,0.0,0.19670397866701705,0.0,0.0,0.0,35.764359757727554,0.0,0.0,-15.748239746652947,0.0,276.8640660056939,261.115826259041,0.0,0.0,0.0,0.0,727.9017752785028,-727.9017752785028,0.0,1.7882179878863778,0.0,0.0,0.0,0.0,0.0,0.0,0.0,0.0,0.0,0.0,0.0,0.0,107.29307927318267,0.0,0.0,0.0,-301.3313054818767,706.1619561758457,-0.04470544969715944,0.0,0.0,0.0,53.646539636591335,0.0,121.10347876759528,-5.758061920994237,0.0,0.0,0.0,995.5294550302841,-979.7424705605604,0.0,0.0,-426.7655817358165,0.0,0.0,0.0,0.0,0.0,0.0,0.0,0.0,0.0,0.0,0.0,0.0,0.0,0.0,0.0,0.0,0.0,0.0,-443.6629449466993,0.0,0.0,121.10347876759528,0.0,55.434757624477704,55.434757624477704,0.0,-287.75688229727507,0.0,287.75688229727507,-287.75688229727507,-729.1673439194511,0.0,0.0,729.1673439194511,0.0,0.0,0.0,0.0,0.0,13.769278506725106,0.17882179878863774,0.0,0.0,0.0,0.0,-928.8340115355682,0.0,0.0,35.88318481702511,0.0,1000.0,0.0,0.0,0.0,0.0,0.0,647.2018175395864,647.2018175395864,0.0,0.0,0.0,-671.875,0.0,0.0,0.0,647.380639338375,0.0,0.0,0.0,67.8766574084014,-518.8507564651923,0.0,0.0,0.0,0.0,0.0,0.0,0.0,0.0,0.0,0.0,0.0,0.0,0.0,0.0,-1000.0,0.0,0.0,0.0,0.0,0.0,0.0,-332.8964819513037,301.3313054818767,-301.3313054818767,0.0,0.0,0.0,0.0,0.0,0.0,0.0,0.0,-22.35272484857972,0.0,0.0,0.0,0.0,0.0,0.0,0.0,0.0,0.0,0.0,0.0,0.0,0.0,0.0,765.6887833424855,660.726881139528,0.0,0.0,0.0,0.0,158.36328614867742,0.0,0.0,0.0,0.0,-15.748239746652947,660.726881139528,0.0,0.0,272.9780107076349,0.0,0.0,0.0,0.0,0.0,0.0,0.0,67.45693913100394,0.0,234.54803557657226,-368.11457538718116,620.3468949029091,0.0,-660.726881139528,0.0,0.0,0.0,0.0,0.0,0.0,0.0,-18.02225695458162,0.0,0.0,-1000.0,0.0,0.0,-345.3511244678299,-654.6488755321701,654.6488755321701,0.0,0.0,0.0,0.0,0.0,451.4190477205774,0.0,0.0,0.0,-895.4710152986885,0.0,895.4710152986885,0.0,1000.0,0.0,0.0,-290.7550204357188,-671.875,0.0,0.0,-15.748239746652947,-0.26823269818295664,0.0,0.0,0.0,0.0,0.17882179878863774,0.0,0.0,0.0,720.5332350837273,0.0,0.0,-284.51038782387775,-400.28870798161205,518.8507564651923,137.95160835972706,0.0,0.0,0.0,-426.7655817358165,0.0,0.0,0.0,862.1105109540817,-862.1105109540817,0.0,-1000.0,-1000.0,0.0,0.0,0.0,0.0,0.0,0.0,0.0,0.0,0.0,0.0,0.0,0.0,0.0,0.0,0.0,0.0,272.9780107076349,-1000.0,0.0,-939.272506604607,0.0,0.0,0.0,287.3927074002846,0.0,0.0,-13.769278506725106,0.0,0.0,0.0,0.0,986.5883650908522,0.0,953.1249999999992,-1000.0,0.0,134.20873567557902,1000.0,-8.941089939431889,-274.07228325916856,-844.2183366395153,-953.1249999999992,354.06837381499975,0.0,-4.470544969715944,0.0,0.0,0.0,-116.23416921261456,786.4825843481632,0.0,121.10347876759528,0.0,0.0,0.0,0.0,0.0,246.7727352200372,0.0,0.0,0.0,0.0,-364.34552642509584,0.0,0.0,-352.97700425920226,0.0,0.0,0.0,0.0,0.0,-31.4964794933059,0.0,0.0,27.90438784668753,0.0,0.0,0.0,0.0,-284.2487069606779,0.35764359757739494,0.0,0.0,0.0,0.0,0.0,0.0,0.0,0.0,0.0,0.0,0.0,0.0,0.0,0.0,0.0,0.0,0.0,0.0,0.0,0.19670397866701705,0.19670397866701705,0.0,42.26863067388426,0.0,107.29307927318267,0.0,0.0,0.0,394.1804487841152,0.0,297.19507824612356,0.0,0.0,0.0,115.60656948024024,-394.1804487841152,0.0,0.0,0.0,0.0,0.0,27.90438784668753,0.0,0.0,0.0,0.0,0.0,0.0,0.0,147.88764831556645,-720.5332350837273,928.8340115355682,0.0,13.769278506725106,0.0,-604.2845528093745,604.2845528093745,445.92126666069714,0.0,115.60656948024024,0.0,0.0,-168.64213748043767,-906.2500000000537,906.2500000000537,0.0,0.0,0.0,0.0,0.0,0.0,0.0,0.0,0.0,0.0,0.0,0.0,0.0,0.0,107.29307927318267,0.0,0.0,0.0,0.0,0.0,0.0,0.0,0.0,0.0,0.0,0.0,0.0,1.7882179878863778,0.0,0.0,0.0,0.0,0.0,-332.8964819513037,0.0,0.0,121.10347876759528,0.0,0.0,0.0,0.0,0.0,0.0,0.0,0.0,0.0,0.0,139.28110126180644,0.0,0.0,53.646539636591335,53.646539636591335,1000.0,-394.1804487841152,0.0,27.90438784668753,0.0,0.0,0.0,0.0,0.0,979.7424705605604,0.0,1000.0,0.17882179878863774,0.0,0.0,0.0,14.420700773740858,0.0,0.0,0.0,0.0,0.0,0.0,0.0,0.0,0.0,0.0,0.0,0.0,0.0,0.0,0.0,0.0,0.0,0.17882179878863774,0.0,0.0,0.0,0.0,0.0,0.0,0.0,0.0,0.0,-298.231148573942,770.3358963254054,-35.88318481702511,0.0,-425.14653286279554,-13.41163490914783,0.0,-8.941089939431889,0.0,0.0,0.0,0.0,0.0,0.0,0.0,0.0,0.0,0.0,0.0,0.0,518.8507564651923,0.0,0.0,-107.29307927318267,0.0,0.0,0.0,246.59391342124854,0.0,0.0,0.17882179878863774,0.0,0.17882179878863774,0.0,0.0,0.0,107.29307927318267,218.16259452213808,218.16259452213808,0.0,0.0,0.0,0.0,0.0,0.0,0.0,928.8340115355682,0.0,0.0,0.0,0.0,0.0,877.5070678297832,0.0,0.0,0.0,0.0,0.0,0.0,0.0,0.0,0.0,0.0,0.0,0.0,0.0,158.36328614867742,0.0,0.0,0.0,0.26823269818295664,0.0,0.0,0.0,-121.10347876759528,0.0,0.0,0.0,0.0,0.0,-42.26863067388426,8.941089939431889,0.0,0.0,0.0,671.875,0.0,-770.3358963254054,-8.941089939431889,0.0,0.0,0.0,0.0,0.0,0.0,0.0,0.0,0.0,0.0,-278.9346793374585,42.26863067388426,0.0,1000.0,-426.7655817358165,485.87402625818856,-485.87402625818856,0.0,0.0,35.88318481702511,-218.16259452213808,0.0,8.941089939431889,713.8724275067977,0.0,0.0,0.0,-31.4964794933059,0.0,0.0,0.0,0.0,0.0,0.0,0.0,0.0,0.0,55.68026558303209,-82.50353540132784,218.16259452213808,0.0,0.0,0.0,0.0,0.0,0.0,0.0,0.0,0.0,0.0,0.0,0.0,0.0,-14.420700773740858,1000.0,0.0,53.646539636591335,0.0,0.0,0.0,0.0,-56.66209499697419,0.0,0.0,0.19670397866701705,0.0,0.0,0.0,109.08129726106904,0.0,0.0,0.0,0.0,765.6887833424855,0.0,0.0,0.0,0.0,0.0,0.0,0.0,0.0,0.0,0.0,0.01788217987886429,0.01788217987886429,0.0,0.0,0.0,0.0,0.0,0.0,0.0,0.0,0.0,0.0,0.0,0.0,0.0,0.0,0.0,42.26863067388426,0.0,0.0,0.0,0.0,0.0,0.0,0.0,0.0,0.0,0.0,0.0,0.0,336.69987336018806,0.0,0.0,0.0,0.0,0.0,107.29307927318267,0.0,0.0,0.0,0.0,0.0,892.7069207268173,-1000.0,0.0,0.0,0.0,0.0,0.0,0.0,0.0,0.0,0.0,0.0,0.0,0.0,-1000.0,-1000.0,1000.0,0.0,-121.10347876759528,0.0,-61.44278059054818,0.0,0.0,0.0,0.0,0.0,0.0,0.0,0.0,0.0,0.0,0.0,0.0,0.0,0.0,0.0,0.0,0.0,-22.35272484857972,0.0,-1000.0,946.598968321963,0.0,0.0,0.0,0.0,0.0,0.0,-2.235272484857972,67.37966431033101,0.0,0.0,0.0,0.0,0.0,0.0,0.0,1000.0,53.646539636591335,53.646539636591335,0.0,0.0,0.0,0.0,0.0,0.19670397866701705,42.26863067388426,0.0,0.0,61.44278059054818,0.0,0.0,0.0,0.0,0.0,0.0,0.0,0.0,0.0,0.0,0.0,0.0,0.0,0.0,0.0,0.0,0.0,55.434757624477704,0.0,187.76288872806967,13.769278506725106,0.0,0.0,0.0,0.0,0.0,42.26863067388426,0.0,764.5778344044112,0.0,0.0,0.0,-22.35272484857972,0.0,0.0,0.0,0.0,0.0,0.0,0.0,0.0,0.0,0.0,0.0,0.0,0.0,0.0,0.0,0.0,0.0,0.0,-0.17882179878863774,0.0,0.0,8.941089939431889,-115.60656948024024,0.0,0.0,0.0,0.0,0.0,0.0,0.0,0.0,-862.1105109540817,4.470544969715944,0.0,0.0,0.0,0.17882179878863774,0.0,178.82179878863775,0.0,35.764359757727554,1.277298562775984,609.7823338692548,-0.13411634909147832,645.9316261850003,3.5764359757727555,-0.8941089939437938,-609.7823338692548,53.646539636591335,-0.17882179878863777,142.25519391193887,27.90438784668753,0.04470544969715944,1.277298562775984,-426.76558173581657,-28.468430367151257,-3.5764359757727555,-17.684283939155648,-0.17882179878863777,0.04470544969715944,-609.7823338692548,17.882179878863777,0.17882179878863777,0.17882179878863774,-41.8931048964286,0.19670397866750206,0.0,-0.13411634909147832,53.646539636591335,0.17882179878863777,121.10347876759528,-21.953960263314954,-0.08941089939431889,-146.46883652836698,-176.42428782632982,-0.13411634909147832,-0.17882179878863777,0.0,0.17882179878863774,17.882179878863777,-3.5764359757727555,158.36328614867742,158.36328614867742,-17.882179878863777,17.684283939155648,-158.36328614867742,35.764359757727554,0.26823269818295664,-1000.0,17.882179878863777,-147.88764831556645,27.90438784668753,-35.764359757727554,0.08941089939431889,1.7882179878863778,71.12759695596944,78.03299043161181,-0.17882179878863774,-82.50353540132784,41.8931048964286,55.434757624477704,0.17882179878863777,28.468430367151257,-254.13870983068173,27.90438784668753,-0.17882179878863774,-0.04470544969715944,-27.90438784668753,-0.17882179878863758,-284.2487069606779,0.17882179878863777,-0.04470544969715944,-0.04470544969715944,-0.04470544969715944,71.52871951545511,21.953960263314954,1.7882179878863778,368.15744412807453,-0.04470544969715944,0.0,8.941089939431889,151.06544341977084,0.17882179878863774,0.08941089939431889,0.08941089939431889,31.834373802207544,0.0,0.17882179878863774,0.0,1.7882179878863778,0.17882179878863777,-839.5031320291649,0.17882179878863777,0.715287195155156,0.8941089939437938,0.08941089939431889,0.04470544969715944,53.646539636591335,-0.17882179878863777,0.0,1.7882179878863778,-736.3148882561491,641.4610812152844,-17.882179878863777,35.764359757727554,8.941089939431889,-0.17882179878863777,426.76558173581657,0.26823269818295664,-0.17882179878863777,-63.66874760441509,0.0,438.468277609294,0.08941089939431889,-302.1308868395417,-0.17882179878863777,-0.17882179878863777,-0.17882179878863777,0.08941089939431889,609.7823338692548,-35.764359757727554,0.17882179878863774,142.25519391193887,-0.04470544969715944,-0.19670397866750206,-142.25519391193887,26.82326981829566,176.42428782632982,709.6811661806845,609.7823338692548,-0.13411634909147832,82.50353540132784,-78.03299043161181,0.17882179878863777,-0.044705449697159436,8.941089939431889,178.82179878863775,-0.08941089939431889,-0.17882179878863777,0.04470544969715944,0.0,0.0,293.74863292476,471.3456879010904,-1000.0,0.0,-134.4125811040642,-1000.0,0.0,1000.0,755.3467484031848,-106.93034822215941,-706.1619561758457,-500.0,500.0,-377.6733742015924,0.0,500.0,-42.26863067388426,-381.8061826123198,706.1619561758457,106.93034822215941,-381.8061826123198,134.4125811040642,50.921974423876875,0.0,1496.5981,bhi
327,0.0,0.0,0.0,0.0,0.0,0.0,0.0,0.0,-0.15317806648297105,0.0,0.0,0.0,0.0,0.0,0.0,0.0,0.0,333.34755597169857,0.0,0.0,0.0,0.0,0.0,500.52784118705034,0.0,0.0,0.0,0.0,0.0,-765.7070596128328,116.77619898618065,-116.77619898618065,297.4377478653366,0.0,0.0,0.0,0.0,999.3872877340685,0.0,-1000.0,151.36184317706875,0.0,0.0,541.8802155363767,0.0,0.0,0.0,0.0,0.0,-394.95543718278213,0.0,0.0,0.0,0.16849587313131303,0.0,0.0,0.0,30.63561329659421,0.0,0.0,-52.41528138366064,0.0,0.0,-52.41528138366064,0.0,0.0,0.0,0.0,0.0,0.0,0.0,1.5317806648297105,0.0,0.0,0.0,0.0,0.0,0.0,0.0,0.0,0.0,0.0,592.1679167774035,0.0,91.90683988978265,0.0,0.0,-236.99962786814342,220.1614915003945,350.1856923394475,-0.03829451662074276,0.0,0.0,0.0,45.953419944891316,0.0,45.95341994489132,-153.94518410565342,0.0,0.0,592.1679167774035,85.3364684198283,-765.7070596128328,0.0,0.0,-203.36843773094543,890.7008724034457,0.0,0.0,0.0,0.0,0.0,0.0,0.0,0.0,0.0,0.0,0.0,0.0,0.0,0.0,0.0,0.0,0.0,-349.7240059382789,0.0,0.0,45.95341994489132,0.0,47.485200609721026,0.0,0.0,0.0,-56.07819994737622,56.07819994737621,-56.07819994737621,0.0,446.985383635877,-446.985383635877,0.0,0.0,0.0,0.0,0.0,0.0,-580.3732056582148,0.15317806648297105,0.0,0.0,0.0,0.0,-890.7008724034457,0.0,0.0,0.0,0.0,1000.0,0.0,0.0,0.0,0.0,0.0,435.4810582074352,435.4810582074352,0.0,0.0,0.0,0.0,0.0,0.0,0.0,552.4104352600989,0.0,0.0,0.0,440.18130554334743,-1000.0,0.0,0.0,0.0,0.0,0.0,0.0,0.0,0.0,0.0,-241.17537256566916,0.0,0.0,0.0,0.0,-1000.0,0.0,0.0,0.0,0.0,0.0,394.95543718278213,0.0,-570.347183839842,570.347183839842,0.0,0.0,0.0,0.0,0.0,0.0,0.0,0.0,-1000.0,0.0,0.0,0.0,0.0,0.0,0.0,0.0,0.0,0.0,0.0,0.0,0.0,0.0,0.0,-63.34570765166296,765.7070596128328,0.0,0.0,0.0,0.0,85.21331012597182,0.0,0.0,0.0,0.0,-52.41528138366064,223.82684407645615,116.77619898618065,0.0,0.0,0.0,0.0,0.0,0.0,0.0,589.965152379669,0.0,0.0,0.0,209.49132465976345,1000.0,-807.3468117079855,0.0,-765.7070596128328,0.0,0.0,0.0,186.87724110922468,0.0,0.0,0.0,162.5772226266522,0.0,0.0,-408.5394343840998,0.0,0.0,-408.5394343840999,0.0,0.0,-350.1856923394475,0.0,0.0,394.95543718278213,0.0,342.1534953615174,0.0,0.0,0.0,-28.97349091986399,0.0,28.97349091986399,0.0,552.1040791271329,0.0,0.0,-227.45425520152787,0.0,0.0,0.0,-52.41528138366064,-0.2297670997244566,0.0,0.0,0.0,0.0,0.15317806648297105,0.0,0.0,0.0,278.8681175494679,0.0,0.0,-717.1895427453409,145.0838465907298,1000.0,197.31526312196007,0.0,623.3616035379466,0.0,-203.36843773094543,0.0,0.0,0.0,-13.188631524183851,-610.1729720137628,0.0,-1000.0,-1000.0,0.0,0.0,0.0,0.0,0.0,0.0,0.0,0.0,0.0,0.0,0.0,0.0,0.0,0.0,0.0,0.0,0.0,0.0,0.0,-1000.0,0.0,0.0,622.2018037583894,0.0,503.0964231218477,0.0,107.18425226472641,0.0,0.0,0.0,0.0,77.67756509567974,0.0,0.0,234.88251655916338,0.0,610.1729720137628,-1000.0,0.0,0.0,-206.2542665193205,0.0,-281.3802024311518,38.530839106324265,-3.8294516620742765,-7.658903324148554,0.0,0.0,-355.8352537027124,1000.0,256.26951048878124,45.95341994489132,0.0,0.0,0.0,0.0,0.0,0.0,0.0,0.0,0.0,0.0,452.38944878037057,0.0,0.0,0.0,0.0,0.0,0.0,0.0,0.0,-104.83056276732128,0.0,0.0,0.0,0.0,0.0,0.0,0.0,-109.29912759655429,0.3063561329656586,0.0,0.0,0.0,0.0,0.0,0.0,0.0,0.0,0.0,0.0,0.0,0.0,0.0,0.0,0.0,0.0,0.0,0.0,0.0,0.16849587313131303,0.16849587313131303,116.77619898618065,134.5945778509413,0.0,91.90683988978265,0.0,0.0,0.0,1000.0,0.0,0.0,0.0,0.0,0.0,1000.0,-1000.0,0.0,0.0,0.0,0.0,0.0,0.0,0.0,0.0,0.0,0.0,0.0,0.0,0.0,116.57466864609296,-278.8681175494679,0.0,0.0,11.79471111918877,0.0,0.0,0.0,-85.21331012597182,0.0,1000.0,0.0,890.7008724034457,0.0,0.0,0.0,0.0,0.0,0.0,0.0,0.0,0.0,0.0,0.0,0.0,0.0,0.0,0.0,0.0,0.0,91.90683988978263,0.0,0.0,0.0,0.0,0.0,0.0,0.0,0.0,0.0,0.0,0.0,0.0,1.5317806648297105,0.0,116.77619898618065,0.0,0.0,116.77619898618065,0.0,0.0,0.0,45.95341994489132,0.0,0.0,0.0,0.0,0.0,0.0,0.0,0.0,0.0,0.0,819.8054440637187,0.0,0.0,45.953419944891316,45.953419944891316,547.9806415593966,-1000.0,0.0,0.0,0.0,0.0,0.0,0.0,0.0,765.7070596128328,0.0,1000.0,0.15317806648297105,0.0,0.0,-797.7064806283106,1000.0,0.0,0.0,0.0,0.0,0.0,0.0,0.0,0.0,0.0,0.0,0.0,0.0,0.0,0.0,0.0,0.0,0.0,0.15317806648297105,0.0,0.0,0.0,-984.5343215835709,984.5343215835709,0.0,0.0,0.0,0.0,0.0,1000.0,0.0,-270.6139439768842,-1000.0,-11.48835498622283,-7.658903324148553,0.0,0.0,0.0,0.0,0.0,0.0,0.0,0.0,0.0,0.0,0.0,0.0,0.0,1000.0,0.0,0.0,-91.90683988978265,0.0,0.0,0.0,-0.15317806648297105,0.0,0.0,0.15317806648297105,0.0,0.15317806648297105,0.0,0.0,0.0,91.90683988978265,186.87724110922468,186.87724110922468,0.0,0.0,0.0,0.0,0.0,0.0,0.0,0.0,0.0,0.0,0.0,0.0,0.0,0.0,0.0,0.0,0.0,0.0,0.0,0.0,0.0,0.0,0.0,0.0,0.0,0.0,0.0,85.21331012597182,0.0,0.0,0.0,0.22976709972445658,0.0,0.0,0.0,-45.95341994489132,0.0,0.0,0.0,0.0,0.0,-134.5945778509413,7.658903324148554,0.0,0.0,0.0,0.0,0.0,162.08295677293,0.0,0.0,0.0,0.0,0.0,0.0,0.0,0.0,0.0,0.0,0.0,851.3683329239276,134.5945778509413,0.0,-432.87210013023196,-203.36843773094543,0.0,269.2672090376564,270.6139439768842,-539.8811530145406,0.0,0.0,0.0,7.658903324148553,404.6581268072856,0.0,0.0,-116.77619898618065,-104.83056276732128,0.0,0.0,0.0,0.0,0.0,0.0,0.0,0.0,0.0,387.25830540283334,-169.0596428096098,186.87724110922468,0.0,500.00000000000006,500.00000000000006,-383.22380101381935,0.0,0.0,0.0,0.0,0.0,589.965152379669,0.0,0.0,0.0,-202.2935193716894,0.0,0.0,45.95341994489132,0.0,0.0,0.0,0.0,143.97192666187203,0.0,0.0,0.16849587313131303,0.0,0.0,0.0,93.43862055461234,0.0,0.0,0.0,0.0,-63.34570765166296,0.0,890.7008724034457,0.0,0.0,0.0,0.0,0.0,0.0,0.0,0.0,399.56238720232335,0.015317806648297107,0.0,0.0,0.0,0.0,0.0,0.0,0.0,0.0,0.0,-797.7064806283106,116.77619898618065,0.0,0.0,0.0,0.0,134.5945778509413,0.0,0.0,0.0,0.0,0.0,0.0,0.0,394.95543718278213,0.0,0.0,0.0,0.0,0.0,0.0,333.34755597169857,0.0,0.0,0.0,91.90683988978265,0.0,0.0,0.0,0.0,0.0,0.0,-91.90683988978265,0.0,0.0,0.0,0.0,0.0,0.0,0.0,0.0,0.0,116.77619898618065,116.77619898618065,0.0,-1000.0,-1000.0,104.92697554083519,0.0,-45.95341994489132,0.0,999.3872877340685,0.0,0.0,0.0,0.0,0.0,0.0,0.0,0.0,0.0,0.0,0.0,0.0,0.0,0.0,0.0,0.0,0.0,-19.147258310371384,0.0,-89.16592008190257,157.57128782338697,0.0,0.0,0.0,0.0,0.0,-463.7725336691178,461.8578078380807,104.83056276732128,0.0,0.0,0.0,0.0,0.0,0.0,0.0,1000.0,45.953419944891316,45.953419944891316,0.0,0.0,0.0,0.0,0.0,0.16849587313131303,134.5945778509413,0.0,0.0,-999.3872877340685,399.54706939567507,0.0,0.0,0.0,0.0,0.0,0.0,0.0,0.0,0.0,0.0,0.0,0.0,0.0,0.0,0.0,0.0,0.0,0.0,160.8369698071196,11.79471111918877,0.0,0.0,0.0,0.0,0.0,134.5945778509413,0.0,298.5147595556574,0.0,0.0,0.0,-19.147258310371384,0.0,0.0,0.0,0.0,0.0,0.0,0.0,0.0,0.0,0.0,0.0,0.0,0.0,0.0,0.0,0.0,0.0,0.0,-0.15317806648297105,0.0,0.0,7.658903324148554,-1000.0,0.0,0.0,0.0,0.0,0.0,0.0,0.0,0.0,13.188631524183851,3.8294516620742765,0.0,0.0,0.0,0.15317806648297105,0.0,153.17806648297105,-47.485200609721026,30.63561329659421,1.0941290463069362,427.3668054874892,-0.11488354986222829,46.49768587198844,3.0635613296594215,-0.7658903324144148,-427.3668054874892,45.953419944891316,-0.15317806648297105,67.78947924364847,0.0,0.03829451662074276,1.0941290463069362,-203.3684377309454,-24.38594818408967,113.71263765652128,-333.34755597169857,-0.15317806648297105,0.03829451662074276,-427.3668054874892,15.317806648297106,0.15317806648297105,0.15317806648297105,-134.272903911327,0.1684958731312548,0.0,-0.11488354986222829,45.953419944891316,0.15317806648297105,45.95341994489132,-76.58903324148552,-0.07658903324148553,-593.2631245381092,-100.68429484075189,-0.11488354986222829,-0.15317806648297105,-47.485200609721026,0.15317806648297105,15.317806648297106,-3.0635613296594215,85.21331012597182,85.21331012597182,-15.317806648297106,333.34755597169857,-85.21331012597182,30.63561329659421,0.22976709972445658,-1000.0,15.317806648297106,-116.57466864609296,0.0,-30.63561329659421,0.07658903324148553,1.5317806648297105,179.29738568633522,165.23019114753552,-0.15317806648297105,-169.0596428096098,134.272903911327,47.485200609721026,0.15317806648297105,24.38594818408967,-183.8136797795653,0.0,-0.15317806648297105,-0.03829451662074276,0.0,-0.15317806648297105,-1000.0,0.1531780664830279,-0.03829451662074276,-0.03829451662074276,-0.03829451662074276,61.27122659318842,76.58903324148552,1.5317806648297105,183.7181002955523,-0.03829451662074276,290.80529212902195,7.658903324148553,62.3084671224257,0.15317806648297105,0.07658903324148553,0.07658903324148553,15.317806648297106,47.48520060972102,0.15317806648297105,-47.485200609721026,1.5317806648297105,0.15317806648297105,-324.18270087551184,0.15317806648297105,0.6127122659314514,0.7658903324144148,0.07658903324148553,0.03829451662074276,45.953419944891316,-0.15317806648297105,0.0,-56.85631882826064,-367.4362005911046,42.66823420991415,-15.317806648297106,30.63561329659421,7.658903324148553,-0.15317806648297105,203.3684377309454,0.22976709972445658,-0.15317806648297105,-30.63561329659421,47.48520060972102,59.9297403049672,0.07658903324148553,-124.6169342448514,-0.15317806648297105,-0.1531780664830279,-0.15317806648297105,0.07658903324148553,427.3668054874892,-30.63561329659421,0.15317806648297105,358.59477137267044,-0.03829451662074276,-0.1684958731312548,-358.59477137267044,22.976709972445658,100.68429484075189,186.77893446378198,427.3668054874892,-0.11488354986222829,169.0596428096098,-165.23019114753552,0.15317806648297105,-0.03829451662074276,7.658903324148553,153.17806648297105,-0.07658903324148553,-0.15317806648297105,0.03829451662074276,318.56820562015855,0.0,999.9234109667585,140.46460057995955,-1000.0,0.0,412.1093286788055,-504.1914208655557,0.0,-156.35528930366834,-279.6566243460194,402.23648683363774,0.0,78.17764465183417,500.0,139.8283121730097,0.0,252.09571043277785,-134.5945778509413,-203.90166696683923,0.0,-402.23648683363774,-203.90166696683923,-412.1093286788055,290.30260090503685,0.0,1496.5981,bhi
328,0.0,0.0,0.0,0.0,0.0,0.0,0.0,0.0,433.7591542895467,0.0,0.0,0.0,0.0,0.0,0.0,0.0,223.25188260286257,435.2668118419837,0.0,-474.9691047885539,0.0,0.0,0.0,287.7954593766365,0.0,0.0,0.0,0.0,0.0,657.6174877213962,94.55283333440993,-94.55283333440993,833.9240831387925,0.0,0.0,0.0,0.0,999.3033652982496,0.0,-1000.0,-122.93262530397712,0.0,0.0,225.5523552770721,0.0,0.0,0.0,0.0,0.0,0.0,0.0,106.42172560133085,0.0,0.19157454298155907,0.0,0.0,0.0,0.0,0.0,0.0,-34.27223204303522,0.0,72.02109129895723,0.0,251.6953417505646,0.0,0.0,0.0,620.8657313671551,0.0,0.0,1.741586754376244,0.0,0.0,0.0,0.0,0.0,0.0,0.0,0.0,0.0,0.0,0.0,0.0,104.49520526257463,0.0,0.0,-87.67164071589491,0.0,-194.09336631722576,-0.04353966885940609,0.0,0.0,180.4185947225801,52.247602631287315,0.0,52.247602631287315,-100.1607426834988,0.0,0.0,0.0,8.707933771881219,657.6174877213962,0.0,0.0,-407.2159907824026,0.0,448.35443070190604,0.0,0.0,0.0,0.0,0.0,0.0,0.0,0.0,0.0,0.0,0.0,0.0,0.0,0.0,0.0,0.0,-712.1568840575864,0.0,0.0,52.247602631287315,0.0,53.989189385663565,0.0,0.0,0.0,0.0,0.0,0.0,-37.74885925592202,552.5856810689526,-552.5856810689526,0.0,0.0,0.0,0.0,0.0,0.0,13.410218008697068,0.17415867543762437,0.0,0.0,0.0,0.0,-119.43606294182894,0.0,0.0,0.0,0.0,1000.0,0.0,0.0,0.0,0.0,0.0,152.375858686697,152.375858686697,0.0,0.0,0.0,0.0,0.0,0.0,0.0,247.10285069654458,0.0,0.0,0.0,0.0,-477.19938629947234,0.0,0.0,0.0,0.0,0.0,0.0,0.0,0.0,0.0,-910.7089539468957,0.0,0.0,0.0,0.0,-1000.0,0.0,0.0,0.0,0.0,0.0,0.0,-106.42172560133085,194.09336631722576,-194.09336631722576,37.74885925592202,0.0,0.0,0.0,0.0,0.0,0.0,0.0,-827.6604440145743,0.0,0.0,0.0,0.0,0.0,0.0,0.0,0.0,0.0,0.0,0.0,0.0,0.0,442.6304187431174,-279.93752406401927,-774.4476447229279,0.0,0.0,0.0,0.0,109.98371324532368,0.0,0.0,0.0,0.0,-34.27223204303522,-1000.0,94.55283333440993,0.0,0.0,0.0,0.0,0.0,0.0,0.0,0.0,34.831735087524876,0.0,0.0,28.89727827248035,-165.1960880447454,0.0,0.0,774.4476447229279,0.0,0.0,37.74885925592202,0.0,0.0,0.0,0.0,-45.894050480563806,0.0,0.0,-1000.0,-929.7835852095432,70.21641479045688,-70.21641479045688,0.0,1000.0,194.09336631722576,0.0,348.4844396878814,0.0,0.0,338.1701319697264,0.0,0.0,0.0,0.0,0.0,0.0,0.0,1000.0,0.0,0.0,64.44779886640913,0.0,0.0,0.0,-34.27223204303522,-0.2612380131564366,0.0,0.0,0.0,0.0,0.17415867543762437,0.0,0.0,0.0,800.0198248674669,223.25188260286257,0.0,-425.0354934860694,-218.09280894989257,477.19938629947234,-70.6850226726898,0.0,0.0,0.0,-407.2159907824026,0.0,0.0,0.0,-14.99506195517963,0.0,14.99506195517963,-1000.0,-1000.0,0.0,0.0,0.0,0.0,0.0,0.0,0.0,0.0,0.0,0.0,0.0,0.0,0.0,0.0,0.0,0.0,0.0,0.0,0.0,-1000.0,0.0,0.0,0.0,0.0,0.0,0.0,81.14261532571285,0.0,0.0,0.0,0.0,0.0,0.0,0.0,-8.707933771881219,0.0,-620.8657313671551,-499.13876380423153,-204.72802551644264,384.5183825413617,-634.0181009733026,0.0,0.0,-545.8627249999421,-4.3539668859406095,196.02009174456143,0.0,0.0,1000.0,310.26006920640316,-257.70844880468246,52.247602631287315,-859.343750000012,859.343750000012,0.0,262.1243101125376,0.0,433.93331296498434,0.0,-442.6304187431174,442.6304187431174,442.6304187431174,622.8036943979414,0.0,0.0,-753.2454666543307,0.0,0.0,0.0,0.0,0.0,-106.29332334199246,0.0,218.749999999995,0.0,0.0,0.0,0.0,0.0,-451.62118963713556,0.34831735087505566,0.0,0.0,0.0,0.0,0.0,0.0,0.0,0.0,0.0,0.0,0.0,0.0,0.0,0.0,0.0,0.0,0.0,0.0,0.0,0.19157454298155907,0.19157454298155907,94.55283333440993,0.0,0.0,104.49520526257463,0.0,0.0,0.0,1000.0,0.0,0.0,0.0,0.0,0.0,1000.0,-1000.0,0.0,0.0,860.8969646735978,0.0,0.0,0.0,0.0,0.0,0.0,0.0,0.0,0.0,0.0,237.38562801919545,-800.0198248674669,119.43606294182894,0.0,13.410218008697068,0.0,180.4185947225801,0.0,-147.7325725012457,0.0,1000.0,0.0,-451.62118963713556,1000.0,0.0,0.0,442.6304187431174,0.0,0.0,0.0,0.0,0.0,0.0,0.0,0.0,0.0,0.0,0.0,0.0,0.0,104.49520526257463,37.74885925592202,37.74885925592202,0.0,0.0,0.0,0.0,0.0,0.0,0.0,0.0,0.0,0.0,1.741586754376244,0.0,94.55283333440993,0.0,0.0,94.55283333440993,-106.42172560133085,0.0,0.0,52.247602631287315,-860.8969646735978,0.0,0.0,0.0,0.0,0.0,0.0,0.0,0.0,0.0,0.0,268.31302832683315,0.0,52.247602631287315,52.247602631287315,1000.0,-1000.0,0.0,0.0,0.0,0.0,0.0,0.0,0.0,400.27454916162,0.0,448.3455830851541,0.17415867543762437,0.0,0.0,0.0,230.00141072615983,471.1132912111227,0.0,-180.4185947225801,0.0,0.0,0.0,0.0,0.0,0.0,0.0,0.0,0.0,0.0,0.0,0.0,0.0,0.0,0.17415867543762437,0.0,0.0,0.0,0.0,0.0,0.0,0.0,0.0,0.0,0.0,81.14261532571285,0.0,0.0,-1000.0,-13.061900657821829,-8.707933771881219,0.0,0.0,0.0,0.0,0.0,0.0,0.0,0.0,0.0,0.0,0.0,0.0,37.74885925592202,477.19938629947234,0.0,0.0,750.9994849671988,0.0,0.0,0.0,433.7591542895467,0.0,0.0,0.17415867543762437,0.0,0.17415867543762437,0.0,620.8657313671551,0.0,104.49520526257463,212.47358403390177,212.47358403390177,0.0,0.0,0.0,0.0,0.0,0.0,0.0,119.43606294182894,0.0,0.0,0.0,0.0,0.0,0.0,0.0,0.0,0.0,0.0,0.0,0.0,0.0,0.0,0.0,0.0,0.0,0.0,0.0,147.7325725012457,0.0,0.0,0.0,0.2612380131564366,0.0,0.0,0.0,-52.247602631287315,0.0,0.0,0.0,0.0,0.0,0.0,8.707933771881219,0.0,0.0,0.0,0.0,0.0,-81.14261532571285,0.0,0.0,218.749999999995,0.0,0.0,0.0,0.0,0.0,37.74885925592202,0.0,860.8969646735978,393.9422444633846,-442.6304187431174,0.0,194.1093904151287,63.89730042872009,0.0,0.0,0.0,0.0,0.0,-212.47358403390177,0.0,8.707933771881219,1000.0,0.0,310.1266773744623,-94.55283333440993,-106.29332334199246,0.0,0.0,0.0,0.0,0.0,0.0,0.0,0.0,0.0,884.5851526312518,0.0,212.47358403390177,0.0,546.875,546.875,-452.3221666655901,0.0,0.0,0.0,0.0,0.0,0.0,0.0,0.0,39.185701973465484,-230.00141072615983,-158.59205409066948,0.0,52.247602631287315,0.0,0.0,0.0,0.0,-40.856801722450754,0.0,0.0,0.19157454298155907,0.0,0.0,0.0,106.23679201695089,0.0,0.0,0.0,0.0,-279.93752406401927,0.0,0.0,0.0,0.0,0.0,0.0,0.0,0.0,141.06009604746515,0.0,0.01741586754376244,0.01741586754376244,0.0,0.0,0.0,0.0,0.0,0.0,0.0,0.0,0.0,0.0,94.55283333440993,0.0,0.0,0.0,0.0,0.0,0.0,0.0,0.0,0.0,0.0,0.0,0.0,0.0,0.0,0.0,0.0,0.0,0.0,213.5973745037217,435.2668118419837,0.0,0.0,0.0,104.49520526257463,0.0,0.0,0.0,0.0,0.0,0.0,-104.49520526257463,0.0,0.0,0.0,0.0,0.0,0.0,0.0,0.0,0.0,94.55283333440993,94.55283333440993,0.0,-515.5204654687266,57.89203688301615,119.2986926747727,0.0,-52.247602631287315,0.0,999.3033652982496,0.0,0.0,0.0,0.0,0.0,0.0,0.0,0.0,0.0,0.0,0.0,0.0,0.0,0.0,0.0,0.0,0.0,-21.769834429703046,37.74885925592202,-13.061900657821829,-13.06190065782182,0.0,0.0,0.0,0.0,0.0,0.0,-2.176983442970305,106.29332334199246,0.0,0.0,0.0,0.0,0.0,0.0,0.0,932.8251176164275,52.247602631287315,52.247602631287315,0.0,0.0,0.0,0.0,0.0,0.19157454298155907,0.0,0.0,0.0,-999.3033652982496,0.0,0.0,0.0,0.0,0.0,0.0,0.0,0.0,0.0,0.0,0.0,0.0,0.0,0.0,310.4328656835776,0.0,0.0,0.0,0.0,182.8666092095056,0.0,0.0,13.410218008697068,0.0,0.0,0.0,0.0,0.0,-27.72606112966716,0.0,0.0,0.0,-21.769834429703046,0.0,0.0,0.0,0.0,0.0,0.0,0.0,0.0,0.0,0.0,0.0,0.0,0.0,0.0,0.0,0.0,0.0,0.0,-0.17415867543762437,0.0,0.0,8.707933771881219,-1000.0,0.0,0.0,0.0,0.0,37.74885925592202,0.0,0.0,0.0,14.99506195517963,4.3539668859406095,0.0,0.0,0.0,0.17415867543762437,0.0,174.15867543762437,-53.989189385663565,34.831735087524876,1.2439905388401742,485.9027044709721,-0.1306190065782183,8.707933771881219,3.483173508752488,-0.8707933771880789,-485.9027044709721,52.247602631287315,-0.1741586754376244,135.7386635941342,0.0,0.0435396688594061,1.2439905388401742,-407.2159907824026,-27.72606112966716,91.06965982565742,-183.54958965629237,-0.1741586754376244,0.0435396688594061,-485.9027044709721,17.415867543762438,0.1741586754376244,0.17415867543762437,0.3657332184191835,0.19157454298138682,0.0,-0.1306190065782183,52.247602631287315,0.1741586754376244,52.247602631287315,-87.07933771881218,-0.0870793377188122,-185.56801843519474,-127.57373946452375,-0.1306190065782183,-0.1741586754376244,-53.989189385663565,0.17415867543762437,17.415867543762488,-3.483173508752488,147.7325725012457,147.7325725012457,-17.415867543762438,183.54958965629237,-147.7325725012457,34.831735087524876,0.2612380131564366,-1000.0,17.415867543762438,-237.38562801919545,0.0,-34.831735087524876,0.08707933771881218,1.741586754376244,106.25887337151735,-407.7986836555925,-0.17415867543762437,-39.185701973465484,-0.3657332184191835,53.989189385663565,0.1741586754376244,27.72606112966716,-208.99041052515008,0.0,-0.17415867543762437,-0.0435396688594061,0.0,-0.1741586754376244,-451.62118963713556,0.17415867543763852,-0.04353966885940609,-0.04353966885940609,-0.04353966885940609,69.66347017504975,87.07933771881218,1.741586754376244,129.02980866484813,-0.0435396688594061,76.7790831489005,8.707933771881219,234.518528590449,0.17415867543762437,0.08707933771881218,0.0870793377188122,17.415867543762438,53.989189385663565,0.17415867543762437,-53.989189385663565,1.741586754376244,0.1741586754376244,-129.02980866484813,0.1741586754376244,0.6966347017504404,0.8707933771880789,0.0870793377188122,0.0435396688594061,52.247602631287315,-0.1741586754376244,0.0,-45.53482991282871,-258.05961732969627,4.3539668859406095,-17.415867543762488,34.831735087524876,8.707933771881219,-0.1741586754376244,407.2159907824026,0.2612380131564366,-0.1741586754376244,-34.831735087524876,53.989189385663565,309.36687428070246,0.0870793377188122,-469.037057180898,-0.1741586754376244,-0.17415867543763852,-0.1741586754376244,0.0870793377188122,485.9027044709721,-34.831735087524876,0.17415867543762437,212.5177467430347,-0.04353966885940609,-0.19157454298138682,-212.5177467430347,26.123801315643654,127.57373946452375,-275.5792100796779,485.9027044709721,-0.1306190065782183,39.185701973465484,407.7986836555925,0.1741586754376244,-0.04353966885940609,8.707933771881219,174.15867543762437,-0.08707933771881218,-0.1741586754376244,0.0435396688594061,1000.0,0.0,999.9129206622812,0.0,-1000.0,0.0,589.4083225218144,-773.8756894372441,0.0,1000.0,-983.657040026724,-109.50506256082463,0.0,-500.0,500.0,491.828520013362,0.0,386.93784471862205,0.0,-268.5100725582517,0.0,109.50506256082463,-268.5100725582517,-589.4083225218144,390.491432751601,0.0,1496.5981,bhi
329,0.0,0.0,0.0,0.0,0.0,0.0,0.0,0.0,-0.14722101150802014,0.0,0.0,0.0,0.0,0.0,0.0,0.0,-87.36422607648986,349.4569043059594,0.0,0.0,0.0,0.0,0.0,337.5003542345372,0.0,0.0,0.0,0.0,0.0,0.0,0.0,0.0,0.0,0.0,0.0,0.0,0.0,196.63821431334406,0.0,-1000.0,581.5934693011445,0.0,0.0,0.0,0.0,0.0,0.2944420230160403,0.0,174.7284521529797,0.0,0.0,0.0,0.0,0.16194311265922928,0.0,0.0,0.0,0.0,0.0,0.0,94.26955631004861,0.0,-287.4218777331287,-514.8567815936472,0.0,0.0,0.0,0.0,724.9547990935305,-362.3404164943647,0.0,1.4722101150802016,0.0,0.0,0.0,0.0,0.0,0.0,0.0,235.02463400789256,0.0,0.0,329.65634085230585,0.0,88.3326069048121,0.0,0.0,0.0,0.0,619.6886480293681,-0.036805252877005035,0.0,0.0,-554.8124379497729,44.16630345240605,0.0,44.16630345240605,0.0,0.0,0.0,329.65634085230585,7.361050575401007,0.0,0.0,0.0,-237.34810056577246,0.0,0.0,0.0,0.0,0.0,0.0,0.0,0.0,0.0,0.0,0.0,0.0,0.0,0.0,0.0,0.0,0.0,0.0,-631.1271329376635,0.0,0.0,44.16630345240605,0.0,45.63851356748625,0.0,0.0,0.0,0.0,0.0,0.0,-525.2902874378765,0.0,0.0,203.5858272673094,0.0,0.0,0.0,0.0,0.0,-318.3203229661883,0.14722101150802014,0.0,0.0,0.0,0.0,-458.80544780809515,0.0,0.0,0.0,0.0,1000.0,0.0,0.0,0.0,0.0,0.0,999.852778988492,999.852778988492,0.0,0.0,0.0,0.0,0.0,0.0,0.0,1000.0,0.0,0.0,0.0,203.9976296082773,0.0,0.0,0.0,0.0,0.0,0.0,0.0,0.0,0.0,0.0,0.0,0.0,0.0,0.0,0.0,-1000.0,0.0,0.0,0.0,0.0,0.0,0.0,0.0,-174.7284521529797,174.7284521529797,321.704460170567,0.0,0.0,0.0,0.0,0.0,0.0,0.0,-1000.0,0.0,0.0,0.0,0.0,0.0,0.0,0.0,0.0,0.0,0.0,0.0,0.0,0.0,0.0,-424.8832321325045,-87.36422607648986,0.0,0.0,0.0,0.0,-92.32757981602828,0.0,0.0,0.0,0.0,94.26955631004861,-87.36422607648986,0.0,0.0,0.0,0.0,0.0,0.0,0.0,0.0,940.4049975123789,29.444202301604026,0.0,0.0,-0.13364181500517702,174.59481033797454,0.0,0.0,87.36422607648986,0.0,0.0,321.704460170567,-218.7777447137578,0.0,0.0,0.0,-122.07224433333943,0.0,0.0,-642.949460144315,0.0,0.0,-642.949460144315,0.0,0.0,-174.7284521529797,0.0,0.0,0.0,0.0,181.3697417528374,0.0,0.0,0.0,0.0,0.0,0.0,0.0,1000.0,0.0,0.0,0.0,0.0,0.0,0.0,94.26955631004861,-0.22083151726203018,0.0,0.0,0.0,0.0,0.14722101150802014,0.0,0.0,0.0,-213.9481813193238,-87.36422607648986,0.0,-689.4934889143443,-518.7713643141014,0.0,625.7597727535506,0.0,352.8375935668074,0.0,-237.34810056577246,0.0,0.0,0.0,765.0424269466656,-117.88002051347303,-1000.0,-312.30023698158016,-1000.0,0.0,0.0,0.0,0.0,0.0,0.0,0.0,0.0,0.0,0.0,0.0,0.0,0.0,0.0,0.0,0.0,0.0,-802.7729016406233,0.0,-1000.0,0.0,0.0,935.6644809418189,0.0,0.0,0.0,-622.0846745461906,0.0,0.0,0.0,0.0,0.0,0.0,0.0,-7.3610505754010065,-584.0342485872288,-607.0747785800575,-1000.0,-199.07935778493743,0.0,24.048751966944337,0.0,0.0,1000.0,580.3537232995284,191.71830720953642,0.0,0.0,-376.4881952221813,1000.0,0.0,44.16630345240605,0.0,0.0,0.0,0.0,0.0,0.0,0.0,0.0,0.0,0.0,-172.08932757723164,0.0,0.0,0.0,0.0,0.0,0.0,0.0,0.0,-133.1653475504698,0.0,0.0,0.0,0.0,0.0,0.0,0.0,-927.8549833930057,0.2944420230164001,0.0,0.0,0.0,0.0,0.0,0.0,0.0,0.0,0.0,362.6143825991657,0.0,0.0,0.0,0.0,0.0,0.0,0.0,0.0,0.0,0.16194311265922928,0.16194311265922928,0.0,248.0731537105492,0.0,88.3326069048121,0.0,0.0,0.0,1000.0,0.0,827.4201726365866,0.0,0.0,0.0,981.4128662042144,-1000.0,0.0,0.0,0.0,0.0,0.0,0.0,0.0,0.0,0.0,0.0,0.0,0.0,0.0,210.37571097922117,213.9481813193238,458.80544780809515,0.0,11.336017886117544,0.0,0.0,-554.8124379497729,-784.1893183043117,0.0,981.4128662042144,0.0,0.0,53.55788281120874,0.0,0.0,0.0,0.0,0.0,0.0,0.0,0.0,0.0,0.0,0.0,0.0,0.0,0.0,0.0,0.0,88.3326069048121,321.7044601705671,321.704460170567,0.0,0.0,0.0,0.0,0.0,0.0,0.0,0.0,0.0,0.0,1.4722101150802016,0.0,0.0,0.0,0.0,0.0,0.0,0.0,0.0,44.16630345240605,0.0,0.0,0.0,0.0,0.0,0.0,0.0,0.0,0.0,0.0,907.6724201839718,0.0,0.0,44.16630345240605,44.16630345240605,1000.0,-1000.0,0.0,0.0,0.0,0.0,0.0,0.0,0.0,-687.6997630184198,0.0,-563.7872560412302,0.14722101150802014,0.0,0.0,-385.37282428191196,579.7992015513253,453.1587822614608,0.0,554.8124379497729,0.0,0.0,0.0,0.0,0.0,0.0,0.0,0.0,0.0,0.0,0.0,0.0,0.0,0.0,0.14722101150802014,0.0,0.0,0.0,0.0,0.0,0.0,0.0,0.0,0.0,-312.5452186357632,626.1250250313915,0.0,0.0,-197.22709835937667,-11.041575863101512,-7.3610505754010065,0.0,0.0,0.0,0.0,0.0,0.0,0.0,0.0,0.0,0.0,0.0,0.0,321.7044601705671,0.0,0.0,0.0,-369.12714464678027,0.0,0.0,0.0,-0.14722101150802014,0.0,0.0,0.14722101150802014,0.0,0.14722101150802014,0.0,0.0,0.0,88.3326069048121,179.6096340397846,179.6096340397846,0.0,0.0,0.0,0.0,0.0,0.0,0.0,458.80544780809515,0.0,0.0,0.0,0.0,744.4890651877703,33.22909084973621,0.0,0.0,0.0,0.0,0.0,0.0,0.0,0.0,0.0,0.0,0.0,0.0,0.0,229.37688035453874,0.0,0.0,0.0,0.22083151726203018,0.0,0.0,0.0,-44.16630345240605,0.0,0.0,0.0,0.0,0.0,-248.0731537105492,7.361050575401007,0.0,0.0,0.0,0.0,0.0,0.0,0.0,0.0,0.0,0.0,0.0,0.0,0.0,0.0,321.7044601705671,0.0,0.0,1000.0,248.0731537105492,0.0,18.40262643850252,215.81068169568832,0.0,-309.5394559104274,0.0,309.5394559104274,0.0,-398.3873787535424,0.0,7.3610505754010065,427.81081667292915,0.0,0.0,0.0,-133.1653475504698,0.0,0.0,0.0,0.0,0.0,0.0,0.0,0.0,0.0,211.24026809939187,-233.323419825595,179.6096340397846,0.0,0.0,0.0,0.0,0.0,0.0,0.0,0.0,0.0,940.4049975123789,0.0,0.0,47.87446147425885,-557.0407598685788,14.177653709362858,0.0,44.16630345240605,0.0,0.0,0.0,0.0,71.7443247475884,0.0,0.0,0.16194311265922928,0.0,0.0,0.0,89.8048170198923,0.0,0.0,0.0,0.0,-424.8832321325045,0.0,0.0,0.0,0.0,0.0,0.0,0.0,0.0,0.0,0.0,415.044551485589,0.014722101150823619,0.0,0.0,0.0,0.0,0.0,0.0,0.0,0.0,0.0,-385.37282428191196,0.0,0.0,0.0,0.0,0.0,248.0731537105492,0.0,0.0,0.0,0.0,0.0,0.0,0.0,0.0,0.0,0.0,0.0,0.0,0.0,0.0,349.4569043059594,0.0,0.0,0.0,88.3326069048121,0.0,0.0,0.0,0.0,0.0,0.0,-88.3326069048121,0.0,0.0,0.0,0.0,0.0,0.0,0.0,0.0,0.0,0.0,0.0,0.0,563.7872560412302,-1000.0,878.5645489205003,0.0,-44.16630345240605,0.0,196.63821431334406,0.0,0.0,0.0,0.0,0.0,0.0,0.0,0.0,0.0,304.6875,0.0,-304.6875,-304.6875,0.0,0.0,0.0,0.0,-18.40262643850252,321.704460170567,-11.041575863101512,1000.0,0.0,0.0,0.0,0.0,0.0,-1.8402626438502518,0.0,133.1653475504698,0.0,0.0,0.0,0.0,0.0,0.0,0.0,1000.0,44.16630345240605,44.16630345240605,0.0,0.0,0.0,0.0,235.02463400789256,0.16194311265922928,248.0731537105492,0.0,0.0,-196.63821431334406,415.0298293844382,0.0,0.0,0.0,0.0,0.0,0.0,0.0,0.0,0.0,0.0,0.0,0.0,0.0,0.0,0.0,0.0,0.0,0.0,154.58206208342116,11.336017886117544,0.0,0.0,0.0,0.0,0.0,248.0731537105492,0.0,928.3034303664178,0.0,0.0,0.0,-18.40262643850252,0.0,0.0,0.0,0.0,0.0,0.0,0.0,0.0,0.0,0.0,0.0,0.0,0.0,0.0,0.0,0.0,0.0,0.0,-0.14722101150802014,0.0,0.0,7.361050575401007,-981.4128662042144,0.0,0.0,0.0,0.0,321.704460170567,0.0,0.0,0.0,-765.0424269466656,3.680525287700501,0.0,0.0,0.0,0.14722101150802014,0.0,147.22101150802013,-45.63851356748625,29.444202301604026,1.0515786536287153,410.74662210737625,-0.11041575863101509,7.3610505754010065,2.9444202301604028,-0.7361050575406125,-410.74662210737625,44.16630345240604,-0.14722101150802014,79.11603352192415,0.0,0.036805252877005035,1.0515786536287153,-237.34810056577246,-23.437585032078687,-2.9444202301604028,-262.0926782294696,-0.14722101150802014,0.036805252877005035,-410.74662210737625,14.722101150802013,0.14722101150802014,0.14722101150802014,-247.76398958638197,0.16194311265883243,0.0,-0.11041575863101509,44.16630345240605,0.14722101150802014,44.16630345240605,-73.61050575401008,-0.07361050575401007,-525.303798868455,77.45825765371825,-0.11041575863101509,-0.14722101150802014,-45.63851356748625,0.14722101150802014,14.722101150802013,-2.9444202301604028,229.37688035453874,229.37688035453874,-14.722101150802013,262.0926782294696,-229.37688035453874,29.444202301604026,0.22083151726203018,-1000.0,14.722101150802013,-210.37571097922117,0.0,-29.444202301604026,0.07361050575401007,1.4722101150802016,172.37337222858608,277.51735601215324,-0.14722101150802014,-281.19788129985386,247.76398958638197,45.63851356748625,0.14722101150802014,23.437585032078687,-176.6652138096245,0.0,-0.14722101150802014,-0.036805252877005035,0.0,-0.14722101150802014,-927.8549833930057,0.14722101150802014,-0.036805252877005035,-0.036805252877005035,-0.036805252877005035,58.88840460320805,73.61050575401008,1.4722101150802016,375.1909830263177,-0.036805252877005035,265.630710935248,7.3610505754010065,471.28854227190385,0.14722101150802014,0.07361050575401007,0.07361050575401007,14.722101150802013,45.63851356748625,0.14722101150802014,-45.63851356748625,1.4722101150802016,0.14722101150802014,-907.428215276939,0.14722101150802014,0.5888840460326037,0.7361050575406125,0.07361050575401007,0.036805252877005035,44.16630345240605,-0.14722101150802014,0.0,1.4722101150802014,-750.3819660526354,3.6805252877005032,-14.722101150802013,29.444202301604026,7.3610505754010065,-0.14722101150802014,237.34810056577246,0.22083151726203018,-0.14722101150802014,-29.444202301604026,45.63851356748625,289.3347894744178,0.07361050575401007,-942.5770845438077,-0.14722101150802014,-0.14722101150802014,-0.14722101150802014,0.07361050575401007,410.74662210737625,-29.444202301604026,0.14722101150802014,344.74674445717216,-0.036805252877005035,-0.16194311265883243,-344.74674445717216,22.083151726203017,-77.45825765371825,934.6934324506389,410.74662210737625,-0.11041575863101509,281.19788129985386,-277.51735601215324,0.14722101150802014,-0.036805252877005035,7.3610505754010065,147.22101150802013,-0.07361050575401007,-0.14722101150802014,0.036805252877005035,0.0,0.0,554.9661936178577,532.2372322506212,-210.8959776405564,0.0,-401.8303426196691,212.55709734136067,0.0,335.4932398622603,-73.1655564200607,410.9586190679886,-444.96019587638835,-167.74661993113014,105.4479888202782,36.58277821003035,0.0,-106.27854867068034,-248.0731537105492,-361.0791142220062,444.96019587638835,-410.9586190679886,-361.0791142220062,401.8303426196691,-119.94361498042332,0.0,1496.5981,bhi
330,0.0,0.0,0.0,0.0,0.0,0.0,0.0,0.0,817.584421715821,0.0,0.0,0.0,0.0,0.0,0.0,0.0,732.7515602141566,469.3247211776095,0.0,-761.7474574154186,0.0,0.0,0.0,389.92586824497585,0.0,0.0,0.0,0.0,0.0,-976.1636070173532,0.0,0.0,0.0,0.0,0.0,0.0,0.0,979.5893093300222,0.0,-1000.0,-984.5428766097199,0.0,0.0,0.0,0.0,0.0,401.4048692265677,0.0,1000.0,0.0,0.0,-24.06033246006383,0.0,0.2314553386577245,0.0,0.0,0.0,0.0,0.0,0.0,-18.53045468887793,0.0,480.40958222450143,461.8791275356235,0.0,0.0,0.0,0.0,0.0,0.0,0.0,2.104139442340484,0.0,0.0,0.0,0.0,0.0,0.0,0.0,0.0,0.0,0.0,893.9772187371076,0.0,126.248366540429,0.0,0.0,-643.6131212163361,-775.357725421175,830.3037734125968,-0.05260348605851209,0.0,0.0,-824.3022607443438,63.12418327021451,0.0,63.1241832702145,0.0,0.0,0.0,893.9772187371076,10.520697211702418,-976.1636070173532,0.0,0.0,0.0,0.0,0.0,0.0,0.0,0.0,0.0,0.0,0.0,0.0,0.0,0.0,0.0,0.0,0.0,0.0,0.0,0.0,0.0,-512.5060905512717,0.0,0.0,63.1241832702145,0.0,65.22832271255498,0.0,0.0,0.0,-868.4024546357845,868.4024546357845,-868.4024546357845,0.0,0.0,0.0,0.0,0.0,0.0,0.0,0.0,0.0,-877.775345031086,0.21041394423404833,0.0,0.0,0.0,0.0,-756.9907721075898,0.0,0.0,0.0,0.0,1000.0,0.0,0.0,0.0,0.0,0.0,-208.3863393961924,-208.3863393961924,0.0,0.0,0.0,0.0,0.0,0.0,0.0,-208.17592545195834,0.0,0.0,0.0,1000.0,0.0,0.0,0.0,0.0,0.0,0.0,0.0,0.0,0.0,0.0,-122.46258602643638,0.0,0.0,0.0,0.0,-1000.0,0.0,0.0,0.0,0.0,0.0,0.0,24.06033246006383,-54.946047991421764,54.946047991421764,0.0,0.0,0.0,0.0,0.0,0.0,0.0,0.0,-26.30174302925604,0.0,0.0,0.0,0.0,0.0,0.0,0.0,0.0,0.0,0.0,0.0,0.0,0.0,0.0,-158.8436501987908,-780.6482856568673,0.0,0.0,0.0,0.0,13.116971513988787,0.0,0.0,0.0,0.0,-18.53045468887793,-780.6482856568673,0.0,0.0,0.0,0.0,0.0,0.0,0.0,0.0,759.5780194447772,42.08278884680967,0.0,0.0,1000.0,279.58832257024665,325.5011632523059,0.0,780.6482856568673,0.0,0.0,0.0,0.0,0.0,0.0,0.0,-21.206218679721133,0.0,0.0,-548.0449391070636,0.0,0.0,-548.0449391070636,0.0,0.0,-830.3037734125968,0.0,-727.8159954729584,0.0,0.0,573.937932899006,0.0,0.0,0.0,119.92897924687765,0.0,-119.92897924687765,0.0,192.80811588614125,0.0,0.0,1000.0,0.0,0.0,0.0,-18.53045468887793,-0.31562091635107253,0.0,0.0,0.0,0.0,0.21041394423404833,0.0,0.0,0.0,164.1808257710195,732.7515602141566,0.0,-90.43791652967423,98.82761412012796,0.0,-1000.0,0.0,326.06477872416826,0.0,0.0,0.0,0.0,0.0,-18.116640598551832,-1000.0,692.0518618743836,-1000.0,-1000.0,0.0,0.0,0.0,0.0,0.0,0.0,0.0,0.0,0.0,0.0,0.0,0.0,0.0,0.0,0.0,0.0,0.0,0.0,0.0,-1000.0,0.0,19.569034893041678,752.8026904404426,0.0,0.0,469.9020869579749,118.1973255863088,0.0,0.0,0.0,0.0,0.0,0.0,0.0,647.3487037375496,0.0,1000.0,-1000.0,-10.520697211702418,-226.60434244494854,-748.7698953405811,0.0,-657.869400949252,1000.0,-5.260348605851209,0.0,-482.55336286643734,0.0,-136.76906375213147,1000.0,0.0,63.1241832702145,0.0,0.0,0.0,11.434817155852627,0.0,817.794835660055,0.0,0.0,0.0,0.0,141.1208169111717,0.0,0.0,0.0,0.0,0.0,0.0,0.0,0.0,-37.06090937775586,0.0,0.0,78.58130666049449,0.0,0.0,0.0,0.0,-978.9586055765951,0.4208278884680112,0.0,0.0,0.0,0.0,0.0,0.0,0.0,0.0,0.0,0.0,0.0,0.0,0.0,0.0,0.0,0.0,0.0,0.0,0.0,0.2314553386577245,0.2314553386577245,0.0,0.0,0.0,126.248366540429,0.0,0.0,0.0,339.69356786204276,0.0,0.0,0.0,0.0,0.0,1000.0,-339.69356786204276,0.0,0.0,0.0,0.0,0.0,78.58130666049449,0.0,0.0,0.0,0.0,0.0,0.0,0.0,170.83536351709054,-164.1808257710195,756.9907721075898,0.0,16.201873706021615,0.0,0.0,-824.3022607443438,-837.4192322583326,0.0,1000.0,0.0,-829.665642626265,850.7070370496699,0.0,0.0,0.0,0.0,0.0,0.0,0.0,0.0,0.0,0.0,0.0,0.0,0.0,0.0,0.0,0.0,126.24836654042902,0.0,0.0,0.0,0.0,0.0,0.0,0.0,0.0,0.0,0.0,0.0,0.0,2.104139442340484,0.0,0.0,0.0,0.0,0.0,24.06033246006383,0.0,0.0,63.1241832702145,0.0,0.0,0.0,0.0,0.0,0.0,0.0,0.0,0.0,0.0,469.67275310968006,0.0,0.0,63.12418327021451,63.12418327021451,1000.0,-339.69356786204276,0.0,78.58130666049449,0.0,0.0,0.0,0.0,0.0,976.1636070173532,0.0,1000.0,0.21041394423404833,0.0,0.0,0.0,277.8816724959514,188.88251077092326,0.0,824.3022607443438,0.0,0.0,0.0,0.0,0.0,0.0,0.0,0.0,0.0,0.0,0.0,0.0,0.0,0.0,0.21041394423404833,0.0,0.0,0.0,0.0,0.0,0.0,0.0,0.0,19.569034893041678,0.0,871.0000160267514,0.0,0.0,-1000.0,-15.781045817553629,-10.520697211702412,0.0,0.0,0.0,0.0,0.0,0.0,0.0,0.0,0.0,0.0,0.0,0.0,0.0,0.0,0.0,0.0,-126.24836654042906,0.0,0.0,0.0,817.584421715821,0.0,0.0,0.21041394423404833,0.0,0.21041394423404833,0.0,0.0,0.0,126.248366540429,256.7050119655389,256.7050119655389,0.0,0.0,0.0,0.0,0.0,0.0,0.0,756.9907721075898,0.0,0.0,0.0,0.0,0.0,0.0,0.0,0.0,0.0,0.0,0.0,0.0,0.0,0.0,0.0,0.0,0.0,0.0,0.0,13.116971513988787,0.0,-613.0001101397731,613.0001101397731,0.31562091635107253,0.0,0.0,0.0,-63.1241832702145,0.0,0.0,0.0,0.0,0.0,0.0,10.520697211702418,0.0,0.0,0.0,0.0,0.0,78.87123604140463,0.0,0.0,0.0,0.0,0.0,0.0,0.0,0.0,0.0,0.0,0.0,535.1370882561857,0.0,0.0,1000.0,188.88251077092326,0.0,197.06856162771345,0.0,-197.06856162771345,0.0,-256.7050119655389,0.0,10.520697211702412,1000.0,0.0,0.0,0.0,-37.06090937775586,0.0,0.0,0.0,0.0,0.0,0.0,0.0,0.0,0.0,90.900494391329,0.0,256.7050119655389,0.0,-818.990792020879,-818.990792020879,818.9907920208791,0.0,0.0,0.0,0.0,0.0,759.5780194447772,0.0,0.0,47.34313745266098,-277.8816724959514,0.0,0.0,63.1241832702145,0.0,0.0,0.0,0.0,-184.10370302652933,0.0,0.0,0.2314553386577245,0.0,0.0,0.0,128.3525059827695,0.0,0.0,0.0,0.0,-158.8436501987908,0.0,0.0,0.0,0.0,0.0,0.0,0.0,0.0,0.0,0.0,0.021041394423404833,0.021041394423404833,0.0,0.0,0.0,0.0,0.0,0.0,0.0,0.0,0.0,0.0,0.0,0.0,0.0,0.0,0.0,0.0,0.0,0.0,0.0,0.0,0.0,0.0,0.0,0.0,0.0,0.0,0.0,0.0,0.0,1000.0,469.3247211776095,0.0,0.0,0.0,126.24836654042906,0.0,0.0,0.0,0.0,0.0,873.7516334595709,-1000.0,0.0,0.0,0.0,0.0,0.0,0.0,0.0,0.0,0.0,0.0,0.0,0.0,-1000.0,-1000.0,144.13355180032318,0.0,-63.1241832702145,0.0,999.1583442230639,0.0,0.0,0.0,0.0,0.0,0.0,0.0,0.0,0.0,0.0,0.0,0.0,0.0,0.0,0.0,0.0,0.0,-26.30174302925604,0.0,-15.781045817553629,-15.781045817553661,0.0,0.0,0.0,0.0,0.0,0.0,-2.630174302925605,37.06090937775586,0.0,0.0,0.0,0.0,0.0,0.0,0.0,1000.0,63.12418327021451,63.12418327021451,0.0,0.0,0.0,0.0,0.0,0.2314553386577245,0.0,0.0,0.0,-999.1583442230639,0.0,0.0,0.0,0.0,0.0,0.0,0.0,0.0,0.0,0.0,0.0,0.0,0.0,0.0,306.50005506988657,0.0,0.0,0.0,0.0,220.93464144575077,0.0,0.0,16.201873706021615,0.0,0.0,0.0,0.0,0.0,663.4107571873358,0.0,0.0,0.0,-26.30174302925604,0.0,0.0,0.0,0.0,0.0,0.0,0.0,0.0,0.0,0.0,0.0,0.0,0.0,0.0,0.0,0.0,0.0,0.0,-0.21041394423404833,0.0,0.0,10.520697211702418,-1000.0,0.0,0.0,0.0,0.0,0.0,0.0,0.0,0.0,18.116640598551832,5.260348605851209,0.0,0.0,0.0,0.21041394423404833,0.0,210.41394423404833,-65.22832271255498,42.08278884680967,1.5029567445289167,587.0549044129949,-0.15781045817553627,10.52069721170244,4.208278884680968,-1.0520697211701844,-587.0549044129949,63.12418327021451,-0.21041394423404833,0.0,78.58130666049449,0.05260348605851209,1.5029567445289167,0.0,-33.497899922058366,-4.208278884680968,-440.3288239763475,-0.21041394423404833,0.05260348605851209,-587.0549044129949,21.041394423404835,0.21041394423404833,0.21041394423404833,0.44186928289177285,0.23145533865745316,-790.0760948056719,-0.15781045817553627,63.12418327021451,0.21041394423404833,63.1241832702145,-105.20697211702418,-0.10520697211702418,-209.92390519432809,-34.368779881627674,-0.15781045817553627,-0.21041394423404833,-65.22832271255498,0.21041394423404833,21.041394423404835,-4.208278884680968,13.116971513988787,13.116971513988787,-21.041394423404835,440.3288239763475,-13.116971513988787,42.08278884680966,0.31562091635107253,-1000.0,21.041394423404835,-170.83536351709054,78.58130666049449,-42.08278884680967,0.10520697211702418,2.104139442340484,22.609479132418556,42.08278884680967,-0.21041394423404833,-47.34313745266098,-0.44186928289177285,65.22832271255498,0.21041394423404833,33.497899922058366,-173.91542642036353,78.58130666049449,-0.21041394423404833,-0.05260348605851209,-78.58130666049449,-0.21041394423404827,-978.9586055765951,0.21041394423404833,-0.05260348605851209,-0.05260348605851209,-0.05260348605851209,84.16557769361934,105.20697211702418,2.104139442340484,437.26028728959767,-0.05260348605851209,45.21895826483711,10.520697211702418,500.0,0.21041394423404833,0.10520697211702418,0.10520697211702414,60.33204775365208,65.22832271255498,0.21041394423404833,-65.22832271255498,2.104139442340484,0.21041394423404833,-1000.0,0.21041394423404833,0.8416557769361361,1.0520697211701844,0.10520697211702418,0.05260348605851209,63.12418327021451,-0.21041394423404833,790.0760948056719,2.104139442340484,-874.5205745791953,5.260348605851188,-21.041394423404835,42.08278884680967,10.520697211702418,-0.21041394423404833,0.0,0.31562091635107253,-0.21041394423404833,-120.66409550730415,65.22832271255498,571.3316251390359,0.10520697211702416,-1000.0,-0.21041394423404833,-0.21041394423404833,-0.21041394423404833,0.10520697211702416,587.0549044129949,-42.08278884680967,0.21041394423404833,45.21895826483711,-0.05260348605851209,-0.23145533865745316,-45.21895826483711,31.562091635107247,34.368779881627674,686.6565977575036,587.0549044129949,-0.15781045817553627,47.34313745266098,-42.08278884680967,0.21041394423404833,-0.052603486058512075,10.520697211702412,210.41394423404833,-0.10520697211702418,-0.21041394423404833,0.05260348605851209,0.0,0.0,999.894793027883,562.7397127104023,-924.1924711449412,0.0,315.1000530603943,184.2323626033505,0.0,1000.0,-383.5209336847572,-285.09201673921996,0.0,-500.0,462.0962355724706,191.76046684237863,0.0,-92.11618130167525,0.0,-387.22792211250646,0.0,285.09201673921996,-387.22792211250646,-315.1000530603943,233.9870425286765,0.0,1496.5981,bhi
331,0.0,0.0,0.0,0.0,0.0,0.0,0.0,0.0,-0.14561723566955362,0.0,0.0,0.0,0.0,0.0,0.0,0.0,169.329097105654,96.9979286760398,0.0,0.0,0.0,0.0,0.0,0.0,0.0,0.0,0.0,0.0,0.0,-306.4182051396441,0.0,0.0,0.0,0.0,0.0,0.0,0.0,1000.0,0.0,-1000.0,956.3148292991339,0.0,-353.4326824927997,475.7473022452981,0.0,0.0,0.0,0.0,-205.83573514836377,-57.84376975316298,0.0,486.25514155574393,0.0,0.16017895923639433,0.0,0.0,0.0,29.123447133910727,0.0,0.0,-72.55384736721115,0.0,0.0,-72.55384736721115,486.49567786222246,0.0,0.0,0.0,0.0,0.0,0.0,1.4561723566955365,0.0,0.0,0.0,0.0,0.0,0.0,0.0,0.0,0.0,0.0,0.0,0.0,87.37034140173219,0.0,0.0,563.8734997957278,225.21530558441972,0.0,-0.03640430891738841,0.0,0.0,49.29876990996887,43.685170700866095,0.0,43.685170700866095,-459.1186684732051,227.75752530325218,0.0,0.0,7.280861783477682,-306.4182051396441,0.0,0.0,0.0,0.0,138.37213420495192,0.0,0.0,0.0,0.0,0.0,0.0,0.0,0.0,0.0,0.0,0.0,0.0,0.0,0.0,0.0,0.0,-442.07233424068056,0.0,0.0,43.685170700866095,0.0,45.14134305756163,0.0,0.0,-1000.0,1000.0,0.0,0.0,0.0,0.0,0.0,0.0,0.0,0.0,0.0,0.0,0.0,11.212527146555622,0.14561723566955362,0.0,0.0,0.0,-643.0497226170056,0.0,0.0,0.0,0.0,0.0,643.7866282018008,0.0,0.0,0.0,0.0,0.0,514.5376539494434,514.5376539494434,0.0,0.0,0.0,-15.625,0.0,0.0,0.0,514.683271185113,0.0,0.0,0.0,-490.54640632105685,0.0,0.0,0.0,0.0,0.0,0.0,0.0,0.0,0.0,0.0,-10.112212627956296,0.0,0.0,0.0,0.0,-1000.0,0.0,0.0,0.0,0.0,0.0,57.84376975316298,-132.82245906294423,-225.21530558441972,225.21530558441972,0.0,0.0,0.0,0.0,0.0,0.0,0.0,0.0,-18.20215445869421,0.0,0.0,0.0,0.0,0.0,0.0,0.0,0.0,0.0,0.0,0.0,0.0,0.0,192.7673983219271,-66.03718597229988,475.7473022452981,0.0,0.0,0.0,0.0,67.50092436866308,0.0,0.0,0.0,0.0,-72.55384736721115,0.0,0.0,0.0,0.0,0.0,0.0,0.0,0.0,0.0,126.4059235913775,0.0,0.0,0.0,169.1106712521497,266.1085999281895,0.0,0.0,-475.7473022452981,0.0,0.0,0.0,677.4616439627288,0.0,0.0,0.0,118.77328439703035,0.0,0.0,-950.4576255291669,0.0,-98.09038536256772,-852.367240166599,-98.09038536256772,0.0,0.0,0.0,0.0,57.84376975316298,0.0,338.77116314939155,0.0,0.0,0.0,324.10720300867814,0.0,-324.10720300867814,0.0,1000.0,0.0,0.0,0.0,-15.625,0.0,0.0,-72.55384736721115,-0.21842585350433044,0.0,0.0,0.0,0.0,0.14561723566955362,0.0,0.0,0.0,762.4079813390933,169.329097105654,0.0,0.0,738.6612346760844,0.0,1000.0,0.0,-416.20968806787243,0.0,0.0,0.0,0.0,0.0,755.2303660905449,-1000.0,660.9793219773276,83.82177971088993,-1000.0,0.0,0.0,0.0,0.0,0.0,0.0,0.0,0.0,0.0,0.0,0.0,0.0,0.0,0.0,0.0,0.0,0.0,-268.201733713925,0.0,-1000.0,0.0,0.0,580.8357170760214,0.0,0.0,0.0,-137.61845073793307,0.0,227.75752530325218,0.0,254.82886949763235,0.0,0.0,0.0,0.0,-520.1799222293818,1000.0,-725.1507305191242,-984.4691910939122,-879.6498093857073,-1000.0,0.0,-7.280861783477682,872.0856637810843,516.539491337643,977.1883293104345,-142.70139350987233,0.0,-94.65120318520987,1000.0,0.0,43.685170700866095,-671.8749999997283,671.8749999997283,0.0,0.0,0.0,0.0,0.0,-192.7673983219271,192.7673983219271,192.7673983219271,-845.4134556197505,0.0,0.0,-485.6079632862261,0.0,0.0,0.0,0.0,0.0,-145.1076947344223,0.0,0.0,0.0,0.0,0.0,0.0,0.0,-752.7720792901716,0.2912344713389458,0.0,0.0,0.0,0.0,0.0,0.0,0.0,0.0,0.0,0.0,0.0,0.0,0.0,0.0,0.0,0.0,0.0,0.0,0.0,0.16017895923639433,0.16017895923639433,0.0,153.2766505124713,0.0,87.37034140173219,0.0,0.0,0.0,670.627762534742,0.0,0.0,0.0,0.0,0.0,1000.0,-670.627762534742,0.0,0.0,0.0,0.0,0.0,0.0,0.0,0.0,0.0,0.0,0.0,0.0,0.0,147.35744474689352,-762.4079813390933,643.0497226170056,0.0,11.212527146555622,0.0,-18.20215445869421,67.50092436866308,0.0,0.0,-164.73154484528163,0.0,0.0,247.22792070982837,0.0,0.0,192.7673983219271,0.0,0.0,0.0,0.0,0.0,0.0,0.0,0.0,0.0,0.0,0.0,0.0,0.0,87.37034140173219,0.0,0.0,0.0,0.0,0.0,0.0,0.0,0.0,0.0,0.0,0.0,0.0,1.4561723566955365,0.0,0.0,0.0,0.0,0.0,-132.82245906294423,0.0,0.0,43.685170700866095,0.0,0.0,0.0,0.0,0.0,0.0,0.0,0.0,0.0,0.0,1000.0,0.0,0.0,43.685170700866095,43.685170700866095,1000.0,-670.627762534742,0.0,0.0,0.0,0.0,0.0,0.0,0.0,790.3250965413945,0.0,1000.0,0.14561723566955362,0.0,0.0,0.0,192.3083621638841,0.0,0.0,-49.29876990996887,0.0,0.0,0.0,0.0,0.0,0.0,89.59473421886783,0.0,0.0,0.0,0.0,0.0,0.0,0.0,0.14561723566955362,0.0,0.0,0.0,0.0,0.0,0.0,0.0,0.0,0.0,0.0,1000.0,0.0,-329.0252083586594,-731.798266286075,-10.921292675216522,-7.280861783477688,0.0,0.0,0.0,0.0,0.0,0.0,0.0,0.0,0.0,0.0,0.0,0.0,0.0,0.0,0.0,0.0,-87.37034140173219,0.0,0.0,0.0,-0.14561723566955362,0.0,0.0,0.14561723566955362,0.0,0.14561723566955362,268.7842026566035,0.0,0.0,87.37034140173219,177.65302751685545,177.65302751685545,0.0,0.0,0.0,0.0,0.0,0.0,0.0,643.0497226170056,0.0,0.0,0.0,0.0,0.0,767.7680100816933,0.0,0.0,0.0,0.0,0.0,0.0,0.0,0.0,0.0,0.0,0.0,0.0,0.0,67.50092436866308,0.0,-345.35676835010537,345.35676835010537,0.21842585350433044,0.0,0.0,0.0,-43.685170700866095,0.0,0.0,0.0,0.0,0.0,-153.2766505124713,7.280861783477682,0.0,0.0,0.0,15.625000000000002,0.0,-419.16428292397853,0.0,0.0,0.0,0.0,0.0,0.0,0.0,0.0,0.0,0.0,0.0,392.59367571736686,-39.4907478094558,0.0,1000.0,0.0,0.0,-556.7827336619116,556.7827336619116,0.0,0.0,499.8086164458733,0.0,7.280861783477688,344.44931762784637,0.0,0.0,0.0,-145.1076947344223,0.0,0.0,-484.37500000040814,484.37500000040814,0.0,0.0,0.0,0.0,0.0,174.31015581564412,-186.04052853812072,177.65302751685545,0.0,0.0,0.0,0.0,0.0,0.0,0.0,0.0,0.0,126.4059235913775,0.0,0.0,0.0,-192.3083621638841,-701.3306922798273,-353.4326824927997,43.685170700866095,0.0,0.0,0.0,0.0,-348.94791055673153,0.0,0.0,0.16017895923639433,0.0,0.0,0.0,88.82651375842772,0.0,0.0,0.0,0.0,-66.03718597229988,0.0,0.0,0.0,0.0,0.0,0.0,0.0,0.0,460.0946000860299,0.0,0.014561723566955363,0.014561723566955363,0.0,0.0,0.0,0.0,0.0,268.7842026566035,0.0,0.0,0.0,0.0,0.0,0.0,0.0,0.0,0.0,153.2766505124713,0.0,0.0,0.0,0.0,0.0,0.0,0.0,57.84376975316298,0.0,0.0,0.0,0.0,0.0,0.0,96.9979286760398,0.0,0.0,0.0,87.37034140173219,0.0,0.0,0.0,0.0,0.0,319.4684182454034,-406.8387596471356,0.0,0.0,0.0,0.0,0.0,0.0,0.0,0.0,0.0,0.0,0.0,0.0,-1000.0,567.7286711126403,867.5158165153375,0.0,-43.685170700866095,0.0,731.2157973433965,0.0,0.0,0.0,0.0,0.0,0.0,0.0,0.0,0.0,0.0,0.0,0.0,0.0,0.0,0.0,0.0,0.0,-18.20215445869421,0.0,-10.921292675216522,942.8872459445977,0.0,0.0,0.0,0.0,0.0,-1.8202154458694206,0.0,145.1076947344223,0.0,0.0,0.0,0.0,0.0,0.0,0.0,1000.0,43.685170700866095,43.685170700866095,0.0,0.0,0.0,0.0,0.0,0.16017895923639433,153.2766505124713,0.0,0.0,-1000.0,0.0,0.0,0.0,0.0,0.0,0.0,0.0,0.0,0.0,0.0,0.0,0.0,0.0,0.0,307.07048550335446,0.0,0.0,0.0,0.0,152.89809745303134,0.0,0.0,11.212527146555622,0.0,0.0,0.0,153.2766505124713,0.0,533.6004697433173,0.0,0.0,0.0,-18.20215445869421,0.0,0.0,0.0,0.0,0.0,0.0,0.0,0.0,0.0,0.0,0.0,0.0,0.0,0.0,0.0,0.0,0.0,0.0,-0.14561723566955362,0.0,0.0,7.280861783477682,-1000.0,0.0,0.0,0.0,0.0,0.0,0.0,0.0,0.0,-755.2303660905449,3.6404308917388395,0.0,0.0,0.0,0.14561723566955362,0.0,145.61723566955362,-45.14134305756163,29.12344713391073,1.040123111925383,406.27208751805466,-0.10921292675216522,7.280861783477682,2.912344713391073,268.0561164782555,-406.27208751805466,43.685170700866095,-0.14561723566955365,0.0,0.0,0.03640430891738841,1.040123111925383,0.0,-23.182263918594344,-2.912344713391073,-266.3270257816938,-0.14561723566955365,0.03640430891738841,-406.27208751805466,449.4067286243285,0.14561723566955365,0.14561723566955362,-152.97085431756534,0.16017895923650902,-752.7720792901716,-0.10921292675216522,43.685170700866095,0.14561723566955365,43.685170700866095,-72.80861783477683,-0.07280861783477682,108.98545108837084,-82.20826517128799,-0.10921292675216522,-0.14561723566955365,-45.14134305756163,0.14561723566955362,14.56172356695538,-2.912344713391073,67.50092436866308,67.50092436866308,-14.56172356695538,266.3270257816938,-67.50092436866308,29.123447133910727,0.21842585350433044,-1000.0,14.561723566955363,-147.35744474689352,0.0,-29.123447133910727,0.07280861783477682,1.4561723566955365,0.0,-10.36730067554507,-0.14561723566955362,-186.04052853812072,152.97085431756534,45.14134305756163,0.14561723566955365,23.182263918594344,-609.5856878608375,0.0,-0.14561723566955362,-0.03640430891738841,0.0,-0.14561723566955365,-752.7720792901716,0.14561723566943385,-0.03640430891738841,-0.03640430891738841,-0.03640430891738841,58.24689426782145,72.80861783477683,1.4561723566955365,107.88416947668338,-0.03640430891738841,0.0,7.280861783477682,383.6669014285635,0.14561723566955362,0.07280861783477682,0.07280861783477682,14.561723566955363,45.14134305756163,0.14561723566955362,-45.14134305756163,1.4561723566955365,0.14561723566955365,-107.88416947668338,0.14561723566955365,0.5824689426784744,-268.0561164782555,0.07280861783477682,0.03640430891738841,43.685170700866095,-0.14561723566955365,752.7720792901716,1.4561723566955365,-215.76833895336677,3.640430891738841,-14.56172356695538,29.123447133910727,7.280861783477682,-0.14561723566955365,0.0,0.21842585350433044,-0.14561723566955365,-29.123447133910727,45.14134305756163,665.0111202283734,0.07280861783477682,-767.333802857127,-0.14561723566955365,-0.14561723566943385,-0.14561723566955365,0.07280861783477682,406.27208751805466,-29.123447133910727,0.14561723566955362,0.0,-0.03640430891738841,-0.16017895923650902,0.0,21.842585350433044,82.20826517128799,-12.556154609275225,406.27208751805466,-0.10921292675216522,186.04052853812072,10.36730067554507,0.14561723566955365,-0.03640430891738841,262.10973128111004,145.61723566955362,-0.07280861783477682,-0.14561723566955365,0.03640430891738841,688.4544883193764,0.0,999.9271913821652,0.0,-1000.0,0.0,612.6001654564974,-3.2181409082970207,434.8450050573731,-613.3437546654152,816.2900084858397,-386.07372451690514,0.0,306.6718773327076,500.0,-408.14500424291987,-434.8450050573731,1.6090704541485104,-153.2766505124713,-316.0632096716419,0.0,386.07372451690514,-316.0632096716419,-612.6001654564974,603.8120648751898,0.0,1496.5981,bhi
332,0.0,0.0,0.0,0.0,0.0,0.0,0.0,0.0,-0.18401749032582998,0.0,0.0,0.0,0.0,0.0,0.0,0.0,0.276026235488745,218.63106787240207,0.0,0.0,0.0,0.0,0.0,54.27784561401596,0.0,0.0,0.0,0.0,0.0,-899.2643377420983,0.0,0.0,648.3228943188956,0.0,0.0,0.0,0.0,-106.1917808460639,0.0,-1000.0,135.5230924472662,0.0,0.0,100.43116000440264,0.0,0.0,0.0,0.0,798.5571515022069,0.0,0.0,0.0,0.0,0.202419239358278,0.0,0.0,0.0,36.803498065165996,0.0,0.0,63.683740580797256,0.0,508.98811614272233,333.0032140370466,0.0,0.0,0.0,0.0,0.0,0.0,0.0,1.8401749032582997,0.0,0.0,0.0,0.0,0.0,0.0,0.0,0.0,0.0,0.0,0.0,0.0,110.41049419549799,0.0,0.0,0.0,-665.0971431202811,1000.0,-0.046004372581457495,0.0,0.0,-10.857643091880789,55.205247097748995,0.0,55.205247097748995,-5.925363188488745,0.0,0.0,0.0,9.200874516291499,-899.2643377420983,0.0,0.0,-347.6103191449037,0.0,0.0,0.0,0.0,0.0,0.0,0.0,0.0,0.0,0.0,0.0,0.0,0.0,0.0,0.0,0.0,0.0,0.0,-1000.0,0.0,0.0,55.205247097748995,0.0,57.04542200100729,33.29563466997009,0.0,0.0,0.0,0.0,0.0,-239.668642686473,483.0094048231537,-483.0094048231537,0.0,0.0,0.0,0.0,0.0,0.0,14.169346755088911,0.18401749032582998,0.0,0.0,0.0,0.0,-148.74523121552136,0.0,0.0,0.0,0.0,1000.0,0.0,0.0,0.0,0.0,0.0,287.48789119924254,287.48789119924254,0.0,0.0,0.0,0.0,-124.21997436717902,0.0,0.0,287.6719086895684,0.0,0.0,0.0,0.0,-493.7343298254682,0.0,0.0,0.0,0.0,0.0,0.0,0.0,0.0,0.0,0.0,0.0,0.0,0.0,0.0,-507.3841729507429,0.0,0.0,0.0,0.0,0.0,0.0,0.0,-334.9028568797189,334.9028568797189,133.40975256124943,0.0,0.0,0.0,0.0,0.0,0.0,0.0,-747.3632153356546,0.0,0.0,0.0,0.0,0.0,0.0,0.0,0.0,0.0,0.0,0.0,0.0,0.0,0.0,157.05273434235852,100.43116000440264,0.0,0.0,0.0,106.25889012522354,74.92611319460718,0.0,0.0,0.0,0.0,63.683740580797256,0.0,0.0,0.0,0.0,0.0,0.0,0.0,0.0,0.0,0.0,0.0,0.0,0.0,1000.0,669.8057137594378,463.654294622488,0.0,-100.43116000440264,0.0,0.0,239.668642686473,224.50133819751255,0.0,0.0,0.0,-98.43544362882884,0.0,0.0,-121.01573042167551,0.0,0.0,-121.01573042167533,0.0,0.0,-1000.0,0.0,-914.8289405095238,0.0,0.0,371.6642015931492,0.0,0.0,0.0,0.0,0.0,0.0,0.0,925.360120627312,0.0,106.25889012522354,-1000.0,0.0,0.0,0.0,63.683740580797256,-0.276026235488745,0.0,0.0,0.0,0.0,0.18401749032582998,0.0,0.0,0.0,243.84306009713725,0.276026235488745,0.0,-722.3330266772704,-19.420366336700425,493.7343298254682,190.72833954501522,0.0,-203.63131676650204,0.0,-347.6103191449037,0.0,0.0,0.0,572.033380562198,467.2547734072859,-835.6568372029818,-1000.0,-1000.0,0.0,0.0,0.0,0.0,0.0,0.0,0.0,0.0,0.0,0.0,0.0,0.0,0.0,0.0,0.0,0.0,0.0,519.6474352953675,0.0,504.1579296674757,0.0,120.94521651265228,0.0,473.7958962654857,0.0,0.0,-14.169346755088911,0.0,0.0,0.0,0.0,0.0,0.0,-671.8749999999998,0.0,-4.6004372581457496,-467.2547734072859,0.0,-9.200874516291499,0.0,0.0,671.8749999999998,-246.09882264903433,947.691582078136,0.0,0.0,-593.9853966137688,0.0,-872.5022523384243,1000.0,273.55359825368885,55.205247097748995,-15.625000000074607,15.625000000074607,0.0,0.0,0.0,0.0,0.0,0.0,0.0,0.0,741.9281782637172,0.0,0.0,-638.0562469183952,0.0,0.0,0.0,0.0,0.0,-112.30116152487848,0.0,-593.7499999999485,0.0,0.0,0.0,0.0,0.0,-46.897743970911826,0.36803498065178286,0.0,0.0,0.0,0.0,0.0,0.0,0.0,0.0,0.0,0.0,0.0,0.0,0.0,0.0,0.0,0.0,0.0,0.0,0.0,0.202419239358278,0.202419239358278,0.0,47.69257258087974,0.0,110.41049419549799,0.0,0.0,0.0,1000.0,0.0,0.0,0.0,0.0,0.0,1000.0,-1000.0,0.0,0.0,0.0,0.0,0.0,0.0,0.0,0.0,0.0,0.0,0.0,0.0,0.0,333.3333333333333,-243.84306009713725,148.74523121552136,0.0,14.169346755088911,0.0,0.0,-10.857643091880789,-219.1935088477374,0.0,1000.0,0.0,1000.0,-46.897743970911826,-968.7499999999627,968.7499999999627,0.0,0.0,0.0,0.0,0.0,0.0,0.0,0.0,0.0,0.0,0.0,0.0,0.0,0.0,110.41049419549799,239.668642686473,239.668642686473,0.0,0.0,0.0,0.0,0.0,0.0,0.0,0.0,0.0,0.0,1.8401749032582997,0.0,0.0,0.0,0.0,0.0,0.0,0.0,0.0,55.205247097748995,0.0,0.0,0.0,0.0,0.0,0.0,0.0,0.0,0.0,0.0,676.1114560378036,0.0,0.0,55.205247097748995,55.205247097748995,1000.0,-1000.0,0.0,0.0,0.0,0.0,0.0,0.0,0.0,899.2643377420983,0.0,1000.0,0.18401749032582998,0.0,0.0,-890.1611544917182,1000.0,0.0,0.0,10.857643091880789,0.0,0.0,0.0,0.0,0.0,0.0,0.0,0.0,0.0,0.0,0.0,0.0,0.0,0.0,0.18401749032582998,0.0,0.0,0.0,0.0,0.0,0.0,0.0,0.0,120.94521651265228,-20.094709943577655,5.925363188488745,0.0,0.0,-15.489505627891788,-13.80131177443725,0.0,-9.200874516291499,0.0,-828.125,-828.125,828.125,0.0,0.0,0.0,0.0,0.0,0.0,0.0,239.668642686473,493.7343298254682,0.0,0.0,-589.747779568444,0.0,0.0,0.0,-0.18401749032582998,0.0,0.0,0.18401749032582998,0.0,0.18401749032582998,0.0,0.0,0.0,110.41049419549799,224.50133819751255,224.50133819751255,0.0,0.0,0.0,0.0,0.0,0.0,0.0,148.74523121552136,0.0,0.0,0.0,0.0,364.3931414579515,223.4841450213003,0.0,0.0,0.0,0.0,0.0,0.0,0.0,0.0,0.0,0.0,0.0,0.0,0.0,208.33586575585662,0.0,-805.4900236379383,805.4900236379383,0.276026235488745,0.0,0.0,0.0,-55.205247097748995,0.0,0.0,0.0,0.0,0.0,-47.69257258087974,9.200874516291499,0.0,0.0,0.0,0.0,124.21997436717902,-5.925363188488745,-9.200874516291499,0.0,-593.7499999999485,0.0,0.0,0.0,0.0,0.0,239.668642686473,0.0,0.0,707.4442329684201,47.69257258087974,0.0,275.63897095507417,-347.6103191449037,0.0,0.0,0.0,0.0,0.0,0.0,0.0,9.200874516291499,218.20635275968638,0.0,0.0,0.0,-112.30116152487848,0.0,0.0,0.0,0.0,0.0,0.0,0.0,0.0,0.0,61.49388435531699,-89.09650790419134,224.50133819751255,0.0,-436.84861042036937,-436.84861042036937,436.84861042036937,0.0,0.0,0.0,0.0,0.0,0.0,0.0,0.0,0.0,-109.83884550828179,0.0,0.0,55.205247097748995,0.0,0.0,0.0,0.0,149.80938345204447,0.0,0.0,0.202419239358278,0.0,0.0,0.0,112.25066909875628,0.0,0.0,0.0,0.0,157.05273434235852,0.0,0.0,0.0,0.0,0.0,0.0,0.0,0.0,0.0,0.0,534.8554205956925,0.018401749032582997,0.0,0.0,0.0,0.0,0.0,0.0,0.0,0.0,0.0,-890.1611544917182,0.0,0.0,0.0,0.0,0.0,47.69257258087974,0.0,0.0,0.0,0.0,0.0,0.0,0.0,0.0,0.0,0.0,0.0,0.0,-115.71973653633921,0.0,218.63106787240207,0.0,0.0,0.0,110.41049419549799,0.0,0.0,0.0,0.0,0.0,0.0,-110.41049419549799,0.0,0.0,0.0,0.0,0.0,0.0,0.0,0.0,0.0,0.0,0.0,0.0,-1000.0,-1000.0,713.9292673524453,-55.205247097748995,0.0,0.0,14.753435666588373,0.0,0.0,0.0,0.0,0.0,0.0,0.0,0.0,0.0,0.0,0.0,0.0,0.0,0.0,0.0,0.0,0.0,-23.00218629072875,239.668642686473,-13.80131177443725,663.172482609006,0.0,0.0,0.0,0.0,0.0,-2.3002186290728748,0.0,112.30116152487848,0.0,0.0,0.0,0.0,0.0,0.0,0.0,1000.0,55.205247097748995,55.205247097748995,0.0,0.0,0.0,0.0,0.0,0.202419239358278,47.69257258087974,0.0,0.0,-14.753435666588373,534.8370188466599,0.0,0.0,0.0,0.0,0.0,0.0,0.0,0.0,0.0,0.0,0.0,0.0,0.0,402.74501181896915,0.0,0.0,33.29563466997009,0.0,193.21836484212147,0.0,0.0,14.169346755088911,0.0,0.0,0.0,47.69257258087974,0.0,0.0,0.0,0.0,0.0,-23.00218629072875,0.0,0.0,0.0,0.0,0.0,0.0,0.0,0.0,0.0,0.0,0.0,0.0,0.0,0.0,0.0,0.0,0.0,0.0,-0.18401749032582998,0.0,0.0,9.200874516291499,-1000.0,0.0,0.0,0.0,0.0,239.668642686473,0.0,0.0,0.0,-572.033380562198,4.6004372581457496,0.0,0.0,0.0,0.18401749032582998,0.0,184.01749032582998,-23.749787331037197,36.803498065165996,1.3144106451845,580.0000673490058,-0.1380131177443725,246.09882264903433,3.6803498065166,-0.9200874516292448,-580.0000673490058,55.205247097748995,-0.18401749032582998,115.87010638163457,0.0,0.046004372581457495,1.3144106451845,-347.6103191449037,-29.295584459869154,-3.680349806516574,-218.90709410789083,-0.18401749032582998,0.046004372581457495,-580.0000673490058,18.401749032582998,0.18401749032582998,0.18401749032582998,-47.306135851195634,0.20241923935839168,0.0,-0.1380131177443725,55.205247097748995,0.18401749032582998,55.205247097748995,-92.00874516291499,-0.09200874516291499,-304.7793617101926,-93.51187971751601,-0.1380131177443725,-0.18401749032582998,-23.749787331037197,0.18401749032582998,18.401749032582998,-3.6803498065166,208.33586575585662,208.33586575585662,-18.401749032582998,218.90709410789083,-208.33586575585662,36.803498065165996,0.276026235488745,-1000.0,18.401749032582998,-333.3333333333333,0.0,-36.803498065165996,0.09200874516291499,1.8401749032582997,180.5832566693176,84.49607064604574,-0.18401749032582998,-89.09650790419134,47.306135851195634,57.04542200100729,0.18401749032582998,29.295584459869154,-220.82098839099575,0.0,-0.18401749032582998,-0.046004372581457495,0.0,-0.18401749032582998,-46.897743970911826,0.18401749032564396,-0.046004372581457495,-0.046004372581457495,-0.046004372581457495,73.60699613033199,92.00874516291499,1.8401749032582997,136.3339581451484,-0.046004372581457495,245.2964069570006,9.200874516291499,32.649746501747416,0.18401749032582998,0.09200874516291499,0.09200874516291499,-34.727696030028774,23.749787331037197,0.18401749032582998,-23.749787331037197,1.8401749032582997,0.18401749032582998,-136.3339581451484,0.18401749032582998,0.7360699613034285,0.9200874516292448,0.09200874516291499,0.046004372581457495,55.205247097748995,-0.18401749032582998,0.0,1.840174903258287,-272.6679162902968,241.4983853908886,-18.401749032582998,36.803498065165996,9.200874516291499,-0.18401749032582998,347.6103191449037,0.276026235488745,-0.18401749032582998,69.45539206005755,23.749787331037197,118.3934238994434,0.09200874516291499,-65.29949300349483,-0.18401749032582998,-0.18401749032564396,-0.18401749032582998,0.09200874516291499,580.0000673490058,-36.803498065165996,0.18401749032582998,361.1665133386352,-0.046004372581457495,-0.20241923935839168,-361.1665133386352,27.602623548874497,93.51187971751601,63.5070157456403,580.0000673490058,-0.1380131177443725,89.09650790419134,-84.49607064604574,0.18401749032582998,-0.04600437258145748,9.200874516291499,184.01749032582998,-0.09200874516291499,-0.18401749032582998,0.046004372581457495,656.191567513251,0.0,999.907991254837,0.0,-1000.0,0.0,276.72444247805237,-1000.0,0.0,1000.0,-431.12135718397946,-163.69723780471884,0.0,-500.0,500.0,215.56067859198973,0.0,500.0,-47.69257258087974,-268.2028073514879,0.0,163.69723780471884,-268.2028073514879,-276.72444247805237,239.57184091823257,0.0,1496.5981,bhi
333,0.0,0.0,0.0,0.0,0.0,0.0,0.0,0.0,0.0,0.0,0.0,0.0,0.0,0.0,0.0,0.0,406.5615318188177,-72.52846410691984,0.0,0.0,0.0,0.0,0.0,0.0,0.0,0.0,0.0,0.0,0.0,-907.7180121747236,553.6919269516583,-553.6919269516583,881.74201321487,0.0,0.0,0.0,0.0,343.10271474576257,0.0,-1000.0,1000.0,0.0,0.0,501.15648035590596,0.0,0.0,0.0,0.0,0.0,0.0,0.0,0.0,0.0,0.0,0.0,0.0,0.0,0.0,0.0,0.0,-184.56397565055272,0.0,-244.0640405984334,-428.6280162489861,0.0,0.0,0.0,0.0,0.0,723.5980957274003,0.0,0.0,0.0,0.0,0.0,0.0,0.0,0.0,0.0,247.2272204710642,0.0,0.0,0.0,0.0,0.0,0.0,0.0,-99.9526677607019,-549.5542182558347,449.60155049513287,0.0,0.0,0.0,-58.56125082064517,0.0,0.0,0.0,-158.53873909520973,0.0,0.0,0.0,0.0,-907.7180121747236,0.0,0.0,-118.25798678513002,0.0,0.0,0.0,0.0,0.0,0.0,0.0,0.0,0.0,0.0,0.0,0.0,0.0,0.0,0.0,0.0,0.0,0.0,-19.709664464188336,0.0,0.0,0.0,0.0,0.0,0.0,0.0,0.0,0.0,0.0,0.0,-1000.0,0.0,0.0,1000.0,0.0,0.0,0.0,0.0,0.0,0.0,0.0,0.0,0.0,0.0,-508.1931263284092,0.0,0.0,0.0,0.0,0.0,290.4457348814525,0.0,0.0,0.0,0.0,0.0,-388.5894905976746,-388.5894905976746,0.0,0.0,0.0,-46.87500000000001,188.85892060449595,0.0,0.0,165.10243635398365,0.0,0.0,0.0,516.7054076224424,-33.81341190382104,0.0,0.0,0.0,0.0,0.0,0.0,0.0,0.0,0.0,0.0,0.0,0.0,0.0,0.0,-1000.0,0.0,0.0,0.0,0.0,0.0,0.0,0.0,99.9526677607019,-99.9526677607019,0.0,0.0,0.0,0.0,0.0,0.0,0.0,0.0,-1000.0,0.0,0.0,0.0,0.0,0.0,0.0,0.0,0.0,0.0,0.0,0.0,0.0,0.0,856.5175879574109,551.6765712717142,501.15648035590596,0.0,0.0,0.0,0.0,0.0,0.0,0.0,0.0,0.0,-184.56397565055272,0.0,553.6919269516583,0.0,0.0,0.0,0.0,0.0,0.0,0.0,395.15318785644854,0.0,0.0,0.0,649.5068860165368,0.0,0.0,0.0,-501.15648035590596,0.0,0.0,0.0,0.0,0.0,0.0,0.0,-92.28198782527636,0.0,0.0,985.5857891545857,0.0,727.4332980105859,258.1524911439998,727.4332980105859,0.0,-449.60155049513287,0.0,127.37687141448396,0.0,0.0,0.0,0.0,0.0,0.0,0.0,0.0,0.0,0.0,165.10243635398365,0.0,0.0,0.0,-46.87500000000001,0.0,0.0,-184.56397565055272,0.0,0.0,0.0,0.0,0.0,0.0,0.0,0.0,0.0,604.8468121435515,406.5615318188177,0.0,-78.83865785675334,896.8159007039844,33.81341190382104,1000.0,0.0,448.0045889430609,0.0,-118.25798678513002,0.0,0.0,0.0,854.9808854808805,-1000.0,-302.98547442394147,-1000.0,-1000.0,0.0,0.0,0.0,0.0,0.0,0.0,0.0,0.0,0.0,0.0,0.0,0.0,0.0,0.0,0.0,0.0,0.0,-656.8972852542374,0.0,-1000.0,0.0,0.0,0.0,0.0,0.0,0.0,158.5387390952098,0.0,0.0,0.0,0.0,0.0,0.0,26.583570151341632,0.0,0.0,1000.0,-118.75128358384882,0.0,-551.995411056939,0.0,-26.583570151341632,0.0,0.0,0.0,0.0,-1000.0,0.0,-276.4019042725997,-52.851401086612384,1000.0,0.0,0.0,0.0,0.0,151.7612307237505,0.0,0.0,856.5175879574109,0.0,0.0,0.0,388.6227743755752,0.0,0.0,0.0,0.0,0.0,0.0,0.0,0.0,-369.12795130110544,0.0,0.0,0.0,0.0,0.0,0.0,0.0,43.48344494330504,0.0,0.0,0.0,0.0,0.0,0.0,0.0,0.0,0.0,0.0,723.5980957274003,0.0,0.0,0.0,0.0,0.0,0.0,0.0,0.0,0.0,0.0,0.0,553.6919269516583,77.18012174723629,0.0,0.0,0.0,0.0,0.0,1000.0,0.0,0.0,0.0,0.0,0.0,776.1856177913437,-1000.0,0.0,0.0,870.8378153599889,0.0,0.0,0.0,0.0,0.0,0.0,0.0,0.0,0.0,0.0,6.569888154729445,-604.8468121435515,508.1931263284092,0.0,0.0,0.0,-58.56125082064517,0.0,0.0,0.0,776.1856177913437,0.0,819.6690627346487,0.0,0.0,0.0,856.5175879574109,0.0,0.0,0.0,0.0,0.0,0.0,0.0,0.0,0.0,0.0,0.0,0.0,0.0,0.0,0.0,0.0,0.0,0.0,0.0,0.0,0.0,0.0,0.0,0.0,0.0,0.0,0.0,0.0,553.6919269516583,0.0,0.0,553.6919269516583,0.0,0.0,0.0,0.0,-870.8378153599889,0.0,0.0,0.0,0.0,0.0,0.0,0.0,0.0,0.0,553.6919269516583,0.0,0.0,0.0,0.0,508.1931263284092,-1000.0,0.0,0.0,0.0,0.0,0.0,0.0,0.0,907.7180121747236,0.0,1000.0,0.0,0.0,0.0,0.0,0.0,0.0,0.0,58.56125082064517,0.0,0.0,0.0,0.0,0.0,0.0,0.0,0.0,0.0,0.0,0.0,0.0,0.0,0.0,0.0,0.0,0.0,0.0,-1000.0,1000.0,0.0,0.0,0.0,0.0,0.0,815.4360243494472,0.0,0.0,-1000.0,0.0,0.0,0.0,0.0,0.0,0.0,0.0,0.0,0.0,0.0,0.0,0.0,0.0,0.0,0.0,33.81341190382104,0.0,0.0,723.5980957274003,0.0,0.0,0.0,0.0,0.0,0.0,0.0,0.0,0.0,0.0,0.0,0.0,0.0,0.0,0.0,0.0,0.0,0.0,0.0,0.0,0.0,0.0,508.1931263284092,0.0,0.0,0.0,0.0,0.0,854.9808854808805,0.0,0.0,0.0,0.0,0.0,0.0,0.0,0.0,0.0,0.0,0.0,0.0,0.0,0.0,0.0,0.0,0.0,0.0,0.0,0.0,0.0,0.0,0.0,0.0,0.0,0.0,0.0,-77.18012174723629,0.0,0.0,0.0,0.0,46.87500000000001,-188.85892060449595,-158.53873909520973,0.0,0.0,0.0,0.0,0.0,0.0,0.0,0.0,0.0,0.0,870.8378153599889,220.66253378982537,-779.3374662101746,0.0,-491.8068736715908,-118.25798678513002,656.8972852542374,0.0,0.0,-656.8972852542374,0.0,0.0,0.0,0.0,999.9999999999999,0.0,0.0,-553.6919269516583,-369.12795130110544,-650.6941240484457,650.6941240484457,0.0,0.0,0.0,0.0,0.0,0.0,0.0,0.0,0.0,0.0,0.0,0.0,0.0,553.6919269516583,0.0,0.0,0.0,0.0,0.0,395.1531878564485,0.0,0.0,77.18012174723629,-723.5980957274003,0.0,0.0,0.0,0.0,0.0,0.0,0.0,-412.89420883135296,0.0,0.0,0.0,0.0,0.0,0.0,0.0,0.0,0.0,0.0,0.0,551.6765712717142,0.0,0.0,0.0,0.0,0.0,0.0,0.0,0.0,-886.7213201134912,0.0,936.9605323015107,0.0,0.0,0.0,0.0,0.0,0.0,0.0,0.0,0.0,0.0,0.0,553.6919269516583,0.0,0.0,0.0,0.0,77.18012174723629,0.0,0.0,0.0,0.0,0.0,0.0,0.0,0.0,0.0,0.0,0.0,0.0,0.0,940.4999350521193,-72.52846410691984,0.0,0.0,0.0,0.0,0.0,0.0,0.0,0.0,0.0,0.0,0.0,0.0,0.0,0.0,0.0,0.0,0.0,0.0,0.0,0.0,553.6919269516583,553.6919269516583,0.0,-1000.0,-1000.0,854.9808854808805,0.0,0.0,0.0,343.10271474576257,0.0,0.0,0.0,0.0,0.0,0.0,0.0,0.0,0.0,117.1875,0.0,-117.1875,-117.1875,0.0,0.0,0.0,0.0,0.0,0.0,0.0,854.9808854808805,0.0,0.0,0.0,0.0,0.0,0.0,0.0,369.12795130110544,0.0,0.0,0.0,0.0,0.0,0.0,0.0,1000.0,0.0,0.0,0.0,0.0,0.0,0.0,247.2272204710642,0.0,77.18012174723629,0.0,0.0,-343.10271474576257,936.9605323015107,0.0,0.0,0.0,0.0,0.0,0.0,0.0,0.0,0.0,0.0,0.0,0.0,0.0,0.0,0.0,0.0,0.0,0.0,0.0,0.0,0.0,0.0,0.0,0.0,0.0,77.18012174723629,0.0,0.0,0.0,0.0,0.0,0.0,0.0,0.0,0.0,0.0,0.0,0.0,0.0,0.0,0.0,0.0,0.0,0.0,0.0,0.0,0.0,0.0,0.0,0.0,0.0,0.0,0.0,0.0,-776.1856177913437,0.0,0.0,0.0,0.0,0.0,0.0,0.0,0.0,-854.9808854808805,0.0,0.0,0.0,0.0,0.0,0.0,0.0,0.0,0.0,0.0,0.0,0.0,0.0,0.0,0.0,0.0,0.0,0.0,39.41932892837667,0.0,0.0,0.0,-118.25798678513002,0.0,553.6919269516583,-334.03306771189784,0.0,0.0,0.0,0.0,0.0,0.0,-77.18012174723629,0.0,-601.7425947013049,0.0,0.0,0.0,0.0,0.0,0.0,547.8128333901125,0.0,0.0,0.0,0.0,0.0,0.0,0.0,0.0,0.0,0.0,334.03306771189784,0.0,0.0,0.0,-1000.0,0.0,-6.569888154729445,0.0,0.0,0.0,0.0,19.709664464188336,-779.3374662101746,0.0,-77.18012174723629,77.18012174723629,0.0,0.0,0.0,0.0,0.0,0.0,0.0,0.0,0.0,43.48344494330504,0.0,0.0,0.0,0.0,0.0,0.0,0.0,103.32809814870721,0.0,0.0,0.0,-21.74172247165252,0.0,0.0,0.0,0.0,0.0,0.0,0.0,0.0,0.0,-309.984294446121,0.0,9.094947017729282e-13,0.0,0.0,0.0,0.0,0.0,601.7425947013049,-276.84596347582914,-206.65619629741445,0.0,0.0,0.0,0.0,0.0,118.25798678513002,0.0,0.0,0.0,0.0,464.5159889297323,0.0,43.48344494330504,0.0,0.0,0.0,0.0,0.0,0.0,0.0,39.41932892837667,0.0,0.0,-39.41932892837667,0.0,0.0,390.2854406115308,0.0,0.0,77.18012174723629,779.3374662101746,0.0,0.0,0.0,0.0,0.0,0.0,0.0,433.0449104818563,0.0,1000.0,206.65619629741377,-1000.0,0.0,53.17024087183722,-1000.0,0.0,-1000.0,-422.1260183141957,1000.0,0.0,500.0,500.0,211.06300915709784,0.0,500.0,-77.18012174723629,-51.62178009837938,0.0,-1000.0,-51.62178009837938,-53.17024087183722,26.585120435918725,0.0,1496.5981,bhi
334,0.0,0.0,0.0,0.0,0.0,0.0,0.0,0.0,-0.011886683908343331,0.0,0.0,0.0,0.0,0.0,0.0,0.0,986.727370271608,-966.3425010655765,0.0,132.76879365001776,0.0,0.0,0.0,503.2955674056311,0.0,0.0,0.0,0.0,0.0,119.4961639216258,0.0,0.0,45.90193153009917,0.0,0.0,0.0,0.0,-0.0475467356336039,0.0,-1000.0,996.433994827497,0.0,0.0,0.0,0.0,0.0,0.0,0.0,-1000.0,-1000.0,0.0,-893.7764658067662,0.0,0.013075352299181997,0.0,0.0,0.0,2.3773367816686664,0.0,0.0,-1.046820629528396,0.0,0.0,-1.046820629528396,0.0,0.0,0.0,0.0,0.0,0.0,0.0,0.11886683908343332,0.0,0.0,0.0,0.0,0.0,0.0,0.0,975.8369293199318,0.0,0.0,0.0,0.0,7.132010345005999,0.0,0.0,689.4366804854543,583.2131462922205,-288.3475368835832,772.3366849323011,0.0,0.0,1000.0,3.5660051725029995,0.0,3.5660051725029995,-0.38275122184930854,0.0,0.0,0.0,0.5943341954171666,-880.5038360783742,0.0,0.0,0.0,0.0,915.1098180266249,0.0,0.0,0.0,0.0,0.0,0.0,0.0,0.0,0.0,0.0,0.0,0.0,0.0,0.0,0.0,0.0,-315.30617045111126,0.0,0.0,3.5660051725029995,0.0,3.6848720115864326,0.0,0.0,0.0,0.0,0.0,0.0,0.0,0.0,0.0,0.0,0.0,0.0,0.0,0.0,0.0,0.9152746609424359,0.011886683908343331,772.3396566032782,0.0,0.0,343.75000000000034,-343.75000000000034,0.0,0.0,0.0,0.0,-41.24424223412194,0.0,0.0,0.0,0.0,0.0,56.160358951924835,56.160358951924835,0.0,0.0,0.0,0.0,-288.99517512636555,0.0,0.0,56.17224563583318,0.0,0.0,0.0,-270.57151087528405,0.0,0.0,0.0,0.0,0.0,0.0,0.0,0.0,0.0,0.0,-1.6514566176655388,0.0,0.0,0.0,0.0,-1000.0,0.0,0.0,0.0,0.0,0.0,1000.0,893.7764658067662,416.7868537077795,-416.7868537077795,0.0,0.0,0.0,0.0,0.0,0.0,0.0,1000.0,405.04683971368473,0.0,0.0,0.0,0.0,0.0,0.0,0.0,0.0,0.0,0.0,0.0,0.0,0.0,194.49631101040237,49.46793670260217,-1000.0,0.0,0.0,0.0,0.0,101.64155519086268,0.0,0.0,0.0,0.0,-1.046820629528396,-1000.0,0.0,0.0,0.0,0.0,0.0,0.0,0.0,0.0,0.0,0.0,0.0,0.0,698.3620033621623,864.7882959466033,1000.0,0.0,1000.0,0.0,0.0,0.0,763.2077388777352,0.0,0.0,0.0,-1.1979796265628693,0.0,0.0,-89.33623011946068,-988.4367542015369,0.0,899.1005240820763,0.0,988.4367542015369,1000.0,0.0,-1000.0,1000.0,0.0,-68.47770708658479,0.0,0.0,0.0,0.0,0.0,0.0,0.0,1000.0,0.0,0.0,0.0,0.0,0.0,0.0,-1.046820629528396,-0.017830025862514996,0.0,0.0,0.0,0.0,0.011886683908343331,0.0,0.0,0.0,894.7924396366344,986.727370271608,0.0,-448.0922402775435,339.08564074042204,0.0,1000.0,0.0,0.0,0.0,0.0,0.0,0.0,0.0,956.0429282026887,0.0,-956.0429282026887,535.3251652814366,-1000.0,0.0,0.0,0.0,0.0,0.0,0.0,0.0,0.0,0.0,0.0,0.0,0.0,0.0,0.0,0.0,0.0,0.0,-1000.0,0.0,-1000.0,0.0,0.0,0.0,0.0,0.0,0.0,-0.9152746609424359,0.0,0.0,0.0,276.265393226385,0.0,0.0,0.0,-0.5943341954171666,-549.9156411106364,0.0,0.0,0.0,-293.2942565934776,0.0,0.0,0.0,-663.2947813276584,549.6184740129279,-0.5943341954171666,-34.06723608131199,0.0,584.3970447190131,0.0,407.8766107405637,3.5660051725029995,0.0,0.0,0.0,0.0,0.0,0.0,0.0,-194.49631101040237,194.49631101040237,194.49631101040237,997.6226632183314,0.0,0.0,-943.8515277319835,0.0,0.0,1000.0,0.0,0.0,-2.093641259056792,0.0,0.0,0.0,0.0,0.0,0.0,0.0,45.90193153009917,0.023773367816673486,0.0,0.0,0.0,0.0,0.0,0.0,0.0,0.0,0.0,0.0,0.0,0.0,0.0,0.0,0.0,0.0,0.0,0.0,0.0,0.013075352299181997,0.013075352299181997,0.0,947.9473055132564,0.0,7.132010345005999,0.0,0.0,0.0,584.8816676197362,0.0,0.0,0.0,0.0,0.0,398.4250916719054,-584.8816676197362,0.0,0.0,782.3067802218181,0.0,0.0,0.0,0.0,0.0,0.0,0.0,0.0,0.0,0.0,105.10205681703708,-894.7924396366344,0.0,0.0,0.9152746609424359,0.0,898.3584448091374,101.64155519086268,0.0,0.0,398.4250916719054,0.0,444.32702320200457,0.0,0.0,0.0,194.49631101040237,0.0,0.0,0.0,0.0,0.0,0.0,0.0,0.0,0.0,0.0,0.0,0.0,0.0,7.132010345005999,0.0,0.0,0.0,0.0,0.0,0.0,0.0,0.0,0.0,0.0,0.0,0.0,0.11886683908343332,0.0,0.0,0.0,0.0,0.0,893.7764658067662,0.0,0.0,3.5660051725029995,-782.3067802218181,0.0,0.0,0.0,0.0,0.0,0.0,0.0,0.0,0.0,1000.0,0.0,0.0,3.5660051725029995,3.5660051725029995,-603.4330450036531,-584.8816676197362,0.0,0.0,0.0,0.0,0.0,0.0,0.0,998.6534368245829,1000.0,1000.0,0.011886683908343331,0.0,0.0,0.0,15.698064198668561,0.0,0.0,-1000.0,0.0,0.0,0.0,0.0,0.0,0.0,0.0,0.0,0.0,0.0,0.0,0.0,0.0,0.0,0.011886683908343331,0.0,0.0,0.0,-218.68333718554845,218.68333718554845,0.0,0.0,0.0,0.0,0.0,-0.9152746609424298,0.0,0.0,0.0,-0.89150129312575,-0.594334195417167,0.0,0.0,0.0,0.0,0.0,0.0,0.0,0.0,0.0,0.0,0.0,0.0,0.0,0.0,0.0,0.0,992.867989654994,0.0,0.0,0.0,-0.011886683908343331,0.0,0.0,0.011886683908343331,0.0,0.011886683908343331,0.0,0.0,0.0,7.132010345005999,14.501754368178863,14.501754368178863,0.0,0.0,0.0,0.0,0.0,0.0,0.0,0.0,0.0,1000.0,0.0,0.0,0.0,957.066371687197,0.0,0.0,0.0,0.0,0.0,0.0,0.0,0.0,0.0,0.0,0.0,0.0,0.0,101.64155519086268,0.0,0.0,0.0,0.017830025862514996,0.0,0.0,0.0,-3.5660051725029995,0.0,0.0,0.0,0.0,0.0,-947.9473055132564,0.5943341954171666,0.0,0.0,0.0,0.0,288.99517512636555,-392.38932741425003,0.0,0.0,0.0,0.0,0.0,0.0,0.0,0.0,0.0,0.0,782.3067802218181,731.4725159563272,753.4509945028541,0.0,-196.90036980142546,0.0,0.0,-393.30460207519246,0.0,393.30460207519246,0.0,748.7059845095564,0.0,0.594334195417167,953.8012143218332,0.0,0.0,0.0,-2.093641259056792,0.0,0.0,0.0,0.0,0.0,0.0,0.0,0.0,0.0,0.0,-0.13154596858596612,14.501754368178863,0.0,234.43254144204062,234.43254144204062,-234.43254144204062,0.0,0.0,0.0,0.0,0.0,0.0,0.0,0.0,950.4902634240477,-15.698064198668561,-1000.0,0.0,3.5660051725029995,0.0,0.0,0.0,0.0,-88.28820560426772,0.0,0.0,0.013075352299181997,0.0,0.0,0.0,7.250877184089432,0.0,0.0,0.0,0.0,49.46793670260217,0.0,0.0,0.0,0.0,0.0,0.0,0.0,0.0,-166.88592885281008,0.0,0.0011886683908343331,0.0011886683908343331,0.0,0.0,0.0,0.0,0.0,0.0,0.0,0.0,0.0,0.0,0.0,0.0,0.0,0.0,0.0,947.9473055132564,0.0,0.0,0.0,0.0,0.0,0.0,0.0,1000.0,0.0,0.0,0.0,0.0,0.0,1000.0,-966.3425010655765,0.0,0.0,0.0,7.132010345005999,0.0,0.0,0.0,0.0,0.0,992.867989654994,-1000.0,0.0,0.0,0.0,0.0,0.0,0.0,0.0,0.0,0.0,0.0,0.0,0.0,-1000.0,653.4747660276453,965.2087501644122,792.4057751400776,-795.9717803125806,0.0,-0.0475467356336039,0.0,0.0,0.0,0.0,0.0,0.0,0.0,0.0,0.0,0.0,0.0,0.0,0.0,0.0,0.0,0.0,0.0,-1.485835488542917,0.0,-0.89150129312575,956.3064163626573,0.0,0.0,0.0,0.0,0.0,0.0,-0.14858354885429167,2.093641259056792,0.0,0.0,0.0,0.0,0.0,0.0,0.0,1000.0,3.5660051725029995,3.5660051725029995,0.0,0.0,0.0,0.0,975.8369293199318,0.013075352299181997,947.9473055132564,0.0,0.0,0.0475467356336039,0.0,0.0,0.0,0.0,0.0,0.0,0.0,0.0,0.0,0.0,0.0,0.0,0.0,0.0,0.0,0.0,0.0,0.0,0.0,12.481018103760498,0.9152746609424359,0.0,0.0,0.0,0.0,0.0,947.9473055132564,0.0,391.4122419969835,0.0,0.0,0.0,-1.485835488542917,0.0,0.0,0.0,0.0,0.0,0.0,0.0,0.0,0.0,0.0,0.0,0.0,0.0,0.0,0.0,0.0,0.0,0.0,-0.011886683908343331,0.0,0.0,0.5943341954171666,-398.4250916719054,0.0,0.0,0.0,0.0,0.0,0.0,0.0,0.0,-956.0429282026887,0.2971670977085833,0.0,0.0,0.0,0.011886683908343331,0.0,11.88668390834333,-3.6848720115864326,2.3773367816686664,0.08490488505959522,33.163848104277896,-0.008915012931257498,0.5943341954171666,0.23773367816686664,-0.05943341954194723,-33.163848104277896,3.5660051725029995,-0.011886683908343354,0.0,0.0,0.002971670977085833,0.08490488505959523,0.0,-1.8923600782089807,-0.23773367816686664,-153.15366285604932,-0.011886683908343331,0.002971670977085833,-33.163848104277896,648.582738375442,0.011886683908343354,0.011886683908343331,-947.9223434770489,0.013075352299177664,0.0,-0.008915012931257498,3.5660051725029995,0.011886683908343331,3.566005172503,-5.943341954171666,-0.005943341954171666,41.24424223412194,-102.84211026560536,-0.008915012931257498,-0.011886683908343331,-3.6848720115864326,0.011886683908343331,1.1886683908343332,-0.23773367816686664,101.64155519086268,101.64155519086268,-1.188668390834323,153.15366285604932,-101.64155519086268,2.3773367816686664,0.017830025862514996,99.38252683490987,1.1886683908343332,-105.10205681703708,0.0,-2.3773367816686664,0.005943341954171666,0.11886683908343332,112.02306006938588,755.8283312845227,-0.011886683908343331,-950.6218093926337,947.9223434770489,3.6848720115864326,0.011886683908343331,1.8923600782089807,-661.6580906746193,0.0,-0.011886683908343331,-0.002971670977085833,0.0,-0.011886683908343331,45.90193153009917,0.011886683908358175,-0.002971670977085833,-0.002971670977085833,-0.002971670977085833,4.754673563337333,5.943341954171666,0.11886683908343332,8.806546940594899,-0.002971670977085833,224.04612013877176,0.5943341954171666,-22.35663156963242,0.011886683908343331,0.005943341954171666,0.005943341954171666,1.1886683908343332,3.6848720115864326,0.011886683908343331,-3.6848720115864326,0.11886683908343332,0.011886683908343331,-8.806546940594899,0.011886683908343326,0.0475467356336039,0.05943341954194723,0.005943341954171666,0.002971670977085833,3.5660051725029995,-0.011886683908343331,0.0,0.11886683908343332,-17.613093881189798,0.2971670977085834,-1.1886683908343332,2.3773367816686664,0.5943341954171666,-0.011886683908343326,0.0,0.017830025862514996,-0.011886683908343331,-2.3773367816686664,3.6848720115864326,363.61023284907185,0.005943341954171666,44.71326313926484,-0.011886683908343331,-0.011886683908358175,-0.011886683908343331,0.005943341954171666,33.163848104277896,-2.3773367816686664,0.011886683908343331,224.04612013877176,-0.002971670977085833,-0.013075352299177664,-224.04612013877176,1.7830025862514995,102.84211026560536,-359.2461764247446,33.163848104277896,-0.008915012931257498,950.6218093926337,-755.8283312845227,0.011886683908343331,-0.0029716709770858324,276.8597274218022,11.88668390834333,-0.005943341954171666,-0.011886683908343331,0.002971670977085833,188.7265226719259,0.0,-811.0409332932809,0.0,1000.0,0.0,945.7773897340605,-46.164627244473564,647.3940699846077,459.24742921090683,-1000.0,194.52303301975678,-711.6524631164168,-229.62371460545342,-500.0,500.0,-647.3940699846077,23.082313622236782,-947.9473055132564,-275.32202724480413,711.6524631164168,-194.52303301975678,-275.32202724480413,-945.7773897340605,803.1234060089228,0.0,1496.5981,bhi
335,0.0,0.0,0.0,0.0,0.0,0.0,0.0,0.0,-0.1838234964562905,0.0,0.0,0.0,0.0,0.0,0.0,0.0,-799.9279340075634,331.5081452805621,0.0,855.6813445131341,0.0,0.0,0.0,0.0,0.0,0.0,0.0,0.0,0.0,-527.8125788435601,0.0,0.0,1000.0,0.0,0.0,0.0,0.0,999.2647060141744,0.0,-1000.0,-7.38420360843952,0.0,0.0,0.0,0.0,0.0,0.0,0.0,744.1745235019927,-811.8908768285032,0.0,0.0,0.0,0.20220584610210138,0.0,0.0,0.0,36.764699291258104,0.0,0.0,29.229121730712478,0.0,0.0,-107.02441122518047,0.0,0.0,0.0,0.0,0.0,325.28076108936085,0.0,1.8382349645629055,0.0,0.0,0.0,0.0,0.0,0.0,0.0,176.3526116463146,0.0,0.0,0.0,0.0,110.29409787377432,0.0,0.0,0.0,-357.1887029605439,800.2036692522479,-0.04595587411407263,0.0,0.0,0.0,55.14704893688716,0.0,55.14704893688716,-692.9070393453109,0.0,0.0,0.0,9.191174822814526,-527.8125788435601,0.0,0.0,-400.6933703932667,0.0,1000.0,0.0,0.0,0.0,0.0,0.0,0.0,0.0,0.0,0.0,0.0,0.0,0.0,0.0,0.0,0.0,0.0,-596.5676320413381,0.0,0.0,55.14704893688716,0.0,56.98528390145007,0.0,0.0,-305.9696373936349,-99.38479042436279,405.3544278179977,-405.3544278179977,342.28331122932065,0.0,0.0,-478.53684418521357,0.0,0.0,0.0,0.0,0.0,14.154409227134362,0.1838234964562905,0.0,0.0,0.0,0.0,0.0,0.0,0.0,0.0,0.0,1000.0,0.0,0.0,0.0,0.0,0.0,405.2176569632394,405.2176569632394,0.0,0.0,0.0,0.0,-72.77070346350598,0.0,0.0,405.4014804596957,0.0,0.0,0.0,11.767474737425118,-101.2603382676129,0.0,0.0,0.0,0.0,0.0,0.0,0.0,0.0,0.0,-383.9691326668752,0.0,0.0,0.0,0.0,-1000.0,0.0,0.0,0.0,0.0,0.0,811.8908768285032,0.0,-443.014966291704,443.014966291704,136.25353295589295,0.0,0.0,0.0,0.0,0.0,0.0,0.0,-477.5202718071589,0.0,0.0,0.0,0.0,0.0,0.0,0.0,0.0,0.0,0.0,0.0,0.0,0.0,709.2160350085211,-275.8884256529735,583.565989349131,0.0,0.0,0.0,0.0,100.7198472170843,0.0,0.0,0.0,0.0,29.229121730712478,583.565989349131,0.0,0.0,0.0,0.0,0.0,0.0,0.0,0.0,0.0,0.0,0.0,0.0,0.0,85.8262633311598,301.15955721028865,0.0,-583.565989349131,0.0,0.0,136.25353295589295,698.6213744110032,0.0,0.0,0.0,342.00124937776695,0.0,0.0,-1000.0,0.0,-312.4421798358645,-687.5578201641356,-312.4421798358645,0.0,-800.2036692522479,0.0,0.0,811.8908768285032,0.0,275.8941749400733,0.0,0.0,0.0,-262.4063989093654,0.0,262.4063989093654,0.0,1000.0,0.0,0.0,-184.362231687627,0.0,0.0,0.0,29.229121730712478,-0.2757352446844358,0.0,0.0,0.0,0.0,0.1838234964562905,0.0,0.0,0.0,707.8795708901356,-799.9279340075634,0.0,-490.4834867815344,-62.73062414428185,101.2603382676129,47.76284532844764,0.0,-413.6480495753752,0.0,-400.6933703932667,0.0,0.0,0.0,-15.827203044886794,0.0,429.475252620262,-1000.0,-1000.0,0.0,0.0,0.0,0.0,0.0,0.0,0.0,0.0,0.0,0.0,0.0,0.0,0.0,0.0,0.0,0.0,0.0,0.0,0.0,-1000.0,0.0,0.0,686.9879227594153,0.0,0.0,0.0,-14.154409227134362,0.0,0.0,0.0,0.0,0.0,0.0,0.0,-9.191174822814526,759.3828733686406,0.0,-547.2127326477947,-959.3911726408182,-676.9935905986572,0.0,0.0,0.0,1000.0,-763.9784607800478,950.1999978180037,-42.499770375929415,0.0,-66.71157751901393,0.0,0.0,55.14704893688716,0.0,0.0,0.0,0.0,0.0,0.0,0.0,-709.2160350085211,709.2160350085211,709.2160350085211,428.76023339355515,0.0,0.0,-594.9661665332169,0.0,0.0,0.0,0.0,0.0,-77.795289494468,0.0,0.0,0.0,0.0,0.0,0.0,0.0,-331.03547458986066,0.3676469929127038,0.0,0.0,0.0,0.0,0.0,0.0,0.0,0.0,0.0,325.28076108936085,0.0,0.0,0.0,0.0,0.0,0.0,0.0,0.0,0.0,0.20220584610210138,0.20220584610210138,0.0,149.60505909953952,0.0,110.29409787377432,0.0,0.0,0.0,1000.0,0.0,205.47025825029766,0.0,0.0,0.0,943.4865068800193,-1000.0,0.0,0.0,0.0,0.0,0.0,0.0,0.0,0.0,0.0,0.0,0.0,0.0,0.0,198.8558773471127,-707.8795708901356,0.0,0.0,14.154409227134362,0.0,-519.5682022337977,519.5682022337977,282.59482206082043,0.0,943.4865068800193,0.0,-387.54896770984146,1000.0,0.0,0.0,709.2160350085211,0.0,0.0,0.0,0.0,0.0,0.0,0.0,0.0,0.0,0.0,0.0,0.0,0.0,110.29409787377432,136.25353295589292,136.25353295589295,0.0,0.0,0.0,0.0,0.0,0.0,0.0,0.0,0.0,0.0,1.8382349645629055,0.0,0.0,0.0,0.0,0.0,0.0,0.0,0.0,55.14704893688716,0.0,0.0,0.0,0.0,0.0,0.0,0.0,0.0,0.0,0.0,-282.6286289504551,1000.0,0.0,55.14704893688716,55.14704893688716,1000.0,-1000.0,0.0,0.0,0.0,0.0,0.0,0.0,0.0,527.8125788435601,0.0,1000.0,0.1838234964562905,0.0,0.0,0.0,242.76518757002543,529.6487338033273,0.0,0.0,0.0,0.0,0.0,0.0,0.0,0.0,0.0,0.0,0.0,0.0,0.0,0.0,0.0,0.0,0.1838234964562905,0.0,0.0,0.0,0.0,0.0,0.0,0.0,0.0,0.0,0.0,686.9879227594153,0.0,-14.154409227134362,-1000.0,-13.78676223422179,-9.191174822814526,0.0,0.0,0.0,0.0,0.0,0.0,0.0,0.0,0.0,0.0,0.0,0.0,136.25353295589292,101.2603382676129,0.0,0.0,-57.520402696199405,0.0,0.0,0.0,-0.1838234964562905,0.0,0.0,0.1838234964562905,0.0,0.1838234964562905,0.0,0.0,0.0,110.29409787377432,224.26466567667447,224.26466567667447,0.0,0.0,0.0,0.0,0.0,0.0,0.0,0.0,0.0,0.0,0.0,0.0,0.0,0.0,0.0,0.0,0.0,0.0,0.0,0.0,0.0,0.0,0.0,0.0,0.0,0.0,0.0,236.97338017297724,0.0,0.0,0.0,0.2757352446844358,0.0,0.0,0.0,-55.14704893688716,0.0,0.0,0.0,0.0,0.0,-149.60505909953952,9.191174822814526,0.0,0.0,0.0,0.0,72.77070346350598,0.0,0.0,0.0,0.0,0.0,0.0,0.0,0.0,0.0,136.25353295589292,0.0,0.0,0.0,-559.6109759089816,0.0,545.4576652498774,128.9553634100606,0.0,-14.154409227134362,14.154409227134362,0.0,0.0,474.3567087343288,0.0,9.191174822814526,285.5515986729834,0.0,0.0,0.0,-77.795289494468,0.0,0.0,660.6166988042543,-660.6166988042543,0.0,0.0,0.0,0.0,0.0,370.1823704326534,-13.786762234221857,224.26466567667447,0.0,0.0,0.0,0.0,0.0,0.0,0.0,0.0,0.0,0.0,0.0,0.0,177.1785835679831,-568.0459486593863,0.0,0.0,55.14704893688716,0.0,0.0,0.0,0.0,0.8498271772033377,0.0,0.0,0.20220584610210138,0.0,0.0,0.0,112.13233283833723,0.0,0.0,0.0,0.0,-275.8884256529735,0.0,0.0,0.0,0.0,0.0,0.0,0.0,0.0,-310.6818864388247,0.0,0.018382349645629053,0.018382349645629053,0.0,0.0,0.0,0.0,0.0,0.0,0.0,0.0,0.0,0.0,0.0,0.0,0.0,0.0,0.0,149.60505909953952,0.0,0.0,0.0,0.0,0.0,0.0,0.0,811.8908768285032,0.0,0.0,0.0,0.0,0.0,0.0,331.5081452805621,0.0,0.0,0.0,110.29409787377432,0.0,0.0,0.0,0.0,0.0,0.0,-110.29409787377432,0.0,0.0,0.0,0.0,0.0,0.0,0.0,0.0,0.0,0.0,0.0,0.0,-1000.0,-1000.0,125.91909507255903,0.0,-55.14704893688716,0.0,999.2647060141744,0.0,0.0,0.0,0.0,0.0,0.0,0.0,0.0,0.0,492.1875,0.0,-492.1875,-492.1875,0.0,0.0,0.0,0.0,-22.977937057036314,136.25353295589295,-13.78676223422179,0.0,0.0,0.0,0.0,0.0,0.0,-342.3065094304914,340.0087157247878,77.795289494468,0.0,0.0,0.0,0.0,0.0,0.0,0.0,1000.0,55.14704893688716,55.14704893688716,0.0,0.0,0.0,0.0,176.3526116463146,0.20220584610210138,149.60505909953952,0.0,0.0,-999.2647060141744,0.0,0.0,0.0,0.0,0.0,0.0,0.0,0.0,0.0,0.0,0.0,0.0,0.0,0.0,0.0,0.0,0.0,0.0,0.0,193.01467127910507,14.154409227134362,0.0,0.0,0.0,0.0,0.0,149.60505909953952,0.0,-15.110291408710168,0.0,0.0,0.0,-22.977937057036314,0.0,0.0,0.0,0.0,0.0,0.0,0.0,0.0,0.0,0.0,0.0,0.0,0.0,0.0,0.0,0.0,0.0,0.0,-0.1838234964562905,0.0,0.0,9.191174822814526,-943.4865068800193,0.0,0.0,0.0,0.0,136.25353295589295,0.0,0.0,0.0,15.827203044886794,4.595587411407263,0.0,0.0,0.0,0.1838234964562905,0.0,183.8234964562905,-56.98528390145007,36.764699291258104,1.3130249746877893,512.8675551130506,-0.1378676223422179,9.191174822814526,3.6764699291258105,-0.9191174822818766,-512.8675551130506,55.14704893688716,-0.18382349645629054,133.56445679775558,0.0,0.045955874114072634,1.3130249746877893,-400.6933703932667,-29.26470063584453,-3.6764699291258105,-387.26155578613293,-0.18382349645629054,0.045955874114072634,-512.8675551130506,18.382349645629052,0.18382349645629054,0.1838234964562905,-149.21902975698114,0.20220584610191958,0.0,-0.1378676223422179,55.14704893688716,0.18382349645629054,55.14704893688716,-91.91174822814526,-0.09191174822814525,-198.61325921346656,-119.28602035916963,-0.1378676223422179,-0.18382349645629054,-56.98528390145007,0.1838234964562905,18.382349645629052,-3.6764699291258105,236.97338017297724,236.97338017297724,-18.382349645629052,387.26155578613293,-236.97338017297724,36.764699291258104,0.2757352446844358,-1000.0,18.382349645629052,-198.8558773471127,0.0,-36.764699291258104,0.09191174822814525,1.8382349645629055,122.6208716953836,-522.8462766177234,-0.1838234964562905,-190.96534580220498,149.21902975698114,56.98528390145007,0.18382349645629054,29.26470063584453,-220.58819574754938,0.0,-0.1838234964562905,-0.04595587411407263,0.0,-0.18382349645629054,-331.03547458986066,0.18382349645640422,-0.04595587411407263,-0.04595587411407263,-0.04595587411407263,73.52939858251621,91.91174822814526,1.8382349645629055,136.19023293705783,-0.04595587411407263,111.67728659301162,9.191174822814526,174.70891211774486,0.1838234964562905,0.09191174822814525,0.09191174822814527,18.382349645629052,56.98528390145007,0.1838234964562905,-56.98528390145007,1.8382349645629055,0.18382349645629054,-136.19023293705783,0.18382349645629054,0.7352939858255922,0.9191174822818766,0.09191174822814525,0.04595587411407263,55.14704893688716,-0.18382349645629054,0.0,1.8382349645629052,-272.38046587411566,4.595587411407263,-18.382349645629052,36.764699291258104,9.191174822814526,-0.18382349645629054,400.6933703932667,0.2757352446844358,-0.18382349645629054,-36.764699291258104,56.98528390145007,260.55516716452246,0.09191174822814527,-349.4178242354897,-0.18382349645629054,-0.18382349645640422,-0.18382349645629054,0.09191174822814527,512.8675551130506,-36.764699291258104,0.1838234964562905,245.2417433907672,-0.04595587411407263,-0.20220584610191958,-245.2417433907672,27.573524468443576,119.28602035916963,-418.7140930383571,512.8675551130506,-0.1378676223422179,190.96534580220498,522.8462766177234,0.18382349645629054,-0.04595587411407262,9.191174822814526,183.8234964562905,-0.09191174822814525,-0.18382349645629054,0.045955874114072634,1000.0,0.0,999.9080882517718,0.0,-1000.0,0.0,996.8887688201596,-875.1071358616238,0.0,1000.0,-594.4802960948739,-582.2223645411356,0.0,-500.0,500.0,297.24014804743695,0.0,437.5535679308119,-149.60505909953952,-261.4049943417258,0.0,582.2223645411356,-261.4049943417258,-996.8887688201596,599.54730746104,0.0,1496.5981,bhi
336,0.0,0.0,0.0,0.0,0.0,0.0,0.0,0.0,-0.0500064605874826,0.0,0.0,0.0,0.0,0.0,0.0,0.0,202.02257570329357,394.0072825810006,0.0,0.0,0.0,0.0,0.0,239.0423460155606,0.0,0.0,0.0,0.0,0.0,-658.8488787018649,0.0,0.0,832.2786312541543,0.0,0.0,0.0,0.0,486.7534938176558,0.0,-476.06419768463854,984.9980618237552,0.0,0.0,0.0,0.0,0.0,349.176996937075,0.0,0.0,-280.46349597348245,0.0,0.0,0.0,0.05500710664630226,0.0,0.0,0.0,0.0,0.0,0.0,-394.91285183142134,0.0,-605.0871481685787,-1000.0,0.0,0.0,0.0,0.0,0.0,0.0,0.0,0.500064605874826,0.0,0.0,0.0,0.0,0.0,0.0,0.0,0.0,0.0,0.0,0.0,0.0,30.003876352489563,0.0,390.50894953568275,899.0262169937938,175.2585593043574,-276.2323423105635,-0.01250161514687065,0.0,0.0,-382.45653382366527,15.001938176244781,0.0,15.001938176244781,-1.6102080309183537,0.0,0.0,0.0,2.50032302937413,-658.8488787018649,0.0,0.0,0.0,0.0,0.0,0.0,0.0,0.0,0.0,0.0,0.0,0.0,0.0,0.0,0.0,0.0,0.0,0.0,0.0,0.0,0.0,-28.683299668239194,0.0,0.0,15.001938176244781,0.0,15.502002782119606,0.0,0.0,-534.5489110413305,0.0,534.5489110413305,-534.5489110413305,0.0,0.0,0.0,0.0,0.0,0.0,0.0,0.0,0.0,394.3594470009189,0.0500064605874826,0.0,0.0,0.0,-510.3675387558911,0.0,0.0,0.0,0.0,0.0,422.5863382797086,0.0,0.0,0.0,0.0,0.0,967.9247270093528,967.9247270093528,0.0,0.0,0.0,0.0,0.0,0.0,0.0,967.9747334699402,0.0,0.0,0.0,0.0,-780.349714373948,0.0,0.0,0.0,0.0,0.0,0.0,0.0,0.0,0.0,-493.90108391762703,0.0,0.0,0.0,0.0,-1000.0,0.0,0.0,0.0,0.0,0.0,280.46349597348245,0.0,100.97378300620619,-100.97378300620619,0.0,0.0,0.0,0.0,0.0,0.0,0.0,0.0,-650.3135561284791,0.0,0.0,0.0,0.0,0.0,0.0,0.0,0.0,0.0,0.0,0.0,0.0,0.0,0.0,638.9711461981034,456.82630299857135,0.0,0.0,0.0,0.0,14.341649834119597,0.0,0.0,0.0,0.0,-394.91285183142134,456.82630299857135,0.0,0.0,0.0,0.0,0.0,0.0,0.0,0.0,0.0,10.00129211749652,0.0,0.0,-74.2847762981512,0.0,1000.0,0.0,-456.82630299857135,0.0,0.0,0.0,697.4276692363827,0.0,0.0,0.0,-60.062544567309146,0.0,0.0,0.0,0.0,871.0476190075199,-871.04761900752,871.0476190075199,0.0,276.2323423105635,0.0,-404.045151406587,280.46349597348245,0.0,125.17637520495691,0.0,0.0,0.0,0.0,0.0,0.0,0.0,145.52486887879223,0.0,0.0,-9.413316991294153,0.0,0.0,0.0,-394.91285183142134,-0.0750096908812239,0.0,0.0,0.0,0.0,0.0500064605874826,0.0,0.0,0.0,970.6564119896356,202.02257570329357,0.0,0.0,-121.53071198086698,780.349714373948,1000.0,0.0,875.7139646253888,0.0,0.0,0.0,0.0,0.0,-4.3055562565823235,-871.4084083688065,0.0,-1000.0,-1000.0,0.0,0.0,0.0,0.0,0.0,0.0,0.0,0.0,0.0,0.0,0.0,0.0,0.0,0.0,0.0,0.0,0.0,-513.0464803399929,0.0,-1000.0,0.0,0.0,0.0,0.0,0.0,0.0,-394.35944700091886,0.0,0.0,0.0,0.0,0.0,550.7771676210773,-198.89314418042753,-2.50032302937413,-1.250161514687065,320.6312407477291,-1000.0,0.0,0.0,-67.33369918104532,198.89314418042753,0.0,0.0,0.0,-2.50032302937413,466.17253442059206,0.0,-980.6962732900005,-717.8923514825588,948.1920739081368,15.001938176244781,0.0,0.0,0.0,0.0,0.0,0.0,0.0,0.0,0.0,0.0,-1000.0,0.0,0.0,0.0,0.0,0.0,0.0,0.0,0.0,-8.80780459147718,0.0,-406.2499999999414,0.0,0.0,0.0,0.0,0.0,113.60166926596753,0.10001292117616956,0.0,0.0,0.0,0.0,0.0,0.0,0.0,0.0,0.0,0.0,0.0,0.0,0.0,0.0,0.0,0.0,0.0,0.0,0.0,0.05500710664630226,0.05500710664630226,0.0,0.0,0.0,30.003876352489563,0.0,0.0,0.0,598.2824066821486,0.0,0.0,390.50894953568275,0.0,0.0,-269.7079772668559,-598.2824066821486,0.0,0.0,244.10205547940012,0.0,0.0,0.0,0.0,0.0,0.0,0.0,0.0,0.0,0.0,9.561099889413065,-970.6564119896356,510.3675387558911,0.0,394.3594470009189,0.0,-1000.0,617.5434661763347,603.2018163422151,0.0,-269.7079772668559,0.0,-746.9735059524862,590.8671979515979,0.0,0.0,0.0,0.0,0.0,0.0,0.0,0.0,0.0,0.0,0.0,0.0,0.0,0.0,0.0,0.0,30.003876352489563,0.0,0.0,0.0,0.0,0.0,0.0,0.0,0.0,0.0,0.0,0.0,0.0,0.500064605874826,0.0,0.0,390.50894953568275,-390.50894953568275,0.0,0.0,0.0,0.0,15.001938176244781,-244.10205547940012,0.0,0.0,0.0,0.0,0.0,0.0,0.0,0.0,0.0,951.571966349363,0.0,0.0,15.001938176244781,15.001938176244781,1000.0,-598.2824066821486,0.0,0.0,0.0,0.0,0.0,0.0,0.0,658.8488787018649,0.0,1000.0,0.0500064605874826,0.0,0.0,0.0,66.0406749858547,0.0,0.0,382.45653382366527,0.0,0.0,0.0,0.0,0.0,0.0,0.0,0.0,0.0,0.0,0.0,0.0,0.0,0.0,0.0500064605874826,0.0,0.0,0.0,30.427069900654466,-30.427069900654466,0.0,0.0,0.0,0.0,-948.9517638953245,554.5923168944056,0.0,0.0,-486.95351966000715,-3.7504845440611954,-2.50032302937413,0.0,0.0,125.0,125.0,-125.00000000000001,0.0,0.0,0.0,0.0,0.0,0.0,0.0,0.0,780.349714373948,0.0,0.0,-30.003876352489563,0.0,0.0,0.0,-0.0500064605874826,0.0,0.0,0.0500064605874826,0.0,0.0500064605874826,0.0,0.0,0.0,30.003876352489563,61.00788191672877,61.00788191672877,0.0,0.0,0.0,0.0,0.0,0.0,0.0,510.3675387558911,0.0,0.0,0.0,0.0,0.0,0.0,0.0,0.0,0.0,0.0,0.0,0.0,0.0,0.0,0.0,0.0,0.0,0.0,0.0,14.341649834119597,0.0,0.0,0.0,0.0750096908812239,0.0,0.0,0.0,-15.001938176244781,0.0,0.0,0.0,0.0,0.0,0.0,2.50032302937413,0.0,0.0,0.0,0.0,0.0,-554.5923168944056,0.0,0.0,-406.2499999999414,0.0,0.0,0.0,0.0,0.0,0.0,0.0,244.10205547940012,402.68140547391295,0.0,0.0,355.9372514449562,0.0,0.0,0.0,0.0,0.0,0.0,636.4197873196539,0.0,2.50032302937413,415.13594074500725,0.0,0.0,0.0,-789.8257036628427,0.0,0.0,-296.8750000002518,296.8750000002518,0.0,0.0,0.0,0.0,0.0,486.4001148295047,0.0,61.00788191672877,0.0,0.0,0.0,0.0,0.0,0.0,0.0,0.0,0.0,0.0,0.0,0.0,11.251453632183567,-66.0406749858547,-584.4498251958212,0.0,15.001938176244781,390.50894953568275,0.0,0.0,0.0,-208.42730999077205,0.0,0.0,0.05500710664630226,0.0,0.0,0.0,30.503940958364385,0.0,0.0,0.0,0.0,638.9711461981034,0.0,0.0,0.0,0.0,0.0,0.0,0.0,0.0,0.0,0.0,0.005000646058748403,0.005000646058748403,0.0,0.0,0.0,0.0,0.0,0.0,0.0,0.0,0.0,0.0,0.0,0.0,0.0,0.0,0.0,0.0,0.0,0.0,0.0,0.0,0.0,0.0,0.0,280.46349597348245,0.0,0.0,0.0,781.0178990713655,0.0,0.0,394.0072825810006,0.0,0.0,0.0,30.003876352489563,0.0,0.0,0.0,0.0,0.0,0.0,-30.003876352489563,0.0,781.0178990713655,0.0,0.0,0.0,0.0,0.0,0.0,0.0,0.0,0.0,0.0,-1000.0,-1000.0,34.25442550242558,0.0,-15.001938176244781,0.0,486.7534938176558,0.0,0.0,0.0,0.0,0.0,0.0,0.0,0.0,0.0,0.0,0.0,0.0,0.0,0.0,0.0,0.0,0.0,-6.250807573435326,0.0,-3.7504845440611954,-3.7504845440611883,0.0,0.0,0.0,0.0,0.0,-402.81511749445946,402.1900367371159,8.807804591477154,0.0,0.0,0.0,0.0,0.0,0.0,0.0,1000.0,15.001938176244781,15.001938176244781,0.0,0.0,0.0,0.0,0.0,0.05500710664630226,0.0,0.0,0.0,-486.7534938176558,0.0,0.0,0.0,0.0,0.0,0.0,0.0,0.0,0.0,0.0,0.0,0.0,0.0,0.0,0.0,0.0,0.0,0.0,0.0,52.50678361685674,394.3594470009189,0.0,0.0,0.0,0.0,0.0,0.0,0.0,550.4817858341131,0.0,0.0,0.0,-6.250807573435326,0.0,0.0,0.0,0.0,0.0,0.0,0.0,0.0,0.0,0.0,0.0,0.0,0.0,0.0,0.0,0.0,0.0,0.0,-0.0500064605874826,0.0,0.0,2.50032302937413,269.7079772668559,0.0,0.0,0.0,0.0,0.0,0.0,0.0,0.0,4.3055562565823235,1.250161514687065,0.0,0.0,0.0,0.0500064605874826,0.0,50.0064605874826,-15.502002782119606,10.00129211749652,0.3571890041963043,139.51802503907646,-0.03750484544061195,2.50032302937413,1.000129211749652,-0.25003230293883405,-139.51802503907646,15.001938176244781,-0.0500064605874826,0.0,0.0,0.01250161514687065,0.3571890041963043,0.0,-398.46997806121135,-1.000129211749652,-596.0298582842942,-0.0500064605874826,0.01250161514687065,-139.51802503907646,5.00064605874826,0.0500064605874826,0.0500064605874826,0.10501356723378485,-390.4539424290365,-718.6769619881868,-0.03750484544061195,15.001938176244781,0.05000646058748276,15.001938176244781,-25.003230293741304,-0.0250032302937413,296.0906237084782,-19.39230235345534,-0.03750484544061195,-0.0500064605874826,-15.502002782119606,0.0500064605874826,5.00064605874826,-1.000129211749652,14.341649834119597,14.341649834119597,-5.00064605874826,596.0298582842942,-14.341649834119597,10.00129211749652,0.0750096908812239,-1000.0,5.00064605874826,-9.561099889413065,0.0,-10.00129211749652,0.0250032302937413,0.500064605874826,0.0,10.00129211749652,-0.0500064605874826,-11.251453632183567,-0.10501356723378485,15.502002782119606,0.0500064605874826,398.46997806121135,-60.007752704978486,0.0,-0.0500064605874826,-0.01250161514687065,0.0,-0.0500064605874826,113.60166926596753,0.05000646058759629,-0.01250161514687065,-0.01250161514687065,-0.01250161514687065,20.00258423499304,25.003230293741304,0.500064605874826,37.04853648775415,-0.01250161514687065,0.0,2.50032302937413,-54.300511603609635,0.0500064605874826,0.0250032302937413,0.0250032302937413,5.00064605874826,15.502002782119606,0.0500064605874826,-15.502002782119606,0.500064605874826,0.0500064605874826,-37.04853648775415,0.0500064605874826,0.20002584235135146,0.25003230293883405,0.0250032302937413,0.01250161514687065,15.001938176244781,-0.0500064605874826,718.6769619881868,0.500064605874826,-74.0970729755083,1.2501615146870653,-5.00064605874826,10.00129211749652,2.50032302937413,-0.0500064605874826,0.0,0.0750096908812239,-0.0500064605874826,-10.00129211749652,15.502002782119606,267.4663480943934,0.0250032302937413,108.60102320721927,-0.05000646058748276,-0.05000646058759629,-0.0500064605874826,0.0250032302937413,139.51802503907646,-10.00129211749652,0.0500064605874826,0.0,-0.01250161514687065,390.4539424290365,0.0,7.50096908812239,19.39230235345534,442.630272645824,139.51802503907646,-0.03750484544061195,11.251453632183567,-10.00129211749652,0.0500064605874826,-0.012501615146870652,2.50032302937413,50.0064605874826,-0.0250032302937413,-0.0500064605874826,0.01250161514687065,1000.0,0.0,999.9749967697063,0.0,-445.2424369456776,0.0,341.0262695669036,-833.3837740331378,0.0,-532.5833351522609,989.9987078825034,144.42899519343837,0.0,266.29166757613046,222.6212184728388,-494.9993539412517,0.0,416.6918870165689,0.0,-59.03903810362139,0.0,-144.42899519343837,-59.03903810362139,-341.0262695669036,198.0166881065669,0.0,1496.5981,bhi
337,0.0,0.0,0.0,0.0,0.0,0.0,0.0,0.0,-0.17190471813360844,0.0,0.0,0.0,0.0,0.0,0.0,0.0,-277.68759008974513,1000.0,0.0,-673.2156756566064,0.0,0.0,0.0,0.0,0.0,0.0,0.0,0.0,0.0,0.0,0.0,0.0,695.6218440279848,0.0,0.0,0.0,0.0,-30.106246302467866,0.0,-1000.0,-193.50395344608336,0.0,-375.75842365146775,0.0,0.0,0.0,0.0,0.0,-98.07083356172262,-719.7426235924207,0.0,0.0,0.0,0.1890951899471393,0.0,0.0,0.0,34.38094362672169,0.0,0.0,-15.1390755103007,0.0,840.5408455081591,825.4017699978585,0.0,0.0,0.0,0.0,0.0,0.0,0.0,1.7190471813360844,0.0,0.0,0.0,0.0,0.0,0.0,0.0,0.0,0.0,0.0,0.0,0.0,103.14283088016506,0.0,0.0,-800.4959127393433,477.1916773504018,521.4115469956206,-0.04297617953340211,0.0,0.0,-266.8461432862036,51.57141544008253,0.0,51.57141544008253,0.0,0.0,0.0,0.0,8.595235906680422,0.0,0.0,0.0,-300.5790617012623,0.0,941.6607368395565,0.0,0.0,0.0,0.0,0.0,0.0,0.0,0.0,0.0,0.0,0.0,0.0,0.0,0.0,0.0,0.0,-253.3780713080277,0.0,0.0,51.57141544008253,0.0,53.29046262141861,43.01516593924245,0.0,153.65010784699308,-153.65010784699308,0.0,0.0,0.0,0.0,0.0,0.0,0.0,0.0,0.0,0.0,0.0,13.23666329628785,0.17190471813360844,0.0,0.0,0.0,0.0,-440.3670348704487,0.0,0.0,0.0,0.0,1000.0,0.0,0.0,0.0,0.0,0.0,999.8280952818664,999.8280952818664,0.0,0.0,0.0,171.87500000000006,0.0,0.0,0.0,1000.0,0.0,0.0,0.0,786.4931130773236,-268.46113522140575,0.0,0.0,0.0,0.0,0.0,0.0,0.0,0.0,0.0,0.0,0.0,0.0,0.0,0.0,-1000.0,0.0,0.0,0.0,0.0,0.0,719.7426235924207,375.75842365146775,-477.1916773504018,477.1916773504018,0.0,0.0,0.0,0.0,0.0,0.0,0.0,0.0,-21.48808976670106,0.0,0.0,0.0,0.0,0.0,0.0,0.0,0.0,0.0,0.0,0.0,0.0,0.0,0.0,586.4021709359914,0.0,0.0,0.0,0.0,0.0,55.221008181759736,0.0,0.0,0.0,0.0,-15.1390755103007,0.0,0.0,0.0,754.1552093765658,0.0,0.0,0.0,0.0,0.0,5.535331923904559,0.0,0.0,0.0,243.46609982867506,822.0910308780109,-1000.0,0.0,0.0,0.0,0.0,0.0,1000.0,0.0,0.0,0.0,342.5461812869778,0.0,0.0,-1000.0,0.0,0.0,-1000.0,0.0,0.0,0.0,0.0,748.1593932940577,719.7426235924207,0.0,510.4234872894927,0.0,0.0,0.0,0.0,0.0,0.0,0.0,1000.0,0.0,0.0,0.0,171.87500000000006,0.0,0.0,-15.1390755103007,-0.2578570772004127,0.0,0.0,0.0,0.0,0.17190471813360844,0.0,0.0,0.0,887.6722444542531,-277.68759008974513,0.0,-571.744219778033,-182.84256375232536,268.46113522140575,-141.9325380060008,0.0,0.0,0.0,-300.5790617012623,0.0,0.0,0.0,-14.800996231303856,515.2037162979278,-500.40272006662394,36.376887029277455,-1000.0,0.0,0.0,0.0,0.0,0.0,0.0,0.0,0.0,0.0,0.0,0.0,0.0,0.0,0.0,0.0,0.0,754.1552093765658,-1000.0,0.0,-970.5813725700671,0.0,0.0,0.0,0.0,0.0,0.0,-18.77199522019241,0.0,0.0,0.0,0.0,0.0,0.0,0.0,0.0,0.0,-515.2037162979278,369.88320734729245,99.2058578105535,0.0,268.9330170997202,0.0,-8.595235906680422,945.0847451232039,-4.297617953340211,-107.80109371723393,-954.1277933206037,0.0,446.5289964514751,44.44240432190279,-558.2670632383206,51.57141544008253,0.0,0.0,0.0,0.0,0.0,0.0,0.0,0.0,0.0,0.0,-733.8018819254595,0.0,0.0,-0.3438094362672169,0.0,0.0,0.0,0.0,0.0,-30.278151020601474,0.0,0.0,0.0,0.0,0.0,0.0,0.0,94.46372062546025,0.34380943626763705,0.0,0.0,0.0,0.0,0.0,0.0,0.0,0.0,0.0,0.0,0.0,0.0,0.0,0.0,0.0,0.0,0.0,0.0,0.0,0.1890951899471393,0.1890951899471393,0.0,161.18580991210703,0.0,103.14283088016506,0.0,0.0,0.0,581.3247979002175,0.0,0.0,0.0,0.0,0.0,-181.0611168401662,-581.3247979002175,0.0,0.0,0.0,0.0,0.0,0.0,0.0,0.0,0.0,0.0,0.0,0.0,0.0,84.4593571026759,-887.6722444542531,440.3670348704487,0.0,13.23666329628785,0.0,-266.8461432862036,0.0,-55.221008181759736,0.0,-181.0611168401662,0.0,-704.6081915171865,618.0107953024806,0.0,0.0,0.0,0.0,0.0,0.0,0.0,0.0,0.0,0.0,0.0,0.0,0.0,0.0,0.0,0.0,103.14283088016506,0.0,0.0,0.0,0.0,0.0,0.0,0.0,0.0,0.0,0.0,0.0,0.0,1.7190471813360844,0.0,0.0,0.0,0.0,0.0,375.75842365146775,0.0,0.0,51.57141544008253,0.0,0.0,0.0,0.0,0.0,0.0,0.0,0.0,0.0,0.0,75.87354441007156,-1000.0,0.0,51.57141544008253,51.57141544008253,1000.0,-581.3247979002175,0.0,0.0,0.0,0.0,0.0,0.0,0.0,620.6547487178868,0.0,1000.0,0.17190471813360844,0.0,0.0,0.0,54.964074355336244,0.0,0.0,266.8461432862036,0.0,0.0,0.0,0.0,0.0,0.0,0.0,0.0,0.0,0.0,0.0,0.0,0.0,0.0,0.17190471813360844,0.0,0.0,0.0,23.97423456769036,-23.97423456769036,0.0,0.0,0.0,0.0,-27.36723112687283,707.6495387198286,0.0,0.0,-669.6356753832152,-12.892853860020635,-8.595235906680422,0.0,0.0,0.0,0.0,0.0,0.0,0.0,0.0,0.0,0.0,0.0,0.0,0.0,268.46113522140575,0.0,0.0,-103.14283088016505,0.0,0.0,0.0,-0.17190471813360844,0.0,0.0,0.17190471813360844,0.0,0.17190471813360844,0.0,0.0,0.0,103.14283088016506,209.7237561230023,209.7237561230023,0.0,0.0,0.0,0.0,0.0,0.0,0.0,440.3670348704487,0.0,0.0,0.0,0.0,0.0,0.0,0.0,0.0,0.0,0.0,0.0,0.0,0.0,0.0,0.0,0.0,0.0,0.0,0.0,55.221008181759736,0.0,0.0,0.0,0.2578570772004127,0.0,0.0,0.0,-51.57141544008253,0.0,0.0,0.0,0.0,0.0,-161.18580991210703,8.595235906680422,0.0,0.0,0.0,-171.87500000000006,0.0,-8.595235906680422,0.0,0.0,0.0,0.0,0.0,0.0,0.0,0.0,0.0,0.0,0.0,-3.015906069941878,161.18580991210703,0.0,1000.0,-300.5790617012623,699.0543028131482,0.0,0.0,-699.0543028131482,0.0,790.2762438769977,0.0,8.595235906680422,1000.0,0.0,0.0,0.0,-30.278151020601474,-574.0952607544693,574.0952607544693,1000.0,-1000.0,0.0,0.0,0.0,0.0,0.0,-12.892853860020667,-12.892853860020544,209.7237561230023,0.0,0.0,0.0,0.0,0.0,0.0,0.0,0.0,0.0,5.535331923904559,0.0,0.0,186.97151763214833,-54.964074355336244,1000.0,-375.75842365146775,51.57141544008253,0.0,0.0,0.0,0.0,225.62879861930597,0.0,0.0,0.1890951899471393,0.0,0.0,0.0,104.86187806150114,0.0,0.0,0.0,0.0,586.4021709359914,0.0,0.0,0.0,0.0,0.0,0.0,0.0,0.0,822.6814498547532,0.0,0.017190471813360843,0.017190471813360843,0.0,0.0,0.0,0.0,0.0,0.0,0.0,0.0,0.0,0.0,0.0,0.0,0.0,0.0,0.0,161.18580991210703,0.0,0.0,0.0,0.0,0.0,0.0,0.0,719.7426235924207,0.0,0.0,0.0,0.0,-591.7037793071657,388.959906854872,1000.0,0.0,0.0,0.0,103.14283088016505,0.0,0.0,0.0,0.0,0.0,406.41550689620226,-509.55833777636735,0.0,0.0,0.0,0.0,0.0,0.0,0.0,0.0,0.0,0.0,0.0,0.0,-1000.0,657.0316357471643,117.7547319215218,-51.57141544008253,0.0,0.0,-30.106246302467866,0.0,0.0,0.0,0.0,0.0,0.0,0.0,0.0,0.0,0.0,0.0,0.0,0.0,0.0,0.0,0.0,0.0,-21.48808976670106,0.0,-12.892853860020635,0.0,0.0,0.0,0.0,0.0,0.0,-282.22487547305207,280.07606649638194,30.278151020601474,0.0,0.0,0.0,0.0,0.0,0.0,0.0,1000.0,51.57141544008253,51.57141544008253,0.0,0.0,0.0,0.0,0.0,0.1890951899471393,161.18580991210703,0.0,0.0,30.106246302467866,0.0,0.0,0.0,0.0,0.0,0.0,0.0,0.0,0.0,0.0,0.0,0.0,0.0,0.0,0.0,0.0,0.0,43.01516593924245,0.0,180.49995404028886,13.23666329628785,0.0,0.0,0.0,0.0,0.0,161.18580991210703,0.0,0.0,0.0,0.0,0.0,-21.48808976670106,0.0,0.0,0.0,0.0,0.0,0.0,0.0,0.0,0.0,0.0,0.0,0.0,0.0,0.0,0.0,0.0,0.0,0.0,-0.17190471813360844,0.0,0.0,8.595235906680422,181.0611168401662,0.0,0.0,0.0,0.0,0.0,0.0,0.0,0.0,14.800996231303856,4.297617953340211,0.0,0.0,0.0,0.17190471813360844,0.0,171.90471813360844,-10.275296682176133,34.38094362672169,1.2278908438114888,565.6444954712524,-0.12892853860020634,8.595235906680422,3.438094362672169,-0.859523590668573,-565.6444954712524,51.57141544008253,-0.17190471813360844,100.19302056708743,0.0,0.04297617953340211,1.2278908438114888,-300.5790617012623,-27.36723112687283,-3.438094362672169,-49.096734253648435,-0.17190471813360844,0.04297617953340211,-565.6444954712524,17.190471813360844,0.17190471813360844,0.17190471813360844,-160.82481000402626,0.18909518994696928,0.0,-0.12892853860020634,51.57141544008253,0.17190471813360844,51.57141544008253,-85.95235906680422,-0.08595235906680422,-398.84187659747545,-72.58338471325419,-0.12892853860020634,-0.17190471813360844,-10.275296682176133,0.17190471813360844,17.190471813360844,-3.438094362672169,55.221008181759736,55.221008181759736,-17.190471813360844,49.096734253648435,-55.221008181759736,34.38094362672169,0.2578570772004127,-1000.0,17.190471813360844,-84.4593571026759,0.0,-34.38094362672169,0.08595235906680422,1.7190471813360844,142.93605494450824,195.56675353882872,-0.17190471813360844,-199.86437149216889,160.82481000402626,53.29046262141861,0.17190471813360844,27.36723112687283,-206.2856617603299,0.0,-0.17190471813360844,-0.04297617953340211,0.0,-0.17190471813360844,94.46372062546025,0.1719047181339495,-0.04297617953340211,-0.04297617953340211,-0.04297617953340211,68.76188725344338,85.95235906680422,1.7190471813360844,127.35990804724042,-0.04297617953340211,185.67908932192904,8.595235906680422,-38.636624406049705,0.17190471813360844,0.08595235906680422,0.08595235906680422,17.190471813360844,10.275296682176133,0.17190471813360844,-10.275296682176133,1.7190471813360844,0.17190471813360844,-127.35990804724042,0.17190471813360844,0.6876188725349408,0.859523590668573,0.08595235906680422,0.04297617953340211,51.57141544008253,-0.17190471813360844,0.0,1.7190471813360846,-254.71981609448085,4.297617953340213,-17.190471813360844,34.38094362672169,8.595235906680422,-0.17190471813360844,300.5790617012623,0.2578570772004127,-0.17190471813360844,-34.38094362672169,10.275296682176133,162.84535732135706,0.08595235906680422,77.27324881209941,-0.17190471813360844,-0.1719047181339495,-0.17190471813360844,0.08595235906680422,565.6444954712524,-34.38094362672169,0.17190471813360844,285.8721098890165,-0.04297617953340211,-0.18909518994696928,-285.8721098890165,25.785707720041266,72.58338471325419,81.09031393694454,565.6444954712524,-0.12892853860020634,199.86437149216889,-195.56675353882872,0.17190471813360844,-0.04297617953340212,8.595235906680422,171.90471813360844,-0.08595235906680422,-0.17190471813360844,0.04297617953340211,1000.0,0.0,478.5025006453126,0.0,-1000.0,0.0,339.3006098866607,-1000.0,0.0,414.4878334820106,1000.0,-594.013908756273,-521.4115469956206,-207.2439167410053,500.0,-500.0,0.0,500.0,-161.18580991210703,-388.474155940663,521.4115469956206,594.013908756273,-388.474155940663,-339.3006098866607,264.1978999168149,0.0,1496.5981,bhi
338,0.0,0.0,0.0,0.0,0.0,0.0,0.0,0.0,-0.13018218701429923,0.0,0.0,0.0,0.0,0.0,0.0,0.0,359.02169108618887,-988.7808336885226,0.0,984.0276381496318,0.0,0.0,0.0,0.0,0.0,0.0,0.0,0.0,0.0,-359.02169108618887,1.4097291622056458,-1.4097291622056458,100.47474762406091,0.0,0.0,0.0,0.0,-117.41864376811752,0.0,-1000.0,949.630822426033,0.0,0.0,0.0,0.0,0.0,0.0,0.0,0.0,0.0,0.0,0.0,0.0,0.14320040571557688,0.0,0.0,0.0,26.036437402859846,0.0,0.0,83.15469214595521,0.0,-731.6546333813078,-933.7678806446005,0.0,0.0,0.0,0.0,729.0228503553335,46.20779274888989,0.0,1.3018218701429922,0.0,0.0,0.0,0.0,0.0,0.0,0.0,900.6323350589569,0.0,0.0,0.0,0.0,78.10931220857954,0.0,0.0,497.6234022305546,-502.3765977694454,0.0,-0.03254554675357481,0.0,0.0,-549.4509179283251,39.05465610428977,0.0,179.92914546638033,0.0,0.0,0.0,0.0,6.5091093507149616,-1000.0,0.0,0.0,-461.47155063692094,0.0,316.88826512830997,0.0,0.0,0.0,0.0,0.0,0.0,0.0,0.0,0.0,0.0,0.0,0.0,0.0,0.0,0.0,0.0,-824.5643627026852,0.0,0.0,179.92914546638033,0.0,40.35647797443276,0.0,0.0,0.0,0.0,0.0,0.0,-285.2679394092479,0.0,0.0,0.0,0.0,0.0,0.0,0.0,0.0,10.024028400101034,0.13018218701429923,0.0,0.0,0.0,0.0,-646.9534368872627,0.0,0.0,0.0,0.0,1000.0,0.0,0.0,0.0,0.0,0.0,998.4600886507801,998.4600886507801,0.0,0.0,0.0,0.0,0.0,0.0,0.0,1000.0,0.0,0.0,0.0,502.1472125020807,0.0,0.0,0.0,0.0,0.0,0.0,0.0,0.0,0.0,0.0,0.0,0.0,0.0,0.0,0.0,0.0,0.0,0.0,0.0,0.0,0.0,0.0,0.0,502.3765977694454,-502.3765977694454,285.2679394092479,0.0,0.0,0.0,0.0,0.0,0.0,640.9783089138111,-1000.0,0.0,0.0,0.0,0.0,0.0,0.0,0.0,0.0,0.0,0.0,0.0,0.0,0.0,191.78168090424475,-45.611712075589935,0.0,0.0,0.0,0.0,0.0,-268.7760608343272,0.0,0.0,0.0,0.0,83.15469214595521,0.0,1.4097291622056458,0.0,0.0,0.0,0.0,0.0,0.0,0.0,5.601595584064636,0.0,140.87448936209057,0.0,358.8264178056674,-645.9267777332234,1000.0,0.0,0.0,0.0,0.0,285.2679394092479,734.701241718001,0.0,0.0,0.0,-428.9336172016134,0.0,0.0,-1000.0,0.0,0.0,-1000.0,0.0,0.0,0.0,0.0,0.0,0.0,0.0,346.71642319497414,0.0,0.0,0.0,-615.1788375766426,0.0,615.1788375766426,0.0,1000.0,0.0,0.0,-895.5287541336753,0.0,0.0,0.0,83.15469214595521,-0.19527328052144882,0.0,0.0,0.0,0.0,0.13018218701429923,0.0,0.0,0.0,-202.02261962536565,359.02169108618887,0.0,-307.64770042461396,-96.95693217429987,0.0,1000.0,0.0,0.0,0.0,-461.47155063692094,0.0,0.0,0.0,899.616515593274,-899.616515593274,0.0,-1000.0,-1000.0,0.0,0.0,0.0,0.0,0.0,0.0,0.0,0.0,0.0,0.0,0.0,0.0,0.0,0.0,0.0,0.0,0.0,-1000.0,0.0,-883.10208497994,0.0,0.0,0.0,0.0,0.0,0.0,-14.215894821960035,0.0,0.0,0.0,0.0,0.0,716.1728783071057,-546.8750000000002,993.490890649285,0.0,-545.5792130691653,0.0,-6.5091093507149616,-86.11551670995892,-1000.0,546.8750000000002,-1000.0,-1000.0,-3.2545546753574808,0.0,190.26730126070655,0.0,1000.0,1000.0,-238.94534835975568,179.92914546638033,0.0,0.0,0.0,0.0,0.0,0.0,0.0,-191.78168090424475,191.78168090424475,191.78168090424475,-564.5648867659388,0.0,0.0,-0.26036437402859847,0.0,0.0,640.9783089138111,0.0,0.0,-118.95855511733747,0.0,0.0,129.5599678924133,0.0,0.0,0.0,0.0,-872.4942944292329,0.2603643740288858,0.0,0.0,0.0,0.0,0.0,0.0,0.0,0.0,0.0,775.2306431042234,0.0,0.0,0.0,0.0,0.0,0.0,0.0,0.0,0.0,0.14320040571557688,0.14320040571557688,1.4097291622056458,202.92345478905918,0.0,78.10931220857954,0.0,0.0,0.0,1000.0,0.0,11.646280617242226,0.0,0.0,0.0,1000.0,-1000.0,0.0,0.0,0.0,0.0,0.0,129.5599678924133,0.0,0.0,0.0,0.0,0.0,0.0,0.0,274.85478756756174,202.02261962536565,646.9534368872627,0.0,10.024028400101034,0.0,-565.9427965032457,16.49187857492067,0.0,0.0,1000.0,0.0,-526.7192696439125,654.2249752146796,-843.7500000001006,843.7500000001006,191.78168090424475,0.0,0.0,0.0,0.0,0.0,0.0,0.0,0.0,0.0,0.0,0.0,0.0,0.0,78.10931220857954,285.2679394092479,285.2679394092479,0.0,0.0,0.0,0.0,0.0,0.0,0.0,0.0,0.0,0.0,1.3018218701429922,0.0,1.4097291622056458,0.0,0.0,1.4097291622056458,0.0,0.0,0.0,179.92914546638033,0.0,0.0,0.0,0.0,0.0,0.0,0.0,0.0,0.0,0.0,1000.0,-399.7457578889461,0.0,39.05465610428977,39.05465610428977,659.6237591389449,-1000.0,0.0,129.5599678924133,0.0,0.0,0.0,0.0,0.0,1000.0,640.9783089138111,789.582585625481,0.13018218701429923,0.0,0.0,0.0,171.92417540766988,0.0,0.0,549.4509179283251,0.0,0.0,0.0,0.0,0.0,0.0,0.0,0.0,0.0,0.0,0.0,0.0,0.0,0.0,0.13018218701429923,0.0,0.0,0.0,-356.72338052177497,356.72338052177497,0.0,0.0,0.0,0.0,0.0,318.6665467208907,0.0,-332.88244154285076,116.89791502006005,-9.763664026072442,-6.5091093507149616,0.0,0.0,62.5,62.5,-62.50000000000001,0.0,0.0,0.0,0.0,0.0,0.0,0.0,285.2679394092479,0.0,0.0,0.0,767.5637609909593,0.0,0.0,0.0,-0.13018218701429923,0.0,0.0,0.13018218701429923,0.0,0.13018218701429923,0.0,0.0,0.0,78.10931220857954,158.82226815744508,158.82226815744508,0.0,0.0,0.0,0.0,0.0,0.0,0.0,646.9534368872627,0.0,640.9783089138111,0.0,0.0,0.0,910.825201895205,0.0,0.0,0.0,0.0,0.0,0.0,0.0,0.0,0.0,0.0,0.0,0.0,0.0,16.49187857492067,0.0,-911.0974893237276,911.0974893237276,0.19527328052144882,0.0,0.0,0.0,-179.92914546638033,0.0,0.0,0.0,0.0,0.0,-202.92345478905918,6.5091093507149616,0.0,0.0,0.0,0.0,0.0,-6.509109350714937,0.0,0.0,0.0,0.0,0.0,0.0,0.0,0.0,285.2679394092479,0.0,0.0,0.0,11.141773884814427,0.0,-324.10346748426764,-461.47155063692094,0.0,-20.72500417267497,332.88244154285076,-312.1574373701758,0.0,575.878973560556,0.0,6.5091093507149616,494.03391195022334,0.0,0.0,-1.4097291622056458,-118.95855511733747,0.0,0.0,0.0,0.0,0.0,0.0,0.0,0.0,0.0,-19.527328052144917,0.0,158.82226815744508,0.0,0.0,0.0,1.4097291622056458,0.0,0.0,0.0,0.0,0.0,5.601595584064636,0.0,0.0,232.21444686727654,-947.1548185118933,782.0811907126174,0.0,39.05465610428977,0.0,0.0,0.0,0.0,-262.9680774847937,0.0,0.0,0.14320040571557688,0.0,0.0,0.0,79.41113407872253,0.0,0.0,0.0,0.0,-45.611712075589935,0.0,0.0,0.0,0.0,0.0,0.0,0.0,0.0,-1000.0,0.0,0.013018218701429921,0.013018218701429921,0.0,0.0,0.0,0.0,0.0,0.0,0.0,0.0,0.0,0.0,1.4097291622056458,0.0,0.0,0.0,0.0,202.92345478905918,0.0,0.0,0.0,0.0,0.0,0.0,0.0,0.0,0.0,0.0,0.0,0.0,779.528945876273,922.5420744457365,-988.7808336885226,0.0,0.0,0.0,78.10931220857954,0.0,0.0,0.0,0.0,0.0,0.0,-78.10931220857954,0.0,0.0,0.0,0.0,0.0,0.0,0.0,0.0,0.0,1.4097291622056458,1.4097291622056458,0.0,-789.582585625481,-1000.0,1000.0,-800.5449267924373,620.615781326057,0.0,-117.41864376811752,0.0,0.0,0.0,0.0,0.0,0.0,0.0,0.0,0.0,0.0,0.0,0.0,0.0,0.0,0.0,0.0,0.0,-16.272773376787406,285.2679394092479,-9.763664026072442,901.0615378691325,0.0,0.0,0.0,0.0,0.0,-921.1988228253298,919.5715454876511,118.95855511733747,0.0,0.0,0.0,0.0,0.0,0.0,0.0,1000.0,39.05465610428977,39.05465610428977,0.0,0.0,0.0,0.0,900.6323350589569,0.14320040571557688,202.92345478905918,0.0,0.0,117.41864376811752,0.0,0.0,0.0,0.0,0.0,0.0,0.0,0.0,0.0,0.0,0.0,0.0,0.0,0.0,455.5487446618638,0.0,0.0,0.0,0.0,136.69129636501418,10.024028400101034,0.0,0.0,0.0,0.0,0.0,202.92345478905918,0.0,0.0,0.0,0.0,0.0,-16.272773376787406,0.0,0.0,0.0,0.0,0.0,0.0,0.0,0.0,0.0,0.0,0.0,0.0,0.0,0.0,0.0,0.0,0.0,0.0,-0.13018218701429923,0.0,0.0,6.5091093507149616,-1000.0,0.0,0.0,0.0,0.0,285.2679394092479,0.0,0.0,0.0,-899.616515593274,3.2545546753574808,0.0,0.0,0.0,0.13018218701429923,0.0,130.18218701429922,-40.35647797443276,26.036437402859846,0.9298727643878516,363.20830176989483,-0.09763664026072441,6.5091093507149616,2.603643740285985,-0.6509109350717637,-363.20830176989483,39.05465610428977,-0.13018218701429923,153.82385021230698,129.5599678924133,0.03254554675357481,0.9298727643878516,-461.47155063692094,-20.72500417267497,-1.193914578080339,-354.268495547298,-0.13018218701429923,0.03254554675357481,-363.20830176989483,580.5169298740748,0.13018218701429923,0.13018218701429923,-202.6500721963293,0.14320040571572915,-50.02594077945196,-0.09763664026072441,39.05465610428977,0.13018218701429923,179.92914546638033,75.78339585494095,-0.06509109350714962,-27.030957946706167,255.62765994588298,-0.09763664026072442,-0.13018218701429923,-40.35647797443276,0.13018218701429923,13.018218701429923,-2.603643740285985,16.49187857492067,16.49187857492067,-13.018218701429873,354.268495547298,-16.49187857492067,26.036437402859846,0.19527328052144882,30.455418841281784,13.018218701429923,-274.85478756756174,129.5599678924133,-26.036437402859846,0.06509109350714962,1.3018218701429922,76.91192510615349,37.17821128767427,-0.13018218701429923,-232.21444686727654,202.6500721963293,40.35647797443276,0.13018218701429923,20.72500417267497,-735.0318570594812,129.5599678924133,-0.13018218701429923,-0.03254554675357481,-129.5599678924133,-0.13018218701429923,-872.4942944292329,0.13018218701429923,-0.03254554675357481,-0.03254554675357481,-0.03254554675357481,52.07287480571969,-75.78339585494095,1.3018218701429922,96.44872780421412,-0.03254554675357481,0.0,6.5091093507149616,442.7562565653314,0.13018218701429923,0.06509109350714962,0.06509109350714962,77.79820264763657,40.35647797443276,0.13018218701429923,-40.35647797443276,1.3018218701429922,0.13018218701429923,-96.44872780421412,0.13018218701429926,0.5207287480573708,0.6509109350717637,0.06509109350714962,0.03254554675357481,39.05465610428977,-0.13018218701429923,50.02594077945196,0.5969572890401695,-192.89745560842823,3.2545546753574808,-13.018218701429923,26.036437402859846,6.5091093507149616,-0.13018218701429926,461.47155063692094,0.19527328052144882,-0.13018218701429923,-155.59640529527314,40.35647797443276,523.4389668348545,0.06509109350714962,-885.5125131306628,-0.13018218701429923,-0.13018218701429923,-0.13018218701429923,0.06509109350714962,363.20830176989483,-26.036437402859846,0.13018218701429923,153.82385021230698,-0.03254554675357481,-0.14320040571572915,-153.82385021230698,19.52732805214488,-255.62765994588298,-682.2682538423963,363.20830176989483,-0.09763664026072442,232.21444686727654,-37.17821128767427,0.13018218701429923,-0.03254554675357481,6.5091093507149616,130.18218701429922,-0.06509109350714962,-0.13018218701429923,0.03254554675357481,426.0653536392533,0.0,-30.520509934788933,0.0,-1000.0,0.0,-23.709038931436623,-564.8233245939978,567.4987111726449,-817.8780416657808,1000.0,945.0204669686705,0.0,408.9390208328904,500.0,-500.0,-567.4987111726449,282.4116622969989,-202.92345478905918,-260.4708893500607,0.0,-945.0204669686705,-260.4708893500607,23.709038931436623,349.15229971330734,0.0,1496.5981,bhi
339,0.0,0.0,0.0,0.0,0.0,0.0,0.0,0.0,-0.17838343331029238,0.0,0.0,0.0,0.0,0.0,0.0,0.0,308.93198680166404,-719.4984038806409,0.0,662.7579633529189,0.0,0.0,0.0,932.3926787753992,0.0,0.0,0.0,0.0,0.0,0.0,0.0,0.0,123.74378938773907,0.0,0.0,0.0,0.0,363.9246237424067,0.0,-1000.0,-231.53717384507638,0.0,0.0,0.0,0.0,0.0,0.0,0.0,-55.084002923586624,0.0,0.0,12.770074780818746,0.0,0.1962217766421318,0.0,0.0,0.0,0.0,0.0,0.0,-7.705551349647635,0.0,-870.3040993420205,-902.0218997233043,0.0,0.0,0.0,0.0,1000.0,-397.4668317562272,0.0,1.7838343331029243,0.0,0.0,0.0,0.0,0.0,0.0,0.0,0.0,0.0,0.0,0.0,0.0,107.03005998617544,0.0,0.0,0.0,377.1863196501688,-308.6644116516986,-0.0445958583275731,0.0,0.0,-787.0810279653747,53.51502999308772,0.0,53.51502999308772,-403.16959204002785,0.0,0.0,0.0,8.91917166551462,-552.521389805675,0.0,0.0,-268.3000707441322,0.0,0.0,0.0,0.0,0.0,0.0,0.0,0.0,0.0,0.0,0.0,0.0,0.0,0.0,0.0,0.0,0.0,0.0,-259.28348301429446,0.0,0.0,53.51502999308772,0.0,55.29886432619065,0.0,0.0,0.0,0.0,0.0,0.0,0.0,0.0,0.0,-24.012249031636145,0.0,0.0,0.0,0.0,0.0,13.735524364892507,0.17838343331029238,0.0,0.0,0.0,0.0,0.0,0.0,0.0,0.0,0.0,1000.0,0.0,0.0,0.0,0.0,0.0,503.842592713636,503.842592713636,0.0,0.0,0.0,0.0,0.0,0.0,0.0,504.0209761469463,0.0,0.0,0.0,1000.0,-121.76674959251305,0.0,0.0,0.0,0.0,0.0,0.0,0.0,0.0,0.0,0.0,0.0,0.0,0.0,0.0,-557.793599992348,0.0,0.0,0.0,0.0,0.0,0.0,-12.770074780818746,-11.113637176683199,11.113637176683199,0.0,0.0,0.0,0.0,0.0,0.0,0.0,552.521389805675,-773.081869965564,0.0,0.0,0.0,0.0,0.0,0.0,0.0,0.0,0.0,0.0,0.0,0.0,0.0,228.63804852880395,-525.9565127469689,-241.07790909725867,0.0,0.0,0.0,0.0,0.0,0.0,0.0,0.0,0.0,-7.705551349647635,-241.07790909725867,0.0,0.0,0.0,0.0,0.0,0.0,0.0,0.0,602.5743545125633,35.67668666205848,0.0,0.0,0.0,388.299956826852,-78.96771488108857,0.0,241.07790909725867,0.0,0.0,24.012249031636145,0.0,0.0,0.0,0.0,-302.24285493383843,0.0,0.0,-216.21316268129158,-1000.0,0.0,783.7868373187084,0.0,1000.0,366.0726824734856,0.0,0.0,0.0,0.0,497.6897789357159,0.0,0.0,0.0,-27.793540586391998,0.0,27.793540586391998,0.0,503.66420928032574,24.012249031636145,0.0,0.0,0.0,0.0,0.0,-7.705551349647635,-0.2675751499654386,0.0,0.0,0.0,0.0,0.17838343331029238,0.0,0.0,0.0,-98.29578451330303,308.93198680166404,0.0,-477.78555484889284,-189.4056025238777,121.76674959251305,-247.9406910030243,0.0,-505.32831526674397,0.0,-268.3000707441322,0.0,0.0,0.0,862.4485345744328,0.0,-357.1202193076888,9.820595721966269,-1000.0,0.0,0.0,0.0,0.0,0.0,0.0,0.0,0.0,0.0,0.0,0.0,0.0,0.0,0.0,0.0,0.0,0.0,-635.361842524352,0.0,-1000.0,0.0,0.0,1000.0,0.0,0.0,0.0,-616.3098788774558,0.0,0.0,0.0,228.29785383269225,0.0,0.0,0.0,-880.789010278213,-4.45958583275731,-1000.0,311.4390979627579,-467.55263698696757,0.0,-989.1782756597618,0.0,871.8698386126983,735.7137935228488,0.0,458.63346532145295,-1000.0,0.0,0.0,1000.0,991.0808283344854,53.51502999308772,0.0,0.0,0.0,639.0425891661796,0.0,0.0,0.0,-228.63804852880395,228.63804852880395,228.63804852880395,255.9333629896188,0.0,0.0,0.0,0.0,0.0,552.521389805675,0.0,0.0,-39.423351730931394,0.0,0.0,69.91854715103565,0.0,0.0,0.0,0.0,-579.4715427400566,0.35676686662038704,0.0,0.0,0.0,0.0,0.0,0.0,0.0,0.0,0.0,578.5209192121366,0.0,0.0,0.0,0.0,0.0,0.0,0.0,0.0,0.0,0.1962217766421318,0.1962217766421318,0.0,140.92272425391914,0.0,107.03005998617544,0.0,0.0,0.0,1000.0,0.0,0.0,0.0,0.0,0.0,1000.0,-1000.0,0.0,0.0,254.3009127443215,0.0,0.0,69.91854715103565,0.0,0.0,0.0,0.0,0.0,0.0,0.0,86.42782767143149,98.29578451330303,0.0,0.0,13.735524364892507,0.0,0.0,-787.0810279653747,-787.0810279653747,0.0,1000.0,0.0,0.0,420.52845725994337,0.0,0.0,228.63804852880395,0.0,0.0,0.0,0.0,0.0,0.0,0.0,0.0,0.0,0.0,0.0,0.0,0.0,107.03005998617544,24.012249031636145,24.012249031636145,0.0,0.0,0.0,0.0,0.0,0.0,0.0,0.0,0.0,0.0,1.7838343331029243,0.0,0.0,0.0,0.0,0.0,-12.770074780818746,0.0,0.0,53.51502999308772,-254.3009127443215,0.0,0.0,0.0,0.0,0.0,0.0,0.0,0.0,0.0,1000.0,611.8270318188031,0.0,53.51502999308772,53.51502999308772,1000.0,-1000.0,0.0,69.91854715103565,0.0,0.0,0.0,0.0,0.0,-457.29920591629127,552.521389805675,-705.3479478717492,0.17838343331029238,0.0,0.0,-381.86622454065287,617.4470315745098,0.0,0.0,787.0810279653747,0.0,-24.012249031636145,0.0,0.0,0.0,0.0,0.0,0.0,0.0,0.0,0.0,0.0,0.0,0.0,0.17838343331029238,0.0,0.0,0.0,-1000.0,1000.0,0.0,0.0,0.0,0.0,0.0,1000.0,0.0,0.0,-980.9480363531038,-13.37875749827193,-8.919171665514625,0.0,0.0,0.0,0.0,0.0,0.0,0.0,0.0,0.0,0.0,0.0,0.0,24.012249031636145,121.76674959251305,0.0,0.0,1000.0,0.0,0.0,0.0,-0.17838343331029238,0.0,0.0,0.17838343331029238,0.0,0.17838343331029238,0.0,0.0,0.0,107.03005998617544,217.62778863855675,217.62778863855675,0.0,0.0,0.0,0.0,0.0,0.0,0.0,0.0,0.0,552.521389805675,0.0,0.0,0.0,877.8073481824497,0.0,0.0,0.0,0.0,0.0,0.0,0.0,0.0,0.0,0.0,0.0,0.0,0.0,0.0,0.0,0.0,0.0,0.2675751499654386,0.0,0.0,0.0,-53.51502999308772,0.0,0.0,0.0,0.0,0.0,-140.92272425391914,8.91917166551462,0.0,0.0,0.0,0.0,0.0,-249.86721591376192,0.0,0.0,0.0,0.0,0.0,0.0,0.0,0.0,24.012249031636145,0.0,254.3009127443215,766.1239012268748,-87.71532427488481,0.0,249.21605919822255,-268.3000707441322,616.3098788774558,-866.1770947912178,0.0,249.86721591376192,0.0,-217.62778863855675,0.0,8.91917166551462,306.69494809621614,0.0,0.0,0.0,-39.423351730931394,0.0,0.0,0.0,0.0,0.0,0.0,0.0,0.0,0.0,108.81389431927838,-135.57140931582228,217.62778863855675,0.0,0.0,0.0,0.0,0.0,0.0,0.0,0.0,0.0,602.5743545125633,0.0,0.0,45.487587432912704,-814.1017262459934,-1000.0,0.0,53.51502999308772,0.0,0.0,0.0,0.0,12.28131286730418,0.0,0.0,0.1962217766421318,0.0,0.0,0.0,108.81389431927838,0.0,0.0,0.0,0.0,-525.9565127469689,0.0,0.0,0.0,0.0,0.0,0.0,0.0,0.0,-915.6216777429639,0.0,0.01783834333102924,0.01783834333102924,0.0,0.0,0.0,0.0,0.0,0.0,0.0,0.0,0.0,-381.86622454065287,0.0,0.0,0.0,0.0,0.0,140.92272425391914,0.0,0.0,0.0,0.0,0.0,0.0,0.0,0.0,0.0,0.0,0.0,0.0,212.76785925184143,1000.0,-719.4984038806409,0.0,0.0,0.0,107.03005998617544,0.0,0.0,0.0,0.0,0.0,0.0,-107.03005998617544,0.0,0.0,0.0,0.0,0.0,0.0,0.0,0.0,0.0,0.0,0.0,0.0,705.3479478717492,-1000.0,1000.0,-53.51502999308772,0.0,0.0,363.9246237424067,0.0,0.0,0.0,0.0,0.0,0.0,0.0,0.0,0.0,0.0,0.0,0.0,0.0,0.0,0.0,0.0,0.0,-22.297929163786556,24.012249031636145,-13.37875749827193,1000.0,0.0,0.0,0.0,0.0,0.0,-2.2297929163786554,0.0,39.423351730931394,0.0,0.0,0.0,0.0,0.0,0.0,0.0,1000.0,53.51502999308772,53.51502999308772,0.0,0.0,0.0,0.0,0.0,0.1962217766421318,140.92272425391914,0.0,0.0,-363.9246237424067,0.0,0.0,0.0,0.0,0.0,0.0,0.0,0.0,0.0,0.0,0.0,0.0,0.0,0.0,0.0,0.0,0.0,0.0,0.0,187.30260497580701,0.0,0.0,13.735524364892507,0.0,0.0,0.0,140.92272425391914,0.0,837.7784522082195,0.0,0.0,0.0,-22.297929163786556,0.0,0.0,0.0,0.0,0.0,0.0,0.0,0.0,0.0,0.0,0.0,0.0,0.0,0.0,0.0,0.0,0.0,0.0,-0.17838343331029238,0.0,0.0,8.91917166551462,-1000.0,0.0,0.0,0.0,0.0,24.012249031636145,0.0,0.0,0.0,-862.4485345744328,4.45958583275731,0.0,0.0,0.0,0.17838343331029238,0.0,178.3834333102924,-55.29886432619065,35.67668666205848,1.274167380787803,497.6897789357159,-0.1337875749827193,8.91917166551462,3.567668666205848,-0.8919171665515364,-497.6897789357159,53.51502999308772,-0.1783834333102924,89.43335691471073,69.91854715103565,0.0445958583275731,1.274167380787803,-268.3000707441322,-28.398642582998264,-3.567668666205848,-252.19154627394198,-0.17838343331029233,0.0445958583275731,-497.6897789357159,17.83834333102924,0.1783834333102924,0.17838343331029238,-140.54811904396672,0.19622177664132165,-166.6151906395313,-0.1337875749827193,53.51502999308772,0.1783834333102924,53.51502999308772,-89.1917166551462,-0.0891917166551462,-296.7846678722043,-18.01672676433953,-0.1337875749827193,-0.1783834333102924,-55.29886432619065,0.17838343331029238,17.83834333102924,-3.567668666205848,0.0,0.0,-17.83834333102924,252.19154627394198,0.0,35.67668666205848,0.2675751499654386,-1000.0,17.83834333102924,-86.42782767143149,69.91854715103565,-35.67668666205848,0.0891917166551462,1.7838343331029243,119.44638871222321,-52.03863761282633,-0.17838343331029238,-181.05899674873498,140.54811904396672,55.29886432619065,0.1783834333102924,28.398642582998264,-144.14157282131498,69.91854715103565,-0.17838343331029238,-0.0445958583275731,-69.91854715103565,-0.1783834333102924,-579.4715427400566,0.1783834333102924,-0.0445958583275731,-0.0445958583275731,-0.0445958583275731,71.35337332411696,89.1917166551462,1.7838343331029243,132.1598261537637,-0.0445958583275731,149.4594205097357,8.91917166551462,298.65494303554294,0.17838343331029238,0.0891917166551462,0.0891917166551462,40.79149239072899,55.29886432619065,0.17838343331029238,-55.29886432619065,1.7838343331029243,0.1783834333102924,-132.1598261537637,0.1783834333102924,0.7135337332412632,0.8919171665515364,0.0891917166551462,0.0445958583275731,53.51502999308772,-0.1783834333102924,166.6151906395313,1.783834333102924,-264.3196523075274,4.45958583275731,-17.83834333102924,35.67668666205848,8.91917166551462,-0.1783834333102924,268.3000707441322,0.2675751499654386,-0.1783834333102924,-81.58298478145798,55.29886432619065,249.47589654003536,0.0891917166551462,-597.3098860710859,-0.1783834333102924,-0.1783834333102924,-0.1783834333102924,0.0891917166551462,497.6897789357159,-35.67668666205848,0.17838343331029238,238.89277742444642,-0.0445958583275731,-0.19622177664132165,-238.89277742444642,26.757514996543858,18.01672676433953,277.7334942941605,497.6897789357159,-0.1337875749827193,181.05899674873498,52.03863761282633,0.17838343331029233,-0.04459585832757311,237.21702549820688,178.3834333102924,-0.0891917166551462,-0.1783834333102924,0.0445958583275731,0.0,0.0,942.5025374615578,0.0,-183.67019369249016,0.0,385.8101358710005,-395.9861340080295,0.0,658.6999546163503,-662.3525680737247,-284.892745860281,-57.40827082178703,-329.34997730817514,91.83509684624508,331.17628403686234,0.0,197.99306700401476,-140.92272425391914,-261.75720940733953,57.40827082178703,284.892745860281,-261.75720940733953,-385.8101358710005,256.0566826806431,0.0,1496.5981,bhi
340,0.0,0.0,0.0,0.0,0.0,0.0,0.0,0.0,-0.21868041039823916,0.0,0.0,0.0,0.0,0.0,0.0,0.0,1000.0,-397.1153330854199,0.0,-437.68072854247725,0.0,0.0,0.0,1000.0,0.0,0.0,0.0,0.0,0.0,-975.2271541753862,0.0,0.0,598.08889298368,0.0,0.0,0.0,0.0,664.7608512569393,0.0,-914.3865823102547,-254.4819873305513,0.0,0.0,0.0,0.0,0.0,0.0,0.0,-861.8191923502593,0.0,0.0,0.0,0.0,0.24054845143814418,0.0,0.0,0.0,0.0,0.0,0.0,-19.25845480907146,0.0,19.25845480907146,0.0,513.9047576019515,0.0,0.0,0.0,38.992256308202144,756.9726647053112,0.0,2.1868041039823916,0.0,0.0,0.0,0.0,0.0,0.0,0.0,915.8244560463643,0.0,0.0,0.0,0.0,131.2082462389435,0.0,0.0,569.0585351270327,51.48292163174211,-893.0182469291492,-0.05467010259955979,0.0,0.0,220.29931794766446,65.60412311947175,0.0,66.75588388977643,-7.041509214822489,511.33675799211045,0.0,0.0,10.934020519911957,-975.2271541753862,0.0,0.0,-397.07826994651873,0.0,639.4370253261667,0.0,0.0,0.0,0.0,0.0,0.0,0.0,0.0,0.0,0.0,0.0,0.0,0.0,0.0,0.0,0.0,-839.8592639198453,0.0,0.0,66.75588388977643,0.0,67.79092722345416,21.190910750754142,0.0,-595.6599211736558,723.7971671904113,-128.1372460167555,128.1372460167555,0.0,26.378741795524093,-26.378741795524093,0.0,0.0,0.0,0.0,0.0,0.0,16.838391600664522,0.21868041039823916,0.0,0.0,0.0,-898.1814190052087,856.3418201449233,0.0,0.0,0.0,0.0,1000.0,0.0,0.0,0.0,0.0,0.0,999.7813195896017,999.7813195896017,0.0,0.0,0.0,0.0,0.0,0.0,0.0,1000.0,0.0,0.0,0.0,1000.0,0.0,0.0,0.0,0.0,0.0,0.0,0.0,0.0,0.0,0.0,-184.68081325775086,0.0,0.0,0.0,0.0,-1000.0,0.0,0.0,0.0,0.0,0.0,0.0,0.0,841.5353252974071,-841.5353252974071,0.0,0.0,0.0,0.0,0.0,0.0,0.0,0.0,-29.231534519142315,0.0,0.0,0.0,0.0,0.0,0.0,0.0,0.0,0.0,0.0,0.0,0.0,0.0,0.0,-87.47216415929566,837.0463465256455,0.0,0.0,0.0,0.0,204.75661958127327,0.0,0.0,0.0,0.0,-19.25845480907146,837.0463465256455,0.0,0.0,892.3051045553062,0.0,0.0,0.0,0.0,0.0,0.0,43.73608207964783,1.1517607703046764,0.0,106.65373245525345,-683.3986712104115,548.7746680741805,0.0,-837.0463465256455,0.0,0.0,0.0,115.13076569709114,0.0,0.0,0.0,-22.039340694635825,0.0,0.0,-449.7725472632624,916.2575811909264,0.0,-1000.0,-366.0301284541889,-550.2274527367375,893.0182469291492,0.0,299.49992089273655,0.0,0.0,447.7435469313225,0.0,0.0,0.0,0.0,0.0,0.0,0.0,1000.0,0.0,0.0,-441.8525028320522,0.0,0.0,0.0,-19.25845480907146,-0.3280206155973587,0.0,0.0,0.0,0.0,0.21868041039823916,0.0,0.0,0.0,728.4874965289503,1000.0,0.0,-264.71884663101247,-285.8870102626362,0.0,-187.72610344077486,0.0,1000.0,0.0,-397.07826994651873,0.0,0.0,0.0,-18.82838333528847,-986.5540562243176,5.382439559606013,-1000.0,-36.472427679735056,0.0,0.0,0.0,0.0,0.0,0.0,0.0,0.0,0.0,0.0,0.0,0.0,0.0,0.0,0.0,0.0,892.3051045553062,-334.3644271014676,0.0,-1000.0,0.0,0.0,0.0,0.0,0.0,0.0,-16.838391600664522,0.0,511.33675799211045,0.0,0.0,0.0,947.5617999161154,0.0,-10.934020519911957,994.5329897400441,0.0,-426.09254240817313,0.0,-299.8356121608351,0.0,0.0,0.0,0.0,-1000.0,-10.934020519911957,-1000.0,0.0,321.70365320065906,0.0,332.1190010539988,66.75588388977643,0.0,0.0,0.0,818.5349106004782,0.0,0.0,0.0,0.0,0.0,0.0,-901.5093239712708,0.0,0.0,-0.4373608207964783,0.0,0.0,0.0,0.0,0.0,-38.51690961814292,0.0,0.0,0.0,0.0,0.0,0.0,0.0,-196.06764690935745,0.43736082079658445,0.0,0.0,0.0,0.0,0.0,0.0,0.0,0.0,0.0,795.9649210135133,0.0,0.0,0.0,0.0,0.0,0.0,0.0,0.0,0.0,0.24054845143814418,0.24054845143814418,0.0,0.0,0.0,131.2082462389435,0.0,0.0,0.0,1000.0,0.0,0.0,0.0,0.0,0.0,-2.481388254859829,-1000.0,0.0,0.0,0.0,0.0,0.0,0.0,0.0,0.0,0.0,0.0,0.0,0.0,0.0,279.95308797328175,-728.4874965289503,41.83959886028545,0.0,16.838391600664522,0.0,732.1057794621653,-511.8064615145008,-716.5630810957741,0.0,-2.481388254859829,0.0,-198.5490351642173,0.0,0.0,0.0,0.0,0.0,0.0,0.0,0.0,0.0,0.0,0.0,0.0,0.0,0.0,0.0,0.0,0.0,131.2082462389435,0.0,0.0,0.0,0.0,0.0,0.0,0.0,0.0,0.0,0.0,0.0,0.0,2.1868041039823916,0.0,0.0,0.0,0.0,0.0,0.0,0.0,0.0,66.75588388977643,0.0,0.0,0.0,0.0,0.0,0.0,0.0,0.0,0.0,0.0,1000.0,926.1558902094109,0.0,65.60412311947175,65.60412311947175,1000.0,-1000.0,0.0,0.0,0.0,0.0,0.0,0.0,0.0,975.2271541753862,0.0,1000.0,0.21868041039823916,0.0,0.0,-257.15746955947657,461.1925485459633,0.0,0.0,-220.29931794766446,0.0,0.0,0.0,0.0,0.0,0.0,0.0,0.0,0.0,0.0,0.0,0.0,0.0,0.0,0.21868041039823916,0.0,0.0,0.0,0.0,0.0,0.0,0.0,0.0,0.0,-440.4229918353085,934.9213582267545,0.0,0.0,-665.6355728985325,-16.401030779867938,-10.934020519911996,0.0,0.0,0.0,0.0,0.0,0.0,0.0,0.0,0.0,0.0,0.0,0.0,0.0,0.0,0.0,0.0,664.7566747745698,0.0,0.0,0.0,-0.21868041039823916,0.0,0.0,0.21868041039823916,0.0,0.21868041039823916,0.0,0.0,0.0,131.2082462389435,266.79010068585177,266.79010068585177,0.0,0.0,0.0,0.0,0.0,0.0,0.0,41.83959886028545,0.0,0.0,0.0,0.0,0.0,0.0,0.0,0.0,0.0,0.0,0.0,0.0,0.0,0.0,0.0,0.0,0.0,0.0,0.0,204.75661958127327,0.0,-728.3326261990912,728.3326261990912,0.3280206155973587,0.0,0.0,0.0,-66.75588388977643,0.0,0.0,0.0,0.0,0.0,0.0,10.934020519911957,0.0,0.0,0.0,0.0,0.0,-1000.0,0.0,0.0,0.0,0.0,0.0,0.0,0.0,0.0,0.0,0.0,0.0,1000.0,0.0,0.0,998.1035167806376,-397.07826994651873,0.0,-576.415399765356,511.33675799211045,65.07864177324552,0.0,-151.65933498876063,0.0,10.934020519911996,1000.0,0.0,0.0,0.0,-38.51690961814292,0.0,0.0,0.0,0.0,0.0,0.0,0.0,0.0,0.0,201.0818440376188,-49.20309233960393,266.79010068585177,0.0,0.0,0.0,0.0,0.0,0.0,0.0,0.0,0.0,0.0,0.0,0.0,0.0,-1000.0,-1000.0,0.0,65.60412311947175,0.0,0.0,0.0,0.0,2.062911343872088,0.0,0.0,0.24054845143814418,0.0,0.0,0.0,133.3950503429259,0.0,0.0,0.0,0.0,-87.47216415929566,0.0,0.0,0.0,0.0,0.0,0.0,0.0,0.0,-125.73934945448187,0.0,0.021868041039823916,0.021868041039823916,0.0,0.0,0.0,0.0,0.0,0.0,0.0,0.0,0.0,-257.15746955947657,0.0,0.0,0.0,0.0,0.0,0.0,0.0,0.0,0.0,0.0,0.0,0.0,0.0,0.0,0.0,0.0,0.0,0.0,1000.0,0.0,-397.1153330854199,0.0,0.0,0.0,131.2082462389435,0.0,0.0,0.0,0.0,0.0,-1000.0,868.7917537610565,0.0,0.0,0.0,0.0,0.0,0.0,0.0,0.0,0.0,0.0,0.0,0.0,-36.472427679735056,-1000.0,149.7960811227938,0.0,-66.75588388977643,0.0,664.7608512569393,0.0,0.0,0.0,0.0,0.0,0.0,0.0,0.0,0.0,226.5625,0.0,-226.5625,-226.5625,0.0,0.0,0.0,0.0,-27.335051299779934,0.0,-16.401030779867938,32.802061559735876,0.0,0.0,0.0,0.0,0.0,0.0,-2.7335051299779893,38.51690961814292,0.0,0.0,0.0,0.0,0.0,0.0,0.0,1000.0,65.60412311947175,65.60412311947175,0.0,0.0,0.0,0.0,915.8244560463643,0.24054845143814418,0.0,0.0,0.0,-664.7608512569393,0.0,0.0,0.0,0.0,0.0,0.0,0.0,0.0,0.0,0.0,0.0,0.0,0.0,0.0,364.1663130995456,0.0,0.0,21.190910750754142,0.0,229.61443091815113,16.838391600664522,0.0,0.0,0.0,0.0,0.0,0.0,0.0,982.0244702652656,0.0,0.0,0.0,-27.335051299779934,0.0,0.0,0.0,0.0,0.0,0.0,0.0,0.0,0.0,0.0,0.0,0.0,0.0,0.0,0.0,0.0,0.0,0.0,-0.21868041039823916,0.0,0.0,10.934020519911957,2.481388254859829,0.0,0.0,0.0,0.0,0.0,0.0,0.0,0.0,18.82838333528847,5.467010259955979,0.0,0.0,0.0,0.21868041039823916,0.0,218.68041039823913,-46.60001647270003,43.73608207964784,1.562002931415994,652.5001665125958,-0.16401030779867934,10.934020519911957,4.373608207964783,-1.0934020519914611,-652.5001665125958,65.60412311947175,-0.21868041039823916,132.35942331550623,0.0,0.05467010259955978,1.562002931415994,-397.07826994651873,-34.81392133539896,-4.373608207964783,-165.20393837210287,-0.21868041039823916,0.05467010259955979,-652.5001665125958,480.1328167286312,0.21868041039823916,0.21868041039823916,0.45922886183638334,0.24054845143806308,0.0,-0.16401030779867934,65.60412311947175,0.21868041039823916,66.75588388977643,-108.1884444288149,-0.10934020519911958,-205.84346010696254,-226.8433410314954,-0.16401030779867934,-0.21868041039823916,-46.60001647270003,0.21868041039823916,21.868041039823915,-4.373608207964783,204.75661958127327,204.75661958127327,-21.868041039823936,165.20393837210287,-204.75661958127327,43.73608207964783,0.3280206155973587,-1000.0,21.868041039823915,-279.95308797328175,0.0,-43.73608207964783,0.10934020519911958,2.1868041039823916,66.17971165775312,43.73608207964783,-0.21868041039823916,-49.20309233960393,-0.45922886183638334,67.79092722345416,0.21868041039823916,34.81392133539896,-721.8330289369991,0.0,-0.21868041039823916,-0.05467010259955978,0.0,-0.21868041039823916,-196.06764690935745,0.21868041039824976,-0.05467010259955979,-0.05467010259955979,-0.05467010259955979,87.47216415929566,108.1884444288149,2.1868041039823916,162.01484905379363,-0.05467010259955979,0.0,10.934020519911957,108.96784397459068,0.21868041039823916,0.10934020519911956,0.10934020519911958,21.868041039823915,46.60001647270003,0.21868041039823916,-46.60001647270003,2.1868041039823916,0.21868041039823916,-162.01484905379363,0.21868041039823916,0.8747216415931689,1.0934020519914611,0.10934020519911958,0.05467010259955979,65.60412311947175,-0.21868041039823916,0.0,2.1868041039823916,-324.02969810758725,5.467010259955979,-21.868041039823915,43.73608207964783,10.934020519911957,-0.21868041039823916,397.07826994651873,0.3280206155973587,-0.21868041039823916,-43.73608207964783,46.60001647270003,411.14817669216967,0.10934020519911958,-217.93568794918136,-0.21868041039823916,-0.21868041039824976,-0.21868041039823916,0.10934020519911958,652.5001665125958,-43.73608207964783,0.21868041039823916,132.35942331550623,-0.05467010259955979,-0.24054845143806308,-132.35942331550623,32.80206155973587,226.8433410314954,-509.8591377796232,652.5001665125958,-0.16401030779867934,49.20309233960393,-43.73608207964783,0.21868041039823916,-0.05467010259955979,10.934020519911996,218.68041039823913,-0.10934020519911956,-0.21868041039823916,0.05467010259955979,834.2432405653833,0.0,999.8906597948009,0.0,-1000.0,0.0,1000.0,-1000.0,458.2647756888073,338.526440581957,436.31660123766346,-1000.0,0.0,-169.2632202909785,500.0,-218.15830061883173,-458.2647756888073,500.0,0.0,-413.21108803604176,0.0,1000.0,-413.21108803604176,-1000.0,849.9824939485876,0.0,1496.5981,bhi
341,0.0,0.0,0.0,0.0,0.0,0.0,0.0,0.0,-0.17242858241628337,0.0,0.0,0.0,0.0,0.0,0.0,0.0,-659.0129997082693,370.1286678087041,0.0,478.27903365448014,0.0,0.0,0.0,0.0,0.0,404.72126154436774,0.0,0.0,0.0,718.690803210919,0.0,0.0,633.9481909046199,0.0,0.0,0.0,0.0,921.2583403779058,0.0,-1000.0,83.91520956414499,0.0,0.0,52.45589317979345,0.0,0.0,0.0,0.0,-112.1336966824432,0.0,0.0,0.0,0.0,0.18967144065777597,0.0,0.0,0.0,34.485716483256674,0.0,0.0,-10.161073041546919,0.0,97.37742514297682,0.0,267.27413369579205,0.0,0.0,0.0,384.88467402438897,-384.88467402438897,0.0,1.724285824162834,0.0,0.0,0.0,0.0,0.0,0.0,0.0,0.0,0.0,0.0,-19.47154985444634,0.0,103.45714944977004,0.0,24.047979917229867,-39.458601854372546,0.0,0.0,-0.04310714560407084,0.0,0.0,-121.76159931310715,51.72857472488502,0.0,51.72857472488502,0.0,0.0,0.0,0.0,8.621429120814168,718.690803210919,0.0,0.0,-362.2411374239803,0.0,0.0,0.0,0.0,0.0,0.0,0.0,0.0,0.0,0.0,0.0,0.0,0.0,0.0,0.0,0.0,0.0,0.0,-577.4958373806982,0.0,0.0,51.72857472488502,0.0,53.452860549047855,17.985402770547125,0.0,0.0,0.0,0.0,0.0,-87.2163521014299,0.0,0.0,0.0,0.0,0.0,0.0,0.0,0.0,56.79653061773017,0.17242858241628337,0.0,0.0,0.0,0.0,0.0,0.0,0.0,19.47154985444634,0.0,1000.0,0.0,0.0,0.0,0.0,0.0,275.948004292266,275.948004292266,0.0,0.0,0.0,-640.6249999999999,1000.0,0.0,0.0,276.12043287468225,0.0,0.0,0.0,-0.29289951910767087,0.0,0.0,0.0,0.0,0.0,0.0,0.0,0.0,0.0,0.0,-1000.0,0.0,0.0,0.0,0.0,-889.1240167219594,0.0,0.0,0.0,0.0,0.0,0.0,0.0,0.0,0.0,87.2163521014299,0.0,0.0,0.0,0.0,0.0,0.0,0.0,-56.03928928529214,0.0,0.0,0.0,0.0,0.0,0.0,0.0,0.0,0.0,0.0,0.0,0.0,0.0,0.0,-38.805509218455725,52.45589317979345,0.0,0.0,0.0,0.0,-87.2163521014299,0.0,0.0,0.0,0.0,-10.161073041546919,0.0,0.0,0.0,0.0,0.0,0.0,0.0,0.0,0.0,534.5104476422598,0.0,0.0,0.0,-659.2716425818937,-659.2716425818937,-151.59229853681575,0.0,-52.45589317979345,0.0,0.0,87.2163521014299,0.0,0.0,0.0,0.0,-58.47403462361255,0.0,0.0,-947.5520951997509,0.0,0.0,-947.5520951997506,0.0,0.0,0.0,0.0,1000.0,0.0,0.0,517.0465504825249,0.0,0.0,0.0,296.17512371873664,0.0,-296.17512371873664,0.0,1000.0,0.0,0.0,703.4811726038347,-640.625,0.0,0.0,-10.161073041546919,-0.25864287362442506,0.0,0.0,0.0,0.0,0.17242858241628337,0.0,0.0,0.0,302.8849943548146,-659.0129997082693,0.0,-691.0983033453217,338.18435049575544,0.0,135.64378428903,0.0,-34.16499586812148,0.0,-362.2411374239803,0.0,0.0,0.0,-14.846100946041862,49.01109681416334,0.0,-1000.0,-1000.0,0.0,0.0,0.0,0.0,0.0,0.0,0.0,0.0,0.0,0.0,0.0,0.0,0.0,0.0,0.0,0.0,0.0,-78.05194529242925,0.0,-1000.0,19.47154985444634,0.0,528.9582472884563,0.0,0.0,0.0,-591.3069782599899,0.0,0.0,0.0,0.0,0.0,0.0,0.0,0.0,0.0,-433.8957708385523,0.0,-8.621429120814168,0.0,-232.17508622352565,0.0,-8.621429120814168,1000.0,-4.310714560407084,0.0,-1000.0,0.0,464.07077276140194,0.0,-750.582055534846,51.72857472488502,0.0,0.0,0.0,0.0,0.0,0.0,0.0,0.0,0.0,0.0,407.3282120446851,0.0,0.0,-796.3683640418399,0.0,0.0,0.0,0.0,0.0,-59.442538350064,0.0,-109.37499999977979,0.0,0.0,0.0,0.0,0.0,-90.53408394334075,0.34485716483252876,0.0,0.0,0.0,0.0,0.0,0.0,0.0,0.0,0.0,0.0,0.0,0.0,0.0,0.0,0.0,0.0,0.0,0.0,0.0,0.18967144065777597,0.18967144065777597,0.0,103.37322165523318,0.0,103.45714944977004,0.0,0.0,0.0,1000.0,0.0,408.72595176676316,24.047979917229867,0.0,0.0,1000.0,-1000.0,0.0,0.0,0.0,0.0,0.0,0.0,0.0,0.0,0.0,0.0,0.0,0.0,0.0,192.49861246023272,-302.8849943548146,0.0,0.0,37.32498076328383,0.0,0.0,-121.76159931310715,-121.76159931310715,0.0,1000.0,0.0,0.0,909.4659160566592,-781.2500000001612,781.2500000001612,0.0,0.0,0.0,0.0,0.0,0.0,0.0,0.0,0.0,0.0,0.0,0.0,0.0,0.0,103.45714944977004,87.2163521014299,87.2163521014299,0.0,0.0,0.0,0.0,0.0,0.0,0.0,0.0,0.0,0.0,1.724285824162834,0.0,0.0,24.047979917229867,-24.047979917229867,0.0,0.0,0.0,0.0,51.72857472488502,0.0,0.0,0.0,0.0,0.0,0.0,0.0,0.0,0.0,0.0,17.587715406460905,-104.8040675078908,0.0,51.72857472488502,51.72857472488502,1000.0,-1000.0,0.0,0.0,0.0,0.0,0.0,0.0,0.0,0.0,0.0,60.6293919038161,0.17242858241628337,0.0,0.0,155.7749646531446,0.0,0.0,0.0,121.76159931310715,0.0,0.0,0.0,0.0,0.0,0.0,0.0,0.0,0.0,0.0,0.0,0.0,0.0,0.0,0.17242858241628337,0.0,0.0,0.0,0.0,0.0,0.0,0.0,0.0,0.0,0.0,280.1602778012319,0.0,-342.5090087727656,-921.9480547075707,-12.932143681221255,0.0,-8.621429120814215,0.0,0.0,0.0,0.0,0.0,0.0,0.0,0.0,0.0,0.0,0.0,87.2163521014299,0.0,0.0,0.0,-277.8898536526299,0.0,0.0,0.0,-0.17242858241628337,0.0,0.0,0.17242858241628337,0.0,0.17242858241628337,0.0,0.0,0.0,103.45714944977004,210.36287054786575,210.36287054786575,0.0,0.0,0.0,0.0,0.0,0.0,0.0,0.0,0.0,0.0,0.0,0.0,0.0,0.0,0.0,0.0,0.0,0.0,0.0,0.0,0.0,0.0,0.0,0.0,0.0,0.0,0.0,0.0,0.0,-404.72126154436774,404.72126154436774,0.25864287362442506,0.0,0.0,0.0,-51.72857472488502,0.0,0.0,0.0,0.0,0.0,-103.37322165523318,8.621429120814168,0.0,0.0,0.0,640.6249999999999,-1000.0,0.0,-8.621429120814215,0.0,-109.37499999977979,0.0,0.0,0.0,0.0,0.0,87.2163521014299,0.0,0.0,0.0,103.37322165523318,0.0,965.5142835167434,-362.2411374239803,0.0,-591.3069782599899,342.5090087727656,248.79796948722435,19.47154985444634,-210.36287054786575,0.0,8.621429120814215,260.8818401916325,0.0,0.0,0.0,-107.53849818452373,0.0,0.0,0.0,0.0,0.0,0.0,0.0,0.0,0.0,987.0678563187787,-12.932143681221278,210.36287054786575,0.0,453.12499999999994,453.125,-453.12499999999994,0.0,0.0,0.0,0.0,0.0,534.5104476422598,0.0,0.0,129.23750901767573,-155.7749646531446,101.80798254625176,0.0,51.72857472488502,24.047979917229867,0.0,0.0,0.0,132.83432631347318,0.0,0.0,0.18967144065777597,0.0,0.0,0.0,105.18143527393288,0.0,0.0,0.0,0.0,-38.805509218455725,0.0,0.0,0.0,0.0,0.0,0.0,0.0,0.0,0.0,0.0,0.01724285824162834,0.01724285824162834,0.0,0.0,0.0,0.0,0.0,0.0,0.0,0.0,0.0,155.7749646531446,0.0,0.0,0.0,0.0,0.0,103.37322165523318,0.0,0.0,0.0,0.0,0.0,0.0,0.0,0.0,0.0,0.0,0.0,48.095959834459734,0.0,48.119337555498504,370.1286678087041,0.0,0.0,0.0,103.45714944977004,0.0,0.0,0.0,0.0,0.0,817.8913218071734,-921.3484712569434,0.0,48.095959834459734,0.0,0.0,0.0,0.0,0.0,0.0,0.0,0.0,0.0,0.0,-69.56783783473236,-281.30919678908106,118.11357895515414,0.0,-51.72857472488502,0.0,921.2583403779058,0.0,0.0,0.0,0.0,0.0,0.0,0.0,0.0,0.0,39.0625,0.0,-39.0625,-39.0625,0.0,0.0,0.0,0.0,-21.553572802035468,87.2163521014299,-12.932143681221255,0.0,0.0,0.0,0.0,0.0,0.0,0.0,-2.1553572802035426,78.91408820451035,0.0,0.0,0.0,0.0,0.0,0.0,0.0,991.0615540690837,51.72857472488502,51.72857472488502,0.0,0.0,0.0,0.0,0.0,0.18967144065777597,103.37322165523318,0.0,0.0,-921.2583403779058,0.0,0.0,0.0,0.0,0.0,0.0,0.0,0.0,0.0,0.0,0.0,0.0,0.0,0.0,0.0,0.0,0.0,17.985402770547125,0.0,181.0500115370976,37.32498076328383,0.0,0.0,0.0,0.0,0.0,103.37322165523318,0.0,528.9582472884563,0.0,0.0,0.0,-21.553572802035468,0.0,0.0,0.0,0.0,0.0,0.0,0.0,0.0,0.0,0.0,0.0,0.0,0.0,0.0,0.0,0.0,0.0,0.0,-0.17242858241628337,0.0,0.0,8.621429120814168,-1000.0,0.0,0.0,0.0,0.0,87.2163521014299,0.0,0.0,0.0,14.846100946041862,4.310714560407084,0.0,0.0,404.72126154436774,0.17242858241628337,0.0,172.42858241628338,-35.46745777850072,34.485716483256674,1.2316327315448812,517.0465504825249,-0.12932143681221253,8.621429120814168,3.4485716483256676,-0.8621429120811399,-517.0465504825249,51.728574724885014,-0.17242858241628337,120.74704580799344,0.0,0.04310714560407084,1.2316327315448812,-362.2411374239803,-51.49861023790153,-3.4485716483256676,-189.394701754915,-0.17242858241628337,0.04310714560407084,-517.0465504825249,17.242858241628337,0.17242858241628337,0.17242858241628337,-103.01112163215912,-23.858308476571956,0.0,-0.12932143681221253,51.72857472488502,0.17242858241628337,51.72857472488502,-86.2142912081417,-0.08621429120814168,-275.51772515203936,69.80106527738528,-0.12932143681221253,-0.17242858241628337,-35.46745777850072,0.17242858241628337,17.242858241628337,-3.4485716483256676,0.0,0.0,-17.242858241628337,189.394701754915,0.0,34.485716483256674,0.25864287362442506,-1000.0,17.242858241628337,-192.49861246023272,0.0,-34.485716483256674,0.08621429120814168,1.724285824162834,172.77457583633043,137.85893813848986,-0.17242858241628337,-142.169652698897,103.01112163215912,53.452860549047855,0.1724285824162839,51.49861023790153,-206.91429889954006,0.0,-0.17242858241628337,-0.04310714560407084,0.0,-0.17242858241628337,-90.53408394334075,0.17242858241604608,-0.04310714560407084,-0.04310714560407084,-0.04310714560407084,68.97143296651335,86.2142912081417,1.724285824162834,127.74802599766278,-0.04310714560407084,224.8021058646674,8.621429120814168,53.888471092484544,0.17242858241628337,0.08621429120814168,0.08621429120814168,17.242858241628337,35.46745777850072,0.17242858241628337,-35.46745777850072,1.724285824162834,0.17242858241628337,-127.74802599766278,0.17242858241628337,0.6897143296648139,0.8621429120811399,0.08621429120814168,0.04310714560407084,51.72857472488502,-0.17242858241628337,0.0,1.7242858241628338,-255.49605199532556,4.310714560407087,-17.242858241628337,34.485716483256674,8.621429120814168,-0.17242858241628337,362.2411374239803,0.25864287362442506,-0.17242858241628337,-34.485716483256674,35.46745777850072,71.84745994541154,0.08621429120814168,-107.77694218496909,-0.17242858241628337,-0.17242858241604608,-0.17242858241628337,0.08621429120814168,517.0465504825249,-34.485716483256674,0.17242858241628337,345.54915167266086,-0.04310714560407084,23.858308476571956,-345.54915167266086,25.864287362442507,-69.80106527738528,433.3379892991875,517.0465504825249,-0.12932143681221253,142.169652698897,-137.85893813848986,0.17242858241628337,-0.04310714560407085,8.621429120814215,172.42858241628338,-0.08621429120814168,-0.1724285824162839,0.04310714560407084,0.0,0.0,999.9137857087918,0.0,91.47074198803656,0.0,-84.27830643512122,-1000.0,0.0,1000.0,-79.57279110396144,-1000.0,0.0,-500.0,-45.73537099401828,39.78639555198072,0.0,500.0,-103.37322165523318,-204.68178625888473,0.0,1000.0,-204.68178625888473,84.27830643512122,52.69656711139525,0.0,1496.5981,bhi
342,0.0,0.0,0.0,0.0,0.0,0.0,0.0,0.0,-0.05211212193642041,0.0,0.0,0.0,0.0,0.0,0.0,0.0,-988.882032425488,1000.0,0.0,363.04525523597727,0.0,0.0,0.0,1000.0,0.0,0.0,0.0,0.0,0.0,-486.3569970175911,0.0,0.0,0.0,0.0,0.0,0.0,0.0,-97.87782080061682,0.0,-1000.0,984.3663634190739,0.0,-643.5419597099619,0.0,0.0,0.0,0.0,0.0,-11.040621352743415,0.0,0.0,0.0,0.0,0.05732333413016022,0.0,0.0,0.0,10.422424387284082,0.0,0.0,-9.944236974262935,0.0,0.0,-276.1979905107178,199.79972559815354,0.0,0.0,0.0,0.0,0.0,0.0,0.5211212193642041,0.0,0.0,0.0,0.0,0.0,0.0,0.0,0.0,0.0,0.0,0.0,0.0,31.267273161852245,0.0,94.10614728121377,0.0,374.0858765887207,0.0,399.1188503645293,0.0,0.0,-637.6140073722,15.633636580926122,0.0,15.633636580926122,0.0,0.0,0.0,0.0,2.6056060968210204,-1000.0,0.0,0.0,-170.2766790649399,0.0,790.1254271332152,0.0,0.0,0.0,0.0,0.0,0.0,0.0,0.0,0.0,0.0,0.0,0.0,0.0,0.0,0.0,0.0,-197.7407662462998,0.0,0.0,15.633636580926122,0.0,16.154757800290323,0.544798022244148,0.0,-298.1664519526642,298.1664519526642,0.0,0.0,-266.25375353645484,0.0,0.0,0.0,0.0,0.0,0.0,0.0,0.0,98.11878067031813,0.05211212193642041,399.1318783950134,0.0,0.0,-650.7639614245626,0.0,0.0,0.0,0.0,0.0,917.1355411075893,0.0,0.0,0.0,0.0,0.0,965.7389837126993,965.7389837126993,0.0,0.0,0.0,0.0,-150.30140880990285,0.0,0.0,965.7910958346357,0.0,0.0,0.0,265.33702426583983,0.0,0.0,0.0,0.0,0.0,0.0,0.0,0.0,0.0,0.0,0.0,0.0,0.0,0.0,0.0,575.9685243657228,0.0,0.0,0.0,0.0,0.0,0.0,643.5419597099619,-374.0858765887207,374.0858765887207,266.25375353645484,0.0,0.0,0.0,0.0,0.0,0.0,513.6430029824089,-1000.0,0.0,0.0,0.0,0.0,0.0,0.0,0.0,0.0,0.0,0.0,0.0,0.0,0.0,136.2631742548208,-328.39118980086926,842.7376910858605,0.0,0.0,0.0,0.0,-266.25375353645484,0.0,0.0,0.0,0.0,-9.944236974262935,842.7376910858605,0.0,0.0,0.0,0.0,0.0,0.0,0.0,0.0,1.6780103263526938,0.0,0.0,0.0,-988.9602006083926,-884.3304071409129,258.41546176849783,0.0,-842.7376910858605,0.0,0.0,266.25375353645484,-936.4232112375671,0.0,0.0,0.0,-397.87785966645527,0.0,0.0,-1000.0,0.0,0.0,-1000.0,0.0,0.0,0.0,0.0,1000.0,0.0,0.0,146.4824162471012,0.0,0.0,0.0,0.0,0.0,0.0,0.0,683.3684297471216,0.0,0.0,-60.15192958179966,0.0,0.0,0.0,-9.944236974262935,-0.07816818290463061,0.0,0.0,0.0,0.0,0.05211212193642041,0.0,0.0,0.0,-593.2801712730017,-988.882032425488,0.0,-790.9630649851991,82.8443704565583,0.0,1000.0,0.0,387.95113788964125,0.0,-170.2766790649399,0.0,0.0,0.0,600.1682650259299,0.0,-988.1194029155712,676.0829880283253,-1000.0,0.0,0.0,0.0,0.0,0.0,0.0,0.0,0.0,0.0,0.0,0.0,0.0,0.0,0.0,0.0,0.0,0.0,-1000.0,0.0,-902.3306276871291,0.0,0.0,0.0,0.0,0.0,0.0,-99.79679099667084,0.0,0.0,0.0,0.0,0.0,0.0,0.0,211.10997286643357,0.0,0.0,0.0,-401.36196414868533,313.2953120035253,0.0,0.0,-213.7155789632546,0.0,-1.3028030484105102,398.7563580518643,-246.22709512183562,0.0,-52.737383349174024,0.0,0.0,15.633636580926122,1000.0,-1000.0,0.0,0.0,0.0,0.0,0.0,-136.2631742548208,136.2631742548208,136.2631742548208,-547.0226300714997,0.0,0.0,0.0,0.0,0.0,513.6430029824089,0.0,0.0,-97.92993292255323,0.0,0.0,0.0,0.0,0.0,0.0,0.0,-994.788787806358,0.10422424387263618,0.0,0.0,0.0,0.0,0.0,0.0,0.0,0.0,0.0,0.0,0.0,0.0,0.0,0.0,0.0,0.0,0.0,0.0,0.0,0.05732333413016022,0.05732333413016022,0.0,493.7439058072948,0.0,31.267273161852245,0.0,0.0,0.0,602.8700071527946,0.0,0.0,94.10614728121377,0.0,0.0,1000.0,-602.8700071527946,0.0,0.0,0.0,0.0,0.0,0.0,0.0,0.0,0.0,0.0,0.0,0.0,0.0,65.9135887487666,593.2801712730017,650.7639614245626,0.0,98.11878067031813,0.0,-637.6140073722,0.0,0.0,0.0,1000.0,0.0,5.211212193642041,0.0,0.0,0.0,136.2631742548208,0.0,0.0,0.0,0.0,0.0,0.0,0.0,0.0,0.0,0.0,0.0,0.0,0.0,31.267273161852245,266.25375353645484,266.25375353645484,0.0,0.0,0.0,0.0,0.0,0.0,0.0,0.0,0.0,0.0,0.5211212193642041,0.0,0.0,94.10614728121377,-94.10614728121377,0.0,643.5419597099619,0.0,0.0,15.633636580926122,0.0,0.0,0.0,0.0,0.0,0.0,0.0,0.0,0.0,0.0,518.3811932623152,0.0,0.0,15.633636580926122,15.633636580926122,633.827521795226,-602.8700071527946,0.0,0.0,0.0,0.0,0.0,0.0,0.0,115.11374179174834,513.6430029824089,0.0,0.05211212193642041,0.0,0.0,0.0,66.64230951691461,622.812150920843,0.0,637.6140073722,0.0,0.0,0.0,0.0,0.0,0.0,0.0,0.0,0.0,0.0,0.0,0.0,0.0,0.0,0.05211212193642041,0.0,0.0,0.0,0.0,0.0,0.0,0.0,0.0,0.0,0.0,-99.79679099667084,0.0,0.0,97.6693723128709,-3.9084091452315306,-2.6056060968210204,0.0,0.0,0.0,0.0,0.0,0.0,0.0,0.0,0.0,0.0,0.0,0.0,266.25375353645484,0.0,0.0,0.0,-50.131777252353004,0.0,0.0,0.0,-0.05211212193642041,0.0,0.0,0.05211212193642041,0.0,0.05211212193642041,0.0,0.0,0.0,31.267273161852245,63.5767887624329,63.5767887624329,0.0,0.0,0.0,0.0,0.0,0.0,0.0,650.7639614245626,0.0,513.6430029824089,0.0,0.0,604.6551187246557,0.0,0.0,0.0,0.0,0.0,0.0,0.0,0.0,0.0,0.0,0.0,0.0,0.0,0.0,0.0,0.0,0.0,0.0,0.07816818290463061,0.0,0.0,0.0,-15.633636580926122,0.0,0.0,0.0,0.0,0.0,-493.7439058072948,2.6056060968210204,0.0,0.0,0.0,0.0,150.30140880990285,329.417886806012,0.0,0.0,0.0,0.0,0.0,0.0,0.0,0.0,266.25375353645484,0.0,0.0,-246.91656319537384,357.480731552474,0.0,-359.6584629627215,452.5354718559031,0.0,229.62109580934117,0.0,-229.62109580934117,0.0,-1000.0,0.0,2.6056060968210204,702.265283556206,0.0,0.0,0.0,-286.1422274849807,0.0,0.0,-328.1250000002781,328.1250000002781,0.0,0.0,0.0,0.0,0.0,391.4364721301127,-399.2532904205757,63.5767887624329,0.0,171.875,171.875,-171.875,0.0,0.0,0.0,0.0,0.0,1.6780103263526938,0.0,0.0,106.21584282241366,-66.64230951691461,0.0,-643.5419597099619,15.633636580926122,94.10614728121377,0.0,0.0,0.0,95.17650331151513,0.0,0.0,0.05732333413016022,0.0,0.0,0.0,31.788394381216445,0.0,0.0,0.0,0.0,-328.39118980086926,0.0,0.0,0.0,0.0,0.0,0.0,0.0,0.0,-733.3850580414796,0.0,0.005211212193641845,0.005211212193641845,0.0,0.0,0.0,0.0,0.0,0.0,0.0,0.0,0.0,0.0,0.0,0.0,0.0,0.0,0.0,493.7439058072948,0.0,0.0,0.0,0.0,0.0,0.0,0.0,0.0,0.0,0.0,0.0,188.21229456242753,17.782528742219935,0.0,1000.0,0.0,0.0,0.0,31.267273161852245,0.0,0.0,0.0,0.0,0.0,-1000.0,968.7327268381478,0.0,188.21229456242753,0.0,0.0,0.0,0.0,0.0,0.0,0.0,0.0,0.0,0.0,0.0,-208.80327017992636,640.3519222511038,462.58680687589475,-478.2204434568209,0.0,-97.87782080061682,0.0,0.0,0.0,0.0,0.0,0.0,0.0,0.0,0.0,0.0,0.0,0.0,0.0,0.0,0.0,0.0,0.0,-6.514015242052551,266.25375353645484,-3.9084091452315306,1000.0,0.0,0.0,0.0,0.0,0.0,392.97835818191174,-393.629759706117,97.92993292255323,0.0,0.0,0.0,0.0,0.0,0.0,0.0,1000.0,15.633636580926122,15.633636580926122,0.0,0.0,0.0,0.0,0.0,0.05732333413016022,493.7439058072948,0.0,0.0,97.87782080061682,0.0,0.0,0.0,0.0,0.0,0.0,0.0,0.0,0.0,0.0,0.0,0.0,0.0,0.0,0.0,0.0,0.0,0.544798022244148,0.0,54.71772803324143,80.78118794050397,0.0,17.337592729814162,0.0,0.0,0.0,493.7439058072948,0.0,-332.023492902833,0.0,0.0,0.0,-6.514015242052551,0.0,0.0,0.0,0.0,0.0,0.0,0.0,0.0,0.0,0.0,0.0,0.0,0.0,0.0,0.0,0.0,0.0,0.0,-0.05211212193642041,0.0,0.0,2.6056060968210204,-1000.0,0.0,0.0,0.0,0.0,266.25375353645484,0.0,0.0,0.0,-600.1682650259299,1.3028030484105102,0.0,0.0,0.0,0.05211212193642041,0.0,52.11212193642041,-15.609959778046175,10.422424387284082,0.37222944240300293,146.4824162471012,-0.039084091452315305,2.6056060968210204,1.0422424387284082,-0.26056060968233224,-146.4824162471012,15.633636580926122,-0.05211212193642041,56.758893021646635,0.0,0.013028030484105103,0.37222944240300293,-170.2766790649399,-102.40239709349186,-1.0422424387284082,-374.1632228104893,-0.05211212193642041,0.013028030484105103,-146.4824162471012,622.8328959347544,0.05211212193642041,0.05211212193642041,-493.63447035122823,-94.0488239470837,-31.423278755635124,-0.039084091452315305,15.633636580926122,0.05211212193642041,15.633636580926122,-26.056060968210204,-0.026056060968210205,-545.1589042220744,260.99042922087636,-0.039084091452315305,-0.05211212193642041,-15.609959778046175,0.05211212193642041,5.211212193642041,-1.0422424387284082,0.0,0.0,-5.211212193642041,374.1632228104893,0.0,10.422424387284082,0.07816818290463061,404.0428381690464,5.211212193642041,-65.9135887487666,0.0,-10.422424387284082,0.026056060968210205,0.5211212193642041,197.74076624629978,367.9031559397581,-0.05211212193642041,-505.46913324298936,493.63447035122823,16.154757800290323,0.05211212193642041,102.40239709349186,-680.1562300648172,0.0,-0.05211212193642041,-0.013028030484105103,0.0,-0.05211212193642041,-994.788787806358,0.05211212193642041,-0.013028030484105103,-0.013028030484105103,-0.013028030484105103,20.844848774568163,26.056060968210204,0.5211212193642041,38.60856833964522,-0.013028030484105103,338.7226394709529,2.6056060968210204,500.0,0.05211212193642041,0.026056060968210205,0.026056060968210205,5.211212193642041,15.609959778046175,0.05211212193642041,-15.609959778046175,0.5211212193642041,0.05211212193642041,-38.60856833964522,0.05211212193642041,0.20844848774591185,0.26056060968233224,0.026056060968210205,0.013028030484105103,15.633636580926122,-0.05211212193642041,31.423278755635124,0.5211212193642041,-77.21713667929043,1.3028030484105102,-5.211212193642041,10.422424387284082,2.6056060968210204,-0.05211212193642041,170.2766790649399,0.07816818290463061,-0.05211212193642041,-10.422424387284082,15.609959778046175,164.80540830228927,0.026056060968210205,-1000.0,-0.05211212193642041,-0.05211212193642041,-0.05211212193642041,0.026056060968210205,146.4824162471012,-10.422424387284082,0.05211212193642041,395.48153249259957,-0.013028030484105103,94.0488239470837,-395.48153249259957,7.816818290463061,-260.99042922087636,-720.0625976743889,146.4824162471012,-0.039084091452315305,505.46913324298936,-367.9031559397581,0.05211212193642041,-0.013028030484105106,2.6056060968210204,52.11212193642041,-0.026056060968210205,-0.05211212193642041,0.013028030484105103,1000.0,0.0,-404.06889423001456,0.0,209.87552933474234,0.0,-270.10019366577444,451.3837939611081,617.6216837411124,-1000.0,84.06473382831257,1000.0,0.0,500.0,-104.93776466737117,-42.032366914156285,-617.6216837411124,-225.69189698055405,-493.7439058072948,-259.9819116138044,0.0,-1000.0,-259.9819116138044,270.10019366577444,202.4224121027004,0.0,1496.5981,bhi
343,0.0,0.0,0.0,0.0,0.0,0.0,0.0,0.0,-0.08706438191489806,0.0,0.0,0.0,0.0,0.0,0.0,0.0,1000.0,0.0,0.0,-410.0379284426991,0.0,0.0,0.0,879.2541565780922,0.0,0.0,0.0,0.0,0.0,-888.3684290167267,0.0,0.0,640.3048687778671,0.0,0.0,0.0,0.0,151.84874953711278,0.0,-1000.0,973.8806854255306,0.0,0.0,-232.95421102164727,0.0,0.0,0.0,0.0,1000.0,0.0,0.0,878.6773599616259,0.0,0.09577082010647396,0.0,0.0,0.0,11.766145852567085,0.0,0.0,-317.03668895961084,0.0,0.0,-317.03668895961084,0.0,0.0,0.0,0.0,912.7821809163243,-397.86233676367453,0.0,0.8706438191489807,0.0,0.0,0.0,0.0,0.0,0.0,0.0,0.0,0.0,0.0,0.0,0.0,52.238629148938834,0.0,309.3692190589722,529.3007515381138,-349.37660842351215,0.0,-0.021766095478724514,0.0,0.0,0.0,26.119314574469417,0.0,26.119314574469417,0.0,0.0,0.0,0.0,246.89831560045775,-888.3684290167267,0.0,0.0,0.0,0.0,0.0,0.0,0.0,0.0,0.0,0.0,0.0,0.0,0.0,0.0,0.0,0.0,0.0,0.0,0.0,0.0,0.0,-258.5174715943822,0.0,0.0,26.119314574469417,0.0,26.9899583936184,0.0,0.0,0.0,160.1179322626502,-160.1179322626502,160.11793226265024,0.0,0.0,0.0,0.0,0.0,0.0,0.0,0.0,0.0,316.07317646641934,0.08706438191489806,0.0,0.0,0.0,-926.3427678805059,926.3427678805059,0.0,0.0,0.0,0.0,872.4782656324294,0.0,0.0,0.0,0.0,0.0,999.9129356180852,999.9129356180852,0.0,0.0,0.0,984.375,930.380748142418,0.0,0.0,1000.0,0.0,0.0,0.0,1000.0,0.0,0.0,0.0,0.0,0.0,0.0,0.0,0.0,0.0,0.0,-167.09662495647513,0.0,0.0,0.0,0.0,73.89124946709123,0.0,0.0,0.0,0.0,0.0,0.0,-878.6773599616259,349.37660842351215,-349.37660842351215,0.0,0.0,0.0,0.0,0.0,0.0,0.0,0.0,-1000.0,0.0,0.0,0.0,0.0,0.0,0.0,0.0,0.0,0.0,0.0,0.0,0.0,0.0,364.6657731294599,-222.73030830276795,-232.95421102164727,0.0,0.0,0.0,0.0,69.61925185758196,0.0,0.0,0.0,0.0,-317.03668895961084,0.0,0.0,0.0,0.0,0.0,0.0,0.0,0.0,0.0,2.803473097659662,5.646730530412528,0.0,0.0,724.9153336682076,26.162116821183417,1000.0,0.0,232.95421102164727,0.0,0.0,0.0,-893.7814540638244,0.0,0.0,0.0,-163.45924815347587,0.0,0.0,-610.8397313125765,-610.8397313125765,0.0,0.0,0.0,610.8397313125765,0.0,0.0,-711.2847115956748,0.0,0.0,173.29037368498365,0.0,0.0,0.0,0.0,0.0,0.0,0.0,843.97956124978,0.0,0.0,0.0,984.375,0.0,0.0,-317.03668895961084,-0.13059657287234708,0.0,0.0,0.0,0.0,0.08706438191489806,0.0,0.0,0.0,-172.43328899680228,1000.0,0.0,-477.1158715168727,-648.2785008753418,0.0,1000.0,0.0,21.615069969373167,0.0,0.0,0.0,0.0,0.0,728.2387729556721,103.11336356190988,-852.9672064869551,650.9375483381625,-1000.0,0.0,0.0,0.0,0.0,0.0,0.0,0.0,0.0,0.0,0.0,0.0,0.0,0.0,0.0,0.0,0.0,0.0,0.0,0.0,-1000.0,0.0,847.802992935228,0.0,1000.0,0.0,0.0,-318.876649564079,0.0,0.0,0.0,0.0,242.54509650471286,-615.7753003996215,-640.6249999999989,-1000.0,-1000.0,-400.1202440786126,246.74813487355658,-591.3502140953682,0.0,0.0,640.6249999999989,374.3742326518987,662.2042658575124,997.8233904521276,586.9969949996233,-410.58500883461164,0.0,-4.353219095744903,0.0,1000.0,26.119314574469417,0.0,0.0,0.0,0.0,0.0,0.0,0.0,-364.6657731294599,364.6657731294599,364.6657731294599,403.8691614757642,0.0,0.0,-772.2613471905263,0.0,0.0,0.0,0.0,0.0,-15.3349398012773,0.0,0.0,0.0,0.0,0.0,0.0,0.0,-248.84962287723738,0.17412876382985426,0.0,0.0,0.0,0.0,0.0,0.0,0.0,0.0,0.0,514.9198441526497,0.0,0.0,0.0,0.0,0.0,0.0,0.0,0.0,0.0,0.09577082010647396,0.09577082010647396,0.0,0.0,0.0,52.238629148938834,0.0,0.0,0.0,1000.0,0.0,0.0,309.3692190589722,0.0,0.0,1000.0,-1000.0,0.0,0.0,0.0,0.0,0.0,0.0,0.0,0.0,0.0,0.0,0.0,0.0,0.0,86.17249053146072,172.43328899680228,0.0,0.0,316.07317646641934,0.0,0.0,0.0,-69.61925185758196,0.0,1000.0,0.0,0.0,751.1503771227626,0.0,0.0,364.6657731294599,0.0,0.0,0.0,0.0,0.0,0.0,0.0,0.0,0.0,0.0,0.0,0.0,0.0,52.238629148938834,0.0,0.0,0.0,0.0,0.0,0.0,0.0,0.0,0.0,0.0,0.0,0.0,0.8706438191489807,0.0,0.0,309.3692190589722,-309.3692190589722,0.0,-878.6773599616259,0.0,0.0,26.119314574469417,0.0,0.0,0.0,0.0,0.0,0.0,0.0,0.0,0.0,0.0,0.0,69.61925185758196,0.0,26.119314574469417,26.119314574469417,-10.883047739362256,-1000.0,0.0,0.0,0.0,0.0,0.0,0.0,0.0,-714.5384529086703,0.0,-549.9908999812582,0.08706438191489806,0.0,0.0,0.0,114.9809540874679,0.0,0.0,0.0,0.0,0.0,0.0,0.0,0.0,0.0,0.0,0.0,0.0,0.0,0.0,0.0,0.0,0.0,0.08706438191489806,0.0,0.0,0.0,0.0,0.0,0.0,0.0,0.0,847.802992935228,0.0,-318.876649564079,0.0,0.0,-1000.0,-6.529828643617353,-4.353219095744903,0.0,0.0,125.0,125.0,-125.00000000000001,0.0,0.0,0.0,0.0,0.0,0.0,0.0,0.0,0.0,0.0,0.0,1000.0,0.0,0.0,0.0,-0.08706438191489806,0.0,0.0,0.08706438191489806,0.0,0.08706438191489806,0.0,0.0,0.0,52.238629148938834,106.21854593617564,106.21854593617564,0.0,0.0,0.0,0.0,0.0,0.0,0.0,0.0,0.0,0.0,0.0,0.0,0.0,735.7350162385449,0.0,0.0,0.0,0.0,0.0,0.0,0.0,0.0,0.0,0.0,0.0,0.0,0.0,69.61925185758196,0.0,0.0,0.0,0.13059657287234708,0.0,0.0,0.0,-26.119314574469417,0.0,0.0,0.0,0.0,0.0,0.0,4.353219095744903,0.0,0.0,0.0,-984.375,-930.380748142418,-4.353219095744903,0.0,0.0,0.0,0.0,0.0,0.0,0.0,0.0,0.0,0.0,0.0,0.0,-364.6657731294599,0.0,-1000.0,0.0,0.0,-323.2298686598239,0.0,323.2298686598239,0.0,-1000.0,0.0,4.353219095744903,889.5651391868744,0.0,537.3187849962891,0.0,-634.0733779192217,-109.34375000015706,109.34375000015706,0.0,0.0,0.0,0.0,0.0,0.0,0.0,173.62645360009247,-19.589485930852277,106.21854593617564,0.0,0.0,0.0,0.0,0.0,0.0,0.0,0.0,0.0,2.803473097659662,0.0,0.0,0.0,-629.9007982401176,474.35218470989344,0.0,26.119314574469417,309.3692190589722,0.0,0.0,0.0,-138.89818204053674,0.0,0.0,0.09577082010647396,0.0,0.0,0.0,53.10927296808782,0.0,0.0,0.0,0.0,-222.73030830276795,0.0,0.0,0.0,0.0,0.0,0.0,0.0,0.0,0.0,0.0,0.008706438191489805,0.008706438191489805,0.0,0.0,0.0,0.0,0.0,0.0,0.0,0.0,0.0,0.0,0.0,0.0,0.0,0.0,0.0,0.0,0.0,0.0,0.0,0.0,0.0,0.0,0.0,0.0,0.0,0.0,0.0,618.7384381179444,0.0,1000.0,0.0,0.0,0.0,0.0,52.238629148938834,0.0,0.0,0.0,0.0,0.0,0.0,-52.238629148938834,0.0,618.7384381179444,0.0,0.0,0.0,0.0,0.0,0.0,0.0,0.0,0.0,0.0,549.9908999812582,-951.9693335872345,795.3741178502501,0.0,-26.119314574469417,0.0,999.6517424723407,0.0,0.0,0.0,0.0,0.0,0.0,0.0,0.0,0.0,0.0,0.0,0.0,0.0,0.0,0.0,0.0,0.0,-10.883047739362256,0.0,-249.07492514833024,748.7946735257796,0.0,0.0,0.0,0.0,0.0,0.0,-1.088304773936226,15.3349398012773,0.0,0.0,0.0,0.0,0.0,0.0,0.0,1000.0,26.119314574469417,26.119314574469417,0.0,0.0,0.0,0.0,0.0,0.09577082010647396,0.0,0.0,0.0,-999.6517424723407,0.0,0.0,0.0,0.0,0.0,0.0,0.0,0.0,0.0,0.0,0.0,0.0,0.0,0.0,0.0,0.0,0.0,0.0,0.0,91.41760101064297,316.07317646641934,0.0,0.0,0.0,0.0,0.0,0.0,0.0,0.0,0.0,0.0,0.0,-10.883047739362256,0.0,0.0,0.0,0.0,0.0,0.0,0.0,0.0,0.0,0.0,0.0,0.0,0.0,0.0,0.0,0.0,0.0,0.0,-0.08706438191489806,0.0,0.0,4.353219095744903,-1000.0,0.0,0.0,0.0,0.0,0.0,0.0,0.0,0.0,-728.2387729556721,2.1766095478724514,0.0,0.0,0.0,0.08706438191489806,0.0,87.06438191489805,-26.9899583936184,17.41287638297961,0.6218884422492719,242.9096255425656,-0.06529828643617354,625.6257673481014,1.7412876382979612,-0.43532190957415506,-242.9096255425656,26.119314574469417,-0.08706438191489806,0.0,0.0,0.021766095478724514,0.6218884422492719,0.0,-323.2298686598239,-1.7412876382979612,-589.9620715573009,-0.08706438191489807,0.021766095478724514,-242.9096255425656,8.706438191489806,0.08706438191489806,0.08706438191489806,0.18283520202137202,-309.2734482388658,-889.1544916551045,-0.06529828643617354,26.119314574469417,0.08706438191489806,26.119314574469417,-43.53219095744903,-0.04353219095744903,16.676226022675092,-78.41275443098667,-0.06529828643617354,-0.08706438191489806,-26.9899583936184,0.08706438191489806,8.706438191489806,-1.7412876382979612,69.61925185758196,69.61925185758196,-8.706438191489806,589.9620715573009,-69.61925185758196,17.41287638297961,0.13059657287234708,-564.8472942267897,8.706438191489806,-86.17249053146072,0.0,-17.41287638297961,0.04353219095744903,0.8706438191489807,119.27896787921817,-347.2528967464803,-0.08706438191489806,-19.589485930852277,-0.18283520202137202,26.9899583936184,0.08706438191489806,323.2298686598239,-104.47725829787777,0.0,-0.08706438191489806,-0.021766095478724514,0.0,-0.08706438191489806,-248.84962287723738,0.08706438191484267,-0.021766095478724514,-0.021766095478724514,-0.021766095478724514,34.82575276595922,43.53219095744903,0.8706438191489807,201.98085883066133,-0.021766095478724514,238.55793575843634,4.353219095744903,128.77803053436358,0.08706438191489806,0.04353219095744903,0.04353219095744903,8.706438191489806,26.9899583936184,0.08706438191489806,-26.9899583936184,0.8706438191489807,0.08706438191489803,-476.93492858958143,0.08706438191489806,0.348257527659257,0.43532190957415506,0.04353219095744903,0.021766095478724514,26.119314574469417,-0.08706438191489806,889.1544916551045,0.8706438191489806,-403.96171766132267,623.4491578002289,-8.706438191489806,17.41287638297961,4.353219095744903,-0.08706438191489806,0.0,0.13059657287234708,-0.08706438191489803,-17.41287638297961,26.9899583936184,395.612609257421,0.04353219095744903,-257.55606106872716,-0.08706438191489806,-0.08706438191484267,-0.08706438191489806,0.04353219095744903,242.9096255425656,-17.41287638297961,0.08706438191489806,238.55793575843634,-0.021766095478724514,309.2734482388658,-238.55793575843634,13.059657287234707,78.41275443098667,128.31828254885139,242.9096255425656,-0.06529828643617354,19.589485930852277,347.2528967464803,0.08706438191489807,-0.02176609547872451,4.353219095744903,87.06438191489805,-0.04353219095744903,-0.08706438191489806,0.021766095478724514,1000.0,0.0,564.8037620358323,274.9540697589201,-1000.0,0.0,111.20983297205785,-642.2289916181865,0.0,34.64772158621157,-421.2820378587438,982.5871236170204,0.0,-17.323860793105784,500.0,210.6410189293719,0.0,321.1144958090932,0.0,-256.7144272168843,0.0,-982.5871236170204,-256.7144272168843,-111.20983297205785,103.4903265392229,0.0,1496.5981,bhi
344,0.0,0.0,0.0,0.0,0.0,0.0,0.0,0.0,-0.034684259133301386,0.0,0.0,0.0,0.0,0.0,0.0,0.0,0.0,-697.082509590323,0.0,931.6646817684264,0.0,0.0,0.0,0.0,0.0,0.0,0.0,0.0,0.0,-912.7189876790393,500.1111829928606,-500.1111829928606,907.7184646771547,0.0,0.0,0.0,0.0,392.3220946018041,0.0,-1000.0,501.6749353415562,0.0,0.0,943.4468755139344,0.0,0.0,466.895003289696,0.0,-30.727887834895114,0.0,0.0,0.0,0.0,0.03815268504666582,0.0,0.0,0.0,6.936851826660277,0.0,0.0,-169.7582547519591,0.0,0.0,-169.7582547519591,0.0,0.0,0.0,0.0,0.0,0.0,0.0,0.34684259133301387,0.0,0.0,0.0,0.0,0.0,0.0,0.0,0.0,0.0,0.0,0.0,0.0,20.81055547998083,0.0,0.0,98.48737089071233,-932.2405169441828,1000.0,216.18039385930874,0.0,0.0,576.2307236008013,10.405277739990415,0.0,10.405277739990415,-231.69273685372838,0.0,0.0,0.0,999.1328935216675,-912.7189876790393,0.0,0.0,-91.51501319599936,0.0,0.0,0.0,0.0,0.0,0.0,0.0,0.0,0.0,0.0,0.0,0.0,0.0,0.0,0.0,0.0,0.0,0.0,-15.252502199333225,0.0,0.0,10.405277739990415,0.0,10.75212033132343,0.0,0.0,-348.4648615109422,-651.5351384890578,1000.0,-1000.0,-1000.0,0.0,0.0,1000.0,0.0,0.0,0.0,0.0,0.0,2.670687953264205,0.034684259133301386,216.18906492409207,0.0,0.0,0.0,-6.936851826660277,0.0,0.0,0.0,0.0,470.4830285609616,0.0,0.0,0.0,0.0,0.0,19.525715064766246,19.525715064766246,0.0,0.0,0.0,0.0,599.2918428966731,0.0,0.0,519.6715823167602,0.0,0.0,0.0,0.0,-391.6893383923726,0.0,0.0,0.0,0.0,0.0,0.0,0.0,0.0,0.0,0.0,0.0,0.0,0.0,0.0,-1000.0,0.0,0.0,0.0,0.0,0.0,0.0,0.0,-67.75948305581721,67.75948305581721,0.0,0.0,0.0,0.0,0.0,0.0,0.0,0.0,-959.1988602380163,0.0,0.0,0.0,0.0,0.0,0.0,0.0,0.0,0.0,0.0,0.0,0.0,0.0,649.078400114107,-13.597463596742728,943.4468755139344,0.0,0.0,0.0,0.0,0.0,0.0,0.0,0.0,0.0,-169.7582547519591,0.0,500.1111829928606,0.0,134.80384154748896,0.0,0.0,0.0,0.0,0.0,867.1041088200203,0.0,0.0,0.0,999.9479736113002,135.46693972293463,0.0,0.0,-943.4468755139344,0.0,0.0,0.0,-503.6489774244574,0.0,0.0,0.0,-86.84745908179445,0.0,0.0,-383.45321889476224,0.0,0.0,-383.45321889476224,0.0,0.0,-1000.0,0.0,99.06320606646887,0.0,0.0,96.76908298191087,0.0,0.0,0.0,-1000.0,0.0,1000.0,0.0,1000.0,0.0,0.0,-1000.0,0.0,0.0,0.0,-169.7582547519591,-0.052026388699952075,0.0,0.0,0.0,0.0,0.034684259133301386,0.0,0.0,0.0,122.49061343998926,0.0,0.0,-61.0100087973329,479.4468584831666,391.6893383923726,512.0802130815464,0.0,46.6580492221899,0.0,-91.51501319599936,0.0,0.0,0.0,953.3419507778101,0.0,-1000.0,-1000.0,-1000.0,0.0,0.0,0.0,0.0,0.0,0.0,0.0,0.0,0.0,0.0,0.0,0.0,0.0,0.0,0.0,0.0,134.80384154748896,1000.0,0.0,607.5391683616632,0.0,0.0,597.5688295367963,263.3516265548187,0.0,0.0,-369.6636137804239,0.0,0.0,0.0,0.0,997.3986805650025,0.0,688.3053378898443,367.8906334834244,0.0,0.0,746.4969815445462,0.0,-3.0306204121776545,0.0,-688.3053378898443,-1000.0,631.997909166454,-0.8671064783325346,-1.7342129566650692,-713.0061770406085,0.0,818.6172801219865,0.0,-841.1620485586324,10.405277739990415,0.0,0.0,0.0,0.0,0.0,0.0,0.0,-649.078400114107,649.078400114107,649.078400114107,486.41839456896014,0.0,0.0,-13.50278291181047,0.0,0.0,0.0,0.0,0.0,-339.5165095039182,0.0,0.0,0.0,0.0,0.0,0.0,0.0,-30.939593163393397,0.06936851826662593,0.0,0.0,0.0,0.0,0.0,0.0,0.0,0.0,0.0,0.0,0.0,0.0,0.0,0.0,0.0,0.0,0.0,0.0,0.0,0.03815268504666582,0.03815268504666582,500.1111829928606,14.596348323621214,0.0,20.81055547998083,0.0,0.0,0.0,1000.0,0.0,0.0,0.0,0.0,0.0,1000.0,-1000.0,0.0,0.0,27.652754138143834,0.0,0.0,0.0,0.0,0.0,0.0,0.0,0.0,0.0,0.0,5.0841673997777415,-122.49061343998926,6.936851826660277,0.0,2.670687953264205,0.0,0.0,576.2307236008013,576.2307236008013,0.0,1000.0,0.0,969.0604068366066,0.0,0.0,0.0,649.078400114107,0.0,0.0,0.0,0.0,0.0,0.0,0.0,0.0,0.0,0.0,0.0,0.0,0.0,20.81055547998083,0.0,0.0,0.0,0.0,0.0,0.0,0.0,0.0,0.0,0.0,0.0,0.0,0.34684259133301387,0.0,500.1111829928606,0.0,0.0,500.1111829928606,0.0,0.0,0.0,10.405277739990415,-27.652754138143834,0.0,0.0,0.0,0.0,0.0,0.0,0.0,0.0,0.0,0.0,0.0,0.0,10.405277739990415,10.405277739990415,-45.13667215364642,-1000.0,0.0,0.0,0.0,0.0,0.0,0.0,0.0,912.7189876790393,0.0,1000.0,0.034684259133301386,0.0,0.0,0.0,45.80551907968638,0.0,0.0,-576.2307236008013,0.0,0.0,0.0,0.0,0.0,0.0,0.0,0.0,0.0,0.0,0.0,0.0,0.0,0.0,0.034684259133301386,0.0,0.0,0.0,-469.35766239543295,469.35766239543295,0.0,0.0,0.0,0.0,0.0,835.4443841180355,0.0,0.0,-1000.0,-2.6013194349975493,-1.7342129566650706,0.0,0.0,0.0,0.0,0.0,0.0,0.0,0.0,0.0,0.0,0.0,0.0,0.0,391.6893383923726,0.0,0.0,-20.81055547998083,0.0,0.0,0.0,-0.034684259133301386,0.0,0.0,0.034684259133301386,0.0,0.034684259133301386,0.0,0.0,0.0,20.81055547998083,42.31479614262769,42.31479614262769,0.0,0.0,0.0,0.0,0.0,0.0,0.0,6.936851826660277,0.0,0.0,0.0,0.0,0.0,956.3282654891873,0.0,0.0,0.0,0.0,0.0,0.0,0.0,0.0,0.0,0.0,0.0,0.0,0.0,0.0,0.0,0.0,0.0,0.052026388699952075,0.0,0.0,0.0,-10.405277739990415,0.0,0.0,0.0,0.0,0.0,-14.596348323621214,1.7342129566650692,0.0,0.0,0.0,0.0,-599.2918428966731,369.6636137804239,0.0,0.0,0.0,0.0,0.0,0.0,0.0,0.0,0.0,0.0,27.652754138143834,0.0,-634.4820517904858,0.0,-1000.0,-91.51501319599936,607.5391683616632,0.0,0.0,-607.5391683616632,0.0,-545.9637735670851,0.0,1.7342129566650706,1000.0,0.0,0.0,-500.1111829928606,-339.5165095039182,0.0,0.0,-359.37500000030496,359.37500000030496,0.0,0.0,0.0,0.0,0.0,17.197667758618763,-22.40030662861335,42.31479614262769,0.0,0.0,0.0,500.1111829928606,0.0,0.0,0.0,0.0,0.0,867.1041088200203,0.0,0.0,0.0,-45.80551907968638,-47.07810843890206,0.0,10.405277739990415,0.0,0.0,0.0,0.0,-391.95186031969484,0.0,0.0,0.03815268504666582,0.0,0.0,0.0,21.157398071313846,0.0,0.0,0.0,0.0,-13.597463596742728,0.0,0.0,0.0,0.0,0.0,0.0,0.0,0.0,-151.64632148191842,0.0,471.4944896638207,0.0034684259133301388,0.0,0.0,0.0,0.0,0.0,0.0,0.0,0.0,0.0,0.0,500.1111829928606,0.0,0.0,0.0,0.0,14.596348323621214,0.0,0.0,0.0,0.0,0.0,0.0,0.0,0.0,0.0,0.0,0.0,0.0,1000.0,0.0,-697.082509590323,0.0,0.0,0.0,20.81055547998083,0.0,0.0,0.0,0.0,0.0,0.0,-20.81055547998083,0.0,0.0,0.0,0.0,0.0,0.0,0.0,0.0,0.0,500.1111829928606,500.1111829928606,0.0,-1000.0,-1000.0,980.0869829954988,0.0,-10.405277739990415,0.0,392.3220946018041,0.0,0.0,0.0,0.0,0.0,0.0,0.0,0.0,0.0,0.0,0.0,0.0,0.0,0.0,0.0,0.0,0.0,-4.3355323916626745,0.0,-1000.0,976.1272526828037,0.0,0.0,0.0,0.0,0.0,0.0,-0.4335532391662674,339.5165095039182,0.0,0.0,0.0,0.0,0.0,0.0,0.0,1000.0,10.405277739990415,10.405277739990415,0.0,0.0,0.0,0.0,0.0,0.03815268504666582,14.596348323621214,0.0,0.0,-392.3220946018041,471.4910212379073,0.0,0.0,0.0,0.0,0.0,0.0,0.0,0.0,0.0,0.0,0.0,0.0,0.0,0.0,0.0,0.0,0.0,0.0,36.41847208996646,2.670687953264205,0.0,0.0,0.0,0.0,0.0,14.596348323621214,0.0,-5.521734054021067,0.0,0.0,0.0,-4.3355323916626745,0.0,0.0,0.0,0.0,0.0,0.0,0.0,0.0,0.0,0.0,0.0,0.0,0.0,0.0,0.0,0.0,0.0,0.0,-0.034684259133301386,0.0,0.0,1.7342129566650692,-1000.0,0.0,0.0,0.0,0.0,0.0,0.0,0.0,0.0,-953.3419507778101,0.8671064783325346,0.0,0.0,0.0,0.034684259133301386,0.0,34.68425913330138,-10.75212033132343,6.936851826660277,0.2477447080950099,96.76908298191087,-0.026013194349976038,632.1093665165756,0.6936851826660277,-0.17342129566600306,-96.76908298191087,10.405277739990415,-0.03468425913330139,30.505004398666454,0.0,0.008671064783325346,0.2477447080950099,-91.51501319599936,-5.521734054021067,499.4174978101946,-234.5821721781034,-0.034684259133301386,0.008671064783325346,-96.76908298191087,3.4684259133301385,0.03468425913330139,0.034684259133301386,-14.523511379441246,0.038152685046668466,-755.6280314485491,-0.026013194349976038,10.405277739990415,0.034684259133301386,10.405277739990415,-17.34212956665069,-0.017342129566650693,468.17502927958634,-3.50311017246344,-0.026013194349976038,-0.034684259133301386,-10.75212033132343,0.034684259133301386,3.4684259133301385,-0.6936851826660277,0.0,0.0,-3.4684259133301385,234.5821721781034,0.0,6.936851826660277,0.052026388699952075,-1000.0,3.4684259133301385,-5.0841673997777415,0.0,-6.936851826660277,0.01734212956665069,0.34684259133301387,15.252502199333225,-627.5451999638256,-0.034684259133301386,-22.40030662861335,14.523511379441246,10.75212033132343,0.034684259133301386,5.521734054021067,-41.62111095996167,0.0,-0.034684259133301386,-0.008671064783325346,0.0,-0.034684259133301386,-30.939593163393397,0.034684259133301386,-0.008671064783325345,-0.008671064783325346,-0.008671064783325345,13.873703653320554,17.34212956665069,0.34684259133301387,25.696700485384675,-0.008671064783325346,0.0,1.7342129566650692,17.204009538361767,0.034684259133301386,0.01734212956665069,0.017342129566650693,3.4684259133301385,10.75212033132343,0.034684259133301386,-10.75212033132343,0.34684259133301387,0.034684259133301386,-25.696700485384675,0.034684259133301386,0.13873703653268876,0.17342129566600306,0.017342129566650693,0.008671064783325346,10.405277739990415,-0.034684259133301386,755.6280314485491,-249.7087489050973,-51.393400970769335,631.2422600382431,-3.4684259133301385,6.936851826660277,1.7342129566650692,-0.034684259133301386,91.51501319599936,0.052026388699952075,-0.034684259133301386,-6.936851826660277,10.75212033132343,524.2946205963219,0.017342129566650693,-34.408019076723534,-0.034684259133301386,-0.034684259133301386,-0.034684259133301386,0.017342129566650693,96.76908298191087,-6.936851826660277,0.034684259133301386,30.50500439866645,-0.008671064783325346,-0.038152685046668466,-30.50500439866645,5.202638869995207,3.50311017246344,282.6396889319337,96.76908298191087,-0.026013194349976038,22.40030662861335,627.5451999638256,0.034684259133301386,-0.008671064783325345,1.7342129566650706,34.68425913330138,-0.01734212956665069,-0.034684259133301386,0.008671064783325346,498.7928485828121,0.0,999.9826578704334,0.0,-1000.0,0.0,132.61965112340187,-1000.0,0.0,-1000.0,-401.8402331996211,1000.0,0.0,500.0,500.0,200.92011659981054,0.0,500.0,-14.596348323621214,-132.34276027662708,0.0,-1000.0,-132.34276027662708,-132.61965112340187,85.38616808501669,0.0,1496.5981,bhi
345,0.0,0.0,0.0,0.0,0.0,0.0,0.0,0.0,-0.05836946983884549,0.0,0.0,0.0,0.0,0.0,0.0,0.0,-552.8785647771432,-125.79051946166197,0.0,1000.0,0.0,0.0,0.0,460.0298311008908,0.0,0.0,0.0,0.0,0.0,-295.75182817479646,446.63738662679526,-446.63738662679526,814.9071037639922,0.0,0.0,0.0,0.0,936.265972009483,0.0,-469.6002261855318,982.4891590483463,0.0,0.0,0.0,0.0,0.0,0.0,0.0,-33.2136274727668,0.0,0.0,0.0,0.0,0.06420641682278777,0.0,0.0,0.0,0.0,0.0,0.0,-154.0195335194066,0.0,-581.2542607526877,-735.2737942720944,0.0,0.0,0.0,0.0,615.8037841137382,-615.8037841137382,0.0,0.5836946983884549,0.0,0.0,0.0,0.0,0.0,0.0,0.0,0.0,0.0,0.0,0.0,0.0,35.0216819033073,0.0,0.0,900.8329892284092,-132.38063824435756,0.0,-0.014592367459711373,0.0,0.0,583.9776537374942,17.51084095165365,0.0,17.51084095165365,0.0,0.0,0.0,0.0,574.9421045174531,-295.75182817479646,0.0,0.0,-183.80293095256937,0.0,0.0,0.0,0.0,0.0,0.0,0.0,0.0,0.0,0.0,0.0,0.0,0.0,0.0,0.0,0.0,0.0,0.0,-30.633821825428228,0.0,0.0,17.51084095165365,0.0,18.0945356500421,0.0,0.0,0.0,-1000.0,1000.0,-1000.0,0.0,0.0,0.0,0.0,0.0,0.0,0.0,0.0,0.0,4.494449177591103,0.05836946983884549,0.0,0.0,0.0,0.0,-455.2243166126704,0.0,0.0,0.0,0.0,828.2899464129888,0.0,0.0,0.0,0.0,0.0,-263.84582542760876,-263.84582542760876,0.0,0.0,0.0,0.0,-291.03532377257324,0.0,0.0,182.8499306690253,0.0,0.0,0.0,-314.78377356928723,0.0,0.0,0.0,0.0,0.0,0.0,0.0,0.0,0.0,0.0,-797.6092829516622,0.0,0.0,0.0,0.0,-1000.0,0.0,0.0,0.0,0.0,0.0,0.0,0.0,132.38063824435756,-132.38063824435756,0.0,0.0,0.0,0.0,0.0,0.0,0.0,0.0,58.8159084626368,0.0,0.0,0.0,0.0,0.0,0.0,0.0,0.0,0.0,0.0,0.0,0.0,0.0,513.646620455048,229.61283921931616,881.8440204247065,0.0,0.0,0.0,0.0,0.0,0.0,0.0,0.0,0.0,-154.0195335194066,881.8440204247065,446.63738662679526,0.0,0.0,0.0,0.0,0.0,0.0,0.0,448.516883555607,11.673893967769098,0.0,0.0,-735.2387235112849,-1000.0,1000.0,0.0,-881.8440204247065,0.0,0.0,0.0,-928.7892467966085,0.0,0.0,0.0,-80.32223417305784,0.0,0.0,-103.1225281382568,0.0,0.0,-103.1225281382568,0.0,0.0,0.0,0.0,138.97075702705325,0.0,0.0,162.8508208503789,0.0,0.0,0.0,0.0,0.0,0.0,0.0,1000.0,0.0,0.0,-1000.0,0.0,0.0,0.0,-154.0195335194066,-0.08755420475826824,0.0,0.0,0.0,0.0,0.05836946983884549,0.0,0.0,0.0,533.9722754927393,-552.8785647771432,0.0,-122.53528730171291,727.7300698909182,0.0,1000.0,0.0,5.025611353124654,0.0,-183.80293095256937,0.0,0.0,0.0,-5.025611353124654,0.0,0.0,0.0,-1000.0,0.0,0.0,0.0,0.0,0.0,0.0,0.0,0.0,0.0,0.0,0.0,0.0,0.0,0.0,0.0,0.0,0.0,0.0,0.0,-1000.0,0.0,63.50055011116124,0.0,1000.0,0.0,57.59943603345433,-6.373946106402864,0.0,0.0,0.0,0.0,572.0236310255109,0.0,-921.875,-1000.0,-594.6645566113668,-615.8037841137382,0.0,-649.2849948219277,788.7857708230981,-867.3802619611035,921.875,211.06971099530233,0.0,593.2053198653957,646.3665213299855,0.0,0.0,0.0,794.3920034472233,-37.94015539524957,17.51084095165365,0.0,0.0,0.0,726.7983198259559,0.0,0.0,0.0,-513.646620455048,513.646620455048,513.646620455048,295.91191068362485,0.0,0.0,-817.2668082706524,0.0,0.0,0.0,0.0,0.0,-308.0390670388132,0.0,328.12500000004457,0.0,0.0,0.0,0.0,0.0,-243.1223183450079,0.11673893967783855,0.0,0.0,0.0,0.0,0.0,0.0,0.0,0.0,0.0,0.0,0.0,0.0,0.0,0.0,0.0,0.0,0.0,0.0,0.0,0.06420641682278777,0.06420641682278777,446.63738662679526,0.0,0.0,35.0216819033073,0.0,0.0,0.0,567.0237696759756,0.0,79.17016947240688,0.0,0.0,0.0,1000.0,-567.0237696759756,0.0,0.0,0.0,0.0,0.0,0.0,0.0,0.0,0.0,0.0,0.0,0.0,0.0,10.21127394180941,-533.9722754927393,455.2243166126704,0.0,4.494449177591103,0.0,0.0,583.9776537374942,583.9776537374942,0.0,1000.0,0.0,756.8776816549921,0.0,0.0,0.0,513.646620455048,0.0,0.0,0.0,0.0,0.0,0.0,0.0,0.0,0.0,0.0,0.0,0.0,0.0,35.0216819033073,0.0,0.0,0.0,0.0,0.0,0.0,0.0,0.0,0.0,0.0,0.0,0.0,0.5836946983884549,0.0,446.63738662679526,0.0,0.0,446.63738662679526,0.0,0.0,0.0,17.51084095165365,0.0,0.0,0.0,0.0,0.0,0.0,0.0,0.0,0.0,0.0,0.0,-672.5170216989752,0.0,17.51084095165365,17.51084095165365,-622.5616695475911,-567.0237696759756,0.0,0.0,0.0,0.0,0.0,0.0,0.0,-704.2481718252036,0.0,-623.1963192791602,0.05836946983884549,0.0,0.0,0.0,77.08522341788672,0.0,0.0,-583.9776537374942,0.0,0.0,0.0,0.0,0.0,0.0,0.0,0.0,0.0,0.0,0.0,0.0,0.0,0.0,0.05836946983884549,0.0,0.0,0.0,-237.86799445459616,237.86799445459616,0.0,0.0,0.0,63.50055011116124,0.0,-6.373946106402864,0.0,0.0,-1000.0,-4.377710237913412,0.0,-2.9184734919422746,0.0,0.0,0.0,0.0,0.0,0.0,0.0,0.0,0.0,0.0,0.0,0.0,0.0,0.0,0.0,-35.0216819033073,0.0,0.0,0.0,-0.05836946983884549,0.0,0.0,0.05836946983884549,0.0,0.05836946983884549,0.0,0.0,0.0,35.0216819033073,71.2107532033915,71.2107532033915,0.0,0.0,0.0,0.0,0.0,0.0,0.0,455.2243166126704,0.0,0.0,0.0,0.0,0.0,0.0,0.0,0.0,0.0,0.0,0.0,0.0,0.0,0.0,0.0,0.0,0.0,0.0,0.0,0.0,0.0,0.0,0.0,0.08755420475826824,0.0,0.0,0.0,-17.51084095165365,0.0,0.0,0.0,0.0,0.0,0.0,2.9184734919422746,0.0,0.0,0.0,0.0,291.03532377257324,6.373946106402864,-2.9184734919422746,0.0,328.12500000004457,0.0,0.0,0.0,0.0,0.0,0.0,0.0,0.0,-225.87963507218,-513.646620455048,0.0,-556.4495773550987,-183.80293095256937,0.0,0.0,0.0,0.0,0.0,-1000.0,0.0,2.9184734919422746,773.1412185243437,0.0,0.0,-446.63738662679526,-308.0390670388132,0.0,0.0,0.0,0.0,0.0,0.0,0.0,0.0,0.0,801.9869931895756,-13.13313071374057,71.2107532033915,0.0,0.0,0.0,446.63738662679526,0.0,0.0,0.0,0.0,0.0,448.516883555607,0.0,0.0,0.0,-77.08522341788672,0.0,0.0,17.51084095165365,0.0,0.0,0.0,0.0,-273.3097359511416,0.0,0.0,0.06420641682278777,0.0,0.0,0.0,35.60537660169575,0.0,0.0,0.0,0.0,229.61283921931616,0.0,0.0,0.0,0.0,0.0,0.0,0.0,0.0,0.0,0.0,0.005836946983884549,0.005836946983884549,0.0,0.0,0.0,0.0,0.0,0.0,0.0,0.0,0.0,0.0,446.63738662679526,0.0,0.0,0.0,0.0,0.0,0.0,0.0,0.0,0.0,0.0,0.0,0.0,0.0,0.0,0.0,0.0,0.0,0.0,0.0,-125.79051946166197,0.0,0.0,0.0,35.0216819033073,0.0,0.0,0.0,0.0,0.0,964.9783180966926,-1000.0,0.0,0.0,0.0,0.0,0.0,0.0,0.0,0.0,0.0,446.63738662679526,446.63738662679526,0.0,623.1963192791602,-1000.0,39.983086839609165,-17.51084095165365,0.0,0.0,999.7665221206443,0.0,0.0,0.0,0.0,0.0,0.0,0.0,0.0,0.0,242.1875,0.0,-242.1875,-242.1875,0.0,0.0,0.0,0.0,-7.296183729855686,0.0,-576.4013412634242,8.755420475826824,0.0,0.0,0.0,0.0,0.0,0.0,-0.7296183729855686,308.0390670388132,0.0,0.0,0.0,0.0,0.0,0.0,0.0,1000.0,17.51084095165365,17.51084095165365,0.0,0.0,0.0,0.0,0.0,0.06420641682278777,0.0,0.0,0.0,-999.7665221206443,0.0,0.0,0.0,0.0,0.0,0.0,0.0,0.0,0.0,0.0,0.0,0.0,0.0,0.0,0.0,0.0,0.0,0.0,0.0,61.28794333078777,0.0,0.0,4.494449177591103,0.0,0.0,0.0,0.0,0.0,-6.373946106402864,0.0,0.0,0.0,-7.296183729855686,0.0,0.0,0.0,0.0,0.0,0.0,0.0,0.0,0.0,0.0,0.0,0.0,0.0,0.0,0.0,0.0,0.0,0.0,-0.05836946983884549,0.0,0.0,2.9184734919422746,-1000.0,0.0,0.0,0.0,0.0,0.0,0.0,0.0,0.0,5.025611353124654,1.4592367459711373,0.0,0.0,0.0,0.05836946983884549,0.0,58.36946983884549,-18.0945356500421,11.673893967769098,0.4169247845631821,162.8508208503789,-0.04377710237913412,788.9302890046977,1.1673893967769098,-0.29184734919459165,-162.8508208503789,17.51084095165365,-0.05836946983884549,61.267643650856456,0.0,0.014592367459711373,0.4169247845631821,-183.80293095256937,-9.29241959834514,445.46999723001835,-321.33091576119483,-0.05836946983884549,0.014592367459711373,-162.8508208503789,5.836946983884549,0.05836946983884549,0.05836946983884549,0.12257588666163327,0.06420641682273004,-690.4235602038614,-0.04377710237913412,17.51084095165365,0.05836946983884549,17.51084095165365,-29.184734919422745,-0.029184734919422747,229.73947569601123,-5.895316453723394,-0.04377710237913412,-0.05836946983884549,-18.0945356500421,0.05836946983884549,5.836946983884549,-1.1673893967769098,0.0,0.0,-5.836946983884549,321.33091576119483,0.0,11.673893967769098,0.08755420475826824,-1000.0,5.836946983884549,-10.21127394180941,0.0,-11.673893967769098,0.029184734919422747,0.5836946983884549,30.633821825428228,-501.9727264872789,-0.05836946983884549,-13.13313071374057,-0.12257588666163327,18.0945356500421,0.05836946983884549,9.29241959834514,-70.04336380661483,0.0,-0.05836946983884549,-0.014592367459711373,0.0,-0.05836946983884549,-243.1223183450079,0.05836946983884549,-0.014592367459711373,-0.014592367459711373,-0.014592367459711373,23.347787935538197,29.184734919422745,0.5836946983884549,134.38078323154747,-0.014592367459711373,0.0,2.9184734919422746,124.47963266444623,0.05836946983884549,0.029184734919422747,0.029184734919422747,5.836946983884549,18.0945356500421,0.05836946983884549,-18.0945356500421,0.5836946983884549,0.05836946983884549,-316.6533877609309,0.05836946983884549,0.23347787935576847,0.29184734919459165,0.029184734919422747,0.014592367459711373,17.51084095165365,-0.05836946983884549,690.4235602038614,-222.73499861500918,-268.76156646309494,787.4710522587266,-5.836946983884549,11.673893967769098,2.9184734919422746,-0.05836946983884549,183.80293095256937,0.08755420475826824,-0.05836946983884549,-11.673893967769098,18.0945356500421,434.20793432266646,0.029184734919422747,-248.95926532889246,-0.05836946983884549,-0.05836946983884549,-0.05836946983884549,0.029184734919422747,162.8508208503789,-11.673893967769098,0.05836946983884549,61.267643650856456,-0.014592367459711373,-0.06420641682273004,-61.267643650856456,8.755420475826822,5.895316453723394,167.08123620996355,162.8508208503789,-0.04377710237913412,13.13313071374057,501.9727264872789,0.05836946983884549,-0.014592367459711372,2.9184734919422746,58.36946983884549,-0.029184734919422747,-0.05836946983884549,0.014592367459711373,1000.0,0.0,999.9708152650805,182.27260452938344,-316.52196564248646,0.0,219.3523198171317,-1000.0,0.0,-1000.0,-850.5811935247805,1000.0,0.0,500.0,158.26098282124323,425.29059676239024,0.0,500.0,0.0,-160.89819837152487,0.0,-1000.0,-160.89819837152487,-219.3523198171317,141.779368319931,0.0,1496.5981,bhi
346,0.0,0.0,0.0,0.0,0.0,0.0,0.0,0.0,546.9907068101767,0.0,0.0,0.0,0.0,0.0,0.0,0.0,-966.6460972764653,583.1222479932751,0.0,570.8013520215898,0.0,0.0,0.0,0.0,0.0,0.0,0.0,0.0,0.0,0.0,0.0,0.0,374.63094775356313,0.0,0.0,0.0,0.0,-14.71927940365793,0.0,-1000.0,-521.3778880546146,0.0,0.0,503.8697210185285,0.0,0.0,0.0,0.0,462.7763762579368,0.0,0.0,0.0,0.0,0.17916271733246827,0.0,0.0,0.0,32.57503951500629,0.0,0.0,-16.853984254013863,0.0,0.0,-16.853984254013863,0.0,0.0,0.0,0.0,0.0,0.0,0.0,1.6287519757503146,0.0,0.0,0.0,0.0,0.0,0.0,0.0,0.0,0.0,0.0,0.0,0.0,97.72511854501887,0.0,0.0,-308.85277624307196,916.5684505274178,462.288204102954,-0.04071879939375786,0.0,0.0,0.0,48.862559272509436,0.0,424.669148333461,0.0,0.0,0.0,0.0,8.143759878751572,0.0,0.0,0.0,-364.1708611929175,0.0,16.613270152653207,0.0,0.0,0.0,0.0,0.0,0.0,0.0,0.0,0.0,0.0,0.0,0.0,0.0,0.0,0.0,0.0,-285.4736767176397,0.0,0.0,424.669148333461,0.0,50.49131124825975,29.65262803993923,0.0,0.0,0.0,0.0,0.0,979.4248315514176,0.0,0.0,-979.4248315514176,0.0,0.0,0.0,0.0,0.0,12.541390213277413,0.16287519757503144,0.0,0.0,0.0,0.0,0.0,0.0,0.0,0.0,0.0,1000.0,0.0,0.0,0.0,0.0,0.0,766.783438465442,766.783438465442,0.0,0.0,0.0,-609.375,-86.67721609679553,0.0,0.0,766.946313663017,0.0,0.0,0.0,-15.231611730380124,-68.68072489680426,0.0,0.0,0.0,0.0,0.0,0.0,0.0,0.0,0.0,0.0,0.0,0.0,0.0,0.0,40.450301682648835,0.0,0.0,0.0,0.0,0.0,0.0,0.0,-1000.0,1000.0,0.0,0.0,0.0,0.0,0.0,0.0,0.0,0.0,394.9082709440414,0.0,0.0,0.0,0.0,0.0,0.0,0.0,0.0,0.0,0.0,0.0,0.0,0.0,0.0,-559.0433319090359,503.8697210185285,0.0,0.0,0.0,0.0,40.75379866774188,0.0,0.0,0.0,0.0,-16.853984254013863,0.0,0.0,0.0,0.0,0.0,0.0,0.0,0.0,0.0,5.244581361916403,0.0,375.8065890609516,0.0,-1000.0,916.5684505274179,-846.0763999851351,0.0,-503.8697210185285,0.0,0.0,0.0,1000.0,0.0,0.0,0.0,-12.022415417351533,0.0,0.0,11.387045695604316,972.0858603970429,0.0,-960.6988147014386,0.0,-972.0858603970429,-83.43154947258218,0.0,0.0,0.0,0.0,472.9732586464743,0.0,0.0,0.0,-533.0621317001363,0.0,533.0621317001363,0.0,766.6205632678669,0.0,0.0,614.8156979322952,-609.375,0.0,0.0,-16.853984254013863,-0.24431279636254716,0.0,0.0,0.0,0.0,0.16287519757503144,0.0,0.0,0.0,-511.11783004576813,-966.6460972764653,0.0,-242.7805741286117,-187.64203023573725,68.68072489680426,-96.70873972115356,0.0,233.33500804598995,0.0,-364.1708611929175,0.0,0.0,0.0,-14.023554511210138,0.0,-219.31145353477984,-1000.0,-288.13782588969116,0.0,0.0,0.0,0.0,0.0,0.0,0.0,0.0,0.0,0.0,0.0,0.0,0.0,0.0,0.0,0.0,0.0,-1000.0,0.0,-989.3560124462232,0.0,14.71927940365793,0.0,0.0,0.0,0.0,-17.785971575193816,0.0,0.0,0.0,0.0,0.0,0.0,0.0,-8.143759878751572,-32.57503951500628,0.0,0.0,0.0,0.0,0.0,0.0,0.0,0.0,28.503159575630498,-8.143759878751572,1.7119780083013438,0.0,43.07870132483228,0.0,0.0,424.669148333461,515.6250000000473,-515.6250000000473,0.0,0.0,0.0,547.1535820077517,0.0,0.0,0.0,0.0,-336.0436642164254,0.0,0.0,0.0,0.0,0.0,0.0,0.0,0.0,-33.707968508027726,0.0,-484.3749999999675,0.0,0.0,0.0,0.0,0.0,-983.7124802424969,0.32575039515002696,0.0,0.0,0.0,0.0,0.0,0.0,0.0,0.0,0.0,0.0,0.0,0.0,0.0,0.0,0.0,0.0,0.0,0.0,0.0,0.17916271733246827,0.17916271733246827,0.0,218.66646437702468,0.0,97.72511854501887,0.0,0.0,0.0,10.209759322109113,0.0,0.0,0.0,0.0,0.0,1000.0,-10.209759322109113,0.0,0.0,0.0,0.0,0.0,0.0,0.0,0.0,0.0,0.0,0.0,0.0,0.0,95.15789223921324,511.11783004576813,0.0,0.0,12.541390213277413,0.0,0.0,0.0,-40.75379866774188,0.0,951.0528838423336,0.0,16.287519757503144,0.0,31.53905098300658,-31.53905098300658,0.0,0.0,0.0,0.0,0.0,0.0,0.0,0.0,0.0,0.0,0.0,0.0,0.0,0.0,97.72511854501887,0.0,0.0,0.0,0.0,0.0,0.0,0.0,0.0,0.0,0.0,0.0,0.0,1.6287519757503146,0.0,0.0,0.0,0.0,0.0,0.0,0.0,0.0,424.669148333461,0.0,0.0,0.0,0.0,0.0,0.0,0.0,0.0,0.0,0.0,1000.0,-290.08125885938443,0.0,48.862559272509436,48.862559272509436,552.1572898440734,-10.209759322109113,0.0,0.0,0.0,0.0,0.0,0.0,0.0,0.0,0.0,25.353843731116285,0.16287519757503144,0.0,0.0,-357.9225585160337,454.4120126394735,630.0017056102249,0.0,0.0,0.0,0.0,0.0,0.0,0.0,0.0,3.7651627813589528,0.0,0.0,0.0,0.0,0.0,0.0,0.0,0.16287519757503144,0.0,0.0,0.0,0.0,0.0,0.0,0.0,0.0,14.71927940365793,-15.285743900168578,8.143759878751572,0.0,0.0,0.0,-12.215639818127356,-8.143759878751572,0.0,0.0,984.375,984.375,-984.375,0.0,0.0,0.0,0.0,0.0,0.0,0.0,0.0,68.68072489680426,0.0,0.0,51.222461203583855,0.0,0.0,0.0,546.9907068101767,0.0,0.0,0.16287519757503144,0.0,0.16287519757503144,11.295488344076858,0.0,0.0,97.72511854501887,198.70774104153838,198.70774104153838,0.0,0.0,0.0,0.0,0.0,0.0,0.0,0.0,0.0,0.0,0.0,0.0,0.0,0.0,0.0,0.0,0.0,0.0,0.0,0.0,0.0,0.0,0.0,0.0,0.0,0.0,0.0,40.75379866774188,0.0,-275.2463833559293,275.2463833559293,0.24431279636254716,0.0,0.0,0.0,-424.669148333461,0.0,0.0,0.0,0.0,0.0,-218.66646437702468,8.143759878751572,0.0,0.0,0.0,609.375,86.67721609679553,-8.143759878751572,0.0,0.0,-484.3749999999675,0.0,0.0,0.0,0.0,0.0,0.0,0.0,0.0,-330.8350575271263,218.66646437702468,0.0,967.4249604849937,265.8308444173074,10.64398755377681,-10.64398755377681,0.0,0.0,0.0,801.2922589584616,0.0,8.143759878751572,1000.0,0.0,148.94757974860272,0.0,-33.707968508027726,0.0,0.0,0.0,0.0,0.0,0.0,0.0,0.0,0.0,230.88210419515204,-255.31338383140672,198.70774104153838,0.0,0.0,0.0,0.0,0.0,0.0,0.0,0.0,0.0,5.244581361916403,0.0,0.0,0.0,-96.48945412343983,6.379562615166037,0.0,48.862559272509436,0.0,0.0,0.0,0.0,-121.62394387700613,0.0,0.0,0.17916271733246827,0.0,0.0,0.0,99.35387052076918,0.0,0.0,0.0,0.0,-559.0433319090359,0.0,0.0,0.0,0.0,0.0,0.0,0.0,0.0,-1000.0,0.0,0.016287519757503144,0.016287519757503144,0.0,0.0,0.0,0.0,0.0,11.295488344076858,0.0,0.0,0.0,-357.9225585160337,0.0,0.0,0.0,0.0,0.0,218.66646437702468,0.0,0.0,0.0,0.0,0.0,0.0,0.0,0.0,0.0,0.0,0.0,0.0,-1000.0,100.28553372659604,583.1222479932751,0.0,0.0,0.0,97.72511854501887,0.0,0.0,0.0,0.0,0.0,0.0,-97.72511854501887,0.0,0.0,0.0,0.0,0.0,0.0,0.0,0.0,0.0,0.0,0.0,0.0,686.5083303791927,-1000.0,111.56951033889654,0.0,-424.669148333461,0.0,-11.295488344076858,0.0,0.0,0.0,0.0,0.0,0.0,0.0,0.0,0.0,992.1875,0.0,-992.1875000000001,-992.1875,0.0,0.0,0.0,0.0,-20.359399696878928,0.0,-12.215639818127356,243.0977440132794,0.0,0.0,0.0,0.0,0.0,0.0,-2.0359399696878935,33.707968508027726,0.0,0.0,0.0,0.0,0.0,0.0,0.0,1000.0,48.862559272509436,48.862559272509436,0.0,0.0,0.0,0.0,0.0,0.17916271733246827,218.66646437702468,0.0,0.0,0.0,0.0,0.0,0.0,0.0,0.0,0.0,0.0,0.0,0.0,0.0,0.0,0.0,0.0,0.0,143.27093585000307,0.0,0.0,29.65262803993923,0.0,171.01895745378303,12.541390213277413,0.0,0.0,0.0,0.0,0.0,218.66646437702468,0.0,0.0,0.0,0.0,0.0,-20.359399696878928,0.0,0.0,0.0,0.0,0.0,0.0,0.0,0.0,0.0,0.0,0.0,0.0,0.0,0.0,0.0,0.0,0.0,0.0,-0.16287519757503144,0.0,0.0,8.143759878751572,-1000.0,0.0,0.0,0.0,0.0,0.0,0.0,0.0,0.0,14.023554511210138,4.071879939375784,0.0,0.0,0.0,0.16287519757503144,0.0,162.87519757503142,-20.838683208320486,32.57503951500629,1.1633942683930818,513.7270573142162,-0.12215639818127358,8.143759878751572,3.257503951500629,10.481112356201779,-513.7270573142162,48.862559272509436,-0.16287519757503144,121.39028706430585,0.0,0.04071879939375786,1.1633942683930818,-364.1708611929175,-25.929731453945386,-3.257503951500629,-187.27750273839956,-0.16287519757503144,0.04071879939375786,-513.7270573142162,16.287519757503144,0.16287519757503144,0.16287519757503144,-218.32442646211717,0.17916271733253458,0.0,-0.12215639818127358,48.862559272509436,0.16287519757503144,424.669148333461,294.3689902734359,-0.08143759878751572,-271.65827761416494,-57.20419362282006,-0.12215639818127356,-0.16287519757503144,-20.838683208320486,0.16287519757503144,16.287519757503162,-3.257503951500629,40.75379866774188,40.75379866774188,-16.287519757503144,187.27750273839956,-40.75379866774188,32.57503951500629,0.24431279636254713,-1000.0,16.287519757503144,-95.15789223921324,0.0,-32.57503951500629,0.08143759878751572,1.6287519757503146,60.695143532152926,251.24150389203098,-0.16287519757503144,-255.31338383140672,218.32442646211717,50.49131124825975,0.16287519757503144,25.929731453945386,-571.2568261509891,0.0,-0.16287519757503144,-0.04071879939375786,0.0,-0.16287519757503144,-983.7124802424969,0.16287519757497648,-0.04071879939375786,-0.04071879939375786,-0.04071879939375786,65.15007903001258,-294.3689902734359,1.6287519757503146,368.36905901846546,-0.04071879939375786,0.0,8.143759878751572,500.0,0.16287519757503144,0.08143759878751572,0.08143759878751572,16.287519757503144,20.838683208320486,0.16287519757503144,-20.838683208320486,1.6287519757503146,0.16287519757503144,-863.7668530485917,0.16287519757503144,0.6515007903000196,-10.481112356201779,0.08143759878751572,0.04071879939375786,48.862559272509436,-0.16287519757503144,0.0,1.6287519757503146,-736.7381180369309,4.071879939375783,-16.287519757503162,32.57503951500629,8.143759878751572,-0.16287519757503144,364.1708611929175,0.24431279636254713,-0.16287519757503144,-32.57503951500629,20.838683208320486,439.3820719850284,0.08143759878751572,-1000.0,-0.16287519757503144,-0.16287519757497648,-0.16287519757503144,0.08143759878751572,513.7270573142162,-32.57503951500629,0.16287519757503144,121.39028706430585,-0.04071879939375786,-0.17916271733253458,-121.39028706430585,24.43127963625471,57.20419362282006,408.90669494105566,513.7270573142162,-0.12215639818127356,255.31338383140672,-251.24150389203098,0.16287519757503144,-0.04071879939375785,8.143759878751572,162.87519757503142,-0.08143759878751572,-0.16287519757503144,0.04071879939375786,0.0,0.0,621.0619077708407,495.3977940301262,241.9657189727518,0.0,436.9028814903813,-112.39964520266392,0.0,786.2854117917243,37.63778028411173,-1000.0,-378.85665463037185,-393.14270589586215,-120.9828594863759,-18.818890142055864,0.0,56.19982260133196,-218.66646437702468,-317.7581281080223,378.85665463037185,1000.0,-317.7581281080223,-436.9028814903813,495.9360939419337,0.0,1496.5981,bhi
347,0.0,0.0,0.0,0.0,0.0,0.0,0.0,0.0,-0.16686553320975148,0.0,0.0,0.0,0.0,0.0,0.0,0.0,708.2613807504488,-750.5685062682547,0.0,0.0,0.0,0.0,0.0,0.0,0.0,745.0543331603246,0.0,0.0,0.0,750.9085714295172,109.99937088385732,-109.99937088385732,0.0,0.0,0.0,0.0,0.0,7.442739911817284,0.0,-381.7117675068726,671.7167330803007,0.0,0.0,500.74575106307157,0.0,0.0,0.0,19.010676335292537,-959.9157032430376,0.0,0.0,0.0,0.0,0.18355208653059527,0.0,0.0,0.0,52.38378297724283,0.0,0.0,-51.36174825262489,0.0,1000.0,948.6382517473751,0.0,0.0,0.0,0.0,754.8392613872326,-9.784928226907937,0.0,1.6686553320975148,0.0,0.0,0.0,0.0,0.0,0.0,0.0,0.0,0.0,0.0,0.0,0.0,100.11931992585087,0.0,0.0,1000.0,-531.515394585377,0.0,-0.04171638330243787,0.0,0.0,0.0,50.05965996292544,0.0,328.28326691969926,0.0,0.0,0.0,0.0,8.343276660487573,750.9085714295172,0.0,0.0,-349.49505914739285,0.0,0.0,0.0,0.0,0.0,0.0,0.0,0.0,0.0,0.0,0.0,0.0,0.0,0.0,0.0,0.0,0.0,0.0,-1000.0,0.0,0.0,328.28326691969926,0.0,51.72831529502295,11.584627496903238,0.0,0.0,0.0,0.0,0.0,0.0,0.0,0.0,0.0,0.0,0.0,0.0,0.0,0.0,12.848646057150864,0.16686553320975148,0.0,0.0,0.0,-282.18163350039526,0.0,0.0,0.0,0.0,0.0,1000.0,0.0,0.0,0.0,0.0,0.0,889.833763582933,889.833763582933,0.0,0.0,0.0,0.0,0.0,0.0,0.0,1000.0,0.0,0.0,0.0,-68.00003841950769,0.0,0.0,0.0,0.0,0.0,0.0,0.0,0.0,0.0,0.0,0.0,0.0,0.0,0.0,0.0,-1000.0,0.0,0.0,0.0,0.0,0.0,0.0,0.0,959.9157032430376,-959.9157032430376,0.0,0.0,0.0,0.0,0.0,0.0,0.0,0.0,395.5774519086748,0.0,0.0,0.0,0.0,0.0,0.0,0.0,0.0,0.0,0.0,0.0,0.0,0.0,0.0,-189.15622747054135,-499.25424893692843,0.0,0.0,0.0,0.0,98.34824515755494,0.0,0.0,0.0,0.0,-51.36174825262489,-1000.0,109.99937088385732,0.0,0.0,0.0,0.0,0.0,0.0,0.0,115.37244105321184,0.0,278.2236069567738,0.0,708.0110824506339,-783.4200153777806,1000.0,0.0,499.25424893692843,0.0,0.0,0.0,-514.8683982246922,0.0,0.0,0.0,-35.15049313596569,0.0,0.0,-1000.0,0.0,0.0,-578.3206429769036,-421.6793570230963,421.6793570230963,428.4003086576606,0.0,169.26290021782052,0.0,0.0,390.3758474914581,0.0,0.0,0.0,-1000.0,0.0,1000.0,0.0,999.6662689335805,0.0,0.0,144.43063791883685,0.0,0.0,0.0,-51.36174825262489,-0.2502982998146272,0.0,0.0,0.0,0.0,0.16686553320975148,0.0,0.0,0.0,457.996046869534,708.2613807504488,0.0,-232.9967060982619,-75.21387557493608,0.0,1000.0,0.0,-708.3160814633385,0.0,-349.49505914739285,0.0,0.0,0.0,-14.36712240935947,597.9593026143116,124.72390125838638,-1000.0,-1000.0,0.0,0.0,0.0,0.0,0.0,0.0,0.0,0.0,0.0,0.0,0.0,0.0,0.0,0.0,0.0,0.0,0.0,-22.380876431857295,0.0,-30.491078476514026,0.0,0.0,0.0,0.0,0.0,0.0,-18.221716226505386,0.0,0.0,0.0,0.0,0.0,-352.79856400154415,-953.1249999999994,-8.343276660487573,-4.171638330243787,-1000.0,393.00661400074193,-8.343276660487573,0.0,-349.40834172531675,953.1249999999994,0.0,0.0,0.0,0.0,0.0,0.0,71.9048299814632,718.4965767848146,564.686906592523,328.28326691969926,0.0,0.0,0.0,0.0,0.0,0.0,0.0,0.0,0.0,0.0,-562.1268388636106,0.0,0.0,0.0,0.0,0.0,0.0,0.0,0.0,-102.72349650524978,0.0,0.0,0.0,0.0,0.0,0.0,0.0,-799.6211278906359,0.3337310664196144,0.0,0.0,0.0,0.0,0.0,0.0,0.0,0.0,0.0,0.0,0.0,0.0,0.0,0.0,0.0,0.0,0.0,0.0,0.0,0.18355208653059527,0.18355208653059527,109.99937088385732,43.77090037453459,0.0,100.11931992585087,0.0,0.0,0.0,9.540578357476257,0.0,0.0,0.0,0.0,0.0,1000.0,-9.540578357476257,0.0,0.0,0.0,0.0,0.0,0.0,0.0,0.0,0.0,0.0,0.0,0.0,0.0,333.3333333333333,-457.996046869534,282.18163350039526,0.0,12.848646057150864,0.0,0.0,0.0,-98.34824515755494,0.0,1000.0,0.0,1000.0,-799.6211278906359,1000.0,-1000.0,0.0,0.0,0.0,0.0,0.0,0.0,0.0,0.0,0.0,0.0,0.0,0.0,0.0,0.0,100.11931992585087,0.0,0.0,0.0,0.0,0.0,0.0,0.0,0.0,0.0,0.0,0.0,0.0,1.6686553320975148,0.0,109.99937088385732,0.0,0.0,109.99937088385732,0.0,0.0,0.0,328.28326691969926,0.0,0.0,0.0,0.0,0.0,0.0,0.0,0.0,0.0,0.0,-387.8487429534402,376.1976172271378,0.0,50.05965996292544,50.05965996292544,-267.0895028475769,-9.540578357476257,0.0,0.0,0.0,0.0,0.0,0.0,0.0,943.1348355005155,0.0,980.371147801603,0.16686553320975148,0.0,0.0,0.0,174.03126454917964,0.0,0.0,0.0,0.0,0.0,0.0,0.0,0.0,0.0,0.0,0.0,0.0,0.0,0.0,0.0,0.0,0.0,0.16686553320975148,0.0,0.0,0.0,0.0,0.0,0.0,0.0,0.0,0.0,-835.2460929030265,817.0243766765211,0.0,0.0,-8.110202044656731,-12.514914990731363,0.0,-8.34327666048758,0.0,0.0,0.0,0.0,0.0,0.0,0.0,0.0,0.0,0.0,0.0,0.0,0.0,0.0,0.0,644.9350132344737,0.0,0.0,0.0,-0.16686553320975148,0.0,0.0,0.16686553320975148,0.0,0.16686553320975148,0.0,745.0543331603246,0.0,100.11931992585087,203.57595051589684,203.57595051589684,0.0,0.0,0.0,0.0,0.0,0.0,0.0,282.18163350039526,0.0,0.0,0.0,0.0,0.0,0.0,0.0,0.0,0.0,0.0,0.0,0.0,0.0,0.0,0.0,0.0,0.0,0.0,0.0,98.34824515755494,0.0,0.0,0.0,0.2502982998146272,0.0,0.0,0.0,-328.28326691969926,0.0,0.0,0.0,0.0,0.0,-43.77090037453459,8.343276660487573,0.0,0.0,0.0,0.0,0.0,182.97562332347889,-8.34327666048758,0.0,0.0,0.0,0.0,0.0,0.0,0.0,0.0,0.0,0.0,0.0,43.77090037453459,0.0,149.3461407123168,-349.49505914739285,0.0,1000.0,0.0,-1000.0,0.0,-718.444348740589,0.0,8.34327666048758,328.2911636331739,0.0,0.0,-109.99937088385732,-102.72349650524978,953.1250000000824,-953.1250000000824,258.5470579944102,-258.5470579944102,0.0,0.0,0.0,0.0,0.0,56.285815365265954,-81.31564534672869,203.57595051589684,0.0,296.875,296.875,-186.87562911614268,0.0,0.0,0.0,0.0,0.0,115.37244105321184,0.0,0.0,0.0,-174.03126454917964,735.2365294697041,0.0,50.05965996292544,0.0,0.0,0.0,0.0,-129.64500393805932,0.0,0.0,0.18355208653059527,0.0,0.0,0.0,101.78797525794839,0.0,0.0,0.0,0.0,-189.15622747054135,0.0,0.0,0.0,0.0,0.0,0.0,0.0,0.0,0.0,0.0,0.016686553320975624,0.016686553320975624,0.0,0.0,0.0,0.0,0.0,0.0,0.0,0.0,0.0,0.0,109.99937088385732,0.0,0.0,0.0,0.0,43.77090037453459,0.0,0.0,0.0,0.0,0.0,0.0,0.0,0.0,0.0,0.0,0.0,0.0,0.0,625.8699584756805,-750.5685062682547,0.0,0.0,0.0,100.1193199258509,0.0,0.0,0.0,0.0,0.0,-157.70190874950936,57.582588823658455,0.0,0.0,0.0,0.0,0.0,0.0,0.0,0.0,0.0,109.99937088385732,109.99937088385732,0.0,-980.371147801603,694.0434069300328,114.3028902486798,671.7167330803007,-1000.0,0.0,7.442739911817284,0.0,0.0,0.0,0.0,0.0,0.0,0.0,0.0,0.0,0.0,0.0,0.0,0.0,0.0,0.0,0.0,0.0,-20.858191651218945,0.0,-12.514914990731363,68.80073035599737,0.0,0.0,0.0,0.0,0.0,-2.085819165121894,0.0,102.72349650524978,0.0,0.0,0.0,0.0,0.0,0.0,0.0,1000.0,50.05965996292544,50.05965996292544,0.0,0.0,0.0,0.0,0.0,0.18355208653059527,43.77090037453459,0.0,0.0,-7.442739911817284,0.0,0.0,0.0,0.0,0.0,0.0,0.0,0.0,0.0,0.0,0.0,0.0,0.0,0.0,0.0,0.0,0.0,11.584627496903238,0.0,175.20880987023904,12.848646057150864,0.0,0.0,0.0,0.0,0.0,43.77090037453459,0.0,-182.97562332347889,0.0,0.0,0.0,-20.858191651218945,0.0,0.0,0.0,0.0,0.0,0.0,0.0,0.0,0.0,0.0,0.0,0.0,0.0,0.0,0.0,0.0,0.0,0.0,-0.16686553320975148,0.0,0.0,8.343276660487573,-1000.0,0.0,0.0,0.0,0.0,0.0,0.0,0.0,0.0,14.36712240935947,4.171638330243787,0.0,0.0,745.0543331603246,0.16686553320975148,0.0,166.86553320975148,-40.14368779811974,33.373106641950294,1.1918966657839392,488.7240926490131,-0.1251491499073136,8.343276660487573,3.3373106641950296,-0.8343276660491981,-488.7240926490131,50.05965996292544,-0.16686553320975148,116.49835304913096,0.0,0.04171638330243787,1.1918966657839392,-349.49505914739285,-26.564992886992933,106.6620602196623,42.30712551780596,-0.16686553320975148,0.04171638330243787,-488.7240926490131,16.686553320975147,0.16686553320975148,0.16686553320975148,-43.42048275479424,0.1835520865307271,-100.63100959585017,-0.1251491499073136,50.05965996292544,0.16686553320975148,328.28326691969926,194.79084035189805,-0.08343276660487574,-200.37887210936412,-115.20166401173984,-0.1251491499073136,-0.16686553320975148,-40.14368779811974,0.16686553320975148,16.686553320975147,-3.3373106641950296,98.34824515755494,98.34824515755494,-16.686553320975147,-42.30712551780596,-98.34824515755494,33.373106641950294,0.2502982998146272,-1000.0,16.686553320975147,-333.3333333333333,0.0,-33.373106641950294,0.08343276660487574,1.6686553320975148,58.24917652456548,77.14400701648489,-0.16686553320975148,-81.31564534672869,43.42048275479424,51.72831529502295,0.16686553320975148,26.564992886992933,-478.4622468084755,0.0,-0.16686553320975148,-0.04171638330243787,0.0,-0.16686553320975148,-799.6211278906359,0.16686553320969463,-0.04171638330243787,-0.04171638330243787,-0.04171638330243787,66.74621328390059,-194.79084035189805,1.6686553320975148,123.62650191677461,-0.04171638330243787,0.0,8.343276660487573,408.1538406058055,0.16686553320975148,0.08343276660487574,0.08343276660487574,16.686553320975147,40.14368779811974,0.16686553320975148,-40.14368779811974,1.6686553320975148,0.16686553320975148,-123.62650191677461,0.16686553320975148,0.6674621328394466,0.8343276660491981,0.08343276660487574,0.04171638330243787,50.05965996292544,-0.16686553320975148,100.63100959585017,-53.33103010983115,-247.25300383354923,4.171638330243789,-16.686553320975147,33.373106641950294,8.343276660487573,-0.16686553320975148,349.49505914739285,0.2502982998146272,-0.16686553320975148,-33.373106641950294,40.14368779811974,449.74050812775306,0.08343276660487574,-816.307681211611,-0.16686553320975148,-0.16686553320969463,-0.16686553320975148,0.08343276660487574,488.7240926490131,-33.373106641950294,0.16686553320975148,116.49835304913096,-0.04171638330243787,-0.1835520865307271,-116.49835304913096,25.029829981462722,115.20166401173984,215.26792561066947,488.7240926490131,-0.1251491499073136,81.31564534672869,-77.14400701648489,0.16686553320975148,-0.04171638330243786,8.34327666048758,166.86553320975148,-0.08343276660487574,-0.16686553320975148,0.04171638330243787,0.0,0.0,571.5162585757345,0.0,-1000.0,0.0,261.9832399731043,-353.1827874313282,0.0,-371.10679475151767,878.2487913690532,99.46238614612815,-428.4003086576606,185.55339737575883,500.0,-439.1243956845266,0.0,176.5913937156641,-43.77090037453459,-320.09550418969377,428.4003086576606,-99.46238614612815,-320.09550418969377,-261.9832399731043,361.87946673030234,0.0,1496.5981,bhi
348,0.0,0.0,0.0,0.0,0.0,0.0,0.0,0.0,-0.1591750726869569,0.0,0.0,0.0,0.0,0.0,0.0,0.0,164.13870161490635,1000.0,0.0,-744.4577864425459,0.0,0.0,0.0,0.0,0.0,0.0,0.0,0.0,0.0,762.703880822211,0.0,0.0,566.806556950694,0.0,0.0,0.0,0.0,693.7768462981213,0.0,-1000.0,-225.3905900843631,0.0,-285.93857451809555,-316.7217397811303,0.0,0.0,0.0,0.0,-813.991234535129,0.0,0.0,82.0681826389536,0.0,0.17509257995584449,0.0,0.0,0.0,31.83501453739138,0.0,0.0,-18.34366397013232,0.0,18.34366397013232,0.0,0.0,0.0,0.0,0.0,909.0403689310488,-202.65959891326645,0.0,1.5917507268695692,0.0,0.0,0.0,0.0,0.0,0.0,0.0,0.0,0.0,0.0,0.0,0.0,95.50504361217415,0.0,4.325645902167634,9.258413948230077,0.0,355.0430404304601,404.4747956097462,0.0,0.0,-792.6144442962191,47.752521806087074,0.0,255.48493930828204,-5.125437340519493,716.5282700208443,0.0,0.0,130.56230043746618,762.703880822211,0.0,0.0,-284.08511738866576,0.0,0.0,0.0,0.0,0.0,0.0,0.0,0.0,0.0,0.0,0.0,0.0,0.0,0.0,0.0,0.0,0.0,0.0,-312.3083463763518,0.0,0.0,255.48493930828204,0.0,49.34427253295664,0.0,0.0,-299.4211176395409,299.4211176395409,0.0,0.0,0.0,0.0,0.0,0.0,0.0,0.0,0.0,0.0,0.0,16.582126499063367,0.1591750726869569,404.51458937791796,0.0,0.0,0.0,-237.34491321273757,0.0,0.0,0.0,0.0,1000.0,0.0,0.0,0.0,0.0,0.0,999.8408249273131,999.8408249273131,0.0,0.0,0.0,0.0,-313.81117536507725,0.0,0.0,1000.0,0.0,0.0,0.0,771.7679771917344,0.0,0.0,0.0,0.0,0.0,0.0,0.0,0.0,0.0,0.0,0.0,0.0,0.0,0.0,0.0,-1000.0,0.0,0.0,0.0,0.0,0.0,0.0,203.87039187914195,-355.0430404304601,355.0430404304601,0.0,0.0,0.0,0.0,0.0,0.0,0.0,0.0,-226.71755485007066,0.0,0.0,0.0,0.0,0.0,0.0,0.0,0.0,0.0,0.0,0.0,0.0,0.0,0.0,196.07326422958604,-316.7217397811303,0.0,0.0,0.0,0.0,0.0,0.0,0.0,0.0,0.0,-18.34366397013232,0.0,0.0,0.0,0.0,0.0,0.0,0.0,0.0,0.0,0.0,0.0,207.73241750219495,0.0,-69.10446591236456,0.0,-955.9054691382171,0.0,316.7217397811303,0.0,0.0,0.0,196.10251042652996,0.0,0.0,0.0,-18.20501736005093,0.0,0.0,35.536576165167276,0.0,1000.0,-964.4634238348327,1000.0,0.0,-355.0430404304601,0.0,787.3001763528465,0.0,0.0,444.09845279660976,0.0,0.0,0.0,-1000.0,0.0,1000.0,0.0,986.7047121481232,0.0,0.0,0.0,0.0,0.0,0.0,-18.34366397013232,-0.23876260903043534,0.0,0.0,0.0,0.0,0.1591750726869569,0.0,0.0,0.0,744.515060691718,164.13870161490635,0.0,-189.3900782591105,-547.8467454035836,0.0,-102.38606418186816,0.0,0.0,0.0,-284.08511738866576,0.0,0.0,0.0,776.3501497124221,0.0,-776.3501497124221,-1000.0,-1000.0,0.0,0.0,0.0,0.0,0.0,0.0,0.0,0.0,0.0,0.0,0.0,0.0,0.0,0.0,0.0,0.0,0.0,-305.5864534111304,0.0,-1000.0,0.0,0.0,0.0,0.0,0.0,0.0,-16.582126499063367,0.0,716.5282700208443,0.0,794.9026088469913,122.60354680311833,-909.0403689310488,331.4551023584718,-69.26052703590702,0.0,0.0,641.979300818725,0.0,-1000.0,-22.93681797832585,-331.4551023584718,0.0,0.0,-3.9793768171739226,-7.958753634347845,-49.57886343203597,0.0,602.9169727712604,841.7346951418976,0.0,255.48493930828204,0.0,0.0,0.0,0.0,0.0,0.0,0.0,0.0,0.0,0.0,-747.7498971487255,0.0,0.0,0.0,0.0,0.0,0.0,0.0,0.0,-28.03603613592937,0.0,-453.12499999990155,132.4804134057871,0.0,0.0,0.0,0.0,-296.75658829143356,0.3183501453739636,0.0,0.0,0.0,0.0,0.0,0.0,0.0,0.0,0.0,706.3807700177823,0.0,0.0,0.0,0.0,0.0,0.0,0.0,0.0,0.0,0.17509257995584449,0.17509257995584449,0.0,12.090766565516175,0.0,95.50504361217415,0.0,0.0,0.0,1000.0,0.0,581.6450604722081,4.325645902167634,0.0,0.0,-19.048749533426626,-1000.0,0.0,0.0,31.999403307594548,0.0,0.0,132.4804134057871,0.0,0.0,0.0,0.0,0.0,0.0,0.0,104.10278212545059,-744.515060691718,237.34491321273757,0.0,166.31988380265466,0.0,0.0,-792.6144442962191,-792.6144442962191,0.0,-19.048749533426626,0.0,0.0,-315.8053378248602,0.0,0.0,0.0,0.0,0.0,0.0,0.0,0.0,0.0,0.0,0.0,0.0,0.0,0.0,0.0,0.0,95.50504361217415,0.0,0.0,0.0,0.0,0.0,0.0,0.0,0.0,0.0,0.0,0.0,0.0,1.5917507268695692,0.0,0.0,4.325645902167634,-4.325645902167634,0.0,203.87039187914195,0.0,0.0,255.48493930828204,-31.999403307594548,0.0,0.0,149.73775730359128,0.0,0.0,0.0,0.0,0.0,0.0,1000.0,-496.35433891030726,0.0,47.752521806087074,47.752521806087074,1000.0,-1000.0,0.0,132.4804134057871,0.0,0.0,0.0,0.0,0.0,-529.9140424554163,0.0,-509.7193366867784,0.1591750726869569,0.0,0.0,0.0,210.21342277922471,0.0,0.0,792.6144442962191,0.0,0.0,0.0,0.0,0.0,0.0,0.0,0.0,0.0,0.0,0.0,0.0,0.0,0.0,0.1591750726869569,0.0,0.0,0.0,0.0,0.0,0.0,0.0,0.0,0.0,0.0,699.9461435217809,0.0,0.0,-694.4135465888696,-11.938130451521769,-7.958753634347839,0.0,0.0,-734.375,-734.375,734.375,0.0,0.0,0.0,0.0,0.0,0.0,0.0,0.0,0.0,0.0,0.0,610.8757264056081,0.0,0.0,0.0,-0.1591750726869569,0.0,0.0,0.1591750726869569,0.0,0.1591750726869569,0.0,0.0,0.0,95.50504361217415,194.19358867808742,194.19358867808742,0.0,0.0,0.0,0.0,0.0,0.0,0.0,237.34491321273757,0.0,0.0,0.0,0.0,787.6616321594005,2.3934913113687344,0.0,0.0,0.0,0.0,0.0,0.0,0.0,0.0,0.0,0.0,0.0,0.0,0.0,0.0,0.0,0.0,0.0,0.23876260903043534,0.0,0.0,0.0,-255.48493930828204,0.0,0.0,0.0,0.0,0.0,-12.090766565516175,7.958753634347845,0.0,0.0,0.0,0.0,313.81117536507725,300.0538564782191,0.0,0.0,-453.12499999990155,0.0,0.0,0.0,0.0,0.0,0.0,0.0,31.999403307594548,1000.0,12.090766565516175,0.0,793.179329235799,-284.08511738866576,0.0,283.4717299791557,716.5282700208443,-1000.0,0.0,1.9089217484425505,0.0,7.958753634347839,227.28675928911372,0.0,0.0,0.0,-36.68732794026464,0.0,0.0,0.0,0.0,0.0,0.0,0.0,0.0,0.0,24.02889701703794,-47.90515792008159,194.19358867808742,0.0,0.0,0.0,0.0,0.0,0.0,0.0,0.0,0.0,0.0,0.0,0.0,0.0,-916.594192797007,0.0,-285.93857451809555,47.752521806087074,4.325645902167634,0.0,0.0,0.0,-77.4025238534434,0.0,0.0,0.17509257995584449,0.0,0.0,0.0,97.09679433904371,0.0,0.0,0.0,0.0,196.07326422958604,0.0,0.0,0.0,0.0,0.0,0.0,0.0,0.0,663.2950431440611,0.0,0.01591750726869569,0.01591750726869569,0.0,0.0,0.0,0.0,0.0,0.0,0.0,0.0,0.0,0.0,0.0,0.0,0.0,0.0,0.0,12.090766565516175,0.0,0.0,0.0,0.0,0.0,0.0,0.0,0.0,0.0,0.0,0.0,8.651291804335267,-239.00104951587363,0.0,1000.0,0.0,0.0,0.0,95.50504361217415,0.0,0.0,0.0,0.0,0.0,-677.0918018471593,581.5867582349852,0.0,8.651291804335267,0.0,0.0,0.0,0.0,0.0,0.0,0.0,0.0,0.0,0.0,509.7193366867784,-767.2101616332053,899.0900482613347,-255.48493930828204,0.0,0.0,693.7768462981213,0.0,0.0,0.0,0.0,0.0,0.0,0.0,0.0,0.0,0.0,0.0,0.0,0.0,0.0,0.0,0.0,0.0,-19.89688408586961,0.0,-134.5416772546401,826.0221509393291,0.0,0.0,0.0,0.0,0.0,0.0,-1.9896884085869613,28.03603613592937,0.0,0.0,0.0,0.0,0.0,0.0,0.0,1000.0,47.752521806087074,47.752521806087074,0.0,0.0,0.0,0.0,0.0,0.17509257995584449,12.090766565516175,0.0,0.0,-693.7768462981213,0.0,0.0,0.0,0.0,0.0,0.0,0.0,0.0,0.0,0.0,0.0,0.0,0.0,0.0,0.0,0.0,0.0,0.0,0.0,167.13382632130475,16.582126499063367,0.0,0.0,0.0,0.0,0.0,12.090766565516175,0.0,-313.1380474530865,0.0,0.0,0.0,-19.89688408586961,0.0,0.0,0.0,0.0,0.0,0.0,0.0,0.0,0.0,0.0,0.0,0.0,0.0,0.0,0.0,0.0,0.0,0.0,-0.1591750726869569,0.0,0.0,7.958753634347845,19.048749533426626,0.0,0.0,0.0,0.0,0.0,0.0,0.0,0.0,-776.3501497124221,3.9793768171739226,0.0,0.0,0.0,0.1591750726869569,0.0,159.1750726869569,-49.34427253295664,31.835014537391384,1.136964804906835,444.09845279660976,-0.11938130451521767,69.26052703590702,3.1835014537391384,-0.7958753634352433,-444.09845279660976,47.752521806087074,-0.1591750726869569,94.69503912955525,132.4804134057871,0.03979376817173923,1.136964804906835,-284.08511738866576,-29.666317473930746,-3.1835014537391384,-419.6809151723605,-0.1591750726869569,0.03979376817173923,-444.09845279660976,15.91750726869569,0.1591750726869569,0.1591750726869569,-11.756498912873374,-4.150553322211981,-295.392910464796,-0.11938130451521767,47.752521806087074,0.1591750726869569,255.48493930828204,128.1448811587165,-0.07958753634347845,-136.43685475787242,-16.076682341382647,-0.11938130451521767,-0.1591750726869569,-49.34427253295664,0.1591750726869569,15.91750726869569,-3.1835014537391384,0.0,0.0,-15.91750726869569,419.6809151723605,0.0,31.83501453739138,0.23876260903043534,163.02911030970654,15.91750726869569,-104.10278212545059,132.4804134057871,-31.83501453739138,0.07958753634347845,1.5917507268695692,47.34751956477763,43.92578110290756,-0.1591750726869569,-47.90515792008159,11.756498912873374,49.34427253295664,0.1591750726869569,29.666317473930746,-266.2620913207562,132.4804134057871,-0.1591750726869569,-0.03979376817173923,-132.4804134057871,-0.1591750726869569,-296.75658829143356,0.15917507268699183,-0.03979376817173923,-0.03979376817173923,-0.03979376817173923,63.67002907478276,-128.1448811587165,1.5917507268695692,411.95255465129947,-0.03979376817173923,0.0,7.958753634347845,156.33704778006464,0.1591750726869569,0.07958753634347845,0.07958753634347845,82.15771397158923,49.34427253295664,0.1591750726869569,-49.34427253295664,1.5917507268695692,0.1591750726869569,-1000.0,0.1591750726869569,0.6367002907483041,0.7958753634352433,0.07958753634347845,0.03979376817173923,47.752521806087074,-0.1591750726869569,295.392910464796,1.5917507268695692,-823.9051093025989,65.28115021873309,-15.91750726869569,31.83501453739138,7.958753634347845,-0.1591750726869569,284.08511738866576,0.23876260903043534,-0.1591750726869569,-164.31542794317846,49.34427253295664,499.56659524940073,0.07958753634347845,-312.6740955601293,-0.1591750726869569,-0.15917507268699183,-0.1591750726869569,0.07958753634347845,444.09845279660976,-31.83501453739138,0.1591750726869569,94.69503912955525,-0.03979376817173923,4.150553322211981,-94.69503912955525,23.876260903043534,16.076682341382647,-522.5277054303111,444.09845279660976,-0.11938130451521767,47.90515792008159,-43.92578110290756,0.1591750726869569,-0.03979376817173923,802.8613624813391,159.1750726869569,-0.07958753634347845,-0.1591750726869569,0.03979376817173923,1000.0,0.0,-163.10869784605,588.0474453487005,-1000.0,0.0,158.6116462234231,-854.4094434457417,0.0,561.2819878805786,1000.0,-587.6694305604527,0.0,-280.6409939402893,500.0,-500.0,0.0,427.20472172287083,-12.090766565516175,-422.1640713959573,0.0,587.6694305604527,-422.1640713959573,-158.6116462234231,204.4781151377418,0.0,1496.5981,bhi
349,0.0,0.0,0.0,0.0,0.0,0.0,0.0,0.0,-0.14418597268912628,0.0,0.0,0.0,0.0,0.0,0.0,0.0,-465.4007506755207,1000.0,0.0,0.0,0.0,0.0,0.0,513.4540047896967,0.0,354.72840301395183,0.0,0.0,0.0,293.4760898124838,0.0,0.0,254.20343897458145,0.0,0.0,0.0,0.0,162.33362686551595,0.0,-322.5718895004443,956.7442081932621,0.0,0.0,181.83700312240362,0.0,0.0,0.0,0.0,922.0950597376263,0.0,0.0,-67.99259800300706,0.0,0.15860456995792538,0.0,0.0,0.0,28.837194537825255,0.0,0.0,31.752459278942844,0.0,101.59885254235164,0.0,0.0,0.0,0.0,0.0,0.0,0.0,0.0,1.441859726891263,0.0,0.0,0.0,0.0,0.0,0.0,0.0,0.0,0.0,0.0,0.0,0.0,86.51158361347576,0.0,0.0,-491.6161330369847,498.47152470364864,3.0569505927027194,330.55891555017183,0.0,0.0,0.0,43.25579180673788,0.0,43.25579180673788,-35.74616748196916,196.2896666742664,0.0,0.0,7.209298634456314,-156.5333380029881,0.0,0.0,-423.4546741151038,0.0,0.0,0.0,0.0,0.0,0.0,0.0,0.0,0.0,0.0,0.0,0.0,0.0,0.0,0.0,0.0,0.0,0.0,-1000.0,0.0,0.0,43.25579180673788,0.0,44.69765153362915,0.0,0.0,0.0,0.0,0.0,0.0,-133.35131182129447,0.0,0.0,0.0,0.0,0.0,0.0,0.0,0.0,11.102319897062713,0.14418597268912628,330.59496204334414,0.0,0.0,-529.0560110830609,0.0,0.0,0.0,0.0,0.0,1000.0,0.0,0.0,0.0,0.0,0.0,-98.2822409527262,-98.2822409527262,0.0,0.0,0.0,0.0,-57.46451625992324,0.0,0.0,-98.13805498003707,0.0,0.0,0.0,75.17028511335445,0.0,0.0,0.0,0.0,0.0,0.0,0.0,0.0,0.0,0.0,0.0,0.0,0.0,0.0,0.0,-1000.0,0.0,0.0,0.0,0.0,0.0,0.0,67.99259800300706,-501.52847529635136,501.52847529635136,0.0,0.0,0.0,0.0,0.0,0.0,0.0,450.0094278154719,336.73689041249224,0.0,0.0,0.0,0.0,0.0,0.0,0.0,0.0,0.0,0.0,0.0,0.0,0.0,0.0,-20.394106365827383,-818.1629968775964,0.0,0.0,0.0,133.35131182129447,144.18229996253478,0.0,0.0,0.0,0.0,31.752459278942844,-1000.0,0.0,0.0,0.0,0.0,0.0,0.0,0.0,0.0,765.4460292319127,0.0,0.0,0.0,-1000.0,0.0,-3.0569505927026626,0.0,818.1629968775964,0.0,0.0,133.35131182129447,-226.3797312663969,0.0,0.0,0.0,-283.9866941290196,0.0,0.0,-384.50722799385983,0.0,0.0,-384.50722799385954,0.0,0.0,-3.0569505927027194,0.0,0.0,0.0,0.0,258.09656384012754,0.0,0.0,0.0,267.255403732658,0.0,-267.255403732658,0.0,-98.42642692541533,0.0,133.35131182129447,0.0,0.0,0.0,0.0,31.752459278942844,-0.2162789590336894,0.0,0.0,0.0,0.0,0.14418597268912628,0.0,0.0,0.0,47.11587899881465,-465.4007506755207,0.0,-282.3031160767359,246.8540367547068,0.0,1000.0,0.0,0.0,0.0,-423.4546741151038,0.0,0.0,0.0,-12.414412248533656,926.2532707454584,-913.8388584969248,15.906698678299183,-1000.0,0.0,0.0,0.0,0.0,0.0,0.0,0.0,0.0,0.0,0.0,0.0,0.0,0.0,0.0,0.0,0.0,0.0,-837.0896292437274,0.0,-1000.0,0.0,0.0,796.5494083932933,0.0,0.0,0.0,-776.5483491289754,0.0,196.2896666742664,0.0,0.0,0.0,0.0,-307.83832473271127,0.0,0.0,-926.2532707454584,-1000.0,-7.209298634456314,0.0,719.6924462710163,307.83832473271127,-7.209298634456314,1000.0,-3.604649317228157,0.0,-445.93843069160664,0.0,89.58592192495088,602.5644757306077,0.0,43.25579180673788,0.0,0.0,0.0,0.0,0.0,0.0,0.0,0.0,0.0,0.0,590.079796299482,0.0,0.0,0.0,0.0,0.0,450.0094278154719,0.0,0.0,-69.84639326340879,0.0,0.0,0.0,0.0,0.0,0.0,0.0,-592.7059092556261,0.2883719453783488,0.0,0.0,0.0,0.0,0.0,0.0,0.0,0.0,0.0,0.0,0.0,0.0,0.0,0.0,0.0,0.0,0.0,0.0,0.0,0.15860456995792538,0.15860456995792538,0.0,324.14820272263296,0.0,86.51158361347576,0.0,0.0,0.0,1000.0,0.0,0.0,0.0,0.0,0.0,1000.0,-1000.0,0.0,0.0,0.0,0.0,0.0,0.0,0.0,0.0,0.0,0.0,0.0,0.0,0.0,333.3333333333333,-47.11587899881465,529.0560110830609,0.0,11.102319897062715,0.0,0.0,0.0,-144.18229996253478,0.0,1000.0,0.0,407.2940907443739,0.0,0.0,0.0,0.0,0.0,0.0,0.0,0.0,0.0,0.0,0.0,0.0,0.0,0.0,0.0,0.0,0.0,86.51158361347576,133.35131182129447,133.35131182129447,0.0,0.0,0.0,0.0,0.0,0.0,0.0,0.0,0.0,0.0,1.441859726891263,0.0,0.0,0.0,0.0,0.0,67.99259800300706,0.0,0.0,43.25579180673788,0.0,0.0,0.0,0.0,0.0,0.0,0.0,0.0,0.0,0.0,590.6738751268672,0.0,0.0,43.25579180673788,43.25579180673788,330.9954839671061,-1000.0,0.0,0.0,0.0,0.0,0.0,0.0,0.0,1000.0,450.0094278154719,835.7795909721618,0.14418597268912628,0.0,0.0,-250.02571928639992,440.4438942184896,0.0,0.0,0.0,0.0,0.0,0.0,0.0,0.0,0.0,0.0,0.0,0.0,0.0,0.0,0.0,0.0,0.0,0.14418597268912628,0.0,0.0,0.0,0.0,0.0,0.0,0.0,0.0,0.0,0.0,1000.0,0.0,-783.7092740614155,-162.91037075627264,-10.81394795168447,-7.209298634456314,0.0,0.0,-703.125,-703.125,703.125,0.0,0.0,0.0,0.0,0.0,0.0,0.0,133.35131182129447,0.0,0.0,0.0,96.7952205594072,0.0,0.0,0.0,-0.14418597268912628,0.0,0.0,0.14418597268912628,0.0,0.14418597268912628,0.0,0.0,0.0,86.51158361347576,175.90688668073406,175.90688668073406,0.0,0.0,0.0,0.0,0.0,0.0,0.0,529.0560110830609,0.0,450.0094278154719,0.0,0.0,0.0,0.0,0.0,0.0,0.0,0.0,0.0,0.0,0.0,0.0,0.0,0.0,0.0,0.0,0.0,144.18229996253478,0.0,-927.3908390975411,927.3908390975411,0.2162789590336894,0.0,0.0,0.0,-43.25579180673788,0.0,0.0,0.0,0.0,0.0,-324.14820272263296,7.209298634456314,0.0,0.0,0.0,0.0,57.46451625992324,-203.4505916067066,0.0,0.0,0.0,0.0,0.0,0.0,0.0,0.0,133.35131182129447,0.0,0.0,0.0,324.14820272263296,0.0,685.7556209657391,-423.4546741151038,0.0,-979.998940735682,979.998940735682,0.0,0.0,-402.28661794713094,0.0,7.209298634456314,439.60679854644053,0.0,0.0,0.0,-69.84639326340879,0.0,0.0,0.0,0.0,0.0,0.0,0.0,0.0,0.0,334.96215067431746,-356.59004657768645,175.90688668073406,0.0,328.125,328.12499999999994,-328.12499999999994,0.0,0.0,0.0,0.0,0.0,765.4460292319127,0.0,0.0,0.0,-190.4181749320897,-282.1626313456195,0.0,43.25579180673788,0.0,0.0,0.0,0.0,-113.50866134171702,0.0,0.0,0.15860456995792538,0.0,0.0,0.0,87.95344334036703,0.0,0.0,0.0,0.0,-20.394106365827383,0.0,0.0,0.0,0.0,0.0,0.0,0.0,0.0,-579.8428869856269,0.0,458.19630969934366,0.014418597268912628,0.0,0.0,0.0,0.0,0.0,0.0,0.0,0.0,0.0,-250.02571928639992,0.0,0.0,0.0,0.0,0.0,324.14820272263296,0.0,0.0,0.0,0.0,0.0,0.0,0.0,0.0,0.0,0.0,0.0,0.0,59.286156389591866,0.0,1000.0,0.0,0.0,0.0,86.51158361347576,0.0,0.0,0.0,0.0,0.0,-86.51158361347576,0.0,0.0,0.0,0.0,0.0,0.0,0.0,0.0,0.0,0.0,0.0,0.0,0.0,-835.7795909721618,859.3733606753111,98.76739129205151,862.3112175346209,-905.5670093413588,0.0,162.33362686551595,0.0,0.0,0.0,0.0,0.0,0.0,0.0,0.0,0.0,7.812500000000001,0.0,-7.8125,-7.8125,0.0,0.0,0.0,0.0,-18.023246586140786,133.35131182129447,-10.81394795168447,345.7760986260019,0.0,0.0,0.0,0.0,0.0,-1000.0,998.1976753413859,69.84639326340879,0.0,0.0,0.0,0.0,0.0,0.0,0.0,1000.0,43.25579180673788,43.25579180673788,0.0,0.0,0.0,0.0,0.0,0.15860456995792538,324.14820272263296,0.0,0.0,-162.33362686551595,458.18189110207476,0.0,0.0,0.0,0.0,0.0,0.0,0.0,0.0,0.0,0.0,0.0,0.0,0.0,286.3312180417946,0.0,0.0,0.0,0.0,151.3952713235826,0.0,0.0,11.102319897062713,0.0,0.0,0.0,324.14820272263296,0.0,957.0445338835746,0.0,0.0,0.0,-18.023246586140786,0.0,0.0,0.0,0.0,0.0,0.0,0.0,0.0,0.0,0.0,0.0,0.0,0.0,0.0,0.0,0.0,0.0,0.0,-0.14418597268912628,0.0,0.0,7.209298634456314,-1000.0,0.0,0.0,0.0,0.0,133.35131182129447,0.0,0.0,0.0,12.414412248533656,3.604649317228157,0.0,0.0,354.72840301395183,0.14418597268912628,0.0,144.18597268912626,-44.69765153362915,28.837194537825255,1.0298998049223305,402.27886380266233,-0.1081394795168447,7.209298634456314,2.8837194537825255,-0.7209298634458037,-402.27886380266233,43.25579180673788,-0.1441859726891264,141.15155803836794,0.0,0.03604649317228157,1.0298998049223305,-423.4546741151038,-22.954406852107468,-2.8837194537825255,-534.5992493244793,-0.14418597268912625,0.03604649317228157,-402.27886380266233,292.2089097611265,0.14418597268912628,0.14418597268912628,-323.84541217998594,0.15860456995801542,0.0,-0.1081394795168447,43.25579180673788,0.14418597268912628,43.25579180673788,-72.09298634456314,-0.07209298634456314,-153.09065176979243,-158.74508320413653,-0.1081394795168447,-0.14418597268912628,-44.69765153362915,0.14418597268912628,14.418597268912627,-2.8837194537825255,144.18229996253478,144.18229996253478,-14.418597268912606,534.5992493244793,-144.18229996253478,28.837194537825255,0.2162789590336894,95.85095301287227,14.418597268912627,-333.3333333333333,0.0,-28.837194537825255,0.07209298634456313,1.441859726891263,70.57577901918397,352.9853972604582,-0.14418597268912628,-356.59004657768645,323.84541217998594,44.69765153362915,0.14418597268912628,22.954406852107468,-450.81347971916546,0.0,-0.14418597268912628,-0.03604649317228157,0.0,-0.14418597268912628,-592.7059092556261,0.14418597268884206,-0.03604649317228156,-0.03604649317228157,-0.03604649317228156,57.67438907565051,72.09298634456314,1.441859726891263,375.5437429951286,-0.03604649317228157,0.0,7.209298634456314,303.5622532622694,0.14418597268912628,0.07209298634456314,0.07209298634456314,-52.25705864173461,44.69765153362915,0.14418597268912628,-44.69765153362915,1.441859726891263,0.14418597268912628,-912.9836639532768,0.14418597268912628,0.5767438907566774,0.7209298634458037,0.07209298634456314,0.03604649317228157,43.25579180673788,-0.14418597268912628,0.0,1.4418597268912627,-751.0874859902572,3.604649317228157,-14.418597268912627,28.837194537825255,7.209298634456314,-0.14418597268912628,423.4546741151038,0.2162789590336894,-0.14418597268912628,104.51411728346922,44.69765153362915,434.10935276233624,0.07209298634456314,-607.1245065245388,-0.14418597268912628,-0.14418597268884206,-0.14418597268912628,0.07209298634456314,402.27886380266233,-28.837194537825255,0.14418597268912628,141.15155803836794,-0.03604649317228157,-0.15860456995801542,-141.15155803836794,21.627895903368938,158.74508320413653,-351.45433850862344,402.27886380266233,-0.1081394795168447,356.59004657768645,-352.9853972604582,0.14418597268912625,-0.03604649317228158,7.209298634456314,144.18597268912626,-0.07209298634456314,-0.14418597268912628,0.03604649317228157,1000.0,0.0,-95.92304599921682,537.4399209581483,339.71097056605794,0.0,197.27368805826416,-680.8446230861148,277.7903124922139,1000.0,-195.46231672220347,-185.53680442050347,0.0,-500.0,-169.85548528302897,97.73115836110173,-277.7903124922139,340.4223115430574,-324.14820272263296,-320.6006914206192,0.0,185.53680442050347,-320.6006914206192,-197.27368805826416,316.8342852542585,0.0,1496.5981,bhi
350,0.0,0.0,0.0,0.0,0.0,0.0,0.0,0.0,328.61485348220344,0.0,0.0,0.0,0.0,0.0,0.0,0.0,173.09943324405378,-831.7125053279567,0.0,1000.0,0.0,0.0,0.0,0.0,0.0,0.0,0.0,0.0,0.0,-661.9365484166761,0.0,0.0,816.2257911275917,0.0,0.0,0.0,0.0,496.36434612338627,0.0,-1000.0,615.2658479562219,0.0,0.0,1000.0,0.0,0.0,0.0,0.0,0.0,-643.4151288439768,0.0,0.0,0.0,0.1835353559545183,0.0,0.0,0.0,33.37006471901184,0.0,0.0,39.790726494583545,0.0,-876.3366915170221,-1000.0,0.0,0.0,0.0,0.0,291.010187129337,-291.010187129337,0.0,1.6685032359505922,0.0,0.0,0.0,0.0,0.0,0.0,0.0,885.4549140027954,0.0,0.0,555.0425292489266,0.0,100.11019415703554,0.0,0.0,841.386927916097,218.31538452489787,-376.9284566088009,0.0,0.0,0.0,0.0,50.05509707851777,0.0,99.1247449177904,0.0,0.0,0.0,555.0425292489266,617.7184843516541,-661.9365484166761,0.0,0.0,-241.6101810335759,0.0,218.7716234115656,0.0,0.0,0.0,0.0,0.0,0.0,0.0,0.0,0.0,0.0,0.0,0.0,0.0,0.0,0.0,0.0,-521.7515759741879,0.0,0.0,99.1247449177904,0.0,51.72360031446836,10.728867803501117,0.0,0.0,0.0,0.0,0.0,0.0,0.0,0.0,-163.45403497756132,0.0,0.0,0.0,0.0,0.0,-542.195054332107,0.16685032359505922,0.041712580898764805,0.0,0.0,0.0,0.0,0.0,0.0,0.0,0.0,806.3176952390522,0.0,0.0,0.0,0.0,0.0,999.8331496764049,999.8331496764049,0.0,0.0,0.0,0.0,0.0,0.0,0.0,1000.0,0.0,0.0,0.0,-102.29859057488886,-768.4569353422966,0.0,0.0,0.0,0.0,0.0,0.0,0.0,0.0,0.0,-25.027548539258873,0.0,0.0,0.0,0.0,-981.9843670197039,0.0,0.0,0.0,0.0,0.0,643.4151288439768,0.0,158.61307208390303,-158.61307208390303,163.45403497756132,0.0,0.0,0.0,0.0,0.0,0.0,0.0,175.6512039188906,0.0,0.0,0.0,0.0,0.0,0.0,0.0,0.0,0.0,0.0,0.0,0.0,0.0,0.0,370.6068096656118,488.8371151726223,0.0,0.0,0.0,0.0,14.651979297922253,0.0,0.0,0.0,0.0,39.790726494583545,-511.1628848273777,0.0,0.0,341.1564994857643,0.0,0.0,0.0,0.0,0.0,5.372580419757266,0.0,49.069647839272626,0.0,-204.0792988501397,-144.37698640914488,1000.0,0.0,-488.8371151726223,0.0,0.0,163.45403497756132,203.55739478597224,0.0,0.0,0.0,250.40715431647993,0.0,0.0,-1000.0,-151.67833398089363,-151.67833398089363,-848.3216660191063,0.0,0.0,376.9284566088009,0.0,-514.4863611601506,643.4151288439768,0.0,308.86412416173386,0.0,0.0,0.0,-1000.0,0.0,1000.0,0.0,999.6662993528099,0.0,0.0,1000.0,0.0,0.0,0.0,39.790726494583545,-0.2502754853925888,0.0,0.0,0.0,0.0,0.16685032359505922,0.0,0.0,0.0,699.3810274066726,173.09943324405378,0.0,-662.1581896928828,-24.921728066845617,768.4569353422966,714.3905928740123,0.0,-536.0833935232877,0.0,-241.6101810335759,0.0,0.0,0.0,871.3417154758498,0.0,-335.25832195256214,57.030151989111346,0.0,0.0,0.0,0.0,0.0,0.0,0.0,0.0,0.0,0.0,0.0,0.0,0.0,0.0,0.0,0.0,0.0,341.1564994857643,0.0,0.0,-536.8224739123498,0.0,39.790726494583545,0.0,981.4333483167384,0.0,0.0,536.8224739123498,0.0,0.0,0.0,333.556195116865,609.3759681719011,0.0,-765.5937500000005,0.0,0.0,-291.010187129337,785.9868436791378,-1000.0,-108.66936222243453,-1000.0,765.5937500000005,-803.7471744240727,1000.0,-4.17125808987648,991.6574838202471,0.0,0.0,-435.36078029191117,865.314434658247,0.0,99.1247449177904,0.0,0.0,0.0,0.0,0.0,328.7817038057985,0.0,0.0,0.0,0.0,-389.17482166007494,0.0,0.0,0.0,0.0,0.0,0.0,0.0,0.0,-83.87258198839423,0.0,0.0,0.0,0.0,0.0,0.0,0.0,271.4820647478214,0.33370064719019865,0.0,0.0,0.0,0.0,0.0,0.0,0.0,0.0,0.0,0.0,0.0,0.0,0.0,0.0,0.0,0.0,0.0,0.0,0.0,0.1835353559545183,0.1835353559545183,0.0,193.40730663877537,0.0,100.11019415703554,0.0,0.0,0.0,-163.01521178609102,0.0,0.0,0.0,0.0,0.0,112.50471238313473,163.01521178609102,0.0,0.0,826.3295985265831,0.0,0.0,0.0,0.0,0.0,0.0,0.0,0.0,0.0,0.0,173.91719199139595,-699.3810274066726,0.0,0.0,12.847474916819554,0.0,0.0,0.0,-178.10601427548357,0.0,112.50471238313473,0.0,383.98677713095617,0.0,0.0,0.0,0.0,0.0,0.0,0.0,0.0,0.0,0.0,0.0,0.0,0.0,0.0,0.0,0.0,0.0,100.11019415703554,163.45403497756132,163.45403497756132,0.0,0.0,0.0,0.0,0.0,0.0,0.0,0.0,0.0,0.0,1.6685032359505922,0.0,0.0,0.0,0.0,0.0,0.0,0.0,0.0,99.1247449177904,-826.3295985265831,0.0,0.0,0.0,0.0,0.0,0.0,0.0,0.0,0.0,14.651979297922253,0.0,0.0,50.05509707851777,50.05509707851777,563.9206927399118,163.01521178609102,0.0,0.0,0.0,0.0,0.0,0.0,0.0,604.9063964275648,0.0,1000.0,0.16685032359505922,0.0,0.0,0.0,177.4342168537848,61.52336431261847,0.0,0.0,0.0,0.0,0.0,0.0,0.0,0.0,0.0,0.0,0.0,0.0,0.0,0.0,0.0,0.0,0.16685032359505922,0.0,0.0,0.0,0.0,0.0,0.0,0.0,0.0,39.790726494583545,0.0,1000.0,0.0,0.0,-1000.0,-12.513774269629444,0.0,-8.34251617975296,0.0,-859.375,-859.375,859.375,0.0,0.0,0.0,0.0,0.0,0.0,0.0,163.45403497756132,768.4569353422966,0.0,0.0,-427.0182641121582,0.0,0.0,0.0,328.61485348220344,0.0,0.0,0.16685032359505922,0.0,0.16685032359505922,0.0,0.0,0.0,100.11019415703554,203.55739478597224,203.55739478597224,0.0,0.0,0.0,0.0,0.0,0.0,0.0,0.0,0.0,0.0,0.0,0.0,0.0,885.7075283373844,0.0,0.0,0.0,0.0,0.0,0.0,0.0,0.0,0.0,0.0,0.0,0.0,0.0,178.10601427548357,0.0,0.0,0.0,0.2502754853925888,0.0,0.0,0.0,-99.1247449177904,0.0,0.0,0.0,0.0,0.0,-193.40730663877537,8.34251617975296,0.0,0.0,0.0,0.0,0.0,0.0,-8.34251617975296,0.0,0.0,0.0,0.0,0.0,0.0,0.0,163.45403497756132,0.0,826.3295985265831,0.0,193.40730663877537,0.0,760.4281871081848,-180.08681672095744,463.17752608765016,536.8224739123498,0.0,-1000.0,0.0,0.0,0.0,8.34251617975296,1000.0,0.0,0.0,0.0,-83.87258198839423,0.0,0.0,0.0,0.0,0.0,0.0,0.0,0.0,0.0,0.0,0.0,203.55739478597224,0.0,0.0,0.0,0.0,0.0,0.0,0.0,0.0,0.0,5.372580419757266,0.0,0.0,230.94862944766368,-177.4342168537848,625.2819175476408,0.0,50.05509707851777,0.0,0.0,0.0,0.0,155.64732222724254,0.0,0.0,0.1835353559545183,0.0,0.0,0.0,101.77869739298612,0.0,0.0,0.0,0.0,370.6068096656118,0.0,0.0,0.0,0.0,0.0,0.0,0.0,0.0,0.0,0.0,0.0166850323595064,0.0166850323595064,0.0,0.0,0.0,0.0,0.0,0.0,0.0,0.0,0.0,0.0,0.0,0.0,0.0,0.0,0.0,193.40730663877537,0.0,0.0,0.0,0.0,0.0,0.0,0.0,643.4151288439768,0.0,0.0,0.0,0.0,831.7125053279567,0.0,-831.7125053279567,0.0,0.0,0.0,100.11019415703554,0.0,0.0,0.0,0.0,0.0,0.0,-100.11019415703554,0.0,0.0,0.0,0.0,0.0,0.0,0.0,0.0,0.0,0.0,0.0,0.0,0.0,0.0,1000.0,-123.20659661262684,24.08185169483645,0.0,536.1550726179698,0.0,0.0,0.0,0.0,0.0,0.0,0.0,0.0,0.0,0.0,0.0,0.0,0.0,0.0,0.0,0.0,0.0,-20.856290449382406,163.45403497756132,-621.8897424415305,873.193754067755,0.0,0.0,0.0,0.0,0.0,0.0,-2.08562904493824,83.87258198839423,0.0,0.0,0.0,0.0,0.0,0.0,0.0,1000.0,50.05509707851777,50.05509707851777,0.0,0.0,0.0,0.0,885.4549140027954,0.1835353559545183,193.40730663877537,0.0,0.0,-536.1550726179698,0.0,0.0,0.0,0.0,0.0,0.0,0.0,0.0,0.0,0.0,0.0,0.0,0.0,0.0,0.0,0.0,0.0,10.728867803501117,0.0,175.1928397748122,0.0,0.0,12.847474916819554,0.0,0.0,0.0,193.40730663877537,0.0,0.0,0.0,0.0,0.0,-20.856290449382406,0.0,0.0,0.0,0.0,0.0,0.0,0.0,0.0,0.0,0.0,0.0,0.0,0.0,0.0,0.0,0.0,0.0,0.0,-0.16685032359505922,0.0,0.0,8.34251617975296,-112.50471238313473,0.0,0.0,0.0,0.0,163.45403497756132,0.0,0.0,0.0,-871.3417154758498,4.17125808987648,0.0,0.0,0.0,0.16685032359505922,0.0,166.85032359505922,-40.99473251096724,33.37006471901184,1.1917880256789943,486.97013843721743,-0.1251377426962944,803.7471744240727,3.3370064719011845,-0.8342516179750018,-486.97013843721743,50.05509707851777,-0.16685032359505922,80.53672701119197,0.0,0.041712580898764805,1.1917880256789943,-241.6101810335759,-26.562571516329783,-3.3370064719011845,-341.3869279160971,-0.16685032359505922,0.041712580898764805,-486.97013843721743,16.68503235950592,0.16685032359505922,0.16685032359505922,-193.05692095922578,0.1835353559545656,0.0,-0.1251377426962944,50.05509707851777,0.16685032359505922,99.1247449177904,-34.355513958256985,-0.08342516179752961,-323.0973331719004,-31.503861981023235,-0.1251377426962944,-0.16685032359505922,-40.99473251096724,0.16685032359505922,16.68503235950592,-3.3370064719011845,178.10601427548357,178.10601427548357,-16.68503235950592,341.3869279160971,-178.10601427548357,33.37006471901184,0.2502754853925888,-1000.0,16.68503235950592,-173.91719199139595,0.0,-33.37006471901184,0.08342516179752961,1.6685032359505922,165.5395474232207,226.77737135778722,-0.16685032359505922,-230.94862944766368,193.05692095922578,51.72360031446836,0.16685032359505922,26.562571516329783,-249.29003615334327,0.0,-0.16685032359505922,-0.041712580898764805,0.0,-0.16685032359505922,271.4820647478214,0.16685032359495722,-0.041712580898764805,-0.041712580898764805,-0.041712580898764805,66.74012943802369,34.355513958256985,1.6685032359505922,123.61523349348164,-0.041712580898764805,250.54236783524945,8.34251617975296,-127.39851619415775,0.16685032359505922,0.08342516179752961,0.08342516179752961,16.68503235950592,40.99473251096724,0.16685032359505922,-40.99473251096724,1.6685032359505922,0.1668503235950594,-123.61523349348164,0.16685032359505922,0.6674012943799426,0.8342516179750018,0.08342516179752961,0.041712580898764805,50.05509707851777,-0.1668503235950592,0.0,1.6685032359505922,-247.23046698696328,799.5759163341962,-16.68503235950592,33.37006471901184,8.34251617975296,-0.16685032359505922,241.6101810335759,0.2502754853925888,-0.1668503235950594,-33.37006471901184,40.99473251096724,462.5374531273103,0.08342516179752961,254.7970323883155,-0.16685032359505922,-0.16685032359495722,-0.16685032359505922,0.08342516179752961,486.97013843721743,-33.37006471901184,0.16685032359505922,331.0790948464414,-0.041712580898764805,-0.1835353559545656,-331.0790948464414,25.027548539258884,31.503861981023235,205.0802263306183,486.97013843721743,-0.1251377426962944,230.94862944766368,-226.77737135778722,0.16685032359505922,-0.0417125808987648,341.898711296618,166.85032359505922,-0.08342516179752961,-0.16685032359505922,0.041712580898764805,0.0,0.0,999.9165748382025,0.0,-740.3808592361298,0.0,539.2648474963113,-1000.0,0.0,362.6381784723486,535.8915736620206,-793.7982518271966,0.0,-181.3190892361743,370.1904296180649,-267.9457868310103,0.0,500.0,-193.40730663877537,-618.1847753545528,0.0,793.7982518271966,-618.1847753545528,-539.2648474963113,385.9349256450743,0.0,1496.5981,bhi
351,0.0,0.0,0.0,0.0,0.0,0.0,0.0,0.0,-0.13611472306216454,0.0,0.0,0.0,0.0,0.0,0.0,0.0,768.1668784977863,245.47332225182572,0.0,-843.1987287589643,0.0,0.0,0.0,948.4125199594396,0.0,0.0,0.0,0.0,0.0,-916.9680002917979,0.0,0.0,843.7536143007832,0.0,0.0,0.0,0.0,-427.78148223083525,0.0,-1000.0,589.3737414219004,0.0,0.0,1000.0,0.0,0.0,0.0,0.0,0.0,0.0,0.0,0.0,0.0,0.14972619536827383,0.0,0.0,0.0,0.0,0.0,0.0,55.62530021963492,0.0,0.0,-147.21211027229458,0.0,0.0,0.0,0.0,0.0,39.725658859479715,0.0,1.3611472306216457,0.0,0.0,0.0,0.0,0.0,0.0,0.0,0.0,0.0,0.0,0.0,0.0,81.66883383729873,0.0,0.0,-713.744053300542,0.0,116.01864679340343,349.342022949978,0.0,0.0,0.0,40.83441691864937,0.0,410.6262585780996,0.0,0.0,0.0,0.0,996.5971319234459,-916.9680002917979,0.0,0.0,-409.3889950480414,0.0,0.0,0.0,0.0,0.0,0.0,0.0,0.0,0.0,0.0,0.0,0.0,0.0,0.0,0.0,0.0,0.0,0.0,-301.2712764275224,0.0,0.0,410.6262585780996,0.0,42.195564149271014,0.0,0.0,-328.1250000000003,0.0,328.1250000000003,-328.1250000000003,0.0,0.0,0.0,-202.8374104919295,0.0,0.0,0.0,0.0,0.0,10.480833675786663,0.13611472306216454,349.3760516307435,0.0,0.0,0.0,-463.12397748815573,0.0,0.0,336.3307869012378,0.0,1000.0,0.0,0.0,0.0,0.0,0.0,999.8638852769378,999.8638852769378,0.0,0.0,0.0,0.0,0.0,0.0,0.0,1000.0,0.0,0.0,0.0,-383.0267544816102,-354.6939268721516,0.0,0.0,0.0,0.0,0.0,0.0,0.0,0.0,0.0,0.0,0.0,0.0,0.0,0.0,-1000.0,0.0,0.0,0.0,0.0,0.0,0.0,0.0,-116.01864679340343,116.01864679340343,163.11175163244977,0.0,0.0,0.0,0.0,0.0,0.0,0.0,-129.88635398209135,0.0,0.0,0.0,0.0,0.0,0.0,0.0,0.0,0.0,0.0,0.0,0.0,0.0,519.7119545551086,-92.14287879210434,148.80112179401146,0.0,0.0,0.0,0.0,-89.6128588005476,0.0,0.0,0.0,0.0,55.62530021963492,-851.1988782059885,0.0,0.0,0.0,0.0,0.0,0.0,0.0,0.0,4.382894082602526,27.222944612432908,369.79184165945026,0.0,883.9813532065966,1000.0,-829.7627000939453,0.0,-148.80112179401146,0.0,0.0,202.8374104919295,0.0,0.0,0.0,0.0,-81.33056566992502,0.0,0.0,-1000.0,0.0,0.0,-1000.0,0.0,0.0,-116.01864679340343,0.0,0.0,0.0,0.0,306.26118451153695,0.0,0.0,0.0,206.36520077268463,0.0,-206.36520077268463,0.0,1000.0,39.725658859479715,0.0,525.0922828648295,0.0,0.0,0.0,55.62530021963492,-0.2041720845932468,0.0,0.0,0.0,0.0,0.13611472306216454,0.0,0.0,0.0,511.49195450739575,768.1668784977863,0.0,-272.9259966986943,-427.60064089618993,354.6939268721516,1000.0,0.0,1000.0,0.0,-409.3889950480414,0.0,0.0,0.0,895.041937046765,-895.041937046765,-1000.0,-1000.0,-1000.0,0.0,0.0,0.0,0.0,0.0,0.0,0.0,0.0,0.0,0.0,0.0,0.0,0.0,0.0,0.0,0.0,0.0,-6.097586164974245,0.0,421.13943717361224,0.0,0.0,0.0,355.3450377763243,0.0,0.0,-14.863727758389189,0.0,0.0,0.0,0.0,989.7913957703377,895.041937046765,-337.29580737098433,320.62604707356076,-42.00071025929225,0.0,0.0,-6.805736153108227,-90.03988930562186,0.0,337.29580737098433,-1000.0,1000.0,38.597842182738134,0.0,-640.5785500109305,0.0,-454.4237321147862,0.0,0.0,410.6262585780996,0.0,0.0,0.0,286.75614722013586,0.0,0.0,0.0,-519.7119545551086,519.7119545551086,519.7119545551086,-1000.0,0.0,0.0,-0.2722294461243291,0.0,0.0,0.0,0.0,0.0,-91.58681005265966,0.0,0.0,0.0,0.0,0.0,0.0,0.0,-965.8931148583597,0.2722294461244416,0.0,0.0,0.0,0.0,0.0,0.0,0.0,0.0,0.0,0.0,0.0,0.0,0.0,0.0,0.0,0.0,0.0,0.0,0.0,0.14972619536827383,0.14972619536827383,0.0,0.0,0.0,81.66883383729873,0.0,0.0,0.0,1000.0,0.0,502.12976669201737,0.0,0.0,0.0,531.3506230859994,-1000.0,0.0,0.0,0.0,0.0,0.0,0.0,0.0,0.0,0.0,0.0,0.0,0.0,0.0,100.42375880917415,-511.49195450739575,463.12397748815573,0.0,10.480833675786663,0.0,600.6260503701249,-600.6260503701249,-674.124943202027,0.0,531.3506230859994,0.0,147.86469954358654,-582.4071913159469,0.0,0.0,519.7119545551086,0.0,0.0,0.0,0.0,0.0,0.0,0.0,0.0,0.0,0.0,0.0,0.0,0.0,81.66883383729873,202.8374104919295,202.8374104919295,0.0,0.0,0.0,0.0,0.0,0.0,0.0,0.0,0.0,0.0,1.3611472306216457,0.0,0.0,0.0,0.0,0.0,0.0,0.0,0.0,410.6262585780996,0.0,0.0,0.0,0.0,0.0,0.0,0.0,0.0,0.0,0.0,1000.0,-62.161463869277874,0.0,40.83441691864937,40.83441691864937,1000.0,-1000.0,0.0,0.0,0.0,0.0,0.0,0.0,0.0,916.9680002917979,0.0,1000.0,0.13611472306216454,0.0,0.0,0.0,179.75893676402575,990.86873906306,0.0,0.0,0.0,-39.725658859479715,0.0,0.0,0.0,0.0,0.0,0.0,0.0,0.0,0.0,0.0,0.0,0.0,0.13611472306216454,0.0,0.0,0.0,-897.561450250255,897.561450250255,0.0,0.0,0.0,0.0,0.0,412.3732955801973,-336.3307869012378,0.0,0.0,-10.208604229662342,-3.041588144670356,-3.764148008437871,0.0,0.0,0.0,0.0,0.0,0.0,0.0,0.0,0.0,0.0,0.0,202.8374104919295,354.6939268721516,0.0,0.0,-447.617995961678,0.0,0.0,0.0,-0.13611472306216454,0.0,0.0,0.13611472306216454,0.0,0.13611472306216454,0.0,0.0,0.0,81.66883383729873,166.05996213584075,166.05996213584075,0.0,0.0,0.0,0.0,0.0,0.0,0.0,463.12397748815573,0.0,0.0,0.0,0.0,0.0,906.7614147024173,0.0,0.0,0.0,0.0,0.0,0.0,0.0,0.0,0.0,0.0,0.0,0.0,0.0,73.49889283190217,0.0,-172.08398317808906,172.08398317808906,0.2041720845932468,0.0,0.0,0.0,-410.6262585780996,0.0,0.0,0.0,0.0,0.0,0.0,6.805736153108227,0.0,0.0,0.0,0.0,0.0,14.863727758389189,-3.764148008437871,0.0,0.0,0.0,0.0,0.0,0.0,0.0,202.8374104919295,0.0,0.0,-3.689651139671355,-519.7119545551086,0.0,887.1279864006792,581.4797440150187,427.2370233385865,0.0,0.0,-427.2370233385865,336.3307869012378,-166.05996213584075,0.0,6.805736153108227,470.9765173465921,0.0,0.0,0.0,-91.58681005265966,0.0,0.0,-265.62500000038017,265.62500000038017,0.0,0.0,0.0,0.0,0.0,10.208604229662342,-30.625812688986912,166.05996213584075,0.0,15.740082884081232,15.740082884081232,-15.740082884081234,0.0,0.0,0.0,0.0,0.0,4.382894082602526,0.0,0.0,0.0,-179.75893676402575,406.3063403346376,0.0,40.83441691864937,0.0,0.0,0.0,0.0,-185.39604803946676,0.0,0.0,0.14972619536827383,0.0,0.0,0.0,83.02998106792037,0.0,0.0,0.0,0.0,-92.14287879210434,0.0,0.0,0.0,0.0,0.0,0.0,0.0,0.0,-703.0160460709408,0.0,0.013611472306216454,0.013611472306216454,0.0,0.0,0.0,0.0,0.0,0.0,0.0,0.0,0.0,0.0,0.0,0.0,0.0,0.0,0.0,0.0,0.0,0.0,0.0,0.0,0.0,0.0,0.0,0.0,0.0,0.0,0.0,0.0,0.0,693.1350282366086,245.47332225182572,0.0,0.0,0.0,81.66883383729873,0.0,0.0,0.0,0.0,0.0,0.0,-81.66883383729873,0.0,0.0,0.0,0.0,0.0,0.0,0.0,0.0,0.0,0.0,0.0,0.0,-1000.0,-1000.0,1000.0,0.0,-410.6262585780996,0.0,-427.78148223083525,0.0,0.0,0.0,0.0,0.0,0.0,0.0,0.0,0.0,0.0,0.0,0.0,0.0,0.0,0.0,0.0,0.0,-17.01434038277057,202.8374104919295,-1000.0,927.1786231617419,0.0,0.0,0.0,0.0,0.0,-1.7014340382770572,0.0,427.91759695389743,0.0,0.0,0.0,0.0,0.0,0.0,0.0,1000.0,40.83441691864937,40.83441691864937,0.0,0.0,0.0,0.0,0.0,0.14972619536827383,0.0,0.0,0.0,427.78148223083525,0.0,0.0,0.0,0.0,0.0,0.0,0.0,0.0,0.0,0.0,0.0,0.0,0.0,0.0,86.04199158904453,0.0,0.0,0.0,0.0,142.92045921527279,0.0,0.0,10.480833675786663,0.0,0.0,0.0,0.0,0.0,-17.905315903059545,0.0,0.0,0.0,-17.01434038277057,0.0,0.0,0.0,0.0,0.0,0.0,0.0,0.0,0.0,0.0,0.0,0.0,0.0,0.0,0.0,0.0,0.0,0.0,-0.13611472306216454,0.0,0.0,6.805736153108227,-531.3506230859994,0.0,0.0,0.0,0.0,202.8374104919295,0.0,0.0,0.0,-895.041937046765,3.402868076554115,0.0,0.0,0.0,0.13611472306216454,0.0,136.11472306216453,-42.195564149271014,27.22294461243291,0.9722480218726038,379.76007734343915,-0.1020860422966234,679.3739529264392,2.722294461243291,-0.6805736153109478,-379.76007734343915,40.83441691864937,-0.1361147230621645,136.46299834934715,0.0,0.034028680765541136,0.9722480218726038,-409.38899504804147,-21.669463911497417,-2.722294461243292,-170.44147199064776,-0.13611472306216454,0.034028680765541136,-379.76007734343915,13.611472306216454,0.1361147230621645,0.13611472306216454,0.28584091843043835,0.149726195368381,0.0,-0.1020860422966234,40.83441691864937,0.13611472306216454,410.6262585780996,301.734480128368,-0.06805736153108227,-181.22200990391718,75.86527177126898,-0.1020860422966234,-0.13611472306216454,-42.195564149271014,0.13611472306216454,13.611472306216454,-2.722294461243291,73.49889283190217,73.49889283190217,-13.611472306216454,170.44147199064776,-73.49889283190217,27.222944612432908,0.2041720845932468,-1000.0,13.611472306216454,-100.42375880917415,0.0,-27.222944612432908,0.06805736153108227,1.3611472306216457,68.23149917467357,-492.4890099426757,-0.13611472306216454,-30.625812688986912,-0.28584091843043835,42.195564149271014,0.13611472306216454,21.669463911497417,-533.1295093340477,0.0,-0.13611472306216454,-0.034028680765541136,0.0,-0.13611472306216454,-965.8931148583597,0.1361147230621782,-0.034028680765541136,-0.034028680765541136,-0.034028680765541136,54.445889224865816,-301.734480128368,1.3611472306216457,100.84399544868326,-0.034028680765541136,0.0,6.805736153108227,489.7522935822881,0.13611472306216454,0.06805736153108227,0.06805736153108227,-6.251357123523404,42.195564149271014,0.13611472306216454,-42.195564149271014,1.3611472306216457,0.13611472306216454,-100.84399544868326,0.13611472306216454,0.5444588922487981,0.6805736153109478,0.06805736153108227,0.034028680765541136,40.83441691864937,-0.13611472306216454,0.0,1.361147230621646,-201.68799089736652,675.9710848498851,-13.611472306216454,27.222944612432908,6.805736153108227,-0.13611472306216454,409.38899504804147,0.2041720845932468,-0.13611472306216454,12.502714247046807,42.195564149271014,504.7531550507257,0.06805736153108227,-979.5045871645762,-0.13611472306216454,-0.1361147230621782,-0.13611472306216454,0.06805736153108227,379.76007734343915,-27.222944612432908,0.13611472306216454,136.46299834934715,-0.034028680765541136,-0.149726195368381,-136.46299834934715,20.41720845932468,-75.86527177126898,-130.34904419845805,379.76007734343915,-0.1020860422966234,30.625812688986912,492.4890099426757,0.13611472306216454,-0.034028680765541136,6.805736153108227,136.11472306216453,-0.06805736153108227,-0.13611472306216454,0.034028680765541136,153.28915654515004,0.0,999.931942638469,0.0,-1000.0,0.0,491.4586699331388,-265.2820056654382,0.0,287.36956796137406,104.54116415241248,-451.2269535249564,0.0,-143.68478398068703,500.0,-52.27058207620624,0.0,132.6410028327191,0.0,-319.3571070112589,0.0,451.2269535249564,-319.3571070112589,-491.4586699331388,505.48835348048505,0.0,1496.5981,bhi
352,0.0,0.0,0.0,0.0,0.0,0.0,0.0,0.0,607.5944829662434,0.0,0.0,0.0,0.0,0.0,0.0,0.0,344.0130109570007,-854.1508379509039,0.0,898.8121891127403,0.0,0.0,0.0,0.0,0.0,602.1566232010346,0.0,0.0,0.0,-1000.0,13.204194366574026,-13.204194366574026,608.3130866637387,0.0,0.0,0.0,0.0,925.4007375445119,0.0,-1000.0,183.22679535583347,0.0,0.0,655.9869890429993,0.0,0.0,0.0,0.0,0.0,-780.7468763837578,0.0,0.0,0.0,0.17200790901347318,0.0,0.0,0.0,31.27416527518235,0.0,0.0,51.68179592922623,0.0,-842.1190414464579,-1000.0,0.0,0.0,0.0,0.0,61.441119685825704,-61.441119685825704,0.0,1.5637082637591178,0.0,0.0,0.0,0.0,0.0,0.0,0.0,0.0,0.0,0.0,0.0,0.0,93.82249582554707,0.0,0.0,522.3306755809182,-477.6693244190818,0.0,-0.039092706593977934,0.0,0.0,-183.974079615768,46.91124791277353,0.0,46.91124791277353,-18.239334975877913,0.0,0.0,0.0,7.818541318795587,-1000.0,0.0,0.0,-388.2311180733536,0.0,0.0,0.0,0.0,0.0,0.0,0.0,0.0,0.0,0.0,0.0,0.0,0.0,0.0,0.0,0.0,0.0,0.0,-1000.0,0.0,0.0,46.91124791277353,0.0,48.47495617653265,0.0,0.0,0.0,0.0,0.0,0.0,0.0,0.0,0.0,-209.56275448276833,0.0,0.0,0.0,0.0,0.0,12.040553630945197,0.15637082637591174,0.0,0.0,0.0,-641.7367378536254,0.0,0.0,0.0,0.0,0.0,790.6776161992842,0.0,0.0,0.0,0.0,0.0,-346.5210094978687,-346.5210094978687,0.0,0.0,0.0,0.0,0.0,0.0,0.0,-333.16044430491877,0.0,0.0,0.0,1000.0,0.0,0.0,0.0,0.0,0.0,0.0,0.0,0.0,0.0,0.0,-1000.0,0.0,0.0,0.0,0.0,-1000.0,0.0,0.0,0.0,0.0,0.0,780.7468763837578,0.0,477.6693244190818,-477.6693244190818,106.64609438086816,0.0,0.0,0.0,0.0,0.0,0.0,0.0,-1000.0,0.0,0.0,0.0,0.0,0.0,0.0,0.0,0.0,0.0,0.0,0.0,0.0,0.0,0.0,520.4988362834304,655.9869890429993,0.0,0.0,0.0,102.91666010190016,-106.64609438086816,0.0,0.0,0.0,0.0,51.68179592922623,0.0,13.204194366574026,0.0,0.0,0.0,0.0,0.0,0.0,0.0,0.0,0.0,0.0,0.0,343.77845471743683,-611.5601941207268,1000.0,0.0,-655.9869890429993,0.0,0.0,209.56275448276833,388.936257086517,0.0,0.0,0.0,302.55891451827495,0.0,0.0,-745.3193520927873,0.0,0.0,-745.3193520927867,0.0,0.0,0.0,0.0,0.0,780.7468763837578,0.0,436.27460558879386,0.0,0.0,0.0,-527.2701874446027,0.0,527.2701874446027,0.0,586.8259294609762,0.0,102.91666010190016,-829.0120755896775,0.0,0.0,0.0,51.68179592922623,-0.23455623956386762,0.0,0.0,0.0,0.0,0.15637082637591174,0.0,0.0,0.0,953.0887520872265,344.0130109570007,0.0,-417.80505653542764,231.83842688151697,0.0,83.44198693605279,0.0,82.61823719918073,0.0,-388.2311180733536,0.0,0.0,0.0,-13.46352815096597,-1000.0,930.8452909517853,-519.8574028048182,-1000.0,0.0,0.0,0.0,0.0,0.0,0.0,0.0,0.0,0.0,0.0,0.0,0.0,0.0,0.0,0.0,0.0,0.0,-73.97377914998418,0.0,-1000.0,0.0,0.0,0.0,0.0,373.94426702103397,0.0,1.163640735628828,0.0,0.0,0.0,0.0,0.0,0.0,0.0,-7.818541318795587,0.0,938.5588803141743,-535.9060437506954,-82.52308471386232,-1000.0,-141.3986086669505,0.0,0.0,0.0,-3.909270659397794,74.70454339506674,676.4585624877607,0.0,-520.7665461098793,0.0,0.0,46.91124791277353,0.0,0.0,0.0,0.0,0.0,607.7508537926193,0.0,0.0,0.0,0.0,1000.0,0.0,0.0,-920.2991154186468,0.0,0.0,0.0,0.0,0.0,-106.19916262431586,0.0,0.0,146.69605633255424,0.0,0.0,0.0,0.0,-168.14914948296854,0.31274165275165017,0.0,0.0,0.0,0.0,0.0,0.0,0.0,0.0,0.0,0.0,0.0,0.0,0.0,0.0,0.0,0.0,0.0,0.0,0.0,0.17200790901347318,0.17200790901347318,13.204194366574026,76.68293889439147,0.0,93.82249582554707,0.0,0.0,0.0,1000.0,0.0,0.0,0.0,0.0,0.0,968.9650866534298,-1000.0,0.0,0.0,375.24496286790816,0.0,0.0,146.69605633255424,0.0,0.0,0.0,0.0,0.0,0.0,0.0,333.3333333333333,-953.0887520872265,641.7367378536254,0.0,12.040553630945197,0.0,-1000.0,816.025920384232,816.025920384232,0.0,968.9650866534298,0.0,-199.1840628295388,1000.0,0.0,0.0,0.0,0.0,0.0,0.0,0.0,0.0,0.0,0.0,0.0,0.0,0.0,0.0,0.0,0.0,93.82249582554707,209.56275448276833,209.56275448276833,0.0,0.0,0.0,0.0,0.0,0.0,0.0,0.0,0.0,0.0,1.5637082637591178,0.0,13.204194366574026,0.0,0.0,13.204194366574026,0.0,0.0,0.0,46.91124791277353,-375.24496286790816,0.0,0.0,0.0,0.0,0.0,0.0,0.0,0.0,0.0,418.090275743434,0.0,0.0,46.91124791277353,46.91124791277353,897.1662601866692,-1000.0,0.0,146.69605633255424,0.0,0.0,0.0,0.0,0.0,519.8574028048182,0.0,1000.0,0.15637082637591174,0.0,0.0,0.0,206.51001491887374,0.0,0.0,183.974079615768,0.0,0.0,0.0,0.0,0.0,0.0,0.0,0.0,0.0,0.0,0.0,0.0,0.0,0.0,0.15637082637591174,0.0,0.0,0.0,0.0,0.0,0.0,0.0,0.0,0.0,0.0,1.163640735628828,0.0,0.0,-926.0262208500158,-11.727811978193381,0.0,-7.818541318795594,0.0,0.0,0.0,0.0,0.0,0.0,0.0,0.0,0.0,0.0,0.0,209.56275448276833,0.0,0.0,0.0,-512.9480047910837,0.0,0.0,0.0,607.5944829662434,0.0,0.0,0.15637082637591174,0.0,0.15637082637591174,0.0,0.0,0.0,93.82249582554707,190.77240817861235,190.77240817861235,0.0,0.0,0.0,0.0,0.0,0.0,0.0,641.7367378536254,0.0,0.0,0.0,0.0,0.0,0.0,0.0,0.0,0.0,0.0,0.0,0.0,0.0,0.0,0.0,0.0,0.0,0.0,0.0,0.0,0.0,-602.1566232010346,602.1566232010346,0.23455623956386762,0.0,0.0,0.0,-46.91124791277353,0.0,0.0,0.0,0.0,0.0,-76.68293889439147,7.818541318795587,0.0,0.0,0.0,0.0,0.0,0.0,-7.818541318795594,0.0,0.0,0.0,0.0,0.0,0.0,0.0,209.56275448276833,0.0,375.24496286790816,787.5532809253306,76.68293889439147,0.0,-83.28738651634183,-388.2311180733536,0.0,1.163640735628828,0.0,-1.163640735628828,0.0,198.16384890790465,0.0,7.818541318795594,1000.0,0.0,0.0,-13.204194366574026,-106.19916262431586,0.0,0.0,0.0,0.0,0.0,0.0,0.0,0.0,0.0,1000.0,-23.45562395638683,190.77240817861235,0.0,359.375,359.375,-346.17080563342597,0.0,0.0,0.0,0.0,0.0,0.0,0.0,0.0,88.41075087258486,-206.51001491887374,0.0,0.0,46.91124791277353,0.0,0.0,0.0,0.0,-80.67019284958718,0.0,0.0,0.17200790901347318,0.0,0.0,0.0,95.38620408930618,0.0,0.0,0.0,0.0,520.4988362834304,0.0,0.0,0.0,0.0,0.0,0.0,0.0,0.0,0.0,0.0,0.015637082637591178,0.015637082637591178,0.0,0.0,0.0,0.0,0.0,0.0,0.0,0.0,0.0,0.0,13.204194366574026,0.0,0.0,0.0,0.0,76.68293889439147,0.0,0.0,0.0,0.0,0.0,0.0,0.0,780.7468763837578,0.0,0.0,0.0,0.0,1000.0,586.8382110267416,-854.1508379509039,0.0,0.0,0.0,93.82249582554707,0.0,0.0,0.0,0.0,0.0,0.0,-93.82249582554707,0.0,0.0,0.0,0.0,0.0,0.0,0.0,0.0,0.0,13.204194366574026,13.204194366574026,0.0,-1000.0,-1000.0,107.11401606749958,-434.28182437399107,387.3705764612175,0.0,925.4007375445119,0.0,0.0,0.0,0.0,0.0,0.0,0.0,0.0,0.0,23.453125000000004,0.0,-23.453125000000004,-23.453125000000004,0.0,0.0,0.0,0.0,-19.546353296988976,209.56275448276833,-11.727811978193381,11.727811978193408,0.0,0.0,0.0,0.0,0.0,-1.9546353296988974,0.0,106.19916262431586,0.0,0.0,0.0,0.0,0.0,0.0,0.0,1000.0,46.91124791277353,46.91124791277353,0.0,0.0,0.0,0.0,0.0,0.17200790901347318,76.68293889439147,0.0,0.0,-925.4007375445119,0.0,0.0,0.0,0.0,0.0,0.0,0.0,0.0,0.0,0.0,0.0,0.0,0.0,0.0,0.0,0.0,0.0,0.0,0.0,164.18936769470736,12.040553630945197,0.0,0.0,0.0,0.0,0.0,76.68293889439147,0.0,-18.239334975877913,0.0,0.0,0.0,-19.546353296988976,0.0,0.0,0.0,0.0,0.0,0.0,0.0,0.0,0.0,0.0,0.0,0.0,0.0,0.0,0.0,0.0,0.0,0.0,-0.15637082637591174,0.0,0.0,7.818541318795587,-968.9650866534298,0.0,0.0,0.0,0.0,209.56275448276833,0.0,0.0,0.0,13.46352815096597,3.909270659397794,0.0,0.0,602.1566232010346,0.15637082637591174,0.0,156.37082637591175,-48.47495617653265,31.274165275182355,1.1169344741136553,436.27460558879386,-0.11727811978193381,7.818541318795587,3.1274165275182355,-0.7818541318797543,-436.27460558879386,46.91124791277353,-0.15637082637591176,129.41037269111789,146.69605633255424,0.03909270659397794,1.1169344741136553,-388.2311180733536,-24.894235559044677,10.076777839055794,-388.67436211883705,-0.15637082637591176,0.03909270659397794,-436.27460558879386,15.637082637591176,0.15637082637591176,0.15637082637591174,-76.35456015900209,0.17200790901350294,0.0,-0.11727811978193381,46.91124791277353,0.15637082637591176,46.91124791277353,-78.18541318795589,-0.07818541318795588,-14.215380052576933,90.85264091690108,-0.11727811978193381,-0.15637082637591176,-48.47495617653265,0.15637082637591174,15.637082637591176,-3.1274165275182355,0.0,0.0,-15.637082637591176,388.67436211883705,0.0,31.27416527518235,0.23455623956386762,-1000.0,15.637082637591176,-333.3333333333333,146.69605633255424,-31.27416527518235,0.07818541318795587,1.5637082637591178,104.45126413385691,107.95710416957382,-0.15637082637591174,-111.86637482897169,76.35456015900209,48.47495617653265,0.15637082637591176,24.894235559044677,-40.94893531853984,146.69605633255424,-0.15637082637591174,-0.039092706593977934,-146.69605633255424,-0.15637082637591176,-168.14914948296854,0.15637082637534333,-0.039092706593977934,-0.039092706593977934,-0.039092706593977934,62.5483305503647,78.18541318795589,1.5637082637591178,115.85123599125343,-0.03909270659397794,79.49215557659593,7.818541318795588,91.89311606027985,0.15637082637591174,0.07818541318795588,0.07818541318795588,37.526780752918214,48.47495617653265,0.15637082637591174,-48.47495617653265,1.5637082637591178,0.15637082637591176,-115.85123599125343,0.15637082637591176,0.6254833055038631,0.7818541318797543,0.07818541318795588,0.03909270659397794,46.91124791277353,-0.15637082637591176,0.0,-5.038388919527897,-231.70247198250686,3.909270659397793,-15.637082637591176,31.27416527518235,7.818541318795588,-0.15637082637591176,388.2311180733536,0.23455623956386762,-0.15637082637591176,-75.05356150583643,48.47495617653265,277.8479549226978,0.07818541318795588,-183.7862321205597,-0.15637082637591176,-0.15637082637534333,-0.15637082637591176,0.07818541318795588,436.27460558879386,-31.27416527518235,0.15637082637591174,208.90252826771382,-0.039092706593977934,-0.17200790901350294,-208.90252826771382,23.455623956386763,-90.85264091690108,-7.917837127351877,436.27460558879386,-0.11727811978193381,111.86637482897169,-107.95710416957382,0.15637082637591176,-0.03909270659397794,7.818541318795594,156.37082637591175,-0.07818541318795588,-0.15637082637591176,0.03909270659397794,1000.0,0.0,999.921814586812,0.0,-1000.0,0.0,416.952833166205,-1000.0,0.0,653.443650500583,-643.0430472018288,693.7499590947849,0.0,-326.7218252502915,500.0,321.5215236009144,0.0,500.0,-76.68293889439147,-197.1777620731106,0.0,-693.7499590947849,-197.1777620731106,-416.952833166205,221.13234292357683,0.0,1496.5981,bhi
353,0.0,0.0,0.0,0.0,0.0,0.0,0.0,0.0,-0.1853076621006867,0.0,0.0,0.0,0.0,0.0,0.0,0.0,402.1969049515592,-32.96175270224467,0.0,0.0,0.0,0.0,0.0,41.84243664964059,0.0,0.0,0.0,0.0,0.0,-564.4497601542821,0.0,0.0,1000.0,0.0,0.0,0.0,0.0,248.66044044851014,0.0,-1000.0,882.7795148202738,0.0,0.0,994.2551361757637,0.0,0.0,0.0,0.0,130.44260774806855,-741.2601420236433,0.0,962.4448887211091,0.0,0.20383842831029142,0.0,0.0,0.0,37.06153242013734,0.0,0.0,27.608471069922388,0.0,0.0,-104.17522646684486,0.0,0.0,0.0,0.0,233.41883557013642,-233.41883557013642,0.0,1.8530766210068672,0.0,0.0,0.0,0.0,0.0,0.0,0.0,0.0,0.0,0.0,-90.28573327878398,0.0,111.18459726041203,0.0,0.0,1000.0,560.4535826365053,-761.4130543657094,-0.04632691552517167,0.0,0.0,192.52751572067788,55.59229863020602,0.0,117.22048517972617,0.0,0.0,0.0,0.0,9.265383105034335,-564.4497601542821,0.0,0.0,0.0,0.0,0.0,0.0,0.0,0.0,0.0,0.0,0.0,0.0,0.0,0.0,0.0,0.0,0.0,0.0,0.0,0.0,0.0,-1000.0,0.0,0.0,117.22048517972617,0.0,57.44537525121288,27.15499826218624,0.0,0.0,-690.1829006085527,690.1829006085527,-690.1829006085527,296.64553639874305,395.94006756510237,-395.94006756510237,-428.4292339355103,0.0,0.0,0.0,0.0,0.0,104.55442326053685,0.1853076621006867,0.0,0.0,0.0,0.0,-117.94341459986367,0.0,0.0,0.0,0.0,1000.0,0.0,0.0,0.0,0.0,0.0,700.9666400907286,700.9666400907286,0.0,0.0,0.0,0.0,-201.3016995757299,0.0,0.0,701.1519477528292,0.0,0.0,0.0,-76.01149727180382,0.0,0.0,0.0,0.0,0.0,0.0,0.0,0.0,0.0,0.0,-325.04188818333193,0.0,0.0,0.0,0.0,-994.2677919820333,0.0,0.0,0.0,0.0,0.0,741.2601420236433,-962.4448887211091,200.9594717292041,-200.9594717292041,131.78369753676725,0.0,0.0,0.0,0.0,0.0,0.0,0.0,-212.37256556689607,0.0,0.0,0.0,0.0,0.0,0.0,0.0,0.0,0.0,0.0,0.0,0.0,0.0,682.6186194016443,-143.65617862187753,994.2551361757637,0.0,0.0,0.0,0.0,60.74381818391063,0.0,0.0,0.0,0.0,27.608471069922388,0.0,0.0,0.0,774.5267560448988,0.0,0.0,0.0,0.0,0.0,5.966906719642566,0.0,61.62818654952015,0.0,-359.4941109073012,0.0,368.9571907561635,0.0,-994.2551361757637,0.0,0.0,131.78369753676725,0.0,0.0,0.0,0.0,308.026247954184,0.0,0.0,-1000.0,0.0,0.0,-999.9999999999999,0.0,0.0,761.4130543657094,0.0,0.0,741.2601420236433,0.0,378.79085806461046,0.0,0.0,0.0,0.0,0.0,0.0,0.0,1000.0,0.0,0.0,-7.628357082707566,0.0,0.0,0.0,27.608471069922388,-0.27796149315103,0.0,0.0,0.0,0.0,0.1853076621006867,0.0,0.0,0.0,678.5528843619866,402.1969049515592,0.0,-459.77987423457694,639.8403830922891,0.0,1000.0,0.0,-40.7097268308645,0.0,0.0,0.0,0.0,0.0,98.49295755747528,-233.41883557013642,175.63560484352564,-1000.0,-1000.0,0.0,0.0,0.0,0.0,0.0,0.0,0.0,0.0,0.0,0.0,0.0,0.0,0.0,0.0,0.0,0.0,774.5267560448988,-750.5983289030889,0.0,-1000.0,0.0,0.0,0.0,0.0,0.0,0.0,-110.52132998017942,0.0,90.28573327878398,0.0,0.0,0.0,0.0,0.0,943.918532330721,0.0,0.0,-357.9498272544468,-147.36595717103717,0.0,-539.6003191264442,0.0,-953.1839154357552,1000.0,-4.6326915525171675,138.10057406600282,0.0,0.0,0.0,7.485240714228894,-384.0173754389809,117.22048517972617,0.0,0.0,0.0,3.4761372257779075,0.0,0.0,0.0,-682.6186194016443,682.6186194016443,682.6186194016443,-710.3617184794507,0.0,0.0,-299.2186675713721,0.0,0.0,0.0,0.0,0.0,-76.56675539692247,0.0,-609.3749999999676,0.0,0.0,0.0,0.0,0.0,-378.82007840146736,0.37061532420133253,0.0,0.0,0.0,0.0,0.0,0.0,0.0,0.0,0.0,0.0,0.0,0.0,0.0,0.0,0.0,0.0,0.0,0.0,0.0,0.20383842831029142,0.20383842831029142,0.0,0.0,0.0,111.18459726041203,0.0,0.0,0.0,1000.0,0.0,57.833999043993416,0.0,0.0,0.0,1000.0,-1000.0,0.0,0.0,0.0,0.0,0.0,0.0,0.0,0.0,0.0,0.0,0.0,0.0,0.0,333.3333333333333,-678.5528843619866,117.94341459986367,0.0,14.268689981752871,0.0,0.0,192.52751572067788,0.0,0.0,1000.0,0.0,-378.82007840146736,1000.0,0.0,0.0,682.6186194016443,0.0,0.0,0.0,0.0,0.0,0.0,0.0,0.0,0.0,0.0,0.0,0.0,0.0,111.18459726041203,131.78369753676725,131.78369753676725,0.0,0.0,0.0,0.0,0.0,0.0,0.0,0.0,0.0,0.0,1.8530766210068672,0.0,0.0,0.0,0.0,0.0,-962.4448887211091,0.0,0.0,117.22048517972617,0.0,0.0,0.0,0.0,0.0,0.0,0.0,0.0,0.0,0.0,60.74381818391063,0.0,0.0,55.59229863020602,55.59229863020602,1000.0,-1000.0,0.0,0.0,0.0,0.0,0.0,0.0,0.0,564.4497601542821,0.0,1000.0,0.1853076621006867,0.0,0.0,0.0,136.1052472783691,406.0459080599184,0.0,-192.52751572067788,0.0,0.0,0.0,0.0,0.0,0.0,0.0,0.0,0.0,0.0,0.0,0.0,0.0,0.0,0.1853076621006867,0.0,0.0,0.0,0.0,0.0,0.0,0.0,0.0,0.0,-719.1925085391051,698.9569118377096,0.0,0.0,-249.40167109691106,-13.898074657551502,-9.265383105034335,0.0,0.0,0.0,0.0,0.0,0.0,0.0,0.0,0.0,0.0,0.0,0.0,131.78369753676725,0.0,0.0,0.0,-374.75199233394653,0.0,0.0,0.0,-0.1853076621006867,0.0,0.0,0.1853076621006867,0.0,0.1853076621006867,0.0,0.0,0.0,111.18459726041203,226.0753477628378,226.0753477628378,0.0,0.0,0.0,0.0,0.0,0.0,90.28573327878398,117.94341459986367,0.0,0.0,0.0,0.0,0.0,114.44794726434392,0.0,0.0,0.0,0.0,0.0,0.0,0.0,0.0,0.0,0.0,0.0,0.0,0.0,192.52751572067788,0.0,-1000.0,1000.0,0.27796149315103,0.0,0.0,0.0,-117.22048517972617,0.0,0.0,0.0,0.0,0.0,0.0,9.265383105034335,0.0,0.0,0.0,0.0,201.3016995757299,-9.265383105034335,0.0,0.0,-609.3749999999676,0.0,0.0,0.0,0.0,0.0,131.78369753676725,0.0,0.0,0.0,-682.6186194016443,0.0,810.7908921956897,406.0459080599184,0.0,599.4057954538914,90.28573327878398,-689.6915287326754,0.0,-226.0753477628378,0.0,9.265383105034335,1000.0,0.0,0.0,0.0,-76.56675539692247,-984.3749999999809,984.3749999999809,0.0,0.0,0.0,0.0,0.0,0.0,0.0,297.2457388682289,0.0,226.0753477628378,0.0,0.0,0.0,0.0,0.0,0.0,0.0,0.0,0.0,5.966906719642566,0.0,0.0,41.69422397265453,-136.1052472783691,32.581512418179344,0.0,55.59229863020602,0.0,0.0,0.0,0.0,-140.51253367660152,0.0,0.0,0.20383842831029142,0.0,0.0,0.0,113.0376738814189,0.0,0.0,0.0,0.0,-143.65617862187753,0.0,0.0,0.0,0.0,0.0,0.0,0.0,0.0,0.0,0.0,481.1034429822984,0.01853076621006867,0.0,0.0,0.0,0.0,0.0,0.0,0.0,0.0,0.0,0.0,0.0,0.0,0.0,0.0,0.0,0.0,0.0,0.0,0.0,0.0,0.0,0.0,0.0,741.2601420236433,0.0,0.0,0.0,0.0,0.0,-27.608471069922388,-32.96175270224467,0.0,0.0,0.0,111.18459726041203,0.0,0.0,0.0,0.0,0.0,0.0,-111.18459726041203,0.0,0.0,0.0,0.0,0.0,0.0,0.0,0.0,0.0,0.0,0.0,0.0,-1000.0,-1000.0,241.38369580331434,0.0,-117.22048517972617,0.0,248.66044044851014,0.0,0.0,0.0,0.0,0.0,0.0,0.0,0.0,0.0,976.5625,0.0,-976.5625,-976.5625,0.0,0.0,0.0,0.0,-23.163457762585836,131.78369753676725,-13.898074657551502,100.54987260679243,0.0,0.0,0.0,0.0,0.0,0.0,-2.316345776258584,76.56675539692247,0.0,0.0,0.0,0.0,0.0,0.0,0.0,1000.0,55.59229863020602,55.59229863020602,0.0,0.0,0.0,0.0,0.0,0.20383842831029142,0.0,0.0,0.0,-248.66044044851014,481.0849122160883,0.0,0.0,0.0,0.0,0.0,0.0,0.0,0.0,0.0,0.0,0.0,0.0,0.0,500.0,0.0,0.0,27.15499826218624,0.0,194.57304520572106,104.55442326053685,0.0,0.0,0.0,0.0,0.0,0.0,0.0,0.0,0.0,0.0,0.0,-23.163457762585836,0.0,0.0,0.0,0.0,0.0,0.0,0.0,0.0,0.0,0.0,0.0,0.0,0.0,0.0,0.0,0.0,0.0,0.0,-0.1853076621006867,0.0,0.0,9.265383105034335,-1000.0,0.0,0.0,0.0,0.0,131.78369753676725,0.0,0.0,0.0,-98.49295755747528,4.6326915525171675,0.0,0.0,0.0,0.1853076621006867,0.0,185.30766210068668,-30.29037698902664,37.06153242013734,1.3236261578620478,571.3183737852884,-0.138980746575515,9.265383105034335,3.706153242013734,-0.9265383105015985,-571.3183737852884,55.59229863020601,-0.1853076621006867,0.0,0.0,0.04632691552517167,1.3236261578620478,0.0,-29.50097980642977,-3.706153242013734,-369.2351522493145,-0.18530766210068667,0.04632691552517167,-571.3183737852884,18.53076621006867,0.1853076621006867,0.1853076621006867,0.38914609041097814,0.203838428310803,-972.7741703415489,-0.138980746575515,55.59229863020602,0.1853076621006867,117.22048517972617,-31.025644500823205,-0.09265383105034335,-27.22582965845106,-79.45989205608,-0.138980746575515,-0.1853076621006867,-30.29037698902664,0.1853076621006867,18.53076621006867,-3.706153242013734,192.52751572067788,192.52751572067788,-18.53076621006867,369.2351522493145,-192.52751572067788,37.06153242013734,0.27796149315103,-1000.0,18.53076621006867,-333.3333333333333,0.0,-37.06153242013734,0.09265383105034335,1.8530766210068672,114.94496855864423,-645.5570869815069,-0.1853076621006867,-41.69422397265453,-0.38914609041097814,57.44537525121288,0.1853076621006867,29.50097980642977,-283.9973810703442,0.0,-0.1853076621006867,-0.04632691552517167,0.0,-0.1853076621006867,-378.82007840146736,0.185307662100573,-0.04632691552517167,-0.04632691552517167,-0.04632691552517167,74.12306484027468,31.025644500823205,1.8530766210068672,137.28981415884755,-0.04632691552517167,229.88993711728847,9.265383105034335,198.67542230576802,0.1853076621006867,0.09265383105034335,0.09265383105034335,18.53076621006867,30.29037698902664,0.1853076621006867,-30.29037698902664,1.8530766210068672,0.1853076621006867,-137.28981415884755,0.1853076621006867,0.741230648400915,0.9265383105015985,0.09265383105034335,0.04632691552517167,55.59229863020602,-0.1853076621006867,972.7741703415489,1.853076621006867,-274.5796283176951,4.6326915525171675,-18.53076621006867,37.06153242013734,9.265383105034335,-0.1853076621006867,0.0,0.27796149315103,-0.1853076621006867,-37.06153242013734,30.29037698902664,405.42007895689335,0.09265383105034335,-397.35084461153605,-0.1853076621006867,-0.185307662100573,-0.1853076621006867,0.09265383105034335,571.3183737852884,-37.06153242013734,0.1853076621006867,229.88993711728847,-0.04632691552517167,-0.203838428310803,-229.88993711728847,27.796149315103,79.45989205608,-216.30595628203778,571.3183737852884,-0.138980746575515,41.69422397265453,645.5570869815069,0.18530766210068667,-0.046326915525171666,9.265383105034335,185.30766210068668,-0.09265383105034335,-0.1853076621006867,0.04632691552517167,593.8491490168317,0.0,999.9073461689496,0.0,-1000.0,0.0,1000.0,-598.0493912725065,0.0,-576.6580494582882,263.77814077361705,-729.9090100159634,0.0,288.3290247291441,500.0,-131.88907038680853,0.0,299.0246956362532,0.0,-264.9075452802918,0.0,729.9090100159634,-264.9075452802918,-1000.0,632.7333074301378,0.0,1496.5981,bhi
354,0.0,0.0,0.0,0.0,0.0,0.0,0.0,0.0,-0.16195817864622292,0.0,0.0,0.0,0.0,0.0,0.0,0.0,786.4427116730296,-870.3552455623592,0.0,0.0,0.0,0.0,0.0,413.7918136564111,0.0,0.0,0.0,0.0,0.0,-503.8626930948419,0.0,0.0,848.7981660131122,0.0,0.0,0.0,0.0,581.6068885476354,0.0,-400.7997842905477,1000.0,0.0,0.0,767.3555465798411,0.0,0.0,0.0,0.0,0.0,0.0,0.0,837.2611844581368,0.0,0.17815399651054512,0.0,0.0,0.0,0.0,0.0,0.0,-14.26311693277708,0.0,-178.59227759702128,-192.85539452979836,0.0,0.0,0.0,0.0,0.0,0.0,0.0,1.6195817864622295,0.0,0.0,0.0,0.0,0.0,0.0,0.0,0.0,0.0,0.0,0.0,0.0,97.17490718773377,0.0,0.0,925.929581311627,223.3994035279269,221.68585083347853,-0.040489544661555736,0.0,0.0,0.0,48.58745359386688,0.0,48.58745359386688,0.0,0.0,0.0,0.0,8.097908932311146,-1000.0,0.0,0.0,-254.7467943809077,0.0,461.20176337433105,0.0,0.0,0.0,0.0,0.0,0.0,0.0,0.0,0.0,0.0,0.0,0.0,0.0,0.0,0.0,0.0,-855.5529973201917,0.0,0.0,48.58745359386688,0.0,50.20703538032911,0.0,0.0,0.0,0.0,0.0,0.0,0.0,821.9300181991907,-821.9300181991907,0.0,0.0,0.0,0.0,0.0,0.0,12.470779755759217,0.16195817864622292,0.0,0.0,0.0,0.0,0.0,0.0,0.0,0.0,0.0,1000.0,0.0,0.0,0.0,0.0,0.0,999.8380418213537,999.8380418213537,0.0,0.0,0.0,0.0,0.0,0.0,0.0,1000.0,0.0,0.0,0.0,1000.0,-103.84973294863835,0.0,0.0,0.0,0.0,0.0,0.0,0.0,0.0,0.0,-609.9711642345435,0.0,0.0,0.0,0.0,-1000.0,0.0,0.0,0.0,0.0,0.0,0.0,-837.2611844581368,223.3994035279269,-223.3994035279269,0.0,0.0,0.0,0.0,0.0,0.0,0.0,496.1373069051581,-1000.0,0.0,0.0,0.0,0.0,0.0,0.0,0.0,0.0,0.0,0.0,0.0,0.0,0.0,0.0,31.70527972450122,554.6811658799489,0.0,0.0,0.0,0.0,0.0,0.0,0.0,0.0,0.0,-14.26311693277708,-212.67438069989203,0.0,0.0,0.0,0.0,0.0,0.0,0.0,0.0,663.2455613610412,32.391635729244584,0.0,0.0,1000.0,1000.0,312.0678003814171,0.0,-554.6811658799489,0.0,0.0,0.0,0.0,0.0,0.0,0.0,-264.3913385571407,0.0,0.0,-1000.0,-526.8224958824595,0.0,0.0,-473.1775041175405,1000.0,446.7988070558538,0.0,-735.6242388879226,0.0,0.0,451.863318422962,0.0,0.0,0.0,-865.9691235466248,0.0,865.9691235466248,0.0,1000.0,0.0,0.0,-898.5600432602452,0.0,0.0,0.0,-14.26311693277708,-0.24293726796933438,0.0,0.0,0.0,0.0,0.16195817864622292,0.0,0.0,0.0,288.16698504509196,786.4427116730296,0.0,-803.1753780579148,-362.2682765666866,103.84973294863835,767.3079326118357,0.0,0.0,0.0,-254.7467943809077,0.0,0.0,0.0,875.1140484458978,124.88595155410223,-1000.0,-1000.0,-1000.0,0.0,0.0,0.0,0.0,0.0,0.0,0.0,0.0,0.0,0.0,0.0,0.0,0.0,0.0,0.0,0.0,0.0,-417.74527873777987,0.0,-1000.0,0.0,0.0,658.0305080086334,0.0,462.82729134887546,0.0,-675.7163411168003,0.0,0.0,0.0,0.0,0.0,0.0,474.3814369956547,0.0,0.0,-124.88595155410223,0.0,-8.097908932311146,0.0,-107.13533517447645,-474.3814369956547,-8.097908932311146,0.0,-4.048954466155573,0.0,-261.44857781449133,0.0,0.0,0.0,390.86449078511316,48.58745359386688,328.12500000001245,-328.12500000001245,0.0,91.66645206202543,0.0,0.0,0.0,0.0,0.0,0.0,-73.47603430667363,0.0,0.0,-0.32391635729244583,0.0,0.0,496.1373069051581,0.0,0.0,-28.52623386555416,0.0,0.0,281.2795209820313,0.0,0.0,0.0,0.0,-16.882173869365662,0.32391635729209156,0.0,0.0,0.0,0.0,0.0,0.0,0.0,0.0,0.0,0.0,0.0,0.0,0.0,0.0,0.0,0.0,0.0,0.0,0.0,0.17815399651054512,0.17815399651054512,0.0,9.493275055406002,0.0,97.17490718773377,0.0,0.0,0.0,1000.0,0.0,0.0,0.0,0.0,0.0,563.384720829642,-1000.0,0.0,0.0,0.0,0.0,0.0,281.2795209820313,0.0,0.0,0.0,0.0,0.0,0.0,0.0,285.1843324400639,-288.16698504509196,0.0,0.0,12.470779755759217,0.0,0.0,0.0,0.0,0.0,563.384720829642,0.0,-453.49745303972367,1000.0,0.0,0.0,0.0,0.0,0.0,0.0,0.0,0.0,0.0,0.0,0.0,0.0,0.0,0.0,0.0,0.0,97.17490718773377,0.0,0.0,0.0,0.0,0.0,0.0,0.0,0.0,0.0,0.0,0.0,0.0,1.6195817864622295,0.0,0.0,0.0,0.0,0.0,-837.2611844581368,0.0,0.0,48.58745359386688,0.0,0.0,0.0,0.0,0.0,0.0,0.0,0.0,0.0,0.0,13.972199988998568,0.0,0.0,48.58745359386688,48.58745359386688,-20.24477233077786,-1000.0,0.0,281.2795209820313,0.0,0.0,0.0,0.0,0.0,1000.0,496.1373069051581,770.2785088850604,0.16195817864622292,0.0,0.0,0.0,213.8889117850011,356.1867511206625,0.0,0.0,0.0,0.0,0.0,0.0,0.0,0.0,0.0,0.0,0.0,0.0,0.0,0.0,0.0,0.0,0.16195817864622292,0.0,0.0,0.0,-951.6547799643523,951.6547799643523,0.0,0.0,0.0,0.0,0.0,0.0,0.0,0.0,-599.940554370387,-12.146863398466719,-8.09790893231114,0.0,0.0,0.0,0.0,0.0,0.0,0.0,0.0,0.0,0.0,0.0,0.0,0.0,103.84973294863835,0.0,0.0,398.9623997174243,0.0,0.0,0.0,-0.16195817864622292,0.0,0.0,0.16195817864622292,0.0,0.16195817864622292,0.0,0.0,0.0,97.17490718773377,197.58897794839197,197.58897794839197,0.0,0.0,0.0,0.0,0.0,0.0,0.0,0.0,0.0,496.1373069051581,0.0,0.0,0.0,889.0586476273372,0.0,0.0,0.0,0.0,0.0,0.0,0.0,0.0,0.0,0.0,0.0,0.0,0.0,0.0,0.0,-184.40022168330074,184.40022168330074,0.24293726796933438,0.0,0.0,0.0,-48.58745359386688,0.0,0.0,0.0,0.0,0.0,-9.493275055406002,8.097908932311146,0.0,0.0,0.0,0.0,0.0,675.7163411168003,0.0,0.0,0.0,0.0,0.0,0.0,0.0,0.0,0.0,0.0,0.0,295.25172097102984,9.493275055406002,0.0,-1000.0,101.43995673975482,17.685833108166896,0.0,0.0,-17.685833108166896,0.0,-197.58897794839197,0.0,8.09790893231114,370.53334287359024,0.0,0.0,0.0,-28.52623386555416,0.0,0.0,0.0,0.0,0.0,0.0,0.0,0.0,0.0,585.6774374376099,0.0,197.58897794839197,0.0,0.0,0.0,0.0,0.0,0.0,0.0,0.0,0.0,663.2455613610412,0.0,0.0,45.933865250806214,-213.8889117850011,414.78088176750987,0.0,48.58745359386688,0.0,0.0,0.0,0.0,306.758497367094,0.0,0.0,0.17815399651054512,0.0,0.0,0.0,98.79448897419599,0.0,0.0,0.0,0.0,31.70527972450122,0.0,0.0,0.0,0.0,0.0,0.0,0.0,0.0,0.0,0.0,0.01619581786462229,0.01619581786462229,0.0,0.0,0.0,0.0,0.0,0.0,0.0,0.0,0.0,0.0,0.0,0.0,0.0,0.0,0.0,9.493275055406002,0.0,0.0,0.0,0.0,0.0,0.0,0.0,0.0,0.0,0.0,0.0,0.0,0.0,0.0,-870.3552455623592,0.0,0.0,0.0,97.17490718773377,0.0,0.0,0.0,0.0,0.0,475.67082345546737,-572.8457306432011,0.0,0.0,0.0,0.0,0.0,0.0,0.0,0.0,0.0,0.0,0.0,0.0,-770.2785088850604,-1000.0,1000.0,-48.58745359386688,0.0,0.0,581.6068885476354,0.0,0.0,0.0,0.0,0.0,0.0,0.0,0.0,0.0,960.9375,0.0,-960.9375,-960.9375,0.0,0.0,0.0,0.0,-20.24477233077786,0.0,-12.146863398466719,876.9117842288705,0.0,0.0,0.0,0.0,0.0,-2.0244772330777865,0.0,28.52623386555416,0.0,0.0,0.0,0.0,0.0,0.0,0.0,1000.0,48.58745359386688,48.58745359386688,0.0,0.0,0.0,0.0,0.0,0.17815399651054512,9.493275055406002,0.0,0.0,-581.6068885476354,0.0,0.0,0.0,0.0,0.0,0.0,0.0,0.0,0.0,0.0,0.0,0.0,0.0,0.0,92.20011084165037,0.0,0.0,0.0,0.0,170.0560875785341,0.0,0.0,12.470779755759217,0.0,0.0,0.0,9.493275055406002,0.0,-25.78374204047804,0.0,0.0,0.0,-20.24477233077786,0.0,0.0,0.0,0.0,0.0,0.0,0.0,0.0,0.0,0.0,0.0,0.0,0.0,0.0,0.0,0.0,0.0,0.0,-0.16195817864622292,0.0,0.0,8.097908932311146,-563.384720829642,0.0,0.0,0.0,0.0,0.0,0.0,0.0,0.0,-875.1140484458978,4.048954466155573,0.0,0.0,0.0,0.16195817864622292,0.0,161.9581786462229,-50.20703538032911,32.39163572924459,1.1568441331873065,451.863318422962,-0.12146863398466719,8.097908932311146,3.2391635729244586,-0.809790893230911,-451.863318422962,48.58745359386688,-0.16195817864622292,84.91559812696923,281.2795209820313,0.04048954466155573,1.1568441331873065,-254.7467943809077,-25.78374204047804,-3.2391635729244586,83.91253388932955,-0.16195817864622292,0.04048954466155573,-451.863318422962,16.195817864622292,0.16195817864622292,0.16195817864622292,-9.153162880249234,0.1781539965108452,0.0,-0.12146863398466719,48.58745359386688,0.16195817864622292,48.58745359386688,-80.97908932311147,-0.08097908932311146,-490.5064112381846,-16.357776043268515,-0.12146863398466719,-0.16195817864622292,-50.20703538032911,0.16195817864622292,16.195817864622313,-3.2391635729244586,0.0,0.0,-16.195817864622292,-83.91253388932955,0.0,32.391635729244584,0.24293726796933438,-1000.0,16.195817864622292,-285.1843324400639,281.2795209820313,-32.391635729244584,0.08097908932311147,1.6195817864622295,200.7938445144787,41.884910784650586,-0.16195817864622292,-45.933865250806214,9.153162880249234,50.20703538032911,0.16195817864622292,25.78374204047804,86.92970660656374,281.2795209820313,-0.16195817864622292,-0.04048954466155573,-281.2795209820313,-0.16195817864622292,-16.882173869365662,0.16195817864627315,-0.040489544661555736,-0.040489544661555736,-0.040489544661555736,64.78327145848917,80.97908932311147,1.6195817864622295,123.93357822378852,-0.04048954466155573,316.6720909019882,8.097908932311146,16.53899586699398,0.16195817864622292,0.08097908932311146,0.08097908932311146,156.83557835563792,50.20703538032911,0.16195817864622292,-50.20703538032911,1.6195817864622295,0.16195817864622292,-131.81920346232735,0.16195817864622292,0.6478327145845892,0.809790893230911,0.08097908932311146,0.04048954466155573,48.58745359386688,-0.16195817864622292,0.0,1.6195817864622293,-247.86715644757703,4.048954466155575,-16.195817864622313,32.391635729244584,8.097908932311146,-0.16195817864622292,254.7467943809077,0.24293726796933438,-0.16195817864622292,-313.67115671127584,50.20703538032911,-79.15542699028181,0.08097908932311146,-33.07799173398796,-0.16195817864622292,-0.16195817864627315,-0.16195817864622292,0.08097908932311146,451.863318422962,-32.391635729244584,0.16195817864622292,401.5876890289574,-0.040489544661555736,-0.1781539965108452,-401.5876890289574,24.293726796933434,16.357776043268515,15.085952846258998,451.863318422962,-0.12146863398466719,45.933865250806214,-41.884910784650586,0.16195817864622292,-0.04048954466155573,8.09790893231114,161.9581786462229,-0.08097908932311146,-0.16195817864622292,0.04048954466155573,787.9674901398562,0.0,331.43436302134455,7.885625238538836,-1000.0,0.0,240.26588745596848,-750.9374850214386,0.0,-743.761351647878,-152.02201022435122,967.6083642707554,-668.4846578893323,371.880675823939,500.0,76.01100511217561,0.0,375.4687425107193,-9.493275055406002,-227.60307037681218,668.4846578893323,-967.6083642707554,-227.60307037681218,-240.26588745596848,68.57018149239121,0.0,1496.5981,bhi
355,0.0,0.0,0.0,0.0,0.0,0.0,0.0,0.0,-0.14774112237255768,0.0,0.0,0.0,0.0,0.0,0.0,0.0,0.0,525.9816707856145,0.0,0.0,0.0,0.0,0.0,667.5082782691713,0.0,0.0,0.0,0.0,0.0,801.0117087707994,0.0,0.0,720.5199214789526,0.0,0.0,0.0,0.0,316.00329048271914,0.0,-1000.0,434.3129817269179,0.0,0.0,-551.0337799530505,0.0,0.0,0.0,0.0,0.0,0.0,0.0,0.0,0.0,0.16251523460995956,0.0,0.0,0.0,0.0,0.0,0.0,-13.011068176943411,0.0,1000.0,986.9889318230566,0.0,0.0,0.0,0.0,149.5201500990341,-105.17402979202447,0.0,1.477411223725577,0.0,0.0,0.0,0.0,0.0,0.0,0.0,78.14295030159936,0.0,0.0,0.0,0.0,88.64467342353461,0.0,0.0,262.99083539280724,14.947784071700113,248.04305132110713,0.0,0.0,0.0,606.7535053299956,44.322336711767306,0.0,565.6870182730821,-4.757264140396842,337.1204215738366,0.0,0.0,465.63924937181145,330.92380186745703,0.0,0.0,0.0,0.0,0.0,0.0,0.0,0.0,0.0,0.0,0.0,0.0,0.0,0.0,0.0,0.0,0.0,0.0,0.0,0.0,0.0,-396.29757336188845,0.0,0.0,565.6870182730821,0.0,45.79974793549289,0.0,0.0,0.0,0.0,0.0,0.0,0.0,1000.0,-1000.0,0.0,0.0,0.0,0.0,0.0,0.0,11.376066422686934,0.14774112237255768,0.03693528059313942,0.0,0.0,0.0,-396.59211395740215,0.0,0.0,0.0,0.0,966.8121775218287,0.0,0.0,0.0,0.0,0.0,999.8522588776275,999.8522588776275,0.0,0.0,0.0,0.0,0.0,0.0,0.0,1000.0,0.0,0.0,0.0,1000.0,0.0,0.0,0.0,0.0,0.0,0.0,0.0,0.0,0.0,0.0,0.0,0.0,0.0,0.0,0.0,-1000.0,0.0,0.0,0.0,0.0,0.0,0.0,0.0,-262.99083539280724,262.99083539280724,0.0,0.0,0.0,0.0,0.0,0.0,0.0,470.08790690334234,-26.779560465527766,0.0,0.0,0.0,0.0,0.0,0.0,0.0,0.0,0.0,0.0,0.0,0.0,0.0,1.9800568711797268,-22.946755532259942,-801.0117087707994,0.0,0.0,0.0,0.0,0.0,0.0,0.0,0.0,0.0,-13.011068176943411,-249.97792881774888,0.0,0.0,0.0,0.0,0.0,0.0,0.0,0.0,0.0,29.548224474511535,521.3646815613148,0.0,-345.8734243372723,-67.93480487276474,0.0,0.0,801.0117087707994,0.0,0.0,0.0,0.0,0.0,0.0,0.0,-249.93379623478563,0.0,0.0,-698.1551608844231,0.0,0.0,-698.1551608844231,0.0,0.0,-248.04305132110713,0.0,0.0,0.0,0.0,412.19773141943597,0.0,0.0,0.0,0.0,0.0,0.0,0.0,999.7045177552549,0.0,0.0,72.21274344617343,0.0,0.0,0.0,-13.011068176943411,-0.2216116835588365,0.0,0.0,0.0,0.0,0.14774112237255768,0.0,0.0,0.0,434.3129817269179,0.0,0.0,0.0,-390.3266065104523,0.0,1000.0,0.0,0.0,0.0,0.0,0.0,0.0,0.0,0.0,0.0,0.0,-1000.0,781.6926533611002,0.0,0.0,0.0,0.0,0.0,0.0,0.0,0.0,0.0,0.0,0.0,0.0,0.0,0.0,0.0,0.0,0.0,1000.0,0.0,683.4057450277905,0.0,0.0,0.0,0.0,0.0,0.0,-11.376066422686934,0.0,337.1204215738366,0.0,0.0,458.2521932531836,0.0,0.0,-52.18380538498579,0.0,-149.5201500990341,-671.2823955918285,-7.387056118627884,-211.6539319109263,0.0,0.0,-184.3293473602339,309.598438999462,-3.693528059313942,0.0,0.0,0.0,241.65212003102457,0.0,750.9608238503475,565.6870182730821,0.0,0.0,0.0,175.0225529280856,0.0,0.0,0.0,-1.9800568711797268,1.9800568711797268,1.9800568711797268,-910.316586644294,0.0,0.0,0.0,0.0,0.0,470.08790690334234,0.0,0.0,-26.022136353886822,0.0,0.0,0.0,0.0,0.0,0.0,0.0,-985.2258877627443,0.295482244745214,0.0,0.0,0.0,0.0,0.0,0.0,0.0,0.0,0.0,44.34612030700964,0.0,0.0,0.0,0.0,0.0,0.0,0.0,0.0,0.0,0.16251523460995956,0.16251523460995956,0.0,0.0,0.0,88.64467342353461,0.0,353.0303686641027,0.0,1000.0,0.0,0.0,0.0,0.0,0.0,677.0478973669974,-1000.0,0.0,0.0,0.0,0.0,0.0,0.0,0.0,0.0,0.0,0.0,0.0,0.0,0.0,132.09919112062948,-434.3129817269179,396.59211395740215,0.0,11.376066422686934,0.0,606.7535053299956,0.0,0.0,0.0,677.0478973669974,0.0,-308.17799039574686,0.0,0.0,0.0,1.9800568711797268,0.0,0.0,0.0,0.0,0.0,0.0,0.0,0.0,0.0,0.0,0.0,0.0,0.0,88.64467342353461,0.0,0.0,0.0,0.0,0.0,0.0,0.0,0.0,0.0,0.0,0.0,0.0,1.477411223725577,0.0,0.0,0.0,0.0,0.0,0.0,0.0,0.0,565.6870182730821,0.0,0.0,0.0,0.0,0.0,0.0,0.0,0.0,0.0,0.0,724.8466078619612,0.0,0.0,44.322336711767306,44.322336711767306,0.0,-1000.0,0.0,0.0,0.0,0.0,0.0,0.0,0.0,1000.0,470.08790690334234,781.6926533611002,0.14774112237255768,0.0,0.0,-449.2129979113822,644.3262558789693,705.7458092416969,0.0,-606.7535053299956,0.0,0.0,0.0,0.0,0.0,0.0,0.0,0.0,0.0,0.0,0.0,0.0,0.0,0.0,0.14774112237255768,0.0,0.0,0.0,0.0,0.0,0.0,0.0,0.0,0.0,-23.52038668171166,349.2647418328613,0.0,0.0,-316.59425497220946,-11.08058417794183,-7.387056118627884,0.0,0.0,0.0,0.0,0.0,0.0,0.0,0.0,0.0,0.0,0.0,0.0,0.0,0.0,0.0,0.0,1000.0,0.0,0.0,0.0,-0.14774112237255768,0.0,0.0,0.14774112237255768,0.0,0.14774112237255768,0.0,0.0,0.0,88.64467342353461,180.2441692945204,180.2441692945204,0.0,0.0,0.0,0.0,0.0,0.0,0.0,396.59211395740215,0.0,470.08790690334234,0.0,0.0,12.72051063627736,0.0,0.0,0.0,0.0,0.0,0.0,0.0,0.0,0.0,0.0,0.0,0.0,0.0,0.0,0.0,0.0,-792.5951467237769,792.5951467237769,0.2216116835588365,0.0,0.0,0.0,-565.6870182730821,0.0,0.0,0.0,0.0,0.0,0.0,7.387056118627884,0.0,0.0,0.0,0.0,0.0,-12.144320259024726,0.0,0.0,0.0,0.0,0.0,0.0,0.0,0.0,0.0,0.0,0.0,724.8466078619612,-1.9800568711797268,0.0,-8.311920168958054,705.7458092416969,0.0,0.0,337.1204215738366,-337.1204215738366,0.0,-180.2441692945204,353.0303686641027,7.387056118627884,1000.0,0.0,574.2106462131826,0.0,-26.022136353886822,0.0,0.0,-453.12500000038034,453.12500000038034,0.0,0.0,0.0,0.0,0.0,-22.161168355883493,0.0,180.2441692945204,0.0,0.0,0.0,0.0,0.0,0.0,0.0,0.0,0.0,0.0,0.0,0.0,33.24175253382532,-239.45937827459673,0.0,0.0,44.322336711767306,0.0,0.0,0.0,0.0,-388.9201098867394,0.0,0.0,0.16251523460995956,0.0,0.0,0.0,90.1220846472602,0.0,0.0,0.0,0.0,-22.946755532259942,0.0,0.0,0.0,0.0,0.0,0.0,0.0,0.0,0.0,0.0,0.01477411223725619,0.01477411223725619,0.0,0.0,0.0,0.0,0.0,0.0,0.0,0.0,0.0,-449.2129979113822,0.0,0.0,0.0,0.0,0.0,0.0,0.0,0.0,0.0,0.0,0.0,0.0,0.0,0.0,0.0,0.0,0.0,0.0,0.0,0.0,525.9816707856145,0.0,0.0,0.0,88.64467342353461,0.0,0.0,0.0,0.0,0.0,0.0,-88.64467342353461,0.0,0.0,0.0,0.0,0.0,0.0,0.0,0.0,0.0,0.0,0.0,0.0,1000.0,330.92380186745703,113.92317946147938,-565.6870182730821,0.0,0.0,316.00329048271914,0.0,0.0,0.0,0.0,0.0,0.0,0.0,0.0,0.0,0.0,0.0,0.0,0.0,0.0,0.0,0.0,353.0303686641027,-18.467640296569712,0.0,-469.3327774311254,1.6399264583355704,0.0,0.0,0.0,0.0,0.0,-1.8467640296569712,0.0,26.022136353886822,0.0,0.0,0.0,0.0,0.0,0.0,0.0,1000.0,44.322336711767306,44.322336711767306,0.0,0.0,0.0,0.0,78.14295030159936,0.16251523460995956,0.0,0.0,0.0,-316.00329048271914,0.0,0.0,0.0,0.0,0.0,0.0,0.0,0.0,0.0,0.0,0.0,0.0,0.0,0.0,396.29757336188845,0.0,0.0,0.0,0.0,155.12817849118557,11.376066422686934,0.0,0.0,0.0,0.0,0.0,0.0,0.0,0.0,0.0,0.0,0.0,-18.467640296569712,0.0,0.0,0.0,0.0,0.0,0.0,0.0,0.0,0.0,0.0,0.0,0.0,0.0,0.0,0.0,0.0,0.0,0.0,-0.14774112237255768,0.0,0.0,7.387056118627884,-677.0478973669974,0.0,0.0,0.0,0.0,0.0,0.0,0.0,0.0,0.0,3.693528059313942,0.0,0.0,0.0,0.14774112237255768,0.0,147.74112237255767,-45.79974793549289,29.54822447451154,1.0552937312325548,412.19773141943597,-0.11080584177941825,236.51315274521968,2.9548224474511535,-0.7387056118628834,-412.19773141943597,44.322336711767306,-0.14774112237255768,0.0,0.0,0.03693528059313942,1.0552937312325548,0.0,-23.52038668171166,-2.9548224474511535,-525.9816707856145,-0.14774112237255768,0.03693528059313942,-412.19773141943597,14.774112237255768,0.14774112237255768,0.14774112237255768,0.31025635698251725,0.16251523460981387,-1000.0,-0.11080584177941825,44.322336711767306,0.14774112237255768,565.6870182730821,447.49412037503595,-0.07387056118627884,33.187822478171256,-14.921853359628326,-0.11080584177941825,-0.14774112237255768,-45.79974793549289,0.14774112237255768,14.774112237255768,-2.9548224474511535,0.0,0.0,-14.774112237255768,525.9816707856145,0.0,29.548224474511535,0.2216116835588365,-646.7381482244346,14.774112237255768,-132.09919112062948,0.0,-29.548224474511535,0.07387056118627884,1.477411223725577,0.0,27.56816760333181,-0.14774112237255768,-33.24175253382532,-0.31025635698251725,45.79974793549289,0.14774112237255768,23.52038668171166,-698.6540284083842,0.0,-0.14774112237255768,-0.03693528059313942,0.0,-0.14774112237255768,-985.2258877627443,0.14774112237255768,-0.03693528059313942,-0.03693528059313942,-0.03693528059313942,59.09644894902307,-447.49412037503595,1.477411223725577,406.3051360251795,-0.03693528059313942,0.0,7.387056118627884,500.0,0.14774112237255768,0.07387056118627884,0.07387056118627884,14.774112237255768,45.79974793549289,0.14774112237255768,-45.79974793549289,1.477411223725577,0.14774112237255768,-1000.0,0.14774112237255768,0.5909644894903296,0.7387056118628834,0.07387056118627884,0.03693528059313942,44.322336711767306,-0.14774112237255768,1000.0,1.4774112237255768,-812.610272050359,232.81962468590575,-14.774112237255768,29.548224474511535,7.387056118627884,-0.14774112237255768,0.0,0.2216116835588365,-0.14774112237255768,-29.548224474511535,45.79974793549289,859.811194236439,0.07387056118627884,-1000.0,-0.14774112237255768,-0.14774112237255768,-0.14774112237255768,0.07387056118627884,412.19773141943597,-29.548224474511535,0.14774112237255768,0.0,-0.03693528059313942,-0.16251523460981387,0.0,22.16116835588365,14.921853359628326,-14.865226652161482,412.19773141943597,-0.11080584177941825,33.24175253382532,-27.56816760333181,0.14774112237255768,-0.03693528059313943,7.387056118627884,147.74112237255767,-0.07387056118627884,-0.14774112237255768,0.03693528059313942,89.24954512217893,0.0,646.6642776632483,593.6948639748205,-1000.0,0.0,963.8503065832367,-18.039191041689378,0.0,-557.9978658996839,0.0,375.3558096518487,0.0,278.99893294984196,500.0,0.0,0.0,9.019595520844689,0.0,-470.89108434969944,0.0,-375.3558096518487,-470.89108434969944,-963.8503065832367,823.8651113771825,0.0,1496.5981,bhi
356,0.0,0.0,0.0,0.0,0.0,0.0,0.0,0.0,-0.19940665106315741,0.0,0.0,0.0,0.0,0.0,0.0,0.0,-209.6925880303588,0.0,0.0,559.6587953715538,0.0,0.0,0.0,1000.0,0.0,485.93463939423214,0.0,0.0,0.0,0.0,0.0,0.0,0.0,0.0,0.0,0.0,0.0,999.2023733957477,0.0,-1000.0,-329.843813755926,0.0,0.0,-43.794509146855034,0.0,0.0,0.0,0.0,-136.09803510186657,-327.6394147427559,0.0,0.0,0.0,0.21934731617011494,0.0,0.0,0.0,0.0,0.0,0.0,9.090876847508605,0.0,0.0,-70.86499090590868,0.0,0.0,0.0,0.0,0.0,485.93463939423214,0.0,1.9940665106315745,0.0,0.0,0.0,0.0,0.0,0.0,0.0,0.0,0.0,0.0,-60.151960006459575,0.0,119.64399063789446,0.0,0.0,0.0,695.7568304734203,0.0,-0.049851662765789354,0.0,0.0,59.23479429740627,59.82199531894723,0.0,414.3620350741892,-944.0848297357903,0.0,0.0,0.0,9.97033255315787,0.0,0.0,0.0,0.0,0.0,688.7762004031342,0.0,0.0,0.0,0.0,0.0,0.0,0.0,0.0,0.0,0.0,0.0,0.0,0.0,0.0,0.0,0.0,-701.0831390379307,0.0,0.0,414.3620350741892,0.0,61.81606182957881,19.989583091231793,0.0,0.0,0.0,0.0,0.0,-1000.0,587.4043413639101,-587.4043413639101,920.0441322465826,0.0,0.0,0.0,0.0,0.0,75.50627213832271,0.19940665106315741,0.0,0.0,0.0,0.0,0.0,0.0,0.0,0.0,0.0,1000.0,0.0,0.0,0.0,0.0,0.0,999.8005933489368,999.8005933489368,0.0,0.0,0.0,0.0,-1000.0,0.0,0.0,1000.0,0.0,0.0,0.0,-439.31062412872166,-1000.0,0.0,0.0,0.0,0.0,0.0,0.0,0.0,0.0,0.0,-116.69225106729432,0.0,0.0,0.0,0.0,-1000.0,0.0,0.0,0.0,0.0,0.0,327.6394147427559,0.0,-695.7568304734203,695.7568304734203,0.0,0.0,0.0,0.0,0.0,0.0,0.0,0.0,463.1357778315952,0.0,0.0,0.0,0.0,0.0,0.0,0.0,0.0,0.0,0.0,0.0,0.0,0.0,0.0,-565.6972998194951,345.7906231322254,0.0,0.0,0.0,79.9558677534173,107.57424982184926,0.0,0.0,0.0,0.0,9.090876847508605,389.5851322790804,0.0,0.0,0.0,0.0,0.0,0.0,0.0,0.0,0.0,39.88133021263148,354.54003975524193,0.0,-391.5136609468407,1000.0,-831.8548655752869,0.0,-345.7906231322254,0.0,0.0,79.9558677534173,528.3869932966888,0.0,0.0,0.0,117.07088447058936,0.0,0.0,680.7448704796021,1000.0,791.9022310959382,205.53691183478395,-524.7920413551818,316.69427245112,0.0,0.0,0.0,327.6394147427559,0.0,488.7494728268236,0.0,0.0,0.0,-463.7425409955216,0.0,463.7425409955216,0.0,999.6011866978737,0.0,79.9558677534173,-477.67163816780925,0.0,0.0,0.0,9.090876847508605,-0.2991099765947361,0.0,0.0,0.0,0.0,0.19940665106315741,0.0,0.0,0.0,478.0637151039616,-209.6925880303588,0.0,0.0,-121.93437583321611,1000.0,84.51822131826339,0.0,-396.29000324752604,0.0,0.0,0.0,0.0,0.0,846.2375313651987,0.0,-449.9475281176727,-129.7109841700998,-1000.0,0.0,0.0,0.0,0.0,0.0,0.0,0.0,0.0,0.0,0.0,0.0,0.0,0.0,0.0,0.0,0.0,0.0,0.0,0.0,-1000.0,0.0,0.0,937.6639355715508,0.0,0.0,942.6333046324821,-75.50627213832271,0.0,60.151960006459575,0.0,0.0,0.0,0.0,-367.4297403408349,253.30671579403756,0.0,0.0,366.3292734718167,-9.97033255315787,-1000.0,318.04002843939406,367.4297403408349,-263.27704834719543,1000.0,-4.985166276578935,0.0,-1000.0,0.0,1000.0,1000.0,-803.5914193036548,414.3620350741892,0.0,0.0,0.0,287.60028922188513,0.0,0.0,0.0,0.0,0.0,0.0,-847.9552198562471,0.0,0.0,0.0,0.0,0.0,0.0,0.0,0.0,-61.77411405840009,0.0,15.625000000019096,0.0,0.0,0.0,0.0,0.0,-980.0593348936843,0.39881330212620014,0.0,0.0,0.0,0.0,0.0,0.0,0.0,0.0,0.0,0.0,0.0,0.0,0.0,0.0,0.0,0.0,0.0,0.0,0.0,0.21934731617011494,0.21934731617011494,0.0,0.0,0.0,119.64399063789446,0.0,0.0,0.0,1000.0,0.0,0.0,0.0,0.0,0.0,1000.0,-1000.0,0.0,0.0,0.0,0.0,0.0,0.0,0.0,0.0,0.0,0.0,0.0,0.0,0.0,233.69437967931023,-478.0637151039616,0.0,0.0,15.35431213186314,0.0,0.0,59.23479429740627,-48.339455524443,0.0,1000.0,0.0,19.94066510631574,0.0,0.0,0.0,0.0,0.0,0.0,0.0,0.0,0.0,0.0,0.0,0.0,0.0,0.0,0.0,0.0,0.0,119.64399063789446,79.9558677534173,79.9558677534173,0.0,0.0,0.0,0.0,0.0,0.0,0.0,0.0,0.0,0.0,1.9940665106315745,0.0,0.0,0.0,0.0,0.0,0.0,0.0,0.0,414.3620350741892,0.0,0.0,0.0,0.0,0.0,0.0,0.0,0.0,0.0,0.0,899.8316015146281,759.0838827380255,0.0,59.82199531894723,59.82199531894723,8.388222120128413,-1000.0,0.0,0.0,0.0,0.0,0.0,0.0,0.0,-870.2890158299002,0.0,-657.2279024194443,0.19940665106315741,0.0,0.0,183.38663702840984,0.0,10.853128476152555,0.0,-59.23479429740627,0.0,0.0,0.0,0.0,0.0,0.0,0.0,0.0,0.0,0.0,0.0,0.0,0.0,0.0,0.19940665106315741,0.0,0.0,0.0,0.0,0.0,0.0,0.0,0.0,0.0,-77.69037656031227,1000.0,0.0,0.0,-1000.0,-14.955498829736804,0.0,-9.97033255315787,0.0,0.0,0.0,0.0,0.0,0.0,0.0,0.0,0.0,0.0,0.0,79.9558677534173,1000.0,0.0,0.0,206.37891324950306,0.0,0.0,0.0,-0.19940665106315741,0.0,0.0,0.19940665106315741,0.0,0.19940665106315741,0.0,485.93463939423214,0.0,119.64399063789446,243.27611429705206,243.27611429705206,0.0,0.0,0.0,0.0,0.0,0.0,60.151960006459575,0.0,0.0,0.0,0.0,0.0,0.0,863.4064440217372,0.0,0.0,0.0,0.0,0.0,0.0,0.0,0.0,0.0,0.0,0.0,0.0,0.0,107.57424982184926,0.0,0.0,0.0,0.2991099765947361,0.0,0.0,0.0,-414.3620350741892,0.0,0.0,0.0,0.0,0.0,0.0,9.97033255315787,0.0,0.0,0.0,0.0,1000.0,-2.1841044219895593,-9.97033255315787,0.0,15.625000000019096,0.0,0.0,0.0,0.0,0.0,79.9558677534173,0.0,0.0,631.2971021842219,0.0,0.0,496.4498313346183,10.853128476152555,0.0,0.0,60.151960006459575,-60.151960006459575,0.0,285.1108789996367,0.0,9.97033255315787,185.0069437954735,0.0,0.0,0.0,-61.77411405840009,-1000.0,1000.0,0.0,0.0,0.0,0.0,0.0,0.0,0.0,86.78125340782088,0.0,243.27611429705206,0.0,0.0,0.0,0.0,0.0,0.0,0.0,0.0,0.0,0.0,0.0,0.0,44.86649648921025,-183.38663702840984,0.0,0.0,59.82199531894723,0.0,0.0,0.0,0.0,-333.76952328050925,0.0,0.0,0.21934731617011494,0.0,0.0,0.0,121.63805714852603,0.0,0.0,0.0,0.0,-565.6972998194951,0.0,0.0,0.0,0.0,0.0,0.0,0.0,0.0,-1000.0,0.0,581.2893103107286,0.01994066510631631,0.0,0.0,0.0,0.0,0.0,0.0,0.0,0.0,0.0,183.38663702840984,0.0,0.0,0.0,0.0,0.0,0.0,0.0,0.0,0.0,0.0,0.0,0.0,0.0,327.6394147427559,0.0,0.0,0.0,0.0,4.175584208969553,0.0,0.0,0.0,0.0,0.0,119.64399063789446,0.0,0.0,0.0,0.0,0.0,-119.64399063789446,0.0,0.0,0.0,0.0,0.0,0.0,0.0,0.0,0.0,0.0,0.0,0.0,0.0,657.2279024194443,-1000.0,1000.0,0.0,-414.3620350741892,0.0,999.2023733957477,0.0,0.0,0.0,0.0,0.0,0.0,0.0,0.0,0.0,0.0,0.0,0.0,0.0,0.0,0.0,0.0,0.0,-24.925831382894675,79.9558677534173,-14.955498829736804,848.4509451920005,0.0,0.0,0.0,0.0,0.0,0.0,-2.492583138289468,61.77411405840009,0.0,0.0,0.0,0.0,0.0,0.0,0.0,1000.0,59.82199531894723,59.82199531894723,0.0,0.0,0.0,0.0,0.0,0.21934731617011494,0.0,0.0,0.0,-999.2023733957477,581.2693696456223,0.0,0.0,0.0,0.0,0.0,0.0,0.0,0.0,0.0,0.0,0.0,0.0,0.0,0.0,0.0,0.0,19.989583091231793,0.0,209.3769836163153,75.50627213832271,0.0,0.0,0.0,0.0,0.0,0.0,0.0,-4.236789742249897,0.0,0.0,0.0,-24.925831382894675,0.0,0.0,0.0,0.0,0.0,0.0,0.0,0.0,0.0,0.0,0.0,0.0,0.0,0.0,0.0,0.0,0.0,0.0,-0.19940665106315741,0.0,0.0,9.97033255315787,-1000.0,0.0,0.0,0.0,0.0,79.9558677534173,0.0,0.0,0.0,-846.2375313651987,4.985166276578935,0.0,0.0,485.93463939423214,0.19940665106315741,0.0,199.4066510631574,-41.82647873834702,39.88133021263148,1.4243332218796958,596.3237226486729,-0.14955498829736805,9.970332553157853,3.9881330212631485,-0.997033255315444,-596.3237226486729,59.82199531894722,-0.19940665106315741,0.0,0.0,0.049851662765789354,1.4243332218796958,0.0,-31.745538849260466,-3.9881330212631485,-349.96620734119495,-0.19940665106315741,0.049851662765789354,-596.3237226486729,19.94066510631574,0.19940665106315741,0.19940665106315741,0.41875396723327235,0.21934731616949016,-969.2062064175317,-0.14955498829736805,59.82199531894723,0.19940665106315741,414.3620350741892,254.8367142236632,-0.09970332553157871,-30.793793582468297,-127.71432157922817,-0.14955498829736805,-0.19940665106315741,-41.82647873834702,0.19940665106315741,19.94066510631574,-3.9881330212631485,107.57424982184926,107.57424982184926,-19.94066510631574,349.96620734119495,-107.57424982184926,39.88133021263148,0.2991099765947361,-1000.0,19.94066510631574,-233.69437967931023,0.0,-39.88133021263148,0.09970332553157871,1.9940665106315745,0.0,39.88133021263148,-0.19940665106315741,-44.86649648921025,-0.41875396723327235,61.81606182957881,0.19940665106315741,31.745538849260466,-593.8280210310311,0.0,-0.19940665106315741,-0.049851662765789354,0.0,-0.19940665106315741,-980.0593348936843,0.19940665106315741,-0.049851662765789354,-0.049851662765789354,-0.049851662765789354,79.76266042526296,-254.8367142236632,1.9940665106315745,238.49638407636638,-0.049851662765789354,0.0,9.97033255315787,500.0,0.19940665106315741,0.09970332553157871,0.09970332553157871,-20.037268770392906,41.82647873834702,0.19940665106315741,-41.82647873834702,1.9940665106315745,0.1994066510631576,-420.0183470162535,0.19940665106315741,0.7976266042522866,0.997033255315444,0.09970332553157871,0.049851662765789354,59.82199531894723,-0.19940665106315741,969.2062064175317,1.9940665106315743,-476.99276815273276,4.985166276578951,-19.94066510631574,39.88133021263148,9.97033255315787,-0.19940665106315741,0.0,0.2991099765947361,-0.1994066510631576,40.07453754078581,41.82647873834702,781.1696622562666,0.09970332553157871,-1000.0,-0.19940665106315741,-0.19940665106315741,-0.19940665106315741,0.09970332553157871,596.3237226486729,-39.88133021263148,0.19940665106315741,0.0,-0.049851662765789354,-0.21934731616949016,0.0,29.910997659473608,127.71432157922817,130.41898145315088,596.3237226486729,-0.14955498829736805,44.86649648921025,-39.88133021263148,0.19940665106315741,-0.04985166276578937,9.97033255315787,199.4066510631574,-0.09970332553157871,-0.19940665106315741,0.049851662765789354,0.0,0.0,999.9002966744684,181.5219629398871,-1000.0,0.0,1000.0,6.4462414876561525,0.0,-269.65174955210745,509.620471945578,-536.3311615472497,0.0,134.82587477605372,500.0,-254.810235972789,0.0,-3.223120743828067,0.0,-447.4001389757574,0.0,536.3311615472497,-447.4001389757574,-1000.0,786.9436779623577,0.0,1496.5981,bhi
357,0.0,0.0,0.0,0.0,0.0,0.0,0.0,0.0,-0.13241894307680022,0.0,0.0,0.0,0.0,0.0,0.0,0.0,0.0,0.0,0.0,428.1147030009932,0.0,0.0,0.0,431.8077152836861,0.0,0.0,0.0,0.0,0.0,61.413017448361174,0.0,0.0,954.339901610918,0.0,0.0,0.0,0.0,97.52829333004932,0.0,-1000.0,960.27431707696,0.0,-641.1720276344042,0.0,0.0,0.0,285.5188241715086,0.0,-968.8780900371316,-294.90918714158107,0.0,0.0,0.0,0.145660837384483,0.0,0.0,0.0,26.483788615360044,0.0,0.0,204.94712285563702,0.0,444.8793304721668,0.0,0.0,0.0,0.0,0.0,375.5309157686917,0.0,0.0,1.3241894307680022,0.0,0.0,0.0,0.0,0.0,0.0,0.0,0.0,0.0,0.0,0.0,0.0,79.45136584608014,0.0,0.0,862.349427720426,534.4447369030835,0.19862841461520034,-0.033104735769200054,0.0,0.0,0.0,39.72568292304007,0.0,39.72568292304007,-4.263889967074647,0.0,0.0,0.0,6.620947153840011,-89.55336015604435,0.0,0.0,-365.35042814710044,0.0,0.0,0.0,0.0,0.0,0.0,0.0,0.0,0.0,0.0,0.0,0.0,0.0,0.0,0.0,0.0,0.0,0.0,-1000.0,0.0,0.0,39.72568292304007,0.0,41.04987235380806,28.654450845323225,0.0,0.0,0.0,0.0,0.0,-1000.0,0.0,0.0,350.17354667219615,0.0,0.0,0.0,0.0,0.0,10.196258616913617,0.13241894307680022,0.0,0.0,0.0,-193.0158635710937,0.0,0.0,0.0,0.0,0.0,880.637207065064,0.0,0.0,0.0,0.0,0.0,714.6135947715682,714.6135947715682,0.0,0.0,0.0,-578.125,242.76090226070784,0.0,0.0,714.746013714645,0.0,0.0,0.0,-117.35369044737003,-188.8370469164422,0.0,0.0,0.0,0.0,0.0,0.0,0.0,0.0,0.0,-333.06419203642804,0.0,0.0,0.0,0.0,-453.11223203309305,0.0,0.0,0.0,0.0,0.0,294.90918714158107,641.1720276344042,-534.6433653176987,534.6433653176987,649.8264533278038,0.0,0.0,0.0,0.0,0.0,0.0,150.96637760440552,-1000.0,0.0,0.0,0.0,0.0,0.0,0.0,0.0,0.0,0.0,0.0,0.0,0.0,0.0,0.0,133.7638034108352,266.29304495436605,0.0,0.0,0.0,0.0,-233.6067846320728,0.0,0.0,0.0,0.0,204.94712285563702,266.29304495436605,0.0,0.0,0.0,0.0,0.0,0.0,0.0,0.0,0.0,0.0,0.0,0.0,0.0,427.91607458637804,0.0,0.0,-266.29304495436605,0.0,0.0,649.8264533278038,-445.3144474775197,0.0,0.0,0.0,-157.98303548710408,0.0,0.0,-1000.0,0.0,0.0,-1000.0,0.0,0.0,-0.19862841461520034,0.0,0.0,294.90918714158107,0.0,10.538084179187933,0.0,0.0,0.0,0.0,0.0,0.0,0.0,1000.0,0.0,0.0,0.0,-578.125,0.0,0.0,204.94712285563702,-0.19862841461520034,0.0,0.0,0.0,0.0,0.13241894307680022,0.0,0.0,0.0,-2.8331195856779807,0.0,0.0,-670.2426504341515,-38.98499650906939,188.8370469164422,1000.0,0.0,-47.44081734545932,0.0,-365.35042814710044,0.0,0.0,0.0,822.5262478017887,224.91456954367058,-1000.0,0.0,-1000.0,0.0,0.0,0.0,0.0,0.0,0.0,0.0,0.0,0.0,0.0,0.0,0.0,0.0,0.0,0.0,0.0,0.0,-901.9420308976424,0.0,-1000.0,0.0,0.0,0.0,0.0,0.0,0.0,-10.196258616913617,0.0,0.0,0.0,0.0,0.0,0.0,0.0,-6.620947153840011,213.27097979117673,-600.4454853123623,0.0,0.0,0.0,-12.229625653612743,0.0,0.0,1000.0,-216.58145336809673,-6.620947153840011,-436.8215925487558,0.0,-1000.0,612.0756471068536,140.7720737175694,39.72568292304007,0.0,0.0,0.0,0.0,0.0,0.0,0.0,0.0,0.0,0.0,378.2242455458211,0.0,0.0,0.0,0.0,0.0,150.96637760440552,0.0,0.0,-239.93220761652978,0.0,0.0,0.0,0.0,0.0,0.0,0.0,-98.97774308329856,0.26483788615360065,0.0,0.0,0.0,0.0,0.0,0.0,0.0,0.0,0.0,375.5309157686917,0.0,0.0,0.0,0.0,0.0,0.0,0.0,0.0,0.0,0.145660837384483,0.145660837384483,0.0,146.2096397377785,0.0,79.45136584608014,0.0,0.0,0.0,1000.0,0.0,0.0,0.0,0.0,0.0,1000.0,-1000.0,0.0,0.0,383.7530687906457,0.0,0.0,0.0,0.0,0.0,0.0,0.0,0.0,0.0,0.0,333.3333333333333,2.8331195856779807,193.0158635710937,0.0,10.196258616913617,0.0,0.0,0.0,-416.21966869573106,0.0,1000.0,0.0,286.5890832928793,614.4331736238221,0.0,0.0,0.0,0.0,0.0,0.0,0.0,0.0,0.0,0.0,0.0,0.0,0.0,0.0,0.0,0.0,79.45136584608014,649.8264533278038,649.8264533278038,0.0,0.0,0.0,0.0,0.0,0.0,0.0,0.0,0.0,0.0,1.3241894307680022,0.0,0.0,0.0,0.0,0.0,641.1720276344042,0.0,0.0,39.72568292304007,-383.7530687906457,0.0,0.0,0.0,0.0,0.0,0.0,0.0,0.0,0.0,0.0,0.0,0.0,39.72568292304007,39.72568292304007,603.5865132664932,-1000.0,0.0,0.0,0.0,0.0,0.0,0.0,0.0,-910.4466398439556,150.96637760440552,-606.865558031216,0.13241894307680022,0.0,0.0,0.0,60.260327943489756,322.6167884000157,0.0,0.0,0.0,0.0,0.0,0.0,0.0,0.0,0.0,0.0,0.0,0.0,0.0,0.0,0.0,0.0,0.13241894307680022,0.0,0.0,0.0,1000.0,-1000.0,0.0,0.0,0.0,0.0,-10.196258616913617,0.0,0.0,0.0,-98.05796910235756,-9.931420730760017,0.0,-6.620947153840011,0.0,0.0,0.0,0.0,0.0,0.0,0.0,0.0,0.0,0.0,0.0,649.8264533278038,188.8370469164422,0.0,0.0,-852.6069791285906,0.0,0.0,0.0,-0.13241894307680022,0.0,0.0,0.13241894307680022,0.0,0.13241894307680022,0.0,0.0,0.0,79.45136584608014,161.55111055369628,161.55111055369628,0.0,0.0,0.0,0.0,0.0,0.0,0.0,193.0158635710937,0.0,150.96637760440552,0.0,0.0,0.0,833.9275188007013,0.0,0.0,0.0,0.0,0.0,0.0,0.0,0.0,0.0,0.0,0.0,0.0,0.0,416.21966869573106,0.0,0.0,0.0,0.19862841461520034,0.0,0.0,0.0,-39.72568292304007,0.0,0.0,0.0,0.0,0.0,-146.2096397377785,6.620947153840011,0.0,0.0,0.0,578.125,-242.76090226070784,0.0,-6.620947153840011,0.0,0.0,0.0,0.0,0.0,0.0,0.0,649.8264533278038,0.0,383.7530687906457,233.6067846320728,146.2096397377785,0.0,-379.8611188489069,-42.73363974708474,0.0,0.0,0.0,0.0,0.0,-606.865558031216,0.0,6.620947153840011,428.03163414706205,0.0,0.0,0.0,-239.93220761652978,0.0,0.0,0.0,0.0,0.0,0.0,0.0,0.0,0.0,489.20525250496655,-176.00390193005853,161.55111055369628,0.0,0.0,0.0,0.0,0.0,0.0,0.0,0.0,0.0,0.0,0.0,0.0,0.0,-435.7912437121815,0.0,-641.1720276344042,39.72568292304007,0.0,0.0,0.0,0.0,7.647698190993651,0.0,0.0,0.145660837384483,0.0,0.0,0.0,80.77555527684814,0.0,0.0,0.0,0.0,133.7638034108352,0.0,0.0,0.0,0.0,0.0,0.0,0.0,0.0,0.0,0.0,0.013241894307680023,0.013241894307680023,0.0,0.0,0.0,0.0,0.0,0.0,0.0,0.0,0.0,0.0,0.0,0.0,0.0,0.0,0.0,146.2096397377785,0.0,0.0,0.0,0.0,0.0,0.0,0.0,294.90918714158107,0.0,0.0,0.0,0.0,1000.0,-899.591359401734,0.0,0.0,0.0,0.0,79.45136584608014,0.0,0.0,0.0,0.0,0.0,0.0,-79.45136584608014,0.0,0.0,0.0,0.0,0.0,0.0,0.0,0.0,0.0,0.0,0.0,0.0,606.865558031216,-1000.0,924.6344948083095,-39.72568292304007,0.0,0.0,97.52829333004932,0.0,0.0,0.0,0.0,0.0,0.0,0.0,0.0,0.0,945.3125,0.0,-945.3125,-945.3125,0.0,0.0,0.0,0.0,-16.552367884600027,649.8264533278038,-9.931420730760017,1000.0,0.0,0.0,0.0,0.0,0.0,0.0,-1.655236788460003,239.93220761652978,0.0,0.0,0.0,0.0,0.0,0.0,0.0,1000.0,39.72568292304007,39.72568292304007,0.0,0.0,0.0,0.0,0.0,0.145660837384483,146.2096397377785,0.0,0.0,-97.52829333004932,0.0,0.0,0.0,0.0,0.0,0.0,0.0,0.0,0.0,0.0,0.0,0.0,0.0,0.0,0.0,0.0,0.0,28.654450845323225,0.0,139.03989023064025,10.196258616913617,0.0,0.0,0.0,0.0,0.0,146.2096397377785,0.0,-4.263889967074647,0.0,0.0,0.0,-16.552367884600027,0.0,0.0,0.0,0.0,0.0,0.0,0.0,0.0,0.0,0.0,0.0,0.0,0.0,0.0,0.0,0.0,0.0,0.0,-0.13241894307680022,0.0,0.0,6.620947153840011,-1000.0,0.0,0.0,0.0,0.0,649.8264533278038,0.0,0.0,0.0,-822.5262478017887,3.310473576920006,0.0,0.0,0.0,0.13241894307680022,0.0,132.41894307680022,-12.395421508484805,26.483788615360044,0.9458495934057158,426.757752874919,-0.09931420730760017,6.620947153840011,2.6483788615360044,-0.6620947153850381,-426.757752874919,39.72568292304007,-0.13241894307680022,121.78347604903348,0.0,0.033104735769200054,0.9458495934057158,-365.35042814710044,-21.081095737828274,-2.6483788615360044,-428.1147030009932,-0.13241894307680022,0.033104735769200054,-426.757752874919,13.241894307680022,0.13241894307680022,0.13241894307680022,-145.93155995731723,0.14566083738448024,0.0,-0.09931420730760017,39.72568292304007,0.13241894307680022,39.72568292304007,-66.20947153840011,-0.06620947153840011,-149.9363507708631,220.23247138131597,-0.09931420730760017,-0.13241894307680022,-12.395421508484805,0.13241894307680022,13.241894307680022,-2.6483788615360044,416.21966869573106,416.21966869573106,-13.241894307680022,428.1147030009932,-416.21966869573106,26.483788615360044,0.19862841461520034,-1000.0,13.241894307680022,-333.3333333333333,0.0,-26.483788615360044,0.06620947153840011,1.3241894307680022,167.56066260853788,172.69342835313856,-0.13241894307680022,-176.00390193005853,145.93155995731723,41.04987235380806,0.13241894307680022,21.081095737828274,-158.90273169216016,0.0,-0.13241894307680022,-0.033104735769200054,0.0,-0.13241894307680022,-98.97774308329856,0.13241894307680022,-0.033104735769200054,-0.033104735769200054,-0.033104735769200054,52.96757723072009,66.20947153840011,1.3241894307680022,98.10588445202916,-0.033104735769200054,213.33784916804228,6.620947153840011,56.109818695489295,0.13241894307680022,0.06620947153840011,0.06620947153840011,13.241894307680022,12.395421508484805,0.13241894307680022,-12.395421508484805,1.3241894307680022,0.13241894307680022,-98.10588445202916,0.13241894307680022,0.5296757723082379,0.6620947153850381,0.06620947153840011,0.033104735769200054,39.72568292304007,-0.13241894307680022,0.0,1.3241894307680022,-196.21176890405832,3.310473576920006,-13.241894307680022,26.483788615360044,6.620947153840011,-0.13241894307680022,365.35042814710044,0.19862841461520034,-0.13241894307680022,-26.483788615360044,12.395421508484805,312.59281827432216,0.06620947153840011,-112.21963739097859,-0.13241894307680022,-0.13241894307680022,-0.13241894307680022,0.06620947153840011,426.757752874919,-26.483788615360044,0.13241894307680022,335.12132521707576,-0.033104735769200054,-0.14566083738448024,-335.12132521707576,19.86284146152003,-220.23247138131597,64.8472938185763,426.757752874919,-0.09931420730760017,176.00390193005853,-172.69342835313856,0.13241894307680022,-0.03310473576920005,6.620947153840011,132.41894307680022,-0.06620947153840011,-0.13241894307680022,0.033104735769200054,1000.0,0.0,999.9337905284616,0.0,-332.2397706432979,0.0,266.3808513915378,-1000.0,0.0,10.73191564754677,-361.97439441409637,546.3931938046405,0.0,-5.365957823773385,166.11988532164895,180.98719720704818,0.0,500.0,-146.2096397377785,-320.2405164653158,0.0,-546.3931938046405,-320.2405164653158,-266.3808513915378,206.02084438800898,0.0,1496.5981,bhi
358,0.0,0.0,0.0,0.0,0.0,0.0,0.0,0.0,-0.11248128849759734,0.0,0.0,0.0,0.0,0.0,0.0,0.0,-387.8317220587413,816.3232565952065,0.0,0.0,0.0,0.0,0.0,0.0,0.0,771.3879104532513,0.0,0.0,0.0,-387.8317220587413,91.10751840504902,-91.10751840504902,658.9319673554387,0.0,0.0,0.0,0.0,201.60803980434494,0.0,-1000.0,858.5046687543382,0.0,-653.4500495495192,0.0,0.0,0.0,0.0,0.0,122.21339456796329,0.0,0.0,0.0,0.0,0.12372941734746831,0.0,0.0,0.0,22.496257699519468,0.0,0.0,-40.27502494203778,0.0,0.0,-40.27502494203778,0.0,0.0,0.0,0.0,0.0,0.0,0.0,1.1248128849759735,0.0,0.0,0.0,0.0,0.0,0.0,0.0,100.0820426246106,0.0,0.0,-17.408269503586627,0.0,67.48877309855841,0.0,0.0,0.0,-290.54154295445477,984.651404981698,678.5667480453005,0.0,0.0,715.7032423144067,33.744386549279206,0.0,223.8620557014407,0.0,208.34635949846046,0.0,0.0,101.83920513399207,-387.8317220587413,0.0,0.0,-383.2718438111451,0.0,1000.0,0.0,0.0,0.0,0.0,0.0,0.0,0.0,0.0,0.0,0.0,0.0,0.0,0.0,0.0,0.0,0.0,-1000.0,0.0,0.0,223.8620557014407,0.0,34.86919943425518,0.0,0.0,0.0,0.0,0.0,0.0,0.0,-484.3437500000013,484.3437500000013,0.0,0.0,0.0,0.0,0.0,0.0,26.06932871790162,0.11248128849759734,678.594868367425,0.0,0.0,846.7608196123973,-846.7608196123973,0.0,0.0,17.408269503586627,0.0,618.3913897704803,0.0,0.0,0.0,0.0,0.0,-382.58767505643493,-382.58767505643493,0.0,0.0,0.0,-515.625,1000.0,0.0,0.0,-291.36767536288835,0.0,0.0,0.0,0.0,-419.60663773121223,0.0,0.0,0.0,0.0,0.0,0.0,0.0,0.0,0.0,0.0,0.0,0.0,0.0,0.0,-1000.0,0.0,0.0,0.0,0.0,0.0,0.0,653.4500495495192,-694.1098620272433,694.1098620272433,0.0,0.0,0.0,0.0,0.0,0.0,0.0,0.0,-36.556418761719115,0.0,0.0,0.0,0.0,0.0,0.0,0.0,0.0,0.0,0.0,0.0,0.0,0.0,277.83566921812604,-107.33568006570678,0.0,0.0,0.0,0.0,0.0,0.0,0.0,0.0,0.0,0.0,-40.27502494203778,0.0,91.10751840504902,0.0,0.0,0.0,0.0,0.0,0.0,0.0,94.72941589467155,0.0,190.1176691521615,0.0,-14.45932259935222,-264.3410530760829,81.55358209023927,0.0,0.0,0.0,0.0,0.0,279.62535822366044,0.0,0.0,0.0,-26.52082559325754,0.0,0.0,-625.5037977726104,421.6793570230998,1000.0,-1000.0,-47.18315479571015,625.5037977726104,-984.651404981698,0.0,0.0,0.0,0.0,313.8227949082966,0.0,0.0,0.0,0.0,0.0,0.0,0.0,-291.59263793988356,0.0,0.0,880.8051597941298,-515.625,0.0,0.0,-40.27502494203778,-0.168721932746396,0.0,0.0,0.0,0.0,0.11248128849759734,0.0,0.0,0.0,681.4085284038878,-387.8317220587413,0.0,-255.51456254076342,1000.0,419.60663773121223,1000.0,0.0,-269.60575515472266,0.0,-383.2718438111451,0.0,0.0,0.0,913.2656784395026,-643.65992328478,0.0,364.1260160446859,-271.9466677235925,0.0,0.0,0.0,0.0,0.0,0.0,0.0,0.0,0.0,0.0,0.0,0.0,0.0,0.0,0.0,0.0,0.0,1000.0,0.0,797.9420350416653,17.408269503586627,0.0,0.0,0.0,0.0,0.0,-29.691226207524146,0.0,208.34635949846046,0.0,0.0,96.21514070911219,0.0,0.0,946.2683652205641,0.0,643.65992328478,582.8992112712144,0.0,-74.4063723411606,-1000.0,0.0,-1000.0,1000.0,-2.8120322124399335,-5.624064424879867,-1000.0,0.0,-483.7677716854452,0.0,410.65493416200695,223.8620557014407,-703.1249999999053,703.1249999999053,0.0,824.3605571988545,0.0,0.0,0.0,-277.83566921812604,277.83566921812604,277.83566921812604,312.8290134124752,0.0,0.0,0.0,0.0,0.0,0.0,0.0,0.0,-80.55004988407556,0.0,-1000.0,82.36672445577892,0.0,0.0,0.0,0.0,-331.1977357671475,0.22496257699481248,0.0,0.0,0.0,0.0,0.0,0.0,0.0,0.0,0.0,0.0,0.0,0.0,0.0,0.0,0.0,0.0,0.0,0.0,0.0,0.12372941734746831,0.12372941734746831,91.10751840504902,255.8150096983079,0.0,67.48877309855841,0.0,0.0,0.0,1000.0,0.0,0.0,0.0,0.0,0.0,1000.0,-1000.0,0.0,0.0,792.7506491811048,0.0,0.0,82.36672445577892,0.0,0.0,0.0,0.0,0.0,0.0,0.0,333.3333333333333,-681.4085284038878,0.0,0.0,8.66105921431499,0.0,0.0,715.7032423144067,715.7032423144067,0.0,1000.0,0.0,668.8022642328525,0.0,1000.0,-1000.0,277.83566921812604,0.0,0.0,0.0,0.0,0.0,0.0,0.0,0.0,0.0,0.0,0.0,0.0,0.0,67.48877309855841,0.0,0.0,0.0,0.0,0.0,0.0,0.0,0.0,0.0,0.0,0.0,0.0,1.1248128849759735,0.0,91.10751840504902,0.0,0.0,91.10751840504902,653.4500495495192,0.0,0.0,223.8620557014407,-792.7506491811048,0.0,0.0,0.0,0.0,0.0,0.0,0.0,0.0,0.0,46.86622161291064,-220.3404644737386,0.0,33.744386549279206,33.744386549279206,1000.0,-1000.0,0.0,82.36672445577892,0.0,0.0,0.0,0.0,0.0,972.0731583005224,0.0,1000.0,0.11248128849759734,0.0,0.0,148.54761021657697,0.0,223.58601550029596,0.0,-715.7032423144067,0.0,0.0,0.0,0.0,0.0,0.0,0.0,0.0,0.0,0.0,0.0,0.0,0.0,0.0,0.11248128849759734,0.0,0.0,0.0,0.0,0.0,0.0,0.0,0.0,0.0,0.0,178.6551332909363,0.0,0.0,-202.05796495833465,-8.436096637319801,0.0,-5.624064424879847,0.0,-609.375,-609.375,609.375,0.0,0.0,0.0,0.0,0.0,0.0,0.0,0.0,419.60663773121223,0.0,0.0,-67.48877309855841,0.0,0.0,0.0,-0.11248128849759734,0.0,0.0,0.11248128849759734,0.0,0.11248128849759734,0.0,0.0,0.0,67.48877309855841,137.22717196706876,137.22717196706876,0.0,0.0,0.0,0.0,0.0,0.0,0.0,0.0,0.0,0.0,0.0,0.0,0.0,922.9503173791458,0.0,0.0,0.0,0.0,0.0,0.0,0.0,0.0,0.0,0.0,0.0,0.0,0.0,0.0,0.0,-771.3879104532513,771.3879104532513,0.168721932746396,0.0,0.0,0.0,-223.8620557014407,0.0,0.0,0.0,0.0,0.0,-255.8150096983079,5.624064424879867,0.0,0.0,0.0,515.625,-1000.0,440.1891269105381,-5.624064424879847,0.0,-1000.0,0.0,0.0,0.0,0.0,0.0,0.0,0.0,792.7506491811048,0.0,-22.02065951981814,0.0,977.5037423004806,-159.68582831084916,0.0,410.49790070301384,208.34635949846046,-618.8442602014743,17.408269503586627,142.3981862565917,0.0,5.624064424879847,562.8302241252378,0.0,0.0,-91.10751840504902,-80.55004988407556,0.0,0.0,0.0,0.0,0.0,0.0,0.0,0.0,0.0,-16.8721932746397,0.0,137.22717196706876,0.0,390.625,390.625,-299.51748159495094,0.0,0.0,0.0,0.0,0.0,94.72941589467155,0.0,0.0,281.12329961026734,-148.54761021657697,-848.7560073541473,-653.4500495495192,33.744386549279206,0.0,0.0,0.0,0.0,-290.6771616887197,0.0,0.0,0.12372941734746831,0.0,0.0,0.0,68.61358598353438,0.0,0.0,0.0,0.0,-107.33568006570678,0.0,0.0,0.0,0.0,0.0,0.0,0.0,0.0,0.0,0.0,0.011248128849759734,0.011248128849759734,0.0,0.0,0.0,0.0,0.0,0.0,0.0,0.0,0.0,148.54761021657697,91.10751840504902,0.0,0.0,0.0,0.0,255.8150096983079,0.0,0.0,0.0,0.0,0.0,0.0,0.0,0.0,0.0,0.0,0.0,0.0,0.0,0.0,816.3232565952065,0.0,0.0,0.0,67.48877309855841,0.0,0.0,0.0,0.0,0.0,0.0,-67.48877309855841,0.0,0.0,0.0,0.0,0.0,0.0,0.0,0.0,0.0,91.10751840504902,91.10751840504902,0.0,-271.9466677235925,948.367452286467,1000.0,0.0,-223.8620557014407,0.0,201.60803980434494,0.0,0.0,0.0,0.0,0.0,0.0,0.0,0.0,0.0,929.6875,0.0,-929.6875,-929.6875,0.0,0.0,0.0,0.0,-14.060161062199647,0.0,-104.651237346432,914.514220741826,0.0,0.0,0.0,0.0,0.0,-1.406016106219967,0.0,97.95831938766219,0.0,0.0,0.0,0.0,0.0,0.0,0.0,1000.0,33.744386549279206,33.744386549279206,0.0,0.0,0.0,0.0,100.0820426246106,0.12372941734746831,255.8150096983079,0.0,0.0,-201.60803980434494,0.0,0.0,0.0,0.0,0.0,0.0,0.0,0.0,0.0,0.0,0.0,0.0,0.0,0.0,0.0,0.0,0.0,0.0,0.0,118.10535292247722,8.66105921431499,0.0,0.0,0.0,0.0,0.0,255.8150096983079,0.0,-440.189126910538,0.0,0.0,0.0,-14.060161062199647,0.0,0.0,0.0,0.0,0.0,0.0,0.0,0.0,0.0,0.0,0.0,0.0,0.0,0.0,0.0,0.0,0.0,0.0,-0.11248128849759734,0.0,0.0,5.624064424879867,-1000.0,0.0,0.0,0.0,0.0,0.0,0.0,0.0,0.0,-913.2656784395026,2.8120322124399335,0.0,0.0,771.3879104532513,0.11248128849759734,0.0,112.48128849759733,-34.86919943425518,22.49625769951947,0.8034377749828382,313.8227949082966,-0.084360966373198,53.731634779435964,2.249625769951947,-0.5624064424873154,-313.8227949082966,33.744386549279206,-0.11248128849759734,127.75728127038171,82.36672445577892,0.028120322124399334,0.8034377749828382,-383.2718438111451,-17.907021128817373,88.85789263509712,-428.4915345364652,-0.11248128849759734,0.028120322124399334,-313.8227949082966,675.9083824072061,0.11248128849759734,0.11248128849759734,-255.57879899246282,0.12372941734735707,0.0,-0.084360966373198,33.744386549279206,0.11248128849759734,223.8620557014407,133.87702490336284,-0.05624064424879867,148.15229785180998,-11.360610138257332,-0.084360966373198,-0.11248128849759734,-34.86919943425518,0.11248128849759734,11.248128849759723,-2.249625769951947,0.0,0.0,-11.248128849759723,428.4915345364652,0.0,22.496257699519468,0.168721932746396,-1000.0,11.248128849759734,-333.3333333333333,82.36672445577892,-22.496257699519468,0.05624064424879867,1.1248128849759735,63.878640635190855,0.4755981797013291,-0.11248128849759734,-281.12329961026734,255.57879899246282,34.86919943425518,0.11248128849759734,17.907021128817373,-907.3887444509453,82.36672445577892,-0.11248128849759734,-0.028120322124399334,-82.36672445577892,-0.11248128849759734,-331.1977357671475,0.11248128849759734,-0.028120322124399334,-0.028120322124399334,-0.028120322124399334,44.992515399038936,-133.87702490336284,1.1248128849759735,388.8897164104376,-0.028120322124399334,0.0,5.624064424879867,171.2229323084536,0.11248128849759734,0.05624064424879867,0.05624064424879867,52.4314910776492,34.86919943425518,0.11248128849759734,-34.86919943425518,1.1248128849759735,0.11248128849759734,-1000.0,0.11248128849759734,0.4499251539897181,0.5624064424873154,0.05624064424879867,0.028120322124399334,33.744386549279206,-0.11248128849759734,0.0,-44.42894631754856,-777.7794328208752,50.91960256699603,-11.248128849759723,22.496257699519468,5.624064424879867,-0.11248128849759734,383.2718438111451,0.168721932746396,-0.11248128849759734,-104.8629821552984,34.86919943425518,677.7311791210212,0.05624064424879867,-342.4458646169072,-0.11248128849759734,-0.11248128849759734,-0.11248128849759734,0.05624064424879867,313.8227949082966,-22.496257699519468,0.11248128849759734,127.75728127038171,-0.028120322124399334,-0.12372941734735707,-127.75728127038171,16.8721932746396,11.360610138257332,-185.59345174638034,313.8227949082966,-0.084360966373198,281.12329961026734,-0.4755981797013291,0.11248128849759734,-0.02812032212439934,5.624064424879847,112.48128849759733,-0.05624064424879867,-0.11248128849759734,0.028120322124399334,435.32089981257957,0.0,999.9437593557512,611.1102835895624,618.7574454022717,0.0,967.6137487719964,-821.1036321420848,664.6602535574464,267.7240167249387,-1000.0,-1000.0,0.0,-133.86200836246934,-309.37872270113587,500.0,-664.6602535574464,410.5518160710424,-255.8150096983079,-387.0540174323015,0.0,1000.0,-387.0540174323015,-967.6137487719964,931.877182186591,0.0,1496.5981,bhi
359,0.0,0.0,0.0,0.0,0.0,0.0,0.0,0.0,-0.16045491607377063,0.0,0.0,0.0,0.0,0.0,0.0,0.0,496.3736792589149,-809.2741727050184,0.0,789.0978017661367,0.0,0.0,0.0,0.0,0.0,0.0,0.0,0.0,0.0,-1000.0,36.65541873162859,-36.65541873162859,580.9985610384911,0.0,0.0,0.0,0.0,-172.64451652451032,0.0,-1000.0,647.8837827164144,0.0,0.0,1000.0,0.0,0.0,0.0,0.0,441.03446860959923,0.0,0.0,937.4081478685142,0.0,0.17650040768130637,0.0,0.0,0.0,32.090983214754125,0.0,0.0,130.41278261389664,0.0,-660.1268272138904,-1000.0,0.0,0.0,0.0,0.0,36.844860444275014,0.0,0.0,1.6045491607377063,0.0,0.0,0.0,0.0,0.0,0.0,0.0,0.0,0.0,0.0,0.0,0.0,96.27294964426238,0.0,0.0,986.285493789474,-510.0881854694408,0.0,-0.04011372901844266,0.0,0.0,-1000.0,48.13647482213119,0.0,352.11621728358557,0.0,0.0,0.0,0.0,8.022745803688531,-1000.0,0.0,0.0,-190.97795363169925,0.0,0.0,0.0,0.0,0.0,0.0,0.0,0.0,0.0,0.0,0.0,0.0,0.0,0.0,0.0,0.0,0.0,0.0,-994.5025798810477,0.0,0.0,352.11621728358557,0.0,49.74102398286889,0.0,0.0,0.0,0.0,0.0,0.0,-470.28595540000634,0.0,0.0,0.0,0.0,0.0,0.0,0.0,0.0,12.355028537680365,0.16045491607377063,0.0,0.0,0.0,0.0,0.0,0.0,0.0,0.0,0.0,1000.0,0.0,0.0,0.0,0.0,0.0,727.4688079334497,727.4688079334497,0.0,0.0,0.0,-390.625,-499.8412177646839,0.0,0.0,764.2846815811521,0.0,0.0,0.0,155.51074458029558,0.0,0.0,0.0,0.0,0.0,0.0,0.0,0.0,0.0,0.0,0.0,0.0,0.0,0.0,0.0,-1000.0,0.0,0.0,0.0,0.0,0.0,0.0,-937.4081478685142,510.0881854694408,-510.0881854694408,270.89979640501826,0.0,0.0,0.0,0.0,0.0,0.0,0.0,-826.2231628108564,0.0,0.0,0.0,0.0,0.0,0.0,0.0,0.0,0.0,0.0,0.0,0.0,0.0,0.0,-244.01768830421895,1000.0,0.0,0.0,0.0,199.38615899498805,-39.56333593380265,0.0,0.0,0.0,0.0,130.41278261389664,0.0,36.65541873162859,0.0,623.6240768123189,0.0,0.0,0.0,0.0,0.0,676.8621782513396,0.0,303.9797424614544,0.0,130.24253973222494,-889.9338312066567,1000.0,0.0,-1000.0,0.0,0.0,470.28595540000634,-53.021820171153195,0.0,0.0,0.0,-179.0424028802413,0.0,0.0,-1000.0,0.0,0.0,-999.9999999999998,0.0,0.0,0.0,0.0,0.0,0.0,0.0,216.3327553746044,0.0,0.0,0.0,-478.32168035915504,0.0,478.32168035915504,0.0,1000.0,0.0,199.38615899498805,-285.7058737360238,-390.625,0.0,0.0,130.41278261389664,-0.24068237411065593,0.0,0.0,0.0,0.0,0.16045491607377063,0.0,0.0,0.0,-260.3148560061408,496.3736792589149,0.0,-127.31863575446617,-537.2481782297905,0.0,1000.0,0.0,977.2647082951459,0.0,-190.97795363169925,0.0,0.0,0.0,653.0562162783524,-630.3209245734982,-1000.0,-818.9519106688366,-1000.0,0.0,0.0,0.0,0.0,0.0,0.0,0.0,0.0,0.0,0.0,0.0,0.0,0.0,0.0,0.0,0.0,623.6240768123189,605.4530898615118,0.0,777.4557867217276,0.0,0.0,635.0401112221379,0.0,0.0,0.0,-652.5617880573914,0.0,0.0,0.0,0.0,0.0,0.0,-427.69760628053604,0.0,-4.011372901844266,593.4760641292232,341.59571264038857,218.94711149463856,117.07607095436379,0.0,427.69760628053604,-8.022745803688531,0.0,0.0,-226.9698572983271,-1000.0,0.0,-1000.0,1000.0,-8.022745803688531,352.11621728358557,0.0,0.0,0.0,0.0,0.0,0.0,0.0,0.0,0.0,0.0,301.1695582026724,0.0,0.0,-236.03622825099546,0.0,0.0,0.0,0.0,0.0,-209.460390172213,0.0,234.3749999999985,0.0,0.0,0.0,0.0,0.0,-596.1339055878045,0.3209098321473634,0.0,0.0,0.0,0.0,0.0,0.0,0.0,0.0,0.0,36.844860444275014,0.0,0.0,0.0,0.0,0.0,0.0,0.0,0.0,0.0,0.17650040768130637,0.17650040768130637,36.65541873162859,79.50134769044796,0.0,96.27294964426238,0.0,0.0,0.0,1000.0,0.0,0.0,0.0,0.0,0.0,1000.0,-1000.0,0.0,0.0,0.0,0.0,0.0,0.0,0.0,0.0,0.0,0.0,0.0,0.0,0.0,331.50085996034926,260.3148560061408,0.0,0.0,12.355028537680365,0.0,-231.33646047121556,-768.6635395287844,-1000.0,0.0,1000.0,0.0,91.76791242067617,312.0981819915193,0.0,0.0,0.0,0.0,0.0,0.0,0.0,0.0,0.0,0.0,0.0,0.0,0.0,0.0,0.0,0.0,96.27294964426238,470.28595540000634,470.28595540000634,0.0,0.0,0.0,0.0,0.0,0.0,0.0,0.0,0.0,0.0,1.6045491607377063,0.0,36.65541873162859,0.0,0.0,36.65541873162859,-937.4081478685142,0.0,0.0,352.11621728358557,0.0,0.0,0.0,0.0,0.0,0.0,0.0,0.0,0.0,0.0,0.0,-275.6049136604193,0.0,48.13647482213119,48.13647482213119,1000.0,-1000.0,0.0,0.0,0.0,0.0,0.0,0.0,0.0,818.9519106688366,0.0,1000.0,0.16045491607377063,0.0,0.0,-299.9126803449613,511.8163191512431,0.0,0.0,1000.0,0.0,0.0,0.0,0.0,0.0,0.0,0.0,0.0,0.0,0.0,0.0,0.0,0.0,0.0,0.16045491607377063,0.0,0.0,0.0,-58.05099048617171,58.05099048617171,0.0,0.0,0.0,0.0,0.0,-17.521676835253515,0.0,0.0,172.00269686021582,-12.034118705532798,0.0,-8.022745803688531,0.0,0.0,0.0,0.0,0.0,0.0,0.0,0.0,0.0,0.0,0.0,470.28595540000634,0.0,0.0,0.0,-1000.0,0.0,0.0,0.0,-0.16045491607377063,0.0,0.0,0.16045491607377063,0.0,0.16045491607377063,0.0,0.0,0.0,96.27294964426238,195.75499761000017,195.75499761000017,0.0,0.0,0.0,0.0,0.0,0.0,0.0,0.0,0.0,0.0,0.0,0.0,0.0,666.871384552304,0.0,0.0,0.0,0.0,0.0,0.0,0.0,0.0,0.0,0.0,0.0,0.0,0.0,231.33646047121562,0.0,-1000.0,1000.0,0.24068237411065593,0.0,0.0,0.0,-352.11621728358557,0.0,0.0,0.0,0.0,0.0,-79.50134769044796,8.022745803688531,0.0,0.0,0.0,390.625,499.8412177646839,221.97219461850162,-8.022745803688531,0.0,234.3749999999985,0.0,0.0,0.0,0.0,0.0,470.28595540000634,0.0,0.0,0.0,79.50134769044796,0.0,193.83370169836496,-190.97795363169925,0.0,-430.5895934388898,0.0,430.5895934388898,0.0,-248.77681778115337,0.0,8.022745803688531,1000.0,0.0,0.0,-36.65541873162859,-209.460390172213,0.0,0.0,0.0,0.0,0.0,0.0,0.0,0.0,0.0,91.53546639598076,-115.60370380704654,195.75499761000017,0.0,927.2804187316285,927.2804187316285,-890.625,0.0,0.0,0.0,0.0,0.0,676.8621782513396,0.0,0.0,0.0,-248.7484992505568,782.820207870046,0.0,48.13647482213119,0.0,0.0,0.0,0.0,-360.49649602370215,0.0,0.0,0.17650040768130637,0.0,0.0,0.0,97.87749880500009,0.0,0.0,0.0,0.0,-244.01768830421895,0.0,0.0,0.0,0.0,0.0,0.0,0.0,0.0,0.0,0.0,0.016045491607377064,0.016045491607377064,0.0,0.0,0.0,0.0,0.0,0.0,0.0,0.0,0.0,-299.9126803449613,36.65541873162859,0.0,0.0,0.0,0.0,79.50134769044796,0.0,0.0,0.0,0.0,0.0,0.0,0.0,0.0,0.0,0.0,0.0,0.0,1000.0,285.4714810250516,-809.2741727050184,0.0,0.0,0.0,96.27294964426238,0.0,0.0,0.0,0.0,0.0,677.8732251161946,-774.1461747604569,0.0,0.0,0.0,0.0,0.0,0.0,0.0,0.0,0.0,36.65541873162859,36.65541873162859,0.0,-1000.0,-1000.0,776.783002062837,0.0,-352.11621728358557,0.0,-172.64451652451032,0.0,0.0,0.0,0.0,0.0,0.0,0.0,0.0,0.0,54.68750000000001,0.0,-54.68750000000001,-54.68750000000001,0.0,0.0,0.0,0.0,-20.056864509221327,470.28595540000634,-12.034118705532798,770.4409696538177,0.0,0.0,0.0,0.0,0.0,-2.0056864509221333,0.0,209.460390172213,0.0,0.0,0.0,0.0,0.0,0.0,0.0,1000.0,48.13647482213119,48.13647482213119,0.0,0.0,0.0,0.0,0.0,0.17650040768130637,79.50134769044796,0.0,0.0,172.64451652451032,0.0,0.0,0.0,0.0,0.0,0.0,0.0,0.0,0.0,0.0,0.0,0.0,0.0,0.0,500.0,0.0,0.0,0.0,0.0,168.47766187745918,12.355028537680365,0.0,0.0,0.0,0.0,0.0,79.50134769044796,0.0,413.06791660363626,0.0,0.0,0.0,-20.056864509221327,0.0,0.0,0.0,0.0,0.0,0.0,0.0,0.0,0.0,0.0,0.0,0.0,0.0,0.0,0.0,0.0,0.0,0.0,-0.16045491607377063,0.0,0.0,8.022745803688531,-1000.0,0.0,0.0,0.0,0.0,470.2859554000063,0.0,0.0,0.0,-653.0562162783524,4.011372901844266,0.0,0.0,0.0,0.16045491607377063,0.0,160.45491607377062,-49.74102398286889,32.090983214754125,1.1461065433840758,447.66921584582,-0.12034118705532797,8.022745803688531,3.2090983214754125,-0.8022745803682767,-447.66921584582,48.13647482213119,-0.16045491607377063,63.659317877233086,0.0,0.04011372901844266,1.1461065433840758,-190.97795363169925,-25.544422638942045,33.446320410153106,-476.19730832003324,-0.16045491607377063,0.04011372901844266,-447.66921584582,16.045491607377063,0.16045491607377063,0.16045491607377063,-79.16439236669288,0.1765004076811477,-795.176559362897,-0.12034118705532797,48.13647482213119,0.16045491607377063,352.11621728358557,223.75228442456907,-0.08022745803688532,177.1324666262955,23.357389410351814,-0.12034118705532797,-0.16045491607377063,-49.74102398286889,0.16045491607377063,16.045491607377063,-3.2090983214754125,231.33646047121562,231.33646047121562,-16.045491607377063,476.19730832003324,-231.33646047121562,32.090983214754125,0.24068237411065593,-1000.0,16.045491607377063,-331.50085996034926,0.0,-32.090983214754125,0.08022745803688532,1.6045491607377063,31.829658938616543,111.59233090520209,-0.16045491607377063,-115.60370380704654,79.16439236669288,49.74102398286889,0.16045491607377063,25.544422638942045,-496.52564174997923,0.0,-0.16045491607377063,-0.04011372901844266,0.0,-0.16045491607377063,-596.1339055878045,0.1604549160734905,-0.04011372901844266,-0.04011372901844266,-0.04011372901844266,64.18196642950825,-223.75228442456907,1.6045491607377063,301.8222645224441,-0.04011372901844266,0.0,8.022745803688531,306.08969859759077,0.16045491607377063,0.08022745803688532,0.08022745803688532,-83.64758789011697,49.74102398286889,0.16045491607377063,-49.74102398286889,1.6045491607377063,0.16045491607377063,-667.7127216750233,0.16045491607377063,0.6418196642945553,0.8022745803682767,0.08022745803688532,0.04011372901844266,48.13647482213119,-0.16045491607377063,795.176559362897,-16.723160205076553,-603.6445290448881,4.011372901844266,-16.045491607377063,32.090983214754125,8.022745803688531,-0.16045491607377063,190.97795363169925,0.24068237411065593,-0.16045491607377063,167.29517578023393,49.74102398286889,674.9511746518198,0.08022745803688532,-612.1793971951815,-0.16045491607377063,-0.1604549160734905,-0.16045491607377063,0.08022745803688532,447.66921584582,-32.090983214754125,0.16045491607377063,63.659317877233086,-0.04011372901844266,-0.1765004076811477,-63.659317877233086,24.068237411065592,-23.357389410351814,257.35820709590155,447.66921584582,-0.12034118705532797,115.60370380704654,-111.59233090520209,0.16045491607377063,-0.040113729018442665,8.022745803688531,160.45491607377062,-0.08022745803688532,-0.16045491607377063,0.04011372901844266,799.124829506311,0.0,999.9197725419631,365.89045715257924,-1000.0,0.0,502.97354362337103,-775.5225683154207,0.0,1000.0,-142.28258778572732,-225.92468491311908,0.0,-500.0,500.0,71.14129389286366,0.0,387.76128415771035,-79.50134769044796,-314.4546786281177,0.0,225.92468491311908,-314.4546786281176,-502.97354362337103,491.7268468829866,0.0,1496.5981,bhi
360,0.0,0.0,0.0,0.0,0.0,0.0,0.0,0.0,-0.17534135129681797,0.0,0.0,0.0,0.0,0.0,0.0,0.0,1000.0,-786.8358400820806,0.0,276.0431931443899,0.0,0.0,0.0,0.0,0.0,178.24724435654923,0.0,0.0,0.0,-315.4322663265963,0.0,0.0,452.9982650206035,0.0,0.0,0.0,0.0,-129.55746288914295,0.0,-1000.0,542.104580322175,0.0,0.0,-756.643114988204,0.0,0.0,0.0,0.0,81.70227101946807,-574.841908525528,0.0,820.0530934050572,0.0,0.19287548642698465,0.0,0.0,0.0,35.068270259363594,0.0,0.0,44.45501991623155,0.0,1000.0,864.7647751549143,0.0,0.0,0.0,0.0,179.6902447613172,0.0,0.0,1.7534135129681798,0.0,0.0,0.0,0.0,0.0,0.0,0.0,0.0,0.0,0.0,0.0,0.0,105.2048107780908,0.0,0.0,751.8006842961439,-112.98541323669369,-862.4520317660484,-0.0438353378242045,0.0,0.0,0.0,52.6024053890454,0.0,52.6024053890454,-5.645991511760576,0.0,0.0,0.0,8.767067564840898,-950.205823148181,0.0,0.0,-99.56356475199593,0.0,271.7722575617729,0.0,0.0,0.0,0.0,0.0,0.0,0.0,0.0,0.0,0.0,0.0,0.0,0.0,0.0,0.0,0.0,-605.7175496369407,0.0,0.0,52.6024053890454,0.0,54.35581890201358,0.0,0.0,0.0,0.0,0.0,0.0,-179.6902447613172,0.0,0.0,0.0,0.0,0.0,0.0,0.0,0.0,13.501284049855016,0.17534135129681797,0.0,0.0,0.0,-949.3518892647902,0.0,0.0,0.0,44.598590823346306,0.0,1000.0,0.0,0.0,0.0,0.0,0.0,254.93338584511454,254.93338584511454,0.0,0.0,0.0,953.125,99.56356475199593,0.0,0.0,255.10872719641137,0.0,0.0,0.0,483.1308946249565,-837.3691733860148,0.0,0.0,0.0,0.0,0.0,0.0,0.0,0.0,0.0,0.0,0.0,0.0,0.0,0.0,-1000.0,0.0,0.0,0.0,0.0,0.0,574.841908525528,-820.0530934050572,986.5501380894452,-986.5501380894452,0.0,0.0,0.0,0.0,0.0,0.0,0.0,634.7735568215847,-1000.0,0.0,0.0,0.0,0.0,0.0,0.0,0.0,0.0,0.0,0.0,0.0,0.0,0.0,0.0,255.82543017044722,53.78308871218542,0.0,0.0,0.0,0.0,0.0,0.0,0.0,0.0,0.0,44.45501991623155,810.4262037003895,0.0,0.0,0.0,0.0,0.0,0.0,0.0,0.0,0.0,0.0,0.0,0.0,137.2849562070062,-962.2505951191326,1000.0,0.0,-53.78308871218542,0.0,0.0,179.6902447613172,-786.0835514178821,0.0,0.0,0.0,-107.5340582566655,0.0,0.0,-1000.0,0.0,0.0,-999.9999999999999,0.0,0.0,873.5647248527515,0.0,462.30762924119927,574.841908525528,0.0,489.20237011812225,0.0,0.0,0.0,-792.4540511664422,0.0,792.4540511664422,0.0,732.8371069182239,179.6902447613172,0.0,-1000.0,953.125,0.0,0.0,44.45501991623155,-0.26301202694522696,0.0,0.0,0.0,0.0,0.17534135129681797,0.0,0.0,0.0,947.3975946109546,1000.0,0.0,-66.37570983466395,119.4181167036943,837.3691733860148,594.7069857112205,0.0,0.0,0.0,-99.56356475199593,0.0,0.0,0.0,864.7942840150231,-179.6902447613172,-685.1040392537059,-1000.0,-1000.0,0.0,0.0,0.0,0.0,0.0,0.0,0.0,0.0,0.0,0.0,0.0,0.0,0.0,0.0,0.0,0.0,0.0,-1000.0,0.0,-871.1439025160446,0.0,0.0,0.0,0.0,0.0,0.0,-13.501284049855016,0.0,0.0,0.0,151.9340358313337,0.0,0.0,1000.0,-8.767067564840898,0.0,0.0,289.9257383497619,374.96629372871865,-582.8183004604728,0.0,-1000.0,0.0,0.0,-4.383533782420449,-383.73336129355954,0.0,0.0,341.11143371733584,0.0,0.0,52.60240538904543,0.0,0.0,0.0,0.0,0.0,0.0,0.0,0.0,0.0,0.0,15.958224785704205,0.0,0.0,-478.0790624244061,0.0,0.0,634.7735568215847,0.0,0.0,-90.78020492885412,0.0,0.0,0.0,0.0,0.0,0.0,0.0,-746.1288644833884,0.35068270259375306,0.0,0.0,0.0,0.0,0.0,0.0,0.0,0.0,0.0,0.0,0.0,0.0,0.0,0.0,0.0,0.0,0.0,0.0,0.0,0.19287548642698465,0.19287548642698465,0.0,127.67152425306062,0.0,105.2048107780908,0.0,0.0,0.0,1000.0,0.0,0.0,0.0,0.0,0.0,1000.0,-1000.0,0.0,0.0,0.0,0.0,0.0,0.0,0.0,0.0,0.0,0.0,0.0,0.0,0.0,201.90584987898023,-947.3975946109546,949.3518892647902,0.0,13.501284049855016,0.0,0.0,0.0,0.0,0.0,1000.0,0.0,253.87113551661162,0.0,0.0,0.0,0.0,0.0,0.0,0.0,0.0,0.0,0.0,0.0,0.0,0.0,0.0,0.0,0.0,0.0,105.2048107780908,179.6902447613172,179.6902447613172,0.0,0.0,0.0,0.0,0.0,0.0,0.0,0.0,0.0,0.0,1.7534135129681798,0.0,0.0,0.0,0.0,0.0,-820.0530934050572,0.0,0.0,52.6024053890454,0.0,0.0,0.0,0.0,0.0,0.0,0.0,0.0,0.0,0.0,-714.9756023684564,518.4409680737006,0.0,52.602405389045394,52.6024053890454,904.8750363536687,-1000.0,0.0,0.0,0.0,0.0,0.0,0.0,0.0,950.205823148181,634.7735568215847,1000.0,0.17534135129681797,0.0,0.0,-138.84687313710748,370.41017628902665,0.0,0.0,0.0,0.0,-179.6902447613172,0.0,0.0,0.0,0.0,0.0,0.0,0.0,0.0,0.0,0.0,0.0,0.0,0.17534135129681797,0.0,0.0,0.0,-678.7141799153704,678.7141799153704,0.0,0.0,0.0,0.0,-19.147275561615594,5.645991511760576,-44.598590823346306,0.0,128.85609748395544,-13.150601347261347,0.0,-8.767067564840898,0.0,-578.125,-578.125,578.125,0.0,0.0,0.0,0.0,0.0,0.0,0.0,179.6902447613172,837.3691733860148,0.0,0.0,349.8785012821767,0.0,0.0,0.0,-0.17534135129681797,0.0,0.0,0.17534135129681797,0.0,0.17534135129681797,0.0,0.0,0.0,105.2048107780908,213.91644858211797,213.91644858211797,0.0,0.0,0.0,0.0,0.0,0.0,0.0,949.3518892647902,0.0,634.7735568215847,0.0,0.0,0.0,879.8911743616796,0.0,0.0,0.0,0.0,0.0,0.0,0.0,0.0,0.0,0.0,0.0,0.0,0.0,0.0,0.0,-1000.0,1000.0,0.26301202694522696,0.0,0.0,0.0,-52.6024053890454,0.0,0.0,0.0,0.0,0.0,-127.67152425306062,8.767067564840898,0.0,0.0,0.0,-953.125,-99.56356475199593,-5.645991511760576,-8.767067564840898,0.0,0.0,0.0,0.0,0.0,0.0,0.0,179.6902447613172,0.0,0.0,-196.53463429475585,127.67152425306062,0.0,-73.20729473422901,-99.56356475199593,0.0,0.0,0.0,0.0,44.598590823346306,-1000.0,0.0,8.767067564840898,318.51830404978887,0.0,0.0,0.0,-90.78020492885412,0.0,0.0,-390.62500000033083,390.62500000033083,0.0,0.0,0.0,0.0,0.0,0.0,-26.301202694522715,213.91644858211797,0.0,0.0,0.0,0.0,0.0,0.0,0.0,0.0,0.0,0.0,0.0,0.0,140.82212560032195,-231.56330315191917,1000.0,0.0,52.6024053890454,0.0,0.0,0.0,0.0,-392.9812901642739,0.0,0.0,0.19287548642698465,0.0,0.0,0.0,106.95822429105898,0.0,0.0,0.0,0.0,255.82543017044722,0.0,0.0,0.0,0.0,0.0,0.0,0.0,0.0,0.0,0.0,0.017534135129681796,0.017534135129681796,0.0,0.0,0.0,0.0,0.0,0.0,0.0,0.0,0.0,-138.84687313710748,0.0,0.0,0.0,0.0,0.0,127.67152425306062,0.0,0.0,0.0,0.0,0.0,0.0,0.0,574.841908525528,0.0,0.0,0.0,0.0,1000.0,1000.0,-786.8358400820806,0.0,0.0,0.0,105.2048107780908,0.0,0.0,0.0,0.0,0.0,232.86419971393525,-338.06901049202605,0.0,0.0,0.0,0.0,0.0,0.0,0.0,0.0,0.0,0.0,0.0,0.0,-1000.0,-1000.0,1000.0,0.0,-52.6024053890454,0.0,-129.55746288914295,0.0,0.0,0.0,0.0,0.0,0.0,0.0,0.0,0.0,85.9375,0.0,-85.9375,-85.9375,0.0,0.0,0.0,0.0,-21.917668912102243,179.6902447613172,-13.150601347261347,893.041775708941,0.0,0.0,0.0,0.0,0.0,-142.75929152872402,140.5675246375138,135.37879575220035,0.0,0.0,0.0,0.0,0.0,0.0,0.0,1000.0,52.6024053890454,52.602405389045394,0.0,0.0,0.0,0.0,0.0,0.19287548642698465,127.67152425306062,0.0,0.0,129.55746288914295,0.0,0.0,0.0,0.0,0.0,0.0,0.0,0.0,0.0,0.0,0.0,0.0,0.0,0.0,410.8763778217254,0.0,0.0,0.0,0.0,184.10841886165892,13.501284049855016,0.0,0.0,0.0,0.0,0.0,127.67152425306062,0.0,0.0,0.0,0.0,0.0,-21.917668912102243,0.0,0.0,0.0,0.0,0.0,0.0,0.0,0.0,0.0,0.0,0.0,0.0,0.0,0.0,0.0,0.0,0.0,0.0,-0.17534135129681797,0.0,0.0,8.767067564840898,-1000.0,0.0,0.0,0.0,0.0,179.6902447613172,0.0,0.0,0.0,-864.7942840150231,4.383533782420449,0.0,0.0,178.24724435654923,0.17534135129681797,0.0,175.34135129681798,-54.35581890201358,35.068270259363594,1.2524382235486997,489.20237011812225,-0.13150601347261348,8.767067564840898,3.5068270259363596,-0.8767067564843387,-489.20237011812225,52.602405389045394,-0.17534135129681797,33.187854917331975,0.0,0.0438353378242045,1.2524382235486997,-99.56356475199593,-27.914343126456494,-3.5068270259363596,-489.20735306230927,-0.17534135129681797,0.04383533782420449,-489.20237011812225,342.5295239086049,0.17534135129681797,0.17534135129681797,-127.30330741533682,0.19287548642649976,-1000.0,-0.13150601347261348,52.602405389045394,0.17534135129681797,52.6024053890454,-87.67067564840899,-0.087670675648409,199.12712950399185,-17.709476480978616,-0.13150601347261348,-0.17534135129681797,-54.35581890201358,0.17534135129681797,17.534135129681797,-3.5068270259363596,0.0,0.0,-17.534135129681772,489.20735306230927,0.0,35.068270259363594,0.26301202694522696,-1000.0,17.534135129681797,-201.90584987898023,0.0,-35.068270259363594,0.087670675648409,1.7534135129681798,16.593927458665988,162.73979451242423,-0.17534135129681797,-167.12332829484467,127.30330741533682,54.35581890201358,0.17534135129681797,27.914343126456494,-535.4050103351047,0.0,-0.17534135129681797,-0.0438353378242045,0.0,-0.17534135129681797,-746.1288644833884,0.17534135129670428,-0.0438353378242045,-0.0438353378242045,-0.0438353378242045,70.13654051872719,87.67067564840899,1.7534135129681798,129.9060236420383,-0.04383533782420449,0.0,8.767067564840898,381.8314998065351,0.17534135129681797,0.087670675648409,0.08767067564840898,-72.3109872509768,54.35581890201358,0.17534135129681797,-54.35581890201358,1.7534135129681798,0.17534135129681797,-129.9060236420383,0.17534135129681797,0.7013654051875061,0.8767067564843387,0.087670675648409,0.0438353378242045,52.602405389045394,-0.17534135129681797,1000.0,1.7534135129681798,-259.8120472840766,4.383533782420448,-17.534135129681797,35.068270259363594,8.767067564840898,-0.17534135129681797,99.56356475199593,0.26301202694522696,-0.17534135129681797,144.6219745019536,54.35581890201358,621.3961978260056,0.08767067564840898,-763.6629996130702,-0.17534135129681797,-0.17534135129670428,-0.17534135129681797,0.08767067564840898,489.20237011812225,-35.068270259363594,0.17534135129681797,33.187854917331975,-0.0438353378242045,-0.19287548642649976,-33.187854917331975,26.301202694522697,17.709476480978616,423.65188336465684,489.20237011812225,-0.13150601347261348,167.12332829484467,-162.73979451242423,0.17534135129681797,-0.0438353378242045,160.70110339617457,175.34135129681798,-0.087670675648409,-0.17534135129681797,0.04383533782420449,0.0,0.0,988.7996362376485,0.0,-1000.0,0.0,494.34778454950845,-556.4368736362595,324.99538877892314,-211.91079826287947,48.53706970692813,987.4909137396556,-11.112693086703075,105.95539913143973,500.0,-24.268534853464065,-324.99538877892314,278.21843681812976,-127.67152425306062,-228.41490766173172,11.112693086703075,-987.4909137396556,-228.41490766173172,-494.34778454950845,506.1093298774657,0.0,1496.5981,bhi
361,0.0,0.0,0.0,0.0,0.0,0.0,0.0,0.0,-0.15856073105147583,0.0,0.0,0.0,0.0,0.0,0.0,0.0,-523.4513152015204,711.2094740209361,0.0,187.8453121260004,0.0,0.0,0.0,656.0436669122851,0.0,0.0,0.0,0.0,0.0,-84.71293305296444,0.0,0.0,657.4960228789625,0.0,0.0,0.0,0.0,32.367919813012634,0.0,342.8167976774258,952.4317806845572,0.0,0.0,732.3507026769602,0.0,0.0,0.0,0.0,859.0573182770404,0.0,0.0,0.0,0.0,0.17441680415652172,0.0,0.0,0.0,31.71214621029517,0.0,0.0,-13.963915047932915,0.0,0.0,-13.963915047932915,15.499282117468136,0.0,0.0,0.0,130.61393957839243,-130.61393957839243,0.0,1.5856073105147588,0.0,0.0,0.0,0.0,0.0,0.0,0.0,0.0,0.0,0.0,26.233909769296336,0.0,95.13643863088552,0.0,0.0,-612.7249091124872,1000.0,-347.27762301761675,39.94029654863929,0.0,0.0,-1000.0,47.56821931544276,0.0,47.56821931544276,-5.105655539856372,0.0,0.0,26.233909769296336,231.04267975698326,-849.9162730170077,0.0,0.0,-338.99978496479986,0.0,0.0,0.0,0.0,0.0,0.0,0.0,0.0,0.0,0.0,0.0,0.0,0.0,0.0,0.0,0.0,0.0,0.0,-631.8348760014746,0.0,0.0,47.56821931544276,0.0,49.153826625957514,15.823559302107299,0.0,0.0,0.0,0.0,0.0,0.0,0.0,0.0,0.0,0.0,0.0,0.0,0.0,0.0,-14.024733478332703,0.15856073105147583,39.979936731402155,0.0,0.0,0.0,0.0,0.0,0.0,0.0,0.0,943.4314224189197,0.0,0.0,0.0,0.0,0.0,999.8414392689485,999.8414392689485,0.0,0.0,0.0,0.0,-798.8912223284236,0.0,0.0,1000.0,0.0,0.0,0.0,-69.83048557683196,0.0,0.0,0.0,0.0,0.0,0.0,0.0,0.0,0.0,0.0,0.0,0.0,0.0,0.0,0.0,-1000.0,0.0,0.0,0.0,0.0,0.0,0.0,0.0,-652.7223769823833,652.7223769823833,0.0,0.0,0.0,0.0,0.0,0.0,0.0,765.2033399640433,-1000.0,0.0,0.0,0.0,0.0,0.0,0.0,0.0,0.0,0.0,0.0,0.0,0.0,0.0,0.0,27.064672264805576,-250.89307002255555,0.0,0.0,0.0,0.0,277.2648654056129,0.0,0.0,0.0,0.0,-13.963915047932915,-983.2437726995157,0.0,0.0,0.0,0.0,0.0,0.0,0.0,0.0,0.0,0.0,0.0,0.0,-1000.0,652.7223769823833,-406.3899678178301,0.0,250.89307002255555,0.0,0.0,0.0,-344.4853107650654,0.0,0.0,0.0,-398.58194899315924,0.0,0.0,-348.7503386749105,0.0,0.0,-348.7503386749107,0.0,0.0,347.27762301761675,0.0,0.0,0.0,0.0,196.7666928322193,0.0,0.0,0.0,-1000.0,0.0,1000.0,0.0,999.6828785378971,0.0,0.0,-860.6261418876106,0.0,0.0,0.0,-13.963915047932915,-0.23784109657721378,0.0,0.0,0.0,0.0,0.15856073105147583,0.0,0.0,0.0,675.1669152789443,-523.4513152015204,0.0,-309.22058076099523,-321.58023212037443,0.0,1000.0,0.0,0.0,0.0,-338.99978496479986,0.0,0.0,0.0,-13.652078943531967,720.495484517593,-706.8434055740611,-1000.0,-1000.0,0.0,0.0,0.0,0.0,0.0,0.0,0.0,0.0,0.0,0.0,0.0,0.0,0.0,0.0,0.0,0.0,0.0,-966.9978372627813,0.0,-1000.0,0.0,0.0,0.0,0.0,0.0,0.0,42.822357347006985,0.0,0.0,0.0,0.0,223.11464320440948,0.0,0.0,-119.48535815477852,180.5707387930181,-851.1094240959854,644.5317657806479,-7.928036552573793,0.0,493.34138121324884,0.0,0.0,28.219911903817888,-184.53475706930502,0.0,0.0,0.0,662.138864780584,-821.9609769409526,0.0,47.56821931544276,0.0,0.0,0.0,0.0,0.0,0.0,0.0,0.0,0.0,0.0,-67.23465311267574,0.0,0.0,0.0,0.0,0.0,765.2033399640433,0.0,0.0,-27.92783009586583,0.0,0.0,0.0,0.0,0.0,0.0,0.0,-20.503547050637184,0.3171214621030576,0.0,0.0,0.0,0.0,0.0,0.0,0.0,0.0,0.0,0.0,0.0,0.0,0.0,0.0,0.0,0.0,0.0,0.0,0.0,0.17441680415652172,0.17441680415652172,0.0,274.00335930376934,0.0,95.13643863088552,0.0,0.0,0.0,1000.0,0.0,0.0,0.0,0.0,0.0,349.59870523019225,-1000.0,0.0,0.0,0.0,0.0,0.0,0.0,0.0,0.0,0.0,0.0,0.0,0.0,0.0,210.6116253338249,-675.1669152789443,0.0,0.0,12.209176290963633,0.0,-1000.0,0.0,-277.2648654056129,0.0,349.59870523019225,0.0,329.0951581795551,0.0,0.0,0.0,0.0,0.0,0.0,0.0,0.0,0.0,0.0,0.0,0.0,0.0,0.0,0.0,0.0,0.0,95.13643863088552,0.0,0.0,0.0,0.0,0.0,0.0,0.0,0.0,0.0,0.0,0.0,0.0,1.5856073105147588,0.0,0.0,0.0,0.0,0.0,0.0,0.0,0.0,47.56821931544276,0.0,0.0,0.0,0.0,0.0,0.0,0.0,0.0,0.0,0.0,1000.0,0.0,0.0,47.56821931544276,47.56821931544276,609.8321770050804,-1000.0,0.0,0.0,0.0,0.0,0.0,0.0,0.0,849.9162730170077,765.2033399640433,485.27689118426724,0.15856073105147583,0.0,0.0,146.10785967805194,0.0,0.0,0.0,1000.0,0.0,0.0,0.0,0.0,0.0,0.0,0.0,0.0,0.0,0.0,0.0,0.0,0.0,0.0,0.15856073105147583,0.0,0.0,0.0,0.0,0.0,0.0,0.0,0.0,0.0,0.0,657.1406162373789,0.0,-614.3182588903719,-33.00216273721861,-11.89205482886069,-7.928036552573799,0.0,0.0,0.0,0.0,0.0,0.0,0.0,0.0,0.0,0.0,0.0,0.0,0.0,0.0,0.0,0.0,670.0669013331577,0.0,0.0,0.0,-0.15856073105147583,0.0,0.0,0.15856073105147583,0.0,0.15856073105147583,0.0,0.0,0.0,95.13643863088552,193.44409188280056,193.44409188280056,0.0,0.0,0.0,0.0,0.0,0.0,0.0,0.0,0.0,765.2033399640433,0.0,0.0,0.0,0.0,0.0,0.0,0.0,0.0,0.0,0.0,0.0,0.0,0.0,0.0,0.0,0.0,0.0,277.2648654056129,0.0,0.0,0.0,0.23784109657721378,0.0,0.0,0.0,-47.56821931544276,0.0,0.0,0.0,0.0,0.0,-274.00335930376934,7.928036552573793,0.0,0.0,0.0,0.0,798.8912223284236,-42.822357347006985,0.0,0.0,0.0,0.0,0.0,0.0,0.0,0.0,0.0,0.0,0.0,942.0033210555787,274.00335930376934,0.0,-370.3477316134851,-338.99978496479986,0.0,0.0,614.3182588903719,-614.3182588903719,0.0,-537.9294026478659,0.0,7.928036552573799,352.090744091118,0.0,0.0,0.0,-27.92783009586583,0.0,0.0,0.0,0.0,0.0,-28.797623868674282,0.0,0.0,0.0,-11.89205482886058,-11.892054828860681,193.44409188280056,0.0,0.0,0.0,0.0,0.0,0.0,0.0,0.0,0.0,0.0,0.0,0.0,297.7874689614906,-146.10785967805194,0.0,0.0,47.56821931544276,0.0,0.0,0.0,0.0,154.8658242507592,0.0,0.0,0.17441680415652172,0.0,0.0,0.0,96.72204594140028,0.0,0.0,0.0,0.0,27.064672264805576,0.0,0.0,0.0,0.0,0.0,0.0,0.0,0.0,219.2681864611916,0.0,0.015856073105147587,0.015856073105147587,0.0,0.0,0.0,0.0,0.0,0.0,0.0,0.0,0.0,146.10785967805194,0.0,0.0,0.0,0.0,0.0,274.00335930376934,0.0,0.0,0.0,0.0,0.0,0.0,0.0,0.0,0.0,0.0,0.0,0.0,0.0,0.0,711.2094740209361,0.0,0.0,0.0,95.13643863088552,0.0,0.0,0.0,0.0,0.0,0.0,-95.13643863088552,0.0,0.0,0.0,0.0,0.0,0.0,0.0,0.0,0.0,0.0,0.0,0.0,-485.27689118426724,-1000.0,108.61410077026099,0.0,-47.56821931544276,0.0,32.367919813012634,0.0,0.0,0.0,0.0,0.0,0.0,0.0,0.0,0.0,0.0,0.0,0.0,0.0,0.0,0.0,0.0,0.0,-19.820091381434487,0.0,-235.00669803327014,0.0,0.0,0.0,0.0,0.0,0.0,-643.0043410628202,641.0223319246768,27.92783009586583,0.0,0.0,0.0,0.0,0.0,0.0,0.0,1000.0,47.56821931544276,47.56821931544276,0.0,0.0,0.0,0.0,0.0,0.17441680415652172,274.00335930376934,0.0,0.0,-32.367919813012634,0.0,0.0,0.0,0.0,0.0,0.0,0.0,0.0,0.0,0.0,0.0,0.0,0.0,0.0,0.0,0.0,0.0,15.823559302107299,0.0,166.48876760404966,0.0,0.0,12.209176290963633,0.0,0.0,0.0,274.00335930376934,0.0,29.788665254576813,0.0,0.0,0.0,-19.820091381434487,0.0,0.0,0.0,0.0,0.0,0.0,0.0,0.0,0.0,0.0,0.0,0.0,0.0,0.0,0.0,0.0,0.0,0.0,-0.15856073105147583,0.0,0.0,7.928036552573793,-349.59870523019225,0.0,0.0,0.0,0.0,0.0,0.0,0.0,0.0,13.652078943531967,3.9640182762868963,0.0,0.0,0.0,0.15856073105147583,0.0,158.56073105147584,-33.330267323850194,31.712146210295174,1.1325766503676846,474.0315582378322,-0.11892054828860689,119.48535815477852,3.171214621029517,-0.7928036552574511,-474.0315582378322,47.56821931544276,-0.15856073105147586,112.99992832159995,0.0,0.03964018276286896,1.1325766503676846,-338.99978496479986,-25.242868383393805,-3.171214621029517,-375.6034709454161,-0.15856073105147586,0.039640182762868965,-474.0315582378322,675.9153460997138,0.15856073105147586,0.15856073105147583,-273.67038176856136,0.17441680415662345,0.0,-0.11892054828860689,47.56821931544276,0.15856073105147586,47.56821931544276,-79.28036552573793,-0.07928036552573793,-265.43185248932,-293.27949924181195,-0.11892054828860689,-0.15856073105147586,-33.330267323850194,0.15856073105147583,15.856073105147585,-3.171214621029517,277.2648654056129,277.2648654056129,-15.85607310514763,375.6034709454161,-277.2648654056129,31.71214621029517,0.23784109657721378,45.212872315970564,15.856073105147585,-210.6116253338249,0.0,-31.71214621029517,0.07928036552573792,1.5856073105147588,77.30514519024881,305.7155055140645,-0.15856073105147583,-309.6795237903513,273.67038176856136,49.153826625957514,0.15856073105147586,25.242868383393805,-850.3321502563372,0.0,-0.15856073105147583,-0.03964018276286896,0.0,-0.15856073105147586,-20.503547050637184,0.15856073105170324,-0.03964018276286896,-0.03964018276286896,-0.03964018276286896,63.42429242059034,79.28036552573793,1.5856073105147588,181.99029195990497,-0.039640182762868965,41.610362058897664,7.928036552573793,18.179810077892384,0.15856073105147583,0.07928036552573792,0.07928036552573793,15.856073105147585,33.330267323850194,0.15856073105147583,-33.330267323850194,1.5856073105147588,0.15856073105147586,-311.0235126441906,0.15856073105147586,0.6342429242059779,0.7928036552574511,0.07928036552573793,0.039640182762868965,47.56821931544276,-0.15856073105147586,0.0,1.5856073105147586,-363.98058391980993,115.52133987849163,-15.856073105147585,31.71214621029517,7.928036552573793,-0.15856073105147586,338.99978496479986,0.23784109657721378,-0.15856073105147586,-31.71214621029517,33.330267323850194,1.462889163526853,0.07928036552573793,-36.35962015578477,-0.15856073105147586,-0.15856073105170324,-0.1585607310514759,0.07928036552573793,474.0315582378322,-31.71214621029517,0.15856073105147583,154.61029038049762,-0.03964018276286896,-0.17441680415662345,-154.61029038049762,23.784109657721377,293.27949924181195,-876.8509343755784,474.0315582378322,-0.11892054828860689,309.6795237903513,-305.7155055140645,0.15856073105147586,-0.03964018276286896,7.928036552573799,158.56073105147584,-0.07928036552573792,-0.15856073105147586,0.039640182762868965,326.99236965380635,0.0,-45.292152681496304,129.03322068428562,-961.1787534659882,0.0,909.5110353146041,-1000.0,660.0592729945662,-147.87285954713306,374.52229186718046,338.63558540318996,0.0,73.93642977356653,480.5893767329941,-187.26114593359023,-660.0592729945662,500.0,-274.00335930376934,-156.32871341428606,0.0,-338.63558540318996,-156.32871341428606,-909.5110353146041,871.9935562328968,0.0,1496.5981,bhi
362,0.0,0.0,0.0,0.0,0.0,0.0,0.0,0.0,-0.08170735413011677,0.0,0.0,0.0,0.0,0.0,0.0,0.0,526.0792726250231,-329.2493022625318,0.0,0.0,0.0,0.0,0.0,355.4289733654002,0.0,313.9710061762297,0.0,0.0,0.0,-855.6404497760161,0.0,0.0,532.4693923143524,0.0,0.0,0.0,0.0,111.9529974914238,0.0,-1000.0,704.5230714300624,0.0,0.0,745.1850360357065,0.0,0.0,0.0,0.0,0.0,0.0,0.0,415.6238588847135,0.0,0.0898780895433544,0.0,0.0,0.0,0.0,0.0,0.0,127.90777446988513,0.0,0.0,-277.4026319009466,0.0,0.0,0.0,0.0,0.0,0.0,0.0,0.8170735413011678,0.0,0.0,0.0,0.0,0.0,0.0,0.0,325.1801183674384,0.0,0.0,0.0,0.0,49.02441247807007,0.0,0.0,1000.0,0.0,-277.09075701248537,-0.020426838532529194,0.0,0.0,0.0,24.512206239035034,0.0,295.47692856993757,-2.630976802988698,0.0,0.0,0.0,696.1246321673506,-855.6404497760161,0.0,0.0,-465.7248751593717,0.0,0.0,0.0,0.0,0.0,0.0,0.0,0.0,0.0,0.0,0.0,0.0,0.0,0.0,0.0,0.0,0.0,0.0,-434.9344283878029,0.0,0.0,295.47692856993757,0.0,25.329279780336204,0.0,0.0,-1000.0,1000.0,0.0,0.0,-405.3104063708317,0.0,0.0,0.0,0.0,0.0,0.0,0.0,0.0,6.291466268018988,0.08170735413011677,0.0,0.0,0.0,0.0,-354.92145969625363,0.0,0.0,507.09380215172166,0.0,886.7562201077814,0.0,0.0,0.0,0.0,0.0,-19.18683211739751,-19.18683211739751,0.0,0.0,0.0,0.0,0.0,0.0,0.0,-19.105124763267394,0.0,0.0,0.0,-58.01031033706329,0.0,0.0,0.0,0.0,0.0,0.0,0.0,0.0,0.0,0.0,-765.828972917088,0.0,0.0,0.0,0.0,-1000.0,0.0,0.0,0.0,0.0,0.0,0.0,-415.6238588847135,277.09075701248537,-277.09075701248537,0.0,0.0,0.0,0.0,0.0,0.0,0.0,0.0,-10.213419266264602,0.0,0.0,0.0,0.0,0.0,0.0,0.0,0.0,0.0,0.0,0.0,0.0,0.0,628.0851424635091,198.05636271562418,745.1850360357065,0.0,0.0,0.0,405.3104063708317,0.0,0.0,0.0,0.0,0.0,127.90777446988513,0.0,0.0,0.0,0.0,0.0,0.0,0.0,0.0,0.0,0.0,16.341470826023354,270.96472233090253,0.0,248.86595458134272,-28.22480243114265,861.4668981277719,0.0,-745.1850360357065,0.0,0.0,405.3104063708317,99.68297203874248,0.0,0.0,0.0,-143.33820829735748,0.0,0.0,928.4419363680338,0.0,1000.0,-71.55806363196632,1000.0,0.0,277.09075701248537,0.0,-636.5346863653327,0.0,0.0,227.96351802302584,0.0,0.0,0.0,-1000.0,0.0,1000.0,0.0,-19.268539471527628,0.0,405.3104063708317,-475.93829442563634,0.0,0.0,0.0,127.90777446988513,-0.12256103119517515,0.0,0.0,0.0,0.0,0.08170735413011677,0.0,0.0,0.0,704.5230714300624,526.0792726250231,0.0,-310.4832501062478,277.25349804659146,0.0,1000.0,0.0,63.00454076973335,0.0,-465.7248751593717,0.0,0.0,0.0,936.9954592302666,0.0,-1000.0,-1000.0,-1000.0,0.0,0.0,0.0,0.0,0.0,0.0,0.0,0.0,0.0,0.0,0.0,0.0,0.0,0.0,0.0,0.0,0.0,-887.7201730920553,0.0,-1000.0,0.0,0.0,0.0,707.9915841026392,0.0,967.1623440820416,-6.291466268018988,0.0,0.0,0.0,0.0,692.0392644608447,0.0,0.0,0.0,0.0,0.0,104.15223260010521,-4.0853677065058385,0.0,-54.04941475707225,0.0,-704.1007919882478,75.77160245270359,-2.0426838532529192,0.0,661.6744904629801,0.0,0.0,1000.0,-863.7305929262393,295.47692856993757,0.0,0.0,0.0,0.0,0.0,0.0,0.0,-628.0851424635091,628.0851424635091,628.0851424635091,293.6766762267449,0.0,0.0,0.0,0.0,0.0,0.0,0.0,0.0,-149.4948574310614,0.0,0.0,0.0,0.0,0.0,0.0,0.0,-452.3420255505671,0.1634147082602908,0.0,0.0,0.0,0.0,0.0,0.0,0.0,0.0,0.0,0.0,0.0,0.0,0.0,0.0,0.0,0.0,0.0,0.0,0.0,0.0898780895433544,0.0898780895433544,0.0,0.0,0.0,49.02441247807007,0.0,0.0,0.0,1000.0,0.0,657.2258731645244,0.0,0.0,0.0,1000.0,-1000.0,0.0,0.0,0.0,0.0,0.0,0.0,0.0,0.0,0.0,0.0,0.0,0.0,0.0,144.9781427959343,-704.5230714300624,354.92145969625363,0.0,6.291466268018988,0.0,0.0,0.0,0.0,0.0,1000.0,0.0,1000.0,-452.3420255505671,0.0,0.0,628.0851424635091,0.0,0.0,0.0,0.0,0.0,0.0,0.0,0.0,0.0,0.0,0.0,0.0,0.0,49.02441247807007,405.3104063708317,405.3104063708317,0.0,0.0,0.0,0.0,0.0,0.0,0.0,0.0,0.0,0.0,0.8170735413011678,0.0,0.0,0.0,0.0,0.0,-415.6238588847135,0.0,0.0,295.47692856993757,0.0,0.0,0.0,0.0,0.0,0.0,0.0,0.0,0.0,0.0,486.07903261945694,126.91606425264274,0.0,24.512206239035034,24.512206239035034,1000.0,-1000.0,0.0,0.0,0.0,0.0,0.0,0.0,0.0,855.6404497760161,0.0,1000.0,0.08170735413011677,0.0,0.0,107.90623360798067,0.0,0.0,0.0,0.0,0.0,0.0,0.0,0.0,0.0,0.0,0.0,0.0,0.0,0.0,0.0,0.0,0.0,0.0,0.08170735413011677,0.0,0.0,0.0,0.0,0.0,0.0,0.0,0.0,0.0,0.0,0.0,-507.09380215172166,0.0,-118.57129317596365,-6.1280515597587595,-4.085367706505842,0.0,0.0,-484.37500000000006,-484.37500000000006,484.37500000000006,0.0,0.0,0.0,0.0,0.0,0.0,0.0,405.3104063708317,0.0,0.0,0.0,-859.6452252197334,0.0,0.0,0.0,-0.08170735413011677,0.0,0.0,0.08170735413011677,0.0,0.08170735413011677,0.0,0.0,0.0,49.02441247807007,99.68297203874248,99.68297203874248,0.0,0.0,0.0,0.0,0.0,0.0,0.0,354.92145969625363,0.0,0.0,0.0,0.0,0.0,944.03046242087,0.0,0.0,0.0,0.0,0.0,0.0,0.0,0.0,0.0,0.0,0.0,0.0,0.0,0.0,0.0,-400.65622554625213,400.65622554625213,0.12256103119517515,0.0,0.0,0.0,-295.47692856993757,0.0,0.0,0.0,0.0,0.0,0.0,4.0853677065058385,0.0,0.0,0.0,0.0,0.0,0.0,0.0,0.0,0.0,0.0,0.0,0.0,0.0,0.0,405.3104063708317,0.0,0.0,878.0638329144293,-628.0851424635091,0.0,1000.0,-465.7248751593717,6.291466268018988,-6.291466268018988,0.0,0.0,507.09380215172166,0.0,0.0,4.085367706505842,682.4361974378863,0.0,0.0,0.0,-149.4948574310614,0.0,0.0,906.8748816346814,-906.8748816346814,0.0,0.0,0.0,0.0,0.0,753.5728697975705,0.0,99.68297203874248,0.0,0.0,0.0,0.0,0.0,0.0,0.0,0.0,0.0,0.0,0.0,0.0,18.38415467927634,-107.90623360798067,-1000.0,0.0,24.512206239035034,0.0,0.0,0.0,0.0,-230.2029463490719,0.0,0.0,0.0898780895433544,0.0,0.0,0.0,49.84148601937124,0.0,0.0,0.0,0.0,198.05636271562418,0.0,0.0,0.0,0.0,0.0,0.0,0.0,0.0,859.7583296714976,0.0,0.008170735413011677,0.008170735413011677,0.0,0.0,0.0,0.0,0.0,0.0,0.0,0.0,0.0,107.90623360798067,0.0,0.0,0.0,0.0,0.0,0.0,0.0,0.0,0.0,0.0,0.0,0.0,0.0,0.0,0.0,0.0,0.0,0.0,0.0,0.0,-329.2493022625318,0.0,0.0,0.0,49.02441247807007,0.0,0.0,0.0,0.0,0.0,0.0,-49.02441247807007,0.0,0.0,0.0,0.0,0.0,0.0,0.0,0.0,0.0,0.0,0.0,0.0,-1000.0,-1000.0,1000.0,0.0,-295.47692856993757,0.0,111.9529974914238,0.0,0.0,0.0,0.0,0.0,0.0,0.0,0.0,0.0,867.1875,0.0,-867.1875,-867.1875,0.0,0.0,0.0,0.0,-10.213419266264602,405.3104063708317,-698.1673160206035,937.9024108611113,0.0,0.0,0.0,0.0,0.0,-1.0213419266264598,0.0,656.5886595827831,0.0,0.0,0.0,0.0,0.0,0.0,0.0,1000.0,24.512206239035034,24.512206239035034,0.0,0.0,0.0,0.0,325.1801183674384,0.0898780895433544,0.0,0.0,0.0,-111.9529974914238,0.0,0.0,0.0,0.0,0.0,0.0,0.0,0.0,0.0,0.0,0.0,0.0,0.0,0.0,43.34260968501121,0.0,0.0,0.0,0.0,85.79272183662262,0.0,0.0,6.291466268018988,0.0,0.0,0.0,0.0,0.0,-6.71634450949454,0.0,0.0,0.0,-10.213419266264602,0.0,0.0,0.0,0.0,0.0,0.0,0.0,0.0,0.0,0.0,0.0,0.0,0.0,0.0,0.0,0.0,0.0,0.0,-0.08170735413011677,0.0,0.0,4.0853677065058385,-1000.0,0.0,0.0,0.0,0.0,405.3104063708317,0.0,0.0,0.0,-936.9954592302666,2.0426838532529192,0.0,0.0,313.9710061762297,0.08170735413011677,0.0,81.70735413011677,-25.329279780336204,16.341470826023354,0.5836239580722626,227.96351802302584,-0.06128051559758758,704.1007919882478,1.6341470826023354,-0.4085367706509686,-227.96351802302584,24.51220623903503,-0.08170735413011677,155.2416250531239,0.0,0.020426838532529194,0.5836239580722626,-465.72487515937166,-13.007810777513528,-1.6341470826023354,-196.82997036249134,-0.08170735413011687,0.020426838532529194,-227.96351802302584,8.170735413011677,0.08170735413011677,0.08170735413011677,0.17158544367347117,0.08987808954312845,-53.361667546176136,-0.06128051559758758,24.512206239035034,0.08170735413011677,295.47692856993757,230.11104526584415,-0.04085367706505839,98.0551977571381,-8.252442767141794,-0.06128051559758758,-0.08170735413011677,-25.329279780336204,0.08170735413011677,8.170735413011677,-1.6341470826023354,0.0,0.0,-8.170735413011677,196.82997036249134,0.0,16.341470826023354,0.12256103119517515,-1000.0,8.170735413011677,-144.9781427959343,0.0,-16.341470826023354,0.04085367706505839,0.8170735413011678,77.62081252656195,-611.7436716374857,-0.08170735413011677,-18.38415467927634,-0.17158544367347117,25.329279780336204,0.08170735413011677,13.007810777513528,-369.0135472870423,0.0,-0.08170735413011677,-0.020426838532529194,0.0,-0.08170735413011677,-452.3420255505671,0.08170735413023046,-0.020426838532529194,-0.020426838532529194,-0.020426838532529194,32.68294165204671,-230.11104526584415,0.8170735413011678,60.53493599114691,-0.020426838532529194,0.0,4.0853677065058385,230.2563804817894,0.08170735413011677,0.04085367706505839,0.04085367706505839,-194.48446777240417,25.329279780336204,0.08170735413011677,-25.329279780336204,0.8170735413011678,0.08170735413011677,-60.53493599114691,0.08170735413011677,0.3268294165208538,0.4085367706509686,0.04085367706505839,0.020426838532529194,24.512206239035034,-0.08170735413011677,53.361667546176136,0.8170735413011677,-121.06987198229382,702.0581081349949,-8.170735413011677,16.341470826023354,4.0853677065058385,-0.08170735413011677,465.72487515937166,0.12256103119517515,-0.08170735413011677,388.96893554480835,25.329279780336204,404.5071129233779,0.04085367706505839,-460.5127609635788,-0.08170735413011677,-0.08170735413023046,-0.08170735413011677,0.04085367706505839,227.96351802302584,-16.341470826023354,0.08170735413011677,155.2416250531239,-0.020426838532529194,-0.08987808954312845,-155.2416250531239,12.256103119517515,8.252442767141794,-27.35873884241655,227.96351802302584,-0.06128051559758758,18.38415467927634,611.7436716374857,0.08170735413011687,-0.020426838532529197,4.085367706505842,81.70735413011677,-0.04085367706505839,-0.08170735413011677,0.020426838532529194,1000.0,0.0,999.959146322935,0.0,-1000.0,0.0,112.03482246780476,-1000.0,0.0,1000.0,155.70672810660346,-661.4200111297698,0.0,-500.0,500.0,-77.85336405330173,0.0,500.0,0.0,-174.30416657430604,0.0,661.4200111297698,-174.30416657430604,-112.03482246780476,236.43881717091767,0.0,1496.5981,bhi
363,0.0,0.0,0.0,0.0,0.0,0.0,0.0,0.0,-0.07863757496233208,0.0,0.0,0.0,0.0,0.0,0.0,0.0,-122.2710888174405,-318.3214998641407,0.0,0.0,0.0,0.0,0.0,524.7089907449389,0.0,0.0,0.0,0.0,0.0,-335.45160557735244,0.0,0.0,0.0,0.0,0.0,0.0,0.0,-13.772060628403604,0.0,-1000.0,976.4087275113004,0.0,0.0,0.0,0.0,0.0,0.0,0.0,244.542177634881,0.0,0.0,0.0,0.0,0.086501332458645,0.0,0.0,0.0,15.727514992466416,0.0,0.0,-6.9253491016829685,0.0,6.9253491016829685,0.0,811.8492198131389,0.0,0.0,0.0,0.0,0.0,0.0,0.7863757496233208,0.0,0.0,0.0,0.0,0.0,0.0,0.0,0.0,0.0,0.0,0.0,0.0,47.182544977399246,0.0,0.0,0.0,0.0,437.1363225009783,-0.01965939374058302,0.0,0.0,0.0,23.591272488699623,0.0,23.591272488699623,0.0,0.0,0.0,0.0,3.931878748116604,-335.45160557735244,0.0,0.0,-140.2942045707672,0.0,1000.0,0.0,0.0,0.0,0.0,0.0,0.0,0.0,0.0,0.0,0.0,0.0,0.0,0.0,0.0,0.0,0.0,-654.0040993352316,0.0,0.0,23.591272488699623,0.0,24.37764823832294,0.0,0.0,-198.20255321829939,198.20255321829939,0.0,0.0,0.0,0.0,0.0,0.0,0.0,0.0,0.0,0.0,0.0,6.055093272099595,0.07863757496233208,0.0,0.0,0.0,0.0,0.0,0.0,0.0,0.0,0.0,809.9309474619629,0.0,0.0,0.0,0.0,0.0,999.9213624250376,999.9213624250376,0.0,0.0,0.0,0.0,614.7970270863833,0.0,0.0,1000.0,0.0,0.0,0.0,0.0,-454.2799131260597,0.0,0.0,0.0,0.0,0.0,0.0,0.0,0.0,0.0,0.0,0.0,0.0,0.0,0.0,353.33738226256844,0.0,0.0,0.0,0.0,0.0,0.0,0.0,562.8636774990217,-562.8636774990217,0.0,0.0,0.0,0.0,0.0,0.0,0.0,0.0,-1000.0,0.0,0.0,0.0,0.0,0.0,0.0,0.0,0.0,0.0,0.0,0.0,0.0,0.0,656.3965706763486,-368.21365383379265,213.18051675991194,0.0,0.0,0.0,0.0,216.96574803674048,0.0,0.0,0.0,0.0,-6.9253491016829685,213.18051675991194,0.0,0.0,0.0,0.0,0.0,0.0,0.0,0.0,37.02976354027447,0.0,0.0,0.0,314.74727732109426,-248.11640017792746,807.4058551339027,0.0,-213.18051675991194,0.0,0.0,0.0,24.521739787999067,0.0,0.0,0.0,-7.925356929953807,0.0,0.0,-380.4461346307008,-380.4461346307007,-922.9530193511471,0.0,0.0,-542.5068847204464,562.8636774990217,0.0,0.0,0.0,0.0,2.433086108166009,0.0,0.0,0.0,0.0,0.0,0.0,0.0,999.8427248500753,0.0,0.0,0.0,0.0,0.0,0.0,-6.9253491016829685,-0.11795636244349811,0.0,0.0,0.0,0.0,0.07863757496233208,0.0,0.0,0.0,-630.924166328283,-122.2710888174405,0.0,-880.2904130470022,-201.80028128342104,454.2799131260597,1000.0,0.0,0.0,0.0,-140.2942045707672,0.0,0.0,0.0,696.6580511521937,0.0,-696.6580511521937,-1000.0,-1000.0,0.0,0.0,0.0,0.0,0.0,0.0,0.0,0.0,0.0,0.0,0.0,0.0,0.0,0.0,0.0,0.0,0.0,-419.839783179135,0.0,-1000.0,0.0,593.6177271494194,34.49763362648665,65.78002165376232,828.5177742977174,0.0,-43.08485681237418,0.0,0.0,0.0,607.3749828823246,0.0,0.0,0.0,509.80368257532876,0.0,0.0,715.048853419378,45.30463564102517,0.0,-720.0311727733616,0.0,-546.6255721503265,781.2439150767218,-1.965939374058302,-49.236514389141774,-977.4539068016961,0.0,0.0,174.06698638945,910.1584429287478,23.591272488699623,-734.3749999999684,734.3749999999684,0.0,352.2449441469626,0.0,0.0,0.0,-656.3965706763486,656.3965706763486,656.3965706763486,-185.9941287159923,0.0,0.0,0.0,0.0,0.0,0.0,0.0,0.0,-13.850698203365937,0.0,-703.124999999995,0.0,0.0,0.0,0.0,0.0,-391.8049263224923,0.15727514992465785,0.0,0.0,0.0,0.0,0.0,0.0,0.0,0.0,0.0,0.0,0.0,0.0,0.0,0.0,0.0,0.0,0.0,0.0,0.0,0.086501332458645,0.086501332458645,0.0,0.0,0.0,47.182544977399246,0.0,0.0,0.0,-36.35222915744945,0.0,0.0,0.0,0.0,0.0,1000.0,36.35222915744945,0.0,0.0,290.3802219705602,0.0,0.0,0.0,0.0,0.0,0.0,0.0,0.0,0.0,0.0,218.0013664450772,630.924166328283,0.0,0.0,6.055093272099595,0.0,0.0,0.0,-216.96574803674048,0.0,1000.0,0.0,608.1950736775077,0.0,0.0,0.0,656.3965706763486,0.0,0.0,0.0,0.0,0.0,0.0,0.0,0.0,0.0,0.0,0.0,0.0,0.0,47.182544977399246,0.0,0.0,0.0,0.0,0.0,0.0,0.0,0.0,0.0,0.0,0.0,0.0,0.7863757496233208,0.0,0.0,0.0,0.0,0.0,0.0,0.0,0.0,23.591272488699623,-290.3802219705602,0.0,0.0,0.0,0.0,0.0,0.0,0.0,0.0,0.0,260.6805095355467,154.4877917194932,0.0,23.591272488699623,23.591272488699623,-9.8296968702914,36.35222915744945,0.0,0.0,0.0,0.0,0.0,0.0,0.0,335.45160557735244,0.0,344.3599321943354,0.07863757496233208,0.0,0.0,0.0,103.85215167703983,18.151207477083176,0.0,0.0,0.0,0.0,0.0,0.0,0.0,0.0,0.0,0.0,0.0,0.0,0.0,0.0,0.0,0.0,0.07863757496233208,0.0,0.0,0.0,73.30832140938048,-73.30832140938048,0.0,0.0,0.0,593.6177271494194,0.0,1000.0,0.0,-588.7474400067525,-1000.0,-5.897818122174796,-3.931878748116604,0.0,0.0,0.0,0.0,0.0,0.0,0.0,0.0,0.0,0.0,0.0,0.0,0.0,454.2799131260597,0.0,0.0,914.0903216768644,0.0,0.0,0.0,-0.07863757496233208,0.0,0.0,0.07863757496233208,0.0,0.07863757496233208,0.0,0.0,0.0,47.182544977399246,95.93784145404513,95.93784145404513,0.0,0.0,0.0,0.0,0.0,0.0,0.0,0.0,0.0,0.0,0.0,0.0,703.4287463564506,0.0,0.0,0.0,0.0,0.0,0.0,0.0,0.0,0.0,0.0,0.0,0.0,0.0,0.0,216.96574803674048,0.0,0.0,0.0,0.11795636244349811,0.0,0.0,0.0,-23.591272488699623,0.0,0.0,0.0,0.0,0.0,0.0,3.931878748116604,0.0,0.0,0.0,0.0,-614.7970270863833,34.49763362648665,0.0,0.0,-703.124999999995,0.0,0.0,0.0,0.0,0.0,0.0,0.0,290.3802219705602,0.0,-656.3965706763486,0.0,-1000.0,-122.14299709368402,419.839783179135,-8.587223185887524,588.7474400067525,-1000.0,0.0,-71.41610166604606,0.0,3.931878748116604,1000.0,0.0,961.2728666542637,0.0,-13.850698203365937,0.0,0.0,0.0,0.0,0.0,0.0,0.0,0.0,0.0,0.0,-11.795636244349794,95.93784145404513,0.0,484.375,484.375,-484.375,0.0,0.0,0.0,0.0,0.0,37.02976354027447,0.0,0.0,5.897818122174796,-103.85215167703983,0.0,0.0,23.591272488699623,0.0,0.0,0.0,0.0,163.16671884633902,0.0,0.0,0.086501332458645,0.0,0.0,0.0,47.968920727022564,0.0,0.0,0.0,0.0,-368.21365383379265,0.0,0.0,0.0,0.0,0.0,0.0,0.0,0.0,0.0,0.0,0.007863757496233208,0.007863757496233208,0.0,0.0,0.0,0.0,0.0,0.0,0.0,0.0,0.0,0.0,0.0,0.0,0.0,0.0,0.0,0.0,0.0,0.0,0.0,0.0,0.0,0.0,0.0,0.0,0.0,0.0,0.0,0.0,0.0,0.0,-318.3214998641407,0.0,0.0,0.0,47.182544977399246,0.0,0.0,0.0,0.0,0.0,-47.182544977399246,0.0,0.0,0.0,0.0,0.0,0.0,0.0,0.0,0.0,0.0,0.0,0.0,0.0,-1000.0,-1000.0,757.2954852056481,-23.591272488699623,0.0,0.0,579.8456665210158,0.0,0.0,0.0,0.0,0.0,0.0,0.0,0.0,0.0,851.5625,0.0,-851.5625,-851.5625,0.0,0.0,0.0,0.0,-9.8296968702914,0.0,-5.897818122174796,709.3265644786255,0.0,0.0,0.0,0.0,0.0,-798.1527844947198,797.1698148076906,13.850698203365937,0.0,0.0,0.0,0.0,0.0,0.0,0.0,344.3599321943354,23.591272488699623,23.591272488699623,0.0,0.0,0.0,0.0,0.0,0.086501332458645,0.0,0.0,0.0,-579.8456665210158,0.0,0.0,0.0,0.0,0.0,0.0,0.0,0.0,0.0,0.0,0.0,0.0,0.0,0.0,0.0,0.0,0.0,0.0,0.0,82.56945371044868,6.055093272099595,0.0,0.0,0.0,0.0,0.0,0.0,0.0,-3.931878748116604,0.0,0.0,0.0,-9.8296968702914,0.0,0.0,0.0,0.0,0.0,0.0,0.0,0.0,0.0,0.0,0.0,0.0,0.0,0.0,0.0,0.0,0.0,0.0,-0.07863757496233208,0.0,0.0,3.931878748116604,-1000.0,0.0,0.0,0.0,0.0,0.0,0.0,0.0,0.0,-696.6580511521937,1.965939374058302,0.0,0.0,0.0,0.07863757496233208,0.0,78.63757496233208,-24.37764823832294,15.727514992466416,0.5616969640166577,219.39883414490646,-0.058978181221749054,36.82188957499778,1.5727514992466416,-0.3931878748115878,-219.39883414490646,23.591272488699623,-0.07863757496233206,46.764734856922395,0.0,0.01965939374058302,0.5616969640166577,-140.2942045707672,-12.519101934004128,-1.5727514992466354,440.5925886815812,-0.07863757496233208,0.01965939374058302,-219.39883414490646,7.863757496233208,0.07863757496233206,0.07863757496233208,0.1651389074209771,0.08650133245856528,-93.06530970387456,-0.058978181221749054,23.591272488699623,0.07863757496233208,23.591272488699623,-39.31878748116604,-0.03931878748116604,-436.27722861655394,-224.908143107936,-0.058978181221749054,-0.07863757496233208,-24.37764823832294,0.07863757496233208,7.863757496233208,-1.5727514992466416,216.96574803674048,216.96574803674048,-7.863757496233208,-440.5925886815812,-216.96574803674048,15.727514992466416,0.11795636244349811,-549.4095679528597,7.863757496233208,-218.0013664450772,0.0,-15.727514992466416,0.03931878748116604,0.7863757496233208,220.07260326175054,-640.6690556838821,-0.07863757496233208,-17.69345436652459,-0.1651389074209771,24.37764823832294,0.07863757496233208,12.519101934004128,-94.36508995479889,0.0,-0.07863757496233208,-0.01965939374058302,0.0,-0.07863757496233208,-391.8049263224923,0.07863757496227208,-0.01965939374058302,-0.01965939374058302,-0.01965939374058302,31.455029984932832,39.31878748116604,0.7863757496233208,58.2606133502195,-0.01965939374058302,393.38047166657867,3.931878748116604,199.83434190936276,0.07863757496233208,0.03931878748116604,0.03931878748116604,7.863757496233208,24.37764823832294,0.07863757496233208,-24.37764823832294,0.7863757496233208,0.07863757496233208,-58.2606133502195,0.07863757496233208,0.314550299849202,0.3931878748115878,0.03931878748116604,0.01965939374058302,23.591272488699623,-0.07863757496233208,93.06530970387456,0.7863757496233177,-116.521226700439,34.8559502009395,-7.863757496233208,15.727514992466416,3.931878748116604,-0.07863757496233208,140.2942045707672,0.11795636244349811,-0.07863757496233208,-15.727514992466416,24.37764823832294,101.19316529547424,0.03931878748116604,-399.6686838187255,-0.07863757496233208,-0.07863757496227208,-0.07863757496233208,0.03931878748116604,219.39883414490646,-15.727514992466416,0.07863757496233208,440.1452065235011,-0.01965939374058302,-0.08650133245856528,-440.1452065235011,11.79563624434981,224.908143107936,-228.05586504514167,219.39883414490646,-0.058978181221749054,17.69345436652459,640.6690556838821,0.07863757496233208,-0.019659393740583016,611.3068616304412,78.63757496233208,-0.03931878748116604,-0.07863757496233208,0.01965939374058302,1000.0,0.0,-450.6297508346215,0.0,-1000.0,0.0,-53.6085219539831,-123.88088750035163,0.0,-1000.0,-59.8353333297527,984.2724850075335,-1000.0,500.0,500.0,29.91766666487635,0.0,61.94044375017582,0.0,-264.35988414181327,1000.0,-984.2724850075335,-264.35988414181327,53.6085219539831,16.446405252291292,0.0,1496.5981,bhi
364,0.0,0.0,0.0,0.0,0.0,0.0,0.0,0.0,-0.2021584633485588,0.0,0.0,0.0,0.0,0.0,0.0,0.0,-235.2404290180629,858.7562826853842,0.0,0.0,0.0,0.0,0.0,522.2843079135134,0.0,0.0,0.0,0.0,0.0,-363.99439674166445,0.0,0.0,575.4021142330977,0.0,0.0,0.0,0.0,364.4039654416756,0.0,-1000.0,803.5319956132288,0.0,0.0,400.6136978937864,0.0,0.0,0.0,0.0,198.62112786594088,0.0,0.0,0.0,0.0,0.22237430968334593,0.0,0.0,0.0,0.0,0.0,0.0,23.485143763928335,0.0,0.0,-100.38055354454669,0.0,0.0,0.0,0.0,1000.0,-266.9791306322502,0.0,2.021584633485588,0.0,0.0,0.0,0.0,0.0,0.0,0.0,0.0,0.0,0.0,0.0,0.0,121.29507800913528,0.0,0.0,0.0,0.0,388.2754246492584,-0.0505396158371397,0.0,0.0,0.0,60.64753900456764,0.0,219.95384239179168,0.0,0.0,0.0,0.0,10.10792316742794,-1000.0,0.0,0.0,-356.5010654770202,0.0,0.0,0.0,0.0,0.0,0.0,0.0,0.0,0.0,0.0,0.0,0.0,0.0,0.0,0.0,0.0,0.0,0.0,-914.3200906608245,0.0,0.0,219.95384239179168,0.0,62.66912363805323,0.0,0.0,374.2290768696454,-596.6629398848236,222.4338630151782,-222.4338630151782,0.0,0.0,0.0,-123.86569730847502,0.0,0.0,0.0,0.0,0.0,15.566201677839103,0.2021584633485588,0.0,0.0,0.0,0.0,-576.6937589486214,0.0,0.0,0.0,0.0,1000.0,0.0,0.0,0.0,0.0,0.0,999.7978415366514,999.7978415366514,0.0,0.0,0.0,0.0,251.58200999756332,0.0,0.0,1000.0,0.0,0.0,0.0,549.493281111868,-226.5580495809105,0.0,0.0,0.0,0.0,0.0,0.0,0.0,0.0,0.0,-441.0972167589454,0.0,0.0,0.0,0.0,-1000.0,0.0,0.0,0.0,0.0,0.0,0.0,0.0,-388.2754246492584,388.2754246492584,0.0,0.0,0.0,0.0,0.0,0.0,0.0,636.0056032583356,11.797148983946954,0.0,0.0,0.0,0.0,0.0,0.0,0.0,0.0,0.0,0.0,0.0,0.0,0.0,0.0,-183.136552324731,400.6136978937864,0.0,0.0,0.0,123.86569730847502,351.5501013131608,0.0,0.0,0.0,0.0,23.485143763928335,0.0,0.0,0.0,0.0,0.0,0.0,0.0,0.0,0.0,6.509502519824309,40.43169266971176,159.30630338722403,0.0,-388.2754246492584,0.0,-189.65429678331753,0.0,-400.6136978937864,0.0,0.0,123.86569730847502,246.6333252852417,0.0,0.0,0.0,-379.6655711964719,0.0,0.0,-478.59922818194775,521.4007718180521,0.0,-1000.0,0.0,-521.4007718180521,-388.2754246492584,0.0,271.859730170185,0.0,0.0,212.4720114293183,0.0,0.0,0.0,547.472942270477,0.0,-547.472942270477,0.0,1000.0,0.0,123.86569730847502,900.7547670204283,0.0,0.0,0.0,23.485143763928335,-0.3032376950228382,0.0,0.0,0.0,0.0,0.2021584633485588,0.0,0.0,0.0,421.98655377522323,-235.2404290180629,0.0,-237.66737698468012,-101.648661614367,226.5580495809105,1000.0,0.0,1000.0,0.0,-356.5010654770202,0.0,0.0,0.0,500.4191951114719,-1000.0,-500.4191951114719,-1000.0,-1000.0,0.0,0.0,0.0,0.0,0.0,0.0,0.0,0.0,0.0,0.0,0.0,0.0,0.0,0.0,0.0,0.0,0.0,0.0,0.0,-1000.0,0.0,634.7874007049304,0.0,0.0,0.0,497.14532563069,-22.075704197663413,0.0,0.0,0.0,0.0,0.0,0.0,-702.4807792718391,675.9218409359812,0.0,0.0,-866.3894701150207,-10.10792316742794,-289.61221459314515,0.0,702.4807792718391,-686.0297641034091,277.7512941681921,-5.05396158371397,0.0,0.0,0.0,0.0,0.0,989.8920768325721,219.95384239179168,0.0,0.0,0.0,1000.0,0.0,0.0,0.0,0.0,0.0,0.0,-1000.0,0.0,0.0,-0.4043169266971176,0.0,0.0,636.0056032583356,0.0,0.0,-76.89540978061835,0.0,0.0,23.485838005020447,0.0,0.0,0.0,0.0,-979.7841536651441,0.4043169266969926,0.0,0.0,0.0,0.0,0.0,0.0,0.0,0.0,0.0,733.0208693677498,0.0,0.0,0.0,0.0,0.0,0.0,0.0,0.0,0.0,0.22237430968334593,0.22237430968334593,0.0,49.95828267256047,0.0,121.29507800913528,0.0,0.0,0.0,1000.0,0.0,95.76366446548319,0.0,0.0,0.0,817.8671277474401,-1000.0,0.0,0.0,0.0,0.0,0.0,23.485838005020447,0.0,0.0,0.0,0.0,0.0,0.0,0.0,304.77336355360814,-421.98655377522323,576.6937589486214,0.0,15.566201677839103,0.0,0.0,0.0,-351.5501013131608,0.0,817.8671277474401,0.0,-161.917025917704,0.0,212.37420128181543,-212.37420128181543,0.0,0.0,0.0,0.0,0.0,0.0,0.0,0.0,0.0,0.0,0.0,0.0,0.0,0.0,121.29507800913528,123.86569730847502,123.86569730847502,0.0,0.0,0.0,0.0,0.0,0.0,0.0,0.0,0.0,0.0,2.021584633485588,0.0,0.0,0.0,0.0,0.0,0.0,0.0,0.0,219.95384239179168,0.0,0.0,0.0,0.0,0.0,0.0,0.0,0.0,0.0,0.0,829.96948913002,0.0,0.0,60.64753900456764,60.64753900456764,-98.08176738382343,-1000.0,0.0,23.485838005020447,0.0,0.0,0.0,0.0,0.0,1000.0,636.0056032583356,746.1869487299932,0.2021584633485588,0.0,0.0,0.0,266.97913063225025,642.3265722027775,0.0,0.0,0.0,0.0,0.0,0.0,0.0,0.0,0.0,0.0,0.0,0.0,0.0,0.0,0.0,0.0,0.2021584633485588,0.0,0.0,0.0,223.14818152131338,-223.14818152131338,0.0,0.0,0.0,634.7874007049304,-22.075704197663413,0.0,0.0,0.0,-1000.0,-15.161884751141908,0.0,-10.107923167427884,0.0,-765.625,-765.6249999999999,765.625,0.0,0.0,0.0,0.0,0.0,0.0,0.0,123.86569730847502,226.5580495809105,0.0,0.0,1000.0,0.0,0.0,0.0,-0.2021584633485588,0.0,0.0,0.2021584633485588,0.0,0.2021584633485588,0.0,0.0,0.0,121.29507800913528,246.6333252852417,246.6333252852417,0.0,0.0,0.0,0.0,0.0,0.0,0.0,576.6937589486214,0.0,636.0056032583356,0.0,0.0,0.0,517.8250388057827,0.0,0.0,0.0,0.0,0.0,0.0,0.0,0.0,0.0,0.0,0.0,0.0,0.0,351.5501013131608,0.0,-209.66273555658404,209.66273555658404,0.3032376950228382,0.0,0.0,0.0,-219.95384239179168,0.0,0.0,0.0,0.0,0.0,-49.95828267256047,10.10792316742794,0.0,0.0,0.0,0.0,-251.58200999756332,0.0,-10.107923167427884,0.0,0.0,0.0,0.0,0.0,0.0,0.0,123.86569730847502,0.0,0.0,1000.0,49.95828267256047,0.0,-61.01481048130668,285.8255067257573,0.0,0.0,0.0,0.0,0.0,0.0,0.0,10.107923167427884,214.2909163494927,0.0,0.0,0.0,-76.89540978061835,-241.60679741202227,241.60679741202227,1000.0,-1000.0,0.0,0.0,0.0,0.0,0.0,506.2173841826478,-95.44393692598643,246.6333252852417,0.0,0.0,0.0,0.0,0.0,0.0,0.0,0.0,0.0,6.509502519824309,0.0,0.0,0.0,-1000.0,-1000.0,0.0,60.64753900456764,0.0,0.0,0.0,0.0,-274.4243576815736,0.0,0.0,0.22237430968334593,0.0,0.0,0.0,123.31666264262087,0.0,0.0,0.0,0.0,-183.136552324731,0.0,0.0,0.0,0.0,0.0,0.0,0.0,0.0,0.0,0.0,0.020215846334856735,0.020215846334856735,0.0,0.0,0.0,0.0,0.0,0.0,0.0,0.0,0.0,0.0,0.0,0.0,0.0,0.0,0.0,49.95828267256047,0.0,0.0,0.0,0.0,0.0,0.0,0.0,0.0,0.0,0.0,0.0,0.0,0.0,0.0,858.7562826853842,0.0,0.0,0.0,121.29507800913527,0.0,0.0,0.0,0.0,0.0,-633.3833183158229,512.0882403066876,0.0,0.0,0.0,0.0,0.0,0.0,0.0,0.0,0.0,0.0,0.0,0.0,-746.1869487299932,-1000.0,656.3035861995454,0.0,-219.95384239179168,0.0,999.191366146606,0.0,0.0,0.0,0.0,0.0,0.0,0.0,0.0,0.0,0.0,0.0,0.0,0.0,0.0,0.0,0.0,0.0,-25.269807918569793,123.86569730847502,-15.161884751141908,598.1070909806273,0.0,0.0,0.0,0.0,0.0,-548.2164644131718,545.6894836213148,76.89540978061835,0.0,0.0,0.0,0.0,0.0,0.0,0.0,1000.0,60.64753900456764,60.64753900456764,0.0,0.0,0.0,0.0,0.0,0.22237430968334593,49.95828267256047,0.0,0.0,-999.191366146606,0.0,0.0,0.0,0.0,0.0,0.0,0.0,0.0,0.0,0.0,0.0,0.0,0.0,0.0,104.83136777829202,0.0,0.0,0.0,0.0,212.26638651598674,15.566201677839103,0.0,0.0,0.0,0.0,0.0,49.95828267256047,0.0,0.0,0.0,0.0,0.0,-25.269807918569793,0.0,0.0,0.0,0.0,0.0,0.0,0.0,0.0,0.0,0.0,0.0,0.0,0.0,0.0,0.0,0.0,0.0,0.0,-0.2021584633485588,0.0,0.0,10.10792316742794,-817.8671277474401,0.0,0.0,0.0,0.0,123.86569730847502,0.0,0.0,0.0,-500.4191951114719,5.05396158371397,0.0,0.0,0.0,0.2021584633485588,0.0,202.15846334855877,-62.66912363805323,40.43169266971176,1.4439890239182769,564.0221127424791,-0.1516188475114191,10.10792316742791,4.043169266971176,-1.0107923167425952,-564.0221127424791,60.64753900456764,-0.2021584633485588,118.83368849234006,23.485838005020447,0.0505396158371397,1.443989023918277,-356.5010654770202,-32.1836273650913,-4.043169266971176,-623.5158536673214,-0.2021584633485588,0.0505396158371397,-564.0221127424791,20.21584633485588,0.2021584633485588,0.2021584633485588,-49.533749899528566,0.22237430968341554,-199.85756474142397,-0.1516188475114191,60.64753900456764,0.2021584633485588,219.95384239179168,58.227071712944635,-0.1010792316742794,-87.14030430453566,-371.9681061113652,-0.1516188475114191,-0.2021584633485588,-62.66912363805323,0.2021584633485588,20.21584633485588,-4.043169266971176,351.5501013131608,351.5501013131608,-20.21584633485588,623.5158536673214,-351.5501013131608,40.43169266971176,0.3032376950228382,-1000.0,20.21584633485588,-304.77336355360814,23.485838005020447,-40.43169266971176,0.1010792316742794,2.021584633485588,59.41684424617003,90.38997534227224,-0.2021584633485588,-95.44393692598643,49.533749899528566,62.66912363805323,0.2021584633485588,32.1836273650913,-378.41062140047404,23.485838005020447,-0.2021584633485588,-0.0505396158371397,-23.485838005020447,-0.2021584633485588,-979.7841536651441,0.20215846334872367,-0.0505396158371397,-0.0505396158371397,-0.0505396158371397,80.86338533942352,-58.227071712944635,2.021584633485588,420.2777428260795,-0.0505396158371397,0.0,10.10792316742794,500.0,0.2021584633485588,0.1010792316742794,0.1010792316742794,-29.97408331687141,62.66912363805323,0.2021584633485588,-62.66912363805323,2.021584633485588,0.2021584633485588,-961.2849254115106,0.2021584633485588,0.8086338533939852,1.0107923167425952,0.1010792316742794,0.0505396158371397,60.64753900456764,-0.2021584633485588,199.85756474142397,2.021584633485588,-840.555485652159,5.053961583713999,-20.21584633485588,40.43169266971176,10.10792316742794,-0.2021584633485588,356.5010654770202,0.3032376950228382,-0.2021584633485588,59.94816663374282,62.66912363805323,653.7585476563307,0.1010792316742794,-1000.0,-0.2021584633485588,-0.20215846334872367,-0.2021584633485588,0.1010792316742794,564.0221127424791,-40.43169266971176,0.2021584633485588,118.83368849234006,-0.0505396158371397,-0.22237430968341554,-118.83368849234006,30.323769502283813,371.9681061113652,205.6933160003703,564.0221127424791,-0.1516188475114191,95.44393692598643,-90.38997534227224,0.2021584633485588,-0.0505396158371397,10.107923167427884,202.1584633485588,-0.1010792316742794,-0.2021584633485588,0.0505396158371397,0.0,0.0,999.8989207683258,541.0071825854311,146.16002527620384,0.0,1000.0,-294.04430954734346,0.0,-1000.0,-326.25719939546906,597.2768767602163,0.0,500.0,-73.08001263810192,163.12859969773453,0.0,147.02215477367173,-49.95828267256047,-379.3341899747571,0.0,-597.2768767602163,-379.3341899747571,-1000.0,679.0973875328091,0.0,1496.5981,bhi
365,0.0,0.0,0.0,0.0,0.0,0.0,0.0,0.0,-0.21316575651939804,0.0,0.0,0.0,0.0,0.0,0.0,0.0,0.0,-28.282585935358238,0.0,215.06558029422095,0.0,0.0,0.0,0.0,0.0,0.0,0.0,0.0,0.0,-1000.0,0.0,0.0,737.3152753880738,0.0,0.0,0.0,0.0,151.121713426984,0.0,-1000.0,-274.04601488461367,0.0,0.0,376.5614804362744,0.0,0.0,0.0,0.0,623.4385195637255,-102.9805888599174,0.0,0.0,0.0,0.2344823321709555,0.0,0.0,0.0,42.63315130387961,0.0,0.0,-18.772797624141496,0.0,448.9039582125834,430.1311605884419,0.0,0.0,0.0,0.0,0.0,745.1280024231788,0.0,2.1316575651939806,0.0,0.0,0.0,0.0,0.0,0.0,0.0,0.0,0.0,0.0,0.0,0.0,127.89945391163883,0.0,0.0,0.0,0.0,401.8485746530837,-0.05329143912984951,0.0,0.0,0.0,63.949726955819415,0.0,116.2171303703888,-6.86393735992317,0.0,0.0,0.0,869.6785686452316,-1000.0,0.0,0.0,-423.07601445705376,0.0,0.0,0.0,0.0,0.0,0.0,0.0,0.0,0.0,0.0,0.0,0.0,0.0,0.0,0.0,0.0,0.0,0.0,-659.1064764575956,0.0,0.0,116.2171303703888,0.0,66.08138452101338,0.0,0.0,-359.3750000000002,0.0,359.3750000000002,-359.3750000000002,0.0,0.0,0.0,0.0,0.0,0.0,0.0,0.0,0.0,16.4137632519936,0.21316575651939804,0.0,0.0,0.0,969.352163922483,-969.352163922483,0.0,0.0,0.0,0.0,1000.0,0.0,0.0,0.0,0.0,0.0,615.0541020152828,615.0541020152828,0.0,0.0,0.0,0.0,-322.21802802583886,0.0,0.0,615.2672677718022,0.0,0.0,0.0,677.7883058316372,0.0,0.0,0.0,0.0,0.0,0.0,0.0,0.0,0.0,0.0,-181.59020555882432,0.0,0.0,0.0,0.0,-1000.0,0.0,0.0,0.0,0.0,0.0,102.9805888599174,0.0,-401.8485746530837,401.8485746530837,0.0,0.0,0.0,0.0,0.0,0.0,0.0,0.0,-69.27887086880433,0.0,0.0,0.0,0.0,0.0,0.0,0.0,0.0,0.0,0.0,0.0,0.0,0.0,0.0,-157.7218762198508,376.5614804362744,0.0,0.0,0.0,0.0,37.75626326934269,0.0,0.0,0.0,0.0,-18.772797624141496,0.0,0.0,0.0,0.0,0.0,0.0,0.0,0.0,0.0,0.0,0.0,52.26740341456939,0.0,401.5288260183046,803.3774006713883,221.58994491064186,0.0,-376.5614804362744,0.0,0.0,0.0,-739.9377770463344,0.0,0.0,0.0,30.006738935412116,0.0,0.0,841.4436807003823,796.557749744224,1000.0,841.4436807003823,-796.557749744224,1000.0,-401.8485746530837,0.0,-838.5040998579465,102.9805888599174,0.0,556.9761974197778,0.0,0.0,0.0,-356.06106060777347,0.0,356.06106060777347,0.0,1000.0,0.0,0.0,0.0,0.0,0.0,0.0,-18.772797624141496,-0.31974863477909704,0.0,0.0,0.0,0.0,0.21316575651939804,0.0,0.0,0.0,846.0266063602686,0.0,0.0,-311.8725068208082,-200.13145191941587,0.0,-224.3597955152843,0.0,0.0,0.0,-423.07601445705376,0.0,0.0,0.0,-18.353571636319785,0.0,18.353571636319785,647.2464908266726,-1000.0,0.0,0.0,0.0,0.0,0.0,0.0,0.0,0.0,0.0,0.0,0.0,0.0,0.0,0.0,0.0,0.0,0.0,0.0,0.0,-1000.0,0.0,848.0256235469373,0.0,0.0,0.0,0.0,-16.4137632519936,0.0,0.0,0.0,0.0,859.0202808192618,0.0,-316.01717453088395,-440.16842823560074,0.0,0.0,-1000.0,0.0,-305.38126278968923,0.0,316.01717453088395,0.0,5.3515199977601355,-5.329143912984951,-10.658287825969902,0.0,0.0,0.0,1000.0,606.5702606855701,116.2171303703888,796.8750000000788,-796.8750000000788,0.0,0.0,0.0,0.0,0.0,0.0,0.0,0.0,-114.6519835551372,0.0,0.0,-385.15906374123665,0.0,0.0,0.0,0.0,0.0,-37.54559524828299,0.0,-265.625000000002,66.53091100105942,0.0,0.0,0.0,0.0,-273.9390065902396,0.42633151303834893,0.0,0.0,0.0,0.0,0.0,0.0,0.0,0.0,0.0,0.0,0.0,0.0,0.0,0.0,0.0,0.0,0.0,0.0,0.0,0.2344823321709555,0.2344823321709555,0.0,0.0,0.0,127.89945391163883,0.0,0.0,0.0,-526.3176425087242,0.0,0.0,0.0,0.0,0.0,563.5513853049995,526.3176425087242,0.0,0.0,611.7143970181484,0.0,0.0,66.53091100105942,0.0,0.0,0.0,0.0,0.0,0.0,0.0,219.70215881919853,-846.0266063602686,0.0,0.0,16.4137632519936,0.0,0.0,0.0,-37.75626326934269,0.0,563.5513853049995,0.0,289.61237871475987,0.0,-609.3437500000847,609.3437500000847,0.0,0.0,0.0,0.0,0.0,0.0,0.0,0.0,0.0,0.0,0.0,0.0,0.0,0.0,127.89945391163883,0.0,0.0,0.0,0.0,0.0,0.0,0.0,0.0,0.0,0.0,0.0,0.0,2.1316575651939806,0.0,0.0,0.0,0.0,0.0,0.0,0.0,0.0,116.2171303703888,-611.7143970181484,0.0,0.0,0.0,0.0,0.0,0.0,0.0,0.0,0.0,-718.1948698813558,1000.0,0.0,63.949726955819415,63.949726955819415,1000.0,526.3176425087242,0.0,66.53091100105942,0.0,0.0,0.0,0.0,0.0,-75.63842188099777,0.0,0.0,0.21316575651939804,0.0,0.0,-162.0168119875308,443.53264572232723,165.1022530642059,0.0,0.0,0.0,0.0,0.0,0.0,0.0,0.0,0.0,0.0,0.0,0.0,0.0,0.0,0.0,0.0,0.21316575651939804,0.0,0.0,0.0,0.0,0.0,0.0,0.0,0.0,848.0256235469373,0.0,-16.4137632519936,0.0,0.0,-1000.0,-15.98743173895486,0.0,-10.658287825969902,0.0,0.0,0.0,0.0,0.0,0.0,0.0,0.0,0.0,0.0,0.0,0.0,0.0,0.0,0.0,617.22854851154,0.0,0.0,0.0,-0.21316575651939804,0.0,0.0,0.21316575651939804,0.0,0.21316575651939804,0.0,745.1280024231788,0.0,127.89945391163883,260.0622229536656,260.0622229536656,0.0,0.0,0.0,0.0,0.0,0.0,0.0,0.0,0.0,0.0,0.0,0.0,0.0,0.0,0.0,0.0,0.0,0.0,0.0,0.0,0.0,0.0,0.0,0.0,0.0,0.0,0.0,37.75626326934269,0.0,0.0,0.0,0.31974863477909704,0.0,0.0,0.0,-116.2171303703888,0.0,0.0,0.0,0.0,0.0,0.0,10.658287825969902,0.0,0.0,0.0,0.0,322.21802802583886,16.4137632519936,-10.658287825969902,0.0,-265.625000000002,0.0,0.0,0.0,0.0,0.0,0.0,0.0,611.7143970181484,-48.79522214963926,0.0,0.0,957.3668486961204,-257.97376139284785,0.0,0.0,0.0,0.0,0.0,-1000.0,0.0,10.658287825969902,171.50997071170593,0.0,0.0,0.0,-37.54559524828299,0.0,0.0,897.7873451415561,-897.7873451415561,0.0,0.0,0.0,0.0,0.0,197.57763729777918,-47.96229521686438,260.0622229536656,0.0,578.125,578.125,-578.125,0.0,0.0,0.0,0.0,0.0,0.0,0.0,0.0,0.0,-281.51583373479644,-127.85898229107848,0.0,63.949726955819415,0.0,0.0,0.0,0.0,-52.283791186942096,0.0,0.0,0.2344823321709555,0.0,0.0,0.0,130.0311114768328,0.0,0.0,0.0,0.0,-157.7218762198508,0.0,0.0,0.0,0.0,0.0,0.0,0.0,0.0,0.0,0.0,0.021316575651939118,0.021316575651939118,0.0,0.0,0.0,0.0,0.0,0.0,0.0,0.0,0.0,-162.0168119875308,0.0,0.0,0.0,0.0,0.0,0.0,0.0,0.0,0.0,0.0,0.0,0.0,0.0,102.9805888599174,0.0,0.0,0.0,0.0,0.0,0.0,-28.282585935358238,0.0,0.0,0.0,127.89945391163883,0.0,0.0,0.0,0.0,0.0,872.1005460883612,-1000.0,0.0,0.0,0.0,0.0,0.0,0.0,0.0,0.0,0.0,0.0,0.0,0.0,0.0,-428.3919310543252,146.01854321578767,0.0,-116.2171303703888,0.0,999.1473369739213,0.0,0.0,0.0,0.0,0.0,0.0,0.0,0.0,0.0,0.0,0.0,0.0,0.0,0.0,0.0,0.0,0.0,-26.64571956492476,0.0,-875.0077125582166,31.974863477909707,0.0,0.0,0.0,0.0,0.0,-2.6645719564924764,0.0,37.54559524828299,0.0,0.0,0.0,0.0,0.0,0.0,0.0,1000.0,63.949726955819415,63.949726955819415,0.0,0.0,0.0,0.0,0.0,0.2344823321709555,0.0,0.0,0.0,-999.1473369739213,0.0,0.0,0.0,0.0,0.0,0.0,0.0,0.0,0.0,0.0,0.0,0.0,0.0,0.0,372.5640012115894,0.0,0.0,0.0,0.0,223.82404434536795,16.4137632519936,0.0,0.0,0.0,0.0,0.0,0.0,0.0,-23.27770061191677,0.0,0.0,0.0,-26.64571956492476,0.0,0.0,0.0,0.0,0.0,0.0,0.0,0.0,0.0,0.0,0.0,0.0,0.0,0.0,0.0,0.0,0.0,0.0,-0.21316575651939804,0.0,0.0,10.658287825969902,-563.5513853049995,0.0,0.0,0.0,0.0,0.0,0.0,0.0,0.0,18.353571636319785,5.329143912984951,0.0,0.0,0.0,0.21316575651939804,0.0,213.16575651939803,-66.08138452101338,42.63315130387961,1.5226125465671287,594.7324606891204,-0.15987431738954852,440.16842823560074,4.263315130387961,-1.065828782598146,-594.7324606891204,63.949726955819415,-0.21316575651939804,141.02533815235125,66.53091100105942,0.05329143912984951,1.5226125465671287,-423.07601445705376,-33.93598843788667,-4.263315130387923,-186.7829943588627,-0.21316575651939804,0.05329143912984951,-594.7324606891204,21.316575651939804,0.21316575651939804,0.21316575651939804,0.44764808869035355,0.23448233217133715,0.0,-0.15987431738954852,63.949726955819415,0.21316575651939804,116.2171303703888,-54.31547484512963,-0.10658287825969902,-153.84797108589248,-59.28600467780189,-0.15987431738954852,-0.21316575651939804,-66.08138452101338,0.21316575651939804,21.316575651939843,-4.263315130387961,37.75626326934269,37.75626326934269,-21.316575651939804,186.7829943588627,-37.75626326934269,42.63315130387961,0.31974863477909704,-1000.0,21.316575651939804,-219.70215881919853,66.53091100105942,-42.63315130387961,0.10658287825969902,2.1316575651939806,77.96812670520205,42.63315130387961,-0.21316575651939804,-47.96229521686438,-0.44764808869035355,66.08138452101338,0.21316575651939804,33.93598843788667,-241.535400236788,66.53091100105942,-0.21316575651939804,-0.05329143912984951,-66.53091100105942,-0.21316575651939804,-273.9390065902396,0.21316575651940184,-0.05329143912984951,-0.05329143912984951,-0.05329143912984951,85.26630260775921,54.31547484512963,2.1316575651939806,157.9291798613059,-0.05329143912984951,14.910915258052853,10.658287825969902,147.6277911210897,0.21316575651939804,0.10658287825969902,0.10658287825969902,54.58203115246951,66.08138452101338,0.21316575651939804,-66.08138452101338,2.1316575651939806,0.21316575651939804,-157.9291798613059,0.21316575651939804,0.8526630260787442,1.065828782598146,0.10658287825969902,0.05329143912984951,63.949726955819415,-0.21316575651939804,0.0,2.1316575651939615,-315.8583597226118,434.8392843226158,-21.316575651939843,42.63315130387961,10.658287825969902,-0.21316575651939804,423.07601445705376,0.31974863477909704,-0.21316575651939804,-109.16406230493902,66.08138452101338,449.02386260214774,0.10658287825969902,-295.2555822421794,-0.21316575651939804,-0.21316575651940184,-0.21316575651939804,0.10658287825969902,594.7324606891204,-42.63315130387961,0.21316575651939804,155.9362534104041,-0.05329143912984951,-0.23448233217133715,-155.9362534104041,31.9748634779097,59.28600467780189,192.8057351683484,594.7324606891204,-0.15987431738954852,47.96229521686438,-42.63315130387961,0.21316575651939804,-0.0532914391298495,10.658287825969902,213.16575651939803,-0.10658287825969902,-0.21316575651939804,0.05329143912984951,0.0,0.0,999.8934171217403,0.0,-576.8642793636494,0.0,327.3275711889128,-1000.0,0.0,1000.0,329.99259364410545,-1000.0,0.0,-500.0,288.4321396818247,-164.99629682205273,0.0,500.0,0.0,-396.74007141520565,0.0,1000.0,-396.74007141520565,-327.3275711889128,273.7731978868805,0.0,1496.5981,bhi
366,0.0,0.0,0.0,0.0,0.0,0.0,0.0,0.0,354.6393867663411,0.0,0.0,0.0,0.0,0.0,0.0,0.0,1000.0,-79.95255508944419,0.0,-777.874202044839,0.0,0.0,0.0,567.6569347180302,0.0,0.0,0.0,0.0,0.0,-978.6806787985571,0.0,0.0,0.0,0.0,0.0,0.0,0.0,999.2472212610949,0.0,-85.54647667669963,-380.14295074577586,0.0,0.0,190.242591581117,0.0,0.0,0.0,0.0,700.8094942333598,0.0,0.0,912.3714070159198,0.0,0.20701415319971653,0.0,0.0,0.0,0.0,0.0,0.0,-16.57367856825986,0.0,-937.0512831751249,-953.6249617433848,0.0,0.0,0.0,0.0,0.0,0.0,0.0,1.881946847265419,0.0,0.0,0.0,0.0,0.0,0.0,0.0,354.55713266823363,0.0,0.0,0.0,0.0,112.91681083592516,0.0,0.0,204.3159968412744,149.13686677991245,-999.7177079729101,802.9661736660183,0.0,0.0,-396.2538114660173,56.45840541796258,0.0,56.45840541796258,0.0,0.0,0.0,0.0,757.5363828295596,-978.6806787985571,0.0,0.0,-73.1014154430174,0.0,0.0,0.0,0.0,0.0,0.0,0.0,0.0,0.0,0.0,0.0,0.0,0.0,0.0,0.0,0.0,0.0,0.0,-628.8244593360012,0.0,0.0,56.45840541796258,0.0,58.340352265228,0.0,0.0,-1000.0,0.0,1000.0,-1000.0,0.0,0.0,0.0,0.0,0.0,0.0,0.0,0.0,0.0,14.49099072394372,0.1881946847265419,803.0132223372,0.0,0.0,0.0,0.0,0.0,0.0,0.0,0.0,1000.0,0.0,0.0,0.0,0.0,0.0,353.52075540811484,353.52075540811484,0.0,0.0,0.0,-328.125,0.0,0.0,0.0,353.7089500928414,0.0,0.0,0.0,-3.994961713752673,0.0,0.0,0.0,0.0,0.0,0.0,0.0,0.0,0.0,0.0,-519.85333624231,0.0,0.0,0.0,0.0,-1000.0,0.0,0.0,0.0,0.0,0.0,0.0,-912.3714070159198,850.5808411929977,-850.5808411929977,0.0,0.0,0.0,0.0,0.0,0.0,0.0,0.0,-602.7179022576939,0.0,0.0,0.0,0.0,0.0,0.0,0.0,0.0,0.0,0.0,0.0,0.0,0.0,0.0,-324.8485591671863,190.242591581117,0.0,0.0,0.0,0.0,44.461372535579926,0.0,0.0,0.0,0.0,-16.57367856825986,0.0,0.0,0.0,376.6098802070819,0.0,0.0,0.0,0.0,0.0,6.059868848222777,37.63893694530838,0.0,0.0,0.0,-701.4439744130852,843.3349252517119,0.0,-190.242591581117,0.0,0.0,0.0,229.59751536638117,0.0,0.0,0.0,-18.966887642361144,0.0,0.0,940.6412891437956,0.0,0.0,940.6412891437956,0.0,0.0,999.7177079729101,0.0,0.0,0.0,0.0,480.60179785147204,0.0,0.0,0.0,0.0,0.0,0.0,0.0,353.3325607233883,0.0,0.0,0.0,-328.12499999999994,0.0,0.0,-16.57367856825986,-0.2822920270898521,0.0,0.0,0.0,0.0,0.1881946847265419,0.0,0.0,0.0,893.0203531982347,1000.0,0.0,-752.5577615408931,644.3512582624983,0.0,-499.56568226762226,0.0,0.0,0.0,-73.1014154430174,0.0,0.0,0.0,-16.20356235495578,-77.16214938817157,93.36571174312735,-1000.0,-1000.0,0.0,0.0,0.0,0.0,0.0,0.0,0.0,0.0,0.0,0.0,0.0,0.0,0.0,0.0,0.0,0.0,376.6098802070819,0.0,0.0,-1000.0,0.0,0.0,0.0,0.0,0.0,0.0,491.80218789841155,0.0,0.0,0.0,0.0,748.1266485932324,77.16214938817157,-732.4423378155175,-383.4730585329433,-332.7817234039064,0.0,0.0,-866.5377158479746,305.4204710975044,-652.1903258249205,732.4423378155175,0.0,843.3236120400941,328.0768562857429,857.1279816116476,-545.4258352744919,0.0,-122.32654507225226,0.0,0.0,56.45840541796258,0.0,0.0,0.0,0.0,0.0,354.82758145106766,0.0,0.0,0.0,0.0,-369.76924401943495,0.0,0.0,0.0,0.0,0.0,0.0,0.0,0.0,-33.14735713651972,0.0,0.0,175.881136939809,0.0,0.0,0.0,0.0,-381.3069645851489,0.3763893694532095,0.0,0.0,0.0,0.0,0.0,0.0,0.0,0.0,0.0,0.0,0.0,0.0,0.0,0.0,0.0,0.0,0.0,0.0,0.0,0.20701415319971653,0.20701415319971653,0.0,0.0,0.0,112.91681083592516,0.0,0.0,0.0,-576.0133118896936,0.0,711.6441814629413,0.0,0.0,0.0,1000.0,576.0133118896936,0.0,0.0,0.0,0.0,0.0,175.881136939809,0.0,0.0,0.0,0.0,0.0,0.0,0.0,209.6081531120004,-893.0203531982347,0.0,0.0,14.49099072394372,0.0,0.0,-396.2538114660173,-440.7151840015972,0.0,1000.0,0.0,618.6930354148511,0.0,109.37499999996714,-109.37499999996714,0.0,0.0,0.0,0.0,0.0,0.0,0.0,0.0,0.0,0.0,0.0,0.0,0.0,0.0,112.91681083592516,0.0,0.0,0.0,0.0,0.0,0.0,0.0,0.0,0.0,0.0,0.0,0.0,1.881946847265419,0.0,0.0,0.0,0.0,0.0,-912.3714070159198,0.0,0.0,56.45840541796258,0.0,0.0,0.0,0.0,0.0,0.0,0.0,0.0,0.0,0.0,868.5802355957709,0.0,0.0,56.458405417962574,56.458405417962574,1000.0,576.0133118896936,0.0,175.881136939809,0.0,0.0,0.0,0.0,0.0,978.6806787985571,0.0,1000.0,0.1881946847265419,0.0,0.0,-108.1954574943369,356.7334236306965,235.10413369911407,0.0,396.2538114660173,0.0,0.0,0.0,0.0,0.0,0.0,0.0,0.0,0.0,0.0,0.0,0.0,0.0,0.0,0.1881946847265419,0.0,0.0,0.0,0.0,0.0,0.0,0.0,0.0,0.0,0.0,491.80218789841155,0.0,0.0,-1000.0,-14.114601354490642,0.0,-9.409734236327104,0.0,0.0,0.0,0.0,0.0,0.0,0.0,0.0,0.0,0.0,0.0,0.0,0.0,0.0,0.0,-112.91681083592516,0.0,0.0,0.0,354.6393867663411,0.0,0.0,0.1881946847265419,0.0,0.1881946847265419,0.0,0.0,0.0,112.91681083592516,229.59751536638117,229.59751536638117,0.0,0.0,0.0,0.0,0.0,0.0,0.0,0.0,0.0,0.0,0.0,0.0,0.0,0.0,0.0,0.0,0.0,0.0,0.0,0.0,0.0,0.0,0.0,0.0,0.0,0.0,0.0,44.461372535579926,0.0,0.0,0.0,0.2822920270898521,0.0,0.0,0.0,-56.45840541796258,0.0,0.0,0.0,0.0,0.0,0.0,9.409734236327095,0.0,0.0,0.0,328.12499999999994,0.0,0.0,-9.409734236327104,0.0,0.0,0.0,0.0,0.0,0.0,0.0,0.0,0.0,0.0,0.0,0.0,0.0,420.80643333312383,162.00271825609667,0.0,491.80218789841155,0.0,-491.80218789841155,0.0,0.0,0.0,9.409734236327104,1000.0,0.0,0.0,0.0,-33.14735713651972,0.0,0.0,0.0,0.0,0.0,-512.3530474705781,0.0,0.0,0.0,505.7387348878192,-14.114601354490617,229.59751536638117,0.0,0.0,0.0,0.0,0.0,0.0,0.0,0.0,0.0,6.059868848222777,0.0,0.0,28.229202708981404,-248.53796613635961,326.3748864697851,0.0,56.45840541796258,0.0,0.0,0.0,0.0,465.549570829717,0.0,0.0,0.20701415319971653,0.0,0.0,0.0,114.79875768319056,0.0,0.0,0.0,0.0,-324.8485591671863,0.0,0.0,0.0,0.0,0.0,0.0,0.0,0.0,0.0,0.0,0.01881946847265419,0.01881946847265419,0.0,0.0,0.0,0.0,0.0,0.0,0.0,0.0,0.0,-108.1954574943369,0.0,0.0,0.0,0.0,0.0,0.0,0.0,0.0,0.0,0.0,0.0,0.0,0.0,0.0,0.0,0.0,0.0,0.0,1000.0,10.56388517260111,-79.95255508944419,0.0,0.0,0.0,112.91681083592516,0.0,0.0,0.0,0.0,0.0,887.0831891640748,-1000.0,0.0,0.0,0.0,0.0,0.0,0.0,0.0,0.0,0.0,0.0,0.0,0.0,-1000.0,-1000.0,128.91335903768126,-56.45840541796258,0.0,0.0,999.2472212610949,0.0,0.0,0.0,0.0,0.0,0.0,0.0,0.0,0.0,0.0,0.0,0.0,0.0,0.0,0.0,0.0,0.0,-23.524335590817746,0.0,-762.2412499477231,0.0,0.0,0.0,0.0,0.0,0.0,-2.352433559081774,0.0,33.14735713651972,0.0,0.0,0.0,0.0,0.0,0.0,0.0,1000.0,56.458405417962574,56.458405417962574,0.0,0.0,0.0,0.0,354.55713266823363,0.20701415319971653,0.0,0.0,0.0,-999.2472212610949,0.0,0.0,0.0,0.0,0.0,0.0,0.0,0.0,0.0,0.0,0.0,0.0,0.0,0.0,0.0,0.0,0.0,0.0,0.0,197.60441896286903,0.0,0.0,14.49099072394372,0.0,0.0,0.0,0.0,0.0,0.0,0.0,0.0,0.0,-23.524335590817746,0.0,0.0,0.0,0.0,0.0,0.0,0.0,0.0,0.0,0.0,0.0,0.0,0.0,0.0,0.0,0.0,0.0,0.0,-0.1881946847265419,0.0,0.0,9.409734236327095,-1000.0,0.0,0.0,0.0,0.0,0.0,0.0,0.0,0.0,16.20356235495578,4.7048671181635475,0.0,0.0,0.0,0.1881946847265419,0.0,188.1946847265419,-58.34035226522799,37.63893694530838,1.3442477480467279,525.063170387052,-0.14114601354490644,383.4730585329433,3.763893694530838,-0.9409734236317036,-525.063170387052,56.458405417962574,-0.1881946847265419,24.3671384810058,175.881136939809,0.04704867118163548,1.3442477480467279,-73.1014154430174,-29.960593808493634,-3.763893694530838,-142.17324286571682,-0.1881946847265419,0.04704867118163548,-525.063170387052,18.81946847265419,0.1881946847265419,0.1881946847265419,0.39520883792625844,0.2070141531991961,0.0,-0.14114601354490644,56.458405417962574,0.1881946847265419,56.45840541796258,-94.09734236327095,-0.09409734236327096,-853.7971691139652,-63.46903569296066,-0.14114601354490644,-0.1881946847265419,-58.34035226522799,0.1881946847265419,18.81946847265419,-3.763893694530838,44.461372535579926,44.461372535579926,-18.81946847265419,142.17324286571682,-44.461372535579926,37.63893694530838,0.2822920270898129,-1000.0,18.81946847265419,-209.6081531120004,175.881136939809,-37.63893694530838,0.09409734236327096,1.881946847265419,188.13944038522328,37.63893694530838,-0.1881946847265419,-42.34380406347202,-0.39520883792625844,58.340352265228,0.1881946847265419,29.960593808493634,-49.9524847320414,175.881136939809,-0.1881946847265419,-0.04704867118163548,-175.881136939809,-0.1881946847265419,-381.3069645851489,0.1881946847265419,-0.04704867118163548,-0.04704867118163548,-0.04704867118163548,75.27787389061676,94.09734236327095,1.881946847265419,139.4287370468039,-0.04704867118163548,351.9117422894408,9.409734236327095,200.06321652890153,0.1881946847265419,0.09409734236327096,0.09409734236327096,106.7600369425587,58.34035226522799,0.1881946847265419,-58.34035226522799,1.881946847265419,0.1881946847265419,-139.4287370468039,0.1881946847265419,0.7527787389051617,0.9409734236317036,0.09409734236327096,0.04704867118163548,56.458405417962574,-0.1881946847265419,0.0,1.881946847265419,-278.8574740936078,378.7681914147798,-18.81946847265419,37.63893694530838,9.409734236327095,-0.1881946847265419,73.1014154430174,0.2822920270898129,-0.1881946847265419,-213.5200738851174,58.34035226522799,-147.6633113918383,0.09409734236327096,-400.12643305780307,-0.1881946847265419,-0.1881946847265419,-0.1881946847265419,0.09409734236327096,525.063170387052,-37.63893694530838,0.1881946847265419,376.27888077044656,-0.04704867118163548,-0.2070141531991961,-376.27888077044656,28.229202708981287,63.46903569296066,-28.8809399193226,525.063170387052,-0.14114601354490644,42.34380406347202,-37.63893694530838,0.1881946847265419,-0.047048671181635485,9.409734236327104,188.1946847265419,-0.09409734236327096,-0.1881946847265419,0.04704867118163548,288.2653747248912,0.0,999.9059026576367,0.0,-962.7026770662196,0.0,531.8666349654054,157.84361572363957,0.0,-631.1412005788444,170.1275888180299,-458.4453702784322,0.0,315.5706002894222,481.3513385331098,-85.06379440901495,0.0,-78.92180786181979,0.0,-317.8862594378787,0.0,458.4453702784322,-317.8862594378787,-531.8666349654054,281.4998256123963,0.0,1496.5981,bhi
367,0.0,0.0,0.0,0.0,0.0,0.0,0.0,0.0,-0.20766763557352458,0.0,0.0,0.0,0.0,0.0,0.0,0.0,-322.79804913876876,-514.867711396566,0.0,1000.0,0.0,0.0,0.0,0.0,0.0,0.0,0.0,0.0,0.0,-1000.0,13.07998465683915,-13.07998465683915,0.0,0.0,0.0,0.0,0.0,269.4931987875534,0.0,-1000.0,-850.616586906972,0.0,0.0,669.2458082492558,0.0,0.0,0.41533527114704916,0.0,653.5522408895129,0.0,0.0,0.0,0.0,0.22843439913064456,0.0,0.0,0.0,41.53352711470492,0.0,0.0,-22.648591325121462,0.0,0.0,-22.648591325121462,0.0,0.0,0.0,0.0,0.0,0.0,0.0,2.076676355735246,0.0,0.0,0.0,0.0,0.0,0.0,0.0,472.3817674782601,0.0,0.0,281.7358466230767,0.0,124.60058134411476,0.0,0.0,513.752598739803,-832.6951603706841,1000.0,-0.051916908893381145,0.0,0.0,167.61242566396555,62.30029067205738,0.0,62.30029067205738,-19.766882522306844,0.0,0.0,281.7358466230767,10.38338177867623,-1000.0,0.0,0.0,-49.11264333680452,0.0,4.9602508328662,0.0,0.0,0.0,0.0,0.0,0.0,0.0,0.0,0.0,0.0,0.0,0.0,0.0,0.0,0.0,0.0,-382.98720871795564,0.0,0.0,62.30029067205738,0.0,64.37696702779262,0.0,0.0,0.0,0.0,0.0,0.0,0.0,863.181945138381,-863.181945138381,0.0,0.0,0.0,0.0,0.0,0.0,-265.7454386839153,0.20766763557352458,0.0,0.0,0.0,0.0,0.0,0.0,0.0,0.0,0.0,1000.0,0.0,0.0,0.0,0.0,0.0,986.7123477075872,986.7123477075872,0.0,0.0,0.0,0.0,-1000.0,0.0,0.0,1000.0,0.0,0.0,0.0,0.0,-349.3388805307055,0.0,0.0,0.0,0.0,0.0,0.0,0.0,0.0,0.0,0.0,0.0,0.0,0.0,0.0,271.6899870148334,0.0,0.0,0.0,0.0,0.0,0.0,0.0,-167.3048396293159,167.3048396293159,0.0,0.0,0.0,0.0,0.0,0.0,0.0,0.0,-67.49198156139548,0.0,0.0,0.0,0.0,0.0,0.0,0.0,0.0,0.0,0.0,0.0,0.0,0.0,355.40197991828,-916.9329457705902,669.2458082492558,0.0,0.0,0.0,0.0,138.78289202532892,0.0,0.0,0.0,0.0,-22.648591325121462,0.0,13.07998465683915,0.0,0.0,0.0,0.0,0.0,0.0,0.0,0.0,0.0,0.0,0.0,676.890449407871,11.500128666502746,1000.0,0.0,-669.2458082492558,0.0,0.0,0.0,-746.6454846003,0.0,0.0,0.0,-23.10943398135828,0.0,0.0,-1000.0,0.0,116.17049873923793,-1000.0,0.0,116.17049873923793,-1000.0,0.0,-849.4773906551977,0.0,0.0,440.6098112248046,0.0,0.0,0.0,0.0,0.0,0.0,0.0,1000.0,0.0,0.0,0.0,0.0,0.0,0.0,-22.648591325121462,-0.31150145336028684,0.0,0.0,0.0,0.0,0.20766763557352458,0.0,0.0,0.0,-472.77316971221967,-322.79804913876876,0.0,-421.68569866919114,-268.0371770844228,349.3388805307055,-788.3162962349146,0.0,1000.0,0.0,-49.11264333680452,0.0,0.0,0.0,-17.880183422880233,17.880183422880233,-1000.0,-974.2947205739728,-367.09539496370024,0.0,0.0,0.0,0.0,0.0,0.0,0.0,0.0,0.0,0.0,0.0,0.0,0.0,0.0,0.0,0.0,0.0,1000.0,0.0,729.6761306701528,0.0,0.0,0.0,0.0,0.0,0.0,278.82542334075447,0.0,0.0,0.0,0.0,0.0,0.0,-514.9757810180862,0.0,-365.26856193009064,-17.880183422880233,-237.92123219429894,-44.33175914175998,47.31071696973235,673.0648117305168,514.9757810180862,-10.38338177867623,84.77266118186273,360.0768710407525,33.94837736308375,-357.2542113594225,0.0,163.6340111311626,0.0,-298.61797425395355,62.30029067205738,0.0,0.0,0.0,158.4556684822387,0.0,0.0,902.8195915051351,547.417611586855,-547.417611586855,-547.417611586855,-858.8979271225542,0.0,0.0,0.0,0.0,0.0,0.0,0.0,0.0,-45.297182650242924,0.0,0.0,0.0,0.0,0.0,0.0,0.0,-979.2332364426476,0.4153352711471141,0.0,0.0,0.0,0.0,0.0,0.0,0.0,0.0,0.0,0.0,0.0,0.0,0.0,0.0,0.0,0.0,0.0,0.0,0.0,0.22843439913064456,0.22843439913064456,13.07998465683915,68.80762709942739,0.0,124.60058134411476,0.0,0.0,0.0,1000.0,0.0,0.0,0.0,0.0,0.0,759.8194710651542,-1000.0,0.0,0.0,624.7095848301853,0.0,0.0,0.0,0.0,0.0,0.0,0.0,0.0,0.0,0.0,127.66240290598522,472.77316971221967,0.0,0.0,15.990407939161393,0.0,28.829533638636633,138.78289202532892,0.0,0.0,759.8194710651542,0.0,-1000.0,780.5862346225066,0.0,0.0,355.40197991828,0.0,0.0,0.0,0.0,0.0,0.0,0.0,0.0,0.0,0.0,0.0,0.0,0.0,124.60058134411476,0.0,0.0,0.0,0.0,0.0,0.0,0.0,0.0,0.0,0.0,0.0,0.0,2.076676355735246,0.0,13.07998465683915,0.0,0.0,13.07998465683915,0.0,0.0,0.0,62.30029067205738,-624.7095848301853,0.0,0.0,0.0,0.0,0.0,0.0,0.0,0.0,0.0,-717.3436519478275,843.0465593163174,0.0,62.30029067205738,62.30029067205738,1000.0,-1000.0,0.0,0.0,0.0,0.0,0.0,0.0,0.0,974.2947205739728,0.0,1000.0,0.20766763557352458,0.0,0.0,0.0,274.2547795799211,520.7245737066512,0.0,-167.61242566396555,0.0,0.0,0.0,0.0,0.0,0.0,0.0,0.0,0.0,0.0,0.0,0.0,0.0,0.0,0.20766763557352458,0.0,0.0,0.0,131.72950552756828,-131.72950552756828,0.0,0.0,0.0,0.0,0.0,1000.0,0.0,-721.1745766592455,-270.3238693298472,-15.575072668014345,-10.38338177867622,0.0,0.0,0.0,0.0,0.0,0.0,0.0,0.0,0.0,0.0,0.0,0.0,0.0,349.3388805307055,0.0,0.0,-124.60058134411476,0.0,0.0,0.0,-0.20766763557352458,0.0,0.0,0.20766763557352458,0.0,0.20766763557352458,0.0,0.0,0.0,124.60058134411476,253.3545153997,253.3545153997,0.0,0.0,0.0,0.0,0.0,0.0,0.0,0.0,0.0,0.0,0.0,0.0,0.0,0.0,0.0,0.0,0.0,0.0,0.0,0.0,0.0,0.0,0.0,0.0,0.0,0.0,0.0,138.78289202532892,0.0,0.0,0.0,0.31150145336028684,0.0,0.0,0.0,-62.30029067205738,0.0,0.0,0.0,0.0,0.0,-68.80762709942739,10.38338177867623,0.0,0.0,0.0,0.0,1000.0,-30.150264300983064,0.0,0.0,0.0,0.0,0.0,0.0,0.0,0.0,0.0,0.0,624.7095848301853,0.0,-286.5943528188526,0.0,958.466472885295,471.61193036984673,0.0,248.67515903977142,721.1745766592455,-969.849735699017,0.0,-1000.0,0.0,10.38338177867622,192.87896757994008,0.0,0.0,-13.07998465683915,-45.297182650242924,0.0,0.0,0.0,0.0,0.0,0.0,0.0,0.0,0.0,0.0,-31.1501453360288,253.3545153997,0.0,0.0,0.0,13.07998465683915,0.0,0.0,0.0,0.0,0.0,0.0,0.0,0.0,84.38269976744174,-274.2547795799211,329.4281890057005,0.0,62.30029067205738,0.0,0.0,0.0,0.0,77.61391348212058,0.0,0.0,0.22843439913064456,0.0,0.0,0.0,126.67725769985,0.0,0.0,0.0,0.0,-916.9329457705902,0.0,0.0,0.0,0.0,0.0,0.0,0.0,0.0,0.0,0.0,0.02076676355735246,0.02076676355735246,0.0,0.0,0.0,0.0,0.0,0.0,0.0,0.0,0.0,0.0,13.07998465683915,0.0,0.0,0.0,0.0,68.80762709942739,0.0,0.0,0.0,0.0,0.0,0.0,0.0,0.0,0.0,0.0,0.0,0.0,1000.0,-841.5212480432224,-514.867711396566,0.0,0.0,0.0,124.60058134411476,0.0,0.0,0.0,0.0,0.0,0.0,-124.60058134411476,0.0,0.0,0.0,0.0,0.0,0.0,0.0,0.0,0.0,13.07998465683915,13.07998465683915,0.0,-367.09539496370024,-1000.0,142.25233036786437,-62.30029067205738,0.0,0.0,269.4931987875534,0.0,0.0,0.0,0.0,0.0,0.0,0.0,0.0,0.0,0.0,0.0,0.0,0.0,0.0,0.0,0.0,0.0,-25.958454446690567,0.0,-15.575072668014345,15.575072668014345,0.0,0.0,0.0,0.0,0.0,106.80831312722746,-109.40415857189652,45.297182650242924,0.0,0.0,0.0,0.0,0.0,0.0,0.0,1000.0,62.30029067205738,62.30029067205738,0.0,0.0,0.0,0.0,472.3817674782601,0.22843439913064456,68.80762709942739,0.0,0.0,-269.4931987875534,0.0,0.0,0.0,0.0,0.0,0.0,0.0,0.0,0.0,0.0,0.0,0.0,0.0,0.0,0.0,0.0,0.0,0.0,0.0,218.05101735220083,15.990407939161393,0.0,0.0,0.0,0.0,0.0,68.80762709942739,0.0,0.0,0.0,0.0,0.0,-25.958454446690567,0.0,0.0,0.0,0.0,0.0,0.0,0.0,0.0,0.0,0.0,0.0,0.0,0.0,0.0,0.0,0.0,0.0,0.0,-0.20766763557352458,0.0,0.0,10.38338177867623,-759.8194710651542,0.0,0.0,0.0,0.0,0.0,0.0,0.0,0.0,17.880183422880233,5.191690889338115,0.0,0.0,0.0,0.20766763557352458,0.0,207.66763557352456,-64.37696702779262,41.53352711470492,1.483340254096604,579.3927032501335,-0.15575072668014342,10.38338177867623,4.153352711470492,-1.0383381778672742,-579.3927032501335,62.30029067205738,-0.20766763557352458,16.370881112268172,0.0,0.051916908893381145,1.483340254096604,-49.11264333680452,-33.06068758330531,8.926631945368658,-162.3342394646652,-0.20766763557352458,0.051916908893381145,-579.3927032501335,20.76676355735246,0.20766763557352458,0.20766763557352458,-68.37152506472322,0.22843439913087704,-360.2833760623872,-0.15575072668014342,62.30029067205738,0.20766763557352458,62.30029067205738,-103.8338177867623,-0.10383381778676229,-541.4913372640037,-159.7573232182549,-0.15575072668014342,-0.20766763557352447,-64.37696702779262,0.20766763557352458,20.76676355735246,-4.153352711470492,138.78289202532892,138.78289202532892,-20.76676355735246,162.3342394646652,-138.78289202532892,41.53352711470492,0.31150145336028684,-1000.0,20.76676355735246,-127.66240290598522,0.0,-41.53352711470492,0.10383381778676229,2.076676355735246,105.42142466729779,-245.06082570414767,-0.20766763557352458,-115.53284510347054,68.37152506472322,64.37696702779262,0.20766763557352458,33.06068758330531,-249.20116268822972,0.0,-0.20766763557352458,-0.051916908893381145,0.0,-0.20766763557352458,-979.2332364426476,0.20766763557352458,-0.051916908893381145,-0.051916908893381145,-0.051916908893381145,83.06705422940983,103.8338177867623,2.076676355735246,153.8557595055339,-0.051916908893381145,194.4719682223274,10.38338177867623,500.0,0.20766763557352458,0.10383381778676229,0.10383381778676229,20.76676355735246,64.37696702779262,0.20766763557352458,-64.37696702779262,2.076676355735246,0.20766763557352458,-153.8557595055339,0.20766763557352458,0.8306705422938236,1.0383381778672742,0.10383381778676229,0.051916908893381145,62.30029067205738,-0.20766763557352458,360.2833760623872,-4.463315972684329,-307.7115190110678,5.1916908893381155,-20.76676355735246,41.53352711470492,10.38338177867623,-0.20766763557352458,49.11264333680452,0.31150145336028684,-0.20766763557352458,-41.53352711470492,64.37696702779262,257.17120793876074,0.10383381778676229,-1000.0,-0.20766763557352458,-0.20766763557352458,-0.20766763557352458,0.10383381778676223,579.3927032501335,-41.53352711470492,0.20766763557352458,210.84284933459557,-0.051916908893381145,-0.22843439913087704,-210.84284933459557,31.150145336028682,159.7573232182549,153.31331257490052,579.3927032501335,-0.15575072668014342,115.53284510347054,245.06082570414767,0.20766763557352458,-0.05191690889338116,10.38338177867622,207.66763557352456,-0.10383381778676229,-0.20766763557352458,0.051916908893381145,0.0,0.0,999.8961661822133,0.0,-1000.0,0.0,562.175904526347,467.02247562367205,0.0,325.86452809688524,187.29680115576383,-1000.0,0.0,-162.93226404844262,500.0,-93.64840057788192,0.0,-233.51123781183603,-68.80762709942739,-334.78512142088135,0.0,1000.0,-334.78512142088135,-562.175904526347,395.30515182861217,0.0,1496.5981,bhi
368,0.0,0.0,0.0,0.0,0.0,0.0,0.0,0.0,51.884925905768554,0.0,0.0,0.0,0.0,0.0,0.0,0.0,527.5194937947548,-805.9385304572536,0.0,1000.0,0.0,0.0,0.0,0.0,0.0,0.0,0.0,0.0,0.0,-144.524965457196,0.0,0.0,0.0,0.0,0.0,0.0,0.0,-99.60669329742515,0.0,-723.0127594982225,631.6755146058329,0.0,-489.576187366259,1000.0,0.0,0.0,0.0,0.0,-858.1814700892047,-1000.0,0.0,1000.0,0.0,0.014688444126079503,0.0,0.0,0.0,2.6706262047440963,0.0,0.0,96.0921492119822,0.0,1000.0,804.2878043595689,0.0,0.0,0.0,0.0,458.7513022383205,-458.7513022383205,0.0,0.13353131023720483,0.0,0.0,0.0,0.0,0.0,0.0,0.0,588.9438627866427,0.0,0.0,0.0,0.0,8.01187861423229,0.0,0.0,1000.0,858.1814700892047,-226.78675281215044,-0.0033382827559301203,0.0,0.0,-153.86421705808493,4.005939307116145,0.0,368.3244853941671,0.0,0.0,0.0,0.0,0.6676565511860241,-1000.0,0.0,0.0,-160.49189147888225,0.0,0.0,0.0,0.0,0.0,0.0,0.0,0.0,0.0,0.0,0.0,0.0,0.0,0.0,0.0,0.0,0.0,0.0,-26.748648579813707,0.0,0.0,368.3244853941671,0.0,4.13947061735335,0.0,0.0,180.43243234794667,-180.43243234794667,0.0,0.0,-291.8043448524133,-421.7187500000011,421.7187500000011,0.0,0.0,0.0,0.0,0.0,0.0,1.0281910888264765,0.013353131023720481,0.0,0.0,0.0,0.0,0.0,0.0,0.0,0.0,0.0,350.01180249495536,0.0,0.0,0.0,0.0,0.0,753.6647726842222,753.6647726842222,0.0,0.0,0.0,0.0,1000.0,0.0,0.0,753.6781258152458,0.0,0.0,0.0,-775.161194989351,-797.5331608983862,0.0,0.0,0.0,0.0,0.0,0.0,0.0,0.0,0.0,0.0,0.0,0.0,0.0,0.0,-1000.0,0.0,0.0,0.0,0.0,0.0,1000.0,-510.423812633741,-631.3947172770543,631.3947172770543,291.8043448524133,0.0,0.0,0.0,0.0,0.0,0.0,855.475034542804,-1000.0,0.0,0.0,0.0,0.0,0.0,0.0,0.0,0.0,0.0,0.0,0.0,0.0,0.0,0.0,-532.2824790335683,985.6107543853869,0.0,0.0,0.0,0.0,-291.8043448524133,0.0,0.0,0.0,0.0,96.0921492119822,-14.38924561461306,0.0,0.0,0.0,0.0,0.0,0.0,0.0,0.0,813.859452134149,0.0,364.31854608705095,0.0,0.0,1000.0,-1000.0,0.0,-985.6107543853869,0.0,0.0,291.8043448524133,-982.0584540533763,0.0,0.0,0.0,-26.351405277213644,0.0,0.0,0.0,0.0,999.9999999999999,-1000.0,999.9999999999999,0.0,226.78675281215044,0.0,420.84822235489685,1000.0,0.0,37.25523555618015,0.0,0.0,0.0,0.0,0.0,0.0,0.0,753.6514195531985,0.0,0.0,572.9955070491734,0.0,0.0,0.0,96.0921492119822,-0.020029696535580722,0.0,0.0,0.0,0.0,0.013353131023720481,0.0,0.0,0.0,-182.18393752831616,527.5194937947548,0.0,-106.99459431925483,-857.1221351473814,797.5331608983862,1000.0,0.0,1000.0,0.0,-160.49189147888225,0.0,0.0,0.0,-1.1497045811423203,-458.7513022383205,-540.0989931805373,-33.49689689333485,-1000.0,0.0,0.0,0.0,0.0,0.0,0.0,0.0,0.0,0.0,0.0,0.0,0.0,0.0,0.0,0.0,0.0,0.0,-482.0210733551582,0.0,-1000.0,0.0,617.5322074181721,813.4294813151855,0.0,0.0,0.0,-814.8876432229755,0.0,0.0,0.0,522.1190022570976,0.0,0.0,132.19438339081046,0.0,0.0,0.0,-393.3782234098114,0.0,0.0,0.0,-132.19438339081046,-0.6676565511860241,133.8635247687755,-0.33382827559301204,-0.6676565511860241,0.0,0.0,0.0,0.0,263.18680967255904,368.3244853941671,0.0,0.0,0.0,0.0,0.0,51.898279036792275,0.0,0.0,0.0,0.0,578.1980838041674,0.0,0.0,0.0,0.0,0.0,855.475034542804,0.0,0.0,-99.62004642844887,0.0,0.0,0.0,0.0,0.0,0.0,0.0,-900.6069644277353,0.02670626204742616,0.0,0.0,0.0,0.0,0.0,0.0,0.0,0.0,0.0,0.0,0.0,0.0,0.0,0.0,0.0,0.0,0.0,0.0,0.0,0.014688444126079503,0.014688444126079503,0.0,844.2575069149125,0.0,8.01187861423229,0.0,0.0,0.0,1000.0,0.0,0.0,0.0,0.0,0.0,530.4225223026449,-1000.0,0.0,0.0,0.0,0.0,0.0,0.0,0.0,0.0,0.0,0.0,0.0,0.0,0.0,8.916216193271236,182.18393752831616,0.0,0.0,1.0281910888264765,0.0,-673.4324192918826,519.5682022337977,519.5682022337977,0.0,530.4225223026449,0.0,-370.1844421250904,0.0,0.0,0.0,0.0,0.0,0.0,0.0,0.0,0.0,0.0,0.0,0.0,0.0,0.0,0.0,0.0,0.0,8.01187861423229,291.8043448524133,291.8043448524133,0.0,0.0,0.0,0.0,0.0,0.0,0.0,0.0,0.0,0.0,0.13353131023720483,0.0,0.0,0.0,0.0,0.0,-510.423812633741,0.0,0.0,368.3244853941671,0.0,0.0,0.0,0.0,0.0,0.0,0.0,0.0,0.0,0.0,-881.9716738624888,805.6915178942652,0.0,4.005939307116145,4.005939307116145,565.6946190062539,-1000.0,0.0,0.0,0.0,0.0,0.0,0.0,0.0,828.9567151277938,855.475034542804,1000.0,0.013353131023720481,0.0,0.0,0.0,17.634717106969145,579.6231814699709,0.0,153.86421705808493,0.0,0.0,0.0,0.0,0.0,0.0,0.0,0.0,0.0,0.0,0.0,0.0,0.0,0.0,0.013353131023720481,0.0,0.0,0.0,-1000.0,1000.0,0.0,0.0,0.0,617.5322074181721,-814.8876432229755,813.4294813151855,0.0,0.0,-517.9789266448417,-1.001484826779036,-0.6676565511860417,0.0,0.0,0.0,0.0,0.0,0.0,0.0,0.0,0.0,0.0,0.0,0.0,291.8043448524133,797.5331608983862,0.0,0.0,263.8544662237451,0.0,0.0,0.0,51.884925905768554,0.0,0.0,0.013353131023720481,0.0,0.013353131023720481,0.0,0.0,0.0,8.01187861423229,16.29081984893899,16.29081984893899,0.0,0.0,0.0,0.0,0.0,0.0,0.0,0.0,0.0,855.475034542804,0.0,0.0,0.0,0.0,0.0,0.0,0.0,0.0,0.0,0.0,0.0,0.0,0.0,0.0,0.0,0.0,0.0,0.0,0.0,0.0,0.0,0.020029696535580722,0.0,0.0,0.0,-368.3244853941671,0.0,0.0,0.0,0.0,0.0,-844.2575069149125,0.6676565511860241,0.0,0.0,0.0,0.0,-1000.0,1000.0,0.0,0.0,0.0,0.0,0.0,0.0,0.0,0.0,291.8043448524133,0.0,0.0,1000.0,844.2575069149125,0.0,-432.636239615781,419.1312899910886,0.0,1000.0,0.0,-1000.0,0.0,-998.3492739023153,0.0,0.6676565511860241,1000.0,0.0,0.0,0.0,-99.62004642844887,-175.1378017483221,175.1378017483221,1000.0,-1000.0,0.0,0.0,0.0,0.0,0.0,0.0,-2.0029696535580683,16.29081984893899,0.0,0.0,0.0,0.0,0.0,0.0,0.0,0.0,0.0,813.859452134149,0.0,0.0,845.2589917416915,-17.634717106969145,-1000.0,-489.576187366259,4.005939307116145,0.0,0.0,0.0,0.0,-245.76949874867407,0.0,0.0,0.014688444126079503,0.0,0.0,0.0,8.145409924469496,0.0,0.0,0.0,0.0,-532.2824790335683,0.0,0.0,0.0,0.0,0.0,0.0,0.0,0.0,604.0433787678637,0.0,0.0013353131023720864,0.0013353131023720864,0.0,0.0,0.0,0.0,0.0,0.0,0.0,0.0,0.0,0.0,0.0,0.0,0.0,0.0,0.0,844.2575069149125,0.0,0.0,0.0,0.0,0.0,0.0,0.0,1000.0,0.0,0.0,0.0,0.0,1000.0,107.28192722146073,-805.9385304572536,0.0,0.0,0.0,8.01187861423229,0.0,0.0,0.0,0.0,0.0,-8.01187861423229,0.0,0.0,0.0,0.0,0.0,0.0,0.0,0.0,0.0,0.0,0.0,0.0,0.0,-1000.0,-204.54018176554104,9.146894751248531,631.6755146058329,-1000.0,0.0,517.9255141207469,0.0,0.0,0.0,0.0,0.0,0.0,0.0,0.0,0.0,0.0,0.0,0.0,0.0,0.0,0.0,0.0,0.0,-1.6691413779650777,291.8043448524133,-1.001484826779036,1.0014848267790362,0.0,0.0,0.0,0.0,0.0,0.0,-0.16691413779650605,99.62004642844887,0.0,0.0,0.0,0.0,0.0,0.0,0.0,1000.0,4.005939307116145,4.005939307116145,0.0,0.0,0.0,0.0,588.9438627866427,0.014688444126079503,844.2575069149125,0.0,0.0,-517.9255141207469,0.0,0.0,0.0,0.0,0.0,0.0,0.0,0.0,0.0,0.0,0.0,0.0,0.0,0.0,0.0,0.0,0.0,0.0,0.0,14.020787574906509,1.0281910888264765,0.0,0.0,0.0,0.0,0.0,844.2575069149125,0.0,-187.23817523600047,0.0,0.0,0.0,-1.6691413779650777,0.0,0.0,0.0,0.0,0.0,0.0,0.0,0.0,0.0,0.0,0.0,0.0,0.0,0.0,0.0,0.0,0.0,0.0,-0.013353131023720481,0.0,0.0,0.6676565511860241,-530.4225223026449,0.0,0.0,0.0,0.0,291.8043448524133,0.0,0.0,0.0,1.1497045811423203,0.33382827559301204,0.0,0.0,0.0,0.013353131023720481,0.0,13.353131023720481,-4.13947061735335,2.6706262047440963,0.09537950731228916,37.25523555618015,-0.010014848267790361,0.6676565511860241,0.26706262047440965,-0.06676565511850185,-37.25523555618015,4.005939307116145,-0.013353131023720481,53.497297159627415,0.0,0.0033382827559301203,0.09537950731228916,-160.49189147888225,-2.125818458975914,-0.26706262047440965,-721.5809633375012,-0.013353131023720481,0.0033382827559301203,-37.25523555618015,100.0600739288401,0.013353131023720481,0.013353131023720481,-844.2294653397628,0.014688444126092567,0.0,-0.010014848267790361,4.005939307116145,0.013353131023720481,368.3244853941671,357.6419805751907,-0.006676565511860241,-29.028019537190858,290.45567861901753,-0.010014848267790361,-0.013353131023720502,-4.13947061735335,0.013353131023720481,1.3353131023720481,-0.26706262047440965,0.0,0.0,-1.3353131023720834,721.5809633375012,0.0,2.6706262047440963,0.020029696535580722,636.5357325468541,1.3353131023720481,-8.916216193271236,0.0,-2.6706262047440963,0.006676565511860241,0.13353131023720483,26.748648579813707,846.9281331196565,-0.013353131023720481,-847.2619613952495,844.2294653397628,4.13947061735335,0.013353131023720481,2.125818458975914,-479.06706414198356,0.0,-0.013353131023720481,-0.0033382827559301203,0.0,-0.013353131023720481,-900.6069644277353,0.01335313102379132,-0.0033382827559301203,-0.0033382827559301203,-0.0033382827559301203,5.341252409488193,-357.6419805751907,0.13353131023720483,160.24935659023316,-0.0033382827559301203,0.0,0.6676565511860241,450.9711387650537,0.013353131023720481,0.006676565511860241,0.006676565511860241,1.3353131023720481,4.13947061735335,0.013353131023720481,-4.13947061735335,0.13353131023720483,0.013353131023720481,-460.96206787630194,0.013353131023720481,0.053412524094881064,0.06676565511850185,0.006676565511860241,0.0033382827559301203,4.005939307116145,-0.013353131023720481,0.0,0.13353131023720483,-320.4987131804663,0.3338282755930121,-1.3353131023720481,2.6706262047440963,0.6676565511860241,-0.013353131023720481,160.49189147888225,0.020029696535580722,-0.013353131023720481,-2.6706262047440963,4.13947061735335,415.324587927208,0.006676565511860241,-901.9422775301074,-0.013353131023720481,-0.01335313102379132,-0.013353131023720481,0.006676565511860251,37.25523555618015,-2.6706262047440963,0.013353131023720481,53.497297159627415,-0.0033382827559301203,-0.014688444126092567,-53.497297159627415,2.002969653558072,-290.45567861901753,-687.9253518810608,37.25523555618015,-0.010014848267790361,847.2619613952495,-846.9281331196565,0.013353131023720481,-0.0033382827559301186,522.7866588082836,13.353131023720481,-0.006676565511860241,-0.013353131023720481,0.0033382827559301203,1000.0,0.0,-636.5424091123659,300.7127112860688,1000.0,0.0,713.081774489931,418.83618579546436,98.72476082646801,1000.0,-1000.0,429.9656134110369,0.0,-500.0,-500.0,500.0,-98.72476082646801,-209.41809289773218,-844.2575069149125,-169.5550891785339,0.0,-429.9656134110369,-169.5550891785339,-713.081774489931,595.4067627647712,0.0,1496.5981,bhi
369,0.0,0.0,0.0,0.0,0.0,0.0,0.0,0.0,-0.025966390749264264,0.0,0.0,0.0,0.0,0.0,0.0,0.0,-764.6175699026684,158.39000977273474,0.0,546.7224150320801,0.0,0.0,0.0,0.0,0.0,11.601891004662889,0.0,0.0,0.0,232.7208285554696,0.0,0.0,1000.0,0.0,0.0,0.0,0.0,-890.8387770838505,0.0,-1000.0,858.9636705409757,0.0,0.0,0.0,0.0,0.0,0.0,0.0,-494.9756547379004,0.0,0.0,-858.2675999581086,0.0,0.0285630298242625,0.0,0.0,0.0,5.193278149852853,0.0,0.0,112.88330748370237,0.0,-669.2230129793268,-901.8499483826861,0.0,0.0,0.0,0.0,399.12256628035846,-399.12256628035846,0.0,0.2596639074926427,0.0,0.0,0.0,0.0,0.0,0.0,0.0,0.0,0.0,0.0,0.0,0.0,15.579834449558575,0.0,0.0,-820.3461225943252,1000.0,63.704072372240326,-0.006491597687316067,0.0,0.0,724.5158532258122,7.7899172247792805,0.0,7.7899172247792805,0.0,0.0,0.0,0.0,999.3508402312684,-31.62866158393143,0.0,0.0,-54.49779633595221,0.0,314.75022897717736,0.0,0.0,0.0,0.0,0.0,0.0,0.0,0.0,0.0,0.0,0.0,0.0,0.0,0.0,0.0,0.0,-1000.0,0.0,0.0,7.7899172247792805,0.0,8.04958113227192,0.0,0.0,397.55076497242527,-397.55076497242527,0.0,0.0,-345.51024288706174,0.0,0.0,0.0,0.0,0.0,0.0,0.0,0.0,1.9994120876933472,0.025966390749264264,0.0,0.0,0.0,908.0564917674436,-913.2497699172965,0.0,0.0,771.1211155549428,0.0,187.80652553715655,0.0,0.0,0.0,0.0,0.0,-85.78184868414911,-85.78184868414911,0.0,0.0,0.0,828.125,1000.0,0.0,0.0,-85.75588229339985,0.0,0.0,0.0,893.930177364663,0.0,0.0,0.0,0.0,0.0,0.0,0.0,0.0,0.0,0.0,0.0,0.0,0.0,0.0,0.0,-1000.0,0.0,0.0,0.0,0.0,0.0,0.0,858.2675999581086,-542.945822625883,542.945822625883,345.51024288706174,0.0,0.0,0.0,0.0,0.0,0.0,264.34949013940104,-177.83834873121987,0.0,0.0,0.0,0.0,0.0,0.0,0.0,0.0,0.0,0.0,0.0,0.0,0.0,54.59540493995118,-266.74672134022416,168.60479612699066,0.0,0.0,0.0,0.0,-102.95219866622347,0.0,0.0,0.0,0.0,112.88330748370237,168.60479612699066,0.0,0.0,0.0,0.0,0.0,0.0,0.0,0.0,731.6760224322418,0.0,0.0,0.0,-700.9524471165519,841.9933755093311,-1000.0,0.0,-168.60479612699066,0.0,0.0,345.51024288706174,792.7044920993508,0.0,0.0,0.0,-249.96180544640094,0.0,0.0,-1000.0,0.0,448.85749979523746,-1000.0,0.0,448.85749979523746,457.054177374117,0.0,619.2207795530487,0.0,0.0,-170.11181403039097,0.0,0.0,0.0,-1000.0,0.0,1000.0,0.0,-85.80781507489837,0.0,0.0,928.7258160902743,828.125,0.0,0.0,112.88330748370237,-0.038949586123896394,0.0,0.0,0.0,0.0,0.025966390749264264,0.0,0.0,0.0,17.976016122140663,-764.6175699026684,0.0,-36.33186422396814,401.06550348307695,0.0,866.753587765755,0.0,139.22523686795773,0.0,-54.49779633595221,0.0,0.0,0.0,-2.2357062435117245,-598.0278006395795,461.03827001513343,0.0,-1000.0,0.0,0.0,0.0,0.0,0.0,0.0,0.0,0.0,0.0,0.0,0.0,0.0,0.0,0.0,0.0,0.0,0.0,-1000.0,0.0,-109.26508847914613,0.0,0.0,730.8399046501164,692.4278394724683,0.0,0.0,-733.6754345199352,0.0,0.0,0.0,0.0,998.0525206938051,1000.0,0.0,0.0,0.0,-801.094765640779,0.0,0.0,500.1030262285925,-996.1050413876103,0.0,-846.5384996206,1000.0,-0.6491597687316066,-1.2983195374632133,593.0268679607253,0.0,-443.5491496217442,0.0,0.0,7.7899172247792805,0.0,0.0,0.0,0.0,0.0,0.0,0.0,-54.59540493995118,54.59540493995118,54.59540493995118,406.2847480236791,0.0,0.0,0.0,0.0,0.0,264.34949013940104,0.0,0.0,-119.743627919657,0.0,0.0,0.0,0.0,0.0,0.0,0.0,-279.72991671485624,0.05193278149854587,0.0,0.0,0.0,0.0,0.0,0.0,0.0,0.0,0.0,0.0,0.0,0.0,0.0,0.0,0.0,0.0,0.0,0.0,0.0,0.0285630298242625,0.0285630298242625,0.0,0.0,0.0,15.579834449558575,0.0,0.0,0.0,1000.0,0.0,0.0,0.0,0.0,0.0,1000.0,-1000.0,0.0,0.0,0.0,0.0,0.0,0.0,0.0,0.0,0.0,0.0,0.0,0.0,0.0,333.3333333333333,-17.976016122140663,5.193278149852853,0.0,1.9994120876933472,0.0,724.5158532258122,0.0,-242.55804422083827,0.0,1000.0,0.0,0.0,720.2700832851438,0.0,0.0,54.59540493995118,0.0,0.0,0.0,0.0,0.0,0.0,0.0,0.0,0.0,0.0,0.0,0.0,0.0,15.579834449558561,345.51024288706174,345.51024288706174,0.0,0.0,0.0,0.0,0.0,0.0,0.0,0.0,0.0,0.0,0.2596639074926427,0.0,0.0,0.0,0.0,0.0,858.2675999581086,0.0,0.0,7.7899172247792805,0.0,0.0,0.0,0.0,0.0,0.0,0.0,0.0,0.0,0.0,782.5518634926223,-1000.0,0.0,7.78991722477928,7.78991722477928,-825.4074501124381,-1000.0,0.0,0.0,0.0,0.0,0.0,0.0,0.0,-968.3713384160686,264.34949013940104,-982.4344432247029,0.025966390749264264,0.0,0.0,0.0,34.29232846879621,643.0197701624203,0.0,-724.5158532258122,0.0,0.0,0.0,0.0,0.0,0.0,0.0,0.0,0.0,0.0,0.0,0.0,0.0,0.0,0.025966390749264264,0.0,0.0,0.0,0.0,0.0,0.0,0.0,0.0,0.0,0.0,887.8993816510351,-771.1211155549428,0.0,0.0,-1.9474793061948503,-1.2983195374632133,0.0,0.0,0.0,0.0,0.0,0.0,0.0,0.0,0.0,0.0,0.0,0.0,345.51024288706174,0.0,0.0,0.0,-442.250830084281,0.0,0.0,0.0,-0.025966390749264264,0.0,0.0,0.025966390749264264,0.0,0.025966390749264264,0.0,0.0,0.0,15.579834449558575,31.678996714102407,31.678996714102407,0.0,0.0,0.0,0.0,0.0,0.0,0.0,5.193278149852853,0.0,264.34949013940104,0.0,0.0,0.0,0.0,0.0,0.0,0.0,0.0,0.0,0.0,0.0,0.0,0.0,0.0,0.0,0.0,0.0,242.55804422083827,0.0,-1000.0,1000.0,0.038949586123896394,0.0,0.0,0.0,-7.7899172247792805,0.0,0.0,0.0,0.0,0.0,0.0,1.2983195374632133,0.0,0.0,0.0,-828.125,-1000.0,733.6754345199352,0.0,0.0,0.0,0.0,0.0,0.0,0.0,0.0,345.51024288706174,0.0,0.0,-716.945172868729,-54.59540493995118,0.0,-1000.0,588.5219738264681,890.7349115208539,0.0,0.0,-890.7349115208539,771.1211155549428,761.0254953852484,0.0,1.2983195374632133,899.0790257139089,0.0,0.0,0.0,-119.743627919657,0.0,0.0,0.0,0.0,0.0,0.0,0.0,0.0,0.0,-1.9474793061948503,-1.9474793061950777,31.678996714102407,0.0,0.0,0.0,0.0,0.0,0.0,0.0,0.0,0.0,731.6760224322418,0.0,0.0,3.8949586123897006,-34.29232846879621,445.2564348928203,0.0,7.7899172247792805,0.0,0.0,0.0,0.0,-455.12156064964586,0.0,0.0,0.0285630298242625,0.0,0.0,0.0,15.8394983570512,0.0,0.0,0.0,0.0,-266.74672134022416,0.0,0.0,0.0,0.0,0.0,0.0,0.0,0.0,-1000.0,0.0,0.0025966390749265007,0.0025966390749265007,0.0,0.0,0.0,0.0,0.0,0.0,0.0,0.0,0.0,0.0,0.0,0.0,0.0,0.0,0.0,0.0,0.0,0.0,0.0,0.0,0.0,0.0,0.0,0.0,0.0,0.0,0.0,0.0,0.0,0.0,158.39000977273474,0.0,0.0,0.0,15.579834449558575,0.0,0.0,0.0,0.0,0.0,984.4201655504414,-1000.0,0.0,0.0,0.0,0.0,0.0,0.0,0.0,0.0,0.0,0.0,0.0,0.0,982.4344432247029,-1000.0,17.786977663246034,-7.7899172247792805,0.0,0.0,-890.8387770838505,0.0,0.0,0.0,0.0,0.0,0.0,0.0,0.0,0.0,0.0,0.0,0.0,0.0,0.0,0.0,0.0,0.0,-3.2457988436580334,345.51024288706174,-1000.0,0.0,0.0,0.0,0.0,0.0,0.0,889.2794674732422,-889.604047357608,890.8647434745998,0.0,0.0,0.0,0.0,0.0,0.0,0.0,1000.0,7.78991722477928,7.78991722477928,0.0,0.0,0.0,0.0,0.0,0.0285630298242625,0.0,0.0,0.0,890.8387770838505,0.0,0.0,0.0,0.0,0.0,0.0,0.0,0.0,0.0,0.0,0.0,0.0,0.0,0.0,494.19905449766856,0.0,0.0,0.0,0.0,27.26471028672748,1.9994120876933472,0.0,0.0,0.0,0.0,0.0,0.0,0.0,-4.133849407281875,0.0,0.0,0.0,-3.2457988436580334,0.0,0.0,0.0,0.0,0.0,0.0,0.0,0.0,0.0,0.0,0.0,0.0,0.0,0.0,0.0,0.0,0.0,0.0,-0.025966390749264264,0.0,0.0,1.2983195374632133,-1000.0,0.0,0.0,0.0,0.0,345.51024288706174,0.0,0.0,0.0,2.2357062435117245,0.6491597687316066,0.0,0.0,11.601891004662889,0.025966390749264264,0.0,25.966390749264264,-8.04958113227192,5.193278149852853,0.18547421963760188,72.44623019044728,-0.019474793061948197,846.5384996206,0.5193278149852854,-0.12983195374585305,-72.44623019044728,7.78991722477928,-0.025966390749264268,18.16593211198407,0.0,0.006491597687316067,0.18547421963760188,-54.49779633595221,-4.133849407281875,-0.5193278149852854,59.50514509785353,-0.025966390749264268,0.006491597687316067,-72.44623019044728,304.5456675889503,0.025966390749264268,0.025966390749264264,0.05452942057352676,0.028563029824190768,-527.7145538805318,-0.019474793061948197,7.78991722477928,0.025966390749264268,7.7899172247792805,-12.983195374632132,-0.012983195374632134,448.9036210152796,100.32959320054778,-0.019474793061948197,-0.025966390749264268,-8.04958113227192,0.025966390749264264,2.5966390749264265,-0.5193278149852854,242.55804422083827,242.55804422083827,-2.596639074926429,-59.50514509785353,-242.55804422083827,5.193278149852853,0.038949586123896394,-1000.0,2.5966390749264265,-333.3333333333333,0.0,-5.193278149852853,0.012983195374632134,0.2596639074926427,9.082966055992035,-49.40212679009833,-0.025966390749264264,-5.842437918584778,-0.05452942057352676,8.04958113227192,0.025966390749264268,4.133849407281875,-333.1086974131408,0.0,-0.025966390749264264,-0.006491597687316067,0.0,-0.025966390749264268,-279.7299167148563,0.025966390749264275,-0.006491597687316067,-0.006491597687316067,-0.006491597687316067,10.386556299705706,12.983195374632132,0.2596639074926427,19.237849746360325,-0.006491597687316067,0.0,1.2983195374632133,141.16327789489134,0.025966390749264264,0.012983195374632134,0.012983195374632134,2.5966390749264265,8.04958113227192,0.025966390749264264,-8.04958113227192,0.2596639074926427,0.025966390749264268,-19.237849746360325,0.025966390749264268,0.10386556299658878,0.12983195374585305,0.012983195374632134,0.006491597687316067,7.78991722477928,-0.025966390749264268,527.7145538805318,0.2596639074926427,-38.47569949272065,845.8893398518684,-2.5966390749264265,5.193278149852853,1.2983195374632133,-0.025966390749264268,54.49779633595221,0.038949586123896394,-0.025966390749264268,-5.193278149852853,8.04958113227192,649.1670234875342,0.012983195374632134,-282.3265557897827,-0.025966390749264268,-0.025966390749264275,-0.025966390749264268,0.012983195374632134,72.44623019044728,-5.193278149852853,0.025966390749264264,18.16593211198407,-0.006491597687316067,-0.028563029824190768,-18.16593211198407,3.8949586123896394,-100.32959320054778,133.73617009138323,72.44623019044728,-0.019474793061948197,5.842437918584778,49.40212679009833,0.025966390749264268,-0.006491597687316067,1.2983195374632133,25.966390749264264,-0.012983195374632134,-0.025966390749264268,0.006491597687316067,1000.0,0.0,479.228767058268,0.0,566.632241512993,0.0,524.6841426082767,-412.0518834090907,301.9490285140239,-1000.0,-1000.0,1000.0,-520.7582497463574,500.0,-283.3161207564965,500.0,-301.9490285140239,206.02594170454535,0.0,-194.04546283788835,520.7582497463574,-1000.0,-194.04546283788835,-524.6841426082767,427.59810047324555,0.0,1496.5981,bhi
370,0.0,0.0,0.0,0.0,0.0,0.0,0.0,0.0,416.5966955633263,0.0,0.0,0.0,0.0,0.0,0.0,0.0,1000.0,-658.1051795214341,0.0,-106.57113252360978,0.0,0.0,0.0,0.0,0.0,0.0,0.0,0.0,0.0,-1000.0,61.667156154990586,-61.667156154990586,68.01653578072751,0.0,0.0,0.0,0.0,-86.20012714682984,0.0,-509.32598785556235,704.14306374708,0.0,-968.4344491795154,0.0,0.0,0.0,0.0,245.71287667567046,-76.50848097276264,0.0,0.0,0.0,0.0,0.08232909615935582,0.0,0.0,0.0,260.6818032501095,0.0,0.0,66.50101977486793,0.0,805.9488086327643,591.5056609232038,0.0,0.0,0.0,0.0,260.90839019247255,-260.90839019247255,0.0,0.7484463287219523,0.0,0.0,0.0,0.0,0.0,0.0,0.0,0.0,0.0,0.0,0.0,0.0,44.906779723317136,0.0,0.0,152.30249385846196,925.2382308752528,-452.74774565458114,-0.018711158218048807,0.0,0.0,-124.97999639345319,22.453389861658568,0.0,22.453389861658568,0.0,0.0,0.0,0.0,3.7422316436097613,-1000.0,0.0,0.0,-239.85729809924916,0.0,0.0,0.0,0.0,0.0,0.0,0.0,0.0,0.0,0.0,0.0,0.0,0.0,0.0,0.0,0.0,0.0,0.0,-281.07194861607866,0.0,0.0,22.453389861658568,0.0,23.20183619038052,23.20183619038052,0.0,0.0,0.0,0.0,0.0,-280.9441674844285,0.0,0.0,0.0,0.0,0.0,0.0,0.0,0.0,5.763036731159032,0.07484463287219523,0.0,0.0,0.0,0.0,-14.968926574439045,0.0,0.0,0.0,0.0,1000.0,0.0,0.0,0.0,0.0,0.0,938.2579992121372,938.2579992121372,0.0,0.0,0.0,0.0,636.8043349551654,0.0,0.0,1000.0,0.0,0.0,0.0,0.0,-292.0149924878977,0.0,0.0,0.0,0.0,0.0,0.0,0.0,0.0,0.0,0.0,0.0,0.0,0.0,0.0,-1000.0,0.0,0.0,0.0,0.0,0.0,0.0,968.4344491795154,-44.22846206521467,44.22846206521467,0.0,0.0,0.0,0.0,0.0,0.0,0.0,0.0,-564.8685131741142,0.0,0.0,0.0,0.0,0.0,0.0,0.0,0.0,0.0,0.0,0.0,0.0,0.0,0.0,-374.2757439816732,-891.9259682067527,0.0,0.0,0.0,280.9441674844285,42.94147992474501,0.0,0.0,0.0,0.0,66.50101977486793,-891.9259682067527,61.667156154990586,0.0,0.0,0.0,0.0,0.0,0.0,0.0,1000.0,0.0,0.0,0.0,0.0,1.0322437609521558,1000.0,0.0,891.9259682067527,0.0,0.0,280.9441674844285,-822.1227956792407,0.0,0.0,0.0,-111.46900677027736,0.0,0.0,-369.99166009244516,0.0,0.0,-1000.0,630.0083399075548,-630.0083399075548,881.0097688100382,0.0,-884.6987869959577,0.0,0.0,212.2787181694407,0.0,0.0,0.0,-1000.0,0.0,1000.0,0.0,999.8503107342556,0.0,280.9441674844285,0.0,0.0,0.0,0.0,66.50101977486793,-0.11226694930829284,0.0,0.0,0.0,0.0,0.07484463287219523,0.0,0.0,0.0,-65.39486978640358,1000.0,0.0,-780.7559550663545,-419.1012561685968,292.0149924878977,726.5964536087386,0.0,0.0,0.0,-239.85729809924916,0.0,0.0,0.0,-6.444122890295949,0.0,6.444122890295949,-808.2187176244564,-1000.0,0.0,0.0,0.0,0.0,0.0,0.0,0.0,0.0,0.0,0.0,0.0,0.0,0.0,0.0,0.0,0.0,0.0,-1000.0,0.0,-988.0847344467463,0.0,73.98548306208744,935.9228466665245,0.0,0.0,0.0,-944.0958805761684,0.0,0.0,0.0,0.0,0.0,-89.7840310667138,0.0,-3.7422316436097613,-1.8711158218048807,-171.12435912575873,0.0,-891.252638654091,70.61102944625239,-177.83345049895917,0.0,0.0,999.2504316208169,0.0,887.5104070104812,0.0,0.0,0.0,0.0,-610.5373463357839,22.453389861658568,0.0,0.0,0.0,0.0,0.0,416.6715401961985,0.0,0.0,0.0,0.0,177.21716221614756,0.0,0.0,0.0,0.0,0.0,0.0,0.0,0.0,-147.94212793469262,0.0,0.0,0.0,0.0,0.0,0.0,0.0,-411.6980604177709,0.14968926574430746,0.0,0.0,0.0,0.0,0.0,0.0,0.0,0.0,0.0,0.0,0.0,0.0,0.0,0.0,0.0,0.0,0.0,0.0,0.0,0.08232909615935582,0.08232909615935582,61.667156154990586,104.32973403384919,0.0,44.906779723317136,0.0,0.0,0.0,1000.0,0.0,864.896393989087,0.0,0.0,0.0,1000.0,-1000.0,0.0,0.0,0.0,0.0,0.0,0.0,0.0,0.0,0.0,0.0,0.0,0.0,0.0,93.69064953869288,65.39486978640358,14.968926574439045,0.0,5.763036731159032,0.0,0.0,-124.97999639345319,-167.9214763181982,0.0,1000.0,0.0,588.3019395822291,0.0,78.12499999989079,-78.12499999989079,0.0,0.0,0.0,0.0,0.0,0.0,0.0,0.0,0.0,0.0,0.0,0.0,0.0,0.0,44.906779723317136,280.9441674844285,280.9441674844285,0.0,0.0,0.0,0.0,0.0,0.0,0.0,0.0,0.0,0.0,0.7484463287219523,0.0,61.667156154990586,0.0,0.0,61.667156154990586,968.4344491795154,0.0,0.0,22.453389861658568,0.0,0.0,0.0,0.0,0.0,0.0,0.0,0.0,0.0,0.0,-752.8214869712862,0.0,0.0,22.453389861658568,22.453389861658568,-444.4870659349101,-1000.0,0.0,0.0,0.0,0.0,0.0,0.0,0.0,808.2187176244564,0.0,920.6232823056362,0.07484463287219523,0.0,0.0,6.035685036622029,0.0,0.0,0.0,124.97999639345319,0.0,0.0,0.0,0.0,0.0,0.0,0.0,0.0,0.0,0.0,0.0,0.0,0.0,0.0,0.07484463287219523,0.0,0.0,0.0,0.0,0.0,0.0,0.0,0.0,73.98548306208744,0.0,3.7422316436097613,0.0,0.0,0.0,-5.613347465414642,-3.7422316436097613,0.0,0.0,953.125,953.125,-953.125,0.0,0.0,0.0,0.0,0.0,0.0,0.0,280.9441674844285,292.0149924878977,0.0,0.0,-606.7951146921741,0.0,0.0,0.0,416.5966955633263,0.0,0.0,0.07484463287219523,0.0,0.07484463287219523,0.0,0.0,0.0,44.906779723317136,91.31045210407817,91.31045210407817,0.0,0.0,0.0,0.0,0.0,0.0,0.0,14.968926574439045,0.0,0.0,0.0,0.0,0.0,0.0,0.0,0.0,0.0,0.0,0.0,0.0,0.0,0.0,0.0,0.0,0.0,0.0,0.0,42.94147992474501,0.0,0.0,0.0,0.11226694930829284,0.0,0.0,0.0,-22.453389861658568,0.0,0.0,0.0,0.0,0.0,-104.32973403384919,3.7422316436097613,0.0,0.0,0.0,0.0,-636.8043349551654,932.1806150229147,0.0,0.0,0.0,0.0,0.0,0.0,0.0,0.0,280.9441674844285,0.0,0.0,449.515531782641,104.32973403384919,0.0,-1000.0,-239.85729809924916,11.915265553253711,-11.915265553253711,0.0,0.0,0.0,-913.4332477833188,0.0,3.7422316436097613,1000.0,0.0,0.0,-61.667156154990586,-147.94212793469262,0.0,0.0,0.0,0.0,0.0,0.0,0.0,0.0,0.0,109.94308149926384,-121.16977643009311,91.31045210407817,0.0,0.0,0.0,61.667156154990586,0.0,0.0,0.0,0.0,0.0,1000.0,0.0,0.0,0.0,-6.035685036622029,933.2654612373726,-968.4344491795154,22.453389861658568,0.0,0.0,0.0,0.0,245.21758636749036,0.0,0.0,0.08232909615935582,0.0,0.0,0.0,45.65522605203908,0.0,0.0,0.0,0.0,-374.2757439816732,0.0,0.0,0.0,0.0,0.0,0.0,0.0,0.0,902.6671750392533,0.0,608.5561742739244,0.007484463287219523,0.0,0.0,0.0,0.0,0.0,0.0,0.0,0.0,0.0,6.035685036622029,61.667156154990586,0.0,0.0,0.0,0.0,104.32973403384919,0.0,0.0,0.0,0.0,0.0,0.0,0.0,0.0,0.0,0.0,0.0,0.0,900.6560486871854,1000.0,-658.1051795214341,0.0,0.0,0.0,44.906779723317186,0.0,0.0,0.0,0.0,0.0,292.5589962212114,-337.4657759445285,0.0,0.0,0.0,0.0,0.0,0.0,0.0,0.0,0.0,61.667156154990586,61.667156154990586,0.0,-1000.0,-1000.0,51.26857351745369,0.0,-22.453389861658568,0.0,-12.214644084742453,0.0,0.0,0.0,0.0,0.0,0.0,0.0,0.0,0.0,0.0,0.0,0.0,0.0,0.0,0.0,0.0,0.0,-9.355579109024404,280.9441674844285,-5.613347465414642,115.55642896467847,0.0,0.0,0.0,0.0,0.0,-0.9355579109024403,0.0,147.94212793469262,0.0,0.0,0.0,0.0,0.0,0.0,0.0,920.6232823056362,22.453389861658568,22.453389861658568,0.0,0.0,0.0,0.0,0.0,0.08232909615935582,104.32973403384919,0.0,0.0,12.214644084742403,608.5486898106373,0.0,0.0,0.0,0.0,0.0,0.0,0.0,0.0,0.0,0.0,0.0,0.0,0.0,0.0,0.0,0.0,23.20183619038052,0.0,78.58686451580499,5.763036731159032,0.0,0.0,0.0,0.0,0.0,104.32973403384919,0.0,0.0,0.0,0.0,0.0,-9.355579109024404,0.0,0.0,0.0,0.0,0.0,0.0,0.0,0.0,0.0,0.0,0.0,0.0,0.0,0.0,0.0,0.0,0.0,0.0,-0.07484463287219523,0.0,0.0,3.7422316436097613,-1000.0,0.0,0.0,0.0,0.0,280.9441674844285,0.0,0.0,0.0,6.444122890295949,1.8711158218048807,0.0,0.0,0.0,0.07484463287219523,0.0,74.84463287219522,0.0,14.968926574439045,0.5346045205156802,255.2201980941857,-0.05613347465414642,3.7422316436097613,1.4968926574439045,-0.3742231643608873,-255.2201980941857,22.453389861658568,-0.07484463287219523,79.95243269974972,0.0,0.018711158218048807,0.5346045205156802,-239.85729809924916,-11.915265553253711,60.170263497546685,-235.32368795495609,-0.07484463287219523,0.018711158218048807,-255.2201980941857,7.484463287219523,0.07484463287219523,0.07484463287219523,-104.17256030481764,0.08232909615941253,0.0,-0.05613347465414642,22.453389861658568,0.07484463287219523,22.453389861658568,-37.42231643609762,-0.037422316436097613,-520.2854038015016,-50.50078784483673,-0.05613347465414642,-0.07484463287219528,0.0,0.07484463287219523,7.484463287219523,-1.4968926574439045,42.94147992474501,42.94147992474501,-7.484463287219523,235.32368795495609,-42.94147992474501,14.968926574439045,0.11226694930829284,-1000.0,7.484463287219523,-93.69064953869288,0.0,-14.968926574439045,0.037422316436097613,0.7484463287219523,195.18898876658864,119.29866060828823,-0.07484463287219523,-121.16977643009311,104.17256030481764,23.20183619038052,0.07484463287219523,11.915265553253711,-89.81355944663433,0.0,-0.07484463287219523,-0.018711158218048807,0.0,-0.07484463287219523,-411.6980604177708,0.07484463287221388,-0.018711158218048807,-0.018711158218048807,-0.018711158218048807,29.93785314887809,37.42231643609762,0.7484463287219523,329.0205110772429,-0.018711158218048807,310.4255448334276,3.7422316436097613,209.5912618524952,0.07484463287219523,0.037422316436097613,0.037422316436097613,-132.98762045499473,0.0,0.07484463287219523,0.0,0.7484463287219523,0.07484463287219523,-876.1604984733534,0.07484463287219523,0.29937853148874183,0.3742231643608873,0.037422316436097613,0.018711158218048807,22.453389861658568,-0.07484463287219523,0.0,-30.085131748773343,-658.0410221544857,1.8711158218048807,-7.484463287219523,14.968926574439045,3.7422316436097613,-0.07484463287219523,239.85729809924916,0.11226694930829284,-0.07484463287219523,265.97524090998945,0.0,-76.92978085071718,0.037422316436097613,-419.1825237049904,-0.07484463287219523,-0.07484463287221388,-0.07484463287219523,0.03742231643609764,255.2201980941857,-14.968926574439045,0.07484463287219523,390.3779775331773,-0.018711158218048807,-0.08232909615941253,-390.3779775331773,11.226694930829282,50.50078784483673,723.4814007746705,255.2201980941857,-0.05613347465414642,121.16977643009311,-119.29866060828823,0.07484463287219523,-0.018711158218048807,3.7422316436097613,74.84463287219522,-0.037422316436097613,-0.07484463287219523,0.018711158218048807,1000.0,0.0,571.700554528107,547.1399873961105,-551.9425911777664,0.0,-520.5585031562919,-309.52790026645215,0.0,-418.72535282256683,47.671209308662554,1000.0,-428.262023155457,209.36267641128342,275.9712955888832,-23.835604654331277,0.0,154.76395013322607,-104.32973403384919,-168.28780551677318,428.262023155457,-1000.0,-168.28780551677318,520.5585031562919,-219.11470349843853,0.0,1496.5981,bhi
371,0.0,0.0,0.0,0.0,0.0,0.0,0.0,0.0,-0.07753886953138991,0.0,0.0,0.0,0.0,0.0,0.0,0.0,-863.2341974049014,769.2042656719725,0.0,0.0,0.0,0.0,0.0,0.0,0.0,0.0,0.0,0.0,0.0,-626.456840727699,0.0,0.0,461.50440759053924,0.0,0.0,0.0,0.0,134.3198861419923,0.0,-1000.0,961.7648718747167,0.0,0.0,0.0,0.0,0.0,0.0,0.0,653.2489425164777,0.0,0.0,-1000.0,0.0,0.08529275648474333,0.0,0.0,0.0,15.507773906277983,0.0,0.0,35.977783859616466,0.0,92.44133704942541,0.0,978.4221212067632,0.0,0.0,0.0,0.0,929.8184042646167,0.0,0.7753886953138991,0.0,0.0,0.0,0.0,0.0,0.0,0.0,0.0,0.0,0.0,-170.27176611045093,0.0,46.52332171883395,0.0,0.0,-908.8695176373303,120.4199351966571,577.598960664171,-0.01938471738284748,0.0,0.0,-297.8215468446774,23.261660859416974,0.0,89.15197681231346,0.0,0.0,0.0,0.0,3.8769434765694952,-1000.0,0.0,0.0,-409.9125161979381,16.838745272900987,0.0,0.0,0.0,0.0,0.0,0.0,0.0,0.0,0.0,0.0,0.0,0.0,0.0,0.0,0.0,0.0,0.0,-1000.0,0.0,0.0,89.15197681231346,0.0,24.03704955473087,0.0,0.0,386.81671879115004,-386.81671879115004,0.0,0.0,-1000.0,1000.0,-1000.0,871.5808790909581,0.0,0.0,0.0,0.0,0.0,176.24225906436794,0.07753886953138991,0.0,0.0,0.0,785.4651474573632,-802.3038927302641,0.0,0.0,0.0,0.0,601.9546039985212,0.0,0.0,0.0,0.0,0.0,188.2682060653151,188.2682060653151,0.0,0.0,0.0,0.0,0.0,0.0,0.0,188.3457449348465,0.0,0.0,0.0,-544.5424309516077,-200.2947645789377,0.0,0.0,0.0,0.0,0.0,0.0,0.0,0.0,0.0,-190.70590046226988,0.0,0.0,0.0,0.0,-798.1861470046688,0.0,0.0,0.0,0.0,0.0,0.0,1000.0,-120.4199351966571,120.4199351966571,128.41912090904188,0.0,0.0,0.0,0.0,0.0,0.0,373.543159272301,-891.6319360748278,0.0,0.0,0.0,0.0,0.0,0.0,0.0,0.0,0.0,0.0,0.0,0.0,0.0,798.2462327561648,-269.16864799302346,-163.55790438387726,0.0,0.0,0.0,0.0,-128.41912090904188,0.0,0.0,0.0,0.0,35.977783859616466,-163.55790438387726,0.0,0.0,0.0,0.0,0.0,0.0,0.0,0.0,2.4967515989109965,0.0,65.89031595289649,0.0,-285.7515450450271,-44.91167465171296,623.9594896824902,0.0,163.55790438387726,0.0,0.0,128.41912090904188,-264.93313222539916,0.0,0.0,0.0,-237.39257900676967,0.0,0.0,-43.242632536260885,-1000.0,0.0,956.7573674637391,0.0,1000.0,0.0,0.0,-95.59509440383192,0.0,0.0,216.33344599257785,0.0,0.0,0.0,-418.1631588485244,0.0,418.1631588485244,0.0,1000.0,0.0,0.0,-949.4459605063614,0.0,0.0,0.0,35.977783859616466,-0.11630830429708487,0.0,0.0,0.0,0.0,0.07753886953138991,0.0,0.0,0.0,706.5374185934443,-863.2341974049014,0.0,-273.2750107986254,163.23135183288525,200.2947645789377,1000.0,0.0,-508.99753838206504,0.0,-409.9125161979381,0.0,0.0,0.0,940.209777704345,416.336597992127,-847.548837314407,-1000.0,-1000.0,0.0,0.0,0.0,0.0,0.0,0.0,0.0,0.0,0.0,0.0,0.0,0.0,0.0,0.0,0.0,0.0,0.0,0.0,0.0,-1000.0,0.0,865.369958379883,0.0,0.0,0.0,0.0,-178.73901066327895,0.0,170.27176611045093,0.0,530.3590912929486,0.0,-416.336597992127,0.0,-282.56550008348785,627.5615522566907,0.0,263.6216029080333,-830.6528517627089,-734.102216173556,0.0,0.0,0.0,0.0,-629.5000239949754,826.7759082861394,-1000.0,0.0,996.1230565234305,1000.0,0.0,89.15197681231346,0.0,0.0,0.0,0.0,0.0,0.0,0.0,-798.2462327561648,798.2462327561648,798.2462327561648,411.8245983309371,0.0,0.0,-811.8093328042163,0.0,0.0,373.543159272301,0.0,0.0,-56.463553189808955,0.0,-328.125000000009,50.91684868703026,0.0,0.0,0.0,0.0,-358.32062480533693,0.15507773906269387,0.0,0.0,0.0,0.0,0.0,0.0,0.0,0.0,0.0,270.1233044120504,0.0,0.0,0.0,0.0,0.0,0.0,0.0,0.0,0.0,0.08529275648474333,0.08529275648474333,0.0,117.76783755790484,0.0,46.52332171883395,0.0,0.0,0.0,1000.0,0.0,0.0,0.0,0.0,0.0,1000.0,-1000.0,0.0,0.0,37.438199648826,0.0,0.0,50.91684868703026,0.0,0.0,0.0,0.0,0.0,0.0,0.0,333.3333333333333,-706.5374185934443,0.0,278.6885566069183,5.970492953917017,0.0,-297.8215468446774,0.0,0.0,0.0,1000.0,0.0,-284.6804873645068,926.3598625591699,-984.3749999999818,984.3749999999818,798.2462327561648,0.0,0.0,0.0,0.0,0.0,0.0,0.0,0.0,0.0,0.0,0.0,0.0,0.0,46.52332171883395,128.4191209090419,128.41912090904188,0.0,0.0,0.0,0.0,0.0,0.0,0.0,0.0,0.0,0.0,0.7753886953138991,0.0,0.0,0.0,0.0,0.0,1000.0,0.0,0.0,89.15197681231346,-37.438199648826,0.0,0.0,0.0,278.6885566069183,0.0,0.0,0.0,0.0,0.0,433.84731161277807,0.0,0.0,23.261660859416974,23.261660859416974,1000.0,-1000.0,0.0,50.91684868703026,0.0,0.0,0.0,0.0,0.0,1000.0,373.543159272301,864.818655603611,0.07753886953138991,0.0,0.0,0.0,102.401154197562,0.0,0.0,297.8215468446774,0.0,0.0,0.0,0.0,0.0,0.0,0.0,0.0,0.0,0.0,0.0,0.0,0.0,0.0,0.07753886953138991,0.0,0.0,0.0,0.0,0.0,0.0,0.0,0.0,865.369958379883,-899.5494687997913,891.0822242469633,0.0,0.0,-1000.0,-5.8154152148542435,-3.8769434765694957,0.0,0.0,0.0,0.0,0.0,0.0,0.0,0.0,0.0,0.0,0.0,0.0,128.4191209090419,200.2947645789377,0.0,0.0,1000.0,0.0,0.0,0.0,-0.07753886953138991,0.0,0.0,0.07753886953138991,0.0,0.07753886953138991,0.0,659.6950998525663,0.0,46.52332171883395,94.59742082829568,94.59742082829568,0.0,0.0,0.0,0.0,0.0,0.0,170.27176611045093,0.0,0.0,373.543159272301,0.0,0.0,0.0,946.885874370998,0.0,0.0,0.0,0.0,0.0,0.0,0.0,0.0,0.0,0.0,0.0,0.0,0.0,0.0,0.0,-1000.0,1000.0,0.11630830429708487,0.0,0.0,0.0,-89.15197681231346,0.0,0.0,0.0,0.0,0.0,-117.76783755790484,3.8769434765694952,0.0,0.0,0.0,0.0,0.0,-3.8769434765694957,0.0,0.0,-328.125000000009,0.0,0.0,0.0,0.0,0.0,128.4191209090419,0.0,37.438199648826,0.0,-680.4783951982599,0.0,118.06042261659597,-409.9125161979381,0.0,716.9335146599428,170.27176611045093,-887.2052807703938,0.0,-359.53055305369486,0.0,3.8769434765694957,419.94887307238236,0.0,0.0,0.0,-56.463553189808955,0.0,0.0,83.67366082278556,-83.67366082278556,0.0,0.0,0.0,0.0,0.0,179.0750700325614,0.0,94.59742082829568,0.0,609.375,609.375,-609.375,0.0,0.0,0.0,0.0,0.0,2.4967515989109965,0.0,0.0,135.21408320246758,-372.5244586096124,562.9689538293499,0.0,23.261660859416974,0.0,0.0,0.0,0.0,-290.26435088537056,0.0,0.0,0.08529275648474333,0.0,0.0,0.0,47.29871041414784,0.0,0.0,0.0,0.0,-269.16864799302346,0.0,16.838745272900987,0.0,0.0,0.0,0.0,0.0,0.0,-1000.0,0.0,878.5415024113873,0.007753886953138991,0.0,0.0,0.0,0.0,0.0,0.0,0.0,0.0,0.0,0.0,0.0,0.0,0.0,0.0,0.0,117.76783755790484,0.0,0.0,0.0,0.0,0.0,0.0,0.0,0.0,0.0,0.0,0.0,0.0,-168.81454669715694,0.0,769.2042656719725,0.0,0.0,0.0,46.52332171883395,0.0,0.0,0.0,0.0,0.0,0.0,-46.52332171883395,0.0,0.0,0.0,0.0,0.0,0.0,0.0,0.0,0.0,0.0,0.0,0.0,-864.818655603611,-1000.0,1000.0,328.1625723755635,-417.314549187877,0.0,999.6898445218753,0.0,0.0,0.0,0.0,0.0,0.0,0.0,0.0,0.0,0.0,0.0,0.0,0.0,0.0,0.0,0.0,0.0,-9.692358691423738,128.41912090904188,-5.8154152148542435,941.0704591561437,0.0,0.0,0.0,0.0,0.0,-1000.0,999.0307641308576,56.463553189808955,0.0,0.0,0.0,0.0,0.0,0.0,0.0,1000.0,23.261660859416974,23.261660859416974,0.0,0.0,0.0,0.0,0.0,0.08529275648474333,117.76783755790484,0.0,0.0,-999.6898445218753,878.5337485244343,0.0,0.0,0.0,0.0,0.0,0.0,0.0,0.0,0.0,0.0,0.0,0.0,0.0,829.8475499262831,0.0,0.0,0.0,0.0,81.41581300795941,0.0,0.0,176.24225906436794,0.0,0.0,0.0,117.76783755790484,0.0,0.0,0.0,0.0,0.0,-9.692358691423738,0.0,0.0,0.0,0.0,0.0,0.0,0.0,0.0,0.0,0.0,0.0,0.0,0.0,0.0,0.0,0.0,0.0,0.0,-0.07753886953138991,0.0,0.0,3.8769434765694952,-1000.0,0.0,0.0,0.0,0.0,128.41912090904188,0.0,0.0,0.0,-940.209777704345,1.9384717382847612,0.0,0.0,0.0,0.07753886953138991,0.0,77.5388695313899,-24.03704955473087,15.507773906277983,0.5538490680813565,216.33344599257785,-0.058154152148542436,3.876943476569539,1.5507773906277984,-0.38769434765606037,-216.33344599257785,23.261660859416974,-0.07753886953138991,136.6375053993127,50.91684868703026,0.01938471738284748,0.5538490680813565,-409.9125161979381,-12.344188029397515,-1.5507773906277862,94.02993173292884,-0.07753886953138991,0.01938471738284748,-216.33344599257785,522.3831070347464,0.07753886953138991,0.07753886953138991,-117.60500593188871,0.08529275648447257,0.0,-0.058154152148542436,23.261660859416974,0.07753886953138991,89.15197681231348,27.12088118720153,-0.03876943476569496,217.87042839735497,120.5876950863715,-0.058154152148542436,-0.07753886953138991,-24.03704955473087,0.07753886953138991,7.753886953138991,-1.5507773906277984,0.0,0.0,-7.753886953139045,-94.02993173292884,0.0,15.507773906277983,0.11630830429708487,-1000.0,7.753886953138991,-333.3333333333333,50.91684868703026,-15.507773906277983,0.03876943476569496,0.7753886953138991,68.31875269965634,-664.970621291982,-0.07753886953138991,-135.21408320246758,117.60500593188871,24.03704955473087,0.0775388695313899,12.344188029397515,-622.649330785142,50.91684868703026,-0.07753886953138991,-0.01938471738284748,-50.91684868703026,-0.07753886953138991,-375.15937007823794,0.07753886953138991,-0.01938471738284748,-0.01938471738284748,-0.01938471738284748,31.015547812555965,-27.12088118720153,0.7753886953138991,57.44660996406863,-0.01938471738284748,0.0,3.8769434765694957,183.03725587923796,0.07753886953138991,0.03876943476569496,0.03876943476569496,33.21231129665412,24.03704955473087,0.07753886953138991,-24.03704955473087,0.7753886953138991,0.07753886953138991,-57.44660996406863,0.07753886953138991,0.31015547812461364,0.38769434765606037,0.03876943476569496,0.01938471738284748,23.261660859416974,-0.07753886953138991,0.0,0.7753886953138931,-114.89321992813726,1.9384717382847043,-7.753886953138991,15.507773906277983,3.8769434765694957,-0.07753886953138991,409.9125161979381,0.11630830429708487,-0.07753886953138991,-66.42462259330824,24.03704955473087,422.55109915654975,0.03876943476569496,-366.0745117584759,-0.07753886953138991,-0.07753886953138991,-0.07753886953138991,0.03876943476569496,216.33344599257785,-15.507773906277983,0.07753886953138991,136.6375053993127,-0.01938471738284748,-0.08529275648447257,-136.6375053993127,11.630830429708485,-120.5876950863715,-297.7055662401617,216.33344599257785,-0.058154152148542436,135.21408320246758,664.970621291982,0.07753886953138991,-0.01938471738284748,534.2360347695181,77.5388695313899,-0.03876943476569496,-0.0775388695313899,0.01938471738284748,1000.0,0.0,422.36226990106326,0.0,-1000.0,0.0,374.147395733659,-873.1305328051212,514.6292200816074,351.06835633883844,-17.419856039276965,-133.56819652287396,-577.598960664171,-175.53417816941922,500.0,8.709928019638483,-514.6292200816074,436.5652664025606,-117.76783755790484,-132.28674827117922,577.598960664171,133.56819652287396,-132.28674827117922,-374.147395733659,494.52141978283095,0.0,1496.5981,bhi
372,0.0,0.0,0.0,0.0,0.0,0.0,0.0,0.0,-0.1667848703930647,0.0,0.0,0.0,0.0,0.0,0.0,0.0,843.520369671285,-507.17520944379487,0.0,0.0,0.0,0.0,0.0,778.0844898716476,0.0,516.5133093789706,0.0,0.0,0.0,-782.0879146215728,16.29373631613822,-16.29373631613822,0.0,0.0,0.0,0.0,0.0,89.57241653398626,0.0,361.92671517559165,949.9645388820805,0.0,0.0,849.7513021028176,0.0,0.0,0.0,0.0,0.0,0.0,0.0,687.04073934257,0.0,0.18346335743285636,0.0,0.0,0.0,33.356974078612936,0.0,0.0,-22.275583394146764,0.0,0.0,-22.275583394146764,0.0,0.0,0.0,0.0,985.6398226591566,100.71536519691449,0.0,1.6678487039306467,0.0,0.0,0.0,0.0,0.0,0.0,0.0,0.0,0.0,0.0,0.0,0.0,100.07092223583881,0.0,0.0,433.4531346206726,746.4123952781026,-888.3960793261618,-0.04169621759826617,0.0,0.0,997.2122907829257,50.035461117919404,0.0,50.035461117919404,0.0,0.0,0.0,0.0,8.339243519653234,-782.0879146215728,0.0,0.0,0.0,0.0,0.0,0.0,0.0,0.0,0.0,0.0,0.0,0.0,0.0,0.0,0.0,0.0,0.0,0.0,0.0,0.0,0.0,-1000.0,0.0,0.0,50.035461117919404,0.0,51.703309821850056,51.703309821850056,0.0,0.0,0.0,0.0,0.0,-1000.0,0.0,0.0,1000.0,0.0,0.0,0.0,0.0,0.0,12.842435020265953,0.1667848703930647,0.0,0.0,0.0,442.32782632539465,-1000.0,0.0,0.0,0.0,0.0,897.7567109283164,0.0,0.0,0.0,0.0,0.0,532.8670216596919,532.8670216596919,0.0,0.0,0.0,0.0,0.0,0.0,0.0,549.3275428462231,0.0,0.0,0.0,-777.3026833494855,0.0,0.0,0.0,0.0,0.0,0.0,0.0,0.0,0.0,0.0,-101.49193436461957,0.0,0.0,0.0,0.0,-961.4202347536761,0.0,0.0,0.0,0.0,0.0,0.0,-687.04073934257,253.58760472189738,-253.58760472189738,0.0,0.0,0.0,0.0,0.0,0.0,0.0,0.0,-229.2286297714643,0.0,0.0,0.0,0.0,0.0,0.0,0.0,0.0,0.0,0.0,0.0,0.0,0.0,0.0,-375.61387816816875,625.6082842928579,0.0,0.0,0.0,0.0,57.51247688428274,0.0,0.0,0.0,0.0,-22.275583394146764,-224.1430178099597,16.29373631613822,0.0,0.0,0.0,0.0,0.0,0.0,0.0,842.214472503172,0.0,0.0,0.0,-553.6022598127312,-60.77746925652596,0.0,0.0,-625.6082842928579,0.0,0.0,0.0,-307.1960704606324,0.0,0.0,0.0,-15.75149476054105,0.0,0.0,68.68593367161364,0.0,0.0,68.68593367161387,0.0,0.0,1000.0,0.0,0.0,0.0,0.0,511.22393115606786,0.0,0.0,0.0,-715.3466067674658,0.0,715.3466067674658,0.0,1000.0,0.0,0.0,0.0,0.0,0.0,0.0,-22.275583394146764,-0.250177305589597,0.0,0.0,0.0,0.0,0.1667848703930647,0.0,0.0,0.0,11.65782424830195,843.520369671285,0.0,-173.99626290696904,-587.1451062370335,0.0,1000.0,0.0,1000.0,0.0,0.0,0.0,0.0,0.0,-14.360177340843352,-985.6398226591566,0.0,0.0,-1000.0,0.0,0.0,0.0,0.0,0.0,0.0,0.0,0.0,0.0,0.0,0.0,0.0,0.0,0.0,0.0,0.0,0.0,-9.035537181105472,0.0,-1000.0,0.0,910.4275834660137,820.5502633603738,0.0,0.0,0.0,-838.7631712072998,0.0,0.0,0.0,0.0,0.0,0.0,0.0,-8.339243519653234,-859.7930201910192,0.0,-905.8730025776049,0.0,-224.57582798426157,0.0,0.0,0.0,1000.0,855.6233984311925,-8.339243519653234,96.87771345476062,0.0,0.0,-1000.0,977.9450221005791,50.035461117919404,765.6250000000267,-765.6250000000267,0.0,0.0,0.0,0.0,0.0,0.0,0.0,0.0,-345.2408263156964,0.0,0.0,-451.00602689456304,0.0,0.0,0.0,0.0,0.0,-44.55116678829353,0.0,0.0,0.0,0.0,0.0,0.0,0.0,-983.3215129606936,0.333569740785606,0.0,0.0,0.0,0.0,0.0,0.0,0.0,0.0,0.0,929.6192128883348,0.0,0.0,0.0,0.0,0.0,0.0,0.0,0.0,0.0,0.18346335743285636,0.18346335743285636,16.29373631613822,131.5269719996133,0.0,100.07092223583881,0.0,0.0,0.0,1000.0,0.0,0.0,0.0,0.0,0.0,443.9363865483892,-1000.0,0.0,0.0,572.7576222192162,0.0,0.0,0.0,0.0,0.0,0.0,0.0,0.0,0.0,0.0,333.3333333333333,-11.65782424830195,557.6721736746053,0.0,12.842435020265953,0.0,939.699813898643,57.51247688428276,0.0,0.0,401.89145434345386,0.0,0.0,-539.3851264123043,0.0,0.0,0.0,0.0,0.0,0.0,0.0,0.0,0.0,0.0,0.0,0.0,0.0,0.0,0.0,0.0,100.07092223583881,0.0,0.0,0.0,0.0,0.0,0.0,0.0,0.0,0.0,0.0,0.0,0.0,1.6678487039306467,0.0,16.29373631613822,0.0,0.0,16.29373631613822,-687.04073934257,0.0,0.0,50.035461117919404,-572.7576222192162,0.0,0.0,0.0,0.0,0.0,0.0,0.0,0.0,0.0,504.194212507246,0.0,0.0,50.035461117919404,50.035461117919404,1000.0,-1000.0,0.0,0.0,0.0,0.0,0.0,0.0,0.0,-217.91208537842715,0.0,-190.3731030752954,0.1667848703930647,0.0,0.0,0.0,13.450008476697846,596.1708214508911,0.0,-997.2122907829257,0.0,0.0,0.0,0.0,0.0,0.0,3.2342255542257927,0.0,0.0,0.0,0.0,0.0,0.0,0.0,0.1667848703930647,0.0,0.0,0.0,0.0,0.0,0.0,0.0,0.0,910.4275834660137,0.0,923.127429527084,0.0,-941.3403373740101,-990.9644628188945,-12.508865279479851,0.0,-8.339243519653234,0.0,796.875,796.875,-796.875,0.0,0.0,0.0,0.0,0.0,0.0,0.0,0.0,0.0,0.0,0.0,986.2842656202323,0.0,0.0,0.0,-0.1667848703930647,0.0,0.0,0.1667848703930647,0.0,0.1667848703930647,9.702676662677378,156.7359749677363,0.0,100.07092223583881,203.4775418795389,203.4775418795389,0.0,0.0,0.0,0.0,0.0,0.0,0.0,557.6721736746053,0.0,0.0,0.0,0.0,0.0,0.0,0.0,0.0,0.0,0.0,0.0,0.0,0.0,0.0,0.0,0.0,0.0,0.0,0.0,57.51247688428274,0.0,-1000.0,1000.0,0.250177305589597,0.0,0.0,0.0,-50.035461117919404,0.0,0.0,0.0,0.0,0.0,-131.5269719996133,8.339243519653234,0.0,0.0,0.0,0.0,0.0,520.7262318874116,-8.339243519653234,0.0,0.0,0.0,0.0,0.0,0.0,0.0,0.0,0.0,572.7576222192162,0.0,131.5269719996133,0.0,791.6194790276688,596.1708214508911,0.0,-318.03693931988823,941.3403373740101,-623.3033980541219,0.0,-510.67361234017136,0.0,8.339243519653234,245.13307753239155,0.0,0.0,-16.29373631613822,-44.55116678829353,0.0,0.0,0.0,0.0,0.0,0.0,0.0,0.0,0.0,245.52777164371273,-169.05356783805286,203.4775418795389,0.0,563.1687363161382,563.1687363161382,-546.875,0.0,0.0,0.0,0.0,0.0,842.214472503172,0.0,0.0,0.0,-943.0692213650326,721.3460213304364,0.0,50.035461117919404,0.0,0.0,0.0,0.0,51.99687682093281,0.0,0.0,0.18346335743285636,0.0,0.0,0.0,101.73877093976947,0.0,0.0,0.0,0.0,-375.61387816816875,0.0,0.0,0.0,0.0,0.0,0.0,0.0,0.0,-462.97547193910145,0.0,0.0166784870393073,0.0166784870393073,0.0,0.0,0.0,0.0,0.0,9.702676662677378,0.0,0.0,0.0,0.0,16.29373631613822,0.0,0.0,0.0,0.0,131.5269719996133,0.0,0.0,0.0,0.0,0.0,0.0,0.0,0.0,0.0,0.0,0.0,0.0,0.0,1000.0,-507.17520944379487,0.0,0.0,0.0,100.07092223583881,0.0,0.0,0.0,0.0,0.0,0.0,-100.07092223583881,0.0,0.0,0.0,0.0,0.0,0.0,0.0,0.0,0.0,16.29373631613822,16.29373631613822,0.0,190.3731030752954,-1000.0,114.24763621924926,0.0,-50.035461117919404,0.0,990.2973233373226,0.0,0.0,0.0,0.0,0.0,0.0,0.0,0.0,0.0,0.0,0.0,0.0,0.0,0.0,0.0,0.0,0.0,-20.848108799133087,0.0,-12.508865279479851,156.54470255857296,0.0,0.0,0.0,0.0,0.0,0.0,-2.0848108799133085,44.55116678829353,0.0,0.0,0.0,0.0,0.0,0.0,0.0,1000.0,50.035461117919404,50.035461117919404,0.0,0.0,0.0,0.0,0.0,0.18346335743285636,131.5269719996133,0.0,0.0,-1000.0,0.0,0.0,0.0,0.0,0.0,0.0,0.0,0.0,0.0,0.0,0.0,0.0,0.0,0.0,324.9626711257215,0.0,0.0,51.703309821850056,0.0,175.12411391271792,12.842435020265953,0.0,0.0,0.0,0.0,0.0,131.5269719996133,0.0,299.82403147296225,0.0,0.0,0.0,-20.848108799133087,0.0,0.0,0.0,0.0,0.0,0.0,0.0,0.0,0.0,0.0,0.0,0.0,0.0,0.0,0.0,0.0,0.0,0.0,-0.1667848703930647,0.0,0.0,8.339243519653234,-443.9363865483892,0.0,0.0,0.0,0.0,0.0,0.0,0.0,0.0,14.360177340843352,4.169621759826617,0.0,0.0,516.5133093789706,0.1667848703930647,0.0,166.78487039306466,0.0,33.356974078612936,1.1913205028076033,568.7364080403506,-0.1250886527947985,8.339243519653234,3.3356974078612938,8.868752310712408,-568.7364080403506,50.035461117919404,-0.1667848703930647,0.0,0.0,0.04169621759826617,1.1913205028076033,0.0,-26.55215136657922,12.958038908276876,-336.34516022749017,-0.1667848703930647,0.04169621759826617,-568.7364080403506,16.678487039306468,0.1667848703930647,0.1667848703930647,-131.17672377178738,0.183463357432372,-387.1506915098024,-0.1250886527947985,50.035461117919404,0.1667848703930647,50.035461117919404,-83.39243519653235,-0.08339243519653235,-510.60601941851394,-74.35774879398227,-0.1250886527947985,-0.1667848703930647,0.0,0.1667848703930647,16.678487039306447,-3.3356974078612938,57.51247688428274,57.51247688428274,-16.678487039306468,336.34516022749017,-57.51247688428274,33.356974078612936,0.250177305589597,-1000.0,16.678487039306468,-333.3333333333333,0.0,-33.356974078612936,0.08339243519653235,1.6678487039306467,43.49906572674226,164.88394607822624,-0.1667848703930647,-169.05356783805286,131.17672377178738,51.703309821850056,0.1667848703930647,26.55215136657922,-200.14184447167747,0.0,-0.1667848703930647,-0.04169621759826617,0.0,-0.1667848703930647,-983.3215129606936,0.16678487039283732,-0.04169621759826617,-0.04169621759826617,-0.04169621759826617,66.71394815722587,83.39243519653235,1.6678487039306467,377.80492727859735,-0.04169621759826617,86.99813145348452,8.339243519653234,500.0,0.1667848703930647,0.08339243519653235,0.08339243519653235,16.678487039306468,0.0,0.1667848703930647,0.0,1.6678487039306467,0.1667848703930647,-886.2813001308623,0.1667848703930647,0.6671394815719065,-8.868752310712408,0.08339243519653235,0.04169621759826617,50.035461117919404,-0.1667848703930647,387.1506915098024,-6.479019454138438,-755.6098545571947,4.169621759826617,-16.678487039306447,33.356974078612936,8.339243519653234,-0.1667848703930647,0.0,0.250177305589597,-0.1667848703930647,-33.356974078612936,0.0,288.512161190184,0.08339243519653235,-1000.0,-0.1667848703930647,-0.16678487039283732,-0.16678487039306472,0.08339243519653235,568.7364080403506,-33.356974078612936,0.1667848703930647,86.99813145348452,-0.04169621759826617,-0.183463357432372,-86.99813145348452,25.0177305589597,74.35774879398227,729.3191832570076,568.7364080403506,-0.1250886527947985,169.05356783805286,-164.88394607822624,0.1667848703930647,-0.041696217598266166,8.339243519653234,166.78487039306466,-0.08339243519653235,-0.1667848703930647,0.04169621759826617,0.0,0.0,888.3126868909653,508.47637285226494,-898.2042746875996,0.0,261.66704063103333,592.484875815204,0.0,1000.0,-284.28696921380765,-267.3042794316764,-111.60392067383816,-500.0,449.1021373437998,142.14348460690383,0.0,-296.242437907602,-131.5269719996133,-340.5090380111168,111.60392067383816,267.3042794316764,-340.5090380111168,-261.66704063103333,222.56519903170218,0.0,1496.5981,bhi
373,0.0,0.0,0.0,0.0,0.0,0.0,0.0,0.0,288.28346459150015,0.0,0.0,0.0,0.0,0.0,0.0,0.0,-19.985494923941076,1000.0,0.0,-369.9317888218796,0.0,0.0,0.0,247.87528154133966,0.0,0.0,0.0,0.0,0.0,0.0,0.0,0.0,0.0,0.0,0.0,0.0,0.0,668.0999498427943,0.0,-1000.0,983.704068074601,0.0,0.0,-486.0157344740307,0.0,0.0,0.0,0.0,0.0,-899.702517210495,0.0,0.0,0.0,0.059751750393161274,0.0,0.0,0.0,10.86395461693268,0.0,0.0,57.30372469962319,0.0,-209.40182489822766,-338.3605583464419,0.0,0.0,0.0,0.0,707.9375900870709,0.0,0.0,0.543197730846634,0.0,0.0,0.0,0.0,0.0,0.0,0.0,599.1783187368153,0.0,0.0,0.0,0.0,32.59186385079804,0.0,0.0,917.0134318392483,0.0,358.05747702954676,-0.01357994327116585,0.0,0.0,0.0,16.29593192539902,0.0,16.29593192539902,0.0,739.7006388183008,0.0,0.0,998.6420056728834,0.0,0.0,0.0,0.0,0.0,0.0,0.0,0.0,0.0,0.0,0.0,0.0,0.0,0.0,0.0,0.0,0.0,0.0,0.0,0.0,0.0,0.0,-540.9387073816306,0.0,0.0,16.29593192539902,0.0,16.839129656245653,0.0,0.0,41.80560012362986,-119.930600124087,78.12500000045713,-78.12500000045713,0.0,1000.0,-1000.0,-186.26245814783746,0.0,0.0,0.0,0.0,0.0,4.182622527519101,0.0543197730846634,0.0,0.0,0.0,0.0,0.0,0.0,0.0,0.0,0.0,391.3432971353948,0.0,0.0,0.0,0.0,0.0,780.1797699454345,780.1797699454345,0.0,0.0,0.0,0.0,0.0,0.0,0.0,780.2340897185192,0.0,0.0,0.0,0.0,-449.8322862768383,0.0,0.0,0.0,0.0,0.0,0.0,0.0,0.0,0.0,0.0,0.0,0.0,0.0,0.0,-1000.0,0.0,0.0,0.0,0.0,0.0,899.702517210495,0.0,-292.066762952476,292.066762952476,0.0,0.0,0.0,0.0,0.0,0.0,0.0,0.0,-817.2187436119945,0.0,0.0,0.0,0.0,0.0,0.0,0.0,0.0,0.0,0.0,0.0,0.0,0.0,0.0,-189.97023379485128,19.985494923941076,0.0,0.0,0.0,186.26245814783746,0.0,0.0,0.0,0.0,0.0,57.30372469962319,506.00122939797177,0.0,0.0,0.0,0.0,0.0,0.0,0.0,0.0,1.749096693326024,0.0,0.0,0.0,-292.066762952476,0.0,624.9466688867723,0.0,-19.985494923941076,0.0,0.0,186.26245814783746,0.0,0.0,0.0,0.0,382.2892447585858,0.0,0.0,598.9714598663602,180.2590598711727,-143.36476041131752,418.7123999951875,0.0,-323.6238202824902,-292.066762952476,0.0,-579.0119836136039,899.702517210495,0.0,151.55216690621089,0.0,0.0,0.0,0.0,0.0,0.0,0.0,780.1254501723498,0.0,186.26245814783746,-610.9525778917441,0.0,0.0,0.0,57.30372469962319,-0.0814796596269951,0.0,0.0,0.0,0.0,0.0543197730846634,0.0,0.0,0.0,981.954971381275,-19.985494923941076,0.0,-747.8796493523804,349.9691796818205,449.8322862768383,1000.0,0.0,631.9477331775074,0.0,0.0,0.0,0.0,0.0,-4.67693246258955,-627.2708007149179,0.0,-233.56466450744074,-1000.0,0.0,0.0,0.0,0.0,0.0,0.0,0.0,0.0,0.0,0.0,0.0,0.0,0.0,0.0,0.0,0.0,0.0,1000.0,0.0,331.68277106486664,0.0,0.0,0.0,951.9318899882678,0.0,0.0,-5.931719220845125,0.0,739.7006388183008,0.0,0.0,995.9260170186503,0.0,829.0411332911757,-188.19208449131668,-297.765236688946,-80.66678937215306,-157.42956635397132,0.0,0.0,-73.14157445849922,-829.0411332911757,-788.4528576663755,1000.0,296.40724236182945,-2.71598865423317,0.0,0.0,1000.0,0.0,-699.8951787136352,16.29593192539902,0.0,0.0,0.0,778.0864506000485,0.0,288.3377843645848,473.1883600272284,473.1883600272284,-473.1883600272284,-473.1883600272284,-828.6837739517504,0.0,0.0,0.0,0.0,0.0,0.0,0.0,0.0,-71.65500874859113,0.0,0.0,0.0,0.0,0.0,0.0,0.0,-206.2661657202503,0.10863954616979754,0.0,0.0,0.0,0.0,0.0,0.0,0.0,0.0,0.0,0.0,0.0,0.0,0.0,0.0,0.0,0.0,0.0,0.0,0.0,0.059751750393161274,0.059751750393161274,0.0,311.11111976919454,0.0,32.59186385079804,0.0,0.0,0.0,-590.3900405728193,0.0,2.7300802626679115,0.0,0.0,0.0,193.90423297232715,590.3900405728193,0.0,0.0,0.0,0.0,0.0,0.0,0.0,0.0,0.0,0.0,0.0,0.0,0.0,180.31290246054354,-981.954971381275,0.0,0.0,4.182622527519101,0.0,0.0,0.0,0.0,0.0,193.90423297232715,0.0,-12.361932747923163,0.0,0.0,0.0,0.0,0.0,0.0,0.0,0.0,0.0,0.0,0.0,0.0,0.0,0.0,0.0,0.0,0.0,32.59186385079804,186.26245814783746,186.26245814783746,0.0,0.0,0.0,0.0,0.0,0.0,0.0,0.0,0.0,0.0,0.543197730846634,0.0,0.0,0.0,0.0,0.0,0.0,0.0,0.0,16.29593192539902,0.0,0.0,0.0,0.0,0.0,0.0,0.0,0.0,0.0,0.0,253.41589839597532,0.0,0.0,16.29593192539902,16.29593192539902,1000.0,590.3900405728193,0.0,0.0,0.0,0.0,0.0,0.0,0.0,-766.4353354925593,0.0,-248.34306587709182,0.0543197730846634,0.0,0.0,0.0,71.73702032588155,206.2661657202503,0.0,0.0,0.0,0.0,0.0,0.0,0.0,0.0,0.0,0.0,0.0,0.0,0.0,0.0,0.0,0.0,0.0543197730846634,0.0,0.0,0.0,0.0,0.0,0.0,0.0,0.0,0.0,0.0,1000.0,0.0,0.0,-934.5483093376776,-4.073982981349673,-2.715988654233115,0.0,0.0,0.0,0.0,0.0,0.0,0.0,0.0,0.0,0.0,0.0,0.0,186.26245814783746,449.8322862768383,0.0,0.0,302.8208099405979,0.0,0.0,0.0,288.28346459150015,0.0,0.0,0.0543197730846634,0.0,0.0543197730846634,0.0,707.9375900870709,0.0,32.59186385079804,66.27012316328936,66.27012316328936,0.0,0.0,0.0,0.0,0.0,0.0,0.0,0.0,0.0,0.0,0.0,0.0,0.0,0.0,0.0,0.0,0.0,0.0,0.0,0.0,0.0,0.0,0.0,0.0,0.0,0.0,0.0,0.0,0.0,0.0,0.0,0.0814796596269951,0.0,0.0,0.0,-16.29593192539902,0.0,0.0,0.0,0.0,0.0,-311.11111976919454,2.71598865423317,0.0,0.0,0.0,0.0,0.0,0.0,0.0,0.0,0.0,0.0,0.0,0.0,0.0,0.0,186.26245814783746,0.0,0.0,481.48395666744267,311.11111976919454,0.0,189.57122802358845,206.2661657202503,266.2310804025442,-5.931719220845125,739.7006388183008,-1000.0,0.0,-66.27012316328936,0.0,2.715988654233115,688.2875850993245,0.0,0.0,0.0,-71.65500874859113,0.0,0.0,0.0,0.0,0.0,0.0,0.0,0.0,0.0,315.1851027505443,-323.3330687132435,66.27012316328936,0.0,640.625,640.6249999999999,-640.6249999999999,0.0,0.0,0.0,0.0,0.0,1.749096693326024,0.0,0.0,0.0,-71.73702032588155,-880.9140549968128,0.0,16.29593192539902,0.0,0.0,0.0,0.0,163.7086993834193,0.0,0.0,0.059751750393161274,0.0,0.0,0.0,33.13506158164467,0.0,0.0,0.0,0.0,-189.97023379485128,0.0,0.0,0.0,0.0,0.0,0.0,0.0,0.0,0.0,0.0,0.00543197730846634,0.00543197730846634,0.0,0.0,0.0,0.0,0.0,0.0,0.0,0.0,0.0,0.0,0.0,0.0,0.0,0.0,0.0,311.11111976919454,0.0,0.0,0.0,0.0,0.0,0.0,0.0,899.702517210495,0.0,0.0,0.0,0.0,-982.6433187801023,-6.271443503263379,1000.0,0.0,0.0,0.0,32.59186385079804,0.0,0.0,0.0,0.0,0.0,0.0,-32.59186385079804,0.0,0.0,0.0,0.0,0.0,0.0,0.0,0.0,0.0,0.0,0.0,0.0,-140.58790331731518,-1000.0,37.20904456299444,0.0,-16.29593192539902,0.0,668.0999498427943,0.0,0.0,0.0,0.0,0.0,0.0,0.0,0.0,0.0,835.9375,0.0,-835.9375,-835.9375,0.0,0.0,0.0,0.0,-6.789971635582788,186.26245814783746,-1000.0,319.25908573189383,0.0,0.0,0.0,0.0,0.0,-673.7459929376757,673.0669957741175,71.65500874859113,0.0,0.0,0.0,0.0,0.0,0.0,0.0,611.069030805593,16.29593192539902,16.29593192539902,0.0,0.0,0.0,0.0,599.1783187368153,0.059751750393161274,311.11111976919454,0.0,0.0,-668.0999498427943,0.0,0.0,0.0,0.0,0.0,0.0,0.0,0.0,0.0,0.0,0.0,0.0,0.0,0.0,353.96879504353547,0.0,0.0,0.0,0.0,57.035761738896575,4.182622527519101,0.0,0.0,0.0,0.0,0.0,311.11111976919454,0.0,-2.715988654233115,0.0,0.0,0.0,-6.789971635582788,0.0,0.0,0.0,0.0,0.0,0.0,0.0,0.0,0.0,0.0,0.0,0.0,0.0,0.0,0.0,0.0,0.0,0.0,-0.0543197730846634,0.0,0.0,2.71598865423317,-193.90423297232715,0.0,0.0,0.0,0.0,186.26245814783746,0.0,0.0,0.0,4.67693246258955,1.357994327116585,0.0,0.0,0.0,0.0543197730846634,0.0,54.3197730846634,-16.839129656245653,10.86395461693268,0.38799837917616714,151.55216690621089,-0.04073982981349755,976.6449421576922,1.086395461693268,-0.27159886542369804,-151.55216690621089,16.29593192539902,-0.0543197730846634,0.0,0.0,0.01357994327116585,0.38799837917616714,0.0,-8.64770787507824,-1.086395461693268,-610.0827162541793,-0.0543197730846634,0.01357994327116585,-151.55216690621089,5.43197730846634,0.0543197730846634,0.0543197730846634,-310.9970482457167,0.05975175039312974,0.0,-0.04073982981349755,16.29593192539902,0.0543197730846634,16.29593192539902,-27.1598865423317,-0.0271598865423317,-391.3432971353948,-5.486297081551004,-0.04073982981349755,-0.0543197730846634,-16.839129656245653,0.0543197730846634,5.43197730846634,-1.086395461693268,0.0,0.0,-5.43197730846634,610.0827162541793,0.0,10.86395461693268,0.0814796596269951,-1000.0,5.43197730846634,-180.31290246054354,0.0,-10.86395461693268,0.0271598865423317,0.543197730846634,186.9699123380951,321.97507438612723,-0.0543197730846634,-323.3330687132435,310.9970482457167,16.839129656245653,0.0543197730846634,8.64770787507824,-65.1837277015959,0.0,-0.0543197730846634,-0.01357994327116585,0.0,-0.0543197730846634,-206.2661657202503,0.05431977308463498,-0.01357994327116585,-0.01357994327116585,-0.01357994327116585,21.72790923386536,27.1598865423317,0.543197730846634,355.2727945833263,-0.01357994327116585,373.9398246761902,2.71598865423317,105.84907151435833,0.0543197730846634,0.0271598865423317,0.0271598865423317,-87.69925176545239,16.839129656245653,0.0543197730846634,-16.839129656245653,0.543197730846634,0.0543197730846634,-985.330059981781,0.0543197730846634,0.21727909233902665,0.27159886542369804,0.0271598865423317,0.01357994327116585,16.29593192539902,-0.0543197730846634,0.0,0.543197730846634,-710.5455891666526,975.2869478305756,-5.43197730846634,10.86395461693268,2.71598865423317,-0.0543197730846634,0.0,0.0814796596269951,-0.0543197730846634,175.39850353090478,16.839129656245653,149.2202287688375,0.0271598865423317,-211.69814302871666,-0.0543197730846634,-0.05431977308463498,-0.0543197730846634,0.0271598865423317,151.55216690621089,-10.86395461693268,0.0543197730846634,373.9398246761902,-0.01357994327116585,-0.05975175039312974,-373.9398246761902,8.14796596269951,5.486297081551004,478.5634248994903,151.55216690621089,-0.04073982981349755,323.3330687132435,-321.97507438612723,0.0543197730846634,-0.013579943271165849,2.715988654233115,54.3197730846634,-0.0271598865423317,-0.0543197730846634,0.01357994327116585,1000.0,0.0,933.982126036387,630.0572653984548,654.6396380513198,0.0,455.8255575179211,205.06569873507922,0.0,-1000.0,-166.53279698548113,-200.43518264052113,-65.99071407707076,500.0,-327.3198190256599,83.26639849274056,0.0,-102.53284936753961,-311.11111976919454,-312.9289281522568,65.99071407707076,200.43518264052113,-312.9289281522568,-455.8255575179211,257.7886539555253,0.0,1496.5981,bhi
374,0.0,0.0,0.0,0.0,0.0,0.0,0.0,0.0,0.0,0.0,0.0,0.0,0.0,0.0,0.0,0.0,658.1900340748364,604.3260819859057,0.0,-952.2101788595257,0.0,0.0,0.0,402.8183048218272,0.0,0.0,0.0,0.0,0.0,-1000.0,0.0,0.0,1000.0,0.0,0.0,0.0,0.0,563.4293435987353,0.0,-1000.0,1000.0,0.0,0.0,-294.02014478468936,0.0,0.0,565.5956611245422,0.0,635.830110709853,-717.7598528249556,0.0,0.0,0.0,0.0,0.0,0.0,0.0,0.0,0.0,0.0,178.83668775173138,0.0,0.0,-357.67337550346167,0.0,0.0,0.0,0.0,0.0,73.02012651038604,0.0,0.0,0.0,0.0,0.0,0.0,0.0,0.0,0.0,0.0,0.0,0.0,-643.6031016748024,0.0,0.0,0.0,0.0,-877.5298381839656,-323.43534370090265,313.19240181490136,225.9298424051354,0.0,0.0,884.9395160815226,0.0,0.0,0.0,-567.7035272425139,0.0,0.0,167.34450743676464,0.0,-1000.0,0.0,0.0,-372.99750759179767,0.0,711.34799047368,0.0,0.0,0.0,0.0,0.0,0.0,0.0,0.0,0.0,0.0,0.0,0.0,0.0,0.0,0.0,0.0,-94.18154547573006,0.0,0.0,0.0,0.0,0.0,0.0,0.0,1000.0,-83.0479589078318,-916.9520410921683,916.9520410921682,68.45666224553071,953.0312500000017,-953.0312500000017,-604.9667255007237,0.0,0.0,0.0,0.0,0.0,643.6031016748024,0.0,225.9298424051354,0.0,0.0,0.0,-784.2575129772604,0.0,0.0,0.0,0.0,551.8547306281506,0.0,0.0,0.0,0.0,0.0,-349.8531741018025,-349.8531741018025,0.0,0.0,0.0,0.0,1000.0,0.0,0.0,-349.8531741018025,0.0,0.0,0.0,0.0,0.0,0.0,0.0,0.0,0.0,0.0,0.0,0.0,0.0,0.0,-7.217996671187279,0.0,0.0,0.0,0.0,-299.5753000256723,0.0,0.0,0.0,0.0,0.0,717.7598528249556,0.0,106.18436939950743,-106.18436939950743,536.510063255193,0.0,0.0,0.0,0.0,0.0,0.0,0.0,-1000.0,0.0,0.0,0.0,0.0,0.0,0.0,0.0,0.0,0.0,0.0,0.0,0.0,0.0,187.25387250923427,639.9311227614946,-294.02014478468936,0.0,0.0,0.0,0.0,-536.510063255193,0.0,0.0,0.0,0.0,178.83668775173138,0.0,0.0,0.0,0.0,0.0,0.0,0.0,0.0,0.0,0.0,0.0,0.0,0.0,971.3824358897377,541.7627227893278,-135.51535807460516,0.0,294.02014478468936,0.0,0.0,536.510063255193,0.0,0.0,0.0,0.0,180.04323866074697,0.0,0.0,-231.83458596521007,0.0,0.0,-231.83458596521035,0.0,0.0,-217.25097430139522,0.0,0.0,717.7598528249556,0.0,0.0,0.0,0.0,0.0,-73.02012651038604,0.0,73.02012651038604,0.0,215.74248702273962,0.0,0.0,-859.6056486411496,0.0,0.0,0.0,178.83668775173138,0.0,0.0,0.0,0.0,0.0,0.0,0.0,0.0,0.0,299.5753000256723,658.1900340748364,0.0,-376.72618190292025,1000.0,0.0,1000.0,0.0,1000.0,0.0,-372.99750759179767,0.0,0.0,0.0,953.1237882850882,-1000.0,-953.1237882850882,266.7873950482644,-1000.0,0.0,0.0,0.0,0.0,0.0,0.0,0.0,0.0,0.0,0.0,0.0,0.0,0.0,0.0,0.0,0.0,0.0,-436.5706564012647,0.0,-1000.0,0.0,0.0,567.7035272425148,0.0,972.705480146575,0.0,-643.6031016748024,0.0,810.947609111567,0.0,0.0,0.0,1000.0,0.0,0.0,0.0,0.0,0.0,0.0,-918.6112717604759,918.6112717604759,0.0,0.0,965.4874834753878,0.0,0.0,0.0,0.0,-1000.0,0.0,0.0,0.0,0.0,0.0,0.0,37.8405231083849,0.0,0.0,0.0,-187.25387250923427,187.25387250923427,187.25387250923427,215.74248702273962,0.0,0.0,0.0,0.0,0.0,0.0,0.0,0.0,-178.83668775173027,0.0,0.0,0.0,0.0,0.0,0.0,0.0,-144.3263902157658,0.0,0.0,0.0,0.0,0.0,0.0,0.0,0.0,0.0,0.0,73.02012651038604,0.0,0.0,0.0,0.0,0.0,0.0,0.0,0.0,0.0,0.0,0.0,0.0,10.215703136702878,0.0,0.0,0.0,0.0,0.0,1000.0,0.0,0.0,0.0,0.0,0.0,1000.0,-1000.0,0.0,0.0,0.0,0.0,0.0,0.0,0.0,0.0,0.0,0.0,0.0,0.0,0.0,31.39384849191002,-299.5753000256723,784.2575129772604,0.0,0.0,0.0,884.9395160815226,0.0,0.0,0.0,1000.0,0.0,855.6736097842343,0.0,0.0,0.0,187.25387250923427,0.0,0.0,0.0,0.0,0.0,0.0,0.0,0.0,0.0,0.0,0.0,0.0,0.0,0.0,536.510063255193,536.510063255193,0.0,0.0,0.0,0.0,0.0,0.0,0.0,0.0,0.0,0.0,0.0,0.0,0.0,0.0,0.0,0.0,0.0,0.0,0.0,0.0,0.0,0.0,0.0,0.0,0.0,0.0,0.0,0.0,0.0,0.0,644.5941026332354,-1000.0,0.0,0.0,0.0,784.2575129772604,-1000.0,0.0,0.0,0.0,0.0,0.0,0.0,0.0,-266.7873950482644,0.0,270.92921911594425,0.0,0.0,0.0,0.0,0.0,398.33137503217057,0.0,-884.9395160815226,0.0,0.0,0.0,0.0,0.0,0.0,0.0,0.0,0.0,0.0,0.0,0.0,0.0,0.0,0.0,0.0,0.0,0.0,546.1879845072053,-546.1879845072053,0.0,0.0,0.0,0.0,-264.95196532072055,1000.0,0.0,0.0,-563.4293435987353,0.0,0.0,0.0,0.0,0.0,0.0,0.0,0.0,0.0,0.0,0.0,0.0,0.0,0.0,536.510063255193,0.0,0.0,0.0,-1000.0,0.0,0.0,0.0,0.0,0.0,0.0,0.0,0.0,0.0,0.0,0.0,0.0,0.0,0.0,0.0,0.0,0.0,0.0,0.0,0.0,0.0,810.947609111567,784.2575129772604,0.0,0.0,0.0,0.0,953.1237882850882,0.0,0.0,0.0,0.0,0.0,0.0,0.0,0.0,0.0,0.0,0.0,0.0,0.0,0.0,0.0,0.0,0.0,0.0,0.0,0.0,0.0,0.0,0.0,0.0,0.0,0.0,0.0,0.0,-10.215703136702878,0.0,0.0,0.0,0.0,0.0,-1000.0,0.0,0.0,0.0,0.0,0.0,0.0,0.0,0.0,0.0,536.510063255193,0.0,0.0,181.10416588842838,-177.0381693725314,0.0,-215.74248702273962,25.3338674403729,0.0,-378.6511363540818,810.947609111567,-432.29647275748516,0.0,0.0,0.0,0.0,1000.0,0.0,0.0,0.0,-178.83668775173027,-890.6250000000077,890.6250000000077,0.0,0.0,0.0,0.0,0.0,0.0,0.0,7.217996671187279,0.0,0.0,0.0,0.0,0.0,0.0,0.0,0.0,0.0,0.0,0.0,0.0,0.0,0.0,10.215703136702878,-73.02012651038604,-150.89705261703375,0.0,0.0,0.0,0.0,0.0,0.0,-217.45536357280983,0.0,0.0,0.0,0.0,0.0,0.0,0.0,0.0,0.0,0.0,0.0,639.9311227614946,0.0,0.0,0.0,0.0,0.0,0.0,0.0,0.0,-1000.0,0.0,152.960831750326,0.0,0.0,0.0,0.0,0.0,0.0,0.0,0.0,0.0,0.0,0.0,0.0,0.0,0.0,0.0,0.0,10.215703136702878,0.0,0.0,0.0,0.0,0.0,0.0,0.0,717.7598528249556,0.0,0.0,0.0,0.0,1000.0,0.0,604.3260819859057,0.0,0.0,0.0,0.0,0.0,0.0,0.0,0.0,0.0,0.0,0.0,0.0,0.0,0.0,0.0,0.0,0.0,0.0,0.0,0.0,0.0,0.0,0.0,-270.92921911594425,-1000.0,953.1237882850882,0.0,0.0,0.0,563.4293435987353,0.0,0.0,0.0,0.0,0.0,0.0,0.0,0.0,0.0,148.43750000000003,0.0,-148.43750000000003,-148.43750000000003,0.0,0.0,0.0,0.0,0.0,536.510063255193,0.0,953.1237882850882,0.0,0.0,0.0,0.0,0.0,0.0,0.0,178.83668775173027,0.0,0.0,0.0,0.0,0.0,0.0,0.0,1000.0,0.0,0.0,0.0,0.0,0.0,0.0,0.0,0.0,10.215703136702878,0.0,0.0,-563.4293435987353,152.960831750326,0.0,0.0,0.0,0.0,0.0,0.0,0.0,0.0,0.0,0.0,0.0,0.0,0.0,0.0,0.0,0.0,0.0,0.0,0.0,810.947609111567,0.0,0.0,0.0,0.0,0.0,10.215703136702878,0.0,9.094947017729282e-13,0.0,0.0,0.0,0.0,0.0,0.0,0.0,0.0,0.0,0.0,0.0,0.0,0.0,0.0,0.0,0.0,0.0,0.0,0.0,0.0,0.0,0.0,0.0,0.0,0.0,0.0,-1000.0,0.0,0.0,0.0,0.0,536.510063255193,0.0,0.0,0.0,-953.1237882850882,0.0,0.0,0.0,0.0,0.0,0.0,0.0,0.0,0.0,0.0,0.0,0.0,0.0,0.0,0.0,0.0,0.0,0.0,124.33250253059923,0.0,0.0,0.0,-372.99750759179767,0.0,0.0,-310.30593720121635,0.0,0.0,0.0,0.0,0.0,0.0,-10.215703136702878,0.0,0.0,0.0,0.0,0.0,0.0,0.0,0.0,194.14028455544474,536.510063255193,0.0,0.0,0.0,0.0,0.0,0.0,0.0,0.0,0.0,310.30593720121635,0.0,0.0,0.0,-1000.0,0.0,-31.39384849191002,0.0,0.0,0.0,0.0,94.18154547573006,-177.0381693725314,0.0,-10.215703136702878,10.215703136702878,0.0,0.0,0.0,0.0,0.0,0.0,0.0,0.0,0.0,-144.3263902157658,0.0,0.0,0.0,0.0,0.0,0.0,0.0,0.0,0.0,64.0305884208609,0.0,72.1631951078829,0.0,0.0,0.0,0.0,0.0,0.0,0.0,0.0,0.0,0.0,0.0,9.094947017729282e-13,0.0,0.0,0.0,0.0,0.0,0.0,0.0,0.0,0.0,0.0,0.0,0.0,0.0,372.99750759179767,0.0,0.0,0.0,0.0,360.52957398194945,0.0,-144.3263902157658,0.0,0.0,0.0,0.0,0.0,0.0,0.0,188.36309095146012,0.0,0.0,-188.36309095146012,0.0,-536.510063255193,402.7171593036017,0.0,0.0,10.215703136702878,177.0381693725314,0.0,0.0,0.0,0.0,0.0,0.0,0.0,1000.0,0.0,904.0585724864939,0.0,792.754717356074,0.0,-340.35582273582236,-974.6661325596272,0.0,-1000.0,-278.9168775714974,1000.0,-95.94142751350614,500.0,-396.377358678037,139.4584387857487,0.0,487.3330662798136,-10.215703136702878,-143.07421040913962,95.94142751350614,-1000.0,-143.07421040913962,340.35582273582236,-170.17791136791124,0.0,1496.5981,bhi
375,0.0,0.0,0.0,0.0,0.0,0.0,0.0,0.0,0.0,0.0,0.0,0.0,0.0,0.0,0.0,0.0,687.8072496445195,0.0,0.0,0.0,0.0,0.0,0.0,0.0,0.0,0.0,0.0,0.0,0.0,365.9775468382122,0.0,0.0,125.64754029436583,0.0,0.0,0.0,0.0,56.46945844226468,0.0,-1000.0,-421.7582585473415,0.0,-889.1277613920244,0.0,0.0,0.0,1000.0,0.0,-920.6261014984892,-976.2035907649371,0.0,1000.0,0.0,0.0,0.0,0.0,0.0,0.0,0.0,0.0,91.50842478825416,0.0,841.223786542201,641.3939646708502,0.0,0.0,0.0,0.0,0.0,586.14185968699,0.0,0.0,0.0,0.0,0.0,0.0,0.0,0.0,0.0,0.0,0.0,0.0,-717.4163430534528,0.0,0.0,0.0,0.0,1000.0,778.2975533263601,0.0,0.0,0.0,0.0,-457.35575737383846,0.0,0.0,0.0,0.0,0.0,0.0,0.0,0.0,365.9775468382122,0.0,0.0,0.0,0.0,0.0,0.0,0.0,0.0,0.0,0.0,0.0,0.0,0.0,0.0,0.0,0.0,0.0,0.0,0.0,0.0,0.0,-163.12650661413545,0.0,0.0,0.0,0.0,0.0,0.0,0.0,886.4303012900965,0.0,-886.4303012900965,886.4303012900965,0.0,0.0,0.0,-291.33824665960486,0.0,0.0,0.0,0.0,0.0,717.4163430534528,0.0,0.0,0.0,0.0,597.645969514642,-1000.0,0.0,0.0,0.0,0.0,11.212007469219532,0.0,0.0,0.0,0.0,0.0,-795.5053426527381,-795.5053426527381,0.0,0.0,0.0,0.0,0.0,0.0,0.0,-795.5053426527381,0.0,0.0,0.0,0.0,-132.5107150923876,0.0,0.0,0.0,0.0,0.0,0.0,0.0,0.0,0.0,-122.75842478825541,0.0,0.0,0.0,0.0,-1000.0,0.0,0.0,0.0,0.0,0.0,976.2035907649371,-110.87223860797565,-778.2975533263601,778.2975533263601,182.36325969525103,0.0,0.0,0.0,0.0,0.0,0.0,0.0,-1000.0,0.0,0.0,0.0,0.0,0.0,0.0,0.0,0.0,0.0,0.0,0.0,0.0,0.0,0.0,206.74512771185547,-22.286456376266912,0.0,0.0,0.0,0.0,-182.36325969525103,0.0,0.0,0.0,0.0,91.50842478825416,-22.286456376266912,0.0,0.0,0.0,0.0,0.0,0.0,0.0,0.0,0.0,0.0,0.0,0.0,21.14058297785266,688.6079282385488,-809.795893432825,0.0,22.286456376266912,0.0,0.0,291.33824665960486,-717.4163430534528,0.0,0.0,0.0,400.7966136679249,0.0,0.0,-552.557194013059,-202.26130412459923,-202.26130412459923,-350.29588988845967,0.0,0.0,0.0,0.0,142.328548172129,976.2035907649371,0.0,0.0,0.0,0.0,0.0,0.0,0.0,0.0,0.0,305.7819323966249,108.97498696435383,0.0,-542.6442426261615,0.0,0.0,0.0,91.50842478825416,0.0,0.0,0.0,0.0,0.0,0.0,0.0,0.0,0.0,1000.0,687.8072496445195,0.0,0.0,1000.0,132.5107150923876,-497.0166472438433,0.0,0.0,0.0,0.0,0.0,0.0,0.0,965.5404130928555,0.0,-965.5404130928555,726.5155355383439,-1000.0,0.0,0.0,0.0,0.0,0.0,0.0,0.0,0.0,0.0,0.0,0.0,0.0,0.0,0.0,0.0,0.0,0.0,-968.7499999999987,0.0,-1000.0,0.0,0.0,0.0,0.0,0.0,0.0,-717.4163430534528,0.0,717.4163430534528,0.0,0.0,0.0,0.0,-235.3142182740498,95.5406892928986,0.0,0.0,0.0,477.362551245203,0.0,0.0,235.3142182740498,-95.5406892928986,0.0,0.0,-477.362551245203,-586.14185968699,0.0,-996.5346336322198,459.9180685309543,1000.0,0.0,0.0,0.0,0.0,0.0,0.0,0.0,0.0,0.0,0.0,0.0,690.4938248987635,0.0,0.0,-101.28727504936302,0.0,0.0,0.0,0.0,0.0,-108.32139708309654,0.0,-921.8749999999982,75.25838869650183,0.0,0.0,0.0,0.0,-195.60890277350242,0.0,0.0,0.0,0.0,0.0,0.0,0.0,0.0,0.0,0.0,477.1668727226362,0.0,0.0,0.0,0.0,0.0,0.0,0.0,0.0,0.0,0.0,0.0,0.0,90.59738501952775,0.0,0.0,0.0,0.0,0.0,1000.0,0.0,166.00707129828731,0.0,0.0,0.0,1000.0,-1000.0,0.0,0.0,0.0,0.0,0.0,75.25838869650183,0.0,0.0,0.0,0.0,0.0,0.0,0.0,54.375502204711815,-1000.0,402.3540304853579,0.0,0.0,0.0,-457.35575737383846,0.0,0.0,0.0,890.7156800835245,0.0,804.3910972264975,0.0,0.0,0.0,0.0,0.0,0.0,0.0,0.0,0.0,0.0,0.0,0.0,0.0,0.0,0.0,0.0,0.0,0.0,291.33824665960486,291.33824665960486,0.0,0.0,0.0,0.0,0.0,0.0,0.0,0.0,0.0,0.0,0.0,0.0,0.0,0.0,0.0,0.0,-110.87223860797565,0.0,0.0,0.0,0.0,0.0,0.0,0.0,0.0,0.0,0.0,0.0,0.0,0.0,0.0,-144.05194968184935,0.0,0.0,0.0,411.1905751179838,-1000.0,0.0,75.25838869650183,0.0,0.0,0.0,0.0,0.0,-1000.0,0.0,-399.37356446072425,0.0,0.0,0.0,0.0,0.0,0.0,0.0,457.35575737383846,0.0,-108.97498696435383,0.0,0.0,0.0,0.0,8.406486147421191,0.0,0.0,0.0,0.0,0.0,0.0,0.0,0.0,0.0,0.0,0.0,-1000.0,1000.0,0.0,0.0,0.0,0.0,0.0,1000.0,0.0,-31.250000000001137,-1000.0,0.0,0.0,0.0,0.0,-515.625,-515.625,515.625,0.0,0.0,0.0,0.0,0.0,0.0,0.0,291.33824665960486,132.5107150923876,0.0,0.0,3.465366367780234,0.0,0.0,0.0,0.0,0.0,0.0,0.0,0.0,0.0,25.219458442263573,0.0,0.0,0.0,0.0,0.0,0.0,0.0,0.0,0.0,0.0,0.0,717.4163430534528,402.3540304853579,0.0,0.0,0.0,0.0,0.0,965.5404130928555,0.0,0.0,0.0,0.0,0.0,0.0,0.0,0.0,0.0,0.0,0.0,0.0,0.0,0.0,0.0,0.0,0.0,0.0,0.0,0.0,0.0,0.0,0.0,0.0,0.0,0.0,0.0,-90.59738501952775,0.0,0.0,0.0,0.0,0.0,0.0,0.0,0.0,0.0,-921.8749999999982,0.0,0.0,0.0,0.0,0.0,291.33824665960486,0.0,0.0,1000.0,90.59738501952775,0.0,-588.8094248820162,0.0,968.7499999999987,-717.4163430534528,748.6663430534539,-1000.0,0.0,-717.4163430534528,0.0,0.0,991.593513852579,0.0,0.0,0.0,-108.32139708309654,0.0,0.0,0.0,0.0,0.0,0.0,0.0,0.0,0.0,122.7584247882553,0.0,0.0,0.0,0.0,0.0,0.0,0.0,0.0,0.0,0.0,0.0,0.0,0.0,0.0,90.59738501952786,-477.1668727226362,-212.82929090581024,-889.1277613920244,0.0,0.0,0.0,0.0,0.0,-308.6196776920229,0.0,0.0,0.0,0.0,0.0,0.0,0.0,0.0,0.0,0.0,0.0,206.74512771185547,0.0,0.0,0.0,0.0,0.0,0.0,0.0,0.0,0.0,0.0,230.44624145412945,0.0,0.0,0.0,0.0,0.0,0.0,25.219458442263573,0.0,0.0,0.0,0.0,0.0,0.0,0.0,0.0,0.0,90.59738501952775,0.0,0.0,0.0,0.0,0.0,0.0,0.0,976.2035907649371,0.0,0.0,0.0,0.0,-513.555292645297,1000.0,0.0,0.0,0.0,0.0,0.0,0.0,0.0,0.0,0.0,0.0,0.0,0.0,0.0,0.0,0.0,0.0,0.0,0.0,0.0,0.0,0.0,0.0,0.0,0.0,399.37356446072425,92.49308237655612,965.5404130928555,0.0,0.0,0.0,31.25000000000125,0.0,0.0,0.0,0.0,0.0,0.0,0.0,0.0,0.0,820.3125,0.0,-820.3125,-820.3125,0.0,0.0,0.0,0.0,0.0,291.33824665960486,0.0,965.5404130928555,0.0,0.0,0.0,0.0,0.0,0.0,0.0,108.32139708309654,0.0,0.0,0.0,0.0,0.0,0.0,0.0,1000.0,0.0,0.0,0.0,0.0,0.0,0.0,0.0,0.0,90.59738501952775,0.0,0.0,-56.46945844226468,230.44624145412945,0.0,0.0,0.0,0.0,0.0,0.0,0.0,0.0,0.0,0.0,0.0,0.0,0.0,12.609729221131786,0.0,0.0,0.0,0.0,0.0,0.0,0.0,717.4163430534528,0.0,0.0,0.0,90.59738501952775,0.0,0.0,0.0,0.0,0.0,0.0,0.0,0.0,0.0,0.0,0.0,0.0,0.0,0.0,0.0,0.0,0.0,0.0,0.0,0.0,0.0,0.0,0.0,0.0,0.0,0.0,0.0,0.0,-1000.0,0.0,0.0,0.0,0.0,291.33824665960486,0.0,0.0,0.0,-965.5404130928555,0.0,0.0,0.0,0.0,0.0,0.0,0.0,0.0,0.0,0.0,0.0,0.0,0.0,0.0,25.21945844226343,0.0,0.0,0.0,0.0,75.25838869650183,0.0,0.0,0.0,0.0,0.0,-687.8072496445195,0.0,0.0,0.0,0.0,0.0,0.0,-90.59738501952775,0.0,-321.25644306786825,0.0,0.0,0.0,0.0,0.0,0.0,310.0444355986487,182.36325969525103,0.0,0.0,0.0,0.0,0.0,0.0,0.0,0.0,0.0,687.8072496445195,0.0,0.0,0.0,-1000.0,0.0,-54.375502204711815,75.25838869650183,0.0,0.0,0.0,0.0,90.59738501952775,0.0,-90.59738501952786,90.59738501952775,0.0,0.0,0.0,75.2583886965017,75.25838869650183,0.0,0.0,-75.25838869650183,0.0,-195.60890277350242,0.0,0.0,0.0,0.0,0.0,0.0,0.0,333.33333333333314,0.0,0.0,0.0,97.80445138675121,0.0,0.0,0.0,-16.858299133926003,0.0,0.0,0.0,0.0,0.0,-1000.0,0.0,9.094947017729282e-13,-25.21945844226343,0.0,0.0,0.0,0.0,321.25644306786825,0.0,-666.6666666666663,0.0,0.0,0.0,0.0,0.0,0.0,0.0,0.0,33.71659826785201,0.0,417.35617889066594,0.0,-195.60890277350242,0.0,0.0,0.0,0.0,0.0,0.0,0.0,0.0,0.0,0.0,0.0,0.0,-182.36325969525103,593.5349275950483,0.0,0.0,90.59738501952786,-90.59738501952775,0.0,0.0,0.0,0.0,0.0,0.0,0.0,1000.0,0.0,1000.0,666.6666666666667,355.86404851372185,0.0,493.0533555832398,-125.64754029436583,0.0,-898.3155999832527,-690.4938248987635,991.1634553673741,0.0,449.15779999162635,-177.93202425686093,345.24691244938174,0.0,62.82377014718291,-90.59738501952775,-108.73650119864307,0.0,-991.1634553673741,-108.73650119864307,-493.0533555832398,208.89748344336905,0.0,1496.5981,bhi
376,0.0,0.0,0.0,0.0,0.0,0.0,0.0,0.0,-0.016284313938419115,0.0,0.0,0.0,0.0,0.0,0.0,0.0,-702.5548949970697,1000.0,0.0,323.256754965191,0.0,0.0,0.0,0.0,0.0,0.0,0.0,0.0,0.0,-412.04074137677935,0.0,0.0,0.0,0.0,0.0,0.0,0.0,382.3141777493288,0.0,-1000.0,909.3326449401901,0.0,0.0,1000.0,0.0,0.0,0.0,0.0,1000.0,-806.1847658344676,0.0,486.74681252181483,0.0,0.01791274533227713,0.0,0.0,0.0,3.256862787683823,0.0,0.0,181.58802909448605,0.0,152.56676928821298,-214.9116046432897,0.0,0.0,0.0,0.0,597.7794208332202,-528.6296427452821,0.0,0.16284313938419118,0.0,0.0,0.0,0.0,0.0,0.0,0.0,0.0,0.0,0.0,0.0,0.0,9.77058836305147,0.0,0.0,-187.98940144573433,94.69594576586464,1000.0,-0.004071078484604779,0.0,0.0,368.50942403107285,4.885294181525735,0.0,90.66735505980994,-568.188238272407,0.0,0.0,0.0,0.8142156969209557,-412.04074137677935,0.0,0.0,0.0,0.0,0.0,0.0,0.0,0.0,0.0,0.0,0.0,0.0,0.0,0.0,0.0,0.0,0.0,0.0,0.0,0.0,0.0,-671.6471757613085,0.0,0.0,90.66735505980994,0.0,5.048137320909926,5.048137320909926,0.0,5.531791049062974,-5.531791049062974,0.0,0.0,-498.5948012780216,0.0,0.0,-50.471601747967156,0.0,0.0,0.0,0.0,0.0,1.253892173258271,0.016284313938419115,0.0,0.0,0.0,-453.28067896833414,0.0,0.0,0.0,0.0,0.0,319.14106049716537,0.0,0.0,0.0,0.0,0.0,491.7757064204528,491.7757064204528,0.0,0.0,0.0,0.0,0.0,0.0,0.0,491.7919907343912,0.0,0.0,0.0,-793.1158457927563,0.0,0.0,0.0,0.0,0.0,0.0,0.0,0.0,0.0,0.0,0.0,0.0,0.0,0.0,0.0,-201.14235535420752,0.0,0.0,0.0,0.0,0.0,806.1847658344676,-486.74681252181483,-1000.0,1000.0,549.0664030259887,0.0,0.0,0.0,0.0,0.0,0.0,0.0,-1000.0,0.0,0.0,0.0,0.0,0.0,0.0,0.0,0.0,0.0,0.0,0.0,0.0,0.0,0.0,-454.4235345780141,601.3424488956639,0.0,0.0,0.0,0.0,-284.8416052446041,0.0,0.0,0.0,0.0,181.58802909448605,-398.6575511043361,0.0,0.0,0.0,0.0,0.0,0.0,0.0,0.0,0.0,0.0,85.7820608782842,0.0,-244.93809423406856,849.7578515317962,-674.7362139675491,0.0,-601.3424488956639,0.0,0.0,549.0664030259887,-863.2572919010149,0.0,0.0,0.0,218.4290611354772,0.0,0.0,-1000.0,-1000.0,-249.83929579368987,0.0,0.0,750.1607042063102,-905.3040542341354,0.0,-2.0070310672598453,806.1847658344676,0.0,-208.69528725137542,0.0,0.0,0.0,0.0,0.0,0.0,0.0,1000.0,0.0,0.0,-105.91305764353018,0.0,0.0,0.0,181.58802909448605,-0.024426470907628672,0.0,0.0,0.0,0.0,0.016284313938419115,0.0,0.0,0.0,-153.74979748698703,-702.5548949970697,0.0,-572.7903207941572,48.85923899804982,0.0,1000.0,0.0,-658.8220380507257,0.0,0.0,0.0,0.0,0.0,-1.4020794300979018,660.2241174808237,0.0,-1000.0,-1000.0,0.0,0.0,0.0,0.0,0.0,0.0,0.0,0.0,0.0,0.0,0.0,0.0,0.0,0.0,0.0,0.0,0.0,1000.0,0.0,617.6206849949174,0.0,0.0,567.6638833635898,0.0,0.0,0.0,-1.253892173258271,0.0,0.0,0.0,0.0,0.0,-1000.0,0.0,0.0,-0.4071078484604779,-258.0035383140438,285.22276906211147,0.0,-738.7395988982723,716.8127701801909,0.0,-0.8142156969209557,1000.0,0.0,-0.8142156969209557,0.0,0.0,-0.8142156969209557,1000.0,-1000.0,90.66735505980994,0.0,0.0,0.0,0.0,0.0,0.0,0.0,0.0,0.0,0.0,-1.6284313938419115,0.0,0.0,-508.2405778934856,0.0,0.0,0.0,0.0,0.0,-185.8903448370166,0.0,0.0,0.0,0.0,0.0,0.0,0.0,-998.3715686061581,0.0325686278768491,0.0,0.0,0.0,0.0,0.0,0.0,0.0,0.0,0.0,69.14977808793805,0.0,0.0,0.0,0.0,0.0,0.0,0.0,0.0,0.0,0.01791274533227713,0.01791274533227713,0.0,548.9315842763712,0.0,9.77058836305147,0.0,186.63975529384152,0.0,612.9517918170694,0.0,475.6463211467028,0.0,0.0,0.0,987.6322826575266,-612.9517918170694,0.0,0.0,0.0,0.0,0.0,0.0,0.0,0.0,0.0,0.0,0.0,0.0,0.0,223.88239192043616,153.74979748698703,453.28067896833414,0.0,1.253892173258271,0.0,104.28462624968824,264.2247977813846,0.0,0.0,987.6322826575266,0.0,0.0,-10.739285948631473,-546.875000000037,546.875000000037,0.0,0.0,0.0,0.0,0.0,0.0,0.0,0.0,0.0,0.0,0.0,0.0,0.0,0.0,9.77058836305147,549.0664030259887,549.0664030259887,0.0,0.0,0.0,0.0,0.0,0.0,0.0,0.0,0.0,0.0,0.16284313938419118,0.0,0.0,0.0,0.0,0.0,-486.74681252181483,0.0,0.0,90.66735505980994,0.0,0.0,0.0,0.0,0.0,0.0,0.0,0.0,0.0,0.0,-804.5378904354423,126.40754331083019,0.0,4.885294181525735,4.885294181525735,463.9453229576351,-612.9517918170694,0.0,0.0,0.0,0.0,0.0,0.0,0.0,412.04074137677935,0.0,1000.0,0.016284313938419115,0.0,0.0,-816.0856217297057,817.3988353323111,998.3715686061581,0.0,-368.50942403107285,0.0,0.0,0.0,0.0,0.0,0.0,0.0,0.0,0.0,0.0,0.0,0.0,0.0,0.0,0.016284313938419115,0.0,0.0,0.0,-1000.0,1000.0,0.0,0.0,0.0,0.0,0.0,566.4099911903315,0.0,0.0,-382.3793150050826,-1.2213235453814337,0.0,-0.8142156969209557,0.0,156.24999999999994,156.24999999999994,-156.24999999999994,0.0,0.0,0.0,0.0,0.0,0.0,0.0,549.0664030259887,0.0,0.0,0.0,-1000.0,0.0,0.0,0.0,-0.016284313938419115,0.0,0.0,0.016284313938419115,0.0,0.016284313938419115,0.0,0.0,0.0,9.77058836305147,19.866863004871323,19.866863004871323,0.0,0.0,0.0,0.0,0.0,0.0,0.0,453.28067896833414,0.0,0.0,0.0,0.0,0.0,0.0,0.0,0.0,0.0,0.0,0.0,0.0,0.0,0.0,0.0,0.0,0.0,0.0,0.0,264.2247977813846,0.0,0.0,0.0,0.024426470907628672,0.0,0.0,0.0,-90.66735505980994,0.0,0.0,0.0,0.0,0.0,-548.9315842763712,0.8142156969209557,0.0,0.0,0.0,0.0,0.0,1.253892173258271,-0.8142156969209557,0.0,0.0,0.0,0.0,0.0,0.0,0.0,549.0664030259887,0.0,0.0,-1000.0,548.9315842763712,0.0,-534.0191378000625,998.3715686061581,0.0,0.0,0.0,0.0,0.0,-883.1241549058863,186.63975529384152,0.8142156969209557,965.366727132211,0.0,38.75361632709081,0.0,-185.8903448370166,0.0,0.0,0.0,0.0,0.0,0.0,0.0,0.0,0.0,-2.442647090762983,0.0,19.866863004871323,0.0,0.0,0.0,0.0,0.0,0.0,0.0,0.0,0.0,0.0,0.0,0.0,552.5955549125156,-70.46299169054342,1000.0,0.0,4.885294181525735,0.0,0.0,0.0,0.0,-57.527875354096665,0.0,0.0,0.01791274533227713,0.0,0.0,0.0,9.933431502435662,0.0,0.0,0.0,0.0,-454.4235345780141,0.0,0.0,0.0,0.0,0.0,0.0,0.0,0.0,-612.243049169055,0.0,0.001628431393841958,0.001628431393841958,0.0,0.0,0.0,0.0,0.0,0.0,0.0,0.0,0.0,-816.0856217297057,0.0,0.0,0.0,0.0,0.0,548.9315842763712,0.0,0.0,0.0,0.0,0.0,0.0,0.0,806.1847658344676,0.0,0.0,0.0,0.0,-227.22802648327496,-343.3788521347481,1000.0,0.0,0.0,0.0,9.77058836305147,0.0,0.0,0.0,0.0,0.0,0.0,-9.77058836305147,0.0,0.0,0.0,0.0,0.0,0.0,0.0,0.0,0.0,0.0,0.0,0.0,-1000.0,-1000.0,11.154755047817094,-90.66735505980994,0.0,0.0,382.3141777493288,0.0,0.0,0.0,0.0,0.0,0.0,0.0,0.0,0.0,0.0,0.0,0.0,0.0,0.0,0.0,0.0,186.63975529384152,-2.0355392423023897,549.0664030259887,-1.2213235453814337,-1.2213235453814946,0.0,0.0,0.0,0.0,0.0,-0.20355392423023896,0.0,185.8903448370166,0.0,0.0,0.0,0.0,0.0,0.0,0.0,1000.0,4.885294181525735,4.885294181525735,0.0,0.0,0.0,0.0,0.0,0.01791274533227713,548.9315842763712,0.0,0.0,-382.3141777493288,0.0,0.0,0.0,0.0,0.0,0.0,0.0,0.0,0.0,0.0,0.0,0.0,0.0,0.0,0.0,0.0,0.0,5.048137320909926,0.0,17.09852963534007,1.253892173258271,0.0,0.0,0.0,0.0,0.0,548.9315842763712,0.0,-1.7782470820754952,0.0,0.0,0.0,-2.0355392423023897,0.0,0.0,0.0,0.0,0.0,0.0,0.0,0.0,0.0,0.0,0.0,0.0,0.0,0.0,0.0,0.0,0.0,0.0,-0.016284313938419115,0.0,0.0,0.8142156969209557,-987.6322826575266,0.0,0.0,0.0,0.0,549.0664030259887,0.0,0.0,0.0,1.4020794300979018,0.4071078484604779,0.0,0.0,0.0,0.016284313938419115,0.0,16.284313938419114,0.0,3.2568627876838234,0.11631652813156511,55.52951053000919,-0.012213235453814336,0.8142156969209557,0.3256862787683823,-0.08142156969224434,-55.52951053000919,4.885294181525735,-0.016284313938419115,0.0,0.0,0.004071078484604779,0.11631652813156511,0.0,-2.5924627789964507,-0.3256862787683823,-620.7018599681213,-0.016284313938419115,0.004071078484604779,-55.52951053000919,58.68683283769591,0.016284313938419115,0.016284313938419115,-548.8973872171005,0.017912745332261074,0.0,-0.012213235453814336,4.885294181525735,0.016284313938419122,90.66735505980994,77.63990390907463,-0.008142156969209557,-319.14106049716537,283.1968895368238,-0.012213235453814336,-0.016284313938419115,0.0,0.016284313938419115,1.6284313938419115,-0.3256862787683823,264.2247977813846,264.2247977813846,-1.6284313938419146,620.7018599681213,-264.2247977813846,3.256862787683823,0.024426470907628672,-114.96125978975832,1.6284313938419115,-223.88239192043616,0.0,-3.256862787683823,0.008142156969209557,0.16284313938419118,143.1975801985393,552.188447064055,-0.016284313938419115,-552.5955549125156,548.8973872171005,5.048137320909926,0.016284313938419115,2.5924627789964507,-162.38163904824103,0.0,-0.016284313938419115,-0.004071078484604779,0.0,-0.016284313938419115,-998.3715686061581,0.016284313938532802,-0.004071078484604779,-0.004071078484604779,-0.004071078484604779,6.513725575367646,-77.63990390907463,0.16284313938419118,283.24402747217147,-0.004071078484604779,286.3951603970786,0.8142156969209557,500.0,0.016284313938419115,0.008142156969209557,0.008142156969209557,1.6284313938419115,0.0,0.016284313938419115,0.0,0.16284313938419118,0.016284313938419115,-825.6028002382625,0.016284313938419115,0.06513725575382523,0.08142156969224434,0.008142156969209557,0.004071078484604779,4.885294181525735,-0.016284313938419115,0.0,0.16284313938419115,-566.4880549443429,0.407107848460478,-1.6284313938419115,3.256862787683823,0.8142156969209557,-0.016284313938419115,0.0,0.024426470907628672,-0.016284313938419115,-3.256862787683823,0.0,246.6909896558214,0.008142156969209557,-1000.0,-0.016284313938419122,-0.016284313938532802,-0.016284313938419115,0.008142156969209557,55.52951053000919,-3.256862787683823,0.016284313938419115,286.3951603970786,-0.004071078484604779,-0.017912745332261074,-286.3951603970786,2.442647090762867,-283.1968895368238,55.941717980647866,55.52951053000919,-0.012213235453814336,552.5955549125156,-552.188447064055,0.016284313938419115,-0.004071078484604779,0.8142156969209557,16.284313938419114,-0.008142156969209557,-0.016284313938419115,0.004071078484604779,1000.0,0.0,20.25717186692447,542.3587727660911,1000.0,0.0,173.4058432101512,998.0116852681191,57.058401443853995,-587.7799552935764,-1000.0,984.0429539807128,-94.69594576586464,293.8899776467882,-500.0,500.0,-57.058401443853995,-499.00584263405955,-548.9315842763712,-189.16311430172473,94.69594576586464,-984.0429539807128,-189.16311430172473,-173.4058432101512,167.07952543227515,0.0,1496.5981,bhi
377,0.0,0.0,0.0,0.0,0.0,0.0,0.0,0.0,0.0,0.0,0.0,0.0,0.0,0.0,0.0,0.0,-751.2588301584153,1000.0,0.0,0.0,0.0,0.0,0.0,141.83103350534267,0.0,0.0,0.0,0.0,0.0,-329.53141808700025,0.0,0.0,0.0,0.0,0.0,0.0,0.0,1000.0,0.0,-1000.0,-180.99365707764935,0.0,-977.6160960444324,0.0,0.0,0.0,0.0,0.0,0.0,-650.6118532082569,0.0,0.0,0.0,0.0,0.0,0.0,0.0,0.0,0.0,0.0,-125.93906868814268,0.0,367.6486194687866,241.70955078064392,0.0,0.0,0.0,0.0,0.0,0.0,0.0,0.0,0.0,0.0,0.0,0.0,0.0,0.0,0.0,812.5679302098083,0.0,0.0,45.327192608912924,0.0,0.0,0.0,125.93906868814305,168.7291985759306,256.1351810301851,1000.0,0.0,0.0,0.0,0.0,0.0,0.0,243.52087189088385,0.0,0.0,0.0,214.98782724976422,0.0,-893.9176600166004,0.0,0.0,-169.13866930999316,0.0,0.0,0.0,0.0,0.0,0.0,0.0,0.0,0.0,0.0,0.0,0.0,0.0,0.0,0.0,0.0,0.0,0.0,-28.189778218332194,0.0,0.0,243.52087189088385,0.0,0.0,0.0,0.0,-919.9653907245965,0.0,919.9653907245965,-919.9653907245965,0.0,0.0,0.0,0.0,0.0,0.0,0.0,0.0,0.0,80.61187607923011,0.0,0.0,0.0,0.0,0.0,0.0,0.0,0.0,169.6606346408513,0.0,156.45602952403942,0.0,0.0,0.0,0.0,0.0,49.8119879778219,49.8119879778219,0.0,0.0,0.0,0.0,0.0,0.0,0.0,49.8119879778219,0.0,0.0,0.0,1000.0,-194.24217378343315,0.0,0.0,0.0,0.0,0.0,0.0,0.0,0.0,0.0,-954.6728073910874,0.0,0.0,0.0,0.0,-1000.0,0.0,0.0,0.0,0.0,0.0,650.6118532082569,977.6160960444324,-831.2708014240694,831.2708014240694,0.0,0.0,0.0,0.0,0.0,0.0,0.0,564.3862419296001,-385.02330230225,0.0,0.0,0.0,0.0,0.0,0.0,0.0,0.0,0.0,0.0,0.0,0.0,0.0,0.0,-263.89513603909563,103.17415220098314,0.0,0.0,0.0,0.0,0.0,0.0,0.0,0.0,0.0,-125.93906868814268,103.17415220098314,0.0,0.0,0.0,0.0,0.0,0.0,0.0,0.0,0.0,0.0,243.52087189088385,0.0,248.74116984158468,358.53105625140677,315.0744931962937,0.0,-103.17415220098314,0.0,0.0,0.0,0.0,0.0,0.0,0.0,-19.85672870474275,0.0,0.0,-117.49204230474294,-796.1361311236735,0.0,0.0,678.6440888189305,117.49204230474294,-575.1356203938842,0.0,0.0,650.6118532082569,0.0,0.0,0.0,0.0,0.0,0.0,0.0,0.0,0.0,-328.0052180866073,0.0,0.0,-385.02330230225,0.0,0.0,0.0,-125.93906868814268,0.0,0.0,0.0,0.0,0.0,0.0,0.0,0.0,0.0,756.4791281091161,-751.2588301584153,0.0,-112.75911287332877,-66.63582296142755,194.24217378343315,62.52721481323454,0.0,-845.0840725926097,0.0,-169.13866930999316,0.0,0.0,0.0,0.0,0.0,845.0840725926097,-1000.0,-1000.0,0.0,0.0,0.0,0.0,0.0,0.0,0.0,0.0,0.0,0.0,0.0,0.0,0.0,0.0,0.0,0.0,0.0,0.0,0.0,-1000.0,169.6606346408513,0.0,0.0,0.0,635.9049630764237,0.0,-80.61187607923011,0.0,0.0,0.0,0.0,0.0,0.0,-140.66968512882534,-908.4784561519274,-78.12500000000007,0.0,0.0,0.0,-845.0840725926097,0.0,140.66968512882534,908.4784561519274,0.0,78.12500000000007,0.0,-125.93906868814305,0.0,0.0,0.0,652.255296966089,243.52087189088385,0.0,0.0,0.0,0.0,0.0,0.0,0.0,0.0,0.0,0.0,1000.0,0.0,87.86905503648877,0.0,0.0,0.0,564.3862419296001,0.0,0.0,0.0,0.0,0.0,0.0,0.0,0.0,0.0,0.0,-507.4160079299795,0.0,0.0,0.0,0.0,0.0,0.0,0.0,0.0,0.0,0.0,0.0,0.0,0.0,0.0,0.0,0.0,0.0,0.0,0.0,0.0,0.0,0.0,0.0,490.59217294637386,0.0,0.0,0.0,0.0,0.0,1000.0,0.0,651.2388605589688,125.93906868814305,0.0,0.0,1000.0,-1000.0,0.0,0.0,0.0,0.0,0.0,0.0,0.0,0.0,0.0,0.0,0.0,0.0,0.0,9.396592739444065,-756.4791281091161,0.0,0.0,125.93906868814305,0.0,0.0,0.0,0.0,0.0,1000.0,0.0,492.5839920700205,0.0,-515.6250000000196,515.6250000000196,0.0,0.0,0.0,0.0,0.0,0.0,0.0,0.0,0.0,0.0,0.0,0.0,0.0,0.0,0.0,0.0,0.0,0.0,0.0,0.0,0.0,0.0,0.0,0.0,0.0,0.0,0.0,0.0,0.0,0.0,125.93906868814305,-125.93906868814305,0.0,977.6160960444324,0.0,0.0,243.52087189088385,0.0,0.0,0.0,0.0,0.0,0.0,0.0,0.0,0.0,0.0,141.83103350534267,0.0,0.0,0.0,0.0,-481.21365339457583,-1000.0,0.0,0.0,0.0,0.0,0.0,0.0,0.0,893.9176600166004,564.3862419296001,1000.0,0.0,0.0,0.0,0.0,0.0,169.13866930999316,0.0,0.0,0.0,0.0,0.0,0.0,0.0,0.0,0.0,0.0,0.0,0.0,0.0,0.0,0.0,0.0,0.0,0.0,0.0,0.0,613.4193942098443,-613.4193942098443,0.0,0.0,0.0,0.0,-51.98459590284105,104.65017110679435,0.0,-133.2774512831834,-1000.0,0.0,0.0,0.0,0.0,0.0,0.0,0.0,0.0,0.0,0.0,0.0,0.0,0.0,0.0,0.0,194.24217378343315,0.0,0.0,652.255296966089,0.0,0.0,0.0,0.0,0.0,0.0,0.0,0.0,0.0,0.0,0.0,0.0,0.0,0.0,0.0,0.0,0.0,0.0,0.0,0.0,0.0,0.0,0.0,0.0,564.3862419296001,0.0,0.0,0.0,0.0,0.0,0.0,0.0,0.0,0.0,0.0,0.0,0.0,0.0,0.0,0.0,0.0,0.0,0.0,0.0,0.0,0.0,0.0,0.0,0.0,0.0,-243.52087189088385,0.0,0.0,0.0,0.0,0.0,-490.59217294637386,0.0,0.0,0.0,0.0,0.0,0.0,895.3498288932057,0.0,0.0,0.0,0.0,0.0,0.0,0.0,0.0,0.0,0.0,0.0,-778.1343572192538,490.59217294637386,0.0,-866.2369556968258,0.0,0.0,866.7225487168166,133.27745128318338,-1000.0,169.6606346408513,0.0,0.0,0.0,874.0609313118564,0.0,0.0,0.0,-251.8781373762861,-921.8750000000165,921.8750000000165,0.0,0.0,0.0,0.0,0.0,0.0,0.0,1000.0,-45.32719260891258,0.0,0.0,0.0,0.0,0.0,0.0,0.0,0.0,0.0,0.0,0.0,0.0,0.0,445.2649803374613,0.0,0.0,-977.6160960444324,0.0,125.93906868814305,0.0,0.0,0.0,-267.80645821029725,0.0,0.0,0.0,0.0,0.0,0.0,0.0,0.0,0.0,0.0,0.0,-263.89513603909563,0.0,0.0,0.0,0.0,0.0,0.0,0.0,0.0,0.0,0.0,0.0,0.0,0.0,0.0,0.0,0.0,0.0,0.0,0.0,0.0,0.0,0.0,0.0,0.0,0.0,0.0,0.0,490.59217294637386,0.0,0.0,0.0,0.0,0.0,0.0,0.0,650.6118532082569,0.0,0.0,0.0,251.8781373762861,56.635350232906674,-581.5369145053049,1000.0,0.0,0.0,0.0,0.0,0.0,0.0,0.0,0.0,0.0,0.0,0.0,0.0,251.8781373762861,0.0,0.0,0.0,0.0,0.0,0.0,0.0,0.0,0.0,0.0,-1000.0,-1000.0,0.0,0.0,-243.52087189088385,0.0,1000.0,0.0,0.0,0.0,0.0,0.0,0.0,0.0,0.0,0.0,0.0,0.0,0.0,0.0,0.0,0.0,0.0,0.0,0.0,0.0,0.0,45.32719260891257,0.0,0.0,0.0,0.0,0.0,141.33494030366123,-141.33494030366123,169.66063464085056,0.0,0.0,0.0,0.0,0.0,0.0,0.0,1000.0,0.0,0.0,0.0,0.0,0.0,0.0,812.5679302098083,0.0,490.59217294637386,0.0,0.0,-1000.0,0.0,0.0,0.0,0.0,0.0,0.0,0.0,0.0,0.0,0.0,0.0,0.0,0.0,0.0,0.0,0.0,0.0,0.0,0.0,0.0,125.93906868814305,0.0,0.0,0.0,0.0,0.0,490.59217294637386,0.0,-895.3498288932057,0.0,0.0,0.0,0.0,0.0,0.0,0.0,0.0,0.0,0.0,0.0,0.0,0.0,0.0,0.0,0.0,0.0,0.0,0.0,0.0,0.0,0.0,0.0,0.0,0.0,0.0,-1000.0,0.0,0.0,0.0,0.0,0.0,0.0,0.0,0.0,0.0,0.0,0.0,0.0,0.0,0.0,0.0,0.0,0.0,0.0,0.0,0.0,0.0,0.0,0.0,0.0,0.0,0.0,0.0,56.37955643666439,0.0,0.0,0.0,-169.13866930999316,-125.93906868814304,0.0,-248.74116984158468,0.0,0.0,0.0,0.0,0.0,0.0,-490.59217294637386,-125.93906868814305,0.0,0.0,0.0,0.0,243.52087189088385,243.52087189088385,0.0,181.8213090959469,0.0,0.0,0.0,0.0,0.0,0.0,0.0,0.0,0.0,0.0,248.74116984158468,0.0,0.0,0.0,32.90679290163413,0.0,-9.396592739444065,0.0,0.0,0.0,0.0,28.189778218332194,490.59217294637386,0.0,-490.59217294637386,490.59217294637386,0.0,0.0,125.93906868814304,-243.52087189088388,0.0,0.0,0.0,0.0,0.0,-507.4160079299795,0.0,0.0,0.0,0.0,0.0,-243.52087189088385,0.0,0.0,0.0,0.0,0.0,253.70800396498976,0.0,0.0,0.0,0.0,0.0,0.0,0.0,0.0,0.0,0.0,0.0,9.094947017729282e-13,0.0,0.0,0.0,0.0,0.0,0.0,0.0,0.0,0.0,0.0,0.0,0.0,0.0,169.13866930999316,0.0,0.0,0.0,0.0,286.152355833666,0.0,-507.4160079299795,0.0,0.0,0.0,0.0,0.0,0.0,0.0,56.37955643666439,0.0,125.93906868814305,-56.37955643666439,0.0,0.0,-363.0143168702824,0.0,0.0,490.59217294637386,-490.59217294637386,0.0,0.0,0.0,0.0,0.0,0.0,0.0,1000.0,0.0,-457.77117250774984,0.0,1000.0,0.0,612.6562754801269,0.0,0.0,200.39886726460168,-1000.0,866.2369556968258,-424.86437960611573,-100.19943363230084,-500.0,500.0,0.0,0.0,-490.59217294637386,-18.34589762336873,424.86437960611573,-866.2369556968258,-18.34589762336873,-612.6562754801269,428.08857368550537,0.0,1496.5981,bhi
378,0.0,0.0,0.0,0.0,0.0,0.0,0.0,0.0,-0.005725568303654878,0.0,0.0,0.0,0.0,0.0,0.0,0.0,-1000.0,661.2800711685187,0.0,417.5060807655278,0.0,0.0,0.0,0.0,0.0,403.4948311555365,0.0,0.0,0.0,-1000.0,0.0,0.0,0.0,0.0,0.0,0.0,0.0,729.7599789613635,0.0,-1000.0,698.4902914234287,0.0,-347.6933830480595,1000.0,0.0,0.0,0.0,0.0,438.61657362623305,0.0,0.0,-652.3066169519404,0.0,0.0062981251337434485,0.0,0.0,0.0,4.9993549834065005,0.0,0.0,171.91505393523016,0.0,761.1178475606242,415.7750445443404,0.0,0.0,0.0,0.0,1000.0,-629.7488414034198,0.0,0.057255683036548786,0.0,0.0,0.0,0.0,0.0,0.0,0.0,0.0,0.0,0.0,-61.87526076891669,0.0,3.435340982192927,0.0,0.0,-1000.0,987.8629613558729,538.2475645619961,-0.0014313920759137194,0.0,0.0,0.0,1.7176704910964635,0.0,433.94642066213663,-965.0572632430302,0.0,0.0,0.0,0.2862784151827439,-1000.0,0.0,0.0,0.0,0.0,0.0,0.0,0.0,0.0,0.0,0.0,0.0,0.0,0.0,0.0,0.0,0.0,0.0,0.0,0.0,0.0,0.0,-1000.0,0.0,0.0,433.94642066213663,0.0,1.7749261741330122,0.0,0.0,190.82062761085336,0.0,-190.82062761085336,190.82062761085336,-662.1141644833071,0.0,0.0,144.85630753179305,0.0,0.0,0.0,0.0,0.0,62.31612952829806,0.005725568303654878,0.0,0.0,0.0,0.0,0.0,0.0,0.0,61.87526076891669,0.0,168.32640863258518,0.0,0.0,0.0,0.0,0.0,393.2959149736355,393.2959149736355,0.0,0.0,0.0,-296.875,0.0,0.0,0.0,393.30164054193915,0.0,0.0,0.0,-997.1741962329206,0.0,0.0,0.0,0.0,0.0,0.0,0.0,0.0,0.0,0.0,0.0,0.0,0.0,0.0,0.0,-536.9707237276723,0.0,0.0,0.0,0.0,0.0,0.0,1000.0,-987.8629613558729,987.8629613558729,517.2578569515141,0.0,0.0,0.0,0.0,0.0,0.0,0.0,-803.0948766593958,0.0,0.0,0.0,0.0,0.0,0.0,0.0,0.0,0.0,0.0,0.0,0.0,0.0,0.0,-352.8178122530208,561.383426373767,0.0,0.0,0.0,0.0,-414.2335538859785,0.0,0.0,0.0,0.0,171.91505393523016,-438.61657362623305,0.0,0.0,0.0,0.0,0.0,0.0,0.0,0.0,0.0,0.0,432.2287501710402,0.0,-804.0914643434102,823.9410753202761,-549.2463877296399,0.0,-561.383426373767,0.0,0.0,517.2578569515141,-520.8235346527603,0.0,0.0,0.0,-172.99632750937434,0.0,0.0,-519.4459829523025,0.0,0.0,-1000.0,480.5540170476977,-480.5540170476977,0.0,0.0,0.0,0.0,0.0,-87.04996749833849,0.0,0.0,0.0,-380.49697693387316,0.0,380.49697693387316,0.0,393.29018940533183,0.0,0.0,665.9167968552084,-296.875,0.0,0.0,171.91505393523016,-0.008588352455482316,0.0,0.0,0.0,0.0,0.005725568303654878,0.0,0.0,0.0,0.0,-1000.0,0.0,-502.33255416904495,664.0537236867852,0.0,1000.0,0.0,-23.142720800668485,0.0,0.0,0.0,0.0,0.0,-0.492971430944408,-428.09412967107687,451.72982190268976,-826.93210288683,-1000.0,0.0,0.0,0.0,0.0,0.0,0.0,0.0,0.0,0.0,0.0,0.0,0.0,0.0,0.0,0.0,0.0,0.0,-270.21711876542224,0.0,-1000.0,61.87526076891669,0.0,964.8728999436543,0.0,0.0,0.0,-62.31612952829806,0.0,0.0,0.0,0.0,0.0,-571.9058703289231,0.0,-94.20669575361575,-794.3968756554717,0.0,0.0,0.0,0.0,-459.43929962356106,0.0,93.920417338433,0.0,794.2537364478804,-0.2862784151827439,700.9058759398129,0.0,0.0,1000.0,-667.9861747038236,433.94642066213663,0.0,0.0,0.0,0.0,0.0,0.0,0.0,0.0,0.0,0.0,-532.4162564627412,0.0,0.0,0.0,0.0,0.0,0.0,0.0,0.0,-173.42774908105366,0.0,0.0,132.43671208556552,0.0,0.0,0.0,0.0,-786.7642329151574,0.011451136607320223,0.0,0.0,0.0,0.0,0.0,0.0,0.0,0.0,0.0,0.0,0.0,0.0,0.0,0.0,0.0,0.0,0.0,0.0,0.0,0.0062981251337434485,0.0062981251337434485,0.0,311.4113366976542,0.0,3.435340982192927,0.0,0.0,0.0,555.4777558925016,0.0,149.00856157273634,0.0,0.0,0.0,1000.0,-555.4777558925016,0.0,0.0,579.2231375339112,0.0,0.0,132.43671208556552,0.0,0.0,0.0,0.0,0.0,0.0,0.0,333.3333333333333,0.0,0.0,0.0,293.37133239858656,0.0,0.0,0.0,-103.0243030655356,0.0,1000.0,0.0,694.5321735448713,-481.2964064600287,0.0,0.0,0.0,0.0,0.0,0.0,0.0,0.0,0.0,0.0,0.0,0.0,0.0,0.0,0.0,0.0,3.435340982192927,517.2578569515141,517.2578569515141,0.0,0.0,0.0,0.0,0.0,0.0,0.0,0.0,0.0,0.0,0.057255683036548786,0.0,0.0,0.0,0.0,0.0,1000.0,0.0,0.0,433.94642066213663,-579.2231375339112,0.0,0.0,292.9304636392052,0.0,0.0,0.0,0.0,0.0,0.0,-520.2395266857875,0.0,0.0,1.7176704910964635,1.7176704910964635,1000.0,-555.4777558925016,0.0,132.43671208556552,0.0,0.0,0.0,0.0,0.0,826.93210288683,0.0,1000.0,0.005725568303654878,0.0,0.0,0.0,7.561430883305361,786.7642329151574,0.0,0.0,0.0,0.0,0.0,0.0,0.0,0.0,0.0,0.0,0.0,0.0,0.0,0.0,0.0,0.0,0.005725568303654878,0.0,0.0,0.0,-1000.0,1000.0,0.0,0.0,0.0,0.0,-62.50049282767401,965.0572632430302,0.0,0.0,-729.7828812345778,-0.4294176227741159,0.0,-0.2862784151827438,0.0,-453.125,-453.12500000000006,453.125,0.0,0.0,0.0,0.0,0.0,0.0,0.0,517.2578569515141,0.0,0.0,0.0,-667.699896288641,0.0,0.0,0.0,-0.005725568303654878,0.0,0.0,0.005725568303654878,0.0,0.005725568303654878,0.0,370.25115859658024,0.0,3.435340982192927,6.9851933304589515,6.9851933304589515,0.0,0.0,0.0,0.0,0.0,0.0,0.0,0.0,0.0,0.0,0.0,0.0,0.0,0.0,0.0,0.0,0.0,0.0,0.0,0.0,0.0,0.0,0.0,0.0,0.0,0.0,0.0,103.0243030655356,0.0,-33.243672558956234,33.243672558956234,0.008588352455482316,0.0,0.0,0.0,-433.94642066213663,0.0,0.0,0.0,0.0,0.0,-311.4113366976542,0.2862784151827439,0.0,0.0,0.0,296.875,0.0,-0.18436329937594564,-0.2862784151827438,0.0,0.0,0.0,0.0,0.0,0.0,0.0,517.2578569515141,0.0,579.2231375339112,0.0,311.4113366976542,0.0,197.620819378561,786.7642329151574,0.0,0.0,0.0,0.0,61.87526076891669,-527.8087279832192,0.0,0.2862784151827438,684.8165425918085,0.0,0.0,0.0,-173.42774908105366,0.0,0.0,0.0,0.0,0.0,0.0,0.0,0.0,0.0,311.8407543204283,-312.6995895659767,6.9851933304589515,0.0,843.75,843.75,-843.75,0.0,0.0,0.0,0.0,0.0,0.0,0.0,0.0,0.0,-7.561430883305361,0.0,-347.6933830480595,1.7176704910964635,0.0,0.0,0.0,0.0,-85.56187080114483,0.0,0.0,0.0062981251337434485,0.0,0.0,0.0,3.4925966652294758,0.0,0.0,0.0,0.0,-352.8178122530208,0.0,0.0,0.0,0.0,0.0,0.0,0.0,0.0,-217.2513668966099,0.0,0.0005725568303655041,0.0005725568303655041,0.0,0.0,0.0,0.0,0.0,0.0,0.0,0.0,0.0,0.0,0.0,0.0,0.0,0.0,0.0,311.4113366976542,0.0,0.0,0.0,0.0,0.0,0.0,0.0,0.0,0.0,0.0,0.0,0.0,-1000.0,856.1226543917609,661.2800711685187,0.0,0.0,0.0,3.435340982192927,0.0,0.0,0.0,0.0,0.0,0.0,-3.435340982192927,0.0,0.0,0.0,0.0,0.0,0.0,0.0,0.0,0.0,0.0,0.0,0.0,-1000.0,-1000.0,3.9220142880035924,0.0,-433.94642066213663,0.0,729.7599789613635,0.0,0.0,0.0,0.0,0.0,0.0,0.0,0.0,0.0,0.0,0.0,0.0,0.0,0.0,0.0,0.0,0.0,-0.7156960379568597,517.2578569515141,-0.4294176227741159,312.2701719432025,0.0,0.0,0.0,0.0,0.0,0.0,-0.07156960379568598,235.30300984997035,0.0,0.0,0.0,0.0,0.0,0.0,0.0,1000.0,1.7176704910964635,1.7176704910964635,0.0,0.0,0.0,0.0,0.0,0.0062981251337434485,311.4113366976542,0.0,0.0,-729.7599789613635,0.0,0.0,0.0,0.0,0.0,0.0,0.0,0.0,0.0,0.0,0.0,0.0,0.0,0.0,0.0,0.0,0.0,0.0,0.0,6.011846718837623,0.4408687593813738,0.0,0.0,0.0,0.0,0.0,311.4113366976542,0.0,0.0,0.0,0.0,0.0,-0.7156960379568597,0.0,0.0,0.0,0.0,0.0,0.0,0.0,0.0,0.0,0.0,0.0,0.0,0.0,0.0,0.0,0.0,0.0,0.0,-0.005725568303654878,0.0,0.0,0.2862784151827439,-1000.0,0.0,0.0,0.0,0.0,517.2578569515141,0.0,0.0,0.0,0.492971430944408,0.14313920759137194,0.0,0.0,403.4948311555365,0.005725568303654878,0.0,5.725568303654877,-1.7749261741330122,1.1451136607309755,0.0408969164546777,15.97433556719711,-0.004294176227741158,0.28627841518273556,0.11451136607309756,-0.028627841517959496,-15.97433556719711,1.7176704910964633,-0.005725568303654878,0.0,132.43671208556552,0.0014313920759137194,0.0408969164546777,0.0,-0.9115104739400632,-0.11451136607308854,-78.78615193404653,-0.005725568303654878,0.0014313920759137194,-15.97433556719711,0.5725568303654878,0.005725568303654878,0.005725568303654878,-311.39931300421676,0.0062981251340203815,0.0,-0.004294176227741158,1.7176704910964635,0.005725568303654878,433.94642066213663,429.36596601921275,-0.002862784151827439,-168.32640863258518,413.65527148730934,-0.004294176227741158,-0.005725568303654878,-1.7749261741330122,0.005725568303654878,0.5725568303654878,-0.11451136607309756,103.0243030655356,103.0243030655356,-0.5725568303654878,78.78615193404653,-103.0243030655356,1.1451136607309755,0.008588352455482316,-1000.0,0.5725568303654878,-333.3333333333333,132.43671208556552,-1.1451136607309755,0.002862784151827439,0.057255683036548786,125.58313854226124,312.5564503583852,-0.005725568303654878,-312.6995895659767,311.39931300421676,1.7749261741330122,0.005725568303654878,0.9115104739400632,-306.66272004986047,132.43671208556552,-0.005725568303654878,-0.0014313920759137194,-132.43671208556552,-0.005725568303654878,-786.7642329151574,0.005725568303396419,-0.0014313920759137194,-0.0014313920759137194,-0.0014313920759137194,2.290227321461951,-429.36596601921275,0.057255683036548786,175.40715069344188,-0.0014313920759137194,251.16627708452248,0.2862784151827439,393.66839487276144,0.005725568303654878,0.002862784151827439,0.002862784151827439,66.79091287314824,1.7749261741330122,0.005725568303654878,-1.7749261741330122,0.057255683036548786,0.005725568303654878,-517.7375912463926,0.005725568303654878,0.02290227321424254,0.028627841517959496,0.002862784151827439,0.0014313920759137194,1.7176704910964635,-0.005725568303654878,0.0,0.05725568303654427,-350.81430138688376,0.14313920759138032,-0.5725568303654878,1.1451136607309755,0.2862784151827439,-0.005725568303654878,0.0,0.008588352455482316,-0.005725568303654878,-133.5818257462965,1.7749261741330122,146.0243469883222,0.002862784151827439,-787.3367897455229,-0.005725568303654878,-0.005725568303396419,-0.005725568303654878,0.002862784151827439,15.97433556719711,-1.1451136607309755,0.005725568303654878,251.16627708452248,-0.0014313920759137194,-0.0062981251340203815,-251.16627708452248,0.8588352455482315,-413.65527148730934,225.49328446169514,15.97433556719711,-0.004294176227741158,312.6995895659767,-312.5564503583852,0.005725568303654878,-0.001431392075913719,0.2862784151827438,5.725568303654877,-0.002862784151827439,-0.005725568303654878,0.0014313920759137194,1000.0,0.0,461.74957265385206,342.3304405529508,640.653950087786,3.854241322675525,364.384347167239,786.6376978556469,0.0,-1000.0,-255.49309011314722,-198.76593303929198,-538.2475645619961,500.0,-320.326975043893,127.74654505657361,0.0,-393.31884892782347,-311.4113366976542,-60.46247618717737,538.2475645619961,198.76593303929198,-60.46247618717737,-364.384347167239,335.237255193367,-3.854241322675525,1496.5981,bhi
379,0.0,0.0,0.0,0.0,0.0,0.0,0.0,0.0,-0.008409196875881214,0.0,0.0,0.0,0.0,0.0,0.0,0.0,145.86283828103797,456.222067798588,0.0,0.0,0.0,0.0,0.0,46.79714688929687,0.0,0.0,0.0,0.0,0.0,-418.37839961775114,0.0,0.0,344.494127760806,0.0,0.0,0.0,0.0,766.3996342950358,0.0,-1000.0,1000.0,0.0,0.0,-684.0414538755804,0.0,0.0,0.0,0.0,761.2501496106308,-802.8784367657227,0.0,0.0,0.0,0.009250116564089694,0.0,0.0,0.0,1.6818393751762428,0.0,0.0,58.99773797415881,0.0,359.2000902314654,0.0,0.0,0.0,0.0,0.0,191.17236473557796,-191.17236473557796,0.0,0.08409196875881216,0.0,0.0,0.0,0.0,0.0,0.0,0.0,984.1730445229258,0.0,0.0,-65.0110969586878,0.0,5.045518125528728,0.0,79.6609681561806,-6.651202624983114,-245.40105301435239,297.3798900351269,-0.0021022992189703034,0.0,0.0,1000.0,2.522759062764364,0.0,2.522759062764364,-0.2707761394016188,0.0,0.0,0.0,877.559967093762,-418.37839961775114,0.0,0.0,0.0,0.0,0.0,0.0,0.0,0.0,0.0,0.0,0.0,0.0,0.0,0.0,0.0,0.0,0.0,0.0,0.0,0.0,0.0,-1000.0,0.0,0.0,2.522759062764364,0.0,2.6068510315231768,2.6068510315231768,0.0,0.0,0.0,0.0,0.0,-671.4356405549825,1000.0,-1000.0,253.2378123493582,0.0,0.0,0.0,0.0,0.0,145.3195732743115,0.008409196875881214,0.0,0.0,0.0,0.0,0.0,0.0,0.0,65.0110969586878,0.0,-303.0440427002651,0.0,0.0,0.0,0.0,0.0,91.05281269993475,91.05281269993475,0.0,0.0,0.0,0.0,0.0,0.0,0.0,91.06122189681062,0.0,0.0,0.0,-1000.0,0.0,0.0,0.0,0.0,0.0,0.0,0.0,0.0,0.0,0.0,-232.1732379355272,0.0,0.0,0.0,0.0,-1000.0,0.0,0.0,0.0,0.0,0.0,802.8784367657227,0.0,245.40105301435239,-245.40105301435239,418.19782820562426,0.0,0.0,0.0,0.0,0.0,0.0,0.0,1000.0,0.0,0.0,0.0,0.0,0.0,0.0,0.0,0.0,0.0,0.0,0.0,0.0,0.0,62.53764770886744,347.01688682357036,-488.73458827391767,0.0,0.0,0.0,0.0,-234.74058036063246,0.0,0.0,0.0,0.0,58.99773797415881,195.30686560166285,0.0,0.0,0.0,0.0,0.0,0.0,0.0,0.0,0.0,0.0,0.0,0.0,-166.2238010500837,-657.0259070787885,1000.0,0.0,488.73458827391767,0.0,0.0,418.19782820562426,952.3451150293633,0.0,0.0,0.0,221.36195134442232,0.0,0.0,-959.2942833865202,-1000.0,-771.9095423960641,812.6152590095439,-771.9095423960641,1000.0,0.0,0.0,-52.975826172706775,802.8784367657227,0.0,-154.78188649823684,0.0,0.0,0.0,-1000.0,0.0,1000.0,0.0,625.2675427728846,0.0,0.0,183.4572478449918,0.0,0.0,0.0,58.99773797415881,-0.012613795313821822,0.0,0.0,0.0,0.0,0.008409196875881214,0.0,0.0,0.0,814.0199930922438,145.86283828103797,0.0,-227.95065038196165,1000.0,0.0,719.2489317899403,0.0,58.35586775380767,0.0,0.0,0.0,0.0,0.0,-0.7240318510139927,619.4979816945413,-677.129817597335,-1000.0,-1000.0,0.0,0.0,0.0,0.0,0.0,0.0,0.0,0.0,0.0,0.0,0.0,0.0,0.0,0.0,0.0,0.0,0.0,0.0,0.0,-1000.0,65.0110969586878,233.56672891746106,0.0,531.7671674731682,0.0,0.0,594.5191506525528,0.0,0.0,0.0,0.0,877.1395072499679,-810.6703464301193,0.0,-465.1691850815495,0.0,0.0,1000.0,0.0,0.0,665.806834003961,0.0,-239.7046121238127,1000.0,-0.21022992189703038,-0.4204598437940607,82.1969362700753,0.0,-841.8616343805713,-620.8791608964373,0.0,2.522759062764364,0.0,0.0,0.0,276.5112145762564,0.0,0.0,0.0,-62.53764770886744,62.53764770886744,62.53764770886744,-469.62396676120915,0.0,0.0,-773.2060437383676,0.0,0.0,0.0,0.0,0.0,-140.88041594494544,0.0,140.62500000000188,283.27382727282406,0.0,0.0,0.0,0.0,344.494127760806,0.016818393751691474,0.0,0.0,0.0,0.0,0.0,0.0,0.0,0.0,0.0,0.0,0.0,0.0,0.0,0.0,0.0,0.0,0.0,0.0,0.0,0.009250116564089694,0.009250116564089694,0.0,310.9556475043416,0.0,5.045518125528728,0.0,0.0,0.0,1000.0,0.0,0.0,79.6609681561806,0.0,0.0,-34.44138917021616,-1000.0,0.0,0.0,0.0,0.0,0.0,283.27382727282406,0.0,0.0,0.0,0.0,0.0,0.0,0.0,333.3333333333333,-814.0199930922438,0.0,0.0,80.30847631562368,0.0,1000.0,0.0,-183.4572478449918,0.0,-34.44138917021616,0.0,310.05273859058985,0.0,0.0,0.0,62.53764770886744,0.0,0.0,0.0,0.0,0.0,0.0,0.0,0.0,0.0,0.0,0.0,0.0,0.0,5.045518125528728,418.19782820562426,418.19782820562426,0.0,0.0,0.0,0.0,0.0,0.0,0.0,0.0,0.0,0.0,0.08409196875881216,0.0,0.0,79.6609681561806,-79.6609681561806,0.0,0.0,0.0,0.0,2.522759062764364,0.0,0.0,0.0,0.0,0.0,0.0,0.0,0.0,0.0,0.0,1000.0,-1000.0,0.0,2.5227590627643646,2.522759062764364,-427.7675420969358,-1000.0,0.0,283.27382727282406,0.0,0.0,0.0,0.0,0.0,418.37839961775114,0.0,1000.0,0.008409196875881214,0.0,0.0,-797.0035201983001,797.6816618606479,0.0,0.0,-1000.0,0.0,0.0,0.0,0.0,0.0,0.0,0.0,0.0,0.0,0.0,0.0,0.0,0.0,0.0,0.008409196875881214,0.0,0.0,0.0,714.2665087637959,-714.2665087637959,0.0,0.0,0.0,233.56672891746106,0.0,594.5191506525528,0.0,0.0,-1000.0,-0.630689765691091,0.0,-0.4204598437940607,0.0,0.0,0.0,0.0,0.0,0.0,0.0,0.0,0.0,0.0,0.0,418.19782820562426,0.0,0.0,0.0,-841.4411745367772,0.0,0.0,0.0,-0.008409196875881214,0.0,0.0,0.008409196875881214,0.0,0.008409196875881214,0.0,0.0,0.0,5.045518125528728,10.259220188575082,10.259220188575082,0.0,0.0,0.0,0.0,0.0,0.0,0.0,0.0,0.0,0.0,0.0,0.0,0.0,0.0,0.0,0.0,0.0,0.0,0.0,0.0,0.0,0.0,0.0,0.0,0.0,0.0,0.0,183.4572478449918,0.0,-19.10037433775574,19.10037433775574,0.012613795313821822,0.0,0.0,0.0,-2.522759062764364,0.0,0.0,0.0,0.0,0.0,-310.9556475043416,0.4204598437940607,0.0,0.0,0.0,0.0,0.0,405.4808493474472,-0.4204598437940607,0.0,140.62500000000188,0.0,0.0,0.0,0.0,0.0,418.19782820562426,0.0,0.0,232.86939477196978,248.41799979547415,0.0,573.2836075125493,0.0,0.0,1000.0,0.0,-1000.0,65.0110969586878,942.0858948407882,0.0,0.4204598437940607,882.442145202971,0.0,0.0,0.0,-300.20235225730664,0.0,0.0,0.0,0.0,0.0,-739.8387239268643,0.0,0.0,0.0,543.7595752055599,-312.84771680141495,10.259220188575082,0.0,703.125,703.125,-703.125,0.0,0.0,0.0,0.0,0.0,0.0,0.0,0.0,0.0,-0.678141662347798,-1000.0,0.0,2.522759062764364,79.6609681561806,0.0,0.0,0.0,-199.73183856725174,0.0,0.0,0.009250116564089694,0.0,0.0,0.0,5.129610094287541,0.0,0.0,0.0,0.0,347.01688682357036,0.0,0.0,0.0,0.0,0.0,0.0,0.0,0.0,-285.14501286148675,0.0,854.2189730789107,0.0008409196875881486,0.0,0.0,0.0,0.0,0.0,0.0,0.0,0.0,0.0,-797.0035201983001,0.0,0.0,0.0,0.0,0.0,310.9556475043416,0.0,0.0,0.0,0.0,0.0,0.0,0.0,802.8784367657227,0.0,0.0,0.0,159.3219363123612,0.0,1000.0,456.222067798588,0.0,0.0,0.0,5.045518125528728,0.0,0.0,0.0,0.0,0.0,-5.045518125528728,0.0,0.0,159.3219363123612,0.0,0.0,0.0,0.0,0.0,0.0,0.0,0.0,0.0,0.0,-1000.0,-1000.0,5.760299859978633,0.0,-2.522759062764364,0.0,999.9663632124968,0.0,0.0,0.0,0.0,0.0,0.0,0.0,0.0,0.0,0.0,0.0,0.0,0.0,0.0,0.0,0.0,0.0,-1.0511496094851518,418.19782820562426,-877.7701970156589,312.2170270357237,0.0,0.0,0.0,0.0,0.0,0.0,-0.10511496094851518,205.89151290363324,0.0,0.0,0.0,0.0,0.0,0.0,0.0,1000.0,2.522759062764364,2.5227590627643646,0.0,0.0,0.0,0.0,984.1730445229258,0.009250116564089694,310.9556475043416,0.0,0.0,-999.9663632124968,854.2181321592232,0.0,0.0,0.0,0.0,0.0,0.0,0.0,0.0,0.0,0.0,0.0,0.0,0.0,9.55018716887787,0.0,0.0,2.6068510315231768,0.0,8.829656719675274,80.30847631562368,0.0,0.0,0.0,0.0,0.0,310.9556475043416,0.0,-405.7516254868488,0.0,0.0,0.0,-1.0511496094851518,0.0,0.0,0.0,0.0,0.0,0.0,0.0,0.0,0.0,0.0,0.0,0.0,0.0,0.0,0.0,0.0,0.0,0.0,-0.008409196875881214,0.0,0.0,0.4204598437940607,34.44138917021616,0.0,0.0,0.0,0.0,418.19782820562426,0.0,0.0,0.0,0.7240318510139927,0.21022992189703038,0.0,0.0,0.0,0.008409196875881214,0.0,8.409196875881214,0.0,1.681839375176243,0.0600656919705801,28.675361346754947,-0.00630689765691091,704.8737972053622,0.16818393751762428,-0.04204598437903679,-28.675361346754947,2.5227590627643646,-0.008409196875881214,0.0,283.27382727282406,0.0021022992189703034,0.0600656919705801,0.0,-80.99971229881926,-0.16818393751762428,-602.084906079626,-0.008409196875881214,0.0021022992189703034,-28.675361346754947,0.8409196875881214,0.008409196875881214,0.008409196875881214,-310.9379881909016,-79.65171803961717,0.0,-0.00630689765691091,2.522759062764364,0.008409196875881214,2.522759062764364,-4.204598437940607,-0.004204598437940607,303.0440427002651,233.89125147616846,-0.00630689765691091,-0.008409196875881214,0.0,0.008409196875881214,0.8409196875881214,-0.16818393751762428,183.4572478449918,183.4572478449918,-0.8409196875881214,602.084906079626,-183.4572478449918,1.6818393751762428,0.01261379531382182,-1000.0,0.8409196875881214,-333.3333333333333,283.27382727282406,-1.6818393751762428,0.004204598437940607,0.08409196875881216,56.98766259549041,250.0998391706504,-0.008409196875881214,-312.84771680141495,310.9379881909016,2.6068510315231768,0.008409196875881214,80.99971229881926,273.1827910217666,283.27382727282406,-0.008409196875881214,-0.0021022992189703034,-283.27382727282406,-0.008409196875881214,344.494127760806,0.008409196875881214,-0.0021022992189703034,-0.0021022992189703034,-0.0021022992189703034,3.3636787503524856,4.204598437940607,0.08409196875881216,310.95712152088396,-0.0021022992189703034,113.97532519098083,0.4204598437940607,-171.82660403660896,0.008409196875881214,0.004204598437940607,0.004204598437940607,142.47783332400016,0.0,0.008409196875881214,0.0,0.08409196875881216,0.008409196875881214,-920.4110370918187,0.008409196875881214,0.033636787503155574,0.04204598437903679,0.004204598437940607,0.0021022992189703034,2.522759062764364,-0.008409196875881214,0.0,0.08409196875881214,-621.9142430417679,704.6635672834651,-0.8409196875881214,1.6818393751762428,0.42045984379406076,-0.008409196875881214,0.0,0.01261379531382182,-0.008409196875881214,-284.9556666480003,0.0,434.02119249626946,0.004204598437940607,343.6532080732179,-0.008409196875881214,-0.008409196875881214,-0.008409196875881214,0.004204598437940607,28.675361346754947,-1.6818393751762428,0.008409196875881214,113.97532519098083,-0.0021022992189703034,79.65171803961717,-113.97532519098083,1.2613795313821818,-233.89125147616846,493.8549552191036,28.675361346754947,-0.00630689765691091,312.84771680141495,-250.0998391706504,0.008409196875881214,-0.002102299218970303,0.4204598437940607,8.409196875881214,-0.004204598437940607,-0.008409196875881214,0.0021022992189703034,1000.0,0.0,702.6159053664352,609.4539155709347,1000.0,0.0,649.6194344260773,-344.6799710117636,0.0,-898.0306078207119,191.4309128097765,-574.9654468877255,-297.3798900351269,449.01530391035595,-500.0,-95.71545640488824,0.0,172.3399855058818,-310.9556475043416,-234.2893539290177,297.3798900351269,574.9654468877255,-234.2893539290177,-649.6194344260773,187.7978618583613,0.0,1496.5981,bhi
380,0.0,0.0,0.0,0.0,0.0,0.0,0.0,0.0,224.34785581666893,0.0,0.0,0.0,0.0,0.0,0.0,0.0,0.0,636.3008986765218,0.0,-47.985625412896816,0.0,0.0,0.0,0.0,0.0,0.0,0.0,0.0,0.0,786.7355082112222,0.0,0.0,411.6223606729267,0.0,0.0,0.0,0.0,224.58910447079222,0.0,-1000.0,971.4299226250346,0.0,0.0,-161.94056680449228,0.0,0.0,0.0,0.0,-739.698301262397,-346.11703243870124,0.0,-952.9627930511748,0.0,0.10475695037507649,0.0,0.0,0.0,19.046718249976983,0.0,0.0,111.63949573397683,0.0,248.43970627617387,0.0,0.0,0.0,0.0,0.0,91.06802584113818,-91.06802584113818,0.0,0.9523359124988492,0.0,0.0,0.0,0.0,0.0,0.0,0.0,0.0,0.0,0.0,0.0,0.0,57.14015474993095,0.0,0.0,65.1647519204966,309.8860295543506,0.0,-0.02380839781247123,0.0,0.0,-126.70978035955568,28.570077374965475,0.0,28.570077374965475,-3.066521638246968,0.0,0.0,0.0,522.9220892368452,786.7355082112222,0.0,0.0,-281.1537026744878,0.0,0.0,0.0,0.0,0.0,0.0,0.0,0.0,0.0,0.0,0.0,0.0,0.0,0.0,0.0,0.0,0.0,0.0,-1000.0,0.0,0.0,28.570077374965475,0.0,29.52241328746432,19.49707797860185,0.0,630.2964229925411,-630.2964229925411,0.0,0.0,-646.1464323698361,0.0,0.0,286.0672303596854,0.0,0.0,0.0,0.0,0.0,7.332986526241138,0.09523359124988492,0.0,0.0,0.0,0.0,-729.9314799651734,0.0,0.0,0.0,0.0,506.87367334021184,0.0,0.0,0.0,0.0,0.0,-253.94401099405823,-253.94401099405823,0.0,0.0,0.0,0.0,-801.472663710886,0.0,0.0,-253.84877740280834,0.0,0.0,0.0,-563.2480859607967,0.0,0.0,0.0,0.0,0.0,0.0,0.0,0.0,0.0,0.0,-358.22755978349255,0.0,0.0,0.0,0.0,-1000.0,0.0,0.0,0.0,0.0,0.0,346.11703243870124,952.9627930511748,-309.8860295543506,309.8860295543506,0.0,0.0,0.0,0.0,0.0,0.0,0.0,0.0,-11.904198906235614,0.0,0.0,0.0,0.0,0.0,0.0,0.0,0.0,0.0,0.0,0.0,0.0,0.0,635.7781726824796,-231.9750835348727,-1000.0,0.0,0.0,0.0,360.0792020101507,456.1286772548285,0.0,0.0,0.0,0.0,111.63949573397683,-838.0594331955077,0.0,0.0,239.92938212358467,0.0,0.0,0.0,0.0,0.0,0.0,0.0,0.0,0.0,-619.7720591087012,0.0,-31.45678584507624,0.0,1000.0,0.0,0.0,360.0792020101507,-491.9974310779748,0.0,0.0,0.0,43.43415677783264,0.0,0.0,-937.7038448707366,-817.3851897884891,-817.3851897884891,-120.31865508224742,0.0,0.0,0.0,0.0,0.0,346.11703243870124,0.0,-151.43280171044591,0.0,0.0,0.0,0.0,0.0,0.0,0.0,-254.0392445853081,0.0,360.0792020101507,1000.0,0.0,0.0,0.0,111.63949573397683,-0.14285038687482737,0.0,0.0,0.0,0.0,0.09523359124988492,0.0,0.0,0.0,515.3012453702061,0.0,0.0,-187.4358017829919,972.5170583761974,0.0,1000.0,0.0,454.80828676071513,0.0,-281.1537026744878,0.0,0.0,0.0,74.23076568657523,470.9609475527096,-1000.0,-1000.0,-1000.0,0.0,0.0,0.0,0.0,0.0,0.0,0.0,0.0,0.0,0.0,0.0,0.0,0.0,0.0,0.0,0.0,239.92938212358467,-775.0299611642082,0.0,-1000.0,0.0,0.0,0.0,0.0,0.0,0.0,-7.332986526241138,0.0,0.0,0.0,0.0,518.160409674351,-562.0289733938478,0.0,0.0,-922.7139620389363,0.0,0.0,397.8587650974629,1000.0,-210.66240851116058,0.0,-263.8418843996697,1000.0,920.3331222576892,-402.6204446599571,-518.2064971148637,0.0,-768.3842800934424,0.0,-13.675958239284228,28.570077374965475,0.0,0.0,0.0,1000.0,0.0,224.44308940791882,0.0,-635.7781726824796,635.7781726824796,635.7781726824796,-577.6846117744517,0.0,0.0,0.0,0.0,0.0,0.0,0.0,0.0,-136.80021054219702,0.0,171.87500000000537,0.0,0.0,0.0,0.0,0.0,-990.4766408750115,0.19046718250001504,0.0,0.0,0.0,0.0,0.0,0.0,0.0,0.0,0.0,0.0,0.0,0.0,0.0,0.0,0.0,0.0,0.0,0.0,0.0,0.10475695037507649,0.10475695037507649,0.0,126.60339692020483,0.0,57.14015474993095,0.0,0.0,0.0,1000.0,0.0,193.88164703491873,0.0,0.0,0.0,1000.0,-1000.0,0.0,0.0,671.9005114782628,0.0,0.0,0.0,0.0,0.0,0.0,0.0,0.0,0.0,0.0,333.3333333333333,-515.3012453702061,729.9314799651734,0.0,304.67388100286917,0.0,0.0,-126.70978035955568,-582.8384576143842,0.0,1000.0,0.0,0.0,9.523359124988492,0.0,0.0,635.7781726824796,0.0,0.0,0.0,0.0,0.0,0.0,0.0,0.0,0.0,0.0,0.0,0.0,0.0,57.14015474993095,360.0792020101507,360.0792020101507,0.0,0.0,0.0,0.0,0.0,0.0,0.0,0.0,0.0,0.0,0.9523359124988492,0.0,0.0,0.0,0.0,0.0,952.9627930511748,0.0,0.0,28.570077374965475,-671.9005114782628,0.0,0.0,297.340894476628,0.0,0.0,0.0,0.0,0.0,0.0,-482.28360477048653,948.0366570226232,0.0,28.570077374965475,28.570077374965475,1000.0,-1000.0,0.0,0.0,0.0,0.0,0.0,0.0,0.0,-303.8732955514922,0.0,0.0,0.09523359124988492,0.0,0.0,0.0,47.781250129815646,839.7915961989625,0.0,126.70978035955568,0.0,0.0,0.0,0.0,0.0,0.0,0.0,0.0,0.0,0.0,0.0,0.0,0.0,0.0,0.09523359124988492,0.0,0.0,0.0,0.0,0.0,0.0,0.0,0.0,0.0,0.0,767.6969746379671,0.0,0.0,-1000.0,-7.142519343741369,-4.761679562494244,0.0,0.0,0.0,0.0,0.0,0.0,0.0,0.0,0.0,0.0,0.0,0.0,360.0792020101507,0.0,0.0,0.0,-777.2985587702324,0.0,0.0,0.0,224.34785581666893,0.0,0.0,0.09523359124988492,0.0,0.09523359124988492,0.0,0.0,0.0,57.14015474993095,116.1849813248596,116.1849813248596,0.0,0.0,0.0,0.0,0.0,0.0,0.0,729.9314799651734,0.0,0.0,0.0,0.0,0.0,82.43037789319052,0.0,0.0,0.0,0.0,0.0,0.0,0.0,0.0,0.0,0.0,0.0,0.0,0.0,456.1286772548285,0.0,-81.76739008919,81.76739008919,0.14285038687482737,0.0,0.0,0.0,-28.570077374965475,0.0,0.0,0.0,0.0,0.0,-126.60339692020483,4.761679562494246,0.0,0.0,0.0,0.0,801.472663710886,232.30302536203294,0.0,0.0,171.87500000000537,0.0,0.0,0.0,0.0,0.0,360.0792020101507,0.0,671.9005114782628,0.0,-509.1747757622748,0.0,1000.0,558.6378935244747,775.0299611642082,224.9700388357918,0.0,-1000.0,0.0,-608.1824124028344,0.0,4.761679562494244,757.9025453458696,0.0,0.0,0.0,-136.80021054219702,0.0,0.0,0.0,0.0,0.0,0.0,0.0,0.0,0.0,491.97347604743874,-148.0309549514289,116.1849813248596,0.0,0.0,0.0,0.0,0.0,0.0,0.0,0.0,0.0,0.0,0.0,0.0,0.0,-47.781250129815646,-861.0836159558534,0.0,28.570077374965475,0.0,0.0,0.0,0.0,-355.8518889908854,0.0,0.0,0.10475695037507649,0.0,0.0,0.0,58.092490662429796,0.0,0.0,0.0,0.0,-231.9750835348727,0.0,0.0,0.0,0.0,0.0,0.0,0.0,0.0,-1000.0,0.0,0.009523359124988492,0.009523359124988492,0.0,0.0,0.0,0.0,0.0,0.0,0.0,0.0,0.0,0.0,0.0,0.0,0.0,0.0,0.0,126.60339692020483,0.0,0.0,0.0,0.0,0.0,0.0,0.0,346.11703243870124,0.0,0.0,0.0,0.0,165.27886637588097,0.0,636.3008986765218,0.0,0.0,0.0,57.14015474993095,0.0,0.0,0.0,0.0,0.0,942.859845250069,-1000.0,0.0,0.0,0.0,0.0,0.0,0.0,0.0,0.0,0.0,0.0,0.0,0.0,0.0,-517.13778734027,147.66538789936172,0.0,-28.570077374965475,0.0,224.58910447079222,0.0,0.0,0.0,0.0,0.0,0.0,0.0,0.0,0.0,0.0,0.0,0.0,0.0,0.0,0.0,0.0,0.0,-11.904198906235614,360.0792020101507,-525.3029290180923,223.31881350087812,0.0,0.0,0.0,0.0,0.0,608.8778456803043,-610.0682655709279,136.80021054219702,0.0,0.0,0.0,0.0,0.0,0.0,0.0,1000.0,28.570077374965475,28.570077374965475,0.0,0.0,0.0,0.0,0.0,0.10475695037507649,126.60339692020483,0.0,0.0,-224.58910447079222,0.0,0.0,0.0,0.0,0.0,0.0,0.0,0.0,0.0,0.0,0.0,0.0,0.0,0.0,40.883695044595,0.0,0.0,19.49707797860185,0.0,99.99527081237916,7.332986526241138,0.0,0.0,0.0,0.0,0.0,126.60339692020483,0.0,-240.1312265627741,0.0,0.0,0.0,-11.904198906235614,0.0,0.0,0.0,0.0,0.0,0.0,0.0,0.0,0.0,0.0,0.0,0.0,0.0,0.0,0.0,0.0,0.0,0.0,-0.09523359124988492,0.0,0.0,4.761679562494246,-1000.0,0.0,0.0,0.0,0.0,360.0792020101507,0.0,0.0,0.0,-74.23076568657523,2.380839781247123,0.0,0.0,0.0,0.09523359124988492,0.0,95.23359124988491,-10.02533530886248,19.046718249976983,0.680239937499178,304.6958755443826,-0.07142519343741369,263.8418843996697,1.9046718249976984,-0.4761679562494603,-304.6958755443826,28.570077374965475,-0.09523359124988492,93.71790089149594,0.0,0.02380839781247123,0.680239937499178,-281.1537026744878,-15.161187726982291,-1.9046718249976984,-588.3152732636249,-0.09523359124988492,0.02380839781247123,-304.6958755443826,9.523359124988492,0.09523359124988492,0.09523359124988492,-126.40340637857987,0.10475695037487341,0.0,-0.07142519343741369,28.570077374965475,0.09523359124988492,28.570077374965475,-47.616795624942455,-0.04761679562494246,55.4337320087638,-465.7472699710669,-0.07142519343741369,-0.09523359124988492,-10.02533530886248,0.09523359124988492,9.523359124988492,-1.9046718249976984,456.1286772548285,456.1286772548285,-9.523359124988492,588.3152732636249,-456.1286772548285,19.046718249976983,0.14285038687482737,-1000.0,9.523359124988492,-333.3333333333333,0.0,-19.046718249976983,0.04761679562494246,0.9523359124988492,46.85895044574797,-490.1280575122978,-0.09523359124988492,-148.0309549514289,126.40340637857987,29.52241328746432,0.09523359124988492,15.161187726982291,-114.28030949986169,0.0,-0.09523359124988492,-0.02380839781247123,0.0,-0.09523359124988492,-990.4766408750115,0.09523359124988492,-0.02380839781247123,-0.02380839781247123,-0.02380839781247123,38.09343649995397,47.616795624942455,0.9523359124988492,380.37079127817356,-0.02380839781247123,0.0,4.761679562494246,500.0,0.09523359124988492,0.04761679562494246,0.04761679562494246,-170.51624188008685,10.02533530886248,0.09523359124988492,-10.02533530886248,0.9523359124988492,0.09523359124988492,-1000.0,0.09523359124988492,0.38093436499957534,0.4761679562494603,0.04761679562494246,0.02380839781247123,28.570077374965475,-0.09523359124988492,0.0,0.9523359124988492,-760.7415825563471,261.4610446184226,-9.523359124988492,19.046718249976983,4.761679562494246,-0.09523359124988492,281.1537026744878,0.14285038687482737,-0.09523359124988492,341.0324837601737,10.02533530886248,622.4816080531243,0.04761679562494246,-1000.0,-0.09523359124988492,-0.09523359124988492,-0.09523359124988492,0.04761679562494246,304.6958755443826,-19.046718249976983,0.09523359124988492,93.71790089149594,-0.02380839781247123,-0.10475695037487341,-93.71790089149594,14.285038687482736,465.7472699710669,117.73584024299021,304.6958755443826,-0.07142519343741369,148.0309549514289,490.1280575122978,0.09523359124988492,-0.023808397812471224,4.761679562494244,95.23359124988491,-0.04761679562494246,-0.09523359124988492,0.02380839781247123,937.1387000529276,0.0,999.9523832043751,619.6292087218264,1000.0,0.0,1000.0,144.91087048492528,0.0,-569.3436219918759,-1000.0,-289.11523828480364,0.0,284.67181099593796,-500.0,500.0,0.0,-72.45543524246264,-126.60339692020483,-266.6297190622389,0.0,289.11523828480364,-266.6297190622389,-1000.0,552.3784751874366,0.0,1496.5981,bhi
381,0.0,0.0,0.0,0.0,0.0,0.0,0.0,0.0,168.51162321193954,0.0,0.0,0.0,0.0,0.0,0.0,0.0,197.9637401349349,-548.8536104223305,0.0,0.0,0.0,0.0,0.0,453.22887259344986,0.0,0.0,0.0,0.0,0.0,-173.24967048055106,0.0,0.0,106.82451743248038,0.0,0.0,0.0,0.0,328.7989744128363,0.0,-1000.0,747.6251231448673,0.0,0.0,148.868992552479,0.0,0.0,0.0,0.0,0.0,0.0,0.0,862.2979253107314,0.0,0.10028180029191563,0.0,0.0,0.0,18.23305459851372,0.0,0.0,72.20994281154756,0.0,0.0,-168.50575074773246,0.0,0.0,0.0,0.0,462.04855916964584,-462.04855916964584,0.0,0.9116527299256861,0.0,0.0,0.0,0.0,0.0,0.0,0.0,0.0,0.0,0.0,0.0,0.0,54.69916379554117,0.0,0.0,587.8711200995663,-76.59981298571918,802.1730077745539,-0.02279131824814215,0.0,0.0,0.0,27.349581897770584,0.0,252.37487685513267,0.0,0.0,0.0,0.0,4.55826364962843,-173.24967048055106,0.0,0.0,-201.4979411590831,0.0,0.0,0.0,0.0,0.0,0.0,0.0,0.0,0.0,0.0,0.0,0.0,0.0,0.0,0.0,0.0,0.0,0.0,-680.3534725004397,0.0,0.0,252.37487685513267,0.0,28.26123462769627,0.0,0.0,-1000.0,1000.0,0.0,0.0,-1000.0,0.0,0.0,759.28430644072,0.0,0.0,0.0,0.0,0.0,7.019726020427779,0.0911652729925686,0.0,0.0,0.0,-881.5327332701279,172.05527130442073,0.0,0.0,0.0,0.0,406.4624093410154,0.0,0.0,0.0,0.0,0.0,999.9088347270074,999.9088347270074,0.0,0.0,0.0,0.0,-110.49164087047541,0.0,0.0,1000.0,0.0,0.0,0.0,-86.48524145771648,0.0,0.0,0.0,0.0,0.0,0.0,0.0,0.0,0.0,0.0,-425.0036170760286,0.0,0.0,0.0,0.0,-793.4432794103492,0.0,0.0,0.0,0.0,0.0,0.0,-862.2979253107314,274.42680521116523,-274.42680521116523,240.71569355928,0.0,0.0,0.0,0.0,0.0,0.0,0.0,-11.39565912407108,0.0,0.0,0.0,0.0,0.0,0.0,0.0,0.0,0.0,0.0,0.0,0.0,0.0,0.0,665.680973935154,837.5838556563476,0.0,0.0,0.0,0.0,82.66954759434958,0.0,0.0,0.0,0.0,72.20994281154756,688.7148631038687,0.0,0.0,185.7201615279845,0.0,0.0,0.0,0.0,0.0,2.9355217903616406,0.0,225.0252949573621,0.0,1000.0,648.9733818031157,0.0,0.0,-837.5838556563476,0.0,0.0,240.71569355928,0.0,0.0,0.0,0.0,-89.42650461619462,0.0,0.0,900.6394958675259,705.7213379665171,1000.0,900.639495867526,-705.7213379665171,1000.0,197.82699222544613,0.0,0.0,0.0,0.0,-69.03412950436316,0.0,0.0,0.0,0.0,0.0,0.0,0.0,1000.0,0.0,0.0,0.0,0.0,0.0,0.0,72.20994281154756,-0.1367479094888529,0.0,0.0,0.0,0.0,0.0911652729925686,0.0,0.0,0.0,214.74763961122525,197.9637401349349,0.0,-134.33196077272206,-788.8140205738312,0.0,1000.0,0.0,1000.0,0.0,-201.4979411590831,0.0,0.0,0.0,529.6229395566479,-529.6229395566479,-1000.0,-56.47225732232958,-1000.0,0.0,0.0,0.0,0.0,0.0,0.0,0.0,0.0,0.0,0.0,0.0,0.0,0.0,0.0,0.0,0.0,185.7201615279845,8.17880940705458,0.0,-991.8211905929454,0.0,670.8363644951933,0.0,0.0,0.0,0.0,-9.955247810789501,0.0,0.0,0.0,648.5934196444019,0.0,0.0,0.0,0.0,-425.73524960952363,67.57438038700208,-59.73446650626296,-270.89661327525357,643.6696866242672,-952.489415914471,0.0,-4.558263649628431,0.0,423.4561177847094,266.33834962562514,0.0,0.0,-540.6888145637295,441.73546297012183,0.0,252.37487685513267,0.0,0.0,0.0,0.0,0.0,168.6027884849321,0.0,0.0,0.0,0.0,-770.4898007023248,0.0,0.0,-0.1823305459851372,0.0,0.0,0.0,0.0,0.0,-96.2958079361849,0.0,0.0,0.0,0.0,0.0,0.0,0.0,-296.1713648856858,0.18233054598567833,0.0,0.0,0.0,0.0,0.0,0.0,0.0,0.0,0.0,0.0,0.0,0.0,0.0,0.0,0.0,0.0,0.0,0.0,0.0,0.10028180029191563,0.10028180029191563,0.0,262.97392763137447,0.0,54.69916379554117,0.0,257.56783148884546,0.0,-595.4224750873423,0.0,0.0,0.0,0.0,0.0,-530.7558129444654,595.4224750873423,0.0,0.0,0.0,0.0,0.0,0.0,0.0,0.0,0.0,0.0,0.0,0.0,0.0,226.7844908334799,-214.74763961122525,709.4774619657071,0.0,7.019726020427779,0.0,0.0,0.0,-323.3852411536296,0.0,-530.7558129444654,0.0,173.07282216984873,-1000.0,0.0,0.0,0.0,0.0,0.0,0.0,0.0,0.0,0.0,0.0,0.0,0.0,0.0,0.0,0.0,0.0,54.69916379554117,240.71569355928,240.71569355928,0.0,0.0,0.0,0.0,0.0,0.0,0.0,0.0,0.0,0.0,0.9116527299256861,0.0,0.0,0.0,0.0,0.0,-862.2979253107314,0.0,0.0,252.37487685513267,0.0,0.0,0.0,0.0,0.0,0.0,0.0,0.0,0.0,0.0,1000.0,1000.0,0.0,27.349581897770584,27.349581897770584,1000.0,595.4224750873423,0.0,0.0,0.0,0.0,0.0,0.0,0.0,-770.2780721971194,0.0,-679.7120016685177,0.0911652729925686,0.0,0.0,0.0,120.39676659711436,0.0,0.0,0.0,0.0,0.0,0.0,0.0,0.0,0.0,0.0,0.0,0.0,0.0,0.0,0.0,0.0,0.0,0.0911652729925686,0.0,0.0,0.0,0.0,0.0,0.0,0.0,0.0,670.8363644951933,0.0,735.8954208609962,0.0,-745.8506686717857,-1000.0,-6.837395474442647,0.0,-4.558263649628434,0.0,0.0,0.0,0.0,0.0,0.0,0.0,0.0,0.0,0.0,0.0,240.71569355928,0.0,0.0,0.0,-536.1305509141011,0.0,0.0,0.0,168.51162321193954,0.0,0.0,0.0911652729925686,0.0,0.0911652729925686,0.0,0.0,0.0,54.69916379554117,111.22163305093372,111.22163305093372,0.0,0.0,0.0,0.0,0.0,0.0,0.0,709.4774619657071,0.0,0.0,0.0,0.0,537.4722695613082,0.0,0.0,0.0,0.0,0.0,0.0,0.0,0.0,0.0,0.0,0.0,0.0,0.0,0.0,323.3852411536296,0.0,0.0,0.0,0.1367479094888529,0.0,0.0,0.0,-252.37487685513267,0.0,0.0,0.0,0.0,0.0,-262.97392763137447,4.55826364962843,0.0,0.0,0.0,0.0,110.49164087047541,-895.4818895962236,-4.558263649628434,0.0,0.0,0.0,0.0,0.0,0.0,0.0,240.71569355928,0.0,0.0,0.0,262.9739276313745,0.0,1000.0,-201.4979411590831,0.0,-905.4371374070131,745.8506686717857,159.5864687352274,0.0,-111.22163305093372,257.56783148884546,4.558263649628434,1000.0,0.0,0.0,0.0,-96.2958079361849,-763.0949150934471,763.0949150934471,-421.875000000356,421.875000000356,0.0,0.0,0.0,0.0,0.0,694.8149401818457,-283.4861140547022,111.22163305093372,0.0,0.0,0.0,0.0,0.0,0.0,0.0,0.0,0.0,2.9355217903616406,0.0,0.0,0.0,-120.39676659711436,73.00840139462966,0.0,27.349581897770584,0.0,0.0,0.0,0.0,-176.35969319550867,0.0,0.0,0.10028180029191563,0.0,0.0,0.0,55.61081652546685,0.0,0.0,0.0,0.0,665.680973935154,0.0,0.0,0.0,0.0,0.0,0.0,0.0,0.0,-917.3304524056505,0.0,0.009116527299256862,0.009116527299256862,0.0,0.0,0.0,0.0,0.0,0.0,0.0,0.0,0.0,0.0,0.0,0.0,0.0,0.0,0.0,262.97392763137447,0.0,0.0,0.0,0.0,0.0,0.0,0.0,0.0,0.0,0.0,0.0,0.0,0.0,-466.3704450408616,-548.8536104223305,0.0,0.0,0.0,54.69916379554117,0.0,0.0,0.0,0.0,0.0,0.0,-54.69916379554117,0.0,0.0,0.0,0.0,0.0,0.0,0.0,0.0,0.0,0.0,0.0,0.0,679.7120016685177,-1000.0,599.9204815612177,276.05419079185407,-528.4290676469867,0.0,999.6353389080296,0.0,0.0,0.0,0.0,0.0,0.0,0.0,0.0,0.0,164.06250000000003,0.0,-164.0625,-164.0625,0.0,0.0,0.0,257.56783148884546,-11.39565912407108,240.71569355928,-6.837395474442647,814.120988141568,0.0,0.0,0.0,0.0,0.0,733.8861388180765,-735.0257047304835,96.2958079361849,0.0,0.0,0.0,0.0,0.0,0.0,0.0,1000.0,27.349581897770584,27.349581897770584,0.0,0.0,0.0,0.0,0.0,0.10028180029191563,262.97392763137447,0.0,0.0,-999.6353389080296,0.0,0.0,0.0,0.0,0.0,0.0,0.0,0.0,0.0,0.0,0.0,0.0,0.0,0.0,0.0,0.0,0.0,0.0,0.0,95.72353664219705,7.019726020427779,0.0,0.0,0.0,0.0,0.0,262.97392763137447,0.0,895.4818895962236,0.0,0.0,0.0,-11.39565912407108,0.0,0.0,0.0,0.0,0.0,0.0,0.0,0.0,0.0,0.0,0.0,0.0,0.0,0.0,0.0,0.0,0.0,0.0,-0.0911652729925686,0.0,0.0,4.55826364962843,530.7558129444654,0.0,0.0,0.0,0.0,240.71569355928,0.0,0.0,0.0,-529.6229395566479,2.2791318248142165,0.0,0.0,0.0,0.0911652729925686,0.0,91.1652729925686,-28.26123462769627,18.23305459851372,0.6511805213754901,254.35111164926641,-0.06837395474442645,4.558263649628431,1.8233054598513723,-0.45582636496301576,-254.35111164926641,27.349581897770584,-0.0911652729925686,67.16598038636103,0.0,0.02279131824814215,0.6511805213754901,-201.4979411590831,-14.513511460417934,-1.8233054598513723,350.8898702873955,-0.0911652729925686,0.02279131824814215,-254.35111164926641,9.11652729925686,0.0911652729925686,0.0911652729925686,-262.78248055809,0.10028180029182546,0.0,-0.06837395474442645,27.349581897770584,0.0911652729925686,252.37487685513264,179.44265846107777,-0.0455826364962843,-3.4665270228492204,-91.87724016659901,-0.06837395474442645,-0.0911652729925685,-28.26123462769627,0.0911652729925686,9.11652729925686,-1.8233054598513723,323.3852411536296,323.3852411536296,-9.11652729925686,-350.8898702873955,-323.3852411536296,18.23305459851372,0.1367479094888529,-567.386718908627,9.11652729925686,-226.7844908334799,0.0,-18.23305459851372,0.0455826364962843,0.9116527299256861,33.582990193180514,281.20698222988824,-0.0911652729925686,-283.4861140547022,262.78248055809,28.26123462769627,0.0911652729925686,14.513511460417934,-334.4236225484443,0.0,-0.0911652729925686,-0.02279131824814215,0.0,-0.0911652729925686,-296.1713648856858,0.0911652729924981,-0.02279131824814215,-0.02279131824814215,-0.02279131824814215,36.46610919702744,-179.44265846107777,0.9116527299256861,67.54207162837042,-0.02279131824814215,0.0,4.55826364962843,152.64394609247134,0.0911652729925686,0.0455826364962843,0.0455826364962843,9.11652729925686,28.26123462769627,0.0911652729925686,-28.26123462769627,0.9116527299256861,0.0911652729925686,-67.54207162837042,0.0911652729925686,0.36466109197044716,0.45582636496301576,0.0455826364962843,0.02279131824814215,27.349581897770584,-0.0911652729925686,0.0,0.9116527299256861,-135.08414325674084,2.279131824814216,-9.11652729925686,18.23305459851372,4.55826364962843,-0.0911652729925686,201.4979411590831,0.1367479094888529,-0.0911652729925686,-18.23305459851372,28.26123462769627,596.0266821604052,0.0455826364962843,-305.2878921849427,-0.0911652729925686,-0.0911652729924981,-0.0911652729925686,0.04558263649628425,254.35111164926641,-18.23305459851372,0.0911652729925686,67.16598038636103,-0.02279131824814215,-0.10028180029182546,-67.16598038636103,13.67479094888529,91.87724016659901,215.79728494459812,254.35111164926641,-0.06837395474442645,283.4861140547022,-281.20698222988824,0.0911652729925686,-0.02279131824814215,653.1516832940304,91.1652729925686,-0.0455826364962843,-0.0911652729925686,0.02279131824814215,438.18764290780587,0.0,-432.6588637278693,0.0,-978.5990635265143,0.0,88.36067448780602,-310.3372111246993,0.0,1000.0,953.7546872628942,-308.7555926328066,-1000.0,-500.0,489.29953176325716,-476.8773436314471,0.0,155.16860556234965,-262.97392763137447,-419.66698896489663,1000.0,308.7555926328066,-419.6669889648966,-88.36067448780602,206.83388486849674,0.0,1496.5981,bhi
382,0.0,0.0,0.0,0.0,0.0,0.0,0.0,0.0,-0.09498419838737172,0.0,0.0,0.0,0.0,0.0,0.0,0.0,407.3303409830753,633.7629492333431,0.0,-384.14441667597237,0.0,0.0,0.0,706.6105650605815,0.0,0.0,0.0,0.0,0.0,-135.2442172197096,0.0,0.0,838.276540459953,0.0,0.0,0.0,0.0,-216.80068359090419,0.0,-1000.0,580.2708487410305,0.0,0.0,0.0,0.0,0.0,0.0,0.0,-272.08612376336566,-129.28783719661044,0.0,0.0,0.0,0.10448261822625682,0.0,0.0,0.0,18.996839677474345,0.0,0.0,191.80084257534855,0.0,0.0,-408.6965103646401,0.0,0.0,0.0,0.0,0.0,0.0,0.0,0.9498419838737173,0.0,0.0,0.0,0.0,0.0,0.0,0.0,0.0,0.0,0.0,0.0,0.0,56.99051903242304,0.0,0.0,-426.1474638162892,-893.7177383361618,1000.0,-0.02374604959684293,0.0,0.0,119.47838593599002,28.49525951621152,0.0,419.7291512589696,0.0,0.0,0.0,0.0,4.749209919368586,-306.5575440783186,0.0,0.0,-171.7800491838613,0.0,0.0,0.0,0.0,0.0,0.0,0.0,0.0,0.0,0.0,0.0,0.0,0.0,0.0,0.0,0.0,0.0,0.0,-257.0419720772569,0.0,0.0,419.7291512589696,0.0,29.445101500085233,29.445101500085233,0.0,0.0,0.0,0.0,0.0,-480.3406208440881,0.0,0.0,-120.15673209590057,0.0,0.0,0.0,0.0,0.0,7.3137832758276184,0.09498419838735117,0.0,0.0,0.0,0.0,-109.14377692183194,0.0,0.0,0.0,0.0,1000.0,0.0,0.0,0.0,0.0,0.0,999.9050158016126,999.9050158016126,0.0,0.0,0.0,0.0,0.0,0.0,0.0,1000.0,0.0,0.0,0.0,-1000.0,-228.9335272316431,0.0,0.0,0.0,0.0,0.0,0.0,0.0,0.0,0.0,0.0,0.0,0.0,0.0,0.0,-1000.0,0.0,0.0,0.0,0.0,0.0,129.28783719661044,0.0,-106.2822616638382,106.2822616638382,600.4973529399887,0.0,0.0,0.0,0.0,0.0,0.0,171.31332685860897,-366.926893624562,0.0,0.0,0.0,0.0,0.0,0.0,0.0,0.0,0.0,0.0,0.0,0.0,0.0,0.0,-461.62865198046137,0.0,0.0,0.0,0.0,0.0,-486.2913710000153,0.0,0.0,0.0,0.0,191.80084257534855,0.0,0.0,0.0,0.0,0.0,0.0,0.0,0.0,0.0,958.0024285506528,0.0,391.23389174275803,0.0,787.4354766723236,0.0,-804.515849243493,0.0,0.0,0.0,0.0,600.4973529399887,-716.2989532960934,0.0,0.0,0.0,-230.75135327180266,0.0,0.0,-100.0849022732034,0.0,899.9150977267966,-1000.0,899.9150977267966,0.0,-1000.0,0.0,841.5698584731874,129.28783719661044,0.0,209.69013456096428,0.0,0.0,0.0,-1000.0,0.0,1000.0,0.0,999.8100316032253,0.0,0.0,250.72953627640513,0.0,0.0,0.0,191.80084257534855,-0.1424762975810576,0.0,0.0,0.0,0.0,0.09498419838737172,0.0,0.0,0.0,-491.93756174959566,407.3303409830753,0.0,-114.52003278924087,39.2415420466236,228.9335272316431,1000.0,0.0,-844.1663058546205,0.0,-171.7800491838613,0.0,0.0,0.0,-8.178139481152852,0.0,852.3444453357733,0.0,-503.5292898320351,0.0,0.0,0.0,0.0,0.0,0.0,0.0,0.0,0.0,0.0,0.0,0.0,0.0,0.0,0.0,0.0,0.0,379.04128852104697,0.0,595.4620353184016,0.0,0.0,954.9439373625802,0.0,0.0,0.0,-965.3162118264804,0.0,0.0,0.0,41.15601332944316,0.0,0.0,0.0,-4.749209919368586,0.0,0.0,579.2825571895304,0.0,-403.88316010946994,-617.5135216843425,0.0,0.0,1000.0,-2.374604959684293,-4.749209919368586,-1000.0,0.0,411.0069749885228,1000.0,-942.7721958277134,419.7291512589696,0.0,0.0,0.0,0.0,0.0,0.0,0.0,0.0,0.0,0.0,-831.4980557146761,0.0,0.0,0.0,0.0,0.0,171.31332685860897,0.0,0.0,-216.89566778929156,0.0,0.0,0.0,0.0,0.0,0.0,0.0,-990.5015801612628,0.18996839677480687,0.0,0.0,0.0,0.0,0.0,0.0,0.0,0.0,0.0,0.0,0.0,0.0,0.0,0.0,0.0,0.0,0.0,0.0,0.0,0.10448261822625682,0.10448261822625682,0.0,193.40087237545447,0.0,56.99051903242304,0.0,0.0,0.0,1000.0,0.0,196.62955119905496,0.0,0.0,0.0,1000.0,-1000.0,0.0,0.0,0.0,0.0,0.0,0.0,0.0,0.0,0.0,0.0,0.0,0.0,0.0,85.68065735908563,491.93756174959566,109.14377692183194,0.0,138.91388195726665,0.0,0.0,119.47838593599002,5.272403996016678,0.0,1000.0,0.0,1000.0,-990.5015801612628,0.0,0.0,0.0,0.0,0.0,0.0,0.0,0.0,0.0,0.0,0.0,0.0,0.0,0.0,0.0,0.0,56.99051903242304,600.4973529399887,600.4973529399887,0.0,0.0,0.0,0.0,0.0,0.0,0.0,0.0,0.0,0.0,0.9498419838737173,0.0,0.0,0.0,0.0,0.0,0.0,0.0,0.0,419.7291512589696,0.0,0.0,0.0,131.60009868143902,0.0,0.0,0.0,0.0,0.0,0.0,0.0,-924.885133458734,0.0,28.49525951621152,28.49525951621152,1000.0,-1000.0,0.0,0.0,0.0,0.0,0.0,0.0,0.0,-693.4424559216814,171.31332685860897,-503.5292898320351,0.09498419838735117,0.0,0.0,-536.2705484598142,543.9303456011959,794.708883080845,0.0,-119.47838593599002,0.0,0.0,0.0,0.0,0.0,0.0,0.0,0.0,0.0,0.0,0.0,0.0,0.0,0.0,0.09498419838735117,0.0,0.0,0.0,-908.099795871442,908.099795871442,0.0,0.0,0.0,0.0,0.0,206.04847233345458,0.0,0.0,0.0,-7.12381487905288,-4.749209919368586,0.0,0.0,0.0,0.0,0.0,0.0,0.0,0.0,0.0,0.0,0.0,0.0,600.4973529399887,228.9335272316431,0.0,0.0,-527.016010919822,0.0,0.0,0.0,-0.09498419838737172,0.0,0.0,0.09498419838737172,0.0,0.09498419838735117,0.0,0.0,0.0,56.99051903242304,115.88072203259351,115.88072203259351,0.0,0.0,0.0,0.0,0.0,0.0,0.0,109.14377692183194,0.0,171.31332685860897,0.0,0.0,0.0,0.0,0.0,0.0,0.0,0.0,0.0,0.0,0.0,0.0,0.0,0.0,0.0,0.0,0.0,114.20598193997334,0.0,0.0,0.0,0.1424762975810576,0.0,0.0,0.0,-419.7291512589696,0.0,0.0,0.0,0.0,0.0,-193.40087237545447,4.749209919368586,0.0,0.0,0.0,0.0,0.0,116.87549363458483,0.0,0.0,0.0,0.0,0.0,0.0,0.0,0.0,600.4973529399887,0.0,0.0,-438.5937624587187,193.40087237545447,0.0,644.9461311738595,622.9288338969837,216.42074679735458,-848.4407181918954,0.0,632.0199713945408,0.0,-832.1796753286869,0.0,4.749209919368586,1000.0,0.0,559.6558871339695,0.0,-216.89566778929156,0.0,0.0,0.0,0.0,0.0,0.0,0.0,0.0,0.0,-7.123814879053157,-7.123814879052877,115.88072203259351,0.0,0.0,0.0,0.0,0.0,0.0,0.0,0.0,0.0,958.0024285506528,0.0,0.0,207.6485021335605,-7.65979714138162,-92.26771222596922,0.0,28.49525951621152,0.0,0.0,0.0,0.0,-361.6438315006981,0.0,0.0,0.10448261822625682,0.0,0.0,0.0,57.940361016296755,0.0,0.0,0.0,0.0,-461.62865198046137,0.0,0.0,0.0,0.0,0.0,0.0,0.0,0.0,0.0,0.0,0.009498419838737173,0.009498419838737173,0.0,0.0,0.0,0.0,0.0,0.0,0.0,0.0,0.0,-536.2705484598142,0.0,0.0,0.0,0.0,0.0,193.40087237545447,0.0,0.0,0.0,0.0,0.0,0.0,0.0,129.28783719661044,0.0,0.0,0.0,0.0,0.0,1000.0,633.7629492333431,0.0,0.0,0.0,56.99051903242304,0.0,0.0,0.0,0.0,0.0,653.993992573978,-710.9845116064009,0.0,0.0,0.0,0.0,0.0,0.0,0.0,0.0,0.0,0.0,0.0,0.0,1000.0,-1000.0,65.06417589534976,145.40450432825622,-565.1336555872258,0.0,-216.80068359090419,0.0,0.0,0.0,0.0,0.0,0.0,0.0,0.0,0.0,0.0,0.0,0.0,0.0,0.0,0.0,0.0,0.0,-11.873024798421465,600.4973529399887,-7.12381487905288,0.0,0.0,0.0,0.0,0.0,0.0,701.6584164542331,-702.8457189340753,216.89566778929156,0.0,0.0,0.0,0.0,0.0,0.0,0.0,1000.0,28.49525951621152,28.49525951621152,0.0,0.0,0.0,0.0,0.0,0.10448261822625682,193.40087237545447,0.0,0.0,216.80068359090419,0.0,0.0,0.0,0.0,0.0,0.0,0.0,0.0,0.0,0.0,0.0,0.0,0.0,0.0,0.0,0.0,0.0,29.445101500085233,0.0,99.73340830674032,7.3137832758276184,0.0,0.0,0.0,0.0,0.0,193.40087237545447,0.0,833.3192338086268,0.0,0.0,0.0,-11.873024798421465,0.0,0.0,0.0,0.0,0.0,0.0,0.0,0.0,0.0,0.0,0.0,0.0,0.0,0.0,0.0,0.0,0.0,0.0,-0.09498419838735117,0.0,0.0,4.749209919368586,-1000.0,0.0,0.0,0.0,0.0,600.4973529399887,0.0,0.0,0.0,8.178139481152852,2.374604959684293,0.0,0.0,0.0,0.09498419838737172,0.0,94.98419838737172,0.0,18.996839677474345,0.678458559909798,323.8961165009376,-0.0712381487905288,4.749209919368586,1.8996839677474346,-0.47492099193698323,-323.8961165009376,28.49525951621152,-0.0949841983873727,57.260016394620436,0.0,0.02374604959684293,0.678458559909798,-171.7800491838613,-15.12148438326858,-1.8996839677474346,-656.948873540446,-0.09498419838737172,0.02374604959684293,-323.8961165009376,9.498419838737172,0.09498419838737172,0.09498419838737172,-193.20140555884083,0.1044826182261089,-690.5091391726482,-0.0712381487905288,28.49525951621152,0.09498419838737172,419.7291512589696,343.7417925490722,-0.04749209919368586,34.06923754037083,476.69796696289075,-0.0712381487905288,-0.09498419838737172,0.0,0.09498419838737172,9.498419838737172,-1.8996839677474346,114.20598193997334,114.20598193997334,-9.498419838737172,656.948873540446,-114.20598193997334,18.996839677474345,0.1424762975810576,-1000.0,9.498419838737172,-85.68065735908563,0.0,-18.996839677474345,0.04749209919368586,0.9498419838737173,28.630008197310218,212.39771205292882,-0.09498419838737172,-214.77231701261337,193.20140555884083,29.445101500085233,0.09498419838737172,15.12148438326858,-505.2149298076041,0.0,-0.09498419838737172,-0.02374604959684293,0.0,-0.09498419838737172,-990.5015801612628,0.09498419838735117,-0.02374604959684293,-0.02374604959684293,-0.02374604959684293,37.99367935494869,-343.7417925490722,0.9498419838737173,380.2476119868294,-0.02374604959684293,0.0,4.749209919368586,500.0,0.09498419838737172,0.04749209919368586,0.04749209919368586,9.498419838737172,0.0,0.09498419838737172,0.0,0.9498419838737173,0.09498419838737172,-1000.0,0.09498419838737172,0.37993679354960364,0.47492099193698323,0.04749209919368586,0.02374604959684293,28.49525951621152,-0.09498419838737172,690.5091391726482,0.9498419838737173,-760.4952239736588,2.3746049596842935,-9.498419838737172,18.996839677474345,4.749209919368586,-0.09498419838737172,171.7800491838613,0.1424762975810576,-0.09498419838737172,-18.996839677474345,0.0,715.5098647211155,0.04749209919368586,-1000.0,-0.09498419838737172,-0.09498419838735117,-0.09498419838737172,0.04749209919368586,323.8961165009376,-18.996839677474345,0.09498419838737172,57.260016394620436,-0.02374604959684293,-0.1044826182261089,-57.260016394620436,14.247629758105758,-476.69796696289075,493.8103459362086,323.8961165009376,-0.0712381487905288,214.77231701261337,-212.39771205292882,0.09498419838737172,-0.023746049596842934,45.90522324881175,94.98419838737172,-0.04749209919368586,-0.09498419838737172,0.02374604959684293,771.1257747564532,0.0,999.9525079008063,619.7523880131706,745.266115440947,0.0,269.00299287580503,-217.4468573473304,0.0,-244.88529046330194,189.57238214021797,-554.7991939295018,0.0,122.44264523165097,-372.6330577204735,-94.78619107010898,0.0,108.7234286736652,-193.40087237545447,-353.8660332204173,0.0,554.7991939295018,-353.8660332204173,-269.00299287580503,382.359751422336,0.0,1496.5981,bhi
383,0.0,0.0,0.0,0.0,0.0,0.0,0.0,0.0,632.476558301463,0.0,0.0,0.0,0.0,0.0,0.0,0.0,70.62078920842566,0.0,0.0,306.16683731476496,0.0,0.0,0.0,547.8281535358007,0.0,0.0,0.0,0.0,0.0,-288.9411388780726,0.0,0.0,887.4445610653407,0.0,0.0,0.0,0.0,104.74791194764533,0.0,-1000.0,1000.0,0.0,0.0,-119.67565184037744,0.0,0.0,0.0,0.0,0.0,0.0,0.0,662.0039984899756,0.0,0.11343265798987508,0.0,0.0,0.0,0.0,0.0,0.0,121.10128126149763,0.0,570.5314433808651,301.08441882067376,0.0,0.0,0.0,0.0,153.3518566950645,-153.3518566950645,0.0,1.031205981725876,0.0,0.0,0.0,0.0,0.0,0.0,0.0,0.0,0.0,0.0,-58.78604135932441,0.0,61.87235890355256,0.0,0.0,1000.0,-636.765432823252,101.53237866766865,-0.025780149543146898,0.0,0.0,867.0770768292841,30.93617945177628,0.0,30.93617945177628,-311.7765760074907,0.0,0.0,0.0,997.4219850456853,-963.7473096307223,0.0,0.0,-110.27647371504506,0.0,0.0,0.0,0.0,0.0,0.0,0.0,0.0,0.0,0.0,0.0,0.0,0.0,0.0,0.0,0.0,0.0,0.0,-273.7135558581431,0.0,0.0,30.93617945177628,0.0,31.96738543350215,0.0,0.0,113.41316864638458,0.0,-113.41316864638458,113.41316864638458,609.4516941783111,0.0,0.0,-1000.0,0.0,0.0,0.0,0.0,0.0,66.72632741861368,0.10312059817258759,0.0,0.0,0.0,0.0,0.0,0.0,0.0,58.78604135932441,0.0,775.7312867900141,0.0,0.0,0.0,0.0,0.0,319.7179925868649,319.7179925868649,0.0,0.0,0.0,-265.625,0.0,0.0,0.0,319.8211131850375,0.0,0.0,0.0,703.5230668794055,0.0,0.0,0.0,0.0,0.0,0.0,0.0,0.0,0.0,0.0,0.0,0.0,0.0,0.0,0.0,-233.02074196029682,0.0,0.0,0.0,0.0,0.0,0.0,-662.0039984899756,535.2330541555833,-535.2330541555833,0.0,0.0,0.0,0.0,0.0,0.0,0.0,674.8061707526497,97.74143752178068,0.0,0.0,0.0,0.0,0.0,0.0,0.0,0.0,0.0,0.0,0.0,0.0,0.0,0.0,-262.5219748396912,880.3243481596226,0.0,0.0,0.0,390.5483058216889,0.0,0.0,0.0,0.0,0.0,121.10128126149763,1000.0,0.0,0.0,0.0,0.0,0.0,0.0,0.0,0.0,392.56820099262404,20.62411963451752,0.0,0.0,171.99848697883533,-1000.0,873.2290556656077,0.0,-880.3243481596226,0.0,0.0,390.5483058216889,-449.4301621193674,0.0,0.0,0.0,-477.9786916027148,0.0,0.0,-1000.0,0.0,0.0,-1000.0,0.0,0.0,-101.53237866766865,0.0,503.4038899603238,0.0,0.0,287.7064689015194,0.0,0.0,0.0,465.24002133980434,0.0,-465.24002133980434,0.0,332.04676988615694,0.0,390.5483058216889,0.0,-265.62499999999994,0.0,0.0,121.10128126149763,-0.1546808972588814,0.0,0.0,0.0,0.0,0.10312059817258759,0.0,0.0,0.0,-190.4836384841035,70.62078920842566,0.0,-73.51764914336337,384.0507687097065,0.0,903.2691076656251,0.0,588.5553503119443,0.0,-110.27647371504506,0.0,0.0,0.0,222.0120721192716,0.0,-810.5674224312158,-1000.0,-1000.0,0.0,0.0,0.0,0.0,0.0,0.0,0.0,0.0,0.0,0.0,0.0,0.0,0.0,0.0,0.0,0.0,0.0,-894.8396056596645,0.0,-1000.0,58.78604135932441,0.0,701.0242937389589,972.3782093276303,103.47384824211599,0.0,-459.2945284112376,0.0,0.0,0.0,0.0,992.2659551370559,447.3115244603073,-457.07342957409605,0.0,-2.57801495431469,-600.6633811553718,0.0,910.4893679175756,0.0,440.8247813698953,457.07342957409605,-987.4781121409725,1000.0,0.0,-915.645397826205,-1000.0,0.0,0.0,1000.0,-173.31882970291016,30.93617945177628,109.3749999999949,-109.3749999999949,0.0,270.25690570673254,0.0,632.5796788996356,0.0,0.0,0.0,0.0,7.929114320590543,0.0,0.0,-12.431897897464635,0.0,0.0,674.8061707526497,0.0,0.0,-148.3457432986937,0.0,0.0,127.66707178615111,0.0,0.0,0.0,0.0,-293.4581542914675,0.2062411963449876,0.0,0.0,0.0,0.0,0.0,0.0,0.0,0.0,0.0,0.0,0.0,0.0,0.0,0.0,0.0,0.0,0.0,0.0,0.0,0.11343265798987508,0.11343265798987508,0.0,0.0,0.0,61.87235890355256,0.0,0.0,0.0,1000.0,0.0,0.0,0.0,0.0,0.0,1000.0,-1000.0,0.0,0.0,879.6121130225486,0.0,0.0,127.66707178615111,0.0,0.0,0.0,0.0,0.0,0.0,0.0,91.23785195271437,190.4836384841035,0.0,0.0,7.940286059289277,0.0,-12.049926591436815,879.1270034207209,879.1270034207209,0.0,1000.0,0.0,1000.0,-293.4581542914675,-640.625000000098,640.625000000098,0.0,0.0,0.0,0.0,0.0,0.0,0.0,0.0,0.0,0.0,0.0,0.0,0.0,0.0,61.87235890355256,390.5483058216889,390.5483058216889,0.0,0.0,0.0,0.0,0.0,0.0,0.0,0.0,0.0,0.0,1.031205981725876,0.0,0.0,0.0,0.0,0.0,-662.0039984899756,0.0,0.0,30.93617945177628,-879.6121130225486,0.0,0.0,0.0,0.0,0.0,0.0,0.0,0.0,0.0,368.3714537457754,0.0,0.0,30.93617945177628,30.93617945177628,-236.99457746818732,-1000.0,0.0,127.66707178615111,0.0,0.0,0.0,0.0,0.0,963.7473096307223,674.8061707526497,768.2088379579448,0.10312059817258759,0.0,0.0,-833.7237714282513,969.909252829178,0.0,0.0,-867.0770768292841,0.0,0.0,0.0,0.0,0.0,0.0,0.0,0.0,0.0,0.0,0.0,0.0,0.0,0.0,0.10312059817258759,0.0,0.0,0.0,0.0,0.0,0.0,0.0,0.0,0.0,0.0,1000.0,0.0,0.0,-863.4306290126142,-7.7340448629440335,-5.15602990862938,0.0,0.0,0.0,0.0,0.0,0.0,0.0,0.0,0.0,0.0,0.0,0.0,390.5483058216889,0.0,0.0,0.0,-168.16279979428077,0.0,0.0,0.0,632.476558301463,0.0,0.0,0.10312059817258759,0.0,0.10312059817258759,0.0,0.0,0.0,61.87235890355256,125.80712977055687,125.80712977055687,0.0,0.0,0.0,0.0,0.0,0.0,0.0,0.0,0.0,674.8061707526497,0.0,0.0,230.89075562193142,0.0,0.0,0.0,0.0,0.0,0.0,0.0,0.0,0.0,0.0,0.0,0.0,0.0,0.0,0.0,0.0,0.0,0.0,0.1546808972588814,0.0,0.0,0.0,-30.93617945177628,0.0,0.0,0.0,0.0,0.0,0.0,5.15602990862938,0.0,0.0,0.0,265.62499999999994,0.0,265.84594859009354,0.0,0.0,0.0,0.0,0.0,0.0,0.0,0.0,390.5483058216889,0.0,879.6121130225486,0.0,0.0,0.0,-126.3630651748332,-110.27647371504506,758.2702346722787,-193.44857982114405,0.0,-564.8216548511346,58.78604135932441,-575.2372918899243,0.0,5.15602990862938,1000.0,0.0,0.0,0.0,-148.3457432986937,0.0,0.0,0.0,0.0,0.0,0.0,0.0,0.0,0.0,-15.468089725888138,0.0,125.80712977055687,0.0,0.0,0.0,0.0,0.0,0.0,0.0,0.0,0.0,392.56820099262404,0.0,0.0,23.20213458883221,-136.1854814009265,-1000.0,0.0,30.93617945177628,0.0,0.0,0.0,0.0,-444.86176314247746,0.0,0.0,0.11343265798987508,0.0,0.0,0.0,62.903564885278435,0.0,0.0,0.0,0.0,-262.5219748396912,0.0,0.0,0.0,0.0,0.0,0.0,0.0,0.0,-1000.0,0.0,311.8321567424076,0.01031205981725876,0.0,0.0,0.0,0.0,0.0,0.0,0.0,0.0,0.0,-833.7237714282513,0.0,0.0,0.0,0.0,0.0,0.0,0.0,0.0,0.0,0.0,0.0,0.0,0.0,0.0,0.0,0.0,0.0,0.0,288.80830720196474,0.0,0.0,0.0,0.0,0.0,61.87235890355256,0.0,0.0,0.0,0.0,0.0,-61.87235890355256,0.0,0.0,0.0,0.0,0.0,0.0,0.0,0.0,0.0,0.0,0.0,0.0,0.0,-1000.0,-1000.0,301.5283653701539,0.0,-30.93617945177628,0.0,104.74791194764533,0.0,0.0,0.0,0.0,0.0,0.0,0.0,0.0,0.0,804.6875,0.0,-804.6875,-804.6875,0.0,0.0,0.0,0.0,-12.890074771573413,390.5483058216889,-1000.0,223.15671075898732,0.0,0.0,0.0,0.0,0.0,-1.289007477157345,0.0,207.1317846580181,0.0,0.0,0.0,0.0,0.0,0.0,0.0,768.2088379579448,30.93617945177628,30.93617945177628,0.0,0.0,0.0,0.0,0.0,0.11343265798987508,0.0,0.0,0.0,-104.74791194764533,311.8218446825904,0.0,0.0,0.0,0.0,0.0,0.0,0.0,0.0,0.0,0.0,0.0,0.0,0.0,0.0,0.0,0.0,0.0,0.0,108.27662808121698,0.0,0.0,7.940286059289277,0.0,0.0,0.0,0.0,0.0,118.24573923274534,0.0,0.0,0.0,-12.890074771573413,0.0,0.0,0.0,0.0,0.0,0.0,0.0,0.0,0.0,0.0,0.0,0.0,0.0,0.0,0.0,0.0,0.0,0.0,-0.10312059817258759,0.0,0.0,5.15602990862938,-1000.0,0.0,0.0,0.0,0.0,390.5483058216889,0.0,0.0,0.0,-222.0120721192716,2.57801495431469,0.0,0.0,0.0,0.10312059817258759,0.0,103.12059817258759,-31.96738543350215,20.62411963451752,0.7365757012327686,287.7064689015194,-0.07734044862944069,987.4781121409725,2.062411963451752,-0.5156029908627886,-287.7064689015194,30.93617945177628,-0.1031205981725876,36.758824571681686,127.66707178615111,0.0257801495431469,0.7365757012327686,-110.27647371504506,-16.416799229074307,-2.062411963451752,-376.7876265231906,-0.1031205981725876,0.0257801495431469,-287.7064689015194,10.31205981725876,0.1031205981725876,0.10312059817258759,0.21655325616246268,0.11343265798982576,-960.349767926718,-0.07734044862944069,30.93617945177628,0.1031205981725876,30.93617945177628,-51.560299086293796,-0.0515602990862938,405.171428566794,-10.415180415431347,-0.07734044862944069,-0.1031205981725876,-31.96738543350215,0.10312059817258759,10.312059817258756,-2.062411963451752,0.0,0.0,-10.31205981725876,376.7876265231906,0.0,20.62411963451752,0.15468089725888137,-1000.0,10.31205981725876,-91.23785195271437,127.66707178615111,-20.62411963451752,0.051560299086293795,1.031205981725876,18.379412285840843,20.62411963451752,-0.10312059817258759,-23.20213458883221,-0.21655325616246268,31.96738543350215,0.1031205981725876,16.416799229074307,3.9223539790458304,127.66707178615111,-0.10312059817258759,-0.025780149543146898,-127.66707178615111,-0.1031205981725876,-293.4581542914675,0.1031205981725876,-0.025780149543146898,-0.025780149543146898,-0.025780149543146898,41.24823926903504,51.560299086293796,1.031205981725876,76.39947317111444,-0.0257801495431469,0.0,5.15602990862938,151.88510705436315,0.10312059817258759,0.0515602990862938,0.0515602990862938,-121.12855720051016,31.96738543350215,0.10312059817258759,-31.96738543350215,1.031205981725876,0.1031205981725876,-76.39947317111444,0.1031205981725876,0.41248239269019504,0.5156029908627886,0.0515602990862938,0.0257801495431469,30.93617945177628,-0.1031205981725876,960.349767926718,1.031205981725876,-152.79894634222887,984.9000971866578,-10.312059817258756,20.62411963451752,5.15602990862938,-0.1031205981725876,110.27647371504506,0.15468089725888137,-0.1031205981725876,242.25711440102032,31.96738543350215,715.3363757205377,0.0515602990862938,-303.7702141087263,-0.1031205981725876,-0.1031205981725876,-0.10312059817258762,0.0515602990862938,287.7064689015194,-20.62411963451752,0.10312059817258759,36.758824571681686,-0.025780149543146898,-0.11343265798982576,-36.758824571681686,15.468089725888138,10.415180415431347,796.2653012625364,287.7064689015194,-0.07734044862944069,23.20213458883221,-20.62411963451752,0.1031205981725876,-0.025780149543146894,5.15602990862938,103.12059817258759,-0.0515602990862938,-0.1031205981725876,0.0257801495431469,0.0,0.0,999.9484397009137,0.0,922.74318262527,0.0,61.72627653832895,-1000.0,0.0,-523.2119597966396,-188.53366594679554,105.73894554031568,0.0,261.6059798983198,-461.371591312635,94.26683297339777,0.0,500.0,0.0,-270.4746125780602,0.0,-105.73894554031568,-270.4746125780602,-61.72627653832895,23.745931371012183,0.0,1496.5981,bhi
384,0.0,0.0,0.0,0.0,0.0,0.0,0.0,0.0,-0.11055019452853135,0.0,0.0,0.0,0.0,0.0,0.0,0.0,0.0,0.0,0.0,544.9281946020578,0.0,0.0,0.0,0.0,0.0,0.0,0.0,0.0,0.0,-1000.0,0.0,0.0,662.2305484026326,0.0,0.0,0.0,0.0,999.5577992218862,0.0,167.2376350804014,796.933364541299,0.0,0.0,0.0,0.0,0.0,0.0,0.0,0.0,0.0,0.0,0.0,0.0,0.12160521398121205,0.0,0.0,0.0,22.11003890570627,0.0,0.0,145.6443002194888,0.0,0.0,-320.4959618334143,0.0,0.0,0.0,0.0,0.0,0.0,0.0,1.1055019452853134,0.0,0.0,0.0,0.0,0.0,0.0,0.0,0.0,0.0,0.0,169.6991028281098,0.0,66.33011671711881,0.0,0.0,761.4821533470094,306.1149541887869,0.0,-0.027637548632132837,0.0,0.0,0.0,33.165058358559406,0.0,46.85042327282375,0.0,0.0,0.0,513.2173393456566,592.0775863758356,-1000.0,0.0,0.0,-19.725795601351827,0.0,474.2853228338288,0.0,0.0,0.0,0.0,0.0,0.0,0.0,0.0,0.0,0.0,0.0,0.0,0.0,0.0,0.0,0.0,-489.8734645962147,0.0,0.0,46.85042327282375,0.0,34.27056030384471,0.0,0.0,0.0,0.0,0.0,0.0,0.0,0.0,0.0,-466.1402620529031,0.0,0.0,0.0,0.0,0.0,-161.18673784941296,0.11055019452853135,0.0,0.0,0.0,-601.7068869101674,601.7068869101674,0.0,0.0,8.394480555830567,0.0,1000.0,0.0,0.0,0.0,0.0,0.0,208.08384967196352,208.08384967196352,0.0,0.0,0.0,0.0,403.6050736625451,0.0,0.0,208.19439986649206,0.0,0.0,0.0,-1000.0,0.0,0.0,0.0,0.0,0.0,0.0,0.0,0.0,0.0,0.0,-669.476051851457,0.0,0.0,0.0,0.0,-239.64086994230547,0.0,0.0,0.0,0.0,0.0,0.0,0.0,-306.1149541887869,306.1149541887869,466.1402620529031,0.0,0.0,0.0,0.0,0.0,0.0,0.0,-627.172194059188,0.0,0.0,0.0,0.0,0.0,0.0,0.0,0.0,0.0,0.0,0.0,0.0,0.0,0.0,-330.3706195272473,1000.0,0.0,0.0,0.0,0.0,-222.8473460549084,0.0,0.0,0.0,0.0,145.6443002194888,1000.0,0.0,0.0,0.0,0.0,0.0,0.0,0.0,0.0,3.559716263817336,0.0,13.68536491426434,0.0,-612.2299083775738,0.0,455.36719915822255,0.0,-1000.0,0.0,0.0,466.1402620529031,1000.0,0.0,0.0,0.0,-166.5217044562014,0.0,0.0,125.04265408662678,-976.7435378516059,0.0,125.04265408662678,976.7435378516059,0.0,0.0,0.0,-522.6689129337385,0.0,0.0,65.14212673660771,0.0,0.0,0.0,-453.807925241004,0.0,453.807925241004,0.0,207.973299477435,0.0,0.0,0.0,0.0,0.0,0.0,145.6443002194888,-0.16582529179279704,0.0,0.0,0.0,0.0,0.11055019452853135,0.0,0.0,0.0,-54.062185592330174,0.0,0.0,-13.150530400901218,682.959513332558,0.0,843.7837878141228,0.0,127.75707990458129,0.0,-19.725795601351827,0.0,0.0,0.0,-9.518371748906375,-118.23870815567491,0.0,-832.0964181121919,-1000.0,0.0,0.0,0.0,0.0,0.0,0.0,0.0,0.0,0.0,0.0,0.0,0.0,0.0,0.0,0.0,0.0,0.0,384.25108848100376,0.0,-615.7489115189962,8.394480555830567,0.0,0.0,888.9115643269554,0.0,0.0,157.62702158559557,0.0,335.12375596171614,0.0,0.0,586.550076649409,118.23870815567491,0.0,-743.2583302146088,-45.68967947415547,0.0,133.41135145841588,-777.4706142903165,-148.8558369326675,0.0,0.0,0.0,1000.0,42.92592461094218,771.9431045638898,0.0,0.0,-19.69260471322059,0.0,-984.445545836131,46.85042327282375,0.0,0.0,0.0,201.68855678559112,0.0,0.0,0.0,0.0,0.0,0.0,-245.7429446590818,0.0,0.0,0.0,0.0,0.0,0.0,0.0,0.0,-174.8516616139255,0.0,0.0,0.0,0.0,0.0,0.0,0.0,-377.221042800071,0.22110038905702822,0.0,0.0,0.0,0.0,0.0,0.0,0.0,0.0,0.0,0.0,0.0,0.0,0.0,0.0,0.0,0.0,0.0,0.0,0.0,0.12160521398121205,0.12160521398121205,0.0,16.9939514190842,0.0,66.33011671711881,0.0,0.0,0.0,996.6655168226033,0.0,0.0,0.0,0.0,0.0,1000.0,-996.6655168226033,0.0,0.0,0.0,0.0,0.0,0.0,0.0,0.0,0.0,0.0,0.0,0.0,0.0,163.2911548654049,54.062185592330174,0.0,0.0,8.512364978696894,0.0,0.0,0.0,-243.2929159979947,0.0,1000.0,0.0,622.778957199929,0.0,0.0,0.0,0.0,0.0,0.0,0.0,0.0,0.0,0.0,0.0,0.0,0.0,0.0,0.0,0.0,0.0,66.33011671711881,466.1402620529031,466.1402620529031,0.0,0.0,0.0,0.0,0.0,0.0,0.0,0.0,0.0,0.0,1.1055019452853134,0.0,0.0,0.0,0.0,0.0,0.0,0.0,0.0,46.85042327282375,0.0,0.0,0.0,0.0,0.0,0.0,0.0,0.0,0.0,0.0,1000.0,-1000.0,0.0,33.165058358559406,33.165058358559406,1000.0,-996.6655168226033,0.0,0.0,0.0,0.0,0.0,0.0,0.0,832.0964181121919,0.0,1000.0,0.11055019452853135,0.0,0.0,0.0,145.99732475985826,0.0,0.0,0.0,0.0,0.0,0.0,0.0,0.0,0.0,0.0,0.0,0.0,0.0,0.0,0.0,0.0,0.0,0.11055019452853135,0.0,0.0,0.0,0.0,0.0,0.0,0.0,0.0,0.0,-507.2492224526883,1000.0,0.0,0.0,-1000.0,-8.291264589639923,-5.527509726426615,0.0,0.0,0.0,0.0,0.0,0.0,0.0,0.0,0.0,0.0,0.0,0.0,466.1402620529031,0.0,0.0,0.0,-998.610640822925,0.0,0.0,0.0,-0.11055019452853135,0.0,0.0,0.11055019452853135,0.0,0.11055019452853135,0.0,0.0,0.0,66.33011671711881,134.87123732480825,134.87123732480825,0.0,0.0,0.0,0.0,0.0,0.0,335.12375596171614,0.0,0.0,0.0,0.0,0.0,0.0,0.0,0.0,0.0,0.0,0.0,0.0,0.0,0.0,0.0,0.0,0.0,0.0,0.0,0.0,243.2929159979947,0.0,0.0,0.0,0.16582529179279704,0.0,0.0,0.0,-46.85042327282375,0.0,0.0,0.0,0.0,0.0,-16.9939514190842,5.527509726426567,0.0,0.0,0.0,0.0,-403.6050736625451,0.0,0.0,0.0,0.0,0.0,0.0,0.0,0.0,0.0,466.1402620529031,0.0,0.0,243.35129907795283,16.9939514190842,0.0,386.6465802568785,-19.725795601351827,0.0,664.8762440382839,335.12375596171614,-1000.0,8.394480555830567,865.1287626751918,0.0,5.527509726426615,570.3356139454092,0.0,0.0,0.0,-174.8516616139255,0.0,0.0,0.0,0.0,0.0,0.0,0.0,0.0,0.0,652.8935226721771,0.0,134.87123732480825,0.0,984.375,984.375,-984.375,0.0,0.0,0.0,0.0,0.0,3.559716263817336,0.0,0.0,41.86774518800405,-145.99732475985826,-723.5560895913088,0.0,33.165058358559406,0.0,0.0,0.0,0.0,-172.94436399688612,0.0,0.0,0.12160521398121205,0.0,0.0,0.0,67.43561866240412,0.0,0.0,0.0,0.0,-330.3706195272473,0.0,0.0,0.0,0.0,0.0,0.0,0.0,0.0,20.50395302304444,0.0,0.011055019452853365,0.011055019452853365,0.0,0.0,0.0,0.0,0.0,0.0,0.0,0.0,0.0,0.0,0.0,0.0,0.0,0.0,0.0,16.9939514190842,0.0,0.0,0.0,0.0,0.0,0.0,0.0,0.0,0.0,0.0,0.0,0.0,0.0,22.259281668319204,0.0,0.0,0.0,0.0,66.33011671711881,0.0,0.0,0.0,0.0,0.0,0.0,-66.33011671711881,0.0,0.0,0.0,0.0,0.0,0.0,0.0,0.0,0.0,0.0,0.0,0.0,-1000.0,-1000.0,75.72688325204398,0.0,-46.85042327282375,0.0,999.5577992218862,0.0,0.0,0.0,0.0,0.0,0.0,0.0,0.0,0.0,0.0,0.0,0.0,0.0,0.0,0.0,0.0,0.0,-13.818774316066538,466.1402620529031,-594.8413412390489,-8.291264589639923,0.0,0.0,0.0,0.0,0.0,0.0,-1.3818774316066418,183.24614216975607,0.0,0.0,0.0,0.0,0.0,0.0,0.0,1000.0,33.165058358559406,33.165058358559406,0.0,0.0,0.0,0.0,0.0,0.12160521398121205,16.9939514190842,0.0,0.0,-999.5577992218862,0.0,0.0,0.0,0.0,0.0,0.0,0.0,0.0,0.0,0.0,0.0,0.0,0.0,0.0,0.0,0.0,0.0,0.0,0.0,116.07770425495792,343.63612094041304,0.0,0.0,0.0,0.0,0.0,16.9939514190842,0.0,-5.527509726426615,0.0,0.0,0.0,-13.818774316066538,0.0,0.0,0.0,0.0,0.0,0.0,0.0,0.0,0.0,0.0,0.0,0.0,0.0,0.0,0.0,0.0,0.0,0.0,-0.11055019452853135,0.0,0.0,5.527509726426567,-1000.0,0.0,0.0,0.0,0.0,466.1402620529031,0.0,0.0,0.0,9.518371748906375,2.7637548632132836,0.0,0.0,0.0,0.11055019452853135,0.0,110.55019452853134,-34.27056030384471,22.110038905706272,0.7896442466323668,308.4350427346024,-0.08291264589639852,743.2583302146088,2.211003890570627,-0.5527509726423432,-308.4350427346024,33.165058358559406,-0.11055019452853135,6.575265200450609,0.0,0.027637548632132837,0.7896442466323668,-19.725795601351827,-17.599590968940902,-2.211003890570627,-544.9281946020578,-0.11055019452853135,0.027637548632132837,-308.4350427346024,474.06422244477176,0.11055019452853135,0.11055019452853135,-16.761796010574457,0.12160521398138471,-1000.0,-0.08291264589639852,33.165058358559406,0.11055019452853135,46.85042327282375,-41.589732350001334,-0.055275097264265674,39.45159120270365,211.6817764075267,-0.0829126458963985,-0.11055019452853135,-34.27056030384471,0.11055019452853135,11.055019452853134,-2.211003890570627,243.2929159979947,243.2929159979947,-11.055019452853116,544.9281946020578,-243.2929159979947,22.11003890570627,0.165825291792797,-1000.0,11.055019452853134,-163.2911548654049,0.0,-22.11003890570627,0.055275097264265674,1.1055019452853134,3.2876326002253045,39.10399032479047,-0.11055019452853135,-41.86774518800405,16.761796010574457,34.27056030384471,0.11055019452853135,17.599590968940902,-609.3548013404207,0.0,-0.11055019452853135,-0.027637548632132837,0.0,-0.11055019452853135,-377.221042800071,0.11055019452851411,-0.027637548632132837,-0.027637548632132837,-0.027637548632132837,44.22007781141254,41.589732350001334,1.1055019452853134,387.935916914219,-0.027637548632132837,0.0,5.527509726426567,194.13803112646207,0.11055019452853135,0.055275097264265674,0.055275097264265674,11.055019452853134,34.27056030384471,0.11055019452853135,-34.27056030384471,1.1055019452853134,0.11055019452853135,-1000.0,0.11055019452853135,0.4422007781138291,0.5527509726423432,0.055275097264265674,0.027637548632132837,33.165058358559406,-0.11055019452853135,1000.0,1.1055019452853134,-775.871833828438,740.4945753513955,-11.055019452853134,22.11003890570627,5.527509726426567,-0.11055019452853135,19.725795601351827,0.16582529179279704,-0.11055019452853135,-22.11003890570627,34.27056030384471,369.14600357624863,0.055275097264265674,-388.27606225292413,-0.11055019452853135,-0.11055019452851411,-0.11055019452853138,0.055275097264265674,308.4350427346024,-22.11003890570627,0.11055019452853135,6.575265200450609,-0.027637548632132837,-0.12160521398138471,-6.575265200450609,16.5825291792797,-211.6817764075267,278.81068465726497,308.4350427346024,-0.0829126458963985,41.86774518800405,-39.10399032479047,0.11055019452853135,-0.02763754863213283,5.527509726426615,110.55019452853134,-0.055275097264265674,-0.11055019452853135,0.027637548632132837,1000.0,0.0,999.9447249027357,612.064083085781,292.79143224918573,0.0,522.231695394323,-684.3995033030649,463.00920299191864,-564.2764668349961,41.67014456913623,-408.7566191625848,0.0,282.13823341749804,-146.39571612459287,-20.835072284568113,-463.00920299191864,342.19975165153244,-16.9939514190842,-196.20163957936253,0.0,408.7566191625848,-196.20163957936253,-522.231695394323,560.2657386409453,0.0,1496.5981,bhi
385,0.0,0.0,0.0,0.0,0.0,0.0,0.0,0.0,-0.030049381986748242,0.0,0.0,0.0,0.0,0.0,0.0,0.0,0.0,0.0,0.0,174.277021865236,0.0,0.0,0.0,298.336294273881,0.0,898.3815292683848,0.0,0.0,0.0,769.5675334198772,0.0,0.0,0.0,0.0,0.0,0.0,0.0,844.1289758361971,0.0,-1000.0,315.8328251346546,0.0,0.0,219.7466602148432,0.0,0.0,0.0,0.0,-769.5675334198772,0.0,0.0,0.0,0.0,0.03305432018574775,0.0,0.0,0.0,273.69395181093927,0.0,0.0,148.92961692486494,0.0,305.7982805706281,0.0,0.0,0.0,0.0,0.0,0.0,800.9077716266888,0.0,0.30049381986748247,0.0,0.0,0.0,0.0,0.0,0.0,0.0,0.0,0.0,0.0,0.0,0.0,18.029629192048947,0.0,0.0,769.5900704563672,-0.022537036490061182,0.045074072980122365,-0.0075123454966870605,0.0,0.0,1000.0,9.014814596024474,0.0,292.70813952178827,-0.9675900999734404,0.0,0.0,0.0,999.2487654503313,769.5675334198772,0.0,0.0,0.0,0.0,384.0936781545723,0.0,0.0,0.0,0.0,0.0,0.0,0.0,0.0,0.0,0.0,0.0,0.0,0.0,0.0,0.0,0.0,-1000.0,0.0,0.0,292.70813952178827,0.0,9.315308415891955,0.0,0.0,0.0,0.0,0.0,0.0,-804.934849243645,0.0,0.0,350.2069517481519,0.0,0.0,0.0,0.0,0.0,2.313802412979613,0.030049381986748242,0.0,0.0,0.0,-643.3564310277529,643.3564310277529,0.0,0.0,0.0,0.0,49.54693431898017,0.0,0.0,0.0,0.0,0.0,812.8640428855474,812.8640428855474,0.0,0.0,0.0,765.6249999999999,-1000.0,0.0,0.0,812.8940922675341,0.0,0.0,0.0,-436.6156193597295,0.0,0.0,0.0,0.0,0.0,0.0,0.0,0.0,0.0,0.0,-1000.0,0.0,0.0,0.0,0.0,-1000.0,0.0,0.0,0.0,0.0,0.0,0.0,0.0,-0.022537036490061182,0.022537036490061182,454.72789749549304,0.0,0.0,0.0,0.0,0.0,0.0,0.0,1000.0,0.0,0.0,0.0,0.0,0.0,0.0,0.0,0.0,0.0,0.0,0.0,0.0,0.0,246.21092599507298,-704.2869222795368,0.0,0.0,0.0,0.0,0.0,-403.91866212968546,0.0,0.0,0.0,0.0,148.92961692486494,-219.7466602148432,0.0,0.0,0.0,0.0,0.0,0.0,0.0,0.0,0.0,0.0,283.6933249257638,0.0,0.0,0.0,0.0,0.0,0.0,0.0,0.0,454.72789749549304,-183.08641419101033,0.0,0.0,0.0,-154.60444271306156,0.0,0.0,-858.127575665445,-102.01363689929525,-671.6209286082853,-1000.0,243.88606123385006,-813.4933529428401,-0.045074072980122365,0.0,174.23194779225594,0.0,0.0,33.028540377220025,0.0,0.0,0.0,-1000.0,0.0,1000.0,0.0,812.8339935035607,0.0,0.0,18.32805106760827,765.6249999999999,0.0,0.0,148.92961692486494,-0.045074072980122365,0.0,0.0,0.0,0.0,0.030049381986748242,0.0,0.0,0.0,656.4826251124041,0.0,0.0,0.0,-428.06982759376405,0.0,608.5409646564428,0.0,497.44299650395556,0.0,0.0,0.0,0.0,0.0,877.8214492958776,-722.3091789957679,-652.9552668040654,-1000.0,-1000.0,0.0,0.0,0.0,0.0,0.0,0.0,0.0,0.0,0.0,0.0,0.0,0.0,0.0,0.0,0.0,0.0,0.0,-155.7508266358568,0.0,-1000.0,0.0,0.0,0.0,127.3899426792816,0.0,0.0,-2.313802412979613,0.0,0.0,0.0,732.0850728739717,997.7462963509939,0.0,-485.691143191358,0.0,-1000.0,722.3091789957679,0.0,-1.5024690993374121,-1000.0,0.0,485.691143191358,-564.0705886144751,-31.449959970929626,999.2487654503313,0.0,8.052602192338924,0.0,502.8150958693464,0.0,-630.8952175250304,292.70813952178827,296.8750000000298,-296.8750000000298,0.0,0.0,0.0,0.0,0.0,-246.21092599507298,246.21092599507298,246.21092599507298,-1000.0,0.0,0.0,0.0,0.0,0.0,0.0,0.0,0.0,-156.86866364576312,0.0,0.0,0.0,0.0,0.0,0.0,0.0,-996.9950618013252,0.06009876397351655,0.0,0.0,0.0,0.0,0.0,0.0,0.0,0.0,0.0,0.0,0.0,0.0,0.0,0.0,0.0,0.0,0.0,0.0,0.0,0.03305432018574775,0.03305432018574775,0.0,344.23332815093386,0.0,18.029629192048947,0.0,104.91809740695177,0.0,1000.0,0.0,0.0,0.0,0.0,0.0,36.053479842837184,-1000.0,0.0,0.0,0.0,0.0,0.0,0.0,0.0,0.0,0.0,0.0,0.0,0.0,0.0,333.3333333333333,-656.4826251124041,0.0,0.0,2.313802412979613,0.0,1000.0,0.0,-50.80923536580758,0.0,36.053479842837184,0.0,0.0,-960.941581958488,-671.8750000001272,671.8750000001272,246.21092599507298,0.0,0.0,0.0,0.0,0.0,0.0,0.0,0.0,0.0,0.0,0.0,0.0,0.0,18.029629192048947,454.7278974954931,454.72789749549304,0.0,0.0,0.0,0.0,0.0,0.0,0.0,0.0,0.0,0.0,0.30049381986748247,0.0,0.0,0.0,0.0,0.0,0.0,0.0,0.0,292.70813952178827,0.0,0.0,0.0,0.0,0.0,0.0,0.0,0.0,0.0,0.0,1000.0,-770.9402973688084,0.0,9.014814596024474,9.014814596024474,-178.29882669027893,-1000.0,0.0,0.0,0.0,0.0,0.0,0.0,0.0,-154.9800599878959,0.0,0.0,0.030049381986748242,0.0,0.0,0.0,39.68450168235631,967.5188157018007,0.0,-1000.0,0.0,0.0,0.0,0.0,0.0,0.0,0.0,0.0,0.0,0.0,0.0,0.0,0.0,0.0,0.030049381986748242,0.0,0.0,0.0,0.0,0.0,0.0,0.0,0.0,0.0,-2.313802412979612,0.0,0.0,0.0,-844.2491733641432,-2.25370364900607,-1.5024690993374135,0.0,0.0,0.0,0.0,0.0,0.0,0.0,0.0,0.0,0.0,0.0,0.0,454.7278974954931,0.0,0.0,0.0,-126.57765255634615,0.0,0.0,0.0,-0.030049381986748242,0.0,0.0,0.030049381986748242,0.0,0.030049381986748242,0.0,800.9077716266888,0.0,18.029629192048947,36.66024602383286,36.66024602383286,0.0,0.0,0.0,0.0,0.0,0.0,0.0,0.0,0.0,0.0,0.0,0.0,880.408701084937,0.0,0.0,0.0,0.0,0.0,0.0,0.0,0.0,0.0,0.0,0.0,0.0,0.0,0.0,50.80923536580758,0.0,-97.47375764169601,97.47375764169601,0.045074072980122365,0.0,0.0,0.0,-292.70813952178827,0.0,0.0,0.0,0.0,0.0,-344.23332815093386,1.5024690993374121,0.0,0.0,0.0,-765.625,1000.0,-983.0040144280864,0.0,0.0,0.0,0.0,0.0,0.0,0.0,0.0,454.7278974954931,0.0,0.0,899.5297540604507,98.02240215586087,0.0,825.4573460580646,967.5188157018007,0.0,-983.0040144280864,0.0,983.0040144280864,0.0,-219.7466602148432,104.91809740695177,1.5024690993374135,883.2100719703036,0.0,0.0,0.0,-156.86866364576312,0.0,0.0,0.0,0.0,0.0,0.0,0.0,0.0,0.0,995.4925927019877,0.0,36.66024602383286,0.0,953.125,953.125,-953.125,0.0,0.0,0.0,0.0,0.0,0.0,0.0,0.0,350.99443909795224,-39.68450168235631,142.9313408019125,0.0,9.014814596024474,0.0,0.0,0.0,0.0,-293.9857881221865,0.0,0.0,0.03305432018574775,0.0,0.0,0.0,18.33012301191643,0.0,0.0,0.0,0.0,-704.2869222795368,0.0,0.0,0.0,0.0,0.0,0.0,0.0,0.0,266.55138929957377,0.0,0.0030049381986748244,0.0030049381986748244,0.0,0.0,0.0,0.0,0.0,0.0,0.0,0.0,0.0,0.0,0.0,0.0,0.0,0.0,0.0,344.23332815093386,0.0,0.0,0.0,0.0,0.0,0.0,0.0,0.0,0.0,0.0,0.0,0.0,0.0,-421.0585637623853,0.0,0.0,0.0,0.0,18.029629192048947,0.0,0.0,0.0,0.0,0.0,0.0,-18.029629192048947,0.0,0.0,0.0,0.0,0.0,0.0,0.0,0.0,0.0,0.0,0.0,0.0,0.0,-385.4125265680187,900.9925277458595,0.0,-292.70813952178827,0.0,844.1289758361971,0.0,0.0,0.0,0.0,0.0,0.0,0.0,0.0,0.0,179.68750000000003,0.0,-179.68750000000003,-179.68750000000003,0.0,0.0,0.0,104.91809740695177,-3.756172748343488,454.72789749549304,-1000.0,878.1549974359309,0.0,0.0,0.0,0.0,0.0,0.0,-0.3756172748343531,156.86866364576312,0.0,0.0,0.0,0.0,0.0,0.0,0.0,1000.0,9.014814596024474,9.014814596024474,0.0,0.0,0.0,0.0,0.0,0.03305432018574775,344.23332815093386,0.0,0.0,-844.1289758361971,0.0,0.0,0.0,0.0,0.0,0.0,0.0,0.0,0.0,0.0,0.0,0.0,0.0,0.0,0.0,0.0,0.0,0.0,0.0,31.55185108608566,2.313802412979613,0.0,0.0,0.0,0.0,0.0,344.23332815093386,0.0,980.5339552287754,0.0,0.0,0.0,-3.756172748343488,0.0,0.0,0.0,0.0,0.0,0.0,0.0,0.0,0.0,0.0,0.0,0.0,0.0,0.0,0.0,0.0,0.0,0.0,-0.030049381986748242,0.0,0.0,1.5024690993374121,-36.053479842837184,0.0,0.0,0.0,0.0,454.72789749549304,0.0,0.0,0.0,-877.8214492958776,0.7512345496686521,0.0,0.0,898.3815292683848,0.030049381986748242,0.0,30.04938198674824,-9.315308415891955,6.009876397349649,0.21463844276248745,83.8377757430276,-0.022537036490061182,564.0705886144751,0.6009876397349649,-0.15024690993280945,-83.8377757430276,9.014814596024474,-0.030049381986748242,0.0,0.0,0.0075123454966870605,0.21463844276248745,0.0,-4.783861612290593,-0.6009876397349649,-174.277021865236,-0.030049381986748242,0.0075123454966870605,-83.8377757430276,388.3749982227911,0.030049381986748242,0.030049381986748242,-344.17022444876136,0.033054320185423064,-29.476246099524463,-0.022537036490061182,9.014814596024474,0.030049381986748242,292.70813952178827,268.6686339323897,-0.015024690993374121,-20.070688219455707,400.8836745490239,-0.022537036490061182,-0.030049381986748242,-9.315308415891955,0.030049381986748242,3.004938198674836,-0.6009876397349649,50.80923536580758,50.80923536580758,-3.004938198674836,174.277021865236,-50.80923536580758,6.0098763973496485,0.045074072980122365,-1000.0,3.0049381986748243,-333.3333333333333,0.0,-6.0098763973496485,0.015024690993374121,0.30049381986748247,0.0,104.03227855321052,-0.030049381986748242,-350.99443909795224,344.17022444876136,9.315308415891955,0.030049381986748242,4.783861612290593,-705.1226433339779,0.0,-0.030049381986748242,-0.0075123454966870605,0.0,-0.030049381986748242,-996.9950618013252,0.030049381986918772,-0.0075123454966870605,-0.0075123454966870605,-0.0075123454966870605,12.019752794699297,-268.6686339323897,0.30049381986748247,22.26283587942939,-0.0075123454966870605,0.0,1.5024690993374121,500.0,0.030049381986748242,0.015024690993374121,0.015024690993374121,3.0049381986748243,9.315308415891955,0.030049381986748242,-9.315308415891955,0.30049381986748247,0.030049381986748242,-22.26283587942939,0.030049381986748242,0.12019752794610661,0.15024690993280945,0.015024690993374121,0.0075123454966870605,9.014814596024474,-0.030049381986748242,29.476246099524463,0.30049381986748247,-44.52567175885878,563.3193540648065,-3.004938198674836,6.0098763973496485,1.5024690993374121,-0.030049381986748242,0.0,0.045074072980122365,-0.030049381986748242,-6.0098763973496485,9.315308415891955,533.1459434679743,0.015024690993374121,-1000.0,-0.030049381986748242,-0.030049381986918772,-0.030049381986748242,0.015024690993374121,83.8377757430276,-6.0098763973496485,0.030049381986748242,0.0,-0.0075123454966870605,-0.033054320185423064,0.0,4.507407298012236,-400.8836745490239,-152.40926014960885,83.8377757430276,-0.022537036490061182,350.99443909795224,-104.03227855321052,0.030049381986748242,-0.007512345496687061,733.5875419733092,30.04938198674824,-0.015024690993374121,-0.030049381986748242,0.0075123454966870605,1000.0,0.0,999.9849753090066,0.0,-1000.0,267.6840754135896,623.6753224445591,966.8547243598932,385.37006002411624,247.48724787249228,26.471307900849638,-831.4672224554142,0.0,-123.74362393624614,500.0,-13.235653950424819,-385.37006002411624,-483.4273621799466,-344.23332815093386,-239.1601553457878,0.0,831.4672224554142,-239.1601553457878,-623.6753224445591,662.8965137899311,-267.6840754135896,1496.5981,bhi
386,0.0,0.0,0.0,0.0,0.0,0.0,0.0,0.0,-0.018708666779310875,0.0,0.0,0.0,0.0,0.0,0.0,0.0,-632.7349062926282,453.0836932988113,0.0,1000.0,0.0,0.0,0.0,306.53027202772313,0.0,0.0,0.0,0.0,0.0,0.0,149.91096267360015,-149.91096267360015,253.28638707540904,0.0,0.0,0.0,0.0,430.0052660166016,0.0,-1000.0,875.5172007903734,0.0,0.0,632.7349062926282,0.0,0.0,0.0,0.0,0.0,-186.87424493708022,0.0,0.0,0.0,0.02057953345695296,0.0,0.0,0.0,3.741733355862175,0.0,0.0,66.7027034550656,0.0,288.2591993468243,0.0,0.0,0.0,0.0,0.0,638.0235639515683,-638.0235639515683,0.0,0.18708666779310876,0.0,0.0,0.0,0.0,0.0,0.0,0.0,501.30299790533314,0.0,0.0,0.0,0.0,11.225200067586524,0.0,0.0,952.4596071230974,-354.9054431869715,1000.0,537.8753905012325,0.0,0.0,0.0,5.612600033793262,0.0,124.48279920962658,-501.63209056798087,0.0,0.0,0.0,752.3130469138252,-1000.0,0.0,0.0,-3.741733355862175,0.0,0.0,0.0,0.0,0.0,0.0,0.0,0.0,0.0,0.0,0.0,0.0,0.0,0.0,0.0,0.0,0.0,0.0,-40.858360369650896,0.0,0.0,124.48279920962658,0.0,5.7996867015863725,5.7996867015863725,0.0,0.0,0.0,0.0,0.0,-1000.0,984.34375,-984.34375,645.0380971981101,0.0,0.0,0.0,0.0,0.0,1.4405673420069434,0.018708666779310875,537.8800676679273,0.0,0.0,-617.4582039338268,18.96245453924389,0.0,0.0,0.0,0.0,263.68336185772205,0.0,0.0,0.0,0.0,0.0,642.8579223748523,642.8579223748523,0.0,0.0,0.0,734.375,6.0803167032761625,0.0,0.0,792.7875937152317,0.0,0.0,0.0,-514.9983852797179,0.0,0.0,0.0,0.0,0.0,0.0,0.0,0.0,0.0,0.0,0.0,0.0,0.0,0.0,0.0,-1000.0,0.0,0.0,0.0,0.0,0.0,186.87424493708022,0.0,-645.0945568130285,645.0945568130285,273.67670120956785,0.0,0.0,0.0,0.0,0.0,0.0,1000.0,-2.338583347413987,0.0,0.0,0.0,0.0,0.0,0.0,0.0,0.0,0.0,0.0,0.0,0.0,0.0,599.6994890395579,562.7501762437639,632.7349062926282,0.0,0.0,0.0,81.28520159232204,-273.67670120956785,0.0,0.0,0.0,0.0,66.7027034550656,0.0,149.91096267360015,0.0,0.0,0.0,0.0,0.0,0.0,0.0,0.0,0.0,118.87019917583332,0.0,-290.18911362605695,0.0,307.3650503100689,0.0,-632.7349062926282,0.0,0.0,354.9619028018899,-631.4967791143297,0.0,0.0,0.0,-551.754194044598,0.0,0.0,-72.92198796434627,-1000.0,0.0,927.0780120356537,0.0,1000.0,-1000.0,0.0,-144.47047063731463,186.87424493708022,0.0,63.796553717450095,0.0,0.0,0.0,492.65099498336184,0.0,-492.65099498336184,0.0,1000.0,0.0,81.28520159232204,0.0,734.375,0.0,0.0,66.7027034550656,-0.02806300016896631,0.0,0.0,0.0,0.0,0.018708666779310875,0.0,0.0,0.0,875.5172007903734,-632.7349062926282,0.0,-163.43344147860358,291.69802604209144,0.0,1000.0,0.0,0.0,0.0,-3.741733355862175,0.0,0.0,0.0,194.61614848580027,-695.0238260018059,500.4076775160056,-160.7075286850447,-1000.0,0.0,0.0,0.0,0.0,0.0,0.0,0.0,0.0,0.0,0.0,0.0,0.0,0.0,0.0,0.0,0.0,0.0,-500.41089584431893,0.0,-1000.0,0.0,69.50900347196239,351.1187088240879,0.0,0.0,0.0,148.4703953315932,0.0,0.0,0.0,0.0,751.3776135748597,57.00026205023758,0.0,-1000.0,0.0,0.0,0.0,0.0,-721.8258620298463,0.0,0.0,623.3757598736046,0.0,-0.46771666948277185,-0.9354333389655437,-96.37371253080858,0.0,0.0,864.1174416724896,277.9155609896682,124.48279920962658,0.0,0.0,0.0,0.0,0.0,0.0,727.2384751076854,127.53898606812743,-127.53898606812743,-127.53898606812743,-1000.0,0.0,0.0,-207.249823618327,0.0,0.0,1000.0,0.0,0.0,-221.5564958917587,0.0,-359.3750000000118,0.0,0.0,0.0,0.0,0.0,-160.22837236044552,0.037417333558551036,0.0,0.0,0.0,0.0,0.0,0.0,0.0,0.0,0.0,0.0,0.0,0.0,0.0,0.0,0.0,0.0,0.0,0.0,0.0,0.02057953345695296,0.02057953345695296,149.91096267360015,361.77384151836156,0.0,11.225200067586524,0.0,176.52786910633733,0.0,1000.0,0.0,0.0,0.0,0.0,0.0,-267.9249540799379,-1000.0,0.0,0.0,0.0,0.0,0.0,0.0,0.0,0.0,0.0,0.0,0.0,0.0,0.0,13.619453456550298,-875.5172007903734,598.4957493945828,0.0,1.4405673420069434,0.0,0.0,0.0,0.0,0.0,-267.9249540799379,0.0,-485.5644235259918,57.41109708560839,0.0,0.0,599.6994890395579,0.0,0.0,0.0,0.0,0.0,0.0,0.0,0.0,0.0,0.0,0.0,0.0,0.0,11.225200067586524,354.9619028018899,354.9619028018899,0.0,0.0,0.0,0.0,0.0,0.0,0.0,0.0,0.0,0.0,0.18708666779310876,0.0,149.91096267360015,0.0,0.0,149.91096267360015,0.0,0.0,0.0,124.48279920962658,0.0,0.0,0.0,0.0,0.0,0.0,0.0,0.0,0.0,0.0,-173.1472604015167,498.7690966902303,0.0,5.612600033793263,5.612600033793262,1000.0,-1000.0,0.0,0.0,0.0,0.0,0.0,0.0,0.0,1000.0,1000.0,738.8622973164196,0.018708666779310875,0.0,0.0,-949.0276065394544,950.5363268818718,0.0,0.0,0.0,0.0,0.0,0.0,0.0,0.0,0.0,0.0,0.0,0.0,0.0,0.0,0.0,0.0,0.0,0.018708666779310875,0.0,0.0,0.0,0.0,0.0,0.0,0.0,0.0,69.50900347196239,0.0,1000.0,0.0,0.0,-1000.0,-1.4031500084484434,-0.9354333389655437,0.0,0.0,0.0,0.0,0.0,0.0,0.0,0.0,0.0,0.0,0.0,0.0,354.9619028018899,0.0,0.0,0.0,278.85099432863376,0.0,0.0,0.0,-0.018708666779310875,0.0,0.0,0.018708666779310875,0.0,0.018708666779310875,0.0,0.0,0.0,11.225200067586524,22.824573470759265,22.824573470759265,0.0,0.0,0.0,0.0,0.0,0.0,0.0,598.4957493945828,0.0,1000.0,0.0,0.0,0.0,196.22696469549865,0.0,0.0,0.0,0.0,0.0,0.0,0.0,0.0,0.0,0.0,0.0,0.0,0.0,0.0,0.0,0.0,0.0,0.02806300016896631,0.0,0.0,0.0,-124.48279920962658,0.0,0.0,0.0,0.0,0.0,-361.77384151836156,0.9354333389655437,0.0,0.0,0.0,-734.375,-6.0803167032761625,-151.44881508285857,0.0,0.0,-359.3750000000118,0.0,0.0,0.0,0.0,0.0,354.9619028018899,0.0,0.0,0.0,-237.9256475211963,0.0,1000.0,-3.741733355862175,500.41089584431893,-2.978419751265392,0.0,-497.43247609305354,0.0,-654.3213525850889,176.52786910633733,0.9354333389655437,915.6875222923576,0.0,0.0,-149.91096267360015,-221.5564958917587,0.0,0.0,1000.0,-1000.0,0.0,0.0,0.0,0.0,0.0,363.17699152681,-365.98329154370674,22.824573470759265,0.0,0.0,0.0,149.91096267360015,0.0,0.0,0.0,0.0,0.0,0.0,0.0,0.0,0.0,-1.5087203424172912,727.4820276038579,0.0,5.612600033793262,0.0,0.0,0.0,0.0,-203.37394972985174,0.0,0.0,0.02057953345695296,0.0,0.0,0.0,11.412286735379634,0.0,0.0,0.0,0.0,562.7501762437639,0.0,0.0,0.0,0.0,0.0,0.0,0.0,0.0,-830.4947017642036,0.0,98.25055956781691,0.0018708666779311267,0.0,0.0,0.0,0.0,0.0,0.0,0.0,0.0,0.0,-949.0276065394544,149.91096267360015,0.0,0.0,0.0,0.0,361.77384151836156,0.0,0.0,0.0,0.0,0.0,0.0,0.0,186.87424493708022,0.0,0.0,0.0,0.0,0.0,-409.940283222571,453.0836932988113,0.0,0.0,0.0,11.225200067586524,0.0,0.0,0.0,0.0,0.0,-545.9663512532612,534.7411511856747,0.0,0.0,0.0,0.0,0.0,0.0,0.0,0.0,0.0,149.91096267360015,149.91096267360015,0.0,-738.8622973164196,-160.7075286850447,209.0424014393266,-589.6355815716341,465.1527823620076,0.0,499.51426948856397,0.0,0.0,0.0,0.0,0.0,0.0,0.0,0.0,0.0,0.0,0.0,0.0,0.0,0.0,0.0,0.0,176.52786910633733,-2.338583347413987,354.9619028018899,-752.780763583308,560.8071062307571,0.0,0.0,0.0,0.0,0.0,517.8431645129475,-518.0770228476889,221.5564958917587,0.0,0.0,0.0,0.0,0.0,0.0,0.0,1000.0,5.612600033793262,5.612600033793263,0.0,0.0,0.0,0.0,501.30299790533314,0.02057953345695296,361.77384151836156,0.0,0.0,-499.51426948856397,98.24868870113897,0.0,0.0,0.0,0.0,0.0,0.0,0.0,0.0,0.0,0.0,0.0,0.0,0.0,0.0,0.0,0.0,5.7996867015863725,0.0,19.644100118276416,1.4405673420069434,0.0,0.0,0.0,0.0,0.0,361.77384151836156,0.0,0.0,0.0,0.0,0.0,-2.338583347413987,0.0,0.0,0.0,0.0,0.0,0.0,0.0,0.0,0.0,0.0,0.0,0.0,0.0,0.0,0.0,0.0,0.0,0.0,-0.018708666779310875,0.0,0.0,0.9354333389655437,267.9249540799379,0.0,0.0,0.0,0.0,354.9619028018899,0.0,0.0,0.0,-194.61614848580027,0.46771666948277185,0.0,0.0,0.0,0.018708666779310875,0.0,18.708666779310875,0.0,3.7417333558621753,0.1336333341379348,63.796553717450095,-0.014031500084483155,376.6242401263954,0.3741733355862175,-0.09354333389641295,-63.796553717450095,5.612600033793263,-0.018708666779310875,1.2472444519540582,0.0,0.004677166694827719,0.13363333413793482,-3.7417333558621744,-2.978419751265392,149.53678933801393,-820.3487870061831,-0.018708666779310875,0.004677166694827719,-63.796553717450095,1.8708666779310874,0.018708666779310875,0.018708666779310875,-361.7345533181253,0.02057953345724411,-406.0312927241302,-0.014031500084483155,5.612600033793262,0.018708666779310875,124.48279920962658,109.51586578617788,-0.009354333389655438,149.8313975781325,271.78712586485744,-0.014031500084483155,-0.018708666779310875,0.0,0.018708666779310875,1.8708666779310874,-0.3741733355862175,0.0,0.0,-1.8708666779310874,820.3487870061831,0.0,3.741733355862175,0.02806300016896631,-1000.0,1.8708666779310874,-13.619453456550298,0.0,-3.741733355862175,0.009354333389655438,0.18708666779310876,40.858360369650896,-234.18391416533413,-0.018708666779310875,-365.98329154370674,361.7345533181253,5.7996867015863725,0.018708666779310875,2.978419751265392,-141.3205993110064,0.0,-0.018708666779310875,-0.004677166694827719,0.0,-0.018708666779310875,-160.22837236044552,0.018708666779310875,-0.004677166694827719,-0.004677166694827719,-0.004677166694827719,7.48346671172435,-109.51586578617788,0.18708666779310876,342.57385566674026,-0.004677166694827719,80.46947628734773,0.9354333389655437,81.0496195191883,0.018708666779310875,0.009354333389655438,0.009354333389655438,-38.77173411822993,0.0,0.018708666779310875,0.0,0.18708666779310876,0.018708666779310875,-1000.0,0.018708666779310875,0.07483466711710207,0.09354333389641295,0.009354333389655438,0.004677166694827719,5.612600033793262,-0.018708666779310875,406.0312927241302,-74.76839466900697,-685.1477113334805,376.1565234569126,-1.8708666779310874,3.741733355862175,0.9354333389655437,-0.018708666779310875,3.7417333558621744,0.02806300016896631,-0.018708666779310875,77.54346823645986,0.0,407.1471835544156,0.009354333389655438,-162.0992390383766,-0.018708666779310875,-0.018708666779310875,-0.018708666779310875,0.009354333389655438,63.796553717450095,-3.741733355862175,0.018708666779310875,81.71672073930179,-0.004677166694827719,-0.02057953345724411,-81.71672073930179,2.8063000168966306,-271.78712586485744,484.66647173710317,63.796553717450095,-0.014031500084483155,365.98329154370674,234.18391416533413,0.018708666779310875,-0.004677166694827718,0.9354333389655437,18.708666779310875,-0.009354333389655438,-0.018708666779310875,0.004677166694827719,1000.0,0.0,999.9906456666104,657.4261443332598,-1000.0,0.0,429.7663570445118,-257.44158196709367,0.0,-295.4584680647329,1000.0,-405.2459839612793,0.0,147.72923403236646,500.0,-500.0,0.0,128.72079098354683,-361.77384151836156,-203.77323382456387,0.0,405.2459839612793,-203.77323382456387,-429.7663570445118,284.60804483879355,0.0,1496.5981,bhi
387,0.0,0.0,0.0,0.0,0.0,0.0,0.0,0.0,-0.09955477191345635,0.0,0.0,0.0,0.0,0.0,0.0,0.0,24.87677016178289,-792.2677605504803,0.0,1000.0,0.0,0.0,0.0,0.0,0.0,0.0,0.0,0.0,0.0,649.2916334211287,0.0,0.0,95.35762075239529,0.0,0.0,0.0,0.0,886.003487526021,0.0,-91.35506016579292,684.8059951734318,0.0,0.0,1000.0,0.0,0.0,0.0,0.0,-983.5951034431645,0.0,0.0,0.0,0.0,0.10951024910445994,0.0,0.0,0.0,19.91095438269127,0.0,0.0,98.66507759930391,0.0,1000.0,709.7448166835894,0.0,0.0,0.0,0.0,806.2303621820547,-186.05547294982557,0.0,0.9955477191345635,0.0,0.0,0.0,0.0,0.0,0.0,0.0,0.0,0.0,0.0,539.735138861528,0.0,59.732863148073804,0.0,22.207552459421123,1000.0,12.363719001956353,-24.727438003912706,-0.024888692978364088,0.0,0.0,500.74517258648797,29.866431574036902,0.0,29.866431574036902,0.0,493.3437946908437,0.0,573.058688692107,152.38087822257376,649.2916334211287,0.0,0.0,0.0,9.955477191345608,0.0,0.0,0.0,0.0,0.0,0.0,0.0,0.0,0.0,0.0,0.0,0.0,0.0,0.0,0.0,0.0,0.0,-824.4649652317141,0.0,0.0,29.866431574036902,0.0,30.861979293171466,0.0,0.0,171.01671774143452,49.22861431993476,-220.24533206136928,220.24533206136928,-388.9202609157145,-390.40625000000017,390.40625000000017,0.0,0.0,0.0,0.0,0.0,0.0,-509.86186896477074,0.09955477191345635,0.0,0.0,0.0,0.0,-271.0639895210629,0.0,0.0,33.323549830579054,0.0,705.7716584434642,0.0,0.0,0.0,0.0,0.0,-126.73386625408362,-126.73386625408362,0.0,0.0,0.0,0.0,-396.5221943101807,0.0,0.0,-126.63431148217016,0.0,0.0,0.0,-1000.0,-314.0802386343701,0.0,0.0,0.0,0.0,0.0,0.0,0.0,0.0,0.0,0.0,0.0,0.0,0.0,0.0,-277.60206852632825,0.0,0.0,0.0,0.0,0.0,0.0,0.0,12.363719001956353,-12.363719001956353,329.71646958589565,0.0,0.0,0.0,0.0,0.0,0.0,0.0,-395.71445516239515,0.0,0.0,0.0,0.0,0.0,0.0,0.0,0.0,0.0,0.0,0.0,0.0,0.0,563.4641217239678,-699.0695789049001,309.4266998602529,0.0,0.0,0.0,0.0,-329.71646958589565,0.0,0.0,0.0,0.0,98.66507759930391,-690.5733001397471,0.0,0.0,0.0,0.0,0.0,0.0,0.0,0.0,3.205663655614444,0.0,0.0,0.0,0.0,0.0,28.76861555879188,0.0,-309.4266998602529,0.0,0.0,388.9202609157145,-878.5431782655833,0.0,0.0,0.0,-150.77732496429383,0.0,0.0,-1000.0,-881.5078931612857,0.0,-1000.0,881.5078931612857,0.0,24.727438003912706,0.0,203.69106189464057,0.0,0.0,277.7578136385432,0.0,0.0,0.0,-94.14899504596457,0.0,94.14899504596457,0.0,-193.45607840426044,59.20379132981885,0.0,-538.3453294016058,0.0,0.0,0.0,98.66507759930391,-0.14933215787018453,0.0,0.0,0.0,0.0,0.09955477191345635,0.0,0.0,0.0,244.52997329667693,24.87677016178289,0.0,-262.82547381179995,23.7858549202915,314.0802386343701,475.5359028336891,0.0,0.0,0.0,0.0,0.0,0.0,0.0,-8.571665861748247,8.571665861748247,0.0,-1000.0,-1000.0,0.0,0.0,0.0,0.0,0.0,0.0,0.0,0.0,0.0,0.0,0.0,0.0,0.0,0.0,0.0,0.0,0.0,1000.0,0.0,113.59829338632251,33.323549830579054,0.0,0.0,1000.0,0.0,0.0,506.6562053091563,0.0,493.3437946908437,0.0,0.0,147.40313962690095,180.39425364215947,0.0,0.0,-2.4888692978364086,-995.1962816859624,-30.532724423211306,0.0,441.0515498951618,-575.1020502766307,0.0,-578.6793084091233,1000.0,0.0,-4.977738595672817,0.0,0.0,142.7795173912695,802.8406192810806,-365.1557517342159,29.866431574036902,0.0,0.0,0.0,0.0,0.0,0.0,0.0,-563.4641217239678,563.4641217239678,563.4641217239678,235.40803015119639,0.0,0.0,0.0,0.0,0.0,0.0,0.0,0.0,-147.17500079826442,0.0,0.0,239.13652391377957,0.0,0.0,0.0,0.0,-990.0445228086544,0.19910954382680757,0.0,0.0,0.0,0.0,0.0,0.0,0.0,0.0,0.0,0.0,0.0,0.0,0.0,0.0,0.0,0.0,0.0,0.0,0.0,0.10951024910445994,0.10951024910445994,0.0,117.52680303038586,0.0,59.732863148073804,0.0,0.0,0.0,1000.0,0.0,0.0,22.207552459421123,0.0,0.0,1000.0,-1000.0,0.0,0.0,0.0,0.0,0.0,239.13652391377957,0.0,0.0,0.0,0.0,0.0,0.0,0.0,274.82165507723806,-244.52997329667693,261.1085123297173,0.0,29.87326989675725,0.0,500.74517258648797,0.0,0.0,0.0,1000.0,0.0,-448.72555904694684,458.68103623829245,0.0,0.0,563.4641217239678,0.0,0.0,0.0,0.0,0.0,0.0,0.0,0.0,0.0,0.0,0.0,0.0,0.0,59.732863148073804,388.9202609157145,388.9202609157145,0.0,0.0,0.0,0.0,0.0,0.0,0.0,0.0,0.0,0.0,0.9955477191345635,0.0,0.0,22.207552459421123,-22.207552459421123,0.0,0.0,0.0,0.0,29.866431574036902,0.0,0.0,0.0,0.0,0.0,0.0,0.0,0.0,0.0,0.0,-868.3885915304107,-871.481119710699,0.0,29.866431574036902,29.866431574036902,1000.0,-1000.0,0.0,239.13652391377957,0.0,0.0,0.0,0.0,0.0,847.9782403867878,0.0,1000.0,0.09955477191345635,0.0,0.0,0.0,131.47629842199242,744.6810154661124,0.0,-500.74517258648797,0.0,-59.20379132981885,0.0,0.0,0.0,0.0,0.0,0.0,0.0,0.0,0.0,0.0,0.0,0.0,0.09955477191345635,0.0,0.0,0.0,-53.75432830809842,53.75432830809842,0.0,0.0,0.0,0.0,0.0,1000.0,0.0,0.0,-886.4017066136774,-7.466607893509263,-4.977738595672817,0.0,0.0,0.0,0.0,0.0,0.0,0.0,0.0,0.0,0.0,0.0,0.0,388.9202609157145,314.0802386343701,0.0,0.0,-217.3984957472736,0.0,0.0,0.0,-0.09955477191345635,0.0,0.0,0.09955477191345635,0.0,0.09955477191345635,0.0,560.9710979024103,0.0,59.732863148073804,121.45682173441674,121.45682173441674,0.0,0.0,0.0,0.0,0.0,0.0,0.0,261.1085123297173,0.0,0.0,0.0,0.0,0.0,0.0,0.0,0.0,0.0,0.0,0.0,0.0,0.0,0.0,0.0,0.0,0.0,0.0,0.0,0.0,0.0,0.0,0.0,0.14933215787018453,0.0,0.0,0.0,-29.866431574036902,0.0,0.0,0.0,0.0,0.0,-117.52680303038586,4.977738595672817,0.0,0.0,0.0,0.0,396.5221943101807,-1000.0,0.0,0.0,0.0,0.0,0.0,0.0,0.0,0.0,388.9202609157145,0.0,0.0,0.0,-445.9373186935819,0.0,616.729891326787,744.6810154661124,0.0,-493.3437946908437,493.3437946908437,0.0,33.323549830579054,-1000.0,0.0,4.977738595672817,590.862871021739,0.0,0.0,0.0,-191.59010571710667,0.0,0.0,0.0,0.0,0.0,0.0,0.0,0.0,0.0,124.99341092389513,-139.92662671091387,121.45682173441674,0.0,734.375,734.375,-734.375,0.0,0.0,0.0,0.0,0.0,3.205663655614444,0.0,0.0,0.0,-131.47629842199242,277.81357719761024,0.0,29.866431574036902,22.207552459421123,0.0,0.0,0.0,-36.320409079277226,0.0,0.0,0.10951024910445994,0.0,0.0,0.0,60.72841086720837,0.0,0.0,0.0,0.0,-699.0695789049001,0.0,9.955477191345608,0.0,0.0,0.0,0.0,0.0,0.0,1000.0,0.0,0.009955477191397222,0.009955477191345707,0.0,0.0,0.0,0.0,0.0,0.0,0.0,0.0,0.0,0.0,0.0,0.0,0.0,0.0,0.0,117.52680303038586,0.0,0.0,0.0,0.0,0.0,0.0,0.0,0.0,0.0,0.0,0.0,44.415104918842246,1000.0,-730.1505012249581,-792.2677605504803,0.0,0.0,0.0,59.732863148073804,0.0,0.0,0.0,0.0,0.0,0.0,-59.732863148073804,0.0,44.415104918842246,0.0,0.0,0.0,0.0,0.0,0.0,0.0,0.0,0.0,0.0,-1000.0,497.2698738079165,68.19501876071759,-29.866431574036902,0.0,0.0,886.003487526021,0.0,0.0,0.0,0.0,0.0,0.0,0.0,0.0,0.0,0.0,0.0,0.0,0.0,0.0,0.0,0.0,0.0,-12.444346489182081,388.9202609157145,-154.86974752041021,132.46001881740438,0.0,0.0,0.0,0.0,0.0,-1000.0,998.7555653510816,180.49855062884305,0.0,0.0,0.0,0.0,0.0,0.0,0.0,1000.0,29.866431574036902,29.866431574036902,0.0,0.0,0.0,0.0,0.0,0.10951024910445994,117.52680303038586,0.0,0.0,-886.003487526021,0.0,0.0,0.0,0.0,0.0,0.0,0.0,0.0,0.0,0.0,0.0,0.0,0.0,0.0,280.48554895120515,0.0,0.0,0.0,0.0,104.53251050912915,29.87326989675725,0.0,0.0,0.0,0.0,0.0,117.52680303038586,0.0,995.0222614043272,0.0,0.0,0.0,-12.444346489182081,0.0,0.0,0.0,0.0,0.0,0.0,0.0,0.0,0.0,0.0,0.0,0.0,0.0,0.0,0.0,0.0,0.0,0.0,-0.09955477191345635,0.0,0.0,4.977738595672817,-1000.0,0.0,0.0,0.0,0.0,388.9202609157145,0.0,0.0,0.0,8.571665861748247,2.4888692978364086,0.0,0.0,0.0,0.09955477191345635,0.0,99.55477191345634,-30.861979293171466,19.91095438269127,0.7111055136675453,277.7578136385432,-0.07466607893509226,578.6793084091233,1.991095438269127,-0.4977738595698611,-277.7578136385432,29.866431574036902,-0.09955477191345635,0.0,239.13652391377957,0.024888692978364088,0.7111055136675454,0.0,-38.05667214804447,-1.9910954382690988,-232.60900961130264,-0.09955477191345635,0.024888692978364088,-277.7578136385432,9.955477191345635,0.09955477191345635,0.09955477191345635,-117.31773800936794,-22.098042210316322,-340.7211280949373,-0.07466607893509226,29.866431574036902,0.09955477191345635,29.866431574036902,-49.77738595672817,-0.049777385956728176,-365.0505303485269,319.6614376226366,-0.07466607893509226,-0.09955477191345635,-30.861979293171466,0.09955477191345635,9.955477191345635,-1.991095438269127,0.0,0.0,-9.955477191345635,232.60900961130264,0.0,19.91095438269127,0.14933215787018453,-1000.0,9.955477191345635,-274.82165507723806,239.13652391377957,-19.91095438269127,0.049777385956728176,0.9955477191345635,65.70636845294999,-426.02636431089064,-0.09955477191345635,-139.92662671091387,117.31773800936794,30.861979293171466,0.09955477191345635,38.05667214804447,119.67079761763176,239.13652391377957,-0.09955477191345635,-0.024888692978364088,-239.13652391377957,-0.09955477191345635,-1000.0,0.09955477191340378,-0.024888692978364088,-0.024888692978364088,-0.024888692978364088,39.82190876538254,49.77738595672817,0.9955477191345635,73.75764164138309,-0.024888692978364088,131.41273690589998,4.977738595672817,500.0,0.09955477191345635,0.049777385956728176,0.049777385956728176,99.921843483326,30.861979293171466,0.09955477191345635,-30.861979293171466,0.9955477191345635,0.09955477191345635,-73.75764164138309,0.09955477191345635,0.3982190876564573,0.4977738595698611,0.049777385956728176,0.024888692978364088,29.866431574036902,-0.09955477191345635,340.7211280949373,0.9955477191345494,-147.51528328276618,576.1904391112869,-9.955477191345635,19.91095438269127,4.977738595672817,-0.09955477191345635,0.0,0.14933215787018453,-0.09955477191345635,-199.843686966652,30.861979293171466,276.7536364419666,0.049777385956728176,-1000.0,-0.09955477191345635,-0.09955477191340378,-0.09955477191345635,0.049777385956728176,277.7578136385432,-19.91095438269127,0.09955477191345635,131.41273690589998,-0.024888692978364088,22.098042210316322,-131.41273690589998,14.93321578701845,-319.6614376226366,88.00912938316988,277.7578136385432,-0.07466607893509226,139.92662671091387,426.02636431089064,0.09955477191345635,-0.024888692978364088,4.977738595672817,99.55477191345634,-0.049777385956728176,-0.09955477191345635,0.024888692978364088,1000.0,0.0,999.9502226140432,0.0,-736.8109514177384,0.0,313.46918577800227,647.1232342544301,0.0,808.3415574030871,-1000.0,-375.5323333797609,0.0,-404.17077870154355,368.4054757088692,500.0,0.0,-323.5616171272151,-117.52680303038586,-240.4332273626894,0.0,375.5323333797609,-240.4332273626894,-313.46918577800227,91.92145548451244,0.0,1496.5981,bhi
388,0.0,0.0,0.0,0.0,0.0,0.0,0.0,0.0,-0.19780260494981114,0.0,0.0,0.0,0.0,0.0,0.0,0.0,448.70579335638814,-83.4082064417956,0.0,0.0,0.0,0.0,0.0,158.79257102661842,0.0,0.0,0.0,0.0,0.0,0.0,0.0,0.0,780.3985103222795,0.0,0.0,0.0,0.0,471.64488656179947,0.0,-1000.0,940.6592185150566,0.0,0.0,0.0,0.0,0.0,0.0,0.0,12.948506963926391,-130.8758149638805,0.0,461.710071669222,0.0,0.21758286544434213,0.0,0.0,0.0,39.56052098996223,0.0,0.0,20.413867280065517,0.0,894.7903093603222,801.70312657245,0.0,0.0,0.0,0.0,0.0,0.0,0.0,1.9780260494981114,0.0,0.0,0.0,0.0,0.0,0.0,0.0,0.0,0.0,0.0,0.0,0.0,118.68156296988668,0.0,0.0,892.8946014421958,-78.8912211712152,0.0,512.6312073387519,0.0,0.0,0.0,59.34078148494334,0.0,59.34078148494334,-6.36924387938177,0.0,0.0,0.0,9.890130247490557,0.0,0.0,0.0,-299.6557788960076,0.0,0.0,0.0,0.0,0.0,0.0,0.0,0.0,0.0,0.0,0.0,0.0,0.0,0.0,0.0,0.0,0.0,0.0,-1000.0,0.0,0.0,59.34078148494334,0.0,61.31880753444145,0.0,0.0,-359.99772639823277,359.99772639823277,0.0,0.0,-1000.0,0.0,0.0,886.4989499320621,0.0,0.0,0.0,0.0,0.0,15.230800581135554,0.19780260494981114,512.6806579899893,0.0,0.0,0.0,0.0,0.0,0.0,0.0,0.0,1000.0,0.0,0.0,0.0,0.0,0.0,419.50809042150206,419.50809042150206,0.0,0.0,0.0,140.625,-419.73191642162965,0.0,0.0,419.70589302645186,0.0,0.0,0.0,359.34933903763607,0.0,0.0,0.0,0.0,0.0,0.0,0.0,0.0,0.0,0.0,-537.7511555852748,0.0,0.0,0.0,0.0,-1000.0,0.0,0.0,0.0,0.0,0.0,130.8758149638805,-461.710071669222,78.8912211712152,-78.8912211712152,113.50105006793785,0.0,0.0,0.0,0.0,0.0,0.0,0.0,-329.61208791978834,0.0,0.0,0.0,0.0,0.0,0.0,0.0,0.0,0.0,0.0,0.0,0.0,0.0,0.0,156.0020072275302,0.05577134890745583,0.0,0.0,0.0,0.0,266.50492650460745,0.0,0.0,0.0,0.0,20.413867280065517,0.05577134890745583,0.0,0.0,0.0,0.0,0.0,0.0,0.0,0.0,0.0,0.0,0.0,0.0,157.7824423424304,0.0,523.0242579081151,0.0,-0.05577134890745583,0.0,0.0,113.50105006793785,0.0,0.0,0.0,0.0,7.669018257102266,0.0,0.0,0.0,0.0,943.9936654831253,-943.9936654831254,943.9936654831253,0.0,0.0,0.0,-448.6500220074807,130.8758149638805,0.0,171.86329123742775,0.0,0.0,0.0,-238.67397867820654,0.0,238.67397867820654,0.0,419.31028781655226,0.0,0.0,-584.5680798772026,140.625,0.0,0.0,20.413867280065517,-0.2967039074247167,0.0,0.0,0.0,0.0,0.19780260494981114,0.0,0.0,0.0,560.6532419425113,448.70579335638814,0.0,-959.9521874196374,1000.0,0.0,1000.0,0.0,0.0,0.0,-299.6557788960076,0.0,0.0,0.0,430.50341188516285,-430.50341188516285,0.0,-55.4706540582506,-1000.0,0.0,0.0,0.0,0.0,0.0,0.0,0.0,0.0,0.0,0.0,0.0,0.0,0.0,0.0,0.0,0.0,0.0,1000.0,0.0,527.563903018398,0.0,0.0,0.0,0.0,0.0,516.1813469117725,-15.230800581135554,0.0,0.0,0.0,0.0,0.0,0.0,233.50651702190433,103.62443850410077,0.0,430.50341188516285,-328.2282871079522,0.0,0.0,-713.8754237362618,-233.50651702190433,-113.51456875159133,0.0,-4.9450651237452785,-9.890130247490557,0.0,0.0,0.0,1000.0,-355.57379335325294,59.34078148494334,0.0,0.0,0.0,1000.0,0.0,0.0,0.0,0.0,0.0,0.0,-216.98309553729266,0.0,0.0,0.0,0.0,0.0,0.0,0.0,0.0,-72.67331550780682,0.0,421.87499999999864,0.0,0.0,0.0,0.0,0.0,96.66122574258686,0.3956052098997134,0.0,0.0,0.0,0.0,0.0,0.0,0.0,0.0,0.0,0.0,0.0,0.0,0.0,0.0,0.0,0.0,0.0,0.0,0.0,0.21758286544434213,0.21758286544434213,0.0,95.97363889413174,0.0,118.68156296988668,0.0,0.0,0.0,1000.0,0.0,0.0,0.0,0.0,0.0,1000.0,-1000.0,0.0,0.0,0.0,0.0,0.0,0.0,0.0,0.0,0.0,0.0,0.0,0.0,0.0,333.3333333333333,-560.6532419425113,0.0,0.0,15.230800581135554,0.0,0.0,0.0,-380.0059765725453,0.0,1000.0,0.0,96.66122574258686,1000.0,0.0,0.0,0.0,0.0,0.0,0.0,0.0,0.0,0.0,0.0,0.0,0.0,0.0,0.0,0.0,0.0,118.68156296988668,113.50105006793785,113.50105006793785,0.0,0.0,0.0,0.0,0.0,0.0,0.0,0.0,0.0,0.0,1.9780260494981114,0.0,0.0,0.0,0.0,0.0,-461.710071669222,0.0,0.0,59.34078148494334,0.0,0.0,0.0,0.0,0.0,0.0,0.0,0.0,0.0,0.0,626.5026529028403,0.0,0.0,59.34078148494334,59.34078148494334,1000.0,-1000.0,0.0,0.0,0.0,0.0,0.0,0.0,0.0,874.3206707313492,0.0,1000.0,0.19780260494981114,0.0,0.0,0.0,261.2265973512184,84.42572678767755,0.0,0.0,0.0,0.0,0.0,0.0,0.0,0.0,0.0,0.0,0.0,0.0,0.0,0.0,0.0,0.0,0.19780260494981114,0.0,0.0,0.0,0.0,0.0,0.0,0.0,0.0,0.0,-15.230800581135554,0.0,0.0,0.0,-472.43609698160196,-14.835195371235836,-9.890130247490557,0.0,0.0,765.6249999999999,765.6249999999999,-765.625,0.0,0.0,0.0,0.0,0.0,0.0,0.0,113.50105006793785,0.0,0.0,0.0,-345.6836631057624,0.0,0.0,0.0,-0.19780260494981114,0.0,0.0,0.19780260494981114,0.0,0.19780260494981114,0.0,0.0,0.0,118.68156296988668,241.31917803876956,241.31917803876956,0.0,0.0,0.0,0.0,0.0,0.0,0.0,0.0,0.0,0.0,0.0,0.0,447.53421617134114,0.0,0.0,0.0,0.0,0.0,0.0,0.0,0.0,0.0,0.0,0.0,0.0,0.0,0.0,380.0059765725453,0.0,0.0,0.0,0.2967039074247167,0.0,0.0,0.0,-59.34078148494334,0.0,0.0,0.0,0.0,0.0,-95.97363889413174,9.890130247490557,0.0,0.0,0.0,-140.625,419.7319164216296,0.0,0.0,0.0,421.87499999999864,0.0,0.0,0.0,0.0,0.0,113.50105006793785,0.0,0.0,-1000.0,95.97363889413174,0.0,695.1132376989381,-215.23005210833003,0.0,0.0,0.0,0.0,0.0,-241.31917803876956,0.0,9.890130247490557,231.22039560205963,0.0,0.0,0.0,-72.67331550780682,859.3749999999991,-859.3749999999991,0.0,0.0,0.0,0.0,0.0,0.0,0.0,648.5599898506423,-140.47922500783926,241.31917803876956,0.0,0.0,0.0,0.0,0.0,0.0,0.0,0.0,0.0,0.0,0.0,0.0,0.0,-261.2265973512184,-430.7632967979056,0.0,59.34078148494334,0.0,0.0,0.0,0.0,227.38173825034596,0.0,0.0,0.21758286544434213,0.0,0.0,0.0,120.65958901938478,0.0,0.0,0.0,0.0,156.0020072275302,0.0,0.0,0.0,0.0,0.0,0.0,0.0,0.0,-1000.0,0.0,0.019780260494981116,0.019780260494981116,0.0,0.0,0.0,0.0,0.0,0.0,0.0,0.0,0.0,0.0,0.0,0.0,0.0,0.0,0.0,95.97363889413174,0.0,0.0,0.0,0.0,0.0,0.0,0.0,130.8758149638805,0.0,0.0,0.0,0.0,0.0,0.0,-83.4082064417956,0.0,0.0,0.0,118.68156296988668,0.0,0.0,0.0,0.0,0.0,0.0,-118.68156296988668,0.0,0.0,0.0,0.0,0.0,0.0,0.0,0.0,0.0,0.0,0.0,0.0,-1000.0,818.8500166730986,583.0290005619618,0.0,-59.34078148494334,0.0,471.64488656179947,0.0,0.0,0.0,0.0,0.0,0.0,0.0,0.0,0.0,0.0,0.0,0.0,0.0,0.0,0.0,0.0,0.0,-24.725325618726394,113.50105006793785,-14.835195371235836,573.1782458079446,0.0,0.0,0.0,0.0,0.0,-1000.0,997.5274674381274,72.67331550780682,0.0,0.0,0.0,0.0,0.0,0.0,0.0,1000.0,59.34078148494334,59.34078148494334,0.0,0.0,0.0,0.0,0.0,0.21758286544434213,95.97363889413174,0.0,0.0,-471.64488656179947,0.0,0.0,0.0,0.0,0.0,0.0,0.0,0.0,0.0,0.0,0.0,0.0,0.0,0.0,0.0,0.0,0.0,0.0,0.0,207.6927351973017,15.230800581135554,0.0,0.0,0.0,0.0,0.0,95.97363889413174,0.0,-16.259374126872327,0.0,0.0,0.0,-24.725325618726394,0.0,0.0,0.0,0.0,0.0,0.0,0.0,0.0,0.0,0.0,0.0,0.0,0.0,0.0,0.0,0.0,0.0,0.0,-0.19780260494981114,0.0,0.0,9.890130247490557,-1000.0,0.0,0.0,0.0,0.0,113.50105006793785,0.0,0.0,0.0,-430.50341188516285,4.9450651237452785,0.0,0.0,0.0,0.19780260494981114,0.0,197.80260494981113,-61.31880753444145,39.56052098996223,1.412875749641508,551.869267809973,-0.14835195371235835,9.890130247490555,3.956052098996223,-0.9890130247522961,-551.869267809973,59.34078148494334,-0.19780260494981114,99.88525963200253,0.0,0.049450651237452785,1.412875749641508,-299.6557788960076,-31.49017470800788,-3.956052098996223,-365.29758691459256,-0.19780260494981114,0.049450651237452785,-551.869267809973,19.780260494981114,0.19780260494981114,0.19780260494981114,-95.55825342373758,0.21758286544479225,0.0,-0.14835195371235835,59.34078148494334,0.19780260494981114,59.34078148494334,-98.90130247490558,-0.09890130247490557,-400.68844220798485,-286.4829896045384,-0.14835195371235835,-0.19780260494981114,-61.31880753444145,0.19780260494981114,19.780260494981114,-3.956052098996223,380.0059765725453,380.0059765725453,-19.780260494981114,365.29758691459256,-380.0059765725453,39.56052098996223,0.2967039074247167,-1000.0,19.780260494981114,-333.3333333333333,0.0,-39.56052098996223,0.09890130247490557,1.9780260494981114,239.98804685490936,135.53415988409398,-0.19780260494981114,-140.47922500783926,95.55825342373758,61.31880753444145,0.19780260494981114,31.49017470800788,-237.36312593977345,0.0,-0.19780260494981114,-0.049450651237452785,0.0,-0.19780260494981114,96.66122574258686,0.19780260494997037,-0.049450651237452785,-0.049450651237452785,-0.049450651237452785,79.12104197992446,98.90130247490558,1.9780260494981114,291.8603284954572,-0.049450651237452785,380.09083407781617,9.890130247490557,-38.44048262380288,0.19780260494981114,0.09890130247490557,0.09890130247490557,19.780260494981114,61.31880753444145,0.19780260494981114,-61.31880753444145,1.9780260494981114,0.19780260494981114,-582.4869756019903,0.19780260494981114,0.7912104198024963,0.9890130247522961,0.09890130247490557,0.049450651237452785,59.34078148494334,-0.19780260494981114,0.0,1.9780260494981114,-583.7206569909144,4.94506512374528,-19.780260494981114,39.56052098996223,9.890130247490557,-0.19780260494981114,299.6557788960076,0.2967039074247167,-0.19780260494981114,-39.56052098996223,61.31880753444145,161.81786111481188,0.09890130247490557,76.88096524760576,-0.19780260494981114,-0.19780260494997037,-0.19780260494981114,0.09890130247490557,551.869267809973,-39.56052098996223,0.19780260494981114,479.9760937098187,-0.049450651237452785,-0.21758286544479225,-479.9760937098187,29.670390742471668,286.4829896045384,64.12221048010548,551.869267809973,-0.14835195371235835,140.47922500783926,-135.53415988409398,0.19780260494981114,-0.04945065123745278,9.890130247490557,197.80260494981113,-0.09890130247490557,-0.19780260494981114,0.049450651237452785,134.85925890724775,0.0,999.9010986975251,290.626647106533,801.0021927416038,0.0,764.8769507925454,-1000.0,0.0,-561.6281814332667,-607.3473733443395,-734.6737586889003,0.0,280.81409071663336,-400.5010963708019,303.67368667216977,0.0,500.0,-95.97363889413174,-389.19959936515784,0.0,734.6737586889003,-389.19959936515784,-764.8769507925454,491.22990811866885,0.0,1496.5981,bhi
389,0.0,0.0,0.0,0.0,0.0,0.0,0.0,0.0,-0.1942953358901684,0.0,0.0,0.0,0.0,0.0,0.0,0.0,0.0,0.0,0.0,178.16895774015438,0.0,0.0,0.0,743.1415659531974,0.0,305.02892771248275,0.0,0.0,0.0,-325.80132199470904,0.0,0.0,611.8548900728223,0.0,0.0,0.0,0.0,1000.0,0.0,-1000.0,941.7113992329495,0.0,0.0,920.8416898929563,0.0,0.0,0.0,0.0,-665.6949957797347,0.0,0.0,-794.8501375400458,0.0,0.21372486947893776,0.0,0.0,0.0,38.859067178033676,0.0,0.0,-19.382090277718078,0.0,19.382090277718078,0.0,0.0,0.0,0.0,0.0,1000.0,-1000.0,0.0,1.9429533589016839,0.0,0.0,0.0,0.0,0.0,0.0,0.0,0.0,0.0,0.0,439.44360381587956,0.0,116.57720153410102,0.0,0.0,464.13500099976835,642.7024396694635,0.0,-0.0485738339725421,0.0,0.0,482.0027570948439,58.28860076705051,0.0,58.28860076705051,-338.15512883862914,0.0,0.0,439.44360381587956,282.8939451080894,-1000.0,0.0,0.0,-383.85118300400524,0.0,0.0,0.0,0.0,0.0,0.0,0.0,0.0,0.0,0.0,0.0,0.0,0.0,0.0,0.0,0.0,0.0,0.0,-860.0296381176513,0.0,0.0,58.28860076705051,0.0,60.2315541259522,0.0,0.0,-795.7491324774921,795.7491324774921,0.0,0.0,855.9738208599524,0.0,0.0,-855.9738208599524,0.0,0.0,0.0,0.0,0.0,-424.48286295233663,0.1942953358901684,0.0,0.0,0.0,0.0,0.0,0.0,0.0,0.0,0.0,1000.0,0.0,0.0,0.0,0.0,0.0,725.0425086653308,725.0425086653308,0.0,0.0,0.0,0.0,944.7353066552594,0.0,0.0,725.2368040012211,0.0,0.0,0.0,334.5588037353831,-377.3839069360864,0.0,0.0,0.0,0.0,0.0,0.0,0.0,0.0,0.0,-243.93754483762083,0.0,0.0,0.0,0.0,-433.0201484550049,0.0,0.0,0.0,0.0,0.0,0.0,794.8501375400458,-357.5890033343718,357.5890033343718,0.0,0.0,0.0,0.0,0.0,0.0,0.0,674.198678005291,-950.5541344950848,0.0,0.0,0.0,0.0,0.0,0.0,0.0,0.0,0.0,0.0,0.0,0.0,0.0,601.7320664857747,-220.4318580054196,196.6461802343979,0.0,0.0,0.0,0.0,204.25086752250786,0.0,0.0,0.0,0.0,-19.382090277718078,-724.1955096585584,0.0,0.0,0.0,0.0,0.0,0.0,0.0,0.0,0.0,0.0,0.0,0.0,-0.2914430038352407,1000.0,235.70113942570777,0.0,-196.6461802343979,0.0,0.0,0.0,237.04030978600542,0.0,0.0,0.0,-352.7065621350465,0.0,0.0,-1000.0,-513.0676491203052,0.0,-1000.0,513.0676491203052,0.0,285.1134363350917,0.0,-772.7101883542969,0.0,0.0,337.83311961106193,0.0,0.0,0.0,0.0,0.0,0.0,0.0,1000.0,0.0,0.0,-667.4219004161666,0.0,0.0,0.0,-19.382090277718078,-0.29144300383525257,0.0,0.0,0.0,0.0,0.1942953358901684,0.0,0.0,0.0,170.48068016544647,0.0,0.0,-585.9959014406105,-409.07593846135256,377.3839069360864,1000.0,0.0,-99.9439243916821,0.0,-383.85118300400524,0.0,0.0,0.0,19.55164251787399,0.0,80.39228187380812,-1000.0,-435.7734027022218,0.0,0.0,0.0,0.0,0.0,0.0,0.0,0.0,0.0,0.0,0.0,0.0,0.0,0.0,0.0,0.0,0.0,-9.442983292888776,0.0,-1000.0,0.0,0.0,331.89881902296077,1000.0,0.0,0.0,424.48286295233663,0.0,0.0,0.0,0.0,273.17917831358096,-1000.0,0.0,-1000.0,0.0,0.0,926.1357801577539,0.0,-273.64286891410484,-104.64855367383221,0.0,353.69564404870107,-166.68159273855585,-4.8573833972542095,-9.714766794508419,-482.98621281897647,0.0,547.9067096766814,1000.0,0.0,58.28860076705051,0.0,0.0,0.0,334.14612942831525,0.0,0.0,0.0,-601.7320664857747,601.7320664857747,601.7320664857747,556.2446415613852,0.0,0.0,-275.15178667055926,0.0,0.0,674.198678005291,0.0,0.0,-38.764180555436155,0.0,0.0,0.0,0.0,0.0,0.0,0.0,-278.7204587724701,0.3885906717805483,0.0,0.0,0.0,0.0,0.0,0.0,0.0,0.0,0.0,0.0,0.0,0.0,0.0,0.0,0.0,0.0,0.0,0.0,0.0,0.21372486947893776,0.21372486947893776,0.0,141.21690374332508,0.0,116.57720153410102,0.0,0.0,0.0,1000.0,0.0,0.0,0.0,0.0,0.0,1000.0,-1000.0,0.0,0.0,0.0,0.0,0.0,0.0,0.0,0.0,0.0,0.0,0.0,0.0,0.0,286.6765460392171,-170.48068016544647,0.0,0.0,14.960740863542924,0.0,277.751889572336,204.25086752250792,0.0,0.0,955.7126199087172,0.0,0.0,721.2795412275299,0.0,0.0,601.7320664857747,0.0,0.0,0.0,0.0,0.0,0.0,0.0,0.0,0.0,0.0,0.0,0.0,0.0,116.57720153410102,0.0,0.0,0.0,0.0,0.0,0.0,0.0,0.0,0.0,0.0,0.0,0.0,1.9429533589016839,0.0,0.0,0.0,0.0,0.0,794.8501375400458,0.0,0.0,58.28860076705051,0.0,0.0,0.0,0.0,0.0,0.0,0.0,0.0,0.0,0.0,1000.0,0.0,0.0,58.28860076705051,58.28860076705051,1000.0,-1000.0,0.0,0.0,0.0,0.0,0.0,0.0,0.0,1000.0,674.198678005291,691.1567404648325,0.1942953358901684,0.0,0.0,0.0,256.5947475195231,0.0,0.0,-482.0027570948439,0.0,0.0,0.0,0.0,0.0,0.0,3.406721545483291,0.0,0.0,0.0,0.0,0.0,0.0,0.0,0.1942953358901684,0.0,0.0,0.0,0.0,0.0,0.0,0.0,0.0,0.0,0.0,765.8246652681862,0.0,0.0,-1000.0,-14.572150191762603,0.0,-9.714766794508419,0.0,0.0,0.0,0.0,0.0,0.0,0.0,0.0,0.0,0.0,0.0,0.0,377.3839069360864,0.0,0.0,557.6214764711898,0.0,0.0,0.0,-0.1942953358901684,0.0,0.0,0.1942953358901684,0.0,0.1942953358901684,10.220164636449873,0.0,0.0,116.57720153410102,237.04030978600542,237.04030978600542,0.0,0.0,0.0,0.0,0.0,0.0,0.0,0.0,0.0,674.198678005291,0.0,0.0,0.0,36.28047093801724,0.0,0.0,0.0,0.0,0.0,0.0,0.0,0.0,0.0,0.0,0.0,0.0,0.0,204.25086752250792,0.0,-294.8087630760329,294.8087630760329,0.29144300383525257,0.0,0.0,0.0,-58.28860076705051,0.0,0.0,0.0,0.0,0.0,-141.21690374332508,9.714766794508419,0.0,0.0,0.0,0.0,-944.7353066552594,-6.256309815668374,-9.714766794508419,0.0,0.0,0.0,0.0,0.0,0.0,0.0,0.0,0.0,0.0,0.0,-460.5151627424496,0.0,73.73278249118624,-383.85118300400524,9.442983292888776,418.22655313666826,0.0,-427.669536429557,0.0,0.0,0.0,9.714766794508419,241.44502598379313,0.0,0.0,0.0,-38.764180555436155,0.0,0.0,674.6897839641348,-674.6897839641348,0.0,0.0,0.0,0.0,0.0,348.77221663161447,-133.97897217751904,237.04030978600542,0.0,0.0,0.0,0.0,0.0,0.0,0.0,0.0,0.0,0.0,0.0,0.0,50.954382141093866,-256.5947475195231,-615.516371280863,0.0,58.28860076705051,0.0,0.0,0.0,0.0,-47.6810763122504,0.0,0.0,0.21372486947893776,0.0,0.0,0.0,118.52015489300271,0.0,0.0,0.0,0.0,-220.4318580054196,0.0,0.0,0.0,0.0,0.0,0.0,0.0,0.0,0.0,0.0,0.01942953358901711,0.01942953358901711,0.0,0.0,0.0,0.0,0.0,10.220164636449873,0.0,0.0,0.0,0.0,0.0,0.0,0.0,0.0,0.0,141.21690374332508,0.0,0.0,0.0,0.0,0.0,0.0,0.0,0.0,0.0,0.0,0.0,0.0,-465.3860888538314,0.0,0.0,0.0,0.0,0.0,116.57720153410102,0.0,0.0,0.0,0.0,0.0,0.0,-116.57720153410102,0.0,0.0,0.0,0.0,0.0,0.0,0.0,0.0,0.0,0.0,0.0,0.0,-126.93014316705433,-1000.0,169.37277602278257,0.0,-58.28860076705051,0.0,989.7798353635501,0.0,0.0,0.0,0.0,0.0,0.0,0.0,0.0,0.0,257.8125,0.0,-257.8125,-257.8125,0.0,0.0,0.0,0.0,-24.286916986271024,0.0,-287.7513285053436,155.68729292377367,0.0,0.0,0.0,0.0,0.0,0.0,-2.428691698627104,38.764180555436155,0.0,0.0,0.0,0.0,0.0,0.0,0.0,1000.0,58.28860076705051,58.28860076705051,0.0,0.0,0.0,0.0,0.0,0.21372486947893776,141.21690374332508,0.0,0.0,-1000.0,0.0,0.0,0.0,0.0,0.0,0.0,0.0,0.0,0.0,0.0,0.0,0.0,0.0,0.0,0.0,0.0,0.0,0.0,0.0,204.01010268467678,14.960740863542924,0.0,0.0,0.0,0.0,0.0,141.21690374332508,0.0,0.0,0.0,0.0,0.0,-24.286916986271024,0.0,0.0,0.0,0.0,0.0,0.0,0.0,0.0,0.0,0.0,0.0,0.0,0.0,0.0,0.0,0.0,0.0,0.0,-0.1942953358901684,0.0,0.0,9.714766794508419,-1000.0,0.0,0.0,0.0,0.0,0.0,0.0,0.0,0.0,-19.55164251787399,4.8573833972542095,0.0,0.0,305.02892771248275,0.1942953358901684,0.0,194.29533589016836,-60.2315541259522,38.859067178033676,1.387823827786917,542.0839871335698,-0.14572150191762628,646.3043559512989,3.8859067178033677,9.248687956998609,-542.0839871335698,58.28860076705051,-0.1942953358901684,127.95039433466842,0.0,0.0485738339725421,1.387823827786917,-383.85118300400524,-30.93181747371972,-3.8859067178033677,-178.16895774015438,-0.1942953358901684,0.0485738339725421,-542.0839871335698,19.429533589016838,0.1942953358901684,0.1942953358901684,-140.80888353795598,0.2137248694791855,-122.872982837282,-0.14572150191762628,58.28860076705051,0.1942953358901684,58.28860076705051,-97.14766794508418,-0.0971476679450842,-109.42465115470759,-223.87469644741486,-0.14572150191762628,-0.1942953358901684,-60.2315541259522,0.1942953358901684,19.429533589016838,-3.8859067178033677,204.25086752250792,204.25086752250792,-19.429533589016838,178.16895774015438,-204.25086752250792,38.859067178033676,0.29144300383525257,-1000.0,19.429533589016838,-286.6765460392171,0.0,-38.859067178033676,0.0971476679450842,1.9429533589016839,146.49897536015263,-421.6560955644159,-0.1942953358901684,-184.9333543186129,140.80888353795598,60.2315541259522,0.1942953358901684,30.93181747371972,-233.15440306820244,0.0,-0.1942953358901684,-0.0485738339725421,0.0,-0.1942953358901684,-278.7204587724701,0.19429533589017672,-0.0485738339725421,-0.0485738339725421,-0.0485738339725421,77.71813435606735,97.14766794508418,1.9429533589016839,143.94855697763433,-0.0485738339725421,165.04755638563682,9.714766794508419,149.07499618074348,0.1942953358901684,0.0971476679450842,0.0971476679450842,19.429533589016838,60.2315541259522,0.1942953358901684,-60.2315541259522,1.9429533589016839,0.1942953358901684,-143.94855697763433,0.1942953358901684,0.7771813435610966,-9.248687956998609,0.0971476679450842,0.0485738339725421,58.28860076705051,-0.1942953358901684,122.872982837282,1.9429533589016839,-287.89711395526865,641.4469725540447,-19.429533589016838,38.859067178033676,9.714766794508419,-0.1942953358901684,383.85118300400524,0.29144300383525257,-0.1942953358901684,-38.859067178033676,60.2315541259522,287.95887625290464,0.0971476679450842,-298.14999236148697,-0.1942953358901684,-0.19429533589017672,-0.1942953358901684,0.0971476679450842,542.0839871335698,-38.859067178033676,0.1942953358901684,292.99795072030525,-0.0485738339725421,-0.2137248694791855,-292.99795072030525,29.144300383525252,223.87469644741486,80.48415102470533,542.0839871335698,-0.14572150191762628,184.9333543186129,421.6560955644159,0.1942953358901684,-0.048573833972542085,9.714766794508419,194.2953358901684,-0.0971476679450842,-0.1942953358901684,0.0485738339725421,0.0,0.0,714.7894159969632,0.0,-1000.0,0.0,565.5137074679072,-1000.0,0.0,1000.0,-545.3986551637288,-112.59184966921993,-285.1134363350917,-500.0,500.0,272.6993275818644,0.0,500.0,-141.21690374332508,-240.27779994065423,285.1134363350917,112.59184966921993,-240.27779994065423,-565.5137074679072,389.6192884735464,0.0,1496.5981,bhi
390,0.0,0.0,0.0,0.0,0.0,0.0,0.0,0.0,-0.06847116737487113,0.0,0.0,0.0,0.0,0.0,0.0,0.0,-104.3213051074224,437.92484298152,0.0,-337.244957637538,0.0,0.0,0.0,793.8087067119352,0.0,0.0,0.0,0.0,0.0,-863.6020705462408,0.0,0.0,0.0,0.0,0.0,0.0,0.0,241.40347599030156,0.0,-1000.0,207.8362562239679,0.0,-422.54857235147745,0.0,0.0,0.0,0.0,0.0,371.1238548873375,0.0,0.0,0.0,0.0,0.07531828411242714,0.0,0.0,0.0,13.694233474974226,0.0,0.0,122.61125990283159,0.0,263.3126022260986,0.0,0.0,0.0,0.0,0.0,682.5389166997492,-682.5389166997492,0.0,0.6847116737487113,0.0,0.0,0.0,0.0,0.0,0.0,0.0,0.0,0.0,0.0,0.0,0.0,41.08270042492268,0.0,0.0,0.0,-122.83039523699915,368.01964225231205,-0.017117791843717783,0.0,0.0,454.5224221109388,20.54135021246134,0.0,368.10458880672087,0.0,0.0,0.0,0.0,587.6397398254751,-863.6020705462408,0.0,0.0,-266.3565269193669,0.0,0.0,0.0,0.0,0.0,0.0,0.0,0.0,0.0,0.0,0.0,0.0,0.0,0.0,0.0,0.0,0.0,0.0,-694.8752250931528,0.0,0.0,368.10458880672087,0.0,21.226061886210047,0.0,0.0,-1000.0,355.407656764774,644.592343235226,-644.592343235226,0.0,0.0,0.0,-385.9238621289302,0.0,0.0,0.0,0.0,0.0,5.272279887865352,0.06847116737487113,0.0,0.0,0.0,0.0,0.0,0.0,0.0,0.0,0.0,553.8646509199069,0.0,0.0,0.0,0.0,0.0,325.4337450024919,325.4337450024919,0.0,0.0,0.0,0.0,247.04052932493994,0.0,0.0,325.50221616986676,0.0,0.0,0.0,-1000.0,0.0,0.0,0.0,0.0,0.0,0.0,0.0,0.0,0.0,0.0,-382.0363471461937,0.0,0.0,0.0,0.0,-1000.0,0.0,0.0,0.0,0.0,0.0,0.0,422.54857235147745,122.83039523699915,-122.83039523699915,385.9238621289302,0.0,0.0,0.0,0.0,0.0,0.0,0.0,-178.29206500546127,0.0,0.0,0.0,0.0,0.0,0.0,0.0,0.0,0.0,0.0,0.0,0.0,0.0,468.98450596743805,-507.93255553638755,174.25094841484832,0.0,0.0,0.0,0.0,-77.11746792247772,0.0,0.0,0.0,0.0,122.61125990283159,174.25094841484832,0.0,0.0,0.0,0.0,0.0,0.0,0.0,0.0,699.6482290999119,0.0,347.56323859425953,0.0,263.59563039382726,-404.6137324316485,916.502822475814,0.0,-174.25094841484832,0.0,0.0,385.9238621289302,-371.06412634006716,0.0,0.0,0.0,-135.54203986157324,0.0,0.0,-479.31104259879856,645.8189286879419,0.0,-479.31104259879856,-645.8189286879419,0.0,0.0,0.0,-147.6135743063562,0.0,0.0,-117.77183723056191,0.0,0.0,0.0,315.6354042774227,0.0,-315.6354042774227,0.0,325.365273835117,0.0,0.0,0.0,0.0,0.0,0.0,122.61125990283159,-0.1027067510623067,0.0,0.0,0.0,0.0,0.06847116737487113,0.0,0.0,0.0,-376.55921211308527,-104.3213051074224,0.0,-177.5710179462446,57.08939196185088,0.0,575.9408450306887,0.0,241.22070384564466,0.0,-266.3565269193669,0.0,0.0,0.0,83.16347690661127,-1000.0,675.615819247744,-1000.0,-938.3376933181485,0.0,0.0,0.0,0.0,0.0,0.0,0.0,0.0,0.0,0.0,0.0,0.0,0.0,0.0,0.0,0.0,0.0,1000.0,0.0,758.3226393402018,0.0,0.0,697.4434575104443,1000.0,0.0,0.0,-704.9205089877772,0.0,0.0,0.0,0.0,584.2161814567315,317.46108330025083,48.56515249336721,0.0,0.0,0.0,456.8829590961073,760.1732947260041,0.0,-856.8710905355956,-48.56515249336721,-795.5316490971094,1000.0,-1.7117791843717782,-763.5968530947476,-1000.0,0.0,0.0,1000.0,-488.5716372505006,368.10458880672087,0.0,0.0,0.0,0.0,0.0,0.0,0.0,-468.98450596743805,468.98450596743805,468.98450596743805,240.58526568780235,0.0,0.0,0.0,0.0,0.0,0.0,0.0,0.0,-140.701342323267,0.0,0.0,0.0,0.0,0.0,0.0,0.0,-876.0371443431084,0.13694233474984685,0.0,0.0,0.0,0.0,0.0,0.0,0.0,0.0,0.0,0.0,0.0,0.0,0.0,0.0,0.0,0.0,0.0,0.0,0.0,0.07531828411242714,0.07531828411242714,0.0,495.7219886265099,0.0,41.08270042492268,0.0,14.133958529926513,0.0,943.416098003248,0.0,0.0,0.0,0.0,0.0,1000.0,-943.416098003248,0.0,0.0,0.0,0.0,0.0,0.0,0.0,0.0,0.0,0.0,0.0,0.0,0.0,231.62507503105095,376.55921211308527,0.0,0.0,5.272279887865352,0.0,-411.9675361297119,866.4899582406507,557.6835640341983,0.0,1000.0,0.0,123.96285565689163,0.0,0.0,0.0,468.98450596743805,0.0,0.0,0.0,0.0,0.0,0.0,0.0,0.0,0.0,0.0,0.0,0.0,0.0,41.08270042492268,385.9238621289302,385.9238621289302,0.0,0.0,0.0,0.0,0.0,0.0,0.0,0.0,0.0,0.0,0.6847116737487113,0.0,0.0,0.0,0.0,0.0,422.54857235147745,0.0,0.0,368.10458880672087,0.0,0.0,0.0,0.0,0.0,0.0,0.0,0.0,0.0,0.0,1000.0,0.0,0.0,20.54135021246134,20.54135021246134,1000.0,-943.416098003248,0.0,0.0,0.0,0.0,0.0,0.0,0.0,863.6020705462408,0.0,1000.0,0.06847116737487113,0.0,0.0,0.0,90.42595811385655,343.3240905043745,0.0,-454.5224221109388,0.0,0.0,0.0,0.0,0.0,0.0,0.0,0.0,0.0,0.0,0.0,0.0,0.0,0.0,0.06847116737487113,0.0,0.0,0.0,0.0,0.0,0.0,0.0,0.0,0.0,0.0,0.0,0.0,-7.477051477332907,-241.6773606597982,-5.1353375531153915,-3.4235583687435565,0.0,0.0,0.0,0.0,0.0,0.0,0.0,0.0,0.0,0.0,0.0,0.0,385.9238621289302,0.0,0.0,0.0,-485.14807888175704,0.0,0.0,0.0,-0.06847116737487113,0.0,0.0,0.06847116737487113,0.0,0.06847116737487113,0.0,0.0,0.0,41.08270042492268,83.53482419734279,83.53482419734279,0.0,0.0,0.0,0.0,0.0,0.0,0.0,0.0,0.0,0.0,0.0,0.0,0.0,89.05884441758774,0.0,0.0,0.0,0.0,0.0,0.0,0.0,0.0,0.0,0.0,0.0,0.0,0.0,308.80639420645247,0.0,-65.73936438737354,65.73936438737354,0.1027067510623067,0.0,0.0,0.0,-368.10458880672087,0.0,0.0,0.0,0.0,0.0,-495.7219886265099,3.4235583687435285,0.0,0.0,0.0,0.0,-247.04052932493994,697.4434575104443,0.0,0.0,0.0,0.0,0.0,0.0,0.0,0.0,385.9238621289302,0.0,0.0,77.11746792247766,26.737482659071873,0.0,830.2668309163977,76.96756358500761,0.0,-7.477051477332907,7.477051477332907,0.0,0.0,-454.59895053740996,14.133958529926513,3.4235583687435565,1000.0,0.0,327.782345801026,0.0,-140.701342323267,0.0,0.0,0.0,0.0,0.0,0.0,0.0,0.0,0.0,882.893673325819,-511.12800128585616,83.53482419734279,0.0,0.0,0.0,0.0,0.0,0.0,0.0,0.0,0.0,699.6482290999119,0.0,0.0,0.0,-90.42595811385655,-982.5014269496193,-422.54857235147745,20.54135021246134,0.0,0.0,0.0,0.0,-267.80126856831254,0.0,0.0,0.07531828411242714,0.0,0.0,0.0,41.767412098671386,0.0,0.0,0.0,0.0,-507.93255553638755,0.0,0.0,0.0,0.0,0.0,0.0,0.0,0.0,0.0,0.0,0.006847116737487113,0.006847116737487113,0.0,0.0,0.0,0.0,0.0,0.0,0.0,0.0,0.0,0.0,0.0,0.0,0.0,0.0,0.0,495.7219886265099,0.0,0.0,0.0,0.0,0.0,0.0,0.0,0.0,0.0,0.0,0.0,0.0,100.17128508007578,0.0,437.92484298152,0.0,0.0,0.0,41.08270042492268,0.0,0.0,0.0,0.0,0.0,931.1418005409492,-972.2245009658719,0.0,0.0,0.0,0.0,0.0,0.0,0.0,0.0,0.0,0.0,0.0,0.0,-1000.0,-1000.0,135.96159406937448,0.0,-368.10458880672087,0.0,241.40347599030156,0.0,0.0,0.0,0.0,0.0,0.0,0.0,0.0,0.0,0.0,0.0,0.0,0.0,0.0,0.0,0.0,14.133958529926513,-8.558895921858948,385.9238621289302,-589.3515190098469,595.0515081503287,0.0,0.0,0.0,0.0,0.0,0.0,-0.8558895921858891,140.701342323267,0.0,0.0,0.0,0.0,0.0,0.0,0.0,938.3376933181485,20.54135021246134,20.54135021246134,0.0,0.0,0.0,0.0,0.0,0.07531828411242714,495.7219886265099,0.0,0.0,-241.40347599030156,0.0,0.0,0.0,0.0,0.0,0.0,0.0,0.0,0.0,0.0,0.0,0.0,0.0,0.0,32.86968219368677,0.0,0.0,0.0,0.0,71.89472574361469,5.272279887865352,0.0,0.0,0.0,0.0,0.0,495.7219886265099,0.0,-3.4235583687435565,0.0,0.0,0.0,-8.558895921858948,0.0,0.0,0.0,0.0,0.0,0.0,0.0,0.0,0.0,0.0,0.0,0.0,0.0,0.0,0.0,0.0,0.0,0.0,-0.06847116737487113,0.0,0.0,3.4235583687435285,-1000.0,0.0,0.0,0.0,0.0,385.9238621289302,0.0,0.0,0.0,-83.16347690661127,1.7117791843717782,0.0,0.0,0.0,0.06847116737487113,0.0,68.47116737487113,-21.226061886210047,13.694233474974226,0.4890797669633612,191.03455697589044,-0.05135337553115335,795.5316490971094,1.3694233474974227,-0.34235583687151916,-191.03455697589044,20.54135021246134,-0.06847116737487113,88.7855089731223,0.0,0.017117791843717783,0.4890797669633612,-266.3565269193669,-10.900609846076463,-1.3694233474974227,3.6414197634404104,-0.06847116737487113,0.017117791843717783,-191.03455697589044,577.118477293382,0.06847116737487113,0.06847116737487113,-495.57819917502263,0.07531828411235825,0.0,-0.05135337553115335,20.54135021246134,0.06847116737487113,368.10458880672087,313.32765490682397,-0.03423558368743557,-21.151597081173122,70.20188001761574,-0.05135337553115335,-0.06847116737487113,-21.226061886210047,0.06847116737487113,6.847116737487113,-1.3694233474974227,308.80639420645247,308.80639420645247,-6.847116737487113,-3.6414197634404104,-308.80639420645247,13.694233474974226,0.1027067510623067,-5.988744107521359,6.847116737487113,-231.62507503105095,0.0,-13.694233474974226,0.03423558368743557,0.6847116737487113,44.39275448656115,40.4317161340461,-0.06847116737487113,-511.12800128585616,495.57819917502263,21.226061886210047,0.06847116737487113,10.900609846076463,-1000.0,0.0,-0.06847116737487113,-0.017117791843717783,0.0,-0.06847116737487113,-876.0371443431084,0.06847116737492343,-0.017117791843717783,-0.017117791843717783,-0.017117791843717783,27.38846694994845,-313.32765490682397,0.6847116737487113,50.728576128852524,-0.017117791843717783,0.0,3.4235583687435565,441.44213054029774,0.06847116737487113,0.03423558368743557,0.03423558368743557,6.847116737487113,21.226061886210047,0.06847116737487113,-21.226061886210047,0.6847116737487113,0.06847116737487113,-50.728576128852524,0.06847116737487113,0.273884669496681,0.34235583687151916,0.03423558368743557,0.017117791843717783,20.54135021246134,-0.06847116737487113,0.0,0.6847116737487113,-101.45715225770505,793.8198699127377,-6.847116737487113,13.694233474974226,3.4235583687435565,-0.06847116737487113,266.3565269193669,0.1027067510623067,-0.06847116737487113,-13.694233474974226,21.226061886210047,526.4239897419725,0.03423558368743557,-882.8842610805955,-0.06847116737487113,-0.06847116737492343,-0.06847116737487113,0.03423558368743557,191.03455697589044,-13.694233474974226,0.06847116737487113,88.7855089731223,-0.017117791843717783,-0.07531828411235825,-88.7855089731223,10.27067510623067,-70.20188001761574,-1000.0,191.03455697589044,-0.05135337553115335,511.12800128585616,-40.4317161340461,0.06847116737487113,-0.017117791843717783,3.4235583687435565,68.47116737487113,-0.03423558368743557,-0.06847116737487113,0.017117791843717783,1000.0,0.0,-362.06513372847814,0.0,-194.4817467899236,0.0,780.8958594865273,75.45435078602287,570.271360555895,1000.0,-331.2470627477842,-843.9610643913719,-368.01964225231205,-500.0,97.24087339496177,165.6235313738921,-570.271360555895,-37.727175393011436,-495.7219886265099,-258.62272117366,368.01964225231205,843.9610643913719,-258.62272117366,-780.8958594865273,887.0243713745201,0.0,1496.5981,bhi
391,0.0,0.0,0.0,0.0,0.0,0.0,0.0,0.0,883.1196368992751,0.0,0.0,0.0,0.0,0.0,0.0,0.0,-232.0090293461526,380.0825576278167,0.0,0.0,0.0,0.0,0.0,0.0,0.0,0.0,0.0,0.0,0.0,182.4287358547678,0.0,0.0,234.68188585768428,0.0,0.0,0.0,0.0,-34.32698991084311,0.0,-1000.0,370.02812217893734,0.0,0.0,0.0,0.0,0.0,0.0,0.0,916.0644989355116,0.0,0.0,0.0,0.0,0.2156053801024882,0.0,0.0,0.0,39.200978200429475,0.0,0.0,-17.26149740092262,0.0,130.08695741654248,112.82546001561985,0.0,0.0,0.0,0.0,0.0,640.7095165415008,0.0,1.960048910021474,0.0,0.0,0.0,0.0,0.0,0.0,0.0,0.0,0.0,0.0,0.0,0.0,117.60293460128844,0.0,0.0,0.0,-83.93550106448845,0.0,-0.049001222750536845,0.0,0.0,-279.7628833375243,58.80146730064422,0.0,58.80146730064422,0.0,0.0,0.0,0.0,9.800244550107369,182.4287358547678,0.0,0.0,-299.04318968246037,0.0,0.0,0.0,0.0,0.0,0.0,0.0,0.0,0.0,0.0,0.0,0.0,0.0,0.0,0.0,0.0,0.0,0.0,-1000.0,0.0,0.0,58.80146730064422,0.0,60.7615162106657,60.7615162106657,0.0,0.0,0.0,0.0,0.0,0.0,0.0,0.0,0.0,0.0,0.0,0.0,0.0,0.0,15.092376607165306,0.19600489100214738,0.0,0.0,0.0,-434.2627307474854,0.0,0.0,0.0,0.0,0.0,1000.0,0.0,0.0,0.0,0.0,0.0,999.8039951089978,999.8039951089978,0.0,0.0,0.0,203.125,-1000.0,0.0,0.0,1000.0,0.0,0.0,0.0,272.141828993358,-429.6687634817944,0.0,0.0,0.0,0.0,0.0,0.0,0.0,0.0,0.0,0.0,0.0,0.0,0.0,0.0,-1000.0,0.0,0.0,0.0,0.0,0.0,0.0,0.0,83.93550106448845,-83.93550106448845,0.0,0.0,0.0,0.0,0.0,0.0,0.0,0.0,-1000.0,0.0,0.0,0.0,0.0,0.0,0.0,0.0,0.0,0.0,0.0,0.0,0.0,0.0,0.0,-487.33531285165554,-866.4842054441269,0.0,0.0,0.0,0.0,419.30243425297454,0.0,0.0,0.0,0.0,-17.26149740092262,-866.4842054441269,0.0,0.0,0.0,0.0,0.0,0.0,0.0,0.0,830.7473949471063,0.0,0.0,0.0,-232.30303668265566,-400.17403881163256,1000.0,0.0,866.4842054441269,0.0,0.0,0.0,-253.78205062081673,0.0,0.0,0.0,-19.754026264833215,0.0,0.0,-1000.0,0.0,-630.0083399075479,-550.742733659431,-449.2572663405692,-180.75107356697873,0.0,0.0,-452.0464402432064,0.0,0.0,249.07424406434814,0.0,0.0,0.0,-1000.0,0.0,1000.0,0.0,1000.0,0.0,0.0,-982.9828546994127,203.125,0.0,0.0,-17.26149740092262,-0.29400733650322103,0.0,0.0,0.0,0.0,0.19600489100214738,0.0,0.0,0.0,-308.85129650072497,-232.0090293461526,0.0,-455.92968513545566,-158.14209379092978,429.6687634817944,408.6729733052979,0.0,0.0,0.0,-299.04318968246037,0.0,0.0,0.0,562.0079903197654,0.0,-562.0079903197654,-1000.0,-1000.0,0.0,0.0,0.0,0.0,0.0,0.0,0.0,0.0,0.0,0.0,0.0,0.0,0.0,0.0,0.0,0.0,0.0,775.9450013106248,0.0,809.4879716574595,0.0,0.0,824.4360374568365,0.0,0.0,0.0,-845.8397715542716,0.0,0.0,0.0,0.0,0.0,0.0,0.0,0.0,0.0,0.0,-1000.0,0.0,-375.77501454494416,94.9784076952676,0.0,-9.800244550107369,-23.878423992744615,-4.900122275053684,-9.800244550107369,-154.72996152209305,0.0,0.0,1000.0,513.306337390105,58.80146730064422,-390.62499999999864,390.62499999999864,0.0,1000.0,0.0,883.3156417902773,0.0,0.0,0.0,0.0,-812.2611676677459,0.0,0.0,-0.39200978200429476,0.0,0.0,0.0,0.0,0.0,-34.52299480184526,0.0,-953.1249999999716,20.15661617428365,0.0,0.0,0.0,0.0,-980.3995108997852,0.39200978200415193,0.0,0.0,0.0,0.0,0.0,0.0,0.0,0.0,0.0,640.7095165415008,0.0,0.0,0.0,0.0,0.0,0.0,0.0,0.0,0.0,0.2156053801024882,0.2156053801024882,0.0,0.0,0.0,117.60293460128844,0.0,0.0,0.0,-658.3111742474723,0.0,0.0,0.0,0.0,0.0,1000.0,658.3111742474723,0.0,0.0,0.0,0.0,0.0,20.15661617428365,0.0,0.0,0.0,0.0,0.0,0.0,0.0,333.3333333333333,308.85129650072497,434.2627307474854,0.0,15.092376607165306,0.0,-279.7628833375243,0.0,-419.30243425297454,0.0,1000.0,0.0,0.0,19.600489100214737,0.0,0.0,0.0,0.0,0.0,0.0,0.0,0.0,0.0,0.0,0.0,0.0,0.0,0.0,0.0,0.0,117.60293460128844,0.0,0.0,0.0,0.0,0.0,0.0,0.0,0.0,0.0,0.0,0.0,0.0,1.960048910021474,0.0,0.0,0.0,0.0,0.0,0.0,0.0,0.0,58.80146730064422,0.0,0.0,0.0,0.0,0.0,0.0,0.0,0.0,0.0,0.0,-218.69717513143237,268.87658549493875,0.0,58.80146730064422,58.80146730064422,669.0154455929794,658.3111742474723,0.0,20.15661617428365,0.0,0.0,0.0,0.0,0.0,977.7959125976399,0.0,1000.0,0.19600489100214738,0.0,0.0,-644.6835141333861,660.4899085577738,616.9950173925488,0.0,279.7628833375243,0.0,0.0,0.0,0.0,0.0,0.0,0.0,0.0,0.0,0.0,0.0,0.0,0.0,0.0,0.19600489100214738,0.0,0.0,0.0,0.0,0.0,0.0,0.0,0.0,0.0,0.0,-21.403734097435063,0.0,0.0,33.542970346834785,-14.700366825161053,-4.7467469761704875,-5.053497573936878,0.0,0.0,0.0,0.0,0.0,0.0,0.0,0.0,0.0,0.0,0.0,0.0,429.6687634817944,0.0,0.0,523.1065819402123,0.0,0.0,0.0,883.1196368992751,0.0,0.0,0.19600489100214738,0.0,0.19600489100214738,0.0,0.0,0.0,117.60293460128844,239.12596702261982,239.12596702261982,0.0,0.0,0.0,0.0,0.0,0.0,0.0,434.2627307474854,0.0,0.0,0.0,0.0,0.0,578.8840114350504,0.0,0.0,0.0,0.0,0.0,0.0,0.0,0.0,0.0,0.0,0.0,0.0,0.0,419.30243425297454,0.0,-14.19895572323935,14.19895572323935,0.29400733650322103,0.0,0.0,0.0,-58.80146730064422,0.0,0.0,0.0,0.0,0.0,0.0,9.800244550107369,0.0,0.0,0.0,-203.125,1000.0,1000.0,-5.053497573936878,0.0,-953.1249999999716,0.0,0.0,0.0,0.0,0.0,0.0,0.0,0.0,0.0,0.0,0.0,-306.48394303175223,317.9518277100884,0.0,154.16022844572842,0.0,-154.16022844572842,0.0,-492.90801764343655,0.0,9.800244550107365,1000.0,0.0,0.0,0.0,-34.52299480184526,0.0,0.0,0.0,0.0,0.0,0.0,0.0,0.0,0.0,14.700366825161053,-44.1011004754834,239.12596702261982,0.0,828.125,828.125,-828.125,0.0,0.0,0.0,0.0,0.0,830.7473949471063,0.0,0.0,0.0,-656.5159109658883,-665.1221830903218,0.0,58.80146730064422,0.0,0.0,0.0,0.0,-79.30625142077542,0.0,0.0,0.2156053801024882,0.0,0.0,0.0,119.56298351130991,0.0,0.0,0.0,0.0,-487.33531285165554,0.0,0.0,0.0,0.0,0.0,0.0,0.0,0.0,348.9664077151845,0.0,0.019600489100214738,0.019600489100214738,0.0,0.0,0.0,0.0,0.0,0.0,0.0,0.0,0.0,-644.6835141333861,0.0,0.0,0.0,0.0,0.0,0.0,0.0,0.0,0.0,0.0,0.0,0.0,0.0,0.0,0.0,0.0,0.0,0.0,0.0,0.0,380.0825576278167,0.0,0.0,0.0,117.60293460128844,0.0,0.0,0.0,0.0,0.0,-589.6748347845246,472.07190018323615,0.0,0.0,0.0,0.0,0.0,0.0,0.0,0.0,0.0,0.0,0.0,0.0,-1000.0,160.2246484524078,713.1473617715214,941.1985326993558,-1000.0,0.0,-34.32698991084311,0.0,0.0,0.0,0.0,0.0,0.0,0.0,0.0,0.0,0.0,0.0,0.0,0.0,0.0,0.0,0.0,0.0,-24.50061137526842,0.0,-14.700366825161053,608.2847450853726,0.0,0.0,0.0,0.0,0.0,0.0,-2.4500611375268426,34.52299480184526,0.0,0.0,0.0,0.0,0.0,0.0,0.0,1000.0,58.80146730064422,58.80146730064422,0.0,0.0,0.0,0.0,0.0,0.2156053801024882,0.0,0.0,0.0,34.32698991084311,0.0,0.0,0.0,0.0,0.0,0.0,0.0,0.0,0.0,0.0,0.0,0.0,0.0,0.0,7.099477861619675,0.0,0.0,60.7615162106657,0.0,205.80513555225477,0.0,0.0,15.092376607165306,0.0,0.0,0.0,0.0,0.0,-180.31070951933395,0.0,0.0,0.0,-24.50061137526842,0.0,0.0,0.0,0.0,0.0,0.0,0.0,0.0,0.0,0.0,0.0,0.0,0.0,0.0,0.0,0.0,0.0,0.0,-0.19600489100214738,0.0,0.0,9.800244550107369,-1000.0,0.0,0.0,0.0,0.0,0.0,0.0,0.0,0.0,-562.0079903197654,4.900122275053684,0.0,0.0,0.0,0.19600489100214738,0.0,196.00489100214736,0.0,39.20097820042948,1.400034935729624,668.3766783173227,-0.14700366825161054,9.800244550107369,3.9200978200429475,-0.9800244550104722,-668.3766783173227,58.80146730064422,-0.19600489100214738,99.68106322748679,20.15661617428365,0.049001222750536845,1.400034935729624,-299.04318968246037,-31.20397864754241,-3.9200978200429972,-148.0735282816641,-0.19600489100214738,0.049001222750536845,-668.3766783173227,19.600489100214737,0.19600489100214738,0.19600489100214738,0.41161027110463555,0.21560538010236213,0.0,-0.14700366825161054,58.80146730064422,0.19600489100214738,58.80146730064422,-98.0024455010737,-0.09800244550107369,-401.91362063507927,-439.0989282441914,-0.14700366825161051,-0.19600489100214738,0.0,0.19600489100214738,19.60048910021476,-3.9200978200429475,419.30243425297454,419.30243425297454,-19.600489100214737,148.0735282816641,-419.30243425297454,39.200978200429475,0.29400733650322103,-61.595513550829764,19.600489100214737,-333.3333333333333,20.15661617428365,-39.200978200429475,0.09800244550107369,1.960048910021474,113.98242128386391,39.200978200429475,-0.19600489100214738,-44.1011004754834,-0.41161027110463555,60.7615162106657,0.19600489100214738,31.20397864754241,-215.04925302829326,20.15661617428365,-0.19600489100214738,-0.049001222750536845,-20.15661617428365,-0.19600489100214738,-980.3995108997852,0.19600489100237475,-0.049001222750536845,-0.049001222750536845,-0.049001222750536845,78.40195640085895,98.0024455010737,1.960048910021474,145.21512362122064,-0.049001222750536845,128.28377934024104,9.800244550107369,500.0,0.19600489100214738,0.09800244550107369,0.09800244550107369,29.67879718735656,0.0,0.19600489100214738,0.0,1.960048910021474,0.19600489100214738,-145.21512362122064,0.19600489100214738,0.7840195640083252,0.9800244550104722,0.09800244550107369,0.049001222750536845,58.80146730064422,-0.19600489100214738,0.0,1.9600489100214986,-290.4302472424413,4.900122275053684,-19.60048910021476,39.200978200429475,9.800244550107369,-0.19600489100214738,299.04318968246037,0.2940073365032211,-0.19600489100214738,-59.35759437471312,0.0,621.8726081093298,0.09800244550107369,-1000.0,-0.19600489100214738,-0.19600489100237475,-0.19600489100214738,0.09800244550107369,668.3766783173227,-39.200978200429475,0.19600489100214738,227.96484256772783,-0.049001222750536845,-0.21560538010236213,-227.96484256772783,29.400733650322103,439.0989282441914,-526.8605907083341,668.3766783173227,-0.14700366825161051,44.1011004754834,-39.200978200429475,0.19600489100214738,-0.04900122275053685,9.800244550107365,196.00489100214736,-0.09800244550107369,-0.19600489100214738,0.049001222750536845,0.0,0.0,61.49751110532869,0.0,302.7091396273513,0.0,578.1859615036904,78.93823376125655,0.0,-1000.0,-544.8916382427719,701.5456955788081,0.0,500.0,-151.35456981367565,272.44581912138597,0.0,-39.46911688062828,0.0,-542.5663566885544,0.0,-701.5456955788081,-542.5663566885544,-578.1859615036904,386.8173627158844,0.0,1496.5981,bhi
392,0.0,0.0,0.0,0.0,0.0,0.0,0.0,0.0,-0.19230863096384945,0.0,0.0,0.0,0.0,0.0,0.0,0.0,205.4639469767418,34.00914258058742,0.0,0.0,0.0,0.0,0.0,329.54425941878935,0.0,0.0,0.0,0.0,0.0,928.0590484249371,0.0,0.0,0.0,0.0,0.0,0.0,0.0,-160.97972495376368,0.0,-1000.0,248.59456652406575,0.0,-140.39353716300866,0.0,0.0,0.0,0.0,0.0,0.0,0.0,0.0,769.6450176983617,0.0,0.21153949405993444,0.0,0.0,0.0,38.46172619276989,0.0,0.0,110.36409328408153,0.0,-121.4717820476472,-393.00790891645624,0.0,0.0,0.0,0.0,207.8318258963634,-207.8318258963634,0.0,1.9230863096384945,0.0,0.0,0.0,0.0,0.0,0.0,0.0,0.0,0.0,0.0,0.0,0.0,115.38517857830966,0.0,0.0,716.4528204071511,-411.8481222258533,794.824515969704,-0.04807715774096236,0.0,0.0,-226.86255323027808,57.69258928915483,0.0,57.69258928915483,0.0,0.0,0.0,0.0,755.5846987389599,468.9415073229563,0.0,0.0,-270.9428363235613,0.0,0.0,0.0,0.0,0.0,0.0,0.0,0.0,0.0,0.0,0.0,0.0,0.0,0.0,0.0,0.0,0.0,0.0,-893.8358360460295,0.0,0.0,57.69258928915483,0.0,59.615675598793324,0.0,0.0,693.279388399392,-693.279388399392,0.0,0.0,0.0,0.0,0.0,-381.9002201528906,0.0,0.0,0.0,0.0,0.0,14.80776458421633,0.19230863096384945,0.0,0.0,0.0,257.56867923553847,-1000.0,0.0,0.0,0.0,0.0,1000.0,0.0,0.0,0.0,0.0,0.0,999.8076913690362,999.8076913690362,0.0,0.0,0.0,0.0,0.0,0.0,0.0,1000.0,0.0,0.0,0.0,0.0,-430.92266658792596,0.0,0.0,0.0,0.0,0.0,0.0,0.0,0.0,0.0,0.0,0.0,0.0,0.0,0.0,-223.76997459326208,0.0,0.0,0.0,0.0,0.0,0.0,-629.251480535353,-87.20133987179804,87.20133987179804,381.9002201528906,0.0,0.0,0.0,0.0,0.0,0.0,459.11754110198086,-1000.0,0.0,0.0,0.0,0.0,0.0,0.0,0.0,0.0,0.0,0.0,0.0,0.0,0.0,0.0,-91.3591254755118,-504.2715148663259,0.0,0.0,0.0,0.0,42.43912817649402,0.0,0.0,0.0,0.0,110.36409328408153,-504.2715148663259,0.0,0.0,769.3297917569183,0.0,0.0,0.0,0.0,0.0,6.192337917034763,0.0,0.0,0.0,1000.0,534.959680482936,0.0,0.0,504.2715148663259,0.0,0.0,381.9002201528906,0.0,0.0,0.0,0.0,-376.2403487925933,0.0,0.0,-1000.0,0.0,1000.0,-1000.0,0.0,1000.0,-499.0494620976513,0.0,0.0,0.0,0.0,112.20173205975533,0.0,0.0,0.0,-740.5407784284669,0.0,740.5407784284669,0.0,1000.0,0.0,0.0,0.0,0.0,0.0,0.0,110.36409328408153,-0.28846294644577414,0.0,0.0,0.0,0.0,0.19230863096384945,0.0,0.0,0.0,-264.4543009423123,205.4639469767418,0.0,-180.6285575490409,-105.49369259474324,430.92266658792596,306.2871558132206,0.0,0.0,0.0,-270.9428363235613,0.0,0.0,0.0,30.153728956122272,-30.153728956122272,0.0,414.45541983243487,-1000.0,0.0,0.0,0.0,0.0,0.0,0.0,0.0,0.0,0.0,0.0,0.0,0.0,0.0,0.0,0.0,0.0,769.3297917569183,-1000.0,0.0,-839.7895095700899,0.0,0.0,0.0,745.7575365352487,0.0,0.0,-21.000102501251092,0.0,0.0,0.0,679.2587747418603,745.9692671907675,292.9508643791667,0.0,0.0,-767.5207807643128,-470.62896131940784,0.0,0.0,0.0,-984.9138484167929,0.0,-755.4788334112005,1000.0,762.7130649902166,-9.615431548192472,391.02373006540313,0.0,570.3164906696975,1000.0,-1000.0,57.69258928915483,0.0,0.0,0.0,0.0,0.0,0.0,0.0,0.0,0.0,0.0,-767.5188898692086,0.0,0.0,-0.3846172619276989,0.0,0.0,459.11754110198086,0.0,0.0,-161.17203358472753,0.0,0.0,0.0,0.0,0.0,0.0,0.0,-891.4830355291281,0.384617261927815,0.0,0.0,0.0,0.0,0.0,0.0,0.0,0.0,0.0,0.0,0.0,0.0,0.0,0.0,0.0,0.0,0.0,0.0,0.0,0.21153949405993444,0.21153949405993444,0.0,8.662712886019932,0.0,115.38517857830966,0.0,0.0,0.0,1000.0,0.0,0.0,0.0,0.0,0.0,1000.0,-1000.0,0.0,0.0,619.7409347638986,0.0,0.0,0.0,0.0,0.0,0.0,0.0,0.0,0.0,0.0,297.9452786820098,264.4543009423123,742.4313207644616,0.0,14.80776458421633,0.0,-226.86255323027808,0.0,-424.33934832938456,0.0,1000.0,0.0,108.51696447087193,0.0,0.0,0.0,0.0,0.0,0.0,0.0,0.0,0.0,0.0,0.0,0.0,0.0,0.0,0.0,0.0,0.0,115.38517857830966,381.9002201528906,381.9002201528906,0.0,0.0,0.0,0.0,0.0,0.0,0.0,0.0,0.0,0.0,1.9230863096384945,0.0,0.0,0.0,0.0,0.0,-629.251480535353,0.0,0.0,57.69258928915483,-619.7409347638986,0.0,0.0,0.0,0.0,0.0,0.0,0.0,0.0,0.0,349.159739777102,0.0,0.0,57.69258928915483,57.69258928915483,868.1014273575752,-1000.0,0.0,0.0,0.0,0.0,0.0,0.0,0.0,-731.4655482712953,459.11754110198086,-811.9388826936347,0.19230863096384945,0.0,0.0,-746.0289801506706,1000.0,0.0,0.0,226.86255323027808,0.0,0.0,0.0,0.0,0.0,0.0,0.0,0.0,0.0,0.0,0.0,0.0,0.0,0.0,0.19230863096384945,0.0,0.0,0.0,0.0,0.0,0.0,0.0,0.0,0.0,0.0,32.76188499093973,0.0,-53.76198749219082,160.2104904299101,-14.423147322288681,0.0,-9.615431548192419,0.0,0.0,0.0,0.0,0.0,0.0,0.0,0.0,0.0,0.0,0.0,381.9002201528906,430.92266658792596,0.0,0.0,-420.0680777821101,0.0,0.0,0.0,-0.19230863096384945,0.0,0.0,0.19230863096384945,0.0,0.19230863096384945,0.0,0.0,0.0,115.38517857830966,234.6165297758963,234.6165297758963,0.0,0.0,0.0,0.0,0.0,0.0,0.0,742.4313207644616,0.0,459.11754110198086,0.0,0.0,0.0,46.711502082109405,0.0,0.0,0.0,0.0,0.0,0.0,0.0,0.0,0.0,0.0,0.0,0.0,0.0,424.33934832938456,0.0,0.0,0.0,0.28846294644577414,0.0,0.0,0.0,-57.69258928915483,0.0,0.0,0.0,0.0,0.0,-8.662712886019932,9.615431548192472,0.0,0.0,0.0,0.0,0.0,0.0,-9.615431548192419,0.0,0.0,0.0,0.0,0.0,0.0,0.0,381.9002201528906,0.0,619.7409347638986,1000.0,8.662712886019932,0.0,-107.85999377194372,-270.9428363235613,0.0,-21.000102501251092,53.76198749219082,-32.76188499093973,0.0,-234.6165297758963,0.0,9.615431548192419,1000.0,0.0,0.0,0.0,-161.17203358472753,0.0,0.0,320.19440645431104,-320.19440645431104,0.0,0.0,0.0,0.0,0.0,23.085860208308613,-51.932154852886086,234.6165297758963,0.0,0.0,0.0,0.0,0.0,0.0,0.0,0.0,0.0,6.192337917034763,0.0,0.0,0.0,-253.97101984932948,346.3634426332543,-140.39353716300866,57.69258928915483,0.0,0.0,0.0,0.0,-270.60290265372754,0.0,0.0,0.21153949405993444,0.0,0.0,0.0,117.30826488794816,0.0,0.0,0.0,0.0,-91.3591254755118,0.0,0.0,0.0,0.0,0.0,0.0,0.0,0.0,0.0,0.0,0.019230863096385775,0.019230863096385775,0.0,0.0,0.0,0.0,0.0,0.0,0.0,0.0,0.0,-746.0289801506706,0.0,0.0,0.0,0.0,0.0,8.662712886019932,0.0,0.0,0.0,0.0,0.0,0.0,0.0,0.0,0.0,0.0,0.0,0.0,-218.32358658186945,0.0,34.00914258058742,0.0,0.0,0.0,115.38517857830966,0.0,0.0,0.0,0.0,0.0,0.0,-115.38517857830966,0.0,0.0,0.0,0.0,0.0,0.0,0.0,0.0,0.0,0.0,0.0,0.0,790.0358160408123,151.93137888409586,178.44291429234627,-57.69258928915483,0.0,0.0,-160.97972495376368,0.0,0.0,0.0,0.0,0.0,0.0,0.0,0.0,0.0,0.0,0.0,0.0,0.0,0.0,0.0,0.0,0.0,-24.0385788704811,381.9002201528906,-760.3924145130561,84.22050961270656,0.0,0.0,0.0,0.0,0.0,0.0,-2.403857887048118,161.17203358472753,0.0,0.0,0.0,0.0,0.0,0.0,0.0,978.0969333471776,57.69258928915483,57.69258928915483,0.0,0.0,0.0,0.0,0.0,0.21153949405993444,8.662712886019932,0.0,0.0,160.97972495376368,0.0,0.0,0.0,0.0,0.0,0.0,0.0,0.0,0.0,0.0,0.0,0.0,0.0,0.0,0.0,0.0,0.0,0.0,0.0,201.9240625120419,14.80776458421633,0.0,0.0,0.0,0.0,0.0,8.662712886019932,0.0,0.0,0.0,0.0,0.0,-24.0385788704811,0.0,0.0,0.0,0.0,0.0,0.0,0.0,0.0,0.0,0.0,0.0,0.0,0.0,0.0,0.0,0.0,0.0,0.0,-0.19230863096384945,0.0,0.0,9.615431548192472,-1000.0,0.0,0.0,0.0,0.0,381.9002201528906,0.0,0.0,0.0,-30.153728956122272,4.807715774096209,0.0,0.0,0.0,0.19230863096384945,0.0,192.30863096384942,-59.615675598793324,38.46172619276989,1.3736330783132102,536.5410803891399,-0.14423147322288707,755.4788334112005,3.846172619276989,-0.961543154817433,-536.5410803891399,57.69258928915483,-0.19230863096384945,90.31427877452045,0.0,0.04807715774096236,1.3736330783132102,-270.9428363235613,-30.61553404944351,-3.846172619276989,-239.47308955732922,-0.19230863096384945,0.04807715774096236,-536.5410803891399,19.230863096384944,0.19230863096384945,0.19230863096384945,-8.258864760996149,0.21153949406023523,-349.5973628820054,-0.14423147322288707,57.69258928915483,0.19230863096384945,57.69258928915483,-96.15431548192473,-0.09615431548192473,-108.51696447087193,-61.86229990384282,-0.1442314732228871,-0.19230863096384945,-59.615675598793324,0.19230863096384945,19.230863096384944,-3.846172619276989,424.33934832938456,424.33934832938456,-19.230863096384944,239.47308955732922,-424.33934832938456,38.46172619276989,0.2884629464457742,-1000.0,19.230863096384944,-297.9452786820098,0.0,-38.46172619276989,0.09615431548192473,1.9230863096384945,45.15713938726022,47.12443907878982,-0.19230863096384945,-51.932154852886086,8.258864760996149,59.615675598793324,0.19230863096384945,30.61553404944351,-230.77035715661953,0.0,-0.19230863096384945,-0.04807715774096236,0.0,-0.19230863096384945,-891.4830355291281,0.19230863096384945,-0.04807715774096236,-0.04807715774096236,-0.04807715774096236,76.92345238553978,96.15431548192473,1.9230863096384945,142.47665696534142,-0.04807715774096236,0.0,9.615431548192472,455.3569493127565,0.19230863096384945,0.09615431548192471,0.09615431548192473,19.230863096384944,59.615675598793324,0.19230863096384945,-59.615675598793324,1.9230863096384945,0.19230863096384945,-142.47665696534142,0.19230863096384945,0.769234523853646,0.961543154817433,0.09615431548192473,0.04807715774096236,57.69258928915483,-0.19230863096384945,349.5973628820054,1.9230863096384945,-284.95331393068284,750.6711176371043,-19.230863096384944,38.46172619276989,9.615431548192472,-0.19230863096384945,270.9428363235613,0.28846294644577414,-0.19230863096384945,-38.46172619276989,59.615675598793324,787.0823711521255,0.09615431548192473,-910.713898625513,-0.19230863096384945,-0.19230863096384945,-0.19230863096384945,0.09615431548192473,536.5410803891399,-38.46172619276989,0.19230863096384945,90.31427877452045,-0.04807715774096236,-0.21153949406023523,-90.31427877452045,28.846294644577412,61.86229990384282,408.762076702023,536.5410803891399,-0.1442314732228871,51.932154852886086,-47.12443907878982,0.19230863096384945,-0.04807715774096237,688.8742062900527,192.30863096384942,-0.09615431548192471,-0.19230863096384945,0.04807715774096234,59.82068937134211,0.0,704.1287918124654,0.0,-1000.0,0.0,232.01330976619926,-275.1928570678622,0.0,-808.5392258701427,1000.0,811.8295883436354,-295.77505387205264,404.26961293507134,500.0,-500.0,0.0,137.59642853393106,-8.662712886019932,-516.4794684983979,295.77505387205264,-811.8295883436354,-516.4794684983979,-232.01330976619926,221.77640191321692,0.0,1496.5981,bhi
393,0.0,0.0,0.0,0.0,0.0,0.0,0.0,0.0,-0.10057595528022184,0.0,0.0,0.0,0.0,0.0,0.0,0.0,-378.5784941112979,959.0111045325148,0.0,-142.05817089699747,0.0,0.0,0.0,218.74047467045366,0.0,0.0,0.0,0.0,0.0,-442.73111454032966,0.0,0.0,633.4851043599314,0.0,0.0,0.0,0.0,1000.0,0.0,-1000.0,791.9003558531156,0.0,0.0,-846.1043115460864,0.0,0.0,490.3597316804427,0.0,1000.0,-733.7931387964034,0.0,-667.4139201977139,0.0,0.11063355080827202,0.0,0.0,0.0,20.115191056044367,0.0,0.0,169.7860942815282,0.0,366.41255849550555,0.0,0.0,0.0,0.0,0.0,0.0,0.0,0.0,1.0057595528022185,0.0,0.0,0.0,0.0,0.0,0.0,0.0,0.0,0.0,0.0,0.0,0.0,60.34557316813311,0.0,0.0,-833.6943366605412,-189.36467902210913,378.72935804421826,-0.02514398882005546,0.0,0.0,-44.90562541039719,30.172786584066554,0.0,367.21961583326197,-588.6397225007514,119.7023427415424,0.0,0.0,803.310643128589,-442.73111454032966,0.0,0.0,0.0,0.0,384.882057138737,0.0,0.0,0.0,0.0,0.0,0.0,0.0,0.0,0.0,0.0,0.0,0.0,0.0,0.0,0.0,0.0,-318.4410952833158,0.0,0.0,367.21961583326197,0.0,31.178546136868768,12.189853896830328,0.0,-421.0818571743174,421.0818571743174,0.0,0.0,-808.61355231734,0.0,0.0,272.41489954030624,0.0,0.0,0.0,0.0,0.0,7.744348556577082,0.10057595528022184,0.0,0.0,0.0,190.00414880466042,-1000.0,0.0,0.0,0.0,0.0,844.2036750423966,0.0,0.0,0.0,0.0,0.0,187.5097584990639,187.5097584990639,0.0,0.0,0.0,0.0,0.0,0.0,0.0,187.61033445434413,0.0,0.0,0.0,-475.4499908201551,0.0,0.0,0.0,0.0,0.0,0.0,0.0,0.0,0.0,0.0,-487.5133166478684,0.0,0.0,0.0,0.0,-1000.0,0.0,0.0,0.0,0.0,0.0,733.7931387964034,667.4139201977139,-189.36467902210913,189.36467902210913,536.1986527770338,0.0,0.0,0.0,0.0,0.0,0.0,0.0,-12.57199441002773,0.0,0.0,0.0,0.0,0.0,0.0,0.0,0.0,0.0,0.0,0.0,0.0,0.0,0.0,187.27306255662376,-846.1043115460864,0.0,0.0,0.0,0.0,-536.1986527770338,0.0,0.0,0.0,0.0,169.7860942815282,0.0,0.0,0.0,0.0,0.0,0.0,0.0,0.0,0.0,0.0,0.0,337.0468292491954,0.0,0.0,0.0,644.3549045150635,0.0,846.1043115460864,0.0,0.0,536.1986527770338,-151.2983964160782,0.0,0.0,0.0,178.18375659885675,0.0,0.0,-1000.0,0.0,-439.998019135213,-1000.0,0.0,-439.998019135213,-378.72935804421826,0.0,-206.13132892376456,733.7931387964034,0.0,304.98662302547956,0.0,0.0,0.0,387.6874170695493,0.0,-387.6874170695493,0.0,677.7689142242264,0.0,0.0,677.1676585936984,0.0,0.0,0.0,169.7860942815282,-0.15086393292033273,0.0,0.0,0.0,0.0,0.10057595528022184,0.0,0.0,0.0,632.780384166738,-378.5784941112979,0.0,0.0,500.7743083145191,0.0,1000.0,0.0,353.72152469503305,0.0,0.0,0.0,0.0,0.0,316.7587241698426,-670.4802488648756,0.0,-1000.0,-1000.0,0.0,0.0,0.0,0.0,0.0,0.0,0.0,0.0,0.0,0.0,0.0,0.0,0.0,0.0,0.0,0.0,0.0,0.0,0.0,-1000.0,0.0,0.0,585.4011767407279,1000.0,0.0,0.0,-7.744348556577082,0.0,119.7023427415424,0.0,65.00380696376881,798.281845364578,0.0,571.9107957855184,-983.9112217106833,0.0,670.4802488648756,-204.1317410791321,0.0,0.0,-525.8476446680572,-571.9107957855184,79.74150126438326,1000.0,-2.514398882005546,-5.028797764011092,-496.18607161719365,0.0,-1000.0,1000.0,-5.028797764011092,367.21961583326197,0.0,0.0,0.0,1000.0,0.0,0.0,0.0,0.0,0.0,0.0,-848.7376612350516,0.0,0.0,0.0,0.0,0.0,0.0,0.0,0.0,-196.62646421397739,0.0,0.0,159.11997168637765,0.0,0.0,0.0,0.0,-989.9424044719779,0.20115191056036144,0.0,0.0,0.0,0.0,0.0,0.0,0.0,0.0,0.0,0.0,0.0,0.0,0.0,0.0,0.0,0.0,0.0,0.0,0.0,0.11063355080827202,0.11063355080827202,0.0,197.0247621869494,0.0,60.34557316813311,0.0,0.0,0.0,1000.0,0.0,0.0,0.0,0.0,0.0,627.4352500995485,-1000.0,0.0,0.0,0.0,0.0,0.0,159.11997168637765,0.0,0.0,0.0,0.0,0.0,0.0,0.0,106.14703176110527,-632.780384166738,809.9958511953396,0.0,7.744348556577082,0.0,0.0,-44.90562541039719,-44.90562541039719,0.0,625.6919335413579,0.0,-362.50715437242934,0.0,0.0,0.0,0.0,0.0,0.0,0.0,0.0,0.0,0.0,0.0,0.0,0.0,0.0,0.0,0.0,0.0,60.34557316813311,536.1986527770338,536.1986527770338,0.0,0.0,0.0,0.0,0.0,0.0,0.0,0.0,0.0,0.0,1.0057595528022185,0.0,0.0,0.0,0.0,0.0,667.4139201977139,0.0,0.0,367.21961583326197,0.0,0.0,0.0,0.0,0.0,0.0,0.0,0.0,0.0,0.0,-307.1812314457789,0.0,0.0,30.172786584066554,30.172786584066554,1000.0,-1000.0,0.0,159.11997168637765,0.0,0.0,0.0,0.0,0.0,442.73111454032966,0.0,1000.0,0.10057595528022184,0.0,0.0,0.0,84.06550135382317,644.834027593329,0.0,44.90562541039719,0.0,0.0,0.0,0.0,0.0,0.0,0.1341012737069834,0.0,0.0,0.0,0.0,0.0,0.0,0.0,0.10057595528022184,0.0,0.0,0.0,483.2606356435431,-483.2606356435431,0.0,0.0,0.0,0.0,0.0,697.3591709256932,0.0,0.0,-1000.0,-7.543196646016638,-5.028797764011091,0.0,0.0,-421.87500000000006,-421.87500000000006,421.87500000000006,0.0,0.0,0.0,0.0,0.0,0.0,0.0,536.1986527770338,0.0,0.0,0.0,-1000.0,0.0,0.0,0.0,-0.10057595528022184,0.0,0.0,0.10057595528022184,0.0,0.10057595528022184,0.4023038211209502,0.0,0.0,60.34557316813311,122.70266544187065,122.70266544187065,0.0,0.0,0.0,0.0,0.0,0.0,0.0,809.9958511953396,0.0,0.0,0.0,0.0,0.0,325.4183139194697,0.0,0.0,0.0,0.0,0.0,0.0,0.0,0.0,0.0,0.0,0.0,0.0,0.0,0.0,0.0,0.0,0.0,0.15086393292033273,0.0,0.0,0.0,-367.21961583326197,0.0,0.0,0.0,0.0,0.0,-197.0247621869494,5.028797764011092,0.0,0.0,0.0,0.0,0.0,-111.95799418496532,0.0,0.0,0.0,0.0,0.0,0.0,0.0,0.0,536.1986527770338,0.0,0.0,-256.17296006215076,197.0247621869494,0.0,1000.0,644.834027593329,0.0,-119.7023427415424,119.7023427415424,0.0,0.0,-274.00106185794886,0.0,5.028797764011092,717.3305618627232,0.0,132.74287872220066,0.0,-196.62646421397739,0.0,0.0,1000.0,-1000.0,0.0,0.0,0.0,0.0,0.0,472.426923355835,0.0,122.70266544187065,0.0,0.0,0.0,0.0,0.0,0.0,0.0,0.0,0.0,0.0,0.0,0.0,219.65435212499955,-84.06550135382317,-1000.0,0.0,30.172786584066554,0.0,0.0,0.0,0.0,-427.1990361743092,0.0,0.0,0.11063355080827202,0.0,0.0,0.0,61.351332720935325,0.0,0.0,0.0,0.0,187.27306255662376,0.0,0.0,0.0,0.0,0.0,0.0,0.0,0.0,-223.2284959054658,0.0,0.010057595528022184,0.010057595528022184,0.0,0.0,0.0,0.0,0.0,0.4023038211209502,0.0,0.0,0.0,0.0,0.0,0.0,0.0,0.0,0.0,197.0247621869494,0.0,0.0,0.0,0.0,0.0,0.0,0.0,733.7931387964034,0.0,0.0,0.0,0.0,1000.0,-437.9325678456439,959.0111045325148,0.0,0.0,0.0,60.34557316813311,0.0,0.0,0.0,0.0,0.0,0.0,-60.34557316813311,0.0,0.0,0.0,0.0,0.0,0.0,0.0,0.0,0.0,0.0,0.0,0.0,-1000.0,-1000.0,394.3128432864217,-367.21961583326197,0.0,0.0,999.597696178879,0.0,0.0,0.0,0.0,0.0,0.0,0.0,0.0,0.0,0.0,0.0,0.0,0.0,0.0,0.0,0.0,0.0,-12.57199441002773,536.1986527770338,-805.8250420105945,317.87511727345316,0.0,0.0,0.0,0.0,0.0,0.0,-1.257199441002773,196.62646421397739,0.0,0.0,0.0,0.0,0.0,0.0,0.0,1000.0,30.172786584066554,30.172786584066554,0.0,0.0,0.0,0.0,0.0,0.11063355080827202,197.0247621869494,0.0,0.0,-1000.0,0.0,0.0,0.0,0.0,0.0,0.0,0.0,0.0,0.0,0.0,0.0,0.0,0.0,0.0,0.2011519105604751,0.0,0.0,12.189853896830328,0.0,105.60475304423294,7.744348556577082,0.0,0.0,0.0,0.0,0.0,197.0247621869494,0.0,103.69065066093071,0.0,0.0,0.0,-12.57199441002773,0.0,0.0,0.0,0.0,0.0,0.0,0.0,0.0,0.0,0.0,0.0,0.0,0.0,0.0,0.0,0.0,0.0,0.0,-0.10057595528022184,0.0,0.0,5.028797764011092,-627.4352500995485,0.0,0.0,0.0,0.0,536.1986527770338,0.0,0.0,0.0,-316.7587241698426,2.514398882005546,0.0,0.0,0.0,0.10057595528022184,0.0,100.57595528022183,-18.98869224003846,20.11519105604437,0.7183996805730132,304.98662302547956,-0.07543196646016637,904.1697204463001,2.0115191056044366,-0.10057595528022184,-304.98662302547956,30.172786584066554,-0.10057595528022184,0.0,159.11997168637765,0.02514398882005546,0.7183996805730131,0.0,-16.01169208061168,-2.0115191056044366,-438.3744395242194,-0.10057595528022184,0.02514398882005546,-304.98662302547956,10.057595528022183,0.10057595528022184,0.10057595528022184,-196.8135526808609,0.11063355080824402,-978.59348123858,-0.07543196646016637,30.172786584066554,0.10057595528022184,367.21961583326197,286.7588516090845,-0.05028797764011092,134.3898061961834,526.0404812937313,-0.07543196646016637,-0.10057595528022184,-18.98869224003846,0.10057595528022184,10.057595528022183,-2.0115191056044366,0.0,0.0,-10.057595528022183,438.3744395242194,0.0,20.115191056044367,0.15086393292033273,-1000.0,10.057595528022183,-106.14703176110527,159.11997168637765,-20.115191056044367,0.05028797764011092,1.0057595528022185,0.0,217.13995324299378,-0.10057595528022184,-219.65435212499955,196.8135526808609,31.178546136868768,0.10057595528022184,16.01169208061168,-298.6180038990843,159.11997168637765,-0.10057595528022184,-0.02514398882005546,-159.11997168637765,-0.10057595528022184,-989.9424044719779,0.10057595528022184,-0.02514398882005546,-0.02514398882005546,-0.02514398882005546,40.23038211208873,-286.7588516090845,1.0057595528022185,74.5142108682358,-0.02514398882005546,0.0,5.028797764011092,500.0,0.10057595528022184,0.05028797764011092,0.05028797764011092,89.617581371211,18.98869224003846,0.10057595528022184,-18.98869224003846,1.0057595528022185,0.10057595528022184,-74.5142108682358,0.10057595528022184,0.40230382112099505,0.10057595528022184,0.05028797764011092,0.02514398882005546,30.172786584066554,-0.10057595528022184,978.59348123858,1.0057595528022183,-149.0284217364716,901.6553215642945,-10.057595528022183,20.115191056044367,5.028797764011092,-0.10057595528022184,0.0,0.15086393292033273,-0.10057595528022184,-179.235162742422,18.98869224003846,742.8833578110178,0.05028797764011092,-1000.0,-0.10057595528022184,-0.10057595528022184,-0.10057595528022184,0.05028797764011092,304.98662302547956,-20.115191056044367,0.10057595528022184,0.0,-0.02514398882005546,-0.11063355080824402,0.0,15.086393292033275,-526.0404812937313,62.58369696444295,304.98662302547956,-0.07543196646016637,219.65435212499955,-217.13995324299378,0.10057595528022184,-0.02514398882005546,70.0326047277799,100.57595528022183,-0.05028797764011092,-0.10057595528022184,0.02514398882005546,1000.0,0.0,999.9497120223599,0.0,846.1509237616524,0.0,772.0942515101665,9.126194621704713,0.0,-369.7277365608953,-816.2115574143218,-210.11933986070483,0.0,184.86386828044766,-423.0754618808262,408.1057787071609,0.0,-4.563097310852356,-197.0247621869494,-315.68432163670866,0.0,210.11933986070483,-315.68432163670866,-772.0942515101665,530.3273299406143,0.0,1496.5981,bhi
394,0.0,0.0,0.0,0.0,0.0,0.0,0.0,0.0,-0.12040223122097171,0.0,0.0,0.0,0.0,0.0,0.0,0.0,0.0,0.0,0.0,242.12157518748955,0.0,0.0,0.0,867.9028338094632,0.0,0.0,0.0,0.0,0.0,-547.964645214387,0.0,0.0,0.0,0.0,0.0,0.0,0.0,637.7227014287454,0.0,-1000.0,1000.0,0.0,0.0,771.528494124336,0.0,0.0,644.6979645767096,0.0,355.0222164850557,-696.9685578458754,0.0,0.0,0.0,0.13244245434316326,0.0,0.0,0.0,0.0,0.0,0.0,79.30808660633267,0.0,190.4264427012456,0.0,0.0,0.0,0.0,0.0,563.153552231764,0.0,0.0,1.2040223122097171,0.0,0.0,0.0,0.0,0.0,0.0,0.0,0.0,0.0,0.0,0.0,0.0,72.24133873258302,0.0,0.0,0.0,0.0,480.5606646753719,-0.030100557805242928,0.0,0.0,-944.1289638160956,36.12066936629151,0.0,36.12066936629151,0.0,0.0,0.0,0.0,6.020111561048585,-547.964645214387,0.0,0.0,-284.53144119970085,0.0,0.0,0.0,0.0,0.0,0.0,0.0,0.0,0.0,0.0,0.0,0.0,0.0,0.0,0.0,0.0,0.0,0.0,-732.5575607462623,0.0,0.0,36.12066936629151,0.0,37.324691678501225,0.0,0.0,725.7341749372072,-725.7341749372072,0.0,0.0,-289.88360343164334,0.0,0.0,20.14907412406508,0.0,0.0,0.0,0.0,0.0,9.270971804014835,0.12040223122097171,0.0,0.0,0.0,-1000.0,0.0,0.0,0.0,0.0,0.0,1000.0,0.0,0.0,0.0,0.0,0.0,355.4224376545113,355.4224376545113,0.0,0.0,0.0,0.0,0.0,0.0,0.0,355.5428398857323,0.0,0.0,0.0,-963.4844110790682,-861.6693539339535,0.0,0.0,0.0,0.0,0.0,0.0,0.0,0.0,0.0,-748.7206552924373,0.0,0.0,0.0,0.0,-845.2092169188586,0.0,0.0,0.0,0.0,0.0,696.9685578458754,0.0,112.90064129756615,-112.90064129756615,0.0,0.0,0.0,0.0,0.0,0.0,0.0,0.0,-852.5175685683215,0.0,0.0,0.0,0.0,0.0,0.0,0.0,0.0,0.0,0.0,0.0,0.0,0.0,0.0,274.13774101496307,192.9424287293313,0.0,0.0,0.0,0.0,0.0,0.0,0.0,0.0,0.0,79.30808660633267,-578.5860653950049,0.0,0.0,0.0,0.0,0.0,0.0,0.0,0.0,3.876951845315375,24.08044624419434,0.0,0.0,112.90064129756615,0.0,467.92285778262186,0.0,-192.9424287293313,0.0,0.0,269.73452930757827,-92.56062981737243,0.0,0.0,0.0,246.43823095052448,0.0,0.0,-664.9675902372182,-1000.0,0.0,335.03240976278175,0.0,1000.0,112.90064129756615,0.0,0.0,696.9685578458754,0.0,335.922225106511,0.0,0.0,0.0,0.0,0.0,0.0,0.0,1000.0,269.73452930757827,0.0,0.0,0.0,0.0,0.0,79.30808660633267,-0.18060334683145757,0.0,0.0,0.0,0.0,0.12040223122097171,0.0,0.0,0.0,805.2115957072517,0.0,0.0,-780.8489280201358,630.1460908151553,861.6693539339535,886.6282973716675,0.0,6.906257084117215,0.0,-284.53144119970085,0.0,0.0,0.0,-10.366632108125758,-834.4180206369531,837.8783956609616,-1000.0,-1000.0,0.0,0.0,0.0,0.0,0.0,0.0,0.0,0.0,0.0,0.0,0.0,0.0,0.0,0.0,0.0,0.0,0.0,-361.7956896463712,0.0,-1000.0,0.0,0.0,0.0,0.0,0.0,0.0,-13.14792364933021,0.0,0.0,0.0,0.0,0.0,0.0,544.5124566755981,0.0,-677.2567085599558,271.26446840518906,-838.6908379688025,619.7590974917058,-1000.0,0.0,-544.5124566755981,-6.020111561048585,0.0,674.2466527794314,-625.7792090527544,489.74109144418225,0.0,856.0547867970982,-51.30311877364295,-442.6764316106942,36.12066936629151,0.0,0.0,0.0,343.72466950736043,0.0,0.0,0.0,0.0,0.0,0.0,-508.18577104372935,0.0,0.0,0.0,0.0,0.0,0.0,0.0,0.0,-111.11835609491294,0.0,-296.87500000000546,149.49237199462408,0.0,0.0,0.0,0.0,-761.9829283513286,0.24080446244170162,0.0,0.0,0.0,0.0,0.0,0.0,0.0,0.0,0.0,293.4190229241857,0.0,0.0,0.0,0.0,0.0,0.0,0.0,0.0,0.0,0.13244245434316326,0.13244245434316326,0.0,233.3455742162175,0.0,72.24133873258302,0.0,0.0,0.0,1000.0,0.0,486.95182323953986,0.0,0.0,0.0,1000.0,-1000.0,0.0,0.0,0.0,0.0,0.0,149.49237199462408,0.0,0.0,0.0,0.0,0.0,0.0,0.0,244.18585358208745,-805.2115957072517,1000.0,0.0,9.270971804014835,0.0,0.0,-944.1289638160956,-944.1289638160956,0.0,1000.0,0.0,238.0170716486714,0.0,0.0,0.0,0.0,0.0,0.0,0.0,0.0,0.0,0.0,0.0,0.0,0.0,0.0,0.0,0.0,0.0,72.24133873258302,269.73452930757827,269.73452930757827,0.0,0.0,0.0,0.0,0.0,0.0,0.0,0.0,0.0,0.0,1.2040223122097171,0.0,0.0,0.0,0.0,0.0,0.0,0.0,0.0,36.12066936629151,0.0,0.0,0.0,0.0,0.0,0.0,0.0,0.0,0.0,0.0,811.7036778208243,0.0,0.0,36.12066936629151,36.12066936629151,1000.0,-1000.0,0.0,149.49237199462408,0.0,0.0,0.0,0.0,0.0,547.964645214387,0.0,1000.0,0.12040223122097171,0.0,0.0,0.0,159.00834664603897,192.92004595192685,0.0,944.1289638160956,0.0,-269.73452930757827,0.0,0.0,0.0,0.0,0.0,0.0,0.0,0.0,0.0,0.0,0.0,0.0,0.12040223122097171,0.0,0.0,0.0,0.0,0.0,0.0,0.0,0.0,0.0,-164.91808305300228,1000.0,0.0,-504.119570834769,-982.3145801151877,-9.030167341572877,-6.020111561048585,0.0,0.0,0.0,0.0,0.0,0.0,0.0,0.0,0.0,0.0,0.0,0.0,269.73452930757827,861.6693539339535,0.0,0.0,419.39846674745263,0.0,0.0,0.0,-0.12040223122097171,0.0,0.0,0.12040223122097171,0.0,0.12040223122097171,0.0,0.0,0.0,72.24133873258302,146.89072208958547,146.89072208958547,0.0,0.0,0.0,0.0,0.0,0.0,0.0,1000.0,0.0,0.0,0.0,0.0,0.0,0.0,0.0,0.0,0.0,0.0,0.0,0.0,0.0,0.0,0.0,0.0,0.0,0.0,0.0,0.0,0.0,-476.7211695039605,476.7211695039605,0.18060334683145757,0.0,0.0,0.0,-36.12066936629151,0.0,0.0,0.0,0.0,0.0,-233.3455742162175,6.020111561048585,0.0,0.0,0.0,0.0,0.0,0.0,0.0,0.0,-296.87500000000546,0.0,0.0,0.0,0.0,0.0,269.73452930757827,0.0,0.0,1000.0,233.3455742162175,0.0,162.5327103343,-91.611395247774,344.110269761559,151.77015940367198,504.119570834769,-1000.0,0.0,-239.45135190695788,0.0,6.020111561048585,1000.0,0.0,467.9553118634282,0.0,-111.11835609491294,0.0,0.0,0.0,0.0,0.0,0.0,0.0,0.0,0.0,991.0963968502277,-260.43607624093636,146.89072208958547,0.0,0.0,0.0,0.0,0.0,0.0,0.0,0.0,0.0,3.876951845315375,0.0,0.0,0.0,-452.42736957022464,0.0,0.0,36.12066936629151,0.0,0.0,0.0,0.0,85.63669601510186,0.0,0.0,0.13244245434316326,0.0,0.0,0.0,73.44536104479273,0.0,0.0,0.0,0.0,274.13774101496307,0.0,0.0,0.0,0.0,0.0,0.0,0.0,0.0,-686.9302247526556,0.0,0.012040223122097515,0.012040223122097515,0.0,0.0,0.0,0.0,0.0,0.0,0.0,0.0,0.0,0.0,0.0,0.0,0.0,0.0,0.0,233.3455742162175,0.0,0.0,0.0,0.0,0.0,0.0,0.0,696.9685578458754,0.0,0.0,0.0,0.0,0.0,597.1437916725453,0.0,0.0,0.0,0.0,72.24133873258302,0.0,0.0,0.0,0.0,0.0,-852.4577735967711,780.216434864188,0.0,0.0,0.0,0.0,0.0,0.0,0.0,0.0,0.0,0.0,0.0,0.0,-1000.0,-1000.0,82.47552838636557,-36.12066936629151,0.0,0.0,637.7227014287454,0.0,0.0,0.0,0.0,0.0,0.0,0.0,0.0,0.0,0.0,0.0,0.0,0.0,0.0,0.0,0.0,0.0,-15.050278902621463,269.73452930757827,-9.030167341572877,251.4059088993632,0.0,0.0,0.0,0.0,0.0,0.0,-1.5050278902621461,111.11835609491294,0.0,0.0,0.0,0.0,0.0,0.0,0.0,1000.0,36.12066936629151,36.12066936629151,0.0,0.0,0.0,0.0,0.0,0.13244245434316326,233.3455742162175,0.0,0.0,-637.7227014287454,0.0,0.0,0.0,0.0,0.0,0.0,0.0,0.0,0.0,0.0,0.0,0.0,0.0,0.0,238.36058475198024,0.0,0.0,0.0,0.0,126.42234278202028,9.270971804014835,0.0,0.0,0.0,0.0,0.0,233.3455742162175,0.0,-6.020111561048585,0.0,0.0,0.0,-15.050278902621463,0.0,0.0,0.0,0.0,0.0,0.0,0.0,0.0,0.0,0.0,0.0,0.0,0.0,0.0,0.0,0.0,0.0,0.0,-0.12040223122097171,0.0,0.0,6.020111561048585,-1000.0,0.0,0.0,0.0,0.0,269.73452930757827,0.0,0.0,0.0,10.366632108125758,3.0100557805242927,0.0,0.0,0.0,0.12040223122097171,0.0,120.4022312209717,-37.324691678501225,24.08044624419434,0.860015937292655,335.922225106511,-0.09030167341572878,6.020111561048585,2.4080446244194342,-0.6020111561043677,-335.922225106511,36.12066936629151,-0.12040223122097171,94.84381373323362,149.49237199462408,0.030100557805242928,0.860015937292655,-284.53144119970085,-19.168035210378882,-2.4080446244194342,-242.12157518748955,-0.12040223122097171,0.030100557805242928,-335.922225106511,12.04022312209717,0.12040223122097171,0.12040223122097171,-233.09272953065337,0.13244245434306923,0.0,-0.09030167341572878,36.12066936629151,0.12040223122097171,36.12066936629151,-60.20111561048585,-0.060201115610485856,-430.9371176005983,-12.160625353318142,-0.09030167341572878,-0.12040223122097171,-37.324691678501225,0.12040223122097171,12.04022312209717,-2.4080446244194342,0.0,0.0,-12.04022312209717,242.12157518748955,0.0,24.08044624419434,0.18060334683145757,-1000.0,12.04022312209717,-244.18585358208745,149.49237199462408,-24.08044624419434,0.060201115610485856,1.2040223122097171,195.21223200503394,257.42602046041185,-0.12040223122097171,-260.43607624093636,233.09272953065337,37.324691678501225,0.12040223122097171,19.168035210378882,5.009694529457789,149.49237199462408,-0.12040223122097171,-0.030100557805242928,-149.49237199462408,-0.12040223122097171,-761.9829283513286,0.1204022312209645,-0.030100557805242928,-0.030100557805242928,-0.030100557805242928,48.16089248838868,60.20111561048585,1.2040223122097171,272.94271307132567,-0.030100557805242928,295.58065027683426,6.020111561048585,387.01157573671287,0.12040223122097171,0.060201115610485856,0.060201115610485856,-48.08085553437992,37.324691678501225,0.12040223122097171,-37.324691678501225,1.2040223122097171,0.12040223122097171,-640.4221331023,0.12040223122097171,0.48160892488340323,0.6020111561043677,0.060201115610485856,0.030100557805242928,36.12066936629151,-0.12040223122097171,0.0,1.2040223122097171,-545.8854261426513,3.0100557805242927,-12.04022312209717,24.08044624419434,6.020111561048585,-0.12040223122097171,284.53144119970085,0.18060334683145757,-0.12040223122097171,96.16171106875984,37.324691678501225,102.64494437495689,0.060201115610485856,-774.0231514734257,-0.12040223122097171,-0.1204022312209645,-0.12040223122097171,0.060201115610485856,335.922225106511,-24.08044624419434,0.12040223122097171,390.4244640100679,-0.030100557805242928,-0.13244245434306923,-390.4244640100679,18.060334683145754,12.160625353318142,567.6188958877897,335.922225106511,-0.09030167341572878,260.43607624093636,-257.42602046041185,0.12040223122097171,-0.030100557805242928,6.020111561048585,120.40223122097171,-0.060201115610485856,-0.12040223122097171,0.030100557805242928,1000.0,0.0,406.4784929114513,367.4794200309743,223.4078468653881,0.0,-237.65272097692667,-94.27228455775759,0.0,-1000.0,231.99205053994865,813.3868434215057,-593.4613059729381,500.0,-111.70392343269405,-115.99602526997433,0.0,47.13614227887879,-233.3455742162175,-188.28164039005875,593.4613059729381,-813.3868434215057,-188.28164039005875,237.65272097692667,-127.35131931424081,0.0,1496.5981,bhi
395,0.0,0.0,0.0,0.0,0.0,0.0,0.0,0.0,-0.08567443750375538,0.0,0.0,0.0,0.0,0.0,0.0,0.0,631.4721124602794,-232.23791299387366,0.0,0.0,0.0,0.0,0.0,80.34274112534766,0.0,0.0,0.0,0.0,0.0,729.4012132408843,22.34732672210662,-22.34732672210662,713.1838493774935,0.0,0.0,0.0,0.0,474.2082303177212,0.0,-929.8500199806267,1000.0,0.0,0.0,0.0,0.0,0.0,357.5597707501198,0.0,-373.39169612746025,0.0,0.0,987.4816295737035,0.0,0.09424188125421565,0.0,0.0,0.0,0.0,0.0,0.0,-58.83123508356735,0.0,203.9207274722555,145.08949238868814,0.0,0.0,0.0,0.0,0.0,0.0,0.0,0.8567443750375539,0.0,0.0,0.0,0.0,0.0,0.0,0.0,512.0560984947402,0.0,0.0,0.0,0.0,51.40466250225323,0.0,0.0,1000.0,-594.5854819465894,0.0,-0.02141860937593884,0.0,0.0,0.0,25.702331251126616,0.0,25.702331251126616,0.0,0.0,0.0,0.0,4.283721875187768,729.4012132408843,0.0,0.0,-117.56154625636574,0.0,0.0,0.0,0.0,0.0,0.0,0.0,0.0,0.0,0.0,0.0,0.0,0.0,0.0,0.0,0.0,0.0,0.0,-604.9262628039494,0.0,0.0,25.702331251126616,0.0,26.55907562616417,26.55907562616417,0.0,0.0,0.0,0.0,0.0,0.0,1000.0,-1000.0,0.0,0.0,0.0,0.0,0.0,0.0,6.5969316877891595,0.08567443750375538,0.0,0.0,0.0,418.0281978616481,-774.7701016135674,0.0,0.0,195.69439355788836,0.0,403.6500589281912,0.0,0.0,0.0,0.0,0.0,450.46638071343364,450.46638071343364,0.0,0.0,0.0,0.0,-350.29944383462976,0.0,0.0,472.89938187304404,0.0,0.0,0.0,0.0,-262.92652593062905,0.0,0.0,0.0,0.0,0.0,0.0,0.0,0.0,0.0,-436.3541125328749,0.0,0.0,0.0,0.0,-1000.0,0.0,0.0,0.0,0.0,0.0,0.0,-987.4816295737035,594.5854819465894,-594.5854819465894,0.0,0.0,0.0,0.0,0.0,0.0,0.0,0.0,-1000.0,0.0,0.0,0.0,0.0,0.0,0.0,0.0,0.0,0.0,0.0,0.0,0.0,0.0,0.0,-139.49500813219214,0.0,0.0,0.0,0.0,0.0,115.37376748172525,0.0,0.0,0.0,0.0,-58.83123508356735,0.0,22.34732672210662,0.0,0.0,0.0,0.0,0.0,0.0,0.0,501.70208089658456,17.134887500751073,0.0,0.0,189.17096389317885,-1000.0,233.71215624542572,0.0,0.0,0.0,0.0,0.0,209.95613861163378,0.0,0.0,0.0,64.35575223495587,0.0,0.0,-1000.0,-846.6299299347579,0.0,-153.37007006524206,0.0,846.6299299347579,0.0,0.0,723.2208946538794,0.0,0.0,176.77606440608062,0.0,0.0,0.0,0.0,0.0,0.0,0.0,830.2878037481563,0.0,0.0,263.6071482130866,0.0,0.0,0.0,-58.83123508356735,-0.12851165625563304,0.0,0.0,0.0,0.0,0.08567443750375538,0.0,0.0,0.0,357.22182037056353,631.4721124602794,0.0,-439.6284801095658,275.75308315251516,262.92652593062905,942.8832243971118,0.0,7.376569069073422,0.0,-117.56154625636574,0.0,0.0,0.0,-7.376569069073422,0.0,0.0,-1000.0,-1000.0,0.0,0.0,0.0,0.0,0.0,0.0,0.0,0.0,0.0,0.0,0.0,0.0,0.0,0.0,0.0,0.0,0.0,-722.7158601424192,0.0,-1000.0,0.0,0.0,476.5960372868573,0.0,0.0,0.0,-485.9516858622671,0.0,0.0,0.0,0.0,0.0,0.0,0.0,17.878510801107108,0.0,0.0,0.0,0.0,884.6393699011934,-1000.0,0.0,-22.162232676294877,0.0,-2.141860937593884,-4.283721875187768,-800.3631700346758,0.0,-55.688384377441004,558.6185422915812,0.0,25.702331251126616,0.0,0.0,0.0,0.0,0.0,0.0,0.0,0.0,0.0,0.0,-141.3567948956649,0.0,0.0,0.0,0.0,0.0,0.0,0.0,0.0,-117.6624701671347,0.0,0.0,82.81910685401488,0.0,0.0,0.0,0.0,-521.939243135238,0.17134887500756796,0.0,0.0,0.0,0.0,0.0,0.0,0.0,0.0,0.0,0.0,0.0,0.0,0.0,0.0,0.0,0.0,0.0,0.0,0.0,0.09424188125421565,0.09424188125421565,22.34732672210662,102.51819023033414,0.0,51.40466250225323,0.0,0.0,0.0,1000.0,0.0,0.0,0.0,0.0,0.0,1000.0,-1000.0,0.0,0.0,616.0943708223568,0.0,0.0,82.81910685401488,0.0,0.0,0.0,0.0,0.0,0.0,0.0,201.64208760131646,-357.22182037056353,356.74190375191927,0.0,6.5969316877891595,0.0,-539.2068256909155,539.2068256909155,423.8330582091903,0.0,145.177251089327,0.0,0.0,478.06075686476197,0.0,0.0,0.0,0.0,0.0,0.0,0.0,0.0,0.0,0.0,0.0,0.0,0.0,0.0,0.0,0.0,51.40466250225323,0.0,0.0,0.0,0.0,0.0,0.0,0.0,0.0,0.0,0.0,0.0,0.0,0.8567443750375539,0.0,22.34732672210662,0.0,0.0,22.34732672210662,-987.4816295737035,0.0,0.0,25.702331251126616,-616.0943708223568,0.0,0.0,0.0,0.0,0.0,0.0,0.0,0.0,0.0,345.11681827301135,0.0,0.0,25.702331251126616,25.702331251126616,423.62113529846545,-1000.0,0.0,82.81910685401488,0.0,0.0,0.0,0.0,0.0,118.01509405329776,0.0,251.99706049729414,0.08567443750375538,0.0,0.0,0.0,6.909031424409987,1000.0,0.0,0.0,0.0,0.0,0.0,0.0,0.0,0.0,65.75559607005177,0.0,0.0,0.0,0.0,0.0,0.0,0.0,0.08567443750375538,0.0,0.0,0.0,0.0,0.0,0.0,0.0,0.0,0.0,0.0,-9.35564857540976,-195.69439355788836,0.0,-277.28413985758084,-6.425582812781654,0.0,-4.283721875187772,0.0,-390.62500000000006,-390.625,390.62500000000006,0.0,0.0,0.0,0.0,0.0,0.0,0.0,0.0,262.92652593062905,0.0,0.0,-51.40466250225323,0.0,0.0,0.0,-0.08567443750375538,0.0,0.0,0.08567443750375538,0.0,0.08567443750375538,197.2667882101553,0.0,0.0,51.40466250225323,104.52281375458156,104.52281375458156,0.0,0.0,0.0,0.0,0.0,0.0,0.0,356.74190375191927,0.0,0.0,0.0,0.0,0.0,0.0,0.0,0.0,0.0,0.0,0.0,0.0,0.0,0.0,0.0,0.0,0.0,0.0,0.0,115.37376748172525,0.0,0.0,0.0,0.12851165625563304,0.0,0.0,0.0,-25.702331251126616,0.0,0.0,0.0,0.0,0.0,-102.51819023033414,4.283721875187768,0.0,0.0,0.0,0.0,350.29944383462976,485.9516858622671,-4.283721875187772,0.0,0.0,0.0,0.0,0.0,0.0,0.0,0.0,0.0,616.0943708223568,0.0,102.51819023033414,0.0,-565.6695600135652,882.4384537436342,0.0,0.0,0.0,0.0,195.69439355788836,105.43332485705221,0.0,4.283721875187772,548.1439838755235,0.0,0.0,-22.34732672210662,-117.6624701671347,0.0,0.0,0.0,0.0,0.0,0.0,0.0,0.0,0.0,545.2978855759908,-121.79493866867918,104.52281375458156,0.0,0.0,0.0,22.34732672210662,0.0,0.0,0.0,0.0,0.0,501.70208089658456,0.0,0.0,0.0,-6.909031424409987,-12.886860887554006,0.0,25.702331251126616,0.0,0.0,0.0,0.0,-45.88830129914817,0.0,0.0,0.09424188125421565,0.0,0.0,0.0,52.26140687729078,0.0,0.0,0.0,0.0,-139.49500813219214,0.0,0.0,0.0,0.0,0.0,0.0,0.0,0.0,-334.9094843674076,0.0,60.65329394098774,0.008567443750375783,0.0,0.0,0.0,0.0,0.0,197.2667882101553,0.0,0.0,0.0,0.0,22.34732672210662,0.0,0.0,0.0,0.0,102.51819023033414,0.0,0.0,0.0,0.0,0.0,0.0,0.0,0.0,0.0,0.0,0.0,0.0,0.0,625.2917938732745,-232.23791299387366,0.0,0.0,0.0,51.40466250225323,0.0,0.0,0.0,0.0,0.0,0.0,-51.40466250225323,0.0,0.0,0.0,0.0,0.0,0.0,0.0,0.0,0.0,22.34732672210662,22.34732672210662,0.0,-251.99706049729414,-152.58369270581792,58.686989690072444,575.7289740911922,-601.4313053423188,0.0,276.9414421075659,0.0,0.0,0.0,0.0,0.0,0.0,0.0,0.0,0.0,0.0,0.0,0.0,0.0,0.0,0.0,0.0,0.0,-10.709304687969425,0.0,-6.425582812781654,115.36935585589747,0.0,0.0,0.0,0.0,0.0,0.0,-1.0709304687969423,313.35686372502306,0.0,0.0,0.0,0.0,0.0,0.0,0.0,1000.0,25.702331251126616,25.702331251126616,0.0,0.0,0.0,0.0,512.0560984947402,0.09424188125421565,102.51819023033414,0.0,0.0,-474.2082303177212,60.644726497237365,0.0,0.0,0.0,0.0,0.0,0.0,0.0,0.0,0.0,0.0,0.0,0.0,0.0,98.63339410507766,0.0,0.0,26.55907562616417,0.0,89.95815937894315,0.0,0.0,6.5969316877891595,0.0,0.0,0.0,102.51819023033414,0.0,-9.35564857540976,0.0,0.0,0.0,-10.709304687969425,0.0,0.0,0.0,0.0,0.0,0.0,0.0,0.0,0.0,0.0,0.0,0.0,0.0,0.0,0.0,0.0,0.0,0.0,-0.08567443750375538,0.0,0.0,4.283721875187768,-1000.0,0.0,0.0,0.0,0.0,0.0,0.0,0.0,0.0,7.376569069073422,2.141860937593884,0.0,0.0,0.0,0.08567443750375538,0.0,85.67443750375537,0.0,17.134887500751073,0.611960267883967,292.1498318878059,-0.06425582812781652,4.283721875187769,1.7134887500751075,196.83841602263658,-292.1498318878059,25.702331251126612,-0.08567443750375536,39.18718208545525,82.81910685401488,0.02141860937593884,0.611960267883967,-117.56154625636574,-13.639370450597532,20.63383797203151,-399.2341994664057,-0.08567443750375536,0.02141860937593884,-292.1498318878059,8.567443750375537,0.08567443750375536,0.08567443750375538,-102.33827391157617,0.09424188125412802,0.0,-0.06425582812781652,25.702331251126616,0.08567443750375536,25.702331251126616,-42.837218751877685,-0.04283721875187768,-168.5269664154597,-124.02688566960454,-0.06425582812781652,-0.08567443750375536,0.0,0.08567443750375538,8.567443750375537,-1.7134887500751075,115.37376748172525,115.37376748172525,-8.567443750375537,399.2341994664057,-115.37376748172525,17.134887500751073,0.12851165625563304,-713.8940411708818,8.567443750375537,-201.64208760131646,82.81910685401488,-17.134887500751073,0.04283721875187768,0.8567443750375539,109.90712002739146,119.65307773108522,-0.08567443750375538,-121.79493866867918,102.33827391157617,26.55907562616417,0.08567443750375536,13.639370450597532,-19.990218150491764,82.81910685401488,-0.08567443750375538,-0.02141860937593884,-82.81910685401488,-0.08567443750375536,-521.939243135238,0.08567443750372955,-0.02141860937593884,-0.02141860937593884,-0.02141860937593884,34.26977500150215,42.837218751877685,0.8567443750375539,284.56036734101525,-0.02141860937593884,180.62705796932767,4.283721875187768,265.2533434428068,0.08567443750375538,0.04283721875187768,0.04283721875187768,49.97699717738298,0.0,0.08567443750375538,0.0,0.8567443750375539,0.08567443750375536,-726.7330042518602,0.08567443750375536,0.3426977500149633,-196.83841602263658,0.04283721875187768,0.02141860937593884,25.702331251126616,-0.08567443750375536,0.0,-10.316918986015756,-569.1207346820305,2.1418609375938846,-8.567443750375537,17.134887500751073,4.283721875187768,-0.08567443750375536,117.56154625636574,0.12851165625563304,-0.08567443750375536,-99.95399435476595,0.0,213.08316260688204,0.04283721875187768,-530.5066868856136,-0.08567443750375536,-0.08567443750372955,-0.08567443750375536,0.04283721875187768,292.1498318878059,-17.134887500751073,0.08567443750375538,219.8142400547829,-0.02141860937593884,-0.09424188125412802,-219.8142400547829,12.851165625563306,124.02688566960454,14.005685120506513,292.1498318878059,-0.06425582812781652,121.79493866867918,-119.65307773108522,0.08567443750375536,-0.02141860937593884,4.283721875187772,85.67443750375537,-0.04283721875187768,-0.08567443750375536,0.02141860937593884,1000.0,0.0,713.8512039521299,442.1726369108449,-43.00698382655556,0.0,406.2563640239501,167.36119929730768,0.0,-1000.0,-758.2165463487204,905.2765762647334,0.0,500.0,21.50349191327778,379.1082731743602,0.0,-83.68059964865384,-102.51819023033414,-167.19486130773387,0.0,-905.2765762647334,-167.19486130773387,-406.2563640239501,208.83956921203315,0.0,1496.5981,bhi
396,0.0,0.0,0.0,0.0,0.0,0.0,0.0,0.0,-0.19801689303766945,0.0,0.0,0.0,0.0,0.0,0.0,0.0,483.1795156749731,-70.26129332438674,0.0,0.0,0.0,0.0,0.0,0.0,0.0,0.0,0.0,0.0,0.0,-439.485316217099,0.0,0.0,0.0,0.0,0.0,0.0,0.0,-34.67935853399719,0.0,-673.1211998417947,-668.6697398359588,0.0,0.0,-717.0001272709277,0.0,0.0,0.0,0.0,0.0,0.0,0.0,0.0,0.0,0.21781858234112406,0.0,0.0,0.0,39.60337860753389,0.0,0.0,-17.43868771351743,0.0,-216.80118688276232,-234.23987459627975,0.0,0.0,0.0,0.0,773.5778701354105,-773.5778701354105,0.0,1.980168930376695,0.0,0.0,0.0,0.0,0.0,0.0,0.0,0.0,0.0,0.0,0.0,0.0,118.8101358226017,0.0,0.0,119.23777097836773,-986.6496214549488,763.5095885021406,-0.04950422325941736,0.0,0.0,13.099773527968637,59.40506791130085,0.0,59.40506791130085,0.0,0.0,0.0,0.0,9.900844651883473,-1000.0,0.0,0.0,-224.6288246606734,0.0,312.9659176397866,0.0,0.0,0.0,0.0,0.0,0.0,0.0,0.0,0.0,0.0,0.0,0.0,0.0,0.0,0.0,0.0,-525.405088162752,0.0,0.0,59.40506791130085,0.0,61.38523684167753,61.38523684167753,0.0,-1000.0,1000.0,0.0,0.0,0.0,1000.0,-1000.0,0.0,0.0,0.0,0.0,0.0,0.0,15.247300763900569,0.19801689303766945,0.0,0.0,0.0,-497.21523626575225,0.0,0.0,0.0,0.0,0.0,1000.0,0.0,0.0,0.0,0.0,0.0,999.8019831069623,999.8019831069623,0.0,0.0,0.0,703.125,0.0,0.0,0.0,1000.0,0.0,0.0,0.0,864.2556831194825,-27.71907183136841,0.0,0.0,0.0,0.0,0.0,0.0,0.0,0.0,0.0,0.0,0.0,0.0,0.0,0.0,-1000.0,0.0,0.0,0.0,0.0,0.0,0.0,0.0,223.14003295280827,-223.14003295280827,0.0,0.0,0.0,0.0,0.0,0.0,0.0,560.514683782901,-1000.0,0.0,0.0,0.0,0.0,0.0,0.0,0.0,0.0,0.0,0.0,0.0,0.0,0.0,0.0,-423.57800651917995,-43.694199457874106,0.0,0.0,0.0,0.0,171.1130803058774,0.0,0.0,0.0,0.0,-17.43868771351743,673.3059278130536,0.0,0.0,0.0,0.0,0.0,0.0,0.0,0.0,593.7651767883214,0.0,0.0,0.0,1000.0,-209.7896544077571,342.377803931176,0.0,43.694199457874106,0.0,0.0,0.0,1000.0,0.0,0.0,0.0,-300.2141444280969,0.0,0.0,693.0053362973923,693.0053362973923,0.0,0.0,0.0,-693.0053362973923,-763.5095885021406,0.0,33.64096865005379,0.0,0.0,504.1245249525756,0.0,0.0,0.0,705.0981754372584,0.0,-705.0981754372584,0.0,1000.0,0.0,0.0,-768.9937215469727,703.125,0.0,0.0,-17.43868771351743,-0.2970253395565042,0.0,0.0,0.0,0.0,0.19801689303766945,0.0,0.0,0.0,175.71667499450038,483.1795156749731,0.0,-149.75254977378225,-131.6460428766494,27.71907183136841,-609.2646719246579,0.0,1000.0,0.0,-224.6288246606734,0.0,0.0,0.0,-17.049254490543024,17.049254490543024,-1000.0,-337.1212274254582,-1000.0,0.0,0.0,0.0,0.0,0.0,0.0,0.0,0.0,0.0,0.0,0.0,0.0,0.0,0.0,0.0,0.0,0.0,-1000.0,0.0,-966.1127090381534,0.0,0.0,587.3890328325083,0.0,0.0,812.9262970083056,-609.012477552222,0.0,0.0,0.0,291.5935183940908,0.0,0.0,626.7074740053591,-9.900844651883473,0.0,-790.6271246259536,-215.57237121948503,990.0991553481165,823.209303960911,-381.4325688302237,-626.7074740053591,0.0,1000.0,-4.950422325941736,-1000.0,-1000.0,0.0,431.80370330841583,1000.0,0.0,59.40506791130085,0.0,0.0,0.0,378.60200217424665,0.0,0.0,0.0,0.0,0.0,0.0,-1000.0,0.0,0.0,-0.3960337860753389,0.0,0.0,560.514683782901,0.0,0.0,-34.87737542703486,0.0,0.0,0.0,0.0,0.0,0.0,0.0,-980.1983106962331,0.3960337860753498,0.0,0.0,0.0,0.0,0.0,0.0,0.0,0.0,0.0,0.0,0.0,0.0,0.0,0.0,0.0,0.0,0.0,0.0,0.0,0.21781858234112406,0.21781858234112406,0.0,10.0984647033165,0.0,118.8101358226017,0.0,0.0,0.0,1000.0,0.0,0.0,0.0,0.0,0.0,828.354941571346,-1000.0,0.0,0.0,0.0,0.0,0.0,0.0,0.0,0.0,0.0,0.0,0.0,0.0,0.0,175.135029387584,-175.71667499450038,497.21523626575225,0.0,15.247300763900569,0.0,-196.5254655271788,209.62523905514743,38.51215874927004,0.0,828.354941571346,0.0,-151.8433691248871,0.0,0.0,0.0,0.0,0.0,0.0,0.0,0.0,0.0,0.0,0.0,0.0,0.0,0.0,0.0,0.0,0.0,118.8101358226017,0.0,0.0,0.0,0.0,0.0,0.0,0.0,0.0,0.0,0.0,0.0,0.0,1.980168930376695,0.0,0.0,0.0,0.0,0.0,0.0,0.0,0.0,59.40506791130085,0.0,0.0,0.0,0.0,0.0,0.0,0.0,0.0,0.0,0.0,1000.0,0.0,0.0,59.40506791130085,59.40506791130085,883.4032409942134,-1000.0,0.0,0.0,0.0,0.0,0.0,0.0,0.0,337.1212274254582,560.514683782901,79.29589923362505,0.1980168930376749,0.0,0.0,0.0,15.968648017109201,297.6217963357919,0.0,-13.099773527968637,0.0,0.0,0.0,0.0,0.0,0.0,0.0,0.0,0.0,0.0,0.0,0.0,0.0,0.0,0.19801689303766945,0.0,0.0,0.0,0.0,0.0,0.0,0.0,0.0,0.0,0.0,0.0,0.0,0.0,12.263846242132779,-14.851266977825208,-9.90084465188346,0.0,0.0,0.0,0.0,0.0,0.0,0.0,0.0,0.0,0.0,0.0,0.0,0.0,27.71907183136841,0.0,0.0,441.7045479602993,0.0,0.0,0.0,-0.19801689303766945,0.0,0.0,0.19801689303766945,0.0,0.1980168930376749,0.0,0.0,0.0,118.8101358226017,241.58060950595677,241.58060950595677,0.0,0.0,0.0,0.0,0.0,0.0,0.0,497.21523626575225,0.0,560.514683782901,0.0,0.0,0.0,0.0,0.0,0.0,0.0,0.0,0.0,0.0,0.0,0.0,0.0,0.0,0.0,0.0,0.0,171.1130803058774,0.0,-291.48158021510335,291.48158021510335,0.2970253395565042,0.0,0.0,0.0,-59.40506791130085,0.0,0.0,0.0,0.0,0.0,-10.0984647033165,9.900844651883473,0.0,0.0,0.0,-703.125,0.0,708.5142348661052,0.0,0.0,0.0,0.0,0.0,0.0,0.0,0.0,0.0,0.0,0.0,-356.0347705233344,10.0984647033165,0.0,-91.8446473760779,72.9929716751185,21.623444719713774,99.50175731388322,0.0,-121.12520203359699,0.0,758.4193904940432,0.0,9.90084465188346,107.61706983643948,0.0,0.0,0.0,-34.87737542703486,0.0,0.0,0.0,0.0,0.0,0.0,0.0,0.0,0.0,24.949731681141706,-54.65226563679192,241.58060950595677,0.0,0.0,0.0,0.0,0.0,0.0,0.0,0.0,0.0,593.7651767883214,0.0,0.0,0.0,-15.968648017109201,0.0,0.0,59.40506791130085,0.0,0.0,0.0,0.0,-75.92653784703538,0.0,0.0,0.21781858234112406,0.0,0.0,0.0,120.79030475297839,0.0,0.0,0.0,0.0,-423.57800651917995,0.0,0.0,0.0,0.0,0.0,0.0,0.0,0.0,-184.92169021745698,0.0,63.32755248410251,0.019801689303767134,0.0,0.0,0.0,0.0,0.0,0.0,0.0,0.0,0.0,0.0,0.0,0.0,0.0,0.0,0.0,10.0984647033165,0.0,0.0,0.0,0.0,0.0,0.0,0.0,0.0,0.0,0.0,0.0,0.0,0.0,1000.0,-70.26129332438674,0.0,0.0,0.0,118.8101358226017,0.0,0.0,0.0,0.0,0.0,-809.8133653143096,691.003229491708,0.0,0.0,0.0,0.0,0.0,0.0,0.0,0.0,0.0,0.0,0.0,0.0,-79.29589923362505,-1000.0,135.64157173080355,-1000.0,940.5949320886991,0.0,-34.67935853399719,0.0,0.0,0.0,0.0,0.0,0.0,0.0,0.0,0.0,289.0625,0.0,-289.0625,-289.0625,0.0,0.0,0.0,0.0,-24.75211162970867,0.0,-14.851266977825208,39.80099865896687,0.0,0.0,0.0,0.0,0.0,-1000.0,997.5247888370291,34.87737542703486,0.0,0.0,0.0,0.0,0.0,0.0,0.0,1000.0,59.40506791130085,59.40506791130085,0.0,0.0,0.0,0.0,0.0,0.21781858234112406,10.0984647033165,0.0,0.0,34.67935853399719,63.30775079479874,0.0,0.0,0.0,0.0,0.0,0.0,0.0,0.0,0.0,0.0,0.0,0.0,0.0,145.74079010755167,0.0,0.0,61.38523684167753,0.0,207.91773768955295,15.247300763900569,0.0,0.0,0.0,0.0,0.0,10.0984647033165,0.0,-131.02604668548045,0.0,0.0,0.0,-24.75211162970867,0.0,0.0,0.0,0.0,0.0,0.0,0.0,0.0,0.0,0.0,0.0,0.0,0.0,0.0,0.0,0.0,0.0,0.0,-0.1980168930376749,0.0,0.0,9.900844651883473,-828.354941571346,0.0,0.0,0.0,0.0,0.0,0.0,0.0,0.0,17.049254490543024,4.950422325941736,0.0,0.0,0.0,0.19801689303766945,0.0,198.01689303766943,0.0,39.6033786075339,1.4144063788404961,675.237605258453,-0.1485126697782521,9.900844651883473,3.9603378607533894,-0.9900844651883034,-675.237605258453,59.40506791130085,-0.19801689303766945,74.87627488689112,0.0,0.04950422325941736,1.4144063788404961,-224.6288246606734,-31.524289371597234,-3.9603378607533894,-412.91822235058635,-0.19801689303766945,0.04950422325941736,-675.237605258453,312.56988385371125,0.19801689303766945,0.19801689303766945,-9.682629227937706,0.21781858234143836,-233.31886503909436,-0.1485126697782521,59.40506791130085,0.19801689303766945,59.40506791130085,-99.00844651883475,-0.09900844651883473,-317.4234856395588,-191.112786502682,-0.1485126697782521,-0.19801689303766945,0.0,0.19801689303766945,19.801689303766945,-3.9603378607533894,171.1130803058774,171.1130803058774,-19.80168930376692,412.91822235058635,-171.1130803058774,39.60337860753389,0.2970253395565042,-1000.0,19.801689303766945,-175.135029387584,0.0,-39.60337860753389,0.09900844651883473,1.980168930376695,37.43813744344556,49.70184331085039,-0.19801689303766945,-54.65226563679192,9.682629227937706,61.385236841677546,0.19801689303766945,31.524289371597234,-530.3884661951477,0.0,-0.19801689303766945,-0.04950422325941736,0.0,-0.19801689303766945,-980.1983106962331,0.1980168930376749,-0.04950422325941736,-0.04950422325941736,-0.04950422325941736,79.20675721506778,99.00844651883475,1.980168930376695,269.9018050480611,-0.04950422325941736,0.0,9.900844651883473,500.0,0.19801689303766945,0.09900844651883473,0.09900844651883473,19.801689303766945,0.0,0.19801689303766945,0.0,1.980168930376695,0.19801689303766945,-516.2938838856182,0.19801689303766945,0.7920675721506356,0.9900844651883034,0.09900844651883473,0.04950422325941736,59.40506791130085,-0.19801689303766945,233.31886503909436,1.9801689303766947,-539.8036100961222,4.950422325941736,-19.801689303766945,39.60337860753389,9.900844651883473,-0.19801689303766945,224.6288246606734,0.2970253395565042,-0.19801689303766945,-39.60337860753389,0.0,351.7048354576201,0.09900844651883473,-1000.0,-0.19801689303766945,-0.1980168930376749,-0.19801689303766945,0.09900844651883473,675.237605258453,-39.60337860753389,0.19801689303766945,74.87627488689112,-0.04950422325941736,-0.21781858234143836,-74.87627488689112,29.702533955650413,191.112786502682,114.32524617361794,675.237605258453,-0.1485126697782521,54.65226563679192,-49.70184331085039,0.19801689303766945,-0.049504223259417356,301.49436304597424,198.01689303766943,-0.09900844651883473,-0.19801689303766945,0.04950422325941736,0.0,0.0,999.9009915534812,246.39207883755716,-1000.0,0.0,750.6060725157909,68.61679833898631,292.7681945499443,-1000.0,508.80164754310096,549.4565050342962,0.0,500.0,500.0,-254.40082377155048,-292.7681945499443,-34.30839916949316,-10.0984647033165,-275.77829761058456,0.0,-549.4565050342962,-275.77829761058473,-750.6060725157909,630.5964247035857,0.0,1496.5981,bhi
397,0.0,0.0,0.0,0.0,0.0,0.0,0.0,0.0,-0.07658770351605637,0.0,0.0,0.0,0.0,0.0,0.0,0.0,30.834665745204074,245.2701872233831,0.0,0.0,0.0,0.0,0.0,0.0,0.0,412.10756442687426,0.0,0.0,0.0,-282.5308705921989,0.0,0.0,0.0,0.0,0.0,0.0,0.0,382.1623667985655,0.0,-1000.0,977.023688945183,0.0,0.0,1000.0,0.0,0.0,0.0,0.0,500.1877035892086,0.0,0.0,561.8570350796168,0.0,0.08424647386800643,0.0,0.0,0.0,15.317540703211275,0.0,0.0,211.5012103602059,0.0,76.0285700255331,-367.2083219638209,0.0,0.0,0.0,0.0,334.28900596068354,0.0,0.0,0.7658770351605638,0.0,0.0,0.0,0.0,0.0,0.0,0.0,512.2035577204078,0.0,0.0,-57.54654510723681,0.0,45.95262210963383,0.0,0.0,0.0,38.80574435187914,268.1337743619121,-0.019146925879014093,0.0,0.0,-770.5162473939688,22.976311054816914,0.0,22.976311054816914,0.0,0.0,0.0,0.0,3.829385175802819,-282.5308705921989,0.0,0.0,-225.0204347599683,0.0,417.9746645649119,0.0,0.0,0.0,0.0,0.0,0.0,0.0,0.0,0.0,0.0,0.0,0.0,0.0,0.0,0.0,0.0,-929.8960465481009,0.0,0.0,22.976311054816914,0.0,23.74218808997748,0.0,0.0,-644.9306231883161,644.9306231883161,0.0,0.0,-620.7349903073101,0.0,0.0,-34.00311204224988,0.0,0.0,0.0,0.0,0.0,63.44379827797327,0.0765877035161111,0.0,0.0,0.0,-321.18061586724673,56.88736361774034,0.0,0.0,57.54654510723681,0.0,730.7013284258604,0.0,0.0,0.0,0.0,0.0,665.894926590184,665.894926590184,0.0,0.0,0.0,0.0,0.0,0.0,0.0,665.9715142937001,0.0,0.0,0.0,-299.3738543857744,-593.0354130477881,0.0,0.0,0.0,0.0,0.0,0.0,0.0,0.0,0.0,-671.3680058314338,0.0,0.0,0.0,0.0,-520.8705602735959,0.0,0.0,0.0,0.0,0.0,0.0,-561.8570350796168,-306.93951871379124,306.93951871379124,0.0,0.0,0.0,0.0,0.0,0.0,0.0,0.0,-1000.0,0.0,0.0,0.0,0.0,0.0,0.0,0.0,0.0,0.0,0.0,0.0,0.0,0.0,0.0,-440.21745804442014,313.36553633740294,0.0,0.0,0.0,320.4490963888764,177.05803553719267,0.0,0.0,0.0,0.0,211.5012103602059,-686.634463662597,0.0,0.0,0.0,0.0,0.0,0.0,0.0,0.0,2.466124053216845,0.0,0.0,0.0,298.8535585518421,644.5988216175131,-368.60885020419937,0.0,-313.36553633740294,0.0,0.0,654.73810234956,-906.5630017104112,0.0,0.0,0.0,-225.96479816921328,0.0,0.0,-1000.0,0.0,0.0,-1000.0,0.0,0.0,-268.1337743619121,0.0,0.0,0.0,0.0,36.62165727260464,0.0,0.0,0.0,738.8563214081172,0.0,-738.8563214081172,0.0,665.8183388866679,334.28900596068354,320.4490963888764,0.0,0.0,0.0,0.0,211.5012103602059,-0.11488155527408456,0.0,0.0,0.0,0.0,0.0765877035161111,0.0,0.0,0.0,318.37008962836944,30.834665745204074,0.0,-654.6896441873656,-164.8113256160991,593.0354130477881,1000.0,0.0,803.1506461403208,0.0,-225.0204347599683,0.0,0.0,0.0,-6.594201272732798,0.0,-796.556444867588,0.0,-1000.0,0.0,0.0,0.0,0.0,0.0,0.0,0.0,0.0,0.0,0.0,0.0,0.0,0.0,0.0,0.0,0.0,0.0,-617.5312823873704,0.0,-1000.0,57.54654510723681,0.0,0.0,0.0,0.0,0.0,-65.90992233119016,0.0,0.0,0.0,0.0,0.0,0.0,0.0,0.0,347.69185407599343,-334.28900596068354,-5.619098311250241,0.0,0.0,693.4311020832181,0.0,-3.829385175802819,1000.0,-349.60654666389485,-3.829385175802819,-1000.0,0.0,-3.829385175802819,0.0,-1000.0,22.976311054816914,0.0,0.0,0.0,0.0,0.0,0.0,0.0,0.0,0.0,0.0,98.14667925783624,0.0,21.139820848070144,0.0,0.0,0.0,0.0,0.0,0.0,-231.73568162914773,0.0,0.0,0.0,0.0,0.0,0.0,0.0,-727.4870213487435,0.15317540703188115,0.0,0.0,0.0,0.0,0.0,0.0,0.0,0.0,0.0,0.0,0.0,0.0,0.0,0.0,0.0,0.0,0.0,0.0,0.0,0.08424647386800643,0.08424647386800643,0.0,322.8879164048619,0.0,45.95262210963383,0.0,0.0,0.0,1000.0,0.0,463.6533705846424,0.0,0.0,0.0,1000.0,-1000.0,0.0,0.0,0.0,0.0,0.0,0.0,0.0,0.0,0.0,0.0,0.0,0.0,0.0,309.965348849367,-318.37008962836944,264.2932522495064,0.0,50.69354774363505,0.0,-770.5162473939688,0.0,-177.05803553719267,0.0,1000.0,0.0,0.0,272.5129786512565,-734.3750000001716,734.3750000001716,0.0,0.0,0.0,0.0,0.0,0.0,0.0,0.0,0.0,0.0,0.0,0.0,0.0,0.0,45.95262210963383,654.73810234956,654.73810234956,0.0,0.0,0.0,0.0,0.0,0.0,0.0,0.0,0.0,0.0,0.7658770351605638,0.0,0.0,0.0,0.0,0.0,-561.8570350796168,0.0,0.0,22.976311054816914,0.0,0.0,0.0,44.79629457289859,0.0,0.0,0.0,0.0,0.0,0.0,-551.5712917227198,1000.0,0.0,22.976311054816914,22.976311054816914,541.7355042442509,-1000.0,0.0,0.0,0.0,0.0,0.0,0.0,0.0,-717.4691294078011,0.0,-490.5469849446372,0.0765877035161111,0.0,0.0,101.14500359345476,0.0,277.4461518288069,0.0,770.5162473939688,0.0,-334.28900596068354,0.0,0.0,0.0,0.0,0.0,0.0,0.0,0.0,0.0,0.0,0.0,0.0,0.0765877035161111,0.0,0.0,0.0,0.0,0.0,0.0,0.0,0.0,0.0,0.0,-65.90992233119012,0.0,0.0,-382.4687176126296,-5.744077763704228,-3.829385175802819,0.0,0.0,0.0,0.0,0.0,0.0,0.0,0.0,0.0,0.0,0.0,0.0,654.73810234956,593.0354130477881,0.0,0.0,-1000.0,0.0,0.0,0.0,-0.0765877035161111,0.0,0.0,0.0765877035161111,0.0,0.0765877035161111,0.0,0.0,0.0,45.95262210963383,93.43699828958879,93.43699828958879,0.0,0.0,0.0,0.0,0.0,0.0,0.0,264.2932522495064,0.0,0.0,0.0,0.0,0.0,0.0,0.0,0.0,0.0,0.0,0.0,0.0,0.0,0.0,0.0,0.0,0.0,0.0,0.0,177.05803553719267,0.0,-412.10756442687426,412.10756442687426,0.11488155527408456,0.0,0.0,0.0,-22.976311054816914,0.0,0.0,0.0,0.0,0.0,-322.8879164048619,3.829385175802819,0.0,0.0,0.0,0.0,0.0,634.0944465160552,0.0,0.0,0.0,0.0,0.0,0.0,0.0,0.0,654.73810234956,0.0,0.0,0.0,322.8879164048619,0.0,-448.691032816242,52.425717068838566,0.0,568.184524184865,0.0,-568.184524184865,57.54654510723681,-1000.0,0.0,3.829385175802819,657.537936941596,0.0,0.0,0.0,-231.73568162914773,609.3749999999901,-609.3749999999901,0.0,0.0,0.0,0.0,0.0,0.0,0.0,1000.0,-340.1201496959744,93.43699828958879,0.0,0.0,0.0,0.0,0.0,0.0,0.0,0.0,0.0,2.466124053216845,0.0,0.0,0.0,-101.14500359345476,1000.0,0.0,22.976311054816914,0.0,0.0,0.0,0.0,-6.110727977623674,0.0,0.0,0.08424647386800643,0.0,0.0,0.0,46.71849914479439,0.0,0.0,0.0,0.0,-440.21745804442014,0.0,0.0,0.0,0.0,0.0,0.0,0.0,0.0,53.11085405935228,0.0,0.0076587703516057815,0.0076587703516057815,0.0,0.0,0.0,0.0,0.0,0.0,0.0,0.0,0.0,101.14500359345476,0.0,0.0,0.0,0.0,0.0,322.8879164048619,0.0,0.0,0.0,0.0,0.0,0.0,0.0,0.0,0.0,0.0,0.0,0.0,0.0,0.0,245.2701872233831,0.0,0.0,0.0,45.95262210963383,0.0,0.0,0.0,0.0,0.0,0.0,-45.95262210963383,0.0,0.0,0.0,0.0,0.0,0.0,0.0,0.0,0.0,0.0,0.0,0.0,490.5469849446372,-1000.0,52.462576908498605,-653.0035459916522,630.0272349368353,0.0,382.1623667985655,0.0,0.0,0.0,0.0,0.0,0.0,0.0,0.0,0.0,773.4374999999999,0.0,-773.4375,-773.4374999999999,0.0,0.0,0.0,0.0,-9.573462939507046,654.73810234956,-5.744077763704228,334.3760719322702,0.0,0.0,0.0,0.0,0.0,-173.67584221880276,172.71849592485205,289.28222673638453,0.0,0.0,0.0,0.0,0.0,0.0,0.0,1000.0,22.976311054816914,22.976311054816914,0.0,0.0,0.0,0.0,512.2035577204078,0.08424647386800643,322.8879164048619,0.0,0.0,-382.1623667985655,0.0,0.0,0.0,0.0,0.0,0.0,0.0,0.0,0.0,0.0,0.0,0.0,0.0,0.0,0.0,0.0,0.0,0.0,0.0,80.4170886918592,5.897253170736462,0.0,0.0,0.0,0.0,0.0,322.8879164048619,0.0,-637.923831691858,0.0,0.0,0.0,-9.573462939507046,0.0,0.0,0.0,0.0,0.0,0.0,0.0,0.0,0.0,0.0,0.0,0.0,0.0,0.0,0.0,0.0,0.0,0.0,-0.0765877035161111,0.0,0.0,3.829385175802819,-1000.0,0.0,0.0,0.0,0.0,654.73810234956,0.0,0.0,0.0,6.594201272732798,1.9146925879014098,0.0,0.0,412.10756442687426,0.0765877035161111,0.0,76.58770351605637,-23.74218808997748,15.317540703211277,0.5470550251146884,213.6796928097973,-0.05744077763704228,3.829385175802819,1.5317540703211276,-0.3829385175801576,-213.6796928097973,22.976311054816914,-0.07658770351605637,75.0068115866561,0.0,0.019146925879014093,0.5470550251146884,-225.0204347599683,-12.192762399756134,-1.5317540703211276,-276.1048529685872,-0.07658770351605637,0.019146925879014093,-213.6796928097973,772.813199145571,0.07658770351605637,0.0765877035161111,-322.72708222747787,0.08424647386766215,0.0,-0.05744077763704228,22.976311054816914,0.07658770351605637,22.976311054816914,-38.29385175802819,-0.038293851758028186,-280.6604589059238,-184.7933935923144,-0.05744077763704228,-0.07658770351605637,-23.74218808997748,0.0765877035161111,7.658770351605638,-1.5317540703211276,177.05803553719267,177.05803553719267,-7.658770351605654,276.1048529685872,-177.05803553719267,15.317540703211275,0.11488155527408456,-1000.0,7.658770351605638,-309.965348849367,0.0,-15.317540703211275,0.038293851758028186,0.7658770351605638,163.6724110468414,338.2054571080732,-0.0765877035161111,-340.1201496959744,322.72708222747787,23.74218808997748,0.07658770351605637,12.192762399756134,-857.0596730132336,0.0,-0.0765877035161111,-0.019146925879014093,0.0,-0.07658770351605637,-727.4870213487435,0.07658770351605637,-0.019146925879014093,-0.019146925879014093,-0.019146925879014093,30.63508140642255,38.29385175802819,0.7658770351605638,56.741914842458414,-0.019146925879014093,252.3380105070267,3.829385175802819,367.5728958501746,0.0765877035161111,0.038293851758028186,0.038293851758028186,-319.71028082317434,23.74218808997748,0.0765877035161111,-23.74218808997748,0.7658770351605638,0.07658770351605637,-56.741914842458414,0.07658770351605637,0.30635081406410336,0.3829385175801576,0.038293851758028186,0.019146925879014093,22.976311054816914,-0.07658770351605637,0.0,0.7658770351605638,-113.48382968491683,1.9146925879014094,-7.658770351605638,15.317540703211275,3.829385175802819,-0.07658770351605637,225.0204347599683,0.11488155527408456,-0.07658770351605637,639.4205616463487,23.74218808997748,145.04799525714608,0.038293851758028186,-735.1457917003492,-0.07658770351605637,-0.07658770351605637,-0.07658770351605637,0.038293851758028186,213.6796928097973,-15.317540703211275,0.0765877035161111,327.3448220936828,-0.019146925879014093,-0.08424647386766215,-327.3448220936828,11.488155527408455,184.7933935923144,67.779291546055,213.6796928097973,-0.05744077763704228,340.1201496959744,-338.2054571080732,0.07658770351605637,-0.019146925879014093,3.829385175802819,76.58770351605638,-0.038293851758028186,-0.07658770351605637,0.019146925879014093,1000.0,0.0,999.961706148242,0.0,-1000.0,0.0,130.04443631305065,50.733128821133334,765.1544287939654,-201.12715634903407,-165.88993702988608,697.6667443625371,0.0,100.56357817451703,500.0,82.94496851494304,-765.1544287939654,-25.366564410566667,-322.8879164048619,-138.93726727952242,0.0,-697.6667443625371,-138.93726727952242,-130.04443631305065,489.7226694873393,0.0,1496.5981,bhi
398,0.0,0.0,0.0,0.0,0.0,0.0,0.0,0.0,-0.14907690770764642,0.0,0.0,0.0,0.0,0.0,0.0,0.0,-441.3772823503039,188.87237614989192,0.0,0.0,0.0,0.0,0.0,524.8614329724466,0.0,351.7461399202867,0.0,0.0,0.0,-965.1788025395192,0.0,0.0,738.698444734727,0.0,0.0,0.0,0.0,371.5065241397131,0.0,-1000.0,343.29590435353634,0.0,0.0,0.0,0.0,0.0,0.0,0.0,1000.0,0.0,0.0,0.0,0.0,0.1639845984788053,0.0,0.0,0.0,0.0,0.0,0.0,4.804562093544064,0.0,910.1376234925165,861.142380289064,0.0,0.0,0.0,0.0,1000.0,-1000.0,0.0,1.4907690770764643,0.0,0.0,0.0,0.0,0.0,0.0,0.0,0.0,0.0,0.0,0.0,0.0,89.44614462458784,0.0,0.0,-662.2591180121187,-866.6051443362092,970.4651600601933,-0.037269226926911606,0.0,0.0,0.0,44.72307231229392,0.0,156.9552933708264,0.0,61.48862455004066,0.0,0.0,428.224953039296,-965.1788025395192,0.0,0.0,0.0,0.0,808.564315170035,0.0,0.0,0.0,0.0,0.0,0.0,0.0,0.0,0.0,0.0,0.0,0.0,0.0,0.0,0.0,0.0,-749.3785307452886,0.0,0.0,156.9552933708264,0.0,46.21384138937039,0.0,0.0,-1000.0,0.0,1000.0,-1000.0,-53.79980529699657,0.0,0.0,0.0,0.0,0.0,0.0,0.0,0.0,11.47892189348886,0.14907690770764642,0.0,0.0,0.0,-731.7489086704312,731.7489086704312,0.0,0.0,60.15060416140424,0.0,749.6915948536864,0.0,0.0,0.0,0.0,0.0,489.21803212462663,489.21803212462663,0.0,0.0,0.0,0.0,0.0,0.0,0.0,489.36710903233427,0.0,0.0,0.0,0.0,-582.0682341823526,0.0,0.0,0.0,0.0,0.0,0.0,0.0,0.0,0.0,-414.2101079532769,0.0,0.0,0.0,0.0,-1000.0,0.0,0.0,0.0,0.0,0.0,0.0,0.0,662.2591180121187,-662.2591180121187,53.79980529699657,0.0,0.0,0.0,0.0,0.0,0.0,0.0,-48.44999500498513,0.0,0.0,0.0,0.0,0.0,0.0,0.0,0.0,0.0,0.0,0.0,0.0,0.0,276.0209409158835,-64.43103951124795,406.5560848898231,0.0,0.0,0.0,0.0,94.44254976994333,0.0,0.0,0.0,0.0,4.804562093544064,406.5560848898231,0.0,0.0,0.0,0.0,0.0,0.0,0.0,0.0,4.8002764281893775,29.815381541529284,112.23222105853249,0.0,528.8642623483279,-1000.0,1000.0,0.0,-406.5560848898231,0.0,0.0,53.79980529699657,181.87382740332862,0.0,0.0,0.0,-32.95773611413529,0.0,0.0,0.0,0.0,0.0,0.0,0.0,0.0,-204.34602632409053,0.0,513.3906121741294,0.0,0.0,267.68221743739355,0.0,0.0,0.0,717.9825719240824,0.0,-717.9825719240824,0.0,621.2762427833146,0.0,0.0,99.79236006195477,0.0,0.0,0.0,4.804562093544064,-0.22361536156146963,0.0,0.0,0.0,0.0,0.14907690770764642,0.0,0.0,0.0,690.0020751340443,-441.3772823503039,0.0,0.0,-242.037689289191,582.0682341823526,449.67735737880173,0.0,680.1497903939164,0.0,0.0,0.0,0.0,0.0,0.0,-487.9366315575459,-192.21315883637055,-1000.0,0.0,0.0,0.0,0.0,0.0,0.0,0.0,0.0,0.0,0.0,0.0,0.0,0.0,0.0,0.0,0.0,0.0,0.0,1000.0,0.0,627.8971682294562,0.0,0.0,0.0,549.7475009446191,0.0,0.0,-16.27919832167811,0.0,61.48862455004066,0.0,0.0,420.7711076539137,-512.063368442454,599.3091348954388,-275.86674075168105,-952.1913447121993,0.0,849.9627341576137,-7.453845385382321,978.6455808543959,-1000.0,-599.3091348954388,-216.84640893296762,1000.0,948.4644220195082,0.0,-1000.0,0.0,795.5003993960366,0.0,-1000.0,156.9552933708264,0.0,0.0,0.0,336.48331704530483,0.0,0.0,0.0,-276.0209409158835,276.0209409158835,276.0209409158835,-182.25784929842501,0.0,0.0,-132.20728756639562,0.0,0.0,0.0,0.0,0.0,-44.190681109908375,0.0,0.0,50.57384034556105,0.0,0.0,0.0,0.0,-221.38633288207436,0.29815381541538954,0.0,0.0,0.0,0.0,0.0,0.0,0.0,0.0,0.0,0.0,0.0,0.0,0.0,0.0,0.0,0.0,0.0,0.0,0.0,0.1639845984788053,0.1639845984788053,0.0,166.4909485403914,0.0,89.44614462458784,0.0,0.0,0.0,-662.2653414290766,0.0,0.0,0.0,0.0,0.0,112.36403249331116,662.2653414290766,0.0,0.0,0.0,0.0,0.0,50.57384034556105,0.0,0.0,0.0,0.0,0.0,0.0,0.0,249.79284358176284,-690.0020751340443,0.0,0.0,11.47892189348886,0.0,0.0,0.0,-148.2423550669399,0.0,112.36403249331116,0.0,0.0,-109.0223003887632,0.0,0.0,276.0209409158835,0.0,0.0,0.0,0.0,0.0,0.0,0.0,0.0,0.0,0.0,0.0,0.0,0.0,89.44614462458784,53.79980529699657,53.79980529699657,0.0,0.0,0.0,0.0,0.0,0.0,0.0,0.0,0.0,0.0,1.4907690770764643,0.0,0.0,0.0,0.0,0.0,0.0,0.0,0.0,156.9552933708264,0.0,0.0,0.0,0.0,0.0,0.0,0.0,0.0,0.0,0.0,591.2452116939253,0.0,0.0,44.72307231229392,44.72307231229392,1000.0,662.2653414290766,0.0,50.57384034556105,0.0,0.0,0.0,0.0,0.0,965.1788025395192,0.0,1000.0,0.14907690770764642,0.0,0.0,0.0,196.8773533290482,0.0,0.0,0.0,0.0,0.0,0.0,0.0,0.0,0.0,0.0,0.0,0.0,0.0,0.0,0.0,0.0,0.0,0.14907690770764642,0.0,0.0,0.0,680.6508039124778,-680.6508039124778,0.0,0.0,0.0,0.0,-664.5578132914434,709.7672395198059,-60.15060416140424,0.0,-372.1028317705439,-11.180768078073484,-7.453845385382351,0.0,0.0,0.0,0.0,0.0,0.0,0.0,0.0,0.0,0.0,0.0,0.0,53.79980529699657,582.0682341823526,0.0,0.0,-197.045755218581,0.0,0.0,0.0,-0.14907690770764642,0.0,0.0,0.14907690770764642,0.0,0.14907690770764642,0.0,0.0,0.0,89.44614462458784,181.87382740332862,181.87382740332862,0.0,0.0,0.0,0.0,0.0,0.0,0.0,0.0,0.0,0.0,0.0,0.0,0.0,12.83552175362875,0.0,0.0,0.0,0.0,0.0,0.0,0.0,0.0,0.0,0.0,0.0,0.0,0.0,148.2423550669399,0.0,-351.7461399202867,351.7461399202867,0.22361536156146963,0.0,0.0,0.0,-156.9552933708264,0.0,0.0,0.0,0.0,0.0,-166.4909485403914,7.453845385382321,0.0,0.0,0.0,0.0,0.0,257.557536520559,0.0,0.0,0.0,0.0,0.0,0.0,0.0,0.0,53.79980529699657,0.0,0.0,-452.623497730457,-109.5299923754921,0.0,970.1846184584707,0.0,0.0,905.8361514903243,61.48862455004066,-967.3247760403649,60.15060416140424,0.0,0.0,7.453845385382351,368.56548907552724,0.0,0.0,0.0,-44.190681109908375,0.0,0.0,0.0,0.0,0.0,0.0,0.0,0.0,0.0,391.8485717971299,0.0,181.87382740332862,0.0,859.375,859.375,-859.375,0.0,0.0,0.0,0.0,0.0,4.8002764281893775,0.0,0.0,200.03325277461192,-196.8773533290482,67.4503030035267,0.0,44.72307231229392,0.0,0.0,0.0,0.0,-306.957492105856,0.0,0.0,0.1639845984788053,0.0,0.0,0.0,90.93691370166431,0.0,0.0,0.0,0.0,-64.43103951124795,0.0,0.0,0.0,0.0,0.0,0.0,0.0,0.0,0.0,0.0,0.014907690770765036,0.014907690770765036,0.0,0.0,0.0,0.0,0.0,0.0,0.0,0.0,0.0,0.0,0.0,0.0,0.0,0.0,0.0,166.4909485403914,0.0,0.0,0.0,0.0,0.0,0.0,0.0,0.0,0.0,0.0,0.0,0.0,-369.36395252647856,1000.0,188.87237614989192,0.0,0.0,0.0,89.44614462458784,0.0,0.0,0.0,0.0,0.0,0.0,-89.44614462458784,0.0,0.0,0.0,0.0,0.0,0.0,0.0,0.0,0.0,0.0,0.0,0.0,-52.032201427937025,-1000.0,114.95320353336649,0.0,-156.9552933708264,0.0,371.5065241397131,0.0,0.0,0.0,0.0,0.0,0.0,0.0,0.0,0.0,0.0,0.0,0.0,0.0,0.0,0.0,0.0,0.0,-18.634613463455835,53.79980529699657,-431.9518757319872,1.654753675555412,0.0,0.0,0.0,0.0,0.0,327.56400989408695,-329.4274712404325,104.34128527131261,0.0,0.0,0.0,0.0,0.0,0.0,0.0,947.967798572063,44.72307231229392,44.72307231229392,0.0,0.0,0.0,0.0,0.0,0.1639845984788053,166.4909485403914,0.0,0.0,-371.5065241397131,0.0,0.0,0.0,0.0,0.0,0.0,0.0,0.0,0.0,0.0,0.0,0.0,0.0,0.0,0.0,0.0,0.0,0.0,0.0,156.53075309302872,11.47892189348886,0.0,0.0,0.0,0.0,0.0,166.4909485403914,0.0,-265.01138190594133,0.0,0.0,0.0,-18.634613463455835,0.0,0.0,0.0,0.0,0.0,0.0,0.0,0.0,0.0,0.0,0.0,0.0,0.0,0.0,0.0,0.0,0.0,0.0,-0.14907690770764642,0.0,0.0,7.453845385382321,-112.36403249331116,0.0,0.0,0.0,0.0,53.79980529699657,0.0,0.0,0.0,0.0,3.7269226926911605,0.0,0.0,351.7461399202867,0.14907690770764642,0.0,149.0769077076464,-46.21384138937039,29.815381541529284,1.0648350550546173,415.92457250433347,-0.11180768078073482,492.71314968464867,2.9815381541529287,-0.745384538538417,-415.92457250433347,44.72307231229392,-0.14907690770764642,0.0,50.57384034556105,0.037269226926911606,1.0648350550546173,0.0,-23.73304370706046,-2.9815381541528723,252.504906200412,-0.14907690770764642,0.037269226926911606,-415.92457250433347,662.9607311312403,0.14907690770764642,0.14907690770764642,-166.17788703420496,0.16398459847841146,-960.0847776168014,-0.11180768078073482,44.72307231229392,0.14907690770764642,156.9552933708264,37.69376720470929,-0.07453845385382321,210.39318276311496,-109.49931744841561,-0.11180768078073482,-0.14907690770764642,-46.21384138937039,0.14907690770764642,14.907690770764642,-2.9815381541529287,148.2423550669399,148.2423550669399,-14.907690770764589,-252.504906200412,-148.2423550669399,29.815381541529284,0.22361536156146963,-1000.0,14.907690770764642,-249.79284358176284,50.57384034556105,-29.815381541529284,0.07453845385382321,1.4907690770764643,0.0,-79.71461083396281,-0.14907690770764642,-200.03325277461192,166.17788703420496,46.21384138937039,0.14907690770764642,23.73304370706046,-888.603710322623,50.57384034556105,-0.14907690770764642,-0.037269226926911606,-50.57384034556105,-0.14907690770764642,-221.38633288207436,0.14907690770764642,-0.037269226926911606,-0.037269226926911606,-0.037269226926911606,59.63076308305857,-37.69376720470929,1.4907690770764643,110.44735399791003,-0.037269226926911606,0.0,7.453845385382321,118.1470118264195,0.14907690770764642,0.07453845385382321,0.07453845385382321,40.19461094354517,46.21384138937039,0.14907690770764642,-46.21384138937039,1.4907690770764643,0.14907690770764642,-110.44735399791003,0.14907690770764642,0.5963076308307791,0.745384538538417,0.07453845385382321,0.037269226926911606,44.72307231229392,-0.14907690770764642,960.0847776168014,1.4907690770764361,-220.89470799582006,488.9862269919575,-14.907690770764642,29.815381541529284,7.453845385382321,-0.14907690770764642,0.0,0.22361536156146963,-0.14907690770764642,-80.38922188709034,46.21384138937039,682.2215793578605,0.07453845385382321,-236.294023652839,-0.14907690770764642,-0.14907690770764642,-0.14907690770764642,0.07453845385382321,415.92457250433347,-29.815381541529284,0.14907690770764642,0.0,-0.037269226926911606,-0.16398459847841146,0.0,22.36153615614696,109.49931744841561,-251.29434765628196,415.92457250433347,-0.11180768078073482,200.03325277461192,79.71461083396281,0.14907690770764642,-0.037269226926911606,7.453845385382351,149.07690770764643,-0.07453845385382321,-0.14907690770764642,0.037269226926911606,926.5367129958204,0.0,233.8063278100434,0.0,-1000.0,0.0,1000.0,-741.9930443950664,648.0530403604757,1000.0,-184.0408492884091,-1000.0,-766.1191337361028,-500.0,500.0,92.02042464420455,-648.0530403604757,370.9965221975332,-166.4909485403914,-375.2640872520046,766.1191337361028,1000.0,-375.2640872520046,-1000.0,936.8480097759292,0.0,1496.5981,bhi
399,0.0,0.0,0.0,0.0,0.0,0.0,0.0,0.0,-0.06254289927243092,0.0,0.0,0.0,0.0,0.0,0.0,0.0,592.7368213711102,-551.9318702120707,0.0,0.0,0.0,0.0,0.0,0.0,0.0,0.0,0.0,0.0,0.0,-1000.0,175.86495216458832,-175.86495216458832,1000.0,0.0,0.0,0.0,0.0,999.7498284029108,0.0,-1000.0,758.1819332847153,0.0,0.0,1000.0,0.0,0.0,0.0,0.0,238.18442081041258,0.0,0.0,0.0,0.0,0.06879718919973588,0.0,0.0,0.0,12.508579854486186,0.0,0.0,37.06506087405353,0.0,0.0,-329.489082684193,0.0,0.0,0.0,0.0,387.40681560503197,-387.40681560503197,0.0,0.6254289927243094,0.0,0.0,0.0,0.0,0.0,0.0,0.0,0.0,0.0,0.0,0.0,0.0,37.525739563458615,0.0,20.99005826124052,0.0,633.5417725301497,-543.7140919299527,-0.01563572481810773,0.0,0.0,1000.0,18.762869781729282,0.0,336.0556053151244,-74.26623862670873,0.0,0.0,0.0,3.1271449636215465,-1000.0,0.0,0.0,-481.1315655676002,0.0,0.0,0.0,0.0,0.0,0.0,0.0,0.0,0.0,0.0,0.0,0.0,0.0,0.0,0.0,0.0,0.0,0.0,-268.6636714609465,0.0,0.0,336.0556053151244,0.0,19.38829877445359,19.38829877445359,0.0,-710.2665436447694,0.0,710.2665436447694,-710.2665436447694,0.0,0.0,0.0,-366.55414355824655,0.0,0.0,0.0,0.0,0.0,25.805861505217756,0.06254289927243092,0.0,0.0,0.0,-144.9838824488989,0.0,0.0,0.0,0.0,0.0,905.9143247411163,0.0,0.0,0.0,0.0,0.0,824.0725049361394,824.0725049361394,0.0,0.0,0.0,0.0,263.8692180850858,0.0,0.0,1000.0,0.0,0.0,0.0,-35.768952401719616,0.0,0.0,0.0,0.0,0.0,0.0,0.0,0.0,0.0,0.0,-1000.0,0.0,0.0,0.0,0.0,-962.4838251591129,0.0,0.0,0.0,0.0,0.0,0.0,0.0,366.45822746985027,-366.45822746985027,366.55414355824655,0.0,0.0,0.0,0.0,0.0,0.0,0.0,48.52732469510363,0.0,0.0,0.0,0.0,0.0,0.0,0.0,0.0,0.0,0.0,0.0,0.0,0.0,0.0,-72.90295640775344,169.07875781847724,0.0,0.0,0.0,0.0,-366.55414355824655,0.0,0.0,0.0,0.0,37.06506087405353,-830.9212421815228,175.86495216458832,0.0,0.0,0.0,0.0,0.0,0.0,0.0,472.1877102356821,0.0,317.2927355333951,0.0,48.92891509224887,316.01246015254833,604.6426482802628,0.0,-169.07875781847724,0.0,0.0,366.55414355824655,353.0806417283667,0.0,0.0,0.0,-168.29385087580704,0.0,0.0,-188.8961186698273,569.7435233276249,0.0,-188.8961186698273,-569.7435233276249,0.0,1000.0,0.0,-423.65806355263294,0.0,0.0,213.2712865189895,0.0,0.0,0.0,0.0,0.0,0.0,0.0,936.9047394177336,0.0,0.0,34.30662359245329,0.0,0.0,0.0,37.06506087405353,-0.09381434890864639,0.0,0.0,0.0,0.0,0.06254289927243092,0.0,0.0,0.0,154.24050960830635,592.7368213711102,0.0,-320.7543770450668,72.58766038296686,0.0,1000.0,0.0,0.0,0.0,-481.1315655676002,0.0,0.0,0.0,459.2900867539007,-224.964776295874,-234.3253104580267,287.49261031836454,-1000.0,0.0,0.0,0.0,0.0,0.0,0.0,0.0,0.0,0.0,0.0,0.0,0.0,0.0,0.0,0.0,0.0,0.0,363.35201901939627,0.0,-636.6479809806037,0.0,0.0,368.5751153412298,0.0,0.0,0.0,-322.12861957631156,0.0,0.0,0.0,0.0,0.0,-162.442039309158,861.4670206571122,-728.4053524404942,0.0,0.0,0.0,0.0,0.0,-314.56373379355864,-861.4670206571122,725.2782074768727,0.0,-1.5635724818107732,-3.1271449636215465,-323.7954997555852,0.0,0.0,591.761741801794,-773.7611716435732,336.0556053151244,0.0,0.0,0.0,0.0,0.0,0.0,1000.0,1000.0,-1000.0,-1000.0,-311.6428064128046,0.0,0.0,0.0,0.0,0.0,0.0,0.0,0.0,-250.44390528765842,0.0,0.0,94.23753859983991,0.0,0.0,0.0,0.0,-553.9424441717767,0.12508579854484808,0.0,0.0,0.0,0.0,0.0,0.0,0.0,0.0,0.0,0.0,0.0,0.0,0.0,0.0,0.0,0.0,0.0,0.0,0.0,0.06879718919973588,0.06879718919973588,175.86495216458832,135.8326581144569,0.0,37.525739563458615,0.0,0.0,0.0,1000.0,0.0,748.2214895991021,20.99005826124052,0.0,0.0,1000.0,-1000.0,0.0,0.0,611.3623333432878,0.0,0.0,94.23753859983991,0.0,0.0,0.0,0.0,0.0,0.0,0.0,89.55455715364883,-154.24050960830635,144.9838824488989,0.0,25.805861505217756,0.0,232.25990252196559,767.7400974780344,767.7400974780344,0.0,1000.0,0.0,0.0,446.05755582822326,0.0,0.0,0.0,0.0,0.0,0.0,0.0,0.0,0.0,0.0,0.0,0.0,0.0,0.0,0.0,0.0,37.525739563458565,366.55414355824655,366.55414355824655,0.0,0.0,0.0,0.0,0.0,0.0,0.0,0.0,0.0,0.0,0.6254289927243094,0.0,175.86495216458832,20.99005826124052,-20.99005826124052,175.86495216458832,0.0,0.0,0.0,336.0556053151244,-611.3623333432878,0.0,0.0,0.0,0.0,0.0,0.0,0.0,0.0,0.0,1000.0,0.0,0.0,18.762869781729282,18.762869781729282,-420.2707910618348,-1000.0,0.0,94.23753859983991,0.0,0.0,0.0,0.0,0.0,830.9243628832876,0.0,1000.0,0.06254289927243092,0.0,0.0,0.0,5.043638091326751,591.6793130365763,0.0,-1000.0,0.0,0.0,0.0,0.0,0.0,0.0,0.0,0.0,0.0,0.0,0.0,0.0,0.0,0.0,0.06254289927243092,0.0,0.0,0.0,0.0,0.0,0.0,0.0,0.0,0.0,0.0,885.9165968062011,0.0,-839.470101041283,-1000.0,-4.690717445432321,0.0,-3.1271449636215465,0.0,-328.125,-328.12499999999994,328.125,0.0,0.0,0.0,0.0,0.0,0.0,0.0,366.55414355824655,0.0,0.0,0.0,-770.6340266799517,0.0,0.0,0.0,-0.06254289927243092,0.0,0.0,0.06254289927243092,0.0,0.06254289927243092,0.0,0.0,0.0,37.525739563458615,76.30233711236575,76.30233711236575,0.0,0.0,0.0,0.0,0.0,0.0,0.0,144.9838824488989,0.0,0.0,0.0,0.0,464.6750303812571,0.0,0.0,0.0,0.0,0.0,0.0,0.0,0.0,0.0,0.0,0.0,0.0,0.0,0.0,0.0,0.0,0.0,0.0,0.09381434890864639,0.0,0.0,0.0,-336.0556053151244,0.0,0.0,0.0,0.0,0.0,-135.8326581144569,3.1271449636215465,0.0,0.0,0.0,0.0,-263.8692180850858,482.6585185350287,-3.1271449636215465,0.0,0.0,0.0,0.0,0.0,0.0,0.0,366.55414355824655,0.0,611.3623333432878,0.0,135.83265811445688,0.0,-363.9256039576773,110.54774746897613,0.0,160.529898958717,839.470101041283,-1000.0,0.0,276.77830461600104,0.0,3.1271449636215465,697.1541118776233,0.0,0.0,-175.86495216458832,-292.4240218101395,0.0,0.0,0.0,0.0,0.0,0.0,0.0,0.0,0.0,990.6185651091355,0.0,76.30233711236575,0.0,0.0,0.0,175.86495216458832,0.0,0.0,0.0,0.0,0.0,472.1877102356821,0.0,0.0,149.90481045075387,-5.043638091326751,-412.3054140116445,0.0,18.762869781729282,20.99005826124052,0.0,0.0,0.0,-229.20695887678932,0.0,0.0,0.06879718919973588,0.0,0.0,0.0,38.151168556182874,0.0,0.0,0.0,0.0,-72.90295640775344,0.0,0.0,0.0,0.0,0.0,0.0,0.0,0.0,-926.3900906779052,0.0,0.006254289927243092,0.006254289927243092,0.0,0.0,0.0,0.0,0.0,0.0,0.0,0.0,0.0,0.0,175.86495216458832,0.0,0.0,0.0,0.0,135.8326581144569,0.0,0.0,0.0,0.0,0.0,0.0,0.0,0.0,0.0,0.0,0.0,41.98011652248104,0.0,1000.0,-551.9318702120707,0.0,0.0,0.0,37.525739563458615,0.0,0.0,0.0,0.0,0.0,962.4742604365414,-1000.0,0.0,41.98011652248104,0.0,0.0,0.0,0.0,0.0,0.0,0.0,175.86495216458832,175.86495216458832,0.0,-1000.0,118.41697320165218,507.5169163828723,-336.0556053151244,0.0,0.0,999.7498284029108,0.0,0.0,0.0,0.0,0.0,0.0,0.0,0.0,0.0,320.3125,0.0,-320.31249999999994,-320.31249999999994,0.0,0.0,0.0,0.0,-7.817862409053867,366.55414355824655,-4.690717445432321,459.98431293582473,0.0,0.0,0.0,0.0,0.0,0.0,-0.7817862409053868,250.44390528765842,0.0,0.0,0.0,0.0,0.0,0.0,0.0,1000.0,18.762869781729282,18.762869781729282,0.0,0.0,0.0,0.0,0.0,0.06879718919973588,135.8326581144569,0.0,0.0,-999.7498284029108,0.0,0.0,0.0,0.0,0.0,0.0,0.0,0.0,0.0,0.0,0.0,0.0,0.0,0.0,0.0,0.0,0.0,19.38829877445359,0.0,65.67004423605249,25.805861505217756,0.0,0.0,0.0,0.0,0.0,135.8326581144569,0.0,-188.3496418205075,0.0,0.0,0.0,-7.817862409053867,0.0,0.0,0.0,0.0,0.0,0.0,0.0,0.0,0.0,0.0,0.0,0.0,0.0,0.0,0.0,0.0,0.0,0.0,-0.06254289927243092,0.0,0.0,3.1271449636215465,-1000.0,0.0,0.0,0.0,0.0,366.55414355824655,0.0,0.0,0.0,-459.2900867539007,1.5635724818107732,0.0,0.0,0.0,0.06254289927243092,0.0,62.54289927243093,0.0,12.508579854486186,0.44673499480307804,213.2712865189895,-0.0469071744543232,3.127144963621504,1.2508579854486186,-0.31271449636165016,-213.2712865189895,18.76286978172928,-0.06254289927243092,160.3771885225334,94.23753859983991,0.01563572481810773,0.44673499480307804,-481.1315655676002,-30.94688782541202,174.6140941791397,-40.80495115903943,-0.06254289927243092,0.01563572481810773,-213.2712865189895,6.254289927243093,0.06254289927243092,0.06254289927243092,-135.70131802598473,-20.92126107204085,0.0,-0.0469071744543232,18.762869781729282,0.06254289927243092,336.0556053151244,286.0212858971796,-0.03127144963621546,56.348806394084136,360.23731073173104,-0.0469071744543232,-0.06254289927243092,0.0,0.06254289927243092,6.254289927243093,-1.2508579854486186,0.0,0.0,-6.254289927243093,40.80495115903943,0.0,12.508579854486184,0.0938143489086464,-1000.0,6.254289927243093,-89.55455715364883,94.23753859983991,-12.508579854486186,0.03127144963621546,0.6254289927243094,80.1885942612667,148.34123796894312,-0.06254289927243092,-149.90481045075387,135.70131802598473,19.38829877445359,0.06254289927243092,30.94688782541202,-298.10667606047264,94.23753859983991,-0.06254289927243092,-0.01563572481810773,-94.23753859983991,-0.06254289927243088,-553.9424441717767,0.06254289927244372,-0.01563572481810773,-0.01563572481810773,-0.01563572481810773,25.017159708972372,-286.0212858971796,0.6254289927243094,46.336470498465935,-0.01563572481810773,0.0,3.1271449636215465,280.09836704950993,0.06254289927243092,0.03127144963621546,0.03127144963621546,53.37305922716305,0.0,0.06254289927243092,0.0,0.6254289927243094,0.06254289927243092,-46.336470498465935,0.06254289927243092,0.25017159708920644,0.31271449636165016,0.03127144963621546,0.01563572481810773,18.762869781729282,-0.06254289927243092,0.0,-87.30704708956985,-92.67294099693187,1.5635724818108168,-6.254289927243093,12.508579854486186,3.1271449636215465,-0.06254289927243092,481.1315655676002,0.0938143489086464,-0.06254289927243092,-106.7461184543261,0.0,423.04593102991817,0.03127144963621546,-560.1967340990199,-0.06254289927243092,-0.06254289927244372,-0.06254289927243092,0.03127144963621546,213.2712865189895,-12.508579854486186,0.06254289927243092,160.3771885225334,-0.01563572481810773,20.92126107204085,-160.3771885225334,9.38143489086464,-360.23731073173104,200.80042754267703,213.2712865189895,-0.0469071744543232,149.90481045075387,-148.34123796894312,0.06254289927243092,-0.01563572481810773,3.1271449636215465,62.54289927243093,-0.03127144963621546,-0.06254289927243092,0.01563572481810773,1000.0,0.0,543.6828204803165,0.0,470.4511973257089,0.0,-210.0395779768903,-890.8344506049449,0.0,-760.7271935072074,188.58647908934233,496.40090655209,-456.28590807004724,380.3635967536037,-235.22559866285445,-94.29323954467117,0.0,445.41722530247245,-135.8326581144569,-193.83897215312885,456.28590807004724,-496.40090655209,-193.83897215312885,210.0395779768903,40.9064040781696,0.0,1496.5981,bhi
400,0.0,0.0,0.0,0.0,0.0,0.0,0.0,0.0,-0.053672599939705676,0.0,0.0,0.0,0.0,0.0,0.0,0.0,-109.29283501920577,-411.6489638465389,0.0,449.8848770134823,0.0,0.0,0.0,0.0,0.0,0.0,0.0,0.0,0.0,-890.7071649807942,0.0,0.0,0.0,0.0,0.0,0.0,0.0,727.9633668320275,0.0,-1000.0,100.46253355878599,0.0,0.0,1000.0,0.0,0.0,0.0,0.0,0.0,0.0,0.0,0.0,0.0,0.05903985993372933,0.0,0.0,0.0,10.734519987941136,0.0,0.0,98.48585702134591,0.0,0.0,-211.15201494676234,0.0,0.0,0.0,0.0,243.79942228115647,690.7722224013675,0.0,0.5367259993970569,0.0,0.0,0.0,0.0,0.0,0.0,0.0,0.0,0.0,0.0,0.0,0.0,32.20355996382341,0.0,0.0,-465.23781946049087,-265.2270603974954,618.7560566028956,-0.01341814998492642,0.0,0.0,395.36341729551,16.101779981911704,0.0,352.7973386826618,-840.5758521575042,0.0,0.0,0.0,252.37454902990632,-890.7071649807942,0.0,0.0,-166.77391288665132,0.0,0.0,0.0,0.0,0.0,0.0,0.0,0.0,0.0,0.0,0.0,0.0,0.0,0.0,0.0,0.0,0.0,0.0,-975.9899544249087,0.0,0.0,352.7973386826618,0.0,16.638505981308764,16.638505981308764,0.0,-31.17910356811376,-734.8675389875623,766.046642555676,-766.046642555676,-309.63787196810824,0.0,0.0,0.0,0.0,0.0,0.0,0.0,0.0,4.132790195357335,0.053672599939705676,0.0,0.0,0.0,0.0,-244.8536596830927,0.0,0.0,0.0,0.0,273.9712923280114,0.0,0.0,0.0,0.0,0.0,-46.840909755100604,-46.840909755100604,0.0,0.0,0.0,265.62499999999994,980.8389425759374,0.0,0.0,-46.787237155160895,0.0,0.0,0.0,-777.5183309480062,-809.1097401649856,0.0,0.0,0.0,0.0,0.0,0.0,0.0,0.0,0.0,0.0,0.0,0.0,0.0,0.0,-1000.0,0.0,0.0,0.0,0.0,0.0,0.0,0.0,265.2270603974954,-265.2270603974954,309.63787196810824,0.0,0.0,0.0,0.0,0.0,0.0,0.0,-1000.0,0.0,0.0,0.0,0.0,0.0,0.0,0.0,0.0,0.0,0.0,0.0,0.0,0.0,563.3446691692916,-317.19521501377216,1000.0,0.0,0.0,0.0,0.0,-309.63787196810824,0.0,0.0,0.0,0.0,98.48585702134591,0.0,0.0,0.0,116.59348006245938,0.0,0.0,0.0,0.0,0.0,0.0,0.0,336.6955587007501,0.0,320.26057355638244,-210.19354723860835,-200.01075906299548,0.0,-1000.0,0.0,0.0,309.63787196810824,-111.70769021726245,0.0,0.0,0.0,-108.6219275199594,0.0,0.0,452.98975951973966,0.0,468.6351403017417,-15.645380782002064,468.6351403017417,0.0,0.0,0.0,768.7007930249293,0.0,0.0,183.02356579439638,0.0,0.0,0.0,-1000.0,0.0,1000.0,0.0,-46.89458235504026,0.0,0.0,0.0,265.625,0.0,0.0,98.48585702134591,-0.08050889990955852,0.0,0.0,0.0,0.0,0.053672599939705676,0.0,0.0,0.0,647.2026613173382,-109.29283501920577,0.0,-111.18260859110089,419.84287925492043,809.1097401649856,-20.83727889711895,0.0,107.5049550000279,0.0,-166.77391288665132,0.0,0.0,0.0,-4.621210854808711,-850.5515761850891,747.6678320398698,-1000.0,-1000.0,0.0,0.0,0.0,0.0,0.0,0.0,0.0,0.0,0.0,0.0,0.0,0.0,0.0,0.0,0.0,0.0,116.59348006245938,-271.82194276821343,0.0,-1000.0,0.0,0.0,838.8475944394456,0.0,0.0,0.0,-4.132790195357335,0.0,0.0,0.0,0.0,249.69091903292104,0.0,0.0,0.0,0.0,606.7521539039325,-36.26444305208577,-2.683629996985284,88.68776255557322,-908.6257504142568,0.0,-127.5290895134458,0.0,-1.341814998492642,0.0,158.38953726090426,0.0,-719.5912892145012,-49.74254653968711,1000.0,352.7973386826618,0.0,0.0,0.0,566.4336039511277,0.0,0.0,563.3446691692916,0.0,0.0,0.0,-130.78774444983463,0.0,0.0,0.0,0.0,0.0,0.0,0.0,0.0,-112.66615792541643,0.0,-671.8749999999885,474.09715113856674,0.0,0.0,0.0,0.0,-914.8462133795266,0.10734519987926205,0.0,0.0,0.0,0.0,0.0,0.0,0.0,0.0,0.0,934.5716446825239,0.0,0.0,0.0,0.0,0.0,0.0,0.0,0.0,0.0,0.05903985993372933,0.05903985993372933,0.0,154.37680843252667,0.0,32.20355996382341,0.0,0.0,0.0,-670.3011509156119,0.0,295.7261750378899,0.0,0.0,0.0,1000.0,670.3011509156119,0.0,0.0,0.0,0.0,0.0,474.09715113856674,0.0,0.0,0.0,0.0,0.0,0.0,0.0,325.32998480830287,-647.2026613173382,244.8536596830927,0.0,4.132790195357335,0.0,395.36341729551,0.0,0.0,0.0,1000.0,0.0,85.1537866204734,0.0,-703.1250000001515,703.1250000001515,563.3446691692916,0.0,0.0,0.0,0.0,0.0,0.0,0.0,0.0,0.0,0.0,0.0,0.0,0.0,32.20355996382341,309.63787196810824,309.63787196810824,0.0,0.0,0.0,0.0,0.0,0.0,0.0,0.0,0.0,0.0,0.5367259993970569,0.0,0.0,0.0,0.0,0.0,0.0,0.0,0.0,352.7973386826618,0.0,0.0,0.0,0.0,0.0,0.0,0.0,0.0,0.0,0.0,527.50654317053,-280.06246270909134,0.0,16.101779981911704,16.101779981911704,683.1629729688693,670.3011509156119,0.0,474.09715113856674,0.0,0.0,0.0,0.0,0.0,890.7071649807942,0.0,1000.0,0.053672599939705676,0.0,0.0,0.0,4.328311809423408,581.298387606224,0.0,-395.36341729551,0.0,0.0,0.0,0.0,0.0,0.0,0.0,0.0,0.0,0.0,0.0,0.0,0.0,0.0,0.053672599939705676,0.0,0.0,0.0,-1000.0,1000.0,0.0,0.0,0.0,0.0,0.0,834.7148042440883,0.0,0.0,-728.1780572317866,-4.025444995477926,-2.683629996985284,0.0,0.0,-296.875,-296.875,296.875,0.0,0.0,0.0,0.0,0.0,0.0,0.0,309.63787196810824,809.1097401649856,0.0,0.0,283.0923407824841,0.0,0.0,0.0,-0.053672599939705676,0.0,0.0,0.053672599939705676,0.0,0.053672599939705676,0.0,0.0,0.0,32.20355996382341,65.48057192644093,65.48057192644093,0.0,0.0,0.0,0.0,0.0,0.0,0.0,244.8536596830927,0.0,0.0,0.0,0.0,0.0,0.0,0.0,0.0,0.0,0.0,0.0,0.0,0.0,0.0,0.0,0.0,0.0,0.0,0.0,0.0,0.0,0.0,0.0,0.08050889990955852,0.0,0.0,0.0,-352.7973386826618,0.0,0.0,0.0,0.0,0.0,-154.37680843252667,2.683629996985284,0.0,0.0,0.0,-265.62499999999994,-980.8389425759374,4.132790195357335,0.0,0.0,-671.8749999999885,0.0,0.0,0.0,0.0,0.0,309.63787196810824,0.0,0.0,0.0,-408.9678607367649,0.0,-310.12795203866744,414.52447471957265,0.0,0.0,0.0,0.0,0.0,-177.18826214370338,0.0,2.683629996985284,874.7125411741812,0.0,0.0,0.0,-112.66615792541643,0.0,0.0,0.0,0.0,0.0,0.0,0.0,0.0,0.0,158.4022534280046,-166.45314341896028,65.48057192644093,0.0,0.0,0.0,0.0,0.0,0.0,0.0,0.0,0.0,0.0,0.0,0.0,0.0,-938.8999564919474,756.3385734444955,0.0,16.101779981911704,0.0,0.0,0.0,0.0,-304.17086025152264,0.0,0.0,0.05903985993372933,0.0,0.0,0.0,32.740285963220465,0.0,0.0,0.0,0.0,-317.19521501377216,0.0,0.0,0.0,0.0,0.0,0.0,0.0,0.0,-1000.0,0.0,0.005367259993970568,0.005367259993970568,0.0,0.0,0.0,0.0,0.0,0.0,0.0,0.0,0.0,0.0,0.0,0.0,0.0,0.0,0.0,154.37680843252667,0.0,0.0,0.0,0.0,0.0,0.0,0.0,0.0,0.0,0.0,0.0,0.0,0.0,1000.0,-411.6489638465389,0.0,0.0,0.0,32.20355996382341,0.0,0.0,0.0,0.0,0.0,-32.20355996382341,0.0,0.0,0.0,0.0,0.0,0.0,0.0,0.0,0.0,0.0,0.0,0.0,0.0,-1000.0,-1000.0,36.7657309586984,0.0,-352.7973386826618,0.0,727.9633668320275,0.0,0.0,0.0,0.0,0.0,0.0,0.0,0.0,0.0,0.0,0.0,0.0,0.0,0.0,0.0,0.0,0.0,-6.70907499246321,309.63787196810824,-253.71636402839894,162.42769842348255,0.0,0.0,0.0,0.0,0.0,0.0,-0.6709074992463211,112.66615792541643,0.0,0.0,0.0,0.0,0.0,0.0,0.0,1000.0,16.101779981911704,16.101779981911704,0.0,0.0,0.0,0.0,0.0,0.05903985993372933,154.37680843252667,0.0,0.0,-727.9633668320275,0.0,0.0,0.0,0.0,0.0,0.0,0.0,0.0,0.0,0.0,0.0,0.0,0.0,0.0,0.0,0.0,0.0,16.638505981308764,0.0,56.356229936690966,4.132790195357335,0.0,0.0,0.0,0.0,0.0,154.37680843252667,0.0,-8.544677910401061,0.0,0.0,0.0,-6.70907499246321,0.0,0.0,0.0,0.0,0.0,0.0,0.0,0.0,0.0,0.0,0.0,0.0,0.0,0.0,0.0,0.0,0.0,0.0,-0.053672599939705676,0.0,0.0,2.683629996985284,-1000.0,0.0,0.0,0.0,0.0,309.63787196810824,0.0,0.0,0.0,4.621210854808711,1.341814998492642,0.0,0.0,0.0,0.053672599939705676,0.0,53.67259993970568,0.0,10.734519987941136,0.38337571385504055,183.02356579439638,-0.04025444995477926,127.5290895134458,1.0734519987941136,-0.268362999698752,-183.02356579439638,16.101779981911704,-0.05367259993970568,55.591304295550444,474.09715113856674,0.01341814998492642,0.38337571385504055,-166.77391288665132,-8.544677910401061,-1.0734519987941136,71.05692185226235,-0.05367259993970568,0.01341814998492642,-183.02356579439638,639.1068881879131,0.05367259993970568,0.053672599939705676,-154.26409597265322,0.05903985993367625,0.0,-0.04025444995477926,16.101779981911704,0.05367259993970568,352.7973386826618,309.85925873089724,-0.02683629996985284,59.57653344529126,304.216939374198,-0.04025444995477926,-0.05367259993970568,0.0,0.053672599939705676,5.367259993970568,-1.0734519987941136,0.0,0.0,-5.367259993970606,-71.05692185226235,0.0,10.734519987941136,0.08050889990955852,-1000.0,5.367259993970568,-325.32998480830287,474.09715113856674,-10.734519987941136,0.02683629996985284,0.5367259993970569,27.795652147775172,-398.23334074882376,-0.053672599939705676,-166.45314341896028,154.26409597265322,16.638505981308764,0.05367259993970568,8.544677910401061,-560.7451556837729,474.09715113856674,-0.053672599939705676,-0.01341814998492642,-474.09715113856674,-0.05367259993970568,-914.8462133795266,0.05367259993971629,-0.01341814998492642,-0.01341814998492642,-0.01341814998492642,21.46903997588227,-309.85925873089724,0.5367259993970569,134.3257570440283,-0.01341814998492642,0.0,2.683629996985284,460.1067366867486,0.053672599939705676,0.02683629996985284,0.02683629996985284,242.41583556325395,0.0,0.053672599939705676,0.0,0.5367259993970569,0.05367259993970568,-323.44789617142624,0.05367259993970568,0.21469039975910315,0.268362999698752,0.02683629996985284,0.01341814998492642,16.101779981911704,-0.05367259993970568,0.0,0.5367259993970568,-268.6515140880566,126.18727451495316,-5.367259993970568,10.734519987941136,2.683629996985284,-0.05367259993970568,166.77391288665132,0.08050889990955852,-0.05367259993970568,-484.8316711265079,0.0,427.27848754221264,0.02683629996985284,-920.2134733734972,-0.05367259993970568,-0.05367259993971629,-0.05367259993970569,0.02683629996985284,183.02356579439638,-10.734519987941136,0.053672599939705676,55.591304295550344,-0.01341814998492642,-0.05903985993367625,-55.591304295550344,8.05088999095585,-304.216939374198,-619.8068056740169,183.02356579439638,-0.04025444995477926,166.45314341896028,398.23334074882376,0.05367259993970568,-0.013418149984926417,2.683629996985284,53.67259993970568,-0.02683629996985284,-0.05367259993970568,0.01341814998492642,1000.0,0.0,381.2171070971346,189.12213912739793,-1000.0,0.0,1000.0,413.33831026090513,633.7396281939425,-871.5467683313033,-860.9048542088068,544.247091733819,-618.7560566028956,435.77338416565163,500.0,430.4524271044034,-633.7396281939425,-206.66915513045257,-154.37680843252667,-123.10762729069002,618.7560566028956,-544.247091733819,-123.10762729069002,-1000.0,777.6889478449011,0.0,1496.5981,bhi
401,0.0,0.0,0.0,0.0,0.0,0.0,0.0,0.0,-0.05120153158124878,0.0,0.0,0.0,0.0,0.0,0.0,0.0,1000.0,2.231986879738102,0.0,-710.0974903717934,0.0,0.0,0.0,0.0,0.0,0.0,0.0,0.0,0.0,-491.66347138675917,0.0,0.0,754.5271086789143,0.0,0.0,0.0,0.0,522.4236689937275,0.0,-1000.0,1000.0,0.0,0.0,-215.62467962344965,0.0,0.0,0.0,0.0,-508.33652861324083,0.0,0.0,0.0,0.0,0.056321684739145894,0.0,0.0,0.0,10.240306316249756,0.0,0.0,121.86059242756185,0.0,-742.7513705011104,-1000.0,0.0,0.0,0.0,0.0,0.0,0.0,0.0,0.5120153158124878,0.0,0.0,0.0,0.0,0.0,0.0,0.0,0.0,0.0,0.0,0.0,0.0,30.720918948749265,0.0,0.0,617.1658530960374,-561.575156740857,-329.59551877634635,-0.012800382895312195,0.0,0.0,738.7621813018404,15.360459474374633,0.0,15.360459474374633,0.0,0.0,0.0,0.0,2.560076579062439,-1000.0,0.0,0.0,-189.60887337465445,0.0,567.1129118325478,0.0,0.0,0.0,0.0,0.0,0.0,0.0,0.0,0.0,0.0,0.0,0.0,0.0,0.0,0.0,0.0,-1000.0,0.0,0.0,15.360459474374633,0.0,15.87247479018712,0.0,0.0,0.0,0.0,0.0,0.0,0.0,0.0,0.0,-379.1092219264514,0.0,0.0,0.0,0.0,0.0,3.942517931756157,0.05120153158124878,0.0,0.0,0.0,-14.995587632721652,0.0,0.0,0.0,0.0,0.0,171.75588345480955,0.0,0.0,0.0,0.0,0.0,514.2844556354568,514.2844556354568,0.0,0.0,0.0,0.0,0.0,0.0,0.0,514.335657167038,0.0,0.0,0.0,26.001077662936154,0.0,0.0,0.0,0.0,0.0,0.0,0.0,0.0,0.0,0.0,-657.760504533474,0.0,0.0,0.0,0.0,-1000.0,0.0,0.0,0.0,0.0,0.0,0.0,0.0,891.1706755172033,-891.1706755172033,0.0,0.0,0.0,0.0,0.0,0.0,0.0,508.33652861324083,288.2018549155516,0.0,0.0,0.0,0.0,0.0,0.0,0.0,0.0,0.0,0.0,0.0,0.0,0.0,0.0,-378.01465007540247,0.0,0.0,0.0,0.0,379.1092219264514,225.64070863172117,0.0,0.0,0.0,0.0,121.86059242756185,215.62467962344965,0.0,0.0,0.0,0.0,0.0,0.0,0.0,0.0,717.3435956463912,0.0,0.0,0.0,670.3276789262818,-782.4181533317785,1000.0,0.0,0.0,0.0,0.0,379.1092219264514,944.8535882815027,0.0,0.0,0.0,-385.6982659733005,0.0,0.0,0.0,0.0,44.86246456105502,-44.86246456105502,44.86246456105502,0.0,329.59551877634635,0.0,74.47584754235152,0.0,0.0,-82.7884355200371,0.0,0.0,0.0,0.0,0.0,0.0,0.0,1000.0,0.0,379.1092219264514,1000.0,0.0,0.0,0.0,121.86059242756185,-0.07680229737187316,0.0,0.0,0.0,0.0,0.05120153158124878,0.0,0.0,0.0,41.65523624751302,1000.0,0.0,-126.40591558310297,-340.14404007914146,0.0,756.8019075539836,0.0,183.76614371880436,0.0,-189.60887337465445,0.0,0.0,0.0,41.70230430440286,774.5315519767928,-1000.0,-1000.0,-1000.0,0.0,0.0,0.0,0.0,0.0,0.0,0.0,0.0,0.0,0.0,0.0,0.0,0.0,0.0,0.0,0.0,0.0,1000.0,0.0,229.7449531718484,0.0,247.626571708099,715.6949063294751,0.0,0.0,0.0,-721.2861135781474,0.0,0.0,0.0,0.0,0.0,0.0,0.0,-1000.0,0.0,-774.5315519767928,0.0,-2.560076579062439,575.5732980367351,309.3730835155652,0.0,997.4399234209376,393.155183001586,-1.2800382895312195,0.0,-864.0871851582502,0.0,-367.2602320501079,0.0,84.0973212826342,15.360459474374633,0.0,0.0,0.0,0.0,0.0,0.0,0.0,0.0,0.0,0.0,94.85149811298305,0.0,0.0,-485.76674589612446,0.0,0.0,508.33652861324083,0.0,0.0,-135.38803707132772,0.0,0.0,258.558551920391,0.0,0.0,0.0,0.0,-408.37069718249876,0.10240306316245551,0.0,0.0,0.0,0.0,0.0,0.0,0.0,0.0,0.0,0.0,0.0,0.0,0.0,0.0,0.0,0.0,0.0,0.0,0.0,0.056321684739145894,0.056321684739145894,0.0,390.8562995740978,0.0,30.720918948749265,0.0,0.0,0.0,1000.0,0.0,0.0,0.0,0.0,0.0,283.9462346986369,-1000.0,0.0,0.0,630.848432017118,0.0,0.0,258.558551920391,0.0,0.0,0.0,0.0,0.0,0.0,0.0,333.3333333333333,-41.65523624751302,14.995587632721652,0.0,3.942517931756157,0.0,738.7621813018404,0.0,-225.64070863172117,0.0,283.9462346986369,0.0,0.0,-124.42446248386187,0.0,0.0,0.0,0.0,0.0,0.0,0.0,0.0,0.0,0.0,0.0,0.0,0.0,0.0,0.0,0.0,30.720918948749265,379.1092219264514,379.1092219264514,0.0,0.0,0.0,0.0,0.0,0.0,0.0,0.0,0.0,0.0,0.5120153158124878,0.0,0.0,0.0,0.0,0.0,0.0,0.0,0.0,15.360459474374633,-630.848432017118,0.0,0.0,0.0,0.0,0.0,0.0,0.0,0.0,0.0,1000.0,0.0,0.0,15.360459474374633,15.360459474374633,-994.7289836819625,-1000.0,0.0,258.558551920391,0.0,0.0,0.0,0.0,0.0,1000.0,508.33652861324083,878.0017565048253,0.05120153158124878,0.0,0.0,0.0,67.61893695755062,783.6800591121041,0.0,-738.7621813018404,0.0,0.0,0.0,0.0,0.0,0.0,0.0,0.0,0.0,0.0,0.0,0.0,0.0,0.0,0.05120153158124878,0.0,0.0,0.0,647.0350990611596,-647.0350990611596,0.0,0.0,0.0,247.626571708099,-5.5912072486722195,0.0,0.0,0.0,-770.2550468281515,-3.840114868593658,0.0,-2.560076579062439,0.0,0.0,0.0,0.0,0.0,0.0,0.0,0.0,0.0,0.0,0.0,379.1092219264514,0.0,0.0,0.0,-280.6028341884113,0.0,0.0,0.0,-0.05120153158124878,0.0,0.0,0.05120153158124878,0.0,0.05120153158124878,0.0,0.0,0.0,30.720918948749265,62.46586852912351,62.46586852912351,0.0,0.0,0.0,0.0,0.0,0.0,0.0,14.995587632721652,0.0,508.33652861324083,0.0,0.0,0.0,46.11075617354815,0.0,0.0,0.0,0.0,0.0,0.0,0.0,0.0,0.0,0.0,0.0,0.0,0.0,225.64070863172117,0.0,0.0,0.0,0.07680229737187316,0.0,0.0,0.0,-15.360459474374633,0.0,0.0,0.0,0.0,0.0,-390.8562995740978,2.560076579062439,0.0,0.0,0.0,0.0,0.0,378.36895750315813,-2.560076579062439,0.0,0.0,0.0,0.0,0.0,0.0,0.0,379.1092219264514,0.0,630.848432017118,1000.0,390.8562995740978,0.0,-700.1269373187548,594.0711857374497,0.0,-337.325948826317,0.0,337.325948826317,0.0,882.3877197523791,0.0,2.560076579062439,801.0001273563189,0.0,0.0,0.0,-135.38803707132772,-328.125000000009,328.125000000009,0.0,0.0,0.0,0.0,0.0,0.0,0.0,650.0802747962865,0.0,62.46586852912351,0.0,0.0,0.0,0.0,0.0,0.0,0.0,0.0,0.0,717.3435956463912,0.0,0.0,402.3766441798789,-67.61893695755062,-1000.0,0.0,15.360459474374633,0.0,0.0,0.0,0.0,-315.6888426500024,0.0,0.0,0.056321684739145894,0.0,0.0,0.0,31.232934264561752,0.0,0.0,0.0,0.0,-378.01465007540247,0.0,0.0,0.0,0.0,0.0,0.0,0.0,0.0,-412.0270652151213,0.0,0.005120153158125085,0.005120153158125085,0.0,0.0,0.0,0.0,0.0,0.0,0.0,0.0,0.0,0.0,0.0,0.0,0.0,0.0,0.0,390.8562995740978,0.0,0.0,0.0,0.0,0.0,0.0,0.0,0.0,0.0,0.0,0.0,0.0,856.0418285573173,0.0,2.231986879738102,0.0,0.0,0.0,30.720918948749265,0.0,0.0,0.0,0.0,0.0,-30.720918948749265,0.0,0.0,0.0,0.0,0.0,0.0,0.0,0.0,0.0,0.0,0.0,0.0,0.0,-878.0017565048253,-1000.0,81.18380530670379,0.0,-15.360459474374633,0.0,770.0502407018264,0.0,0.0,0.0,0.0,0.0,0.0,0.0,0.0,0.0,0.0,0.0,0.0,0.0,0.0,0.0,0.0,0.0,-6.400191447656097,379.1092219264514,-3.840114868593658,42.270641304954665,0.0,0.0,0.0,0.0,0.0,0.0,-0.6400191447656097,135.38803707132772,0.0,0.0,0.0,0.0,0.0,0.0,0.0,1000.0,15.360459474374633,15.360459474374633,0.0,0.0,0.0,0.0,0.0,0.056321684739145894,390.8562995740978,0.0,0.0,-770.0502407018264,0.0,0.0,0.0,0.0,0.0,0.0,0.0,0.0,0.0,0.0,0.0,0.0,0.0,0.0,0.0,0.0,0.0,0.0,0.0,53.76160816031121,3.942517931756157,0.0,0.0,0.0,0.0,0.0,390.8562995740978,0.0,337.325948826317,0.0,0.0,0.0,-6.400191447656097,0.0,0.0,0.0,0.0,0.0,0.0,0.0,0.0,0.0,0.0,0.0,0.0,0.0,0.0,0.0,0.0,0.0,0.0,-0.05120153158124878,0.0,0.0,2.560076579062439,-283.9462346986369,0.0,0.0,0.0,0.0,379.1092219264514,0.0,0.0,0.0,-41.70230430440286,1.2800382895312195,0.0,0.0,0.0,0.05120153158124878,0.0,51.20153158124877,-15.87247479018712,10.240306316249756,0.36572522558034837,142.85227311168407,-0.03840114868593658,2.5600765790624602,1.0240306316249757,-0.25600765790636615,-142.85227311168407,15.360459474374633,-0.05120153158124878,63.20295779155148,258.558551920391,0.012800382895312195,0.3657252255803484,-189.60887337465445,-8.15128382773463,-1.0240306316249757,-292.13449650794473,-0.05120153158124878,0.012800382895312195,-142.85227311168407,622.1569204878826,0.05120153158124878,0.05120153158124878,-390.74877635777744,0.056321684739373865,0.0,-0.03840114868593658,15.360459474374633,0.05120153158124878,15.360459474374633,-25.600765790624386,-0.02560076579062439,207.46186329449935,-230.8120633214273,-0.03840114868593658,-0.05120153158124878,-15.87247479018712,0.05120153158124878,5.120153158124878,-1.0240306316249757,225.64070863172117,225.64070863172117,-5.120153158124878,292.13449650794473,-225.64070863172117,10.240306316249756,0.07680229737187316,477.8383243162307,5.120153158124878,-333.3333333333333,258.558551920391,-10.240306316249756,0.02560076579062439,0.5120153158124878,31.60147889577574,401.0966058903476,-0.05120153158124878,-402.3766441798789,390.74877635777744,15.87247479018712,0.05120153158124878,8.15128382773463,-419.92005330686476,258.558551920391,-0.05120153158124878,-0.012800382895312195,-258.558551920391,-0.05120153158124878,-408.37069718249876,0.05120153158124907,-0.012800382895312195,-0.012800382895312195,-0.012800382895312195,20.48061263249951,25.600765790624386,0.5120153158124878,37.93393471025669,-0.012800382895312195,0.0,2.560076579062439,206.74542517031182,0.05120153158124878,0.02560076579062439,0.02560076579062439,-55.15518184490534,15.87247479018712,0.05120153158124878,-15.87247479018712,0.5120153158124878,0.05120153158124878,-37.93393471025669,0.05120153158124878,0.2048061263251384,0.25600765790636615,0.02560076579062439,0.012800382895312195,15.360459474374633,-0.05120153158124878,0.0,0.5120153158124878,-75.86786942051339,1.280038289531198,-5.120153158124878,10.240306316249756,2.560076579062439,-0.05120153158124878,189.60887337465445,0.07680229737187316,-0.05120153158124878,110.31036368981069,15.87247479018712,547.6879261840152,0.02560076579062439,-413.49085034062364,-0.05120153158124878,-0.05120153158124907,-0.05120153158124878,0.02560076579062439,142.85227311168407,-10.240306316249756,0.05120153158124878,63.20295779155148,-0.012800382895312195,-0.056321684739373865,-63.20295779155148,7.680229737187315,230.8120633214273,-990.8282122014974,142.85227311168407,-0.03840114868593658,402.3766441798789,-401.0966058903476,0.05120153158124878,-0.012800382895312191,2.560076579062439,51.20153158124878,-0.02560076579062439,-0.05120153158124878,0.012800382895312195,1000.0,0.0,-477.8639250820213,0.0,296.1846676803689,0.0,640.1904417965118,-161.58747678940995,617.0367673297578,-275.4229069744613,-699.1629901666824,704.8822186352268,0.0,137.71145348723064,-148.0923338401844,349.5814950833412,-617.0367673297578,80.79373839470497,-390.8562995740978,-231.9990835340127,0.0,-704.8822186352268,-231.9990835340127,-640.1904417965118,527.4951709726258,0.0,1496.5981,bhi
402,0.0,0.0,0.0,0.0,0.0,0.0,0.0,0.0,-0.0803035585259883,0.0,0.0,0.0,0.0,0.0,0.0,0.0,134.11275083741384,-101.60427368183718,0.0,0.0,0.0,0.0,0.0,372.8116001754442,0.0,0.0,0.0,0.0,0.0,-1000.0,27.363055524010576,-27.363055524010576,115.81948632561705,0.0,0.0,0.0,0.0,66.59702114048905,0.0,-107.72675485883552,860.7902380435885,0.0,0.0,450.04359446458676,0.0,0.0,0.0,0.0,107.6156215566291,0.0,0.0,-308.2280331413704,0.0,0.08833391437860882,0.0,0.0,0.0,16.06071170519766,0.0,0.0,100.94486184723243,0.0,0.0,-250.4689793810439,0.0,0.0,0.0,0.0,789.7402628727353,-789.7402628727353,0.0,0.8030355852598832,0.0,0.0,0.0,0.0,0.0,0.0,0.0,523.3400582632804,0.0,0.0,0.0,0.0,48.182135115592985,0.0,0.0,527.0604299514823,827.2124854517309,-501.2379520501347,-0.020075889631497076,0.0,0.0,0.0,24.091067557796492,0.0,203.58596682046647,0.0,188.677779591764,0.0,0.0,4.015177926299415,-1000.0,0.0,0.0,-121.41003209109108,0.0,0.0,0.0,0.0,0.0,0.0,0.0,0.0,0.0,0.0,0.0,0.0,0.0,0.0,0.0,0.0,0.0,0.0,-255.90332995245282,0.0,0.0,203.58596682046647,0.0,24.894103143056377,0.0,0.0,0.0,0.0,0.0,0.0,-411.8610636004733,0.0,0.0,60.44722237219698,0.0,0.0,0.0,0.0,0.0,6.183374006501111,0.0803035585259883,0.0,0.0,0.0,0.0,0.0,0.0,0.0,0.0,0.0,1000.0,0.0,0.0,0.0,0.0,0.0,972.5566409174635,972.5566409174635,0.0,0.0,0.0,0.0,227.24236921469887,0.0,0.0,1000.0,0.0,0.0,0.0,-1000.0,-886.0030386817634,0.0,0.0,0.0,0.0,0.0,0.0,0.0,0.0,0.0,0.0,0.0,0.0,0.0,0.0,531.9187611169338,0.0,0.0,0.0,0.0,0.0,0.0,308.2280331413704,57.09591535051817,-57.09591535051817,351.41384122827634,0.0,0.0,0.0,0.0,0.0,0.0,0.0,-1000.0,0.0,0.0,0.0,0.0,0.0,0.0,0.0,0.0,0.0,0.0,0.0,0.0,0.0,0.0,-303.93775629376665,450.04359446458676,0.0,0.0,0.0,0.0,-351.41384122827634,0.0,0.0,0.0,0.0,100.94486184723243,0.0,27.363055524010576,0.0,0.0,0.0,0.0,0.0,0.0,0.0,29.948830108549032,0.0,179.49489926266997,0.0,-436.9226342220246,333.1939358791882,1000.0,0.0,-450.04359446458676,0.0,0.0,351.41384122827634,0.0,0.0,0.0,0.0,-129.79171663687202,0.0,0.0,428.76328999838506,0.0,682.8448848019655,-254.0815948035804,682.8448848019655,0.0,884.308400802249,0.0,-987.4124429808007,0.0,0.0,224.0469282875074,0.0,0.0,0.0,0.0,0.0,0.0,0.0,999.839392882948,0.0,0.0,-507.7965130668605,0.0,0.0,0.0,100.94486184723243,-0.12045533778898246,0.0,0.0,0.0,0.0,0.0803035585259883,0.0,0.0,0.0,-765.4535580459492,134.11275083741384,0.0,-508.6036808973712,-502.5204184992279,886.0030386817634,1000.0,0.0,736.2913005429684,0.0,-121.41003209109108,0.0,0.0,0.0,359.0428227910617,-95.33412333403032,-1000.0,-869.2044888815532,-253.65987136018077,0.0,0.0,0.0,0.0,0.0,0.0,0.0,0.0,0.0,0.0,0.0,0.0,0.0,0.0,0.0,0.0,0.0,-933.0817646254064,0.0,-1000.0,0.0,0.0,0.0,0.0,0.0,0.0,-8.769148591039567,0.0,188.677779591764,0.0,692.4964241907518,0.0,-694.406139538705,0.0,-4.015177926299415,-889.6148511881041,0.0,108.41607966053732,0.0,0.0,-166.58212492614427,0.0,0.0,529.6806588974039,887.6072622249544,-4.015177926299415,0.0,0.0,0.0,1000.0,-755.024995498445,203.58596682046647,0.0,0.0,0.0,0.0,0.0,0.0,0.0,0.0,0.0,0.0,26.455232393830784,0.0,0.0,0.0,0.0,0.0,0.0,0.0,0.0,-149.52411753381148,0.0,0.0,64.37620486405501,0.0,0.0,0.0,0.0,-507.5237231142331,0.160607117051768,0.0,0.0,0.0,0.0,0.0,0.0,0.0,0.0,0.0,0.0,0.0,0.0,0.0,0.0,0.0,0.0,0.0,0.0,0.0,0.08833391437860882,0.08833391437860882,27.363055524010576,0.0,0.0,48.182135115592985,0.0,0.0,0.0,1000.0,0.0,0.0,0.0,0.0,0.0,1000.0,-1000.0,0.0,0.0,386.3711498095317,0.0,0.0,64.37620486405501,0.0,0.0,0.0,0.0,0.0,0.0,0.0,85.30110998415094,765.4535580459492,0.0,0.0,427.4087283746676,0.0,0.0,0.0,0.0,0.0,1000.0,0.0,0.0,492.4762768857669,0.0,0.0,0.0,0.0,0.0,0.0,0.0,0.0,0.0,0.0,0.0,0.0,0.0,0.0,0.0,0.0,48.182135115592985,351.41384122827634,351.41384122827634,0.0,0.0,0.0,0.0,0.0,0.0,0.0,0.0,0.0,0.0,0.8030355852598832,0.0,27.363055524010576,0.0,0.0,27.363055524010576,308.2280331413704,0.0,0.0,203.58596682046647,-386.3711498095317,0.0,0.0,421.22535436816645,0.0,0.0,0.0,0.0,0.0,0.0,408.3656186691056,0.0,0.0,24.091067557796492,24.091067557796492,-10.037944815748538,-1000.0,0.0,64.37620486405501,0.0,0.0,0.0,0.0,0.0,869.2044888815532,0.0,1000.0,0.0803035585259883,0.0,0.0,0.0,106.05232097049984,0.0,0.0,0.0,0.0,0.0,0.0,0.0,0.0,0.0,0.0,0.0,0.0,0.0,0.0,0.0,0.0,0.0,0.0803035585259883,0.0,0.0,0.0,0.0,0.0,0.0,0.0,0.0,0.0,-12.784326517338982,192.6929575180634,0.0,0.0,-66.91823537459356,-6.022766889449123,-4.015177926299415,0.0,0.0,-265.625,-265.625,265.625,0.0,0.0,0.0,0.0,0.0,0.0,0.0,351.41384122827634,886.0030386817634,0.0,0.0,-751.0098175721456,0.0,0.0,0.0,-0.0803035585259883,0.0,0.0,0.0803035585259883,0.0,0.0803035585259883,0.0,0.0,0.0,48.182135115592985,97.97034140170567,97.97034140170567,0.0,0.0,0.0,0.0,0.0,0.0,0.0,0.0,0.0,0.0,0.0,0.0,0.0,365.95695918014934,0.0,0.0,0.0,0.0,0.0,0.0,0.0,0.0,0.0,0.0,0.0,0.0,0.0,0.0,0.0,0.0,0.0,0.12045533778898246,0.0,0.0,0.0,-203.58596682046647,0.0,0.0,0.0,0.0,0.0,0.0,4.015177926299415,0.0,0.0,0.0,0.0,-227.24236921469887,-4.015177926299415,0.0,0.0,0.0,0.0,0.0,0.0,0.0,0.0,351.41384122827634,0.0,386.3711498095317,851.5187202854476,0.0,0.0,-1000.0,-121.41003209109108,0.0,0.0,188.677779591764,-188.677779591764,0.0,-97.97034140170567,0.0,4.015177926299415,266.6668350647285,0.0,0.0,-27.363055524010576,-149.52411753381148,0.0,0.0,0.0,0.0,0.0,0.0,0.0,0.0,0.0,6.022766889449123,-18.068300668347433,97.97034140170567,0.0,27.363055524010576,27.363055524010576,0.0,0.0,0.0,0.0,0.0,0.0,29.948830108549032,0.0,0.0,0.0,-106.05232097049984,0.0,0.0,24.091067557796492,0.0,0.0,0.0,0.0,121.92229220287098,0.0,0.0,0.08833391437860882,0.0,0.0,0.0,48.98517070085287,0.0,0.0,0.0,0.0,-303.93775629376665,0.0,0.0,0.0,0.0,0.0,0.0,0.0,0.0,0.0,0.0,0.008030355852598831,0.008030355852598831,0.0,0.0,0.0,0.0,0.0,0.0,0.0,0.0,0.0,0.0,27.363055524010576,0.0,0.0,0.0,0.0,0.0,0.0,0.0,0.0,0.0,0.0,0.0,0.0,0.0,0.0,0.0,0.0,0.0,0.0,-303.3432866079737,-101.60427368183718,0.0,0.0,0.0,48.18213511559293,0.0,0.0,0.0,0.0,0.0,951.8178648844071,-1000.0,0.0,0.0,0.0,0.0,0.0,0.0,0.0,0.0,0.0,27.363055524010576,27.363055524010576,0.0,-253.65987136018077,-1000.0,420.9648967704515,0.0,-203.58596682046647,0.0,66.59702114048905,0.0,0.0,0.0,0.0,0.0,0.0,0.0,0.0,0.0,0.0,0.0,0.0,0.0,0.0,0.0,0.0,0.0,-10.037944815748538,351.41384122827634,-6.022766889449123,378.00249295904763,0.0,0.0,0.0,0.0,0.0,0.0,-1.003794481574854,149.52411753381148,0.0,0.0,0.0,0.0,0.0,0.0,0.0,1000.0,24.091067557796492,24.091067557796492,0.0,0.0,0.0,0.0,523.3400582632804,0.08833391437860882,0.0,0.0,0.0,-66.59702114048905,0.0,0.0,0.0,0.0,0.0,0.0,0.0,0.0,0.0,0.0,0.0,0.0,0.0,0.0,0.0,0.0,0.0,0.0,0.0,84.31873645228772,6.183374006501111,0.0,0.0,0.0,0.0,0.0,0.0,0.0,0.0,0.0,0.0,0.0,-10.037944815748538,0.0,0.0,0.0,0.0,0.0,0.0,0.0,0.0,0.0,0.0,0.0,0.0,0.0,0.0,0.0,0.0,0.0,0.0,-0.0803035585259883,0.0,0.0,4.015177926299415,-1000.0,0.0,0.0,0.0,0.0,351.41384122827634,0.0,0.0,0.0,-359.0428227910617,2.0075889631497077,0.0,0.0,0.0,0.0803035585259883,0.0,80.30355852598831,-24.894103143056377,16.06071170519766,0.5735968466142022,224.0469282875074,-0.06022766889449123,4.015177926299415,1.6060711705197663,-0.4015177926305,-224.0469282875074,24.091067557796492,-0.0803035585259883,40.47001069703036,64.37620486405501,0.020075889631497076,0.5735968466142022,-121.41003209109108,-12.784326517338982,25.75698435349081,-32.50847715557666,-0.0803035585259883,0.020075889631497076,-224.0469282875074,8.03035585259883,0.0803035585259883,0.0803035585259883,0.16863747290459713,0.08833391437858713,-380.52314525766803,-0.06022766889449123,24.091067557796492,0.0803035585259883,203.58596682046647,139.34311999967582,-0.04015177926299415,-376.6567905601498,343.30318181715154,-0.06022766889449123,-0.0803035585259883,-24.894103143056377,0.0803035585259883,8.03035585259883,-1.6060711705197663,0.0,0.0,-8.03035585259883,32.50847715557666,0.0,16.06071170519766,0.12045533778898246,-1000.0,8.03035585259883,-85.30110998415094,64.37620486405501,-16.06071170519766,0.04015177926299415,0.8030355852598832,127.1509202243428,16.06071170519766,-0.0803035585259883,-18.068300668347433,-0.16863747290459713,24.894103143056377,0.0803035585259883,12.784326517338982,-211.48296462980082,64.37620486405501,-0.0803035585259883,-0.020075889631497076,-64.37620486405501,-0.0803035585259883,-507.5237231142331,0.08030355852599769,-0.020075889631497076,-0.020075889631497076,-0.020075889631497076,32.12142341039532,-139.34311999967582,0.8030355852598832,94.3333877587007,-0.020075889631497076,213.83182975165522,4.015177926299415,257.777039483416,0.0803035585259883,0.04015177926299415,0.04015177926299415,40.21845828462634,24.894103143056377,0.0803035585259883,-24.894103143056377,0.8030355852598832,0.0803035585259883,-164.01036543021544,0.0803035585259883,0.3212142341045592,0.4015177926305,0.04015177926299415,0.020075889631497076,24.091067557796492,-0.0803035585259883,380.52314525766803,-12.878492176745405,-188.6667755174014,2.0075889631497077,-8.03035585259883,16.06071170519766,4.015177926299415,-0.0803035585259883,121.41003209109108,0.12045533778898246,-0.0803035585259883,-80.43691656925267,24.894103143056377,12.83518755186131,0.04015177926299415,-515.554078966832,-0.0803035585259883,-0.08030355852599769,-0.0803035585259883,0.04015177926299415,224.0469282875074,-16.06071170519766,0.0803035585259883,254.3018404486856,-0.020075889631497076,-0.08833391437858713,-254.3018404486856,12.045533778898244,-343.30318181715154,444.49070721761717,224.0469282875074,-0.06022766889449123,18.068300668347433,-16.06071170519766,0.0803035585259883,-0.020075889631497076,696.5116021170512,80.30355852598831,-0.04015177926299415,-0.0803035585259883,0.020075889631497076,563.0884585432016,0.0,616.8893994686227,69.67697767151475,-1000.0,0.0,-290.05125834211145,-239.0042270601325,0.0,-487.165364370665,78.89408799206264,983.9392882948023,-383.0704487521144,243.5826821853325,500.0,-39.44704399603132,0.0,119.50211353006625,0.0,-134.7574797547323,383.0704487521144,-983.9392882948023,-134.7574797547323,290.05125834211145,-43.29932478245472,0.0,1496.5981,bhi
403,0.0,0.0,0.0,0.0,0.0,0.0,0.0,0.0,-0.10974730092074736,0.0,0.0,0.0,0.0,0.0,0.0,0.0,78.64399140490468,249.6376068820731,0.0,0.0,0.0,0.0,0.0,127.03195895734865,0.0,0.0,0.0,0.0,0.0,-406.08902662169805,0.0,0.0,452.53200451942337,0.0,0.0,0.0,0.0,-0.43898920368302885,0.0,-1000.0,1000.0,0.0,0.0,0.0,0.0,0.0,0.0,0.0,694.3798429029345,0.0,0.0,-45.95262315685265,0.0,0.12072203101286227,0.0,0.0,0.0,0.0,0.0,0.0,87.22926293322969,0.0,203.4537627697198,0.0,0.0,0.0,0.0,0.0,0.0,0.0,0.0,1.0974730092074736,0.0,0.0,0.0,0.0,0.0,0.0,0.0,0.0,0.0,0.0,0.0,0.0,65.84838055244842,0.0,0.0,-385.33654398275354,715.8465957668857,-923.5844620922497,-0.02743682523018684,0.0,0.0,-664.9563951340697,32.92419027622421,0.0,32.92419027622421,-115.67576333188632,0.0,0.0,0.0,5.487365046037368,-1000.0,0.0,0.0,-545.0425801302281,0.0,0.0,0.0,0.0,0.0,0.0,0.0,0.0,0.0,0.0,0.0,0.0,0.0,0.0,0.0,0.0,0.0,0.0,-603.4553834460888,0.0,0.0,32.92419027622421,0.0,34.02166328543168,34.02166328543168,0.0,0.0,0.0,0.0,0.0,0.0,0.0,0.0,-290.68302570294946,0.0,0.0,0.0,0.0,0.0,8.450542170897581,0.10974730092074736,0.0,0.0,0.0,-165.84535966779816,94.81227269621859,0.0,0.0,0.0,0.0,1000.0,0.0,0.0,0.0,0.0,0.0,798.4811186341466,798.4811186341466,0.0,0.0,0.0,0.0,801.4169627122449,0.0,0.0,798.5908659350673,0.0,0.0,0.0,1000.0,-158.46592524355307,0.0,0.0,0.0,0.0,0.0,0.0,0.0,0.0,0.0,0.0,0.0,0.0,0.0,0.0,-1000.0,0.0,0.0,0.0,0.0,0.0,0.0,45.95262315685265,207.73786632536405,-207.73786632536405,0.0,0.0,0.0,0.0,0.0,0.0,0.0,593.910973378302,-1000.0,0.0,0.0,0.0,0.0,0.0,0.0,0.0,0.0,0.0,0.0,0.0,0.0,0.0,538.5226143039368,-533.5958784932291,-412.8874308429937,0.0,0.0,0.0,290.68302570294946,0.0,0.0,0.0,0.0,0.0,87.22926293322969,-412.8874308429937,0.0,0.0,0.0,0.0,0.0,0.0,0.0,0.0,241.06721493728145,21.949460184149473,0.0,0.0,-845.1050916387261,-336.99636219720446,562.7337884023975,0.0,412.8874308429937,0.0,0.0,290.68302570294946,-866.1082928766882,0.0,0.0,0.0,-404.91052740126327,0.0,0.0,-363.82280818569245,0.0,0.0,-363.82280818569245,0.0,0.0,923.5844620922497,0.0,102.37955113040357,0.0,0.0,374.23829613974846,0.0,0.0,0.0,0.0,0.0,0.0,0.0,1000.0,0.0,290.68302570294946,-78.66922228391354,0.0,0.0,0.0,87.22926293322969,-0.16462095138112104,0.0,0.0,0.0,0.0,0.10974730092074736,0.0,0.0,0.0,726.0085947864943,78.64399140490468,0.0,-363.3617200868187,-802.9599459630265,158.46592524355307,1000.0,0.0,-64.70180401992957,0.0,-545.0425801302281,0.0,0.0,0.0,-9.449242609276386,738.47205689006,-664.321010260854,-1000.0,-1000.0,0.0,0.0,0.0,0.0,0.0,0.0,0.0,0.0,0.0,0.0,0.0,0.0,0.0,0.0,0.0,0.0,0.0,-1000.0,0.0,-1000.0,0.0,0.0,353.20911517952084,130.91315070942565,0.0,0.0,-249.51775710817904,0.0,0.0,0.0,0.0,0.0,-738.47205689006,0.0,-1000.0,-829.0130872367616,0.0,-623.6463059470068,-5.487365046037368,0.0,516.5462695710677,0.0,929.0560595992498,0.0,826.2694047137429,0.0,0.0,0.0,-86.32455974739469,1000.0,27.53373612131213,32.92419027622421,1000.0,-1000.0,0.0,1000.0,0.0,0.0,0.0,-538.5226143039368,538.5226143039368,538.5226143039368,506.33078073921445,0.0,0.0,-201.62862866677418,0.0,0.0,593.910973378302,0.0,0.0,-116.2244998364901,0.0,0.0,32.92419027622421,0.0,0.0,0.0,0.0,-637.5531557410328,0.21949460184152905,0.0,0.0,0.0,0.0,0.0,0.0,0.0,0.0,0.0,0.0,0.0,0.0,0.0,0.0,0.0,0.0,0.0,0.0,0.0,0.12072203101286227,0.12072203101286227,0.0,133.91774410532992,0.0,65.84838055244842,0.0,0.0,0.0,1000.0,0.0,798.2478996781499,0.0,0.0,0.0,1000.0,-1000.0,0.0,0.0,0.0,0.0,0.0,32.92419027622421,0.0,0.0,0.0,0.0,0.0,0.0,0.0,201.1517944820296,-726.0085947864943,71.03308697157959,0.0,8.450542170897581,0.0,0.0,-664.9563951340697,-664.9563951340697,0.0,1000.0,0.0,0.0,362.4468442589672,0.0,0.0,538.5226143039368,0.0,0.0,0.0,0.0,0.0,0.0,0.0,0.0,0.0,0.0,0.0,0.0,0.0,65.84838055244842,290.68302570294946,290.68302570294946,0.0,0.0,0.0,0.0,0.0,0.0,0.0,0.0,0.0,0.0,1.0974730092074736,0.0,0.0,0.0,0.0,0.0,45.95262315685265,0.0,0.0,32.92419027622421,0.0,0.0,0.0,0.0,0.0,0.0,0.0,0.0,0.0,0.0,0.0,407.30874429655074,0.0,32.92419027622421,32.92419027622421,35.365214172336685,-1000.0,0.0,32.92419027622421,0.0,0.0,0.0,0.0,0.0,1000.0,593.910973378302,812.3713952844707,0.10974730092074736,0.0,0.0,-329.30062001162065,338.1509559215867,0.0,0.0,664.9563951340697,0.0,0.0,0.0,0.0,0.0,0.0,0.0,0.0,0.0,0.0,0.0,0.0,0.0,0.0,0.10974730092074736,0.0,0.0,0.0,0.0,0.0,0.0,0.0,0.0,0.0,0.0,947.4413580713419,0.0,0.0,-843.7500000000001,-8.23104756905606,-5.487365046037368,0.0,0.0,0.0,0.0,0.0,0.0,0.0,0.0,0.0,0.0,0.0,0.0,290.68302570294946,158.46592524355307,0.0,0.0,-53.30345858004523,0.0,0.0,0.0,-0.10974730092074736,0.0,0.0,0.10974730092074736,0.0,0.10974730092074736,0.0,0.0,0.0,65.84838055244842,133.8917071233118,133.8917071233118,0.0,0.0,0.0,0.0,0.0,0.0,0.0,71.03308697157959,0.0,593.910973378302,0.0,0.0,0.0,0.0,0.0,0.0,0.0,0.0,0.0,0.0,0.0,0.0,0.0,0.0,0.0,0.0,0.0,0.0,0.0,-893.5331457438715,893.5331457438715,0.16462095138112104,0.0,0.0,0.0,-32.92419027622421,0.0,0.0,0.0,0.0,0.0,-133.91774410532992,5.487365046037368,0.0,0.0,0.0,0.0,-801.4169627122449,0.0,0.0,0.0,0.0,0.0,0.0,0.0,0.0,0.0,290.68302570294946,0.0,0.0,730.9159602757243,-404.60487019860693,0.0,-950.9163732125699,-545.0425801302281,843.7500000000001,-249.51775710817904,0.0,-594.2322428918211,0.0,-1000.0,0.0,5.487365046037368,317.78420895502927,0.0,0.0,0.0,-116.2244998364901,0.0,0.0,0.0,0.0,0.0,0.0,0.0,0.0,0.0,0.0,-16.46209513811209,133.8917071233118,0.0,421.875,421.875,-421.875,0.0,0.0,0.0,0.0,0.0,241.06721493728145,0.0,0.0,142.14879167438596,-8.850335909965983,459.80430980135674,0.0,32.92419027622421,0.0,0.0,0.0,0.0,-227.47870993488596,0.0,0.0,0.12072203101286227,0.0,0.0,0.0,66.9458535616559,0.0,0.0,0.0,0.0,-533.5958784932291,0.0,0.0,0.0,0.0,0.0,0.0,0.0,0.0,0.0,0.0,0.010974730092074442,0.010974730092074442,0.0,0.0,0.0,0.0,0.0,0.0,0.0,0.0,0.0,-329.30062001162065,0.0,0.0,0.0,0.0,0.0,133.91774410532992,0.0,0.0,0.0,0.0,0.0,0.0,0.0,0.0,0.0,0.0,0.0,0.0,1000.0,0.0,249.6376068820731,0.0,0.0,0.0,65.84838055244842,0.0,0.0,0.0,0.0,0.0,0.0,-65.84838055244842,0.0,0.0,0.0,0.0,0.0,0.0,0.0,0.0,0.0,0.0,0.0,0.0,-1000.0,-1000.0,75.17690113071195,226.40191835858855,-259.3261086348127,0.0,-0.43898920368302885,0.0,0.0,0.0,0.0,0.0,0.0,0.0,0.0,0.0,742.1875,0.0,-742.1875,-742.1875,0.0,0.0,0.0,0.0,-13.718412615093428,290.68302570294946,-8.23104756905606,8.231047569056045,0.0,0.0,0.0,0.0,0.0,359.89106894559586,-361.2629102071052,116.2244998364901,0.0,0.0,0.0,0.0,0.0,0.0,0.0,812.3713952844707,32.92419027622421,32.92419027622421,0.0,0.0,0.0,0.0,0.0,0.12072203101286227,133.91774410532992,0.0,0.0,0.43898920368302885,0.0,0.0,0.0,0.0,0.0,0.0,0.0,0.0,0.0,0.0,0.0,0.0,0.0,0.0,446.76657287193575,0.0,0.0,34.02166328543168,0.0,115.23466596678473,8.450542170897581,0.0,0.0,0.0,0.0,0.0,133.91774410532992,0.0,232.0459868015971,0.0,0.0,0.0,-13.718412615093428,0.0,0.0,0.0,0.0,0.0,0.0,0.0,0.0,0.0,0.0,0.0,0.0,0.0,0.0,0.0,0.0,0.0,0.0,-0.10974730092074736,0.0,0.0,5.487365046037368,-1000.0,0.0,0.0,0.0,0.0,290.68302570294946,0.0,0.0,0.0,9.449242609276386,2.743682523018684,0.0,0.0,0.0,0.10974730092074736,0.0,109.74730092074736,0.0,21.949460184149473,0.7839092922910526,374.23829613974846,-0.08231047569056052,70.9439404007502,2.194946018414947,-0.5487365046037834,-374.23829613974846,32.92419027622421,-0.10974730092074736,181.68086004340935,32.92419027622421,0.02743682523018684,0.7839092922910526,-545.0425801302281,-17.47177030658193,-2.194946018414947,-328.2815982869778,-0.10974730092074736,0.02743682523018684,-374.23829613974846,716.9073791333486,0.10974730092074736,0.10974730092074736,-133.6872747733963,0.1207220310128218,0.0,-0.08231047569056052,32.92419027622421,0.10974730092074736,32.92419027622421,-54.87365046037368,-0.05487365046037368,90.08516026045618,-11.084477392995483,-0.08231047569056052,-0.10974730092074736,0.0,0.10974730092074736,10.974730092074736,-2.194946018414947,0.0,0.0,-10.974730092074765,328.2815982869778,0.0,21.949460184149473,0.16462095138112104,-1000.0,10.974730092074736,-201.1517944820296,32.92419027622421,-21.949460184149473,0.05487365046037368,1.0974730092074736,90.84043002170468,-382.65541001445746,-0.10974730092074736,-158.61088681249805,133.6872747733963,34.02166328543168,0.10974730092074736,17.47177030658193,-804.7052198699467,32.92419027622421,-0.10974730092074736,-0.02743682523018684,-32.92419027622421,-0.10974730092074736,-637.5531557410328,0.10974730092074736,-0.02743682523018684,-0.02743682523018684,-0.02743682523018684,43.898920368298946,54.87365046037368,1.0974730092074736,81.30903156965525,-0.02743682523018684,0.0,5.487365046037368,324.2639429165538,0.10974730092074736,0.05487365046037368,0.05487365046037368,-117.90468762128789,0.0,0.10974730092074736,0.0,1.0974730092074736,0.10974730092074736,-81.30903156965525,0.10974730092074736,0.43898920368302885,0.5487365046037834,0.05487365046037368,0.02743682523018684,32.92419027622421,-0.10974730092074736,0.0,1.0974730092074736,-162.6180631393105,68.20025787773152,-10.974730092074736,21.949460184149473,5.487365046037368,-0.10974730092074736,545.0425801302281,0.16462095138112104,-0.10974730092074736,235.80937524257578,0.0,229.58491315202843,0.05487365046037368,-648.5278858331076,-0.10974730092074736,-0.10974730092074736,-0.10974730092074736,0.05487365046037368,374.23829613974846,-21.949460184149473,0.10974730092074736,181.68086004340935,-0.02743682523018684,-0.1207220310128218,-181.68086004340935,16.4620951381121,11.084477392995483,-357.0605391293814,374.23829613974846,-0.08231047569056052,158.61088681249805,382.65541001445746,0.10974730092074736,-0.02743682523018684,5.487365046037368,109.74730092074736,-0.05487365046037368,-0.10974730092074736,0.02743682523018684,1000.0,0.0,999.9451263495396,0.0,-1000.0,0.0,450.3818435094986,-1000.0,705.9326490412739,336.3151460046008,-983.2376607931358,1000.0,0.0,-168.1575730023004,500.0,491.6188303965679,-705.9326490412739,500.0,-133.91774410532992,-2.1062032171424665,0.0,-1000.0,-2.1062032171424665,-450.3818435094986,622.0561666436853,0.0,1496.5981,bhi
404,0.0,0.0,0.0,0.0,0.0,0.0,0.0,0.0,-0.11287398182749732,0.0,0.0,0.0,0.0,0.0,0.0,0.0,252.7512686803194,196.24535597650143,0.0,0.0,0.0,0.0,0.0,0.0,0.0,0.0,0.0,0.0,0.0,-765.4794238094938,0.0,0.0,1000.0,0.0,0.0,0.0,0.0,999.5485040726902,0.0,-1000.0,-157.84265593064583,0.0,0.0,512.7281551291744,0.0,0.0,1000.0,0.0,0.0,0.0,0.0,0.0,0.0,0.12416138001035867,0.0,0.0,0.0,0.0,0.0,0.0,-262.7985521604236,0.0,-264.46291677555166,-527.2614689359752,0.0,0.0,0.0,0.0,0.0,0.0,0.0,1.1287398182749733,0.0,0.0,0.0,0.0,0.0,0.0,0.0,0.0,0.0,0.0,15.681958541900135,0.0,67.7243890964984,0.0,252.8581168274818,0.0,126.29097885378908,-252.58195770757817,-0.028218495456874326,0.0,0.0,730.8135922179749,33.8621945482492,0.0,312.5887317088314,-3.6345422148463484,0.0,0.0,15.681958541900135,5.643699091374866,-956.0889775469742,0.0,0.0,-375.5974591243967,0.0,0.0,0.0,0.0,0.0,0.0,0.0,0.0,0.0,0.0,0.0,0.0,0.0,0.0,0.0,0.0,0.0,0.0,-303.01129553260944,0.0,0.0,312.5887317088314,0.0,34.99093436652417,0.0,0.0,-791.2960076009575,0.0,791.2960076009575,-791.2960076009575,0.0,-453.03125000000034,453.03125000000034,0.0,0.0,0.0,0.0,0.0,0.0,245.86745488629896,0.11287398182749732,0.0,0.0,0.0,0.0,0.0,0.0,0.0,0.0,0.0,770.3681276726815,0.0,0.0,0.0,0.0,0.0,745.3349854189055,745.3349854189055,0.0,0.0,0.0,0.0,59.155397016331136,0.0,0.0,745.447859400733,0.0,0.0,0.0,47.62639681141786,-1000.0,0.0,0.0,0.0,0.0,0.0,0.0,0.0,0.0,0.0,-1000.0,0.0,0.0,0.0,0.0,-1000.0,0.0,0.0,0.0,0.0,0.0,0.0,0.0,126.29097885378908,-126.29097885378908,0.0,0.0,0.0,0.0,0.0,0.0,0.0,190.60955373748038,-921.1912491488912,0.0,0.0,0.0,0.0,0.0,0.0,0.0,0.0,0.0,0.0,0.0,0.0,0.0,0.0,52.690223731746414,512.7281551291744,0.0,0.0,0.0,0.0,120.20585950593832,0.0,0.0,0.0,0.0,-262.7985521604236,0.0,0.0,0.0,0.0,0.0,0.0,0.0,0.0,0.0,0.0,22.574796365499463,278.7265371605822,0.0,0.0,0.0,126.29097885378908,0.0,-512.7281551291744,0.0,0.0,0.0,0.0,0.0,0.0,0.0,-233.10965141766235,0.0,0.0,-395.16255680223367,-643.7003656065799,0.0,248.53780880434624,0.0,643.7003656065799,252.58195770757817,0.0,322.5363348302905,0.0,0.0,194.71254979277919,0.0,0.0,0.0,0.0,0.0,0.0,0.0,986.6477609546325,0.0,0.0,-1000.0,0.0,0.0,0.0,-262.7985521604236,-0.16931097274124596,0.0,0.0,0.0,0.0,0.11287398182749732,0.0,0.0,0.0,567.2054087852302,252.7512686803194,0.0,-250.39830608293113,-507.2104350439225,1000.0,154.74607577818557,0.0,635.3735798204832,0.0,-375.5974591243967,0.0,0.0,0.0,-9.718449835347629,351.8362915452232,-977.4914215303588,-1000.0,-1000.0,0.0,0.0,0.0,0.0,0.0,0.0,0.0,0.0,0.0,0.0,0.0,0.0,0.0,0.0,0.0,0.0,0.0,423.8009295425666,0.0,-576.1990704574334,0.0,0.0,0.0,0.0,0.0,0.0,-245.86745488629896,0.0,0.0,0.0,0.0,0.0,0.0,0.0,-5.643699091374866,0.0,-351.8362915452232,0.0,-20.84697904353983,0.0,825.5066049996337,0.0,0.0,0.0,-2.821849545687433,15.203279952164962,-576.3549487450891,0.0,957.5037679709145,-983.5164852563666,-840.2623024213074,312.5887317088314,0.0,0.0,0.0,0.0,0.0,0.0,0.0,0.0,0.0,0.0,507.62064073930696,0.0,0.0,0.0,0.0,0.0,190.60955373748038,0.0,0.0,-19.880870665883744,0.0,0.0,0.0,0.0,0.0,0.0,0.0,-259.89850797708493,0.22574796365507,0.0,0.0,0.0,0.0,0.0,0.0,0.0,0.0,0.0,0.0,0.0,0.0,0.0,0.0,0.0,0.0,0.0,0.0,0.0,0.12416138001035867,0.12416138001035867,0.0,0.0,0.0,67.7243890964984,0.0,0.0,0.0,1000.0,0.0,0.0,252.8581168274818,0.0,0.0,1000.0,-1000.0,0.0,0.0,470.1490698462087,0.0,0.0,0.0,0.0,0.0,0.0,0.0,0.0,0.0,0.0,101.00376517753648,-567.2054087852302,0.0,0.0,261.5494134281991,0.0,730.8135922179749,0.0,-120.20585950593832,0.0,1000.0,0.0,740.1014920229151,0.0,0.0,0.0,0.0,0.0,0.0,0.0,0.0,0.0,0.0,0.0,0.0,0.0,0.0,0.0,0.0,0.0,67.7243890964984,0.0,0.0,0.0,0.0,0.0,0.0,0.0,0.0,0.0,0.0,0.0,0.0,1.1287398182749733,0.0,0.0,252.8581168274818,-252.8581168274818,0.0,0.0,0.0,0.0,312.5887317088314,-470.1490698462087,0.0,0.0,0.0,0.0,0.0,0.0,0.0,0.0,0.0,137.41285703163229,774.0890100752636,0.0,33.8621945482492,33.8621945482492,-92.91799857954595,-1000.0,0.0,0.0,0.0,0.0,0.0,0.0,0.0,956.0889775469742,190.60955373748038,1000.0,0.11287398182749732,0.0,0.0,0.0,149.066217857757,378.0919741227845,0.0,-730.8135922179749,0.0,0.0,0.0,0.0,0.0,0.0,0.0,0.0,0.0,0.0,0.0,0.0,0.0,0.0,0.11287398182749732,0.0,0.0,0.0,-829.7032368060574,829.7032368060574,0.0,0.0,0.0,0.0,0.0,-245.86745488629896,0.0,0.0,-1000.0,-8.46554863706227,-5.64369909137487,0.0,0.0,0.0,0.0,0.0,0.0,0.0,0.0,0.0,0.0,0.0,0.0,0.0,1000.0,0.0,0.0,122.88516464098198,0.0,0.0,0.0,-0.11287398182749732,0.0,0.0,0.11287398182749732,0.0,0.11287398182749732,0.0,0.0,0.0,67.7243890964984,137.70625782954673,137.70625782954673,0.0,0.0,0.0,0.0,0.0,0.0,0.0,0.0,0.0,190.60955373748038,0.0,0.0,0.0,0.0,0.0,0.0,0.0,0.0,0.0,0.0,0.0,0.0,0.0,0.0,0.0,0.0,0.0,120.20585950593832,0.0,0.0,0.0,0.16931097274124596,0.0,0.0,0.0,-312.5887317088314,0.0,0.0,0.0,0.0,0.0,0.0,5.643699091374866,0.0,0.0,0.0,0.0,-59.155397016331136,245.86745488629896,0.0,0.0,0.0,0.0,0.0,0.0,0.0,0.0,0.0,0.0,470.1490698462087,0.0,0.0,0.0,-1000.0,2.4945149983878028,0.0,0.0,0.0,0.0,0.0,-137.70625782954673,0.0,5.64369909137487,308.4458654017679,0.0,0.0,0.0,-525.5971043208474,0.0,0.0,0.0,0.0,0.0,0.0,0.0,0.0,0.0,1000.0,-16.931097274124625,137.70625782954673,0.0,515.625,515.625,-515.625,0.0,0.0,0.0,0.0,0.0,0.0,0.0,0.0,8.46554863706227,-149.066217857757,0.0,0.0,33.8621945482492,252.8581168274818,0.0,0.0,0.0,-167.4709384464709,0.0,0.0,0.12416138001035867,0.0,0.0,0.0,68.85312891477336,0.0,0.0,0.0,0.0,52.690223731746414,0.0,0.0,0.0,0.0,0.0,0.0,0.0,0.0,0.0,0.0,0.01128739818274973,0.01128739818274973,0.0,0.0,0.0,0.0,0.0,0.0,0.0,0.0,0.0,0.0,0.0,0.0,0.0,0.0,0.0,0.0,0.0,0.0,0.0,0.0,0.0,0.0,0.0,0.0,0.0,0.0,0.0,505.7162336549636,0.0,828.0388721909293,196.24535597650143,0.0,0.0,0.0,67.72438909649838,0.0,0.0,0.0,0.0,0.0,932.2756109035016,-1000.0,0.0,505.7162336549636,0.0,0.0,0.0,0.0,0.0,0.0,0.0,0.0,0.0,0.0,-1000.0,-1000.0,77.31867755183568,0.0,-312.5887317088314,0.0,999.5485040726902,0.0,0.0,0.0,0.0,0.0,0.0,0.0,0.0,0.0,0.0,0.0,0.0,0.0,0.0,0.0,0.0,0.0,-14.10924772843714,0.0,-8.46554863706227,8.465548637062398,0.0,0.0,0.0,0.0,0.0,0.0,-1.4109247728437169,19.880870665883744,0.0,0.0,0.0,0.0,0.0,0.0,0.0,1000.0,33.8621945482492,33.8621945482492,0.0,0.0,0.0,0.0,0.0,0.12416138001035867,0.0,0.0,0.0,-999.5485040726902,0.0,0.0,0.0,0.0,0.0,0.0,0.0,0.0,0.0,0.0,0.0,0.0,0.0,0.0,0.0,0.0,0.0,0.0,0.0,118.5176809188722,261.5494134281991,0.0,0.0,0.0,0.0,0.0,0.0,0.0,-255.14569619252018,0.0,0.0,0.0,-14.10924772843714,0.0,0.0,0.0,0.0,0.0,0.0,0.0,0.0,0.0,0.0,0.0,0.0,0.0,0.0,0.0,0.0,0.0,0.0,-0.11287398182749732,0.0,0.0,5.643699091374866,-1000.0,0.0,0.0,0.0,0.0,0.0,0.0,0.0,0.0,9.718449835347629,2.821849545687433,0.0,0.0,0.0,0.11287398182749732,0.0,112.8739818274973,-34.99093436652417,22.574796365499466,0.8062427273392665,314.91840929871756,-0.08465548637062298,5.643699091374866,2.2574796365499465,-0.5643699091373264,-314.91840929871756,33.8621945482492,-0.11287398182749732,125.19915304146558,0.0,0.02821849545687433,0.8062427273392665,-375.5974591243967,-270.8276547344203,-2.2574796365499465,-448.9966246568208,-0.11287398182749732,0.028218495456874326,-314.91840929871756,114.61231270247784,0.11287398182749732,0.11287398182749732,0.237035361837856,-252.73395544747157,-130.61161560550698,-0.08465548637062298,33.8621945482492,0.11287398182749732,312.5887317088314,222.28954624683354,-0.05643699091374866,111.43840618161894,-131.60613167051554,-0.08465548637062298,-0.11287398182749732,-34.99093436652417,0.11287398182749732,11.287398182749731,-2.2574796365499465,120.20585950593832,120.20585950593832,-11.287398182749726,448.9966246568208,-120.20585950593832,22.574796365499463,0.16931097274124596,-1000.0,11.287398182749731,-101.00376517753648,0.0,-22.574796365499463,0.05643699091374865,1.1287398182749733,62.59957652073278,22.574796365499463,-0.11287398182749732,-25.396645911186894,-0.237035361837856,34.99093436652417,0.11287398182749732,270.8276547344203,-517.5002298733069,0.0,-0.11287398182749732,-0.02821849545687433,0.0,-0.11287398182749732,-259.89850797708493,0.1128739818275335,-0.028218495456874326,-0.028218495456874326,-0.028218495456874326,45.149592730998926,-222.28954624683354,1.1287398182749733,83.62551128644874,-0.028218495456874326,0.0,5.643699091374866,135.59295307991732,0.11287398182749732,0.05643699091374866,0.05643699091374866,11.287398182749731,34.99093436652417,0.11287398182749732,-34.99093436652417,1.1287398182749733,0.11287398182749732,-83.62551128644874,0.11287398182749732,0.45149592730980004,0.5643699091373264,0.05643699091374866,0.02821849545687433,33.8621945482492,-0.11287398182749732,130.61161560550698,1.1287398182749733,-167.25102257289748,2.821849545687434,-11.287398182749731,22.574796365499463,5.643699091374866,-0.11287398182749732,375.5974591243967,0.16931097274124596,-0.11287398182749732,-22.574796365499463,34.99093436652417,243.14096571041276,0.05643699091374866,-271.18590615983464,-0.11287398182749732,-0.1128739818275335,-0.11287398182749732,0.05643699091374866,314.91840929871756,-22.574796365499463,0.11287398182749732,125.19915304146556,-0.028218495456874326,252.73395544747157,-125.19915304146556,16.931097274124596,131.60613167051554,-300.2552861105098,314.91840929871756,-0.08465548637062298,25.396645911186894,-22.574796365499463,0.11287398182749732,-0.028218495456874333,5.64369909137487,112.8739818274973,-0.05643699091374866,-0.11287398182749732,0.02821849545687433,1000.0,0.0,999.9435630090862,0.0,-1000.0,0.0,902.1601835372547,-1000.0,103.32491451972811,-7.856594564097463,-532.6899521031942,977.4252036345006,0.0,3.9282972820487316,500.0,266.3449760515971,-103.32491451972811,500.0,0.0,-75.67002726394185,0.0,-977.4252036345006,-75.67002726394185,-902.1601835372547,704.186507613906,0.0,1496.5981,bhi
405,0.0,0.0,0.0,0.0,0.0,0.0,0.0,0.0,307.5583471501011,0.0,0.0,0.0,0.0,0.0,0.0,0.0,1000.0,0.0,0.0,-779.5902517193828,0.0,0.0,0.0,787.5127918505357,0.0,809.8335971745569,0.0,0.0,0.0,-925.9715157253224,393.30885376328195,-393.30885376328195,1000.0,0.0,0.0,0.0,0.0,999.7006794062981,0.0,-1000.0,977.5509554723621,0.0,0.0,-649.2529651493114,0.0,0.0,0.149660296850919,0.0,66.69305997401563,0.0,0.0,0.0,0.0,0.08231316326805427,0.0,0.0,0.0,14.966029685091899,0.0,0.0,-137.69299299242903,0.0,0.0,-137.69299299242903,0.0,0.0,0.0,0.0,0.0,350.9216380281872,0.0,0.748301484254595,0.0,0.0,0.0,0.0,0.0,0.0,0.0,7.1913414419223765,0.0,0.0,0.0,0.0,44.8980890552757,0.0,0.0,0.0,0.0,0.0,-0.018707537106364875,0.0,0.0,-942.2700673616791,22.44904452763785,0.0,22.44904452763785,0.0,867.0169124002138,0.0,0.0,3.7415074212729746,-925.9715157253224,0.0,0.0,-341.40801731468866,0.0,1000.0,0.0,0.0,0.0,0.0,0.0,0.0,0.0,0.0,0.0,0.0,0.0,0.0,0.0,0.0,0.0,0.0,-961.8181348063932,0.0,0.0,22.44904452763785,0.0,23.19734601189244,8.39916121406749,0.0,-1000.0,1000.0,0.0,0.0,0.0,890.4062499999995,-890.4062499999995,0.0,0.0,0.0,0.0,0.0,0.0,5.761921428760351,0.0748301484254595,0.0,0.0,0.0,0.0,-190.1952996502545,0.0,0.0,0.0,0.0,442.70623717373496,0.0,0.0,0.0,0.0,0.0,606.6163160882926,606.6163160882926,0.0,0.0,0.0,0.0,1000.0,0.0,0.0,1000.0,0.0,0.0,0.0,1000.0,-337.85583012830784,0.0,0.0,0.0,0.0,0.0,0.0,0.0,0.0,0.0,-14.68606907923504,0.0,0.0,0.0,0.0,-1000.0,0.0,0.0,0.0,0.0,0.0,0.0,0.0,0.0,0.0,0.0,0.0,0.0,0.0,0.0,0.0,0.0,0.0,-1000.0,0.0,0.0,0.0,0.0,0.0,0.0,0.0,0.0,0.0,0.0,0.0,0.0,0.0,91.52262625935785,186.76654595362345,-140.7215442486932,0.0,0.0,0.0,0.0,0.0,0.0,0.0,0.0,0.0,-137.69299299242903,508.5314209006183,393.30885376328195,0.0,0.0,0.0,0.0,0.0,0.0,0.0,704.2349462893993,0.0,0.0,0.0,999.8877547773618,999.8877547773618,66.69305997401563,0.0,140.7215442486932,0.0,0.0,0.0,811.5456792467854,0.0,0.0,0.0,-73.09310741935928,0.0,0.0,417.1249555977158,0.0,0.0,417.1249555977158,0.0,0.0,0.0,0.0,-846.2833116933984,0.0,0.0,225.57443653516697,0.0,0.0,0.0,-1000.0,0.0,1000.0,0.0,1000.0,0.0,0.0,943.9238136418819,0.0,0.0,0.0,-137.69299299242903,-0.11224522263818923,0.0,0.0,0.0,0.0,0.0748301484254595,0.0,0.0,0.0,273.31600918296283,1000.0,0.0,-227.60534487645913,-64.0966347351662,337.85583012830784,1000.0,0.0,1000.0,0.0,-341.40801731468866,0.0,0.0,0.0,-6.44287577943211,0.0,-993.5571242205679,-1000.0,-1000.0,0.0,0.0,0.0,0.0,0.0,0.0,0.0,0.0,0.0,0.0,0.0,0.0,0.0,0.0,0.0,0.0,0.0,0.0,0.0,-1000.0,0.0,0.0,308.51656174681807,0.0,0.0,0.0,-316.68801395487765,0.0,867.0169124002138,0.0,667.0019498960975,0.0,0.0,799.0583511146184,-1000.0,154.84547156264966,0.0,-286.41811213308847,-572.2297313644381,225.79637946958917,0.0,-799.0583511146184,996.258492578727,0.0,-156.71622527328614,568.488223943165,0.0,0.0,0.0,-235.76808715037293,302.28204155163854,22.44904452763785,0.0,0.0,0.0,0.0,0.0,307.63317729852656,0.0,-91.52262625935785,91.52262625935785,91.52262625935785,-224.28504486681146,0.0,0.0,0.0,0.0,0.0,0.0,0.0,0.0,-275.38598598485805,0.0,0.0,0.0,0.0,0.0,0.0,0.0,-25.87779822426891,0.14966029685088922,0.0,0.0,0.0,0.0,0.0,0.0,0.0,0.0,0.0,350.9216380281872,0.0,0.0,0.0,0.0,0.0,0.0,0.0,0.0,0.0,0.08231316326805427,0.08231316326805427,393.30885376328195,0.0,0.0,44.8980890552757,0.0,0.0,0.0,-689.771067982499,0.0,0.0,0.0,0.0,0.0,340.3709272893109,689.771067982499,0.0,0.0,0.0,0.0,0.0,0.0,0.0,0.0,0.0,0.0,0.0,0.0,0.0,320.6060449354644,-273.31600918296283,190.1952996502545,0.0,5.761921428760351,0.0,0.0,-942.2700673616791,-942.2700673616791,0.0,340.3709272893109,0.0,314.49312906504196,0.0,0.0,0.0,91.52262625935785,0.0,0.0,0.0,0.0,0.0,0.0,0.0,0.0,0.0,0.0,0.0,0.0,0.0,44.8980890552757,0.0,0.0,0.0,0.0,0.0,0.0,0.0,0.0,0.0,0.0,0.0,0.0,0.748301484254595,0.0,393.30885376328195,0.0,0.0,393.30885376328195,0.0,0.0,0.0,22.44904452763785,0.0,0.0,0.0,0.0,0.0,0.0,0.0,0.0,0.0,0.0,1000.0,0.0,0.0,22.44904452763785,22.44904452763785,165.87550141198017,689.771067982499,0.0,0.0,0.0,0.0,0.0,0.0,0.0,925.9715157253224,0.0,1000.0,0.0748301484254595,0.0,0.0,65.22725616075283,0.0,343.06176359489154,0.0,942.2700673616791,0.0,0.0,0.0,0.0,0.0,0.0,0.0,0.0,0.0,0.0,0.0,0.0,0.0,0.0,0.0748301484254595,0.0,0.0,0.0,-1000.0,1000.0,0.0,0.0,0.0,0.0,0.0,858.8454601921542,0.0,0.0,-1000.0,-5.612261131909462,0.0,-3.7415074212729746,0.0,-171.87500000000003,-171.87500000000003,171.87500000000003,0.0,0.0,0.0,0.0,0.0,0.0,0.0,0.0,337.85583012830784,0.0,0.0,306.0235489729115,0.0,0.0,0.0,307.5583471501011,0.0,0.0,0.0748301484254595,0.0,0.0748301484254595,0.0,0.0,0.0,44.8980890552757,91.29278107906057,91.29278107906057,0.0,0.0,0.0,0.0,0.0,0.0,0.0,190.1952996502545,0.0,0.0,0.0,0.0,0.0,0.0,0.0,0.0,0.0,0.0,0.0,0.0,0.0,0.0,0.0,0.0,0.0,0.0,0.0,0.0,0.0,-1000.0,1000.0,0.11224522263818923,0.0,0.0,0.0,-22.44904452763785,0.0,0.0,0.0,0.0,0.0,0.0,3.7415074212729746,0.0,0.0,0.0,0.0,-1000.0,0.0,-3.7415074212729746,0.0,0.0,0.0,0.0,0.0,0.0,0.0,0.0,0.0,0.0,-3.717659656234048,-91.52262625935785,0.0,-824.7707300348375,1.6537462802028813,0.0,-316.68801395487765,867.0169124002138,-550.3288984453361,0.0,720.2528981677249,0.0,3.7415074212729746,1000.0,0.0,0.0,-393.30885376328195,-275.38598598485805,0.0,0.0,0.0,0.0,0.0,0.0,0.0,0.0,0.0,9.07380794732586,-5.612261131909008,91.29278107906057,0.0,0.0,0.0,393.30885376328195,0.0,0.0,0.0,0.0,0.0,704.2349462893993,0.0,0.0,11.224522263818642,-416.14889418894006,-226.16591104179838,0.0,22.44904452763785,0.0,0.0,0.0,0.0,-244.03622668786485,0.0,0.0,0.08231316326805427,0.0,0.0,0.0,45.64639053953029,0.0,0.0,0.0,0.0,186.76654595362345,0.0,0.0,0.0,0.0,0.0,0.0,0.0,0.0,-397.026513419516,0.0,0.007483014842545949,0.007483014842545949,0.0,0.0,0.0,0.0,0.0,0.0,0.0,0.0,0.0,65.22725616075283,393.30885376328195,0.0,0.0,0.0,0.0,0.0,0.0,0.0,0.0,0.0,0.0,0.0,0.0,0.0,0.0,0.0,0.0,0.0,0.0,440.8194965612344,0.0,0.0,0.0,0.0,44.8980890552757,0.0,0.0,0.0,0.0,0.0,0.0,-44.8980890552757,0.0,0.0,0.0,0.0,0.0,0.0,0.0,0.0,0.0,393.30885376328195,393.30885376328195,0.0,-1000.0,-1000.0,51.25865167143976,-22.44904452763785,0.0,0.0,999.7006794062981,0.0,0.0,0.0,0.0,0.0,0.0,0.0,0.0,0.0,757.8124999999999,0.0,-757.8125,-757.8124999999999,0.0,0.0,0.0,0.0,-9.353768553182437,0.0,-5.612261131909462,0.0,0.0,0.0,0.0,0.0,0.0,48.30483016460447,-49.240207019922714,275.38598598485805,0.0,0.0,0.0,0.0,0.0,0.0,0.0,1000.0,22.44904452763785,22.44904452763785,0.0,0.0,0.0,0.0,7.1913414419223765,0.08231316326805427,0.0,0.0,0.0,-999.7006794062981,0.0,0.0,0.0,0.0,0.0,0.0,0.0,0.0,0.0,0.0,0.0,0.0,0.0,0.0,95.08320141272156,0.0,0.0,8.39916121406749,0.0,78.57165584673247,5.761921428760351,0.0,0.0,0.0,0.0,0.0,0.0,0.0,308.51656174681807,0.0,0.0,0.0,-9.353768553182437,0.0,0.0,0.0,0.0,0.0,0.0,0.0,0.0,0.0,0.0,0.0,0.0,0.0,0.0,0.0,0.0,0.0,0.0,-0.0748301484254595,0.0,0.0,3.7415074212729746,-340.3709272893109,0.0,0.0,0.0,0.0,0.0,0.0,0.0,0.0,6.44287577943211,1.870753710636487,0.0,0.0,809.8335971745569,0.0748301484254595,0.0,74.83014842545948,-14.798184797824927,14.966029685091899,0.5345010601818535,225.57443653516697,-0.056122611319094615,3.7415074212729746,1.49660296850919,-0.37415074212730964,-225.57443653516697,22.44904452763785,-0.0748301484254595,113.80267243822956,0.0,0.018707537106364875,0.5345010601818535,-341.40801731468866,-11.912959629332551,391.81225079477275,-220.40974828061724,-0.07483014842545949,0.018707537106364875,-225.57443653516697,7.483014842545949,0.0748301484254595,0.0748301484254595,0.15714331169351375,0.08231316326800545,0.0,-0.056122611319094615,22.44904452763785,0.0748301484254595,22.44904452763785,-37.41507421272975,-0.03741507421272975,240.10979745564237,-7.557844990971409,-0.056122611319094615,-0.0748301484254595,-14.798184797824927,0.0748301484254595,7.483014842545949,-1.49660296850919,0.0,0.0,-7.483014842545949,220.40974828061724,0.0,14.966029685091899,0.11224522263818923,-1000.0,7.483014842545949,-320.6060449354644,0.0,-14.966029685091899,0.03741507421272975,0.748301484254595,56.90133621911478,-76.55659657426595,-0.0748301484254595,-16.83678339572765,-0.15714331169351375,23.19734601189244,0.0748301484254595,11.912959629332551,-89.79617811055135,0.0,-0.0748301484254595,-0.018707537106364875,0.0,-0.0748301484254595,-25.87779822426891,0.0748301484254595,-0.018707537106364875,-0.018707537106364875,-0.018707537106364875,29.932059370183797,37.41507421272975,0.748301484254595,55.4397862147121,-0.018707537106364875,0.0,3.7415074212729746,16.68040653340743,0.0748301484254595,0.03741507421272975,0.03741507421272975,7.483014842545949,14.798184797824927,0.0748301484254595,-14.798184797824927,0.748301484254595,0.0748301484254595,-55.4397862147121,0.0748301484254595,0.29932059370185016,0.37415074212730964,0.03741507421272975,0.018707537106364875,22.44904452763785,-0.0748301484254595,0.0,-195.90612539738638,-110.8795724294242,1.8707537106364873,-7.483014842545949,14.966029685091899,3.7415074212729746,-0.0748301484254595,341.40801731468866,0.11224522263818923,-0.0748301484254595,-14.966029685091899,14.798184797824927,473.9739428481279,0.03741507421272975,-33.36081306681486,-0.0748301484254595,-0.0748301484254595,-0.0748301484254595,0.03741507421272975,225.57443653516697,-14.966029685091899,0.0748301484254595,113.80267243822956,-0.018707537106364875,-0.08231316326800545,-113.80267243822956,11.224522263818923,7.557844990971409,79.11521422952022,225.57443653516697,-0.056122611319094615,16.83678339572765,76.55659657426595,0.07483014842545949,-0.01870753710636488,670.7434573173705,74.83014842545948,-0.03741507421272975,-0.0748301484254595,0.018707537106364875,1000.0,0.0,999.9625849257873,0.0,-1000.0,0.0,79.06644838679341,-1000.0,0.0,-1000.0,207.66526890151667,1000.0,0.0,500.0,500.0,-103.83263445075833,0.0,500.0,0.0,-229.93771616026302,0.0,-1000.0,-229.93771616026302,-79.06644838679341,80.68980582739941,0.0,1496.5981,bhi
406,0.0,0.0,0.0,0.0,0.0,0.0,0.0,0.0,-0.11212615890083098,0.0,0.0,0.0,0.0,0.0,0.0,0.0,389.4732061470051,-50.55537651205782,0.0,589.7569255274311,0.0,0.0,0.0,0.0,0.0,0.0,0.0,0.0,0.0,0.0,0.0,0.0,725.8642982925292,0.0,0.0,0.0,0.0,-83.37140850263383,0.0,-1000.0,1000.0,0.0,0.0,0.0,0.0,0.0,301.71600055007866,0.0,0.0,-991.65468410464,0.0,0.0,0.0,0.12333877479102497,0.0,0.0,0.0,0.0,0.0,0.0,57.470265796541945,0.0,-323.58006146842393,-468.14432424310735,0.0,0.0,0.0,0.0,86.38800111610715,-86.38800111610715,0.0,1.12126158900831,0.0,0.0,0.0,0.0,0.0,0.0,0.0,158.6594193670379,0.0,0.0,0.0,0.0,67.2756953404986,0.0,0.0,823.8477951382886,915.9429083014741,-831.8858166029482,-0.028031539725207746,0.0,0.0,0.0,33.6378476702493,0.0,33.6378476702493,-3.6104623166068577,0.0,0.0,0.0,5.606307945041549,-1000.0,0.0,0.0,0.0,0.0,0.0,0.0,0.0,0.0,0.0,0.0,0.0,0.0,0.0,0.0,0.0,0.0,0.0,0.0,0.0,0.0,0.0,-579.2774146409868,0.0,0.0,33.6378476702493,0.0,34.759109259257606,0.0,0.0,0.0,0.0,0.0,0.0,-1000.0,0.0,0.0,797.9654714287747,0.0,0.0,0.0,0.0,0.0,8.633714235364005,0.11212615890083098,0.0,0.0,0.0,-1000.0,733.8455572980168,0.0,0.0,0.0,0.0,325.1143500244325,0.0,0.0,0.0,0.0,0.0,698.3961256088221,698.3961256088221,0.0,0.0,0.0,296.875,299.6293643516939,0.0,0.0,698.508251767723,0.0,0.0,0.0,929.9146049484596,0.0,0.0,0.0,0.0,0.0,0.0,0.0,0.0,0.0,0.0,0.0,0.0,0.0,0.0,0.0,-1000.0,0.0,0.0,0.0,0.0,0.0,991.65468410464,0.0,-84.05709169852588,84.05709169852588,202.0345285712254,0.0,0.0,0.0,0.0,0.0,0.0,1000.0,-875.7289331684589,0.0,0.0,0.0,0.0,0.0,0.0,0.0,0.0,0.0,0.0,0.0,0.0,0.0,0.0,203.93761217971314,-389.4732061470051,0.0,0.0,0.0,0.0,-202.0345285712254,0.0,0.0,0.0,0.0,57.470265796541945,-389.4732061470051,0.0,0.0,0.0,0.0,0.0,0.0,0.0,0.0,0.0,22.425231780166197,0.0,0.0,-1000.0,0.0,739.7907034397625,0.0,389.4732061470051,0.0,0.0,202.0345285712254,-33.862099988050964,0.0,0.0,0.0,-82.81794885264401,0.0,0.0,-578.2453367637532,-578.245336763753,0.0,0.0,0.0,578.245336763753,831.8858166029482,0.0,-368.7033378214414,991.65468410464,0.0,312.8319833333185,0.0,0.0,0.0,765.0344297063256,0.0,-765.0344297063256,0.0,1000.0,0.0,0.0,0.0,296.875,0.0,0.0,57.470265796541945,-0.16818923835124647,0.0,0.0,0.0,0.0,0.11212615890083098,0.0,0.0,0.0,966.3621523297506,389.4732061470051,0.0,0.0,-132.7999503834061,0.0,958.5651946692822,0.0,-129.6296421695106,0.0,0.0,0.0,0.0,0.0,381.0112861081905,-251.38164393867993,0.0,-274.8760304035619,-673.9802132388157,0.0,0.0,0.0,0.0,0.0,0.0,0.0,0.0,0.0,0.0,0.0,0.0,0.0,0.0,0.0,0.0,0.0,-1000.0,0.0,-917.0770961329695,0.0,0.0,0.0,0.0,0.0,0.0,-8.633714235364005,0.0,0.0,0.0,0.0,0.0,0.0,0.0,0.0,0.0,164.99364282257278,-1000.0,0.0,-541.6432213495211,0.0,0.0,-5.606307945041549,0.0,-2.8031539725207746,-5.606307945041549,0.0,0.0,0.0,884.4353326526677,523.0489395720091,33.6378476702493,0.0,0.0,0.0,0.0,0.0,0.0,0.0,0.0,0.0,0.0,-241.37706928056923,0.0,0.0,0.0,0.0,0.0,1000.0,0.0,0.0,-87.09399697814149,0.0,0.0,75.07265300096705,0.0,0.0,0.0,0.0,-95.85467819251937,0.22425231780173682,0.0,0.0,0.0,0.0,0.0,0.0,0.0,0.0,0.0,0.0,0.0,0.0,0.0,0.0,0.0,0.0,0.0,0.0,0.0,0.12333877479102497,0.12333877479102497,0.0,366.57351136977854,0.0,67.2756953404986,0.0,0.0,0.0,1000.0,0.0,0.0,0.0,0.0,0.0,47.89396482254597,-1000.0,0.0,0.0,487.64933204714646,0.0,0.0,75.07265300096705,0.0,0.0,0.0,0.0,0.0,0.0,0.0,193.0924715469956,-966.3621523297506,266.15444270198316,0.0,8.633714235364005,0.0,0.0,0.0,0.0,0.0,47.89396482254597,0.0,0.0,-47.96071336997329,0.0,0.0,0.0,0.0,0.0,0.0,0.0,0.0,0.0,0.0,0.0,0.0,0.0,0.0,0.0,0.0,67.2756953404986,202.03452857122534,202.0345285712254,0.0,0.0,0.0,0.0,0.0,0.0,0.0,0.0,0.0,0.0,1.12126158900831,0.0,0.0,0.0,0.0,0.0,0.0,0.0,0.0,33.6378476702493,-487.64933204714646,0.0,0.0,0.0,0.0,0.0,0.0,0.0,0.0,0.0,0.0,0.0,0.0,33.6378476702493,33.6378476702493,1000.0,-1000.0,0.0,75.07265300096705,0.0,0.0,0.0,0.0,0.0,274.8760304035619,1000.0,350.7502403471062,0.11212615890083098,0.0,0.0,0.0,148.07861085124745,88.45023676961858,0.0,0.0,0.0,0.0,0.0,0.0,0.0,0.0,0.0,0.0,0.0,0.0,0.0,0.0,0.0,0.0,0.11212615890083098,0.0,0.0,0.0,-300.31525150957367,300.31525150957367,0.0,0.0,0.0,0.0,-455.8404780161734,447.2067637808094,0.0,0.0,82.92290386703053,-8.409461917562325,-5.606307945041554,0.0,0.0,0.0,0.0,0.0,0.0,0.0,0.0,0.0,0.0,0.0,0.0,202.03452857122534,0.0,0.0,0.0,528.6552475170506,0.0,0.0,0.0,-0.11212615890083098,0.0,0.0,0.11212615890083098,0.0,0.11212615890083098,0.0,0.0,0.0,67.2756953404986,136.7939138590138,136.7939138590138,0.0,0.0,0.0,0.0,0.0,0.0,0.0,266.15444270198316,0.0,1000.0,0.0,0.0,0.0,390.6653483895522,0.0,0.0,0.0,0.0,0.0,0.0,0.0,0.0,0.0,0.0,0.0,0.0,0.0,0.0,0.0,-858.2642172781053,858.2642172781053,0.16818923835124647,0.0,0.0,0.0,-33.6378476702493,0.0,0.0,0.0,0.0,0.0,-366.57351136977854,5.606307945041549,0.0,0.0,0.0,-296.875,-299.6293643516939,-9.216770261648412,0.0,0.0,0.0,0.0,0.0,0.0,0.0,0.0,202.03452857122534,0.0,487.64933204714646,0.0,366.57351136977854,0.0,138.28683669414502,88.45023676961858,0.0,437.989993519161,0.0,-437.989993519161,0.0,-170.65601384706477,0.0,5.606307945041554,564.21047081603,0.0,0.0,0.0,-87.09399697814149,-265.625000000002,265.625000000002,0.0,0.0,0.0,0.0,0.0,0.0,0.0,-16.818923835124636,0.0,136.7939138590138,0.0,0.0,0.0,0.0,0.0,0.0,0.0,0.0,0.0,0.0,0.0,0.0,391.8018971224655,-148.07861085124745,50.42601256291931,0.0,33.6378476702493,0.0,0.0,0.0,0.0,-380.98674560281825,0.0,0.0,0.12333877479102497,0.0,0.0,0.0,68.3969569295069,0.0,0.0,0.0,0.0,203.93761217971314,0.0,0.0,0.0,0.0,0.0,0.0,0.0,0.0,-277.1071815721924,0.0,0.011212615890083098,0.011212615890083098,0.0,0.0,0.0,0.0,0.0,0.0,0.0,0.0,0.0,0.0,0.0,0.0,0.0,0.0,0.0,366.57351136977854,0.0,0.0,0.0,0.0,0.0,0.0,0.0,991.65468410464,0.0,0.0,0.0,0.0,0.0,1000.0,-50.55537651205782,0.0,0.0,0.0,67.2756953404986,0.0,0.0,0.0,0.0,0.0,-67.2756953404986,0.0,0.0,0.0,0.0,0.0,0.0,0.0,0.0,0.0,0.0,0.0,0.0,0.0,-24.730453585922014,-1000.0,467.4717672366214,0.0,-33.6378476702493,0.0,-83.37140850263383,0.0,0.0,0.0,0.0,0.0,0.0,0.0,0.0,0.0,351.5625,0.0,-351.5625,-351.5625,0.0,0.0,0.0,0.0,-14.015769862603879,202.0345285712254,-8.409461917562325,382.25588647198987,0.0,0.0,0.0,0.0,0.0,0.0,-1.4015769862603875,87.09399697814149,0.0,0.0,0.0,0.0,0.0,0.0,0.0,1000.0,33.6378476702493,33.6378476702493,0.0,0.0,0.0,0.0,158.6594193670379,0.12333877479102497,366.57351136977854,0.0,0.0,83.37140850263383,0.0,0.0,0.0,0.0,0.0,0.0,0.0,0.0,0.0,0.0,0.0,0.0,0.0,0.0,429.13210863905266,0.0,0.0,0.0,0.0,117.73246684587255,8.633714235364005,0.0,0.0,0.0,0.0,0.0,366.57351136977854,0.0,0.0,0.0,0.0,0.0,-14.015769862603879,0.0,0.0,0.0,0.0,0.0,0.0,0.0,0.0,0.0,0.0,0.0,0.0,0.0,0.0,0.0,0.0,0.0,0.0,-0.11212615890083098,0.0,0.0,5.606307945041549,-47.89396482254597,0.0,0.0,0.0,0.0,202.0345285712254,0.0,0.0,0.0,-381.0112861081905,2.8031539725207746,0.0,0.0,0.0,0.11212615890083098,0.0,112.12615890083097,-34.759109259257606,22.4252317801662,0.8009011350059355,312.8319833333185,-0.08409461917562323,5.606307945041549,2.24252317801662,-0.5606307945041351,-312.8319833333185,33.6378476702493,-0.11212615890083098,0.0,75.07265300096705,0.028031539725207746,0.8009011350059356,0.0,-17.850484497012417,-2.24252317801662,-928.6747551623783,-0.11212615890083098,0.028031539725207746,-312.8319833333185,11.212615890083098,0.11212615890083098,0.11212615890083098,-366.3380464360867,0.12333877479091408,-733.26873971543,-0.08409461917562323,33.6378476702493,0.11212615890083098,33.6378476702493,-56.0630794504155,-0.05606307945041549,408.15438969099745,190.70978652224147,-0.08409461917562323,-0.11212615890083098,-34.759109259257606,0.11212615890083098,11.212615890083098,-2.24252317801662,0.0,0.0,-11.212615890083098,928.6747551623783,0.0,22.425231780166197,0.16818923835124647,-1000.0,11.212615890083098,-193.0924715469956,75.07265300096705,-22.425231780166197,0.05606307945041549,1.12126158900831,0.0,388.99874314994474,-0.11212615890083098,-391.8018971224655,366.3380464360867,34.759109259257606,0.11212615890083098,17.850484497012417,-59.47873768003018,75.07265300096705,-0.11212615890083098,-0.028031539725207746,-75.07265300096705,-0.11212615890083098,-95.85467819251937,0.11212615890065081,-0.028031539725207746,-0.028031539725207746,-0.028031539725207746,44.85046356033239,56.0630794504155,1.12126158900831,361.78106812850757,-0.028031539725207746,0.0,5.606307945041549,53.533647041301236,0.11212615890083098,0.05606307945041549,0.05606307945041549,48.748942390566626,34.759109259257606,0.11212615890083098,-34.759109259257606,1.12126158900831,0.11212615890083098,-919.2002684342132,0.11212615890083098,0.44850463560327114,0.5606307945041351,0.05606307945041549,0.028031539725207746,33.6378476702493,-0.11212615890083098,733.26873971543,1.12126158900831,-723.5621362570151,2.803153972520776,-11.212615890083098,22.425231780166197,5.606307945041549,-0.11212615890083098,0.0,0.16818923835124647,-0.11212615890083098,-97.49788478113325,34.759109259257606,584.6158807485796,0.05606307945041549,-107.06729408260247,-0.11212615890083098,-0.11212615890065081,-0.11212615890083098,0.05606307945041549,312.8319833333185,-22.425231780166197,0.11212615890083098,0.0,-0.028031539725207746,-0.12333877479091408,0.0,16.818923835124647,-190.70978652224147,830.7507873555359,312.8319833333185,-0.08409461917562323,391.8018971224655,-388.99874314994474,0.11212615890083098,-0.028031539725207742,5.606307945041554,112.12615890083097,-0.05606307945041549,-0.11212615890083098,0.028031539725207746,12.833426576380134,0.0,999.9439369205496,557.4192003057057,108.82623099922269,0.0,751.2119242599545,-639.8920496346191,0.0,7.172359857914898,130.50160073078445,105.44237422767193,0.0,-3.586179928957435,-54.413115499611344,-65.25080036539222,0.0,319.94602481730954,-366.57351136977854,-203.62913514576135,0.0,-105.44237422767193,-203.62913514576135,-751.2119242599545,399.73902302495077,0.0,1496.5981,bhi
407,0.0,0.0,0.0,0.0,0.0,0.0,0.0,0.0,-0.18683914021180728,0.0,0.0,0.0,0.0,0.0,0.0,0.0,-858.8508145341553,1000.0,0.0,0.0,0.0,0.0,0.0,438.035461437228,0.0,631.3459884902488,0.0,0.0,0.0,-978.8342393996726,0.0,0.0,78.91998055182361,0.0,0.0,0.0,0.0,999.252643439153,0.0,-1000.0,190.13265132674906,0.0,-153.66010304847714,0.0,0.0,0.0,74.98887077570785,0.0,974.946402977072,0.0,0.0,0.0,0.0,0.2055230542332609,0.0,0.0,0.0,21.743621682258002,0.0,0.0,-16.454300281319625,0.0,16.454300281319625,0.0,90.46837670869348,0.0,0.0,0.0,1000.0,-369.18576743545066,0.0,1.868391402118073,0.0,0.0,0.0,0.0,0.0,0.0,0.0,186.69113705086787,0.0,0.0,0.0,0.0,112.10348412708439,0.0,0.0,-960.2958915518939,-690.8204587708178,859.1310732444731,-0.04670978505295183,0.0,0.0,0.0,56.05174206354219,0.0,369.2826205703491,-379.37261359272946,0.0,0.0,0.0,995.3290214947048,-978.8342393996726,0.0,0.0,-30.118033265321447,0.0,0.0,0.0,0.0,0.0,0.0,0.0,0.0,0.0,0.0,0.0,0.0,0.0,0.0,0.0,0.0,0.0,0.0,-1000.0,0.0,0.0,369.2826205703491,0.0,57.92013346566027,0.0,0.0,-470.092915128096,932.5653365961116,-462.47242146801557,462.47242146801557,0.0,0.0,0.0,0.0,0.0,0.0,0.0,0.0,0.0,14.38661379630912,0.18683914021180728,0.0,0.0,0.0,-951.1329362041884,0.0,0.0,0.0,0.0,0.0,1000.0,0.0,0.0,0.0,0.0,0.0,18.941141015949768,18.941141015949768,0.0,0.0,0.0,0.0,-133.92839149736048,0.0,0.0,19.127980156161573,0.0,0.0,0.0,-1000.0,-951.2872568462788,0.0,0.0,0.0,0.0,0.0,0.0,0.0,0.0,0.0,-652.601791268851,0.0,0.0,0.0,0.0,-1000.0,0.0,0.0,0.0,0.0,0.0,0.0,153.66010304847714,-168.31061447365528,168.31061447365528,0.0,0.0,0.0,0.0,0.0,0.0,0.0,0.0,-154.58175785662687,0.0,0.0,0.0,0.0,0.0,0.0,0.0,0.0,0.0,0.0,0.0,0.0,0.0,0.0,339.0994707957181,709.0785479082788,0.0,0.0,0.0,0.0,0.0,0.0,0.0,0.0,0.0,-16.454300281319625,709.0785479082788,0.0,0.0,0.0,0.0,0.0,0.0,0.0,0.0,0.0,15.624206360103456,313.2308785068069,0.0,0.0,-676.1699473456395,0.0,0.0,-709.0785479082788,0.0,0.0,0.0,0.0,0.0,0.0,0.0,-18.830271347679854,0.0,0.0,-435.66767315386744,0.0,0.0,-435.6676731538675,0.0,0.0,-859.1310732444731,0.0,817.0388741011665,0.0,0.0,521.2812011909424,0.0,0.0,0.0,627.3678452795127,0.0,-627.3678452795127,0.0,926.279679596948,0.0,0.0,0.0,0.0,0.0,0.0,-16.454300281319625,-0.280258710317711,0.0,0.0,0.0,0.0,0.18683914021180728,0.0,0.0,0.0,630.7173794296509,-858.8508145341553,0.0,-20.07868884354763,311.12799384907703,951.2872568462788,377.5981022476662,0.0,1000.0,0.0,-30.118033265321447,0.0,0.0,0.0,-16.086849972236877,-732.3342477325646,-251.57890229519856,-1000.0,-1000.0,0.0,0.0,0.0,0.0,0.0,0.0,0.0,0.0,0.0,0.0,0.0,0.0,0.0,0.0,0.0,0.0,0.0,0.0,0.0,-1000.0,0.0,0.0,373.3563932779097,567.6379978852052,0.0,0.0,-14.38661379630912,0.0,0.0,0.0,0.0,985.9870644841144,-267.66575226743544,0.0,-593.8304774022376,0.0,0.0,0.0,0.0,0.0,0.0,0.0,-192.32401079301258,1000.0,-4.670978505295182,-9.341957010590365,-793.6630536911018,0.0,0.0,-753.737733556816,990.6580429894096,369.2826205703491,0.0,0.0,0.0,0.0,0.0,0.0,0.0,0.0,0.0,0.0,-302.0432638332557,0.0,0.0,-832.5365069455022,0.0,0.0,0.0,0.0,0.0,-32.90860056263925,0.0,0.0,181.81716964943217,0.0,0.0,0.0,0.0,-981.3160859788193,0.373678280423519,0.0,0.0,0.0,0.0,0.0,0.0,0.0,0.0,0.0,374.41138315421864,0.0,0.0,0.0,0.0,0.0,0.0,0.0,0.0,0.0,0.2055230542332609,0.2055230542332609,0.0,0.0,0.0,112.10348412708439,0.0,0.0,0.0,1000.0,0.0,0.0,0.0,0.0,0.0,1000.0,-1000.0,0.0,0.0,318.6281826193088,0.0,0.0,181.81716964943217,0.0,0.0,0.0,0.0,0.0,0.0,0.0,333.3333333333333,-630.7173794296509,951.1329362041884,0.0,14.38661379630912,0.0,0.0,0.0,0.0,0.0,1000.0,0.0,1000.0,-981.3160859788193,0.0,0.0,0.0,0.0,0.0,0.0,0.0,0.0,0.0,0.0,0.0,0.0,0.0,0.0,0.0,0.0,112.10348412708439,0.0,0.0,0.0,0.0,0.0,0.0,0.0,0.0,0.0,0.0,0.0,0.0,1.868391402118073,0.0,0.0,0.0,0.0,0.0,153.66010304847714,0.0,0.0,369.2826205703491,-318.6281826193088,0.0,0.0,0.0,0.0,0.0,0.0,0.0,0.0,0.0,472.7172600989358,0.0,0.0,56.05174206354219,56.05174206354219,1000.0,-1000.0,0.0,181.81716964943217,0.0,0.0,0.0,0.0,0.0,978.8342393996726,0.0,1000.0,0.18683914021180728,0.0,0.0,-753.252224044564,1000.0,0.0,0.0,0.0,0.0,0.0,0.0,0.0,0.0,0.0,0.0,0.0,0.0,0.0,0.0,0.0,0.0,0.0,0.18683914021180728,0.0,0.0,0.0,0.0,0.0,0.0,0.0,0.0,0.0,0.0,358.9697794816006,0.0,0.0,-1000.0,-14.012935515885601,-9.341957010590363,0.0,0.0,-78.12500000000003,-78.12500000000003,78.12500000000003,0.0,0.0,0.0,0.0,0.0,0.0,0.0,0.0,951.2872568462788,0.0,0.0,1000.0,0.0,0.0,0.0,-0.18683914021180728,0.0,0.0,0.18683914021180728,0.0,0.18683914021180728,0.0,256.4028494103307,0.0,112.10348412708439,227.94375105840493,227.94375105840493,0.0,0.0,0.0,0.0,0.0,0.0,0.0,951.1329362041884,0.0,0.0,0.0,0.0,0.0,0.0,0.0,0.0,0.0,0.0,0.0,0.0,0.0,0.0,0.0,0.0,0.0,0.0,0.0,0.0,0.0,-374.94313907991807,374.94313907991807,0.280258710317711,0.0,0.0,0.0,-369.2826205703491,0.0,0.0,0.0,0.0,0.0,0.0,9.341957010590365,0.0,0.0,0.0,0.0,133.92839149736048,0.0,0.0,0.0,0.0,0.0,0.0,0.0,0.0,0.0,0.0,0.0,318.6281826193088,184.4415146202722,0.0,0.0,868.7731346698491,-30.118033265321447,0.0,-14.38661379630912,0.0,14.38661379630912,0.0,-227.94375105840493,0.0,9.341957010590363,755.1202492153241,0.0,481.289251562535,0.0,-32.90860056263925,0.0,0.0,-234.37500000021012,234.37500000021012,0.0,0.0,0.0,0.0,0.0,638.5888557529653,-14.012935515885601,227.94375105840493,0.0,890.6249999999998,890.6249999999999,-890.6249999999998,0.0,0.0,0.0,0.0,0.0,0.0,0.0,0.0,28.025871031771317,-621.1591591096546,0.0,-153.66010304847714,56.05174206354219,0.0,0.0,0.0,0.0,-383.70756478318293,0.0,0.0,0.2055230542332609,0.0,0.0,0.0,113.97187552920246,0.0,0.0,0.0,0.0,339.0994707957181,0.0,0.0,0.0,0.0,0.0,0.0,0.0,0.0,0.0,0.0,0.01868391402117986,0.01868391402117986,0.0,0.0,0.0,0.0,0.0,0.0,0.0,0.0,0.0,-753.252224044564,0.0,0.0,0.0,0.0,0.0,0.0,0.0,0.0,0.0,0.0,0.0,0.0,0.0,0.0,0.0,0.0,0.0,0.0,227.94375105840493,0.0,1000.0,0.0,0.0,0.0,112.10348412708439,0.0,0.0,0.0,0.0,0.0,0.0,-112.10348412708439,0.0,0.0,0.0,0.0,0.0,0.0,0.0,0.0,0.0,0.0,0.0,0.0,-1000.0,-1000.0,127.98481104508801,0.0,-369.2826205703491,0.0,999.252643439153,0.0,0.0,0.0,0.0,0.0,0.0,0.0,0.0,0.0,0.0,0.0,0.0,0.0,0.0,0.0,0.0,0.0,-23.354892526475965,0.0,-1000.0,0.0,0.0,0.0,0.0,0.0,0.0,0.0,-2.3354892526475917,32.90860056263925,0.0,0.0,0.0,0.0,0.0,0.0,0.0,1000.0,56.05174206354219,56.05174206354219,0.0,0.0,0.0,0.0,186.69113705086787,0.2055230542332609,0.0,0.0,0.0,-999.252643439153,0.0,0.0,0.0,0.0,0.0,0.0,0.0,0.0,0.0,0.0,0.0,0.0,0.0,0.0,0.0,0.0,0.0,0.0,0.0,196.18109722239768,14.38661379630912,0.0,0.0,0.0,0.0,0.0,0.0,0.0,-15.35817732541011,0.0,0.0,0.0,-23.354892526475965,0.0,0.0,0.0,0.0,0.0,0.0,0.0,0.0,0.0,0.0,0.0,0.0,0.0,0.0,0.0,0.0,0.0,0.0,-0.18683914021180728,0.0,0.0,9.341957010590365,-1000.0,0.0,0.0,0.0,0.0,0.0,0.0,0.0,0.0,16.086849972236877,4.670978505295182,0.0,0.0,631.3459884902488,0.18683914021180728,0.0,186.8391402118073,-57.92013346566027,37.36782804236146,1.334565287227195,521.2812011909424,-0.1401293551588555,786.1544881952502,3.736782804236146,-0.9341957010587976,-521.2812011909424,56.05174206354219,-0.18683914021180728,10.039344421773816,181.81716964943217,0.04670978505295183,1.334565287227195,-30.118033265321447,-29.74479112171923,-3.7367828042360998,-141.14918546584465,-0.18683914021180728,0.04670978505295183,-521.2812011909424,18.68391402118073,0.18683914021180728,0.18683914021180728,0.39236219444506815,0.20552305423298714,-1000.0,-0.1401293551588555,56.05174206354219,0.18683914021180728,369.2826205703491,219.81130840090324,-0.09341957010590365,60.236066530642894,-18.870753161392535,-0.1401293551588555,-0.18683914021180728,-57.92013346566027,0.18683914021180728,18.68391402118073,-3.736782804236146,0.0,0.0,-18.68391402118073,141.14918546584465,0.0,37.36782804236145,0.280258710317711,424.03520027465356,18.68391402118073,-333.3333333333333,181.81716964943217,-37.36782804236146,0.09341957010590365,1.868391402118073,5.019672210886908,37.36782804236146,-0.18683914021180728,-42.03880654765692,-0.39236219444506815,57.92013346566027,0.18683914021180728,29.74479112171923,-355.62067711154333,181.81716964943217,-0.18683914021180728,-0.04670978505295183,-181.81716964943217,-0.18683914021180728,-981.3160859788193,0.1868391402118732,-0.04670978505295183,-0.04670978505295183,-0.04670978505295183,74.73565608472292,-219.81130840090324,1.868391402118073,138.42444800442402,-0.04670978505295183,0.0,9.341957010590365,500.0,0.18683914021180728,0.09341957010590365,0.09341957010590364,109.59249884589681,57.92013346566027,0.18683914021180728,-57.92013346566027,1.868391402118073,0.18683914021180728,-138.42444800442402,0.18683914021180728,0.747356560847038,0.9341957010587976,0.09341957010590365,0.04670978505295183,56.05174206354219,-0.18683914021180728,1000.0,1.8683914021180499,-276.84889600884804,781.483509689955,-18.68391402118073,37.36782804236146,9.341957010590365,-0.18683914021180728,30.118033265321447,0.280258710317711,-0.18683914021180728,-219.18499769179363,57.92013346566027,756.5135383451668,0.09341957010590364,-1000.0,-0.18683914021180728,-0.1868391402118732,-0.18683914021180728,0.09341957010590364,521.2812011909424,-37.36782804236146,0.18683914021180728,10.039344421773816,-0.04670978505295183,-0.20552305423298714,-10.039344421773816,28.02587103177109,18.870753161392535,-712.922810739699,521.2812011909424,-0.1401293551588555,42.03880654765692,-37.36782804236146,0.18683914021180728,-0.04670978505295183,9.341957010590363,186.8391402118073,-0.09341957010590365,-0.18683914021180728,0.04670978505295183,225.6945537018662,0.0,-424.12861984475944,0.0,-1000.0,0.0,329.76202370922834,-113.16715881582627,0.0,218.04720980494312,294.7934690562157,44.991973491977774,0.0,-109.02360490247156,500.0,-147.39673452810786,0.0,56.583579407913135,0.0,-372.8059735619838,0.0,-44.991973491977774,-372.8059735619838,-329.76202370922834,333.3493933997955,0.0,1496.5981,bhi
408,0.0,0.0,0.0,0.0,0.0,0.0,0.0,0.0,-0.049108153529044636,0.0,0.0,0.0,0.0,0.0,0.0,0.0,786.2228647872768,-921.4658358197049,0.0,0.0,0.0,0.0,0.0,0.0,0.0,0.0,0.0,0.0,0.0,-931.2438108909208,0.0,0.0,210.59734626807426,0.0,0.0,0.0,0.0,-8.600474621387987,0.0,-1000.0,1000.0,0.0,0.0,-463.60531406825055,0.0,0.0,0.0,0.0,-391.3737398281054,-748.812887761441,0.0,0.0,0.0,0.0540189688827013,0.0,0.0,0.0,0.0,0.0,0.0,-101.11551175923897,0.0,73.50155097428635,-27.613960784952624,0.0,0.0,0.0,0.0,470.2018989007843,-470.2018989007843,0.0,0.49108153529044635,0.0,0.0,0.0,0.0,0.0,0.0,0.0,0.0,0.0,0.0,0.0,0.0,29.46489211742678,0.0,96.79072037178047,517.7653812939695,81.39718924781677,44.99445221804745,-0.012277038382261159,0.0,0.0,-1000.0,14.73244605871339,0.0,14.73244605871339,0.0,0.0,0.0,0.0,998.7722961617739,-931.2438108909208,0.0,0.0,-175.87317998994595,0.0,0.0,0.0,0.0,0.0,0.0,0.0,0.0,0.0,0.0,0.0,0.0,0.0,0.0,0.0,0.0,0.0,0.0,-541.8040061186962,0.0,0.0,14.73244605871339,0.0,15.223527594003837,15.223527594003837,0.0,0.0,0.0,0.0,0.0,938.2744946542571,1000.0,-1000.0,-938.2744946542571,0.0,0.0,0.0,0.0,0.0,100.5720481935168,0.049108153529044636,0.0,0.0,0.0,-94.81227269621859,-780.8594561499428,0.0,0.0,0.0,0.0,570.9285127925704,0.0,0.0,0.0,0.0,0.0,-280.8580556948689,-280.8580556948689,0.0,0.0,0.0,328.12499999999994,0.0,0.0,0.0,-280.8089475413398,0.0,0.0,0.0,-10.324706244639515,-940.4622028120993,0.0,0.0,0.0,0.0,0.0,0.0,0.0,0.0,0.0,0.0,0.0,0.0,0.0,0.0,-1000.0,0.0,0.0,0.0,0.0,0.0,748.812887761441,0.0,873.6083585341358,-873.6083585341358,0.0,0.0,0.0,0.0,0.0,0.0,0.0,0.0,-1000.0,0.0,0.0,0.0,0.0,0.0,0.0,0.0,0.0,0.0,0.0,0.0,0.0,0.0,0.0,749.2551611930571,536.3946859317494,0.0,0.0,0.0,0.0,0.0,0.0,0.0,0.0,0.0,-101.11551175923897,1000.0,0.0,0.0,318.1015250657742,0.0,0.0,0.0,0.0,0.0,1.5812825436363482,9.821630705808927,0.0,0.0,792.2111692863191,0.0,1000.0,0.0,-536.3946859317494,0.0,0.0,0.0,985.1693376342286,0.0,0.0,0.0,321.06180028832785,0.0,0.0,-1000.0,0.0,1000.0,-1000.0,0.0,1000.0,955.0055477819526,0.0,-174.24911875143323,748.812887761441,0.0,167.4588035340422,0.0,0.0,0.0,791.2125380045345,0.0,-791.2125380045345,0.0,-571.2793249637393,0.0,0.0,-175.87317998994595,328.125,0.0,0.0,-101.11551175923897,-0.07366223029356696,0.0,0.0,0.0,0.0,0.049108153529044636,0.0,0.0,0.0,983.6862713976502,786.2228647872768,0.0,-786.8414818610573,1000.0,940.4622028120993,842.1856282319975,0.0,0.0,0.0,-175.87317998994595,0.0,0.0,0.0,962.1327028137532,0.0,-962.1327028137532,-640.391249716853,-1000.0,0.0,0.0,0.0,0.0,0.0,0.0,0.0,0.0,0.0,0.0,0.0,0.0,0.0,0.0,0.0,0.0,318.1015250657742,-1000.0,0.0,-991.5959579927293,0.0,0.0,0.0,613.6019824717783,0.0,0.0,-102.15333073715314,0.0,0.0,0.0,0.0,996.3168884853217,529.7981010992157,772.1750533438551,-807.4148431550022,-189.38091893960254,-1000.0,0.0,0.0,-70.35234074571008,0.0,-772.1750533438551,0.0,981.5123823608267,188.15321510137642,-2.4554076764522317,-590.5736652214166,0.0,678.2917925718313,1000.0,-710.2120923657101,14.73244605871339,0.0,0.0,0.0,0.0,0.0,0.0,0.0,0.0,0.0,0.0,530.5407900239268,0.0,0.0,0.0,0.0,0.0,0.0,0.0,0.0,-8.64958277491703,0.0,0.0,172.54681782671594,0.0,0.0,0.0,0.0,-141.14901371181764,0.09821630705846474,0.0,0.0,0.0,0.0,0.0,0.0,0.0,0.0,0.0,0.0,0.0,0.0,0.0,0.0,0.0,0.0,0.0,0.0,0.0,0.0540189688827013,0.0540189688827013,0.0,388.37634036442324,0.0,29.46489211742678,0.0,0.0,0.0,1000.0,0.0,482.8289495970711,96.79072037178047,0.0,0.0,1000.0,-1000.0,0.0,0.0,0.0,0.0,0.0,172.54681782671594,0.0,0.0,0.0,0.0,0.0,0.0,0.0,180.60133537289872,-983.6862713976502,875.6717288461614,0.0,100.5720481935168,0.0,-855.171269679532,-144.82873032046814,-144.82873032046814,0.0,1000.0,0.0,250.0430041993386,608.8079820888438,-265.6250000000046,265.6250000000046,0.0,0.0,0.0,0.0,0.0,0.0,0.0,0.0,0.0,0.0,0.0,0.0,0.0,0.0,29.46489211742678,0.0,0.0,0.0,0.0,0.0,0.0,0.0,0.0,0.0,0.0,0.0,0.0,0.49108153529044635,0.0,0.0,96.79072037178047,-96.79072037178047,0.0,0.0,0.0,0.0,14.73244605871339,0.0,0.0,0.0,0.0,0.0,0.0,0.0,0.0,0.0,0.0,1000.0,-1000.0,0.0,14.73244605871339,14.73244605871339,859.711578949222,-1000.0,0.0,172.54681782671594,0.0,0.0,0.0,0.0,0.0,571.6350606077739,0.0,1000.0,0.049108153529044636,0.0,0.0,0.0,3.9602218095922423,0.0,0.0,1000.0,0.0,0.0,0.0,0.0,0.0,0.0,0.0,0.0,0.0,0.0,0.0,0.0,0.0,0.0,0.049108153529044636,0.0,0.0,0.0,512.5722796558862,-512.5722796558862,0.0,0.0,0.0,0.0,-102.15333073715314,0.0,0.0,0.0,8.404042007270732,-3.6831115146783304,-2.455407676452232,0.0,0.0,0.0,0.0,0.0,0.0,0.0,0.0,0.0,0.0,0.0,0.0,0.0,940.4622028120993,0.0,0.0,-29.464892117426643,0.0,0.0,0.0,-0.049108153529044636,0.0,0.0,0.049108153529044636,0.0,0.049108153529044636,0.0,0.0,0.0,29.46489211742678,59.91194730543443,59.91194730543443,0.0,0.0,0.0,0.0,0.0,0.0,0.0,875.6717288461614,0.0,0.0,0.0,0.0,0.0,966.3609148326047,0.0,0.0,0.0,0.0,0.0,0.0,0.0,0.0,0.0,0.0,0.0,0.0,0.0,0.0,0.0,0.0,0.0,0.07366223029356696,0.0,0.0,0.0,-14.73244605871339,0.0,0.0,0.0,0.0,0.0,-388.37634036442324,2.4554076764522317,0.0,0.0,0.0,-328.12499999999994,0.0,0.0,0.0,0.0,0.0,0.0,0.0,0.0,0.0,0.0,0.0,0.0,0.0,-128.26432495252772,388.37634036442324,0.0,-134.1499018596475,-175.87317998994595,0.0,0.0,0.0,0.0,0.0,925.2573903287941,0.0,2.455407676452232,1000.0,0.0,0.0,0.0,-202.23102351847797,0.0,0.0,0.0,0.0,0.0,0.0,0.0,0.0,0.0,-7.366223029356604,0.0,59.91194730543443,0.0,-521.3016872022912,-521.3016872022912,521.3016872022912,0.0,0.0,0.0,0.0,0.0,1.5812825436363358,0.0,0.0,399.4256749084582,-3.9602218095922423,-55.97867938152454,0.0,14.73244605871339,96.79072037178047,0.0,0.0,0.0,90.13111139579298,0.0,0.0,0.0540189688827013,0.0,0.0,0.0,29.955973652717226,0.0,0.0,0.0,0.0,749.2551611930571,0.0,0.0,0.0,0.0,0.0,0.0,0.0,0.0,-300.81114277924365,0.0,0.004910815352904496,0.004910815352904496,0.0,0.0,0.0,0.0,0.0,0.0,0.0,0.0,0.0,0.0,0.0,0.0,0.0,0.0,0.0,388.37634036442324,0.0,0.0,0.0,0.0,0.0,0.0,0.0,748.812887761441,0.0,0.0,0.0,193.58144074356093,1000.0,6.822870995014808,-921.4658358197049,0.0,0.0,0.0,29.464892117426757,0.0,0.0,0.0,0.0,0.0,970.5351078825732,-1000.0,0.0,193.58144074356093,0.0,0.0,0.0,0.0,0.0,0.0,0.0,0.0,0.0,0.0,-1000.0,-1000.0,1000.0,812.9859773168746,-827.718423375588,0.0,-8.600474621387987,0.0,0.0,0.0,0.0,0.0,0.0,0.0,0.0,0.0,0.0,0.0,0.0,0.0,0.0,0.0,0.0,0.0,-6.138519191130513,0.0,-1000.0,962.6778033179262,0.0,0.0,0.0,0.0,0.0,-0.6138519191130579,0.0,8.64958277491703,0.0,0.0,0.0,0.0,0.0,0.0,0.0,1000.0,14.73244605871339,14.73244605871339,0.0,0.0,0.0,0.0,0.0,0.0540189688827013,388.37634036442324,0.0,0.0,8.600474621387987,0.0,0.0,0.0,0.0,0.0,0.0,0.0,0.0,0.0,0.0,0.0,0.0,0.0,0.0,0.0,0.0,0.0,15.223527594003837,0.0,51.56356120549686,100.5720481935168,0.0,0.0,0.0,0.0,0.0,388.37634036442324,0.0,-2.455407676452232,0.0,0.0,0.0,-6.138519191130513,0.0,0.0,0.0,0.0,0.0,0.0,0.0,0.0,0.0,0.0,0.0,0.0,0.0,0.0,0.0,0.0,0.0,0.0,-0.049108153529044636,0.0,0.0,2.4554076764522317,-1000.0,0.0,0.0,0.0,0.0,0.0,0.0,0.0,0.0,-962.1327028137532,1.2277038382261158,0.0,0.0,0.0,0.049108153529044636,0.0,49.10815352904463,0.0,9.821630705808927,0.35077252520746166,167.45880353404218,-0.03683111514678348,807.4148431550022,0.9821630705808927,-0.24554076764629862,-167.45880353404218,14.73244605871339,-0.049108153529044636,58.624393329981984,172.54681782671594,0.012277038382261159,0.35077252520746166,-175.87317998994595,-104.60873841360538,-0.9821630705808957,135.24297103242816,-0.049108153529044636,0.012277038382261159,-167.45880353404218,4.910815352904463,0.049108153529044636,0.049108153529044636,-388.2732132420115,-96.73670140289852,0.0,-0.03683111514678348,14.73244605871339,0.049108153529044636,14.73244605871339,-24.554076764522314,-0.024554076764522318,-219.18215281267845,-4.959923506433508,-0.03683111514678348,-0.049108153529044636,0.0,0.049108153529044636,4.910815352904463,-0.9821630705808927,0.0,0.0,-4.910815352904463,-135.24297103242816,0.0,9.821630705808927,0.07366223029356696,-152.0733225620047,4.910815352904463,-180.60133537289872,172.54681782671594,-9.821630705808927,0.024554076764522318,0.49108153529044635,196.71037046526433,398.19797107023214,-0.049108153529044636,-399.4256749084582,388.2732132420115,15.223527594003837,0.049108153529044636,104.60873841360538,113.61703359186231,172.54681782671594,-0.049108153529044636,-0.012277038382261159,-172.54681782671594,-0.049108153529044636,-141.14901371181764,0.049108153529044636,-0.012277038382261159,-0.012277038382261159,-0.012277038382261159,19.643261411617853,24.554076764522314,0.49108153529044635,55.84924599018862,-0.012277038382261159,334.7963476005467,2.4554076764522317,73.02991453236105,0.049108153529044636,0.024554076764522318,0.024554076764522318,91.18422426626243,0.0,0.049108153529044636,0.0,0.49108153529044635,0.049108153529044636,-94.78173147890007,0.049108153529044636,0.19643261411727053,0.24554076764629862,0.024554076764522318,0.012277038382261159,14.73244605871339,-0.049108153529044636,0.0,0.49108153529044785,-111.69849198037724,806.1871393167761,-4.910815352904463,9.821630705808927,2.4554076764522317,-0.049108153529044636,175.87317998994595,0.07366223029356696,-0.049108153529044636,-182.36844853252487,0.0,65.74188774725302,0.024554076764522318,-146.0598290647221,-0.049108153529044636,-0.049108153529044636,-0.049108153529044636,0.024554076764522318,167.45880353404218,-9.821630705808927,0.049108153529044636,393.42074093052867,-0.012277038382261159,96.73670140289852,-393.42074093052867,7.366223029356694,4.959923506433508,31.029106431077132,167.45880353404218,-0.03683111514678348,399.4256749084582,-398.19797107023214,0.049108153529044636,-0.01227703838226116,2.455407676452232,49.108153529044635,-0.024554076764522318,-0.049108153529044636,0.012277038382261159,1000.0,0.0,-847.9512315147598,38.93248548871145,964.647318420343,0.0,-253.30865474538246,-387.55581645101284,0.0,-613.4798506950588,-364.4892407397898,1000.0,-1000.0,306.7399253475294,-482.3236592101715,182.2446203698949,0.0,193.77790822550642,-388.37634036442324,-155.872999143046,1000.0,-1000.0,-155.872999143046,253.30865474538246,-185.91825184507462,0.0,1496.5981,bhi
409,0.0,0.0,0.0,0.0,0.0,0.0,0.0,0.0,-0.1939928889666256,0.0,0.0,0.0,0.0,0.0,0.0,0.0,-184.63156293306255,724.6732219386774,0.0,0.0,0.0,0.0,0.0,468.8015710020301,0.0,693.9072067146928,0.0,0.0,0.0,-1000.0,0.0,0.0,995.7127571538379,0.0,0.0,0.0,0.0,942.0571820917844,0.0,-1000.0,807.1509077905857,0.0,0.0,184.63156293306255,0.0,0.0,0.0,0.0,1000.0,-401.29810737528567,0.0,0.0,0.0,0.21339217786305653,0.0,0.0,0.0,38.798577793325116,0.0,0.0,13.130460556925492,0.0,263.81677624598393,186.30293386715198,0.0,0.0,0.0,0.0,448.48203359173823,0.0,0.0,1.9399288896662554,0.0,0.0,0.0,0.0,0.0,0.0,0.0,0.0,0.0,0.0,0.0,0.0,116.39573337997537,0.0,0.0,0.0,0.0,355.41009607255234,482.40146605937116,0.0,0.0,474.36537120065236,58.197866689987684,0.0,58.197866689987684,-6.246571024724436,0.0,0.0,0.0,9.699644448331279,-1000.0,0.0,0.0,0.0,0.0,0.0,0.0,0.0,0.0,0.0,0.0,0.0,0.0,0.0,0.0,0.0,0.0,0.0,0.0,0.0,0.0,0.0,-1000.0,0.0,0.0,58.197866689987684,0.0,60.13779557965393,60.13779557965393,0.0,648.7485055667405,-648.7485055667405,0.0,0.0,897.1241577571121,0.0,0.0,-987.7684606928696,0.0,0.0,0.0,0.0,0.0,14.937452450430214,0.1939928889666256,482.44996428161284,0.0,0.0,0.0,0.0,0.0,0.0,0.0,0.0,1000.0,0.0,0.0,0.0,0.0,0.0,911.7669479239227,911.7669479239227,0.0,0.0,0.0,0.0,43.44466172279127,0.0,0.0,911.9609408128892,0.0,0.0,0.0,658.1851114977796,0.0,0.0,0.0,0.0,0.0,0.0,0.0,0.0,0.0,0.0,-1000.0,0.0,0.0,0.0,0.0,-1000.0,0.0,0.0,0.0,0.0,0.0,401.29810737528567,0.0,-355.41009607255234,355.41009607255234,0.0,0.0,0.0,0.0,0.0,0.0,0.0,0.0,-170.9125056468406,0.0,0.0,0.0,0.0,0.0,0.0,0.0,0.0,0.0,0.0,0.0,0.0,0.0,0.0,53.91062384382553,184.63156293306255,0.0,0.0,0.0,90.64430293575747,96.80236212678972,0.0,0.0,0.0,0.0,13.130460556925492,0.0,0.0,0.0,0.0,0.0,0.0,0.0,0.0,0.0,0.0,0.0,0.0,0.0,-355.41009607255234,0.0,644.5899039274477,0.0,-184.63156293306255,0.0,0.0,90.64430293575747,-503.5262981270561,0.0,0.0,0.0,150.88303604937062,0.0,0.0,-1000.0,0.0,0.0,-999.9999999999999,0.0,0.0,-355.41009607255234,0.0,-630.7368741338748,401.29810737528567,0.0,564.7133892494036,0.0,0.0,0.0,-56.903499319812596,0.0,56.903499319812596,0.0,1000.0,0.0,90.64430293575747,0.0,0.0,0.0,0.0,13.130460556925492,-0.2909893334499384,0.0,0.0,0.0,0.0,0.1939928889666256,0.0,0.0,0.0,844.9997711832226,-184.63156293306255,0.0,-449.9522761269106,287.91696949854577,0.0,865.3487744805734,0.0,16.702787740026228,0.0,0.0,0.0,0.0,0.0,-16.702787740026228,0.0,0.0,-747.1600175620022,630.7384114770678,0.0,0.0,0.0,0.0,0.0,0.0,0.0,0.0,0.0,0.0,0.0,0.0,0.0,0.0,0.0,0.0,0.0,-57.16684635234966,0.0,-1000.0,0.0,0.0,0.0,0.0,0.0,0.0,-14.937452450430214,0.0,0.0,0.0,0.0,0.0,0.0,-794.5969571241349,50.95474296967558,0.0,-448.48203359173823,380.64428838215576,990.3003555516688,-261.2114249935614,0.0,794.5969571241349,-60.65438741800688,0.0,-4.8498222241656395,-1000.0,-1000.0,0.0,0.0,241.29916477704933,141.09804989191665,58.197866689987684,-765.624999999881,765.624999999881,0.0,0.0,0.0,0.0,0.0,0.0,0.0,0.0,-648.4984663658892,0.0,0.0,-88.42704496504405,0.0,0.0,0.0,0.0,0.0,-64.38338182190648,0.0,0.0,0.0,0.0,0.0,0.0,0.0,-4.287242846162144,0.3879857779329373,0.0,0.0,0.0,0.0,0.0,0.0,0.0,0.0,0.0,0.0,0.0,0.0,0.0,0.0,0.0,0.0,0.0,0.0,0.0,0.21339217786305653,0.21339217786305653,0.0,0.0,0.0,116.39573337997537,0.0,0.0,0.0,1000.0,0.0,0.0,0.0,0.0,0.0,545.7730494544102,-1000.0,0.0,0.0,505.03085299791195,0.0,0.0,0.0,0.0,0.0,0.0,0.0,0.0,0.0,0.0,333.3333333333333,-844.9997711832226,0.0,0.0,14.937452450430214,0.0,474.36537120065236,0.0,-96.80236212678972,0.0,545.7730494544102,0.0,0.0,541.485806608248,0.0,0.0,0.0,0.0,0.0,0.0,0.0,0.0,0.0,0.0,0.0,0.0,0.0,0.0,0.0,0.0,116.39573337997535,90.64430293575747,90.64430293575747,0.0,0.0,0.0,0.0,0.0,0.0,0.0,0.0,0.0,0.0,1.9399288896662554,0.0,0.0,0.0,0.0,0.0,0.0,0.0,0.0,58.197866689987684,-505.03085299791195,0.0,0.0,0.0,0.0,0.0,0.0,0.0,0.0,0.0,0.0,1000.0,0.0,58.19786668998768,58.197866689987684,1000.0,-1000.0,0.0,0.0,0.0,0.0,0.0,0.0,0.0,747.1600175620022,0.0,1000.0,0.1939928889666256,0.0,0.0,0.0,15.644140831665734,0.0,0.0,-474.36537120065236,0.0,0.0,0.0,0.0,0.0,0.0,0.0,0.0,0.0,0.0,0.0,0.0,0.0,0.0,0.1939928889666256,0.0,0.0,0.0,0.0,0.0,0.0,0.0,0.0,0.0,-14.937452450430214,0.0,0.0,0.0,-942.8331536476503,-14.549466672496921,-9.699644448331279,0.0,0.0,0.0,0.0,0.0,0.0,0.0,0.0,0.0,0.0,0.0,0.0,90.64430293575747,0.0,0.0,0.0,150.79769434024792,0.0,0.0,0.0,-0.1939928889666256,0.0,0.0,0.1939928889666256,0.0,0.1939928889666256,0.0,448.48203359173823,0.0,116.39573337997537,236.67132453928326,236.67132453928326,0.0,0.0,0.0,0.0,0.0,0.0,0.0,0.0,0.0,0.0,0.0,0.0,0.0,0.0,0.0,0.0,0.0,0.0,0.0,0.0,0.0,0.0,0.0,0.0,0.0,0.0,0.0,96.80236212678972,0.0,-245.42517312295467,245.42517312295467,0.2909893334499384,0.0,0.0,0.0,-58.197866689987684,0.0,0.0,0.0,0.0,0.0,0.0,9.699644448331279,0.0,0.0,0.0,0.0,-43.44466172279127,0.0,0.0,0.0,0.0,0.0,0.0,0.0,0.0,0.0,90.64430293575747,0.0,505.03085299791195,1000.0,0.0,0.0,853.3366054739876,0.0,0.0,0.0,0.0,0.0,0.0,-740.1976226663394,0.0,9.699644448331279,125.751646583005,0.0,0.0,0.0,-64.38338182190648,-528.1128839357206,528.1128839357206,1000.0,-1000.0,0.0,0.0,0.0,0.0,0.0,970.901066655006,0.0,236.67132453928326,0.0,0.0,0.0,0.0,0.0,0.0,0.0,0.0,0.0,0.0,0.0,0.0,43.64840001749087,-15.644140831665734,-337.4833110426745,0.0,58.197866689987684,0.0,0.0,0.0,0.0,-81.65128756044156,0.0,0.0,0.21339217786305653,0.0,0.0,0.0,118.33566226964162,0.0,0.0,0.0,0.0,53.91062384382553,0.0,0.0,0.0,0.0,0.0,0.0,0.0,0.0,-642.5904463757082,0.0,77.23670753776655,0.01939928889666298,0.0,0.0,0.0,0.0,0.0,0.0,0.0,0.0,0.0,0.0,0.0,0.0,0.0,0.0,0.0,0.0,0.0,0.0,0.0,0.0,0.0,0.0,0.0,401.29810737528567,0.0,0.0,0.0,0.0,0.0,0.0,724.6732219386774,0.0,0.0,0.0,116.39573337997537,0.0,0.0,0.0,0.0,0.0,-248.51898439215427,132.1232510121789,0.0,0.0,0.0,0.0,0.0,0.0,0.0,0.0,0.0,0.0,0.0,0.0,630.7384114770678,-1000.0,132.88512894213855,-1000.0,941.8021333100123,0.0,942.0571820917844,0.0,0.0,0.0,0.0,0.0,0.0,0.0,0.0,0.0,726.5625,0.0,-726.5625,-726.5625,0.0,0.0,0.0,0.0,-24.2491111208282,90.64430293575747,-14.549466672496921,-14.549466672496976,0.0,0.0,0.0,0.0,0.0,0.0,-2.42491111208282,64.38338182190648,0.0,0.0,0.0,0.0,0.0,0.0,0.0,1000.0,58.19786668998768,58.19786668998768,0.0,0.0,0.0,0.0,0.0,0.21339217786305653,0.0,0.0,0.0,-942.0571820917844,77.21730824886988,0.0,0.0,0.0,0.0,0.0,0.0,0.0,0.0,0.0,0.0,0.0,0.0,0.0,0.0,0.0,0.0,60.13779557965393,0.0,203.69253341495687,0.0,0.0,14.937452450430214,0.0,0.0,0.0,0.0,0.0,-15.946215473055716,0.0,0.0,0.0,-24.2491111208282,0.0,0.0,0.0,0.0,0.0,0.0,0.0,0.0,0.0,0.0,0.0,0.0,0.0,0.0,0.0,0.0,0.0,0.0,-0.1939928889666256,0.0,0.0,9.699644448331279,-545.7730494544102,0.0,0.0,0.0,0.0,90.64430293575747,0.0,0.0,0.0,16.702787740026228,4.8498222241656395,0.0,0.0,693.9072067146928,0.1939928889666256,0.0,193.99288896662557,0.0,38.798577793325116,1.385663492618754,661.5157513761933,-0.1454946667249692,9.6996444483313,3.8798577793325117,-0.9699644448324989,-661.5157513761933,58.19786668998768,-0.1939928889666256,0.0,0.0,0.0484982222416564,1.385663492618754,0.0,-30.88366792348593,-3.8798577793325117,-540.0416590056149,-0.1939928889666256,0.0484982222416564,-661.5157513761933,19.399288896662558,0.1939928889666256,0.1939928889666256,0.4073850668296821,0.21339217786329034,-1000.0,-0.1454946667249692,58.19786668998768,0.1939928889666256,58.197866689987684,-96.99644448331279,-0.0969964444833128,0.0,-116.3956439124189,-0.1454946667249692,-0.1939928889666256,0.0,0.1939928889666256,19.399288896662597,-3.8798577793325117,96.80236212678972,96.80236212678972,-19.399288896662558,540.0416590056149,-96.80236212678972,38.798577793325116,0.2909893334499384,-1000.0,19.399288896662558,-333.3333333333333,0.0,-38.798577793325116,0.0969964444833128,1.9399288896662559,112.48806903172765,38.798577793325116,-0.1939928889666256,-43.64840001749087,-0.4073850668296821,60.13779557965393,0.1939928889666256,30.88366792348593,-232.7914667599507,0.0,-0.1939928889666256,-0.0484982222416564,0.0,-0.1939928889666256,-4.287242846162144,0.1939928889665119,-0.0484982222416564,-0.0484982222416564,-0.0484982222416564,77.59715558665023,96.99644448331279,1.9399288896662559,406.6733015524444,-0.0484982222416564,224.9761380634553,9.699644448331279,11.84326587141235,0.1939928889666256,0.0969964444833128,0.0969964444833128,-25.922862571216175,0.0,0.1939928889666256,0.0,1.9399288896662554,0.1939928889666256,-932.5709414310365,0.1939928889666256,0.7759715558658526,0.9699644448324989,0.0969964444833128,0.0484982222416564,58.19786668998768,-0.1939928889666256,1000.0,1.9399288896662559,-813.3466031048888,4.849822224165621,-19.399288896662597,38.798577793325116,9.699644448331279,-0.1939928889666256,0.0,0.2909893334499384,-0.1939928889666256,51.84572514243235,0.0,403.96919495604567,0.0969964444833128,-23.6865317428247,-0.1939928889666256,-0.1939928889665119,-0.1939928889666256,0.0969964444833128,661.5157513761933,-38.798577793325116,0.1939928889666256,224.9761380634553,-0.0484982222416564,-0.21339217786329034,-224.9761380634553,29.098933344993835,116.3956439124189,551.9712455855745,661.5157513761933,-0.1454946667249692,43.64840001749087,-38.798577793325116,0.1939928889666256,-0.0484982222416564,9.699644448331279,193.99288896662557,-0.0969964444833128,-0.1939928889666256,0.0484982222416564,299.8451194394934,0.0,999.9030035555166,525.8976398785921,-372.46103508987574,0.0,420.010186977786,-1000.0,0.0,-122.07140107273915,609.6998885725641,-892.1351832673126,0.0,61.035700536369575,186.23051754493787,-304.84994428628204,0.0,500.0,0.0,-322.3179073956041,0.0,892.1351832673126,-322.3179073956041,-420.010186977786,316.70118242053707,0.0,1496.5981,bhi
410,0.0,0.0,0.0,0.0,0.0,0.0,0.0,0.0,461.2053563222786,0.0,0.0,0.0,0.0,0.0,0.0,0.0,78.24762914324123,-385.46928461597884,0.0,0.0,0.0,0.0,0.0,0.0,0.0,170.56193102940279,0.0,0.0,0.0,-944.7720929576678,0.0,0.0,657.3573075288564,0.0,0.0,0.0,0.0,937.4307425128125,0.0,-1000.0,992.144876604434,0.0,0.0,0.0,0.0,0.0,43.50686851460035,0.0,807.2653576920106,0.0,0.0,0.0,0.0,0.1305656505956634,0.0,0.0,0.0,23.739209199211306,0.0,0.0,31.328458181026917,0.0,624.2948724453781,530.2784607311678,0.0,0.0,0.0,0.0,0.0,0.0,0.0,1.1869604599605654,0.0,0.0,0.0,0.0,0.0,0.0,0.0,0.0,0.0,0.0,0.0,0.0,71.21762759763392,0.0,0.0,-1000.0,684.6117493971849,0.0,913.2175826760152,0.0,0.0,-334.74017672310873,35.60881379881696,0.0,35.60881379881696,0.0,0.0,0.0,0.0,5.9348022998028265,-944.7720929576678,0.0,0.0,-334.74017672310873,0.0,897.4254318995809,0.0,0.0,0.0,0.0,0.0,0.0,0.0,0.0,0.0,0.0,0.0,0.0,0.0,0.0,0.0,0.0,-870.3013195106867,0.0,0.0,35.60881379881696,0.0,36.79577425877753,0.0,0.0,-853.5063145746584,853.5063145746584,0.0,0.0,0.0,-578.1250000000786,578.1250000000786,-125.34486989523752,0.0,0.0,0.0,0.0,0.0,9.13959554169639,0.11869604599605653,913.2472566875142,0.0,0.0,-838.9525583690494,838.9525583690494,0.0,0.0,0.0,0.0,1000.0,0.0,0.0,0.0,0.0,0.0,226.70188840885328,226.70188840885328,0.0,0.0,0.0,359.375,0.0,0.0,0.0,226.82058445484932,0.0,0.0,0.0,1000.0,0.0,0.0,0.0,0.0,0.0,0.0,0.0,0.0,0.0,0.0,-1000.0,0.0,0.0,0.0,0.0,-163.90248748039667,0.0,0.0,0.0,0.0,0.0,0.0,0.0,192.73464230798942,-192.73464230798942,0.0,0.0,0.0,0.0,0.0,0.0,0.0,0.0,-1000.0,0.0,0.0,0.0,0.0,0.0,0.0,0.0,0.0,0.0,0.0,0.0,0.0,0.0,0.0,23.485767881455892,59.25910612241597,0.0,0.0,0.0,125.34486989523752,0.0,0.0,0.0,0.0,0.0,31.328458181026917,59.25910612241597,0.0,0.0,0.0,0.0,0.0,0.0,0.0,0.0,3.8220126810717203,0.0,0.0,0.0,78.06958507424713,569.9466921634421,0.0,0.0,-59.25910612241597,0.0,0.0,125.34486989523752,1000.0,0.0,0.0,0.0,-53.744206467381446,0.0,0.0,-245.57081531236676,0.0,-216.7405363816265,-28.830278930740292,-216.7405363816265,0.0,877.3463917051744,0.0,0.0,0.0,0.0,331.1619683289977,0.0,0.0,0.0,-81.47698195955832,0.0,81.47698195955832,0.0,270.0900608774576,0.0,125.34486989523752,-1000.0,359.375,0.0,0.0,31.328458181026917,-0.1780440689940848,0.0,0.0,0.0,0.0,0.11869604599605653,0.0,0.0,0.0,124.47166100050799,78.24762914324123,0.0,-918.051892757933,177.79552534692812,0.0,1000.0,0.0,1000.0,0.0,-334.74017672310873,0.0,0.0,0.0,-10.219729560260467,0.0,-989.7802704397395,-1000.0,-1000.0,0.0,0.0,0.0,0.0,0.0,0.0,0.0,0.0,0.0,0.0,0.0,0.0,0.0,0.0,0.0,0.0,0.0,433.382829607285,0.0,-504.5226970895117,0.0,0.0,0.0,359.1989026483871,278.2954458911712,831.4672401258129,-12.961608222768112,0.0,0.0,0.0,0.0,0.0,0.0,708.2317553250084,-1000.0,512.8731667644249,0.0,0.0,-804.3359862855729,288.126170591881,541.8298739141683,-708.2317553250084,814.4657463760036,1000.0,-515.8405679143264,798.40118398577,-262.5278985462113,0.0,0.0,-917.5824262818329,-327.8421696879118,35.60881379881696,0.0,0.0,0.0,0.0,0.0,461.32405236827464,0.0,0.0,0.0,0.0,1000.0,0.0,0.0,0.0,0.0,0.0,0.0,0.0,0.0,-62.6879535331837,0.0,0.0,27.75369040325097,0.0,0.0,0.0,0.0,-12.123045917361083,0.23739209199215233,0.0,0.0,0.0,0.0,0.0,0.0,0.0,0.0,0.0,0.0,0.0,0.0,0.0,0.0,0.0,0.0,0.0,0.0,0.0,0.1305656505956634,0.1305656505956634,0.0,410.68565737333955,0.0,71.21762759763392,0.0,0.0,0.0,1000.0,0.0,0.0,0.0,0.0,0.0,1000.0,-1000.0,0.0,0.0,0.0,0.0,0.0,27.75369040325097,0.0,0.0,0.0,0.0,0.0,0.0,0.0,290.10043983689553,-124.47166100050799,0.0,0.0,9.13959554169639,0.0,0.0,-334.74017672310873,-334.74017672310873,0.0,1000.0,0.0,987.8769540826389,0.0,0.0,0.0,0.0,0.0,0.0,0.0,0.0,0.0,0.0,0.0,0.0,0.0,0.0,0.0,0.0,0.0,71.21762759763392,125.34486989523752,125.34486989523752,0.0,0.0,0.0,0.0,0.0,0.0,0.0,0.0,0.0,0.0,1.1869604599605654,0.0,0.0,0.0,0.0,0.0,0.0,0.0,0.0,35.60881379881696,0.0,0.0,0.0,0.0,0.0,0.0,0.0,0.0,0.0,0.0,1000.0,352.4263886568822,0.0,35.60881379881696,35.60881379881696,1000.0,-1000.0,0.0,27.75369040325097,0.0,0.0,0.0,0.0,0.0,944.7720929576678,0.0,1000.0,0.11869604599605653,0.0,0.0,0.0,156.7550853157921,0.0,0.0,334.74017672310873,0.0,0.0,0.0,0.0,0.0,0.0,0.0,0.0,0.0,0.0,0.0,0.0,0.0,0.0,0.11869604599605653,0.0,0.0,0.0,0.0,0.0,0.0,0.0,0.0,0.0,0.0,556.1769115301123,0.0,-569.1385197528804,-937.9055266967966,-8.90220344970424,-5.934802299802821,0.0,0.0,0.0,0.0,0.0,0.0,0.0,0.0,0.0,0.0,0.0,0.0,125.34486989523752,0.0,0.0,0.0,-321.907367388109,0.0,0.0,0.0,461.2053563222786,0.0,0.0,0.11869604599605653,0.0,0.11869604599605653,0.0,0.0,0.0,71.21762759763392,144.80917611518896,144.80917611518896,0.0,0.0,0.0,0.0,0.0,0.0,0.0,0.0,0.0,0.0,0.0,0.0,0.0,0.0,0.0,0.0,0.0,0.0,0.0,0.0,0.0,0.0,0.0,0.0,0.0,0.0,0.0,0.0,0.0,-1000.0,1000.0,0.1780440689940848,0.0,0.0,0.0,-35.60881379881696,0.0,0.0,0.0,0.0,0.0,-410.68565737333955,5.9348022998028265,0.0,0.0,0.0,-359.375,0.0,-5.934802299802821,0.0,0.0,0.0,0.0,0.0,0.0,0.0,0.0,125.34486989523752,0.0,0.0,652.0186343807123,410.68565737333955,0.0,14.83700574950706,-334.74017672310873,0.0,-18.896410522570932,569.1385197528804,-550.2421092303094,0.0,855.190823884811,0.0,5.934802299802821,1000.0,0.0,0.0,0.0,-62.6879535331837,0.0,0.0,0.0,0.0,0.0,0.0,0.0,0.0,0.0,991.0977965502958,-8.902203449704189,144.80917611518896,0.0,0.0,0.0,0.0,0.0,0.0,0.0,0.0,0.0,3.8220126810717203,0.0,0.0,428.49006427274804,-156.7550853157921,-1000.0,0.0,35.60881379881696,0.0,0.0,0.0,0.0,189.5208099928955,0.0,0.0,0.1305656505956634,0.0,0.0,0.0,72.40458805759448,0.0,0.0,0.0,0.0,23.485767881455892,0.0,0.0,0.0,0.0,0.0,0.0,0.0,0.0,0.0,0.0,0.011869604599605654,0.011869604599605654,0.0,0.0,0.0,0.0,0.0,0.0,0.0,0.0,0.0,0.0,0.0,0.0,0.0,0.0,0.0,410.68565737333955,0.0,0.0,0.0,0.0,0.0,0.0,0.0,0.0,0.0,0.0,0.0,0.0,0.0,963.7606159784931,-385.46928461597884,0.0,0.0,0.0,71.21762759763392,0.0,0.0,0.0,0.0,0.0,0.0,-71.21762759763392,0.0,0.0,0.0,0.0,0.0,0.0,0.0,0.0,0.0,0.0,0.0,0.0,-1000.0,-1000.0,81.30679150729874,0.0,-35.60881379881696,0.0,937.4307425128125,0.0,0.0,0.0,0.0,0.0,0.0,0.0,0.0,0.0,367.1875,0.0,-367.1875,-367.1875,0.0,0.0,0.0,0.0,-14.83700574950706,125.34486989523752,-8.90220344970424,0.0,0.0,0.0,0.0,0.0,0.0,0.0,-1.4837005749507066,62.6879535331837,0.0,0.0,0.0,0.0,0.0,0.0,0.0,1000.0,35.60881379881696,35.60881379881696,0.0,0.0,0.0,0.0,0.0,0.1305656505956634,410.68565737333955,0.0,0.0,-937.4307425128125,0.0,0.0,0.0,0.0,0.0,0.0,0.0,0.0,0.0,0.0,0.0,0.0,0.0,0.0,414.7190344852986,0.0,0.0,0.0,0.0,124.63084829585937,9.13959554169639,0.0,0.0,0.0,0.0,0.0,410.68565737333955,0.0,0.0,0.0,0.0,0.0,-14.83700574950706,0.0,0.0,0.0,0.0,0.0,0.0,0.0,0.0,0.0,0.0,0.0,0.0,0.0,0.0,0.0,0.0,0.0,0.0,-0.11869604599605653,0.0,0.0,5.9348022998028265,-1000.0,0.0,0.0,0.0,0.0,125.34486989523752,0.0,0.0,0.0,10.219729560260467,2.9674011499014132,0.0,0.0,170.56193102940279,0.11869604599605653,0.0,118.69604599605653,-36.79577425877752,23.739209199211306,0.8478288999718323,331.1619683289977,-0.0890220344970424,185.5342536239964,2.373920919921131,-0.5934802299802868,-331.1619683289977,35.60881379881696,-0.11869604599605653,111.5800589077029,27.75369040325097,0.029674011499014132,0.8478288999718323,-334.74017672310873,-18.896410522570932,-2.373920919921131,307.2216554727376,-0.11869604599605657,0.029674011499014132,-331.1619683289977,897.1880398075888,0.11869604599605653,0.11869604599605653,-410.43639567674785,0.1305656505956622,0.0,-0.0890220344970424,35.60881379881696,0.11869604599605653,35.60881379881696,-59.34802299802827,-0.059348022998028264,-330.51964655378254,-11.98830064560171,-0.0890220344970424,-0.11869604599605653,-36.79577425877752,0.11869604599605653,11.869604599605653,-2.373920919921131,0.0,0.0,-11.869604599605623,-307.2216554727376,0.0,23.739209199211306,0.1780440689940848,-1000.0,11.869604599605653,-290.10043983689553,27.75369040325097,-23.739209199211306,0.059348022998028264,1.1869604599605654,229.51297318948326,434.42486657255085,-0.11869604599605653,-437.39226772245223,410.43639567674785,36.79577425877753,0.11869604599605653,18.896410522570932,-1000.0,27.75369040325097,-0.11869604599605653,-0.029674011499014132,-27.75369040325097,-0.11869604599605653,-12.123045917361067,0.11869604599607442,-0.029674011499014132,-0.029674011499014132,-0.029674011499014132,47.47841839842261,59.34802299802827,1.1869604599605654,87.93893307732793,-0.029674011499014132,347.44588747126363,5.9348022998028265,11.996325258483367,0.11869604599605653,0.059348022998028264,0.059348022998028264,-36.925985146387625,36.79577425877752,0.11869604599605653,-36.79577425877752,1.1869604599605654,0.11869604599605653,-87.93893307732793,0.11869604599605653,0.47478418398434397,0.5934802299802868,0.059348022998028264,0.029674011499014132,35.60881379881696,-0.11869604599605653,0.0,1.1869604599605654,-175.87786615465586,182.566852474095,-11.869604599605653,23.739209199211306,5.9348022998028265,-0.11869604599605653,334.74017672310873,0.1780440689940848,-0.11869604599605653,73.85197029277525,36.79577425877752,31.831843779509313,0.059348022998028264,-23.992650516966734,-0.11869604599605653,-0.11869604599607442,-0.11869604599605653,0.059348022998028264,331.1619683289977,-23.739209199211306,0.11869604599605653,459.0259463789665,-0.029674011499014132,-0.1305656505956622,-459.0259463789665,17.804406899408477,11.98830064560171,-75.13314146167704,331.1619683289977,-0.0890220344970424,437.39226772245223,-434.42486657255085,0.11869604599605653,-0.02967401149901413,5.934802299802821,118.69604599605653,-0.059348022998028264,-0.11869604599605653,0.029674011499014132,1000.0,0.0,122.59426027182761,0.0,-314.3082806287398,0.0,89.11628851944644,-994.720666868478,885.3184352079832,813.1835751573717,-688.9990324761027,-38.576214948718366,-877.3463917051744,-406.59178757868585,157.15414031436987,344.49951623805134,-885.3184352079832,497.360333434239,-410.68565737333955,-221.3526537724048,877.3463917051744,38.576214948718366,-221.3526537724048,-89.11628851944644,538.6233419599204,0.0,1496.5981,bhi
411,0.0,0.0,0.0,0.0,0.0,0.0,0.0,0.0,-0.15092215474879528,0.0,0.0,0.0,0.0,0.0,0.0,0.0,222.41310516729442,144.01074947104644,0.0,0.0,0.0,0.0,0.0,770.2964804723338,0.0,0.0,0.0,0.0,0.0,-982.9030352362076,0.0,0.0,53.978655459251684,0.0,0.0,0.0,0.0,973.5684999649953,0.0,-1000.0,-382.1720419495591,0.0,0.0,1000.0,0.0,0.0,546.521967668723,0.0,-239.51006993108672,0.0,0.0,0.0,0.0,0.1660143702233654,0.0,0.0,0.0,0.0,0.0,0.0,-13.2912110948767,0.0,0.0,-13.2912110948767,0.0,0.0,0.0,0.0,196.20192796605178,-196.20192796605178,0.0,1.509221547487953,0.0,0.0,0.0,0.0,0.0,0.0,0.0,0.0,0.0,0.0,0.0,0.0,90.55329284927717,0.0,0.0,246.15567547852493,-605.2568205031133,742.6219644267214,721.6666017835302,0.0,0.0,-197.06942884808134,45.276646424638585,0.0,87.31322742607374,0.0,0.0,0.0,0.0,767.2135639370058,-982.9030352362076,0.0,0.0,-333.71994442258676,0.0,0.0,0.0,0.0,0.0,0.0,0.0,0.0,0.0,0.0,0.0,0.0,0.0,0.0,0.0,0.0,0.0,0.0,-599.3465344186377,0.0,0.0,87.31322742607374,0.0,46.78586797212654,0.0,0.0,64.74100532238663,-913.5075892080131,848.7665838856265,-848.7665838856265,0.0,0.0,0.0,0.0,0.0,0.0,0.0,0.0,0.0,11.621005915657179,0.15092215474879528,721.7043323222174,0.0,0.0,0.0,-1000.0,0.0,0.0,0.0,0.0,871.5805823200129,0.0,0.0,0.0,0.0,0.0,-93.2510752428676,-93.2510752428676,0.0,0.0,0.0,0.0,0.0,0.0,0.0,-93.1001530881188,0.0,0.0,0.0,0.0,-342.9849655428232,0.0,0.0,0.0,0.0,0.0,0.0,0.0,0.0,0.0,-1000.0,0.0,0.0,0.0,0.0,-1000.0,0.0,0.0,0.0,0.0,0.0,0.0,0.0,-137.36514392360812,137.36514392360812,0.0,0.0,0.0,0.0,0.0,0.0,0.0,0.0,-18.865269343599444,0.0,0.0,0.0,0.0,0.0,0.0,0.0,0.0,0.0,0.0,0.0,0.0,0.0,0.0,473.8519940401519,1000.0,0.0,0.0,0.0,0.0,0.0,0.0,0.0,0.0,0.0,-13.2912110948767,0.0,0.0,0.0,332.0228837073839,0.0,0.0,0.0,0.0,0.0,655.5983546824294,30.184430949759054,42.03658100143515,0.0,459.9917760644104,-7.899900515095055,-130.7195383761699,0.0,-1000.0,0.0,0.0,0.0,184.12502879353025,0.0,0.0,0.0,-15.210437829432408,0.0,0.0,0.0,0.0,690.1091237631289,-690.1091237631289,690.1091237631289,0.0,-742.6219644267214,0.0,0.0,0.0,0.0,421.07281174913885,0.0,0.0,0.0,83.20460354075895,0.0,-83.20460354075895,0.0,453.11997027110664,0.0,0.0,0.0,0.0,0.0,0.0,-13.2912110948767,-0.22638323212319292,0.0,0.0,0.0,0.0,0.15092215474879528,0.0,0.0,0.0,257.0884178914968,222.41310516729442,0.0,-222.47996294839118,149.9235969123298,342.9849655428232,-530.7847956747638,0.0,1000.0,0.0,-333.71994442258676,0.0,0.0,0.0,-12.994397523870962,12.994397523870962,-1000.0,-1000.0,-342.2760602284003,0.0,0.0,0.0,0.0,0.0,0.0,0.0,0.0,0.0,0.0,0.0,0.0,0.0,0.0,0.0,0.0,332.0228837073839,-25.82781141600958,0.0,-1000.0,0.0,0.0,650.7386612995198,0.0,0.0,0.0,-667.2193605980866,0.0,0.0,0.0,312.63422548328106,759.667456199566,-209.19632548992274,0.0,166.48962051252053,0.0,0.0,-1000.0,0.0,484.14909314746603,0.0,0.0,-553.8694563497434,-887.5377581821423,-3.773053868719882,-7.546107737439764,24.85607423281615,0.0,943.7212087577633,852.6144745949172,-787.2694464051957,87.31322742607374,0.0,0.0,0.0,0.0,0.0,0.0,0.0,0.0,0.0,0.0,-123.0062474833747,0.0,0.0,0.0,0.0,0.0,0.0,0.0,0.0,-26.5824221897534,0.0,0.0,235.92598115127842,0.0,0.0,0.0,0.0,-613.4612333859219,0.3018443094979375,0.0,0.0,0.0,0.0,0.0,0.0,0.0,0.0,0.0,0.0,0.0,0.0,0.0,0.0,0.0,0.0,0.0,0.0,0.0,0.1660143702233654,0.1660143702233654,0.0,103.174404372911,0.0,90.55329284927717,0.0,0.0,0.0,1000.0,0.0,0.0,0.0,0.0,0.0,436.4069954616585,-1000.0,0.0,0.0,155.51578491810486,0.0,0.0,235.92598115127842,0.0,0.0,0.0,0.0,0.0,0.0,0.0,199.7821781395459,-257.0884178914968,1000.0,0.0,11.621005915657179,0.0,0.0,-197.06942884808134,-197.06942884808134,0.0,436.4069954616585,0.0,-177.05423792426342,0.0,0.0,0.0,0.0,0.0,0.0,0.0,0.0,0.0,0.0,0.0,0.0,0.0,0.0,0.0,0.0,0.0,90.55329284927717,0.0,0.0,0.0,0.0,0.0,0.0,0.0,0.0,0.0,0.0,0.0,0.0,1.509221547487953,0.0,0.0,0.0,0.0,0.0,0.0,0.0,0.0,87.31322742607374,-155.51578491810486,0.0,0.0,0.0,0.0,0.0,0.0,0.0,0.0,0.0,1000.0,0.0,0.0,45.276646424638585,45.276646424638585,1000.0,-1000.0,0.0,235.92598115127842,0.0,0.0,0.0,0.0,0.0,982.9030352362076,0.0,1000.0,0.15092215474879528,0.0,0.0,0.0,199.31426565360545,0.0,0.0,197.06942884808134,0.0,0.0,0.0,0.0,0.0,0.0,0.0,0.0,0.0,0.0,0.0,0.0,0.0,0.0,0.15092215474879528,0.0,0.0,0.0,0.0,0.0,0.0,0.0,0.0,0.0,0.0,0.0,0.0,0.0,-990.6528878825573,-11.319161606159646,-7.546107737439797,0.0,0.0,0.0,0.0,0.0,0.0,0.0,0.0,0.0,0.0,0.0,0.0,0.0,342.9849655428232,0.0,0.0,163.9978700900073,0.0,0.0,0.0,-0.15092215474879528,0.0,0.0,0.15092215474879528,0.0,0.15092215474879528,0.0,0.0,0.0,90.55329284927717,184.12502879353025,184.12502879353025,0.0,0.0,0.0,0.0,0.0,0.0,0.0,1000.0,0.0,0.0,0.0,0.0,0.0,0.0,0.0,0.0,0.0,0.0,0.0,0.0,0.0,0.0,0.0,0.0,0.0,0.0,0.0,0.0,0.0,-143.74916275796613,143.74916275796613,0.22638323212319292,0.0,0.0,0.0,-87.31322742607374,0.0,0.0,0.0,0.0,0.0,-103.174404372911,7.546107737439764,0.0,0.0,0.0,0.0,0.0,1000.0,0.0,0.0,0.0,0.0,0.0,0.0,0.0,0.0,0.0,0.0,155.51578491810486,300.666986473665,103.174404372911,0.0,1000.0,-333.71994442258676,16.480699298566833,332.7806394019134,0.0,-349.2613387004802,0.0,0.0,0.0,7.546107737439797,1000.0,0.0,254.55116293928447,0.0,-26.5824221897534,0.0,0.0,0.0,0.0,0.0,0.0,0.0,0.0,0.0,1000.0,-22.638323212319392,184.12502879353025,0.0,0.0,0.0,0.0,0.0,0.0,0.0,0.0,0.0,655.5983546824294,0.0,0.0,114.49356597907064,-199.31426565360545,44.480563897906734,0.0,45.276646424638585,0.0,0.0,0.0,0.0,-89.91939697771903,0.0,0.0,0.1660143702233654,0.0,0.0,0.0,92.06251439676512,0.0,0.0,0.0,0.0,473.8519940401519,0.0,0.0,0.0,0.0,0.0,0.0,0.0,0.0,-1000.0,0.0,0.015092215474879822,0.015092215474879822,0.0,0.0,0.0,0.0,0.0,0.0,0.0,0.0,0.0,0.0,0.0,0.0,0.0,0.0,0.0,103.174404372911,0.0,0.0,0.0,0.0,0.0,0.0,0.0,0.0,0.0,0.0,0.0,0.0,0.0,205.316140403502,144.01074947104644,0.0,0.0,0.0,90.55329284927717,0.0,0.0,0.0,0.0,0.0,273.9383106483247,-364.4916034976019,0.0,0.0,0.0,0.0,0.0,0.0,0.0,0.0,0.0,0.0,0.0,0.0,-342.2760602284003,-1000.0,103.38167600292479,0.0,-87.31322742607374,0.0,973.5684999649953,0.0,0.0,0.0,0.0,0.0,0.0,0.0,0.0,0.0,0.0,0.0,0.0,0.0,0.0,0.0,0.0,0.0,-18.865269343599444,0.0,-770.9866178057257,11.319161606159696,0.0,0.0,0.0,0.0,0.0,0.0,-1.8865269343599413,26.5824221897534,0.0,0.0,0.0,0.0,0.0,0.0,0.0,1000.0,45.276646424638585,45.276646424638585,0.0,0.0,0.0,0.0,0.0,0.1660143702233654,103.174404372911,0.0,0.0,-973.5684999649953,0.0,0.0,0.0,0.0,0.0,0.0,0.0,0.0,0.0,0.0,0.0,0.0,0.0,0.0,71.87458137898307,0.0,0.0,0.0,0.0,158.46826248623506,11.621005915657179,0.0,0.0,0.0,0.0,0.0,103.174404372911,0.0,-356.80744643792,0.0,0.0,0.0,-18.865269343599444,0.0,0.0,0.0,0.0,0.0,0.0,0.0,0.0,0.0,0.0,0.0,0.0,0.0,0.0,0.0,0.0,0.0,0.0,-0.15092215474879528,0.0,0.0,7.546107737439764,-436.4069954616585,0.0,0.0,0.0,0.0,0.0,0.0,0.0,0.0,12.994397523870962,3.773053868719882,0.0,0.0,0.0,0.15092215474879528,0.0,150.92215474879526,-46.78586797212654,30.184430949759054,1.0780153910628234,421.07281174913885,-0.11319161606159646,387.3798358372228,3.018443094975906,-0.7546107737438206,-421.07281174913885,45.276646424638585,-0.15092215474879528,111.23998147419559,235.92598115127842,0.03773053868719882,1.0780153910628234,-333.71994442258676,-24.02680703600663,-3.018443094975906,-366.42385463834086,-0.15092215474879528,0.03773053868719882,-421.07281174913885,15.092215474879527,0.15092215474879528,0.15092215474879528,-102.85746784793884,0.1660143702236751,0.0,-0.11319161606159646,45.276646424638585,0.15092215474879528,87.31322742607374,-33.42449637296248,-0.07546107737439764,-204.1406934748394,-15.243137629628322,-0.11319161606159646,-0.15092215474879528,-46.78586797212654,0.15092215474879528,15.092215474879527,-3.018443094975906,0.0,0.0,-15.092215474879527,366.42385463834086,0.0,30.184430949759054,0.22638323212319292,683.2464542439665,15.092215474879527,-199.7821781395459,235.92598115127842,-30.184430949759054,0.07546107737439764,1.509221547487953,55.619990737097794,133.35883532267005,-0.15092215474879528,-137.13188919139003,102.85746784793884,46.78586797212654,0.15092215474879528,24.02680703600663,12.782814451289095,235.92598115127842,-0.15092215474879528,-0.03773053868719882,-235.92598115127842,-0.15092215474879528,-613.4612333859219,0.15092215474884385,-0.03773053868719882,-0.03773053868719882,-0.03773053868719882,60.36886189951811,33.42449637296248,1.509221547487953,364.2229065482537,-0.03773053868719882,0.0,7.546107737439764,314.2767244304007,0.15092215474879528,0.07546107737439764,0.07546107737439764,133.05520605051873,46.78586797212654,0.15092215474879528,-46.78586797212654,1.509221547487953,0.15092215474879528,-869.0398168457359,0.15092215474879528,0.6036886189950792,0.7546107737438206,0.07546107737439764,0.03773053868719882,45.276646424638585,-0.15092215474879528,0.0,1.509221547487953,-728.4458130965074,383.6067819685029,-15.092215474879527,30.184430949759054,7.546107737439764,-0.15092215474879528,333.71994442258676,0.22638323212319292,-0.15092215474879528,-266.11041210103747,46.78586797212654,448.5578319271916,0.07546107737439764,-628.5534488608014,-0.15092215474879528,-0.15092215474884385,-0.15092215474879528,0.07546107737439764,421.07281174913885,-30.184430949759054,0.15092215474879528,111.23998147419559,-0.03773053868719882,-0.1660143702236751,-111.23998147419559,22.63832321231929,15.243137629628322,-689.0758357705824,421.07281174913885,-0.11319161606159646,137.13188919139003,-133.35883532267005,0.15092215474879528,-0.03773053868719882,320.18033322072085,150.92215474879526,-0.07546107737439764,-0.15092215474879528,0.03773053868719882,1000.0,0.0,-683.3219153213408,504.8169102974822,-456.2872048067968,0.0,-189.8192106220995,-391.03397950178646,0.0,696.7348024997877,426.5417609562024,-30.184430949758962,0.0,-348.3674012498939,228.14360240339838,-213.2708804781012,0.0,195.51698975089326,-103.174404372911,-358.6384349494726,0.0,30.184430949758962,-358.6384349494726,189.8192106220995,-108.84712027413406,0.0,1496.5981,bhi
412,0.0,0.0,0.0,0.0,0.0,0.0,0.0,0.0,318.1219484366606,0.0,0.0,0.0,0.0,0.0,0.0,0.0,-500.0,268.75649875152493,0.0,0.0,0.0,0.0,0.0,0.0,0.0,0.0,0.0,0.0,0.0,-910.246061640687,101.6712460153184,-101.6712460153184,631.1475445436862,0.0,0.0,0.0,0.0,49.11988049239369,0.0,-1000.0,978.700489406243,0.0,-500.06117130828136,410.246061640687,0.0,0.0,0.0,0.0,0.0,0.0,0.0,-499.93882869171864,0.0,0.07809820551028679,0.0,0.0,0.0,0.0,0.0,0.0,24.622793824810486,0.0,0.0,-169.67460266117476,0.0,0.0,0.0,0.0,234.41762134817648,0.0,0.0,0.709983686458566,0.0,0.0,0.0,0.0,0.0,0.0,0.0,0.0,0.0,0.0,-11.527948540921512,0.0,42.599021187513955,0.0,0.0,-339.2575358740481,0.0,892.0924629273959,647.9650441017391,0.0,0.0,292.52321682255644,21.299510593756978,0.0,21.299510593756978,-103.95739348571523,0.0,0.0,0.0,133.47965160424414,-910.246061640687,0.0,0.0,-312.69699404377053,0.0,0.0,0.0,0.0,0.0,0.0,0.0,0.0,0.0,0.0,0.0,0.0,0.0,0.0,0.0,0.0,0.0,0.0,-745.3600399863705,0.0,0.0,21.299510593756978,0.0,22.00949428021554,22.00949428021554,0.0,-279.6160734465225,279.6160734465225,0.0,0.0,-194.29739648598525,0.0,0.0,0.0,0.0,0.0,0.0,0.0,0.0,16.994822926652503,0.0709983686458566,647.9827936939005,0.0,0.0,-843.9336637335492,0.0,0.0,0.0,11.527948540921512,0.0,644.4510662244203,0.0,0.0,0.0,0.0,0.0,-434.9037513349075,-434.9037513349075,0.0,0.0,0.0,0.0,1000.0,0.0,0.0,-333.16150695094325,0.0,0.0,0.0,742.3171514366181,0.0,0.0,0.0,0.0,0.0,0.0,0.0,0.0,0.0,0.0,0.0,0.0,0.0,0.0,0.0,-1000.0,0.0,0.0,0.0,0.0,0.0,0.0,1000.0,-108.07520593385425,108.07520593385425,194.29739648598525,0.0,0.0,0.0,0.0,0.0,0.0,0.0,-1000.0,0.0,0.0,0.0,0.0,0.0,0.0,0.0,0.0,0.0,0.0,0.0,0.0,0.0,569.6207662702257,870.9867307834513,410.246061640687,0.0,0.0,0.0,0.0,98.22582033657119,0.0,0.0,0.0,0.0,24.622793824810486,0.0,101.6712460153184,0.0,0.0,0.0,0.0,0.0,0.0,0.0,0.0,14.19967372917132,0.0,0.0,391.9859653744271,0.0,552.6672581920977,0.0,-410.246061640687,0.0,0.0,194.29739648598525,471.13122987111353,0.0,0.0,0.0,-88.86645875123975,0.0,0.0,-775.2999222388815,0.0,0.0,-775.2999222388815,0.0,0.0,-108.07520593385425,0.0,0.0,0.0,0.0,-50.41877974018547,0.0,0.0,0.0,-1000.0,0.0,1000.0,0.0,-333.30350368823497,0.0,0.0,-312.69699404377053,0.0,0.0,0.0,24.622793824810486,-0.1064975529687849,0.0,0.0,0.0,0.0,0.0709983686458566,0.0,0.0,0.0,686.1772725836865,-500.0,0.0,-641.25442536503,567.1957175952384,0.0,1000.0,0.0,0.0,0.0,-312.69699404377053,0.0,0.0,0.0,-6.112959540408097,816.3455408848815,-810.2325813444735,-1000.0,-1000.0,0.0,0.0,0.0,0.0,0.0,0.0,0.0,0.0,0.0,0.0,0.0,0.0,0.0,0.0,0.0,0.0,0.0,-631.5703688326635,0.0,-1000.0,11.527948540921512,319.0257572003594,0.0,0.0,0.0,0.0,84.6764230886659,0.0,0.0,0.0,0.0,129.9297331719513,-1000.0,734.2886224147053,0.0,-648.7007747206729,-50.76316223305798,897.014591939857,704.0801199683633,290.7559474300282,423.8773305327993,-734.2886224147053,-411.2437253422026,1000.0,646.9258155045266,-707.6300384006562,-144.51490503931313,0.0,0.0,-788.825333099192,-200.32611124360082,21.299510593756978,0.0,0.0,0.0,263.2113730881065,0.0,318.19294680530646,0.0,-569.6207662702257,569.6207662702257,569.6207662702257,933.6104899822396,0.0,0.0,0.0,0.0,0.0,0.0,0.0,0.0,-145.05180883636427,0.0,0.0,0.0,0.0,0.0,0.0,0.0,5.753556456145175,0.1419967372917199,0.0,0.0,0.0,0.0,0.0,0.0,0.0,0.0,0.0,234.41762134817648,0.0,0.0,0.0,0.0,0.0,0.0,0.0,0.0,0.0,0.07809820551028679,0.07809820551028679,101.6712460153184,56.59898135413259,0.0,42.599021187513955,0.0,0.0,0.0,1000.0,0.0,0.0,0.0,0.0,0.0,1000.0,-1000.0,0.0,0.0,0.0,0.0,0.0,0.0,0.0,0.0,0.0,0.0,0.0,0.0,0.0,248.4533466621235,-686.1772725836865,843.9336637335492,342.7289403239341,5.466874385730989,0.0,0.0,292.52321682255644,0.0,0.0,1000.0,0.0,1000.0,5.753556456145175,0.0,0.0,569.6207662702257,0.0,0.0,0.0,0.0,0.0,0.0,0.0,0.0,0.0,0.0,0.0,0.0,0.0,42.599021187513955,194.29739648598525,194.29739648598525,0.0,0.0,0.0,0.0,0.0,0.0,0.0,0.0,0.0,0.0,0.709983686458566,0.0,101.6712460153184,0.0,0.0,101.6712460153184,1000.0,0.0,0.0,21.299510593756978,0.0,0.0,0.0,0.0,342.7289403239341,0.0,0.0,0.0,0.0,0.0,594.2439832174806,-318.0733354497053,0.0,21.299510593756978,21.299510593756978,820.8591939236459,-1000.0,0.0,0.0,0.0,0.0,0.0,0.0,0.0,910.246061640687,0.0,1000.0,0.0709983686458566,0.0,0.0,0.0,5.725511300083721,0.0,0.0,-292.52321682255644,0.0,0.0,0.0,0.0,0.0,0.0,0.0,0.0,0.0,0.0,0.0,0.0,0.0,0.0,0.0709983686458566,0.0,0.0,0.0,446.508436046303,-446.508436046303,0.0,0.0,0.0,319.0257572003594,0.0,84.6764230886659,0.0,0.0,-368.42963116733654,-5.324877648439244,0.0,-3.54991843229283,0.0,0.0,0.0,0.0,0.0,0.0,0.0,0.0,0.0,0.0,0.0,194.29739648598525,0.0,0.0,0.0,-196.776192811308,0.0,0.0,0.0,318.1219484366606,0.0,0.0,0.0709983686458566,0.0,0.0709983686458566,0.0,0.0,0.0,42.599021187513955,86.61800974794505,86.61800974794505,0.0,0.0,0.0,0.0,0.0,0.0,0.0,843.9336637335492,0.0,0.0,0.0,0.0,0.0,0.0,0.0,0.0,0.0,0.0,0.0,0.0,0.0,0.0,0.0,0.0,0.0,0.0,0.0,292.52321682255644,0.0,0.0,0.0,0.1064975529687849,0.0,0.0,0.0,-21.299510593756978,0.0,0.0,0.0,0.0,0.0,-56.59898135413259,3.54991843229283,0.0,0.0,0.0,0.0,-1000.0,-100.71774967844058,-3.54991843229283,0.0,0.0,0.0,0.0,0.0,0.0,0.0,194.29739648598525,0.0,0.0,0.0,-513.0217849160931,0.0,-170.26600999562208,-312.69699404377053,0.0,-16.041326589774684,0.0,16.041326589774684,11.527948540921512,384.5132201231685,0.0,3.54991843229283,655.5027583419555,0.0,0.0,-101.6712460153184,-145.05180883636427,0.0,0.0,0.0,0.0,0.0,0.0,0.0,0.0,0.0,61.92385900257183,-72.57361429945013,86.61800974794505,0.0,0.0,0.0,101.6712460153184,0.0,0.0,0.0,0.0,0.0,0.0,0.0,0.0,0.0,-240.1431326482602,0.0,-500.06117130828136,21.299510593756978,0.0,0.0,0.0,0.0,-16.396742152007832,0.0,0.0,0.07809820551028679,0.0,0.0,0.0,43.30900487397252,0.0,0.0,0.0,0.0,870.9867307834513,0.0,0.0,0.0,0.0,0.0,0.0,0.0,0.0,0.0,0.0,0.007099836864585818,0.007099836864585818,0.0,0.0,0.0,0.0,0.0,0.0,0.0,0.0,0.0,0.0,101.6712460153184,0.0,0.0,0.0,0.0,56.59898135413259,0.0,0.0,0.0,0.0,0.0,0.0,0.0,0.0,0.0,0.0,0.0,0.0,0.0,0.0,268.75649875152493,0.0,0.0,0.0,42.59902118751396,0.0,0.0,0.0,0.0,0.0,-198.52251322255609,155.92349203504213,0.0,0.0,0.0,0.0,0.0,0.0,0.0,0.0,0.0,101.6712460153184,101.6712460153184,0.0,-1000.0,-1000.0,48.633882522411795,0.0,-21.299510593756978,0.0,368.1456376927531,0.0,0.0,0.0,0.0,0.0,0.0,0.0,0.0,0.0,0.0,0.0,0.0,0.0,0.0,0.0,0.0,0.0,-8.874796080732075,194.29739648598525,-135.25461082039055,67.2487366510109,0.0,0.0,0.0,0.0,0.0,0.0,-0.8874796080732075,156.57975737728577,0.0,0.0,0.0,0.0,0.0,0.0,0.0,1000.0,21.299510593756978,21.299510593756978,0.0,0.0,0.0,0.0,0.0,0.07809820551028679,56.59898135413259,0.0,0.0,-368.1456376927531,0.0,0.0,0.0,0.0,0.0,0.0,0.0,0.0,0.0,0.0,0.0,0.0,0.0,0.0,0.0,0.0,0.0,22.00949428021554,0.0,74.54828707814943,5.466874385730989,0.0,0.0,0.0,0.0,0.0,56.59898135413259,0.0,-3.2396438072746525,0.0,0.0,0.0,-8.874796080732075,0.0,0.0,0.0,0.0,0.0,0.0,0.0,0.0,0.0,0.0,0.0,0.0,0.0,0.0,0.0,0.0,0.0,0.0,-0.0709983686458566,0.0,0.0,3.54991843229283,-1000.0,0.0,0.0,0.0,0.0,194.29739648598525,0.0,0.0,0.0,6.112959540408097,1.774959216146415,0.0,0.0,0.0,0.0709983686458566,0.0,70.99836864585659,0.0,14.19967372917132,0.5071312046132613,242.10443708237096,-0.05324877648439245,68.51478501826848,1.419967372917132,-0.3549918432292998,-242.10443708237096,21.299510593756978,-0.0709983686458566,104.2323313479235,0.0,0.01774959216146415,0.5071312046132614,-312.69699404377053,-11.302940288420654,100.25127864240127,231.24350124847507,-0.0709983686458566,0.01774959216146415,-242.10443708237096,7.09983686458566,0.0709983686458566,0.0709983686458566,-56.44988477997644,0.07809820551044241,0.0,-0.05324877648439245,21.299510593756978,0.0709983686458566,21.299510593756978,-35.4991843229283,-0.0354991843229283,-19.057078136879227,-105.3966555698027,-0.05324877648439245,-0.0709983686458566,0.0,0.0709983686458566,7.09983686458566,-1.419967372917132,292.52321682255644,292.52321682255644,-7.09983686458566,-231.24350124847507,-292.52321682255644,14.19967372917132,0.1064975529687849,-1000.0,7.09983686458566,-248.4533466621235,0.0,-14.19967372917132,0.0354991843229283,0.709983686458566,160.3136063412575,-498.8221111869218,-0.0709983686458566,-72.57361429945013,56.44988477997644,22.00949428021554,0.0709983686458566,11.302940288420654,-85.19804237502797,0.0,-0.0709983686458566,-0.01774959216146415,0.0,-0.0709983686458566,5.753556456145175,0.0709983686458566,-0.01774959216146415,-0.01774959216146415,-0.01774959216146415,28.39934745834264,35.4991843229283,0.709983686458566,52.60091637049931,-0.01774959216146415,216.3948813345915,3.54991843229283,0.6731402042202426,0.0709983686458566,0.0354991843229283,0.0354991843229283,7.09983686458566,0.0,0.0709983686458566,0.0,0.709983686458566,0.0709983686458566,-52.60091637049931,0.0709983686458566,0.2839934745834398,0.3549918432292998,0.0354991843229283,0.01774959216146415,21.299510593756978,-0.0709983686458566,0.0,-50.12563932120064,-105.20183274099863,66.73982580212207,-7.09983686458566,14.19967372917132,3.5499184322928294,-0.0709983686458566,312.69699404377053,0.1064975529687849,-0.0709983686458566,-14.19967372917132,0.0,144.9085016268221,0.0354991843229283,-1.3462804084404851,-0.0709983686458566,-0.0709983686458566,-0.0709983686458566,0.0354991843229283,242.10443708237096,-14.19967372917132,0.0709983686458566,320.627212682515,-0.01774959216146415,-0.07809820551044241,-320.627212682515,10.649755296878487,105.3966555698027,63.601490284046974,242.10443708237096,-0.05324877648439245,72.57361429945013,498.8221111869218,0.0709983686458566,-0.01774959216146415,3.54991843229283,70.99836864585659,-0.0354991843229283,-0.0709983686458566,0.01774959216146415,1000.0,0.0,215.94724382213553,0.0,-923.9138419888044,0.0,100.61392175820606,-945.41360253453,0.0,181.87809029356208,-898.324542755747,1000.0,-784.0172569935415,-90.93904514678104,461.9569209944022,449.1622713778735,0.0,472.706801267265,-56.59898135413259,-128.51175947481428,784.0172569935415,-1000.0,-128.51175947481428,-100.61392175820606,89.35606363432419,0.0,1496.5981,bhi
413,0.0,0.0,0.0,0.0,0.0,0.0,0.0,0.0,-0.005619732673743118,0.0,0.0,0.0,0.0,0.0,0.0,0.0,-495.2513247147308,1000.0,0.0,269.90943791818944,0.0,0.0,0.0,830.2555945872662,0.0,0.0,0.0,0.0,0.0,-170.81345649589105,0.0,0.0,0.0,0.0,0.0,0.0,0.0,-183.935608190435,0.0,-1000.0,600.9272799874211,0.0,0.0,666.0647812106218,0.0,0.0,716.3154394504443,0.0,0.0,-192.87641701864263,0.0,0.0,0.0,0.006181705940982039,0.0,0.0,0.0,1.1239465347486237,0.0,0.0,182.4564945507044,0.0,366.39772247381313,0.0,0.0,0.0,0.0,0.0,0.0,0.0,0.0,0.05619732673743119,0.0,0.0,0.0,0.0,0.0,0.0,0.0,0.0,0.0,0.0,0.0,0.0,3.3718396042458716,0.0,0.0,667.5143954430351,-397.6049575248457,1000.0,838.6312005467356,0.0,0.0,762.2350628054445,1.6859198021229358,0.0,473.2220703535632,0.0,0.0,0.0,0.0,0.28098663368715593,-1000.0,0.0,0.0,-171.65858335872537,0.0,0.0,0.0,0.0,0.0,0.0,0.0,0.0,0.0,0.0,0.0,0.0,0.0,0.0,0.0,0.0,0.0,0.0,-646.2657841422216,0.0,0.0,473.2220703535632,0.0,1.742117128860367,0.0,0.0,0.0,0.0,0.0,0.0,205.24516539209498,0.0,0.0,-754.0993824166126,0.0,0.0,0.0,0.0,0.0,0.43271941587822105,0.005619732673743118,838.6326054799041,0.0,0.0,0.0,0.0,0.0,0.0,0.0,0.0,185.02254746625565,0.0,0.0,0.0,0.0,0.0,-160.41126723369456,-160.41126723369456,0.0,0.0,0.0,0.0,1000.0,0.0,0.0,-160.4056475010208,0.0,0.0,0.0,-820.6487263803738,0.0,0.0,0.0,0.0,0.0,0.0,0.0,0.0,0.0,0.0,0.0,0.0,0.0,0.0,0.0,-1000.0,0.0,0.0,0.0,0.0,0.0,192.87641701864263,0.0,-602.3950424751542,602.3950424751542,318.22277197956384,0.0,0.0,0.0,0.0,0.0,0.0,829.186543504109,-820.7873522853076,0.0,0.0,0.0,0.0,0.0,0.0,0.0,0.0,0.0,0.0,0.0,0.0,0.0,0.0,-2.4288484615919925,666.0647812106218,0.0,0.0,0.0,230.6314450449537,-318.22277197956384,0.0,0.0,0.0,0.0,182.4564945507044,0.0,0.0,0.0,0.0,0.0,0.0,0.0,0.0,0.0,0.1809553920947451,0.0,471.53615055144024,0.0,-159.15074135063364,45.639343599675044,65.1193529678809,0.0,-666.0647812106218,0.0,0.0,548.8542170245175,-426.69832790104056,0.0,0.0,0.0,-501.6728443088748,0.0,0.0,-824.6202282099226,-824.6202282099226,0.0,0.0,0.0,824.6202282099226,-1000.0,0.0,0.0,192.87641701864263,0.0,15.679054159743302,0.0,0.0,0.0,-214.0512443307564,0.0,214.0512443307564,0.0,555.8985524840759,0.0,230.6314450449537,-622.347246351773,0.0,0.0,0.0,182.4564945507044,-0.008429599010614677,0.0,0.0,0.0,0.0,0.005619732673743118,0.0,0.0,0.0,526.5969742543421,-495.2513247147308,0.0,-276.2188622232359,403.33134148797274,0.0,1000.0,0.0,-915.9931627991704,0.0,-171.65858335872537,0.0,0.0,0.0,977.4203740987764,-75.9560081724254,14.528796872819369,-1000.0,-1000.0,0.0,0.0,0.0,0.0,0.0,0.0,0.0,0.0,0.0,0.0,0.0,0.0,0.0,0.0,0.0,0.0,0.0,-1000.0,0.0,-816.0868707402602,0.0,0.0,0.0,0.0,0.0,0.0,-0.6136748079729661,0.0,0.0,0.0,0.0,0.0,-779.0172396730751,0.0,-945.7177430888038,-1000.0,854.9732478455005,197.76413509571387,-342.3167713218311,-1000.0,0.0,0.0,945.4367564551167,0.0,999.8595066831564,342.0357846881439,0.0,0.0,-435.5759861102408,1000.0,163.40126932738156,473.2220703535632,0.0,0.0,0.0,0.0,0.0,0.0,0.0,0.0,0.0,0.0,1000.0,0.0,0.0,0.0,0.0,0.0,829.186543504109,0.0,0.0,-183.94122792310876,0.0,0.0,74.14935034098438,0.0,0.0,0.0,0.0,-475.65091881515514,0.01123946534748999,0.0,0.0,0.0,0.0,0.0,0.0,0.0,0.0,0.0,0.0,0.0,0.0,0.0,0.0,0.0,0.0,0.0,0.0,0.0,0.006181705940982039,0.006181705940982039,0.0,718.2900064357461,0.0,3.3718396042458716,0.0,0.0,0.0,1000.0,0.0,0.0,0.0,0.0,0.0,1000.0,-1000.0,0.0,0.0,0.0,0.0,0.0,74.14935034098438,0.0,0.0,0.0,0.0,0.0,0.0,0.0,215.4219280474072,-526.5969742543421,0.0,0.0,0.43271941587822105,0.0,-48.02258298782499,810.2576457932696,810.2576457932696,0.0,1000.0,0.0,524.3490811848449,0.0,0.0,0.0,0.0,0.0,0.0,0.0,0.0,0.0,0.0,0.0,0.0,0.0,0.0,0.0,0.0,0.0,3.3718396042458716,548.8542170245175,548.8542170245175,0.0,0.0,0.0,0.0,0.0,0.0,0.0,0.0,0.0,0.0,0.05619732673743119,0.0,0.0,0.0,0.0,0.0,0.0,0.0,0.0,473.2220703535632,0.0,0.0,0.0,0.0,0.0,0.0,0.0,0.0,0.0,0.0,1000.0,-1000.0,0.0,1.6859198021229358,1.6859198021229358,1000.0,-1000.0,0.0,74.14935034098438,0.0,0.0,0.0,0.0,0.0,1000.0,829.186543504109,865.4329644818303,0.005619732673743118,0.0,0.0,-835.8930698036759,843.3147296183071,132.3337520977044,0.0,-762.2350628054445,0.0,0.0,0.0,0.0,0.0,0.0,0.0,0.0,0.0,0.0,0.0,0.0,0.0,0.0,0.005619732673743118,0.0,0.0,0.0,0.0,0.0,0.0,0.0,0.0,0.0,-0.8946614416601223,0.28098663368715615,0.0,0.0,183.91312925973978,-0.4214799505307339,-0.28098663368715615,0.0,0.0,0.0,0.0,0.0,0.0,0.0,0.0,0.0,0.0,0.0,0.0,548.8542170245175,0.0,0.0,0.0,-271.89373014917203,0.0,0.0,0.0,-0.005619732673743118,0.0,0.0,0.005619732673743118,0.0,0.005619732673743118,0.0,0.0,0.0,3.3718396042458716,6.856073861966605,6.856073861966605,0.0,0.0,0.0,0.0,0.0,0.0,0.0,0.0,0.0,829.186543504109,0.0,0.0,0.0,977.9042330819856,0.0,0.0,0.0,0.0,0.0,0.0,0.0,0.0,0.0,0.0,0.0,0.0,0.0,0.0,0.0,-857.8247358088878,857.8247358088878,0.008429599010614677,0.0,0.0,0.0,-473.2220703535632,0.0,0.0,0.0,0.0,0.0,-718.2900064357461,0.28098663368715593,0.0,0.0,0.0,0.0,-1000.0,-0.28098663368715615,0.0,0.0,0.0,0.0,0.0,0.0,0.0,0.0,548.8542170245175,0.0,0.0,930.5628627112071,718.2900064357461,0.0,179.91511429891025,-39.32483126102096,0.0,0.0,0.0,0.0,0.0,-433.55440176300715,0.0,0.28098663368715615,978.1583469902305,0.0,0.0,0.0,-183.94122792310876,171.87500000000534,-171.87500000000534,0.0,0.0,0.0,0.0,0.0,0.0,0.0,0.0,-0.8429599010621587,6.856073861966605,0.0,0.0,0.0,0.0,0.0,0.0,0.0,0.0,0.0,0.1809553920947451,0.0,0.0,718.7114863862769,-7.421659814631198,-398.18105270064996,0.0,1.6859198021229358,0.0,0.0,0.0,0.0,-242.95176333100073,0.0,0.0,0.006181705940982039,0.0,0.0,0.0,3.4280369309833025,0.0,0.0,0.0,0.0,-2.4288484615919925,0.0,0.0,0.0,0.0,0.0,0.0,0.0,0.0,307.55929534570515,0.0,0.0005619732673743118,0.0005619732673743118,0.0,0.0,0.0,0.0,0.0,0.0,0.0,0.0,0.0,-835.8930698036759,0.0,0.0,0.0,0.0,0.0,718.2900064357461,0.0,0.0,0.0,0.0,0.0,0.0,0.0,192.87641701864263,0.0,0.0,0.0,0.0,-432.1967679336654,-288.3964435776067,1000.0,0.0,0.0,0.0,3.3718396042458716,0.0,0.0,0.0,0.0,0.0,996.6281603957541,-1000.0,0.0,0.0,0.0,0.0,0.0,0.0,0.0,0.0,0.0,0.0,0.0,0.0,-865.4329644818303,-1000.0,981.7537499634996,0.0,-473.2220703535632,0.0,-183.935608190435,0.0,0.0,0.0,0.0,0.0,0.0,0.0,0.0,0.0,0.0,0.0,0.0,0.0,0.0,0.0,0.0,0.0,-0.7024665842178901,548.8542170245175,-0.4214799505307339,978.3257130325167,0.0,0.0,0.0,0.0,0.0,-0.070246658421789,0.0,183.94122792310876,0.0,0.0,0.0,0.0,0.0,0.0,0.0,1000.0,1.6859198021229358,1.6859198021229358,0.0,0.0,0.0,0.0,0.0,0.006181705940982039,718.2900064357461,0.0,0.0,183.935608190435,0.0,0.0,0.0,0.0,0.0,0.0,0.0,0.0,0.0,0.0,0.0,0.0,0.0,0.0,428.9123679044439,0.0,0.0,0.0,0.0,5.9007193074302755,0.43271941587822105,0.0,0.0,0.0,0.0,0.0,718.2900064357461,0.0,0.0,0.0,0.0,0.0,-0.7024665842178901,0.0,0.0,0.0,0.0,0.0,0.0,0.0,0.0,0.0,0.0,0.0,0.0,0.0,0.0,0.0,0.0,0.0,0.0,-0.005619732673743118,0.0,0.0,0.28098663368715593,-1000.0,0.0,0.0,0.0,0.0,548.8542170245175,0.0,0.0,0.0,-977.4203740987764,0.14049331684357796,0.0,0.0,0.0,0.005619732673743118,0.0,5.619732673743118,-1.742117128860367,1.1239465347486237,0.0401409476695937,15.679054159743302,-0.0042147995053073385,0.28098663368715593,0.11239465347486238,-0.02809866336897926,-15.679054159743302,1.6859198021229356,-0.005619732673743118,57.21952778624179,74.14935034098438,0.0014049331684357796,0.0401409476695937,-171.65858335872537,-0.8946614416601223,-0.11239465347486238,-774.6581132034587,-0.005619732673743118,0.0014049331684357796,-15.679054159743302,596.431493848427,0.005619732673743118,0.005619732673743118,-718.2782049971314,0.00618170594111743,0.0,-0.0042147995053073385,1.6859198021229358,0.005619732673743118,473.2220703535632,468.7262842145687,-0.002809866336871559,158.2946192511951,317.65517897951577,-0.0042147995053073385,-0.005619732673743118,-1.742117128860367,0.005619732673743118,0.5619732673743119,-0.11239465347486238,0.0,0.0,-0.5619732673742988,774.6581132034587,0.0,1.1239465347486237,0.008429599010614677,-677.2991162106915,0.5619732673743119,-215.4219280474072,74.14935034098438,-1.1239465347486237,0.002809866336871559,0.05619732673743119,69.05471555580897,719.4139529704947,-0.005619732673743118,-719.554446287339,718.2782049971314,1.742117128860367,0.005619732673743118,0.8946614416601223,-1000.0,74.14935034098438,-0.005619732673743118,-0.0014049331684357796,-74.14935034098438,-0.005619732673743118,-475.6509188151552,0.0056197326737219555,-0.0014049331684357796,-0.0014049331684357796,-0.0014049331684357796,2.2478930694972474,-468.7262842145687,0.05619732673743119,336.1090129631078,-0.0014049331684357796,80.88990332537614,0.28098663368715593,238.10644604126472,0.005619732673743118,0.002809866336871559,0.002809866336871559,-77.67907408461033,1.742117128860367,0.005619732673743118,-1.742117128860367,0.05619732673743119,0.005619732673743118,-1000.0,0.005619732673743118,0.022478930695228883,0.02809866336897926,0.002809866336871559,0.0014049331684357796,1.6859198021229358,-0.005619732673743118,0.0,0.05619732673743119,-672.2180259262155,0.14049331684357796,-0.5619732673743119,1.1239465347486237,0.28098663368715593,-0.005619732673743118,171.65858335872537,0.008429599010614677,-0.005619732673743118,155.35814816922067,1.742117128860367,264.22404008626313,0.002809866336871559,-476.21289208252944,-0.005619732673743118,-0.0056197326737219555,-0.005619732673743118,0.002809866336871559,15.679054159743302,-1.1239465347486237,0.005619732673743118,138.10943111161794,-0.0014049331684357796,-0.00618170594111743,-138.10943111161794,0.8429599010614677,-317.65517897951577,-144.5413930651751,15.679054159743302,-0.0042147995053073385,719.554446287339,-719.4139529704947,0.005619732673743118,-0.0014049331684357793,0.28098663368715615,5.619732673743118,-0.002809866336871559,-0.005619732673743118,0.0014049331684357796,1000.0,0.0,677.2963063443547,663.8909870368923,175.51731071143794,0.0,1000.0,-39.449027353110544,595.8695205810526,775.4542065435152,-961.7991152737276,-181.03906083365888,0.0,-387.7271032717576,-87.75865535571897,480.8995576368638,-595.8695205810526,19.724513676555272,-718.2900064357461,-21.272276755262386,0.0,181.03906083365888,-21.272276755262386,-1000.0,999.7190133663129,0.0,1496.5981,bhi
414,0.0,0.0,0.0,0.0,0.0,0.0,0.0,0.0,163.2281444473171,0.0,0.0,0.0,0.0,0.0,0.0,0.0,0.0,0.0,0.0,430.09139083086336,0.0,0.0,0.0,0.0,0.0,0.0,0.0,0.0,0.0,-1000.0,0.0,0.0,584.4522054276586,0.0,0.0,0.0,0.0,919.4093222283312,0.0,-1000.0,834.1523875702119,0.0,0.0,569.9086091691366,0.0,0.0,0.0,0.0,430.09139083086336,0.0,0.0,0.0,0.0,0.0,0.0,0.0,0.0,0.0,0.0,0.0,-199.00989267568963,0.0,0.0,-440.7819259906915,0.0,0.0,0.0,0.0,0.0,133.10060589912908,0.0,0.0,0.0,0.0,0.0,0.0,0.0,0.0,0.0,0.0,0.0,0.0,0.0,0.0,0.0,0.0,279.6005704473562,0.0,-707.8369191708653,707.8369191708653,0.0,0.0,0.0,-822.5027221966149,0.0,0.0,165.84761242978811,0.0,0.0,0.0,0.0,329.3498963558599,-1000.0,0.0,0.0,-165.47775157427057,0.0,0.0,0.0,0.0,0.0,0.0,0.0,0.0,0.0,0.0,0.0,0.0,0.0,0.0,0.0,0.0,0.0,0.0,-149.6693793462505,0.0,0.0,165.84761242978811,0.0,0.0,0.0,0.0,0.0,0.0,0.0,0.0,0.0,0.0,0.0,-241.77203331500183,0.0,0.0,0.0,0.0,0.0,279.6005704473562,0.0,0.0,0.0,0.0,0.0,0.0,0.0,0.0,0.0,0.0,299.9708335574105,0.0,0.0,0.0,0.0,0.0,413.9581803911951,413.9581803911951,0.0,0.0,0.0,390.625,-189.2022564634497,0.0,0.0,413.9581803911951,0.0,0.0,0.0,330.02129363632775,0.0,0.0,0.0,0.0,0.0,0.0,0.0,0.0,0.0,0.0,-1000.0,0.0,0.0,0.0,0.0,-1000.0,0.0,0.0,0.0,0.0,0.0,0.0,0.0,0.0,0.0,108.67142741587276,0.0,0.0,0.0,0.0,0.0,0.0,0.0,-467.8227141588946,0.0,0.0,0.0,0.0,0.0,0.0,0.0,0.0,0.0,0.0,0.0,0.0,0.0,0.0,419.34431470890553,569.9086091691366,0.0,0.0,0.0,0.0,-108.67142741587276,0.0,0.0,0.0,0.0,-199.00989267568963,0.0,0.0,0.0,0.0,0.0,0.0,0.0,0.0,0.0,0.0,0.0,165.84761242978811,0.0,707.8369191708653,0.0,430.09139083086336,0.0,-569.9086091691366,0.0,0.0,241.77203331500183,-559.2180740093086,0.0,0.0,0.0,-220.39096299534572,0.0,0.0,-769.000382032046,-268.4463912351866,0.0,-500.55399079685947,0.0,268.4463912351866,-707.8369191708653,0.0,0.0,0.0,0.0,0.0,0.0,0.0,0.0,-710.2156468149069,0.0,710.2156468149069,0.0,-424.8435309508734,133.10060589912908,0.0,0.0,390.62499999999994,0.0,0.0,-199.00989267568963,0.0,0.0,0.0,0.0,0.0,0.0,0.0,0.0,0.0,834.1523875702119,0.0,0.0,-598.677517385002,1000.0,0.0,1000.0,0.0,-207.79908540573615,0.0,-165.47775157427057,0.0,0.0,0.0,891.1344929410275,316.66459246470873,-1000.0,-779.6090370046543,-1000.0,0.0,0.0,0.0,0.0,0.0,0.0,0.0,0.0,0.0,0.0,0.0,0.0,0.0,0.0,0.0,0.0,0.0,-80.59067777166706,0.0,-1000.0,0.0,0.0,0.0,0.0,376.3755282678625,0.0,-279.6005704473562,0.0,0.0,0.0,429.97847709149124,329.3498963558599,0.0,-69.97688294550869,0.0,0.0,-316.66459246470873,297.51447046842156,0.0,-523.2273384223575,202.1143683898388,69.97688294550869,-164.67494817792996,1000.0,0.0,0.0,0.0,0.0,-956.54449682154,-884.6153967945678,722.4734620907061,165.84761242978811,0.0,0.0,0.0,0.0,0.0,163.2281444473171,0.0,0.0,0.0,0.0,-237.6083453050203,0.0,0.0,0.0,0.0,0.0,0.0,0.0,0.0,-80.59067777166877,0.0,0.0,0.0,0.0,0.0,0.0,0.0,253.49670227911741,0.0,0.0,0.0,0.0,0.0,0.0,0.0,0.0,0.0,0.0,0.0,0.0,0.0,0.0,0.0,0.0,0.0,0.0,0.0,0.0,0.0,0.0,0.0,360.2081813336172,0.0,0.0,0.0,0.0,0.0,-114.84315519283452,0.0,0.0,279.6005704473562,0.0,0.0,562.6449514734402,114.84315519283452,0.0,0.0,0.0,0.0,0.0,0.0,0.0,0.0,0.0,0.0,0.0,0.0,0.0,49.889793115416836,-834.1523875702119,0.0,0.0,279.6005704473562,0.0,-822.5027221966149,0.0,0.0,0.0,562.6449514734402,0.0,890.979142321682,-74.83748856912445,0.0,0.0,0.0,0.0,0.0,0.0,0.0,0.0,0.0,0.0,0.0,0.0,0.0,0.0,0.0,0.0,0.0,241.77203331500183,241.77203331500183,0.0,0.0,0.0,0.0,0.0,0.0,0.0,0.0,0.0,0.0,0.0,0.0,0.0,279.6005704473562,-279.6005704473562,0.0,0.0,0.0,0.0,165.84761242978811,0.0,0.0,0.0,0.0,0.0,0.0,0.0,0.0,0.0,0.0,847.8609552536147,-956.5323826694876,0.0,0.0,0.0,1000.0,114.84315519283452,0.0,0.0,0.0,0.0,0.0,0.0,0.0,779.6090370046543,0.0,1000.0,0.0,0.0,0.0,0.0,0.0,0.0,0.0,822.5027221966149,0.0,-133.10060589912908,0.0,0.0,0.0,0.0,0.0,0.0,0.0,0.0,0.0,0.0,0.0,0.0,0.0,0.0,0.0,0.0,-1000.0,1000.0,0.0,0.0,0.0,0.0,0.0,-279.6005704473562,0.0,0.0,-919.4093222283329,0.0,0.0,0.0,0.0,734.375,734.375,-734.375,0.0,0.0,0.0,0.0,0.0,0.0,0.0,241.77203331500183,0.0,0.0,0.0,-234.07103473083384,0.0,0.0,0.0,163.2281444473171,0.0,0.0,0.0,0.0,0.0,0.0,0.0,0.0,0.0,0.0,0.0,0.0,0.0,0.0,0.0,0.0,0.0,0.0,0.0,0.0,0.0,0.0,0.0,723.02295612186,168.11153681916744,0.0,0.0,0.0,0.0,0.0,0.0,0.0,0.0,0.0,0.0,0.0,0.0,0.0,0.0,0.0,0.0,0.0,0.0,0.0,0.0,0.0,-165.84761242978811,0.0,0.0,0.0,0.0,0.0,-360.2081813336172,0.0,0.0,0.0,0.0,-390.62499999999994,189.2022564634497,279.6005704473562,0.0,0.0,0.0,0.0,0.0,0.0,0.0,0.0,241.77203331500183,0.0,0.0,0.0,360.2081813336172,0.0,532.1772858411055,-165.47775157427057,0.0,0.0,0.0,0.0,0.0,-559.2180740093086,0.0,0.0,1000.0,0.0,116.37242600004078,0.0,-639.7918186663811,0.0,0.0,234.37500000000023,-234.37500000000023,0.0,0.0,0.0,0.0,0.0,999.9999999999995,0.0,0.0,0.0,0.0,0.0,0.0,0.0,0.0,0.0,0.0,0.0,0.0,0.0,0.0,360.20818133361763,0.0,31.377199322287623,0.0,0.0,279.6005704473562,0.0,0.0,0.0,24.408470658295002,0.0,0.0,0.0,0.0,0.0,0.0,0.0,0.0,0.0,0.0,0.0,419.34431470890553,0.0,0.0,0.0,0.0,0.0,0.0,0.0,0.0,0.0,0.0,0.0,0.0,0.0,0.0,0.0,0.0,0.0,0.0,0.0,0.0,0.0,0.0,0.0,0.0,0.0,0.0,0.0,360.2081813336172,0.0,0.0,0.0,0.0,0.0,0.0,0.0,0.0,0.0,0.0,0.0,559.2011408947124,0.0,860.1827816617267,0.0,0.0,0.0,0.0,0.0,0.0,0.0,0.0,0.0,0.0,-603.9502853457836,603.9502853457836,0.0,559.2011408947124,0.0,0.0,0.0,0.0,0.0,0.0,0.0,0.0,0.0,0.0,-1000.0,-1000.0,891.1344929410275,-165.84761242978811,0.0,0.0,919.4093222283312,0.0,0.0,0.0,0.0,0.0,0.0,0.0,0.0,0.0,414.0625,0.0,-414.0625,-414.0625,0.0,0.0,0.0,0.0,0.0,241.77203331500183,-329.3498963558599,891.1344929410276,0.0,0.0,0.0,0.0,0.0,0.0,0.0,80.59067777166877,0.0,0.0,0.0,0.0,0.0,0.0,0.0,1000.0,0.0,0.0,0.0,0.0,0.0,0.0,0.0,0.0,360.2081813336172,0.0,0.0,-919.4093222283312,0.0,0.0,0.0,0.0,0.0,0.0,0.0,0.0,0.0,0.0,0.0,0.0,0.0,0.0,0.0,0.0,0.0,0.0,0.0,0.0,279.6005704473562,0.0,0.0,0.0,0.0,0.0,360.2081813336172,0.0,-279.6005704473562,0.0,0.0,0.0,0.0,0.0,0.0,0.0,0.0,0.0,0.0,0.0,0.0,0.0,0.0,0.0,0.0,0.0,0.0,0.0,0.0,0.0,0.0,0.0,0.0,0.0,0.0,-562.6449514734402,0.0,0.0,0.0,0.0,241.77203331500183,0.0,0.0,0.0,-891.1344929410275,0.0,0.0,0.0,0.0,0.0,0.0,0.0,0.0,0.0,0.0,0.0,0.0,164.67494817792996,0.0,-1.7053025658242404e-12,0.0,0.0,0.0,55.15925052475686,0.0,0.0,0.0,-165.47775157427057,-279.6005704473562,0.0,-430.09139083086336,0.0,0.0,0.0,684.0560731410633,0.0,0.0,-360.2081813336172,-279.6005704473562,0.0,0.0,0.0,0.0,165.84761242978811,165.84761242978811,0.0,30.984669591130608,108.67142741587276,0.0,0.0,0.0,0.0,0.0,0.0,0.0,0.0,0.0,430.09139083086336,0.0,0.0,0.0,-1000.0,0.0,-49.889793115416836,0.0,0.0,0.0,0.0,149.6693793462505,360.2081813336172,0.0,-360.20818133361763,360.2081813336172,0.0,0.0,279.6005704473562,-849.9036855708512,0.0,0.0,0.0,0.0,0.0,253.49670227911741,0.0,0.0,0.0,0.0,0.0,-165.84761242978811,0.0,0.0,0.0,244.17950816774416,0.0,-126.74835113955871,0.0,0.0,0.0,-66.55030294956454,0.0,0.0,0.0,0.0,0.0,0.0,0.0,1.7053025658242404e-12,1.7053025658242404e-12,0.0,0.0,0.0,0.0,0.0,0.0,0.0,164.67494817792996,0.0,0.0,0.0,0.0,165.47775157427057,0.0,0.0,133.10060589912908,0.0,38.500340214250556,0.0,253.49670227911741,0.0,0.0,0.0,0.0,0.0,0.0,0.0,299.338758692501,0.0,279.6005704473562,-299.338758692501,0.0,-108.67142741587276,-6.49336990437277,0.0,0.0,360.20818133361763,-360.2081813336172,0.0,0.0,429.97847709149124,0.0,0.0,0.0,0.0,804.3315488918356,0.0,1000.0,0.0,328.8309820113295,0.0,447.55507939196536,-749.9299570019291,684.0560731410633,-705.4310594639148,403.08609687929084,-532.1772858411055,0.0,352.7155297319574,-164.41549100566476,-201.54304843964542,-684.0560731410633,374.96497850096455,-360.2081813336172,-62.90881087254556,0.0,532.1772858411055,-62.90881087254556,-447.55507939196536,648.7293824814083,0.0,1496.5981,bhi
415,0.0,0.0,0.0,0.0,0.0,0.0,0.0,0.0,-0.06002639778541172,0.0,0.0,0.0,0.0,0.0,0.0,0.0,709.9786261504894,-496.2243662201332,0.0,-124.18350706239113,0.0,0.0,0.0,0.0,0.0,0.0,0.0,0.0,0.0,-1000.0,0.0,0.0,636.5995746711553,0.0,0.0,0.0,0.0,301.45060724349065,0.0,-129.804775299134,981.9920806643764,0.0,-213.53500587153098,-907.8152889372248,0.0,0.0,0.0,0.0,1000.0,-614.641021922899,0.0,0.0,0.0,0.06602903756401227,0.0,0.0,0.0,12.005279557082345,0.0,0.0,30.33243691839581,0.0,397.45077599927663,320.92692786757993,0.0,0.0,0.0,0.0,0.0,0.0,0.0,0.6002639778541173,0.0,0.0,0.0,0.0,0.0,0.0,0.0,0.0,0.0,0.0,0.0,0.0,36.01583867124704,0.0,0.0,-606.7675029357655,606.7675029357655,-72.86995819332226,-0.015006599446352931,0.0,0.0,-751.6233209206442,18.00791933562352,0.0,18.00791933562352,0.0,0.0,0.0,0.0,3.001319889270586,-1000.0,0.0,0.0,-203.58584412886853,0.0,0.0,0.0,0.0,0.0,0.0,0.0,0.0,0.0,0.0,0.0,0.0,0.0,0.0,0.0,0.0,0.0,0.0,-357.3480031415062,0.0,0.0,18.00791933562352,0.0,18.608183313477635,18.608183313477635,0.0,0.0,0.0,0.0,0.0,-106.85628505009254,0.0,0.0,0.0,0.0,0.0,0.0,0.0,0.0,4.6220326294767,0.06002639778541172,0.0,0.0,0.0,501.1609284520556,-1000.0,0.0,0.0,0.0,0.0,783.749053807112,0.0,0.0,0.0,0.0,0.0,-191.6752405070631,-191.6752405070631,0.0,0.0,0.0,0.0,0.0,0.0,0.0,-191.6152141092777,0.0,0.0,0.0,0.0,0.0,0.0,0.0,0.0,0.0,0.0,0.0,0.0,0.0,0.0,0.0,0.0,0.0,0.0,0.0,-911.5943656185287,0.0,0.0,0.0,0.0,0.0,614.641021922899,213.53500587153098,393.2324970642345,-393.2324970642345,106.85628505009254,0.0,0.0,0.0,0.0,0.0,0.0,0.0,-1000.0,0.0,0.0,0.0,0.0,0.0,0.0,0.0,0.0,0.0,0.0,0.0,0.0,0.0,0.0,22.47651619881833,-923.5136320220204,0.0,0.0,0.0,0.0,50.15224910413053,0.0,0.0,0.0,0.0,30.33243691839581,-15.698343084795567,0.0,0.0,0.0,0.0,0.0,0.0,0.0,0.0,522.0072713101238,0.0,0.0,0.0,0.0,0.0,1000.0,0.0,923.5136320220204,0.0,0.0,106.85628505009254,375.8563761331885,0.0,0.0,0.0,265.65208882127905,0.0,0.0,-480.554017047696,0.0,-480.554017047696,-1000.0,519.445982952304,-1000.0,1000.0,0.0,-620.4078732825242,614.641021922899,0.0,47.68148229403096,0.0,0.0,0.0,-731.2592939900691,0.0,731.2592939900691,0.0,-32.53847570810521,0.0,0.0,0.0,0.0,0.0,0.0,30.33243691839581,-0.09003959667811758,0.0,0.0,0.0,0.0,0.06002639778541172,0.0,0.0,0.0,214.57064081855836,709.9786261504894,0.0,-135.72389608591234,340.94062776037623,0.0,1000.0,0.0,0.0,0.0,-203.58584412886853,0.0,0.0,0.0,-5.168272849324008,0.0,5.168272849324008,-343.4451949177757,-1000.0,0.0,0.0,0.0,0.0,0.0,0.0,0.0,0.0,0.0,0.0,0.0,0.0,0.0,0.0,0.0,0.0,0.0,-698.3092871653678,0.0,-1000.0,0.0,0.0,520.0744213014341,0.0,0.0,0.0,-179.04731188059432,0.0,0.0,0.0,0.0,0.0,0.0,-120.00637354301833,0.0,-1.500659944635293,0.0,0.0,-3.001319889270586,-754.9291321803057,668.9353147129247,120.00637354301833,-3.001319889270586,0.0,0.0,0.0,0.0,0.0,646.9280381943697,355.23080551907185,-899.6577668550724,18.00791933562352,-796.8750000000051,796.8750000000051,0.0,179.77195722733222,0.0,0.0,0.0,0.0,0.0,0.0,716.8546182904528,0.0,0.0,-159.1967911967433,0.0,0.0,0.0,0.0,0.0,-46.19141121330092,0.0,-640.6249999999884,0.0,0.0,0.0,0.0,0.0,-494.37047468474964,0.12005279557086353,0.0,0.0,0.0,0.0,0.0,0.0,0.0,0.0,0.0,0.0,0.0,0.0,0.0,0.0,0.0,0.0,0.0,0.0,0.0,0.06602903756401227,0.06602903756401227,0.0,357.48916033924496,0.0,36.01583867124704,0.0,0.0,0.0,1000.0,0.0,0.0,0.0,0.0,0.0,1000.0,-1000.0,0.0,0.0,0.0,0.0,0.0,0.0,0.0,0.0,0.0,0.0,0.0,0.0,0.0,119.11600104716872,-214.57064081855836,498.8390715479444,0.0,4.6220326294767,0.0,0.0,-751.6233209206442,-908.6318550748673,0.0,1000.0,0.0,505.62952531525036,0.0,0.0,0.0,0.0,0.0,0.0,0.0,0.0,0.0,0.0,0.0,0.0,0.0,0.0,0.0,0.0,0.0,36.01583867124704,106.85628505009254,106.85628505009254,0.0,0.0,0.0,0.0,0.0,0.0,0.0,0.0,0.0,0.0,0.6002639778541173,0.0,0.0,0.0,0.0,0.0,213.53500587153098,0.0,0.0,18.00791933562352,0.0,0.0,0.0,0.0,0.0,0.0,0.0,0.0,0.0,0.0,1000.0,-1000.0,0.0,18.00791933562352,18.00791933562352,537.309176479749,-1000.0,0.0,0.0,0.0,0.0,0.0,0.0,0.0,343.4451949177757,0.0,693.1844579917133,0.06002639778541172,0.0,0.0,-984.8548604549942,989.6955606764034,294.9539890540012,0.0,751.6233209206442,0.0,0.0,0.0,0.0,0.0,0.0,0.0,0.0,0.0,0.0,0.0,0.0,0.0,0.0,0.06002639778541172,0.0,0.0,0.0,415.22786338108915,-415.22786338108915,0.0,0.0,0.0,0.0,-179.04731188059432,520.0744213014341,0.0,0.0,-301.6907128346322,-4.50197983390588,-3.0013198892705883,0.0,0.0,703.125,703.125,-703.125,0.0,0.0,0.0,0.0,0.0,0.0,0.0,106.85628505009254,0.0,0.0,0.0,-249.7284087714321,0.0,0.0,0.0,-0.06002639778541172,0.0,0.0,0.06002639778541172,0.0,0.06002639778541172,0.0,0.0,0.0,36.01583867124704,73.2322052982023,73.2322052982023,0.0,0.0,0.0,0.0,0.0,0.0,0.0,498.8390715479444,0.0,0.0,0.0,0.0,0.0,0.0,0.0,0.0,0.0,0.0,0.0,0.0,0.0,0.0,0.0,0.0,0.0,0.0,0.0,157.00853415422307,0.0,-18.79992162316384,18.79992162316384,0.09003959667811758,0.0,0.0,0.0,-18.00791933562352,0.0,0.0,0.0,0.0,0.0,-357.48916033924496,3.001319889270586,0.0,0.0,0.0,0.0,0.0,0.0,0.0,0.0,-640.6249999999884,0.0,0.0,0.0,0.0,0.0,106.85628505009254,0.0,0.0,-1000.0,357.48916033924496,0.0,-455.1875237970745,91.3681449251327,0.0,0.0,0.0,0.0,0.0,302.6241708349862,0.0,3.0013198892705883,422.66949373197605,0.0,0.0,0.0,-46.19141121330092,0.0,0.0,0.0,0.0,0.0,-347.58199205900615,0.0,0.0,0.0,361.9911401731508,-370.99509984096267,73.2322052982023,0.0,139.76579561458632,139.76579561458632,-139.76579561458632,0.0,0.0,0.0,0.0,0.0,522.0072713101238,0.0,0.0,0.0,-4.840700221409179,246.50035083401866,-213.53500587153098,18.00791933562352,0.0,0.0,0.0,0.0,-178.40728184339628,0.0,0.0,0.06602903756401227,0.0,0.0,0.0,36.61610264910115,0.0,0.0,0.0,0.0,22.47651619881833,0.0,0.0,0.0,0.0,0.0,0.0,0.0,0.0,-949.8477508958695,0.0,0.006002639778541172,0.006002639778541172,0.0,0.0,0.0,0.0,0.0,0.0,0.0,0.0,0.0,-984.8548604549942,0.0,0.0,0.0,0.0,0.0,357.48916033924496,0.0,0.0,0.0,0.0,0.0,0.0,0.0,614.641021922899,0.0,0.0,0.0,0.0,888.9008778275944,1000.0,-496.2243662201332,0.0,0.0,0.0,36.01583867124703,0.0,0.0,0.0,0.0,0.0,633.4933602806236,-669.5091989518706,0.0,0.0,0.0,0.0,0.0,0.0,0.0,0.0,0.0,0.0,0.0,0.0,-1000.0,-1000.0,41.118082483007036,-18.00791933562352,0.0,0.0,301.45060724349065,0.0,0.0,0.0,0.0,0.0,0.0,0.0,0.0,0.0,0.0,0.0,0.0,0.0,0.0,0.0,0.0,0.0,-7.503299723176468,106.85628505009254,-4.50197983390588,366.49312000705675,0.0,0.0,0.0,0.0,0.0,16.10161005486787,-16.851940027185517,46.19141121330092,0.0,0.0,0.0,0.0,0.0,0.0,0.0,693.1844579917133,18.00791933562352,18.00791933562352,0.0,0.0,0.0,0.0,0.0,0.06602903756401227,357.48916033924496,0.0,0.0,-301.45060724349065,0.0,0.0,0.0,0.0,0.0,0.0,0.0,0.0,0.0,0.0,0.0,0.0,0.0,0.0,9.39996081158192,0.0,0.0,18.608183313477635,0.0,63.02771767468232,4.6220326294767,0.0,0.0,0.0,0.0,0.0,357.48916033924496,0.0,517.0731014121635,0.0,0.0,0.0,-7.503299723176468,0.0,0.0,0.0,0.0,0.0,0.0,0.0,0.0,0.0,0.0,0.0,0.0,0.0,0.0,0.0,0.0,0.0,0.0,-0.06002639778541172,0.0,0.0,3.001319889270586,-1000.0,0.0,0.0,0.0,0.0,106.85628505009254,0.0,0.0,0.0,5.168272849324008,1.500659944635293,0.0,0.0,0.0,0.06002639778541172,0.0,60.02639778541172,0.0,12.005279557082346,0.4287599841815123,204.690016448254,-0.04501979833905879,3.001319889270586,1.2005279557082345,-0.3001319889269828,-204.690016448254,18.00791933562352,-0.060026397785411724,67.86194804295617,0.0,0.015006599446352931,0.4287599841815123,-203.58584412886853,-9.556202527436966,-1.2005279557082345,-89.57075286796498,-0.060026397785411724,0.015006599446352931,-204.690016448254,624.0235710712406,0.060026397785411724,0.06002639778541172,-357.36310490389553,0.0660290375639529,-428.8443720441667,-0.04501979833905879,18.00791933562352,0.060026397785411724,18.00791933562352,-30.013198892705866,-0.030013198892705862,52.26700649479173,-56.21491528045712,-0.04501979833905879,-0.0600263977854117,0.0,0.06002639778541172,6.002639778541152,-1.2005279557082345,157.00853415422307,157.00853415422307,-6.002639778541152,89.57075286796498,-157.00853415422307,12.005279557082345,0.09003959667811758,-555.6607857583901,6.002639778541172,-119.11600104716872,0.0,-12.005279557082345,0.030013198892705862,0.6002639778541173,33.930974021478086,369.4944398963273,-0.06002639778541172,-370.99509984096267,357.36310490389553,18.608183313477635,0.060026397785411724,9.556202527436966,-690.0526086351939,0.0,-0.06002639778541172,-0.015006599446352931,0.0,-0.060026397785411724,-494.37047468474964,0.060026397785411724,-0.015006599446352931,-0.015006599446352931,-0.015006599446352931,24.01055911416469,30.013198892705866,0.6002639778541173,362.9813716395108,-0.015006599446352931,0.0,3.001319889270586,250.1865572316454,0.06002639778541172,0.030013198892705862,0.030013198892705862,6.002639778541172,0.0,0.06002639778541172,0.0,0.6002639778541173,0.060026397785411724,-1000.0,0.060026397785411724,0.24010559114157104,0.3001319889269828,0.030013198892705862,0.015006599446352931,18.00791933562352,-0.060026397785411724,428.8443720441667,0.6002639778541172,-725.9627432790217,1.5006599446352937,-6.002639778541152,12.005279557082345,3.001319889270586,-0.060026397785411724,203.58584412886853,0.09003959667811758,-0.060026397785411724,-12.005279557082345,0.0,240.8649150478567,0.030013198892705862,-500.3731144632908,-0.060026397785411724,-0.060026397785411724,-0.060026397785411724,0.03001319889270585,204.690016448254,-12.005279557082345,0.06002639778541172,67.86194804295617,-0.015006599446352931,-0.0660290375639529,-67.86194804295617,9.003959667811758,56.21491528045712,194.84251547989493,204.690016448254,-0.04501979833905879,370.99509984096267,-369.4944398963273,0.060026397785411724,-0.015006599446352933,3.0013198892705883,60.02639778541172,-0.030013198892705862,-0.060026397785411724,0.015006599446352931,1000.0,0.0,-371.4992692471802,637.0186283604892,1000.0,0.0,343.1000189954219,-546.5580131370804,618.0209312926994,-91.33883922186573,-1000.0,942.0213157879366,-927.1300418066777,45.66941961093286,-500.0,500.0,-618.0209312926994,273.2790065685402,-357.48916033924496,-62.45763320446041,927.1300418066777,-942.0213157879366,-62.45763320446041,-343.1000189954219,513.5749939260373,0.0,1496.5981,bhi
416,0.0,0.0,0.0,0.0,0.0,0.0,0.0,0.0,-0.011010892923563106,0.0,0.0,0.0,0.0,0.0,0.0,0.0,450.2710382786754,160.6116121220926,0.0,0.0,0.0,0.0,0.0,0.0,0.0,285.8322342967302,0.0,0.0,0.0,-1000.0,0.0,0.0,0.0,0.0,0.0,0.0,0.0,368.67271095704984,0.0,-468.1849995036449,639.7228191971252,0.0,-88.66630383866709,0.0,0.0,0.0,716.7622315889594,0.0,1000.0,0.0,0.0,675.9230013432357,0.0,0.012111982215174066,0.0,0.0,0.0,0.0,0.0,0.0,-29.523754066854963,0.0,344.5340223711654,0.0,401.2895480368692,0.0,0.0,0.0,165.46925406922458,-165.46925406922458,0.0,0.11010892923563105,0.0,0.0,0.0,0.0,0.0,0.0,0.0,0.0,0.0,0.0,-51.39511967562981,0.0,6.606535754137862,0.0,133.55748419815964,0.0,-176.15334722325548,325.97333974136586,623.1283452098029,0.0,0.0,1000.0,3.303267877068931,0.0,524.4079597999261,0.0,115.03075985660067,0.0,0.0,0.5505446461781552,-1000.0,0.0,0.0,-136.76189896995078,0.0,0.0,0.0,0.0,0.0,0.0,0.0,0.0,0.0,0.0,0.0,0.0,0.0,0.0,0.0,0.0,0.0,0.0,-636.8874421191579,0.0,0.0,524.4079597999261,0.0,3.413376806304562,0.0,0.0,0.0,0.0,0.0,0.0,-151.11081375950914,0.0,0.0,-163.8994545448013,0.0,0.0,0.0,0.0,0.0,185.80044262890382,0.011010892923563106,623.1310979330337,0.0,0.0,15.865348371311143,-956.4226789251429,0.0,0.0,90.34707773935469,0.0,315.8643362938712,0.0,0.0,0.0,0.0,0.0,-592.5433598662437,-592.5433598662437,0.0,0.0,0.0,421.875,559.8703427651614,0.0,0.0,-592.5323489733202,0.0,0.0,0.0,-1000.0,0.0,0.0,0.0,0.0,0.0,0.0,0.0,0.0,0.0,0.0,0.0,0.0,0.0,0.0,0.0,-1000.0,0.0,0.0,0.0,0.0,0.0,0.0,-587.2566975045686,-149.81999251811038,149.81999251811038,315.01026830431044,0.0,0.0,0.0,0.0,0.0,0.0,0.0,-460.6423145554183,0.0,0.0,0.0,0.0,0.0,0.0,0.0,0.0,0.0,0.0,0.0,0.0,0.0,0.0,466.0663796461141,136.9856592258932,0.0,0.0,0.0,0.0,-315.01026830431044,0.0,0.0,0.0,0.0,-29.523754066854963,136.9856592258932,0.0,0.0,86.04846442918964,0.0,0.0,0.0,0.0,0.0,0.35455075213306664,2.202178584712621,521.1046919228571,0.0,114.99965854381219,0.0,262.92330997732097,0.0,-136.9856592258932,0.0,0.0,315.01026830431044,-3.3252896629160578,0.0,0.0,0.0,-172.89187935899497,0.0,0.0,-1000.0,0.0,0.0,-1000.0,0.0,0.0,-325.97333974136586,0.0,-313.2853790527822,0.0,0.0,30.72039125674106,0.0,0.0,0.0,0.0,0.0,0.0,0.0,-276.4645917646868,0.0,0.0,-312.15875799246555,421.875,0.0,0.0,-29.523754066854963,-0.016516339385344657,0.0,0.0,0.0,0.0,0.011010892923563106,0.0,0.0,0.0,475.23748944794085,450.2710382786754,0.0,-91.17459931330052,510.19659924900606,0.0,1000.0,0.0,91.00916192449662,0.0,-136.76189896995078,0.0,0.0,0.0,-0.9480378807180379,-75.23495672220086,-14.826167321577719,-826.9704844794605,-1000.0,0.0,0.0,0.0,0.0,0.0,0.0,0.0,0.0,0.0,0.0,0.0,0.0,0.0,0.0,0.0,0.0,86.04846442918964,-631.2832454712589,0.0,-1000.0,51.395119675629815,0.0,0.0,0.0,57.71740652531381,211.84268356474564,264.7658326075449,0.0,115.03075985660067,0.0,0.0,0.0,0.0,-44.96213764675463,497.32131651991955,-14.715715233340635,-90.2342973470237,0.0,-229.47176336627965,0.0,0.0,44.96213764675463,-497.8718611660977,1000.0,14.440442910251557,228.92121872010148,0.0,0.0,0.0,0.0,-637.177617008937,524.4079597999261,0.0,0.0,0.0,0.0,0.0,0.0,0.0,0.0,0.0,0.0,409.18460761749594,0.0,0.0,0.0,0.0,0.0,0.0,0.0,0.0,-106.94280804170108,0.0,0.0,164.13077899705124,0.0,0.0,0.0,0.0,-998.8989107076437,0.022021785847755382,0.0,0.0,0.0,0.0,0.0,0.0,0.0,0.0,0.0,0.0,0.0,0.0,0.0,0.0,0.0,0.0,0.0,0.0,0.0,0.012111982215174066,0.012111982215174066,0.0,325.18621306172383,0.0,6.606535754137862,0.0,0.0,0.0,-166.51976277365387,0.0,0.0,133.55748419815964,0.0,0.0,1000.0,166.51976277365387,0.0,0.0,0.0,0.0,0.0,164.13077899705124,0.0,0.0,0.0,0.0,0.0,0.0,0.0,212.2958140397193,-475.23748944794085,940.5573305538318,0.0,134.405322953274,0.0,0.0,1000.0,1000.0,0.0,1000.0,0.0,1.1010892923563105,0.0,0.0,0.0,0.0,0.0,0.0,0.0,0.0,0.0,0.0,0.0,0.0,0.0,0.0,0.0,0.0,0.0,6.606535754137862,315.0102683043105,315.01026830431044,0.0,0.0,0.0,0.0,0.0,0.0,0.0,0.0,0.0,0.0,0.11010892923563105,0.0,0.0,133.55748419815964,-133.55748419815964,0.0,-587.2566975045686,0.0,0.0,524.4079597999261,0.0,0.0,0.0,0.0,0.0,0.0,0.0,0.0,0.0,0.0,0.0,-262.320893004421,0.0,3.3032678770689317,3.3032678770689317,1000.0,166.51976277365387,0.0,164.13077899705124,0.0,0.0,0.0,0.0,0.0,826.9704844794605,0.0,1000.0,0.011010892923563106,0.0,0.0,0.0,14.541457090268445,725.3751127677422,0.0,-1000.0,0.0,0.0,0.0,0.0,0.0,0.0,0.0,0.0,0.0,0.0,0.0,0.0,0.0,0.0,0.011010892923563106,0.0,0.0,0.0,-593.2236569302494,593.2236569302494,0.0,0.0,0.0,0.0,0.0,379.79659246414553,-38.95195806372488,0.0,-368.71675452874115,-0.8258169692672328,-0.5505446461781552,0.0,0.0,0.0,0.0,0.0,0.0,0.0,0.0,0.0,0.0,0.0,0.0,315.0102683043105,0.0,0.0,0.0,-636.6270723627588,0.0,0.0,0.0,-0.011010892923563106,0.0,0.0,0.011010892923563106,0.0,0.011010892923563106,0.0,0.0,0.0,6.606535754137862,13.433289366746987,13.433289366746987,0.0,0.0,0.0,0.0,0.0,0.0,0.0,940.5573305538318,0.0,0.0,0.0,0.0,0.0,0.0,0.0,0.0,0.0,0.0,0.0,0.0,0.0,0.0,0.0,0.0,0.0,0.0,0.0,0.0,0.0,-285.8322342967302,285.8322342967302,0.016516339385344657,0.0,0.0,0.0,-524.4079597999261,0.0,0.0,0.0,0.0,0.0,-325.18621306172383,0.5505446461781552,0.0,0.0,0.0,-421.875,-559.8703427651614,-0.5505446461781552,0.0,0.0,0.0,0.0,0.0,0.0,0.0,0.0,315.0102683043105,0.0,0.0,216.8201542969407,325.18621306172383,0.0,540.734047060027,588.6132137977913,0.0,264.21528796136676,115.03075985660067,-379.2460478179674,90.34707773935469,-16.758579029663046,0.0,0.5505446461781552,909.6960437943088,0.0,0.0,0.0,-374.05777643802037,0.0,0.0,0.0,0.0,0.0,-450.9208259885817,0.0,0.0,0.0,326.01203003099107,-327.6636639695255,13.433289366746987,0.0,0.0,0.0,0.0,0.0,0.0,0.0,0.0,0.0,0.35455075213306664,0.0,0.0,0.0,-14.541457090268445,0.0,-88.66630383866709,3.303267877068931,133.55748419815964,0.0,0.0,0.0,-253.63065279057648,0.0,0.0,0.012111982215174066,0.0,0.0,0.0,6.716644683373494,0.0,0.0,0.0,0.0,466.0663796461141,0.0,0.0,0.0,0.0,0.0,0.0,0.0,0.0,0.0,0.0,0.0011010892923563106,0.0011010892923563106,0.0,0.0,0.0,0.0,0.0,0.0,0.0,0.0,0.0,0.0,0.0,0.0,0.0,0.0,0.0,325.18621306172383,0.0,0.0,0.0,0.0,0.0,0.0,0.0,0.0,0.0,0.0,0.0,267.1149683963193,0.0,1000.0,160.6116121220926,0.0,0.0,0.0,6.606535754137862,0.0,0.0,0.0,0.0,0.0,0.0,-6.606535754137862,0.0,267.1149683963193,0.0,0.0,0.0,0.0,0.0,0.0,0.0,0.0,0.0,0.0,-1000.0,-1000.0,7.542461652640726,0.0,-524.4079597999261,0.0,368.67271095704984,0.0,0.0,0.0,0.0,0.0,0.0,0.0,0.0,0.0,0.0,0.0,0.0,0.0,0.0,0.0,0.0,0.0,-1.3763616154453882,315.01026830431044,-0.8258169692672328,326.8378470002582,0.0,0.0,0.0,0.0,0.0,0.0,-0.13763616154453878,197.2898857810561,0.0,0.0,0.0,0.0,0.0,0.0,0.0,1000.0,3.3032678770689317,3.3032678770689317,0.0,0.0,0.0,0.0,0.0,0.012111982215174066,325.18621306172383,0.0,0.0,-368.67271095704984,0.0,0.0,0.0,0.0,0.0,0.0,0.0,0.0,0.0,0.0,0.0,0.0,0.0,0.0,0.0,0.0,0.0,0.0,0.0,11.561437569741258,134.405322953274,0.0,0.0,0.0,0.0,0.0,325.18621306172383,0.0,0.0,0.0,0.0,0.0,-1.3763616154453882,0.0,0.0,0.0,0.0,0.0,0.0,0.0,0.0,0.0,0.0,0.0,0.0,0.0,0.0,0.0,0.0,0.0,0.0,-0.011010892923563106,0.0,0.0,0.5505446461781552,-1000.0,0.0,0.0,0.0,0.0,315.01026830431044,0.0,0.0,0.0,0.9480378807180379,0.2752723230890776,0.0,0.0,285.8322342967302,0.011010892923563106,0.0,11.010892923563103,-3.413376806304562,2.202178584712621,0.0786492351683079,30.72039125674106,-0.008258169692672328,0.5505446461781958,0.2202178584712621,-0.05505446461484098,-30.72039125674106,3.3032678770689317,-0.011010892923563106,45.58729965665026,164.13077899705124,0.0027527232308907764,0.0786492351683079,-136.76189896995078,-135.31041835158516,-0.2202178584712621,-610.882650400768,-0.011010892923563106,0.0027527232308907764,-30.72039125674106,1.1010892923563105,0.011010892923563106,0.011010892923563106,-325.1630901865851,-133.54537221594373,0.0,-0.008258169692672328,3.3032678770689317,0.011010892923563106,524.4079597999261,515.5992454610755,-0.005505446461781553,-42.340538353969634,313.8981681190306,-0.008258169692672328,-0.011010892923563106,-3.413376806304562,0.011010892923563106,1.1010892923563105,-0.2202178584712621,0.0,0.0,-1.1010892923563105,610.882650400768,0.0,2.202178584712621,0.016516339385344657,-341.340727353257,1.1010892923563105,-212.2958140397193,164.13077899705124,-2.202178584712621,0.005505446461781553,0.11010892923563105,22.79364982832513,327.38839164643645,-0.011010892923563106,-327.6636639695255,325.1630901865851,3.413376806304562,0.011010892923563106,135.31041835158516,-370.1869844340818,164.13077899705124,-0.011010892923563106,-0.0027527232308907756,-164.13077899705124,-0.011010892923563106,-998.8989107076437,0.011010892923335732,-0.0027527232308907764,-0.0027527232308907764,-0.0027527232308907764,4.404357169425242,-515.5992454610755,0.11010892923563105,338.7717968631562,-0.0027527232308907764,0.0,0.5505446461781552,500.0,0.011010892923563106,0.005505446461781553,0.005505446461781553,83.16647879088192,3.413376806304562,0.011010892923563106,-3.413376806304562,0.11010892923563105,0.011010892923563106,-1000.0,0.011010892923563106,0.04404357169130435,0.05505446461484098,0.005505446461781553,0.0027527232308907764,3.3032678770689317,-0.011010892923563106,0.0,0.11010892923563105,-677.5435937263125,0.27527232308903704,-1.1010892923563105,2.202178584712621,0.5505446461781552,-0.011010892923563106,136.76189896995078,0.016516339385344657,-0.011010892923563106,-166.33295758176385,3.413376806304562,396.2759683071474,0.005505446461781553,-1000.0,-0.011010892923563106,-0.011010892923335732,-0.011010892923563106,0.005505446461781553,30.72039125674106,-2.202178584712621,0.011010892923563106,45.58729965665026,-0.0027527232308907764,133.54537221594373,-45.58729965665026,1.6516339385344654,-313.8981681190306,-144.26789119984502,30.72039125674106,-0.008258169692672328,327.6636639695255,-327.38839164643645,0.011010892923563106,-0.0027527232308907756,0.5505446461781552,11.010892923563103,-0.005505446461781553,-0.011010892923563106,0.0027527232308907764,1000.0,0.0,341.33522190679525,661.2282031368438,88.00691774911496,0.0,529.1747124323275,588.3698730641813,0.0,437.50886595088076,-1000.0,397.621104909092,0.0,-218.75443297544038,-44.00345887455748,500.0,0.0,-294.18493653209066,-325.18621306172383,-142.64531551657097,0.0,-397.621104909092,-142.64531551657097,-529.1747124323275,449.1303037870265,0.0,1496.5981,bhi
417,0.0,0.0,0.0,0.0,0.0,0.0,0.0,0.0,420.6007783296074,0.0,0.0,0.0,0.0,0.0,0.0,0.0,1000.0,-562.5651964966353,0.0,-80.15590923908792,0.0,0.0,0.0,985.440450599877,0.0,0.0,0.0,0.0,0.0,-1000.0,0.0,0.0,669.1159066188869,0.0,0.0,0.0,0.0,971.4438848027773,0.0,45.83861520401997,39.833702976987965,0.0,0.0,860.5331948879782,0.0,0.0,0.0,0.0,0.0,-702.305506520608,0.0,0.0,0.0,0.15701474843262986,0.0,0.0,0.0,28.54813607867274,0.0,0.0,6.5740504166435585,0.0,0.0,-123.82436831143923,0.0,0.0,0.0,0.0,0.0,0.0,0.0,1.427406803933637,0.0,0.0,0.0,0.0,0.0,0.0,0.0,683.0599505595866,0.0,0.0,0.0,0.0,85.64440823601822,0.0,24.32139323940863,638.5614925125944,-361.43850748740556,0.0,-0.03568517009834093,0.0,0.0,0.0,42.82220411800911,0.0,42.82220411800911,-4.596249908664454,0.0,0.0,0.0,7.137034019668185,-1000.0,0.0,0.0,-214.68258015303752,0.0,0.0,0.0,0.0,0.0,0.0,0.0,0.0,0.0,0.0,0.0,0.0,0.0,0.0,0.0,0.0,0.0,0.0,-538.6582202017648,0.0,0.0,42.82220411800911,0.0,44.24961092194275,0.0,0.0,-1000.0,283.0898518445848,716.9101481554152,-716.9101481554152,-244.50475706703585,0.0,0.0,114.10633833895304,0.0,0.0,0.0,0.0,0.0,35.31242562969772,0.1427406803933637,0.0,0.0,0.0,0.0,0.0,0.0,0.0,0.0,0.0,788.6567604331577,0.0,0.0,0.0,0.0,0.0,999.8572593196067,999.8572593196067,0.0,0.0,0.0,453.12500000000006,0.0,0.0,0.0,1000.0,0.0,0.0,0.0,554.2041614958544,0.0,0.0,0.0,0.0,0.0,0.0,0.0,0.0,0.0,0.0,-1000.0,0.0,0.0,0.0,0.0,-1000.0,0.0,0.0,0.0,0.0,0.0,702.305506520608,0.0,361.43850748740556,-361.43850748740556,130.39841872808282,0.0,0.0,0.0,0.0,0.0,0.0,0.0,-1000.0,0.0,0.0,0.0,0.0,0.0,0.0,0.0,0.0,0.0,0.0,0.0,0.0,0.0,0.0,-571.5405839704898,0.0,0.0,0.0,0.0,0.0,121.04047636004648,0.0,0.0,0.0,0.0,6.5740504166435585,-860.5331948879782,0.0,0.0,441.1725616684621,0.0,0.0,0.0,0.0,0.0,0.0,0.0,0.0,0.0,999.78588897941,276.9088740045986,1000.0,0.0,0.0,0.0,0.0,130.39841872808282,0.0,0.0,0.0,0.0,281.14003549226106,0.0,0.0,-1000.0,0.0,0.0,-1000.0,0.0,0.0,0.0,0.0,-919.8440907609121,702.305506520608,0.0,146.80760320935542,0.0,0.0,0.0,-1000.0,0.0,1000.0,0.0,926.7503389209874,0.0,0.0,-109.13015066359742,453.12499999999994,0.0,0.0,6.5740504166435585,-0.21411102059004555,0.0,0.0,0.0,0.0,0.1427406803933637,0.0,0.0,0.0,705.7389007938616,1000.0,0.0,-143.12172010202502,-746.8365291851915,0.0,82.65590709499708,0.0,-774.5255820893933,0.0,-214.68258015303752,0.0,0.0,0.0,889.9326613486774,884.592920740716,-1000.0,-577.050270466736,-1000.0,0.0,0.0,0.0,0.0,0.0,0.0,0.0,0.0,0.0,0.0,0.0,0.0,0.0,0.0,0.0,0.0,441.1725616684621,-0.47687244871394796,0.0,-1000.0,0.0,27.50828002693447,0.0,0.0,0.0,0.0,0.0,0.0,0.0,0.0,0.0,0.0,-87.49879791988246,0.0,-7.137034019668185,0.0,-797.0941228208335,283.7650577310065,0.0,-94.42296008021009,0.0,0.0,0.0,0.0,-3.5685170098340926,-7.137034019668185,0.0,0.0,0.0,88.08278990994654,-353.5782797118521,42.82220411800911,0.0,0.0,0.0,0.0,0.0,420.7435190100008,0.0,0.0,0.0,0.0,-374.9863133283551,0.0,0.0,0.0,0.0,0.0,0.0,0.0,0.0,-68.60753141597814,0.0,921.8749999999987,0.0,0.0,0.0,0.0,0.0,-614.362788088499,0.2854813607873439,0.0,0.0,0.0,0.0,0.0,0.0,0.0,0.0,0.0,0.0,0.0,0.0,0.0,0.0,0.0,0.0,0.0,0.0,0.0,0.15701474843262986,0.15701474843262986,0.0,0.0,0.0,85.64440823601822,0.0,0.0,0.0,1000.0,0.0,514.4443118131444,24.32139323940863,0.0,0.0,485.26017087489095,-1000.0,0.0,0.0,0.0,0.0,0.0,0.0,0.0,0.0,0.0,0.0,0.0,0.0,0.0,179.55274006725494,-705.7389007938616,0.0,0.0,318.1311846519022,0.0,0.0,0.0,-251.4388950881293,0.0,485.26017087489095,0.0,-982.2440838543641,853.1414666407561,0.0,0.0,0.0,0.0,0.0,0.0,0.0,0.0,0.0,0.0,0.0,0.0,0.0,0.0,0.0,0.0,85.64440823601822,130.39841872808282,130.39841872808282,0.0,0.0,0.0,0.0,0.0,0.0,0.0,0.0,0.0,0.0,1.427406803933637,0.0,0.0,24.32139323940863,-24.32139323940863,0.0,0.0,0.0,0.0,42.82220411800911,0.0,0.0,0.0,282.81875902220446,0.0,0.0,0.0,0.0,0.0,0.0,1000.0,371.5572701258614,0.0,42.82220411800911,42.82220411800911,79.19684196107482,-1000.0,0.0,0.0,0.0,0.0,0.0,0.0,0.0,577.050270466736,0.0,1000.0,0.14274068039333088,0.0,0.0,0.0,188.50945998520723,854.1135344013109,0.0,0.0,0.0,0.0,0.0,0.0,0.0,0.0,0.0,0.0,0.0,0.0,0.0,0.0,0.0,0.0,0.1427406803933637,0.0,0.0,0.0,0.0,0.0,0.0,0.0,0.0,27.50828002693447,0.0,0.47687244871394796,0.0,0.0,-1000.0,-10.705551029502278,-7.137034019668185,0.0,0.0,109.37499999999996,109.37499999999996,-109.37499999999996,0.0,0.0,0.0,0.0,0.0,0.0,0.0,130.39841872808282,0.0,0.0,0.0,-346.4412456921839,0.0,0.0,0.0,420.6007783296074,0.0,0.0,0.1427406803933637,0.0,0.14274068039333088,0.0,0.0,0.0,85.64440823601822,174.14363007990372,174.14363007990372,0.0,0.0,0.0,0.0,0.0,0.0,0.0,0.0,0.0,0.0,0.0,0.0,0.0,902.222633930546,0.0,0.0,0.0,0.0,0.0,0.0,0.0,0.0,0.0,0.0,0.0,0.0,0.0,251.4388950881293,0.0,0.0,0.0,0.21411102059004555,0.0,0.0,0.0,-42.82220411800911,0.0,0.0,0.0,0.0,0.0,0.0,7.137034019668185,0.0,0.0,0.0,-453.12499999999994,0.0,0.0,0.0,0.0,921.8749999999987,0.0,0.0,0.0,0.0,0.0,130.39841872808282,0.0,0.0,250.5167937658149,0.0,0.0,-902.9605729897547,639.4309542482733,0.47687244871394796,0.0,0.0,-0.47687244871394796,0.0,-174.14363007990372,0.0,7.137034019668185,1000.0,0.0,0.0,0.0,-117.2503178947954,0.0,0.0,0.0,0.0,0.0,-35.31242562969772,0.0,0.0,0.0,978.5888979409955,0.0,174.14363007990372,0.0,0.0,0.0,0.0,0.0,0.0,0.0,0.0,0.0,0.0,0.0,0.0,32.11665308850684,-188.50945998520723,0.0,0.0,42.82220411800911,24.32139323940863,0.0,0.0,0.0,53.16420964603889,0.0,0.0,0.15701474843262986,0.0,0.0,0.0,87.07181503995186,0.0,0.0,0.0,0.0,-571.5405839704898,0.0,0.0,0.0,0.0,0.0,0.0,0.0,0.0,0.0,0.0,271.1920987604742,0.014274068039336285,0.0,0.0,0.0,0.0,0.0,0.0,0.0,0.0,0.0,0.0,0.0,0.0,0.0,0.0,0.0,0.0,0.0,0.0,0.0,0.0,0.0,0.0,0.0,702.305506520608,0.0,0.0,0.0,48.64278647881726,0.0,1000.0,-562.5651964966353,0.0,0.0,0.0,85.64440823601822,0.0,0.0,0.0,0.0,0.0,0.0,-85.64440823601822,0.0,48.64278647881726,0.0,0.0,0.0,0.0,0.0,0.0,0.0,0.0,0.0,0.0,-1000.0,-1000.0,1000.0,0.0,-42.82220411800911,0.0,998.9521648297118,0.0,0.0,0.0,0.0,0.0,0.0,0.0,0.0,0.0,710.9375,0.0,-710.9375,-710.9375,0.0,0.0,0.0,0.0,-17.842585049170463,130.39841872808282,-10.705551029502278,891.5170829010436,0.0,0.0,0.0,0.0,0.0,0.0,-1.7842585049170463,68.60753141597814,0.0,0.0,0.0,0.0,0.0,0.0,0.0,1000.0,42.82220411800911,42.82220411800911,0.0,0.0,0.0,0.0,683.0599505595866,0.15701474843262986,0.0,0.0,0.0,-998.9521648297118,271.1778246924349,0.0,0.0,0.0,0.0,0.0,0.0,0.0,0.0,0.0,0.0,0.0,0.0,0.0,0.0,0.0,0.0,0.0,0.0,149.8777144130319,35.31242562969772,0.0,0.0,0.0,0.0,0.0,0.0,0.0,-11.73328392833264,0.0,0.0,0.0,-17.842585049170463,0.0,0.0,0.0,0.0,0.0,0.0,0.0,0.0,0.0,0.0,0.0,0.0,0.0,0.0,0.0,0.0,0.0,0.0,-0.14274068039333088,0.0,0.0,7.137034019668185,-485.26017087489095,0.0,0.0,0.0,0.0,130.39841872808282,0.0,0.0,0.0,-889.9326613486774,3.5685170098340926,0.0,0.0,0.0,0.1427406803933637,0.0,142.7406803933637,-44.24961092194275,28.54813607867274,1.0195762885240265,398.2464982974847,-0.10705551029502278,7.137034019668185,2.8548136078672743,-0.7137034019675639,-398.2464982974847,42.82220411800911,-0.1427406803933637,71.56086005101251,0.0,0.03568517009834093,1.0195762885240265,-214.68258015303752,-47.04570955803036,-2.8548136078672743,-357.2788942642768,-0.1427406803933637,0.03568517009834093,-398.2464982974847,14.27406803933637,0.1427406803933637,0.1427406803933637,0.2997554288259936,-24.164378490975942,0.0,-0.10705551029502278,42.82220411800911,0.1427406803933637,42.82220411800911,-71.37034019668185,-0.07137034019668186,-359.2916001270827,-135.4572850797762,-0.10705551029502278,-0.1427406803933637,-44.24961092194275,0.1427406803933637,14.27406803933637,-2.8548136078672743,251.4388950881293,251.4388950881293,-14.27406803933637,357.2788942642768,-251.4388950881293,28.54813607867274,0.21411102059004555,-1000.0,14.27406803933637,-179.55274006725494,0.0,-28.54813607867274,0.07137034019668186,1.427406803933637,35.780430025506256,28.54813607867274,-0.1427406803933637,-32.11665308850684,-0.2997554288259936,44.24961092194275,0.1427406803933637,47.04570955803036,-171.28881647203673,0.0,-0.1427406803933637,-0.03568517009834093,0.0,-0.1427406803933637,-614.362788088499,0.1427406803933637,-0.03568517009834093,-0.03568517009834093,-0.03568517009834093,57.09627215734548,71.37034019668185,1.427406803933637,105.75300158642963,-0.03568517009834093,0.0,7.137034019668185,314.3184280639177,0.1427406803933637,0.07137034019668186,0.07137034019668186,14.27406803933637,44.24961092194275,0.1427406803933637,-44.24961092194275,1.427406803933637,0.1427406803933637,-105.75300158642963,0.1427406803933637,0.570962721574233,0.7137034019675639,0.07137034019668186,0.03568517009834093,42.82220411800911,-0.1427406803933637,0.0,1.4274068039336372,-211.50600317285927,3.5685170098340926,-14.27406803933637,28.54813607867274,7.137034019668185,-0.1427406803933637,214.68258015303752,0.21411102059004555,-0.1427406803933637,-28.54813607867274,44.24961092194275,197.69096406255477,0.07137034019668186,-628.6368561278354,-0.1427406803933637,-0.1427406803933637,-0.1427406803933637,0.07137034019668186,398.2464982974847,-28.54813607867274,0.1427406803933637,71.56086005101251,-0.03568517009834093,24.164378490975942,-71.56086005101251,21.411102059004552,135.4572850797762,-205.6489897517583,398.2464982974847,-0.10705551029502278,32.11665308850684,-28.54813607867274,0.1427406803933637,-0.03568517009834092,7.137034019668185,142.7406803933637,-0.07137034019668186,-0.1427406803933637,0.03568517009834093,1000.0,0.0,999.9286296598033,0.0,-1000.0,0.0,1000.0,-32.83952140730685,0.0,-559.8012338919843,-292.992776998591,874.412436911082,0.0,279.90061694599217,500.0,146.4963884992955,0.0,16.419760703653424,0.0,-250.85517370859367,0.0,-874.412436911082,-250.85517370859367,-1000.0,578.5073742163502,0.0,1496.5981,bhi
418,0.0,0.0,0.0,0.0,0.0,0.0,0.0,0.0,-0.18129816751600494,0.0,0.0,0.0,0.0,0.0,0.0,0.0,-600.1127714405274,445.8674742887385,0.0,0.0,0.0,0.0,0.0,724.0641890406405,0.0,0.0,0.0,0.0,0.0,-1000.0,0.0,0.0,538.8994706806545,0.0,0.0,0.0,0.0,999.2748073299348,0.0,-620.9494218616985,1000.0,0.0,0.0,612.1589904317183,0.0,0.0,0.0,0.0,987.9537810088091,0.0,0.0,0.0,0.0,0.19942798426791342,0.0,0.0,0.0,0.0,0.0,0.0,5.063744431362956,0.0,0.0,-58.02646472045673,0.0,0.0,0.0,0.0,301.65193198484155,-113.24128952449163,0.0,1.8129816751600494,0.0,0.0,0.0,0.0,0.0,0.0,0.0,0.0,0.0,0.0,935.6058796085341,0.0,108.77890050960296,0.0,0.0,0.0,-12.046218991190926,884.0857401145005,-0.045324541879001236,0.0,0.0,-254.6114597053741,54.38945025480148,0.0,54.38945025480148,0.0,0.0,0.0,935.6058796085341,9.064908375800247,-1000.0,0.0,0.0,-457.09383981724136,0.0,0.0,0.0,0.0,0.0,0.0,0.0,0.0,0.0,0.0,0.0,0.0,0.0,0.0,0.0,0.0,0.0,0.0,-961.9554224848318,0.0,0.0,54.38945025480148,0.0,56.20243192996153,0.0,0.0,0.0,0.0,0.0,0.0,-41.592937131862264,0.0,0.0,-21.49727201995743,0.0,0.0,0.0,0.0,0.0,-921.6459207098015,0.18129816751600494,0.0,0.0,0.0,-132.84077590932696,0.0,0.0,0.0,0.0,0.0,977.8687119038624,0.0,0.0,0.0,0.0,0.0,999.818701832484,999.818701832484,0.0,0.0,0.0,484.375,-584.3551096027918,0.0,0.0,1000.0,0.0,0.0,0.0,0.0,-107.98256039970283,0.0,0.0,0.0,0.0,0.0,0.0,0.0,0.0,0.0,-116.45034984297843,0.0,0.0,0.0,0.0,-419.04630399737823,0.0,0.0,0.0,0.0,0.0,0.0,0.0,12.046218991190926,-12.046218991190926,63.09020915181969,0.0,0.0,0.0,0.0,0.0,0.0,0.0,564.06127614002,0.0,0.0,0.0,0.0,0.0,0.0,0.0,0.0,0.0,0.0,0.0,0.0,0.0,0.0,-188.05798278969974,612.1589904317183,0.0,0.0,0.0,0.0,159.68600442281937,0.0,0.0,0.0,0.0,5.063744431362956,0.0,0.0,0.0,0.0,0.0,0.0,0.0,0.0,0.0,639.2694100577501,36.25963350320099,0.0,0.0,24.092437982381853,0.0,1000.0,0.0,-612.1589904317183,0.0,0.0,63.09020915181969,-778.816235630474,0.0,0.0,0.0,-39.30190336676162,0.0,0.0,-1000.0,0.0,0.0,-1000.0,0.0,0.0,0.0,0.0,-530.0400877288796,0.0,0.0,283.04567379501464,0.0,0.0,0.0,-45.62866863412856,0.0,45.62866863412856,0.0,1000.0,0.0,0.0,0.0,484.375,0.0,0.0,5.063744431362956,-0.27194725127400743,0.0,0.0,0.0,0.0,0.18129816751600494,0.0,0.0,0.0,-497.38876988981235,-600.1127714405274,0.0,-304.72922654482755,-224.4014266386049,107.98256039970283,869.3380087183793,0.0,-310.7511729147535,0.0,-457.09383981724136,0.0,0.0,0.0,600.3335131866312,-1000.0,710.4176597281223,-958.4318695392883,-1000.0,0.0,0.0,0.0,0.0,0.0,0.0,0.0,0.0,0.0,0.0,0.0,0.0,0.0,0.0,0.0,0.0,0.0,0.0,0.0,-1000.0,0.0,0.0,633.4316090637338,0.0,0.0,138.84890936436074,282.3765106520515,0.0,0.0,0.0,0.0,0.0,0.0,0.0,555.1587903411769,28.471129646995003,698.3480680151584,0.0,0.0,-570.4789276981824,-1000.0,0.0,-564.2236987169771,1000.0,-33.003583834895124,-9.064908375800247,-1000.0,0.0,-55.613584728692686,1000.0,0.0,54.38945025480148,0.0,0.0,0.0,331.63706928303435,0.0,0.0,0.0,0.0,0.0,0.0,-534.6177129774496,0.0,0.0,-0.3625963350320099,0.0,0.0,0.0,0.0,0.0,-52.962720289093774,0.0,0.0,185.05144153642215,0.0,0.0,0.0,0.0,-375.2882089538282,0.36259633503186706,0.0,0.0,0.0,0.0,0.0,0.0,0.0,0.0,0.0,188.41064246034992,0.0,0.0,0.0,0.0,0.0,0.0,0.0,0.0,0.0,0.19942798426791342,0.19942798426791342,0.0,0.0,0.0,108.77890050960296,0.0,0.0,0.0,1000.0,0.0,0.0,0.0,0.0,0.0,607.0228627944574,-1000.0,0.0,0.0,0.0,0.0,0.0,185.05144153642215,0.0,0.0,0.0,0.0,0.0,0.0,0.0,320.65180749494397,497.38876988981235,132.84077590932696,0.0,13.959958898732566,0.0,0.0,-254.6114597053741,-477.38767328001313,0.0,607.0228627944574,0.0,231.73465384062922,0.0,0.0,0.0,0.0,0.0,0.0,0.0,0.0,0.0,0.0,0.0,0.0,0.0,0.0,0.0,0.0,0.0,108.77890050960296,63.090209151819685,63.09020915181969,0.0,0.0,0.0,0.0,0.0,0.0,0.0,0.0,0.0,0.0,1.8129816751600494,0.0,0.0,0.0,0.0,0.0,0.0,0.0,0.0,54.38945025480148,0.0,0.0,0.0,0.0,0.0,0.0,0.0,0.0,0.0,0.0,0.0,0.0,0.0,54.38945025480148,54.38945025480148,-449.0346528758602,-1000.0,0.0,185.05144153642215,0.0,0.0,0.0,0.0,0.0,958.4318695392883,0.0,1000.0,0.18129816751600494,0.0,0.0,0.0,239.43012994310106,0.0,0.0,254.6114597053741,0.0,0.0,0.0,0.0,0.0,0.0,0.0,0.0,0.0,0.0,0.0,0.0,0.0,0.0,0.18129816751600494,0.0,0.0,0.0,0.0,0.0,0.0,0.0,0.0,0.0,0.0,915.8081197157853,0.0,0.0,-1000.0,-13.59736256370037,-9.064908375800247,0.0,0.0,0.0,0.0,0.0,0.0,0.0,0.0,0.0,0.0,0.0,0.0,63.090209151819685,107.98256039970283,0.0,0.0,-46.54867635289244,0.0,0.0,0.0,-0.18129816751600494,0.0,0.0,0.18129816751600494,0.0,0.18129816751600494,0.0,0.0,0.0,108.77890050960296,221.18376436952602,221.18376436952602,0.0,0.0,0.0,0.0,0.0,0.0,0.0,132.84077590932696,0.0,0.0,0.0,0.0,0.0,615.9432854097595,0.0,0.0,0.0,0.0,0.0,0.0,0.0,0.0,0.0,0.0,0.0,0.0,0.0,222.77621357463906,0.0,-140.23561125300535,140.23561125300535,0.27194725127400743,0.0,0.0,0.0,-54.38945025480148,0.0,0.0,0.0,0.0,0.0,0.0,9.064908375800247,0.0,0.0,0.0,-484.375,584.3551096027918,-282.3765106520515,0.0,0.0,0.0,0.0,0.0,0.0,0.0,0.0,63.090209151819685,0.0,0.0,25.36543711360278,0.0,0.0,137.68889420366042,-457.09383981724136,0.0,0.0,0.0,0.0,0.0,-1000.0,0.0,9.064908375800247,295.3665421322943,0.0,0.0,0.0,-52.962720289093774,0.0,0.0,0.0,0.0,0.0,0.0,0.0,0.0,0.0,89.2556247155776,0.0,221.18376436952602,0.0,921.875,921.875,-921.875,0.0,0.0,0.0,0.0,0.0,639.2694100577501,0.0,0.0,40.79208769110119,-427.84077240345096,-616.7275411935394,0.0,54.38945025480148,0.0,0.0,0.0,0.0,-127.56829340611114,0.0,0.0,0.19942798426791342,0.0,0.0,0.0,110.59188218476301,0.0,0.0,0.0,0.0,-188.05798278969974,0.0,0.0,0.0,0.0,0.0,0.0,0.0,0.0,0.0,0.0,0.018129816751599748,0.018129816751599748,0.0,0.0,0.0,0.0,0.0,0.0,0.0,0.0,0.0,0.0,0.0,0.0,0.0,0.0,0.0,0.0,0.0,0.0,0.0,0.0,0.0,0.0,0.0,0.0,0.0,0.0,0.0,0.0,0.0,-742.3118496011252,445.8674742887385,0.0,0.0,0.0,108.77890050960296,0.0,0.0,0.0,0.0,0.0,0.0,-108.77890050960296,0.0,0.0,0.0,0.0,0.0,0.0,0.0,0.0,0.0,0.0,0.0,0.0,-1000.0,-1000.0,740.132530158223,0.0,-54.38945025480148,0.0,999.2748073299348,0.0,0.0,0.0,0.0,0.0,0.0,0.0,0.0,0.0,0.0,0.0,0.0,0.0,0.0,0.0,0.0,0.0,-22.662270939500615,63.09020915181969,-13.59736256370037,602.3459228460591,0.0,0.0,0.0,0.0,0.0,0.0,-2.2662270939500617,52.962720289093774,0.0,0.0,0.0,0.0,0.0,0.0,0.0,1000.0,54.38945025480148,54.38945025480148,0.0,0.0,0.0,0.0,0.0,0.19942798426791342,0.0,0.0,0.0,-999.2748073299348,0.0,0.0,0.0,0.0,0.0,0.0,0.0,0.0,0.0,0.0,0.0,0.0,0.0,0.0,70.11780562650267,0.0,0.0,0.0,0.0,190.36307589180518,13.959958898732566,0.0,0.0,0.0,0.0,0.0,0.0,0.0,906.7432113399851,0.0,0.0,0.0,-22.662270939500615,0.0,0.0,0.0,0.0,0.0,0.0,0.0,0.0,0.0,0.0,0.0,0.0,0.0,0.0,0.0,0.0,0.0,0.0,-0.18129816751600494,0.0,0.0,9.064908375800247,-607.0228627944574,0.0,0.0,0.0,0.0,63.09020915181969,0.0,0.0,0.0,-600.3335131866312,4.532454187900123,0.0,0.0,0.0,0.18129816751600494,0.0,181.29816751600492,-56.20243192996153,36.25963350320099,1.2949869108286067,505.8218873696537,-0.13597362563700371,9.064908375800213,3.6259633503200988,-0.9064908375812593,-505.8218873696537,54.38945025480148,-0.18129816751600494,152.36461327241378,185.05144153642215,0.045324541879001236,1.2949869108286067,-457.09383981724136,-28.862668268548987,-3.6259633503201485,154.24529715178886,-0.18129816751600494,0.045324541879001236,-505.8218873696537,18.129816751600494,0.18129816751600494,0.18129816751600494,0.38072615178391833,0.1994279842676047,0.0,-0.13597362563700371,54.38945025480148,0.18129816751600494,54.38945025480148,-90.64908375800246,-0.09064908375800247,-63.68103226937967,-177.99711934193587,-0.13597362563700371,-0.18129816751600494,-56.20243192996153,0.18129816751600494,18.129816751600494,-3.6259633503200988,222.77621357463906,222.77621357463906,-18.129816751600494,-154.24529715178886,-222.77621357463906,36.25963350320099,0.27194725127400743,-1000.0,18.129816751600494,-320.65180749494397,185.05144153642215,-36.25963350320099,0.09064908375800247,1.8129816751600494,76.18230663620689,36.25963350320099,-0.18129816751600494,-40.79208769110119,-0.38072615178391833,56.20243192996153,0.18129816751600494,28.862668268548987,-32.50635948278378,185.05144153642215,-0.18129816751600494,-0.045324541879001236,-185.05144153642215,-0.18129816751600494,-375.2882089538282,0.18129816751604722,-0.045324541879001236,-0.045324541879001236,-0.045324541879001236,72.51926700640198,90.64908375800246,1.8129816751600494,264.12357157859003,-0.045324541879001236,0.0,9.064908375800247,196.70901285271435,0.18129816751600494,0.09064908375800247,0.09064908375800247,110.65553751981156,56.20243192996153,0.18129816751600494,-56.20243192996153,1.8129816751600494,0.18129816751600494,-523.7321550189073,0.18129816751600494,0.725192670065212,0.9064908375812593,0.09064908375800247,0.045324541879001236,54.38945025480148,-0.18129816751600494,0.0,1.8129816751600742,-528.2471431571801,4.532454187900157,-18.129816751600494,36.25963350320099,9.064908375800247,-0.18129816751600494,457.09383981724136,0.27194725127400743,-0.18129816751600494,-221.31107503962312,56.20243192996153,453.59635488486714,0.09064908375800247,-393.4180257054287,-0.18129816751600494,-0.18129816751604722,-0.18129816751600494,0.09064908375800247,505.8218873696537,-36.25963350320099,0.18129816751600494,152.36461327241378,-0.045324541879001236,-0.1994279842676047,-152.36461327241378,27.194725127400737,177.99711934193587,609.2466457458884,505.8218873696537,-0.13597362563700371,40.79208769110119,-36.25963350320099,0.18129816751600494,-0.04532454187900124,9.064908375800247,181.29816751600492,-0.09064908375800247,-0.18129816751600494,0.045324541879001236,0.0,0.0,115.82361080174155,259.60858344031726,256.1417923428435,0.0,-104.68439027707404,-1000.0,0.0,-208.96832380590126,623.8148500084557,-41.10775179753445,-884.0857401145005,104.48416190295063,-128.07089617142174,-311.90742500422783,0.0,500.0,0.0,-326.028061478756,884.0857401145005,41.10775179753445,-326.028061478756,104.68439027707404,-45.153923772945376,0.0,1496.5981,bhi
419,0.0,0.0,0.0,0.0,0.0,0.0,0.0,0.0,-0.11166697608255417,0.0,0.0,0.0,0.0,0.0,0.0,0.0,-329.47542739491246,1000.0,0.0,-639.1400119515162,0.0,0.0,0.0,68.02793429890085,0.0,306.6375228375752,0.0,0.0,0.0,-1000.0,0.0,0.0,0.0,0.0,0.0,0.0,0.0,999.5533320956686,0.0,-1000.0,212.5371249655848,0.0,0.0,354.0866753085822,0.0,0.0,0.0,0.0,691.3200369322204,0.0,0.0,0.0,0.0,0.12283367369144571,0.0,0.0,0.0,22.333395216510834,0.0,0.0,36.64485533075094,0.0,0.0,-102.79212574251636,0.0,0.0,0.0,0.0,0.0,0.0,0.0,1.1166697608255418,0.0,0.0,0.0,0.0,0.0,0.0,0.0,0.0,0.0,0.0,-186.7769610159013,0.0,67.00018564953251,0.0,0.0,-895.8273321360359,-844.8898977764168,1000.0,839.9161098105119,0.0,0.0,-250.79691031229652,33.500092824766256,0.0,825.8081679799218,-3.595676629861115,368.92381665059713,0.0,0.0,5.583348804127708,-1000.0,0.0,0.0,-297.3360061469852,0.0,0.0,0.0,0.0,0.0,0.0,0.0,0.0,0.0,0.0,0.0,0.0,0.0,0.0,0.0,0.0,0.0,0.0,-528.8226420915258,0.0,0.0,825.8081679799218,0.0,34.61676258559179,0.0,0.0,477.62729888375935,470.0929151280958,-947.7202140118552,947.7202140118552,523.9189207469649,0.0,0.0,-663.3559018202322,0.0,0.0,0.0,0.0,0.0,195.37531817425798,0.11166697608255417,839.9440265545327,0.0,0.0,-364.88759821210914,0.0,0.0,0.0,0.0,0.0,1000.0,0.0,0.0,0.0,0.0,0.0,978.8109371676223,978.8109371676223,0.0,0.0,0.0,0.0,0.0,0.0,0.0,978.9226041437049,0.0,0.0,0.0,-531.1573237403322,0.0,0.0,0.0,0.0,0.0,0.0,0.0,0.0,0.0,0.0,-693.0694422508933,0.0,0.0,0.0,0.0,-1000.0,0.0,0.0,0.0,0.0,0.0,0.0,0.0,434.6327167477007,-434.6327167477007,139.4369810732673,0.0,0.0,0.0,0.0,0.0,0.0,0.0,-277.13574345225544,0.0,0.0,0.0,0.0,0.0,0.0,0.0,0.0,0.0,0.0,0.0,0.0,0.0,0.0,321.0211429675861,638.155390462692,0.0,0.0,0.0,0.0,-139.4369810732673,0.0,0.0,0.0,0.0,36.64485533075094,284.06871515410984,0.0,0.0,0.0,0.0,0.0,0.0,0.0,0.0,0.0,0.0,792.3080751551555,0.0,279.5226145241175,-1000.0,230.12542154388524,0.0,-638.155390462692,0.0,0.0,139.4369810732673,55.24797590382528,0.0,0.0,0.0,-57.73316376394314,0.0,0.0,0.0,0.0,1000.0,-1000.0,1000.0,0.0,-410.2571810287161,0.0,1000.0,0.0,0.0,311.55086327032615,0.0,0.0,0.0,0.0,0.0,0.0,0.0,978.6992701915398,0.0,0.0,0.0,0.0,0.0,0.0,36.64485533075094,-0.16750046412383124,0.0,0.0,0.0,0.0,0.11166697608255417,0.0,0.0,0.0,174.1918320200782,-329.47542739491246,0.0,-581.9781334517498,396.4983445339718,0.0,1000.0,0.0,0.0,0.0,-297.3360061469852,0.0,0.0,0.0,466.481669221962,159.97410993586772,-626.4557791578297,-940.870999035025,-1000.0,0.0,0.0,0.0,0.0,0.0,0.0,0.0,0.0,0.0,0.0,0.0,0.0,0.0,0.0,0.0,0.0,0.0,0.0,0.0,-1000.0,0.0,0.0,0.0,0.0,0.0,0.0,-195.37531817425798,0.0,555.7007776664984,0.0,0.0,0.0,0.0,0.0,0.0,348.43688985456464,-159.97410993586772,0.0,-5.583348804127708,1000.0,-1000.0,0.0,-5.583348804127708,-324.97970151432014,-351.2285642566285,0.0,-320.0375534526003,0.0,-1000.0,494.0878376747922,648.5425033998051,825.8081679799218,0.0,0.0,0.0,0.0,0.0,0.0,0.0,0.0,0.0,0.0,-1000.0,0.0,0.0,0.0,0.0,0.0,0.0,0.0,0.0,-66.14727041176542,0.0,-734.3749999999981,38.34529294550659,0.0,0.0,0.0,0.0,-869.6746232244449,0.2233339521651829,0.0,0.0,0.0,0.0,0.0,0.0,0.0,0.0,0.0,0.0,0.0,0.0,0.0,0.0,0.0,0.0,0.0,0.0,0.0,0.12283367369144571,0.12283367369144571,0.0,239.40055612191122,0.0,67.00018564953251,0.0,0.0,0.0,1000.0,0.0,0.0,0.0,0.0,0.0,1000.0,-1000.0,0.0,0.0,48.67222835646976,0.0,0.0,38.34529294550659,0.0,0.0,0.0,0.0,0.0,0.0,0.0,176.2742140305086,-174.1918320200782,364.88759821210914,0.0,8.59835715835669,0.0,0.0,-250.79691031229652,-250.79691031229652,0.0,1000.0,0.0,1000.0,-869.6746232244449,506.1306232356367,-506.1306232356367,0.0,0.0,0.0,0.0,0.0,0.0,0.0,0.0,0.0,0.0,0.0,0.0,0.0,0.0,67.00018564953251,139.4369810732673,139.4369810732673,0.0,0.0,0.0,0.0,0.0,0.0,0.0,0.0,0.0,0.0,1.1166697608255418,0.0,0.0,0.0,0.0,0.0,0.0,0.0,0.0,825.8081679799218,-48.67222835646976,0.0,0.0,0.0,0.0,0.0,0.0,0.0,0.0,0.0,918.1743022913616,-1000.0,0.0,33.500092824766256,33.500092824766256,1000.0,-1000.0,0.0,38.34529294550659,0.0,0.0,0.0,0.0,0.0,940.870999035025,0.0,1000.0,0.11166697608255417,0.0,0.0,0.0,147.47219434216746,275.00261093047436,0.0,250.79691031229652,0.0,0.0,0.0,0.0,0.0,0.0,0.0,0.0,0.0,0.0,0.0,0.0,0.0,0.0,0.11166697608255417,0.0,0.0,0.0,0.0,0.0,0.0,0.0,0.0,0.0,-537.5452977988364,1000.0,0.0,-102.1292427089233,-1000.0,-8.375023206191562,-5.583348804127708,0.0,0.0,203.12500000000003,203.12500000000003,-203.12500000000003,0.0,0.0,0.0,0.0,0.0,0.0,0.0,139.4369810732673,0.0,0.0,0.0,-345.8741477960672,0.0,0.0,0.0,-0.11166697608255417,0.0,0.0,0.11166697608255417,0.0,0.11166697608255417,0.0,0.0,0.0,67.00018564953251,136.23371082071608,136.23371082071608,0.0,0.0,0.0,0.0,0.0,0.0,186.7769610159013,364.88759821210914,0.0,0.0,0.0,0.0,476.0961958626706,0.0,0.0,0.0,0.0,0.0,0.0,0.0,0.0,0.0,0.0,0.0,0.0,0.0,0.0,0.0,0.0,-306.6375228375752,306.6375228375752,0.16750046412383124,0.0,0.0,0.0,-825.8081679799218,0.0,0.0,0.0,0.0,0.0,-239.40055612191122,5.583348804127708,0.0,0.0,0.0,0.0,0.0,-342.16997962457845,0.0,0.0,-734.3749999999981,0.0,0.0,0.0,0.0,0.0,139.4369810732673,0.0,48.67222835646976,1000.0,239.40055612191122,0.0,736.8226285580639,-22.333395216510834,0.0,0.0,657.8300203754216,-657.8300203754216,0.0,-80.9857349168908,0.0,5.583348804127708,565.9951307575457,0.0,0.0,0.0,-66.14727041176542,0.0,0.0,0.0,0.0,0.0,0.0,0.0,0.0,0.0,676.3193958385102,0.0,136.23371082071608,0.0,0.0,0.0,0.0,0.0,0.0,0.0,0.0,0.0,0.0,0.0,0.0,264.52562574048585,-147.47219434216746,510.5556162290279,0.0,33.500092824766256,0.0,0.0,0.0,0.0,34.91645946811427,0.0,0.0,0.12283367369144571,0.0,0.0,0.0,68.11685541035804,0.0,0.0,0.0,0.0,321.0211429675861,0.0,0.0,0.0,0.0,0.0,0.0,0.0,0.0,426.41612480610536,0.0,0.011166697608255416,0.011166697608255416,0.0,0.0,0.0,0.0,0.0,0.0,0.0,0.0,0.0,0.0,0.0,0.0,0.0,0.0,0.0,239.40055612191122,0.0,0.0,0.0,0.0,0.0,0.0,0.0,0.0,0.0,0.0,0.0,0.0,-400.43423619306014,793.6634063839394,1000.0,0.0,0.0,0.0,67.00018564953251,0.0,0.0,0.0,0.0,0.0,-67.00018564953251,0.0,0.0,0.0,0.0,0.0,0.0,0.0,0.0,0.0,0.0,0.0,0.0,0.0,-1000.0,-1000.0,552.5880744792202,-825.8081679799218,0.0,0.0,999.5533320956686,0.0,0.0,0.0,0.0,0.0,0.0,0.0,0.0,0.0,695.3125,0.0,-695.3125,-695.3125,0.0,0.0,0.0,0.0,-13.95837201031927,139.4369810732673,-8.375023206191562,467.72117265647904,0.0,0.0,0.0,0.0,0.0,796.203214580089,-797.5990517811209,66.14727041176542,0.0,0.0,0.0,0.0,0.0,0.0,0.0,1000.0,33.500092824766256,33.500092824766256,0.0,0.0,0.0,0.0,0.0,0.12283367369144571,239.40055612191122,0.0,0.0,-999.5533320956686,0.0,0.0,0.0,0.0,0.0,0.0,0.0,0.0,0.0,0.0,0.0,0.0,0.0,0.0,0.0,0.0,0.0,0.0,0.0,117.2503248866819,0.0,0.0,195.37531817425798,0.0,0.0,0.0,239.40055612191122,0.0,332.9909541905896,0.0,0.0,0.0,-13.95837201031927,0.0,0.0,0.0,0.0,0.0,0.0,0.0,0.0,0.0,0.0,0.0,0.0,0.0,0.0,0.0,0.0,0.0,0.0,-0.11166697608255417,0.0,0.0,5.583348804127708,-1000.0,0.0,0.0,0.0,0.0,139.4369810732673,0.0,0.0,0.0,-466.481669221962,2.7916744020638546,0.0,0.0,306.6375228375752,0.11166697608255417,0.0,111.66697608255416,-34.61676258559179,22.333395216510837,0.7976212577325298,311.55086327032615,-0.08375023206191562,5.583348804127708,2.2333395216510836,-0.5583348804140087,-311.55086327032615,33.500092824766256,-0.11166697608255417,99.11200204899507,38.34529294550659,0.027916744020638543,0.7976212577325298,-297.3360061469852,-17.777382592345475,-2.2333395216510836,-31.384560653571384,-0.11166697608255417,0.027916744020638543,-311.55086327032615,123.20354409954177,0.11166697608255417,0.11166697608255417,-239.16605547213723,0.1228336736908096,0.0,-0.08375023206191562,33.500092824766256,0.11166697608255417,825.8081679799218,736.4745871138784,-0.055833488041277086,-405.3279877060296,128.15861648892934,-0.08375023206191562,-0.11166697608255417,-34.61676258559179,0.11166697608255417,11.166697608255417,-2.2333395216510836,0.0,0.0,-11.166697608255419,31.384560653571384,0.0,22.333395216510834,0.16750046412383124,-735.2691509166916,11.166697608255417,-176.2742140305086,38.34529294550659,-22.333395216510834,0.055833488041277086,1.1166697608255418,145.49453336293746,261.73395133842206,-0.11166697608255417,-264.52562574048585,239.16605547213723,34.61676258559179,0.11166697608255417,17.777382592345475,-1000.0,38.34529294550659,-0.11166697608255417,-0.027916744020638543,-38.34529294550659,-0.11166697608255417,-869.6746232244449,0.11166697608257437,-0.027916744020638543,-0.027916744020638543,-0.027916744020638543,44.66679043302167,-736.4745871138784,1.1166697608255418,278.14849971358944,-0.027916744020638543,191.87706467687985,5.583348804127708,440.42066041635013,0.11166697608255417,0.055833488041277086,0.055833488041277086,30.33934408100871,34.61676258559179,0.11166697608255417,-34.61676258559179,1.1166697608255418,0.11166697608255417,-668.9829573304357,0.11166697608255417,0.44666790433143433,0.5583348804140087,0.055833488041277086,0.027916744020638543,33.500092824766256,-0.11166697608255417,0.0,1.1166697608255418,-556.2969994271789,2.791674402063854,-11.166697608255417,22.333395216510834,5.583348804127708,-0.11166697608255417,297.3360061469852,0.16750046412383124,-0.11166697608255417,-60.67868816201742,34.61676258559179,171.72704255307258,0.055833488041277086,-880.8413208327003,-0.11166697608255417,-0.11166697608257437,-0.11166697608255417,0.055833488041277086,311.55086327032615,-22.333395216510834,0.11166697608255417,290.9890667258749,-0.027916744020638543,-0.1228336736908096,-290.9890667258749,16.750046412383124,-128.15861648892934,-387.5232400861653,311.55086327032615,-0.08375023206191562,264.52562574048585,-261.73395133842206,0.11166697608255417,-0.027916744020638547,5.583348804127708,111.66697608255416,-0.055833488041277086,-0.11166697608255417,0.027916744020638543,635.3767332772786,0.0,145.47049845736643,390.8344576168463,-1000.0,0.0,634.3120665993923,-24.801235387935918,112.03684649128635,-682.1207781685013,1000.0,-394.2684255624656,-589.7428189712839,341.06038908425063,500.0,-500.0,-112.03684649128635,12.400617693967959,-239.40055612191122,-206.64350202118683,589.7428189712839,394.2684255624656,-206.64350202118683,-634.3120665993923,811.5726844955685,0.0,1496.5981,bhi
420,0.0,0.0,0.0,0.0,0.0,0.0,0.0,0.0,241.93921610731655,0.0,0.0,0.0,0.0,0.0,0.0,0.0,-25.02284481129334,0.0,0.0,470.59490292109206,0.0,0.0,0.0,897.3797405096077,0.0,0.0,0.0,0.0,0.0,-1000.0,0.0,0.0,0.0,0.0,0.0,0.0,0.0,999.5902929158451,0.0,-1000.0,92.18409393483446,0.0,-54.97225407751402,0.0,0.0,0.0,0.0,0.0,0.0,0.0,0.0,0.0,0.0,0.11266944814261137,0.0,0.0,0.0,20.48535420774097,0.0,0.0,-57.144153665434885,0.0,0.0,-57.144153665434885,0.0,0.0,0.0,0.0,883.4094642835005,-883.4094642835005,0.0,1.0242677103870486,0.0,0.0,0.0,0.0,0.0,0.0,0.0,0.0,0.0,0.0,0.0,0.0,61.456062623222905,0.0,48.1237693626265,293.14030411406964,5.700619494022206,342.4119386975615,142.05711671327563,0.0,0.0,0.0,30.728031311611453,0.0,982.4968731699421,-972.576413973141,0.0,0.0,0.0,997.4393307240324,-1000.0,0.0,0.0,-375.5774492353986,0.0,933.8504539331464,0.0,0.0,0.0,0.0,0.0,0.0,0.0,0.0,0.0,0.0,0.0,0.0,0.0,0.0,0.0,0.0,-234.87087512615284,0.0,0.0,982.4968731699421,0.0,31.752299021998496,31.752299021998496,0.0,914.8550123904353,-1000.0,85.14498760956474,-85.14498760956474,0.0,0.0,0.0,0.0,0.0,0.0,0.0,0.0,0.0,56.010630732606764,0.10242677103870484,142.0827234060353,0.0,0.0,-285.17797180508774,0.0,0.0,0.0,0.0,0.0,923.132261168194,0.0,0.0,0.0,0.0,0.0,999.8975732289613,999.8975732289613,0.0,0.0,0.0,0.0,118.96273517045587,0.0,0.0,1000.0,0.0,0.0,0.0,-943.9728574909441,0.0,0.0,0.0,0.0,0.0,0.0,0.0,0.0,0.0,0.0,-44.952220777282264,0.0,0.0,0.0,0.0,-1000.0,0.0,0.0,0.0,0.0,0.0,0.0,54.97225407751402,-348.1125581915837,348.1125581915837,0.0,0.0,0.0,0.0,0.0,0.0,0.0,0.0,-29.73459873635496,0.0,0.0,0.0,0.0,0.0,0.0,0.0,0.0,0.0,0.0,0.0,0.0,0.0,0.0,277.9175220789002,970.0505907337794,0.0,0.0,0.0,0.0,0.0,0.0,0.0,0.0,0.0,-57.144153665434885,970.0505907337794,0.0,0.0,267.6786128472996,0.0,0.0,0.0,0.0,0.0,0.0,0.0,951.7688418583306,0.0,-298.8409236080918,0.0,0.0,0.0,-970.0505907337794,0.0,0.0,0.0,970.0125520449841,0.0,0.0,0.0,-34.384796089163956,0.0,0.0,-1000.0,0.0,0.0,-1000.0,0.0,0.0,-342.4119386975615,0.0,-170.6579593845612,0.0,0.0,349.27528924198344,0.0,0.0,0.0,-388.7902991680105,0.0,388.7902991680105,0.0,1000.0,0.0,0.0,0.0,0.0,0.0,0.0,-57.144153665434885,-0.15364015655805727,0.0,0.0,0.0,0.0,0.10242677103870484,0.0,0.0,0.0,17.50312683005791,-25.02284481129334,0.0,-250.38496615693242,216.00903362754406,0.0,1000.0,0.0,-78.0738413133266,0.0,-375.5774492353986,0.0,0.0,0.0,-8.818944986432522,86.89278629975912,0.0,-964.3348692728522,-1000.0,0.0,0.0,0.0,0.0,0.0,0.0,0.0,0.0,0.0,0.0,0.0,0.0,0.0,0.0,0.0,0.0,267.6786128472996,0.0,0.0,-1000.0,0.0,0.0,969.2782719456955,425.68966788303067,0.0,0.0,-56.010630732606764,0.0,0.0,0.0,0.0,992.3179921720971,-494.4164852542078,0.0,0.0,269.3916814635473,-475.88576532905194,867.0162702479595,-5.121338551935242,0.0,-137.91764720361607,0.0,-714.1251685794991,1000.0,-271.9523507395148,0.0,0.0,0.0,-66.57740117515814,0.0,0.0,982.4968731699421,0.0,0.0,0.0,0.0,0.0,242.04164287835525,0.0,0.0,0.0,0.0,-883.5103293976746,0.0,0.0,-144.5761616299569,0.0,0.0,0.0,0.0,0.0,-18.040768605616776,0.0,0.0,74.6809671047765,0.0,0.0,0.0,0.0,-989.7573228961295,0.20485354207747808,0.0,0.0,0.0,0.0,0.0,0.0,0.0,0.0,0.0,0.0,0.0,0.0,0.0,0.0,0.0,0.0,0.0,0.0,0.0,0.11266944814261137,0.11266944814261137,0.0,317.03226180302505,0.0,61.456062623222905,0.0,0.0,0.0,1000.0,0.0,0.0,48.1237693626265,0.0,0.0,1000.0,-1000.0,0.0,0.0,47.7468883759655,0.0,0.0,74.6809671047765,0.0,0.0,0.0,0.0,0.0,0.0,0.0,78.29029170871762,-17.50312683005791,285.17797180508774,0.0,56.010630732606764,0.0,-944.8405486642257,944.8405486642257,944.8405486642257,0.0,1000.0,0.0,-875.9566736332818,886.1993507371523,453.1249999999848,-453.1249999999848,0.0,0.0,0.0,0.0,0.0,0.0,0.0,0.0,0.0,0.0,0.0,0.0,0.0,0.0,61.456062623222905,0.0,0.0,0.0,0.0,0.0,0.0,0.0,0.0,0.0,0.0,0.0,0.0,1.0242677103870486,0.0,0.0,48.1237693626265,-48.1237693626265,0.0,54.97225407751402,0.0,0.0,982.4968731699421,-47.7468883759655,0.0,0.0,0.0,0.0,0.0,0.0,0.0,0.0,0.0,1000.0,10.464020504788243,0.0,30.728031311611453,30.728031311611453,1000.0,-1000.0,0.0,74.6809671047765,0.0,0.0,0.0,0.0,0.0,964.3348692728522,0.0,1000.0,0.10242677103870484,0.0,0.0,0.0,8.25998746447841,238.60242442533232,0.0,0.0,0.0,0.0,0.0,0.0,0.0,0.0,0.0,0.0,0.0,0.0,0.0,0.0,0.0,0.0,0.10242677103870484,0.0,0.0,0.0,0.0,0.0,0.0,0.0,0.0,0.0,-64.43011131198753,977.6977525250762,0.0,0.0,-1000.0,-7.682007827902863,-5.121338551935246,0.0,0.0,0.0,0.0,0.0,0.0,0.0,0.0,0.0,0.0,0.0,0.0,0.0,0.0,0.0,0.0,-61.456062623222905,0.0,0.0,0.0,241.93921610731655,0.0,0.0,0.10242677103870484,0.0,0.10242677103870484,0.0,0.0,0.0,61.456062623222905,124.96066066721991,124.96066066721991,0.0,0.0,0.0,0.0,0.0,0.0,0.0,285.17797180508774,0.0,0.0,0.0,0.0,0.0,0.0,0.0,0.0,0.0,0.0,0.0,0.0,0.0,0.0,0.0,0.0,0.0,0.0,0.0,0.0,0.0,-45.82539875473344,45.82539875473344,0.15364015655805727,0.0,0.0,0.0,-982.4968731699421,0.0,0.0,0.0,0.0,0.0,-317.03226180302505,5.121338551935242,0.0,0.0,0.0,0.0,-118.96273517045587,-8.419480579380775,0.0,0.0,0.0,0.0,0.0,0.0,0.0,0.0,0.0,0.0,47.7468883759655,1000.0,317.03226180302505,0.0,983.0687476434831,-136.97502481006643,0.0,0.0,0.0,0.0,0.0,845.0518913777643,0.0,5.121338551935246,1000.0,0.0,0.0,0.0,-114.28830733086977,0.0,0.0,203.1250000000002,-203.1250000000002,0.0,0.0,0.0,0.0,0.0,369.66649040821017,-340.07828528673383,124.96066066721991,0.0,265.62499999999994,265.62499999999994,-265.625,0.0,0.0,0.0,0.0,0.0,0.0,0.0,0.0,0.0,-8.25998746447841,349.4729060967779,-54.97225407751402,30.728031311611453,48.1237693626265,0.0,0.0,0.0,-198.734287124155,0.0,0.0,0.11266944814261137,0.0,0.0,0.0,62.48033033360995,0.0,0.0,0.0,0.0,277.9175220789002,0.0,0.0,0.0,0.0,0.0,0.0,0.0,0.0,-1000.0,0.0,0.010242677103870484,0.010242677103870484,0.0,0.0,0.0,0.0,0.0,0.0,0.0,0.0,0.0,0.0,0.0,0.0,0.0,0.0,0.0,317.03226180302505,0.0,0.0,0.0,0.0,0.0,0.0,0.0,0.0,0.0,0.0,0.0,96.247538725253,212.0922622876707,92.77124570378749,0.0,0.0,0.0,0.0,61.456062623222905,0.0,0.0,0.0,0.0,0.0,117.28672610005862,-178.74278872328154,0.0,96.247538725253,0.0,0.0,0.0,0.0,0.0,0.0,0.0,0.0,0.0,0.0,-1000.0,-1000.0,70.16233816151284,0.0,-982.4968731699421,0.0,999.5902929158451,0.0,0.0,0.0,0.0,0.0,0.0,0.0,0.0,0.0,0.0,0.0,0.0,0.0,0.0,0.0,0.0,0.0,-12.803346379838109,0.0,-1000.0,332.3962774588308,0.0,0.0,0.0,0.0,0.0,0.0,-1.2803346379838105,18.040768605616776,0.0,0.0,0.0,0.0,0.0,0.0,0.0,1000.0,30.728031311611453,30.728031311611453,0.0,0.0,0.0,0.0,0.0,0.11266944814261137,317.03226180302505,0.0,0.0,-999.5902929158451,0.0,0.0,0.0,0.0,0.0,0.0,0.0,0.0,0.0,0.0,0.0,0.0,0.0,0.0,22.91269937736672,0.0,0.0,31.752299021998496,0.0,107.54810959064008,0.0,0.0,56.010630732606764,0.0,0.0,0.0,317.03226180302505,0.0,0.0,0.0,0.0,0.0,-12.803346379838109,0.0,0.0,0.0,0.0,0.0,0.0,0.0,0.0,0.0,0.0,0.0,0.0,0.0,0.0,0.0,0.0,0.0,0.0,-0.10242677103870484,0.0,0.0,5.121338551935242,-1000.0,0.0,0.0,0.0,0.0,0.0,0.0,0.0,0.0,8.818944986432522,2.560669275967598,0.0,0.0,0.0,0.10242677103870484,0.0,102.42677103870483,0.0,20.48535420774097,0.7316197931336059,349.27528924198344,-0.07682007827902863,714.1251685794991,2.048535420774097,-0.5121338551936105,-349.27528924198344,30.728031311611453,-0.10242677103870484,125.19248307846621,74.6809671047765,0.02560669275967621,0.731619793133606,-375.5774492353986,-64.43011131198753,-2.048535420774097,-445.5720581097987,-0.10242677103870484,0.02560669275967621,-349.27528924198344,10.242677103870484,0.10242677103870484,0.10242677103870484,-316.8171655838437,-48.01109991448392,0.0,-0.07682007827902863,30.728031311611453,0.10242677103870484,982.4968731699421,900.5554563389782,-0.05121338551935242,-171.97736269739676,-10.345103874909189,-0.07682007827902863,-0.1024267710387048,0.0,0.10242677103870484,10.242677103870484,-2.048535420774097,0.0,0.0,-10.242677103870484,445.5720581097987,0.0,20.48535420774097,0.15364015655805727,594.8793019536525,10.242677103870484,-78.29029170871762,74.6809671047765,-20.48535420774097,0.05121338551935242,1.0242677103870486,62.596241539233105,337.517616010766,-0.10242677103870484,-340.07828528673383,316.8171655838437,31.752299021998496,0.10242677103870484,64.43011131198753,-1000.0,74.6809671047765,-0.10242677103870484,-0.02560669275967621,-74.6809671047765,-0.10242677103870484,-989.7573228961295,0.10242677103870484,-0.02560669275967621,-0.02560669275967621,-0.02560669275967621,40.97070841548194,-900.5554563389782,1.0242677103870486,383.92362266219806,-0.02560669275967621,0.0,5.121338551935242,500.0,0.10242677103870484,0.05121338551935242,0.05121338551935242,47.583160656258734,0.0,0.10242677103870484,0.0,1.0242677103870486,0.10242677103870484,-1000.0,0.10242677103870484,0.4097070841548652,0.5121338551936105,0.05121338551935242,0.02560669275967621,30.728031311611453,-0.10242677103870484,0.0,1.0242677103870486,-767.8472453243961,711.5644993035315,-10.242677103870484,20.48535420774097,5.121338551935242,-0.10242677103870484,375.5774492353986,0.15364015655805727,-0.10242677103870484,-95.16632131251747,0.0,519.846200816836,0.05121338551935242,-1000.0,-0.10242677103870484,-0.10242677103870484,-0.10242677103870484,0.0512133855193524,349.27528924198344,-20.48535420774097,0.10242677103870484,125.19248307846621,-0.02560669275967621,48.01109991448392,-125.19248307846621,15.364015655805723,10.345103874909189,-1000.0,349.27528924198344,-0.07682007827902863,340.07828528673383,-337.517616010766,0.10242677103870484,-0.025606692759676208,5.121338551935246,102.42677103870483,-0.05121338551935242,-0.10242677103870484,0.02560669275967621,0.0,0.0,-594.9305153391718,616.0763773378019,-306.97273155388285,0.0,681.1117695056178,-139.2386564500217,0.0,-137.0383963605151,1000.0,-718.3761300461363,0.0,68.51919818025755,153.48636577694143,-500.0,0.0,69.61932822501085,-317.03226180302505,-321.11191369268096,0.0,718.3761300461363,-321.11191369268096,-681.1117695056178,835.4345462008737,0.0,1496.5981,bhi
421,0.0,0.0,0.0,0.0,0.0,0.0,0.0,0.0,521.7175925567269,0.0,0.0,0.0,0.0,0.0,0.0,0.0,-284.1866067041176,0.0,0.0,314.91910231329604,0.0,0.0,0.0,688.8642389083329,0.0,0.0,0.0,0.0,0.0,603.7717333320419,0.0,0.0,0.0,0.0,0.0,0.0,0.0,999.4629219759554,0.0,-1000.0,595.4688783700292,0.0,-53.68140469079327,-401.82425303230764,0.0,0.0,0.0,0.0,433.67090461147484,0.0,0.0,405.11318289788477,0.0,0.1476964566121802,0.0,0.0,0.0,26.85390120221991,0.0,0.0,43.17316700330605,0.0,1000.0,878.1796625052535,0.0,0.0,0.0,0.0,0.0,565.9170334206472,0.0,1.3426950601109955,0.0,0.0,0.0,0.0,0.0,0.0,0.0,0.0,0.0,0.0,0.0,0.0,80.56170360665973,0.0,0.0,297.0676852886916,-759.3055917847021,1000.0,-0.03356737650277489,0.0,0.0,0.0,40.28085180332987,0.0,548.131307461164,-468.84030001891796,20.470890676936257,0.0,0.0,595.0114496878452,603.7717333320419,0.0,0.0,-89.97290752629696,0.0,0.0,0.0,0.0,0.0,0.0,0.0,0.0,0.0,0.0,0.0,0.0,0.0,0.0,0.0,0.0,0.0,0.0,-609.0939319117167,0.0,0.0,548.131307461164,0.0,41.623546863440865,0.0,0.0,0.0,-903.9132114389263,903.9132114389263,-903.9132114389263,0.0,-46.87499999999831,46.87499999999831,-164.9935044980525,0.0,0.0,0.0,0.0,0.0,10.338751962854758,0.13426950601109955,0.0,0.0,0.0,-54.798375640755694,0.0,0.0,0.0,0.0,0.0,909.4612028347144,0.0,0.0,0.0,0.0,0.0,999.8657304939888,999.8657304939888,0.0,0.0,0.0,0.0,0.0,0.0,0.0,1000.0,0.0,0.0,0.0,-681.5253855493842,0.0,0.0,0.0,0.0,0.0,0.0,0.0,0.0,0.0,0.0,-63.31359290497098,0.0,0.0,0.0,0.0,-915.3143649050635,0.0,0.0,0.0,0.0,0.0,0.0,-351.4317782070915,10.70630468898571,-10.70630468898571,0.0,0.0,0.0,0.0,0.0,0.0,0.0,0.0,745.1576504211916,0.0,0.0,0.0,0.0,0.0,0.0,0.0,0.0,0.0,0.0,0.0,0.0,0.0,465.0025722574366,-383.64336629697027,-401.82425303230764,0.0,0.0,0.0,0.0,0.0,0.0,0.0,0.0,0.0,43.17316700330605,0.0,0.0,0.0,0.0,0.0,0.0,0.0,0.0,0.0,505.673286634636,0.0,507.8504556578342,0.0,715.6119890368658,-108.0813121276152,390.0131163820606,0.0,401.82425303230764,0.0,0.0,164.9935044980525,-702.5597285214651,0.0,0.0,0.0,-68.52996321350311,0.0,0.0,-963.1604370610628,0.0,0.0,-963.1604370610628,0.0,0.0,-748.5992870957164,0.0,0.0,0.0,0.0,374.6119217709678,0.0,0.0,0.0,-430.7383129702738,0.0,430.7383129702738,0.0,999.7314609879778,164.9935044980525,0.0,765.4815724304374,0.0,0.0,0.0,43.17316700330605,-0.20140425901664932,0.0,0.0,0.0,0.0,0.13426950601109955,0.0,0.0,0.0,-138.49022919073667,-284.1866067041176,0.0,-159.9890489087526,92.75212885252014,0.0,859.0518509889289,0.0,0.0,0.0,-89.97290752629696,0.0,0.0,0.0,-11.560604467555642,11.560604467555642,0.0,-1000.0,-1000.0,0.0,0.0,0.0,0.0,0.0,0.0,0.0,0.0,0.0,0.0,0.0,0.0,0.0,0.0,0.0,0.0,0.0,0.0,0.0,-1000.0,0.0,0.0,970.1901085599948,1000.0,0.0,0.0,9.339000763068803,0.0,20.470890676936257,0.0,0.0,588.2979743872903,0.0,-638.4466577248425,0.0,0.0,-11.560604467555642,-25.668411312820773,0.0,-537.5548080297045,356.760918185759,638.4466577248425,-800.8624624942001,1000.0,-3.3567376502774886,-6.713475300554977,-1000.0,0.0,721.6014302174503,837.1275685487211,-572.9465847001229,548.131307461164,0.0,0.0,0.0,0.0,0.0,521.8518620627381,0.0,-465.0025722574366,465.0025722574366,465.0025722574366,-1000.0,0.0,0.0,0.0,0.0,0.0,0.0,0.0,0.0,-78.64717049144046,0.0,0.0,284.5483348422643,0.0,0.0,0.0,0.0,-986.57304939889,0.2685390120223019,0.0,0.0,0.0,0.0,0.0,0.0,0.0,0.0,0.0,400.92352892259464,0.0,0.0,0.0,0.0,0.0,0.0,0.0,0.0,0.0,0.1476964566121802,0.1476964566121802,0.0,72.47743344484412,0.0,80.56170360665973,0.0,0.0,0.0,1000.0,0.0,151.80609244914075,0.0,0.0,0.0,1000.0,-1000.0,0.0,0.0,0.0,0.0,0.0,284.5483348422643,0.0,0.0,0.0,0.0,0.0,0.0,0.0,203.0313106372389,138.49022919073667,54.798375640755694,0.0,10.338751962854758,0.0,0.0,0.0,0.0,0.0,1000.0,0.0,0.0,13.42695060110998,0.0,0.0,465.0025722574366,0.0,0.0,0.0,0.0,0.0,0.0,0.0,0.0,0.0,0.0,0.0,0.0,0.0,80.56170360665973,164.9935044980525,164.9935044980525,0.0,0.0,0.0,0.0,0.0,0.0,0.0,0.0,0.0,0.0,1.3426950601109955,0.0,0.0,0.0,0.0,0.0,-351.4317782070915,0.0,0.0,548.131307461164,0.0,0.0,0.0,0.0,0.0,0.0,0.0,0.0,0.0,0.0,0.0,226.46830217976088,0.0,40.28085180332987,40.28085180332987,-132.93855241235394,-1000.0,0.0,284.5483348422643,0.0,0.0,0.0,0.0,0.0,-70.20833203864186,0.0,0.0,0.13426950601109955,0.0,0.0,0.0,177.32206404565858,110.29682953554261,0.0,0.0,0.0,-164.9935044980525,0.0,0.0,0.0,0.0,0.0,0.0,0.0,0.0,0.0,0.0,0.0,0.0,0.13426950601109955,0.0,0.0,0.0,0.0,0.0,0.0,0.0,0.0,0.0,0.0,1000.0,0.0,0.0,-1000.0,-10.070212950832456,-6.713475300554977,0.0,0.0,0.0,0.0,0.0,0.0,0.0,0.0,0.0,0.0,0.0,0.0,164.9935044980525,0.0,0.0,0.0,155.36832081788242,0.0,0.0,0.0,521.7175925567269,0.0,0.0,0.13426950601109955,0.0,0.13426950601109955,0.0,0.0,0.0,80.56170360665973,163.80879733354146,163.80879733354146,0.0,0.0,0.0,0.0,0.0,0.0,0.0,54.798375640755694,0.0,0.0,0.0,0.0,0.0,0.0,0.0,0.0,0.0,0.0,0.0,0.0,0.0,0.0,0.0,0.0,0.0,0.0,0.0,0.0,0.0,0.0,0.0,0.20140425901664932,0.0,0.0,0.0,-548.131307461164,0.0,0.0,0.0,0.0,0.0,-72.47743344484412,6.713475300554977,0.0,0.0,0.0,0.0,0.0,-29.80989144000506,0.0,0.0,0.0,0.0,0.0,0.0,0.0,0.0,164.9935044980525,0.0,0.0,511.01663702202524,-392.5251388125925,0.0,629.002786260225,20.32392200924565,0.0,-20.470890676936257,20.470890676936257,0.0,0.0,-866.3685258550065,0.0,6.713475300554977,1000.0,0.0,0.0,0.0,-78.64717049144046,-1000.0,1000.0,0.0,0.0,0.0,-525.3510393605595,0.0,0.0,0.0,145.86123930064755,-102.6880722973415,163.80879733354146,0.0,0.0,0.0,0.0,0.0,0.0,0.0,0.0,0.0,505.673286634636,0.0,0.0,0.0,-578.2455929682533,0.0,-53.68140469079327,40.28085180332987,0.0,0.0,0.0,0.0,-329.4418231146892,0.0,0.0,0.1476964566121802,0.0,0.0,0.0,81.90439866677073,0.0,0.0,0.0,0.0,-383.64336629697027,0.0,0.0,0.0,0.0,0.0,0.0,0.0,0.0,0.0,0.0,0.013426950601109766,0.013426950601109766,0.0,0.0,0.0,0.0,0.0,0.0,0.0,0.0,0.0,0.0,0.0,0.0,0.0,0.0,0.0,72.47743344484412,0.0,0.0,0.0,0.0,0.0,0.0,0.0,0.0,0.0,0.0,0.0,0.0,0.0,-171.2149846905558,0.0,0.0,0.0,0.0,80.56170360665973,0.0,0.0,0.0,0.0,0.0,-80.56170360665973,0.0,0.0,0.0,0.0,0.0,0.0,0.0,0.0,0.0,0.0,0.0,0.0,0.0,0.0,-466.43659870659997,91.9746116176032,0.0,-548.131307461164,0.0,999.4629219759554,0.0,0.0,0.0,0.0,0.0,0.0,0.0,0.0,0.0,0.0,0.0,0.0,0.0,0.0,0.0,0.0,0.0,-16.78368825138743,164.9935044980525,-598.3681873381228,92.61785934650904,0.0,0.0,0.0,0.0,0.0,-1.6783688251387443,0.0,78.64717049144046,0.0,0.0,0.0,0.0,0.0,0.0,0.0,1000.0,40.28085180332987,40.28085180332987,0.0,0.0,0.0,0.0,0.0,0.1476964566121802,72.47743344484412,0.0,0.0,-999.4629219759554,0.0,0.0,0.0,0.0,0.0,0.0,0.0,0.0,0.0,0.0,0.0,0.0,0.0,0.0,0.0,0.0,0.0,0.0,0.0,140.98298131165453,10.338751962854758,0.0,0.0,0.0,0.0,0.0,72.47743344484412,0.0,524.446224680527,0.0,0.0,0.0,-16.78368825138743,0.0,0.0,0.0,0.0,0.0,0.0,0.0,0.0,0.0,0.0,0.0,0.0,0.0,0.0,0.0,0.0,0.0,0.0,-0.13426950601109955,0.0,0.0,6.713475300554977,-1000.0,0.0,0.0,0.0,0.0,164.9935044980525,0.0,0.0,0.0,11.560604467555642,3.3567376502774886,0.0,0.0,0.0,0.13426950601109955,0.0,134.26950601109954,-41.623546863440865,26.85390120221991,0.9590679000792824,374.6119217709678,-0.10070212950832466,800.8624624942001,2.685390120221991,-0.6713475300557034,-374.6119217709678,40.28085180332987,-0.13426950601109955,29.990969175432323,284.5483348422643,0.03356737650277489,0.9590679000792824,-89.97290752629696,-21.37570535696873,-2.685390120221991,-30.732495609178443,-0.13426950601109955,0.03356737650277489,-374.6119217709678,13.426950601109954,0.13426950601109955,0.13426950601109955,-72.19546748222085,0.14769645661220931,-696.3304048107534,-0.10070212950832466,40.28085180332987,0.13426950601109955,548.131307461164,440.7157026522844,-0.06713475300554977,-33.184982971367006,-13.561220107121054,-0.10070212950832466,-0.13426950601109955,-41.623546863440865,0.13426950601109955,13.426950601109954,-2.685390120221991,0.0,0.0,-13.426950601109954,30.732495609178443,0.0,26.85390120221991,0.20140425901664932,-25.748123175668297,13.426950601109954,-203.0313106372389,284.5483348422643,-26.85390120221991,0.06713475300554977,1.3426950601109955,39.99726222718815,-365.6712376103726,-0.13426950601109955,-102.6880722973415,72.19546748222085,41.623546863440865,0.13426950601109955,21.37570535696873,-384.4255280288893,284.5483348422643,-0.13426950601109955,-0.03356737650277489,-284.5483348422643,-0.13426950601109955,-986.57304939889,0.13426950601109955,-0.03356737650277489,-0.03356737650277489,-0.03356737650277489,53.70780240443982,-440.7157026522844,1.3426950601109955,99.47692026597294,-0.03356737650277489,50.00355527894398,6.713475300554977,500.0,0.13426950601109955,0.06713475300554977,0.06713475300554977,73.20436577321586,41.623546863440865,0.13426950601109955,-41.623546863440865,1.3426950601109955,0.13426950601109955,-99.47692026597294,0.13426950601109955,0.5370780240446038,0.6713475300557034,0.06713475300554977,0.03356737650277489,40.28085180332987,-0.13426950601109955,696.3304048107534,1.3426950601109955,-198.95384053194587,797.5057248439226,-13.426950601109954,26.85390120221991,6.713475300554977,-0.13426950601109955,89.97290752629696,0.20140425901664932,-0.13426950601109955,-146.4087315464317,41.623546863440865,760.1910150886571,0.06713475300554977,-1000.0,-0.13426950601109955,-0.13426950601109955,-0.13426950601109955,0.06713475300554977,374.6119217709678,-26.85390120221991,0.13426950601109955,79.9945244543763,-0.03356737650277489,-0.14769645661220931,-79.9945244543763,20.14042590166493,13.561220107121054,-562.0616087787241,374.6119217709678,-0.10070212950832466,102.6880722973415,365.6712376103726,0.13426950601109955,-0.03356737650277489,6.713475300554977,134.26950601109954,-0.06713475300554977,-0.13426950601109955,0.03356737650277489,0.0,0.0,-225.7197244816209,0.0,-1000.0,0.0,422.7770452157645,17.35656592640038,0.0,-490.7375133005263,952.8221767885344,-601.0583118216892,-251.40071290428364,245.36875665026315,500.0,-476.4110883942672,0.0,-8.67828296320019,-72.47743344484412,-430.74919197396787,251.40071290428364,601.0583118216892,-430.74919197396787,-422.7770452157645,396.8878113217719,0.0,1496.5981,bhi
422,0.0,0.0,0.0,0.0,0.0,0.0,0.0,0.0,-0.04285947366162819,0.0,0.0,0.0,0.0,0.0,0.0,0.0,645.5619475111198,-765.3581184926368,0.0,818.174984853279,0.0,0.0,0.0,0.0,0.0,0.0,0.0,0.0,0.0,-503.31336740147293,29.396003929724955,-29.396003929724955,999.0528056320779,0.0,0.0,0.0,0.0,-0.1714378946464109,0.0,-1000.0,1000.0,0.0,0.0,738.9513484194774,0.0,0.0,0.0,0.0,329.4562482261892,-547.5550101200542,0.0,210.65617675531342,0.0,0.04714542102781019,0.0,0.0,0.0,0.0,0.0,0.0,161.5010128955633,0.0,637.8352160516397,274.11371338938613,0.0,0.0,0.0,0.0,440.6733500922176,-440.6733500922176,0.0,0.42859473661628195,0.0,0.0,0.0,0.0,0.0,0.0,0.0,0.0,0.0,0.0,-158.49762330748484,0.0,25.715684196976916,0.0,0.0,164.41561700791124,-500.0,1000.0,-0.010714868415407048,0.0,0.0,0.0,12.857842098488458,0.0,12.857842098488458,0.0,0.0,0.0,0.0,2.1429736830814097,-579.4740827140838,0.0,0.0,0.0,0.0,0.0,0.0,0.0,0.0,0.0,0.0,0.0,0.0,0.0,0.0,0.0,0.0,0.0,0.0,0.0,0.0,0.0,-1000.0,0.0,0.0,12.857842098488458,0.0,13.28643683510474,0.0,0.0,1000.0,-1000.0,0.0,0.0,0.0,0.0,0.0,-525.2225155578169,0.0,0.0,0.0,0.0,0.0,161.79780277943024,0.04285947366162819,0.0,0.0,0.0,0.0,0.0,0.0,0.0,158.49762330748484,0.0,-23.157759989321676,0.0,0.0,0.0,0.0,0.0,-355.010890082201,-355.010890082201,0.0,0.0,0.0,0.0,0.0,0.0,0.0,-325.57202667881444,0.0,0.0,0.0,201.92124472735534,0.0,0.0,0.0,0.0,0.0,0.0,0.0,0.0,0.0,0.0,-331.10781177614217,0.0,0.0,0.0,0.0,-1000.0,0.0,0.0,0.0,0.0,0.0,547.5550101200542,-210.65617675531342,-500.0,500.0,525.2225155578169,0.0,0.0,0.0,0.0,0.0,0.0,76.16071531261089,-1000.0,0.0,0.0,0.0,0.0,0.0,0.0,0.0,0.0,0.0,0.0,0.0,0.0,0.0,0.0,282.8009518499683,-261.04865158052263,0.0,0.0,0.0,0.0,-215.5655267826271,0.0,0.0,0.0,0.0,161.5010128955633,-1000.0,29.396003929724955,0.0,0.0,0.0,0.0,0.0,0.0,0.0,83.03104710122663,8.571894732325639,0.0,0.0,1000.0,1000.0,-216.784311521213,0.0,261.04865158052263,0.0,0.0,525.2225155578169,21.36592607217272,0.0,0.0,0.0,51.40412094229748,0.0,0.0,-538.3156028385797,0.0,0.0,-538.3156028385797,0.0,0.0,-1000.0,0.0,-730.3988221181446,547.5550101200542,0.0,-190.07905725924715,0.0,0.0,0.0,274.93962451392656,0.0,-274.93962451392656,0.0,0.0,0.0,0.0,-690.3430112248102,0.0,0.0,0.0,161.5010128955633,-0.0642892104924423,0.0,0.0,0.0,0.0,0.04285947366162819,0.0,0.0,0.0,594.4541220250951,645.5619475111198,0.0,0.0,1000.0,0.0,822.5148308736782,0.0,-634.9921140106509,0.0,0.0,0.0,0.0,0.0,-3.690200682266206,-265.24761396885407,903.9299286617711,-1000.0,-1000.0,0.0,0.0,0.0,0.0,0.0,0.0,0.0,0.0,0.0,0.0,0.0,0.0,0.0,0.0,0.0,0.0,0.0,-1000.0,0.0,-1000.0,158.49762330748484,0.0,52.25496811959738,0.0,0.0,0.0,-215.432845950932,0.0,0.0,0.0,0.0,0.0,-1000.0,675.321109273102,0.0,0.0,824.5742638766365,-1000.0,-2.1429736830814097,-961.6402099471535,0.0,-675.321109273102,-2.1429736830814097,1000.0,-1.0714868415407048,0.0,819.8874632344041,0.0,-1000.0,1000.0,-2.1429736830814097,12.857842098488458,0.0,0.0,0.0,0.0,0.0,0.0,1000.0,1000.0,-1000.0,-1000.0,726.5239628725756,0.0,0.0,-325.6577456261377,0.0,0.0,76.16071531261089,0.0,0.0,-202.22048976669032,0.0,0.0,190.3430112248102,0.0,0.0,0.0,0.0,269.9431097514799,0.08571894732323933,0.0,0.0,0.0,0.0,0.0,0.0,0.0,0.0,0.0,0.0,0.0,0.0,0.0,0.0,0.0,0.0,0.0,0.0,0.0,0.04714542102781019,0.04714542102781019,29.396003929724955,99.4269893558131,0.0,25.715684196976916,0.0,139.97996372843397,0.0,1000.0,0.0,0.0,0.0,0.0,0.0,1000.0,-1000.0,0.0,0.0,0.0,0.0,0.0,190.3430112248102,0.0,0.0,0.0,0.0,0.0,0.0,0.0,333.3333333333333,-594.4541220250951,0.0,0.0,3.300179471945384,0.0,0.0,0.0,-309.6569887751898,0.0,1000.0,0.0,1000.0,269.9431097514799,0.0,0.0,0.0,0.0,0.0,0.0,0.0,0.0,0.0,0.0,0.0,0.0,0.0,0.0,0.0,0.0,25.715684196976916,525.2225155578169,525.2225155578169,0.0,0.0,0.0,0.0,0.0,0.0,0.0,0.0,0.0,0.0,0.42859473661628195,0.0,29.396003929724955,0.0,0.0,29.396003929724955,-210.65617675531342,0.0,0.0,12.857842098488458,0.0,0.0,0.0,0.0,0.0,0.0,0.0,0.0,0.0,0.0,339.54443293517767,0.0,0.0,12.857842098488458,12.857842098488458,276.7333571257082,-1000.0,0.0,190.3430112248102,0.0,0.0,0.0,0.0,0.0,579.4740827140838,76.16071531261089,1000.0,0.04285947366162819,0.0,0.0,-321.90221275654113,378.5042705086728,0.0,0.0,0.0,0.0,0.0,0.0,0.0,0.0,0.0,0.0,0.0,0.0,0.0,0.0,0.0,0.0,0.0,0.04285947366162819,0.0,0.0,0.0,0.0,0.0,0.0,0.0,0.0,0.0,0.0,-163.17787783133463,0.0,0.0,0.0,-3.2144605246221145,-2.1429736830814097,0.0,0.0,265.625,265.625,-265.625,0.0,0.0,0.0,0.0,0.0,0.0,0.0,525.2225155578169,0.0,0.0,0.0,-1000.0,0.0,0.0,0.0,-0.04285947366162819,0.0,0.0,0.04285947366162819,0.0,0.04285947366162819,0.0,0.0,0.0,25.715684196976916,52.28855786718639,52.28855786718639,0.0,0.0,0.0,0.0,0.0,0.0,0.0,0.0,0.0,76.16071531261089,0.0,0.0,0.0,0.0,0.0,0.0,0.0,0.0,0.0,0.0,0.0,0.0,0.0,0.0,0.0,0.0,0.0,309.6569887751898,0.0,0.0,0.0,0.0642892104924423,0.0,0.0,0.0,-12.857842098488458,0.0,0.0,0.0,0.0,0.0,-99.4269893558131,2.1429736830814097,0.0,0.0,0.0,0.0,0.0,-563.6193416141944,0.0,0.0,0.0,0.0,0.0,0.0,0.0,0.0,525.2225155578169,0.0,0.0,774.8489748723398,99.42698935581313,0.0,-717.9092086665884,0.0,0.0,-779.0521875651264,0.0,779.0521875651264,158.49762330748484,-30.92263179501367,139.97996372843397,2.1429736830814097,833.4223696667158,0.0,0.0,-29.396003929724955,-202.22048976669032,140.62500000000534,-140.62500000000534,0.0,0.0,0.0,0.0,0.0,0.0,0.0,324.6788907268979,0.0,52.28855786718639,0.0,-466.87952705525413,-466.87952705525413,496.27553098497907,0.0,0.0,0.0,0.0,0.0,83.03104710122663,0.0,0.0,109.07037092967946,-56.60205775213168,-412.75373294405864,0.0,12.857842098488458,0.0,0.0,0.0,0.0,-500.0,0.0,0.0,0.04714542102781019,0.0,0.0,0.0,26.144278933593196,0.0,0.0,0.0,0.0,282.8009518499683,0.0,0.0,0.0,0.0,0.0,0.0,0.0,0.0,-1000.0,0.0,0.00428594736616282,0.00428594736616282,0.0,0.0,0.0,0.0,0.0,0.0,0.0,0.0,0.0,-321.90221275654113,29.396003929724955,0.0,0.0,0.0,0.0,99.4269893558131,0.0,0.0,0.0,0.0,0.0,0.0,0.0,547.5550101200542,0.0,0.0,0.0,0.0,1000.0,497.7001292282492,-765.3581184926368,0.0,0.0,0.0,25.715684196976916,0.0,0.0,0.0,0.0,0.0,0.0,-25.715684196976916,0.0,0.0,0.0,0.0,0.0,0.0,0.0,0.0,0.0,29.396003929724955,29.396003929724955,0.0,-1000.0,-1000.0,29.358739458215314,-12.857842098488458,0.0,0.0,-0.1714378946464109,0.0,0.0,0.0,0.0,0.0,0.0,0.0,0.0,0.0,0.0,0.0,0.0,0.0,0.0,0.0,0.0,139.97996372843397,-5.357434207703524,525.2225155578169,-3.2144605246221145,-3.2144605246221145,0.0,0.0,0.0,0.0,0.0,-610.208071878171,609.6723284574007,360.71811307417516,0.0,0.0,0.0,0.0,0.0,0.0,0.0,1000.0,12.857842098488458,12.857842098488458,0.0,0.0,0.0,0.0,0.0,0.04714542102781019,99.4269893558131,0.0,0.0,0.1714378946464109,0.0,0.0,0.0,0.0,0.0,0.0,0.0,0.0,0.0,0.0,0.0,0.0,0.0,0.0,0.0,0.0,0.0,0.0,0.0,45.0024473447096,0.0,0.0,3.300179471945384,0.0,0.0,0.0,99.4269893558131,0.0,613.7313360507103,0.0,0.0,0.0,-5.357434207703524,0.0,0.0,0.0,0.0,0.0,0.0,0.0,0.0,0.0,0.0,0.0,0.0,0.0,0.0,0.0,0.0,0.0,0.0,-0.04285947366162819,0.0,0.0,2.1429736830814097,-1000.0,0.0,0.0,0.0,0.0,525.2225155578169,0.0,0.0,0.0,3.690200682266206,1.0714868415407048,0.0,0.0,0.0,0.04285947366162819,0.0,42.85947366162819,-13.28643683510474,8.571894732325639,0.3061390975830585,119.57793151594265,-0.03214460524622115,2.1429736830814097,0.8571894732325639,-0.21429736830803908,-119.57793151594265,12.857842098488458,-0.04285947366162819,0.0,190.3430112248102,0.010714868415407048,0.3061390975830585,0.0,-6.823228206931162,28.53881445649238,-698.3788138717621,-0.04285947366162819,0.010714868415407048,-119.57793151594265,276.8247097816857,0.04285947366162819,0.04285947366162819,-99.33698446112368,0.04714542102779101,-729.1096958805981,-0.03214460524622115,12.857842098488458,0.04285947366162819,12.857842098488458,-21.429736830814097,-0.021429736830814096,752.2674558699198,211.23671994280267,-0.03214460524622115,-0.04285947366162819,-13.28643683510474,0.04285947366162819,4.285947366162819,-0.8571894732325639,309.6569887751898,309.6569887751898,-4.285947366162816,698.3788138717621,-309.6569887751898,8.571894732325639,0.0642892104924423,-906.3290507787256,4.285947366162819,-333.3333333333333,190.3430112248102,-8.571894732325639,0.021429736830814096,0.42859473661628195,0.0,107.99888408813877,-0.04285947366162819,-109.07037092967946,99.33698446112368,13.28643683510474,0.04285947366162819,6.823228206931162,-133.62711958466645,190.3430112248102,-0.04285947366162819,-0.010714868415407048,-190.3430112248102,-0.04285947366162819,269.9431097514799,0.04285947366162819,-0.010714868415407048,-0.010714868415407048,-0.010714868415407048,17.143789464651277,21.429736830814097,0.42859473661628195,354.50234169937266,-0.010714868415407048,0.0,2.1429736830814097,-132.82858119265853,0.04285947366162819,0.021429736830814096,0.021429736830814096,99.45745297856791,13.28643683510474,0.04285947366162819,-13.28643683510474,0.42859473661628195,0.042859473661628414,-1000.0,0.04285947366162819,0.1714378946464109,0.21429736830803908,0.021429736830814096,0.010714868415407048,12.857842098488458,-0.04285947366162819,729.1096958805981,-14.26940722824619,-709.0046833987453,1.0714868415407048,-4.285947366162819,8.571894732325639,2.1429736830814097,-0.04285947366162819,0.0,0.0642892104924423,-0.042859473661628414,-198.91490595713583,13.28643683510474,513.1407421417207,0.021429736830814096,265.65716238531706,-0.04285947366162819,-0.04285947366162819,-0.04285947366162819,0.021429736830814096,119.57793151594265,-8.571894732325639,0.04285947366162819,0.0,-0.010714868415407048,-0.04714542102779101,0.0,6.428921049244228,-211.23671994280267,605.1943480978558,119.57793151594265,-0.03214460524622115,109.07037092967946,-107.99888408813877,0.04285947366162819,-0.010714868415407051,2.1429736830814097,42.85947366162819,-0.021429736830814096,-0.04285947366162819,0.010714868415407048,0.0,0.0,906.3076210418948,645.4976583006273,658.0845806271817,0.0,617.0242115841538,-1000.0,272.5387624155229,-1000.0,-735.0958576049012,709.3373139342627,0.0,500.0,-329.04229031359085,367.5479288024506,-272.5387624155229,500.0,-99.4269893558131,-13.14074214172075,0.0,-709.3373139342627,-13.14074214172075,-617.0242115841538,373.1826919013287,0.0,1496.5981,bhi
423,0.0,0.0,0.0,0.0,0.0,0.0,0.0,0.0,-0.024996036601310345,0.0,0.0,0.0,0.0,0.0,0.0,0.0,-608.1065403057156,627.0253681916424,0.0,0.0,0.0,0.0,0.0,0.0,0.0,0.0,0.0,0.0,0.0,-1000.0,0.0,0.0,0.0,0.0,0.0,0.0,0.0,-278.9723155052508,0.0,-1000.0,1000.0,0.0,0.0,0.0,0.0,0.0,0.0,0.0,608.1065403057156,0.0,0.0,0.0,0.0,0.027495640261421695,0.0,0.0,0.0,4.999207320262069,0.0,0.0,282.80150370389947,0.0,0.0,-572.2069602778671,0.0,0.0,0.0,0.0,172.1957736356802,455.66918043398846,0.0,0.24996036601310345,0.0,0.0,0.0,0.0,0.0,0.0,0.0,257.8200957688707,0.0,0.0,0.0,0.0,14.997621960786207,0.0,0.0,0.0,315.05784007291936,608.1440343606175,-0.006249009150327585,0.0,0.0,634.5106697520398,7.498810980393103,0.0,327.3636418005543,-0.8048723785642551,0.0,0.0,0.0,216.32890737789765,-1000.0,0.0,0.0,0.0,0.0,0.0,0.0,0.0,0.0,0.0,0.0,0.0,0.0,0.0,0.0,0.0,0.0,0.0,0.0,0.0,0.0,0.0,-937.968189158006,0.0,0.0,327.3636418005543,0.0,7.748771346406207,0.0,0.0,-167.16247377305248,-791.7924128048736,958.9548865779261,-958.9548865779261,-1000.0,-796.874999999999,796.874999999999,144.99153601823343,0.0,0.0,0.0,0.0,0.0,1.9246948183008952,0.024996036601310345,0.0,0.0,0.0,-480.4052357463052,0.0,0.0,0.0,0.0,0.0,374.62362151345525,0.0,0.0,0.0,0.0,0.0,-99.27067280512442,-99.27067280512442,0.0,0.0,0.0,0.0,674.7221449413789,0.0,0.0,-99.24567676852311,0.0,0.0,0.0,-1000.0,-709.4053301548556,0.0,0.0,0.0,0.0,0.0,0.0,0.0,0.0,0.0,-9.603272653551244,0.0,0.0,0.0,0.0,388.7425529779481,0.0,0.0,0.0,0.0,0.0,0.0,0.0,-353.26695924934796,353.26695924934796,855.0084639817666,0.0,0.0,0.0,0.0,0.0,0.0,0.0,671.2788717090455,0.0,0.0,0.0,0.0,0.0,0.0,0.0,0.0,0.0,0.0,0.0,0.0,0.0,0.0,-140.17332514740684,1000.0,0.0,0.0,0.0,0.0,-855.0084639817666,0.0,0.0,0.0,0.0,282.80150370389947,1000.0,0.0,0.0,0.0,0.0,0.0,0.0,0.0,0.0,0.0,0.0,319.8648308201612,0.0,0.0,668.3247993222674,254.83958105636765,0.0,-1000.0,0.0,0.0,855.0084639817666,926.8241577536287,0.0,0.0,0.0,-287.522005216058,0.0,0.0,-337.9153365036559,-593.0991942587755,0.0,-337.9153365036559,593.0991942587755,0.0,-38.20911917642866,0.0,-334.3481313634212,0.0,0.0,69.73894211765587,0.0,0.0,0.0,-1000.0,0.0,1000.0,0.0,-99.29566884172573,0.0,0.0,1000.0,0.0,0.0,0.0,282.80150370389947,-0.037494054901965515,0.0,0.0,0.0,0.0,0.024996036601310345,0.0,0.0,0.0,-716.1061947785024,-608.1065403057156,0.0,0.0,-275.73887950207944,709.4053301548556,1000.0,0.0,-469.99165649190024,0.0,0.0,0.0,0.0,0.0,68.47408776166495,0.0,401.5175687302353,81.84747360340141,-1000.0,0.0,0.0,0.0,0.0,0.0,0.0,0.0,0.0,0.0,0.0,0.0,0.0,0.0,0.0,0.0,0.0,0.0,-1000.0,0.0,-721.1276686411543,0.0,0.0,0.0,0.0,577.349928777319,0.0,-1.9246948183008952,0.0,0.0,0.0,0.0,215.07910554783214,0.0,0.0,-830.5698705396541,-1000.0,-172.1957736356802,472.6921786666561,0.0,-505.8009785269374,0.0,0.0,721.7805159356725,888.7144942890711,999.3750990849672,-1.2498018300655171,0.0,0.0,-1.2498018300655171,1000.0,-1000.0,327.3636418005543,0.0,0.0,0.0,0.0,0.0,0.0,683.2817354066926,683.2817354066925,-683.2817354066925,-683.2817354066925,706.4911395781226,0.0,0.0,0.0,0.0,0.0,0.0,0.0,0.0,-289.40545657396757,0.0,703.124999999999,327.3636418005543,0.0,0.0,0.0,0.0,-947.9422026942664,0.049992073202592975,0.0,0.0,0.0,0.0,0.0,0.0,0.0,0.0,0.0,627.8649540696687,0.0,0.0,0.0,0.0,0.0,0.0,0.0,0.0,0.0,0.027495640261421695,0.027495640261421695,0.0,278.1739881351195,0.0,14.997621960786207,0.0,0.0,0.0,1000.0,0.0,0.0,0.0,0.0,0.0,1000.0,-1000.0,0.0,0.0,0.0,0.0,0.0,327.3636418005543,0.0,0.0,0.0,0.0,0.0,0.0,0.0,312.6560630526687,716.1061947785024,480.4052357463052,0.0,1.9246948183008952,0.0,0.0,634.5106697520398,634.5106697520398,0.0,1000.0,0.0,0.0,52.05779730573363,1000.0,-1000.0,0.0,0.0,0.0,0.0,0.0,0.0,0.0,0.0,0.0,0.0,0.0,0.0,0.0,0.0,14.997621960786207,855.0084639817666,855.0084639817666,0.0,0.0,0.0,0.0,0.0,0.0,0.0,0.0,0.0,0.0,0.24996036601310345,0.0,0.0,0.0,0.0,0.0,0.0,0.0,0.0,327.3636418005543,0.0,0.0,0.0,0.0,0.0,0.0,0.0,0.0,0.0,0.0,1000.0,-1000.0,0.0,7.498810980393103,7.498810980393103,-656.9600798598501,-1000.0,0.0,327.3636418005543,0.0,0.0,0.0,0.0,0.0,-81.84747360340141,0.0,205.98698207017299,0.024996036601310345,0.0,0.0,0.0,33.01083719440193,288.5096531016154,0.0,-634.5106697520398,0.0,0.0,0.0,0.0,0.0,0.0,0.0,0.0,0.0,0.0,0.0,0.0,0.0,0.0,0.024996036601310345,0.0,0.0,0.0,1000.0,-1000.0,0.0,0.0,0.0,0.0,0.0,393.44672297399234,0.0,0.0,-116.49908643344759,-1.8747027450982614,-1.2498018300655171,0.0,0.0,0.0,0.0,0.0,0.0,0.0,0.0,0.0,0.0,0.0,0.0,855.0084639817666,709.4053301548556,0.0,0.0,-1000.0,0.0,0.0,0.0,-0.024996036601310345,0.0,0.0,0.024996036601310345,0.0,0.024996036601310345,0.0,0.0,0.0,14.997621960786207,30.49516465359862,30.49516465359862,0.0,0.0,0.0,0.0,0.0,0.0,0.0,480.4052357463052,0.0,0.0,0.0,0.0,70.62624651303774,0.0,0.0,0.0,0.0,0.0,0.0,0.0,0.0,0.0,0.0,0.0,0.0,0.0,0.0,0.0,0.0,-566.481811113795,566.481811113795,0.037494054901965515,0.0,0.0,0.0,-327.3636418005543,0.0,0.0,0.0,0.0,0.0,-278.1739881351195,1.2498018300655171,0.0,0.0,0.0,0.0,-674.7221449413789,-393.44672297399234,0.0,0.0,703.124999999999,0.0,0.0,0.0,0.0,0.0,855.0084639817666,0.0,0.0,15.209632009268262,278.1739881351195,0.0,17.44329642435913,288.5096531016154,395.37141779229324,-395.37141779229324,0.0,0.0,0.0,896.3289931000301,0.0,1.2498018300655171,1000.0,0.0,97.14959585465067,0.0,-289.40545657396757,0.0,0.0,15.62500000000175,-15.62500000000175,0.0,0.0,0.0,0.0,0.0,5.853867163354721,0.0,30.49516465359862,0.0,0.0,0.0,0.0,0.0,0.0,0.0,0.0,0.0,0.0,0.0,0.0,283.79809637041427,-660.8757912640706,42.20853664890109,0.0,7.498810980393103,0.0,0.0,0.0,0.0,-500.0,0.0,0.0,0.027495640261421695,0.0,0.0,0.0,15.24758232679931,0.0,0.0,0.0,0.0,-140.17332514740684,0.0,0.0,0.0,0.0,0.0,0.0,0.0,0.0,-1000.0,0.0,0.0024996036601310345,0.0024996036601310345,0.0,0.0,0.0,0.0,0.0,0.0,0.0,0.0,0.0,0.0,0.0,0.0,0.0,0.0,0.0,278.1739881351195,0.0,0.0,0.0,0.0,0.0,0.0,0.0,0.0,0.0,0.0,0.0,0.0,0.0,-942.4546716691368,627.0253681916424,0.0,0.0,0.0,14.997621960786207,0.0,0.0,0.0,0.0,0.0,0.0,-14.997621960786207,0.0,0.0,0.0,0.0,0.0,0.0,0.0,0.0,0.0,0.0,0.0,0.0,-205.98698207017299,-1000.0,87.74853158493534,-327.3636418005543,0.0,0.0,-278.9723155052508,0.0,0.0,0.0,0.0,0.0,0.0,0.0,0.0,0.0,679.6875,0.0,-679.6875,-679.6875,0.0,0.0,0.0,0.0,-3.1245045751637788,855.0084639817666,-216.9538082929304,68.75154376793947,0.0,0.0,0.0,0.0,0.0,0.0,-0.3124504575163793,289.40545657396757,0.0,0.0,0.0,0.0,0.0,0.0,0.0,1000.0,7.498810980393103,7.498810980393103,0.0,0.0,0.0,0.0,257.8200957688707,0.027495640261421695,278.1739881351195,0.0,0.0,278.9723155052508,0.0,0.0,0.0,0.0,0.0,0.0,0.0,0.0,0.0,0.0,0.0,0.0,0.0,0.0,283.2409055568975,0.0,0.0,0.0,0.0,26.245838431375862,1.9246948183008952,0.0,0.0,0.0,0.0,0.0,278.1739881351195,0.0,391.3920487653626,0.0,0.0,0.0,-3.1245045751637788,0.0,0.0,0.0,0.0,0.0,0.0,0.0,0.0,0.0,0.0,0.0,0.0,0.0,0.0,0.0,0.0,0.0,0.0,-0.024996036601310345,0.0,0.0,1.2498018300655171,-1000.0,0.0,0.0,0.0,0.0,855.0084639817666,0.0,0.0,0.0,-68.47408776166495,0.6249009150327586,0.0,0.0,0.0,0.024996036601310345,0.0,24.99603660131034,-7.7487713464062065,4.999207320262069,0.17854311858078814,69.73894211765587,-0.018747027450982754,108.78935460398156,0.4999207320262069,-0.12498018300641434,-69.73894211765587,7.498810980393103,-0.024996036601310345,0.0,327.3636418005543,0.006249009150327586,0.17854311858078817,0.0,-3.9793690269306694,-0.4999207320262069,-18.918827885926817,-0.024996036601310345,0.006249009150327586,-69.73894211765587,2.4996036601310343,0.024996036601310345,0.024996036601310345,-278.12149645825673,0.027495640261441377,-659.432549592651,-0.018747027450982754,7.498810980393103,0.024996036601310345,327.3636418005543,307.366812519506,-0.012498018300655172,284.8089280791957,852.4838642850342,-0.018747027450982754,-0.024996036601310345,-7.7487713464062065,0.024996036601310345,2.4996036601310343,-0.4999207320262069,0.0,0.0,-2.4996036601310343,18.918827885926817,0.0,4.999207320262069,0.03749405490196551,-1000.0,2.4996036601310343,-312.6560630526687,327.3636418005543,-4.999207320262069,0.01249801830065517,0.24996036601310345,0.0,283.1731954553816,-0.024996036601310345,-283.79809637041427,278.12149645825673,7.748771346406207,0.024996036601310345,3.9793690269306694,-22.49643294117927,327.3636418005543,-0.024996036601310345,-0.006249009150327586,-327.3636418005543,-0.024996036601310345,-947.9422026942664,0.02499603660135108,-0.006249009150327585,-0.006249009150327585,-0.006249009150327585,9.998414640524137,-307.366812519506,0.24996036601310345,18.518938617003244,-0.006249009150327585,0.0,1.2498018300655171,475.2209031771987,0.024996036601310345,0.012498018300655172,0.012498018300655172,166.1814245604082,7.7487713464062065,0.024996036601310345,-7.7487713464062065,0.24996036601310345,0.024996036601310345,-18.518938617003244,0.024996036601310345,0.0999841464051201,0.12498018300641434,0.012498018300655172,0.006249009150327586,7.498810980393103,-0.024996036601310345,659.432549592651,0.24996036601310345,-37.03787723400649,108.16445368894884,-2.4996036601310343,4.999207320262069,1.2498018300655171,-0.024996036601310345,0.0,0.03749405490196551,-0.024996036601310345,-332.3628491208164,7.7487713464062065,697.6310130681466,0.012498018300655172,-950.4418063543974,-0.024996036601310345,-0.02499603660135108,-0.024996036601310348,0.012498018300655172,69.73894211765587,-4.999207320262069,0.024996036601310345,0.0,-0.006249009150327585,-0.027495640261441377,0.0,3.749405490196551,-852.4838642850342,594.0423814378756,69.73894211765587,-0.018747027450982754,283.79809637041427,-283.1731954553816,0.024996036601310345,-0.006249009150327585,1.2498018300655171,24.99603660131034,-0.012498018300655172,-0.024996036601310345,0.006249009150327586,1000.0,0.0,430.05258679751046,0.0,7.375674028074684,0.0,-258.56764247106537,287.9572406927265,0.0,994.6491121476979,-1000.0,457.962732001684,-569.9349151841889,-497.32455607384895,-3.687837014037342,500.0,0.0,-143.97862034636324,-278.1739881351195,-197.63101306814656,569.9349151841889,-457.962732001684,-197.63101306814656,258.56764247106537,-119.28540659500857,0.0,1496.5981,bhi
424,0.0,0.0,0.0,0.0,0.0,0.0,0.0,0.0,-0.08970246890018349,0.0,0.0,0.0,0.0,0.0,0.0,0.0,0.0,299.92224670131253,0.0,-25.645210067249423,0.0,0.0,0.0,0.0,0.0,0.0,0.0,0.0,0.0,-1000.0,0.0,0.0,0.0,0.0,0.0,0.0,0.0,72.56043566480713,0.0,-1000.0,865.3987724975394,0.0,0.0,0.0,0.0,0.0,0.0,0.0,0.0,0.0,0.0,0.0,0.0,0.09867271579045678,0.0,0.0,0.0,17.940493780036697,0.0,0.0,150.77436871097595,0.0,893.0345360335482,567.7864063281683,0.0,0.0,0.0,0.0,872.7487780923655,-872.7487780923655,0.0,0.8970246890018349,0.0,0.0,0.0,0.0,0.0,0.0,0.0,0.0,0.0,0.0,0.0,0.0,53.82148134011009,0.0,0.0,137.13851831703155,137.13851831703155,0.0,155.07315315831414,0.0,0.0,0.0,26.910740670055045,0.0,261.6778550760706,-153.8984702331531,0.0,0.0,0.0,4.485123445009174,-1000.0,0.0,0.0,0.0,124.99972324464278,957.5222224809978,0.0,0.0,0.0,0.0,0.0,0.0,0.0,0.0,0.0,0.0,0.0,0.0,0.0,0.0,0.0,0.0,-521.3188984802796,0.0,0.0,261.6778550760706,0.0,27.807765359056884,0.0,0.0,0.0,0.0,0.0,0.0,0.0,0.0,0.0,-476.02249841635614,0.0,0.0,0.0,0.0,0.0,6.907090105314126,0.08970246890018349,155.0955787755392,0.0,0.0,126.30716670883828,-829.7659182479791,0.0,0.0,0.0,0.0,689.2133950405839,0.0,0.0,0.0,0.0,0.0,-266.76525124938,-266.76525124938,0.0,0.0,0.0,0.0,0.0,0.0,0.0,-266.67554878047986,0.0,0.0,0.0,-504.65918638346346,0.0,0.0,0.0,0.0,0.0,0.0,0.0,0.0,0.0,0.0,-93.04602395715807,0.0,0.0,0.0,0.0,-1000.0,0.0,0.0,0.0,0.0,0.0,0.0,0.0,-137.13851831703155,137.13851831703155,0.0,0.0,0.0,0.0,0.0,0.0,0.0,0.0,-11.212808612522934,0.0,0.0,0.0,0.0,0.0,0.0,0.0,0.0,0.0,0.0,0.0,0.0,0.0,55.05618842812714,299.718819530277,1000.0,0.0,0.0,0.0,476.02249841635614,0.0,0.0,0.0,0.0,0.0,150.77436871097595,1000.0,0.0,0.0,0.0,0.0,0.0,0.0,0.0,0.0,595.9848947990262,0.0,234.76711440601557,0.0,-95.80733939147052,178.4696972425926,0.0,0.0,-1000.0,0.0,0.0,476.02249841635614,0.0,0.0,0.0,0.0,-167.71467996277545,0.0,0.0,-834.5480815246053,0.0,0.0,-834.5480815246053,0.0,0.0,0.0,0.0,0.0,0.0,0.0,250.26988823151194,0.0,0.0,0.0,-604.500425919726,0.0,604.500425919726,0.0,263.5159125260157,0.0,476.02249841635614,318.9086860570669,0.0,0.0,0.0,150.77436871097595,-0.13455370335027522,0.0,0.0,0.0,0.0,0.08970246890018349,0.0,0.0,0.0,142.33725012490322,0.0,0.0,-685.5863812768372,517.1186875525199,0.0,1000.0,0.0,1000.0,0.0,0.0,0.0,0.0,0.0,864.8954581576352,-864.8954581576352,-1000.0,-831.1640391759722,-1000.0,0.0,0.0,0.0,0.0,0.0,0.0,0.0,0.0,0.0,0.0,0.0,0.0,0.0,0.0,0.0,0.0,0.0,0.0,0.0,-1000.0,0.0,927.0807544595914,746.9949455335941,0.0,0.0,0.0,-602.8919849043402,0.0,0.0,0.0,0.0,0.0,18.0081938600307,1000.0,975.5290571181694,-210.1595297041619,-25.86151379476098,112.89396744381759,0.0,838.8610025983523,-832.2642177023906,-1000.0,-980.0141805631786,1000.0,207.91696798165734,-4.485123445009174,511.2830659013217,0.0,-1000.0,-686.8132198709692,-4.485123445009174,261.6778550760706,0.0,0.0,0.0,0.0,0.0,0.0,0.0,-55.05618842812714,55.05618842812714,55.05618842812714,535.1488838014568,0.0,0.0,-530.3708662442959,0.0,0.0,0.0,0.0,0.0,-174.47376099440407,0.0,0.0,127.07662757361014,0.0,0.0,0.0,0.0,-540.4180638402916,0.17940493780042743,0.0,0.0,0.0,0.0,0.0,0.0,0.0,0.0,0.0,0.0,0.0,0.0,0.0,0.0,0.0,0.0,0.0,0.0,0.0,0.09867271579045678,0.09867271579045678,0.0,321.43526049987895,0.0,53.82148134011009,0.0,0.0,0.0,198.75990518802396,0.0,0.0,0.0,0.0,0.0,1000.0,-198.75990518802396,0.0,0.0,0.0,0.0,0.0,127.07662757361014,0.0,0.0,0.0,0.0,0.0,0.0,0.0,173.7729661600932,-142.33725012490322,578.459028294498,0.0,6.907090105314126,0.0,0.0,0.0,0.0,0.0,1000.0,0.0,459.58193615970845,0.0,0.0,0.0,55.05618842812714,0.0,0.0,0.0,0.0,0.0,0.0,0.0,0.0,0.0,0.0,0.0,0.0,0.0,53.82148134011009,476.02249841635614,476.02249841635614,0.0,0.0,0.0,0.0,0.0,0.0,0.0,0.0,0.0,0.0,0.8970246890018349,0.0,0.0,0.0,0.0,0.0,0.0,0.0,0.0,261.6778550760706,0.0,0.0,0.0,0.0,0.0,0.0,0.0,0.0,0.0,0.0,-948.3725706531791,0.0,0.0,26.910740670055045,26.910740670055045,1000.0,-198.75990518802396,0.0,127.07662757361014,0.0,0.0,0.0,0.0,0.0,831.1640391759722,0.0,1000.0,0.08970246890018349,0.0,0.0,-881.5350751788933,1000.0,205.12177142494707,0.0,0.0,0.0,0.0,0.0,0.0,0.0,0.0,0.0,0.0,0.0,0.0,0.0,0.0,0.0,0.0,0.08970246890018349,0.0,0.0,0.0,-546.8749999999999,546.8749999999999,0.0,0.0,0.0,927.0807544595914,0.0,144.1029606292538,0.0,0.0,-1000.0,-6.727685167513761,-4.485123445009174,0.0,0.0,0.0,0.0,0.0,0.0,0.0,0.0,0.0,0.0,0.0,0.0,476.02249841635614,0.0,0.0,0.0,-1000.0,0.0,0.0,0.0,-0.08970246890018349,0.0,0.0,0.08970246890018349,0.0,0.08970246890018349,0.0,0.0,0.0,53.82148134011009,109.43701205822384,109.43701205822384,0.0,0.0,0.0,0.0,0.0,0.0,0.0,578.459028294498,0.0,0.0,0.0,0.0,0.0,872.6188407299412,0.0,0.0,0.0,0.0,0.0,0.0,0.0,0.0,0.0,0.0,0.0,0.0,0.0,0.0,0.0,-191.53809602770002,191.53809602770002,0.13455370335027522,0.0,0.0,0.0,-261.6778550760706,0.0,0.0,0.0,0.0,0.0,-321.43526049987895,4.485123445009174,0.0,0.0,0.0,0.0,0.0,1000.0,0.0,0.0,0.0,0.0,0.0,0.0,0.0,0.0,476.02249841635614,0.0,0.0,-413.1221489336996,266.3790720717518,0.0,1000.0,205.12177142494707,0.0,397.10801509565977,0.0,-397.10801509565977,0.0,-109.43701205822384,0.0,4.485123445009174,657.2288625453674,0.0,5.866478172822326,0.0,-174.47376099440407,0.0,0.0,0.0,0.0,0.0,0.0,0.0,0.0,0.0,213.699498059703,-134.10884443757226,109.43701205822384,0.0,0.0,0.0,0.0,0.0,0.0,0.0,0.0,0.0,595.9848947990262,0.0,0.0,207.5094715648478,-118.4649248211067,958.441609846954,0.0,26.910740670055045,0.0,0.0,0.0,0.0,31.014939395435476,0.0,0.0,0.09867271579045678,0.0,0.0,0.0,54.71850602911193,0.0,0.0,0.0,0.0,299.718819530277,0.0,124.99972324464278,0.0,0.0,0.0,0.0,0.0,0.0,-67.84870427048656,0.0,0.008970246890018348,0.008970246890018348,0.0,0.0,0.0,0.0,0.0,0.0,0.0,0.0,0.0,-881.5350751788933,0.0,0.0,0.0,0.0,0.0,321.43526049987895,0.0,0.0,0.0,0.0,0.0,0.0,0.0,0.0,0.0,0.0,0.0,0.0,-305.14664097125683,279.5014309040074,299.92224670131253,0.0,0.0,0.0,53.82148134011009,0.0,0.0,0.0,0.0,0.0,0.0,-53.82148134011009,0.0,0.0,0.0,0.0,0.0,0.0,0.0,0.0,0.0,0.0,0.0,0.0,-1000.0,-1000.0,934.0650319265668,-1000.0,738.3221449239294,0.0,999.6411901243985,0.0,0.0,0.0,0.0,0.0,0.0,0.0,0.0,0.0,0.0,0.0,0.0,0.0,0.0,0.0,0.0,0.0,-11.212808612522934,476.02249841635614,-6.727685167513761,1000.0,0.0,0.0,0.0,0.0,0.0,-1.1212808612522935,0.0,174.47376099440407,0.0,0.0,0.0,0.0,0.0,0.0,0.0,1000.0,26.910740670055045,26.910740670055045,0.0,0.0,0.0,0.0,0.0,0.09867271579045678,321.43526049987895,0.0,0.0,-999.6411901243985,0.0,0.0,0.0,0.0,0.0,0.0,0.0,0.0,0.0,0.0,0.0,0.0,0.0,0.0,95.76904801385001,0.0,0.0,0.0,0.0,94.18759234519266,6.907090105314126,0.0,0.0,0.0,0.0,0.0,321.43526049987895,0.0,-411.3886481445682,0.0,0.0,0.0,-11.212808612522934,0.0,0.0,0.0,0.0,0.0,0.0,0.0,0.0,0.0,0.0,0.0,0.0,0.0,0.0,0.0,0.0,0.0,0.0,-0.08970246890018349,0.0,0.0,4.485123445009174,-1000.0,0.0,0.0,0.0,0.0,476.02249841635614,0.0,0.0,0.0,-864.8954581576352,2.242561722504587,0.0,0.0,0.0,0.08970246890018349,0.0,89.70246890018348,-27.807765359056884,17.940493780036697,0.6407319207155963,250.26988823151194,-0.06727685167513761,4.485123445009094,1.7940493780036697,-0.4485123445017205,-250.26988823151194,26.910740670055045,-0.08970246890018349,0.0,127.07662757361014,0.022425617225045873,0.6407319207155963,0.0,-14.280633048908442,-1.7940493780036697,-274.2770366340631,-0.08970246890018349,0.022425617225045873,-250.26988823151194,8.970246890018348,0.08970246890018349,0.08970246890018349,-321.24688531518836,0.09867271579020184,-335.29629241534445,-0.06727685167513761,26.910740670055045,0.08970246890018349,261.6778550760706,189.91587995592383,-0.044851234450091745,-353.91710262523947,-9.059949358918532,-0.06727685167513761,-0.08970246890018349,-27.807765359056884,0.08970246890018349,8.970246890018348,-1.7940493780036697,0.0,0.0,-8.970246890018348,274.2770366340631,0.0,17.940493780036697,0.13455370335027522,-1000.0,8.970246890018348,-173.7729661600932,127.07662757361014,-17.940493780036697,0.044851234450091745,0.8970246890018349,171.3965953192093,284.3195658517885,-0.08970246890018349,-341.61831600242004,321.24688531518836,27.807765359056884,0.08970246890018349,14.280633048908442,-215.3334495126258,127.07662757361014,-0.08970246890018349,-0.022425617225045873,-127.07662757361014,-0.08970246890018349,-665.4177870849344,0.08970246890018349,-0.022425617225045873,-0.022425617225045873,-0.022425617225045873,35.88098756007339,-189.91587995592383,0.8970246890018349,114.29470949048118,-0.022425617225045866,342.7931906384186,4.485123445009174,274.6941553651549,0.08970246890018349,0.044851234450091745,0.044851234450091745,-165.50268853135464,27.807765359056884,0.08970246890018349,-27.807765359056884,0.8970246890018349,0.08970246890018349,-209.96749517860144,0.08970246890018349,0.358809875601537,0.4485123445017205,0.044851234450091745,0.022425617225045873,26.910740670055045,-0.08970246890018349,335.29629241534445,0.8970246890018349,-228.58941898096236,2.242561722504667,-8.970246890018348,17.940493780036697,4.485123445009174,-0.08970246890018349,0.0,0.13455370335027522,-0.08970246890018349,331.0053770627093,27.807765359056884,241.2588238136064,0.044851234450091745,-549.3883107303099,-0.08970246890018349,-0.08970246890018349,-0.08970246890018349,0.044851234450091745,250.26988823151194,-17.940493780036697,0.08970246890018349,342.7931906384186,-0.022425617225045873,-0.09867271579020184,-342.7931906384186,13.45537033502752,9.059949358918532,648.2591785461577,250.26988823151194,-0.06727685167513761,341.61831600242004,-284.3195658517885,0.08970246890018349,-0.022425617225045866,4.485123445009174,89.70246890018348,-0.044851234450091745,-0.08970246890018349,0.022425617225045873,0.0,0.0,999.9551487655499,95.67278568812026,-444.8002538379418,0.0,68.41529811062338,203.13934686225275,0.0,1000.0,-758.2111490064406,-439.4814654855387,0.0,-500.0,222.4001269189709,379.1055745032203,0.0,-101.56967343112638,-321.43526049987895,-272.2737632090419,0.0,439.4814654855387,-272.2737632090419,-68.41529811062338,137.3892503666154,0.0,1496.5981,bhi
425,0.0,0.0,0.0,0.0,0.0,0.0,0.0,0.0,-0.08799289946245172,0.0,0.0,0.0,0.0,0.0,0.0,0.0,1000.0,335.72328402738805,0.0,-1000.0,0.0,0.0,0.0,910.5379185357395,0.0,0.0,0.0,0.0,0.0,-448.50272117207794,0.0,0.0,235.00361815817644,0.0,0.0,0.0,0.0,-227.8787469597778,0.0,-985.4572346666971,553.0872275579336,0.0,0.0,0.0,0.0,0.0,512.4436684028275,0.0,391.04720497489893,0.0,0.0,281.4821652402709,0.0,0.09679218940880219,0.0,0.0,0.0,17.598579892490342,0.0,0.0,159.29496967161043,0.0,1000.0,521.8901981698486,878.8155028477571,0.0,0.0,0.0,0.0,625.2997593299895,0.0,0.8799289946245171,0.0,0.0,0.0,0.0,0.0,0.0,0.0,0.0,0.0,0.0,-43.61453827760508,0.0,52.795739677471026,0.0,45.424046149650295,-1000.0,555.8494477656548,-999.8680106508064,878.2329397084964,0.0,0.0,0.0,26.397869838735513,0.0,446.9127724420664,0.0,0.0,0.0,0.0,4.3996449731225855,-448.50272117207794,0.0,0.0,-379.5829729585985,0.0,0.0,0.0,0.0,0.0,0.0,0.0,0.0,0.0,0.0,0.0,0.0,0.0,0.0,0.0,0.0,0.0,0.0,-465.0854474531169,0.0,0.0,446.9127724420664,0.0,27.277798833360027,0.0,0.0,938.9177301107686,-234.81089675717027,-704.1068333535984,704.1068333535984,-637.4047715017618,0.0,0.0,0.0,0.0,0.0,0.0,0.0,0.0,95.81403768586425,0.08799289946245172,878.2549379333619,0.0,0.0,0.0,0.0,0.0,0.0,0.0,0.0,862.5714345845811,0.0,0.0,0.0,0.0,0.0,560.5087170607022,560.5087170607022,0.0,0.0,0.0,515.625,595.465124731061,0.0,0.0,560.5967099601647,0.0,0.0,0.0,-1000.0,0.0,0.0,0.0,0.0,0.0,0.0,0.0,0.0,0.0,0.0,0.0,0.0,0.0,0.0,0.0,-1000.0,0.0,0.0,0.0,0.0,0.0,0.0,-281.4821652402709,444.0185628851516,-444.0185628851516,637.4047715017618,0.0,0.0,0.0,0.0,0.0,0.0,0.0,-399.9262394082828,0.0,0.0,0.0,0.0,0.0,0.0,0.0,0.0,0.0,0.0,0.0,0.0,0.0,0.0,-77.24955531695412,-661.0623185625501,0.0,0.0,0.0,0.0,-453.36068386594155,0.0,0.0,0.0,0.0,159.29496967161043,-661.0623185625501,0.0,0.0,0.0,0.0,0.0,0.0,0.0,0.0,685.8297565032815,0.0,420.5149026033309,0.0,0.0,111.83088488050316,-446.41639738022036,0.0,661.0623185625501,0.0,0.0,637.4047715017618,-892.648662655809,0.0,0.0,0.0,-244.0484979595699,0.0,0.0,-232.41938274219638,0.0,0.0,-232.41938274219638,0.0,0.0,999.8680106508064,0.0,670.1768071779117,0.0,0.0,61.45610186442008,0.0,0.0,0.0,-608.7412118423078,0.0,608.7412118423078,0.0,1000.0,0.0,0.0,0.0,515.625,0.0,0.0,159.29496967161043,-0.13198934919367758,0.0,0.0,0.0,0.0,0.08799289946245172,0.0,0.0,0.0,-316.7866165811681,1000.0,0.0,-387.9890887259054,-109.57179916258818,0.0,1000.0,0.0,1000.0,0.0,-379.5829729585985,0.0,0.0,0.0,-7.576188643717197,-1000.0,7.576188643717197,-1000.0,-1000.0,0.0,0.0,0.0,0.0,0.0,0.0,0.0,0.0,0.0,0.0,0.0,0.0,0.0,0.0,0.0,0.0,0.0,629.817481190182,0.0,857.34425655211,0.0,0.0,682.996385140591,0.0,0.0,777.5381637449315,-781.6437941891458,0.0,43.61453827760508,0.0,0.0,0.0,0.0,0.0,0.0,0.0,1000.0,0.0,-434.75625981638257,0.0,-126.05862776990844,0.0,-4.3996449731225855,1000.0,-2.1998224865612928,430.35661484326,-1000.0,0.0,223.29353599412048,634.500007191142,-929.9987043182482,446.9127724420664,0.0,0.0,0.0,444.0178100161035,0.0,0.0,0.0,0.0,0.0,0.0,297.041900604841,0.0,0.0,-63.40774588488351,0.0,0.0,0.0,0.0,0.0,-227.96673985924025,0.0,0.0,0.0,0.0,0.0,0.0,0.0,-524.1623277590205,0.17598579892478483,0.0,0.0,0.0,0.0,0.0,0.0,0.0,0.0,0.0,625.2997593299895,0.0,0.0,0.0,0.0,0.0,0.0,0.0,0.0,0.0,0.09679218940880219,0.09679218940880219,0.0,267.74150128885293,0.0,52.795739677471026,0.0,0.0,0.0,-616.3789333640002,0.0,0.0,45.424046149650295,0.0,0.0,1000.0,616.3789333640002,0.0,0.0,0.0,0.0,0.0,0.0,0.0,0.0,0.0,0.0,0.0,0.0,0.0,155.0284824843723,316.7866165811681,0.0,0.0,52.19949940825917,0.0,378.84604701336303,-378.84604701336303,-562.8901346491832,0.0,1000.0,0.0,475.8376722409795,0.0,0.0,0.0,0.0,0.0,0.0,0.0,0.0,0.0,0.0,0.0,0.0,0.0,0.0,0.0,0.0,0.0,52.795739677471026,637.4047715017618,637.4047715017618,0.0,0.0,0.0,0.0,0.0,0.0,0.0,0.0,0.0,0.0,0.8799289946245171,0.0,0.0,45.424046149650295,-45.424046149650295,0.0,-281.4821652402709,0.0,0.0,446.9127724420664,0.0,0.0,0.0,0.0,0.0,0.0,0.0,0.0,0.0,0.0,26.86453162510064,-419.1429456018109,0.0,26.397869838735513,26.397869838735513,1000.0,616.3789333640002,0.0,0.0,0.0,0.0,0.0,0.0,0.0,448.50272117207794,0.0,693.6511303749285,0.08799289946245172,0.0,0.0,0.0,116.20719415437641,0.0,0.0,0.0,0.0,0.0,0.0,0.0,0.0,0.0,0.0,0.0,0.0,0.0,0.0,0.0,0.0,0.0,0.08799289946245172,0.0,0.0,0.0,-502.7121986453725,502.7121986453725,0.0,0.0,0.0,0.0,0.0,-55.03287077094968,0.0,0.0,227.52677536192795,-6.599467459683878,-4.399644973122584,0.0,0.0,0.0,0.0,0.0,0.0,0.0,0.0,0.0,0.0,0.0,0.0,637.4047715017618,0.0,0.0,0.0,-702.3055233510051,0.0,0.0,0.0,-0.08799289946245172,0.0,0.0,0.08799289946245172,0.0,0.08799289946245172,0.0,0.0,0.0,52.795739677471026,107.3513373441911,107.3513373441911,0.0,0.0,0.0,0.0,0.0,0.0,43.61453827760508,0.0,0.0,0.0,0.0,0.0,0.0,0.0,0.0,0.0,0.0,0.0,0.0,0.0,0.0,0.0,0.0,0.0,0.0,0.0,0.0,184.0440876358203,0.0,0.0,0.0,0.13198934919367758,0.0,0.0,0.0,-446.9127724420664,0.0,0.0,0.0,0.0,0.0,-267.74150128885293,4.3996449731225855,0.0,0.0,0.0,-515.625,-595.465124731061,678.5967401674684,0.0,0.0,0.0,0.0,0.0,0.0,0.0,0.0,637.4047715017618,0.0,0.0,1000.0,267.74150128885293,0.0,611.0728730245237,-379.5829729585985,0.0,-103.04705402167734,43.61453827760508,59.43251574407226,0.0,-1000.0,0.0,4.399644973122584,612.5827507995843,0.0,0.0,0.0,-318.81483215854087,0.0,0.0,0.0,0.0,0.0,0.0,0.0,0.0,0.0,274.3409687485368,-287.53990366790447,107.3513373441911,0.0,0.0,0.0,0.0,0.0,0.0,0.0,0.0,0.0,685.8297565032815,0.0,0.0,0.0,-741.5069534843659,0.0,0.0,26.397869838735513,45.424046149650295,0.0,0.0,0.0,-149.5083955669869,0.0,0.0,0.09679218940880219,0.0,0.0,0.0,53.67566867209554,0.0,0.0,0.0,0.0,-77.24955531695412,0.0,0.0,0.0,0.0,0.0,0.0,0.0,0.0,0.0,0.0,0.008799289946245459,0.008799289946245459,0.0,0.0,0.0,0.0,0.0,0.0,0.0,0.0,0.0,0.0,0.0,0.0,0.0,0.0,0.0,267.74150128885293,0.0,0.0,0.0,0.0,0.0,0.0,0.0,0.0,0.0,0.0,0.0,90.84809229930059,779.7418469125396,1000.0,335.72328402738805,0.0,0.0,0.0,52.795739677471026,0.0,0.0,0.0,0.0,0.0,0.0,-52.795739677471026,0.0,90.84809229930059,0.0,0.0,0.0,0.0,0.0,0.0,0.0,0.0,0.0,0.0,-693.6511303749285,-1000.0,60.27513613177944,0.0,-446.9127724420664,0.0,-227.8787469597778,0.0,0.0,0.0,0.0,0.0,0.0,0.0,0.0,0.0,0.0,0.0,0.0,0.0,0.0,0.0,0.0,0.0,-10.999112432806463,637.4047715017618,-6.599467459683878,280.94043620822066,0.0,0.0,0.0,0.0,0.0,0.0,-1.0999112432806466,227.96673985924025,0.0,0.0,0.0,0.0,0.0,0.0,0.0,1000.0,26.397869838735513,26.397869838735513,0.0,0.0,0.0,0.0,0.0,0.09679218940880219,267.74150128885293,0.0,0.0,227.8787469597778,0.0,0.0,0.0,0.0,0.0,0.0,0.0,0.0,0.0,0.0,0.0,0.0,0.0,0.0,0.0,0.0,0.0,0.0,0.0,92.3925444355743,95.81403768586425,0.0,0.0,0.0,0.0,0.0,267.74150128885293,0.0,0.0,0.0,0.0,0.0,-10.999112432806463,0.0,0.0,0.0,0.0,0.0,0.0,0.0,0.0,0.0,0.0,0.0,0.0,0.0,0.0,0.0,0.0,0.0,0.0,-0.08799289946245172,0.0,0.0,4.3996449731225855,-1000.0,0.0,0.0,0.0,0.0,637.4047715017618,0.0,0.0,0.0,7.576188643717197,2.1998224865612928,0.0,0.0,0.0,0.08799289946245172,0.0,87.9928994624517,-27.277798833360027,17.598579892490342,0.6285207104460836,245.50018950024025,-0.06599467459683879,4.3996449731225855,1.7598579892490342,-0.43996449731230314,-245.50018950024025,26.397869838735513,-0.08799289946245172,126.52765765286615,0.0,0.02199822486561293,0.6285207104460836,-379.5829729585985,-59.43251574407226,-1.7598579892490342,-335.72328402738805,-0.08799289946245172,0.02199822486561293,-245.50018950024025,8.799289946245171,0.08799289946245172,0.08799289946245172,-267.5567161999817,-45.3272539602416,0.0,-0.06599467459683879,26.397869838735513,0.08799289946245172,446.9127724420664,376.51845287210506,-0.04399644973122586,-103.40548866738413,444.47340102023395,-0.06599467459683879,-0.08799289946245172,-27.277798833360027,0.08799289946245172,8.799289946245171,-1.7598579892490342,184.0440876358203,184.0440876358203,-8.799289946245171,335.72328402738805,-184.0440876358203,17.598579892490342,0.13198934919367758,-1000.0,8.799289946245171,-155.0284824843723,0.0,-17.598579892490342,0.04399644973122586,0.8799289946245171,96.99727218147635,285.3400811813433,-0.08799289946245172,-287.53990366790447,267.5567161999817,27.277798833360027,0.08799289946245172,59.43251574407226,-526.1063819582727,0.0,-0.08799289946245172,-0.02199822486561293,0.0,-0.08799289946245172,-524.1623277590205,0.08799289946244926,-0.02199822486561293,-0.02199822486561293,-0.02199822486561293,35.197159784980684,-376.51845287210506,0.8799289946245171,65.19173938924388,-0.02199822486561293,67.46688671008654,4.3996449731225855,266.48080885263283,0.08799289946245172,0.04399644973122586,0.04399644973122586,8.799289946245171,27.277798833360027,0.08799289946245172,-27.277798833360027,0.8799289946245171,0.08799289946245172,-65.19173938924388,0.08799289946245172,0.35197159784979704,0.43996449731230314,0.04399644973122586,0.02199822486561293,26.397869838735513,-0.08799289946245172,0.0,0.8799289946245171,-130.38347877848776,2.1998224865612928,-8.799289946245171,17.598579892490342,4.3996449731225855,-0.08799289946245172,379.5829729585985,0.13198934919367758,-0.08799289946245172,-17.598579892490342,27.277798833360027,533.5961160780664,0.04399644973122586,-532.9616177052657,-0.08799289946245172,-0.08799289946244926,-0.08799289946245172,0.04399644973122586,245.50018950024025,-17.598579892490342,0.08799289946245172,193.9945443629527,-0.02199822486561293,45.3272539602416,-193.9945443629527,13.198934919367755,-444.47340102023395,-21.269982733042298,245.50018950024025,-0.06599467459683879,287.53990366790447,-285.3400811813433,0.08799289946245172,-0.021998224865612932,4.399644973122584,87.9928994624517,-0.04399644973122586,-0.08799289946245172,0.02199822486561293,1000.0,0.0,999.9560035502687,0.0,43.96036029354849,0.0,356.222639028692,-616.5312341948952,0.0,1000.0,-379.0753175548363,-628.671452917014,0.0,-500.0,-21.980180146774245,189.53765877741816,0.0,308.2656170974476,-267.74150128885293,-384.0877205110795,0.0,628.671452917014,-384.0877205110795,-356.222639028692,436.76486552035976,0.0,1496.5981,bhi
426,0.0,0.0,0.0,0.0,0.0,0.0,0.0,0.0,455.17240743691997,0.0,0.0,0.0,0.0,0.0,0.0,0.0,489.91681611940925,-15.57023321676444,0.0,-607.561288356703,0.0,0.0,0.0,165.19938694024472,0.0,0.0,0.0,0.0,0.0,-1000.0,25.44361133363574,-25.44361133363574,594.608995412866,0.0,0.0,0.0,0.0,2.668884922915481,0.0,-768.7650381346746,-647.4049001372459,0.0,0.0,648.3293424474149,0.0,0.0,0.0,0.0,574.4465060632531,0.0,0.0,257.8656302336166,0.0,0.2405423731861447,0.0,0.0,0.0,43.73497694300123,0.0,0.0,-27.739171958446263,0.0,-972.2608280415537,-1000.0,0.0,0.0,0.0,0.0,503.31620187364246,0.0,0.0,2.1867488471500613,0.0,0.0,0.0,0.0,0.0,0.0,0.0,0.0,0.0,0.0,0.0,0.0,131.20493082900367,0.0,0.0,352.972027854831,287.58485193459313,0.0,-0.05466872117875154,0.0,0.0,0.0,65.60246541450184,0.0,119.03762997099727,-32.484942621457236,0.0,0.0,0.0,10.933744235750307,-1000.0,0.0,0.0,-400.55828963493286,169.4672362365167,0.0,0.0,0.0,0.0,0.0,0.0,0.0,0.0,0.0,0.0,0.0,0.0,0.0,0.0,0.0,0.0,0.0,-1000.0,0.0,0.0,119.03762997099727,0.0,67.78921426165189,0.0,0.0,-471.7159311300903,-514.602364395885,986.3182955259754,-986.3182955259754,0.0,-703.1250000000007,703.1250000000007,0.0,0.0,0.0,0.0,0.0,0.0,16.83796612305548,0.21867488471500615,0.0,0.0,0.0,-156.23246525279194,-13.234770983724758,0.0,0.0,0.0,0.0,1000.0,0.0,0.0,0.0,0.0,0.0,241.6861955167142,241.6861955167142,0.0,0.0,0.0,546.875,-554.6440128197142,0.0,0.0,267.3484817350649,0.0,0.0,0.0,-798.0696557806488,-918.8120947438705,0.0,0.0,0.0,0.0,0.0,0.0,0.0,0.0,0.0,0.0,0.0,0.0,0.0,0.0,-1000.0,0.0,0.0,0.0,0.0,0.0,0.0,-257.8656302336166,330.4470963155325,-330.4470963155325,0.0,0.0,0.0,0.0,0.0,0.0,0.0,0.0,-105.82356760280169,0.0,0.0,0.0,0.0,0.0,0.0,0.0,0.0,0.0,0.0,0.0,0.0,0.0,0.0,-87.46995388600246,193.50230805095435,0.0,0.0,0.0,0.0,464.5480736529036,0.0,0.0,0.0,0.0,-27.739171958446263,-454.82703439646053,25.44361133363574,0.0,0.0,0.0,0.0,0.0,0.0,0.0,0.0,0.0,53.43516455649544,0.0,489.5888037923368,446.72655941139743,1000.0,0.0,-193.50230805095435,0.0,0.0,0.0,266.78335935230746,0.0,0.0,0.0,-26.279385686799742,0.0,0.0,-1000.0,0.0,0.0,-1000.0,0.0,0.0,618.0319482501257,0.0,-962.2373289424022,0.0,0.0,145.5548547019634,0.0,0.0,0.0,-409.60634674408936,0.0,409.60634674408936,0.0,266.9111319656349,0.0,0.0,-427.0105601680285,546.875,0.0,0.0,-27.739171958446263,-0.3280123270725092,0.0,0.0,0.0,0.0,0.21867488471500615,0.0,0.0,0.0,416.4142963760991,489.91681611940925,0.0,-283.6154107767711,816.6352068696722,918.8120947438705,-528.3672701662487,0.0,-473.4949443764394,0.0,-400.55828963493286,0.0,0.0,0.0,-18.827907573961664,0.0,492.32285195040106,-970.9871782542626,-1000.0,0.0,0.0,0.0,0.0,0.0,0.0,0.0,0.0,0.0,0.0,0.0,0.0,0.0,0.0,0.0,0.0,0.0,-996.4564155382246,0.0,-1000.0,0.0,0.0,0.0,376.7039983641056,0.0,0.0,8.60564521058026,0.0,0.0,0.0,0.0,0.0,0.0,0.0,-199.2857434178031,0.0,-503.31620187364246,-101.05892966237866,666.8540942125671,-786.7685842191568,0.0,0.0,0.0,0.0,-5.466872117875154,-677.7878384483174,-116.05694318673943,0.0,755.688251420597,1000.0,0.0,119.03762997099727,0.0,0.0,0.0,0.0,0.0,455.391082321635,0.0,0.0,0.0,0.0,-253.89524200763583,0.0,0.0,0.0,0.0,0.0,0.0,0.0,0.0,-55.478343916892555,0.0,0.0,0.0,0.0,0.0,0.0,0.0,-206.50758385699976,0.4373497694299999,0.0,0.0,0.0,0.0,0.0,0.0,0.0,0.0,0.0,503.31620187364246,0.0,0.0,0.0,0.0,0.0,0.0,0.0,0.0,0.0,0.2405423731861447,0.2405423731861447,25.44361133363574,0.0,0.0,131.20493082900367,0.0,0.0,0.0,1000.0,0.0,0.0,0.0,0.0,0.0,1000.0,-1000.0,0.0,0.0,0.0,0.0,0.0,0.0,0.0,0.0,0.0,0.0,0.0,0.0,0.0,333.3333333333333,-416.4142963760991,0.0,0.0,16.83796612305548,0.0,0.0,0.0,-464.5480736529036,0.0,1000.0,0.0,0.0,793.4924161430002,0.0,0.0,0.0,0.0,0.0,0.0,0.0,0.0,0.0,0.0,0.0,0.0,0.0,0.0,0.0,0.0,131.20493082900367,0.0,0.0,0.0,0.0,0.0,0.0,0.0,0.0,0.0,0.0,0.0,0.0,2.1867488471500613,0.0,25.44361133363574,0.0,0.0,25.44361133363574,-257.8656302336166,0.0,0.0,119.03762997099727,0.0,0.0,0.0,0.0,0.0,0.0,0.0,0.0,0.0,0.0,479.7311958671186,650.5283358942805,0.0,65.60246541450184,65.60246541450184,1000.0,-1000.0,0.0,0.0,0.0,0.0,0.0,0.0,0.0,970.9871782542626,0.0,1000.0,0.21867488471500615,0.0,0.0,0.0,288.7914245354105,0.0,0.0,0.0,0.0,0.0,0.0,0.0,0.0,0.0,0.0,0.0,0.0,0.0,0.0,0.0,0.0,0.0,0.21867488471500615,0.0,0.0,0.0,-640.6249999999997,640.6249999999997,0.0,0.0,0.0,0.0,0.0,8.60564521058026,0.0,0.0,-3.5435844617753673,-16.40061635362546,-10.933744235750307,0.0,0.0,468.75,468.75,-468.75,0.0,0.0,0.0,0.0,0.0,0.0,0.0,0.0,918.8120947438705,0.0,0.0,766.6219956563473,0.0,0.0,0.0,455.17240743691997,0.0,0.0,0.21867488471500615,0.0,0.21867488471500615,0.0,0.0,0.0,131.20493082900367,266.78335935230746,266.78335935230746,0.0,0.0,0.0,0.0,0.0,0.0,0.0,0.0,0.0,0.0,0.0,0.0,0.0,0.0,0.0,0.0,0.0,0.0,0.0,0.0,0.0,0.0,0.0,0.0,0.0,0.0,0.0,464.5480736529036,0.0,0.0,0.0,0.3280123270725092,0.0,0.0,0.0,-119.03762997099727,0.0,0.0,0.0,0.0,0.0,0.0,10.933744235750307,0.0,0.0,0.0,-546.875,554.6440128197142,-8.60564521058026,0.0,0.0,0.0,0.0,0.0,0.0,0.0,0.0,0.0,0.0,0.0,219.43913831204094,0.0,0.0,921.5107929865741,-400.55828963493286,0.0,0.0,0.0,0.0,0.0,0.0,0.0,10.933744235750307,1000.0,0.0,394.5107246117085,-25.44361133363574,-55.478343916892555,0.0,0.0,0.0,0.0,0.0,0.0,0.0,0.0,0.0,-16.400616353625615,-16.40061635362554,266.78335935230746,0.0,0.0,0.0,25.44361133363574,0.0,0.0,0.0,0.0,0.0,0.0,0.0,0.0,32.801232707251074,-792.107626409053,-1000.0,0.0,65.60246541450184,0.0,0.0,0.0,0.0,-23.55408893393456,0.0,0.0,0.2405423731861447,0.0,0.0,0.0,133.39167967615373,0.0,0.0,0.0,0.0,-87.46995388600246,0.0,169.4672362365167,0.0,0.0,0.0,0.0,0.0,0.0,0.0,0.0,350.68773374781114,0.021867488471499996,0.0,0.0,0.0,0.0,0.0,0.0,0.0,0.0,0.0,0.0,25.44361133363574,0.0,0.0,0.0,0.0,0.0,0.0,0.0,0.0,0.0,0.0,0.0,0.0,0.0,0.0,0.0,0.0,0.0,-273.38410923065015,0.0,-15.57023321676444,0.0,0.0,0.0,131.20493082900367,0.0,0.0,0.0,0.0,0.0,0.0,-131.20493082900367,0.0,0.0,0.0,0.0,0.0,0.0,0.0,0.0,0.0,25.44361133363574,25.44361133363574,0.0,-1000.0,-1000.0,149.79229602977915,-119.03762997099727,0.0,0.0,2.668884922915481,0.0,0.0,0.0,0.0,0.0,0.0,0.0,0.0,0.0,0.0,0.0,0.0,0.0,0.0,0.0,0.0,0.0,-27.334360589375766,0.0,-16.40061635362546,0.0,0.0,0.0,0.0,0.0,0.0,0.0,-2.7334360589375764,55.478343916892555,0.0,0.0,0.0,0.0,0.0,0.0,0.0,1000.0,65.60246541450184,65.60246541450184,0.0,0.0,0.0,0.0,0.0,0.2405423731861447,0.0,0.0,0.0,-2.668884922915481,350.6658662593396,0.0,0.0,0.0,0.0,0.0,0.0,0.0,0.0,0.0,0.0,0.0,0.0,0.0,0.0,0.0,0.0,0.0,0.0,229.60862895075644,16.83796612305548,0.0,0.0,0.0,0.0,0.0,0.0,0.0,-34.81304164662728,0.0,0.0,0.0,-27.334360589375766,0.0,0.0,0.0,0.0,0.0,0.0,0.0,0.0,0.0,0.0,0.0,0.0,0.0,0.0,0.0,0.0,0.0,0.0,-0.21867488471500615,0.0,0.0,10.933744235750307,-1000.0,0.0,0.0,0.0,0.0,0.0,0.0,0.0,0.0,18.827907573961664,5.466872117875154,0.0,0.0,0.0,0.21867488471500615,0.0,218.67488471500613,-67.78921426165189,43.73497694300122,1.5619634622500438,610.102928354867,-0.1640061635362546,199.2857434178031,4.373497694300123,-1.0933744235748923,-610.102928354867,65.60246541450184,-0.21867488471500615,133.51942987831094,0.0,0.05466872117875154,1.5619634622500438,-400.55828963493286,-34.81304164662728,21.070113639335617,133.21470545405822,-0.21867488471500615,0.05466872117875154,-610.102928354867,21.867488471500614,0.21867488471500615,0.21867488471500615,0.45921725790115087,0.24054237318652036,0.0,-0.1640061635362546,65.60246541450184,0.21867488471500615,119.03762997099727,-55.90227780100763,-0.10933744235750308,-198.88342073013428,-486.63423700911926,-0.1640061635362546,-0.21867488471500615,-67.78921426165189,0.21867488471500615,21.867488471500614,-4.373497694300123,464.5480736529036,464.5480736529036,-21.867488471500614,-133.21470545405822,-464.5480736529036,43.73497694300123,0.3280123270725092,-1000.0,21.867488471500614,-333.3333333333333,0.0,-43.73497694300123,0.10933744235750308,2.1867488471500613,70.90385269419278,43.73497694300123,-0.21867488471500615,-49.20184906087661,-0.45921725790115087,67.78921426165189,0.21867488471500615,34.81304164662728,-315.8450262145025,0.0,-0.21867488471500615,-0.05466872117875154,0.0,-0.21867488471500615,-375.9748200935164,0.21867488471500615,-0.05466872117875154,-0.05466872117875154,-0.05466872117875154,87.46995388600246,55.90227780100763,2.1867488471500613,162.0107552132277,-0.05466872117875154,8.288275510074612,10.933744235750307,114.18753616425019,0.21867488471500615,0.10933744235750308,0.10933744235750308,21.867488471500614,67.78921426165189,0.21867488471500615,-67.78921426165189,2.1867488471500613,0.21867488471500615,-162.0107552132277,0.21867488471500615,0.8746995388598862,1.0933744235748923,0.10933744235750308,0.05466872117875154,65.60246541450184,-0.21867488471500615,0.0,-10.535056819667808,-324.0215104264554,193.81887129992796,-21.867488471500614,43.73497694300123,10.933744235750307,-0.21867488471500615,400.55828963493286,0.3280123270725092,-0.21867488471500615,-43.73497694300123,67.78921426165189,338.4458867665593,0.10933744235750308,-228.37507232850038,-0.21867488471500615,-0.21867488471500615,-0.21867488471500615,0.10933744235750308,610.102928354867,-43.73497694300123,0.21867488471500615,141.80770538838556,-0.05466872117875154,-0.24054237318652036,-141.80770538838556,32.80123270725092,486.63423700911926,-300.79797762267725,610.102928354867,-0.1640061635362546,49.20184906087661,-43.73497694300123,0.21867488471500615,-0.05466872117875153,10.933744235750307,218.67488471500613,-0.10933744235750308,-0.21867488471500615,0.05466872117875154,1000.0,0.0,381.85871430751683,0.0,-95.48493128017753,0.0,1000.0,-1000.0,0.0,-192.9733077184502,610.7185546995674,-965.2457699295753,-618.0319482501257,96.4866538592251,47.74246564008877,-305.3592773497837,0.0,500.0,0.0,-314.8917978326247,618.0319482501257,965.2457699295753,-314.8917978326247,-1000.0,646.988768871501,0.0,1496.5981,bhi
427,0.0,0.0,0.0,0.0,0.0,0.0,0.0,0.0,451.4346628600764,0.0,0.0,0.0,0.0,0.0,0.0,0.0,-365.53337058885336,943.3721890672915,0.0,-5.802503391653943,0.0,0.0,0.0,559.0322207259312,0.0,328.9832865655274,0.0,0.0,0.0,599.6568499899927,0.0,0.0,545.3607364764807,0.0,0.0,0.0,0.0,260.2973951762126,0.0,-1000.0,993.1294133800221,0.0,0.0,478.2596500296389,0.0,0.0,0.0,258.1678388773817,287.61687056922176,-754.563446749928,0.0,0.0,0.0,0.11741109949844031,0.0,0.0,0.0,279.51531151340566,0.0,0.0,82.24467856551914,0.0,0.0,-192.6893684832285,0.0,0.0,0.0,0.0,0.0,73.77284978152329,0.0,1.0673736318011977,0.0,0.0,0.0,0.0,0.0,0.0,0.0,0.0,0.0,0.0,-85.32285333313978,0.0,64.04241790807187,0.0,0.0,310.6456036809021,0.0,598.2624742501239,-0.026684340795029942,0.0,0.0,-215.41625378402114,32.021208954035934,0.0,32.021208954035934,0.0,365.10192142415013,0.0,0.0,372.76014829341176,535.433485863644,0.0,0.0,-432.26375487643196,0.0,0.0,0.0,0.0,0.0,0.0,0.0,0.0,0.0,0.0,0.0,0.0,0.0,0.0,0.0,0.0,0.0,0.0,-1000.0,0.0,0.0,32.021208954035934,0.0,33.08858258583713,9.556607651517567,0.0,0.0,-821.0636072460936,821.0636072460936,-821.0636072460936,725.0659529512524,-671.8749999999998,671.8749999999998,-1000.0,0.0,0.0,0.0,0.0,0.0,93.54163029800911,0.10673736318011977,0.0,0.0,0.0,-1000.0,1000.0,0.0,0.0,85.32285333313978,0.0,679.368014624045,0.0,0.0,0.0,0.0,0.0,464.36852897413274,464.36852897413274,0.0,0.0,0.0,0.0,-633.6579765290245,0.0,0.0,464.47526633731286,0.0,0.0,0.0,-853.3604585578706,0.0,0.0,0.0,0.0,0.0,0.0,0.0,0.0,0.0,0.0,-90.85627963973135,0.0,0.0,0.0,0.0,-1000.0,0.0,0.0,0.0,0.0,0.0,754.563446749928,0.0,-598.2624742501239,598.2624742501239,274.93404704874763,0.0,0.0,0.0,0.0,0.0,0.0,64.22336412634868,-249.29651918895865,0.0,0.0,0.0,0.0,0.0,0.0,0.0,0.0,0.0,0.0,0.0,0.0,0.0,536.5424287039041,-287.1455643223472,-521.7403499703611,0.0,0.0,0.0,0.0,-147.95644068584363,0.0,0.0,0.0,0.0,82.24467856551914,-1000.0,0.0,0.0,0.0,0.0,0.0,0.0,0.0,0.0,458.9407243121042,0.0,0.0,0.0,-157.54960143486653,440.71287281525736,0.0,0.0,521.7403499703611,0.0,0.0,274.93404704874763,-477.0424486192235,0.0,0.0,0.0,242.7680117097035,0.0,0.0,-62.99853777113378,-1000.0,0.0,384.46971895012183,552.5317432787442,447.4682567212557,-598.2624742501239,0.0,-258.9552628246102,754.563446749928,0.0,189.9328522126653,0.0,0.0,0.0,-1000.0,0.0,1000.0,0.0,1000.0,0.0,0.0,-972.8243904474897,0.0,0.0,0.0,82.24467856551914,-0.16010604477017965,0.0,0.0,0.0,0.0,0.10673736318011977,0.0,0.0,0.0,382.06046037095587,-365.53337058885336,0.0,-288.175836584288,1000.0,0.0,1000.0,0.0,-65.43147331534539,0.0,-432.26375487643196,0.0,0.0,0.0,724.8258668592098,-1000.0,340.6056064561356,-1000.0,-1000.0,0.0,0.0,0.0,0.0,0.0,0.0,0.0,0.0,0.0,0.0,0.0,0.0,0.0,0.0,0.0,0.0,0.0,-739.2756553710669,0.0,-1000.0,85.32285333313978,0.0,455.5037812177014,640.9224127264472,0.0,0.0,-552.4823546101132,0.0,365.10192142415013,0.0,0.0,367.4232801344058,1000.0,0.0,-509.50971458943246,295.6915770816976,0.0,1000.0,-1000.0,-218.34341980718528,-1000.0,0.0,0.0,1000.0,-298.3600111612006,994.663131840994,-857.7360722708859,0.0,54.3772634058642,0.0,-535.6284296625652,32.021208954035934,0.0,0.0,0.0,308.9674845876493,0.0,451.5414002232565,0.0,-536.5424287039041,536.5424287039041,536.5424287039041,-742.5914412093522,0.0,0.0,-535.7382083890474,0.0,0.0,64.22336412634868,0.0,0.0,-110.44468991770935,0.0,671.8749999999981,25.150622334058045,0.0,0.0,0.0,0.0,-319.16677327638314,0.2134747263603458,0.0,0.0,0.0,0.0,0.0,0.0,0.0,0.0,0.0,0.0,0.0,0.0,0.0,0.0,0.0,0.0,0.0,0.0,0.0,0.11741109949844031,0.11741109949844031,0.0,35.60699288215761,0.0,64.04241790807187,0.0,0.0,0.0,1000.0,0.0,302.5862324050786,0.0,0.0,0.0,1000.0,-1000.0,0.0,0.0,0.0,0.0,0.0,25.150622334058045,0.0,0.0,0.0,0.0,0.0,0.0,0.0,333.3333333333333,-382.06046037095587,0.0,0.0,8.218776964869335,0.0,-887.2912537841163,671.8750000000952,544.8973936371912,0.0,1000.0,0.0,604.2693847708786,76.56384195273841,305.3371186518273,-305.3371186518273,536.5424287039041,0.0,0.0,0.0,0.0,0.0,0.0,0.0,0.0,0.0,0.0,0.0,0.0,0.0,64.04241790807187,274.93404704874763,274.93404704874763,0.0,0.0,0.0,0.0,0.0,0.0,0.0,0.0,0.0,0.0,1.0673736318011977,0.0,0.0,0.0,0.0,0.0,0.0,0.0,0.0,32.021208954035934,0.0,0.0,0.0,0.0,0.0,0.0,0.0,0.0,0.0,0.0,826.8929369800983,0.0,0.0,32.021208954035934,32.021208954035934,1000.0,-1000.0,0.0,25.150622334058045,0.0,0.0,0.0,0.0,0.0,-535.433485863644,64.22336412634868,-86.52719791001675,0.10673736318011977,0.0,0.0,0.0,102.73550566801788,0.0,0.0,215.41625378402114,0.0,0.0,0.0,0.0,0.0,0.0,0.0,0.0,0.0,0.0,0.0,0.0,0.0,0.0,0.10673736318011977,0.0,0.0,0.0,0.0,0.0,0.0,0.0,0.0,0.0,0.0,903.0214266075882,0.0,-634.8980785758499,-260.72434462893307,-8.005302238508975,-5.3368681590060305,0.0,0.0,0.0,0.0,0.0,0.0,0.0,0.0,0.0,0.0,0.0,0.0,274.93404704874763,0.0,0.0,0.0,-475.9142980976949,0.0,0.0,0.0,451.4346628600764,0.0,0.0,0.10673736318011977,0.0,0.10673736318011977,0.0,73.77284978152329,0.0,64.04241790807187,130.21958307974612,130.21958307974612,0.0,0.0,0.0,0.0,0.0,0.0,0.0,0.0,0.0,64.22336412634868,0.0,0.0,734.0159538290184,0.0,0.0,0.0,0.0,0.0,0.0,0.0,0.0,0.0,0.0,0.0,0.0,0.0,0.0,126.97760636290401,0.0,-844.6430305729572,844.6430305729572,0.16010604477017965,0.0,0.0,0.0,-32.021208954035934,0.0,0.0,0.0,0.0,0.0,-35.60699288215761,5.336868159005989,0.0,0.0,0.0,0.0,633.6579765290245,552.4823546101132,0.0,0.0,671.8749999999981,0.0,0.0,0.0,0.0,0.0,274.93404704874763,0.0,0.0,0.0,-500.93543582174647,0.0,764.0456512085564,-432.26375487643196,0.0,0.0,1000.0,-1000.0,85.32285333313978,-607.2620316989696,0.0,5.3368681590060305,1000.0,0.0,0.0,0.0,-110.44468991770935,0.0,0.0,0.0,0.0,0.0,0.0,0.0,0.0,0.0,134.46857476039793,-59.62289959768418,130.21958307974612,0.0,0.0,0.0,0.0,0.0,0.0,0.0,0.0,0.0,458.9407243121042,0.0,0.0,0.0,-102.73550566801788,-1000.0,0.0,32.021208954035934,0.0,0.0,0.0,0.0,-283.0092992342868,0.0,0.0,0.11741109949844031,0.0,0.0,0.0,65.10979153987306,0.0,0.0,0.0,0.0,-287.1455643223472,0.0,0.0,0.0,0.0,0.0,0.0,0.0,0.0,-1000.0,0.0,0.010673736318011606,0.010673736318011606,0.0,0.0,0.0,0.0,0.0,0.0,0.0,0.0,0.0,0.0,0.0,0.0,0.0,0.0,0.0,35.60699288215761,0.0,0.0,0.0,0.0,0.0,0.0,0.0,754.563446749928,0.0,0.0,0.0,0.0,-708.2076368247491,0.0,943.3721890672915,0.0,0.0,0.0,64.04241790807187,0.0,0.0,0.0,0.0,0.0,-64.04241790807187,0.0,0.0,0.0,0.0,0.0,0.0,0.0,0.0,0.0,0.0,0.0,0.0,0.0,68.94444872564668,-1000.0,807.1310476074004,0.0,-32.021208954035934,0.0,260.2973951762126,0.0,0.0,0.0,0.0,0.0,0.0,0.0,0.0,0.0,648.4374999999999,0.0,-648.4375,-648.4374999999999,0.0,0.0,0.0,0.0,-13.342170397515005,274.93404704874763,-375.4285823729148,785.6335511881936,0.0,0.0,0.0,0.0,0.0,-1000.0,998.6657829602485,195.76754325084912,0.0,0.0,0.0,0.0,0.0,0.0,0.0,982.4172508156299,32.021208954035934,32.021208954035934,0.0,0.0,0.0,0.0,0.0,0.11741109949844031,35.60699288215761,0.0,0.0,-260.2973951762126,0.0,0.0,0.0,0.0,0.0,0.0,0.0,0.0,0.0,0.0,0.0,0.0,0.0,0.0,294.7162968944765,0.0,0.0,9.556607651517567,0.0,112.07423133912577,8.218776964869335,0.0,0.0,0.0,0.0,0.0,35.60699288215761,0.0,-102.3154415514179,0.0,0.0,0.0,-13.342170397515005,0.0,0.0,0.0,0.0,0.0,0.0,0.0,0.0,0.0,0.0,0.0,0.0,0.0,0.0,0.0,0.0,0.0,0.0,-0.10673736318011977,0.0,0.0,5.336868159005989,-1000.0,0.0,0.0,0.0,0.0,274.93404704874763,0.0,0.0,0.0,-724.8258668592098,2.6684340795029944,0.0,0.0,328.9832865655274,0.10673736318011977,0.0,106.73736318011977,-23.531974934319557,21.347472636023955,0.7624097370008556,316.9104585755693,-0.08005302238508982,509.50971458943246,2.1347472636023954,-0.5336868159005803,-316.9104585755693,32.021208954035934,-0.10673736318011975,144.087918292144,25.150622334058045,0.026684340795029945,0.7624097370008556,-432.263754876432,-16.99258821827813,-2.1347472636023954,-572.0363150867843,-0.10673736318011975,0.026684340795029945,-316.9104585755693,10.673736318011978,0.10673736318011975,0.10673736318011977,-35.38284441947905,0.11741109949813136,0.0,-0.08005302238508982,32.021208954035934,0.10673736318011975,32.021208954035934,-53.36868159005989,-0.05336868159005989,185.1594951288189,137.17596700465154,-0.08005302238508982,-0.10673736318011975,-23.531974934319557,0.10673736318011977,10.673736318011978,-2.1347472636023954,126.97760636290401,126.97760636290401,-10.673736318011978,572.0363150867843,-126.97760636290401,21.34747263602395,0.16010604477017967,-1000.0,10.673736318011978,-333.3333333333333,25.150622334058045,-21.347472636023955,0.053368681590059884,1.0673736318011977,72.043959146072,-479.5879631857225,-0.10673736318011977,-59.62289959768418,35.38284441947905,33.08858258583713,0.10673736318011975,16.99258821827813,-102.93421348208548,25.150622334058045,-0.10673736318011977,-0.026684340795029945,-25.150622334058045,-0.10673736318011975,-319.16677327638314,0.10673736318028659,-0.026684340795029942,-0.026684340795029942,-0.026684340795029942,42.69494527204791,53.36868159005989,1.0673736318011977,274.1383434717576,-0.026684340795029945,0.0,5.336868159005989,164.92025479719757,0.10673736318011977,0.05336868159005989,0.05336868159005988,23.249047485041,23.531974934319557,0.10673736318011977,-23.531974934319557,1.0673736318011977,0.10673736318011975,-664.2569425231246,0.10673736318011975,0.42694945272046425,0.5336868159005803,0.05336868159005989,0.026684340795029945,32.021208954035934,-0.10673736318011975,0.0,1.0673736318011977,-548.2766869435152,506.84128050992945,-10.673736318011978,21.347472636023955,5.336868159005989,-0.10673736318011975,432.263754876432,0.16010604477017965,-0.10673736318011975,-46.498094970082,23.531974934319557,540.4012375085939,0.05336868159005988,-329.84050959439514,-0.10673736318011975,-0.10673736318028659,-0.10673736318011978,0.05336868159005988,316.9104585755693,-21.347472636023955,0.10673736318011977,144.087918292144,-0.026684340795029942,-0.11741109949813136,-144.087918292144,16.010604477017964,-137.17596700465154,75.6051835984081,316.9104585755693,-0.08005302238508982,59.62289959768418,479.5879631857225,0.10673736318011975,-0.026684340795029935,5.3368681590060305,106.73736318011977,-0.05336868159005989,-0.10673736318011975,0.026684340795029945,1000.0,0.0,999.9466313184099,390.118599051367,604.2934120632906,0.0,409.1508125515932,-979.9833870791937,0.0,-1000.0,844.5402388621109,-785.3931238445804,0.0,500.0,-302.1467060316453,-422.27011943105543,0.0,489.99169353959684,-35.60699288215761,-257.3919382743071,0.0,785.3931238445804,-257.3919382743071,-409.1508125515932,250.70564485783336,0.0,1496.5981,bhi
428,0.0,0.0,0.0,0.0,0.0,0.0,0.0,0.0,602.689147700071,0.0,0.0,0.0,0.0,0.0,0.0,0.0,-527.4191424947732,-38.66893935125006,0.0,836.3095400137336,0.0,0.0,0.0,273.8245608380208,0.0,0.0,0.0,0.0,0.0,137.71291974589266,0.0,0.0,836.8587041602615,0.0,0.0,0.0,0.0,999.4357975335488,0.0,-1000.0,993.1556952887212,0.0,-34.52937158526662,-644.823148836386,0.0,0.0,0.0,0.0,1000.0,-566.151362541973,0.0,0.0,0.0,0.15515567827401355,0.0,0.0,0.0,28.210123322543247,0.0,0.0,9.703896153973853,0.0,70.40874748610588,13.735382269076133,0.0,0.0,0.0,0.0,359.3279628662416,-359.3279628662416,0.0,1.4105061661271625,0.0,0.0,0.0,0.0,0.0,0.0,0.0,0.0,0.0,0.0,0.0,0.0,84.63036996762975,0.0,0.0,246.5506734172128,0.0,281.08004500247944,-0.03526265415317906,0.0,0.0,0.0,42.31518498381487,0.0,62.11830066951203,-4.5418298549316205,942.1497761536305,0.0,0.0,7.052530830635812,137.71291974589266,0.0,0.0,-16.335945898403025,0.0,0.0,0.0,0.0,0.0,0.0,0.0,0.0,0.0,0.0,0.0,0.0,0.0,0.0,0.0,0.0,0.0,0.0,-728.3125518518943,0.0,0.0,62.11830066951203,0.0,43.72569114994204,0.0,0.0,283.6417102591759,567.2935485852784,-850.9352588444544,850.9352588444544,-66.3772613710036,0.0,0.0,0.0,0.0,0.0,0.0,0.0,0.0,10.86089747917913,0.14105061661271623,0.0,0.0,0.0,0.0,0.0,0.0,0.0,0.0,0.0,709.6827719891772,0.0,0.0,0.0,0.0,0.0,673.3940454534594,673.3940454534594,0.0,0.0,0.0,0.0,0.0,0.0,0.0,673.5350960700721,0.0,0.0,0.0,-168.64372201441006,0.0,0.0,0.0,0.0,0.0,0.0,0.0,0.0,0.0,0.0,-99.57260997142998,0.0,0.0,0.0,0.0,-1000.0,0.0,0.0,0.0,0.0,0.0,566.151362541973,34.52937158526662,-281.08004500247944,281.08004500247944,0.0,0.0,0.0,0.0,0.0,0.0,0.0,0.0,668.549517999018,0.0,0.0,0.0,0.0,0.0,0.0,0.0,0.0,0.0,0.0,0.0,0.0,0.0,0.0,312.3588715446842,-644.823148836386,0.0,0.0,0.0,66.3772613710036,228.41710370976867,0.0,0.0,0.0,0.0,9.703896153973853,0.0,0.0,0.0,0.0,0.0,0.0,0.0,0.0,0.0,0.0,0.0,19.803115685697158,0.0,-246.5506734172128,0.0,1000.0,0.0,644.823148836386,0.0,0.0,66.3772613710036,-677.8193424798862,0.0,0.0,0.0,246.7343761697001,0.0,0.0,-28.098473683993504,0.0,735.8241875312444,-763.9226612152381,735.8241875312444,0.0,-281.08004500247944,0.0,-729.990117757209,566.151362541973,0.0,165.11411663970964,0.0,0.0,0.0,-1000.0,0.0,1000.0,0.0,1000.0,0.0,66.3772613710036,880.6306758103837,0.0,0.0,0.0,9.703896153973853,-0.21157592491907434,0.0,0.0,0.0,0.0,0.14105061661271623,0.0,0.0,0.0,709.4645956207194,-527.4191424947732,0.0,-643.7214100635622,1000.0,0.0,1000.0,0.0,-427.998549037662,0.0,-16.335945898403025,0.0,0.0,0.0,891.2358695299345,-1000.0,536.7626795077275,-1000.0,238.09007112374164,0.0,0.0,0.0,0.0,0.0,0.0,0.0,0.0,0.0,0.0,0.0,0.0,0.0,0.0,0.0,0.0,0.0,0.0,0.0,-1000.0,0.0,0.0,0.0,0.0,0.0,0.0,-10.86089747917913,0.0,942.1497761536305,0.0,0.0,0.0,640.6720371337584,0.0,506.0776993029182,0.0,0.0,955.076895654197,-7.052530830635812,-1000.0,-630.0676623970393,0.0,-513.1302301335539,851.8186531301268,-3.526265415317906,0.0,0.0,0.0,-224.43742354027276,-653.8461903837032,0.0,62.11830066951203,0.0,0.0,0.0,0.0,0.0,602.8301983166837,0.0,0.0,0.0,0.0,-696.1660343206751,0.0,0.0,-326.7470051631533,0.0,0.0,0.0,0.0,0.0,-46.9694690630559,0.0,0.0,55.27399595823326,0.0,0.0,0.0,0.0,250.24057087517212,0.28210123322537584,0.0,0.0,0.0,0.0,0.0,0.0,0.0,0.0,0.0,0.0,0.0,0.0,0.0,0.0,0.0,0.0,0.0,0.0,0.0,0.15515567827401355,0.15515567827401355,0.0,250.30598160099663,0.0,84.63036996762975,0.0,0.0,0.0,1000.0,0.0,0.0,0.0,0.0,0.0,469.62892782597964,-1000.0,0.0,0.0,0.0,0.0,0.0,55.27399595823326,0.0,0.0,0.0,0.0,0.0,0.0,0.0,242.77085061729812,-709.4645956207194,0.0,0.0,10.86089747917913,0.0,0.0,0.0,-228.41710370976867,0.0,469.62892782597964,0.0,1000.0,-280.13050129884823,0.0,0.0,0.0,0.0,0.0,0.0,0.0,0.0,0.0,0.0,0.0,0.0,0.0,0.0,0.0,0.0,84.63036996762975,66.3772613710036,66.3772613710036,0.0,0.0,0.0,0.0,0.0,0.0,0.0,0.0,0.0,0.0,1.4105061661271625,0.0,0.0,0.0,0.0,0.0,34.52937158526662,0.0,0.0,62.11830066951203,0.0,0.0,0.0,0.0,0.0,0.0,0.0,0.0,0.0,0.0,823.1241361213558,0.0,0.0,42.31518498381487,42.31518498381487,38.3363631842235,-1000.0,0.0,55.27399595823326,0.0,0.0,0.0,0.0,0.0,-137.71291974589266,0.0,183.46719933403915,0.14105061661271623,0.0,0.0,0.0,186.27748932517932,0.0,0.0,0.0,0.0,0.0,0.0,0.0,0.0,0.0,0.0,0.0,0.0,0.0,0.0,0.0,0.0,0.0,0.14105061661271623,0.0,0.0,0.0,-703.1249999999991,703.1249999999991,0.0,0.0,0.0,0.0,0.0,931.2888786744513,0.0,0.0,-1000.0,-10.578796245953718,-7.052530830635812,0.0,0.0,0.0,0.0,0.0,0.0,0.0,0.0,0.0,0.0,0.0,0.0,66.3772613710036,0.0,0.0,0.0,-217.38489270963694,0.0,0.0,0.0,602.689147700071,0.0,0.0,0.14105061661271623,0.0,0.14105061661271623,0.0,0.0,0.0,84.63036996762975,172.08175226751382,172.08175226751382,0.0,0.0,0.0,0.0,0.0,0.0,0.0,0.0,0.0,0.0,0.0,0.0,903.3803276202893,0.0,0.0,0.0,0.0,0.0,0.0,0.0,0.0,0.0,0.0,0.0,0.0,0.0,0.0,228.41710370976867,0.0,0.0,0.0,0.21157592491907434,0.0,0.0,0.0,-62.11830066951203,0.0,0.0,0.0,0.0,0.0,-250.30598160099663,7.052530830635812,0.0,0.0,0.0,0.0,0.0,0.0,0.0,0.0,0.0,0.0,0.0,0.0,0.0,0.0,66.3772613710036,0.0,0.0,0.0,250.30598160099663,0.0,724.517208259831,-16.335945898403025,0.0,-10.86089747917913,942.1497761536305,-931.2888786744513,0.0,-849.9010947474001,0.0,7.052530830635812,1000.0,0.0,0.0,0.0,-46.9694690630559,0.0,0.0,0.0,0.0,0.0,0.0,0.0,0.0,0.0,185.6134861051869,-107.1984686256643,172.08175226751382,0.0,0.0,0.0,0.0,0.0,0.0,0.0,0.0,0.0,0.0,0.0,0.0,174.84390171319342,-186.27748932517932,-48.59725723999094,-34.52937158526662,42.31518498381487,0.0,0.0,0.0,0.0,49.942979658334025,0.0,0.0,0.15515567827401355,0.0,0.0,0.0,86.04087613375691,0.0,0.0,0.0,0.0,312.3588715446842,0.0,0.0,0.0,0.0,0.0,0.0,0.0,0.0,-1000.0,0.0,0.014105061661271456,0.014105061661271456,0.0,0.0,0.0,0.0,0.0,0.0,0.0,0.0,0.0,0.0,0.0,0.0,0.0,0.0,0.0,250.30598160099663,0.0,0.0,0.0,0.0,0.0,0.0,0.0,566.151362541973,0.0,0.0,0.0,0.0,0.0,86.01050885224494,-38.66893935125006,0.0,0.0,0.0,84.63036996762975,0.0,0.0,0.0,0.0,0.0,0.0,-84.63036996762975,0.0,0.0,0.0,0.0,0.0,0.0,0.0,0.0,0.0,0.0,0.0,0.0,1000.0,-1000.0,1000.0,183.35287753788037,-245.4711782073924,0.0,999.4357975335488,0.0,0.0,0.0,0.0,0.0,0.0,0.0,0.0,0.0,0.0,0.0,0.0,0.0,0.0,0.0,0.0,0.0,-17.63132707658953,66.3772613710036,-10.578796245953718,1000.0,0.0,0.0,0.0,0.0,0.0,-1.7631327076589534,0.0,46.9694690630559,0.0,0.0,0.0,0.0,0.0,0.0,0.0,945.3771282102975,42.31518498381487,42.31518498381487,0.0,0.0,0.0,0.0,0.0,0.15515567827401355,250.30598160099663,0.0,0.0,-999.4357975335488,0.0,0.0,0.0,0.0,0.0,0.0,0.0,0.0,0.0,0.0,0.0,0.0,0.0,0.0,0.0,0.0,0.0,0.0,0.0,148.10314744335204,10.86089747917913,0.0,0.0,0.0,0.0,0.0,250.30598160099663,0.0,-11.594360685567432,0.0,0.0,0.0,-17.63132707658953,0.0,0.0,0.0,0.0,0.0,0.0,0.0,0.0,0.0,0.0,0.0,0.0,0.0,0.0,0.0,0.0,0.0,0.0,-0.14105061661271623,0.0,0.0,7.052530830635812,-469.62892782597964,0.0,0.0,0.0,0.0,66.3772613710036,0.0,0.0,0.0,-891.2358695299345,3.526265415317906,0.0,0.0,0.0,0.14105061661271623,0.0,141.05061661271623,-43.72569114994204,28.210123322543247,1.0075044043765444,393.5312203494783,-0.10578796245953717,7.052530830635874,2.821012332254325,-0.7052530830638943,-393.5312203494783,42.31518498381487,-0.14105061661271623,5.4453152994676755,55.27399595823326,0.03526265415317906,1.0075044043765444,-16.335945898403025,-22.45525816474656,-2.821012332254325,-270.22145816771035,-0.14105061661271623,0.03526265415317906,-393.5312203494783,323.45648890970665,0.14105061661271623,0.14105061661271623,-250.0097753061099,0.15515567827398768,-553.9462414882834,-0.10578796245953717,42.31518498381487,0.14105061661271623,62.11830066951203,-50.722192620660955,-0.07052530830635811,-123.06463870408788,-242.66321598765302,-0.10578796245953717,-0.14105061661271623,-43.72569114994204,0.14105061661271623,14.105061661271623,-2.821012332254325,228.41710370976867,228.41710370976867,-14.105061661271634,270.22145816771035,-228.41710370976867,28.210123322543247,0.21157592491907434,180.99984069243223,14.105061661271623,-242.77085061729812,55.27399595823326,-28.210123322543247,0.07052530830635811,1.4105061661271625,160.93035251589055,278.5161049235399,-0.14105061661271623,-282.0423703388577,250.0097753061099,43.72569114994204,0.14105061661271623,22.45525816474656,-443.1412869111582,55.27399595823326,-0.14105061661271623,-0.03526265415317906,-55.27399595823326,-0.14105061661271623,250.24057087517212,0.1410506166129153,-0.03526265415317906,-0.03526265415317906,-0.03526265415317906,56.42024664508649,50.722192620660955,1.4105061661271625,104.5008755829491,-0.03526265415317906,316.41538973231343,7.052530830635812,-118.06775460695025,0.14105061661271623,0.07052530830635811,0.07052530830635811,8.55342895488645,43.72569114994204,0.14105061661271623,-43.72569114994204,1.4105061661271625,0.14105061661271623,-104.5008755829491,0.14105061661271623,0.5642024664512064,0.7052530830638943,0.07052530830635811,0.03526265415317906,42.31518498381487,-0.14105061661271623,553.9462414882834,1.4105061661271625,-209.0017511658982,3.5262654153178445,-14.105061661271623,28.210123322543247,7.052530830635812,-0.14105061661271623,16.335945898403025,0.21157592491907434,-0.14105061661271623,-17.1068579097729,43.72569114994204,369.71958869576565,0.07052530830635811,236.1355092139005,-0.14105061661271623,-0.1410506166129153,-0.14105061661271623,0.07052530830635811,393.5312203494783,-28.210123322543247,0.14105061661271623,321.8607050317811,-0.03526265415317906,-0.15515567827398768,-321.8607050317811,21.157592491907433,242.66321598765302,-628.0330166762297,393.5312203494783,-0.10578796245953717,282.0423703388577,-278.5161049235399,0.14105061661271623,-0.03526265415317906,7.052530830635812,141.05061661271623,-0.07052530830635811,-0.14105061661271623,0.03526265415317906,146.90503325436055,0.0,-181.07036600073857,0.0,321.7423589832511,0.0,631.2208818102292,-856.3118686858056,309.351427248435,-1000.0,684.2918568965348,-752.7273315823743,0.0,500.0,-160.87117949162555,-342.1459284482674,-309.351427248435,428.1559343429028,-250.30598160099663,-419.6625683540997,0.0,752.7273315823743,-419.6625683540997,-631.2208818102292,530.128553530058,0.0,1496.5981,bhi
429,0.0,0.0,0.0,0.0,0.0,0.0,0.0,0.0,191.84724333921508,0.0,0.0,0.0,0.0,0.0,0.0,0.0,1000.0,0.0,0.0,-583.5439591191553,0.0,0.0,0.0,995.3529398198255,0.0,0.0,0.0,0.0,0.0,-672.0768491495525,0.0,0.0,775.7463250854555,0.0,0.0,0.0,0.0,810.7058354105218,0.0,-1000.0,843.6386978571954,0.0,0.0,0.0,0.0,0.0,0.0,0.0,602.9016066554536,0.0,0.0,0.0,0.0,0.05011535488415575,0.0,0.0,0.0,9.111882706224531,0.0,0.0,166.4048296501191,0.0,192.86188960629676,-174.42799059826623,0.0,0.0,0.0,0.0,0.0,94.72506782803771,0.0,0.45559413531122656,0.0,0.0,0.0,0.0,0.0,0.0,0.0,0.0,0.0,0.0,0.0,0.0,27.335648118673593,0.0,7.481141283134381,0.0,-786.7430105545109,389.6446172099645,-0.011389853382780663,0.0,0.0,85.15151453534119,13.667824059336796,0.0,158.936506092576,0.0,0.0,0.0,0.0,2.2779706765561327,-672.0768491495525,0.0,0.0,-296.44004887643695,0.0,0.0,0.0,0.0,0.0,0.0,0.0,0.0,0.0,0.0,0.0,0.0,0.0,0.0,0.0,0.0,0.0,0.0,-619.0062983203741,0.0,0.0,158.936506092576,0.0,14.123418194648023,0.0,0.0,0.0,0.0,0.0,0.0,-533.6947098546821,0.0,0.0,0.0,0.0,0.0,0.0,0.0,0.0,10.98921612503074,0.04555941353112265,0.0,0.0,0.0,-735.8166712784598,735.8166712784598,0.0,0.0,0.0,0.0,575.356583179757,0.0,0.0,0.0,0.0,0.0,231.07830253934333,231.07830253934333,0.0,0.0,0.0,0.0,114.48031984798445,0.0,0.0,231.12386195287445,0.0,0.0,0.0,703.8500575596743,0.0,0.0,0.0,0.0,0.0,0.0,0.0,0.0,0.0,0.0,-996.5830439851658,0.0,0.0,0.0,0.0,-325.8761085052038,0.0,0.0,0.0,0.0,0.0,0.0,0.0,397.0983933445463,-397.0983933445463,533.6947098546821,0.0,0.0,0.0,0.0,0.0,0.0,0.0,-1000.0,0.0,0.0,0.0,0.0,0.0,0.0,0.0,0.0,0.0,0.0,0.0,0.0,0.0,227.7619642283854,268.6094964242274,-930.8247575059013,0.0,0.0,0.0,0.0,-339.7767032918187,0.0,0.0,0.0,0.0,166.4048296501191,-930.8247575059013,0.0,0.0,597.7156889799854,0.0,0.0,0.0,0.0,0.0,1.4670131157013202,0.0,145.2686820332392,0.0,1000.0,-183.84140389905718,1000.0,0.0,930.8247575059013,0.0,0.0,533.6947098546821,0.0,0.0,0.0,0.0,-186.2304368201726,0.0,0.0,318.52274380184815,259.0805240002617,0.0,40.197319347401454,19.244900454185032,-278.3254244544467,-389.6446172099645,0.0,-789.3471724300626,0.0,0.0,-66.80724281103114,0.0,0.0,0.0,522.3379384221155,0.0,-522.3379384221155,0.0,208.58931927640907,0.0,0.0,-1000.0,0.0,0.0,0.0,166.4048296501191,-0.06833912029668399,0.0,0.0,0.0,0.0,0.04555941353112265,0.0,0.0,0.0,-28.445417265936886,1000.0,0.0,-610.0181477950356,-119.12734153113578,0.0,1000.0,0.0,0.0,0.0,-296.44004887643695,0.0,0.0,0.0,592.5878359032843,-900.75201141699,308.1641755137057,0.0,-1000.0,0.0,0.0,0.0,0.0,0.0,0.0,0.0,0.0,0.0,0.0,0.0,0.0,0.0,0.0,0.0,0.0,597.7156889799854,-189.11192693535384,0.0,-1000.0,0.0,0.0,0.0,0.0,0.0,0.0,-12.456229240732057,0.0,0.0,0.0,428.40832038342444,0.0,0.0,652.287261272374,0.0,0.0,900.75201141699,-916.788996412283,0.0,-394.42874762510064,-1000.0,-652.287261272374,-2.2779706765561327,1000.0,-1.1389853382780664,-2.2779706765561327,-444.85157723643874,0.0,-1000.0,873.5410752692818,-2.2779706765561327,158.936506092576,171.87500000001924,-171.87500000001924,0.0,0.0,0.0,191.8928027527462,227.7619642283854,0.0,0.0,0.0,1000.0,0.0,0.0,0.0,0.0,0.0,0.0,0.0,0.0,-185.9227679881751,0.0,0.0,2.575203949771454,0.0,0.0,0.0,0.0,109.67299033165142,0.09111882706224605,0.0,0.0,0.0,0.0,0.0,0.0,0.0,0.0,0.0,94.72506782803771,0.0,0.0,0.0,0.0,0.0,0.0,0.0,0.0,0.0,0.05011535488415575,0.05011535488415575,0.0,0.0,0.0,27.335648118673593,0.0,0.0,0.0,1000.0,0.0,0.0,7.481141283134381,0.0,0.0,1000.0,-1000.0,0.0,0.0,0.0,0.0,0.0,2.575203949771454,0.0,0.0,0.0,0.0,0.0,0.0,0.0,206.33543277345802,28.445417265936886,0.0,0.0,616.0453499445663,0.0,-108.76649202752216,193.91800656286335,0.0,0.0,1000.0,0.0,1000.0,109.67299033165142,0.0,0.0,227.7619642283854,0.0,0.0,0.0,0.0,0.0,0.0,0.0,0.0,0.0,0.0,0.0,0.0,0.0,27.335648118673593,533.6947098546821,533.6947098546821,0.0,0.0,0.0,0.0,0.0,0.0,0.0,0.0,0.0,0.0,0.45559413531122656,0.0,0.0,7.481141283134381,-7.481141283134381,0.0,0.0,0.0,0.0,158.936506092576,0.0,0.0,0.0,605.0561338195355,0.0,0.0,0.0,0.0,0.0,0.0,1000.0,-19.222873189762847,0.0,13.667824059336796,13.667824059336796,203.38173245422476,-1000.0,0.0,2.575203949771454,0.0,0.0,0.0,0.0,0.0,813.2000705106884,0.0,1000.0,0.04555941353112265,0.0,0.0,0.0,60.16771405549477,73.1932370009302,0.0,-85.15151453534119,0.0,0.0,0.0,0.0,0.0,0.0,0.0,0.0,0.0,0.0,0.0,0.0,0.0,0.0,0.04555941353112265,0.0,0.0,0.0,0.0,0.0,0.0,0.0,0.0,0.0,0.0,346.5148466022317,0.0,-358.9710758429638,-810.8880730646462,-3.416956014834199,0.0,-2.2779706765561327,0.0,0.0,0.0,0.0,0.0,0.0,0.0,0.0,0.0,0.0,0.0,533.6947098546821,0.0,0.0,0.0,-1000.0,0.0,0.0,0.0,191.84724333921508,0.0,0.0,0.04555941353112265,0.0,0.04555941353112265,0.0,0.0,0.0,27.335648118673593,55.58248450796963,55.58248450796963,0.0,0.0,0.0,0.0,0.0,0.0,0.0,0.0,0.0,0.0,0.0,0.0,0.0,596.5105014083139,0.0,0.0,0.0,0.0,0.0,0.0,0.0,0.0,0.0,0.0,0.0,0.0,0.0,193.91800656286335,0.0,-147.03068069269102,147.03068069269102,0.06833912029668399,0.0,0.0,0.0,-158.936506092576,0.0,0.0,0.0,0.0,0.0,0.0,2.2779706765561327,0.0,0.0,0.0,0.0,-114.48031984798445,0.0,-2.2779706765561327,0.0,0.0,0.0,0.0,0.0,0.0,0.0,533.6947098546821,0.0,0.0,589.7167320472211,-227.7619642283854,0.0,-790.9233408543848,-223.24681187550675,0.0,-12.456229240732057,358.9710758429638,-346.5148466022317,0.0,-55.58248450796963,0.0,2.2779706765561327,1000.0,0.0,0.0,0.0,-200.88505055444386,-203.124999999995,203.124999999995,46.87500000000004,-46.87500000000004,0.0,0.0,0.0,0.0,0.0,1000.0,-10.250868044502681,55.58248450796963,0.0,0.0,0.0,0.0,0.0,0.0,0.0,0.0,0.0,1.4670131157013202,0.0,0.0,0.0,-154.8927818835324,0.0,0.0,13.667824059336796,7.481141283134381,0.0,0.0,0.0,-22.94122638587279,0.0,0.0,0.05011535488415575,0.0,0.0,0.0,27.79124225398482,0.0,0.0,0.0,0.0,268.6094964242274,0.0,0.0,0.0,0.0,0.0,0.0,0.0,0.0,-733.4123020046062,0.0,816.8955817991543,0.004555941353112214,0.0,0.0,0.0,0.0,0.0,0.0,0.0,0.0,0.0,0.0,0.0,0.0,0.0,0.0,0.0,0.0,0.0,0.0,0.0,0.0,0.0,0.0,0.0,0.0,0.0,0.0,0.0,14.962282566268762,230.01047510623587,1000.0,0.0,0.0,0.0,0.0,27.335648118673593,0.0,0.0,0.0,0.0,0.0,0.0,-27.335648118673593,0.0,14.962282566268762,0.0,0.0,0.0,0.0,0.0,0.0,0.0,0.0,0.0,0.0,-1000.0,141.12322136113596,627.718699677133,0.0,-158.936506092576,0.0,810.7058354105218,0.0,0.0,0.0,0.0,0.0,0.0,0.0,0.0,0.0,0.0,0.0,0.0,0.0,0.0,0.0,0.0,0.0,-5.694926691390332,533.6947098546821,-3.416956014834199,603.3444134379824,0.0,0.0,0.0,0.0,0.0,0.0,-0.5694926691390332,185.9227679881751,0.0,0.0,0.0,0.0,0.0,0.0,0.0,1000.0,13.667824059336796,13.667824059336796,0.0,0.0,0.0,0.0,0.0,0.05011535488415575,0.0,0.0,0.0,-810.7058354105218,816.8910258578012,0.0,0.0,0.0,0.0,0.0,0.0,0.0,0.0,0.0,0.0,0.0,0.0,0.0,73.51534034634551,0.0,0.0,0.0,0.0,47.83738420767879,10.98921612503074,0.0,0.0,0.0,0.0,0.0,0.0,0.0,0.0,0.0,0.0,0.0,-5.694926691390332,0.0,0.0,0.0,0.0,0.0,0.0,0.0,0.0,0.0,0.0,0.0,0.0,0.0,0.0,0.0,0.0,0.0,0.0,-0.04555941353112265,0.0,0.0,2.2779706765561327,-1000.0,0.0,0.0,0.0,0.0,533.6947098546821,0.0,0.0,0.0,-592.5878359032843,1.1389853382780664,0.0,0.0,0.0,0.04555941353112265,0.0,45.55941353112265,-14.123418194648023,9.111882706224531,0.3254243823651618,127.11076375183221,-0.03416956014834199,2.2779706765561327,0.9111882706224531,-0.22779706765550145,-127.11076375183221,13.667824059336796,-0.04555941353112265,98.81334962547898,2.575203949771454,0.011389853382780663,0.3254243823651618,-296.44004887643695,-14.73419991728819,-0.9111882706224531,-416.45604088084474,-0.04555941353112265,0.011389853382780663,-127.11076375183221,4.5559413531122654,0.04555941353112265,0.04555941353112265,0.0956747684152784,-7.431025928250111,0.0,-0.03416956014834199,13.667824059336796,0.04555941353112265,158.936506092576,122.48897526767787,-0.022779706765561326,17.523514573116927,335.17520252517534,-0.03416956014834199,-0.04555941353112265,-14.123418194648023,0.04555941353112265,4.555941353112274,-0.9111882706224531,193.91800656286335,193.91800656286335,-4.5559413531122654,416.45604088084474,-193.91800656286335,9.111882706224531,0.06833912029668399,-1000.0,4.5559413531122654,-206.33543277345802,2.575203949771454,-9.111882706224531,0.022779706765561326,0.45559413531122656,152.5045369487589,-218.6500815221609,-0.04555941353112265,-10.250868044502681,-0.0956747684152784,14.123418194648023,0.04555941353112265,14.73419991728819,-197.36477432081526,2.575203949771454,-0.04555941353112265,-0.011389853382780663,-2.575203949771454,-0.04555941353112265,109.67299033165142,0.04555941353112303,-0.011389853382780663,-0.011389853382780663,-0.011389853382780663,18.223765412449062,-122.48897526767787,0.45559413531122656,228.54196954470387,-0.011389853382780663,206.19572427203883,2.2779706765561327,-52.55852448926958,0.04555941353112265,0.022779706765561326,0.022779706765561326,5.843543327997993,14.123418194648023,0.04555941353112265,-14.123418194648023,0.45559413531122656,0.04555941353112265,-618.1182476343718,0.04555941353112265,0.18223765412437842,0.22779706765550145,0.022779706765561326,0.011389853382780663,13.667824059336796,-0.04555941353112265,0.0,0.45559413531122656,-457.08393908940775,1.1389853382780664,-4.555941353112274,9.111882706224531,2.2779706765561327,-0.04555941353112265,296.44004887643695,0.06833912029668399,-0.04555941353112265,-11.687086655995985,14.123418194648023,171.80857854166482,0.022779706765561326,105.11704897853916,-0.04555941353112265,-0.04555941353112303,-0.04555941353112265,0.022779706765561326,127.11076375183221,-9.111882706224531,0.04555941353112265,305.0090738975178,-0.011389853382780663,7.431025928250111,-305.0090738975178,6.833912029668397,-335.17520252517534,196.40335166680717,127.11076375183221,-0.03416956014834199,10.250868044502681,218.6500815221609,0.04555941353112265,-0.011389853382780667,430.6862910599806,45.55941353112266,-0.022779706765561326,-0.04555941353112265,0.011389853382780663,1000.0,0.0,999.9772202932345,389.5762780896679,-901.7180518946523,0.0,37.575833552826,-1000.0,0.0,319.0465585569953,-785.8650708307177,781.8114581481603,0.0,-159.52327927849765,450.85902594732613,392.93253541535887,0.0,500.0,0.0,-148.86735215579202,0.0,-781.8114581481603,-148.86735215579202,-37.575833552826,115.19233326026449,0.0,1496.5981,bhi
430,0.0,0.0,0.0,0.0,0.0,0.0,0.0,0.0,-0.038744760750963156,0.0,0.0,0.0,0.0,0.0,0.0,0.0,795.9828685128707,12.88485904048632,0.0,-149.9769223038454,0.0,0.0,0.0,996.0480344034016,0.0,11.005038465066136,0.0,0.0,0.0,-1000.0,0.0,0.0,709.3820782606507,0.0,0.0,0.0,0.0,-22.65101592521785,0.0,-1000.0,988.376571774711,0.0,0.0,657.3086507316577,0.0,0.0,0.0,302.2497466983762,257.5461160137622,-450.0638864698964,0.0,710.8376352582907,0.0,0.042619236826028965,0.0,0.0,0.0,309.99869884856884,0.0,0.0,189.92766752670454,0.0,-609.9082991561859,-1000.0,0.0,0.0,0.0,0.0,894.4335593632462,-885.755104971921,0.0,0.3874476075096316,0.0,0.0,0.0,0.0,0.0,0.0,0.0,0.0,0.0,0.0,0.0,0.0,23.246856450577894,0.0,0.0,879.0941353515328,-425.8026161070044,-148.39476778599123,-0.009686190187740789,0.0,0.0,-105.5151052694759,11.623428225288947,0.0,11.623428225288947,0.0,0.0,0.0,0.0,999.0313809812259,-1000.0,0.0,0.0,-108.21226649687614,0.0,0.0,0.0,0.0,0.0,0.0,0.0,0.0,0.0,0.0,0.0,0.0,0.0,0.0,0.0,0.0,0.0,0.0,-1000.0,0.0,0.0,11.623428225288947,0.0,12.010875832798577,12.010875832798577,0.0,-1000.0,435.66066413951216,564.3393358604878,-564.3393358604878,419.9806316294813,0.0,0.0,-1000.0,0.0,0.0,0.0,0.0,0.0,2.9833465778240833,0.038744760750963156,0.0,0.0,0.0,-680.9790253490046,680.9790253490046,0.0,0.0,295.3917003498262,0.0,34.00225214947386,0.0,0.0,0.0,0.0,0.0,999.961255239249,999.961255239249,0.0,0.0,0.0,0.0,0.0,0.0,0.0,1000.0,0.0,0.0,0.0,-631.0818738553919,-983.7624189487633,0.0,0.0,0.0,0.0,0.0,0.0,0.0,0.0,0.0,0.0,0.0,0.0,0.0,0.0,-1000.0,0.0,0.0,0.0,0.0,0.0,450.0638864698964,-710.8376352582907,574.1973838929956,-574.1973838929956,580.0193683705187,0.0,0.0,0.0,0.0,0.0,0.0,0.0,-1000.0,0.0,0.0,0.0,0.0,0.0,0.0,0.0,0.0,0.0,0.0,0.0,0.0,0.0,0.0,504.58097349218735,657.3086507316577,0.0,0.0,0.0,0.0,-133.0689687229792,0.0,0.0,0.0,0.0,189.92766752670454,0.0,0.0,0.0,0.0,0.0,0.0,0.0,0.0,0.0,1.2475812961816308,0.0,0.0,0.0,0.0,-1000.0,1000.0,0.0,-657.3086507316577,0.0,0.0,580.0193683705187,0.0,0.0,0.0,0.0,27.78732764042411,0.0,0.0,0.0,0.0,1000.0,-1000.0,1000.0,0.0,148.39476778599123,0.0,11.302704522632439,450.0638864698964,0.0,-314.8307654867551,0.0,0.0,0.0,-250.55671230211817,0.0,250.55671230211817,0.0,1000.0,0.0,0.0,-521.0386180886767,0.0,0.0,0.0,189.92766752670454,-0.05811714112644473,0.0,0.0,0.0,0.0,0.038744760750963156,0.0,0.0,0.0,540.17859083099,795.9828685128707,0.0,-380.3766489594196,-147.27465086082492,983.7624189487633,1000.0,0.0,999.5284757738525,0.0,-108.21226649687614,0.0,0.0,0.0,-3.335923900657897,3.8074481268054114,-1000.0,-577.2391316611406,-1000.0,0.0,0.0,0.0,0.0,0.0,0.0,0.0,0.0,0.0,0.0,0.0,0.0,0.0,0.0,0.0,0.0,0.0,-387.31430036207075,0.0,-1000.0,0.0,635.1817365201432,0.0,549.0226989815304,0.0,0.0,468.63504510696123,0.0,0.0,0.0,263.9387039521094,997.0941429436778,0.0,0.0,-403.33136002549827,0.0,-898.2410074900516,0.0,-725.251598441424,0.0,683.8914756967187,0.0,-371.664298974654,1000.0,-0.9686190187740789,723.3143604038759,1000.0,0.0,-1.9372380375481577,0.0,-1000.0,11.623428225288947,0.0,0.0,0.0,0.0,0.0,0.0,43.69069972337978,43.69069972337978,-43.69069972337978,-43.69069972337978,-490.99258395021684,0.0,0.0,-0.07748952150192631,0.0,0.0,0.0,0.0,0.0,-200.16403331710958,0.0,0.0,0.0,0.0,0.0,0.0,0.0,492.9575452668984,0.0774895215018887,0.0,0.0,0.0,0.0,0.0,0.0,0.0,0.0,0.0,8.678454391325204,0.0,0.0,0.0,0.0,0.0,0.0,0.0,0.0,0.0,0.042619236826028965,0.042619236826028965,0.0,15.33075251912129,0.0,23.246856450577894,0.0,0.0,0.0,1000.0,0.0,0.0,0.0,0.0,0.0,-148.53151539536063,-1000.0,0.0,0.0,34.70814349118415,0.0,0.0,0.0,0.0,0.0,0.0,0.0,0.0,0.0,0.0,333.3333333333333,-540.17859083099,0.0,0.0,2.9833465778240833,0.0,0.0,-105.5151052694759,-552.4655049170153,0.0,-148.53151539536063,0.0,344.4260298715378,0.0,0.0,0.0,0.0,0.0,0.0,0.0,0.0,0.0,0.0,0.0,0.0,0.0,0.0,0.0,0.0,0.0,23.246856450577894,580.0193683705187,580.0193683705187,0.0,0.0,0.0,0.0,0.0,0.0,0.0,0.0,0.0,0.0,0.3874476075096316,0.0,0.0,0.0,0.0,0.0,-710.8376352582907,0.0,0.0,11.623428225288947,-34.70814349118415,0.0,0.0,0.0,0.0,0.0,0.0,0.0,0.0,0.0,1000.0,758.7936036945088,0.0,11.623428225288947,11.623428225288947,346.6625349064652,-1000.0,0.0,0.0,0.0,0.0,0.0,0.0,0.0,577.2391316611406,0.0,1000.0,0.038744760750963156,0.0,0.0,-964.0478207534483,967.1723089597224,0.0,0.0,105.5151052694759,0.0,0.0,0.0,0.0,0.0,0.0,0.0,0.0,0.0,0.0,0.0,0.0,0.0,0.0,0.038744760750963156,0.0,0.0,0.0,-377.07509834403106,377.07509834403106,0.0,0.0,0.0,635.1817365201432,0.0,468.63504510696123,-295.3917003498262,0.0,-612.6856996379292,-2.9058570563222474,-1.9372380375481577,0.0,0.0,0.0,0.0,0.0,0.0,0.0,0.0,0.0,0.0,0.0,0.0,580.0193683705187,983.7624189487633,0.0,0.0,-1000.0,0.0,0.0,0.0,-0.038744760750963156,0.0,0.0,0.038744760750963156,0.0,0.038744760750963156,0.0,0.0,0.0,23.246856450577894,47.26860811617505,47.26860811617505,0.0,0.0,0.0,0.0,0.0,0.0,0.0,0.0,0.0,0.0,0.0,0.0,0.0,0.0,0.0,0.0,0.0,0.0,0.0,0.0,0.0,0.0,0.0,0.0,0.0,0.0,0.0,446.9503996475395,0.0,-11.005038465066136,11.005038465066136,0.05811714112644473,0.0,0.0,0.0,-11.623428225288947,0.0,0.0,0.0,0.0,0.0,-15.33075251912129,1.9372380375481577,0.0,0.0,0.0,0.0,0.0,531.3649548930388,0.0,0.0,0.0,0.0,0.0,0.0,0.0,0.0,580.0193683705187,0.0,34.70814349118415,891.862572417488,15.33075251912129,0.0,-648.4943699996644,-108.21226649687614,0.0,1000.0,0.0,-1000.0,295.3917003498262,-47.26860811617505,0.0,1.9372380375481577,1000.0,0.0,174.60713880029007,0.0,-200.16403331710958,0.0,0.0,171.87500000000017,-171.87500000000017,0.0,-472.86597298096694,0.0,0.0,0.0,-5.811714112644474,0.0,47.26860811617505,0.0,0.0,0.0,0.0,0.0,0.0,0.0,0.0,0.0,1.2475812961816308,0.0,0.0,24.048323688088,-11.802942597599326,-948.1708825268976,0.0,11.623428225288947,0.0,0.0,0.0,0.0,-69.69814532785409,0.0,0.0,0.042619236826028965,0.0,0.0,0.0,23.634304058087526,0.0,0.0,0.0,0.0,504.58097349218735,0.0,0.0,0.0,0.0,0.0,0.0,0.0,0.0,0.0,0.0,807.9914079954895,0.0038744760750963154,0.0,0.0,0.0,0.0,0.0,0.0,0.0,0.0,0.0,-964.0478207534483,0.0,0.0,0.0,0.0,0.0,15.33075251912129,0.0,0.0,0.0,0.0,0.0,0.0,0.0,450.0638864698964,0.0,0.0,0.0,0.0,0.0,1000.0,12.88485904048632,0.0,0.0,0.0,23.246856450577894,0.0,0.0,0.0,0.0,0.0,0.0,-23.246856450577894,0.0,0.0,0.0,0.0,0.0,0.0,0.0,0.0,0.0,0.0,0.0,0.0,-1000.0,-1000.0,26.540161114409763,-11.623428225288947,0.0,0.0,612.5307205949254,0.0,0.0,0.0,0.0,0.0,0.0,0.0,0.0,0.0,0.0,0.0,0.0,0.0,0.0,0.0,0.0,0.0,-4.843095093870405,580.0193683705187,-1000.0,-2.9058570563222363,0.0,0.0,0.0,0.0,0.0,952.3658115433163,-952.8501210527035,495.5557336669358,0.0,0.0,0.0,0.0,0.0,0.0,0.0,1000.0,11.623428225288947,11.623428225288947,0.0,0.0,0.0,0.0,0.0,0.042619236826028965,15.33075251912129,0.0,0.0,-612.5307205949254,807.9875335194143,0.0,0.0,0.0,0.0,0.0,0.0,0.0,0.0,0.0,0.0,0.0,0.0,0.0,0.0,0.0,0.0,12.010875832798577,0.0,40.681998788511315,2.9833465778240833,0.0,0.0,0.0,0.0,0.0,15.33075251912129,0.0,-533.3021929305869,0.0,0.0,0.0,-4.843095093870405,0.0,0.0,0.0,0.0,0.0,0.0,0.0,0.0,0.0,0.0,0.0,0.0,0.0,0.0,0.0,0.0,0.0,0.0,-0.038744760750963156,0.0,0.0,1.9372380375481577,148.53151539536063,0.0,0.0,0.0,0.0,580.0193683705187,0.0,0.0,0.0,3.335923900657897,0.9686190187740789,0.0,0.0,11.005038465066136,0.038744760750963156,0.0,38.74476075096315,0.0,7.748952150192632,0.27674829107830823,132.11963416078436,-0.029058570563222363,774.9956590001523,0.7748952150192632,-0.19372380375485426,-132.11963416078436,11.623428225288947,-0.038744760750963156,36.07075549895871,0.0,0.009686190187740789,0.27674829107830823,-108.21226649687614,-6.168165911553842,-0.7748952150192632,-658.8908052495117,-0.038744760750963156,0.009686190187740789,-132.11963416078436,3.8744760750963154,0.038744760750963156,0.038744760750963156,-15.249388521544297,0.042619236826074644,0.0,-0.029058570563222363,11.623428225288947,0.038744760750963156,11.623428225288947,-19.372380375481576,-0.019372380375481578,182.42228084427842,129.15574788713192,-0.029058570563222363,-0.038744760750963156,0.0,0.038744760750963156,3.8744760750963154,-0.7748952150192632,446.9503996475395,446.9503996475395,-3.8744760750963154,658.8908052495117,-446.9503996475395,7.748952150192631,0.05811714112644473,-1000.0,3.8744760750963154,-333.3333333333333,0.0,-7.748952150192631,0.019372380375481578,0.3874476075096316,95.0941622398549,23.07970466931392,-0.038744760750963156,-24.048323688088,15.249388521544297,12.010875832798577,0.038744760750963156,6.168165911553842,-46.49371290115602,0.0,-0.038744760750963156,-0.009686190187740789,0.0,-0.038744760750963156,492.9575452668984,0.038744760750963156,-0.009686190187740789,-0.009686190187740789,-0.009686190187740789,15.497904300385262,19.372380375481576,0.3874476075096316,352.47001641424697,-0.009686190187740789,154.1175689807511,1.9372380375481577,-244.54153459590106,0.038744760750963156,0.019372380375481578,0.019372380375481578,3.8744760750963154,0.0,0.038744760750963156,0.0,0.3874476075096316,0.038744760750963156,-1000.0,0.038744760750963156,0.1549790430038911,0.19372380375485426,0.019372380375481578,0.009686190187740789,11.623428225288947,-0.038744760750963156,0.0,0.3874476075096316,-704.9400328284939,774.0270399813782,-3.8744760750963154,7.748952150192631,1.9372380375481577,-0.038744760750963156,108.21226649687614,0.05811714112644473,-0.038744760750963156,-7.748952150192631,0.0,294.18142937333386,0.019372380375481578,489.0830691918021,-0.038744760750963156,-0.038744760750963156,-0.038744760750963156,0.019372380375481578,132.11963416078436,-7.748952150192631,0.038744760750963156,190.1883244797098,-0.009686190187740789,-0.042619236826074644,-190.1883244797098,5.811714112644473,-129.15574788713192,332.30178370164276,132.11963416078436,-0.029058570563222363,24.048323688088,-23.07970466931392,0.038744760750963156,-0.009686190187740789,265.8759419896576,38.74476075096315,-0.019372380375481578,-0.038744760750963156,0.009686190187740789,1000.0,0.0,999.9806276196246,647.529983585753,-1000.0,0.0,478.6735409112457,-818.4506039701231,0.0,-1000.0,591.4558982969004,640.7454178494718,0.0,500.0,500.0,-295.7279491484502,0.0,409.22530198506155,-15.33075251912129,-224.48328404547976,0.0,-640.7454178494718,-224.48328404547976,-478.6735409112457,260.6463888686527,0.0,1496.5981,bhi
431,0.0,0.0,0.0,0.0,0.0,0.0,0.0,0.0,-0.048473119062691264,0.0,0.0,0.0,0.0,0.0,0.0,0.0,0.0,0.0,0.0,458.4353559590239,0.0,0.0,0.0,0.0,0.0,0.0,0.0,0.0,0.0,-520.7213063551541,69.21695340045002,-69.21695340045002,218.4715020291872,0.0,0.0,0.0,0.0,782.833384781474,0.0,-1000.0,985.4580642811926,0.0,0.0,197.86713290255898,0.0,0.0,0.0,0.0,0.0,0.0,0.0,234.27271176196885,0.0,0.05332043096892222,0.0,0.0,0.0,9.694623812538254,0.0,0.0,204.40849028122466,0.0,883.9023940821066,393.0618620628434,0.0,0.0,0.0,0.0,1000.0,-1000.0,0.0,0.48473119062691267,0.0,0.0,0.0,0.0,0.0,0.0,0.0,0.0,0.0,0.0,0.0,0.0,29.08387143761476,0.0,0.0,463.4903897414808,779.9926016557109,0.0,-0.012118279765672816,0.0,0.0,131.48948727750212,14.54193571880738,0.0,14.541935718807395,0.0,0.0,0.0,0.0,2.4236559531345634,-981.7246346354,0.0,0.0,-169.6885401669465,0.0,0.0,0.0,0.0,0.0,0.0,0.0,0.0,0.0,0.0,0.0,0.0,0.0,0.0,0.0,0.0,0.0,0.0,-1000.0,0.0,0.0,14.541935718807395,0.0,15.02666690943429,2.400816030815708,0.0,0.0,0.0,0.0,0.0,-1000.0,0.0,0.0,304.7509776995121,0.0,0.0,0.0,0.0,0.0,3.732430167827225,0.048473119062691264,0.0,0.0,0.0,0.0,-2.2706880637024938,0.0,0.0,0.0,0.0,291.8957393174187,0.0,0.0,0.0,0.0,0.0,930.7345734804873,930.7345734804873,0.0,0.0,0.0,578.125,0.0,0.0,0.0,1000.0,0.0,0.0,0.0,-1000.0,0.0,0.0,0.0,0.0,0.0,0.0,0.0,0.0,0.0,0.0,-1000.0,0.0,0.0,0.0,0.0,-1000.0,0.0,0.0,0.0,0.0,0.0,0.0,-234.27271176196885,-229.21767797951193,229.21767797951193,695.2490223004879,0.0,0.0,0.0,0.0,0.0,0.0,461.0033282802459,-1000.0,0.0,0.0,0.0,0.0,0.0,0.0,0.0,0.0,0.0,0.0,0.0,0.0,0.0,0.0,-372.87309070074497,754.994018117123,0.0,0.0,0.0,0.0,-209.3897339810668,0.0,0.0,0.0,0.0,204.40849028122466,557.126885214564,69.21695340045002,0.0,0.0,0.0,0.0,0.0,0.0,0.0,1000.0,0.0,0.0,0.0,-642.7976949548786,366.41258468034425,0.0,0.0,-754.994018117123,0.0,0.0,695.2490223004879,244.0455660940263,0.0,0.0,0.0,-478.6727796565624,0.0,0.0,-1000.0,0.0,-710.1848667966839,-999.9999999999991,0.0,-710.1848667966839,550.774923676199,0.0,0.0,0.0,0.0,-345.81765407288106,0.0,0.0,0.0,-548.3867171466516,0.0,548.3867171466516,0.0,999.9030537618746,0.0,0.0,-815.3187391250275,578.125,0.0,0.0,204.40849028122466,-0.07270967859403689,0.0,0.0,0.0,0.0,0.048473119062691264,0.0,0.0,0.0,-500.4012240382285,0.0,0.0,-113.125693444631,343.13300676738464,0.0,1000.0,0.0,-360.88618402841615,0.0,-169.6885401669465,0.0,0.0,0.0,384.46833927324906,0.0,-23.582155244832904,-1000.0,-1000.0,0.0,0.0,0.0,0.0,0.0,0.0,0.0,0.0,0.0,0.0,0.0,0.0,0.0,0.0,0.0,0.0,0.0,-216.97272274227538,0.0,-1000.0,0.0,0.0,929.2222121657314,0.0,0.0,0.0,-934.5154767673772,0.0,0.0,0.0,0.0,0.0,-1000.0,0.0,0.0,-639.2144330531795,0.0,-243.30159036922907,0.0,-430.3287743976276,0.0,0.0,-2.4236559531345634,0.0,638.0026050766122,-2.4236559531345634,647.9627162205761,0.0,38.99775628852069,1000.0,-1000.0,14.541935718807395,0.0,0.0,0.0,56.13644781594614,0.0,0.0,0.0,0.0,0.0,0.0,-610.1140141742144,0.0,0.0,0.0,0.0,0.0,461.0033282802459,0.0,0.0,-286.4320417380386,0.0,0.0,0.0,0.0,0.0,0.0,0.0,-389.68571448325486,0.09694623812537184,0.0,0.0,0.0,0.0,0.0,0.0,0.0,0.0,0.0,0.0,0.0,0.0,0.0,0.0,0.0,0.0,0.0,0.0,0.0,0.05332043096892222,0.05332043096892222,69.21695340045002,435.8196232719069,0.0,29.08387143761476,0.0,0.0,0.0,1000.0,0.0,0.0,0.0,0.0,0.0,615.1960013318708,-1000.0,0.0,0.0,0.0,0.0,0.0,0.0,0.0,0.0,0.0,0.0,0.0,0.0,0.0,333.3333333333333,500.4012240382285,2.2706880637024938,0.0,3.732430167827225,0.0,0.0,131.48948727750212,-354.369801041919,0.0,615.1960013318708,0.0,-774.4897131513839,1000.0,484.3749999999952,-484.3749999999952,0.0,0.0,0.0,0.0,0.0,0.0,0.0,0.0,0.0,0.0,0.0,0.0,0.0,0.0,29.08387143761476,695.2490223004879,695.2490223004879,0.0,0.0,0.0,0.0,0.0,0.0,0.0,0.0,0.0,0.0,0.48473119062691267,0.0,69.21695340045002,0.0,0.0,69.21695340045002,-234.27271176196885,0.0,0.0,14.541935718807395,0.0,0.0,0.0,0.0,0.0,0.0,0.0,0.0,0.0,0.0,1000.0,-953.053240715211,0.0,14.54193571880738,14.54193571880738,956.9309779903638,-1000.0,0.0,0.0,0.0,0.0,0.0,0.0,0.0,981.7246346354,461.0033282802459,1000.0,0.048473119062691264,0.0,0.0,0.0,54.41241433031564,0.0,0.0,-131.48948727750212,0.0,0.0,0.0,0.0,0.0,0.0,0.0,0.0,0.0,0.0,0.0,0.0,0.0,0.0,0.048473119062691264,0.0,0.0,0.0,0.0,0.0,0.0,0.0,0.0,0.0,0.0,515.8731358668423,0.0,-521.1664004684881,-783.0272772577246,-3.635483929701845,-2.4236559531345634,0.0,0.0,0.0,0.0,0.0,0.0,0.0,0.0,0.0,0.0,0.0,0.0,695.2490223004879,0.0,0.0,0.0,-958.5785877583447,0.0,0.0,0.0,-0.048473119062691264,0.0,0.0,0.048473119062691264,0.0,0.048473119062691264,0.0,0.0,0.0,29.08387143761476,59.13720525648335,59.13720525648335,0.0,0.0,0.0,0.0,0.0,0.0,0.0,2.2706880637024938,0.0,461.0033282802459,0.0,0.0,103.88387119949087,284.75800362505584,0.0,0.0,0.0,0.0,0.0,0.0,0.0,0.0,0.0,0.0,0.0,0.0,0.0,485.8592883194211,0.0,0.0,0.0,0.07270967859403689,0.0,0.0,0.0,-14.541935718807395,0.0,0.0,0.0,0.0,0.0,-435.8196232719069,2.4236559531345634,0.0,0.0,0.0,-578.125,0.0,69.71862887632241,0.0,0.0,0.0,0.0,0.0,0.0,0.0,0.0,695.2490223004879,0.0,0.0,-674.446553333694,435.8196232719069,0.0,-37.00988212679982,-169.6885401669465,0.0,-864.7968478910548,521.1664004684881,343.6304474225667,0.0,184.90836083754294,0.0,2.4236559531345634,806.802743389313,0.0,0.0,-69.21695340045002,-286.4320417380386,-140.62499999998798,140.62499999998798,0.0,0.0,0.0,0.0,0.0,0.0,0.0,992.7290321405964,0.0,59.13720525648335,0.0,0.0,0.0,69.21695340045002,0.0,0.0,0.0,0.0,0.0,1000.0,0.0,0.0,446.72607506101247,-54.41241433031564,308.3290530803288,0.0,14.541935718807395,0.0,0.0,0.0,0.0,-365.2374881181597,0.0,0.0,0.05332043096892222,0.0,0.0,0.0,29.56860262824167,0.0,0.0,0.0,0.0,-372.87309070074497,0.0,0.0,0.0,0.0,0.0,0.0,0.0,0.0,-1000.0,0.0,0.0048473119062691266,0.0048473119062691266,0.0,0.0,0.0,0.0,0.0,0.0,0.0,0.0,0.0,0.0,69.21695340045002,0.0,0.0,0.0,0.0,435.8196232719069,0.0,0.0,0.0,0.0,0.0,0.0,0.0,0.0,0.0,0.0,0.0,0.0,224.16264419705504,0.0,0.0,0.0,0.0,0.0,29.08387143761476,0.0,0.0,0.0,0.0,0.0,0.0,-29.08387143761476,0.0,0.0,0.0,0.0,0.0,0.0,0.0,0.0,0.0,69.21695340045002,69.21695340045002,0.0,-1000.0,-1000.0,421.84596138249026,-684.1902056180736,669.6482698992662,0.0,782.833384781474,0.0,0.0,0.0,0.0,0.0,0.0,0.0,0.0,0.0,0.0,0.0,0.0,0.0,0.0,0.0,0.0,0.0,-6.0591398828364085,695.2490223004879,-3.635483929701845,385.0063908948449,0.0,0.0,0.0,0.0,0.0,0.0,-0.6059139882836408,286.4320417380386,0.0,0.0,0.0,0.0,0.0,0.0,0.0,1000.0,14.54193571880738,14.54193571880738,0.0,0.0,0.0,0.0,0.0,0.05332043096892222,435.8196232719069,0.0,0.0,-782.833384781474,0.0,0.0,0.0,0.0,0.0,0.0,0.0,0.0,0.0,0.0,0.0,0.0,0.0,0.0,0.0,0.0,0.0,2.400816030815708,0.0,50.89677501582584,0.0,0.0,3.732430167827225,0.0,0.0,0.0,435.8196232719069,0.0,857.0799273362744,0.0,0.0,0.0,-6.0591398828364085,0.0,0.0,0.0,0.0,0.0,0.0,0.0,0.0,0.0,0.0,0.0,0.0,0.0,0.0,0.0,0.0,0.0,0.0,-0.048473119062691264,0.0,0.0,2.4236559531345634,-615.1960013318708,0.0,0.0,0.0,0.0,695.2490223004879,0.0,0.0,0.0,-384.46833927324906,1.2118279765672817,0.0,0.0,0.0,0.048473119062691264,0.0,48.47311906269126,-12.625850878618582,9.694623812538254,0.346236564733509,140.04163424654004,-0.036354839297018444,2.4236559531345634,0.9694623812538254,-0.2423655953132311,-140.04163424654004,14.54193571880738,-0.04847311906269127,56.5628467223155,0.0,0.012118279765672818,0.34623656473350906,-169.6885401669465,-7.7169205547803585,68.2474910191962,-458.4353559590239,-0.04847311906269127,0.012118279765672818,-140.04163424654004,579.0242329000802,0.04847311906269127,0.04847311906269127,-435.71782972187526,0.0533204309689604,-268.7801361785491,-0.036354839297018444,14.54193571880738,0.04847311906269127,14.54193571880738,-24.236559531345634,-0.024236559531345632,316.26147719502336,204.493948955735,-0.036354839297018444,-0.04847311906269127,-12.625850878618582,0.048473119062691264,4.847311906269127,-0.9694623812538254,485.8592883194211,485.8592883194211,-4.847311906269169,458.4353559590239,-485.8592883194211,9.694623812538254,0.07270967859403689,-1000.0,4.847311906269127,-333.3333333333333,0.0,-9.694623812538254,0.024236559531345632,0.48473119062691267,28.28142336115775,445.5142470844452,-0.04847311906269127,-446.72607506101247,435.71782972187526,15.02666690943429,0.04847311906269127,7.7169205547803585,-632.3446638690403,0.0,-0.04847311906269127,-0.012118279765672818,0.0,-0.04847311906269127,-389.68571448325486,0.048473119061781776,-0.012118279765672816,-0.012118279765672816,-0.012118279765672816,19.389247625076507,24.236559531345634,0.48473119062691267,357.27501472371546,-0.012118279765672816,0.0,2.4236559531345634,197.26651319476198,0.048473119062691264,0.024236559531345632,0.024236559531345635,4.847311906269127,12.625850878618582,0.048473119062691264,-12.625850878618582,0.48473119062691267,0.04847311906269127,-1000.0,0.04847311906269127,0.19389247625051098,0.2423655953132311,0.024236559531345632,0.012118279765672816,14.54193571880738,-0.04847311906269127,268.7801361785491,-34.1237455095981,-714.5500294474309,1.2118279765672817,-4.847311906269127,9.694623812538254,2.4236559531345634,-0.04847311906269127,169.6885401669465,0.07270967859403689,-0.04847311906269127,-9.694623812538254,12.625850878618582,487.71729452247376,0.024236559531345635,-394.53302638952397,-0.04847311906269127,-0.048473119061781776,-0.04847311906269127,0.024236559531345635,140.04163424654004,-9.694623812538254,0.048473119062691264,56.5628467223155,-0.012118279765672816,-0.0533204309689604,-56.5628467223155,7.270967859403688,-204.493948955735,488.05247176093314,140.04163424654004,-0.036354839297018444,446.72607506101247,-445.5142470844452,0.04847311906269127,-0.012118279765672816,2.4236559531345634,48.47311906269126,-0.024236559531345632,-0.04847311906269127,0.012118279765672818,1000.0,0.0,449.20083976426963,642.7249852762845,712.310326378356,0.0,353.48384307566846,-389.2312981274191,574.176920993811,-1000.0,713.9714827126766,29.585946377964063,-550.774923676199,500.0,-356.155163189178,-356.9857413563383,-574.176920993811,194.61564906370955,-435.8196232719069,-122.47980640431405,550.774923676199,-29.585946377964063,-122.47980640431405,-353.48384307566846,490.4905975192199,0.0,1496.5981,bhi
432,0.0,0.0,0.0,0.0,0.0,0.0,0.0,0.0,-0.021503068897727177,0.0,0.0,0.0,0.0,0.0,0.0,0.0,459.0052390605505,520.5338030688399,0.0,-842.3810334656141,0.0,0.0,0.0,1000.0,0.0,0.0,0.0,0.0,0.0,-1000.0,0.0,0.0,398.98339587544257,0.0,0.0,0.0,0.0,999.9139877244088,0.0,-1000.0,480.5394802316281,0.0,0.0,0.0,0.0,0.0,0.0,0.0,413.76192162596044,0.0,0.0,614.2695943896545,0.0,0.02365337578839899,0.0,0.0,0.0,0.0,0.0,0.0,39.89946270768837,0.0,0.0,-85.4800362181609,0.0,0.0,0.0,0.0,0.0,0.0,0.0,0.2150306889772718,0.0,0.0,0.0,0.0,0.0,0.0,0.0,0.0,0.0,0.0,1.6557363051249965,0.0,12.901841338636306,0.0,0.0,801.7268680191714,-747.212008831513,1000.0,-0.005375767224431794,0.0,0.0,0.0,6.450920669318153,0.0,519.4605197683719,-0.6923988185110375,880.6471389313664,0.0,1.6557363051249965,287.57050687190184,-1000.0,0.0,0.0,-258.13414452093093,0.0,834.8376095305097,0.0,0.0,0.0,0.0,0.0,0.0,0.0,0.0,0.0,0.0,0.0,0.0,0.0,0.0,0.0,0.0,-266.21638676919486,0.0,0.0,519.4605197683719,0.0,6.665951358295425,0.0,0.0,0.0,0.0,0.0,0.0,-125.37949892584928,1000.0,-1000.0,0.0,0.0,0.0,0.0,0.0,0.0,0.0,0.021503068897727177,0.0,0.0,0.0,518.6677972096842,-518.6677972096842,0.0,0.0,0.0,0.0,529.3095408131521,0.0,0.0,0.0,0.0,0.0,999.9784969311023,999.9784969311023,0.0,0.0,0.0,0.0,175.4406234449767,0.0,0.0,1000.0,0.0,0.0,0.0,0.0,-178.27840643806212,0.0,0.0,0.0,0.0,0.0,0.0,0.0,0.0,0.0,-66.77407469493248,0.0,0.0,0.0,0.0,-1000.0,0.0,0.0,0.0,0.0,0.0,0.0,-614.2695943896545,47.94465376045878,-47.94465376045878,0.0,0.0,0.0,0.0,0.0,0.0,0.0,0.0,-1000.0,0.0,0.0,0.0,0.0,0.0,0.0,0.0,0.0,0.0,0.0,0.0,0.0,0.0,0.0,402.1756266019526,741.5024337031435,0.0,0.0,0.0,125.37949892584928,82.69352107595424,0.0,0.0,0.0,0.0,39.89946270768837,741.5024337031435,0.0,0.0,0.0,0.0,0.0,0.0,0.0,0.0,0.0,262.0481567908466,513.0095990990537,0.0,1000.0,204.84333740802822,649.1638490159362,0.0,-741.5024337031435,0.0,0.0,125.37949892584928,-57.9838718113881,0.0,0.0,0.0,-43.96031726902652,0.0,0.0,-511.04872122742927,-1000.0,0.0,488.9512787725706,0.0,1000.0,-699.2673550710542,0.0,-875.1217718917928,0.0,0.0,-22.699958851295605,0.0,0.0,0.0,0.0,0.0,0.0,0.0,999.9569938622045,0.0,125.37949892584928,-1000.0,0.0,0.0,0.0,39.89946270768837,-0.03225460334659076,0.0,0.0,0.0,0.0,0.021503068897727177,0.0,0.0,0.0,397.8459591556739,459.0052390605505,0.0,-403.3173784691456,12.751049063435133,178.27840643806212,1000.0,0.0,0.0,0.0,-258.13414452093093,0.0,0.0,0.0,798.8601393599413,-798.8601393599413,0.0,-955.7708943697518,-1000.0,0.0,0.0,0.0,0.0,0.0,0.0,0.0,0.0,0.0,0.0,0.0,0.0,0.0,0.0,0.0,0.0,0.0,0.0,0.0,-1000.0,0.0,0.0,0.0,4.188045415494344,0.0,0.0,95.70370941604877,0.0,880.6471389313664,0.0,0.0,286.49535342701546,-201.1398606400587,0.0,450.20371568267996,218.6445172147814,1000.0,0.0,0.0,0.0,-829.6654358628261,0.0,-596.6205685488212,0.0,-219.18209393722458,-1.0751534448863589,-421.1227720906672,0.0,-1000.0,735.3478554619152,801.0611818048343,519.4605197683719,0.0,0.0,0.0,0.0,0.0,0.0,0.0,0.0,0.0,0.0,-541.5509547265951,0.0,0.0,0.0,0.0,0.0,0.0,0.0,0.0,-45.580573510472526,0.0,0.0,0.0,0.0,0.0,0.0,0.0,-117.2848931664193,0.043006137795295274,0.0,0.0,0.0,0.0,0.0,0.0,0.0,0.0,0.0,0.0,0.0,0.0,0.0,0.0,0.0,0.0,0.0,0.0,0.0,0.02365337578839899,0.02365337578839899,0.0,246.80073701809,0.0,12.901841338636306,0.0,359.4949766297811,0.0,1000.0,0.0,0.0,0.0,0.0,0.0,340.5875939713851,-1000.0,0.0,0.0,0.0,0.0,0.0,0.0,0.0,0.0,0.0,0.0,0.0,0.0,0.0,88.73879558973162,-397.8459591556739,0.0,0.0,1.6557363051249965,0.0,-621.5610596390942,621.5610596390942,538.8675385631399,0.0,340.5875939713851,0.0,223.30270080496587,0.0,0.0,0.0,0.0,0.0,0.0,0.0,0.0,0.0,0.0,0.0,0.0,0.0,0.0,0.0,0.0,0.0,12.901841338636306,125.37949892584928,125.37949892584928,0.0,0.0,0.0,0.0,0.0,0.0,0.0,0.0,0.0,0.0,0.2150306889772718,0.0,0.0,0.0,0.0,0.0,-614.2695943896545,0.0,0.0,519.4605197683719,0.0,0.0,0.0,0.0,0.0,0.0,0.0,0.0,0.0,0.0,832.6067067001907,0.0,0.0,6.450920669318153,6.450920669318153,555.9362370262575,-1000.0,0.0,0.0,0.0,0.0,0.0,0.0,0.0,955.7708943697518,0.0,1000.0,0.021503068897727177,0.0,0.0,0.0,28.39787434643413,0.0,0.0,0.0,0.0,0.0,0.0,0.0,0.0,0.0,0.0,0.0,0.0,0.0,0.0,0.0,0.0,0.0,0.021503068897727177,0.0,0.0,0.0,0.0,0.0,0.0,0.0,0.0,0.0,0.0,976.3508483474152,0.0,0.0,-1000.0,-1.6127301673295382,0.0,-1.0751534448863822,0.0,0.0,0.0,0.0,0.0,0.0,0.0,0.0,0.0,0.0,0.0,125.37949892584928,178.27840643806212,0.0,0.0,-197.86366475027933,0.0,0.0,0.0,-0.021503068897727177,0.0,0.0,0.021503068897727177,0.0,0.021503068897727177,0.0,0.0,0.0,12.901841338636306,26.233744055227156,26.233744055227156,0.0,0.0,0.0,0.0,0.0,0.0,0.0,0.0,0.0,0.0,0.0,0.0,0.0,800.7115535920365,0.0,0.0,0.0,0.0,0.0,0.0,0.0,0.0,0.0,0.0,0.0,0.0,0.0,82.69352107595424,0.0,0.0,0.0,0.03225460334659076,0.0,0.0,0.0,-519.4605197683719,0.0,0.0,0.0,0.0,0.0,-246.80073701809,1.0751534448863589,0.0,0.0,0.0,0.0,-175.4406234449767,-1000.0,-1.0751534448863822,0.0,0.0,0.0,0.0,0.0,0.0,0.0,125.37949892584928,0.0,0.0,875.2926845500858,246.80073701809,0.0,-441.37587936152664,-258.13414452093093,0.0,-904.2962905839512,880.6471389313664,23.649151652584806,0.0,-84.21761586661526,359.4949766297811,1.0751534448863822,982.2233468621512,0.0,65.79717444005554,0.0,-45.580573510472526,0.0,0.0,0.0,0.0,0.0,-95.70370941604877,0.0,0.0,0.0,63.54861436027328,0.0,26.233744055227156,0.0,0.0,0.0,0.0,0.0,0.0,0.0,0.0,0.0,0.0,0.0,0.0,251.63892752007877,-28.39787434643413,331.7488780761066,0.0,6.450920669318153,0.0,0.0,0.0,0.0,-50.15285042351745,0.0,0.0,0.02365337578839899,0.0,0.0,0.0,13.116872027613578,0.0,0.0,0.0,0.0,402.1756266019526,0.0,0.0,0.0,0.0,0.0,0.0,0.0,0.0,0.0,0.0,0.0021503068897728017,0.0021503068897728017,0.0,0.0,0.0,0.0,0.0,0.0,0.0,0.0,0.0,0.0,0.0,0.0,0.0,0.0,0.0,246.80073701809,0.0,0.0,0.0,0.0,0.0,0.0,0.0,0.0,0.0,0.0,0.0,0.0,0.0,-1000.0,520.5338030688399,0.0,0.0,0.0,12.901841338636306,0.0,0.0,0.0,0.0,0.0,0.0,-12.901841338636306,0.0,0.0,0.0,0.0,0.0,0.0,0.0,0.0,0.0,0.0,0.0,0.0,-1000.0,-1000.0,815.4411557869796,0.0,-519.4605197683719,0.0,999.9139877244088,0.0,0.0,0.0,0.0,0.0,0.0,0.0,0.0,0.0,0.0,0.0,0.0,0.0,0.0,0.0,0.0,359.4949766297811,-2.6878836122159204,125.37949892584928,-288.10808359434503,799.098823424707,0.0,0.0,0.0,0.0,0.0,-228.4993625525018,228.2305741912802,45.580573510472526,0.0,0.0,0.0,0.0,0.0,0.0,0.0,1000.0,6.450920669318153,6.450920669318153,0.0,0.0,0.0,0.0,0.0,0.02365337578839899,246.80073701809,0.0,0.0,-999.9139877244088,0.0,0.0,0.0,0.0,0.0,0.0,0.0,0.0,0.0,0.0,0.0,0.0,0.0,0.0,0.0,0.0,0.0,0.0,0.0,22.578222342613536,1.6557363051249965,0.0,0.0,0.0,0.0,0.0,246.80073701809,0.0,999.307601181489,0.0,0.0,0.0,-2.6878836122159204,0.0,0.0,0.0,0.0,0.0,0.0,0.0,0.0,0.0,0.0,0.0,0.0,0.0,0.0,0.0,0.0,0.0,0.0,-0.021503068897727177,0.0,0.0,1.0751534448863589,-340.5875939713851,0.0,0.0,0.0,0.0,125.37949892584928,0.0,0.0,0.0,-798.8601393599413,0.5375767224431794,0.0,0.0,0.0,0.021503068897727177,0.0,21.503068897727175,-6.665951358295425,4.3006137795454356,0.15359334926947985,59.993562224658824,-0.01612730167329538,146.41685286614128,0.4300613779545436,-0.1075153444889288,-59.993562224658824,6.450920669318153,-0.021503068897727177,86.0447148403103,0.0,0.005375767224431794,0.15359334926947985,-258.13414452093093,-3.4232885685223664,-0.4300613779545436,-137.1580086637763,-0.021503068897727177,0.005375767224431794,-59.993562224658824,463.33702511344643,0.021503068897727177,0.021503068897727177,-246.75558057340388,0.02365337578749998,0.0,-0.01612730167329538,6.450920669318153,0.021503068897727177,519.4605197683719,502.25806465019014,-0.010751534448863589,-13.041251771290263,-84.86533103462469,-0.01612730167329538,-0.021503068897727177,-6.665951358295425,0.021503068897727177,2.1503068897727178,-0.4300613779545436,82.69352107595424,82.69352107595424,-2.1503068897727178,137.1580086637763,-82.69352107595424,4.3006137795454356,0.03225460334659076,372.8511578731028,2.1503068897727178,-88.73879558973162,0.0,-4.3006137795454356,0.010751534448863589,0.2150306889772718,100.8293446172864,251.10135079763543,-0.021503068897727177,-251.63892752007877,246.75558057340388,6.665951358295425,0.021503068897727177,3.4232885685223664,-1000.0,0.0,-0.021503068897727177,-0.005375767224431794,0.0,-0.021503068897727177,-117.2848931664193,0.021503068897840864,-0.005375767224431794,-0.005375767224431794,-0.005375767224431794,8.601227559090871,-502.25806465019014,0.2150306889772718,245.41757839821298,-0.005375767224431794,115.61397439426248,1.0751534448863589,59.71760002809601,0.021503068897727177,0.010751534448863589,0.010751534448863589,-60.53944257315192,6.665951358295425,0.021503068897727177,-6.665951358295425,0.2150306889772718,0.021503068897727177,-704.3905628554169,0.021503068897727177,0.08601227559120161,0.1075153444889288,0.010751534448863589,0.005375767224431794,6.450920669318153,-0.021503068897727177,0.0,0.2150306889772718,-490.83515679642596,145.8792761436981,-2.1503068897727178,4.3006137795454356,1.0751534448863589,-0.021503068897727177,258.13414452093093,0.03225460334659076,-0.021503068897727177,121.07888514630385,6.665951358295425,172.60311426503876,0.010751534448863589,-119.43520005619202,-0.021503068897727177,-0.021503068897840864,-0.021503068897727177,0.010751534448863589,59.993562224658824,-4.3006137795454356,0.021503068897727177,201.6586892345728,-0.005375767224431794,-0.02365337578749998,-201.6586892345728,3.225460334659076,84.86533103462469,-1000.0,59.993562224658824,-0.01612730167329538,251.63892752007877,-251.10135079763543,0.021503068897727177,-0.005375767224431793,1.0751534448863822,21.503068897727175,-0.010751534448863589,-0.021503068897727177,0.005375767224431794,1000.0,0.0,-673.5945543364975,458.9729844572039,-1000.0,257.74754301130116,331.47560282765517,-657.5927582190142,461.1867182236737,-1000.0,795.3844854679807,437.0752655819812,-300.7326449289458,500.0,500.0,-397.6922427339903,-461.1867182236737,328.7963791095071,-246.80073701809,-122.45026384152132,300.7326449289458,-437.0752655819812,-122.45026384152132,-331.47560282765517,664.6626479689412,-257.74754301130116,1496.5981,bhi
433,0.0,0.0,0.0,0.0,0.0,0.0,0.0,0.0,236.4646991318074,0.0,0.0,0.0,0.0,0.0,0.0,0.0,257.41069586502033,312.1090156244683,0.0,394.74634084686295,0.0,0.0,0.0,0.0,0.0,0.0,0.0,0.0,0.0,274.13568005216007,0.0,0.0,50.23249609434163,0.0,0.0,0.0,0.0,-176.06130081707965,0.0,-1000.0,1000.0,0.0,0.0,-621.9786433402769,0.0,0.0,0.0,0.0,-424.32895889694663,-819.4856727437549,0.0,-514.7612263200432,0.0,0.0,0.0,0.0,0.0,0.0,0.0,0.0,176.06130081707977,0.0,352.1226016341592,0.0,0.0,0.0,0.0,0.0,0.0,0.0,0.0,0.0,0.0,0.0,0.0,0.0,0.0,0.0,0.0,0.0,0.0,0.0,0.0,0.0,0.0,0.0,0.0,-237.0045891874307,-146.57232176433433,0.0,0.0,0.0,0.0,0.0,0.0,0.0,0.0,0.0,0.0,0.0,0.0,443.76000365621195,-725.8643199478399,0.0,0.0,0.0,0.0,0.0,0.0,0.0,0.0,0.0,0.0,0.0,0.0,0.0,0.0,0.0,0.0,0.0,0.0,0.0,0.0,0.0,-783.128163006795,0.0,0.0,0.0,0.0,0.0,0.0,0.0,0.0,0.0,0.0,0.0,-467.70653428960526,1000.0,-1000.0,-60.477368161633706,0.0,0.0,0.0,0.0,0.0,0.0,0.0,0.0,0.0,0.0,0.0,0.0,0.0,0.0,0.0,0.0,-279.96660761106153,0.0,0.0,0.0,0.0,0.0,1000.0,1000.0,0.0,0.0,0.0,609.375,-289.9189771278215,0.0,0.0,1000.0,0.0,0.0,0.0,-1000.0,-972.4778357414456,0.0,0.0,0.0,0.0,0.0,0.0,0.0,0.0,0.0,0.0,0.0,0.0,0.0,0.0,-1000.0,0.0,0.0,0.0,0.0,0.0,819.4856727437549,514.7612263200432,146.57232176433433,-146.57232176433433,528.183902451239,0.0,0.0,0.0,0.0,0.0,0.0,1000.0,-27.570752029446396,0.0,0.0,0.0,0.0,0.0,0.0,0.0,0.0,0.0,0.0,0.0,0.0,0.0,620.3208184374442,-82.27937952344766,-621.9786433402769,0.0,0.0,0.0,0.0,-210.69417329397106,0.0,0.0,0.0,0.0,176.06130081707977,0.0,0.0,0.0,0.0,0.0,0.0,0.0,0.0,0.0,0.0,0.0,0.0,0.0,-409.2559708016463,-702.400614330315,0.0,0.0,621.9786433402769,0.0,0.0,528.183902451239,452.41602039418245,0.0,0.0,0.0,-266.31846444520215,0.0,0.0,-1000.0,0.0,-372.7789731053405,-1000.0,0.0,-372.7789731053405,0.0,0.0,1000.0,819.4856727437549,0.0,-317.4897291572679,0.0,0.0,0.0,-590.2899432720894,0.0,590.2899432720894,0.0,1000.0,0.0,0.0,0.0,609.375,0.0,0.0,176.06130081707977,0.0,0.0,0.0,0.0,0.0,0.0,0.0,0.0,0.0,682.5102708427321,257.41069586502033,0.0,0.0,-259.3396232809828,972.4778357414456,1000.0,0.0,376.7980712229057,0.0,0.0,0.0,0.0,0.0,623.2019287770943,0.0,-1000.0,-951.8668437313956,-1000.0,0.0,0.0,0.0,0.0,0.0,0.0,0.0,0.0,0.0,0.0,0.0,0.0,0.0,0.0,0.0,0.0,0.0,-1000.0,0.0,-823.9386991829202,0.0,0.0,0.0,0.0,0.0,0.0,0.0,0.0,0.0,0.0,99.51625809809957,443.76000365621195,-446.4186492590646,0.0,246.58010500864924,0.0,446.4186492590646,423.3735635480782,312.8503741352917,-583.6992765854505,860.9810897102568,0.0,-468.46010683675524,476.3157228621336,0.0,-312.8503741352917,0.0,0.0,-806.6272916113783,-1000.0,851.5361939044664,0.0,0.0,0.0,0.0,0.0,0.0,236.4646991318074,0.0,-620.3208184374442,620.3208184374442,620.3208184374442,-605.4761587922612,0.0,101.27670719556598,0.0,0.0,0.0,1000.0,0.0,0.0,-176.06130081707943,0.0,0.0,0.0,0.0,0.0,0.0,0.0,-82.27937952344766,0.0,0.0,0.0,0.0,0.0,0.0,0.0,0.0,0.0,0.0,0.0,0.0,0.0,0.0,0.0,0.0,0.0,0.0,0.0,0.0,0.0,0.0,0.0,319.2809131315362,0.0,0.0,0.0,166.9163797240112,0.0,1000.0,0.0,82.27937952344766,0.0,0.0,0.0,-101.81731568133273,-1000.0,0.0,0.0,0.0,0.0,0.0,0.0,0.0,0.0,0.0,0.0,0.0,0.0,0.0,261.042721002265,-682.5102708427321,0.0,0.0,0.0,0.0,0.0,0.0,-317.4897291572679,0.0,-101.81731568133273,0.0,815.9033047952198,-1000.0,0.0,0.0,620.3208184374442,0.0,0.0,0.0,0.0,0.0,0.0,0.0,0.0,0.0,0.0,0.0,0.0,0.0,0.0,528.183902451239,528.183902451239,0.0,0.0,0.0,0.0,0.0,0.0,0.0,0.0,0.0,0.0,0.0,0.0,0.0,0.0,0.0,0.0,514.7612263200432,0.0,0.0,0.0,0.0,0.0,0.0,0.0,0.0,0.0,0.0,0.0,0.0,0.0,452.41602039418245,-881.870719470614,0.0,0.0,0.0,-478.06922634520265,-1000.0,0.0,0.0,0.0,0.0,0.0,0.0,0.0,677.7311636792356,1000.0,763.5353008681926,0.0,0.0,0.0,0.0,0.0,0.0,0.0,0.0,0.0,0.0,0.0,0.0,0.0,0.0,0.0,0.0,0.0,0.0,0.0,0.0,0.0,0.0,0.0,0.0,0.0,0.0,379.01109181018126,-379.01109181018126,0.0,0.0,0.0,0.0,0.0,0.0,0.0,0.0,176.06130081707977,0.0,0.0,0.0,0.0,0.0,0.0,0.0,0.0,0.0,0.0,0.0,0.0,0.0,0.0,528.183902451239,972.4778357414456,0.0,0.0,44.90890229308809,0.0,0.0,0.0,236.4646991318074,0.0,0.0,0.0,0.0,0.0,0.0,0.0,0.0,0.0,0.0,0.0,0.0,0.0,0.0,0.0,0.0,0.0,0.0,0.0,0.0,1000.0,0.0,0.0,0.0,623.2019287770943,0.0,0.0,0.0,0.0,0.0,0.0,0.0,0.0,0.0,0.0,0.0,0.0,0.0,317.4897291572679,0.0,-296.2974093845185,296.2974093845185,0.0,0.0,0.0,0.0,0.0,0.0,0.0,0.0,0.0,0.0,-319.2809131315362,0.0,0.0,0.0,0.0,-609.375,289.9189771278215,574.5288996456508,0.0,0.0,0.0,0.0,0.0,0.0,0.0,0.0,528.183902451239,0.0,0.0,-218.7605257824604,-301.03990530590806,0.0,-505.63997837464905,0.0,0.0,574.5288996456508,0.0,-574.5288996456508,0.0,452.41602039418245,166.9163797240112,0.0,1000.0,0.0,0.0,0.0,-176.06130081707943,0.0,0.0,0.0,0.0,0.0,0.0,0.0,0.0,0.0,319.2809131315362,-319.2809131315362,0.0,0.0,-410.58090568170803,-410.58090568170803,410.58090568170803,0.0,0.0,0.0,0.0,0.0,0.0,0.0,0.0,0.0,0.0,1000.0,0.0,0.0,0.0,0.0,0.0,0.0,-362.2728355398334,0.0,0.0,0.0,0.0,0.0,0.0,0.0,0.0,0.0,0.0,0.0,-82.27937952344766,0.0,0.0,0.0,0.0,0.0,0.0,0.0,0.0,0.0,0.0,829.9262017725885,0.0,0.0,0.0,0.0,0.0,0.0,0.0,0.0,0.0,0.0,0.0,0.0,0.0,0.0,0.0,0.0,319.2809131315362,0.0,0.0,0.0,0.0,0.0,0.0,0.0,819.4856727437549,0.0,0.0,0.0,0.0,1000.0,1000.0,312.1090156244683,0.0,0.0,0.0,0.0,0.0,0.0,0.0,0.0,0.0,0.0,0.0,0.0,0.0,0.0,0.0,0.0,0.0,0.0,0.0,0.0,0.0,0.0,0.0,-1000.0,-1000.0,623.2019287770943,0.0,0.0,0.0,-176.06130081707965,0.0,0.0,0.0,0.0,0.0,0.0,0.0,0.0,0.0,617.1875,0.0,-617.1875,-617.1875,0.0,0.0,0.0,166.9163797240112,0.0,528.183902451239,-443.76000365621195,942.4828419086305,0.0,0.0,0.0,0.0,0.0,0.0,0.0,176.06130081707943,0.0,0.0,0.0,0.0,0.0,0.0,0.0,763.5353008681926,0.0,0.0,0.0,0.0,0.0,0.0,0.0,0.0,319.2809131315362,0.0,0.0,176.06130081707965,829.9262017725885,0.0,0.0,0.0,0.0,0.0,0.0,0.0,0.0,0.0,0.0,0.0,0.0,0.0,148.14870469225926,0.0,0.0,0.0,0.0,0.0,0.0,0.0,0.0,0.0,0.0,0.0,319.2809131315362,0.0,-574.5288996456508,0.0,0.0,0.0,0.0,0.0,0.0,0.0,0.0,0.0,0.0,0.0,0.0,0.0,0.0,0.0,0.0,0.0,0.0,0.0,0.0,0.0,0.0,0.0,0.0,0.0,0.0,101.81731568133273,0.0,0.0,0.0,0.0,528.183902451239,0.0,0.0,0.0,-623.2019287770943,0.0,0.0,0.0,0.0,0.0,0.0,0.0,0.0,0.0,0.0,0.0,0.0,221.88000182810597,0.0,0.0,0.0,0.0,0.0,0.0,0.0,0.0,0.0,0.0,0.0,0.0,-964.2660523363517,0.0,0.0,0.0,0.0,0.0,0.0,-319.2809131315362,0.0,-132.51187561778926,0.0,0.0,0.0,0.0,0.0,0.0,412.4784832288508,210.69417329397106,0.0,0.0,0.0,0.0,0.0,0.0,317.4897291572679,317.4897291572679,0.0,964.2660523363517,-317.4897291572679,0.0,0.0,-1000.0,0.0,-261.042721002265,0.0,0.0,0.0,0.0,0.0,-301.03990530590806,0.0,-319.2809131315362,319.2809131315362,0.0,0.0,0.0,0.0,0.0,0.0,0.0,0.0,0.0,-82.27937952344766,0.0,0.0,0.0,0.0,0.0,0.0,0.0,333.33333333333337,0.0,0.0,0.0,41.13968976172383,0.0,0.0,0.0,0.0,0.0,0.0,0.0,0.0,0.0,-1000.0,0.0,9.094947017729282e-13,0.0,0.0,0.0,0.0,0.0,132.51187561778926,0.0,-666.6666666666667,221.88000182810597,0.0,0.0,0.0,0.0,0.0,0.0,0.0,0.0,0.0,491.64934848916664,0.0,-82.27937952344766,0.0,0.0,0.0,0.0,0.0,0.0,0.0,0.0,0.0,0.0,0.0,0.0,-210.69417329397106,314.8349058202458,0.0,0.0,319.2809131315362,301.03990530590806,0.0,0.0,99.51625809809957,0.0,0.0,0.0,0.0,1000.0,0.0,1000.0,666.6666666666666,-1000.0,0.0,1000.0,-50.23249609434163,0.0,-851.7765138859274,605.4761587922612,505.63997837464905,0.0,425.8882569429637,500.0,-302.7380793961306,0.0,25.116248047170814,-319.2809131315362,-129.37651294933326,0.0,-505.63997837464905,-129.37651294933326,-1000.0,500.0,0.0,1496.5981,bhi
434,0.0,0.0,0.0,0.0,0.0,0.0,0.0,0.0,413.3809750789917,0.0,0.0,0.0,0.0,0.0,0.0,0.0,737.6727736276421,-109.80077697183137,0.0,0.0,0.0,0.0,0.0,297.74938206133777,0.0,0.0,0.0,0.0,0.0,-1000.0,0.0,0.0,187.63948999368813,0.0,0.0,0.0,0.0,799.2364325237755,0.0,-932.4855343936097,1000.0,0.0,-61.94996248690995,0.0,0.0,0.0,0.0,0.0,-537.2955097421942,0.0,0.0,0.0,0.0,0.02998026055625606,0.0,0.0,0.0,5.450956464768929,0.0,0.0,34.18483303349967,0.0,0.0,-556.4190187347082,0.0,0.0,0.0,0.0,197.5605729307225,0.0,0.0,0.27254782323844645,0.0,0.0,0.0,0.0,0.0,0.0,0.0,0.0,0.0,0.0,-24.2313667041118,0.0,16.352869394306786,0.0,160.28287972591673,951.4201400128235,-431.2519427162197,-92.67346452624099,-0.006813695580961161,0.0,0.0,-614.3836986864821,8.176434697153393,0.0,8.176434697153393,-0.8776039908266569,0.0,0.0,0.0,633.4364170567017,-1000.0,0.0,0.0,-241.95300253572142,0.0,0.0,0.0,0.0,0.0,0.0,0.0,0.0,0.0,0.0,0.0,0.0,0.0,0.0,0.0,0.0,0.0,0.0,-996.1333662993757,0.0,0.0,8.176434697153393,0.0,8.44898252039184,0.0,0.0,0.0,0.0,0.0,0.0,0.0,0.0,0.0,-590.6038517682078,0.0,0.0,0.0,0.0,0.0,186.61286466896456,0.02725478232384464,0.0,0.0,0.0,0.0,-1000.0,0.0,0.0,0.0,0.0,162.5887528079802,0.0,0.0,0.0,0.0,0.0,-719.3364122829662,-719.3364122829662,0.0,0.0,0.0,0.0,241.95300253572142,0.0,0.0,-719.3091575006423,0.0,0.0,0.0,-1000.0,-994.5874729829219,0.0,0.0,0.0,0.0,0.0,0.0,0.0,0.0,0.0,-1000.0,0.0,0.0,0.0,0.0,-1000.0,0.0,0.0,0.0,0.0,0.0,0.0,61.94996248690995,523.9254072424607,-523.9254072424607,0.0,0.0,0.0,0.0,0.0,0.0,0.0,0.0,-1000.0,0.0,0.0,0.0,0.0,0.0,0.0,0.0,0.0,0.0,0.0,0.0,0.0,0.0,0.0,711.9099196193986,737.6727736276421,0.0,0.0,0.0,590.6038517682078,385.61630131351785,0.0,0.0,0.0,0.0,34.18483303349967,737.6727736276421,0.0,0.0,0.0,0.0,0.0,0.0,0.0,0.0,0.0,0.0,0.0,0.0,224.837238969359,-792.2900734762314,1000.0,0.0,-737.6727736276421,0.0,0.0,590.6038517682078,-300.52936985836993,0.0,0.0,0.0,-279.7562182642322,0.0,0.0,-914.2999685277774,-914.2999685277774,0.0,0.0,0.0,914.2999685277774,92.67346452624099,0.0,0.0,0.0,0.0,-309.5754586299913,0.0,0.0,0.0,-913.1321252971027,0.0,913.1321252971027,0.0,-704.6705912181211,0.0,590.6038517682078,0.0,0.0,0.0,0.0,34.18483303349967,-0.04088217348576696,0.0,0.0,0.0,0.0,0.02725478232384464,0.0,0.0,0.0,606.2072639893288,737.6727736276421,0.0,-161.30200169048095,860.1779941940292,994.5874729829219,915.8888030722935,0.0,107.9973336649814,0.0,-241.95300253572142,0.0,0.0,0.0,-2.3466367580830503,-105.65069690689835,0.0,-719.9030969567198,865.4767966104097,0.0,0.0,0.0,0.0,0.0,0.0,0.0,0.0,0.0,0.0,0.0,0.0,0.0,0.0,0.0,0.0,0.0,-200.65454834692923,0.0,-1000.0,0.0,0.0,0.0,1000.0,0.0,13.735515068020641,-186.61286466896456,0.0,24.2313667041118,0.0,0.0,632.0736779405095,0.0,11.877538757670186,-817.3995780864469,0.0,-91.90987602382414,0.0,0.0,444.8299990927561,-481.5285634918129,-11.877538757670186,0.0,0.0,-0.6813695580961161,-1.3627391161922322,674.7370394310472,0.0,-1000.0,292.5015592853586,-1.3627391161922322,8.176434697153393,0.0,0.0,0.0,0.0,0.0,413.40822986131553,0.0,0.0,0.0,0.0,663.7542522506649,0.0,0.0,-495.5417150249191,0.0,0.0,0.0,0.0,0.0,-201.668426249375,0.0,0.0,92.28763162485984,0.0,0.0,0.0,0.0,-296.2665150777547,0.05450956464765907,0.0,0.0,0.0,0.0,0.0,0.0,0.0,0.0,0.0,197.5605729307225,0.0,0.0,0.0,0.0,0.0,0.0,0.0,0.0,0.0,0.02998026055625606,0.02998026055625606,0.0,99.4996101232905,0.0,16.352869394306786,0.0,0.0,0.0,986.9697260816732,0.0,28.364085770168202,160.28287972591673,0.0,0.0,1000.0,-986.9697260816732,0.0,0.0,0.0,0.0,0.0,92.28763162485984,0.0,0.0,0.0,0.0,0.0,0.0,0.0,332.0444554331252,-606.2072639893288,1000.0,0.0,162.38149796485277,0.0,0.0,-614.3836986864821,-1000.0,0.0,1000.0,0.0,1000.0,-296.2665150777547,0.0,0.0,0.0,0.0,0.0,0.0,0.0,0.0,0.0,0.0,0.0,0.0,0.0,0.0,0.0,0.0,16.352869394306786,590.6038517682078,590.6038517682078,0.0,0.0,0.0,0.0,0.0,0.0,0.0,0.0,0.0,0.0,0.27254782323844645,0.0,0.0,160.28287972591673,-160.28287972591673,0.0,61.94996248690995,0.0,0.0,8.176434697153393,0.0,0.0,0.0,0.0,0.0,0.0,0.0,0.0,0.0,0.0,0.0,0.0,0.0,8.176434697153393,8.176434697153393,991.1421957447504,-986.9697260816732,0.0,92.28763162485984,0.0,0.0,0.0,0.0,0.0,719.9030969567198,0.0,1000.0,0.02725478232384464,0.0,0.0,0.0,35.993833598968834,0.0,0.0,614.3836986864821,0.0,0.0,0.0,0.0,0.0,0.0,0.0,0.0,0.0,0.0,0.0,0.0,0.0,0.0,0.02725478232384464,0.0,0.0,0.0,0.0,0.0,0.0,0.0,0.0,0.0,-162.38149796485277,0.0,0.0,0.0,-799.3454516530708,-2.0441086742883954,-1.3627391161922322,0.0,0.0,640.6249999999999,640.6249999999999,-640.625,0.0,0.0,0.0,0.0,0.0,0.0,0.0,590.6038517682078,994.5874729829219,0.0,0.0,-1000.0,0.0,0.0,0.0,413.3809750789917,0.0,0.0,0.02725478232384464,0.0,0.02725478232384464,0.0,0.0,0.0,16.352869394306786,33.25083443509047,33.25083443509047,0.0,0.0,0.0,0.0,0.0,0.0,24.2313667041118,1000.0,0.0,0.0,0.0,0.0,0.0,0.0,0.0,0.0,0.0,0.0,0.0,0.0,0.0,0.0,0.0,0.0,0.0,0.0,0.0,385.61630131351785,0.0,0.0,0.0,0.04088217348576696,0.0,0.0,0.0,-8.176434697153393,0.0,0.0,0.0,0.0,0.0,-99.4996101232905,1.3627391161922322,0.0,0.0,0.0,0.0,-241.95300253572142,24.2313667041118,0.0,0.0,0.0,0.0,0.0,0.0,0.0,0.0,590.6038517682078,0.0,0.0,81.26299390032204,99.4996101232905,0.0,-5.450956464768929,-241.95300253572142,0.0,0.0,24.2313667041118,-24.2313667041118,0.0,-333.78020429346043,0.0,1.3627391161922322,1000.0,0.0,0.0,0.0,-522.2341857012084,0.0,0.0,0.0,0.0,0.0,0.0,0.0,0.0,0.0,997.9558913257117,-2.044108674288509,33.25083443509047,0.0,0.0,0.0,0.0,0.0,0.0,0.0,0.0,0.0,0.0,0.0,0.0,103.5878274718672,-233.55440652969133,0.0,-61.94996248690995,8.176434697153393,160.28287972591673,0.0,0.0,0.0,-362.1448823305417,0.0,0.0,0.02998026055625606,0.0,0.0,0.0,16.625417217545234,0.0,0.0,0.0,0.0,711.9099196193986,0.0,0.0,0.0,0.0,0.0,0.0,0.0,0.0,-216.0121881792278,0.0,0.002725478232384542,0.002725478232384542,0.0,0.0,0.0,0.0,0.0,0.0,0.0,0.0,0.0,0.0,0.0,0.0,0.0,0.0,0.0,99.4996101232905,0.0,0.0,0.0,0.0,0.0,0.0,0.0,0.0,0.0,0.0,0.0,320.56575945183346,1000.0,0.0,-109.80077697183137,0.0,0.0,0.0,16.352869394306794,0.0,0.0,0.0,0.0,0.0,45.47974529952849,-61.832614693835275,0.0,320.56575945183346,0.0,0.0,0.0,0.0,0.0,0.0,0.0,0.0,0.0,0.0,718.2798834548665,-1000.0,18.669525891833583,0.0,-8.176434697153393,0.0,799.2364325237755,0.0,0.0,0.0,0.0,0.0,0.0,0.0,0.0,0.0,0.0,0.0,0.0,0.0,0.0,0.0,0.0,0.0,-3.4068477904806276,590.6038517682078,-634.1177866147978,0.0,0.0,0.0,0.0,0.0,0.0,-0.34068477904805805,0.0,201.668426249375,0.0,0.0,0.0,0.0,0.0,0.0,0.0,852.8030868444569,8.176434697153393,8.176434697153393,0.0,0.0,0.0,0.0,0.0,0.02998026055625606,99.4996101232905,0.0,0.0,-799.2364325237755,0.0,0.0,0.0,0.0,0.0,0.0,0.0,0.0,0.0,0.0,0.0,0.0,0.0,0.0,0.0,0.0,0.0,0.0,0.0,28.617521440036874,186.61286466896456,0.0,0.0,0.0,0.0,0.0,99.4996101232905,0.0,-26.471709811130687,0.0,0.0,0.0,-3.4068477904806276,0.0,0.0,0.0,0.0,0.0,0.0,0.0,0.0,0.0,0.0,0.0,0.0,0.0,0.0,0.0,0.0,0.0,0.0,-0.02725478232384464,0.0,0.0,1.3627391161922322,-1000.0,0.0,0.0,0.0,0.0,590.6038517682078,0.0,0.0,0.0,2.3466367580830503,0.6813695580961161,0.0,0.0,0.0,0.02725478232384464,0.0,27.25478232384464,-8.44898252039184,5.450956464768929,0.1946770165988903,76.04084268352656,-0.02044108674288348,817.3995780864469,0.5450956464768929,-0.1362739116190787,-76.04084268352656,8.176434697153393,-0.027254782323844644,80.65100084524047,92.28763162485984,0.006813695580961161,0.1946770165988903,-241.95300253572142,-164.62184107187167,-0.5450956464768929,-627.8719966558107,-0.027254782323844644,0.006813695580961161,-76.04084268352656,2.7254782323844644,0.027254782323844644,0.02725478232384464,-99.44237508041039,-160.2528994653605,0.0,-0.02044108674288348,8.176434697153393,0.027254782323844644,8.176434697153393,-13.627391161922322,-0.013627391161922322,321.31725226346265,-388.3690343282262,-0.02044108674288348,-0.027254782323844644,-8.44898252039184,0.02725478232384464,2.7254782323844644,-0.5450956464768929,385.61630131351785,385.61630131351785,-2.7254782323844644,627.8719966558107,-385.61630131351785,5.450956464768929,0.04088217348576696,-1000.0,2.7254782323844644,-332.0444554331252,92.28763162485984,-5.450956464768929,0.013627391161922322,0.27254782323844645,40.32550042262024,104.95056658805942,-0.02725478232384464,-105.63193614615571,99.44237508041039,8.44898252039184,0.027254782323844644,164.62184107187167,59.581892836246254,92.28763162485984,-0.02725478232384464,-0.006813695580961161,-92.28763162485984,-0.027254782323844644,-296.2665150777547,0.027254782323844644,-0.006813695580961161,-0.006813695580961161,-0.006813695580961161,10.901912929537858,13.627391161922322,0.27254782323844645,230.25298083345464,-0.006813695580961161,0.0,1.3627391161922322,149.4959966550696,0.02725478232384464,0.013627391161922322,0.013627391161922322,-246.43263183928954,8.44898252039184,0.02725478232384464,-8.44898252039184,0.27254782323844645,0.027254782323844644,-650.374168792011,0.027254782323844644,0.10901912929525477,0.1362739116190787,0.013627391161922322,0.006813695580961161,8.176434697153393,-0.027254782323844644,0.0,0.27254782323844645,-460.5059616669093,816.7182085283508,-2.7254782323844644,5.450956464768929,1.3627391161922322,-0.027254782323844644,241.95300253572142,0.04088217348576696,-0.027254782323844644,492.8652636785791,8.44898252039184,550.5061397845659,0.013627391161922322,-298.9919933101392,-0.027254782323844644,-0.027254782323844644,-0.027254782323844644,0.013627391161922322,76.04084268352656,-5.450956464768929,0.02725478232384464,80.65100084524047,-0.006813695580961161,160.2528994653605,-80.65100084524047,4.088217348576696,388.3690343282262,625.624289927481,76.04084268352656,-0.02044108674288348,105.63193614615571,-104.95056658805942,0.027254782323844644,-0.006813695580961159,1.3627391161922322,27.25478232384464,-0.013627391161922322,-0.027254782323844644,0.006813695580961161,1000.0,0.0,999.9863726088381,420.12118795855633,-3.793390523652093,0.0,248.82408168089535,-430.19482321876654,0.0,-207.35290965522603,-427.25220617971235,1000.0,0.0,103.67645482761301,1.8966952618260464,213.62610308985617,0.0,215.09741160938327,-99.4996101232905,-188.36125745402427,0.0,-1000.0,-188.36125745402427,-248.82408168089535,93.25835530613232,0.0,1496.5981,bhi
435,0.0,0.0,0.0,0.0,0.0,0.0,0.0,0.0,342.84227822863204,0.0,0.0,0.0,0.0,0.0,0.0,0.0,176.5398754853328,293.8404980586688,0.0,0.0,0.0,0.0,0.0,0.0,0.0,0.0,0.0,0.0,0.0,-823.4601245146672,0.0,0.0,0.0,0.0,0.0,0.0,0.0,416.3482004898674,0.0,-1000.0,696.6605508132433,0.0,0.0,58.161117205669484,0.0,0.0,0.0,0.0,-353.0797509706656,-519.6390604024929,0.0,0.0,0.0,0.0023329505850142596,0.0,0.0,0.0,126.1022848467524,0.0,0.0,121.85895516535965,0.0,0.0,-244.27824264392422,0.0,0.0,0.0,0.0,176.6059213620961,0.0,0.0,0.021208641680849835,0.0,0.0,0.0,0.0,0.0,0.0,0.0,266.3017740067309,0.0,0.0,0.0,0.0,1.2725185008509898,0.0,0.0,1000.0,-610.1883594428599,257.1086084721943,-0.0005302160420212458,0.0,0.0,0.0,0.6362592504254949,0.0,20.2529303359194,0.0,0.0,0.0,0.0,0.10604320840424916,-823.4601245146672,0.0,0.0,0.0,0.0,0.0,0.0,0.0,0.0,0.0,0.0,0.0,0.0,0.0,0.0,0.0,0.0,0.0,0.0,0.0,0.0,0.0,-655.2732744951451,0.0,0.0,20.2529303359194,0.0,0.6574678921063448,0.6574678921063448,0.0,0.0,0.0,0.0,0.0,633.8628021907161,0.0,0.0,-1000.0,0.0,0.0,0.0,0.0,0.0,0.16330654094258534,0.002120864168084983,0.0,0.0,0.0,224.5248852655096,-224.5248852655096,0.0,0.0,0.0,0.0,-61.69983831589192,0.0,0.0,0.0,0.0,0.0,999.9978791358319,999.9978791358319,0.0,0.0,0.0,0.0,0.0,0.0,0.0,1000.0,0.0,0.0,0.0,813.0162366262504,0.0,0.0,0.0,0.0,0.0,0.0,0.0,0.0,0.0,0.0,-538.7653671042639,0.0,0.0,0.0,0.0,-1000.0,0.0,0.0,0.0,0.0,0.0,519.6390604024929,0.0,353.0797509706656,-353.0797509706656,189.53127644718776,0.0,0.0,0.0,0.0,0.0,0.0,0.0,282.6890312289691,0.0,0.0,0.0,0.0,0.0,0.0,0.0,0.0,0.0,0.0,0.0,0.0,0.0,0.0,-405.0126767921549,1000.0,0.0,0.0,0.0,0.0,-184.4832620900447,0.0,0.0,0.0,0.0,121.85895516535965,941.8388827943306,0.0,0.0,0.0,0.0,0.0,0.0,0.0,0.0,810.9940477746135,119.98286952459775,19.616671085493905,0.0,0.0,-963.2681104135255,1000.0,0.0,-1000.0,0.0,0.0,366.13719780928386,-120.362504210685,0.0,0.0,0.0,137.56004983774585,0.0,0.0,-834.6985749255043,0.0,-405.73703649563777,-834.6985749255043,0.0,-405.73703649563777,-257.1086084721943,0.0,0.0,519.6390604024929,0.0,2.1841324560266457,0.0,0.0,0.0,-1000.0,0.0,1000.0,0.0,1000.0,176.6059213620961,0.0,749.470675263231,0.0,0.0,0.0,121.85895516535965,-0.0031812962521274744,0.0,0.0,0.0,0.0,0.002120864168084983,0.0,0.0,0.0,163.70500753232412,176.5398754853328,0.0,-166.0188001486484,-637.3714509550658,0.0,626.3250329488756,0.0,350.79688201757506,0.0,0.0,0.0,0.0,0.0,649.2031179824249,0.0,-1000.0,-794.4343541184847,-1000.0,0.0,0.0,0.0,0.0,0.0,0.0,0.0,0.0,0.0,0.0,0.0,0.0,0.0,0.0,0.0,0.0,0.0,-583.6433160534611,0.0,-1000.0,0.0,0.0,810.9257559484032,0.0,0.0,0.0,-811.1573543155562,0.0,0.0,0.0,411.03535250925955,0.0,0.0,164.28508628849266,-1000.0,0.0,-176.6059213620961,0.0,-89.26136200013565,-1000.0,936.7231795011171,-164.28508628849266,666.6074441586879,0.0,-0.05302160420212458,89.1553187917314,114.31826591734557,0.0,0.0,477.7158950842277,-557.0470359657269,20.2529303359194,0.0,0.0,0.0,700.3649993199347,0.0,342.84439909280013,0.0,0.0,0.0,0.0,-919.8992965072605,0.0,0.0,-0.004241728336169966,0.0,0.0,0.0,0.0,0.0,-122.41928747856457,0.0,0.0,90.58844820028712,0.0,0.0,0.0,0.0,-425.2656071280743,0.004241728335728112,0.0,0.0,0.0,0.0,0.0,0.0,0.0,0.0,0.0,0.0,0.0,0.0,0.0,0.0,0.0,0.0,0.0,0.0,0.0,0.0023329505850142596,0.0023329505850142596,0.0,130.52160964197574,0.0,1.2725185008509898,0.0,67.29435381809665,0.0,1000.0,0.0,0.0,0.0,0.0,0.0,-262.6349140488003,-1000.0,0.0,0.0,36.46802254904445,0.0,0.0,90.58844820028712,0.0,0.0,0.0,0.0,0.0,0.0,0.0,218.42442483171502,-163.70500753232412,0.0,333.2865126329077,0.16330654094258534,0.0,-484.7538552799207,484.7538552799207,479.70584092277755,0.0,-262.6349140488003,0.0,0.0,-687.9005211768746,265.62500000000176,-265.62500000000176,0.0,0.0,0.0,0.0,0.0,0.0,0.0,0.0,0.0,0.0,0.0,0.0,0.0,0.0,1.2725185008509898,366.13719780928386,366.13719780928386,0.0,0.0,0.0,0.0,0.0,0.0,0.0,0.0,0.0,0.0,0.021208641680849835,0.0,0.0,0.0,0.0,0.0,0.0,0.0,0.0,20.2529303359194,-36.46802254904445,0.0,0.0,0.0,333.2865126329077,0.0,0.0,0.0,0.0,0.0,0.0,907.7373101333136,0.0,0.6362592504254949,0.6362592504254949,-1000.0,-1000.0,0.0,90.58844820028712,0.0,0.0,0.0,0.0,0.0,617.894478633152,0.0,1000.0,0.002120864168084983,0.0,0.0,0.0,0.17103254612628183,425.2656071280743,0.0,0.0,0.0,-176.6059213620961,0.0,0.0,0.0,0.0,0.0,0.0,0.0,0.0,0.0,0.0,0.0,0.0,0.002120864168084983,0.0,0.0,0.0,-15.22658587533462,15.22658587533462,0.0,0.0,0.0,0.0,0.0,-0.23159836715296933,0.0,0.0,-416.35668394653885,-0.15906481260637373,-0.10604320840424916,0.0,0.0,0.0,0.0,0.0,0.0,0.0,0.0,0.0,0.0,0.0,0.0,366.13719780928386,0.0,0.0,0.0,-556.9409927573226,0.0,0.0,0.0,342.84227822863204,0.0,0.0,0.002120864168084983,0.0,0.002120864168084983,0.0,0.0,0.0,1.2725185008509898,2.5874542850636795,2.5874542850636795,0.0,0.0,0.0,0.0,0.0,0.0,0.0,0.0,0.0,0.0,0.0,0.0,0.0,649.3857243872972,0.0,0.0,0.0,0.0,0.0,0.0,0.0,0.0,0.0,0.0,0.0,0.0,0.0,5.048014357143062,0.0,-844.9912986862452,844.9912986862452,0.0031812962521274744,0.0,0.0,0.0,-20.2529303359194,0.0,0.0,0.0,0.0,0.0,-130.52160964197574,0.10604320840424916,0.0,0.0,0.0,0.0,0.0,-37.28336387633908,0.0,0.0,0.0,0.0,0.0,0.0,0.0,0.0,366.13719780928386,0.0,36.46802254904445,1000.0,130.52160964197574,0.0,-717.0458607500202,425.2656071280743,0.0,-848.4407181918953,0.0,848.4407181918953,0.0,-122.94995849574869,67.29435381809665,0.10604320840424916,1000.0,0.0,0.0,0.0,-122.41928747856457,78.1250000000018,-78.1250000000018,0.0,0.0,0.0,0.0,0.0,0.0,0.0,669.446041558846,-130.99880407979447,2.5874542850636795,0.0,0.0,0.0,0.0,0.0,0.0,0.0,0.0,0.0,810.9940477746135,0.0,0.0,0.0,-0.17103254612628183,-535.5651619644672,0.0,0.6362592504254949,0.0,0.0,0.0,0.0,-179.73910448406906,0.0,0.0,0.0023329505850142596,0.0,0.0,0.0,1.2937271425318397,0.0,0.0,0.0,0.0,-405.0126767921549,0.0,0.0,0.0,0.0,0.0,0.0,0.0,0.0,-182.8090204236454,0.0,0.0002120864168085046,0.0002120864168085046,0.0,0.0,0.0,0.0,0.0,0.0,0.0,0.0,0.0,0.0,0.0,0.0,0.0,0.0,0.0,130.52160964197574,0.0,0.0,0.0,0.0,0.0,0.0,0.0,519.6390604024929,0.0,0.0,0.0,0.0,0.0,0.0,293.8404980586688,0.0,0.0,0.0,1.2725185008509898,0.0,0.0,0.0,0.0,0.0,0.0,-1.2725185008509898,0.0,0.0,0.0,0.0,0.0,0.0,0.0,0.0,0.0,0.0,0.0,0.0,-1000.0,-1000.0,650.8385163424355,0.0,-20.2529303359194,0.0,416.3482004898674,0.0,0.0,0.0,0.0,0.0,0.0,0.0,0.0,0.0,0.0,0.0,0.0,0.0,0.0,0.0,0.0,67.29435381809665,-0.2651080210106229,366.13719780928386,-0.15906481260637373,780.2254636544858,0.0,0.0,0.0,0.0,0.0,0.0,-0.026510802101062284,122.41928747856457,0.0,0.0,0.0,0.0,0.0,0.0,0.0,1000.0,0.6362592504254949,0.6362592504254949,0.0,0.0,0.0,0.0,266.3017740067309,0.0023329505850142596,130.52160964197574,0.0,0.0,-416.3482004898674,0.0,0.0,0.0,0.0,0.0,0.0,0.0,0.0,0.0,0.0,0.0,0.0,0.0,0.0,422.4956493431226,0.0,0.0,0.6574678921063448,0.0,2.2269073764892324,0.0,0.0,0.16330654094258534,0.0,0.0,0.0,130.52160964197574,0.0,848.1030766163381,0.0,0.0,0.0,-0.2651080210106229,0.0,0.0,0.0,0.0,0.0,0.0,0.0,0.0,0.0,0.0,0.0,0.0,0.0,0.0,0.0,0.0,0.0,0.0,-0.002120864168084983,0.0,0.0,0.10604320840424916,262.6349140488003,0.0,0.0,0.0,0.0,366.13719780928386,0.0,0.0,0.0,-649.2031179824249,0.05302160420212458,0.0,0.0,0.0,0.002120864168084983,0.0,2.120864168084983,0.0,0.42417283361699665,0.015149029772035593,7.232146813169793,-0.0015906481260637372,0.10604320840423043,0.04241728336169967,-0.010604320839547654,-7.232146813169793,0.6362592504254949,-0.002120864168084983,0.0,90.58844820028712,0.0005302160420212458,0.015149029772035595,0.0,-0.33764157555719976,-0.04241728336169967,-470.3803735440016,-0.002120864168084983,0.0005302160420212458,-7.232146813169793,0.21208641680849832,0.002120864168084983,0.002120864168084983,-130.51715582722264,0.0023329505848934877,0.0,-0.0015906481260637372,0.6362592504254949,0.002120864168084983,20.2529303359194,18.556239001451413,-0.0010604320840424915,61.69983831589192,184.2690548090681,-0.0015906481260637372,-0.002120864168084983,0.0,0.002120864168084983,0.21208641680849832,-0.04241728336169967,5.048014357143062,5.048014357143062,-0.21208641680849832,470.3803735440016,-5.048014357143062,0.42417283361699665,0.0031812962521274744,-1000.0,0.21208641680849832,-218.42442483171502,90.58844820028712,-0.42417283361699665,0.0010604320840424915,0.021208641680849835,41.5047000371621,130.94578247559275,-0.002120864168084983,-130.99880407979447,130.51715582722264,0.6574678921063448,0.002120864168084983,0.33764157555719976,68.42674011309126,90.58844820028712,-0.002120864168084983,-0.0005302160420212458,-90.58844820028712,-0.002120864168084983,-425.2656071280743,0.0021208641680914297,-0.0005302160420212458,-0.0005302160420212458,-0.0005302160420212458,0.8483456672339933,-18.556239001451413,0.021208641680849835,218.39394657116497,-0.0005302160420212458,83.0094000743242,0.10604320840424916,212.7388467724414,0.002120864168084983,0.0010604320840424915,0.0010604320840424915,-42.79665016409599,0.0,0.002120864168084983,0.0,0.021208641680849835,0.002120864168084983,-652.0392492324399,0.002120864168084983,0.008483456671456224,0.010604320839547654,0.0010604320840424915,0.0005302160420212458,0.6362592504254949,-0.002120864168084983,0.0,0.021208641680849835,-436.78789314232995,0.0530216042021433,-0.21208641680849832,0.42417283361699665,0.10604320840424916,-0.002120864168084983,0.0,0.0031812962521274744,-0.002120864168084983,85.59330032819199,0.0,288.33040034459526,0.0010604320840424915,-425.4776935448828,-0.002120864168084983,-0.0021208641680914297,-0.002120864168084983,0.0010604320840424915,7.232146813169793,-0.42417283361699665,0.002120864168084983,83.0094000743242,-0.0005302160420212458,-0.0023329505848934877,-83.0094000743242,0.31812962521274746,-184.2690548090681,513.2338646659043,7.232146813169793,-0.0015906481260637372,130.99880407979447,-130.94578247559275,0.002120864168084983,-0.0005302160420212457,411.1413957176638,2.1208641680849833,-0.0010604320840424915,-0.002120864168084983,0.0005302160420212458,1000.0,0.0,999.998939567916,433.64530266127497,-337.83470624034624,245.66098153773316,170.90338045047818,425.2187360299595,0.0,-1000.0,-206.1554827743655,716.6216879164032,0.0,500.0,168.91735312017312,103.07774138718275,0.0,-212.60936801497974,-130.52160964197574,-108.5912958605262,0.0,-716.6216879164032,-108.5912958605262,-170.90338045047818,51.13227696028921,-245.66098153773316,1496.5981,bhi
436,0.0,0.0,0.0,0.0,0.0,0.0,0.0,0.0,131.3908247666111,0.0,0.0,0.0,0.0,0.0,0.0,0.0,-119.49176983647072,-457.0786862266142,0.0,1000.0,0.0,0.0,0.0,0.0,0.0,0.0,0.0,0.0,0.0,0.0,0.0,0.0,0.0,0.0,0.0,0.0,0.0,-184.64117264606992,0.0,-1000.0,1000.0,0.0,-507.7254611275835,0.0,0.0,0.0,0.0,0.0,-943.9540464678322,-579.8454229843111,0.0,0.0,0.0,0.003990665139099292,0.0,0.0,0.0,0.7255754798472841,0.0,0.0,99.20797751384066,0.0,1000.0,800.6255597634403,0.0,0.0,0.0,0.0,0.0,0.0,0.0,0.036278773992364205,0.0,0.0,0.0,0.0,0.0,0.0,0.0,285.73539405576105,0.0,0.0,-84.47833780075023,0.0,2.176726439541852,0.0,0.0,355.0975602669706,231.3437616936715,1000.0,380.5325831272482,0.0,0.0,355.05190698080173,1.088363219770926,0.0,20.33273202582123,0.0,0.0,0.0,0.0,294.84132611734003,0.0,0.0,0.0,0.0,0.0,0.0,0.0,0.0,0.0,0.0,0.0,0.0,0.0,0.0,0.0,0.0,0.0,0.0,0.0,0.0,0.0,0.0,-744.975581495738,0.0,0.0,20.33273202582123,0.0,1.1246419937632903,0.0,0.0,0.0,0.0,0.0,0.0,0.0,0.0,0.0,-298.5824177504004,0.0,0.0,0.0,0.0,0.0,84.75768436049142,0.0036278773992364207,380.533490096598,0.0,0.0,0.0,0.0,0.0,0.0,84.47833780075023,0.0,-0.10549892377355737,0.0,0.0,0.0,0.0,0.0,265.0952395697465,265.0952395697465,0.0,0.0,0.0,859.375,0.0,0.0,0.0,265.0988674471458,0.0,0.0,0.0,0.0,0.0,0.0,0.0,0.0,0.0,0.0,0.0,0.0,0.0,0.0,0.0,0.0,0.0,0.0,0.0,-1000.0,0.0,0.0,0.0,0.0,0.0,579.8454229843111,507.7254611275835,-918.8689749267218,918.8689749267218,298.5824177504004,0.0,0.0,0.0,0.0,0.0,0.0,0.0,-1000.0,0.0,0.0,0.0,0.0,0.0,0.0,0.0,0.0,0.0,0.0,0.0,0.0,0.0,831.3834982250895,-460.24827309144166,555.7203551767194,0.0,0.0,0.0,0.0,-225.9587590219075,0.0,0.0,0.0,0.0,99.20797751384066,555.7203551767194,0.0,0.0,149.02593936169075,0.0,0.0,0.0,0.0,0.0,823.8608798895414,0.0,19.244368806050304,0.0,215.62799079286916,858.1152662856791,-1000.0,0.0,-555.7203551767194,0.0,0.0,298.5824177504004,-310.85924434438306,0.0,0.0,0.0,190.0296093314691,0.0,0.0,-178.41186608557808,0.0,0.0,-178.41186608557808,0.0,0.0,-687.5252132330503,0.0,212.9088250475255,579.8454229843111,0.0,-62.50188078462338,0.0,0.0,0.0,0.0,0.0,0.0,0.0,412.0138452681256,0.0,0.0,-745.9456005369461,859.375,0.0,0.0,99.20797751384066,-0.0054418160988546314,0.0,0.0,0.0,0.0,0.0036278773992364207,0.0,0.0,0.0,83.18272935614449,-119.49176983647072,0.0,-464.07922917714717,244.41090882050722,0.0,778.4785036535885,0.0,1000.0,0.0,0.0,0.0,0.0,0.0,-0.31236024407419505,-366.24862151537735,-633.4390182405485,-927.747095793153,-1000.0,0.0,0.0,0.0,0.0,0.0,0.0,0.0,0.0,0.0,0.0,0.0,0.0,0.0,0.0,0.0,0.0,149.02593936169075,-1000.0,0.0,-1000.0,84.47833780075023,184.6266611364729,823.7440622372862,0.0,0.0,0.0,-908.6185642500328,0.0,0.0,0.0,628.5540813224768,294.6599322473782,0.0,0.0,727.6153903393143,0.0,366.24862151537735,0.0,-0.18139386996182102,0.0,0.0,0.0,-875.1267503329652,1000.0,-0.09069693498091051,0.0,-891.1454306972032,0.0,400.47704418969556,272.7473974006093,-1000.0,20.33273202582123,0.0,0.0,0.0,0.0,0.0,131.39445264401033,0.0,-831.3834982250895,831.3834982250895,831.3834982250895,245.14011217775374,0.0,0.0,-146.9222335757783,0.0,0.0,0.0,0.0,0.0,-100.16646272271892,0.0,0.0,241.8542283722327,0.0,0.0,0.0,0.0,-480.581005117263,0.007255754798507041,0.0,0.0,0.0,0.0,0.0,0.0,0.0,0.0,0.0,0.0,0.0,0.0,0.0,0.0,0.0,0.0,0.0,0.0,0.0,0.003990665139099292,0.003990665139099292,0.0,235.0458718153086,0.0,2.176726439541852,0.0,56.887054181450296,0.0,-121.44121620962737,0.0,204.50401524488876,0.0,0.0,0.0,1000.0,121.44121620962737,0.0,0.0,55.90164259809959,0.0,0.0,241.8542283722327,0.0,0.0,0.0,0.0,0.0,0.0,0.0,248.32519383191266,-83.18272935614449,0.0,0.0,0.27934655974120304,0.0,-393.2464946700047,748.2984016508065,675.6747429223135,0.0,1000.0,0.0,519.418994882737,0.0,0.0,0.0,831.3834982250895,0.0,0.0,0.0,0.0,0.0,0.0,0.0,0.0,0.0,0.0,0.0,0.0,0.0,2.176726439541852,298.5824177504004,298.5824177504004,0.0,0.0,0.0,0.0,0.0,0.0,0.0,0.0,0.0,0.0,0.036278773992364205,0.0,0.0,0.0,0.0,0.0,507.7254611275835,0.0,0.0,20.33273202582123,-55.90164259809959,0.0,0.0,0.0,0.0,0.0,0.0,0.0,0.0,0.0,133.64545612977952,0.0,0.0,1.0883632197709263,1.088363219770926,-0.45348467490447086,121.44121620962737,0.0,241.8542283722327,0.0,0.0,0.0,0.0,0.0,-72.252904206847,0.0,317.60825791348543,0.0036278773992364207,0.0,0.0,0.0,4.791130373891584,480.5810051172629,0.0,-355.05190698080173,0.0,0.0,0.0,0.0,0.0,0.0,0.0,0.0,0.0,0.0,0.0,0.0,0.0,0.0,0.0036278773992364207,0.0,0.0,0.0,-805.1517154399019,805.1517154399019,0.0,0.0,0.0,184.6266611364729,-908.6185642500328,823.7440622372862,0.0,0.0,0.0,-0.2720908049427043,-0.18139386996176654,0.0,0.0,296.875,296.875,-296.875,0.0,0.0,0.0,0.0,0.0,0.0,0.0,298.5824177504004,0.0,0.0,0.0,-599.3415619403427,0.0,0.0,0.0,131.3908247666111,0.0,0.0,0.0036278773992364207,0.0,0.0036278773992364207,0.0,0.0,0.0,2.176726439541852,4.426010427068433,4.426010427068433,0.0,0.0,0.0,0.0,0.0,0.0,0.0,0.0,0.0,0.0,0.0,0.0,0.0,0.0,0.0,0.0,0.0,0.0,0.0,0.0,0.0,0.0,0.0,0.0,0.0,0.0,0.0,72.62365872849291,0.0,0.0,0.0,0.0054418160988546314,0.0,0.0,0.0,-20.33273202582123,0.0,0.0,0.0,0.0,0.0,-235.0458718153086,0.18139386996182102,0.0,0.0,0.0,-859.375,0.0,0.0,0.0,0.0,0.0,0.0,0.0,0.0,0.0,0.0,298.5824177504004,0.0,55.90164259809959,601.4584435239196,-596.3376264097809,0.0,-1000.0,480.5810051172629,0.0,0.0,0.0,0.0,84.47833780075023,-315.2852547714515,56.887054181450296,0.18139386996176654,1000.0,0.0,0.0,0.0,-100.16646272271892,0.0,0.0,0.0,0.0,0.0,0.0,0.0,0.0,0.0,235.3179626202513,-235.86214423013683,4.426010427068433,0.0,109.37499999999999,109.37499999999999,-109.375,0.0,0.0,0.0,0.0,0.0,823.8608798895414,0.0,0.0,0.0,-4.791130373891584,0.0,-507.7254611275835,1.088363219770926,0.0,0.0,0.0,0.0,-151.94057811713964,0.0,0.0,0.003990665139099292,0.0,0.0,0.0,2.2130052135342164,0.0,0.0,0.0,0.0,-460.24827309144166,0.0,0.0,0.0,0.0,0.0,0.0,0.0,0.0,0.0,0.0,0.00036278773992365343,0.00036278773992365343,0.0,0.0,0.0,0.0,0.0,0.0,0.0,0.0,0.0,0.0,0.0,0.0,0.0,0.0,0.0,235.0458718153086,0.0,0.0,0.0,0.0,0.0,0.0,0.0,579.8454229843111,0.0,0.0,0.0,0.0,484.1949237082089,53.501776326126524,-457.0786862266142,0.0,0.0,0.0,2.176726439541852,0.0,0.0,0.0,0.0,0.0,442.10150879331684,-444.2782352328587,0.0,0.0,0.0,0.0,0.0,0.0,0.0,0.0,0.0,0.0,0.0,0.0,-583.9285416193139,-1000.0,2.4850960184769475,-20.33273202582123,0.0,0.0,-0.014511509597014083,0.0,0.0,0.0,0.0,0.0,0.0,0.0,0.0,0.0,0.0,0.0,0.0,0.0,0.0,0.0,0.0,56.887054181450296,-0.45348467490447086,298.5824177504004,-294.9320230523209,235.59005342519407,0.0,0.0,0.0,0.0,0.0,0.0,-0.04534846749045526,184.64480052346914,0.0,0.0,0.0,0.0,0.0,0.0,0.0,733.6797162941715,1.088363219770926,1.0883632197709263,0.0,0.0,0.0,0.0,285.73539405576105,0.003990665139099292,235.0458718153086,0.0,0.0,0.014511509597014083,0.0,0.0,0.0,0.0,0.0,0.0,0.0,0.0,0.0,0.0,0.0,0.0,0.0,0.0,0.0,0.0,0.0,0.0,0.0,3.8092712691982413,0.27934655974120304,0.0,0.0,0.0,0.0,0.0,235.0458718153086,0.0,823.5626683673245,0.0,0.0,0.0,-0.45348467490447086,0.0,0.0,0.0,0.0,0.0,0.0,0.0,0.0,0.0,0.0,0.0,0.0,0.0,0.0,0.0,0.0,0.0,0.0,-0.0036278773992364207,0.0,0.0,0.18139386996182102,-1000.0,0.0,0.0,0.0,0.0,298.5824177504004,0.0,0.0,0.0,0.31236024407419505,0.09069693498091051,0.0,0.0,0.0,0.0036278773992364207,0.0,3.62787739923642,-1.1246419937632903,0.7255754798472842,0.02591340999454586,10.121777943869613,-0.0027209080494273157,147.5113599936509,0.07255754798472841,-0.018139386996250503,-10.121777943869613,1.0883632197709263,-0.0036278773992364207,0.0,241.8542283722327,0.0009069693498091052,0.02591340999454586,0.0,-0.5775580819581592,-0.07255754798474356,-423.4295439369151,-0.0036278773992364207,0.0009069693498091052,-10.121777943869613,444.4974447193641,0.0036278773992364207,0.0036278773992364207,-235.03825327277028,0.003990665139160074,0.0,-0.0027209080494273157,1.088363219770926,0.0036278773992364207,20.33273202582123,17.430430106432095,-0.0018139386996182103,0.10549892377355737,225.59234340458462,-0.0027209080494273153,-0.0036278773992364207,-1.1246419937632903,0.0036278773992364207,0.36278773992364205,-0.07255754798472841,72.62365872849291,72.62365872849291,-0.36278773992367513,423.4295439369151,-72.62365872849291,0.7255754798472841,0.005441816098854631,-1000.0,0.36278773992364205,-248.32519383191266,241.8542283722327,-0.7255754798472841,0.0018139386996182103,0.03627877399236421,116.01980729428679,-595.6120509299336,-0.0036278773992364207,-235.86214423013683,235.03825327277028,1.1246419937632903,0.0036278773992364207,0.5775580819581592,-225.87825029234176,241.8542283722327,-0.0036278773992364207,-0.0009069693498091052,-241.8542283722327,-0.0036278773992364207,-480.5810051172629,0.0036278773992364207,-0.0009069693498091052,-0.0009069693498091052,-0.0009069693498091052,1.4511509596945682,-17.430430106432095,0.03627877399236421,335.12520244543873,-0.000906969349809105,232.03961458857358,0.18139386996182102,240.4718964285933,0.0036278773992364207,0.0018139386996182103,0.0018139386996182103,121.28990192604,1.1246419937632903,0.0036278773992364207,-1.1246419937632903,0.036278773992364205,0.0036278773992364207,-1000.0,0.0036278773992364207,0.014511509597014083,0.018139386996250503,0.0018139386996182103,0.0009069693498091052,1.088363219770926,-0.0036278773992364207,0.0,0.03627877399237178,-670.2504048908775,147.42066305867002,-0.36278773992364205,0.7255754798472841,0.18139386996182102,-0.0036278773992364207,0.0,0.0054418160988546314,-0.0036278773992364207,-242.57980385208,1.1246419937632903,278.8053886971146,0.0018139386996182103,-480.9437928571866,-0.0036278773992364207,-0.0036278773992364207,-0.0036278773992364207,0.0018139386996182103,10.121777943869613,-0.7255754798472841,0.0036278773992364207,232.03961458857358,-0.0009069693498091052,-0.003990665139160074,-232.03961458857358,0.544181609885463,-225.59234340458462,333.5861817011557,10.121777943869613,-0.0027209080494273153,235.86214423013683,595.6120509299336,0.0036278773992364207,-0.0009069693498091054,628.7354751924386,3.62787739923642,-0.0018139386996182103,-0.0036278773992364207,0.0009069693498091052,38.715321649921975,0.0,687.5233992943507,664.8747975545613,-1000.0,0.0,430.43222699731695,480.50082902673984,444.1346569794405,-1000.0,-726.446692774864,999.2744245201527,-312.4747867669497,500.0,500.0,363.223346387432,-444.1346569794405,-240.25041451336992,-235.0458718153086,-126.86481057997496,312.4747867669497,-999.2744245201527,-126.86481057997496,-430.43222699731695,327.97384477486753,0.0,1496.5981,bhi
437,0.0,0.0,0.0,0.0,0.0,0.0,0.0,0.0,-0.09802750364617961,0.0,0.0,0.0,0.0,0.0,0.0,0.0,0.0,0.0,0.0,614.5374138877836,0.0,0.0,0.0,0.0,0.0,0.0,0.0,0.0,0.0,-1000.0,0.0,0.0,24.523812914313567,0.0,0.0,0.0,0.0,364.72425702129493,0.0,-1000.0,973.006068243712,0.0,0.0,176.27150624824503,0.0,0.0,0.0,0.0,0.0,-754.5882920297469,0.0,0.0,0.0,0.1078302540107204,0.0,0.0,0.0,19.605500729235924,0.0,0.0,-31.907357359212227,0.0,-907.6791760061162,-957.7425595035047,0.0,0.0,0.0,0.0,18.156026138176294,0.0,0.0,0.9802750364617963,0.0,0.0,0.0,0.0,0.0,0.0,0.0,0.0,0.0,0.0,0.0,0.0,58.81650218770777,0.0,29.32641058416484,919.8766827357864,0.0,309.1981450397808,-0.024506875911544906,0.0,0.0,-565.7568397438281,29.408251093853885,0.0,244.20355316099915,-387.9441492059198,0.0,0.0,0.0,452.2567988590013,-1000.0,0.0,0.0,0.0,0.0,39.519314771696955,0.0,0.0,0.0,0.0,0.0,0.0,0.0,0.0,0.0,0.0,0.0,0.0,0.0,0.0,0.0,0.0,-768.129001169255,0.0,0.0,244.20355316099915,0.0,30.38852613031568,1.3910665353060097,0.0,-210.4643310202914,210.4643310202914,0.0,0.0,0.0,0.0,0.0,-18.156026138176294,0.0,0.0,0.0,0.0,0.0,36.87452836492067,0.09802750364617961,0.0,0.0,0.0,0.0,-366.9961386264428,0.0,0.0,0.0,0.0,558.0078053929196,0.0,0.0,0.0,0.0,0.0,751.241765873991,751.241765873991,0.0,0.0,0.0,0.0,0.0,0.0,0.0,751.3397933776372,0.0,0.0,0.0,-969.2162847352411,-962.1123108803915,0.0,0.0,0.0,0.0,0.0,0.0,0.0,0.0,0.0,0.0,0.0,0.0,0.0,0.0,-1000.0,0.0,0.0,0.0,0.0,0.0,754.5882920297469,0.0,-309.1981450397808,309.1981450397808,0.0,0.0,0.0,0.0,0.0,0.0,0.0,0.0,-1000.0,0.0,0.0,0.0,0.0,0.0,0.0,0.0,0.0,0.0,0.0,0.0,0.0,0.0,578.9332590500554,-378.9975578479401,1000.0,0.0,0.0,0.0,0.0,166.8548791799167,0.0,0.0,0.0,0.0,-31.907357359212227,823.728493751755,0.0,0.0,0.0,0.0,0.0,0.0,0.0,0.0,516.9032516016986,0.0,214.79530206714526,0.0,-309.1981450397808,0.0,610.6785376960056,0.0,-1000.0,0.0,0.0,18.156026138176294,491.1653749621233,0.0,0.0,0.0,346.69939343425847,0.0,0.0,578.6861100368662,0.0,0.0,578.6861100368664,0.0,0.0,-309.1981450397808,0.0,-614.5374138877836,754.5882920297469,0.0,109.42398906353642,0.0,0.0,0.0,-829.9586207064261,0.0,829.9586207064261,0.0,1000.0,18.156026138176294,0.0,0.0,0.0,0.0,0.0,-31.907357359212227,-0.14704125546926944,0.0,0.0,0.0,0.0,0.09802750364617961,0.0,0.0,0.0,72.0383160573856,0.0,0.0,0.0,-61.40851112395927,962.1123108803915,1000.0,0.0,1000.0,0.0,0.0,0.0,0.0,0.0,676.4846287708812,-676.4846287708812,-1000.0,208.33493743653574,-1000.0,0.0,0.0,0.0,0.0,0.0,0.0,0.0,0.0,0.0,0.0,0.0,0.0,0.0,0.0,0.0,0.0,0.0,1000.0,0.0,634.8836329641205,0.0,0.0,901.6909151902134,761.2082858353846,712.0714875923406,0.0,-553.7777799666193,0.0,0.0,0.0,0.0,447.35542367669234,658.3286026327048,0.0,0.0,-2.4506875911544905,0.0,0.0,0.0,-803.237548903711,986.3187184093129,0.0,-609.1832299383474,0.0,0.0,-4.901375182308981,0.0,0.0,737.2987323718593,583.7750372209647,-819.1726358800523,244.20355316099915,0.0,0.0,0.0,0.0,0.0,0.0,0.0,-578.9332590500554,578.9332590500554,578.9332590500554,-389.09562078828407,0.0,0.0,-336.8354933821497,0.0,0.0,0.0,0.0,0.0,-23.317919688271065,0.0,296.875000000002,217.20962140471082,0.0,0.0,0.0,0.0,-990.197249635382,0.1960550072924247,0.0,0.0,0.0,0.0,0.0,0.0,0.0,0.0,0.0,0.0,0.0,0.0,0.0,0.0,0.0,0.0,0.0,0.0,0.0,0.1078302540107204,0.1078302540107204,0.0,286.0335084148207,0.0,58.81650218770777,0.0,0.0,0.0,-182.64905102418385,0.0,0.0,29.32641058416484,0.0,0.0,1000.0,182.64905102418385,0.0,0.0,0.0,0.0,0.0,217.20962140471082,0.0,0.0,0.0,0.0,0.0,0.0,0.0,256.0430003897517,-72.0383160573856,366.9961386264428,0.0,36.87452836492067,0.0,-565.7568397438281,0.0,-166.8548791799167,0.0,1000.0,0.0,9.802750364617962,0.0,0.0,0.0,578.9332590500554,0.0,0.0,0.0,0.0,0.0,0.0,0.0,0.0,0.0,0.0,0.0,0.0,0.0,58.81650218770777,18.156026138176294,18.156026138176294,0.0,0.0,0.0,0.0,0.0,0.0,0.0,0.0,0.0,0.0,0.9802750364617963,0.0,0.0,29.32641058416484,-29.32641058416484,0.0,0.0,0.0,0.0,244.20355316099915,0.0,0.0,0.0,0.0,0.0,0.0,0.0,0.0,0.0,0.0,1000.0,160.10958879549688,0.0,29.408251093853885,29.408251093853885,335.13719994143446,182.64905102418385,0.0,217.20962140471082,0.0,0.0,0.0,0.0,0.0,-208.33493743653574,0.0,200.77930495452995,0.09802750364617961,0.0,0.0,-658.8201145866822,782.7151709393306,267.3882810762552,0.0,565.7568397438281,0.0,-18.156026138176294,0.0,0.0,0.0,0.0,0.0,0.0,0.0,0.0,0.0,0.0,0.0,0.0,0.09802750364617961,0.0,0.0,0.0,0.0,0.0,0.0,0.0,0.0,0.0,0.0,347.91313522359417,0.0,0.0,-365.11636703587953,-7.352062773463472,-4.901375182308985,0.0,0.0,328.125,328.125,-328.125,0.0,0.0,0.0,0.0,0.0,0.0,0.0,18.156026138176294,962.1123108803915,0.0,0.0,-76.97252832588407,0.0,0.0,0.0,-0.09802750364617961,0.0,0.0,0.09802750364617961,0.0,0.09802750364617961,0.0,0.0,0.0,58.81650218770777,119.59355444833913,119.59355444833913,0.0,0.0,0.0,0.0,0.0,0.0,0.0,366.9961386264428,0.0,0.0,0.0,0.0,0.0,684.9247968348172,0.0,0.0,0.0,0.0,0.0,0.0,0.0,0.0,0.0,0.0,0.0,0.0,0.0,166.8548791799167,0.0,0.0,0.0,0.14704125546926944,0.0,0.0,0.0,-244.20355316099915,0.0,0.0,0.0,0.0,0.0,-286.0335084148207,4.901375182308981,0.0,0.0,0.0,0.0,0.0,553.7777799666193,0.0,0.0,296.875000000002,0.0,0.0,0.0,0.0,0.0,18.156026138176294,0.0,0.0,1000.0,-292.89975063523474,0.0,-652.609362102793,267.3882810762552,0.0,0.0,0.0,0.0,0.0,371.57182051378413,0.0,4.901375182308985,586.8977606739795,0.0,0.0,0.0,-81.97074085660074,0.0,0.0,0.0,0.0,0.0,0.0,0.0,0.0,0.0,0.0,-14.704125546926889,119.59355444833913,0.0,-382.43159499493504,-382.43159499493504,382.43159499493504,0.0,0.0,0.0,0.0,0.0,516.9032516016986,0.0,0.0,293.38557118828413,-123.89505635264845,-738.4012173064098,0.0,29.408251093853885,29.32641058416484,0.0,0.0,0.0,-496.625758530464,0.0,0.0,0.1078302540107204,0.0,0.0,0.0,59.79677722416957,0.0,0.0,0.0,0.0,-378.9975578479401,0.0,0.0,0.0,0.0,0.0,0.0,0.0,0.0,0.0,0.0,0.009802750364618243,0.009802750364618243,0.0,0.0,0.0,0.0,0.0,0.0,0.0,0.0,0.0,-658.8201145866822,0.0,0.0,0.0,0.0,0.0,286.0335084148207,0.0,0.0,0.0,0.0,0.0,0.0,0.0,754.5882920297469,0.0,0.0,0.0,58.65282116832968,0.0,0.0,0.0,0.0,0.0,0.0,58.81650218770777,0.0,0.0,0.0,0.0,0.0,941.1834978122922,-1000.0,0.0,58.65282116832968,0.0,0.0,0.0,0.0,0.0,0.0,0.0,0.0,0.0,0.0,-200.77930495452995,-1000.0,752.0736368324502,-1000.0,755.7964468390009,0.0,364.72425702129493,0.0,0.0,0.0,0.0,0.0,0.0,0.0,0.0,0.0,0.0,0.0,0.0,0.0,0.0,0.0,0.0,0.0,-12.253437955772457,18.156026138176294,-454.7074864501558,692.2768596082807,0.0,0.0,0.0,0.0,0.0,-1.2253437955772453,0.0,23.317919688271065,0.0,0.0,0.0,0.0,0.0,0.0,0.0,1000.0,29.408251093853885,29.408251093853885,0.0,0.0,0.0,0.0,0.0,0.1078302540107204,286.0335084148207,0.0,0.0,-364.72425702129493,0.0,0.0,0.0,0.0,0.0,0.0,0.0,0.0,0.0,0.0,0.0,0.0,0.0,0.0,0.0,0.0,0.0,1.3910665353060097,0.0,102.92887882848859,36.87452836492067,0.0,0.0,0.0,0.0,0.0,286.0335084148207,0.0,-44.9323891646346,0.0,0.0,0.0,-12.253437955772457,0.0,0.0,0.0,0.0,0.0,0.0,0.0,0.0,0.0,0.0,0.0,0.0,0.0,0.0,0.0,0.0,0.0,0.0,-0.09802750364617961,0.0,0.0,4.901375182308981,-1000.0,0.0,0.0,0.0,0.0,18.156026138176294,0.0,0.0,0.0,-676.4846287708812,2.4506875911544905,0.0,0.0,0.0,0.09802750364617961,0.0,98.02750364617961,-28.99745959500967,19.605500729235924,0.7001964546155687,276.27886824345313,-0.07352062773463472,609.1832299383474,1.9605500729235925,-0.4901375182307822,-276.27886824345313,29.408251093853885,-0.09802750364617963,0.0,217.20962140471082,0.024506875911544906,0.7001964546155687,0.0,-44.9323891646346,-1.9605500729235925,-614.5374138877836,-0.09802750364617963,0.024506875911544906,-276.27886824345313,548.1578848022814,0.09802750364617963,0.09802750364617961,-285.8276506571638,-29.218580330154044,-747.3327814734403,-0.07352062773463472,29.408251093853885,0.09802750364617963,244.20355316099915,165.78155024405544,-0.04901375182308981,189.3249760805207,-176.75565704818084,-0.07352062773463472,-0.09802750364617963,-28.99745959500967,0.09802750364617961,9.802750364617962,-1.9605500729235925,166.8548791799167,166.8548791799167,-9.80275036461796,614.5374138877836,-166.8548791799167,19.605500729235924,0.14704125546926944,818.4059915047254,9.802750364617962,-256.0430003897517,217.20962140471082,-19.605500729235924,0.04901375182308981,0.9802750364617963,0.0,-273.2942499059988,-0.09802750364617961,-308.089696735211,285.8276506571638,30.38852613031568,0.09802750364617963,44.9323891646346,-653.5738194755223,217.20962140471082,-0.09802750364617961,-0.024506875911544906,-217.20962140471082,-0.09802750364617961,-990.197249635382,0.09802750364606594,-0.024506875911544906,-0.024506875911544906,-0.024506875911544906,39.21100145847185,-165.78155024405544,0.9802750364617963,381.7507511759077,-0.024506875911544906,0.0,4.901375182308981,500.0,0.09802750364617961,0.04901375182308981,0.049013751823089806,109.32954799788523,28.99745959500967,0.09802750364617961,-28.99745959500967,0.9802750364617963,0.09802750364617963,-1000.0,0.09802750364617963,0.3921100145846026,0.4901375182307822,0.04901375182308981,0.024506875911544906,29.408251093853885,-0.09802750364617963,747.3327814734403,0.9802750364617963,-763.5015023518154,606.7325423471929,-9.802750364617962,19.605500729235924,4.901375182308981,-0.09802750364617963,0.0,0.14704125546926944,-0.09802750364617963,-218.65909599577046,28.99745959500967,924.9566147753757,0.04901375182308981,-1000.0,-0.09802750364617963,-0.09802750364606594,-0.09802750364617963,0.04901375182308981,276.27886824345313,-19.605500729235924,0.09802750364617961,0.0,-0.024506875911544906,29.218580330154044,0.0,14.70412554692694,176.75565704818084,-1000.0,276.27886824345313,-0.07352062773463472,308.089696735211,273.2942499059988,0.09802750364617963,-0.024506875911544903,4.901375182308985,98.02750364617961,-0.04901375182308981,-0.09802750364617963,0.024506875911544906,0.0,0.0,-818.4550052565485,618.2492488240923,-946.2157185909024,0.0,804.7272786495934,240.69806033136118,538.3551344376634,-1000.0,102.10183898279291,1000.0,0.0,500.0,473.1078592954512,-51.050919491396456,-538.3551344376634,-120.34903016568059,-286.0335084148207,-428.3308562449117,0.0,-1000.0,-428.3308562449117,-804.7272786495934,724.2491738802489,0.0,1496.5981,bhi
438,0.0,0.0,0.0,0.0,0.0,0.0,0.0,0.0,292.19537391552916,0.0,0.0,0.0,0.0,0.0,0.0,0.0,-645.8317824916726,478.4569995873212,0.0,0.0,0.0,0.0,0.0,0.0,0.0,0.0,0.0,0.0,0.0,-767.4849837902333,0.0,0.0,513.4435387932383,0.0,0.0,0.0,0.0,257.7956971046226,0.0,-1000.0,847.7493931353758,0.0,0.0,413.31676628190587,0.0,0.0,0.23202060060376073,0.0,1000.0,0.0,0.0,0.0,0.0,0.12761133033222904,0.0,0.0,0.0,0.0,0.0,0.0,131.04018153061645,0.0,-521.3038826127851,-814.0341670137777,0.0,0.0,0.0,0.0,1000.0,-724.479675814762,0.0,1.1601030030188038,0.0,0.0,0.0,0.0,0.0,0.0,0.0,0.0,0.0,0.0,8.932793123244778,0.0,69.60618018112822,0.0,0.0,-1000.0,0.0,719.2754519681764,-0.02900257507547009,0.0,0.0,0.0,34.80309009056411,0.0,247.3292456326269,0.0,0.0,0.0,8.932793123244778,5.800515015094018,-767.4849837902333,0.0,0.0,-467.75325691721866,0.0,0.0,0.0,0.0,0.0,0.0,0.0,0.0,0.0,0.0,0.0,0.0,0.0,0.0,0.0,0.0,0.0,0.0,-580.9967597097186,0.0,0.0,247.3292456326269,0.0,35.963193093582916,35.963193093582916,0.0,0.0,0.0,0.0,0.0,576.2295340683911,0.0,0.0,-1000.0,0.0,0.0,0.0,0.0,0.0,0.0,0.11601030030188036,0.0,0.0,0.0,-505.22469941825335,0.0,0.0,0.0,0.0,0.0,1000.0,0.0,0.0,0.0,0.0,0.0,999.8839896996981,999.8839896996981,0.0,0.0,0.0,-109.375,1000.0,0.0,0.0,1000.0,0.0,0.0,0.0,216.9189448104267,0.0,0.0,0.0,0.0,0.0,0.0,0.0,0.0,0.0,0.0,0.0,0.0,0.0,0.0,0.0,-1000.0,0.0,0.0,0.0,0.0,0.0,0.0,0.0,73.26965402605106,-73.26965402605106,0.0,0.0,0.0,0.0,0.0,0.0,0.0,0.0,-706.3584188794047,0.0,0.0,0.0,0.0,0.0,0.0,0.0,0.0,0.0,0.0,0.0,0.0,0.0,0.0,319.8998962204592,413.31676628190587,0.0,0.0,0.0,148.2501417463709,156.44030301042173,0.0,0.0,0.0,0.0,131.04018153061645,0.0,0.0,0.0,0.0,0.0,0.0,0.0,0.0,0.0,403.2809464243533,23.202060060376073,212.52615554206278,0.0,73.26965402605106,0.0,73.26965402605106,0.0,-413.31676628190587,0.0,0.0,423.7704659316089,-347.6559358565985,0.0,0.0,0.0,-152.948726742628,0.0,0.0,-179.52852870460964,0.0,0.0,-179.52852870460953,0.0,0.0,73.26965402605106,0.0,551.7266536133723,0.0,0.0,239.1548210189903,0.0,0.0,0.0,-65.98986659362714,0.0,65.98986659362714,0.0,1000.0,275.520324185238,148.2501417463709,-17.671372786201573,-109.37499999999999,0.0,0.0,131.04018153061645,-0.17401545045282055,0.0,0.0,0.0,0.0,0.11601030030188036,0.0,0.0,0.0,192.94950493259802,-645.8317824916726,0.0,-311.8355046114791,-601.4951025292949,0.0,1000.0,0.0,1000.0,0.0,-467.75325691721866,0.0,0.0,0.0,406.7926557971412,-437.65732864380857,-969.1353271533327,0.0,-1000.0,0.0,0.0,0.0,0.0,0.0,0.0,0.0,0.0,0.0,0.0,0.0,0.0,0.0,0.0,0.0,0.0,0.0,0.0,0.0,-1000.0,0.0,741.7402616941678,399.54541475463213,0.0,0.0,0.0,7.156050127099002,0.0,0.0,0.0,0.0,0.0,0.0,0.0,-982.5072861327437,545.306362694661,-562.3426713561914,982.7766891316808,0.0,0.0,396.1463151437175,0.0,976.7067711176497,632.2491674133885,-548.206620202208,-5.800515015094018,-1000.0,0.0,-1000.0,0.0,583.0733322504218,247.3292456326269,0.0,0.0,0.0,0.0,0.0,292.311384215831,0.0,0.0,0.0,0.0,-323.5543944429509,0.0,0.0,0.0,0.0,0.0,0.0,0.0,0.0,-161.69010287037622,0.0,0.0,95.07863876800273,0.0,0.0,0.0,0.0,-432.65404883042106,0.23202060060361873,0.0,0.0,0.0,0.0,0.0,0.0,0.0,0.0,0.0,0.0,0.0,0.0,0.0,0.0,0.0,0.0,0.0,0.0,0.0,0.12761133033222904,0.12761133033222904,0.0,183.72020916566754,0.0,69.60618018112822,0.0,0.0,0.0,-889.5900912824458,0.0,0.0,0.0,0.0,0.0,317.9678173771119,889.5900912824458,0.0,0.0,0.0,0.0,0.0,95.07863876800273,0.0,0.0,0.0,0.0,0.0,0.0,0.0,193.6655865699062,-192.94950493259802,505.22469941825335,0.0,8.932793123244778,0.0,0.0,0.0,-156.44030301042173,0.0,317.9678173771119,0.0,-114.68623145330918,0.0,0.0,0.0,0.0,0.0,0.0,0.0,0.0,0.0,0.0,0.0,0.0,0.0,0.0,0.0,0.0,0.0,69.60618018112822,423.7704659316089,423.7704659316089,0.0,0.0,0.0,0.0,0.0,0.0,0.0,0.0,0.0,0.0,1.1601030030188038,0.0,0.0,0.0,0.0,0.0,0.0,0.0,0.0,247.3292456326269,0.0,0.0,0.0,0.0,0.0,0.0,0.0,0.0,0.0,0.0,10.887309089920443,902.2242134061322,0.0,34.80309009056411,34.80309009056411,1000.0,889.5900912824458,0.0,95.07863876800273,0.0,0.0,0.0,0.0,0.0,-232.5150162097667,0.0,-78.11616071336522,0.11601030030188036,0.0,0.0,0.0,9.355402074344497,0.0,0.0,0.0,0.0,-275.520324185238,0.0,0.0,0.0,0.0,0.0,0.0,0.0,0.0,0.0,0.0,0.0,0.0,0.11601030030188036,0.0,0.0,0.0,-1000.0,1000.0,0.0,0.0,0.0,741.7402616941678,0.0,406.7014648817311,0.0,0.0,-1000.0,-8.700772522641028,-5.800515015093993,0.0,0.0,0.0,0.0,0.0,0.0,0.0,0.0,0.0,0.0,0.0,0.0,423.7704659316089,0.0,0.0,0.0,-411.12615273448415,0.0,0.0,0.0,292.19537391552916,0.0,0.0,0.11601030030188036,0.0,0.11601030030188036,0.0,0.0,0.0,69.60618018112822,141.53256636829406,141.53256636829406,0.0,0.0,0.0,0.0,0.0,0.0,0.0,505.22469941825335,0.0,0.0,0.0,0.0,0.0,416.78114265313326,0.0,0.0,0.0,0.0,0.0,0.0,0.0,0.0,0.0,0.0,0.0,0.0,0.0,156.44030301042173,0.0,0.0,0.0,0.17401545045282055,0.0,0.0,0.0,-247.3292456326269,0.0,0.0,0.0,0.0,0.0,-183.72020916566754,5.800515015094018,0.0,0.0,0.0,109.37499999999999,-1000.0,-7.156050127099002,0.0,0.0,0.0,0.0,0.0,0.0,0.0,0.0,423.7704659316089,0.0,0.0,1000.0,183.72020916566754,0.0,308.14286865833037,-467.75325691721866,0.0,0.0,0.0,0.0,0.0,-489.18850222489255,0.0,5.800515015093993,1000.0,0.0,230.500635124624,0.0,-161.69010287037622,0.0,0.0,0.0,0.0,0.0,-410.4369965514523,0.0,0.0,0.0,192.42098168830856,-209.82252673359096,141.53256636829406,0.0,0.0,0.0,0.0,0.0,0.0,0.0,0.0,0.0,403.2809464243533,0.0,0.0,0.0,-9.355402074344497,-30.782836092509285,0.0,34.80309009056411,0.0,0.0,0.0,0.0,-161.8380228554516,0.0,0.0,0.12761133033222904,0.0,0.0,0.0,70.76628318414703,0.0,0.0,0.0,0.0,319.8998962204592,0.0,0.0,0.0,0.0,0.0,0.0,0.0,0.0,0.0,0.0,0.011601030030187864,0.011601030030187864,0.0,0.0,0.0,0.0,0.0,0.0,0.0,0.0,0.0,0.0,0.0,0.0,0.0,0.0,0.0,183.72020916566754,0.0,0.0,0.0,0.0,0.0,0.0,0.0,0.0,0.0,0.0,0.0,0.0,-739.9369113699731,1000.0,478.4569995873212,0.0,0.0,0.0,69.60618018112822,0.0,0.0,0.0,0.0,0.0,-69.60618018112822,0.0,0.0,0.0,0.0,0.0,0.0,0.0,0.0,0.0,0.0,0.0,0.0,0.0,78.11616071336522,-1000.0,496.24819835992133,0.0,-247.3292456326269,0.0,999.5359587987904,0.0,0.0,0.0,0.0,0.0,0.0,0.0,0.0,0.0,0.0,0.0,0.0,0.0,0.0,0.0,0.0,0.0,-14.50128753773502,423.7704659316089,-8.700772522641028,617.9028968640828,0.0,0.0,0.0,0.0,0.0,-1.4501287537735048,0.0,161.69010287037622,0.0,0.0,0.0,0.0,0.0,0.0,0.0,1000.0,34.80309009056411,34.80309009056411,0.0,0.0,0.0,0.0,0.0,0.12761133033222904,183.72020916566754,0.0,0.0,-999.5359587987904,0.0,0.0,0.0,0.0,0.0,0.0,0.0,0.0,0.0,0.0,0.0,0.0,0.0,0.0,0.0,0.0,0.0,35.963193093582916,0.0,121.81081531697438,8.932793123244778,0.0,0.0,0.0,0.0,0.0,183.72020916566754,0.0,400.9009498666371,0.0,0.0,0.0,-14.50128753773502,0.0,0.0,0.0,0.0,0.0,0.0,0.0,0.0,0.0,0.0,0.0,0.0,0.0,0.0,0.0,0.0,0.0,0.0,-0.11601030030188036,0.0,0.0,5.800515015094018,-317.9678173771119,0.0,0.0,0.0,0.0,423.7704659316089,0.0,0.0,0.0,-406.7926557971412,2.900257507547009,0.0,0.0,0.0,0.11601030030188036,0.0,116.01030030188036,0.0,23.202060060376073,0.8286450021562883,395.59512402941203,-0.08700772522641027,5.800515015093975,2.3202060060376075,-0.5800515015115479,-395.59512402941203,34.80309009056411,-0.11601030030188036,155.91775230573955,95.07863876800273,0.02900257507547009,0.8286450021562883,-467.75325691721866,-18.468839808059954,-2.3202060060376075,167.37478290435138,-0.11601030030188036,0.02900257507547009,-395.59512402941203,335.1091642855391,0.11601030030188036,0.11601030030188036,-183.47658753503345,0.12761133033206823,-10.591073789222037,-0.08700772522641027,34.80309009056411,0.11601030030188036,247.3292456326269,154.5210053911226,-0.05800515015094018,-53.902412376340635,-168.15734334091164,-0.08700772522641027,-0.11601030030188036,0.0,0.11601030030188036,11.601030030188037,-2.3202060060376075,156.44030301042173,156.44030301042173,-11.601030030188042,-167.37478290435138,-156.44030301042173,23.202060060376073,0.17401545045282055,-1000.0,11.601030030188037,-193.6655865699062,95.07863876800273,-23.202060060376073,0.05800515015094018,1.1601030030188038,77.95887615286978,206.92226922604362,-0.11601030030188036,-209.82252673359096,183.47658753503345,35.963193093582916,0.11601030030188036,18.468839808059954,-580.168011391672,95.07863876800273,-0.11601030030188036,-0.02900257507547009,-95.07863876800273,-0.11601030030188036,-432.65404883042106,0.11601030030176654,-0.02900257507547009,-0.02900257507547009,-0.02900257507547009,46.40412012075215,-154.5210053911226,1.1601030030188038,85.9491312361551,-0.02900257507547009,0.0,5.800515015094018,222.12753943030455,0.11601030030188036,0.05800515015094018,0.05800515015094018,-152.74488355161503,0.0,0.11601030030188036,0.0,1.1601030030188038,0.11601030030188036,-85.9491312361551,0.11601030030188036,0.4640412012096249,0.5800515015115479,0.05800515015094018,0.02900257507547009,34.80309009056411,-0.11601030030188036,10.591073789222037,1.1601030030188038,-171.8982624723102,2.900257507547053,-11.601030030188037,23.202060060376073,5.800515015094018,-0.11601030030188036,467.75325691721866,0.17401545045282055,-0.11601030030188036,305.48976710323007,0.0,538.2433025758584,0.05800515015094018,-444.2550788606091,-0.11601030030188036,-0.11601030030176654,-0.11601030030188036,0.05800515015094018,395.59512402941203,-23.202060060376073,0.11601030030188036,155.91775230573955,-0.02900257507547009,-0.12761133033206823,-155.91775230573955,17.401545045282052,168.15734334091164,193.4731070241117,395.59512402941203,-0.08700772522641027,209.82252673359096,-206.92226922604362,0.11601030030188036,-0.02900257507547009,5.800515015093993,116.01030030188036,-0.05800515015094018,-0.11601030030188036,0.02900257507547009,1000.0,0.0,207.39688885562157,0.0,-1000.0,0.0,-45.10528695080262,-983.7606233471287,323.5081342553511,562.7655063839962,768.1055912997936,173.8797706995469,-792.5451059942275,-281.3827531919981,500.0,-384.0527956498968,-323.5081342553511,491.88031167356434,-183.72020916566754,-376.4052797204067,792.5451059942275,-173.8797706995469,-376.4052797204067,45.10528695080262,261.73084720534075,0.0,1496.5981,bhi
439,0.0,0.0,0.0,0.0,0.0,0.0,0.0,0.0,148.6774910194241,0.0,0.0,0.0,0.0,0.0,0.0,0.0,-1000.0,14.22463892729104,0.0,1000.0,0.0,0.0,0.0,49.397891894697636,0.0,0.0,0.0,0.0,0.0,-59.31842209566126,0.0,0.0,543.3491001992237,0.0,0.0,0.0,0.0,330.7752229828365,0.0,-1000.0,50.78222150606598,0.0,-214.4313474741242,274.5406373396894,0.0,0.0,0.0,0.0,0.0,-773.7506772054379,0.0,0.0,0.0,0.03362223064487704,0.0,0.0,0.0,6.113132844476261,0.0,0.0,54.98543996255995,0.0,0.0,-118.04632841267477,0.0,0.0,0.0,0.0,0.0,0.0,0.0,0.30565664222381306,0.0,0.0,0.0,0.0,0.0,0.0,0.0,0.0,0.0,0.0,-267.6584438945014,0.0,18.33939853342878,0.0,0.0,166.96741319187583,367.21997023504275,1000.0,-0.007641416055595326,0.0,0.0,0.0,9.16969926671439,0.0,209.62213582147425,0.0,393.80554576872896,0.0,0.0,1.5282832111190652,-59.31842209566126,0.0,0.0,0.0,0.0,0.0,0.0,0.0,0.0,0.0,0.0,0.0,0.0,0.0,0.0,0.0,0.0,0.0,0.0,0.0,0.0,0.0,-156.41140010746085,0.0,0.0,209.62213582147425,0.0,9.475355908938203,9.475355908938203,0.0,0.0,0.0,0.0,0.0,0.0,0.0,0.0,-173.03176837523472,0.0,0.0,0.0,0.0,0.0,270.0120000396247,0.030565664222381304,0.0,0.0,0.0,-445.8557378272388,445.8557378272388,0.0,0.0,0.0,0.0,205.64317669998445,0.0,0.0,0.0,0.0,0.0,279.5925503889512,279.5925503889512,0.0,0.0,0.0,640.6249999999999,215.12756149238294,0.0,0.0,279.6231160531736,0.0,0.0,0.0,0.0,0.0,0.0,0.0,0.0,0.0,0.0,0.0,0.0,0.0,0.0,0.0,0.0,0.0,0.0,0.0,-1000.0,0.0,0.0,0.0,0.0,0.0,773.7506772054379,214.4313474741242,-847.2572257354152,847.2572257354152,173.03176837523472,0.0,0.0,0.0,0.0,0.0,0.0,0.0,-756.9564520066574,0.0,0.0,0.0,0.0,0.0,0.0,0.0,0.0,0.0,0.0,0.0,0.0,0.0,0.0,-306.4009287199317,844.887074621537,0.0,0.0,0.0,0.0,-94.8260683215043,0.0,0.0,0.0,0.0,54.98543996255995,570.3464372818476,0.0,0.0,0.0,0.0,0.0,0.0,0.0,0.0,729.9879999603753,0.0,200.45243655475986,0.0,-0.04584849633357195,1000.0,-465.85846506941516,0.0,-844.887074621537,0.0,0.0,173.03176837523472,37.29011035130519,0.0,0.0,0.0,326.1175729517615,0.0,0.0,0.0,0.0,0.0,-362.81692018292534,362.81692018292523,-362.81692018292523,-480.03725550037245,0.0,0.0,773.7506772054379,0.0,26.023214944589796,0.0,0.0,0.0,-904.0424494043158,0.0,904.0424494043158,0.0,704.3440633234636,0.0,0.0,394.10157935883956,640.6249999999999,0.0,0.0,54.98543996255995,-0.04584849633357195,0.0,0.0,0.0,0.0,0.030565664222381304,0.0,0.0,0.0,-17.815835835579946,-1000.0,0.0,0.0,-404.6007787331381,0.0,260.4043573275405,0.0,2.6317036895472876,0.0,0.0,0.0,0.0,0.0,-2.6317036895472876,0.0,0.0,-197.5268856327733,-1000.0,0.0,0.0,0.0,0.0,0.0,0.0,0.0,0.0,0.0,0.0,0.0,0.0,0.0,0.0,0.0,0.0,0.0,0.0,0.0,-1000.0,0.0,669.1025143602735,729.0037855724136,0.0,0.0,0.0,-1000.0,0.0,661.4639896632303,0.0,0.0,0.0,0.0,0.0,-1.5282832111190652,0.0,0.0,0.0,0.0,462.04289910593036,-503.1995659813668,0.0,0.0,446.4675888048558,-0.7641416055595326,-1.5282832111190652,0.0,0.0,-906.2180630941076,-30.974145773247226,540.2868445990903,209.62213582147425,-546.8749999999987,546.8749999999987,0.0,0.0,0.0,148.7080566836465,0.0,0.0,0.0,0.0,300.9479669905652,0.0,0.0,-424.7820785987348,0.0,0.0,0.0,0.0,0.0,-63.06088845011482,0.0,0.0,0.0,0.0,0.0,0.0,0.0,-516.0230645414059,0.061131328444616884,0.0,0.0,0.0,0.0,0.0,0.0,0.0,0.0,0.0,0.0,0.0,0.0,0.0,0.0,0.0,0.0,0.0,0.0,0.0,0.03362223064487704,0.03362223064487704,0.0,443.4008374564397,0.0,18.33939853342878,0.0,67.5025439647193,0.0,1000.0,0.0,0.0,0.0,0.0,0.0,247.03368252022554,-1000.0,0.0,0.0,164.78586965442503,0.0,0.0,0.0,0.0,0.0,0.0,0.0,0.0,0.0,0.0,52.13713336915362,17.815835835579946,0.0,0.0,2.353556145123348,0.0,0.0,0.0,-78.20570005373042,0.0,247.03368252022554,0.0,-946.8031334638732,677.8137514426928,0.0,0.0,0.0,0.0,0.0,0.0,0.0,0.0,0.0,0.0,0.0,0.0,0.0,0.0,0.0,0.0,18.33939853342878,173.03176837523472,173.03176837523472,0.0,0.0,0.0,0.0,0.0,0.0,0.0,0.0,0.0,0.0,0.30565664222381306,0.0,0.0,0.0,0.0,0.0,214.4313474741242,0.0,0.0,209.62213582147425,-164.78586965442503,0.0,0.0,0.0,0.0,0.0,0.0,0.0,0.0,0.0,89.80569999668572,726.540208803067,0.0,9.16969926671439,9.16969926671439,1000.0,-1000.0,0.0,0.0,0.0,0.0,0.0,0.0,0.0,-743.1546922715654,0.0,-295.13951721510915,0.030565664222381304,0.0,0.0,-681.0627796653207,683.5276821586828,692.9389001649586,0.0,0.0,0.0,0.0,0.0,0.0,0.0,0.0,0.0,0.0,0.0,0.0,0.0,0.0,0.0,0.0,0.030565664222381304,0.0,0.0,0.0,0.0,0.0,0.0,0.0,0.0,669.1025143602735,-609.5322247643561,1000.0,0.0,0.0,-1000.0,-2.2924248166785977,-1.5282832111190652,0.0,0.0,0.0,0.0,0.0,0.0,0.0,0.0,0.0,0.0,0.0,0.0,173.03176837523472,0.0,0.0,0.0,-364.4029352838982,0.0,0.0,0.0,148.6774910194241,0.0,0.0,0.030565664222381304,0.0,0.030565664222381304,0.0,0.0,0.0,18.33939853342878,37.29011035130519,37.29011035130519,0.0,0.0,0.0,0.0,0.0,0.0,267.6584438945014,0.0,0.0,0.0,0.0,0.0,0.0,0.0,0.0,0.0,0.0,0.0,0.0,0.0,0.0,0.0,0.0,0.0,0.0,0.0,0.0,78.20570005373042,0.0,0.0,0.0,0.04584849633357195,0.0,0.0,0.0,-209.62213582147425,0.0,0.0,0.0,0.0,0.0,-443.4008374564397,1.5282832111190652,0.0,0.0,0.0,-640.625,-215.12756149238294,390.4677752356439,0.0,0.0,0.0,0.0,0.0,0.0,0.0,0.0,173.03176837523472,0.0,164.78586965442503,386.8849243092567,443.4008374564397,0.0,246.86425602114025,692.9389001649586,0.0,0.0,661.4639896632303,-661.4639896632303,0.0,0.0,67.5025439647193,1.5282832111190652,1000.0,0.0,0.0,0.0,-63.06088845011482,0.0,0.0,0.0,0.0,0.0,0.0,0.0,0.0,0.0,-4.584849633357195,0.0,37.29011035130519,0.0,0.0,0.0,0.0,0.0,0.0,0.0,0.0,0.0,729.9879999603753,0.0,0.0,450.2781119064755,-2.4649024933620467,-1000.0,-214.4313474741242,9.16969926671439,0.0,0.0,0.0,0.0,-287.22698800328646,0.0,0.0,0.03362223064487704,0.0,0.0,0.0,18.645055175652594,0.0,0.0,0.0,0.0,-306.4009287199317,0.0,0.0,0.0,0.0,0.0,0.0,0.0,0.0,-524.2870528120001,0.0,0.0030565664222381305,0.0030565664222381305,0.0,0.0,0.0,0.0,0.0,0.0,0.0,0.0,0.0,-681.0627796653207,0.0,0.0,0.0,0.0,0.0,443.4008374564397,0.0,0.0,0.0,0.0,0.0,0.0,0.0,773.7506772054379,0.0,0.0,0.0,0.0,0.0,-785.5686525258757,14.22463892729104,0.0,0.0,0.0,18.33939853342878,0.0,0.0,0.0,0.0,0.0,981.6606014665712,-1000.0,0.0,0.0,0.0,0.0,0.0,0.0,0.0,0.0,0.0,0.0,0.0,0.0,284.1786829160461,-1000.0,20.937479992331195,0.0,-209.62213582147425,0.0,999.8777373431101,0.0,0.0,0.0,0.0,0.0,0.0,0.0,0.0,0.0,0.0,0.0,0.0,0.0,0.0,0.0,0.0,67.5025439647193,-3.8207080277976626,173.03176837523472,-2.2924248166785977,-2.2924248166785977,0.0,0.0,0.0,0.0,0.0,-0.3820708027797663,0.0,63.06088845011482,0.0,0.0,0.0,0.0,0.0,0.0,0.0,989.039165700937,9.16969926671439,9.16969926671439,0.0,0.0,0.0,0.0,0.0,0.03362223064487704,443.4008374564397,0.0,0.0,-999.8777373431101,0.0,0.0,0.0,0.0,0.0,0.0,0.0,0.0,0.0,0.0,0.0,0.0,0.0,0.0,0.0,0.0,0.0,9.475355908938203,0.0,32.09394743350037,270.0120000396247,0.0,0.0,0.0,0.0,0.0,443.4008374564397,0.0,337.0077271256506,0.0,0.0,0.0,-3.8207080277976626,0.0,0.0,0.0,0.0,0.0,0.0,0.0,0.0,0.0,0.0,0.0,0.0,0.0,0.0,0.0,0.0,0.0,0.0,-0.030565664222381304,0.0,0.0,1.5282832111190652,-247.03368252022554,0.0,0.0,0.0,0.0,173.03176837523472,0.0,0.0,0.0,2.6317036895472876,0.7641416055595326,0.0,0.0,0.0,0.030565664222381304,0.0,30.565664222381308,0.0,6.113132844476262,0.21832617301700932,104.22891499832022,-0.022924248166785975,1.5282832111190652,0.6113132844476261,-0.1528283211122972,-104.22891499832022,9.169699266714392,-0.030565664222381304,0.0,0.0,0.007641416055595326,0.21832617301700932,0.0,-4.866053744204123,-0.6113132844476261,-14.22463892729104,-0.030565664222381304,0.007641416055595326,-104.22891499832022,3.0565664222381304,0.030565664222381304,0.030565664222381304,-443.3366495615725,0.03362223064461944,-366.43326457567105,-0.022924248166785975,9.16969926671439,0.030565664222381304,209.62213582147425,185.1696044435692,-0.015282832111190652,160.79008787568662,91.73893623504378,-0.022924248166785975,-0.030565664222381304,0.0,0.030565664222381304,3.0565664222381304,-0.6113132844476261,78.20570005373042,78.20570005373042,-3.0565664222381304,14.22463892729104,-78.20570005373042,6.113132844476261,0.04584849633357195,-197.90423615217844,3.0565664222381304,-52.13713336915362,0.0,-6.113132844476261,0.015282832111190652,0.30565664222381306,0.0,449.51397030091596,-0.030565664222381304,-450.2781119064755,443.3366495615725,9.475355908938203,0.030565664222381304,4.866053744204123,-237.13123362161753,0.0,-0.030565664222381304,-0.007641416055595326,0.0,-0.030565664222381304,-516.0230645414059,0.03056566422249499,-0.007641416055595326,-0.007641416055595326,-0.007641416055595326,12.226265688952521,-185.1696044435692,0.30565664222381306,22.645336480757692,-0.007641416055595326,0.0,1.5282832111190652,259.539815481822,0.030565664222381304,0.015282832111190652,0.015282832111190652,3.0565664222381304,0.0,0.030565664222381304,0.0,0.30565664222381306,0.030565664222381304,-22.645336480757692,0.030565664222381304,0.12226265688991589,0.1528283211122972,0.015282832111190652,0.007641416055595326,9.16969926671439,-0.030565664222381304,366.43326457567105,0.30565664222381306,-45.290672961515384,0.7641416055595325,-3.0565664222381304,6.113132844476261,1.5282832111190652,-0.030565664222381304,0.0,0.04584849633357195,-0.030565664222381304,-6.113132844476261,0.0,437.7416118479665,0.015282832111190652,-519.079630963644,-0.030565664222381304,-0.03056566422249499,-0.030565664222381307,0.015282832111190652,104.22891499832022,-6.113132844476261,0.030565664222381304,0.0,-0.007641416055595326,-0.03362223064461944,0.0,4.584849633357194,-91.73893623504378,-92.93266344682908,104.22891499832022,-0.022924248166785975,450.2781119064755,-449.51397030091596,0.030565664222381304,-0.007641416055595325,1.5282832111190652,30.565664222381308,-0.015282832111190652,-0.030565664222381304,0.007641416055595326,866.5572776662573,0.0,-322.0737911795603,0.0,1000.0,0.0,564.1866630706039,148.91429878642003,0.0,946.2693032361452,-1000.0,-252.97738886561652,-519.9627444996275,-473.1346516180726,-500.0,500.0,0.0,-74.45714939321002,-443.4008374564397,-150.51462384468002,519.9627444996275,252.97738886561652,-150.51462384468002,-564.1866630706039,399.13066513499166,0.0,1496.5981,bhi
440,0.0,0.0,0.0,0.0,0.0,0.0,0.0,0.0,-0.03917712356287713,0.0,0.0,0.0,0.0,0.0,0.0,0.0,403.7802366513221,870.3279751451187,0.0,-807.5604733026443,0.0,0.0,0.0,785.4190381580025,0.0,0.0,0.0,0.0,0.0,-403.7802366513221,0.0,0.0,0.0,0.0,0.0,0.0,0.0,857.1373707985084,0.0,-1000.0,1000.0,0.0,0.0,0.0,0.0,0.0,0.0,0.0,0.0,0.0,0.0,0.0,0.0,0.04309483591919161,0.0,0.0,0.0,7.835424712575426,0.0,0.0,133.81271365846715,0.0,0.0,-277.97602336224577,0.0,0.0,0.0,0.0,229.53048631267123,0.0,0.0,0.3917712356287713,0.0,0.0,0.0,0.0,0.0,0.0,0.0,0.0,0.0,0.0,0.0,0.0,23.50627413772628,0.0,0.0,31.38375092123721,0.0,31.38375092123721,-0.009794280890719282,0.0,0.0,0.0,11.75313706886314,0.0,11.75313706886314,-1.261503378724209,0.0,0.0,0.0,1.9588561781438565,-403.7802366513221,0.0,0.0,-269.218758655856,0.0,0.0,0.0,0.0,0.0,0.0,0.0,0.0,0.0,0.0,0.0,0.0,0.0,0.0,0.0,0.0,0.0,0.0,-921.8180907133441,0.0,0.0,11.75313706886314,0.0,12.14490830449191,0.0,0.0,0.0,0.0,0.0,0.0,-1000.0,-828.1250000000684,828.1250000000684,588.2112629792871,0.0,0.0,0.0,0.0,0.0,3.0166385143415457,0.03917712356287713,0.0,0.0,0.0,0.0,-677.4870261153686,0.0,0.0,0.0,0.0,346.6878180504832,0.0,0.0,0.0,0.0,0.0,-108.83427149796809,-108.83427149796809,0.0,0.0,0.0,0.0,-655.0389987106465,0.0,0.0,-108.79509437440521,0.0,0.0,0.0,-1000.0,0.0,0.0,0.0,0.0,0.0,0.0,0.0,0.0,0.0,0.0,-1000.0,0.0,0.0,0.0,0.0,-8.347310479629868,0.0,0.0,0.0,0.0,0.0,0.0,0.0,-31.38375092123721,31.38375092123721,182.25825070804183,0.0,0.0,0.0,0.0,0.0,0.0,0.0,534.589413515532,0.0,0.0,0.0,0.0,0.0,0.0,0.0,0.0,0.0,0.0,0.0,0.0,0.0,54.522665279167214,128.41622126802235,0.0,0.0,0.0,0.0,0.0,-182.25825070804183,0.0,0.0,0.0,0.0,133.81271365846715,0.0,0.0,0.0,0.0,0.0,0.0,0.0,0.0,0.0,0.0,0.0,0.0,0.0,-164.27106147669286,-132.88731055545566,0.0,0.0,0.0,0.0,0.0,411.7887370207129,-789.415104761416,0.0,0.0,0.0,-141.2113134433161,0.0,0.0,-1000.0,0.0,0.0,-391.67847407639476,-608.3215259236052,608.3215259236052,-31.38375092123721,0.0,0.0,0.0,0.0,109.30417474042719,0.0,0.0,0.0,-667.9210142904558,0.0,667.9210142904558,0.0,851.3331373925824,229.53048631267123,0.0,-208.37353642656103,0.0,0.0,0.0,133.81271365846715,-0.05876568534431569,0.0,0.0,0.0,0.0,0.03917712356287713,0.0,0.0,0.0,-3.405826589233203,403.7802366513221,0.0,-179.47917243723734,667.733249332537,0.0,589.2548744806165,0.0,71.53966104457561,0.0,-269.218758655856,0.0,0.0,0.0,-3.373150338763747,-1000.0,931.8334892941881,-209.6594921355724,-1000.0,0.0,0.0,0.0,0.0,0.0,0.0,0.0,0.0,0.0,0.0,0.0,0.0,0.0,0.0,0.0,0.0,0.0,-142.7059207072404,0.0,-1000.0,0.0,0.0,0.0,0.0,0.0,711.2375786505605,-3.0166385143415457,0.0,0.0,0.0,0.0,0.0,0.0,-338.41511272612047,-830.300037260057,0.0,770.4695136873288,555.6393781592499,-618.9523403613592,-984.5854861716022,0.0,338.41511272612047,828.3411810819132,0.0,-0.9794280890719282,616.9934841832154,0.0,0.0,380.4878819553753,0.0,-1000.0,11.75313706886314,0.0,0.0,0.0,505.8219179718462,0.0,0.0,0.0,-54.522665279167214,54.522665279167214,54.522665279167214,-421.914309385733,0.0,0.0,-960.2065860141133,0.0,0.0,0.0,0.0,0.0,-144.1633097037786,0.0,953.1249999999992,422.4982625882466,0.0,0.0,0.0,0.0,-560.8239419162094,0.07835424712578043,0.0,0.0,0.0,0.0,0.0,0.0,0.0,0.0,0.0,0.0,0.0,0.0,0.0,0.0,0.0,0.0,0.0,0.0,0.0,0.04309483591919161,0.04309483591919161,0.0,47.27432091481402,0.0,23.50627413772628,0.0,0.0,0.0,1000.0,0.0,152.93480091650423,0.0,0.0,0.0,648.5754332720874,-1000.0,0.0,0.0,158.90838281991216,0.0,0.0,422.4982625882466,0.0,0.0,0.0,0.0,0.0,0.0,0.0,307.272696904448,3.405826589233203,677.4870261153686,0.0,3.0166385143415457,0.0,0.0,0.0,0.0,0.0,648.5754332720874,0.0,0.0,87.75149135587799,0.0,0.0,54.522665279167214,0.0,0.0,0.0,0.0,0.0,0.0,0.0,0.0,0.0,0.0,0.0,0.0,0.0,23.50627413772628,411.7887370207129,411.7887370207129,0.0,0.0,0.0,0.0,0.0,0.0,0.0,0.0,0.0,0.0,0.3917712356287713,0.0,0.0,0.0,0.0,0.0,0.0,0.0,0.0,11.75313706886314,-158.90838281991216,0.0,0.0,0.0,0.0,0.0,0.0,0.0,0.0,0.0,0.0,-604.7565132962884,0.0,11.75313706886314,11.75313706886314,-441.96439340648334,-1000.0,0.0,422.4982625882466,0.0,0.0,0.0,0.0,0.0,-386.5602712131054,0.0,-244.85924372525335,0.03917712356287713,0.0,0.0,51.7389883967168,0.0,22.386424604497336,0.0,0.0,0.0,-229.53048631267123,0.0,0.0,0.0,0.0,0.0,0.0,0.0,0.0,0.0,0.0,0.0,0.0,0.03917712356287713,0.0,0.0,0.0,0.0,0.0,0.0,0.0,0.0,0.0,-789.6672057261214,786.6505672117798,0.0,0.0,-857.2940792927595,-2.938284267215785,-1.9588561781438565,0.0,0.0,0.0,0.0,0.0,0.0,0.0,0.0,0.0,0.0,0.0,0.0,411.7887370207129,0.0,0.0,0.0,-617.5532618664809,0.0,0.0,0.0,-0.03917712356287713,0.0,0.0,0.03917712356287713,0.0,0.03917712356287713,0.0,0.0,0.0,23.50627413772628,47.79609074671011,47.79609074671011,0.0,0.0,0.0,0.0,0.0,0.0,0.0,677.4870261153686,0.0,0.0,0.0,0.0,0.0,0.0,0.0,0.0,0.0,0.0,0.0,0.0,0.0,0.0,0.0,0.0,0.0,0.0,0.0,0.0,0.0,-63.90354485508334,63.90354485508334,0.05876568534431569,0.0,0.0,0.0,-11.75313706886314,0.0,0.0,0.0,0.0,0.0,-47.27432091481402,1.9588561781438565,0.0,0.0,0.0,0.0,655.0389987106465,-3.2203595568680656,0.0,0.0,953.1249999999992,0.0,0.0,0.0,0.0,0.0,411.7887370207129,0.0,158.90838281991216,0.0,-7.248344364353194,0.0,97.52216055440829,-246.83233405135866,0.0,783.4302076549118,0.0,-783.4302076549118,0.0,-837.2111955081261,0.0,1.9588561781438565,626.3292964093581,0.0,0.0,0.0,-144.1633097037786,-359.37499999993963,359.37499999993963,0.0,0.0,0.0,0.0,0.0,0.0,0.0,997.0617157327843,-2.938284267215977,47.79609074671011,0.0,0.0,0.0,0.0,0.0,0.0,0.0,0.0,0.0,0.0,0.0,0.0,53.1508894492456,-51.7389883967168,-926.7520449156088,0.0,11.75313706886314,0.0,0.0,0.0,0.0,-321.4625498310829,0.0,0.0,0.04309483591919161,0.0,0.0,0.0,23.89804537335505,0.0,0.0,0.0,0.0,128.41622126802235,0.0,0.0,0.0,0.0,0.0,0.0,0.0,0.0,0.0,0.0,0.003917712356287713,0.003917712356287713,0.0,0.0,0.0,0.0,0.0,0.0,0.0,0.0,0.0,51.7389883967168,0.0,0.0,0.0,0.0,0.0,47.27432091481402,0.0,0.0,0.0,0.0,0.0,0.0,0.0,0.0,0.0,0.0,0.0,0.0,0.0,0.0,870.3279751451187,0.0,0.0,0.0,23.50627413772628,0.0,0.0,0.0,0.0,0.0,0.0,-23.50627413772628,0.0,0.0,0.0,0.0,0.0,0.0,0.0,0.0,0.0,0.0,0.0,0.0,23.45434857408974,-1000.0,26.836329640570842,-703.4403160508656,691.6871789820025,0.0,857.1373707985084,0.0,0.0,0.0,0.0,0.0,0.0,0.0,0.0,0.0,0.0,0.0,0.0,0.0,0.0,0.0,0.0,0.0,-4.897140445359641,411.7887370207129,-2.938284267215785,0.0,0.0,0.0,0.0,0.0,0.0,0.0,-0.4897140445359642,144.1633097037786,0.0,0.0,0.0,0.0,0.0,0.0,0.0,778.5951048488364,11.75313706886314,11.75313706886314,0.0,0.0,0.0,0.0,0.0,0.04309483591919161,47.27432091481402,0.0,0.0,-857.1373707985084,0.0,0.0,0.0,0.0,0.0,0.0,0.0,0.0,0.0,0.0,0.0,0.0,0.0,0.0,31.95177242754167,0.0,0.0,0.0,0.0,41.13597974102099,3.0166385143415457,0.0,0.0,0.0,0.0,0.0,47.27432091481402,0.0,0.0,0.0,0.0,0.0,-4.897140445359641,0.0,0.0,0.0,0.0,0.0,0.0,0.0,0.0,0.0,0.0,0.0,0.0,0.0,0.0,0.0,0.0,0.0,0.0,-0.03917712356287713,0.0,0.0,1.9588561781438565,-648.5754332720874,0.0,0.0,0.0,0.0,411.78873702071303,0.0,0.0,0.0,3.373150338763747,0.9794280890719282,0.0,0.0,0.0,0.03917712356287713,0.0,39.17712356287713,-12.14490830449191,7.835424712575427,0.2798365968776938,109.30417474042719,-0.029382842672157846,1.958856178143833,0.7835424712575426,-0.19588561781404223,-109.30417474042719,11.75313706886314,-0.03917712356287713,89.73958621861867,422.4982625882466,0.009794280890719282,0.2798365968776938,-269.218758655856,-6.236998071209655,-0.7835424712575426,-466.54773849379654,-0.03917712356287713,0.009794280890719282,-109.30417474042719,3.917712356287713,0.03917712356287713,0.03917712356287713,-47.19204895533195,0.04309483591916484,0.0,-0.029382842672157846,11.75313706886314,0.03917712356287713,11.75313706886314,-19.588561781438564,-0.019588561781438564,191.7496992612288,178.30136122819124,-0.029382842672157846,-0.03917712356287713,-12.14490830449191,0.03917712356287713,3.917712356287713,-0.7835424712575426,0.0,0.0,-3.917712356287713,466.54773849379654,0.0,7.835424712575426,0.05876568534431569,388.5259821948016,3.917712356287713,-307.272696904448,422.4982625882466,-7.835424712575426,0.019588561781438564,0.3917712356287713,44.869793109309335,0.5870803482222318,-0.03917712356287713,-56.08917371646157,47.19204895533195,12.14490830449191,0.03917712356287713,6.236998071209655,375.4857143127941,422.4982625882466,-0.03917712356287713,-0.009794280890719282,-422.4982625882466,-0.03917712356287713,-560.8239419162094,0.039177123562922134,-0.009794280890719282,-0.009794280890719282,-0.009794280890719282,15.670849425150852,19.588561781438564,0.3917712356287713,328.7134931016001,-0.009794280890719282,0.0,1.9588561781438565,282.3708271362485,0.03917712356287713,0.019588561781438564,0.019588561781438564,100.40160049407538,12.14490830449191,0.03917712356287713,-12.14490830449191,0.3917712356287713,0.039177123562877135,-928.0897764655078,0.03917712356287713,0.15670849425109168,0.19588561781404223,0.019588561781438564,0.009794280890719282,11.75313706886314,-0.03917712356287713,0.0,0.3917712356287713,-657.4269862032002,0.979428089071952,-3.917712356287713,7.835424712575426,1.9588561781438565,-0.03917712356287713,269.218758655856,0.05876568534431569,-0.039177123562877135,-200.80320098815076,12.14490830449191,471.2397094555188,0.019588561781438564,-564.741654272497,-0.03917712356287713,-0.039177123562922134,-0.03917712356287713,0.019588561781438564,109.30417474042719,-7.835424712575426,0.03917712356287713,89.73958621861867,-0.009794280890719282,-0.04309483591916484,-89.73958621861867,5.876568534431569,-178.30136122819124,-181.06317931758704,109.30417474042719,-0.029382842672157846,56.08917371646157,-0.5870803482222318,0.03917712356287713,-0.009794280890719282,1.9588561781438565,39.17712356287713,-0.019588561781438564,-0.03917712356287713,0.009794280890719282,1000.0,0.0,-388.54557075658306,599.3762833639078,1000.0,0.0,-518.2050474427188,-247.69814848209828,0.0,-1000.0,155.08930075267008,572.1294408483849,0.0,500.0,-500.0,-77.54465037633504,0.0,123.84907424104914,-47.27432091481402,-149.77715962443588,0.0,-572.1294408483849,-149.77715962443588,518.2050474427188,-448.8042370559003,0.0,1496.5981,bhi
441,0.0,0.0,0.0,0.0,0.0,0.0,0.0,0.0,-0.023001481434996644,0.0,0.0,0.0,0.0,0.0,0.0,0.0,972.0409606621085,0.0,0.0,-712.9739804597548,0.0,0.0,0.0,64.33130843619566,0.0,0.0,0.0,0.0,0.0,-796.2226333784223,0.0,0.0,0.0,0.0,0.0,0.0,0.0,-246.7902483575832,0.0,-383.84662155312526,993.099555569501,0.0,0.0,-1000.0,0.0,0.0,0.0,0.0,190.7397304122858,0.0,0.0,0.0,0.0,0.025301629577370477,0.0,0.0,0.0,0.0,0.0,0.0,118.10874385412649,0.0,1000.0,595.6309719355918,0.0,0.0,0.0,0.0,645.1769775422891,-120.68774314858379,0.0,0.23001481434996643,0.0,0.0,0.0,0.0,0.0,0.0,0.0,0.0,0.0,0.0,-68.60266493608756,0.0,13.800888860997986,0.0,54.02484965367543,4.137189624684652,-486.00322921997804,0.0,840.2093919229242,0.0,0.0,0.0,6.900444430498993,0.0,6.900444430498993,0.0,0.0,0.0,0.0,1.1500740717498321,-796.2226333784223,0.0,0.0,0.0,64.08202663025126,0.0,0.0,0.0,0.0,0.0,0.0,0.0,0.0,0.0,0.0,0.0,0.0,0.0,0.0,0.0,0.0,0.0,-405.05522754930917,0.0,0.0,6.900444430498993,0.0,7.130459244848959,0.0,0.0,-1000.0,0.0,1000.0,-1000.0,-805.0660756794312,0.0,0.0,282.5883037608965,0.0,0.0,0.0,0.0,0.0,124.39862866025774,0.023001481435017013,840.215142293283,0.0,0.0,0.0,-64.08202663025126,0.0,0.0,68.60266493608756,0.0,383.79084946733036,0.0,0.0,0.0,0.0,0.0,988.8954149035388,988.8954149035388,0.0,0.0,0.0,0.0,745.9110656635809,0.0,0.0,988.9184163849739,0.0,0.0,0.0,-609.5881413501762,-569.1082933737339,0.0,0.0,0.0,0.0,0.0,0.0,0.0,0.0,0.0,0.0,0.0,0.0,0.0,0.0,-21.44931381159121,0.0,0.0,0.0,0.0,0.0,0.0,0.0,486.00322921997804,-486.00322921997804,436.15018112238545,0.0,0.0,0.0,0.0,0.0,0.0,0.0,-1000.0,0.0,0.0,0.0,0.0,0.0,0.0,0.0,0.0,0.0,0.0,0.0,0.0,0.0,0.0,-183.10646327566892,-366.558057695971,0.0,0.0,0.0,86.32759079614922,-436.15018112238545,0.0,0.0,0.0,0.0,118.10874385412649,633.441942304029,0.0,0.0,0.0,0.0,0.0,0.0,0.0,0.0,0.7406477022079798,4.6002962869993285,0.0,0.0,972.0064584399561,0.0,680.8801492569486,0.0,366.558057695971,0.0,0.0,522.4777719185347,751.5506861581555,0.0,0.0,0.0,-203.48984810364027,0.0,0.0,245.543643552442,0.0,220.49002827189366,245.543643552442,0.0,220.49002827189366,0.0,0.0,-421.8476712767472,0.0,0.0,64.17413320364062,0.0,0.0,0.0,0.0,0.0,0.0,0.0,826.7978644610776,0.0,86.32759079614922,0.0,0.0,0.0,0.0,118.10874385412649,-0.03450222215249497,0.0,0.0,0.0,0.0,0.023001481435017013,0.0,0.0,0.0,13.808221678884236,972.0409606621085,0.0,-571.2424414098257,-1000.0,569.1082933737339,1000.0,0.0,0.0,0.0,0.0,0.0,0.0,0.0,-1.9804275515520848,96.76596698301228,-94.7855394314602,-1000.0,-1000.0,0.0,0.0,0.0,0.0,0.0,0.0,0.0,0.0,0.0,0.0,0.0,0.0,0.0,0.0,0.0,0.0,0.0,-555.7966976566848,0.0,-1000.0,68.60266493608756,690.9015447751567,0.0,0.0,0.0,0.0,-125.13927636246572,0.0,0.0,0.0,0.0,0.0,-744.818129704676,0.0,0.0,0.0,2.87518517937458,0.0,0.0,0.0,63.81404467923721,0.0,-1.1500740717498321,0.0,-0.5750370358749161,-1.1500740717498321,0.0,0.0,0.0,894.1708712334001,-209.71656399271183,6.900444430498993,0.0,0.0,0.0,0.0,0.0,0.0,0.0,0.0,0.0,0.0,-52.24919046896321,0.0,325.70070838339996,0.0,0.0,0.0,0.0,0.0,0.0,-178.21058490293066,0.0,0.0,0.0,0.0,0.0,0.0,0.0,-190.0069077061679,0.0460029628702614,0.0,0.0,0.0,0.0,0.0,0.0,0.0,0.0,0.0,0.0,0.0,0.0,0.0,0.0,0.0,0.0,0.0,0.0,0.0,0.025301629577370477,0.025301629577370477,0.0,222.7624303693084,0.0,13.800888860997986,0.0,0.0,0.0,1000.0,0.0,0.0,54.02484965367543,0.0,0.0,-97.25937230031468,-1000.0,0.0,0.0,0.0,0.0,0.0,0.0,0.0,0.0,0.0,0.0,0.0,0.0,0.0,135.01840918310305,-13.808221678884236,0.0,0.0,55.79596372417018,0.0,918.4580513920432,-918.4580513920432,-918.4580513920432,0.0,-97.25937230031468,0.0,0.0,-287.2662800064826,703.1249999999953,-703.1249999999953,0.0,0.0,0.0,0.0,0.0,0.0,0.0,0.0,0.0,0.0,0.0,0.0,0.0,0.0,13.800888860997986,522.4777719185347,522.4777719185347,0.0,0.0,0.0,0.0,0.0,0.0,0.0,0.0,0.0,0.0,0.23001481434996643,0.0,0.0,54.02484965367543,-54.02484965367543,0.0,0.0,0.0,0.0,6.900444430498993,0.0,0.0,0.0,0.0,0.0,0.0,0.0,0.0,0.0,0.0,822.8284419877201,0.0,0.0,6.900444430498993,6.900444430498993,951.6685220348471,-1000.0,0.0,0.0,0.0,0.0,0.0,0.0,0.0,796.2226333784223,0.0,1000.0,0.023001481435017013,0.0,0.0,-371.68509296205985,402.06183512289226,190.0069077061679,0.0,0.0,0.0,0.0,0.0,0.0,0.0,0.0,0.0,0.0,0.0,0.0,0.0,0.0,0.0,0.0,0.023001481435017013,0.0,0.0,0.0,0.0,0.0,0.0,0.0,0.0,690.9015447751567,0.0,-125.1392763624657,0.0,0.0,-444.20330234331516,-1.7251111076247483,-1.1500740717498321,0.0,0.0,0.0,0.0,0.0,0.0,0.0,0.0,0.0,0.0,0.0,0.0,522.4777719185347,569.1082933737339,0.0,0.0,-208.566489920962,0.0,0.0,0.0,-0.023001481435017013,0.0,0.0,0.023001481435017013,0.0,0.023001481435017013,0.0,524.4892343937054,0.0,13.800888860997986,28.061807350695908,28.061807350695908,0.0,0.0,0.0,0.0,0.0,0.0,0.0,0.0,0.0,0.0,0.0,0.0,0.0,0.0,0.0,0.0,0.0,0.0,0.0,0.0,0.0,0.0,0.0,0.0,0.0,0.0,0.0,0.0,0.0,0.0,0.0,0.03450222215249497,0.0,0.0,0.0,-6.900444430498993,0.0,0.0,0.0,0.0,0.0,-222.7624303693084,1.1500740717498321,0.0,0.0,0.0,0.0,-745.9110656635809,674.7842487283342,0.0,0.0,0.0,0.0,0.0,0.0,0.0,0.0,522.4777719185347,0.0,0.0,-654.6937860937452,222.7624303693084,0.0,-45.45629278577828,190.0069077061679,0.0,549.6449723658685,0.0,-549.6449723658685,68.60266493608756,723.4888788074596,0.0,1.1500740717498321,856.5775926010683,0.0,0.0,0.0,-286.2602842102815,0.0,0.0,140.62500000000014,-140.62500000000014,0.0,0.0,0.0,0.0,0.0,-3.450222215249511,0.0,28.061807350695908,0.0,438.5498255939289,438.5498255939289,-438.54982559392903,0.0,0.0,0.0,0.0,0.0,0.7406477022079798,0.0,0.0,227.93776369218264,-30.37674216083235,834.9264772897449,0.0,6.900444430498993,54.02484965367543,0.0,0.0,0.0,220.49015276043968,0.0,0.0,0.025301629577370477,0.0,0.0,0.0,14.030903675347952,0.0,0.0,0.0,0.0,-183.10646327566892,0.0,64.08202663025126,0.0,0.0,0.0,0.0,0.0,0.0,-1000.0,0.0,179.28461405469085,0.0023001481434996585,0.0,0.0,0.0,0.0,0.0,0.0,0.0,0.0,0.0,-371.68509296205985,0.0,0.0,0.0,0.0,0.0,222.7624303693084,0.0,0.0,0.0,0.0,0.0,0.0,0.0,0.0,0.0,0.0,0.0,108.04969930735086,0.0,1000.0,0.0,0.0,0.0,0.0,13.800888860997986,0.0,0.0,0.0,0.0,0.0,0.0,-13.800888860997986,0.0,108.04969930735086,0.0,0.0,0.0,0.0,0.0,0.0,0.0,0.0,0.0,0.0,-1000.0,-1000.0,15.756014782972702,0.0,-6.900444430498993,0.0,444.1112964175735,0.0,0.0,0.0,0.0,0.0,0.0,0.0,0.0,0.0,601.5625,0.0,-601.5625,-601.5625,0.0,0.0,0.0,0.0,-2.87518517937458,522.4777719185347,-1.7251111076247483,-1.725111107624748,0.0,0.0,0.0,0.0,0.0,-0.28751851793745803,0.0,246.81324983901823,0.0,0.0,0.0,0.0,0.0,0.0,0.0,1000.0,6.900444430498993,6.900444430498993,0.0,0.0,0.0,0.0,0.0,0.025301629577370477,222.7624303693084,0.0,0.0,-444.1112964175735,179.28231390654736,0.0,0.0,0.0,0.0,0.0,0.0,0.0,0.0,0.0,0.0,0.0,0.0,0.0,262.2446171968527,0.0,0.0,0.0,0.0,24.151555506746476,55.79596372417018,0.0,0.0,0.0,0.0,0.0,222.7624303693084,0.0,-675.934322800084,0.0,0.0,0.0,-2.87518517937458,0.0,0.0,0.0,0.0,0.0,0.0,0.0,0.0,0.0,0.0,0.0,0.0,0.0,0.0,0.0,0.0,0.0,0.0,-0.023001481435017013,0.0,0.0,1.1500740717498321,97.25937230031468,0.0,0.0,0.0,0.0,522.4777719185347,0.0,0.0,0.0,1.9804275515520848,0.5750370358749161,0.0,0.0,0.0,0.023001481435017013,0.0,23.00148143499664,-7.130459244848959,4.6002962869993285,0.16429629596426173,64.17413320364064,-0.017251111076247484,1.1500740717498321,0.46002962869993286,-0.11500740717667668,-64.17413320364064,6.900444430498993,-0.023001481434996644,0.0,0.0,0.005750370358749161,0.16429629596426173,0.0,-57.68668549812796,-0.4600296286998855,-259.06698020235376,-0.023001481434996644,0.005750370358749161,-64.17413320364064,2.3001481434996642,0.023001481434996644,0.023001481435017013,-222.71412725829603,-53.99954802409695,0.0,-0.017251111076247484,6.900444430498993,0.023001481434996644,6.900444430498993,-11.50074071749832,-0.011500740717498322,-383.79084946733036,433.8270314974508,-0.017251111076247484,-0.023001481434996644,-7.130459244848959,0.023001481435017013,2.3001481434996642,-0.46002962869993286,0.0,0.0,-2.3001481434996642,259.06698020235376,0.0,4.6002962869993285,0.03450222215249497,-1000.0,2.3001481434996642,-135.01840918310305,0.0,-4.6002962869993285,0.011500740717498322,0.23001481434996643,142.81061035245642,227.36272665630773,-0.023001481435017013,-227.93776369218264,222.71412725829603,7.130459244848959,0.023001481434996644,57.68668549812796,-27.60177772199586,0.0,-0.023001481435017013,-0.005750370358749161,0.0,-0.023001481434996644,-254.0889343364192,0.02300148143498859,-0.005750370358749161,-0.005750370358749161,-0.005750370358749161,9.200592573998657,11.50074071749832,0.23001481434996643,17.041222558152498,-0.005750370358749161,285.62122070491284,1.1500740717498321,96.15352792483378,0.023001481435017013,0.011500740717498322,0.011500740717498322,-40.86364725457495,7.130459244848959,0.023001481435017013,-7.130459244848959,0.23001481434996643,0.023001481434996644,-17.041222558152498,0.023001481434996644,0.09200592574165967,0.11500740717667668,0.011500740717498322,0.005750370358749161,6.900444430498993,-0.023001481434996644,0.0,0.23001481434994275,-34.082445116304996,0.5750370358749162,-2.3001481434996642,4.6002962869993285,1.1500740717498321,-0.023001481434996644,0.0,0.03450222215249497,-0.023001481434996644,81.7272945091499,7.130459244848959,-205.16714973662647,0.011500740717498322,-192.30705584966756,-0.023001481434996644,-0.02300148143498859,-0.023001481434996644,0.011500740717498322,64.17413320364064,-4.6002962869993285,0.023001481435017013,285.62122070491284,-0.005750370358749161,53.99954802409695,-285.62122070491284,3.4502222152494957,-433.8270314974508,547.911932648576,64.17413320364064,-0.017251111076247484,227.93776369218264,-227.36272665630773,0.023001481434996644,-0.005750370358749162,1.1500740717498321,23.00148143499664,-0.011500740717498322,-0.023001481434996644,0.005750370358749161,1000.0,0.0,999.9884992592825,0.0,-1000.0,0.0,-329.87469758265183,189.49857496645558,0.0,897.6712189768242,-142.358013524204,40.85599649877895,0.0,-448.8356094884121,500.0,71.179006762102,0.0,-94.74928748322779,-222.7624303693084,-15.323003023813204,0.0,-40.85599649877895,-15.323003023813204,329.87469758265183,-152.28653400207781,0.0,1496.5981,bhi
442,0.0,0.0,0.0,0.0,0.0,0.0,0.0,0.0,-0.17314592850164265,0.0,0.0,0.0,0.0,0.0,0.0,0.0,1000.0,-711.7489805647635,0.0,0.0,0.0,0.0,0.0,810.0945618374714,0.0,0.0,0.0,0.0,0.0,794.7131652513202,0.0,0.0,1000.0,0.0,0.0,0.0,0.0,493.2416678833041,0.0,-1000.0,469.87844812640583,0.0,0.0,-905.4479669756961,0.0,0.0,0.0,0.0,0.0,0.0,0.0,889.2651982756241,0.0,0.19046052135217906,0.0,0.0,0.0,0.0,0.0,0.0,138.04486903781913,0.0,0.0,-321.8348923857775,0.0,0.0,0.0,0.0,95.90317578455813,-88.8690200686408,0.0,1.7314592850164265,0.0,0.0,0.0,0.0,0.0,0.0,0.0,0.0,0.0,0.0,0.0,0.0,103.88755710098559,0.0,0.0,791.7806112747933,0.12985944637625835,0.0,-0.04328648212541066,0.0,0.0,700.3211874083257,51.943778550492794,0.0,127.61062004826823,0.0,0.0,0.0,0.0,179.98964843417616,778.1002410190587,0.0,0.0,-98.82808038318605,0.0,0.0,0.0,0.0,0.0,0.0,0.0,0.0,0.0,0.0,0.0,0.0,0.0,0.0,0.0,0.0,0.0,0.0,-584.9638427621143,0.0,0.0,127.61062004826823,0.0,53.67523783550922,9.177673637434395,0.0,0.0,0.0,0.0,0.0,0.0,0.0,0.0,-459.8797614235967,0.0,0.0,0.0,0.0,0.0,13.3322364946265,0.17314592850164265,0.0,0.0,0.0,0.0,0.0,0.0,0.0,0.0,0.0,1000.0,0.0,0.0,0.0,0.0,0.0,453.3026902514308,453.3026902514308,0.0,0.0,0.0,0.0,0.0,0.0,0.0,453.47583617993246,0.0,0.0,0.0,0.0,0.0,0.0,0.0,0.0,0.0,0.0,0.0,0.0,0.0,0.0,-676.8585453027608,0.0,0.0,0.0,0.0,-28.6489550244803,0.0,0.0,0.0,0.0,0.0,0.0,-889.2651982756241,-0.12985944637625835,0.12985944637625835,459.8797614235967,0.0,0.0,0.0,0.0,0.0,0.0,16.6129242322616,1000.0,0.0,0.0,0.0,0.0,0.0,0.0,0.0,0.0,0.0,0.0,0.0,0.0,0.0,0.0,-367.02647751207826,-905.4479669756961,0.0,0.0,0.0,0.0,-175.63351340780503,0.0,0.0,0.0,0.0,138.04486903781913,0.0,0.0,0.0,691.3043129893514,0.0,0.0,0.0,0.0,0.0,5.575298897756738,34.62918570032853,75.66684149777544,0.0,999.7402811072475,1000.0,-97.61444644720707,0.0,905.4479669756961,0.0,0.0,459.8797614235967,-365.61458224811406,0.0,0.0,0.0,-179.04993975148784,0.0,0.0,-1000.0,-326.0764247639592,0.0,-1000.0,326.0764247639592,0.0,0.0,0.0,-614.3942530103092,0.0,0.0,217.18623977866014,0.0,0.0,0.0,-961.711509089227,0.0,961.711509089227,0.0,597.6133594818589,0.0,0.0,782.0779170182543,0.0,0.0,0.0,138.04486903781913,-0.25971889275246396,0.0,0.0,0.0,0.0,0.17314592850164265,0.0,0.0,0.0,-388.7832119373363,1000.0,0.0,-65.88538692212403,-52.771924192329266,0.0,597.489068174674,0.0,0.0,0.0,-98.82808038318605,0.0,0.0,0.0,-14.907864443991802,14.907864443991802,0.0,-1000.0,-1000.0,0.0,0.0,0.0,0.0,0.0,0.0,0.0,0.0,0.0,0.0,0.0,0.0,0.0,0.0,0.0,0.0,691.3043129893514,1000.0,0.0,506.065748402688,0.0,0.0,0.0,1000.0,221.38156147870257,0.0,-18.907535392383238,0.0,0.0,0.0,0.0,171.33235200909402,-110.81104022854993,-646.7094579951215,0.0,0.0,0.0,0.0,0.0,0.0,-233.14099272746182,646.7094579951215,-594.3234724296292,0.0,-4.328648212541066,-8.657296425082132,530.4136518995344,0.0,-569.8136928274037,1000.0,-438.84360359767845,127.61062004826823,0.0,0.0,0.0,54.364920014775805,0.0,0.0,0.0,0.0,0.0,0.0,183.621618743458,0.0,0.0,-144.4838151589297,0.0,0.0,16.6129242322616,0.0,0.0,-183.79002334795837,0.0,265.6250000000006,0.0,0.0,0.0,0.0,0.0,-494.6370975603465,0.34629185700373455,0.0,0.0,0.0,0.0,0.0,0.0,0.0,0.0,0.0,7.034155715917336,0.0,0.0,0.0,0.0,0.0,0.0,0.0,0.0,0.0,0.19046052135217906,0.19046052135217906,0.0,70.13218593782393,0.0,103.88755710098559,0.0,0.0,0.0,1000.0,0.0,0.0,0.0,0.0,0.0,1000.0,-1000.0,0.0,0.0,0.0,0.0,0.0,0.0,0.0,0.0,0.0,0.0,0.0,0.0,0.0,194.98794758737142,388.7832119373363,0.0,0.0,13.3322364946265,0.0,1000.0,-299.6788125916743,-583.925060607466,0.0,1000.0,0.0,505.36290243965345,0.0,0.0,0.0,0.0,0.0,0.0,0.0,0.0,0.0,0.0,0.0,0.0,0.0,0.0,0.0,0.0,0.0,103.88755710098559,459.8797614235967,459.8797614235967,0.0,0.0,0.0,0.0,0.0,0.0,0.0,0.0,0.0,0.0,1.7314592850164265,0.0,0.0,0.0,0.0,0.0,-889.2651982756241,0.0,0.0,127.61062004826823,0.0,0.0,0.0,0.0,0.0,0.0,0.0,0.0,0.0,0.0,496.7700499968534,0.0,0.0,51.943778550492794,51.943778550492794,-223.2344523696625,-1000.0,0.0,0.0,0.0,0.0,0.0,0.0,0.0,-778.1002410190587,16.6129242322616,-613.4989013935619,0.17314592850164265,0.0,0.0,-444.24983522420905,636.2030743935336,296.98093679397437,0.0,-700.3211874083257,0.0,0.0,0.0,0.0,0.0,0.0,0.0,0.0,0.0,0.0,0.0,0.0,0.0,0.0,0.17314592850164265,0.0,0.0,0.0,-1000.0,1000.0,0.0,0.0,0.0,0.0,0.0,487.15821301030473,0.0,0.0,-1000.0,-12.98594463762322,-8.657296425082132,0.0,0.0,0.0,0.0,0.0,0.0,0.0,0.0,0.0,0.0,0.0,0.0,459.8797614235967,0.0,0.0,0.0,-1000.0,0.0,0.0,0.0,-0.17314592850164265,0.0,0.0,0.17314592850164265,0.0,0.17314592850164265,0.0,0.0,0.0,103.88755710098559,211.23803277200403,211.23803277200403,0.0,0.0,0.0,0.0,0.0,0.0,0.0,0.0,0.0,16.6129242322616,0.0,0.0,0.0,0.0,0.0,0.0,0.0,0.0,0.0,0.0,0.0,0.0,0.0,0.0,0.0,0.0,0.0,284.24624801579165,0.0,0.0,0.0,0.25971889275246396,0.0,0.0,0.0,-127.61062004826823,0.0,0.0,0.0,0.0,0.0,-70.13218593782393,8.657296425082132,0.0,0.0,0.0,0.0,0.0,-8.657296425082132,0.0,0.0,265.6250000000006,0.0,0.0,0.0,0.0,0.0,459.8797614235967,0.0,0.0,359.4153351602579,70.13218593782393,0.0,798.4087886930428,198.15285641078833,506.065748402688,-27.564831817465368,0.0,-478.5009165852226,0.0,-576.852615020118,0.0,8.657296425082132,1000.0,0.0,0.0,0.0,-183.79002334795837,0.0,0.0,109.3750000000001,-109.3750000000001,0.0,0.0,0.0,0.0,0.0,759.976675878208,-109.09001985069347,211.23803277200403,0.0,0.0,0.0,0.0,0.0,0.0,0.0,0.0,0.0,5.575298897756738,0.0,0.0,0.0,-198.98739488524188,-1000.0,0.0,51.943778550492794,0.0,0.0,0.0,0.0,-384.3207658242077,0.0,0.0,0.19046052135217906,0.0,0.0,0.0,105.61901638600202,0.0,0.0,0.0,0.0,-367.02647751207826,0.0,0.0,0.0,0.0,0.0,0.0,0.0,0.0,-312.9882282444005,0.0,0.017314592850164345,0.017314592850164345,0.0,0.0,0.0,0.0,0.0,0.0,0.0,0.0,0.0,-444.24983522420905,0.0,0.0,0.0,0.0,0.0,70.13218593782393,0.0,0.0,0.0,0.0,0.0,0.0,0.0,0.0,0.0,0.0,0.0,0.0,1000.0,-503.6594512859332,-711.7489805647635,0.0,0.0,0.0,103.88755710098559,0.0,0.0,0.0,0.0,0.0,0.0,-103.88755710098559,0.0,0.0,0.0,0.0,0.0,0.0,0.0,0.0,0.0,0.0,0.0,0.0,613.4989013935619,-1000.0,118.60496102362521,-186.6331643581014,59.022544309833165,0.0,493.2416678833041,0.0,0.0,0.0,0.0,0.0,0.0,0.0,0.0,0.0,0.0,0.0,0.0,0.0,0.0,0.0,0.0,0.0,-21.64324106270535,459.8797614235967,-184.31829664671727,96.10407521307037,0.0,0.0,0.0,0.0,0.0,920.4461689122444,-922.6104930185148,183.79002334795837,0.0,0.0,0.0,0.0,0.0,0.0,0.0,1000.0,51.943778550492794,51.943778550492794,0.0,0.0,0.0,0.0,0.0,0.19046052135217906,70.13218593782393,0.0,0.0,-493.2416678833041,0.0,0.0,0.0,0.0,0.0,0.0,0.0,0.0,0.0,0.0,0.0,0.0,0.0,0.0,0.0,0.0,0.0,9.177673637434395,0.0,181.8032249267248,13.3322364946265,0.0,0.0,0.0,0.0,0.0,70.13218593782393,0.0,0.0,0.0,0.0,0.0,-21.64324106270535,0.0,0.0,0.0,0.0,0.0,0.0,0.0,0.0,0.0,0.0,0.0,0.0,0.0,0.0,0.0,0.0,0.0,0.0,-0.17314592850164265,0.0,0.0,8.657296425082132,-1000.0,0.0,0.0,0.0,0.0,459.8797614235967,0.0,0.0,0.0,14.907864443991802,4.328648212541066,0.0,0.0,0.0,0.17314592850164265,0.0,173.14592850164263,-44.4975641980748,34.62918570032853,1.2367566321545902,501.4324877944518,-0.12985944637623198,594.3234724296292,3.462918570032853,-0.8657296425095665,-501.4324877944518,51.943778550492794,-0.17314592850164265,32.942693461062014,0.0,0.04328648212541066,1.2367566321545902,-98.82808038318603,-27.564831817465368,-3.462918570032853,-288.25101943523646,-0.17314592850164265,0.04328648212541066,-501.4324877944518,17.314592850164264,0.17314592850164265,0.17314592850164265,-69.76857948797011,0.190460521351807,-1000.0,-0.12985944637623198,51.943778550492794,0.17314592850164265,127.61062004826823,-10.906122753045885,-0.08657296425082132,197.6561607663721,158.1457746291391,-0.12985944637623198,-0.17314592850164265,-44.4975641980748,0.17314592850164265,17.314592850164264,-3.462918570032853,284.24624801579165,284.24624801579165,-17.314592850164264,288.25101943523646,-284.24624801579165,34.62918570032853,0.25971889275246396,-1000.0,17.314592850164264,-194.98794758737142,0.0,-34.62918570032853,0.08657296425082132,1.7314592850164265,16.471346730531007,104.76137163815247,-0.17314592850164265,-109.09001985069347,69.76857948797011,53.67523783550922,0.17314592850164265,27.564831817465368,-283.4419556997469,0.0,-0.17314592850164265,-0.04328648212541066,0.0,-0.17314592850164265,-494.6370975603465,0.17314592850164265,-0.04328648212541066,-0.04328648212541066,-0.04328648212541066,69.25837140065705,10.906122753045885,1.7314592850164265,128.27948977865697,-0.04328648212541066,0.0,8.657296425082132,255.97584520525538,0.17314592850164265,0.08657296425082132,0.08657296425082132,17.314592850164264,44.4975641980748,0.17314592850164265,-44.4975641980748,1.7314592850164265,0.17314592850164265,-128.27948977865697,0.17314592850164265,0.6925837140079238,0.8657296425095665,0.08657296425082132,0.04328648212541066,51.943778550492794,-0.17314592850164265,1000.0,1.7314592850164265,-256.55897955731393,589.9948242170881,-17.314592850164264,34.62918570032853,8.657296425082132,-0.17314592850164265,98.82808038318603,0.25971889275246396,-0.17314592850164265,-34.62918570032853,44.4975641980748,833.9982492615756,0.08657296425082132,-511.95169041051076,-0.17314592850164265,-0.17314592850164265,-0.17314592850164265,0.08657296425082132,501.4324877944518,-34.62918570032853,0.17314592850164265,32.942693461062014,-0.04328648212541066,-0.190460521351807,-32.942693461062014,25.97188927524639,-158.1457746291391,551.2069456092498,501.4324877944518,-0.12985944637623198,109.09001985069347,-104.76137163815247,0.17314592850164265,-0.043286482125410655,8.657296425082132,173.14592850164263,-0.08657296425082132,-0.17314592850164265,0.04328648212541066,0.0,0.0,999.9134270357491,0.0,390.57002897802863,0.0,320.8417622381448,-805.6736686090984,0.0,1000.0,-470.76858086935067,-833.0379743933713,0.0,-500.0,-195.28501448901432,235.3842904346753,0.0,402.8368343045492,-70.13218593782393,-449.67748343736787,0.0,833.0379743933713,-449.67748343736787,-320.8417622381448,293.4845625438637,0.0,1496.5981,bhi
443,0.0,0.0,0.0,0.0,0.0,0.0,0.0,0.0,-0.06390967329264999,0.0,0.0,0.0,0.0,0.0,0.0,0.0,0.09586450993901963,0.0,0.0,93.1514193175152,0.0,0.0,0.0,0.0,0.0,0.0,0.0,0.0,0.0,-1000.0,103.65227482568264,-103.65227482568264,0.0,0.0,0.0,0.0,0.0,894.2023414527695,0.0,255.9697595287963,1000.0,0.0,0.0,155.5635567234773,0.0,0.0,0.0,0.0,999.904135490061,0.0,0.0,0.0,0.0,0.0703006406225768,0.0,0.0,0.0,12.781934658529996,0.0,0.0,77.31308767979617,0.0,-724.8366141308077,-1000.0,0.0,0.0,0.0,0.0,943.7171106962255,-851.8883682216546,0.0,0.6390967329264998,0.0,0.0,0.0,0.0,0.0,0.0,0.0,0.0,0.0,0.0,0.0,0.0,38.34580397558999,0.0,0.0,-748.0107230318566,-834.065875041663,1000.0,-0.015977418323162497,0.0,0.0,1000.0,19.172901987794994,0.0,19.172901987794994,0.0,0.0,0.0,0.0,49.222589424465156,-1000.0,0.0,0.0,0.0,129.96486662192478,112.12594869460735,0.0,0.0,0.0,0.0,0.0,0.0,0.0,0.0,0.0,0.0,0.0,0.0,0.0,0.0,0.0,0.0,-293.0266863974197,0.0,0.0,19.172901987794994,0.0,19.811998720721498,0.0,0.0,-1000.0,0.0,1000.0,-1000.0,0.0,0.0,0.0,-352.47647354898845,0.0,0.0,0.0,0.0,0.0,4.921044843533991,0.06390967329264999,0.0,0.0,0.0,-661.0254923048287,531.060625682904,0.0,0.0,0.0,0.0,639.9290880642963,0.0,0.0,0.0,0.0,0.0,794.0507702909697,794.0507702909697,0.0,0.0,0.0,-312.5,1000.0,0.0,0.0,897.766954789945,0.0,0.0,0.0,-1000.0,0.0,0.0,0.0,0.0,0.0,0.0,0.0,0.0,0.0,0.0,-481.222300640277,0.0,0.0,0.0,0.0,-182.39836714315084,0.0,0.0,0.0,0.0,0.0,0.0,0.0,65.49470931323492,-65.49470931323492,352.47647354898845,0.0,0.0,0.0,0.0,0.0,0.0,0.0,-281.9608828789057,0.0,0.0,0.0,0.0,0.0,0.0,0.0,0.0,0.0,0.0,0.0,0.0,0.0,0.0,-43.81542019186682,0.0,0.0,0.0,0.0,0.0,-352.47647354898845,0.0,0.0,0.0,0.0,77.31308767979617,-155.5635567234773,103.65227482568264,0.0,0.0,0.0,0.0,0.0,0.0,0.0,105.71016630570529,0.0,0.0,0.0,1000.0,100.43941564510203,317.3881217714393,0.0,0.0,0.0,0.0,352.47647354898845,775.5869101660046,0.0,0.0,0.0,-141.20856689395407,0.0,0.0,537.4534984720021,463.9788671376745,0.0,73.47463133432763,0.0,-463.9788671376745,-768.5711657284281,0.0,-93.24728382745423,0.0,0.0,178.3079884864935,0.0,0.0,0.0,-436.98692174078553,0.0,436.98692174078553,0.0,897.6391354433597,0.0,0.0,-89.00769407731909,-312.5,0.0,0.0,77.31308767979617,-0.09586450993897498,0.0,0.0,0.0,0.0,0.06390967329264999,0.0,0.0,0.0,57.51529884965055,0.09586450993901963,0.0,-549.7189668073537,-483.07347677152825,0.0,964.331615258647,0.0,-882.3904279188383,0.0,0.0,0.0,0.0,0.0,361.21133543148176,0.0,521.1790924873566,502.01861057774994,-1000.0,0.0,0.0,0.0,0.0,0.0,0.0,0.0,0.0,0.0,0.0,0.0,0.0,0.0,0.0,0.0,0.0,0.0,-105.54201985405993,0.0,-1000.0,0.0,0.0,0.0,0.0,0.0,0.0,500.1352181793566,0.0,0.0,0.0,0.0,46.02710575983266,0.0,0.0,0.0,0.0,-943.7171106962255,0.0,0.0,-1000.0,26.052574122110627,0.0,-26.209036544548827,1000.0,-1.5977418323162496,-3.195483664632499,1000.0,0.0,-391.99458556425657,131.69644123286116,-262.6709066993718,19.172901987794994,0.0,0.0,0.0,0.0,0.0,0.0,0.0,0.0,0.0,0.0,-263.3100508656063,0.0,0.0,0.0,0.0,0.0,0.0,0.0,0.0,-197.8502981893961,0.0,0.0,54.84128672914791,0.0,0.0,0.0,0.0,-62.98832217966185,0.12781934658551108,0.0,0.0,0.0,0.0,0.0,0.0,0.0,0.0,0.0,0.0,0.0,0.0,0.0,0.0,0.0,0.0,0.0,0.0,0.0,0.0703006406225768,0.0703006406225768,103.65227482568264,375.0474353880955,0.0,38.34580397558999,0.0,0.0,0.0,-65.79086432339457,0.0,0.0,0.0,0.0,0.0,-267.587354219231,65.79086432339457,0.0,0.0,0.0,0.0,0.0,54.84128672914791,0.0,0.0,0.0,0.0,0.0,0.0,0.0,97.67556213247325,-57.51529884965055,0.0,0.0,4.921044843533991,0.0,0.0,1000.0,1000.0,0.0,-267.587354219231,0.0,-330.5756763988928,0.0,1000.0,-1000.0,0.0,0.0,0.0,0.0,0.0,0.0,0.0,0.0,0.0,0.0,0.0,0.0,0.0,0.0,38.34580397558999,352.47647354898845,352.47647354898845,0.0,0.0,0.0,0.0,0.0,0.0,0.0,0.0,0.0,0.0,0.6390967329264998,0.0,103.65227482568264,0.0,0.0,103.65227482568264,0.0,0.0,0.0,19.172901987794994,0.0,0.0,0.0,0.0,0.0,0.0,0.0,0.0,0.0,0.0,1000.0,97.05124121203329,0.0,19.172901987794994,19.172901987794994,1000.0,65.79086432339457,0.0,54.84128672914791,0.0,0.0,0.0,0.0,0.0,857.9925621898878,0.0,1000.0,0.06390967329264999,0.0,0.0,0.0,84.40185353627183,62.98832217966182,0.0,-1000.0,0.0,0.0,0.0,0.0,0.0,0.0,0.0,0.0,0.0,0.0,0.0,0.0,0.0,0.0,0.06390967329264999,0.0,0.0,0.0,-829.431212756112,829.431212756112,0.0,0.0,0.0,0.0,0.0,500.1352181793566,0.0,0.0,-894.45798014594,-4.793225496948748,0.0,-3.195483664632499,0.0,0.0,0.0,0.0,0.0,0.0,0.0,0.0,0.0,0.0,0.0,352.47647354898845,0.0,0.0,0.0,-651.470008598996,0.0,0.0,0.0,-0.06390967329264999,0.0,0.0,0.06390967329264999,0.0,0.06390967329264999,0.0,91.82874247457096,0.0,38.34580397558999,77.96980141703298,77.96980141703298,0.0,0.0,0.0,0.0,0.0,0.0,0.0,0.0,0.0,0.0,0.0,0.0,0.0,366.7139583019796,0.0,0.0,0.0,0.0,0.0,0.0,0.0,0.0,0.0,0.0,0.0,0.0,0.0,0.0,0.0,0.0,0.0,0.09586450993897498,0.0,0.0,0.0,-19.172901987794994,0.0,0.0,0.0,0.0,0.0,-375.0474353880955,3.195483664632499,0.0,0.0,0.0,312.5,-1000.0,-500.1352181793566,-3.195483664632499,0.0,0.0,0.0,0.0,0.0,0.0,0.0,352.47647354898845,0.0,0.0,608.0212763158522,375.0474353880955,0.0,726.0278262826755,62.98832217966182,0.0,0.0,0.0,0.0,0.0,697.6171087489716,0.0,3.195483664632499,751.6086637807848,0.0,0.0,-103.65227482568264,-197.8502981893961,0.0,0.0,0.0,0.0,0.0,-507.1141545029132,0.0,0.0,0.0,861.0629615253213,-389.42711187894156,77.96980141703298,0.0,181.77727482568267,181.77727482568267,-78.12500000000003,0.0,0.0,0.0,0.0,0.0,105.71016630570529,0.0,0.0,0.0,-84.40185353627183,-351.1428268458666,0.0,19.172901987794994,0.0,0.0,0.0,0.0,384.7300842651182,0.0,0.0,0.0703006406225768,0.0,0.0,0.0,38.98490070851649,0.0,0.0,0.0,0.0,-43.81542019186682,0.0,129.96486662192478,0.0,0.0,0.0,0.0,0.0,0.0,0.0,0.0,172.76937113359125,0.006390967329264807,0.0,0.0,0.0,0.0,0.0,0.0,0.0,0.0,0.0,0.0,103.65227482568264,0.0,0.0,0.0,0.0,375.0474353880955,0.0,0.0,0.0,0.0,0.0,0.0,0.0,0.0,0.0,0.0,0.0,0.0,0.0,1000.0,0.0,0.0,0.0,0.0,38.34580397558999,0.0,0.0,0.0,0.0,0.0,0.0,-38.34580397558999,0.0,0.0,0.0,0.0,0.0,0.0,0.0,0.0,0.0,103.65227482568264,103.65227482568264,0.0,-1000.0,360.01117276763785,410.4920845074448,-19.172901987794994,0.0,0.0,894.2023414527695,0.0,0.0,0.0,0.0,0.0,0.0,0.0,0.0,0.0,0.0,0.0,0.0,0.0,0.0,0.0,0.0,0.0,-7.988709161581248,352.47647354898845,-50.8203312567814,751.3478446839724,0.0,0.0,0.0,0.0,0.0,235.59150728640267,-236.3903782025608,197.8502981893961,0.0,0.0,0.0,0.0,0.0,0.0,0.0,1000.0,19.172901987794994,19.172901987794994,0.0,0.0,0.0,0.0,0.0,0.0703006406225768,375.0474353880955,0.0,0.0,-894.2023414527695,172.762980166262,0.0,0.0,0.0,0.0,0.0,0.0,0.0,0.0,0.0,0.0,0.0,0.0,0.0,45.91437123728548,0.0,0.0,0.0,0.0,67.10515695728247,4.921044843533991,0.0,0.0,0.0,0.0,0.0,375.0474353880955,0.0,500.1352181793566,0.0,0.0,0.0,-7.988709161581248,0.0,0.0,0.0,0.0,0.0,0.0,0.0,0.0,0.0,0.0,0.0,0.0,0.0,0.0,0.0,0.0,0.0,0.0,-0.06390967329264999,0.0,0.0,3.195483664632499,267.587354219231,0.0,0.0,0.0,0.0,352.47647354898845,0.0,0.0,0.0,-361.21133543148176,1.5977418323162496,0.0,0.0,0.0,0.06390967329264999,0.0,63.90967329264998,-19.811998720721498,12.781934658529996,0.45649766637607125,178.30798848649349,-0.04793225496948749,26.209036544548827,1.2781934658529996,-0.3195483664632093,-178.30798848649349,19.172901987794994,-0.06390967329264999,0.0,54.84128672914791,0.015977418323162497,0.4564976663760713,0.0,-10.174419988189081,102.37408135982963,-93.24728382745423,-0.06390967329264999,0.015977418323162497,-178.30798848649349,232.75894435633487,0.06390967329264999,0.06390967329264999,-374.9132250741803,0.07030064062189467,0.0,-0.04793225496948749,19.172901987794994,0.06390967329264999,19.172901987794994,-31.954836646324992,-0.031954836646324994,-639.9290880642963,346.0215965464308,-0.04793225496948749,-0.06390967329264999,-19.811998720721498,0.06390967329264999,6.390967329264998,-1.2781934658529996,0.0,0.0,-6.39096732926501,93.24728382745423,0.0,12.781934658529996,0.09586450993897498,-1000.0,6.390967329264998,-97.67556213247323,54.84128672914791,-12.781934658529996,0.031954836646324994,0.6390967329264998,137.42974170183842,387.8293700466255,-0.06390967329264999,-389.42711187894156,374.9132250741803,19.811998720721498,0.06390967329264999,10.174419988189081,-248.21829824910185,54.84128672914791,-0.06390967329264999,-0.015977418323162497,-54.84128672914791,-0.06390967329264999,-192.9531888015866,0.06390967329264186,-0.015977418323162497,-0.015977418323162497,-0.015977418323162497,25.563869317059993,31.954836646324992,0.6390967329264998,47.349079200691506,-0.015977418323162497,274.85948340367685,3.195483664632499,34.68964475446342,0.06390967329264999,0.031954836646324994,0.031954836646324994,33.81161069383895,19.811998720721498,0.06390967329264999,-19.811998720721498,0.6390967329264998,0.06390967329264999,-47.349079200691506,0.06390967329264999,0.25563869317060883,0.3195483664632093,0.031954836646324994,0.015977418323162497,19.172901987794994,-0.06390967329264999,0.0,-51.187040679914816,-94.69815840138301,24.611294712232578,-6.390967329264998,12.781934658529996,3.195483664632499,-0.06390967329264999,0.0,0.09586450993897498,-0.06390967329264999,-67.6232213876779,19.811998720721498,-196.81634593428845,0.031954836646324994,-69.37928950892685,-0.06390967329264999,-0.06390967329264186,-0.06390967329264999,0.031954836646324994,178.30798848649349,-12.781934658529996,0.06390967329264999,274.85948340367685,-0.015977418323162497,-0.07030064062189467,-274.85948340367685,9.586450993897495,-346.0215965464308,299.5669279022672,178.30798848649349,-0.04793225496948749,389.42711187894156,-387.8293700466255,0.06390967329264999,-0.015977418323162497,3.195483664632499,63.909673292649984,-0.031954836646324994,-0.06390967329264999,0.015977418323162497,1000.0,0.0,768.5392108917817,0.0,-1000.0,0.0,3.1110092376814293,61.575918399893595,226.36797702706986,932.9454078567749,187.5397940274145,-738.8097609412055,-231.4288342715719,-466.47270392838743,500.0,-93.76989701370725,-226.36797702706986,-30.787959199946798,-375.0474353880955,-187.91373833082972,231.4288342715719,738.8097609412055,-187.91373833082972,-3.1110092376814293,122.46917007875913,0.0,1496.5981,bhi
444,0.0,0.0,0.0,0.0,0.0,0.0,0.0,0.0,-0.11388352059180194,0.0,0.0,0.0,0.0,0.0,0.0,0.0,563.2554880908419,765.1450418087157,0.0,-956.4474984228299,0.0,0.0,0.0,0.0,0.0,0.0,0.0,0.0,0.0,-896.4552174893622,0.0,0.0,677.5049329329335,0.0,0.0,0.0,0.0,-121.25157390712677,0.0,-1000.0,965.8349438224594,0.0,0.0,968.279651986383,0.0,0.0,167.3274389232393,0.0,-635.0799225878626,-738.4480139286537,0.0,0.0,0.0,0.12527187265089249,0.0,0.0,0.0,22.77670411836039,0.0,0.0,91.2774312873654,0.0,212.64288871508393,0.0,195.2478704992178,0.0,0.0,0.0,0.0,0.0,0.0,1.1388352059180196,0.0,0.0,0.0,0.0,0.0,0.0,0.0,0.0,0.0,0.0,0.0,0.0,68.33011235508117,0.0,0.0,0.0,-718.4576685950229,436.9153371900459,283.3901540955009,0.0,0.0,0.0,34.165056177540585,0.0,34.165056177540585,0.0,0.0,0.0,0.0,5.694176029590097,-896.4552174893622,0.0,0.0,-319.9782412619879,0.0,0.0,0.0,0.0,0.0,0.0,0.0,0.0,0.0,0.0,0.0,0.0,0.0,0.0,0.0,0.0,0.0,0.0,-322.58078170075106,0.0,0.0,34.165056177540585,0.0,35.3038913834586,22.62838344954586,0.0,513.4420165254903,-1000.0,486.5579834745096,-486.5579834745096,696.0796799975507,-859.3750000000003,859.3750000000003,-1000.0,0.0,0.0,0.0,0.0,0.0,8.769031085568745,0.11388352059180194,283.41862497564887,0.0,0.0,-1000.0,471.34387487796835,0.0,0.0,0.0,0.0,1000.0,0.0,0.0,0.0,0.0,0.0,-118.04902694485793,-118.04902694485793,0.0,0.0,0.0,0.0,0.0,0.0,0.0,-117.93514342426613,0.0,0.0,0.0,0.0,-669.3032626555695,0.0,0.0,0.0,0.0,0.0,0.0,0.0,0.0,0.0,0.0,0.0,0.0,0.0,0.0,-1000.0,0.0,0.0,0.0,0.0,0.0,738.4480139286537,0.0,281.54233140497706,-281.54233140497706,303.92032000244933,0.0,0.0,0.0,0.0,0.0,0.0,0.0,-489.89714235059586,0.0,0.0,0.0,0.0,0.0,0.0,0.0,0.0,0.0,0.0,0.0,0.0,0.0,0.0,600.36963170853,968.279651986383,0.0,0.0,0.0,0.0,-303.92032000244933,0.0,0.0,0.0,0.0,91.2774312873654,0.0,0.0,0.0,282.674089399645,0.0,0.0,0.0,0.0,0.0,3.667049363054961,0.0,0.0,0.0,1000.0,0.0,-353.53759118288554,0.0,-968.279651986383,0.0,0.0,303.92032000244933,-861.0621048780016,0.0,0.0,0.0,256.4396728132001,0.0,0.0,-872.8239110734053,0.0,127.17608892659494,-1000.0,127.17608892659494,0.0,-436.9153371900459,0.0,725.3197973787255,738.4480139286537,0.0,362.99178935021916,0.0,0.0,0.0,-278.4936182468369,0.0,278.4936182468369,0.0,115.07342111381615,0.0,0.0,-809.8753836125837,0.0,0.0,0.0,91.2774312873654,-0.1708252808877029,0.0,0.0,0.0,0.0,0.11388352059180194,0.0,0.0,0.0,962.1678944594045,563.2554880908419,0.0,-938.9601397941235,798.8790294171271,669.3032626555695,1000.0,0.0,0.0,0.0,-319.9782412619879,0.0,0.0,0.0,912.1844172716617,0.0,-912.1844172716617,0.0,-1000.0,0.0,0.0,0.0,0.0,0.0,0.0,0.0,0.0,0.0,0.0,0.0,0.0,0.0,0.0,0.0,0.0,282.674089399645,-1000.0,0.0,-879.2039601752406,0.0,0.0,0.0,0.0,0.0,880.379300087888,-12.436080448623706,0.0,0.0,0.0,0.0,0.0,0.0,0.0,0.0,-290.03978860635243,0.0,0.0,0.0,131.67518286690103,-294.82471446671644,0.0,-5.694176029590097,1000.0,287.19270059155735,-5.694176029590097,-187.39617123044218,0.0,-681.6142712628591,738.9055308389158,204.95171150483424,34.165056177540585,46.87500000000525,-46.87500000000525,0.0,670.6328701207826,0.0,0.0,0.0,0.0,0.0,0.0,626.5686670228449,0.0,0.0,-65.9088926560266,0.0,0.0,0.0,0.0,0.0,-121.36545742771857,0.0,0.0,0.0,0.0,0.0,0.0,0.0,37.548450408957706,0.22776704118367994,0.0,0.0,0.0,0.0,0.0,0.0,0.0,0.0,0.0,0.0,0.0,0.0,0.0,0.0,0.0,0.0,0.0,0.0,0.0,0.12527187265089249,0.12527187265089249,0.0,264.15604305656626,0.0,68.33011235508117,0.0,90.57580319902804,0.0,-59.935674083146566,0.0,295.1630233068323,0.0,0.0,0.0,1000.0,59.935674083146566,0.0,0.0,0.0,0.0,0.0,0.0,0.0,0.0,0.0,0.0,0.0,0.0,0.0,107.52692723358369,-962.1678944594045,528.6561251220317,0.0,8.769031085568745,0.0,0.0,0.0,0.0,0.0,1000.0,0.0,37.548450408957706,1000.0,0.0,0.0,0.0,0.0,0.0,0.0,0.0,0.0,0.0,0.0,0.0,0.0,0.0,0.0,0.0,0.0,68.33011235508117,303.92032000244933,303.92032000244933,0.0,0.0,0.0,0.0,0.0,0.0,0.0,0.0,0.0,0.0,1.1388352059180196,0.0,0.0,0.0,0.0,0.0,0.0,0.0,0.0,34.165056177540585,0.0,0.0,0.0,0.0,0.0,0.0,0.0,0.0,0.0,0.0,72.54380261697781,-537.527756139775,0.0,34.165056177540585,34.165056177540585,1000.0,59.935674083146566,0.0,0.0,0.0,0.0,0.0,0.0,0.0,-103.54478251063779,0.0,379.8871026122133,0.11388352059180194,0.0,0.0,59.88592421766126,0.0,0.0,0.0,0.0,0.0,0.0,0.0,0.0,0.0,0.0,0.0,0.0,0.0,0.0,0.0,0.0,0.0,0.0,0.11388352059180194,0.0,0.0,0.0,0.0,0.0,0.0,0.0,0.0,0.0,-361.57873933271287,469.93869870884856,0.0,0.0,0.0,-8.541264044385146,0.0,-5.694176029590097,0.0,0.0,0.0,0.0,0.0,0.0,0.0,0.0,0.0,0.0,0.0,303.92032000244933,669.3032626555695,0.0,0.0,-470.9683837284348,0.0,0.0,0.0,-0.11388352059180194,0.0,0.0,0.11388352059180194,0.0,0.11388352059180194,0.0,0.0,0.0,68.33011235508117,138.9378951219984,138.9378951219984,0.0,0.0,0.0,0.0,0.0,0.0,0.0,528.6561251220317,0.0,0.0,0.0,0.0,921.9897883946156,0.0,0.0,0.0,0.0,0.0,0.0,0.0,0.0,0.0,0.0,0.0,0.0,0.0,0.0,0.0,0.0,-175.68149350444037,175.68149350444037,0.1708252808877029,0.0,0.0,0.0,-34.165056177540585,0.0,0.0,0.0,0.0,0.0,-264.15604305656626,5.694176029590097,0.0,0.0,0.0,0.0,0.0,0.0,-5.694176029590097,0.0,0.0,0.0,0.0,0.0,0.0,0.0,303.92032000244933,0.0,0.0,-647.6216169948573,264.15604305656626,0.0,524.3382977233794,-319.9782412619879,120.79603982475942,349.14265888408914,0.0,-469.93869870884856,0.0,-1000.0,90.57580319902804,5.694176029590097,1000.0,0.0,205.20236863154528,0.0,-121.36545742771857,0.0,0.0,0.0,0.0,0.0,0.0,0.0,0.0,0.0,69.46894756099914,-86.55147564976943,138.9378951219984,0.0,0.0,0.0,0.0,0.0,0.0,0.0,0.0,0.0,3.667049363054961,0.0,0.0,203.2283595399522,-59.88592421766126,795.6281298814469,0.0,34.165056177540585,0.0,0.0,0.0,0.0,208.49073686778527,0.0,0.0,0.12527187265089249,0.0,0.0,0.0,69.46894756099918,0.0,0.0,0.0,0.0,600.36963170853,0.0,0.0,0.0,0.0,0.0,0.0,0.0,0.0,-1000.0,0.0,0.01138835205918052,0.01138835205918052,0.0,0.0,0.0,0.0,0.0,0.0,0.0,0.0,0.0,59.88592421766126,0.0,0.0,0.0,0.0,0.0,264.15604305656626,0.0,0.0,0.0,0.0,0.0,0.0,0.0,738.4480139286537,0.0,0.0,0.0,0.0,0.0,260.3033525497169,765.1450418087157,0.0,0.0,0.0,68.33011235508117,0.0,0.0,0.0,0.0,0.0,0.0,-68.33011235508117,0.0,0.0,0.0,0.0,0.0,0.0,0.0,0.0,0.0,0.0,0.0,0.0,-379.8871026122133,-1000.0,1000.0,0.0,-34.165056177540585,0.0,-121.25157390712677,0.0,0.0,0.0,0.0,0.0,0.0,0.0,0.0,0.0,0.0,0.0,0.0,0.0,0.0,0.0,0.0,90.57580319902804,-14.235440073975244,303.92032000244933,-8.541264044385146,1000.0,0.0,0.0,0.0,0.0,0.0,-1000.0,998.5764559926025,121.36545742771857,0.0,0.0,0.0,0.0,0.0,0.0,0.0,1000.0,34.165056177540585,34.165056177540585,0.0,0.0,0.0,0.0,0.0,0.12527187265089249,264.15604305656626,0.0,0.0,121.25157390712677,0.0,0.0,0.0,0.0,0.0,0.0,0.0,0.0,0.0,0.0,0.0,0.0,0.0,0.0,87.84074675222018,0.0,0.0,22.62838344954586,0.0,119.57769662139205,8.769031085568745,0.0,0.0,0.0,0.0,0.0,264.15604305656626,0.0,0.0,0.0,0.0,0.0,-14.235440073975244,0.0,0.0,0.0,0.0,0.0,0.0,0.0,0.0,0.0,0.0,0.0,0.0,0.0,0.0,0.0,0.0,0.0,0.0,-0.11388352059180194,0.0,0.0,5.694176029590097,-1000.0,0.0,0.0,0.0,0.0,303.92032000244933,0.0,0.0,0.0,-912.1844172716617,2.847088014795048,0.0,0.0,0.0,0.11388352059180194,0.0,113.88352059180194,-12.675507933912737,22.77670411836039,0.8134537185128711,362.99178935021916,-0.08541264044385145,5.694176029590097,2.277670411836039,-0.5694176029591489,-362.99178935021916,34.165056177540585,-0.11388352059180194,106.65941375399596,0.0,0.028470880147950486,0.8134537185128711,-319.9782412619879,-18.130256478213823,-2.277670411836039,-371.9530314767278,-0.11388352059180194,0.028470880147950486,-362.99178935021916,11.388352059180194,0.11388352059180194,0.11388352059180194,-263.91688766332356,0.12527187265098247,0.0,-0.08541264044385145,34.165056177540585,0.11388352059180194,34.165056177540585,-56.94176029590098,-0.05694176029590097,-360.04351747602425,292.41808442267734,-0.08541264044385145,-0.11388352059180194,-12.675507933912737,0.11388352059180194,11.388352059180193,-2.277670411836039,0.0,0.0,-11.388352059180194,371.9530314767278,0.0,22.77670411836039,0.1708252808877029,-1000.0,11.388352059180194,-107.52692723358369,0.0,-22.77670411836039,0.05694176029590097,1.1388352059180196,234.74003494853088,286.93274717492665,-0.11388352059180194,-289.77983518972167,263.91688766332356,35.3038913834586,0.11388352059180194,18.130256478213823,-136.66022471016197,0.0,-0.11388352059180194,-0.028470880147950486,0.0,-0.11388352059180194,37.548450408957706,0.11388352059158878,-0.028470880147950486,-0.028470880147950486,-0.028470880147950486,45.55340823672078,56.94176029590098,1.1388352059180196,84.37345331844918,-0.028470880147950486,362.8206561430658,5.694176029590097,-13.080049174888757,0.11388352059180194,0.05694176029590097,0.05694176029590097,11.388352059180194,12.675507933912737,0.11388352059180194,-12.675507933912737,1.1388352059180196,0.11388352059180194,-84.37345331844918,0.11388352059180194,0.4555340823673598,0.5694176029591489,0.05694176029590097,0.028470880147950486,34.165056177540585,-0.11388352059180194,0.0,1.1388352059180196,-168.74690663689836,2.8470880147950486,-11.388352059180193,22.77670411836039,5.694176029590097,-0.11388352059180194,319.9782412619879,0.1708252808877029,-0.11388352059180194,-22.77670411836039,12.675507933912737,75.22531849810431,0.05694176029590097,26.160098349777513,-0.11388352059180194,-0.11388352059158878,-0.11388352059180194,0.05694176029590097,362.99178935021916,-22.77670411836039,0.11388352059180194,469.48006989706175,-0.028470880147950486,-0.12527187265098247,-469.48006989706175,17.08252808877029,-292.41808442267734,289.81950809084736,362.99178935021916,-0.08541264044385145,289.77983518972167,-286.93274717492665,0.11388352059180194,-0.028470880147950482,5.694176029590097,113.88352059180194,-0.05694176029590097,-0.11388352059180194,0.028470880147950486,641.1371491450834,0.0,999.9430582397041,0.0,714.1839404280576,0.0,55.24688738486191,-1000.0,0.0,329.137347690145,-1000.0,-18.458876719708087,0.0,-164.5686738450725,-357.0919702140288,500.0,0.0,500.0,-264.15604305656626,-283.7160553658896,0.0,18.458876719708087,-283.7160553658896,-55.24688738486191,90.25938001792184,0.0,1496.5981,bhi
445,0.0,0.0,0.0,0.0,0.0,0.0,0.0,0.0,-0.07464657081626004,0.0,0.0,0.0,0.0,0.0,0.0,0.0,-581.5985109261862,0.0,0.0,347.13564451288073,0.0,0.0,0.0,870.1650719381112,0.0,0.0,0.0,0.0,0.0,755.0837741558533,0.0,0.0,0.0,0.0,0.0,0.0,0.0,138.66904269077372,0.0,-1000.0,463.16526786729025,0.0,-376.4311780693055,601.3424488956639,0.0,0.0,0.0,0.0,-151.25889019463636,0.0,0.0,0.0,0.0,0.08211122789795987,0.0,0.0,0.0,14.929314163252009,0.0,0.0,-6.573874669884689,0.0,0.0,-6.573874669884689,0.0,0.0,0.0,0.0,0.0,0.0,0.0,0.7464657081626005,0.0,0.0,0.0,0.0,0.0,0.0,0.0,0.0,0.0,0.0,0.0,0.0,44.78794248975603,0.0,0.0,136.611123416424,361.7834112910931,1000.0,-0.01866164270406501,0.0,0.0,0.0,22.393971244878013,0.0,536.8347321327097,-151.74214545972677,0.0,0.0,0.0,3.7323285408130022,755.0837741558533,0.0,0.0,-129.98120335701586,0.0,0.0,0.0,0.0,0.0,0.0,0.0,0.0,0.0,0.0,0.0,0.0,0.0,0.0,0.0,0.0,0.0,0.0,-359.4946054181204,0.0,0.0,536.8347321327097,0.0,23.140436953040613,10.85826673405596,0.0,-154.08024161144246,888.2206654855491,-734.1404238741067,734.1404238741067,0.0,0.0,0.0,0.0,0.0,0.0,0.0,0.0,0.0,5.74778595285202,0.07464657081626004,0.0,0.0,0.0,-674.1280997479071,258.70981271003404,0.0,0.0,0.0,0.0,933.5000999367863,0.0,0.0,0.0,0.0,0.0,404.5137089836611,404.5137089836611,0.0,0.0,0.0,0.0,-101.39068845900727,0.0,0.0,404.58835555447735,0.0,0.0,0.0,-717.2638931847225,-658.537044770245,0.0,0.0,0.0,0.0,0.0,0.0,0.0,0.0,0.0,0.0,0.0,0.0,0.0,0.0,-1000.0,0.0,0.0,0.0,0.0,0.0,0.0,376.4311780693055,-361.7834112910931,361.7834112910931,0.0,0.0,0.0,0.0,0.0,0.0,0.0,0.0,-501.20104438831913,0.0,0.0,0.0,0.0,0.0,0.0,0.0,0.0,0.0,0.0,0.0,0.0,0.0,0.0,-40.282323747791224,-398.6575511043361,0.0,0.0,0.0,0.0,0.0,0.0,0.0,0.0,0.0,-6.573874669884689,-1000.0,0.0,0.0,0.0,0.0,0.0,0.0,0.0,0.0,713.3995380574411,0.0,514.4407608878317,0.0,0.0,347.1356445128806,0.0,0.0,398.6575511043361,0.0,0.0,0.0,-250.32731962182697,0.0,0.0,0.0,-7.523130228765126,0.0,0.0,-679.5785733487091,0.0,0.0,-679.5785733487091,0.0,0.0,0.0,0.0,0.0,0.0,0.0,229.9804660454774,0.0,0.0,0.0,-1000.0,0.0,1000.0,0.0,404.4390624128448,0.0,0.0,0.0,0.0,0.0,0.0,-6.573874669884689,-0.11196985622439007,0.0,0.0,0.0,0.0,0.07464657081626004,0.0,0.0,0.0,-250.23427019015082,-581.5985109261862,0.0,-823.1710361277419,-124.39523078093325,658.537044770245,1000.0,0.0,965.5727854345847,0.0,-129.98120335701586,0.0,0.0,0.0,41.823927143188584,-858.6341080832105,-148.7626044945628,-1000.0,-1000.0,0.0,0.0,0.0,0.0,0.0,0.0,0.0,0.0,0.0,0.0,0.0,0.0,0.0,0.0,0.0,0.0,0.0,0.0,0.0,-1000.0,0.0,861.0323710259617,862.7380639368857,0.0,0.0,889.1375174967219,-719.1473240102931,0.0,0.0,0.0,0.0,0.0,523.4640090553959,430.8339932277404,0.0,-1.8661642704065011,335.1700990278147,50.94685651504574,-3.7323285408130022,0.0,0.0,-430.8339932277404,-3.7323285408130022,1000.0,0.0,0.0,0.0,0.0,-48.520271030569035,-951.3953690964937,0.0,536.8347321327097,0.0,0.0,0.0,0.0,0.0,0.0,0.0,0.0,0.0,0.0,382.4789529894217,0.0,0.0,0.0,0.0,0.0,0.0,0.0,0.0,-13.147749339769378,0.0,0.0,0.0,0.0,0.0,0.0,0.0,-992.535342918374,0.14929314163250362,0.0,0.0,0.0,0.0,0.0,0.0,0.0,0.0,0.0,0.0,0.0,0.0,0.0,0.0,0.0,0.0,0.0,0.0,0.0,0.08211122789795987,0.08211122789795987,0.0,651.4004455697105,0.0,44.78794248975603,0.0,0.0,0.0,1000.0,0.0,0.0,0.0,0.0,0.0,1000.0,-1000.0,0.0,0.0,0.0,0.0,0.0,0.0,0.0,0.0,0.0,0.0,0.0,0.0,0.0,119.83153513937346,250.23427019015082,415.41828703787303,0.0,5.74778595285202,0.0,0.0,0.0,0.0,0.0,1000.0,0.0,7.4646570816260045,0.0,0.0,0.0,0.0,0.0,0.0,0.0,0.0,0.0,0.0,0.0,0.0,0.0,0.0,0.0,0.0,0.0,44.78794248975603,0.0,0.0,0.0,0.0,0.0,0.0,0.0,0.0,0.0,0.0,0.0,0.0,0.7464657081626005,0.0,0.0,0.0,0.0,0.0,376.4311780693055,0.0,0.0,536.8347321327097,0.0,0.0,0.0,0.0,0.0,0.0,0.0,0.0,0.0,0.0,1000.0,-1000.0,0.0,22.393971244878013,22.393971244878013,1000.0,-1000.0,0.0,0.0,0.0,0.0,0.0,0.0,0.0,-755.0837741558533,0.0,-746.627561791885,0.07464657081626004,0.0,0.0,0.0,55.148393622478466,732.5729362043422,0.0,0.0,0.0,0.0,0.0,0.0,0.0,0.0,0.0,0.0,0.0,0.0,0.0,0.0,0.0,0.0,0.07464657081626004,0.0,0.0,0.0,0.0,0.0,0.0,0.0,0.0,861.0323710259617,-168.00130454125218,311.59204446784486,0.0,0.0,-1000.0,-5.598492811219503,0.0,-3.7323285408130054,0.0,0.0,0.0,0.0,0.0,0.0,0.0,0.0,0.0,0.0,0.0,0.0,658.537044770245,0.0,0.0,-44.78794248975603,0.0,0.0,0.0,-0.07464657081626004,0.0,0.0,0.07464657081626004,0.0,0.07464657081626004,0.0,0.0,0.0,44.78794248975603,91.06881639583725,91.06881639583725,0.0,0.0,0.0,0.0,0.0,0.0,0.0,415.41828703787303,0.0,0.0,0.0,0.0,48.250996890468656,0.0,0.0,0.0,0.0,0.0,0.0,0.0,0.0,0.0,0.0,0.0,0.0,0.0,0.0,0.0,0.0,-307.4036927723698,307.4036927723698,0.11196985622439007,0.0,0.0,0.0,-536.8347321327097,0.0,0.0,0.0,0.0,0.0,-651.4004455697105,3.7323285408130022,0.0,0.0,0.0,0.0,101.39068845900727,551.146019469041,-3.7323285408130054,0.0,0.0,0.0,0.0,0.0,0.0,0.0,0.0,0.0,0.0,-154.08024161144246,651.4004455697105,0.0,508.12977696371337,602.5917328473264,0.0,0.0,0.0,0.0,0.0,-341.3961360176642,0.0,3.7323285408130054,688.1621043974108,0.0,0.0,0.0,-13.147749339769378,0.0,0.0,453.1250000003873,-453.1250000003873,0.0,0.0,0.0,0.0,0.0,656.9989383809301,-668.1959240033691,91.06881639583725,0.0,0.0,0.0,0.0,0.0,0.0,0.0,0.0,0.0,713.3995380574411,0.0,0.0,0.0,-55.148393622478466,328.57571057120913,-376.4311780693055,22.393971244878013,0.0,0.0,0.0,0.0,184.48261861239513,0.0,0.0,0.08211122789795987,0.0,0.0,0.0,45.53440819791862,0.0,0.0,0.0,0.0,-40.282323747791224,0.0,0.0,0.0,0.0,0.0,0.0,0.0,0.0,0.0,0.0,180.0568316941976,0.0074646570816262175,0.0,0.0,0.0,0.0,0.0,0.0,0.0,0.0,0.0,0.0,0.0,0.0,0.0,0.0,0.0,651.4004455697105,0.0,0.0,0.0,0.0,0.0,0.0,0.0,0.0,0.0,0.0,0.0,0.0,-1000.0,409.11091053517714,0.0,0.0,0.0,0.0,44.78794248975603,0.0,0.0,0.0,0.0,0.0,0.0,-44.78794248975603,0.0,0.0,0.0,0.0,0.0,0.0,0.0,0.0,0.0,0.0,0.0,0.0,746.627561791885,-1000.0,99.38389789960678,0.0,-536.8347321327097,0.0,999.7014137167354,0.0,0.0,0.0,0.0,0.0,0.0,0.0,0.0,0.0,429.6875,0.0,-429.6875,-429.6875,0.0,0.0,0.0,0.0,-9.330821352032508,0.0,-5.598492811219503,710.8484280826179,0.0,0.0,0.0,0.0,0.0,-0.9330821352032507,0.0,13.147749339769378,0.0,0.0,0.0,0.0,0.0,0.0,0.0,1000.0,22.393971244878013,22.393971244878013,0.0,0.0,0.0,0.0,0.0,0.08211122789795987,651.4004455697105,0.0,0.0,-999.7014137167354,180.04936703711599,0.0,0.0,0.0,0.0,0.0,0.0,0.0,0.0,0.0,0.0,0.0,0.0,0.0,153.7018463861849,0.0,0.0,10.85826673405596,0.0,78.37889935707305,5.74778595285202,0.0,0.0,0.0,0.0,0.0,651.4004455697105,0.0,159.84989900811806,0.0,0.0,0.0,-9.330821352032508,0.0,0.0,0.0,0.0,0.0,0.0,0.0,0.0,0.0,0.0,0.0,0.0,0.0,0.0,0.0,0.0,0.0,0.0,-0.07464657081626004,0.0,0.0,3.7323285408130022,-1000.0,0.0,0.0,0.0,0.0,0.0,0.0,0.0,0.0,-41.823927143188584,1.8661642704065011,0.0,0.0,0.0,0.07464657081626004,0.0,74.64657081626004,-12.282170218984659,14.929314163252009,0.5331897915447146,229.9804660454774,-0.055984928112195034,3.7323285408130022,1.492931416325201,-0.3732328540809249,-229.9804660454774,22.393971244878013,-0.07464657081626004,43.32706778567195,0.0,0.01866164270406501,0.5331897915447146,-129.98120335701586,-11.88373407394713,-1.492931416325201,234.4628664133055,-0.07464657081626004,0.01866164270406501,-229.9804660454774,331.7619576516146,0.07464657081626004,0.07464657081626004,-651.2436877709963,0.08211122789787285,0.0,-0.055984928112195034,22.393971244878013,0.07464657081626004,536.8347321327097,477.11747547970174,-0.03732328540813002,-673.5376932227546,-7.539303652442265,-0.055984928112195034,-0.07464657081626004,-12.282170218984659,0.07464657081626004,7.4646570816260045,-1.492931416325201,0.0,0.0,-7.464657081626004,-234.4628664133055,0.0,14.929314163252009,0.11196985622439007,-0.03732328540813002,7.4646570816260045,-119.83153513937346,0.0,-14.929314163252009,0.03732328540813002,0.7464657081626005,205.79275903193547,666.3297597329625,-0.07464657081626004,-668.1959240033691,651.2436877709963,23.140436953040613,0.07464657081626011,11.88373407394713,-928.3139464373326,0.0,-0.07464657081626004,-0.01866164270406501,0.0,-0.07464657081626004,-992.535342918374,0.07464657081626004,-0.01866164270406501,-0.01866164270406501,-0.01866164270406501,29.858628326504018,-477.11747547970174,0.7464657081626005,264.44853776228945,-0.01866164270406501,368.258450278199,3.7323285408130022,500.0,0.07464657081626004,0.03732328540813002,0.03732328540813002,7.4646570816260045,12.282170218984659,0.07464657081626004,-12.282170218984659,0.7464657081626005,0.07464657081626004,-682.7380569798788,0.07464657081626004,0.2985862832646262,0.3732328540809249,0.03732328540813002,0.01866164270406501,22.393971244878013,-0.07464657081626004,0.0,0.7464657081626005,-528.8970755245789,1.8661642704065011,-7.4646570816260045,14.929314163252009,3.7323285408130022,-0.07464657081626004,129.98120335701586,0.11196985622439007,-0.07464657081626004,-14.929314163252009,12.282170218984659,105.66464368791401,0.03732328540813002,-1000.0,-0.07464657081626004,-0.07464657081626004,-0.07464657081626004,0.03732328540813002,229.9804660454774,-14.929314163252009,0.07464657081626004,411.58551806387095,-0.01866164270406501,-0.08211122789787285,-411.58551806387095,11.196985622439005,7.539303652442265,-482.8947301667039,229.9804660454774,-0.055984928112195034,668.1959240033691,-666.3297597329625,0.07464657081626004,-0.018661642704065014,3.7323285408130054,74.64657081626004,-0.03732328540813002,-0.07464657081626011,0.01866164270406501,1000.0,0.0,-1000.0,418.2895192175894,184.8032255592367,0.0,297.02415736384614,600.9420436322869,324.2973005699886,1000.0,-1000.0,-107.64080408909234,-1000.0,-500.0,-92.40161277961835,500.0,-324.2973005699886,-300.47102181614343,-651.4004455697105,-290.14726230030914,1000.0,107.64080408909234,-290.14726230030914,-297.02415736384614,608.9367233597764,0.0,1496.5981,bhi
446,0.0,0.0,0.0,0.0,0.0,0.0,0.0,0.0,-0.12810089330641683,0.0,0.0,0.0,0.0,0.0,0.0,0.0,311.49021013032905,-476.12986641390006,0.0,597.2656596862488,0.0,0.0,0.0,0.0,0.0,0.0,0.0,0.0,0.0,-825.3060792797205,0.0,0.0,545.0208526561698,0.0,0.0,0.0,0.0,999.4875964267746,0.0,-1000.0,-329.54018157759765,0.0,-670.1170914787541,798.2540094161878,0.0,0.0,0.0,0.0,-954.5552317455505,0.0,0.0,0.0,0.0,0.14091098263702406,0.0,0.0,0.0,25.620178661283365,0.0,0.0,21.123440084742086,0.0,0.0,-76.09113618103576,0.0,0.0,0.0,0.0,0.0,681.6649836407175,0.0,1.2810089330641683,0.0,0.0,0.0,0.0,0.0,0.0,0.0,0.0,0.0,0.0,0.0,0.0,76.8605359838501,0.0,0.0,1000.0,798.5146228975316,-791.7525045672228,-0.03202522332660421,0.0,0.0,0.0,38.43026799192505,0.0,526.6530217026952,-955.682971301841,0.0,0.0,0.0,6.405044665320841,-1000.0,0.0,0.0,-452.14811760175826,0.0,0.0,0.0,0.0,0.0,0.0,0.0,0.0,0.0,0.0,0.0,0.0,0.0,0.0,0.0,0.0,0.0,0.0,-273.60574384132065,0.0,0.0,526.6530217026952,0.0,39.71127692498922,0.0,0.0,-107.60638716796939,107.60638716796939,0.0,0.0,-534.5714569391869,-234.37500000000023,234.37500000000023,437.356880673409,0.0,0.0,0.0,0.0,0.0,9.863768784594072,0.12810089330641683,0.0,0.0,0.0,0.0,-25.620178661283365,0.0,0.0,0.0,0.0,999.9159765117903,0.0,0.0,0.0,0.0,0.0,189.52015911138395,189.52015911138395,0.0,0.0,0.0,0.0,325.24508349627547,0.0,0.0,189.64826000469037,0.0,0.0,0.0,0.0,0.0,0.0,0.0,0.0,0.0,0.0,0.0,0.0,0.0,0.0,-98.644220327921,0.0,0.0,0.0,0.0,-1000.0,0.0,0.0,0.0,0.0,0.0,0.0,670.1170914787541,-6.762118330308795,6.762118330308795,97.21457626577785,0.0,0.0,0.0,0.0,0.0,0.0,174.6939207202795,-16.012611663302103,0.0,0.0,0.0,0.0,0.0,0.0,0.0,0.0,0.0,0.0,0.0,0.0,0.0,0.0,192.997817816632,798.2540094161878,0.0,0.0,0.0,0.0,-97.21457626577785,0.0,0.0,0.0,0.0,21.123440084742086,0.0,0.0,0.0,0.0,0.0,0.0,0.0,0.0,0.0,0.0,0.0,488.2227537107702,0.0,-1000.0,-864.8403502509137,708.7997414028948,0.0,-798.2540094161878,0.0,0.0,97.21457626577785,156.2830898338285,0.0,0.0,0.0,-132.66225414579696,0.0,0.0,0.0,0.0,1000.0,-1000.0,1000.0,0.0,791.7525045672228,0.0,68.92890668759026,0.0,0.0,357.40149232490296,0.0,0.0,0.0,-169.56481763945123,0.0,169.56481763945123,0.0,248.39566386833764,0.0,0.0,0.0,0.0,0.0,0.0,21.123440084742086,-0.19215133995962524,0.0,0.0,0.0,0.0,0.12810089330641683,0.0,0.0,0.0,473.34697829730476,311.49021013032905,0.0,-301.43207840117213,636.9467086062792,0.0,97.98897800458388,0.0,-579.325979880697,0.0,-452.14811760175826,0.0,0.0,0.0,641.7829128649952,-62.45693298429819,0.0,76.13962734179563,829.2518313886293,0.0,0.0,0.0,0.0,0.0,0.0,0.0,0.0,0.0,0.0,0.0,0.0,0.0,0.0,0.0,0.0,0.0,0.0,0.0,-1000.0,0.0,0.0,951.5581225373776,0.0,0.0,0.0,-9.863768784594072,0.0,0.0,0.0,0.0,0.0,0.0,0.0,735.3931306033436,114.0744453259219,62.45693298429819,120.76267378254306,0.0,0.0,-825.300252615768,0.0,-741.7981752686644,0.0,-117.27696765858232,-6.405044665320841,-1000.0,0.0,922.0619641777479,1000.0,-343.3977929974775,526.6530217026952,0.0,0.0,0.0,0.0,0.0,0.0,0.0,0.0,0.0,0.0,128.17050166767996,0.0,0.0,-59.00360565026011,0.0,0.0,174.6939207202795,0.0,0.0,-54.96769609629368,0.0,0.0,99.12386212051382,0.0,0.0,0.0,0.0,-359.2753825473466,0.2562017866125075,0.0,0.0,0.0,0.0,0.0,0.0,0.0,0.0,0.0,681.6649836407175,0.0,0.0,0.0,0.0,0.0,0.0,0.0,0.0,0.0,0.14091098263702406,0.14091098263702406,0.0,307.50770726736897,0.0,76.8605359838501,0.0,0.0,0.0,1000.0,0.0,0.0,0.0,0.0,0.0,1000.0,-1000.0,0.0,0.0,142.91564576878488,0.0,0.0,99.12386212051382,0.0,0.0,0.0,0.0,0.0,0.0,0.0,91.20191461377355,-473.34697829730476,25.620178661283365,0.0,9.863768784594072,0.0,0.0,0.0,0.0,0.0,1000.0,0.0,-263.26873830422124,903.9933557568745,0.0,0.0,0.0,0.0,0.0,0.0,0.0,0.0,0.0,0.0,0.0,0.0,0.0,0.0,0.0,0.0,76.8605359838501,97.21457626577785,97.21457626577785,0.0,0.0,0.0,0.0,0.0,0.0,0.0,0.0,0.0,0.0,1.2810089330641683,0.0,0.0,0.0,0.0,0.0,670.1170914787541,0.0,0.0,526.6530217026952,-142.91564576878488,0.0,0.0,0.0,0.0,0.0,0.0,0.0,0.0,0.0,886.4689117536091,-362.2759372030764,0.0,38.43026799192505,38.43026799192505,1000.0,-1000.0,0.0,99.12386212051382,0.0,0.0,0.0,0.0,0.0,1000.0,174.6939207202795,959.5695945918477,0.12810089330641683,0.0,0.0,0.0,169.17552973873865,0.0,0.0,0.0,0.0,0.0,0.0,0.0,0.0,0.0,0.0,0.0,0.0,0.0,0.0,0.0,0.0,0.0,0.12810089330641683,0.0,0.0,0.0,0.0,0.0,0.0,0.0,0.0,0.0,0.0,941.6943537527835,0.0,0.0,-1000.0,-9.607566997981262,-6.405044665320841,0.0,0.0,359.375,359.375,-359.375,0.0,0.0,0.0,0.0,0.0,0.0,0.0,97.21457626577785,0.0,0.0,0.0,585.0692158455912,0.0,0.0,0.0,-0.12810089330641683,0.0,0.0,0.12810089330641683,0.0,0.12810089330641683,0.0,0.0,0.0,76.8605359838501,156.2830898338285,156.2830898338285,0.0,0.0,0.0,0.0,0.0,0.0,0.0,25.620178661283365,0.0,174.6939207202795,0.0,0.0,259.93949436048246,392.8729054181953,0.0,0.0,0.0,0.0,0.0,0.0,0.0,0.0,0.0,0.0,0.0,0.0,0.0,0.0,0.0,0.0,0.0,0.19215133995962524,0.0,0.0,0.0,-526.6530217026952,0.0,0.0,0.0,0.0,0.0,-307.50770726736897,6.405044665320841,0.0,0.0,0.0,0.0,-325.24508349627547,-362.040290623482,0.0,0.0,0.0,0.0,0.0,0.0,0.0,0.0,97.21457626577785,0.0,142.91564576878488,1000.0,307.50770726736897,0.0,1000.0,-452.14811760175826,0.0,-371.9040594080761,0.0,371.9040594080761,0.0,0.0,0.0,6.405044665320841,502.1230680752774,0.0,0.0,0.0,-54.96769609629368,0.0,0.0,0.0,0.0,0.0,0.0,0.0,0.0,0.0,415.75949459327126,-336.33040826131264,156.2830898338285,0.0,0.0,0.0,0.0,0.0,0.0,0.0,0.0,0.0,0.0,0.0,0.0,0.0,-850.8405133794562,-1000.0,-670.1170914787541,38.43026799192505,0.0,0.0,0.0,0.0,-107.73341850192116,0.0,0.0,0.14091098263702406,0.0,0.0,0.0,78.14154491691427,0.0,0.0,0.0,0.0,192.997817816632,0.0,0.0,0.0,0.0,0.0,0.0,0.0,0.0,387.07497423114546,0.0,0.012810089330641539,0.012810089330641539,0.0,0.0,0.0,0.0,0.0,0.0,0.0,0.0,0.0,0.0,0.0,0.0,0.0,0.0,0.0,307.50770726736897,0.0,0.0,0.0,0.0,0.0,0.0,0.0,0.0,0.0,0.0,0.0,0.0,4.736846367700754,1000.0,-476.12986641390006,0.0,0.0,0.0,76.8605359838501,0.0,0.0,0.0,0.0,0.0,0.0,-76.8605359838501,0.0,0.0,0.0,0.0,0.0,0.0,0.0,0.0,0.0,0.0,0.0,0.0,869.6822367967817,76.13962734179563,740.5615116935733,0.0,-526.6530217026952,0.0,999.4875964267746,0.0,0.0,0.0,0.0,0.0,0.0,0.0,0.0,0.0,0.0,0.0,0.0,0.0,0.0,0.0,0.0,0.0,-16.012611663302103,97.21457626577785,-9.607566997981262,979.5352410420091,0.0,0.0,0.0,0.0,0.0,-1.6012611663302108,0.0,54.96769609629368,0.0,0.0,0.0,0.0,0.0,0.0,0.0,1000.0,38.43026799192505,38.43026799192505,0.0,0.0,0.0,0.0,0.0,0.14091098263702406,307.50770726736897,0.0,0.0,-999.4875964267746,0.0,0.0,0.0,0.0,0.0,0.0,0.0,0.0,0.0,0.0,0.0,0.0,0.0,0.0,0.0,0.0,0.0,0.0,0.0,134.50593797173767,9.863768784594072,0.0,0.0,0.0,0.0,0.0,307.50770726736897,0.0,351.5103971936978,0.0,0.0,0.0,-16.012611663302103,0.0,0.0,0.0,0.0,0.0,0.0,0.0,0.0,0.0,0.0,0.0,0.0,0.0,0.0,0.0,0.0,0.0,0.0,-0.12810089330641683,0.0,0.0,6.405044665320841,-1000.0,0.0,0.0,0.0,0.0,97.21457626577785,0.0,0.0,0.0,-641.7829128649952,3.2025223326604206,0.0,0.0,0.0,0.12810089330641683,0.0,128.10089330641682,-39.71127692498922,25.620178661283365,0.9150063807601201,357.40149232490296,-0.09607566997981262,6.405044665320798,2.5620178661283366,-0.6405044665317519,-357.40149232490296,38.43026799192505,-0.12810089330641683,150.7160392005861,99.12386212051382,0.03202522332660421,0.9150063807601202,-452.14811760175826,-20.393662214378253,-2.5620178661283366,-432.6260034026778,-0.12810089330641683,0.03202522332660421,-357.40149232490296,469.9901257726853,0.12810089330641683,0.12810089330641683,-307.23869539142555,0.14091098263705837,0.0,-0.09607566997981262,38.43026799192505,0.12810089330641683,526.6530217026952,424.17230705756174,-0.06405044665320841,-95.61974130827377,84.27638604182975,-0.09607566997981262,-0.12810089330641683,-39.71127692498922,0.12810089330641683,12.810089330641683,-2.5620178661283366,0.0,0.0,-12.810089330641688,432.6260034026778,0.0,25.620178661283365,0.19215133995962524,35.594989284440736,12.810089330641683,-91.20191461377355,99.12386212051382,-25.620178661283365,0.06405044665320841,1.2810089330641683,75.35801960029305,333.12788592865235,-0.12810089330641683,-336.33040826131264,307.23869539142555,39.71127692498922,0.12810089330641683,20.393662214378253,-1000.0,99.12386212051382,-0.12810089330641683,-0.03202522332660421,-99.12386212051382,-0.12810089330641683,-359.2753825473466,0.12810089330637003,-0.03202522332660421,-0.03202522332660421,-0.03202522332660421,51.24035732256673,-424.17230705756174,1.2810089330641683,354.6795264399609,-0.03202522332660421,0.0,6.405044665320841,186.04273593899416,0.12810089330641683,0.06405044665320841,0.06405044665320841,62.37202039089859,39.71127692498922,0.12810089330641683,-39.71127692498922,1.2810089330641683,0.12810089330641683,-874.2250806631075,0.12810089330641683,0.5124035732252992,0.6405044665317519,0.06405044665320841,0.03202522332660421,38.43026799192505,-0.12810089330641683,0.0,1.2810089330641683,-709.3590528799218,3.2025223326604646,-12.810089330641683,25.620178661283365,6.405044665320841,-0.12810089330641683,452.14811760175826,0.19215133995962524,-0.12810089330641683,-124.74404078179718,39.71127692498922,466.2509338870809,0.06405044665320841,-372.0854718779883,-0.12810089330641683,-0.12810089330637003,-0.12810089330641683,0.06405044665320841,357.40149232490296,-25.620178661283365,0.12810089330641683,150.7160392005861,-0.03202522332660421,-0.14091098263705837,-150.7160392005861,19.21513399596252,-84.27638604182975,-946.6207890795112,357.40149232490296,-0.09607566997981262,336.33040826131264,-333.12788592865235,0.12810089330641683,-0.03202522332660421,6.405044665320841,128.10089330641682,-0.06405044665320841,-0.12810089330641683,0.03202522332660421,862.1515295886545,0.0,-35.65903973109394,519.5455542231466,-36.95723162416513,0.0,755.7618248608012,-1000.0,457.1800364420436,465.47551350681096,298.3574372727949,-1000.0,0.0,-232.73775675340548,18.478615812082566,-149.17871863639746,-457.1800364420436,500.0,-307.50770726736897,-358.51751538515975,0.0,1000.0,-358.51751538515975,-755.7618248608012,871.4758677650798,0.0,1496.5981,bhi
447,0.0,0.0,0.0,0.0,0.0,0.0,0.0,0.0,335.8337497928869,0.0,0.0,0.0,0.0,0.0,0.0,0.0,-1000.0,-140.35963957268262,0.0,863.4183305621552,0.0,0.0,0.0,482.8529512695498,0.0,0.0,0.0,0.0,0.0,959.294704159721,0.0,0.0,772.0446089613562,0.0,0.0,0.0,0.0,62.47541808025642,0.0,-1000.0,469.0708319130961,0.0,-699.7209126858802,141.64863510120358,0.0,0.0,64.37956684961478,0.0,-402.1088753689284,-205.8376206140393,0.0,0.0,0.0,0.09507337985691677,0.0,0.0,0.0,0.0,0.0,0.0,-7.6116324115780785,0.0,1000.0,992.3883675884219,207.9547844069862,0.0,0.0,0.0,258.86805856032237,-258.86805856032237,0.0,0.8643034532450264,0.0,0.0,0.0,0.0,0.0,0.0,0.0,0.0,0.0,0.0,0.0,0.0,51.858207194701585,0.0,0.0,216.04156205081063,838.0605845708321,1000.0,296.0985189116426,0.0,0.0,149.44845290204,25.929103597350792,0.0,530.9291680869039,-77.61225255808807,0.0,0.0,0.0,4.321517266225132,770.8785601515909,0.0,0.0,-339.6925782022642,0.0,192.5037783007725,0.0,0.0,0.0,0.0,0.0,0.0,0.0,0.0,0.0,0.0,0.0,0.0,0.0,0.0,0.0,0.0,-120.08272252088443,0.0,0.0,530.9291680869039,0.0,26.793407050595818,0.0,0.0,1000.0,-1000.0,0.0,0.0,0.0,0.0,0.0,0.0,0.0,0.0,0.0,0.0,0.0,6.65513658998673,0.08643034532450264,296.12012649797373,0.0,0.0,0.0,0.0,0.0,0.0,0.0,0.0,1000.0,0.0,0.0,0.0,0.0,0.0,670.0516005999774,670.0516005999774,0.0,0.0,0.0,0.0,0.0,0.0,0.0,670.1380309453019,0.0,0.0,0.0,0.0,0.0,0.0,0.0,0.0,0.0,0.0,0.0,0.0,0.0,0.0,0.0,0.0,0.0,0.0,0.0,-1000.0,0.0,0.0,0.0,0.0,0.0,205.8376206140393,699.7209126858802,-909.1260043075905,909.1260043075905,0.0,0.0,0.0,0.0,0.0,0.0,0.0,188.41614400813017,-679.4453253361885,0.0,0.0,0.0,0.0,0.0,0.0,0.0,0.0,0.0,0.0,0.0,0.0,0.0,0.0,-376.4113793562683,-256.90674147667323,0.0,0.0,0.0,0.0,0.0,0.0,0.0,0.0,0.0,-7.6116324115780785,-398.5553765778768,0.0,0.0,0.0,0.0,0.0,0.0,0.0,0.0,779.8007095657737,17.286069064900527,505.00006448955315,0.0,-47.465676192542446,1000.0,-395.47240493982804,0.0,256.90674147667323,0.0,0.0,0.0,0.0,0.0,0.0,0.0,0.0,0.0,0.0,-1000.0,0.0,48.087245965895164,-999.2544878723156,-0.7455121276844565,48.83275809357962,-71.06541973675837,0.0,0.0,205.8376206140393,0.0,241.14066345536236,0.0,0.0,0.0,-1000.0,0.0,1000.0,0.0,734.3447371042677,0.0,0.0,0.0,0.0,0.0,0.0,-7.6116324115780785,-0.12964551798675394,0.0,0.0,0.0,0.0,0.08643034532450264,0.0,0.0,0.0,-310.7298776526776,-1000.0,0.0,-480.3308900835377,-363.607522443487,0.0,1000.0,0.0,0.0,0.0,-339.6925782022642,0.0,0.0,0.0,278.1685522997528,-517.5063604461316,239.33780814637873,-1000.0,-1000.0,0.0,0.0,0.0,0.0,0.0,0.0,0.0,0.0,0.0,0.0,0.0,0.0,0.0,0.0,0.0,0.0,0.0,-937.1788605384455,0.0,-1000.0,0.0,0.0,854.6299050044122,0.0,514.9394798455023,0.0,-786.4558461557604,0.0,0.0,0.0,0.0,0.0,1000.0,0.0,-328.85898313056634,0.0,-741.3616981141909,10.136800259733036,0.0,-641.3264731580139,0.0,0.0,324.5374658643412,557.8015972402177,-2.160758633112566,-4.321517266225132,221.22117903479108,0.0,0.0,0.0,132.23641954720347,530.9291680869039,0.0,0.0,0.0,0.0,0.0,335.92018013821144,0.0,0.0,0.0,0.0,322.4065091373637,0.0,0.0,0.0,0.0,0.0,188.41614400813017,0.0,0.0,-15.223264823156157,0.0,0.0,0.0,0.0,0.0,0.0,0.0,-907.3405474431722,0.1728606906490323,0.0,0.0,0.0,0.0,0.0,0.0,0.0,0.0,0.0,0.0,0.0,0.0,0.0,0.0,0.0,0.0,0.0,0.0,0.0,0.09507337985691677,0.09507337985691677,0.0,621.514932654835,0.0,51.858207194701585,0.0,0.0,0.0,1000.0,0.0,0.0,0.0,0.0,0.0,910.354684815966,-1000.0,0.0,0.0,168.58635644049275,0.0,0.0,0.0,0.0,0.0,0.0,0.0,0.0,0.0,0.0,40.027574173628146,310.7298776526776,0.0,0.0,6.65513658998673,0.0,149.44845290204,0.0,0.0,0.0,910.354684815966,0.0,3.0141373727938117,0.0,0.0,0.0,0.0,0.0,0.0,0.0,0.0,0.0,0.0,0.0,0.0,0.0,0.0,0.0,0.0,0.0,51.858207194701585,0.0,0.0,0.0,0.0,0.0,0.0,0.0,0.0,0.0,0.0,0.0,0.0,0.8643034532450264,0.0,0.0,0.0,0.0,0.0,699.7209126858802,0.0,0.0,530.9291680869039,-168.58635644049275,0.0,0.0,0.0,0.0,0.0,0.0,0.0,0.0,0.0,1000.0,-1000.0,0.0,25.929103597350792,25.929103597350792,1000.0,-1000.0,0.0,0.0,0.0,0.0,0.0,0.0,0.0,-364.71155116213606,188.41614400813017,-346.2096952396707,0.08643034532450264,0.0,0.0,0.0,114.14361819319494,1000.0,0.0,-149.44845290204,0.0,0.0,0.0,0.0,0.0,0.0,0.0,0.0,0.0,0.0,0.0,0.0,0.0,0.0,0.08643034532450264,0.0,0.0,0.0,0.0,0.0,0.0,0.0,0.0,0.0,0.0,68.17405884865184,0.0,0.0,-62.821139461554516,-6.482275899337698,-2.0060030393502837,-2.315514226874848,0.0,0.0,0.0,0.0,0.0,0.0,0.0,0.0,0.0,0.0,0.0,0.0,0.0,0.0,0.0,136.5579368134286,0.0,0.0,0.0,335.8337497928869,0.0,0.0,0.08643034532450264,0.0,0.08643034532450264,0.0,0.0,0.0,51.858207194701585,105.44502129589321,105.44502129589321,0.0,0.0,0.0,0.0,0.0,0.0,0.0,0.0,0.0,188.41614400813017,0.0,0.0,285.6102050321924,0.0,0.0,0.0,0.0,0.0,0.0,0.0,0.0,0.0,0.0,0.0,0.0,0.0,0.0,0.0,0.0,0.0,0.0,0.12964551798675394,0.0,0.0,0.0,-530.9291680869039,0.0,0.0,0.0,0.0,0.0,-621.514932654835,4.321517266225132,0.0,0.0,0.0,0.0,0.0,0.0,-2.315514226874848,0.0,0.0,0.0,0.0,0.0,0.0,0.0,0.0,0.0,168.58635644049275,461.70522414982963,621.514932654835,0.0,331.3584678293743,660.3074217977357,0.0,-786.4558461557604,0.0,786.4558461557604,0.0,-105.44502129589321,0.0,4.321517266225132,1000.0,0.0,0.0,0.0,-15.223264823156157,0.0,0.0,-203.1250000002205,203.1250000002205,0.0,0.0,0.0,0.0,0.0,0.0,-12.964551798675416,105.44502129589321,0.0,0.0,0.0,0.0,0.0,0.0,0.0,0.0,0.0,779.8007095657737,0.0,0.0,627.9972085541726,-114.14361819319494,0.0,-699.7209126858802,25.929103597350792,0.0,0.0,0.0,0.0,-62.18002202847944,0.0,0.0,0.09507337985691677,0.0,0.0,0.0,52.722510647946606,0.0,0.0,0.0,0.0,-376.4113793562683,0.0,0.0,0.0,0.0,0.0,0.0,0.0,0.0,-538.2947758501704,0.0,0.008643034532450264,0.008643034532450264,0.0,0.0,0.0,0.0,0.0,0.0,0.0,0.0,0.0,0.0,0.0,0.0,0.0,0.0,0.0,621.514932654835,0.0,0.0,0.0,0.0,0.0,0.0,0.0,205.8376206140393,0.0,0.0,0.0,0.0,-838.9696321208926,0.0,-140.35963957268262,0.0,0.0,0.0,51.858207194701585,0.0,0.0,0.0,0.0,0.0,0.0,-51.858207194701585,0.0,0.0,0.0,0.0,0.0,0.0,0.0,0.0,0.0,0.0,0.0,0.0,346.2096952396707,-593.8329910105451,344.81499157947667,0.0,-530.9291680869039,0.0,62.47541808025642,0.0,0.0,0.0,0.0,0.0,0.0,0.0,0.0,0.0,0.0,0.0,0.0,0.0,0.0,0.0,0.0,0.0,-10.80379316556283,0.0,-6.482275899337698,292.0924809315301,0.0,0.0,0.0,0.0,0.0,0.0,-1.080379316556283,15.223264823156157,0.0,0.0,0.0,0.0,0.0,0.0,0.0,1000.0,25.929103597350792,25.929103597350792,0.0,0.0,0.0,0.0,0.0,0.09507337985691677,621.514932654835,0.0,0.0,-62.47541808025642,0.0,0.0,0.0,0.0,0.0,0.0,0.0,0.0,0.0,0.0,0.0,0.0,0.0,0.0,0.0,0.0,0.0,0.0,0.0,90.75186259072777,0.0,0.0,6.65513658998673,0.0,0.0,0.0,621.514932654835,0.0,775.0116494069738,0.0,0.0,0.0,-10.80379316556283,0.0,0.0,0.0,0.0,0.0,0.0,0.0,0.0,0.0,0.0,0.0,0.0,0.0,0.0,0.0,0.0,0.0,0.0,-0.08643034532450264,0.0,0.0,4.321517266225132,-910.354684815966,0.0,0.0,0.0,0.0,0.0,0.0,0.0,0.0,-278.1685522997528,2.160758633112566,0.0,0.0,0.0,0.08643034532450264,0.0,86.43034532450262,-26.793407050595818,17.286069064900527,0.6173596094607331,241.14066345536236,-0.06482275899337697,4.3215172662251575,1.7286069064900529,-0.4321517266225996,-241.14066345536236,25.929103597350792,-0.08643034532450264,113.23085940075474,0.0,0.02160758633112566,0.6173596094607331,-339.6925782022642,-13.759710975661392,-1.7286069064900529,276.9413090105274,-0.08643034532450264,0.02160758633112566,-241.14066345536236,399.926555653494,0.08643034532450264,0.08643034532450264,-621.3334289296536,0.0950733798569529,0.0,-0.06482275899337697,25.929103597350792,0.08643034532450264,530.9291680869039,461.78489182730186,-0.04321517266225132,-320.6148435954716,-8.729464877774767,-0.06482275899337697,-0.08643034532450267,-26.793407050595818,0.08643034532450264,8.643034532450264,-1.7286069064900529,0.0,0.0,-8.643034532450315,-276.9413090105274,0.0,17.286069064900527,0.12964551798675394,0.0,8.643034532450264,-40.027574173628146,0.0,-17.286069064900527,0.04321517266225132,0.8643034532450264,120.08272252088443,638.8010017197355,-0.08643034532450264,-640.961760352848,621.3334289296536,26.793407050595818,0.08643034532450264,13.759710975661392,-1000.0,0.0,-0.08643034532450264,-0.02160758633112566,0.0,-0.08643034532450264,-907.3405474431722,0.0864303453245808,-0.02160758633112566,-0.02160758633112566,-0.02160758633112566,34.572138129801054,-461.78489182730186,0.8643034532450264,87.70209742956979,-0.02160758633112566,126.93458564101412,4.321517266225132,457.99179098781127,0.08643034532450264,0.04321517266225132,0.04321517266225132,8.643034532450264,26.793407050595818,0.08643034532450264,-26.793407050595818,0.8643034532450264,0.08643034532450264,-135.03812810412546,0.08643034532450264,0.34572138129809815,0.4321517266225996,0.04321517266225132,0.02160758633112566,25.929103597350792,-0.08643034532450264,0.0,0.8643034532450264,-175.40419485913958,2.1607586331125406,-8.643034532450264,17.286069064900527,4.321517266225132,-0.08643034532450264,339.6925782022642,0.12964551798675394,-0.08643034532450264,-17.286069064900527,26.793407050595818,365.40409348564015,0.04321517266225132,-915.9835819756225,-0.08643034532450264,-0.0864303453245808,-0.08643034532450264,0.04321517266225133,241.14066345536236,-17.286069064900527,0.08643034532450264,240.16544504176886,-0.02160758633112566,-0.0950733798569529,-240.16544504176886,12.964551798675393,8.729464877774767,-736.5356956350055,241.14066345536236,-0.06482275899337697,640.961760352848,-638.8010017197355,0.08643034532450264,-0.021607586331125653,4.321517266225132,86.43034532450262,-0.04321517266225132,-0.08643034532450264,0.02160758633112566,1000.0,0.0,-928.9777954359039,47.33603067455567,1000.0,0.0,562.0385316606936,-113.6472977952919,391.2835211210437,1000.0,-1000.0,-348.6445368942748,-928.9345802632416,-500.0,-500.0,500.0,-391.2835211210437,56.82364889764595,-621.514932654835,-303.2240714571607,928.9345802632416,348.6445368942748,-303.2240714571607,-562.0385316606936,776.6977485641216,0.0,1496.5981,bhi
448,0.0,0.0,0.0,0.0,0.0,0.0,0.0,0.0,-0.004054886112301377,0.0,0.0,0.0,0.0,0.0,0.0,0.0,-1000.0,276.0486856240508,0.0,1000.0,0.0,0.0,0.0,453.6980085629869,0.0,0.0,0.0,0.0,0.0,0.0,0.0,0.0,0.0,0.0,0.0,0.0,0.0,990.9641188511745,0.0,-1000.0,744.5683990146717,0.0,0.0,824.2496726996359,0.0,0.0,0.0,0.0,0.0,-528.7296033782009,0.0,0.0,0.0,0.004460374723521454,0.0,0.0,0.0,0.8109772224602754,0.0,0.0,7.968635124067808,0.0,689.8601009671992,672.8515298081935,0.0,0.0,0.0,0.0,0.0,0.0,0.0,0.04054886112301377,0.0,0.0,0.0,0.0,0.0,0.0,0.0,0.0,0.0,0.0,0.0,0.0,2.432931667380826,0.0,0.0,-117.51970698786204,882.480293012138,899.7093871392581,-0.0010137215280753443,0.0,0.0,0.0,1.216465833690413,0.0,255.43160098532832,0.0,0.0,0.0,0.0,556.1692029253306,-1000.0,0.0,0.0,-73.3795401862674,0.0,824.2134817621005,0.0,0.0,0.0,0.0,0.0,0.0,0.0,0.0,0.0,0.0,0.0,0.0,0.0,0.0,0.0,0.0,-12.229923364377903,0.0,0.0,255.43160098532832,0.0,1.2570146948134266,0.0,0.0,220.17950159163422,-220.17950159163422,0.0,0.0,-1000.0,0.0,0.0,975.0227937169266,0.0,0.0,0.0,0.0,0.0,0.312226230647206,0.004054886112301377,0.0,0.0,0.0,0.0,-288.09270367488614,0.0,0.0,0.0,0.0,191.6431775392136,0.0,0.0,0.0,0.0,0.0,999.9959451138877,999.9959451138877,0.0,0.0,0.0,0.0,-1000.0,0.0,0.0,1000.0,0.0,0.0,0.0,-655.7198758622401,0.0,0.0,0.0,0.0,0.0,0.0,0.0,0.0,0.0,0.0,-1000.0,0.0,0.0,0.0,0.0,-1000.0,0.0,0.0,0.0,0.0,0.0,528.7296033782009,0.0,-882.480293012138,882.480293012138,0.0,0.0,0.0,0.0,0.0,0.0,0.0,1000.0,704.7368691500242,0.0,0.0,0.0,0.0,0.0,0.0,0.0,0.0,0.0,0.0,0.0,0.0,0.0,473.1849034797706,-456.0702067285555,1000.0,0.0,0.0,0.0,24.97720628307343,0.0,0.0,0.0,0.0,0.0,7.968635124067808,175.75032730036412,0.0,0.0,0.0,0.0,0.0,0.0,0.0,0.0,574.9571501704311,0.0,254.2151351516379,0.0,-764.9605860242759,1000.0,-1000.0,0.0,-1000.0,0.0,0.0,24.97720628307343,-995.0530389429923,0.0,0.0,0.0,-244.36959867727558,0.0,0.0,-1000.0,0.0,0.0,-1000.0,0.0,0.0,0.0,0.0,511.08809959977486,528.7296033782009,0.0,11.31313225332084,0.0,0.0,0.0,413.4215462317132,0.0,-413.4215462317132,0.0,999.9918902277753,0.0,24.97720628307343,484.19275997999176,0.0,0.0,0.0,7.968635124067808,-0.006082329168452066,0.0,0.0,0.0,0.0,0.004054886112301377,0.0,0.0,0.0,169.61124884424066,-1000.0,0.0,-48.919693457511606,-466.20121843575174,0.0,1000.0,0.0,145.9689818834824,0.0,-73.3795401862674,0.0,0.0,0.0,-0.3491256942691052,0.0,-145.6198561892133,-1000.0,-1000.0,0.0,0.0,0.0,0.0,0.0,0.0,0.0,0.0,0.0,0.0,0.0,0.0,0.0,0.0,0.0,0.0,0.0,-9.019661604376324,0.0,-1000.0,0.0,0.0,574.826582837615,1000.0,0.0,0.0,-575.2693764010783,0.0,0.0,0.0,140.1599520389995,555.9664586197156,-796.4008427780202,187.46172127897046,221.8140263845271,829.2513346825106,796.4008427780202,0.0,0.0,0.0,0.0,-187.46172127897046,-1000.0,-168.3115884701166,-829.3527068353181,-0.20274430561506884,-1000.0,0.0,730.4252487469788,0.0,216.9846627138785,255.43160098532832,0.0,0.0,0.0,0.0,0.0,0.0,0.0,-473.1849034797706,473.1849034797706,473.1849034797706,-857.7490699177692,0.0,0.0,0.0,0.0,0.0,1000.0,0.0,0.0,-9.039936034937812,0.0,765.624999999999,0.0,0.0,0.0,0.0,0.0,-999.5945113887699,0.008109772224605294,0.0,0.0,0.0,0.0,0.0,0.0,0.0,0.0,0.0,0.0,0.0,0.0,0.0,0.0,0.0,0.0,0.0,0.0,0.0,0.004460374723521454,0.004460374723521454,0.0,973.9176093428373,0.0,2.432931667380826,0.0,0.0,0.0,1000.0,0.0,0.0,0.0,0.0,0.0,-298.48018549931584,-1000.0,0.0,0.0,0.0,0.0,0.0,0.0,0.0,0.0,0.0,0.0,0.0,0.0,0.0,4.076641121459301,-169.61124884424066,288.09270367488614,0.0,0.312226230647206,0.0,0.0,0.0,0.0,0.0,-298.48018549931584,0.0,-298.0746968880857,-1000.0,0.0,0.0,473.1849034797706,0.0,0.0,0.0,0.0,0.0,0.0,0.0,0.0,0.0,0.0,0.0,0.0,0.0,2.432931667380826,24.97720628307343,24.97720628307343,0.0,0.0,0.0,0.0,0.0,0.0,0.0,0.0,0.0,0.0,0.04054886112301377,0.0,0.0,0.0,0.0,0.0,0.0,0.0,0.0,255.43160098532832,0.0,0.0,0.0,0.0,0.0,0.0,0.0,0.0,0.0,0.0,-623.9236860144035,-621.2330218603041,0.0,1.216465833690413,1.216465833690413,294.7562700859381,-1000.0,0.0,0.0,0.0,0.0,0.0,0.0,0.0,1000.0,1000.0,773.1498881318802,0.004054886112271561,0.0,0.0,0.0,5.355056380738582,852.8354310162349,0.0,0.0,0.0,0.0,0.0,0.0,0.0,0.0,0.0,0.0,0.0,0.0,0.0,0.0,0.0,0.0,0.004054886112301377,0.0,0.0,0.0,-1000.0,1000.0,0.0,0.0,0.0,0.0,0.0,646.926174597356,0.0,-647.3689681608192,-990.9803383956237,-0.3041164584226033,-0.202744305615069,0.0,0.0,390.625,390.625,-390.625,0.0,0.0,0.0,0.0,0.0,0.0,0.0,24.97720628307343,0.0,0.0,0.0,947.6126557664724,0.0,0.0,0.0,-0.004054886112301377,0.0,0.0,0.004054886112301377,0.0,0.004054886112271561,0.0,0.0,0.0,2.432931667380826,4.946961057007679,4.946961057007679,0.0,0.0,0.0,0.0,0.0,0.0,0.0,288.09270367488614,0.0,1000.0,0.0,0.0,0.0,0.0,0.0,0.0,0.0,0.0,0.0,0.0,0.0,0.0,0.0,0.0,0.0,0.0,0.0,0.0,0.0,0.0,0.0,0.006082329168452066,0.0,0.0,0.0,-255.43160098532832,0.0,0.0,0.0,0.0,0.0,-973.9176093428373,0.20274430561506884,0.0,0.0,0.0,0.0,1000.0,-72.09959175974099,0.0,0.0,765.624999999999,0.0,0.0,0.0,0.0,0.0,24.97720628307343,0.0,0.0,-1000.0,500.7327058630666,0.0,1000.0,779.4558908299675,0.0,-647.3689681608192,647.3689681608192,0.0,0.0,-1000.0,0.0,0.202744305615069,984.2402796359294,0.0,0.0,0.0,-9.039936034937812,0.0,0.0,339.9038668675587,-339.9038668675587,0.0,0.0,0.0,0.0,0.0,999.6958835415774,-0.3041164584226031,4.946961057007679,0.0,0.0,0.0,0.0,0.0,0.0,0.0,0.0,0.0,574.9571501704311,0.0,0.0,974.5258422596826,-5.355056380738582,960.2586743507856,0.0,1.216465833690413,0.0,0.0,0.0,0.0,-269.0712565962858,0.0,0.0,0.004460374723521454,0.0,0.0,0.0,2.4734805285038397,0.0,0.0,0.0,0.0,-456.0702067285555,0.0,0.0,0.0,0.0,0.0,0.0,0.0,0.0,0.0,0.0,0.0004054886112301377,0.0004054886112301377,0.0,0.0,0.0,0.0,0.0,0.0,0.0,0.0,0.0,0.0,0.0,0.0,0.0,0.0,0.0,973.9176093428373,0.0,0.0,0.0,0.0,0.0,0.0,0.0,528.7296033782009,0.0,0.0,0.0,0.0,0.0,-488.91190040022514,276.0486856240508,0.0,0.0,0.0,2.432931667380826,0.0,0.0,0.0,0.0,0.0,0.0,-2.432931667380826,0.0,0.0,0.0,0.0,0.0,0.0,0.0,0.0,0.0,0.0,0.0,0.0,-773.1498881318802,-1000.0,2.7775969869264427,-1000.0,744.5683990146717,0.0,990.9641188511745,0.0,0.0,0.0,0.0,0.0,0.0,0.0,0.0,0.0,554.6875000000001,0.0,-554.6875000000001,-554.6875000000001,0.0,0.0,0.0,0.0,-0.5068607640376723,24.97720628307343,-556.2705750781382,0.0,0.0,0.0,0.0,0.0,0.0,0.0,-0.05068607640376721,9.039936034937812,0.0,0.0,0.0,0.0,0.0,0.0,0.0,1000.0,1.216465833690413,1.216465833690413,0.0,0.0,0.0,0.0,0.0,0.004460374723521454,973.9176093428373,0.0,0.0,-990.9641188511745,0.0,0.0,0.0,0.0,0.0,0.0,0.0,0.0,0.0,0.0,0.0,0.0,0.0,0.0,0.0,0.0,0.0,0.0,0.0,4.257630417916445,0.0,0.0,0.312226230647206,0.0,0.0,0.0,973.9176093428373,0.0,646.7234302917409,0.0,0.0,0.0,-0.5068607640376723,0.0,0.0,0.0,0.0,0.0,0.0,0.0,0.0,0.0,0.0,0.0,0.0,0.0,0.0,0.0,0.0,0.0,0.0,-0.004054886112271561,0.0,0.0,0.20274430561506884,298.48018549931584,0.0,0.0,0.0,0.0,24.97720628307343,0.0,0.0,0.0,0.3491256942691052,0.10137215280753442,0.0,0.0,0.0,0.004054886112301377,0.0,4.054886112301377,-1.2570146948134266,0.8109772224602754,0.02896347223072412,11.31313225332084,-0.003041164584226033,778.1859736154729,0.08109772224602763,-0.02027443056147149,-11.31313225332084,1.216465833690413,-0.004054886112301377,24.459846728755803,0.0,0.0010137215280753443,0.02896347223072412,-73.3795401862674,-0.6455378690783391,-0.08109772224602754,-276.0486856240508,-0.004054886112301377,0.0010137215280753443,-11.31313225332084,741.3244901248306,0.004054886112301377,0.004054886112301377,-973.9090940820015,0.004460374723531515,0.0,-0.003041164584226033,1.216465833690413,0.004054886112301384,255.43160098532832,252.1876920954872,-0.0020274430561506886,-44.8840971666788,-0.40954349734243906,-0.003041164584226033,-0.004054886112301377,-1.2570146948134266,0.004054886112301377,0.4054886112301377,-0.08109772224602763,0.0,0.0,-0.40548861123011193,276.0486856240508,0.0,0.8109772224602754,0.006082329168452066,100.28858541768585,0.4054886112301377,-4.076641121459301,0.0,-0.8109772224602754,0.0020274430561506886,0.04054886112301377,12.229923364377902,501.5436830855269,-0.004054886112301377,-974.8299587181052,973.9090940820015,1.2570146948134266,0.004054886112301377,0.6455378690783391,-1000.0,0.0,-0.004054886112301377,-0.0010137215280753443,0.0,-0.004054886112301377,-999.5945113887699,0.004054886112301377,-0.0010137215280753443,-0.0010137215280753443,-0.0010137215280753443,1.6219544449205507,-252.1876920954872,0.04054886112301377,335.3361091656345,-0.0010137215280753443,0.0,0.20274430561506884,500.0,0.004054886112301377,0.0020274430561506886,0.0020274430561506886,-12.083114530306577,1.2570146948134266,0.004054886112301377,-1.2570146948134266,0.04054886112301377,0.004054886112301377,-1000.0,0.004054886112301377,0.01621954444918572,0.02027443056147149,0.0020274430561506886,0.0010137215280753443,1.216465833690413,-0.004054886112301377,0.0,0.04054886112301377,-670.672218331269,778.0846014626653,-0.4054886112301377,0.8109772224602754,0.20274430561506884,-0.004054886112301377,73.3795401862674,0.006082329168452066,-0.004054886112301377,24.166229060613155,1.2570146948134266,480.4140630926954,0.0020274430561506886,-1000.0,-0.004054886112301384,-0.004054886112301377,-0.004054886112301377,0.0020274430561506886,11.31313225332084,-0.8109772224602754,0.004054886112301377,24.459846728755803,-0.0010137215280753443,-0.004460374723531515,-24.459846728755803,0.6082329168452065,0.40954349734243906,-419.05316934750465,11.31313225332084,-0.003041164584226033,974.8299587181052,-501.5436830855269,0.004054886112301377,-0.0010137215280753443,140.36269634461456,4.054886112301377,-0.0020274430561506886,-0.004054886112301377,0.0010137215280753443,1000.0,0.0,-1000.0,664.6638908343655,753.15604868227,0.0,879.4911021132039,779.3662778468857,740.9190015136005,607.63711640941,77.48220186534144,-712.7182735475741,-899.7093871392581,-303.818558204705,-376.578024341135,-38.74110093267072,-740.9190015136005,-389.68313892344287,-973.9176093428373,-211.34280649640962,899.7093871392581,712.7182735475741,-211.34280649640962,-879.4911021132039,939.5428067509869,0.0,1496.5981,bhi
449,0.0,0.0,0.0,0.0,0.0,0.0,0.0,0.0,-0.12668908581373153,0.0,0.0,0.0,0.0,0.0,0.0,0.0,0.0,0.0,0.0,354.90678387586206,0.0,0.0,0.0,0.0,0.0,492.18757742040395,0.0,0.0,0.0,765.2842045840995,0.0,0.0,217.58971299251914,0.0,0.0,0.0,0.0,0.0,0.0,-1000.0,961.9932742558806,0.0,0.0,0.0,0.0,0.0,0.0,0.0,-765.2842045840995,0.0,0.0,0.0,0.0,0.13935799439491348,0.0,0.0,0.0,25.337817162746305,0.0,0.0,68.31936931359803,0.0,1000.0,829.8900049008164,0.0,0.0,0.0,0.0,395.2772223972913,96.91035502311263,0.0,1.2668908581373155,0.0,0.0,0.0,0.0,0.0,0.0,0.0,0.0,0.0,0.0,0.0,0.0,76.01345148823893,0.0,0.0,527.3228289705432,0.0,182.49073878118088,775.7854242071965,0.0,0.0,-821.5633572623967,38.006725744119464,0.0,38.006725744119464,-4.0793885632024285,0.0,0.0,0.0,6.334454290686576,765.2842045840995,0.0,0.0,-345.4530737282709,0.0,111.80226441420041,0.0,0.0,0.0,0.0,0.0,0.0,0.0,0.0,0.0,0.0,0.0,0.0,0.0,0.0,0.0,0.0,-607.2004179397106,0.0,0.0,38.006725744119464,0.0,39.27361660225678,10.975642970547426,0.0,705.8899285556658,-705.8899285556658,0.0,0.0,-238.4293644127816,350.4706337498791,-350.4706337498791,0.0,0.0,0.0,0.0,0.0,0.0,9.755059607657358,0.12668908581373153,775.8170964786499,0.0,0.0,0.0,-530.8491576605978,0.0,0.0,123.51229387857977,0.0,1000.0,0.0,0.0,0.0,0.0,0.0,999.8733109141863,999.8733109141863,0.0,0.0,0.0,-312.5,0.0,0.0,0.0,1000.0,0.0,0.0,0.0,307.7182875472438,0.0,0.0,0.0,0.0,0.0,0.0,0.0,0.0,0.0,0.0,-221.09684201514938,0.0,0.0,0.0,0.0,164.46677191739371,0.0,0.0,0.0,0.0,0.0,0.0,0.0,-182.49073878118088,182.49073878118088,238.4293644127816,0.0,0.0,0.0,0.0,0.0,0.0,0.0,-15.83613572671644,0.0,0.0,0.0,0.0,0.0,0.0,0.0,0.0,0.0,0.0,0.0,0.0,0.0,0.0,-248.01064094867854,0.0,0.0,0.0,0.0,0.0,-238.4293644127816,0.0,0.0,0.0,0.0,68.31936931359803,0.0,0.0,0.0,0.0,0.0,0.0,0.0,0.0,0.0,0.0,0.0,0.0,0.0,-177.14330175001248,5.347437031168397,-420.4521143947371,0.0,0.0,0.0,0.0,238.4293644127816,-845.4393153072475,0.0,0.0,0.0,-92.24460316952104,0.0,0.0,-1000.0,-93.1400166651929,0.0,-1000.0,93.1400166651929,0.0,-182.49073878118088,0.0,410.3774207082374,0.0,0.0,375.41383536140586,0.0,0.0,0.0,13.83330544566029,0.0,-13.83330544566029,0.0,999.7466218283726,0.0,0.0,803.8242376967826,-312.5,0.0,0.0,68.31936931359803,-0.1900336287205973,0.0,0.0,0.0,0.0,0.12668908581373153,0.0,0.0,0.0,-202.4734976615132,0.0,0.0,-460.0513620772265,-740.6902507200477,0.0,1000.0,0.0,0.0,0.0,-345.4530737282709,0.0,0.0,0.0,-10.907930288562092,10.907930288562092,0.0,-1000.0,-1000.0,0.0,0.0,0.0,0.0,0.0,0.0,0.0,0.0,0.0,0.0,0.0,0.0,0.0,0.0,0.0,0.0,0.0,-999.4932436567453,0.0,-1000.0,0.0,0.0,0.0,0.0,0.0,0.0,-9.755059607657358,0.0,0.0,0.0,0.0,0.0,593.8148473141466,0.0,0.0,599.4522390449515,-1000.0,0.0,-6.334454290686576,327.5755150058702,-498.16236905405975,0.0,-6.334454290686576,0.0,-602.6194661902948,0.0,-495.7858663520224,0.0,590.9287023186037,953.3195868537769,-657.9477595026884,38.006725744119464,0.0,0.0,0.0,749.2858481486035,0.0,0.0,0.0,0.0,0.0,0.0,-715.2257444714877,0.0,0.0,0.0,0.0,0.0,0.0,0.0,0.0,-101.79062578558576,0.0,0.0,0.0,0.0,0.0,0.0,0.0,-816.8665243533958,0.25337817162744614,0.0,0.0,0.0,0.0,0.0,0.0,0.0,0.0,0.0,0.0,0.0,0.0,0.0,0.0,0.0,0.0,0.0,0.0,0.0,0.13935799439491348,0.13935799439491348,0.0,220.27880609595869,0.0,76.01345148823893,0.0,0.0,0.0,1000.0,0.0,0.0,0.0,0.0,0.0,134.21057968940127,-1000.0,0.0,0.0,0.0,0.0,0.0,0.0,0.0,0.0,0.0,0.0,0.0,0.0,0.0,202.40013931323688,202.4734976615132,530.8491576605978,0.0,9.755059607657358,0.0,0.0,-821.5633572623967,-821.5633572623967,0.0,134.21057968940127,0.0,-467.5941743152898,-215.06177034870487,0.0,0.0,0.0,0.0,0.0,0.0,0.0,0.0,0.0,0.0,0.0,0.0,0.0,0.0,0.0,0.0,76.01345148823893,238.4293644127816,238.4293644127816,0.0,0.0,0.0,0.0,0.0,0.0,0.0,0.0,0.0,0.0,1.2668908581373155,0.0,0.0,0.0,0.0,0.0,0.0,0.0,0.0,38.006725744119464,0.0,0.0,0.0,0.0,0.0,0.0,0.0,0.0,0.0,0.0,-944.3192929684474,0.0,0.0,38.006725744119464,38.006725744119464,1000.0,-1000.0,0.0,0.0,0.0,0.0,0.0,0.0,0.0,180.71470752997288,0.0,274.5429242721656,0.12668908581373153,0.0,0.0,0.0,123.40846437567328,343.55008988937317,0.0,821.5633572623967,0.0,0.0,0.0,0.0,0.0,0.0,0.0,0.0,0.0,0.0,0.0,0.0,0.0,0.0,0.12668908581373153,0.0,0.0,0.0,-865.1050337660863,865.1050337660863,0.0,0.0,0.0,0.0,0.0,0.0,-123.51229387857977,-9.755059607657358,-0.5067563432546649,-9.501681436029864,-6.334454290686576,0.0,0.0,609.375,609.375,-609.375,0.0,0.0,0.0,0.0,0.0,0.0,0.0,238.4293644127816,0.0,0.0,0.0,-60.684602893398164,0.0,0.0,0.0,-0.12668908581373153,0.0,0.0,0.12668908581373153,0.0,0.12668908581373153,0.0,492.18757742040395,0.0,76.01345148823893,154.5606846927525,154.5606846927525,0.0,0.0,0.0,0.0,0.0,0.0,0.0,530.8491576605978,0.0,0.0,0.0,0.0,0.0,0.0,0.0,0.0,0.0,0.0,0.0,0.0,0.0,0.0,0.0,0.0,0.0,0.0,0.0,0.0,0.0,0.0,0.0,0.1900336287205973,0.0,0.0,0.0,-38.006725744119464,0.0,0.0,0.0,0.0,0.0,-220.27880609595869,6.334454290686576,0.0,0.0,0.0,312.5,0.0,0.0,0.0,0.0,0.0,0.0,0.0,0.0,0.0,0.0,238.4293644127816,0.0,0.0,0.0,220.27880609595869,0.0,1000.0,-1.9029838388977396,0.0,-9.755059607657358,9.755059607657358,0.0,123.51229387857977,-1000.0,0.0,6.334454290686576,485.65891313525697,0.0,0.0,0.0,-101.79062578558576,0.0,0.0,0.0,0.0,0.0,0.0,0.0,0.0,0.0,211.59516057911927,-9.501681436029862,154.5606846927525,0.0,798.974651187858,798.974651187858,-798.974651187858,0.0,0.0,0.0,0.0,0.0,0.0,0.0,0.0,239.28216896801865,-123.40846437567328,163.10260294793636,0.0,38.006725744119464,0.0,0.0,0.0,0.0,-41.98696018524032,0.0,0.0,0.13935799439491348,0.0,0.0,0.0,77.28034234637624,0.0,0.0,0.0,0.0,-248.01064094867854,0.0,0.0,0.0,0.0,0.0,0.0,0.0,0.0,0.0,0.0,182.61214355257755,0.012668908581373152,0.0,0.0,0.0,0.0,0.0,0.0,0.0,0.0,0.0,0.0,0.0,0.0,0.0,0.0,0.0,220.27880609595869,0.0,0.0,0.0,0.0,0.0,0.0,0.0,0.0,0.0,0.0,0.0,0.0,0.0,0.0,0.0,0.0,0.0,0.0,76.01345148823893,0.0,0.0,0.0,0.0,0.0,0.0,-76.01345148823893,0.0,0.0,0.0,0.0,0.0,0.0,0.0,0.0,0.0,0.0,0.0,0.0,-274.5429242721656,-54.00108788592763,86.78202378240611,-1000.0,961.9932742558806,0.0,0.0,0.0,0.0,0.0,0.0,0.0,0.0,0.0,0.0,0.0,0.0,0.0,0.0,0.0,0.0,0.0,0.0,0.0,-15.83613572671644,238.4293644127816,-9.501681436029864,0.0,0.0,0.0,0.0,0.0,0.0,0.0,-1.5836135726716445,225.30291966416553,0.0,0.0,0.0,0.0,0.0,0.0,0.0,1000.0,38.006725744119464,38.006725744119464,0.0,0.0,0.0,0.0,0.0,0.13935799439491348,220.27880609595869,0.0,0.0,0.0,182.5994746439962,0.0,0.0,0.0,0.0,0.0,0.0,0.0,0.0,0.0,0.0,0.0,0.0,0.0,0.0,0.0,0.0,10.975642970547426,0.0,133.02354010441812,9.755059607657358,0.0,0.0,0.0,0.0,0.0,220.27880609595869,0.0,-10.413842853889008,0.0,0.0,0.0,-15.83613572671644,0.0,0.0,0.0,0.0,0.0,0.0,0.0,0.0,0.0,0.0,0.0,0.0,0.0,0.0,0.0,0.0,0.0,0.0,-0.12668908581373153,0.0,0.0,6.334454290686576,-134.21057968940127,0.0,0.0,0.0,0.0,238.4293644127816,0.0,0.0,0.0,10.907930288562092,3.167227145343288,0.0,0.0,492.18757742040395,0.12668908581373153,0.0,126.68908581373152,-28.29797363170934,25.33781716274631,0.9049220415266538,375.41383536140586,-0.09501681436029864,6.334454290686576,2.5337817162746306,-0.6334454290683964,-375.41383536140586,38.006725744119464,-0.12668908581373153,115.15102457609031,0.0,0.03167227145343288,0.9049220415266538,-345.4530737282709,-20.168902461546367,-2.5337817162746306,-354.90678387586206,-0.12668908581373153,0.03167227145343288,-375.41383536140586,12.668908581373152,0.12668908581373153,0.12668908581373153,-220.01275901575005,0.13935799439509247,0.0,-0.09501681436029864,38.006725744119464,0.12668908581373153,38.006725744119464,-63.34454290686577,-0.06334454290686577,-309.0938525434582,225.63376674559473,-0.09501681436029864,-0.12668908581373153,-28.29797363170934,0.12668908581373153,12.668908581373152,-2.5337817162746306,0.0,0.0,-12.668908581373152,354.90678387586206,0.0,25.337817162746305,0.1900336287205973,-171.79314681052062,12.668908581373152,-202.40013931323688,0.0,-25.337817162746305,0.06334454290686577,1.2668908581373155,115.01284051930662,245.61662325870498,-0.12668908581373153,-248.7838504040485,220.01275901575005,39.27361660225678,0.12668908581373153,20.168902461546367,-152.02690297647786,0.0,-0.12668908581373153,-0.03167227145343288,0.0,-0.12668908581373153,-816.8665243533958,0.12668908581373153,-0.03167227145343288,-0.03167227145343288,-0.03167227145343288,50.67563432549261,63.34454290686577,1.2668908581373155,273.5827799034852,-0.03167227145343288,114.87465646252294,6.334454290686576,414.76771646738445,0.12668908581373153,0.06334454290686577,0.06334454290686577,12.668908581373152,28.29797363170934,0.12668908581373153,-28.29797363170934,1.2668908581373155,0.12668908581373153,-633.026786805958,0.12668908581373153,0.5067563432546649,0.6334454290683964,0.06334454290686577,0.03167227145343288,38.006725744119464,-0.12668908581373153,0.0,1.2668908581373153,-547.1655598069704,3.167227145343288,-12.668908581373152,25.337817162746305,6.334454290686576,-0.12668908581373153,345.4530737282709,0.1900336287205973,-0.12668908581373153,-25.337817162746305,28.29797363170934,320.3498342031806,0.06334454290686577,-829.5354329347689,-0.12668908581373153,-0.12668908581373153,-0.12668908581373153,0.06334454290686577,375.41383536140586,-25.337817162746305,0.12668908581373153,230.02568103861324,-0.03167227145343288,-0.13935799439509247,-230.02568103861324,19.00336287205973,-225.63376674559473,56.26131604473488,375.41383536140586,-0.09501681436029864,248.7838504040485,-245.61662325870498,0.12668908581373153,-0.03167227145343289,6.334454290686576,126.68908581373152,-0.06334454290686577,-0.12668908581373153,0.03167227145343288,1000.0,0.0,171.72980226761376,359.4440069024728,528.8180120340985,0.0,-459.3193427146117,-222.29252562790015,0.0,1000.0,-57.49493700096433,-494.4886595021485,0.0,-500.0,-264.40900601704925,28.747468500482164,0.0,111.14626281395007,-220.27880609595869,-278.36287401794027,0.0,494.4886595021485,-278.36287401794027,459.3193427146117,-159.9806741597535,0.0,1496.5981,bhi
450,0.0,0.0,0.0,0.0,0.0,0.0,0.0,0.0,325.01594373614,0.0,0.0,0.0,0.0,0.0,0.0,0.0,-742.1781449984494,0.0,0.0,546.223383822285,0.0,0.0,0.0,0.0,0.0,745.2039128185505,0.0,0.0,0.0,-905.2302822730695,0.0,0.0,622.0527546051538,0.0,0.0,0.0,0.0,674.2743495932524,0.0,-1000.0,862.2931203239008,0.0,0.0,-1000.0,0.0,0.0,172.70570300996084,0.0,1000.0,0.0,0.0,-846.5233501331766,0.0,0.13427738319023774,0.0,0.0,0.0,24.414069670984986,0.0,0.0,19.05891918430666,0.0,1000.0,929.6311755960144,0.0,0.0,0.0,0.0,194.032598354323,742.5008378199069,0.0,1.2207034835492494,0.0,0.0,0.0,0.0,0.0,0.0,0.0,413.78825688598323,0.0,0.0,0.0,0.0,73.24220901295496,0.0,0.0,-1000.0,831.0406647732796,-118.18453912449598,851.330964466255,0.0,0.0,937.9594840632559,36.62110450647748,0.0,232.53513068669096,-3.9306652170296075,0.0,0.0,0.0,119.65870113809976,-1000.0,0.0,0.0,-375.24949069620254,0.0,553.1518111416046,0.0,0.0,0.0,0.0,0.0,0.0,0.0,0.0,0.0,0.0,0.0,0.0,0.0,0.0,0.0,0.0,-1000.0,0.0,0.0,232.53513068669096,0.0,37.84180799002672,35.74697022831168,0.0,-83.6867017062375,83.6867017062375,0.0,0.0,-1000.0,0.0,0.0,910.5722564117077,0.0,0.0,0.0,0.0,0.0,9.399416823329375,0.12207034835492493,851.3614820533437,0.0,0.0,51.278927404424465,-100.38378336936212,0.0,0.0,0.0,0.0,584.2971224523365,0.0,0.0,0.0,0.0,0.0,476.41281919268573,476.41281919268573,0.0,0.0,0.0,0.0,1000.0,0.0,0.0,476.5348895410407,0.0,0.0,0.0,-1000.0,-1000.0,0.0,0.0,0.0,0.0,0.0,0.0,0.0,0.0,0.0,-721.5315192475471,0.0,0.0,0.0,0.0,-1000.0,0.0,0.0,0.0,0.0,0.0,0.0,846.5233501331766,-29.505124872198223,29.505124872198223,0.0,0.0,0.0,0.0,0.0,0.0,0.0,94.76971772693045,-15.25879354436563,0.0,0.0,0.0,0.0,0.0,0.0,0.0,0.0,0.0,0.0,0.0,0.0,0.0,0.0,153.1937598643774,-199.1149228616576,0.0,0.0,0.0,89.42774358829224,1.2990016887827935,0.0,0.0,0.0,0.0,19.05891918430666,800.8850771383425,0.0,0.0,0.0,0.0,0.0,0.0,0.0,0.0,0.0,0.0,195.91402618021348,0.0,-860.5457896454777,0.0,817.0182252609784,0.0,199.1149228616576,0.0,0.0,89.42774358829224,-851.0741750069916,0.0,0.0,0.0,-89.49676333460002,0.0,0.0,-1000.0,-1000.0,0.0,-1000.0,1000.0,0.0,801.5355399010814,0.0,-329.80509118308976,0.0,0.0,410.77121067808105,0.0,0.0,0.0,836.1516033382549,0.0,-836.1516033382549,0.0,843.9199080777483,0.0,89.42774358829224,-327.1687666150413,0.0,0.0,0.0,19.05891918430666,-0.1831055225323874,0.0,0.0,0.0,0.0,0.12207034835492493,0.0,0.0,0.0,766.1658676245262,-742.1781449984494,0.0,-250.16632713080168,12.06726838414221,1000.0,1000.0,0.0,1000.0,0.0,-375.24949069620254,0.0,0.0,0.0,-10.510256993358855,0.0,-989.4897430066411,-1000.0,-1000.0,0.0,0.0,0.0,0.0,0.0,0.0,0.0,0.0,0.0,0.0,0.0,0.0,0.0,0.0,0.0,0.0,0.0,-325.23736901332757,0.0,-1000.0,0.0,0.0,0.0,1000.0,0.0,0.0,-9.399416823329375,0.0,0.0,0.0,0.0,113.55518372035351,-194.032598354323,0.0,-136.1222935735819,198.1880940131382,0.0,-1000.0,0.0,0.0,825.1220189467347,0.0,-426.7588157043411,243.82951523556846,-201.23985272201134,-6.103517417746247,-1000.0,0.0,993.8964825822537,0.0,0.0,232.53513068669096,0.0,0.0,0.0,0.0,0.0,325.13801408449496,0.0,0.0,0.0,0.0,36.60340840348212,0.0,0.0,-194.92345622345667,0.0,0.0,94.76971772693045,0.0,0.0,-51.30990521967897,0.0,0.0,94.82825101059177,0.0,0.0,0.0,0.0,-128.44622678725113,0.24414069671013294,0.0,0.0,0.0,0.0,0.0,0.0,0.0,0.0,0.0,372.8887326598584,0.0,0.0,0.0,0.0,0.0,0.0,0.0,0.0,0.0,0.13427738319023774,0.13427738319023774,0.0,269.3132046258336,0.0,73.24220901295496,0.0,0.0,0.0,1000.0,0.0,0.0,0.0,0.0,0.0,378.1130007239814,-1000.0,0.0,0.0,0.0,0.0,0.0,94.82825101059177,0.0,0.0,0.0,0.0,0.0,0.0,0.0,333.3333333333333,-766.1658676245262,49.104855964937656,0.0,9.399416823329375,0.0,0.0,937.9594840632559,936.6604823744731,0.0,378.1130007239814,0.0,0.0,249.66677393673024,0.0,0.0,0.0,0.0,0.0,0.0,0.0,0.0,0.0,0.0,0.0,0.0,0.0,0.0,0.0,0.0,73.24220901295496,89.42774358829229,89.42774358829224,0.0,0.0,0.0,0.0,0.0,0.0,0.0,0.0,0.0,0.0,1.2207034835492494,0.0,0.0,0.0,0.0,0.0,846.5233501331766,0.0,0.0,232.53513068669096,0.0,0.0,0.0,0.0,0.0,0.0,0.0,0.0,0.0,0.0,-974.9968250780225,0.0,0.0,36.62110450647748,36.62110450647748,1000.0,-1000.0,0.0,94.82825101059177,0.0,0.0,0.0,0.0,0.0,1000.0,94.76971772693045,996.2529249621061,0.12207034835492493,0.0,0.0,0.0,18.22345271062511,0.0,0.0,-937.9594840632559,0.0,0.0,0.0,0.0,0.0,0.0,0.0,0.0,0.0,0.0,0.0,0.0,0.0,0.0,0.12207034835492493,0.0,0.0,0.0,-671.0181713296407,671.0181713296407,0.0,0.0,0.0,0.0,-9.399416823329375,0.0,0.0,0.0,-674.7626309866724,-9.155276126619356,-6.103517417746275,0.0,0.0,0.0,0.0,0.0,0.0,0.0,0.0,0.0,0.0,0.0,0.0,89.42774358829229,1000.0,0.0,0.0,1000.0,0.0,0.0,0.0,325.01594373614,0.0,0.0,0.12207034835492493,0.0,0.12207034835492493,0.0,563.6447035143715,0.0,73.24220901295496,148.9258249930084,148.9258249930084,0.0,0.0,0.0,0.0,0.0,0.0,0.0,49.104855964937656,0.0,94.76971772693045,0.0,0.0,0.0,0.0,0.0,0.0,0.0,0.0,0.0,0.0,0.0,0.0,0.0,0.0,0.0,0.0,0.0,1.2990016887827935,0.0,-181.55920930417903,181.55920930417903,0.1831055225323874,0.0,0.0,0.0,-232.53513068669096,0.0,0.0,0.0,0.0,0.0,-269.3132046258336,6.103517417746247,0.0,0.0,0.0,0.0,-1000.0,0.0,0.0,0.0,0.0,0.0,0.0,0.0,0.0,0.0,89.42774358829229,0.0,0.0,0.0,269.3132046258336,0.0,1000.0,-375.24949069620254,0.0,0.0,0.0,0.0,0.0,-1000.0,0.0,6.103517417746275,1000.0,0.0,220.79454228837892,0.0,-51.30990521967897,0.0,0.0,0.0,0.0,0.0,0.0,0.0,0.0,0.0,1000.0,-296.77903300569153,148.9258249930084,0.0,0.0,0.0,0.0,0.0,0.0,0.0,0.0,0.0,0.0,0.0,0.0,0.0,-391.11218537048353,0.0,0.0,36.62110450647748,0.0,0.0,0.0,0.0,-217.42601978288397,0.0,0.0,0.13427738319023774,0.0,0.0,0.0,74.4629124965042,0.0,0.0,0.0,0.0,153.1937598643774,0.0,0.0,0.0,0.0,0.0,0.0,0.0,0.0,875.7265338741588,0.0,0.012207034835492792,0.012207034835492792,0.0,0.0,0.0,0.0,0.0,0.0,0.0,0.0,0.0,0.0,0.0,0.0,0.0,0.0,0.0,269.3132046258336,0.0,0.0,0.0,0.0,0.0,0.0,0.0,0.0,0.0,0.0,0.0,0.0,578.5853527754728,0.0,0.0,0.0,0.0,0.0,73.24220901295496,0.0,0.0,0.0,0.0,0.0,0.0,-73.24220901295496,0.0,0.0,0.0,0.0,0.0,0.0,0.0,0.0,0.0,0.0,0.0,0.0,-996.2529249621061,-1000.0,83.6181886231235,0.0,-232.53513068669096,0.0,674.2743495932524,0.0,0.0,0.0,0.0,0.0,0.0,0.0,0.0,0.0,0.0,0.0,0.0,0.0,0.0,0.0,0.0,0.0,-15.25879354436563,89.42774358829224,-122.71045984697287,287.6237568790722,0.0,0.0,0.0,0.0,0.0,0.0,-1.525879354436562,51.30990521967897,0.0,0.0,0.0,0.0,0.0,0.0,0.0,1000.0,36.62110450647748,36.62110450647748,0.0,0.0,0.0,0.0,413.78825688598323,0.13427738319023774,269.3132046258336,0.0,0.0,-674.2743495932524,0.0,0.0,0.0,0.0,0.0,0.0,0.0,0.0,0.0,0.0,0.0,0.0,0.0,0.0,0.0,0.0,0.0,35.74697022831168,0.0,128.17386577267118,9.399416823329375,0.0,0.0,0.0,0.0,0.0,269.3132046258336,0.0,-10.034182634775883,0.0,0.0,0.0,-15.25879354436563,0.0,0.0,0.0,0.0,0.0,0.0,0.0,0.0,0.0,0.0,0.0,0.0,0.0,0.0,0.0,0.0,0.0,0.0,-0.12207034835492493,0.0,0.0,6.103517417746247,-378.1130007239814,0.0,0.0,0.0,0.0,89.42774358829224,0.0,0.0,0.0,10.510256993358855,3.0517587088731233,0.0,0.0,745.2039128185505,0.12207034835492493,0.0,122.07034835492493,-2.0948377617150413,24.414069670984986,0.8719310596780352,412.07021236686387,-0.0915527612661937,562.881109277923,2.441406967098499,-0.6103517417749345,-412.07021236686387,36.62110450647748,-0.12207034835492493,125.08316356540084,94.82825101059177,0.030517587088731233,0.8719310596780352,-375.24949069620254,-19.433599458105256,-2.441406967098499,195.95476117616442,-0.12207034835492493,0.030517587088731233,-412.07021236686387,428.98502037386385,0.12207034835492493,0.12207034835492493,-269.0568568942884,0.1342773831904177,0.0,-0.0915527612661937,36.62110450647748,0.12207034835492493,232.53513068669096,134.87885200275102,-0.061035174177462466,166.20185894006863,-13.62810687263021,-0.0915527612661937,-0.12207034835492493,-2.0948377617150413,0.12207034835492493,12.207034835492493,-2.441406967098499,1.2990016887827935,1.2990016887827935,-12.207034835492493,-195.95476117616442,-1.2990016887827935,24.414069670984986,0.1831055225323874,-1000.0,12.207034835492493,-333.3333333333333,94.82825101059177,-24.414069670984986,0.061035174177462466,1.2207034835492494,62.54158178270042,293.72727429681856,-0.12207034835492493,-296.77903300569153,269.0568568942884,37.84180799002672,0.12207034835492493,19.433599458105256,-664.3481787339028,94.82825101059177,-0.12207034835492493,-0.030517587088731233,-94.82825101059177,-0.12207034835492493,-128.44622678725113,0.12207034835489594,-0.030517587088731233,-0.030517587088731233,-0.030517587088731233,48.82813934196997,-134.87885200275102,1.2207034835492494,90.43886933745554,-0.030517587088731233,0.0,6.103517417746247,70.32663081137181,0.12207034835492493,0.061035174177462466,0.061035174177462466,14.907288546642256,2.0948377617150413,0.12207034835492493,-2.0948377617150413,1.2207034835492494,0.12207034835492493,-90.43886933745554,0.12207034835492493,0.4882813934200385,0.6103517417749345,0.061035174177462466,0.030517587088731233,36.62110450647748,-0.12207034835492493,0.0,1.2207034835492494,-180.8777386749111,559.8293505690499,-12.207034835492493,24.414069670984986,6.103517417746247,-0.12207034835492493,375.24949069620254,0.1831055225323874,-0.12207034835492493,-29.814577093284512,2.0948377617150413,460.07829530696296,0.061035174177462466,-140.65326162274363,-0.12207034835492493,-0.12207034835489594,-0.12207034835492493,0.061035174177462466,412.07021236686387,-24.414069670984986,0.12207034835492493,125.08316356540084,-0.030517587088731233,-0.1342773831904177,-125.08316356540084,18.310552253238736,13.62810687263021,295.10739863859203,412.07021236686387,-0.0915527612661937,296.77903300569153,-293.72727429681856,0.12207034835492493,-0.030517587088731236,6.103517417746275,122.07034835492493,-0.061035174177462466,-0.12207034835492493,0.030517587088731233,0.0,0.0,316.58796404923714,0.0,-40.08157118866012,0.0,234.33339727928114,-1000.0,416.77798553837135,1000.0,314.2320126217354,-975.3092137060474,-683.3510007765854,-500.0,20.04078559433006,-157.1160063108677,-416.77798553837135,500.0,-269.3132046258336,-242.652275524079,683.3510007765854,975.3092137060474,-242.652275524079,-234.33339727928114,443.2372705888457,0.0,1496.5981,bhi
451,0.0,0.0,0.0,0.0,0.0,0.0,0.0,0.0,-0.07613102416323235,0.0,0.0,0.0,0.0,0.0,0.0,0.0,1000.0,-668.6998316837168,0.0,215.6132662521453,0.0,0.0,0.0,0.0,0.0,0.0,0.0,0.0,0.0,-1000.0,0.0,0.0,236.02380473280584,0.0,0.0,0.0,0.0,-13.33308003178766,0.0,-601.2681057071463,977.1606927510303,0.0,0.0,0.0,0.0,0.0,271.41119850397325,0.0,809.8795832921511,-291.0573599309009,0.0,809.8795832921511,0.0,0.08374412657985886,0.0,0.0,0.0,15.226204832646468,0.0,0.0,-340.0128278930859,0.0,759.48327807792,419.4704501848341,0.0,0.0,0.0,0.0,0.0,866.66711123097,0.0,0.7613102416323234,0.0,0.0,0.0,0.0,0.0,0.0,0.0,0.0,0.0,0.0,0.0,0.0,45.678614497939414,0.0,333.30822236511045,706.3260526889491,-231.52249822067506,-62.151449090375806,439.6569274916642,0.0,0.0,0.0,22.839307248969707,0.0,22.839307248969707,0.0,0.0,0.0,0.0,3.806551208161617,-1000.0,0.0,0.0,-311.3614233981523,0.0,0.0,0.0,0.0,0.0,0.0,0.0,0.0,0.0,0.0,0.0,0.0,0.0,0.0,0.0,0.0,0.0,0.0,-488.6480788147719,0.0,0.0,22.839307248969707,0.0,23.60061749060203,0.0,0.0,0.0,0.0,0.0,0.0,0.0,1000.0,-1000.0,0.0,0.0,0.0,0.0,0.0,0.0,339.1703112256793,0.07613102416323235,439.675960247705,0.0,0.0,143.33449600382153,-677.7137327755462,0.0,0.0,0.0,0.0,639.182983074947,0.0,0.0,0.0,0.0,0.0,999.9238689758367,999.9238689758367,0.0,0.0,0.0,0.0,0.0,0.0,0.0,1000.0,0.0,0.0,0.0,1000.0,-15.541314745550796,0.0,0.0,0.0,0.0,0.0,0.0,0.0,0.0,0.0,0.0,0.0,0.0,0.0,0.0,-1000.0,0.0,0.0,0.0,0.0,0.0,291.0573599309009,-809.8795832921512,293.6739473110508,-293.6739473110508,0.0,0.0,0.0,0.0,0.0,0.0,0.0,0.0,-1000.0,0.0,0.0,0.0,0.0,0.0,0.0,0.0,0.0,0.0,0.0,0.0,0.0,0.0,0.0,170.51950195719564,0.0,0.0,0.0,0.0,0.0,0.0,0.0,0.0,0.0,0.0,-340.0128278930859,0.0,0.0,0.0,629.1990608779296,0.0,0.0,0.0,0.0,0.0,2.4514189780563242,0.0,0.0,0.0,937.7343543733793,412.53790884165346,1000.0,0.0,0.0,0.0,0.0,0.0,-7.765364464649699,0.0,0.0,0.0,-28.798169602356097,0.0,0.0,-603.6527519536819,246.01850384727356,0.0,-849.6712558009555,0.0,-246.01850384727356,62.151449090375806,0.0,-865.7386708094696,291.0573599309009,0.0,212.40555741541826,0.0,0.0,0.0,-927.569716366926,0.0,927.569716366926,0.0,271.3342693603153,0.0,0.0,-579.7126873692492,0.0,0.0,0.0,-340.0128278930859,-0.1141965362448485,0.0,0.0,0.0,0.0,0.07613102416323235,0.0,0.0,0.0,974.709273772974,1000.0,0.0,-313.551515189993,-111.9892591056602,15.541314745550796,1000.0,0.0,-194.1320572046983,0.0,-311.3614233981523,0.0,0.0,0.0,-6.554881180454607,200.68693838515287,0.0,-679.1928326647027,-1000.0,0.0,0.0,0.0,0.0,0.0,0.0,0.0,0.0,0.0,0.0,0.0,0.0,0.0,0.0,0.0,0.0,629.1990608779296,2.7457511214700503,0.0,-835.5637193279002,0.0,851.3380263845049,0.0,0.0,0.0,0.0,-341.62173020373564,0.0,0.0,0.0,0.0,0.0,-232.33235353922746,0.0,0.0,0.0,31.6454151540746,-493.0485514590348,-22.129037133670558,0.0,-102.51042403579237,0.0,-3.806551208161617,0.0,-1.9032756040808085,18.32248592550894,0.0,0.0,0.0,0.0,817.181945524869,22.839307248969707,0.0,0.0,0.0,0.0,0.0,0.0,0.0,0.0,0.0,0.0,-615.8399551879287,0.0,0.0,0.0,0.0,0.0,0.0,0.0,0.0,-13.409211055950891,0.0,-828.1249999999991,0.0,0.0,0.0,0.0,0.0,-386.6990420634987,0.15226204832651552,0.0,0.0,0.0,0.0,0.0,0.0,0.0,0.0,0.0,46.146711196422736,0.0,0.0,0.0,0.0,0.0,0.0,0.0,0.0,0.0,0.08374412657985886,0.08374412657985886,0.0,0.0,0.0,45.678614497939414,0.0,0.0,0.0,1000.0,0.0,0.0,333.30822236511045,0.0,0.0,654.987145537585,-1000.0,0.0,0.0,731.6487360289028,0.0,0.0,0.0,0.0,0.0,0.0,0.0,0.0,0.0,0.0,162.8826929382573,-974.709273772974,534.3792367717247,0.0,339.1703112256793,0.0,-203.1250000000001,203.1250000000001,203.12500000000014,0.0,654.987145537585,0.0,268.28810347408626,0.0,0.0,0.0,0.0,0.0,0.0,0.0,0.0,0.0,0.0,0.0,0.0,0.0,0.0,0.0,0.0,0.0,45.678614497939414,0.0,0.0,0.0,0.0,0.0,0.0,0.0,0.0,0.0,0.0,0.0,0.0,0.7613102416323234,0.0,0.0,333.30822236511045,-333.30822236511045,0.0,-809.8795832921511,0.0,0.0,22.839307248969707,-731.6487360289028,0.0,0.0,0.0,0.0,0.0,0.0,0.0,0.0,0.0,0.0,0.0,0.0,22.839307248969707,22.839307248969703,509.63665391867414,-1000.0,0.0,0.0,0.0,0.0,0.0,0.0,0.0,679.1928326647027,0.0,1000.0,0.07613102416326001,0.0,0.0,0.0,100.54189326814308,0.0,0.0,0.0,0.0,0.0,0.0,0.0,0.0,0.0,0.0,0.0,0.0,0.0,0.0,0.0,0.0,0.0,0.07613102416323235,0.0,0.0,0.0,0.0,0.0,0.0,0.0,0.0,851.3380263845049,-341.62173020373564,161.69052955062978,0.0,0.0,-1000.0,-5.709826812242427,-3.80655120816162,0.0,0.0,0.0,0.0,0.0,0.0,0.0,0.0,0.0,0.0,0.0,0.0,0.0,15.541314745550796,0.0,0.0,820.9884967330306,0.0,0.0,0.0,-0.07613102416323235,0.0,0.0,0.07613102416323235,0.0,0.07613102416326001,0.0,820.5204000345473,0.0,45.678614497939414,92.87984947914347,92.87984947914347,0.0,0.0,0.0,0.0,0.0,0.0,0.0,534.3792367717247,0.0,0.0,0.0,0.0,0.0,0.0,0.0,0.0,0.0,0.0,0.0,0.0,0.0,0.0,0.0,0.0,0.0,0.0,0.0,0.0,0.0,0.0,0.0,0.1141965362448485,0.0,0.0,0.0,-22.839307248969707,0.0,0.0,0.0,0.0,0.0,0.0,3.806551208161617,0.0,0.0,0.0,0.0,0.0,0.0,0.0,0.0,-828.1249999999991,0.0,0.0,0.0,0.0,0.0,0.0,0.0,731.6487360289028,381.309240244512,0.0,0.0,-480.8469680609218,-311.3614233981523,161.69052955062978,0.0,0.0,-161.69052955062978,0.0,-100.64521394379317,0.0,3.80655120816162,1000.0,0.0,0.0,0.0,-680.0256557861718,0.0,0.0,0.0,0.0,0.0,0.0,0.0,0.0,0.0,-5.709826812242452,-5.709826812242424,92.87984947914347,0.0,0.0,0.0,0.0,0.0,0.0,0.0,0.0,0.0,2.4514189780563242,0.0,0.0,11.419653624484878,-146.6886044645658,0.0,0.0,22.839307248969707,333.30822236511045,0.0,0.0,0.0,-119.17186982036876,0.0,0.0,0.08374412657985886,0.0,0.0,0.0,46.43992473957174,0.0,0.0,0.0,0.0,170.51950195719564,0.0,0.0,0.0,0.0,0.0,0.0,0.0,0.0,381.309240244512,0.0,0.007613102416323235,0.007613102416323235,0.0,0.0,0.0,0.0,0.0,0.0,0.0,0.0,0.0,0.0,0.0,0.0,0.0,0.0,0.0,0.0,0.0,0.0,0.0,0.0,0.0,0.0,0.0,291.0573599309009,0.0,0.0,0.0,666.6164447302209,349.87459544267574,1000.0,-668.6998316837168,0.0,0.0,0.0,45.67861449793941,0.0,0.0,0.0,0.0,0.0,72.20921832348272,-117.88783282142214,0.0,666.6164447302209,0.0,0.0,0.0,0.0,0.0,0.0,0.0,0.0,0.0,0.0,-1000.0,-1000.0,52.14975155181416,0.0,-22.839307248969707,0.0,838.0049463527173,0.0,0.0,0.0,0.0,0.0,0.0,0.0,0.0,0.0,0.0,0.0,0.0,0.0,0.0,0.0,0.0,0.0,-9.516378020404048,0.0,-5.709826812242427,0.0,0.0,0.0,0.0,0.0,0.0,203.976131751258,-204.92776955329842,13.409211055950891,0.0,0.0,0.0,0.0,0.0,0.0,0.0,1000.0,22.839307248969703,22.839307248969707,0.0,0.0,0.0,0.0,0.0,0.08374412657985886,0.0,0.0,0.0,-838.0049463527173,0.0,0.0,0.0,0.0,0.0,0.0,0.0,0.0,0.0,0.0,0.0,0.0,0.0,0.0,410.26020001727363,0.0,0.0,0.0,0.0,79.93757537139398,339.1703112256793,0.0,0.0,0.0,0.0,0.0,0.0,0.0,-3.80655120816162,0.0,0.0,0.0,-9.516378020404048,0.0,0.0,0.0,0.0,0.0,0.0,0.0,0.0,0.0,0.0,0.0,0.0,0.0,0.0,0.0,0.0,0.0,0.0,-0.07613102416326001,0.0,0.0,3.806551208161617,-654.987145537585,0.0,0.0,0.0,0.0,0.0,0.0,0.0,0.0,6.554881180454607,1.9032756040808085,0.0,0.0,0.0,0.07613102416323235,0.0,76.13102416323234,-23.60061749060203,15.226204832646468,0.5437930297373739,212.40555741541826,-0.05709826812242425,3.806551208161617,1.5226204832646468,-0.38065512081618635,-212.40555741541826,22.839307248969703,-0.07613102416323235,103.78714113271742,0.0,0.019032756040808087,0.5437930297373739,-311.3614233981523,-345.4282814118973,-1.5226204832646468,-546.9134345684286,-0.07613102416323235,0.019032756040808087,-212.40555741541826,7.613102416323234,0.07613102416323235,0.07613102416323235,0.15987515074309122,-333.2244782385309,0.0,-0.05709826812242425,22.839307248969707,0.07613102416323235,22.839307248969707,-38.06551208161618,-0.038065512081616175,-16.46013627864238,-7.689233440486467,-0.05709826812242425,-0.07613102416323235,-23.60061749060203,0.07613102416323235,7.613102416323234,-1.5226204832646468,0.0,0.0,-7.613102416323234,546.9134345684286,0.0,15.226204832646468,0.1141965362448485,-1000.0,7.613102416323234,-162.8826929382573,0.0,-15.226204832646468,0.038065512081616175,0.7613102416323234,78.38787879749825,15.226204832646468,-0.07613102416323235,-17.129480436727302,-0.15987515074309122,23.60061749060203,0.07613102416323235,345.4282814118973,-91.3572289958788,0.0,-0.07613102416323235,-0.019032756040808087,0.0,-0.07613102416323235,-386.6990420634987,0.07613102416323159,-0.019032756040808087,-0.019032756040808087,-0.019032756040808087,30.452409665292937,38.06551208161618,0.7613102416323234,56.40357252693475,-0.019032756040808087,52.98861646227907,3.806551208161617,197.15607223991097,0.07613102416323235,0.038065512081616175,0.038065512081616175,7.613102416323234,23.60061749060203,0.07613102416323235,-23.60061749060203,0.7613102416323234,0.07613102416323235,-56.40357252693475,0.07613102416323235,0.30452409665292635,0.38065512081618635,0.038065512081616175,0.019032756040808087,22.839307248969707,-0.07613102416323236,0.0,0.7613102416323234,-112.8071450538695,1.9032756040808096,-7.613102416323234,15.226204832646468,3.806551208161617,-0.07613102416323235,311.3614233981523,0.1141965362448485,-0.07613102416323235,-15.226204832646468,23.60061749060203,258.54071587427217,0.038065512081616175,-394.31214447982194,-0.07613102416323235,-0.07613102416323159,-0.07613102416323235,0.038065512081616175,212.40555741541826,-15.226204832646468,0.07613102416323235,156.7757575949965,-0.019032756040808087,333.2244782385309,-156.7757575949965,11.41965362448485,7.689233440486467,393.45845191089313,212.40555741541826,-0.05709826812242425,17.129480436727302,-15.226204832646468,0.07613102416323235,-0.019032756040808084,3.80655120816162,76.13102416323234,-0.038065512081616175,-0.07613102416323235,0.019032756040808087,733.5460319999829,0.0,999.9619344879184,0.0,-522.0755039223286,0.0,-23.94373063509215,-549.0677237649658,0.0,-1000.0,911.9751737534344,1000.0,0.0,500.0,261.0377519611643,-455.9875868767172,0.0,274.5338618824829,0.0,-139.3688460539034,0.0,-1000.0,-139.3688460539034,23.94373063509215,29.900197972231705,0.0,1496.5981,bhi
452,0.0,0.0,0.0,0.0,0.0,0.0,0.0,0.0,95.08387109565422,0.0,0.0,0.0,0.0,0.0,0.0,0.0,-946.7627383994029,419.6504108194321,0.0,1000.0,0.0,0.0,0.0,18.672394922033696,0.0,0.0,0.0,0.0,0.0,255.0716966315025,11.634693499946497,-11.634693499946497,115.23758305379418,0.0,0.0,0.0,0.0,-68.15821897353628,0.0,-576.5908830748746,1000.0,0.0,-298.2292284384977,0.0,0.0,0.0,0.0,0.0,393.46181332940273,0.0,0.0,0.0,0.0,0.05718318570188785,0.0,0.0,0.0,10.39694285488171,0.0,0.0,54.47584217651089,0.0,0.0,-134.32073936426806,0.0,0.0,0.0,0.0,348.4134305318585,0.0,0.0,0.5198471427440856,0.0,0.0,0.0,0.0,0.0,0.0,0.0,0.0,0.0,0.0,0.0,0.0,31.19082856464513,0.0,0.0,509.4790541708605,-71.1217220262767,587.8312653454457,187.55542588062966,0.0,0.0,-514.4815088979819,15.595414282322565,0.0,15.595414282322565,0.0,0.0,0.0,0.0,2.5992357137204274,73.71118033981591,0.0,0.0,0.0,0.0,1000.0,0.0,0.0,0.0,0.0,0.0,0.0,0.0,0.0,0.0,0.0,0.0,0.0,0.0,0.0,0.0,0.0,-1000.0,0.0,0.0,15.595414282322565,0.0,16.115261425066652,0.0,0.0,0.0,0.0,0.0,0.0,0.0,0.0,0.0,-188.79658154077896,0.0,0.0,0.0,0.0,0.0,4.002822999129456,0.051984714274408546,187.56842205919827,0.0,0.0,0.0,0.0,0.0,0.0,0.0,0.0,192.00379977906516,0.0,0.0,0.0,0.0,0.0,92.19582017308645,92.19582017308645,0.0,0.0,0.0,0.0,0.0,0.0,0.0,103.88249838730735,0.0,0.0,0.0,0.0,0.0,0.0,0.0,0.0,0.0,0.0,0.0,0.0,0.0,0.0,0.0,0.0,0.0,0.0,0.0,0.0,0.0,0.0,0.0,0.0,0.0,0.0,298.2292284384977,-516.7095433191689,516.7095433191689,0.0,0.0,0.0,0.0,0.0,0.0,0.0,181.3605162916866,-1000.0,0.0,0.0,0.0,0.0,0.0,0.0,0.0,0.0,0.0,0.0,0.0,0.0,0.0,649.2380230125124,-646.9995481309147,0.0,0.0,0.0,0.0,0.0,0.0,0.0,0.0,0.0,0.0,54.47584217651089,0.0,11.63469349994648,0.0,0.0,0.0,0.0,0.0,0.0,0.0,249.5832243478953,0.0,0.0,0.0,-1000.0,-852.6414071456055,684.4605526195919,0.0,0.0,0.0,0.0,188.79658154077896,0.0,0.0,0.0,0.0,-160.79076036305003,0.0,0.0,574.5826825096403,-461.4753619330749,331.02073969784084,243.5619428117995,792.4961016309157,0.0,-587.8312653454457,0.0,0.0,0.0,0.0,145.03735282559987,0.0,0.0,0.0,0.0,0.0,0.0,0.0,103.77852895875853,188.79658154077896,0.0,0.0,0.0,0.0,0.0,54.47584217651089,-0.07797707141161282,0.0,0.0,0.0,0.0,0.051984714274408546,0.0,0.0,0.0,-265.17863863021785,-946.7627383994029,0.0,0.0,-669.3447471726347,0.0,515.5954142823225,0.0,40.08541317699644,0.0,0.0,0.0,0.0,0.0,959.9145868230036,0.0,-1000.0,0.0,-1000.0,0.0,0.0,0.0,0.0,0.0,0.0,0.0,0.0,0.0,0.0,0.0,0.0,0.0,0.0,0.0,0.0,0.0,-67.95028011643873,0.0,0.0,0.0,0.0,236.2746230483117,0.0,0.0,0.0,-241.95135384707825,0.0,0.0,0.0,445.3780885840451,0.0,0.0,-93.94918038485807,0.0,572.4873841390059,-348.4134305318585,0.0,-1000.0,0.0,-479.76597707656634,93.94918038485807,-2.5992357137204274,122.65590002861583,-573.7870019958661,997.4007642862796,-398.5714154583502,0.0,0.0,1000.0,118.39071946362179,15.595414282322565,15.62500000000175,-15.62500000000175,0.0,0.0,0.0,95.13585580992863,0.0,-649.2380230125124,649.2380230125124,649.2380230125124,504.08456604310027,0.0,0.0,0.0,0.0,0.0,181.3605162916866,0.0,0.0,-79.84489718775718,0.0,0.0,500.0,0.0,0.0,0.0,0.0,-662.5949624132372,0.10396942854879399,0.0,0.0,0.0,0.0,0.0,0.0,0.0,0.0,0.0,159.61684899107956,0.0,0.0,0.0,0.0,0.0,0.0,0.0,0.0,0.0,0.05718318570188785,0.05718318570188785,11.634693499946497,190.03162577205853,0.0,31.19082856464513,0.0,0.0,0.0,0.0,0.0,0.0,0.0,0.0,0.0,396.8997399710103,0.0,0.0,0.0,0.0,0.0,0.0,500.0,0.0,0.0,0.0,0.0,0.0,0.0,0.0,333.3333333333333,265.17863863021785,0.0,0.0,4.002822999129456,0.0,-1000.0,485.51849110201806,485.51849110201806,0.0,396.8997399710103,0.0,0.0,-265.6952224422269,0.0,0.0,649.2380230125124,0.0,0.0,0.0,0.0,0.0,0.0,0.0,0.0,0.0,0.0,0.0,0.0,0.0,31.19082856464513,188.79658154077896,188.79658154077896,0.0,0.0,0.0,0.0,0.0,0.0,0.0,0.0,0.0,0.0,0.5198471427440856,0.0,11.634693499946497,0.0,0.0,11.63469349994648,298.2292284384977,0.0,0.0,15.595414282322565,0.0,0.0,0.0,0.0,0.0,0.0,0.0,0.0,0.0,0.0,0.0,-511.6346934999465,0.0,15.595414282322565,15.595414282322565,656.4779031617006,0.0,0.0,500.0,0.0,0.0,0.0,0.0,0.0,-73.71118033981591,181.3605162916866,-93.63112734002239,0.051984714274408546,0.0,0.0,0.0,68.65324158710999,485.51849110201806,0.0,514.4815088979819,0.0,-188.79658154077896,0.0,0.0,0.0,0.0,0.0,0.0,0.0,0.0,0.0,0.0,0.0,0.0,0.051984714274408546,0.0,0.0,0.0,1000.0,-1000.0,0.0,0.0,0.0,0.0,-241.95135384707825,236.2746230483117,0.0,0.0,67.95028011643873,-3.8988535705806413,-2.599235713720427,0.0,0.0,0.0,0.0,0.0,0.0,0.0,0.0,0.0,0.0,0.0,0.0,188.79658154077896,0.0,0.0,0.0,120.98995517734222,0.0,0.0,0.0,95.08387109565422,0.0,0.0,0.051984714274408546,0.0,0.051984714274408546,0.0,0.0,0.0,31.19082856464513,63.421351414778435,63.421351414778435,0.0,0.0,0.0,0.0,0.0,0.0,0.0,0.0,0.0,181.3605162916866,0.0,0.0,964.3904707220302,0.0,0.0,0.0,0.0,0.0,0.0,0.0,0.0,0.0,0.0,0.0,0.0,0.0,0.0,0.0,0.0,0.0,0.0,0.07797707141161282,0.0,0.0,0.0,-15.595414282322565,0.0,0.0,0.0,0.0,0.0,-190.03162577205853,2.5992357137204274,0.0,0.0,0.0,0.0,0.0,0.0,0.0,0.0,0.0,0.0,0.0,0.0,0.0,0.0,188.79658154077896,0.0,0.0,0.0,-459.20639724045384,0.0,-337.02400755399833,485.51849110201806,0.0,0.0,0.0,0.0,0.0,-63.421351414778435,0.0,2.5992357137204274,893.0920653110135,0.0,0.0,-11.634693499946497,-79.84489718775718,0.0,0.0,0.0,0.0,0.0,0.0,0.0,0.0,0.0,31.710675707389218,-39.508382848550525,63.421351414778435,0.0,0.0,0.0,11.63469349994648,0.0,0.0,0.0,0.0,0.0,249.5832243478953,0.0,0.0,162.21980363524995,-228.27009057818955,40.31536579477711,-298.2292284384977,15.595414282322565,0.0,0.0,0.0,0.0,-318.76018826509494,0.0,0.0,0.05718318570188785,0.0,0.0,0.0,31.710675707389218,0.0,0.0,0.0,0.0,-646.9995481309147,0.0,0.0,0.0,0.0,0.0,0.0,0.0,0.0,0.0,0.0,0.005198471427440855,0.005198471427440855,0.0,0.0,0.0,0.0,0.0,0.0,0.0,0.0,0.0,0.0,11.63469349994648,0.0,0.0,0.0,0.0,190.03162577205853,0.0,0.0,0.0,0.0,0.0,0.0,0.0,0.0,0.0,0.0,0.0,0.0,0.0,-201.8344350309054,419.6504108194321,0.0,0.0,0.0,31.19082856464513,0.0,0.0,0.0,0.0,0.0,0.0,-31.19082856464513,0.0,0.0,0.0,0.0,0.0,0.0,0.0,0.0,0.0,11.634693499946497,11.634693499946497,0.0,93.63112734002239,0.0,1000.0,-996.5920514102629,980.9966371279403,0.0,-68.15821897353628,0.0,0.0,0.0,0.0,0.0,0.0,0.0,0.0,0.0,476.5625,0.0,-476.5625,-476.5625,0.0,0.0,0.0,0.0,-6.498089284301068,188.79658154077896,-3.8988535705806413,1000.0,0.0,0.0,0.0,0.0,0.0,0.0,-0.649808928430107,79.84489718775718,0.0,0.0,0.0,0.0,0.0,0.0,0.0,1000.0,15.595414282322565,15.595414282322565,0.0,0.0,0.0,0.0,0.0,0.05718318570188785,190.03162577205853,0.0,0.0,68.15821897353628,0.0,0.0,0.0,0.0,0.0,0.0,0.0,0.0,0.0,0.0,0.0,0.0,0.0,0.0,0.0,0.0,0.0,0.0,0.0,54.58394998812898,4.002822999129456,0.0,0.0,0.0,0.0,0.0,190.03162577205853,0.0,233.67538733459128,0.0,0.0,0.0,-6.498089284301068,0.0,0.0,0.0,0.0,0.0,0.0,0.0,0.0,0.0,0.0,0.0,0.0,0.0,0.0,0.0,0.0,0.0,0.0,-0.051984714274408546,0.0,0.0,2.5992357137204274,-396.8997399710103,0.0,0.0,0.0,0.0,188.79658154077896,0.0,0.0,0.0,-959.9145868230036,1.2996178568602135,0.0,0.0,0.0,0.051984714274408546,0.0,51.984714274408546,-16.115261425066652,10.39694285488171,0.37131938767434675,145.03735282559987,-0.03898853570580641,2.5992357137204274,1.0396942854881703,-0.25992357137195654,-145.03735282559987,15.595414282322565,-0.05198471427440868,0.0,500.0,0.012996178568602136,0.37131938767434675,0.0,-8.275966512486974,10.594999214458309,-472.8876724200292,-0.051984714274408546,0.012996178568602136,-145.03735282559987,5.198471427440855,0.051984714274408546,0.051984714274408546,-189.92245787208225,0.0571831857018494,-292.31405436501325,-0.03898853570580641,15.595414282322565,0.051984714274408546,15.595414282322565,-25.992357137204273,-0.025992357137204273,100.31025458594809,-5.250456141715263,-0.03898853570580641,-0.051984714274408546,-16.115261425066652,0.051984714274408546,5.198471427440855,-1.0396942854881703,0.0,0.0,-5.198471427440855,472.8876724200292,0.0,10.39694285488171,0.07797707141161282,687.7182526687483,5.198471427440855,-333.3333333333333,500.0,-10.39694285488171,0.025992357137204273,0.5198471427440856,0.0,-448.8094543855721,-0.051984714274408546,-201.72818648380047,189.92245787208225,16.115261425066652,0.051984714274408546,8.275966512486974,437.6183428707098,500.0,-0.051984714274408546,-0.012996178568602136,-500.0,-0.051984714274408546,-662.5949624132372,0.05198471427440873,-0.012996178568602136,-0.012996178568602136,-0.012996178568602136,20.79388570976342,25.992357137204273,0.5198471427440856,359.00945012536886,-0.012996178568602136,0.0,2.5992357137204274,333.89671692033903,0.051984714274408546,0.025992357137204273,0.025992357137204273,160.80018065705138,16.115261425066652,0.051984714274408546,-16.115261425066652,0.5198471427440856,0.051984714274408546,-1000.0,0.051984714274408546,0.20793885709754534,0.25992357137195654,0.025992357137204273,0.012996178568602136,15.595414282322565,-0.05198471427440854,292.31405436501325,-5.297499607229154,-718.0189002507377,1.2996178568602137,-5.198471427440855,10.39694285488171,2.5992357137204274,-0.051984714274408546,0.0,0.07797707141161282,-0.051984714274408546,-321.60036131410277,16.115261425066652,630.2752151543932,0.025992357137204273,-667.7934338406781,-0.051984714274408546,-0.05198471427440873,-0.051984714274408546,0.025992357137204273,145.03735282559987,-10.39694285488171,0.051984714274408546,0.0,-0.012996178568602136,-0.0571831857018494,0.0,7.797707141161282,5.250456141715263,-644.7396248915873,145.03735282559987,-0.03898853570580641,201.72818648380047,448.8094543855721,0.051984714274408546,-0.012996178568602138,447.9773242977655,51.984714274408546,-0.025992357137204273,-0.051984714274408546,0.012996178568602136,1000.0,0.0,-687.7442450258854,640.9905498746311,-595.6414997286124,0.0,187.82585653247702,369.1320458627594,0.0,825.9563780925805,-1000.0,326.62706469911666,0.0,-412.97818904629025,297.8207498643062,500.0,0.0,-184.5660229313797,-190.03162577205853,-311.5150268892982,0.0,-326.62706469911666,-311.5150268892982,-187.82585653247702,-127.4954788828368,0.0,1496.5981,bhi
453,0.0,0.0,0.0,0.0,0.0,0.0,0.0,0.0,-0.13224605077666135,0.0,0.0,0.0,0.0,0.0,0.0,0.0,-863.6009618953917,-142.9758807184436,0.0,1000.0,0.0,0.0,0.0,383.26188903087535,0.0,0.0,0.0,0.0,0.0,-907.4091337741667,0.0,0.0,913.5814603204585,0.0,0.0,0.0,0.0,999.4710157968939,0.0,-10.748956965059278,728.9139627215377,0.0,0.0,0.0,0.0,0.0,0.0,0.0,1000.0,0.0,0.0,-630.0020544583066,0.0,0.1454706558542309,0.0,0.0,0.0,26.44921015533227,0.0,0.0,33.29913287688483,0.0,101.53767236896175,0.0,0.0,0.0,0.0,0.0,205.51133820475212,-205.51133820475212,0.0,1.3224605077666138,0.0,0.0,0.0,0.0,0.0,0.0,0.0,0.0,0.0,0.0,0.0,0.0,79.34763046599682,0.0,0.0,-232.8740343386077,732.6496620889716,0.0,-0.03306151269416534,0.0,0.0,960.961158816609,39.67381523299841,0.0,39.67381523299841,0.0,681.1374678074242,0.0,0.0,319.2827207093226,-972.737115824304,0.0,0.0,-315.94381256605413,0.0,0.0,0.0,0.0,0.0,0.0,0.0,0.0,0.0,0.0,0.0,0.0,0.0,0.0,0.0,0.0,0.0,0.0,-804.5350341159485,0.0,0.0,39.67381523299841,0.0,40.99627574076503,0.0,0.0,-246.2745104230331,246.2745104230331,0.0,0.0,-134.8368052458466,0.0,0.0,0.0,0.0,0.0,0.0,0.0,0.0,10.182945909802918,0.13224605077666135,0.0,0.0,0.0,-225.24979671919647,225.24979671919647,0.0,0.0,0.0,0.0,671.7919719562021,0.0,0.0,0.0,0.0,0.0,-415.7259316101315,-415.7259316101315,0.0,0.0,0.0,-203.125,1000.0,0.0,0.0,-415.59368555935487,0.0,0.0,0.0,-288.1655732686962,-462.4946957136889,0.0,0.0,0.0,0.0,0.0,0.0,0.0,0.0,0.0,-53.13604049338402,0.0,0.0,0.0,0.0,-165.93683537767026,0.0,0.0,0.0,0.0,0.0,0.0,630.0020544583066,-397.12802011969893,397.12802011969893,0.0,0.0,0.0,0.0,0.0,0.0,0.0,65.32798205013742,-1000.0,0.0,0.0,0.0,0.0,0.0,0.0,0.0,0.0,0.0,0.0,0.0,0.0,0.0,0.0,-131.6981416708488,141.00804121125168,0.0,0.0,0.0,134.8368052458466,0.0,0.0,0.0,0.0,0.0,33.29913287688483,141.00804121125168,0.0,0.0,0.0,0.0,0.0,0.0,0.0,0.0,4.258322835007618,0.0,0.0,0.0,-863.7993309715566,265.9783512371139,1000.0,0.0,-141.00804121125168,0.0,0.0,134.8368052458466,338.7478529562886,0.0,0.0,0.0,-90.9377905911251,0.0,0.0,623.9748716209415,0.0,0.0,623.9748716209417,0.0,0.0,335.52164196927265,0.0,-937.2319209578415,0.0,0.0,368.9664816668853,0.0,0.0,0.0,-1000.0,0.0,1000.0,0.0,-415.85817766090815,0.0,134.8368052458466,-655.3172402713371,-203.125,0.0,0.0,33.29913287688483,-0.19836907616499203,0.0,0.0,0.0,0.0,0.13224605077666135,0.0,0.0,0.0,122.00469730966415,-863.6009618953917,0.0,-210.62920837736942,414.5374669265928,462.4946957136889,392.64891194373297,0.0,1000.0,0.0,-315.94381256605413,0.0,0.0,0.0,-11.386384971870445,11.386384971870445,-1000.0,-1000.0,453.8814528128668,0.0,0.0,0.0,0.0,0.0,0.0,0.0,0.0,0.0,0.0,0.0,0.0,0.0,0.0,0.0,0.0,0.0,0.0,0.0,-1000.0,0.0,0.0,0.0,1000.0,370.3877707676802,0.0,318.8625321925758,0.0,681.1374678074242,0.0,0.0,312.6704181704895,-828.1250000000008,0.0,337.05248837592217,0.0,611.2272768233784,822.235833843833,-6.612302538833068,0.0,821.9306926292254,0.0,-1000.0,405.30347952370425,-3.306151269416534,0.0,0.0,0.0,0.0,-532.3121180506319,-290.3055614463857,39.67381523299841,0.0,0.0,0.0,0.0,0.0,0.0,0.0,0.0,0.0,0.0,836.4288103185245,0.0,0.0,0.0,0.0,0.0,65.32798205013742,0.0,0.0,-68.23853949207692,0.0,0.0,375.9388660108031,0.0,0.0,0.0,0.0,-171.37195690384715,0.264492101553411,0.0,0.0,0.0,0.0,0.0,0.0,0.0,0.0,0.0,0.0,0.0,0.0,0.0,0.0,0.0,0.0,0.0,0.0,0.0,0.1454706558542309,0.1454706558542309,0.0,0.0,0.0,79.34763046599682,0.0,0.0,0.0,1000.0,0.0,0.0,0.0,0.0,0.0,1000.0,-1000.0,0.0,0.0,168.5219390191286,0.0,0.0,375.9388660108031,0.0,0.0,0.0,0.0,0.0,0.0,0.0,268.1783447053162,-122.00469730966415,0.0,0.0,10.182945909802918,0.0,960.961158816609,0.0,0.0,0.0,1000.0,0.0,828.6280430961529,0.0,0.0,0.0,0.0,0.0,0.0,0.0,0.0,0.0,0.0,0.0,0.0,0.0,0.0,0.0,0.0,0.0,79.34763046599682,134.8368052458466,134.8368052458466,0.0,0.0,0.0,0.0,0.0,0.0,0.0,0.0,0.0,0.0,1.3224605077666138,0.0,0.0,0.0,0.0,0.0,630.0020544583066,0.0,0.0,39.67381523299841,-168.5219390191286,0.0,0.0,0.0,0.0,0.0,0.0,0.0,0.0,0.0,735.4988391663834,0.0,0.0,39.67381523299841,39.67381523299841,977.3241752331232,-1000.0,0.0,375.9388660108031,0.0,0.0,0.0,0.0,0.0,972.737115824304,65.32798205013742,1000.0,0.13224605077666135,0.0,0.0,0.0,174.64980234354945,453.0657920921974,0.0,-960.961158816609,0.0,0.0,0.0,0.0,0.0,0.0,0.0,0.0,0.0,0.0,0.0,0.0,0.0,0.0,0.13224605077666135,0.0,0.0,0.0,0.0,0.0,0.0,0.0,0.0,0.0,0.0,1000.0,0.0,0.0,-1000.0,-9.918453808249637,-6.612302538833068,0.0,0.0,0.0,0.0,0.0,0.0,0.0,0.0,0.0,0.0,0.0,0.0,134.8368052458466,462.4946957136889,0.0,0.0,-283.6932589075526,0.0,0.0,0.0,-0.13224605077666135,0.0,0.0,0.13224605077666135,0.0,0.13224605077666135,0.0,0.0,0.0,79.34763046599682,161.34018194752687,161.34018194752687,0.0,0.0,0.0,0.0,0.0,0.0,0.0,0.0,0.0,65.32798205013742,0.0,0.0,0.0,0.0,0.0,0.0,0.0,0.0,0.0,0.0,0.0,0.0,0.0,0.0,0.0,0.0,0.0,0.0,0.0,0.0,0.0,0.19836907616499203,0.0,0.0,0.0,-39.67381523299841,0.0,0.0,0.0,0.0,0.0,0.0,6.612302538833068,0.0,0.0,0.0,203.125,-1000.0,0.0,0.0,0.0,0.0,0.0,0.0,0.0,0.0,0.0,134.8368052458466,0.0,168.5219390191286,0.0,0.0,0.0,-6.145068419794054,137.1219795261433,0.0,318.8625321925758,681.1374678074242,-1000.0,0.0,177.40767100876172,0.0,6.612302538833068,486.01249905142754,0.0,0.0,0.0,-68.23853949207692,0.0,0.0,0.0,0.0,0.0,-333.30380093738637,0.0,0.0,0.0,43.21758668513439,-9.91845380824956,161.34018194752687,0.0,0.0,0.0,0.0,0.0,0.0,0.0,0.0,0.0,4.258322835007618,0.0,0.0,19.83690761649919,-174.64980234354945,-966.6299654234745,0.0,39.67381523299841,0.0,0.0,0.0,0.0,-60.82957829842995,0.0,0.0,0.1454706558542309,0.0,0.0,0.0,80.67009097376344,0.0,0.0,0.0,0.0,-131.6981416708488,0.0,0.0,0.0,0.0,0.0,0.0,0.0,0.0,-1000.0,0.0,0.013224605077666136,0.013224605077666136,0.0,0.0,0.0,0.0,0.0,0.0,0.0,0.0,0.0,0.0,0.0,0.0,0.0,0.0,0.0,0.0,0.0,0.0,0.0,0.0,0.0,0.0,0.0,0.0,0.0,0.0,0.0,0.0,-34.431790290318126,0.0,-142.9758807184436,0.0,0.0,0.0,79.34763046599682,0.0,0.0,0.0,0.0,0.0,920.6523695340031,-1000.0,0.0,0.0,0.0,0.0,0.0,0.0,0.0,0.0,0.0,0.0,0.0,0.0,453.8814528128668,-1000.0,90.58854478201305,0.0,-39.67381523299841,0.0,999.4710157968939,0.0,0.0,0.0,0.0,0.0,0.0,0.0,0.0,0.0,0.0,0.0,0.0,0.0,0.0,0.0,0.0,0.0,-16.530756347082704,134.8368052458466,-322.5888719787391,0.0,0.0,0.0,0.0,0.0,0.0,0.0,-1.6530756347082671,68.23853949207692,0.0,0.0,0.0,0.0,0.0,0.0,0.0,1000.0,39.67381523299841,39.67381523299841,0.0,0.0,0.0,0.0,0.0,0.1454706558542309,0.0,0.0,0.0,-999.4710157968939,0.0,0.0,0.0,0.0,0.0,0.0,0.0,0.0,0.0,0.0,0.0,0.0,0.0,0.0,0.0,0.0,0.0,0.0,0.0,138.8583533154944,10.182945909802918,0.0,0.0,0.0,0.0,0.0,0.0,0.0,-6.612302538833068,0.0,0.0,0.0,-16.530756347082704,0.0,0.0,0.0,0.0,0.0,0.0,0.0,0.0,0.0,0.0,0.0,0.0,0.0,0.0,0.0,0.0,0.0,0.0,-0.13224605077666135,0.0,0.0,6.612302538833068,-1000.0,0.0,0.0,0.0,0.0,134.8368052458466,0.0,0.0,0.0,11.386384971870445,3.306151269416534,0.0,0.0,0.0,0.13224605077666135,0.0,132.24605077666135,-40.99627574076503,26.44921015533227,0.944614648404724,368.9664816668853,-0.09918453808249601,662.9475116240778,2.6449210155332272,-0.6612302538827635,-368.9664816668853,39.67381523299841,-0.13224605077666135,105.31460418868471,375.9388660108031,0.03306151269416534,0.944614648404724,-315.94381256605413,-21.053571283643635,-2.6449210155332272,6.576842613835311,-0.13224605077666143,0.03306151269416534,-368.9664816668853,13.224605077666135,0.13224605077666135,0.13224605077666135,0.27771670663089226,0.14547065585432747,0.0,-0.09918453808249601,39.67381523299841,0.13224605077666135,39.67381523299841,-66.12302538833067,-0.06612302538833068,-39.904346824093864,-13.356851128442797,-0.09918453808249601,-0.13224605077666135,-40.99627574076503,0.13224605077666135,13.224605077666135,-2.6449210155332272,0.0,0.0,-13.224605077666135,-6.576842613835311,0.0,26.44921015533227,0.19836907616499203,-1000.0,13.224605077666135,-268.1783447053162,375.9388660108031,-26.44921015533227,0.06612302538833068,1.3224605077666138,52.657302094342356,26.44921015533227,-0.13224605077666135,-29.75536142474875,-0.27771670663089226,40.99627574076503,0.13224605077666135,21.053571283643635,217.24360507880957,375.9388660108031,-0.13224605077666135,-0.03306151269416534,-375.9388660108031,-0.13224605077666135,-171.3719569038472,0.13224605077643398,-0.03306151269416534,-0.03306151269416534,-0.03306151269416534,52.89842031066454,66.12302538833067,1.3224605077666138,97.97779286916123,-0.03306151269416534,0.0,6.612302538833068,92.29828099075664,0.13224605077666135,0.06612302538833068,0.06612302538833068,133.77563546014437,40.99627574076503,0.13224605077666135,-40.99627574076503,1.3224605077666138,0.13224605077666135,-97.97779286916123,0.13224605077666135,0.5289842031061198,0.6612302538827635,0.06612302538833068,0.03306151269416534,39.67381523299841,-0.13224605077666135,0.0,1.3224605077666136,-195.95558573832247,659.6413603546613,-13.224605077666135,26.44921015533227,6.612302538833068,-0.13224605077666135,315.94381256605413,0.19836907616499203,-0.13224605077666135,-267.55127092028874,40.99627574076503,252.48897506058424,0.06612302538833068,-184.59656198151328,-0.13224605077666135,-0.13224605077643398,-0.13224605077666135,0.06612302538833068,368.9664816668853,-26.44921015533227,0.13224605077666135,105.31460418868471,-0.03306151269416534,-0.14547065585432747,-105.31460418868471,19.8369076164992,13.356851128442797,391.68883200063453,368.9664816668853,-0.09918453808249601,29.75536142474875,-26.44921015533227,0.13224605077666143,-0.03306151269416534,6.612302538833068,132.24605077666135,-0.06612302538833068,-0.13224605077666135,0.03306151269416534,0.0,0.0,664.412235005339,0.0,475.83250711439456,0.0,240.4782339028469,-779.3821185164794,0.0,389.1648187660287,-1000.0,-20.304141735538217,-335.52164196927265,-194.58240938301435,-237.91625355719728,500.0,0.0,389.6910592582397,0.0,-191.6593967621543,335.52164196927265,20.304141735538217,-191.6593967621543,-240.4782339028469,5.005011873185609,0.0,1496.5981,bhi
454,0.0,0.0,0.0,0.0,0.0,0.0,0.0,0.0,-0.2276624111807057,0.0,0.0,0.0,0.0,0.0,0.0,0.0,0.0,0.0,0.0,202.03209557429227,0.0,0.0,0.0,976.778434059568,0.0,324.5244148815489,0.0,0.0,0.0,-857.7599037089417,0.0,0.0,1000.0,0.0,0.0,0.0,0.0,-42.920232676954,0.0,-863.5429271332787,931.7012766457883,0.0,0.0,-516.6934092968644,0.0,0.0,0.0,0.0,857.7599037089417,0.0,0.0,0.0,0.0,0.2504286522979256,0.0,0.0,0.0,45.53248223614114,0.0,0.0,-17.000513945805068,0.0,499.6928953510593,473.5455142087296,0.0,0.0,0.0,0.0,0.0,0.0,0.0,2.2766241118070574,0.0,0.0,0.0,0.0,0.0,0.0,0.0,0.0,0.0,0.0,0.0,0.0,136.59744670842343,0.0,0.0,133.84449315557393,991.6043968645156,-982.8673001122602,-0.05691560279517643,0.0,0.0,108.20071089437388,68.29872335421172,0.0,68.29872335421172,0.0,0.0,0.0,0.0,11.383120559035286,-1000.0,0.0,0.0,-291.5799702842487,0.0,0.0,0.0,0.0,0.0,0.0,0.0,0.0,0.0,0.0,0.0,0.0,0.0,0.0,0.0,0.0,0.0,0.0,-954.5364923751042,0.0,0.0,68.29872335421172,0.0,70.57534746601877,0.0,0.0,278.00838694626145,-278.00838694626145,0.0,0.0,-1000.0,0.0,0.0,990.8531328034754,0.0,0.0,0.0,0.0,0.0,17.530005660914412,0.2276624111807057,0.0,0.0,0.0,0.0,-366.6133174869025,0.0,0.0,0.0,0.0,1000.0,0.0,0.0,0.0,0.0,0.0,999.7723375888193,999.7723375888193,0.0,0.0,0.0,-421.875,-350.2722053783557,0.0,0.0,1000.0,0.0,0.0,0.0,34.31210590820141,-1000.0,0.0,0.0,0.0,0.0,0.0,0.0,0.0,0.0,0.0,0.0,0.0,0.0,0.0,0.0,-1000.0,0.0,0.0,0.0,0.0,0.0,0.0,0.0,8.39560313548443,-8.39560313548443,0.0,0.0,0.0,0.0,0.0,0.0,0.0,142.24009629105836,-28.457801397588213,0.0,0.0,0.0,0.0,0.0,0.0,0.0,0.0,0.0,0.0,0.0,0.0,0.0,32.45890543159503,139.7529193831219,0.0,0.0,0.0,0.0,9.146867196524568,290.7077078897569,0.0,0.0,0.0,0.0,-17.000513945805068,516.6934092968644,0.0,0.0,0.0,0.0,0.0,0.0,0.0,0.0,7.330729640016301,0.0,0.0,0.0,-983.2087937290312,0.0,1000.0,0.0,0.0,0.0,0.0,9.146867196524568,0.0,0.0,0.0,0.0,-97.113580551199,0.0,0.0,0.0,0.0,0.0,-1000.0,1000.0,-1000.0,1000.0,0.0,-781.1766981547388,0.0,0.0,344.4704193044121,0.0,0.0,0.0,-833.178881698837,0.0,833.178881698837,0.0,1000.0,0.0,9.146867196524568,0.0,-421.875,0.0,0.0,-17.000513945805068,-0.34149361677105855,0.0,0.0,0.0,0.0,0.2276624111807057,0.0,0.0,0.0,633.6628391160151,0.0,0.0,-194.3866468561658,-755.2507341129126,1000.0,1000.0,0.0,41.51721175923394,0.0,-291.5799702842487,0.0,0.0,0.0,-19.60173360265791,-21.91547815657603,0.0,-1000.0,-1000.0,0.0,0.0,0.0,0.0,0.0,0.0,0.0,0.0,0.0,0.0,0.0,0.0,0.0,0.0,0.0,0.0,0.0,-1000.0,0.0,-957.9904169677687,0.0,0.0,0.0,0.0,0.0,0.0,-24.860735300930713,0.0,0.0,0.0,802.0943546725304,0.0,0.0,-264.0288328503642,0.0,0.0,21.91547815657603,406.81998585482063,0.0,-1000.0,-108.64179132735055,264.0288328503642,-11.383120559035286,0.0,-5.691560279517643,-11.383120559035286,-233.4523042399027,0.0,975.9657946305506,1000.0,-1000.0,68.29872335421172,0.0,0.0,0.0,1000.0,0.0,0.0,0.0,-32.45890543159503,32.45890543159503,32.45890543159503,-709.4905894655908,0.0,0.0,-0.4553248223614114,0.0,0.0,142.24009629105836,0.0,0.0,-43.1478950881347,0.0,0.0,0.0,0.0,0.0,0.0,0.0,-295.1591214579923,0.4553248223610059,0.0,0.0,0.0,0.0,0.0,0.0,0.0,0.0,0.0,0.0,0.0,0.0,0.0,0.0,0.0,0.0,0.0,0.0,0.0,0.2504286522979256,0.2504286522979256,0.0,0.0,0.0,136.59744670842343,0.0,0.0,0.0,-137.16320628679594,0.0,0.0,0.0,0.0,0.0,-181.19298509072706,137.16320628679594,0.0,0.0,191.19167049346817,0.0,0.0,0.0,0.0,0.0,0.0,0.0,0.0,0.0,0.0,318.1788307917014,-633.6628391160151,366.6133174869025,0.0,17.530005660914412,0.0,108.20071089437388,0.0,-290.7077078897569,0.0,-181.19298509072706,0.0,-883.4813770541696,407.1292705054503,0.0,0.0,32.45890543159503,0.0,0.0,0.0,0.0,0.0,0.0,0.0,0.0,0.0,0.0,0.0,0.0,0.0,136.59744670842343,9.146867196524568,9.146867196524568,0.0,0.0,0.0,0.0,0.0,0.0,0.0,0.0,0.0,0.0,2.2766241118070574,0.0,0.0,0.0,0.0,0.0,0.0,0.0,0.0,68.29872335421172,-191.19167049346817,0.0,0.0,0.0,0.0,0.0,0.0,0.0,0.0,0.0,1000.0,0.0,0.0,68.29872335421172,68.29872335421172,1000.0,137.16320628679594,0.0,0.0,0.0,0.0,0.0,0.0,0.0,1000.0,142.24009629105836,957.7192643998994,0.2276624111807057,0.0,0.0,-575.0670108610234,875.7277480267425,296.61130957134145,0.0,-108.20071089437388,0.0,0.0,0.0,0.0,0.0,0.0,0.0,0.0,0.0,0.0,0.0,0.0,0.0,0.0,0.2276624111807057,0.0,0.0,0.0,0.0,0.0,0.0,0.0,0.0,0.0,0.0,-24.860735300930713,0.0,0.0,42.00958303223126,-17.07468083855293,-0.9998774717198113,-10.383243087315474,0.0,0.0,0.0,0.0,0.0,0.0,0.0,0.0,0.0,0.0,0.0,9.146867196524568,1000.0,0.0,0.0,-12.651084810414067,0.0,0.0,0.0,-0.2276624111807057,0.0,0.0,0.2276624111807057,0.0,0.2276624111807057,0.0,0.0,0.0,136.59744670842343,277.748141640461,277.748141640461,0.0,0.0,0.0,0.0,0.0,0.0,0.0,366.6133174869025,0.0,142.24009629105836,0.0,0.0,0.0,0.0,0.0,0.0,0.0,0.0,0.0,0.0,0.0,0.0,0.0,0.0,0.0,0.0,0.0,290.7077078897569,0.0,-324.5244148815489,324.5244148815489,0.34149361677105855,0.0,0.0,0.0,-68.29872335421172,0.0,0.0,0.0,0.0,0.0,0.0,11.383120559035286,0.0,0.0,0.0,421.875,350.2722053783557,557.1494679652753,-10.383243087315474,0.0,0.0,0.0,0.0,0.0,0.0,0.0,9.146867196524568,0.0,191.19167049346817,0.0,-32.45890543159503,0.0,1000.0,5.031339287092749,0.0,532.2887326643446,0.0,-532.2887326643446,0.0,-277.748141640461,0.0,11.383120559035286,115.16727270506874,0.0,0.0,0.0,-43.1478950881347,-296.87500000000546,296.87500000000546,-703.1250000002588,703.1250000002588,0.0,0.0,0.0,0.0,0.0,17.07468083855293,-51.224042515658574,277.748141640461,0.0,0.0,0.0,0.0,0.0,0.0,0.0,0.0,0.0,7.330729640016301,0.0,0.0,0.0,-300.66073716571907,196.07678084460093,0.0,68.29872335421172,0.0,0.0,0.0,0.0,-163.90928308557795,0.0,0.0,0.2504286522979256,0.0,0.0,0.0,138.8740708202305,0.0,0.0,0.0,0.0,139.7529193831219,0.0,0.0,0.0,0.0,0.0,0.0,0.0,0.0,-996.4475462530291,0.0,0.02276624111807024,0.02276624111807024,0.0,0.0,0.0,0.0,0.0,0.0,0.0,0.0,0.0,-575.0670108610234,0.0,0.0,0.0,0.0,0.0,0.0,0.0,0.0,0.0,0.0,0.0,0.0,0.0,0.0,0.0,0.0,0.0,0.0,278.61530112849516,0.0,0.0,0.0,0.0,0.0,136.59744670842343,0.0,0.0,0.0,0.0,0.0,0.0,-136.59744670842343,0.0,0.0,0.0,0.0,0.0,0.0,0.0,0.0,0.0,0.0,0.0,0.0,-957.7192643998994,-1000.0,155.9487516587834,-265.3751705409528,197.07644718674112,0.0,-42.920232676954,0.0,0.0,0.0,0.0,0.0,0.0,0.0,0.0,0.0,0.0,0.0,0.0,0.0,0.0,0.0,0.0,0.0,-28.457801397588213,9.146867196524568,-17.07468083855293,34.149361677105844,0.0,0.0,0.0,0.0,0.0,-2.8457801397588223,0.0,43.1478950881347,0.0,0.0,0.0,0.0,0.0,0.0,0.0,1000.0,68.29872335421172,68.29872335421172,0.0,0.0,0.0,0.0,0.0,0.2504286522979256,0.0,0.0,0.0,42.920232676954,0.0,0.0,0.0,0.0,0.0,0.0,0.0,0.0,0.0,0.0,0.0,0.0,0.0,0.0,0.0,0.0,0.0,0.0,0.0,239.04553173974102,17.530005660914412,0.0,0.0,0.0,0.0,0.0,0.0,0.0,-558.1493454369952,0.0,0.0,0.0,-28.457801397588213,0.0,0.0,0.0,0.0,0.0,0.0,0.0,0.0,0.0,0.0,0.0,0.0,0.0,0.0,0.0,0.0,0.0,0.0,-0.2276624111807057,0.0,0.0,11.383120559035286,181.19298509072706,0.0,0.0,0.0,0.0,9.146867196524568,0.0,0.0,0.0,19.60173360265791,5.691560279517643,0.0,0.0,324.5244148815489,0.2276624111807057,0.0,227.6624111807057,-70.57534746601877,45.53248223614114,1.6261600798621836,635.178127194169,-0.17074680838552928,11.383120559035286,4.553248223614115,-1.138312055903441,-635.178127194169,68.29872335421172,-0.2276624111807057,97.1933234280829,0.0,0.05691560279517643,1.6261600798621836,-291.5799702842487,-36.24385585996606,-4.553248223614115,-202.03209557429227,-0.2276624111807057,0.05691560279517643,-635.178127194169,22.76624111807057,0.2276624111807057,0.2276624111807057,0.4780910634786313,0.250428652298776,-415.38787131815343,-0.17074680838552928,68.29872335421172,0.2276624111807057,68.29872335421172,-113.83120559035285,-0.11383120559035285,-1.4521881133491812,-313.70161141900815,-0.17074680838552928,-0.2276624111807057,-70.57534746601877,0.2276624111807057,22.76624111807057,-4.553248223614115,290.7077078897569,290.7077078897569,-22.76624111807057,202.03209557429227,-290.7077078897569,45.53248223614114,0.34149361677105855,-649.840498686253,22.76624111807057,-318.1788307917014,0.0,-45.53248223614114,0.11383120559035285,2.2766241118070574,48.59666171404145,13.073576804546114,-0.2276624111807057,-51.224042515658574,-0.4780910634786313,70.57534746601877,0.2276624111807057,36.24385585996606,-273.1948934168473,0.0,-0.2276624111807057,-0.05691560279517643,0.0,-0.2276624111807057,-295.1591214579923,0.2276624111807057,-0.05691560279517643,-0.05691560279517643,-0.05691560279517643,91.06496447228228,113.83120559035285,2.2766241118070574,168.66938888350194,-0.05691560279517643,0.0,11.383120559035286,158.96268128803143,0.2276624111807057,0.11383120559035285,0.11383120559035285,18.192807519808287,70.57534746601877,0.2276624111807057,-70.57534746601877,2.2766241118070574,0.2276624111807057,-168.66938888350194,0.2276624111807057,0.9106496447225965,1.138312055903441,0.11383120559035285,0.05691560279517643,68.29872335421172,-0.2276624111807057,415.38787131815343,2.2766241118070574,-337.3387777670039,5.691560279517643,-22.76624111807057,45.53248223614114,11.383120559035286,-0.2276624111807057,291.5799702842487,0.34149361677105855,-0.2276624111807057,-36.385615039616575,70.57534746601877,528.7438583099449,0.11383120559035285,-317.92536257606287,-0.2276624111807057,-0.2276624111807057,-0.2276624111807057,0.11383120559035285,635.178127194169,-45.53248223614114,0.2276624111807057,97.1933234280829,-0.05691560279517643,-0.250428652298776,-97.1933234280829,34.14936167710585,313.70161141900815,-159.48260703325076,635.178127194169,-0.17074680838552928,51.224042515658574,-13.073576804546114,0.2276624111807057,-0.05691560279517642,813.4774752315657,227.6624111807057,-0.11383120559035285,-0.2276624111807057,0.05691560279517643,266.2285352793979,0.0,632.5939675929228,0.0,-371.47509760305934,0.0,761.8513865045795,-1000.0,0.0,1000.0,-341.07323205764305,-678.9191647492387,-17.132699887739818,-500.0,185.7375488015297,170.53661602882153,0.0,500.0,0.0,-364.83457522436703,17.132699887739818,678.9191647492387,-364.83457522436703,-761.8513865045795,506.14001940167816,0.0,1496.5981,bhi
455,0.0,0.0,0.0,0.0,0.0,0.0,0.0,0.0,-0.21661378006497764,0.0,0.0,0.0,0.0,0.0,0.0,0.0,449.4350317019862,0.0,0.0,0.0,0.0,0.0,0.0,0.0,0.0,0.0,0.0,0.0,0.0,-963.5540865370848,0.0,0.0,0.0,0.0,0.0,0.0,0.0,-37.9362933487179,0.0,-1000.0,-16.252850631182184,0.0,0.0,0.0,0.0,0.0,0.0,0.0,-426.13264509585383,0.0,0.0,0.0,0.0,0.23827515807147392,0.0,0.0,0.0,43.32275601299553,0.0,0.0,-19.07645356439146,0.0,0.0,-19.07645356439146,0.0,0.0,0.0,0.0,35.72416239219365,0.0,0.0,2.1661378006497762,0.0,0.0,0.0,0.0,0.0,0.0,0.0,0.0,0.0,0.0,0.0,0.0,129.9682680389866,0.0,0.0,0.0,0.0,426.13264509585383,-0.05415344501624441,0.0,0.0,986.0147786242006,64.9841340194933,0.0,64.9841340194933,0.0,0.0,0.0,0.0,994.5846554983756,-987.3684513595242,0.0,0.0,-108.7930178991972,84.16269607527458,0.0,0.0,0.0,0.0,0.0,0.0,0.0,0.0,0.0,0.0,0.0,0.0,0.0,0.0,0.0,0.0,0.0,-1000.0,0.0,0.0,64.9841340194933,0.0,67.15027182014308,0.0,0.0,662.9002503486126,-662.9002503486126,0.0,0.0,-661.6814190559262,-78.12499999998445,78.12499999998445,661.6814190559262,0.0,0.0,0.0,0.0,0.0,16.679261065003402,0.21661378006501764,0.0,0.0,0.0,-469.2662834912658,0.0,0.0,0.0,0.0,0.0,1000.0,0.0,0.0,0.0,0.0,0.0,999.783386219935,999.783386219935,0.0,0.0,0.0,0.0,56.4565904505053,0.0,0.0,1000.0,0.0,0.0,0.0,-112.86291594163333,-1000.0,0.0,0.0,0.0,0.0,0.0,0.0,0.0,0.0,0.0,0.0,0.0,0.0,0.0,0.0,-846.6028564918431,0.0,0.0,0.0,0.0,0.0,0.0,0.0,-426.13264509585383,426.13264509585383,0.0,0.0,0.0,0.0,0.0,0.0,0.0,23.814364822439376,-1000.0,0.0,0.0,0.0,0.0,0.0,0.0,0.0,0.0,0.0,0.0,0.0,0.0,0.0,0.0,-353.03029269340044,940.2516999309524,0.0,0.0,0.0,0.0,384.9371520371927,0.0,0.0,0.0,0.0,-19.07645356439146,940.2516999309524,0.0,0.0,841.8911176005423,0.0,0.0,0.0,0.0,0.0,6.97496371809541,0.0,0.0,0.0,315.56524566483847,741.6978907606923,-852.2652901917077,0.0,-940.2516999309524,0.0,0.0,0.0,887.6980808504436,0.0,0.0,0.0,-33.738241212102935,0.0,0.0,-659.3682829612396,0.0,0.0,-659.3682829612396,0.0,0.0,-426.13264509585383,0.0,0.0,0.0,0.0,219.415294344095,0.0,0.0,0.0,488.33161112051124,0.0,-488.33161112051124,0.0,999.56677243987,0.0,0.0,0.0,0.0,0.0,0.0,-19.07645356439146,-0.32492067009746645,0.0,0.0,0.0,0.0,0.21661378006501764,0.0,0.0,0.0,389.70660671706173,449.4350317019862,0.0,-849.0544589180714,2.731464875470504,1000.0,48.73128338831111,0.0,602.4509971022692,0.0,-108.7930178991972,0.0,0.0,0.0,482.90103393821073,-1000.0,-85.35203104048,-1000.0,-1000.0,0.0,0.0,0.0,0.0,0.0,0.0,0.0,0.0,0.0,0.0,0.0,0.0,0.0,0.0,0.0,0.0,841.8911176005423,-1000.0,0.0,-962.9301617715453,0.0,0.0,0.0,378.32192916417273,262.58860628617657,24.1157164645858,-23.65422478309881,0.0,0.0,0.0,31.712774958272007,983.7539664951267,0.0,-287.6356322131777,4.7338564955809375,481.45310559348144,964.2758376078064,-116.12166850483271,-677.1087035136397,-739.5826791770897,0.0,287.6356322131777,-696.6024933284796,1000.0,-486.86845009510586,666.2780145103909,-1000.0,0.0,-81.26042982760245,1000.0,0.0,64.9841340194933,0.0,0.0,0.0,454.8229241329001,0.0,0.0,0.0,0.0,0.0,0.0,-743.3704230326397,0.0,0.0,0.0,0.0,0.0,23.814364822439376,0.0,0.0,-38.15290712878292,0.0,0.0,0.0,0.0,0.0,0.0,0.0,-803.1180141288849,0.43322756013003527,0.0,0.0,0.0,0.0,0.0,0.0,0.0,0.0,0.0,0.0,0.0,0.0,0.0,0.0,0.0,0.0,0.0,0.0,0.0,0.23827515807147392,0.23827515807147392,0.0,51.43175318840198,0.0,129.9682680389866,0.0,0.0,0.0,1000.0,0.0,357.7369070464537,0.0,0.0,0.0,1000.0,-1000.0,0.0,0.0,983.7193796299347,0.0,0.0,0.0,0.0,0.0,0.0,0.0,0.0,0.0,0.0,333.3333333333333,-389.70660671706173,385.1035874159912,0.0,16.679261065003402,0.0,532.2721826047979,453.7425960194028,68.80544398221016,0.0,1000.0,0.0,196.88198587111515,0.0,0.0,0.0,0.0,0.0,0.0,0.0,0.0,0.0,0.0,0.0,0.0,0.0,0.0,0.0,0.0,0.0,129.9682680389866,0.0,0.0,0.0,0.0,0.0,0.0,0.0,0.0,0.0,0.0,0.0,0.0,2.1661378006497762,0.0,0.0,0.0,0.0,0.0,0.0,0.0,0.0,64.9841340194933,-983.7193796299347,0.0,0.0,0.0,0.0,0.0,0.0,0.0,0.0,0.0,909.7926864170714,-373.5393642293469,0.0,64.9841340194933,64.9841340194933,762.5645351930486,-1000.0,0.0,0.0,0.0,0.0,0.0,0.0,0.0,987.3684513595242,23.814364822439376,1000.0,0.21661378006501764,0.0,0.0,0.0,286.0694414015265,585.5319783304906,0.0,-986.0147786242006,0.0,0.0,0.0,0.0,0.0,0.0,0.0,0.0,0.0,0.0,0.0,0.0,0.0,0.0,0.21661378006501764,0.0,0.0,0.0,-775.1750562768096,775.1750562768096,0.0,0.0,0.0,0.0,0.0,13.415613445355916,0.0,0.0,0.0,-16.246033504873253,-10.830689003248882,0.0,0.0,421.875,421.875,-421.875,0.0,0.0,0.0,0.0,0.0,0.0,0.0,0.0,1000.0,0.0,0.0,-70.42974082435357,0.0,0.0,0.0,-0.21661378006501764,0.0,0.0,0.21661378006501764,0.0,0.21661378006501764,0.0,35.72416239219365,0.0,129.9682680389866,264.26881167927274,264.26881167927274,0.0,0.0,0.0,0.0,0.0,0.0,0.0,385.1035874159912,0.0,23.814364822439376,0.0,0.0,0.0,501.5514804018053,0.0,0.0,0.0,0.0,0.0,0.0,0.0,0.0,0.0,0.0,0.0,0.0,0.0,384.9371520371927,0.0,0.0,0.0,0.32492067009746645,0.0,0.0,0.0,-64.9841340194933,0.0,0.0,0.0,0.0,0.0,-51.43175318840198,10.830689003248882,0.0,0.0,0.0,0.0,-56.4565904505053,0.0,0.0,0.0,0.0,0.0,0.0,0.0,0.0,0.0,0.0,0.0,983.7193796299347,1000.0,51.43175318840198,0.0,-210.35874229882927,476.7389604312934,37.06983822845473,-23.65422478309881,0.0,-13.415613445355916,0.0,623.4292691711709,0.0,10.830689003248882,1000.0,0.0,0.0,0.0,-38.15290712878292,0.0,0.0,0.0,0.0,0.0,0.0,0.0,0.0,0.0,67.67778669327515,-100.16985370302253,264.26881167927274,0.0,-724.1858150161081,-724.1858150161081,724.1858150161081,0.0,0.0,0.0,0.0,0.0,6.97496371809541,0.0,0.0,0.0,-286.0694414015265,671.5500312433247,0.0,64.9841340194933,0.0,0.0,0.0,0.0,263.8224505174514,0.0,0.0,0.23827515807147392,0.0,0.0,0.0,132.13440583963637,0.0,0.0,0.0,0.0,-353.03029269340044,0.0,84.16269607527458,0.0,0.0,0.0,0.0,0.0,0.0,185.78357950085544,0.0,0.021661378006497145,0.021661378006497145,0.0,0.0,0.0,0.0,0.0,0.0,0.0,0.0,0.0,0.0,0.0,0.0,0.0,0.0,0.0,51.43175318840198,0.0,0.0,0.0,0.0,0.0,0.0,0.0,0.0,0.0,0.0,0.0,0.0,472.7374183081185,0.0,0.0,0.0,0.0,0.0,129.9682680389866,0.0,0.0,0.0,0.0,0.0,0.0,-129.9682680389866,0.0,0.0,0.0,0.0,0.0,0.0,0.0,0.0,0.0,0.0,0.0,0.0,-1000.0,-1000.0,649.931919746315,-64.9841340194933,0.0,0.0,-37.9362933487179,0.0,0.0,0.0,0.0,0.0,0.0,0.0,0.0,0.0,585.9375,0.0,-585.9375,-585.9375,0.0,0.0,0.0,0.0,-27.076722508122135,0.0,-1000.0,585.4753005999544,0.0,0.0,0.0,0.0,0.0,0.0,-2.70767225081222,38.15290712878292,0.0,0.0,0.0,0.0,0.0,0.0,0.0,1000.0,64.9841340194933,64.9841340194933,0.0,0.0,0.0,0.0,0.0,0.23827515807147392,51.43175318840198,0.0,0.0,37.9362933487179,0.0,0.0,0.0,0.0,0.0,0.0,0.0,0.0,0.0,0.0,0.0,0.0,0.0,0.0,17.862081196096824,0.0,0.0,0.0,0.0,227.44446906822654,16.679261065003402,0.0,0.0,0.0,0.0,0.0,51.43175318840198,0.0,-10.830689003248882,0.0,0.0,0.0,-27.076722508122135,0.0,0.0,0.0,0.0,0.0,0.0,0.0,0.0,0.0,0.0,0.0,0.0,0.0,0.0,0.0,0.0,0.0,0.0,-0.21661378006501764,0.0,0.0,10.830689003248882,-1000.0,0.0,0.0,0.0,0.0,0.0,0.0,0.0,0.0,-482.90103393821073,5.415344501624441,0.0,0.0,0.0,0.21661378006501764,0.0,216.61378006497762,-67.15027182014308,43.32275601299553,1.547241286178405,604.3524463812877,-0.16246033504873322,691.8686368328986,4.3322756012995525,-1.0830689003281506,-604.3524463812877,64.9841340194933,-0.21661378006497764,36.2643392997324,0.0,0.05415344501624441,1.547241286178405,-108.7930178991972,-34.48491378634769,-4.332275601299557,-449.4350317019862,-0.21661378006497764,0.05415344501624441,-604.3524463812877,21.661378006497763,0.21661378006497764,0.21661378006501764,-50.97686425026553,0.23827515807147479,0.0,-0.16246033504873322,64.9841340194933,0.21661378006497764,64.9841340194933,-108.30689003248882,-0.10830689003248882,-782.4139642016056,-406.8151438237555,-0.16246033504873322,-0.21661378006497764,-67.15027182014308,0.21661378006501764,21.661378006497763,-4.3322756012995525,384.9371520371927,384.9371520371927,-21.661378006497763,449.4350317019862,-384.9371520371927,43.32275601299553,0.32492067009746645,-830.9655584852662,21.661378006497763,-333.3333333333333,0.0,-43.32275601299553,0.10830689003248882,2.1661378006497762,212.26361472951785,94.7545092013975,-0.21661378006501764,-100.16985370302253,50.97686425026553,67.15027182014308,0.21661378006497764,34.48491378634769,-259.9365360779733,0.0,-0.21661378006501764,-0.05415344501624441,0.0,-0.21661378006497764,-887.2807102041595,0.21661378006501764,-0.05415344501624441,-0.05415344501624441,-0.05415344501624441,86.64551202599105,108.30689003248882,2.1661378006497762,440.32248953709586,-0.05415344501624441,388.2628901593033,10.830689003248882,412.3896960676913,0.21661378006501764,0.10830689003248882,0.10830689003248882,21.661378006497763,67.15027182014308,0.21661378006501764,-67.15027182014308,2.1661378006497762,0.21661378006497764,-1000.0,0.21661378006497764,0.8664551202631401,1.0830689003281506,0.10830689003248882,0.05415344501624441,64.9841340194933,-0.21661378006497764,0.0,2.1661378006497785,-880.6449790741917,686.4532923312742,-21.661378006497763,43.32275601299553,10.830689003248882,-0.21661378006497764,108.7930178991972,0.32492067009746645,-0.21661378006497764,-43.32275601299553,67.15027182014308,140.8489298134004,0.10830689003248882,-824.7793921353826,-0.21661378006497764,-0.21661378006501764,-0.21661378006497764,0.10830689003248882,604.3524463812877,-43.32275601299553,0.21661378006501764,424.5272294590357,-0.05415344501624441,-0.23827515807147479,-424.5272294590357,32.49206700974664,406.8151438237555,95.66992495338916,604.3524463812877,-0.16246033504873322,100.16985370302253,-94.7545092013975,0.21661378006497764,-0.0541534450162444,42.543463961520885,216.61378006497762,-0.10830689003248882,-0.21661378006497764,0.05415344501624441,0.0,0.0,830.8572515952337,559.6775104629041,-1000.0,0.0,712.5516040025097,471.95179589185733,0.0,-1000.0,-231.51421754454935,552.1395737018249,0.0,500.0,500.0,115.75710877227468,0.0,-235.97589794592866,-51.43175318840198,-404.6713803308518,0.0,-552.1395737018249,-404.6713803308518,-712.5516040025097,475.41338103699263,0.0,1496.5981,bhi
456,0.0,0.0,0.0,0.0,0.0,0.0,0.0,0.0,-0.1258146179640653,0.0,0.0,0.0,0.0,0.0,0.0,0.0,0.0,863.7274867304371,0.0,-660.8652119700748,0.0,0.0,0.0,0.0,0.0,317.53274220910913,0.0,0.0,0.0,-200.929044884546,0.0,0.0,0.0,0.0,0.0,0.0,0.0,999.496741528144,0.0,-1000.0,739.2573283718275,0.0,0.0,0.0,0.0,0.0,0.0,0.0,-400.74948059557903,0.0,0.0,0.0,0.0,0.13839607976024126,0.0,0.0,0.0,25.16292359281306,0.0,0.0,96.73449914222613,0.0,-773.2907796494443,-1000.0,0.0,0.0,0.0,0.0,1000.0,-1000.0,0.0,1.258146179640653,0.0,0.0,0.0,0.0,0.0,0.0,0.0,0.0,0.0,0.0,0.0,0.0,75.48877077843918,0.0,0.0,11.268918413937968,0.0,500.09436096347304,0.0,0.0,0.0,550.0550357611896,37.74438538921959,0.0,598.9879860585306,-373.21632785967097,0.0,0.0,0.0,260.8698985748617,-200.929044884546,0.0,0.0,0.0,0.0,895.2863899187516,0.0,0.0,0.0,0.0,0.0,0.0,0.0,0.0,0.0,0.0,0.0,0.0,0.0,0.0,0.0,0.0,-1000.0,0.0,0.0,598.9879860585306,0.0,39.00253156886024,0.0,0.0,0.0,0.0,0.0,0.0,676.5562805072182,0.0,0.0,-1000.0,0.0,0.0,0.0,0.0,0.0,9.687725583233021,0.1258146179640653,0.03145365449101632,0.0,0.0,0.0,0.0,0.0,0.0,0.0,0.0,683.9558307542885,0.0,0.0,0.0,0.0,0.0,945.688770913707,945.688770913707,0.0,0.0,0.0,0.0,-44.46131165114625,0.0,0.0,945.814585531671,0.0,0.0,0.0,-806.6323731339046,-482.3340229751505,0.0,0.0,0.0,0.0,0.0,0.0,0.0,0.0,0.0,-756.1293202588384,0.0,0.0,0.0,0.0,-1000.0,0.0,0.0,0.0,0.0,0.0,0.0,0.0,-500.09436096347304,500.09436096347304,0.0,0.0,0.0,0.0,0.0,0.0,0.0,0.0,0.0,0.0,0.0,0.0,0.0,0.0,0.0,0.0,0.0,0.0,0.0,0.0,0.0,0.0,0.0,-256.6636720248234,601.678525480125,0.0,0.0,0.0,323.44371949278184,0.0,0.0,0.0,0.0,0.0,96.73449914222613,601.678525480125,0.0,0.0,0.0,0.0,0.0,0.0,0.0,0.0,630.8349028387694,0.0,561.243600669311,0.0,499.90563903652696,1000.0,-889.5749231451141,0.0,-601.678525480125,0.0,0.0,323.44371949278184,864.669816294275,0.0,0.0,0.0,-120.4945897447385,0.0,0.0,-1000.0,0.0,0.0,-1000.0,0.0,0.0,-500.09436096347304,0.0,92.24847597853045,0.0,0.0,351.0227841197422,0.0,0.0,0.0,989.383791240796,0.0,-989.383791240796,0.0,1000.0,0.0,323.44371949278184,-594.5163474123359,0.0,0.0,0.0,96.73449914222613,-0.18872192694607293,0.0,0.0,0.0,0.0,0.1258146179640653,0.0,0.0,0.0,-229.8228888973,0.0,0.0,0.0,121.15856836320904,482.3340229751505,997.0116855349124,0.0,667.4142299860243,0.0,0.0,0.0,0.0,0.0,332.5857700139756,-1000.0,0.0,578.4559602522148,-1000.0,0.0,0.0,0.0,0.0,0.0,0.0,0.0,0.0,0.0,0.0,0.0,0.0,0.0,0.0,0.0,0.0,0.0,0.0,0.0,-1000.0,0.0,0.0,1000.0,0.0,395.59000609755105,0.0,-640.5226284220024,0.0,0.0,0.0,0.0,254.57916767665841,0.0,-209.76079036426344,-133.58031473653247,-763.9605749921485,0.0,0.0,953.5244997114484,-512.8277917092953,0.0,209.76079036426344,0.0,1000.0,760.8152095430469,-959.8152306096516,-980.8033891645765,0.0,-239.67584648306809,534.6563169740997,0.0,598.9879860585306,0.0,0.0,0.0,0.0,0.0,0.0,0.0,0.0,0.0,0.0,-1000.0,0.0,0.0,-54.43704370425701,0.0,0.0,0.0,0.0,0.0,-129.97472120832958,0.0,515.6249999999987,341.2336288954454,0.0,0.0,0.0,0.0,-855.651658083354,0.2516292359279911,0.0,0.0,0.0,0.0,0.0,0.0,0.0,0.0,0.0,0.0,0.0,0.0,0.0,0.0,0.0,0.0,0.0,0.0,0.0,0.13839607976024126,0.13839607976024126,0.0,0.0,0.0,75.48877077843918,0.0,0.0,0.0,-1000.0,0.0,0.0,0.0,0.0,0.0,916.2082664620668,1000.0,0.0,0.0,0.0,0.0,0.0,341.2336288954454,0.0,0.0,0.0,0.0,0.0,0.0,0.0,333.3333333333333,229.8228888973,0.0,0.0,9.687725583233021,0.0,0.0,550.0550357611896,550.0550357611896,0.0,916.2082664620668,0.0,60.55660837871278,0.0,0.0,0.0,0.0,0.0,0.0,0.0,0.0,0.0,0.0,0.0,0.0,0.0,0.0,0.0,0.0,0.0,75.48877077843918,323.44371949278184,323.44371949278184,0.0,0.0,0.0,0.0,0.0,0.0,0.0,0.0,0.0,0.0,1.258146179640653,0.0,0.0,0.0,0.0,0.0,0.0,0.0,0.0,598.9879860585306,0.0,0.0,0.0,0.0,0.0,0.0,0.0,0.0,0.0,0.0,335.32265161177247,0.0,0.0,37.74438538921959,37.74438538921959,130.720479328478,1000.0,0.0,341.2336288954454,0.0,0.0,0.0,0.0,0.0,-167.23956105539366,0.0,-45.17228858610429,0.1258146179640653,0.0,0.0,0.0,166.15617653840025,0.0,0.0,-550.0550357611896,0.0,0.0,0.0,0.0,0.0,0.0,0.0,0.0,0.0,0.0,0.0,0.0,0.0,0.0,0.1258146179640653,0.0,0.0,0.0,-269.4991654504573,269.4991654504573,0.0,0.0,0.0,0.0,0.0,1000.0,0.0,-640.5226284220024,-1000.0,-9.436096347304897,-6.290730898203265,0.0,0.0,453.12499999999994,453.125,-453.12499999999994,0.0,0.0,0.0,0.0,0.0,0.0,0.0,323.44371949278184,482.3340229751505,0.0,0.0,-233.38511558486482,0.0,0.0,0.0,-0.1258146179640653,0.0,0.0,0.1258146179640653,0.0,0.1258146179640653,0.0,0.0,0.0,75.48877077843918,153.49383391615967,153.49383391615967,0.0,0.0,0.0,0.0,0.0,0.0,0.0,0.0,0.0,0.0,0.0,0.0,343.41840862068136,0.0,0.0,0.0,0.0,0.0,0.0,0.0,0.0,0.0,0.0,0.0,0.0,0.0,0.0,0.0,0.0,-317.53274220910913,317.53274220910913,0.18872192694607293,0.0,0.0,0.0,-598.9879860585306,0.0,0.0,0.0,0.0,0.0,0.0,6.290730898203265,0.0,0.0,0.0,0.0,44.46131165114625,-359.4773715779976,0.0,0.0,515.6249999999987,0.0,0.0,0.0,0.0,0.0,323.44371949278184,0.0,0.0,1000.0,0.0,0.0,146.44730657398617,0.0,0.0,-1000.0,640.5226284220024,359.4773715779976,0.0,711.1759823781154,0.0,6.290730898203265,1000.0,0.0,488.99109417913803,0.0,-129.97472120832958,-346.01943822152236,346.01943822152236,0.0,0.0,0.0,0.0,0.0,0.0,0.0,737.2571275642285,0.0,153.49383391615967,0.0,0.0,0.0,0.0,0.0,0.0,0.0,0.0,0.0,630.8349028387694,0.0,0.0,28.308289041914804,-166.15617653840025,-232.63122861555672,0.0,37.74438538921959,0.0,0.0,0.0,0.0,-456.93319935423676,0.0,0.0,0.13839607976024126,0.0,0.0,0.0,76.74691695807984,0.0,0.0,0.0,0.0,-256.6636720248234,0.0,0.0,0.0,0.0,0.0,0.0,0.0,0.0,0.0,0.0,0.012581461796406528,0.012581461796406528,0.0,0.0,0.0,0.0,0.0,0.0,0.0,0.0,0.0,0.0,0.0,0.0,0.0,0.0,0.0,0.0,0.0,0.0,0.0,0.0,0.0,0.0,0.0,0.0,0.0,0.0,0.0,0.0,0.0,-969.3662165871234,863.7274867304371,0.0,0.0,0.0,75.48877077843918,0.0,0.0,0.0,0.0,0.0,0.0,-75.48877077843918,0.0,0.0,0.0,0.0,0.0,0.0,0.0,0.0,0.0,0.0,0.0,0.0,45.17228858610429,210.28735431227517,429.6014219260661,-759.592259812882,160.60427375435142,0.0,999.496741528144,0.0,0.0,0.0,0.0,0.0,0.0,0.0,0.0,0.0,0.0,0.0,0.0,0.0,0.0,0.0,0.0,0.0,-15.726827245508161,323.44371949278184,-264.0152640239633,333.9823122733765,0.0,0.0,0.0,0.0,0.0,984.1219371811046,-985.6946199056555,129.97472120832958,0.0,0.0,0.0,0.0,0.0,0.0,0.0,1000.0,37.74438538921959,37.74438538921959,0.0,0.0,0.0,0.0,0.0,0.13839607976024126,0.0,0.0,0.0,-999.496741528144,0.0,0.0,0.0,0.0,0.0,0.0,0.0,0.0,0.0,0.0,0.0,0.0,0.0,0.0,0.0,0.0,0.0,0.0,0.0,132.10534886226856,0.0,0.0,9.687725583233021,0.0,0.0,0.0,0.0,0.0,979.9703128201232,0.0,0.0,0.0,-15.726827245508161,0.0,0.0,0.0,0.0,0.0,0.0,0.0,0.0,0.0,0.0,0.0,0.0,0.0,0.0,0.0,0.0,0.0,0.0,-0.1258146179640653,0.0,0.0,6.290730898203265,-916.2082664620668,0.0,0.0,0.0,0.0,323.44371949278184,0.0,0.0,0.0,-332.5857700139756,3.1453654491016323,0.0,0.0,317.53274220910913,0.1258146179640653,0.0,125.81461796406528,-39.00253156886024,25.16292359281306,0.8986758426004664,351.0227841197422,-0.09436096347304897,133.58031473653247,2.516292359281306,-0.6290730898201082,-351.0227841197422,37.74438538921959,-0.1258146179640653,0.0,341.2336288954454,0.03145365449101632,0.8986758426004664,0.0,-20.02968717987676,-2.516292359281306,-202.8622747603623,-0.1258146179640653,0.03145365449101632,-351.0227841197422,12.58146179640653,0.1258146179640653,0.1258146179640653,0.26421069772430655,0.13839607976047183,-855.651658083354,-0.09436096347304897,37.74438538921959,0.1258146179640653,598.9879860585306,498.3362916872784,-0.06290730898203264,171.69582732906554,-12.707276414370595,-0.09436096347304897,-0.1258146179640653,-39.00253156886024,0.1258146179640653,12.58146179640653,-2.516292359281306,0.0,0.0,-12.58146179640653,202.8622747603623,0.0,25.16292359281306,0.18872192694609793,-164.4275373467699,12.58146179640653,-333.3333333333333,341.2336288954454,-25.16292359281306,0.06290730898203264,1.258146179640653,0.0,25.16292359281306,-0.1258146179640653,-28.308289041914804,-0.26421069772430655,39.00253156886024,0.1258146179640653,20.02968717987676,-370.9875133307438,341.2336288954454,-0.1258146179640653,-0.03145365449101632,-341.2336288954454,-0.1258146179640653,-855.651658083354,0.1258146179640653,-0.03145365449101632,-0.03145365449101632,-0.03145365449101632,50.32584718562612,-498.3362916872784,1.258146179640653,93.21290508412392,-0.03145365449101632,0.0,6.290730898203265,434.1165599398803,0.1258146179640653,0.06290730898203264,0.06290730898203264,21.476416497738313,39.00253156886024,0.1258146179640653,-39.00253156886024,1.258146179640653,0.1258146179640653,-93.21290508412392,0.1258146179640653,0.5032584718560429,0.6290730898201082,0.06290730898203264,0.03145365449101632,37.74438538921959,-0.1258146179640653,855.651658083354,1.258146179640653,-186.42581016824784,130.43494928743084,-12.58146179640653,25.16292359281306,6.290730898203265,-0.1258146179640653,0.0,0.18872192694609793,-0.1258146179640653,-42.952832995476626,39.00253156886024,913.926856700633,0.06290730898203264,-868.2331198797606,-0.1258146179640653,-0.1258146179640653,-0.1258146179640653,0.06290730898203264,351.0227841197422,-25.16292359281306,0.1258146179640653,0.0,-0.03145365449101632,-0.13839607976047183,0.0,18.87219269460979,12.707276414370595,-407.53729257910896,351.0227841197422,-0.09436096347304897,28.308289041914804,-25.16292359281306,0.1258146179640653,-0.03145365449101632,6.290730898203265,125.81461796406528,-0.06290730898203264,-0.1258146179640653,0.03145365449101632,0.0,0.0,164.36463003778786,0.0,-1000.0,0.0,575.5029220004279,-2.7805030570056126,0.0,-1000.0,974.8370764071869,-171.61023016679923,0.0,500.0,500.0,-487.41853820359347,0.0,1.3902515285028063,0.0,-456.9936573463963,0.0,171.61023016679923,-456.9936573463963,-575.5029220004279,466.9544867673826,0.0,1496.5981,bhi
457,0.0,0.0,0.0,0.0,0.0,0.0,0.0,0.0,-0.22489127553704413,0.0,0.0,0.0,0.0,0.0,0.0,0.0,0.3373369133055662,-468.94607077967277,0.0,217.1363964873819,0.0,0.0,0.0,932.0828347878127,0.0,0.0,0.0,0.0,0.0,787.2804533893701,0.0,0.0,885.0449111164598,0.0,0.0,0.0,0.0,431.8403140098257,0.0,-1000.0,169.5248435079011,0.0,0.0,0.0,0.0,0.0,0.0,0.0,-892.680730649052,0.0,0.0,0.0,0.0,0.24738040309080156,0.0,0.0,0.0,0.0,0.0,0.0,-4.621455149054441,0.0,958.6357164699039,908.4623517711246,0.0,0.0,0.0,0.0,0.0,702.9989433282565,0.0,2.2489127553704416,0.0,0.0,0.0,0.0,0.0,0.0,0.0,0.0,0.0,0.0,0.0,0.0,134.9347653222265,0.0,0.0,419.3891642730423,-905.4135170616469,1000.0,-0.05622281888426103,0.0,0.0,0.0,67.46738266111325,0.0,159.58112058353643,-486.4102425821224,0.0,0.0,0.0,11.244563776852207,787.2804533893701,0.0,0.0,-109.98499169417143,0.0,0.0,0.0,0.0,0.0,0.0,0.0,0.0,0.0,0.0,0.0,0.0,0.0,0.0,0.0,0.0,0.0,0.0,-1000.0,0.0,0.0,159.58112058353643,0.0,69.71629541648369,0.0,0.0,0.0,0.0,0.0,0.0,574.380353878336,0.0,0.0,-619.9322634280608,0.0,0.0,0.0,0.0,0.0,17.316628216352456,0.22489127553704413,0.0,0.0,0.0,-5.963518736473105,0.0,0.0,0.0,0.0,0.0,1000.0,0.0,0.0,0.0,0.0,0.0,548.443973021352,548.443973021352,0.0,0.0,0.0,46.78124999999999,0.0,0.0,0.0,548.6688642968891,0.0,0.0,0.0,1000.0,-20.80566002888827,0.0,0.0,0.0,0.0,0.0,0.0,0.0,0.0,0.0,0.0,0.0,0.0,0.0,0.0,-1000.0,0.0,0.0,0.0,0.0,0.0,0.0,0.0,778.5181079162811,-778.5181079162811,45.55190954972477,0.0,0.0,0.0,0.0,0.0,0.0,0.0,-1000.0,0.0,0.0,0.0,0.0,0.0,0.0,0.0,0.0,0.0,0.0,0.0,0.0,0.0,0.0,-169.3804329518735,105.06294034637631,0.0,0.0,0.0,0.0,425.7286021617782,0.0,0.0,0.0,0.0,-4.621455149054441,105.06294034637631,0.0,0.0,0.0,0.0,0.0,0.0,0.0,0.0,314.5355559642144,44.97825510740883,92.11373792242318,0.0,1000.0,-683.931624977928,305.22654154027146,0.0,-105.06294034637631,0.0,0.0,45.55190954972477,0.0,0.0,0.0,0.0,-37.84926223611694,0.0,0.0,-1000.0,-735.0402517677102,0.0,-264.9597482322898,0.0,735.0402517677102,-126.89540914536576,0.0,1000.0,0.0,0.0,156.16614703685025,0.0,0.0,0.0,-1000.0,0.0,1000.0,0.0,548.219081745815,0.0,0.0,-638.7044799826684,46.78125,0.0,0.0,-4.621455149054441,-0.3373369133055662,0.0,0.0,0.0,0.0,0.22489127553704413,0.0,0.0,0.0,54.60281174074623,0.3373369133055662,0.0,-73.32332779611428,-362.87394975784775,20.80566002888827,329.1059640914375,0.0,322.1792413343696,0.0,-109.98499169417143,0.0,0.0,0.0,-19.36313882373955,0.0,-302.81610251063,-1000.0,-1000.0,0.0,0.0,0.0,0.0,0.0,0.0,0.0,0.0,0.0,0.0,0.0,0.0,0.0,0.0,0.0,0.0,0.0,16.748674567089196,0.0,-981.2322134067452,0.0,565.2410088618601,793.7042994740434,0.0,0.0,0.0,-331.85218418056684,0.0,0.0,0.0,0.0,0.0,0.0,0.0,-77.55626006629616,-5.622281888426103,0.0,105.6676695084267,0.0,0.0,0.0,0.0,66.31169628944396,258.20220062459833,0.0,-11.244563776852207,-767.7405644900662,0.0,465.71579512972835,0.0,0.0,159.58112058353643,0.0,0.0,0.0,0.0,0.0,0.0,0.0,0.0,0.0,0.0,490.74946824146485,0.0,0.0,0.0,0.0,0.0,0.0,0.0,0.0,-54.794819847833764,0.0,0.0,0.0,0.0,0.0,0.0,0.0,-334.92507227188304,0.4497825510743496,0.0,0.0,0.0,0.0,0.0,0.0,0.0,0.0,0.0,702.9989433282565,0.0,0.0,0.0,0.0,0.0,0.0,0.0,0.0,0.0,0.24738040309080156,0.24738040309080156,0.0,0.0,0.0,134.9347653222265,0.0,0.0,0.0,1000.0,0.0,0.0,0.0,0.0,0.0,1000.0,-1000.0,0.0,0.0,0.0,0.0,0.0,0.0,0.0,0.0,0.0,0.0,0.0,0.0,0.0,333.3333333333333,-54.60281174074623,5.963518736473105,0.0,17.316628216352456,0.0,0.0,0.0,-471.280511711503,0.0,1000.0,0.0,0.0,665.074927728117,734.3749999999955,-734.3749999999955,0.0,0.0,0.0,0.0,0.0,0.0,0.0,0.0,0.0,0.0,0.0,0.0,0.0,0.0,134.9347653222265,45.55190954972477,45.55190954972477,0.0,0.0,0.0,0.0,0.0,0.0,0.0,0.0,0.0,0.0,2.2489127553704416,0.0,0.0,0.0,0.0,0.0,0.0,0.0,0.0,159.58112058353643,0.0,0.0,0.0,0.0,0.0,0.0,0.0,0.0,0.0,0.0,1000.0,-739.2584809802245,0.0,67.46738266111325,67.46738266111325,1000.0,-1000.0,0.0,0.0,0.0,0.0,0.0,0.0,0.0,-570.2849368038006,0.0,-529.6245336234707,0.22489127553704413,0.0,0.0,0.0,297.0010566717435,0.0,0.0,0.0,0.0,0.0,0.0,0.0,0.0,0.0,0.0,0.0,0.0,0.0,0.0,0.0,0.0,0.0,0.22489127553704413,0.0,0.0,0.0,1000.0,-1000.0,0.0,0.0,0.0,565.2410088618601,0.0,461.8521152934766,0.0,0.0,-997.9808879738345,-16.866845665278312,-10.073731899790909,-1.1708318770612978,0.0,0.0,0.0,0.0,0.0,0.0,0.0,0.0,0.0,0.0,0.0,45.55190954972477,20.80566002888827,0.0,0.0,476.96035890658055,0.0,0.0,0.0,-0.22489127553704413,0.0,0.0,0.22489127553704413,0.0,0.22489127553704413,0.0,0.0,0.0,134.9347653222265,274.3673561551939,274.3673561551939,0.0,0.0,0.0,0.0,0.0,0.0,0.0,5.963518736473105,0.0,0.0,0.0,0.0,0.0,0.0,0.0,0.0,0.0,0.0,0.0,0.0,0.0,0.0,0.0,0.0,0.0,0.0,0.0,471.280511711503,0.0,-78.21628925593093,78.21628925593093,0.3373369133055662,0.0,0.0,0.0,-159.58112058353643,0.0,0.0,0.0,0.0,0.0,0.0,11.244563776852207,0.0,0.0,0.0,-46.78124999999999,0.0,-485.4057395457377,-1.1708318770612978,0.0,0.0,0.0,0.0,0.0,0.0,0.0,45.55190954972477,0.0,0.0,124.42723867973922,0.0,0.0,28.11140944213052,-109.98499169417143,0.0,-817.2579237263045,0.0,817.2579237263045,0.0,-274.3673561551939,0.0,11.244563776852207,125.93756849772444,0.0,0.0,0.0,-54.794819847833764,0.0,0.0,649.4397414185935,-649.4397414185935,0.0,0.0,0.0,0.0,0.0,-33.73369133055667,0.0,274.3673561551939,0.0,0.0,0.0,0.0,0.0,0.0,0.0,0.0,0.0,314.5355559642144,0.0,0.0,50.60053699583497,-1000.0,0.0,0.0,67.46738266111325,0.0,0.0,0.0,0.0,-341.19810959140193,0.0,0.0,0.24738040309080156,0.0,0.0,0.0,137.18367807759694,0.0,0.0,0.0,0.0,-169.3804329518735,0.0,0.0,0.0,0.0,0.0,0.0,0.0,0.0,289.4143218217416,0.0,0.02248912755370469,0.02248912755370469,0.0,0.0,0.0,0.0,0.0,0.0,0.0,0.0,0.0,0.0,0.0,0.0,0.0,0.0,0.0,0.0,0.0,0.0,0.0,0.0,0.0,0.0,0.0,0.0,0.0,0.0,0.0,0.0,0.0,325.130339664941,-468.94607077967277,0.0,0.0,0.0,134.9347653222265,0.0,0.0,0.0,0.0,0.0,0.0,-134.9347653222265,0.0,0.0,0.0,0.0,0.0,0.0,0.0,0.0,0.0,0.0,0.0,0.0,529.6245336234707,-783.0044834144305,154.05052374287527,-159.58112058353643,0.0,0.0,997.0813228716859,0.0,0.0,0.0,0.0,0.0,0.0,0.0,0.0,0.0,0.0,0.0,0.0,0.0,0.0,0.0,0.0,0.0,-28.11140944213052,45.55190954972477,-16.866845665278312,-16.866845665278333,0.0,0.0,0.0,0.0,0.0,170.65401995982472,-173.46516090403776,54.794819847833764,0.0,0.0,0.0,0.0,0.0,0.0,0.0,1000.0,67.46738266111325,67.46738266111325,0.0,0.0,0.0,0.0,0.0,0.24738040309080156,0.0,0.0,0.0,-997.0813228716859,0.0,0.0,0.0,0.0,0.0,0.0,0.0,0.0,0.0,0.0,0.0,0.0,0.0,0.0,39.108144627965466,0.0,0.0,0.0,0.0,236.13583931389638,17.316628216352456,0.0,0.0,0.0,0.0,0.0,0.0,0.0,782.6260645378678,0.0,0.0,0.0,-28.11140944213052,0.0,0.0,0.0,0.0,0.0,0.0,0.0,0.0,0.0,0.0,0.0,0.0,0.0,0.0,0.0,0.0,0.0,0.0,-0.22489127553704413,0.0,0.0,11.244563776852207,-1000.0,0.0,0.0,0.0,0.0,45.55190954972477,0.0,0.0,0.0,19.36313882373955,5.622281888426103,0.0,0.0,0.0,0.22489127553704413,0.0,224.89127553704412,-69.71629541648369,44.97825510740883,1.6063662538360295,627.4466587483532,-0.1686684566527831,11.244563776852196,4.497825510740883,-1.1244563776856467,-627.4466587483532,67.46738266111325,-0.22489127553704413,36.66166389805714,0.0,0.05622281888426103,1.6063662538360295,-109.98499169417143,-35.80269106549804,-4.497825510740883,251.47233737898532,-0.22489127553704413,0.05622281888426103,-627.4466587483532,22.489127553704414,0.22489127553704413,0.22489127553704413,0.4722716786278457,0.24738040309074882,-1000.0,-0.1686684566527831,67.46738266111325,0.22489127553704413,159.58112058353643,-20.331899846098892,-0.11244563776852207,219.96998338834285,-448.4426209910197,-0.1686684566527831,-0.22489127553704413,-69.71629541648369,0.22489127553704413,22.489127553704414,-4.497825510740883,471.280511711503,471.280511711503,-22.489127553704414,-251.47233737898532,-471.280511711503,44.97825510740883,0.3373369133055662,-1000.0,22.489127553704414,-333.3333333333333,0.0,-44.97825510740883,0.11244563776852207,2.2489127553704416,18.33083194902857,44.97825510740883,-0.22489127553704413,-50.60053699583497,-0.4722716786278457,69.71629541648369,0.22489127553704413,35.80269106549804,-361.98326856687584,0.0,-0.22489127553704413,-0.05622281888426103,0.0,-0.22489127553704413,-334.92507227188304,0.22489127553706112,-0.05622281888426103,-0.05622281888426103,-0.05622281888426103,89.95651021481765,20.331899846098892,2.2489127553704416,166.61632376350946,-0.05622281888426103,0.0,11.244563776852207,178.70709991279372,0.22489127553704413,0.11244563776852207,0.11244563776852207,22.489127553704414,69.71629541648369,0.22489127553704413,-69.71629541648369,2.2489127553704416,0.22489127553704413,-166.61632376350946,0.22489127553704413,0.8995651021484719,1.1244563776856467,0.11244563776852207,0.05622281888426103,67.46738266111325,-0.22489127553704413,1000.0,2.2489127553704416,-333.2326475270189,5.622281888426116,-22.489127553704414,44.97825510740883,11.244563776852207,-0.22489127553704413,109.98499169417143,0.3373369133055662,-0.22489127553704413,-44.97825510740883,69.71629541648369,711.1555255200982,0.11244563776852207,-357.41419982558745,-0.22489127553704413,-0.22489127553706112,-0.22489127553704413,0.11244563776852207,627.4466587483532,-44.97825510740883,0.22489127553704413,36.66166389805714,-0.05622281888426103,-0.24738040309074882,-36.66166389805714,33.73369133055662,448.4426209910197,344.2928589475431,627.4466587483532,-0.1686684566527831,50.60053699583497,-44.97825510740883,0.22489127553704413,-0.05622281888426103,11.244563776852207,224.89127553704412,-0.11244563776852207,-0.22489127553704413,0.05622281888426103,0.0,0.0,126.78296350759729,0.0,-540.2512071477338,0.0,764.8883667728414,-1000.0,0.0,836.5316810584973,-425.7427316547023,-67.12614581306624,-873.1045908546342,-418.26584052924863,270.1256035738669,212.87136582735113,0.0,500.0,0.0,-369.95741592869626,873.1045908546342,67.12614581306624,-369.95741592869626,-764.8883667728414,552.1912538930064,0.0,1496.5981,bhi
458,0.0,0.0,0.0,0.0,0.0,0.0,0.0,0.0,-0.1433482029815424,0.0,0.0,0.0,0.0,0.0,0.0,0.0,0.2150223044723136,0.0,0.0,117.05180492627781,0.0,0.0,0.0,0.0,0.0,0.0,0.0,0.0,0.0,216.3301300767858,0.0,0.0,913.2119132023109,0.0,0.0,0.0,0.0,979.5107635205039,0.0,-1000.0,965.5440848988558,0.0,0.0,783.454847618742,0.0,0.0,0.0,0.0,0.0,0.0,0.0,0.0,0.0,0.15768302327921901,0.0,0.0,0.0,28.669640596308483,0.0,0.0,-12.624198409240893,0.0,0.0,-12.624198409240893,0.0,0.0,0.0,0.0,491.91908450177993,-491.91908450177993,0.0,1.4334820298154243,0.0,0.0,0.0,0.0,0.0,0.0,0.0,0.0,0.0,0.0,0.0,0.0,86.00892178892545,0.0,0.0,295.32848781098716,-60.794833349486915,0.0,-0.0358370507453856,0.0,0.0,52.207940253330534,43.004460894462724,0.0,43.004460894462724,-4.615812136004251,0.0,0.0,0.0,7.167410149077121,180.4371991968415,0.0,0.0,-83.62009151179741,0.0,0.0,0.0,0.0,0.0,0.0,0.0,0.0,0.0,0.0,0.0,0.0,0.0,0.0,0.0,0.0,0.0,0.0,-714.959551392501,0.0,0.0,43.004460894462724,0.0,44.43794292427814,19.32320152299181,0.0,0.0,0.0,0.0,0.0,0.0,0.0,0.0,0.0,0.0,0.0,0.0,0.0,0.0,11.037811629578766,0.1433482029815424,0.0,0.0,0.0,675.0276407540377,-675.0276407540377,0.0,0.0,0.0,0.0,631.9346199586565,0.0,0.0,0.0,0.0,0.0,999.8566517970185,999.8566517970185,0.0,0.0,0.0,0.0,-1000.0,0.0,0.0,1000.0,0.0,0.0,0.0,676.2676243674157,-57.74885058115135,0.0,0.0,0.0,0.0,0.0,0.0,0.0,0.0,0.0,-1000.0,0.0,0.0,0.0,0.0,-1000.0,0.0,0.0,0.0,0.0,0.0,0.0,0.0,60.794833349486915,-60.794833349486915,0.0,0.0,0.0,0.0,0.0,0.0,0.0,35.89293087994428,1000.0,0.0,0.0,0.0,0.0,0.0,0.0,0.0,0.0,0.0,0.0,0.0,0.0,0.0,0.0,788.9761910731788,-216.5451523812581,0.0,0.0,0.0,0.0,135.82803176512795,0.0,0.0,0.0,0.0,-12.624198409240893,-1000.0,0.0,0.0,0.0,0.0,0.0,0.0,0.0,0.0,0.0,0.0,0.0,0.0,0.0,-121.58966669897383,356.12332116047406,0.0,216.5451523812581,0.0,0.0,0.0,454.7480682696794,0.0,0.0,0.0,-32.39357516379516,0.0,0.0,-1000.0,0.0,0.0,-1000.0,0.0,0.0,0.0,0.0,-117.48184953522244,0.0,0.0,302.75985759935895,0.0,0.0,0.0,968.1513737223906,0.0,-968.1513737223906,0.0,999.7133035940369,0.0,0.0,0.0,0.0,0.0,0.0,-12.624198409240893,-0.2150223044723136,0.0,0.0,0.0,0.0,0.1433482029815424,0.0,0.0,0.0,821.1675073404094,0.2150223044723136,0.0,-1000.0,-299.54811100559806,57.74885058115135,911.896801862196,0.0,205.3606355913572,0.0,-83.62009151179741,0.0,0.0,0.0,507.25032311991424,0.0,-712.6109587112715,-1000.0,578.135535339603,0.0,0.0,0.0,0.0,0.0,0.0,0.0,0.0,0.0,0.0,0.0,0.0,0.0,0.0,0.0,0.0,0.0,-19.91584366756918,0.0,-1000.0,0.0,0.0,0.0,0.0,0.0,0.0,-11.037811629578766,0.0,0.0,0.0,0.0,0.0,0.0,0.0,-47.528407535906474,0.0,-491.91908450177993,74.28535798830512,0.0,0.0,0.0,0.0,40.360997386829354,1000.0,-3.5837050745385604,-7.167410149077121,-1000.0,0.0,-57.28340105805829,-485.66211660854276,0.0,43.004460894462724,0.0,0.0,0.0,0.0,0.0,0.0,0.0,0.0,0.0,0.0,-242.06548160999955,0.0,0.0,0.0,0.0,0.0,35.89293087994428,0.0,0.0,-25.248396818481787,0.0,-859.3749999999994,96.65174393112257,0.0,0.0,0.0,0.0,745.9717301787161,0.2866964059631806,0.0,0.0,0.0,0.0,0.0,0.0,0.0,0.0,0.0,0.0,0.0,0.0,0.0,0.0,0.0,0.0,0.0,0.0,0.0,0.15768302327921901,0.15768302327921901,0.0,236.96915039887395,0.0,86.00892178892545,0.0,0.0,0.0,1000.0,0.0,0.0,0.0,0.0,0.0,-531.8652315452464,-1000.0,0.0,0.0,0.0,0.0,0.0,96.65174393112257,0.0,0.0,0.0,0.0,0.0,0.0,0.0,238.319850464167,-821.1675073404094,0.0,0.0,11.037811629578766,0.0,52.207940253330534,0.0,-135.82803176512795,0.0,-531.8652315452464,0.0,-590.0875523501466,804.1940509836163,0.0,0.0,0.0,0.0,0.0,0.0,0.0,0.0,0.0,0.0,0.0,0.0,0.0,0.0,0.0,0.0,86.00892178892545,0.0,0.0,0.0,0.0,0.0,0.0,0.0,0.0,0.0,0.0,0.0,0.0,1.4334820298154243,0.0,0.0,0.0,0.0,0.0,0.0,0.0,0.0,43.004460894462724,0.0,0.0,0.0,0.0,0.0,0.0,0.0,0.0,0.0,0.0,1000.0,0.0,0.0,43.004460894462724,43.004460894462724,-46.58816596900129,-1000.0,0.0,96.65174393112257,0.0,0.0,0.0,0.0,0.0,579.8430385184829,35.89293087994428,578.135535339603,0.14334820298154227,0.0,0.0,0.0,112.01897425987113,0.0,0.0,-52.207940253330534,0.0,0.0,0.0,0.0,0.0,0.0,0.0,0.0,0.0,0.0,0.0,0.0,0.0,0.0,0.1433482029815424,0.0,0.0,0.0,828.6816956625698,-828.6816956625698,0.0,0.0,0.0,0.0,0.0,439.3961192685749,0.0,-450.4339308981537,-980.0841563324308,-10.751115223615683,-7.167410149077121,0.0,0.0,0.0,0.0,0.0,0.0,0.0,0.0,0.0,0.0,0.0,0.0,0.0,57.74885058115135,0.0,0.0,-50.11599090898117,0.0,0.0,0.0,-0.1433482029815424,0.0,0.0,0.1433482029815424,0.0,0.14334820298154227,0.0,0.0,0.0,86.00892178892545,174.88480763748174,174.88480763748174,0.0,0.0,0.0,0.0,0.0,0.0,0.0,0.0,0.0,35.89293087994428,0.0,0.0,519.5926033966246,0.0,0.0,0.0,0.0,0.0,0.0,0.0,0.0,0.0,0.0,0.0,0.0,0.0,0.0,135.82803176512795,0.0,0.0,0.0,0.2150223044723136,0.0,0.0,0.0,-43.004460894462724,0.0,0.0,0.0,0.0,0.0,-236.96915039887395,7.167410149077121,0.0,0.0,0.0,0.0,1000.0,-677.6981939530057,0.0,0.0,-859.3749999999994,0.0,0.0,0.0,0.0,0.0,0.0,0.0,0.0,960.8237121659948,236.96915039887395,0.0,971.3303594036915,-83.62009151179741,0.0,-688.7360055825844,450.4339308981537,238.30207468443075,0.0,279.8632606321976,0.0,7.167410149077121,404.2164712459523,0.0,0.0,0.0,-25.248396818481787,-375.7965337149059,375.7965337149059,0.0,0.0,0.0,0.0,0.0,0.0,0.0,978.4977695527688,0.0,174.88480763748174,0.0,0.0,0.0,0.0,0.0,0.0,0.0,0.0,0.0,0.0,0.0,0.0,269.22249606972093,-112.01897425987113,11.094610920007312,0.0,43.004460894462724,0.0,0.0,0.0,0.0,445.79014333079886,0.0,0.0,0.15768302327921901,0.0,0.0,0.0,87.44240381874087,0.0,0.0,0.0,0.0,788.9761910731788,0.0,0.0,0.0,0.0,0.0,0.0,0.0,0.0,0.0,0.0,0.014334820298154652,0.014334820298154652,0.0,0.0,0.0,0.0,0.0,0.0,0.0,0.0,0.0,0.0,0.0,0.0,0.0,0.0,0.0,236.96915039887395,0.0,0.0,0.0,0.0,0.0,0.0,0.0,0.0,0.0,0.0,0.0,0.0,0.0,0.0,0.0,0.0,0.0,0.0,86.00892178892545,0.0,0.0,0.0,0.0,0.0,0.0,-86.00892178892545,0.0,0.0,0.0,0.0,0.0,0.0,0.0,0.0,0.0,0.0,0.0,0.0,1000.0,-239.71976228467565,617.7861224389811,-722.6064536302486,679.6019927357859,0.0,979.5107635205039,0.0,0.0,0.0,0.0,0.0,0.0,0.0,0.0,0.0,0.0,0.0,0.0,0.0,0.0,0.0,0.0,0.0,-17.918525372692805,0.0,-10.751115223615683,508.8414881730089,0.0,0.0,0.0,0.0,0.0,-1.7918525372692804,0.0,25.248396818481787,0.0,0.0,0.0,0.0,0.0,0.0,0.0,1000.0,43.004460894462724,43.004460894462724,0.0,0.0,0.0,0.0,0.0,0.15768302327921901,236.96915039887395,0.0,0.0,-979.5107635205039,0.0,0.0,0.0,0.0,0.0,0.0,0.0,0.0,0.0,0.0,0.0,0.0,0.0,0.0,0.0,0.0,0.0,19.32320152299181,0.0,150.51561313061953,0.0,0.0,11.037811629578766,0.0,0.0,0.0,236.96915039887395,0.0,665.9149716679243,0.0,0.0,0.0,-17.918525372692805,0.0,0.0,0.0,0.0,0.0,0.0,0.0,0.0,0.0,0.0,0.0,0.0,0.0,0.0,0.0,0.0,0.0,0.0,-0.14334820298154227,0.0,0.0,7.167410149077121,531.8652315452464,0.0,0.0,0.0,0.0,0.0,0.0,0.0,0.0,-507.25032311991424,3.5837050745385604,0.0,0.0,0.0,0.14334820298154227,0.0,143.3482029815424,-25.11474140128633,28.669640596308483,1.0239157355824458,438.5878893644869,-0.1075111522361568,7.167410149077121,2.8669640596308485,-0.7167410149083935,-438.5878893644869,43.004460894462724,-0.1433482029815424,27.873363837265803,96.65174393112257,0.0358370507453856,1.0239157355824458,-83.62009151179741,-22.82103391466012,-2.8669640596308485,-117.26682723075012,-0.1433482029815424,0.0358370507453856,-438.5878893644869,14.334820298154241,0.1433482029815424,0.1433482029815424,-236.6681191726132,0.15768302327969708,0.0,-0.1075111522361568,43.004460894462724,0.1433482029815424,43.00446089446268,-71.6741014907712,-0.0716741014907712,-464.69443693506173,-150.30620026626372,-0.1075111522361568,-0.1433482029815424,-25.11474140128633,0.14334820298154227,14.334820298154241,-2.8669640596308485,135.82803176512795,135.82803176512795,-14.334820298154241,117.26682723075012,-135.82803176512795,28.669640596308483,0.2150223044723136,253.51905192494723,14.334820298154241,-238.319850464167,96.65174393112257,-28.669640596308483,0.0716741014907712,1.4334820298154243,250.0,265.63879099518243,-0.1433482029815424,-269.22249606972093,236.6681191726132,44.43794292427814,0.1433482029815424,22.82103391466012,-75.36609964672809,96.65174393112257,-0.1433482029815424,-0.0358370507453856,-96.65174393112257,-0.1433482029815424,745.9717301787161,0.1433482029815424,-0.0358370507453856,-0.0358370507453856,-0.0358370507453856,57.339281192616966,71.6741014907712,1.4334820298154243,106.2030998839505,-0.0358370507453856,472.1266361627342,7.167410149077121,-365.81845494028096,0.1433482029815424,0.0716741014907712,0.0716741014907712,62.660692263715525,25.11474140128633,0.1433482029815424,-25.11474140128633,1.4334820298154243,0.1433482029815424,-106.2030998839505,0.1433482029815424,0.5733928119268512,0.7167410149083935,0.0716741014907712,0.0358370507453856,43.004460894462724,-0.1433482029815424,0.0,1.4334820298154243,-212.406199767901,3.583705074538562,-14.334820298154241,28.669640596308483,7.167410149077121,-0.1433482029815424,83.62009151179741,0.2150223044723136,-0.1433482029815424,-125.32138452743105,25.11474140128633,-88.89567567009324,0.0716741014907712,731.6369098805619,-0.1433482029815424,-0.1433482029815424,-0.1433482029815424,0.0716741014907712,438.5878893644869,-28.669640596308483,0.1433482029815424,500.0,-0.0358370507453856,-0.15768302327969708,-500.0,21.502230447231362,150.30620026626372,-594.0586742075122,438.5878893644869,-0.1075111522361568,269.22249606972093,-265.63879099518243,0.1433482029815424,-0.03583705074538561,7.167410149077121,143.3482029815424,-0.0716741014907712,-0.1433482029815424,0.0358370507453856,351.1221602925393,0.0,-253.590726026438,0.0,-1000.0,0.0,153.68452773420427,-1000.0,0.0,1000.0,297.01593252548855,-1000.0,0.0,-500.0,500.0,-148.50796626274425,0.0,500.0,-236.96915039887395,-356.8944676607056,0.0,1000.0,-356.89446766070563,-153.68452773420427,107.35790354138906,0.0,1496.5981,bhi
459,0.0,0.0,0.0,0.0,0.0,0.0,0.0,0.0,890.3849066208091,0.0,0.0,0.0,0.0,0.0,0.0,0.0,658.4021397141745,491.63213964949244,0.0,-861.6968210961566,0.0,0.0,0.0,0.0,0.0,666.3292498294991,0.0,0.0,0.0,-733.779187026433,0.0,0.0,184.7296624994416,0.0,0.0,0.0,0.0,916.2178775547555,0.0,-1000.0,-416.8020399709055,0.0,0.0,154.71347742435728,0.0,0.0,519.8462609138294,0.0,0.0,-482.11472709652526,0.0,0.0,0.0,0.24434127733866262,0.0,0.0,0.0,44.42568678882708,0.0,0.0,-19.562110749346175,0.0,-799.2182997509474,-818.7804105002936,335.2964572450451,0.0,0.0,0.0,0.0,0.0,0.0,2.221284339441354,0.0,0.0,0.0,0.0,0.0,0.0,0.0,0.0,0.0,0.0,0.0,0.0,133.27706036648124,0.0,0.0,-585.9227495828426,-329.03447353162915,0.0,-0.05553210848603385,0.0,0.0,0.0,66.63853018324062,0.0,121.12957044767536,-7.152535572999341,0.0,0.0,0.0,11.10642169720677,-733.779187026433,0.0,0.0,-403.9924612549115,0.0,0.0,0.0,0.0,0.0,0.0,0.0,0.0,0.0,0.0,0.0,0.0,0.0,0.0,0.0,0.0,0.0,0.0,-1000.0,0.0,0.0,121.12957044767536,0.0,68.85981452268196,13.641331843737419,0.0,-589.2845256372937,-206.1874321867745,795.4719578240681,-795.4719578240681,778.1726979514473,0.0,0.0,-778.1726979514473,0.0,0.0,0.0,0.0,0.0,17.103889413698425,0.22212843394413537,0.0,0.0,0.0,-829.0098460348095,0.0,0.0,0.0,0.0,0.0,1000.0,0.0,0.0,0.0,0.0,0.0,40.19866481079407,40.19866481079407,0.0,0.0,0.0,15.59375,0.0,0.0,0.0,40.420793244738206,0.0,0.0,0.0,695.9762657894969,0.0,0.0,0.0,0.0,0.0,0.0,0.0,0.0,0.0,0.0,0.0,0.0,0.0,0.0,0.0,-1000.0,0.0,0.0,0.0,0.0,0.0,482.11472709652526,0.0,329.03447353162915,-329.03447353162915,0.0,0.0,0.0,0.0,0.0,0.0,0.0,0.0,-27.766054243016924,0.0,0.0,0.0,0.0,0.0,0.0,0.0,0.0,0.0,0.0,0.0,0.0,0.0,0.0,326.8841564721033,75.37704731225851,0.0,0.0,0.0,0.0,133.1693366473412,0.0,0.0,0.0,0.0,-19.562110749346175,-79.33643011209875,0.0,0.0,0.0,0.0,0.0,0.0,0.0,0.0,0.0,0.0,54.491040264434744,0.0,658.0689470632583,0.0,-256.88827605121344,0.0,-75.37704731225851,0.0,0.0,0.0,-299.6802411104975,0.0,0.0,0.0,218.67051954725991,0.0,0.0,-1000.0,0.0,705.1207553032472,-1000.0,0.0,705.1207553032472,0.0,0.0,544.8925416678076,482.11472709652526,0.0,513.8516577442713,0.0,0.0,0.0,0.0,0.0,0.0,0.0,559.8227972906793,0.0,0.0,-298.58917885058725,15.59375,0.0,0.0,-19.562110749346175,-0.3331926509162031,0.0,0.0,0.0,0.0,0.22212843394413537,0.0,0.0,0.0,745.7010929049834,658.4021397141745,0.0,-269.32830750327435,573.3790263053666,0.0,-295.6724695232302,0.0,318.2211944683685,0.0,-403.9924612549115,0.0,0.0,0.0,-19.125258162590168,0.0,-299.0959363057783,-1000.0,920.5106551651638,0.0,0.0,0.0,0.0,0.0,0.0,0.0,0.0,0.0,0.0,0.0,0.0,0.0,0.0,0.0,0.0,0.0,-82.89360870946818,0.0,-1000.0,0.0,0.0,0.0,0.0,0.0,0.0,930.863545632806,0.0,0.0,0.0,0.0,0.0,0.0,0.0,608.6625491466775,-5.553210848603385,0.0,-692.4705275598089,0.0,0.0,0.0,0.0,-619.7689708438843,757.7975241135437,0.0,-11.10642169720677,28.567772188442177,0.0,-144.383482063688,111.57403265614832,0.0,121.12957044767536,0.0,0.0,0.0,0.0,0.0,890.6070350547533,0.0,0.0,0.0,0.0,-225.7265294293353,0.0,0.0,0.0,0.0,0.0,0.0,0.0,0.0,-39.12422149869235,0.0,546.8749999999987,0.0,0.0,0.0,0.0,0.0,-623.2552600103814,0.44425686788781604,0.0,0.0,0.0,0.0,0.0,0.0,0.0,0.0,0.0,0.0,0.0,0.0,0.0,0.0,0.0,0.0,0.0,0.0,0.0,0.24434127733866262,0.24434127733866262,0.0,0.0,0.0,133.27706036648124,0.0,0.0,0.0,1000.0,0.0,0.0,0.0,0.0,0.0,1000.0,-1000.0,0.0,0.0,0.0,0.0,0.0,0.0,0.0,0.0,0.0,0.0,0.0,0.0,0.0,333.3333333333333,-745.7010929049834,829.0098460348095,0.0,17.103889413698425,0.0,0.0,0.0,-133.1693366473412,0.0,1000.0,0.0,-609.9322467439085,986.6769867335271,0.0,0.0,0.0,0.0,0.0,0.0,0.0,0.0,0.0,0.0,0.0,0.0,0.0,0.0,0.0,0.0,133.27706036648124,0.0,0.0,0.0,0.0,0.0,0.0,0.0,0.0,0.0,0.0,0.0,0.0,2.221284339441354,0.0,0.0,0.0,0.0,0.0,0.0,0.0,0.0,121.12957044767536,0.0,0.0,0.0,0.0,0.0,0.0,0.0,0.0,0.0,0.0,-259.9192514344973,982.3731137191321,0.0,66.63853018324062,66.63853018324062,1000.0,-1000.0,0.0,0.0,0.0,0.0,0.0,0.0,0.0,733.779187026433,0.0,1000.0,0.22212843394413537,0.0,0.0,0.0,238.78700228170214,0.0,0.0,0.0,0.0,0.0,0.0,0.0,0.0,0.0,0.0,0.0,0.0,0.0,0.0,0.0,0.0,0.0,0.22212843394413537,0.0,0.0,0.0,-1000.0,1000.0,0.0,0.0,0.0,0.0,0.0,930.863545632806,0.0,0.0,-917.1063912905319,-16.659632545810155,-11.10642169720677,0.0,0.0,0.0,0.0,0.0,0.0,0.0,0.0,0.0,0.0,0.0,0.0,0.0,0.0,0.0,0.0,-133.27706036648124,0.0,0.0,0.0,890.3849066208091,0.0,0.0,0.22212843394413537,0.0,0.22212843394413537,0.0,0.0,0.0,133.27706036648124,270.9966894118452,270.9966894118452,0.0,0.0,0.0,0.0,0.0,0.0,0.0,829.0098460348095,0.0,0.0,0.0,0.0,0.0,0.0,0.0,0.0,0.0,0.0,0.0,0.0,0.0,0.0,0.0,0.0,0.0,0.0,0.0,133.1693366473412,0.0,-666.3292498294991,666.3292498294991,0.3331926509162031,0.0,0.0,0.0,-121.12957044767536,0.0,0.0,0.0,0.0,0.0,0.0,11.10642169720677,0.0,0.0,0.0,-15.59375,0.0,-18.25895727020611,0.0,0.0,546.8749999999987,0.0,0.0,0.0,0.0,0.0,0.0,0.0,0.0,0.0,0.0,0.0,1000.0,-403.9924612549115,0.0,912.6045883625999,0.0,-912.6045883625999,0.0,-570.6769305223427,0.0,11.10642169720677,1000.0,0.0,0.0,0.0,-39.12422149869235,0.0,0.0,0.0,0.0,0.0,-947.9674350465044,0.0,0.0,0.0,0.0,-33.31926509162031,270.9966894118452,0.0,0.0,0.0,0.0,0.0,0.0,0.0,0.0,0.0,0.0,0.0,0.0,16.659632545810155,-238.78700228170214,0.0,0.0,66.63853018324062,0.0,0.0,0.0,0.0,-120.90351437618105,0.0,0.0,0.24434127733866262,0.0,0.0,0.0,135.4983447059226,0.0,0.0,0.0,0.0,326.8841564721033,0.0,0.0,0.0,0.0,0.0,0.0,0.0,0.0,0.0,0.0,0.02221284339441354,0.02221284339441354,0.0,0.0,0.0,0.0,0.0,0.0,0.0,0.0,0.0,0.0,0.0,0.0,0.0,0.0,0.0,0.0,0.0,0.0,0.0,0.0,0.0,0.0,0.0,482.11472709652526,0.0,0.0,0.0,0.0,1000.0,0.0,491.63213964949244,0.0,0.0,0.0,133.27706036648124,0.0,0.0,0.0,0.0,0.0,866.7229396335188,-1000.0,0.0,0.0,0.0,0.0,0.0,0.0,0.0,0.0,0.0,0.0,0.0,0.0,920.5106551651638,-1000.0,152.15797725173275,-596.0007575475776,474.8711870999022,0.0,916.2178775547555,0.0,0.0,0.0,0.0,0.0,0.0,0.0,0.0,0.0,0.0,0.0,0.0,0.0,0.0,0.0,0.0,0.0,-27.766054243016924,0.0,-16.659632545810155,16.659632545810155,0.0,0.0,0.0,0.0,0.0,0.0,-2.776605424301693,39.12422149869235,0.0,0.0,0.0,0.0,0.0,0.0,0.0,1000.0,66.63853018324062,66.63853018324062,0.0,0.0,0.0,0.0,0.0,0.24434127733866262,0.0,0.0,0.0,-916.2178775547555,0.0,0.0,0.0,0.0,0.0,0.0,0.0,0.0,0.0,0.0,0.0,0.0,0.0,0.0,0.0,0.0,0.0,13.641331843737419,0.0,233.23485564134216,0.0,0.0,17.103889413698425,0.0,0.0,0.0,0.0,0.0,0.0,0.0,0.0,0.0,-27.766054243016924,0.0,0.0,0.0,0.0,0.0,0.0,0.0,0.0,0.0,0.0,0.0,0.0,0.0,0.0,0.0,0.0,0.0,0.0,-0.22212843394413537,0.0,0.0,11.10642169720677,-1000.0,0.0,0.0,0.0,0.0,0.0,0.0,0.0,0.0,19.125258162590168,5.553210848603385,0.0,0.0,666.3292498294991,0.22212843394413537,0.0,222.1284339441354,-55.218482678944554,44.42568678882708,1.5866316710295385,647.0209943916125,-0.16659632545810152,11.10642169720677,4.442568678882708,-1.1106421697204496,-647.0209943916125,66.63853018324062,-0.2221284339441354,134.66415375163717,0.0,0.05553210848603385,1.5866316710295385,-403.9924612549115,-35.362846683904536,-4.442568678882708,-288.3374582675104,-0.2221284339441354,0.05553210848603385,-647.0209943916125,22.21284339441354,0.2221284339441354,0.22212843394413537,0.466469711282798,0.24434127733854893,0.0,-0.16659632545810152,66.63853018324062,0.2221284339441354,121.12957044767536,-56.57317670763295,-0.1110642169720677,-192.01507749017696,-155.60430847569887,-0.16659632545810155,-0.2221284339441354,-55.218482678944554,0.22212843394413537,22.21284339441354,-4.442568678882708,133.1693366473412,133.1693366473412,-22.21284339441354,288.3374582675104,-133.1693366473412,44.42568678882708,0.3331926509162031,-1000.0,22.21284339441354,-333.3333333333333,0.0,-44.42568678882708,0.1110642169720677,2.221284339441354,67.33207687581859,44.42568678882708,-0.22212843394413537,-49.978897637430464,-0.466469711282798,68.85981452268196,0.2221284339441354,35.362846683904536,-321.04516099739726,0.0,-0.22212843394413537,-0.05553210848603385,0.0,-0.2221284339441354,-623.2552600103814,0.222128433944085,-0.05553210848603385,-0.05553210848603385,-0.05553210848603385,88.85137357765416,56.57317670763295,2.221284339441354,164.5694034983594,-0.05553210848603385,0.0,11.10642169720677,322.7340517023975,0.22212843394413537,0.1110642169720677,0.1110642169720677,22.21284339441354,55.218482678944554,0.22212843394413537,-55.218482678944554,2.221284339441354,0.2221284339441354,-164.5694034983594,0.2221284339441354,0.8885137357763142,1.1106421697204496,0.1110642169720677,0.05553210848603385,66.63853018324062,-0.2221284339441354,0.0,2.221284339441354,-329.1388069967188,5.553210848603385,-22.21284339441354,44.42568678882708,11.10642169720677,-0.2221284339441354,403.9924612549115,0.33319265091620304,-0.2221284339441354,-44.42568678882708,55.218482678944554,557.307544341055,0.1110642169720677,-645.468103404795,-0.2221284339441354,-0.222128433944085,-0.2221284339441354,0.1110642169720677,647.0209943916125,-44.42568678882708,0.22212843394413537,134.66415375163717,-0.05553210848603385,-0.24434127733854893,-134.66415375163717,33.31926509162031,155.60430847569887,36.56982978646158,647.0209943916125,-0.16659632545810155,49.978897637430464,-44.42568678882708,0.2221284339441354,-0.05553210848603385,11.10642169720677,222.1284339441354,-0.1110642169720677,-0.2221284339441354,0.05553210848603385,194.31555953421457,0.0,999.8889357830279,0.0,-1000.0,0.0,584.2644699502425,-593.6311621445186,0.0,156.24662904252693,585.2933038954197,-215.4158407540176,0.0,-78.12331452126347,500.0,-292.64665194770987,0.0,296.8155810722593,0.0,-436.40402996487387,0.0,215.4158407540176,-436.40402996487387,-584.2644699502425,441.5483937766131,0.0,1496.5981,bhi
460,0.0,0.0,0.0,0.0,0.0,0.0,0.0,0.0,424.17651773279533,0.0,0.0,0.0,0.0,0.0,0.0,0.0,0.0,104.69241815193271,0.0,0.0,0.0,0.0,0.0,1000.0,0.0,0.0,0.0,0.0,0.0,0.0,0.0,0.0,529.4940518788142,0.0,0.0,0.0,0.0,563.3898708441442,0.0,-1000.0,236.56455613393075,0.0,0.0,-454.03082351744564,0.0,0.0,0.0,0.0,-564.371060559318,-423.32816357900515,0.0,-564.371060559318,0.0,0.24890300509264307,0.0,0.0,0.0,45.25509183505097,0.0,0.0,-19.927325438035723,0.0,-968.5368746710236,-988.4642001090593,0.0,0.0,0.0,0.0,0.0,0.0,0.0,2.2627545917525484,0.0,0.0,0.0,0.0,0.0,0.0,0.0,0.0,0.0,0.0,0.0,0.0,135.7652755051529,0.0,0.0,52.34620907596636,0.0,396.5088170871531,-0.05656886479381371,0.0,0.0,542.3260156147368,67.88263775257646,0.0,67.88263775257646,-7.286069785446102,595.7321764755944,0.0,0.0,11.313772958762742,0.0,0.0,0.0,-465.505260473413,0.0,0.0,0.0,0.0,0.0,0.0,0.0,0.0,0.0,0.0,0.0,0.0,0.0,0.0,0.0,0.0,0.0,0.0,-1000.0,0.0,0.0,67.88263775257646,0.0,70.14539234432901,4.561262118284503,0.0,235.4253270117029,-136.7127854454618,-98.71254156624111,98.71254156624111,0.0,-203.12499999999847,203.12499999999847,0.0,0.0,0.0,0.0,0.0,0.0,17.423210356494565,0.22627545917525485,0.0,0.0,0.0,0.0,-365.6858363746337,0.0,0.0,0.0,0.0,1000.0,0.0,0.0,0.0,0.0,0.0,440.41724406601315,440.41724406601315,0.0,0.0,0.0,-140.59375,145.04320719676895,0.0,0.0,440.64351952518837,0.0,0.0,0.0,-205.13882219980928,0.0,0.0,0.0,0.0,0.0,0.0,0.0,0.0,0.0,0.0,0.0,0.0,0.0,0.0,0.0,-1000.0,0.0,0.0,0.0,0.0,0.0,423.32816357900515,564.371060559318,-52.34620907596636,52.34620907596636,0.0,0.0,0.0,0.0,0.0,0.0,0.0,0.0,-131.68759365518054,0.0,0.0,0.0,0.0,0.0,0.0,0.0,0.0,0.0,0.0,0.0,0.0,0.0,0.0,32.052005059198336,0.0,0.0,0.0,0.0,0.0,434.2160030212604,0.0,0.0,0.0,0.0,-19.927325438035723,454.03082351744564,0.0,0.0,464.1619306751432,0.0,0.0,0.0,0.0,0.0,0.0,0.0,0.0,0.0,396.1694038983902,448.5156129743566,0.0,0.0,0.0,0.0,0.0,0.0,-23.08009683587602,0.0,0.0,0.0,188.859286762289,0.0,0.0,-863.0007946737243,0.0,0.0,-863.0007946737244,0.0,0.0,-52.34620907596636,0.0,0.0,423.32816357900515,0.0,206.21505231426977,0.0,0.0,0.0,0.0,0.0,0.0,0.0,1000.0,0.0,0.0,0.0,-140.59374999999997,0.0,0.0,-19.927325438035723,-0.3394131887628823,0.0,0.0,0.0,0.0,0.22627545917525485,0.0,0.0,0.0,497.90135922616315,0.0,0.0,-310.33684031560864,1000.0,0.0,304.4471938865072,0.0,-325.6010572904183,0.0,-465.505260473413,0.0,0.0,0.0,641.2108738957506,0.0,-315.60981660533236,-125.76391743933391,-1000.0,0.0,0.0,0.0,0.0,0.0,0.0,0.0,0.0,0.0,0.0,0.0,0.0,0.0,0.0,0.0,0.0,464.1619306751432,346.8442956801241,0.0,-217.4506770007232,0.0,0.0,0.0,0.0,0.0,0.0,-17.423210356494565,0.0,595.7321764755944,0.0,0.0,0.0,241.47430921798997,0.0,188.54860786010823,0.0,-241.47430921798997,342.37200976715053,427.9971369333322,0.0,-649.7632801048882,0.0,-199.86238081887097,516.6960700748483,-5.656886479381371,-439.3109098920949,-1000.0,0.0,-147.07904846391565,1000.0,0.0,67.88263775257646,0.0,0.0,0.0,779.2398372971422,0.0,424.4027931919706,0.0,0.0,0.0,0.0,-830.6199401752622,0.0,0.0,-559.8090313931622,0.0,0.0,0.0,0.0,0.0,-39.85465087607151,0.0,0.0,0.0,0.0,0.0,0.0,0.0,-401.5164690680118,0.4525509183504255,0.0,0.0,0.0,0.0,0.0,0.0,0.0,0.0,0.0,0.0,0.0,0.0,0.0,0.0,0.0,0.0,0.0,0.0,0.0,0.24890300509264307,0.24890300509264307,0.0,0.0,0.0,135.7652755051529,0.0,0.0,0.0,1000.0,0.0,0.0,0.0,0.0,0.0,1000.0,-1000.0,0.0,0.0,560.259659525301,0.0,0.0,0.0,0.0,0.0,0.0,0.0,0.0,0.0,0.0,333.3333333333333,-497.90135922616315,365.6858363746337,0.0,17.423210356494565,0.0,0.0,542.3260156147368,108.11001259347641,0.0,1000.0,0.0,598.4835309319882,0.0,0.0,0.0,0.0,0.0,0.0,0.0,0.0,0.0,0.0,0.0,0.0,0.0,0.0,0.0,0.0,0.0,135.7652755051529,0.0,0.0,0.0,0.0,0.0,0.0,0.0,0.0,0.0,0.0,0.0,0.0,2.2627545917525484,0.0,0.0,0.0,0.0,0.0,564.371060559318,0.0,0.0,67.88263775257646,-560.259659525301,0.0,0.0,0.0,0.0,0.0,0.0,0.0,0.0,0.0,1000.0,-801.2093239904427,0.0,67.88263775257646,67.88263775257646,1000.0,-1000.0,0.0,0.0,0.0,0.0,0.0,0.0,0.0,-874.2360825606661,0.0,-636.9387625042592,0.22627545917525485,0.0,0.0,0.0,280.5840204333826,0.0,0.0,-542.3260156147368,0.0,0.0,0.0,0.0,0.0,0.0,0.0,0.0,0.0,0.0,0.0,0.0,0.0,0.0,0.22627545917525485,0.0,0.0,0.0,-1000.0,1000.0,0.0,0.0,0.0,0.0,-421.69103388090014,1000.0,0.0,0.0,-564.2949726808473,-16.970659438144114,-11.313772958762742,0.0,0.0,0.0,0.0,0.0,0.0,0.0,0.0,0.0,0.0,0.0,0.0,0.0,0.0,0.0,0.0,-135.7652755051529,0.0,0.0,0.0,424.17651773279533,0.0,0.0,0.22627545917525485,0.0,0.22627545917525485,0.0,0.0,0.0,135.7652755051529,276.0560601938109,276.0560601938109,0.0,0.0,0.0,0.0,0.0,0.0,0.0,365.6858363746337,0.0,0.0,0.0,0.0,0.0,660.6931909307399,0.0,0.0,0.0,0.0,0.0,0.0,0.0,0.0,0.0,0.0,0.0,0.0,0.0,434.2160030212604,0.0,-107.96756775715406,107.96756775715406,0.3394131887628823,0.0,0.0,0.0,-67.88263775257646,0.0,0.0,0.0,0.0,0.0,0.0,11.313772958762742,0.0,0.0,0.0,140.59374999999997,-145.04320719676895,-18.5998427442089,0.0,0.0,0.0,0.0,0.0,0.0,0.0,0.0,0.0,0.0,560.259659525301,0.0,0.0,0.0,896.5968387417263,-465.505260473413,0.0,385.6679807801967,595.7321764755944,-981.4001572557911,0.0,-299.1361570296869,0.0,11.313772958762742,1000.0,0.0,0.0,0.0,-39.85465087607151,0.0,0.0,0.0,0.0,0.0,0.0,0.0,0.0,0.0,16.970659438144114,-50.91197831443239,276.0560601938109,0.0,0.0,0.0,0.0,0.0,0.0,0.0,0.0,0.0,0.0,0.0,0.0,0.0,-280.5840204333826,-1000.0,0.0,67.88263775257646,0.0,0.0,0.0,0.0,-171.8179392800348,0.0,0.0,0.24890300509264307,0.0,0.0,0.0,138.02803009690547,0.0,0.0,0.0,0.0,32.052005059198336,0.0,0.0,0.0,0.0,0.0,0.0,0.0,0.0,0.0,0.0,535.7609287812959,0.02262754591752625,0.0,0.0,0.0,0.0,0.0,0.0,0.0,0.0,0.0,0.0,0.0,0.0,0.0,0.0,0.0,0.0,0.0,0.0,0.0,0.0,0.0,0.0,0.0,423.32816357900515,0.0,0.0,0.0,0.0,0.0,0.0,104.69241815193271,0.0,0.0,0.0,135.7652755051529,0.0,0.0,0.0,0.0,0.0,0.0,-135.7652755051529,0.0,0.0,0.0,0.0,0.0,0.0,0.0,0.0,0.0,0.0,0.0,0.0,636.9387625042592,-1000.0,815.6918804657895,-67.88263775257646,0.0,0.0,563.3898708441442,0.0,0.0,0.0,0.0,0.0,0.0,0.0,0.0,0.0,0.0,0.0,0.0,0.0,0.0,0.0,0.0,0.0,-28.28443239690686,0.0,-16.970659438144114,694.6345098070286,0.0,0.0,0.0,0.0,0.0,0.0,-2.828443239690686,39.85465087607151,0.0,0.0,0.0,0.0,0.0,0.0,0.0,1000.0,67.88263775257646,67.88263775257646,0.0,0.0,0.0,0.0,0.0,0.24890300509264307,0.0,0.0,0.0,-563.3898708441442,535.7383012353783,0.0,0.0,0.0,0.0,0.0,0.0,0.0,0.0,0.0,0.0,0.0,0.0,0.0,53.98378387857703,0.0,0.0,4.561262118284503,0.0,237.5892321340176,17.423210356494565,0.0,0.0,0.0,0.0,0.0,0.0,0.0,0.0,0.0,0.0,0.0,-28.28443239690686,0.0,0.0,0.0,0.0,0.0,0.0,0.0,0.0,0.0,0.0,0.0,0.0,0.0,0.0,0.0,0.0,0.0,0.0,-0.22627545917525485,0.0,0.0,11.313772958762742,-1000.0,0.0,0.0,0.0,0.0,0.0,0.0,0.0,0.0,-641.2108738957506,5.656886479381371,0.0,0.0,0.0,0.22627545917525485,0.0,226.27545917525484,-65.58413022604452,45.25509183505097,1.616253279823249,640.4310553355301,-0.16970659438144114,11.313772958762744,4.525509183505097,-1.1313772958783375,-640.4310553355301,67.88263775257646,-0.22627545917525485,155.16842015780432,0.0,0.05656886479381371,1.616253279823249,-465.50526047341293,-36.023053100703464,-4.525509183505097,-104.69241815193271,-0.22627545917525485,0.05656886479381371,-640.4310553355301,22.627545917525484,0.22627545917525485,0.22627545917525485,0.4751784642678979,0.24890300509275676,0.0,-0.16970659438144114,67.88263775257646,0.22627545917525485,67.88263775257646,-113.13772958762743,-0.11313772958762743,-68.98947905317402,-457.06982439796116,-0.16970659438144114,-0.22627545917525485,-65.58413022604452,0.22627545917525485,22.627545917525484,-4.525509183505097,434.2160030212604,434.2160030212604,-22.627545917525484,104.69241815193271,-434.2160030212604,45.25509183505097,0.3394131887628823,-1000.0,22.627545917525484,-333.3333333333333,0.0,-45.25509183505097,0.11313772958762743,2.2627545917525484,77.58421007890216,45.25509183505097,-0.22627545917525485,-50.91197831443239,-0.4751784642678979,70.14539234432901,0.22627545917525485,36.023053100703464,-271.5305510103059,0.0,-0.22627545917525485,-0.05656886479381371,0.0,-0.22627545917525485,-401.5164690680118,0.22627545917532643,-0.05656886479381371,-0.05656886479381371,-0.05656886479381371,90.51018367010194,113.13772958762743,2.2627545917525484,167.64183081647047,-0.05656886479381371,0.0,11.313772958762742,212.07200749276865,0.22627545917525485,0.11313772958762743,0.11313772958762743,22.627545917525484,65.58413022604452,0.22627545917525485,-65.58413022604452,2.2627545917525484,0.22627545917525485,-167.64183081647047,0.22627545917525485,0.9051018367031247,1.1313772958783375,0.11313772958762743,0.05656886479381371,67.88263775257646,-0.22627545917525485,0.0,2.2627545917525484,-335.28366163294095,5.65688647938137,-22.627545917525484,45.25509183505097,11.313772958762742,-0.22627545917525485,465.50526047341293,0.3394131887628823,-0.22627545917525485,-45.25509183505097,65.58413022604452,664.5416644916844,0.11313772958762743,-424.1440149855373,-0.22627545917525485,-0.22627545917532643,-0.22627545917525485,0.11313772958762743,640.4310553355301,-45.25509183505097,0.22627545917525485,155.16842015780432,-0.05656886479381371,-0.24890300509275676,-155.16842015780432,33.94131887628822,457.06982439796116,25.00279172601705,640.4310553355301,-0.16970659438144114,50.91197831443239,-45.25509183505097,0.22627545917525485,-0.05656886479381372,11.313772958762742,226.27545917525484,-0.11313772958762743,-0.22627545917525485,0.05656886479381371,0.0,0.0,655.7242542592256,0.0,817.0420029966567,0.0,877.4378112706997,-1000.0,0.0,-979.5044687277621,471.63027151648197,-576.1660942021435,-344.16260801118676,489.75223436388103,-408.52100149832836,-235.81513575824098,0.0,500.0,0.0,-492.7237252116496,344.16260801118676,576.1660942021435,-492.7237252116496,-877.4378112706997,563.1704081817401,0.0,1496.5981,bhi
461,0.0,0.0,0.0,0.0,0.0,0.0,0.0,0.0,-0.20560648689416072,0.0,0.0,0.0,0.0,0.0,0.0,0.0,7.281175022739506,-484.50267963596144,0.0,733.2269734721415,0.0,0.0,0.0,266.1963652658734,0.0,0.0,0.0,0.0,0.0,-745.688128588991,0.0,0.0,0.0,0.0,0.0,0.0,0.0,764.3488132544437,0.0,-1000.0,193.6980675193695,0.0,0.0,-35.89817903636222,0.0,0.0,758.9858219908203,0.0,985.4200395788205,0.0,0.0,0.0,0.0,0.226167135583637,0.0,0.0,0.0,41.121297378832146,0.0,0.0,18.993289148798656,0.0,0.0,-92.3078121349971,0.0,0.0,0.0,0.0,0.0,0.0,0.0,2.0560648689416072,0.0,0.0,0.0,0.0,0.0,0.0,0.0,0.0,0.0,0.0,0.0,0.0,123.36389213649645,0.0,0.0,0.0,-3.4863826461991323,0.0,-0.05140162172354018,0.0,0.0,785.2027881337133,61.68194606824822,0.0,61.68194606824822,0.0,0.0,0.0,0.0,10.280324344708037,-1000.0,0.0,0.0,-283.73796075894813,0.0,842.5761655543117,0.0,0.0,0.0,0.0,0.0,0.0,0.0,0.0,0.0,0.0,0.0,0.0,0.0,0.0,0.0,0.0,-843.8730656254335,0.0,0.0,61.68194606824822,0.0,63.73801093718983,0.0,0.0,429.97173904643984,-429.97173904643984,0.0,0.0,-111.30110128379577,0.0,0.0,0.0,0.0,0.0,0.0,0.0,0.0,15.83169949085027,0.20560648689416072,0.0,0.0,0.0,340.20564178051535,-1000.0,0.0,0.0,0.0,0.0,1000.0,0.0,0.0,0.0,0.0,0.0,241.2197844960738,241.2197844960738,0.0,0.0,0.0,0.0,1000.0,0.0,0.0,241.42539098296797,0.0,0.0,0.0,0.0,-633.2447586558162,0.0,0.0,0.0,0.0,0.0,0.0,0.0,0.0,0.0,-322.1714408346968,0.0,0.0,0.0,0.0,-349.6903287562229,0.0,0.0,0.0,0.0,0.0,0.0,0.0,3.4863826461991323,-3.4863826461991323,0.0,0.0,0.0,0.0,0.0,0.0,0.0,254.3118714110089,-792.7660045313454,0.0,0.0,0.0,0.0,0.0,0.0,0.0,0.0,0.0,0.0,0.0,0.0,0.0,310.3317089911856,-257.9630470228511,-247.0130860125689,0.0,0.0,0.0,111.30110128379577,165.3340842149853,0.0,0.0,0.0,0.0,18.993289148798656,-211.11490697620667,0.0,0.0,0.0,0.0,0.0,0.0,0.0,0.0,16.90085322268351,0.0,0.0,0.0,6.972765292398265,0.0,988.9064222250196,0.0,247.0130860125689,0.0,0.0,111.30110128379577,608.6722679856997,0.0,0.0,0.0,-184.97800990424662,0.0,0.0,-1000.0,0.0,185.0787967972549,-1000.0,0.0,185.0787967972549,0.0,0.0,-733.2093630964413,0.0,0.0,408.3080142197232,0.0,0.0,0.0,162.70465917741603,0.0,-162.70465917741603,0.0,1000.0,0.0,111.30110128379577,-653.2587335273486,0.0,0.0,0.0,18.993289148798656,-0.3084097303412411,0.0,0.0,0.0,0.0,0.20560648689416072,0.0,0.0,0.0,105.773445250306,7.281175022739506,0.0,-189.15864050596542,-509.3854544986256,633.2447586558162,192.84685204784483,0.0,0.0,0.0,-283.73796075894813,0.0,0.0,0.0,490.5610344629237,-558.9695277628208,68.40849329989709,-1000.0,-1000.0,0.0,0.0,0.0,0.0,0.0,0.0,0.0,0.0,0.0,0.0,0.0,0.0,0.0,0.0,0.0,0.0,0.0,-234.8287607980003,0.0,-1000.0,0.0,0.0,10.280324344708037,0.0,0.0,0.0,482.5537362055174,0.0,0.0,0.0,100.26955233767657,0.0,0.0,0.0,989.7196756552919,0.0,558.9695277628208,0.0,717.0609096084945,0.0,-953.7909332250721,0.0,-1000.0,0.0,-5.140162172354018,-727.3412339532025,-768.8737038387642,0.0,0.0,1000.0,-101.93454763778715,61.68194606824822,0.0,0.0,0.0,893.3897920040183,0.0,0.0,0.0,-310.3317089911856,310.3317089911856,310.3317089911856,299.00664303667594,0.0,0.0,0.0,0.0,0.0,254.3118714110089,0.0,0.0,-73.31452298619848,0.0,0.0,62.53316153977287,0.0,0.0,0.0,0.0,-979.4393513105839,0.4112129737882242,0.0,0.0,0.0,0.0,0.0,0.0,0.0,0.0,0.0,0.0,0.0,0.0,0.0,0.0,0.0,0.0,0.0,0.0,0.0,0.226167135583637,0.226167135583637,0.0,0.0,0.0,123.36389213649645,0.0,0.0,0.0,1000.0,0.0,0.0,0.0,0.0,0.0,1000.0,-1000.0,0.0,0.0,0.0,0.0,0.0,62.53316153977287,0.0,0.0,0.0,0.0,0.0,0.0,0.0,281.2910218751445,-105.773445250306,659.7943582194846,0.0,15.83169949085027,0.0,619.868703918728,165.3340842149853,0.0,0.0,1000.0,0.0,0.0,20.560648689416098,0.0,0.0,310.3317089911856,0.0,0.0,0.0,0.0,0.0,0.0,0.0,0.0,0.0,0.0,0.0,0.0,0.0,123.36389213649645,111.30110128379577,111.30110128379577,0.0,0.0,0.0,0.0,0.0,0.0,0.0,0.0,0.0,0.0,2.0560648689416072,0.0,0.0,0.0,0.0,0.0,0.0,0.0,0.0,61.68194606824822,0.0,0.0,0.0,0.0,0.0,0.0,0.0,0.0,0.0,0.0,561.5280823449767,0.0,0.0,61.68194606824822,61.68194606824822,1000.0,-1000.0,0.0,62.53316153977287,0.0,0.0,0.0,0.0,0.0,1000.0,254.3118714110089,933.2362195794146,0.20560648689416072,0.0,0.0,0.0,271.53273829900985,43.11393568167297,0.0,-785.2027881337133,0.0,0.0,0.0,0.0,0.0,0.0,0.0,0.0,0.0,0.0,0.0,0.0,0.0,0.0,0.20560648689416072,0.0,0.0,0.0,800.7938858131076,-800.7938858131076,0.0,0.0,0.0,0.0,0.0,492.83406055022544,0.0,0.0,-765.1712392019997,-15.420486517062056,-10.280324344708037,0.0,0.0,0.0,0.0,0.0,0.0,0.0,0.0,0.0,0.0,0.0,0.0,111.30110128379577,633.2447586558162,0.0,0.0,-91.65422329307911,0.0,0.0,0.0,-0.20560648689416072,0.0,0.0,0.20560648689416072,0.0,0.20560648689416072,0.0,0.0,0.0,123.36389213649645,250.8399140108761,250.8399140108761,0.0,0.0,0.0,0.0,0.0,0.0,0.0,659.7943582194846,0.0,254.3118714110089,0.0,0.0,508.26375298451103,0.0,0.0,0.0,0.0,0.0,0.0,0.0,0.0,0.0,0.0,0.0,0.0,0.0,0.0,165.3340842149853,0.0,-681.6978279788514,681.6978279788514,0.3084097303412411,0.0,0.0,0.0,-61.68194606824822,0.0,0.0,0.0,0.0,0.0,0.0,10.280324344708037,0.0,0.0,0.0,0.0,-1000.0,-1000.0,0.0,0.0,0.0,0.0,0.0,0.0,0.0,0.0,111.30110128379577,0.0,0.0,0.0,-310.3317089911856,0.0,232.93480633042475,-240.62402507727518,0.0,-517.4462637944825,0.0,517.4462637944825,0.0,357.8323539748236,0.0,10.280324344708037,200.88982803715896,0.0,0.0,0.0,-73.31452298619848,0.0,0.0,558.828389984606,-558.828389984606,0.0,-515.2862889190512,0.0,0.0,0.0,337.59192735175884,-46.26145955118602,250.8399140108761,0.0,0.0,0.0,0.0,0.0,0.0,0.0,0.0,0.0,16.90085322268351,0.0,0.0,0.0,-271.53273829900985,739.4736357879509,0.0,61.68194606824822,0.0,0.0,0.0,0.0,-257.3432780604471,0.0,0.0,0.226167135583637,0.0,0.0,0.0,125.41995700543805,0.0,0.0,0.0,0.0,-257.9630470228511,0.0,0.0,0.0,0.0,0.0,0.0,0.0,0.0,-1000.0,0.0,0.02056064868941654,0.02056064868941654,0.0,0.0,0.0,0.0,0.0,0.0,0.0,0.0,0.0,0.0,0.0,0.0,0.0,0.0,0.0,0.0,0.0,0.0,0.0,0.0,0.0,0.0,0.0,0.0,0.0,0.0,0.0,0.0,1000.0,0.0,-484.50267963596144,0.0,0.0,0.0,123.36389213649645,0.0,0.0,0.0,0.0,0.0,-458.15304093643954,334.7891487999431,0.0,0.0,0.0,0.0,0.0,0.0,0.0,0.0,0.0,0.0,0.0,0.0,-933.2362195794146,-1000.0,649.1041965070108,0.0,-61.68194606824822,0.0,764.3488132544437,0.0,0.0,0.0,0.0,0.0,0.0,0.0,0.0,0.0,0.0,0.0,0.0,0.0,0.0,0.0,0.0,0.0,-25.700810861770094,111.30110128379577,-15.420486517062056,539.1047260186349,0.0,0.0,0.0,0.0,0.0,0.0,-2.5700810861770087,73.31452298619848,0.0,0.0,0.0,0.0,0.0,0.0,0.0,1000.0,61.68194606824822,61.68194606824822,0.0,0.0,0.0,0.0,0.0,0.226167135583637,0.0,0.0,0.0,-764.3488132544437,0.0,0.0,0.0,0.0,0.0,0.0,0.0,0.0,0.0,0.0,0.0,0.0,0.0,0.0,340.8489139894257,0.0,0.0,0.0,0.0,215.88681123886877,15.83169949085027,0.0,0.0,0.0,0.0,0.0,0.0,0.0,1000.0,0.0,0.0,0.0,-25.700810861770094,0.0,0.0,0.0,0.0,0.0,0.0,0.0,0.0,0.0,0.0,0.0,0.0,0.0,0.0,0.0,0.0,0.0,0.0,-0.20560648689416072,0.0,0.0,10.280324344708037,-1000.0,0.0,0.0,0.0,0.0,111.30110128379577,0.0,0.0,0.0,-490.5610344629237,5.140162172354018,0.0,0.0,0.0,0.20560648689416072,0.0,205.60648689416072,-63.73801093718983,41.121297378832146,1.4686177635297195,573.6420984347085,-0.15420486517062054,10.280324344707992,4.1121297378832145,-1.0280324344500968,-573.6420984347085,61.68194606824822,-0.20560648689416072,94.57932025298271,62.53316153977287,0.05140162172354018,1.4686177635297195,-283.73796075894813,-32.73255271353378,-4.1121297378832145,-256.0054688589195,-0.20560648689416072,0.05140162172354018,-573.6420984347085,20.560648689416073,0.20560648689416072,0.20560648689416072,0.4317736224777977,0.22616713558357726,-368.8494941110147,-0.15420486517062054,61.68194606824822,0.20560648689416072,61.68194606824822,-102.80324344708038,-0.10280324344708036,-63.67458437108907,-186.10033939129553,-0.15420486517062054,-0.20560648689416072,-63.73801093718983,0.20560648689416072,20.560648689416073,-4.1121297378832145,165.3340842149853,165.3340842149853,-20.560648689416073,256.0054688589195,-165.3340842149853,41.121297378832146,0.3084097303412411,-1000.0,20.560648689416073,-281.2910218751445,62.53316153977287,-41.121297378832146,0.10280324344708036,2.0560648689416072,47.289660126491356,-269.2104116123535,-0.20560648689416072,-46.26145955118602,-0.4317736224777977,63.73801093718983,0.20560648689416072,32.73255271353378,-184.1946227332199,62.53316153977287,-0.20560648689416072,-0.05140162172354018,-62.53316153977287,-0.20560648689416072,-979.4393513105839,0.20560648689416072,-0.05140162172354018,-0.05140162172354018,-0.05140162172354018,82.24259475766429,102.80324344708038,2.0560648689416072,152.32870597769386,-0.05140162172354018,0.0,10.280324344708037,500.0,0.20560648689416072,0.10280324344708036,0.10280324344708036,-3.823321182595379,63.73801093718983,0.20560648689416072,-63.73801093718983,2.0560648689416072,0.20560648689416072,-152.32870597769386,0.20560648689416072,0.8224259475559847,1.0280324344500968,0.10280324344708036,0.05140162172354018,61.68194606824822,-0.20560648689416072,368.8494941110147,2.0560648689416072,-304.6574119553877,5.140162172354064,-20.560648689416073,41.121297378832146,10.280324344708037,-0.20560648689416072,283.73796075894813,0.3084097303412411,-0.20560648689416072,7.646642365190758,63.73801093718983,498.30079210491897,0.10280324344708036,-1000.0,-0.20560648689416072,-0.20560648689416072,-0.20560648689416072,0.10280324344708036,573.6420984347085,-41.121297378832146,0.20560648689416072,94.57932025298271,-0.05140162172354018,-0.22616713558357726,-94.57932025298271,30.840973034124104,186.10033939129553,216.14905339843378,573.6420984347085,-0.15420486517062054,46.26145955118602,269.2104116123535,0.20560648689416072,-0.05140162172354018,110.5498766823846,205.60648689416072,-0.10280324344708036,-0.20560648689416072,0.05140162172354018,0.0,0.0,999.897196756553,0.0,-1000.0,0.0,508.5099277987261,-245.1679284376362,0.0,1000.0,-992.8937073422513,385.7382545102277,0.0,-500.0,500.0,496.44685367112567,0.0,122.5839642188181,0.0,-240.95751404447182,0.0,-385.7382545102277,-240.95751404447182,-508.5099277987261,336.07195092126494,0.0,1496.5981,bhi
462,0.0,0.0,0.0,0.0,0.0,0.0,0.0,0.0,-0.20422507162326406,0.0,0.0,0.0,0.0,0.0,0.0,0.0,874.2257388884608,534.2761111092698,0.0,-1000.0,0.0,0.0,0.0,0.0,0.0,592.1004453918526,0.0,0.0,0.0,-1000.0,0.0,0.0,226.52365980287254,0.0,0.0,0.0,0.0,999.183099713508,0.0,-1000.0,-100.93127972438907,0.0,0.0,0.0,0.0,0.0,0.0,0.0,0.0,0.0,0.0,132.822459062944,0.0,0.22464757878560704,0.0,0.0,0.0,40.84501432465281,0.0,0.0,-17.985421307621742,0.0,-57.470375968472545,-75.45579727609436,0.0,0.0,0.0,0.0,953.1250000000005,-626.0041186440885,0.0,2.0422507162326404,0.0,0.0,0.0,0.0,0.0,0.0,0.0,0.0,0.0,0.0,0.0,0.0,122.53504297395843,0.0,0.0,740.4153497339767,-120.16204094492468,-62.579341931248834,-0.05105626790581601,0.0,0.0,-734.0484562951173,61.26752148697921,0.0,419.6116265297556,-572.4861838412678,0.0,0.0,0.0,288.02469813332755,-1000.0,0.0,0.0,-390.2107684014629,0.0,0.0,0.0,0.0,0.0,0.0,0.0,0.0,0.0,0.0,0.0,0.0,0.0,0.0,0.0,0.0,0.0,0.0,-1000.0,0.0,0.0,419.6116265297556,0.0,63.30977220321186,0.8364991235344519,0.0,-504.74422100675525,0.0,504.74422100675525,-504.74422100675525,0.0,0.0,0.0,0.0,0.0,0.0,0.0,0.0,0.0,15.725330514991331,0.20422507162326406,0.0,0.0,0.0,-40.84501432465281,0.0,0.0,0.0,0.0,0.0,1000.0,0.0,0.0,0.0,0.0,0.0,583.1683824387975,583.1683824387975,0.0,0.0,0.0,0.0,0.0,0.0,0.0,583.3726075104207,0.0,0.0,0.0,209.22480951560328,0.0,0.0,0.0,0.0,0.0,0.0,0.0,0.0,0.0,0.0,-462.4635334158604,0.0,0.0,0.0,0.0,-1000.0,0.0,0.0,0.0,0.0,0.0,0.0,-132.822459062944,182.74138287617353,-182.74138287617353,0.0,0.0,0.0,0.0,0.0,0.0,0.0,0.0,-25.528133952907993,0.0,0.0,0.0,0.0,0.0,0.0,0.0,0.0,0.0,0.0,0.0,0.0,0.0,0.0,-93.44123614564478,258.5967201744832,0.0,0.0,0.0,0.0,48.962711724726056,0.0,0.0,0.0,0.0,-17.985421307621742,258.5967201744832,0.0,0.0,0.0,0.0,0.0,0.0,0.0,0.0,434.0898634650013,0.0,358.3441050427764,0.0,302.9034238210982,0.0,790.3342735472061,0.0,-258.5967201744832,0.0,0.0,0.0,0.0,0.0,0.0,0.0,-20.582483468431064,0.0,0.0,-851.0723443681013,0.0,0.0,-851.0723443681013,0.0,0.0,62.579341931248834,0.0,-890.5753966855897,0.0,0.0,522.4982363512495,0.0,0.0,0.0,-517.4410728821251,0.0,517.4410728821251,0.0,1000.0,0.0,0.0,367.27226566547245,0.0,0.0,0.0,-17.985421307621742,-0.306337607434896,0.0,0.0,0.0,0.0,0.20422507162326406,0.0,0.0,0.0,97.33579828051708,874.2257388884608,0.0,-424.0974154184862,-31.94719607238048,0.0,318.68034680536647,0.0,292.57283760748805,0.0,-390.2107684014629,0.0,0.0,0.0,177.4205941035161,0.0,-469.9934317110042,-976.8647031362781,-1000.0,0.0,0.0,0.0,0.0,0.0,0.0,0.0,0.0,0.0,0.0,0.0,0.0,0.0,0.0,0.0,0.0,0.0,0.0,0.0,-1000.0,0.0,0.0,1000.0,0.0,0.0,0.0,-449.81519397999267,0.0,0.0,0.0,0.0,277.81344455216436,-953.1250000000005,0.0,123.72664396596541,0.0,0.0,122.37327454186857,0.0,0.0,0.0,0.0,-272.8446198232108,0.0,-5.105626790581601,-10.211253581163202,0.0,0.0,93.15712742467645,-426.4319374040857,896.6316189941604,419.6116265297556,0.0,0.0,0.0,0.0,0.0,0.0,0.0,0.0,0.0,0.0,9.102043323895593,0.0,0.0,-417.03584263282585,0.0,0.0,0.0,0.0,0.0,-35.970842615243484,0.0,0.0,0.0,0.0,0.0,0.0,0.0,-553.8978770000532,0.4084501432462275,0.0,0.0,0.0,0.0,0.0,0.0,0.0,0.0,0.0,327.120881355912,0.0,0.0,0.0,0.0,0.0,0.0,0.0,0.0,0.0,0.22464757878560704,0.22464757878560704,0.0,104.00985310920254,0.0,122.53504297395843,0.0,0.0,0.0,1000.0,0.0,0.0,0.0,0.0,0.0,1000.0,-1000.0,0.0,0.0,0.0,0.0,0.0,0.0,0.0,0.0,0.0,0.0,0.0,0.0,0.0,333.3333333333333,-97.33579828051708,40.84501432465281,0.0,15.725330514991331,0.0,-734.0484562951173,0.0,-48.962711724726056,0.0,1000.0,0.0,446.1021229999468,0.0,0.0,0.0,0.0,0.0,0.0,0.0,0.0,0.0,0.0,0.0,0.0,0.0,0.0,0.0,0.0,0.0,122.53504297395843,0.0,0.0,0.0,0.0,0.0,0.0,0.0,0.0,0.0,0.0,0.0,0.0,2.0422507162326404,0.0,0.0,0.0,0.0,0.0,-132.822459062944,0.0,0.0,419.6116265297556,0.0,0.0,0.0,0.0,0.0,0.0,0.0,0.0,0.0,0.0,81.15848060550147,472.5484521259796,0.0,61.26752148697921,61.26752148697921,1000.0,-1000.0,0.0,0.0,0.0,0.0,0.0,0.0,0.0,976.8647031362781,0.0,1000.0,0.20422507162326406,0.0,0.0,0.0,266.36238559461435,0.0,0.0,734.0484562951173,0.0,0.0,0.0,0.0,0.0,0.0,0.0,0.0,0.0,0.0,0.0,0.0,0.0,0.0,0.20422507162326406,0.0,0.0,0.0,0.0,0.0,0.0,0.0,0.0,0.0,0.0,550.1848060200073,0.0,0.0,-1000.0,-15.316880371744801,-10.211253581163191,0.0,0.0,0.0,0.0,0.0,0.0,0.0,0.0,0.0,0.0,0.0,0.0,0.0,0.0,0.0,0.0,1000.0,0.0,0.0,0.0,-0.20422507162326406,0.0,0.0,0.20422507162326406,0.0,0.20422507162326406,0.0,0.0,0.0,122.53504297395843,249.15458738038214,249.15458738038214,0.0,0.0,0.0,0.0,0.0,0.0,0.0,40.84501432465281,0.0,0.0,0.0,0.0,60.327523299928544,134.6768494703506,0.0,0.0,0.0,0.0,0.0,0.0,0.0,0.0,0.0,0.0,0.0,0.0,0.0,48.962711724726056,0.0,-1000.0,1000.0,0.306337607434896,0.0,0.0,0.0,-419.6116265297556,0.0,0.0,0.0,0.0,0.0,-104.00985310920254,10.211253581163202,0.0,0.0,0.0,0.0,0.0,0.0,0.0,0.0,0.0,0.0,0.0,0.0,0.0,0.0,0.0,0.0,0.0,0.0,104.00985310920254,0.0,1000.0,-390.2107684014629,0.0,-449.81519397999267,0.0,449.81519397999267,0.0,-249.15458738038214,0.0,10.211253581163191,1000.0,0.0,795.4141616180464,0.0,-35.970842615243484,0.0,0.0,0.0,0.0,0.0,0.0,0.0,0.0,0.0,431.82977267237095,0.0,249.15458738038214,0.0,0.0,0.0,0.0,0.0,0.0,0.0,0.0,0.0,434.0898634650013,0.0,0.0,149.96049422443684,-593.4832669505263,221.65347467103214,0.0,61.26752148697921,0.0,0.0,0.0,0.0,-44.31052847058671,0.0,0.0,0.22464757878560704,0.0,0.0,0.0,124.57729369019107,0.0,0.0,0.0,0.0,-93.44123614564478,0.0,0.0,0.0,0.0,0.0,0.0,0.0,0.0,0.0,0.0,0.020422507162326298,0.020422507162326298,0.0,0.0,0.0,0.0,0.0,0.0,0.0,0.0,0.0,0.0,0.0,0.0,0.0,0.0,0.0,104.00985310920254,0.0,0.0,0.0,0.0,0.0,0.0,0.0,0.0,0.0,0.0,0.0,0.0,0.0,-274.9463779716121,534.2761111092698,0.0,0.0,0.0,122.53504297395843,0.0,0.0,0.0,0.0,0.0,-720.9879712687454,598.452928294787,0.0,0.0,0.0,0.0,0.0,0.0,0.0,0.0,0.0,0.0,0.0,0.0,-1000.0,-1000.0,334.898546832215,-1000.0,580.3883734702445,0.0,999.183099713508,0.0,0.0,0.0,0.0,0.0,0.0,0.0,0.0,0.0,0.0,0.0,0.0,0.0,0.0,0.0,0.0,0.0,-25.528133952907993,0.0,-293.13032492390914,179.68749239853432,0.0,0.0,0.0,0.0,0.0,-2.552813395290801,0.0,35.970842615243484,0.0,0.0,0.0,0.0,0.0,0.0,0.0,1000.0,61.26752148697921,61.26752148697921,0.0,0.0,0.0,0.0,0.0,0.22464757878560704,104.00985310920254,0.0,0.0,-999.183099713508,0.0,0.0,0.0,0.0,0.0,0.0,0.0,0.0,0.0,0.0,0.0,0.0,0.0,0.0,203.94977730407368,0.0,0.0,0.8364991235344519,0.0,214.43632520442725,15.725330514991331,0.0,0.0,0.0,0.0,0.0,104.00985310920254,0.0,417.302562577569,0.0,0.0,0.0,-25.528133952907993,0.0,0.0,0.0,0.0,0.0,0.0,0.0,0.0,0.0,0.0,0.0,0.0,0.0,0.0,0.0,0.0,0.0,0.0,-0.20422507162326406,0.0,0.0,10.211253581163202,-1000.0,0.0,0.0,0.0,0.0,0.0,0.0,0.0,0.0,-177.4205941035161,5.105626790581601,0.0,0.0,592.1004453918526,0.20422507162326406,0.0,204.22507162326403,-62.473273079677426,40.84501432465281,1.4587505115947432,571.4609480759756,-0.153168803717448,149.11797585724537,4.084501432465281,-1.0211253581152278,-571.4609480759756,61.26752148697921,-0.20422507162326406,130.07025613382095,0.0,0.05105626790581601,1.4587505115947432,-390.2107684014628,-32.512631402423665,-4.084501432465281,-408.5018499977306,-0.20422507162326406,0.05105626790581601,-571.4609480759756,20.422507162326404,0.20422507162326406,0.20422507162326406,-103.58098045879366,0.22464757878559036,0.0,-0.153168803717448,61.26752148697921,0.20422507162326406,419.6116265297556,256.23156923114436,-0.10211253581163202,-219.57846319707426,-69.58944395867573,-0.153168803717448,-0.20422507162326406,-62.473273079677426,0.20422507162326406,20.422507162326404,-4.084501432465281,48.962711724726056,48.962711724726056,-20.422507162326404,408.5018499977306,-48.962711724726056,40.84501432465281,0.306337607434896,-1000.0,20.422507162326404,-333.3333333333333,0.0,-40.84501432465281,0.10211253581163202,2.0422507162326404,106.02435385462155,144.85486743385536,-0.20422507162326406,-149.96049422443684,103.58098045879366,63.30977220321186,0.20422507162326406,32.512631402423665,-603.414190990693,0.0,-0.20422507162326406,-0.05105626790581601,0.0,-0.20422507162326406,-553.8978770000532,0.20422507162322745,-0.05105626790581601,-0.05105626790581601,-0.05105626790581601,81.69002864930562,-256.23156923114436,2.0422507162326404,405.52356770322194,-0.05105626790581601,81.97845157542216,10.211253581163202,287.1601920811898,0.20422507162326406,0.10211253581163202,0.10211253581163203,20.422507162326404,62.473273079677426,0.20422507162326406,-62.473273079677426,2.0422507162326404,0.20422507162326406,-913.9602032319008,0.20422507162326406,0.8169002864920003,1.0211253581152278,0.10211253581163202,0.05105626790581601,61.26752148697921,-0.20422507162326406,0.0,2.0422507162326404,-811.0471354064439,144.01234906666377,-20.422507162326404,40.84501432465281,10.211253581163202,-0.20422507162326406,390.2107684014628,0.306337607434896,-0.20422507162326406,-40.84501432465281,62.473273079677426,326.39015494410324,0.10211253581163203,-574.3203841623796,-0.20422507162326406,-0.20422507162322745,-0.20422507162326406,0.10211253581163203,571.4609480759756,-40.84501432465281,0.20422507162326406,212.0487077092431,-0.05105626790581601,-0.22464757878559036,-212.0487077092431,30.633760743489603,69.58944395867573,170.55224243195894,571.4609480759756,-0.153168803717448,149.96049422443684,-144.85486743385536,0.20422507162326406,-0.05105626790581601,10.211253581163191,204.22507162326406,-0.10211253581163202,-0.20422507162326406,0.05105626790581601,0.0,0.0,999.8978874641883,508.43663552867883,-1000.0,0.0,577.6613440313379,-621.2478022872097,0.0,1000.0,340.2637107529144,-1000.0,0.0,-500.0,500.0,-170.1318553764572,0.0,310.6239011436048,-104.00985310920254,-282.07962647351656,0.0,1000.0,-282.07962647351656,-577.6613440313379,580.3265139298522,0.0,1496.5981,bhi
463,0.0,0.0,0.0,0.0,0.0,0.0,0.0,0.0,-0.21523236479391444,0.0,0.0,0.0,0.0,0.0,0.0,0.0,-305.71896313329626,1000.0,0.0,-251.50204603566476,0.0,0.0,0.0,0.0,0.0,0.0,0.0,0.0,0.0,-975.61776027493,0.0,0.0,919.9309085175668,0.0,0.0,0.0,0.0,394.35554601266256,0.0,-1000.0,-4.6246166714242065,0.0,0.0,18.954796926182883,0.0,0.0,0.0,0.0,0.0,0.0,0.0,-281.33672340822625,0.0,0.2367556012732166,0.0,0.0,0.0,43.046472958782886,0.0,0.0,-18.954796926182883,0.0,0.0,-18.954796926182883,0.0,0.0,0.0,0.0,564.7223096174529,-564.7223096174529,0.0,2.1523236479391445,0.0,0.0,0.0,0.0,0.0,0.0,0.0,544.7393588322974,0.0,0.0,0.0,0.0,129.13941887634866,0.0,0.0,-197.8893708730741,83.44735253515212,0.0,-0.05380809119847861,0.0,0.0,-228.85379992805343,64.56970943817433,0.0,64.56970943817433,0.0,432.04990750023444,0.0,0.0,613.6909660525912,-975.61776027493,0.0,0.0,-308.4081674750204,0.0,0.0,0.0,0.0,0.0,0.0,0.0,0.0,0.0,0.0,0.0,0.0,0.0,0.0,0.0,0.0,0.0,0.0,-1000.0,0.0,0.0,64.56970943817433,0.0,66.72203308611347,28.740537955543346,0.0,-986.3182955259754,986.3182955259754,0.0,0.0,0.0,0.0,0.0,0.0,0.0,0.0,0.0,0.0,0.0,16.5728920891313,0.21523236479391444,0.0,0.0,0.0,0.0,-626.7618708297698,0.0,0.0,0.0,0.0,1000.0,0.0,0.0,0.0,0.0,0.0,204.93644377831518,204.93644377831518,0.0,0.0,0.0,0.0,0.0,0.0,0.0,205.15167614310909,0.0,0.0,0.0,0.0,-915.378587943145,0.0,0.0,0.0,0.0,0.0,0.0,0.0,0.0,0.0,0.0,0.0,0.0,0.0,0.0,-1000.0,0.0,0.0,0.0,0.0,0.0,0.0,281.33672340822625,-83.44735253515212,83.44735253515212,0.0,0.0,0.0,0.0,0.0,0.0,0.0,0.0,-1000.0,0.0,0.0,0.0,0.0,0.0,0.0,0.0,0.0,0.0,0.0,0.0,0.0,0.0,0.0,50.10337018222424,1000.0,0.0,0.0,0.0,0.0,343.69080928985574,0.0,0.0,0.0,0.0,-18.954796926182883,981.0452030738171,0.0,0.0,0.0,0.0,0.0,0.0,0.0,0.0,6.9304821463614985,0.0,0.0,0.0,-866.4016261693632,-699.5069210990587,0.0,0.0,-1000.0,0.0,0.0,0.0,-737.4165149514245,0.0,0.0,0.0,-21.69183516514613,0.0,0.0,13.331456396338922,0.0,0.0,13.331456396338922,0.0,0.0,0.0,0.0,581.603248894031,0.0,0.0,314.2885643962522,0.0,0.0,0.0,883.4547940606459,0.0,-883.4547940606459,0.0,1000.0,0.0,0.0,0.0,0.0,0.0,0.0,-18.954796926182883,-0.32284854719087164,0.0,0.0,0.0,0.0,0.21523236479391444,0.0,0.0,0.0,584.8089991256084,-305.71896313329626,0.0,-286.1210033604212,-192.7554901490143,915.378587943145,59.94509276675012,0.0,1000.0,0.0,-308.4081674750204,0.0,0.0,0.0,779.0511888151789,-1000.0,-779.0511888151789,-1000.0,928.331108011585,0.0,0.0,0.0,0.0,0.0,0.0,0.0,0.0,0.0,0.0,0.0,0.0,0.0,0.0,0.0,0.0,0.0,-604.7835245281624,0.0,-1000.0,0.0,0.0,0.0,1000.0,0.0,0.0,-23.5033742354928,0.0,432.04990750023444,0.0,0.0,602.9293478128955,0.0,369.18725481529896,187.77370785385654,0.0,435.2776903825471,0.0,0.0,0.0,-308.3418858037617,-369.18725481529896,-1000.0,469.32452921268055,-5.380809119847861,-10.761618239695721,-1000.0,0.0,683.1447671556803,1000.0,-418.75152672237255,64.56970943817433,140.62500000001575,-140.62500000001575,0.0,172.14568173445122,0.0,0.0,0.0,0.0,0.0,0.0,357.352454524675,0.0,0.0,-795.2787885864788,0.0,0.0,0.0,0.0,0.0,-37.90959385236577,0.0,828.125,0.0,0.0,0.0,0.0,0.0,-641.2282100857199,0.43046472958758386,0.0,0.0,0.0,0.0,0.0,0.0,0.0,0.0,0.0,0.0,0.0,0.0,0.0,0.0,0.0,0.0,0.0,0.0,0.0,0.2367556012732166,0.2367556012732166,0.0,0.0,0.0,129.13941887634866,0.0,0.0,0.0,-693.0102601213671,0.0,0.0,0.0,0.0,0.0,1000.0,693.0102601213671,0.0,0.0,0.0,0.0,0.0,0.0,0.0,0.0,0.0,0.0,0.0,0.0,0.0,333.3333333333333,-584.8089991256084,626.7618708297698,0.0,16.5728920891313,0.0,0.0,-228.85379992805343,-572.5446092179092,0.0,1000.0,0.0,0.0,358.77178991428013,921.8749999999995,-921.8749999999995,0.0,0.0,0.0,0.0,0.0,0.0,0.0,0.0,0.0,0.0,0.0,0.0,0.0,0.0,129.13941887634866,0.0,0.0,0.0,0.0,0.0,0.0,0.0,0.0,0.0,0.0,0.0,0.0,2.1523236479391445,0.0,0.0,0.0,0.0,0.0,281.33672340822625,0.0,0.0,64.56970943817433,0.0,0.0,0.0,0.0,0.0,0.0,0.0,0.0,0.0,0.0,415.61951139093287,-85.61040657510182,0.0,64.56970943817433,64.56970943817433,829.695381451123,693.0102601213671,0.0,0.0,0.0,0.0,0.0,0.0,0.0,975.61776027493,0.0,1000.0,0.21523236479391444,0.0,0.0,0.0,169.28293336887546,735.8635582571113,0.0,228.85379992805343,0.0,0.0,0.0,0.0,0.0,0.0,0.0,0.0,0.0,0.0,0.0,0.0,0.0,0.0,0.21523236479391444,0.0,0.0,0.0,-1000.0,1000.0,0.0,0.0,0.0,0.0,0.0,408.54653326474164,0.0,0.0,-395.2164754718376,-16.142427359543603,-10.623958967708539,-0.1376592719871894,0.0,578.125,578.125,-578.125,0.0,0.0,0.0,0.0,0.0,0.0,0.0,0.0,915.378587943145,0.0,0.0,275.1548586730035,0.0,0.0,0.0,-0.21523236479391444,0.0,0.0,0.21523236479391444,0.0,0.21523236479391444,0.0,0.0,0.0,129.13941887634866,262.5834850485756,262.5834850485756,0.0,0.0,0.0,0.0,0.0,0.0,0.0,626.7618708297698,0.0,0.0,0.0,0.0,797.5826954239348,0.0,0.0,0.0,0.0,0.0,0.0,0.0,0.0,0.0,0.0,0.0,0.0,0.0,0.0,343.69080928985574,0.0,-482.1762611603665,482.1762611603665,0.32284854719087164,0.0,0.0,0.0,-64.56970943817433,0.0,0.0,0.0,0.0,0.0,0.0,10.761618239695721,0.0,0.0,0.0,0.0,0.0,-408.54653326474164,-0.1376592719871894,0.0,828.125,0.0,0.0,0.0,0.0,0.0,0.0,0.0,0.0,-1000.0,0.0,0.0,-143.40057294963765,427.45539078209083,0.0,-432.04990750023444,432.04990750023444,0.0,0.0,-1000.0,0.0,10.76161823969573,510.2910926302358,0.0,404.29427754935216,0.0,-37.90959385236577,0.0,0.0,0.0,0.0,0.0,0.0,0.0,0.0,0.0,-32.28485471908698,0.0,262.5834850485756,0.0,0.0,0.0,0.0,0.0,0.0,0.0,0.0,0.0,6.9304821463614985,0.0,0.0,48.42728207863058,-169.28293336887546,615.7170619700769,0.0,64.56970943817433,0.0,0.0,0.0,0.0,-159.83117039575606,0.0,0.0,0.2367556012732166,0.0,0.0,0.0,131.2917425242878,0.0,0.0,0.0,0.0,50.10337018222424,0.0,0.0,0.0,0.0,0.0,0.0,0.0,0.0,0.0,0.0,0.021523236479390917,0.021523236479390917,0.0,0.0,0.0,0.0,0.0,0.0,0.0,0.0,0.0,0.0,0.0,0.0,0.0,0.0,0.0,0.0,0.0,0.0,0.0,0.0,0.0,0.0,0.0,0.0,0.0,0.0,0.0,0.0,0.0,0.0,1000.0,0.0,0.0,0.0,129.13941887634866,0.0,0.0,0.0,0.0,0.0,-335.61608429705217,206.4766654207035,0.0,0.0,0.0,0.0,0.0,0.0,0.0,0.0,0.0,0.0,0.0,0.0,928.331108011585,-1000.0,945.0168653077662,0.0,-64.56970943817433,0.0,394.35554601266256,0.0,0.0,0.0,0.0,0.0,0.0,0.0,0.0,0.0,0.0,0.0,0.0,0.0,0.0,0.0,0.0,0.0,-26.904045599239332,0.0,-619.0717751724391,781.4402680643908,0.0,0.0,0.0,0.0,0.0,0.0,-2.690404559923931,37.90959385236577,0.0,0.0,0.0,0.0,0.0,0.0,0.0,1000.0,64.56970943817433,64.56970943817433,0.0,0.0,0.0,0.0,544.7393588322974,0.2367556012732166,0.0,0.0,0.0,-394.35554601266256,0.0,0.0,0.0,0.0,0.0,0.0,0.0,0.0,0.0,0.0,0.0,0.0,0.0,0.0,241.08813058018325,0.0,0.0,28.740537955543346,0.0,225.99398303361016,16.5728920891313,0.0,0.0,0.0,0.0,0.0,0.0,0.0,397.9225742970331,0.0,0.0,0.0,-26.904045599239332,0.0,0.0,0.0,0.0,0.0,0.0,0.0,0.0,0.0,0.0,0.0,0.0,0.0,0.0,0.0,0.0,0.0,0.0,-0.21523236479391444,0.0,0.0,10.761618239695721,-1000.0,0.0,0.0,0.0,0.0,0.0,0.0,0.0,0.0,-779.0511888151789,5.380809119847861,0.0,0.0,0.0,0.21523236479391444,0.0,215.23236479391443,-37.981495130570124,43.046472958782886,1.5373740342422457,657.9793736861079,-0.16142427359543582,812.2262921461435,4.304647295878289,-1.0761618239689597,-657.9793736861079,64.56970943817433,-0.21523236479391444,102.80272249167346,0.0,0.05380809119847861,1.537374034242246,-308.4081674750204,-34.26499247518848,-4.304647295878289,-442.778990831039,-0.21523236479391444,0.05380809119847861,-657.9793736861079,355.02286618883477,0.21523236479391444,0.21523236479391444,0.45198796606713104,0.23675560127330536,-208.47922539613467,-0.16142427359543582,64.56970943817433,0.21523236479391444,64.56970943817433,-107.61618239695721,-0.10761618239695722,-174.70443965382458,-365.4292781340411,-0.16142427359543582,-0.21523236479391444,-37.981495130570124,0.21523236479391444,21.523236479391443,-4.304647295878289,343.69080928985574,343.69080928985574,-21.52323647939147,442.778990831039,-343.69080928985574,43.046472958782886,0.32284854719087164,-878.4586908896896,21.523236479391443,-333.3333333333333,0.0,-43.046472958782886,0.10761618239695722,2.1523236479391445,71.5302508401053,43.046472958782886,-0.21523236479391444,-48.42728207863058,-0.45198796606713104,66.72203308611347,0.21523236479391444,34.26499247518848,-591.7784674621407,0.0,-0.21523236479391444,-0.05380809119847861,0.0,-0.21523236479391444,-641.2282100857199,0.21523236479391422,-0.05380809119847861,-0.05380809119847861,-0.05380809119847861,86.09294591756577,107.61618239695721,2.1523236479391445,439.64018551112395,-0.05380809119847861,40.25777918853713,10.761618239695721,331.37572328255567,0.21523236479391444,0.10761618239695722,0.10761618239695722,21.523236479391443,37.981495130570124,0.21523236479391444,-37.981495130570124,2.1523236479391445,0.21523236479391444,-1000.0,0.21523236479391444,0.860929459175054,1.0761618239689597,0.10761618239695722,0.05380809119847861,64.56970943817433,-0.21523236479391444,208.47922539613467,2.1523236479391445,-879.2803710222479,806.8454830262956,-21.523236479391443,43.046472958782886,10.761618239695721,-0.21523236479391444,308.4081674750204,0.32284854719087164,-0.21523236479391444,-43.046472958782886,37.981495130570124,682.0409608545342,0.10761618239695722,-662.7514465651113,-0.21523236479391444,-0.21523236479391422,-0.21523236479391444,0.10761618239695722,657.9793736861079,-43.046472958782886,0.21523236479391444,143.0605016802106,-0.05380809119847861,-0.23675560127330536,-143.0605016802106,32.28485471908716,365.4292781340411,38.53959884331343,657.9793736861079,-0.16142427359543582,48.42728207863058,-43.046472958782886,0.21523236479391444,-0.0538080911984786,10.76161823969573,215.23236479391443,-0.10761618239695722,-0.21523236479391444,0.05380809119847861,0.0,0.0,878.3510747072926,560.359814488876,-1000.0,0.0,856.8732017538484,-497.23215299742117,333.4996297094433,363.4456664004747,-1000.0,727.1159708206246,0.0,-181.72283320023735,500.0,500.0,-333.4996297094433,248.61607649871058,0.0,-522.2097904587781,0.0,-727.1159708206246,-522.2097904587781,-856.8732017538484,713.5642163682988,0.0,1496.5981,bhi
464,0.0,0.0,0.0,0.0,0.0,0.0,0.0,0.0,-0.15144988522157618,0.0,0.0,0.0,0.0,0.0,0.0,0.0,-363.9509729027137,0.0,0.0,600.1538334310253,0.0,0.0,0.0,17.214492481200097,0.0,457.28687548109053,0.0,0.0,0.0,584.6223198212161,0.0,0.0,0.0,0.0,0.0,0.0,0.0,999.3942004591136,0.0,-613.7365939185813,166.60044140873708,0.0,0.0,371.7096907563798,0.0,0.0,0.0,0.0,-592.3810376748822,0.0,0.0,0.0,0.0,0.1665948737438836,0.0,0.0,0.0,30.289977044315236,0.0,0.0,-13.33768655851324,0.0,1000.0,986.6623134414867,0.0,0.0,0.0,0.0,0.0,0.0,0.0,1.514498852215762,0.0,0.0,0.0,0.0,0.0,0.0,0.0,0.0,0.0,0.0,0.0,0.0,90.86993113294572,0.0,0.0,211.09139398086424,1000.0,-309.5007989905999,93.23508255519305,0.0,0.0,0.0,45.43496556647286,0.0,939.0207917212791,-975.0290309736913,0.0,0.0,0.0,7.572494261078809,584.6223198212161,0.0,0.0,-367.72499058777964,0.0,0.0,0.0,0.0,0.0,0.0,0.0,0.0,0.0,0.0,0.0,0.0,0.0,0.0,0.0,0.0,0.0,0.0,-729.8168401724197,0.0,0.0,939.0207917212791,0.0,46.94946441868863,0.0,0.0,-300.1672123768057,372.0110312879128,-71.84381891110705,71.84381891110705,0.0,0.0,0.0,0.0,0.0,0.0,0.0,0.0,0.0,11.66164116206136,0.15144988522157618,93.27294502649843,0.0,0.0,-1000.0,1000.0,0.0,0.0,0.0,0.0,1000.0,0.0,0.0,0.0,0.0,0.0,999.8485501147784,999.8485501147784,0.0,0.0,0.0,0.0,267.1178895981043,0.0,0.0,1000.0,0.0,0.0,0.0,-805.0092108972649,-47.693586022984334,0.0,0.0,0.0,0.0,0.0,0.0,0.0,0.0,0.0,-50.889092717227186,0.0,0.0,0.0,0.0,-1000.0,0.0,0.0,0.0,0.0,0.0,0.0,0.0,-607.7557130411366,607.7557130411366,0.0,0.0,0.0,0.0,0.0,0.0,0.0,0.0,-148.7979293126076,0.0,0.0,0.0,0.0,0.0,0.0,0.0,0.0,0.0,0.0,0.0,0.0,0.0,0.0,-45.83421975656324,371.7096907563798,0.0,0.0,0.0,0.0,0.0,0.0,0.0,0.0,0.0,-13.33768655851327,0.0,0.0,0.0,0.0,0.0,0.0,0.0,0.0,0.0,0.0,0.0,893.5858261548062,0.0,-1000.0,607.7557130411366,-989.0453567351545,0.0,-371.7096907563798,0.0,0.0,0.0,161.88359847298864,0.0,0.0,0.0,-15.263624265581072,0.0,0.0,0.0,0.0,0.0,0.0,0.0,0.0,392.2442869588634,0.0,373.6877640839067,0.0,0.0,422.54517976819767,0.0,0.0,0.0,0.0,0.0,0.0,0.0,1000.0,0.0,0.0,0.0,0.0,0.0,0.0,-13.33768655851324,-0.22717482783236426,0.0,0.0,0.0,0.0,0.15144988522157618,0.0,0.0,0.0,60.979208278720876,-363.9509729027137,0.0,-245.14999372518645,-55.06094543315876,47.693586022984334,1000.0,0.0,344.3229456150632,0.0,-367.72499058777964,0.0,0.0,0.0,-13.039835117577859,-109.37499999999932,-221.908110497486,-1000.0,-1000.0,0.0,0.0,0.0,0.0,0.0,0.0,0.0,0.0,0.0,0.0,0.0,0.0,0.0,0.0,0.0,0.0,0.0,0.0,0.0,-1000.0,0.0,0.0,970.1523446695572,0.0,0.0,0.0,-11.66164116206136,0.0,0.0,0.0,151.1721309276462,0.0,-890.6250000000007,0.0,-7.572494261078809,878.5486129354439,1000.0,0.0,-1000.0,0.0,-133.19129088101255,0.0,0.0,547.0737130387813,-882.3348600659833,992.4275057389212,-434.0553710450374,0.0,-980.2082135375695,0.0,881.7657881435449,939.0207917212791,0.0,0.0,0.0,0.0,0.0,0.0,0.0,0.0,0.0,0.0,-690.9019414525552,0.0,0.0,-0.30289977044315236,0.0,0.0,0.0,0.0,0.0,-26.67537311702648,0.0,0.0,105.62123313001624,0.0,0.0,0.0,0.0,-984.8550114778424,0.3028997704429912,0.0,0.0,0.0,0.0,0.0,0.0,0.0,0.0,0.0,0.0,0.0,0.0,0.0,0.0,0.0,0.0,0.0,0.0,0.0,0.1665948737438836,0.1665948737438836,0.0,231.1681804458281,0.0,90.86993113294572,0.0,0.0,0.0,1000.0,0.0,0.0,0.0,0.0,0.0,1000.0,-1000.0,0.0,0.0,0.0,0.0,0.0,105.62123313001624,0.0,0.0,0.0,0.0,0.0,0.0,0.0,243.27228005747324,-60.979208278720876,0.0,0.0,11.66164116206136,0.0,0.0,0.0,0.0,0.0,1000.0,0.0,541.2840172272538,-526.1390287050962,765.6250000000002,-765.6250000000002,0.0,0.0,0.0,0.0,0.0,0.0,0.0,0.0,0.0,0.0,0.0,0.0,0.0,0.0,90.86993113294572,0.0,0.0,0.0,0.0,0.0,0.0,0.0,0.0,0.0,0.0,0.0,0.0,1.514498852215762,0.0,0.0,0.0,0.0,0.0,0.0,0.0,0.0,939.0207917212791,0.0,0.0,0.0,0.0,0.0,0.0,0.0,0.0,0.0,0.0,194.5459792467895,0.0,0.0,45.43496556647286,45.43496556647286,1000.0,-1000.0,0.0,105.62123313001624,0.0,0.0,0.0,0.0,0.0,982.8432521691492,0.0,1000.0,0.15144988522157618,0.0,0.0,0.0,200.01120913298018,249.40503030228308,0.0,0.0,0.0,0.0,0.0,0.0,0.0,0.0,0.0,0.0,0.0,0.0,0.0,0.0,0.0,0.0,0.15144988522157618,0.0,0.0,0.0,0.0,0.0,0.0,0.0,0.0,0.0,-16.538327466195426,975.0290309736913,0.0,0.0,-1000.0,-11.358741391618215,0.0,-7.572494261078816,0.0,0.0,0.0,0.0,0.0,0.0,0.0,0.0,0.0,0.0,0.0,0.0,47.693586022984334,0.0,0.0,-90.86993113294572,0.0,0.0,0.0,-0.15144988522157618,0.0,0.0,0.15144988522157618,0.0,0.15144988522157618,0.0,0.0,0.0,90.86993113294572,184.76885997032298,184.76885997032298,0.0,0.0,0.0,0.0,0.0,0.0,0.0,0.0,0.0,0.0,0.0,0.0,0.0,0.0,0.0,0.0,0.0,0.0,0.0,0.0,0.0,0.0,0.0,0.0,0.0,0.0,0.0,0.0,0.0,-457.28687548109053,457.28687548109053,0.22717482783236426,0.0,0.0,0.0,-939.0207917212791,0.0,0.0,0.0,0.0,0.0,-231.1681804458281,7.572494261078809,0.0,0.0,0.0,0.0,-267.1178895981043,-4.8766863041340685,-7.572494261078816,0.0,0.0,0.0,0.0,0.0,0.0,0.0,0.0,0.0,0.0,1000.0,231.1681804458281,0.0,870.1333063400895,-118.31996028549666,0.0,0.0,0.0,0.0,0.0,-22.88526149733434,0.0,7.572494261078816,411.37487609782147,0.0,0.0,0.0,-26.67537311702648,0.0,0.0,-828.1250000001552,828.1250000001552,0.0,0.0,0.0,0.0,0.0,293.41601455467355,-265.2444046206828,184.76885997032298,0.0,-674.0735578681528,-674.0735578681526,674.0735578681526,0.0,0.0,0.0,0.0,0.0,0.0,0.0,0.0,0.0,-200.01120913298018,-349.029869705672,0.0,45.43496556647286,0.0,0.0,0.0,0.0,-115.39670836184764,0.0,0.0,0.1665948737438836,0.0,0.0,0.0,92.38442998516149,0.0,0.0,0.0,0.0,-45.83421975656324,0.0,0.0,0.0,0.0,0.0,0.0,0.0,0.0,1000.0,0.0,0.015144988522158053,0.015144988522158053,0.0,0.0,0.0,0.0,0.0,0.0,0.0,0.0,0.0,0.0,0.0,0.0,0.0,0.0,0.0,231.1681804458281,0.0,0.0,0.0,0.0,0.0,0.0,0.0,0.0,0.0,0.0,0.0,0.0,653.5586140346223,-1000.0,0.0,0.0,0.0,0.0,90.86993113294572,0.0,0.0,0.0,0.0,0.0,909.1300688670543,-1000.0,0.0,0.0,0.0,0.0,0.0,0.0,0.0,0.0,0.0,0.0,0.0,0.0,-1000.0,567.4655719903653,103.74317137677971,-939.0207917212791,0.0,0.0,999.3942004591136,0.0,0.0,0.0,0.0,0.0,0.0,0.0,0.0,0.0,0.0,0.0,0.0,0.0,0.0,0.0,0.0,0.0,-18.931235652697033,0.0,-11.358741391618215,253.88566322906456,0.0,0.0,0.0,0.0,0.0,0.0,-1.8931235652697027,26.67537311702648,0.0,0.0,0.0,0.0,0.0,0.0,0.0,1000.0,45.43496556647286,45.43496556647286,0.0,0.0,0.0,0.0,0.0,0.1665948737438836,231.1681804458281,0.0,0.0,-999.3942004591136,0.0,0.0,0.0,0.0,0.0,0.0,0.0,0.0,0.0,0.0,0.0,0.0,0.0,0.0,0.0,0.0,0.0,0.0,0.0,159.02237948265503,11.66164116206136,0.0,0.0,0.0,0.0,0.0,231.1681804458281,0.0,0.0,0.0,0.0,0.0,-18.931235652697033,0.0,0.0,0.0,0.0,0.0,0.0,0.0,0.0,0.0,0.0,0.0,0.0,0.0,0.0,0.0,0.0,0.0,0.0,-0.15144988522157618,0.0,0.0,7.572494261078809,-1000.0,0.0,0.0,0.0,0.0,0.0,0.0,0.0,0.0,13.039835117577859,3.7862471305394045,0.0,0.0,457.28687548109053,0.15144988522157618,0.0,151.44988522157618,-46.94946441868863,30.289977044315236,1.0817848944398298,422.54517976819767,-0.11358741391618213,7.572494261078809,3.0289977044315237,-0.7572494261080134,-422.54517976819767,45.434965566472854,-0.15144988522157618,122.57499686259322,105.62123313001624,0.037862471305394045,1.0817848944398298,-367.72499058777964,-24.110821727274242,-3.0289977044316174,-236.2028605283116,-0.15144988522157618,0.037862471305394045,-422.54517976819767,15.144988522157618,0.15144988522157618,0.15144988522157618,-230.85013568686264,0.16659487374373425,0.0,-0.11358741391618213,45.43496556647286,0.15144988522157618,939.0207917212791,817.8608835440182,-0.07572494261078809,-264.5500188244407,-15.296438407379194,-0.11358741391618213,-0.15144988522157618,-46.94946441868863,0.15144988522157618,15.144988522157618,-3.0289977044315237,0.0,0.0,-15.144988522157618,236.2028605283116,0.0,30.289977044315236,0.22717482783236426,45.061056458632066,15.144988522157618,-243.27228005747324,105.62123313001624,-30.289977044315236,0.07572494261078809,1.514498852215762,61.28749843129661,261.4581574901433,-0.15144988522157618,-265.2444046206828,230.85013568686264,46.94946441868863,0.15144988522157618,24.110821727274242,-969.7044552906815,105.62123313001624,-0.15144988522157618,-0.037862471305394045,-105.62123313001624,-0.15144988522157618,-984.8550114778424,0.15144988522157618,-0.037862471305394045,-0.037862471305394045,-0.037862471305394045,60.57995408863047,-817.8608835440182,1.514498852215762,275.36596035296185,-0.037862471305394045,0.0,7.572494261078809,500.0,0.15144988522157618,0.07572494261078809,0.07572494261078809,67.95560508716574,46.94946441868863,0.15144988522157618,-46.94946441868863,1.514498852215762,0.15144988522157618,-601.687013631816,0.15144988522157618,0.6057995408864372,0.7572494261080134,0.07572494261078809,0.037862471305394045,45.43496556647286,-0.1514498852215761,0.0,1.5144988522158087,-550.7319207059237,3.7862471305394063,-15.144988522157618,30.289977044315236,7.572494261078809,-0.15144988522157618,367.72499058777964,0.22717482783236426,-0.15144988522157618,-135.91121017433147,46.94946441868863,385.7785868047182,0.07572494261078809,-1000.0,-0.15144988522157618,-0.15144988522157618,-0.15144988522157618,0.07572494261078809,422.54517976819767,-30.289977044315236,0.15144988522157618,122.57499686259322,-0.037862471305394045,-0.16659487374373425,-122.57499686259322,22.717482783236427,15.296438407379194,-1000.0,422.54517976819767,-0.11358741391618213,265.2444046206828,-261.4581574901433,0.15144988522157618,-0.03786247130539404,158.74462518872502,151.44988522157618,-0.07572494261078809,-0.15144988522157618,0.037862471305394045,195.61531445669164,0.0,-127.88026936950632,326.3210532788541,-1000.0,0.0,985.2542656679327,-121.66700274889354,0.0,203.85088339115623,778.9319246937366,-900.4232833844047,-82.74348796826354,-101.92544169557812,500.0,-389.4659623468683,0.0,60.83350137444677,-231.1681804458281,-270.3818784428706,82.74348796826354,900.4232833844047,-270.3818784428706,-985.2542656679327,969.9068662182283,0.0,1496.5981,bhi
465,0.0,0.0,0.0,0.0,0.0,0.0,0.0,0.0,-0.22074701867283864,0.0,0.0,0.0,0.0,0.0,0.0,0.0,-929.2319557943808,648.395330633763,0.0,484.2078916112853,0.0,0.0,0.0,117.00985773482591,0.0,606.5833330932604,0.0,0.0,0.0,-445.02406418309556,0.0,0.0,553.756149865553,0.0,0.0,0.0,0.0,26.647959857580076,0.0,-1000.0,112.02056288366975,0.0,-374.2560199774764,239.82246060399154,0.0,0.0,0.0,0.0,1000.0,0.0,0.0,1000.0,0.0,0.24282172054017792,0.0,0.0,0.0,0.0,0.0,0.0,-19.440454111122865,0.0,0.0,-19.440454111122865,0.0,0.0,0.0,0.0,429.98974508719186,-429.98974508719186,0.0,2.2074701867283864,0.0,0.0,0.0,0.0,0.0,0.0,0.0,0.0,0.0,0.0,0.0,0.0,132.44821120370318,0.0,0.0,765.8771802639429,-562.8370343412848,929.5630763223901,-0.05518675466820966,0.0,0.0,0.0,66.22410560185159,0.0,156.5855415949395,0.0,0.0,0.0,0.0,239.02460162687495,-591.4484307262181,0.0,0.0,-441.3653410217773,0.0,0.0,0.0,0.0,0.0,0.0,0.0,0.0,0.0,0.0,0.0,0.0,0.0,0.0,0.0,0.0,0.0,0.0,-1000.0,0.0,0.0,156.5855415949395,0.0,68.43157578857998,16.665993205583163,0.0,259.92487749704475,0.0,-259.92487749704475,259.92487749704475,-413.11696996305204,0.0,0.0,413.11696996305204,0.0,0.0,0.0,0.0,0.0,16.997520437808475,0.22074701867283864,0.0,0.0,0.0,0.0,0.0,0.0,0.0,0.0,0.0,1000.0,0.0,0.0,0.0,0.0,0.0,999.7792529813272,999.7792529813272,0.0,0.0,0.0,0.0,0.0,0.0,0.0,1000.0,0.0,0.0,0.0,-15.079154538572539,-1000.0,0.0,0.0,0.0,0.0,0.0,0.0,0.0,0.0,0.0,-65.30812106115297,0.0,0.0,0.0,0.0,-1000.0,0.0,0.0,0.0,0.0,0.0,0.0,-625.7439800225236,-366.72604198110525,366.72604198110525,0.0,0.0,0.0,0.0,0.0,0.0,0.0,146.42436654312257,759.2725228671991,0.0,0.0,0.0,0.0,0.0,0.0,0.0,0.0,0.0,0.0,0.0,0.0,0.0,0.0,-172.38899058306197,1000.0,0.0,0.0,0.0,0.0,61.57372164153679,0.0,0.0,0.0,0.0,-19.440454111122865,760.1775393960085,0.0,0.0,0.0,0.0,0.0,0.0,0.0,0.0,763.9968031596701,44.14940373456773,90.36143599308792,0.0,0.0,-570.3670123376559,773.4071582603142,0.0,-1000.0,0.0,0.0,0.0,0.0,0.0,0.0,0.0,-95.45980363680638,0.0,0.0,-1000.0,0.0,0.0,-1000.0,0.0,0.0,-929.5630763223901,0.0,0.0,0.0,0.0,587.6424468668492,0.0,0.0,0.0,-1000.0,0.0,1000.0,0.0,1000.0,0.0,0.0,379.48090348695865,0.0,0.0,0.0,-19.440454111122865,-0.33112052800925795,0.0,0.0,0.0,0.0,0.22074701867283864,0.0,0.0,0.0,17.8439336038536,-929.2319557943808,0.0,-294.2435606811848,-480.2963993227393,1000.0,268.60610447860927,0.0,-985.2040501104193,0.0,-441.3653410217773,0.0,0.0,0.0,450.73070843370334,409.4903160596794,124.98302561703656,-84.61166093858496,-372.1451335081026,0.0,0.0,0.0,0.0,0.0,0.0,0.0,0.0,0.0,0.0,0.0,0.0,0.0,0.0,0.0,0.0,0.0,0.0,0.0,-1000.0,0.0,972.4690520677287,756.8887491583997,0.0,0.0,0.0,-780.9943235974786,0.0,0.0,0.0,0.0,227.98725069323302,-839.4800611468713,1000.0,0.0,850.6683757249361,0.0,1000.0,-289.80129118997877,108.04408699855145,-1000.0,-1000.0,-125.03097628025844,1000.0,-856.1870511917571,278.7639402563368,-1000.0,0.0,2.9388044057774607,837.8881041630365,0.0,156.5855415949395,0.0,0.0,0.0,0.0,0.0,0.0,93.59814330693108,93.59814330693106,-93.59814330693106,-93.59814330693106,-391.7768448349309,0.0,0.0,-0.44149403734567727,0.0,0.0,146.42436654312257,0.0,0.0,-38.88090822224573,0.0,0.0,0.0,0.0,0.0,0.0,0.0,-328.9745321780015,0.44149403734536463,0.0,0.0,0.0,0.0,0.0,0.0,0.0,0.0,0.0,0.0,0.0,0.0,0.0,0.0,0.0,0.0,0.0,0.0,0.0,0.24282172054017792,0.24282172054017792,0.0,0.0,0.0,132.44821120370318,0.0,0.0,0.0,1000.0,0.0,0.0,0.0,0.0,0.0,445.64319006801645,-1000.0,0.0,0.0,0.0,0.0,0.0,0.0,0.0,0.0,0.0,0.0,0.0,0.0,0.0,333.3333333333333,-17.8439336038536,0.0,0.0,16.997520437808475,0.0,0.0,0.0,-61.57372164153679,0.0,445.64319006801645,0.0,0.0,116.66865789001497,0.0,0.0,0.0,0.0,0.0,0.0,0.0,0.0,0.0,0.0,0.0,0.0,0.0,0.0,0.0,0.0,132.44821120370318,0.0,0.0,0.0,0.0,0.0,0.0,0.0,0.0,0.0,0.0,0.0,0.0,2.2074701867283864,0.0,0.0,0.0,0.0,0.0,-625.7439800225236,0.0,0.0,156.5855415949395,0.0,0.0,0.0,0.0,0.0,0.0,0.0,0.0,0.0,0.0,653.412484115458,0.0,0.0,66.22410560185159,66.22410560185159,168.98469606412834,-1000.0,0.0,0.0,0.0,0.0,0.0,0.0,0.0,-323.9399083351969,146.42436654312257,-372.1451335081026,0.22074701867283864,0.0,0.0,0.0,224.86400062353255,0.0,0.0,0.0,0.0,0.0,0.0,0.0,0.0,0.0,0.0,0.0,0.0,0.0,0.0,0.0,0.0,0.0,0.22074701867283864,0.0,0.0,0.0,745.0182661141854,-745.0182661141854,0.0,0.0,0.0,972.4690520677287,0.0,-24.10557443907885,0.0,0.0,-1000.0,-16.556026400462898,-11.037350933641932,0.0,0.0,515.625,515.625,-515.625,0.0,0.0,0.0,0.0,0.0,0.0,0.0,0.0,1000.0,0.0,0.0,13.976155339419392,0.0,0.0,0.0,-0.22074701867283864,0.0,0.0,0.22074701867283864,0.0,0.22074701867283864,0.0,0.0,0.0,132.44821120370318,269.31136278086313,269.31136278086313,0.0,0.0,0.0,0.0,0.0,0.0,0.0,0.0,0.0,146.42436654312257,0.0,0.0,469.7370267414348,0.0,0.0,0.0,0.0,0.0,0.0,0.0,0.0,0.0,0.0,0.0,0.0,0.0,0.0,61.57372164153679,0.0,-1000.0,1000.0,0.33112052800925795,0.0,0.0,0.0,-156.5855415949395,0.0,0.0,0.0,0.0,0.0,0.0,11.037350933641932,0.0,0.0,0.0,0.0,0.0,780.9943235974786,0.0,0.0,0.0,0.0,0.0,0.0,0.0,0.0,0.0,0.0,0.0,851.763639970966,0.0,0.0,955.8505962654323,-441.3653410217773,0.0,0.0,0.0,0.0,0.0,-269.31136278086313,0.0,11.037350933641932,108.71265081498402,0.0,0.0,0.0,-38.88090822224573,0.0,0.0,0.0,0.0,0.0,0.0,0.0,0.0,0.0,32.19606826022722,0.0,269.31136278086313,0.0,0.0,0.0,0.0,0.0,0.0,0.0,0.0,0.0,763.9968031596701,0.0,0.0,49.66807920138865,-224.86400062353255,0.0,-374.2560199774764,66.22410560185159,0.0,0.0,0.0,0.0,-99.02529860807213,0.0,0.0,0.24282172054017792,0.0,0.0,0.0,134.65568139043157,0.0,0.0,0.0,0.0,-172.38899058306197,0.0,0.0,0.0,0.0,0.0,0.0,0.0,0.0,0.0,0.0,0.02207470186728422,0.02207470186728422,0.0,0.0,0.0,0.0,0.0,0.0,0.0,0.0,0.0,0.0,0.0,0.0,0.0,0.0,0.0,0.0,0.0,0.0,0.0,0.0,0.0,0.0,0.0,0.0,0.0,0.0,0.0,0.0,-1000.0,0.0,648.395330633763,0.0,0.0,0.0,132.44821120370318,0.0,0.0,0.0,0.0,0.0,0.0,-132.44821120370318,0.0,0.0,0.0,0.0,0.0,0.0,0.0,0.0,0.0,0.0,0.0,0.0,1000.0,-1000.0,620.9487345323292,0.0,-156.5855415949395,0.0,999.1170119253088,0.0,0.0,0.0,0.0,0.0,0.0,0.0,0.0,0.0,0.0,0.0,0.0,0.0,0.0,0.0,0.0,0.0,-27.59337733410483,0.0,-244.5432770936959,453.18100034097205,0.0,0.0,0.0,0.0,0.0,0.0,-2.759337733410483,38.88090822224573,0.0,0.0,0.0,0.0,0.0,0.0,0.0,1000.0,66.22410560185159,66.22410560185159,0.0,0.0,0.0,0.0,0.0,0.24282172054017792,0.0,0.0,0.0,-999.1170119253088,0.0,0.0,0.0,0.0,0.0,0.0,0.0,0.0,0.0,0.0,0.0,0.0,0.0,0.0,196.7083334533698,0.0,0.0,16.665993205583163,0.0,231.78436960648057,16.997520437808475,0.0,0.0,0.0,0.0,0.0,0.0,0.0,-35.14292537272078,0.0,0.0,0.0,-27.59337733410483,0.0,0.0,0.0,0.0,0.0,0.0,0.0,0.0,0.0,0.0,0.0,0.0,0.0,0.0,0.0,0.0,0.0,0.0,-0.22074701867283864,0.0,0.0,11.037350933641932,-445.64319006801645,0.0,0.0,0.0,0.0,0.0,0.0,0.0,0.0,-450.73070843370334,5.518675466820966,0.0,0.0,606.5833330932604,0.22074701867283864,0.0,220.74701867283864,-51.765582582996785,44.14940373456773,1.5767644190917045,649.2161685083861,-0.16556026400462898,125.03097628025844,4.414940373456773,-1.10373509336398,-649.2161685083861,66.22410560185159,-0.22074701867283864,147.12178034059244,0.0,0.05518675466820966,1.5767644190917045,-441.36534102177734,-35.14292537272078,-4.414940373456773,-203.37126645066746,-0.22074701867283864,0.05518675466820966,-649.2161685083861,22.074701867283864,0.22074701867283864,0.22074701867283864,0.46356873921301656,0.24282172054012285,0.0,-0.16556026400462898,66.22410560185159,0.22074701867283864,156.5855415949395,-20.012073343331394,-0.11037350933641932,-117.26931795644543,-83.8691705274935,-0.16556026400462898,-0.22074701867283864,-51.765582582996785,0.22074701867283864,22.074701867283864,-4.414940373456773,61.57372164153679,61.57372164153679,-22.074701867283864,203.37126645066746,-61.57372164153679,44.14940373456773,0.33112052800925795,-1000.0,22.074701867283864,-333.3333333333333,0.0,-44.14940373456773,0.11037350933641932,2.2074701867283864,73.5608901702962,44.14940373456773,-0.22074701867283864,-49.66807920138865,-0.46356873921301656,68.43157578857998,0.22074701867283864,35.14292537272078,-355.2578584004948,0.0,-0.22074701867283864,-0.05518675466820966,0.0,-0.22074701867283864,-328.9745321780015,0.22074701867302338,-0.05518675466820966,-0.05518675466820966,-0.05518675466820966,88.29880746913545,20.012073343331394,2.2074701867283864,163.54594745924658,-0.05518675466820966,0.0,11.037350933641932,175.52461702264267,0.22074701867283864,0.11037350933641932,0.11037350933641932,22.074701867283864,51.765582582996785,0.22074701867283864,-51.765582582996785,2.2074701867283864,0.22074701867283864,-163.54594745924658,0.22074701867283864,0.882988074691184,1.10373509336398,0.11037350933641932,0.05518675466820966,66.22410560185159,-0.22074701867283864,0.0,2.2074701867283864,-327.09189491849315,119.51230081343748,-22.074701867283864,44.14940373456773,11.037350933641932,-0.22074701867283864,441.36534102177734,0.33112052800925795,-0.22074701867283864,-44.14940373456773,51.765582582996785,517.959914731696,0.11037350933641932,-351.04923404528535,-0.22074701867283864,-0.22074701867302338,-0.22074701867283864,0.11037350933641932,649.2161685083861,-44.14940373456773,0.22074701867283864,147.1217803405924,-0.05518675466820966,-0.24282172054012285,-147.1217803405924,33.11205280092579,83.8691705274935,177.10815440502944,649.2161685083861,-0.16556026400462898,49.66807920138865,-44.14940373456773,0.22074701867283864,-0.05518675466820966,11.037350933641932,220.74701867283864,-0.11037350933641932,-0.22074701867283864,0.05518675466820966,0.0,0.0,999.8896264906635,0.0,-1000.0,0.0,320.0933799542564,-1000.0,0.0,1000.0,788.9927821221404,-1000.0,0.0,-500.0,500.0,-394.4963910610702,0.0,500.0,0.0,-418.93461612362387,0.0,1000.0,-418.93461612362387,-320.0933799542564,326.63826824373365,0.0,1496.5981,bhi
466,0.0,0.0,0.0,0.0,0.0,0.0,0.0,0.0,-0.1862814366908975,0.0,0.0,0.0,0.0,0.0,0.0,0.0,653.98227915087,0.0,0.0,0.0,0.0,0.0,0.0,0.0,0.0,0.0,0.0,0.0,0.0,-1000.0,0.0,0.0,971.8940918674589,0.0,0.0,0.0,0.0,-65.4244786017529,0.0,-1000.0,850.2318313001305,0.0,0.0,0.0,0.0,0.0,0.0,0.0,333.76825298809865,-772.497782417063,0.0,0.0,0.0,0.20490958036017146,0.0,0.0,0.0,0.0,0.0,0.0,16.395204464697002,0.0,0.0,-82.00596450314079,0.0,0.0,0.0,0.0,0.0,0.0,0.0,1.862814366908975,0.0,0.0,0.0,0.0,0.0,0.0,0.0,0.0,0.0,0.0,0.0,0.0,111.7688620145385,0.0,0.0,0.0,-850.9455436663238,517.1772906782252,-0.046570359172724375,0.0,0.0,-919.6885919657886,55.88443100726925,0.0,55.88443100726925,0.0,0.0,0.0,0.0,9.314071834544874,-1000.0,0.0,0.0,-165.72458466648084,0.0,0.0,0.0,0.0,0.0,0.0,0.0,0.0,0.0,0.0,0.0,0.0,0.0,0.0,0.0,0.0,0.0,0.0,-704.5944235170886,0.0,0.0,55.88443100726925,0.0,57.74724537417822,30.72901449041467,0.0,0.0,0.0,0.0,0.0,0.0,-109.3750000000001,109.3750000000001,-98.40116896783779,0.0,0.0,0.0,0.0,0.0,14.343670625199104,0.1862814366908975,0.0,0.0,0.0,0.0,-246.98265113119618,0.0,0.0,0.0,0.0,1000.0,0.0,0.0,0.0,0.0,0.0,999.8137185633091,999.8137185633091,0.0,0.0,0.0,-179.671875,-1000.0,0.0,0.0,1000.0,0.0,0.0,0.0,713.9910790128829,-221.64830266913071,0.0,0.0,0.0,0.0,0.0,0.0,0.0,0.0,0.0,0.0,0.0,0.0,0.0,0.0,-1000.0,0.0,0.0,0.0,0.0,0.0,772.497782417063,0.0,333.76825298809865,-333.76825298809865,98.40116896783779,0.0,0.0,0.0,0.0,0.0,0.0,0.0,-23.285179586362187,0.0,0.0,0.0,0.0,0.0,0.0,0.0,0.0,0.0,0.0,0.0,0.0,0.0,0.0,124.25247481653196,12.249467861031349,0.0,0.0,0.0,0.0,29.184507034407815,0.0,0.0,0.0,0.0,16.395204464697002,12.249467861031349,0.0,0.0,785.4594608236725,0.0,0.0,0.0,0.0,0.0,5.998262261452373,37.2562873381795,0.0,0.0,596.2209872796406,-588.4928093747818,667.5365059761973,0.0,-12.249467861031349,0.0,0.0,98.40116896783779,0.0,0.0,0.0,0.0,334.6744374247527,0.0,0.0,-753.4573762816478,0.0,0.0,-753.4573762816478,0.0,0.0,-517.1772906782252,0.0,0.0,772.497782417063,0.0,453.5975613461877,0.0,0.0,0.0,-237.31834187652953,0.0,237.31834187652953,0.0,1000.0,0.0,0.0,0.0,-179.67187499999997,0.0,0.0,16.395204464697002,-0.2794221550363462,0.0,0.0,0.0,0.0,0.1862814366908975,0.0,0.0,0.0,810.5316307290328,653.98227915087,0.0,-273.14618688423894,-135.51873147407895,221.64830266913071,906.1162623073997,0.0,0.0,0.0,-165.72458466648084,0.0,0.0,0.0,852.7501991311267,-379.84564763654885,-472.90455149457785,-559.8481370490534,-1000.0,0.0,0.0,0.0,0.0,0.0,0.0,0.0,0.0,0.0,0.0,0.0,0.0,0.0,0.0,0.0,0.0,785.4594608236725,-1000.0,0.0,-935.3206471450169,0.0,0.0,0.0,0.0,0.0,0.0,-20.341932886651477,0.0,0.0,0.0,0.0,0.0,379.84564763654885,665.6545247994316,389.5482000112263,-4.657035917272437,0.0,-587.6905282404884,-9.314071834544874,0.0,-646.7124338399287,-665.6545247994316,-398.86227184577115,1000.0,0.0,0.0,223.66998131862408,0.0,-1000.0,0.0,682.114728215241,55.88443100726925,0.0,0.0,0.0,1000.0,0.0,0.0,0.0,0.0,0.0,0.0,-1000.0,0.0,0.0,-0.372562873381795,0.0,0.0,0.0,0.0,0.0,-65.61076003844379,0.0,0.0,0.0,0.0,0.0,0.0,0.0,-178.61460732193348,0.37256287338158844,0.0,0.0,0.0,0.0,0.0,0.0,0.0,0.0,0.0,0.0,0.0,0.0,0.0,0.0,0.0,0.0,0.0,0.0,0.0,0.20490958036017146,0.20490958036017146,0.0,90.00097722240348,0.0,111.7688620145385,0.0,0.0,0.0,-339.4287899102073,0.0,0.0,0.0,0.0,0.0,-56.405454645784715,339.4287899102073,0.0,0.0,0.0,0.0,0.0,0.0,0.0,0.0,0.0,0.0,0.0,0.0,0.0,234.8648078390295,-810.5316307290328,246.98265113119618,0.0,14.343670625199104,0.0,-919.6885919657886,0.0,-127.5856760022456,0.0,-56.405454645784715,0.0,0.0,-235.0200619677182,0.0,0.0,0.0,0.0,0.0,0.0,0.0,0.0,0.0,0.0,0.0,0.0,0.0,0.0,0.0,0.0,111.7688620145385,98.40116896783779,98.40116896783779,0.0,0.0,0.0,0.0,0.0,0.0,0.0,0.0,0.0,0.0,1.862814366908975,0.0,0.0,0.0,0.0,0.0,0.0,0.0,0.0,55.88443100726925,0.0,0.0,0.0,0.0,0.0,0.0,0.0,0.0,0.0,0.0,56.256993880651045,0.0,0.0,55.88443100726925,55.88443100726925,1000.0,339.4287899102073,0.0,0.0,0.0,0.0,0.0,0.0,0.0,559.8481370490534,0.0,1000.0,0.1862814366908975,0.0,0.0,0.0,123.09519082248433,141.73549628480873,0.0,919.6885919657886,0.0,0.0,0.0,0.0,0.0,0.0,0.0,0.0,0.0,0.0,0.0,0.0,0.0,0.0,0.1862814366908975,0.0,0.0,0.0,0.0,0.0,0.0,0.0,0.0,0.0,0.0,26.188466231136445,0.0,0.0,18.148953737195185,-13.971107751817312,-9.314071834544874,0.0,0.0,0.0,0.0,0.0,0.0,0.0,0.0,0.0,0.0,0.0,0.0,98.40116896783779,221.64830266913071,0.0,0.0,-308.57119995021407,0.0,0.0,0.0,-0.1862814366908975,0.0,0.0,0.1862814366908975,0.0,0.1862814366908975,0.0,0.0,0.0,111.7688620145385,227.26335276289493,227.26335276289493,0.0,0.0,0.0,0.0,0.0,0.0,0.0,246.98265113119618,0.0,0.0,0.0,0.0,0.0,868.7890308302132,0.0,0.0,0.0,0.0,0.0,0.0,0.0,0.0,0.0,0.0,0.0,0.0,0.0,127.5856760022456,0.0,-762.2730495830752,762.2730495830752,0.2794221550363462,0.0,0.0,0.0,-55.88443100726925,0.0,0.0,0.0,0.0,0.0,-90.00097722240348,9.314071834544874,0.0,0.0,0.0,179.67187499999997,1000.0,-26.188466231136445,0.0,0.0,0.0,0.0,0.0,0.0,0.0,0.0,98.40116896783779,0.0,0.0,0.0,90.00097722240348,0.0,1000.0,-23.989088381672104,46.53039911778792,-46.53039911778792,0.0,0.0,0.0,-227.26335276289493,0.0,9.314071834544874,1000.0,0.0,0.0,0.0,-65.61076003844379,0.0,0.0,0.0,0.0,0.0,0.0,0.0,0.0,0.0,-27.94221550363463,0.0,227.26335276289493,0.0,0.0,0.0,0.0,0.0,0.0,0.0,0.0,0.0,5.998262261452373,0.0,0.0,131.91430047785542,-123.09519082248433,-543.5779722568974,0.0,55.88443100726925,0.0,0.0,0.0,0.0,-144.368656918614,0.0,0.0,0.20490958036017146,0.0,0.0,0.0,113.63167638144746,0.0,0.0,0.0,0.0,124.25247481653196,0.0,0.0,0.0,0.0,0.0,0.0,0.0,0.0,-27.07248684624323,0.0,0.01862814366908975,0.01862814366908975,0.0,0.0,0.0,0.0,0.0,0.0,0.0,0.0,0.0,0.0,0.0,0.0,0.0,0.0,0.0,90.00097722240348,0.0,0.0,0.0,0.0,0.0,0.0,0.0,772.497782417063,0.0,0.0,0.0,0.0,641.7328112898385,1000.0,0.0,0.0,0.0,0.0,111.7688620145385,0.0,0.0,0.0,0.0,0.0,-756.5592245899898,644.7903625754512,0.0,0.0,0.0,0.0,0.0,0.0,0.0,0.0,0.0,0.0,0.0,0.0,-1000.0,-1000.0,996.3918149634779,-533.6964537635367,477.8120227562675,0.0,-65.4244786017529,0.0,0.0,0.0,0.0,0.0,0.0,0.0,0.0,0.0,0.0,0.0,0.0,0.0,0.0,0.0,0.0,0.0,-23.285179586362187,98.40116896783779,-13.971107751817312,854.8179230783959,0.0,0.0,0.0,0.0,0.0,-80.4284701668514,78.09995220821517,65.61076003844379,0.0,0.0,0.0,0.0,0.0,0.0,0.0,1000.0,55.88443100726925,55.88443100726925,0.0,0.0,0.0,0.0,0.0,0.20490958036017146,90.00097722240348,0.0,0.0,65.4244786017529,0.0,0.0,0.0,0.0,0.0,0.0,0.0,0.0,0.0,0.0,0.0,0.0,0.0,0.0,381.1365247915376,0.0,0.0,30.72901449041467,0.0,195.59550852544237,14.343670625199104,0.0,0.0,0.0,0.0,0.0,90.00097722240348,0.0,16.87439439659157,0.0,0.0,0.0,-23.285179586362187,0.0,0.0,0.0,0.0,0.0,0.0,0.0,0.0,0.0,0.0,0.0,0.0,0.0,0.0,0.0,0.0,0.0,0.0,-0.1862814366908975,0.0,0.0,9.314071834544874,56.405454645784715,0.0,0.0,0.0,0.0,98.40116896783779,0.0,0.0,0.0,-852.7501991311267,4.657035917272437,0.0,0.0,0.0,0.1862814366908975,0.0,186.28143669089746,-27.018230883763522,37.2562873381795,1.3305816906492678,581.1832373484333,-0.1397110775181731,9.314071834544848,3.72562873381795,-0.9314071834606779,-581.1832373484333,55.88443100726925,-0.1862814366908975,55.24152822216028,0.0,0.046570359172724375,1.3305816906492678,-165.72458466648084,-29.656004721196354,-3.72562873381795,-653.98227915087,-0.1862814366908975,0.046570359172724375,-581.1832373484333,18.62814366908975,0.1862814366908975,0.1862814366908975,-89.60978620535242,0.20490958035998724,-677.324033571622,-0.1397110775181731,55.88443100726925,0.1862814366908975,55.88443100726925,-93.14071834544875,-0.09314071834544875,8.773202904583627,-47.99893214018846,-0.1397110775181731,-0.1862814366908975,-27.018230883763522,0.1862814366908975,18.62814366908975,-3.72562873381795,127.5856760022456,127.5856760022456,-18.62814366908975,653.98227915087,-127.5856760022456,37.2562873381795,0.2794221550363462,-1000.0,18.62814366908975,-234.8648078390295,0.0,-37.2562873381795,0.09314071834544874,1.862814366908975,68.28654672105974,127.25726456058297,-0.1862814366908975,-131.91430047785542,89.60978620535242,57.74724537417822,0.1862814366908975,29.656004721196354,-223.53772402907697,0.0,-0.1862814366908975,-0.046570359172724375,0.0,-0.1862814366908975,-178.61460732193348,0.1862814366908975,-0.046570359172724375,-0.046570359172724375,-0.046570359172724375,74.512574676359,93.14071834544875,1.862814366908975,425.3408396055818,-0.046570359172724375,81.3315652199592,9.314071834544874,98.62137549551161,0.1862814366908975,0.09314071834544875,0.09314071834544875,18.62814366908975,27.018230883763522,0.1862814366908975,-27.018230883763522,1.862814366908975,0.1862814366908975,-1000.0,0.1862814366908975,0.7451257467697445,0.9314071834606779,0.09314071834544875,0.046570359172724375,55.88443100726925,-0.1862814366908975,677.324033571622,1.862814366908975,-850.6816792111636,4.657035917272465,-18.62814366908975,37.2562873381795,9.314071834544874,-0.1862814366908975,165.72458466648084,0.2794221550363462,-0.1862814366908975,-37.2562873381795,27.018230883763522,516.9090685573856,0.09314071834544875,-197.24275099102323,-0.1862814366908975,-0.1862814366908975,-0.18628143669089753,0.09314071834544875,581.1832373484333,-37.2562873381795,0.1862814366908975,136.57309344211947,-0.046570359172724375,-0.20490958035998724,-136.57309344211947,27.942215503634618,47.99893214018846,232.54543831883493,581.1832373484333,-0.1397110775181731,131.91430047785542,-127.25726456058297,0.1862814366908975,-0.046570359172724375,9.314071834544874,186.28143669089746,-0.09314071834544875,-0.1862814366908975,0.046570359172724375,1000.0,0.0,999.9068592816545,574.6591603944182,289.1445730378314,0.0,795.2366882456566,-1000.0,0.0,98.07616269920854,-13.267198956507393,-790.2736362069834,0.0,-49.03808134960427,-144.5722865189157,6.6335994782536964,0.0,500.0,-90.00097722240348,-372.5404116387716,0.0,790.2736362069834,-372.5404116387716,-795.2366882456566,500.0731343028219,0.0,1496.5981,bhi
467,0.0,0.0,0.0,0.0,0.0,0.0,0.0,0.0,-0.22350986026607353,0.0,0.0,0.0,0.0,0.0,0.0,0.0,904.2828464194394,-489.44707361737505,0.0,-34.627724382976,0.0,0.0,0.0,659.8179926750362,0.0,0.0,0.0,0.0,0.0,-303.15399505158683,0.0,0.0,577.760925376167,0.0,0.0,0.0,0.0,-39.144026861261715,0.0,-1000.0,54.01673420215759,0.0,-381.95184086938013,0.0,0.0,0.0,0.0,0.0,-156.0318215529523,-789.8585420782922,0.0,0.0,0.0,0.2458608462925227,0.0,0.0,0.0,0.0,0.0,0.0,-19.683768360763896,0.0,-624.3099324104479,-643.9937007712118,464.50306009000616,0.0,0.0,0.0,23.52081309291333,-23.52081309291333,0.0,2.2350986026607353,0.0,0.0,0.0,0.0,0.0,0.0,0.0,0.0,0.0,0.0,0.0,0.0,134.1059161596441,0.0,0.0,0.0,395.2291305402226,-642.3359745407096,-0.05587746506651838,0.0,0.0,0.0,67.05295807982205,0.0,67.05295807982205,0.0,0.0,0.0,0.0,11.175493013303676,-303.15399505158683,0.0,0.0,-346.930579074155,111.85576614169018,0.0,0.0,0.0,0.0,0.0,0.0,0.0,0.0,0.0,0.0,0.0,0.0,0.0,0.0,0.0,0.0,0.0,-1000.0,0.0,0.0,67.05295807982205,0.0,69.28805668248279,0.0,0.0,0.0,0.0,0.0,0.0,0.0,0.0,0.0,0.0,0.0,0.0,0.0,0.0,0.0,17.21025924048763,0.22350986026607353,0.0,0.0,0.0,-280.84357799563577,0.0,0.0,0.0,0.0,0.0,1000.0,0.0,0.0,0.0,0.0,0.0,999.7764901397339,999.7764901397339,0.0,0.0,0.0,93.6875,0.0,0.0,0.0,1000.0,0.0,0.0,0.0,-320.69689330035925,-1000.0,0.0,0.0,0.0,0.0,0.0,0.0,0.0,0.0,0.0,0.0,0.0,0.0,0.0,0.0,-1000.0,0.0,0.0,0.0,0.0,0.0,789.8585420782922,381.95184086938013,247.10684400048694,-247.10684400048694,0.0,0.0,0.0,0.0,0.0,0.0,0.0,0.0,-809.3719877055544,0.0,0.0,0.0,0.0,0.0,0.0,0.0,0.0,0.0,0.0,0.0,0.0,0.0,382.2995404519446,-421.40561425084974,-827.0488706842804,0.0,0.0,0.0,0.0,291.8802076565301,0.0,0.0,0.0,0.0,-19.683768360763896,-827.0488706842804,0.0,0.0,0.0,0.0,0.0,0.0,0.0,0.0,7.1970175005626515,44.7019720532147,0.0,0.0,233.82955432964445,0.0,473.0268633169148,0.0,827.0488706842804,0.0,0.0,0.0,272.6820295246097,0.0,0.0,0.0,372.4032022886645,0.0,0.0,0.0,0.0,1000.0,-1000.0,1000.0,0.0,642.3359745407096,0.0,-120.93613244691181,789.8585420782922,0.0,331.712302485815,0.0,0.0,0.0,0.0,0.0,0.0,0.0,1000.0,0.0,0.0,-211.2204415690146,93.6875,0.0,0.0,-19.683768360763896,-0.3352647903991103,0.0,0.0,0.0,0.0,0.22350986026607353,0.0,0.0,0.0,633.8698167630853,904.2828464194394,0.0,-437.4644438465182,263.7969408015881,1000.0,99.83639970979874,0.0,0.0,0.0,-346.930579074155,0.0,0.0,0.0,-19.24419896890877,-475.3391309892021,494.58332995811094,1000.0,-1000.0,0.0,0.0,0.0,0.0,0.0,0.0,0.0,0.0,0.0,0.0,0.0,0.0,0.0,0.0,0.0,0.0,0.0,-1000.0,0.0,-961.7500125798025,0.0,0.0,0.0,0.0,0.0,0.0,-24.407276741050286,0.0,0.0,0.0,0.0,0.0,451.81831789628876,0.0,0.0,0.0,0.0,0.0,593.0149624428019,-795.5393568063789,0.0,0.0,-11.175493013303676,1000.0,-5.587746506651838,-604.1904554561056,-624.2554639302159,0.0,-145.28140917294778,174.7231235864242,0.0,67.05295807982205,0.0,0.0,0.0,0.0,0.0,0.0,0.0,-382.2995404519446,382.2995404519446,382.2995404519446,-909.8443221126358,0.0,0.0,-0.44701972053214706,0.0,0.0,0.0,0.0,0.0,-39.36753672152779,0.0,0.0,21.233292572180897,0.0,0.0,0.0,0.0,-657.4463841846175,0.44701972053235295,0.0,0.0,0.0,0.0,0.0,0.0,0.0,0.0,0.0,0.0,0.0,0.0,0.0,0.0,0.0,0.0,0.0,0.0,0.0,0.2458608462925227,0.2458608462925227,0.0,0.0,0.0,134.1059161596441,0.0,0.0,0.0,1000.0,0.0,324.8046526438577,0.0,0.0,0.0,1000.0,-1000.0,0.0,0.0,0.0,0.0,0.0,21.233292572180897,0.0,0.0,0.0,0.0,0.0,0.0,0.0,333.3333333333333,-633.8698167630853,168.98781185394557,0.0,17.21025924048763,0.0,0.0,0.0,-291.8802076565301,0.0,1000.0,0.0,342.5536158153825,0.0,0.0,0.0,382.2995404519446,0.0,0.0,0.0,0.0,0.0,0.0,0.0,0.0,0.0,0.0,0.0,0.0,0.0,134.1059161596441,0.0,0.0,0.0,0.0,0.0,0.0,0.0,0.0,0.0,0.0,0.0,0.0,2.2350986026607353,0.0,0.0,0.0,0.0,0.0,381.95184086938013,0.0,0.0,67.05295807982205,0.0,0.0,0.0,0.0,0.0,0.0,0.0,0.0,0.0,0.0,1000.0,-204.68392921412297,0.0,67.05295807982205,67.05295807982205,1000.0,-1000.0,0.0,21.233292572180897,0.0,0.0,0.0,0.0,0.0,-96.13212243087281,0.0,324.11709061208086,0.22350986026607353,0.0,0.0,195.83035459257525,99.34634586881288,541.3461514124747,0.0,0.0,0.0,0.0,0.0,0.0,0.0,0.0,0.0,0.0,0.0,0.0,0.0,0.0,0.0,0.0,0.22350986026607353,0.0,0.0,0.0,0.0,0.0,0.0,0.0,0.0,0.0,0.0,885.5446515616567,0.0,-909.951928302707,38.249987420197535,-16.763239519955512,-11.175493013303676,0.0,0.0,0.0,0.0,0.0,0.0,0.0,0.0,0.0,0.0,0.0,0.0,0.0,1000.0,0.0,0.0,-134.1059161596441,0.0,0.0,0.0,-0.22350986026607353,0.0,0.0,0.22350986026607353,0.0,0.22350986026607353,0.0,0.0,0.0,134.1059161596441,272.6820295246097,272.6820295246097,0.0,0.0,0.0,0.0,0.0,0.0,0.0,168.98781185394557,0.0,0.0,0.0,0.0,0.0,0.0,0.0,0.0,0.0,0.0,0.0,0.0,0.0,0.0,0.0,0.0,0.0,0.0,0.0,291.8802076565301,0.0,-528.8137771618968,528.8137771618968,0.3352647903991103,0.0,0.0,0.0,-67.05295807982205,0.0,0.0,0.0,0.0,0.0,0.0,11.175493013303676,0.0,0.0,0.0,-93.6875,0.0,-885.5446515616567,0.0,0.0,0.0,0.0,0.0,0.0,0.0,0.0,0.0,0.0,0.0,524.6691557015279,-382.2995404519446,0.0,218.56674482770484,194.41557233831966,0.0,-909.951928302707,909.951928302707,0.0,0.0,0.0,0.0,11.175493013303676,131.3065770898742,0.0,0.0,0.0,-39.36753672152779,0.0,0.0,772.9285533468167,-772.9285533468167,0.0,0.0,0.0,0.0,0.0,16.763239519955512,-50.28971855986666,272.6820295246097,0.0,0.0,0.0,0.0,0.0,0.0,0.0,0.0,0.0,7.1970175005626515,0.0,0.0,0.0,-295.1767004613881,4.566224858415296,-381.95184086938013,67.05295807982205,0.0,0.0,0.0,0.0,-53.65375889038107,0.0,0.0,0.2458608462925227,0.0,0.0,0.0,136.34101476230484,0.0,0.0,0.0,0.0,-421.40561425084974,0.0,111.85576614169018,0.0,0.0,0.0,0.0,0.0,0.0,0.0,0.0,0.022350986026607345,0.022350986026607345,0.0,0.0,0.0,0.0,0.0,0.0,0.0,0.0,0.0,195.83035459257525,0.0,0.0,0.0,0.0,0.0,0.0,0.0,0.0,0.0,0.0,0.0,0.0,0.0,789.8585420782922,0.0,0.0,0.0,0.0,984.5310016837528,894.3908536416658,-489.44707361737505,0.0,0.0,0.0,134.1059161596441,0.0,0.0,0.0,0.0,0.0,-982.6688696186817,848.5629534590375,0.0,0.0,0.0,0.0,0.0,0.0,0.0,0.0,0.0,0.0,0.0,0.0,-324.11709061208086,600.7138825175404,153.10425428226037,0.0,-67.05295807982205,0.0,-39.144026861261715,0.0,0.0,0.0,0.0,0.0,0.0,0.0,0.0,0.0,0.0,0.0,0.0,0.0,0.0,0.0,0.0,0.0,-27.938732533259188,0.0,-16.763239519955512,33.52647903991104,0.0,0.0,0.0,0.0,0.0,-2.793873253325919,0.0,39.36753672152779,0.0,0.0,0.0,0.0,0.0,0.0,0.0,1000.0,67.05295807982205,67.05295807982205,0.0,0.0,0.0,0.0,0.0,0.2458608462925227,0.0,0.0,0.0,39.144026861261715,0.0,0.0,0.0,0.0,0.0,0.0,0.0,0.0,0.0,0.0,0.0,0.0,0.0,0.0,264.4068885809484,0.0,0.0,0.0,0.0,234.68535327937718,17.21025924048763,0.0,0.0,0.0,0.0,0.0,0.0,0.0,874.369158548353,0.0,0.0,0.0,-27.938732533259188,0.0,0.0,0.0,0.0,0.0,0.0,0.0,0.0,0.0,0.0,0.0,0.0,0.0,0.0,0.0,0.0,0.0,0.0,-0.22350986026607353,0.0,0.0,11.175493013303676,-1000.0,0.0,0.0,0.0,0.0,0.0,0.0,0.0,0.0,19.24419896890877,5.587746506651838,0.0,0.0,0.0,0.22350986026607353,0.0,223.5098602660735,-69.28805668248279,44.7019720532147,1.5964990019005256,623.5925101423451,-0.16763239519955514,11.175493013303676,4.470197205321471,-1.117549301330257,-623.5925101423451,67.05295807982205,-0.22350986026607353,115.64352635805166,21.233292572180897,0.05587746506651838,1.5964990019005256,-346.930579074155,-35.58276975435399,-4.470197205321471,-380.2080484190883,-0.22350986026607353,0.05587746506651838,-623.5925101423451,22.35098602660735,0.22350986026607353,0.22350986026607353,0.46937070655859625,0.24586084629268087,0.0,-0.16763239519955514,67.05295807982205,0.22350986026607353,67.05295807982205,-111.75493013303675,-0.11175493013303676,-306.13884185169,-314.4547035434035,-0.16763239519955514,-0.22350986026607353,-69.28805668248279,0.22350986026607353,22.35098602660735,-4.470197205321471,291.8802076565301,291.8802076565301,-22.35098602660735,380.2080484190883,-291.8802076565301,44.7019720532147,0.3352647903991103,-1000.0,22.35098602660735,-333.3333333333333,21.233292572180897,-44.7019720532147,0.11175493013303676,2.2350986026607353,109.36611096162954,-337.5975683987299,-0.22350986026607353,-50.28971855986666,-0.46937070655859625,69.28805668248279,0.22350986026607353,35.58276975435399,-246.97853974710745,21.233292572180897,-0.22350986026607353,-0.05587746506651838,-21.233292572180897,-0.22350986026607353,-769.3021503263076,0.2235098602660628,-0.05587746506651838,-0.05587746506651838,-0.05587746506651838,89.4039441064294,111.75493013303675,2.2350986026607353,179.4838941039667,-0.05587746506651838,103.08869556520743,11.175493013303676,339.8986851056124,0.22350986026607353,0.11175493013303676,0.11175493013303676,32.9676323126978,69.28805668248279,0.22350986026607353,-69.28805668248279,2.2350986026607353,0.22350986026607353,-207.26594686265287,0.22350986026607353,0.8940394410641801,1.117549301330257,0.11175493013303676,0.05587746506651838,67.05295807982205,-0.22350986026607353,0.0,2.2350986026607353,-358.9677882079334,5.587746506651838,-22.35098602660735,44.7019720532147,11.175493013303676,-0.22350986026607353,346.930579074155,0.3352647903991103,-0.22350986026607353,-65.9352646253956,69.28805668248279,417.38316968066795,0.11175493013303676,-679.7973702112248,-0.22350986026607353,-0.2235098602660628,-0.22350986026607353,0.11175493013303676,623.5925101423451,-44.7019720532147,0.22350986026607353,218.7322219232591,-0.05587746506651838,-0.24586084629268087,-218.7322219232591,33.526479039911024,314.4547035434035,-248.17318149835404,623.5925101423451,-0.16763239519955514,50.28971855986666,337.5975683987299,0.22350986026607353,-0.055877465066518375,11.175493013303676,223.50986026607353,-0.11175493013303676,-0.22350986026607353,0.05587746506651838,252.99961789182748,0.0,999.8882450698669,27.782052758686177,-1000.0,0.0,1000.0,-388.2849209497275,0.0,-1000.0,670.7267777211015,-94.28090502697387,0.0,500.0,500.0,-335.36338886055074,0.0,194.14246047486375,0.0,-363.72941079028686,0.0,94.28090502697387,-363.72941079028686,-1000.0,612.31377686025,0.0,1496.5981,bhi
468,0.0,0.0,0.0,0.0,0.0,0.0,0.0,0.0,-0.157818733374325,0.0,0.0,0.0,0.0,0.0,0.0,0.0,-295.15658859704286,0.0,0.0,558.9347145005202,0.0,0.0,0.0,272.8877555027065,0.0,0.0,0.0,0.0,0.0,-878.9746491694834,0.0,0.0,813.3775105652419,0.0,0.0,0.0,0.0,999.3687250665046,0.0,-1000.0,1000.0,0.0,-559.2511291778596,1000.0,0.0,0.0,557.2369168429667,0.0,614.8801085886666,0.0,0.0,0.0,0.0,0.17360060671350652,0.0,0.0,0.0,0.0,0.0,0.0,89.24854886559666,0.0,220.192807088689,0.0,0.0,0.0,0.0,0.0,0.0,0.0,0.0,1.5781873337432502,0.0,0.0,0.0,0.0,0.0,0.0,0.0,0.0,0.0,0.0,0.0,0.0,94.69124002459502,0.0,0.0,-24.673146993932278,921.7469832719274,46.98076963385836,-0.03945468334358125,0.0,0.0,852.4212481983769,47.3456200122975,0.0,47.34562001229751,0.0,484.4452000815474,0.0,0.0,7.89093666871625,-878.9746491694834,0.0,0.0,-41.8936658474106,0.0,0.0,0.0,0.0,0.0,0.0,0.0,0.0,0.0,0.0,0.0,0.0,0.0,0.0,0.0,0.0,0.0,0.0,-741.095980635224,0.0,0.0,47.34562001229751,0.0,48.92380734604076,6.744139291096985,0.0,0.0,0.0,0.0,0.0,0.0,0.0,0.0,-309.44135595428565,0.0,0.0,0.0,0.0,0.0,12.15204246982302,0.157818733374325,0.0,0.0,0.0,530.0463283790109,-1000.0,0.0,0.0,0.0,0.0,1000.0,0.0,0.0,0.0,0.0,0.0,442.9209018904076,442.9209018904076,0.0,0.0,0.0,0.0,1000.0,0.0,0.0,443.0787206237819,0.0,0.0,0.0,95.87550132397648,0.0,0.0,0.0,0.0,0.0,0.0,0.0,0.0,0.0,0.0,-645.7099644746752,0.0,0.0,0.0,0.0,-1000.0,0.0,0.0,0.0,0.0,0.0,0.0,559.2511291778596,-968.7277529057858,968.7277529057858,309.44135595428565,0.0,0.0,0.0,0.0,0.0,0.0,0.0,-647.2785291613916,0.0,0.0,0.0,0.0,0.0,0.0,0.0,0.0,0.0,0.0,0.0,0.0,0.0,0.0,713.2362255605523,0.0,0.0,0.0,0.0,0.0,-187.36272729791796,0.0,0.0,0.0,0.0,89.24854886559666,-1000.0,0.0,0.0,0.0,0.0,0.0,0.0,0.0,0.0,5.081763214654024,31.563746674865,0.0,0.0,-331.2236069998536,1000.0,180.7303378668081,0.0,0.0,0.0,0.0,309.44135595428565,192.5388547166765,0.0,0.0,0.0,-119.05261666333752,0.0,0.0,-702.5854393295263,-702.5854393295263,297.41456067047375,-1000.0,1000.0,0.0,-46.98076963385836,0.0,-1000.0,0.0,0.0,331.72391604019316,0.0,0.0,0.0,0.0,0.0,0.0,0.0,1000.0,0.0,0.0,-419.5148145508114,0.0,0.0,0.0,89.24854886559666,-0.2367281000614875,0.0,0.0,0.0,0.0,0.157818733374325,0.0,0.0,0.0,825.4939881166806,-295.15658859704286,0.0,-1000.0,1000.0,0.0,923.8762583510533,0.0,13.588192943531132,0.0,-41.8936658474106,0.0,0.0,0.0,-13.588192943531132,0.0,0.0,-1000.0,-1000.0,0.0,0.0,0.0,0.0,0.0,0.0,0.0,0.0,0.0,0.0,0.0,0.0,0.0,0.0,0.0,0.0,0.0,0.0,0.0,-1000.0,0.0,0.0,0.0,0.0,0.0,0.0,-17.233805684477044,0.0,484.4452000815474,0.0,159.0832653478796,0.0,0.0,0.0,-583.6555586665029,0.0,0.0,0.0,338.02827637278466,0.0,-371.58618983640827,0.0,575.7646219977867,568.9220382801666,-3.945468334358125,-345.91921304150094,-470.8785316476635,0.0,-1000.0,0.0,671.2328704071695,47.34562001229751,0.0,0.0,0.0,160.87620756338026,0.0,0.0,0.0,0.0,0.0,0.0,-340.7272471021597,0.0,0.0,0.0,0.0,0.0,0.0,0.0,0.0,-130.94425822309233,0.0,-176.28918288791783,123.46936166124432,0.0,0.0,0.0,0.0,195.93693392726573,0.31563746674861526,0.0,0.0,0.0,0.0,0.0,0.0,0.0,0.0,0.0,0.0,0.0,0.0,0.0,0.0,0.0,0.0,0.0,0.0,0.0,0.17360060671350652,0.17360060671350652,0.0,68.79498337451523,0.0,94.69124002459502,0.0,0.0,0.0,1000.0,0.0,0.0,0.0,0.0,0.0,829.5708008177508,-1000.0,0.0,0.0,0.0,0.0,0.0,123.46936166124432,0.0,0.0,0.0,0.0,0.0,0.0,0.0,247.03199354507467,-825.4939881166806,469.95367162098916,0.0,12.15204246982302,0.0,0.0,852.4212481983769,730.3426195420093,0.0,829.5708008177508,0.0,1000.0,25.507734745016432,0.0,0.0,0.0,0.0,0.0,0.0,0.0,0.0,0.0,0.0,0.0,0.0,0.0,0.0,0.0,0.0,94.69124002459502,309.44135595428565,309.44135595428565,0.0,0.0,0.0,0.0,0.0,0.0,0.0,0.0,0.0,0.0,1.5781873337432502,0.0,0.0,0.0,0.0,0.0,559.2511291778596,0.0,0.0,47.34562001229751,0.0,0.0,0.0,0.0,0.0,0.0,0.0,0.0,0.0,0.0,1000.0,0.0,0.0,47.34562001229751,47.3456200122975,1000.0,-1000.0,0.0,123.46936166124432,0.0,0.0,0.0,0.0,0.0,878.9746491694834,0.0,1000.0,0.157818733374325,0.0,0.0,-678.2994544366815,859.7450802264291,0.0,0.0,-852.4212481983769,0.0,0.0,0.0,0.0,0.0,0.0,0.0,0.0,0.0,0.0,0.0,0.0,0.0,0.0,0.157818733374325,0.0,0.0,0.0,772.9060759636461,-772.9060759636461,0.0,0.0,0.0,0.0,0.0,467.21139439707036,0.0,0.0,-1000.0,-11.836405003074377,-7.8909366687162485,0.0,0.0,0.0,0.0,0.0,0.0,0.0,0.0,0.0,0.0,0.0,0.0,309.44135595428565,0.0,0.0,0.0,-320.8761929241143,0.0,0.0,0.0,-0.157818733374325,0.0,0.0,0.157818733374325,0.0,0.157818733374325,0.0,0.0,0.0,94.69124002459502,192.53885471667652,192.53885471667652,0.0,0.0,0.0,0.0,0.0,0.0,0.0,469.95367162098916,0.0,0.0,0.0,0.0,0.0,0.0,0.0,0.0,0.0,0.0,0.0,0.0,0.0,0.0,0.0,0.0,0.0,0.0,0.0,122.0786286563677,0.0,0.0,0.0,0.2367281000614875,0.0,0.0,0.0,-47.34562001229751,0.0,0.0,0.0,0.0,0.0,-68.79498337451523,7.89093666871625,0.0,0.0,0.0,0.0,-1000.0,103.05079437779725,0.0,0.0,-176.28918288791783,0.0,0.0,0.0,0.0,0.0,309.44135595428565,0.0,0.0,1000.0,68.79498337451523,0.0,372.448812510399,-41.8936658474106,0.0,85.8169886933202,484.4452000815474,-570.2621887748676,0.0,0.0,0.0,7.89093666871625,765.8311912942055,0.0,392.69775900905205,0.0,-130.94425822309233,0.0,0.0,0.0,0.0,0.0,0.0,0.0,0.0,0.0,726.3413528522648,-104.30419838373848,192.53885471667652,0.0,0.0,0.0,0.0,0.0,0.0,0.0,0.0,0.0,5.081763214654024,0.0,0.0,0.0,-181.44562578974762,-223.01185463461175,-559.2511291778596,47.34562001229751,0.0,0.0,0.0,0.0,271.30364989778116,0.0,0.0,0.17360060671350652,0.0,0.0,0.0,96.26942735833826,0.0,0.0,0.0,0.0,713.2362255605523,0.0,0.0,0.0,0.0,0.0,0.0,0.0,0.0,-310.83208895916226,0.0,556.5351926605657,0.0157818733374325,0.0,0.0,0.0,0.0,0.0,0.0,0.0,0.0,0.0,-678.2994544366815,0.0,0.0,0.0,0.0,0.0,68.79498337451523,0.0,0.0,0.0,0.0,0.0,0.0,0.0,0.0,0.0,0.0,0.0,0.0,592.175738096838,-449.42296302387723,0.0,0.0,0.0,0.0,94.69124002459502,0.0,0.0,0.0,0.0,0.0,0.0,-94.69124002459502,0.0,0.0,0.0,0.0,0.0,0.0,0.0,0.0,0.0,0.0,0.0,0.0,-1000.0,-1000.0,108.10583236141264,0.0,-47.34562001229751,0.0,999.3687250665046,0.0,0.0,0.0,0.0,0.0,0.0,0.0,0.0,0.0,0.0,0.0,0.0,0.0,0.0,0.0,0.0,0.0,-19.727341671790626,309.44135595428565,-11.836405003074377,92.46779338066409,0.0,0.0,0.0,0.0,0.0,0.0,-1.972734167179063,130.94425822309233,0.0,0.0,0.0,0.0,0.0,0.0,0.0,1000.0,47.3456200122975,47.34562001229751,0.0,0.0,0.0,0.0,0.0,0.17360060671350652,68.79498337451523,0.0,0.0,-999.3687250665046,556.5194107872283,0.0,0.0,0.0,0.0,0.0,0.0,0.0,0.0,0.0,0.0,0.0,0.0,0.0,0.0,0.0,0.0,6.744139291096985,0.0,165.70967004304129,0.0,0.0,12.15204246982302,0.0,0.0,0.0,68.79498337451523,0.0,-110.9417310465135,0.0,0.0,0.0,-19.727341671790626,0.0,0.0,0.0,0.0,0.0,0.0,0.0,0.0,0.0,0.0,0.0,0.0,0.0,0.0,0.0,0.0,0.0,0.0,-0.157818733374325,0.0,0.0,7.89093666871625,-829.5708008177508,0.0,0.0,0.0,0.0,309.44135595428565,0.0,0.0,0.0,13.588192943531132,3.945468334358125,0.0,0.0,0.0,0.157818733374325,0.0,157.818733374325,-42.17966805494378,31.563746674865,1.1272766669594643,453.8025446965608,-0.11836405003074375,7.890936668716266,3.1563746674865003,-0.7890936668698032,-453.8025446965608,47.3456200122975,-0.157818733374325,13.9645552824702,123.46936166124432,0.03945468334358125,1.1272766669594643,-41.8936658474106,-25.124742353193298,-3.1563746674865003,-263.7781259034773,-0.157818733374325,0.03945468334358125,-453.8025446965608,490.5419631691803,0.157818733374325,0.157818733374325,-68.46356403442739,0.17360060671178473,-533.653244943155,-0.11836405003074375,47.34562001229751,0.157818733374325,47.34562001229751,-78.9093666871625,-0.0789093666871625,-382.5594233620238,171.42303522711114,-0.11836405003074375,-0.157818733374325,-42.17966805494378,0.157818733374325,15.7818733374325,-3.1563746674865003,122.0786286563677,122.0786286563677,-15.7818733374325,263.7781259034773,-122.0786286563677,31.563746674865,0.2367281000614875,-1000.0,15.7818733374325,-247.03199354507467,123.46936166124432,-31.563746674865,0.0789093666871625,1.5781873337432502,250.0,100.35873004938023,-0.157818733374325,-104.30419838373848,68.46356403442739,48.92380734604076,0.157818733374325,25.124742353193298,-540.6732082196936,123.46936166124432,-0.157818733374325,-0.03945468334358125,-123.46936166124432,-0.157818733374325,195.93693392726573,0.15781873337437965,-0.03945468334358125,-0.03945468334358125,-0.03945468334358125,63.12749334973,78.9093666871625,1.5781873337432502,158.32948405701032,-0.03945468334358125,486.03544471752986,7.89093666871625,-90.07753029491661,0.157818733374325,0.0789093666871625,0.0789093666871625,77.51655416805465,42.17966805494378,0.157818733374325,-42.17966805494378,1.5781873337432502,0.157818733374325,-241.14054399361794,0.157818733374325,0.6312749334953764,0.7890936668698032,0.0789093666871625,0.03945468334358125,47.34562001229751,-0.157818733374325,533.653244943155,1.5781873337432502,-316.65896811402064,3.945468334358111,-15.7818733374325,31.563746674865,7.89093666871625,-0.157818733374325,41.8936658474106,0.2367281000614875,-0.157818733374325,-155.0331083361093,42.17966805494378,-12.90304547556866,0.0789093666871625,180.15506058983323,-0.157818733374325,-0.15781873337437965,-0.157818733374325,0.0789093666871625,453.8025446965608,-31.563746674865,0.157818733374325,500.0,-0.03945468334358125,-0.17360060671178473,-500.0,23.67281000614875,-171.42303522711114,101.29694180462934,453.8025446965608,-0.11836405003074375,104.30419838373848,-100.35873004938023,0.157818733374325,-0.03945468334358125,166.97420201659585,157.818733374325,-0.0789093666871625,-0.157818733374325,0.03945468334358125,0.0,0.0,999.9210906333128,82.81105993660762,-1000.0,0.0,218.55451787506365,-858.7589704202269,474.7600898317478,-1000.0,190.18095871132505,65.94111243572513,0.0,500.0,500.0,-95.09047935566252,-474.7600898317478,429.37948521011344,-68.79498337451523,-258.4006044222125,0.0,-65.94111243572513,-258.4006044222125,-218.55451787506365,371.72292637866235,0.0,1496.5981,bhi
469,0.0,0.0,0.0,0.0,0.0,0.0,0.0,0.0,-0.21110189455360587,0.0,0.0,0.0,0.0,0.0,0.0,0.0,1000.0,-71.03430649059476,0.0,-419.0923723554355,0.0,0.0,0.0,32.5629964021141,0.0,0.0,0.0,0.0,0.0,-35.13902706549395,0.0,0.0,978.7755636111584,0.0,0.0,0.0,0.0,-106.16565290628702,0.0,-1000.0,911.888762329989,0.0,0.0,0.0,0.0,0.0,0.0,0.0,-964.8609729345061,0.0,0.0,0.0,0.0,0.2322120840091202,0.0,0.0,0.0,42.22037891072117,0.0,0.0,50.6036342597717,0.0,0.0,-156.98038906061234,0.0,0.0,0.0,0.0,282.27652908122866,-282.27652908122866,0.0,2.111018945536059,0.0,0.0,0.0,0.0,0.0,0.0,0.0,0.0,0.0,0.0,0.0,0.0,126.66113673216353,0.0,0.0,246.21926064628423,718.6417122882218,-437.2834245764436,103.34681795158161,0.0,0.0,1000.0,63.33056836608176,0.0,63.33056836608176,0.0,0.0,0.0,0.0,10.555094727680293,-35.13902706549395,0.0,0.0,-70.47562427568374,156.84221389829918,0.0,0.0,0.0,0.0,0.0,0.0,0.0,0.0,0.0,0.0,0.0,0.0,0.0,0.0,0.0,0.0,0.0,-1000.0,0.0,0.0,63.33056836608176,0.0,65.44158731161781,0.0,0.0,190.05572241452074,-190.05572241452074,0.0,0.0,-207.58402332038403,1000.0,-1000.0,0.0,0.0,0.0,0.0,0.0,0.0,16.254845880627727,0.21110189455360587,103.39959342522002,0.0,0.0,-156.84221389829918,0.0,0.0,0.0,0.0,0.0,1000.0,0.0,0.0,0.0,0.0,0.0,563.7047438106017,563.7047438106017,0.0,0.0,0.0,0.0,0.0,0.0,0.0,563.9158457051553,0.0,0.0,0.0,-531.1518144918101,0.0,0.0,0.0,0.0,0.0,0.0,0.0,0.0,0.0,0.0,0.0,0.0,0.0,0.0,0.0,-1000.0,0.0,0.0,0.0,0.0,0.0,0.0,0.0,-281.3582877117782,281.3582877117782,207.58402332038403,0.0,0.0,0.0,0.0,0.0,0.0,0.0,-68.6081157299219,0.0,0.0,0.0,0.0,0.0,0.0,0.0,0.0,0.0,0.0,0.0,0.0,0.0,563.9968501472877,-761.6992571120367,0.0,0.0,0.0,0.0,0.0,271.08892097781677,0.0,0.0,0.0,0.0,50.6036342597717,0.0,0.0,0.0,0.0,0.0,0.0,0.0,0.0,0.0,677.2584992905943,0.0,0.0,0.0,0.0,1000.0,-1000.0,0.0,0.0,0.0,0.0,207.58402332038403,10.682963036086399,0.0,0.0,0.0,-90.4702270462235,0.0,0.0,-1000.0,0.0,0.0,-1000.0,0.0,0.0,437.2834245764436,0.0,-52.84325426958644,0.0,0.0,110.30134150635945,0.0,0.0,0.0,-1000.0,0.0,1000.0,0.0,1000.0,0.0,0.0,159.28555872880384,0.0,0.0,0.0,50.6036342597717,-0.3166528418304088,0.0,0.0,0.0,0.0,0.21110189455360587,0.0,0.0,0.0,-219.2620119548768,1000.0,0.0,-46.98374951712249,-34.20368871240514,0.0,975.2193306960708,0.0,1000.0,0.0,-70.47562427568374,0.0,0.0,0.0,189.59783546051807,-189.59783546051807,-1000.0,0.0,-1000.0,0.0,0.0,0.0,0.0,0.0,0.0,0.0,0.0,0.0,0.0,0.0,0.0,0.0,0.0,0.0,0.0,0.0,-1000.0,0.0,-894.6787546719282,0.0,0.0,670.4610182859632,0.0,0.0,0.0,-693.513345171222,0.0,0.0,0.0,844.4681332832149,0.0,0.0,733.535559766917,-149.81876638548493,802.4486172438757,-92.67869362071059,0.0,-10.555094727680293,-336.490542881229,0.0,-733.535559766917,139.26367165780465,39.60653560479335,-807.7261646077159,0.0,0.0,0.0,0.0,1000.0,-552.3842781006119,63.33056836608176,0.0,0.0,0.0,636.6080814932857,0.0,0.0,0.0,-563.9968501472877,563.9968501472877,563.9968501472877,-337.6017404928789,0.0,0.0,-436.5063580839519,0.0,0.0,0.0,0.0,0.0,-106.37675480084063,0.0,0.0,0.0,0.0,0.0,0.0,0.0,-825.0298254781184,0.4222037891083801,0.0,0.0,0.0,0.0,0.0,0.0,0.0,0.0,0.0,0.0,0.0,0.0,0.0,0.0,0.0,0.0,0.0,0.0,0.0,0.2322120840091202,0.2322120840091202,0.0,6.374045355755972,0.0,126.66113673216353,0.0,0.0,0.0,1000.0,0.0,0.0,0.0,0.0,0.0,1000.0,-1000.0,0.0,0.0,0.0,0.0,0.0,0.0,0.0,0.0,0.0,0.0,0.0,0.0,0.0,333.3333333333333,219.2620119548768,0.0,0.0,16.254845880627727,0.0,1000.0,0.0,-478.67294429820083,0.0,1000.0,0.0,223.25625961112377,-48.286085089242135,-453.1249999999987,453.1249999999987,563.9968501472877,0.0,0.0,0.0,0.0,0.0,0.0,0.0,0.0,0.0,0.0,0.0,0.0,0.0,126.66113673216353,207.58402332038403,207.58402332038403,0.0,0.0,0.0,0.0,0.0,0.0,0.0,0.0,0.0,0.0,2.111018945536059,0.0,0.0,0.0,0.0,0.0,0.0,0.0,0.0,63.33056836608176,0.0,0.0,0.0,0.0,0.0,0.0,0.0,0.0,0.0,0.0,81.03319856329603,0.0,0.0,63.33056836608176,63.33056836608176,1000.0,-1000.0,0.0,0.0,0.0,0.0,0.0,0.0,0.0,-964.8609729345061,0.0,-871.7519722063626,0.21110189455360587,0.0,0.0,0.0,278.7902091715441,662.8541405379093,0.0,-1000.0,0.0,0.0,0.0,0.0,0.0,0.0,0.0,0.0,0.0,0.0,0.0,0.0,0.0,0.0,0.21110189455360587,0.0,0.0,0.0,-1000.0,1000.0,0.0,0.0,0.0,0.0,0.0,0.0,0.0,-23.05232688525882,105.32124532807177,-15.83264209152044,-9.649016657742418,-0.9060780699378752,0.0,0.0,0.0,0.0,0.0,0.0,0.0,0.0,0.0,0.0,0.0,207.58402332038403,0.0,0.0,0.0,-541.8291833729317,0.0,0.0,0.0,-0.21110189455360587,0.0,0.0,0.21110189455360587,0.0,0.21110189455360587,0.0,0.0,0.0,126.66113673216353,257.54431135539915,257.54431135539915,0.0,0.0,0.0,0.0,0.0,0.0,0.0,0.0,0.0,0.0,0.0,0.0,0.0,207.7737085815837,0.0,0.0,0.0,0.0,0.0,0.0,0.0,0.0,0.0,0.0,0.0,0.0,0.0,478.67294429820083,0.0,-61.81634804863552,61.81634804863552,0.3166528418304088,0.0,0.0,0.0,-63.33056836608176,0.0,0.0,0.0,0.0,0.0,-6.374045355755972,10.555094727680293,0.0,0.0,0.0,0.0,0.0,452.92604060153246,-0.9060780699378752,0.0,0.0,0.0,0.0,0.0,0.0,0.0,207.58402332038403,0.0,0.0,-1000.0,-557.6228047915317,0.0,957.7796210892789,592.3785162622255,0.0,-240.58730456968954,23.05232688525882,217.5349776844307,0.0,-246.86134831931275,0.0,10.555094727680293,179.53137662795945,0.0,0.0,0.0,-106.37675480084063,0.0,0.0,0.0,0.0,0.0,0.0,0.0,0.0,0.0,22.206687447276412,-53.8719716303176,257.54431135539915,0.0,0.0,0.0,0.0,0.0,0.0,0.0,0.0,0.0,677.2584992905943,0.0,0.0,0.0,-278.7902091715441,0.0,0.0,63.33056836608176,0.0,0.0,0.0,0.0,-453.74828315340676,0.0,0.0,0.2322120840091202,0.0,0.0,0.0,128.77215567769957,0.0,0.0,0.0,0.0,-761.6992571120367,0.0,156.84221389829918,0.0,0.0,0.0,0.0,0.0,0.0,-1000.0,0.0,0.02111018945536003,0.02111018945536003,0.0,0.0,0.0,0.0,0.0,0.0,0.0,0.0,0.0,0.0,0.0,0.0,0.0,0.0,0.0,6.374045355755972,0.0,0.0,0.0,0.0,0.0,0.0,0.0,0.0,0.0,0.0,0.0,0.0,-396.8759283358427,960.0793287763147,-71.03430649059476,0.0,0.0,0.0,126.66113673216353,0.0,0.0,0.0,0.0,0.0,-948.0066088560397,821.3454721238762,0.0,0.0,0.0,0.0,0.0,0.0,0.0,0.0,0.0,0.0,0.0,0.0,871.7519722063626,-1000.0,352.37850635080395,0.0,-63.33056836608176,0.0,-106.16565290628702,0.0,0.0,0.0,0.0,0.0,0.0,0.0,0.0,0.0,0.0,0.0,0.0,0.0,0.0,0.0,0.0,0.0,-26.387736819200732,207.58402332038403,-15.83264209152044,245.81303812038087,0.0,0.0,0.0,0.0,0.0,-2.6387736819200733,0.0,106.37675480084063,0.0,0.0,0.0,0.0,0.0,0.0,0.0,1000.0,63.33056836608176,63.33056836608176,0.0,0.0,0.0,0.0,0.0,0.2322120840091202,6.374045355755972,0.0,0.0,106.16565290628702,0.0,0.0,0.0,0.0,0.0,0.0,0.0,0.0,0.0,0.0,0.0,0.0,0.0,0.0,30.90817402431776,0.0,0.0,0.0,0.0,221.65698928128617,0.0,0.0,16.254845880627727,0.0,0.0,0.0,6.374045355755972,0.0,207.88596102668828,0.0,0.0,0.0,-26.387736819200732,0.0,0.0,0.0,0.0,0.0,0.0,0.0,0.0,0.0,0.0,0.0,0.0,0.0,0.0,0.0,0.0,0.0,0.0,-0.21110189455360587,0.0,0.0,10.555094727680293,-1000.0,0.0,0.0,0.0,0.0,207.58402332038403,0.0,0.0,0.0,-189.59783546051807,5.277547363840147,0.0,0.0,0.0,0.21110189455360587,0.0,211.10189455360586,-65.44158731161781,42.22037891072117,1.507870675382899,588.9742858045603,-0.1583264209152044,10.555094727680313,4.222037891072118,-1.0555094727688612,-588.9742858045603,63.33056836608176,-0.21110189455360587,23.491874758561245,0.0,0.05277547363840147,1.507870675382899,-70.47562427568374,-33.607421612939135,-4.222037891072118,-509.87332115396975,-0.21110189455360587,0.05277547363840147,-588.9742858045603,21.110189455360587,0.21110189455360587,0.21110189455360587,-5.930731377193246,0.2322120840089659,-1000.0,-0.1583264209152044,63.33056836608176,0.21110189455360587,63.33056836608176,-105.55094727680293,-0.10555094727680293,140.95124855136748,-292.41021232773096,-0.1583264209152044,-0.21110189455360587,-65.44158731161781,0.21110189455360587,21.110189455360587,-4.222037891072118,478.67294429820083,478.67294429820083,-21.110189455360587,509.87332115396975,-478.67294429820083,42.22037891072117,0.3166528418304088,-1000.0,21.110189455360587,-333.3333333333333,0.0,-42.22037891072117,0.10555094727680293,2.111018945536059,11.745937379280623,-515.4024258808106,-0.21110189455360587,-53.8719716303176,5.930731377193246,65.44158731161781,0.21110189455360587,33.607421612939135,-253.32227346432683,0.0,-0.21110189455360587,-0.05277547363840147,0.0,-0.21110189455360587,-981.8720393764175,0.21110189455360587,-0.05277547363840147,-0.05277547363840147,-0.05277547363840147,84.44075782144235,105.55094727680293,2.111018945536059,437.60007741827405,-0.05277547363840147,0.0,10.555094727680293,423.07000746673947,0.21110189455360587,0.10555094727680293,0.10555094727680293,21.110189455360587,65.44158731161781,0.21110189455360587,-65.44158731161781,2.111018945536059,0.21110189455360587,-1000.0,0.21110189455360587,0.8444075782152822,1.0555094727688612,0.10555094727680293,0.05277547363840147,63.33056836608176,-0.21110189455360587,1000.0,2.111018945536059,-875.2001548365481,5.277547363840128,-21.110189455360587,42.22037891072117,10.555094727680293,-0.21110189455360587,70.47562427568374,0.3166528418304088,-0.21110189455360587,-42.22037891072117,65.44158731161781,864.0156307365139,0.10555094727680293,-846.1400149334789,-0.21110189455360587,-0.21110189455360587,-0.21110189455360587,0.10555094727680293,588.9742858045603,-42.22037891072117,0.21110189455360587,23.491874758561245,-0.05277547363840147,-0.2322120840089659,-23.491874758561245,31.665284183040875,292.41021232773096,334.7334934412748,588.9742858045603,-0.1583264209152044,53.8719716303176,515.4024258808106,0.21110189455360587,-0.052775473638401474,855.0232280108952,211.10189455360586,-0.10555094727680293,-0.21110189455360587,0.05277547363840147,0.0,0.0,999.8944490527232,562.399922581726,242.1055145933717,0.0,1000.0,-391.06239921856775,0.0,611.9500885035303,-933.6052361733534,-1000.0,0.0,-305.97504425176515,-121.05275729668588,466.8026180866767,0.0,195.53119960928387,-6.374045355755972,-410.2673475831071,0.0,1000.0,-410.2673475831071,-1000.0,616.1060420044831,0.0,1496.5981,bhi
470,0.0,0.0,0.0,0.0,0.0,0.0,0.0,0.0,-0.11813095325602004,0.0,0.0,0.0,0.0,0.0,0.0,0.0,400.97945517668836,765.8992443253898,0.0,-875.015038696749,0.0,0.0,0.0,293.0734913202561,0.0,0.0,0.0,0.0,0.0,123.44649044147643,0.0,0.0,957.3805996806162,0.0,0.0,0.0,0.0,656.0902500785504,0.0,-1000.0,1000.0,0.0,0.0,0.0,0.0,0.0,0.0,4.694404808670676,475.57405438183525,0.0,0.0,0.0,0.0,0.12994404858098108,0.0,0.0,0.0,0.0,0.0,0.0,58.12974514908373,0.0,0.0,-147.46968814839968,0.0,0.0,0.0,0.0,908.6483107560671,-83.19895572474229,0.0,1.1813095325602003,0.0,0.0,0.0,0.0,0.0,0.0,0.0,0.0,0.0,0.0,-54.4562782301602,0.0,70.87857195361201,0.0,0.0,0.0,949.8838475864807,-1000.0,-0.02953273831400501,0.0,0.0,-603.938299994383,35.439285976806005,0.0,35.439285976806005,-3.803816694836911,0.0,0.0,0.0,550.4647551233521,123.44649044147643,0.0,0.0,-40.00870625242637,0.0,0.0,0.0,0.0,0.0,0.0,0.0,0.0,0.0,0.0,0.0,0.0,0.0,0.0,0.0,0.0,0.0,0.0,-774.3035268681481,0.0,0.0,35.439285976806005,0.0,36.620595509366204,36.620595509366204,0.0,-801.1946407438022,-198.80535925619773,1000.0,-1000.0,-1000.0,-171.87500000000017,171.87500000000017,794.4005667025166,0.0,0.0,0.0,0.0,0.0,63.55236163087374,0.11813095325602004,0.0,0.0,0.0,643.1117725037105,-643.1117725037105,0.0,0.0,54.4562782301602,0.0,452.95609093800573,0.0,0.0,0.0,0.0,0.0,921.3372781182915,921.3372781182915,0.0,0.0,0.0,0.0,-563.9295937419566,0.0,0.0,921.4554090715475,0.0,0.0,0.0,0.0,-335.54175044336506,0.0,0.0,0.0,0.0,0.0,0.0,0.0,0.0,0.0,-795.9645236599338,0.0,0.0,0.0,0.0,-1000.0,0.0,0.0,0.0,0.0,0.0,0.0,0.0,50.11615241351933,-50.11615241351933,205.59943329748342,0.0,0.0,0.0,0.0,0.0,0.0,0.0,1000.0,0.0,0.0,0.0,0.0,0.0,0.0,0.0,0.0,0.0,0.0,0.0,0.0,0.0,0.0,912.8024731525695,-1000.0,0.0,0.0,0.0,0.0,-205.59943329748342,0.0,0.0,0.0,0.0,58.12974514908373,-1000.0,0.0,0.0,0.0,0.0,0.0,0.0,0.0,0.0,0.0,28.32059545987468,0.0,0.0,-867.3727478751299,32.39494729783139,525.6902067953546,0.0,1000.0,0.0,0.0,205.59943329748342,0.0,0.0,0.0,0.0,-80.43877567147888,0.0,0.0,-1000.0,-13.82392037470521,793.0936561395642,-1000.0,13.823920374705363,793.0936561395641,1000.0,0.0,-534.5736963396752,0.0,0.0,402.82655060302824,0.0,0.0,0.0,0.0,0.0,0.0,0.0,921.2191471650355,0.0,0.0,1000.0,0.0,0.0,0.0,58.12974514908373,-0.17719642988403003,0.0,0.0,0.0,0.0,0.11813095325602004,0.0,0.0,0.0,964.560714023194,400.97945517668836,0.0,-1000.0,578.4039312374898,335.54175044336506,773.287522542732,0.0,0.0,0.0,-40.00870625242637,0.0,0.0,0.0,-10.171075075342682,0.0,10.171075075342682,-1000.0,-1000.0,0.0,0.0,0.0,0.0,0.0,0.0,0.0,0.0,0.0,0.0,0.0,0.0,0.0,0.0,0.0,0.0,0.0,-343.4372261084265,0.0,-1000.0,54.4562782301602,0.0,0.0,844.3530297756273,0.0,0.0,-63.55236163087374,0.0,0.0,0.0,0.0,544.5582074605511,-908.6483107560671,0.0,299.63783371910984,0.0,0.0,0.0,0.0,0.0,-169.23440363457365,0.0,-1000.0,1000.0,-2.9532738314005007,-5.906547662801001,-328.60554732574343,0.0,337.46536881994496,0.0,0.0,35.439285976806005,0.0,0.0,0.0,0.0,0.0,0.0,0.0,0.0,0.0,0.0,-983.6174843987776,0.0,0.0,0.0,0.0,0.0,0.0,0.0,0.0,-89.33994299931595,0.0,0.0,262.15176343407404,0.0,0.0,0.0,0.0,877.3631871757635,0.23626190651174284,0.0,0.0,0.0,0.0,0.0,0.0,0.0,0.0,0.0,825.4493550313248,0.0,0.0,0.0,0.0,0.0,0.0,0.0,0.0,0.0,0.12994404858098108,0.12994404858098108,0.0,19.618773314183294,0.0,70.87857195361201,0.0,0.0,0.0,1000.0,0.0,0.0,0.0,0.0,0.0,-386.7647831957447,-1000.0,0.0,0.0,0.0,0.0,0.0,262.15176343407404,0.0,0.0,0.0,0.0,0.0,0.0,0.0,258.101175622716,-964.560714023194,0.0,0.0,9.09608340071354,0.0,-603.938299994383,0.0,0.0,0.0,-386.7647831957447,0.0,-407.60461660023407,898.203020580253,0.0,0.0,0.0,0.0,0.0,0.0,0.0,0.0,0.0,0.0,0.0,0.0,0.0,0.0,0.0,0.0,70.87857195361201,205.59943329748342,205.59943329748342,0.0,0.0,0.0,0.0,0.0,0.0,0.0,0.0,0.0,0.0,1.1813095325602003,0.0,0.0,0.0,0.0,0.0,0.0,0.0,0.0,35.439285976806005,0.0,0.0,0.0,0.0,0.0,0.0,0.0,0.0,0.0,0.0,333.4434440122448,0.0,0.0,35.439285976806005,35.439285976806005,-38.39255980820651,-1000.0,0.0,262.15176343407404,0.0,0.0,0.0,0.0,0.0,918.0845874128208,0.0,1000.0,0.11813095325602004,0.0,0.0,0.0,9.526417587574757,0.0,0.0,603.938299994383,0.0,0.0,0.0,0.0,0.0,0.0,0.0,0.0,0.0,0.0,0.0,0.0,0.0,0.0,0.11813095325602004,0.0,0.0,0.0,0.0,0.0,0.0,0.0,0.0,0.0,-553.7423075678488,490.18994593697505,0.0,0.0,-656.5627738915734,-8.859821494201498,-5.906547662801001,0.0,0.0,0.0,0.0,0.0,0.0,0.0,0.0,0.0,0.0,0.0,0.0,205.59943329748342,335.54175044336506,0.0,0.0,343.371916482746,0.0,0.0,0.0,-0.11813095325602004,0.0,0.0,0.11813095325602004,0.0,0.11813095325602004,0.0,0.0,0.0,70.87857195361201,144.11976297234443,144.11976297234443,0.0,0.0,0.0,0.0,0.0,0.0,0.0,0.0,0.0,0.0,0.0,0.0,0.0,0.0,0.0,0.0,0.0,0.0,0.0,0.0,0.0,0.0,0.0,0.0,0.0,0.0,0.0,0.0,0.0,0.0,0.0,0.17719642988403003,0.0,0.0,0.0,-35.439285976806005,0.0,0.0,0.0,0.0,0.0,-19.618773314183294,5.906547662801001,0.0,0.0,0.0,0.0,563.9295937419566,-490.18994593697505,0.0,0.0,0.0,0.0,0.0,0.0,0.0,0.0,205.59943329748342,0.0,0.0,0.0,19.618773314183294,0.0,976.373809348796,-40.00870625242637,0.0,0.0,0.0,0.0,54.4562782301602,-144.11976297234443,0.0,5.906547662801001,467.63104605641587,0.0,0.0,0.0,-89.33994299931595,0.0,0.0,0.0,0.0,0.0,0.0,0.0,0.0,0.0,787.1047021657324,-8.859821494201526,144.11976297234443,0.0,0.0,0.0,0.0,0.0,0.0,0.0,0.0,0.0,0.0,0.0,0.0,37.3384163025861,-834.9757726188996,0.0,0.0,35.439285976806005,0.0,0.0,0.0,0.0,423.3455978994681,0.0,0.0,0.12994404858098108,0.0,0.0,0.0,72.05988148617222,0.0,0.0,0.0,0.0,912.8024731525695,0.0,0.0,0.0,0.0,0.0,0.0,0.0,0.0,0.0,0.0,0.011813095325602003,0.011813095325602003,0.0,0.0,0.0,0.0,0.0,0.0,0.0,0.0,0.0,0.0,0.0,0.0,0.0,0.0,0.0,19.618773314183294,0.0,0.0,0.0,0.0,0.0,0.0,0.0,0.0,0.0,0.0,0.0,0.0,0.0,-132.05577030121233,765.8992443253898,0.0,0.0,0.0,70.87857195361201,0.0,0.0,0.0,0.0,0.0,0.0,-70.87857195361201,0.0,0.0,0.0,0.0,0.0,0.0,0.0,0.0,0.0,0.0,0.0,0.0,-1000.0,41.53107785429721,80.91970298037373,-1000.0,964.560714023194,0.0,656.0902500785504,0.0,0.0,0.0,0.0,0.0,0.0,0.0,0.0,0.0,570.3125,0.0,-570.3125,-570.3125,0.0,0.0,0.0,0.0,-14.766369157002499,205.59943329748342,-553.4180289547527,0.0,0.0,0.0,0.0,0.0,0.0,0.0,-1.4766369157002504,143.79622122947615,0.0,0.0,0.0,0.0,0.0,0.0,0.0,1000.0,35.439285976806005,35.439285976806005,0.0,0.0,0.0,0.0,0.0,0.12994404858098108,19.618773314183294,0.0,0.0,-656.0902500785504,0.0,0.0,0.0,0.0,0.0,0.0,0.0,0.0,0.0,0.0,0.0,0.0,0.0,0.0,0.0,0.0,0.0,36.620595509366204,0.0,124.03750091882102,9.09608340071354,0.0,0.0,0.0,0.0,0.0,19.618773314183294,0.0,480.4795815793371,0.0,0.0,0.0,-14.766369157002499,0.0,0.0,0.0,0.0,0.0,0.0,0.0,0.0,0.0,0.0,0.0,0.0,0.0,0.0,0.0,0.0,0.0,0.0,-0.11813095325602004,0.0,0.0,5.906547662801001,386.7647831957447,0.0,0.0,0.0,0.0,205.59943329748342,0.0,0.0,0.0,10.171075075342682,2.9532738314005007,0.0,0.0,0.0,0.11813095325602004,0.0,118.13095325602002,0.0,23.626190651204006,0.8437925232572859,402.82655060302824,-0.08859821494201502,700.3621662808902,2.3626190651204007,-0.5906547662790445,-402.82655060302824,35.439285976806005,-0.11813095325602004,13.336235417475457,262.15176343407404,0.02953273831400501,0.8437925232572859,-40.00870625242637,-18.806447758351503,-2.3626190651204007,-291.8636608053291,-0.1181309532560201,0.02953273831400501,-402.82655060302824,11.813095325602003,0.11813095325602004,0.11813095325602004,-19.370698312346292,0.12994404858162203,0.0,-0.08859821494201502,35.439285976806005,0.11813095325602004,35.439285976806005,-59.06547662801001,-0.05906547662801002,-372.938678433153,193.6682070186254,-0.08859821494201502,-0.11813095325602004,0.0,0.11813095325602004,11.813095325602003,-2.3626190651204007,0.0,0.0,-11.813095325602003,291.8636608053291,0.0,23.626190651204006,0.17719642988403003,-1000.0,11.813095325602003,-258.101175622716,262.15176343407404,-23.626190651204006,0.05906547662801002,1.1813095325602003,250.0,43.2449639653873,-0.11813095325602004,-46.19823779678762,19.370698312346292,36.620595509366204,0.11813095325602004,18.806447758351503,120.39461952684985,262.15176343407404,-0.11813095325602004,-0.02953273831400501,-262.15176343407404,-0.11813095325602004,877.3631871757635,0.11813095325586745,-0.02953273831400501,-0.02953273831400501,-0.02953273831400501,47.25238130240801,59.06547662801001,1.1813095325602003,221.6077733045122,-0.02953273831400501,486.66376458252455,5.906547662801001,-432.77504592508075,0.11813095325602004,0.05906547662801002,0.05906547662801002,142.88897704263903,0.0,0.11813095325602004,0.0,1.1813095325602003,0.11813095325602004,-489.78277992644655,0.11813095325602004,0.47252381302308777,0.5906547662790445,0.05906547662801002,0.02953273831400501,35.439285976806005,-0.11813095325602004,0.0,1.1813095325602003,-443.2155466090244,697.4088924494897,-11.813095325602003,23.626190651204006,5.906547662801001,-0.11813095325602004,40.00870625242637,0.17719642988403003,-0.11813095325602004,-285.77795408527805,0.0,-120.54876702211777,0.05906547662801002,865.5500918501615,-0.11813095325602004,-0.11813095325586745,-0.11813095325602004,0.05906547662801002,402.82655060302824,-23.626190651204006,0.11813095325602004,500.0,-0.02953273831400501,-0.12994404858162203,-500.0,17.719642988403002,-193.6682070186254,378.28251167783554,402.82655060302824,-0.08859821494201502,46.19823779678762,-43.2449639653873,0.1181309532560201,-0.029532738314005012,5.906547662801001,118.13095325602002,-0.05906547662801002,-0.11813095325602004,0.02953273831400501,0.0,0.0,999.940934523372,268.17500662193436,-1000.0,0.0,39.94514554502257,-1000.0,0.0,-609.3919278919313,1000.0,-1000.0,0.0,304.6959639459657,500.0,-500.0,0.0,500.0,-19.618773314183294,-302.7968308773503,0.0,1000.0,-302.7968308773503,-39.94514554502257,-46.131284653714644,0.0,1496.5981,bhi
471,0.0,0.0,0.0,0.0,0.0,0.0,0.0,0.0,-0.21936836071779628,0.0,0.0,0.0,0.0,0.0,0.0,0.0,0.0,300.3372100447013,0.0,0.0,0.0,0.0,0.0,1000.0,0.0,780.7687892997583,0.0,0.0,0.0,292.471315987898,0.0,0.0,283.36694326601963,0.0,0.0,0.0,0.0,945.1286607057882,0.0,-1000.0,-102.94446911334899,0.0,0.0,-317.92501185317315,0.0,0.0,531.1972729905511,0.0,0.0,0.0,0.0,-652.321370723208,0.0,0.2413051967893125,0.0,0.0,0.0,0.0,0.0,0.0,-19.3190403005475,0.0,1000.0,980.6809596994525,0.0,0.0,0.0,0.0,0.0,692.0870835003944,0.0,2.1936836071779626,0.0,0.0,0.0,0.0,0.0,0.0,0.0,0.0,0.0,0.0,0.0,0.0,131.62101643067777,0.0,0.0,-175.9920803392534,1000.0,-523.6707096160453,-0.05484209017944907,0.0,0.0,-451.3145663431573,65.81050821533888,0.0,65.81050821533888,0.0,0.0,0.0,0.0,994.5157909820551,292.471315987898,0.0,0.0,-0.7079443122859894,0.0,0.0,0.0,0.0,0.0,0.0,0.0,0.0,0.0,0.0,0.0,0.0,0.0,0.0,0.0,0.0,0.0,0.0,-1000.0,0.0,0.0,65.81050821533888,0.0,68.00419182251686,0.0,0.0,0.0,0.0,0.0,0.0,0.0,0.0,0.0,0.0,0.0,0.0,0.0,0.0,0.0,16.89136377527052,0.21936836071779628,0.0,0.0,0.0,0.0,-739.4918275168775,0.0,0.0,0.0,0.0,1000.0,0.0,0.0,0.0,0.0,0.0,-180.11165217091204,-180.11165217091204,0.0,0.0,0.0,0.0,-1000.0,0.0,0.0,-179.89228381019424,0.0,0.0,0.0,593.0943377662177,0.0,0.0,0.0,0.0,0.0,0.0,0.0,0.0,0.0,0.0,-983.5473729461653,0.0,0.0,0.0,0.0,-1000.0,0.0,0.0,0.0,0.0,0.0,0.0,652.321370723208,-476.3292903839547,476.3292903839547,0.0,0.0,0.0,0.0,0.0,0.0,0.0,0.0,735.1236756709797,0.0,0.0,0.0,0.0,0.0,0.0,0.0,0.0,0.0,0.0,0.0,0.0,0.0,0.0,-172.76082819600387,-944.792686711106,0.0,0.0,0.0,0.0,70.18737535385849,0.0,0.0,0.0,0.0,-19.3190403005475,-626.8676748579328,0.0,0.0,0.0,0.0,0.0,0.0,0.0,0.0,424.8395034365644,43.873672143559254,0.0,0.0,-793.2268698986607,683.102420485294,0.0,0.0,944.792686711106,0.0,0.0,0.0,-397.86919511777484,0.0,0.0,0.0,-22.108674621008504,0.0,0.0,-157.40685763256934,0.0,842.5931423674307,-1000.0,842.5931423674307,0.0,523.6707096160453,0.0,-652.321370723208,0.0,0.0,541.8503510487933,0.0,0.0,0.0,-1000.0,0.0,1000.0,0.0,1000.0,0.0,0.0,1000.0,0.0,0.0,0.0,-19.3190403005475,-0.3290525410766944,0.0,0.0,0.0,0.0,0.21936836071779628,0.0,0.0,0.0,439.1626129942382,0.0,0.0,-0.47196287485732624,-82.97839719368355,0.0,-76.50319553491533,0.0,80.53114756882826,0.0,-0.7079443122859894,0.0,0.0,0.0,-18.887615857801993,0.0,-61.6435317110263,-1000.0,-1000.0,0.0,0.0,0.0,0.0,0.0,0.0,0.0,0.0,0.0,0.0,0.0,0.0,0.0,0.0,0.0,0.0,0.0,-53.993865851340274,0.0,-1000.0,0.0,0.0,417.77584222145083,631.2884383995639,896.1568520248846,0.0,-441.73086721183495,0.0,0.0,0.0,0.0,983.5473729461653,0.0,-154.1941266900715,-666.5551741280537,0.0,0.0,-1000.0,0.0,-1000.0,766.2640340045136,154.1941266900715,-151.83114958070067,210.22830966480024,-5.484209017944907,-10.968418035889814,254.36369124583678,0.0,549.4976490338269,1000.0,0.0,65.81050821533888,0.0,0.0,0.0,352.15299946837604,0.0,0.0,0.0,0.0,0.0,0.0,295.99530347226505,0.0,0.0,-649.1337475410786,0.0,0.0,0.0,0.0,0.0,-38.63808060109493,0.0,0.0,39.36923463690523,0.0,0.0,0.0,0.0,-978.0631639282203,0.43873672143581643,0.0,0.0,0.0,0.0,0.0,0.0,0.0,0.0,0.0,692.0870835003944,0.0,0.0,0.0,0.0,0.0,0.0,0.0,0.0,0.0,0.2413051967893125,0.2413051967893125,0.0,0.0,0.0,131.62101643067777,0.0,0.0,0.0,1000.0,0.0,0.0,0.0,0.0,0.0,1000.0,-1000.0,0.0,0.0,484.0681083746225,0.0,0.0,39.36923463690523,0.0,0.0,0.0,0.0,0.0,0.0,0.0,333.3333333333333,-439.1626129942382,739.4918275168775,0.0,16.89136377527052,0.0,0.0,-451.3145663431573,-521.5019416970158,0.0,1000.0,0.0,0.0,21.93683607177968,140.62499999999997,-140.62499999999997,0.0,0.0,0.0,0.0,0.0,0.0,0.0,0.0,0.0,0.0,0.0,0.0,0.0,0.0,131.62101643067777,0.0,0.0,0.0,0.0,0.0,0.0,0.0,0.0,0.0,0.0,0.0,0.0,2.1936836071779626,0.0,0.0,0.0,0.0,0.0,652.321370723208,0.0,0.0,65.81050821533888,-484.0681083746225,0.0,0.0,0.0,0.0,0.0,0.0,0.0,0.0,0.0,968.499982435747,304.88824210446853,0.0,65.81050821533888,65.81050821533888,-97.42538092237567,-1000.0,0.0,39.36923463690523,0.0,0.0,0.0,0.0,0.0,272.74378356751345,0.0,297.59456269749444,0.21936836071779628,0.0,0.0,0.0,289.70725866509537,260.01421856966795,0.0,451.3145663431573,0.0,0.0,0.0,0.0,0.0,0.0,0.0,0.0,0.0,0.0,0.0,0.0,0.0,0.0,0.21936836071779628,0.0,0.0,0.0,0.0,0.0,0.0,0.0,0.0,0.0,0.0,-23.955024990384118,0.0,0.0,-946.0061341486597,-16.452627053834703,-10.968418035889814,0.0,0.0,0.0,0.0,0.0,0.0,0.0,0.0,0.0,0.0,0.0,0.0,0.0,0.0,0.0,0.0,560.4660670697167,0.0,0.0,0.0,-0.21936836071779628,0.0,0.0,0.21936836071779628,0.0,0.21936836071779628,0.0,0.0,0.0,131.62101643067777,267.62940007571143,267.62940007571143,0.0,0.0,0.0,0.0,0.0,0.0,0.0,739.4918275168775,0.0,0.0,0.0,0.0,0.0,0.0,0.0,0.0,0.0,0.0,0.0,0.0,0.0,0.0,0.0,0.0,0.0,0.0,0.0,70.18737535385849,0.0,-780.7687892997583,780.7687892997583,0.3290525410766944,0.0,0.0,0.0,-65.81050821533888,0.0,0.0,0.0,0.0,0.0,0.0,10.968418035889814,0.0,0.0,0.0,0.0,1000.0,1000.0,0.0,0.0,0.0,0.0,0.0,0.0,0.0,0.0,0.0,0.0,484.0681083746225,594.3879010327947,0.0,0.0,665.1193398383286,259.306274257382,0.0,558.269132788165,0.0,-558.269132788165,0.0,-665.4985951934863,0.0,10.968418035889814,147.4029292342135,0.0,0.0,0.0,-38.63808060109493,578.1249999999953,-578.1249999999953,0.0,0.0,0.0,0.0,0.0,0.0,0.0,1000.0,-49.357881161503656,267.62940007571143,0.0,0.0,0.0,0.0,0.0,0.0,0.0,0.0,0.0,424.8395034365644,0.0,0.0,0.0,-981.7943421654898,0.0,0.0,65.81050821533888,0.0,0.0,0.0,0.0,-361.77796920468836,0.0,0.0,0.2413051967893125,0.0,0.0,0.0,133.81470003785574,0.0,0.0,0.0,0.0,-172.76082819600387,0.0,0.0,0.0,0.0,0.0,0.0,0.0,0.0,-648.1821827904677,0.0,0.021936836071779098,0.021936836071779098,0.0,0.0,0.0,0.0,0.0,0.0,0.0,0.0,0.0,0.0,0.0,0.0,0.0,0.0,0.0,0.0,0.0,0.0,0.0,0.0,0.0,0.0,0.0,0.0,0.0,0.0,0.0,0.0,0.0,0.0,300.3372100447013,0.0,0.0,0.0,131.62101643067777,0.0,0.0,0.0,0.0,0.0,0.0,-131.62101643067777,0.0,0.0,0.0,0.0,0.0,0.0,0.0,0.0,0.0,0.0,0.0,0.0,-297.59456269749444,-434.78490044458863,150.26732709169016,-65.81050821533888,0.0,0.0,945.1286607057882,0.0,0.0,0.0,0.0,0.0,0.0,0.0,0.0,0.0,0.0,0.0,0.0,0.0,0.0,0.0,0.0,0.0,-27.421045089724544,0.0,-1000.0,32.90525410766895,0.0,0.0,0.0,0.0,0.0,423.73559426737165,-426.4776987763441,38.63808060109493,0.0,0.0,0.0,0.0,0.0,0.0,0.0,1000.0,65.81050821533888,65.81050821533888,0.0,0.0,0.0,0.0,0.0,0.2413051967893125,0.0,0.0,0.0,-945.1286607057882,0.0,0.0,0.0,0.0,0.0,0.0,0.0,0.0,0.0,0.0,0.0,0.0,0.0,0.0,0.0,0.0,0.0,0.0,0.0,230.3367787536861,16.89136377527052,0.0,0.0,0.0,0.0,0.0,0.0,0.0,-593.192575814439,0.0,0.0,0.0,-27.421045089724544,0.0,0.0,0.0,0.0,0.0,0.0,0.0,0.0,0.0,0.0,0.0,0.0,0.0,0.0,0.0,0.0,0.0,0.0,-0.21936836071779628,0.0,0.0,10.968418035889814,-1000.0,0.0,0.0,0.0,0.0,0.0,0.0,0.0,0.0,18.887615857801993,5.484209017944907,0.0,0.0,780.7687892997583,0.21936836071779628,0.0,219.36836071779626,-68.00419182251686,43.873672143559254,1.5669168622699732,612.0377264026517,-0.1645262705383472,818.3863237087544,4.387367214355925,-1.0968418035893137,-612.0377264026517,65.81050821533888,-0.21936836071779628,0.23598143742866312,39.36923463690523,0.05484209017944907,1.5669168622699734,-0.7079443122859894,-34.92344302627396,-4.387367214355925,-300.3372100447013,-0.21936836071779628,0.05484209017944907,-612.0377264026517,322.0567686885266,0.21936836071779628,0.21936836071779628,0.4606735575071088,0.24130519678957538,-1000.0,-0.1645262705383472,65.81050821533888,0.21936836071779628,65.81050821533888,-109.68418035889815,-0.10968418035889814,1.4158886245719788,-92.3435797863559,-0.1645262705383472,-0.21936836071779628,-68.00419182251686,0.21936836071779628,21.936836071779627,-4.387367214355925,70.18737535385849,70.18737535385849,-21.936836071779624,300.3372100447013,-70.18737535385849,43.873672143559254,0.3290525410766944,-1000.0,21.936836071779627,-333.3333333333333,39.36923463690523,-43.873672143559254,0.10968418035889814,2.1936836071779626,0.11799071871433156,43.873672143559254,-0.21936836071779628,-49.357881161503656,-0.4606735575071088,68.00419182251686,0.21936836071779628,34.92344302627396,-523.9927308411974,39.36923463690523,-0.21936836071779628,-0.05484209017944907,-39.36923463690523,-0.21936836071779628,-978.0631639282203,0.21936836071771776,-0.05484209017944907,-0.05484209017944907,-0.05484209017944907,87.74734428711851,109.68418035889815,2.1936836071779626,297.1380881175669,-0.05484209017944907,0.0,10.968418035889814,500.0,0.21936836071779628,0.10968418035889814,0.10968418035889814,41.62145339023225,68.00419182251686,0.21936836071779628,-68.00419182251686,2.1936836071779626,0.21936836071779628,-566.3651958591055,0.21936836071779628,0.8774734428715192,1.0968418035893137,0.10968418035889814,0.05484209017944907,65.81050821533888,-0.21936836071779628,1000.0,2.1936836071779626,-594.2761762351338,812.9021146908095,-21.936836071779627,43.873672143559254,10.968418035889814,-0.21936836071779628,0.7079443122859894,0.3290525410766944,-0.21936836071779628,-83.2429067804645,68.00419182251686,826.5790162215055,0.10968418035889814,-1000.0,-0.21936836071779628,-0.21936836071771776,-0.21936836071779628,0.10968418035889814,612.0377264026517,-43.873672143559254,0.21936836071779628,0.23598143742866312,-0.05484209017944907,-0.24130519678957538,-0.23598143742866312,32.905254107669435,92.3435797863559,330.6780228861612,612.0377264026517,-0.1645262705383472,49.357881161503656,-43.873672143559254,0.21936836071779628,-0.05484209017944906,10.968418035889814,219.36836071779626,-0.10968418035889814,-0.21936836071779628,0.05484209017944907,0.0,0.0,999.890315819641,269.2271077415386,-1000.0,0.0,660.173980472321,-28.908709780500683,300.11993261674695,1000.0,-951.3282493415824,30.49881553498963,0.0,-500.0,500.0,475.6641246707912,-300.11993261674695,14.454354890250341,0.0,-464.8010470168172,0.0,-30.49881553498963,-464.8010470168172,-660.173980472321,581.1149376208693,0.0,1496.5981,bhi
472,0.0,0.0,0.0,0.0,0.0,0.0,0.0,0.0,419.5278195565021,0.0,0.0,0.0,0.0,0.0,0.0,0.0,-148.21842398660013,-483.8510596662331,0.0,1000.0,0.0,0.0,0.0,461.345264909555,0.0,91.5516462262982,0.0,0.0,0.0,-1000.0,0.0,0.0,890.8910872051442,0.0,0.0,0.0,0.0,961.2497833474781,0.0,-1000.0,775.9793113594645,0.0,-191.5314013671234,0.0,0.0,0.0,0.0,0.0,-224.23415910350496,-826.4694159308353,0.0,-246.3392525092022,0.0,0.22010406152105588,0.0,0.0,0.0,40.018920276539106,0.0,0.0,-7.471636266880957,0.0,248.66893827127944,210.74721711973228,0.0,0.0,0.0,0.0,845.7070528738034,-845.7070528738034,0.0,2.0009460138269555,0.0,0.0,0.0,0.0,0.0,0.0,0.0,720.3841411153737,0.0,0.0,0.0,0.0,120.05676082961732,0.0,0.0,824.0188633001707,681.1191760108367,-11.094192382937827,405.95310996363264,0.0,0.0,0.0,60.02838041480866,0.0,60.02838041480866,-6.443046164523482,0.0,0.0,0.0,10.004730069134776,-1000.0,0.0,0.0,-104.68682210429812,0.0,0.0,0.0,0.0,0.0,0.0,0.0,0.0,0.0,0.0,0.0,0.0,0.0,0.0,0.0,0.0,0.0,0.0,-648.0726865669508,0.0,0.0,60.02838041480866,0.0,62.02932642863562,47.398473861587036,0.0,-1000.0,0.0,1000.0,-1000.0,-281.85650143647683,0.0,0.0,251.40641655181065,0.0,0.0,0.0,0.0,0.0,15.407284306467773,0.20009460138269552,406.0031336139783,0.0,0.0,-544.6434322881532,0.0,0.0,0.0,0.0,0.0,1000.0,0.0,0.0,0.0,0.0,0.0,578.9725180676908,578.9725180676908,0.0,0.0,0.0,70.20312500000001,-606.4545708677056,0.0,0.0,579.1726126690735,0.0,0.0,0.0,279.06719960716487,-648.2875292284398,0.0,0.0,0.0,0.0,0.0,0.0,0.0,0.0,0.0,-1000.0,0.0,0.0,0.0,0.0,-1000.0,0.0,0.0,0.0,0.0,0.0,826.4694159308353,437.8706538763256,-670.0249836278988,670.0249836278988,0.0,0.0,0.0,0.0,0.0,0.0,0.0,0.0,-25.01182517283694,0.0,0.0,0.0,0.0,0.0,0.0,0.0,0.0,0.0,0.0,0.0,0.0,0.0,345.41152074073216,286.18925569951,934.5819292137794,0.0,0.0,0.0,30.450084884666193,42.424529884875994,0.0,0.0,0.0,0.0,-7.471636266880957,934.5819292137794,0.0,0.0,0.0,0.0,0.0,0.0,0.0,0.0,0.0,0.0,0.0,0.0,-159.61275827161205,1000.0,367.6303744450925,0.0,-934.5819292137794,0.0,0.0,30.450084884666193,518.24508574941,0.0,0.0,0.0,382.9184787611763,0.0,0.0,0.0,0.0,999.9999999999998,-1000.0,999.9999999999998,0.0,11.094192382937827,0.0,-1000.0,826.4694159308353,0.0,610.6363556960187,0.0,0.0,0.0,862.2647566171246,0.0,-862.2647566171246,0.0,1000.0,0.0,30.450084884666193,-693.7286882599645,70.20312500000001,0.0,0.0,-7.471636266880957,-0.3001419020740433,0.0,0.0,0.0,0.0,0.20009460138269552,0.0,0.0,0.0,897.5470897003154,-148.21842398660013,0.0,-69.79121473619874,-306.99141099238415,648.2875292284398,836.0076917742732,0.0,1000.0,0.0,-104.68682210429812,0.0,0.0,0.0,845.7070528738034,-845.7070528738034,-1000.0,107.47355413848084,-1000.0,0.0,0.0,0.0,0.0,0.0,0.0,0.0,0.0,0.0,0.0,0.0,0.0,0.0,0.0,0.0,0.0,0.0,-37.94983824699127,0.0,-1000.0,0.0,0.0,0.0,0.0,0.0,0.0,-15.407284306467773,0.0,0.0,0.0,0.0,0.0,0.0,0.0,0.0,0.0,0.0,-117.05534180887689,-10.004730069134776,-132.3625788146531,0.0,0.0,-10.004730069134776,63.17603389227986,-5.002365034567388,0.0,-567.7704372204241,0.0,-190.9616606680845,0.0,0.0,60.02838041480866,0.0,0.0,0.0,409.5246804531499,0.0,419.7279141578848,0.0,-345.41152074073216,345.41152074073216,345.41152074073216,-266.77239611446237,0.0,0.0,-421.22757653369194,0.0,0.0,0.0,0.0,0.0,-45.39335741842811,0.0,453.12500000000216,0.0,0.0,0.0,0.0,0.0,-318.482557003452,0.40018920276543213,0.0,0.0,0.0,0.0,0.0,0.0,0.0,0.0,0.0,0.0,0.0,0.0,0.0,0.0,0.0,0.0,0.0,0.0,0.0,0.22010406152105588,0.22010406152105588,0.0,18.823519224150033,0.0,120.05676082961732,0.0,0.0,0.0,1000.0,0.0,0.0,0.0,0.0,0.0,294.8630186710114,-1000.0,0.0,0.0,0.0,0.0,0.0,0.0,0.0,0.0,0.0,0.0,0.0,0.0,0.0,216.02422885565025,-897.5470897003154,544.6434322881532,0.0,15.407284306467773,0.0,-42.424529884875994,42.424529884875994,0.0,0.0,294.8630186710114,0.0,-23.619538332440584,0.0,0.0,0.0,345.41152074073216,0.0,0.0,0.0,0.0,0.0,0.0,0.0,0.0,0.0,0.0,0.0,0.0,0.0,120.05676082961732,30.450084884666182,30.450084884666193,0.0,0.0,0.0,0.0,0.0,0.0,0.0,0.0,0.0,0.0,2.0009460138269555,0.0,0.0,0.0,0.0,0.0,437.8706538763256,0.0,0.0,60.02838041480866,0.0,0.0,0.0,0.0,0.0,0.0,0.0,0.0,0.0,0.0,1000.0,1000.0,0.0,60.02838041480866,60.02838041480866,1000.0,-1000.0,0.0,0.0,0.0,0.0,0.0,0.0,0.0,-107.47355413848084,0.0,338.57856554846194,0.20009460138269552,0.0,0.0,0.0,74.65961062255597,0.0,0.0,0.0,0.0,0.0,0.0,0.0,0.0,0.0,0.0,0.0,0.0,0.0,0.0,0.0,0.0,0.0,0.20009460138269552,0.0,0.0,0.0,-52.72271478772814,52.72271478772814,0.0,0.0,0.0,0.0,0.0,741.5993560304778,0.0,-757.0066403369456,-962.0501617530088,-15.007095103702165,-10.004730069134776,0.0,0.0,0.0,0.0,0.0,0.0,0.0,0.0,0.0,0.0,0.0,0.0,30.450084884666182,648.2875292284398,0.0,0.0,-180.95693059894973,0.0,0.0,0.0,419.5278195565021,0.0,0.0,0.20009460138269552,0.0,0.20009460138269552,0.0,0.0,0.0,120.05676082961732,244.11541368688856,244.11541368688856,0.0,0.0,0.0,0.0,0.0,0.0,0.0,544.6434322881532,0.0,0.0,0.0,0.0,0.0,862.9351980528536,0.0,0.0,0.0,0.0,0.0,0.0,0.0,0.0,0.0,0.0,0.0,0.0,0.0,42.424529884875994,0.0,-1000.0,1000.0,0.3001419020740433,0.0,0.0,0.0,-60.02838041480866,0.0,0.0,0.0,0.0,0.0,-18.823519224150033,10.004730069134776,0.0,0.0,0.0,-70.20312500000001,606.4545708677056,-741.5993560304778,0.0,0.0,453.12500000000216,0.0,0.0,0.0,0.0,0.0,30.450084884666182,0.0,0.0,303.4370805268138,-326.58800151658215,0.0,1000.0,-104.68682210429812,0.0,-757.0066403369456,757.0066403369456,0.0,0.0,274.1296720625214,0.0,10.004730069134776,547.2432887007268,0.0,0.0,0.0,-45.39335741842811,0.0,0.0,-734.3750000002349,734.3750000002349,0.0,0.0,0.0,0.0,0.0,1000.0,-30.014190207404454,244.11541368688856,0.0,0.0,0.0,0.0,0.0,0.0,0.0,0.0,0.0,0.0,0.0,0.0,33.830614327852196,-74.65961062255597,-1000.0,-191.5314013671234,60.02838041480866,0.0,0.0,0.0,0.0,-331.51188020166046,0.0,0.0,0.22010406152105588,0.0,0.0,0.0,122.05770684344428,0.0,0.0,0.0,0.0,286.18925569951,0.0,0.0,0.0,0.0,0.0,0.0,0.0,0.0,-684.5884744729765,0.0,0.020009460138268764,0.020009460138268764,0.0,0.0,0.0,0.0,0.0,0.0,0.0,0.0,0.0,0.0,0.0,0.0,0.0,0.0,0.0,18.823519224150033,0.0,0.0,0.0,0.0,0.0,0.0,0.0,826.4694159308353,0.0,0.0,0.0,0.0,-82.8003532003796,0.0,-483.8510596662331,0.0,0.0,0.0,120.05676082961732,0.0,0.0,0.0,0.0,0.0,590.1566551001388,-710.2134159297561,0.0,0.0,0.0,0.0,0.0,0.0,0.0,0.0,0.0,0.0,0.0,0.0,-338.57856554846194,-1000.0,1000.0,689.3437013545737,-749.3720817693824,0.0,961.2497833474781,0.0,0.0,0.0,0.0,0.0,0.0,0.0,0.0,0.0,0.0,0.0,0.0,0.0,0.0,0.0,0.0,0.0,-25.011825172836943,30.450084884666193,-15.007095103702165,877.9422931565558,0.0,0.0,0.0,0.0,0.0,638.5131482234381,-641.0143307407218,45.39335741842811,0.0,0.0,0.0,0.0,0.0,0.0,0.0,1000.0,60.02838041480866,60.02838041480866,0.0,0.0,0.0,0.0,720.3841411153737,0.22010406152105588,18.823519224150033,0.0,0.0,-961.2497833474781,0.0,0.0,0.0,0.0,0.0,0.0,0.0,0.0,0.0,0.0,0.0,0.0,0.0,0.0,454.2241768868509,0.0,0.0,47.398473861587036,0.0,210.0993314518303,15.407284306467773,0.0,0.0,0.0,0.0,0.0,18.823519224150033,0.0,725.1515797968195,0.0,0.0,0.0,-25.011825172836943,0.0,0.0,0.0,0.0,0.0,0.0,0.0,0.0,0.0,0.0,0.0,0.0,0.0,0.0,0.0,0.0,0.0,0.0,-0.20009460138269552,0.0,0.0,10.004730069134776,-294.8630186710114,0.0,0.0,0.0,0.0,30.450084884666193,0.0,0.0,0.0,-845.7070528738034,5.002365034567388,0.0,0.0,91.5516462262982,0.20009460138269552,0.0,200.09460138269552,-14.630852567048578,40.018920276539106,1.4292471527335393,653.0608855808947,-0.15007095103702164,10.004730069134776,4.001892027653911,-1.0004730069133325,-653.0608855808947,60.02838041480866,-0.20009460138269552,34.89560736809937,0.0,0.05002365034567388,1.4292471527335395,-104.6868221042981,-31.855060540126033,-4.001892027653911,-367.93051634716676,-0.20009460138269552,0.05002365034567388,-653.0608855808947,20.009460138269553,0.20009460138269552,0.20009460138269552,-18.403320561246282,0.2201040615209643,-1000.0,-0.15007095103702164,60.02838041480866,0.20009460138269552,60.02838041480866,-100.04730069134777,-0.10004730069134776,209.37364420859623,-62.63408462452824,-0.15007095103702164,-0.20009460138269552,-14.630852567048578,0.20009460138269552,20.009460138269553,-4.001892027653911,42.424529884875994,42.424529884875994,-20.009460138269553,367.93051634716676,-42.424529884875994,40.018920276539106,0.3001419020740433,-1000.0,20.009460138269553,-216.02422885565025,0.0,-40.018920276539106,0.10004730069134776,2.0009460138269555,17.447803684049685,-286.56908124004303,-0.20009460138269552,-63.84480453525665,18.403320561246282,62.02932642863562,0.20009460138269552,31.855060540126033,-240.1135216592345,0.0,-0.20009460138269552,-0.05002365034567388,0.0,-0.20009460138269552,-318.482557003452,0.2000946013829229,-0.05002365034567388,-0.05002365034567388,-0.05002365034567388,80.03784055307821,100.04730069134777,2.0009460138269555,148.24508779940317,-0.05002365034567388,0.0,10.004730069134776,169.24600857086077,0.20009460138269552,0.10004730069134776,0.10004730069134776,4.784417695936456,14.630852567048578,0.20009460138269552,-14.630852567048578,2.0009460138269555,0.20009460138269552,-148.24508779940317,0.20009460138269552,0.800378405530644,1.0004730069133325,0.10004730069134776,0.05002365034567388,60.02838041480866,-0.20009460138269552,1000.0,2.0009460138269555,-296.49017559880633,5.002365034567388,-20.009460138269553,40.018920276539106,10.004730069134776,-0.20009460138269552,104.6868221042981,0.3001419020740433,-0.20009460138269552,-9.568835391872913,14.630852567048578,710.9559113790615,0.10004730069134776,-338.49201714172153,-0.20009460138269552,-0.2000946013829229,-0.20009460138269552,0.10004730069134776,653.0608855808947,-40.018920276539106,0.20009460138269552,34.89560736809937,-0.05002365034567388,-0.2201040615209643,-34.89560736809937,30.014190207404326,62.63408462452824,323.49525086904276,653.0608855808947,-0.15007095103702164,63.84480453525665,286.56908124004303,0.20009460138269552,-0.05002365034567388,10.004730069134776,200.09460138269552,-0.10004730069134776,-0.20009460138269552,0.05002365034567388,0.0,0.0,999.8999526993086,0.0,-1000.0,0.0,633.7729037474118,-1000.0,0.0,1000.0,-78.08438251092856,-495.3754879883859,0.0,-500.0,500.0,39.04219125546428,0.0,500.0,-18.823519224150033,-379.444031177401,0.0,495.3754879883859,-379.444031177401,-633.7729037474118,426.93848263418835,0.0,1496.5981,bhi
473,0.0,0.0,0.0,0.0,0.0,0.0,0.0,0.0,-0.20284641366809683,0.0,0.0,0.0,0.0,0.0,0.0,0.0,330.0481291095437,-205.07520348135162,0.0,0.0,0.0,0.0,0.0,990.3130446669416,0.0,439.88119555729196,0.0,0.0,0.0,-803.7700281724144,0.0,0.0,587.0090482424309,0.0,0.0,0.0,0.0,1.433447989921774,0.0,-1000.0,201.8134728498011,0.0,-809.9951103546564,-619.473850960936,0.0,0.0,0.0,0.0,1000.0,0.0,0.0,1000.0,0.0,0.22313105503531006,0.0,0.0,0.0,0.0,0.0,0.0,-17.86400749703606,0.0,17.86400749703606,0.0,0.0,0.0,0.0,0.0,416.9268731473504,0.0,0.0,2.0284641366809684,0.0,0.0,0.0,0.0,0.0,0.0,0.0,0.0,0.0,0.0,0.0,0.0,121.70784820085811,0.0,0.0,102.21712058063223,162.79904451175992,154.65316184209502,-0.05071160341702421,0.0,0.0,456.4843550187482,60.853924100429055,0.0,327.4518616858953,-6.5316545201112834,0.0,0.0,0.0,10.142320683404842,-1000.0,0.0,0.0,-57.430225700975285,0.0,652.632621800009,0.0,0.0,0.0,0.0,0.0,0.0,0.0,0.0,0.0,0.0,0.0,0.0,0.0,0.0,0.0,0.0,-914.421024886818,0.0,0.0,327.4518616858953,0.0,62.88238823711002,41.02157000132735,0.0,-691.7087979021205,0.0,691.7087979021205,-691.7087979021205,0.0,971.3070195193261,-971.3070195193261,0.0,0.0,0.0,0.0,0.0,0.0,15.61917385244351,0.20284641366809683,0.0,0.0,0.0,738.8593772546908,-962.7745249320052,0.0,0.0,0.0,0.0,1000.0,0.0,0.0,0.0,0.0,0.0,999.7971535863319,999.7971535863319,0.0,0.0,0.0,0.0,0.0,0.0,0.0,1000.0,0.0,0.0,0.0,626.4099659594341,0.0,0.0,0.0,0.0,0.0,0.0,0.0,0.0,0.0,0.0,-30.426962050214513,0.0,0.0,0.0,0.0,-1000.0,0.0,0.0,0.0,0.0,0.0,0.0,-190.0048896453436,-162.79904451175992,162.79904451175992,0.0,0.0,0.0,0.0,0.0,0.0,0.0,196.22997182758556,-25.355801708512104,0.0,0.0,0.0,0.0,0.0,0.0,0.0,0.0,0.0,0.0,0.0,0.0,0.0,182.44761156650864,-428.34834926998064,-336.2732112917857,0.0,0.0,0.0,0.0,0.0,0.0,0.0,0.0,0.0,-17.86400749703606,283.2006396691503,0.0,0.0,870.4260113650804,0.0,0.0,0.0,0.0,0.0,0.0,40.56928273361937,266.5979375854663,0.0,484.39702133113656,0.0,749.4131864235286,0.0,336.2732112917857,0.0,0.0,0.0,247.47262467507815,0.0,0.0,0.0,-118.55852363797572,0.0,0.0,-689.7520091497063,310.2479908502938,310.2479908502938,-1000.0,0.0,0.0,0.0,0.0,-470.09136857374375,0.0,0.0,647.9846341366449,0.0,0.0,0.0,130.51676064188086,0.0,-130.51676064188086,0.0,1000.0,0.0,0.0,26.919170337062496,0.0,0.0,0.0,-17.86400749703606,-0.30426962050214523,0.0,0.0,0.0,0.0,0.20284641366809683,0.0,0.0,0.0,672.5481383141047,330.0481291095437,0.0,-38.286817133983526,-399.5224563819328,0.0,499.5883749557953,0.0,434.39194936417397,0.0,-57.430225700975285,0.0,0.0,0.0,-17.46507621682354,-416.9268731473504,0.0,-1000.0,-1000.0,0.0,0.0,0.0,0.0,0.0,0.0,0.0,0.0,0.0,0.0,0.0,0.0,0.0,0.0,0.0,0.0,870.4260113650804,-997.7551663554075,0.0,-1000.0,0.0,0.0,0.0,0.0,0.0,0.0,-15.61917385244351,0.0,0.0,0.0,0.0,0.0,0.0,0.0,429.9305450748976,0.0,0.0,-429.93054507489745,0.0,726.8673039959076,-1000.0,0.0,-440.07286575830244,-388.90045616076736,-5.071160341702421,-10.142320683404842,-363.98717714240365,0.0,481.306676090673,1000.0,0.0,327.4518616858953,0.0,0.0,0.0,38.893581020981514,0.0,0.0,0.0,-182.44761156650864,182.44761156650864,182.44761156650864,-923.8455007182755,0.0,0.0,-0.40569282733619366,0.0,0.0,196.22997182758556,0.0,0.0,-35.72801499407212,0.0,-203.12499999999847,29.67695957990109,0.0,0.0,0.0,0.0,-979.7153586331904,0.4056928273362246,0.0,0.0,0.0,0.0,0.0,0.0,0.0,0.0,0.0,0.0,0.0,0.0,0.0,0.0,0.0,0.0,0.0,0.0,0.0,0.22313105503531006,0.22313105503531006,0.0,0.0,0.0,121.70784820085811,0.0,0.0,0.0,1000.0,0.0,249.2194283409401,0.0,0.0,0.0,646.0022344359091,-1000.0,0.0,0.0,0.0,0.0,0.0,29.67695957990109,0.0,0.0,0.0,0.0,0.0,0.0,0.0,304.807008295606,-672.5481383141047,223.9151476773144,0.0,15.61917385244351,0.0,456.4843550187482,0.0,0.0,0.0,646.0022344359091,0.0,0.0,-333.7131241972812,0.0,0.0,182.44761156650864,0.0,0.0,0.0,0.0,0.0,0.0,0.0,0.0,0.0,0.0,0.0,0.0,0.0,121.70784820085811,0.0,0.0,0.0,0.0,0.0,0.0,0.0,0.0,0.0,0.0,0.0,0.0,2.0284641366809684,0.0,0.0,0.0,0.0,0.0,-190.0048896453436,0.0,0.0,327.4518616858953,0.0,0.0,0.0,0.0,0.0,0.0,0.0,0.0,0.0,0.0,662.0318383222194,0.0,0.0,60.853924100429055,60.853924100429055,1000.0,-1000.0,0.0,29.67695957990109,0.0,0.0,0.0,0.0,0.0,1000.0,196.22997182758556,924.8641319812414,0.20284641366809683,0.0,0.0,0.0,103.80138730250799,566.1895527652981,0.0,-456.4843550187482,0.0,0.0,0.0,0.0,0.0,0.0,0.0,0.0,0.0,0.0,0.0,0.0,0.0,0.0,0.20284641366809683,0.0,0.0,0.0,-1000.0,1000.0,0.0,0.0,0.0,0.0,0.0,0.0,0.0,-15.61917385244351,-2.244833644592518,-15.213481025107264,-10.142320683404842,0.0,0.0,-109.37500000000003,-109.37500000000003,109.37500000000003,0.0,0.0,0.0,0.0,0.0,0.0,0.0,0.0,0.0,0.0,0.0,491.44899677407784,0.0,0.0,0.0,-0.20284641366809683,0.0,0.0,0.20284641366809683,0.0,0.20284641366809683,0.0,416.9268731473504,0.0,121.70784820085811,247.47262467507815,247.47262467507815,0.0,0.0,0.0,0.0,0.0,0.0,0.0,223.9151476773144,0.0,196.22997182758556,0.0,0.0,0.0,0.0,0.0,0.0,0.0,0.0,0.0,0.0,0.0,0.0,0.0,0.0,0.0,0.0,0.0,0.0,0.0,-834.1827341823976,834.1827341823976,0.30426962050214523,0.0,0.0,0.0,-327.4518616858953,0.0,0.0,0.0,0.0,0.0,0.0,10.142320683404842,0.0,0.0,0.0,0.0,0.0,937.0913848732632,0.0,0.0,-203.12499999999847,0.0,0.0,0.0,0.0,0.0,0.0,0.0,0.0,0.0,-182.44761156650864,0.0,1000.0,508.7593270643228,0.0,921.4722110208197,15.61917385244351,-937.0913848732632,0.0,0.0,0.0,10.142320683404842,1000.0,0.0,0.0,0.0,-35.72801499407212,0.0,0.0,0.0,0.0,0.0,0.0,0.0,0.0,0.0,0.0,0.0,247.47262467507815,0.0,0.0,0.0,0.0,0.0,0.0,0.0,0.0,0.0,0.0,0.0,0.0,45.64044307532178,-103.80138730250799,0.0,-809.9951103546564,60.853924100429055,0.0,0.0,0.0,0.0,-327.26185056022615,0.0,0.0,0.22313105503531006,0.0,0.0,0.0,123.73631233753908,0.0,0.0,0.0,0.0,-428.34834926998064,0.0,0.0,0.0,0.0,0.0,0.0,0.0,0.0,0.0,0.0,732.9526798786579,0.02028464136681052,0.0,0.0,0.0,0.0,0.0,0.0,0.0,0.0,0.0,0.0,0.0,0.0,0.0,0.0,0.0,0.0,0.0,0.0,0.0,0.0,0.0,0.0,0.0,0.0,0.0,0.0,0.0,0.0,0.0,1000.0,-205.07520348135162,0.0,0.0,0.0,121.70784820085811,0.0,0.0,0.0,0.0,0.0,92.75862667137716,-214.46647487223527,0.0,0.0,0.0,0.0,0.0,0.0,0.0,0.0,0.0,0.0,0.0,0.0,-924.8641319812414,-1000.0,138.94979336264646,0.0,-327.4518616858953,0.0,1.433447989921774,0.0,0.0,0.0,0.0,0.0,0.0,0.0,0.0,0.0,0.0,0.0,0.0,0.0,0.0,0.0,0.0,0.0,-25.355801708512104,0.0,-15.213481025107264,-15.213481025107114,0.0,0.0,0.0,0.0,0.0,0.0,-2.53558017085121,35.72801499407212,0.0,0.0,0.0,0.0,0.0,0.0,0.0,1000.0,60.853924100429055,60.853924100429055,0.0,0.0,0.0,0.0,0.0,0.22313105503531006,0.0,0.0,0.0,-1.433447989921774,732.9323952372911,0.0,0.0,0.0,0.0,0.0,0.0,0.0,0.0,0.0,0.0,0.0,0.0,0.0,405.614205886228,0.0,0.0,41.02157000132735,0.0,212.9887343515017,0.0,0.0,15.61917385244351,0.0,0.0,0.0,0.0,0.0,-953.7653600767794,0.0,0.0,0.0,-25.355801708512104,0.0,0.0,0.0,0.0,0.0,0.0,0.0,0.0,0.0,0.0,0.0,0.0,0.0,0.0,0.0,0.0,0.0,0.0,-0.20284641366809683,0.0,0.0,10.142320683404842,-646.0022344359091,0.0,0.0,0.0,0.0,0.0,0.0,0.0,0.0,17.46507621682354,5.071160341702421,0.0,0.0,439.88119555729196,0.20284641366809683,0.0,202.84641366809683,-21.860818235782688,40.56928273361937,1.4489029547721202,647.9846341366449,-0.15213481025107262,10.142320683404797,4.056928273361937,-1.0142320683388406,-647.9846341366449,60.853924100429055,-0.20284641366809683,19.143408566991763,29.67695957990109,0.05071160341702421,1.4489029547721202,-57.430225700975285,-32.2931490559597,-4.056928273361937,-124.97292562819209,-0.20284641366809683,0.05071160341702421,-647.9846341366449,20.284641366809684,0.20284641366809683,0.20284641366809683,0.4259774687034069,0.223131055034969,-885.6744027083727,-0.15213481025107262,60.853924100429055,0.20284641366809683,327.4518616858953,165.17473075141788,-0.10142320683404842,0.5348541103231489,-20.48748778047778,-0.15213481025107262,-0.20284641366809683,-21.860818235782688,0.20284641366809683,20.284641366809684,-4.056928273361937,0.0,0.0,-20.284641366809684,124.97292562819209,0.0,40.56928273361937,0.30426962050214523,-1000.0,20.284641366809684,-304.807008295606,29.67695957990109,-40.56928273361937,0.10142320683404842,2.0284641366809684,9.571704283495881,-141.87832883288928,-0.20284641366809683,-45.64044307532178,-0.4259774687034069,62.88238823711002,0.20284641366809683,32.2931490559597,-480.33667440728107,29.67695957990109,-0.20284641366809683,-0.05071160341702421,-29.67695957990109,-0.20284641366809683,-979.7153586331904,0.2028464136681123,-0.05071160341702421,-0.05071160341702421,-0.05071160341702421,81.13856546723873,-165.17473075141788,2.0284641366809684,150.28383672635007,-0.05071160341702421,0.0,10.142320683404842,500.0,0.20284641366809683,0.10142320683404842,0.10142320683404842,35.12312115676023,21.860818235782688,0.20284641366809683,-21.860818235782688,2.0284641366809684,0.20284641366809683,-150.28383672635007,0.20284641366809683,0.8113856546707083,1.0142320683388406,0.10142320683404842,0.05071160341702421,60.853924100429055,-0.20284641366809683,885.6744027083727,2.0284641366809684,-300.56767345270015,5.071160341702466,-20.284641366809684,40.56928273361937,10.142320683404842,-0.20284641366809683,57.430225700975285,0.30426962050214523,-0.20284641366809683,-70.24624231352045,21.860818235782688,654.9893318369709,0.10142320683404842,-1000.0,-0.20284641366809683,-0.2028464136681123,-0.20284641366809683,0.10142320683404842,647.9846341366449,-40.56928273361937,0.20284641366809683,19.143408566991763,-0.05071160341702421,-0.223131055034969,-19.143408566991763,30.42696205021452,20.48748778047778,158.00473705874165,647.9846341366449,-0.15213481025107262,45.64044307532178,141.87832883288928,0.20284641366809683,-0.0507116034170242,10.142320683404842,202.84641366809683,-0.10142320683404842,-0.20284641366809683,0.05071160341702421,0.0,0.0,845.2454149510709,0.0,-1000.0,0.0,681.0634823144513,-82.7326269201734,0.0,434.90482651636984,335.6233098993518,-816.6541350563049,-154.65316184209502,-217.45241325818492,500.0,-167.8116549496759,0.0,41.3663134600867,0.0,-327.72748127674475,154.65316184209502,816.6541350563049,-327.72748127674475,-681.0634823144513,570.5577576774614,0.0,1496.5981,bhi
474,0.0,0.0,0.0,0.0,0.0,0.0,0.0,0.0,-0.10038212368189495,0.0,0.0,0.0,0.0,0.0,0.0,0.0,887.9419615975744,-526.9569728319073,0.0,27.918396200537813,0.0,0.0,0.0,536.6731773591996,0.0,0.0,0.0,0.0,0.0,-928.8454666777127,0.0,0.0,0.0,0.0,0.0,0.0,0.0,945.9635898093118,0.0,-1000.0,969.8853628954315,0.0,0.0,0.0,0.0,0.0,0.0,0.0,680.2720593796479,0.0,0.0,639.3685542995096,0.0,0.11042033605019697,0.0,0.0,0.0,20.07642473637899,0.0,0.0,304.22855408743396,0.0,1000.0,365.02193474837463,0.0,0.0,0.0,0.0,0.0,696.0833706317691,0.0,1.0038212368189496,0.0,0.0,0.0,0.0,0.0,0.0,0.0,0.0,0.0,0.0,0.0,0.0,60.229274209136975,0.0,0.0,631.9301188420894,660.7659317455514,-987.9323078233235,-0.025095530920473737,0.0,0.0,0.0,30.114637104568487,0.0,30.114637104568487,0.0,523.0381990875788,0.0,0.0,997.4904469079527,-928.8454666777127,0.0,0.0,0.0,0.0,376.20001597393957,0.0,0.0,0.0,0.0,0.0,0.0,0.0,0.0,0.0,0.0,0.0,0.0,0.0,0.0,0.0,0.0,-922.4005033993063,0.0,0.0,30.114637104568487,0.0,31.118458341387438,4.226669080270824,0.0,0.0,-1000.0,1000.0,-1000.0,0.0,0.0,0.0,-939.2066193390593,0.0,0.0,0.0,0.0,0.0,7.729423523505906,0.10038212368189495,0.0,0.0,0.0,0.0,0.0,0.0,0.0,0.0,0.0,764.9670105199831,0.0,0.0,0.0,0.0,0.0,979.9679438739527,979.9679438739527,0.0,0.0,0.0,0.0,-917.6955905219075,0.0,0.0,980.0683259976346,0.0,0.0,0.0,-396.32551480742256,0.0,0.0,0.0,0.0,0.0,0.0,0.0,0.0,0.0,0.0,-753.5745197622426,0.0,0.0,0.0,0.0,-1000.0,0.0,0.0,0.0,0.0,0.0,0.0,-639.3685542995096,327.16637607777216,-327.16637607777216,0.0,0.0,0.0,0.0,0.0,0.0,0.0,0.0,456.49533882225444,0.0,0.0,0.0,0.0,0.0,0.0,0.0,0.0,0.0,0.0,0.0,0.0,0.0,0.0,-959.847150527242,0.0,0.0,0.0,0.0,243.12324870729026,461.20025169965317,0.0,0.0,0.0,0.0,304.22855408743396,0.0,0.0,0.0,0.0,0.0,0.0,0.0,0.0,0.0,3.2323043825575857,0.0,0.0,0.0,-100.14091941127198,233.45863625650725,1000.0,0.0,0.0,0.0,0.0,939.2066193390593,232.91348524337627,0.0,0.0,0.0,-323.18571814476024,0.0,0.0,829.4062739977737,0.0,0.0,0.0,829.4062739977737,-829.4062739977737,987.9323078233235,0.0,-844.7058244758249,0.0,0.0,-172.68078846662456,0.0,0.0,0.0,-1000.0,0.0,1000.0,0.0,1000.0,696.0833706317691,243.12324870729026,0.0,0.0,0.0,0.0,304.22855408743396,-0.1505731855228424,0.0,0.0,0.0,0.0,0.10038212368189495,0.0,0.0,0.0,505.4528068132208,887.9419615975744,0.0,0.0,-567.2118039960435,0.0,1000.0,0.0,46.24832518877459,0.0,0.0,0.0,0.0,0.0,-8.642900849011266,962.3945756602367,-1000.0,-746.7140386315034,-1000.0,0.0,0.0,0.0,0.0,0.0,0.0,0.0,0.0,0.0,0.0,0.0,0.0,0.0,0.0,0.0,0.0,0.0,110.3354610771509,0.0,-889.6645389228491,0.0,53.63488169596036,0.0,310.55306029741973,0.0,0.0,-10.96172790606349,0.0,523.0381990875788,0.0,0.0,992.4713407238579,0.0,0.0,-743.0530215627789,0.0,-962.3945756602367,4.535820352820622,0.0,864.8354704623284,0.0,0.0,86.52171486804536,23.585155790099748,-2.5095530920473736,-5.019106184094747,0.0,0.0,-5.019106184094747,1000.0,-1000.0,30.114637104568487,0.0,0.0,0.0,0.0,0.0,0.0,0.0,0.0,0.0,0.0,-158.8020003640097,0.0,0.0,-20.132438249729216,0.0,0.0,0.0,0.0,0.0,-330.7495111641914,0.0,0.0,0.0,0.0,0.0,0.0,0.0,-989.9617876318105,0.20076424736385692,0.0,0.0,0.0,0.0,0.0,0.0,0.0,0.0,0.0,0.0,0.0,0.0,0.0,0.0,0.0,0.0,0.0,0.0,0.0,0.11042033605019697,0.11042033605019697,0.0,238.89682096161528,0.0,60.229274209136975,0.0,0.0,0.0,-17.2183401569606,0.0,794.5253398138494,0.0,0.0,0.0,1000.0,17.2183401569606,0.0,0.0,0.0,0.0,0.0,0.0,0.0,0.0,0.0,0.0,0.0,0.0,0.0,307.46683446643544,-505.4528068132208,0.0,0.0,7.729423523505906,0.0,0.0,0.0,-461.20025169965317,0.0,1000.0,0.0,-214.5314327139103,224.5696450820998,0.0,0.0,0.0,0.0,0.0,0.0,0.0,0.0,0.0,0.0,0.0,0.0,0.0,0.0,0.0,0.0,60.229274209136975,939.2066193390593,939.2066193390593,0.0,0.0,0.0,0.0,0.0,0.0,0.0,0.0,0.0,0.0,1.0038212368189496,0.0,0.0,0.0,0.0,0.0,-639.3685542995096,0.0,0.0,30.114637104568487,0.0,0.0,0.0,0.0,0.0,0.0,0.0,0.0,0.0,0.0,1000.0,333.84398716303224,0.0,30.114637104568487,30.114637104568487,-857.2761010544642,17.2183401569606,0.0,0.0,0.0,0.0,0.0,0.0,0.0,675.5595053092161,0.0,1000.0,0.10038212368189495,0.0,0.0,-884.3377416957579,1000.0,0.0,0.0,0.0,0.0,-696.0833706317691,0.0,0.0,0.0,0.0,0.0,0.0,0.0,0.0,0.0,0.0,0.0,0.0,0.10038212368189495,0.0,0.0,0.0,948.5122562679318,-948.5122562679318,0.0,0.0,0.0,53.63488169596036,0.0,512.0764711815152,0.0,0.0,-1000.0,-7.528659276142093,-5.019106184094747,0.0,0.0,0.0,0.0,0.0,0.0,0.0,0.0,0.0,0.0,0.0,0.0,939.2066193390593,0.0,0.0,0.0,-1000.0,0.0,0.0,0.0,-0.10038212368189495,0.0,0.0,0.10038212368189495,0.0,0.10038212368189495,0.0,0.0,0.0,60.229274209136975,122.46619089191185,122.46619089191185,0.0,0.0,0.0,0.0,0.0,0.0,0.0,0.0,0.0,0.0,0.0,0.0,0.0,0.0,0.0,0.0,0.0,0.0,0.0,0.0,0.0,0.0,0.0,0.0,0.0,0.0,0.0,461.20025169965317,0.0,0.0,0.0,0.1505731855228424,0.0,0.0,0.0,-30.114637104568487,0.0,0.0,0.0,0.0,0.0,-238.89682096161528,5.019106184094747,0.0,0.0,0.0,0.0,917.6955905219075,487.9235288184847,0.0,0.0,0.0,0.0,0.0,0.0,0.0,0.0,939.2066193390593,0.0,0.0,799.8069346037013,238.89682096161528,0.0,-388.23299677197303,0.0,0.0,476.96180091242115,523.0381990875788,-1000.0,0.0,110.44729435146442,0.0,5.019106184094747,843.9606421928921,0.0,242.55914225548653,0.0,-330.7495111641914,-871.7068864747982,871.7068864747982,0.0,0.0,0.0,0.0,0.0,0.0,0.0,1000.0,-261.4827987900416,122.46619089191185,0.0,0.0,0.0,0.0,0.0,0.0,0.0,0.0,0.0,3.2323043825575857,0.0,0.0,0.0,-115.66225830424207,820.9913398474489,0.0,30.114637104568487,0.0,0.0,0.0,0.0,-496.23567036192895,0.0,0.0,0.11042033605019697,0.0,0.0,0.0,61.233095445955925,0.0,0.0,0.0,0.0,-959.847150527242,0.0,0.0,0.0,0.0,0.0,0.0,0.0,0.0,-315.960049566968,0.0,0.010038212368189494,0.010038212368189494,0.0,0.0,0.0,0.0,0.0,0.0,0.0,0.0,0.0,-884.3377416957579,0.0,0.0,0.0,0.0,0.0,238.89682096161528,0.0,0.0,0.0,0.0,0.0,0.0,0.0,0.0,0.0,0.0,0.0,0.0,1000.0,0.0,-526.9569728319073,0.0,0.0,0.0,60.229274209136975,0.0,0.0,0.0,0.0,0.0,0.0,-60.229274209136975,0.0,0.0,0.0,0.0,0.0,0.0,0.0,0.0,0.0,0.0,0.0,0.0,-1000.0,-1000.0,68.76175472209805,0.0,-30.114637104568487,0.0,999.5984715052722,0.0,0.0,0.0,0.0,0.0,0.0,0.0,0.0,0.0,0.0,0.0,0.0,0.0,0.0,0.0,0.0,0.0,-12.54776546023686,939.2066193390593,-1000.0,253.95413951389952,0.0,0.0,0.0,0.0,0.0,-110.23912097984923,108.98434443382554,330.7495111641914,0.0,0.0,0.0,0.0,0.0,0.0,0.0,1000.0,30.114637104568487,30.114637104568487,0.0,0.0,0.0,0.0,0.0,0.11042033605019697,238.89682096161528,0.0,0.0,-999.5984715052722,0.0,0.0,0.0,0.0,0.0,0.0,0.0,0.0,0.0,0.0,0.0,0.0,0.0,0.0,0.0,0.0,0.0,4.226669080270824,0.0,105.4012298659897,7.729423523505906,0.0,0.0,0.0,0.0,0.0,238.89682096161528,0.0,-492.9426350025795,0.0,0.0,0.0,-12.54776546023686,0.0,0.0,0.0,0.0,0.0,0.0,0.0,0.0,0.0,0.0,0.0,0.0,0.0,0.0,0.0,0.0,0.0,0.0,-0.10038212368189495,0.0,0.0,5.019106184094747,-1000.0,0.0,0.0,0.0,0.0,939.2066193390593,0.0,0.0,0.0,8.642900849011266,2.5095530920473736,0.0,0.0,0.0,0.10038212368189495,0.0,100.38212368189494,-26.89178926111659,20.07642473637899,0.7170151691563925,288.5194632330286,-0.0752865927614212,656.5313066947335,2.007642473637899,-0.5019106184097082,-288.5194632330286,30.114637104568484,-0.10038212368189495,0.0,0.0,0.025095530920473737,0.7170151691563925,0.0,-15.98083409015834,-2.007642473637899,-388.90338496620495,-0.10038212368189495,0.025095530920473737,-288.5194632330286,606.412589124,0.10038212368189495,0.10038212368189495,-238.68601850188318,0.11042033605008444,-989.9617876318105,-0.0752865927614212,30.114637104568487,0.10038212368189495,30.114637104568487,-50.19106184094748,-0.050191061840947473,224.99477711182737,-471.33884619152457,-0.0752865927614212,-0.10038212368189495,-26.89178926111659,0.10038212368189495,10.038212368189495,-2.007642473637899,461.20025169965317,461.20025169965317,-10.038212368189534,388.90338496620495,-461.20025169965317,20.07642473637899,0.1505731855228424,-1000.0,10.038212368189495,-307.46683446643544,0.0,-20.07642473637899,0.050191061840947473,1.0038212368189496,0.0,258.9732456979943,-0.10038212368189495,-261.4827987900416,238.68601850188318,31.118458341387438,0.10038212368189495,15.98083409015834,-716.8329251740842,0.0,-0.10038212368189495,-0.025095530920473737,0.0,-0.10038212368189495,-989.9617876318105,0.1003821236819249,-0.025095530920473737,-0.025095530920473737,-0.025095530920473737,40.15284947275798,50.19106184094748,1.0038212368189496,74.37060588282343,-0.025095530920473737,0.0,5.019106184094747,500.0,0.10038212368189495,0.050191061840947473,0.050191061840947473,-459.5650973013402,26.89178926111659,0.10038212368189495,-26.89178926111659,1.0038212368189496,0.10038212368189495,-74.37060588282343,0.10038212368189495,0.40152849472781327,0.5019106184097082,0.050191061840947473,0.025095530920473737,30.114637104568487,-0.10038212368189495,989.9617876318105,1.0038212368189494,-148.74121176564688,654.0217536026862,-10.038212368189495,20.07642473637899,5.019106184094747,-0.10038212368189495,0.0,0.1505731855228424,-0.10038212368189495,919.1301946026804,26.89178926111659,816.232232842352,0.050191061840947473,-1000.0,-0.10038212368189495,-0.1003821236819249,-0.10038212368189495,0.050191061840947473,288.5194632330286,-20.07642473637899,0.10038212368189495,0.0,-0.025095530920473737,-0.11042033605008444,0.0,15.05731855228424,471.33884619152457,390.1091649430903,288.5194632330286,-0.0752865927614212,261.4827987900416,-258.9732456979943,0.10038212368189495,-0.025095530920473744,5.019106184094747,100.38212368189494,-0.050191061840947473,-0.10038212368189495,0.025095530920473737,1000.0,0.0,999.9498089381591,0.0,-772.9826603635092,0.0,425.8532862263081,-2.218444933369991,596.3743767558104,0.0,138.72557562763072,368.1565720355941,0.0,0.0,386.4913301817546,-69.36278781381536,-596.3743767558104,1.1092224666849955,-238.89682096161528,-319.9965624804231,0.0,-368.1565720355941,-319.9965624804231,-425.8532862263081,566.3239995161014,0.0,1496.5981,bhi
475,0.0,0.0,0.0,0.0,0.0,0.0,0.0,0.0,-0.16608006653031082,0.0,0.0,0.0,0.0,0.0,0.0,0.0,-856.0944223195822,810.3021785315626,0.0,183.6779314304422,0.0,0.0,0.0,1000.0,0.0,0.0,0.0,0.0,0.0,0.0,0.0,0.0,628.3585972218075,0.0,0.0,0.0,0.0,381.4084201649622,0.0,-81.4208771171506,1000.0,0.0,0.0,-537.676941672535,0.0,0.0,0.0,0.0,1000.0,0.0,0.0,0.0,0.0,0.182688073183499,0.0,0.0,0.0,0.0,0.0,0.0,-14.62611785910326,0.0,791.6353572162138,777.0092393571106,0.0,0.0,0.0,0.0,0.0,0.0,0.0,1.6608006653031087,0.0,0.0,0.0,0.0,0.0,0.0,0.0,846.6947815477203,0.0,0.0,145.6239823906858,0.0,99.64803991818651,0.0,0.0,-792.377142893006,500.38960763438024,1000.0,-0.041520016632577705,0.0,0.0,-789.6217313478218,49.824019959093256,0.0,49.824019959093256,0.0,264.8705934259526,0.0,145.6239823906858,8.304003326515542,0.0,0.0,0.0,-367.97103330787263,0.0,496.680069437404,0.0,0.0,0.0,0.0,0.0,0.0,0.0,0.0,0.0,0.0,0.0,0.0,0.0,0.0,0.0,0.0,-675.0793538784482,0.0,0.0,49.824019959093256,0.0,51.48482062439636,25.42201308166009,0.0,-990.7606657256557,990.7606657256557,0.0,0.0,0.0,0.0,0.0,0.0,0.0,0.0,0.0,0.0,0.0,-132.83581726785187,0.16608006653031082,0.0,0.0,0.0,0.0,0.0,0.0,0.0,0.0,0.0,1000.0,0.0,0.0,0.0,0.0,0.0,999.8339199334697,999.8339199334697,0.0,0.0,0.0,0.0,0.0,0.0,0.0,1000.0,0.0,0.0,0.0,0.0,-293.93278071099536,0.0,0.0,0.0,0.0,0.0,0.0,0.0,0.0,0.0,0.0,0.0,0.0,0.0,0.0,-1000.0,0.0,0.0,0.0,0.0,0.0,0.0,0.0,-940.590888591233,940.590888591233,0.0,0.0,0.0,0.0,0.0,0.0,0.0,0.0,-1000.0,0.0,0.0,0.0,0.0,0.0,0.0,0.0,0.0,0.0,0.0,0.0,0.0,0.0,0.0,-57.75944943484452,-143.90557768041776,0.0,0.0,0.0,0.0,0.0,0.0,0.0,0.0,0.0,-14.62611785910326,393.7713639921172,0.0,0.0,0.0,0.0,0.0,0.0,0.0,0.0,628.0402738730913,33.216013306062166,0.0,0.0,-440.98049622561325,1000.0,-732.968031484239,0.0,143.90557768041776,0.0,0.0,0.0,-797.3823188330207,0.0,0.0,0.0,-16.738102705146957,0.0,0.0,-502.78243268804425,-502.78243268804425,0.0,0.0,0.0,502.78243268804425,-440.20128095685277,0.0,-154.23363573622225,0.0,0.0,514.2074117828874,0.0,0.0,0.0,-62.21990138781155,0.0,62.21990138781155,0.0,1000.0,0.0,0.0,0.0,0.0,0.0,0.0,-14.62611785910326,-0.24912009979546623,0.0,0.0,0.0,0.0,0.16608006653031082,0.0,0.0,0.0,322.13570616781544,-856.0944223195822,0.0,-348.9884454770936,-827.3747096030904,293.93278071099536,827.9453111780007,0.0,825.2089342801429,0.0,-367.97103330787263,0.0,0.0,0.0,-14.299493728259918,0.0,-810.9094405518829,-53.40534770033249,-1000.0,0.0,0.0,0.0,0.0,0.0,0.0,0.0,0.0,0.0,0.0,0.0,0.0,0.0,0.0,0.0,0.0,0.0,-617.9272595689166,0.0,-1000.0,0.0,0.0,622.6924957308138,0.0,341.008700103811,0.0,-495.20445660523944,0.0,264.8705934259526,0.0,0.0,0.0,0.0,-128.71205156099091,-1000.0,0.0,0.0,-92.64986932447084,0.0,0.0,587.2826309688194,128.71205156099091,991.6959966734845,0.0,-4.152001663257771,-8.304003326515542,-1000.0,0.0,-107.95204324470207,1000.0,0.0,49.824019959093256,0.0,0.0,0.0,0.0,0.0,0.0,0.0,0.0,0.0,0.0,-47.80380146165976,0.0,0.0,-0.33216013306062164,0.0,0.0,0.0,0.0,0.0,-29.25223571820652,0.0,0.0,221.87870878109257,0.0,0.0,0.0,0.0,-107.58346939393778,0.33216013306058506,0.0,0.0,0.0,0.0,0.0,0.0,0.0,0.0,0.0,0.0,0.0,0.0,0.0,0.0,0.0,0.0,0.0,0.0,0.0,0.182688073183499,0.182688073183499,0.0,0.0,0.0,99.64803991818651,0.0,0.0,0.0,1000.0,0.0,596.0549470319174,0.0,0.0,0.0,223.9348749361418,-1000.0,0.0,0.0,578.3493019600509,0.0,0.0,221.87870878109257,0.0,0.0,0.0,0.0,0.0,0.0,0.0,225.02645129281606,-322.13570616781544,0.0,0.0,12.788165122833927,0.0,-789.6217313478218,0.0,0.0,0.0,223.9348749361418,0.0,1000.0,-883.648594457796,0.0,0.0,0.0,0.0,0.0,0.0,0.0,0.0,0.0,0.0,0.0,0.0,0.0,0.0,0.0,0.0,99.64803991818651,0.0,0.0,0.0,0.0,0.0,0.0,0.0,0.0,0.0,0.0,0.0,0.0,1.6608006653031087,0.0,0.0,0.0,0.0,0.0,0.0,0.0,0.0,49.824019959093256,-578.3493019600509,0.0,0.0,0.0,0.0,0.0,0.0,0.0,0.0,0.0,-231.11804305543694,0.0,0.0,49.824019959093256,49.824019959093256,1000.0,-1000.0,0.0,221.87870878109257,0.0,0.0,0.0,0.0,0.0,-946.5946522996675,0.0,-927.7805487628916,0.16608006653031082,0.0,0.0,0.0,117.64440125042516,0.0,0.0,789.6217313478218,0.0,0.0,0.0,0.0,0.0,0.0,0.0,0.0,0.0,0.0,0.0,0.0,0.0,0.0,0.16608006653031082,0.0,0.0,0.0,561.7024445498466,-561.7024445498466,0.0,0.0,0.0,0.0,-549.5740935330922,941.9327260846192,0.0,0.0,-382.0727404310834,-12.456004989773314,0.0,-8.304003326515549,0.0,0.0,0.0,0.0,0.0,0.0,0.0,0.0,0.0,0.0,0.0,0.0,293.93278071099536,0.0,0.0,-99.64803991818653,0.0,0.0,0.0,-0.16608006653031082,0.0,0.0,0.16608006653031082,0.0,0.16608006653031082,0.0,0.0,0.0,99.64803991818651,202.61768116697925,202.61768116697925,0.0,0.0,0.0,0.0,0.0,0.0,0.0,0.0,0.0,0.0,0.0,0.0,0.0,0.0,0.0,0.0,0.0,0.0,0.0,0.0,0.0,0.0,0.0,0.0,0.0,0.0,0.0,0.0,0.0,-288.14964989397936,288.14964989397936,0.24912009979546623,0.0,0.0,0.0,-49.824019959093256,0.0,0.0,0.0,0.0,0.0,0.0,8.304003326515542,0.0,0.0,0.0,0.0,0.0,-54.369636927852795,-8.304003326515549,0.0,0.0,0.0,0.0,0.0,0.0,0.0,0.0,0.0,578.3493019600509,0.0,0.0,0.0,20.76000831628886,-367.97103330787263,0.0,0.0,264.8705934259526,-264.8705934259526,0.0,-1000.0,0.0,8.304003326515549,303.66918725997493,0.0,0.0,0.0,-29.25223571820652,0.0,0.0,0.0,0.0,0.0,0.0,0.0,0.0,0.0,-12.456004989773323,-12.456004989773305,202.61768116697925,0.0,-649.017429294175,-649.0174292941749,649.0174292941749,0.0,0.0,0.0,0.0,0.0,628.0402738730913,0.0,0.0,24.91200997954664,-117.64440125042516,65.16648675800712,0.0,49.824019959093256,0.0,0.0,0.0,0.0,88.39425546151483,0.0,0.0,0.182688073183499,0.0,0.0,0.0,101.30884058348963,0.0,0.0,0.0,0.0,-57.75944943484452,0.0,0.0,0.0,0.0,0.0,0.0,0.0,0.0,1000.0,0.0,0.016608006653031082,0.016608006653031082,0.0,0.0,0.0,0.0,0.0,0.0,0.0,0.0,0.0,0.0,0.0,0.0,0.0,0.0,0.0,0.0,0.0,0.0,0.0,0.0,0.0,0.0,0.0,0.0,0.0,0.0,0.0,0.0,317.2554510550557,-1000.0,810.3021785315626,0.0,0.0,0.0,99.64803991818653,0.0,0.0,0.0,0.0,0.0,522.1793062012981,-621.8273461194847,0.0,0.0,0.0,0.0,0.0,0.0,0.0,0.0,0.0,0.0,0.0,0.0,927.7805487628916,-1000.0,113.76484557326295,0.0,-49.824019959093256,0.0,381.4084201649622,0.0,0.0,0.0,0.0,0.0,0.0,0.0,0.0,0.0,523.4374999999999,0.0,-523.4374999999999,-523.4375,0.0,0.0,0.0,0.0,-20.76000831628886,0.0,-12.456004989773314,0.0,0.0,0.0,0.0,0.0,0.0,266.02327771147253,-268.09927854310143,29.25223571820652,0.0,0.0,0.0,0.0,0.0,0.0,0.0,1000.0,49.824019959093256,49.824019959093256,0.0,0.0,0.0,0.0,846.6947815477203,0.182688073183499,0.0,0.0,0.0,-381.4084201649622,0.0,0.0,0.0,0.0,0.0,0.0,0.0,0.0,0.0,0.0,0.0,0.0,0.0,0.0,144.07482494698968,0.0,0.0,25.42201308166009,0.0,174.3840698568264,0.0,0.0,12.788165122833927,0.0,0.0,0.0,0.0,0.0,677.0621326586665,0.0,0.0,0.0,-20.76000831628886,0.0,0.0,0.0,0.0,0.0,0.0,0.0,0.0,0.0,0.0,0.0,0.0,0.0,0.0,0.0,0.0,0.0,0.0,-0.16608006653031082,0.0,0.0,8.304003326515542,-223.9348749361418,0.0,0.0,0.0,0.0,0.0,0.0,0.0,0.0,14.299493728259918,4.152001663257771,0.0,0.0,0.0,0.16608006653031082,0.0,166.08006653031083,-26.062807542736273,33.216013306062166,1.1862861895022203,514.2074117828874,-0.12456004989773312,8.304003326515542,3.321601330606217,-0.8304003326515053,-514.2074117828874,49.82401995909325,-0.1660800665303107,122.65701110262421,221.87870878109257,0.041520016632577705,1.1862861895022203,-367.97103330787263,-26.439946591627,-3.3216013306063132,-137.88568764242257,-0.16608006653031082,0.041520016632577705,-514.2074117828874,16.608006653031083,0.1660800665303107,0.16608006653031082,0.3487681397138098,0.1826880731833419,0.0,-0.12456004989773312,49.824019959093256,0.16608006653031082,49.824019959093256,-83.04003326515542,-0.08304003326515541,-264.05793338425474,-16.774086719561392,-0.12456004989773312,-0.16608006653031082,-26.062807542736273,0.16608006653031082,16.608006653031083,-3.321601330606217,0.0,0.0,-16.608006653031083,137.88568764242257,0.0,33.216013306062166,0.24912009979546623,-1000.0,16.608006653031083,-225.02645129281606,221.87870878109257,-33.216013306062166,0.08304003326515541,1.6608006653031087,87.2471113692734,33.216013306062166,-0.16608006653031082,-37.368014969319944,-0.3487681397138098,51.48482062439636,0.16608006653031082,26.439946591627,22.582628944719886,221.87870878109257,-0.16608006653031082,-0.041520016632577705,-221.87870878109257,-0.16608006653031082,-107.58346939393778,0.16608006653030036,-0.041520016632577705,-0.041520016632577705,-0.041520016632577705,66.43202661212433,83.04003326515542,1.6608006653031087,415.3630461937645,-0.041520016632577705,51.837211635922586,8.304003326515542,62.09573802348443,0.16608006653031082,0.08304003326515541,0.08304003326515541,127.54736104357737,26.062807542736273,0.16608006653031082,-26.062807542736273,1.6608006653031087,0.16608006653031082,-1000.0,0.16608006653031082,0.6643202661211944,0.8304003326515053,0.08304003326515541,0.041520016632577705,49.824019959093256,-0.16608006653031082,0.0,1.6608006653031566,-830.726092387529,4.1520016632577725,-16.608006653031083,33.216013306062166,8.304003326515542,-0.16608006653031082,367.97103330787263,0.24912009979546623,-0.16608006653031082,-255.09472208715474,26.062807542736273,242.6190534512521,0.08304003326515541,-124.19147604696886,-0.16608006653031082,-0.16608006653030036,-0.16608006653031082,0.08304003326515541,514.2074117828874,-33.216013306062166,0.16608006653031082,174.4942227385468,-0.041520016632577705,-0.1826880731833419,-174.4942227385468,24.912009979546625,16.774086719561392,765.524126070803,514.2074117828874,-0.12456004989773312,37.368014969319944,-33.216013306062166,0.16608006653031082,-0.041520016632577705,8.304003326515549,166.08006653031083,-0.08304003326515541,-0.16608006653031082,0.041520016632577705,0.0,0.0,440.1182409235876,584.6369538062355,-766.9542484662901,0.0,-232.76779808228858,-1000.0,0.0,766.9488230851271,382.5588214634702,-53.97602162235103,-559.7987190431472,-383.47441154256353,383.47712423314505,-191.2794107317351,0.0,500.0,0.0,-331.01330891276695,559.7987190431472,53.97602162235103,-331.01330891276695,232.76779808228858,-135.97921684001977,0.0,1496.5981,bhi
476,0.0,0.0,0.0,0.0,0.0,0.0,0.0,0.0,-0.21385370683890415,0.0,0.0,0.0,0.0,0.0,0.0,0.0,0.0,0.0,0.0,161.55756494567296,0.0,0.0,0.0,108.16410128947177,0.0,466.60842115109585,0.0,0.0,0.0,0.0,0.0,0.0,742.5708927406979,0.0,0.0,0.0,0.0,713.3701928677459,0.0,-1000.0,61.178954871868314,0.0,0.0,0.0,0.0,0.0,0.0,0.0,0.0,0.0,0.0,0.0,0.0,0.2352390775222375,0.0,0.0,0.0,42.77074136778083,0.0,0.0,-18.833383115612076,0.0,826.3186872366133,807.4853041210013,0.0,0.0,0.0,0.0,0.0,0.0,0.0,2.1385370683890415,0.0,0.0,0.0,0.0,0.0,0.0,0.0,38.481199492768525,0.0,0.0,0.0,0.0,128.3122241033425,0.0,0.0,98.57972081004242,0.0,224.5354090813035,-0.053463426709726036,0.0,0.0,-996.1191676978676,64.15611205167124,0.0,64.15611205167124,-6.88608936021069,0.0,0.0,0.0,10.692685341945207,0.0,0.0,0.0,-252.70294033816288,0.0,0.0,0.0,0.0,0.0,0.0,0.0,0.0,0.0,0.0,0.0,0.0,0.0,0.0,0.0,0.0,0.0,0.0,-1000.0,0.0,0.0,64.15611205167124,0.0,66.29464912006028,0.0,0.0,-752.6700700048598,752.6700700048598,0.0,0.0,-68.6549232540354,1000.0,-1000.0,68.6549232540354,0.0,0.0,0.0,0.0,0.0,16.46673542659562,0.21385370683889068,0.0,0.0,0.0,706.9435090043645,-706.9435090043645,0.0,0.0,0.0,0.0,1000.0,0.0,0.0,0.0,0.0,0.0,133.82038385042642,133.82038385042642,0.0,0.0,0.0,0.0,-696.7203045882068,0.0,0.0,134.03423755726533,0.0,0.0,0.0,225.56513351429123,-1000.0,0.0,0.0,0.0,0.0,0.0,0.0,0.0,0.0,0.0,-743.9370160319205,0.0,0.0,0.0,0.0,-1000.0,0.0,0.0,0.0,0.0,0.0,0.0,0.0,-224.5354090813035,224.5354090813035,0.0,0.0,0.0,0.0,0.0,0.0,0.0,0.0,-122.53837986199835,0.0,0.0,0.0,0.0,0.0,0.0,0.0,0.0,0.0,0.0,0.0,0.0,0.0,0.0,-95.00249187793685,0.0,0.0,0.0,0.0,0.0,75.84245709050037,0.0,0.0,0.0,0.0,-18.833383115612076,0.0,0.0,0.0,0.0,0.0,0.0,0.0,0.0,0.0,0.0,0.0,0.0,0.0,224.21462852104514,448.75003760234864,-125.95568827126108,0.0,0.0,0.0,0.0,0.0,579.3719064937229,0.0,0.0,0.0,-21.55288942091397,0.0,0.0,78.71582274131151,-609.5764235975676,-1000.0,511.38498658871106,176.90725975016812,-567.3308361526006,-224.5354090813035,0.0,-161.55756494567296,0.0,0.0,520.8093849900422,0.0,0.0,0.0,-373.1492070117789,0.0,373.1492070117789,0.0,133.60653014358752,0.0,0.0,0.0,0.0,0.0,0.0,-18.833383115612076,-0.3207805602583562,0.0,0.0,0.0,0.0,0.21385370683889068,0.0,0.0,0.0,860.0014308578284,0.0,0.0,-460.04350097380524,321.2203800584192,1000.0,125.33506692353956,0.0,0.0,0.0,-252.70294033816288,0.0,0.0,0.0,-18.412804158829086,99.44838123893362,-81.03557708010453,-372.26024705352046,-1000.0,0.0,0.0,0.0,0.0,0.0,0.0,0.0,0.0,0.0,0.0,0.0,0.0,0.0,0.0,0.0,0.0,0.0,0.0,0.0,-1000.0,0.0,285.7743923048989,0.0,0.0,0.0,0.0,-16.46673542659562,0.0,0.0,0.0,0.0,0.0,0.0,-175.40374774880058,0.0,0.0,-99.44838123893362,0.0,190.53186363351642,-1000.0,793.08156082152,175.40374774880058,-10.692685341945207,1000.0,-5.346342670972604,-201.22454897546163,-239.75551678852037,0.0,0.0,-1000.0,-139.0049094452877,64.15611205167124,0.0,0.0,0.0,0.0,0.0,0.0,0.0,0.0,0.0,0.0,460.0116416401743,0.0,0.0,0.0,0.0,0.0,0.0,0.0,0.0,-37.66676623122415,0.0,0.0,0.0,0.0,0.0,0.0,0.0,-159.1586039296081,0.42770741367712617,0.0,0.0,0.0,0.0,0.0,0.0,0.0,0.0,0.0,0.0,0.0,0.0,0.0,0.0,0.0,0.0,0.0,0.0,0.0,0.2352390775222375,0.2352390775222375,0.0,63.51832413668277,0.0,128.3122241033425,0.0,0.0,0.0,-339.95404316521274,0.0,512.384235434521,0.0,0.0,0.0,1000.0,339.95404316521274,0.0,0.0,0.0,0.0,0.0,0.0,0.0,0.0,0.0,0.0,0.0,0.0,0.0,333.3333333333333,-860.0014308578284,0.0,0.0,16.46673542659562,0.0,-71.961624788368,-924.1575429094996,-1000.0,0.0,1000.0,0.0,840.841396070392,0.0,-390.6250000000002,390.6250000000002,0.0,0.0,0.0,0.0,0.0,0.0,0.0,0.0,0.0,0.0,0.0,0.0,0.0,0.0,128.3122241033425,0.0,0.0,0.0,0.0,0.0,0.0,0.0,0.0,0.0,0.0,0.0,0.0,2.1385370683890415,0.0,0.0,0.0,0.0,0.0,0.0,0.0,0.0,64.15611205167124,0.0,0.0,0.0,0.0,0.0,0.0,0.0,0.0,0.0,0.0,1000.0,808.6451728640446,0.0,64.15611205167124,64.15611205167124,1000.0,339.95404316521274,0.0,0.0,0.0,0.0,0.0,0.0,0.0,975.7739392435997,0.0,1000.0,0.21385370683889068,0.0,0.0,0.0,282.42437041032133,0.0,0.0,996.1191676978676,0.0,0.0,0.0,0.0,0.0,0.0,0.0,0.0,0.0,0.0,0.0,0.0,0.0,0.0,0.21385370683889068,0.0,0.0,0.0,0.0,0.0,0.0,0.0,0.0,285.7743923048989,-201.38408803551596,184.91735260892034,0.0,0.0,-1000.0,-16.03902801291781,-10.692685341945207,0.0,0.0,0.0,0.0,0.0,0.0,0.0,0.0,0.0,0.0,0.0,0.0,0.0,1000.0,0.0,0.0,-128.3122241033425,0.0,0.0,0.0,-0.21385370683889068,0.0,0.0,0.21385370683889068,0.0,0.21385370683889068,0.0,0.0,0.0,128.3122241033425,260.90152234346306,260.90152234346306,0.0,0.0,0.0,0.0,0.0,0.0,0.0,0.0,0.0,0.0,0.0,0.0,0.0,0.0,0.0,0.0,0.0,0.0,0.0,0.0,0.0,0.0,0.0,0.0,0.0,0.0,0.0,75.84245709050037,0.0,-1000.0,1000.0,0.3207805602583562,0.0,0.0,0.0,-64.15611205167124,0.0,0.0,0.0,0.0,0.0,-63.51832413668277,10.692685341945207,0.0,0.0,0.0,0.0,696.7203045882068,0.0,0.0,0.0,0.0,0.0,0.0,0.0,0.0,0.0,0.0,0.0,0.0,980.1326457686845,63.51832413668277,0.0,904.1933334928646,-252.70294033816288,0.0,184.91735260892034,0.0,-184.91735260892034,0.0,318.47038415025986,0.0,10.692685341945207,168.8361829999148,0.0,0.0,0.0,-37.66676623122415,0.0,0.0,0.0,0.0,0.0,0.0,0.0,0.0,0.0,711.8589600060847,0.0,260.90152234346306,0.0,0.0,0.0,0.0,0.0,0.0,0.0,0.0,0.0,0.0,0.0,0.0,111.63540817543654,-282.42437041032133,-1000.0,0.0,64.15611205167124,0.0,0.0,0.0,0.0,-37.614743628629626,0.0,0.0,0.2352390775222375,0.0,0.0,0.0,130.45076117173153,0.0,0.0,0.0,0.0,-95.00249187793685,0.0,0.0,0.0,0.0,0.0,0.0,0.0,0.0,0.0,0.0,0.021385370683891125,0.021385370683891125,0.0,0.0,0.0,0.0,0.0,0.0,0.0,0.0,0.0,0.0,0.0,0.0,0.0,0.0,0.0,63.51832413668277,0.0,0.0,0.0,0.0,0.0,0.0,0.0,0.0,0.0,0.0,0.0,0.0,0.0,0.0,0.0,0.0,0.0,0.0,128.3122241033425,0.0,0.0,0.0,0.0,0.0,0.0,-128.3122241033425,0.0,0.0,0.0,0.0,0.0,0.0,0.0,0.0,0.0,0.0,0.0,0.0,-1000.0,603.5136921900793,146.48978918464945,-64.15611205167124,0.0,0.0,999.1445851726448,0.0,0.0,0.0,0.0,0.0,0.0,0.0,0.0,0.0,507.8125,0.0,-507.8125,-507.81250000000006,0.0,0.0,0.0,0.0,-26.731713354863018,0.0,-16.03902801291781,-16.03902801291781,0.0,0.0,0.0,0.0,0.0,-2.673171335486302,0.0,37.66676623122415,0.0,0.0,0.0,0.0,0.0,0.0,0.0,1000.0,64.15611205167124,64.15611205167124,0.0,0.0,0.0,0.0,38.481199492768525,0.2352390775222375,63.51832413668277,0.0,0.0,-999.1445851726448,0.0,0.0,0.0,0.0,0.0,0.0,0.0,0.0,0.0,0.0,0.0,0.0,0.0,0.0,266.6957894244521,0.0,0.0,0.0,0.0,224.54639218084935,16.46673542659562,0.0,0.0,0.0,0.0,0.0,63.51832413668277,0.0,-17.578774702155897,0.0,0.0,0.0,-26.731713354863018,0.0,0.0,0.0,0.0,0.0,0.0,0.0,0.0,0.0,0.0,0.0,0.0,0.0,0.0,0.0,0.0,0.0,0.0,-0.21385370683889068,0.0,0.0,10.692685341945207,-1000.0,0.0,0.0,0.0,0.0,0.0,0.0,0.0,0.0,18.412804158829086,5.346342670972604,0.0,0.0,466.60842115109585,0.21385370683889068,0.0,213.85370683890415,-66.29464912006028,42.77074136778083,1.527526477420744,596.6518420805426,-0.1603902801291781,10.692685341945207,4.277074136778083,-1.069268534194066,-596.6518420805426,64.15611205167124,-0.21385370683890415,84.23431344605429,0.0,0.053463426709726036,1.527526477420744,-252.70294033816288,-34.045510128751516,-4.277074136778083,-161.55756494567296,-0.21385370683890415,0.053463426709726036,-596.6518420805426,312.0362848031275,0.21385370683890415,0.21385370683889068,-63.06923135232163,0.23523907752279527,-396.3236159939802,-0.1603902801291781,64.15611205167124,0.21385370683890415,64.15611205167124,-106.92685341945207,-0.10692685341945207,-98.27050332969407,-97.44168148122968,-0.1603902801291781,-0.21385370683890415,-66.29464912006028,0.21385370683889068,21.385370683890415,-4.277074136778083,75.84245709050037,75.84245709050037,-21.385370683890415,161.55756494567296,-75.84245709050037,42.77074136778083,0.3207805602583562,-1000.0,21.385370683890415,-333.3333333333333,0.0,-42.77074136778083,0.10692685341945207,2.1385370683890415,115.01087524345131,106.2890655044636,-0.21385370683889068,-111.63540817543654,63.06923135232163,66.29464912006028,0.21385370683890415,34.045510128751516,-547.2753623259216,0.0,-0.21385370683889068,-0.053463426709726036,0.0,-0.21385370683890415,-159.1586039296081,0.21385370683879046,-0.053463426709726036,-0.053463426709726036,-0.053463426709726036,85.54148273556166,106.92685341945207,2.1385370683890415,158.43886505427042,-0.053463426709726036,145.78743704084832,10.692685341945207,90.27198730674925,0.21385370683889068,0.10692685341945207,0.10692685341945207,21.385370683890415,66.29464912006028,0.21385370683889068,-66.29464912006028,2.1385370683890415,0.21385370683890415,-158.43886505427042,0.21385370683890415,0.8554148273551618,1.069268534194066,0.10692685341945207,0.053463426709726036,64.15611205167124,-0.21385370683890415,396.3236159939802,2.1385370683890415,-316.87773010854085,5.346342670972604,-21.385370683890415,42.77074136778083,10.692685341945207,-0.21385370683890415,252.70294033816288,0.3207805602583562,-0.21385370683890415,-42.77074136778083,66.29464912006028,323.72662420262196,0.10692685341945207,-180.5439746134985,-0.21385370683890415,-0.21385370683879046,-0.21385370683890415,0.10692685341945207,596.6518420805426,-42.77074136778083,0.21385370683889068,230.02175048690262,-0.053463426709726036,-0.23523907752279527,-230.02175048690262,32.078056025835615,97.44168148122968,106.97328912881775,596.6518420805426,-0.1603902801291781,111.63540817543654,-106.2890655044636,0.21385370683890415,-0.053463426709726036,10.692685341945207,213.85370683890415,-0.10692685341945207,-0.21385370683890415,0.053463426709726036,0.0,0.0,999.8930731465805,0.0,-552.3156601474743,0.0,497.0767737078542,-1000.0,290.6509141192371,1000.0,-250.07944266979223,-946.9640748606454,0.0,-500.0,276.15783007373716,125.03972133489611,-290.6509141192371,500.0,-63.51832413668277,-286.1118805739923,0.0,946.9640748606454,-286.1118805739923,-497.0767737078542,511.48338267494273,0.0,1496.5981,bhi
477,0.0,0.0,0.0,0.0,0.0,0.0,0.0,0.0,-0.199290974279909,0.0,0.0,0.0,0.0,0.0,0.0,0.0,-648.8450064115898,-56.81178744962967,0.0,1000.0,0.0,0.0,0.0,878.449401858835,0.0,0.0,0.0,0.0,0.0,613.9690576496121,0.0,0.0,767.5138109340812,0.0,0.0,0.0,0.0,654.2740419002619,0.0,-1000.0,785.3009926680129,0.0,0.0,-808.7626222665436,0.0,0.0,0.398581948559818,0.0,1000.0,0.0,0.0,-34.875948761977725,0.0,0.21922007170769575,0.0,0.0,0.0,39.8581948559818,0.0,0.0,0.30111989774892817,0.0,53.254915200250196,0.0,0.0,0.0,0.0,0.0,750.7949885745454,-276.28492655388357,0.0,1.99290974279909,0.0,0.0,0.0,0.0,0.0,0.0,0.0,0.0,0.0,0.0,591.1737490019539,0.0,119.57458456794541,0.0,0.0,-693.4520823633271,175.72921408758862,0.0,-0.04982274356997725,0.0,0.0,1000.0,59.787292283972704,0.0,59.787292283972704,-6.4171693718144525,0.0,0.0,700.6113768566688,9.96454871399545,613.9690576496121,0.0,0.0,-386.20507333490576,0.0,0.0,0.0,0.0,0.0,0.0,0.0,0.0,0.0,0.0,0.0,0.0,0.0,0.0,0.0,0.0,0.0,0.0,-1000.0,0.0,0.0,59.787292283972704,0.0,61.7802020267718,0.0,0.0,-156.35076737962584,156.35076737962584,0.0,0.0,0.0,0.0,0.0,-53.55603509799912,0.0,0.0,0.0,0.0,0.0,-575.8283439824007,0.199290974279909,0.0,0.0,0.0,296.8750000000003,-736.410917343625,0.0,0.0,0.0,0.0,1000.0,0.0,0.0,0.0,0.0,0.0,999.80070902572,999.80070902572,0.0,0.0,0.0,0.0,-820.912176127433,0.0,0.0,1000.0,0.0,0.0,0.0,0.0,-527.9271304342562,0.0,0.0,0.0,0.0,0.0,0.0,0.0,0.0,0.0,0.0,0.0,0.0,0.0,0.0,-308.6171037330739,0.0,0.0,0.0,0.0,0.0,0.0,34.875948761977725,-175.72921408758862,175.72921408758862,53.55603509799912,0.0,0.0,0.0,0.0,0.0,0.0,0.0,1000.0,0.0,0.0,0.0,0.0,0.0,0.0,0.0,0.0,0.0,0.0,0.0,0.0,0.0,475.1602211768226,-480.7476929444117,-1000.0,0.0,0.0,0.0,0.0,86.6597256500084,0.0,0.0,0.0,0.0,0.30111989774892817,-191.23737773345636,0.0,0.0,774.5643006362923,0.0,0.0,0.0,0.0,0.0,0.0,0.0,0.0,0.0,-901.0142771961516,-549.5558490209744,165.694652311062,0.0,1000.0,0.0,0.0,53.55603509799912,-655.7665882057514,0.0,0.0,0.0,-37.93722039050988,0.0,0.0,-623.9593725536564,0.0,0.0,-623.9593725536564,0.0,0.0,0.0,0.0,426.0351320641312,0.0,0.0,415.80605749293875,0.0,0.0,0.0,-294.88300573233585,0.0,294.88300573233585,0.0,1000.0,0.0,0.0,466.93992096269096,0.0,0.0,0.0,0.30111989774892817,-0.29893646141986346,0.0,0.0,0.0,0.0,0.199290974279909,0.0,0.0,0.0,108.61405070109367,-648.8450064115898,0.0,-257.4700488899372,-737.3463326576591,527.9271304342562,845.0882849519857,0.0,-761.0224433699155,0.0,-386.20507333490576,0.0,0.0,0.0,380.1706709289156,46.526693123313066,334.32507931768686,-1000.0,-1000.0,0.0,0.0,0.0,0.0,0.0,0.0,0.0,0.0,0.0,0.0,0.0,0.0,0.0,0.0,0.0,0.0,774.5643006362923,1000.0,0.0,344.928794202619,0.0,0.0,0.0,0.0,0.0,0.0,575.8283439824007,0.0,109.43762785471495,0.0,0.0,0.0,0.0,-397.2695527947953,824.4928227511972,0.0,-797.3216816978584,0.0,0.0,0.0,-1000.0,397.2695527947953,-834.4573714651926,614.2678410821109,-4.982274356997725,-9.96454871399545,0.0,0.0,237.85885854272271,1000.0,0.0,59.787292283972704,0.0,0.0,0.0,0.0,0.0,0.0,0.0,-475.1602211768226,475.1602211768226,475.1602211768226,-790.3264096133332,0.0,0.0,0.0,0.0,0.0,0.0,0.0,0.0,-52.95379530250126,0.0,0.0,0.0,0.0,0.0,0.0,0.0,-980.0709025720091,0.39858194855969487,0.0,0.0,0.0,0.0,0.0,0.0,0.0,0.0,0.0,0.0,0.0,0.0,0.0,0.0,0.0,0.0,0.0,0.0,0.0,0.21922007170769575,0.21922007170769575,0.0,0.0,0.0,119.57458456794541,0.0,0.0,0.0,-247.35590802167957,0.0,0.0,0.0,0.0,0.0,442.23432061274127,247.35590802167957,0.0,0.0,558.6668428407434,0.0,0.0,0.0,0.0,0.0,0.0,0.0,0.0,0.0,0.0,333.3333333333333,-108.61405070109367,439.53591734362476,0.0,15.34540501955314,0.0,622.406146471483,377.59385352851706,237.37809278050955,0.0,442.23432061274127,0.0,0.0,-537.8365819592678,0.0,0.0,475.1602211768226,0.0,0.0,0.0,0.0,0.0,0.0,0.0,0.0,0.0,0.0,0.0,0.0,0.0,119.57458456794541,53.55603509799912,53.55603509799912,0.0,0.0,0.0,0.0,0.0,0.0,0.0,0.0,0.0,0.0,1.99290974279909,0.0,0.0,0.0,0.0,0.0,34.875948761977725,0.0,0.0,59.787292283972704,-558.6668428407434,0.0,0.0,0.0,0.0,0.0,0.0,0.0,0.0,0.0,243.01049302963423,0.0,0.0,59.787292283972704,59.787292283972704,-24.911371784988624,247.35590802167957,0.0,0.0,0.0,0.0,0.0,0.0,0.0,-613.9690576496121,0.0,-573.5407000806033,0.199290974279909,0.0,0.0,0.0,263.1922016758027,975.1745668362789,0.0,-1000.0,0.0,0.0,0.0,0.0,0.0,0.0,0.0,0.0,0.0,0.0,0.0,0.0,0.0,0.0,0.199290974279909,0.0,0.0,0.0,-862.0195661488192,862.0195661488192,0.0,0.0,0.0,0.0,0.0,685.2659718371157,0.0,0.0,-655.071205797381,-14.946823070993176,-9.96454871399545,0.0,0.0,0.0,0.0,0.0,0.0,0.0,0.0,0.0,0.0,0.0,0.0,53.55603509799912,527.9271304342562,0.0,0.0,247.82340725671816,0.0,0.0,0.0,-0.199290974279909,0.0,0.0,0.199290974279909,0.0,0.199290974279909,0.0,474.5100620206618,0.0,119.57458456794541,243.13498862148901,243.13498862148901,0.0,0.0,0.0,0.0,0.0,0.0,109.43762785471495,439.53591734362476,0.0,0.0,0.0,0.0,0.0,397.3296238144156,0.0,0.0,0.0,0.0,0.0,0.0,0.0,0.0,0.0,0.0,0.0,0.0,0.0,140.2157607480075,0.0,-835.8918705423398,835.8918705423398,0.29893646141986346,0.0,0.0,0.0,-59.787292283972704,0.0,0.0,0.0,0.0,0.0,0.0,9.96454871399545,0.0,0.0,0.0,0.0,820.912176127433,-16.3817180858099,0.0,0.0,0.0,0.0,0.0,0.0,0.0,0.0,53.55603509799912,0.0,558.6668428407434,0.0,-475.1602211768226,0.0,1000.0,588.9694935013731,0.0,559.4466258965908,109.43762785471495,-668.8842537513058,0.0,-898.9015768272404,0.0,9.96454871399545,1000.0,0.0,0.0,0.0,-52.95379530250126,0.0,0.0,0.0,0.0,0.0,0.0,0.0,0.0,0.0,-29.893646141986437,0.0,243.13498862148901,0.0,0.0,0.0,0.0,0.0,0.0,0.0,0.0,0.0,0.0,0.0,0.0,44.84046921297961,-263.1922016758027,0.0,0.0,59.787292283972704,0.0,0.0,0.0,0.0,-210.33937749264138,0.0,0.0,0.21922007170769575,0.0,0.0,0.0,121.56749431074451,0.0,0.0,0.0,0.0,-480.7476929444117,0.0,0.0,0.0,0.0,0.0,0.0,0.0,0.0,0.0,0.0,0.019929097427990428,0.019929097427990428,0.0,0.0,0.0,0.0,0.0,0.0,0.0,0.0,0.0,0.0,0.0,0.0,0.0,0.0,0.0,0.0,0.0,0.0,0.0,0.0,0.0,0.0,0.0,0.0,0.0,0.0,0.0,0.0,163.22106800292931,1000.0,-56.81178744962967,0.0,0.0,0.0,119.57458456794541,0.0,0.0,0.0,0.0,0.0,-119.57458456794541,0.0,0.0,0.0,0.0,0.0,0.0,0.0,0.0,0.0,0.0,0.0,0.0,0.0,573.5407000806033,-1000.0,533.8439411961533,0.0,-59.787292283972704,0.0,654.2740419002619,0.0,0.0,0.0,0.0,0.0,0.0,0.0,0.0,0.0,0.0,0.0,0.0,0.0,0.0,0.0,0.0,0.0,-24.911371784988624,53.55603509799912,-14.946823070993176,382.38280074342225,0.0,0.0,0.0,0.0,0.0,-2.4911371784988625,0.0,52.95379530250126,0.0,0.0,0.0,0.0,0.0,0.0,0.0,1000.0,59.787292283972704,59.787292283972704,0.0,0.0,0.0,0.0,0.0,0.21922007170769575,0.0,0.0,0.0,-654.2740419002619,0.0,0.0,0.0,0.0,0.0,0.0,0.0,0.0,0.0,0.0,0.0,0.0,0.0,0.0,655.2009662815008,0.0,0.0,0.0,0.0,209.25552299390446,124.78303287426809,0.0,0.0,0.0,0.0,0.0,0.0,0.0,0.0,0.0,0.0,0.0,-24.911371784988624,0.0,0.0,0.0,0.0,0.0,0.0,0.0,0.0,0.0,0.0,0.0,0.0,0.0,0.0,0.0,0.0,0.0,0.0,-0.199290974279909,0.0,0.0,9.96454871399545,-442.23432061274127,0.0,0.0,0.0,0.0,53.55603509799912,0.0,0.0,0.0,-380.1706709289156,4.982274356997725,0.0,0.0,0.0,0.199290974279909,0.0,199.290974279909,-61.7802020267718,39.8581948559818,1.4235069591422072,556.0218182409462,-0.14946823070993173,9.964548713995512,3.98581948559818,-0.9964548713991235,-556.0218182409462,59.787292283972704,-0.199290974279909,128.7350244449686,0.0,0.04982274356997725,1.4235069591422072,-386.20507333490576,-31.727123105363034,-3.98581948559818,-294.3432061387805,-0.199290974279909,0.04982274356997725,-556.0218182409462,19.9290974279909,0.199290974279909,0.199290974279909,0.41851104598760475,0.21922007170789942,0.0,-0.14946823070993173,59.78729228397271,0.199290974279909,59.787292283972704,-99.64548713995451,-0.0996454871399545,-227.58985333018848,-106.78811405227921,-0.14946823070993173,-0.199290974279909,-61.7802020267718,0.199290974279909,19.9290974279909,-3.98581948559818,140.2157607480075,140.2157607480075,-19.9290974279909,294.3432061387805,-140.2157607480075,39.8581948559818,0.29893646141986346,-1000.0,19.9290974279909,-333.3333333333333,0.0,-39.8581948559818,0.0996454871399545,1.99290974279909,64.3675122224843,-435.30202632084075,-0.199290974279909,-44.84046921297961,-0.41851104598760475,61.7802020267718,0.199290974279909,31.727123105363034,-239.14916913589065,0.0,-0.199290974279909,-0.04982274356997725,0.0,-0.199290974279909,-980.0709025720091,0.199290974279909,-0.04982274356997725,-0.04982274356997725,-0.04982274356997725,79.7163897119636,99.64548713995451,1.99290974279909,273.58486773120023,-0.04982274356997725,0.0,9.96454871399545,500.0,0.199290974279909,0.0996454871399545,0.0996454871399545,19.9290974279909,61.7802020267718,0.199290974279909,-61.7802020267718,1.99290974279909,0.199290974279909,-525.4552020543422,0.199290974279909,0.7971638971191624,0.9964548713991235,0.0996454871399545,0.04982274356997725,59.78729228397271,-0.199290974279909,0.0,1.99290974279909,-547.1697354624005,4.982274356997664,-19.9290974279909,39.8581948559818,9.96454871399545,-0.199290974279909,386.20507333490576,0.29893646141986346,-0.199290974279909,-39.8581948559818,61.7802020267718,754.3955448817633,0.0996454871399545,-1000.0,-0.199290974279909,-0.199290974279909,-0.199290974279909,0.0996454871399545,556.0218182409462,-39.8581948559818,0.199290974279909,128.7350244449686,-0.04982274356997725,-0.21922007170789942,-128.7350244449686,29.89364614198635,106.78811405227921,285.97490187400336,556.0218182409462,-0.14946823070993173,44.84046921297961,435.30202632084075,0.199290974279909,-0.04982274356997726,9.96454871399545,199.290974279909,-0.0996454871399545,-0.199290974279909,0.04982274356997725,0.0,0.0,999.9003545128601,251.87033432314195,-1000.0,0.0,235.13834494486025,-182.94864796429383,0.0,906.9624372140642,161.49872125597832,-600.322277512357,0.0,-453.4812186070321,500.0,-80.74936062798916,0.0,91.47432398214691,0.0,-544.0561673891219,0.0,600.322277512357,-544.0561673891219,-235.13834494486025,227.17920832638,0.0,1496.5981,bhi
478,0.0,0.0,0.0,0.0,0.0,0.0,0.0,0.0,-0.20972599391449173,0.0,0.0,0.0,0.0,0.0,0.0,0.0,-570.0355936663078,-82.7433469295122,0.0,1000.0,0.0,0.0,0.0,0.0,0.0,0.0,0.0,0.0,0.0,-1000.0,0.0,0.0,0.0,0.0,0.0,0.0,0.0,999.1610960243397,0.0,-529.6612665348426,-249.9235943604994,0.0,0.0,0.0,0.0,0.0,0.0,0.0,1000.0,-755.1272383394642,0.0,0.0,0.0,0.23069859330598774,0.0,0.0,0.0,0.0,0.0,0.0,-18.46986919739895,0.0,665.8205711453061,647.3507019479072,0.0,0.0,0.0,0.0,0.0,0.0,0.0,2.097259939144917,0.0,0.0,0.0,0.0,0.0,0.0,0.0,0.0,0.0,0.0,-52.13364567106966,0.0,125.83559634869503,0.0,0.0,-765.7780883524215,-27.386628566886053,570.3501826571795,-0.05243149847862293,0.0,0.0,-564.1473095965899,62.91779817434752,0.0,62.91779817434752,0.0,0.0,0.0,0.0,406.01960952390937,-1000.0,0.0,0.0,-333.1026403810787,0.0,0.0,0.0,0.0,0.0,0.0,0.0,0.0,0.0,0.0,0.0,0.0,0.0,0.0,0.0,0.0,0.0,0.0,-632.060173448699,0.0,0.0,62.91779817434752,0.0,65.01505811349244,0.0,0.0,-131.64856099976333,0.0,131.64856099976333,-131.64856099976333,0.0,-140.62500000000014,140.62500000000014,0.0,0.0,0.0,0.0,0.0,0.0,68.2825472024855,0.20972599391449173,0.0,0.0,0.0,-1000.0,334.54626861001805,0.0,0.0,52.13364567106966,0.0,1000.0,0.0,0.0,0.0,0.0,0.0,419.5565438447993,419.5565438447993,0.0,0.0,0.0,0.0,-1000.0,0.0,0.0,419.7662698387138,0.0,0.0,0.0,-1000.0,-559.3986072421469,0.0,0.0,0.0,0.0,0.0,0.0,0.0,0.0,0.0,-675.9457032133951,0.0,0.0,0.0,0.0,-1000.0,0.0,0.0,0.0,0.0,0.0,755.1272383394642,0.0,-542.9635540902935,542.9635540902935,0.0,0.0,0.0,0.0,0.0,0.0,0.0,0.0,-26.215749239311464,0.0,0.0,0.0,0.0,0.0,0.0,0.0,0.0,0.0,0.0,0.0,0.0,0.0,480.5680762523415,-10.589580919702485,570.0355936663078,0.0,0.0,0.0,0.0,278.65022385988897,0.0,0.0,0.0,0.0,-18.46986919739895,570.0355936663078,0.0,0.0,0.0,0.0,0.0,0.0,0.0,0.0,6.753177004033053,41.945198782898345,0.0,0.0,0.0,515.5769255234075,-308.74164244271503,0.0,-570.0355936663078,0.0,0.0,0.0,0.0,0.0,0.0,0.0,356.4267344163851,0.0,0.0,-269.98340850502984,0.0,-355.1342951046994,-269.9834085050294,0.0,-355.1342951046994,-570.3501826571795,0.0,140.07118733261564,755.1272383394642,0.0,306.485299161543,0.0,0.0,0.0,0.0,0.0,0.0,0.0,781.3978608492731,0.0,0.0,-443.76502644203657,0.0,0.0,0.0,-18.46986919739895,-0.3145889908717376,0.0,0.0,0.0,0.0,0.20972599391449173,0.0,0.0,0.0,651.6788009617304,-570.0355936663078,0.0,-299.03890291568416,851.9686453668929,559.3986072421469,-187.00579618615188,0.0,331.01943908295056,0.0,-333.1026403810787,0.0,0.0,0.0,-18.05740807603778,-312.96203100691275,0.0,-598.6779211529898,-1000.0,0.0,0.0,0.0,0.0,0.0,0.0,0.0,0.0,0.0,0.0,0.0,0.0,0.0,0.0,0.0,0.0,0.0,0.0,0.0,-1000.0,52.13364567106966,0.0,0.0,0.0,0.0,143.05019132576712,337.0433266763797,0.0,0.0,0.0,0.0,395.53330982818477,0.0,520.8720008287853,-208.25295460981698,0.0,312.96203100691275,0.0,741.5384196913263,398.7612104613177,-681.1572612671808,-520.8720008287853,0.0,0.0,-5.243149847862293,-752.0247193870509,-637.2881234169978,0.0,-136.32189604441962,465.5898306133176,0.0,62.91779817434752,0.0,0.0,0.0,245.56939994837876,0.0,0.0,0.0,-480.5680762523415,480.5680762523415,480.5680762523415,-1000.0,0.0,0.0,-362.0510429983883,0.0,0.0,0.0,0.0,0.0,-36.9397383947979,0.0,-140.62500000000014,0.0,0.0,0.0,0.0,0.0,-738.961110484032,0.419451987829234,0.0,0.0,0.0,0.0,0.0,0.0,0.0,0.0,0.0,0.0,0.0,0.0,0.0,0.0,0.0,0.0,0.0,0.0,0.0,0.23069859330598774,0.23069859330598774,0.0,0.0,0.0,125.83559634869503,0.0,0.0,0.0,1000.0,0.0,0.0,0.0,0.0,0.0,1000.0,-1000.0,0.0,0.0,0.0,0.0,0.0,0.0,0.0,0.0,0.0,0.0,0.0,0.0,0.0,210.68672448289965,-651.6788009617304,665.453731389982,0.0,45.60914938544724,0.0,157.20246654352115,-721.3497761401111,-1000.0,0.0,1000.0,0.0,0.0,261.038889515968,0.0,0.0,480.5680762523415,0.0,0.0,0.0,0.0,0.0,0.0,0.0,0.0,0.0,0.0,0.0,0.0,0.0,125.83559634869503,0.0,0.0,0.0,0.0,0.0,0.0,0.0,0.0,0.0,0.0,0.0,0.0,2.097259939144917,0.0,0.0,0.0,0.0,0.0,0.0,0.0,0.0,62.91779817434752,0.0,0.0,0.0,29.460247854031394,0.0,0.0,0.0,0.0,0.0,0.0,63.337250162176495,346.96153469747577,0.0,62.91779817434752,62.91779817434752,1000.0,-1000.0,0.0,0.0,0.0,0.0,0.0,0.0,0.0,598.6779211529898,0.0,1000.0,0.20972599391449173,0.0,0.0,0.0,276.97313582035986,72.75582972187465,0.0,564.1473095965899,0.0,0.0,0.0,0.0,0.0,0.0,0.0,0.0,0.0,0.0,0.0,0.0,0.0,0.0,0.20972599391449173,0.0,0.0,0.0,0.0,0.0,0.0,0.0,0.0,0.0,0.0,1000.0,0.0,-662.9566733236203,-1000.0,-15.729449543586878,-10.486299695724586,0.0,0.0,0.0,0.0,0.0,0.0,0.0,0.0,0.0,0.0,0.0,0.0,0.0,559.3986072421469,0.0,0.0,-125.83559634869503,0.0,0.0,0.0,-0.20972599391449173,0.0,0.0,0.20972599391449173,0.0,0.20972599391449173,0.0,0.0,0.0,125.83559634869503,255.8657125756799,255.8657125756799,0.0,0.0,0.0,0.0,0.0,0.0,0.0,665.453731389982,0.0,0.0,0.0,0.0,0.0,0.0,0.0,0.0,0.0,0.0,0.0,0.0,0.0,0.0,0.0,0.0,0.0,0.0,0.0,278.65022385988897,0.0,0.0,0.0,0.3145889908717376,0.0,0.0,0.0,-62.91779817434752,0.0,0.0,0.0,0.0,0.0,0.0,10.486299695724586,0.0,0.0,0.0,0.0,1000.0,-708.7252805019286,0.0,0.0,-140.62500000000014,0.0,0.0,0.0,0.0,0.0,0.0,0.0,0.0,0.0,-480.5680762523414,0.0,1000.0,-260.34681065920404,0.0,-371.68195382554893,662.9566733236203,-291.27471949807136,52.13364567106966,-255.8657125756799,0.0,10.486299695724586,155.41870419788972,0.0,0.0,0.0,-36.9397383947979,-796.8750000000008,796.8750000000008,0.0,0.0,0.0,-412.0790508828977,0.0,0.0,0.0,691.6751527569819,-47.188348630760515,255.8657125756799,0.0,0.0,0.0,0.0,0.0,0.0,0.0,0.0,0.0,6.753177004033053,0.0,0.0,0.0,-276.97313582035986,0.0,0.0,62.91779817434752,0.0,0.0,0.0,0.0,-1.8956901518851055,0.0,0.0,0.23069859330598774,0.0,0.0,0.0,127.93285628783995,0.0,0.0,0.0,0.0,-10.589580919702485,0.0,0.0,0.0,0.0,0.0,0.0,0.0,0.0,0.0,0.0,0.02097259939144891,0.02097259939144891,0.0,0.0,0.0,0.0,0.0,0.0,0.0,0.0,0.0,0.0,0.0,0.0,0.0,0.0,0.0,0.0,0.0,0.0,0.0,0.0,0.0,0.0,0.0,755.1272383394642,0.0,0.0,0.0,0.0,1000.0,0.0,-82.7433469295122,0.0,0.0,0.0,125.83559634869503,0.0,0.0,0.0,0.0,0.0,0.0,-125.83559634869503,0.0,0.0,0.0,0.0,0.0,0.0,0.0,0.0,0.0,0.0,0.0,0.0,-1000.0,-1000.0,143.66230583142683,-582.141376020588,519.2235778462406,0.0,999.1610960243397,0.0,0.0,0.0,0.0,0.0,0.0,0.0,0.0,0.0,0.0,0.0,0.0,0.0,0.0,0.0,0.0,0.0,-26.215749239311464,0.0,-411.26275937177166,31.458899087173734,0.0,0.0,0.0,0.0,0.0,0.0,-2.621574923931145,89.07338406586756,0.0,0.0,0.0,0.0,0.0,0.0,0.0,1000.0,62.91779817434752,62.91779817434752,0.0,0.0,0.0,0.0,0.0,0.23069859330598774,0.0,0.0,0.0,-999.1610960243397,0.0,0.0,0.0,0.0,0.0,0.0,0.0,0.0,0.0,0.0,0.0,0.0,0.0,0.0,0.0,0.0,0.0,0.0,0.0,220.2122936102163,16.148901531415845,0.0,0.0,0.0,0.0,0.0,0.0,0.0,698.238980806204,0.0,0.0,0.0,-26.215749239311464,0.0,0.0,0.0,0.0,0.0,0.0,0.0,0.0,0.0,0.0,0.0,0.0,0.0,0.0,0.0,0.0,0.0,0.0,-0.20972599391449173,0.0,0.0,10.486299695724586,-1000.0,0.0,0.0,0.0,0.0,0.0,0.0,0.0,0.0,18.05740807603778,5.243149847862293,0.0,0.0,0.0,0.20972599391449173,0.0,209.7259939144917,-65.01505811349244,41.94519878289834,1.4980428136749409,585.1355230214319,-0.1572944954358688,208.25295460981698,4.194519878289834,-1.0486299695747903,-585.1355230214319,62.91779817434752,-0.20972599391449173,111.03421346035957,0.0,0.05243149847862293,1.4980428136749409,-333.1026403810787,-33.388378231172965,-4.194519878289834,-347.22105940418,-0.20972599391449173,0.05243149847862293,-585.1355230214319,20.972599391449172,0.20972599391449173,0.20972599391449173,0.4404245872204795,0.23069859330594064,0.0,-0.1572944954358688,62.91779817434752,0.20972599391449173,62.91779817434752,-104.86299695724585,-0.10486299695724587,-333.7947192378426,-299.8325492452526,-0.1572944954358688,-0.20972599391449173,-65.01505811349244,0.20972599391449173,20.972599391449172,-4.194519878289834,278.65022385988897,278.65022385988897,-20.972599391449172,347.22105940418,-278.65022385988897,41.945198782898345,0.3145889908717376,-1000.0,20.972599391449172,-210.68672448289965,0.0,-41.945198782898345,0.10486299695724587,2.097259939144917,74.75972572892104,-438.6228774694431,-0.20972599391449173,-47.188348630760515,-0.4404245872204795,65.01505811349244,0.20972599391449173,33.388378231172965,-251.67119269739032,0.0,-0.20972599391449173,-0.05243149847862293,0.0,-0.20972599391449173,-738.961110484032,0.2097259939140143,-0.05243149847862293,-0.05243149847862293,-0.05243149847862293,83.89039756579669,104.86299695724585,2.097259939144917,155.38074574138753,-0.05243149847862293,38.485237997482514,10.486299695724586,379.9668549377406,0.20972599391449173,0.10486299695724587,0.10486299695724587,20.972599391449172,65.01505811349244,0.20972599391449173,-65.01505811349244,2.097259939144917,0.20972599391449173,-155.38074574138753,0.20972599391449173,0.8389039756602301,1.0486299695747903,0.10486299695724587,0.05243149847862293,62.91779817434752,-0.20972599391449173,0.0,2.097259939144917,-310.76149148277506,203.00980476195468,-20.972599391449172,41.945198782898345,10.486299695724586,-0.20972599391449173,333.1026403810787,0.3145889908717376,-0.20972599391449173,-41.945198782898345,65.01505811349244,271.90149798892105,0.10486299695724587,-759.9337098754812,-0.20972599391449173,-0.2097259939140143,-0.20972599391449173,0.10486299695724587,585.1355230214319,-41.945198782898345,0.20972599391449173,149.51945145784208,-0.05243149847862293,-0.23069859330594064,-149.51945145784208,31.458899087173755,299.8325492452526,-137.15224727135032,585.1355230214319,-0.1572944954358688,47.188348630760515,438.6228774694431,0.20972599391449173,-0.052431498478622926,10.486299695724586,209.7259939144917,-0.10486299695724587,-0.20972599391449173,0.05243149847862293,31.580145156116032,0.0,999.8951370030428,0.0,-1000.0,0.0,919.9460063498727,-264.98175512471437,0.0,-894.1235701437058,972.8322119279269,-376.49146739291643,0.0,447.0617850718529,500.0,-486.41610596396345,0.0,132.49087756235718,0.0,-270.00580783703595,0.0,376.49146739291643,-270.00580783703595,-919.9460063498727,575.3222998279069,0.0,1496.5981,bhi
479,0.0,0.0,0.0,0.0,0.0,0.0,0.0,0.0,782.8338254255657,0.0,0.0,0.0,0.0,0.0,0.0,0.0,186.45366392056061,124.54067038237542,0.0,0.0,0.0,0.0,0.0,733.6559817756345,0.0,0.0,0.0,0.0,0.0,0.0,0.0,0.0,623.408581679355,0.0,0.0,0.0,0.0,999.1941179478877,0.0,-1000.0,-400.5319994629351,0.0,0.0,-16.67799102455396,0.0,0.0,0.0,0.0,0.0,0.0,0.0,169.77567289600665,0.0,0.22161756433236746,0.0,0.0,0.0,40.29410260580416,0.0,0.0,-17.742836514086083,0.0,0.0,-17.742836514086083,0.0,0.0,0.0,0.0,0.0,0.0,0.0,2.014705130290208,0.0,0.0,0.0,0.0,0.0,0.0,0.0,0.0,0.0,0.0,0.0,0.0,120.88230781741248,0.0,0.0,228.6003160396665,-714.3121032958492,780.0281305345648,-0.05036762825725521,0.0,0.0,-106.85029374949261,60.44115390870624,0.0,60.44115390870624,-6.487350519529187,0.0,0.0,0.0,10.07352565145104,0.0,0.0,0.0,-190.2834926293437,0.0,0.0,0.0,0.0,0.0,0.0,0.0,0.0,0.0,0.0,0.0,0.0,0.0,0.0,0.0,0.0,0.0,0.0,-437.55385840236863,0.0,0.0,60.44115390870624,0.0,62.45585903899645,0.0,0.0,0.0,-173.3869613979292,173.3869613979292,-173.3869613979292,-507.57229489172863,0.0,0.0,507.57229489172863,0.0,0.0,0.0,0.0,0.0,15.513229503234584,0.2014705130290208,0.0,0.0,0.0,-636.4902222705873,-323.57362718514804,0.0,0.0,0.0,0.0,1000.0,0.0,0.0,0.0,0.0,0.0,127.98868553644962,127.98868553644962,0.0,0.0,0.0,-164.015625,0.0,0.0,0.0,128.19015604947865,0.0,0.0,0.0,740.2997526467752,-603.2516755199248,0.0,0.0,0.0,0.0,0.0,0.0,0.0,0.0,0.0,-653.5387516328996,0.0,0.0,0.0,0.0,-805.9532818458883,0.0,0.0,0.0,0.0,0.0,0.0,-169.77567289600665,-65.71602723871558,65.71602723871558,0.0,0.0,0.0,0.0,0.0,0.0,0.0,0.0,-25.18381412862766,0.0,0.0,0.0,0.0,0.0,0.0,0.0,0.0,0.0,0.0,0.0,0.0,0.0,0.0,302.21568705438574,-16.67799102455396,0.0,0.0,0.0,0.0,147.48610027775513,0.0,0.0,0.0,0.0,-17.742836514086083,0.0,0.0,0.0,0.0,0.0,0.0,0.0,0.0,0.0,0.0,0.0,0.0,0.0,648.5960760571336,0.0,-6.8913840950557415,0.0,16.67799102455396,0.0,0.0,0.0,-754.2059741045946,0.0,0.0,0.0,-20.30486987144002,0.0,0.0,639.3347649674192,0.0,0.0,639.334764967419,0.0,0.0,-780.0281305345648,0.0,0.0,0.0,0.0,414.61663107321294,0.0,0.0,0.0,0.0,0.0,0.0,0.0,127.7872150234206,0.0,0.0,1000.0,-164.015625,0.0,0.0,-17.742836514086083,-0.30220576954353123,0.0,0.0,0.0,0.0,0.2014705130290208,0.0,0.0,0.0,598.026027659427,186.45366392056061,0.0,-570.3266313874335,-125.02955805559289,603.2516755199248,-340.09084555422885,0.0,0.0,0.0,-190.2834926293437,0.0,0.0,0.0,397.91550682091895,-397.91550682091895,0.0,-60.40520746437693,-1000.0,0.0,0.0,0.0,0.0,0.0,0.0,0.0,0.0,0.0,0.0,0.0,0.0,0.0,0.0,0.0,0.0,0.0,0.0,0.0,-1000.0,0.0,0.0,0.0,0.0,0.0,0.0,358.93898880736754,0.0,0.0,0.0,0.0,0.0,0.0,0.0,186.85643091050338,0.0,397.91550682091895,422.58550965882637,0.0,0.0,-686.5421637862946,0.0,-196.92995656195444,398.86262022549397,-5.03676282572552,-10.07352565145104,-1000.0,0.0,0.0,0.0,-130.95583346886352,60.44115390870624,0.0,0.0,0.0,0.0,0.0,783.0352959385947,0.0,0.0,0.0,0.0,-84.5339849367597,0.0,0.0,0.0,0.0,0.0,0.0,0.0,0.0,-35.485673028172165,0.0,0.0,0.0,0.0,0.0,0.0,0.0,-718.2893163100558,0.40294102605821536,0.0,0.0,0.0,0.0,0.0,0.0,0.0,0.0,0.0,0.0,0.0,0.0,0.0,0.0,0.0,0.0,0.0,0.0,0.0,0.22161756433236746,0.22161756433236746,0.0,117.74527331160077,0.0,120.88230781741248,0.0,0.0,0.0,-319.08588473488976,0.0,0.0,0.0,0.0,0.0,508.8956598911008,319.08588473488976,0.0,0.0,0.0,0.0,0.0,0.0,0.0,0.0,0.0,0.0,0.0,0.0,0.0,145.8512861341229,-598.026027659427,960.0638494557353,0.0,15.513229503234584,0.0,745.6636059727521,-852.5138997222449,-1000.0,0.0,508.8956598911008,0.0,698.1165946585965,-907.5102510775514,0.0,0.0,0.0,0.0,0.0,0.0,0.0,0.0,0.0,0.0,0.0,0.0,0.0,0.0,0.0,0.0,120.88230781741248,0.0,0.0,0.0,0.0,0.0,0.0,0.0,0.0,0.0,0.0,0.0,0.0,2.014705130290208,0.0,0.0,0.0,0.0,0.0,-169.77567289600665,0.0,0.0,60.44115390870624,0.0,0.0,0.0,0.0,0.0,0.0,0.0,0.0,0.0,0.0,0.0,0.0,0.0,60.44115390870624,60.44115390870624,1000.0,319.08588473488976,0.0,0.0,0.0,0.0,0.0,0.0,0.0,-939.5947925356231,0.0,-916.7715412513204,0.2014705130290208,0.0,0.0,0.0,266.0705939566832,961.1309127307235,0.0,106.85029374949261,0.0,0.0,0.0,0.0,0.0,0.0,0.0,0.0,0.0,0.0,0.0,0.0,0.0,0.0,0.2014705130290208,0.0,0.0,0.0,0.0,0.0,0.0,0.0,0.0,0.0,0.0,358.93898880736754,0.0,0.0,-1000.0,-15.11028847717656,-10.07352565145104,0.0,0.0,234.375,234.375,-234.375,0.0,0.0,0.0,0.0,0.0,0.0,0.0,0.0,603.2516755199248,0.0,0.0,-120.88230781741248,0.0,0.0,0.0,782.8338254255657,0.0,0.0,0.2014705130290208,0.0,0.2014705130290208,0.0,0.0,0.0,120.88230781741248,245.79402589540535,245.79402589540535,0.0,0.0,0.0,0.0,0.0,0.0,0.0,960.0638494557353,0.0,0.0,0.0,0.0,0.0,415.26211799271806,0.0,0.0,0.0,0.0,0.0,0.0,0.0,0.0,0.0,0.0,0.0,0.0,0.0,147.48610027775513,0.0,0.0,0.0,0.30220576954353123,0.0,0.0,0.0,-60.44115390870624,0.0,0.0,0.0,0.0,0.0,-117.74527331160077,10.07352565145104,0.0,0.0,0.0,164.015625,0.0,-917.4896791415973,0.0,0.0,0.0,0.0,0.0,0.0,0.0,0.0,0.0,0.0,0.0,745.2262947209413,117.74527331160073,0.0,1000.0,770.8474201013798,0.0,-558.5506903342298,0.0,558.5506903342298,0.0,-1000.0,0.0,10.07352565145104,1000.0,0.0,0.0,0.0,-35.485673028172165,0.0,0.0,0.0,0.0,0.0,-374.4522183106021,0.0,0.0,0.0,786.3943134216769,-163.0761387431305,245.79402589540535,0.0,0.0,0.0,0.0,0.0,0.0,0.0,0.0,0.0,0.0,0.0,0.0,0.0,-266.0705939566832,0.0,0.0,60.44115390870624,0.0,0.0,0.0,0.0,164.19951598705438,0.0,0.0,0.22161756433236746,0.0,0.0,0.0,122.89701294770269,0.0,0.0,0.0,0.0,302.21568705438574,0.0,0.0,0.0,0.0,0.0,0.0,0.0,0.0,892.7123949986964,0.0,0.020147051302902952,0.020147051302902952,0.0,0.0,0.0,0.0,0.0,0.0,0.0,0.0,0.0,0.0,0.0,0.0,0.0,0.0,0.0,117.74527331160077,0.0,0.0,0.0,0.0,0.0,0.0,0.0,0.0,0.0,0.0,0.0,0.0,0.0,203.13165494511458,124.54067038237542,0.0,0.0,0.0,120.88230781741248,0.0,0.0,0.0,0.0,0.0,0.0,-120.88230781741248,0.0,0.0,0.0,0.0,0.0,0.0,0.0,0.0,0.0,0.0,0.0,0.0,916.7715412513204,-1000.0,553.2694194175974,-175.42046815890976,114.97931425020352,0.0,999.1941179478877,0.0,0.0,0.0,0.0,0.0,0.0,0.0,0.0,0.0,0.0,0.0,0.0,0.0,0.0,0.0,0.0,0.0,-25.18381412862766,0.0,-15.11028847717656,563.227968258672,0.0,0.0,0.0,0.0,0.0,-830.6433814128031,828.1249999999404,35.485673028172165,0.0,0.0,0.0,0.0,0.0,0.0,0.0,1000.0,60.44115390870624,60.44115390870624,0.0,0.0,0.0,0.0,0.0,0.22161756433236746,117.74527331160077,0.0,0.0,-999.1941179478877,0.0,0.0,0.0,0.0,0.0,0.0,0.0,0.0,0.0,0.0,0.0,0.0,0.0,0.0,0.0,0.0,0.0,0.0,0.0,211.54403868047183,15.513229503234584,0.0,0.0,0.0,0.0,0.0,117.74527331160077,0.0,900.9288029706171,0.0,0.0,0.0,-25.18381412862766,0.0,0.0,0.0,0.0,0.0,0.0,0.0,0.0,0.0,0.0,0.0,0.0,0.0,0.0,0.0,0.0,0.0,0.0,-0.2014705130290208,0.0,0.0,10.07352565145104,-508.8956598911008,0.0,0.0,0.0,0.0,0.0,0.0,0.0,0.0,-397.91550682091895,5.03676282572552,0.0,0.0,0.0,0.2014705130290208,0.0,201.4705130290208,-62.45585903899645,40.29410260580416,1.4390750930644214,562.102731350968,-0.15110288477176562,10.073525651451064,4.029410260580416,-1.007352565141332,-562.102731350968,60.44115390870624,-0.2014705130290208,63.4278308764479,0.0,0.05036762825725521,1.4390750930644214,-190.2834926293437,-32.07410567421482,-4.029410260580416,-310.99433430293607,-0.2014705130290208,0.05036762825725521,-562.102731350968,20.14705130290208,0.2014705130290208,0.2014705130290208,-117.32218523423938,0.22161756433192376,0.0,-0.15110288477176562,60.44115390870624,0.2014705130290208,60.44115390870624,-100.73525651451041,-0.10073525651451042,-619.4330147413126,-167.83462209368622,-0.15110288477176562,-0.2014705130290208,-62.45585903899645,0.2014705130290208,20.14705130290208,-4.029410260580416,147.48610027775513,147.48610027775513,-20.14705130290208,310.99433430293607,-147.48610027775513,40.29410260580416,0.30220576954353123,-1000.0,20.14705130290208,-145.8512861341229,0.0,-40.29410260580416,0.10073525651451042,2.014705130290208,142.58165784685838,158.0393759174049,-0.2014705130290208,-163.0761387431305,117.32218523423938,62.45585903899645,0.2014705130290208,32.07410567421482,-241.76461563482502,0.0,-0.2014705130290208,-0.05036762825725521,0.0,-0.2014705130290208,-718.2893163100558,0.2014705130292424,-0.05036762825725521,-0.05036762825725521,-0.05036762825725521,80.58820521160833,100.73525651451041,2.014705130290208,308.0562226545941,-0.05036762825725521,221.73548481726885,10.07352565145104,369.218183806479,0.2014705130290208,0.10073525651451042,0.1007352565145104,20.14705130290208,62.45585903899645,0.2014705130290208,-62.45585903899645,2.014705130290208,0.2014705130290208,-625.6397352830423,0.2014705130290208,0.8058820521122954,1.007352565141332,0.10073525651451042,0.05036762825725521,60.44115390870624,-0.2014705130290208,0.0,2.014705130290208,-616.1124453091882,5.036762825725496,-20.14705130290208,40.29410260580416,10.07352565145104,-0.2014705130290208,190.2834926293437,0.30220576954353123,-0.2014705130290208,-40.29410260580416,62.45585903899645,319.01214797860985,0.1007352565145104,-738.436367612958,-0.2014705130290208,-0.2014705130292424,-0.2014705130290208,0.1007352565145104,562.102731350968,-40.29410260580416,0.2014705130290208,285.16331569371675,-0.05036762825725521,-0.22161756433192376,-285.16331569371675,30.220576954353117,167.83462209368622,357.6474710503694,562.102731350968,-0.15110288477176562,163.0761387431305,-158.0393759174049,0.2014705130290208,-0.05036762825725519,10.07352565145104,201.47051302902082,-0.10073525651451042,-0.2014705130290208,0.05036762825725521,0.0,0.0,999.8992647434854,317.58351262844826,-1000.0,0.0,423.1493895798943,142.98634008408283,0.0,1000.0,-726.6075377704243,-80.23025315006896,0.0,-500.0,500.0,363.30376888521215,0.0,-71.49317004204141,-117.74527331160077,-483.21166396566423,0.0,80.23025315006896,-483.21166396566423,-423.1493895798943,322.38347695590863,0.0,1496.5981,bhi
480,0.0,0.0,0.0,0.0,0.0,0.0,0.0,0.0,-0.15367809088615492,0.0,0.0,0.0,0.0,0.0,0.0,0.0,1000.0,-1000.0,0.0,-172.95720135187094,0.0,0.0,0.0,0.0,0.0,442.43712189188415,0.0,0.0,0.0,-172.6120371353926,0.0,0.0,506.62321805061777,0.0,0.0,0.0,0.0,999.3852876364554,0.0,-1000.0,953.8965727341536,0.0,0.0,203.25750073676676,0.0,0.0,0.0,0.0,-720.0269447559499,0.0,0.0,-220.32134052288177,0.0,0.16904589997466246,0.0,0.0,0.0,30.735618177230982,0.0,0.0,-50.72293150916967,0.0,-856.2115703942393,-906.934501903409,0.0,0.0,0.0,0.0,0.0,670.699355979843,0.0,1.5367809088615492,0.0,0.0,0.0,0.0,0.0,0.0,0.0,0.0,0.0,0.0,0.0,0.0,92.20685453169295,0.0,37.18901430512957,913.2270035571328,413.52139932406453,0.0,-0.03841952272153873,0.0,0.0,0.0,46.10342726584648,0.0,46.10342726584648,-7.946293311439803,0.0,0.0,0.0,7.683904544307746,-594.1195356872425,0.0,0.0,-489.9804961407983,121.56480046521145,0.0,0.0,0.0,0.0,0.0,0.0,0.0,0.0,0.0,0.0,0.0,0.0,0.0,0.0,0.0,0.0,0.0,-1000.0,0.0,0.0,46.10342726584648,0.0,47.64020817470802,0.0,0.0,0.0,0.0,0.0,0.0,0.0,0.0,0.0,0.0,0.0,0.0,0.0,0.0,0.0,49.02222730336351,0.15367809088615492,0.0,0.0,0.0,-152.30041864244242,0.0,0.0,0.0,0.0,0.0,962.7196787308666,0.0,0.0,0.0,0.0,0.0,444.30054007495437,444.30054007495437,0.0,0.0,0.0,117.171875,0.0,0.0,0.0,444.45421816584053,0.0,0.0,0.0,-72.99260077598171,0.0,0.0,0.0,0.0,0.0,0.0,0.0,0.0,0.0,0.0,-993.4759984494618,0.0,0.0,0.0,0.0,-867.0932140105978,0.0,0.0,0.0,0.0,0.0,0.0,220.32134052288177,586.4786006759355,-586.4786006759355,0.0,0.0,0.0,0.0,0.0,0.0,0.0,421.50749855184995,-19.209761360769363,0.0,0.0,0.0,0.0,0.0,0.0,0.0,0.0,0.0,0.0,0.0,0.0,0.0,558.3272967530877,-396.4987287879014,-327.6823586315391,0.0,0.0,0.0,0.0,237.94973104232474,0.0,0.0,0.0,0.0,-50.72293150916967,-530.9398593683059,0.0,0.0,0.0,0.0,0.0,0.0,0.0,0.0,975.8549248893843,0.0,0.0,0.0,881.6049594275661,708.6477580756953,1000.0,0.0,327.6823586315391,0.0,0.0,0.0,-16.803462407540962,0.0,0.0,0.0,-244.83644668829908,0.0,0.0,-1000.0,0.0,0.0,-1000.0,0.0,0.0,1000.0,0.0,-1000.0,0.0,0.0,190.81214253004742,0.0,0.0,0.0,-1000.0,0.0,1000.0,0.0,332.5798190686795,0.0,0.0,431.8290595874056,117.171875,0.0,0.0,-50.72293150916967,-0.23051713632923237,0.0,0.0,0.0,0.0,0.15367809088615492,0.0,0.0,0.0,-392.81486918695754,1000.0,0.0,-326.65366409386553,155.90509828130112,0.0,1000.0,0.0,-608.0817664012906,0.0,-489.9804961407983,0.0,0.0,0.0,406.93588292981127,1000.0,-798.8541165285206,-1000.0,-1000.0,0.0,0.0,0.0,0.0,0.0,0.0,0.0,0.0,0.0,0.0,0.0,0.0,0.0,0.0,0.0,0.0,0.0,0.0,0.0,-1000.0,0.0,0.0,978.8527836742916,804.9702267198625,0.0,0.0,-1000.0,0.0,0.0,0.0,0.0,0.0,0.0,0.0,-410.16901790423896,0.0,-1000.0,-124.18470365407677,-7.683904544307746,195.3459018426251,-23.586901247421224,0.0,0.0,411.38019750734276,-3.841952272153873,0.0,-1000.0,0.0,992.3160954556922,0.0,0.0,46.10342726584648,0.0,0.0,0.0,0.0,0.0,0.0,0.0,-558.3272967530877,558.3272967530877,558.3272967530877,186.79439454941826,0.0,0.0,0.0,0.0,0.0,421.50749855184995,0.0,0.0,-27.067834408080202,0.0,0.0,0.0,0.0,0.0,0.0,0.0,-473.3377742309789,0.30735618177213947,0.0,0.0,0.0,0.0,0.0,0.0,0.0,0.0,0.0,670.699355979843,0.0,0.0,0.0,0.0,0.0,0.0,0.0,0.0,0.0,0.16904589997466246,0.16904589997466246,0.0,252.6539025923449,0.0,92.20685453169295,0.0,0.0,0.0,-338.70767898445433,0.0,0.0,37.18901430512957,0.0,0.0,1000.0,338.70767898445433,0.0,0.0,581.5047855814371,0.0,0.0,0.0,0.0,0.0,0.0,0.0,0.0,0.0,0.0,333.3333333333333,392.81486918695754,30.735618177230982,0.0,49.02222730336351,0.0,0.0,0.0,-237.94973104232474,0.0,1000.0,0.0,1000.0,-473.3377742309789,-328.1250000000002,328.1250000000002,558.3272967530877,0.0,0.0,0.0,0.0,0.0,0.0,0.0,0.0,0.0,0.0,0.0,0.0,0.0,92.20685453169295,0.0,0.0,0.0,0.0,0.0,0.0,0.0,0.0,0.0,0.0,0.0,0.0,1.5367809088615492,0.0,0.0,37.18901430512957,-37.18901430512957,0.0,220.32134052288177,0.0,0.0,46.10342726584648,-581.5047855814371,0.0,0.0,0.0,0.0,0.0,0.0,0.0,0.0,0.0,0.0,-762.0502689576753,0.0,46.10342726584648,46.10342726584648,1000.0,338.70767898445433,0.0,0.0,0.0,0.0,0.0,0.0,0.0,594.1195356872425,421.50749855184995,419.3694599597686,0.15367809088615492,0.0,0.0,202.9538730281513,0.0,0.0,0.0,0.0,0.0,0.0,0.0,0.0,0.0,0.0,0.0,0.0,0.0,0.0,0.0,0.0,0.0,0.0,0.15367809088615492,0.0,0.0,0.0,-1000.0,1000.0,0.0,0.0,0.0,0.0,0.0,-21.147216325708428,0.0,0.0,-1000.0,-11.52585681646162,-1.0820714105381635,-6.601833133769582,0.0,0.0,0.0,0.0,0.0,0.0,0.0,0.0,0.0,0.0,0.0,0.0,0.0,0.0,0.0,1000.0,0.0,0.0,0.0,-0.15367809088615492,0.0,0.0,0.15367809088615492,0.0,0.15367809088615492,0.0,0.0,0.0,92.20685453169295,187.48727088110903,187.48727088110903,0.0,0.0,0.0,0.0,0.0,0.0,0.0,30.735618177230982,0.0,421.50749855184995,0.0,0.0,0.0,420.1675665551093,0.0,0.0,0.0,0.0,0.0,0.0,0.0,0.0,0.0,0.0,0.0,0.0,0.0,237.94973104232474,0.0,-442.43712189188415,442.43712189188415,0.23051713632923237,0.0,0.0,0.0,-46.10342726584648,0.0,0.0,0.0,0.0,0.0,-252.6539025923449,7.683904544307746,0.0,0.0,0.0,-117.171875,0.0,981.6617619470466,-6.601833133769582,0.0,0.0,0.0,0.0,0.0,0.0,0.0,0.0,0.0,581.5047855814371,-1000.0,-305.67339416074276,0.0,1000.0,-489.9804961407983,0.0,-18.338238052953443,0.0,18.338238052953443,0.0,-204.29073328865,0.0,7.683904544307746,365.52571765673895,0.0,0.0,0.0,-101.44586301833934,0.0,0.0,30.170873150992065,-30.170873150992065,0.0,-24.877152192747783,0.0,0.0,0.0,970.4242848165387,0.0,187.48727088110903,0.0,0.0,0.0,0.0,0.0,0.0,0.0,0.0,0.0,975.8549248893843,0.0,0.0,287.2314730417295,-873.6532290079942,-111.91320826286847,0.0,46.10342726584648,37.18901430512957,0.0,0.0,0.0,-249.24682352137,0.0,0.0,0.16904589997466246,0.0,0.0,0.0,93.7436354405545,0.0,0.0,0.0,0.0,-396.4987287879014,0.0,121.56480046521145,0.0,0.0,0.0,0.0,0.0,0.0,0.0,0.0,0.015367809088615491,0.015367809088615491,0.0,0.0,0.0,0.0,0.0,0.0,0.0,0.0,0.0,202.9538730281513,0.0,0.0,0.0,0.0,0.0,252.6539025923449,0.0,0.0,0.0,0.0,0.0,0.0,0.0,0.0,0.0,0.0,0.0,74.37802861025914,327.33719441506076,0.0,-1000.0,0.0,0.0,0.0,92.20685453169295,0.0,0.0,0.0,0.0,0.0,-508.333681322424,416.12682679073106,0.0,74.37802861025914,0.0,0.0,0.0,0.0,0.0,0.0,0.0,0.0,0.0,0.0,-419.3694599597686,-1000.0,525.4370588121254,0.0,-46.10342726584648,0.0,999.3852876364554,0.0,0.0,0.0,0.0,0.0,0.0,0.0,0.0,0.0,0.0,0.0,0.0,0.0,0.0,0.0,0.0,0.0,-19.209761360769363,0.0,-11.52585681646162,408.64170973864765,0.0,0.0,0.0,0.0,0.0,0.0,-1.9209761360769366,27.067834408080202,0.0,0.0,0.0,0.0,0.0,0.0,0.0,1000.0,46.10342726584648,46.10342726584648,0.0,0.0,0.0,0.0,0.0,0.16904589997466246,252.6539025923449,0.0,0.0,-999.3852876364554,0.0,0.0,0.0,0.0,0.0,0.0,0.0,0.0,0.0,0.0,0.0,0.0,0.0,0.0,0.0,0.0,0.0,0.0,0.0,161.36199543046268,47.89393016621034,0.0,1.1282971371531665,0.0,0.0,0.0,252.6539025923449,0.0,-11.837342994733035,0.0,0.0,0.0,-19.209761360769363,0.0,0.0,0.0,0.0,0.0,0.0,0.0,0.0,0.0,0.0,0.0,0.0,0.0,0.0,0.0,0.0,0.0,0.0,-0.15367809088615492,0.0,0.0,7.683904544307746,-1000.0,0.0,0.0,0.0,0.0,0.0,0.0,0.0,0.0,-406.93588292981127,3.841952272153873,0.0,0.0,442.43712189188415,0.15367809088615492,0.0,153.6780908861549,-47.64020817470802,30.735618177230986,1.0977006491868209,428.76187357237217,-0.11525856816461619,410.16901790423896,3.0735618177230983,-0.7683904544308007,-428.76187357237217,46.10342726584648,-0.15367809088615492,163.32683204693276,0.0,0.03841952272153873,1.0977006491868209,-489.9804961407983,-61.654566374203846,-3.0735618177230983,172.95720135187094,-0.15367809088615492,0.03841952272153873,-428.76187357237217,15.367809088615491,0.15367809088615492,0.15367809088615492,-252.33117860148408,-37.0199684051548,0.0,-0.11525856816461619,46.10342726584648,0.15367809088615492,46.10342726584648,-76.83904544307745,-0.07683904544307746,17.24131355073007,-253.47121822182638,-0.11525856816461619,-0.15367809088615492,-47.64020817470802,0.15367809088615492,15.367809088615491,-3.0735618177230983,237.94973104232474,237.94973104232474,-15.367809088615491,-172.95720135187094,-237.94973104232474,30.735618177230982,0.23051713632923237,-798.3156458036137,15.367809088615491,-333.3333333333333,0.0,-30.735618177230982,0.07683904544307746,1.5367809088615492,81.66341602346638,-274.93777598351176,-0.15367809088615492,-287.2314730417295,252.33117860148408,47.64020817470802,0.15367809088615492,61.654566374203846,-184.4137090633859,0.0,-0.15367809088615492,-0.03841952272153873,0.0,-0.15367809088615492,-594.9025746961903,0.15367809088615492,-0.03841952272153873,-0.03841952272153873,-0.03841952272153873,61.471236354461965,76.83904544307745,1.5367809088615492,172.93851730332838,-0.03841952272153873,0.0,7.683904544307746,244.3527916597972,0.15367809088615492,0.07683904544307746,0.07683904544307746,15.367809088615491,47.64020817470802,0.15367809088615492,-47.64020817470802,1.5367809088615492,0.15367809088615492,-291.103040739433,0.15367809088615492,0.6147123635446405,0.7683904544308007,0.07683904544307746,0.03841952272153873,46.10342726584648,-0.15367809088615492,0.0,1.5367809088615492,-345.87703460665676,406.32706563208507,-15.367809088615491,30.735618177230982,7.683904544307746,-0.15367809088615492,489.9804961407983,0.23051713632923237,-0.15367809088615492,-30.735618177230982,47.64020817470802,599.6076022584695,0.07683904544307746,-488.7055833195944,-0.15367809088615492,-0.15367809088615492,-0.15367809088615492,0.07683904544307746,428.76187357237217,-30.735618177230982,0.15367809088615492,163.32683204693276,-0.03841952272153873,37.0199684051548,-163.32683204693276,23.051713632923235,253.47121822182638,92.18475251815862,428.76187357237217,-0.11525856816461619,287.2314730417295,274.93777598351176,0.15367809088615492,-0.03841952272153873,7.683904544307746,153.6780908861549,-0.07683904544307746,-0.15367809088615492,0.03841952272153873,1000.0,0.0,-201.76119324182935,118.16452343610464,522.0890240536253,0.0,226.26578155465296,-1000.0,0.0,1000.0,272.45048341414906,-1000.0,-1000.0,-500.0,-261.04451202681264,-136.22524170707453,0.0,500.0,-252.6539025923449,-350.3607787370995,1000.0,1000.0,-350.3607787370995,-226.26578155465296,197.65584076471168,0.0,1496.5981,bhi
481,0.0,0.0,0.0,0.0,0.0,0.0,0.0,0.0,586.3626456541363,0.0,0.0,0.0,0.0,0.0,0.0,0.0,425.881124937059,0.0,0.0,-52.581791481075925,0.0,0.0,0.0,1000.0,0.0,0.0,0.0,0.0,0.0,769.6397055423158,0.0,0.0,150.26049526111748,0.0,0.0,0.0,0.0,-0.8499112247999392,0.0,-1000.0,330.44944249709965,0.0,0.0,0.0,0.0,0.0,0.0,0.0,-691.6594335691358,0.0,0.0,0.0,0.0,0.23372558681967348,0.0,0.0,0.0,0.0,0.0,0.0,-18.71221213267169,0.0,0.0,-18.71221213267169,0.0,0.0,0.0,0.0,0.0,0.0,0.0,2.124778061999054,0.0,0.0,0.0,0.0,0.0,0.0,0.0,0.0,0.0,0.0,0.0,0.0,127.48668371994324,0.0,0.0,130.1839238340958,438.52449026496004,0.0,806.7513122664511,0.0,0.0,0.0,63.74334185997162,0.0,63.74334185997162,-6.841785359636674,0.0,0.0,0.0,60.08787397258402,769.6397055423158,0.0,0.0,0.0,0.0,978.7529891125135,0.0,0.0,0.0,0.0,0.0,0.0,0.0,0.0,0.0,0.0,0.0,0.0,0.0,0.0,0.0,0.0,-1000.0,0.0,0.0,63.74334185997162,0.0,65.86811992197067,0.0,0.0,-146.86362302114998,0.0,146.86362302114998,-146.86362302114998,0.0,0.0,0.0,0.0,0.0,0.0,0.0,0.0,0.0,16.36079107739272,0.2124778061999054,806.8044317180011,0.0,0.0,0.0,-551.2020576613203,0.0,0.0,0.0,0.0,1000.0,0.0,0.0,0.0,0.0,0.0,177.28993716768804,177.28993716768804,0.0,0.0,0.0,0.0,-930.6816686923087,0.0,0.0,177.50241497388794,0.0,0.0,0.0,0.0,-244.31743226420355,0.0,0.0,0.0,0.0,0.0,0.0,0.0,0.0,0.0,-29.52024987470685,0.0,0.0,0.0,0.0,-876.6119919242219,0.0,0.0,0.0,0.0,0.0,0.0,0.0,-438.52449026496004,438.52449026496004,0.0,0.0,0.0,0.0,0.0,0.0,0.0,0.0,-315.2129460858991,0.0,0.0,0.0,0.0,0.0,0.0,0.0,0.0,0.0,0.0,0.0,0.0,0.0,0.0,-363.80681985871763,-503.861396910239,0.0,0.0,0.0,0.0,152.3803288657394,0.0,0.0,0.0,0.0,-18.71221213267169,-503.861396910239,0.0,0.0,0.0,0.0,0.0,0.0,0.0,0.0,0.0,42.49556123998108,0.0,0.0,0.0,877.0489805299201,-1000.0,0.0,503.861396910239,0.0,0.0,0.0,-85.41530835985793,0.0,0.0,0.0,-21.414221568180437,0.0,0.0,587.5159799456831,0.0,366.7680878277138,220.74789211796923,366.7680878277138,0.0,0.0,0.0,70.369227989004,0.0,0.0,440.4327504319967,0.0,0.0,0.0,-289.99304123828546,0.0,289.99304123828546,0.0,1000.0,0.0,0.0,-706.2102006735404,0.0,0.0,0.0,-18.71221213267169,-0.31871670929985807,0.0,0.0,0.0,0.0,0.2124778061999054,0.0,0.0,0.0,660.4883211985109,425.881124937059,0.0,-325.5275342170611,284.38138024120684,244.31743226420355,324.6492864916913,0.0,815.1177691841277,0.0,0.0,0.0,0.0,0.0,-18.29433911381163,-796.8234300703161,0.0,117.60325582216673,-1000.0,0.0,0.0,0.0,0.0,0.0,0.0,0.0,0.0,0.0,0.0,0.0,0.0,0.0,0.0,0.0,0.0,0.0,-1000.0,0.0,-1000.0,0.0,0.0,0.0,0.0,0.0,0.0,-16.36079107739272,0.0,0.0,0.0,0.0,49.46398366258875,0.0,0.0,849.5531354768685,0.0,796.8234300703161,-318.96835133064343,0.0,242.1319970427735,-528.2333630909461,0.0,-884.9090176181581,0.0,-5.311945154997635,-10.62389030999527,0.0,0.0,-138.1105740299385,0.0,0.0,63.74334185997162,0.0,0.0,0.0,1000.0,0.0,586.5751234603362,0.0,0.0,0.0,0.0,-429.7996464789091,0.0,0.0,-822.9225406385119,0.0,0.0,0.0,0.0,0.0,-37.42442426534338,0.0,-46.875000000001776,69.54349786537992,0.0,0.0,0.0,0.0,-978.7522193800095,0.4249556123995717,0.0,0.0,0.0,0.0,0.0,0.0,0.0,0.0,0.0,0.0,0.0,0.0,0.0,0.0,0.0,0.0,0.0,0.0,0.0,0.23372558681967348,0.23372558681967348,0.0,0.0,0.0,127.48668371994324,0.0,0.0,0.0,1000.0,0.0,499.27153683192216,0.0,0.0,0.0,1000.0,-1000.0,0.0,0.0,0.0,0.0,0.0,69.54349786537992,0.0,0.0,0.0,0.0,0.0,0.0,0.0,333.3333333333333,-660.4883211985109,551.2020576613203,0.0,16.36079107739272,0.0,0.0,0.0,-152.3803288657394,0.0,1000.0,0.0,21.24778061999052,0.0,859.3749999999991,-859.3749999999991,0.0,0.0,0.0,0.0,0.0,0.0,0.0,0.0,0.0,0.0,0.0,0.0,0.0,0.0,127.48668371994324,0.0,0.0,0.0,0.0,0.0,0.0,0.0,0.0,0.0,0.0,0.0,0.0,2.124778061999054,0.0,0.0,0.0,0.0,0.0,0.0,0.0,0.0,63.74334185997162,0.0,0.0,0.0,0.0,0.0,0.0,0.0,0.0,0.0,0.0,0.0,28.8245925880713,0.0,63.74334185997162,63.74334185997162,1000.0,-1000.0,0.0,69.54349786537992,0.0,0.0,0.0,0.0,0.0,-887.2429613644825,0.0,-863.1727672188033,0.2124778061999054,0.0,0.0,0.0,280.60729705928935,387.304085238928,0.0,0.0,0.0,0.0,0.0,0.0,0.0,0.0,0.0,0.0,0.0,0.0,0.0,0.0,0.0,0.0,0.2124778061999054,0.0,0.0,0.0,-1000.0,1000.0,0.0,0.0,0.0,0.0,0.0,0.0,0.0,-16.36079107739272,0.0,-15.935835464992905,-10.62389030999527,0.0,0.0,0.0,0.0,0.0,0.0,0.0,0.0,0.0,0.0,0.0,0.0,0.0,244.31743226420355,0.0,0.0,-127.48668371994324,0.0,0.0,0.0,586.3626456541363,0.0,0.0,0.2124778061999054,0.0,0.2124778061999054,0.0,0.0,0.0,127.48668371994324,259.2229235638846,259.2229235638846,0.0,0.0,0.0,0.0,0.0,0.0,0.0,551.2020576613203,0.0,0.0,0.0,0.0,0.0,0.0,0.0,0.0,0.0,0.0,0.0,0.0,0.0,0.0,0.0,0.0,0.0,0.0,0.0,152.3803288657394,0.0,-949.5409259669921,949.5409259669921,0.31871670929985807,0.0,0.0,0.0,-63.74334185997162,0.0,0.0,0.0,0.0,0.0,0.0,10.62389030999527,0.0,0.0,0.0,0.0,930.6816686923087,16.36079107739272,0.0,0.0,-46.875000000001776,0.0,0.0,0.0,0.0,0.0,0.0,0.0,0.0,-200.87586143343822,0.0,0.0,711.3467796890891,387.304085238928,0.0,0.0,16.36079107739272,-16.36079107739272,0.0,-344.6382319237425,0.0,10.62389030999527,760.7588818837836,0.0,0.0,0.0,-37.42442426534338,0.0,0.0,0.0,0.0,0.0,0.0,0.0,0.0,0.0,13.58441440971393,-15.935835464992902,259.2229235638846,0.0,0.0,0.0,0.0,0.0,0.0,0.0,0.0,0.0,0.0,0.0,0.0,31.87167092998584,-280.60729705928935,0.0,0.0,63.74334185997162,0.0,0.0,0.0,0.0,-172.16052964934164,0.0,0.0,0.23372558681967348,0.0,0.0,0.0,129.6114617819423,0.0,0.0,0.0,0.0,-363.80681985871763,0.0,0.0,0.0,0.0,0.0,0.0,0.0,0.0,0.0,0.0,939.3183090227013,0.021247780619990664,0.0,0.0,0.0,0.0,0.0,0.0,0.0,0.0,0.0,0.0,0.0,0.0,0.0,0.0,0.0,0.0,0.0,0.0,0.0,0.0,0.0,0.0,0.0,0.0,0.0,0.0,0.0,0.0,-499.82232316238924,677.7125759752996,0.0,0.0,0.0,0.0,127.48668371994324,0.0,0.0,0.0,0.0,0.0,0.0,-127.48668371994324,0.0,0.0,0.0,0.0,0.0,0.0,0.0,0.0,0.0,0.0,0.0,0.0,863.1727672188033,0.0,145.54729724693522,-63.74334185997162,0.0,0.0,-0.8499112247999392,0.0,0.0,0.0,0.0,0.0,0.0,0.0,0.0,0.0,70.3125,0.0,-70.3125,-70.3125,0.0,0.0,0.0,0.0,-26.559725774988173,0.0,-65.39981912758165,0.0,0.0,0.0,0.0,0.0,0.0,-862.0309725774528,859.374999999954,37.42442426534338,0.0,0.0,0.0,0.0,0.0,0.0,0.0,1000.0,63.74334185997162,63.74334185997162,0.0,0.0,0.0,0.0,0.0,0.23372558681967348,0.0,0.0,0.0,0.8499112247999392,939.2970612420813,0.0,0.0,0.0,0.0,0.0,0.0,0.0,0.0,0.0,0.0,0.0,0.0,0.0,474.77046298349603,0.0,0.0,0.0,0.0,223.10169650990068,16.36079107739272,0.0,0.0,0.0,0.0,0.0,0.0,0.0,-33.82646674702466,0.0,0.0,0.0,-26.559725774988173,0.0,0.0,0.0,0.0,0.0,0.0,0.0,0.0,0.0,0.0,0.0,0.0,0.0,0.0,0.0,0.0,0.0,0.0,-0.2124778061999054,0.0,0.0,10.62389030999527,-1000.0,0.0,0.0,0.0,0.0,0.0,0.0,0.0,0.0,18.29433911381163,5.311945154997635,0.0,0.0,0.0,0.2124778061999054,0.0,212.4778061999054,-65.86811992197067,42.49556123998108,1.5176986157136099,592.8130792977361,-0.15935835464992903,35.35588214128961,4.249556123998108,-1.0623890309998445,-592.8130792977361,63.74334185997162,-0.2124778061999054,0.0,69.54349786537992,0.05311945154997635,1.5176986157136099,0.0,-33.82646674702466,-4.249556123998108,-373.29933345598306,-0.2124778061999054,0.05311945154997635,-592.8130792977361,21.24778061999054,0.2124778061999054,0.2124778061999054,0.4462033930195789,0.23372558681990085,-741.708629402199,-0.15935835464992903,63.74334185997162,0.2124778061999054,63.74334185997162,-106.2389030999527,-0.1062389030999527,-258.291370597801,-173.84058729192984,-0.15935835464992903,-0.2124778061999054,-65.86811992197067,0.2124778061999054,21.24778061999054,-4.249556123998108,152.3803288657394,152.3803288657394,-21.24778061999054,373.29933345598306,-152.3803288657394,42.49556123998108,0.31871670929985807,-1000.0,21.24778061999054,-333.3333333333333,69.54349786537992,-42.49556123998108,0.1062389030999527,2.124778061999054,81.38188355426527,42.49556123998108,-0.2124778061999054,-47.807506394978745,-0.4462033930195789,65.86811992197067,0.2124778061999054,33.82646674702466,-185.4298695745067,69.54349786537992,-0.2124778061999054,-0.05311945154997635,-69.54349786537992,-0.2124778061999054,-978.7522193800095,0.21247780620001322,-0.05311945154997635,-0.05311945154997635,-0.05311945154997635,84.99112247996216,106.2389030999527,2.124778061999054,370.20069878223603,-0.05311945154997635,162.76376710853054,10.62389030999527,500.0,0.2124778061999054,0.1062389030999527,0.1062389030999527,56.019529552680495,65.86811992197067,0.2124778061999054,-65.86811992197067,2.124778061999054,0.2124778061999054,-795.7631070099951,0.2124778061999054,0.8499112247999392,1.0623890309998445,0.1062389030999527,0.05311945154997635,63.74334185997162,-0.2124778061999054,741.708629402199,2.124778061999054,-740.4013975644721,30.04393698629201,-21.24778061999054,42.49556123998108,10.62389030999527,-0.2124778061999054,0.0,0.31871670929985807,-0.2124778061999054,-112.03905910536099,65.86811992197067,656.9245406601019,0.1062389030999527,-1000.0,-0.2124778061999054,-0.21247780620001322,-0.2124778061999054,0.1062389030999527,592.8130792977361,-42.49556123998108,0.2124778061999054,162.76376710853054,-0.05311945154997635,-0.23372558681990085,-162.76376710853054,31.871670929985804,173.84058729192984,425.74500266631327,592.8130792977361,-0.15935835464992903,47.807506394978745,-42.49556123998108,0.2124778061999054,-0.05311945154997634,10.62389030999527,212.4778061999054,-0.1062389030999527,-0.2124778061999054,0.05311945154997635,0.0,0.0,999.8937610969,425.5624082277591,160.4123115805853,0.0,656.1561524710553,232.34783046079284,0.0,-45.54228607720785,-1000.0,-202.64028326774996,0.0,22.771143038603924,-80.20615579029266,500.0,0.0,-116.17391523039642,0.0,-484.7640110107602,0.0,202.64028326774996,-484.7640110107602,-656.1561524710553,410.16912071278574,0.0,1496.5981,bhi
482,0.0,0.0,0.0,0.0,0.0,0.0,0.0,0.0,-0.2083528395842452,0.0,0.0,0.0,0.0,0.0,0.0,0.0,-193.07091581087755,795.8177049625307,0.0,0.0,0.0,0.0,0.0,0.0,0.0,369.26189353750715,0.0,0.0,0.0,-621.8782538443751,0.0,0.0,717.205374548436,0.0,0.0,0.0,0.0,768.7785311739028,0.0,-1000.0,461.5784272814166,0.0,0.0,74.04744939861479,0.0,0.0,0.0,0.0,0.0,-639.3075612903841,0.0,-100.20451832276916,0.0,0.22918812354287577,0.0,0.0,0.0,41.67056791684904,0.0,0.0,16.51612126014465,0.0,924.5891734894074,836.5101107509595,0.0,0.0,0.0,0.0,1000.0,-1000.0,0.0,2.083528395842452,0.0,0.0,0.0,0.0,0.0,0.0,0.0,0.0,0.0,0.0,0.0,0.0,125.01170375054713,0.0,0.0,448.9978080765785,-347.3446710937383,694.6893421874767,596.7335510934118,0.0,0.0,-15.268372866569683,62.505851875273564,0.0,62.505851875273564,0.0,0.0,0.0,0.0,994.7911790103939,-621.8782538443751,0.0,0.0,-93.81373942621354,0.0,0.0,0.0,0.0,0.0,0.0,0.0,0.0,0.0,0.0,0.0,0.0,0.0,0.0,0.0,0.0,0.0,0.0,-1000.0,0.0,0.0,62.505851875273564,0.0,64.58938027111601,0.0,0.0,0.0,0.0,0.0,0.0,-943.0800978563175,0.0,0.0,838.4849138577249,0.0,0.0,0.0,0.0,0.0,16.04316864798687,0.2083528395842452,596.7856393033079,0.0,0.0,-119.70893886223637,0.0,0.0,0.0,0.0,0.0,1000.0,0.0,0.0,0.0,0.0,0.0,454.1852891944329,454.1852891944329,0.0,0.0,0.0,0.0,-20.76332278931034,0.0,0.0,454.3936420340172,0.0,0.0,0.0,360.2144120834971,0.0,0.0,0.0,0.0,0.0,0.0,0.0,0.0,0.0,0.0,-840.1331198126219,0.0,0.0,0.0,0.0,-1000.0,0.0,0.0,0.0,0.0,0.0,639.3075612903841,100.20451832276916,-347.3446710937383,347.3446710937383,0.0,0.0,0.0,0.0,0.0,0.0,0.0,0.0,778.6488447457672,0.0,0.0,0.0,0.0,0.0,0.0,0.0,0.0,0.0,0.0,0.0,0.0,0.0,351.94321666824163,-288.20731356648116,714.7446513324835,0.0,0.0,0.0,104.59518399859252,149.8667149967721,0.0,0.0,0.0,0.0,16.51612126014465,640.6972019338687,0.0,0.0,0.0,0.0,0.0,0.0,0.0,0.0,434.59532110422947,0.0,0.0,0.0,0.0,0.0,201.85765530560934,0.0,-714.7446513324835,0.0,0.0,104.59518399859252,-654.0424561249353,0.0,0.0,0.0,263.79022562956226,0.0,0.0,806.4000002221405,0.0,1000.0,-193.59999977785924,1000.0,0.0,-694.6893421874767,0.0,-100.72929253055531,639.3075612903841,0.0,431.4377074432721,0.0,0.0,0.0,946.9613362788715,0.0,-946.9613362788715,0.0,1000.0,0.0,104.59518399859252,1000.0,0.0,0.0,0.0,16.51612126014465,-0.3125292593763678,0.0,0.0,0.0,0.0,0.2083528395842452,0.0,0.0,0.0,353.0321120237249,-193.07091581087755,0.0,-62.542492950809034,-105.1729586510719,0.0,524.0842791566902,0.0,401.9918413042891,0.0,-93.81373942621354,0.0,0.0,0.0,614.8512869991384,-1000.0,-16.843128303427534,-1000.0,-1000.0,0.0,0.0,0.0,0.0,0.0,0.0,0.0,0.0,0.0,0.0,0.0,0.0,0.0,0.0,0.0,0.0,0.0,-230.38805746776023,0.0,-1000.0,0.0,0.0,427.8863596696158,141.6785487375413,0.0,0.0,-450.63848975221634,0.0,0.0,0.0,0.0,984.3735370311816,0.0,0.0,-573.4436848635737,0.0,0.0,21.304104368452233,-10.41764197921226,-606.7463615393116,-289.7480751447892,0.0,0.0,1000.0,-5.20882098960613,0.0,-1000.0,0.0,0.0,1000.0,-344.6197137269444,62.505851875273564,0.0,0.0,0.0,0.0,0.0,0.0,0.0,-351.94321666824163,351.94321666824163,351.94321666824163,-4.639144781330515,0.0,0.0,-546.0230636451513,0.0,0.0,0.0,0.0,0.0,-71.56294147830322,0.0,0.0,0.0,0.0,0.0,0.0,0.0,-470.4221043039911,0.4167056791686295,0.0,0.0,0.0,0.0,0.0,0.0,0.0,0.0,0.0,0.0,0.0,0.0,0.0,0.0,0.0,0.0,0.0,0.0,0.0,0.22918812354287577,0.22918812354287577,0.0,52.74197962566162,0.0,125.01170375054713,0.0,0.0,0.0,1000.0,0.0,0.0,0.0,0.0,0.0,751.635668461148,-1000.0,0.0,0.0,170.79312960641482,0.0,0.0,0.0,0.0,0.0,0.0,0.0,0.0,0.0,0.0,333.3333333333333,-353.0321120237249,119.70893886223637,0.0,16.04316864798687,0.0,-15.268372866569683,0.0,-149.8667149967721,0.0,751.635668461148,0.0,281.21356415715695,0.0,0.0,0.0,351.94321666824163,0.0,0.0,0.0,0.0,0.0,0.0,0.0,0.0,0.0,0.0,0.0,0.0,0.0,125.01170375054713,104.59518399859252,104.59518399859252,0.0,0.0,0.0,0.0,0.0,0.0,0.0,0.0,0.0,0.0,2.083528395842452,0.0,0.0,0.0,0.0,0.0,100.20451832276916,0.0,0.0,62.505851875273564,-170.79312960641482,0.0,0.0,0.0,0.0,0.0,0.0,0.0,0.0,0.0,0.0,1000.0,0.0,62.505851875273564,62.505851875273564,136.65215719289404,-1000.0,0.0,0.0,0.0,0.0,0.0,0.0,0.0,621.8782538443751,0.0,1000.0,0.2083528395842452,0.0,0.0,0.0,275.159689362365,0.0,0.0,15.268372866569683,0.0,0.0,0.0,0.0,0.0,0.0,0.0,0.0,0.0,0.0,0.0,0.0,0.0,0.0,0.2083528395842452,0.0,0.0,0.0,0.0,0.0,0.0,0.0,0.0,0.0,0.0,0.0,0.0,0.0,-792.3640726148403,-15.626462968818373,-10.41764197921226,0.0,0.0,0.0,0.0,0.0,0.0,0.0,0.0,0.0,0.0,0.0,0.0,104.59518399859252,0.0,0.0,0.0,-334.20207174773213,0.0,0.0,0.0,-0.2083528395842452,0.0,0.0,0.2083528395842452,0.0,0.2083528395842452,0.0,0.0,0.0,125.01170375054713,254.19046429277915,254.19046429277915,0.0,0.0,0.0,0.0,0.0,0.0,0.0,119.70893886223637,0.0,0.0,0.0,0.0,632.7904664873422,0.0,0.0,0.0,0.0,0.0,0.0,0.0,0.0,0.0,0.0,0.0,0.0,0.0,0.0,149.8667149967721,0.0,-1000.0,1000.0,0.3125292593763678,0.0,0.0,0.0,-62.505851875273564,0.0,0.0,0.0,0.0,0.0,-52.74197962566162,10.41764197921226,0.0,0.0,0.0,0.0,20.76332278931034,417.46871769040354,0.0,0.0,0.0,0.0,0.0,0.0,0.0,0.0,104.59518399859252,0.0,170.79312960641482,72.6064908408215,-299.20123704258003,0.0,941.3451068866918,-93.81373942621354,22.752130082600615,-33.16977206181288,0.0,10.41764197921226,0.0,-908.2329204177144,0.0,10.41764197921226,190.21585367187322,0.0,0.0,0.0,-71.56294147830322,640.6249999990621,-640.6249999990621,0.0,0.0,0.0,0.0,0.0,0.0,0.0,908.5015624071019,-99.62136853211689,254.19046429277915,0.0,0.0,0.0,0.0,0.0,0.0,0.0,0.0,0.0,434.59532110422947,0.0,0.0,0.0,-275.159689362365,85.72857018407376,0.0,62.505851875273564,0.0,0.0,0.0,0.0,-354.74489225471393,0.0,0.0,0.22918812354287577,0.0,0.0,0.0,127.09523214638958,0.0,0.0,0.0,0.0,-288.20731356648116,0.0,0.0,0.0,0.0,0.0,0.0,0.0,0.0,-882.121978160999,0.0,0.02083528395842452,0.02083528395842452,0.0,0.0,0.0,0.0,0.0,0.0,0.0,0.0,0.0,0.0,0.0,0.0,0.0,0.0,0.0,52.74197962566162,0.0,0.0,0.0,0.0,0.0,0.0,0.0,639.3075612903841,0.0,0.0,0.0,0.0,0.0,-386.66660582954125,795.8177049625307,0.0,0.0,0.0,125.0117037505471,0.0,0.0,0.0,0.0,0.0,556.1679806511677,-681.1796844017148,0.0,0.0,0.0,0.0,0.0,0.0,0.0,0.0,0.0,0.0,0.0,0.0,-1000.0,-1000.0,775.5121616025501,0.0,-62.505851875273564,0.0,768.7785311739028,0.0,0.0,0.0,0.0,0.0,0.0,0.0,0.0,0.0,0.0,0.0,0.0,0.0,0.0,0.0,0.0,0.0,-26.044104948030633,104.59518399859252,-1000.0,716.7853720506407,0.0,0.0,0.0,0.0,0.0,0.0,-2.6044104948030653,71.56294147830322,0.0,0.0,0.0,0.0,0.0,0.0,0.0,1000.0,62.505851875273564,62.505851875273564,0.0,0.0,0.0,0.0,0.0,0.22918812354287577,52.74197962566162,0.0,0.0,-768.7785311739028,0.0,0.0,0.0,0.0,0.0,0.0,0.0,0.0,0.0,0.0,0.0,0.0,0.0,0.0,315.3690532312464,0.0,0.0,0.0,0.0,218.77048156345748,16.04316864798687,0.0,0.0,0.0,0.0,0.0,52.74197962566162,0.0,0.0,0.0,0.0,0.0,-26.044104948030633,0.0,0.0,0.0,0.0,0.0,0.0,0.0,0.0,0.0,0.0,0.0,0.0,0.0,0.0,0.0,0.0,0.0,0.0,-0.2083528395842452,0.0,0.0,10.41764197921226,-751.635668461148,0.0,0.0,0.0,0.0,104.59518399859252,0.0,0.0,0.0,-614.8512869991384,5.20882098960613,0.0,0.0,369.26189353750715,0.2083528395842452,0.0,208.35283958424517,-64.58938027111601,41.67056791684904,1.4882345684588942,581.3044224400442,-0.1562646296881839,573.4436848635737,4.167056791684904,-1.0417641979211112,-581.3044224400442,62.50585187527356,-0.2083528395842452,31.271246475404517,0.0,0.0520882098960613,1.4882345684588942,-93.81373942621354,-33.16977206181288,-4.167056791684904,-602.7467891516532,-0.2083528395842452,0.0520882098960613,-581.3044224400442,20.83528395842452,0.2083528395842452,0.2083528395842452,-52.3044386625345,0.2291881235426697,-1000.0,-0.1562646296881839,62.505851875273564,0.2083528395842452,62.505851875273564,-104.1764197921226,-0.1041764197921226,187.6274788524271,-170.91035179478087,-0.1562646296881839,-0.2083528395842452,-64.58938027111601,0.2083528395842452,20.83528395842452,-4.167056791684904,149.8667149967721,149.8667149967721,-20.83528395842452,602.7467891516532,-149.8667149967721,41.67056791684904,0.3125292593763678,-1000.0,20.83528395842452,-333.3333333333333,0.0,-41.67056791684904,0.1041764197921226,2.083528395842452,15.635623237702259,-257.530669125731,-0.2083528395842452,-99.62136853211689,52.3044386625345,64.58938027111601,0.2083528395842452,33.16977206181288,-250.02340750109423,0.0,-0.2083528395842452,-0.0520882098960613,0.0,-0.2083528395842452,-470.4221043039911,0.20835283958401782,-0.0520882098960613,-0.0520882098960613,-0.0520882098960613,83.34113583369808,104.1764197921226,2.083528395842452,405.0163585855904,-0.0520882098960613,0.0,10.41764197921226,245.6286941312078,0.2083528395842452,0.1041764197921226,0.1041764197921226,-31.46230804087174,64.58938027111601,0.2083528395842452,-64.58938027111601,2.083528395842452,0.2083528395842452,-906.3222557028132,0.2083528395842452,0.8334113583368696,1.0417641979211112,0.1041764197921226,0.0520882098960613,62.505851875273564,-0.2083528395842452,1000.0,2.083528395842452,-810.0327171711808,568.2348638739676,-20.83528395842452,41.67056791684904,10.41764197921226,-0.2083528395842452,93.81373942621354,0.3125292593763678,-0.2083528395842452,62.92461608174348,64.58938027111601,740.419920412297,0.1041764197921226,-491.2573882624156,-0.2083528395842452,-0.20835283958401782,-0.2083528395842452,0.1041764197921226,581.3044224400442,-41.67056791684904,0.2083528395842452,31.271246475404517,-0.0520882098960613,-0.2291881235426697,-31.271246475404517,31.252925937636775,170.91035179478087,321.3173781514823,581.3044224400442,-0.1562646296881839,99.62136853211689,257.530669125731,0.2083528395842452,-0.05208820989606129,10.41764197921226,208.35283958424517,-0.1041764197921226,-0.2083528395842452,0.0520882098960613,651.2753779321309,0.0,999.8958235802079,501.3058971172228,-842.7806984587447,0.0,770.2708566285536,-815.6237117294615,0.0,1000.0,56.78231629069502,-863.3067359413045,0.0,-500.0,421.39034922937236,-28.39115814534751,0.0,407.8118558647308,-52.74197962566162,-385.67502815758303,0.0,863.3067359413045,-385.67502815758303,-770.2708566285536,499.72949008561164,0.0,1496.5981,bhi
483,0.0,0.0,0.0,0.0,0.0,0.0,0.0,0.0,-0.1639734337288255,0.0,0.0,0.0,0.0,0.0,0.0,0.0,1000.0,23.964106187851883,0.0,-778.4673664242891,0.0,0.0,0.0,0.0,0.0,0.0,0.0,0.0,0.0,429.12373272227177,0.0,0.0,441.3233429426065,0.0,0.0,0.0,0.0,146.67422147667338,0.0,-1000.0,17.965162233327508,0.0,-842.4219958386445,0.0,0.0,0.0,0.0,0.0,-1000.0,0.0,0.0,1000.0,0.0,0.18037077710157898,0.0,0.0,0.0,0.0,0.0,0.0,-46.329945640151635,0.0,46.329945640151635,0.0,0.0,0.0,0.0,0.0,873.5600852517028,-873.5600852517028,0.0,1.6397343372882554,0.0,0.0,0.0,0.0,0.0,0.0,0.0,0.0,0.0,0.0,0.0,0.0,98.38406023729532,0.0,0.0,512.1986615944327,-341.8195557792803,75.1176339484104,-0.04099335843220638,0.0,0.0,0.0,49.19203011864766,0.0,49.19203011864766,0.0,0.0,0.0,0.0,8.198671686441276,429.12373272227177,0.0,0.0,-412.13434887948756,0.0,0.0,0.0,0.0,0.0,0.0,0.0,0.0,0.0,0.0,0.0,0.0,0.0,0.0,0.0,0.0,0.0,0.0,-341.2425346070543,0.0,0.0,49.19203011864766,0.0,50.831764455935904,34.96694573577136,0.0,-1000.0,1000.0,0.0,0.0,0.0,0.0,0.0,0.0,0.0,0.0,0.0,0.0,0.0,12.625954397119562,0.1639734337288255,0.0,0.0,0.0,0.0,0.0,0.0,0.0,0.0,0.0,918.8083410693134,0.0,0.0,0.0,0.0,0.0,502.48048139533853,502.48048139533853,0.0,0.0,0.0,85.859375,465.42571484135584,0.0,0.0,502.64445482906734,0.0,0.0,0.0,-396.3223446427072,-612.7170215987614,0.0,0.0,0.0,0.0,0.0,0.0,0.0,0.0,0.0,0.0,0.0,0.0,0.0,0.0,-659.093577702816,0.0,0.0,0.0,0.0,0.0,0.0,-157.57800416135547,266.7019218308699,-266.7019218308699,0.0,0.0,0.0,0.0,0.0,0.0,0.0,0.0,-53.291365961868294,0.0,0.0,0.0,0.0,0.0,0.0,0.0,0.0,0.0,0.0,0.0,0.0,0.0,568.6838222175256,-333.75332469772104,-271.5457285609163,0.0,0.0,0.0,0.0,0.0,0.0,0.0,0.0,0.0,-46.329945640151635,-271.5457285609163,0.0,0.0,0.0,0.0,0.0,0.0,0.0,0.0,475.58397674854746,32.794686745765105,0.0,0.0,983.102809753527,-467.84066369526823,-378.6774207360529,0.0,271.5457285609163,0.0,0.0,0.0,697.8011891543007,0.0,0.0,0.0,39.2805766127876,0.0,0.0,-1000.0,0.0,401.232582394169,-1000.0,0.0,401.232582394169,-75.1176339484104,0.0,1000.0,0.0,0.0,527.4197715749659,0.0,0.0,0.0,0.0,0.0,0.0,0.0,502.3165079616097,0.0,0.0,0.0,85.859375,0.0,0.0,-46.329945640151635,-0.24596015059323828,0.0,0.0,0.0,0.0,0.1639734337288255,0.0,0.0,0.0,134.3175708356208,1000.0,0.0,-274.75623258632504,150.27659008342386,612.7170215987614,-33.24402497977419,0.0,1000.0,0.0,-412.13434887948756,0.0,0.0,0.0,873.5600852517028,-873.5600852517028,-1000.0,-1000.0,206.99491487128807,0.0,0.0,0.0,0.0,0.0,0.0,0.0,0.0,0.0,0.0,0.0,0.0,0.0,0.0,0.0,0.0,0.0,-996.1719683823596,0.0,-1000.0,0.0,0.0,470.3040321824797,0.0,0.0,0.0,-488.20993114566704,0.0,0.0,0.0,0.0,0.0,0.0,0.0,991.8013283135588,0.0,0.0,0.0,-211.2335161665851,-274.4094102422778,165.94098383065966,0.0,-1000.0,858.7511120017082,-4.099335843220638,203.03484448014382,-141.9056440352013,0.0,-106.58273192373659,-456.70161535572515,0.0,49.19203011864766,0.0,0.0,0.0,0.0,0.0,0.0,0.0,-568.6838222175256,568.6838222175256,568.6838222175256,-27.503754608689746,0.0,0.0,0.0,0.0,0.0,0.0,0.0,0.0,-92.65989128030327,0.0,0.0,100.40121733174935,0.0,0.0,0.0,0.0,-382.94535481636865,0.3279468674577686,0.0,0.0,0.0,0.0,0.0,0.0,0.0,0.0,0.0,0.0,0.0,0.0,0.0,0.0,0.0,0.0,0.0,0.0,0.0,0.18037077710157898,0.18037077710157898,0.0,0.0,0.0,98.38406023729532,0.0,0.0,0.0,1000.0,0.0,0.0,0.0,0.0,0.0,1000.0,-1000.0,0.0,0.0,0.0,0.0,0.0,100.40121733174935,0.0,0.0,0.0,0.0,0.0,0.0,0.0,113.74751153568478,-134.3175708356208,0.0,0.0,12.625954397119562,0.0,0.0,0.0,0.0,0.0,378.15763775955566,0.0,0.0,617.0546451836314,0.0,0.0,568.6838222175256,0.0,0.0,0.0,0.0,0.0,0.0,0.0,0.0,0.0,0.0,0.0,0.0,0.0,98.38406023729532,0.0,0.0,0.0,0.0,0.0,0.0,0.0,0.0,0.0,0.0,0.0,0.0,1.6397343372882554,0.0,0.0,0.0,0.0,0.0,-157.57800416135547,0.0,0.0,49.19203011864766,0.0,0.0,0.0,0.0,0.0,0.0,0.0,0.0,0.0,0.0,747.321166140406,-333.48466491223667,0.0,49.19203011864766,49.19203011864766,1000.0,-1000.0,0.0,100.40121733174935,0.0,0.0,0.0,0.0,0.0,100.72373996851667,0.0,206.99491487128807,0.1639734337288255,0.0,0.0,0.0,76.68256107207552,0.0,0.0,0.0,0.0,0.0,0.0,0.0,0.0,0.0,47.83402786464956,0.0,0.0,0.0,0.0,0.0,0.0,0.0,0.1639734337288255,0.0,0.0,0.0,0.0,0.0,0.0,0.0,0.0,0.0,-26.104570649628613,8.198671686441276,0.0,0.0,-3.828031617640363,-12.298007529661914,-8.198671686441276,0.0,0.0,0.0,0.0,0.0,0.0,0.0,0.0,0.0,0.0,0.0,0.0,0.0,612.7170215987614,0.0,0.0,-98.38406023729532,0.0,0.0,0.0,-0.1639734337288255,0.0,0.0,0.1639734337288255,0.0,0.1639734337288255,143.5020835939487,0.0,0.0,98.38406023729532,200.04758914916712,200.04758914916712,0.0,0.0,0.0,0.0,0.0,0.0,0.0,0.0,0.0,0.0,0.0,0.0,0.0,887.6781978957545,0.0,0.0,0.0,0.0,0.0,0.0,0.0,0.0,0.0,0.0,0.0,0.0,0.0,0.0,0.0,0.0,0.0,0.24596015059323828,0.0,0.0,0.0,-49.19203011864766,0.0,0.0,0.0,0.0,0.0,0.0,8.198671686441276,0.0,0.0,0.0,-85.859375,-465.42571484135584,462.10536049603843,0.0,0.0,0.0,0.0,0.0,0.0,0.0,0.0,0.0,0.0,0.0,-639.0502343010712,-568.6838222175256,0.0,967.2053132542349,-412.13434887948756,0.0,0.0,0.0,0.0,0.0,497.75360000513353,0.0,8.198671686441276,244.93293313335377,0.0,0.0,0.0,-92.65989128030327,0.0,0.0,0.0,0.0,0.0,0.0,0.0,0.0,0.0,12.298007529661914,-36.89402258898585,200.04758914916712,0.0,0.0,0.0,0.0,0.0,0.0,0.0,0.0,0.0,475.58397674854746,0.0,0.0,0.0,-76.68256107207552,-232.82046688105282,-842.4219958386445,49.19203011864766,0.0,0.0,0.0,0.0,-93.44817555936662,0.0,0.0,0.18037077710157898,0.0,0.0,0.0,100.02379457458356,0.0,0.0,0.0,0.0,-333.75332469772104,0.0,0.0,0.0,0.0,0.0,0.0,0.0,0.0,-153.28795286098998,0.0,0.016397343372882553,0.016397343372882553,0.0,0.0,0.0,0.0,0.0,143.5020835939487,0.0,0.0,0.0,0.0,0.0,0.0,0.0,0.0,0.0,0.0,0.0,0.0,0.0,0.0,0.0,0.0,0.0,0.0,0.0,0.0,0.0,0.0,63.95462941435545,1000.0,23.964106187851883,0.0,0.0,0.0,98.38406023729532,0.0,0.0,0.0,0.0,0.0,0.0,-98.38406023729532,0.0,0.0,0.0,0.0,0.0,0.0,0.0,0.0,0.0,0.0,0.0,0.0,1000.0,-470.1525273092115,1000.0,517.4062062302086,-566.5982363488562,0.0,3.1721378827246838,0.0,0.0,0.0,0.0,0.0,0.0,0.0,0.0,0.0,0.0,0.0,0.0,0.0,0.0,0.0,0.0,0.0,-20.49667921610319,0.0,-12.298007529661914,912.2742129550784,0.0,0.0,0.0,0.0,0.0,0.0,-2.049667921610319,92.65989128030327,0.0,0.0,0.0,0.0,0.0,0.0,0.0,1000.0,49.19203011864766,49.19203011864766,0.0,0.0,0.0,0.0,0.0,0.18037077710157898,0.0,0.0,0.0,-146.67422147667338,0.0,0.0,0.0,0.0,0.0,0.0,0.0,0.0,0.0,0.0,0.0,0.0,0.0,0.0,71.75104179697435,0.0,0.0,34.96694573577136,0.0,172.1721054152668,12.625954397119562,0.0,0.0,0.0,0.0,0.0,0.0,0.0,0.0,0.0,0.0,0.0,-20.49667921610319,0.0,0.0,0.0,0.0,0.0,0.0,0.0,0.0,0.0,0.0,0.0,0.0,0.0,0.0,0.0,0.0,0.0,0.0,-0.1639734337288255,0.0,0.0,8.198671686441276,-1000.0,0.0,0.0,0.0,0.0,0.0,0.0,0.0,0.0,-873.5600852517028,4.099335843220638,0.0,0.0,0.0,0.1639734337288255,0.0,163.9734337288255,-15.864818720164521,32.794686745765105,1.1712388123487538,527.4197715749659,-0.12298007529661914,8.198671686441276,3.2794686745765107,142.68221642530426,-527.4197715749659,49.19203011864766,-0.16397343372882553,137.37811629316252,100.40121733174935,0.04099335843220638,1.1712388123487538,-412.13434887948756,-26.104570649628613,-3.2794686745765107,-245.4967397635628,-0.16397343372882553,0.04099335843220638,-527.4197715749659,16.397343372882553,0.16397343372882553,0.1639734337288255,0.3443442108304045,0.18037077710170807,0.0,-0.12298007529661914,49.19203011864766,0.16397343372882553,49.19203011864761,-81.98671686441276,-0.08198671686441276,-94.5396433103383,-16.561316806611377,-0.12298007529661914,-0.16397343372882553,-15.864818720164521,0.1639734337288255,16.397343372882553,-3.2794686745765107,0.0,0.0,-16.397343372882553,245.4967397635628,0.0,32.794686745765105,0.24596015059323828,-1000.0,16.397343372882553,-113.74751153568478,100.40121733174935,-32.794686745765105,0.08198671686441276,1.6397343372882554,68.68905814658126,-535.8891354717605,-0.1639734337288255,-36.89402258898585,-0.3443442108304045,50.831764455935904,0.16397343372882553,26.104570649628613,-96.36690314284121,100.40121733174935,-0.1639734337288255,-0.04099335843220638,-100.40121733174935,-0.16397343372882553,-382.94535481636865,0.16397343372882553,-0.04099335843220638,-0.04099335843220638,-0.04099335843220638,65.58937349153021,81.98671686441276,1.6397343372882554,167.36824973598664,-0.04099335843220638,0.0,8.198671686441276,199.6713490946256,0.1639734337288255,0.08198671686441276,0.08198671686441276,66.59795203875723,15.864818720164521,0.1639734337288255,-15.864818720164521,1.6397343372882554,0.16397343372882553,-259.1371137802768,0.16397343372882553,0.6558937349156793,-142.68221642530426,0.08198671686441276,0.04099335843220638,49.19203011864766,-0.16397343372882553,0.0,1.6397343372882554,-334.7364994719733,4.099335843220638,-16.397343372882553,32.794686745765105,8.198671686441276,-0.16397343372882553,412.13434887948756,0.24596015059323828,-0.16397343372882553,-133.19590407751446,15.864818720164521,367.9144529114793,0.08198671686441276,-399.3426981892512,-0.16397343372882553,-0.16397343372882553,-0.16397343372882553,0.08198671686441276,527.4197715749659,-32.794686745765105,0.1639734337288255,137.37811629316252,-0.04099335843220638,-0.18037077710170807,-137.37811629316252,24.596015059323825,16.561316806611377,-132.18139369012283,527.4197715749659,-0.12298007529661914,36.89402258898585,535.8891354717605,0.16397343372882553,-0.040993358432206375,8.198671686441276,163.9734337288255,-0.08198671686441276,-0.16397343372882553,0.04099335843220638,1000.0,0.0,999.9180132831356,91.76886404429018,-1000.0,0.0,308.17146856651067,-857.0815047075009,0.0,756.4663083826274,406.8434167424122,-1000.0,0.0,-378.2331541913137,500.0,-203.4217083712061,0.0,428.54075235375046,0.0,-274.4662773521127,0.0,1000.0,-274.4662773521127,-308.17146856651067,194.07051416823467,0.0,1496.5981,bhi
484,0.0,0.0,0.0,0.0,0.0,0.0,0.0,0.0,-0.20698243156243704,0.0,0.0,0.0,0.0,0.0,0.0,0.0,-752.9877442831927,-213.0285406240515,0.0,1000.0,0.0,0.0,0.0,79.27427128841339,0.0,0.0,0.0,0.0,0.0,184.919065743921,0.0,0.0,0.0,0.0,0.0,0.0,0.0,937.8246600091264,0.0,-1000.0,132.0591902562902,0.0,0.0,0.0,0.0,0.0,0.0,0.0,568.0686785392717,-581.5350004079194,0.0,0.0,0.0,0.22768067471929498,0.0,0.0,0.0,0.0,0.0,0.0,-18.228252806264265,0.0,804.2617750508225,786.0335222445582,0.0,0.0,0.0,0.0,0.0,726.6501302030073,0.0,2.0698243156243703,0.0,0.0,0.0,0.0,0.0,0.0,0.0,0.0,0.0,0.0,0.0,0.0,124.1894589374622,0.0,0.0,21.74910600071678,0.0,144.4157467519301,-0.05174560789060925,0.0,0.0,0.0,62.0947294687311,0.0,256.7301450604607,0.0,546.5466947824252,0.0,0.0,10.349121578121851,184.919065743921,0.0,0.0,-394.6840177346873,0.0,0.0,0.0,0.0,0.0,0.0,0.0,0.0,0.0,0.0,0.0,0.0,0.0,0.0,0.0,0.0,0.0,0.0,-844.947133757167,0.0,0.0,256.7301450604607,0.0,64.16455378435548,0.0,0.0,-324.8257023118639,1000.0,-675.1742976881361,675.1742976881361,-547.9175205488947,1000.0,-1000.0,547.9175205488947,0.0,0.0,0.0,0.0,0.0,15.937647230307675,0.20698243156243704,0.0,0.0,0.0,359.37500000000205,-984.0183638546238,0.0,0.0,0.0,0.0,1000.0,0.0,0.0,0.0,0.0,0.0,999.7930175684376,999.7930175684376,0.0,0.0,0.0,101.51562499999999,1000.0,0.0,0.0,1000.0,0.0,0.0,0.0,1000.0,-157.75151023549958,0.0,0.0,0.0,0.0,0.0,0.0,0.0,0.0,0.0,0.0,0.0,0.0,0.0,0.0,-1000.0,0.0,0.0,0.0,0.0,0.0,581.5350004079194,0.0,391.11752882139376,-391.11752882139376,0.0,0.0,0.0,0.0,0.0,0.0,0.0,0.0,-1000.0,0.0,0.0,0.0,0.0,0.0,0.0,0.0,0.0,0.0,0.0,0.0,0.0,0.0,0.0,92.00547344570782,0.0,0.0,0.0,0.0,0.0,290.71818681886504,0.0,0.0,0.0,0.0,-18.228252806264265,0.0,0.0,0.0,0.0,0.0,0.0,0.0,0.0,0.0,6.664834296307731,41.396486312487404,194.6354155917296,0.0,-608.8824711786062,-1000.0,980.9353133613822,0.0,0.0,0.0,0.0,0.0,0.0,0.0,0.0,0.0,269.9071208096591,0.0,0.0,110.09064389789353,-176.95726453029886,-176.95726453029886,287.0479084281924,0.0,0.0,391.11752882139376,0.0,588.2712036573537,581.5350004079194,0.0,286.76279724033424,0.0,0.0,0.0,-326.5266133572595,0.0,326.5266133572595,0.0,1000.0,0.0,0.0,-103.96583091582227,101.515625,0.0,0.0,-18.228252806264265,-0.3104736473436555,0.0,0.0,0.0,0.0,0.20698243156243704,0.0,0.0,0.0,445.8868338243666,-752.9877442831927,0.0,-305.1777436932266,-204.68350431924932,157.75151023549958,295.1811732186858,0.0,0.0,0.0,-394.6840177346873,0.0,0.0,0.0,840.3958470222042,0.0,-840.3958470222042,0.0,-1000.0,0.0,0.0,0.0,0.0,0.0,0.0,0.0,0.0,0.0,0.0,0.0,0.0,0.0,0.0,0.0,0.0,0.0,-61.34741026462417,0.0,-1000.0,0.0,0.0,0.0,0.0,0.0,0.0,404.9250068810518,0.0,546.5466947824252,0.0,0.0,0.0,0.0,0.0,-406.3241191169791,0.0,0.0,0.0,0.0,0.0,-296.523031456348,0.0,395.9749975388572,-238.66834955140507,-5.1745607890609255,-10.349121578121851,-1000.0,0.0,0.0,1000.0,592.1115496874232,256.7301450604607,921.8749999999991,-921.8749999999991,0.0,785.9404460403782,0.0,0.0,0.0,0.0,0.0,0.0,-746.3269131173337,0.0,0.0,-0.41396486312487407,0.0,0.0,0.0,0.0,0.0,-36.45650561252853,0.0,-15.62499999999828,93.60816209806514,0.0,0.0,0.0,0.0,-789.3680354693746,0.4139648631248747,0.0,0.0,0.0,0.0,0.0,0.0,0.0,0.0,0.0,726.6501302030073,0.0,0.0,0.0,0.0,0.0,0.0,0.0,0.0,0.0,0.22768067471929498,0.22768067471929498,0.0,0.0,0.0,124.1894589374622,0.0,0.0,0.0,1000.0,0.0,0.0,0.0,0.0,0.0,827.8015140231073,-1000.0,0.0,0.0,0.0,0.0,0.0,93.60816209806514,0.0,0.0,0.0,0.0,0.0,0.0,0.0,281.6490445857223,-445.8868338243666,624.6433638546217,0.0,15.937647230307675,0.0,-458.26651846908777,458.26651846908777,167.54833165022274,0.0,827.8015140231073,0.0,38.4334785537327,0.0,0.0,0.0,0.0,0.0,0.0,0.0,0.0,0.0,0.0,0.0,0.0,0.0,0.0,0.0,0.0,0.0,124.1894589374622,0.0,0.0,0.0,0.0,0.0,0.0,0.0,0.0,0.0,0.0,0.0,0.0,2.0698243156243703,0.0,0.0,0.0,0.0,0.0,0.0,0.0,0.0,256.7301450604607,0.0,0.0,0.0,0.0,0.0,0.0,0.0,0.0,0.0,0.0,1000.0,0.0,0.0,62.0947294687311,62.0947294687311,557.3740735968296,-1000.0,0.0,93.60816209806514,0.0,0.0,0.0,0.0,0.0,685.7848400072096,0.0,1000.0,0.20698243156243704,0.0,0.0,0.0,273.3498697969927,0.0,0.0,0.0,0.0,0.0,0.0,0.0,0.0,0.0,0.0,0.0,0.0,0.0,0.0,0.0,0.0,0.0,0.20698243156243704,0.0,0.0,0.0,301.4217284757161,-301.4217284757161,0.0,0.0,0.0,0.0,0.0,951.471701663477,0.0,0.0,-938.6525897353758,-15.523682367182776,-10.349121578121867,0.0,0.0,0.0,0.0,0.0,0.0,0.0,0.0,0.0,0.0,0.0,0.0,0.0,157.75151023549958,0.0,0.0,602.4606712655451,0.0,0.0,0.0,-0.20698243156243704,0.0,0.0,0.20698243156243704,0.0,0.20698243156243704,0.0,0.0,0.0,124.1894589374622,252.51856650617316,252.51856650617316,0.0,0.0,0.0,0.0,0.0,0.0,0.0,624.6433638546217,0.0,0.0,0.0,0.0,858.2170343797306,0.0,0.0,0.0,0.0,0.0,0.0,0.0,0.0,0.0,0.0,0.0,0.0,0.0,0.0,290.71818681886504,0.0,0.0,0.0,0.3104736473436555,0.0,0.0,0.0,-256.7301450604607,0.0,0.0,0.0,0.0,0.0,0.0,10.349121578121851,0.0,0.0,0.0,-101.51562499999999,-1000.0,-10.349121578121867,0.0,0.0,-15.62499999999828,0.0,0.0,0.0,0.0,0.0,0.0,0.0,0.0,478.0642729673361,0.0,0.0,-416.75312245786574,-394.6840177346873,0.0,394.5758853029299,546.5466947824252,-941.1225800853551,0.0,-252.51856650617316,0.0,10.349121578121867,195.54208148942817,0.0,0.0,0.0,-36.45650561252853,0.0,0.0,-640.6250000003112,640.6250000003112,0.0,-427.52748840766725,0.0,0.0,0.0,15.523682367182776,-46.571047101548174,252.51856650617316,0.0,-598.9051721462197,-598.9051721462197,598.9051721462197,0.0,0.0,0.0,0.0,0.0,6.664834296307731,0.0,0.0,0.0,-1000.0,-185.6004912381461,0.0,62.0947294687311,0.0,0.0,0.0,0.0,-141.09928026500472,0.0,0.0,0.22768067471929498,0.0,0.0,0.0,126.25928325308658,0.0,0.0,0.0,0.0,92.00547344570782,0.0,0.0,0.0,0.0,0.0,0.0,0.0,0.0,0.0,0.0,0.020698243156243024,0.020698243156243024,0.0,0.0,0.0,0.0,0.0,0.0,0.0,0.0,0.0,0.0,0.0,0.0,0.0,0.0,0.0,0.0,0.0,0.0,0.0,0.0,0.0,0.0,0.0,581.5350004079194,0.0,0.0,0.0,0.0,0.0,650.36439363024,-213.0285406240515,0.0,0.0,0.0,124.1894589374622,0.0,0.0,0.0,0.0,0.0,0.0,-124.1894589374622,0.0,0.0,0.0,0.0,0.0,0.0,0.0,0.0,0.0,0.0,0.0,0.0,-1000.0,870.7039057511306,1000.0,-256.7301450604607,0.0,0.0,937.8246600091264,0.0,0.0,0.0,0.0,0.0,0.0,0.0,0.0,0.0,0.0,0.0,0.0,0.0,0.0,0.0,0.0,0.0,-25.872803945304643,0.0,-15.523682367182776,889.264399114096,0.0,0.0,0.0,0.0,0.0,-1000.0,997.4127196054699,36.45650561252853,0.0,0.0,0.0,0.0,0.0,0.0,0.0,1000.0,62.0947294687311,62.0947294687311,0.0,0.0,0.0,0.0,0.0,0.22768067471929498,0.0,0.0,0.0,-937.8246600091264,0.0,0.0,0.0,0.0,0.0,0.0,0.0,0.0,0.0,0.0,0.0,0.0,0.0,0.0,0.0,0.0,0.0,0.0,0.0,217.33155314055887,15.937647230307675,0.0,0.0,0.0,0.0,0.0,0.0,0.0,0.0,0.0,0.0,0.0,-25.872803945304643,0.0,0.0,0.0,0.0,0.0,0.0,0.0,0.0,0.0,0.0,0.0,0.0,0.0,0.0,0.0,0.0,0.0,0.0,-0.20698243156243704,0.0,0.0,10.349121578121851,-827.8015140231073,0.0,0.0,0.0,0.0,0.0,0.0,0.0,0.0,-840.3958470222042,5.1745607890609255,0.0,0.0,0.0,0.20698243156243704,0.0,206.982431562437,-64.16455378435548,41.396486312487404,1.478445939731693,577.4809840591993,-0.15523682367182776,10.349121578121842,4.139648631248741,-1.0349121578118454,-577.4809840591993,62.0947294687311,-0.20698243156243704,131.56133924489578,93.60816209806514,0.05174560789060925,1.478445939731693,-394.6840177346873,-32.95160310473733,-4.139648631248741,-33.98371509275583,-0.20698243156243704,0.05174560789060925,-577.4809840591993,20.698243156243702,0.20698243156243704,0.20698243156243704,0.434663106281732,0.22768067471868006,0.0,-0.15523682367182776,62.0947294687311,0.20698243156243704,256.7301450604607,91.1441998105111,-0.1034912157812185,-210.6319645306254,-311.62341240667115,-0.15523682367182776,-0.20698243156243704,-64.16455378435548,0.20698243156243704,20.698243156243702,-4.139648631248741,290.71818681886504,290.71818681886504,-20.698243156243702,33.98371509275583,-290.71818681886504,41.396486312487404,0.3104736473436555,-1000.0,20.698243156243702,-281.6490445857223,93.60816209806514,-41.396486312487404,0.1034912157812185,2.0698243156243703,76.29443592330665,41.396486312487404,-0.20698243156243704,-46.571047101548174,-0.434663106281732,64.16455378435548,0.20698243156243704,32.95160310473733,-349.40617136858924,93.60816209806514,-0.20698243156243704,-0.05174560789060925,-93.60816209806514,-0.20698243156243704,-789.3680354693746,0.20698243156243704,-0.05174560789060925,-0.05174560789060925,-0.05174560789060925,82.79297262497481,-91.1441998105111,2.0698243156243703,153.34810898381068,-0.05174560789060925,21.027532601717525,10.349121578121851,405.03313931280917,0.20698243156243704,0.1034912157812185,0.10349121578121852,67.50232420527627,64.16455378435548,0.20698243156243704,-64.16455378435548,2.0698243156243703,0.20698243156243704,-153.34810898381068,0.20698243156243704,0.8279297262493941,1.0349121578118454,0.1034912157812185,0.05174560789060926,62.0947294687311,-0.20698243156243704,0.0,2.0698243156243703,-306.69621796762135,5.1745607890609335,-20.698243156243702,41.396486312487404,10.349121578121851,-0.20698243156243704,394.6840177346873,0.3104736473436555,-0.20698243156243704,-135.00464841055253,64.16455378435548,548.0242594475253,0.10349121578121852,-810.0662786256183,-0.20698243156243704,-0.20698243156243704,-0.20698243156243704,0.10349121578121852,577.4809840591993,-41.396486312487404,0.20698243156243704,152.5888718466133,-0.05174560789060925,-0.22768067471868006,-152.5888718466133,31.047364734365548,311.62341240667115,-64.91774513002731,577.4809840591993,-0.15523682367182776,46.571047101548174,-41.396486312487404,0.20698243156243704,-0.051745607890609266,10.349121578121867,206.982431562437,-0.1034912157812185,-0.20698243156243704,0.05174560789060925,58.07345506859008,0.0,464.3632332108949,0.0,-1000.0,0.0,818.5367196330097,-399.2583294722178,0.0,-1000.0,313.6739984991554,1000.0,-535.5332755733239,500.0,500.0,-156.8369992495777,0.0,199.6291647361089,0.0,-406.92497918252053,535.5332755733239,-1000.0,-406.92497918252053,-818.5367196330097,573.6223239226777,0.0,1496.5981,bhi
485,0.0,0.0,0.0,0.0,0.0,0.0,0.0,0.0,-0.21798970276274884,0.0,0.0,0.0,0.0,0.0,0.0,0.0,305.0639354652078,-357.1777426403342,0.0,0.0,0.0,0.0,0.0,171.75872947170484,0.0,0.0,0.0,0.0,0.0,-975.3053998386928,0.0,0.0,1000.0,0.0,0.0,0.0,0.0,780.5724441678017,0.0,-1000.0,178.19382293859667,0.0,0.0,0.0,0.0,0.0,0.0,0.0,0.0,0.0,0.0,0.0,0.0,0.23978867303890183,0.0,0.0,0.0,0.0,0.0,0.0,-19.1976264899739,0.0,0.0,-19.1976264899739,0.0,0.0,0.0,0.0,1000.0,-1000.0,0.0,2.1798970276274883,0.0,0.0,0.0,0.0,0.0,0.0,0.0,461.2549366967686,0.0,0.0,0.0,0.0,130.7938216576493,0.0,0.0,-185.3372512898052,438.28737957988665,-517.8298293599833,338.76179211997663,0.0,0.0,1000.0,65.39691082882464,0.0,65.39691082882464,-7.019268428963817,0.0,0.0,0.0,927.8318109016674,-975.3053998386928,0.0,0.0,-427.0454773680117,0.0,0.0,0.0,0.0,0.0,0.0,0.0,0.0,0.0,0.0,0.0,0.0,0.0,0.0,0.0,0.0,0.0,0.0,-877.3984906337129,0.0,0.0,65.39691082882464,0.0,67.57680785645212,0.0,0.0,816.2287207605696,0.0,-816.2287207605696,816.2287207605696,0.0,0.0,0.0,0.0,0.0,0.0,0.0,0.0,0.0,16.78520711273177,0.21798970276274884,338.8162895456673,0.0,0.0,278.35417616671464,-278.35417616671464,0.0,0.0,0.0,0.0,1000.0,0.0,0.0,0.0,0.0,0.0,999.7820102972372,999.7820102972372,0.0,0.0,0.0,0.0,-688.3362905025135,0.0,0.0,1000.0,0.0,0.0,0.0,487.61537080621395,-164.0337051427008,0.0,0.0,0.0,0.0,0.0,0.0,0.0,0.0,0.0,-811.7304390160228,0.0,0.0,0.0,0.0,-758.816031270296,0.0,0.0,0.0,0.0,0.0,0.0,0.0,561.7126204201134,-561.7126204201134,0.0,0.0,0.0,0.0,0.0,0.0,0.0,0.0,322.0787680514404,0.0,0.0,0.0,0.0,0.0,0.0,0.0,0.0,0.0,0.0,0.0,0.0,0.0,0.0,-220.5570937062668,670.241464373485,0.0,0.0,0.0,0.0,361.43995002001685,0.0,0.0,0.0,0.0,-19.1976264899739,670.241464373485,0.0,0.0,0.0,0.0,0.0,0.0,0.0,0.0,0.0,43.597940552549765,0.0,0.0,-261.6711596727309,-385.0964005129576,376.3753691303082,0.0,-670.241464373485,0.0,0.0,0.0,265.9474373705535,0.0,0.0,0.0,-21.96972887677282,0.0,0.0,-523.762950287222,0.0,-595.2449757556585,-523.7629502872221,0.0,-595.2449757556585,1000.0,0.0,389.8721290695844,0.0,0.0,246.75132068805203,0.0,0.0,0.0,0.0,0.0,0.0,0.0,1000.0,0.0,0.0,-1000.0,0.0,0.0,0.0,-19.1976264899739,-0.3269845541441232,0.0,0.0,0.0,0.0,0.21798970276274884,0.0,0.0,0.0,331.97917042145446,305.0639354652078,0.0,-284.6969849120078,-312.0617617506395,164.0337051427008,201.91856158458268,0.0,0.0,0.0,-427.0454773680117,0.0,0.0,0.0,831.9081401996445,-3.5811913930615447,-828.326948806583,-1000.0,-1000.0,0.0,0.0,0.0,0.0,0.0,0.0,0.0,0.0,0.0,0.0,0.0,0.0,0.0,0.0,0.0,0.0,0.0,-218.55559702114704,0.0,-1000.0,0.0,0.0,0.0,0.0,0.0,0.0,-16.78520711273177,0.0,0.0,0.0,0.0,916.9323257635299,3.5811913930615447,0.0,-469.36564801990244,-5.449742569068721,-1000.0,-54.186257119643926,0.0,-315.87323957097533,0.0,0.0,0.0,-214.57326478276366,0.0,-10.899485138137441,429.4277690016059,0.0,272.14065202089097,1000.0,-413.83395881667764,65.39691082882464,0.0,0.0,0.0,1000.0,0.0,0.0,0.0,0.0,0.0,0.0,-911.5581237660818,0.0,0.0,-0.4359794055254977,0.0,0.0,0.0,0.0,0.0,-38.3952529799478,0.0,0.0,41.67217218283862,0.0,0.0,0.0,0.0,-285.9540045350915,0.4359794055255861,0.0,0.0,0.0,0.0,0.0,0.0,0.0,0.0,0.0,0.0,0.0,0.0,0.0,0.0,0.0,0.0,0.0,0.0,0.0,0.23978867303890183,0.23978867303890183,0.0,3.734310679824146,0.0,130.7938216576493,0.0,0.0,0.0,-274.9471166198482,0.0,0.0,0.0,0.0,0.0,47.4823334976457,274.9471166198482,0.0,0.0,0.0,0.0,0.0,41.67217218283862,0.0,0.0,0.0,0.0,0.0,0.0,0.0,292.466163544571,-331.97917042145446,0.0,0.0,16.78520711273177,0.0,299.076150190636,700.923849809364,339.483899789347,0.0,47.4823334976457,0.0,0.0,-238.4716710374458,0.0,0.0,0.0,0.0,0.0,0.0,0.0,0.0,0.0,0.0,0.0,0.0,0.0,0.0,0.0,0.0,130.7938216576493,0.0,0.0,0.0,0.0,0.0,0.0,0.0,0.0,0.0,0.0,0.0,0.0,2.1798970276274883,0.0,0.0,0.0,0.0,0.0,0.0,0.0,0.0,65.39691082882464,0.0,0.0,0.0,0.0,0.0,0.0,0.0,0.0,0.0,0.0,503.53905707660846,0.0,0.0,65.39691082882464,65.39691082882464,607.0745785506663,274.9471166198482,0.0,41.67217218283862,0.0,0.0,0.0,0.0,0.0,975.3053998386928,0.0,1000.0,0.21798970276274884,0.0,0.0,-712.1134561156814,1000.0,431.8630497990682,0.0,-1000.0,0.0,0.0,0.0,0.0,0.0,0.0,0.0,0.0,0.0,0.0,0.0,0.0,0.0,0.0,0.21798970276274884,0.0,0.0,0.0,-1000.0,1000.0,0.0,0.0,0.0,0.0,-16.78520711273177,0.0,0.0,0.0,-781.444402978853,-16.34922770720616,-10.899485138137436,0.0,0.0,0.0,0.0,0.0,0.0,0.0,0.0,0.0,0.0,0.0,0.0,0.0,164.0337051427008,0.0,0.0,-130.7938216576492,0.0,0.0,0.0,-0.21798970276274884,0.0,0.0,0.21798970276274884,0.0,0.21798970276274884,0.0,0.0,0.0,130.7938216576493,265.9474373705535,265.9474373705535,0.0,0.0,0.0,0.0,0.0,0.0,0.0,0.0,0.0,0.0,0.0,0.0,0.0,850.6770536075171,0.0,0.0,0.0,0.0,0.0,0.0,0.0,0.0,0.0,0.0,0.0,0.0,0.0,361.43995002001685,0.0,0.0,0.0,0.3269845541441232,0.0,0.0,0.0,-65.39691082882464,0.0,0.0,0.0,0.0,0.0,-3.734310679824146,10.899485138137441,0.0,0.0,0.0,0.0,688.3362905025135,0.0,0.0,0.0,0.0,0.0,0.0,0.0,0.0,0.0,0.0,0.0,0.0,0.0,3.734310679824146,0.0,956.4020594474503,4.817572431056533,0.0,0.0,0.0,0.0,0.0,0.0,0.0,10.899485138137436,152.76122124230415,0.0,0.0,0.0,-38.3952529799478,0.0,0.0,0.0,0.0,0.0,0.0,0.0,0.0,0.0,831.8139774030532,-52.781993801442354,265.9474373705535,0.0,0.0,0.0,0.0,0.0,0.0,0.0,0.0,0.0,0.0,0.0,0.0,0.0,-287.8865438843186,0.0,0.0,65.39691082882464,0.0,0.0,0.0,0.0,-64.68678087052444,0.0,0.0,0.23978867303890183,0.0,0.0,0.0,132.97371868527676,0.0,0.0,0.0,0.0,-220.5570937062668,0.0,0.0,0.0,0.0,0.0,0.0,0.0,0.0,-1000.0,0.0,0.021798970276275753,0.021798970276275753,0.0,0.0,0.0,0.0,0.0,0.0,0.0,0.0,0.0,-712.1134561156814,0.0,0.0,0.0,0.0,0.0,3.734310679824146,0.0,0.0,0.0,0.0,0.0,0.0,0.0,0.0,0.0,0.0,0.0,0.0,0.0,1000.0,-357.1777426403342,0.0,0.0,0.0,130.79382165764923,0.0,0.0,0.0,0.0,0.0,869.2061783423508,-1000.0,0.0,0.0,0.0,0.0,0.0,0.0,0.0,0.0,0.0,0.0,0.0,0.0,-1000.0,-1000.0,1000.0,778.3158513819282,-843.7127622107528,0.0,780.5724441678017,0.0,0.0,0.0,0.0,0.0,0.0,0.0,0.0,0.0,0.0,0.0,0.0,0.0,0.0,0.0,0.0,0.0,-27.248712845343597,0.0,-933.2815534707362,887.1098197017535,0.0,0.0,0.0,0.0,0.0,0.0,-2.7248712845343603,38.3952529799478,0.0,0.0,0.0,0.0,0.0,0.0,0.0,1000.0,65.39691082882464,65.39691082882464,0.0,0.0,0.0,0.0,461.2549366967686,0.23978867303890183,3.734310679824146,0.0,0.0,-780.5724441678017,0.0,0.0,0.0,0.0,0.0,0.0,0.0,0.0,0.0,0.0,0.0,0.0,0.0,0.0,0.0,0.0,0.0,0.0,0.0,228.88918790088627,16.78520711273177,0.0,0.0,0.0,0.0,0.0,3.734310679824146,0.0,-17.918753567101252,0.0,0.0,0.0,-27.248712845343597,0.0,0.0,0.0,0.0,0.0,0.0,0.0,0.0,0.0,0.0,0.0,0.0,0.0,0.0,0.0,0.0,0.0,0.0,-0.21798970276274884,0.0,0.0,10.899485138137441,-47.4823334976457,0.0,0.0,0.0,0.0,0.0,0.0,0.0,0.0,-831.9081401996445,5.449742569068721,0.0,0.0,0.0,0.21798970276274884,0.0,217.9897027627488,-67.57680785645212,43.597940552549765,1.5570693054482132,608.191270708069,-0.1634922770720616,469.36564801990244,4.3597940552549765,-1.089948513814079,-608.191270708069,65.39691082882464,-0.21798970276274884,142.3484924560039,41.67217218283862,0.054497425690687204,1.5570693054482132,-427.0454773680117,-34.70396067983302,-4.3597940552549765,52.1138071751264,-0.21798970276274884,0.054497425690687204,-608.191270708069,21.798970276274883,0.21798970276274884,0.21798970276274884,-3.2765323040224956,0.2397886730390246,0.0,-0.1634922770720616,65.39691082882464,0.21798970276274884,65.39691082882464,-108.99485138137442,-0.10899485138137441,-145.90904526397662,-383.45690999905446,-0.1634922770720616,-0.21798970276274884,-67.57680785645212,0.21798970276274884,21.798970276274883,-4.3597940552549765,361.43995002001685,361.43995002001685,-21.798970276274883,-52.1138071751264,-361.43995002001685,43.597940552549765,0.3269845541441232,-1000.0,21.798970276274883,-292.466163544571,41.67217218283862,-43.597940552549765,0.10899485138137441,2.1798970276274883,71.17424622800195,47.33225123237391,-0.21798970276274884,-52.781993801442354,3.2765323040224956,67.57680785645212,0.21798970276274884,34.70396067983302,-219.91547113245997,41.67217218283862,-0.21798970276274884,-0.054497425690687204,-41.67217218283862,-0.21798970276274884,-285.9540045350915,0.21798970276290675,-0.054497425690687204,-0.054497425690687204,-0.054497425690687204,87.19588110509953,108.99485138137442,2.1798970276274883,185.7922616462639,-0.054497425690687204,0.0,10.899485138137441,153.87648740568318,0.21798970276274884,0.10899485138137441,0.10899485138137442,42.63505636769419,67.57680785645212,0.21798970276274884,-67.57680785645212,2.1798970276274883,0.21798970276274884,-234.37054287007516,0.21798970276274884,0.871958811051293,1.089948513814079,0.10899485138137441,0.054497425690687204,65.39691082882464,-0.21798970276274884,0.0,2.1798970276274883,-371.5845232925278,463.9159054508337,-21.798970276274883,43.597940552549765,10.899485138137441,-0.21798970276274884,427.0454773680117,0.3269845541441232,-0.21798970276274884,-85.27011273538838,67.57680785645212,475.2070356094607,0.10899485138137442,-307.75297481136636,-0.21798970276274884,-0.21798970276290675,-0.21798970276274884,0.10899485138137442,608.191270708069,-43.597940552549765,0.21798970276274884,142.3484924560039,-0.054497425690687204,-0.2397886730390246,-142.3484924560039,32.69845541441232,383.45690999905446,-211.51639251280096,608.191270708069,-0.1634922770720616,52.781993801442354,-47.33225123237391,0.21798970276274884,-0.054497425690687204,10.899485138137436,217.98970276274883,-0.10899485138137441,-0.21798970276274884,0.054497425690687204,1000.0,0.0,517.7208345086019,48.578281223811246,416.90007103207114,0.0,892.1772438714634,-1000.0,0.0,313.0897671766954,-136.85738921752446,-1000.0,-482.17017064001675,-156.5448835883477,-208.45003551603557,68.42869460876223,0.0,500.0,-3.734310679824146,-410.5202547389363,482.17017064001675,1000.0,-410.5202547389363,-892.1772438714634,545.1468723638242,0.0,1496.5981,bhi
486,0.0,0.0,0.0,0.0,0.0,0.0,0.0,0.0,199.46473360925165,0.0,0.0,0.0,0.0,0.0,0.0,0.0,546.8847428939753,818.0742635561621,0.0,-1000.0,0.0,0.0,0.0,0.0,0.0,367.9874812424207,0.0,0.0,0.0,-546.8847428939753,135.5695911092502,-135.5695911092502,0.0,0.0,0.0,0.0,0.0,1000.0,0.0,-1000.0,1000.0,0.0,0.0,-934.1585881238937,0.0,0.0,860.5575757266273,0.0,1000.0,-538.9406145538442,0.0,0.0,0.0,0.0389058747684885,0.0,0.0,0.0,7.073795412416626,0.0,0.0,8.472934347204841,0.0,242.07248466012038,0.0,0.0,0.0,0.0,0.0,0.0,0.0,0.0,0.3536897706208313,0.0,0.0,0.0,0.0,0.0,0.0,0.0,0.0,0.0,0.0,0.0,0.0,21.221386237249877,0.0,0.0,-544.0781253279437,-544.0781253279437,0.0,-0.008842244265520783,0.0,0.0,-711.50523285939,10.610693118624939,0.0,10.610693118624939,-124.0960349880458,773.3672024469138,0.0,0.0,1.7684488531041564,-546.8847428939753,0.0,0.0,-98.47044938527988,0.0,0.0,0.0,0.0,0.0,0.0,0.0,0.0,0.0,0.0,0.0,0.0,0.0,0.0,0.0,0.0,0.0,0.0,-456.2177339552492,0.0,0.0,10.610693118624939,0.0,10.964382889245767,10.964382889245767,0.0,0.0,0.0,0.0,0.0,0.0,0.0,0.0,-250.54541900732522,0.0,0.0,0.0,0.0,0.0,2.7234112337803964,0.03536897706208313,0.0,0.0,0.0,0.0,-684.5616558877464,0.0,0.0,0.0,0.0,251.79695734456376,0.0,0.0,0.0,0.0,0.0,3.908202141184546,3.908202141184546,0.0,0.0,0.0,0.0,-983.6672162058442,0.0,0.0,139.51316222749685,0.0,0.0,0.0,-806.0242294061802,0.0,0.0,0.0,0.0,0.0,0.0,0.0,0.0,0.0,0.0,0.0,0.0,0.0,0.0,0.0,-52.42809098286992,0.0,0.0,0.0,0.0,0.0,538.9406145538442,0.0,544.0781253279437,-544.0781253279437,250.54541900732522,0.0,0.0,0.0,0.0,0.0,0.0,0.0,-809.2320381124796,0.0,0.0,0.0,0.0,0.0,0.0,0.0,0.0,0.0,0.0,0.0,0.0,0.0,542.8307561681654,-301.29075328742044,-1000.0,0.0,0.0,0.0,0.0,-250.54541900732522,0.0,0.0,0.0,0.0,8.472934347204841,-65.84141187610622,135.5695911092502,0.0,0.0,0.0,0.0,0.0,0.0,0.0,12.612437182603685,0.0,0.0,0.0,546.8316894283821,-541.3245612275052,1000.0,0.0,1000.0,0.0,0.0,250.54541900732522,-956.8498479842585,0.0,0.0,0.0,206.58628133608158,0.0,0.0,-423.8302938842505,0.0,0.0,-423.8302938842505,0.0,0.0,0.0,0.0,-93.76948578795054,538.9406145538442,0.0,120.60821178170345,0.0,0.0,0.0,-135.90869122102544,0.0,135.90869122102544,0.0,1000.0,0.0,0.0,0.0,0.0,0.0,0.0,8.472934347204841,-0.053053465593124696,0.0,0.0,0.0,0.0,0.03536897706208313,0.0,0.0,0.0,29.204960681641296,546.8847428939753,0.0,-268.03546590231446,119.05403358335298,0.0,1000.0,0.0,0.0,0.0,-98.47044938527988,0.0,0.0,0.0,-3.045268925045554,987.4648585534133,-984.4195896283677,-1000.0,-1000.0,0.0,0.0,0.0,0.0,0.0,0.0,0.0,0.0,0.0,0.0,0.0,0.0,0.0,0.0,0.0,0.0,0.0,-120.17733576673754,0.0,-1000.0,0.0,0.0,0.0,0.0,0.0,0.0,120.23374269286603,0.0,773.3672024469138,0.0,0.0,0.0,-405.64079349685164,0.0,-1.7684488531041564,0.0,-581.8240650565616,0.0,0.0,0.0,936.7952620142728,0.0,0.0,584.4767383362179,-0.8842244265520782,-1.7684488531041564,0.0,0.0,0.0,0.0,-524.0806731050045,10.610693118624939,0.0,0.0,0.0,0.0,0.0,199.50010258631374,0.0,-542.8307561681654,542.8307561681654,542.8307561681654,291.87445044963124,0.0,0.0,0.0,0.0,0.0,0.0,0.0,0.0,-233.59955031291565,0.0,78.12500000000007,10.610693118624939,0.0,0.0,0.0,0.0,-996.4631022937917,0.07073795412429718,0.0,0.0,0.0,0.0,0.0,0.0,0.0,0.0,0.0,0.0,0.0,0.0,0.0,0.0,0.0,0.0,0.0,0.0,0.0,0.0389058747684885,0.0389058747684885,135.5695911092502,409.5313396148564,0.0,21.221386237249877,0.0,0.0,0.0,-335.09771935121034,0.0,0.0,0.0,0.0,0.0,1000.0,335.09771935121034,0.0,0.0,380.3422673209816,0.0,0.0,10.610693118624939,0.0,0.0,0.0,0.0,0.0,0.0,0.0,152.07257798508306,-29.204960681641296,684.5616558877464,0.0,2.7234112337803964,0.0,-1000.0,288.49476714060995,288.49476714060995,0.0,478.61848274172655,0.0,3.536897706208265,0.0,578.1250000000005,-578.1250000000005,542.8307561681654,0.0,0.0,0.0,0.0,0.0,0.0,0.0,0.0,0.0,0.0,0.0,0.0,0.0,21.221386237249877,250.54541900732522,250.54541900732522,0.0,0.0,0.0,0.0,0.0,0.0,0.0,0.0,0.0,0.0,0.3536897706208313,0.0,135.5695911092502,0.0,0.0,135.5695911092502,0.0,0.0,0.0,10.610693118624939,-380.3422673209816,0.0,0.0,0.0,0.0,0.0,0.0,0.0,0.0,0.0,-817.6726212146759,1000.0,0.0,10.610693118624939,10.610693118624939,1000.0,335.09771935121034,0.0,10.610693118624939,0.0,0.0,0.0,0.0,0.0,546.8847428939753,0.0,1000.0,0.03536897706208313,0.0,0.0,0.0,2.852255364506534,799.522203523232,0.0,711.50523285939,0.0,0.0,0.0,0.0,0.0,0.0,40.10627055832873,0.0,0.0,0.0,0.0,0.0,0.0,0.0,0.03536897706208313,0.0,0.0,0.0,-116.08432456773153,116.08432456773153,0.0,0.0,0.0,0.0,0.0,893.6009451397798,0.0,0.0,-879.8226642332625,-2.6526732796562347,-1.7684488531041564,0.0,0.0,-203.12500000000003,-203.12500000000003,203.12500000000003,0.0,0.0,0.0,0.0,0.0,0.0,0.0,250.54541900732522,0.0,0.0,0.0,-522.3122242519004,0.0,0.0,0.0,199.46473360925165,0.0,0.0,0.03536897706208313,0.0,0.03536897706208313,120.3188116749862,0.0,0.0,21.221386237249877,43.15015201574141,43.15015201574141,0.0,0.0,0.0,0.0,0.0,0.0,0.0,684.5616558877464,0.0,0.0,0.0,0.0,0.0,0.0,0.0,0.0,0.0,0.0,0.0,0.0,0.0,0.0,0.0,0.0,0.0,0.0,0.0,0.0,0.0,-247.6686695674345,247.6686695674345,0.053053465593124696,0.0,0.0,0.0,-10.610693118624939,0.0,0.0,0.0,0.0,0.0,-409.5313396148564,1.7684488531041564,0.0,0.0,0.0,0.0,983.6672162058442,106.39905486022019,0.0,0.0,78.12500000000007,0.0,0.0,0.0,0.0,0.0,250.54541900732522,0.0,380.3422673209816,579.0530820205244,-133.29941655330902,0.0,195.1890840202808,701.0517541379521,0.0,226.63279755308622,773.3672024469138,-1000.0,0.0,-1000.0,0.0,1.7684488531041564,1000.0,0.0,0.0,-135.5695911092502,-233.59955031291565,0.0,0.0,0.0,0.0,0.0,0.0,0.0,0.0,0.0,-5.305346559312454,0.0,43.15015201574141,0.0,-623.9613007201974,-623.9613007201974,759.5308918294477,0.0,0.0,0.0,0.0,0.0,12.612437182603685,0.0,0.0,417.4893594538251,-2.852255364506534,-409.4925831682982,0.0,10.610693118624939,0.0,0.0,0.0,0.0,-233.80071091597998,0.0,0.0,0.0389058747684885,0.0,0.0,0.0,21.575076007870706,0.0,0.0,0.0,0.0,-301.29075328742044,0.0,0.0,0.0,0.0,0.0,0.0,0.0,0.0,0.0,0.0,0.003536897706208242,0.003536897706208242,0.0,0.0,0.0,0.0,0.0,120.3188116749862,0.0,0.0,0.0,0.0,135.5695911092502,0.0,0.0,0.0,0.0,409.5313396148564,0.0,0.0,0.0,0.0,0.0,0.0,0.0,538.9406145538442,0.0,0.0,0.0,0.0,1000.0,0.0,818.0742635561621,0.0,0.0,0.0,21.221386237249877,0.0,0.0,0.0,0.0,0.0,0.0,-21.221386237249877,0.0,0.0,0.0,0.0,0.0,0.0,0.0,0.0,0.0,135.5695911092502,135.5695911092502,0.0,-1000.0,-1000.0,24.22774928752693,0.0,-10.610693118624939,0.0,879.6811883250139,0.0,0.0,0.0,0.0,0.0,0.0,0.0,0.0,0.0,0.0,0.0,0.0,0.0,0.0,0.0,0.0,0.0,-4.421122132760392,250.54541900732522,-2.6526732796562347,-2.6526732796562342,0.0,0.0,0.0,0.0,0.0,-0.4421122132760391,0.0,233.59955031291565,0.0,0.0,0.0,0.0,0.0,0.0,0.0,1000.0,10.610693118624939,10.610693118624939,0.0,0.0,0.0,0.0,0.0,0.0389058747684885,409.5313396148564,0.0,0.0,-1000.0,0.0,0.0,0.0,0.0,0.0,0.0,0.0,0.0,0.0,0.0,0.0,0.0,0.0,0.0,0.0,0.0,0.0,10.964382889245767,0.0,37.137425915187286,2.7234112337803964,0.0,0.0,0.0,0.0,0.0,409.5313396148564,0.0,-232.26353870137012,0.0,0.0,0.0,-4.421122132760392,0.0,0.0,0.0,0.0,0.0,0.0,0.0,0.0,0.0,0.0,0.0,0.0,0.0,0.0,0.0,0.0,0.0,0.0,-0.03536897706208313,0.0,0.0,1.7684488531041564,-1000.0,0.0,0.0,0.0,0.0,250.54541900732522,0.0,0.0,0.0,3.045268925045554,0.8842244265520782,0.0,0.0,367.9874812424207,0.03536897706208313,0.0,35.368977062083125,0.0,7.073795412416626,0.2526355504434475,120.60821178170345,-0.026526732796562348,1.7684488531041564,0.7073795412416626,120.14196678967551,-120.60821178170345,10.610693118624939,-0.03536897706208313,32.82348312842662,10.610693118624939,0.008842244265520783,0.2526355504434475,-98.47044938527986,-5.630741148283903,134.86221156800866,-364.9590064501374,-0.03536897706208313,0.008842244265520783,-120.60821178170345,3.536897706208313,0.03536897706208313,0.03536897706208313,-409.4570647630258,0.038905874768291375,0.0,-0.026526732796562348,10.610693118624939,0.03536897706208313,10.610693118624939,-17.684488531041566,-0.017684488531041567,-54.85605857400401,246.97315232405484,-0.026526732796562348,-0.03536897706208313,0.0,0.03536897706208313,3.536897706208313,-0.7073795412416626,0.0,0.0,-3.536897706208313,364.9590064501374,0.0,7.073795412416626,0.053053465593124696,-1000.0,3.536897706208313,-152.07257798508306,10.610693118624939,-7.073795412416626,0.017684488531041567,0.3536897706208313,67.00886647557861,-126.22562114089239,-0.03536897706208313,-417.4893594538251,409.4570647630258,10.964382889245767,0.03536897706208313,5.630741148283903,-31.83207935587489,10.610693118624939,-0.03536897706208313,-0.008842244265520783,-10.610693118624939,-0.03536897706208313,-996.4631022937917,0.035368977062091744,-0.008842244265520783,-0.008842244265520783,-0.008842244265520783,14.147590824833252,17.684488531041566,0.3536897706208313,26.2039908808714,-0.008842244265520783,101.1942498227306,1.7684488531041564,500.0,0.03536897706208313,0.017684488531041567,0.017684488531041567,8.842244265520783,0.0,0.03536897706208313,0.0,0.3536897706208313,0.03536897706208313,-26.2039908808714,0.03536897706208313,0.14147590824859435,-120.14196678967551,0.017684488531041567,0.008842244265520783,10.610693118624939,-0.03536897706208313,0.0,-67.43110578400433,-52.4079817617428,0.8842244265520782,-3.536897706208313,7.073795412416626,1.7684488531041564,-0.03536897706208313,98.47044938527986,0.053053465593124696,-0.03536897706208313,-17.684488531041566,0.0,337.1086280081204,0.017684488531041567,-1000.0,-0.03536897706208313,-0.035368977062091744,-0.03536897706208313,0.017684488531041567,120.60821178170345,-7.073795412416626,0.03536897706208313,134.01773295115723,-0.008842244265520783,-0.038905874768291375,-134.01773295115723,5.3053465593124685,-246.97315232405484,294.01097645121126,120.60821178170345,-0.026526732796562348,417.4893594538251,126.22562114089239,0.03536897706208313,-0.008842244265520782,1.7684488531041564,35.36897706208313,-0.017684488531041567,-0.03536897706208313,0.008842244265520783,867.726244282564,0.0,999.982315511469,0.0,-368.25715399332694,0.0,206.64000458786722,700.2700997448799,0.0,360.9003364970804,-1000.0,482.29877645504894,0.0,-180.4501682485402,184.12857699666344,500.0,0.0,-350.13504987243994,-409.5313396148564,-103.3079170921404,0.0,-482.29877645504894,-103.3079170921404,-206.64000458786722,117.4675931187669,0.0,1496.5981,bhi
487,0.0,0.0,0.0,0.0,0.0,0.0,0.0,0.0,-0.055001451118873355,0.0,0.0,0.0,0.0,0.0,0.0,0.0,447.95750796656534,-92.97479044425477,0.0,-106.78581189109559,0.0,0.0,0.0,407.1841109804735,0.0,0.0,0.0,0.0,0.0,-1000.0,70.96462745373483,-70.96462745373483,0.0,0.0,0.0,0.0,0.0,779.953759125395,0.0,-1000.0,1000.0,0.0,-915.1810903035167,0.0,0.0,0.0,0.0,0.0,-801.1151027224639,0.0,0.0,63.430520069004274,0.0,0.06050159623146101,0.0,0.0,0.0,0.0,0.0,0.0,148.5783359858661,0.0,0.0,-382.6526828110736,0.0,0.0,0.0,0.0,551.3179390372945,42.88919793851869,0.0,0.5500145111887336,0.0,0.0,0.0,0.0,0.0,0.0,0.0,0.0,0.0,0.0,0.0,0.0,33.000870671324016,0.0,0.0,938.1960859799564,174.46394026604844,552.124994210113,-0.013750362779718339,0.0,0.0,-409.7290553585451,16.500435335662008,0.0,16.500435335662008,0.0,0.0,0.0,0.0,2.750072555943668,-1000.0,0.0,0.0,-279.70376155051446,0.0,0.0,0.0,0.0,0.0,0.0,0.0,0.0,0.0,0.0,0.0,0.0,0.0,0.0,0.0,0.0,0.0,0.0,-675.7519471327065,0.0,0.0,16.500435335662008,0.0,17.050449846850743,0.0,0.0,325.796574645998,-325.796574645998,0.0,0.0,0.0,0.0,0.0,-531.2310187969397,0.0,0.0,0.0,0.0,0.0,4.235111736153243,0.055001451118873355,0.0,0.0,0.0,294.4841084861846,-1000.0,0.0,0.0,0.0,0.0,489.96555925106236,0.0,0.0,0.0,0.0,0.0,556.6449790874193,556.6449790874193,0.0,0.0,0.0,0.0,-777.0659352899414,0.0,0.0,627.664607992273,0.0,0.0,0.0,-652.0782269059321,-725.698301995704,0.0,0.0,0.0,0.0,0.0,0.0,0.0,0.0,0.0,-943.0084770457487,0.0,0.0,0.0,0.0,423.8253072357043,0.0,0.0,0.0,0.0,0.0,0.0,851.7505702345125,-726.5889344761614,726.5889344761614,168.48839446273075,0.0,0.0,0.0,0.0,0.0,0.0,0.0,-831.9542991706032,0.0,0.0,0.0,0.0,0.0,0.0,0.0,0.0,0.0,0.0,0.0,0.0,0.0,0.0,162.6088037484485,501.4070245213861,0.0,0.0,0.0,362.7426243342089,-76.31721226801375,0.0,0.0,0.0,0.0,148.5783359858661,501.4070245213861,70.96462745373483,0.0,0.0,0.0,0.0,0.0,0.0,0.0,72.73567417976254,11.000290223774671,0.0,0.0,1000.0,985.8717844386931,262.2426190158435,0.0,-501.4070245213861,0.0,0.0,531.2310187969397,0.0,0.0,0.0,0.0,-194.44767375653294,0.0,0.0,-690.5183837557774,-1000.0,0.0,309.4816162442226,0.0,1000.0,-552.124994210113,0.0,-1000.0,0.0,0.0,61.282866426939734,0.0,0.0,0.0,-734.13879994215,0.0,734.13879994215,0.0,627.5546050900352,0.0,362.7426243342089,-1000.0,0.0,0.0,0.0,148.5783359858661,-0.08250217667831003,0.0,0.0,0.0,0.0,0.055001451118873355,0.0,0.0,0.0,-605.2325989458459,447.95750796656534,0.0,-186.46917436700963,-597.8756169703776,725.698301995704,794.1042907599019,0.0,199.36060237760944,0.0,-279.70376155051446,0.0,0.0,0.0,-4.735624941335695,-610.3251265160787,415.7001490798051,-524.3781834999711,-984.8209057611368,0.0,0.0,0.0,0.0,0.0,0.0,0.0,0.0,0.0,0.0,0.0,0.0,0.0,0.0,0.0,0.0,0.0,-219.82623507012931,0.0,-1000.0,0.0,0.0,0.0,0.0,0.0,0.0,-6.00615846218102,0.0,0.0,0.0,0.0,0.0,59.0071874787842,0.0,0.0,0.0,0.0,0.0,0.0,0.0,-489.7596030113681,0.0,-2.750072555943668,-454.0045875273185,-1.375036277971834,-2.750072555943668,460.87976891717767,0.0,0.0,0.0,-504.00584384533386,16.500435335662008,0.0,0.0,0.0,0.0,0.0,0.0,0.0,0.0,0.0,0.0,-158.12871608397083,0.0,0.0,0.0,0.0,0.0,0.0,0.0,0.0,-234.07434682520753,0.0,0.0,222.39614457576005,0.0,0.0,0.0,0.0,-559.4075231010289,0.1100029022377953,0.0,0.0,0.0,0.0,0.0,0.0,0.0,0.0,0.0,594.2071369758132,0.0,0.0,0.0,0.0,0.0,0.0,0.0,0.0,0.0,0.06050159623146101,0.06050159623146101,70.96462745373483,241.39692503273568,0.0,33.000870671324016,0.0,0.0,0.0,-332.4446418423881,0.0,0.0,0.0,0.0,0.0,115.90117154542042,332.4446418423881,0.0,0.0,386.823758457797,0.0,0.0,222.39614457576005,0.0,0.0,0.0,0.0,0.0,0.0,0.0,225.2506490442355,605.2325989458459,705.5158915138154,0.0,4.235111736153243,0.0,0.0,-409.7290553585451,-501.9002375532621,0.0,115.90117154542042,0.0,-443.5063515556085,0.0,0.0,0.0,0.0,0.0,0.0,0.0,0.0,0.0,0.0,0.0,0.0,0.0,0.0,0.0,0.0,0.0,33.000870671324016,531.2310187969397,531.2310187969397,0.0,0.0,0.0,0.0,0.0,0.0,0.0,0.0,0.0,0.0,0.5500145111887336,0.0,70.96462745373483,0.0,0.0,70.96462745373483,851.7505702345125,0.0,0.0,16.500435335662008,-386.823758457797,0.0,0.0,0.0,0.0,0.0,0.0,0.0,0.0,0.0,494.7591766721081,0.0,0.0,16.500435335662008,16.500435335662008,1000.0,332.4446418423881,0.0,222.39614457576005,0.0,0.0,0.0,0.0,0.0,524.3781834999711,0.0,719.5133753954899,0.055001451118873355,0.0,0.0,0.0,72.63727355263212,0.0,0.0,409.7290553585451,0.0,0.0,0.0,0.0,0.0,0.0,0.0,0.0,0.0,0.0,0.0,0.0,0.0,0.0,0.055001451118873355,0.0,0.0,0.0,-1000.0,1000.0,0.0,0.0,0.0,0.0,0.0,1000.0,0.0,-789.322590227043,-996.8573331650088,-4.125108833915502,-2.750072555943668,0.0,0.0,0.0,0.0,0.0,0.0,0.0,0.0,0.0,0.0,0.0,0.0,531.2310187969397,725.698301995704,0.0,0.0,-501.25577128939017,0.0,0.0,0.0,-0.055001451118873355,0.0,0.0,0.055001451118873355,0.0,0.055001451118873355,0.0,0.0,0.0,33.000870671324016,67.1017703650255,67.1017703650255,0.0,0.0,0.0,0.0,0.0,0.0,0.0,705.5158915138154,0.0,0.0,0.0,0.0,0.0,0.0,0.0,0.0,0.0,0.0,0.0,0.0,0.0,0.0,0.0,0.0,0.0,0.0,0.0,92.171182194717,0.0,0.0,0.0,0.08250217667831003,0.0,0.0,0.0,-16.500435335662008,0.0,0.0,0.0,0.0,0.0,-241.39692503273568,2.750072555943668,0.0,0.0,0.0,0.0,777.0659352899414,-2.7500725559436887,0.0,0.0,0.0,0.0,0.0,0.0,0.0,0.0,531.2310187969397,0.0,386.823758457797,1000.0,241.39692503273568,0.0,174.920882219256,-279.70376155051446,216.6835682351381,-8.756231018124708,789.322590227043,-997.2499274440563,0.0,-67.1017703650255,0.0,2.750072555943668,786.2313600813858,0.0,0.0,-70.96462745373483,-234.07434682520753,0.0,0.0,0.0,0.0,0.0,0.0,0.0,0.0,0.0,938.8833682118332,-4.125108833915501,67.1017703650255,0.0,0.0,0.0,70.96462745373483,0.0,0.0,0.0,0.0,0.0,72.73567417976254,0.0,0.0,249.6471427005667,-666.8444105284453,-224.84607403532107,-915.1810903035167,16.500435335662008,0.0,0.0,0.0,0.0,-249.63576566792034,0.0,0.0,0.06050159623146101,0.0,0.0,0.0,33.55088518251275,0.0,0.0,0.0,0.0,162.6088037484485,0.0,0.0,0.0,0.0,0.0,0.0,0.0,0.0,-552.9763599498235,0.0,0.005500145111887456,0.005500145111887456,0.0,0.0,0.0,0.0,0.0,0.0,0.0,0.0,0.0,0.0,70.96462745373483,0.0,0.0,0.0,0.0,241.39692503273568,0.0,0.0,0.0,0.0,0.0,0.0,0.0,0.0,0.0,0.0,0.0,0.0,0.0,-160.2353284459164,-92.97479044425477,0.0,0.0,0.0,33.000870671324016,0.0,0.0,0.0,0.0,0.0,0.0,-33.000870671324016,0.0,0.0,0.0,0.0,0.0,0.0,0.0,0.0,0.0,70.96462745373483,70.96462745373483,0.0,-704.3342811566268,-1000.0,37.67599401642826,0.0,-16.500435335662008,0.0,779.953759125395,0.0,0.0,0.0,0.0,0.0,0.0,0.0,0.0,0.0,0.0,0.0,0.0,0.0,0.0,0.0,0.0,0.0,-6.87518138985917,531.2310187969397,-4.125108833915502,0.0,0.0,0.0,0.0,0.0,0.0,0.0,-0.6875181389859168,234.07434682520753,0.0,0.0,0.0,0.0,0.0,0.0,0.0,1000.0,16.500435335662008,16.500435335662008,0.0,0.0,0.0,0.0,0.0,0.06050159623146101,241.39692503273568,0.0,0.0,-779.953759125395,0.0,0.0,0.0,0.0,0.0,0.0,0.0,0.0,0.0,0.0,0.0,0.0,0.0,0.0,0.0,0.0,0.0,0.0,0.0,57.75152367481703,4.235111736153243,0.0,0.0,0.0,0.0,0.0,241.39692503273568,0.0,0.0,0.0,0.0,0.0,-6.87518138985917,0.0,0.0,0.0,0.0,0.0,0.0,0.0,0.0,0.0,0.0,0.0,0.0,0.0,0.0,0.0,0.0,0.0,0.0,-0.055001451118873355,0.0,0.0,2.750072555943668,-115.90117154542042,0.0,0.0,0.0,0.0,531.2310187969397,0.0,0.0,0.0,4.735624941335695,1.375036277971834,0.0,0.0,0.0,0.055001451118873355,0.0,55.001451118873355,-17.050449846850743,11.000290223774671,0.3928675079919525,153.45404862165668,-0.041251088339155015,2.750072555943668,1.1000290223774671,-0.2750072555945735,-153.45404862165668,16.500435335662008,-0.055001451118873355,93.23458718350481,222.39614457576005,0.013750362779718339,0.3928675079919525,-279.70376155051446,-8.756231018124708,69.86459843135736,-248.19690563121497,-0.055001451118873355,0.013750362779718339,-153.45404862165668,5.500145111887336,0.055001451118873355,0.055001451118873355,-241.28142198538535,0.06050159623076081,0.0,-0.041251088339155015,16.500435335662008,0.055001451118873355,16.500435335662008,-27.50072555943668,-0.027500725559436678,69.44196384996656,70.76206570500754,-0.041251088339155015,-0.055001451118873355,-17.050449846850743,0.055001451118873355,5.500145111887336,-1.1000290223774671,92.171182194717,92.171182194717,-5.500145111887336,248.19690563121497,-92.171182194717,11.000290223774671,0.08250217667831003,404.01947787903765,5.500145111887336,-225.2506490442355,222.39614457576005,-11.000290223774671,0.027500725559436678,0.5500145111887336,46.61729359175241,252.39721525651035,-0.055001451118873355,-253.7722515344822,241.28142198538535,17.050449846850743,0.055001451118873355,8.756231018124708,156.39440323311206,222.39614457576005,-0.055001451118873355,-0.013750362779718339,-222.39614457576005,-0.055001451118873355,-559.4075231010289,0.05500145111886923,-0.013750362779718339,-0.013750362779718339,-0.013750362779718339,22.000580447549343,27.50072555943668,0.5500145111887336,40.7492000976967,-0.013750362779718339,0.0,2.750072555943668,282.45383410645815,0.055001451118873355,0.027500725559436678,0.027500725559436678,-64.67309476733709,17.050449846850743,0.055001451118873355,-17.050449846850743,0.5500145111887336,0.055001451118873355,-40.7492000976967,0.055001451118873355,0.22000580447570428,0.2750072555945735,0.027500725559436678,0.013750362779718339,16.500435335662008,-0.055001451118873355,0.0,-34.93229921567868,-81.4984001953934,1.3750362779718341,-5.500145111887336,11.000290223774671,2.750072555943668,-0.055001451118873355,279.70376155051446,0.08250217667831003,-0.055001451118873355,129.34618953467418,17.050449846850743,480.4454136886728,0.027500725559436678,-564.9076682129163,-0.055001451118873355,-0.05500145111886923,-0.055001451118873355,0.027500725559436678,153.45404862165668,-11.000290223774671,0.055001451118873355,93.23458718350481,-0.013750362779718339,-0.06050159623076081,-93.23458718350481,8.250217667831002,-70.76206570500754,-209.67508299676416,153.45404862165668,-0.041251088339155015,253.7722515344822,-252.39721525651035,0.055001451118873355,-0.013750362779718337,2.750072555943668,55.001451118873355,-0.027500725559436678,-0.055001451118873355,0.013750362779718339,1000.0,0.0,-404.0469786045971,0.0,-309.65810940474216,0.0,-681.1703656114647,-280.9192936202423,0.0,603.6124914307693,426.8321874107106,519.5947190707848,0.0,-301.80624571538465,154.82905470237108,-213.4160937053553,0.0,140.45964681012114,-241.39692503273568,-230.80964802075246,0.0,-519.5947190707848,-230.80964802075246,681.1703656114647,-421.53245697823206,0.0,1496.5981,bhi
488,0.0,0.0,0.0,0.0,0.0,0.0,0.0,0.0,-0.0317216325603852,0.0,0.0,0.0,0.0,0.0,0.0,0.0,665.357600208149,-700.3643160162874,0.0,0.0,0.0,0.0,0.0,409.22305491024235,0.0,0.0,0.0,0.0,0.0,269.42314766248813,0.0,0.0,431.29682467283425,0.0,0.0,0.0,0.0,560.0373287240936,0.0,-1000.0,774.9616722905321,0.0,0.0,-969.4432719630884,0.0,0.0,0.0,0.0,-582.1293068162745,0.0,0.0,0.0,0.0,0.034893795816398746,0.0,0.0,0.0,6.34432651207704,0.0,0.0,86.11771013740533,0.0,363.17722044116687,0.0,0.0,0.0,0.0,0.0,0.0,844.1029929307535,0.0,0.317216325603852,0.0,0.0,0.0,0.0,0.0,0.0,0.0,0.0,0.0,0.0,-210.3417507822257,0.0,19.03297953623112,0.0,60.853648281300934,0.0,51.254507662359096,331.28735877401726,348.0377541513824,0.0,0.0,-711.5052328593903,9.51648976811556,0.0,320.90610422682903,0.0,0.0,0.0,0.0,1.58608162801926,269.42314766248813,0.0,0.0,0.0,0.0,0.0,0.0,0.0,0.0,0.0,0.0,0.0,0.0,0.0,0.0,0.0,0.0,0.0,0.0,0.0,0.0,0.0,-229.81944560395544,0.0,0.0,320.90610422682903,0.0,9.833706093719414,0.0,0.0,-414.61897914782423,414.61897914782423,0.0,0.0,-1000.0,-984.3750000000374,984.3750000000374,550.7050694214279,0.0,0.0,0.0,0.0,0.0,273.63796477067626,0.0317216325603852,348.0456845595225,0.0,0.0,0.0,0.0,0.0,0.0,210.3417507822257,0.0,687.6188229703112,0.0,0.0,0.0,0.0,0.0,630.9380003917465,630.9380003917465,0.0,0.0,0.0,0.0,-858.8028748403877,0.0,0.0,630.9697220243069,0.0,0.0,0.0,-163.7966536418337,0.0,0.0,0.0,0.0,0.0,0.0,0.0,0.0,0.0,0.0,-925.6995716149185,0.0,0.0,0.0,0.0,-96.082228273276,0.0,0.0,0.0,0.0,0.0,0.0,0.0,617.4581335636236,-617.4581335636236,449.2949305785722,0.0,0.0,0.0,0.0,0.0,0.0,0.0,-1000.0,0.0,0.0,0.0,0.0,0.0,0.0,0.0,0.0,0.0,0.0,0.0,0.0,0.0,0.0,-675.9217325171325,-352.6514410543627,0.0,0.0,0.0,0.0,-430.25298429395536,0.0,0.0,0.0,0.0,86.11771013740533,616.7918309087256,0.0,0.0,0.0,0.0,0.0,0.0,0.0,0.0,1.0214365684441078,0.0,311.3896144587135,0.0,566.2036259012646,0.0,35.328826747349126,0.0,352.6514410543627,0.0,0.0,449.2949305785722,587.5413385685986,0.0,0.0,0.0,-183.38881286838532,0.0,0.0,-125.58571407421033,0.0,0.0,-1000.0,874.4142859257895,-874.4142859257895,668.7126412259827,0.0,499.2231243636106,0.0,0.0,69.4614085588579,0.0,0.0,0.0,0.0,0.0,0.0,0.0,732.63229630627,0.0,0.0,-629.8456285298214,0.0,0.0,0.0,86.11771013740533,-0.0475824488405778,0.0,0.0,0.0,0.0,0.0317216325603852,0.0,0.0,0.0,-244.88725880661394,665.357600208149,0.0,0.0,-838.0186084189813,0.0,1000.0,0.0,-920.5892166094404,0.0,0.0,0.0,0.0,0.0,920.5892166094404,0.0,0.0,-1000.0,-1000.0,0.0,0.0,0.0,0.0,0.0,0.0,0.0,0.0,0.0,0.0,0.0,0.0,0.0,0.0,0.0,0.0,0.0,405.1638495357971,0.0,-155.0003657185378,210.3417507822257,0.0,0.0,0.0,0.0,0.0,-274.6594013391204,0.0,0.0,0.0,0.0,0.0,0.0,321.8703191722833,-1.58608162801926,-0.79304081400963,0.0,3.107723301437467,0.0,0.0,-966.0336274154484,-321.8703191722833,0.0,1000.0,0.0,-1.58608162801926,-1000.0,0.0,-598.2779667445677,121.05571084383948,523.1720373539265,320.90610422682903,0.0,0.0,0.0,0.0,0.0,0.0,0.0,0.0,0.0,0.0,495.2456063213637,0.0,0.0,-284.2869623909867,0.0,0.0,0.0,0.0,0.0,-155.3522137411597,0.0,0.0,95.86777651736091,0.0,0.0,0.0,0.0,-996.8278367439615,0.06344326512073524,0.0,0.0,0.0,0.0,0.0,0.0,0.0,0.0,0.0,844.1029929307535,0.0,0.0,0.0,0.0,0.0,0.0,0.0,0.0,0.0,0.034893795816398746,0.034893795816398746,0.0,283.406753410071,0.0,19.03297953623112,0.0,0.0,0.0,1000.0,0.0,1000.0,60.853648281300934,0.0,0.0,1000.0,-1000.0,0.0,0.0,0.0,0.0,0.0,95.86777651736091,0.0,0.0,0.0,0.0,0.0,0.0,0.0,76.60648186798515,244.88725880661394,0.0,0.0,63.296213988450596,0.0,-1000.0,288.4947671406097,269.45282085599285,0.0,1000.0,0.0,0.0,3.17216325603852,0.0,0.0,0.0,0.0,0.0,0.0,0.0,0.0,0.0,0.0,0.0,0.0,0.0,0.0,0.0,0.0,19.03297953623112,449.2949305785721,449.2949305785722,0.0,0.0,0.0,0.0,0.0,0.0,0.0,0.0,0.0,0.0,0.317216325603852,0.0,0.0,60.853648281300934,-60.853648281300934,0.0,0.0,0.0,0.0,320.90610422682903,0.0,0.0,0.0,0.0,0.0,0.0,0.0,0.0,0.0,0.0,1000.0,0.0,0.0,9.51648976811556,9.51648976811556,555.6121041659903,-1000.0,0.0,95.86777651736091,0.0,0.0,0.0,0.0,0.0,-269.42314766248813,0.0,-85.63781438709802,0.0317216325603852,0.0,0.0,0.0,41.89294745778301,498.41006716655926,0.0,711.5052328593903,0.0,0.0,0.0,0.0,0.0,0.0,0.0,0.0,0.0,0.0,0.0,0.0,0.0,0.0,0.0317216325603852,0.0,0.0,0.0,0.0,0.0,0.0,0.0,0.0,0.0,0.0,-274.6594013391204,0.0,0.0,-560.164215254335,-2.37912244202889,0.0,-1.58608162801926,0.0,0.0,0.0,0.0,0.0,0.0,0.0,0.0,0.0,0.0,0.0,449.2949305785721,0.0,0.0,0.0,-73.51984776262191,0.0,0.0,0.0,-0.0317216325603852,0.0,0.0,0.0317216325603852,0.0,0.0317216325603852,0.0,0.0,0.0,19.03297953623112,38.70039172366995,38.70039172366995,0.0,0.0,0.0,0.0,0.0,0.0,0.0,0.0,0.0,0.0,0.0,0.0,0.0,923.3204491728895,0.0,0.0,0.0,0.0,0.0,0.0,0.0,0.0,0.0,0.0,0.0,0.0,0.0,19.041946284616813,0.0,0.0,0.0,0.0475824488405778,0.0,0.0,0.0,-320.90610422682903,0.0,0.0,0.0,0.0,0.0,-283.406753410071,1.58608162801926,0.0,0.0,0.0,0.0,858.8028748403877,274.6594013391204,-1.58608162801926,0.0,0.0,0.0,0.0,0.0,0.0,0.0,449.2949305785721,0.0,0.0,1000.0,283.406753410071,0.0,-440.4226917639615,498.41006716655926,0.0,0.0,0.0,0.0,210.3417507822257,548.8409468449286,0.0,1.58608162801926,815.8570546095061,0.0,0.0,0.0,-277.05951030376156,453.1250000000542,-453.1250000000542,0.0,0.0,0.0,0.0,0.0,0.0,0.0,1000.0,-79.05867326913932,38.70039172366995,0.0,0.0,0.0,0.0,0.0,0.0,0.0,0.0,0.0,1.0214365684441078,0.0,0.0,211.4854474670184,-885.9959403885366,-1000.0,0.0,9.51648976811556,60.853648281300934,0.0,0.0,0.0,-471.8702090363165,0.0,0.0,0.034893795816398746,0.0,0.0,0.0,19.350195861834976,0.0,0.0,0.0,0.0,-675.9217325171325,0.0,0.0,0.0,0.0,0.0,0.0,0.0,0.0,-111.50178166349247,0.0,0.0031721632560385202,0.0031721632560385202,0.0,0.0,0.0,0.0,0.0,0.0,0.0,0.0,0.0,0.0,0.0,0.0,0.0,0.0,0.0,283.406753410071,0.0,0.0,0.0,0.0,0.0,0.0,0.0,0.0,0.0,0.0,0.0,121.70729656260187,1000.0,247.8090179636345,-700.3643160162874,0.0,0.0,0.0,19.03297953623112,0.0,0.0,0.0,0.0,0.0,-19.03297953623112,0.0,0.0,121.70729656260187,0.0,0.0,0.0,0.0,0.0,0.0,0.0,0.0,0.0,0.0,85.63781438709802,-1000.0,945.0497674767535,0.0,-320.90610422682903,0.0,560.0373287240936,0.0,0.0,0.0,0.0,0.0,0.0,0.0,0.0,0.0,0.0,0.0,0.0,0.0,0.0,0.0,0.0,0.0,-3.9652040700481503,449.2949305785722,-2.37912244202889,1000.0,0.0,0.0,0.0,0.0,0.0,297.5124042582378,-297.9089246652426,365.6939645233854,0.0,0.0,0.0,0.0,0.0,0.0,0.0,1000.0,9.51648976811556,9.51648976811556,0.0,0.0,0.0,0.0,0.0,0.034893795816398746,283.406753410071,0.0,0.0,-560.0373287240936,0.0,0.0,0.0,0.0,0.0,0.0,0.0,0.0,0.0,0.0,0.0,0.0,0.0,0.0,0.0,0.0,0.0,0.0,0.0,33.30771418840446,63.296213988450596,0.0,0.0,0.0,0.0,0.0,283.406753410071,0.0,-274.6594013391204,0.0,0.0,0.0,-3.9652040700481503,0.0,0.0,0.0,0.0,0.0,0.0,0.0,0.0,0.0,0.0,0.0,0.0,0.0,0.0,0.0,0.0,0.0,0.0,-0.0317216325603852,0.0,0.0,1.58608162801926,-1000.0,0.0,0.0,0.0,0.0,449.2949305785722,0.0,0.0,0.0,-920.5892166094404,0.79304081400963,0.0,0.0,0.0,0.0317216325603852,0.0,31.7216325603852,-9.833706093719414,6.34432651207704,0.22658308971703714,88.50335484347472,-0.0237912244202889,1.58608162801926,0.6344326512077041,-0.15860816280167,-88.50335484347472,9.51648976811556,-0.0317216325603852,0.0,95.86777651736091,0.0079304081400963,0.22658308971703714,0.0,-65.90373218491396,-0.6344326512077041,35.006715808138324,-0.0317216325603852,0.0079304081400963,-88.50335484347472,3.17216325603852,0.0317216325603852,0.0317216325603852,-283.3401379816942,-60.81875448548451,-929.7145942502365,-0.0237912244202889,9.51648976811556,0.0317216325603852,320.90610422682903,295.5287981785209,-0.0158608162801926,242.09577127992532,427.04909940535646,-0.0237912244202889,-0.0317216325603852,-9.833706093719414,0.0317216325603852,3.17216325603852,-0.6344326512077041,19.041946284616813,19.041946284616813,-3.17216325603852,-35.006715808138324,-19.041946284616813,6.34432651207704,0.0475824488405778,-1000.0,3.17216325603852,-76.60648186798515,95.86777651736091,-6.34432651207704,0.0158608162801926,0.317216325603852,0.0,289.75107992214805,-0.0317216325603852,-290.5441207361577,283.3401379816942,9.833706093719414,0.0317216325603852,65.90373218491396,-253.5877970138141,95.86777651736091,-0.0317216325603852,-0.0079304081400963,-95.86777651736091,-0.0317216325603852,-996.8278367439615,0.03172163256044769,-0.0079304081400963,-0.0079304081400963,-0.0079304081400963,12.68865302415408,-295.5287981785209,0.317216325603852,238.69863983920695,-0.0079304081400963,0.0,1.58608162801926,500.0,0.0317216325603852,0.0158608162801926,0.0158608162801926,51.10605151471898,9.833706093719414,0.0317216325603852,-9.833706093719414,0.317216325603852,0.0317216325603852,-669.0923904712681,0.0317216325603852,0.1268865302413776,0.15860816280167,0.0158608162801926,0.0079304081400963,9.51648976811556,-0.0317216325603852,929.7145942502365,0.31721632560385205,-477.3972796784139,0.7930408140096301,-3.17216325603852,6.34432651207704,1.58608162801926,-0.0317216325603852,0.0,0.0475824488405778,-0.0317216325603852,-102.21210302943796,9.833706093719414,636.2358945978449,0.0158608162801926,-1000.0,-0.0317216325603852,-0.03172163256044769,-0.0317216325603852,0.0158608162801926,88.50335484347472,-6.34432651207704,0.0317216325603852,0.0,-0.0079304081400963,60.81875448548451,0.0,4.758244884057779,-427.04909940535646,919.5012645343005,88.50335484347472,-0.0237912244202889,290.5441207361577,-289.75107992214805,0.0317216325603852,-0.007930408140096299,1.58608162801926,31.7216325603852,-0.0158608162801926,-0.0317216325603852,0.0079304081400963,1000.0,0.0,-0.0158608162801926,430.39375063206114,810.1344756580946,0.0,-241.7061288021897,66.41219441414052,0.0,886.4654748317461,-1000.0,434.07836525188446,-1000.0,-443.23273741587303,-405.0672378290473,500.0,0.0,-33.20609720707026,-283.406753410071,-164.36568556152832,1000.0,-434.07836525188446,-164.36568556152832,241.7061288021897,4.3547524777929425,0.0,1496.5981,bhi
489,0.0,0.0,0.0,0.0,0.0,0.0,0.0,0.0,0.0,0.0,0.0,0.0,0.0,0.0,0.0,0.0,617.4672421128123,-223.6628266186123,0.0,-26.792573947925717,0.0,0.0,0.0,623.2877826717863,0.0,0.0,0.0,0.0,0.0,-1000.0,339.81338271192277,-339.81338271192277,249.44404218368672,0.0,0.0,0.0,0.0,582.4350141316562,0.0,-1000.0,1000.0,0.0,0.0,0.0,0.0,0.0,0.0,0.0,980.6692277988913,-432.21113188751065,0.0,0.0,0.0,0.0,0.0,0.0,0.0,0.0,0.0,0.0,-16.57770167053178,0.0,325.03728889173567,0.0,0.0,0.0,0.0,0.0,0.0,880.8166171834418,0.0,0.0,0.0,0.0,0.0,0.0,0.0,0.0,0.0,0.0,0.0,0.0,538.2883481798065,0.0,0.0,0.0,0.0,-422.39100730902305,808.7336210564062,-617.4672421128123,0.0,0.0,0.0,-227.29593043540547,0.0,0.0,0.0,0.0,0.0,0.0,538.2883481798065,556.0013209026806,-1000.0,0.0,0.0,-227.29593043540547,0.0,0.0,0.0,0.0,0.0,0.0,0.0,0.0,0.0,0.0,0.0,0.0,0.0,0.0,0.0,0.0,0.0,0.0,-87.75549944239732,0.0,0.0,0.0,0.0,0.0,0.0,0.0,0.0,0.0,0.0,0.0,-308.4595872212039,0.0,0.0,0.0,0.0,0.0,0.0,0.0,0.0,-538.2883481798065,0.0,0.0,0.0,0.0,0.0,0.0,0.0,0.0,0.0,0.0,278.4979787531486,0.0,0.0,0.0,0.0,0.0,660.1866172880773,660.1866172880773,0.0,0.0,0.0,0.0,1000.0,0.0,0.0,1000.0,0.0,0.0,0.0,-399.5631007346973,-880.9825652427188,0.0,0.0,0.0,0.0,0.0,0.0,0.0,0.0,0.0,0.0,0.0,0.0,0.0,0.0,-21.273418541320154,0.0,0.0,0.0,0.0,0.0,432.21113188751065,0.0,-191.26637894359385,191.26637894359385,308.4595872212039,0.0,0.0,0.0,0.0,0.0,0.0,0.0,-1000.0,0.0,0.0,0.0,0.0,0.0,0.0,0.0,0.0,0.0,0.0,0.0,0.0,0.0,0.0,-205.14781868712421,-598.1364699117036,0.0,0.0,0.0,0.0,-308.4595872212039,0.0,0.0,0.0,0.0,-16.57770167053178,-598.1364699117036,339.81338271192277,0.0,0.0,0.0,0.0,0.0,0.0,0.0,339.813382711922,0.0,0.0,0.0,0.0,1000.0,367.01184154627435,0.0,598.1364699117036,0.0,0.0,308.4595872212039,-730.5059073355078,0.0,0.0,0.0,67.37140363854587,0.0,0.0,-503.45136680929977,0.0,0.0,-503.45136680929977,0.0,0.0,617.4672421128123,0.0,-1000.0,432.21113188751065,0.0,0.0,0.0,0.0,0.0,-1000.0,0.0,1000.0,0.0,1000.0,0.0,0.0,0.0,0.0,0.0,0.0,-16.57770167053178,0.0,0.0,0.0,0.0,0.0,0.0,0.0,0.0,0.0,-318.5399641706018,617.4672421128123,0.0,-295.8840692069561,-18.68596425892565,880.9825652427188,1000.0,0.0,-57.58645850884864,0.0,-227.29593043540547,0.0,0.0,0.0,0.0,-567.2923236535222,624.8787821623707,135.6630587651494,-1000.0,0.0,0.0,0.0,0.0,0.0,0.0,0.0,0.0,0.0,0.0,0.0,0.0,0.0,0.0,0.0,0.0,0.0,-445.133950149661,0.0,-1000.0,0.0,0.0,0.0,1000.0,12.954670773517323,0.0,538.2883481798073,0.0,0.0,0.0,194.72565311196382,556.0013209026806,0.0,0.0,-778.0006604513403,0.0,567.2923236535222,725.0419629636783,0.0,0.0,-819.6044352743345,0.0,0.0,1000.0,0.0,0.0,-945.6719628590423,0.0,-621.6203607944799,0.0,885.5178035355138,0.0,0.0,0.0,0.0,780.2019746241726,0.0,0.0,358.3275770099476,358.3275770099476,-358.3275770099476,-358.3275770099476,-18.68596425892565,0.0,0.0,0.0,0.0,0.0,0.0,0.0,0.0,-341.6149905622674,0.0,0.0,0.0,0.0,0.0,0.0,0.0,-205.14781868712421,0.0,0.0,0.0,0.0,0.0,0.0,0.0,0.0,0.0,0.0,880.8166171834418,0.0,0.0,0.0,0.0,0.0,0.0,0.0,0.0,0.0,0.0,0.0,339.81338271192277,309.3819719653717,0.0,0.0,0.0,0.0,0.0,1000.0,0.0,0.0,0.0,0.0,0.0,518.5805354919785,-1000.0,0.0,0.0,0.0,0.0,0.0,0.0,0.0,0.0,0.0,0.0,0.0,0.0,0.0,29.251833147465774,318.5399641706018,0.0,0.0,0.0,0.0,-227.29593043540547,0.0,0.0,0.0,399.1150236062732,0.0,313.4327168048543,0.0,0.0,0.0,0.0,0.0,0.0,0.0,0.0,0.0,0.0,0.0,0.0,0.0,0.0,0.0,0.0,0.0,0.0,308.4595872212039,308.4595872212039,0.0,0.0,0.0,0.0,0.0,0.0,0.0,0.0,0.0,0.0,0.0,0.0,339.81338271192277,0.0,0.0,339.81338271192277,0.0,0.0,0.0,0.0,0.0,0.0,0.0,0.0,0.0,0.0,0.0,0.0,0.0,0.0,232.59525804820123,-898.0929499282781,0.0,0.0,0.0,0.0,-1000.0,0.0,0.0,0.0,0.0,0.0,0.0,0.0,-135.6630587651494,0.0,256.74563376513197,0.0,0.0,0.0,0.0,0.0,0.0,0.0,227.29593043540547,0.0,0.0,0.0,0.0,0.0,0.0,9.189654760438867,0.0,0.0,0.0,0.0,0.0,0.0,0.0,0.0,0.0,0.0,0.0,156.0974738270222,-156.0974738270222,0.0,0.0,0.0,0.0,0.0,538.2883481798073,0.0,0.0,-554.866049850339,0.0,0.0,0.0,0.0,0.0,0.0,0.0,0.0,0.0,0.0,0.0,0.0,0.0,0.0,308.4595872212039,880.9825652427188,0.0,0.0,263.89744274103407,0.0,0.0,0.0,0.0,0.0,0.0,0.0,0.0,0.0,27.5689642813166,0.0,0.0,0.0,0.0,0.0,0.0,0.0,0.0,0.0,0.0,0.0,0.0,0.0,0.0,0.0,0.0,0.0,0.0,0.0,0.0,0.0,0.0,0.0,0.0,0.0,0.0,0.0,0.0,0.0,0.0,0.0,0.0,0.0,0.0,0.0,0.0,0.0,0.0,0.0,0.0,0.0,0.0,0.0,0.0,0.0,0.0,-309.3819719653717,0.0,0.0,0.0,0.0,0.0,-1000.0,0.0,0.0,0.0,0.0,0.0,0.0,0.0,0.0,0.0,308.4595872212039,0.0,0.0,627.3234980498291,309.3819719653717,0.0,-1000.0,-227.29593043540547,0.0,538.2883481798073,0.0,-538.2883481798073,0.0,-730.5059073355078,0.0,0.0,990.810345239561,0.0,0.0,-339.81338271192277,-341.6149905622674,0.0,0.0,0.0,0.0,0.0,0.0,0.0,0.0,0.0,309.3819719653717,-309.3819719653716,0.0,0.0,0.0,0.0,339.81338271192277,0.0,0.0,0.0,0.0,0.0,339.813382711922,0.0,0.0,0.0,-880.8166171834418,-1000.0,0.0,0.0,0.0,0.0,0.0,0.0,-202.97632604556708,0.0,0.0,0.0,0.0,0.0,0.0,0.0,0.0,0.0,0.0,0.0,-205.14781868712421,0.0,0.0,0.0,0.0,0.0,0.0,0.0,0.0,644.5482199967795,0.0,0.0,0.0,0.0,0.0,0.0,0.0,0.0,27.5689642813166,0.0,0.0,0.0,0.0,339.81338271192277,0.0,0.0,0.0,0.0,309.3819719653717,0.0,0.0,0.0,0.0,0.0,0.0,0.0,432.21113188751065,0.0,0.0,0.0,0.0,1000.0,188.81113807659014,-223.6628266186123,0.0,0.0,0.0,0.0,0.0,0.0,0.0,0.0,0.0,0.0,0.0,0.0,0.0,0.0,0.0,0.0,0.0,0.0,0.0,0.0,339.81338271192277,339.81338271192277,0.0,-256.74563376513197,-1000.0,0.0,-917.2218196392482,917.2218196392482,0.0,554.8660498503396,0.0,0.0,0.0,0.0,0.0,0.0,0.0,0.0,0.0,0.0,0.0,0.0,0.0,0.0,0.0,0.0,0.0,0.0,308.4595872212039,-556.0013209026806,309.3819719653717,0.0,0.0,0.0,0.0,0.0,0.0,0.0,341.6149905622674,0.0,0.0,0.0,0.0,0.0,0.0,0.0,1000.0,0.0,0.0,0.0,0.0,0.0,0.0,0.0,0.0,309.3819719653717,0.0,0.0,-582.4350141316562,0.0,0.0,0.0,0.0,0.0,0.0,0.0,0.0,0.0,0.0,0.0,0.0,0.0,0.0,13.7844821406583,0.0,0.0,0.0,0.0,0.0,0.0,0.0,0.0,0.0,0.0,0.0,309.3819719653717,0.0,0.0,0.0,0.0,0.0,0.0,0.0,0.0,0.0,0.0,0.0,0.0,0.0,0.0,0.0,0.0,0.0,0.0,0.0,0.0,0.0,0.0,0.0,0.0,0.0,0.0,0.0,0.0,-518.5805354919785,0.0,0.0,0.0,0.0,308.4595872212039,0.0,0.0,0.0,0.0,0.0,0.0,0.0,0.0,0.0,0.0,0.0,0.0,0.0,0.0,0.0,0.0,778.0006604513403,0.0,27.56896428131722,0.0,0.0,0.0,75.76531014513516,0.0,0.0,0.0,-227.29593043540547,0.0,339.81338271192277,-367.01184154627424,0.0,0.0,0.0,0.0,0.0,0.0,-309.3819719653717,0.0,0.0,0.0,0.0,0.0,0.0,0.0,0.0,176.09388211766236,308.4595872212039,0.0,0.0,0.0,0.0,0.0,0.0,0.0,0.0,0.0,367.01184154627424,0.0,0.0,0.0,-1000.0,0.0,-29.251833147465774,0.0,0.0,0.0,0.0,73.97101730173902,309.3819719653717,0.0,-309.3819719653716,309.3819719653717,0.0,0.0,0.0,0.0,0.0,0.0,0.0,0.0,0.0,-205.14781868712421,0.0,0.0,0.0,0.0,0.0,0.0,0.0,0.0,0.0,72.17672445834289,0.0,102.57390934356211,0.0,0.0,0.0,0.0,0.0,0.0,0.0,0.0,0.0,0.0,0.0,9.094947017729282e-13,-27.56896428131722,0.0,0.0,0.0,0.0,0.0,-169.90669135596139,0.0,778.0006604513403,0.0,0.0,0.0,0.0,227.29593043540547,0.0,0.0,0.0,0.0,281.452165187724,0.0,-205.14781868712421,0.0,0.0,0.0,0.0,0.0,0.0,0.0,147.94203460347805,0.0,0.0,-147.94203460347805,0.0,-308.4595872212039,520.2404925997339,0.0,0.0,309.3819719653716,-309.3819719653717,0.0,0.0,194.72565311196382,0.0,0.0,0.0,0.0,789.9978146121308,0.0,1000.0,0.0,682.0584739155425,0.0,-140.9611097647942,-476.7399726190922,0.0,-1000.0,-534.2200799298415,1000.0,0.0,500.0,-341.0292369577713,267.11003996492076,0.0,238.3699863095461,-309.3819719653717,-78.47583914215694,0.0,-1000.0,-78.47583914215694,140.9611097647942,-70.48055488239703,0.0,1496.5981,bhi
490,0.0,0.0,0.0,0.0,0.0,0.0,0.0,0.0,-0.004882572963591037,0.0,0.0,0.0,0.0,0.0,0.0,0.0,0.0,0.0,0.0,-244.08314731176472,0.0,0.0,0.0,0.0,0.0,433.3684005177878,0.0,0.0,0.0,-839.9821147259177,0.0,0.0,77.24048327193181,0.0,0.0,0.0,0.0,872.3397728069025,0.0,-1000.0,1000.0,0.0,0.0,0.0,0.0,0.0,0.0,0.0,477.6334314456001,0.0,0.0,0.0,0.0,0.005370830259954969,0.0,0.0,0.0,0.0,0.0,0.0,126.90831095670492,0.0,0.0,-319.35953419270743,0.0,0.0,0.0,0.0,0.0,0.0,0.0,0.048825729635910364,0.0,0.0,0.0,0.0,0.0,0.0,0.0,0.0,0.0,0.0,235.94342404668936,0.0,2.929543778154622,0.0,21.417645500772874,-913.0339927358532,37.916879987129164,0.0,-0.0012206432408977592,0.0,0.0,0.0,1.464771889077311,0.0,1.464771889077311,-0.15721884942615816,785.85017957228,0.0,235.94342404668936,999.8779356759102,-839.9821147259177,0.0,0.0,0.0,0.0,323.8739734487337,0.0,0.0,0.0,0.0,0.0,0.0,0.0,0.0,0.0,0.0,0.0,0.0,0.0,0.0,0.0,0.0,-1000.0,0.0,0.0,1.464771889077311,0.0,1.5135976187132212,1.5135976187132212,0.0,-1000.0,260.8576707921645,739.1423292078355,-739.1423292078355,-446.2678451494123,0.0,0.0,0.0,0.0,0.0,0.0,0.0,0.0,-214.14982042772,0.004882572963591037,0.0,0.0,0.0,0.0,0.0,0.0,0.0,0.0,0.0,-23.50728643410223,0.0,0.0,0.0,0.0,0.0,-257.5874586295808,-257.5874586295808,0.0,0.0,0.0,-898.4218750000001,0.0,0.0,0.0,-257.5825760566172,0.0,0.0,0.0,-881.8052160177438,0.0,0.0,0.0,0.0,0.0,0.0,0.0,0.0,0.0,0.0,0.0,0.0,0.0,0.0,0.0,-1000.0,0.0,0.0,0.0,0.0,0.0,0.0,0.0,808.6825860215115,-808.6825860215115,312.4385536273887,0.0,0.0,0.0,0.0,0.0,0.0,0.0,-575.9355428449282,0.0,0.0,0.0,0.0,0.0,0.0,0.0,0.0,0.0,0.0,0.0,0.0,0.0,0.0,10.035761502754859,362.3486832803176,0.0,0.0,0.0,133.8292915220236,-312.4385536273887,0.0,0.0,0.0,0.0,126.90831095670492,362.3486832803176,0.0,0.0,0.0,0.0,0.0,0.0,0.0,0.0,0.0,0.9765145927182073,0.0,0.0,-0.007323859445386554,-770.7730298938277,373.2820247312584,0.0,-362.3486832803176,0.0,0.0,446.2678451494123,55.386292039185726,0.0,0.0,0.0,-159.9568531120375,0.0,0.0,-1000.0,-1000.0,0.0,0.0,0.0,1000.0,846.5994660086407,0.0,1000.0,0.0,0.0,16.64957380584543,0.0,0.0,0.0,-38.438294851851225,0.0,38.438294851851225,0.0,678.1547222951369,0.0,133.8292915220236,-575.9355428449282,-898.4218749999999,0.0,0.0,126.90831095670492,-0.007323859445386554,0.0,0.0,0.0,0.0,0.004882572963591037,0.0,0.0,0.0,998.5352281109227,0.0,0.0,-461.3786132510465,316.3970773277508,0.0,775.821298804352,0.0,1000.0,0.0,0.0,0.0,0.0,0.0,-0.42038953216519304,0.0,-999.5796104678348,-1000.0,-1000.0,0.0,0.0,0.0,0.0,0.0,0.0,0.0,0.0,0.0,0.0,0.0,0.0,0.0,0.0,0.0,0.0,0.0,0.0,0.0,-1000.0,0.0,127.64069690124359,0.0,591.7981752879585,0.0,0.0,214.14982042772,0.0,785.85017957228,0.0,0.0,999.6338070277307,0.0,0.0,-1000.0,0.0,0.0,0.0,-0.24412864817955182,0.0,993.0052259723594,0.0,204.0398801939758,699.7628354756315,-0.12206432408977591,0.0,0.0,0.0,-903.1923940491585,0.0,7.4830313239996284,1.464771889077311,0.0,0.0,0.0,0.0,0.0,0.0,0.0,0.0,0.0,0.0,892.703695717912,0.0,0.0,-1000.0,0.0,0.0,0.0,0.0,0.0,-149.61593223445675,0.0,0.0,225.6434730847253,0.0,0.0,0.0,0.0,8.570989613677549,0.009765145927187068,0.0,0.0,0.0,0.0,0.0,0.0,0.0,0.0,0.0,0.0,0.0,0.0,0.0,0.0,0.0,0.0,0.0,0.0,0.0,0.005370830259954969,0.005370830259954969,0.0,558.3569332800424,0.0,2.929543778154622,0.0,0.0,0.0,1000.0,0.0,925.5303695745336,21.417645500772874,0.0,0.0,384.3412628741824,-1000.0,0.0,0.0,0.0,0.0,0.0,225.6434730847253,0.0,0.0,0.0,0.0,0.0,0.0,0.0,333.3333333333333,-998.5352281109227,0.0,0.0,21.79360361896938,0.0,0.0,0.0,0.0,0.0,384.3412628741824,0.0,0.0,392.91225248786,0.0,0.0,0.0,0.0,0.0,0.0,0.0,0.0,0.0,0.0,0.0,0.0,0.0,0.0,0.0,0.0,2.929543778154622,446.2678451494123,446.2678451494123,0.0,0.0,0.0,0.0,0.0,0.0,0.0,0.0,0.0,0.0,0.048825729635910364,0.0,0.0,21.417645500772874,-21.417645500772874,0.0,0.0,0.0,0.0,1.464771889077311,0.0,0.0,0.0,0.0,0.0,0.0,0.0,0.0,0.0,0.0,501.0247547013119,0.0,0.0,1.464771889077311,1.464771889077311,1000.0,-1000.0,0.0,225.6434730847253,0.0,0.0,0.0,0.0,0.0,839.9821147259177,0.0,1000.0,0.004882572963591037,0.0,0.0,0.0,0.3937446339924486,0.0,0.0,0.0,0.0,0.0,0.0,0.0,0.0,0.0,0.0,0.0,0.0,0.0,0.0,0.0,0.0,0.0,0.004882572963591037,0.0,0.0,0.0,-172.72957946349266,172.72957946349266,0.0,0.0,0.0,127.64069690124359,0.0,1000.0,0.0,0.0,-1000.0,-0.3661929722693277,-0.24412864817955182,0.0,0.0,828.09375,828.09375,-828.09375,0.0,0.0,0.0,0.0,0.0,0.0,0.0,446.2678451494123,0.0,0.0,0.0,-895.4652340769793,0.0,0.0,0.0,-0.004882572963591037,0.0,0.0,0.004882572963591037,0.0,0.004882572963591037,0.0,0.0,0.0,2.929543778154622,5.956739015581064,5.956739015581064,0.0,0.0,0.0,0.0,0.0,0.0,0.0,0.0,0.0,0.0,0.0,0.0,0.0,0.0,0.0,0.0,0.0,0.0,0.0,0.0,0.0,0.0,0.0,0.0,0.0,0.0,0.0,0.0,0.0,-433.3684005177878,433.3684005177878,0.007323859445386554,0.0,0.0,0.0,-1.464771889077311,0.0,0.0,0.0,0.0,0.0,-558.3569332800424,0.24412864817955182,0.0,0.0,0.0,898.4218749999999,0.0,-214.14982042772,0.0,0.0,0.0,0.0,0.0,0.0,0.0,0.0,446.2678451494123,0.0,0.0,-827.0639270645504,558.3569332800424,0.0,424.6747787755206,0.0,0.0,0.0,785.85017957228,-785.85017957228,0.0,49.42955302360466,0.0,0.24412864817955182,956.5785511815068,0.0,0.0,0.0,-192.4512232360025,-112.65685723358547,112.65685723358547,-671.8750000002834,671.8750000002834,0.0,0.0,0.0,0.0,0.0,558.7231262523118,-559.4555121968505,5.956739015581064,0.0,0.0,0.0,0.0,0.0,0.0,0.0,0.0,0.0,0.0,0.0,0.0,0.0,-0.3937446339924486,1000.0,0.0,1.464771889077311,21.417645500772874,0.0,0.0,0.0,-77.008697920988,0.0,0.0,0.005370830259954969,0.0,0.0,0.0,2.978369507790532,0.0,0.0,0.0,0.0,10.035761502754859,0.0,0.0,0.0,0.0,0.0,0.0,0.0,0.0,-1000.0,0.0,0.00048825729635910406,0.00048825729635910406,0.0,0.0,0.0,0.0,0.0,0.0,0.0,0.0,0.0,0.0,0.0,0.0,0.0,0.0,0.0,558.3569332800424,0.0,0.0,0.0,0.0,0.0,0.0,0.0,0.0,0.0,0.0,0.0,42.83529100154575,723.9183769743518,509.6319071594836,0.0,0.0,0.0,0.0,2.929543778154622,0.0,0.0,0.0,0.0,0.0,0.0,-2.929543778154622,0.0,42.83529100154575,0.0,0.0,0.0,0.0,0.0,0.0,0.0,0.0,0.0,0.0,-1000.0,-1000.0,3.34456248005986,724.2182254312453,-725.6829973203226,0.0,999.9804697081461,0.0,0.0,0.0,0.0,0.0,0.0,0.0,0.0,0.0,0.0,0.0,0.0,0.0,0.0,0.0,0.0,0.0,-0.6103216204488795,446.2678451494123,-1000.0,559.0893192245811,0.0,0.0,0.0,0.0,0.0,0.0,-0.061032162044887955,149.61593223445675,0.0,0.0,0.0,0.0,0.0,0.0,0.0,1000.0,1.464771889077311,1.464771889077311,0.0,0.0,0.0,0.0,0.0,0.005370830259954969,558.3569332800424,0.0,0.0,-999.9804697081461,0.0,0.0,0.0,0.0,0.0,0.0,0.0,0.0,0.0,0.0,0.0,0.0,0.0,0.0,0.0,0.0,0.0,1.5135976187132212,0.0,5.126701611770589,21.79360361896938,0.0,0.0,0.0,0.0,0.0,558.3569332800424,0.0,213.74847293011427,0.0,0.0,0.0,-0.6103216204488795,0.0,0.0,0.0,0.0,0.0,0.0,0.0,0.0,0.0,0.0,0.0,0.0,0.0,0.0,0.0,0.0,0.0,0.0,-0.004882572963591037,0.0,0.0,0.24412864817955182,-384.3412628741824,0.0,0.0,0.0,0.0,446.2678451494123,0.0,0.0,0.0,0.42038953216519304,0.12206432408977591,0.0,0.0,433.3684005177878,0.004882572963591037,0.0,4.882572963591036,0.0,0.9765145927182073,0.0348755211685074,16.64957380584543,-0.003661929722693277,795.9601198060242,0.09765145927182073,-0.024412864817516554,-16.64957380584543,1.464771889077311,-0.004882572963591037,0.0,225.6434730847253,0.0012206432408977592,0.0348755211685074,0.0,-22.194951116575083,-0.09765145927182073,244.08314731176472,-0.004882572963591037,0.0012206432408977592,-16.64957380584543,768.5261563722145,0.004882572963591037,0.004882572963591037,-558.3466798768189,-21.412274670512925,-68.66949365825428,-0.003661929722693277,1.464771889077311,0.004882572963591037,1.464771889077311,-2.441286481795518,-0.0024412864817955184,92.17678009235651,311.945413758066,-0.003661929722693277,-0.004882572963591037,0.0,0.004882572963591037,0.48825729635910364,-0.09765145927182073,0.0,0.0,-0.4882572963590519,-244.08314731176472,0.0,0.9765145927182073,0.007323859445386554,-1000.0,0.48825729635910364,-333.3333333333333,225.6434730847253,-0.9765145927182073,0.0024412864817955184,0.048825729635910364,115.34465331276162,559.3334478727606,-0.004882572963591037,-559.4555121968505,558.3466798768189,1.5135976187132212,0.004882572963591037,22.194951116575083,-548.2535135474392,225.6434730847253,-0.004882572963591037,-0.0012206432408977592,-225.6434730847253,-0.004882572963591037,8.570989613677549,0.004882572963786974,-0.0012206432408977592,-0.0012206432408977592,-0.0012206432408977592,1.9530291854364146,2.441286481795518,0.048825729635910364,3.6173762443993094,-0.0012206432408977592,230.68930662552324,0.24412864817955182,-4.041366158659223,0.004882572963591037,0.0024412864817955184,0.0024412864817955184,46.39534807770995,0.0,0.004882572963591037,0.0,0.048825729635910364,0.004882572963591037,-3.6173762443993094,0.004882572963591037,0.01953029185392552,0.024412864817516554,0.0024412864817955184,0.0012206432408977592,1.464771889077311,-0.004882572963591037,68.66949365825428,0.048825729635910364,-7.234752488798619,795.8380554819344,-0.48825729635910364,0.9765145927182073,0.24412864817955182,-0.004882572963591037,0.0,0.007323859445386554,-0.004882572963591037,-92.7906961554199,0.0,117.08413894154805,0.0024412864817955184,8.082732317318445,-0.004882572963591037,-0.004882572963786974,-0.004882572963591037,0.0024412864817955184,16.64957380584543,-0.9765145927182073,0.004882572963591037,230.68930662552324,-0.0012206432408977592,21.412274670512925,-230.68930662552324,0.7323859445386554,-311.945413758066,377.86775126246573,16.64957380584543,-0.003661929722693277,559.4555121968505,-559.3334478727606,0.004882572963591037,-0.001220643240897759,0.24412864817955182,4.882572963591036,-0.0024412864817955184,-0.004882572963591037,0.0012206432408977592,770.0323203137352,0.0,153.39809270487754,0.0,301.92335250944643,0.0,62.48083973727525,-77.34838813442717,768.0378990758554,1000.0,-893.6802103106302,-425.65129336823884,-846.5994660086407,-500.0,-150.96167625472322,446.8401051553151,-768.0378990758554,38.674194067213584,-558.3569332800424,-40.07544102056005,846.5994660086407,425.65129336823884,-40.07544102056005,-62.48083973727525,305.1230479941777,0.0,1496.5981,bhi
491,0.0,0.0,0.0,0.0,0.0,0.0,0.0,0.0,234.82388011511588,0.0,0.0,0.0,0.0,0.0,0.0,0.0,663.7797025559802,853.7831290449826,0.0,-902.3537847143871,0.0,0.0,0.0,0.0,0.0,0.0,0.0,0.0,0.0,-494.958984723637,0.0,0.0,0.0,0.0,0.0,0.0,0.0,-0.023451392335772425,0.0,-1000.0,1000.0,0.0,0.0,0.0,0.0,0.0,553.2711006031624,0.0,-425.2056203975732,-692.6793608839754,0.0,0.0,0.0,0.00644913289249871,0.0,0.0,0.0,1.1725696167946353,0.0,0.0,53.950259949207805,0.0,316.59066520912023,0.0,0.0,0.0,0.0,0.0,663.7916403872483,-265.053298148089,0.0,0.05862848083973177,0.0,0.0,0.0,0.0,0.0,0.0,0.0,0.0,0.0,0.0,0.0,0.0,3.5177088503839062,0.0,69.04706028230483,477.9040706238861,106.92659808583403,0.0,-0.0014657120209932942,0.0,0.0,-837.448493126951,1.7588544251919531,0.0,66.38389211303894,0.0,0.0,0.0,0.0,654.3441944943211,-494.958984723637,0.0,0.0,-275.7276563375788,0.0,0.0,0.0,0.0,0.0,0.0,0.0,0.0,0.0,0.0,0.0,0.0,0.0,0.0,0.0,0.0,0.0,0.0,-545.3010298304099,0.0,0.0,66.38389211303894,0.0,1.8174829060316846,0.0,0.0,0.0,0.0,0.0,0.0,-370.54092515832804,671.8749999999998,-671.8749999999998,0.0,0.0,0.0,0.0,0.0,0.0,69.49849958477076,0.005862848083973177,0.0,0.0,0.0,-581.5004451126404,0.0,0.0,0.0,0.0,0.0,279.92935650673144,0.0,0.0,0.0,0.0,0.0,-304.30298593542284,-304.30298593542284,0.0,0.0,0.0,-914.0625,25.520749538160658,0.0,0.0,-304.2971230873389,0.0,0.0,0.0,0.0,0.0,0.0,0.0,0.0,0.0,0.0,0.0,0.0,0.0,0.0,-124.516970454883,0.0,0.0,0.0,0.0,-463.04339130461074,0.0,0.0,0.0,0.0,0.0,692.6793608839754,0.0,101.26910589571708,-101.26910589571708,282.45179647887255,0.0,0.0,0.0,0.0,0.0,0.0,0.0,340.8169346402691,0.0,0.0,0.0,0.0,0.0,0.0,0.0,0.0,0.0,0.0,0.0,0.0,0.0,722.0983388623029,96.42902455052166,256.38490256523005,0.0,0.0,0.0,0.0,-282.45179647887255,0.0,0.0,0.0,0.0,53.950259949207805,256.38490256523005,0.0,0.0,0.0,0.0,0.0,0.0,0.0,0.0,0.18878370830856284,0.0,64.62503768784698,0.0,0.0,5.657492190116955,153.96755612202992,0.0,-256.38490256523005,0.0,0.0,370.54092515832804,-0.5980105045652637,0.0,0.0,0.0,187.71163120866203,0.0,0.0,0.0,0.0,326.6559999340427,-326.6559999340427,326.6559999340427,0.0,208.1957039815511,0.0,0.0,692.6793608839754,0.0,16.35734615428516,0.0,0.0,0.0,0.0,0.0,0.0,0.0,41.8210709727411,88.08912867945551,0.0,1000.0,-914.0625,0.0,0.0,53.950259949207805,-0.008794272125959766,0.0,0.0,0.0,0.0,0.005862848083973177,0.0,0.0,0.0,396.47071548326323,663.7797025559802,0.0,-183.81843755838588,-21.210813249728517,0.0,1000.0,0.0,964.137539213082,0.0,-275.7276563375788,0.0,0.0,0.0,-0.5047912200302187,0.0,-963.6327479930518,-1000.0,-1000.0,0.0,0.0,0.0,0.0,0.0,0.0,0.0,0.0,0.0,0.0,0.0,0.0,0.0,0.0,0.0,0.0,0.0,-1000.0,0.0,-1000.0,0.0,0.0,0.0,1000.0,0.0,0.0,-69.68728329307906,0.0,0.0,0.0,0.0,654.0510520901224,0.0,0.0,0.0,536.104741799023,-663.7916403872483,-241.6715845153832,-0.29314240419865883,955.738423047982,0.0,0.0,-827.3186684492599,1000.0,-536.2513130011224,0.0,0.0,0.0,-1000.0,0.0,653.8456406679205,66.38389211303894,0.0,0.0,0.0,0.0,0.0,234.82974296319986,0.0,-722.0983388623029,722.0983388623029,722.0983388623029,1000.0,0.0,0.0,0.0,0.0,0.0,0.0,0.0,0.0,-124.54628469530275,0.0,0.0,66.38389211303894,0.0,0.0,0.0,0.0,-551.4553126751576,0.011725696167939854,0.0,0.0,0.0,0.0,0.0,0.0,0.0,0.0,0.0,0.0,0.0,0.0,0.0,0.0,0.0,0.0,0.0,0.0,0.0,0.00644913289249871,0.00644913289249871,0.0,225.64837108580764,0.0,3.5177088503839062,0.0,0.0,0.0,1000.0,0.0,0.0,69.04706028230483,0.0,0.0,1000.0,-1000.0,0.0,0.0,71.94147903219788,0.0,0.0,66.38389211303894,0.0,0.0,0.0,0.0,0.0,0.0,0.0,181.76700994346996,-396.47071548326323,581.5004451126404,0.0,490.18461564896245,0.0,0.0,-837.448493126951,-837.448493126951,0.0,1000.0,0.0,0.0,448.54468732484236,0.0,0.0,722.0983388623029,0.0,0.0,0.0,0.0,0.0,0.0,0.0,0.0,0.0,0.0,0.0,0.0,0.0,3.5177088503839062,370.54092515832804,370.54092515832804,0.0,0.0,0.0,0.0,0.0,0.0,0.0,0.0,0.0,0.0,0.05862848083973177,0.0,0.0,69.04706028230483,-69.04706028230483,0.0,0.0,0.0,0.0,66.38389211303894,-71.94147903219788,0.0,0.0,420.6861160641917,0.0,0.0,0.0,0.0,0.0,0.0,0.0,-243.22558118276675,0.0,1.7588544251919531,1.7588544251919531,-449.9295024372758,-1000.0,0.0,66.38389211303894,0.0,0.0,0.0,0.0,0.0,494.958984723637,0.0,1000.0,0.005862848083973177,0.0,0.0,-899.9503551827559,907.6930836273688,0.0,0.0,837.448493126951,0.0,-88.08912867945551,0.0,0.0,0.0,0.0,0.0,0.0,0.0,0.0,0.0,0.0,0.0,0.0,0.005862848083973177,0.0,0.0,0.0,0.0,0.0,0.0,0.0,0.0,0.0,-986.8264557215455,917.1391724284663,0.0,0.0,0.0,-0.439713606298028,-0.29314240419865883,0.0,0.0,0.0,0.0,0.0,0.0,0.0,0.0,0.0,0.0,0.0,0.0,370.54092515832804,0.0,0.0,0.0,-345.86121692788083,0.0,0.0,0.0,234.82388011511588,0.0,0.0,0.005862848083973177,0.0,0.005862848083973177,0.0,310.64921355970375,0.0,3.5177088503839062,7.152674662447276,7.152674662447276,0.0,0.0,0.0,0.0,0.0,0.0,0.0,581.5004451126404,0.0,0.0,0.0,0.0,0.0,0.0,0.0,0.0,0.0,0.0,0.0,0.0,0.0,0.0,0.0,0.0,0.0,0.0,0.0,0.0,0.0,-422.5080588697673,422.5080588697673,0.008794272125959766,0.0,0.0,0.0,-66.38389211303894,0.0,0.0,0.0,0.0,0.0,-225.64837108580764,0.29314240419865883,0.0,0.0,0.0,914.0625,-25.520749538160658,-779.830501371642,0.0,0.0,0.0,0.0,0.0,0.0,0.0,0.0,370.54092515832804,0.0,71.94147903219788,105.61010740914475,-496.4499677764952,0.0,-108.37971178651001,-275.7276563375788,0.0,137.30867105682438,0.0,-137.30867105682438,0.0,-7.75068516701254,0.0,0.29314240419865883,722.3100212535372,0.0,0.0,0.0,-262.6404052599124,0.0,0.0,0.0,0.0,0.0,0.0,0.0,0.0,0.0,123.63754324228687,0.0,7.152674662447276,0.0,0.0,0.0,0.0,0.0,0.0,0.0,0.0,0.0,0.18878370830856284,0.0,0.0,226.96751190470175,-7.742728444612908,0.0,0.0,1.7588544251919531,69.04706028230483,0.0,0.0,0.0,-362.1361718312106,0.0,0.0,0.00644913289249871,0.0,0.0,0.0,3.576337331223638,0.0,0.0,0.0,0.0,96.42902455052166,0.0,0.0,0.0,0.0,0.0,0.0,0.0,0.0,0.0,0.0,0.0005862848083973177,0.0005862848083973177,0.0,0.0,0.0,0.0,0.0,0.0,0.0,0.0,0.0,-899.9503551827559,0.0,0.0,0.0,0.0,0.0,225.64837108580764,0.0,0.0,0.0,0.0,0.0,0.0,0.0,692.6793608839754,0.0,0.0,0.0,138.09412056460965,0.0,0.0,853.7831290449826,0.0,0.0,0.0,3.5177088503839062,0.0,0.0,0.0,0.0,0.0,0.0,-3.5177088503839062,0.0,138.09412056460965,0.0,0.0,0.0,0.0,0.0,0.0,0.0,0.0,0.0,0.0,-1000.0,-1000.0,4.0160509375216265,0.0,-66.38389211303894,0.0,-0.023451392335772425,0.0,0.0,0.0,0.0,0.0,0.0,0.0,0.0,0.0,0.0,0.0,0.0,0.0,0.0,0.0,0.0,0.0,-0.7328560104966868,370.54092515832804,-654.4907656964205,-0.4397136062981417,0.0,0.0,0.0,0.0,0.0,-736.2789969723297,736.20571137128,124.54628469530275,0.0,0.0,0.0,0.0,0.0,0.0,0.0,1000.0,1.7588544251919531,1.7588544251919531,0.0,0.0,0.0,0.0,0.0,0.00644913289249871,225.64837108580764,0.0,0.0,0.023451392335772425,0.0,0.0,0.0,0.0,0.0,0.0,0.0,0.0,0.0,0.0,0.0,0.0,0.0,0.0,366.5786362147355,0.0,0.0,0.0,0.0,6.155990488171836,69.49849958477076,0.0,0.0,0.0,0.0,0.0,225.64837108580764,0.0,779.5373589674433,0.0,0.0,0.0,-0.7328560104966868,0.0,0.0,0.0,0.0,0.0,0.0,0.0,0.0,0.0,0.0,0.0,0.0,0.0,0.0,0.0,0.0,0.0,0.0,-0.005862848083973177,0.0,0.0,0.29314240419865883,-1000.0,0.0,0.0,0.0,0.0,370.54092515832804,0.0,0.0,0.0,0.5047912200302187,0.14657120209938057,0.0,0.0,0.0,0.005862848083973177,0.0,5.8628480839731765,-1.8174829060316846,1.1725696167946353,0.04187748631409412,16.35734615428516,-0.004397136062979883,827.3186684492599,0.11725696167946353,-0.0293142404197456,-16.35734615428516,1.7588544251919531,-0.005862848083973177,91.90921877919294,66.38389211303894,0.0014657120209932942,0.04187748631409412,-275.7276563375788,-69.98042569727778,-0.11725696167946353,-615.2090468865757,-0.005862848083973177,0.0014657120209932942,-16.35734615428516,0.5862848083973177,0.005862848083973177,0.005862848083973177,-225.63605910483116,-69.04061114941246,0.0,-0.004397136062979883,1.7588544251919531,0.005862848083973177,66.38389211303894,61.693613645860395,-0.0029314240419865884,271.5259561684262,281.85964882239125,-0.004397136062979883,-0.005862848083973178,-1.8174829060316846,0.005862848083973177,0.5862848083973177,-0.11725696167946353,0.0,0.0,-0.5862848083973177,615.2090468865757,0.0,1.1725696167946353,0.008794272125959766,-1000.0,0.5862848083973177,-181.76700994346996,66.38389211303894,-1.1725696167946353,0.0029314240419865884,0.05862848083973177,45.95460938959647,-495.27739815970057,-0.005862848083973177,-226.96751190470175,225.63605910483116,1.8174829060316846,0.005862848083973177,69.98042569727778,-5.276563275575905,66.38389211303894,-0.005862848083973177,-0.0014657120209932942,-66.38389211303894,-0.005862848083973177,-551.4553126751576,0.005862848083950212,-0.0014657120209932942,-0.0014657120209932942,-0.0014657120209932942,2.3451392335892707,-61.693613645860395,0.05862848083973177,336.22909171614583,-0.0014657120209932942,0.0,0.29314240419865883,276.02079874177747,0.005862848083973177,0.0029314240419865884,0.0029314240419865884,-10.26633347481097,1.8174829060316846,0.005862848083973177,-1.8174829060316846,0.05862848083973177,0.005862848083973177,-1000.0,0.005862848083973177,0.023451392335772425,0.0293142404197456,0.0029314240419865884,0.0014657120209932942,1.7588544251919531,-0.005862848083973177,0.0,0.05862848083973177,-672.4581834322917,827.1720972471605,-0.5862848083973177,1.1725696167946353,0.29314240419865883,-0.005862848083973177,275.7276563375788,0.008794272125959766,-0.005862848083973177,20.53266694962194,1.8174829060316846,444.64767797561683,0.0029314240419865884,-552.0415974835549,-0.005862848083973177,-0.005862848083950212,-0.005862848083973177,0.002931424041986589,16.35734615428516,-1.1725696167946353,0.005862848083973177,91.90921877919294,-0.0014657120209932942,69.04061114941246,-91.90921877919294,0.8794272125959764,-281.85964882239125,628.5975207006185,16.35734615428516,-0.004397136062979883,226.96751190470175,495.27739815970057,0.005862848083973177,-0.0014657120209932944,0.29314240419865883,5.8628480839731765,-0.0029314240419865884,-0.005862848083973177,0.0014657120209932942,877.0286634060753,0.0,791.8013645944069,663.7709082838542,-612.9004812929063,0.0,-34.657898426968075,-275.85722528023473,0.0,911.6526689983399,-725.4449132792158,688.7075872823558,-208.1957039815511,-455.82633449916995,306.45024064645315,362.7224566396079,0.0,137.92861264011736,-225.64837108580764,-82.51150614440623,208.1957039815511,-688.7075872823558,-82.51150614440623,34.657898426968075,-14.983809979894744,0.0,1496.5981,bhi
492,0.0,0.0,0.0,0.0,0.0,0.0,0.0,0.0,-0.000683533080442596,0.0,0.0,0.0,0.0,0.0,0.0,0.0,354.7232721304757,990.2739623025709,0.0,-1000.0,0.0,0.0,0.0,508.3498048109751,0.0,0.0,0.0,0.0,0.0,311.52365386260817,71.79221202373076,-71.79221202373076,0.0,0.0,0.0,0.0,0.0,501.2501819875936,0.0,-1000.0,1000.0,0.0,0.0,-409.22831473552,0.0,0.0,0.0,0.0,-54.44275339437672,0.0,0.0,0.0,0.0,0.0007518863887980842,0.0,0.0,0.0,0.1367066160885192,0.0,0.0,87.48484117958901,0.0,-482.26864018526646,-1000.0,57.673236743076686,0.0,0.0,0.0,53.491098395008294,64.0080545975905,0.0,0.0068353308044259604,0.0,0.0,0.0,0.0,0.0,0.0,0.0,0.0,0.0,0.0,0.0,0.0,0.4101198482655576,0.0,90.26295866399015,377.0816299789492,-677.3611234154275,0.0,-0.000170883270110649,0.0,0.0,0.0,0.2050599241327788,0.0,0.2050599241327788,0.0,679.1778877379463,0.0,0.0,0.0341766540221298,311.52365386260817,0.0,0.0,0.0,0.0,0.0,0.0,0.0,0.0,0.0,0.0,0.0,0.0,0.0,0.0,0.0,0.0,0.0,0.0,0.0,0.0,0.0,-1000.0,0.0,0.0,0.2050599241327788,0.0,0.21189525493720474,0.21189525493720474,0.0,-1000.0,1000.0,0.0,0.0,-1000.0,-953.125,953.125,394.78379900567745,0.0,0.0,0.0,0.0,0.0,90.31559071118419,0.000683533080442596,0.0,0.0,0.0,0.0,-559.2984433501177,0.0,0.0,0.0,0.0,-41.30213899727746,0.0,0.0,0.0,0.0,0.0,-457.18336830745545,-457.18336830745545,0.0,0.0,0.0,0.0,0.0,0.0,0.0,-385.3904727506442,0.0,0.0,0.0,-437.15719961756866,-872.1645267203455,0.0,0.0,0.0,0.0,0.0,0.0,0.0,0.0,0.0,0.0,0.0,0.0,0.0,0.0,-1000.0,0.0,0.0,0.0,0.0,0.0,0.0,0.0,677.3611234154275,-677.3611234154275,0.0,0.0,0.0,0.0,0.0,0.0,0.0,0.0,-1000.0,0.0,0.0,0.0,0.0,0.0,0.0,0.0,0.0,0.0,0.0,0.0,0.0,0.0,0.0,559.5035032742505,-611.8041725987072,0.0,0.0,0.0,605.2162009943225,70.35680283811989,0.0,0.0,0.0,0.0,87.48484117958901,-202.57585786318714,71.79221202373076,0.0,0.0,0.0,0.0,0.0,0.0,0.0,408.40764238677485,0.0,0.0,0.0,354.72224683085506,-1000.0,1000.0,0.0,611.8041725987072,0.0,0.0,605.2162009943225,-580.211737208911,0.0,0.0,0.0,-258.9044704096819,0.0,0.0,-419.38168454043563,0.0,0.0,-419.38168454043563,0.0,0.0,0.0,0.0,344.9962091334253,0.0,0.0,-68.02595503381063,0.0,0.0,0.0,-147.19214685866848,0.0,147.19214685866848,0.0,-656.1807158087755,0.0,605.2162009943225,-929.6431971618802,0.0,0.0,0.0,87.48484117958901,-0.001025299620663894,0.0,0.0,0.0,0.0,0.000683533080442596,0.0,0.0,0.0,521.0304948509724,354.7232721304757,0.0,-545.5540113840281,977.8943816554979,872.1645267203455,638.7561141852561,0.0,472.56178124530425,0.0,0.0,0.0,0.0,0.0,-0.05885219822641874,527.4970709529222,-1000.0,-1000.0,-1000.0,0.0,0.0,0.0,0.0,0.0,0.0,0.0,0.0,0.0,0.0,0.0,0.0,0.0,0.0,0.0,0.0,0.0,-498.7470838800846,0.0,-1000.0,0.0,0.0,336.59342059785274,0.0,0.0,0.0,-426.9310210742284,0.0,679.1778877379463,0.0,0.0,0.0,-999.8974700379338,0.0,0.0,0.0,418.9093006900033,0.0,-0.0341766540221298,999.0796227071841,0.0,0.0,-0.0341766540221298,0.0,-0.0170883270110649,0.0,-417.8693051081099,0.0,-1000.0,1000.0,-0.0341766540221298,0.2050599241327788,0.0,0.0,0.0,0.0,0.0,0.0,0.0,0.0,0.0,0.0,315.73677295532946,0.0,0.0,0.0,0.0,0.0,0.0,0.0,0.0,-249.720601307164,0.0,0.0,361.4489457388766,0.0,0.0,0.0,0.0,0.0,0.001367066160696595,0.0,0.0,0.0,0.0,0.0,0.0,0.0,0.0,0.0,117.49915299259881,0.0,0.0,0.0,0.0,0.0,0.0,0.0,0.0,0.0,0.0007518863887980842,0.0007518863887980842,71.79221202373076,133.21568261430642,0.0,0.4101198482655576,0.0,0.0,0.0,-354.14723481570365,0.0,0.0,90.26295866399015,0.0,0.0,703.1979270350434,354.14723481570365,0.0,0.0,0.0,0.0,0.0,361.4489457388766,0.0,0.0,0.0,0.0,0.0,0.0,0.0,333.3333333333333,-521.0304948509724,559.2984433501177,0.0,90.31559071118419,0.0,0.0,0.0,-70.35680283811989,0.0,703.1979270350434,0.0,1000.0,-296.80207296495655,0.0,0.0,0.0,0.0,0.0,0.0,0.0,0.0,0.0,0.0,0.0,0.0,0.0,0.0,0.0,0.0,0.4101198482655576,605.2162009943225,605.2162009943225,0.0,0.0,0.0,0.0,0.0,0.0,0.0,0.0,0.0,0.0,0.0068353308044259604,0.0,71.79221202373076,90.26295866399015,-90.26295866399015,71.79221202373076,0.0,0.0,0.0,0.2050599241327788,0.0,0.0,0.0,0.0,0.0,0.0,0.0,0.0,0.0,0.0,0.0,0.0,0.0,0.2050599241327788,0.2050599241327788,662.2095572142821,354.14723481570365,0.0,361.4489457388766,0.0,0.0,0.0,0.0,0.0,-258.9130145731874,0.0,0.0,0.000683533080442596,0.0,0.0,0.0,0.055122060558549346,0.0,0.0,0.0,0.0,0.0,0.0,0.0,0.0,0.0,0.0,0.0,0.0,0.0,0.0,0.0,0.0,0.0,0.000683533080442596,0.0,0.0,0.0,0.0,0.0,0.0,0.0,0.0,0.0,-411.15971273842933,1000.0,0.0,0.0,-501.2529161199154,-0.0512649810331947,-0.0341766540221298,0.0,0.0,0.0,0.0,0.0,0.0,0.0,0.0,0.0,0.0,0.0,0.0,605.2162009943225,872.1645267203455,0.0,0.0,-1000.0,0.0,0.0,0.0,-0.000683533080442596,0.0,0.0,0.000683533080442596,0.0,0.000683533080442596,0.0,0.0,0.0,0.4101198482655576,0.8339103581399672,0.8339103581399672,0.0,0.0,0.0,0.0,0.0,0.0,0.0,559.2984433501177,0.0,0.0,0.0,0.0,0.0,0.0,0.0,0.0,0.0,0.0,0.0,0.0,0.0,0.0,0.0,0.0,0.0,0.0,0.0,70.35680283811989,0.0,0.0,0.0,0.001025299620663894,0.0,0.0,0.0,-0.2050599241327788,0.0,0.0,0.0,0.0,0.0,-133.21568261430642,0.0341766540221298,0.0,0.0,0.0,0.0,0.0,0.0,0.0,0.0,0.0,0.0,0.0,0.0,0.0,0.0,605.2162009943225,0.0,0.0,-858.7340906452322,133.21568261430642,0.0,-337.7050011506626,0.0,0.0,-15.771308335799063,679.1778877379463,-663.4065794021473,0.0,-581.045647567051,0.0,0.0341766540221298,1000.0,0.0,93.343368844312,-71.79221202373076,-430.2465186351443,0.0,0.0,0.0,0.0,0.0,0.0,0.0,0.0,0.0,133.26694759533962,-133.36947755740593,0.8339103581399672,0.0,0.0,0.0,71.79221202373076,0.0,0.0,0.0,0.0,0.0,408.40764238677485,0.0,0.0,0.0,-117.55427505315735,502.85514469863597,0.0,0.2050599241327788,90.26295866399015,0.0,0.0,0.0,-53.734232341359366,0.0,0.0,0.0007518863887980842,0.0,0.0,0.0,0.41695517906998353,0.0,0.0,0.0,0.0,559.5035032742505,0.0,0.0,0.0,0.0,0.0,0.0,0.0,0.0,-826.8346465640421,0.0,8.216124341097798,6.835330804425693e-05,0.0,0.0,0.0,0.0,0.0,0.0,0.0,0.0,0.0,0.0,71.79221202373076,0.0,0.0,0.0,0.0,133.21568261430642,0.0,0.0,0.0,0.0,0.0,0.0,0.0,0.0,0.0,0.0,0.0,180.5259173279803,0.0,0.0,990.2739623025709,0.0,0.0,0.0,0.4101198482655576,0.0,0.0,0.0,0.0,0.0,0.0,-0.4101198482655576,0.0,180.5259173279803,0.0,0.0,0.0,0.0,0.0,0.0,0.0,71.79221202373076,71.79221202373076,0.0,0.0,-947.3893607105792,0.4682201601031011,0.0,-0.2050599241327788,0.0,501.2501819875936,0.0,0.0,0.0,0.0,0.0,0.0,0.0,0.0,0.0,0.0,0.0,0.0,0.0,0.0,0.0,0.0,0.0,-0.0854416350553245,605.2162009943225,-0.0512649810331947,133.31821257637262,0.0,0.0,0.0,0.0,0.0,-0.008544163505532451,0.0,249.720601307164,0.0,0.0,0.0,0.0,0.0,0.0,0.0,1000.0,0.2050599241327788,0.2050599241327788,0.0,0.0,0.0,0.0,0.0,0.0007518863887980842,133.21568261430642,0.0,0.0,-501.2501819875936,8.216055987789753,0.0,0.0,0.0,0.0,0.0,0.0,0.0,0.0,0.0,0.0,0.0,0.0,0.0,0.0,0.0,0.0,0.21189525493720474,0.0,0.7177097344647257,90.31559071118419,0.0,0.0,0.0,0.0,0.0,133.21568261430642,0.0,336.55924394383067,0.0,0.0,0.0,-0.0854416350553245,0.0,0.0,0.0,0.0,0.0,0.0,0.0,0.0,0.0,0.0,0.0,0.0,0.0,0.0,0.0,0.0,0.0,0.0,-0.000683533080442596,0.0,0.0,0.0341766540221298,-703.1979270350434,0.0,0.0,0.0,0.0,605.2162009943225,0.0,0.0,0.0,0.05885219822641874,0.0170883270110649,0.0,0.0,0.0,0.000683533080442596,0.0,0.683533080442596,0.0,0.1367066160885192,0.004882379146018543,2.3308478043092524,-0.000512649810331947,0.0341766540221298,0.013670661608851921,-0.0034176654023099218,-2.3308478043092524,0.2050599241327788,-0.000683533080442596,0.0,361.4489457388766,0.000170883270110649,0.004882379146018543,0.0,-90.37177713039773,71.7785413621219,-344.99723443304663,-0.000683533080442596,0.000170883270110649,-2.3308478043092524,0.0683533080442596,0.000683533080442596,0.000683533080442596,-133.21424719483718,-90.26220677760166,0.0,-0.000512649810331947,0.2050599241327788,0.000683533080442596,0.2050599241327788,-0.341766540221298,-0.000341766540221298,41.30213899727746,-70.4258396792446,-0.000512649810331947,-0.000683533080442596,0.0,0.000683533080442596,0.0683533080442596,-0.013670661608851921,70.35680283811989,70.35680283811989,-0.0683533080442596,344.99723443304663,-70.35680283811989,0.1367066160885192,0.001025299620663894,-1000.0,0.0683533080442596,-333.3333333333333,361.4489457388766,-0.1367066160885192,0.000341766540221298,0.0068353308044259604,136.38850284600701,133.35238923039495,-0.000683533080442596,-133.36947755740593,133.21424719483718,0.21189525493720474,0.000683533080442596,90.37177713039773,360.62870604234547,361.4489457388766,-0.000683533080442596,-0.000170883270110649,-361.4489457388766,-0.000683533080442596,0.0,0.0006835330804619844,-0.000170883270110649,-0.000170883270110649,-0.000170883270110649,0.2734132321770384,0.341766540221298,0.0068353308044259604,0.5064125709744189,-0.000170883270110649,272.77700569201403,0.0341766540221298,0.0341766540221298,0.000683533080442596,0.000341766540221298,0.000341766540221298,-121.81527431967871,0.0,0.000683533080442596,0.0,0.0068353308044259604,0.000683533080442596,-0.5064125709744189,0.000683533080442596,0.0027341323218479374,0.0034176654023099218,0.000341766540221298,0.000170883270110649,0.2050599241327788,-0.000683533080442596,0.0,-35.88927068106095,-1.0128251419488379,0.0170883270110649,-0.0683533080442596,0.1367066160885192,0.0341766540221298,-0.000683533080442596,0.0,0.001025299620663894,-0.000683533080442596,243.63054863935741,0.0,144.76474471496445,0.000341766540221298,-0.0683533080442596,-0.000683533080442596,-0.0006835330804619844,-0.000683533080442596,0.000341766540221298,2.3308478043092524,-0.1367066160885192,0.000683533080442596,272.77700569201403,-0.000170883270110649,90.26220677760166,-272.77700569201403,0.10252996206638938,70.4258396792446,428.35028997563575,2.3308478043092524,-0.000512649810331947,133.36947755740593,-133.35238923039495,0.000683533080442596,-0.00017088327011064895,0.0341766540221298,0.683533080442596,-0.000341766540221298,-0.000683533080442596,0.000170883270110649,1000.0,0.0,999.9996582334597,0.0,-512.169224104836,0.0,31.815441106797607,-0.0151060810780926,0.0,-1000.0,-315.873479571418,896.8667378846918,0.0,500.0,256.084612052418,157.936739785709,0.0,0.0075530405390463,-133.21568261430642,-91.03051237360508,0.0,-896.8667378846918,-91.03051237360508,-31.815441106797607,-164.44080912179606,0.0,1496.5981,bhi
493,0.0,0.0,0.0,0.0,0.0,0.0,0.0,0.0,-0.12343954061990205,0.0,0.0,0.0,0.0,0.0,0.0,0.0,152.10879043170968,569.5583906286787,0.0,-302.8544401296625,0.0,0.0,0.0,698.1341696043673,0.0,0.0,0.0,0.0,0.0,-439.6684707155012,0.0,0.0,377.53087738045843,0.0,0.0,0.0,0.0,806.5752544948881,0.0,-1000.0,1000.0,0.0,0.0,0.0,0.0,0.0,0.0,0.0,0.0,-883.1543014054336,0.0,0.0,0.0,0.1357834946818457,0.0,0.0,0.0,24.68790812398041,0.0,0.0,93.8998270779646,0.0,220.4123807877074,0.0,0.0,0.0,0.0,0.0,0.0,0.0,0.0,1.2343954061990206,0.0,0.0,0.0,0.0,0.0,0.0,0.0,475.47492151203664,0.0,0.0,0.0,0.0,74.06372437194123,0.0,0.0,206.5203527834089,60.18359771560728,0.0,-0.03085988515497551,0.0,0.0,0.0,37.03186218597062,0.0,37.03186218597062,0.0,0.0,0.0,0.0,6.1719770309951025,-439.6684707155012,0.0,0.0,-297.3192677591214,0.0,0.0,0.0,0.0,0.0,0.0,0.0,0.0,0.0,0.0,0.0,0.0,0.0,0.0,0.0,0.0,0.0,0.0,-728.2455182323495,0.0,0.0,37.03186218597062,0.0,38.266257592169644,15.775454648540581,0.0,0.0,0.0,0.0,0.0,-314.312207865672,0.0,0.0,0.0,0.0,0.0,0.0,0.0,0.0,9.504844627732457,0.12343954061990205,0.0,0.0,0.0,0.0,-24.68790812398041,0.0,0.0,0.0,0.0,484.74078211830926,0.0,0.0,0.0,0.0,0.0,999.8765604593801,999.8765604593801,0.0,0.0,0.0,0.0,0.0,0.0,0.0,1000.0,0.0,0.0,0.0,41.94867701539451,0.0,0.0,0.0,0.0,0.0,0.0,0.0,0.0,0.0,0.0,-932.964368664011,0.0,0.0,0.0,0.0,-941.1137637132456,0.0,0.0,0.0,0.0,0.0,883.1543014054336,0.0,-60.18359771560728,60.18359771560728,0.0,0.0,0.0,0.0,0.0,0.0,0.0,0.0,827.082780802637,0.0,0.0,0.0,0.0,0.0,0.0,0.0,0.0,0.0,0.0,0.0,0.0,0.0,797.1358031154355,-155.38788782783328,287.5596802837915,0.0,0.0,0.0,314.312207865672,222.0085398523294,0.0,0.0,0.0,0.0,93.8998270779646,287.5596802837915,0.0,0.0,0.0,0.0,0.0,0.0,0.0,0.0,3.9747532079621237,0.0,0.0,0.0,151.92363112077982,272.29082655199437,146.33675506780162,0.0,-287.5596802837915,0.0,0.0,314.312207865672,289.2749972524028,0.0,0.0,0.0,324.36576637868353,0.0,0.0,-780.1541663918739,219.84583360812587,0.0,-1000.0,0.0,-219.84583360812587,0.0,0.0,0.0,883.1543014054336,0.0,153.93868777427863,0.0,0.0,0.0,0.0,0.0,0.0,0.0,999.7531209187601,0.0,314.312207865672,831.3040229802486,0.0,0.0,0.0,93.8998270779646,-0.18515931092985308,0.0,0.0,0.0,0.0,0.12343954061990205,0.0,0.0,0.0,678.0986084669835,152.10879043170968,0.0,-198.2128451727476,-670.2249596982398,0.0,919.6942485687186,0.0,375.98449395449666,0.0,-297.3192677591214,0.0,0.0,0.0,-10.628144447373518,0.0,-365.3563495071231,-1000.0,-1000.0,0.0,0.0,0.0,0.0,0.0,0.0,0.0,0.0,0.0,0.0,0.0,0.0,0.0,0.0,0.0,0.0,0.0,0.0,0.0,-1000.0,0.0,192.93098734263344,0.0,0.0,0.0,0.0,-13.47959783569458,0.0,0.0,0.0,0.0,0.0,0.0,-688.5162247206208,-6.171977030995103,0.0,0.0,-389.3033859216827,-169.54315010227293,199.14500806242503,0.0,688.5162247206208,0.0,0.0,-3.0859885154975513,163.37117307127784,0.0,0.0,-708.8601171342804,0.0,0.0,37.03186218597062,0.0,0.0,0.0,978.3189041970361,0.0,0.0,628.7882423220601,-168.3475607933754,168.3475607933754,168.3475607933754,-645.4136120336394,0.0,0.0,0.0,0.0,0.0,0.0,0.0,0.0,-126.51255370974275,0.0,0.0,117.3376136172519,0.0,0.0,0.0,0.0,-217.1076581377843,0.24687908124019486,0.0,0.0,0.0,0.0,0.0,0.0,0.0,0.0,0.0,0.0,0.0,0.0,0.0,0.0,0.0,0.0,0.0,0.0,0.0,0.1357834946818457,0.1357834946818457,0.0,205.78958783851243,0.0,74.06372437194123,0.0,0.0,0.0,1000.0,0.0,43.15108208515598,0.0,0.0,0.0,-310.6159180042226,-1000.0,0.0,0.0,79.53197008440358,0.0,0.0,117.3376136172519,0.0,0.0,0.0,0.0,0.0,0.0,0.0,242.74850607744983,-678.0986084669835,24.68790812398041,0.0,9.504844627732457,0.0,659.2503203511362,-659.2503203511362,-881.2588602034656,0.0,-310.6159180042226,0.0,0.0,-527.7235761420069,0.0,0.0,797.1358031154355,0.0,0.0,0.0,0.0,0.0,0.0,0.0,0.0,0.0,0.0,0.0,0.0,0.0,74.06372437194123,314.312207865672,314.312207865672,0.0,0.0,0.0,0.0,0.0,0.0,0.0,0.0,0.0,0.0,1.2343954061990206,0.0,0.0,0.0,0.0,0.0,0.0,0.0,0.0,37.03186218597062,-79.53197008440358,0.0,0.0,0.0,0.0,0.0,0.0,0.0,0.0,0.0,1000.0,13.923874571439569,0.0,37.03186218597062,37.03186218597062,157.48727661987527,-1000.0,0.0,117.3376136172519,0.0,0.0,0.0,0.0,0.0,439.6684707155012,0.0,1000.0,0.12343954061990205,0.0,0.0,-900.0822709854931,1000.0,0.0,0.0,0.0,0.0,0.0,0.0,0.0,0.0,0.0,0.0,0.0,0.0,0.0,0.0,0.0,0.0,0.0,0.12343954061990205,0.0,0.0,0.0,-198.41036382514545,198.41036382514545,0.0,0.0,0.0,192.93098734263344,0.0,469.8541050959506,0.0,-483.3337029316452,-1000.0,-9.257965546492654,-6.1719770309951025,0.0,0.0,15.593749999999993,15.593749999999993,-15.593749999999993,0.0,0.0,0.0,0.0,0.0,0.0,0.0,314.312207865672,0.0,0.0,0.0,-702.6881401032853,0.0,0.0,0.0,-0.12343954061990205,0.0,0.0,0.12343954061990205,0.0,0.12343954061990205,0.0,0.0,0.0,74.06372437194123,150.5962395562805,150.5962395562805,0.0,0.0,0.0,0.0,0.0,0.0,0.0,24.68790812398041,0.0,0.0,0.0,0.0,0.0,0.0,0.0,0.0,0.0,0.0,0.0,0.0,0.0,0.0,0.0,0.0,0.0,0.0,0.0,222.0085398523294,0.0,0.0,0.0,0.18515931092985308,0.0,0.0,0.0,-37.03186218597062,0.0,0.0,0.0,0.0,0.0,-205.78958783851243,6.1719770309951025,0.0,0.0,0.0,0.0,0.0,530.1458949040493,0.0,0.0,0.0,0.0,0.0,0.0,0.0,0.0,314.312207865672,0.0,79.53197008440358,223.56515620203407,-591.346215276923,0.0,1000.0,-297.3192677591214,0.0,516.6662970683549,483.3337029316452,-1000.0,0.0,138.6787576961223,0.0,6.1719770309951025,488.68897212960985,0.0,0.0,0.0,-126.51255370974275,0.0,0.0,0.0,0.0,0.0,0.0,0.0,0.0,0.0,914.4484375710257,0.0,150.5962395562805,0.0,0.0,0.0,0.0,0.0,0.0,0.0,0.0,0.0,3.9747532079621237,0.0,0.0,233.5634844779903,-99.9177290145069,0.0,0.0,37.03186218597062,0.0,0.0,0.0,0.0,-187.51337636991147,0.0,0.0,0.1357834946818457,0.0,0.0,0.0,75.29811977814026,0.0,0.0,0.0,0.0,-155.38788782783328,0.0,0.0,0.0,0.0,0.0,0.0,0.0,0.0,-1000.0,0.0,0.012343954061989848,0.012343954061989848,0.0,0.0,0.0,0.0,0.0,0.0,0.0,0.0,0.0,-900.0822709854931,0.0,0.0,0.0,0.0,0.0,205.78958783851243,0.0,0.0,0.0,0.0,0.0,0.0,0.0,883.1543014054336,0.0,0.0,0.0,0.0,-52.98426721774799,54.347407951504835,569.5583906286787,0.0,0.0,0.0,74.06372437194123,0.0,0.0,0.0,0.0,0.0,0.0,-74.06372437194123,0.0,0.0,0.0,0.0,0.0,0.0,0.0,0.0,0.0,0.0,0.0,0.0,-1000.0,-1000.0,84.55608532463286,0.0,-37.03186218597062,0.0,999.5062418375215,0.0,0.0,0.0,0.0,0.0,0.0,0.0,0.0,0.0,0.0,0.0,0.0,0.0,0.0,0.0,0.0,0.0,-15.429942577487758,314.312207865672,-9.257965546492654,-9.257965546492528,0.0,0.0,0.0,0.0,0.0,0.0,-1.5429942577487756,126.51255370974275,0.0,0.0,0.0,0.0,0.0,0.0,0.0,1000.0,37.03186218597062,37.03186218597062,0.0,0.0,0.0,0.0,475.47492151203664,0.1357834946818457,205.78958783851243,0.0,0.0,-999.5062418375215,0.0,0.0,0.0,0.0,0.0,0.0,0.0,0.0,0.0,0.0,0.0,0.0,0.0,0.0,0.0,0.0,0.0,15.775454648540581,0.0,129.61151765089716,9.504844627732457,0.0,0.0,0.0,0.0,0.0,205.78958783851243,0.0,-536.3178719350444,0.0,0.0,0.0,-15.429942577487758,0.0,0.0,0.0,0.0,0.0,0.0,0.0,0.0,0.0,0.0,0.0,0.0,0.0,0.0,0.0,0.0,0.0,0.0,-0.12343954061990205,0.0,0.0,6.1719770309951025,310.6159180042226,0.0,0.0,0.0,0.0,314.312207865672,0.0,0.0,0.0,10.628144447373518,3.0859885154975513,0.0,0.0,0.0,0.12343954061990205,0.0,123.43954061990205,-22.490802943629063,24.68790812398041,0.8817110044278718,375.947227626608,-0.09257965546492654,6.1719770309951025,2.468790812398041,-0.6171977030983271,-375.947227626608,37.03186218597062,-0.12343954061990205,99.1064225863738,117.3376136172519,0.03085988515497551,0.8817110044278718,-297.3192677591214,-19.651574866689543,-2.468790812398041,-418.81274093072585,-0.12343954061990205,0.03085988515497551,-375.947227626608,12.343954061990205,0.12343954061990205,0.12343954061990205,-205.5303648032107,0.13578349468189188,0.0,-0.09257965546492654,37.03186218597062,0.12343954061990205,37.03186218597062,-61.71977030995103,-0.06171977030995102,109.89775339993349,-234.4759334549395,-0.09257965546492654,-0.12343954061990205,-22.490802943629063,0.12343954061990205,12.343954061990205,-2.468790812398041,222.0085398523294,222.0085398523294,-12.343954061990205,418.81274093072585,-222.0085398523294,24.68790812398041,0.18515931092985308,-1000.0,12.343954061990205,-242.74850607744983,117.3376136172519,-24.68790812398041,0.06171977030995102,1.2343954061990206,49.5532112931869,-566.6583071529426,-0.12343954061990205,-233.5634844779903,205.5303648032107,38.266257592169644,0.12343954061990205,19.651574866689543,-30.789835126630138,117.3376136172519,-0.12343954061990205,-0.03085988515497551,-117.3376136172519,-0.12343954061990205,-217.1076581377843,0.12343954062009743,-0.03085988515497551,-0.03085988515497551,-0.03085988515497551,49.37581624796082,61.71977030995103,1.2343954061990206,91.45326965677458,-0.03085988515497551,0.0,6.1719770309951025,114.72580609988727,0.12343954061990205,0.06171977030995102,0.06171977030995102,-86.14334306221984,22.490802943629063,0.12343954061990205,-22.490802943629063,1.2343954061990206,0.12343954061990205,-91.45326965677458,0.12343954061990205,0.49375816247845705,0.6171977030983271,0.06171977030995102,0.03085988515497551,37.03186218597062,-0.12343954061990205,0.0,1.2343954061990206,-182.90653931354916,3.0859885154975517,-12.343954061990205,24.68790812398041,6.1719770309951025,-0.12343954061990205,297.3192677591214,0.18515931092985308,-0.12343954061990205,172.28668612443968,22.490802943629063,390.76596351197276,0.06171977030995102,-229.45161219977453,-0.12343954061990205,-0.12343954062009743,-0.12343954061990205,0.06171977030995102,375.947227626608,-24.68790812398041,0.12343954061990205,99.1064225863738,-0.03085988515497551,-0.13578349468189188,-99.1064225863738,18.515931092985305,234.4759334549395,-212.0604726590832,375.947227626608,-0.09257965546492654,233.5634844779903,566.6583071529426,0.12343954061990205,-0.030859885154975515,6.1719770309951025,123.43954061990205,-0.06171977030995102,-0.12343954061990205,0.03085988515497551,1000.0,0.0,999.93828022969,0.0,-1000.0,0.0,1000.0,-677.5781589872796,0.0,1000.0,-60.27393252825567,-1000.0,0.0,-500.0,500.0,30.136966264127835,0.0,338.7890794936398,-205.78958783851243,-203.2525871420613,0.0,1000.0,-203.2525871420613,-1000.0,509.22294053231997,0.0,1496.5981,bhi
494,0.0,0.0,0.0,0.0,0.0,0.0,0.0,0.0,-0.0077396315471106435,0.0,0.0,0.0,0.0,0.0,0.0,0.0,-896.109541580206,-50.14216036211042,0.0,1000.0,0.0,0.0,0.0,408.5575880352428,0.0,0.0,0.0,0.0,0.0,-920.6188253108606,0.0,0.0,0.0,0.0,0.0,0.0,0.0,999.9690414738119,0.0,-43.96893519529351,508.3473617228532,0.0,0.0,821.7149579584783,0.0,0.0,0.0,0.0,995.0134089325884,0.0,0.0,0.0,0.0,0.008513594701980765,0.0,0.0,0.0,0.0,0.0,0.0,86.77088573370715,0.0,357.9058205349608,97.76615589268309,0.0,0.0,0.0,0.0,683.9536991727485,60.781607707092995,0.0,0.07739631547110644,0.0,0.0,0.0,0.0,0.0,0.0,0.0,0.0,0.0,0.0,664.7732421500953,0.0,4.643778928266386,0.0,28.18436084003954,-448.1878383858419,602.2190677527846,374.50952580991725,-0.0019349078867776609,0.0,0.0,0.0,2.321889464133193,0.0,139.28597658104547,0.0,0.0,0.0,815.0309356778159,76.34373727523847,-1000.0,0.0,0.0,0.0,0.0,0.0,0.0,0.0,0.0,0.0,0.0,0.0,0.0,0.0,0.0,0.0,0.0,0.0,0.0,0.0,0.0,0.0,-329.76179169751043,0.0,0.0,139.28597658104547,0.0,2.3992857796042992,0.0,0.0,0.0,0.0,0.0,0.0,653.0894496240151,0.0,0.0,-1000.0,0.0,0.0,0.0,0.0,0.0,-635.9929296809282,0.0077396315471106435,0.0,0.0,0.0,-305.37638531773393,305.37638531773393,0.0,0.0,0.0,0.0,215.50942870172625,0.0,0.0,0.0,0.0,0.0,297.1894233716827,297.1894233716827,0.0,0.0,0.0,0.0,509.27554098229206,0.0,0.0,297.19716300322983,0.0,0.0,0.0,-1000.0,0.0,0.0,0.0,0.0,0.0,0.0,0.0,0.0,0.0,0.0,-301.9304233929404,0.0,0.0,0.0,0.0,-1000.0,0.0,0.0,0.0,0.0,0.0,0.0,0.0,-325.2493095745907,325.2493095745907,0.0,0.0,0.0,0.0,0.0,0.0,0.0,79.38117468913934,-596.3801365704118,0.0,0.0,0.0,0.0,0.0,0.0,0.0,0.0,0.0,0.0,0.0,0.0,0.0,0.0,-782.937723158319,821.7149579584783,0.0,0.0,0.0,0.0,164.88089584875522,0.0,0.0,0.0,0.0,86.77088573370715,0.0,0.0,0.0,0.0,0.0,0.0,0.0,0.0,0.0,698.2476392738465,1.5479263094221287,136.96408711691228,0.0,-927.4683773273753,0.0,221.57626097215575,0.0,-821.7149579584783,0.0,0.0,346.9105503759849,-990.557649512525,0.0,0.0,0.0,-170.19964375600716,0.0,0.0,142.897555648788,-64.43282819426486,0.0,0.0,207.33038384305274,-142.8975556487879,276.96975817819384,0.0,77.78295951655241,0.0,0.0,-143.28732383231653,0.0,0.0,0.0,496.3368757391984,0.0,-496.3368757391984,0.0,212.628601220017,346.9105503759849,0.0,1000.0,0.0,0.0,0.0,86.77088573370715,-0.011609447320665964,0.0,0.0,0.0,0.0,0.0077396315471106435,0.0,0.0,0.0,-2.414511703647122,-896.109541580206,0.0,0.0,-520.7399746167788,0.0,647.6333383038987,0.0,296.5787485116306,0.0,0.0,0.0,0.0,0.0,201.242752395552,-1000.0,502.17849909281745,82.9602333192197,-1000.0,0.0,0.0,0.0,0.0,0.0,0.0,0.0,0.0,0.0,0.0,0.0,0.0,0.0,0.0,0.0,0.0,0.0,0.0,0.0,-1000.0,0.0,0.0,697.998423138031,0.0,0.0,0.0,-62.25470959291829,0.0,150.25769352772068,0.0,741.1584656012685,75.95675569788294,0.0,0.0,0.0,981.8213231742911,316.04630082725146,-359.45690910824186,0.0,-1000.0,-455.6675132440288,0.0,-38.365359426297,1000.0,-982.0148139629689,-0.3869815773555322,-1000.0,0.0,-460.83092688097065,1000.0,698.0854015374463,139.28597658104547,0.0,0.0,0.0,0.0,0.0,0.0,0.0,0.0,0.0,0.0,76.2283739512134,0.0,0.0,0.0,0.0,0.0,79.38117468913934,0.0,0.0,-117.0000572284915,0.0,0.0,0.0,0.0,0.0,0.0,0.0,-922.2236997393645,0.015479263094221096,0.0,0.0,0.0,0.0,0.0,0.0,0.0,0.0,0.0,397.82475650385663,0.0,0.0,0.0,0.0,0.0,0.0,0.0,0.0,0.0,0.008513594701980765,0.008513594701980765,0.0,590.1196569018168,0.0,4.643778928266386,0.0,0.0,0.0,1000.0,0.0,0.0,28.18436084003954,0.0,0.0,184.39488396630946,-1000.0,0.0,0.0,0.0,0.0,0.0,0.0,0.0,0.0,0.0,0.0,0.0,0.0,0.0,109.92059723250348,2.414511703647122,0.0,0.0,82.50495400321245,0.0,0.0,0.0,-164.88089584875522,0.0,184.39488396630946,0.0,0.0,-737.8288157730551,0.0,0.0,0.0,0.0,0.0,0.0,0.0,0.0,0.0,0.0,0.0,0.0,0.0,0.0,0.0,0.0,4.643778928266386,346.9105503759849,346.9105503759849,0.0,0.0,0.0,0.0,0.0,0.0,0.0,0.0,0.0,0.0,0.07739631547110644,0.0,0.0,28.18436084003954,-28.18436084003954,0.0,0.0,0.0,0.0,139.28597658104547,0.0,0.0,0.0,53.724641534045396,0.0,0.0,0.0,0.0,0.0,0.0,164.88089584875522,0.0,0.0,2.321889464133193,2.321889464133193,1000.0,-1000.0,0.0,0.0,0.0,0.0,0.0,0.0,0.0,0.0,79.38117468913934,90.91521446120669,0.0077396315471106435,0.0,0.0,0.0,10.22128911960919,922.2236997393645,0.0,0.0,0.0,-346.9105503759849,0.0,0.0,0.0,0.0,0.0,0.0,0.0,0.0,0.0,0.0,0.0,0.0,0.0077396315471106435,0.0,0.0,0.0,0.0,0.0,0.0,0.0,0.0,0.0,-213.9985929271669,1000.0,0.0,0.0,-1000.0,-0.5804723660332958,-0.3869815773555322,0.0,0.0,0.0,0.0,0.0,0.0,0.0,0.0,0.0,0.0,0.0,0.0,346.9105503759849,0.0,0.0,0.0,237.64145623383115,0.0,0.0,0.0,-0.0077396315471106435,0.0,0.0,0.0077396315471106435,0.0,0.0077396315471106435,0.0,0.0,0.0,4.643778928266386,9.442350487474986,9.442350487474986,0.0,0.0,0.0,0.0,0.0,0.0,150.25769352772068,0.0,0.0,79.38117468913934,0.0,0.0,0.0,201.90913467175838,0.0,0.0,0.0,0.0,0.0,0.0,0.0,0.0,0.0,0.0,0.0,0.0,0.0,164.88089584875522,0.0,0.0,0.0,0.011609447320665964,0.0,0.0,0.0,-139.28597658104547,0.0,0.0,0.0,0.0,0.0,-590.1196569018168,0.3869815773555322,0.0,0.0,0.0,0.0,-509.27554098229206,604.4075595181371,0.0,0.0,0.0,0.0,0.0,0.0,0.0,0.0,346.9105503759849,0.0,0.0,0.0,590.1196569018168,0.0,404.58731737297705,922.2236997393645,0.0,756.1514428523855,150.25769352772068,-906.4091363801061,0.0,-1000.0,0.0,0.3869815773555322,1000.0,0.0,111.98985434508657,0.0,-173.36877890857056,0.0,0.0,0.0,0.0,0.0,0.0,0.0,0.0,0.0,300.76947866087403,0.0,9.442350487474986,0.0,-699.1296864421304,-699.1296864421304,699.1296864421304,0.0,0.0,0.0,0.0,0.0,698.2476392738465,0.0,0.0,591.8610739999165,-408.04604562346583,167.83168205059758,0.0,2.321889464133193,28.18436084003954,0.0,0.0,0.0,-97.58501450996872,0.0,0.0,0.008513594701980765,0.0,0.0,0.0,4.721175243737492,0.0,0.0,0.0,0.0,-782.937723158319,0.0,0.0,0.0,0.0,0.0,0.0,0.0,0.0,0.0,0.0,14.241640629696303,0.0007739631547110659,0.0,0.0,0.0,0.0,0.0,0.0,0.0,0.0,0.0,0.0,0.0,0.0,0.0,0.0,0.0,590.1196569018168,0.0,0.0,0.0,0.0,0.0,0.0,0.0,0.0,0.0,0.0,0.0,56.36872168007908,0.0,280.57728528872866,-50.14216036211042,0.0,0.0,0.0,4.643778928266386,0.0,0.0,0.0,0.0,0.0,0.0,-4.643778928266386,0.0,56.36872168007908,0.0,0.0,0.0,0.0,0.0,0.0,0.0,0.0,0.0,0.0,-90.91521446120669,-917.0397666807803,207.2107822815291,-992.781366713078,853.4953901320325,0.0,999.9690414738119,0.0,0.0,0.0,0.0,0.0,0.0,0.0,0.0,0.0,0.0,0.0,0.0,0.0,0.0,0.0,0.0,0.0,-0.967453943388828,346.9105503759849,-76.53722806391623,201.3286623057251,0.0,0.0,0.0,0.0,0.0,0.0,-0.09674539433888306,117.0000572284915,0.0,0.0,0.0,0.0,0.0,0.0,0.0,1000.0,2.321889464133193,2.321889464133193,0.0,0.0,0.0,0.0,0.0,0.008513594701980765,590.1196569018168,0.0,0.0,-999.9690414738119,14.240866666541592,0.0,0.0,0.0,0.0,0.0,0.0,0.0,0.0,0.0,0.0,0.0,0.0,0.0,0.0,0.0,0.0,0.0,0.0,8.126613124466175,112.90181951297245,0.0,66.13618648391528,0.0,0.0,0.0,590.1196569018168,0.0,93.20388204253834,0.0,0.0,0.0,-0.967453943388828,0.0,0.0,0.0,0.0,0.0,0.0,0.0,0.0,0.0,0.0,0.0,0.0,0.0,0.0,0.0,0.0,0.0,0.0,-0.0077396315471106435,0.0,0.0,0.3869815773555322,-184.39488396630946,0.0,0.0,0.0,0.0,346.9105503759849,0.0,0.0,0.0,-201.242752395552,0.1934907886777637,0.0,0.0,0.0,0.0077396315471106435,0.0,7.739631547110643,-2.3992857796042992,1.5479263094221287,0.055283082479361735,21.593572016438692,-0.005804723660332982,38.365359426297,0.15479263094221288,-0.03869815773521168,-21.593572016438692,2.321889464133193,-0.0077396315471106435,0.0,0.0,0.0019349078867776609,0.05528308247936174,0.0,-29.416510182338357,-0.15479263094221096,-53.74829805768354,-0.0077396315471106435,0.0019349078867776609,-21.593572016438692,679.1813652696059,0.0077396315471106435,0.0077396315471106435,-590.1034036755677,-28.175847245337717,0.0,-0.005804723660332982,2.321889464133193,0.0077396315471106435,139.28597658104547,133.09427134335695,-0.0038698157735553218,-215.50942870172625,-165.66259863501338,-0.005804723660332982,-0.0077396315471106435,-2.3992857796042992,0.0077396315471106435,0.7739631547110644,-0.15479263094221288,164.88089584875522,164.88089584875522,-0.7739631547110548,53.74829805768354,-164.88089584875522,1.5479263094221287,0.011609447320665964,-1000.0,0.7739631547110644,-109.92059723250348,0.0,-1.5479263094221287,0.0038698157735553218,0.07739631547110644,0.0,591.6675832112389,-0.0077396315471106435,-591.8610739999165,590.1034036755677,2.3992857796042992,0.0077396315471106435,29.416510182338357,-824.6590470883397,0.0,-0.0077396315471106435,-0.0019349078867776609,0.0,-0.0077396315471106435,-922.2236997393645,0.007739631547224235,-0.0019349078867776609,-0.0019349078867776609,-0.0019349078867776609,3.0958526188442574,-133.09427134335695,0.07739631547110644,208.66247557734602,-0.0019349078867776609,0.0,0.3869815773555322,461.4988314470378,0.0077396315471106435,0.0038698157735553218,0.0038698157735553218,-172.6813120332814,2.3992857796042992,0.0077396315471106435,-2.3992857796042992,0.07739631547110644,0.0077396315471106435,-614.5192276871119,0.0077396315471106435,0.03095852618807271,0.03869815773521168,0.0038698157735553218,0.0019349078867776609,2.321889464133193,-0.0077396315471106435,0.0,0.07739631547110548,-417.32495115469203,38.171868637619234,-0.7739631547110644,1.5479263094221287,0.3869815773555322,-0.0077396315471106435,0.0,0.011609447320665964,-0.0077396315471106435,345.3626240665628,2.3992857796042992,212.22965891565778,0.0038698157735553218,-922.9976628940756,-0.0077396315471106435,-0.007739631547224235,-0.0077396315471106435,0.0038698157735553218,21.593572016438692,-1.5479263094221287,0.0077396315471106435,0.0,-0.0019349078867776609,28.175847245337717,0.0,1.1609447320665964,165.66259863501338,350.12736158105884,21.593572016438692,-0.005804723660332982,591.8610739999165,-591.6675832112389,0.0077396315471106435,-0.0019349078867776605,741.545447178624,7.739631547110644,-0.0038698157735553218,-0.0077396315471106435,0.0019349078867776609,1000.0,0.0,348.51684619611535,405.85675210976586,407.9773961206117,0.0,734.6836808896434,922.0526538821732,678.4074021148948,1000.0,-1000.0,-406.13524368239916,-651.4792839881111,-500.0,-203.98869806030584,500.0,-678.4074021148948,-461.0263269410866,-590.1196569018168,-114.64464440568906,651.4792839881111,406.13524368239916,-114.64464440568906,-734.6836808896434,779.284382411636,0.0,1496.5981,bhi
495,0.0,0.0,0.0,0.0,0.0,0.0,0.0,0.0,-0.009078762204651786,0.0,0.0,0.0,0.0,0.0,0.0,0.0,-416.17551540439155,0.0,0.0,172.51518179836484,0.0,0.0,0.0,635.792415021635,0.0,0.0,0.0,0.0,0.0,-673.9943041237867,0.0,0.0,0.0,0.0,0.0,0.0,0.0,706.2218204159823,0.0,-1000.0,1000.0,0.0,0.0,0.0,0.0,0.0,0.0,0.0,1000.0,0.0,0.0,-1000.0,0.0,0.00998663842528913,0.0,0.0,0.0,0.0,0.0,0.0,120.83850740408633,0.0,244.07562378264362,0.0,179.29724181011778,0.0,0.0,0.0,571.7691371756316,-516.7603837682113,0.0,0.09078762204651786,0.0,0.0,0.0,0.0,0.0,0.0,0.0,0.0,0.0,0.0,0.0,0.0,5.447257322791072,0.0,0.0,-1000.0,0.0,1000.0,-0.0022696905511629464,0.0,0.0,0.0,2.723628661395536,0.0,245.3618003261953,0.0,0.0,0.0,0.0,0.4539381102325893,-838.849776870367,0.0,0.0,-190.5508386170045,0.0,0.0,0.0,0.0,0.0,0.0,0.0,0.0,0.0,0.0,0.0,0.0,0.0,0.0,0.0,0.0,0.0,0.0,-740.107672881062,0.0,0.0,245.3618003261953,0.0,2.814416283442054,2.814416283442054,0.0,-169.91654242217498,126.25244244833446,43.66409997384052,-43.66409997384052,0.0,0.0,0.0,-364.91413118672995,0.0,0.0,0.0,0.0,0.0,0.6990646897581883,0.009078762204694613,0.0,0.0,0.0,862.0847376511615,-862.0847376511615,0.0,0.0,0.0,0.0,243.71422390108668,0.0,0.0,0.0,0.0,0.0,343.325753130091,343.325753130091,0.0,0.0,0.0,-789.0625,0.0,0.0,0.0,343.3348318922957,0.0,0.0,0.0,-814.9580087946631,0.0,0.0,0.0,0.0,0.0,0.0,0.0,0.0,0.0,0.0,-829.4498580323349,0.0,0.0,0.0,0.0,-7.555803047880772,0.0,0.0,0.0,0.0,0.0,0.0,1000.0,0.0,0.0,364.91413118672995,0.0,0.0,0.0,0.0,0.0,0.0,164.85547274658032,-643.1276252115133,0.0,0.0,0.0,0.0,0.0,0.0,0.0,0.0,0.0,0.0,0.0,0.0,0.0,714.0565680059616,-753.7303234533396,-909.8301804718219,0.0,0.0,0.0,0.0,-364.91413118672995,0.0,0.0,0.0,0.0,120.83850740408633,-909.8301804718219,0.0,0.0,0.0,0.0,0.0,0.0,0.0,0.0,762.1940027216855,1.8157524409303571,242.63817166479976,0.0,410.5526106231786,410.5526106231786,1000.0,0.0,909.8301804718219,0.0,0.0,364.91413118672995,-81.69631390894165,0.0,0.0,0.0,-204.98076801972627,0.0,0.0,-1000.0,-373.89136437652724,-541.8302756392009,-1000.0,373.89136437652724,-541.8302756392009,0.0,0.0,-827.4848182016351,0.0,0.0,30.95857911786259,0.0,0.0,0.0,0.0,0.0,0.0,0.0,343.3166743678863,0.0,0.0,-215.68801728299195,-789.0625,0.0,0.0,120.83850740408633,-0.013618143306977679,0.0,0.0,0.0,0.0,0.009078762204694613,0.0,0.0,0.0,-1000.0,-416.17551540439155,0.0,-127.03389241133634,-405.39224528370835,0.0,997.1972763892485,0.0,519.3743969602781,0.0,-190.5508386170045,0.0,0.0,0.0,989.8401122848679,-509.21450924514596,-1000.0,-1000.0,-1000.0,0.0,0.0,0.0,0.0,0.0,0.0,0.0,0.0,0.0,0.0,0.0,0.0,0.0,0.0,0.0,0.0,0.0,-293.7418645351984,0.0,-1000.0,0.0,0.0,761.9016665786944,0.0,0.0,0.0,-762.8930674114437,0.0,0.0,0.0,0.0,0.0,0.0,356.63489597196093,0.0,0.0,-62.55462793048565,-286.60134157531854,-0.4539381102325893,-94.89260452142827,92.04625750217605,-356.63489597196093,-230.7079849282983,0.0,-0.22696905511629464,0.0,0.0,0.0,-244.69683508293394,0.0,0.0,245.3618003261953,0.0,0.0,0.0,233.32842115845767,0.0,0.0,0.0,-714.0565680059616,714.0565680059616,714.0565680059616,131.11305479708182,0.0,0.0,0.0,0.0,0.0,164.85547274658032,0.0,0.0,-123.23711637855729,0.0,0.0,248.16452393694678,0.0,0.0,0.0,0.0,-999.0921237795349,0.018157524408707104,0.0,0.0,0.0,0.0,0.0,0.0,0.0,0.0,0.0,55.00875340742027,0.0,0.0,0.0,0.0,0.0,0.0,0.0,0.0,0.0,0.00998663842528913,0.00998663842528913,0.0,345.03880396337723,0.0,5.447257322791072,0.0,9.519157576428285,0.0,118.2536780648736,0.0,0.0,0.0,0.0,0.0,722.6459443493895,-118.2536780648736,0.0,0.0,0.0,0.0,0.0,248.16452393694678,0.0,0.0,0.0,0.0,0.0,0.0,0.0,246.70255762702067,1000.0,0.0,230.2540468180657,0.6990646897581883,0.0,0.0,0.0,0.0,0.0,722.6459443493895,0.0,0.0,-276.4461794301453,0.0,0.0,714.0565680059616,0.0,0.0,0.0,0.0,0.0,0.0,0.0,0.0,0.0,0.0,0.0,0.0,0.0,5.447257322791072,364.91413118672995,364.9141311867299,0.0,0.0,0.0,0.0,0.0,0.0,0.0,0.0,0.0,0.0,0.09078762204651786,0.0,0.0,0.0,0.0,0.0,1000.0,0.0,0.0,245.3618003261953,0.0,0.0,0.0,0.0,230.2540468180657,0.0,0.0,0.0,0.0,0.0,556.8378872984982,0.0,0.0,2.723628661395536,2.723628661395536,1000.0,-118.2536780648736,0.0,248.16452393694678,0.0,0.0,0.0,0.0,0.0,959.761220199296,164.85547274658032,1000.0,0.009078762204694613,0.0,0.0,0.0,0.7321373235037048,617.9904465455259,0.0,0.0,0.0,0.0,0.0,0.0,0.0,0.0,0.0,0.0,0.0,0.0,0.0,0.0,0.0,0.0,0.009078762204694613,0.0,0.0,0.0,-449.4968959215407,449.4968959215407,0.0,0.0,0.0,0.0,0.0,292.75046370244905,0.0,0.0,-1000.0,-0.680907165348884,-0.4539381102325893,0.0,0.0,54.65621874999998,54.65621874999998,-54.65621874999998,0.0,0.0,0.0,0.0,0.0,0.0,0.0,364.91413118672995,0.0,0.0,0.0,-244.24289697270135,0.0,0.0,0.0,-0.009078762204694613,0.0,0.0,0.009078762204694613,0.0,0.009078762204694613,0.0,0.0,0.0,5.447257322791072,11.07608988967518,11.07608988967518,0.0,0.0,0.0,0.0,0.0,0.0,0.0,0.0,0.0,164.85547274658032,0.0,0.0,0.0,990.6217937106886,0.0,0.0,0.0,0.0,0.0,0.0,0.0,0.0,0.0,0.0,0.0,0.0,0.0,0.0,0.0,-424.04030380866857,424.04030380866857,0.013618143306977679,0.0,0.0,0.0,-245.3618003261953,0.0,0.0,0.0,0.0,0.0,-345.03880396337723,0.4539381102325893,0.0,0.0,0.0,789.0625,0.0,469.1512028762453,0.0,0.0,0.0,0.0,0.0,0.0,0.0,0.0,364.91413118672995,0.0,0.0,0.0,-369.01776404258436,0.0,358.00722006406824,427.43960792852135,293.7418645351984,-293.7418645351984,0.0,0.0,0.0,-92.77240379861682,9.519157576428285,0.4539381102325893,1000.0,0.0,271.16839656954903,0.0,-123.23711637855729,0.0,0.0,-796.8750000001811,796.8750000001811,0.0,0.0,0.0,0.0,0.0,828.0880437016374,0.0,11.07608988967518,0.0,0.0,0.0,0.0,0.0,0.0,0.0,0.0,0.0,762.1940027216855,0.0,0.0,347.0815254594238,-55.74089073092398,-1000.0,0.0,2.723628661395536,0.0,0.0,0.0,0.0,-370.05532373517144,0.0,0.0,0.00998663842528913,0.0,0.0,0.0,5.53804494483759,0.0,0.0,0.0,0.0,-753.7303234533396,0.0,0.0,0.0,0.0,0.0,0.0,0.0,0.0,-1000.0,0.0,0.0009078762204651758,0.0009078762204651758,0.0,0.0,0.0,0.0,0.0,0.0,0.0,0.0,0.0,0.0,0.0,0.0,0.0,0.0,0.0,345.03880396337723,0.0,0.0,0.0,0.0,0.0,0.0,0.0,0.0,0.0,0.0,0.0,0.0,-356.72449212292406,869.4038249108708,0.0,0.0,0.0,0.0,5.447257322791072,0.0,0.0,0.0,0.0,0.0,0.0,-5.447257322791072,0.0,0.0,0.0,0.0,0.0,0.0,0.0,0.0,0.0,0.0,0.0,0.0,-1000.0,-879.0885566710709,996.8407458208751,0.0,-245.3618003261953,0.0,706.2218204159823,0.0,0.0,0.0,0.0,0.0,0.0,0.0,0.0,0.0,632.8125,0.0,-632.8125,-632.8125,0.0,0.0,0.0,9.519157576428285,-1.1348452755814733,364.9141311867299,-0.680907165348884,989.9408865453397,0.0,0.0,0.0,0.0,0.0,0.0,-0.11348452755814731,123.23711637855729,0.0,0.0,0.0,0.0,0.0,0.0,0.0,1000.0,2.723628661395536,2.723628661395536,0.0,0.0,0.0,0.0,0.0,0.00998663842528913,345.03880396337723,0.0,0.0,-706.2218204159823,0.0,0.0,0.0,0.0,0.0,0.0,0.0,0.0,0.0,0.0,0.0,0.0,0.0,0.0,212.02015190433428,0.0,0.0,2.814416283442054,0.0,9.532700314884375,0.6990646897581883,0.0,0.0,0.0,0.0,0.0,345.03880396337723,0.0,292.2965255922165,0.0,0.0,0.0,-1.1348452755814733,0.0,0.0,0.0,0.0,0.0,0.0,0.0,0.0,0.0,0.0,0.0,0.0,0.0,0.0,0.0,0.0,0.0,0.0,-0.009078762204694613,0.0,0.0,0.4539381102325893,-722.6459443493895,0.0,0.0,0.0,0.0,364.91413118672995,0.0,0.0,0.0,-989.8401122848679,0.22696905511629464,0.0,0.0,0.0,0.009078762204694613,0.0,9.078762204651785,0.0,1.8157524409303571,0.06484830146179847,30.95857911786259,-0.006809071653488839,0.45393811023259867,0.18157524409303571,-0.0453938110240415,-30.95857911786259,2.723628661395536,-0.009078762204651786,63.51694620566817,248.16452393694678,0.0022696905511629464,0.06484830146179847,-190.5508386170045,-1.4453389429818913,-0.18157524409303571,243.6603336060267,-0.009078762204651786,0.0022696905511629464,-30.95857911786259,0.9078762204651786,0.009078762204651786,0.009078762204694613,-345.0197385627473,0.009986638425116962,0.0,-0.006809071653488839,2.723628661395536,0.009078762204651786,245.3618003261953,238.09879056247385,-0.004539381102325893,137.38745333292232,363.99717620406005,-0.006809071653488839,-0.009078762204651786,0.0,0.009078762204694613,0.9078762204651786,-0.18157524409303571,0.0,0.0,-0.9078762204651786,-243.6603336060267,0.0,1.8157524409303571,0.013618143306977679,-822.5600921985231,0.9078762204651786,-246.70255762702067,248.16452393694678,-1.8157524409303571,0.004539381102325893,0.09078762204651786,31.758473102834085,-367.202011601654,-0.009078762204694613,-347.0815254594238,345.0197385627473,2.814416283442054,0.009078762204651786,1.4453389429818913,-5.368162373435249,248.16452393694678,-0.009078762204694613,-0.0022696905511629464,-248.16452393694678,-0.009078762204651786,-999.0921237795349,0.009078762204651786,-0.0022696905511629464,-0.0022696905511629464,-0.0022696905511629464,3.6315048818607143,-238.09879056247385,0.09078762204651786,93.35535586293543,-0.0022696905511629464,0.0,0.4539381102325893,500.0,0.009078762204694613,0.004539381102325893,0.004539381102325893,124.99013818893857,0.0,0.009078762204694613,0.0,0.09078762204651786,0.009078762204651786,-266.61361169205827,0.009078762204651786,0.036315048819346885,0.0453938110240415,0.004539381102325893,0.0022696905511629464,2.723628661395536,-0.009078762204651786,0.0,0.09078762204651786,-186.71071172587085,0.2269690551162853,-0.9078762204651786,1.8157524409303571,0.4539381102325893,-0.009078762204651786,190.5508386170045,0.013618143306977679,-0.009078762204651786,-249.98027637787715,0.0,439.0221348975553,0.004539381102325893,-1000.0,-0.009078762204651786,-0.009078762204651786,-0.009078762204651786,0.004539381102325893,30.95857911786259,-1.8157524409303571,0.009078762204694613,63.51694620566817,-0.0022696905511629464,-0.009986638425116962,-63.51694620566817,1.3618143306977677,-363.99717620406005,257.39165306833405,30.95857911786259,-0.006809071653488839,347.0815254594238,367.202011601654,0.009078762204651786,-0.0022696905511629464,0.4539381102325893,9.078762204651786,-0.004539381102325893,-0.009078762204651786,0.0022696905511629464,1000.0,0.0,-177.4444471825792,173.25825582912285,444.2790622188396,0.0,-4.5393811023258195,427.23896728379833,0.0,892.6876889417232,-793.6968363249912,-359.8229725049986,-1000.0,-446.3438444708616,-222.1395311094198,396.8484181624956,0.0,-213.61948364189917,-345.03880396337723,-68.96681116238386,1000.0,359.8229725049986,-68.96681116238386,4.5393811023258195,-0.03954747467787456,0.0,1496.5981,bhi
496,0.0,0.0,0.0,0.0,0.0,0.0,0.0,0.0,530.4381983351975,0.0,0.0,0.0,0.0,0.0,0.0,0.0,15.876117156326472,0.0,0.0,485.19250216947466,0.0,0.0,0.0,232.01559640279334,0.0,0.0,0.0,0.0,0.0,273.87806335441843,0.0,0.0,474.9720894453702,0.0,0.0,0.0,0.0,999.6567889927405,0.0,-1000.0,1000.0,0.0,0.0,0.0,0.0,0.0,134.67222304436063,0.0,282.91218351061576,0.0,0.0,0.0,0.0,0.09438302699631507,0.0,0.0,0.0,17.160550362970906,0.0,0.0,127.20260368531206,0.0,860.6831594271541,479.29213548728507,0.0,0.0,0.0,0.0,535.9882072921262,167.65987739817297,0.0,0.8580275181485455,0.0,0.0,0.0,0.0,0.0,0.0,0.0,586.1193168449987,0.0,0.0,0.0,0.0,51.48165108891273,0.0,34.77224317991996,0.0,797.719681341141,-595.4393626822822,-0.021450687953713632,0.0,0.0,36.45061926842384,25.740825544456364,0.0,25.740825544456364,0.0,0.0,0.0,0.0,579.7368237382747,221.48735500288797,0.0,0.0,-523.1316697395216,0.0,0.0,0.0,0.0,0.0,0.0,0.0,0.0,0.0,0.0,0.0,0.0,0.0,0.0,0.0,0.0,0.0,0.0,-535.072802973556,0.0,0.0,25.740825544456364,0.0,26.598853062604906,26.598853062604906,0.0,0.0,0.0,0.0,0.0,0.0,0.0,0.0,-508.5936276251811,0.0,0.0,0.0,0.0,0.0,41.37905506966376,0.08580275181485453,0.0,0.0,0.0,831.4369015736401,-831.4369015736401,0.0,0.0,0.0,0.0,1000.0,0.0,0.0,0.0,0.0,0.0,969.730309247214,969.730309247214,0.0,0.0,0.0,0.0,1000.0,0.0,0.0,969.8161119990289,0.0,0.0,0.0,-15.811127229106091,0.0,0.0,0.0,0.0,0.0,0.0,0.0,0.0,0.0,0.0,-591.0630433152049,0.0,0.0,0.0,0.0,-1000.0,0.0,0.0,0.0,0.0,0.0,0.0,0.0,-202.28031865885896,202.28031865885896,0.0,0.0,0.0,0.0,0.0,0.0,0.0,52.390708351530456,-1000.0,0.0,0.0,0.0,0.0,0.0,0.0,0.0,0.0,0.0,0.0,0.0,0.0,0.0,0.0,-545.5504244892167,-572.6663640213607,0.0,0.0,0.0,415.96505703496786,0.0,0.0,0.0,0.0,0.0,127.20260368531206,-572.6663640213607,0.0,0.0,0.0,0.0,0.0,0.0,0.0,0.0,608.8455089410692,0.0,0.0,0.0,-1000.0,0.0,80.6318648517568,0.0,572.6663640213607,0.0,0.0,508.5936276251811,-78.3128703947194,0.0,0.0,0.0,-221.76017231119266,0.0,0.0,-541.2996004634539,0.0,0.0,-541.2996004634538,0.0,0.0,595.4393626822822,0.0,0.0,0.0,0.0,292.587383688654,0.0,0.0,0.0,-1000.0,0.0,1000.0,0.0,1000.0,92.62857059021324,415.96505703496786,-559.5822890079454,0.0,0.0,0.0,127.20260368531206,-0.1287041277222818,0.0,0.0,0.0,0.0,0.08580275181485453,0.0,0.0,0.0,365.4136655144745,15.876117156326472,0.0,-348.75444649301437,-183.96997751267298,0.0,1000.0,0.0,1000.0,0.0,-523.1316697395216,0.0,0.0,0.0,-7.387616931258907,-992.6123830687411,0.0,-427.9771293757401,-1000.0,0.0,0.0,0.0,0.0,0.0,0.0,0.0,0.0,0.0,0.0,0.0,0.0,0.0,0.0,0.0,0.0,0.0,0.0,0.0,-1000.0,0.0,0.0,606.0826603326304,0.0,486.2427384592705,0.0,-57.07268719029502,0.0,0.0,0.0,0.0,575.446686147532,0.0,452.211631990652,-127.50139416196237,-2.145068795371363,456.62417577661495,-307.56193097980827,-4.290137590742726,0.0,-115.53340531870165,-452.211631990652,-164.51208650254637,-510.10979362300014,0.0,0.0,0.0,0.0,683.0797491118119,1000.0,-1000.0,25.740825544456364,0.0,0.0,0.0,0.0,0.0,530.5240010870124,0.0,0.0,0.0,0.0,-352.76144417747133,0.0,0.0,0.0,0.0,0.0,52.390708351530456,0.0,0.0,-184.64393389471707,0.0,0.0,25.740825544456364,0.0,0.0,0.0,0.0,-571.291250033673,0.17160550362976637,0.0,0.0,0.0,0.0,0.0,0.0,0.0,0.0,0.0,0.0,0.0,0.0,0.0,0.0,0.0,0.0,0.0,0.0,0.0,0.09438302699631507,0.09438302699631507,0.0,0.0,0.0,51.48165108891273,0.0,197.17590863406315,0.0,1000.0,0.0,899.6866371326764,34.77224317991996,0.0,0.0,1000.0,-1000.0,0.0,0.0,0.0,0.0,0.0,25.740825544456364,0.0,0.0,0.0,0.0,0.0,0.0,0.0,178.35760099118534,-365.4136655144745,0.0,0.0,41.37905506966376,0.0,36.450619268423836,0.0,0.0,0.0,1000.0,0.0,0.0,428.708749966327,328.12500000001245,-328.12500000001245,0.0,0.0,0.0,0.0,0.0,0.0,0.0,0.0,0.0,0.0,0.0,0.0,0.0,0.0,51.48165108891273,508.5936276251811,508.5936276251811,0.0,0.0,0.0,0.0,0.0,0.0,0.0,0.0,0.0,0.0,0.8580275181485455,0.0,0.0,34.77224317991996,-34.77224317991996,0.0,0.0,0.0,0.0,25.740825544456364,0.0,0.0,0.0,0.0,0.0,0.0,0.0,0.0,0.0,0.0,203.83366176285287,0.0,0.0,25.740825544456364,25.740825544456364,949.1734614710938,-1000.0,0.0,25.740825544456364,0.0,0.0,0.0,0.0,0.0,206.48977437285214,52.390708351530456,376.9317727302,0.08580275181485453,0.0,0.0,0.0,6.9193790570693405,0.0,0.0,-36.450619268423836,0.0,-92.62857059021324,0.0,0.0,0.0,0.0,0.0,0.0,0.0,0.0,0.0,0.0,0.0,0.0,0.08580275181485453,0.0,0.0,0.0,0.0,0.0,0.0,0.0,0.0,0.0,-393.65021069950996,1000.0,0.0,-57.33981615815469,-1000.0,-6.435206386114146,-4.290137590742726,0.0,0.0,0.0,0.0,0.0,0.0,0.0,0.0,0.0,0.0,0.0,0.0,508.5936276251811,0.0,0.0,0.0,-312.6301132974454,0.0,0.0,0.0,530.4381983351975,0.0,0.0,0.08580275181485453,0.0,0.08580275181485453,0.0,611.0195141000859,0.0,51.48165108891273,104.67935721412255,104.67935721412255,0.0,0.0,0.0,0.0,0.0,0.0,0.0,0.0,0.0,52.390708351530456,0.0,0.0,0.0,0.0,0.0,0.0,0.0,0.0,0.0,0.0,0.0,0.0,0.0,0.0,0.0,0.0,0.0,0.0,0.0,-181.7855664226936,181.7855664226936,0.1287041277222818,0.0,0.0,0.0,-25.740825544456364,0.0,0.0,0.0,0.0,0.0,0.0,4.290137590742726,0.0,0.0,0.0,0.0,-1000.0,601.7925227418878,0.0,0.0,0.0,0.0,0.0,0.0,0.0,0.0,508.5936276251811,0.0,0.0,645.539544342277,0.0,0.0,-40.101194552049336,-523.1316697395216,0.0,938.3700462511026,57.33981615815469,-995.7098624092573,0.0,-182.99222760884194,197.17590863406315,4.290137590742726,1000.0,0.0,0.0,0.0,-254.188420254557,0.0,0.0,0.0,0.0,0.0,-593.1518768204379,0.0,0.0,0.0,597.4982497013191,-19.30561915834238,104.67935721412255,0.0,0.0,0.0,0.0,0.0,0.0,0.0,0.0,0.0,608.8455089410692,0.0,0.0,0.0,-6.9193790570693405,-432.45235390856226,0.0,25.740825544456364,34.77224317991996,0.0,0.0,0.0,-238.4341651302392,0.0,0.0,0.09438302699631507,0.0,0.0,0.0,52.33967860706127,0.0,0.0,0.0,0.0,-545.5504244892167,0.0,0.0,0.0,0.0,0.0,0.0,0.0,0.0,0.0,0.0,0.008580275181485453,0.008580275181485453,0.0,0.0,0.0,0.0,0.0,0.0,0.0,0.0,0.0,0.0,0.0,0.0,0.0,0.0,0.0,0.0,0.0,0.0,0.0,0.0,0.0,0.0,0.0,0.0,0.0,0.0,0.0,69.54448635983992,0.0,799.8569199927433,0.0,0.0,0.0,0.0,51.48165108891273,0.0,0.0,0.0,0.0,0.0,-51.48165108891273,0.0,0.0,69.54448635983992,0.0,0.0,0.0,0.0,0.0,0.0,0.0,0.0,0.0,0.0,-486.0048493084695,0.0,58.77488499317537,0.0,-25.740825544456364,0.0,999.6567889927405,0.0,0.0,0.0,0.0,0.0,0.0,0.0,0.0,0.0,101.5625,0.0,-101.5625,-101.5625,0.0,0.0,0.0,197.17590863406315,-10.725343976856873,508.5936276251811,-581.8818925336461,12.870412772228196,0.0,0.0,0.0,0.0,0.0,-766.6975343975945,765.6249999999088,184.64393389471707,0.0,0.0,0.0,0.0,0.0,0.0,0.0,890.9269234217305,25.740825544456364,25.740825544456364,0.0,0.0,0.0,0.0,586.1193168449987,0.09438302699631507,0.0,0.0,0.0,-999.6567889927405,0.0,0.0,0.0,0.0,0.0,0.0,0.0,0.0,0.0,0.0,0.0,0.0,0.0,0.0,396.40254026138973,0.0,0.0,26.598853062604906,0.0,90.09288940559728,0.0,0.0,41.37905506966376,0.0,0.0,0.0,0.0,0.0,0.0,0.0,0.0,0.0,-10.725343976856873,0.0,0.0,0.0,0.0,0.0,0.0,0.0,0.0,0.0,0.0,0.0,0.0,0.0,0.0,0.0,0.0,0.0,0.0,-0.08580275181485453,0.0,0.0,4.290137590742726,-1000.0,0.0,0.0,0.0,0.0,508.5936276251811,0.0,0.0,0.0,7.387616931258907,2.145068795371363,0.0,0.0,0.0,0.08580275181485453,0.0,85.80275181485453,0.0,17.160550362970906,0.6128767986775323,292.587383688654,-0.0643520638611409,292.01348066450873,1.7160550362970906,-0.42901375907433703,-292.587383688654,25.74082554445636,-0.08580275181485453,174.3772232465072,25.740825544456364,0.021450687953713632,0.6128767986775323,-523.1316697395216,-48.432041268845296,-1.7160550362970906,-501.06861932580114,-0.08580275181485453,0.021450687953713632,-292.587383688654,8.580275181485453,0.08580275181485453,0.08580275181485453,0.1801857788111696,-34.67786015292362,0.0,-0.0643520638611409,25.740825544456364,0.08580275181485453,25.740825544456364,-42.901375907427266,-0.042901375907427264,46.263339479043225,-8.666077933300308,-0.0643520638611409,-0.08580275181485453,0.0,0.08580275181485453,8.580275181485453,-1.7160550362970906,0.0,0.0,-8.580275181485453,501.06861932580114,0.0,17.160550362970906,0.1287041277222818,-1000.0,8.580275181485453,-178.35760099118534,25.740825544456364,-17.160550362970906,0.042901375907427264,0.8580275181485455,87.18861162325359,17.160550362970906,-0.08580275181485453,-19.30561915834238,-0.1801857788111696,26.598853062604906,0.08580275181485453,48.432041268845296,-77.22247663336903,25.740825544456364,-0.08580275181485453,-0.021450687953713632,-25.740825544456364,-0.08580275181485453,-571.291250033673,0.08580275181474084,-0.021450687953713632,-0.021450687953713632,-0.021450687953713632,34.32110072594181,42.901375907427266,0.8580275181485455,273.7231389239925,-0.021450687953713632,0.0,4.290137590742726,289.93576260757925,0.08580275181485453,0.042901375907427264,0.042901375907427264,-232.84612585887692,0.0,0.08580275181485453,0.0,0.8580275181485455,0.08580275181485453,-694.0311892703146,0.08580275181485453,0.3432110072594696,0.42901375907433703,0.042901375907427264,0.021450687953713632,25.740825544456364,-0.08580275181485453,0.0,0.8580275181485453,-547.446277847985,289.8684118691374,-8.580275181485453,17.160550362970906,4.290137590742726,-0.08580275181485453,523.1316697395216,0.1287041277222818,-0.08580275181485453,465.69225171775383,0.0,482.0895571803933,0.042901375907427264,-579.8715252151585,-0.08580275181485453,-0.08580275181474084,-0.08580275181485453,0.042901375907427264,292.587383688654,-17.160550362970906,0.08580275181485453,174.37722324650719,-0.021450687953713632,34.67786015292362,-174.37722324650719,12.87041277222818,8.666077933300308,800.6031488421842,292.587383688654,-0.0643520638611409,19.30561915834238,-17.160550362970906,0.08580275181485453,-0.021450687953713632,4.290137590742726,85.80275181485453,-0.042901375907427264,-0.08580275181485453,0.021450687953713632,1000.0,0.0,999.9570986240926,420.3080503463221,527.9501585932954,0.0,-700.9509070007699,-1000.0,0.0,-226.13901433163346,858.732563554022,22.94064418907843,0.0,113.06950716581673,-263.9750792966477,-429.366281777011,0.0,500.0,0.0,-243.6553920501541,0.0,-22.94064418907843,-243.6553920501541,700.9509070007699,-316.15435277444317,0.0,1496.5981,bhi
497,0.0,0.0,0.0,0.0,0.0,0.0,0.0,0.0,476.7661619661503,0.0,0.0,0.0,0.0,0.0,0.0,0.0,-442.0859784858094,707.6164561803116,0.0,0.0,0.0,0.0,0.0,873.219833270489,0.0,0.0,0.0,0.0,0.0,-417.5190410630836,0.0,0.0,0.0,0.0,0.0,0.0,0.0,728.1085443873783,0.0,-1000.0,971.2299167784771,0.0,0.0,-24.5669374227258,0.0,0.0,0.0,0.0,0.0,0.0,0.0,-884.1719569716188,0.0,0.10549030514539481,0.0,0.0,0.0,19.180055481015287,0.0,0.0,84.11098399425589,0.0,232.49927283845727,-50.415292620145124,0.0,0.0,0.0,0.0,567.720435250997,0.0,0.0,0.9590027740507644,0.0,0.0,0.0,0.0,0.0,0.0,0.0,0.0,0.0,0.0,-145.93067694621217,0.0,57.54016644304586,0.0,0.0,-530.363728881463,0.0,353.8082280901558,-0.02397506935126911,0.0,0.0,-539.2114067650534,28.77008322152293,0.0,28.77008322152293,0.0,449.2975796420463,0.0,0.0,406.6680639107329,-417.5190410630836,0.0,0.0,0.0,0.0,0.0,0.0,0.0,0.0,0.0,0.0,0.0,0.0,0.0,0.0,0.0,0.0,0.0,0.0,0.0,0.0,0.0,-980.7459690819719,0.0,0.0,28.77008322152293,0.0,29.72908599557369,29.72908599557369,0.0,0.0,0.0,0.0,0.0,0.0,640.6249999999989,-640.6249999999989,-367.0255494528583,0.0,0.0,0.0,0.0,0.0,153.31499830640306,0.09590027740507644,0.0,0.0,0.0,0.0,0.0,0.0,0.0,145.93067694621217,0.0,173.6840695904,0.0,0.0,0.0,0.0,0.0,999.9040997225949,999.9040997225949,0.0,0.0,0.0,0.0,-840.3167262141017,0.0,0.0,1000.0,0.0,0.0,0.0,46.510920736700086,0.0,0.0,0.0,0.0,0.0,0.0,0.0,0.0,0.0,0.0,0.0,0.0,0.0,0.0,0.0,-421.36245225833306,0.0,0.0,0.0,0.0,0.0,0.0,884.1719569716188,-353.8082280901558,353.8082280901558,0.0,0.0,0.0,0.0,0.0,0.0,0.0,0.0,-1000.0,0.0,0.0,0.0,0.0,0.0,0.0,0.0,0.0,0.0,0.0,0.0,0.0,0.0,300.21575571452263,-754.1192639056471,-24.5669374227258,0.0,0.0,0.0,367.0255494528583,456.8645804736088,0.0,0.0,0.0,0.0,84.11098399425589,0.0,0.0,0.0,0.0,0.0,0.0,0.0,0.0,0.0,3.0879889324409078,0.0,0.0,0.0,-88.42160081176115,265.38662727839466,0.0,0.0,24.5669374227258,0.0,0.0,367.0255494528583,116.99833843419326,0.0,0.0,0.0,-79.88281533728508,0.0,0.0,110.03281423602931,0.0,0.0,110.03281423602931,0.0,0.0,-353.8082280901558,0.0,0.0,0.0,0.0,-129.8446345222983,0.0,0.0,0.0,-777.6950362601591,0.0,777.6950362601591,0.0,1000.0,0.0,367.0255494528583,-375.1505947496485,0.0,0.0,0.0,84.11098399425589,-0.14385041610761465,0.0,0.0,0.0,0.0,0.09590027740507644,0.0,0.0,0.0,-67.36020036923958,-442.0859784858094,0.0,0.0,-932.2176991521629,0.0,1000.0,0.0,-279.21656235745775,0.0,0.0,0.0,0.0,0.0,167.00818359544598,416.60329976797004,-304.3949210059583,-1000.0,-1000.0,0.0,0.0,0.0,0.0,0.0,0.0,0.0,0.0,0.0,0.0,0.0,0.0,0.0,0.0,0.0,0.0,0.0,-309.3911871589406,0.0,-1000.0,145.93067694621217,96.15028361356974,0.0,0.0,0.0,0.0,243.65697519046063,0.0,449.2975796420463,0.0,0.0,401.8730500404791,-984.323735018967,0.0,0.0,0.0,0.0,440.2986802936217,-733.6752938161296,0.0,0.0,0.0,-205.73153889049334,1000.0,-2.397506935126911,728.8802799458758,0.0,0.0,-228.66584396801935,0.0,0.0,28.77008322152293,-78.1250000000018,78.1250000000018,0.0,704.2746615959467,0.0,476.8620622435554,0.0,-300.21575571452263,300.21575571452263,300.21575571452263,-306.7973452955638,0.0,0.0,-0.19180055481015287,0.0,0.0,0.0,0.0,0.0,-198.80358146434654,0.0,0.0,0.0,0.0,0.0,0.0,0.0,-782.88934712717,0.1918005548104702,0.0,0.0,0.0,0.0,0.0,0.0,0.0,0.0,0.0,567.720435250997,0.0,0.0,0.0,0.0,0.0,0.0,0.0,0.0,0.0,0.10549030514539481,0.10549030514539481,0.0,148.06631159077403,0.0,57.54016644304586,0.0,0.0,0.0,1000.0,0.0,0.0,0.0,0.0,0.0,390.91707694101024,-1000.0,0.0,0.0,0.0,0.0,0.0,0.0,0.0,0.0,0.0,0.0,0.0,0.0,0.0,326.91532302732395,67.36020036923958,0.0,0.0,7.3843213601908815,0.0,3.9240127613377354,-543.1354195263912,-1000.0,0.0,-189.89526022686096,0.0,0.0,-391.9722701861597,0.0,0.0,300.21575571452263,0.0,0.0,0.0,0.0,0.0,0.0,0.0,0.0,0.0,0.0,0.0,0.0,0.0,57.54016644304586,367.0255494528583,367.0255494528583,0.0,0.0,0.0,0.0,0.0,0.0,0.0,0.0,0.0,0.0,0.9590027740507644,0.0,0.0,0.0,0.0,0.0,884.1719569716188,0.0,0.0,28.77008322152293,0.0,0.0,0.0,0.0,0.0,0.0,0.0,0.0,0.0,0.0,1000.0,0.0,0.0,28.77008322152293,28.77008322152293,749.5862254305392,-1000.0,0.0,0.0,0.0,0.0,0.0,0.0,0.0,417.5190410630836,0.0,632.6342261374408,0.09590027740507644,0.0,0.0,-756.1154010536845,763.8490734244224,469.09014422579094,0.0,539.2114067650534,0.0,0.0,0.0,0.0,0.0,0.0,44.677872089836235,0.0,0.0,0.0,0.0,0.0,0.0,0.0,0.09590027740507644,0.0,0.0,0.0,0.0,0.0,0.0,0.0,0.0,96.15028361356974,0.0,692.9545548325069,0.0,0.0,-690.6088128410594,-7.192520805380733,0.0,-4.795013870253822,0.0,0.0,0.0,0.0,0.0,0.0,0.0,0.0,0.0,0.0,0.0,367.0255494528583,0.0,0.0,0.0,-223.87083009776552,0.0,0.0,0.0,476.7661619661503,0.0,0.0,0.09590027740507644,0.0,0.09590027740507644,134.0336162695087,0.0,0.0,57.54016644304586,116.99833843419326,116.99833843419326,0.0,0.0,0.0,0.0,0.0,0.0,0.0,0.0,0.0,0.0,0.0,0.0,0.0,175.2651974800229,0.0,0.0,0.0,0.0,0.0,0.0,0.0,0.0,0.0,0.0,0.0,0.0,0.0,456.8645804736088,0.0,0.0,0.0,0.14385041610761465,0.0,0.0,0.0,-28.77008322152293,0.0,0.0,0.0,0.0,0.0,-148.06631159077403,4.795013870253822,0.0,0.0,0.0,0.0,840.3167262141017,307.0454451674931,-4.795013870253822,0.0,0.0,0.0,0.0,0.0,0.0,0.0,367.0255494528583,0.0,0.0,996.1196981497178,-152.1494441237486,0.0,-238.42623989382622,469.09014422579094,0.0,550.7024203579538,449.2975796420463,-1000.0,145.93067694621217,0.0,0.0,4.795013870253822,1000.0,0.0,0.0,0.0,-198.80358146434654,0.0,0.0,0.0,0.0,0.0,-400.05996242930445,0.0,0.0,0.0,0.0,-14.385041610761391,116.99833843419326,0.0,0.0,0.0,0.0,0.0,0.0,0.0,0.0,0.0,3.0879889324409078,0.0,0.0,155.25883239615476,-575.4541076217348,-452.50432322521687,0.0,28.77008322152293,0.0,0.0,0.0,0.0,-347.66683206895203,0.0,0.0,0.10549030514539481,0.0,0.0,0.0,58.49916921709662,0.0,0.0,0.0,0.0,-754.1192639056471,0.0,0.0,0.0,0.0,0.0,0.0,0.0,0.0,85.95872917046842,0.0,0.009590027740507878,0.009590027740507878,0.0,0.0,0.0,0.0,0.0,134.0336162695087,0.0,0.0,0.0,-756.1154010536845,0.0,0.0,0.0,0.0,0.0,148.06631159077403,0.0,0.0,0.0,0.0,0.0,0.0,0.0,0.0,0.0,0.0,0.0,0.0,0.0,0.0,707.6164561803116,0.0,0.0,0.0,57.54016644304586,0.0,0.0,0.0,0.0,0.0,0.0,-57.54016644304586,0.0,0.0,0.0,0.0,0.0,0.0,0.0,0.0,0.0,0.0,0.0,0.0,-632.6342261374408,-1000.0,240.95688750250025,-850.4022585999492,821.6321753784263,0.0,690.2252117314393,0.0,0.0,0.0,0.0,0.0,0.0,0.0,0.0,0.0,0.0,0.0,0.0,0.0,0.0,0.0,0.0,0.0,-11.987534675634555,367.0255494528583,-409.0655708458598,182.45771828540362,0.0,0.0,0.0,0.0,0.0,-1.1987534675634552,0.0,344.7342584105587,0.0,0.0,0.0,0.0,0.0,0.0,0.0,1000.0,28.77008322152293,28.77008322152293,0.0,0.0,0.0,0.0,0.0,0.10549030514539481,148.06631159077403,0.0,0.0,-824.258828000948,0.0,0.0,0.0,0.0,0.0,0.0,0.0,0.0,0.0,0.0,0.0,0.0,0.0,0.0,67.01680813475436,0.0,0.0,29.72908599557369,0.0,100.69529127533026,7.3843213601908815,0.0,0.0,0.0,0.0,0.0,148.06631159077403,0.0,-307.0454451674931,0.0,0.0,0.0,-11.987534675634555,0.0,0.0,0.0,0.0,0.0,0.0,0.0,0.0,0.0,0.0,0.0,0.0,0.0,0.0,0.0,0.0,0.0,0.0,-0.09590027740507644,0.0,0.0,4.795013870253822,-390.91707694101024,0.0,0.0,0.0,0.0,367.0255494528583,0.0,0.0,0.0,-167.00818359544598,2.397506935126911,0.0,0.0,0.0,0.09590027740507644,0.0,95.90027740507644,0.0,19.180055481015287,0.6850019814648282,327.0199459513106,-0.07192520805380732,205.73153889049334,1.9180055481015288,133.5541148824836,-327.0199459513106,28.77008322152293,-0.09590027740507644,0.0,0.0,0.023975069351269106,0.6850019814648282,0.0,-15.267324162885327,-1.9180055481015288,-265.5304776945022,-0.09590027740507644,0.02397506935126911,-327.0199459513106,9.590027740507644,0.09590027740507644,0.09590027740507644,-147.86492100822358,0.10549030514558431,-313.799202901379,-0.07192520805380732,28.77008322152293,0.09590027740507644,28.770083221522896,-47.95013870253822,-0.04795013870253822,140.11513331097902,-466.5505084915215,-0.07192520805380732,-0.09590027740507644,0.0,0.09590027740507644,9.590027740507644,-1.9180055481015288,456.8645804736088,456.8645804736088,-9.590027740507644,265.5304776945022,-456.8645804736088,19.180055481015287,0.14385041610761465,-1000.0,9.590027740507644,-326.91532302732395,0.0,-19.180055481015287,0.04795013870253822,0.9590027740507644,0.0,-132.9693886427333,-0.09590027740507644,-169.64387400691615,147.86492100822358,29.72908599557369,0.09590027740507644,15.267324162885327,-115.08033288609164,0.0,-0.09590027740507644,-0.023975069351269106,0.0,-0.09590027740507644,-782.88934712717,0.09590027740507644,-0.02397506935126911,-0.02397506935126911,-0.02397506935126911,38.360110962030575,47.95013870253822,0.9590027740507644,71.0501180224843,-0.02397506935126911,0.0,4.795013870253822,396.2396874338388,0.09590027740507644,0.04795013870253822,0.04795013870253822,-173.9227469859215,0.0,0.09590027740507644,0.0,0.9590027740507644,0.09590027740507644,-71.0501180224843,0.09590027740507644,0.3836011096200309,-133.5541148824836,0.04795013870253822,0.02397506935126911,28.77008322152293,-0.09590027740507644,313.799202901379,0.9590027740507644,-142.1002360449686,203.33403195536644,-9.590027740507644,19.180055481015287,4.795013870253822,-0.09590027740507644,0.0,0.14385041610761465,-0.09590027740507644,347.845493971843,0.0,535.099413284653,0.04795013870253822,-792.4793748676776,-0.09590027740507644,-0.09590027740507644,-0.09590027740507644,0.04795013870253822,327.0199459513106,-19.180055481015287,0.09590027740507644,0.0,-0.02397506935126911,-0.10549030514558431,0.0,14.385041610761464,466.5505084915215,27.188547914389154,327.0199459513106,-0.07192520805380732,169.64387400691615,132.9693886427333,0.09590027740507644,-0.023975069351269106,4.795013870253822,95.90027740507644,-0.04795013870253822,-0.09590027740507644,0.02397506935126911,1000.0,0.0,999.9520498612975,0.0,-873.0844319702359,0.0,1000.0,466.97074809513896,0.0,367.71815820435256,-885.7475160071891,219.24618441281092,0.0,-183.85907910217628,436.54221598511793,442.87375800359456,0.0,-233.48537404756948,-148.06631159077403,-187.432581215701,0.0,-219.24618441281092,-187.432581215701,-1000.0,552.745152572792,0.0,1496.5981,bhi
498,0.0,0.0,0.0,0.0,0.0,0.0,0.0,0.0,-0.08236938543494765,0.0,0.0,0.0,0.0,0.0,0.0,0.0,-999.8764459218476,629.7414292790494,0.0,0.0,0.0,0.0,0.0,427.35504871593196,0.0,0.0,0.0,0.0,0.0,785.0637492647478,51.409477045865415,-51.409477045865415,0.0,0.0,0.0,0.0,0.0,690.3861966480423,0.0,-1000.0,921.0465745121901,0.0,0.0,214.81269665709976,0.0,0.0,0.0,0.0,0.0,0.0,0.0,0.0,0.0,0.09060632397982886,0.0,0.0,0.0,16.473877086989532,0.0,0.0,-43.850586099490556,0.0,0.0,-43.850586099490556,0.0,0.0,0.0,0.0,0.0,0.0,0.0,0.8236938543494766,0.0,0.0,0.0,0.0,0.0,0.0,0.0,0.0,0.0,0.0,0.0,0.0,49.421631260968596,0.0,0.0,-154.42040367358084,-215.83816704736972,1000.0,-0.020592346358736916,0.0,0.0,-62.62096497411096,24.710815630484298,0.0,304.3497289036431,0.0,0.0,0.0,0.0,4.118469271747383,785.0637492647478,0.0,0.0,0.0,0.0,0.0,0.0,0.0,0.0,0.0,0.0,0.0,0.0,0.0,0.0,0.0,0.0,0.0,0.0,0.0,0.0,0.0,-806.315732927221,0.0,0.0,304.3497289036431,0.0,25.534509484833777,0.0,0.0,553.4548238359423,-553.4548238359423,0.0,0.0,816.3233342580473,-890.6250000000008,890.6250000000008,-816.3233342580473,0.0,0.0,0.0,0.0,0.0,6.342442678491011,0.08236938543495853,0.0,0.0,0.0,0.0,-587.045043488578,0.0,0.0,0.0,0.0,614.9190157528722,0.0,0.0,0.0,0.0,0.0,487.1269671744557,487.1269671744557,0.0,0.0,0.0,0.0,759.0839254243524,0.0,0.0,538.618813605756,0.0,0.0,0.0,-91.16630351639054,0.0,0.0,0.0,0.0,0.0,0.0,0.0,0.0,0.0,0.0,-580.6447983639936,0.0,0.0,0.0,0.0,-1000.0,0.0,0.0,0.0,0.0,0.0,0.0,0.0,215.83816704736972,-215.83816704736972,0.0,0.0,0.0,0.0,0.0,0.0,0.0,0.0,-1000.0,0.0,0.0,0.0,0.0,0.0,0.0,0.0,0.0,0.0,0.0,0.0,0.0,0.0,0.0,-100.36828906428411,214.81269665709976,0.0,0.0,0.0,0.0,0.0,0.0,0.0,0.0,0.0,-43.850586099490556,0.0,51.409477045865415,0.0,0.0,0.0,0.0,0.0,0.0,0.0,755.9304103446565,0.0,279.6389132731588,0.0,0.0,-431.67633409473945,61.41776337378889,0.0,-214.81269665709976,0.0,0.0,0.0,-899.5093497693639,0.0,0.0,0.0,17.18546154234025,0.0,0.0,-1000.0,0.0,0.0,-1000.0,0.0,0.0,0.0,0.0,1000.0,0.0,0.0,229.810585363504,0.0,0.0,0.0,-641.5313470076688,0.0,641.5313470076688,0.0,1000.0,0.0,0.0,1000.0,0.0,0.0,0.0,-43.850586099490556,-0.1235540781524215,0.0,0.0,0.0,0.0,0.08236938543495853,0.0,0.0,0.0,-60.28013924829958,-999.8764459218476,0.0,0.0,151.6857148344251,0.0,1000.0,0.0,0.0,0.0,0.0,0.0,0.0,0.0,-7.0920040859503795,0.0,7.0920040859503795,-1000.0,-1000.0,0.0,0.0,0.0,0.0,0.0,0.0,0.0,0.0,0.0,0.0,0.0,0.0,0.0,0.0,0.0,0.0,0.0,-396.8547602412556,0.0,-1000.0,0.0,0.0,701.8686390877846,0.0,0.0,0.0,-710.8633759772821,0.0,0.0,0.0,0.0,0.0,0.0,278.25445239122223,-4.118469271747383,0.0,0.0,0.0,-4.118469271747383,0.0,-118.0023815741074,-278.25445239122223,0.0,0.0,-2.0592346358736915,0.0,-386.4507352625596,0.0,675.0013608331503,0.0,-728.5414613658663,304.3497289036431,-109.3750000000001,109.3750000000001,0.0,0.0,0.0,0.0,0.0,0.0,0.0,0.0,-402.3292050947389,0.0,0.0,-461.5459251651139,0.0,0.0,0.0,0.0,0.0,-87.70117219898111,0.0,109.3750000000001,225.39630341583327,0.0,0.0,0.0,0.0,-991.7630614565053,0.16473877086991706,0.0,0.0,0.0,0.0,0.0,0.0,0.0,0.0,0.0,0.0,0.0,0.0,0.0,0.0,0.0,0.0,0.0,0.0,0.0,0.09060632397982886,0.09060632397982886,51.409477045865415,224.12806909889977,0.0,49.421631260968596,0.0,29.81626957518594,0.0,553.2866135105922,0.0,0.0,0.0,0.0,0.0,1000.0,-553.2866135105922,0.0,0.0,987.4716478750782,0.0,0.0,225.39630341583327,0.0,0.0,0.0,0.0,0.0,0.0,0.0,268.77191097574035,60.28013924829958,587.045043488578,0.0,12.507186372316822,0.0,0.0,-62.62096497411096,-62.62096497411096,0.0,620.5281174655033,0.0,8.236938543494716,0.0,0.0,0.0,0.0,0.0,0.0,0.0,0.0,0.0,0.0,0.0,0.0,0.0,0.0,0.0,0.0,0.0,49.421631260968596,0.0,0.0,0.0,0.0,0.0,0.0,0.0,0.0,0.0,0.0,0.0,0.0,0.8236938543494766,0.0,51.409477045865415,0.0,0.0,51.409477045865415,0.0,0.0,0.0,304.3497289036431,-987.4716478750782,0.0,0.0,6.164743693825811,0.0,0.0,0.0,0.0,0.0,0.0,0.0,1000.0,0.0,24.710815630484298,24.710815630484298,560.27499322222,-553.2866135105922,0.0,225.39630341583327,0.0,0.0,0.0,0.0,0.0,-785.0637492647478,0.0,-713.6491590581136,0.08236938543495853,0.0,0.0,0.0,108.78054052191052,190.82346172645848,0.0,62.62096497411096,0.0,0.0,0.0,0.0,0.0,0.0,29.190144810345895,0.0,0.0,0.0,0.0,0.0,0.0,0.0,0.08236938543495853,0.0,0.0,0.0,-423.9824295751339,423.9824295751339,0.0,0.0,0.0,0.0,-331.3473854972419,701.8686390877846,0.0,-379.5159904800402,-603.1452397587444,-6.1777039076210745,-4.1184692717473865,0.0,0.0,0.0,0.0,0.0,0.0,0.0,0.0,0.0,0.0,0.0,0.0,0.0,0.0,0.0,0.0,-49.421631260968596,0.0,0.0,0.0,-0.08236938543495853,0.0,0.0,0.08236938543495853,0.0,0.08236938543495853,87.57043443103768,0.0,0.0,49.421631260968596,100.49065023063613,100.49065023063613,0.0,0.0,0.0,0.0,0.0,0.0,0.0,587.045043488578,0.0,0.0,0.0,0.0,0.0,0.0,0.0,0.0,0.0,0.0,0.0,0.0,0.0,0.0,0.0,0.0,0.0,0.0,0.0,0.0,0.0,-623.4758177600711,623.4758177600711,0.1235540781524215,0.0,0.0,0.0,-304.3497289036431,0.0,0.0,0.0,0.0,0.0,-224.12806909889977,4.118469271747383,0.0,0.0,0.0,0.0,-759.0839254243524,0.0,0.0,0.0,109.3750000000001,0.0,0.0,0.0,0.0,0.0,0.0,0.0,987.4716478750782,979.9901797201986,224.12806909889977,0.0,-429.42883359841153,190.82346172645848,0.0,-379.5159904800402,379.5159904800402,0.0,0.0,-1000.0,29.81626957518594,4.1184692717473865,644.5082580643594,0.0,0.0,-51.409477045865415,-87.70117219898111,0.0,0.0,607.9595522724396,-607.9595522724396,0.0,0.0,0.0,0.0,0.0,568.2893905487514,0.0,100.49065023063613,0.0,0.0,0.0,51.409477045865415,0.0,0.0,0.0,0.0,0.0,755.9304103446565,0.0,0.0,242.661180821763,-108.78054052191052,0.0,0.0,24.710815630484298,0.0,0.0,0.0,0.0,-442.6968364972117,0.0,0.0,0.09060632397982886,0.0,0.0,0.0,50.245325115318074,0.0,0.0,0.0,0.0,-100.36828906428411,0.0,0.0,0.0,0.0,0.0,0.0,0.0,0.0,-850.2704245774423,0.0,0.00823693854349461,0.00823693854349461,0.0,0.0,0.0,0.0,0.0,87.57043443103768,0.0,0.0,0.0,0.0,51.409477045865415,0.0,0.0,0.0,0.0,224.12806909889977,0.0,0.0,0.0,0.0,0.0,0.0,0.0,0.0,0.0,0.0,0.0,0.0,-999.7528918436951,0.0,629.7414292790494,0.0,0.0,0.0,49.421631260968596,0.0,0.0,0.0,0.0,0.0,0.0,-49.421631260968596,0.0,0.0,0.0,0.0,0.0,0.0,0.0,0.0,0.0,51.409477045865415,51.409477045865415,0.0,713.6491590581136,-1000.0,56.42302902293914,0.0,-304.3497289036431,0.0,602.8157622170046,0.0,0.0,0.0,0.0,0.0,0.0,0.0,0.0,0.0,210.9375,0.0,-210.9375,-210.9375,0.0,0.0,0.0,29.81626957518594,-10.296173179368461,0.0,-6.1777039076210745,-6.177703907621094,0.0,0.0,0.0,0.0,0.0,0.0,-1.029617317936846,87.70117219898111,0.0,0.0,0.0,0.0,0.0,0.0,0.0,1000.0,24.710815630484298,24.710815630484298,0.0,0.0,0.0,0.0,0.0,0.09060632397982886,224.12806909889977,0.0,0.0,-690.3861966480423,0.0,0.0,0.0,0.0,0.0,0.0,0.0,0.0,0.0,0.0,0.0,0.0,0.0,0.0,355.5231260955544,0.0,0.0,0.0,0.0,86.48785470669505,6.342442678491011,0.0,0.0,0.0,0.0,0.0,224.12806909889977,0.0,697.7501698160372,0.0,0.0,0.0,-10.296173179368461,0.0,0.0,0.0,0.0,0.0,0.0,0.0,0.0,0.0,0.0,0.0,0.0,0.0,0.0,0.0,0.0,0.0,0.0,-0.08236938543495853,0.0,0.0,4.118469271747383,-1000.0,0.0,0.0,0.0,0.0,0.0,0.0,0.0,0.0,7.0920040859503795,2.0592346358736915,0.0,0.0,0.0,0.08236938543495853,0.0,82.36938543494766,-25.534509484833777,16.473877086989532,0.5883527531067689,229.810585363504,-0.06177703907621075,4.118469271747383,1.6473877086989532,87.15858750386292,-229.810585363504,24.710815630484298,-0.08236938543494765,0.0,225.39630341583327,0.020592346358736916,0.588352753106769,0.0,-13.113206161244875,49.762089337166465,370.1350166427982,-0.08236938543494765,0.020592346358736916,-229.810585363504,420.5800852366966,0.08236938543494765,0.08236938543495853,-223.95509338948497,0.09060632397844226,-800.9395997300468,-0.06177703907621075,24.710815630484298,0.08236938543494765,304.3497289036431,238.45422055568494,-0.04118469271747383,186.02058397717465,-8.319307928929724,-0.06177703907621075,-0.08236938543494765,-25.534509484833777,0.08236938543495853,8.236938543494759,-1.6473877086989532,0.0,0.0,-8.236938543494773,-370.1350166427982,0.0,16.47387708698953,0.1235540781524215,-46.677276954912486,8.236938543494766,-268.77191097574035,225.39630341583327,-16.473877086989532,0.04118469271747383,0.8236938543494766,0.0,240.6019461858893,-0.08236938543495853,-242.661180821763,223.95509338948497,25.534509484833777,0.08236938543494765,13.113206161244875,-565.4290190724645,225.39630341583327,-0.08236938543495853,-0.020592346358736916,-225.39630341583327,-0.08236938543494765,-991.7630614565053,0.08236938543494765,-0.020592346358736916,-0.020592346358736916,-0.020592346358736916,32.947754173979064,-238.45422055568494,0.8236938543494766,61.02541843411865,-0.020592346358736916,0.0,4.118469271747383,500.0,0.08236938543495853,0.04118469271747383,0.041184692717473825,120.9350902514114,25.534509484833777,0.08236938543495853,-25.534509484833777,0.8236938543494766,0.08236938543494765,-61.02541843411865,0.08236938543494765,0.3294775417398341,-87.15858750386292,0.04118469271747383,0.020592346358736916,24.710815630484298,-0.08236938543494765,800.9395997300468,-24.881044668583232,-122.0508368682373,2.0592346358736915,-8.236938543494759,16.473877086989532,4.118469271747383,-0.08236938543494765,0.0,0.1235540781524215,-0.08236938543494765,-241.8701805028228,25.534509484833777,663.6593690980292,0.041184692717473825,-1000.0,-0.08236938543494765,-0.08236938543494765,-0.08236938543494765,0.041184692717473825,229.810585363504,-16.473877086989532,0.08236938543495853,0.0,-0.020592346358736916,-0.09060632397844226,0.0,12.355407815242147,8.319307928929724,-489.5874033464761,229.810585363504,-0.06177703907621075,242.661180821763,-240.6019461858893,0.08236938543494765,-0.020592346358736913,4.1184692717473865,82.36938543494766,-0.04118469271747383,-0.08236938543494765,0.020592346358736916,1000.0,0.0,-953.363907737805,0.0,-354.7082804545747,0.0,223.91969011461086,189.00309830834473,412.34314669320185,-1000.0,195.03186628129086,1000.0,-1000.0,500.0,177.35414022728736,-97.51593314064543,-412.34314669320185,-94.50154915417237,-224.12806909889977,-220.9625326008175,1000.0,-1000.0,-220.9625326008175,-223.91969011461086,390.5558853217903,0.0,1496.5981,bhi
499,0.0,0.0,0.0,0.0,0.0,0.0,0.0,0.0,211.59998871253023,0.0,0.0,0.0,0.0,0.0,0.0,0.0,-313.1182175715311,862.0996475125066,0.0,-174.11483147641155,0.0,0.0,0.0,0.0,0.0,0.0,0.0,0.0,0.0,778.8796640678352,0.0,0.0,0.0,0.0,0.0,0.0,0.0,999.847552805271,0.0,-1000.0,1000.0,0.0,0.0,0.0,0.0,0.0,0.0,0.0,89.80761583661786,-68.34579677975194,0.0,0.0,0.0,0.0419229785506839,0.0,0.0,0.0,7.622359736486051,0.0,0.0,182.72813084385942,0.0,0.0,-566.0637501558432,0.0,0.0,0.0,0.0,696.9305381191713,-176.4796969103079,0.0,0.3811179868243026,0.0,0.0,0.0,0.0,0.0,0.0,0.0,0.0,0.0,0.0,533.7235937538416,0.0,22.867079209458154,0.0,63.51278375207668,-268.954143218156,843.4123073652227,-686.8246147304453,-0.009527949670607563,0.0,0.0,0.0,11.433539604729077,0.0,169.0500241102153,0.0,0.0,0.0,533.7235937538416,1.905589934121513,778.8796640678352,0.0,0.0,0.0,0.0,0.0,0.0,0.0,0.0,0.0,0.0,0.0,0.0,0.0,0.0,0.0,0.0,0.0,0.0,0.0,0.0,0.0,-340.19965312462875,0.0,0.0,169.0500241102153,0.0,11.81465759155338,0.0,0.0,-1000.0,341.99529831641735,658.0047016835827,-658.0047016835827,0.0,0.0,0.0,-748.7918809997026,0.0,0.0,0.0,0.0,0.0,-467.27620150321775,0.038111798682430253,0.0,0.0,0.0,0.0,-520.2610514128797,0.0,0.0,0.0,0.0,420.67400954259375,0.0,0.0,0.0,0.0,0.0,990.3963489926531,990.3963489926531,0.0,0.0,0.0,0.0,-458.65962486587824,0.0,0.0,990.4344607913355,0.0,0.0,0.0,-1000.0,-619.3437520204142,0.0,0.0,0.0,0.0,0.0,0.0,0.0,0.0,0.0,-188.44490064622394,0.0,0.0,0.0,0.0,415.6884536375198,0.0,0.0,0.0,0.0,0.0,68.34579677975194,0.0,-156.58769263477734,156.58769263477734,0.0,0.0,0.0,0.0,0.0,0.0,0.0,0.0,-87.5270013762381,0.0,0.0,0.0,0.0,0.0,0.0,0.0,0.0,0.0,0.0,0.0,0.0,0.0,74.53484612418744,-306.877744608662,-555.5690623329219,0.0,0.0,0.0,748.7918809997026,0.0,0.0,0.0,0.0,0.0,182.72813084385942,-555.5690623329219,0.0,0.0,0.0,0.0,0.0,0.0,0.0,0.0,3.738498134386222,0.0,157.61648450548623,0.0,-1000.0,0.0,-335.7342200163155,0.0,555.5690623329219,0.0,0.0,748.7918809997026,627.1590685109376,0.0,0.0,0.0,-251.0218212632734,0.0,0.0,-917.6953551549819,0.0,0.0,-917.6953551549819,0.0,0.0,686.8246147304453,0.0,710.5436507828558,68.34579677975194,0.0,106.33191832398042,0.0,0.0,0.0,-1000.0,0.0,1000.0,0.0,799.8198859377407,0.0,748.7918809997026,0.0,0.0,0.0,0.0,182.72813084385942,-0.05716769802364538,0.0,0.0,0.0,0.0,0.038111798682430253,0.0,0.0,0.0,-588.4769758821213,-313.1182175715311,0.0,0.0,-1000.0,619.3437520204142,1000.0,0.0,171.9352525253108,0.0,0.0,0.0,0.0,0.0,735.8028156795675,-328.4108103995227,-579.3272578053557,-1000.0,-1000.0,0.0,0.0,0.0,0.0,0.0,0.0,0.0,0.0,0.0,0.0,0.0,0.0,0.0,0.0,0.0,0.0,0.0,0.0,0.0,-1000.0,0.0,0.0,2.5112982168149074,0.0,0.0,0.0,997.4887017831851,0.0,0.0,0.0,775.179083964333,0.0,0.0,0.0,-1.9055899341215128,0.0,-368.5197277196486,1000.0,-381.45252429429945,13.746395369005574,-1000.0,0.0,0.0,1000.0,-0.9527949670607564,379.54693436017794,0.0,0.0,-1000.0,178.71476627620902,-1.9055899341215128,169.0500241102153,-234.37500000000023,234.37500000000023,0.0,0.0,0.0,211.63810051121266,484.26805092381056,409.733204799623,-409.733204799623,-409.733204799623,-941.3510517746402,0.0,0.0,0.0,0.0,0.0,0.0,0.0,0.0,-256.31005180783035,0.0,0.0,169.0500241102153,0.0,0.0,0.0,0.0,-996.188820131757,0.07622359736487243,0.0,0.0,0.0,0.0,0.0,0.0,0.0,0.0,0.0,516.2516314004671,0.0,0.0,0.0,0.0,0.0,0.0,0.0,0.0,0.0,0.0419229785506839,0.0419229785506839,0.0,287.43264453261463,0.0,22.867079209458154,0.0,0.0,0.0,1000.0,0.0,0.0,63.51278375207668,0.0,0.0,-244.1041171169662,-1000.0,0.0,0.0,0.0,0.0,0.0,169.0500241102153,0.0,0.0,0.0,0.0,0.0,0.0,0.0,113.39988437487625,588.4769758821213,520.2610514128797,0.0,66.44739225062382,0.0,0.0,0.0,0.0,0.0,-244.1041171169662,0.0,-1000.0,-240.29293724872318,0.0,0.0,74.53484612418744,0.0,0.0,0.0,0.0,0.0,0.0,0.0,0.0,0.0,0.0,0.0,0.0,0.0,22.867079209458154,748.7918809997026,748.7918809997026,0.0,0.0,0.0,0.0,0.0,0.0,0.0,0.0,0.0,0.0,0.3811179868243026,0.0,0.0,63.51278375207668,-63.51278375207668,0.0,0.0,0.0,0.0,169.0500241102153,0.0,0.0,0.0,0.0,0.0,0.0,0.0,0.0,0.0,0.0,1000.0,0.0,0.0,11.433539604729077,11.433539604729077,1000.0,-1000.0,0.0,169.0500241102153,0.0,0.0,0.0,0.0,0.0,221.1203359321649,0.0,540.9643514587207,0.038111798682430253,0.0,0.0,0.0,50.33207470281807,546.1866262421163,0.0,0.0,0.0,0.0,0.0,0.0,0.0,0.0,0.0,0.0,0.0,0.0,0.0,0.0,0.0,0.0,0.038111798682430253,0.0,0.0,0.0,0.0,0.0,0.0,0.0,0.0,0.0,0.0,1000.0,0.0,0.0,-1000.0,-2.8583849011822693,0.0,-1.9055899341215128,0.0,851.515625,851.515625,-851.515625,0.0,0.0,0.0,0.0,0.0,0.0,0.0,748.7918809997026,619.3437520204142,0.0,0.0,-1000.0,0.0,0.0,0.0,211.59998871253023,0.0,0.0,0.038111798682430253,0.0,0.038111798682430253,0.0,4.19920980839629,0.0,22.867079209458154,46.49639439256491,46.49639439256491,0.0,0.0,0.0,0.0,0.0,0.0,0.0,520.2610514128797,0.0,0.0,0.0,0.0,368.95352802345445,370.13071352267036,0.0,0.0,0.0,0.0,0.0,0.0,0.0,0.0,0.0,0.0,0.0,0.0,0.0,0.0,0.0,0.0,0.0,0.05716769802364538,0.0,0.0,0.0,-169.0500241102153,0.0,0.0,0.0,0.0,0.0,-287.43264453261463,1.905589934121513,0.0,0.0,0.0,0.0,458.65962486587824,-997.4887017831851,-1.9055899341215128,0.0,0.0,0.0,0.0,0.0,0.0,0.0,748.7918809997026,0.0,0.0,809.6481232624485,212.8977984084272,0.0,917.2369734590657,546.1866262421163,0.0,0.0,0.0,0.0,0.0,580.6626741183727,0.0,1.9055899341215128,1000.0,0.0,0.0,0.0,-383.3356193119837,0.0,0.0,0.0,0.0,0.0,-533.9509984143534,0.0,0.0,0.0,446.5022741989169,-263.7741433550575,46.49639439256491,0.0,0.0,0.0,0.0,0.0,0.0,0.0,0.0,0.0,3.738498134386222,0.0,0.0,32.23365588110394,-566.5837061032852,-1000.0,0.0,11.433539604729077,63.51278375207668,0.0,0.0,0.0,-344.4869853603792,0.0,0.0,0.0419229785506839,0.0,0.0,0.0,23.248197196282455,0.0,0.0,0.0,0.0,-306.877744608662,0.0,0.0,0.0,0.0,0.0,0.0,0.0,0.0,-108.19378184746944,0.0,0.0038111798682430257,0.0038111798682430257,0.0,0.0,0.0,0.0,0.0,0.0,0.0,0.0,0.0,0.0,0.0,0.0,0.0,0.0,0.0,287.43264453261463,0.0,0.0,0.0,0.0,0.0,0.0,0.0,68.34579677975194,0.0,0.0,0.0,127.02556750415336,0.0,0.0,862.0996475125066,0.0,0.0,0.0,22.867079209458154,0.0,0.0,0.0,0.0,0.0,0.0,-22.867079209458154,0.0,127.02556750415336,0.0,0.0,0.0,0.0,0.0,0.0,0.0,0.0,0.0,0.0,-540.9643514587207,0.0,765.1908236435895,0.0,-169.0500241102153,0.0,999.847552805271,0.0,0.0,0.0,0.0,0.0,0.0,0.0,0.0,0.0,0.0,0.0,0.0,0.0,0.0,0.0,0.0,0.0,-4.763974835303782,748.7918809997026,-2.8583849011822693,1000.0,0.0,0.0,0.0,0.0,0.0,-610.4659922096215,609.9895947260911,256.31005180783035,0.0,0.0,0.0,0.0,0.0,0.0,0.0,1000.0,11.433539604729077,11.433539604729077,0.0,0.0,0.0,0.0,0.0,0.0419229785506839,287.43264453261463,0.0,0.0,-999.847552805271,0.0,0.0,0.0,0.0,0.0,0.0,0.0,0.0,0.0,0.0,0.0,0.0,0.0,0.0,2.099604904198145,0.0,0.0,0.0,0.0,40.01738861655177,66.44739225062382,0.0,0.0,0.0,0.0,0.0,287.43264453261463,0.0,1000.0,0.0,0.0,0.0,-4.763974835303782,0.0,0.0,0.0,0.0,0.0,0.0,0.0,0.0,0.0,0.0,0.0,0.0,0.0,0.0,0.0,0.0,0.0,0.0,-0.038111798682430253,0.0,0.0,1.905589934121513,244.1041171169662,0.0,0.0,0.0,0.0,748.7918809997026,0.0,0.0,0.0,-735.8028156795675,0.9527949670607564,0.0,0.0,0.0,0.038111798682430253,0.0,38.111798682430255,-11.81465759155338,7.622359736486051,0.2722271334459304,106.33191832398042,-0.02858384901182269,1.9055899341215128,0.7622359736486052,-0.19055899341140048,-106.33191832398042,11.433539604729077,-0.038111798682430253,0.0,169.0500241102153,0.009527949670607563,0.2722271334459304,0.0,-69.58018210231648,-0.7622359736486052,-374.86659846456394,-0.038111798682430253,0.009527949670607563,-106.33191832398042,3.8111798682430256,0.038111798682430253,0.038111798682430253,-287.3526097553815,-63.470860773526006,-450.0021938896407,-0.02858384901182269,11.433539604729077,0.038111798682430253,169.0500241102153,138.5605851642711,-0.019055899341215127,29.328184347046946,-3.8492916669254558,-0.02858384901182269,-0.038111798682430253,-11.81465759155338,0.038111798682430253,3.8111798682430162,-0.7622359736486052,0.0,0.0,-3.8111798682430256,374.86659846456394,0.0,7.622359736486051,0.05716769802364538,-1000.0,3.8111798682430256,-113.39988437487625,169.0500241102153,-7.622359736486051,0.019055899341215127,0.3811179868243026,0.0,220.52015814491327,-0.038111798682430253,-296.0077992361614,287.3526097553815,11.81465759155338,0.038111798682430253,69.58018210231648,-34.3006188141874,169.0500241102153,-0.038111798682430253,-0.009527949670607563,-169.0500241102153,-0.038111798682430253,-996.188820131757,0.038111798682430253,-0.009527949670607563,-0.009527949670607563,-0.009527949670607563,15.244719472972102,-138.5605851642711,0.3811179868243026,28.23607884884177,-0.009527949670607563,0.0,1.9055899341215128,500.0,0.038111798682430253,0.019055899341215127,0.019055899341215127,-286.0597485765006,11.81465759155338,0.038111798682430253,-11.81465759155338,0.3811179868243026,0.038111798682430253,-28.23607884884177,0.038111798682430253,0.15244719472897827,0.19055899341140048,0.019055899341215127,0.009527949670607563,11.433539604729077,-0.038111798682430253,450.0021938896407,0.3811179868243026,-56.47215769768354,0.9527949670607565,-3.8111798682430162,7.622359736486051,1.9055899341215128,-0.038111798682430253,0.0,0.05716769802364538,-0.038111798682430253,572.1194971530012,11.81465759155338,638.2615536289983,0.019055899341215127,-1000.0,-0.038111798682430253,-0.038111798682430253,-0.038111798682430253,0.019055899341215127,106.33191832398042,-7.622359736486051,0.038111798682430253,0.0,-0.009527949670607563,63.470860773526006,0.0,5.716769802364538,3.8492916669254558,743.1952371664277,106.33191832398042,-0.02858384901182269,296.0077992361614,-220.52015814491327,0.038111798682430253,-0.009527949670607562,777.0846738984545,38.111798682430255,-0.019055899341215127,-0.038111798682430253,0.009527949670607563,1000.0,0.0,999.9809441006588,0.0,-667.2190406178348,0.0,-131.99313644461242,545.3443554912346,0.0,968.2254501492571,387.54206579603783,-404.59828178267196,0.0,-484.11272507462854,333.6095203089174,-193.77103289801892,0.0,-272.6721777456173,-287.43264453261463,-293.7745682686191,0.0,404.59828178267196,-293.7745682686191,131.99313644461242,-50.751848749334016,0.0,1496.5981,bhi
0,0.0,0.0,0.0,0.0,0.0,0.0,0.0,0.0,498.9197294451204,0.0,0.0,0.0,0.0,0.0,0.0,0.0,-130.91368363100787,430.9136836310079,0.0,0.0,0.0,0.0,0.0,218.67353293072708,0.0,436.384925060042,0.0,0.0,0.0,-758.9743580381428,0.0,0.0,133.98915667085498,0.0,0.0,0.0,0.0,218.5788191743993,0.0,-1000.0,1000.0,0.0,0.0,0.0,0.0,0.0,0.0,0.0,0.0,0.0,0.0,0.0,0.0,0.0780351372706786,0.0,0.0,0.0,0.0,0.0,0.0,-61.442291115005744,0.0,-807.7256485111772,-1000.0,500.00000000000284,0.0,0.0,0.0,441.84431115109794,-428.8725525896732,0.0,0.7094103388237131,0.0,0.0,0.0,0.0,0.0,0.0,0.0,0.0,0.0,0.0,0.0,0.0,42.56462032942277,0.0,98.8054375223691,84.54315818449606,332.7493830367744,0.0,-0.01773525847059283,0.0,0.0,-504.38807250156646,21.282310164711387,0.0,58.150781645501944,0.0,0.0,0.0,0.0,3.547051694118564,-1000.0,0.0,0.0,-35.6682760456615,337.09410338818367,0.0,0.0,0.0,0.0,0.0,0.0,0.0,0.0,0.0,0.0,0.0,0.0,0.0,0.0,0.0,0.0,0.0,-1000.0,0.0,0.0,58.150781645501944,0.0,21.991720503535102,0.0,0.0,5.115910901762242e-12,1000.0,-1000.0,1000.0,0.0,-1.1368683772161603e-13,0.0,-130.83206037381703,0.0,0.0,0.0,0.0,0.0,104.2678971313117,0.07094103388237132,0.0,0.0,0.0,-1000.0,327.1805596339432,0.0,0.0,0.0,0.0,167.37657339118766,0.0,0.0,0.0,0.0,0.0,-37.874182550898965,-37.874182550898965,0.0,0.0,0.0,0.0,0.0,0.0,0.0,-37.803241517016595,0.0,0.0,0.0,-10.967343218685755,-1000.0,0.0,0.0,0.0,0.0,0.0,0.0,0.0,0.0,0.0,-274.6136456996073,0.0,0.0,0.0,0.0,-619.0704642157979,0.0,0.0,0.0,0.0,0.0,0.0,0.0,-84.54315818449606,84.54315818449606,0.0,0.0,0.0,0.0,0.0,0.0,0.0,241.0256419618573,-900.9796095289199,0.0,0.0,0.0,0.0,0.0,0.0,0.0,0.0,0.0,0.0,0.0,0.0,0.0,0.0,300.97022201161207,889.8880416691507,0.0,0.0,0.0,117.86030181239234,63.94048011951432,0.0,0.0,0.0,0.0,-61.442291115005744,889.8880416691507,0.0,0.0,0.0,0.0,0.0,0.0,0.0,0.0,2.284301291015998,14.188206776474257,36.868471480790554,0.0,-417.29254122127054,0.0,0.0,0.0,-889.8880416691505,0.0,0.0,130.83206037381703,-344.36562229451494,0.0,0.0,0.0,-220.67590039816457,0.0,0.0,73.42413091427355,-1000.0,1000.0,73.4241309142733,1000.0,1000.0,248.20622485227838,0.0,261.82736726201574,0.0,0.0,133.98500441230163,0.0,0.0,0.0,0.0,0.0,-1.1368683772161603e-13,0.0,-334.3614361518887,12.971758561424721,117.86030181239234,0.0,0.0,0.0,0.0,-61.442291115005744,-0.10641155082355691,0.0,0.0,0.0,0.0,0.07094103388237132,0.0,0.0,0.0,494.69490115976566,-130.91368363100787,0.0,-359.6561481882527,418.88371159989015,1000.0,885.240742818569,0.0,666.0496724701316,0.0,-35.6682760456615,0.0,0.0,0.0,-6.108023017272238,-1000.0,340.0583505471408,2.741095294876846e-16,0.0,0.0,0.0,0.0,0.0,0.0,0.0,0.0,0.0,0.0,0.0,0.0,0.0,0.0,0.0,0.0,0.0,0.0,-781.1374166900705,0.0,-1000.0,0.0,0.0,0.0,996.4529483058753,0.0,0.0,-106.55219842232768,0.0,0.0,0.0,0.0,0.0,-441.84431115109794,1000.0,0.0,-1000.0,1000.0,-1000.0,-3.547051694118636,-435.58045266975375,0.0,-1000.0,-501.7735258470563,1000.0,998.2264741529407,0.0,1000.0,0.0,-53.7783922478936,-825.6752311602722,0.0,58.150781645501944,0.0,0.0,0.0,0.0,0.0,498.99067047900274,0.0,0.0,0.0,0.0,245.2548397038703,0.0,0.0,0.0,0.0,0.0,241.0256419618573,0.0,0.0,-56.10576755909033,0.0,0.0,172.91003882693317,0.0,0.0,0.0,0.0,-92.90589661176287,0.14188206776466397,0.0,0.0,0.0,0.0,0.0,0.0,0.0,0.0,0.0,0.0,0.0,0.0,0.0,0.0,0.0,0.0,0.0,0.0,0.0,0.0780351372706786,0.0780351372706786,0.0,150.74639626558337,0.0,42.56462032942277,0.0,0.0,0.0,1000.0,0.0,0.0,98.8054375223691,0.0,0.0,564.8768174049222,-1000.0,0.0,0.0,0.0,0.0,0.0,172.91003882693317,0.0,0.0,0.0,0.0,0.0,0.0,0.0,333.3333333333333,-494.69490115976566,335.72533697787304,0.0,228.73370780072355,0.0,-568.3285526210808,63.94048011951432,0.0,0.0,564.8768174049222,0.0,1000.0,-528.0290792068406,0.0,0.0,0.0,0.0,0.0,0.0,0.0,0.0,0.0,0.0,0.0,0.0,0.0,0.0,0.0,0.0,42.56462032942277,130.83206037381703,130.83206037381703,0.0,0.0,0.0,0.0,0.0,0.0,0.0,0.0,0.0,0.0,0.7094103388237131,0.0,0.0,98.8054375223691,-98.8054375223691,0.0,0.0,0.0,0.0,58.150781645501944,0.0,0.0,0.0,124.46581066941185,0.0,0.0,0.0,0.0,0.0,0.0,0.0,-226.82986051981652,0.0,21.282310164711387,21.282310164711387,1000.0,-1000.0,0.0,172.91003882693317,0.0,0.0,0.0,0.0,0.0,19.462978640163083,241.0256419618573,0.0,0.07094103388237132,0.0,0.0,0.0,93.68776967508308,31.22522956531692,0.0,504.38807250156646,0.0,-12.971758561424721,0.0,0.0,0.0,0.0,0.0,0.0,0.0,0.0,0.0,0.0,0.0,0.0,0.07094103388237132,0.0,0.0,0.0,-1000.0,1000.0,0.0,0.0,0.0,0.0,0.0,393.4478015776724,0.0,-500.00000000000006,-218.8625833099295,-5.3205775411778475,-3.547051694118564,0.0,0.0,0.0,0.0,0.0,0.0,0.0,0.0,0.0,0.0,0.0,0.0,130.83206037381703,1000.0,0.0,0.0,-50.231340553775034,0.0,0.0,0.0,498.9197294451204,0.0,0.0,0.07094103388237132,0.0,0.07094103388237132,0.0,0.0,0.0,42.56462032942277,86.54806133649298,86.54806133649298,0.0,0.0,0.0,0.0,0.0,0.0,0.0,335.72533697787304,0.0,241.0256419618573,0.0,0.0,0.0,0.0,0.0,0.0,0.0,0.0,0.0,0.0,0.0,0.0,0.0,0.0,0.0,0.0,0.0,63.94048011951432,0.0,-436.384925060042,436.384925060042,0.10641155082355691,0.0,0.0,0.0,-58.150781645501944,0.0,0.0,0.0,0.0,0.0,-150.74639626558337,3.547051694118564,0.0,0.0,0.0,0.0,0.0,0.0,0.0,0.0,0.0,0.0,0.0,0.0,0.0,0.0,130.83206037381703,0.0,0.0,0.0,150.74639626558337,0.0,107.88801970637647,-4.443046480344534,0.0,-106.55219842232768,500.00000000000006,-393.4478015776724,0.0,-430.9136836310079,0.0,3.547051694118564,1000.0,0.0,0.0,0.0,-253.71664260382855,0.0,0.0,0.0,0.0,0.0,0.0,0.0,0.0,0.0,430.6806195063685,-166.70812888911678,86.54806133649298,0.0,0.0,0.0,0.0,0.0,0.0,0.0,0.0,0.0,2.284301291015998,0.0,0.0,0.0,-93.68776967508302,274.57642461708394,0.0,21.282310164711387,98.8054375223691,0.0,0.0,0.0,-175.8674910344257,0.0,0.0,0.0780351372706786,0.0,0.0,0.0,43.27403066824649,0.0,0.0,0.0,0.0,300.97022201161207,0.0,337.09410338818367,0.0,0.0,0.0,0.0,0.0,0.0,0.0,0.0,0.007094103388237333,0.007094103388237333,0.0,0.0,0.0,0.0,0.0,0.0,0.0,0.0,0.0,0.0,0.0,0.0,0.0,0.0,0.0,150.74639626558337,0.0,0.0,0.0,0.0,0.0,0.0,0.0,0.0,0.0,0.0,0.0,197.6108750447382,0.0,0.0,430.9136836310079,0.0,0.0,0.0,42.56462032942277,0.0,0.0,0.0,0.0,0.0,0.0,-42.56462032942277,0.0,197.6108750447382,0.0,0.0,0.0,0.0,0.0,0.0,0.0,0.0,0.0,0.0,1000.0,-980.5370213598369,48.594608209424344,-58.150781645501944,0.0,0.0,218.5788191743993,0.0,0.0,0.0,0.0,0.0,0.0,0.0,0.0,0.0,0.0,0.0,0.0,0.0,0.0,0.0,0.0,0.0,-8.86762923529641,130.83206037381703,-5.3205775411778475,161.38755134793902,0.0,0.0,0.0,0.0,0.0,-0.8867629235296413,0.0,56.10576755909033,0.0,0.0,0.0,0.0,0.0,0.0,0.0,1000.0,21.282310164711387,21.282310164711387,0.0,0.0,0.0,0.0,0.0,0.0780351372706786,150.74639626558337,0.0,0.0,-218.5788191743993,0.0,0.0,0.0,0.0,0.0,0.0,0.0,0.0,0.0,0.0,0.0,0.0,0.0,0.0,0.0,0.0,0.0,0.0,0.0,74.48808557648985,0.0,0.0,104.2678971313117,0.0,0.0,0.0,150.74639626558337,0.0,-3.547051694118564,0.0,0.0,0.0,-8.86762923529641,0.0,0.0,0.0,0.0,0.0,0.0,0.0,0.0,0.0,0.0,0.0,0.0,0.0,0.0,0.0,0.0,0.0,0.0,-0.07094103388237132,0.0,0.0,3.547051694118564,-564.8768174049222,0.0,0.0,0.0,0.0,130.83206037381703,0.0,0.0,0.0,6.108023017272238,1.773525847059282,0.0,0.0,436.384925060042,0.07094103388237132,0.0,70.94103388237129,-21.991720503535102,14.188206776474257,0.5067216705883664,197.92548453181593,-0.053205775411778455,501.7735258470563,1.418820677647426,-0.3547051694125801,-197.92548453181593,21.282310164711387,-0.07094103388237132,11.88942534855383,172.91003882693317,0.01773525847059283,0.5067216705883664,-35.6682760456615,-110.09925011644626,-1.418820677647426,-300.0,-0.07094103388237129,0.01773525847059283,-197.92548453181593,7.094103388237128,0.07094103388237132,0.07094103388237132,-150.5974200944303,-98.72740238509849,-124.33327162597789,-0.053205775411778455,21.282310164711387,0.07094103388237132,58.150781645501944,1.3979545396049102,-0.03547051694118566,28.29325032611324,-71.10552454163381,-0.053205775411778455,-0.07094103388237132,-21.991720503535102,0.07094103388237132,7.094103388237128,-1.418820677647426,63.94048011951432,63.94048011951432,-7.094103388237128,300.0,-63.94048011951432,14.188206776474257,0.10641155082355691,-1000.0,7.094103388237128,-333.3333333333333,172.91003882693317,-14.188206776474257,0.03547051694118566,0.7094103388237131,89.91403704706318,164.93460304205757,-0.07094103388237132,-166.70812888911678,150.5974200944303,21.991720503535102,0.07094103388237132,110.09925011644626,50.91232668729727,172.91003882693317,-0.07094103388237132,-0.01773525847059283,-172.91003882693317,-0.07094103388237132,-429.99999999994657,0.0709410338826129,-0.01773525847059283,-0.01773525847059283,-0.01773525847059283,28.376413552948513,-1.3979545396049102,0.7094103388237131,195.69466149732466,-0.01773525847059283,167.9386487455725,3.547051694118564,50.0,0.07094103388237132,0.03547051694118566,0.03547051694118566,28.13309261479518,21.991720503535102,0.07094103388237132,-21.991720503535102,0.7094103388237131,0.07094103388237132,-481.96710753676365,0.07094103388237132,0.28376413553020885,0.3547051694125801,0.03547051694118566,0.01773525847059283,21.282310164711387,-0.07094103388237132,124.33327162597789,0.709410338823713,-391.3893229946493,499.999999999997,-7.094103388237128,14.188206776474257,3.547051694118564,-0.07094103388237132,35.6682760456615,0.10641155082355691,-0.07094103388237132,-56.26618522959036,21.991720503535102,364.4577041938428,0.03547051694118566,-100.0,-0.07094103388237132,-0.0709410338826129,-0.07094103388237132,0.03547051694118566,197.92548453181593,-14.188206776474257,0.07094103388237132,179.82807409412635,-0.01773525847059283,98.72740238509849,-179.82807409412635,10.641155082355693,71.10552454163381,672.4358120401765,197.92548453181593,-0.053205775411778455,166.70812888911678,-164.93460304205763,0.07094103388237129,-0.017735258470592832,3.547051694118564,70.94103388237129,-0.03547051694118566,-0.07094103388237132,0.01773525847059283,0.0,0.0,751.7583046307806,286.272446039439,-255.0,0.0,274.4677687987967,-140.0,0.0,-80.0,-255.0,213.6491104950223,-248.20622485227835,40.0,127.5,127.5,0.0,70.0,-150.74639626558337,-188.590213159417,248.20622485227838,-213.6491104950223,-188.590213159417,-274.4677687987967,108.23066936163114,0.0,1496.5981,hplb
1,0.0,0.0,0.0,0.0,0.0,0.0,0.0,0.0,410.7551300870165,0.0,0.0,0.0,0.0,0.0,0.0,0.0,435.6740718681271,0.0,0.0,-139.06211687033215,0.0,0.0,0.0,0.0,0.0,0.0,0.0,0.0,0.0,-549.7738932511622,0.0,0.0,48.77846693043,0.0,0.0,0.0,0.0,0.0,0.0,-1000.0,-77.74403961083756,0.0,0.0,0.0,0.0,0.0,0.0,0.0,169.15580054846012,0.0,0.0,0.0,0.0,0.1125826000997315,0.0,0.0,0.0,20.469563654478236,0.0,0.0,2.2559852745569344,0.0,158.84093030709278,0.0,0.0,0.0,0.0,0.0,335.75840255881104,-335.75840255881104,0.0,1.023478182723912,0.0,0.0,0.0,0.0,0.0,0.0,0.0,0.0,0.0,0.0,0.0,0.0,61.40869096343471,0.0,42.42955539013793,113.0839243811806,-93.65716264422008,375.8968875738608,499.4118895650172,0.0,0.0,0.0,30.704345481717354,0.0,89.86797964434011,-3.295599748370364,0.0,0.0,0.0,497.68321437919394,-1000.0,0.0,0.0,-42.16438574708576,0.0,0.0,0.0,0.0,0.0,0.0,0.0,0.0,0.0,0.0,0.0,0.0,0.0,0.0,0.0,0.0,0.0,0.0,-585.8098107161941,0.0,0.0,89.86797964434011,0.0,31.727823664441264,0.0,0.0,-499.99999999999744,499.99999999999744,0.0,0.0,-161.09691558164968,0.0,0.0,0.0,0.0,0.0,0.0,0.0,0.0,50.31033739711205,0.10234781827239117,499.4374765195853,0.0,0.0,0.0,0.0,0.0,0.0,0.0,0.0,502.01341824062285,0.0,0.0,0.0,0.0,0.0,445.1527316021598,445.1527316021598,0.0,0.0,0.0,0.0,0.0,0.0,0.0,445.2550794204322,0.0,0.0,0.0,494.5163283906571,0.0,0.0,0.0,0.0,0.0,0.0,0.0,0.0,0.0,0.0,-68.32788668561727,0.0,0.0,0.0,0.0,-1000.0,0.0,0.0,0.0,0.0,0.0,0.0,0.0,-282.2397249296407,282.2397249296407,161.09691558164968,0.0,0.0,0.0,0.0,0.0,0.0,450.2261067488377,-708.2630409385272,0.0,0.0,0.0,0.0,0.0,0.0,0.0,0.0,0.0,0.0,0.0,0.0,0.0,21.09672416295581,32.9064826384552,-55.05597916542499,0.0,0.0,0.0,0.0,40.86433442316044,0.0,0.0,0.0,0.0,2.2559852745569344,-55.055979165425015,0.0,0.0,0.0,0.0,0.0,0.0,0.0,0.0,0.0,0.0,59.163634162622756,0.0,811.4174377145794,1000.0,0.0,0.0,55.05597916542499,0.0,0.0,161.09691558164968,986.2593364868078,0.0,0.0,0.0,-310.3417572149234,0.0,0.0,-899.7909366715992,0.0,0.0,-899.7909366715992,0.0,0.0,-375.8968875738608,0.0,-703.5415667296136,0.0,0.0,83.58916297516126,0.0,0.0,0.0,0.0,0.0,0.0,0.0,385.5546823038005,0.0,0.0,-548.4661766808027,0.0,0.0,0.0,2.2559852745569344,-0.15352172740858677,0.0,0.0,0.0,0.0,0.10234781827239117,0.0,0.0,0.0,708.1707703508497,435.6740718681271,0.0,-727.5492428262954,357.4394061936686,0.0,12.12394003350255,0.0,97.61926039710677,0.0,-42.16438574708576,0.0,0.0,0.0,-8.81214715325298,-88.80711324385379,0.0,-1000.0,-1000.0,0.0,0.0,0.0,0.0,0.0,0.0,0.0,0.0,0.0,0.0,0.0,0.0,0.0,0.0,0.0,0.0,0.0,-999.5906087269104,0.0,-1000.0,0.0,0.0,0.0,1000.0,0.0,0.0,-50.31033739711205,0.0,0.0,0.0,0.0,492.5658234655744,0.0,0.0,0.0,0.0,-246.95128931495725,0.0,0.0,0.0,-137.81133730377474,0.0,-884.0261653532914,1000.0,-2.5586954568097795,-5.117390913619559,0.0,0.0,138.653541038678,0.0,84.83562335901617,89.86797964434011,0.0,0.0,0.0,283.21394077171004,0.0,410.8574779052889,0.0,-21.09672416295581,21.09672416295581,21.09672416295581,-6.51911867910252,0.0,0.0,-67.79296469032693,0.0,0.0,450.2261067488377,0.0,0.0,-71.72583425225999,0.0,0.0,0.0,0.0,0.0,0.0,0.0,-56.96149700588491,0.20469563654485068,0.0,0.0,0.0,0.0,0.0,0.0,0.0,0.0,0.0,0.0,0.0,0.0,0.0,0.0,0.0,0.0,0.0,0.0,0.0,0.1125826000997315,0.1125826000997315,0.0,280.6271605084776,0.0,61.40869096343471,0.0,0.0,0.0,1000.0,0.0,256.03068049523887,42.42955539013793,0.0,0.0,567.2899647005138,-1000.0,0.0,0.0,0.0,0.0,0.0,0.0,0.0,0.0,0.0,0.0,0.0,0.0,0.0,195.26993690539803,-708.1707703508497,0.0,132.62586270688465,50.31033739711205,0.0,215.83572368945954,-215.83572368945954,-417.7969736942697,0.0,567.2899647005138,0.0,0.0,510.3284676946289,0.0,0.0,21.09672416295581,0.0,0.0,0.0,0.0,0.0,0.0,0.0,0.0,0.0,0.0,0.0,0.0,0.0,61.40869096343471,161.09691558164968,161.09691558164968,0.0,0.0,0.0,0.0,0.0,0.0,0.0,0.0,0.0,0.0,1.023478182723912,0.0,0.0,42.42955539013793,-42.42955539013793,0.0,0.0,0.0,0.0,89.86797964434011,0.0,0.0,0.0,0.0,132.62586270688465,0.0,0.0,0.0,0.0,0.0,996.6988139505917,386.5850697400881,0.0,30.704345481717354,30.704345481717354,1000.0,-1000.0,0.0,0.0,0.0,0.0,0.0,0.0,0.0,1000.0,450.2261067488377,861.3949981944905,0.10234781827239117,0.0,0.0,-500.00000000000006,635.1649151455887,0.0,0.0,0.0,0.0,0.0,0.0,0.0,0.0,0.0,0.0,0.0,0.0,0.0,0.0,0.0,0.0,0.0,0.10234781827239117,0.0,0.0,0.0,0.0,0.0,0.0,0.0,0.0,0.0,-550.3103373971121,500.00000000000006,0.0,0.0,-0.40939127308956813,-7.6760863704294025,-5.117390913619602,0.0,0.0,0.0,0.0,0.0,0.0,0.0,0.0,0.0,0.0,0.0,0.0,161.09691558164968,0.0,0.0,0.0,228.6065553113137,0.0,0.0,0.0,410.7551300870165,0.0,0.0,0.10234781827239117,0.0,0.10234781827239117,0.0,0.0,0.0,61.40869096343471,124.86433829231723,124.86433829231723,0.0,0.0,0.0,0.0,0.0,0.0,0.0,0.0,0.0,450.2261067488377,0.0,0.0,0.0,0.0,0.0,0.0,0.0,0.0,0.0,0.0,0.0,0.0,0.0,0.0,0.0,0.0,0.0,201.96125000481013,0.0,0.0,0.0,0.15352172740858677,0.0,0.0,0.0,-89.86797964434011,0.0,0.0,0.0,0.0,0.0,-280.6271605084776,5.117390913619559,0.0,0.0,0.0,0.0,0.0,-500.00000000000006,0.0,0.0,0.0,0.0,0.0,0.0,0.0,0.0,161.09691558164968,0.0,0.0,842.4195492675219,259.53043634552176,0.0,304.53043634552176,-42.16438574708576,0.0,0.0,0.0,0.0,0.0,861.3949981944905,0.0,5.117390913619602,1000.0,0.0,161.98297068921008,0.0,-156.58494503253584,0.0,0.0,-500.00000000000045,500.00000000000045,0.0,0.0,0.0,0.0,0.0,356.63113356452413,-303.65541961976555,124.86433829231723,0.0,0.0,0.0,0.0,0.0,0.0,0.0,0.0,0.0,0.0,0.0,0.0,0.0,-135.16491514558862,-761.09954841241,0.0,30.704345481717354,42.42955539013793,0.0,0.0,0.0,234.468691483512,0.0,0.0,0.1125826000997315,0.0,0.0,0.0,62.432169146158614,0.0,0.0,0.0,0.0,32.9064826384552,0.0,0.0,0.0,0.0,0.0,0.0,0.0,0.0,0.0,0.0,499.4310383766265,0.010234781827239409,0.0,0.0,0.0,0.0,0.0,0.0,0.0,0.0,0.0,-500.00000000000006,0.0,0.0,0.0,0.0,0.0,280.6271605084776,0.0,0.0,0.0,0.0,0.0,0.0,0.0,0.0,0.0,0.0,0.0,84.85911078027586,0.0,197.90026068476865,0.0,0.0,0.0,0.0,61.40869096343471,0.0,0.0,0.0,0.0,0.0,0.0,-61.40869096343471,0.0,84.85911078027586,0.0,0.0,0.0,0.0,0.0,0.0,0.0,0.0,0.0,0.0,-861.3949981944905,-1000.0,70.10825551658796,0.0,-89.86797964434011,0.0,0.0,0.0,0.0,0.0,0.0,0.0,0.0,0.0,0.0,0.0,0.0,0.0,0.0,0.0,0.0,0.0,0.0,0.0,-12.793477284049004,161.09691558164968,-500.24190983600374,295.97933324933626,0.0,0.0,0.0,0.0,0.0,-1.2793477284048898,0.0,71.72583425225999,0.0,0.0,0.0,0.0,0.0,0.0,0.0,1000.0,30.704345481717354,30.704345481717354,0.0,0.0,0.0,0.0,0.0,0.1125826000997315,280.6271605084776,0.0,0.0,0.0,499.4208035947992,0.0,0.0,0.0,0.0,0.0,0.0,0.0,0.0,0.0,0.0,0.0,0.0,0.0,0.0,0.0,0.0,0.0,0.0,107.46520918601074,50.31033739711205,0.0,0.0,0.0,0.0,0.0,280.6271605084776,0.0,491.5870093380101,0.0,0.0,0.0,-12.793477284049004,0.0,0.0,0.0,0.0,0.0,0.0,0.0,0.0,0.0,0.0,0.0,0.0,0.0,0.0,0.0,0.0,0.0,0.0,-0.10234781827239117,0.0,0.0,5.117390913619559,-567.2899647005138,0.0,0.0,0.0,0.0,161.09691558164968,0.0,0.0,0.0,8.81214715325298,2.5586954568097795,0.0,0.0,0.0,0.10234781827239117,0.0,102.34781827239117,-31.727823664441264,20.469563654478236,0.7310558448027942,285.5504129799714,-0.07676086370429339,751.4003026464068,2.046956365447824,-0.5117390913619593,-285.5504129799714,30.704345481717354,-0.10234781827239119,14.054795249028587,0.0,0.025586954568097797,0.7310558448027942,-42.16438574708576,-58.723328059102016,-2.046956365447824,-296.61195499779495,-0.10234781827239119,0.025586954568097797,-285.5504129799714,10.234781827239118,0.10234781827239119,0.10234781827239117,-280.4122300901054,-42.316972790038285,-21.411192442143374,-0.07676086370429339,30.704345481717354,0.10234781827239119,89.86797964434011,7.989725026427166,-0.05117390913619559,-396.27345430430796,-51.20146406867195,-0.07676086370429339,-0.10234781827239119,-31.727823664441264,0.10234781827239117,10.234781827239118,-2.046956365447824,201.96125000481013,201.96125000481013,-10.234781827239118,296.61195499779495,-201.96125000481013,20.469563654478236,0.15352172740858677,-367.16190122687783,10.234781827239118,-195.26993690539803,0.0,-20.469563654478236,0.05117390913619559,1.023478182723912,181.88731070657386,280.0,-0.10234781827239117,-303.65541961976555,280.4122300901054,31.727823664441264,0.10234781827239119,58.723328059102016,-181.98101608949207,0.0,-0.10234781827239117,-0.025586954568097797,0.0,-0.10234781827239119,-56.96149700588491,0.10234781827239119,-0.025586954568097797,-0.025586954568097797,-0.025586954568097797,40.93912730895647,-7.989725026427166,1.023478182723912,75.82693986255845,-0.025586954568097797,349.7198261641191,5.117390913619559,33.59813941656201,0.10234781827239117,0.05117390913619559,0.05117390913619559,10.234781827239118,31.727823664441264,0.10234781827239117,-31.727823664441264,1.023478182723912,0.10234781827239119,-75.82693986255845,0.10234781827239119,0.40939127308956813,0.5117390913619593,0.05117390913619559,0.025586954568097797,30.704345481717354,-0.10234781827239119,21.411192442143374,1.023478182723912,-151.6538797251169,748.841607189597,-10.234781827239118,20.469563654478236,5.117390913619559,-0.10234781827239119,42.16438574708576,0.15352172740858677,-0.10234781827239119,-20.469563654478236,31.727823664441264,-40.48459151052092,0.05117390913619559,-67.19627883312403,-0.10234781827239119,-0.10234781827239119,-0.10234781827239119,0.05117390913619559,285.5504129799714,-20.469563654478236,0.10234781827239117,363.7746214131477,-0.025586954568097797,42.316972790038285,-363.7746214131477,15.352172740858673,51.20146406867195,-443.89060452439793,285.5504129799714,-0.07676086370429339,303.65541961976555,-280.0,0.10234781827239119,-0.025586954568097793,5.117390913619602,102.34781827239117,-0.05117390913619559,-0.10234781827239119,0.025586954568097797,1000.0,0.0,367.11072731774163,0.0,-255.0,0.0,670.1237095573495,-93.2047394613357,0.0,-80.0,-255.0,-325.0,0.0,40.0,127.5,127.5,0.0,46.60236973066785,-280.6271605084776,-193.9840999729911,0.0,325.0,-193.9840999729911,-670.1237095573495,420.9349719098012,0.0,1496.5981,hplb
2,0.0,0.0,0.0,0.0,0.0,0.0,0.0,0.0,-0.029034982877706724,0.0,0.0,0.0,0.0,0.0,0.0,0.0,0.0,-499.0,0.0,714.5691244484442,0.0,0.0,0.0,332.7547697005036,0.0,0.0,0.0,0.0,0.0,-486.6495899372909,88.03481848805339,-88.03481848805339,366.72792199538367,0.0,0.0,0.0,0.0,513.2342701311983,0.0,-1000.0,872.8098006398777,0.0,-486.6495899372909,0.0,0.0,0.0,500.00000000004036,0.0,0.0,0.0,0.0,0.0,0.0,0.03193848116555769,0.0,0.0,0.0,5.806996575541345,0.0,0.0,2.1723150137044436,0.0,251.02095965180683,0.0,0.0,0.0,0.0,0.0,0.0,0.0,0.0,0.2903498287770673,0.0,0.0,0.0,0.0,0.0,0.0,0.0,486.64958993729067,0.0,0.0,-12.99881285722796,0.0,17.420989726624036,0.0,50.323489553351365,506.6969812685129,617.4496836319431,-624.1031124261393,-0.007258745719426682,0.0,0.0,0.0,8.710494863312018,0.0,208.3315593976797,-88.96974493671567,0.0,0.0,155.9885576760103,1.4517491438853363,-525.2540305042564,0.0,0.0,-62.247946743363514,0.0,0.0,0.0,0.0,0.0,0.0,0.0,0.0,0.0,0.0,0.0,0.0,0.0,0.0,0.0,0.0,0.0,0.0,-636.8594957864809,0.0,0.0,208.3315593976797,0.0,9.000844692089084,0.0,0.0,-1000.0,1000.0,0.0,0.0,-253.19327466551127,0.0,0.0,0.0,0.0,0.0,0.0,0.0,0.0,65.55799609216274,0.029034982877706724,0.0,0.0,0.0,-422.4368954250408,0.0,0.0,0.0,168.98737053323825,0.0,262.764316028366,0.0,0.0,0.0,0.0,0.0,-140.03462808847792,-140.03462808847792,0.0,0.0,0.0,0.0,500.00000000000006,0.0,0.0,-51.970774617546816,0.0,0.0,0.0,-731.2515534780357,0.0,0.0,0.0,0.0,0.0,0.0,0.0,0.0,0.0,0.0,-497.40115011217915,0.0,0.0,0.0,0.0,-1000.0,0.0,0.0,0.0,0.0,0.0,0.0,486.6495899372909,6.653428794196202,-6.653428794196202,0.0,0.0,0.0,0.0,0.0,0.0,0.0,38.60444056696548,-261.99947401021393,0.0,0.0,0.0,0.0,0.0,0.0,0.0,0.0,0.0,0.0,0.0,0.0,0.0,342.06421931582423,533.6719531104912,0.0,0.0,0.0,0.0,253.19327466551127,167.06746672935162,0.0,0.0,0.0,0.0,2.1723150137044436,0.0,88.03481848805339,0.0,0.0,0.0,0.0,0.0,0.0,0.0,0.0,0.0,199.6210645343677,0.0,-624.1466649004559,-499.9999999999999,1000.0,0.0,0.0,0.0,0.0,253.19327466551127,320.94685709614635,0.0,0.0,0.0,-146.46043538769584,0.0,0.0,-953.7599776417381,-40.576574763074746,0.0,-413.18340287866295,-500.00000000000045,540.5765747630752,624.1031124261393,0.0,-284.4744280258725,0.0,0.0,-86.05986450054986,0.0,0.0,0.0,-500.0,0.0,500.0,0.0,297.000686756684,0.0,253.19327466551127,632.4375878361188,0.0,0.0,0.0,2.1723150137044436,-0.043552474316560084,0.0,0.0,0.0,0.0,0.029034982877706724,0.0,0.0,0.0,624.6009738729687,0.0,0.0,-561.7673690106503,837.617275598558,0.0,1000.0,0.0,-451.19036980144705,0.0,-62.247946743363514,0.0,0.0,0.0,-2.4999120257706293,453.6902818272177,0.0,-410.19718831983926,-553.4016402508377,0.0,0.0,0.0,0.0,0.0,0.0,0.0,0.0,0.0,0.0,0.0,0.0,0.0,0.0,0.0,0.0,0.0,0.0,0.0,-1000.0,168.98737053323825,486.64958993729067,0.0,0.0,486.64958993729067,0.0,22.47682239589065,0.0,0.0,0.0,487.75653625021494,0.0,0.0,-500.0000000000001,54.57374853461721,0.0,-453.6902818272177,366.46224951914115,-501.45174914388537,0.0,-526.8521406950471,500.0000000000001,-56.025497678502546,1000.0,-0.7258745719426681,500.00000000000006,0.0,0.0,-486.65484763456647,97.96808075417107,0.0,208.3315593976797,0.0,0.0,0.0,0.0,0.0,0.0,0.0,-342.06421931582423,342.06421931582423,342.06421931582423,21.82340830747755,0.0,0.0,0.0,0.0,0.0,38.60444056696548,0.0,0.0,-148.20166553139967,0.0,0.0,81.14136003755752,0.0,0.0,0.0,0.0,-97.09650171222933,0.05806996575563517,0.0,0.0,0.0,0.0,0.0,0.0,0.0,0.0,0.0,0.0,0.0,0.0,0.0,0.0,0.0,0.0,0.0,0.0,0.0,0.03193848116555769,0.03193848116555769,88.03481848805339,290.9554324099255,0.0,17.420989726624036,0.0,0.0,0.0,1000.0,0.0,0.0,50.323489553351365,0.0,0.0,524.0953759759761,-1000.0,0.0,0.0,0.0,0.0,0.0,81.14136003755752,0.0,0.0,0.0,0.0,0.0,0.0,0.0,212.28649859549364,-624.6009738729687,422.4368954250408,0.0,52.55918323493478,0.0,0.0,0.0,-167.06746672935162,0.0,524.0953759759761,0.0,0.0,426.9988742637468,499.9999999999996,-499.9999999999996,342.06421931582423,0.0,0.0,0.0,0.0,0.0,0.0,0.0,0.0,0.0,0.0,0.0,0.0,0.0,17.420989726624036,253.19327466551127,253.19327466551127,0.0,0.0,0.0,0.0,0.0,0.0,0.0,0.0,0.0,0.0,0.2903498287770673,0.0,88.03481848805339,50.323489553351365,-50.323489553351365,88.03481848805339,486.6495899372909,0.0,0.0,208.3315593976797,0.0,0.0,0.0,0.0,0.0,0.0,0.0,0.0,0.0,0.0,744.6980135382294,0.0,0.0,8.710494863312018,8.710494863312018,1000.0,-1000.0,0.0,81.14136003755752,0.0,0.0,0.0,0.0,0.0,891.7810678932982,38.60444056696548,1000.0,0.029034982877706724,0.0,0.0,-326.0814996656273,364.42634241033585,289.6175418603446,0.0,0.0,0.0,0.0,0.0,0.0,0.0,0.0,0.0,0.0,0.0,0.0,0.0,0.0,0.0,0.0,0.029034982877706724,0.0,0.0,0.0,0.0,0.0,0.0,0.0,0.0,486.64958993729067,0.0,22.476822395890622,0.0,0.0,-1000.0,-2.1776237158280045,-1.4517491438853363,0.0,0.0,0.0,0.0,0.0,0.0,0.0,0.0,0.0,0.0,0.0,0.0,253.19327466551127,0.0,0.0,0.0,-485.20309849068116,0.0,0.0,0.0,-0.029034982877706724,0.0,0.0,0.029034982877706724,0.0,0.029034982877706724,0.0,0.0,0.0,17.420989726624036,35.42267911080221,35.42267911080221,0.0,0.0,0.0,0.0,0.0,0.0,0.0,422.4368954250408,0.0,38.60444056696548,0.0,0.0,0.0,0.0,0.0,0.0,0.0,0.0,0.0,0.0,0.0,0.0,0.0,0.0,0.0,0.0,0.0,167.06746672935162,0.0,0.0,0.0,0.043552474316560084,0.0,0.0,0.0,-208.3315593976797,0.0,0.0,0.0,0.0,0.0,-290.9554324099255,1.4517491438853363,0.0,0.0,0.0,0.0,-500.00000000000006,-522.4768223958906,0.0,0.0,0.0,0.0,0.0,0.0,0.0,0.0,253.19327466551127,0.0,0.0,0.0,-51.10878690589874,0.0,741.6298988494995,227.3695951169811,0.0,-500.0,0.0,500.0,168.98737053323825,285.5241779853442,0.0,1.4517491438853363,836.8291459941534,0.0,0.0,-88.03481848805339,-248.8486446381024,0.0,0.0,0.0,0.0,0.0,0.0,0.0,0.0,0.0,495.22352639635113,-2.177623715827982,35.42267911080221,0.0,588.0348184880534,588.0348184880534,-500.00000000000006,0.0,0.0,0.0,0.0,0.0,0.0,0.0,0.0,295.31067984158153,-38.3448427447085,-849.7944702467785,-486.6495899372909,8.710494863312018,50.323489553351365,0.0,0.0,0.0,-3.2876203189940156,0.0,0.0,0.03193848116555769,0.0,0.0,0.0,17.711339555401103,0.0,0.0,0.0,0.0,533.6719531104912,0.0,0.0,0.0,0.0,0.0,0.0,0.0,0.0,0.0,0.0,0.0029034982877706728,0.0029034982877706728,0.0,0.0,0.0,0.0,0.0,0.0,0.0,0.0,0.0,-326.0814996656273,88.03481848805339,0.0,0.0,0.0,0.0,290.9554324099255,0.0,0.0,0.0,0.0,0.0,0.0,0.0,0.0,0.0,0.0,0.0,100.64697910670273,213.47582201465582,703.2684643452068,-499.0,0.0,0.0,0.0,17.420989726624036,0.0,0.0,0.0,0.0,0.0,-17.420989726624036,0.0,0.0,100.64697910670273,0.0,0.0,0.0,0.0,0.0,0.0,0.0,88.03481848805339,88.03481848805339,0.0,-553.4016402508377,-43.67015093079749,19.888963271229116,0.0,-208.3315593976797,0.0,999.883860068489,0.0,0.0,0.0,0.0,0.0,0.0,0.0,0.0,0.0,0.0,0.0,0.0,0.0,0.0,0.0,0.0,0.0,-3.6293728597133406,253.19327466551127,-2.1776237158280045,0.0,0.0,0.0,0.0,0.0,0.0,-0.3629372859713341,0.0,317.18903606463795,0.0,0.0,0.0,0.0,0.0,0.0,0.0,1000.0,8.710494863312018,8.710494863312018,0.0,0.0,0.0,0.0,486.64958993729067,0.03193848116555769,290.9554324099255,0.0,0.0,-999.883860068489,0.0,0.0,0.0,0.0,0.0,0.0,0.0,0.0,0.0,0.0,0.0,0.0,0.0,0.0,0.0,0.0,0.0,0.0,0.0,30.48673202159206,52.55918323493478,0.0,0.0,0.0,0.0,0.0,290.9554324099255,0.0,432.05532831528967,0.0,0.0,0.0,-3.6293728597133406,0.0,0.0,0.0,0.0,0.0,0.0,0.0,0.0,0.0,0.0,0.0,0.0,0.0,0.0,0.0,0.0,0.0,0.0,-0.029034982877706724,0.0,0.0,1.4517491438853363,-524.0953759759761,0.0,0.0,0.0,0.0,253.19327466551127,0.0,0.0,0.0,2.4999120257706293,0.7258745719426681,0.0,0.0,0.0,0.029034982877706724,0.0,29.034982877706724,-9.000844692089084,5.806996575541345,0.20739273484076232,81.00760222880176,-0.021776237158280042,1.451749143885336,0.5806996575541346,-0.1451749143887497,-81.00760222880176,8.710494863312018,-0.029034982877706728,20.74931558112117,81.14136003755752,0.007258745719426682,0.20739273484076232,-62.247946743363514,-54.94585882748237,87.45411883049923,-215.5691244484442,-0.029034982877706728,0.007258745719426682,-81.00760222880176,2.9034982877706725,0.029034982877706728,0.029034982877706724,-290.8944589458822,-50.29155107218589,-49.71098836054132,-0.021776237158280042,8.710494863312018,0.029034982877706728,208.3315593976797,185.10357309551432,-0.014517491438853364,-88.55743418109766,-170.0,-0.021776237158280042,-0.029034982877706728,-9.000844692089084,0.029034982877706724,2.9034982877706725,-0.5806996575541346,167.06746672935162,167.06746672935162,-2.9034982877706725,215.5691244484442,-167.06746672935162,5.806996575541345,0.043552474316560084,-20.240419764395824,2.9034982877706725,-212.28649859549364,81.14136003755752,-5.806996575541345,0.014517491438853364,0.2903498287770673,140.44184225266258,-45.30179033035739,-0.029034982877706724,-297.4883035574095,290.8944589458822,9.000844692089084,0.029034982877706728,54.94585882748237,-153.32168395005783,81.14136003755752,-0.029034982877706724,-0.007258745719426682,-81.14136003755752,-0.029034982877706728,-97.09650171222933,0.029034982877706728,-0.007258745719426682,-0.007258745719426682,-0.007258745719426682,11.61399315108269,-185.10357309551432,0.2903498287770673,21.511292939522136,-0.007258745719426682,260.134368924204,1.4517491438853363,50.0,0.029034982877706724,0.014517491438853364,0.014517491438853364,-83.1224590262062,9.000844692089084,0.029034982877706724,-9.000844692089084,0.2903498287770673,0.029034982877706728,-21.511292939522136,0.029034982877706728,0.11613993151104296,0.1451749143887497,0.014517491438853364,0.007258745719426682,8.710494863312018,-0.029034982877706728,49.71098836054132,-43.72705941524961,-43.02258587904427,0.7258745719426685,-2.9034982877706725,5.806996575541345,1.4517491438853363,-0.029034982877706728,62.247946743363514,0.043552474316560084,-0.029034982877706728,166.2449180524124,9.000844692089084,185.01390242603367,0.014517491438853364,-100.0,-0.029034982877706728,-0.029034982877706728,-0.029034982877706728,0.014517491438853364,81.00760222880176,-5.806996575541345,0.029034982877706724,280.88368450532516,-0.007258745719426682,50.29155107218589,-280.88368450532516,4.355247431656008,170.0,-600.2596788338735,81.00760222880176,-0.021776237158280042,297.4883035574095,45.30179033035739,0.029034982877706728,-0.007258745719426682,489.20828539410024,29.034982877706724,-0.014517491438853364,-0.029034982877706728,0.007258745719426682,1000.0,0.0,20.225902272956972,0.0,-255.0,0.0,454.71405373842606,-140.0,0.0,-80.0,-255.0,-325.0,0.0,40.0,127.5,127.5,0.0,70.0,-290.9554324099255,-181.72628210703965,0.0,325.0,-181.72628210703965,-454.71405373842606,302.56611970035664,0.0,1496.5981,hplb
3,0.0,0.0,0.0,0.0,0.0,0.0,0.0,0.0,-0.11629790310555183,0.0,0.0,0.0,0.0,0.0,0.0,0.0,784.3350602760183,40.84289774405754,0.0,-568.6701205520365,0.0,0.0,0.0,0.0,0.0,494.0862591733688,0.0,0.0,0.0,256.67520503135444,0.0,0.0,140.63972319398704,0.0,0.0,0.0,0.0,511.6633987940217,0.0,-1000.0,965.1106290683344,0.0,0.0,447.43744725323864,0.0,0.0,0.0,1.6808835854377548,-1000.0,0.0,0.0,0.0,0.0,0.1279276934161544,0.0,0.0,0.0,62.37936791293365,0.0,0.0,-133.24181987684725,0.0,-346.89177558283984,-500.00000000000006,0.0,0.0,0.0,0.0,0.0,452.0269541685939,0.0,1.1629790310555184,0.0,0.0,0.0,0.0,0.0,0.0,0.0,0.0,0.0,0.0,0.0,0.0,69.7787418633311,0.0,129.62198605678918,486.0863885960106,0.0,-13.913611403989492,0.0,0.0,0.0,137.08045636405961,34.88937093166555,0.0,34.88937093166555,-291.56902276985033,0.0,0.0,0.0,5.814895155277592,256.67520503135444,0.0,0.0,-16.358772050155324,668.5470516940918,645.7884957178208,0.0,0.0,0.0,0.0,0.0,0.0,0.0,0.0,0.0,0.0,0.0,0.0,0.0,0.0,0.0,0.0,-1000.0,0.0,0.0,34.88937093166555,0.0,36.052349962721074,0.0,0.0,0.0,0.0,0.0,0.0,0.0,500.00000000000006,-500.00000000000006,-19.866404540313,0.0,0.0,0.0,0.0,0.0,138.57692459591667,0.11629790310555183,0.02907447577638796,0.0,0.0,-668.5470516940918,0.0,0.0,0.0,0.0,0.0,530.5469267304051,0.0,0.0,0.0,0.0,0.0,178.7521249765938,178.7521249765938,0.0,0.0,0.0,-500.00000000000006,0.0,0.0,0.0,178.86842287969935,0.0,0.0,0.0,-371.1094483483616,-518.0902503552011,0.0,0.0,0.0,0.0,0.0,0.0,0.0,0.0,0.0,0.0,0.0,0.0,0.0,0.0,-719.4606473918801,0.0,0.0,0.0,0.0,0.0,0.0,0.0,13.913611403989492,-13.913611403989492,19.866404540313,0.0,0.0,0.0,0.0,0.0,0.0,0.0,287.20318149069567,0.0,0.0,0.0,0.0,0.0,0.0,0.0,0.0,0.0,0.0,0.0,0.0,0.0,22.114282409211853,-53.48083875777927,-41.010265307372684,0.0,0.0,0.0,0.0,158.25391178633927,0.0,0.0,0.0,0.0,-133.24181987684725,-488.4477125606113,0.0,0.0,461.9675083671623,0.0,0.0,0.0,0.0,0.0,226.8221478700225,0.0,0.0,0.0,770.2470020173705,756.333390613381,-499.99999999999994,0.0,41.010265307372684,0.0,0.0,19.866404540313,653.6030967914771,0.0,0.0,0.0,-83.1540182098202,0.0,0.0,-413.1834028786629,0.0,0.0,-413.1834028786629,0.0,0.0,13.913611403989492,0.0,0.0,0.0,0.0,146.35083333783737,0.0,0.0,0.0,0.0,0.0,0.0,0.0,565.2495014842906,0.0,0.0,1000.0,-500.0,0.0,0.0,-133.24181987684725,-0.17444685465832774,0.0,0.0,0.0,0.0,0.11629790310555183,0.0,0.0,0.0,279.6288122635398,784.3350602760183,0.0,-598.6924326933066,586.8950533809435,518.0902503552011,1000.0,0.0,10.013249457388058,0.0,-16.358772050155324,0.0,0.0,0.0,-10.013249457388058,0.0,0.0,0.0,-1000.0,0.0,0.0,0.0,0.0,0.0,0.0,0.0,0.0,0.0,0.0,0.0,0.0,0.0,0.0,0.0,0.0,461.9675083671623,0.0,0.0,-512.1285904064446,0.0,0.0,514.6463781598742,0.0,0.0,500.0000000000035,-118.3149221644442,0.0,0.0,0.0,0.0,0.0,0.0,0.0,187.0867571842597,0.0,0.0,-1000.0,0.0,-156.59512653162554,0.0,0.0,-192.9016523395373,1000.0,-2.907447577638796,-5.814895155277592,-141.78087839591717,0.0,0.0,373.9995123125488,456.35841596902424,34.88937093166555,0.0,0.0,0.0,0.0,0.0,0.0,522.1142824092119,500.00000000000006,-500.00000000000006,-500.00000000000006,228.53051252626983,0.0,0.0,-775.4796325811699,0.0,0.0,0.0,0.0,0.0,-27.106072180429123,0.0,0.0,0.0,0.0,0.0,0.0,0.0,-88.37020968944482,0.23259580621243003,0.0,0.0,0.0,0.0,0.0,0.0,0.0,52.14458608569591,0.0,452.0269541685939,0.0,0.0,0.0,0.0,0.0,0.0,0.0,0.0,0.0,0.1279276934161544,0.1279276934161544,0.0,133.59214117030132,0.0,69.7787418633311,0.0,0.0,0.0,0.0,0.0,0.0,129.62198605678918,0.0,0.0,943.140864247673,0.0,0.0,0.0,0.0,0.0,0.0,0.0,0.0,0.0,0.0,0.0,0.0,0.0,0.0,333.3333333333333,-279.6288122635398,0.0,0.0,138.57692459591667,0.0,137.08045636405961,0.0,-178.12031632665227,0.0,943.140864247673,0.0,0.0,854.7706545582282,0.0,0.0,22.114282409211853,0.0,0.0,0.0,0.0,0.0,0.0,0.0,0.0,0.0,0.0,0.0,0.0,0.0,69.7787418633311,19.866404540313,19.866404540313,0.0,0.0,0.0,0.0,0.0,0.0,0.0,0.0,0.0,0.0,1.1629790310555184,0.0,0.0,129.62198605678918,-129.62198605678918,0.0,0.0,0.0,0.0,34.88937093166555,0.0,0.0,0.0,0.0,0.0,0.0,0.0,0.0,0.0,0.0,158.25391178633927,0.0,0.0,34.88937093166555,34.88937093166555,0.0,0.0,0.0,0.0,0.0,0.0,0.0,0.0,0.0,-84.6077419986396,0.0,0.0,0.11629790310555183,0.0,0.0,0.0,153.58799503703912,19.568678902775105,52.14458608569591,-137.08045636405961,0.0,0.0,0.0,0.0,0.0,0.0,0.0,0.0,0.0,0.0,0.0,0.0,0.0,0.0,0.11629790310555183,0.0,0.0,0.0,0.0,0.0,0.0,0.0,0.0,0.0,-118.3149221644442,514.6463781598742,0.0,0.0,-512.1285904064446,-8.722342732916388,0.0,-5.814895155277592,0.0,500.0,500.0,-500.00000000000006,0.0,0.0,0.0,0.0,0.0,0.0,0.0,19.866404540313,518.0902503552011,0.0,0.0,462.17331112430185,0.0,0.0,0.0,-0.11629790310555183,0.0,0.0,0.11629790310555183,0.0,0.11629790310555183,0.0,0.0,0.0,69.7787418633311,141.88344178877324,141.88344178877324,0.0,0.0,0.0,0.0,0.0,0.0,0.0,0.0,0.0,0.0,0.0,0.0,0.0,0.0,0.0,0.0,0.0,0.0,0.0,0.0,0.0,0.0,0.0,0.0,0.0,0.0,0.0,178.12031632665227,0.0,-494.0862591733688,494.0862591733688,0.17444685465832774,0.0,0.0,0.0,-34.88937093166555,0.0,0.0,0.0,0.0,0.0,-133.59214117030132,5.814895155277592,0.0,0.0,0.0,500.0,0.0,0.0,-5.814895155277592,0.0,0.0,0.0,0.0,0.0,0.0,0.0,19.866404540313,0.0,0.0,0.0,111.47785876108946,0.0,301.7404193788896,3.209906852619838,0.0,0.0,0.0,0.0,0.0,511.7196550027039,0.0,5.814895155277592,1000.0,0.0,119.6579078996658,0.0,-286.3500442940075,0.0,0.0,0.0,0.0,0.0,-247.08415030149496,0.0,0.0,0.0,-8.722342732916388,-8.722342732916474,141.88344178877324,0.0,0.0,0.0,0.0,0.0,0.0,0.0,0.0,0.0,226.8221478700225,0.0,0.0,151.0368266361341,-605.614949205633,151.4430359189241,0.0,34.88937093166555,129.62198605678918,0.0,0.0,0.0,-39.512112144520984,0.0,0.0,0.1279276934161544,0.0,0.0,0.0,70.94172089438662,0.0,0.0,0.0,0.0,-53.48083875777927,0.0,668.5470516940918,0.0,0.0,0.0,0.0,0.0,0.0,0.0,0.0,0.011629790310555516,0.011629790310555516,0.0,0.0,0.0,0.0,0.0,0.0,0.0,0.0,0.0,0.0,0.0,0.0,0.0,0.0,0.0,133.59214117030132,0.0,0.0,0.0,0.0,0.0,0.0,0.0,0.0,0.0,0.0,0.0,259.24397211357837,0.0,0.0,40.84289774405754,0.0,0.0,0.0,69.7787418633311,0.0,0.0,0.0,0.0,0.0,0.0,-69.7787418633311,0.0,259.24397211357837,0.0,0.0,0.0,0.0,0.0,0.0,0.0,0.0,0.0,0.0,0.0,172.06746303271484,79.66406362730302,0.0,-34.88937093166555,0.0,511.6633987940217,0.0,0.0,0.0,0.0,0.0,0.0,0.0,0.0,0.0,0.0,0.0,0.0,0.0,0.0,0.0,0.0,0.0,-14.53723788819398,19.866404540313,-8.722342732916388,0.0,0.0,0.0,0.0,0.0,0.0,0.0,-1.4537237888193981,27.106072180429123,0.0,0.0,0.0,0.0,0.0,0.0,0.0,1000.0,34.88937093166555,34.88937093166555,0.0,0.0,0.0,0.0,0.0,0.1279276934161544,133.59214117030132,0.0,0.0,-511.6633987940217,0.0,0.0,0.0,0.0,0.0,0.0,0.0,0.0,0.0,0.0,0.0,0.0,0.0,0.0,0.0,0.0,0.0,0.0,0.0,122.11279826082944,0.0,0.0,138.57692459591667,0.0,0.0,0.0,133.59214117030132,0.0,223.07735539002385,0.0,0.0,0.0,-14.53723788819398,0.0,0.0,0.0,0.0,0.0,0.0,0.0,0.0,0.0,0.0,0.0,0.0,0.0,0.0,0.0,0.0,0.0,0.0,-0.11629790310555183,0.0,0.0,5.814895155277592,-943.140864247673,0.0,0.0,0.0,0.0,19.866404540313,0.0,0.0,0.0,10.013249457388058,2.907447577638796,0.0,0.0,494.0862591733688,0.11629790310555183,0.0,116.29790310555182,-36.052349962721074,23.25958062111037,0.8306993078967988,324.47114966448964,-0.08722342732916387,5.814895155277583,2.3259580621110367,-0.5814895155284224,-324.47114966448964,34.88937093166555,-0.11629790310555184,5.452924016718441,0.0,0.02907447577638796,0.8306993078967988,-16.358772050155324,-148.13661223119288,-2.3259580621110367,-256.5078374680394,-0.11629790310555184,0.02907447577638796,-324.47114966448964,11.629790310555183,0.11629790310555184,0.11629790310555183,-133.3479155737796,-129.49405836337306,-176.72370988034606,-0.08722342732916387,34.88937093166555,0.11629790310555184,34.88937093166555,-58.14895155277592,-0.05814895155277592,-321.1056727497483,-170.0,-0.08722342732916387,-0.11629790310555184,-36.052349962721074,0.11629790310555183,11.629790310555183,-2.3259580621110367,178.12031632665227,178.12031632665227,-11.629790310555183,256.5078374680394,-178.12031632665227,23.259580621110366,0.17444685465832774,-852.6194227725382,11.629790310555183,-333.3333333333333,0.0,-23.259580621110366,0.05814895155277592,1.1629790310555184,149.67310817332665,134.73743938219982,-0.11629790310555183,-159.75916936905057,133.3479155737796,36.052349962721074,0.11629790310555184,148.13661223119288,-139.55748372666216,0.0,-0.11629790310555183,-0.02907447577638796,0.0,-0.11629790310555184,-756.9172613835366,0.11629790310555184,-0.02907447577638796,-0.02907447577638796,-0.02907447577638796,46.51916124222073,58.14895155277592,1.1629790310555184,86.1622089633262,-0.02907447577638796,293.89329232993487,5.814895155277592,50.0,0.11629790310555183,0.05814895155277592,0.05814895155277592,11.629790310555183,36.052349962721074,0.11629790310555183,-36.052349962721074,1.1629790310555184,0.11629790310555184,-86.1622089633262,0.11629790310555184,0.4651916124228137,0.5814895155284224,0.05814895155277592,0.02907447577638796,34.88937093166555,-0.11629790310555184,176.72370988034606,1.1629790310555184,-172.3244179266524,2.9074475776388056,-11.629790310555183,23.259580621110366,5.814895155277592,-0.11629790310555184,16.358772050155324,0.17444685465832774,-0.11629790310555184,-23.25958062111036,36.052349962721074,403.960317588313,0.05814895155277592,-100.0,-0.11629790310555184,-0.11629790310555184,-0.11629790310555184,0.05814895155277592,324.47114966448964,-23.259580621110366,0.11629790310555183,299.3462163466533,-0.02907447577638796,129.49405836337306,-299.3462163466533,17.444685465832773,170.0,264.70628881881527,324.47114966448964,-0.08722342732916387,159.75916936905057,-134.73743938219982,0.11629790310555184,-0.029074475776387963,5.814895155277592,116.29790310555182,-0.05814895155277592,-0.11629790310555184,0.02907447577638796,0.0,0.0,852.5612738209854,0.0,-255.0,37.43890370638553,462.1612733310306,-140.0,0.0,-80.0,-255.0,-325.0,0.0,40.0,127.5,127.5,0.0,70.0,-133.59214117030132,-364.448205443792,0.0,325.0,-364.448205443792,-462.1612733310306,295.04448337356877,-37.43890370638553,1496.5981,hplb
4,0.0,0.0,0.0,0.0,0.0,0.0,0.0,0.0,-0.12649839282431694,0.0,0.0,0.0,0.0,0.0,0.0,0.0,-565.4568418155038,715.456841815505,0.0,149.99999999999886,0.0,0.0,0.0,665.7101396199522,0.0,0.0,0.0,0.0,0.0,1000.0,0.0,0.0,137.82404070775257,0.0,0.0,0.0,0.0,999.4940064287027,0.0,-1000.0,397.3485190658498,0.0,0.0,65.4568418155061,0.0,0.0,0.0,0.0,0.0,0.0,0.0,500.0000000000023,0.0,0.13914823210678945,0.0,0.0,0.0,0.0,0.0,0.0,31.00513666467358,0.0,129.27209293499993,0.0,0.0,0.0,0.0,0.0,377.897956823926,-377.897956823926,0.0,1.2649839282431692,0.0,0.0,0.0,0.0,0.0,0.0,0.0,0.0,0.0,0.0,0.0,0.0,75.89903569459015,0.0,11.280314740488725,814.8102651200351,-919.7328930644635,963.9999005442291,-0.03162459820607923,0.0,0.0,0.0,37.94951784729508,0.0,37.94951784729508,0.0,499.99999999999994,0.0,44.447972542913064,6.324919641215846,1000.0,0.0,0.0,-48.45847603857217,0.0,703.912654252896,0.0,0.0,0.0,0.0,0.0,0.0,0.0,0.0,0.0,0.0,0.0,0.0,0.0,0.0,0.0,0.0,-547.8127180231119,0.0,0.0,37.94951784729508,0.0,39.21450177553825,0.0,0.0,-513.2005714123385,513.2005714123385,0.0,0.0,-160.27722959967352,0.0,0.0,0.0,0.0,0.0,0.0,0.0,0.0,21.020690987961146,0.1264983928243169,0.0,0.0,0.0,-53.75674001538579,0.0,0.0,0.0,0.0,0.0,777.2856308556132,0.0,0.0,0.0,0.0,0.0,229.49573755307011,229.49573755307011,0.0,0.0,0.0,0.0,-0.6196551891700608,0.0,0.0,229.62223594589443,0.0,0.0,0.0,0.0,0.0,0.0,0.0,0.0,0.0,0.0,0.0,0.0,0.0,0.0,-530.6258622823143,0.0,0.0,0.0,0.0,-42.02276609624004,0.0,0.0,0.0,0.0,0.0,0.0,-500.0000000000023,80.2671069355365,-80.2671069355365,0.0,0.0,0.0,0.0,0.0,0.0,0.0,0.0,0.0,0.0,0.0,0.0,0.0,0.0,0.0,0.0,0.0,0.0,0.0,0.0,0.0,0.0,0.0,4.356097145112528,65.4568418155061,0.0,0.0,0.0,160.27722959967352,0.0,0.0,0.0,0.0,0.0,31.00513666467358,0.0,0.0,0.0,502.92896829147696,0.0,0.0,0.0,0.0,0.0,4.073248248944964,25.299678564863385,0.0,0.0,0.0,-1000.0,395.0773720555693,0.0,-65.4568418155061,0.0,0.0,160.27722959967352,0.0,0.0,0.0,0.0,-71.81483026027988,0.0,0.0,36.71206545714108,500.0000000000068,0.0,536.7120654571345,-1000.0,499.9999999999932,-839.465786128927,0.0,630.9136836310074,0.0,0.0,352.93051597984424,0.0,0.0,0.0,0.0,0.0,0.0,0.0,777.276570691377,0.0,160.27722959967352,0.0,0.0,0.0,0.0,31.00513666467358,-0.18974758923647536,0.0,0.0,0.0,0.0,0.1264983928243169,0.0,0.0,0.0,0.0,-565.4568418155038,0.0,-1000.0,637.1115507388013,0.0,286.391677901589,0.0,713.5284555235194,0.0,-48.45847603857217,0.0,0.0,0.0,442.2891211068206,-155.81757663033994,-1000.0,-1000.0,0.0,0.0,0.0,0.0,0.0,0.0,0.0,0.0,0.0,0.0,0.0,0.0,0.0,0.0,0.0,0.0,0.0,502.92896829147696,0.0,0.0,-1000.0,0.0,0.0,0.0,494.9385817199021,0.0,0.0,-25.09393923690611,0.0,544.447972542913,0.0,0.0,0.0,0.0,-58.47047062967255,-500.00000000000006,0.0,-222.08038019358605,0.0,0.0,-123.51071866693712,500.0000000000001,58.47047062967255,246.20578949883316,0.0,-3.162459820607923,-6.324919641215846,0.0,0.0,-402.77841453515305,0.0,0.0,37.94951784729508,0.0,0.0,0.0,0.0,0.0,0.0,0.0,0.0,0.0,0.0,229.08066624596657,0.0,0.0,-581.7482757525974,0.0,0.0,0.0,0.0,0.0,-75.70632678934892,0.0,0.0,148.90635901155594,0.0,0.0,0.0,0.0,-87.35016071756831,0.2529967856487183,0.0,0.0,0.0,0.0,0.0,0.0,0.0,0.0,0.0,0.0,0.0,0.0,0.0,0.0,0.0,0.0,0.0,0.0,0.0,0.13914823210678945,0.13914823210678945,0.0,176.71319561419045,0.0,75.89903569459015,0.0,0.0,0.0,-499.99999999999875,0.0,52.87756944984304,11.280314740488725,0.0,0.0,1000.0,499.99999999999875,0.0,0.0,0.0,0.0,0.0,148.90635901155594,0.0,0.0,0.0,0.0,0.0,0.0,0.0,182.6042393410373,0.0,53.75674001538579,0.0,21.020690987961146,0.0,0.0,0.0,0.0,0.0,1000.0,0.0,912.6498392824317,0.0,0.0,0.0,0.0,0.0,0.0,0.0,0.0,0.0,0.0,0.0,0.0,0.0,0.0,0.0,0.0,0.0,75.89903569459015,160.27722959967352,160.27722959967352,0.0,0.0,0.0,0.0,0.0,0.0,0.0,0.0,0.0,0.0,1.2649839282431692,0.0,0.0,11.280314740488725,-11.280314740488725,0.0,-500.0000000000023,0.0,0.0,37.94951784729508,0.0,0.0,0.0,0.0,0.0,0.0,0.0,0.0,0.0,0.0,0.0,204.01698280110912,0.0,37.94951784729508,37.94951784729508,337.64476234748275,499.99999999999875,0.0,148.90635901155594,0.0,0.0,0.0,0.0,0.0,926.6039398294162,0.0,1000.0,0.1264983928243169,0.0,0.0,-749.9999999999571,917.0591989234425,49.07813122774223,0.0,0.0,0.0,0.0,0.0,0.0,0.0,0.0,0.0,0.0,0.0,0.0,0.0,0.0,0.0,0.0,0.1264983928243169,0.0,0.0,0.0,0.0,0.0,0.0,0.0,0.0,0.0,-31.41885887812196,800.7728921841289,0.0,-250.00000000000003,-1000.0,-9.48737946182377,-6.3249196412158515,0.0,0.0,-500.00000000000006,-500.0,500.00000000000006,0.0,0.0,0.0,0.0,0.0,0.0,0.0,160.27722959967352,0.0,0.0,0.0,-396.4534948939372,0.0,0.0,0.0,-0.1264983928243169,0.0,0.0,0.12649839282431694,0.0,0.1264983928243169,0.0,0.0,0.0,75.89903569459015,154.32803924566664,154.32803924566664,0.0,0.0,0.0,0.0,0.0,0.0,44.447972542913064,53.75674001538579,0.0,0.0,0.0,0.0,0.0,453.1806327289943,0.0,0.0,0.0,0.0,0.0,0.0,0.0,0.0,0.0,0.0,0.0,0.0,0.0,0.0,0.0,0.0,0.0,0.18974758923647536,0.0,0.0,0.0,-37.94951784729508,0.0,0.0,0.0,0.0,0.0,-176.71319561419045,6.324919641215846,0.0,0.0,0.0,0.0,0.6196551891700608,-6.3249196412158515,0.0,0.0,0.0,0.0,0.0,0.0,0.0,0.0,160.27722959967352,0.0,0.0,0.0,176.71319561419045,0.0,353.45706145052236,0.6196551891700608,0.0,0.0,794.447972542913,-794.447972542913,0.0,-154.32803924566664,0.0,6.3249196412158515,1000.0,0.0,0.0,0.0,-98.26695627032638,499.9999999999996,-499.9999999999996,1000.0,-1000.0,0.0,0.0,0.0,0.0,0.0,511.65110335866683,0.0,154.32803924566664,0.0,-500.00000000000006,-500.0,500.0,0.0,0.0,0.0,0.0,0.0,4.073248248944964,0.0,0.0,205.17533399966175,-167.0591989234854,-262.50533468046706,0.0,37.94951784729508,11.280314740488725,0.0,0.0,0.0,325.3314351167688,0.0,0.0,0.13914823210678945,0.0,0.0,0.0,77.16401962283332,0.0,0.0,0.0,0.0,4.356097145112528,0.0,0.0,0.0,0.0,0.0,0.0,0.0,0.0,0.0,0.0,749.723051636682,0.012649839282431692,0.0,0.0,0.0,0.0,0.0,0.0,0.0,0.0,0.0,-749.9999999999571,0.0,0.0,0.0,0.0,0.0,176.71319561419045,0.0,0.0,0.0,0.0,0.0,0.0,0.0,0.0,0.0,0.0,0.0,22.56062948097745,-21.663016440913793,-828.3369835590898,715.456841815505,0.0,0.0,0.0,75.89903569459015,0.0,0.0,0.0,0.0,0.0,0.0,-75.89903569459015,0.0,22.56062948097745,0.0,0.0,0.0,0.0,0.0,0.0,0.0,0.0,0.0,0.0,0.0,926.6039398294162,539.8320318136514,0.0,-37.94951784729508,0.0,999.4940064287027,0.0,0.0,0.0,0.0,0.0,0.0,0.0,0.0,0.0,0.0,0.0,0.0,0.0,0.0,0.0,0.0,0.0,-15.81229910303962,160.27722959967352,-9.48737946182377,443.6932532671705,0.0,0.0,0.0,0.0,0.0,-1.5812299103039618,0.0,75.70632678934892,0.0,0.0,0.0,0.0,0.0,0.0,0.0,1000.0,37.94951784729508,37.94951784729508,0.0,0.0,0.0,0.0,0.0,0.13914823210678945,176.71319561419045,0.0,0.0,-999.4940064287027,749.7104017973996,0.0,0.0,0.0,0.0,0.0,0.0,0.0,0.0,0.0,0.0,0.0,0.0,0.0,0.0,0.0,0.0,0.0,0.0,132.82331246553278,65.46866353087421,0.0,0.0,0.0,0.0,0.0,176.71319561419045,0.0,0.0,0.0,0.0,0.0,-15.81229910303962,0.0,0.0,0.0,0.0,0.0,0.0,0.0,0.0,0.0,0.0,0.0,0.0,0.0,0.0,0.0,0.0,0.0,0.0,-0.1264983928243169,0.0,0.0,6.324919641215846,-1000.0,0.0,0.0,0.0,0.0,160.27722959967352,0.0,0.0,0.0,-442.2891211068206,3.162459820607923,0.0,0.0,0.0,0.1264983928243169,0.0,126.49839282431691,-39.214501775538245,25.299678564863385,0.9035599487451209,352.93051597984424,-0.09487379461823768,253.7942105011669,2.529967856486339,-0.6324919641216411,-352.93051597984424,37.94951784729508,-0.12649839282431694,16.152825346190724,148.90635901155594,0.031624598206079234,0.9035599487451209,-48.45847603857217,-31.41885887812196,-2.529967856486339,-300.0,-0.12649839282431694,0.031624598206079234,-352.93051597984424,12.649839282431692,0.12649839282431694,0.12649839282431694,-176.44754898925936,-11.141166508381948,-79.17911812043437,-0.09487379461823768,37.94951784729508,0.12649839282431694,37.94951784729508,-63.24919641215846,-0.06324919641215847,-601.1895606580346,-12.776337675256002,-0.09487379461823768,-0.12649839282431694,-39.214501775538245,0.1264983928243169,12.649839282431692,-2.529967856486339,0.0,0.0,-12.649839282431692,300.0,0.0,25.299678564863385,0.18974758923647536,-1000.0,12.649839282431692,-182.6042393410373,148.90635901155594,-25.299678564863385,0.06324919641215845,1.2649839282431692,250.0,202.01287417905382,-0.12649839282431694,-205.17533399966175,176.44754898925936,39.21450177553825,0.12649839282431694,31.41885887812196,-2.8917123776245504,148.90635901155594,-0.12649839282431694,-0.031624598206079234,-148.90635901155594,-0.12649839282431694,-87.35016071756831,0.12649839282408956,-0.03162459820607923,-0.03162459820607923,-0.03162459820607923,50.59935712972677,63.24919641215846,1.2649839282431692,292.8961523534623,-0.031624598206079234,483.84717465380925,6.324919641215846,50.0,0.12649839282431694,0.06324919641215845,0.06324919641215847,6.964403988372908,39.214501775538245,0.12649839282431694,-39.214501775538245,1.2649839282431692,0.12649839282431694,-691.2494634929511,0.12649839282431694,0.5059935712972674,0.6324919641216411,0.06324919641215847,0.031624598206079234,37.94951784729508,-0.12649839282431694,79.17911812043437,1.2649839282431694,-585.7923047069246,250.63175068055898,-12.649839282431692,25.299678564863385,6.324919641215846,-0.12649839282431694,48.45847603857217,0.18974758923647536,-0.12649839282431694,-13.928807976745816,39.214501775538245,89.56134567269169,0.06324919641215847,-100.0,-0.12649839282431694,-0.12649839282408956,-0.12649839282431694,0.06324919641215847,352.93051597984424,-25.299678564863385,0.12649839282431694,500.0,-0.03162459820607923,11.141166508381948,-500.0,18.974758923647535,12.77633767525601,659.297639812375,352.93051597984424,-0.09487379461823768,205.17533399966175,-202.01287417905382,0.12649839282431694,-0.03162459820607923,6.3249196412158515,126.49839282431691,-0.06324919641215845,-0.12649839282431694,0.031624598206079234,0.0,0.0,875.4026363882857,398.3533111394888,-255.0,0.0,-69.88350587738725,-140.0,0.0,-80.0,-255.0,-325.0,-124.53411441530217,40.0,127.5,127.5,0.0,70.0,-176.71319561419045,-414.89278078946046,124.53411441530217,325.0,-414.89278078946046,69.88350587738725,-39.820816391097196,0.0,1496.5981,hplb
5,0.0,0.0,0.0,0.0,0.0,0.0,0.0,0.0,0.0,0.0,0.0,0.0,0.0,0.0,0.0,0.0,1000.0,-296.8270830511607,0.0,-505.992002622257,0.0,0.0,0.0,80.56295573935552,0.0,746.5372158458578,0.0,0.0,0.0,0.0,0.0,0.0,112.93796638077765,0.0,0.0,0.0,0.0,256.669072793243,0.0,-1000.0,917.2668921955346,0.0,-228.54398136013822,-1000.0,0.0,0.0,249.9999999999725,0.0,-743.3247949686455,0.0,0.0,-514.7808136085073,0.0,0.033469967058877816,0.0,0.0,0.0,0.0,0.0,0.0,30.85641740337697,0.0,0.0,-257.2961882913766,1000.0,0.0,0.0,0.0,0.0,407.15125394868306,0.0,0.30427242780923147,0.0,0.0,0.0,0.0,0.0,0.0,0.0,743.3247949686454,0.0,0.0,243.77460048125334,0.0,18.256345668553887,0.0,62.51482531396813,459.86644653223175,-540.1335534677683,0.0,749.7111314490974,0.0,0.0,0.0,9.128172834276944,0.0,181.5797953527672,0.0,0.0,0.0,358.0487658105254,1.5213621390461574,0.0,0.0,0.0,-26.389591553764074,0.0,1000.0,0.0,0.0,0.0,0.0,0.0,0.0,0.0,0.0,0.0,0.0,0.0,0.0,0.0,0.0,0.0,0.0,-1000.0,0.0,0.0,181.5797953527672,0.0,9.432445262086175,9.432445262086175,0.0,0.0,0.0,0.0,0.0,0.0,-500.00000000000006,500.00000000000006,-288.15260569475356,0.0,0.0,0.0,0.0,0.0,-178.91687747315416,0.030427242780923146,749.7187382597926,0.0,0.0,0.0,0.0,0.0,0.0,0.0,0.0,71.29438140897112,0.0,0.0,0.0,0.0,0.0,125.53049502185934,125.53049502185934,0.0,0.0,0.0,0.0,-500.3098275948581,0.0,0.0,125.56092226464025,0.0,0.0,0.0,0.0,0.0,0.0,0.0,0.0,0.0,0.0,0.0,0.0,0.0,0.0,0.0,0.0,0.0,0.0,0.0,-988.5436866777022,0.0,0.0,0.0,0.0,0.0,0.0,743.3247949686455,540.1335534677683,-540.1335534677683,70.01410082767813,0.0,0.0,0.0,0.0,0.0,0.0,0.0,526.6994191486222,0.0,0.0,0.0,0.0,0.0,0.0,0.0,0.0,0.0,0.0,0.0,0.0,0.0,0.0,84.62251963085951,-1000.0,0.0,0.0,0.0,218.13850486707543,-70.01410082767813,0.0,0.0,0.0,0.0,30.85641740337697,0.0,0.0,0.0,0.0,0.0,0.0,0.0,0.0,0.0,424.2645524030508,6.085448556184629,172.45162251849027,0.0,999.9543591358287,-308.85672915984617,1000.0,0.0,1000.0,0.0,0.0,288.15260569475356,591.2445075352636,0.0,0.0,0.0,-130.3748401735057,0.0,0.0,413.75744277207525,-520.2882873813763,-20.28828738140885,434.0457301534841,499.9999999999675,0.0,0.0,0.0,-494.007997377743,0.0,0.0,103.75689788294791,0.0,0.0,0.0,-1000.0,0.0,1000.0,0.0,563.460912104757,0.0,218.13850486707543,0.0,0.0,0.0,0.0,30.85641740337697,-0.045640864171384715,0.0,0.0,0.0,0.0,0.030427242780923146,0.0,0.0,0.0,382.6993389218842,1000.0,0.0,-223.0776362301556,246.5991852294079,0.0,1000.0,0.0,0.0,0.0,-26.389591553764074,0.0,0.0,0.0,225.7540515900216,-225.7540515900216,0.0,130.75518070826723,0.0,0.0,0.0,0.0,0.0,0.0,0.0,0.0,0.0,0.0,0.0,0.0,0.0,0.0,0.0,0.0,0.0,0.0,256.7907817643656,0.0,0.0,0.0,0.0,423.2847951855056,0.0,0.0,632.757988762436,-245.34767492989664,0.0,114.27416532927211,0.0,0.0,0.0,0.0,0.0,0.0,-0.7606810695230787,225.7540515900216,0.0,-1.5213621390461574,0.0,-269.34411959797194,0.0,-366.82424106385787,0.0,0.0,0.0,0.0,0.0,550.0184274599518,1000.0,-500.0,181.5797953527672,0.0,0.0,0.0,410.6540362013998,0.0,0.030427242780923146,261.05714120460595,261.05714120460595,-261.05714120460595,-261.05714120460595,-135.34989320382027,0.0,0.0,-375.5053202676105,0.0,0.0,0.0,0.0,0.0,-101.41012026006337,0.0,-1000.0,98.84668754830167,0.0,0.0,0.0,0.0,-96.95727572190769,0.060854485562373384,0.0,0.0,0.0,0.0,0.0,0.0,0.0,0.0,0.0,407.15125394868306,0.0,0.0,0.0,0.0,0.0,0.0,0.0,0.0,0.0,0.033469967058877816,0.033469967058877816,0.0,48.387644076811334,0.0,18.256345668553887,0.0,0.0,0.0,0.0,0.0,0.0,62.51482531396813,0.0,0.0,283.82805655349716,0.0,0.0,0.0,0.0,0.0,0.0,98.84668754830167,0.0,0.0,0.0,0.0,0.0,0.0,0.0,333.3333333333333,-382.6993389218842,0.0,365.3028789248117,64.85772300809921,0.0,607.9178618447297,-607.9178618447297,-607.9178618447297,0.0,283.82805655349716,0.0,450.8853204350095,-264.01453960342,0.0,0.0,0.0,0.0,0.0,0.0,0.0,0.0,0.0,0.0,0.0,0.0,0.0,0.0,0.0,0.0,18.256345668553887,288.15260569475356,288.15260569475356,0.0,0.0,0.0,0.0,0.0,0.0,0.0,0.0,0.0,0.0,0.30427242780923147,0.0,0.0,62.51482531396813,-62.51482531396813,0.0,743.3247949686455,0.0,0.0,181.5797953527672,0.0,0.0,0.0,0.0,365.3028789248117,0.0,0.0,0.0,0.0,0.0,-139.87162106817084,0.0,0.0,9.128172834276944,9.128172834276944,-222.43787026404385,0.0,0.0,98.84668754830167,0.0,0.0,0.0,0.0,0.0,-130.75518070826723,0.0,0.0,0.030427242780923146,0.0,0.0,0.0,2.453739792833016,0.0,0.0,0.0,0.0,0.0,0.0,0.0,0.0,0.0,0.0,0.0,0.0,0.0,0.0,0.0,0.0,0.0,0.030427242780923146,0.0,0.0,0.0,0.0,0.0,0.0,0.0,0.0,0.0,0.0,292.211285584881,0.0,0.0,-256.7907817643656,-2.2820432085692364,0.0,-1.5213621390461574,0.0,0.0,0.0,0.0,0.0,0.0,0.0,0.0,0.0,0.0,0.0,288.15260569475356,0.0,0.0,0.0,51.53978959899786,0.0,0.0,0.0,0.0,0.0,0.0,0.030427242780923146,0.0,0.030427242780923146,0.0,0.0,0.0,18.256345668553887,37.121236192726236,37.121236192726236,0.0,0.0,0.0,0.0,0.0,0.0,114.27416532927211,0.0,0.0,0.0,0.0,0.0,0.0,228.37383719345894,0.0,0.0,0.0,0.0,0.0,0.0,0.0,0.0,0.0,0.0,0.0,0.0,0.0,0.0,0.0,-746.5372158458578,746.5372158458578,0.045640864171384715,0.0,0.0,0.0,-181.5797953527672,0.0,0.0,0.0,0.0,0.0,-48.387644076811334,1.5213621390461574,0.0,0.0,0.0,0.0,500.3098275948581,245.34767492989664,-1.5213621390461574,0.0,-1000.0,0.0,0.0,0.0,0.0,0.0,288.15260569475356,0.0,0.0,247.12767217488442,48.387644076811334,0.0,308.0649542321937,-26.389591553764074,0.0,0.0,114.27416532927211,-114.27416532927211,0.0,554.1232713425374,0.0,1.5213621390461574,674.0394033958696,0.0,238.95009270837582,0.0,-226.43977088799963,-500.00000000000045,500.00000000000045,500.00000000000045,-500.00000000000045,0.0,0.0,0.0,0.0,0.0,0.0,-4.564086417138469,37.121236192726236,0.0,0.0,0.0,0.0,0.0,0.0,0.0,0.0,0.0,424.2645524030508,0.0,0.0,50.66968728538057,-409.60499374151607,0.0,-228.54398136013822,9.128172834276944,62.51482531396813,0.0,0.0,0.0,-232.8286414210122,0.0,0.0,0.033469967058877816,0.0,0.0,0.0,18.560618096363118,0.0,0.0,0.0,0.0,84.62251963085951,0.0,0.0,0.0,0.0,0.0,0.0,0.0,0.0,0.0,0.0,0.003042724278092315,0.003042724278092315,0.0,0.0,0.0,0.0,0.0,0.0,0.0,0.0,0.0,0.0,0.0,0.0,0.0,0.0,0.0,48.387644076811334,0.0,0.0,0.0,0.0,0.0,0.0,0.0,0.0,0.0,0.0,0.0,125.02965062793626,0.0,1000.0,-296.8270830511607,0.0,0.0,0.0,18.256345668553887,0.0,0.0,0.0,0.0,0.0,0.0,-18.256345668553887,0.0,125.02965062793626,0.0,0.0,0.0,0.0,0.0,0.0,0.0,0.0,0.0,0.0,1000.0,0.0,249.21649849839127,0.0,-181.5797953527672,0.0,256.669072793243,0.0,0.0,0.0,0.0,0.0,0.0,0.0,0.0,0.0,0.0,0.0,0.0,0.0,0.0,0.0,0.0,0.0,-3.803405347615394,288.15260569475356,-2.2820432085692364,230.65588040202806,0.0,0.0,0.0,0.0,0.0,-0.38034053476153945,0.0,101.41012026006337,0.0,0.0,0.0,0.0,0.0,0.0,0.0,1000.0,9.128172834276944,9.128172834276944,0.0,0.0,0.0,0.0,743.3247949686454,0.033469967058877816,48.387644076811334,0.0,0.0,-256.669072793243,0.0,0.0,0.0,0.0,0.0,0.0,0.0,0.0,0.0,0.0,0.0,0.0,0.0,0.0,0.0,0.0,0.0,9.432445262086175,0.0,31.948604919969302,0.0,0.0,179.13188833737132,0.0,0.0,0.0,48.387644076811334,0.0,177.93712025560893,0.0,0.0,0.0,-3.803405347615394,0.0,0.0,0.0,0.0,0.0,0.0,0.0,0.0,0.0,0.0,0.0,0.0,0.0,0.0,0.0,0.0,0.0,0.0,-0.030427242780923146,0.0,0.0,1.5213621390461574,-283.82805655349716,0.0,0.0,0.0,0.0,288.15260569475356,0.0,0.0,0.0,-225.7540515900216,0.7606810695230787,0.0,0.0,746.5372158458578,0.030427242780923146,0.0,30.427242780923144,0.0,6.085448556184629,0.2173374484351653,103.75689788294791,-0.022820432085692358,1.5213621390461771,0.6085448556184629,-0.15213621390350987,-103.75689788294791,9.128172834276944,-0.03042724278092315,8.796530517921358,98.84668754830167,0.007606810695230787,0.21733744843516534,-26.389591553764074,-67.35884236469057,-0.6085448556184629,-197.1809143265823,-0.03042724278092315,0.007606810695230787,-103.75689788294791,3.0427242780923147,0.03042724278092315,0.030427242780923146,-48.32374686697153,-62.48135534690912,-157.11605899515723,-0.022820432085692358,9.128172834276944,0.03042724278092315,181.5797953527672,157.2380011280287,-0.015213621390461573,138.60086069371425,66.94094930680491,-0.022820432085692358,-0.03042724278092315,0.0,0.030427242780923146,3.0427242780923147,-0.6085448556184629,0.0,0.0,-3.0427242780923147,197.1809143265823,0.0,6.085448556184629,0.045640864171384715,-1000.0,3.0427242780923147,-333.3333333333333,98.84668754830167,-6.085448556184629,0.015213621390461575,0.30427242780923147,55.7694090575389,54.473092632995964,-0.030427242780923146,-55.23377370251904,48.32374686697153,9.432445262086175,0.03042724278092315,67.35884236469057,-110.11762630729636,98.84668754830167,-0.030427242780923146,-0.007606810695230787,-98.84668754830167,-0.03042724278092315,-96.95727572190769,0.030427242780979077,-0.007606810695230787,-0.007606810695230787,-0.007606810695230787,12.170897112369259,-157.2380011280287,0.30427242780923147,22.54278349531637,-0.007606810695230787,102.74228759715645,1.5213621390461574,50.0,0.030427242780923146,0.015213621390461573,0.015213621390461575,-56.60318438129456,0.0,0.030427242780923146,0.0,0.30427242780923147,0.03042724278092315,-22.54278349531637,0.03042724278092315,0.1217089711225583,0.15213621390350987,0.015213621390461575,0.007606810695230787,9.128172834276944,-0.03042724278092315,157.11605899515723,0.30427242780923147,-45.08556699063274,0.7606810695230593,-3.0427242780923147,6.085448556184629,1.5213621390461574,-0.03042724278092315,26.389591553764074,0.045640864171384715,-0.03042724278092315,113.20636876258912,0.0,651.3833493020109,0.015213621390461575,-100.0,-0.03042724278092315,-0.030427242780979077,-0.03042724278092315,0.015213621390461575,103.75689788294791,-6.085448556184629,0.030427242780923146,111.5388181150778,-0.007606810695230787,62.48135534690912,-111.5388181150778,4.564086417138472,-66.94094930680491,190.17138585510205,103.75689788294791,-0.022820432085692358,55.23377370251904,-54.473092632995964,0.03042724278092315,-0.0076068106952307864,1.5213621390461574,30.427242780923144,-0.015213621390461573,-0.03042724278092315,0.0076068106952307864,797.9857283646205,0.0,999.9847863786096,0.0,-255.0,0.0,467.48571753142255,-140.0,0.0,-80.0,-255.0,-314.15040278837836,0.0,40.0,127.5,127.5,0.0,70.0,-48.387644076811334,-418.55470788099865,0.0,314.15040278837836,-418.55470788099865,-467.48571753142255,287.2803097803133,0.0,1496.5981,hplb
6,0.0,0.0,0.0,0.0,0.0,0.0,0.0,0.0,526.1875525700577,0.0,0.0,0.0,0.0,0.0,0.0,0.0,-247.31607865891453,115.031516434693,0.0,432.28456222422153,0.0,0.0,0.0,832.855069809976,0.0,0.0,0.0,0.0,0.0,627.5942777207085,0.0,0.0,0.0,0.0,0.0,0.0,0.0,615.9615916692157,0.0,-1000.0,-0.33085959597237036,0.0,0.0,-639.7709004205674,0.0,0.0,0.0,30.720676549033463,-185.451319475802,0.0,0.0,0.0,0.0,0.05054864750290925,0.0,0.0,0.0,17.049421886424994,0.0,0.0,-111.695165323476,0.0,713.0442186623983,516.1215768548309,0.0,0.0,0.0,0.0,1000.0,-416.76102382244517,0.0,0.4595331591169436,0.0,0.0,0.0,0.0,0.0,0.0,0.0,0.0,0.0,0.0,-114.37392002293193,0.0,27.57198954701662,0.0,136.05736879688328,-457.7284209077513,809.5041809575321,-319.00836191506414,-0.01148832897792359,0.0,0.0,0.0,13.78599477350831,0.0,13.78599477350831,-1.4796967723564194,0.0,0.0,0.0,2.297665795584718,627.5942777207085,0.0,0.0,-33.9962475547109,0.0,0.0,0.0,0.0,0.0,0.0,0.0,0.0,0.0,0.0,0.0,0.0,0.0,0.0,0.0,0.0,0.0,0.0,-658.5482879300229,0.0,0.0,13.78599477350831,0.0,14.245527932625254,0.0,0.0,500.0000000000026,-500.0000000000026,0.0,0.0,-85.22747648409143,0.0,0.0,0.0,0.0,0.0,0.0,0.0,0.0,253.9696941450157,0.04595331591169436,0.0,0.0,0.0,-1000.0,493.4922668636901,0.0,0.0,114.37392002293193,0.0,71.82440881338995,0.0,0.0,0.0,0.0,0.0,-521.9075544070668,-521.9075544070668,0.0,0.0,0.0,0.0,0.0,0.0,0.0,-521.8616010911551,0.0,0.0,0.0,-486.557059839158,0.0,0.0,0.0,0.0,0.0,0.0,0.0,0.0,0.0,0.0,-765.3129311411564,0.0,0.0,0.0,0.0,-1000.0,0.0,0.0,0.0,0.0,0.0,0.0,0.0,-190.49581904246793,190.49581904246793,85.22747648409143,0.0,0.0,0.0,0.0,0.0,0.0,0.0,-183.42709453499077,0.0,0.0,0.0,0.0,0.0,0.0,0.0,0.0,0.0,0.0,0.0,0.0,0.0,354.55133723216716,424.8890595009877,-194.826879585992,0.0,0.0,0.0,0.0,165.35871509291886,0.0,0.0,0.0,0.0,-111.695165323476,444.9440208345754,0.0,0.0,0.0,0.0,0.0,0.0,0.0,0.0,0.0,22.861917844947342,0.0,0.0,-1000.0,0.0,-833.6755594260212,0.0,194.826879585992,0.0,0.0,85.22747648409143,0.0,0.0,0.0,0.0,-101.06917158177237,0.0,0.0,706.8787213860388,0.0,1000.0,-293.12127861396164,1000.0,0.0,619.0083619150641,0.0,1000.0,0.0,0.0,-122.37644018338298,0.0,0.0,0.0,468.7137360779758,0.0,-468.7137360779758,0.0,0.0,0.0,0.0,556.3467464103726,0.0,0.0,0.0,-111.695165323476,-0.06892997386754154,0.0,0.0,0.0,0.0,0.04595331591169436,0.0,0.0,0.0,735.6278136494815,-247.31607865891453,0.0,-345.3366435922095,1000.0,0.0,13.45513517753594,0.0,0.0,0.0,-33.9962475547109,0.0,0.0,0.0,-3.9565804999969294,0.0,3.9565804999969294,548.4644848488452,-1000.0,0.0,0.0,0.0,0.0,0.0,0.0,0.0,0.0,0.0,0.0,0.0,0.0,0.0,0.0,0.0,0.0,0.0,-383.85459506713744,0.0,-1000.0,114.37392002293193,0.0,0.0,0.0,0.0,0.0,-253.9696941450157,0.0,0.0,0.0,0.0,0.0,0.0,0.0,-2.2976657955847184,-0.13103498713134631,-1000.0,-1000.0,0.0,0.0,-65.8327203750934,0.0,0.0,534.863797602533,-1.0177979106610127,-2.297665795584718,468.71373607797534,0.0,0.0,-73.33495043762613,382.9143678667707,13.78599477350831,0.0,0.0,0.0,0.0,0.0,526.2335058859694,0.0,-354.55133723216716,354.55133723216716,354.55133723216716,252.39341107296326,0.0,0.0,-930.1256141136283,0.0,0.0,0.0,0.0,0.0,-36.50306953727687,0.0,0.0,0.0,0.0,0.0,0.0,0.0,-95.40466840883056,0.09190663182341942,0.0,0.0,0.0,0.0,0.0,0.0,0.0,0.0,0.0,583.2389761775548,0.0,0.0,0.0,0.0,0.0,0.0,0.0,0.0,0.0,0.05054864750290925,0.05054864750290925,0.0,141.57445595721137,0.0,27.57198954701662,0.0,0.0,0.0,516.9131055053598,0.0,0.0,136.05736879688328,0.0,0.0,682.0184033219309,-516.9131055053598,0.0,0.0,495.77172362365525,0.0,0.0,0.0,0.0,0.0,0.0,0.0,0.0,0.0,0.0,219.51609597667428,-735.6278136494815,506.5077331363099,0.0,351.16975358877835,0.0,0.0,0.0,-250.58619157701028,0.0,682.0184033219309,0.0,55.709962322924866,530.9037725901755,-500.00000000000045,500.00000000000045,354.55133723216716,0.0,0.0,0.0,0.0,0.0,0.0,0.0,0.0,0.0,0.0,0.0,0.0,0.0,27.57198954701662,85.22747648409143,85.22747648409143,0.0,0.0,0.0,0.0,0.0,0.0,0.0,0.0,0.0,0.0,0.4595331591169436,0.0,0.0,136.05736879688328,-136.05736879688328,0.0,0.0,0.0,0.0,13.78599477350831,-495.77172362365525,0.0,0.0,211.5739794666946,0.0,0.0,0.0,0.0,0.0,0.0,1000.0,-613.4149302599083,0.0,13.785994773508309,13.78599477350831,1000.0,-516.9131055053598,0.0,0.0,0.0,0.0,0.0,0.0,0.0,-1000.0,0.0,-898.3564119693315,0.04595331591169436,0.0,0.0,0.0,60.68791842080837,27.412173299408764,0.0,0.0,0.0,0.0,0.0,0.0,0.0,0.0,0.0,0.0,0.0,0.0,0.0,0.0,0.0,0.0,0.04595331591169436,0.0,0.0,0.0,0.0,0.0,0.0,0.0,0.0,0.0,0.0,0.0,0.0,0.0,-870.1150990778783,-3.4464986933770776,-2.297665795584718,0.0,0.0,0.0,0.0,0.0,0.0,0.0,0.0,0.0,0.0,0.0,0.0,85.22747648409143,0.0,0.0,0.0,385.2120336623554,0.0,0.0,0.0,526.1875525700577,0.0,0.0,0.04595331591169436,0.0,0.04595331591169436,0.0,0.0,0.0,27.57198954701662,56.06304541226713,56.06304541226713,0.0,0.0,0.0,0.0,0.0,0.0,0.0,506.5077331363099,0.0,0.0,0.0,0.0,0.0,0.0,0.0,0.0,0.0,0.0,0.0,0.0,0.0,0.0,0.0,0.0,0.0,0.0,0.0,250.58619157701028,0.0,-142.0834877558998,142.0834877558998,0.06892997386754154,0.0,0.0,0.0,-13.78599477350831,0.0,0.0,0.0,0.0,0.0,-141.57445595721137,2.297665795584718,0.0,0.0,0.0,0.0,0.0,497.99616327911843,0.0,0.0,0.0,0.0,0.0,0.0,0.0,0.0,85.22747648409143,0.0,495.77172362365525,457.05543760432397,-212.9768812749558,0.0,822.317069953971,-6.584074255302138,253.9696941450157,244.02646913410274,0.0,-497.99616327911843,114.37392002293193,-56.06304541226713,0.0,2.297665795584718,1000.0,0.0,0.0,0.0,-308.61780713104343,0.0,0.0,0.0,0.0,0.0,0.0,0.0,0.0,0.0,910.3338857917448,-151.91395203734248,56.06304541226713,0.0,250.0,250.0,-250.00000000000003,0.0,0.0,0.0,0.0,0.0,0.0,0.0,0.0,0.0,-643.9268945983632,0.0,0.0,13.78599477350831,136.05736879688328,0.0,0.0,0.0,-76.20846027158757,0.0,0.0,0.05054864750290925,0.0,0.0,0.0,28.031522706133565,0.0,0.0,0.0,0.0,424.8890595009877,0.0,0.0,0.0,0.0,0.0,0.0,0.0,0.0,-264.17091704285156,0.0,0.004595331591169436,0.004595331591169436,0.0,0.0,0.0,0.0,0.0,0.0,0.0,0.0,0.0,0.0,0.0,0.0,0.0,0.0,0.0,141.57445595721137,0.0,0.0,0.0,0.0,0.0,0.0,0.0,0.0,0.0,0.0,0.0,272.11473759376656,0.0,752.2010854305904,115.031516434693,0.0,0.0,0.0,27.57198954701662,0.0,0.0,0.0,0.0,0.0,-27.57198954701662,0.0,0.0,272.11473759376656,0.0,0.0,0.0,0.0,0.0,0.0,0.0,0.0,0.0,0.0,898.3564119693315,176.05876256955378,31.478021399510638,-13.78599477350831,0.0,0.0,615.9615916692157,0.0,0.0,0.0,0.0,0.0,0.0,0.0,0.0,0.0,0.0,0.0,0.0,0.0,0.0,0.0,0.0,0.0,-5.744164488961795,85.22747648409143,-3.4464986933770776,148.46745334396553,0.0,0.0,0.0,0.0,0.0,-0.5744164488961796,0.0,150.87698956020878,0.0,0.0,0.0,0.0,0.0,0.0,0.0,1000.0,13.78599477350831,13.785994773508309,0.0,0.0,0.0,0.0,0.0,0.05054864750290925,141.57445595721137,0.0,0.0,-615.9615916692157,0.0,0.0,0.0,0.0,0.0,0.0,0.0,0.0,0.0,0.0,0.0,0.0,0.0,0.0,71.0417438779499,0.0,0.0,0.0,0.0,48.25098170727909,0.0,0.0,139.59577412208375,0.0,0.0,0.0,141.57445595721137,0.0,-501.77352584705955,0.0,0.0,0.0,-5.744164488961795,0.0,0.0,0.0,0.0,0.0,0.0,0.0,0.0,0.0,0.0,0.0,0.0,0.0,0.0,0.0,0.0,0.0,0.0,-0.04595331591169436,0.0,0.0,2.297665795584718,-682.0184033219309,0.0,0.0,0.0,0.0,85.22747648409143,0.0,0.0,0.0,3.9565804999969294,1.1488328977923592,0.0,0.0,0.0,0.04595331591169436,0.0,45.95331591169436,-14.245527932625254,9.190663182338872,0.32823797079781686,128.2097513936273,-0.03446498693377077,2.2976657955847184,0.9190663182338872,-0.22976657955861976,-128.2097513936273,13.785994773508309,-0.04595331591169436,11.332082518236966,0.0,0.01148832897792359,0.32823797079781686,-33.9962475547109,-143.37313669002486,-0.9190663182339165,-300.0,-0.04595331591169436,0.01148832897792359,-128.2097513936273,4.595331591169436,0.04595331591169436,0.04595331591169436,-141.47795399379677,-136.00682014938042,0.0,-0.03446498693377077,13.785994773508309,0.04595331591169436,13.78599477350831,-22.97665795584718,-0.02297665795584718,-3.831913703968155,-170.0,-0.03446498693377077,-0.04595331591169436,-14.245527932625254,0.04595331591169436,4.595331591169436,-0.9190663182338872,250.58619157701028,250.58619157701028,-4.595331591169436,300.0,-250.58619157701028,9.190663182338872,0.06892997386754154,-1000.0,4.595331591169436,-219.51609597667428,0.0,-9.190663182338872,0.02297665795584718,0.4595331591169436,86.33416089805237,-203.7862180926169,-0.04595331591169436,-151.91395203734248,141.47795399379677,14.245527932625254,0.04595331591169436,143.37313669002486,-55.1439790940334,0.0,-0.04595331591169436,-0.01148832897792359,0.0,-0.045953315911694326,-95.40466840883056,0.04595331591214911,-0.01148832897792359,-0.01148832897792359,-0.01148832897792359,18.381326364677744,22.97665795584718,0.4595331591169436,250.8489776521539,-0.01148832897792359,161.33623927786778,2.297665795584718,50.0,0.04595331591169436,0.02297665795584718,0.022976657955847163,4.595331591169436,14.245527932625254,0.04595331591169436,-14.245527932625254,0.4595331591169436,0.04595331591169436,-684.4556071043078,0.04595331591169436,0.18381326364681172,0.22976657955861976,0.02297665795584718,0.01148832897792359,13.785994773508309,-0.04595331591169436,0.0,0.45953315911695825,-501.6979553043078,1.1488328977923594,-4.595331591169436,9.190663182338872,2.297665795584718,-0.04595331591169436,33.9962475547109,0.06892997386754154,-0.04595331591169436,-9.190663182338872,14.245527932625254,297.1333740610119,0.02297665795584718,-100.0,-0.04595331591169436,-0.04595331591214911,-0.04595331591169436,0.02297665795584718,128.2097513936273,-9.190663182338872,0.04595331591169436,172.66832179610475,-0.01148832897792359,136.00682014938042,-172.66832179610475,6.892997386754154,170.0,383.54115696837766,128.2097513936273,-0.03446498693377077,151.91395203734248,203.7862180926169,0.04595331591169436,-0.011488328977923592,2.297665795584718,45.95331591169436,-0.02297665795584718,-0.04595331591169436,0.01148832897792359,635.2659527131609,0.0,699.9770233420442,433.60662945215387,-255.0,0.0,556.7296141343345,-7.599642536950625,0.0,65.47386452868375,-255.0,-325.0,-300.0,-32.736932264341874,127.5,127.5,0.0,3.7998212684753123,-141.57445595721137,-220.92491378942435,300.0,325.0,-220.92491378942435,-556.7296141343345,303.63913081859926,0.0,1496.5981,hplb
7,0.0,0.0,0.0,0.0,0.0,0.0,0.0,0.0,170.88534594630877,0.0,0.0,0.0,0.0,0.0,0.0,0.0,84.23562760463831,922.4474529216991,0.0,-784.3350602760182,0.0,0.0,0.0,710.3598152062028,0.0,0.0,0.0,0.0,0.0,552.5339917681285,257.4198081929496,-257.4198081929496,463.91046723512966,0.0,0.0,0.0,0.0,203.046100617555,0.0,86.28968298966743,974.4957441154241,0.0,-1000.0,-576.7909340851733,0.0,0.0,0.0,0.0,-636.7696193727668,0.0,0.0,0.0,0.0,0.0935156049100445,0.0,0.0,0.0,0.0,0.0,0.0,-93.2935187362106,0.0,351.35430716362606,258.06078842741545,250.0000000000013,0.0,0.0,0.0,0.0,887.7266221309708,0.0,0.8501418628191949,0.0,0.0,0.0,0.0,0.0,0.0,0.0,243.32479496864534,0.0,0.0,0.0,0.0,51.008511769151696,0.0,0.0,205.82581569560728,32.709210593214976,536.3469857296254,999.9787464534295,0.0,0.0,1000.0,25.504255884575848,0.0,25.504255884575848,0.0,0.0,0.0,0.0,766.5293496957559,552.5339917681285,0.0,0.0,-4.145541882352518,0.0,1000.0,0.0,0.0,0.0,0.0,0.0,0.0,0.0,0.0,0.0,0.0,0.0,0.0,0.0,0.0,0.0,0.0,-341.94234307600004,0.0,0.0,25.504255884575848,0.0,26.354397747395044,0.0,0.0,250.0000000000039,-250.0000000000039,0.0,0.0,0.0,0.0,0.0,0.0,0.0,0.0,0.0,0.0,0.0,6.546092343707796,0.08501418628191948,1000.0,0.0,0.0,0.0,0.0,0.0,0.0,0.0,0.0,533.3206664756212,0.0,0.0,0.0,0.0,0.0,209.21059014391415,209.21059014391415,0.0,0.0,0.0,500.0,249.99999999739467,0.0,0.0,466.71541252314563,0.0,0.0,0.0,-346.8222200976427,0.0,0.0,0.0,0.0,0.0,0.0,0.0,0.0,0.0,0.0,-132.12831571074472,0.0,0.0,0.0,0.0,-1000.0,0.0,0.0,0.0,0.0,0.0,0.0,1000.0,-569.0561963228404,569.0561963228404,0.0,0.0,0.0,0.0,0.0,0.0,0.0,0.0,614.4007575189846,0.0,0.0,0.0,0.0,0.0,0.0,0.0,0.0,0.0,0.0,0.0,0.0,0.0,0.0,-65.9943254872322,-1000.0,0.0,0.0,0.0,0.0,87.98333493944997,0.0,0.0,0.0,0.0,-93.2935187362106,-423.20906591482674,257.4198081929496,0.0,159.44577627071843,0.0,0.0,0.0,0.0,0.0,607.4038012587296,17.002837256383895,0.0,0.0,518.7249093381166,120.49031625417194,0.0,0.0,1000.0,0.0,0.0,0.0,0.0,0.0,0.0,0.0,-51.47131443960399,0.0,0.0,-762.5278766509996,0.0,0.0,-762.5278766509996,0.0,0.0,-536.3469857296254,0.0,0.0,0.0,0.0,149.20624478710542,0.0,0.0,0.0,-1000.0,0.0,1000.0,0.0,466.5453841505818,0.0,0.0,278.17337320778927,500.0,0.0,0.0,-93.2935187362106,-0.12752127942287922,0.0,0.0,0.0,0.0,0.08501418628191948,0.0,0.0,0.0,279.10860791724457,84.23562760463831,0.0,-221.50624810134667,271.61138123057094,0.0,1000.0,0.0,1000.0,0.0,-4.145541882352518,0.0,0.0,0.0,721.1445605534105,-721.1445605534105,-1000.0,0.0,499.9999999999995,0.0,0.0,0.0,0.0,0.0,0.0,0.0,0.0,0.0,0.0,0.0,0.0,0.0,0.0,0.0,0.0,159.44577627071843,1000.0,0.0,0.0,0.0,796.6138426373174,347.2465362675032,0.0,1000.0,250.0000000000016,-356.5300854094878,0.0,0.0,0.0,0.0,762.2786403816599,721.1445605534105,0.0,243.7623046953239,0.0,0.0,261.2189187263184,0.0,157.06411617911158,0.0,0.0,-629.1523342002498,1000.0,-2.125354657047987,-4.250709314095974,-1000.0,0.0,0.0,-449.5050907989489,832.4674010477231,25.504255884575848,0.0,0.0,0.0,0.0,0.0,170.97036013259068,0.0,0.0,0.0,0.0,-87.79211800834395,0.0,0.0,0.0,0.0,0.0,0.0,0.0,0.0,-186.5870374724212,0.0,0.0,0.0,0.0,0.0,0.0,0.0,-91.49858137180806,0.17002837256389575,0.0,0.0,0.0,0.0,0.0,0.0,0.0,0.0,0.0,887.7266221309708,0.0,0.0,0.0,0.0,0.0,0.0,0.0,0.0,0.0,0.0935156049100445,0.0935156049100445,257.4198081929496,198.6833873452236,0.0,51.008511769151696,0.0,0.0,0.0,0.0,0.0,0.0,0.0,0.0,0.0,281.59433807862956,0.0,0.0,0.0,0.0,0.0,0.0,0.0,0.0,0.0,0.0,0.0,0.0,0.0,0.0,113.98078102533336,-279.10860791724457,0.0,0.0,6.546092343707796,0.0,412.01666506055005,587.98333493945,500.00000000000006,0.0,281.59433807862956,0.0,190.0957567068215,0.0,-250.00000000000023,250.00000000000023,0.0,0.0,0.0,0.0,0.0,0.0,0.0,0.0,0.0,0.0,0.0,0.0,0.0,0.0,51.008511769151696,0.0,0.0,0.0,0.0,0.0,0.0,0.0,0.0,0.0,0.0,0.0,0.0,0.8501418628191949,0.0,257.4198081929496,0.0,0.0,257.4198081929496,1000.0,0.0,0.0,25.504255884575848,0.0,0.0,0.0,0.0,0.0,0.0,0.0,0.0,0.0,0.0,0.0,-419.43647325350355,0.0,25.504255884575848,25.504255884575848,-328.5361801226439,0.0,0.0,0.0,0.0,0.0,0.0,0.0,0.0,447.46600823187146,0.0,499.9999999999995,0.08501418628191948,0.0,0.0,0.0,112.27337786902922,329.9348226343126,0.0,-1000.0,0.0,0.0,0.0,0.0,0.0,0.0,0.0,0.0,0.0,0.0,0.0,0.0,0.0,0.0,0.08501418628191948,0.0,0.0,0.0,0.0,0.0,0.0,0.0,0.0,796.6138426373174,0.0,-9.283549141984642,0.0,0.0,-1000.0,-6.376063971143962,-4.250709314095974,0.0,0.0,0.0,0.0,0.0,0.0,0.0,0.0,0.0,0.0,0.0,0.0,0.0,0.0,0.0,0.0,836.7181103618191,0.0,0.0,0.0,170.88534594630877,0.0,0.0,0.08501418628191948,0.0,0.08501418628191948,0.0,0.0,0.0,51.008511769151696,103.71730726394178,103.71730726394178,0.0,0.0,0.0,0.0,0.0,0.0,0.0,0.0,0.0,0.0,0.0,0.0,0.0,728.4642819922838,0.0,0.0,0.0,0.0,0.0,0.0,0.0,0.0,0.0,0.0,0.0,0.0,0.0,87.98333493944997,0.0,-221.19822234352682,221.19822234352682,0.12752127942287922,0.0,0.0,0.0,-25.504255884575848,0.0,0.0,0.0,0.0,0.0,-198.6833873452236,4.250709314095974,0.0,0.0,0.0,-500.00000000000006,-249.99999999739467,342.9958269534072,0.0,0.0,0.0,0.0,0.0,0.0,0.0,0.0,0.0,0.0,0.0,0.0,198.6833873452236,0.0,296.4913506815807,325.78928075196006,0.0,-13.534258456080615,0.0,13.534258456080615,0.0,-103.71730726394178,0.0,4.250709314095974,1000.0,0.0,0.0,-257.4198081929496,-186.5870374724212,-250.00000000000023,250.00000000000023,0.0,0.0,0.0,0.0,0.0,0.0,0.0,119.37618776845666,0.0,103.71730726394178,0.0,0.0,0.0,257.4198081929496,0.0,0.0,0.0,0.0,0.0,607.4038012587296,0.0,0.0,217.81157925865557,-1000.0,546.4921569099583,-1000.0,25.504255884575848,0.0,0.0,0.0,0.0,30.690846549170146,0.0,0.0,0.0935156049100445,0.0,0.0,0.0,51.85865363197089,0.0,0.0,0.0,0.0,-65.9943254872322,0.0,0.0,0.0,0.0,0.0,0.0,0.0,0.0,0.0,0.0,1000.0,0.008501418628191948,0.0,0.0,0.0,0.0,0.0,0.0,0.0,0.0,0.0,0.0,257.4198081929496,0.0,0.0,0.0,0.0,198.6833873452236,0.0,0.0,0.0,0.0,0.0,0.0,0.0,0.0,0.0,0.0,0.0,0.0,0.0,-252.63342443950853,922.4474529216991,0.0,0.0,0.0,51.00851176915165,0.0,0.0,0.0,0.0,0.0,-551.0085117691517,500.00000000000006,0.0,0.0,0.0,0.0,0.0,0.0,0.0,0.0,0.0,257.4198081929496,257.4198081929496,0.0,1000.0,1000.0,786.6989995953986,0.0,-25.504255884575848,0.0,999.6599432548724,0.0,0.0,0.0,0.0,0.0,0.0,0.0,0.0,0.0,0.0,0.0,0.0,0.0,0.0,0.0,0.0,0.0,-10.626773285239935,0.0,-768.6547043528038,722.0882180211398,0.0,0.0,0.0,0.0,0.0,-1.0626773285239937,0.0,186.5870374724212,0.0,0.0,0.0,0.0,0.0,0.0,0.0,1000.0,25.504255884575848,25.504255884575848,0.0,0.0,0.0,0.0,243.32479496864534,0.0935156049100445,198.6833873452236,0.0,0.0,-999.6599432548724,999.9914985813718,0.0,0.0,0.0,0.0,0.0,0.0,0.0,0.0,0.0,0.0,0.0,0.0,0.0,110.59911117176341,0.0,0.0,0.0,0.0,89.26489559601546,0.0,0.0,6.546092343707796,0.0,0.0,0.0,198.6833873452236,0.0,0.0,0.0,0.0,0.0,-10.626773285239935,0.0,0.0,0.0,0.0,0.0,0.0,0.0,0.0,0.0,0.0,0.0,0.0,0.0,0.0,0.0,0.0,0.0,0.0,-0.08501418628191948,0.0,0.0,4.250709314095974,-281.59433807862956,0.0,0.0,0.0,0.0,0.0,0.0,0.0,0.0,-721.1445605534105,2.125354657047987,0.0,0.0,0.0,0.08501418628191948,0.0,85.01418628191948,-26.354397747395044,17.002837256383895,0.6072441877279963,237.1895797265554,-0.06376063971143961,385.3900295049259,1.7002837256383896,-0.4250709314095502,-237.1895797265554,25.504255884575844,-0.08501418628191948,1.381847294117506,0.0,0.02125354657047987,0.6072441877279963,-4.145541882352518,-13.534258456080615,255.71952446731117,-222.34802025031922,-0.08501418628191948,0.02125354657047987,-237.1895797265554,8.501418628191947,0.08501418628191948,0.08501418628191948,-198.50485755403164,0.09351560491006694,-217.18314220792013,-0.06376063971143961,25.504255884575848,0.08501418628191952,25.504255884575848,-42.50709314095974,-0.04250709314095974,-307.8464405029961,-96.56976775392384,-0.06376063971143961,-0.08501418628191948,-26.354397747395044,0.08501418628191948,8.501418628191947,-1.7002837256383896,87.98333493944997,87.98333493944997,-8.501418628191947,222.34802025031922,-87.98333493944997,17.002837256383895,0.12752127942287922,-1000.0,8.501418628191947,-113.98078102533336,0.0,-17.002837256383895,0.04250709314095974,0.8501418628191949,55.37656202533667,215.68622460160748,-0.08501418628191948,-217.81157925865557,198.50485755403164,26.354397747395044,0.08501418628191948,13.534258456080615,-102.01702353830345,0.0,-0.08501418628191948,-0.02125354657047987,0.0,-0.08501418628191948,-91.49858137180806,0.08501418628194893,-0.021253546570505932,-0.021253546570505932,-0.021253546570505932,34.00567451276779,42.50709314095974,0.8501418628191949,113.84997661997988,-0.02125354657047987,109.37127675655583,4.250709314095974,50.0,0.08501418628191948,0.04250709314095974,0.04250709314095974,8.501418628191947,26.354397747395044,0.08501418628191948,-26.354397747395044,0.8501418628191949,0.08501418628191948,-215.58015933670413,0.08501418628191948,0.340056745127697,0.4250709314095502,0.04250709314095974,0.02125354657047987,25.504255884575848,-0.08501418628191948,217.18314220792013,-127.85976223365559,-227.69995323995977,383.2646748478779,-8.501418628191947,17.002837256383895,4.250709314095974,-0.08501418628191948,4.145541882352518,0.12752127942287922,-0.08501418628191948,-17.002837256383895,26.354397747395044,678.5865073913295,0.04250709314095974,-100.0,-0.08501418628191952,-0.08501418628194893,-0.08501418628191948,0.04250709314095974,237.1895797265554,-17.002837256383895,0.08501418628191948,110.75312405067334,-0.021253546570505932,-0.09351560491006694,-110.75312405067334,12.752127942287922,96.56976775392384,497.8804787969525,237.1895797265554,-0.06376063971143961,217.81157925865557,-215.68622460160748,0.08501418628191948,-0.02125354657047987,4.250709314095974,85.01418628191948,-0.04250709314095974,-0.08501418628191948,0.02125354657047987,0.0,0.0,999.957492906859,101.73018271672424,-255.0,0.0,424.5848497157349,-140.0,0.0,-80.0,-255.0,-313.49418793796457,0.0,40.0,127.5,127.5,0.0,70.0,-198.6833873452236,-709.2773539404997,0.0,313.49418793796457,-709.2773539404997,-424.5848497157349,259.0502273129232,0.0,1496.5981,hplb
8,0.0,0.0,0.0,0.0,0.0,0.0,0.0,0.0,-0.042937425781837534,0.0,0.0,0.0,0.0,0.0,0.0,0.0,125.00000000000051,35.834337139712176,0.0,0.0,0.0,0.0,0.0,744.8490303402475,0.0,546.9206644144876,0.0,0.0,0.0,-938.0889572768307,342.2816880351019,-342.2816880351019,42.08842454956571,0.0,0.0,0.0,0.0,522.403427340638,0.0,-1000.0,987.1187722654487,0.0,0.0,0.0,0.0,0.0,0.0,0.0,1000.0,0.0,0.0,250.00000000000102,0.0,0.047231168360063754,0.0,0.0,0.0,8.587485156367507,0.0,0.0,-117.87525197555426,0.0,0.0,-117.87525197555426,0.0,0.0,0.0,0.0,405.2113388440297,-405.2113388440297,0.0,0.4293742578183753,0.0,0.0,0.0,0.0,0.0,0.0,0.0,609.3433981920264,0.0,0.0,0.0,0.0,25.762455469102523,0.0,0.0,-856.6833236528275,-45.4307829943894,216.38938177429725,-0.010734356445459383,0.0,0.0,568.5402281820351,12.88122773455126,0.0,12.881227734551262,-319.78594546336586,0.0,0.0,0.0,2.1468712890918766,-938.0889572768307,0.0,0.0,-65.9918958159679,0.0,0.0,0.0,0.0,0.0,0.0,0.0,0.0,0.0,0.0,0.0,0.0,0.0,0.0,0.0,0.0,0.0,0.0,-972.6690579259459,0.0,0.0,12.881227734551262,0.0,13.310601992369637,0.0,0.0,0.0,0.0,0.0,0.0,-500.00000000000006,0.0,0.0,500.00000000000006,0.0,0.0,0.0,0.0,0.0,3.3061817852014883,0.042937425781837534,0.0,0.0,0.0,432.4130588817727,-1000.0,0.0,0.0,0.0,0.0,-177.19077013118354,0.0,0.0,0.0,0.0,0.0,-60.31729592690905,-60.31729592690905,0.0,0.0,0.0,-250.00000000000003,-80.44725950002996,0.0,0.0,282.0073295339747,0.0,0.0,0.0,226.3636837757241,0.0,0.0,0.0,0.0,0.0,0.0,0.0,0.0,0.0,0.0,-96.04336036749675,0.0,0.0,0.0,0.0,-1000.0,0.0,0.0,0.0,0.0,0.0,0.0,-250.00000000000102,-142.51766079254077,142.51766079254077,0.0,0.0,0.0,0.0,0.0,0.0,0.0,0.0,-121.36772226086987,0.0,0.0,0.0,0.0,0.0,0.0,0.0,0.0,0.0,0.0,0.0,0.0,0.0,212.26219512982698,484.7619114309623,63.088957276831195,0.0,0.0,0.0,0.0,94.10503820802042,0.0,0.0,0.0,0.0,-117.87525197555426,63.088957276831195,342.2816880351019,0.0,0.0,0.0,0.0,0.0,0.0,0.0,23.878327681910918,0.0,0.0,0.0,341.324975635625,438.4118534337765,-249.20098444536933,0.0,-63.088957276831195,0.0,0.0,0.0,-616.3744412649469,0.0,0.0,0.0,-61.37432490089634,0.0,0.0,-1000.0,0.0,0.0,-1000.0,0.0,0.0,-187.9484437869302,0.0,0.0,0.0,0.0,25.69037972330632,0.0,0.0,0.0,258.27434887137235,0.0,-258.27434887137235,0.0,503.57059716137974,0.0,0.0,0.0,-250.0,0.0,0.0,-117.87525197555426,-0.0644061386727563,0.0,0.0,0.0,0.0,0.042937425781837534,0.0,0.0,0.0,869.1354063755173,125.00000000000051,0.0,-43.99459721064526,423.1898701165481,0.0,1000.0,0.0,0.0,0.0,-65.9918958159679,0.0,0.0,0.0,-3.6969123598162534,3.6969123598162534,0.0,-1000.0,-299.2759971691364,0.0,0.0,0.0,0.0,0.0,0.0,0.0,0.0,0.0,0.0,0.0,0.0,0.0,0.0,0.0,0.0,0.0,1000.0,0.0,477.424822956235,0.0,0.0,0.0,0.0,0.0,0.0,315.09717856798954,0.0,0.0,0.0,0.0,0.0,0.0,0.0,0.0,0.0,-408.90825120384596,0.0,0.0,-307.8152438152375,249.9999999999933,0.0,-2.1468712890918766,0.0,-1.0734356445459383,-2.1468712890918766,0.0,0.0,722.0906732418132,410.39725349979324,-750.0000000000076,12.881227734551262,0.0,0.0,0.0,844.5835739227626,0.0,0.0,0.0,-212.26219512982698,212.26219512982698,212.26219512982698,-532.1791632631623,0.0,0.0,-221.6491424789687,0.0,0.0,0.0,0.0,0.0,-235.75050395110853,0.0,0.0,0.0,0.0,0.0,0.0,0.0,-95.70625742181625,0.08587485156370374,0.0,0.0,0.0,0.0,0.0,0.0,0.0,0.0,0.0,0.0,0.0,0.0,0.0,0.0,0.0,0.0,0.0,0.0,0.0,0.047231168360063754,0.047231168360063754,342.2816880351019,241.5042610199141,0.0,25.762455469102523,0.0,0.0,0.0,281.0317297964453,0.0,0.0,0.0,0.0,0.0,-317.25146396071307,-281.0317297964453,0.0,0.0,742.2420675508823,0.0,0.0,0.0,0.0,0.0,0.0,0.0,0.0,0.0,0.0,324.22301930864865,-869.1354063755173,567.5869411182273,0.0,3.3061817852014883,0.0,474.4351899740147,94.10503820802042,0.0,0.0,-317.25146396071307,0.0,-412.9577213825293,0.0,0.0,0.0,212.26219512982698,0.0,0.0,0.0,0.0,0.0,0.0,0.0,0.0,0.0,0.0,0.0,0.0,0.0,25.762455469102523,0.0,0.0,0.0,0.0,0.0,0.0,0.0,0.0,0.0,0.0,0.0,0.0,0.4293742578183753,0.0,342.2816880351019,0.0,0.0,342.2816880351019,-250.00000000000102,0.0,0.0,12.881227734551262,-742.2420675508823,0.0,0.0,0.0,0.0,0.0,0.0,0.0,0.0,0.0,475.13589454015005,0.0,0.0,12.881227734551262,12.88122773455126,1000.0,-281.0317297964453,0.0,0.0,0.0,0.0,0.0,0.0,0.0,938.0889572768307,0.0,1000.0,0.042937425781837534,0.0,0.0,-163.04074983281365,219.74575449569895,0.0,0.0,-568.5402281820351,0.0,0.0,0.0,0.0,0.0,0.0,0.0,0.0,0.0,0.0,0.0,0.0,0.0,0.0,0.042937425781837534,0.0,0.0,0.0,-1000.0,1000.0,0.0,0.0,0.0,0.0,0.0,315.09717856798954,0.0,0.0,-522.575177043765,-3.2203069336378154,0.0,-2.1468712890918766,0.0,0.0,0.0,0.0,0.0,0.0,0.0,0.0,0.0,0.0,0.0,0.0,0.0,0.0,0.0,-25.7624554691025,0.0,0.0,0.0,-0.042937425781837534,0.0,0.0,0.042937425781837534,0.0,0.042937425781837534,0.0,0.0,0.0,25.762455469102523,52.3836594538418,52.3836594538418,0.0,0.0,0.0,0.0,0.0,0.0,0.0,567.5869411182273,0.0,0.0,0.0,0.0,0.0,0.0,0.0,0.0,0.0,0.0,0.0,0.0,0.0,0.0,0.0,0.0,0.0,0.0,0.0,94.10503820802042,0.0,-1000.0,1000.0,0.0644061386727563,0.0,0.0,0.0,-12.881227734551262,0.0,0.0,0.0,0.0,0.0,-241.5042610199141,2.1468712890918766,0.0,0.0,0.0,250.0,80.44725950002996,-315.09717856798954,-2.1468712890918766,0.0,0.0,0.0,0.0,0.0,0.0,0.0,0.0,0.0,742.2420675508823,723.3125443672316,29.242065890087133,0.0,883.9994559618598,-65.9918958159679,0.0,0.0,0.0,0.0,0.0,-668.7581007187887,0.0,2.1468712890918766,833.1194009563101,0.0,0.0,-342.2816880351019,-235.75050395110853,0.0,0.0,0.0,0.0,0.0,0.0,0.0,0.0,0.0,340.76792832104866,-251.1651818208274,52.3836594538418,0.0,0.0,0.0,342.2816880351019,0.0,0.0,0.0,0.0,0.0,23.878327681910918,0.0,0.0,0.0,-56.70500466288531,-518.4617787477621,0.0,12.881227734551262,0.0,0.0,0.0,0.0,-300.73746563010803,0.0,0.0,0.047231168360063754,0.0,0.0,0.0,26.1918297269209,0.0,0.0,0.0,0.0,484.7619114309623,0.0,0.0,0.0,0.0,0.0,0.0,0.0,0.0,0.0,0.0,0.004293742578183876,0.004293742578183876,0.0,0.0,0.0,0.0,0.0,0.0,0.0,0.0,0.0,-163.04074983281365,342.2816880351019,0.0,0.0,0.0,0.0,241.5042610199141,0.0,0.0,0.0,0.0,0.0,0.0,0.0,0.0,0.0,0.0,0.0,0.0,1000.0,0.0,35.834337139712176,0.0,0.0,0.0,25.762455469102523,0.0,0.0,0.0,0.0,0.0,0.0,-25.762455469102523,0.0,0.0,0.0,0.0,0.0,0.0,0.0,0.0,0.0,342.2816880351019,342.2816880351019,0.0,-299.2759971691364,-1000.0,29.412136660558723,0.0,-12.881227734551262,0.0,522.403427340638,0.0,0.0,0.0,0.0,0.0,0.0,0.0,0.0,0.0,0.0,0.0,0.0,0.0,0.0,0.0,0.0,0.0,-5.367178222729692,0.0,-3.2203069336378154,247.94487488718974,0.0,0.0,0.0,0.0,0.0,0.0,-0.5367178222729693,235.75050395110853,0.0,0.0,0.0,0.0,0.0,0.0,0.0,1000.0,12.88122773455126,12.88122773455126,0.0,0.0,0.0,0.0,609.3433981920264,0.047231168360063754,241.5042610199141,0.0,0.0,-522.403427340638,0.0,0.0,0.0,0.0,0.0,0.0,0.0,0.0,0.0,0.0,0.0,0.0,0.0,0.0,226.53966779275618,0.0,0.0,0.0,0.0,45.084297070929416,3.3061817852014883,0.0,0.0,0.0,0.0,0.0,241.5042610199141,0.0,-4.688766895376318,0.0,0.0,0.0,-5.367178222729692,0.0,0.0,0.0,0.0,0.0,0.0,0.0,0.0,0.0,0.0,0.0,0.0,0.0,0.0,0.0,0.0,0.0,0.0,-0.042937425781837534,0.0,0.0,2.1468712890918766,317.25146396071307,0.0,0.0,0.0,0.0,0.0,0.0,0.0,0.0,3.6969123598162534,1.0734356445459383,0.0,0.0,546.9206644144876,0.042937425781837534,0.0,42.93742578183753,-13.310601992369637,8.587485156367507,0.30669589844169665,119.79541793132674,-0.03220306933637815,2.1468712890918766,0.8587485156367507,-0.21468712890884944,-119.79541793132674,12.88122773455126,-0.04293742578183754,21.99729860532263,0.0,0.010734356445459383,0.30669589844169665,-65.9918958159679,-6.835638184468195,341.42293951946516,-160.8343371397127,-0.042937425781837534,0.010734356445459383,-119.79541793132674,4.293742578183753,0.042937425781837534,0.042937425781837534,-241.4140924257722,0.04723116836002141,-5.810890339446161,-0.03220306933637815,12.881227734551262,0.042937425781837534,12.881227734551262,-21.468712890918766,-0.021468712890918767,314.9854521025655,-98.44171821198601,-0.03220306933637815,-0.042937425781837534,-13.310601992369637,0.042937425781837534,4.293742578183753,-0.8587485156367507,94.10503820802042,94.10503820802042,-4.293742578183753,160.8343371397127,-94.10503820802042,8.587485156367507,0.0644061386727563,-1000.0,4.293742578183753,-324.22301930864865,0.0,-8.587485156367507,0.021468712890918767,0.4293742578183753,10.998649302661315,37.82955104645464,-0.042937425781837534,-251.1651818208274,241.4140924257722,13.310601992369637,0.042937425781837534,6.835638184468195,-51.52491093820487,0.0,-0.042937425781837534,-0.010734356445459383,0.0,-0.042937425781837534,-95.70625742181625,0.042937425782005434,-0.010734356445459383,-0.010734356445459383,-0.010734356445459383,17.174970312735013,21.468712890918766,0.4293742578183753,31.811265326118033,-0.010734356445459383,0.0,2.1468712890918766,50.0,0.042937425781837534,0.021468712890918767,0.021468712890918767,4.293742578183753,13.310601992369637,0.042937425781837534,-13.310601992369637,0.4293742578183753,0.04293742578183754,-31.811265326118033,0.042937425781837534,0.17174970312703408,0.21468712890884944,0.021468712890918767,0.010734356445459383,12.881227734551262,-0.042937425781837534,5.810890339446161,-170.71146975973258,-63.622530652236065,1.0734356445459388,-4.293742578183753,8.587485156367507,2.1468712890918766,-0.042937425781837534,65.9918958159679,0.0644061386727563,-0.04293742578183754,-8.587485156367507,13.310601992369637,463.02471442102745,0.021468712890918767,-100.0,-0.042937425781837534,-0.042937425782005434,-0.042937425781837534,0.021468712890918767,119.79541793132674,-8.587485156367507,0.042937425781837534,21.99729860532263,-0.010734356445459383,-0.04723116836002141,-21.99729860532263,6.44061386727563,98.44171821198601,381.32372535302295,119.79541793132674,-0.03220306933637815,251.1651818208274,-37.82955104645464,0.042937425781837534,-0.010734356445459382,2.1468712890918766,42.93742578183753,-0.021468712890918767,-0.042937425781837534,0.010734356445459383,169.14346280160044,0.0,971.537593299742,0.0,-255.0,0.0,474.18479057439174,-109.02923747531226,0.0,-80.0,-255.0,-325.0,-28.44093798736706,40.0,127.5,127.5,0.0,54.51461873765613,-241.5042610199141,-162.28724879091942,28.44093798736706,325.0,-162.28724879091942,-474.18479057439174,260.7079794672064,0.0,1496.5981,hplb
9,0.0,0.0,0.0,0.0,0.0,0.0,0.0,0.0,342.856182218717,0.0,0.0,0.0,0.0,0.0,0.0,0.0,-782.7284209077521,1000.0,0.0,82.72842090775214,0.0,0.0,0.0,0.0,0.0,0.0,0.0,0.0,0.0,-895.0252432422583,0.0,0.0,731.4191440847999,0.0,0.0,0.0,0.0,403.81190418266715,0.0,-1000.0,1000.0,0.0,0.0,0.0,0.0,0.0,0.0,0.0,677.7536641500104,0.0,0.0,0.0,0.0,0.13718074011671177,0.0,0.0,0.0,24.941952748478673,0.0,0.0,-66.57502134925284,0.0,0.0,-87.70245447942023,0.0,0.0,0.0,0.0,0.0,0.0,0.0,1.247097637423934,0.0,0.0,0.0,0.0,0.0,0.0,0.0,0.0,0.0,0.0,432.69521851614206,0.0,74.82585824543602,0.0,62.63472586572787,-192.08852587220179,514.3348617221914,243.8024047828476,-0.031177440935598343,0.0,0.0,715.835723689457,37.41292912271801,0.0,37.41292912271801,0.0,0.0,0.0,432.69521851614206,246.9924507594141,-1000.0,0.0,0.0,-50.949016281651325,0.0,0.0,0.0,0.0,0.0,0.0,0.0,0.0,0.0,0.0,0.0,0.0,0.0,0.0,0.0,0.0,0.0,0.0,-1000.0,0.0,0.0,37.41292912271801,0.0,38.660026760141946,0.0,0.0,-331.9690626062073,331.9690626062073,0.0,0.0,0.0,0.0,0.0,-21.127433130167383,0.0,0.0,0.0,0.0,0.0,-360.4578408422499,0.12470976374239337,0.0,0.0,0.0,-331.6197177901283,0.0,0.0,0.0,0.0,0.0,594.8086317730412,0.0,0.0,0.0,0.0,0.0,762.669295807406,762.669295807406,0.0,0.0,0.0,0.0,750.0000000000007,0.0,0.0,762.7940055711484,0.0,0.0,0.0,724.026633061259,0.0,0.0,0.0,0.0,0.0,0.0,0.0,0.0,0.0,0.0,0.0,0.0,0.0,0.0,0.0,-843.5326215362115,0.0,0.0,0.0,0.0,0.0,0.0,0.0,-485.66513827780864,485.66513827780864,21.127433130167383,0.0,0.0,0.0,0.0,0.0,0.0,104.97475675774177,-383.91095542614954,0.0,0.0,0.0,0.0,0.0,0.0,0.0,0.0,0.0,0.0,0.0,0.0,0.0,7.500742040200738,311.824026584778,1000.0,0.0,0.0,0.0,0.0,157.40431386201826,0.0,0.0,0.0,0.0,-66.57502134925284,1000.0,0.0,0.0,0.0,0.0,0.0,0.0,0.0,0.0,6.271609309664976,0.0,0.0,0.0,-1000.0,0.0,0.0,0.0,-1000.0,0.0,0.0,21.127433130167383,239.84836624514014,0.0,0.0,0.0,-103.41588471096186,0.0,0.0,-726.3282416415187,0.0,0.0,-726.3282416415187,0.0,0.0,28.66972344438284,0.0,111.39814435213498,0.0,0.0,169.40849384909188,0.0,0.0,0.0,0.0,0.0,0.0,0.0,574.64040844648,0.0,0.0,422.9602977400866,0.0,0.0,0.0,-66.57502134925284,-0.18706464561359004,0.0,0.0,0.0,0.0,0.12470976374239337,0.0,0.0,0.0,621.3163361116428,-782.7284209077521,0.0,-846.9196791158613,44.73883448852149,0.0,978.397204980179,0.0,607.0670726466731,0.0,-50.949016281651325,0.0,0.0,0.0,-10.737510658220147,-689.7902119171965,93.4606499287438,-1000.0,-1000.0,0.0,0.0,0.0,0.0,0.0,0.0,0.0,0.0,0.0,0.0,0.0,0.0,0.0,0.0,0.0,0.0,0.0,-595.6892567623631,0.0,-1000.0,0.0,0.0,2.2559549171580215,0.0,0.0,0.0,354.1862315325849,0.0,0.0,0.0,738.6176531921235,240.75696257229444,360.57228027670504,0.0,-126.61396947326689,0.0,329.2179316404915,0.0,106.45981870128034,0.0,-1000.0,0.0,0.0,0.0,-3.117744093559834,-112.69530688840001,-426.32451806109236,0.0,0.0,705.1986267498964,186.00934570930463,37.41292912271801,0.0,0.0,0.0,228.7976774091578,0.0,342.98089198245935,0.0,-7.500742040200738,7.500742040200738,7.500742040200738,-592.9148600211433,0.0,0.0,0.0,0.0,0.0,104.97475675774177,0.0,0.0,-29.008024097217323,0.0,0.0,59.015724142538964,0.0,0.0,0.0,0.0,-57.20862032806833,0.24941952748474705,0.0,0.0,0.0,0.0,0.0,0.0,0.0,0.0,0.0,0.0,0.0,0.0,0.0,0.0,0.0,0.0,0.0,0.0,0.0,0.13718074011671177,0.13718074011671177,0.0,262.55878929172206,0.0,74.82585824543602,0.0,0.0,0.0,1000.0,0.0,0.0,62.63472586572787,0.0,0.0,2.9076131240106573,-1000.0,0.0,0.0,0.0,0.0,0.0,59.015724142538964,0.0,0.0,0.0,0.0,0.0,0.0,0.0,333.3333333333333,-621.3163361116428,331.6197177901283,0.0,72.23737767389215,0.0,-284.16427631054296,1000.0,821.4682530078144,0.0,2.9076131240106573,0.0,945.6989927959423,-1000.0,0.0,0.0,7.500742040200738,0.0,0.0,0.0,0.0,0.0,0.0,0.0,0.0,0.0,0.0,0.0,0.0,0.0,74.82585824543602,21.127433130167383,21.127433130167383,0.0,0.0,0.0,0.0,0.0,0.0,0.0,0.0,0.0,0.0,1.247097637423934,0.0,0.0,62.63472586572787,-62.63472586572787,0.0,0.0,0.0,0.0,37.41292912271801,0.0,0.0,0.0,0.0,0.0,0.0,0.0,0.0,0.0,0.0,430.3576523256866,0.0,0.0,37.41292912271801,37.41292912271801,1000.0,-1000.0,0.0,59.015724142538964,0.0,0.0,0.0,0.0,0.0,1000.0,104.97475675774177,1000.0,0.12470976374239337,0.0,0.0,0.0,164.6970587023651,645.1242461451582,0.0,-715.835723689457,0.0,0.0,0.0,0.0,0.0,0.0,0.0,0.0,0.0,0.0,0.0,0.0,0.0,0.0,0.12470976374239337,0.0,0.0,0.0,0.0,0.0,0.0,0.0,0.0,0.0,0.0,356.4421864497429,0.0,0.0,-404.31074323763687,-9.353232280679503,-2.25595491715803,-3.9795332699616384,0.0,0.0,0.0,0.0,0.0,0.0,0.0,0.0,0.0,0.0,0.0,21.127433130167383,0.0,0.0,0.0,192.24483389642432,0.0,0.0,0.0,342.856182218717,0.0,0.0,0.12470976374239337,0.0,0.12470976374239337,0.0,0.0,0.0,74.82585824543602,152.14591176571992,152.14591176571992,0.0,0.0,0.0,0.0,0.0,0.0,0.0,331.6197177901283,0.0,104.97475675774177,0.0,0.0,0.0,0.0,0.0,0.0,0.0,0.0,0.0,0.0,0.0,0.0,0.0,0.0,0.0,0.0,0.0,178.53174699218567,0.0,-626.350275903171,626.350275903171,0.18706464561359004,0.0,0.0,0.0,-37.41292912271801,0.0,0.0,0.0,0.0,0.0,-262.55878929172206,6.235488187119668,0.0,0.0,0.0,0.0,-750.0000000000007,-1000.0,-3.9795332699616384,0.0,0.0,0.0,0.0,0.0,0.0,0.0,21.127433130167383,0.0,0.0,0.0,255.05804725152132,0.0,631.6777650416496,594.1752298635068,0.0,-645.8137684674151,0.0,645.8137684674151,0.0,87.70245447942023,0.0,6.235488187119668,1000.0,0.0,204.35080164445316,0.0,-154.27747582867306,0.0,0.0,0.0,0.0,0.0,0.0,0.0,0.0,0.0,0.0,-18.706464561359013,152.14591176571992,0.0,0.0,0.0,0.0,0.0,0.0,0.0,0.0,0.0,6.271609309664976,0.0,0.0,271.91202157240156,-164.6970587023651,-52.49936851437133,0.0,37.41292912271801,62.63472586572787,0.0,0.0,0.0,259.8263076963946,0.0,0.0,0.13718074011671177,0.0,0.0,0.0,76.07295588285996,0.0,0.0,0.0,0.0,311.824026584778,0.0,0.0,0.0,0.0,0.0,0.0,0.0,0.0,0.0,0.0,0.012470976374239337,0.012470976374239337,0.0,0.0,0.0,0.0,0.0,0.0,0.0,0.0,0.0,0.0,0.0,0.0,0.0,0.0,0.0,262.55878929172206,0.0,0.0,0.0,0.0,0.0,0.0,0.0,0.0,0.0,0.0,0.0,125.26945173145575,0.0,-693.576612405607,1000.0,0.0,0.0,0.0,74.82585824543602,0.0,0.0,0.0,0.0,0.0,0.0,-74.82585824543602,0.0,125.26945173145575,0.0,0.0,0.0,0.0,0.0,0.0,0.0,0.0,0.0,0.0,-1000.0,-1000.0,85.42618816353948,0.0,-37.41292912271801,0.0,403.81190418266715,0.0,0.0,0.0,0.0,0.0,0.0,0.0,0.0,0.0,0.0,0.0,0.0,0.0,0.0,0.0,0.0,0.0,-15.58872046779917,21.127433130167383,-250.11019485297393,9.353232280679512,0.0,0.0,0.0,0.0,0.0,-1.5588720467799173,0.0,29.008024097217323,0.0,0.0,0.0,0.0,0.0,0.0,0.0,1000.0,37.41292912271801,37.41292912271801,0.0,0.0,0.0,0.0,0.0,0.13718074011671177,262.55878929172206,0.0,0.0,-403.81190418266715,0.0,0.0,0.0,0.0,0.0,0.0,0.0,0.0,0.0,0.0,0.0,0.0,0.0,0.0,313.1751379515855,0.0,0.0,0.0,0.0,130.94525192951303,0.0,0.0,72.23737767389215,0.0,0.0,0.0,262.55878929172206,0.0,1000.0,0.0,0.0,0.0,-15.58872046779917,0.0,0.0,0.0,0.0,0.0,0.0,0.0,0.0,0.0,0.0,0.0,0.0,0.0,0.0,0.0,0.0,0.0,0.0,-0.12470976374239337,0.0,0.0,6.235488187119668,-2.9076131240106573,0.0,0.0,0.0,0.0,21.127433130167383,0.0,0.0,0.0,10.737510658220147,3.117744093559834,0.0,0.0,0.0,0.12470976374239337,0.0,124.70976374239336,-38.660026760141946,24.941952748478673,0.8907840267313812,347.9402408412775,-0.09353232280679502,126.61396947326689,2.4941952748478675,-0.6235488187121149,-347.9402408412775,37.41292912271801,-0.12470976374239337,16.98300542721711,59.015724142538964,0.031177440935598343,0.8907840267313812,-50.949016281651325,-82.4885202535188,-2.4941952748478675,-300.0,-0.12470976374239337,0.031177440935598343,-347.9402408412775,118.02248887916957,0.12470976374239337,0.12470976374239337,-262.296898787863,-62.49754512561124,-41.605485704407386,-0.09353232280679502,37.41292912271801,0.12470976374239337,37.41292912271801,-62.35488187119668,-0.062354881871196685,-451.3051135053311,-170.0,-0.09353232280679502,-0.12470976374239337,-38.660026760141946,0.12470976374239337,12.470976374239337,-2.4941952748478675,178.53174699218567,178.53174699218567,-12.470976374239337,300.0,-178.53174699218567,24.941952748478673,0.18706464561359004,-503.9703599114348,12.470976374239337,-333.3333333333333,59.015724142538964,-24.941952748478673,0.062354881871196685,1.247097637423934,211.72991977896532,280.0,-0.12470976374239337,-290.6184861337606,262.296898787863,38.660026760141946,0.12470976374239337,82.4885202535188,-196.18750485326336,59.015724142538964,-0.12470976374239337,-0.031177440935598343,-59.015724142538964,-0.12470976374239337,-57.20862032806833,0.12470976374239347,-0.031177440935598343,-0.031177440935598343,-0.031177440935598343,49.88390549695735,62.35488187119668,1.247097637423934,322.8378058273887,-0.031177440935598343,406.47683413071354,6.235488187119668,34.83979835115383,0.12470976374239337,0.062354881871196685,0.062354881871196685,41.97883844550882,38.660026760141946,0.12470976374239337,-38.660026760141946,1.247097637423934,0.12470976374239337,-783.7247250568706,0.12470976374239336,0.49883905496970016,0.6235488187121149,0.062354881871196685,0.031177440935598343,37.41292912271801,-0.12470976374239337,41.605485704407386,1.2470976374239338,-645.6756116547774,123.49622537970706,-12.470976374239337,24.941952748478673,6.235488187119668,-0.12470976374239336,50.949016281651325,0.18706464561359004,-0.12470976374239337,-83.95767689101764,38.660026760141946,-2.424818294048066,0.062354881871196685,-69.67959670230766,-0.12470976374239337,-0.12470976374239347,-0.12470976374239337,0.062354881871196685,347.9402408412775,-24.941952748478673,0.12470976374239337,423.45983955793065,-0.031177440935598343,62.49754512561124,-423.45983955793065,18.706464561359002,170.0,-131.52403992785565,347.9402408412775,-0.09353232280679502,290.6184861337606,-280.0,0.12470976374239337,-0.031177440935598336,744.8531413792432,124.70976374239336,-0.062354881871196685,-0.12470976374239337,0.031177440935598343,1000.0,0.0,231.43587680233318,460.8869192294819,-255.0,0.0,475.5530801448112,-140.0,105.55151250493023,-31.04259198023624,-255.0,-325.0,-272.4721282272304,15.52129599011812,127.5,127.5,-105.55151250493023,70.0,-262.55878929172206,-257.40148940234656,272.4721282272304,325.0,-257.40148940234656,-475.5530801448112,329.6348043119176,0.0,1496.5981,hplb
10,0.0,0.0,0.0,0.0,0.0,0.0,0.0,0.0,-0.08891058377211856,0.0,0.0,0.0,0.0,0.0,0.0,0.0,-371.96240507612634,392.5658487548022,0.0,0.0,0.0,0.0,0.0,72.08607397808989,0.0,0.0,0.0,0.0,0.0,-51.49232727310872,0.0,0.0,138.03507609863627,0.0,0.0,0.0,0.0,-499.0,0.0,-742.2661751900674,973.3268248683644,0.0,0.0,0.0,0.0,0.0,0.0,0.0,423.4547323492351,-211.93718562003394,0.0,0.0,0.0,0.09780164214926042,0.0,0.0,0.0,17.78211675442371,0.0,0.0,42.62084709729007,0.0,-641.2681295728249,-750.0,0.0,0.0,0.0,0.0,0.0,0.0,0.0,0.8891058377211856,0.0,0.0,0.0,0.0,0.0,0.0,0.0,0.0,0.0,0.0,0.0,0.0,53.346350263271134,0.0,0.0,-387.4068468733427,216.9869420139635,119.06094346192877,-0.02222764594302964,0.0,0.0,-373.14424527152454,26.673175131635567,0.0,26.673175131635567,0.0,0.0,0.0,0.0,4.445529188605928,-51.49232727310872,0.0,0.0,0.0,0.0,0.0,0.0,0.0,0.0,0.0,0.0,0.0,0.0,0.0,0.0,0.0,0.0,0.0,0.0,0.0,0.0,0.0,-448.01409155587487,0.0,0.0,26.673175131635567,0.0,27.56228096935675,0.0,0.0,0.0,0.0,0.0,0.0,0.0,0.0,0.0,-151.35271752446516,0.0,0.0,0.0,0.0,0.0,6.846114950453125,0.08891058377211856,0.0,0.0,0.0,0.0,-493.96191340391556,0.0,0.0,432.9778872538871,0.0,443.98530030874855,0.0,0.0,0.0,0.0,0.0,497.92251811067985,497.92251811067985,0.0,0.0,0.0,0.0,-750.1549137974296,0.0,0.0,498.011428694452,0.0,0.0,0.0,493.2812325177915,0.0,0.0,0.0,0.0,0.0,0.0,0.0,0.0,0.0,0.0,0.0,0.0,0.0,0.0,0.0,-736.1208741676157,0.0,0.0,0.0,0.0,0.0,211.93718562003394,0.0,-36.04788547589227,36.04788547589227,0.0,0.0,0.0,0.0,0.0,0.0,0.0,0.0,-516.9659612244958,0.0,0.0,0.0,0.0,0.0,0.0,0.0,0.0,0.0,0.0,0.0,0.0,0.0,0.0,429.526146912763,0.0,0.0,0.0,0.0,151.35271752446516,161.02003103901603,0.0,0.0,0.0,0.0,42.62084709729007,0.0,0.0,0.0,0.0,0.0,0.0,0.0,0.0,0.0,2.8629207974632784,0.0,0.0,0.0,-253.0348274898558,0.0,0.0,0.0,0.0,0.0,0.0,151.35271752446516,108.47091220198463,0.0,0.0,0.0,46.556981967361594,0.0,0.0,-315.6176075688935,0.0,0.0,-315.6176075688936,0.0,0.0,180.9390565380712,0.0,320.4700778030176,211.93718562003394,0.0,87.04049768519474,0.0,0.0,0.0,0.0,0.0,0.0,0.0,497.8336075269077,0.0,151.35271752446516,-732.9565987113847,0.0,0.0,0.0,42.62084709729007,-0.13336587565817784,0.0,0.0,0.0,0.0,0.08891058377211856,0.0,0.0,0.0,545.5647471995007,-371.96240507612634,0.0,-503.89611791137133,18.97326207480694,0.0,1000.0,0.0,1000.0,0.0,0.0,0.0,0.0,0.0,426.91622395875413,-632.8143277204309,-794.1018962383231,-413.4284884483403,-1000.0,0.0,0.0,0.0,0.0,0.0,0.0,0.0,0.0,0.0,0.0,0.0,0.0,0.0,0.0,0.0,0.0,0.0,-1000.0,0.0,-501.35564233508853,0.0,0.0,0.0,0.0,0.0,0.0,-9.709035747916403,0.0,0.0,0.0,239.812369967632,0.0,941.549959079163,0.0,0.0,0.0,-308.7356313587321,-500.00000000000006,-4.445529188605928,0.0,0.0,0.0,-4.445529188605928,647.4042121856743,-2.222764594302964,0.0,242.31934611164502,0.0,-1000.0,-637.5901609796102,639.5026854991926,26.673175131635567,0.0,0.0,0.0,774.5214555795926,0.0,0.0,0.0,0.0,0.0,0.0,-537.3035723340163,0.0,0.0,0.0,0.0,0.0,0.0,0.0,0.0,-66.11102332988503,0.0,0.0,0.0,0.0,0.0,0.0,0.0,-91.10894162278814,0.17782116754418817,0.0,0.0,0.0,0.0,0.0,0.0,0.0,0.0,0.0,0.0,0.0,0.0,0.0,0.0,0.0,0.0,0.0,0.0,0.0,0.09780164214926042,0.09780164214926042,0.0,127.22498642680068,0.0,53.346350263271134,0.0,0.0,0.0,-719.7015939244006,0.0,0.0,0.0,0.0,0.0,-60.96936614114801,719.7015939244006,0.0,0.0,0.0,0.0,0.0,0.0,0.0,0.0,0.0,0.0,0.0,0.0,0.0,149.33803051862495,-545.5647471995007,493.96191340391556,0.0,6.846114950453125,0.0,-784.1642763105408,411.02003103901626,250.00000000000023,0.0,-60.96936614114801,0.0,-152.07830776393615,0.0,0.0,0.0,0.0,0.0,0.0,0.0,0.0,0.0,0.0,0.0,0.0,0.0,0.0,0.0,0.0,0.0,53.346350263271134,151.35271752446516,151.35271752446516,0.0,0.0,0.0,0.0,0.0,0.0,0.0,0.0,0.0,0.0,0.8891058377211856,0.0,0.0,0.0,0.0,0.0,0.0,0.0,0.0,26.673175131635567,0.0,0.0,0.0,0.0,0.0,0.0,0.0,0.0,0.0,0.0,189.62586572483062,0.0,0.0,26.673175131635567,26.673175131635567,1000.0,719.7015939244006,0.0,0.0,0.0,0.0,0.0,0.0,0.0,-535.079184278551,0.0,-368.5875983287271,0.08891058377211856,0.0,0.0,-874.9999999999786,992.4191273830286,0.0,0.0,373.14424527152454,0.0,0.0,0.0,0.0,0.0,0.0,0.0,0.0,0.0,0.0,0.0,0.0,0.0,0.0,0.08891058377211856,0.0,0.0,0.0,11.153447083529272,-11.153447083529272,0.0,0.0,0.0,0.0,0.0,488.93532191699506,-432.9778872538871,0.0,0.0,-6.668293782908893,0.0,-4.445529188605928,0.0,-250.00000000000003,-250.0,250.00000000000003,0.0,0.0,0.0,0.0,0.0,0.0,0.0,151.35271752446516,0.0,0.0,0.0,-356.05178531220145,0.0,0.0,0.0,-0.08891058377211856,0.0,0.0,0.08891058377211856,0.0,0.08891058377211856,0.0,0.0,0.0,53.346350263271134,108.47091220198463,108.47091220198463,0.0,0.0,0.0,0.0,0.0,0.0,0.0,493.96191340391556,0.0,0.0,0.0,0.0,0.0,434.57142522153345,0.0,0.0,0.0,0.0,0.0,0.0,0.0,0.0,0.0,0.0,0.0,0.0,0.0,161.02003103901603,0.0,0.0,0.0,0.13336587565817784,0.0,0.0,0.0,-26.673175131635567,0.0,0.0,0.0,0.0,0.0,-127.22498642680068,4.445529188605928,0.0,0.0,0.0,0.0,750.1549137974296,0.0,-4.445529188605928,0.0,0.0,0.0,0.0,0.0,0.0,0.0,151.35271752446516,0.0,0.0,179.95855221027972,127.22498642680068,0.0,494.147861747019,0.0,498.64435766491147,-9.709035747916403,0.0,-488.93532191699506,432.9778872538871,0.0,0.0,4.445529188605928,654.4401251112853,0.0,0.0,0.0,-66.11102332988503,0.0,0.0,0.0,0.0,0.0,0.0,0.0,0.0,0.0,133.8932802097096,-147.22986777552745,108.47091220198463,0.0,0.0,0.0,0.0,0.0,0.0,0.0,0.0,0.0,2.8629207974632784,0.0,0.0,0.0,-117.41912738304995,0.0,0.0,26.673175131635567,0.0,0.0,0.0,0.0,78.31086229510962,0.0,0.0,0.09780164214926042,0.0,0.0,0.0,54.235456100992316,0.0,0.0,0.0,0.0,429.526146912763,0.0,0.0,0.0,0.0,0.0,0.0,0.0,0.0,0.0,0.0,0.00889105837721211,0.00889105837721211,0.0,0.0,0.0,0.0,0.0,0.0,0.0,0.0,0.0,-874.9999999999786,0.0,0.0,0.0,0.0,0.0,127.22498642680068,0.0,0.0,0.0,0.0,0.0,0.0,0.0,211.93718562003394,0.0,0.0,0.0,0.0,0.0,0.0,392.5658487548022,0.0,0.0,0.0,53.34635026327112,0.0,0.0,0.0,0.0,0.0,500.00000000000045,-553.3463502632716,0.0,0.0,0.0,0.0,0.0,0.0,0.0,0.0,0.0,0.0,0.0,0.0,368.58759832872715,-1000.0,495.4751751054348,0.0,-26.673175131635567,0.0,-499.0,0.0,0.0,0.0,0.0,0.0,0.0,0.0,0.0,0.0,0.0,0.0,0.0,0.0,0.0,0.0,0.0,0.0,-11.113822971514821,151.35271752446516,-6.668293782908893,575.132999214152,0.0,0.0,0.0,0.0,0.0,-1.111382297151482,0.0,499.08891058377213,0.0,0.0,0.0,0.0,0.0,0.0,0.0,1000.0,26.673175131635567,26.673175131635567,0.0,0.0,0.0,0.0,0.0,0.09780164214926042,127.22498642680068,0.0,0.0,499.0,0.0,0.0,0.0,0.0,0.0,0.0,0.0,0.0,0.0,0.0,0.0,0.0,0.0,0.0,0.0,0.0,0.0,0.0,0.0,93.35611296072449,6.846114950453125,0.0,0.0,0.0,0.0,0.0,127.22498642680068,0.0,0.0,0.0,0.0,0.0,-11.113822971514821,0.0,0.0,0.0,0.0,0.0,0.0,0.0,0.0,0.0,0.0,0.0,0.0,0.0,0.0,0.0,0.0,0.0,0.0,-0.08891058377211856,0.0,0.0,4.445529188605928,60.96936614114801,0.0,0.0,0.0,0.0,151.35271752446516,0.0,0.0,0.0,-426.91622395875413,2.222764594302964,0.0,0.0,0.0,0.08891058377211856,0.0,88.91058377211856,-27.56228096935675,17.78211675442371,0.6350755983722755,248.06052872421074,-0.06668293782908892,4.445529188605928,1.7782116754423711,-0.44455291886065107,-248.06052872421074,26.673175131635567,-0.08891058377211856,0.0,0.0,0.02222764594302964,0.6350755983722755,0.0,-14.15456493652233,-1.7782116754423711,-20.60344367867583,-0.08891058377211856,0.02222764594302964,-248.06052872421074,8.891058377211856,0.08891058377211856,0.08891058377211856,-127.0382742008793,0.09780164214933068,-229.1440177214244,-0.06668293782908892,26.673175131635567,0.08891058377211856,26.673175131635567,-44.45529188605928,-0.04445529188605928,-214.84128258732414,-170.0,-0.06668293782908892,-0.08891058377211856,-27.56228096935675,0.08891058377211856,8.891058377211856,-1.7782116754423711,161.02003103901603,161.02003103901603,-8.891058377211856,20.60344367867583,-161.02003103901603,17.78211675442371,0.13336587565817784,-897.2023522467805,8.891058377211856,-149.33803051862495,0.0,-17.78211675442371,0.04445529188605928,0.8891058377211856,125.97402947784283,145.0071031812244,-0.08891058377211856,-147.22986777552745,127.0382742008793,27.56228096935675,0.08891058377211856,14.15456493652233,-106.69270052654232,0.0,-0.08891058377211856,-0.02222764594302964,0.0,-0.08891058377211856,-91.10894162278814,0.08891058377223225,-0.02222764594302964,-0.02222764594302964,-0.02222764594302964,35.56423350884742,44.45529188605928,0.8891058377211856,65.87162875217068,-0.02222764594302964,251.94805895568567,4.445529188605928,50.0,0.08891058377211856,0.04445529188605928,0.04445529188605928,-66.78530038502072,27.56228096935675,0.08891058377211856,-27.56228096935675,0.8891058377211856,0.08891058377211856,-65.87162875217068,0.08891058377211856,0.3556423350885113,0.44455291886065107,0.04445529188605928,0.02222764594302964,26.673175131635567,-0.08891058377211856,229.1440177214244,0.8891058377211856,-131.74325750434136,2.222764594302965,-8.891058377211856,17.78211675442371,4.445529188605928,-0.08891058377211856,0.0,0.13336587565817784,-0.08891058377211856,133.57060077004144,27.56228096935675,161.86059466363585,0.04445529188605928,-100.0,-0.08891058377211856,-0.08891058377223225,-0.08891058377211856,0.04445529188605928,248.06052872421074,-17.78211675442371,0.08891058377211856,251.94805895568567,-0.02222764594302964,-0.09780164214933068,-251.94805895568567,13.336587565817783,170.0,481.1471719566322,248.06052872421074,-0.06668293782908892,147.22986777552745,-145.0071031812244,0.08891058377211856,-0.022227645943029638,244.25789915623793,88.91058377211856,-0.04445529188605928,-0.08891058377211856,0.02222764594302964,0.0,0.0,597.1578969548945,0.0,-217.12923517812627,0.0,268.1675729485421,-140.0,0.0,-80.0,-255.0,-17.968065097527187,-300.0,40.0,108.56461758906313,127.5,0.0,70.0,-127.22498642680068,-240.17145695874547,300.0,17.968065097527187,-240.17145695874547,-268.1675729485421,182.98460754893628,0.0,1496.5981,hplb
11,0.0,0.0,0.0,0.0,0.0,0.0,0.0,0.0,-0.11739096523220086,0.0,0.0,0.0,0.0,0.0,0.0,0.0,610.0045660720727,0.0,0.0,-310.00456607207275,0.0,0.0,0.0,499.23245466022786,0.0,0.0,0.0,0.0,0.0,-316.11739538746394,0.0,0.0,95.52670407918396,0.0,0.0,0.0,0.0,293.9294102883189,0.0,542.2311311778234,882.2377839150238,0.0,0.0,-288.39546704258663,0.0,0.0,0.0,0.0,-411.1104694242843,0.0,0.0,360.44914300265276,0.0,0.12913006175574537,0.0,0.0,0.0,23.478193046440172,0.0,0.0,-40.12123459136685,0.0,183.22025180795802,101.54749081111186,0.0,0.0,0.0,0.0,0.0,0.0,0.0,1.1739096523220087,0.0,0.0,0.0,0.0,0.0,0.0,0.0,0.0,0.0,0.0,-122.09819917297378,0.0,70.43457913932052,0.0,43.63351238841099,1000.0,342.95325775834806,-609.3444246180065,237.94231856080677,0.0,0.0,0.0,35.21728956966026,0.0,35.21728956966026,0.0,0.0,0.0,0.0,5.869548261610043,-813.377297344162,0.0,0.0,-41.87895558918408,0.0,0.0,0.0,0.0,0.0,0.0,0.0,0.0,0.0,0.0,0.0,0.0,0.0,0.0,0.0,0.0,0.0,0.0,-514.739040493525,0.0,0.0,35.21728956966026,0.0,36.39119922198227,0.978479521362658,0.0,0.0,0.0,0.0,0.0,0.0,0.0,0.0,-41.55152640547931,0.0,0.0,0.0,0.0,0.0,174.77081588426424,0.11739096523220086,237.9716663021148,0.0,0.0,0.0,0.0,0.0,0.0,0.0,0.0,685.7198113466883,0.0,0.0,0.0,0.0,0.0,473.6520604656257,473.6520604656257,0.0,0.0,0.0,0.0,-290.37854354744405,0.0,0.0,473.7694514308579,0.0,0.0,0.0,-1000.0,-407.0363406649824,0.0,0.0,0.0,0.0,0.0,0.0,0.0,0.0,0.0,-328.33899013447774,0.0,0.0,0.0,0.0,-1000.0,0.0,0.0,0.0,0.0,0.0,0.0,-360.44914300265276,469.09829845472166,-469.09829845472166,41.55152640547931,0.0,0.0,0.0,0.0,0.0,0.0,497.25990195669806,-745.6701822665958,0.0,0.0,0.0,0.0,0.0,0.0,0.0,0.0,0.0,0.0,0.0,0.0,0.0,0.0,-53.043613907119656,477.6724417423283,0.0,0.0,0.0,0.0,158.14351251154773,0.0,0.0,0.0,0.0,-40.12123459136685,766.067908784915,0.0,0.0,0.0,0.0,0.0,0.0,0.0,0.0,227.04187885220443,0.0,0.0,0.0,-239.4403611503968,-365.5854018467704,697.5386860277847,0.0,-477.6724417423283,0.0,0.0,41.55152640547931,0.0,0.0,0.0,0.0,-296.1282687536995,0.0,0.0,-902.4441787633915,0.0,0.0,-902.4441787633914,0.0,0.0,812.0515562130697,0.0,-69.34665519041403,0.0,0.0,129.7827131235387,0.0,0.0,0.0,0.0,0.0,0.0,0.0,342.63413233516053,0.0,0.0,-878.2326424861969,0.0,0.0,0.0,-40.12123459136685,-0.17608644784830127,0.0,0.0,0.0,0.0,0.11739096523220086,0.0,0.0,0.0,538.0457926611082,610.0045660720727,0.0,-461.39585063788377,161.53201652220878,407.0363406649824,917.4550734846841,0.0,583.7502974187141,0.0,-41.87895558918408,0.0,0.0,0.0,-10.107362106492817,-573.6429353122213,0.0,-753.7606810064588,-1000.0,0.0,0.0,0.0,0.0,0.0,0.0,0.0,0.0,0.0,0.0,0.0,0.0,0.0,0.0,0.0,0.0,0.0,-705.6010258507522,0.0,-1000.0,0.0,0.0,223.2618897717283,733.9341558173226,0.0,0.0,-401.81269473646864,0.0,122.09819917297378,0.0,0.0,0.0,0.0,561.9038387890013,-372.8366261702713,-2.9347741308050215,573.6429353122213,-682.5181191588329,0.0,0.0,-158.0669346851585,-561.9038387890013,0.0,0.0,0.0,-5.869548261610043,0.0,0.0,0.0,0.0,337.8527217448089,35.21728956966026,0.0,0.0,0.0,437.27685039629205,0.0,0.0,0.0,0.0,0.0,0.0,-163.87608785354814,0.0,0.0,0.0,0.0,0.0,497.25990195669806,0.0,0.0,-34.526970811391024,0.0,0.0,0.0,0.0,0.0,0.0,0.0,-88.26090347677992,0.2347819304642716,0.0,0.0,0.0,0.0,0.0,0.0,0.0,0.0,0.0,0.0,0.0,0.0,0.0,0.0,0.0,0.0,0.0,0.0,0.0,0.12913006175574537,0.12913006175574537,0.0,187.32006486029863,0.0,70.43457913932052,0.0,73.44326252000442,0.0,1000.0,0.0,0.0,43.63351238841099,0.0,0.0,366.3792794891576,-1000.0,0.0,0.0,0.0,0.0,0.0,0.0,0.0,0.0,0.0,0.0,0.0,0.0,0.0,171.57968016450832,-538.0457926611082,0.0,0.0,52.67261671129046,0.0,0.0,0.0,-199.69503891702703,0.0,366.3792794891576,0.0,0.0,278.1183760123777,0.0,0.0,0.0,0.0,0.0,0.0,0.0,0.0,0.0,0.0,0.0,0.0,0.0,0.0,0.0,0.0,70.43457913932052,41.55152640547931,41.55152640547931,0.0,0.0,0.0,0.0,0.0,0.0,0.0,0.0,0.0,0.0,1.1739096523220087,0.0,0.0,43.63351238841099,-43.63351238841099,0.0,-360.44914300265276,0.0,0.0,35.21728956966026,0.0,0.0,0.0,0.0,0.0,0.0,0.0,0.0,0.0,0.0,685.9771489981765,0.0,0.0,35.21728956966026,35.21728956966026,1000.0,-1000.0,0.0,0.0,0.0,0.0,0.0,0.0,0.0,567.1379783506208,497.25990195669806,367.47373221302473,0.11739096523220086,0.0,0.0,0.0,151.11762164156096,0.0,0.0,0.0,0.0,0.0,0.0,0.0,0.0,0.0,0.0,0.0,0.0,0.0,0.0,0.0,0.0,0.0,0.11739096523220086,0.0,0.0,0.0,0.0,0.0,0.0,0.0,0.0,0.0,0.0,649.1484200589856,0.0,0.0,-1000.0,-8.804322392415065,0.0,-5.869548261610043,0.0,0.0,0.0,0.0,0.0,0.0,0.0,0.0,0.0,0.0,0.0,41.55152640547931,407.0363406649824,0.0,0.0,343.7222700064189,0.0,0.0,0.0,-0.11739096523220086,0.0,0.0,0.11739096523220086,0.0,0.11739096523220086,0.0,0.0,0.0,70.43457913932052,143.21697758328506,143.21697758328506,0.0,0.0,0.0,0.0,0.0,0.0,122.09819917297378,0.0,0.0,497.25990195669806,0.0,0.0,0.0,0.0,0.0,0.0,0.0,0.0,0.0,0.0,0.0,0.0,0.0,0.0,0.0,0.0,0.0,199.69503891702703,0.0,0.0,0.0,0.17608644784830127,0.0,0.0,0.0,-35.21728956966026,0.0,0.0,0.0,0.0,0.0,-187.32006486029863,5.869548261610043,0.0,0.0,0.0,0.0,290.37854354744405,574.1134697127427,-5.869548261610043,0.0,0.0,0.0,0.0,0.0,0.0,0.0,41.55152640547931,0.0,0.0,0.0,187.32006486029863,0.0,269.0036883874293,-41.87895558918408,705.6010258507522,172.30077497627403,122.09819917297378,-1000.0,0.0,-143.21697758328506,73.44326252000442,5.869548261610043,498.15780309739046,0.0,0.0,0.0,-121.79399558821301,0.0,0.0,250.00000000000023,-250.00000000000023,0.0,0.0,0.0,0.0,0.0,310.73034534964756,0.0,143.21697758328506,0.0,0.0,0.0,0.0,0.0,0.0,0.0,0.0,0.0,227.04187885220443,0.0,0.0,213.73303203754392,-151.11762164156096,176.07631775237078,0.0,35.21728956966026,43.63351238841099,0.0,0.0,0.0,325.527537847346,0.0,0.0,0.12913006175574537,0.0,0.0,0.0,71.60848879164253,0.0,0.0,0.0,0.0,-53.043613907119656,0.0,0.0,0.0,0.0,0.0,0.0,0.0,0.0,-527.8336364866288,0.0,0.011739096523220421,0.011739096523220421,0.0,0.0,0.0,0.0,0.0,0.0,0.0,0.0,0.0,0.0,0.0,0.0,0.0,0.0,0.0,187.32006486029863,0.0,0.0,0.0,0.0,0.0,0.0,0.0,0.0,0.0,0.0,0.0,87.26702477682198,0.0,69.09829845472154,0.0,0.0,0.0,0.0,70.43457913932052,0.0,0.0,0.0,0.0,0.0,0.0,-70.43457913932052,0.0,87.26702477682198,0.0,0.0,0.0,0.0,0.0,0.0,0.0,0.0,0.0,0.0,-367.47373221302473,-1000.0,80.4128111840576,-35.21728956966026,0.0,0.0,293.9294102883189,0.0,0.0,0.0,0.0,0.0,0.0,0.0,0.0,0.0,0.0,0.0,0.0,0.0,0.0,0.0,0.0,73.44326252000442,-14.673870654025109,41.55152640547931,-8.804322392415065,-8.804322392415061,0.0,0.0,0.0,0.0,0.0,500.00000000000006,-501.4673870654026,34.526970811391024,0.0,0.0,0.0,0.0,0.0,0.0,0.0,1000.0,35.21728956966026,35.21728956966026,0.0,0.0,0.0,0.0,0.0,0.12913006175574537,187.32006486029863,0.0,0.0,-293.9294102883189,0.0,0.0,0.0,0.0,0.0,0.0,0.0,0.0,0.0,0.0,0.0,0.0,0.0,0.0,0.0,0.0,0.0,0.978479521362658,0.0,123.2605134938109,0.0,0.0,174.77081588426424,0.0,0.0,0.0,187.32006486029863,0.0,-350.8515799410144,0.0,0.0,0.0,-14.673870654025109,0.0,0.0,0.0,0.0,0.0,0.0,0.0,0.0,0.0,0.0,0.0,0.0,0.0,0.0,0.0,0.0,0.0,0.0,-0.11739096523220086,0.0,0.0,5.869548261610043,-366.3792794891576,0.0,0.0,0.0,0.0,41.55152640547931,0.0,0.0,0.0,10.107362106492817,2.9347741308050215,0.0,0.0,0.0,0.11739096523220086,0.0,117.39096523220086,-35.41271970061962,23.478193046440172,0.8385068945157205,329.47775204056575,-0.08804322392415063,372.8366261702713,2.3478193046440174,-0.5869548261611298,-329.47775204056575,35.21728956966026,-0.11739096523220086,13.95965186306136,0.0,0.029347741308050214,0.8385068945157205,-41.87895558918408,-62.32215405337663,-2.3478193046440174,-300.0,-0.11739096523220086,0.029347741308050214,-329.47775204056575,11.739096523220086,0.11739096523220086,0.11739096523220086,-187.07354383331068,-43.504382326655566,-100.02969637759571,-0.08804322392415063,35.21728956966026,0.11739096523220086,35.21728956966026,-58.695482616100435,-0.05869548261610043,-501.93220379072443,-170.0,-0.08804322392415063,-0.11739096523220086,-35.41271970061962,0.11739096523220086,11.739096523220086,-2.3478193046440174,199.69503891702703,199.69503891702703,-11.739096523220086,300.0,-199.69503891702703,23.478193046440172,0.17608644784830127,-1000.0,11.739096523220086,-171.57968016450832,0.0,-23.478193046440172,0.05869548261610043,1.1739096523220087,115.34896265947094,210.7982579067388,-0.11739096523220086,-213.73303203754392,187.07354383331068,36.39119922198227,0.11739096523220086,62.32215405337663,-140.869158278641,0.0,-0.11739096523220086,-0.029347741308050214,0.0,-0.11739096523220086,-88.26090347677992,0.11739096523208717,-0.029347741308050214,-0.029347741308050214,-0.029347741308050214,46.956386092880344,58.695482616100435,1.1739096523220087,206.93423944471317,-0.029347741308050214,216.73827345588052,5.869548261610043,50.0,0.11739096523220086,0.05869548261610043,0.05869548261610043,11.739096523220086,35.41271970061962,0.11739096523220086,-35.41271970061962,1.1739096523220087,0.11739096523220088,-446.8586556013279,0.11739096523220086,0.4695638609289148,0.5869548261611298,0.05869548261610043,0.029347741308050214,35.21728956966026,-0.11739096523220086,100.02969637759571,1.1739096523220087,-413.86847888942634,369.9018520394663,-11.739096523220086,23.478193046440172,5.869548261610043,-0.11739096523220086,41.87895558918408,0.17608644784830127,-0.11739096523220088,-23.47819304644017,35.41271970061962,-210.10198134133668,0.05869548261610043,-100.0,-0.11739096523220086,-0.11739096523208717,-0.11739096523220088,0.05869548261610043,329.47775204056575,-23.478193046440172,0.11739096523220086,230.69792531894188,-0.029347741308050214,43.504382326655566,-230.69792531894188,17.608644784830126,170.0,259.5951795642061,329.47775204056575,-0.08804322392415063,213.73303203754392,-210.7982579067388,0.11739096523220086,-0.02934774130805021,5.869548261610043,117.39096523220086,-0.05869548261610043,-0.11739096523220086,0.029347741308050214,463.8036844450849,0.0,797.2341729223207,239.9244161566147,-205.81214760641157,0.0,779.0453489620347,-140.0,0.0,-80.0,-255.0,-292.4818814338695,-202.70713159506317,40.0,102.90607380320579,127.5,0.0,70.0,-187.32006486029863,-115.42555650600933,202.70713159506317,292.4818814338695,-115.42555650600933,-779.0453489620347,454.0877053587278,0.0,1496.5981,hplb
12,0.0,0.0,0.0,0.0,0.0,0.0,0.0,0.0,352.9407574449853,0.0,0.0,0.0,0.0,0.0,0.0,0.0,-17.064622798853947,-749.4999999999985,0.0,1000.0,0.0,0.0,0.0,954.7023900949672,0.0,0.0,0.0,0.0,0.0,0.0,0.0,0.0,375.6733363288107,0.0,0.0,0.0,0.0,-24.293392613944896,0.0,-1000.0,-537.9497638450297,0.0,0.0,0.0,0.0,0.0,0.0,0.0,921.3601002517883,-558.9020963442038,0.0,0.0,0.0,0.11798137595997057,0.0,0.0,0.0,0.0,0.0,0.0,-0.4826963376662974,0.0,0.0,-27.371588714345606,0.0,0.0,0.0,0.0,1000.0,-979.9017883378949,0.0,1.0725579632732276,0.0,0.0,0.0,0.0,0.0,0.0,0.0,0.0,0.0,0.0,0.0,0.0,64.35347779639365,0.0,0.0,0.0,-581.9801533889091,750.1734431369281,-0.026813949081830688,0.0,0.0,0.0,32.176738898196824,0.0,32.176738898196824,-3.453636641739685,0.0,0.0,0.0,5.362789816366138,0.0,0.0,0.0,-46.956071867616785,0.0,0.0,0.0,0.0,0.0,0.0,0.0,0.0,0.0,0.0,0.0,0.0,0.0,0.0,0.0,0.0,0.0,0.0,-945.8965258403232,0.0,0.0,32.176738898196824,0.0,33.24929686147005,33.24929686147005,0.0,625.0000000000005,-1000.0,374.9999999999995,-374.9999999999995,-26.88889237667931,250.00000000000023,-250.00000000000023,0.0,0.0,0.0,0.0,0.0,0.0,8.258696317203846,0.10725579632732274,0.0,0.0,0.0,0.0,0.0,0.0,0.0,0.0,0.0,-54.06309438146354,0.0,0.0,0.0,0.0,0.0,67.57725749674407,67.57725749674407,0.0,0.0,0.0,0.0,0.0,0.0,0.0,67.68451329307139,0.0,0.0,0.0,0.0,-79.17521552743983,0.0,0.0,0.0,0.0,0.0,0.0,0.0,0.0,0.0,0.0,0.0,0.0,0.0,0.0,-1000.0,0.0,0.0,0.0,0.0,0.0,558.9020963442038,0.0,-12.332357102430706,12.332357102430706,26.88889237667931,0.0,0.0,0.0,0.0,0.0,0.0,0.0,-709.8581338063799,0.0,0.0,0.0,0.0,0.0,0.0,0.0,0.0,0.0,0.0,0.0,0.0,0.0,0.0,-57.0976814690709,-904.2954774529343,0.0,0.0,0.0,0.0,159.1671645709404,0.0,0.0,0.0,0.0,-0.4826963376662974,-904.2954774529343,0.0,0.0,356.75649607345855,0.0,0.0,0.0,0.0,0.0,0.0,21.45115926546455,0.0,0.0,569.6477962864784,0.0,909.0277431493575,0.0,904.2954774529343,0.0,0.0,26.88889237667931,-808.1872206324734,0.0,0.0,0.0,259.6784873733536,0.0,0.0,0.0,0.0,0.0,0.0,0.0,0.0,-594.3125104913398,0.0,-683.1924573542175,558.9020963442038,0.0,179.68620852855082,0.0,0.0,0.0,734.3568680389878,0.0,-734.3568680389878,0.0,1000.0,0.0,0.0,-199.7225357655321,0.0,0.0,0.0,-0.4826963376662974,-0.16088369449098414,0.0,0.0,0.0,0.0,0.10725579632732274,0.0,0.0,0.0,781.7672041541834,-17.064622798853947,0.0,-31.304047911744526,271.45972531405096,79.17521552743983,-634.3218656813683,0.0,-292.8229320593831,0.0,-46.956071867616785,0.0,0.0,0.0,565.9777911457743,-273.1548590863912,0.0,-96.5909531581271,-1000.0,0.0,0.0,0.0,0.0,0.0,0.0,0.0,0.0,0.0,0.0,0.0,0.0,0.0,0.0,0.0,0.0,356.75649607345855,-795.8532068260398,0.0,-1000.0,0.0,228.01116260259607,0.0,0.0,0.0,0.0,-8.258696317203846,0.0,0.0,0.0,0.0,0.0,0.0,0.0,621.8811523476633,997.318605091817,-726.8451409136088,0.0,0.0,-719.6324449642968,0.0,0.0,-778.8989358215886,934.1630938561315,-1000.0,-5.362789816366138,-203.13932962663955,0.0,-70.13417810682216,1000.0,-33.26166259719123,32.176738898196824,0.0,0.0,0.0,0.0,0.0,353.0480132413126,0.0,0.0,0.0,0.0,-90.53070035869261,0.0,0.0,-932.5299982995832,0.0,0.0,0.0,0.0,0.0,-27.854285052011903,0.0,0.0,128.54884073453545,0.0,0.0,0.0,0.0,-89.27442036726772,0.21451159265471711,0.0,0.0,0.0,0.0,0.0,0.0,0.0,0.0,0.0,0.0,0.0,0.0,0.0,0.0,0.0,0.0,0.0,0.0,0.0,0.11798137595997057,0.11798137595997057,0.0,99.86275984336385,0.0,64.35347779639365,0.0,0.0,0.0,-219.37273526790105,0.0,0.0,0.0,0.0,0.0,232.5551531596402,219.37273526790105,0.0,0.0,0.0,0.0,0.0,128.54884073453545,0.0,0.0,0.0,0.0,0.0,0.0,0.0,315.2988419467744,-781.7672041541834,0.0,151.65499365755923,83.0492402457035,0.0,0.0,0.0,-186.0560569476197,0.0,232.5551531596402,0.0,-706.4788606912665,849.7595934836389,0.0,0.0,0.0,0.0,0.0,0.0,0.0,0.0,0.0,0.0,0.0,0.0,0.0,0.0,0.0,0.0,64.35347779639365,26.88889237667931,26.88889237667931,0.0,0.0,0.0,0.0,0.0,0.0,0.0,0.0,0.0,0.0,1.0725579632732276,0.0,0.0,0.0,0.0,0.0,0.0,0.0,0.0,32.176738898196824,0.0,0.0,0.0,74.79054392849966,151.65499365755923,0.0,0.0,0.0,0.0,0.0,187.16511627054905,0.0,0.0,32.176738898196824,32.176738898196824,1000.0,219.37273526790105,0.0,128.54884073453545,0.0,0.0,0.0,0.0,0.0,-903.4090468418729,0.0,-602.8447404169311,0.10725579632732274,0.0,0.0,-767.4626431735479,776.1120570345156,371.03561296084484,0.0,0.0,0.0,0.0,0.0,0.0,0.0,0.0,0.0,0.0,0.0,0.0,0.0,0.0,0.0,0.0,0.10725579632732274,0.0,0.0,0.0,0.0,0.0,0.0,0.0,0.0,228.01116260259607,-17.07512277530967,8.816426458105823,0.0,0.0,-204.1467931739602,-8.044184724549206,-5.362789816366138,0.0,0.0,0.0,0.0,0.0,0.0,0.0,0.0,0.0,0.0,0.0,0.0,26.88889237667931,79.17521552743983,0.0,0.0,-98.03305088764726,0.0,0.0,0.0,352.9407574449853,0.0,0.0,0.10725579632732274,0.0,0.10725579632732274,0.0,20.09821166210503,0.0,64.35347779639365,130.85207151933375,130.85207151933375,0.0,0.0,0.0,0.0,0.0,0.0,0.0,0.0,0.0,0.0,0.0,0.0,0.0,575.2125152095567,0.0,0.0,0.0,0.0,0.0,0.0,0.0,0.0,0.0,0.0,0.0,0.0,0.0,186.0560569476197,0.0,-597.6232253340488,597.6232253340488,0.16088369449098414,0.0,0.0,0.0,-32.176738898196824,0.0,0.0,0.0,0.0,0.0,-99.86275984336385,5.362789816366138,0.0,0.0,0.0,0.0,0.0,-8.816426458105823,0.0,0.0,0.0,0.0,0.0,0.0,0.0,0.0,26.88889237667931,0.0,0.0,781.5467924341444,99.86275984336385,0.0,303.5488407345355,324.07954109322804,0.0,0.0,0.0,0.0,0.0,-939.0392921518071,0.0,5.362789816366138,1000.0,0.0,0.0,0.0,-27.854285052011903,749.999999999999,-749.999999999999,0.0,0.0,0.0,0.0,0.0,0.0,0.0,0.0,-16.088369449098334,130.85207151933375,0.0,0.0,0.0,0.0,0.0,0.0,0.0,0.0,0.0,0.0,0.0,0.0,107.90694456791306,-8.649413860967684,0.0,0.0,32.176738898196824,0.0,0.0,0.0,0.0,-188.3476377305179,0.0,0.0,0.11798137595997057,0.0,0.0,0.0,65.42603575966687,0.0,0.0,0.0,0.0,-57.0976814690709,0.0,0.0,0.0,0.0,0.0,0.0,0.0,0.0,0.0,0.0,0.01072557963273258,0.01072557963273258,0.0,0.0,0.0,0.0,0.0,0.0,0.0,0.0,0.0,-767.4626431735479,0.0,0.0,0.0,0.0,0.0,99.86275984336385,0.0,0.0,0.0,0.0,0.0,0.0,0.0,558.9020963442038,0.0,0.0,0.0,0.0,204.03839729986288,1000.0,-749.4999999999985,0.0,0.0,0.0,64.35347779639365,0.0,0.0,0.0,0.0,0.0,0.0,-64.35347779639365,0.0,0.0,0.0,0.0,0.0,0.0,0.0,0.0,0.0,0.0,0.0,0.0,602.8447404169311,-1000.0,648.6827356937728,-908.3350867720517,876.1583478738548,0.0,203.71776998865118,0.0,0.0,0.0,0.0,0.0,0.0,0.0,0.0,0.0,0.0,0.0,0.0,0.0,0.0,0.0,0.0,0.0,-13.406974540915343,26.88889237667931,-8.044184724549206,583.2566999341059,0.0,0.0,0.0,0.0,0.0,-1.3406974540915344,0.0,27.854285052011903,0.0,0.0,0.0,0.0,0.0,0.0,0.0,1000.0,32.176738898196824,32.176738898196824,0.0,0.0,0.0,0.0,0.0,0.11798137595997057,99.86275984336385,0.0,0.0,-203.71776998865118,0.0,0.0,0.0,0.0,0.0,0.0,0.0,0.0,0.0,0.0,0.0,0.0,0.0,0.0,308.86071849807695,0.0,0.0,33.24929686147005,0.0,112.61858614368889,0.0,0.0,8.258696317203846,0.0,0.0,0.0,99.86275984336385,0.0,0.0,0.0,0.0,0.0,-13.406974540915343,0.0,0.0,0.0,0.0,0.0,0.0,0.0,0.0,0.0,0.0,0.0,0.0,0.0,0.0,0.0,0.0,0.0,0.0,-0.10725579632732274,0.0,0.0,5.362789816366138,-232.5551531596402,0.0,0.0,0.0,0.0,26.88889237667931,0.0,0.0,0.0,-565.9777911457743,2.681394908183069,0.0,0.0,0.0,0.10725579632732274,0.0,107.25579632732274,0.0,21.45115926546455,0.7661128309094483,365.74226547617053,-0.08044184724549207,5.362789816366103,2.145115926546455,-0.536278981636329,-365.74226547617053,32.176738898196824,-0.10725579632732275,15.652023955872263,128.54884073453545,0.026813949081830688,0.7661128309094483,-46.956071867616785,-17.07512277530967,-2.145115926546455,-233.43537720114753,-0.10725579632732275,0.026813949081830688,-365.74226547617053,10.725579632732275,0.10725579632732275,0.10725579632732274,-99.63752267107655,0.11798137596005534,0.0,-0.08044184724549207,32.176738898196824,0.10725579632732275,32.176738898196824,-53.62789816366137,-0.053627898163661376,147.9752381166971,-170.0,-0.08044184724549207,-0.10725579632732275,0.0,0.10725579632732274,10.725579632732275,-2.145115926546455,186.0560569476197,186.0560569476197,-10.725579632732275,233.43537720114753,-186.0560569476197,21.45115926546455,0.16088369449098414,-1000.0,10.725579632732275,-315.2988419467744,128.54884073453545,-21.45115926546455,0.053627898163661376,1.0725579632732276,7.8260119779361315,121.3139191088284,-0.10725579632732274,-123.9953140170114,99.63752267107655,33.24929686147005,0.10725579632732263,17.07512277530967,-0.15811485825168425,128.54884073453545,-0.10725579632732274,-0.026813949081830688,-128.54884073453545,-0.10725579632732275,-89.27442036726772,0.10725579632732275,-0.026813949081830688,-0.026813949081830688,-0.026813949081830688,42.9023185309291,53.62789816366137,1.0725579632732276,161.11320828255612,-0.026813949081830688,0.0,5.362789816366138,50.0,0.10725579632732274,0.053627898163661376,0.053627898163661376,75.0,0.0,0.10725579632732274,0.0,1.0725579632732276,0.10725579632732275,-324.41334863966085,0.10725579632732275,0.4290231853090063,0.536278981636329,0.053627898163661376,0.026813949081830688,32.176738898196824,-0.10725579632732275,0.0,1.0725579632732276,-322.22641656511223,2.681394908183103,-10.725579632732275,21.45115926546455,5.362789816366138,-0.10725579632732275,46.956071867616785,0.16088369449098414,-0.10725579632732275,-150.0,0.0,408.53805393523066,0.053627898163661376,-100.0,-0.10725579632732275,-0.10725579632732275,-0.10725579632732275,0.053627898163661376,365.74226547617053,-21.45115926546455,0.10725579632732274,15.652023955872263,-0.026813949081830688,-0.11798137596005534,-15.652023955872263,16.088369449098412,170.0,270.67450715122175,365.74226547617053,-0.08044184724549207,123.9953140170114,-121.3139191088284,0.10725579632732275,-0.02681394908183069,5.362789816366138,107.25579632732274,-0.053627898163661376,-0.10725579632732263,0.026813949081830688,0.0,0.0,844.0854394562481,163.30014035710474,-255.0,0.0,994.0971512760368,-53.96414833441638,0.0,-80.0,-255.0,-325.0,-155.86093264558826,40.0,127.5,127.5,0.0,26.98207416720819,-99.86275984336385,-220.19041620471273,155.86093264558826,325.0,-220.19041620471273,-994.0971512760368,491.7648432507781,0.0,1496.5981,hplb
13,0.0,0.0,0.0,0.0,0.0,0.0,0.0,0.0,-0.12204349827437386,0.0,0.0,0.0,0.0,0.0,0.0,0.0,-514.1887543934258,-43.09580783079635,0.0,857.2845622242221,0.0,0.0,0.0,0.0,0.0,0.0,0.0,0.0,0.0,0.0,0.0,0.0,74.32540280285359,0.0,0.0,0.0,0.0,743.376936775729,0.0,-1000.0,849.7832246248498,0.0,-743.3216383341453,587.0787725535781,0.0,0.0,0.0,0.0,183.78834350570241,0.0,0.0,0.0,0.0,0.13424784810217716,0.0,0.0,0.0,24.408699654874773,0.0,0.0,-61.21845453607574,0.0,105.64453361211373,0.0,0.0,0.0,0.0,0.0,1000.0,-599.1920196550764,0.0,1.2204349827437388,0.0,0.0,0.0,0.0,0.0,0.0,0.0,871.6592408499367,0.0,0.0,0.0,0.0,73.22609896462433,0.0,65.27918348005842,0.0,0.0,507.3867469259195,368.6740038581749,0.0,0.0,-752.1940362509306,36.613049482312164,0.0,150.21677537515015,-761.2529897243712,0.0,0.0,0.0,6.102174913718693,-250.9826931172116,0.0,0.0,-62.97743588528245,0.0,0.0,0.0,0.0,0.0,0.0,0.0,0.0,0.0,0.0,0.0,0.0,0.0,0.0,0.0,0.0,0.0,0.0,-854.6033616731143,0.0,0.0,150.21677537515015,0.0,37.8334844650559,0.0,0.0,442.9543204415136,0.0,-442.9543204415136,442.9543204415136,0.0,0.0,0.0,-44.42607907603799,0.0,0.0,0.0,0.0,0.0,74.6765328471852,0.12204349827437386,368.7045147327435,0.0,0.0,0.0,0.0,0.0,0.0,0.0,0.0,642.0939202866898,0.0,0.0,0.0,0.0,0.0,507.540685936058,507.540685936058,0.0,0.0,0.0,0.0,0.0,0.0,0.0,507.6627294343324,0.0,0.0,0.0,-242.48873642222986,0.0,0.0,0.0,0.0,0.0,0.0,0.0,0.0,0.0,0.0,-18.306524741155954,0.0,0.0,0.0,0.0,-1000.0,0.0,0.0,0.0,0.0,0.0,0.0,743.3216383341453,-386.4174461649417,386.4174461649417,44.42607907603799,0.0,0.0,0.0,0.0,0.0,0.0,250.9826931172116,-798.7288463502148,0.0,0.0,0.0,0.0,0.0,0.0,0.0,0.0,0.0,0.0,0.0,0.0,0.0,64.6038621736786,98.58730640743883,-412.9212274464219,0.0,0.0,0.0,0.0,157.67360667428824,0.0,0.0,0.0,0.0,-61.21845453607574,-1000.0,0.0,0.0,0.0,0.0,0.0,0.0,0.0,0.0,0.0,0.0,113.60372589283799,0.0,-225.2501265653952,-582.154318734599,540.692535674906,0.0,412.9212274464219,0.0,0.0,44.42607907603799,0.0,0.0,0.0,0.0,-185.23958189173368,0.0,0.0,-341.47785931815883,0.0,0.0,-341.47785931815883,0.0,0.0,-386.4174461649417,0.0,243.98296472278184,0.0,0.0,138.40167443517703,0.0,0.0,0.0,-249.99999999999892,0.0,249.99999999999892,0.0,1000.0,0.0,0.0,92.5874397657592,0.0,0.0,0.0,-61.21845453607574,-0.1830652474115608,0.0,0.0,0.0,0.0,0.12204349827437386,0.0,0.0,0.0,647.6835388745236,-514.1887543934258,0.0,-1000.0,519.5615151548429,0.0,1000.0,0.0,0.0,0.0,-62.97743588528245,0.0,0.0,0.0,860.5690359499357,-75.16048437213112,-785.4085515778046,-749.0173068827884,749.9873734619995,0.0,0.0,0.0,0.0,0.0,0.0,0.0,0.0,0.0,0.0,0.0,0.0,0.0,0.0,0.0,0.0,0.0,0.0,0.0,-743.8651107688262,0.0,0.0,757.3231890799357,247.46613422545104,0.0,0.0,-74.6765328471852,0.0,0.0,0.0,0.0,0.0,0.0,0.0,-454.0503433398786,0.0,-924.8395156278689,683.231124759571,-6.102174913718693,-1000.0,750.0000000000007,0.0,324.2151013134344,0.0,-3.0510874568593467,0.0,-249.09495463890966,0.0,993.8978250862813,-114.2059751820521,0.0,150.21677537515015,0.0,0.0,0.0,46.0030688564974,0.0,0.0,0.0,-64.6038621736786,64.6038621736786,64.6038621736786,247.5656673739103,0.0,0.0,-688.4189080023915,0.0,0.0,250.9826931172116,0.0,0.0,-36.30462118807261,0.0,-500.00000000000045,0.0,0.0,0.0,0.0,0.0,-51.62946896771132,0.24408699654861243,0.0,0.0,0.0,0.0,0.0,0.0,0.0,0.0,0.0,0.0,0.0,0.0,0.0,0.0,0.0,0.0,0.0,0.0,0.0,0.13424784810217716,0.13424784810217716,0.0,320.19516251880384,0.0,73.22609896462433,0.0,0.0,0.0,0.0,0.0,45.35888597760685,65.27918348005842,0.0,0.0,1000.0,0.0,0.0,0.0,0.0,0.0,0.0,0.0,0.0,0.0,0.0,0.0,0.0,0.0,0.0,284.8677872243714,-647.6835388745236,0.0,0.0,74.6765328471852,0.0,0.0,-752.1940362509306,-954.2937220012568,0.0,1000.0,0.0,948.3705310322887,0.0,0.0,0.0,64.6038621736786,0.0,0.0,0.0,0.0,0.0,0.0,0.0,0.0,0.0,0.0,0.0,0.0,0.0,73.22609896462433,44.42607907603799,44.42607907603799,0.0,0.0,0.0,0.0,0.0,0.0,0.0,0.0,0.0,0.0,1.2204349827437388,0.0,0.0,65.27918348005842,-65.27918348005842,0.0,743.3216383341453,0.0,0.0,150.21677537515015,0.0,0.0,0.0,0.0,0.0,0.0,0.0,0.0,0.0,0.0,19.29327697919173,-304.57399074641705,0.0,36.613049482312164,36.613049482312164,1000.0,0.0,0.0,0.0,0.0,0.0,0.0,0.0,0.0,1000.0,250.9826931172116,935.7824325029517,0.12204349827437386,0.0,0.0,-338.6197545211837,499.79562877796224,0.0,0.0,752.1940362509306,0.0,0.0,0.0,0.0,0.0,0.0,0.0,0.0,0.0,0.0,0.0,0.0,0.0,0.0,0.12204349827437386,0.0,0.0,0.0,0.0,0.0,0.0,0.0,0.0,0.0,0.0,682.6466562327505,0.0,0.0,-743.8651107688262,-9.153262370578041,-6.102174913718693,0.0,0.0,250.00000000000003,250.0,-250.00000000000003,0.0,0.0,0.0,0.0,0.0,0.0,0.0,44.42607907603799,0.0,0.0,0.0,1000.0,0.0,0.0,0.0,-0.12204349827437386,0.0,0.0,0.12204349827437386,0.0,0.12204349827437386,0.0,400.80798034492364,0.0,73.22609896462433,148.89306789473613,148.89306789473613,0.0,0.0,0.0,0.0,0.0,0.0,0.0,0.0,0.0,250.9826931172116,0.0,0.0,6.844840155205596,864.2321409961539,0.0,0.0,0.0,0.0,0.0,0.0,0.0,0.0,0.0,0.0,0.0,0.0,0.0,202.09968575032622,0.0,0.0,0.0,0.1830652474115608,0.0,0.0,0.0,-150.21677537515015,0.0,0.0,0.0,0.0,0.0,-320.19516251880384,6.102174913718693,0.0,0.0,0.0,0.0,0.0,-10.031975558154272,0.0,0.0,-500.00000000000045,0.0,0.0,0.0,0.0,0.0,44.42607907603799,0.0,0.0,0.0,255.59130034512523,0.0,216.52659093408198,-62.97743588528245,0.0,-84.70850840533947,0.0,84.70850840533947,0.0,-148.89306789473613,0.0,6.102174913718693,970.6741397813253,0.0,510.2875836545651,0.0,-166.86298814818946,0.0,0.0,0.0,0.0,0.0,0.0,0.0,0.0,0.0,0.0,0.0,148.89306789473613,0.0,0.0,0.0,0.0,0.0,0.0,0.0,0.0,0.0,0.0,0.0,0.0,347.6549496305378,-161.1758742567785,773.2460784549284,-743.3216383341453,36.613049482312164,65.27918348005842,0.0,0.0,0.0,268.77709692189376,0.0,0.0,0.13424784810217716,0.0,0.0,0.0,74.44653394736807,0.0,0.0,0.0,0.0,98.58730640743883,0.0,0.0,0.0,0.0,0.0,0.0,0.0,0.0,0.0,0.0,0.012204349827437736,0.012204349827437736,0.0,0.0,0.0,0.0,0.0,0.0,0.0,0.0,0.0,-338.6197545211837,0.0,0.0,0.0,0.0,0.0,320.19516251880384,0.0,0.0,0.0,0.0,0.0,0.0,0.0,0.0,0.0,0.0,0.0,130.55836696011684,0.0,1000.0,-43.09580783079635,0.0,0.0,0.0,73.22609896462433,0.0,0.0,0.0,0.0,0.0,0.0,-73.22609896462433,0.0,130.55836696011684,0.0,0.0,0.0,0.0,0.0,0.0,0.0,0.0,0.0,0.0,814.2049409590478,0.0,954.6767774693056,0.0,-150.21677537515015,0.0,743.376936775729,0.0,0.0,0.0,0.0,0.0,0.0,0.0,0.0,0.0,0.0,0.0,0.0,0.0,0.0,0.0,0.0,0.0,-15.255437284296734,44.42607907603799,-9.153262370578041,861.9237187807815,0.0,0.0,0.0,0.0,0.0,-1.5255437284296736,0.0,36.30462118807261,0.0,0.0,0.0,0.0,0.0,0.0,0.0,1000.0,36.613049482312164,36.613049482312164,0.0,0.0,0.0,0.0,871.6592408499367,0.13424784810217716,320.19516251880384,0.0,0.0,-743.376936775729,0.0,0.0,0.0,0.0,0.0,0.0,0.0,0.0,0.0,0.0,0.0,0.0,0.0,0.0,200.40399017246182,0.0,0.0,0.0,0.0,128.1456731880926,74.6765328471852,0.0,0.0,0.0,0.0,0.0,320.19516251880384,0.0,0.0,0.0,0.0,0.0,-15.255437284296734,0.0,0.0,0.0,0.0,0.0,0.0,0.0,0.0,0.0,0.0,0.0,0.0,0.0,0.0,0.0,0.0,0.0,0.0,-0.12204349827437386,0.0,0.0,6.102174913718693,-1000.0,0.0,0.0,0.0,0.0,44.42607907603799,0.0,0.0,0.0,-860.5690359499357,3.0510874568593467,0.0,0.0,0.0,0.12204349827437386,0.0,122.04349827437386,-37.8334844650559,24.408699654874777,0.8717392733883847,340.50136018550313,-0.0915326237057804,129.83524202644423,2.4408699654874777,-0.6102174913716083,-340.50136018550313,36.613049482312164,-0.12204349827437387,20.992478628427484,0.0,0.030510874568593468,0.8717392733883847,-62.97743588528245,-84.70850840533947,-2.4408699654874777,-300.0,-0.12204349827437387,0.030510874568593468,-340.50136018550313,12.204349827437387,0.12204349827437387,0.12204349827437386,-319.9388711724273,-65.1449356319566,0.0,-0.0915326237057804,36.613049482312164,0.12204349827437387,150.21677537515015,52.581976755651056,-0.061021749137186936,-516.139048516125,-170.0,-0.0915326237057804,-0.12204349827437387,-37.8334844650559,0.12204349827437386,12.204349827437387,-2.4408699654874777,202.09968575032622,202.09968575032622,-12.204349827437387,300.0,-202.09968575032622,24.408699654874773,0.1830652474115608,-449.7028116969105,12.204349827437387,-284.8677872243714,0.0,-24.408699654874773,0.061021749137186936,1.2204349827437388,250.0,280.0,-0.12204349827437386,-347.6549496305378,319.9388711724273,37.8334844650559,0.12204349827437387,84.70850840533947,-260.05592382208664,0.0,-0.12204349827437386,-0.030510874568593468,0.0,-0.1220434982743737,-51.62946896771132,0.12204349827437387,-0.030510874568593468,-0.030510874568593468,-0.030510874568593468,48.81739930974955,-52.581976755651056,1.2204349827437388,199.55150370926583,-0.030510874568593468,479.0075213715725,6.102174913718693,31.91690939757435,0.12204349827437386,0.061021749137186936,0.061021749137186936,12.204349827437387,37.8334844650559,0.12204349827437386,-37.8334844650559,1.2204349827437388,0.12204349827437387,-417.81655755974316,0.12204349827437387,0.488173993097226,0.6102174913716083,0.061021749137186936,0.030510874568593468,36.613049482312164,-0.12204349827437387,0.0,1.2204349827437388,-399.10300741853166,126.78415456958487,-12.204349827437387,24.408699654874773,6.102174913718693,-0.12204349827437387,62.97743588528245,0.1830652474115608,-0.12204349827437387,-24.408699654874766,37.8334844650559,152.90219197119455,0.061021749137186936,-63.8338187951487,-0.12204349827437387,-0.12204349827437387,-0.12204349827437387,0.061021749137186936,340.50136018550313,-24.408699654874773,0.12204349827437386,500.0,-0.030510874568593468,65.1449356319566,-500.0,18.30652474115608,170.0,1.4139110705857458,340.50136018550313,-0.0915326237057804,347.6549496305378,-280.0,0.12204349827437387,-0.030510874568593464,6.102174913718693,122.04349827437386,-0.061021749137186936,-0.12204349827437387,0.030510874568593468,0.0,0.0,328.67248918679553,218.26505385047733,-255.0,0.0,406.42842796028106,-140.0,0.0,-80.0,-255.0,-240.93529058895675,-120.9693007609778,40.0,127.5,127.5,0.0,70.0,-320.19516251880384,-421.6792888930883,120.9693007609778,240.93529058895675,-421.6792888930883,-406.42842796028106,327.14000097746515,0.0,1496.5981,hplb
14,0.0,0.0,0.0,0.0,0.0,0.0,0.0,0.0,274.63931084564416,0.0,0.0,0.0,0.0,0.0,0.0,0.0,201.78677419009819,583.3263917514141,0.0,-485.1131659415123,0.0,0.0,0.0,0.0,0.0,0.0,0.0,0.0,0.0,-283.32639175141406,0.0,0.0,137.21429524760575,0.0,0.0,0.0,0.0,344.45005241579184,0.0,-1000.0,740.977581933313,0.0,0.0,793.1264650493426,0.0,0.0,0.0,0.0,0.0,0.0,0.0,-81.53961756131588,0.0,0.13865498767606382,0.0,0.0,0.0,0.0,0.0,0.0,-19.443165316022213,0.0,532.1992629130126,395.49564433834337,0.0,0.0,0.0,0.0,0.0,341.31155138810294,0.0,1.2604998879610478,0.0,0.0,0.0,0.0,0.0,0.0,0.0,0.0,0.0,0.0,0.0,0.0,75.62999327766286,0.0,47.42918072226053,66.33633835752721,950.3372698910587,-700.0,0.0,0.0,0.0,0.0,37.81499663883143,0.0,37.81499663883143,-4.0588096392358635,0.0,0.0,0.0,996.8487502800974,-681.5890960039533,0.0,0.0,0.0,0.0,38.06709661642364,0.0,0.0,0.0,0.0,0.0,0.0,0.0,0.0,0.0,0.0,0.0,0.0,0.0,0.0,0.0,0.0,-809.1921591521143,0.0,0.0,37.81499663883143,0.0,39.075496526792485,0.0,0.0,-687.4999999999998,0.0,687.4999999999998,-687.4999999999998,500.00000000000045,0.0,0.0,-617.2604532586474,0.0,0.0,0.0,0.0,0.0,57.135029859560596,0.12604998879610477,0.03151249719902619,0.0,0.0,0.0,0.0,0.0,0.0,0.0,0.0,430.3565222164631,0.0,0.0,0.0,0.0,0.0,999.8739500112039,999.8739500112039,0.0,0.0,0.0,0.0,0.0,0.0,0.0,1000.0,0.0,0.0,0.0,522.8682627127857,0.0,0.0,0.0,0.0,0.0,0.0,0.0,0.0,0.0,0.0,-401.5536152339302,0.0,0.0,0.0,0.0,-1000.0,0.0,0.0,0.0,0.0,0.0,0.0,81.53961756131588,49.66273010894133,-49.66273010894133,117.260453258647,0.0,0.0,0.0,0.0,0.0,0.0,398.2627042525392,0.0,0.0,0.0,0.0,0.0,0.0,0.0,0.0,0.0,0.0,0.0,0.0,0.0,0.0,0.0,-7.382945865066397,0.0,0.0,0.0,0.0,0.0,157.2689511315934,0.0,0.0,0.0,0.0,-19.443165316022213,-793.1264650493426,0.0,0.0,0.0,0.0,0.0,0.0,0.0,0.0,0.0,25.209997759220954,0.0,0.0,-812.073332450228,88.60120733188934,197.53868602778442,0.0,0.0,0.0,0.0,117.260453258647,0.0,0.0,0.0,0.0,-274.6364982777834,0.0,0.0,-915.4796674732955,-915.4796674732955,0.0,0.0,0.0,915.4796674732955,1000.0,0.0,0.0,0.0,0.0,77.15006435089191,0.0,0.0,0.0,-749.9999999999998,0.0,749.9999999999998,0.0,857.4603578556262,0.0,0.0,522.4152662020681,0.0,0.0,0.0,-19.443165316022213,-0.18907498319415714,0.0,0.0,0.0,0.0,0.12604998879610477,0.0,0.0,0.0,687.6555989709282,201.78677419009819,0.0,-566.2748909665094,-176.89248604351104,0.0,719.5102647571414,0.0,10.852904035344968,0.0,0.0,0.0,0.0,0.0,-10.852904035344968,0.0,0.0,0.0,0.0,0.0,0.0,0.0,0.0,0.0,0.0,0.0,0.0,0.0,0.0,0.0,0.0,0.0,0.0,0.0,0.0,0.0,0.0,0.0,-344.9542523709761,0.0,0.0,0.0,250.02257877356033,0.0,0.0,-57.135029859560596,0.0,0.0,0.0,0.0,990.5462508402921,0.0,0.0,0.0,0.0,0.0,0.0,212.9198070005594,0.0,-169.72630991395508,0.0,-626.5869142467315,0.0,-3.1512497199026193,-219.22230644036463,0.0,0.0,423.1208564058799,0.0,0.0,37.81499663883143,500.00000000000045,-500.00000000000045,0.0,477.71038942428936,0.0,274.7653608344403,0.0,0.0,0.0,0.0,-531.346440536273,0.0,0.0,0.0,0.0,0.0,398.2627042525392,0.0,0.0,-61.288422446170365,0.0,0.0,59.282313815003086,0.0,0.0,0.0,0.0,-45.19794250389783,0.2520999775922937,0.0,0.0,0.0,0.0,0.0,0.0,0.0,0.0,0.0,341.31155138810294,0.0,0.0,0.0,0.0,0.0,0.0,0.0,0.0,0.0,0.13865498767606382,0.13865498767606382,0.0,254.79000224077905,0.0,75.62999327766286,0.0,0.0,0.0,0.0,0.0,380.95520632148794,47.42918072226053,0.0,0.0,75.74046425473334,0.0,0.0,0.0,247.88586181182768,0.0,0.0,59.282313815003086,0.0,0.0,0.0,0.0,0.0,0.0,0.0,269.7307197173714,-687.6555989709282,0.0,0.0,57.135029859560596,0.0,0.0,0.0,-274.5294043902404,0.0,75.74046425473334,0.0,0.0,30.542521750835512,0.0,0.0,0.0,0.0,0.0,0.0,0.0,0.0,0.0,0.0,0.0,0.0,0.0,0.0,0.0,0.0,75.62999327766286,117.26045325864698,117.260453258647,0.0,0.0,0.0,0.0,0.0,0.0,0.0,0.0,0.0,0.0,1.2604998879610478,0.0,0.0,47.42918072226053,-47.42918072226053,0.0,81.53961756131588,0.0,0.0,37.81499663883143,-247.88586181182768,0.0,0.0,0.0,0.0,0.0,0.0,0.0,0.0,0.0,0.0,255.6654165948596,0.0,37.81499663883143,37.81499663883143,284.03375364126595,0.0,0.0,59.282313815003086,0.0,0.0,0.0,0.0,0.0,937.7567819504413,398.2627042525392,815.7062008356368,0.12604998879610477,0.0,0.0,0.0,166.46701734651296,0.0,0.0,0.0,0.0,0.0,0.0,0.0,0.0,0.0,0.0,0.0,0.0,0.0,0.0,0.0,0.0,0.0,0.12604998879610477,0.0,0.0,0.0,1000.0,-1000.0,0.0,0.0,0.0,0.0,0.0,692.8649701404394,0.0,-750.0,-344.9542523709761,-9.453749159707819,0.0,-6.3024994398052385,0.0,750.0,750.0,-750.0,0.0,0.0,0.0,0.0,0.0,0.0,0.0,117.26045325864698,0.0,0.0,0.0,429.42335584568514,0.0,0.0,0.0,274.63931084564416,0.0,0.0,0.12604998879610477,0.0,0.12604998879610477,0.0,0.0,0.0,75.62999327766286,153.78098633124782,153.78098633124782,0.0,0.0,0.0,0.0,0.0,0.0,0.0,0.0,0.0,398.2627042525392,0.0,0.0,0.0,0.0,0.0,0.0,0.0,0.0,0.0,0.0,0.0,0.0,0.0,0.0,0.0,0.0,0.0,274.5294043902404,0.0,0.0,0.0,0.18907498319415714,0.0,0.0,0.0,-37.81499663883143,0.0,0.0,0.0,0.0,0.0,-254.79000224077905,6.3024994398052385,0.0,0.0,0.0,0.0,0.0,-4.0588096392358635,-6.3024994398052385,0.0,0.0,0.0,0.0,0.0,0.0,0.0,117.26045325864698,0.0,247.88586181182768,-29.821220721730526,254.79000224077905,0.0,299.790002240779,0.0,0.0,-61.19383949879648,750.0,-688.8061605012035,0.0,-153.78098633124782,0.0,6.3024994398052385,737.4302936572395,0.0,0.0,0.0,-156.14678389069144,0.0,0.0,0.0,0.0,0.0,0.0,0.0,0.0,0.0,392.09986607422235,-9.453749159707854,153.78098633124782,0.0,0.0,0.0,0.0,0.0,0.0,0.0,0.0,0.0,0.0,0.0,0.0,273.6975005601948,-507.7785687346159,0.0,0.0,37.81499663883143,47.42918072226053,0.0,0.0,0.0,72.61641245137626,0.0,0.0,0.13865498767606382,0.0,0.0,0.0,76.89049316562391,0.0,0.0,0.0,0.0,-7.382945865066397,0.0,0.0,0.0,0.0,0.0,0.0,0.0,0.0,500.00000000000006,0.0,0.012604998879610477,0.012604998879610477,0.0,0.0,0.0,0.0,0.0,0.0,0.0,0.0,0.0,0.0,0.0,0.0,0.0,0.0,0.0,254.79000224077905,0.0,0.0,0.0,0.0,0.0,0.0,0.0,0.0,0.0,0.0,0.0,94.85836144452107,0.0,0.0,583.3263917514141,0.0,0.0,0.0,75.62999327766286,0.0,0.0,0.0,0.0,0.0,0.0,-75.62999327766286,0.0,94.85836144452107,0.0,0.0,0.0,0.0,0.0,0.0,0.0,0.0,0.0,0.0,184.29379916436326,256.1676859464881,86.34424232533178,-37.81499663883143,0.0,0.0,344.45005241579184,0.0,0.0,0.0,0.0,0.0,0.0,0.0,0.0,0.0,0.0,0.0,0.0,0.0,0.0,0.0,0.0,0.0,-15.756248599513057,117.260453258647,-1000.0,0.0,0.0,0.0,0.0,0.0,0.0,-1.5756248599513099,0.0,61.288422446170365,0.0,0.0,0.0,0.0,0.0,0.0,0.0,1000.0,37.81499663883143,37.81499663883143,0.0,0.0,0.0,0.0,0.0,0.13865498767606382,254.79000224077905,0.0,0.0,-344.45005241579184,0.0,0.0,0.0,0.0,0.0,0.0,0.0,0.0,0.0,0.0,0.0,0.0,0.0,0.0,0.0,0.0,0.0,0.0,0.0,132.35248823591002,57.135029859560596,0.0,0.0,0.0,0.0,0.0,254.79000224077905,0.0,0.0,0.0,0.0,0.0,-15.756248599513057,0.0,0.0,0.0,0.0,0.0,0.0,0.0,0.0,0.0,0.0,0.0,0.0,0.0,0.0,0.0,0.0,0.0,0.0,-0.12604998879610477,0.0,0.0,6.3024994398052385,-75.74046425473334,0.0,0.0,0.0,0.0,117.260453258647,0.0,0.0,0.0,10.852904035344968,3.1512497199026193,0.0,0.0,0.0,0.12604998879610477,0.0,126.04998879610476,-39.075496526792485,25.209997759220954,0.9003570628293198,351.6794687411324,-0.09453749159707857,626.5869142467315,2.5209997759220957,-0.6302499439804023,-351.6794687411324,37.81499663883143,-0.12604998879610477,0.0,59.282313815003086,0.03151249719902619,0.9003570628293198,0.0,-67.49633893860172,-2.5209997759220957,-300.0,-0.12604998879610477,0.03151249719902619,-351.6794687411324,12.604998879610477,0.12604998879610477,0.12604998879610477,-254.5252972643069,-47.29052573458482,-182.41223775150357,-0.09453749159707857,37.81499663883143,0.12604998879610477,37.81499663883143,-63.024994398052385,-0.06302499439805238,-247.9442844649595,-170.0,-0.09453749159707857,-0.12604998879610477,-39.075496526792485,0.12604998879610477,12.604998879610491,-2.5209997759220957,274.5294043902404,274.5294043902404,-12.604998879610477,300.0,-274.5294043902404,25.209997759220954,0.18907498319415714,-802.358604137833,12.604998879610477,-269.7307197173714,59.282313815003086,-25.209997759220954,0.06302499439805238,1.2604998879610478,141.56872274162734,280.0,-0.12604998879610477,-283.15124971990264,254.5252972643069,39.075496526792485,0.12604998879610477,67.49633893860172,-91.97767274032265,59.282313815003086,-0.12604998879610477,-0.03151249719902619,-59.282313815003086,-0.12604998879610477,-45.19794250389783,0.12604998879612594,-0.03151249719902619,-0.03151249719902619,-0.03151249719902619,50.41999551844191,63.024994398052385,1.2604998879610478,250.22280127788164,-0.03151249719902619,283.1374454832547,6.3024994398052385,28.901470691754152,0.12604998879610477,0.06302499439805238,0.06302499439805238,42.246155787112016,39.075496526792485,0.12604998879610477,-39.075496526792485,1.2604998879610478,0.12604998879610477,-563.8938329350137,0.12604998879610477,0.5041999551842976,0.6302499439804023,0.06302499439805238,0.03151249719902619,37.81499663883143,-0.12604998879610477,182.41223775150357,1.2604998879610478,-500.4456025557633,623.4356645268289,-12.604998879610491,25.209997759220954,6.3024994398052385,-0.12604998879610477,0.0,0.18907498319415714,-0.12604998879610477,-84.49231157422403,39.075496526792485,335.5528486340994,0.06302499439805238,-57.802941383508305,-0.12604998879610477,-0.12604998879612594,-0.1260499887961048,0.06302499439805238,351.6794687411324,-25.209997759220954,0.12604998879610477,283.1374454832547,-0.03151249719902619,47.29052573458482,-283.1374454832547,18.907498319415712,170.0,341.8796764671687,351.6794687411324,-0.09453749159707857,283.15124971990264,-280.0,0.12604998879610477,-0.031512497199026185,6.3024994398052385,126.04998879610476,-0.06302499439805238,-0.12604998879610477,0.03151249719902619,188.91407470257937,0.0,502.29557914343496,313.67103165713206,-255.0,0.0,576.0077440251365,-140.0,0.0,-80.0,28.426053352762704,-325.0,-300.0,40.0,127.5,-14.213026676381352,0.0,70.0,-254.79000224077905,-408.1692610854757,300.0,325.0,-408.1692610854757,-576.0077440251365,327.6902089429243,0.0,1496.5981,hplb
15,0.0,0.0,0.0,0.0,0.0,0.0,0.0,0.0,414.5358690948075,0.0,0.0,0.0,0.0,0.0,0.0,0.0,500.0,-200.0,0.0,0.0,0.0,0.0,0.0,0.0,0.0,0.0,0.0,0.0,0.0,-1000.0,0.0,0.0,80.07535001606433,0.0,0.0,0.0,0.0,936.1045932546758,0.0,-1000.0,254.6560469527326,0.0,0.0,334.1181091472366,0.0,0.0,749.5000000000202,0.0,0.0,0.0,0.0,0.0,0.0,0.11735367922713635,0.0,0.0,0.0,21.337032586720554,0.0,0.0,47.46589165354942,0.0,-173.44588779141992,-296.563891145576,0.0,0.0,0.0,0.0,0.0,0.0,0.0,1.0668516293360277,0.0,0.0,0.0,0.0,0.0,0.0,0.0,121.66239748432245,0.0,0.0,8.214757545887407,0.0,64.01109776016166,0.0,0.0,400.0,400.0,111.92504933447015,-0.02667129073340069,0.0,0.0,-451.2970983715815,32.00554888008083,0.0,32.00554888008083,-3.435262246461548,0.0,0.0,199.6306891899463,631.7811780210636,-1000.0,0.0,0.0,-57.56690788310288,0.0,980.3200554888007,0.0,0.0,0.0,0.0,0.0,0.0,0.0,0.0,0.0,0.0,0.0,0.0,0.0,0.0,0.0,0.0,-1000.0,0.0,0.0,32.00554888008083,0.0,33.07240050941685,0.0,0.0,0.0,0.0,0.0,0.0,0.0,0.0,0.0,-170.5838950077055,0.0,0.0,0.0,0.0,0.0,0.0,0.10668516293360275,0.0,0.0,0.0,0.0,-419.55855162642155,0.0,0.0,191.4159316440589,0.0,195.24197920966895,0.0,0.0,0.0,0.0,0.0,5.181001694165543,5.181001694165543,0.0,0.0,0.0,0.0,-594.6599178153314,0.0,0.0,5.287686857099146,0.0,0.0,0.0,-555.2011972124261,0.0,0.0,0.0,0.0,0.0,0.0,0.0,0.0,0.0,0.0,-1000.0,0.0,0.0,0.0,0.0,-1000.0,0.0,0.0,0.0,0.0,0.0,0.0,0.0,-400.0,400.0,170.58389500770554,0.0,0.0,0.0,0.0,0.0,0.0,0.0,0.0,0.0,0.0,0.0,0.0,0.0,0.0,0.0,0.0,0.0,0.0,0.0,0.0,0.0,0.0,416.50563475636096,500.0,0.0,0.0,0.0,0.0,159.2247985437061,0.0,0.0,0.0,0.0,47.46589165354942,165.88189085276338,0.0,0.0,0.0,0.0,0.0,0.0,0.0,0.0,0.0,0.0,0.0,0.0,174.75495968983176,974.7549596898318,0.0,0.0,-500.0,0.0,0.0,170.5838950077055,1000.0,0.0,0.0,0.0,-67.61338467355984,0.0,0.0,-790.1575727917633,0.0,0.0,-790.1575727917636,0.0,0.0,0.0,0.0,-1000.0,0.0,0.0,-32.157088966659956,0.0,0.0,0.0,0.0,0.0,0.0,0.0,1000.0,0.0,0.0,1000.0,0.0,0.0,0.0,47.46589165354942,-0.16002774440040413,0.0,0.0,0.0,0.0,0.10668516293360275,0.0,0.0,0.0,638.1857575685076,500.0,0.0,-332.22671228247134,332.0353608084931,0.0,157.998628419534,0.0,644.2686430833699,0.0,-57.56690788310288,0.0,0.0,0.0,-9.185592528583369,0.0,-635.0830505547865,-150.5549561577539,-1000.0,0.0,0.0,0.0,0.0,0.0,0.0,0.0,0.0,0.0,0.0,0.0,0.0,0.0,0.0,0.0,0.0,0.0,0.0,0.0,-936.53133390641,191.4159316440589,0.0,0.0,865.1935520615988,0.0,0.0,0.0,0.0,0.0,0.0,0.0,626.4469198743835,0.0,-764.4901394813716,0.0,0.0,0.0,-305.7596769677055,-5.334258146680138,0.0,491.43147866469036,764.4901394813716,-751.1544941146713,0.0,-2.667129073340069,0.0,0.0,0.0,0.0,0.0,-410.5131459222528,32.00554888008083,0.0,0.0,0.0,382.4611984228362,0.0,414.64255425774104,0.0,0.0,0.0,0.0,-91.23132312645387,0.0,0.0,-245.42568346874785,0.0,0.0,0.0,0.0,0.0,-75.65211170060672,0.0,0.0,128.66296741327943,0.0,0.0,0.0,0.0,-35.05846575014143,0.21337032586711757,0.0,0.0,0.0,0.0,0.0,0.0,0.0,0.0,0.0,0.0,0.0,0.0,0.0,0.0,0.0,0.0,0.0,0.0,0.0,0.11735367922713635,0.11735367922713635,0.0,155.87734572714697,0.0,64.01109776016166,0.0,0.0,0.0,0.0,0.0,0.0,0.0,0.0,0.0,119.83190125251886,0.0,0.0,0.0,871.1210337754412,0.0,0.0,128.66296741327943,0.0,0.0,0.0,0.0,0.0,0.0,0.0,333.3333333333333,-638.1857575685076,419.55855162642155,0.0,8.214757545887407,0.0,0.0,-451.2970983715815,-781.1057919229931,0.0,119.83190125251886,0.0,84.77343550237742,0.0,0.0,0.0,0.0,0.0,0.0,0.0,0.0,0.0,0.0,0.0,0.0,0.0,0.0,0.0,0.0,0.0,64.01109776016166,170.5838950077055,170.5838950077055,0.0,0.0,0.0,0.0,0.0,0.0,0.0,0.0,0.0,0.0,1.0668516293360277,0.0,0.0,0.0,0.0,0.0,0.0,0.0,0.0,32.00554888008083,-871.1210337754412,0.0,0.0,0.0,0.0,0.0,0.0,0.0,0.0,0.0,30.56183113042666,0.0,0.0,32.00554888008083,32.00554888008083,709.8858736730006,0.0,0.0,128.66296741327943,0.0,0.0,0.0,0.0,0.0,638.4513700124354,0.0,707.3983192226652,0.10668516293360275,0.0,0.0,-624.9999999999786,765.892998391363,0.0,0.0,451.2970983715815,0.0,0.0,0.0,0.0,0.0,0.0,0.0,0.0,0.0,0.0,0.0,0.0,0.0,0.0,0.10668516293360275,0.0,0.0,0.0,0.0,0.0,0.0,0.0,0.0,0.0,-5.706318113614932,5.706318113614932,0.0,0.0,-936.53133390641,-8.001387220020206,-2.2710558671533847,-3.063202279526758,0.0,0.0,0.0,0.0,0.0,0.0,0.0,0.0,0.0,0.0,0.0,170.5838950077055,0.0,0.0,0.0,-405.17888777557266,0.0,0.0,0.0,414.5358690948075,0.0,0.0,0.10668516293360275,0.0,0.10668516293360275,0.0,0.0,0.0,64.01109776016166,130.15589877899538,130.15589877899538,0.0,0.0,0.0,0.0,0.0,0.0,0.0,419.55855162642155,0.0,0.0,0.0,0.0,0.0,0.0,0.0,0.0,0.0,0.0,0.0,0.0,0.0,0.0,0.0,0.0,0.0,0.0,0.0,329.80869355141164,0.0,0.0,0.0,0.16002774440040413,0.0,0.0,0.0,-32.00554888008083,0.0,0.0,0.0,0.0,0.0,-155.87734572714697,5.334258146680138,0.0,0.0,0.0,0.0,594.6599178153314,-5.706318113614932,-3.063202279526758,0.0,0.0,0.0,0.0,0.0,0.0,0.0,170.5838950077055,0.0,871.1210337754412,0.0,155.87734572714697,0.0,723.221519039701,-57.56690788310288,0.0,0.0,0.0,0.0,191.4159316440589,869.8441012210046,0.0,5.334258146680143,1000.0,0.0,0.0,0.0,-75.65211170060672,0.0,0.0,0.0,0.0,0.0,0.0,0.0,0.0,0.0,991.9986127799797,-8.001387220020206,130.15589877899538,0.0,0.0,0.0,0.0,0.0,0.0,0.0,0.0,0.0,0.0,0.0,0.0,171.88012016718756,-140.8929983913844,213.61647946291546,0.0,32.00554888008083,0.0,0.0,0.0,0.0,-47.64095931380291,0.0,0.0,0.11735367922713635,0.0,0.0,0.0,65.07794938949769,0.0,0.0,0.0,0.0,416.50563475636096,0.0,0.0,0.0,0.0,0.0,0.0,0.0,0.0,0.0,0.0,249.7218216877529,0.010668516293360276,0.0,0.0,0.0,0.0,0.0,0.0,0.0,0.0,0.0,-624.9999999999786,0.0,0.0,0.0,0.0,0.0,155.87734572714697,0.0,0.0,0.0,0.0,0.0,0.0,0.0,0.0,0.0,0.0,0.0,0.0,0.0,0.0,-200.0,0.0,0.0,0.0,64.01109776016166,0.0,0.0,0.0,0.0,0.0,0.0,-64.01109776016166,0.0,0.0,0.0,0.0,0.0,0.0,0.0,0.0,0.0,0.0,0.0,0.0,-707.3983192226652,-512.1035861453184,73.07933660951791,0.0,-32.00554888008083,0.0,936.1045932546758,0.0,0.0,0.0,0.0,0.0,0.0,0.0,0.0,0.0,500.0,0.0,-500.00000000000006,-500.0,0.0,0.0,0.0,0.0,-13.33564536670035,170.5838950077055,-634.4483070944036,0.0,0.0,0.0,0.0,0.0,0.0,-1.3335645366700346,0.0,267.0680433446656,0.0,0.0,0.0,0.0,0.0,0.0,0.0,1000.0,32.00554888008083,32.00554888008083,0.0,0.0,0.0,0.0,121.66239748432245,0.11735367922713635,155.87734572714697,0.0,0.0,-936.1045932546758,249.71115317145956,0.0,0.0,0.0,0.0,0.0,0.0,0.0,0.0,0.0,0.0,0.0,0.0,0.0,0.0,0.0,0.0,0.0,0.0,112.01942108028291,8.214757545887407,0.0,0.0,0.0,0.0,0.0,155.87734572714697,0.0,0.0,0.0,0.0,0.0,-13.33564536670035,0.0,0.0,0.0,0.0,0.0,0.0,0.0,0.0,0.0,0.0,0.0,0.0,0.0,0.0,0.0,0.0,0.0,0.0,-0.10668516293360275,0.0,0.0,5.334258146680138,-119.83190125251886,0.0,0.0,0.0,0.0,170.58389500770554,0.0,0.0,0.0,9.185592528583369,2.667129073340069,0.0,0.0,0.0,0.10668516293360275,0.0,106.68516293360275,-33.07240050941685,21.337032586720554,0.7620368780971626,297.6516045847517,-0.08001387220020206,751.1544941146713,2.1337032586720555,-0.5334258146677939,-297.6516045847517,32.00554888008083,-0.10668516293360293,19.188969294367627,128.66296741327943,0.02667129073340069,0.7620368780971626,-57.566907883102886,-16.9842779390291,-2.1337032586720555,-300.0,-0.10668516293360276,0.02667129073340069,-297.6516045847517,10.668516293360277,0.10668516293360276,0.10668516293360275,-155.65330688498622,0.11735367922695296,0.0,-0.08001387220020206,32.00554888008083,0.10668516293360276,32.00554888008083,-53.342581466801384,-0.05334258146680138,-80.1081634434632,-170.0,-0.08001387220020206,-0.10668516293360276,-33.07240050941685,0.10668516293360275,10.668516293360277,-2.1337032586720555,329.80869355141164,329.80869355141164,-10.668516293360277,300.0,-329.80869355141164,21.337032586720554,0.16002774440040413,-296.20614283768214,10.668516293360277,-333.3333333333333,128.66296741327943,-21.337032586720554,0.053342581466801375,1.0668516293360277,83.05667807061783,177.21437831386754,-0.10668516293360275,-179.88150738720776,155.65330688498622,33.07240050941685,0.10668516293360276,16.9842779390291,0.6407718929564226,128.66296741327943,-0.10668516293360275,-0.02667129073340069,-128.66296741327943,-0.10668516293360276,-35.05846575014143,0.1066851629339041,-0.026671290733400688,-0.02667129073340069,-0.026671290733400688,42.67406517344111,53.342581466801384,1.0668516293360277,297.5454010385502,-0.02667129073340069,146.92438684686803,5.334258146680138,22.863491021750853,0.10668516293360275,0.053342581466801375,0.05334258146680138,75.0,33.07240050941685,0.10668516293360275,-33.07240050941685,1.0668516293360277,0.10668516293360276,-734.5554629387882,0.10668516293360276,0.42674065173423514,0.5334258146677939,0.05334258146680138,0.02667129073340069,32.00554888008083,-0.10668516293360276,0.0,1.0668516293360277,-595.0908020771004,748.4873650413311,-10.668516293360277,21.337032586720554,5.334258146680138,-0.10668516293360276,57.566907883102886,0.16002774440040413,-0.10668516293360276,-150.0,33.07240050941685,443.4708211492628,0.05334258146680138,-45.72698204350171,-0.10668516293360276,-0.1066851629339041,-0.10668516293360278,0.05334258146680138,297.6516045847517,-21.337032586720554,0.10668516293360275,166.11335614123567,-0.02667129073340069,-0.11735367922695296,-166.11335614123567,16.00277444004041,170.0,-47.79534491925584,297.6516045847517,-0.08001387220020206,179.88150738720776,-177.21437831386754,0.10668516293360276,-0.026671290733400688,5.334258146680143,106.68516293360275,-0.053342581466801375,-0.10668516293360276,0.02667129073340069,349.995360707548,0.0,184.22775092174518,437.010061900238,-255.0,0.0,540.8203000701981,-140.0,0.0,278.5111173550998,-255.0,-325.0,-111.92504933447015,-139.2555586775499,127.5,127.5,0.0,70.0,-155.87734572714697,-395.8298618354599,111.92504933447015,325.0,-395.8298618354599,-540.8203000701981,264.75550594194067,0.0,1496.5981,hplb
16,0.0,0.0,0.0,0.0,0.0,0.0,0.0,0.0,-0.10400993703281225,0.0,0.0,0.0,0.0,0.0,0.0,0.0,348.1394219345417,253.79868259474762,0.0,-301.9381045292893,0.0,0.0,0.0,0.0,0.0,0.0,0.0,0.0,0.0,0.0,0.0,0.0,68.49197596077032,0.0,0.0,0.0,0.0,468.9309899269565,0.0,-327.98824609950617,-31.20298110984368,0.0,-357.5967856487144,165.92618990106644,0.0,0.0,323.70736507134626,514.3910589510657,-871.6623974843225,0.0,0.0,0.0,0.0,0.11441093073619635,0.0,0.0,0.0,535.1930463576282,0.0,0.0,-9.159808454690316,0.0,-283.67294086109274,-292.8327493157831,0.0,0.0,0.0,0.0,0.0,0.0,0.0,1.0400993703281227,0.0,0.0,0.0,0.0,0.0,0.0,0.0,0.0,0.0,0.0,0.0,0.0,62.40596221968736,0.0,0.0,608.9318574447874,0.0,131.09980041245194,0.0,0.0,0.0,352.810342273044,31.20298110984368,0.0,31.20298110984368,0.0,427.8524573995362,0.0,0.0,371.8618898705748,0.0,0.0,0.0,-69.20940443080441,246.1366088821506,18.61777872887339,0.0,0.0,0.0,0.0,0.0,0.0,0.0,0.0,0.0,0.0,0.0,0.0,0.0,0.0,0.0,0.0,-241.28490410753608,0.0,0.0,31.20298110984368,0.0,32.243080480171805,0.0,0.0,-410.35032258298713,0.0,410.35032258298713,-410.35032258298713,0.0,0.0,0.0,0.0,0.0,0.0,0.0,0.0,0.0,8.00876515152654,0.10400993703281225,0.026002484258203062,0.0,0.0,0.0,-246.1366088821506,0.0,0.0,0.0,0.0,664.123954202665,0.0,0.0,0.0,0.0,0.0,-47.16573113670828,-47.16573113670828,0.0,0.0,0.0,0.0,0.0,0.0,0.0,-47.06172119967547,0.0,0.0,0.0,0.0,0.0,0.0,0.0,0.0,0.0,0.0,0.0,0.0,0.0,0.0,-59.29413949976806,0.0,0.0,0.0,0.0,-1000.0,0.0,0.0,0.0,0.0,0.0,0.0,357.5967856487144,-94.86624560917934,94.86624560917934,0.0,0.0,0.0,0.0,0.0,0.0,0.0,0.0,0.0,0.0,0.0,0.0,0.0,0.0,0.0,0.0,0.0,0.0,0.0,0.0,0.0,0.0,0.0,-58.3960251868751,165.92618990106644,0.0,0.0,0.0,0.0,51.94020691578366,0.0,0.0,0.0,0.0,-9.159808454690316,0.0,0.0,0.0,404.2450212717268,0.0,0.0,0.0,0.0,0.0,430.74749140957795,0.0,0.0,0.0,0.0,-262.730540039535,0.0,0.0,-165.92618990106644,0.0,0.0,0.0,0.0,0.0,0.0,0.0,-10.482468153957255,0.0,0.0,298.4142541367022,0.0,500.00000000000045,-201.58574586329826,500.00000000000045,0.0,-94.86624560917934,0.0,119.72487249581405,0.0,0.0,238.24751740576255,0.0,0.0,0.0,-823.685540404599,0.0,823.685540404599,0.0,276.43762399760516,0.0,0.0,0.0,0.0,0.0,0.0,-9.159808454690316,-0.15601490554921837,0.0,0.0,0.0,0.0,0.10400993703281225,0.0,0.0,0.0,486.10932056479476,348.1394219345417,0.0,-549.6179611038751,587.1285768727672,0.0,0.0,0.0,-725.5951849007236,0.0,-69.20940443080441,0.0,0.0,0.0,-8.955255578525238,64.52126520567833,670.0291752735704,11.782592366867409,-1000.0,0.0,0.0,0.0,0.0,0.0,0.0,0.0,0.0,0.0,0.0,0.0,0.0,0.0,0.0,0.0,0.0,404.2450212717268,0.0,0.0,-469.3470296750878,0.0,0.0,427.39837143711975,0.0,0.0,0.0,-438.75625656110446,0.0,427.8524573995362,0.0,0.0,366.66139301893423,0.0,0.0,0.0,-2.6002484258203062,-64.52126520567833,-841.2590595794164,-5.2004968516406125,-46.65248514072857,-763.4260703475236,0.0,-188.53119336110774,0.0,0.0,0.0,936.1046290383974,0.0,-620.798194775961,1000.0,553.191735704633,31.20298110984368,0.0,0.0,0.0,79.57085540131703,0.0,0.0,761.0571412046061,761.0571412046061,-761.0571412046061,-761.0571412046061,223.83656162292493,0.0,0.0,0.0,0.0,0.0,0.0,0.0,0.0,-18.31961690938063,0.0,0.0,0.0,0.0,0.0,0.0,0.0,-89.59900629671877,0.20801987406571243,0.0,0.0,0.0,0.0,0.0,0.0,0.0,0.0,0.0,0.0,0.0,0.0,0.0,0.0,0.0,0.0,0.0,0.0,0.0,0.11441093073619635,0.11441093073619635,0.0,30.14150221561685,0.0,62.40596221968736,0.0,0.0,0.0,0.0,0.0,317.5231939410402,0.0,0.0,0.0,818.0564145884451,0.0,0.0,0.0,123.94293090591415,0.0,0.0,0.0,0.0,0.0,0.0,0.0,0.0,0.0,0.0,80.4283013691787,-486.10932056479476,0.0,0.0,8.00876515152654,0.0,0.0,352.810342273044,300.8701353572603,0.0,818.0564145884451,0.0,681.7675798587234,46.68982843300296,0.0,0.0,0.0,0.0,0.0,0.0,0.0,0.0,0.0,0.0,0.0,0.0,0.0,0.0,0.0,0.0,62.40596221968736,0.0,0.0,0.0,0.0,0.0,0.0,0.0,0.0,0.0,0.0,0.0,0.0,1.0400993703281227,0.0,0.0,0.0,0.0,0.0,357.5967856487144,0.0,0.0,31.20298110984368,-123.94293090591415,0.0,0.0,0.0,0.0,0.0,0.0,0.0,0.0,0.0,0.0,0.0,0.0,31.20298110984368,31.20298110984368,291.19677046433605,0.0,0.0,0.0,0.0,0.0,0.0,0.0,0.0,-11.782592366867409,0.0,0.0,0.10400993703281225,0.0,0.0,105.79714065927824,31.562839754983614,0.0,0.0,-352.810342273044,0.0,0.0,0.0,0.0,0.0,0.0,0.0,0.0,0.0,0.0,0.0,0.0,0.0,0.0,0.10400993703281225,0.0,0.0,0.0,0.0,0.0,0.0,0.0,0.0,0.0,0.0,1000.0,0.0,-52.85245739953634,-1000.0,-7.80074527746092,-5.200496851640617,0.0,0.0,0.0,0.0,0.0,0.0,0.0,0.0,0.0,0.0,0.0,0.0,0.0,0.0,0.0,0.0,-62.40596221968736,0.0,0.0,0.0,-0.10400993703281225,0.0,0.0,0.10400993703281225,0.0,0.10400993703281225,0.0,0.0,0.0,62.40596221968736,126.89212318003096,126.89212318003096,0.0,0.0,0.0,0.0,0.0,0.0,0.0,0.0,0.0,0.0,0.0,0.0,0.0,0.0,0.0,0.0,0.0,0.0,0.0,0.0,0.0,0.0,0.0,0.0,0.0,0.0,0.0,51.94020691578366,0.0,0.0,0.0,0.15601490554921837,0.0,0.0,0.0,-31.20298110984368,0.0,0.0,0.0,0.0,0.0,-30.14150221561685,5.2004968516406125,0.0,0.0,0.0,0.0,0.0,0.0,0.0,0.0,0.0,0.0,0.0,0.0,0.0,0.0,0.0,0.0,123.94293090591415,0.0,30.14150221561685,0.0,304.19801259343757,-69.20940443080441,530.6529703249122,-438.75625656110446,480.7049147990725,-572.6016285628803,0.0,-126.89212318003096,0.0,5.200496851640617,1000.0,0.0,0.0,0.0,-18.31961690938063,0.0,0.0,0.0,0.0,0.0,0.0,0.0,0.0,0.0,51.493394222307074,-7.800745277461047,126.89212318003096,0.0,-250.00000000000003,-250.0,250.0,0.0,0.0,0.0,0.0,0.0,430.74749140957795,0.0,0.0,45.74299277053882,-137.35998041426186,0.0,-357.5967856487144,31.20298110984368,0.0,0.0,0.0,0.0,231.85973011820465,0.0,0.0,0.11441093073619635,0.0,0.0,0.0,63.44606159001548,0.0,0.0,0.0,0.0,-58.3960251868751,0.0,246.1366088821506,0.0,0.0,0.0,0.0,0.0,0.0,462.2905294987708,0.0,0.010400993703281226,0.010400993703281226,0.0,0.0,0.0,0.0,0.0,0.0,0.0,0.0,0.0,105.79714065927824,0.0,0.0,0.0,0.0,0.0,30.14150221561685,0.0,0.0,0.0,0.0,0.0,0.0,0.0,0.0,0.0,0.0,0.0,0.0,0.0,0.0,253.79868259474762,0.0,0.0,0.0,62.40596221968736,0.0,0.0,0.0,0.0,0.0,0.0,-62.40596221968736,0.0,0.0,0.0,0.0,0.0,0.0,0.0,0.0,0.0,0.0,0.0,0.0,0.0,0.0,71.24680686747641,0.0,-31.20298110984368,0.0,468.9309899269565,0.0,0.0,0.0,0.0,0.0,0.0,0.0,0.0,0.0,416.6666666666667,0.0,-416.6666666666667,-416.6666666666667,0.0,0.0,0.0,0.0,-13.001242129101538,0.0,-374.46213829639515,0.0,0.0,0.0,0.0,0.0,0.0,0.0,-1.3001242129101533,18.31961690938063,0.0,0.0,0.0,0.0,0.0,0.0,0.0,1000.0,31.20298110984368,31.20298110984368,0.0,0.0,0.0,0.0,0.0,0.11441093073619635,30.14150221561685,0.0,0.0,-468.9309899269565,0.0,0.0,0.0,0.0,0.0,0.0,0.0,0.0,0.0,0.0,0.0,0.0,0.0,0.0,0.0,0.0,0.0,0.0,0.0,109.21043388445288,0.0,0.0,8.00876515152654,0.0,0.0,0.0,30.14150221561685,0.0,422.19787458547916,0.0,0.0,0.0,-13.001242129101538,0.0,0.0,0.0,0.0,0.0,0.0,0.0,0.0,0.0,0.0,0.0,0.0,0.0,0.0,0.0,0.0,0.0,0.0,-0.10400993703281225,0.0,0.0,5.2004968516406125,-818.0564145884451,0.0,0.0,0.0,0.0,0.0,0.0,0.0,0.0,8.955255578525238,2.6002484258203062,0.0,0.0,0.0,0.10400993703281225,0.0,104.00993703281225,-32.243080480171805,20.80198740656245,0.7429281216629446,290.1877243215462,-0.07800745277460919,188.53119336110774,2.080198740656245,-0.5200496851641105,-290.1877243215462,31.202981109843677,-0.10400993703281225,23.069801476934803,0.0,0.026002484258203062,0.7429281216629446,-69.20940443080441,-16.55838197562531,-2.080198740656245,-300.0,-0.10400993703281225,0.026002484258203062,-290.1877243215462,10.400993703281225,0.10400993703281225,0.10400993703281225,-29.92308134784784,0.11441093073609347,-19.672173395880336,-0.07800745277460919,31.20298110984368,0.10400993703281225,31.20298110984368,-52.00496851640613,-0.052004968516406125,-506.03297194517586,-62.44521055609769,-0.07800745277460919,-0.10400993703281225,-32.243080480171805,0.10400993703281225,10.400993703281225,-2.080198740656245,51.94020691578366,51.94020691578366,-10.400993703281225,300.0,-51.94020691578366,20.80198740656245,0.15601490554921837,-1000.0,10.400993703281225,-80.4283013691787,0.0,-20.80198740656245,0.052004968516406125,1.0400993703281227,137.40449027596878,50.9434896221793,-0.10400993703281225,-53.54373804799987,29.92308134784784,32.243080480171805,0.10400993703281225,16.55838197562531,-124.81192443937469,0.0,-0.10400993703281225,-0.026002484258203062,0.0,-0.10400993703281192,-335.73561517886935,0.10400993703279937,-0.026002484258203062,-0.026002484258203062,-0.026002484258203062,41.6039748131249,52.00496851640613,1.0400993703281227,316.5999658199096,-0.026002484258203062,251.73917907500277,5.2004968516406125,50.0,0.10400993703281225,0.052004968516406125,0.05200496851640596,10.400993703281225,32.243080480171805,0.10400993703281225,-32.243080480171805,1.0400993703281227,0.10400993703281225,-795.683173261354,0.10400993703281225,0.41603974813131117,0.5200496851641105,0.052004968516406125,0.026002484258203062,31.20298110984368,-0.10400993703281226,19.672173395880336,1.0400993703281225,-633.1999316398192,185.93094493528744,-10.400993703281225,20.80198740656245,5.2004968516406125,-0.10400993703281225,69.20940443080441,0.15601490554921837,-0.10400993703281225,-20.80198740656245,32.243080480171805,23.06465006563502,0.052004968516406125,-100.0,-0.10400993703281225,-0.10400993703279937,-0.10400993703281225,0.052004968516406125,290.1877243215462,-20.80198740656245,0.10400993703281225,274.80898055193757,-0.026002484258203062,-0.11441093073609347,-274.80898055193757,15.601490554921837,62.4452105560977,552.6737695878877,290.1877243215462,-0.07800745277460919,53.54373804799987,-50.9434896221793,0.10400993703281225,-0.026002484258203062,5.200496851640617,104.00993703281225,-0.052004968516406125,-0.10400993703281225,0.026002484258203062,0.0,0.0,963.7144402282111,479.0832074414444,-255.0,0.0,268.521365023132,-140.0,0.0,-80.0,-255.0,-325.0,-36.2335548032726,40.0,127.5,127.5,0.0,70.0,-30.14150221561685,-254.92438018383967,36.2335548032726,325.0,-254.92438018383967,-268.521365023132,191.46614787961272,0.0,1496.5981,hplb
17,0.0,0.0,0.0,0.0,0.0,0.0,0.0,0.0,-0.1244962586796742,0.0,0.0,0.0,0.0,0.0,0.0,0.0,-700.0,1000.0,0.0,0.0,0.0,0.0,0.0,580.9844805552856,0.0,0.0,0.0,0.0,0.0,-586.9361418619492,0.0,0.0,0.0,0.0,0.0,0.0,0.0,0.0,0.0,-1000.0,971.4476498690518,0.0,0.0,1000.0,0.0,0.0,0.0,0.0,550.8584971814236,-320.8539785903203,0.0,-270.7879563564428,0.0,0.13694588454776477,0.0,0.0,0.0,24.89925173593484,0.0,0.0,49.223014333082105,0.0,0.0,-131.3379402093425,0.0,0.0,0.0,0.0,130.95387110163927,-130.95387110163927,0.0,1.244962586796742,0.0,0.0,0.0,0.0,0.0,0.0,0.0,364.2437841605657,0.0,0.0,0.0,0.0,74.69775520780452,0.0,0.0,-657.2058722802894,188.8202637057812,131.28231322113817,-0.03112406466991855,0.0,0.0,0.0,37.34887760390226,0.0,70.18462945047052,-4.008779529489066,0.0,0.0,0.0,6.22481293398371,-586.9361418619492,0.0,0.0,-8.608003605158274,0.0,309.5570787246828,0.0,0.0,0.0,0.0,0.0,0.0,0.0,0.0,0.0,0.0,0.0,0.0,0.0,0.0,0.0,0.0,-1000.0,0.0,0.0,70.18462945047052,0.0,38.593840190699,0.0,0.0,721.4771602207569,0.0,-721.4771602207569,721.4771602207569,0.0,0.0,0.0,-180.5609545424246,0.0,0.0,0.0,0.0,0.0,9.586211918334952,0.1244962586796742,0.0,0.0,0.0,-551.5981326568611,0.0,0.0,0.0,0.0,0.0,553.9208168377257,0.0,0.0,0.0,0.0,0.0,34.72809138055758,34.72809138055758,0.0,0.0,0.0,250.00000000000003,-141.3262185667099,0.0,0.0,34.85258763923726,0.0,0.0,0.0,-1000.0,0.0,0.0,0.0,0.0,0.0,0.0,0.0,0.0,0.0,0.0,-77.98165008809164,0.0,0.0,0.0,0.0,-1000.0,0.0,0.0,0.0,0.0,0.0,320.8539785903203,270.7879563564428,-20.10257692691937,20.10257692691937,180.5609545424246,0.0,0.0,0.0,0.0,0.0,0.0,0.0,801.2531124204081,0.0,0.0,0.0,0.0,0.0,0.0,0.0,0.0,0.0,0.0,0.0,0.0,0.0,221.88495837234657,534.232387975299,465.2896883240828,0.0,0.0,0.0,0.0,157.4258778733529,0.0,0.0,0.0,0.0,49.223014333082105,-534.7103116759172,0.0,0.0,483.8671589844229,0.0,0.0,0.0,0.0,0.0,0.0,0.0,32.835751846568265,0.0,-1000.0,-791.0771593672995,144.33800433065755,0.0,-465.2896883240828,0.0,0.0,180.5609545424246,-848.1145644107975,0.0,0.0,0.0,87.69285651041747,0.0,0.0,-1000.0,0.0,0.0,-999.9999999999997,0.0,0.0,168.71768677886183,0.0,815.4568418155037,320.8539785903203,0.0,9.35772930051354,0.0,0.0,0.0,0.0,0.0,0.0,0.0,938.6227588712062,0.0,0.0,1000.0,250.0,0.0,0.0,49.223014333082105,-0.1867443880195113,0.0,0.0,0.0,0.0,0.1244962586796742,0.0,0.0,0.0,591.8285381337519,-700.0,0.0,-963.0471061176008,1000.0,0.0,1000.0,0.0,1000.0,0.0,-8.608003605158274,0.0,0.0,0.0,-10.71912787232007,-130.95387110163927,-858.3270010260405,0.0,-1000.0,0.0,0.0,0.0,0.0,0.0,0.0,0.0,0.0,0.0,0.0,0.0,0.0,0.0,0.0,0.0,0.0,483.8671589844229,-359.3571152627769,0.0,-1000.0,0.0,640.1448997024996,0.0,0.0,0.0,0.0,-9.586211918334952,0.0,0.0,0.0,0.0,0.0,0.0,0.0,-749.9999999999999,0.0,0.0,0.0,0.0,0.0,690.6927887138593,0.0,743.7751870660162,-66.54108416409609,-3.112406466991855,-6.22481293398371,-225.852406274307,0.0,-442.04447722663747,0.0,0.0,70.18462945047052,-500.00000000000006,500.00000000000006,0.0,134.6896074598527,0.0,0.0,130.52857060230298,-91.3563877700436,91.3563877700436,91.3563877700436,93.32486707368821,0.0,0.0,-904.0191637493283,0.0,0.0,0.0,0.0,0.0,-82.11492587626039,0.0,500.00000000000006,41.63227931952238,0.0,0.0,0.0,0.0,-87.55037413203257,0.24899251736405859,0.0,0.0,0.0,0.0,0.0,0.0,0.0,0.0,0.0,0.0,0.0,0.0,0.0,0.0,0.0,0.0,0.0,0.0,0.0,0.13694588454776477,0.13694588454776477,0.0,353.0021336454663,0.0,74.69775520780452,0.0,0.0,0.0,764.4038190918976,0.0,0.0,0.0,0.0,0.0,856.3763860068283,-764.4038190918976,0.0,0.0,0.0,0.0,0.0,41.63227931952238,0.0,0.0,0.0,0.0,0.0,0.0,0.0,333.3333333333333,-591.8285381337519,551.5981326568611,0.0,9.586211918334952,0.0,0.0,0.0,-337.9868324157775,0.0,856.3763860068283,0.0,86.48744050127982,682.338571373516,0.0,0.0,221.88495837234657,0.0,0.0,0.0,0.0,0.0,0.0,0.0,0.0,0.0,0.0,0.0,0.0,0.0,74.69775520780452,180.5609545424246,180.5609545424246,0.0,0.0,0.0,0.0,0.0,0.0,0.0,0.0,0.0,0.0,1.244962586796742,0.0,0.0,0.0,0.0,0.0,270.7879563564428,0.0,0.0,70.18462945047052,0.0,0.0,0.0,0.0,0.0,0.0,0.0,0.0,0.0,0.0,-563.9885441948679,1000.0,0.0,37.34887760390226,37.34887760390226,34.88373616555896,-764.4038190918976,0.0,41.63227931952238,0.0,0.0,0.0,0.0,0.0,-413.0638581380508,0.0,-178.34653282465206,0.1244962586796742,0.0,0.0,-244.56112474916864,408.9762195154898,10.6942773356825,0.0,0.0,0.0,0.0,0.0,0.0,0.0,0.0,0.0,0.0,0.0,0.0,0.0,0.0,0.0,0.0,0.1244962586796742,0.0,0.0,0.0,680.5150887255103,-680.5150887255103,0.0,0.0,0.0,640.1448997024996,-634.5862119183349,1000.0,0.0,-375.00000000000006,-640.6428847372231,-9.337219400975565,0.0,-6.22481293398371,0.0,0.0,0.0,0.0,0.0,0.0,0.0,0.0,0.0,0.0,0.0,180.5609545424246,0.0,0.0,0.0,-435.8196642926537,0.0,0.0,0.0,-0.1244962586796742,0.0,0.0,0.1244962586796742,0.0,0.1244962586796742,0.0,0.0,0.0,74.69775520780452,151.8854355892025,151.8854355892025,0.0,0.0,0.0,0.0,0.0,0.0,0.0,551.5981326568611,0.0,0.0,0.0,0.0,0.0,0.0,0.0,0.0,0.0,0.0,0.0,0.0,0.0,0.0,0.0,0.0,0.0,0.0,0.0,337.9868324157775,0.0,0.0,0.0,0.1867443880195113,0.0,0.0,0.0,-70.18462945047052,0.0,0.0,0.0,0.0,0.0,-353.0021336454663,6.22481293398371,0.0,0.0,0.0,-250.0,141.3262185667099,-2.98676543294863,-6.22481293398371,0.0,500.00000000000006,0.0,0.0,0.0,0.0,0.0,180.5609545424246,0.0,0.0,1000.0,131.11717527311973,0.0,851.6988809209263,2.0862737305242263,0.0,622.0132345670513,375.00000000000006,-997.0132345670513,0.0,-1000.0,0.0,6.22481293398371,1000.0,0.0,0.0,0.0,-82.11492587626039,0.0,0.0,1000.0,-1000.0,0.0,0.0,0.0,0.0,0.0,440.32100313453356,-381.013791848393,151.8854355892025,0.0,0.0,0.0,0.0,0.0,0.0,0.0,0.0,0.0,0.0,0.0,0.0,0.0,-164.41509476632115,-122.59924680484096,0.0,37.34887760390226,0.0,0.0,0.0,0.0,243.80732510371556,0.0,0.0,0.13694588454776477,0.0,0.0,0.0,75.94271779460125,0.0,0.0,0.0,0.0,534.232387975299,0.0,0.0,0.0,0.0,0.0,0.0,0.0,0.0,-41.695017472058446,0.0,623.091235737163,0.012449625867967431,0.0,0.0,0.0,0.0,0.0,0.0,0.0,0.0,0.0,-244.56112474916864,0.0,0.0,0.0,0.0,0.0,353.0021336454663,0.0,0.0,0.0,0.0,0.0,0.0,0.0,320.8539785903203,0.0,0.0,0.0,0.0,-510.83150822045684,747.9348035738268,1000.0,0.0,0.0,0.0,74.69775520780452,0.0,0.0,0.0,0.0,0.0,0.0,-74.69775520780452,0.0,0.0,0.0,0.0,0.0,0.0,0.0,0.0,0.0,0.0,0.0,0.0,178.34653282465206,-1000.0,85.27993719557684,0.0,-70.18462945047052,0.0,640.1448997024996,0.0,0.0,0.0,0.0,0.0,0.0,0.0,0.0,0.0,0.0,0.0,0.0,0.0,0.0,0.0,0.0,0.0,-15.562032334959275,180.5609545424246,-9.337219400975565,371.6765724474174,0.0,0.0,0.0,0.0,0.0,-1.5562032334959275,0.0,82.11492587626039,0.0,0.0,0.0,0.0,0.0,0.0,0.0,1000.0,37.34887760390226,37.34887760390226,0.0,0.0,0.0,0.0,364.2437841605657,0.13694588454776477,353.0021336454663,0.0,0.0,-640.1448997024996,623.078786111295,0.0,0.0,0.0,0.0,0.0,0.0,0.0,0.0,0.0,0.0,0.0,0.0,0.0,0.0,0.0,0.0,0.0,0.0,130.7210716136579,9.586211918334952,0.0,0.0,0.0,0.0,0.0,353.0021336454663,0.0,-1.0220140965404354,0.0,0.0,0.0,-15.562032334959275,0.0,0.0,0.0,0.0,0.0,0.0,0.0,0.0,0.0,0.0,0.0,0.0,0.0,0.0,0.0,0.0,0.0,0.0,-0.1244962586796742,0.0,0.0,6.22481293398371,-856.3763860068283,0.0,0.0,0.0,0.0,180.5609545424246,0.0,0.0,0.0,10.71912787232007,3.112406466991855,0.0,0.0,0.0,0.1244962586796742,0.0,124.4962586796742,-38.593840190699,24.89925173593484,0.8892589905691014,347.34456171629097,-0.09337219400975565,6.224812933983685,2.489925173593484,-0.6224812934031302,-347.34456171629097,37.34887760390226,-0.1244962586796742,2.869334535052758,41.63227931952238,0.03112406466991855,0.8892589905691014,-8.608003605158274,-19.81980438180781,-2.489925173593484,-300.0,-0.1244962586796742,0.03112406466991855,-347.34456171629097,12.44962586796742,0.1244962586796742,0.1244962586796742,-352.74069150223886,0.13694588454760429,-59.640089586033525,-0.09337219400975565,37.34887760390226,0.1244962586796742,70.18462945047052,-29.412377493268835,-0.0622481293398371,-477.06472004137567,-170.0,-0.09337219400975565,-0.1244962586796742,-38.593840190699,0.1244962586796742,12.44962586796742,-2.489925173593484,337.9868324157775,337.9868324157775,-12.44962586796742,300.0,-337.9868324157775,24.89925173593484,0.1867443880195113,-544.2594387488531,12.44962586796742,-333.3333333333333,41.63227931952238,-24.89925173593484,0.0622481293398371,1.244962586796742,240.7617765294002,156.01642700905455,-0.1244962586796742,-381.013791848393,352.74069150223886,38.593840190699,0.1244962586796742,19.81980438180781,-140.59898294265537,41.63227931952238,-0.1244962586796742,-0.03112406466991855,-41.63227931952238,-0.1244962586796742,-87.55037413203257,0.12449625867933314,-0.03112406466991855,-0.03112406466991855,-0.03112406466991855,49.79850347186968,29.412377493268835,1.244962586796742,307.78395006586663,-0.03112406466991855,478.65421852374766,6.22481293398371,50.0,0.1244962586796742,0.0622481293398371,0.0622481293398371,33.26576552772861,38.593840190699,0.1244962586796742,-38.593840190699,1.244962586796742,0.1244962586796742,-738.8795188989852,0.1244962586796742,0.497985034723456,0.6224812934031302,0.0622481293398371,0.03112406466991855,37.34887760390226,-0.1244962586796742,59.640089586033525,1.244962586796742,-615.5679001317333,3.11240646699188,-12.44962586796742,24.89925173593484,6.22481293398371,-0.1244962586796742,8.608003605158274,0.1867443880195113,-0.1244962586796742,-66.53153105545722,38.593840190699,124.60716047351681,0.0622481293398371,-100.0,-0.1244962586796742,-0.12449625867933314,-0.1244962586796742,0.0622481293398371,347.34456171629097,-24.89925173593484,0.1244962586796742,481.5235530588004,-0.03112406466991855,-0.13694588454760429,-481.5235530588004,18.674438801951126,170.0,193.6888617705984,347.34456171629097,-0.09337219400975565,381.013791848393,-156.01642700905455,0.1244962586796742,-0.031124064669918558,6.22481293398371,124.4962586796742,-0.0622481293398371,-0.1244962586796742,0.03112406466991855,0.0,0.0,244.19719061951324,431.0955688331186,-255.0,0.0,415.96910855283124,-0.6650935862966976,0.0,-80.0,-255.0,-325.0,-300.0,40.0,127.5,127.5,0.0,0.3325467931483488,-353.0021336454663,-368.41448557723237,300.0,325.0,-368.41448557723237,-415.96910855283124,272.0592328137596,0.0,1496.5981,hplb
18,0.0,0.0,0.0,0.0,0.0,0.0,0.0,0.0,-0.12392164283299674,0.0,0.0,0.0,0.0,0.0,0.0,0.0,13.12012532565518,-874.7499999999993,0.0,1000.0,0.0,0.0,0.0,0.0,0.0,0.0,0.0,0.0,0.0,-596.4567680935123,0.0,0.0,50.131637853618656,0.0,0.0,0.0,0.0,999.5043134286676,0.0,-1000.0,986.7006341076872,0.0,0.0,1000.0,0.0,0.0,0.0,0.0,333.3366427678583,-779.0099502684461,0.0,750.0000000000011,0.0,0.13631380711660143,0.0,0.0,0.0,24.78432856659935,0.0,0.0,-10.913366012159294,0.0,100.5089685701954,89.59560255803612,0.0,0.0,0.0,0.0,0.0,0.0,0.0,1.2392164283299676,0.0,0.0,0.0,0.0,0.0,0.0,0.0,0.0,0.0,0.0,696.8591039687079,0.0,74.35298569979804,0.0,0.0,222.6885979458341,156.46712143070283,-12.934242861405664,-0.03098041070824919,0.0,0.0,803.958930922363,37.17649284989902,0.0,51.064464023856026,-3.990276899222275,0.0,0.0,696.8591039687079,107.21224079721077,-596.4567680935123,0.0,0.0,0.0,627.8552371280515,0.0,0.0,0.0,0.0,0.0,0.0,0.0,0.0,0.0,0.0,0.0,0.0,0.0,0.0,0.0,0.0,0.0,-307.36776341392795,0.0,0.0,51.064464023856026,0.0,38.41570927822899,0.0,0.0,0.0,0.0,0.0,0.0,0.0,-250.00000000000023,250.00000000000023,0.0,0.0,0.0,0.0,0.0,0.0,-687.3171374705671,0.12392164283299675,0.0,0.0,0.0,-327.63956569465086,-1000.0,0.0,0.0,47.46416128676384,0.0,816.5134601006627,0.0,0.0,0.0,0.0,0.0,79.27360340101787,79.27360340101787,0.0,0.0,0.0,0.0,374.9999999986993,0.0,0.0,79.39752504385086,0.0,0.0,0.0,-153.22663850227116,0.0,0.0,0.0,0.0,0.0,0.0,0.0,0.0,0.0,0.0,-367.821904228987,0.0,0.0,0.0,0.0,-1000.0,0.0,0.0,0.0,0.0,0.0,779.0099502684461,-750.0000000000011,156.46712143070283,-156.46712143070283,0.0,0.0,0.0,0.0,0.0,0.0,0.0,0.0,-15.490205354124594,0.0,0.0,0.0,0.0,0.0,0.0,0.0,0.0,0.0,0.0,0.0,0.0,0.0,116.89275353362103,663.240956873755,1000.0,0.0,0.0,0.0,0.0,0.0,0.0,0.0,0.0,0.0,-10.913366012159294,0.0,0.0,0.0,0.0,0.0,0.0,0.0,0.0,0.0,0.0,0.0,13.887971173957006,0.0,0.0,0.0,-37.50763785560591,0.0,-1000.0,0.0,0.0,0.0,-26.15356044617488,0.0,0.0,0.0,377.0157388973709,0.0,0.0,173.70267617783344,0.0,0.0,-326.2973238221653,499.99999999999875,-499.99999999999875,312.93424286140566,0.0,475.6918807170124,779.0099502684461,0.0,345.7413835040609,0.0,0.0,0.0,-355.1594283593687,0.0,355.1594283593687,0.0,1000.0,0.0,0.0,535.7463882786413,0.0,0.0,0.0,-10.913366012159294,-0.18588246424949512,0.0,0.0,0.0,0.0,0.12392164283299675,0.0,0.0,0.0,948.935535976144,13.12012532565518,0.0,-927.3502686033663,758.3762566935178,0.0,1000.0,0.0,797.4911211040331,0.0,0.0,0.0,0.0,0.0,-10.669653447921322,-786.8214676561118,0.0,-1000.0,-1000.0,0.0,0.0,0.0,0.0,0.0,0.0,0.0,0.0,0.0,0.0,0.0,0.0,0.0,0.0,0.0,0.0,0.0,550.44136972473,0.0,-449.55863027527005,0.0,0.0,0.0,0.0,0.0,0.0,687.3171374705671,0.0,0.0,0.0,0.0,101.01615865556093,0.0,0.0,-56.704161469430304,0.0,786.8214676561118,0.0,0.0,0.0,-166.86049207463012,0.0,0.0,-822.6472808621663,-3.0980410708249186,-6.196082141649837,0.0,0.0,45.11993641852922,0.0,-125.6690042599771,51.064464023856026,0.0,0.0,0.0,300.02530538374816,0.0,0.0,0.0,-116.89275353362103,116.89275353362103,116.89275353362103,-69.80963395034752,0.0,0.0,-920.8503182418151,0.0,0.0,0.0,0.0,0.0,-21.826732024318588,0.0,0.0,37.76509813154318,0.0,0.0,0.0,0.0,-87.60783571670032,0.2478432856661203,0.0,0.0,0.0,0.0,0.0,0.0,0.0,0.0,0.0,0.0,0.0,0.0,0.0,0.0,0.0,0.0,0.0,0.0,0.0,0.13631380711660143,0.13631380711660143,0.0,372.1084249670217,0.0,74.35298569979804,0.0,0.0,0.0,218.46988605567535,0.0,0.0,0.0,0.0,0.0,477.1435547522169,-218.46988605567535,0.0,0.0,352.34028742837825,0.0,0.0,37.76509813154318,0.0,0.0,0.0,0.0,0.0,0.0,0.0,102.45592113797598,-948.935535976144,699.7843285665994,0.0,9.541966498140788,0.0,803.958930922363,0.0,0.0,0.0,477.1435547522169,0.0,389.5357190355166,0.0,749.999999999999,-749.999999999999,116.89275353362103,0.0,0.0,0.0,0.0,0.0,0.0,0.0,0.0,0.0,0.0,0.0,0.0,0.0,74.35298569979804,0.0,0.0,0.0,0.0,0.0,0.0,0.0,0.0,0.0,0.0,0.0,0.0,1.2392164283299676,0.0,0.0,0.0,0.0,0.0,-750.0000000000011,0.0,0.0,51.064464023856026,-352.34028742837825,0.0,0.0,0.0,0.0,0.0,0.0,0.0,0.0,0.0,0.0,243.3194557036465,0.0,37.17649284989902,37.17649284989902,1000.0,-218.46988605567535,0.0,37.76509813154318,0.0,0.0,0.0,0.0,0.0,596.4567680935123,0.0,1000.0,0.12392164283299675,0.0,0.0,0.0,163.65623245280545,0.0,0.0,-803.958930922363,0.0,0.0,0.0,0.0,0.0,0.0,0.0,0.0,0.0,0.0,0.0,0.0,0.0,0.0,0.12392164283299675,0.0,0.0,0.0,0.0,0.0,0.0,0.0,0.0,0.0,0.0,749.7837815682274,-47.46416128676384,-62.466644097660264,-1000.0,-9.294123212474757,0.0,-6.196082141649837,0.0,0.0,0.0,0.0,0.0,0.0,0.0,0.0,0.0,0.0,0.0,0.0,0.0,0.0,0.0,-74.35298569979804,0.0,0.0,0.0,-0.12392164283299675,0.0,0.0,0.12392164283299675,0.0,0.12392164283299675,0.0,0.0,0.0,74.35298569979804,151.18440425625602,151.18440425625602,0.0,0.0,0.0,0.0,0.0,0.0,0.0,699.7843285665994,0.0,0.0,0.0,0.0,0.0,0.0,0.0,0.0,0.0,0.0,0.0,0.0,0.0,0.0,0.0,0.0,0.0,0.0,0.0,0.0,0.0,0.0,0.0,0.18588246424949512,0.0,0.0,0.0,-51.064464023856026,0.0,0.0,0.0,0.0,0.0,-372.1084249670217,6.196082141649837,0.0,0.0,0.0,0.0,-374.9999999986993,-749.7837815682274,-6.196082141649837,0.0,0.0,0.0,0.0,0.0,0.0,0.0,0.0,0.0,352.34028742837825,281.0845538351897,255.21567143340064,0.0,1000.0,0.0,0.0,-62.466644097660264,62.466644097660264,0.0,47.46416128676384,-177.3379647024309,0.0,6.196082141649837,518.366142965274,0.0,0.0,0.0,-21.826732024318588,0.0,0.0,0.0,0.0,0.0,0.0,0.0,0.0,0.0,749.2244524084834,-399.99079460444585,151.18440425625602,0.0,-750.0,-750.0,750.0,0.0,0.0,0.0,0.0,0.0,0.0,0.0,0.0,0.0,-163.65623245280545,0.0,0.0,37.17649284989902,0.0,0.0,0.0,0.0,262.53217784503676,0.0,0.0,0.13631380711660143,0.0,0.0,0.0,75.59220212812801,0.0,0.0,0.0,0.0,663.240956873755,0.0,627.8552371280515,0.0,0.0,0.0,0.0,0.0,0.0,0.0,0.0,0.012392164283299685,0.012392164283299685,0.0,0.0,0.0,0.0,0.0,0.0,0.0,0.0,0.0,0.0,0.0,0.0,0.0,0.0,0.0,372.1084249670217,0.0,0.0,0.0,0.0,0.0,0.0,0.0,779.0099502684461,0.0,0.0,0.0,0.0,1000.0,85.26877413617983,-874.7499999999993,0.0,0.0,0.0,74.35298569979804,0.0,0.0,0.0,0.0,0.0,925.6470143002019,-1000.0,0.0,0.0,0.0,0.0,0.0,0.0,0.0,0.0,0.0,0.0,0.0,0.0,-1000.0,-1000.0,84.88632534060278,0.0,-51.064464023856026,0.0,999.5043134286676,0.0,0.0,0.0,0.0,0.0,0.0,0.0,0.0,0.0,0.0,0.0,0.0,0.0,0.0,0.0,0.0,0.0,-15.490205354124594,0.0,-110.31028186803569,390.69667139197117,0.0,0.0,0.0,0.0,0.0,0.0,-1.5490205354124593,69.29089331108243,0.0,0.0,0.0,0.0,0.0,0.0,0.0,1000.0,37.17649284989902,37.17649284989902,0.0,0.0,0.0,0.0,0.0,0.13631380711660143,372.1084249670217,0.0,0.0,-999.5043134286676,0.0,0.0,0.0,0.0,0.0,0.0,0.0,0.0,0.0,0.0,0.0,0.0,0.0,0.0,0.0,0.0,0.0,0.0,0.0,130.11772497464656,9.541966498140788,0.0,0.0,0.0,0.0,0.0,372.1084249670217,0.0,745.7935046690051,0.0,0.0,0.0,-15.490205354124594,0.0,0.0,0.0,0.0,0.0,0.0,0.0,0.0,0.0,0.0,0.0,0.0,0.0,0.0,0.0,0.0,0.0,0.0,-0.12392164283299675,0.0,0.0,6.196082141649837,-477.1435547522169,0.0,0.0,0.0,0.0,0.0,0.0,0.0,0.0,10.669653447921322,3.0980410708249186,0.0,0.0,0.0,0.12392164283299675,0.0,123.92164283299674,-38.41570927822899,24.78432856659935,0.8851545916642625,345.7413835040609,-0.09294123212474756,56.704161469430304,2.478432856659935,-0.6196082141653818,-345.7413835040609,37.17649284989902,-0.12392164283299675,0.0,37.76509813154318,0.03098041070824919,0.8851545916642625,0.0,-19.728325539012957,-2.478432856659935,-138.37012532565586,-0.12392164283299675,0.03098041070824919,-345.7413835040609,25.905717160508885,0.12392164283299675,0.12392164283299675,-371.84818951707206,0.13631380711629643,-137.73947357031898,-0.09294123212474756,37.17649284989902,0.12392164283299675,51.064464023856026,-48.072850242541364,-0.06196082141649838,-678.7739865303437,-12.51608592613266,-0.09294123212474756,-0.12392164283299675,-38.41570927822899,0.12392164283299675,12.392164283299675,-2.478432856659935,0.0,0.0,-12.392164283299675,138.37012532565586,0.0,24.78432856659935,0.18588246424949512,-672.6998973405558,12.392164283299675,-102.45592113797598,37.76509813154318,-24.78432856659935,0.06196082141649838,1.2392164283299676,231.83756715084158,280.0,-0.12392164283299675,-399.99079460444585,371.84818951707206,38.41570927822899,0.12392164283299675,19.728325539012957,-138.34239731921906,37.76509813154318,-0.12392164283299675,-0.03098041070824919,-37.76509813154318,-0.12392164283299675,-715.4630728447519,0.12392164283299675,-0.03098041070824919,-0.03098041070824919,-0.03098041070824919,49.5686571331987,48.072850242541364,1.2392164283299676,91.81044713389652,-0.03098041070824919,463.67513430168316,6.196082141649837,50.0,0.12392164283299675,0.06196082141649838,0.06196082141649838,31.274713349071266,38.41570927822899,0.12392164283299675,-38.41570927822899,1.2392164283299676,0.12392164283299675,-91.81044713389652,0.12392164283299675,0.49568657133238503,0.6196082141653818,0.06196082141649838,0.03098041070824919,37.17649284989902,-0.12392164283299675,137.73947357031898,1.2392164283299676,-183.62089426779303,53.606120398605384,-12.392164283299675,24.78432856659935,6.196082141649837,-0.12392164283299675,0.0,0.18588246424949512,-0.12392164283299675,-62.54942669814253,38.41570927822899,8.197997521095195,0.06196082141649838,-100.0,-0.12392164283299675,-0.12392164283299675,-0.12392164283299675,0.06196082141649838,345.7413835040609,-24.78432856659935,0.12392164283299675,463.67513430168316,-0.03098041070824919,-0.13631380711629643,-463.67513430168316,18.58824642494951,12.516085926132671,225.94083474317452,345.7413835040609,-0.09294123212474756,399.99079460444585,-280.0,0.12392164283299675,-0.03098041070824918,6.196082141649837,123.92164283299674,-0.06196082141649838,-0.12392164283299675,0.03098041070824919,0.0,0.0,372.6379365191393,0.0,-255.0,0.0,287.19038599304633,-52.87030616022819,13.51355287720921,146.90585914670234,-255.0,-325.0,-300.0,-73.45292957335117,127.5,127.5,-13.51355287720921,26.435153080114095,-372.1084249670217,-270.73017536613196,300.0,325.0,-270.73017536613196,-287.19038599304633,206.57030951448286,0.0,1496.5981,hplb
19,0.0,0.0,0.0,0.0,0.0,0.0,0.0,0.0,-0.11377550540549174,0.0,0.0,0.0,0.0,0.0,0.0,0.0,1000.0,-700.0,0.0,0.0,0.0,0.0,0.0,573.6463982760201,0.0,159.55667258833435,0.0,0.0,0.0,-571.3452028719767,0.0,0.0,137.48556133053853,0.0,0.0,0.0,0.0,457.17171932757975,0.0,-1000.0,948.852848822873,0.0,0.0,0.0,0.0,0.0,0.0,0.0,-1000.0,0.0,0.0,-756.9051876178621,0.0,0.12515305594615342,0.0,0.0,0.0,22.755101081098346,0.0,0.0,-97.43149775121181,0.0,0.0,-97.43149775121181,0.0,0.0,0.0,0.0,0.0,0.0,0.0,1.1377550540549173,0.0,0.0,0.0,0.0,0.0,0.0,0.0,669.8190088090372,0.0,0.0,0.0,0.0,68.26530324329504,0.0,87.41166824183466,723.4659868864314,-185.27644058173334,-329.5905083697935,-0.02844387635137293,0.0,0.0,0.0,34.13265162164752,0.0,51.14715117712689,-531.5724277753003,0.0,0.0,0.0,874.9678767699659,-1000.0,0.0,0.0,0.0,0.0,471.1576994499561,0.0,0.0,0.0,0.0,0.0,0.0,0.0,0.0,0.0,0.0,0.0,0.0,0.0,0.0,0.0,0.0,-623.3495581710997,0.0,0.0,51.14715117712689,0.0,35.270406675702446,0.0,0.0,-750.0000000000007,971.4771602207575,-221.4771602207568,221.4771602207568,0.0,749.9999999999998,-749.9999999999998,0.0,0.0,0.0,0.0,0.0,0.0,96.17238215805754,0.11377550540549174,0.0,0.0,0.0,-331.1071535929822,0.0,0.0,0.0,54.474824934371746,0.0,507.27761180722314,0.0,0.0,0.0,0.0,0.0,642.8328951651873,642.8328951651873,0.0,0.0,0.0,0.0,0.0,0.0,0.0,642.9466706705928,0.0,0.0,0.0,-78.02003043389676,-759.0451251776005,0.0,0.0,0.0,0.0,0.0,0.0,0.0,0.0,0.0,0.0,0.0,0.0,0.0,0.0,-1000.0,0.0,0.0,0.0,0.0,0.0,0.0,756.9051876178621,519.6288254957065,-519.6288254957065,0.0,0.0,0.0,0.0,0.0,0.0,0.0,428.6547971280233,-380.86988566380273,0.0,0.0,0.0,0.0,0.0,0.0,0.0,0.0,0.0,0.0,0.0,0.0,0.0,0.0,293.63185531065824,-185.55998474588546,0.0,0.0,0.0,0.0,0.0,0.0,0.0,0.0,0.0,-97.43149775121181,-185.5599847458854,0.0,0.0,0.0,0.0,0.0,0.0,0.0,0.0,0.0,0.0,17.014499555479368,0.0,670.2388283720982,-34.66643770534159,1000.0,0.0,185.5599847458854,0.0,0.0,0.0,-476.1883581568511,0.0,0.0,0.0,-269.499907371379,0.0,0.0,-1000.0,250.00000000000023,0.0,-1000.0,-250.00000000000023,0.0,334.3523849139731,0.0,-660.7423490085871,0.0,0.0,317.433660081322,0.0,0.0,0.0,-27.812811578171655,0.0,27.812811578171655,0.0,821.2444836279755,0.0,0.0,-380.86988566380273,0.0,0.0,0.0,-97.43149775121181,-0.1706632581082376,0.0,0.0,0.0,0.0,0.11377550540549174,0.0,0.0,0.0,948.852848822873,1000.0,0.0,-662.2908314286273,148.47906616410268,759.0451251776005,1000.0,0.0,0.9793876120131699,0.0,0.0,0.0,0.0,0.0,278.0984568124394,-279.07784442445256,0.0,748.1718913392277,-1000.0,0.0,0.0,0.0,0.0,0.0,0.0,0.0,0.0,0.0,0.0,0.0,0.0,0.0,0.0,0.0,0.0,0.0,1000.0,0.0,542.3731786507981,0.0,0.0,527.9088565012431,0.0,0.0,0.0,-96.17238215805754,0.0,0.0,0.0,0.0,869.2791014996913,-720.9221555755474,0.0,104.9587000247733,0.0,1000.0,524.846687139357,603.9223779499068,-441.093245856347,0.0,0.0,-545.2870260448935,-251.60418958556045,-2.844387635137293,-609.6111532201814,-1000.0,0.0,354.70071861445365,1000.0,0.0,51.14715117712689,0.0,0.0,0.0,700.990126251766,0.0,0.0,0.0,0.0,0.0,0.0,-542.0041097612774,0.0,0.0,-440.7603686936976,0.0,0.0,428.6547971280233,0.0,0.0,-20.0396590187543,0.0,0.0,0.0,0.0,0.0,0.0,0.0,-88.62244945945082,0.22755101081111206,0.0,0.0,0.0,0.0,0.0,0.0,0.0,0.0,0.0,0.0,0.0,0.0,0.0,0.0,0.0,0.0,0.0,0.0,0.0,0.12515305594615342,0.12515305594615342,0.0,182.9963740965335,0.0,68.26530324329504,0.0,0.0,0.0,1000.0,0.0,258.88908190480583,87.41166824183466,0.0,0.0,149.2451516606555,-1000.0,0.0,0.0,0.0,0.0,0.0,0.0,0.0,0.0,0.0,0.0,0.0,0.0,0.0,207.78318605703325,-948.852848822873,331.1071535929822,0.0,185.64623986289826,0.0,-793.9916674697248,793.9916674697249,793.9916674697248,0.0,149.2451516606555,0.0,0.0,60.622702201204675,0.0,0.0,0.0,0.0,0.0,0.0,0.0,0.0,0.0,0.0,0.0,0.0,0.0,0.0,0.0,0.0,68.26530324329504,0.0,0.0,0.0,0.0,0.0,0.0,0.0,0.0,0.0,0.0,0.0,0.0,1.1377550540549173,0.0,0.0,87.41166824183466,-87.41166824183466,0.0,756.9051876178621,0.0,0.0,51.14715117712689,0.0,0.0,0.0,89.47385770484073,0.0,0.0,0.0,0.0,0.0,0.0,0.0,0.0,0.0,34.13265162164752,34.13265162164752,1000.0,-1000.0,0.0,0.0,0.0,0.0,0.0,0.0,0.0,341.46956204558785,428.6547971280233,183.73686610651225,0.11377550540549174,0.0,0.0,0.0,150.2568085315812,0.0,0.0,0.0,0.0,0.0,0.0,0.0,0.0,0.0,0.0,0.0,0.0,0.0,0.0,0.0,0.0,0.0,0.11377550540549174,0.0,0.0,0.0,-500.0000000000001,500.0000000000001,0.0,0.0,0.0,0.0,-334.31262978077814,766.0491041239637,-54.474824934371746,0.0,-457.6268213492019,-8.533162905411881,-5.688775270274591,0.0,0.0,0.0,0.0,0.0,0.0,0.0,0.0,0.0,0.0,0.0,0.0,0.0,759.0451251776005,0.0,0.0,360.38949388472827,0.0,0.0,0.0,-0.11377550540549174,0.0,0.0,0.11377550540549174,0.0,0.11377550540549174,0.0,0.0,0.0,68.26530324329504,138.80611659469992,138.80611659469992,0.0,0.0,0.0,0.0,0.0,0.0,0.0,331.1071535929822,0.0,428.6547971280233,0.0,0.0,287.89452782785236,0.0,0.0,0.0,0.0,0.0,0.0,0.0,0.0,0.0,0.0,0.0,0.0,0.0,0.0,0.0,0.0,-755.9970280395513,755.9970280395513,0.1706632581082376,0.0,0.0,0.0,-51.14715117712689,0.0,0.0,0.0,0.0,0.0,-182.9963740965335,5.688775270274586,0.0,0.0,0.0,0.0,0.0,-238.14024762272058,0.0,0.0,0.0,0.0,0.0,0.0,0.0,0.0,0.0,0.0,0.0,0.0,182.9963740965335,0.0,633.3520525118838,0.0,0.0,0.0,0.0,0.0,54.474824934371746,-614.994474751551,0.0,5.688775270274591,380.9145947443404,0.0,0.0,0.0,-194.86299550242362,0.0,0.0,0.0,0.0,0.0,0.0,0.0,0.0,0.0,191.52953700194536,-208.5958628127692,138.80611659469992,0.0,0.0,0.0,0.0,0.0,0.0,0.0,0.0,0.0,0.0,0.0,0.0,0.0,-150.2568085315812,-263.4854534934156,0.0,34.13265162164752,87.41166824183466,0.0,0.0,0.0,109.45587351102932,0.0,0.0,0.12515305594615342,0.0,0.0,0.0,69.40305829734996,0.0,0.0,0.0,0.0,293.63185531065824,0.0,0.0,0.0,0.0,0.0,0.0,0.0,0.0,750.0000000000007,0.0,0.011377550540549173,0.011377550540549173,0.0,0.0,0.0,0.0,0.0,0.0,0.0,0.0,0.0,0.0,0.0,0.0,0.0,0.0,0.0,182.9963740965335,0.0,0.0,0.0,0.0,0.0,0.0,0.0,0.0,0.0,0.0,0.0,174.82333648366932,96.16283860927501,1000.0,-700.0,0.0,0.0,0.0,68.26530324329504,0.0,0.0,0.0,0.0,0.0,0.0,-68.26530324329504,0.0,174.82333648366932,0.0,0.0,0.0,0.0,0.0,0.0,0.0,0.0,0.0,0.0,-183.73686610651225,89.6414533848156,365.8307490306142,0.0,-51.14715117712689,0.0,457.17171932757975,0.0,0.0,0.0,0.0,0.0,0.0,0.0,0.0,0.0,750.0,0.0,-750.0,-750.0,0.0,0.0,0.0,0.0,-14.221938175686471,0.0,-877.8122644051032,487.9572277352096,0.0,0.0,0.0,0.0,0.0,-1.4221938175686466,0.0,74.51448395312605,0.0,0.0,0.0,0.0,0.0,0.0,0.0,1000.0,34.13265162164752,34.13265162164752,0.0,0.0,0.0,0.0,669.8190088090372,0.12515305594615342,182.9963740965335,0.0,0.0,-457.17171932757975,0.0,0.0,0.0,0.0,0.0,0.0,0.0,0.0,0.0,0.0,0.0,0.0,0.0,0.0,298.2201777256085,0.0,0.0,0.0,0.0,119.46428067576632,21.972352206482938,0.0,74.2000299515746,0.0,0.0,0.0,182.9963740965335,0.0,228.78790107838878,0.0,0.0,0.0,-14.221938175686471,0.0,0.0,0.0,0.0,0.0,0.0,0.0,0.0,0.0,0.0,0.0,0.0,0.0,0.0,0.0,0.0,0.0,0.0,-0.11377550540549174,0.0,0.0,5.688775270274586,-149.2451516606555,0.0,0.0,0.0,0.0,0.0,0.0,0.0,0.0,-278.0984568124394,2.844387635137293,0.0,0.0,159.55667258833435,0.11377550540549174,0.0,113.77550540549171,-35.270406675702446,22.755101081098346,0.812682181467798,317.433660081322,-0.08533162905411878,440.32832602012024,2.2755101081098346,-0.5688775270276665,-317.433660081322,34.13265162164752,-0.11377550540549174,0.0,0.0,0.028443876351372934,0.812682181467798,0.0,-105.52472870238935,-2.2755101081098346,-300.0,-0.11377550540549174,0.028443876351372934,-317.433660081322,11.377550540549173,0.11377550540549174,0.11377550540549174,-182.75744553518183,-87.28651518588863,-226.10801078998935,-0.08533162905411878,34.13265162164752,0.11377550540549174,51.14715117712689,-39.873253147266496,-0.05688775270274587,-281.1696010172338,-11.491326045954679,-0.08533162905411878,-0.11377550540549174,-35.270406675702446,0.11377550540549174,11.377550540549173,-2.2755101081098346,0.0,0.0,-11.377550540549173,300.0,0.0,22.755101081098346,0.17066325810823757,-1000.0,11.377550540549173,-207.78318605703325,0.0,-22.755101081098346,0.05688775270274586,1.1377550540549173,165.57270785715681,205.75147517763185,-0.11377550540549174,-208.5958628127692,182.75744553518183,35.270406675702446,0.11377550540549174,105.52472870238935,-153.5451060420691,0.0,-0.11377550540549174,-0.028443876351372934,0.0,-0.11377550540549174,-88.62244945945082,0.11377550540549919,-0.02844387635137293,-0.02844387635137293,-0.02844387635137293,45.51020216219669,39.873253147266496,1.1377550540549173,84.29342756729397,-0.02844387635137293,331.14541571431363,5.688775270274586,50.0,0.11377550540549174,0.05688775270274587,0.05688775270274587,11.377550540549173,35.27040667570244,0.11377550540549174,-35.270406675702446,1.1377550540549173,0.11377550540549174,-84.29342756729397,0.11377550540549174,0.45510202162222413,0.5688775270276665,0.05688775270274587,0.028443876351372934,34.13265162164752,-0.11377550540549174,226.10801078998935,1.1377550540549173,-168.58685513458795,437.48393838498293,-11.377550540549173,22.755101081098346,5.688775270274586,-0.11377550540549174,0.0,0.17066325810823757,-0.11377550540549174,-22.755101081098346,35.27040667570244,207.60698603710375,0.05688775270274587,-100.0,-0.11377550540549174,-0.11377550540549919,-0.11377550540549174,0.05688775270274587,317.433660081322,-22.755101081098346,0.11377550540549174,331.14541571431363,-0.02844387635137293,87.28651518588863,-331.14541571431363,17.066325810823756,11.491326045954665,409.1916590669706,317.433660081322,-0.08533162905411878,208.5958628127692,-205.75147517763185,0.11377550540549174,-0.02844387635137293,5.688775270274591,113.77550540549171,-0.05688775270274587,-0.11377550540549174,0.028443876351372934,0.0,0.0,995.1812357031176,0.0,-255.0,0.0,401.9688606223392,-140.0,0.0,-80.0,-181.74111757158698,-325.0,-4.761876544179586,40.0,127.5,90.87055878579349,0.0,70.0,-182.9963740965335,-317.0628595481331,4.761876544179586,325.0,-317.0628595481331,-401.9688606223392,272.06820806192957,0.0,1496.5981,hplb
20,0.0,0.0,0.0,0.0,0.0,0.0,0.0,0.0,-0.14332580834796638,0.0,0.0,0.0,0.0,0.0,0.0,0.0,-284.4345022426519,584.4345022426519,0.0,0.0,0.0,0.0,0.0,428.3811188217589,0.0,0.0,0.0,0.0,0.0,423.9861422345427,0.0,0.0,121.30292045747943,0.0,0.0,0.0,0.0,-71.96258853717508,0.0,-1000.0,855.7495045243113,0.0,-860.4483600081093,95.81602181275844,0.0,0.0,0.0,0.0,-1000.0,0.0,0.0,0.0,0.0,0.1576583891825211,0.0,0.0,0.0,0.0,0.0,0.0,34.23923577999227,0.0,-494.0799525778321,-600.4251027033474,0.0,0.0,0.0,0.0,720.9221555755491,-720.9221555755491,0.0,1.4332580834796642,0.0,0.0,0.0,0.0,0.0,0.0,0.0,0.0,0.0,0.0,0.0,0.0,85.99548500877984,0.0,0.0,361.99307111727137,522.4414311253806,0.0,613.3481530962539,0.0,0.0,0.0,42.99774250438992,0.0,42.99774250438992,0.0,0.0,0.0,0.0,7.1662904173983195,0.0,0.0,0.0,-15.529579178030762,0.0,0.0,0.0,0.0,0.0,0.0,0.0,0.0,0.0,0.0,0.0,0.0,0.0,0.0,0.0,0.0,0.0,0.0,-666.4360813612586,0.0,0.0,42.99774250438992,0.0,44.43100058786959,0.0,0.0,0.0,0.0,0.0,0.0,-140.5843859055076,-750.0,750.0,0.0,0.0,0.0,0.0,0.0,0.0,11.036087242793405,0.14332580834796638,613.3839845483409,0.0,0.0,-703.6651616695933,0.0,0.0,0.0,0.0,0.0,772.6706812005693,0.0,0.0,0.0,0.0,0.0,184.46991223680524,184.46991223680524,0.0,0.0,0.0,-750.0,0.0,0.0,0.0,184.6132380451532,0.0,0.0,0.0,389.92235226092373,0.0,0.0,0.0,0.0,0.0,0.0,0.0,0.0,0.0,0.0,0.0,0.0,0.0,0.0,0.0,-1000.0,0.0,0.0,0.0,0.0,0.0,0.0,860.4483600081093,-222.44143112538063,222.44143112538063,140.5843859055076,0.0,0.0,0.0,0.0,0.0,0.0,423.9861422345427,98.75175410949383,0.0,0.0,0.0,0.0,0.0,0.0,0.0,0.0,0.0,0.0,0.0,0.0,0.0,74.16906488375953,660.9954850087798,0.0,0.0,0.0,0.0,0.0,67.63365477512173,0.0,0.0,0.0,0.0,34.23923577999227,-95.81602181275844,0.0,0.0,0.0,0.0,0.0,0.0,0.0,0.0,4.615091028802794,28.665161669593278,0.0,0.0,-662.3801433044841,-777.9456410618322,0.0,0.0,0.0,0.0,0.0,140.5843859055076,0.0,0.0,0.0,0.0,-273.29938580377615,0.0,0.0,-1000.0,0.0,0.0,-1000.0,0.0,0.0,300.0,0.0,1000.0,0.0,0.0,191.66096461019697,0.0,0.0,0.0,0.0,0.0,0.0,0.0,184.3265864284573,0.0,0.0,291.4402156120924,-750.0,0.0,0.0,34.23923577999227,-0.21498871252194957,0.0,0.0,0.0,0.0,0.14332580834796638,0.0,0.0,0.0,744.1691257861779,-284.4345022426519,0.0,-1000.0,790.3436546630427,0.0,898.747247028701,0.0,-43.73296634639496,0.0,-15.529579178030762,0.0,0.0,0.0,90.63410733900605,-46.90114099261109,0.0,-708.0288510894411,-1000.0,0.0,0.0,0.0,0.0,0.0,0.0,0.0,0.0,0.0,0.0,0.0,0.0,0.0,0.0,0.0,0.0,0.0,-880.217094554243,0.0,-1000.0,0.0,191.17219074954062,0.0,0.0,0.0,0.0,-15.6511782715962,0.0,0.0,0.0,0.0,0.0,0.0,0.0,432.8217285214935,0.0,-674.021014582938,-694.4647021785256,0.0,-295.96266037830253,0.0,0.0,-439.98801893889186,0.0,-3.5831452086991598,-7.1662904173983195,1000.0,0.0,317.74667008846427,654.2073794381078,-268.09107509111493,42.99774250438992,0.0,0.0,0.0,341.7818763189788,0.0,0.0,0.0,-74.16906488375953,74.16906488375953,74.16906488375953,-99.91745881054135,0.0,0.0,0.0,0.0,0.0,423.9861422345427,0.0,0.0,-72.10591434552305,0.0,0.0,0.0,0.0,0.0,0.0,0.0,-85.66741916520336,0.28665161669573536,0.0,0.0,0.0,0.0,0.0,0.0,0.0,0.0,0.0,0.0,0.0,0.0,0.0,0.0,0.0,0.0,0.0,0.0,0.0,0.1576583891825211,0.1576583891825211,0.0,325.50390321416626,0.0,85.99548500877984,0.0,0.0,0.0,1000.0,0.0,0.0,0.0,0.0,0.0,627.8933336229454,-1000.0,0.0,0.0,0.0,0.0,0.0,0.0,0.0,0.0,0.0,0.0,0.0,0.0,0.0,222.1453604537529,-744.1691257861779,703.6651616695933,0.0,11.036087242793405,0.0,0.0,0.0,-208.21804068062931,0.0,627.8933336229454,0.0,542.2259144577421,0.0,249.9999999999998,-249.9999999999998,74.16906488375953,0.0,0.0,0.0,0.0,0.0,0.0,0.0,0.0,0.0,0.0,0.0,0.0,0.0,85.99548500877984,140.5843859055076,140.5843859055076,0.0,0.0,0.0,0.0,0.0,0.0,0.0,0.0,0.0,0.0,1.4332580834796642,0.0,0.0,0.0,0.0,0.0,860.4483600081093,0.0,0.0,42.99774250438992,0.0,0.0,0.0,0.0,0.0,0.0,0.0,0.0,0.0,0.0,471.6655129428447,0.0,0.0,42.99774250438992,42.99774250438992,883.3325198470103,-1000.0,0.0,0.0,0.0,0.0,0.0,0.0,0.0,-291.9711489105589,423.9861422345427,-440.86633273697583,0.14332580834796638,0.0,0.0,-94.17993442073467,283.46213945970266,0.0,0.0,0.0,0.0,0.0,0.0,0.0,0.0,0.0,0.0,0.0,0.0,0.0,0.0,0.0,0.0,0.0,0.14332580834796638,0.0,0.0,0.0,345.8342679045198,-345.8342679045198,0.0,0.0,0.0,191.17219074954062,0.0,0.0,0.0,-15.6511782715962,-119.78290544575707,-10.74943562609748,0.0,-7.166290417398358,0.0,0.0,0.0,0.0,0.0,0.0,0.0,0.0,0.0,0.0,0.0,140.5843859055076,0.0,0.0,0.0,56.82188541474767,0.0,0.0,0.0,-0.14332580834796638,0.0,0.0,0.14332580834796638,0.0,0.14332580834796638,0.0,0.0,0.0,85.99548500877984,174.85748618451902,174.85748618451902,0.0,0.0,0.0,0.0,0.0,0.0,0.0,703.6651616695933,0.0,423.9861422345427,0.0,0.0,0.0,102.97445943776572,0.0,0.0,0.0,0.0,0.0,0.0,0.0,0.0,0.0,0.0,0.0,0.0,0.0,208.21804068062931,0.0,0.0,0.0,0.21498871252194957,0.0,0.0,0.0,-42.99774250438992,0.0,0.0,0.0,0.0,0.0,-325.50390321416626,7.1662904173983195,0.0,0.0,0.0,750.0,0.0,750.8867629235298,-7.166290417398358,0.0,0.0,0.0,0.0,0.0,0.0,0.0,140.5843859055076,0.0,0.0,404.0318581677231,251.3348383304067,0.0,1000.0,-15.529579178030762,0.0,735.2355846519336,15.6511782715962,-750.8867629235298,0.0,-174.85748618451902,0.0,7.166290417398358,442.9499132747929,0.0,0.0,0.0,-72.10591434552305,-1000.0,1000.0,-250.00000000000023,250.00000000000023,0.0,0.0,0.0,0.0,0.0,336.2533388402637,-357.75221009245877,174.85748618451902,0.0,0.0,0.0,0.0,0.0,0.0,0.0,0.0,0.0,4.615091028802794,0.0,0.0,0.0,-189.28220503896793,-162.70643947270622,-860.4483600081093,42.99774250438992,0.0,0.0,0.0,0.0,314.5446452315929,0.0,0.0,0.1576583891825211,0.0,0.0,0.0,87.42874309225951,0.0,0.0,0.0,0.0,660.9954850087798,0.0,0.0,0.0,0.0,0.0,0.0,0.0,0.0,0.0,0.0,863.649066659378,0.014332580834797048,0.0,0.0,0.0,0.0,0.0,0.0,0.0,0.0,0.0,-94.17993442073467,0.0,0.0,0.0,0.0,0.0,325.50390321416626,0.0,0.0,0.0,0.0,0.0,0.0,0.0,0.0,0.0,0.0,0.0,0.0,0.0,291.5793555228054,584.4345022426519,0.0,0.0,0.0,85.99548500877984,0.0,0.0,0.0,0.0,0.0,0.0,-85.99548500877984,0.0,0.0,0.0,0.0,0.0,0.0,0.0,0.0,0.0,0.0,0.0,0.0,440.86633273697583,-1000.0,201.15263815612272,0.0,-42.99774250438992,0.0,119.20960221236552,0.0,0.0,0.0,0.0,0.0,0.0,0.0,0.0,0.0,0.0,0.0,0.0,0.0,0.0,0.0,0.0,0.0,-17.915726043495837,140.5843859055076,-10.74943562609748,449.977233904127,0.0,0.0,0.0,0.0,0.0,-1.79157260434958,0.0,72.10591434552305,0.0,0.0,0.0,0.0,0.0,0.0,0.0,1000.0,42.99774250438992,42.99774250438992,0.0,0.0,0.0,0.0,0.0,0.1576583891825211,325.50390321416626,0.0,0.0,-119.20960221236552,863.6347340785433,0.0,0.0,0.0,0.0,0.0,0.0,0.0,0.0,0.0,0.0,0.0,0.0,0.0,0.0,0.0,0.0,0.0,0.0,150.49209876536472,11.036087242793405,0.0,0.0,0.0,0.0,0.0,325.50390321416626,0.0,-750.8867629235298,0.0,0.0,0.0,-17.915726043495837,0.0,0.0,0.0,0.0,0.0,0.0,0.0,0.0,0.0,0.0,0.0,0.0,0.0,0.0,0.0,0.0,0.0,0.0,-0.14332580834796638,0.0,0.0,7.1662904173983195,-627.8933336229454,0.0,0.0,0.0,0.0,140.5843859055076,0.0,0.0,0.0,-90.63410733900605,3.5831452086991598,0.0,0.0,0.0,0.14332580834796638,0.0,143.3258083479664,-44.43100058786959,28.665161669593278,1.0237557739140457,399.8790052908263,-0.10749435626097478,7.1662904173983435,2.866516166959328,-0.7166290417395081,-399.8790052908263,42.99774250438992,-0.1433258083479664,5.17652639267692,0.0,0.0358314520869916,1.0237557739140457,-15.529579178030762,-22.81746868899458,-2.866516166959328,-300.0,-0.14332580834796618,0.0358314520869916,-399.8790052908263,14.332580834796639,0.1433258083479664,0.14332580834796638,-325.20291901663575,0.1576583891827418,-175.91118126662127,-0.10749435626097478,42.99774250438992,0.1433258083479664,42.99774250438992,-71.6629041739832,-0.0716629041739832,-565.7003415778864,-82.10956141826634,-0.10749435626097478,-0.1433258083479664,-44.43100058786959,0.14332580834796638,14.332580834796639,-2.866516166959328,208.21804068062931,208.21804068062931,-14.332580834796639,300.0,-208.21804068062931,28.665161669593278,0.21498871252194957,-895.6412858010974,14.332580834796639,-222.1453604537529,0.0,-28.665161669593278,0.0716629041739832,1.4332580834796642,250.0,280.0,-0.14332580834796638,-357.75221009245877,325.20291901663575,44.43100058786959,0.1433258083479664,22.81746868899458,-171.9909700175592,0.0,-0.14332580834796638,-0.0358314520869916,0.0,-0.1433258083479664,-85.66741916520336,0.1433258083479664,-0.0358314520869916,-0.0358314520869916,-0.0358314520869916,57.330323339186556,71.6629041739832,1.4332580834796642,295.0518344344534,-0.0358314520869916,494.8234736073231,7.1662904173983195,50.0,0.14332580834796638,0.0716629041739832,0.0716629041739832,14.332580834796639,44.43100058786959,0.14332580834796638,-44.43100058786959,1.4332580834796642,0.1433258083479664,-672.7824867837637,0.1433258083479664,0.5733032333915418,0.7166290417395081,0.0716629041739832,0.0358314520869916,42.99774250438992,-0.1433258083479664,175.91118126662127,1.433258083479664,-590.1036688689068,3.583145208699136,-14.332580834796639,28.665161669593278,7.1662904173983195,-0.1433258083479664,15.529579178030762,0.21498871252194957,-0.1433258083479664,-28.665161669593274,44.43100058786959,38.710379410491555,0.0716629041739832,-100.0,-0.1433258083479664,-0.1433258083479664,-0.1433258083479664,0.0716629041739832,399.8790052908263,-28.665161669593278,0.14332580834796638,500.0,-0.0358314520869916,-0.1576583891827418,-500.0,21.498871252194956,82.10956141826634,510.37322506235574,399.8790052908263,-0.10749435626097478,357.75221009245877,-280.0,0.14332580834796618,-0.03583145208699161,7.166290417398358,143.3258083479664,-0.0716629041739832,-0.1433258083479664,0.0358314520869916,0.0,0.0,595.5696228969234,377.73065234931033,-255.0,0.0,277.05910062323085,-140.0,0.0,80.93039904847473,-255.0,-325.0,-300.0,-40.46519952423736,127.5,127.5,0.0,70.0,-325.50390321416626,-353.25502464208444,300.0,325.0,-353.25502464208444,-277.05910062323085,217.3587449029967,0.0,1496.5981,hplb
21,0.0,0.0,0.0,0.0,0.0,0.0,0.0,0.0,165.88049763148933,0.0,0.0,0.0,0.0,0.0,0.0,0.0,-305.01683638014697,398.41326975504455,0.0,0.0,0.0,0.0,0.0,149.61824433504125,0.0,0.0,0.0,0.0,0.0,-485.1313861698625,0.0,0.0,139.79178922940054,0.0,0.0,0.0,0.0,808.9984630860843,0.0,-1000.0,763.4883711421602,0.0,-730.0817313848413,-819.8854502102845,0.0,0.0,0.0,296.42913308941996,0.0,-266.1283242232654,0.0,120.04805862454731,0.0,0.010363432020771743,0.0,0.0,0.0,298.3133934568362,0.0,0.0,68.32512122840157,0.0,200.02934758559388,60.889997183433536,0.0,0.0,0.0,0.0,113.56659196954317,-113.56659196954317,0.0,0.09421301837081092,0.0,0.0,0.0,0.0,0.0,0.0,0.0,934.5916350811051,0.0,0.0,0.0,0.0,5.652781102248655,0.0,0.0,150.90497852071996,844.2367232733906,-176.68037341451864,-0.0023553254592702725,0.0,0.0,0.0,2.8263905511243275,0.0,236.51162885783984,-0.30336591915408917,0.0,0.0,0.0,0.47106509185405454,-887.4998960040846,0.0,0.0,0.0,0.0,0.0,0.0,0.0,0.0,0.0,0.0,0.0,0.0,0.0,0.0,0.0,0.0,0.0,0.0,0.0,0.0,0.0,-164.90764861243366,0.0,0.0,236.51162885783984,0.0,2.920603569495138,0.0,0.0,-165.9845313031195,-21.515468696880248,187.49999999999974,-187.49999999999974,-295.0050355214401,0.0,0.0,87.54056389087819,0.0,0.0,0.0,0.0,0.0,0.725440241455247,0.00942130183708109,0.0,0.0,0.0,0.0,-312.1226813965559,0.0,0.0,120.50009496114804,0.0,188.13830385801614,0.0,0.0,0.0,0.0,0.0,999.990578698163,999.990578698163,0.0,0.0,0.0,0.0,0.0,0.0,0.0,1000.0,0.0,0.0,0.0,-75.98017240827721,0.0,0.0,0.0,0.0,0.0,0.0,0.0,0.0,0.0,0.0,-1000.0,0.0,0.0,0.0,0.0,-684.3208926758684,0.0,0.0,0.0,0.0,0.0,266.1283242232654,610.0336727602939,-367.55634985887195,367.55634985887195,0.0,0.0,0.0,0.0,0.0,0.0,0.0,402.3685098342221,-367.6421406535946,0.0,0.0,0.0,0.0,0.0,0.0,0.0,0.0,0.0,0.0,0.0,0.0,0.0,65.27052266861557,449.5764404381038,180.1145497897155,0.0,0.0,0.0,207.46447163056192,52.7623629453915,0.0,0.0,0.0,0.0,68.32512122840157,1000.0,0.0,0.0,0.0,0.0,0.0,0.0,0.0,0.0,0.0,0.0,233.68523830671552,0.0,-481.7113417474212,0.0,393.38230142214195,0.0,-180.1145497897155,0.0,0.0,207.46447163056192,849.4207828775765,0.0,0.0,0.0,-138.2244268858127,0.0,0.0,-1000.0,0.0,0.0,-1000.0,0.0,0.0,476.6803734145186,0.0,0.0,266.1283242232654,0.0,-26.47693081993526,0.0,0.0,0.0,0.0,0.0,0.0,0.0,999.9811573963258,0.0,207.46447163056192,302.88913253517995,0.0,0.0,0.0,68.32512122840157,-0.014131952755621636,0.0,0.0,0.0,0.0,0.00942130183708109,0.0,0.0,0.0,395.04690087263714,-305.01683638014697,0.0,-237.53169088660258,-311.8575924301169,0.0,1000.0,0.0,-401.10071907305837,0.0,0.0,0.0,0.0,0.0,329.42347177546003,414.5976760848607,-342.9204287872624,-981.1250092347689,-1000.0,0.0,0.0,0.0,0.0,0.0,0.0,0.0,0.0,0.0,0.0,0.0,0.0,0.0,0.0,0.0,0.0,0.0,-190.96385170656703,0.0,-1000.0,0.0,0.0,0.0,0.0,0.0,0.0,-0.725440241455247,0.0,0.0,0.0,0.0,0.0,-220.9221555755487,0.0,-534.4662092815792,0.0,-307.24211247885523,86.56514090446876,-0.47106509185405454,0.0,0.0,0.0,533.9951441897251,-537.125735223863,-0.23553254592702727,0.0,0.0,0.0,-18.684279621004432,0.0,0.0,236.51162885783984,0.0,0.0,0.0,0.0,0.0,165.8899189333264,0.0,-65.27052266861557,65.27052266861557,65.27052266861557,-1000.0,0.0,0.0,0.0,0.0,0.0,402.3685098342221,0.0,0.0,-70.81422917375876,0.0,-250.00000000000023,0.0,0.0,0.0,0.0,0.0,-99.05786981629188,0.01884260367416513,0.0,0.0,0.0,0.0,0.0,0.0,0.0,0.0,0.0,0.0,0.0,0.0,0.0,0.0,0.0,0.0,0.0,0.0,0.0,0.010363432020771743,0.010363432020771743,0.0,343.38626230119934,0.0,5.652781102248655,0.0,0.0,0.0,1000.0,0.0,60.82306953084105,0.0,0.0,0.0,-556.6664713087155,-1000.0,0.0,0.0,617.7689102433831,0.0,0.0,0.0,0.0,0.0,0.0,0.0,0.0,0.0,0.0,54.96921620414455,-395.04690087263714,312.1226813965559,0.0,0.725440241455247,0.0,-223.4576902405322,223.4576902405322,170.69532729514071,0.0,-556.6664713087155,0.0,-655.7243411250074,0.0,0.0,0.0,65.27052266861557,0.0,0.0,0.0,0.0,0.0,0.0,0.0,0.0,0.0,0.0,0.0,0.0,0.0,5.652781102248655,207.46447163056192,207.46447163056192,0.0,0.0,0.0,0.0,0.0,0.0,0.0,0.0,0.0,0.0,0.09421301837081092,0.0,0.0,0.0,0.0,0.0,610.0336727602939,0.0,0.0,236.51162885783984,-617.7689102433831,0.0,0.0,0.0,0.0,0.0,0.0,0.0,0.0,0.0,1000.0,0.0,0.0,2.8263905511243275,2.8263905511243275,1000.0,-1000.0,0.0,0.0,0.0,0.0,0.0,0.0,0.0,868.6249052388534,402.3685098342221,870.726912786673,0.00942130183708109,0.0,0.0,0.0,12.44217497612802,0.0,0.0,0.0,0.0,0.0,0.0,0.0,0.0,0.0,0.0,0.0,0.0,0.0,0.0,0.0,0.0,0.0,0.00942130183708109,0.0,0.0,0.0,0.0,0.0,0.0,0.0,0.0,0.0,0.0,-0.725440241455247,-120.50009496114804,0.0,-809.0361482934329,-0.7065976377810819,-0.47106509185405454,0.0,0.0,0.0,0.0,0.0,0.0,0.0,0.0,0.0,0.0,0.0,0.0,207.46447163056192,0.0,0.0,0.0,-18.213214529150378,0.0,0.0,0.0,165.88049763148933,0.0,0.0,0.00942130183708109,0.0,0.00942130183708109,0.0,0.0,0.0,5.652781102248655,11.493988241238931,11.493988241238931,0.0,0.0,0.0,0.0,0.0,0.0,0.0,312.1226813965559,0.0,402.3685098342221,0.0,0.0,0.0,330.2346458636327,0.0,0.0,0.0,0.0,0.0,0.0,0.0,0.0,0.0,0.0,0.0,0.0,0.0,52.7623629453915,0.0,0.0,0.0,0.014131952755621636,0.0,0.0,0.0,-236.51162885783984,0.0,0.0,0.0,0.0,0.0,-343.38626230119934,0.47106509185405454,0.0,0.0,0.0,0.0,0.0,0.725440241455247,0.0,0.0,-250.00000000000023,0.0,0.0,0.0,0.0,0.0,207.46447163056192,0.0,617.7689102433831,0.0,278.11573963258377,0.0,633.5355220760405,0.0,0.0,0.0,0.0,0.0,120.50009496114804,837.9267946363375,0.0,0.47106509185405454,1000.0,0.0,0.0,0.0,-70.81422917375876,250.00000000000023,-250.00000000000023,0.0,0.0,0.0,0.0,0.0,0.0,0.0,998.5868047244376,0.0,11.493988241238931,0.0,794.0174092440267,794.0174092440267,-794.0174092440267,0.0,0.0,0.0,0.0,0.0,0.0,0.0,0.0,345.5060552145428,-12.44217497612802,410.53429076354234,-730.0817313848413,2.8263905511243275,0.0,0.0,0.0,0.0,-97.70396931422869,0.0,0.0,0.010363432020771743,0.0,0.0,0.0,5.7469941206194655,0.0,0.0,0.0,0.0,449.5764404381038,0.0,0.0,0.0,0.0,0.0,0.0,0.0,0.0,-988.7175773820509,0.0,0.0009421301837081091,0.0009421301837081091,0.0,0.0,0.0,0.0,0.0,0.0,0.0,0.0,0.0,0.0,0.0,0.0,0.0,0.0,0.0,343.38626230119934,0.0,0.0,0.0,0.0,0.0,0.0,0.0,266.1283242232654,0.0,0.0,0.0,0.0,0.0,0.0,398.41326975504455,0.0,0.0,0.0,5.652781102248655,0.0,0.0,0.0,0.0,0.0,-289.29025065807525,283.6374695558266,0.0,0.0,0.0,0.0,0.0,0.0,0.0,0.0,0.0,0.0,0.0,0.0,-1000.0,-1000.0,336.6882376220332,0.0,-236.51162885783984,0.0,808.9984630860843,0.0,0.0,0.0,0.0,0.0,0.0,0.0,0.0,0.0,0.0,0.0,0.0,0.0,0.0,0.0,0.0,0.0,-1.1776627296351365,207.46447163056192,-0.7065976377810819,329.5280482258513,0.0,0.0,0.0,0.0,0.0,-500.8957863021635,500.7780200292,191.3143241349068,0.0,0.0,0.0,0.0,0.0,0.0,0.0,870.726912786673,2.8263905511243275,2.8263905511243275,0.0,0.0,0.0,0.0,934.5916350811051,0.010363432020771743,343.38626230119934,0.0,0.0,-808.9984630860843,0.0,0.0,0.0,0.0,0.0,0.0,0.0,0.0,0.0,0.0,0.0,0.0,0.0,0.0,0.0,0.0,0.0,0.0,0.0,9.892366928935147,0.725440241455247,0.0,0.0,0.0,0.0,0.0,343.38626230119934,0.0,-1.4998712524633906,0.0,0.0,0.0,-1.1776627296351365,0.0,0.0,0.0,0.0,0.0,0.0,0.0,0.0,0.0,0.0,0.0,0.0,0.0,0.0,0.0,0.0,0.0,0.0,-0.00942130183708109,0.0,0.0,0.47106509185405454,556.6664713087155,0.0,0.0,0.0,0.0,207.46447163056192,0.0,0.0,0.0,-329.42347177546003,0.23553254592702727,0.0,0.0,0.0,0.00942130183708109,0.0,9.42130183708109,-2.920603569495138,1.8842603674162184,0.0672950131220078,26.285432125456243,-0.007065976377810818,0.47106509185401024,0.18842603674162184,-0.04710650918570991,-26.285432125456243,2.8263905511243275,-0.00942130183708109,0.0,0.0,0.0023553254592702725,0.0672950131220078,0.0,-1.4998712524633906,-0.18842603674162184,-93.39643337489758,-0.00942130183708109,0.0023553254592702725,-26.285432125456243,0.9421301837081091,0.00942130183708109,0.00942130183708109,-343.36647756734146,0.010363432020789199,-238.84965904569242,-0.007065976377810818,2.8263905511243275,0.00942130183708109,236.51162885783984,228.97458738817497,-0.004710650918540545,50.711355187676276,-53.71391443093669,-0.007065976377810818,-0.00942130183708109,-2.920603569495138,0.00942130183708109,0.9421301837081091,-0.18842603674162184,52.7623629453915,52.7623629453915,-0.9421301837081091,93.39643337489758,-52.7623629453915,1.8842603674162182,0.014131952755621636,415.8983183646873,0.9421301837081091,-54.96921620414455,0.0,-1.8842603674162182,0.004710650918540545,0.09421301837081092,59.382922721650644,280.0,-0.00942130183708109,-345.5060552145428,343.36647756734146,2.920603569495138,0.00942130183708109,1.4998712524633906,-244.9908005112129,0.0,-0.00942130183708109,-0.0023553254592702725,0.0,-0.00942130183708109,-99.05786981629188,0.00942130183708109,-0.0023553254592702725,-0.0023553254592702725,-0.0023553254592702725,3.7685207348324363,-228.97458738817497,0.09421301837081092,6.980006998550408,-0.0023553254592702725,118.76584544330129,0.47106509185405454,50.0,0.00942130183708109,0.004710650918540545,0.004710650918540545,-102.79010563157284,2.920603569495138,0.00942130183708109,-2.920603569495138,0.09421301837081092,0.00942130183708109,-6.980006998550408,0.00942130183708109,0.037685207348602034,0.04710650918570991,0.004710650918540545,0.0023553254592702725,2.8263905511243275,-0.00942130183708109,238.84965904569242,0.09421301837081092,-13.960013997100816,0.23553254592707162,-0.9421301837081091,1.8842603674162182,0.47106509185405454,-0.00942130183708109,0.0,0.014131952755621636,-0.00942130183708109,205.58021126314569,2.920603569495138,237.32791119182247,0.004710650918540545,-100.0,-0.00942130183708109,-0.00942130183708109,-0.009421301837081088,0.004710650918540545,26.285432125456243,-1.8842603674162182,0.00942130183708109,118.76584544330129,-0.0023553254592702725,-0.010363432020789199,-118.76584544330129,1.4131952755621635,53.71391443093669,-522.3097174355952,26.285432125456243,-0.007065976377810818,345.5060552145428,-280.0,0.00942130183708109,-0.0023553254592702725,0.47106509185405454,9.42130183708109,-0.004710650918540545,-0.00942130183708109,0.0023553254592702725,1000.0,0.0,-715.903029015606,0.0,-255.0,0.0,170.15286197209116,-140.0,0.0,-56.500567163095866,998.1157396325838,-323.2971010469008,-300.0,28.250283581547933,127.5,-499.0578698162919,0.0,70.0,-343.38626230119934,-139.62394187759378,300.0,323.2971010469008,-139.62394187759378,-170.15286197209116,207.10076614979798,0.0,1496.5981,hplb
22,0.0,0.0,0.0,0.0,0.0,0.0,0.0,0.0,-0.03917079059098936,0.0,0.0,0.0,0.0,0.0,0.0,0.0,-1000.0,818.9521473686004,0.0,481.04785263139956,0.0,0.0,0.0,949.6101750981934,0.0,0.0,0.0,0.0,0.0,775.3048530284178,0.0,0.0,139.1343255279391,0.0,0.0,0.0,0.0,273.70236591176365,0.0,-1000.0,844.8507702916368,0.0,0.0,-432.5932005638799,0.0,0.0,0.0,0.0,799.5568822008993,0.0,0.0,0.0,0.0,0.043087869650127036,0.0,0.0,0.0,7.8341581181978714,0.0,0.0,200.5642190687632,0.0,143.40361149943885,-268.0737495122272,0.0,0.0,0.0,0.0,0.0,0.0,0.0,0.39170790590989363,0.0,0.0,0.0,0.0,0.0,0.0,0.0,0.0,0.0,0.0,0.0,0.0,23.502474354593616,0.0,0.0,-648.593937235876,429.6417898672755,140.77517645133548,-0.00979269764774734,0.0,0.0,-32.147693103932966,11.751237177296808,0.0,155.1492297083633,0.0,484.5763370640755,0.0,0.0,1.9585395295494679,228.17754093385804,0.0,0.0,0.0,0.0,0.0,0.0,0.0,0.0,0.0,0.0,0.0,0.0,0.0,0.0,0.0,0.0,0.0,0.0,0.0,0.0,0.0,-609.508250794185,0.0,0.0,155.1492297083633,0.0,12.142945083206703,12.142945083206703,0.0,-142.25385555395894,0.0,142.25385555395894,-142.25385555395894,-612.0415800804293,125.00000000000011,-125.00000000000011,0.0,0.0,0.0,0.0,0.0,0.0,3.0161508755061788,0.03917079059098936,0.0,0.0,0.0,0.0,0.0,0.0,0.0,0.0,0.0,327.0977077218146,0.0,0.0,0.0,0.0,0.0,882.8442132623305,882.8442132623305,0.0,0.0,0.0,0.0,0.0,0.0,0.0,882.8833840529215,0.0,0.0,0.0,-492.09339027337285,0.0,0.0,0.0,0.0,0.0,0.0,0.0,0.0,0.0,0.0,0.0,0.0,0.0,0.0,0.0,-1000.0,0.0,0.0,0.0,0.0,0.0,0.0,0.0,-429.6417898672755,429.6417898672755,580.5730179759734,0.0,0.0,0.0,0.0,0.0,0.0,547.1273120945598,-687.7305069420715,0.0,0.0,0.0,0.0,0.0,0.0,0.0,0.0,0.0,0.0,0.0,0.0,0.0,80.2121865086911,59.06630876746223,-574.8617352293171,0.0,0.0,0.0,31.46856210445596,-339.4231382058674,0.0,0.0,0.0,0.0,200.5642190687632,-142.2685346654372,0.0,0.0,0.0,0.0,0.0,0.0,0.0,0.0,1.2612994570307023,0.0,143.39799253106648,0.0,-859.283579734551,0.0,-278.6788449022522,0.0,574.8617352293171,0.0,0.0,612.0415800804293,-185.2595913703449,0.0,0.0,0.0,-481.5252789191518,0.0,0.0,-998.6111458660241,-998.6111458660241,0.0,0.0,0.0,998.6111458660241,0.0,0.0,719.3952651677012,0.0,0.0,-107.57748385483222,0.0,0.0,0.0,0.0,0.0,0.0,0.0,882.8050424717395,0.0,31.46856210445596,0.0,0.0,0.0,0.0,200.5642190687632,-0.058756185886484034,0.0,0.0,0.0,0.0,0.03917079059098936,0.0,0.0,0.0,602.4395910645002,-1000.0,0.0,-508.83396501589255,-46.683116885409845,0.0,1000.0,0.0,1000.0,0.0,0.0,0.0,0.0,0.0,-3.3726050698842216,3.3726050698842216,-1000.0,301.11754694661965,-145.65125852395724,0.0,0.0,0.0,0.0,0.0,0.0,0.0,0.0,0.0,0.0,0.0,0.0,0.0,0.0,0.0,0.0,0.0,-726.1409509258729,0.0,-1000.0,0.0,0.0,0.0,0.0,0.0,0.0,-4.277450332536882,0.0,484.5763370640755,0.0,0.0,0.0,0.0,0.0,297.87766413461463,498.65930254590876,-3.3726050698842216,0.0,-1.9585395295494679,-52.74346953076718,1000.0,0.0,-299.8362036641641,0.0,-499.6385723106835,0.0,-137.81067545721962,0.0,0.0,-517.2018504336694,-278.0994320959377,155.1492297083633,0.0,0.0,0.0,0.0,0.0,0.0,0.0,-80.2121865086911,80.2121865086911,80.2121865086911,-313.5860197909102,0.0,0.0,0.0,0.0,0.0,547.1273120945598,0.0,0.0,-210.91314194290288,0.0,0.0,0.0,0.0,0.0,0.0,0.0,-96.08292094090106,0.07834158118200488,0.0,0.0,0.0,0.0,0.0,0.0,0.0,0.0,0.0,0.0,0.0,0.0,0.0,0.0,0.0,0.0,0.0,0.0,0.0,0.043087869650127036,0.043087869650127036,0.0,352.3780283904932,0.0,23.502474354593616,0.0,0.0,0.0,1000.0,0.0,687.5148054748961,0.0,0.0,0.0,264.32142960686883,-1000.0,0.0,0.0,414.43293406803264,0.0,0.0,0.0,0.0,0.0,0.0,0.0,0.0,0.0,0.0,203.169416931395,-602.4395910645002,0.0,0.0,3.0161508755061788,0.0,0.0,-32.147693103932966,-273.2975728740389,0.0,264.32142960686883,0.0,0.0,168.23850866596777,-750.0000000000007,750.0000000000007,80.2121865086911,0.0,0.0,0.0,0.0,0.0,0.0,0.0,0.0,0.0,0.0,0.0,0.0,0.0,23.502474354593616,612.0415800804293,612.0415800804293,0.0,0.0,0.0,0.0,0.0,0.0,0.0,0.0,0.0,0.0,0.39170790590989363,0.0,0.0,0.0,0.0,0.0,0.0,0.0,0.0,155.1492297083633,-414.43293406803264,0.0,0.0,0.0,0.0,0.0,0.0,0.0,0.0,0.0,771.3621552436356,0.0,0.0,11.751237177296808,11.751237177296808,1000.0,-1000.0,0.0,0.0,0.0,0.0,0.0,0.0,0.0,-328.3292052080901,547.1273120945598,-393.44160350111076,0.03917079059098936,0.0,0.0,0.0,3.1588444698019273,0.0,0.0,32.147693103932966,0.0,0.0,0.0,0.0,0.0,0.0,0.0,0.0,0.0,0.0,0.0,0.0,0.0,0.0,0.03917079059098936,0.0,0.0,0.0,0.0,0.0,0.0,0.0,0.0,0.0,0.0,480.29888673153863,0.0,0.0,-273.85904907412714,-2.937809294324202,-1.9585395295494679,0.0,0.0,0.0,0.0,0.0,0.0,0.0,0.0,0.0,0.0,0.0,0.0,612.0415800804293,0.0,0.0,0.0,-276.1408925663882,0.0,0.0,0.0,-0.03917079059098936,0.0,0.0,0.03917079059098936,0.0,0.03917079059098936,0.0,0.0,0.0,23.502474354593616,47.78836452100702,47.78836452100702,0.0,0.0,0.0,0.0,0.0,0.0,0.0,0.0,0.0,547.1273120945598,0.0,0.0,0.0,0.0,0.0,0.0,0.0,0.0,0.0,0.0,0.0,0.0,0.0,0.0,0.0,0.0,0.0,241.1498797701059,0.0,0.0,0.0,0.058756185886484034,0.0,0.0,0.0,-155.1492297083633,0.0,0.0,0.0,0.0,0.0,-352.3780283904932,1.9585395295494679,0.0,0.0,0.0,0.0,0.0,0.0,0.0,0.0,0.0,0.0,0.0,0.0,0.0,0.0,612.0415800804293,0.0,414.43293406803264,1000.0,272.1658418818021,0.0,317.1658418818021,0.0,0.0,-4.277450332536882,484.5763370640755,-480.29888673153863,0.0,-233.04795589135193,0.0,1.9585395295494679,1000.0,0.0,424.31742985450444,0.0,-210.91314194290288,-750.0000000000007,750.0000000000007,0.0,0.0,0.0,0.0,0.0,0.0,0.0,-5.875618588648365,0.0,47.78836452100702,0.0,0.0,0.0,0.0,0.0,0.0,0.0,0.0,0.0,1.2612994570307023,0.0,0.0,361.1914562734658,-3.1588444698019273,0.0,0.0,11.751237177296808,0.0,0.0,0.0,0.0,-7.021051225393819,0.0,0.0,0.043087869650127036,0.0,0.0,0.0,23.89418226050351,0.0,0.0,0.0,0.0,59.06630876746223,0.0,0.0,0.0,0.0,0.0,0.0,0.0,0.0,0.0,0.0,0.003917079059099048,0.003917079059099048,0.0,0.0,0.0,0.0,0.0,0.0,0.0,0.0,0.0,0.0,0.0,0.0,0.0,0.0,0.0,352.3780283904932,0.0,0.0,0.0,0.0,0.0,0.0,0.0,0.0,0.0,0.0,0.0,0.0,0.0,0.0,818.9521473686004,0.0,0.0,0.0,23.502474354593616,0.0,0.0,0.0,0.0,0.0,0.0,-23.502474354593616,0.0,0.0,0.0,0.0,0.0,0.0,0.0,0.0,0.0,0.0,0.0,0.0,1000.0,200.96588267238758,26.831991554827717,500.00000000000045,-655.1492297083637,0.0,273.70236591176365,0.0,0.0,0.0,0.0,0.0,0.0,0.0,0.0,0.0,0.0,0.0,0.0,0.0,0.0,0.0,0.0,0.0,-4.896348823873669,612.0415800804293,-2.937809294324202,-2.937809294324174,0.0,0.0,0.0,0.0,0.0,-250.87864489698435,250.38901001459698,210.91314194290288,0.0,0.0,0.0,0.0,0.0,0.0,0.0,752.2096550228465,11.751237177296808,11.751237177296808,0.0,0.0,0.0,0.0,0.0,0.043087869650127036,352.3780283904932,0.0,0.0,-273.70236591176365,0.0,0.0,0.0,0.0,0.0,0.0,0.0,0.0,0.0,0.0,0.0,0.0,0.0,0.0,0.0,0.0,0.0,12.142945083206703,0.0,41.129330120538825,0.0,0.0,3.0161508755061788,0.0,0.0,0.0,352.3780283904932,0.0,-1.9585395295494679,0.0,0.0,0.0,-4.896348823873669,0.0,0.0,0.0,0.0,0.0,0.0,0.0,0.0,0.0,0.0,0.0,0.0,0.0,0.0,0.0,0.0,0.0,0.0,-0.03917079059098936,0.0,0.0,1.9585395295494679,-264.32142960686883,0.0,0.0,0.0,0.0,612.0415800804293,0.0,0.0,0.0,3.3726050698842216,0.9792697647747339,0.0,0.0,0.0,0.03917079059098936,0.0,39.170790590989355,0.0,7.834158118197872,0.2797913613642097,133.57239591527372,-0.029378092943242017,1.958539529549455,0.7834158118197871,-0.1958539529544819,-133.57239591527372,11.751237177296808,-0.03917079059098936,0.0,0.0,0.00979269764774734,0.2797913613642097,0.0,-6.235989862086349,-0.7834158118197871,-300.0,-0.03917079059098936,0.00979269764774734,-133.57239591527372,3.9170790590989357,0.03917079059098936,0.03917079059098936,-352.29576973025206,0.04308786965008841,-235.21724646884016,-0.029378092943242017,11.751237177296808,0.03917079059098936,155.1492297083633,123.81259723557179,-0.01958539529549468,-91.88046125297441,335.4668883561775,-0.029378092943242017,-0.03917079059098936,0.0,0.03917079059098936,3.9170790590989357,-0.7834158118197871,241.1498797701059,241.1498797701059,-3.9170790590989357,300.0,-241.1498797701059,7.8341581181978714,0.058756185886484034,-564.367274998421,3.9170790590989357,-203.169416931395,0.0,-7.8341581181978714,0.01958539529549468,0.39170790590989363,127.20849125397314,280.0,-0.03917079059098936,-361.1914562734658,352.29576973025206,12.142945083206703,0.03917079059098936,6.235989862086349,-190.40294124025377,0.0,-0.03917079059098936,-0.00979269764774734,0.0,-0.03917079059098936,-96.08292094090106,0.03917079059098936,-0.00979269764774734,-0.00979269764774734,-0.00979269764774734,15.668316236395743,-123.81259723557179,0.39170790590989363,29.020659479102846,-0.00979269764774734,254.41698250794627,1.9585395295494679,50.0,0.03917079059098936,0.01958539529549468,0.01958539529549468,-11.817201993129043,0.0,0.03917079059098936,0.0,0.39170790590989363,0.03917079059098936,-29.020659479102846,0.03917079059097284,0.15668316236349256,0.1958539529544819,0.01958539529549468,0.00979269764774734,11.751237177296808,-0.03917079059098936,235.21724646884016,0.3917079059098936,-58.04131895820569,0.979269764774747,-3.9170790590989357,7.8341581181978714,1.9585395295494679,-0.03917079059097284,0.0,0.058756185886484034,-0.03917079059098936,23.634403986258093,0.0,214.6637189449912,0.01958539529549468,-100.0,-0.03917079059098936,-0.03917079059098936,-0.03917079059098936,0.01958539529549468,133.57239591527372,-7.8341581181978714,0.03917079059098936,254.41698250794627,-0.00979269764774734,-0.04308786965008841,-254.41698250794627,5.875618588648403,-335.4668883561775,19.38317329798727,133.57239591527372,-0.029378092943242017,361.1914562734658,-280.0,0.03917079059098936,-0.009792697647747341,1.9585395295494679,39.170790590989355,-0.01958539529549468,-0.03917079059098936,0.00979269764774734,1000.0,0.0,423.57251315178996,0.0,-255.0,0.0,236.48927006421528,-140.0,0.0,42.389610067512876,305.7518616727123,-325.0,-140.77517645133548,-21.194805033756438,127.5,-152.87593083635616,0.0,70.0,-352.3780283904932,-207.64266771959737,140.77517645133548,325.0,-207.64266771959737,-236.48927006421528,211.48756612268505,0.0,1496.5981,hplb
23,0.0,0.0,0.0,0.0,0.0,0.0,0.0,0.0,-0.04411081078127363,0.0,0.0,0.0,0.0,0.0,0.0,0.0,-510.75414705792537,0.0,0.0,757.2853408930293,0.0,0.0,0.0,891.2326224540848,0.0,0.0,0.0,0.0,0.0,624.9796394179805,80.39623100547364,-80.39623100547364,530.0780524573022,0.0,0.0,0.0,0.0,1000.0,0.0,-1000.0,763.1241351256675,0.0,0.0,-1000.0,0.0,0.0,0.0,0.0,594.0860422725746,-159.68470400574597,0.0,125.00000000000055,0.0,0.04852189185941328,0.0,0.0,0.0,8.822162156254725,0.0,0.0,62.621977878413645,0.0,856.2351535498615,597.6232949908149,0.0,0.0,0.0,0.0,941.7453728189308,0.0,0.0,0.4411081078127363,0.0,0.0,0.0,0.0,0.0,0.0,0.0,0.0,0.0,0.0,0.0,0.0,26.466486468764177,0.0,0.0,-467.2108580165933,-755.4101566370487,510.8203132740973,0.0,0.0,0.0,809.3641622788398,13.233243234382089,0.0,13.233243234382089,-880.6264948621856,0.0,0.0,0.0,998.8972297304682,624.9796394179805,0.0,0.0,0.0,0.0,1000.0,0.0,0.0,0.0,0.0,0.0,0.0,0.0,0.0,0.0,0.0,0.0,0.0,0.0,0.0,0.0,0.0,-1000.0,0.0,0.0,13.233243234382089,0.0,13.674351342194823,0.0,0.0,-362.09391411668287,362.09391411668287,0.0,0.0,250.00000000000023,0.0,0.0,-571.2338364374605,0.0,0.0,0.0,0.0,0.0,3.3965324301580693,0.04411081078127363,0.011027702695318407,0.0,0.0,-139.76245642418388,0.0,0.0,0.0,328.9050701725348,0.0,-149.44275584786118,0.0,0.0,0.0,0.0,0.0,194.8715293253879,194.8715293253879,0.0,0.0,0.0,0.0,-1000.0,0.0,0.0,275.3118711416428,0.0,0.0,0.0,-33.11062371136444,-243.1057780962111,0.0,0.0,0.0,0.0,0.0,0.0,0.0,0.0,0.0,-460.53412520389384,0.0,0.0,0.0,0.0,-1000.0,0.0,0.0,0.0,0.0,0.0,159.68470400574597,-125.00000000000055,244.58984336295134,-244.58984336295134,321.2338364374602,0.0,0.0,0.0,0.0,0.0,0.0,0.0,1000.0,0.0,0.0,0.0,0.0,0.0,0.0,0.0,0.0,0.0,0.0,0.0,0.0,0.0,0.0,164.70479656794802,-583.311534632629,0.0,0.0,0.0,0.0,-30.238629706540564,0.0,0.0,0.0,0.0,62.621977878413645,416.68846536737095,80.39623100547364,0.0,0.0,0.0,0.0,0.0,0.0,0.0,0.0,0.0,0.0,0.0,0.0,-1000.0,246.46502761893203,0.0,583.311534632629,0.0,0.0,321.2338364374602,355.179441808114,0.0,0.0,0.0,-20.978669097237685,0.0,0.0,-157.80880378444675,0.0,-251.0372084001873,-656.7715953842587,498.9627915998117,-749.999999999999,-510.8203132740973,0.0,1000.0,159.68470400574597,0.0,-167.9260446511662,0.0,0.0,0.0,-1000.0,0.0,1000.0,0.0,275.2236495200803,0.0,0.0,0.0,0.0,0.0,0.0,62.621977878413645,-0.06616621617191043,0.0,0.0,0.0,0.0,0.04411081078127363,0.0,0.0,0.0,695.7715500346983,-510.75414705792537,0.0,-122.27140601915815,254.88290359671834,243.1057780962111,776.3573783600497,0.0,93.56893721668942,0.0,0.0,0.0,0.0,0.0,-3.797940808267671,-89.77099640842164,0.0,267.8958478878091,-649.6843356855402,0.0,0.0,0.0,0.0,0.0,0.0,0.0,0.0,0.0,0.0,0.0,0.0,0.0,0.0,0.0,0.0,0.0,0.0,0.0,-938.2000498606252,0.0,0.0,798.8098957495552,749.9443774591292,0.0,0.0,76.99969857531556,0.0,0.0,0.0,0.0,996.6916891914045,0.0,0.0,-875.5235738643305,-356.9986525112897,-851.9743764105092,0.0,0.0,338.70292342952456,-398.0981301465095,0.0,0.0,0.0,355.89588224175793,-2.2055405390636813,873.5784163008698,0.0,0.0,0.0,462.7055479128476,13.233243234382089,0.0,0.0,0.0,0.0,0.0,0.0,0.0,0.0,0.0,0.0,-272.1911177041748,0.0,0.0,0.0,0.0,0.0,0.0,0.0,0.0,-195.9898806806329,0.0,0.0,0.0,0.0,0.0,0.0,0.0,11.709096909382042,0.08822162156256105,0.0,0.0,0.0,0.0,0.0,0.0,0.0,0.0,0.0,941.7453728189308,0.0,0.0,0.0,0.0,0.0,0.0,0.0,0.0,0.0,0.04852189185941328,0.04852189185941328,80.39623100547364,188.6548032512578,0.0,26.466486468764177,0.0,0.0,0.0,0.0,0.0,0.0,0.0,0.0,0.0,-25.0061254817723,0.0,0.0,0.0,0.0,0.0,0.0,0.0,0.0,0.0,0.0,0.0,0.0,0.0,0.0,333.3333333333333,-695.7715500346983,139.76245642418388,0.0,3.3965324301580693,0.0,518.3689555479201,290.9952067309196,0.0,0.0,-293.57049680593855,0.0,0.0,-13.297028572390259,0.0,0.0,0.0,0.0,0.0,0.0,0.0,0.0,0.0,0.0,0.0,0.0,0.0,0.0,0.0,0.0,26.466486468764177,321.23383643746024,321.2338364374602,0.0,0.0,0.0,0.0,0.0,0.0,0.0,0.0,0.0,0.0,0.4411081078127363,0.0,80.39623100547364,0.0,0.0,80.39623100547364,-125.00000000000055,0.0,0.0,13.233243234382089,0.0,0.0,0.0,0.0,0.0,0.0,0.0,0.0,0.0,0.0,331.3075979673623,0.0,0.0,13.233243234382089,13.233243234382089,-549.5735570797301,0.0,0.0,0.0,0.0,0.0,0.0,0.0,0.0,-892.8754873057896,0.0,-649.6843356855402,0.04411081078127363,0.0,0.0,0.0,58.25462718106917,518.3689555479201,0.0,-809.3641622788398,0.0,0.0,0.0,0.0,0.0,0.0,20.658797794166635,0.0,0.0,0.0,0.0,0.0,0.0,0.0,0.04411081078127363,0.0,0.0,0.0,1000.0,-1000.0,0.0,0.0,0.0,0.0,0.0,875.8095943248707,-328.9050701725348,0.0,-938.2000498606252,-3.308310808595479,-2.2055405390636813,0.0,0.0,0.0,0.0,0.0,0.0,0.0,0.0,0.0,0.0,0.0,0.0,321.23383643746024,243.1057780962111,0.0,0.0,464.91108845191127,0.0,0.0,0.0,-0.04411081078127363,0.0,0.0,0.04411081078127363,0.0,0.04411081078127363,61.97639338249991,0.0,0.0,26.466486468764177,53.815189153153824,53.815189153153824,0.0,0.0,0.0,0.0,0.0,0.0,0.0,139.76245642418388,0.0,0.0,0.0,0.0,0.0,0.0,0.0,0.0,0.0,0.0,0.0,0.0,0.0,0.0,0.0,0.0,0.0,0.0,0.0,290.9952067309196,0.0,-712.9070766842424,712.9070766842424,0.06616621617191043,0.0,0.0,0.0,-13.233243234382089,0.0,0.0,0.0,0.0,0.0,-188.6548032512578,2.2055405390636813,0.0,0.0,0.0,0.0,1000.0,-84.02213965169418,0.0,0.0,0.0,0.0,0.0,0.0,0.0,0.0,321.23383643746024,0.0,0.0,0.0,188.6548032512578,0.0,455.9402942679292,518.3689555479201,0.0,-7.0224410763786125,0.0,7.0224410763786125,328.9050701725348,301.3642526549602,0.0,2.2055405390636813,1000.0,0.0,192.09987497666495,-80.39623100547364,-195.9898806806329,0.0,0.0,750.0000000000007,-750.0000000000007,0.0,0.0,0.0,0.0,0.0,652.4972392637471,-198.57973567704425,53.815189153153824,0.0,0.0,0.0,80.39623100547364,0.0,0.0,0.0,0.0,0.0,0.0,0.0,0.0,0.0,-1000.0,0.0,0.0,13.233243234382089,0.0,0.0,0.0,0.0,-216.9906502755975,0.0,0.0,0.04852189185941328,0.0,0.0,0.0,26.907594576576912,0.0,0.0,0.0,0.0,164.70479656794802,0.0,0.0,0.0,0.0,0.0,0.0,0.0,0.0,-79.84854456269375,0.0,0.004411081078127363,0.004411081078127363,0.0,0.0,0.0,0.0,0.0,61.97639338249991,0.0,0.0,0.0,0.0,80.39623100547364,0.0,0.0,0.0,0.0,188.6548032512578,0.0,0.0,0.0,0.0,0.0,0.0,0.0,159.68470400574597,0.0,0.0,0.0,0.0,204.8630890497525,1000.0,0.0,0.0,0.0,0.0,26.466486468764177,0.0,0.0,0.0,0.0,0.0,0.0,-26.466486468764177,0.0,0.0,0.0,0.0,0.0,0.0,0.0,0.0,0.0,80.39623100547364,80.39623100547364,0.0,1000.0,0.0,30.21590538517244,0.0,-13.233243234382089,0.0,938.0236066175,0.0,0.0,0.0,0.0,0.0,0.0,0.0,0.0,0.0,208.33333333333334,0.0,-208.33333333333334,-208.33333333333334,0.0,0.0,0.0,0.0,-5.513851347659161,321.2338364374602,-1000.0,195.27142486844883,0.0,0.0,0.0,0.0,0.0,-0.5513851347659203,0.0,524.8949508531678,0.0,0.0,0.0,0.0,0.0,0.0,0.0,1000.0,13.233243234382089,13.233243234382089,0.0,0.0,0.0,0.0,0.0,0.04852189185941328,188.6548032512578,0.0,0.0,-1000.0,0.0,0.0,0.0,0.0,0.0,0.0,0.0,0.0,0.0,0.0,0.0,0.0,0.0,0.0,387.4417350333712,0.0,0.0,0.0,0.0,46.31635132033731,3.3965324301580693,0.0,0.0,0.0,0.0,0.0,188.6548032512578,0.0,0.0,0.0,0.0,0.0,-5.513851347659161,0.0,0.0,0.0,0.0,0.0,0.0,0.0,0.0,0.0,0.0,0.0,0.0,0.0,0.0,0.0,0.0,0.0,0.0,-0.04411081078127363,0.0,0.0,2.2055405390636813,25.0061254817723,0.0,0.0,0.0,0.0,321.2338364374602,0.0,0.0,0.0,3.797940808267671,1.1027702695317885,0.0,0.0,0.0,0.04411081078127363,0.0,44.11081078127362,-13.674351342194823,8.822162156254725,0.3150772198662402,123.06916207975341,-0.033083108085955215,875.5235738643305,0.8822162156254726,61.75583932859355,-123.06916207975341,13.233243234382089,-0.04411081078127363,0.0,0.0,0.011027702695318407,0.3150772198662402,0.0,-7.0224410763786125,79.51401478984816,-246.53119383510398,-0.04411081078127363,0.011027702695318407,-123.06916207975341,4.411081078127363,0.04411081078127363,0.04411081078127363,-188.5621705486171,0.04852189185940099,0.0,-0.033083108085955215,13.233243234382089,0.04411081078127363,13.233243234382089,-22.055405390636814,-0.022055405390636815,149.44275584786118,25.783437817631928,-0.033083108085955215,-0.04411081078127363,-13.674351342194823,0.04411081078127363,4.411081078127363,-0.8822162156254726,290.9952067309196,290.9952067309196,-4.411081078127363,246.53119383510398,-290.9952067309196,8.822162156254725,0.06616621617191043,-1000.0,4.411081078127363,-333.3333333333333,0.0,-8.822162156254725,0.022055405390636815,0.4411081078127363,30.567851504789537,197.47696540751252,-0.04411081078127363,-198.57973567704425,188.5621705486171,13.674351342194823,0.04411081078127363,7.0224410763786125,-52.93297293752867,0.0,-0.04411081078127363,-0.011027702695318407,0.0,-0.04411081078127363,11.709096909382042,0.04411081078154666,-0.011027702695318407,-0.011027702695318407,-0.011027702695318407,17.64432431250945,22.055405390636814,0.4411081078127363,32.68059693757435,-0.011027702695318407,61.135703009579075,2.2055405390636813,-3.64900791562734,0.04411081078127363,0.022055405390636815,0.022055405390636815,4.411081078127363,13.674351342194823,0.04411081078127363,-13.674351342194823,0.4411081078127363,0.04411081078127363,-32.68059693757435,0.04411081078127363,0.1764432431250751,-61.75583932859355,0.022055405390636815,0.011027702695318407,13.233243234382089,-0.04411081078127363,0.0,-39.75700739492408,-65.3611938751487,874.4208035947987,-4.411081078127363,8.822162156254725,2.2055405390636813,-0.04411081078127363,0.0,0.06616621617191043,-0.04411081078127363,-8.822162156254725,13.674351342194823,648.334080743786,0.022055405390636815,7.2980158312546735,-0.04411081078127363,-0.04411081078154666,-0.04411081078127363,0.022055405390636815,123.06916207975341,-8.822162156254725,0.04411081078127363,61.135703009579075,-0.011027702695318407,-0.04852189185940099,-61.135703009579075,6.616621617191043,-25.783437817631928,112.6125800880241,123.06916207975341,-0.033083108085955215,198.57973567704425,-197.47696540751252,0.04411081078127363,-0.011027702695318406,2.2055405390636813,44.11081078127362,-0.022055405390636815,-0.04411081078127363,0.011027702695318407,919.5286871726745,0.0,999.9779445946093,0.0,-255.0,0.0,755.6744857370425,-12.683945827648202,0.0,-80.0,-255.0,-325.0,0.0,40.0,127.5,127.5,0.0,6.341972913824101,-188.6548032512578,-431.3434304681885,0.0,325.0,-431.3434304681885,-755.6744857370425,402.0981887982219,0.0,1496.5981,hplb
24,0.0,0.0,0.0,0.0,0.0,0.0,0.0,0.0,529.3132062069407,0.0,0.0,0.0,0.0,0.0,0.0,0.0,469.1255958880015,-397.91354152526884,0.0,0.0,0.0,0.0,0.0,0.0,0.0,0.0,0.0,0.0,0.0,-773.31574515781,0.0,0.0,61.06629334703075,0.0,0.0,0.0,0.0,905.983552778256,0.0,-1000.0,982.8017202091795,0.0,0.0,1000.0,0.0,0.0,0.0,0.0,1000.0,-243.83790797134955,0.0,874.9999999993765,0.0,0.06306035923321929,0.0,0.0,0.0,11.465519860546966,0.0,0.0,55.87653787461693,0.0,1000.0,798.4092707903983,0.0,0.0,0.0,0.0,0.0,433.7136224005897,0.0,0.5732759930273483,0.0,0.0,0.0,0.0,0.0,0.0,0.0,0.0,0.0,0.0,0.0,0.0,34.3965595816409,0.0,24.897233908194615,-756.9445979659345,0.0,415.4801977554763,-0.014331899825683708,0.0,0.0,-105.45130893622523,17.19827979082045,0.0,17.19827979082045,-1.8459486975488515,0.0,0.0,0.0,2.8663799651367414,-773.31574515781,0.0,0.0,-77.66676670837863,0.0,0.0,0.0,0.0,0.0,0.0,0.0,0.0,0.0,0.0,0.0,0.0,0.0,0.0,0.0,0.0,0.0,0.0,-754.7324952470087,0.0,0.0,17.19827979082045,0.0,17.771555783847802,0.0,0.0,-93.74999999999875,-750.0000000000011,843.7499999999999,-843.7499999999999,742.5327329157814,874.9999999994735,-874.9999999994735,-1000.0,0.0,0.0,0.0,0.0,0.0,29.311459054505196,0.05732759930273483,0.0,0.0,0.0,0.0,-770.4679425390755,0.0,0.0,0.0,0.0,326.9970845408585,0.0,0.0,0.0,0.0,0.0,31.52906723554251,31.52906723554251,0.0,0.0,0.0,0.0,-1000.0,0.0,0.0,31.586394834845244,0.0,0.0,0.0,-475.32107486785276,-879.5225625888027,0.0,0.0,0.0,0.0,0.0,0.0,0.0,0.0,0.0,-1000.0,0.0,0.0,0.0,0.0,-1000.0,0.0,0.0,0.0,0.0,0.0,243.83790797134955,-874.9999999993765,-115.4801977554763,115.4801977554763,257.46726708421863,0.0,0.0,0.0,0.0,0.0,0.0,0.0,1000.0,0.0,0.0,0.0,0.0,0.0,0.0,0.0,0.0,0.0,0.0,0.0,0.0,0.0,63.14285207094463,693.3989822601694,179.1901492691851,0.0,0.0,0.0,0.0,-65.21074648021272,0.0,0.0,0.0,0.0,55.87653787461693,-820.8098507308149,0.0,0.0,0.0,0.0,0.0,0.0,0.0,0.0,0.0,0.0,0.0,0.0,884.5198022445237,1000.0,-747.4247957207874,0.0,-179.1901492691851,0.0,0.0,257.46726708421863,416.8687376049944,0.0,0.0,0.0,17.87024812044376,0.0,0.0,-569.7558222600985,0.0,430.2441777399015,-1000.0,430.2441777399015,0.0,-115.4801977554763,0.0,118.55085868456592,243.83790797134955,0.0,-32.31251854937574,0.0,0.0,0.0,-120.95206824243726,0.0,120.95206824243726,0.0,0.0,0.0,0.0,1000.0,0.0,0.0,0.0,55.87653787461693,-0.08599139895410224,0.0,0.0,0.0,0.0,0.05732759930273483,0.0,0.0,0.0,790.5451996051736,469.1255958880015,0.0,-613.4505713548077,166.37260403600158,879.5225625888027,1000.0,0.0,0.0,0.0,-77.66676670837863,0.0,0.0,0.0,-4.935906299965679,176.3961206935968,-171.46021439363113,-1000.0,-1000.0,0.0,0.0,0.0,0.0,0.0,0.0,0.0,0.0,0.0,0.0,0.0,0.0,0.0,0.0,0.0,0.0,0.0,-93.78713682453247,0.0,-1000.0,0.0,0.0,0.0,0.0,0.0,0.0,-29.311459054505196,0.0,0.0,0.0,0.0,0.0,540.8584204150578,0.0,-805.9339010049428,-678.4993262556449,-717.2545411086546,-501.9596876679851,-2.8663799651367414,0.0,94.26860193249867,0.0,521.4036685917666,0.0,677.0661362730765,0.0,0.0,0.0,881.5161486853748,0.0,-1000.0,17.19827979082045,0.0,0.0,0.0,0.0,0.0,529.3705338062434,0.0,-63.14285207094463,63.14285207094463,63.14285207094463,321.20124684783167,0.0,0.0,-43.219962088344076,0.0,0.0,0.0,0.0,0.0,-95.91972351859553,0.0,0.0,0.0,0.0,0.0,0.0,0.0,-94.26724006972651,0.11465519860550971,0.0,0.0,0.0,0.0,0.0,0.0,0.0,0.0,0.0,0.0,0.0,0.0,0.0,0.0,0.0,0.0,0.0,0.0,0.0,0.06306035923321929,0.06306035923321929,0.0,331.67733221039765,0.0,34.3965595816409,0.0,0.0,0.0,1000.0,0.0,0.0,24.897233908194615,0.0,0.0,278.8264460135679,-1000.0,0.0,0.0,779.9589371681475,0.0,0.0,0.0,0.0,0.0,0.0,0.0,0.0,0.0,0.0,251.57749841566957,-790.5451996051736,770.4679425390755,281.66385244803934,29.311459054505196,0.0,0.0,-105.45130893622523,-297.70782954023116,0.0,278.8264460135679,0.0,0.0,184.55920594384136,0.0,0.0,63.14285207094463,0.0,0.0,0.0,0.0,0.0,0.0,0.0,0.0,0.0,0.0,0.0,0.0,0.0,34.3965595816409,257.46726708421863,257.46726708421863,0.0,0.0,0.0,0.0,0.0,0.0,0.0,0.0,0.0,0.0,0.5732759930273483,0.0,0.0,24.897233908194615,-24.897233908194615,0.0,-874.9999999993765,0.0,0.0,17.19827979082045,-779.9589371681475,0.0,0.0,0.0,281.66385244803934,0.0,0.0,0.0,0.0,0.0,422.71615273387334,0.0,0.0,17.19827979082045,17.19827979082045,-427.30634592958677,-1000.0,0.0,0.0,0.0,0.0,0.0,0.0,0.0,773.31574515781,0.0,1000.0,0.05732759930273483,0.0,0.0,0.0,75.70928453630461,0.0,0.0,105.45130893622523,0.0,0.0,0.0,0.0,0.0,0.0,0.0,0.0,0.0,0.0,0.0,0.0,0.0,0.0,0.05732759930273483,0.0,0.0,0.0,1000.0,-1000.0,0.0,0.0,0.0,0.0,-34.023787717190785,4.712328662685593,0.0,0.0,-906.2128631754675,-4.299569947705113,-2.8663799651367414,0.0,0.0,-750.0,-750.0,750.0,0.0,0.0,0.0,0.0,0.0,0.0,0.0,257.46726708421863,879.5225625888027,0.0,0.0,-115.61747134948848,0.0,0.0,0.0,529.3132062069407,0.0,0.0,0.05732759930273483,0.0,0.05732759930273483,0.0,433.7136224005897,0.0,34.3965595816409,69.9396711493365,69.9396711493365,0.0,0.0,0.0,0.0,0.0,0.0,0.0,770.4679425390755,0.0,0.0,0.0,0.0,0.0,0.0,0.0,0.0,0.0,0.0,0.0,0.0,0.0,0.0,0.0,0.0,0.0,0.0,0.0,192.25652060400594,0.0,0.0,0.0,0.08599139895410224,0.0,0.0,0.0,-17.19827979082045,0.0,0.0,0.0,0.0,0.0,-331.67733221039765,2.8663799651367414,0.0,0.0,0.0,0.0,1000.0,-4.712328662685593,0.0,0.0,0.0,0.0,0.0,0.0,0.0,0.0,257.46726708421863,0.0,779.9589371681475,394.17689921408726,268.534480139453,0.0,579.859603983255,-77.66676670837863,0.0,0.0,0.0,0.0,0.0,346.9290664556579,0.0,2.8663799651367414,1000.0,0.0,0.0,0.0,-145.71419133498478,0.0,0.0,155.37871726620244,-155.37871726620244,0.0,0.0,0.0,0.0,0.0,1000.0,-8.599139895410346,69.9396711493365,0.0,0.0,0.0,0.0,0.0,0.0,0.0,0.0,0.0,0.0,0.0,0.0,335.97690215810275,-75.70928453630461,-70.39115018538973,0.0,17.19827979082045,24.897233908194615,0.0,0.0,0.0,52.384407738262325,0.0,0.0,0.06306035923321929,0.0,0.0,0.0,34.96983557466825,0.0,0.0,0.0,0.0,693.3989822601694,0.0,0.0,0.0,0.0,0.0,0.0,0.0,0.0,0.0,0.0,0.005732759930273483,0.005732759930273483,0.0,0.0,0.0,0.0,0.0,0.0,0.0,0.0,0.0,0.0,0.0,0.0,0.0,0.0,0.0,331.67733221039765,0.0,0.0,0.0,0.0,0.0,0.0,0.0,243.83790797134955,0.0,0.0,0.0,49.79446781638923,1000.0,181.80205046119238,-397.91354152526884,0.0,0.0,0.0,34.39655958164093,0.0,0.0,0.0,0.0,0.0,249.9999999994729,-284.3965595811138,0.0,49.79446781638923,0.0,0.0,0.0,0.0,0.0,0.0,0.0,0.0,0.0,0.0,-1000.0,-1000.0,39.269405522373376,-455.2774537272214,438.079173936401,0.0,905.983552778256,0.0,0.0,0.0,0.0,0.0,0.0,0.0,0.0,0.0,0.0,0.0,0.0,0.0,0.0,0.0,0.0,0.0,-7.165949912841854,257.46726708421863,-4.299569947705113,4.299569947705122,0.0,0.0,0.0,0.0,0.0,0.0,-0.7165949912841856,95.91972351859553,0.0,0.0,0.0,0.0,0.0,0.0,0.0,1000.0,17.19827979082045,17.19827979082045,0.0,0.0,0.0,0.0,0.0,0.06306035923321929,331.67733221039765,0.0,0.0,-905.983552778256,0.0,0.0,0.0,0.0,0.0,0.0,0.0,0.0,0.0,0.0,0.0,0.0,0.0,0.0,216.85681120029486,0.0,0.0,0.0,0.0,60.193979267871576,29.311459054505196,0.0,0.0,0.0,0.0,0.0,331.67733221039765,0.0,0.0,0.0,0.0,0.0,-7.165949912841854,0.0,0.0,0.0,0.0,0.0,0.0,0.0,0.0,0.0,0.0,0.0,0.0,0.0,0.0,0.0,0.0,0.0,0.0,-0.05732759930273483,0.0,0.0,2.8663799651367414,-278.8264460135679,0.0,0.0,0.0,0.0,257.46726708421863,0.0,0.0,0.0,4.935906299965679,1.433189982568365,0.0,0.0,0.0,0.05732759930273483,0.0,57.327599302734825,-17.7715557838478,11.465519860546967,0.4094828521623916,159.9440020546302,-0.04299569947705112,2.8663799651367414,1.1465519860546967,-0.2866379965142869,-159.9440020546302,17.19827979082045,-0.05732759930273483,25.88892223612621,0.0,0.014331899825683706,0.4094828521623916,-77.66676670837863,-34.023787717190785,-1.1465519860546967,-71.21205436273266,-0.05732759930273483,0.014331899825683708,-159.9440020546302,5.732759930273483,0.05732759930273483,0.05732759930273483,-331.55694425186175,-24.834173548961605,0.0,-0.04299569947705112,17.19827979082045,0.05732759930273483,17.19827979082045,-28.663799651367416,-0.028663799651367415,-171.66355112410125,59.4206589506365,-0.04299569947705112,-0.05732759930273483,-17.7715557838478,0.05732759930273483,5.732759930273483,-1.1465519860546967,192.25652060400594,192.25652060400594,-5.732759930273483,71.21205436273266,-192.25652060400594,11.465519860546966,0.08599139895410224,-49.704839165071725,5.732759930273483,-251.57749841566957,0.0,-11.465519860546966,0.02866379965136741,0.5732759930273483,153.36264283870193,280.0,-0.05732759930273483,-344.5760420535131,331.55694425186175,17.771555783847802,0.05732759930273483,34.023787717190785,-68.7931191632818,0.0,-0.05732759930273483,-0.014331899825683706,0.0,-0.05732759930273483,-94.26724006972651,0.05732759930273483,-0.014331899825683708,-0.014331899825683708,-0.014331899825683708,22.93103972109393,28.663799651367416,0.5732759930273483,42.47258513341454,-0.014331899825683708,280.8363634412776,2.8663799651367414,50.0,0.05732759930273483,0.02866379965136741,0.028663799651367415,5.732759930273483,17.7715557838478,0.05732759930273483,-17.7715557838478,0.5732759930273483,0.05732759930273483,-42.47258513341454,0.05732759930273483,0.22931039721152047,0.2866379965142869,0.028663799651367415,0.014331899825683708,17.19827979082045,-0.05732759930273483,0.0,0.5732759930273483,-84.94517026682908,1.433189982568371,-5.732759930273483,11.465519860546966,2.8663799651367414,-0.05732759930273483,77.66676670837863,0.08599139895410224,-0.05732759930273483,-11.465519860546966,17.7715557838478,158.8013746112653,0.028663799651367415,-100.0,-0.05732759930273483,-0.05732759930273483,-0.05732759930273483,0.028663799651367415,159.9440020546302,-11.465519860546966,0.05732759930273483,306.72528567740386,-0.014331899825683708,24.834173548961605,-306.72528567740386,8.599139895410223,-59.4206589506365,-35.947771728544126,159.9440020546302,-0.04299569947705112,344.5760420535131,-280.0,0.05732759930273483,-0.014331899825683704,2.8663799651367414,57.327599302734825,-0.02866379965136741,-0.05732759930273483,0.014331899825683706,524.7175106787108,0.0,-250.32382463457967,0.0,-255.0,0.0,-150.0436443818529,-140.0,0.0,723.1653993352355,-255.0,179.1428186952735,-300.0,-361.58269966761776,127.5,127.5,0.0,70.0,-331.67733221039765,-211.1857823495276,300.0,-179.1428186952735,-211.1857823495276,150.0436443818529,-43.4916425744223,0.0,1496.5981,hplb
25,0.0,0.0,0.0,0.0,0.0,0.0,0.0,0.0,-0.013634294600339157,0.0,0.0,0.0,0.0,0.0,0.0,0.0,464.01601166485864,-546.4423419475307,0.0,344.1999391645793,0.0,0.0,0.0,0.0,0.0,0.0,0.0,0.0,0.0,615.917404405958,0.0,0.0,35.98870129671559,0.0,0.0,0.0,0.0,904.8211550146119,0.0,-807.0030165072316,995.9097116198983,0.0,0.0,497.0642863801779,0.0,0.0,1000.0,0.0,-576.9977024509946,0.0,0.0,1000.0,0.0,0.014997724060386556,0.0,0.0,0.0,2.7268589200678313,0.0,0.0,-111.13829242203974,0.0,1000.0,609.1715581464215,749.5000000000014,0.0,0.0,0.0,841.0942330806031,-841.0942330806031,0.0,0.13634294600339159,0.0,0.0,0.0,0.0,0.0,0.0,0.0,0.0,0.0,0.0,0.0,0.0,8.180576760203495,0.0,203.16761535474936,1000.0,-433.81249713797655,0.0,-0.0034085736500847888,0.0,0.0,846.6580259193736,4.090288380101748,0.0,4.090288380101748,-0.43902428613096467,0.0,0.0,0.0,0.6817147300169578,615.917404405958,0.0,0.0,0.0,0.0,0.0,0.0,0.0,0.0,0.0,0.0,0.0,0.0,0.0,0.0,0.0,0.0,0.0,0.0,0.0,0.0,0.0,-735.588426581621,0.0,0.0,4.090288380101748,0.0,4.226631326105139,4.226631326105139,0.0,-568.8779506705813,0.0,568.8779506705813,-568.8779506705813,0.0,0.0,0.0,-279.69014943153877,0.0,0.0,0.0,0.0,0.0,204.21745603897548,0.013634294600339157,0.0,0.0,0.0,0.0,-857.4329202697991,0.0,0.0,0.0,0.0,-33.96608795750285,0.0,0.0,0.0,0.0,0.0,-441.86366793825607,-441.86366793825607,0.0,0.0,0.0,0.0,624.9999999999867,0.0,0.0,-441.8500336436557,0.0,0.0,0.0,-624.289406459334,0.0,0.0,0.0,0.0,0.0,0.0,0.0,0.0,0.0,0.0,-1000.0,0.0,0.0,0.0,0.0,-1000.0,0.0,0.0,0.0,0.0,0.0,0.0,-1000.0,625.2447003319567,-625.2447003319567,279.69014943153877,0.0,0.0,0.0,0.0,0.0,0.0,0.0,-386.9328252709016,0.0,0.0,0.0,0.0,0.0,0.0,0.0,0.0,0.0,0.0,0.0,0.0,0.0,0.0,762.8866381099347,497.0642863801779,0.0,0.0,0.0,0.0,-80.0279572470076,0.0,0.0,0.0,0.0,-111.13829242203974,0.0,0.0,0.0,0.0,0.0,0.0,0.0,0.0,0.0,0.0,0.0,0.0,0.0,463.99556022295815,-595.0616372469751,48.24699788096211,0.0,-497.0642863801779,0.0,0.0,279.69014943153877,-983.3661605875863,0.0,0.0,0.0,-196.18796714535836,0.0,0.0,-962.3632230741563,0.0,0.0,-962.3632230741563,0.0,0.0,191.43220319398014,0.0,1000.0,0.0,0.0,-153.16924759737464,0.0,0.0,0.0,867.1784340194935,0.0,-867.1784340194935,0.0,0.0,0.0,0.0,-408.92865900575737,0.0,0.0,0.0,-111.13829242203974,-0.020451441900508734,0.0,0.0,0.0,0.0,0.013634294600339157,0.0,0.0,0.0,796.2475194353672,464.01601166485864,0.0,-281.2657750996602,944.3041094194048,0.0,1000.0,0.0,1000.0,0.0,0.0,0.0,0.0,0.0,841.0942330806031,-841.0942330806031,-1000.0,-904.4941992318556,-1000.0,0.0,0.0,0.0,0.0,0.0,0.0,0.0,0.0,0.0,0.0,0.0,0.0,0.0,0.0,0.0,0.0,0.0,-95.1243078069867,0.0,-1000.0,0.0,0.0,0.0,0.0,0.0,797.2987434957905,-204.21745603897548,0.0,0.0,0.0,0.0,0.0,0.0,48.99201593961993,-872.5693082630252,-1000.0,0.0,-431.7836681599848,0.0,0.0,139.37327647495098,-48.99201593961993,871.8875935330082,943.5566895397158,999.6591426349916,-0.6817147300169578,0.0,0.0,-810.3990973879803,-281.8555329905001,242.1565070346823,4.090288380101748,0.0,0.0,0.0,0.0,0.0,0.0,0.0,0.0,0.0,0.0,252.27314107993217,0.0,0.0,-51.380148297104455,0.0,0.0,0.0,0.0,0.0,-95.63150356611935,0.0,0.0,0.0,0.0,0.0,0.0,0.0,-98.63657053996609,0.027268589200687417,0.0,0.0,0.0,0.0,0.0,0.0,0.0,0.0,0.0,0.0,0.0,0.0,0.0,0.0,0.0,0.0,0.0,0.0,0.0,0.014997724060386556,0.014997724060386556,0.0,277.27314107993215,0.0,8.180576760203495,0.0,155.0027008895626,0.0,1000.0,0.0,0.0,203.16761535474936,0.0,0.0,575.3952972910978,-1000.0,0.0,0.0,0.0,0.0,0.0,0.0,0.0,0.0,0.0,0.0,0.0,0.0,0.0,245.19614219387364,-796.2475194353672,857.4329202697991,0.0,204.21745603897548,0.0,0.0,846.6580259193736,646.9958337348424,0.0,575.3952972910978,0.0,0.0,476.7587267511317,874.9999999999995,-874.9999999999995,0.0,0.0,0.0,0.0,0.0,0.0,0.0,0.0,0.0,0.0,0.0,0.0,0.0,0.0,8.180576760203495,279.69014943153877,279.69014943153877,0.0,0.0,0.0,0.0,0.0,0.0,0.0,0.0,0.0,0.0,0.13634294600339159,0.0,0.0,203.16761535474936,-203.16761535474936,0.0,-1000.0,0.0,0.0,4.090288380101748,0.0,0.0,0.0,0.0,0.0,0.0,0.0,0.0,0.0,0.0,0.0,693.2925348700529,0.0,4.090288380101748,4.090288380101748,1000.0,-1000.0,0.0,0.0,0.0,0.0,0.0,0.0,0.0,803.6416041721374,0.0,1000.0,0.013634294600339157,0.0,0.0,-419.30987726059186,420.4093857322906,0.0,0.0,-846.6580259193736,0.0,0.0,0.0,0.0,0.0,0.0,0.0,0.0,0.0,0.0,0.0,0.0,0.0,0.0,0.013634294600339157,0.0,0.0,0.0,-391.9594995399691,391.9594995399691,0.0,0.0,0.0,0.0,-205.3381950551234,1.1207390161479225,0.0,0.0,-904.8756921930133,-1.0225720950254367,-0.6817147300169578,0.0,0.0,0.0,0.0,0.0,0.0,0.0,0.0,0.0,0.0,0.0,0.0,279.69014943153877,0.0,0.0,0.0,-567.560875623281,0.0,0.0,0.0,-0.013634294600339157,0.0,0.0,0.013634294600339157,0.0,0.013634294600339157,0.0,0.0,0.0,8.180576760203495,16.63383941241377,16.63383941241377,0.0,0.0,0.0,0.0,0.0,0.0,0.0,857.4329202697991,0.0,0.0,0.0,0.0,651.7570910106815,190.5110548350109,0.0,0.0,0.0,0.0,0.0,0.0,0.0,0.0,0.0,0.0,0.0,0.0,0.0,199.66219218453116,0.0,-531.8951968752872,531.8951968752872,0.020451441900508734,0.0,0.0,0.0,-4.090288380101748,0.0,0.0,0.0,0.0,0.0,-277.27314107993215,0.6817147300169578,0.0,0.0,0.0,0.0,-624.9999999999867,-1.1207390161479225,0.0,0.0,0.0,0.0,0.0,0.0,0.0,0.0,279.69014943153877,0.0,0.0,0.0,277.27314107993215,0.0,614.7714615541407,0.0,0.0,0.0,0.0,0.0,0.0,-1000.0,155.0027008895626,0.6817147300169578,735.3880725993622,0.0,0.0,0.0,-501.9667342756181,0.0,0.0,0.0,0.0,0.0,0.0,0.0,0.0,0.0,1000.0,-2.045144190051019,16.63383941241377,0.0,419.0174092440267,419.0174092440267,-419.0174092440267,0.0,0.0,0.0,0.0,0.0,0.0,0.0,0.0,278.2957131749576,-1.0995084716987549,-390.9736161205799,0.0,4.090288380101748,203.16761535474936,0.0,0.0,0.0,-187.21454891593729,0.0,0.0,0.014997724060386556,0.0,0.0,0.0,8.316919706206885,0.0,0.0,0.0,0.0,762.8866381099347,0.0,0.0,0.0,0.0,0.0,0.0,0.0,0.0,-204.44254144647925,0.0,105.77668912976239,0.0013634294600339157,0.0,0.0,0.0,0.0,0.0,0.0,0.0,0.0,0.0,-419.30987726059186,0.0,0.0,0.0,0.0,0.0,277.27314107993215,0.0,0.0,0.0,0.0,0.0,0.0,0.0,0.0,0.0,0.0,0.0,406.3352307094987,1000.0,-304.76573995669816,-546.4423419475307,0.0,0.0,0.0,8.180576760203495,0.0,0.0,0.0,0.0,0.0,0.0,-8.180576760203495,0.0,406.3352307094987,0.0,0.0,0.0,0.0,0.0,0.0,0.0,0.0,0.0,0.0,-1000.0,515.0648093462397,851.6076376469247,-4.090288380101748,0.0,0.0,904.8211550146119,0.0,0.0,0.0,0.0,0.0,0.0,0.0,0.0,0.0,874.9999999999999,0.0,-875.0,-874.9999999999999,0.0,0.0,0.0,155.0027008895626,-1.7042868250423946,279.69014943153877,-1.0225720950254367,843.2907179407177,0.0,0.0,0.0,0.0,0.0,-0.17042868250423948,0.0,95.63150356611935,0.0,0.0,0.0,0.0,0.0,0.0,0.0,1000.0,4.090288380101748,4.090288380101748,0.0,0.0,0.0,0.0,0.0,0.014997724060386556,277.27314107993215,0.0,0.0,-904.8211550146119,105.77532570030236,0.0,0.0,0.0,0.0,0.0,0.0,0.0,0.0,0.0,0.0,0.0,0.0,0.0,265.9475984376436,0.0,0.0,4.226631326105139,0.0,14.316009330356117,204.21745603897548,0.0,0.0,0.0,0.0,0.0,277.27314107993215,0.0,0.0,0.0,0.0,0.0,-1.7042868250423946,0.0,0.0,0.0,0.0,0.0,0.0,0.0,0.0,0.0,0.0,0.0,0.0,0.0,0.0,0.0,0.0,0.0,0.0,-0.013634294600339157,0.0,0.0,0.6817147300169578,-575.3952972910978,0.0,0.0,0.0,0.0,279.69014943153877,0.0,0.0,0.0,-841.0942330806031,0.3408573650084789,0.0,0.0,0.0,0.013634294600339157,0.0,13.634294600339155,0.0,2.7268589200678317,0.09738781857385112,46.49294458715652,-0.010225720950254367,0.6817147300169903,0.2726858920067831,-0.068171473001712,-46.49294458715652,4.090288380101748,-0.013634294600339157,0.0,0.0,0.003408573650084789,0.09738781857385112,0.0,-205.3381950551234,-0.2726858920067831,-261.7736088819072,-0.013634294600339157,0.003408573650084789,-46.49294458715652,331.581800987704,0.013634294600339157,0.013634294600339157,-277.2445090612714,-203.152617630689,-134.6252718366817,-0.010225720950254367,4.090288380101748,0.013634294600339157,4.090288380101748,-6.817147300169578,-0.006817147300169578,168.59135979418454,78.65089349237336,-0.010225720950254367,-0.013634294600339157,0.0,0.013634294600339157,1.3634294600339156,-0.2726858920067831,199.66219218453116,199.66219218453116,-1.3634294600339154,261.7736088819072,-199.66219218453116,2.7268589200678313,0.020451441900508734,-1000.0,1.3634294600339156,-245.19614219387364,0.0,-2.7268589200678313,0.0068171473001695775,0.13634294600339159,70.31644377491504,280.0,-0.013634294600339157,-280.3408573650086,277.2445090612714,4.226631326105139,0.013634294600339157,205.3381950551234,-346.5795250480769,0.0,-0.013634294600339157,-0.003408573650084789,0.0,-0.013634294600339157,-98.63657053996609,0.013634294600365138,-0.0034085736500847888,-0.0034085736500847888,-0.0034085736500847888,5.4537178401356625,6.817147300169578,0.13634294600339159,10.1013080120253,-0.003408573650084789,140.6328875498301,0.6817147300169578,50.0,0.013634294600339157,0.006817147300169578,0.006817147300169578,1.3634294600339156,0.0,0.013634294600339157,0.0,0.13634294600339159,0.013634294600339157,-10.1013080120253,0.013634294600339157,0.05453717840133854,0.068171473001712,0.006817147300169578,0.003408573650084789,4.090288380101748,-0.013634294600339157,134.6252718366817,0.13634294600339156,-20.2026160240506,0.3408573650084463,-1.3634294600339156,2.7268589200678313,0.6817147300169578,-0.013634294600339157,0.0,0.020451441900508734,-0.013634294600339157,-2.7268589200678264,0.0,331.66209465716673,0.006817147300169578,-100.0,-0.013634294600339157,-0.013634294600365138,-0.013634294600339157,0.006817147300169578,46.49294458715652,-2.7268589200678313,0.013634294600339157,140.6328875498301,-0.0034085736500847888,203.152617630689,-140.6328875498301,2.0451441900508733,-78.65089349237336,601.232855363588,46.49294458715652,-0.010225720950254367,280.3408573650086,-280.0,0.013634294600339157,-0.0034085736500847888,0.6817147300169578,13.634294600339155,-0.006817147300169578,-0.013634294600339157,0.003408573650084789,0.0,0.0,808.5609796587197,0.0,74.15899581390354,0.0,231.65964404992974,-36.2900192073831,330.2183715276701,-80.0,-255.0,239.93459979559054,-191.43220319398014,40.0,-37.07949790695177,127.5,-330.2183715276701,18.14500960369155,-277.27314107993215,-144.44754574122945,191.43220319398014,-239.93459979559054,-144.44754574122945,-231.65964404992974,288.43786981898637,0.0,1496.5981,hplb
26,0.0,0.0,0.0,0.0,0.0,0.0,0.0,0.0,375.4508351067859,0.0,0.0,0.0,0.0,0.0,0.0,0.0,140.76617341568178,158.9814452440732,0.0,0.0,0.0,0.0,0.0,0.0,0.0,0.0,0.0,0.0,0.0,128.3376025156772,0.0,0.0,0.0,0.0,0.0,0.0,0.0,592.5793420150175,0.0,-1000.0,-71.69269931957345,0.0,0.0,0.0,0.0,0.0,358.9633594068028,0.0,0.0,-537.8436281272562,0.0,625.0000000000019,0.0,0.10574668919548458,0.0,0.0,0.0,19.22667076284088,0.0,0.0,-100.14141254392074,0.0,100.14141254392074,0.0,0.0,0.0,0.0,0.0,581.1041555188991,-508.6202007234668,0.0,0.961333538142044,0.0,0.0,0.0,0.0,0.0,0.0,0.0,805.959008577165,0.0,0.0,0.0,0.0,57.68001228852264,0.0,91.67526851801645,532.7568960377193,-92.24310396228259,43.864234539604716,-0.0240333384535511,0.0,0.0,0.0,28.84000614426132,0.0,28.84000614426132,0.0,0.0,0.0,0.0,4.80666769071022,128.3376025156772,0.0,0.0,-17.84294889396401,367.4914416363877,0.0,0.0,0.0,0.0,0.0,0.0,0.0,0.0,0.0,0.0,0.0,0.0,0.0,0.0,0.0,0.0,0.0,-617.2394104096392,0.0,0.0,28.84000614426132,0.0,29.801339682403363,22.27686655904816,0.0,0.0,582.2157403311352,-582.2157403311353,582.2157403311352,-750.0,1000.0,-1000.0,750.0,0.0,0.0,0.0,0.0,0.0,99.07753676171019,0.09613335381420439,0.0,0.0,0.0,516.003522464515,-1000.0,0.0,0.0,0.0,0.0,290.6606911273062,0.0,0.0,0.0,0.0,0.0,-83.84142049893919,-83.84142049893919,0.0,0.0,0.0,0.0,0.0,0.0,0.0,-83.74528714512498,0.0,0.0,0.0,779.3241451970001,0.0,0.0,0.0,0.0,0.0,0.0,0.0,0.0,0.0,0.0,-609.4154967130119,0.0,0.0,0.0,0.0,-1000.0,0.0,0.0,0.0,0.0,0.0,537.8436281272562,-625.0000000000019,92.24310396228259,-92.24310396228259,0.0,0.0,0.0,0.0,0.0,0.0,0.0,0.0,-589.7383040905191,0.0,0.0,0.0,0.0,0.0,0.0,0.0,0.0,0.0,0.0,0.0,0.0,0.0,0.0,54.958377424778995,355.89622406864294,0.0,0.0,0.0,0.0,0.0,0.0,0.0,0.0,0.0,-100.14141254392074,355.89622406864294,0.0,0.0,0.0,0.0,0.0,0.0,0.0,0.0,149.52327911911235,0.0,0.0,0.0,184.48620792456518,0.0,0.0,0.0,-355.89622406864294,0.0,0.0,0.0,-423.8942969671902,0.0,0.0,0.0,213.39553996271155,0.0,0.0,-1000.0,0.0,561.9764033214364,-1000.0,0.0,561.9764033214364,0.0,0.0,343.4676531686383,537.8436281272562,0.0,312.7657902597266,0.0,0.0,0.0,-29.512934897410055,0.0,29.512934897410055,0.0,0.0,0.0,0.0,-237.32016972578128,0.0,0.0,0.0,-100.14141254392074,-0.14420003072130658,0.0,0.0,0.0,0.0,0.09613335381420439,0.0,0.0,0.0,821.6367147366263,140.76617341568178,0.0,-435.18966758563386,733.8021975284103,0.0,-133.19981298561814,0.0,0.0,0.0,-17.84294889396401,0.0,0.0,0.0,641.9855790566086,0.0,-641.9855790566086,-420.4923040520086,-1000.0,0.0,0.0,0.0,0.0,0.0,0.0,0.0,0.0,0.0,0.0,0.0,0.0,0.0,0.0,0.0,0.0,0.0,-407.03612456972576,0.0,-1000.0,0.0,0.0,146.42778512629485,122.20005778060003,0.0,0.0,-248.60081588082255,0.0,0.0,0.0,0.0,0.0,0.0,0.0,-65.90669658101024,0.0,-581.1041555188991,-23.137337165858064,0.0,-137.7206426742291,0.0,0.0,0.0,75.7721389091821,-2.40333384535511,-4.80666769071022,0.0,0.0,0.0,0.0,144.31120092599855,28.84000614426132,0.0,0.0,0.0,0.0,0.0,375.5469684606001,0.0,0.0,0.0,0.0,250.84663650880893,0.0,0.0,0.0,0.0,0.0,0.0,0.0,0.0,-16.932288051808573,0.0,0.0,90.34711981030601,0.0,0.0,0.0,0.0,-90.38666461857956,0.1922667076283022,0.0,0.0,0.0,0.0,0.0,0.0,0.0,0.0,0.0,0.0,0.0,0.0,0.0,0.0,0.0,0.0,0.0,0.0,0.0,0.10574668919548458,0.10574668919548458,0.0,260.77332923715915,0.0,57.68001228852264,0.0,0.0,0.0,1000.0,0.0,0.0,91.67526851801645,0.0,0.0,725.6140812289902,-1000.0,0.0,0.0,0.0,0.0,0.0,90.34711981030601,0.0,0.0,0.0,0.0,0.0,0.0,0.0,205.74647013654638,-821.6367147366263,116.50503589909724,0.0,99.07753676171019,0.0,0.0,0.0,0.0,0.0,725.6140812289902,0.0,-364.77258338958933,1000.0,0.0,0.0,0.0,0.0,0.0,0.0,0.0,0.0,0.0,0.0,0.0,0.0,0.0,0.0,0.0,0.0,57.68001228852264,0.0,0.0,0.0,0.0,0.0,0.0,0.0,0.0,0.0,0.0,0.0,0.0,0.961333538142044,0.0,0.0,91.67526851801645,-91.67526851801645,0.0,-625.0000000000019,0.0,0.0,28.84000614426132,0.0,0.0,0.0,0.0,0.0,0.0,0.0,0.0,0.0,0.0,0.0,247.67563822438916,0.0,28.84000614426132,28.84000614426132,1000.0,-1000.0,0.0,90.34711981030601,0.0,0.0,0.0,0.0,0.0,-707.8452984636685,0.0,-382.1955433764463,0.09613335381420439,0.0,0.0,0.0,37.8503608117234,2.7696416223142037,0.0,0.0,0.0,0.0,0.0,0.0,0.0,0.0,0.0,0.0,0.0,0.0,0.0,0.0,0.0,0.0,0.09613335381420439,0.0,0.0,0.0,0.0,0.0,0.0,0.0,0.0,0.0,0.0,-102.1730307545277,0.0,0.0,-592.9638754302742,-7.21000153606533,-4.80666769071022,0.0,0.0,0.0,0.0,0.0,0.0,0.0,0.0,0.0,0.0,0.0,0.0,0.0,0.0,0.0,0.0,149.11786861670876,0.0,0.0,0.0,375.4508351067859,0.0,0.0,0.09613335381420439,0.0,0.09613335381420439,0.0,72.48395479543234,0.0,57.68001228852264,117.28269165332937,117.28269165332937,0.0,0.0,0.0,0.0,0.0,0.0,0.0,116.50503589909724,0.0,0.0,0.0,0.0,78.57318667825479,571.6894741417567,0.0,0.0,0.0,0.0,0.0,0.0,0.0,0.0,0.0,0.0,0.0,0.0,0.0,0.0,0.0,-583.0115529898051,583.0115529898051,0.14420003072130658,0.0,0.0,0.0,-28.84000614426132,0.0,0.0,0.0,0.0,0.0,-260.77332923715915,4.80666769071022,0.0,0.0,0.0,0.0,0.0,-43.753438321848364,0.0,0.0,0.0,0.0,0.0,0.0,0.0,0.0,0.0,0.0,0.0,338.02275803469513,260.77332923715915,0.0,422.2783651362564,-15.073307271649806,0.0,-292.3542542026709,0.0,292.3542542026709,0.0,-541.1769886205195,0.0,4.80666769071022,1000.0,0.0,134.31392610979907,0.0,-200.28282508784147,0.0,0.0,0.0,0.0,0.0,0.0,0.0,0.0,0.0,594.9954936408813,0.0,117.28269165332937,0.0,0.0,0.0,0.0,0.0,0.0,0.0,0.0,0.0,149.52327911911235,0.0,0.0,282.4033338453551,-37.8503608117234,0.0,0.0,28.84000614426132,91.67526851801645,0.0,0.0,0.0,-5.347922049451682,0.0,0.0,0.10574668919548458,0.0,0.0,0.0,58.64134582666468,0.0,0.0,0.0,0.0,54.958377424778995,0.0,367.4914416363877,0.0,0.0,0.0,0.0,0.0,0.0,0.0,0.0,0.009613335381420713,0.009613335381420713,0.0,0.0,0.0,0.0,0.0,0.0,0.0,0.0,0.0,0.0,0.0,0.0,0.0,0.0,0.0,260.77332923715915,0.0,0.0,0.0,0.0,0.0,0.0,0.0,537.8436281272562,0.0,0.0,0.0,183.3505370360329,0.0,0.0,158.9814452440732,0.0,0.0,0.0,57.680012288522676,0.0,0.0,0.0,0.0,0.0,-807.6800122885227,750.0,0.0,183.3505370360329,0.0,0.0,0.0,0.0,0.0,0.0,0.0,0.0,0.0,0.0,382.1955433764463,-1000.0,716.1140081827415,0.0,-28.84000614426132,0.0,592.5793420150175,0.0,0.0,0.0,0.0,0.0,0.0,0.0,0.0,0.0,625.0,0.0,-625.0,-625.0,0.0,0.0,0.0,0.0,-12.01666922677555,0.0,-7.21000153606533,643.0526592839461,0.0,0.0,0.0,0.0,0.0,-1.201666922677555,0.0,16.932288051808573,0.0,0.0,0.0,0.0,0.0,0.0,0.0,1000.0,28.84000614426132,28.84000614426132,0.0,0.0,0.0,0.0,805.959008577165,0.10574668919548458,260.77332923715915,0.0,0.0,-592.5793420150175,0.0,0.0,0.0,0.0,0.0,0.0,0.0,0.0,0.0,0.0,0.0,0.0,0.0,0.0,327.7477538926187,0.0,0.0,22.27686655904816,0.0,100.94002150491463,0.0,0.0,99.07753676171019,0.0,0.0,0.0,260.77332923715915,0.0,185.37455575743297,0.0,0.0,0.0,-12.01666922677555,0.0,0.0,0.0,0.0,0.0,0.0,0.0,0.0,0.0,0.0,0.0,0.0,0.0,0.0,0.0,0.0,0.0,0.0,-0.09613335381420439,0.0,0.0,4.80666769071022,-725.6140812289902,0.0,0.0,0.0,0.0,0.0,0.0,0.0,0.0,-641.9855790566086,2.40333384535511,0.0,0.0,0.0,0.09613335381420439,0.0,96.13335381420438,-7.524473123355193,19.22667076284088,0.6866668129586028,312.7657902597266,-0.07210001536065329,65.90669658101024,1.922667076284088,-0.4806667690709874,-312.7657902597266,28.84000614426132,-0.0961333538142044,5.947649631321337,90.34711981030601,0.0240333384535511,0.6866668129586028,-17.84294889396401,-106.97969844523794,-1.922667076284088,-299.74761865975495,-0.0961333538142044,0.0240333384535511,-312.7657902597266,246.05130681959682,0.0961333538142044,0.09613335381420439,-260.57144919414947,-91.56952182882083,-51.931125208337306,-0.07210001536065329,28.84000614426132,0.0961333538142044,28.84000614426132,-48.0666769071022,-0.0480666769071022,-203.04366813104087,-9.709468735234644,-0.07210001536065329,-0.0961333538142044,-7.524473123355193,0.09613335381420439,9.61333538142044,-1.922667076284088,0.0,0.0,-9.613335381420427,299.74761865975495,0.0,19.22667076284088,0.14420003072130658,-1000.0,9.61333538142044,-205.74647013654638,90.34711981030601,-19.22667076284088,0.0480666769071022,0.961333538142044,108.79741689640846,280.0,-0.09613335381420439,-282.4033338453551,260.57144919414947,29.801339682403363,0.0961333538142044,106.97969844523794,-261.4508762049157,90.34711981030601,-0.09613335381420439,-0.0240333384535511,-90.34711981030601,-0.0961333538142044,-457.8781062549673,0.0961333538142044,-0.0240333384535511,-0.0240333384535511,-0.0240333384535511,38.45334152568176,48.0666769071022,0.961333538142044,71.22279850710049,-0.0240333384535511,211.6471841614956,4.80666769071022,50.0,0.09613335381420439,0.0480666769071022,0.0480666769071022,54.78689528657345,7.524473123355193,0.09613335381420439,-7.524473123355193,0.961333538142044,0.0961333538142044,-71.22279850710049,0.0961333538142044,0.384533415256783,0.4806667690709874,0.0480666769071022,0.0240333384535511,28.84000614426132,-0.0961333538142044,51.931125208337306,0.961333538142044,-142.44559701420098,63.50336273565513,-9.61333538142044,19.22667076284088,4.80666769071022,-0.0961333538142044,17.84294889396401,0.14420003072130658,-0.0961333538142044,-109.5737905731469,7.524473123355193,177.99250838541386,0.0480666769071022,-100.0,-0.0961333538142044,-0.0961333538142044,-0.0961333538142044,0.0480666769071022,312.7657902597266,-19.22667076284088,0.09613335381420439,217.59483379281693,-0.0240333384535511,91.56952182882083,-217.59483379281693,14.420003072130656,9.709468735234644,254.47268416521607,312.7657902597266,-0.07210001536065329,282.4033338453551,-280.0,0.0961333538142044,-0.0240333384535511,4.80666769071022,96.13335381420438,-0.0480666769071022,-0.0961333538142044,0.0240333384535511,0.0,0.0,956.0876987834882,0.0,-255.0,0.0,684.5810471349946,-17.197854390943583,236.4379714381764,-80.0,-255.0,-325.0,-43.864234539604716,40.0,127.5,127.5,-236.4379714381764,8.598927195471791,-260.77332923715915,-172.64458633596217,43.864234539604716,325.0,-172.64458633596217,-684.5810471349946,468.20929397924493,0.0,1496.5981,hplb
27,0.0,0.0,0.0,0.0,0.0,0.0,0.0,0.0,-0.1345500839566949,0.0,0.0,0.0,0.0,0.0,0.0,0.0,-904.9778924248053,171.5613401413933,0.0,1000.0,0.0,0.0,0.0,0.0,0.0,0.0,0.0,0.0,0.0,-734.0485952714996,0.0,0.0,115.56319218089759,0.0,0.0,0.0,0.0,-0.5382003358273408,0.0,-1000.0,42.40806460976779,0.0,0.0,1000.0,0.0,0.0,0.0,0.0,944.0824668617302,-168.28499730877758,0.0,0.0,0.0,0.14800509235225845,0.0,0.0,0.0,26.91001679133898,0.0,0.0,-23.831342359852204,0.0,-903.8628242555885,-982.8940450473091,0.0,0.0,0.0,0.0,0.0,669.44108848182,0.0,1.3455008395669492,0.0,0.0,0.0,0.0,0.0,0.0,0.0,0.0,0.0,0.0,0.0,0.0,80.73005037401694,0.0,30.381924443355388,-920.3464528036435,784.5280981614202,0.0,-0.033637520989173726,0.0,0.0,-128.10685853276755,40.36502518700847,0.0,128.76660971852908,-4.33251270340503,0.0,0.0,0.0,6.727504197834745,-1000.0,0.0,0.0,-21.463250963659544,0.0,0.0,0.0,0.0,0.0,0.0,0.0,0.0,0.0,0.0,0.0,0.0,0.0,0.0,0.0,0.0,0.0,0.0,-640.2672657271494,0.0,0.0,128.76660971852908,0.0,41.71052602657542,0.0,0.0,0.0,0.0,0.0,0.0,-1000.0,0.0,0.0,944.8001215681315,0.0,0.0,0.0,0.0,0.0,40.74228090802089,0.1345500839566949,0.0,0.0,0.0,0.0,-216.69364368263493,0.0,0.0,25.86780808447962,0.0,636.7300459905972,0.0,0.0,0.0,0.0,0.0,159.10029870304737,159.10029870304737,0.0,0.0,0.0,0.0,1000.0,0.0,0.0,159.23484878700407,0.0,0.0,0.0,-124.91783172833857,-638.5676877664893,0.0,0.0,0.0,0.0,0.0,0.0,0.0,0.0,0.0,-62.961259226152706,0.0,0.0,0.0,0.0,-1000.0,0.0,0.0,0.0,0.0,0.0,168.28499730877758,0.0,-784.5280981614202,784.5280981614202,55.19987843186851,0.0,0.0,0.0,0.0,0.0,0.0,265.9514047285004,-502.0351336032909,0.0,0.0,0.0,0.0,0.0,0.0,0.0,0.0,0.0,0.0,0.0,0.0,0.0,52.6733312615235,258.9152617968335,694.9440208345748,0.0,0.0,0.0,0.0,156.4104415203738,0.0,0.0,0.0,0.0,-23.831342359852204,-305.05597916542524,0.0,0.0,0.0,0.0,0.0,0.0,0.0,0.0,0.0,0.0,88.40158453152061,0.0,-905.1797175507404,663.8764787721,-760.7920841033335,0.0,-694.9440208345748,0.0,0.0,55.19987843186851,986.2758914364172,0.0,0.0,0.0,-95.98453137026414,0.0,0.0,-906.6627138708842,0.0,0.0,-906.6627138708843,0.0,0.0,0.0,0.0,363.29722792188625,168.28499730877758,0.0,163.7844142869365,0.0,0.0,0.0,337.89447746631765,0.0,-337.89447746631765,0.0,67.81997528902451,0.0,0.0,816.2187939180594,0.0,0.0,0.0,-23.831342359852204,-0.20182512593504234,0.0,0.0,0.0,0.0,0.1345500839566949,0.0,0.0,0.0,659.6230703292287,-904.9778924248053,0.0,-868.1865032906591,817.2922941883209,638.5676877664893,171.17467432829687,0.0,0.0,0.0,-21.463250963659544,0.0,0.0,0.0,-11.584762228671323,67.75645027636138,-56.171688047690054,-1000.0,-1000.0,0.0,0.0,0.0,0.0,0.0,0.0,0.0,0.0,0.0,0.0,0.0,0.0,0.0,0.0,0.0,0.0,0.0,-1000.0,0.0,-1000.0,0.0,0.0,0.0,0.0,0.0,0.0,-40.74228090802089,0.0,0.0,0.0,0.0,0.0,-519.1868837527177,0.0,-6.727504197834745,249.32965127295438,451.43043347635637,-1000.0,-4.865979215909737,-1000.0,875.0000000000003,0.0,0.0,0.0,-252.6934033718717,-1.8615249819250081,-423.3380310113805,0.0,737.5351817747317,852.5993133749482,0.0,128.76660971852908,0.0,0.0,0.0,0.0,0.0,0.0,0.0,-52.6733312615235,52.6733312615235,52.6733312615235,249.55323417232054,0.0,0.0,0.0,0.0,0.0,265.9514047285004,0.0,0.0,-42.09871426486215,0.0,249.99999999999991,0.0,0.0,0.0,0.0,0.0,-86.5449916043305,0.26910016791316593,0.0,0.0,0.0,0.0,0.0,0.0,0.0,0.0,0.0,669.44108848182,0.0,0.0,0.0,0.0,0.0,0.0,0.0,0.0,0.0,0.14800509235225845,0.14800509235225845,0.0,305.7633144701845,0.0,80.73005037401694,0.0,0.0,0.0,1000.0,0.0,110.45404223744373,30.381924443355388,0.0,0.0,1000.0,-1000.0,0.0,0.0,0.0,0.0,0.0,0.0,0.0,0.0,0.0,0.0,0.0,0.0,0.0,213.4224219090498,-659.6230703292287,216.69364368263493,0.0,40.74228090802089,0.0,-128.10685853276755,0.0,-211.61031995224232,0.0,1000.0,0.0,0.0,913.4550083956694,0.0,0.0,52.6733312615235,0.0,0.0,0.0,0.0,0.0,0.0,0.0,0.0,0.0,0.0,0.0,0.0,0.0,80.73005037401694,55.19987843186851,55.19987843186851,0.0,0.0,0.0,0.0,0.0,0.0,0.0,0.0,0.0,0.0,1.3455008395669492,0.0,0.0,30.381924443355388,-30.381924443355388,0.0,0.0,0.0,0.0,128.76660971852908,0.0,0.0,0.0,0.0,0.0,0.0,0.0,0.0,0.0,0.0,1000.0,0.0,0.0,40.36502518700847,40.36502518700847,1000.0,-1000.0,0.0,0.0,0.0,0.0,0.0,0.0,0.0,1000.0,265.9514047285004,1000.0,0.1345500839566949,0.0,0.0,0.0,177.69260730538085,0.0,0.0,128.10685853276755,0.0,0.0,0.0,0.0,0.0,0.0,0.0,0.0,0.0,0.0,0.0,0.0,0.0,0.0,0.1345500839566949,0.0,0.0,0.0,-750.0,750.0,0.0,0.0,0.0,0.0,-473.7621327585979,433.019851850577,-25.86780808447962,0.0,0.0,-10.091256296752118,0.0,-6.727504197834745,0.0,0.0,0.0,0.0,0.0,0.0,0.0,0.0,0.0,0.0,0.0,55.19987843186851,638.5676877664893,0.0,0.0,744.2626859725664,0.0,0.0,0.0,-0.1345500839566949,0.0,0.0,0.1345500839566949,0.0,0.1345500839566949,0.0,0.0,0.0,80.73005037401694,164.15110242716779,164.15110242716779,0.0,0.0,0.0,0.0,0.0,0.0,0.0,216.69364368263493,0.0,265.9514047285004,0.0,0.0,0.0,0.0,0.0,0.0,0.0,0.0,0.0,0.0,0.0,0.0,0.0,0.0,0.0,0.0,0.0,211.61031995224232,0.0,0.0,0.0,0.20182512593504234,0.0,0.0,0.0,-128.76660971852908,0.0,0.0,0.0,0.0,0.0,-305.7633144701845,6.727504197834745,0.0,0.0,0.0,0.0,-1000.0,0.0,-6.727504197834745,0.0,249.99999999999991,0.0,0.0,0.0,0.0,0.0,55.19987843186851,0.0,0.0,843.5895584796261,253.089983208661,0.0,514.783626891296,-21.463250963659544,0.0,433.019851850577,0.0,-433.019851850577,25.86780808447962,822.1247890092493,0.0,6.727504197834745,446.67571925055336,0.0,0.0,0.0,-102.86256315157293,0.0,0.0,0.0,0.0,0.0,0.0,0.0,0.0,0.0,378.8158299930894,-336.03708336044093,164.15110242716779,0.0,-375.00000000000006,-375.00000000000006,375.00000000000006,0.0,0.0,0.0,0.0,0.0,0.0,0.0,0.0,0.0,-847.1336957872008,-473.8286382694503,0.0,40.36502518700847,30.381924443355388,0.0,0.0,0.0,270.83886939177336,0.0,0.0,0.14800509235225845,0.0,0.0,0.0,82.07555121358389,0.0,0.0,0.0,0.0,258.9152617968335,0.0,0.0,0.0,0.0,0.0,0.0,0.0,0.0,0.0,0.0,0.01345500839566949,0.01345500839566949,0.0,0.0,0.0,0.0,0.0,0.0,0.0,0.0,0.0,0.0,0.0,0.0,0.0,0.0,0.0,305.7633144701845,0.0,0.0,0.0,0.0,0.0,0.0,0.0,168.28499730877758,0.0,0.0,0.0,60.763848886710775,0.0,497.4239099340061,171.5613401413933,0.0,0.0,0.0,80.73005037401694,0.0,0.0,0.0,0.0,0.0,-80.73005037401694,0.0,0.0,60.763848886710775,0.0,0.0,0.0,0.0,0.0,0.0,0.0,0.0,0.0,0.0,-1000.0,-1000.0,92.16680751033604,-128.76660971852908,0.0,0.0,-0.5382003358273408,0.0,0.0,0.0,0.0,0.0,0.0,0.0,0.0,0.0,0.0,0.0,0.0,0.0,0.0,0.0,0.0,0.0,-16.81876049458686,55.19987843186851,-10.091256296752118,325.9458270636888,0.0,0.0,0.0,0.0,0.0,0.0,-1.6818760494586866,67.96652234934177,0.0,0.0,0.0,0.0,0.0,0.0,0.0,1000.0,40.36502518700847,40.36502518700847,0.0,0.0,0.0,0.0,0.0,0.14800509235225845,305.7633144701845,0.0,0.0,0.5382003358273408,0.0,0.0,0.0,0.0,0.0,0.0,0.0,0.0,0.0,0.0,0.0,0.0,0.0,0.0,0.0,0.0,0.0,0.0,0.0,141.27758815452967,40.74228090802089,0.0,0.0,0.0,0.0,0.0,305.7633144701845,0.0,-4.33251270340503,0.0,0.0,0.0,-16.81876049458686,0.0,0.0,0.0,0.0,0.0,0.0,0.0,0.0,0.0,0.0,0.0,0.0,0.0,0.0,0.0,0.0,0.0,0.0,-0.1345500839566949,0.0,0.0,6.727504197834745,-1000.0,0.0,0.0,0.0,0.0,55.19987843186851,0.0,0.0,0.0,11.584762228671323,3.3637520989173724,0.0,0.0,0.0,0.1345500839566949,0.0,134.5500839566949,-41.71052602657542,26.91001679133898,0.9610720282621064,375.3947342391788,-0.10091256296752117,6.727504197834745,2.691001679133898,-0.6727504197840357,-375.3947342391788,40.36502518700847,-0.1345500839566949,7.154416987886514,0.0,0.033637520989173726,0.9610720282621064,-21.463250963659544,-51.80229780926061,-2.6910016791338762,-266.5834477165879,-0.1345500839566949,0.033637520989173726,-375.3947342391788,13.45500839566949,0.1345500839566949,0.1345500839566949,-305.48075929387556,-30.23391935100302,-159.18168185790904,-0.10091256296752117,40.36502518700847,0.1345500839566949,128.76660971852908,21.126542553173167,-0.06727504197834745,-434.6218622053691,-170.0,-0.10091256296752117,-0.1345500839566949,-41.71052602657542,0.1345500839566949,13.45500839566949,-2.691001679133898,211.61031995224232,211.61031995224232,-13.45500839566949,266.5834477165879,-211.61031995224232,26.91001679133898,0.20182512593504234,-183.9089737678725,13.45500839566949,-213.4224219090498,0.0,-26.91001679133898,0.06727504197834745,1.3455008395669492,217.04662582266477,280.0,-0.1345500839566949,-336.03708336044093,305.48075929387556,41.71052602657542,0.1345500839566949,51.80229780926061,-249.86168527955454,0.0,-0.1345500839566949,-0.033637520989173726,0.0,-0.1345500839566949,-86.5449916043305,0.1345500839568086,-0.033637520989173726,-0.033637520989173726,-0.033637520989173726,53.82003358267796,-21.126542553173167,1.3455008395669492,99.6847934514156,-0.033637520989173726,426.938834657443,6.727504197834745,50.0,0.1345500839566949,0.06727504197834745,0.06727504197834745,13.45500839566949,41.71052602657542,0.1345500839566949,-41.71052602657542,1.3455008395669492,0.1345500839566949,-99.6847934514156,0.1345500839566949,0.5382003358273408,0.6727504197840357,0.06727504197834745,0.033637520989173726,40.36502518700847,-0.1345500839566949,159.18168185790904,1.3455008395669381,-199.3695869028312,3.363752098917373,-13.45500839566949,26.91001679133898,6.727504197834745,-0.1345500839566949,21.463250963659544,0.20182512593504234,-0.1345500839566949,-26.910016791338975,41.71052602657542,-136.87375194708974,0.06727504197834745,-100.0,-0.1345500839566949,-0.1345500839568086,-0.1345500839566949,0.06727504197834745,375.3947342391788,-26.91001679133898,0.1345500839566949,434.09325164532953,-0.033637520989173726,30.23391935100302,-434.09325164532953,20.18251259350423,170.0,-347.3503297835676,375.3947342391788,-0.10091256296752117,336.03708336044093,-280.0,0.1345500839566949,-0.03363752098917373,6.727504197834745,134.5500839566949,-0.06727504197834745,-0.1345500839566949,0.033637520989173726,168.14556175157327,0.0,183.84169872589416,0.0,-255.0,0.0,576.8106623830449,-140.0,0.0,-80.0,-255.0,-325.0,0.0,40.0,127.5,127.5,0.0,70.0,-305.7633144701845,-133.9651174446836,0.0,325.0,-133.9651174446836,-576.8106623830449,406.608669633465,0.0,1496.5981,hplb
28,0.0,0.0,0.0,0.0,0.0,0.0,0.0,0.0,-0.15175634352505596,0.0,0.0,0.0,0.0,0.0,0.0,0.0,1000.0,-121.54790391539817,0.0,-837.3603730336384,0.0,0.0,0.0,984.5208529604445,0.0,0.0,0.0,0.0,0.0,-848.6870398379888,0.0,0.0,62.82266798956638,0.0,0.0,0.0,0.0,-21.691040034511293,0.0,-479.06474100912516,1000.0,0.0,0.0,0.0,0.0,0.0,401.5502068449987,0.0,-151.31296016201122,-107.54465042176106,0.0,0.0,0.0,0.16693197787705083,0.0,0.0,0.0,30.351268705011194,0.0,0.0,-22.75005616202988,0.0,0.0,-22.75005616202988,0.0,0.0,0.0,0.0,0.0,92.36626593439094,0.0,1.5175634352505596,0.0,0.0,0.0,0.0,0.0,0.0,0.0,0.0,0.0,0.0,0.0,0.0,91.05380611503358,0.0,9.385380842261675,0.0,-512.6223501659783,0.0,-0.03793908588126399,0.0,0.0,26.379940206527394,45.52690305751679,0.0,45.52690305751679,-4.886554261500062,0.0,0.0,0.0,7.587817176252798,-1000.0,0.0,0.0,-73.8235168185304,0.0,0.0,0.0,0.0,0.0,0.0,0.0,0.0,0.0,0.0,0.0,0.0,0.0,0.0,0.0,0.0,0.0,0.0,-1000.0,0.0,0.0,45.52690305751679,0.0,47.044466492767356,0.0,0.0,0.0,0.0,0.0,0.0,0.0,-125.00000000000017,125.00000000000017,0.0,0.0,0.0,0.0,0.0,0.0,21.07061929369099,0.15175634352505085,0.0,0.0,0.0,0.0,0.0,0.0,0.0,0.0,0.0,686.3201167088869,0.0,0.0,0.0,0.0,0.0,626.7576920253114,626.7576920253114,0.0,0.0,0.0,0.0,-1000.0,0.0,0.0,626.9094483688364,0.0,0.0,0.0,-567.9160154296677,-399.4984997079343,0.0,0.0,0.0,0.0,0.0,0.0,0.0,0.0,0.0,0.0,0.0,0.0,0.0,0.0,-444.24389472612427,0.0,0.0,0.0,0.0,0.0,107.54465042176106,0.0,812.6223501659783,-812.6223501659783,0.0,0.0,0.0,0.0,0.0,0.0,0.0,151.31296016201122,945.5308477210884,0.0,0.0,0.0,0.0,0.0,0.0,0.0,0.0,0.0,0.0,0.0,0.0,0.0,0.0,-39.29746258997761,0.0,0.0,0.0,0.0,0.0,154.67260930396935,0.0,0.0,0.0,0.0,-22.75005616202988,0.0,0.0,0.0,0.0,0.0,0.0,0.0,0.0,0.0,0.0,0.0,0.0,0.0,999.7723654847125,-325.47233484724427,661.3093900039671,0.0,0.0,0.0,0.0,0.0,0.0,0.0,0.0,0.0,-41.87135544618697,0.0,0.0,-999.9999999999999,0.0,0.0,-1000.0,0.0,0.0,300.0,0.0,5.027033378952979,107.54465042176106,0.0,268.72758913093685,0.0,0.0,0.0,-536.6853273194631,0.0,536.6853273194631,0.0,1000.0,0.0,0.0,0.0,0.0,0.0,0.0,-22.75005616202988,-0.22763451528758394,0.0,0.0,0.0,0.0,0.15175634352505085,0.0,0.0,0.0,244.04438236463807,1000.0,0.0,-825.3061790192182,205.40616260562703,399.4984997079343,944.4307422487732,0.0,-278.80722033231194,0.0,-73.8235168185304,0.0,0.0,0.0,-13.066221177506806,339.2884048690852,-47.41496335926615,-1000.0,145.06488082686624,0.0,0.0,0.0,0.0,0.0,0.0,0.0,0.0,0.0,0.0,0.0,0.0,0.0,0.0,0.0,0.0,0.0,443.7898741212242,0.0,133.777292304984,0.0,331.09659647665995,0.0,0.0,0.0,0.0,-21.07061929369099,0.0,0.0,0.0,843.0750468027783,0.0,0.0,0.0,532.805032562614,746.0253775672153,-339.2884048690852,0.0,0.0,-1000.0,0.0,0.0,-540.3928497388667,1000.0,-749.8192861553417,-7.587817176252798,0.0,0.0,145.03760280511582,235.98379653335996,0.0,45.52690305751679,0.0,0.0,0.0,437.21179175434463,0.0,0.0,0.0,0.0,0.0,0.0,-138.73954364082553,0.0,0.0,0.0,0.0,0.0,151.31296016201122,0.0,0.0,-26.729350639536406,0.0,0.0,101.09616080874366,0.0,0.0,0.0,0.0,-84.8243656474944,0.303512687049988,0.0,0.0,0.0,0.0,0.0,0.0,0.0,0.0,0.0,92.36626593439094,0.0,0.0,0.0,0.0,0.0,0.0,0.0,0.0,0.0,0.16693197787705083,0.16693197787705083,0.0,215.58048682245462,0.0,91.05380611503358,0.0,0.0,0.0,1000.0,0.0,0.0,9.385380842261675,0.0,0.0,555.0803726388998,-1000.0,0.0,0.0,0.0,0.0,0.0,101.09616080874366,0.0,0.0,0.0,0.0,0.0,0.0,0.0,333.3333333333333,-244.04438236463807,0.0,0.0,21.07061929369099,0.0,-528.7277367760721,555.1076769825995,400.43506767863016,0.0,555.0803726388998,0.0,886.3163508458294,-416.0603438544241,0.0,0.0,0.0,0.0,0.0,0.0,0.0,0.0,0.0,0.0,0.0,0.0,0.0,0.0,0.0,0.0,91.05380611503358,0.0,0.0,0.0,0.0,0.0,0.0,0.0,0.0,0.0,0.0,0.0,0.0,1.5175634352505596,0.0,0.0,9.385380842261675,-9.385380842261675,0.0,0.0,0.0,0.0,45.52690305751679,0.0,0.0,0.0,0.0,0.0,0.0,0.0,0.0,0.0,0.0,1000.0,-806.7074651299541,0.0,45.52690305751679,45.52690305751679,-669.8516593667316,-1000.0,0.0,101.09616080874366,0.0,0.0,0.0,0.0,0.0,1000.0,151.31296016201122,1000.0,0.15175634352505085,0.0,0.0,200.41593110248286,0.0,0.0,0.0,-26.379940206527394,0.0,0.0,0.0,0.0,0.0,0.0,0.0,0.0,0.0,0.0,0.0,0.0,0.0,0.0,0.15175634352505085,0.0,0.0,0.0,-651.7776089907259,651.7776089907259,0.0,0.0,0.0,331.09659647665995,0.0,-21.07061929369099,0.0,0.0,-310.0125818162402,-11.381725764379198,-6.82713610672972,-0.7606810695230787,0.0,0.0,0.0,0.0,0.0,0.0,0.0,0.0,0.0,0.0,0.0,0.0,399.4984997079343,0.0,0.0,152.62541998136862,0.0,0.0,0.0,-0.15175634352505085,0.0,0.0,0.15175634352505085,0.0,0.15175634352505085,0.0,0.0,0.0,91.05380611503358,185.1427391005683,185.1427391005683,0.0,0.0,0.0,0.0,0.0,0.0,0.0,0.0,0.0,151.31296016201122,0.0,0.0,0.0,0.0,0.0,0.0,0.0,0.0,0.0,0.0,0.0,0.0,0.0,0.0,0.0,0.0,0.0,154.67260930396935,0.0,-564.2718300395388,564.2718300395388,0.22763451528758394,0.0,0.0,0.0,-45.52690305751679,0.0,0.0,0.0,0.0,0.0,-215.58048682245462,7.587817176252798,0.0,0.0,0.0,0.0,1000.0,166.05648304996566,-0.7606810695230787,0.0,0.0,0.0,0.0,0.0,0.0,0.0,0.0,0.0,0.0,139.71608637482032,215.58048682245462,0.0,294.6487312949888,-73.8235168185304,0.0,144.98586375627468,0.0,-144.98586375627468,0.0,-185.1427391005683,0.0,7.587817176252798,400.79841441325874,0.0,0.0,0.0,-45.50011232405976,0.0,0.0,0.0,0.0,0.0,0.0,0.0,0.0,0.0,-11.381725764379468,-11.381725764379183,185.1427391005683,0.0,0.0,0.0,0.0,0.0,0.0,0.0,0.0,0.0,0.0,0.0,0.0,238.34393835121327,-292.7821970368738,50.266921269805806,0.0,45.52690305751679,9.385380842261675,0.0,0.0,0.0,304.8284024322699,0.0,0.0,0.16693197787705083,0.0,0.0,0.0,92.57136955028415,0.0,0.0,0.0,0.0,-39.29746258997761,0.0,0.0,0.0,0.0,0.0,0.0,0.0,0.0,0.0,0.0,0.015175634352505796,0.015175634352505796,0.0,0.0,0.0,0.0,0.0,0.0,0.0,0.0,0.0,200.41593110248286,0.0,0.0,0.0,0.0,0.0,215.58048682245462,0.0,0.0,0.0,0.0,0.0,0.0,0.0,107.54465042176106,0.0,0.0,0.0,18.77076168452335,16.353700183303275,1000.0,-121.54790391539817,0.0,0.0,0.0,91.05380611503358,0.0,0.0,0.0,0.0,0.0,-91.05380611503358,0.0,0.0,18.77076168452335,0.0,0.0,0.0,0.0,0.0,0.0,0.0,0.0,0.0,0.0,145.06488082686624,-1000.0,103.95309531466353,0.0,-45.52690305751679,0.0,309.4055564421487,0.0,0.0,0.0,0.0,0.0,0.0,0.0,0.0,0.0,312.5,0.0,-312.5,-312.5,0.0,0.0,0.0,0.0,-18.969542940631996,0.0,-11.381725764379198,0.0,0.0,0.0,0.0,0.0,0.0,0.0,-1.8969542940631996,26.729350639536406,0.0,0.0,0.0,0.0,0.0,0.0,0.0,1000.0,45.52690305751679,45.52690305751679,0.0,0.0,0.0,0.0,0.0,0.16693197787705083,215.58048682245462,0.0,0.0,-309.4055564421487,0.0,0.0,0.0,0.0,0.0,0.0,0.0,0.0,0.0,0.0,0.0,0.0,0.0,0.0,282.1359150197694,0.0,0.0,0.0,0.0,159.34416070130877,21.07061929369099,0.0,0.0,0.0,0.0,0.0,215.58048682245462,0.0,-177.77017341819544,0.0,0.0,0.0,-18.969542940631996,0.0,0.0,0.0,0.0,0.0,0.0,0.0,0.0,0.0,0.0,0.0,0.0,0.0,0.0,0.0,0.0,0.0,0.0,-0.15175634352505085,0.0,0.0,7.587817176252798,-555.0803726388998,0.0,0.0,0.0,0.0,0.0,0.0,0.0,0.0,13.066221177506806,3.793908588126399,0.0,0.0,0.0,0.15175634352505085,0.0,151.75634352505597,-47.044466492767356,30.35126870501119,1.0839738823218241,423.4001984349062,-0.11381725764379197,7.5878171762528694,3.0351268705011196,-0.7587817176165572,-423.4001984349062,45.52690305751679,-0.15175634352505596,24.60783893951013,101.09616080874366,0.03793908588126399,1.0839738823218243,-73.8235168185304,-33.544990731443846,-3.0351268705011196,-41.091723050963424,-0.15175634352505596,0.03793908588126399,-423.4001984349062,15.175634352505597,0.15175634352505596,0.15175634352505085,-215.2617985010525,-9.218448864384113,0.0,-0.11381725764379197,45.52690305751679,0.15175634352505596,45.52690305751679,-75.87817176252798,-0.07587817176252798,-538.673083071826,-170.0,-0.11381725764379197,-0.15175634352505596,-47.044466492767356,0.15175634352505085,15.175634352505597,-3.0351268705011196,154.67260930396935,154.67260930396935,-15.175634352505597,41.091723050963424,-154.67260930396935,30.351268705011194,0.22763451528758394,-687.1134675165591,15.175634352505597,-333.3333333333333,101.09616080874366,-30.351268705011194,0.07587817176252798,1.5175634352505596,206.32654475480456,245.9317555274658,-0.15175634352505085,-249.72566411559245,215.2617985010525,47.044466492767356,0.15175634352505596,33.544990731443846,-81.0114514213231,101.09616080874366,-0.15175634352505085,-0.03793908588126399,-101.09616080874366,-0.15175634352505596,-84.8243656474944,0.15175634352522138,-0.03793908588126399,-0.03793908588126399,-0.03793908588126399,60.70253741002239,75.87817176252798,1.5175634352505596,112.43248100912052,-0.03793908588126399,388.045250570099,7.587817176252798,50.0,0.15175634352505085,0.07587817176252798,0.07587817176252798,65.72371475687743,47.044466492767356,0.15175634352505085,-47.044466492767356,1.5175634352505596,0.15175634352505596,-112.43248100912052,0.15175634352505596,0.6070253740915632,0.7587817176165572,0.07587817176252798,0.03793908588126399,45.52690305751679,-0.15175634352505596,0.0,1.5175634352505598,-224.86496201824104,3.793908588126328,-15.175634352505597,30.351268705011194,7.587817176252798,-0.15175634352505596,73.8235168185304,0.22763451528758394,-0.15175634352505596,-131.44742951375486,47.044466492767356,7.052871406634381,0.07587817176252798,-100.0,-0.15175634352505596,-0.15175634352522138,-0.15175634352505596,0.07587817176252798,423.4001984349062,-30.351268705011194,0.15175634352505085,412.6530895096091,-0.03793908588126399,9.218448864384113,-412.6530895096091,22.76345152875839,170.0,85.17363041025129,423.4001984349062,-0.11381725764379197,249.72566411559245,-245.9317555274658,0.15175634352505596,-0.03793908588126399,850.662863979031,151.75634352505597,-0.07587817176252798,-0.15175634352505596,0.03793908588126399,0.0,0.0,387.0375893447966,0.0,-255.0,0.0,422.8388199060795,-140.0,0.0,-80.0,-255.0,-325.0,-300.0,40.0,127.5,127.5,0.0,70.0,-215.58048682245462,-311.8812738389043,300.0,325.0,-311.8812738389043,-422.8388199060795,244.3373184874485,0.0,1496.5981,hplb
29,0.0,0.0,0.0,0.0,0.0,0.0,0.0,0.0,-0.0183173784410756,0.0,0.0,0.0,0.0,0.0,0.0,0.0,0.0,-623.2211709737653,0.0,788.5800455669834,0.0,0.0,0.0,386.512510147905,0.0,106.0168374596084,0.0,0.0,0.0,-455.58234119804763,9.360292095132758,-9.360292095132758,124.53545731344894,0.0,0.0,0.0,0.0,845.2232899540567,0.0,-1000.0,1000.0,0.0,0.0,0.0,0.0,0.0,0.0,106.43343138190629,455.58234119804763,0.0,0.0,0.0,0.0,0.020149116285201274,0.0,0.0,0.0,0.0,0.0,0.0,22.83800758800415,0.0,709.9845911804795,471.51541041338226,0.0,0.0,0.0,0.0,273.15485908639084,-11.84767073128944,0.0,0.18317378441075602,0.0,0.0,0.0,0.0,0.0,0.0,0.0,547.8738002564037,0.0,0.0,0.0,0.0,10.99042706464536,0.0,59.53114070394179,394.4313968357832,149.9862619661692,0.027476067661613396,-0.0045793446102689,0.0,0.0,626.4585060094216,5.49521353232268,0.0,131.0179961468212,-9.950111680934072,0.0,0.0,0.0,264.1886816905819,-1000.0,0.0,0.0,-15.059728623003291,611.428504344288,836.7843003884987,0.0,0.0,0.0,0.0,0.0,0.0,0.0,0.0,0.0,0.0,0.0,0.0,0.0,0.0,0.0,0.0,-623.7992412072437,0.0,0.0,131.0179961468212,0.0,5.678387316733436,0.0,0.0,-1000.0,1000.0,0.0,0.0,-261.3071883551014,0.0,0.0,0.0,0.0,0.0,0.0,0.0,0.0,60.94157884390461,0.0183173784410756,0.0,0.0,0.0,-1000.0,388.57149565571206,0.0,0.0,0.0,0.0,181.59886565101613,0.0,0.0,0.0,0.0,0.0,180.42219155766165,180.42219155766165,0.0,0.0,0.0,0.0,0.0,0.0,0.0,189.8008010312355,0.0,0.0,0.0,0.0,0.0,0.0,0.0,0.0,0.0,0.0,0.0,0.0,0.0,0.0,-922.4634605707582,0.0,0.0,0.0,0.0,-831.3639350107751,0.0,0.0,0.0,0.0,0.0,0.0,0.0,149.9862619661692,-149.9862619661692,0.0,0.0,0.0,0.0,0.0,0.0,0.0,544.4176588019524,-1000.0,0.0,0.0,0.0,0.0,0.0,0.0,0.0,0.0,0.0,0.0,0.0,0.0,0.0,86.19263136501975,32.84973399092875,0.0,0.0,0.0,0.0,0.0,0.0,0.0,0.0,0.0,0.0,22.83800758800415,0.0,9.360292095132758,0.0,0.0,0.0,0.0,0.0,0.0,0.0,0.0,110.0969070701214,125.52278261449851,0.0,0.0,0.0,1000.0,0.0,0.0,0.0,0.0,261.3071883551014,22.347201698112233,0.0,0.0,0.0,-392.4829310110559,0.0,0.0,-932.888127268061,-375.51860420009433,-625.5186042000937,-557.3695230679667,0.0,-249.99999999999937,299.9725239323384,0.0,-534.6686014744434,0.0,0.0,51.10548585060092,0.0,0.0,0.0,269.7688076444749,0.0,-269.7688076444749,0.0,614.0191528388506,261.3071883551014,0.0,-99.86126788276604,0.0,0.0,0.0,22.83800758800415,-0.027476067661613396,0.0,0.0,0.0,0.0,0.0183173784410756,0.0,0.0,0.0,700.345938863954,0.0,0.0,-238.65719269804598,147.94683707087037,0.0,901.9589433602592,0.0,-725.2680146298326,0.0,-15.059728623003291,0.0,0.0,0.0,-1.577126283776627,726.8451409136092,0.0,-1000.0,-1000.0,0.0,0.0,0.0,0.0,0.0,0.0,0.0,0.0,0.0,0.0,0.0,0.0,0.0,0.0,0.0,0.0,0.0,-154.70344053217903,0.0,-1000.0,0.0,0.0,0.0,1000.0,0.0,0.0,-51.581286748772015,0.0,0.0,0.0,0.0,263.2728127685281,0.0,-1000.0,-1000.0,0.0,-1000.0,-119.40993016514952,-750.7258745719427,0.0,-24.6643500709083,1000.0,367.4477246936822,305.3179682558576,-0.45793446102688995,749.8100056498889,-250.5399540641004,0.0,329.8739390695839,532.3023164689505,-58.669764609432214,131.0179961468212,0.0,0.0,0.0,0.0,0.0,0.0,195.05196199531437,108.85933063029462,-108.85933063029462,-108.85933063029462,266.39625293478815,0.0,0.0,-602.8484086763226,0.0,0.0,544.4176588019524,0.0,0.0,-96.56889177120954,0.0,750.0,229.05905278656186,0.0,0.0,0.0,0.0,-98.16826215589244,0.03663475688244944,0.0,0.0,0.0,0.0,0.0,0.0,0.0,0.0,0.0,0.0,0.0,0.0,0.0,0.0,0.0,0.0,0.0,0.0,0.0,0.020149116285201274,0.020149116285201274,9.360292095132758,362.52915567680463,0.0,10.99042706464536,0.0,0.0,0.0,1000.0,0.0,0.0,59.53114070394179,0.0,0.0,329.4885191203542,-1000.0,0.0,0.0,930.2284624053709,0.0,0.0,229.05905278656186,0.0,0.0,0.0,0.0,0.0,0.0,0.0,207.93308040241456,-700.345938863954,0.0,0.0,60.94157884390461,0.0,626.4585060094216,0.0,0.0,0.0,329.4885191203542,0.0,0.0,231.3202569644618,0.0,0.0,86.19263136501975,0.0,0.0,0.0,0.0,0.0,0.0,0.0,0.0,0.0,0.0,0.0,0.0,0.0,10.99042706464536,261.3071883551014,261.3071883551014,0.0,0.0,0.0,0.0,0.0,0.0,0.0,0.0,0.0,0.0,0.18317378441075602,0.0,9.360292095132758,59.53114070394179,-59.53114070394179,9.360292095132758,0.0,0.0,0.0,131.0179961468212,-930.2284624053709,0.0,0.0,0.0,0.0,0.0,0.0,0.0,0.0,0.0,127.74494321817198,539.9388023050699,0.0,5.49521353232268,5.49521353232268,802.942704897604,-1000.0,0.0,229.05905278656186,0.0,0.0,0.0,0.0,0.0,1000.0,544.4176588019524,848.294239439617,0.0183173784410756,0.0,0.0,0.0,24.190714999789055,0.0,0.0,-626.4585060094216,0.0,-261.3071883551014,0.0,0.0,0.0,0.0,0.0,0.0,0.0,0.0,0.0,0.0,0.0,0.0,0.0183173784410756,0.0,0.0,0.0,0.0,0.0,0.0,0.0,0.0,0.0,0.0,823.4187132512279,0.0,-875.0,-845.296559467821,-1.37380338308067,0.0,-0.9158689220537807,0.0,0.0,0.0,0.0,0.0,0.0,0.0,0.0,0.0,0.0,0.0,261.3071883551014,0.0,0.0,0.0,272.1200433822056,0.0,0.0,0.0,-0.0183173784410756,0.0,0.0,0.0183173784410756,0.0,0.0183173784410756,0.0,0.0,0.0,10.99042706464536,22.347201698112233,22.347201698112233,0.0,0.0,0.0,0.0,0.0,0.0,0.0,0.0,0.0,544.4176588019524,0.0,0.0,0.0,0.0,0.0,0.0,0.0,0.0,0.0,0.0,0.0,0.0,0.0,0.0,0.0,0.0,0.0,0.0,0.0,-106.0168374596084,106.0168374596084,0.027476067661613396,0.0,0.0,0.0,-131.0179961468212,0.0,0.0,0.0,0.0,0.0,-362.52915567680463,0.9158689220537799,0.0,0.0,0.0,0.0,0.0,-9.950111680934072,-0.9158689220537807,0.0,750.0,0.0,0.0,0.0,0.0,0.0,261.3071883551014,0.0,930.2284624053709,137.2483551543224,276.3365243117849,0.0,-194.76762279726154,-15.059728623003291,0.0,-61.53139842970609,875.0,-813.4686015702939,0.0,0.0,0.0,0.9158689220537807,869.2765362469725,0.0,0.0,-9.360292095132758,-215.6311731790931,0.0,0.0,0.0,0.0,0.0,0.0,0.0,0.0,0.0,1000.0,-80.28414619540303,22.347201698112233,0.0,0.0,0.0,9.360292095132758,0.0,0.0,0.0,0.0,0.0,0.0,0.0,0.0,286.3664196306436,-24.190714999789055,-639.7806635800863,0.0,5.49521353232268,59.53114070394179,0.0,0.0,0.0,-237.19317036650978,0.0,0.0,0.020149116285201274,0.0,0.0,0.0,11.173600849056117,0.0,0.0,0.0,0.0,32.84973399092875,0.0,611.428504344288,0.0,0.0,0.0,0.0,0.0,0.0,231.14526474938592,0.0,369.23575563862386,0.0018317378441075598,0.0,0.0,0.0,0.0,0.0,0.0,0.0,0.0,0.0,0.0,9.360292095132758,0.0,0.0,0.0,0.0,362.52915567680463,0.0,0.0,0.0,0.0,0.0,0.0,0.0,0.0,0.0,0.0,0.0,119.06228140788357,0.0,709.4937852905875,-623.2211709737653,0.0,0.0,0.0,10.99042706464536,0.0,0.0,0.0,0.0,0.0,0.0,-10.99042706464536,0.0,119.06228140788357,0.0,0.0,0.0,0.0,0.0,0.0,0.0,9.360292095132758,9.360292095132758,0.0,-848.294239439617,-1000.0,12.547404232136786,0.0,-131.0179961468212,0.0,845.2232899540567,0.0,0.0,0.0,0.0,0.0,0.0,0.0,0.0,0.0,0.0,0.0,0.0,0.0,0.0,0.0,0.0,0.0,-2.2896723051344505,261.3071883551014,-264.6466161516088,78.91034281232248,0.0,0.0,0.0,0.0,0.0,-0.228967230513445,0.0,96.56889177120954,0.0,0.0,0.0,0.0,0.0,0.0,0.0,1000.0,5.49521353232268,5.49521353232268,0.0,0.0,0.0,0.0,547.8738002564037,0.020149116285201274,362.52915567680463,0.0,0.0,-845.2232899540567,369.23392390077976,0.0,0.0,0.0,0.0,0.0,0.0,0.0,0.0,0.0,0.0,0.0,0.0,0.0,0.0,0.0,0.0,0.0,0.0,19.23324736312938,0.0,0.0,60.94157884390461,0.0,0.0,0.0,362.52915567680463,0.0,0.0,0.0,0.0,0.0,-2.2896723051344505,0.0,0.0,0.0,0.0,0.0,0.0,0.0,0.0,0.0,0.0,0.0,0.0,0.0,0.0,0.0,0.0,0.0,0.0,-0.0183173784410756,0.0,0.0,0.9158689220537799,-329.4885191203542,0.0,0.0,0.0,0.0,261.3071883551014,0.0,0.0,0.0,1.577126283776627,0.45793446102688995,0.0,0.0,106.0168374596084,0.0183173784410756,0.0,18.317378441075597,-5.678387316733436,3.66347568821512,0.13083841743625427,51.10548585060092,-0.013738033830806698,632.5522753063178,0.366347568821512,-0.09158689220540604,-51.10548585060092,5.49521353232268,-0.0183173784410756,5.019909541001097,229.05905278656186,0.0045793446102689,0.13083841743625427,-15.059728623003291,-62.44726735175987,8.993944526311246,-165.35887459321805,-0.0183173784410756,0.0045793446102689,-51.10548585060092,375.23411899461246,0.0183173784410756,0.0183173784410756,-362.49068918207837,-59.51099158765661,-192.5842622233348,-0.013738033830806698,5.49521353232268,0.0183173784410756,131.0179961468212,116.36409339396072,-0.0091586892205378,41.104853818325246,-1.8500552225486353,-0.013738033830806698,-0.0183173784410756,-5.678387316733436,0.0183173784410756,1.8317378441075598,-0.366347568821512,0.0,0.0,-1.831737844107579,165.35887459321805,0.0,3.6634756882151196,0.027476067661613396,-269.18758140166005,1.8317378441075598,-207.93308040241456,229.05905278656186,-3.6634756882151196,0.0091586892205378,0.18317378441075602,59.664298174511494,280.0,-0.0183173784410756,-366.6505658260466,362.49068918207837,5.678387316733436,0.0183173784410756,62.44726735175987,-291.846965107732,229.05905278656186,-0.0183173784410756,-0.0045793446102689,-229.05905278656186,-0.0183173784410756,-709.5967665001805,0.018317378441132442,-0.0045793446102689,-0.0045793446102689,-0.0045793446102689,7.326951376430239,-116.36409339396072,0.18317378441075602,13.570887752530894,-0.0045793446102689,114.30868680802189,0.9158689220537799,50.0,0.0183173784410756,0.0091586892205378,0.0091586892205378,-14.292329940162219,5.678387316733436,0.0183173784410756,-5.678387316733436,0.18317378441075602,0.0183173784410756,-13.570887752530894,0.018317378441075595,0.07326951376435886,0.09158689220540604,0.0091586892205378,0.0045793446102689,5.49521353232268,-0.0183173784410756,192.5842622233348,-4.496972263155623,-27.141775505061787,632.094340845291,-1.8317378441075598,3.6634756882151196,0.9158689220537799,-0.018317378441075595,15.059728623003291,0.027476067661613396,-0.0183173784410756,28.584659880324438,5.678387316733436,353.05452387739285,0.0091586892205378,-100.0,-0.0183173784410756,-0.018317378441132442,-0.0183173784410756,0.0091586892205378,51.10548585060092,-3.6634756882151196,0.0183173784410756,119.32859634902299,-0.0045793446102689,59.51099158765661,-119.32859634902299,2.7476067661613395,1.8500552225486353,-354.04336218500436,51.10548585060092,-0.013738033830806698,366.6505658260466,-280.0,0.0183173784410756,-0.004579344610268899,0.9158689220537807,18.317378441075597,-0.0091586892205378,-0.0183173784410756,0.0045793446102689,1000.0,0.0,-30.821577287560483,0.0,-255.0,0.0,529.8800612883147,-140.0,373.4023811505049,-80.0,-255.0,191.1041471090464,-300.0,40.0,127.5,127.5,-373.4023811505049,70.0,-362.52915567680463,-115.86135351088308,300.0,-191.1041471090464,-115.86135351088308,-529.8800612883147,409.94764427596954,0.0,1496.5981,hplb
30,0.0,0.0,0.0,0.0,0.0,0.0,0.0,0.0,-0.06267760011703574,0.0,0.0,0.0,0.0,0.0,0.0,0.0,-95.67442042967002,180.73960390123761,0.0,0.0,0.0,0.0,0.0,412.8772891001843,0.0,0.0,0.0,0.0,0.0,803.9205311325991,0.0,0.0,128.5465763703683,0.0,0.0,0.0,0.0,999.7492895995317,0.0,-903.0747790126674,981.1967199648893,0.0,0.0,0.0,0.0,0.0,936.1631138191281,0.0,15.185053900460701,0.0,0.0,-176.16378695887934,0.0,0.06894536012889038,0.0,0.0,0.0,0.0,0.0,0.0,32.1950608328448,0.0,0.0,-80.94954361661078,0.0,0.0,0.0,0.0,0.0,0.0,0.0,0.6267760011703575,0.0,0.0,0.0,0.0,0.0,0.0,0.0,0.0,0.0,0.0,-560.1711977856598,0.0,37.60656007022145,0.0,0.0,0.0,-106.37767378794803,95.76843682984557,-0.015669400029258936,0.0,0.0,-628.2910543762496,18.803280035110724,0.0,18.803280035110724,0.0,209.58363655387447,0.0,0.0,3.133880005851787,803.9205311325991,0.0,0.0,-10.068248667045054,263.8134386555392,0.0,0.0,0.0,0.0,0.0,0.0,0.0,0.0,0.0,0.0,0.0,0.0,0.0,0.0,0.0,0.0,0.0,-219.1087845918837,0.0,0.0,18.803280035110724,0.0,19.430056036281076,0.0,0.0,-776.8464502759466,776.8464502759466,0.0,0.0,0.0,0.0,0.0,-113.14460444945557,0.0,0.0,0.0,0.0,0.0,564.9973729946717,0.06267760011703574,0.0,0.0,0.0,-1000.0,128.06911399734526,0.0,0.0,0.0,0.0,705.5270089517751,0.0,0.0,0.0,0.0,0.0,63.89956378098897,63.89956378098897,0.0,0.0,0.0,0.0,-472.3198086390347,0.0,0.0,63.962241381106004,0.0,0.0,0.0,-807.2182794366006,-175.74237113743163,0.0,0.0,0.0,0.0,0.0,0.0,0.0,0.0,0.0,-778.631147179849,0.0,0.0,0.0,0.0,-1000.0,0.0,0.0,0.0,0.0,0.0,0.0,176.16378695887934,10.609236958102429,-10.609236958102429,113.14460444945557,0.0,0.0,0.0,0.0,0.0,0.0,0.0,-87.252772690921,0.0,0.0,0.0,0.0,0.0,0.0,0.0,0.0,0.0,0.0,0.0,0.0,0.0,302.5077144698209,588.2276395425878,-899.5949515622691,0.0,0.0,0.0,0.0,-113.14460444945557,0.0,0.0,0.0,0.0,32.1950608328448,-899.5949515622691,0.0,0.0,91.52769510042914,0.0,0.0,0.0,0.0,0.0,495.22893805478566,12.535520023407148,0.0,0.0,0.0,-116.98691074605028,201.95807781744247,0.0,899.5949515622691,0.0,0.0,113.14460444945557,0.0,0.0,0.0,0.0,-44.03172561494722,0.0,0.0,-262.5053150816267,0.0,0.0,-262.50531508162663,0.0,0.0,-95.76843682984557,0.0,0.0,0.0,0.0,174.8705043265297,0.0,0.0,0.0,0.0,0.0,0.0,0.0,1000.0,0.0,0.0,1000.0,0.0,0.0,0.0,32.1950608328448,-0.09401640017555361,0.0,0.0,0.0,0.0,0.06267760011703574,0.0,0.0,0.0,485.96778191010367,-95.67442042967002,0.0,-876.4351383675348,668.9779019555218,175.74237113743163,1000.0,0.0,0.0,0.0,-10.068248667045054,0.0,0.0,0.0,379.85311268585644,0.0,-379.85311268585644,-1000.0,-1000.0,0.0,0.0,0.0,0.0,0.0,0.0,0.0,0.0,0.0,0.0,0.0,0.0,0.0,0.0,0.0,0.0,91.52769510042914,0.0,0.0,-1000.0,0.0,0.0,493.2107193310168,0.0,0.0,372.53084806808107,-1000.0,0.0,769.7548343395343,0.0,611.4276814488984,0.0,0.0,305.44792736431157,-3.133880005851787,0.0,0.0,0.0,882.728839731109,-701.2196113765639,0.0,-305.44792736431157,0.0,790.7836530209019,-1.5669400029258935,-885.8627197369608,-674.8629399902101,0.0,0.0,463.46458824127353,-267.02964897498435,18.803280035110724,0.0,0.0,0.0,571.5385563883003,0.0,0.0,0.0,-302.5077144698209,302.5077144698209,302.5077144698209,-319.0058277446624,0.0,0.0,0.0,0.0,0.0,0.0,0.0,0.0,-48.75448278376598,0.0,0.0,0.0,0.0,0.0,0.0,0.0,-38.69308783963845,0.12535520023425306,0.0,0.0,0.0,0.0,0.0,0.0,0.0,0.0,0.0,0.0,0.0,0.0,0.0,0.0,0.0,0.0,0.0,0.0,0.0,0.06894536012889038,0.06894536012889038,0.0,127.6439477158225,0.0,37.60656007022145,0.0,0.0,0.0,1000.0,0.0,0.0,0.0,0.0,0.0,321.7868981098124,-1000.0,0.0,0.0,677.5363369652122,0.0,0.0,0.0,0.0,0.0,0.0,0.0,0.0,0.0,0.0,73.0362615306279,-485.96778191010367,608.1174473471156,0.0,4.826175209011808,0.0,0.0,-628.2910543762496,-628.2910543762496,0.0,321.7868981098124,0.0,0.0,283.09381027017395,0.0,0.0,302.5077144698209,0.0,0.0,0.0,0.0,0.0,0.0,0.0,0.0,0.0,0.0,0.0,0.0,0.0,37.60656007022145,113.14460444945557,113.14460444945557,0.0,0.0,0.0,0.0,0.0,0.0,0.0,0.0,0.0,0.0,0.6267760011703575,0.0,0.0,0.0,0.0,0.0,176.16378695887934,0.0,0.0,18.803280035110674,-677.5363369652122,0.0,0.0,0.0,0.0,0.0,0.0,0.0,0.0,0.0,817.0555783914625,846.6462674350286,0.0,18.803280035110724,18.803280035110724,1000.0,-1000.0,0.0,0.0,0.0,0.0,0.0,0.0,0.0,180.4662703428755,0.0,225.28146595928567,0.06267760011703574,0.0,0.0,0.0,82.77472489741955,0.0,0.0,628.2910543762496,0.0,0.0,0.0,0.0,0.0,0.0,0.0,0.0,0.0,0.0,0.0,0.0,0.0,0.0,0.06267760011703574,0.0,0.0,0.0,0.0,0.0,0.0,0.0,0.0,0.0,-737.0344463294489,1000.0,0.0,0.0,-1000.0,-4.700820008777681,-3.133880005851787,0.0,0.0,0.0,0.0,0.0,0.0,0.0,0.0,0.0,0.0,0.0,0.0,113.14460444945557,175.74237113743163,0.0,0.0,-263.8957689691326,0.0,0.0,0.0,-0.06267760011703574,0.0,0.0,0.06267760011703574,0.0,0.06267760011703574,0.0,0.0,0.0,37.60656007022145,76.4666721427836,76.4666721427836,0.0,0.0,0.0,0.0,0.0,0.0,560.1711977856598,608.1174473471156,0.0,0.0,0.0,0.0,385.2496540559334,0.0,0.0,0.0,0.0,0.0,0.0,0.0,0.0,0.0,0.0,0.0,0.0,0.0,0.0,0.0,0.0,0.0,0.0,0.09401640017555361,0.0,0.0,0.0,-18.803280035110724,0.0,0.0,0.0,0.0,0.0,-127.6439477158225,3.133880005851787,0.0,0.0,0.0,0.0,472.3198086390347,262.96555367055106,0.0,0.0,0.0,0.0,0.0,0.0,0.0,0.0,113.14460444945557,0.0,677.5363369652122,0.0,-174.8637667539984,0.0,920.5819273237084,-10.068248667045054,0.0,0.0,769.7548343395343,-769.7548343395343,0.0,-76.4666721427836,0.0,3.133880005851787,847.9249344855585,0.0,0.0,0.0,-48.75448278376598,0.0,0.0,0.0,0.0,0.0,-60.22631104945725,0.0,0.0,0.0,769.2295071622937,0.0,76.4666721427836,0.0,0.0,0.0,0.0,0.0,0.0,0.0,0.0,0.0,495.22893805478566,0.0,0.0,141.74640774215555,-82.77472489741955,-812.6010996463441,0.0,18.803280035110724,0.0,0.0,0.0,0.0,268.68470676314666,0.0,0.0,0.06894536012889038,0.0,0.0,0.0,38.2333360713918,0.0,0.0,0.0,0.0,588.2276395425878,0.0,263.8134386555392,0.0,0.0,0.0,0.0,0.0,0.0,-1000.0,0.0,0.0062677600117035746,0.0062677600117035746,0.0,0.0,0.0,0.0,0.0,0.0,0.0,0.0,0.0,0.0,0.0,0.0,0.0,0.0,0.0,127.6439477158225,0.0,0.0,0.0,0.0,0.0,0.0,0.0,0.0,0.0,0.0,0.0,0.0,0.0,0.0,180.73960390123761,0.0,0.0,0.0,37.60656007022145,0.0,0.0,0.0,0.0,0.0,0.0,-37.60656007022145,0.0,0.0,0.0,0.0,0.0,0.0,0.0,0.0,0.0,0.0,0.0,0.0,-225.28146595928567,-15.613198524525421,428.18381013610286,0.0,-18.803280035110674,0.0,999.7492895995317,0.0,0.0,0.0,0.0,0.0,0.0,0.0,0.0,0.0,0.0,0.0,0.0,0.0,0.0,0.0,0.0,0.0,-7.834700014629468,113.14460444945557,-4.700820008777681,380.5488340471557,0.0,0.0,0.0,0.0,0.0,0.0,-0.7834700014629468,48.75448278376598,0.0,0.0,0.0,0.0,0.0,0.0,0.0,1000.0,18.803280035110724,18.803280035110724,0.0,0.0,0.0,0.0,0.0,0.06894536012889038,127.6439477158225,0.0,0.0,-999.7492895995317,0.0,0.0,0.0,0.0,0.0,0.0,0.0,0.0,0.0,0.0,0.0,0.0,0.0,0.0,0.0,0.0,0.0,0.0,0.0,65.81148012288753,564.9973729946717,0.0,0.0,0.0,0.0,0.0,127.6439477158225,0.0,227.1112856546139,0.0,0.0,0.0,-7.834700014629468,0.0,0.0,0.0,0.0,0.0,0.0,0.0,0.0,0.0,0.0,0.0,0.0,0.0,0.0,0.0,0.0,0.0,0.0,-0.06267760011703574,0.0,0.0,3.133880005851787,-321.7868981098124,0.0,0.0,0.0,0.0,113.14460444945557,0.0,0.0,0.0,-379.85311268585644,1.5669400029258935,0.0,0.0,0.0,0.06267760011703574,0.0,62.67760011703574,-19.430056036281076,12.535520023407148,0.4476971436931124,174.8705043265297,-0.04700820008777681,3.133880005851787,1.253552002340715,-0.3133880005852916,-174.8705043265297,18.803280035110724,-0.06267760011703574,3.3560828890150183,0.0,0.015669400029258936,0.4476971436931124,-10.068248667045054,-9.978273938632356,-1.253552002340715,-85.0651834715676,-0.06267760011703574,0.015669400029258936,-174.8705043265297,6.267760011703574,0.06267760011703574,0.06267760011703574,-127.51232475557657,0.06894536012873932,-147.1031668759167,-0.04700820008777681,18.803280035110724,0.06267760011703574,18.803280035110674,-31.338800058517872,-0.03133880005851787,-538.2873447417683,106.81416683763496,-0.04700820008777681,-0.06267760011703602,-19.430056036281076,0.06267760011703574,6.267760011703574,-1.253552002340715,0.0,0.0,-6.267760011703574,85.0651834715676,0.0,12.535520023407148,0.09401640017555361,-102.72312199520613,6.267760011703574,-73.0362615306279,0.0,-12.535520023407148,0.03133880005851787,0.6267760011703575,219.1087845918837,-162.32824673059125,-0.06267760011703574,-141.74640774215555,127.51232475557657,19.430056036281076,0.06267760011703574,9.978273938632356,-75.21312014044288,0.0,-0.06267760011703574,-0.015669400029258936,0.0,-0.06267760011703574,-302.50652649517764,0.0626776001169789,-0.015669400029258936,-0.015669400029258936,-0.015669400029258936,25.071040046814296,31.338800058517872,0.6267760011703575,46.43626698670971,-0.015669400029258936,434.8614862947524,3.133880005851787,22.480423925671005,0.06267760011703574,0.03133880005851787,0.03133880005851787,6.267760011703574,19.430056036281076,0.06267760011703574,-19.430056036281076,0.6267760011703575,0.06267760011703574,-46.43626698670971,0.06267760011703574,0.25071040046827875,0.3133880005852916,0.03133880005851787,0.015669400029258936,18.803280035110724,-0.06267760011703574,147.1031668759167,0.6267760011703575,-92.87253397341942,1.566940002925894,-6.267760011703574,12.535520023407148,3.133880005851787,-0.06267760011703574,10.068248667045054,0.09401640017555361,-0.06267760011703574,-12.535520023407148,19.430056036281076,-31.068026085606107,0.03133880005851787,-44.96084785134201,-0.06267760011703574,-0.0626776001169789,-0.06267760011703574,0.03133880005851801,174.8705043265297,-12.535520023407148,0.06267760011703574,438.2175691837674,-0.015669400029258936,-0.06894536012873932,-438.2175691837674,9.40164001755536,-106.81416683763496,-327.9828955443471,174.8705043265297,-0.04700820008777681,141.74640774215555,162.32824673059125,0.06267760011703574,-0.015669400029258936,614.5615614547502,62.67760011703574,-0.03133880005851787,-0.06267760011703574,0.015669400029258936,723.5967861515991,0.0,102.69178319514761,0.0,-255.0,0.0,-108.52761764418773,-140.0,0.0,-80.0,-255.0,-325.0,0.0,40.0,127.5,127.5,0.0,70.0,-127.6439477158225,-237.61668067754056,0.0,325.0,-237.61668067754056,108.52761764418773,-19.79112875772421,0.0,1496.5981,hplb
31,0.0,0.0,0.0,0.0,0.0,0.0,0.0,0.0,-0.07796353692974582,0.0,0.0,0.0,0.0,0.0,0.0,0.0,638.9828194576486,0.0,0.0,-338.9828194576486,0.0,0.0,0.0,0.0,0.0,0.0,0.0,0.0,0.0,400.75131808984395,0.0,0.0,98.44813758459881,0.0,0.0,0.0,0.0,-173.82935627808806,0.0,-1000.0,700.5261880538657,0.0,0.0,0.0,0.0,0.0,490.39820600407984,0.0,-298.28089445004326,-681.9985013707009,0.0,0.0,0.0,0.08575989062273948,0.0,0.0,0.0,0.0,0.0,0.0,155.81977924731746,0.0,441.7767850383196,109.53926008684692,0.0,0.0,0.0,0.0,0.0,0.0,0.0,0.7796353692974582,0.0,0.0,0.0,0.0,0.0,0.0,0.0,424.483366971449,0.0,0.0,0.0,0.0,46.7781221578475,0.0,0.0,0.0,-309.54446885985493,82.19512886238357,-0.019490884232436455,0.0,0.0,-876.0970181254658,23.38906107892375,0.0,117.1025505125928,-2.5104258891374145,0.0,0.0,0.0,619.4091304744793,400.75131808984395,0.0,0.0,-39.82886824925378,0.0,0.0,0.0,0.0,0.0,0.0,0.0,0.0,0.0,0.0,0.0,0.0,0.0,0.0,0.0,0.0,0.0,0.0,-1000.0,0.0,0.0,117.1025505125928,0.0,24.1686964482212,0.0,0.0,0.0,860.7385801103785,-860.7385801103785,860.7385801103785,0.0,0.0,0.0,-488.0573041987901,0.0,0.0,0.0,0.0,0.0,6.003192343590456,0.07796353692974582,0.0,0.0,0.0,0.0,0.0,0.0,0.0,0.0,0.0,22.93073586308114,0.0,0.0,0.0,0.0,0.0,509.6797575328499,509.6797575328499,0.0,0.0,0.0,750.0,-1000.0,0.0,0.0,509.7577210697797,0.0,0.0,0.0,-543.3957773499784,0.0,0.0,0.0,0.0,0.0,0.0,0.0,0.0,0.0,0.0,0.0,0.0,0.0,0.0,0.0,-1000.0,0.0,0.0,0.0,0.0,0.0,681.9985013707009,0.0,411.5165341547827,-411.5165341547827,398.6927081809551,0.0,0.0,0.0,0.0,0.0,0.0,0.0,403.0980200097424,0.0,0.0,0.0,0.0,0.0,0.0,0.0,0.0,0.0,0.0,0.0,0.0,0.0,7.726782393440146,24.898904205567376,-741.4532430974493,0.0,0.0,0.0,89.36459601783503,-176.11012213643465,0.0,0.0,0.0,0.0,155.81977924731746,-741.4532430974493,0.0,0.0,0.0,0.0,0.0,0.0,0.0,0.0,0.0,15.592707385949165,93.71348943366905,0.0,721.0610030146377,0.0,113.23563970473941,0.0,741.4532430974493,0.0,0.0,488.0573041987901,0.0,0.0,0.0,0.0,170.45605748885106,0.0,0.0,-199.69680535296857,-199.69680535296857,0.0,0.0,0.0,199.69680535296857,101.97206529492775,0.0,370.81460914717735,681.9985013707009,0.0,-5.064318010529632,0.0,0.0,0.0,-888.1073340866468,0.0,888.1073340866468,0.0,1000.0,0.0,89.36459601783503,523.4385613446925,750.0,0.0,0.0,155.81977924731746,-0.11694530539461873,0.0,0.0,0.0,0.0,0.07796353692974582,0.0,0.0,0.0,660.3148634428868,638.9828194576486,0.0,-160.32320211622326,134.80361381800472,0.0,593.8568499345726,0.0,0.0,0.0,-39.82886824925378,0.0,0.0,0.0,-6.712660529651133,-498.33110238070446,505.0437629103556,-1000.0,-1000.0,0.0,0.0,0.0,0.0,0.0,0.0,0.0,0.0,0.0,0.0,0.0,0.0,0.0,0.0,0.0,0.0,0.0,771.3674045524485,0.0,944.8849066828183,0.0,0.0,0.0,1000.0,0.0,0.0,-6.003192343590456,0.0,0.0,0.0,0.0,615.510953627992,0.0,0.0,-934.7565484098998,0.0,498.33110238070446,664.6638372459953,718.2127582966336,-610.0216653862584,0.0,0.0,123.10289474941642,0.0,-1.9490884232436456,-722.110935143121,0.0,0.0,-723.7778247707654,1000.0,0.0,117.1025505125928,0.0,0.0,0.0,0.0,0.0,0.0,0.0,-7.726782393440146,7.726782393440146,7.726782393440146,-238.9330078731672,0.0,0.0,0.0,0.0,0.0,0.0,0.0,0.0,-176.4177457041552,0.0,-750.0000000000007,223.77188863188587,0.0,0.0,0.0,0.0,-92.20364630702542,0.1559270738594023,0.0,0.0,0.0,0.0,0.0,0.0,0.0,0.0,0.0,0.0,0.0,0.0,0.0,0.0,0.0,0.0,0.0,0.0,0.0,0.08575989062273948,0.08575989062273948,0.0,272.134075007491,0.0,46.7781221578475,0.0,0.0,0.0,-355.8330873240334,0.0,381.15383631253854,0.0,0.0,0.0,221.7217579307346,355.8330873240334,0.0,0.0,61.48980541421751,0.0,0.0,223.77188863188587,0.0,0.0,0.0,0.0,0.0,0.0,0.0,333.3333333333333,-660.3148634428868,0.0,0.0,6.003192343590456,0.0,-406.44600654330713,-469.65101158215873,-692.2335976266792,0.0,221.7217579307346,0.0,129.5181116237092,0.0,0.0,0.0,7.726782393440146,0.0,0.0,0.0,0.0,0.0,0.0,0.0,0.0,0.0,0.0,0.0,0.0,0.0,46.7781221578475,488.0573041987901,488.0573041987901,0.0,0.0,0.0,0.0,0.0,0.0,0.0,0.0,0.0,0.0,0.7796353692974582,0.0,0.0,0.0,0.0,0.0,0.0,0.0,0.0,117.1025505125928,-61.48980541421751,0.0,0.0,0.0,0.0,0.0,0.0,0.0,0.0,0.0,29.548180496373696,237.6117618609601,0.0,23.38906107892375,23.38906107892375,-103.43616951190984,355.8330873240334,0.0,223.77188863188587,0.0,0.0,0.0,0.0,0.0,-384.8576033561752,0.0,127.65938473729642,0.07796353692974582,0.0,0.0,-743.6236398151169,846.5856279789791,0.0,0.0,876.0970181254658,0.0,0.0,0.0,0.0,0.0,0.0,0.0,0.0,0.0,0.0,0.0,0.0,0.0,0.0,0.07796353692974582,0.0,0.0,0.0,1000.0,-1000.0,0.0,0.0,0.0,0.0,-12.411795079215162,179.92610486599443,0.0,0.0,0.0,-5.847265269730997,-3.8981768464872912,0.0,0.0,0.0,0.0,0.0,0.0,0.0,0.0,0.0,0.0,0.0,0.0,488.0573041987901,0.0,0.0,0.0,-719.8796479242781,0.0,0.0,0.0,-0.07796353692974582,0.0,0.0,0.07796353692974582,0.0,0.07796353692974582,0.0,0.0,0.0,46.7781221578475,95.11551505428992,95.11551505428992,0.0,0.0,0.0,0.0,0.0,0.0,0.0,0.0,0.0,0.0,0.0,0.0,0.0,0.0,0.0,0.0,0.0,0.0,0.0,0.0,0.0,0.0,0.0,0.0,0.0,0.0,0.0,222.58258604452044,0.0,-134.42050023626302,134.42050023626302,0.11694530539461873,0.0,0.0,0.0,-117.1025505125928,0.0,0.0,0.0,0.0,0.0,-272.134075007491,3.8981768464872912,0.0,0.0,0.0,-750.0,1000.0,-6.408602735624706,0.0,0.0,-750.0000000000007,0.0,0.0,0.0,0.0,0.0,488.0573041987901,0.0,61.48980541421751,756.4065491434894,264.40729261405085,0.0,309.40729261405085,-39.82886824925378,173.51750213036973,0.0,0.0,-173.51750213036973,0.0,-95.11551505428992,0.0,3.8981768464872912,1000.0,0.0,303.0130826311497,0.0,-176.4177457041552,0.0,0.0,-750.0000000000007,750.0000000000007,0.0,0.0,0.0,0.0,0.0,277.981340277222,-289.6758708166838,95.11551505428992,0.0,-874.9999999999999,-875.0,874.9999999999999,0.0,0.0,0.0,0.0,0.0,0.0,0.0,0.0,0.0,-102.9619881638622,0.0,0.0,23.38906107892375,0.0,0.0,0.0,0.0,-245.03859166090757,0.0,0.0,0.08575989062273948,0.0,0.0,0.0,47.55775752714495,0.0,0.0,0.0,0.0,24.898904205567376,0.0,0.0,0.0,0.0,0.0,0.0,0.0,0.0,0.0,0.0,0.007796353692974378,0.007796353692974378,0.0,0.0,0.0,0.0,0.0,0.0,0.0,0.0,0.0,-743.6236398151169,0.0,0.0,0.0,0.0,0.0,272.134075007491,0.0,0.0,0.0,0.0,0.0,0.0,0.0,681.9985013707009,0.0,0.0,0.0,0.0,1000.0,11.516534154782704,0.0,0.0,0.0,0.0,46.7781221578475,0.0,0.0,0.0,0.0,0.0,0.0,-46.7781221578475,0.0,0.0,0.0,0.0,0.0,0.0,0.0,0.0,0.0,0.0,0.0,0.0,-127.65938473729642,-984.1062852663313,53.40502279687591,0.0,-117.1025505125928,0.0,-173.82935627808806,0.0,0.0,0.0,0.0,0.0,0.0,0.0,0.0,0.0,0.0,0.0,0.0,0.0,0.0,0.0,0.0,0.0,-9.745442116218289,488.0573041987901,-621.358218897723,283.8286055469529,0.0,0.0,0.0,0.0,0.0,-1000.0,999.0254557883782,176.4177457041552,0.0,0.0,0.0,0.0,0.0,0.0,0.0,1000.0,23.38906107892375,23.38906107892375,0.0,0.0,0.0,0.0,424.483366971449,0.08575989062273948,272.134075007491,0.0,0.0,173.82935627808806,0.0,0.0,0.0,0.0,0.0,0.0,0.0,0.0,0.0,0.0,0.0,0.0,0.0,0.0,67.21025011813151,0.0,0.0,0.0,0.0,81.86171377623312,0.0,0.0,6.003192343590456,0.0,0.0,0.0,272.134075007491,0.0,0.0,0.0,0.0,0.0,-9.745442116218289,0.0,0.0,0.0,0.0,0.0,0.0,0.0,0.0,0.0,0.0,0.0,0.0,0.0,0.0,0.0,0.0,0.0,0.0,-0.07796353692974582,0.0,0.0,3.8981768464872912,-221.7217579307346,0.0,0.0,0.0,0.0,488.0573041987901,0.0,0.0,0.0,6.712660529651133,1.9490884232436456,0.0,0.0,0.0,0.07796353692974582,0.0,77.96353692974581,-24.1686964482212,15.592707385949167,0.5568824066410416,217.5182680339908,-0.05847265269730936,811.6536536604833,1.5592707385949165,-0.3898176846480794,-217.5182680339908,23.38906107892375,-0.07796353692974582,13.276289416417926,223.77188863188587,0.019490884232436455,0.5568824066410416,-39.82886824925378,-12.411795079215162,-1.5592707385949165,-300.0,-0.07796353692974582,0.019490884232436455,-217.5182680339908,7.7963536929745825,0.07796353692974582,0.07796353692974582,-271.9703515799385,0.0857598906227202,-110.99404739311667,-0.05847265269730936,23.38906107892375,0.07796353692974582,117.1025505125928,54.73172096879614,-0.03898176846487291,167.7210480285431,168.23580490653035,-0.05847265269730936,-0.07796353692974582,-24.1686964482212,0.07796353692974582,7.7963536929745825,-1.5592707385949165,222.58258604452044,222.58258604452044,-7.7963536929745825,300.0,-222.58258604452044,15.592707385949165,0.11694530539461873,-1000.0,7.7963536929745825,-333.3333333333333,223.77188863188587,-15.592707385949165,0.03898176846487291,0.7796353692974582,40.080800529055814,280.0,-0.07796353692974582,-289.6758708166838,271.9703515799385,24.1686964482212,0.07796353692974582,12.411795079215162,36.50215488252161,223.77188863188587,-0.07796353692974582,-0.019490884232436455,-223.77188863188587,-0.07796353692974582,-92.20364630702542,0.07796353692975799,-0.019490884232436455,-0.019490884232436455,-0.019490884232436455,31.18541477189833,-54.73172096879614,0.7796353692974582,57.761235422824484,-0.019490884232436455,66.8853116416937,3.8981768464872912,50.0,0.07796353692974582,0.03898176846487291,0.03898176846487291,75.0,24.1686964482212,0.07796353692974582,-24.1686964482212,0.7796353692974582,0.07796353692974582,-57.761235422824484,0.07796353692974582,0.31185414771834985,0.3898176846480794,0.03898176846487291,0.019490884232436455,23.38906107892375,-0.07796353692974582,110.99404739311667,0.7796353692974582,-115.52247084564897,809.7045652372396,-7.7963536929745825,15.592707385949165,3.8981768464872912,-0.07796353692974582,39.82886824925378,0.11694530539461873,-0.07796353692974582,-150.0,24.1686964482212,629.8261679118832,0.03898176846487291,-100.0,-0.07796353692974582,-0.07796353692975799,-0.07796353692974582,0.03898176846487291,217.5182680339908,-15.592707385949165,0.07796353692974582,80.16160105811163,-0.019490884232436455,-0.0857598906227202,-80.16160105811163,11.694530539461873,-168.23580490653032,458.2630846902959,217.5182680339908,-0.05847265269730936,289.6758708166838,-280.0,0.07796353692974582,-0.019490884232436452,3.8981768464872912,77.96353692974581,-0.03898176846487291,-0.07796353692974582,0.019490884232436455,0.0,0.0,815.7938240742238,0.0,-255.0,0.0,562.7618447099957,-140.0,0.0,-80.0,263.1691687364719,-325.0,-184.16719415731131,40.0,127.5,-131.5845843682359,0.0,70.0,-272.134075007491,-384.78757625097563,184.16719415731131,325.0,-384.78757625097563,-562.7618447099957,259.23166806724976,0.0,1496.5981,hplb
32,0.0,0.0,0.0,0.0,0.0,0.0,0.0,0.0,-0.03616872535364418,0.0,0.0,0.0,0.0,0.0,0.0,0.0,892.1675301380093,-592.1675301380093,0.0,0.0,0.0,0.0,0.0,0.0,0.0,0.0,0.0,0.0,0.0,477.06335802367136,0.0,0.0,581.6794002647305,0.0,0.0,0.0,0.0,0.0,0.0,-1000.0,1000.0,0.0,0.0,-1000.0,0.0,0.0,417.69071717656715,0.0,-369.23088816168064,0.0,0.0,0.0,0.0,0.039785597889018476,0.0,0.0,0.0,7.233745070728837,0.0,0.0,-284.0383808697201,0.0,0.0,-285.75994137718067,0.0,0.0,0.0,0.0,78.6572280649533,-78.6572280649533,0.0,0.3616872535364418,0.0,0.0,0.0,0.0,0.0,0.0,0.0,0.0,0.0,0.0,0.0,0.0,21.70123521218651,0.0,281.4269752927294,302.14815318687306,25.738176117843125,107.88672295002118,-0.009042181338411046,0.0,0.0,0.0,10.850617606093255,0.0,50.76895801471585,-1.1646329563871232,0.0,0.0,0.0,1.8084362676822092,477.06335802367136,0.0,0.0,-29.40819738362893,525.3698464347749,0.0,0.0,0.0,0.0,0.0,0.0,0.0,0.0,0.0,0.0,0.0,0.0,0.0,0.0,0.0,0.0,0.0,-479.366635145125,0.0,0.0,50.76895801471585,0.0,11.212304859629695,11.212304859629695,0.0,-165.9845313031036,165.9845313031036,0.0,0.0,0.0,0.0,0.0,-1.7215605074606168,0.0,0.0,0.0,0.0,0.0,284.21196714496,0.03616872535364418,0.0,0.0,0.0,-83.55337412265715,-1000.0,0.0,0.0,0.0,0.0,27.110774258198717,0.0,0.0,0.0,0.0,0.0,243.85413279514282,243.85413279514282,0.0,0.0,0.0,0.0,0.0,0.0,0.0,243.89030152049645,0.0,0.0,0.0,0.0,0.0,0.0,0.0,0.0,0.0,0.0,0.0,0.0,0.0,0.0,-5.743569979701171,0.0,0.0,0.0,0.0,-1000.0,0.0,0.0,0.0,0.0,0.0,0.0,0.0,25.738176117843125,-25.738176117843125,0.0,0.0,0.0,0.0,0.0,0.0,0.0,0.0,-829.8035248128269,0.0,0.0,0.0,0.0,0.0,0.0,0.0,0.0,0.0,0.0,0.0,0.0,0.0,0.0,604.2116575280094,-1000.0,0.0,0.0,0.0,1.7215605074606168,72.6048532347872,0.0,0.0,0.0,0.0,-284.0383808697201,0.0,0.0,0.0,0.0,0.0,0.0,0.0,0.0,0.0,0.0,0.0,39.9183404086226,0.0,1000.0,1000.0,-41.344558856964454,0.0,1000.0,0.0,0.0,1.7215605074606168,0.0,0.0,0.0,0.0,-144.9325458524096,0.0,0.0,-262.94723494478575,0.0,0.0,-262.94723494478575,0.0,0.0,51.47635223568625,0.0,-499.3466190453586,0.0,0.0,50.73050022113945,0.0,0.0,0.0,0.0,0.0,0.0,0.0,817.2277553681681,0.0,1.7215605074606168,395.7390192738992,0.0,0.0,0.0,-284.0383808697201,-0.05425308803046627,0.0,0.0,0.0,0.0,0.03616872535364418,0.0,0.0,0.0,876.6261887504969,892.1675301380093,0.0,-180.72519120834804,52.73517789452126,0.0,906.2811425779839,0.0,0.0,0.0,-29.40819738362893,0.0,0.0,0.0,-3.1141272529487734,0.0,3.1141272529487734,-564.2605775707252,-1000.0,0.0,0.0,0.0,0.0,0.0,0.0,0.0,0.0,0.0,0.0,0.0,0.0,0.0,0.0,0.0,0.0,0.0,-999.8553250985854,0.0,-1000.0,0.0,0.0,0.0,0.0,0.0,0.0,-284.21196714496,0.0,0.0,0.0,0.0,0.0,0.0,0.0,-1.8084362676822092,-178.85215925471974,-78.6572280649533,-1000.0,-410.924034468224,0.0,-51.81531594163067,0.0,0.0,0.0,177.94794112087862,409.1155982005418,671.1460761894203,0.0,0.0,490.4820898045046,-26.952792494789954,50.76895801471585,0.0,0.0,0.0,0.0,0.0,0.0,0.0,0.0,0.0,0.0,-194.71247416577486,0.0,0.0,-1000.0,0.0,0.0,0.0,0.0,0.0,-6.944371661441892,0.0,0.0,144.48781543673178,0.0,0.0,0.0,0.0,-4.740828174588781,0.07233745070729967,0.0,0.0,0.0,0.0,0.0,0.0,0.0,0.0,0.0,0.0,0.0,0.0,0.0,0.0,0.0,0.0,0.0,0.0,0.0,0.039785597889018476,0.039785597889018476,0.0,111.27416672004755,0.0,21.70123521218651,0.0,0.0,0.0,-853.2485486681759,0.0,0.0,281.4269752927294,0.0,0.0,-6.464938289251791,853.2485486681759,0.0,0.0,185.089115322118,0.0,0.0,144.48781543673178,0.0,0.0,0.0,0.0,0.0,0.0,0.0,159.78887838170832,-876.6261887504969,558.1835276878822,0.0,284.21196714496,0.0,440.25256453471246,-440.25256453471246,-512.8574177694998,0.0,-6.464938289251791,0.0,0.0,-11.205766463840572,0.0,0.0,0.0,0.0,0.0,0.0,0.0,0.0,0.0,0.0,0.0,0.0,0.0,0.0,0.0,0.0,21.70123521218651,1.7215605074606168,1.7215605074606168,0.0,0.0,0.0,0.0,0.0,0.0,0.0,0.0,0.0,0.0,0.3616872535364418,0.0,0.0,281.4269752927294,-281.4269752927294,0.0,0.0,0.0,0.0,50.76895801471585,-185.089115322118,0.0,0.0,0.0,0.0,0.0,0.0,0.0,0.0,0.0,287.9011771310317,0.0,0.0,10.850617606093255,10.850617606093255,1000.0,853.2485486681759,0.0,144.48781543673178,0.0,0.0,0.0,0.0,0.0,-912.8027804529461,0.0,-767.4181255336159,0.03616872535364418,0.0,0.0,2.916749351733163,0.0,471.8869264786749,0.0,0.0,0.0,0.0,0.0,0.0,0.0,0.0,0.0,0.0,0.0,0.0,0.0,0.0,0.0,0.0,0.03616872535364418,0.0,0.0,0.0,-195.97974976998455,195.97974976998455,0.0,0.0,0.0,0.0,-287.1850363690293,2.973069224069331,0.0,0.0,-0.14467490141464623,-2.712654401523314,-1.8084362676822077,0.0,0.0,0.0,0.0,0.0,0.0,0.0,0.0,0.0,0.0,0.0,0.0,1.7215605074606168,0.0,0.0,0.0,-25.144356227107743,0.0,0.0,0.0,-0.03616872535364418,0.0,0.0,0.03616872535364418,0.0,0.03616872535364418,0.0,0.0,0.0,21.70123521218651,44.125844931445904,44.125844931445904,0.0,0.0,0.0,0.0,0.0,0.0,0.0,558.1835276878822,0.0,0.0,0.0,0.0,0.0,0.0,0.0,0.0,0.0,0.0,0.0,0.0,0.0,0.0,0.0,0.0,0.0,0.0,0.0,72.6048532347872,0.0,0.0,0.0,0.05425308803046627,0.0,0.0,0.0,-50.76895801471585,0.0,0.0,0.0,0.0,0.0,-111.27416672004755,1.8084362676822092,0.0,0.0,0.0,0.0,0.0,-2.973069224069331,0.0,0.0,0.0,0.0,0.0,0.0,0.0,0.0,1.7215605074606168,0.0,185.089115322118,133.41366223805585,111.27416672004755,0.0,174.7175658563786,442.478729095046,0.0,0.0,0.0,0.0,0.0,-44.125844931445904,0.0,1.8084362676822077,555.5750470285375,0.0,0.0,0.0,-569.7983222469007,874.9999999999995,-874.9999999999995,0.0,0.0,0.0,0.0,0.0,0.0,0.0,119.73039110127203,-119.41212992461749,44.125844931445904,0.0,-125.00000000000001,-125.0,125.0,0.0,0.0,0.0,0.0,0.0,0.0,0.0,0.0,0.0,-2.916749351733163,0.0,0.0,10.850617606093255,281.4269752927294,0.0,0.0,0.0,-238.64798930758252,0.0,0.0,0.039785597889018476,0.0,0.0,0.0,22.062922465722952,0.0,0.0,0.0,0.0,604.2116575280094,0.0,525.3698464347749,0.0,0.0,0.0,0.0,0.0,0.0,-62.10750629927743,0.0,176.09869333525154,0.0036168725353644183,0.0,0.0,0.0,0.0,0.0,0.0,0.0,0.0,0.0,2.916749351733163,0.0,0.0,0.0,0.0,0.0,111.27416672004755,0.0,0.0,0.0,0.0,0.0,0.0,0.0,0.0,0.0,0.0,0.0,562.8539505854588,1000.0,-84.24244693102062,-592.1675301380093,0.0,0.0,0.0,21.70123521218651,0.0,0.0,0.0,0.0,0.0,-21.70123521218651,0.0,0.0,562.8539505854588,0.0,0.0,0.0,0.0,0.0,0.0,0.0,0.0,0.0,0.0,767.4181255336159,-1000.0,24.77557686724627,-707.8877189198438,657.1187609051279,0.0,0.0,0.0,0.0,0.0,0.0,0.0,0.0,0.0,0.0,0.0,0.0,0.0,0.0,0.0,0.0,0.0,0.0,0.0,-4.521090669205521,1.7215605074606168,-2.712654401523314,116.69947552309421,0.0,0.0,0.0,0.0,0.0,0.0,-0.4521090669205523,6.944371661441938,0.0,0.0,0.0,0.0,0.0,0.0,0.0,1000.0,10.850617606093255,10.850617606093255,0.0,0.0,0.0,0.0,0.0,0.039785597889018476,111.27416672004755,0.0,0.0,0.0,176.09507646271618,0.0,0.0,0.0,0.0,0.0,0.0,0.0,0.0,0.0,0.0,0.0,0.0,0.0,0.0,0.0,0.0,11.212304859629695,0.0,37.977161621326395,0.0,0.0,284.21196714496,0.0,0.0,0.0,111.27416672004755,0.0,0.0,0.0,0.0,0.0,-4.521090669205521,0.0,0.0,0.0,0.0,0.0,0.0,0.0,0.0,0.0,0.0,0.0,0.0,0.0,0.0,0.0,0.0,0.0,0.0,-0.03616872535364418,0.0,0.0,1.8084362676822092,6.464938289251791,0.0,0.0,0.0,0.0,1.7215605074606168,0.0,0.0,0.0,3.1141272529487734,0.9042181338411046,0.0,0.0,0.0,0.03616872535364418,0.0,36.168725353644184,0.0,7.233745070728837,0.2583480382403156,123.33535345592664,-0.027126544015233133,1.8084362676822092,0.7233745070728838,-0.1808436267682904,-123.33535345592664,10.850617606093255,-0.03616872535364418,9.802732461209644,144.48781543673178,0.009042181338411046,0.2583480382403156,-29.40819738362893,-287.1850363690293,-0.7233745070728838,-300.0,-0.03616872535364418,0.009042181338411046,-123.33535345592664,3.6168725353644184,0.03616872535364418,0.03616872535364418,-111.19821239680488,-281.3871896948404,-55.7169071933868,-0.027126544015233133,10.850617606093255,0.03616872535364418,50.76895801471585,21.833977731800505,-0.01808436267682209,87.42252770244595,-76.25789449550527,-0.027126544015233133,-0.03616872535364418,0.0,0.03616872535364418,3.6168725353644184,-0.7233745070728838,72.6048532347872,72.6048532347872,-3.6168725353644184,300.0,-72.6048532347872,7.233745070728837,0.054253088030466266,-1000.0,3.6168725353644184,-159.78887838170832,144.48781543673178,-7.233745070728837,0.01808436267682209,0.3616872535364418,45.18129780208701,118.50791179077638,-0.03616872535364418,-119.41212992461749,111.19821239680488,11.212304859629695,0.03616872535364418,287.1850363690293,61.16700460373622,144.48781543673178,-0.03616872535364418,-0.009042181338411046,-144.48781543673178,-0.03616872535364418,-530.1106746093636,0.03616872535364418,-0.009042181338411046,-0.009042181338411046,-0.009042181338411046,14.467490141457674,-21.833977731800505,0.3616872535364418,26.796504396381103,-0.009042181338411046,80.55986314296437,1.8084362676822092,4.1788503549766,0.03616872535364418,0.01808436267682209,0.01808436267682209,75.0,0.0,0.03616872535364418,0.0,0.3616872535364418,0.036168725353644154,-26.796504396381103,0.03616872535364418,0.14467490141459935,0.1808436267682904,0.01808436267682209,0.009042181338411046,10.850617606093255,-0.03616872535364418,55.7169071933868,0.3616872535364419,-53.593008792762205,0.9042181338411046,-3.6168725353644184,7.233745070728837,1.8084362676822092,-0.03616872535364418,29.40819738362893,0.054253088030466266,-0.036168725353644154,-150.0,0.0,400.86168882121115,0.01808436267682209,-8.357700709953207,-0.03616872535364418,-0.03616872535364418,-0.03616872535364418,0.01808436267682209,123.33535345592664,-7.233745070728837,0.03616872535364418,90.36259560417402,-0.009042181338411046,281.3871896948404,-90.36259560417402,5.425308803046628,76.25789449550527,559.025035647871,123.33535345592664,-0.027126544015233133,119.41212992461749,-118.50791179077638,0.03616872535364418,-0.009042181338411046,1.8084362676822077,36.168725353644184,-0.01808436267682209,-0.03616872535364418,0.009042181338411046,0.0,0.0,840.6188404516157,0.0,-255.0,0.0,381.32085233053306,-140.0,0.0,-80.0,-255.0,376.2322167607748,-159.36307518570743,40.0,127.5,127.5,0.0,70.0,-111.27416672004755,-162.21369951362863,159.36307518570743,-376.2322167607748,-162.21369951362863,-381.32085233053306,158.2684875957162,0.0,1496.5981,hplb
33,0.0,0.0,0.0,0.0,0.0,0.0,0.0,0.0,-0.051904659963460165,0.0,0.0,0.0,0.0,0.0,0.0,0.0,-188.62929478787646,488.62929478787646,0.0,0.0,0.0,0.0,0.0,994.7057246837271,0.0,0.0,0.0,0.0,0.0,-797.4396563896901,0.0,0.0,83.1984346437039,0.0,0.0,0.0,0.0,999.7923813601458,0.0,-1000.0,915.2343366126448,0.0,0.0,0.0,0.0,0.0,0.0,0.0,289.94300469377345,-705.1505333124278,0.0,-1000.0,0.0,0.057095125959783756,0.0,0.0,0.0,10.380931992692032,0.0,0.0,174.28306426512606,0.0,-504.16768283105614,-866.4470225236546,866.1838002473391,0.0,0.0,0.0,695.163634842058,0.0,0.0,0.5190465996346016,0.0,0.0,0.0,0.0,0.0,0.0,0.0,0.0,0.0,0.0,-202.7826433857383,0.0,31.142795978076094,0.0,0.0,-289.9430046937734,0.0,188.70715177782165,-0.012976164990865041,0.0,0.0,-250.62555190214638,15.571397989038047,0.0,84.76566338735513,-562.8122985694788,0.0,0.0,0.0,2.595232998173008,-797.4396563896901,0.0,0.0,-55.65447237110366,0.0,0.0,0.0,0.0,0.0,0.0,0.0,0.0,0.0,0.0,0.0,0.0,0.0,0.0,0.0,0.0,0.0,0.0,-873.6390465358136,0.0,0.0,84.76566338735513,0.0,16.090444588672646,16.090444588672646,0.0,-124.99999999999966,-875.0000000000003,1000.0,-1000.0,0.0,291.4571454574815,-291.4571454574815,-536.5624039577245,0.0,0.0,0.0,0.0,0.0,206.77930220292473,0.051904659963460165,0.0,0.0,0.0,0.0,0.0,0.0,0.0,107.1100992737735,0.0,299.4678992343186,0.0,0.0,0.0,0.0,0.0,651.045246335156,651.045246335156,0.0,0.0,0.0,0.0,875.0000000000008,0.0,0.0,651.0971509951195,0.0,0.0,0.0,-123.38798438755771,0.0,0.0,0.0,0.0,0.0,0.0,0.0,0.0,0.0,0.0,-732.0345528319494,0.0,0.0,0.0,0.0,-1000.0,0.0,0.0,0.0,0.0,0.0,705.1505333124278,1000.0,0.0,0.0,338.78071687520855,0.0,0.0,0.0,0.0,0.0,0.0,0.0,-691.8690144881245,0.0,0.0,0.0,0.0,0.0,0.0,0.0,0.0,0.0,0.0,0.0,0.0,0.0,89.26880415628193,-10.043870616298847,-303.8740535162069,0.0,0.0,0.0,0.0,-170.85912924727268,0.0,0.0,0.0,0.0,174.28306426512606,-303.8740535162069,0.0,0.0,0.0,0.0,0.0,0.0,0.0,0.0,0.0,0.0,69.19426539831709,0.0,0.0,0.0,1000.0,0.0,303.8740535162069,0.0,0.0,536.5624039577245,0.0,0.0,0.0,0.0,168.49000735698837,0.0,0.0,-231.64396727143242,-1000.0,0.0,768.3560327285677,0.0,1000.0,0.0,0.0,-511.37070521212354,705.1505333124278,0.0,9.073302847463253,0.0,0.0,0.0,0.0,0.0,0.0,0.0,650.9933416751926,197.78168708251602,0.0,546.0236526708549,0.0,0.0,0.0,174.28306426512606,-0.07785698994519023,0.0,0.0,0.0,0.0,0.051904659963460165,0.0,0.0,0.0,747.312748984709,-188.62929478787646,0.0,-609.8327794362226,115.96287592293152,0.0,1000.0,0.0,1000.0,0.0,-55.65447237110366,0.0,0.0,0.0,-4.468991222853896,-995.5310087771461,0.0,-665.2510094053273,-1000.0,0.0,0.0,0.0,0.0,0.0,0.0,0.0,0.0,0.0,0.0,0.0,0.0,0.0,0.0,0.0,0.0,0.0,0.0,0.0,-1000.0,107.1100992737735,0.0,561.1409685186552,0.0,0.0,116.4338002473396,-206.77930220292473,0.0,95.67254411196484,0.0,0.0,0.0,187.49034814007712,0.0,-2.595232998173008,0.0,112.87702579501104,0.0,0.0,0.0,-69.8896246407991,0.0,0.0,-239.16587370668495,-1.297616499086504,-2.595232998173008,-180.9396446326221,0.0,427.5551422888951,0.0,-839.2543443385354,84.76566338735513,250.00000000000023,-250.00000000000023,0.0,0.0,0.0,0.0,0.0,-89.26880415628193,89.26880415628193,89.26880415628193,-76.15238209476504,0.0,0.0,0.0,0.0,0.0,0.0,0.0,0.0,-187.99627542747245,0.0,0.0,0.0,0.0,0.0,0.0,0.0,-94.80953400365398,0.10380931992697343,0.0,0.0,0.0,0.0,0.0,0.0,0.0,0.0,0.0,0.0,0.0,0.0,0.0,0.0,0.0,0.0,0.0,0.0,0.0,0.057095125959783756,0.057095125959783756,0.0,358.8878721635899,0.0,31.142795978076094,0.0,0.0,0.0,674.9232613092149,0.0,0.0,0.0,0.0,0.0,424.1821690052136,-674.9232613092149,0.0,0.0,0.0,0.0,0.0,0.0,0.0,0.0,0.0,0.0,0.0,0.0,0.0,291.21301551193784,-747.312748984709,0.0,0.0,3.9966588171864115,0.0,0.0,-250.62555190214638,-418.5471395300823,0.0,424.1821690052136,0.0,1000.0,-670.6273649984404,-625.0000000000006,625.0000000000006,89.26880415628193,0.0,0.0,0.0,0.0,0.0,0.0,0.0,0.0,0.0,0.0,0.0,0.0,0.0,31.142795978076094,536.5624039577245,536.5624039577245,0.0,0.0,0.0,0.0,0.0,0.0,0.0,0.0,0.0,0.0,0.5190465996346016,0.0,0.0,0.0,0.0,0.0,1000.0,0.0,0.0,84.76566338735513,0.0,0.0,0.0,0.0,0.0,0.0,0.0,0.0,0.0,0.0,1000.0,257.78822248759747,0.0,15.571397989038047,15.571397989038047,1000.0,-674.9232613092149,0.0,0.0,0.0,0.0,0.0,0.0,0.0,462.69066579501737,0.0,1000.0,0.051904659963460165,0.0,0.0,0.0,4.185740078481894,0.0,0.0,250.62555190214638,0.0,-197.78168708251602,0.0,0.0,0.0,0.0,0.0,0.0,0.0,0.0,0.0,0.0,0.0,0.0,0.051904659963460165,0.0,0.0,0.0,-441.14141289119954,441.14141289119954,0.0,0.0,0.0,0.0,0.0,1000.0,0.0,-549.9657895723044,-1000.0,-3.892849497259512,-2.595232998173008,0.0,0.0,0.0,0.0,0.0,0.0,0.0,0.0,0.0,0.0,0.0,0.0,536.5624039577245,0.0,0.0,0.0,-409.10396905146723,0.0,0.0,0.0,-0.051904659963460165,0.0,0.0,0.051904659963460165,0.0,0.051904659963460165,0.0,497.38194775954196,0.0,31.142795978076094,63.323685155421394,63.323685155421394,0.0,0.0,0.0,0.0,0.0,0.0,95.67254411196481,0.0,0.0,0.0,0.0,0.0,0.0,0.0,0.0,0.0,0.0,0.0,0.0,0.0,0.0,0.0,0.0,0.0,0.0,0.0,0.0,167.92158762793588,0.0,-273.2934050822304,273.2934050822304,0.07785698994519023,0.0,0.0,0.0,-84.76566338735513,0.0,0.0,0.0,0.0,0.0,-358.8878721635899,2.595232998173008,0.0,0.0,0.0,0.0,-875.0000000000008,-4.26656304899663,0.0,0.0,0.0,0.0,0.0,0.0,0.0,0.0,536.5624039577245,0.0,0.0,303.64735173487054,269.619068007308,0.0,314.619068007308,-55.65447237110366,0.0,-211.04586525192136,645.6383336842692,-434.5924684323482,107.1100992737735,-63.323685155421394,0.0,2.595232998173008,766.0864594086704,0.0,0.0,0.0,-187.99627542747245,-625.0000000000006,625.0000000000006,-625.0000000000006,625.0000000000006,0.0,0.0,0.0,0.0,0.0,724.2488538374305,0.0,63.323685155421394,0.0,0.0,0.0,0.0,0.0,0.0,0.0,0.0,0.0,0.0,0.0,0.0,370.56642065536846,-4.185740078481894,0.0,0.0,15.571397989038047,0.0,0.0,0.0,0.0,39.94752137493462,0.0,0.0,0.057095125959783756,0.0,0.0,0.0,31.661842577710697,0.0,0.0,0.0,0.0,-10.043870616298847,0.0,0.0,0.0,0.0,0.0,0.0,0.0,0.0,-1000.0,0.0,0.0051904659963460205,0.0051904659963460205,0.0,0.0,0.0,0.0,0.0,0.0,0.0,0.0,0.0,0.0,0.0,0.0,0.0,0.0,0.0,358.8878721635899,0.0,0.0,0.0,0.0,0.0,0.0,0.0,705.1505333124278,0.0,0.0,0.0,0.0,0.0,401.313709905897,488.62929478787646,0.0,0.0,0.0,31.142795978076094,0.0,0.0,0.0,0.0,0.0,0.0,-31.142795978076094,0.0,0.0,0.0,0.0,0.0,0.0,0.0,0.0,0.0,0.0,0.0,0.0,-1000.0,-1000.0,35.55469207497021,-84.76566338735513,0.0,0.0,999.7923813601458,0.0,0.0,0.0,0.0,0.0,0.0,0.0,0.0,0.0,0.0,0.0,0.0,0.0,0.0,0.0,0.0,0.0,-6.48808249543252,536.5624039577245,-3.892849497259512,-3.892849497259512,0.0,0.0,0.0,0.0,0.0,0.0,-0.648808249543252,295.10637470124595,0.0,0.0,0.0,0.0,0.0,0.0,0.0,1000.0,15.571397989038047,15.571397989038047,0.0,0.0,0.0,0.0,0.0,0.057095125959783756,358.8878721635899,0.0,0.0,-999.7923813601458,0.0,0.0,0.0,0.0,0.0,0.0,0.0,0.0,0.0,0.0,0.0,0.0,0.0,0.0,385.33767642088617,0.0,0.0,16.090444588672646,0.0,54.499892961633165,99.66920292915123,0.0,0.0,0.0,0.0,0.0,358.8878721635899,0.0,0.0,0.0,0.0,0.0,-6.48808249543252,0.0,0.0,0.0,0.0,0.0,0.0,0.0,0.0,0.0,0.0,0.0,0.0,0.0,0.0,0.0,0.0,0.0,0.0,-0.051904659963460165,0.0,0.0,2.595232998173008,-424.1821690052136,0.0,0.0,0.0,0.0,536.5624039577245,0.0,0.0,0.0,4.468991222853896,1.297616499086504,0.0,0.0,0.0,0.051904659963460165,0.0,51.904659963460155,0.0,10.380931992692032,0.37074757116757256,176.99489047539916,-0.03892849497259512,2.595232998173008,1.0380931992692033,-0.25952329981767785,-176.99489047539916,15.571397989038049,-0.051904659963460165,18.551490790367886,0.0,0.012976164990865041,0.37074757116757256,-55.65447237110366,-8.263221866183045,-1.0380931992692033,-300.0,-0.051904659963460165,0.012976164990865041,-176.99489047539916,5.190465996346016,0.051904659963460165,0.051904659963460165,-358.7788723776667,0.05709512595980618,-66.69902390515057,-0.03892849497259512,15.571397989038047,0.051904659963460165,84.76566338735513,43.241935416587005,-0.025952329981730082,-121.45993058696075,165.6167585909632,-0.03892849497259512,-0.051904659963460165,0.0,0.051904659963460165,5.190465996346006,-1.0380931992692033,167.92158762793588,167.92158762793588,-5.190465996346016,300.0,-167.92158762793588,10.380931992692032,0.07785698994519023,-1000.0,5.190465996346016,-291.21301551193784,0.0,-10.380931992692032,0.025952329981730082,0.5190465996346016,152.45819485905565,280.0,-0.051904659963460165,-370.56642065536846,358.7788723776667,16.090444588672646,0.051904659963460165,8.263221866183045,-131.4798573544689,0.0,-0.051904659963460165,-0.012976164990865041,0.0,-0.051904659963460165,-94.80953400365398,0.05190465996334648,-0.012976164990865041,-0.012976164990865041,-0.012976164990865041,20.761863985384064,-43.241935416587005,0.5190465996346016,38.454864950427805,-0.012976164990865041,286.3648989277434,2.595232998173008,50.0,0.051904659963460165,0.025952329981730082,0.025952329981730082,-93.70037754491199,0.0,0.051904659963460165,0.0,0.5190465996346016,0.051904659963460165,-38.454864950427805,0.051904659963460165,0.20761863985422443,0.25952329981767785,0.025952329981730082,0.012976164990865041,15.571397989038047,-0.051904659963460165,66.69902390515057,0.5190465996346016,-76.90972990085561,1.297616499086504,-5.190465996346006,10.380931992692032,2.595232998173008,-0.051904659963460165,55.65447237110366,0.07785698994519023,-0.051904659963460165,187.40075508982397,0.0,69.83265088255499,0.025952329981730082,-100.0,-0.051904659963460165,-0.05190465996334648,-0.051904659963460165,0.025952329981730082,176.99489047539916,-10.380931992692032,0.051904659963460165,304.9163897181113,-0.012976164990865041,-0.05709512595980618,-304.9163897181113,7.785698994519023,-165.6167585909632,313.92155919780436,176.99489047539916,-0.03892849497259512,370.56642065536846,-280.0,0.051904659963460165,-0.012976164990865041,2.595232998173008,51.904659963460155,-0.025952329981730082,-0.051904659963460165,0.012976164990865041,1000.0,0.0,811.2668958921967,0.0,-255.0,0.0,294.11837178885685,-140.0,0.0,112.07097333695599,121.42592247317668,-325.0,-188.70715177782165,-56.03548666847799,127.5,-60.71296123658834,0.0,70.0,-358.8878721635899,-109.78017225748961,188.70715177782165,325.0,-109.78017225748961,-294.11837178885685,210.20388157348987,0.0,1496.5981,hplb
34,0.0,0.0,0.0,0.0,0.0,0.0,0.0,0.0,457.3440897372782,0.0,0.0,0.0,0.0,0.0,0.0,0.0,0.0,0.0,0.0,19.97089248942723,0.0,0.0,0.0,240.29805302934662,0.0,0.0,0.0,0.0,0.0,-218.39766629176688,0.0,0.0,124.5819474527916,0.0,0.0,0.0,0.0,999.9156061460611,0.0,-1000.0,814.2287001853615,0.0,-595.6185839661898,0.0,0.0,0.0,0.0,0.0,-377.22091767442294,0.0,0.0,0.0,0.0,0.023208309833227886,0.0,0.0,0.0,4.219692696946731,0.0,0.0,60.49520709326529,0.0,126.5646282391971,0.0,0.0,0.0,0.0,0.0,0.0,0.0,0.0,0.21098463484733657,0.0,0.0,0.0,0.0,0.0,0.0,0.0,0.0,0.0,0.0,336.2319368262981,0.0,12.659078090840193,0.0,0.0,429.4274495389416,-668.6951550129794,616.5202708436879,-0.0052746158711834135,0.0,0.0,0.0,6.329539045420097,0.0,185.77129981463855,-176.97794231590888,0.0,0.0,336.2319368262981,164.35526908343607,-585.1120822325751,0.0,0.0,-14.951776504195761,0.0,161.06501097567684,0.0,0.0,0.0,0.0,0.0,0.0,0.0,0.0,0.0,0.0,0.0,0.0,0.0,0.0,0.0,0.0,-644.891978512937,0.0,0.0,185.77129981463855,0.0,6.540523680267433,6.540523680267433,0.0,0.0,0.0,0.0,0.0,0.0,0.0,0.0,-187.0598353324624,0.0,0.0,0.0,0.0,0.0,-334.6073551379736,0.021098463484733654,0.0,0.0,0.0,758.0017612322574,-758.0017612322574,0.0,0.0,222.7279082962793,0.0,48.44481424846476,0.0,0.0,0.0,0.0,0.0,929.8906582566649,929.8906582566649,0.0,0.0,0.0,0.0,124.99999999869733,0.0,0.0,929.9117567201497,0.0,0.0,0.0,206.71619222767526,-321.30213890207983,0.0,0.0,0.0,0.0,0.0,0.0,0.0,0.0,0.0,-775.4819579825805,0.0,0.0,0.0,0.0,-1000.0,0.0,0.0,0.0,0.0,0.0,0.0,595.6185839661898,352.17488416929154,-352.17488416929154,79.88082587786339,0.0,0.0,0.0,0.0,0.0,0.0,366.7144159408082,-1000.0,0.0,0.0,0.0,0.0,0.0,0.0,0.0,0.0,0.0,0.0,0.0,0.0,0.0,0.0,87.88114616311192,0.0,0.0,0.0,0.0,107.17900945459901,102.51387166350291,0.0,0.0,0.0,0.0,60.49520709326529,0.0,0.0,0.0,0.0,0.0,0.0,0.0,0.0,0.0,0.0,0.0,179.44176076921846,0.0,616.4886231484608,-1000.0,1000.0,0.0,0.0,0.0,0.0,187.0598353324624,25.74012545137506,0.0,0.0,0.0,-247.83685989276125,0.0,0.0,-1000.0,0.0,738.7280353973666,-1000.0,0.0,738.7280353973666,-316.52027084368785,0.0,319.93924479420014,0.0,0.0,-110.44893705842453,0.0,0.0,0.0,1000.0,0.0,-1000.0,0.0,1000.0,0.0,107.17900945459901,-707.5570789641321,0.0,0.0,0.0,60.49520709326529,-0.03164769522710048,0.0,0.0,0.0,0.0,0.021098463484733654,0.0,0.0,0.0,631.8340026439952,0.0,0.0,-181.10590771630237,-893.5568199332258,321.30213890207983,1000.0,0.0,436.8644509155254,0.0,-14.951776504195761,0.0,0.0,0.0,-1.816577706035588,-435.0478732094898,0.0,-1000.0,-1000.0,0.0,0.0,0.0,0.0,0.0,0.0,0.0,0.0,0.0,0.0,0.0,0.0,0.0,0.0,0.0,0.0,0.0,0.0,0.0,-1000.0,0.0,0.0,176.29857179170057,0.0,0.0,0.0,334.6073551379736,0.0,0.0,0.0,0.0,163.30034590919936,-508.84525683923687,0.0,0.0,0.0,943.8931300487267,-236.11777371267635,-1.0549231742366827,0.0,-28.409081082193868,0.0,-82.70509612883637,0.0,-0.5274615871183413,0.0,-837.4314699951051,0.0,-21.119255989193483,0.0,0.0,185.77129981463855,0.0,0.0,0.0,527.1324094202113,0.0,457.36518820076293,0.0,0.0,0.0,0.0,-261.40032561296226,0.0,0.0,-70.13044020681974,0.0,0.0,366.7144159408082,0.0,0.0,-66.06942114593181,0.0,-50.58533557262888,0.0,0.0,0.0,0.0,0.0,-97.89015365152663,0.042196926969609194,0.0,0.0,0.0,0.0,0.0,0.0,0.0,0.0,0.0,0.0,0.0,0.0,0.0,0.0,0.0,0.0,0.0,0.0,0.0,0.023208309833227886,0.023208309833227886,0.0,247.1631341369409,0.0,12.659078090840193,0.0,0.0,0.0,1000.0,0.0,498.00576697709994,0.0,0.0,0.0,-375.394390949174,-1000.0,0.0,0.0,0.0,0.0,0.0,0.0,0.0,0.0,0.0,0.0,0.0,0.0,0.0,214.9639928376457,-631.8340026439952,0.0,0.0,1.6245816883244903,0.0,-182.3946975413663,182.3946975413663,0.0,0.0,-375.394390949174,0.0,-473.28454460070066,0.0,0.0,0.0,0.0,0.0,0.0,0.0,0.0,0.0,0.0,0.0,0.0,0.0,0.0,0.0,0.0,0.0,12.659078090840193,187.0598353324624,187.0598353324624,0.0,0.0,0.0,0.0,0.0,0.0,0.0,0.0,0.0,0.0,0.21098463484733657,0.0,0.0,0.0,0.0,0.0,595.6185839661898,0.0,0.0,185.77129981463855,0.0,0.0,0.0,0.0,0.0,0.0,0.0,0.0,0.0,0.0,108.74979246881216,-113.41493025990826,0.0,6.329539045420097,6.329539045420097,724.7548286144593,-1000.0,0.0,0.0,0.0,0.0,0.0,0.0,0.0,585.1120822325751,366.7144159408082,466.4982569780873,0.021098463484733654,0.0,0.0,0.0,1.7014403767331638,0.0,0.0,0.0,0.0,0.0,0.0,0.0,0.0,0.0,0.0,0.0,0.0,0.0,0.0,0.0,0.0,0.0,0.021098463484733654,0.0,0.0,0.0,1000.0,-1000.0,0.0,0.0,0.0,0.0,0.0,1000.0,-222.7279082962793,-489.0940730703258,-1000.0,-1.582384761355024,0.0,-1.0549231742366827,0.0,0.0,0.0,0.0,0.0,0.0,0.0,0.0,0.0,0.0,0.0,187.0598353324624,321.30213890207983,0.0,0.0,-20.0643328149568,0.0,0.0,0.0,457.3440897372782,0.0,0.0,0.021098463484733654,0.0,0.021098463484733654,0.0,0.0,0.0,12.659078090840193,25.74012545137506,25.74012545137506,0.0,0.0,0.0,0.0,0.0,0.0,0.0,0.0,0.0,366.7144159408082,0.0,0.0,0.0,0.0,0.0,0.0,0.0,0.0,0.0,0.0,0.0,0.0,0.0,0.0,0.0,0.0,0.0,182.3946975413663,0.0,-469.65221300225767,469.65221300225767,0.03164769522710048,0.0,0.0,0.0,-185.77129981463855,0.0,0.0,0.0,0.0,0.0,-247.1631341369409,1.0549231742366827,0.0,0.0,0.0,0.0,-124.99999999869733,-334.6073551379736,-1.0549231742366827,0.0,-50.58533557262888,0.0,0.0,0.0,0.0,0.0,187.0598353324624,0.0,0.0,0.0,247.1631341369409,0.0,-272.60786344994904,-14.951776504195761,0.0,0.0,489.0940730703258,-489.0940730703258,222.7279082962793,0.0,0.0,1.0549231742366827,1000.0,0.0,0.0,0.0,-66.06942114593181,0.0,0.0,625.0000000000006,-625.0000000000006,0.0,0.0,0.0,0.0,0.0,772.3171884598704,0.0,25.74012545137506,0.0,0.0,0.0,0.0,0.0,0.0,0.0,0.0,0.0,0.0,0.0,0.0,251.910288421006,-1.7014403767331638,961.1578421307684,-595.6185839661898,6.329539045420097,0.0,0.0,0.0,0.0,-169.02485786729665,0.0,0.0,0.023208309833227886,0.0,0.0,0.0,12.87006272568753,0.0,0.0,0.0,0.0,87.88114616311192,0.0,0.0,0.0,0.0,0.0,0.0,0.0,0.0,0.0,0.0,0.0021098463484734258,0.0021098463484734258,0.0,0.0,0.0,0.0,0.0,0.0,0.0,0.0,0.0,0.0,0.0,0.0,0.0,0.0,0.0,247.1631341369409,0.0,0.0,0.0,0.0,0.0,0.0,0.0,0.0,0.0,0.0,0.0,0.0,466.4982569780873,91.80954659730696,0.0,0.0,0.0,0.0,12.659078090840193,0.0,0.0,0.0,0.0,0.0,0.0,-12.659078090840193,0.0,0.0,0.0,0.0,0.0,0.0,0.0,0.0,0.0,0.0,0.0,0.0,-828.7811096385495,-1000.0,14.452447487042555,0.0,-185.77129981463855,0.0,999.9156061460611,0.0,0.0,0.0,0.0,0.0,0.0,0.0,0.0,0.0,104.16666666666667,0.0,-104.16666666666667,-104.16666666666667,0.0,0.0,0.0,0.0,-2.6373079355917066,187.0598353324624,-164.8827306705544,-1.5823847613550255,0.0,0.0,0.0,0.0,0.0,0.0,-0.26373079355917073,288.79732944221115,0.0,0.0,0.0,0.0,0.0,0.0,0.0,637.7171473395377,6.329539045420097,6.329539045420097,0.0,0.0,0.0,0.0,0.0,0.023208309833227886,247.1631341369409,0.0,0.0,-999.9156061460611,0.0,0.0,0.0,0.0,0.0,0.0,0.0,0.0,0.0,0.0,0.0,0.0,0.0,0.0,234.82610650112883,0.0,0.0,6.540523680267433,0.0,22.153386658970337,0.0,0.0,1.6245816883244903,0.0,0.0,0.0,247.1631341369409,0.0,333.9279846137653,0.0,0.0,0.0,-2.6373079355917066,0.0,0.0,0.0,0.0,0.0,0.0,0.0,0.0,0.0,0.0,0.0,0.0,0.0,0.0,0.0,0.0,0.0,0.0,-0.021098463484733654,0.0,0.0,1.0549231742366827,375.394390949174,0.0,0.0,0.0,0.0,187.0598353324624,0.0,0.0,0.0,1.816577706035588,0.5274615871183413,0.0,0.0,0.0,0.021098463484733654,0.0,21.098463484733653,0.0,4.219692696946731,0.1507033106052404,71.94576048294176,-0.01582384761355024,82.70509612883637,0.4219692696946731,-0.10549231742356824,-71.94576048294176,6.329539045420097,-0.021098463484733654,4.983925501398587,0.0,0.0052746158711834135,0.1507033106052404,-14.95177650419576,-3.3588753867694887,-0.4219692696946731,-19.97089248942723,-0.021098463484733654,0.0052746158711834135,-71.94576048294176,2.1098463484733654,0.021098463484733654,0.021098463484733654,-247.11882736362293,0.02320830983320708,-192.56854809592676,-0.01582384761355024,6.329539045420097,0.021098463484733654,185.77129981463855,168.89252902685163,-0.010549231742366827,174.0272868558535,-104.64481647546101,-0.01582384761355024,-0.021098463484733654,0.0,0.021098463484733654,2.1098463484733654,-0.4219692696946731,182.3946975413663,182.3946975413663,-2.1098463484733654,19.97089248942723,-182.3946975413663,4.219692696946731,0.03164769522710048,270.5285808037305,2.1098463484733654,-214.9639928376457,0.0,-4.219692696946731,0.010549231742366827,0.21098463484733657,45.27647692907559,251.38282683388763,-0.021098463484733654,-251.910288421006,247.11882736362293,6.540523680267433,0.021098463484733654,3.3588753867694887,-204.7599169508988,0.0,-0.021098463484733654,-0.0052746158711834135,0.0,-0.021098463484733654,-97.89015365152663,0.021098463484733654,-0.0052746158711834135,-0.0052746158711834135,-0.0052746158711834135,8.439385393893462,-168.89252902685163,0.21098463484733657,15.631324134252122,-0.0052746158711834135,85.5690283567526,1.0549231742366827,50.0,0.021098463484733654,0.010549231742366827,0.010549231742366827,-51.47965837882614,0.0,0.021098463484733654,0.0,0.21098463484733657,0.021098463484733654,-15.631324134252122,0.021098463484733654,0.08439385393892532,0.10549231742356824,0.010549231742366827,0.0052746158711834135,6.329539045420097,-0.021098463484733654,192.56854809592676,0.21098463484733654,-31.262648268504243,82.17763454171804,-2.1098463484733654,4.219692696946731,1.0549231742366827,-0.021098463484733654,14.95177650419576,0.03164769522710048,-0.021098463484733654,102.95931675765227,0.0,225.15227511739613,0.010549231742366827,-100.0,-0.021098463484733654,-0.021098463484733654,-0.021098463484733654,0.010549231742366827,71.94576048294176,-4.219692696946731,0.021098463484733654,90.55295385815118,-0.0052746158711834135,-0.02320830983320708,-90.55295385815118,3.164769522710048,104.64481647546101,-561.168656970241,71.94576048294176,-0.01582384761355024,251.910288421006,-251.38282683388763,0.021098463484733654,-0.0052746158711834135,1.0549231742366827,21.098463484733653,-0.010549231742366827,-0.021098463484733654,0.0052746158711834135,1000.0,0.0,-570.5391300354729,0.0,-255.0,0.0,405.67370146589474,-140.0,0.0,355.3078397098831,-255.0,268.3881707530023,-300.0,-177.65391985494156,127.5,127.5,0.0,70.0,-247.1631341369409,-56.127417250099484,300.0,-268.3881707530023,-56.127417250099484,-405.67370146589474,304.1618860341601,0.0,1496.5981,hplb
35,0.0,0.0,0.0,0.0,0.0,0.0,0.0,0.0,-0.022966098971006366,0.0,0.0,0.0,0.0,0.0,0.0,0.0,451.5101676394628,-749.3186561793847,0.0,597.8084885399219,0.0,0.0,0.0,593.3009146334815,0.0,200.69879568620848,0.0,0.0,0.0,-914.4149233252339,0.0,0.0,861.8845852419747,0.0,0.0,0.0,0.0,180.74771656849884,0.0,-815.929035912783,993.1101703086981,0.0,0.0,462.9047556857711,0.0,0.0,0.0,0.0,0.0,-440.19499284413246,0.0,0.0,0.0,0.025262708868126538,0.0,0.0,0.0,4.593219794201273,0.0,0.0,112.66251831815879,0.0,-166.88926558833094,-398.2819455727884,361.4899995641714,0.0,0.0,0.0,0.0,91.22908932243452,0.0,0.22966098971006366,0.0,0.0,0.0,0.0,0.0,0.0,0.0,168.98359579065325,0.0,0.0,-266.8251921872476,0.0,13.779659382603821,0.0,0.0,897.982163516455,950.5076688440821,-849.7,-0.005741524742751591,0.0,0.0,0.0,6.88982969130191,0.0,6.889829691301911,0.0,566.2801043230742,0.0,0.0,1.1483049485503183,-1000.0,0.0,0.0,-24.513984602694286,0.0,0.0,0.0,0.0,0.0,0.0,0.0,0.0,0.0,0.0,0.0,0.0,0.0,0.0,0.0,0.0,0.0,0.0,-659.2465055365692,0.0,0.0,6.889829691301911,0.0,7.119490681011973,7.119490681011973,0.0,0.0,0.0,0.0,0.0,-344.05519830261625,-875.0,875.0,0.0,0.0,0.0,0.0,0.0,0.0,268.5935818080151,0.022966098971006363,0.0,0.0,0.0,0.0,0.0,0.0,0.0,266.8251921872476,0.0,-102.83142236011145,0.0,0.0,0.0,0.0,0.0,634.3009685406049,634.3009685406049,0.0,0.0,0.0,-874.9999999999999,-875.0774568987152,0.0,0.0,634.3239346395759,0.0,0.0,0.0,-9.052014639724163,0.0,0.0,0.0,0.0,0.0,0.0,0.0,0.0,0.0,0.0,0.0,0.0,0.0,0.0,0.0,-592.3255772570017,0.0,0.0,0.0,0.0,0.0,440.19499284413246,0.0,49.492331155917896,-49.492331155917896,252.82610898018171,0.0,0.0,0.0,0.0,0.0,0.0,85.58507667476611,-682.463982165577,0.0,0.0,0.0,0.0,0.0,0.0,0.0,0.0,0.0,0.0,0.0,0.0,0.0,407.9322035574031,-90.81356041159745,462.9047556857711,0.0,0.0,0.0,0.0,-25.595086105225885,0.0,0.0,0.0,0.0,112.66251831815879,0.0,0.0,0.0,0.0,0.0,0.0,0.0,0.0,0.0,0.7395083868685219,0.0,0.0,0.0,-621.5642528441904,279.45108484397383,947.4744946723729,0.0,-462.9047556857711,0.0,0.0,344.05519830261625,-595.6434567285241,0.0,0.0,0.0,60.3052919758498,0.0,0.0,-366.74209070492554,-366.7420907049256,0.0,0.0,0.0,366.7420907049256,1000.0,0.0,-1000.0,440.19499284413246,0.0,-148.91662538382414,0.0,0.0,0.0,0.0,0.0,0.0,0.0,634.2780024416339,91.22908932243452,0.0,-607.9182801601025,-875.0,0.0,0.0,112.66251831815879,-0.034449148456509544,0.0,0.0,0.0,0.0,0.022966098971006363,0.0,0.0,0.0,357.4652163038754,451.5101676394628,0.0,-16.34265640179619,-433.7638150651448,0.0,1000.0,0.0,702.2526951006267,0.0,-24.513984602694286,0.0,0.0,0.0,-1.9773811214036674,0.0,-700.275313979223,-344.5248507021648,-1000.0,0.0,0.0,0.0,0.0,0.0,0.0,0.0,0.0,0.0,0.0,0.0,0.0,0.0,0.0,0.0,0.0,0.0,-819.1604190356187,0.0,-1000.0,266.8251921872476,0.0,0.0,0.0,0.0,0.0,-269.3330901948836,0.0,566.2801043230742,0.0,0.0,0.0,0.0,0.0,-186.00837989613285,-0.5741524742751591,0.0,0.0,0.0,669.351461714763,0.0,0.0,184.86007494758255,-679.8865080430132,0.0,-1.1483049485503183,-172.0284187222312,0.0,0.0,250.72086671678096,-61.84172444927228,6.889829691301911,0.0,0.0,0.0,0.0,0.0,0.0,0.0,-407.9322035574031,407.9322035574031,407.9322035574031,-471.98535582343527,0.0,0.0,0.0,0.0,0.0,85.58507667476611,0.0,0.0,-118.73016166629873,0.0,-625.0000000000006,0.0,0.0,0.0,0.0,0.0,-97.70339010289936,0.04593219794200767,0.0,0.0,0.0,0.0,0.0,0.0,0.0,0.0,0.0,0.0,0.0,0.0,0.0,0.0,0.0,0.0,0.0,0.0,0.0,0.025262708868126538,0.025262708868126538,0.0,142.797014290624,0.0,13.779659382603821,0.0,0.0,0.0,453.012419394225,0.0,0.0,0.0,0.0,0.0,-317.6901314842502,-453.012419394225,0.0,0.0,0.0,0.0,0.0,0.0,0.0,0.0,0.0,0.0,0.0,0.0,0.0,219.7488351788564,-357.4652163038754,0.0,0.0,1.768389620767489,0.0,0.0,0.0,-227.23102287495584,0.0,-317.6901314842502,0.0,0.0,-415.3935215871495,0.0,0.0,407.9322035574031,0.0,0.0,0.0,0.0,0.0,0.0,0.0,0.0,0.0,0.0,0.0,0.0,0.0,13.779659382603821,344.05519830261625,344.05519830261625,0.0,0.0,0.0,0.0,0.0,0.0,0.0,0.0,0.0,0.0,0.22966098971006366,0.0,0.0,0.0,0.0,0.0,0.0,0.0,0.0,6.889829691301911,0.0,0.0,0.0,0.0,0.0,0.0,0.0,0.0,0.0,0.0,0.0,0.0,0.0,6.88982969130191,6.88982969130191,1000.0,-453.012419394225,0.0,0.0,0.0,0.0,0.0,0.0,0.0,344.5248507021648,85.58507667476611,639.1165511328189,0.022966098971006363,0.0,0.0,0.0,1.8520518384475846,746.9061206319284,0.0,0.0,0.0,-91.22908932243452,0.0,0.0,0.0,0.0,0.0,0.0,0.0,0.0,0.0,0.0,0.0,0.0,0.022966098971006363,0.0,0.0,0.0,0.0,0.0,0.0,0.0,0.0,0.0,0.0,296.9470141281906,0.0,0.0,-180.8395809643813,-1.7224574228254776,-1.1483049485503183,0.0,0.0,-375.00000000000006,-375.00000000000006,375.00000000000006,0.0,0.0,0.0,0.0,0.0,0.0,0.0,344.05519830261625,0.0,0.0,0.0,-60.69341950072196,0.0,0.0,0.0,-0.022966098971006363,0.0,0.0,0.022966098971006363,0.0,0.022966098971006363,0.0,0.0,0.0,13.779659382603821,28.018640744627767,28.018640744627767,0.0,0.0,0.0,0.0,0.0,0.0,0.0,0.0,0.0,85.58507667476611,0.0,0.0,0.0,0.0,0.0,0.0,0.0,0.0,0.0,0.0,0.0,0.0,0.0,0.0,0.0,0.0,0.0,227.23102287495584,0.0,-200.69879568620848,200.69879568620848,0.034449148456509544,0.0,0.0,0.0,-6.889829691301911,0.0,0.0,0.0,0.0,0.0,-142.797014290624,1.1483049485503183,0.0,0.0,0.0,874.9999999999999,875.0774568987152,-296.9470141281906,0.0,0.0,-625.0000000000006,0.0,0.0,0.0,0.0,0.0,344.05519830261625,0.0,0.0,-732.680520829114,-265.1351892667791,0.0,320.4067802057987,722.392136029234,0.0,-566.2801043230742,566.2801043230742,0.0,266.8251921872476,-623.6620974731519,0.0,1.1483049485503183,1000.0,0.0,464.3824704899137,0.0,-118.73016166629873,0.0,0.0,375.00000000000034,-375.00000000000034,0.0,0.0,0.0,0.0,0.0,-3.44491484565134,0.0,28.018640744627767,0.0,125.00000000000001,125.0,-125.0,0.0,0.0,0.0,0.0,0.0,0.7395083868685219,0.0,0.0,147.9643865591008,-1.8520518384475846,680.081014564944,0.0,6.889829691301911,0.0,0.0,0.0,0.0,-276.1527715299046,0.0,0.0,0.025262708868126538,0.0,0.0,0.0,14.009320372313882,0.0,0.0,0.0,0.0,-90.81356041159745,0.0,0.0,0.0,0.0,0.0,0.0,0.0,0.0,-758.2756069343399,0.0,0.0022966098971006366,0.0022966098971006366,0.0,0.0,0.0,0.0,0.0,0.0,0.0,0.0,0.0,0.0,0.0,0.0,0.0,0.0,0.0,142.797014290624,0.0,0.0,0.0,0.0,0.0,0.0,0.0,440.19499284413246,0.0,0.0,0.0,0.0,1000.0,-499.1711761811525,-749.3186561793847,0.0,0.0,0.0,13.779659382603821,0.0,0.0,0.0,0.0,0.0,712.8235071501012,-726.603166532705,0.0,0.0,0.0,0.0,0.0,0.0,0.0,0.0,0.0,0.0,0.0,0.0,-1000.0,-1000.0,15.731777795139365,-6.889829691301911,0.0,0.0,180.74771656849884,0.0,0.0,0.0,0.0,0.0,0.0,0.0,0.0,0.0,0.0,0.0,0.0,0.0,0.0,0.0,0.0,0.0,-2.870762371375796,344.05519830261625,-1.7224574228254776,-1.722457422825854,0.0,0.0,0.0,0.0,0.0,0.0,-0.2870762371375796,385.5553538535463,0.0,0.0,0.0,0.0,0.0,0.0,0.0,639.1165511328189,6.88982969130191,6.88982969130191,0.0,0.0,0.0,0.0,168.98359579065325,0.025262708868126538,142.797014290624,0.0,0.0,-180.74771656849884,0.0,0.0,0.0,0.0,0.0,0.0,0.0,0.0,0.0,0.0,0.0,0.0,0.0,0.0,0.0,0.0,0.0,7.119490681011973,0.0,24.114403919556686,1.768389620767489,0.0,0.0,0.0,0.0,0.0,142.797014290624,0.0,295.79870917964024,0.0,0.0,0.0,-2.870762371375796,0.0,0.0,0.0,0.0,0.0,0.0,0.0,0.0,0.0,0.0,0.0,0.0,0.0,0.0,0.0,0.0,0.0,0.0,-0.022966098971006363,0.0,0.0,1.1483049485503183,317.6901314842502,0.0,0.0,0.0,0.0,344.05519830261625,0.0,0.0,0.0,1.9773811214036674,0.5741524742751591,0.0,0.0,200.69879568620848,0.022966098971006363,0.0,22.966098971006364,0.0,4.593219794201273,0.1640435640786169,78.3143974911317,-0.017224574228254772,1.1483049485503183,0.4593219794201273,-0.11483049485346442,-78.3143974911317,6.88982969130191,-0.022966098971006366,8.171328200898095,0.0,0.005741524742751591,0.1640435640786169,-24.513984602694286,-3.6562029561863483,-0.45932197942011044,-300.0,-0.022966098971006366,0.005741524742751592,-78.3143974911317,2.2966098971006366,0.022966098971006366,0.022966098971006363,-142.74878548278485,0.025262708868107005,-163.65388550755716,-0.017224574228254772,6.88982969130191,0.022966098971006366,6.889829691301911,-11.483049485503184,-0.011483049485503183,315.51327707305717,23.27551010915424,-0.017224574228254772,-0.022966098971006366,0.0,0.022966098971006363,2.2966098971006366,-0.4593219794201273,227.23102287495584,227.23102287495584,-2.2966098971006366,300.0,-227.23102287495584,4.593219794201273,0.034449148456509544,-1000.0,2.2966098971006366,-219.7488351788564,0.0,-4.593219794201273,0.011483049485503181,0.22966098971006366,4.085664100449048,-260.5419694725778,-0.022966098971006363,-147.9643865591008,142.74878548278485,7.119490681011973,0.022966098971006366,3.6562029561863483,-27.55931876520762,0.0,-0.022966098971006363,-0.005741524742751591,0.0,-0.022966098971006366,-97.70339010289936,0.022966098971039628,-0.005741524742751591,-0.005741524742751591,-0.005741524742751591,9.186439588402546,11.483049485503184,0.22966098971006366,128.68499424274543,-0.005741524742751592,0.0,1.1483049485503183,50.0,0.022966098971006363,0.011483049485503181,0.011483049485503183,-43.31793476411662,0.0,0.022966098971006363,0.0,0.22966098971006366,0.022966098971006366,-352.02496557794206,0.022966098971006366,0.09186439588245321,0.11483049485346442,0.011483049485503183,0.005741524742751592,6.88982969130191,-0.022966098971006366,163.65388550755716,0.22966098971005522,-257.36998848549086,0.5741524742751594,-2.2966098971006366,4.593219794201273,1.1483049485503183,-0.022966098971006366,24.513984602694286,0.034449148456509544,-0.022966098971006366,86.63586952823324,0.0,336.52063632745194,0.011483049485503183,-100.0,-0.022966098971006366,-0.022966098971039628,-0.022966098971006366,0.011483049485503183,78.3143974911317,-4.593219794201273,0.022966098971006363,8.171328200898095,-0.005741524742751591,-0.025262708868107005,-8.171328200898095,3.4449148456509544,-23.27551010915424,429.10841057406435,78.3143974911317,-0.017224574228254772,147.9643865591008,260.5419694725778,0.022966098971006366,-0.0057415247427515925,1.1483049485503183,22.966098971006364,-0.011483049485503181,-0.022966098971006366,0.005741524742751591,467.98519418303385,0.0,849.6885169505146,223.33997133519662,-255.0,0.0,581.9841003708935,-140.0,0.0,277.569053554336,-255.0,-325.0,-150.29999999999995,-138.784526777168,127.5,127.5,0.0,70.0,-142.797014290624,-60.36786479754735,150.29999999999995,325.0,-60.36786479754735,-581.9841003708935,303.62340461950026,0.0,1496.5981,hplb
36,0.0,0.0,0.0,0.0,0.0,0.0,0.0,0.0,-0.00945931442582415,0.0,0.0,0.0,0.0,0.0,0.0,0.0,0.0,323.1822656747751,0.0,-52.87826988697401,0.0,0.0,0.0,681.9186463699236,0.0,0.0,0.0,0.0,0.0,-726.2946966254257,0.0,0.0,861.6353320830451,0.0,0.0,0.0,0.0,0.0,0.0,-1000.0,1000.0,0.0,0.0,0.0,0.0,0.0,158.0114123679325,0.0,333.5103116429506,-673.0390814081098,0.0,-392.78438498247505,0.0,0.010405245868399119,0.0,0.0,0.0,1.89186288516483,0.0,0.0,-196.75153631056597,0.0,621.091927046746,424.3403907361801,0.0,0.0,0.0,0.0,0.0,0.0,0.0,0.0945931442582415,0.0,0.0,0.0,0.0,0.0,0.0,0.0,0.0,0.0,0.0,-6.636519137646928,0.0,5.67558865549449,0.0,195.91848602013175,-1000.0,649.9929055141806,0.014188971638736225,874.5946713362591,0.0,0.0,123.90298187451822,2.837794327747245,0.0,2.837794327747245,-0.30458992451142874,0.0,0.0,0.0,0.4729657212912075,-726.2946966254257,0.0,0.0,-79.61500590286896,223.03227898453548,0.0,0.0,0.0,0.0,0.0,0.0,0.0,0.0,0.0,0.0,0.0,0.0,0.0,0.0,0.0,0.0,0.0,-449.4528875233849,0.0,0.0,2.837794327747245,0.0,2.932387472005486,2.932387472005486,0.0,0.0,332.2157403311352,-332.2157403311352,332.2157403311352,-293.77028194543885,-624.9999999999998,624.9999999999998,293.77028194543885,0.0,0.0,0.0,0.0,0.0,203.28337236856714,0.00945931442582415,874.5970361648656,0.0,0.0,-680.8460651475259,0.0,0.0,0.0,0.0,0.0,-29.25736258013012,0.0,0.0,0.0,0.0,0.0,429.75350500688864,429.75350500688864,0.0,0.0,0.0,0.0,-91.00482233692469,0.0,0.0,429.7629643213145,0.0,0.0,0.0,51.27827893529195,0.0,0.0,0.0,0.0,0.0,0.0,0.0,0.0,0.0,0.0,-1.3520513419310305,0.0,0.0,0.0,0.0,-1000.0,0.0,0.0,0.0,0.0,0.0,673.0390814081098,392.78438498247505,-350.0070944858194,350.0070944858194,0.0,0.0,0.0,0.0,0.0,0.0,0.0,0.0,-729.9688577049484,0.0,0.0,0.0,0.0,0.0,0.0,0.0,0.0,0.0,0.0,0.0,0.0,0.0,243.87202362991053,361.59751193332016,0.0,0.0,0.0,0.0,0.0,0.0,0.0,0.0,0.0,0.0,-196.75153631056597,0.0,0.0,0.0,0.0,0.0,0.0,0.0,0.0,0.0,0.0,0.0,0.0,0.0,0.0,1000.0,-623.7123978603937,0.0,0.0,0.0,0.0,0.0,11.540363599505465,0.0,0.0,0.0,237.60695645510646,0.0,0.0,560.3180820790577,0.0,0.0,0.0,560.3180820790577,-560.3180820790577,299.98581102836124,0.0,194.002204676556,673.0390814081098,0.0,32.25626219206035,0.0,0.0,0.0,2.2563618010395885,0.0,-2.2563618010395885,0.0,1000.0,0.0,0.0,0.0,0.0,0.0,0.0,-196.75153631056597,-0.014188971638736225,0.0,0.0,0.0,0.0,0.00945931442582415,0.0,0.0,0.0,997.1622056722528,0.0,0.0,-132.9816048459314,-119.4240114183317,0.0,937.1738066642995,0.0,13.55141384643567,0.0,-79.61500590286896,0.0,0.0,0.0,-0.8144469720634517,0.0,-12.73696687437222,-838.1549369912482,-1000.0,0.0,0.0,0.0,0.0,0.0,0.0,0.0,0.0,0.0,0.0,0.0,0.0,0.0,0.0,0.0,0.0,0.0,-999.9621627422969,0.0,-1000.0,0.0,0.0,0.0,0.0,0.0,0.0,-203.28337236856714,0.0,6.636519137646928,0.0,0.0,0.0,0.0,0.0,-204.80991717027555,0.0,0.0,0.0,-0.4729657212912075,0.0,0.0,0.0,0.0,0.0,-0.23648286064560375,0.0,-231.1500179095943,0.0,232.33243221282234,0.0,204.40379727092693,2.837794327747245,0.0,0.0,0.0,0.0,0.0,0.0,0.0,-243.87202362991053,243.87202362991053,243.87202362991053,-468.73624581702074,0.0,0.0,-1000.0,0.0,0.0,0.0,0.0,0.0,-1.6661005808684308,0.0,0.0,65.66398766344777,0.0,0.0,0.0,0.0,-99.05406855741758,0.01891862885122464,0.0,0.0,0.0,0.0,0.0,0.0,0.0,0.0,0.0,0.0,0.0,0.0,0.0,0.0,0.0,0.0,0.0,0.0,0.0,0.010405245868399119,0.010405245868399119,0.0,284.23773618529214,0.0,5.67558865549449,0.0,0.0,0.0,950.6995744458943,0.0,0.0,195.91848602013175,0.0,0.0,-344.06338557762956,-950.6995744458943,0.0,0.0,0.0,0.0,0.0,65.66398766344777,0.0,0.0,0.0,0.0,0.0,0.0,0.0,149.81762917446164,-997.1622056722528,457.8137861629905,204.33695144898434,196.64685323092021,0.0,1000.0,-876.0970181254818,-876.0970181254818,0.0,-344.06338557762956,0.0,0.0,-443.1174541350471,0.0,0.0,243.87202362991053,0.0,0.0,0.0,0.0,0.0,0.0,0.0,0.0,0.0,0.0,0.0,0.0,0.0,5.67558865549449,0.0,0.0,0.0,0.0,0.0,0.0,0.0,0.0,0.0,0.0,0.0,0.0,0.0945931442582415,0.0,0.0,195.91848602013175,-195.91848602013175,0.0,392.78438498247505,0.0,0.0,2.837794327747245,0.0,0.0,0.0,0.0,204.33695144898434,0.0,0.0,0.0,0.0,0.0,934.3360123365522,0.0,0.0,2.837794327747245,2.837794327747245,1000.0,-950.6995744458943,0.0,65.66398766344777,0.0,0.0,0.0,0.0,0.0,564.4496336166739,0.0,1000.0,0.00945931442582415,0.0,0.0,0.0,0.7628261419111046,801.4593888347248,0.0,-123.90298187451822,0.0,0.0,0.0,0.0,0.0,0.0,0.0,0.0,0.0,0.0,0.0,0.0,0.0,0.0,0.00945931442582415,0.0,0.0,0.0,0.0,0.0,0.0,0.0,0.0,0.0,0.0,0.30458992451142874,0.0,0.0,-196.98928041313476,-0.7094485819368114,0.0,-0.47296572129120584,0.0,0.0,0.0,0.0,0.0,0.0,0.0,0.0,0.0,0.0,0.0,0.0,0.0,0.0,0.0,437.2091952050405,0.0,0.0,0.0,-0.00945931442582415,0.0,0.0,0.00945931442582415,0.0,0.00945931442582415,0.0,0.0,0.0,5.67558865549449,11.540363599505465,11.540363599505465,0.0,0.0,0.0,0.0,0.0,0.0,6.636519137646928,457.8137861629905,0.0,0.0,0.0,0.0,0.0,0.0,0.0,0.0,0.0,0.0,0.0,0.0,0.0,0.0,0.0,0.0,0.0,0.0,0.0,0.0,0.0,-569.7590219700132,569.7590219700132,0.014188971638736225,0.0,0.0,0.0,-2.837794327747245,0.0,0.0,0.0,0.0,0.0,-284.23773618529214,0.4729657212912075,0.0,0.0,0.0,0.0,91.00482233692469,-0.30458992451142874,-0.47296572129120584,0.0,0.0,0.0,0.0,0.0,0.0,0.0,0.0,0.0,0.0,1000.0,40.365712555381606,0.0,271.21355659827964,721.8443829318559,196.95144315543163,-203.58796229307856,6.636519137646928,0.0,0.0,0.0,0.0,0.47296572129120584,1000.0,0.0,442.884783860535,0.0,-393.50307262113193,0.0,0.0,0.0,0.0,0.0,0.0,0.0,0.0,0.0,0.0,-0.06684582194263156,11.540363599505465,0.0,0.0,0.0,0.0,0.0,0.0,0.0,0.0,0.0,0.0,0.0,0.0,286.29923610915995,-0.7628261419111046,-949.6013267707403,0.0,2.837794327747245,195.91848602013175,0.0,0.0,0.0,-232.25587316834776,0.0,0.0,0.010405245868399119,0.0,0.0,0.0,5.770181799752732,0.0,0.0,0.0,0.0,361.59751193332016,0.0,223.03227898453548,0.0,0.0,0.0,0.0,0.0,0.0,0.0,0.0,0.0009459314425824422,0.0009459314425824422,0.0,0.0,0.0,0.0,0.0,0.0,0.0,0.0,0.0,0.0,0.0,0.0,0.0,0.0,0.0,284.23773618529214,0.0,0.0,0.0,0.0,0.0,0.0,0.0,673.0390814081098,0.0,0.0,0.0,391.8369720402635,876.1897414494387,-8.77111003443099,323.1822656747751,0.0,0.0,0.0,5.675588655494494,0.0,0.0,0.0,0.0,0.0,-147.49432343340766,141.81873477791316,0.0,391.8369720402635,0.0,0.0,0.0,0.0,0.0,0.0,0.0,0.0,0.0,0.0,-1000.0,-1000.0,6.479630381689545,-146.23649688852544,143.3987025607782,0.0,0.0,0.0,0.0,0.0,0.0,0.0,0.0,0.0,0.0,0.0,937.5,0.0,-937.5,-937.5,0.0,0.0,0.0,0.0,-1.1824143032280172,0.0,-0.7094485819368114,-0.6426027599942188,0.0,0.0,0.0,0.0,0.0,-1000.0,999.8817585696772,1.6661005808684308,0.0,0.0,0.0,0.0,0.0,0.0,0.0,1000.0,2.837794327747245,2.837794327747245,0.0,0.0,0.0,0.0,0.0,0.010405245868399119,284.23773618529214,0.0,0.0,0.0,0.0,0.0,0.0,0.0,0.0,0.0,0.0,0.0,0.0,0.0,0.0,0.0,0.0,0.0,284.8795109850066,0.0,0.0,2.932387472005486,0.0,9.932280147115357,203.28337236856714,0.0,0.0,0.0,0.0,0.0,284.23773618529214,0.0,0.0,0.0,0.0,0.0,-1.1824143032280172,0.0,0.0,0.0,0.0,0.0,0.0,0.0,0.0,0.0,0.0,0.0,0.0,0.0,0.0,0.0,0.0,0.0,0.0,-0.00945931442582415,0.0,0.0,0.4729657212912075,344.06338557762956,0.0,0.0,0.0,0.0,0.0,0.0,0.0,0.0,0.8144469720634517,0.23648286064560375,0.0,0.0,0.0,0.00945931442582415,0.0,9.45931442582415,0.0,1.89186288516483,0.06756653161302964,32.25626219206035,-0.007094485819368113,0.4729657212912173,0.189186288516483,-0.04729657212895555,-32.25626219206035,2.837794327747245,-0.00945931442582415,26.53833530095632,65.66398766344777,0.0023648286064560375,0.06756653161302964,-79.61500590286896,-197.42440887672285,-0.189186288516483,-270.3039957878011,-0.00945931442582415,0.0023648286064560375,-32.25626219206035,240.85808373827152,0.00945931442582415,0.00945931442582415,-284.2178716249979,-195.90808077426337,0.0,-0.007094485819368113,2.837794327747245,0.00945931442582415,2.837794327747247,-4.729657212912075,-0.004729657212912075,188.48737438586804,-0.9553907570082392,-0.007094485819368113,-0.00945931442582415,0.0,0.00945931442582415,0.945931442582415,-0.189186288516483,0.0,0.0,-0.9459314425824061,270.3039957878011,0.0,1.89186288516483,0.014188971638736225,-732.1676560034948,0.945931442582415,-149.81762917446164,65.66398766344777,-1.89186288516483,0.004729657212912075,0.0945931442582415,33.24540121148285,42.25757544054643,-0.00945931442582415,-286.3660819311026,284.2178716249979,2.932387472005486,0.00945931442582415,197.42440887672285,-185.59934194323048,65.66398766344777,-0.00945931442582415,-0.0023648286064560375,-65.66398766344777,-0.00945931442582415,-322.08634754195305,0.00945931442582415,-0.0023648286064560375,-0.0023648286064560375,-0.0023648286064560375,3.78372577032966,4.729657212912075,0.0945931442582415,7.008169575232614,-0.0023648286064560375,39.95246712200938,0.4729657212912075,50.0,0.00945931442582415,0.004729657212912075,0.004729657212912075,33.7779252743063,0.0,0.00945931442582415,0.0,0.0945931442582415,0.00945931442582415,-7.008169575232614,0.00945931442582415,0.0378372577031314,0.04729657212895555,0.004729657212912075,0.0023648286064560375,2.837794327747245,-0.00945931442582415,0.0,0.0945931442582415,-14.016339150465228,0.2364828606455941,-0.945931442582415,1.89186288516483,0.4729657212912075,-0.00945931442582415,79.61500590286896,0.014188971638736225,-0.00945931442582415,-67.5558505486126,0.0,273.7308951421816,0.004729657212912075,-100.0,-0.00945931442582415,-0.00945931442582415,-0.00945931442582415,0.004729657212912075,32.25626219206035,-1.89186288516483,0.00945931442582415,66.4908024229657,-0.0023648286064560375,195.90808077426337,-66.4908024229657,1.4188971638736225,0.9553907570082392,-32.43719294340142,32.25626219206035,-0.007094485819368113,286.3660819311026,-42.25757544054643,0.00945931442582415,-0.0023648286064560375,0.47296572129120584,9.45931442582415,-0.004729657212912075,-0.00945931442582415,0.0023648286064560375,1000.0,0.0,432.1629263462819,0.0,-27.523233047227016,0.0,634.61876229635,-140.0,239.9121522956891,-80.0,-255.0,184.70836667954603,-300.0,40.0,13.761616523613508,127.5,-239.9121522956891,70.0,-284.23773618529214,-41.47502197383387,300.0,-184.70836667954603,-41.47502197383387,-634.61876229635,409.63608639849906,0.0,1496.5981,hplb
37,0.0,0.0,0.0,0.0,0.0,0.0,0.0,0.0,0.0,0.0,0.0,0.0,0.0,0.0,0.0,0.0,-401.0644174096683,701.0644174096683,0.0,0.0,0.0,0.0,0.0,3.1875879606877326,0.0,0.0,0.0,0.0,0.0,-827.5217079086088,0.0,0.0,116.42996443374592,0.0,0.0,0.0,0.0,0.0,0.0,-1000.0,992.8330077261005,0.0,0.0,0.0,0.0,0.0,0.0,0.0,-494.0540859376399,-625.1116594102728,0.0,-930.2241800040541,0.0,0.0,0.0,0.0,0.0,0.0,0.0,0.0,124.93842725957273,0.0,-83.4446327941656,-402.33885833240475,0.0,0.0,0.0,0.0,202.05436509401505,-202.05436509401505,0.0,0.0,0.0,0.0,0.0,0.0,0.0,0.0,0.0,0.0,0.0,0.0,0.0,0.0,0.0,0.0,23.00579033969779,-268.61725573804125,0.0,233.51157908129534,0.0,0.0,0.0,460.45955534163056,0.0,0.0,139.93621914776372,0.0,0.0,0.0,0.0,0.0,-827.5217079086088,0.0,0.0,-12.307859581884287,455.8318265574303,0.0,0.0,0.0,0.0,0.0,0.0,0.0,0.0,0.0,0.0,0.0,0.0,0.0,0.0,0.0,0.0,0.0,-373.5491177350738,0.0,0.0,139.93621914776372,0.0,0.0,0.0,0.0,0.0,0.0,0.0,0.0,-443.8326527978119,0.0,0.0,0.0,0.0,0.0,0.0,0.0,0.0,23.00579033969779,0.0,0.0,0.0,0.0,-1000.0,168.80422381500034,0.0,0.0,0.0,0.0,271.2232467905294,0.0,0.0,0.0,0.0,0.0,134.12201687072059,134.12201687072059,0.0,0.0,0.0,0.0,-339.9740344939853,0.0,0.0,134.12201687072059,0.0,0.0,0.0,378.1270118871388,0.0,0.0,0.0,0.0,0.0,0.0,0.0,0.0,0.0,0.0,-147.94421759927084,0.0,0.0,0.0,0.0,-1000.0,0.0,0.0,0.0,0.0,0.0,625.1116594102728,930.2241800040541,-167.55283832837296,167.55283832837296,443.8326527978119,0.0,0.0,0.0,0.0,0.0,0.0,0.0,-663.2842927948991,0.0,0.0,0.0,0.0,0.0,0.0,0.0,0.0,0.0,0.0,0.0,0.0,0.0,122.78880631021866,415.300168775333,792.4160312518629,0.0,0.0,0.0,0.0,-443.8326527978119,0.0,0.0,0.0,0.0,124.93842725957273,792.4160312518629,0.0,0.0,417.810867235499,0.0,0.0,0.0,0.0,0.0,579.9329521108084,0.0,139.93621914776372,0.0,-167.55283832837296,0.0,0.0,0.0,-792.4160312518629,0.0,0.0,443.8326527978119,-26.193378300385522,0.0,0.0,0.0,153.10871693601678,0.0,0.0,853.4393606930181,0.0,1000.0,-146.56063930698178,1000.0,0.0,-167.55283832837296,0.0,365.9587407529224,625.1116594102728,0.0,0.0,0.0,0.0,0.0,-342.659830446859,0.0,342.659830446859,0.0,65.10464585162723,0.0,0.0,-1000.0,0.0,0.0,0.0,124.93842725957273,0.0,0.0,0.0,0.0,0.0,0.0,0.0,0.0,0.0,280.1308287414279,-401.0644174096683,0.0,-432.042655949382,207.78888479722647,0.0,1000.0,0.0,0.0,0.0,-12.307859581884287,0.0,0.0,0.0,0.0,0.0,0.0,-305.67027272133373,-1000.0,0.0,0.0,0.0,0.0,0.0,0.0,0.0,0.0,0.0,0.0,0.0,0.0,0.0,0.0,0.0,0.0,417.810867235499,-1000.0,0.0,-1000.0,0.0,0.0,579.9329521108082,0.0,0.0,0.0,-602.9387424505062,0.0,0.0,0.0,0.0,0.0,0.0,0.0,-638.8851656278706,-436.83080053385555,-202.05436509401505,-58.224546909632124,0.0,0.0,0.0,0.0,638.8851656278707,0.0,436.83080053385555,0.0,0.0,0.0,0.0,1000.0,-887.6653055956237,139.93621914776372,-250.00000000000023,250.00000000000023,0.0,0.0,0.0,0.0,0.0,-122.78880631021866,122.78880631021866,122.78880631021866,267.30785958188426,0.0,0.0,0.0,0.0,0.0,0.0,0.0,0.0,-147.94421759927084,0.0,-287.2154502975121,132.76922687386417,0.0,0.0,0.0,0.0,-100.0,0.0,0.0,0.0,0.0,0.0,0.0,0.0,0.0,0.0,0.0,0.0,0.0,0.0,0.0,0.0,0.0,0.0,0.0,0.0,0.0,0.0,0.0,0.0,278.469897951668,0.0,0.0,0.0,0.0,0.0,1000.0,0.0,0.0,23.00579033969779,0.0,0.0,430.7488632981634,-1000.0,0.0,0.0,20.193915654968805,0.0,0.0,132.76922687386417,0.0,0.0,0.0,0.0,0.0,0.0,0.0,124.51637257835795,-280.1308287414279,375.3639496275693,0.0,23.00579033969779,0.0,-230.52794586295693,690.9875012045875,690.9875012045875,0.0,430.7488632981634,0.0,1000.0,-669.2511367018366,-375.00000000000034,375.00000000000034,122.78880631021866,0.0,0.0,0.0,0.0,0.0,0.0,0.0,0.0,0.0,0.0,0.0,0.0,0.0,0.0,443.8326527978119,443.8326527978119,0.0,0.0,0.0,0.0,0.0,0.0,0.0,0.0,0.0,0.0,0.0,0.0,0.0,23.00579033969779,-23.00579033969779,0.0,930.2241800040541,0.0,0.0,139.93621914776372,-20.193915654968805,0.0,0.0,0.0,0.0,0.0,0.0,0.0,0.0,0.0,0.0,423.39812032832396,0.0,0.0,0.0,523.7653180102412,-1000.0,0.0,132.76922687386417,0.0,0.0,0.0,0.0,0.0,133.19198062994258,0.0,605.1949231041986,0.0,0.0,0.0,0.0,0.0,0.0,0.0,-460.45955534163056,0.0,0.0,0.0,0.0,0.0,0.0,0.0,0.0,0.0,0.0,0.0,0.0,0.0,0.0,0.0,0.0,0.0,0.0,-332.66274232732053,332.66274232732053,0.0,0.0,0.0,0.0,-602.9387424505062,579.9329521108082,0.0,0.0,0.0,0.0,0.0,0.0,0.0,0.0,0.0,0.0,0.0,0.0,0.0,0.0,0.0,0.0,0.0,443.8326527978119,0.0,0.0,0.0,-887.6653055956237,0.0,0.0,0.0,0.0,0.0,0.0,0.0,0.0,0.0,0.0,0.0,0.0,0.0,0.0,0.0,0.0,0.0,0.0,0.0,0.0,0.0,0.0,375.3639496275693,0.0,0.0,0.0,0.0,0.0,0.0,0.0,0.0,0.0,0.0,0.0,0.0,0.0,0.0,0.0,0.0,0.0,0.0,0.0,0.0,0.0,0.0,0.0,0.0,0.0,0.0,0.0,-139.93621914776372,0.0,0.0,0.0,0.0,0.0,-278.469897951668,0.0,0.0,0.0,0.0,0.0,339.9740344939853,0.0,0.0,0.0,-287.2154502975121,0.0,0.0,0.0,0.0,0.0,443.8326527978119,0.0,20.193915654968805,0.0,155.6810916414493,0.0,-139.51897478465781,-12.307859581884259,0.0,0.0,0.0,0.0,0.0,-26.193378300385522,0.0,0.0,1000.0,0.0,0.0,0.0,-193.9557982786664,125.00000000000011,-125.00000000000011,-125.00000000000011,125.00000000000011,0.0,0.0,0.0,0.0,0.0,426.41411555093885,-278.469897951668,0.0,0.0,0.0,0.0,0.0,0.0,0.0,0.0,0.0,0.0,579.9329521108084,0.0,0.0,0.0,0.0,410.6810916414493,0.0,0.0,23.00579033969779,0.0,0.0,0.0,-103.91574191599648,0.0,0.0,0.0,0.0,0.0,0.0,0.0,0.0,0.0,0.0,0.0,415.300168775333,0.0,455.8318265574303,0.0,0.0,0.0,0.0,0.0,0.0,-1000.0,0.0,0.0,0.0,0.0,0.0,0.0,0.0,0.0,0.0,0.0,0.0,0.0,0.0,0.0,0.0,0.0,0.0,0.0,278.469897951668,0.0,0.0,0.0,0.0,0.0,0.0,0.0,625.1116594102728,0.0,0.0,0.0,46.01158067939558,0.0,0.0,701.0644174096683,0.0,0.0,0.0,0.0,0.0,0.0,0.0,0.0,0.0,863.3015832663523,-863.3015832663523,0.0,46.01158067939558,0.0,0.0,0.0,0.0,0.0,0.0,0.0,0.0,0.0,0.0,-1000.0,-1000.0,0.0,0.0,-139.93621914776372,0.0,0.0,0.0,0.0,0.0,0.0,0.0,0.0,0.0,0.0,0.0,0.0,0.0,0.0,0.0,0.0,0.0,0.0,0.0,0.0,443.8326527978119,0.0,278.469897951668,0.0,0.0,0.0,0.0,0.0,0.0,0.0,147.94421759927084,0.0,0.0,0.0,0.0,0.0,0.0,0.0,605.1949231041986,0.0,0.0,0.0,0.0,0.0,0.0,0.0,0.0,278.469897951668,0.0,0.0,0.0,0.0,0.0,0.0,0.0,0.0,0.0,0.0,0.0,0.0,0.0,0.0,0.0,0.0,0.0,0.0,0.0,0.0,0.0,0.0,0.0,0.0,0.0,23.00579033969779,0.0,0.0,0.0,278.469897951668,0.0,579.9329521108082,0.0,0.0,0.0,0.0,0.0,0.0,0.0,0.0,0.0,0.0,0.0,0.0,0.0,0.0,0.0,0.0,0.0,0.0,0.0,0.0,0.0,0.0,0.0,0.0,0.0,0.0,-430.7488632981634,0.0,0.0,0.0,0.0,443.8326527978119,0.0,0.0,0.0,0.0,0.0,0.0,0.0,0.0,0.0,0.0,0.0,0.0,0.0,0.0,0.0,0.0,0.0,0.0,0.0,0.0,0.0,0.0,4.102619860628096,132.76922687386417,0.0,0.0,-12.307859581884287,-23.005790339698024,0.0,-300.0,0.0,0.0,0.0,0.0,0.0,0.0,-278.469897951668,-23.00579033969779,-191.81424526997733,0.0,0.0,0.0,139.93621914776372,139.93621914776372,0.0,-54.79328235678349,443.8326527978119,0.0,0.0,0.0,0.0,0.0,0.0,0.0,0.0,0.0,300.0,0.0,0.0,0.0,-134.56891608826572,0.0,-124.51637257835795,132.76922687386417,0.0,0.0,0.0,108.0106639873455,155.6810916414493,0.0,-278.469897951668,278.469897951668,0.0,0.0,23.005790339698024,-7.166992273899552,132.76922687386417,0.0,0.0,-132.76922687386417,0.0,-555.8318265574303,0.0,0.0,0.0,0.0,0.0,-139.93621914776372,0.0,0.0,0.0,211.9187081140629,0.0,50.0,0.0,0.0,0.0,66.38461343693209,0.0,0.0,0.0,0.0,0.0,0.0,0.0,0.0,0.0,0.0,0.0,0.0,0.0,191.81424526997733,0.0,0.0,0.0,0.0,0.0,0.0,0.0,12.307859581884287,0.0,0.0,-132.76922687386417,0.0,128.1267300929025,0.0,-100.0,0.0,0.0,0.0,0.0,0.0,0.0,0.0,216.021327974691,0.0,23.00579033969779,-216.021327974691,0.0,-443.8326527978119,-214.28490604771963,0.0,0.0,278.469897951668,-155.6810916414493,0.0,0.0,0.0,0.0,0.0,0.0,0.0,1000.0,0.0,68.61017533534334,0.0,-255.0,0.0,4.766879113858522,-128.73782401563022,0.0,-80.0,-255.0,514.8829244122271,-65.95874075292238,40.0,127.5,127.5,0.0,64.36891200781511,-278.469897951668,-24.210988176906028,65.95874075292238,-514.8829244122271,-24.210988176906028,-4.766879113858522,5.966935693879037,0.0,1496.5981,hplb
38,0.0,0.0,0.0,0.0,0.0,0.0,0.0,0.0,-0.004720072220377627,0.0,0.0,0.0,0.0,0.0,0.0,0.0,112.12499999999875,-812.1249999999987,0.0,1000.0,0.0,0.0,0.0,687.2966154331697,0.0,0.0,0.0,0.0,0.0,-954.4919261444365,0.0,0.0,127.6763278028757,0.0,0.0,0.0,0.0,832.37504878052,0.0,-1000.0,876.6793130564872,0.0,0.0,597.4720104172875,0.0,0.0,169.14060006189732,0.0,675.1194872284777,-527.942589808332,0.0,430.2245715013275,0.0,0.005192079442167596,0.0,0.0,0.0,0.9440144440755254,0.0,0.0,75.91758212488743,0.0,443.029031606977,18.551686018009036,0.0,0.0,0.0,0.0,0.0,0.0,0.0,0.04720072220377627,0.0,0.0,0.0,0.0,0.0,0.0,0.0,46.32986814010563,0.0,0.0,-270.28850233127463,0.0,2.832043332226576,0.0,90.46504608619006,583.6150421364242,0.0,59.37212224475729,-0.0011800180550944068,0.0,0.0,231.10664815125085,1.416021666113288,0.0,123.32068694351277,0.0,0.0,0.0,0.0,677.4032679553263,-954.4919261444365,0.0,0.0,-12.219358601054184,0.0,0.0,0.0,0.0,0.0,0.0,0.0,0.0,0.0,0.0,0.0,0.0,0.0,0.0,0.0,0.0,0.0,0.0,-411.5774278552243,0.0,0.0,123.32068694351277,0.0,1.4632223883170645,1.4632223883170645,0.0,0.0,0.0,0.0,0.0,-500.39492771385534,0.0,0.0,0.0,0.0,0.0,0.0,0.0,0.0,361.11699397843375,0.004720072220377627,0.0,0.0,0.0,0.0,-437.05809003884997,0.0,0.0,0.0,0.0,196.25910871815768,0.0,0.0,0.0,0.0,0.0,-43.63053307400094,-43.63053307400094,0.0,0.0,0.0,-375.00000000000006,-658.5686646390794,0.0,0.0,-43.62581300178056,0.0,0.0,0.0,-493.0144058352387,0.0,0.0,0.0,0.0,0.0,0.0,0.0,0.0,0.0,0.0,-1000.0,0.0,0.0,0.0,0.0,-805.6070714242614,0.0,0.0,0.0,0.0,0.0,527.942589808332,-430.2245715013275,171.49004213642547,-171.49004213642547,500.39492771385534,0.0,0.0,0.0,0.0,0.0,0.0,0.0,-239.47593343277276,0.0,0.0,0.0,0.0,0.0,0.0,0.0,0.0,0.0,0.0,0.0,0.0,0.0,363.5974054021007,518.0628323511171,597.4720104172875,0.0,0.0,0.0,0.0,-359.02432288969817,0.0,0.0,0.0,0.0,75.91758212488743,0.0,0.0,0.0,0.0,0.0,0.0,0.0,0.0,0.0,0.15198632549481772,0.0,121.90466527739947,0.0,171.49004213642547,0.0,1000.0,0.0,-597.4720104172875,0.0,0.0,500.39492771385534,-798.1402083264372,0.0,0.0,0.0,51.46475801117572,0.0,0.0,0.0,0.0,435.9784283481268,-435.9784283481269,435.9784283481268,0.0,171.49004213642547,0.0,-469.1449157271478,527.942589808332,0.0,-125.27515855266947,0.0,0.0,0.0,572.5326408543701,0.0,-572.5326408543701,0.0,0.0,0.0,0.0,-1000.0,-375.00000000000006,0.0,0.0,75.91758212488743,-0.00708010833056644,0.0,0.0,0.0,0.0,0.004720072220377627,0.0,0.0,0.0,540.7637933310966,112.12499999999875,0.0,-515.3448728276397,597.5884620661635,0.0,1000.0,0.0,325.24717806453845,0.0,-12.219358601054184,0.0,0.0,0.0,922.8039072728106,-248.05108533734915,-1000.0,-568.9712411556525,264.52711800521047,0.0,0.0,0.0,0.0,0.0,0.0,0.0,0.0,0.0,0.0,0.0,0.0,0.0,0.0,0.0,0.0,0.0,-167.60607093059832,0.0,-1000.0,0.0,0.0,0.0,0.0,0.0,0.0,-361.2689803039286,0.0,270.28850233127463,0.0,0.0,677.1672643443075,0.0,0.0,0.0,0.0,248.05108533734915,-146.51580094023478,0.0,0.0,70.43411726427664,0.0,-338.8196357831726,-336.35963999648925,-0.11800180550944067,-0.23600361101888134,-533.0880440860567,0.0,37.359934453912615,1000.0,-1000.0,123.32068694351277,0.0,0.0,0.0,0.0,0.0,0.0,0.0,-363.5974054021007,363.5974054021007,363.5974054021007,266.2753441569787,0.0,0.0,-145.88979134289417,0.0,0.0,0.0,0.0,0.0,-167.62967129170036,0.0,0.0,0.0,0.0,0.0,0.0,0.0,-42.31594463124566,0.009440144440752363,0.0,0.0,0.0,0.0,0.0,0.0,0.0,0.0,0.0,0.0,0.0,0.0,0.0,0.0,0.0,0.0,0.0,0.0,0.0,0.005192079442167596,0.005192079442167596,0.0,358.3870956041766,0.0,2.832043332226576,0.0,0.0,0.0,-551.8454745539772,0.0,0.0,90.46504608619006,0.0,0.0,503.92611856519136,551.8454745539772,0.0,0.0,0.0,0.0,0.0,0.0,0.0,0.0,0.0,0.0,0.0,0.0,0.0,137.19247595174144,-540.7637933310966,437.05809003884997,0.0,90.82849164715913,0.0,231.10664815125085,0.0,-141.37060482415717,0.0,503.92611856519136,0.0,461.6101739339457,0.0,0.0,0.0,363.5974054021007,0.0,0.0,0.0,0.0,0.0,0.0,0.0,0.0,0.0,0.0,0.0,0.0,0.0,2.832043332226576,500.39492771385534,500.39492771385534,0.0,0.0,0.0,0.0,0.0,0.0,0.0,0.0,0.0,0.0,0.04720072220377627,0.0,0.0,90.46504608619006,-90.46504608619006,0.0,-430.2245715013275,0.0,0.0,123.32068694351277,0.0,0.0,0.0,0.0,0.0,0.0,0.0,0.0,0.0,0.0,0.0,102.00849140055459,0.0,1.416021666113288,1.416021666113288,1000.0,551.8454745539772,0.0,0.0,0.0,0.0,0.0,0.0,0.0,523.463167300089,0.0,1000.0,0.004720072220377627,0.0,0.0,0.0,0.38064010977188145,0.0,0.0,-231.10664815125085,0.0,0.0,0.0,0.0,0.0,0.0,0.0,0.0,0.0,0.0,0.0,0.0,0.0,0.0,0.004720072220377627,0.0,0.0,0.0,0.0,0.0,0.0,0.0,0.0,0.0,0.0,-90.98047797265394,0.0,0.0,-832.3939290694017,-0.354005416528322,-0.23600361101887302,0.0,0.0,0.0,0.0,0.0,0.0,0.0,0.0,0.0,0.0,0.0,0.0,500.39492771385534,0.0,0.0,0.0,-962.4040619350685,0.0,0.0,0.0,-0.004720072220377627,0.0,0.0,0.004720072220377627,0.0,0.004720072220377627,0.0,0.0,0.0,2.832043332226576,5.758488108860705,5.758488108860705,0.0,0.0,0.0,0.0,0.0,0.0,270.28850233127463,437.05809003885,0.0,0.0,0.0,0.0,0.0,923.2103054909849,0.0,0.0,0.0,0.0,0.0,0.0,0.0,0.0,0.0,0.0,0.0,0.0,0.0,141.37060482415717,0.0,0.0,0.0,0.00708010833056644,0.0,0.0,0.0,-123.32068694351277,0.0,0.0,0.0,0.0,0.0,-358.3870956041766,0.23600361101888134,0.0,0.0,0.0,375.00000000000006,658.5686646390794,361.2689803039286,0.0,0.0,0.0,0.0,0.0,0.0,0.0,0.0,500.39492771385534,0.0,0.0,0.0,-5.21030979792414,0.0,761.1140755947745,-12.21935860105421,0.0,0.0,270.28850233127463,-270.28850233127463,0.0,-803.8986964352979,0.0,0.23600361101887302,929.4813132703239,0.0,41.21783682486881,0.0,-348.55976346408045,0.0,0.0,0.0,0.0,0.0,0.0,0.0,0.0,0.0,1000.0,-0.7080108330569459,5.758488108860705,0.0,0.0,0.0,0.0,0.0,0.0,0.0,0.0,0.0,0.15198632549481772,0.0,0.0,358.7411010207049,-0.38064010977188145,241.06227666659763,0.0,1.416021666113288,90.46504608619006,0.0,0.0,0.0,-36.06702433198008,0.0,0.0,0.005192079442167596,0.0,0.0,0.0,2.8792440544303526,0.0,0.0,0.0,0.0,518.0628323511171,0.0,0.0,0.0,0.0,0.0,0.0,0.0,0.0,-461.03281429025276,0.0,0.00047200722203777357,0.00047200722203777357,0.0,0.0,0.0,0.0,0.0,0.0,0.0,0.0,0.0,0.0,0.0,0.0,0.0,0.0,0.0,358.3870956041766,0.0,0.0,0.0,0.0,0.0,0.0,0.0,527.942589808332,0.0,0.0,0.0,180.9300921723801,1000.0,0.0,-812.1249999999987,0.0,0.0,0.0,2.832043332226576,0.0,0.0,0.0,0.0,0.0,0.0,-2.832043332226576,0.0,180.9300921723801,0.0,0.0,0.0,0.0,0.0,0.0,0.0,0.0,0.0,0.0,264.52711800521047,-1000.0,926.4435549619437,0.0,-123.32068694351277,0.0,832.37504878052,0.0,0.0,0.0,0.0,0.0,0.0,0.0,0.0,0.0,0.0,0.0,0.0,0.0,0.0,0.0,0.0,0.0,-0.590009027547195,500.39492771385534,-677.5212697608357,923.5643109075135,0.0,0.0,0.0,0.0,0.0,-0.05900090275472033,0.0,167.62967129170036,0.0,0.0,0.0,0.0,0.0,0.0,0.0,1000.0,1.416021666113288,1.416021666113288,0.0,0.0,0.0,0.0,46.32986814010563,0.005192079442167596,358.3870956041766,0.0,0.0,-832.37504878052,0.0,0.0,0.0,0.0,0.0,0.0,0.0,0.0,0.0,0.0,0.0,0.0,0.0,0.0,0.0,0.0,0.0,1.4632223883170645,0.0,4.956075831396508,250.75484845164473,0.0,110.362145526789,0.0,0.0,0.0,358.3870956041766,0.0,-361.50498391494745,0.0,0.0,0.0,-0.590009027547195,0.0,0.0,0.0,0.0,0.0,0.0,0.0,0.0,0.0,0.0,0.0,0.0,0.0,0.0,0.0,0.0,0.0,0.0,-0.004720072220377627,0.0,0.0,0.23600361101888134,-503.92611856519136,0.0,0.0,0.0,0.0,500.39492771385534,0.0,0.0,0.0,-922.8039072728106,0.11800180550944067,0.0,0.0,0.0,0.004720072220377627,0.0,4.720072220377626,0.0,0.9440144440755254,0.0337148015741259,16.09544627148771,-0.00354005416528322,338.8196357831726,0.09440144440755255,-0.023600361102012357,-16.09544627148771,1.416021666113288,-0.004720072220377627,4.073119533684728,0.0,0.0011800180550944068,0.03371480157412591,-12.219358601054182,-91.21648158367282,-0.09440144440755255,-300.0,-0.004720072220377627,0.0011800180550944068,-16.09544627148771,0.4720072220377627,0.004720072220377627,0.004720072220377627,-358.37718345251403,-90.45985400674763,-145.55355523201297,-0.00354005416528322,1.416021666113288,0.004720072220377627,123.32068694351277,119.54462916721066,-0.0023600361101888136,-26.266836284036344,358.54759559544004,-0.00354005416528322,-0.004720072220377627,0.0,0.004720072220377627,0.4720072220377627,-0.09440144440755255,141.37060482415717,141.37060482415717,-0.4720072220377627,300.0,-141.37060482415717,0.9440144440755254,0.00708010833056644,-1000.0,0.4720072220377627,-137.19247595174144,0.0,-0.9440144440755254,0.0023600361101888136,0.04720072220377627,128.83621820690993,-4.266295353848614,-0.004720072220377627,-359.44911185376185,358.37718345251403,1.4632223883170645,0.004720072220377627,91.21648158367282,-127.56875194185278,0.0,-0.004720072220377627,-0.0011800180550944068,0.0,-0.004720072220377627,-42.31594463124566,0.004720072220493421,-0.0011800180550944068,-0.0011800180550944068,-0.0011800180550944068,1.8880288881510507,-119.54462916721066,0.04720072220377627,3.496983506271796,-0.0011800180550944068,253.59931688013515,0.23600361101888134,21.39397592664171,0.004720072220377627,0.0023600361101888136,0.0023600361101888136,0.4720072220377627,0.0,0.004720072220377627,0.0,0.04720072220377627,0.004720072220377627,-3.496983506271796,0.004720072220377627,0.018880288881661045,0.023600361102012357,0.0023600361101888136,0.0011800180550944068,1.416021666113288,-0.004720072220377627,145.55355523201297,0.047200722203776274,-6.993967012543592,338.70163397766316,-0.4720072220377627,0.9440144440755254,0.23600361101888134,-0.004720072220377627,12.219358601054182,0.00708010833056644,-0.004720072220377627,-0.9440144440755254,0.0,216.81968588076387,0.0023600361101888136,-42.78795185328342,-0.004720072220377627,-0.004720072220493421,-0.004720072220377627,0.0023600361101888136,16.09544627148771,-0.9440144440755254,0.004720072220377627,257.67243641381987,-0.0011800180550944068,90.45985400674763,-257.67243641381987,0.7080108330566439,-358.54759559544004,285.36486790669846,16.09544627148771,-0.00354005416528322,359.44911185376185,4.266295353848614,0.004720072220377627,-0.0011800180550944066,0.23600361101887302,4.720072220377627,-0.0023600361101888136,-0.004720072220377627,0.0011800180550944068,1000.0,0.0,769.135475582707,0.0,-255.0,0.0,285.5042238594984,-140.0,0.0,428.8522231692938,-255.0,-325.0,-230.86216438118277,-214.4261115846469,127.5,127.5,0.0,70.0,-358.3870956041766,-180.75266154878378,230.86216438118277,325.0,-180.75266154878378,-285.5042238594984,206.3004842896567,0.0,1496.5981,hplb
39,0.0,0.0,0.0,0.0,0.0,0.0,0.0,0.0,-0.05675328309133356,0.0,0.0,0.0,0.0,0.0,0.0,0.0,0.0,0.0,0.0,184.77430874753188,0.0,0.0,0.0,0.0,0.0,0.0,0.0,0.0,0.0,-500.0425649623185,0.0,0.0,138.74575244368148,0.0,0.0,0.0,0.0,999.7729868676346,0.0,-1000.0,669.1658152345141,0.0,0.0,0.0,0.0,0.0,0.0,0.0,500.0425649623185,-338.31943708664284,0.0,0.0,0.0,0.06242861140052304,0.0,0.0,0.0,11.350656618266711,0.0,0.0,52.321636356252526,0.0,119.63749010523728,0.0,0.0,0.0,0.0,0.0,860.4610777877735,-721.155084390394,0.0,0.5675328309133356,0.0,0.0,0.0,0.0,0.0,0.0,0.0,0.0,0.0,0.0,0.0,0.0,34.051969854800134,0.0,0.0,0.0,500.0425649623185,0.0,104.9820072112797,0.0,0.0,0.0,17.025984927400067,0.0,463.65189363582704,-512.4536225357831,0.0,0.0,0.0,2.837664154566678,-500.0425649623185,0.0,0.0,0.0,0.0,246.29656605619238,0.0,0.0,0.0,0.0,0.0,0.0,0.0,0.0,0.0,0.0,0.0,0.0,0.0,0.0,0.0,0.0,-439.3335302368872,0.0,0.0,463.65189363582704,0.0,17.593517758313403,0.0,0.0,804.7170046399655,-804.7170046399655,0.0,0.0,828.0408735385101,-375.00000000000034,375.00000000000034,-1000.0,0.0,0.0,0.0,0.0,0.0,4.370002798032694,0.05675328309133356,104.99619553205252,0.0,0.0,0.0,0.0,0.0,0.0,0.0,0.0,414.49206760275547,0.0,0.0,0.0,0.0,0.0,272.9695878496601,272.9695878496601,0.0,0.0,0.0,0.0,693.4448170046834,0.0,0.0,273.02634113275144,0.0,0.0,0.0,-749.4418440771283,0.0,0.0,0.0,0.0,0.0,0.0,0.0,0.0,0.0,0.0,-554.578464797745,0.0,0.0,0.0,0.0,-1000.0,0.0,0.0,0.0,0.0,0.0,338.31943708664284,0.0,-500.0425649623185,500.0425649623185,0.0,0.0,0.0,0.0,0.0,0.0,0.0,0.0,-693.4448170046834,0.0,0.0,0.0,0.0,0.0,0.0,0.0,0.0,0.0,0.0,0.0,0.0,0.0,68.92461525404269,369.3272219449604,0.0,0.0,0.0,0.0,32.65313306411031,0.0,0.0,0.0,0.0,0.0,52.321636356252526,0.0,0.0,0.0,0.0,0.0,0.0,0.0,0.0,0.0,0.0,0.0,446.62590870842695,0.0,-0.0851299246370445,1000.0,0.0,0.0,0.0,0.0,0.0,171.9591264614898,701.3414600769006,0.0,0.0,0.0,106.12022467526958,0.0,0.0,-1000.0,0.0,1000.0,-1000.0,0.0,1000.0,0.0,0.0,-815.3108211771051,338.31943708664284,0.0,158.34165982482062,0.0,0.0,0.0,-228.25315728125133,0.0,228.25315728125133,0.0,1000.0,139.3059933973795,32.65313306411031,0.0,0.0,0.0,0.0,52.321636356252526,-0.08512992463700034,0.0,0.0,0.0,0.0,0.05675328309133356,0.0,0.0,0.0,536.348106364173,0.0,0.0,-694.7924499848203,583.2156028176669,0.0,1000.0,0.0,431.0838125979636,0.0,0.0,0.0,0.0,0.0,417.372049961097,0.0,-848.4558625590605,-783.5080682900142,-1000.0,0.0,0.0,0.0,0.0,0.0,0.0,0.0,0.0,0.0,0.0,0.0,0.0,0.0,0.0,0.0,0.0,0.0,0.0,0.0,-1000.0,0.0,0.0,510.62616682024037,0.0,0.0,0.0,-4.370002798032694,0.0,0.0,0.0,349.7790592413191,0.0,-860.4610777877735,-279.2352353148363,452.89768902871356,0.0,0.0,562.9916593751122,0.0,0.0,0.0,279.2352353148363,-455.7353531832802,0.0,-1.418832077283339,-2.837664154566678,0.0,0.0,-241.5018935349669,0.0,0.0,463.65189363582704,0.0,0.0,0.0,0.0,0.0,0.0,0.0,-68.92461525404269,68.92461525404269,68.92461525404269,200.97366933729165,0.0,0.0,-727.0871654334312,0.0,0.0,0.0,0.0,0.0,-67.31585374898475,0.0,-796.8780411353316,132.81770887034108,0.0,0.0,0.0,0.0,-94.32467169086664,0.11350656618270501,0.0,0.0,0.0,0.0,0.0,0.0,0.0,0.0,0.0,0.0,0.0,0.0,0.0,0.0,0.0,0.0,0.0,0.0,0.0,0.06242861140052304,0.06242861140052304,0.0,337.57395863577597,0.0,34.051969854800134,0.0,223.76167295677118,0.0,1000.0,0.0,0.0,0.0,0.0,0.0,811.0719089051427,-1000.0,0.0,0.0,0.0,0.0,0.0,132.81770887034108,0.0,0.0,0.0,0.0,0.0,0.0,0.0,146.4445100789624,-536.348106364173,0.0,0.0,4.370002798032694,0.0,0.0,0.0,0.0,0.0,811.0719089051427,0.0,349.4107446839321,367.336492530344,-125.00000000000011,125.00000000000011,68.92461525404269,0.0,0.0,0.0,0.0,0.0,0.0,0.0,0.0,0.0,0.0,0.0,0.0,0.0,34.051969854800134,171.95912646148986,171.9591264614898,0.0,0.0,0.0,0.0,0.0,0.0,0.0,0.0,0.0,0.0,0.5675328309133356,0.0,0.0,0.0,0.0,0.0,0.0,0.0,0.0,463.65189363582704,0.0,0.0,0.0,0.0,0.0,0.0,0.0,0.0,0.0,0.0,460.83372889602424,-1000.0,0.0,17.025984927400067,17.025984927400067,1000.0,-1000.0,0.0,132.81770887034108,0.0,0.0,0.0,0.0,0.0,283.5506332523327,0.0,516.4592617023477,0.05675328309133356,0.0,0.0,-925.0491820660238,1000.0,0.0,0.0,0.0,0.0,-139.3059933973795,0.0,0.0,0.0,0.0,0.0,0.0,0.0,0.0,0.0,0.0,0.0,0.0,0.05675328309133356,0.0,0.0,0.0,0.0,0.0,0.0,0.0,0.0,0.0,-493.74383597779234,1000.0,0.0,0.0,-1000.0,-4.256496231850017,-2.83766415456671,0.0,0.0,375.00000000000006,375.00000000000006,-375.00000000000006,0.0,0.0,0.0,0.0,0.0,0.0,0.0,171.95912646148986,0.0,0.0,0.0,-238.66422938040023,0.0,0.0,0.0,-0.05675328309133356,0.0,0.0,0.05675328309133356,0.0,0.05675328309133356,0.0,0.0,0.0,34.051969854800134,69.23900537142694,69.23900537142694,0.0,0.0,0.0,0.0,0.0,0.0,0.0,0.0,0.0,0.0,0.0,0.0,0.0,422.25850763526086,0.0,0.0,0.0,0.0,0.0,0.0,0.0,0.0,0.0,0.0,0.0,0.0,0.0,0.0,0.0,0.0,0.0,0.08512992463700034,0.0,0.0,0.0,-463.65189363582704,0.0,0.0,0.0,0.0,0.0,-337.57395863577597,2.837664154566678,0.0,0.0,0.0,0.0,-693.4448170046834,-489.37383317975963,0.0,0.0,-796.8780411353316,0.0,0.0,0.0,0.0,0.0,171.95912646148986,0.0,0.0,1000.0,268.6493433817333,0.0,313.6493433817333,0.0,0.0,0.0,0.0,0.0,0.0,632.1024547054736,223.76167295677118,2.837664154566678,779.4226899372247,0.0,0.0,0.0,-67.31585374898475,-375.00000000000034,375.00000000000034,-375.00000000000034,375.00000000000034,0.0,0.0,0.0,0.0,0.0,896.4089196653711,-350.34344733132616,69.23900537142694,0.0,0.0,0.0,0.0,0.0,0.0,0.0,0.0,0.0,0.0,0.0,0.0,0.0,-74.95081793397617,223.42952758582294,0.0,17.025984927400067,0.0,0.0,0.0,0.0,86.06462197115815,0.0,0.0,0.06242861140052304,0.0,0.0,0.0,34.61950268571347,0.0,0.0,0.0,0.0,369.3272219449604,0.0,0.0,0.0,0.0,0.0,0.0,0.0,0.0,568.9784245295591,0.0,0.0056753283091333555,0.0056753283091333555,0.0,0.0,0.0,0.0,0.0,0.0,0.0,0.0,0.0,-925.0491820660238,0.0,0.0,0.0,0.0,0.0,337.57395863577597,0.0,0.0,0.0,0.0,0.0,0.0,0.0,338.31943708664284,0.0,0.0,0.0,0.0,-115.64319300312599,-14.850754464128869,0.0,0.0,0.0,0.0,34.051969854800134,0.0,0.0,0.0,0.0,0.0,965.9480301451998,-1000.0,0.0,0.0,0.0,0.0,0.0,0.0,0.0,0.0,0.0,0.0,0.0,0.0,-516.4592617023477,-1000.0,461.13450655282435,250.00000000000023,-713.6518936358273,0.0,999.7729868676346,0.0,0.0,0.0,0.0,0.0,0.0,0.0,0.0,0.0,0.0,0.0,0.0,0.0,0.0,0.0,0.0,223.76167295677118,-7.094160386416661,171.9591264614898,-4.256496231850017,768.3454587347369,0.0,0.0,0.0,0.0,0.0,250.97275464109217,-251.68217067973384,67.31585374898475,0.0,0.0,0.0,0.0,0.0,0.0,0.0,1000.0,17.025984927400067,17.025984927400067,0.0,0.0,0.0,0.0,0.0,0.06242861140052304,337.57395863577597,0.0,0.0,-999.7729868676346,0.0,0.0,0.0,0.0,0.0,0.0,0.0,0.0,0.0,0.0,0.0,0.0,0.0,0.0,0.0,0.0,0.0,0.0,0.0,59.59094724590024,4.370002798032694,0.0,0.0,0.0,0.0,0.0,337.57395863577597,0.0,484.7087133096502,0.0,0.0,0.0,-7.094160386416661,0.0,0.0,0.0,0.0,0.0,0.0,0.0,0.0,0.0,0.0,0.0,0.0,0.0,0.0,0.0,0.0,0.0,0.0,-0.05675328309133356,0.0,0.0,2.837664154566678,-811.0719089051427,0.0,0.0,0.0,0.0,171.9591264614898,0.0,0.0,0.0,-417.372049961097,1.418832077283339,0.0,0.0,0.0,0.05675328309133356,0.0,56.75328309133355,-17.593517758313403,11.350656618266711,0.40538059350952543,158.34165982482062,-0.04256496231850017,2.837664154566662,1.1350656618266712,-0.2837664154567392,-158.34165982482062,17.025984927400067,-0.05675328309133356,0.0,132.81770887034108,0.01418832077283339,0.40538059350952543,0.0,-9.03512266814215,-1.1350656618266712,-184.77430874753188,-0.05675328309133357,0.01418832077283339,-158.34165982482062,5.675328309133356,0.05675328309133356,0.05675328309133356,-337.4547767412841,0.06242861140046692,-233.07042413454812,-0.04256496231850017,17.025984927400067,0.05675328309133356,463.65189363582704,418.24926716276013,-0.02837664154566678,-181.42164346820735,-5.73208159222469,-0.04256496231850017,-0.05675328309133356,-17.593517758313403,0.05675328309133356,5.675328309133356,-1.1350656618266712,0.0,0.0,-5.675328309133356,184.77430874753188,0.0,11.350656618266711,0.08512992463700034,191.62100344141575,5.675328309133356,-146.4445100789624,132.81770887034108,-11.350656618266711,0.02837664154566678,0.5675328309133356,173.69811249620508,280.0,-0.05675328309133356,-350.34344733132616,337.4547767412841,17.593517758313403,0.05675328309133356,9.03512266814215,-381.91213954768625,132.81770887034108,-0.05675328309133356,-0.01418832077283339,-132.81770887034108,-0.05675328309133356,-94.32467169086664,0.05675328309133356,-0.01418832077283339,-0.01418832077283339,-0.01418832077283339,22.701313236533423,-418.24926716276013,0.5675328309133356,42.04708861029289,-0.01418832077283339,347.39622499241017,2.837664154566678,50.0,0.05675328309133356,0.02837664154566678,0.02837664154566678,-13.895380486441006,17.593517758313403,0.05675328309133356,-17.593517758313403,0.5675328309133356,0.05675328309133356,-42.04708861029289,0.056753283091334206,0.2270131323654141,0.2837664154567392,0.02837664154566678,0.01418832077283339,17.025984927400067,-0.05675328309133356,233.07042413454812,0.5675328309133356,-84.09417722058578,1.418832077283355,-5.675328309133356,11.350656618266711,2.837664154566678,-0.056753283091334206,0.0,0.08512992463700034,-0.05675328309133356,27.790760972882026,17.593517758313403,19.61714885796458,0.02837664154566678,-100.0,-0.05675328309133356,-0.05675328309133356,-0.05675328309133357,0.02837664154566678,158.34165982482062,-11.350656618266711,0.05675328309133356,347.39622499241017,-0.01418832077283339,-0.06242861140046692,-347.39622499241017,8.512992463700032,5.73208159222469,-560.4132197952706,158.34165982482062,-0.04256496231850017,350.34344733132616,-280.0,0.05675328309133357,-0.014188320772833387,352.61672339588574,56.75328309133355,-0.02837664154566678,-0.05675328309133356,0.01418832077283339,0.0,0.0,-191.64938008296141,0.0,-255.0,0.0,468.6654714211266,-140.0,0.0,-80.0,-212.32432595555838,-325.0,0.0,40.0,127.5,106.16216297777919,0.0,70.0,-337.57395863577597,-105.68177082912273,0.0,325.0,-105.68177082912273,-468.6654714211266,422.45114132983974,0.0,1496.5981,hplb
40,0.0,0.0,0.0,0.0,0.0,0.0,0.0,0.0,-0.10506754727261307,0.0,0.0,0.0,0.0,0.0,0.0,0.0,-91.43983986220758,319.6874199314249,0.0,0.0,0.0,0.0,0.0,117.92846284330346,0.0,0.0,0.0,0.0,0.0,325.5309051711149,0.0,0.0,990.3587953486945,0.0,0.0,0.0,0.0,999.5797298109096,0.0,-1000.0,1000.0,0.0,-114.27199068006917,-144.19773352129317,0.0,0.0,0.0,0.0,-204.16532246768332,0.0,0.0,0.0,0.0,0.11557430199957253,0.0,0.0,0.0,0.0,0.0,0.0,-89.57582389159411,0.0,89.57582389159411,0.0,1000.0,0.0,0.0,0.0,756.2120623039234,-756.2120623039234,0.0,1.0506754727261307,0.0,0.0,0.0,0.0,0.0,0.0,0.0,0.0,0.0,0.0,0.0,0.0,63.04052836356784,0.0,80.3228752284527,0.0,0.0,0.0,681.5250945172486,0.0,0.0,1000.0,31.52026418178392,0.0,31.52026418178392,-661.8342034557701,356.1463561341497,0.0,0.0,434.7253353843841,325.5309051711149,0.0,0.0,-42.779872053672364,0.0,1000.0,0.0,0.0,0.0,0.0,0.0,0.0,0.0,0.0,0.0,0.0,0.0,0.0,0.0,0.0,0.0,0.0,-429.7292601297241,0.0,0.0,31.52026418178392,0.0,32.57093965451005,29.93907662023947,0.0,125.00000000000466,-14.261419889626268,-110.7385801103784,110.7385801103784,0.0,0.0,0.0,0.0,0.0,0.0,0.0,0.0,0.0,88.41307636844394,0.10506754727261307,681.5513614040667,0.0,0.0,0.0,-20.696337485719656,0.0,0.0,0.0,0.0,620.9655263455495,0.0,0.0,0.0,0.0,0.0,999.8949324527274,999.8949324527274,0.0,0.0,0.0,0.0,-852.680788143419,0.0,0.0,1000.0,0.0,0.0,0.0,14.104910626130856,-578.3289690608451,0.0,0.0,0.0,0.0,0.0,0.0,0.0,0.0,0.0,0.0,0.0,0.0,0.0,0.0,-581.6664462899555,0.0,0.0,0.0,0.0,0.0,0.0,114.27199068006917,154.11125811580823,-154.11125811580823,0.0,0.0,0.0,0.0,0.0,0.0,0.0,0.0,1000.0,0.0,0.0,0.0,0.0,0.0,0.0,0.0,0.0,0.0,0.0,0.0,0.0,0.0,77.69597506013469,-37.27664360523512,-144.19773352129317,0.0,0.0,0.0,0.0,0.0,0.0,0.0,0.0,0.0,-89.57582389159411,0.0,0.0,0.0,0.0,0.0,0.0,0.0,0.0,0.0,341.54897156640806,21.013509454522612,0.0,0.0,-342.64836306624875,-611.0316118621262,64.21792632819407,0.0,144.19773352129317,0.0,0.0,0.0,128.18240767258794,0.0,0.0,0.0,-50.75049525351784,0.0,0.0,233.81473463968177,0.0,0.0,-641.1852653603189,875.0000000000008,-875.0000000000008,154.11125811580823,0.0,677.9640005149165,0.0,0.0,353.0166101310693,0.0,0.0,0.0,130.2653553362054,0.0,-130.2653553362054,0.0,1000.0,0.0,0.0,1000.0,0.0,0.0,0.0,-89.57582389159411,-0.1576013209089196,0.0,0.0,0.0,0.0,0.10506754727261307,0.0,0.0,0.0,208.59721054176347,-91.43983986220758,0.0,-687.0251161550772,-235.1300465685398,578.3289690608451,902.5337736363065,0.0,-862.7975924503608,0.0,-42.779872053672364,0.0,0.0,0.0,918.9824142980884,504.49181742863436,-560.6766392763622,1000.0,-824.8421678427698,0.0,0.0,0.0,0.0,0.0,0.0,0.0,0.0,0.0,0.0,0.0,0.0,0.0,0.0,0.0,0.0,0.0,0.0,0.0,-1000.0,0.0,0.0,1000.0,0.0,188.26051944069394,0.0,-429.96204793485197,0.0,356.1463561341497,0.0,120.45871742318734,429.47195802075345,-1000.0,0.0,-770.3557484976524,0.0,-260.70387973255777,841.6155623797847,-209.81117646390152,-1000.0,370.71573933234123,0.0,550.366392123645,1000.0,-2.6266886818153266,204.55779910027087,-1000.0,0.0,0.0,1000.0,480.2626519714708,31.52026418178392,0.0,0.0,0.0,0.0,0.0,0.0,0.0,-77.69597506013469,77.69597506013469,77.69597506013469,-618.6942975979416,0.0,0.0,-241.17876077990334,0.0,0.0,0.0,0.0,0.0,-18.50589732628282,0.0,0.0,128.98649054547738,0.0,0.0,0.0,0.0,-89.49324527273869,0.21013509454519408,0.0,0.0,0.0,0.0,0.0,0.0,0.0,0.0,0.0,0.0,0.0,0.0,0.0,0.0,0.0,0.0,0.0,0.0,0.0,0.11557430199957253,0.11557430199957253,0.0,188.93325703462287,0.0,63.04052836356784,0.0,1.457554069284697,0.0,-1000.0,0.0,0.0,80.3228752284527,0.0,0.0,41.377199160731195,1000.0,0.0,0.0,1000.0,0.0,0.0,128.98649054547738,0.0,0.0,0.0,0.0,0.0,0.0,0.0,143.24308670990803,-208.59721054176347,20.696337485719656,0.0,88.41307636844394,0.0,1000.0,0.0,0.0,0.0,41.377199160731195,0.0,-853.2394303456329,805.1233842336253,375.00000000000034,-375.00000000000034,77.69597506013469,0.0,0.0,0.0,0.0,0.0,0.0,0.0,0.0,0.0,0.0,0.0,0.0,0.0,63.04052836356784,0.0,0.0,0.0,0.0,0.0,0.0,0.0,0.0,0.0,0.0,0.0,0.0,1.0506754727261307,0.0,0.0,80.3228752284527,-80.3228752284527,0.0,114.27199068006917,0.0,0.0,31.52026418178392,-1000.0,0.0,0.0,0.0,0.0,0.0,0.0,0.0,0.0,0.0,-128.98649054548235,0.0,0.0,31.52026418178392,31.52026418178392,-688.4506153778796,1000.0,0.0,128.98649054547738,0.0,0.0,0.0,0.0,0.0,-325.5309051711149,0.0,-273.4670655766894,0.10506754727261307,0.0,0.0,0.0,19.000399342138046,895.4606601970913,0.0,-1000.0,0.0,0.0,0.0,0.0,0.0,0.0,0.0,0.0,0.0,0.0,0.0,0.0,0.0,0.0,0.10506754727261307,0.0,0.0,0.0,513.1746783150152,-513.1746783150152,0.0,0.0,0.0,0.0,0.0,926.1843081992977,0.0,0.0,-1000.0,-7.88006604544598,0.0,-5.253377363630649,0.0,0.0,0.0,0.0,0.0,0.0,0.0,0.0,0.0,0.0,0.0,0.0,578.3289690608451,0.0,0.0,485.51602933510145,0.0,0.0,0.0,-0.10506754727261307,0.0,0.0,0.10506754727261307,0.0,0.10506754727261307,0.0,0.0,0.0,63.04052836356784,128.18240767258794,128.18240767258794,0.0,0.0,0.0,0.0,0.0,0.0,0.0,20.696337485719656,0.0,0.0,0.0,0.0,276.19033151733987,651.8383986009203,0.0,0.0,0.0,0.0,0.0,0.0,0.0,0.0,0.0,0.0,0.0,0.0,0.0,0.0,0.0,0.0,0.0,0.1576013209089196,0.0,0.0,0.0,-31.52026418178392,0.0,0.0,0.0,0.0,0.0,-188.93325703462287,5.253377363630653,0.0,0.0,0.0,0.0,852.680788143419,0.0,-5.253377363630649,0.0,0.0,0.0,0.0,0.0,0.0,0.0,0.0,0.0,1000.0,1000.0,111.23728197448818,0.0,324.68282803119706,852.680788143419,0.0,-429.96204793485197,356.1463561341497,73.81569180070227,0.0,0.0,1.457554069284697,5.253377363630649,1000.0,0.0,548.5565576986693,0.0,-179.15164778318822,0.0,0.0,0.0,0.0,0.0,0.0,0.0,0.0,0.0,0.0,-15.76013209089183,128.18240767258794,0.0,0.0,0.0,0.0,0.0,0.0,0.0,0.0,0.0,341.54897156640806,0.0,0.0,196.81332308006884,-19.000399342138046,-703.0326129325688,-114.27199068006917,31.52026418178392,80.3228752284527,0.0,0.0,0.0,135.09668722121646,0.0,0.0,0.11557430199957253,0.0,0.0,0.0,64.09120383629397,0.0,0.0,0.0,0.0,-37.27664360523512,0.0,0.0,0.0,0.0,0.0,0.0,0.0,0.0,875.0000000000003,0.0,81.66480806436266,0.010506754727261307,0.0,0.0,0.0,0.0,0.0,0.0,0.0,0.0,0.0,0.0,0.0,0.0,0.0,0.0,0.0,188.93325703462287,0.0,0.0,0.0,0.0,0.0,0.0,0.0,0.0,0.0,0.0,0.0,160.6457504569054,0.0,405.19098900288714,319.6874199314249,0.0,0.0,0.0,63.04052836356783,0.0,0.0,0.0,0.0,0.0,355.8309265586253,-418.87145492219315,0.0,160.6457504569054,0.0,0.0,0.0,0.0,0.0,0.0,0.0,0.0,0.0,0.0,448.62489773391974,1000.0,1000.0,0.0,-31.52026418178392,0.0,999.5797298109096,0.0,0.0,0.0,0.0,0.0,0.0,0.0,0.0,0.0,0.0,0.0,0.0,0.0,0.0,0.0,0.0,1.457554069284697,-13.133443409076628,0.0,-437.3520240661994,935.908796163706,0.0,0.0,0.0,0.0,0.0,0.0,-1.3133443409076635,18.50589732628282,0.0,0.0,0.0,0.0,0.0,0.0,0.0,1000.0,31.52026418178392,31.52026418178392,0.0,0.0,0.0,0.0,0.0,0.11557430199957253,188.93325703462287,0.0,0.0,-999.5797298109096,81.6543013096354,0.0,0.0,0.0,0.0,0.0,0.0,0.0,0.0,0.0,0.0,0.0,0.0,0.0,0.0,0.0,0.0,29.93907662023947,0.0,110.32092463624372,0.0,0.0,88.41307636844394,0.0,0.0,0.0,188.93325703462287,0.0,338.1657965442299,0.0,0.0,0.0,-13.133443409076628,0.0,0.0,0.0,0.0,0.0,0.0,0.0,0.0,0.0,0.0,0.0,0.0,0.0,0.0,0.0,0.0,0.0,0.0,-0.10506754727261307,0.0,0.0,5.253377363630653,-41.377199160731195,0.0,0.0,0.0,0.0,0.0,0.0,0.0,0.0,-918.9824142980884,2.6266886818153266,0.0,0.0,0.0,0.10506754727261307,0.0,105.06754727261306,-2.6318630342705807,21.013509454522612,0.7504824805186647,353.0166101310693,-0.07880066045445978,219.98935637400737,2.1013509454522614,-0.5253377363629852,-353.0166101310693,31.52026418178392,-0.10506754727261307,14.259957351224122,128.98649054547738,0.026266886818153267,0.7504824805186647,-42.779872053672364,-97.0496287542527,-2.1013509454522614,-228.24758006921735,-0.10506754727261307,0.026266886818153267,-353.0166101310693,239.07558650377467,0.10506754727261307,0.10506754727261307,-188.71261518535067,-80.20730092645283,-98.83163631699733,-0.07880066045445978,31.52026418178392,0.10506754727261307,31.52026418178392,-52.533773636306535,-0.052533773636306534,-436.5741459212075,-10.61182227453392,-0.07880066045445978,-0.10506754727261307,-2.6318630342705807,0.10506754727261307,10.506754727261306,-2.1013509454522614,0.0,0.0,-10.506754727261296,228.24758006921735,0.0,21.013509454522612,0.15760132090891957,-806.0724557972404,10.506754727261306,-143.24308670990803,128.98649054547738,-21.013509454522612,0.05253377363630653,1.0506754727261307,171.7562790387693,132.25079142901077,-0.10506754727261307,-212.57345517096067,188.71261518535067,32.57093965451005,0.10506754727261307,97.0496287542527,-225.66339795817163,128.98649054547738,-0.10506754727261307,-0.026266886818153267,-128.98649054547738,-0.10506754727261307,-89.49324527273869,0.10506754727248335,-0.026266886818153267,-0.026266886818153267,-0.026266886818153267,42.027018909045225,52.533773636306535,1.0506754727261307,203.3673800271609,-0.026266886818153267,329.2526007263145,5.253377363630653,50.0,0.10506754727261307,0.052533773636306534,0.052533773636306534,75.0,2.6318630342705807,0.10506754727261307,-2.6318630342705807,1.0506754727261307,0.10506754727261307,-454.4183019102931,0.10506754727261307,0.42027018909038816,0.5253377363629852,0.052533773636306534,0.026266886818153267,31.52026418178392,-0.10506754727261307,98.83163631699733,1.0506754727261307,-406.7347600543218,217.36266769219205,-10.506754727261306,21.013509454522612,5.253377363630653,-0.10506754727261307,42.779872053672364,0.15760132090891957,-0.10506754727261307,-150.0,2.6318630342705807,544.7457563848018,0.052533773636306534,-100.0,-0.10506754727261307,-0.10506754727248335,-0.10506754727261307,0.052533773636306534,353.0166101310693,-21.013509454522612,0.10506754727261307,343.5125580775386,-0.026266886818153267,80.20730092645283,-343.5125580775386,15.760132090891958,10.61182227453392,294.64875302599586,353.0166101310693,-0.07880066045445978,212.57345517096067,-132.25079142901077,0.10506754727261307,-0.026266886818153264,125.71209478681799,105.06754727261306,-0.052533773636306534,-0.10506754727261307,0.026266886818153267,0.0,0.0,651.9086639077958,251.05092188313222,-255.0,0.0,235.36709941973737,-140.0,228.56883177651338,-80.0,-255.0,-325.0,-154.11125811580823,40.0,127.5,127.5,-228.56883177651338,70.0,-188.93325703462287,-679.8424436060183,154.11125811580823,325.0,-679.8424436060183,-235.36709941973737,225.26187132532385,0.0,1496.5981,hplb
41,0.0,0.0,0.0,0.0,0.0,0.0,0.0,0.0,-0.1168664894548751,0.0,0.0,0.0,0.0,0.0,0.0,0.0,0.17529973418231265,0.0,0.0,154.78214479968221,0.0,0.0,0.0,318.18243436316476,0.0,0.0,0.0,0.0,0.0,-333.6746087807403,0.0,0.0,62.17371670386048,0.0,0.0,0.0,0.0,999.5325340421807,0.0,-1000.0,126.27988463198503,0.0,0.0,394.49403519025464,0.0,0.0,0.0,0.0,-666.500690953442,0.0,0.0,0.0,0.0,0.12855313840066174,0.0,0.0,0.0,0.0,0.0,0.0,14.127376423941087,0.0,0.0,-59.13087936185991,0.0,0.0,0.0,0.0,0.0,0.0,0.0,1.1686648945487512,0.0,0.0,0.0,0.0,0.0,0.0,0.0,0.0,0.0,0.0,-173.10105202447505,0.0,70.11989367292507,0.0,0.0,580.2669956780569,-837.5715248507554,1000.0,-0.029216622363718775,0.0,0.0,0.0,35.05994683646254,0.0,35.05994683646254,0.0,782.7063322658602,0.0,0.0,5.843324472743755,-1000.0,0.0,0.0,-75.24353387918649,0.0,0.0,0.0,0.0,0.0,0.0,0.0,0.0,0.0,0.0,0.0,0.0,0.0,0.0,0.0,0.0,0.0,0.0,-466.2567578200726,0.0,0.0,35.05994683646254,0.0,36.228611731011284,21.314851095709763,0.0,-281.24999999999915,0.0,281.24999999999915,-281.24999999999915,-1000.0,0.0,0.0,926.741744214199,0.0,0.0,0.0,0.0,0.0,182.09977171250043,0.1168664894548751,0.0,0.0,0.0,0.0,0.0,0.0,0.0,173.10105202447505,0.0,351.75347608613765,0.0,0.0,0.0,0.0,0.0,980.4621929347197,980.4621929347197,0.0,0.0,0.0,0.0,-215.85238105707697,0.0,0.0,980.5790594241746,0.0,0.0,0.0,49.58196343340023,-819.2838438832008,0.0,0.0,0.0,0.0,0.0,0.0,0.0,0.0,0.0,-434.81389024925954,0.0,0.0,0.0,0.0,-1000.0,0.0,0.0,0.0,0.0,0.0,0.0,0.0,86.23369527538512,-86.23369527538512,73.258255785801,0.0,0.0,0.0,0.0,0.0,0.0,666.3253912192597,-712.9816090728344,0.0,0.0,0.0,0.0,0.0,0.0,0.0,0.0,0.0,0.0,0.0,0.0,0.0,0.0,-53.25340421804996,1000.0,0.0,0.0,0.0,0.0,81.2248338665633,0.0,0.0,0.0,0.0,14.127376423941087,605.5059648097454,0.0,0.0,0.0,0.0,0.0,0.0,0.0,0.0,373.21607047220976,23.37329789097502,0.0,0.0,1000.0,76.19477987385949,0.0,0.0,-1000.0,0.0,0.0,73.258255785801,0.0,0.0,0.0,0.0,-369.36030856712387,0.0,0.0,-1000.0,-1000.0,0.0,0.0,0.0,1000.0,-751.3378295753703,0.0,327.24953535045245,0.0,0.0,214.20411811815683,0.0,0.0,0.0,-750.7851314413015,0.0,750.7851314413015,0.0,1000.0,0.0,0.0,-849.5944343567337,0.0,0.0,0.0,14.127376423941087,-0.17529973418231265,0.0,0.0,0.0,0.0,0.1168664894548751,0.0,0.0,0.0,437.2408930389633,0.17529973418231265,0.0,-463.7962979154628,-469.58351196802954,819.2838438832008,161.33983146844756,0.0,-588.2291922156402,0.0,-75.24353387918649,0.0,0.0,0.0,-10.062204742065044,331.3832333633233,266.90816359438196,-1000.0,-1000.0,0.0,0.0,0.0,0.0,0.0,0.0,0.0,0.0,0.0,0.0,0.0,0.0,0.0,0.0,0.0,0.0,0.0,0.0,0.0,-1000.0,173.10105202447505,0.0,369.45296951176283,365.020123858777,0.0,0.0,-555.3158421847102,0.0,782.7063322658602,0.0,0.0,0.0,-331.3832333633233,435.08067479287325,-188.35338640213226,0.0,0.0,0.0,0.0,0.0,-424.2688916453713,-435.08067479287325,0.0,0.0,-2.9216622363718776,-5.843324472743755,0.0,0.0,443.8456615019889,91.64091978692522,0.0,35.05994683646254,0.0,0.0,0.0,790.5069500049526,0.0,0.0,0.0,0.0,0.0,0.0,-483.63671401674105,0.0,0.0,-19.654673554735155,0.0,0.0,666.3253912192597,0.0,0.0,-45.003502937918825,0.0,375.00000000000034,0.0,0.0,0.0,0.0,0.0,-88.3133510545125,0.23373297890972444,0.0,0.0,0.0,0.0,0.0,0.0,0.0,0.0,0.0,0.0,0.0,0.0,0.0,0.0,0.0,0.0,0.0,0.0,0.0,0.12855313840066174,0.12855313840066174,0.0,248.08256575245787,0.0,70.11989367292507,0.0,0.0,0.0,1000.0,0.0,0.0,0.0,0.0,0.0,-138.3705722207401,-1000.0,0.0,0.0,0.0,0.0,0.0,0.0,0.0,0.0,0.0,0.0,0.0,0.0,0.0,155.41891927335755,-437.2408930389633,0.0,0.0,8.998719688025377,0.0,0.0,0.0,-154.4830896523643,0.0,-138.3705722207401,0.0,0.0,-226.6839232752526,0.0,0.0,0.0,0.0,0.0,0.0,0.0,0.0,0.0,0.0,0.0,0.0,0.0,0.0,0.0,0.0,70.11989367292507,73.258255785801,73.258255785801,0.0,0.0,0.0,0.0,0.0,0.0,0.0,0.0,0.0,0.0,1.1686648945487512,0.0,0.0,0.0,0.0,0.0,0.0,0.0,0.0,35.05994683646254,0.0,0.0,0.0,0.0,0.0,0.0,0.0,0.0,0.0,0.0,362.47483386656245,0.0,0.0,35.05994683646254,35.05994683646254,1000.0,-1000.0,0.0,0.0,0.0,0.0,0.0,0.0,0.0,1000.0,666.3253912192597,704.4957484660501,0.1168664894548751,0.0,0.0,-524.373325910704,593.4528160658069,0.0,0.0,0.0,0.0,0.0,0.0,0.0,0.0,0.0,0.0,0.0,0.0,0.0,0.0,0.0,0.0,0.0,0.1168664894548751,0.0,0.0,0.0,0.0,0.0,0.0,0.0,0.0,0.0,0.0,596.8434595929128,0.0,0.0,-1000.0,-8.764986709115634,-5.328686226178328,-0.5146382465654273,0.0,-500.0,-500.00000000000006,500.0,0.0,0.0,0.0,0.0,0.0,0.0,0.0,73.258255785801,819.2838438832008,0.0,0.0,449.68898597473265,0.0,0.0,0.0,-0.1168664894548751,0.0,0.0,0.1168664894548751,0.0,0.1168664894548751,0.0,0.0,0.0,70.11989367292507,142.57711713494763,142.57711713494763,0.0,0.0,0.0,0.0,0.0,0.0,0.0,0.0,0.0,666.3253912192597,0.0,0.0,0.0,0.0,0.0,0.0,0.0,0.0,0.0,0.0,0.0,0.0,0.0,0.0,0.0,0.0,0.0,154.4830896523643,0.0,-82.68300807295668,82.68300807295668,0.17529973418231265,0.0,0.0,0.0,-35.05994683646254,0.0,0.0,0.0,0.0,0.0,-248.08256575245787,5.843324472743755,0.0,0.0,0.0,0.0,215.85238105707697,364.12428328558457,-0.5146382465654273,0.0,375.00000000000034,0.0,0.0,0.0,0.0,0.0,73.258255785801,0.0,0.0,0.0,248.08256575245787,0.0,301.62670210902496,-75.24353387918649,0.0,-191.19155889912565,782.7063322658602,-591.5147733667345,173.10105202447505,-142.57711713494763,0.0,5.843324472743755,503.1569998932624,0.0,0.0,0.0,-45.003502937918825,0.0,0.0,0.0,0.0,0.0,0.0,0.0,0.0,0.0,691.6614427108331,-274.37752587980475,142.57711713494763,0.0,0.0,0.0,0.0,0.0,0.0,0.0,0.0,0.0,373.21607047220976,0.0,0.0,0.0,-69.07949015510292,5.746426750394621,0.0,35.05994683646254,0.0,0.0,0.0,0.0,99.3585593851915,0.0,0.0,0.12855313840066174,0.0,0.0,0.0,71.28855856747381,0.0,0.0,0.0,0.0,-53.25340421804996,0.0,0.0,0.0,0.0,0.0,0.0,0.0,0.0,0.0,0.0,0.01168664894548751,0.01168664894548751,0.0,0.0,0.0,0.0,0.0,0.0,0.0,0.0,0.0,-524.373325910704,0.0,0.0,0.0,0.0,0.0,248.08256575245787,0.0,0.0,0.0,0.0,0.0,0.0,0.0,0.0,0.0,0.0,0.0,0.0,511.7097097726033,-695.8281211075459,0.0,0.0,0.0,0.0,70.11989367292506,0.0,0.0,0.0,0.0,0.0,-420.1493812136126,350.02948754068757,0.0,0.0,0.0,0.0,0.0,0.0,0.0,0.0,0.0,0.0,0.0,0.0,-704.4957484660501,-1000.0,80.05354527658947,-684.021724608902,648.9617777724394,0.0,999.5325340421807,0.0,0.0,0.0,0.0,0.0,0.0,0.0,0.0,0.0,0.0,0.0,0.0,0.0,0.0,0.0,0.0,0.0,-14.608311181859449,73.258255785801,-8.764986709115634,265.6125391706891,0.0,0.0,0.0,0.0,0.0,750.0000000000007,-751.4608311181867,218.10455496239388,0.0,0.0,0.0,0.0,0.0,0.0,0.0,1000.0,35.05994683646254,35.05994683646254,0.0,0.0,0.0,0.0,0.0,0.12855313840066174,248.08256575245787,0.0,0.0,-999.5325340421807,0.0,0.0,0.0,0.0,0.0,0.0,0.0,0.0,0.0,0.0,0.0,0.0,0.0,0.0,41.34150403647834,0.0,0.0,21.314851095709763,0.0,122.70981392761888,0.0,0.0,8.998719688025377,0.0,0.0,0.0,248.08256575245787,0.0,0.0,0.0,0.0,0.0,-14.608311181859449,0.0,0.0,0.0,0.0,0.0,0.0,0.0,0.0,0.0,0.0,0.0,0.0,0.0,0.0,0.0,0.0,0.0,0.0,-0.1168664894548751,0.0,0.0,5.843324472743755,138.3705722207401,0.0,0.0,0.0,0.0,73.258255785801,0.0,0.0,0.0,10.062204742065044,2.9216622363718776,0.0,0.0,0.0,0.1168664894548751,0.0,116.8664894548751,-14.913760635301522,23.373297890975024,0.8347606389633936,368.6872077705211,-0.08764986709115632,188.35338640213226,2.337329789097502,-0.5843324472741642,-368.6872077705211,35.05994683646254,-0.1168664894548751,25.08117795972883,0.0,0.029216622363718775,0.8347606389633936,-75.24353387918649,-18.605145121216026,-2.337329789097502,-154.95744453386453,-0.1168664894548751,0.029216622363718775,-368.6872077705211,11.68664894548751,0.1168664894548751,0.1168664894548751,-247.83714612460233,0.12855313840036262,0.0,-0.08764986709115632,35.05994683646254,0.1168664894548751,35.05994683646254,-58.433244727437554,-0.05843324472743755,-201.26640832776468,-93.02834930150568,-0.08764986709115632,-0.1168664894548751,-14.913760635301522,0.1168664894548751,11.68664894548751,-2.337329789097502,154.4830896523643,154.4830896523643,-11.68664894548751,154.95744453386453,-154.4830896523643,23.37329789097502,0.17529973418231265,-1000.0,11.68664894548751,-155.41891927335755,0.0,-23.37329789097502,0.05843324472743755,1.1686648945487512,115.9490744788657,271.4558636434329,-0.1168664894548751,-274.37752587980475,247.83714612460233,36.228611731011284,0.1168664894548751,18.605145121216026,-140.23978734585037,0.0,-0.1168664894548751,-0.029216622363718775,0.0,-0.11686648945487513,-88.3133510545125,0.11686648945487832,-0.029216622363718775,-0.029216622363718775,-0.029216622363718775,46.74659578195004,58.433244727437554,1.1686648945487512,86.58346037487999,-0.029216622363718775,206.81697099800257,5.843324472743755,50.0,0.1168664894548751,0.05843324472743755,0.058433244727437564,11.68664894548751,14.913760635301522,0.1168664894548751,-14.913760635301522,1.1686648945487512,0.1168664894548751,-86.58346037487999,0.1168664894548751,0.4674659578192859,0.5843324472741642,0.05843324472743755,0.029216622363718775,35.05994683646254,-0.1168664894548751,0.0,1.168664894548751,-173.16692074975998,185.4317241657604,-11.68664894548751,23.37329789097502,5.843324472743755,-0.1168664894548751,75.24353387918649,0.17529973418231265,-0.1168664894548751,-23.373297890975024,14.913760635301522,18.693077002824065,0.05843324472743755,-100.0,-0.1168664894548751,-0.11686648945487832,-0.1168664894548751,0.05843324472743755,368.6872077705211,-23.37329789097502,0.1168664894548751,231.8981489577314,-0.029216622363718775,-0.12855313840036262,-231.8981489577314,17.529973418231265,93.02834930150568,343.6317062583017,368.6872077705211,-0.08764986709115632,274.37752587980475,-271.4558636434329,0.1168664894548751,-0.029216622363718775,5.843324472743755,116.8664894548751,-0.05843324472743755,-0.1168664894548751,0.029216622363718775,65.16020774889128,0.0,751.2793963306428,0.0,-255.0,0.0,633.2907379638901,-140.0,0.0,264.0833356798836,-255.0,-325.0,-248.66217042462972,-132.0416678399418,127.5,127.5,0.0,70.0,-248.08256575245787,-118.05163638801557,248.66217042462972,325.0,-118.05163638801557,-633.2907379638901,380.9219381821265,0.0,1496.5981,hplb
42,0.0,0.0,0.0,0.0,0.0,0.0,0.0,0.0,-0.1100646199555952,0.0,0.0,0.0,0.0,0.0,0.0,0.0,-197.78866080252845,329.44853169206186,0.0,0.0,0.0,0.0,0.0,746.1441689648161,0.0,0.0,0.0,0.0,0.0,-1000.0,0.0,0.0,6.449225464703121,0.0,0.0,0.0,0.0,863.6535662043448,0.0,-1000.0,351.3138163945953,0.0,0.0,1000.0,0.0,0.0,0.0,0.0,197.78866080252845,-162.7701468361558,0.0,0.0,0.0,0.12107108195103622,0.0,0.0,0.0,22.01292399111904,0.0,0.0,-90.55363820522214,0.0,0.0,-90.55363820522214,0.0,0.0,0.0,0.0,471.36071913609686,-471.36071913609686,0.0,1.1006461995559522,0.0,0.0,0.0,0.0,0.0,0.0,0.0,0.0,0.0,0.0,753.9771298491305,0.0,66.03877197335713,0.0,80.86061400779946,0.0,120.38654544675592,0.0,-0.027516154988898804,0.0,0.0,0.0,33.019385986678564,0.0,33.019385986678564,0.0,128.95242013010426,0.0,848.1264110883227,543.8050967109637,-1000.0,0.0,0.0,-47.7213817345718,440.8604550070715,1000.0,0.0,0.0,0.0,0.0,0.0,0.0,0.0,0.0,0.0,0.0,0.0,0.0,0.0,0.0,0.0,0.0,-430.119479925756,0.0,0.0,33.019385986678564,0.0,34.12003218623452,20.19650869324832,0.0,0.0,0.0,0.0,0.0,466.8151133147003,0.0,0.0,-466.8151133147003,0.0,0.0,0.0,0.0,0.0,-664.6415401047502,0.1100646199555952,0.0,0.0,0.0,216.20652944109864,-997.1858907057565,0.0,0.0,94.14928123919216,0.0,697.8552370659181,0.0,0.0,0.0,0.0,0.0,12.103803139212353,12.103803139212353,0.0,0.0,0.0,0.0,-22.486978044517627,0.0,0.0,12.213867759167947,0.0,0.0,0.0,-47.955893974709745,0.0,0.0,0.0,0.0,0.0,0.0,0.0,0.0,0.0,0.0,0.0,0.0,0.0,0.0,0.0,-1000.0,0.0,0.0,0.0,0.0,0.0,162.7701468361558,0.0,66.12878991299507,-66.12878991299507,0.0,0.0,0.0,0.0,0.0,0.0,0.0,0.0,-370.65209522798204,0.0,0.0,0.0,0.0,0.0,0.0,0.0,0.0,0.0,0.0,0.0,0.0,0.0,0.0,284.14475423982447,1000.0,0.0,0.0,0.0,0.0,0.0,0.0,0.0,0.0,0.0,-90.55363820522214,0.0,0.0,0.0,0.0,0.0,0.0,0.0,0.0,0.0,566.894949111498,0.0,0.0,0.0,-197.95375773246184,-143.69600219870102,263.9174507155235,0.0,-1000.0,0.0,0.0,0.0,-368.53350785653714,0.0,0.0,0.0,29.862087132986744,0.0,0.0,-1000.0,-1000.0,0.0,0.0,0.0,1000.0,186.515335359751,0.0,197.78866080252845,162.7701468361558,0.0,347.4733070626073,0.0,0.0,0.0,-532.2330621624333,0.0,532.2330621624333,0.0,769.4118964958584,0.0,0.0,0.0,0.0,0.0,0.0,-90.55363820522214,-0.1650969299333928,0.0,0.0,0.0,0.0,0.1100646199555952,0.0,0.0,0.0,400.0856649018234,-197.78866080252845,0.0,-878.6613692925748,744.0468258721985,0.0,384.33320238127385,0.0,0.0,0.0,-47.7213817345718,0.0,0.0,0.0,-9.476563778176628,0.0,9.476563778176628,-865.716132547386,-1000.0,0.0,0.0,0.0,0.0,0.0,0.0,0.0,0.0,0.0,0.0,0.0,0.0,0.0,0.0,0.0,0.0,0.0,0.0,0.0,-1000.0,94.14928123919216,135.90617531583297,563.3508683489279,0.0,0.0,0.0,97.7465909932522,0.0,128.95242013010426,0.0,0.0,538.3018657131838,0.0,0.0,-911.9483040355238,0.0,-471.36071913609686,0.0,0.0,-157.6785745483856,0.0,0.0,637.2941401811521,0.0,-2.75161549888988,-5.50323099777976,0.0,0.0,0.0,1000.0,-71.5420029711369,33.019385986678564,0.0,0.0,0.0,0.0,0.0,0.0,0.0,0.0,0.0,0.0,280.70845774345275,0.0,0.0,-1000.0,0.0,0.0,0.0,0.0,0.0,-19.386048394845375,0.0,0.0,0.0,0.0,0.0,0.0,0.0,-88.99353800444048,0.22012923991162092,0.0,0.0,0.0,0.0,0.0,0.0,0.0,0.0,0.0,0.0,0.0,0.0,0.0,0.0,0.0,0.0,0.0,0.0,0.0,0.12107108195103622,0.12107108195103622,0.0,221.7551166973554,0.0,66.03877197335713,0.0,0.0,0.0,-46.740276299554615,0.0,0.0,80.86061400779946,0.0,0.0,898.594277064169,46.740276299554615,0.0,0.0,0.0,0.0,0.0,0.0,0.0,0.0,0.0,0.0,0.0,0.0,0.0,143.373159975252,-400.0856649018234,340.1189062575864,0.0,89.33558974438029,0.0,-910.7341265039071,910.7341265039071,910.7341265039072,0.0,898.594277064169,0.0,809.6007390597285,0.0,0.0,0.0,0.0,0.0,0.0,0.0,0.0,0.0,0.0,0.0,0.0,0.0,0.0,0.0,0.0,0.0,66.03877197335713,0.0,0.0,0.0,0.0,0.0,0.0,0.0,0.0,0.0,0.0,0.0,0.0,1.1006461995559522,0.0,0.0,80.86061400779946,-80.86061400779946,0.0,0.0,0.0,0.0,33.019385986678564,0.0,0.0,0.0,0.0,0.0,0.0,0.0,0.0,0.0,0.0,-611.1627476562504,-516.4257017567057,0.0,33.019385986678564,33.019385986678564,1000.0,46.740276299554615,0.0,0.0,0.0,0.0,0.0,0.0,0.0,865.716132547386,0.0,1000.0,0.1100646199555952,0.0,0.0,0.0,64.57001939550666,0.0,0.0,0.0,0.0,0.0,0.0,0.0,0.0,0.0,0.0,0.0,0.0,0.0,0.0,0.0,0.0,0.0,0.1100646199555952,0.0,0.0,0.0,0.0,0.0,0.0,0.0,0.0,135.90617531583297,0.0,790.0498794722843,0.0,0.0,-1000.0,-8.254846496669636,-5.503230997779765,0.0,0.0,-874.9999999999999,-875.0,874.9999999999999,0.0,0.0,0.0,0.0,0.0,0.0,0.0,0.0,0.0,0.0,0.0,-66.03877197335713,0.0,0.0,0.0,-0.1100646199555952,0.0,0.0,0.1100646199555952,0.0,0.1100646199555952,0.0,0.0,0.0,66.03877197335713,134.27883634582616,134.27883634582616,0.0,0.0,0.0,0.0,0.0,0.0,0.0,340.1189062575864,0.0,0.0,0.0,0.0,0.0,0.0,0.0,0.0,0.0,0.0,0.0,0.0,0.0,0.0,0.0,0.0,0.0,0.0,0.0,0.0,0.0,-420.90827520522464,420.90827520522464,0.1650969299333928,0.0,0.0,0.0,-33.019385986678564,0.0,0.0,0.0,0.0,0.0,-221.7551166973554,5.50323099777976,0.0,0.0,0.0,0.0,22.486978044517627,557.8476373511481,0.0,0.0,0.0,0.0,0.0,0.0,0.0,0.0,0.0,0.0,0.0,-127.58844941295615,221.7551166973554,0.0,643.1059822664673,-47.7213817345718,0.0,655.5942283444003,128.95242013010426,-784.5466484745045,94.14928123919216,-502.8123442023633,0.0,5.503230997779765,450.9692166862881,0.0,0.0,0.0,-181.10727641044429,0.0,0.0,268.3802329566271,-268.3802329566271,0.0,0.0,0.0,0.0,0.0,-16.509692993339286,0.0,134.27883634582616,0.0,0.0,0.0,0.0,0.0,0.0,0.0,0.0,0.0,566.894949111498,0.0,0.0,246.51965618736432,-64.57001939550666,400.834083812416,0.0,33.019385986678564,80.86061400779946,0.0,0.0,0.0,252.7575152870856,0.0,0.0,0.12107108195103622,0.0,0.0,0.0,67.13941817291308,0.0,0.0,0.0,0.0,284.14475423982447,0.0,440.8604550070715,0.0,0.0,0.0,0.0,0.0,0.0,1000.0,0.0,916.0875999583541,0.01100646199555952,0.0,0.0,0.0,0.0,0.0,0.0,0.0,0.0,0.0,0.0,0.0,0.0,0.0,0.0,0.0,221.7551166973554,0.0,0.0,0.0,0.0,0.0,0.0,0.0,162.7701468361558,0.0,0.0,0.0,161.7212280155989,0.0,0.0,329.44853169206186,0.0,0.0,0.0,66.03877197335713,0.0,0.0,0.0,0.0,0.0,0.0,-66.03877197335713,0.0,161.7212280155989,0.0,0.0,0.0,0.0,0.0,0.0,0.0,0.0,0.0,0.0,-1000.0,-1000.0,75.39426466958274,0.0,-33.019385986678564,0.0,999.5597415201778,0.0,0.0,0.0,0.0,0.0,0.0,0.0,0.0,0.0,0.0,0.0,0.0,0.0,0.0,0.0,0.0,0.0,-13.7580774944494,0.0,-546.5567122098535,-8.254846496669636,0.0,0.0,0.0,0.0,0.0,-1.3758077494449403,0.0,113.53532963403751,0.0,0.0,0.0,0.0,0.0,0.0,0.0,1000.0,33.019385986678564,33.019385986678564,0.0,0.0,0.0,0.0,0.0,0.12107108195103622,221.7551166973554,0.0,0.0,-999.5597415201778,916.0765934963586,0.0,0.0,0.0,0.0,0.0,0.0,0.0,0.0,0.0,0.0,0.0,0.0,0.0,210.45413760261232,0.0,0.0,20.19650869324832,0.0,115.56785095337497,89.33558974438029,0.0,0.0,0.0,0.0,0.0,221.7551166973554,0.0,0.0,0.0,0.0,0.0,-13.7580774944494,0.0,0.0,0.0,0.0,0.0,0.0,0.0,0.0,0.0,0.0,0.0,0.0,0.0,0.0,0.0,0.0,0.0,0.0,-0.1100646199555952,0.0,0.0,5.50323099777976,-898.594277064169,0.0,0.0,0.0,0.0,0.0,0.0,0.0,0.0,9.476563778176628,2.75161549888988,0.0,0.0,0.0,0.1100646199555952,0.0,110.0646199555952,-13.923523492986185,22.01292399111904,0.78617585682568,347.4733070626073,-0.0825484649666964,274.65416385437175,2.2012923991119044,-0.5503230997778004,-347.4733070626073,33.019385986678564,-0.1100646199555952,15.907127244857266,0.0,0.027516154988898804,0.78617585682568,-47.7213817345718,-98.38290150473017,-2.2012923991119044,-131.6598708895334,-0.11006461995559522,0.027516154988898804,-347.4733070626073,11.00646199555952,0.11006461995559522,0.1100646199555952,-221.52398099544874,-80.73954292584834,0.0,-0.0825484649666964,33.019385986678564,0.11006461995559522,33.019385986678564,-55.03230997779761,-0.05503230997779761,-602.4124735967745,-11.116526615515117,-0.0825484649666964,-0.11006461995559522,-13.923523492986185,0.1100646199555952,11.00646199555952,-2.2012923991119044,0.0,0.0,-11.00646199555952,131.6598708895334,0.0,22.01292399111904,0.1650969299333928,-1000.0,11.00646199555952,-143.373159975252,0.0,-22.01292399111904,0.05503230997779761,1.1006461995559522,219.6653423231437,243.76804068847443,-0.1100646199555952,-246.51965618736432,221.52398099544874,34.12003218623452,0.11006461995559522,98.38290150473017,-132.07754394671406,0.0,-0.1100646199555952,-0.027516154988898804,0.0,-0.11006461995559522,-529.853993011512,0.1100646199557089,-0.027516154988898804,-0.027516154988898804,-0.027516154988898804,44.02584798223808,55.03230997779761,1.1006461995559522,81.54412530960286,-0.027516154988898804,423.4235574014301,5.50323099777976,50.0,0.1100646199555952,0.05503230997779761,0.05503230997779761,11.00646199555952,13.923523492986185,0.1100646199555952,-13.923523492986185,1.1006461995559522,0.1100646199555952,-81.54412530960286,0.11006461995559522,0.4402584798222051,0.5503230997778004,0.05503230997779761,0.027516154988898804,33.019385986678564,-0.1100646199555952,0.0,1.1006461995559522,-163.08825061920572,271.9025483554818,-11.00646199555952,22.01292399111904,5.50323099777976,-0.11006461995559522,47.7213817345718,0.1650969299333928,-0.1100646199555952,-22.012923991119038,13.923523492986185,13.595851343383217,0.0550323099777976,-100.0,-0.11006461995559522,-0.1100646199557089,-0.11006461995559522,0.05503230997779761,347.4733070626073,-22.01292399111904,0.1100646199555952,439.3306846462874,-0.027516154988898804,80.73954292584834,-439.3306846462874,16.50969299333928,11.116526615515117,489.868358361786,347.4733070626073,-0.0825484649666964,246.51965618736432,-243.76804068847443,0.11006461995559522,-0.027516154988898797,5.503230997779765,110.0646199555952,-0.05503230997779761,-0.11006461995559522,0.027516154988898804,0.0,0.0,813.4296323302711,0.0,-255.0,0.0,104.93444866643938,-56.603035300293456,0.0,157.64462552664693,-255.0,-325.0,-186.515335359751,-78.82231276332347,127.5,127.5,0.0,28.301517650146728,-221.7551166973554,-266.3533666304688,186.515335359751,325.0,-266.3533666304688,-104.93444866643938,113.00276530879695,0.0,1496.5981,hplb
43,0.0,0.0,0.0,0.0,0.0,0.0,0.0,0.0,508.88260321213517,0.0,0.0,0.0,0.0,0.0,0.0,0.0,274.9630980623188,1000.0,0.0,-974.9630980623187,0.0,0.0,0.0,23.321179999266317,0.0,0.0,0.0,0.0,0.0,901.9602655662993,0.0,0.0,82.91390795066593,0.0,0.0,0.0,0.0,187.1693671121472,0.0,-1000.0,960.7101140200638,0.0,-214.53028525452999,-1000.0,0.0,0.0,607.7642649977626,65.19493773591344,-853.6010191758378,-489.9137585488388,0.0,-462.14737029268963,0.0,0.14406291525989579,0.0,0.0,0.0,91.38819505587094,0.0,0.0,6.130739933468767,0.0,0.0,-46.862772786600715,1000.0,0.0,0.0,0.0,110.46107778777397,716.5792312876923,0.0,1.3096628659978755,0.0,0.0,0.0,0.0,0.0,0.0,0.0,0.0,0.0,0.0,0.0,0.0,78.57977195987252,0.0,0.0,19.158210834874396,95.37207441965559,0.0,171.45118934543376,0.0,0.0,923.3290129594387,39.28988597993626,0.0,39.28988597993626,0.0,227.77043367867935,0.0,0.0,935.7864326515215,901.9602655662993,0.0,0.0,-54.191737115478645,0.0,558.4730975838884,0.0,0.0,0.0,0.0,0.0,0.0,0.0,0.0,0.0,0.0,0.0,0.0,0.0,0.0,0.0,0.0,-642.7920260875467,0.0,0.0,39.28988597993626,0.0,40.59954884593413,0.0,0.0,375.0000000000034,-375.0000000000034,0.0,0.0,0.0,624.6738979731354,-624.6738979731354,-52.99351272006948,0.0,0.0,0.0,0.0,0.0,10.084404068183638,0.1309662865997875,171.4839309170837,0.0,0.0,-1000.0,380.342541613137,0.0,0.0,0.0,0.0,733.1253705369636,0.0,0.0,0.0,0.0,0.0,392.36670128883725,392.36670128883725,0.0,0.0,0.0,0.0,0.0,0.0,0.0,392.49766757543705,0.0,0.0,0.0,-351.21974960574835,0.0,0.0,0.0,0.0,0.0,0.0,0.0,0.0,0.0,0.0,0.0,0.0,0.0,0.0,0.0,-1000.0,0.0,0.0,0.0,0.0,0.0,489.9137585488388,676.6776555472196,204.62792558034442,-204.62792558034442,52.99351272006948,0.0,0.0,0.0,0.0,0.0,0.0,0.0,902.093415241932,0.0,0.0,0.0,0.0,0.0,0.0,0.0,0.0,0.0,0.0,0.0,0.0,0.0,89.82246793981065,572.0439730267781,-1000.0,0.0,0.0,0.0,0.0,156.77240505342144,0.0,0.0,0.0,0.0,6.130739933468767,0.0,0.0,0.0,0.0,0.0,0.0,0.0,0.0,0.0,217.68602961049572,0.0,0.0,0.0,-147.06831841805342,-470.8544548332723,46.862772786600715,0.0,1000.0,0.0,0.0,52.99351272006948,159.77886965174076,0.0,0.0,0.0,214.0931561165811,0.0,0.0,-1000.0,0.0,0.0,-249.9999999999718,-750.0000000000284,750.0000000000284,300.0,0.0,601.9602655662993,489.9137585488388,0.0,155.63002183991622,0.0,0.0,0.0,-772.720001851842,0.0,772.720001851842,0.0,1000.0,0.0,0.0,134.3385829405057,0.0,0.0,0.0,6.130739933468767,-0.19644942989968125,0.0,0.0,0.0,0.0,0.1309662865997875,0.0,0.0,0.0,533.258166636077,274.9630980623188,0.0,-893.040762162259,667.6367086722969,0.0,1000.0,0.0,-611.7952675291328,0.0,-54.191737115478645,0.0,0.0,0.0,80.22544217647992,0.0,531.569825352653,-624.5025845515443,0.0,0.0,0.0,0.0,0.0,0.0,0.0,0.0,0.0,0.0,0.0,0.0,0.0,0.0,0.0,0.0,0.0,0.0,-812.3067677414538,0.0,-1000.0,0.0,0.0,213.46891518198305,528.7542336373452,424.1400086099859,0.0,-227.77043367867935,0.0,227.77043367867935,0.0,0.0,929.2381183215322,-110.46107778777397,0.0,0.0,-3.274157164994688,0.0,0.0,-6.548314329989376,200.5824302880115,-1000.0,0.0,-735.544490309428,1000.0,0.0,0.0,-536.8946364413371,0.0,0.0,1000.0,635.9251973454656,39.28988597993626,0.0,0.0,0.0,0.0,0.0,509.01356949873497,0.0,-89.82246793981065,89.82246793981065,89.82246793981065,-304.5032687880514,0.0,0.0,0.0,0.0,0.0,0.0,0.0,0.0,-40.73203285313195,0.0,874.9999999999592,0.0,0.0,0.0,0.0,0.0,-86.90337134002125,0.26193257319942986,0.0,0.0,0.0,0.0,0.0,0.0,0.0,0.0,0.0,827.0403090754663,0.0,0.0,0.0,0.0,0.0,0.0,0.0,0.0,0.0,0.14406291525989579,0.14406291525989579,0.0,343.62921061985315,0.0,78.57977195987252,0.0,0.0,0.0,109.23494302783783,0.0,0.0,0.0,0.0,0.0,492.2259875632612,-109.23494302783783,0.0,0.0,0.0,0.0,0.0,0.0,0.0,0.0,0.0,0.0,0.0,0.0,0.0,214.2640086958489,-533.258166636077,619.657458386863,0.0,10.084404068183638,0.0,713.5630951859478,209.76591777349094,0.0,0.0,492.2259875632612,0.0,405.32261622323995,0.0,125.00000000004175,-125.00000000004175,89.82246793981065,0.0,0.0,0.0,0.0,0.0,0.0,0.0,0.0,0.0,0.0,0.0,0.0,0.0,78.57977195987252,52.99351272006948,52.99351272006948,0.0,0.0,0.0,0.0,0.0,0.0,0.0,0.0,0.0,0.0,1.3096628659978755,0.0,0.0,0.0,0.0,0.0,676.6776555472196,0.0,0.0,39.28988597993626,0.0,0.0,0.0,0.0,0.0,0.0,0.0,0.0,0.0,0.0,-351.9300826315194,775.3525664419761,0.0,39.28988597993626,39.28988597993626,0.0,-109.23494302783783,0.0,0.0,0.0,0.0,0.0,0.0,0.0,-277.45768101475505,0.0,0.0,0.1309662865997875,0.0,0.0,172.95969092453367,0.0,0.0,0.0,-923.3290129594387,0.0,0.0,0.0,0.0,0.0,0.0,0.0,0.0,0.0,0.0,0.0,0.0,0.0,0.0,0.1309662865997875,0.0,0.0,0.0,0.0,0.0,0.0,0.0,0.0,0.0,0.0,213.46891518198305,0.0,0.0,-187.6932322585463,-9.822471494984029,-3.9432775456800586,-2.605036784309317,0.0,125.0,125.0,-125.00000000000001,0.0,0.0,0.0,0.0,0.0,0.0,0.0,52.99351272006948,0.0,0.0,0.0,642.4735116754549,0.0,0.0,0.0,508.88260321213517,0.0,0.0,0.1309662865997875,0.0,0.1309662865997875,0.0,0.0,0.0,78.57977195987252,159.77886965174076,159.77886965174076,0.0,0.0,0.0,0.0,0.0,0.0,0.0,619.657458386863,0.0,0.0,0.0,0.0,0.0,91.50163945272175,0.0,0.0,0.0,0.0,0.0,0.0,0.0,0.0,0.0,0.0,0.0,0.0,0.0,209.76591777349094,0.0,0.0,0.0,0.19644942989968125,0.0,0.0,0.0,-39.28988597993626,0.0,0.0,0.0,0.0,0.0,-343.62921061985315,6.548314329989376,0.0,0.0,0.0,0.0,0.0,0.0,-2.605036784309317,0.0,874.9999999999592,0.0,0.0,0.0,0.0,0.0,52.99351272006948,0.0,0.0,641.6500787570387,253.8067426800425,0.0,918.4642010669056,-54.191737115478645,0.0,-227.77043367867935,227.77043367867935,0.0,0.0,0.0,0.0,6.548314329989376,1000.0,0.0,0.0,0.0,-40.73203285313195,0.0,0.0,0.0,0.0,0.0,0.0,0.0,0.0,0.0,353.4516821148372,-373.09662510480536,159.77886965174076,0.0,0.0,0.0,0.0,0.0,0.0,0.0,0.0,0.0,217.68602961049572,0.0,0.0,0.0,-1000.0,0.0,-214.53028525452999,39.28988597993626,0.0,0.0,0.0,0.0,238.1635589237787,0.0,0.0,0.14406291525989579,0.0,0.0,0.0,79.88943482587038,0.0,0.0,0.0,0.0,572.0439730267781,0.0,0.0,0.0,0.0,0.0,0.0,0.0,0.0,0.0,0.0,0.013096628659979126,0.013096628659979126,0.0,0.0,0.0,0.0,0.0,0.0,0.0,0.0,0.0,172.95969092453367,0.0,0.0,0.0,0.0,0.0,343.62921061985315,0.0,0.0,0.0,0.0,0.0,0.0,0.0,489.9137585488388,0.0,0.0,0.0,0.0,0.0,0.0,1000.0,0.0,0.0,0.0,78.57977195987252,0.0,0.0,0.0,0.0,0.0,0.0,-78.57977195987252,0.0,0.0,0.0,0.0,0.0,0.0,0.0,0.0,0.0,0.0,0.0,0.0,1000.0,0.0,181.21354577357602,0.0,-39.28988597993626,0.0,187.1693671121472,0.0,0.0,0.0,0.0,0.0,0.0,0.0,0.0,0.0,0.0,0.0,0.0,0.0,0.0,0.0,0.0,0.0,-16.37078582497338,52.99351272006948,-939.0605898165162,454.7757930625431,0.0,0.0,0.0,0.0,0.0,-1.637078582497344,0.0,40.73203285313195,0.0,0.0,0.0,0.0,0.0,0.0,0.0,1000.0,39.28988597993626,39.28988597993626,0.0,0.0,0.0,0.0,0.0,0.14406291525989579,343.62921061985315,0.0,0.0,-187.1693671121472,0.0,0.0,0.0,0.0,0.0,0.0,0.0,0.0,0.0,0.0,0.0,0.0,0.0,0.0,0.0,0.0,0.0,0.0,0.0,137.51460092977692,0.0,0.0,10.084404068183638,0.0,0.0,0.0,343.62921061985315,0.0,209.525637636303,0.0,0.0,0.0,-16.37078582497338,0.0,0.0,0.0,0.0,0.0,0.0,0.0,0.0,0.0,0.0,0.0,0.0,0.0,0.0,0.0,0.0,0.0,0.0,-0.1309662865997875,0.0,0.0,6.548314329989376,-492.2259875632612,0.0,0.0,0.0,0.0,52.99351272006948,0.0,0.0,0.0,-80.22544217647992,3.274157164994688,0.0,0.0,0.0,0.1309662865997875,0.0,130.9662865997875,-40.59954884593413,26.193257319957507,0.935473475712768,365.39593961340717,-0.09822471494984063,735.544490309428,2.6193257319957506,-0.6548314329988898,-365.39593961340717,39.28988597993626,-0.1309662865997875,18.063912371826216,0.0,0.03274157164994688,0.935473475712768,-54.191737115478645,-20.849832826685656,-2.6193257319957506,-300.0,-0.1309662865997875,0.03274157164994688,-365.39593961340717,13.096628659978752,0.1309662865997875,0.1309662865997875,-343.35418141799346,0.14406291525976664,-61.43380505972982,-0.09822471494984063,39.28988597993626,0.1309662865997875,39.28988597993626,-65.48314329989375,-0.06548314329989376,-563.3080912462765,-170.0,-0.09822471494984063,-0.1309662865997875,-40.59954884593413,0.1309662865997875,13.096628659978752,-2.6193257319957506,209.76591777349094,209.76591777349094,-13.096628659978752,300.0,-209.76591777349094,26.193257319957503,0.19644942989968125,-347.454831735221,13.096628659978752,-214.2640086958489,0.0,-26.193257319957503,0.06548314329989376,1.3096628659978755,223.26019054056476,280.0,-0.1309662865997875,-373.09662510480536,343.35418141799346,40.59954884593413,0.1309662865997875,20.849832826685656,-157.15954391974515,0.0,-0.1309662865997875,-0.03274157164994688,0.0,-0.1309662865997875,-86.90337134002125,0.1309662866000149,-0.03274157164994688,-0.03274157164994688,-0.03274157164994688,52.386514639915006,65.48314329989375,1.3096628659978755,307.9471311098528,-0.03274157164994688,428.4564687093033,6.548314329989376,50.0,0.1309662865997875,0.06548314329989376,0.06548314329989376,13.096628659978752,40.59954884593413,0.1309662865997875,-40.59954884593413,1.3096628659978755,0.1309662865997876,-729.7820981603254,0.1309662865997875,0.523865146399082,0.6548314329988898,0.06548314329989376,0.03274157164994688,39.28988597993626,-0.1309662865997875,61.43380505972982,1.3096628659978753,-615.8942622197056,732.2703331444334,-13.096628659978752,26.193257319957503,6.548314329989376,-0.1309662865997875,54.191737115478645,0.19644942989968125,-0.1309662865997876,-26.193257319957496,40.59954884593413,412.2031077799147,0.06548314329989376,-100.0,-0.1309662865997875,-0.1309662866000149,-0.1309662865997875,0.06548314329989376,365.39593961340717,-26.193257319957503,0.1309662865997875,446.5203810811295,-0.03274157164994688,-0.14406291525976664,-446.5203810811295,19.644942989968126,170.0,222.77468446365657,365.39593961340717,-0.09822471494984063,373.09662510480536,-280.0,0.1309662865997875,-0.032741571649946885,6.548314329989376,130.9662865997875,-0.06548314329989376,-0.1309662865997875,0.03274157164994688,0.0,0.0,47.389348591921085,421.8349670504726,-255.0,0.0,157.8834827228111,-140.0,0.0,-80.0,332.5017485835725,-325.0,-300.0,40.0,127.5,-166.25087429178626,0.0,70.0,-343.62921061985315,-650.3666667036935,300.0,325.0,-650.3666667036935,-157.8834827228111,150.97319899128874,0.0,1496.5981,hplb
44,0.0,0.0,0.0,0.0,0.0,0.0,0.0,0.0,425.94457705948383,0.0,0.0,0.0,0.0,0.0,0.0,0.0,418.59087463194993,-118.59087463194994,0.0,0.0,0.0,0.0,0.0,0.0,0.0,0.0,0.0,0.0,0.0,-375.2635691679199,37.1710776315601,-37.1710776315601,76.6420059819668,0.0,0.0,0.0,0.0,198.9802837649822,0.0,-1000.0,600.6591570579706,0.0,0.0,0.0,0.0,0.0,0.0,0.0,-43.32730546403003,0.0,0.0,0.0,0.0,0.12299722386567424,0.0,0.0,0.0,22.36313161190618,0.0,0.0,0.8777761236066226,0.0,0.0,-107.37291642193019,1000.0,0.0,0.0,0.0,506.8240432780952,-196.01948365359198,0.0,1.118156580595309,0.0,0.0,0.0,0.0,0.0,0.0,0.0,0.0,0.0,0.0,0.0,0.0,67.08939483571854,0.0,12.968196561276423,-96.04426293610084,0.0,208.02974932854107,0.0,0.0,0.0,109.84111804095733,33.544697417859275,0.0,111.37846326708322,0.0,242.25613765113334,0.0,0.0,5.590782902976545,-375.2635691679199,0.0,0.0,-60.886867974917365,486.09691115115015,1000.0,0.0,0.0,0.0,0.0,0.0,0.0,0.0,0.0,0.0,0.0,0.0,0.0,0.0,0.0,0.0,0.0,-601.363500804584,0.0,0.0,111.37846326708322,0.0,34.66285399845458,18.220444570539687,0.0,0.0,0.0,0.0,0.0,124.99999999999534,395.72857272874,-395.72857272874,-233.25069254553216,0.0,0.0,0.0,0.0,0.0,21.578002231860296,0.11181565805953089,0.027953914514882727,0.0,0.0,-1000.0,107.06057707631976,0.0,0.0,0.0,0.0,724.440579481262,0.0,0.0,0.0,0.0,0.0,-233.34910384766007,-233.34910384766007,0.0,0.0,0.0,0.0,0.0,0.0,0.0,-196.06621055804044,0.0,0.0,0.0,-0.40128007158688206,0.0,0.0,0.0,0.0,0.0,0.0,0.0,0.0,0.0,0.0,0.0,0.0,0.0,0.0,0.0,-1000.0,0.0,0.0,0.0,0.0,0.0,0.0,0.0,61.46540514724444,-61.46540514724444,81.36522931014582,0.0,0.0,0.0,0.0,0.0,0.0,0.0,634.9742536495132,0.0,0.0,0.0,0.0,0.0,0.0,0.0,0.0,0.0,0.0,0.0,0.0,0.0,0.0,429.40254084556636,0.0,0.0,0.0,0.0,26.885463235390986,-31.70840809493444,0.0,0.0,0.0,0.0,0.8777761236066226,0.0,37.1710776315601,0.0,0.0,0.0,0.0,0.0,0.0,0.0,384.8095307333185,0.0,77.83376584922394,0.0,61.46540514724444,0.0,-77.90616325288643,0.0,0.0,0.0,0.0,108.25069254553681,996.004614413401,0.0,0.0,0.0,-60.03199680584345,0.0,0.0,-78.9044018922238,-215.12208886995035,0.0,-78.90440189222386,215.12208886995035,0.0,61.46540514724444,0.0,82.24609891542536,0.0,0.0,298.74975391195926,0.0,0.0,0.0,-1000.0,0.0,1000.0,0.0,276.05989066515923,0.0,26.885463235390986,1000.0,0.0,0.0,0.0,0.8777761236066226,-0.16772348708929635,0.0,0.0,0.0,0.0,0.11181565805953089,0.0,0.0,0.0,454.15518478438685,418.59087463194993,0.0,-772.0207805087663,1000.0,0.0,557.5152887015689,0.0,-116.3677460318977,0.0,-60.886867974917365,0.0,0.0,0.0,778.1845831846263,338.18316284727143,-1000.0,59.46756191952513,0.0,0.0,0.0,0.0,0.0,0.0,0.0,0.0,0.0,0.0,0.0,0.0,0.0,0.0,0.0,0.0,0.0,0.0,0.0,0.0,-199.42754639722037,0.0,0.0,344.03798891224204,0.0,0.0,0.0,-369.2164553336187,0.0,242.25613765113334,0.0,706.7674106005745,0.0,-1000.0,1000.0,0.0,-2.7953914514882725,154.9927938746334,441.3371912193021,-5.590782902976545,0.0,-645.1391055212852,-1000.0,-5.590782902976545,0.0,0.0,0.0,0.0,0.0,79.55842639372065,1000.0,0.0,111.37846326708322,0.0,0.0,0.0,0.0,0.0,426.05639271754336,391.58571180690893,391.5857118069089,-391.5857118069089,-391.5857118069089,293.5237363630112,0.0,0.0,-511.254322223148,0.0,0.0,0.0,0.0,0.0,-80.55874717577072,0.0,0.0,154.5223316234848,0.0,0.0,0.0,0.0,-88.81843419404692,0.2236313161192811,0.0,0.0,0.0,0.0,0.0,0.0,0.0,0.0,0.0,310.8045596245032,0.0,0.0,0.0,0.0,0.0,0.0,0.0,0.0,0.0,0.12299722386567424,0.12299722386567424,37.1710776315601,195.4157399475182,0.0,67.08939483571854,0.0,0.0,0.0,-578.2431599085664,0.0,0.0,12.968196561276423,0.0,0.0,947.9865438589031,578.2431599085664,0.0,0.0,0.0,0.0,0.0,154.5223316234848,0.0,0.0,0.0,0.0,0.0,0.0,0.0,200.45450026819466,-454.15518478438685,406.8425117725301,0.0,21.578002231860296,0.0,0.0,109.84111804095733,60.184296825745946,0.0,947.9865438589031,0.0,-140.83189033514373,1000.0,0.0,0.0,0.0,0.0,0.0,0.0,0.0,0.0,0.0,0.0,0.0,0.0,0.0,0.0,0.0,0.0,67.08939483571855,108.25069254553682,108.25069254553681,0.0,0.0,0.0,0.0,0.0,0.0,0.0,0.0,0.0,0.0,1.118156580595309,0.0,37.1710776315601,12.968196561276423,-12.968196561276423,37.1710776315601,0.0,0.0,0.0,111.37846326708322,0.0,0.0,0.0,0.0,0.0,0.0,0.0,0.0,0.0,0.0,832.3928005105854,-903.3537325649783,0.0,33.544697417859275,33.544697417859275,0.0,578.2431599085664,0.0,154.5223316234848,0.0,0.0,0.0,0.0,0.0,315.7960072483948,0.0,377.2256997799824,0.11181565805953089,0.0,0.0,0.0,74.78677185088885,0.0,0.0,-109.84111804095733,0.0,0.0,0.0,0.0,0.0,0.0,0.0,0.0,0.0,0.0,0.0,0.0,0.0,0.0,0.11181565805953089,0.0,0.0,0.0,178.49385749402427,-178.49385749402427,0.0,0.0,0.0,0.0,0.0,217.07767122975667,0.0,0.0,-199.42754639722037,-8.386174354464817,-5.590782902976545,0.0,0.0,0.0,0.0,0.0,0.0,0.0,0.0,0.0,0.0,0.0,0.0,108.25069254553682,0.0,0.0,0.0,85.1492092966972,0.0,0.0,0.0,425.94457705948383,0.0,0.0,0.11181565805953089,0.0,0.11181565805953089,0.0,0.0,0.0,67.08939483571854,136.4151028326277,136.4151028326277,0.0,0.0,0.0,0.0,0.0,0.0,0.0,406.8425117725301,0.0,0.0,0.0,0.0,787.8119113435521,0.0,0.0,0.0,0.0,0.0,0.0,0.0,0.0,0.0,0.0,0.0,0.0,0.0,0.0,49.65682121521138,0.0,0.0,0.0,0.16772348708929635,0.0,0.0,0.0,-111.37846326708322,0.0,0.0,0.0,0.0,0.0,-195.4157399475182,5.590782902976545,0.0,0.0,0.0,0.0,0.0,126.96031768248537,0.0,0.0,0.0,0.0,0.0,0.0,0.0,0.0,108.25069254553682,0.0,0.0,179.32634853097738,195.4157399475182,0.0,648.9512109069545,-60.886867974917365,0.0,-242.25613765113334,242.25613765113334,0.0,0.0,859.5895115807733,0.0,5.590782902976545,1000.0,0.0,57.93542959898616,-37.1710776315601,-106.49514029832356,0.0,0.0,0.0,0.0,0.0,0.0,0.0,0.0,0.0,203.80191430198303,-220.5742630109127,136.4151028326277,0.0,-625.0,-625.0,662.1710776315601,0.0,0.0,0.0,0.0,0.0,384.8095307333185,0.0,0.0,0.0,-385.59133147539205,64.34223966446818,0.0,33.544697417859275,12.968196561276423,0.0,0.0,0.0,135.43487276696553,0.0,0.0,0.12299722386567424,0.0,0.0,0.0,68.20755141631386,0.0,0.0,0.0,0.0,429.40254084556636,0.0,486.09691115115015,0.0,0.0,0.0,0.0,0.0,0.0,0.0,0.0,0.011181565805953409,0.011181565805953409,0.0,0.0,0.0,0.0,0.0,0.0,0.0,0.0,0.0,0.0,37.1710776315601,0.0,0.0,0.0,0.0,195.4157399475182,0.0,0.0,0.0,0.0,0.0,0.0,0.0,0.0,0.0,0.0,0.0,25.936393122552847,0.0,876.1005427152952,-118.59087463194994,0.0,0.0,0.0,67.08939483571854,0.0,0.0,0.0,0.0,0.0,-67.08939483571854,0.0,0.0,25.936393122552847,0.0,0.0,0.0,0.0,0.0,0.0,0.0,37.1710776315601,37.1710776315601,0.0,622.7743002200176,0.0,864.4056371143308,0.0,-111.37846326708322,0.0,198.9802837649822,0.0,0.0,0.0,0.0,0.0,0.0,0.0,0.0,0.0,0.0,0.0,0.0,0.0,0.0,0.0,0.0,0.0,-13.976957257441363,108.25069254553681,-8.386174354464817,1000.0,0.0,0.0,0.0,0.0,0.0,0.0,-1.3976957257441365,80.55874717577072,0.0,0.0,0.0,0.0,0.0,0.0,0.0,1000.0,33.544697417859275,33.544697417859275,0.0,0.0,0.0,0.0,0.0,0.12299722386567424,195.4157399475182,0.0,0.0,-198.9802837649822,0.0,0.0,0.0,0.0,0.0,0.0,0.0,0.0,0.0,0.0,0.0,0.0,0.0,0.0,0.0,0.0,0.0,18.220444570539687,0.0,117.40644096250746,21.578002231860296,0.0,0.0,0.0,0.0,0.0,195.4157399475182,0.0,211.48688832678013,0.0,0.0,0.0,-13.976957257441363,0.0,0.0,0.0,0.0,0.0,0.0,0.0,0.0,0.0,0.0,0.0,0.0,0.0,0.0,0.0,0.0,0.0,0.0,-0.11181565805953089,0.0,0.0,5.590782902976545,-947.9865438589031,0.0,0.0,0.0,0.0,108.25069254553681,0.0,0.0,0.0,-778.1845831846263,2.7953914514882725,0.0,0.0,0.0,0.11181565805953089,0.0,111.81565805953089,-16.442409427914885,22.363131611906184,0.7986832718537921,348.4065751271706,-0.08386174354464816,5.590782902976545,2.236313161190618,-0.5590782902976912,-348.4065751271706,33.544697417859275,-0.1118156580595309,20.29562265830579,154.5223316234848,0.027953914514882727,0.7986832718537922,-60.886867974917365,-30.76924932435321,34.93476447036952,-300.0,-0.1118156580595309,0.027953914514882727,-348.4065751271706,11.18156580595309,0.1118156580595309,0.11181565805953089,-195.180927065593,-12.84519933741094,-43.686704226178975,-0.08386174354464816,33.544697417859275,0.1118156580595309,111.37846326708322,21.925936819458485,-0.05590782902976545,-558.9801393052484,20.415026630921822,-0.08386174354464818,-0.1118156580595309,-16.442409427914885,0.11181565805953089,11.18156580595309,-2.236313161190618,49.65682121521138,49.65682121521138,-11.18156580595309,300.0,-49.65682121521138,22.36313161190618,0.16772348708929635,-1000.0,11.18156580595309,-200.45450026819466,154.5223316234848,-22.36313161190618,0.05590782902976545,1.118156580595309,193.00519512719157,217.77887155942437,-0.11181565805953089,-220.5742630109127,195.180927065593,34.66285399845458,0.1118156580595309,30.76924932435321,-57.49022389717618,154.5223316234848,-0.11181565805953089,-0.027953914514882727,-154.5223316234848,-0.1118156580595309,-574.915345345197,0.11181565805958371,-0.027953914514882727,-0.027953914514882727,-0.027953914514882727,44.72626322381236,-21.925936819458485,1.118156580595309,365.3351733279325,-0.027953914514882727,365.71476759607737,5.590782902976545,50.0,0.11181565805953089,0.05590782902976545,0.05590782902976545,75.0,16.442409427914885,0.11181565805953089,-16.442409427914885,1.118156580595309,0.1118156580595309,-930.3226686540899,0.1118156580595309,0.4472626322381736,0.5590782902976912,0.05590782902976545,0.027953914514882727,33.544697417859275,-0.1118156580595309,43.686704226178975,-17.46738223518476,-730.670346655865,2.795391451488272,-11.18156580595309,22.36313161190618,5.590782902976545,-0.1118156580595309,60.886867974917365,0.16772348708929632,-0.1118156580595309,-150.0,16.442409427914885,424.8507087357207,0.05590782902976545,-100.0,-0.1118156580595309,-0.11181565805958371,-0.1118156580595309,0.05590782902976545,348.4065751271706,-22.36313161190618,0.11181565805953089,386.01039025438314,-0.027953914514882727,12.84519933741094,-386.01039025438314,16.772348708929634,-20.415026630921822,617.7359460054224,348.4065751271706,-0.08386174354464818,220.5742630109127,-217.77887155942437,0.1118156580595309,-0.027953914514882723,712.3581935035511,111.81565805953089,-0.05590782902976545,-0.1118156580595309,0.027953914514882727,63.52739893839498,0.0,730.4489376951847,564.9874953261574,-255.0,0.0,141.06166519730277,-140.0,0.0,-80.0,-255.0,-264.4718307463306,-269.4951544757855,40.0,127.5,127.5,0.0,70.0,-195.4157399475182,-560.2855815026862,269.4951544757855,264.4718307463306,-560.2855815026862,-141.06166519730277,93.68516164426293,0.0,1496.5981,hplb
45,0.0,0.0,0.0,0.0,0.0,0.0,0.0,0.0,-0.10501965384667593,0.0,0.0,0.0,0.0,0.0,0.0,0.0,468.63034727717934,-366.9685285995862,0.0,0.0,0.0,0.0,0.0,789.4996193873964,0.0,0.0,0.0,0.0,0.0,-1000.0,0.0,0.0,66.16721913770868,0.0,0.0,0.0,0.0,313.90805237634436,0.0,-225.07302904599965,1000.0,0.0,0.0,896.5632325246713,0.0,0.0,0.0,0.0,0.0,0.0,0.0,0.0,0.0,0.11552161923144738,0.0,0.0,0.0,21.003930769335184,0.0,0.0,-6.307376709014861,0.0,666.7530990990947,651.6216599708328,0.0,0.0,0.0,0.0,0.0,0.0,0.0,1.0501965384667593,0.0,0.0,0.0,0.0,0.0,0.0,0.0,0.0,0.0,0.0,0.0,0.0,63.01179230800555,0.0,0.0,285.14608297738624,714.8539170226138,-129.70783404522763,-0.026254913461668982,0.0,0.0,83.84552732859498,31.505896154002777,0.0,31.505896154002777,0.0,0.0,0.0,0.0,5.250982692333796,-1000.0,0.0,0.0,-71.51184651227967,0.0,0.0,0.0,0.0,0.0,0.0,0.0,0.0,0.0,0.0,0.0,0.0,0.0,0.0,0.0,0.0,0.0,0.0,-1000.0,0.0,0.0,31.505896154002777,0.0,32.556092692469534,17.328709968620103,0.0,0.0,0.0,0.0,0.0,0.0,0.0,0.0,-8.824062419247003,0.0,0.0,0.0,0.0,0.0,8.086513346194042,0.10501965384667593,0.0,0.0,0.0,-280.9399266895756,0.0,0.0,0.0,241.2770996230335,0.0,446.6078187424217,0.0,0.0,0.0,0.0,0.0,142.32407722345994,142.32407722345994,0.0,0.0,0.0,0.0,-1000.0,0.0,0.0,142.42909687730662,0.0,0.0,0.0,0.0,-42.10804310302933,0.0,0.0,0.0,0.0,0.0,0.0,0.0,0.0,0.0,-396.0735247863867,0.0,0.0,0.0,0.0,-520.7720518042108,0.0,0.0,0.0,0.0,0.0,0.0,0.0,-285.1460829773862,285.1460829773862,0.0,0.0,0.0,0.0,0.0,0.0,0.0,0.0,1000.0,0.0,0.0,0.0,0.0,0.0,0.0,0.0,0.0,0.0,0.0,0.0,0.0,0.0,0.0,222.94778822824597,531.3696527228207,0.0,0.0,0.0,8.824062419247003,155.3573738408747,0.0,0.0,0.0,0.0,-6.307376709014861,-365.19357980185066,0.0,0.0,0.0,0.0,0.0,0.0,0.0,0.0,3.3816328538631524,0.0,0.0,0.0,0.0,1000.0,0.0,0.0,-531.3696527228207,0.0,0.0,8.824062419247003,-871.8760223070553,0.0,0.0,0.0,-13.525584919929827,0.0,0.0,-78.18995706331737,0.0,717.6590410395319,-795.8489981028491,717.6590410395319,0.0,429.7078340452276,0.0,-937.2606945543587,0.0,0.0,172.30488032859125,0.0,0.0,0.0,0.0,0.0,0.0,0.0,142.21905756961326,0.0,8.824062419247003,0.0,0.0,0.0,0.0,-6.307376709014861,-0.15752948077001389,0.0,0.0,0.0,0.0,0.10501965384667593,0.0,0.0,0.0,330.52714895547024,468.63034727717934,0.0,-490.69348306958466,306.7207138196552,42.10804310302933,893.6857645040909,0.0,1000.0,0.0,-71.51184651227967,0.0,0.0,0.0,-9.0421921961989,-731.2618790730139,-259.69592873078716,833.6219666970954,-1000.0,0.0,0.0,0.0,0.0,0.0,0.0,0.0,0.0,0.0,0.0,0.0,0.0,0.0,0.0,0.0,0.0,0.0,-685.6718690082693,0.0,-1000.0,0.0,0.0,0.0,621.2281999842004,733.208800225512,0.0,168.97727719636418,0.0,0.0,0.0,0.0,0.0,0.0,780.9519193945002,-22.136206589723145,-839.249663127822,731.2618790730139,-339.02538071567653,0.0,1000.0,-881.713035173762,-780.9519193945002,-293.72887609471087,190.5450535825198,836.6241717816551,-5.250982692333796,0.0,0.0,0.0,61.47216331179959,-85.91089983883336,31.505896154002777,0.0,0.0,0.0,275.06617436125725,0.0,0.0,0.0,0.0,0.0,0.0,30.44174138168728,0.0,0.0,0.0,0.0,0.0,0.0,0.0,0.0,-21.438815837276763,0.0,0.0,137.82013164991184,0.0,0.0,0.0,0.0,-89.49803461533241,0.2100393076933287,0.0,0.0,0.0,0.0,0.0,0.0,0.0,0.0,0.0,0.0,0.0,0.0,0.0,0.0,0.0,0.0,0.0,0.0,0.0,0.11552161923144738,0.11552161923144738,0.0,123.41492895803572,0.0,63.01179230800555,0.0,0.0,0.0,1000.0,0.0,0.0,0.0,0.0,0.0,440.31865538976535,-1000.0,0.0,0.0,0.0,0.0,0.0,137.82013164991184,0.0,0.0,0.0,0.0,0.0,0.0,0.0,333.3333333333333,-330.52714895547024,280.9399266895756,0.0,8.086513346194042,0.0,-645.009763379701,728.855290708296,573.4979168674213,0.0,440.31865538976535,0.0,1000.0,-649.1793792255671,0.0,0.0,0.0,0.0,0.0,0.0,0.0,0.0,0.0,0.0,0.0,0.0,0.0,0.0,0.0,0.0,63.01179230800555,8.824062419247003,8.824062419247003,0.0,0.0,0.0,0.0,0.0,0.0,0.0,0.0,0.0,0.0,1.0501965384667593,0.0,0.0,0.0,0.0,0.0,0.0,0.0,0.0,31.505896154002777,0.0,0.0,0.0,0.0,0.0,0.0,0.0,0.0,0.0,0.0,14.18975595153131,-435.6110613008494,0.0,31.505896154002777,31.505896154002777,-795.7395338696847,-1000.0,0.0,137.82013164991184,0.0,0.0,0.0,0.0,0.0,166.37803330290456,0.0,181.21636389591782,0.10501965384667593,0.0,0.0,0.0,69.37861583774752,0.0,0.0,-83.84552732859498,0.0,0.0,0.0,0.0,0.0,0.0,0.0,0.0,0.0,0.0,0.0,0.0,0.0,0.0,0.10501965384667593,0.0,0.0,0.0,0.0,0.0,0.0,0.0,0.0,0.0,0.0,854.6491462046334,-241.2770996230335,0.0,-1000.0,-7.876474038500695,0.0,-5.2509826923338005,0.0,-125.0,-125.0,125.00000000000001,0.0,0.0,0.0,0.0,0.0,0.0,0.0,8.824062419247003,42.10804310302933,0.0,0.0,-80.65991714649957,0.0,0.0,0.0,-0.10501965384667593,0.0,0.0,0.10501965384667593,0.0,0.10501965384667593,0.0,0.0,0.0,63.01179230800555,128.1239776929446,128.1239776929446,0.0,0.0,0.0,0.0,0.0,0.0,0.0,280.9399266895756,0.0,0.0,0.0,0.0,0.0,0.0,0.0,0.0,0.0,0.0,0.0,0.0,0.0,0.0,0.0,0.0,0.0,0.0,0.0,155.3573738408747,0.0,-581.9432365020616,581.9432365020616,0.15752948077001389,0.0,0.0,0.0,-31.505896154002777,0.0,0.0,0.0,0.0,0.0,-123.41492895803572,5.250982692333796,0.0,0.0,0.0,0.0,1000.0,0.0,-5.2509826923338005,0.0,0.0,0.0,0.0,0.0,0.0,0.0,8.824062419247003,0.0,0.0,-430.134485121034,123.41492895803572,0.0,217.38792286114978,-71.51184651227967,685.6718690082693,168.97727719636418,0.0,-854.6491462046334,241.2770996230335,-1000.0,0.0,5.2509826923338005,557.1731934222694,0.0,0.0,0.0,-21.438815837276763,0.0,0.0,0.0,0.0,0.0,-180.44542339642118,0.0,0.0,0.0,380.32057670938536,0.0,128.1239776929446,0.0,647.0087046220133,647.0087046220133,-647.0087046220134,0.0,0.0,0.0,0.0,0.0,3.3816328538631524,0.0,0.0,147.04435107353777,-69.37861583774752,614.3680741165659,0.0,31.505896154002777,0.0,0.0,0.0,0.0,131.7120231169679,0.0,0.0,0.11552161923144738,0.0,0.0,0.0,64.0619888464723,0.0,0.0,0.0,0.0,222.94778822824597,0.0,0.0,0.0,0.0,0.0,0.0,0.0,0.0,0.0,0.0,0.010501965384667593,0.010501965384667593,0.0,0.0,0.0,0.0,0.0,0.0,0.0,0.0,0.0,0.0,0.0,0.0,0.0,0.0,0.0,123.41492895803572,0.0,0.0,0.0,0.0,0.0,0.0,0.0,0.0,0.0,0.0,0.0,0.0,0.0,0.0,-366.9685285995862,0.0,0.0,0.0,63.01179230800555,0.0,0.0,0.0,0.0,0.0,0.0,-63.01179230800555,0.0,0.0,0.0,0.0,0.0,0.0,0.0,0.0,0.0,0.0,0.0,0.0,-181.21636389591782,0.0,71.938462884973,0.0,-31.505896154002777,0.0,313.90805237634436,0.0,0.0,0.0,0.0,0.0,0.0,0.0,0.0,0.0,0.0,0.0,0.0,0.0,0.0,0.0,0.0,0.0,-13.127456730834496,8.824062419247003,-7.876474038500695,-7.87647403850069,0.0,0.0,0.0,0.0,0.0,-1.3127456730834492,0.0,262.71591546031027,0.0,0.0,0.0,0.0,0.0,0.0,0.0,1000.0,31.505896154002777,31.505896154002777,0.0,0.0,0.0,0.0,0.0,0.11552161923144738,123.41492895803572,0.0,0.0,-313.90805237634436,0.0,0.0,0.0,0.0,0.0,0.0,0.0,0.0,0.0,0.0,0.0,0.0,0.0,0.0,290.9716182510308,0.0,0.0,17.328709968620103,0.0,110.27063653900971,0.0,0.0,8.086513346194042,0.0,0.0,0.0,123.41492895803572,0.0,0.0,0.0,0.0,0.0,-13.127456730834496,0.0,0.0,0.0,0.0,0.0,0.0,0.0,0.0,0.0,0.0,0.0,0.0,0.0,0.0,0.0,0.0,0.0,0.0,-0.10501965384667593,0.0,0.0,5.250982692333796,-440.31865538976535,0.0,0.0,0.0,0.0,8.824062419247003,0.0,0.0,0.0,9.0421921961989,2.625491346166882,0.0,0.0,0.0,0.10501965384667593,0.0,105.01965384667592,-15.22738272384943,21.003930769335184,0.7501403846191137,327.662254169466,-0.07876474038500694,315.865082684434,2.1003930769335186,-0.5250982692330126,-327.662254169466,31.505896154002777,-0.10501965384667593,23.83728217075989,137.82013164991184,0.026254913461668982,0.7501403846191137,-71.51184651227967,-16.719128892390785,-2.1003930769335186,-101.66181867759315,-0.10501965384667593,0.026254913461668982,-327.662254169466,88.26960621730296,0.10501965384667593,0.10501965384667593,-123.19438768495759,0.11552161923134352,-12.64156072848175,-0.07876474038500694,31.505896154002777,0.10501965384667593,31.505896154002777,-52.50982692333796,-0.052509826923337964,-290.9425649893806,-165.96435887938895,-0.07876474038500694,-0.10501965384667593,-15.22738272384943,0.10501965384667593,10.501965384667592,-2.1003930769335186,155.3573738408747,155.3573738408747,-10.501965384667585,101.66181867759315,-155.3573738408747,21.003930769335184,0.15752948077001389,-389.64885673304434,10.501965384667592,-333.3333333333333,137.82013164991184,-21.003930769335184,0.052509826923337964,1.0501965384667593,122.67337076739616,144.4188597273709,-0.10501965384667593,-147.04435107353777,123.19438768495759,32.556092692469534,0.10501965384667593,16.719128892390785,-65.97109379873447,137.82013164991184,-0.10501965384667593,-0.026254913461668982,-137.82013164991184,-0.10501965384667593,-89.49803461533241,0.10501965384656224,-0.026254913461668982,-0.026254913461668982,-0.026254913461668982,42.00786153867037,52.50982692333796,1.0501965384667593,247.18892791924733,-0.026254913461668982,221.50945936403244,5.250982692333796,50.0,0.10501965384667593,0.052509826923337964,0.052509826923337964,75.0,15.22738272384943,0.10501965384667593,-15.22738272384943,1.0501965384667593,0.10501965384667593,-585.9539116704291,0.10501965384667593,0.42007861538638736,0.5250982692330126,0.052509826923337964,0.026254913461668982,31.505896154002777,-0.10501965384667593,12.64156072848175,1.0501965384667593,-494.37785583849467,313.23959133826713,-10.501965384667592,21.003930769335184,5.250982692333796,-0.10501965384667593,71.51184651227967,0.15752948077001389,-0.10501965384667593,-150.0,15.22738272384943,124.76954476796996,0.052509826923337964,-100.0,-0.10501965384667593,-0.10501965384656224,-0.10501965384667593,0.052509826923337964,327.662254169466,-21.003930769335184,0.10501965384667593,245.34674153479233,-0.026254913461668982,-0.11552161923134352,-245.34674153479233,15.752948077001388,165.96435887938895,118.8177167390173,327.662254169466,-0.07876474038500694,147.04435107353777,-144.4188597273709,0.10501965384667593,-0.02625491346166898,5.2509826923338005,105.01965384667592,-0.052509826923337964,-0.10501965384667593,0.026254913461668982,0.0,0.0,89.596346906121,338.7649837511817,-255.0,0.0,252.43476918343148,-140.0,77.76764083263538,-80.0,-255.0,42.548073059090655,-300.0,40.0,127.5,127.5,-77.76764083263538,70.0,-123.41492895803572,-256.4815678849379,300.0,-42.548073059090655,-256.4815678849379,-252.43476918343148,153.95194879874919,0.0,1496.5981,hplb
46,0.0,0.0,0.0,0.0,0.0,0.0,0.0,0.0,239.66515963155268,0.0,0.0,0.0,0.0,0.0,0.0,0.0,338.2512952070135,576.8948448409552,0.0,-676.502590414027,0.0,0.0,0.0,0.0,0.0,0.0,0.0,0.0,0.0,-484.1761267341808,0.0,0.0,196.75132425814104,0.0,0.0,0.0,0.0,146.73833675776646,0.0,-1000.0,1000.0,0.0,0.0,695.299237733315,0.0,0.0,0.0,77.94424239898751,0.0,0.0,0.0,0.0,0.0,0.12681633713586515,0.0,0.0,0.0,0.0,0.0,0.0,12.43962606072869,0.0,0.0,-55.33823054987992,0.0,0.0,0.0,0.0,638.1338951804781,-638.1338951804781,0.0,1.152875792143192,0.0,0.0,0.0,0.0,0.0,0.0,0.0,0.0,0.0,0.0,-140.00822824802654,0.0,69.17254752859152,0.0,0.0,230.6386229525799,0.0,-330.2463685256518,-0.0288218948035798,0.0,0.0,155.44850869690856,34.58627376429576,0.0,34.58627376429576,0.0,0.0,0.0,0.0,5.76437896071596,-1000.0,0.0,0.0,-22.442686677620685,833.94207289874,387.4030060699634,0.0,0.0,0.0,0.0,0.0,0.0,0.0,0.0,0.0,0.0,0.0,0.0,0.0,0.0,0.0,0.0,-1000.0,0.0,0.0,34.58627376429576,0.0,35.739149556438946,22.01579200536454,0.0,0.0,0.0,0.0,0.0,-874.9999999999999,687.3369489865667,-687.3369489865667,807.2221433893912,0.0,0.0,0.0,0.0,0.0,148.8853718475291,0.1152875792143192,0.0,0.0,0.0,0.0,-833.94207289874,0.0,0.0,0.0,0.0,170.39994613012212,0.0,0.0,0.0,0.0,0.0,829.2592828853974,829.2592828853974,0.0,0.0,0.0,0.0,-1000.0,0.0,0.0,829.3745704646117,0.0,0.0,0.0,889.6620725985001,0.0,0.0,0.0,0.0,0.0,0.0,0.0,0.0,0.0,0.0,-189.5216536677034,0.0,0.0,0.0,0.0,-995.9423234221558,0.0,0.0,0.0,0.0,0.0,0.0,0.0,330.2463685256518,-330.2463685256518,67.77785661060861,0.0,0.0,0.0,0.0,0.0,0.0,515.8238732658192,154.6163637913021,0.0,0.0,0.0,0.0,0.0,0.0,0.0,0.0,0.0,0.0,0.0,0.0,0.0,0.0,-53.88496831427232,145.92483152716727,0.0,0.0,0.0,0.0,158.35595449935377,0.0,0.0,0.0,0.0,12.43962606072869,-549.3744062061477,0.0,0.0,0.0,0.0,0.0,0.0,0.0,0.0,3.712260050700479,101.00175824185135,0.0,0.0,7.83199531254013,-322.4143732131116,560.8849914782318,0.0,-145.92483152716727,0.0,0.0,67.77785661060861,-859.3491533585307,0.0,0.0,0.0,-292.12362202826216,0.0,0.0,-491.4696125693785,0.0,1000.0,-1000.0,508.5303874306215,491.4696125693785,330.2463685256518,0.0,0.0,0.0,0.0,139.5501189087172,0.0,0.0,0.0,172.15761304129404,0.0,-172.15761304129404,0.0,893.8065903676679,0.0,0.0,118.54291886187349,0.0,0.0,0.0,12.43962606072869,-0.1729313688214788,0.0,0.0,0.0,0.0,0.1152875792143192,0.0,0.0,0.0,731.5099784971973,338.2512952070135,0.0,-14.961791118413789,-468.58701486658344,0.0,907.6437896071596,0.0,0.0,0.0,-22.442686677620685,0.0,0.0,0.0,502.4047484041944,165.16098598243377,-667.5657343866282,-1000.0,-1000.0,0.0,0.0,0.0,0.0,0.0,0.0,0.0,0.0,0.0,0.0,0.0,0.0,0.0,0.0,0.0,0.0,0.0,-852.8005129253762,0.0,-1000.0,0.0,0.0,0.0,0.0,0.0,0.0,-152.59763189822957,0.0,140.00822824802654,0.0,0.0,0.0,0.0,0.0,-5.76437896071596,0.0,-803.2948811629119,0.0,211.79220457992264,0.0,0.0,0.0,0.0,0.0,-2.88218948035798,-217.5565835406386,87.8182360495158,0.0,0.0,0.0,557.6590757296304,34.58627376429576,-750.0000000000007,750.0000000000007,0.0,1000.0,0.0,239.780447210767,0.0,0.0,0.0,0.0,-827.3566956016414,0.0,0.0,-64.66259506148481,0.0,0.0,515.8238732658192,0.0,0.0,-42.898604489151225,0.0,0.0,126.94248415713616,0.0,0.0,0.0,0.0,-88.47124207856808,0.23057515842810972,0.0,0.0,0.0,0.0,0.0,0.0,0.0,0.0,0.0,0.0,0.0,0.0,0.0,0.0,0.0,0.0,0.0,0.0,0.0,0.12681633713586515,0.12681633713586515,0.0,83.62774911985477,0.0,69.17254752859152,0.0,0.0,0.0,869.3692288383203,0.0,0.0,0.0,0.0,0.0,-467.60531358483007,-869.3692288383203,0.0,0.0,0.0,0.0,0.0,126.94248415713616,0.0,0.0,0.0,0.0,0.0,0.0,0.0,333.3333333333333,-731.5099784971973,0.0,0.0,8.877143599502546,0.0,0.0,155.44850869690856,-70.68530241305382,0.0,-467.60531358483007,0.0,-556.0765556633982,0.0,625.0000000000006,-625.0000000000006,0.0,0.0,0.0,0.0,0.0,0.0,0.0,0.0,0.0,0.0,0.0,0.0,0.0,0.0,69.17254752859152,67.77785661060861,67.77785661060861,0.0,0.0,0.0,0.0,0.0,0.0,0.0,0.0,0.0,0.0,1.152875792143192,0.0,0.0,0.0,0.0,0.0,0.0,0.0,0.0,34.58627376429576,0.0,0.0,0.0,0.0,0.0,0.0,0.0,0.0,0.0,0.0,-805.5813738281244,0.0,0.0,34.58627376429576,34.58627376429576,132.9151729640442,-869.3692288383203,0.0,126.94248415713616,0.0,0.0,0.0,0.0,0.0,1000.0,515.8238732658192,777.7408435026219,0.1152875792143192,0.0,0.0,0.0,64.19054998522381,81.74186643639831,0.0,-155.44850869690856,0.0,0.0,0.0,0.0,0.0,0.0,0.0,0.0,0.0,0.0,0.0,0.0,0.0,0.0,0.1152875792143192,0.0,0.0,0.0,0.0,0.0,0.0,0.0,0.0,0.0,0.0,840.2111092751732,0.0,0.0,-1000.0,-8.64656844107394,0.0,-5.76437896071596,0.0,0.0,0.0,0.0,0.0,0.0,0.0,0.0,0.0,0.0,0.0,67.77785661060861,0.0,0.0,0.0,563.4234546903464,0.0,0.0,0.0,239.66515963155268,0.0,0.0,0.1152875792143192,0.0,0.1152875792143192,0.0,0.0,0.0,69.17254752859152,140.6508466414694,140.6508466414694,0.0,0.0,0.0,0.0,0.0,0.0,140.00822824802654,0.0,0.0,515.8238732658192,0.0,0.0,179.52432243112855,332.8066865434188,0.0,0.0,0.0,0.0,0.0,0.0,0.0,0.0,0.0,0.0,0.0,0.0,0.0,226.13381110996238,0.0,-580.213923372399,580.213923372399,0.1729313688214788,0.0,0.0,0.0,-34.58627376429576,0.0,0.0,0.0,0.0,0.0,-83.62774911985477,5.76437896071596,0.0,0.0,0.0,0.0,1000.0,152.59763189822957,-5.76437896071596,0.0,0.0,0.0,0.0,0.0,0.0,0.0,67.77785661060861,0.0,0.0,125.4610151525786,83.62774911985477,0.0,301.94248415713616,59.29917975877754,852.8005129253762,0.0,140.00822824802654,-992.8087411734027,0.0,-1000.0,0.0,5.76437896071596,1000.0,0.0,252.327842174336,0.0,-42.898604489151225,0.0,0.0,122.00964129180761,-122.00964129180761,0.0,0.0,0.0,0.0,0.0,281.79597122863214,-109.56745444307671,140.6508466414694,0.0,0.0,0.0,0.0,0.0,0.0,0.0,0.0,0.0,3.712260050700479,0.0,0.0,0.0,-64.19054998522381,0.0,0.0,34.58627376429576,0.0,0.0,0.0,0.0,-305.3279924630859,0.0,0.0,0.12681633713586515,0.0,0.0,0.0,70.3254233207347,0.0,0.0,0.0,0.0,-53.88496831427232,0.0,833.94207289874,0.0,0.0,0.0,0.0,0.0,0.0,962.4558593229206,0.0,0.01152875792143192,0.01152875792143192,0.0,0.0,0.0,0.0,0.0,0.0,0.0,0.0,0.0,0.0,0.0,0.0,0.0,0.0,0.0,83.62774911985477,0.0,0.0,0.0,0.0,0.0,0.0,0.0,0.0,0.0,0.0,0.0,0.0,0.0,0.0,576.8948448409552,0.0,0.0,0.0,69.17254752859152,0.0,0.0,0.0,0.0,0.0,0.0,-69.17254752859152,0.0,0.0,0.0,0.0,0.0,0.0,0.0,0.0,0.0,0.0,0.0,0.0,-777.7408435026219,-1000.0,591.303000736356,-34.58627376429576,0.0,0.0,146.73833675776646,0.0,0.0,0.0,0.0,0.0,0.0,0.0,0.0,0.0,812.5,0.0,-812.5,-812.5,0.0,0.0,0.0,0.0,-14.410947401789901,67.77785661060861,-8.64656844107394,613.25189497655,0.0,0.0,0.0,0.0,0.0,-1.44109474017899,0.0,42.898604489151225,0.0,0.0,0.0,0.0,0.0,0.0,0.0,1000.0,34.58627376429576,34.58627376429576,0.0,0.0,0.0,0.0,0.0,0.12681633713586515,83.62774911985477,0.0,0.0,-146.73833675776646,0.0,0.0,0.0,0.0,0.0,0.0,0.0,0.0,0.0,0.0,0.0,0.0,0.0,0.0,290.1069616861995,0.0,0.0,22.01579200536454,0.0,121.05195817503517,0.0,0.0,148.8853718475291,0.0,0.0,0.0,83.62774911985477,0.0,-152.59763189822957,0.0,0.0,0.0,-14.410947401789901,0.0,0.0,0.0,0.0,0.0,0.0,0.0,0.0,0.0,0.0,0.0,0.0,0.0,0.0,0.0,0.0,0.0,0.0,-0.1152875792143192,0.0,0.0,5.76437896071596,467.60531358483007,0.0,0.0,0.0,0.0,67.77785661060861,0.0,0.0,0.0,-502.4047484041944,2.88218948035798,0.0,0.0,0.0,0.1152875792143192,0.0,115.2875792143192,-13.72335755107441,23.05751584286384,0.8234827086737085,365.6839300186796,-0.0864656844107394,5.76437896071596,2.305751584286384,-0.5764378960716755,-365.6839300186796,34.58627376429576,-0.1152875792143192,7.480895559206894,126.94248415713616,0.0288218948035798,0.8234827086737085,-22.442686677620685,-18.353782610918984,-2.305751584286384,-238.6435496339417,-0.1152875792143192,0.0288218948035798,-365.6839300186796,11.52875792143192,0.1152875792143192,0.1152875792143192,-83.38564520350458,0.12681633713575113,-158.59532654506947,-0.0864656844107394,34.58627376429576,0.1152875792143192,34.58627376429576,-57.643789607159604,-0.0576437896071596,33.08075377018873,-170.0,-0.0864656844107394,-0.1152875792143192,-13.72335755107441,0.1152875792143192,11.52875792143192,-2.305751584286384,226.13381110996238,226.13381110996238,-11.52875792143192,238.6435496339417,-226.13381110996238,23.05751584286384,0.1729313688214788,-639.6250603154947,11.52875792143192,-333.3333333333333,126.94248415713616,-23.05751584286384,0.0576437896071596,1.152875792143192,3.740447779603447,106.6852649627186,-0.1152875792143192,-109.56745444307671,83.38564520350458,35.739149556438946,0.1152875792143192,18.353782610918984,-11.402610900047138,126.94248415713616,-0.1152875792143192,-0.0288218948035798,-126.94248415713616,-0.1152875792143192,-922.413314977308,0.1152875792143192,-0.0288218948035798,-0.0288218948035798,-0.0288218948035798,46.11503168572768,57.643789607159604,1.152875792143192,85.41368525040605,-0.0288218948035798,0.0,5.76437896071596,50.0,0.1152875792143192,0.0576437896071596,0.0576437896071596,75.0,13.72335755107441,0.1152875792143192,-13.72335755107441,1.152875792143192,0.1152875792143192,-85.41368525040605,0.11528757921431919,0.4611503168573279,0.5764378960716755,0.0576437896071596,0.0288218948035798,34.58627376429576,-0.1152875792143192,158.59532654506947,1.152875792143192,-170.8273705008121,2.88218948035798,-11.52875792143192,23.05751584286384,5.76437896071596,-0.11528757921431919,22.442686677620685,0.1729313688214788,-0.1152875792143192,-150.0,13.72335755107441,504.9843860275552,0.0576437896071596,-100.0,-0.1152875792143192,-0.1152875792143192,-0.1152875792143192,0.0576437896071596,365.6839300186796,-23.05751584286384,0.1152875792143192,7.480895559206894,-0.0288218948035798,-0.12681633713575113,-7.480895559206894,17.293136882147877,170.0,-59.833654290027226,365.6839300186796,-0.0864656844107394,109.56745444307671,-106.6852649627186,0.1152875792143192,-0.0288218948035798,5.76437896071596,115.2875792143192,-0.0576437896071596,-0.1152875792143192,0.0288218948035798,64.52961583189973,0.0,639.5674165258876,0.0,-255.0,0.0,1000.0,-140.0,0.0,-80.0,-255.0,-325.0,0.0,40.0,127.5,127.5,0.0,70.0,-83.62774911985477,-199.6563935644693,0.0,325.0,-199.6563935644693,-1000.0,499.9369264893076,0.0,1496.5981,hplb
47,0.0,0.0,0.0,0.0,0.0,0.0,0.0,0.0,518.6928249374968,0.0,0.0,0.0,0.0,0.0,0.0,0.0,468.8482293160208,-35.748016640215155,0.0,-206.3170355284958,0.0,0.0,0.0,863.9289558417842,0.0,296.854785736023,0.0,0.0,0.0,-92.05498156067574,0.0,0.0,80.21710296951568,0.0,0.0,0.0,0.0,182.91683268331457,0.0,-256.5203334001902,969.0768013160164,0.0,0.0,1000.0,0.0,0.0,0.0,0.0,206.12057689614244,0.0,0.0,937.4999999996883,0.0,0.11338506184128505,0.0,0.0,0.0,0.0,0.0,0.0,49.07542714732122,0.0,125.38388460233719,0.0,114.29545938553034,0.0,0.0,0.0,0.0,0.0,0.0,1.0307732894661215,0.0,0.0,0.0,0.0,0.0,0.0,0.0,0.0,0.0,0.0,255.80312281730315,0.0,61.84639736796729,0.0,0.0,602.1400842754174,-371.67848299891523,531.3063866773991,423.34068567945724,0.0,0.0,-48.16086595763488,30.923198683983646,0.0,30.923198683983646,-3.3190899920810133,0.0,0.0,368.70645213954054,5.153866447330607,-1000.0,0.0,0.0,-57.50488806076419,0.0,908.4086421835494,0.0,0.0,0.0,0.0,0.0,0.0,0.0,0.0,0.0,0.0,0.0,0.0,0.0,0.0,0.0,0.0,-1000.0,0.0,0.0,30.923198683983646,0.0,31.953971973449768,0.0,0.0,0.0,-489.6141366267842,489.6141366267842,-489.6141366267842,0.0,0.0,0.0,-174.4593117496584,0.0,0.0,0.0,0.0,0.0,-247.86616848841402,0.10307732894661215,423.3664550116939,0.0,0.0,0.0,0.0,0.0,0.0,112.9033293222374,0.0,125.8550181130787,0.0,0.0,0.0,0.0,0.0,741.3665235708886,741.3665235708886,0.0,0.0,0.0,0.0,0.0,0.0,0.0,741.4696008998352,0.0,0.0,0.0,-178.5206567533161,0.0,0.0,0.0,0.0,0.0,0.0,0.0,0.0,0.0,0.0,0.0,0.0,0.0,0.0,0.0,-1000.0,0.0,0.0,0.0,0.0,0.0,0.0,-937.4999999996883,112.82571334058252,-112.82571334058252,174.4593117496584,0.0,0.0,0.0,0.0,0.0,0.0,907.9450184393243,675.2955205770787,0.0,0.0,0.0,0.0,0.0,0.0,0.0,0.0,0.0,0.0,0.0,0.0,0.0,0.0,-3.8694744680290576,354.58617534820075,0.0,0.0,0.0,0.0,159.58918977639217,0.0,0.0,0.0,0.0,49.07542714732122,-645.4138246517992,0.0,0.0,0.0,0.0,0.0,0.0,0.0,0.0,0.0,20.61546578932243,0.0,0.0,1000.0,515.4958036605022,-16.413625487545914,0.0,-354.58617534820075,0.0,0.0,174.4593117496584,-206.22647844631314,0.0,0.0,0.0,-522.5140899385506,0.0,0.0,-1000.0,-589.1599228354327,0.0,-1000.0,589.1599228354327,0.0,-258.8527696583327,0.0,0.0,0.0,0.0,-46.462753765002674,0.0,0.0,0.0,-643.3426636597314,0.0,643.3426636597314,0.0,741.263446241942,0.0,0.0,1000.0,0.0,0.0,0.0,49.07542714732122,-0.15461599341991822,0.0,0.0,0.0,0.0,0.10307732894661215,0.0,0.0,0.0,635.0282997899658,468.8482293160208,0.0,-140.1928448475031,-131.30326126480404,0.0,1000.0,0.0,-465.17913211522944,0.0,-57.50488806076419,0.0,0.0,0.0,202.7648990950092,0.0,262.4142330202202,-1000.0,-1000.0,0.0,0.0,0.0,0.0,0.0,0.0,0.0,0.0,0.0,0.0,0.0,0.0,0.0,0.0,0.0,0.0,0.0,-816.670858000899,0.0,-1000.0,112.9033293222374,0.0,0.0,0.0,0.0,0.0,247.86616848841402,0.0,0.0,0.0,0.0,0.0,0.0,0.0,0.0,0.0,0.0,347.92303889874097,0.0,0.0,-612.847713564146,0.0,-123.32942202987127,-80.57963541644534,-2.5769332236653035,-5.153866447330607,0.0,0.0,0.0,0.0,492.02613112470954,30.923198683983646,750.0000000000002,-750.0000000000002,0.0,330.46991257206173,0.0,518.7959022664434,641.5857118069089,641.5857118069089,-641.5857118069089,-641.5857118069089,-494.96925235721255,0.0,0.0,0.0,0.0,0.0,907.9450184393243,0.0,0.0,-76.30845745501597,0.0,625.0,0.0,0.0,0.0,0.0,0.0,-34.7926731520127,0.20615465789329313,0.0,0.0,0.0,0.0,0.0,0.0,0.0,0.0,0.0,0.0,0.0,0.0,0.0,0.0,0.0,0.0,0.0,0.0,0.0,0.11338506184128505,0.11338506184128505,0.0,259.38453421067754,0.0,61.84639736796729,0.0,0.0,0.0,1000.0,0.0,0.0,0.0,0.0,0.0,-114.65171755712343,-1000.0,0.0,0.0,0.0,0.0,0.0,0.0,0.0,0.0,0.0,0.0,0.0,0.0,0.0,333.3333333333333,-635.0282997899658,0.0,118.17555558254065,7.93695432888913,0.0,-48.16086595763488,0.0,-334.0485015260506,0.0,-114.65171755712343,0.0,850.5556092908638,-1000.0,-875.0000000000003,875.0000000000003,0.0,0.0,0.0,0.0,0.0,0.0,0.0,0.0,0.0,0.0,0.0,0.0,0.0,0.0,61.84639736796729,174.4593117496584,174.4593117496584,0.0,0.0,0.0,0.0,0.0,0.0,0.0,0.0,0.0,0.0,1.0307732894661215,0.0,0.0,0.0,0.0,0.0,-937.4999999996883,0.0,0.0,30.923198683983646,0.0,0.0,0.0,0.0,118.17555558254065,0.0,0.0,0.0,0.0,0.0,0.0,159.58918977639217,0.0,30.923198683983642,30.923198683983646,-383.79565248472767,-1000.0,0.0,0.0,0.0,0.0,0.0,0.0,0.0,1000.0,907.9450184393243,615.857538111059,0.10307732894661215,0.0,0.0,-684.3118199075477,820.4401581142557,0.0,0.0,48.16086595763488,0.0,0.0,0.0,0.0,0.0,0.0,0.0,0.0,0.0,0.0,0.0,0.0,0.0,0.0,0.10307732894661215,0.0,0.0,0.0,0.0,0.0,0.0,0.0,0.0,0.0,0.0,1000.0,0.0,-752.133831511586,-183.32914199910098,-7.7307996709959115,0.0,-5.153866447330607,0.0,750.0,750.0,-750.0,0.0,0.0,0.0,0.0,0.0,0.0,0.0,174.4593117496584,0.0,0.0,0.0,497.1799975720401,0.0,0.0,0.0,518.6928249374968,0.0,0.0,0.10307732894661215,0.0,0.10307732894661215,0.0,0.0,0.0,61.84639736796729,125.75434131486683,125.75434131486683,0.0,0.0,0.0,0.0,0.0,0.0,0.0,0.0,0.0,907.9450184393243,0.0,0.0,211.63985711731254,0.0,0.0,0.0,0.0,0.0,0.0,0.0,0.0,0.0,0.0,0.0,0.0,0.0,0.0,334.0485015260506,0.0,-296.854785736023,296.854785736023,0.15461599341991822,0.0,0.0,0.0,-30.923198683983646,0.0,0.0,0.0,0.0,0.0,-259.38453421067754,5.153866447330607,0.0,0.0,0.0,0.0,0.0,-247.86616848841402,-5.153866447330607,0.0,625.0,0.0,0.0,0.0,0.0,0.0,174.4593117496584,0.0,0.0,0.0,259.38453421067754,0.0,304.38453421067754,-57.50488806076419,0.0,0.0,752.133831511586,-752.133831511586,112.9033293222374,-331.98081976118,0.0,5.153866447330607,1000.0,0.0,0.0,0.0,-76.30845745501597,0.0,0.0,875.0000000000003,-875.0000000000003,0.0,0.0,0.0,0.0,0.0,-15.461599341991814,0.0,125.75434131486683,0.0,0.0,0.0,0.0,0.0,0.0,0.0,0.0,0.0,0.0,0.0,0.0,282.5769332236654,-136.12833820670804,323.7945529883917,0.0,30.923198683983646,0.0,0.0,0.0,0.0,-65.78858518428189,0.0,0.0,0.11338506184128505,0.0,0.0,0.0,62.87717065743342,0.0,0.0,0.0,0.0,-3.8694744680290576,0.0,0.0,0.0,0.0,0.0,0.0,0.0,0.0,0.0,0.0,423.6288563931548,0.010307732894661215,0.0,0.0,0.0,0.0,0.0,0.0,0.0,0.0,0.0,-684.3118199075477,0.0,0.0,0.0,0.0,0.0,259.38453421067754,0.0,0.0,0.0,0.0,0.0,0.0,0.0,0.0,0.0,0.0,0.0,0.0,0.0,0.0,-35.748016640215155,0.0,0.0,0.0,61.846397367967256,0.0,0.0,0.0,0.0,0.0,-679.3442620288372,617.4978646608699,0.0,0.0,0.0,0.0,0.0,0.0,0.0,0.0,0.0,0.0,0.0,0.0,-615.857538111059,-1000.0,282.24782744574185,0.0,-30.923198683983646,0.0,182.91683268331457,0.0,0.0,0.0,0.0,0.0,0.0,0.0,0.0,0.0,0.0,0.0,0.0,0.0,0.0,0.0,0.0,0.0,-12.884666118326518,174.4593117496584,-7.7307996709959115,203.90905744631664,0.0,0.0,0.0,0.0,0.0,-1.288466611832652,0.0,189.21178677725356,0.0,0.0,0.0,0.0,0.0,0.0,0.0,1000.0,30.923198683983646,30.923198683983642,0.0,0.0,0.0,0.0,0.0,0.11338506184128505,259.38453421067754,0.0,0.0,-182.91683268331457,423.61854866026016,0.0,0.0,0.0,0.0,0.0,0.0,0.0,0.0,0.0,0.0,0.0,0.0,0.0,0.0,0.0,0.0,0.0,0.0,108.23119539394276,0.0,0.0,7.93695432888913,0.0,0.0,0.0,259.38453421067754,0.0,244.547078496333,0.0,0.0,0.0,-12.884666118326518,0.0,0.0,0.0,0.0,0.0,0.0,0.0,0.0,0.0,0.0,0.0,0.0,0.0,0.0,0.0,0.0,0.0,0.0,-0.10307732894661215,0.0,0.0,5.153866447330607,114.65171755712343,0.0,0.0,0.0,0.0,174.4593117496584,0.0,0.0,0.0,-202.7648990950092,2.5769332236653035,0.0,0.0,296.854785736023,0.10307732894661215,0.0,103.07732894661214,-31.953971973449768,20.61546578932243,0.7362666353329439,287.5857477610479,-0.07730799670995911,5.153866447330614,2.061546578932243,-0.5153866447330415,-287.5857477610479,30.923198683983642,-0.10307732894661215,19.16829602025473,0.0,0.025769332236653036,0.7362666353329439,-57.50488806076419,-16.409910768300755,-2.061546578932243,-226.78317714730986,-0.10307732894661215,0.025769332236653036,-287.5857477610479,10.307732894661214,0.10307732894661215,0.10307732894661215,-259.16807181988963,0.11338506184127184,0.0,-0.07730799670995911,30.923198683983642,0.10307732894661215,30.923198683983646,-51.53866447330607,-0.05153866447330607,-10.845241991550324,-170.0,-0.07730799670995911,-0.10307732894661215,-31.953971973449768,0.10307732894661215,10.307732894661171,-2.061546578932243,334.0485015260506,334.0485015260506,-10.307732894661214,226.78317714730986,-334.0485015260506,20.61546578932243,0.15461599341991822,-1000.0,10.307732894661214,-333.3333333333333,0.0,-20.61546578932243,0.05153866447330607,1.0307732894661215,35.048211211875774,280.0,-0.10307732894661215,-282.5769332236654,259.16807181988963,31.953971973449768,0.10307732894661215,16.409910768300755,-123.69279473593485,0.0,-0.10307732894661215,-0.025769332236653036,0.0,-0.10307732894661215,-34.7926731520127,0.1030773289466447,-0.025769332236653036,-0.025769332236653036,-0.025769332236653036,41.23093157864486,51.53866447330607,1.0307732894661215,76.36741608332159,-0.025769332236653036,50.92812640349682,5.153866447330607,22.55020302333696,0.10307732894661215,0.05153866447330607,0.05153866447330607,10.307732894661214,31.953971973449768,0.10307732894661215,-31.953971973449768,1.0307732894661215,0.10307732894661215,-76.36741608332159,0.10307732894661215,0.41230931578641616,0.5153866447330415,0.05153866447330607,0.025769332236653036,30.923198683983642,-0.10307732894661215,0.0,1.0307732894661215,-152.73483216664317,2.5769332236652973,-10.307732894661171,20.61546578932243,5.153866447330607,-0.10307732894661215,57.50488806076419,0.15461599341991822,-0.10307732894661215,-20.61546578932243,31.953971973449768,326.6859787440476,0.05153866447330607,-45.10040604667392,-0.10307732894661215,-0.1030773289466447,-0.10307732894661215,0.05153866447330607,287.5857477610479,-20.61546578932243,0.10307732894661215,70.09642242375155,-0.025769332236653036,-0.11338506184127184,-70.09642242375155,15.461599341991821,170.0,323.54929062924685,287.5857477610479,-0.07730799670995911,282.5769332236654,-280.0,0.10307732894661215,-0.025769332236653036,5.153866447330607,103.07732894661214,-0.05153866447330607,-0.10307732894661215,0.025769332236653036,0.0,0.0,727.4948443164602,0.0,-255.0,0.0,962.6385428893841,-140.0,0.0,-80.0,201.38876205659255,-325.0,-272.4536170190664,40.0,127.5,-100.69438102829628,0.0,70.0,-259.38453421067754,-260.8973935597657,272.4536170190664,325.0,-260.8973935597657,-962.6385428893841,538.0118023653289,0.0,1496.5981,hplb
48,0.0,0.0,0.0,0.0,0.0,0.0,0.0,0.0,-0.09935843074474462,0.0,0.0,0.0,0.0,0.0,0.0,0.0,711.6589398668334,588.3410601331666,0.0,-1000.0,0.0,0.0,0.0,0.0,0.0,0.0,0.0,0.0,0.0,-149.57630473347604,0.0,0.0,137.8041786805412,0.0,0.0,0.0,0.0,310.5531033782893,0.0,721.7148784532454,970.1924707765766,0.0,-1000.0,-1000.0,0.0,0.0,0.0,0.0,-822.9716925940605,-552.2667954887313,0.0,0.0,0.0,0.10929427381915956,0.0,0.0,0.0,19.871686148948925,0.0,0.0,-8.750165800920534,0.0,8.750165800920534,0.0,1000.0,0.0,0.0,0.0,798.6531476922632,193.33430457124996,0.0,0.9935843074474462,0.0,0.0,0.0,0.0,0.0,0.0,0.0,303.7842895646055,0.0,0.0,166.60002581142777,0.0,59.615058446846774,0.0,0.0,-252.57653037299463,663.8892831002217,0.0,999.9751603923138,0.0,0.0,872.3478475543492,29.807529223423387,0.0,29.807529223423387,0.0,0.0,0.0,439.72997588631506,995.0320784627628,-149.57630473347604,0.0,0.0,0.0,94.66775797983124,1000.0,0.0,0.0,0.0,0.0,0.0,0.0,0.0,0.0,0.0,0.0,0.0,0.0,0.0,0.0,0.0,0.0,-82.61873195482926,0.0,0.0,29.807529223423387,0.0,30.80111353087083,30.80111353087083,0.0,0.0,0.0,0.0,0.0,621.2663664578909,0.0,0.0,-621.2663664578909,0.0,0.0,0.0,0.0,0.0,-158.94942664408245,0.09935843074474462,1000.0,0.0,0.0,0.0,-94.66775797983124,0.0,0.0,111.7758993369295,0.0,872.0236423908277,0.0,0.0,0.0,0.0,0.0,23.329894570920104,23.329894570920104,0.0,0.0,0.0,0.0,0.0,0.0,0.0,23.429253001664847,0.0,0.0,0.0,-528.4929595357997,0.0,0.0,0.0,0.0,0.0,0.0,0.0,0.0,0.0,0.0,0.0,0.0,0.0,0.0,0.0,-1000.0,0.0,0.0,0.0,0.0,0.0,552.2667954887313,1000.0,-663.8892831002217,663.8892831002217,0.0,0.0,0.0,0.0,0.0,0.0,0.0,0.0,220.90977264099888,0.0,0.0,0.0,0.0,0.0,0.0,0.0,0.0,0.0,0.0,0.0,0.0,0.0,0.0,-60.25662770210215,-739.1109425392968,0.0,0.0,0.0,0.0,0.0,0.0,0.0,0.0,0.0,-8.750165800920534,260.88905746070316,0.0,0.0,447.7687039942656,0.0,0.0,0.0,0.0,0.0,514.8096362129727,0.0,0.0,0.0,537.7656089511623,865.5441751516058,-739.4375060672769,0.0,739.1109425392968,0.0,0.0,0.0,759.3423905318692,0.0,0.0,0.0,266.11972389914104,0.0,0.0,-599.1344115870215,0.0,-625.0000000000144,25.86558841299289,-625.0000000000144,0.0,0.0,0.0,0.0,552.2667954887313,0.0,338.8122488395791,0.0,0.0,0.0,-1000.0,0.0,1000.0,0.0,23.230536140175357,0.0,0.0,0.0,0.0,0.0,0.0,-8.750165800920534,-0.14903764611711692,0.0,0.0,0.0,0.0,0.09935843074474462,0.0,0.0,0.0,455.38283456360386,711.6589398668334,0.0,-330.47492781931703,406.11444434139287,0.0,1000.0,0.0,1000.0,0.0,0.0,0.0,0.0,0.0,523.8924037428332,-523.8924037428332,-1000.0,1000.0,-512.9713409108296,0.0,0.0,0.0,0.0,0.0,0.0,0.0,0.0,0.0,0.0,0.0,0.0,0.0,0.0,0.0,0.0,447.7687039942656,1000.0,0.0,689.0494628987318,0.0,0.0,511.6102947429918,1000.0,0.0,914.515280961512,-355.8602095688903,0.0,273.1299500748873,0.0,995.0320784627628,990.0641569255256,0.0,0.0,-1000.0,0.0,-274.7607439494301,0.0,380.05354303776187,-661.2653700905171,0.0,0.0,0.0,1000.0,-2.4839607686186156,-385.0214645749991,-54.507430360402424,0.0,0.0,1000.0,927.4044722794292,29.807529223423387,0.0,0.0,0.0,0.0,0.0,0.0,0.0,0.0,0.0,0.0,235.12831385105108,0.0,0.0,0.0,0.0,0.0,0.0,0.0,0.0,-17.50033160184107,0.0,0.0,0.0,0.0,0.0,0.0,0.0,-90.06415692552554,0.1987168614895154,0.0,0.0,0.0,0.0,0.0,0.0,0.0,0.0,0.0,991.9874522635132,0.0,0.0,0.0,0.0,0.0,0.0,0.0,0.0,0.0,0.10929427381915956,0.10929427381915956,0.0,118.39378512905316,0.0,59.615058446846774,0.0,0.0,0.0,-1000.0,0.0,0.0,0.0,0.0,0.0,631.2751030225992,1000.0,0.0,0.0,556.7703169335191,0.0,0.0,0.0,0.0,0.0,0.0,0.0,0.0,0.0,0.0,27.539577318276418,-455.38283456360386,0.0,0.0,7.6505991673453195,0.0,0.0,872.3478475543492,872.3478475543492,0.0,631.2751030225992,0.0,0.0,541.2109460970737,0.0,0.0,0.0,0.0,0.0,0.0,0.0,0.0,0.0,0.0,0.0,0.0,0.0,0.0,0.0,0.0,59.615058446846774,0.0,0.0,0.0,0.0,0.0,0.0,0.0,0.0,0.0,0.0,0.0,0.0,0.9935843074474462,0.0,0.0,0.0,0.0,0.0,1000.0,0.0,0.0,29.807529223423387,-556.7703169335191,0.0,0.0,0.0,0.0,0.0,0.0,0.0,0.0,0.0,301.9241150977888,0.0,0.0,29.807529223423387,29.807529223423387,71.79873736695913,1000.0,0.0,0.0,0.0,0.0,0.0,0.0,0.0,-800.3603928847291,0.0,-512.9713409108296,0.09935843074474462,0.0,0.0,-821.2313215867633,829.2438693232502,0.0,0.0,-872.3478475543492,0.0,0.0,0.0,0.0,0.0,0.0,0.0,0.0,0.0,0.0,0.0,0.0,0.0,0.0,0.09935843074474462,0.0,0.0,0.0,0.0,0.0,0.0,0.0,0.0,0.0,0.0,428.8800352489888,-111.7758993369295,0.0,-310.9505371012682,-7.451882305855847,-4.967921537237231,0.0,0.0,0.0,0.0,0.0,0.0,0.0,0.0,0.0,0.0,0.0,0.0,0.0,0.0,0.0,0.0,932.3723938166664,0.0,0.0,0.0,-0.09935843074474462,0.0,0.0,0.09935843074474462,0.0,0.09935843074474462,0.0,0.0,0.0,59.615058446846774,121.21728550858843,121.21728550858843,0.0,0.0,0.0,0.0,0.0,0.0,273.1299500748873,0.0,0.0,0.0,0.0,0.0,532.4471646299556,0.0,0.0,0.0,0.0,0.0,0.0,0.0,0.0,0.0,0.0,0.0,0.0,0.0,0.0,0.0,0.0,0.0,0.0,0.14903764611711692,0.0,0.0,0.0,-29.807529223423387,0.0,0.0,0.0,0.0,0.0,-118.39378512905316,4.967921537237231,0.0,0.0,0.0,0.0,0.0,82.73025949400301,0.0,0.0,0.0,0.0,0.0,0.0,0.0,0.0,0.0,0.0,556.7703169335191,417.49674747248173,118.39378512905316,0.0,305.1283138510511,0.0,0.0,-273.1299500748873,273.1299500748873,0.0,111.7758993369295,638.1251050232808,0.0,4.967921537237231,1000.0,0.0,0.0,0.0,-17.50033160184107,0.0,0.0,0.0,0.0,0.0,0.0,0.0,0.0,0.0,-14.903764611711722,0.0,121.21728550858843,0.0,0.0,0.0,0.0,0.0,0.0,0.0,0.0,0.0,514.8096362129727,0.0,0.0,140.74943204662077,-1000.0,-227.81670079046137,-1000.0,29.807529223423387,0.0,0.0,0.0,0.0,228.10146875290218,0.0,0.0,0.10929427381915956,0.0,0.0,0.0,60.608642754294216,0.0,0.0,0.0,0.0,-60.25662770210215,0.0,94.66775797983124,0.0,0.0,0.0,0.0,0.0,0.0,115.57263237469296,0.0,1000.0,0.009935843074474463,0.0,0.0,0.0,0.0,0.0,0.0,0.0,0.0,0.0,-821.2313215867633,0.0,0.0,0.0,0.0,0.0,118.39378512905316,0.0,0.0,0.0,0.0,0.0,0.0,0.0,552.2667954887313,0.0,0.0,0.0,0.0,0.0,600.3461871396064,588.3410601331666,0.0,0.0,0.0,59.615058446846774,0.0,0.0,0.0,0.0,0.0,-59.615058446846774,0.0,0.0,0.0,0.0,0.0,0.0,0.0,0.0,0.0,0.0,0.0,0.0,0.0,1000.0,50.06330238179487,600.5076896901057,0.0,-29.807529223423387,0.0,310.5531033782893,0.0,0.0,0.0,0.0,0.0,0.0,0.0,0.0,0.0,687.5,0.0,-687.5,-687.5,0.0,0.0,0.0,0.0,-12.419803843093078,0.0,-997.5160392313813,524.9952823240998,0.0,0.0,0.0,0.0,0.0,0.0,-1.2419803843093078,129.27623093877057,0.0,0.0,0.0,0.0,0.0,0.0,0.0,1000.0,29.807529223423387,29.807529223423387,0.0,0.0,0.0,0.0,303.7842895646055,0.10929427381915956,118.39378512905316,0.0,0.0,-310.5531033782893,999.9900641569255,0.0,0.0,0.0,0.0,0.0,0.0,0.0,0.0,0.0,0.0,0.0,0.0,0.0,0.0,0.0,0.0,30.80111353087083,0.0,104.32635228198185,280.7805492422326,0.0,0.0,0.0,0.0,0.0,118.39378512905316,0.0,423.91211371175154,0.0,0.0,0.0,-12.419803843093078,0.0,0.0,0.0,0.0,0.0,0.0,0.0,0.0,0.0,0.0,0.0,0.0,0.0,0.0,0.0,0.0,0.0,0.0,-0.09935843074474462,0.0,0.0,4.967921537237231,-631.2751030225992,0.0,0.0,0.0,0.0,0.0,0.0,0.0,0.0,-523.8924037428332,2.4839607686186156,0.0,0.0,0.0,0.09935843074474462,0.0,99.35843074474462,0.0,19.871686148948925,0.7097030767481759,338.8122488395791,-0.07451882305855846,1000.0,1.9871686148948926,-0.4967921537236617,-338.8122488395791,29.807529223423387,-0.09935843074474462,0.0,0.0,0.024839607686186156,0.7097030767481759,0.0,-15.817862174563516,-1.9871686148948926,-300.0,-0.09935843074474462,0.024839607686186156,-338.8122488395791,9.935843074474462,0.09935843074474462,0.09935843074474462,-118.18513242448925,0.10929427381920334,-227.8683356060667,-0.07451882305855846,29.807529223423387,0.09935843074474462,29.807529223423387,-49.67921537237231,-0.04967921537237231,-644.155306784761,-10.035201505219208,-0.07451882305855846,-0.09935843074474462,0.0,0.09935843074474462,9.935843074474462,-1.9871686148948926,0.0,0.0,-9.935843074474462,300.0,0.0,19.871686148948925,0.14903764611711692,-908.0118705113447,9.935843074474462,-27.539577318276418,0.0,-19.871686148948925,0.04967921537237231,0.9935843074474462,82.61873195482926,138.26547127800208,-0.09935843074474462,-140.74943204662077,118.18513242448925,30.80111353087083,0.09935843074474462,15.817862174563516,-119.23011689369383,0.0,-0.09935843074474462,-0.024839607686186156,0.0,-0.09935843074474462,-184.73191490535677,0.09935843074473348,-0.024839607686203635,-0.024839607686203635,-0.024839607686203635,39.74337229789785,49.67921537237231,0.9935843074474462,160.48432401279257,-0.024839607686186156,165.23746390965852,4.967921537237231,50.0,0.09935843074474462,0.04967921537237231,0.04967921537237231,9.935843074474462,0.0,0.09935843074474462,0.0,0.9935843074474462,0.09935843074474462,-334.22861728234665,0.09935843074474457,0.3974337229789171,0.4967921537236617,0.04967921537237231,0.024839607686186156,29.807529223423387,-0.09935843074474462,227.8683356060667,0.9935843074474463,-320.96864802558514,997.5160392313813,-9.935843074474462,19.871686148948925,4.967921537237231,-0.09935843074474457,0.0,0.14903764611711692,-0.09935843074474462,-19.871686148948925,0.0,607.226661684415,0.04967921537237231,-100.0,-0.09935843074474462,-0.09935843074473348,-0.09935843074474462,0.04967921537237231,338.8122488395791,-19.871686148948925,0.09935843074474462,165.23746390965852,-0.024839607686203635,-0.10929427381920334,-165.23746390965852,14.903764611711694,10.035201505219208,417.15002722197636,338.8122488395791,-0.07451882305855846,140.74943204662077,-138.26547127800208,0.09935843074474462,-0.024839607686186163,1000.0,99.35843074474462,-0.04967921537237231,-0.09935843074474462,0.024839607686186156,0.0,0.0,907.9621912959723,173.74429326955408,-255.0,0.0,505.7036191912316,-140.0,0.0,114.1711387810156,-255.0,-325.0,0.0,-57.0855693905078,127.5,127.5,0.0,70.0,-118.39378512905316,-835.3281304373172,0.0,325.0,-835.3281304373172,-505.7036191912316,307.4989465052255,0.0,1496.5981,hplb
49,0.0,0.0,0.0,0.0,0.0,0.0,0.0,0.0,-0.05567831493432422,0.0,0.0,0.0,0.0,0.0,0.0,0.0,-246.45215295394314,1000.0,0.0,-643.089964567053,0.0,0.0,0.0,833.7191263624014,0.0,0.0,0.0,0.0,0.0,-644.6301384273384,0.0,0.0,115.75578909231682,0.0,0.0,0.0,0.0,43.55289788000269,0.0,-1000.0,508.0914292846904,0.0,-891.0822913812815,360.9038703405913,0.0,0.0,0.0,0.0,0.0,-107.21125646530186,0.0,0.0,0.0,0.06124614642781171,0.0,0.0,0.0,0.0,0.0,0.0,-4.903403601883156,0.0,4.903403601883156,0.0,0.0,0.0,0.0,0.0,0.0,0.0,0.0,0.5567831493432424,0.0,0.0,0.0,0.0,0.0,0.0,0.0,0.0,0.0,0.0,0.0,0.0,33.40698896059454,0.0,0.0,-510.10455016111587,1000.0,-370.2794868544854,-0.013919578733634808,0.0,0.0,0.0,16.70349448029727,0.0,577.4491662895986,-1.7928417408864101,0.0,0.0,0.0,2.783915746716211,-644.6301384273384,0.0,0.0,-23.013720147634576,0.0,0.0,0.0,0.0,0.0,0.0,0.0,0.0,0.0,0.0,0.0,0.0,0.0,0.0,0.0,0.0,0.0,0.0,-358.8960310228815,0.0,0.0,577.4491662895986,0.0,17.260277629640512,17.260277629640512,0.0,0.0,-765.6249999999997,765.6249999999998,-765.6249999999997,358.40755665735026,0.0,0.0,-358.40755665735026,0.0,0.0,0.0,0.0,0.0,4.287230249942962,0.05567831493432422,0.0,0.0,0.0,0.0,0.0,0.0,0.0,314.0850575118246,0.0,497.5184207169643,0.0,0.0,0.0,0.0,0.0,319.1579319434257,319.1579319434257,0.0,0.0,0.0,0.0,0.0,0.0,0.0,319.21361025836,0.0,0.0,0.0,-4.560264923354566,0.0,0.0,0.0,0.0,0.0,0.0,0.0,0.0,0.0,0.0,-365.59624253977285,0.0,0.0,0.0,0.0,-1000.0,0.0,0.0,0.0,0.0,0.0,107.21125646530186,891.0822913812815,-329.7205131455146,329.7205131455146,0.0,0.0,0.0,0.0,0.0,0.0,0.0,0.0,-693.0954523536553,0.0,0.0,0.0,0.0,0.0,0.0,0.0,0.0,0.0,0.0,0.0,0.0,0.0,53.16987138673568,483.016997783031,0.0,0.0,0.0,0.0,0.0,0.0,0.0,0.0,0.0,0.0,-4.903403601883156,-360.9038703405913,0.0,0.0,0.0,0.0,0.0,0.0,0.0,0.0,0.0,11.135662986864844,560.7456718093013,0.0,-1000.0,-561.3617782357669,51.25722807465104,0.0,0.0,0.0,0.0,0.0,-932.0724557801244,0.0,0.0,0.0,47.994182059186414,0.0,0.0,-70.25228985850032,0.0,0.0,-70.25228985850032,0.0,0.0,670.2794868544854,0.0,537.2940724485484,107.21125646530186,0.0,189.8630539260456,0.0,0.0,0.0,653.44475444668,0.0,-653.44475444668,0.0,319.1022536284914,0.0,0.0,-716.1091725012899,0.0,0.0,0.0,-4.903403601883156,-0.08351747240148633,0.0,0.0,0.0,0.0,0.05567831493432422,0.0,0.0,0.0,422.55083371040143,-246.45215295394314,0.0,-751.2593594972145,570.2244953620219,0.0,1000.0,0.0,613.2103130571243,0.0,-23.013720147634576,0.0,0.0,0.0,72.45734514176884,0.0,-685.6676581988932,0.0,-878.4916961804156,0.0,0.0,0.0,0.0,0.0,0.0,0.0,0.0,0.0,0.0,0.0,0.0,0.0,0.0,0.0,0.0,0.0,240.60696174437538,0.0,196.83135060463562,0.0,0.0,0.0,0.0,0.0,0.0,-4.287230249942962,0.0,0.0,0.0,0.0,0.0,-652.4524071926178,0.0,810.9405761738323,441.2653319699407,652.4524071926178,0.0,-2.783915746716211,533.4455590822114,0.0,0.0,-813.7244919205484,0.0,-442.65728984329877,0.0,-847.5393603077343,0.0,-36.19090470731075,0.0,0.0,577.4491662895986,0.0,0.0,0.0,79.32655751008383,0.0,0.0,0.0,-53.16987138673568,53.16987138673568,53.16987138673568,187.5514996506859,0.0,0.0,0.0,0.0,0.0,0.0,0.0,0.0,-9.806807203766311,0.0,125.00000000000011,85.54059557428894,0.0,0.0,0.0,0.0,-94.43216850656758,0.11135662986858673,0.0,0.0,0.0,0.0,0.0,0.0,0.0,0.0,0.0,0.0,0.0,0.0,0.0,0.0,0.0,0.0,0.0,0.0,0.0,0.06124614642781171,0.06124614642781171,0.0,322.0342083998708,0.0,33.40698896059454,0.0,0.0,0.0,-24.286798757753996,0.0,0.0,0.0,0.0,0.0,846.547971316114,24.286798757754013,0.0,0.0,0.0,0.0,0.0,85.54059557428894,0.0,0.0,0.0,0.0,0.0,0.0,0.0,119.6320103409605,-422.55083371040143,0.0,0.0,4.287230249942962,0.0,0.0,0.0,0.0,0.0,846.547971316114,0.0,752.1158028095464,0.0,62.500000000020876,-62.500000000020876,53.16987138673568,0.0,0.0,0.0,0.0,0.0,0.0,0.0,0.0,0.0,0.0,0.0,0.0,0.0,33.40698896059454,0.0,0.0,0.0,0.0,0.0,0.0,0.0,0.0,0.0,0.0,0.0,0.0,0.5567831493432424,0.0,0.0,0.0,0.0,0.0,891.0822913812815,0.0,0.0,577.4491662895986,0.0,0.0,0.0,0.0,0.0,0.0,0.0,0.0,0.0,0.0,0.0,335.3745371252807,0.0,16.70349448029727,16.70349448029727,1000.0,24.286798757753996,0.0,85.54059557428894,0.0,0.0,0.0,0.0,0.0,-355.36986157266165,0.0,-295.4568082298672,0.05567831493432422,0.0,0.0,0.0,4.490058397203717,0.0,0.0,0.0,0.0,0.0,0.0,0.0,0.0,0.0,0.0,0.0,0.0,0.0,0.0,0.0,0.0,0.0,0.05567831493432422,0.0,0.0,0.0,0.0,0.0,0.0,0.0,0.0,0.0,-4.287230249942962,0.0,-314.0850575118246,0.0,-43.77561113973975,-4.175873620074317,0.0,-2.7839157467162137,0.0,0.0,0.0,0.0,0.0,0.0,0.0,0.0,0.0,0.0,0.0,0.0,0.0,0.0,0.0,-33.40698896059454,0.0,0.0,0.0,-0.05567831493432422,0.0,0.0,0.05567831493432422,0.0,0.05567831493432422,0.0,0.0,0.0,33.40698896059454,67.92754421987556,67.92754421987556,0.0,0.0,0.0,0.0,0.0,0.0,0.0,0.0,0.0,0.0,0.0,0.0,77.25124805761422,0.0,0.0,0.0,0.0,0.0,0.0,0.0,0.0,0.0,0.0,0.0,0.0,0.0,0.0,0.0,0.0,0.0,0.0,0.08351747240148633,0.0,0.0,0.0,-577.4491662895986,0.0,0.0,0.0,0.0,0.0,-322.0342083998708,2.783915746716211,0.0,0.0,0.0,0.0,0.0,0.0,-2.7839157467162137,0.0,125.00000000000011,0.0,0.0,0.0,0.0,0.0,0.0,0.0,0.0,420.91513269956965,268.8643370131351,0.0,313.8643370131351,-23.013720147634576,0.0,0.0,0.0,0.0,314.0850575118246,-1000.0,0.0,2.7839157467162137,749.0801059169758,0.0,0.0,0.0,-9.806807203766311,0.0,0.0,0.0,0.0,0.0,0.0,0.0,0.0,0.0,691.806324559718,-334.5618292600938,67.92754421987556,0.0,0.0,0.0,0.0,0.0,0.0,0.0,0.0,0.0,0.0,0.0,0.0,0.0,-4.490058397203717,0.0,-891.0822913812815,16.70349448029727,0.0,0.0,0.0,0.0,144.11459454781033,0.0,0.0,0.06124614642781171,0.0,0.0,0.0,33.96377210993778,0.0,0.0,0.0,0.0,483.016997783031,0.0,0.0,0.0,0.0,0.0,0.0,0.0,0.0,0.0,0.0,0.005567831493432582,0.005567831493432582,0.0,0.0,0.0,0.0,0.0,0.0,0.0,0.0,0.0,0.0,0.0,0.0,0.0,0.0,0.0,322.0342083998708,0.0,0.0,0.0,0.0,0.0,0.0,0.0,107.21125646530186,0.0,0.0,0.0,0.0,-707.6179066451095,1000.0,1000.0,0.0,0.0,0.0,33.40698896059454,0.0,0.0,0.0,0.0,0.0,966.5930110394055,-1000.0,0.0,0.0,0.0,0.0,0.0,0.0,0.0,0.0,0.0,0.0,0.0,0.0,416.96511204945165,-1000.0,115.39089378762631,422.55083371040143,-1000.0,0.0,43.55289788000269,0.0,0.0,0.0,0.0,0.0,0.0,0.0,0.0,0.0,0.0,0.0,0.0,0.0,0.0,0.0,0.0,0.0,-6.959789366790531,0.0,-4.175873620074317,407.6372036976336,0.0,0.0,0.0,0.0,0.0,-1000.0,999.304021063321,323.8918647155909,0.0,0.0,0.0,0.0,0.0,0.0,0.0,1000.0,16.70349448029727,16.70349448029727,0.0,0.0,0.0,0.0,0.0,0.06124614642781171,322.0342083998708,0.0,0.0,-43.55289788000269,0.0,0.0,0.0,0.0,0.0,0.0,0.0,0.0,0.0,0.0,0.0,0.0,0.0,0.0,0.0,0.0,0.0,17.260277629640512,0.0,58.462230681040445,0.0,0.0,4.287230249942962,0.0,0.0,0.0,322.0342083998708,0.0,-1.7928417408864101,0.0,0.0,0.0,-6.959789366790531,0.0,0.0,0.0,0.0,0.0,0.0,0.0,0.0,0.0,0.0,0.0,0.0,0.0,0.0,0.0,0.0,0.0,0.0,-0.05567831493432422,0.0,0.0,2.783915746716211,-846.547971316114,0.0,0.0,0.0,0.0,0.0,0.0,0.0,0.0,-72.45734514176884,1.3919578733580806,0.0,0.0,0.0,0.05567831493432422,0.0,55.67831493432422,0.0,11.135662986864844,0.3977022495308873,189.8630539260456,-0.04175873620074316,2.7839157467162114,1.1135662986864845,-0.2783915746713869,-189.8630539260456,16.703494480297266,-0.05567831493432422,7.671240049211526,85.54059557428894,0.013919578733581055,0.3977022495308873,-23.013720147634576,-8.863987737545585,-1.1135662986864845,-110.45788247900384,-0.05567831493432422,0.013919578733581055,-189.8630539260456,5.567831493432422,0.05567831493432422,0.05567831493432422,-321.91728393850866,0.061246146427756804,-164.1605173036152,-0.04175873620074316,16.70349448029727,0.05567831493432422,577.4491662895986,532.9065143421391,-0.02783915746716211,-287.33046311807993,-5.623509808366746,-0.04175873620074316,-0.05567831493432422,0.0,0.05567831493432422,5.567831493432422,-1.1135662986864845,0.0,0.0,-5.567831493432422,110.45788247900384,0.0,11.135662986864844,0.08351747240148633,126.29550019231647,5.567831493432422,-119.6320103409605,85.54059557428894,-11.135662986864844,0.02783915746716211,0.5567831493432424,187.81483987430363,280.0,-0.05567831493432422,-334.5618292600938,321.91728393850866,17.260277629640512,0.05567831493432422,8.863987737545585,-542.0190541562014,85.54059557428894,-0.05567831493432422,-0.013919578733581055,-85.54059557428894,-0.05567831493432422,-94.43216850656756,0.05567831493432422,-0.013919578733581055,-0.013919578733581055,-0.013919578733581055,22.271325973729688,-532.9065143421391,0.5567831493432424,232.84309293655403,-0.013919578733581055,367.95843969939574,2.783915746716211,50.0,0.05567831493432422,0.02783915746716211,0.02783915746716211,48.338129280576894,0.0,0.05567831493432422,0.0,0.5567831493432424,0.05567831493432422,-616.027935655724,0.05567831493432422,0.2227132597370769,0.2783915746713869,0.02783915746716211,0.013919578733581055,16.70349448029727,-0.05567831493432422,164.1605173036152,0.5567831493432422,-465.68618587310806,1.391957873358106,-5.567831493432422,11.135662986864844,2.783915746716211,-0.05567831493432422,23.013720147634576,0.08351747240148633,-0.05567831493432422,-96.67625856115379,0.0,46.986248108620345,0.02783915746716211,-100.0,-0.05567831493432422,-0.05567831493432422,-0.05567831493432422,0.02783915746716211,189.8630539260456,-11.135662986864844,0.05567831493432422,375.62967974860726,-0.013919578733581055,-0.061246146427756804,-375.62967974860726,8.351747240148633,5.623509808366746,-475.3609387102004,189.8630539260456,-0.04175873620074316,334.5618292600938,-280.0,0.05567831493432422,-0.013919578733581052,2.7839157467162137,55.67831493432422,-0.02783915746716211,-0.05567831493432422,0.013919578733581055,0.0,0.0,-426.3233393497836,383.18484271917,-255.0,0.0,494.71167624323925,-140.0,0.0,-80.0,-255.0,-325.0,-300.0,40.0,127.5,127.5,0.0,70.0,-322.0342083998708,-191.10084265643067,300.0,325.0,-191.10084265643067,-494.71167624323925,515.5814494530041,0.0,1496.5981,hplb
50,0.0,0.0,0.0,0.0,0.0,0.0,0.0,0.0,-0.13892917042793942,0.0,0.0,0.0,0.0,0.0,0.0,0.0,355.5709982778084,-55.570998277808414,0.0,0.0,0.0,0.0,0.0,708.2319976056949,0.0,0.0,0.0,0.0,0.0,-911.7793642911505,0.0,0.0,128.3132465099734,0.0,0.0,0.0,0.0,428.884670811331,0.0,-1000.0,-116.80434808747577,0.0,0.0,0.0,0.0,0.0,0.0,0.0,288.8580034443832,-75.34429349118801,0.0,0.0,0.0,0.1528220874706676,0.0,0.0,0.0,0.0,0.0,0.0,-81.85528782224162,0.0,-862.57371389995,-944.4290017221916,0.0,0.0,0.0,0.0,0.0,0.0,0.0,1.3892917042793942,0.0,0.0,0.0,0.0,0.0,0.0,0.0,0.0,0.0,0.0,0.0,0.0,83.35750225676365,0.0,69.62025888003024,-316.6435025832874,83.1677225961925,0.0,290.09712724975464,0.0,0.0,-844.0318462132219,41.678751128381826,0.0,41.678751128381826,0.0,0.0,0.0,0.0,6.946458521396971,-911.7793642911505,0.0,0.0,0.0,0.0,0.0,0.0,0.0,0.0,0.0,0.0,0.0,0.0,0.0,0.0,0.0,0.0,0.0,0.0,0.0,0.0,0.0,-527.1563941201208,0.0,0.0,41.678751128381826,0.0,43.06804283266121,33.3483398457795,0.0,-888.4232251379735,0.0,888.4232251379735,-888.4232251379735,0.0,0.0,0.0,0.0,0.0,0.0,0.0,0.0,0.0,80.31780500298152,0.13892917042793942,290.1318595423616,0.0,0.0,0.0,0.0,0.0,0.0,0.0,0.0,713.4048323917144,0.0,0.0,0.0,0.0,0.0,418.01099049801087,418.01099049801087,0.0,0.0,0.0,0.0,-406.14692156651,0.0,0.0,418.1499196684388,0.0,0.0,0.0,-69.08146399598782,-853.1951673090251,0.0,0.0,0.0,0.0,0.0,0.0,0.0,0.0,0.0,-453.21579952532585,0.0,0.0,0.0,0.0,-1000.0,0.0,0.0,0.0,0.0,0.0,75.34429349118801,0.0,27.785499138904207,-27.785499138904207,0.0,0.0,0.0,0.0,0.0,0.0,0.0,0.0,-720.1519803890803,0.0,0.0,0.0,0.0,0.0,0.0,0.0,0.0,0.0,0.0,0.0,0.0,0.0,0.0,-44.428331828824234,267.35036256895893,0.0,0.0,0.0,0.0,155.96815378677812,0.0,0.0,0.0,0.0,-81.85528782224162,267.35036256895893,0.0,0.0,0.0,0.0,0.0,0.0,0.0,0.0,645.3333861918711,27.785834085587883,0.0,0.0,66.04257581813059,121.42479927541888,0.0,0.0,-267.35036256895893,0.0,0.0,0.0,169.49358792208608,0.0,0.0,0.0,-11.139727587312223,0.0,0.0,0.0,0.0,1000.0,-1000.0,1000.0,0.0,110.95322173509672,0.0,0.0,75.34429349118801,0.0,298.3409113987318,0.0,0.0,0.0,-1000.0,0.0,1000.0,0.0,209.01128468749224,0.0,0.0,-126.29890195559028,0.0,0.0,0.0,-81.85528782224162,-0.20839375564190915,0.0,0.0,0.0,0.0,0.13892917042793942,0.0,0.0,0.0,157.019708892969,355.5709982778084,0.0,-860.8803461862583,518.8995839447867,853.1951673090251,-75.12559695909394,0.0,683.9683412131898,0.0,0.0,0.0,0.0,0.0,-11.961801573845515,118.64448574103972,-790.651025380384,-1000.0,822.1537839991,0.0,0.0,0.0,0.0,0.0,0.0,0.0,0.0,0.0,0.0,0.0,0.0,0.0,0.0,0.0,0.0,0.0,-570.5596125070518,0.0,-1000.0,0.0,0.0,640.8598669044248,0.0,0.0,583.6846099505464,-725.6511911948526,0.0,0.0,0.0,787.0412172895517,0.0,0.0,0.0,0.0,871.6719913295155,-118.64448574103972,0.0,-881.8514613463417,0.0,-183.4583198903881,0.0,-6.946458521396971,1000.0,-875.1452205902141,874.9050028249447,-179.82132720993462,0.0,-90.30396077816063,-259.0975740875737,0.0,41.678751128381826,0.0,0.0,0.0,57.603984628021664,0.0,0.0,0.0,0.0,0.0,0.0,169.61018128639046,0.0,0.0,0.0,0.0,0.0,0.0,0.0,0.0,-24.470057884422786,0.0,-393.6077251487563,0.0,0.0,0.0,0.0,0.0,-86.10708295720606,0.27785834085580063,0.0,0.0,0.0,0.0,0.0,0.0,0.0,0.0,0.0,0.0,0.0,0.0,0.0,0.0,0.0,0.0,0.0,0.0,0.0,0.1528220874706676,0.1528220874706676,0.0,185.68138016499702,0.0,83.35750225676365,0.0,0.0,0.0,1000.0,0.0,15.938390941149507,69.62025888003024,0.0,0.0,1000.0,-1000.0,0.0,0.0,0.0,0.0,0.0,0.0,0.0,0.0,0.0,0.0,0.0,0.0,0.0,175.71879804004027,-157.019708892969,0.0,0.0,80.31780500298152,0.0,0.0,-844.0318462132219,-1000.0,0.0,1000.0,0.0,206.75161719340406,707.1412998493898,0.0,0.0,0.0,0.0,0.0,0.0,0.0,0.0,0.0,0.0,0.0,0.0,0.0,0.0,0.0,0.0,83.35750225676365,0.0,0.0,0.0,0.0,0.0,0.0,0.0,0.0,0.0,0.0,0.0,0.0,1.3892917042793942,0.0,0.0,69.62025888003024,-69.62025888003024,0.0,0.0,0.0,0.0,41.678751128381826,0.0,0.0,0.0,0.0,0.0,0.0,0.0,0.0,0.0,0.0,1000.0,-710.0611976949314,0.0,41.678751128381826,41.678751128381826,1000.0,-1000.0,0.0,0.0,0.0,0.0,0.0,0.0,0.0,911.7793642911505,0.0,1000.0,0.13892917042793942,0.0,0.0,0.0,50.08245719132283,0.0,0.0,844.0318462132219,0.0,0.0,0.0,0.0,0.0,0.0,0.0,0.0,0.0,0.0,0.0,0.0,0.0,0.0,0.13892917042793942,0.0,0.0,0.0,-1000.0,1000.0,0.0,0.0,0.0,0.0,-91.73778281182467,6.946458521396977,0.0,0.0,-429.44038749294816,-10.419687782095457,-6.946458521396977,0.0,0.0,0.0,0.0,0.0,0.0,0.0,0.0,0.0,0.0,0.0,0.0,0.0,853.1951673090251,0.0,0.0,-83.35750225676365,0.0,0.0,0.0,-0.13892917042793942,0.0,0.0,0.13892917042793942,0.0,0.13892917042793942,0.0,0.0,0.0,83.35750225676365,169.49358792208608,169.49358792208608,0.0,0.0,0.0,0.0,0.0,0.0,0.0,0.0,0.0,0.0,0.0,0.0,0.0,0.0,0.0,0.0,0.0,0.0,0.0,0.0,0.0,0.0,0.0,0.0,0.0,0.0,0.0,155.96815378677812,0.0,0.0,0.0,0.20839375564190915,0.0,0.0,0.0,-41.678751128381826,0.0,0.0,0.0,0.0,0.0,-185.68138016499702,6.946458521396971,0.0,0.0,0.0,0.0,406.14692156651,-366.0865916169721,0.0,0.0,-393.6077251487563,0.0,0.0,0.0,0.0,0.0,0.0,0.0,0.0,-688.683490153087,185.68138016499702,0.0,297.2141659144121,0.0,0.0,-1000.0,0.0,1000.0,0.0,0.0,0.0,6.946458521396977,323.7209476427779,0.0,0.0,0.0,-163.71057564448324,0.0,0.0,0.0,0.0,0.0,0.0,0.0,0.0,0.0,649.3168674724184,-216.94044351128412,169.49358792208608,0.0,0.0,0.0,0.0,0.0,0.0,0.0,0.0,0.0,645.3333861918711,0.0,0.0,0.0,-50.08245719132283,0.0,0.0,41.678751128381826,69.62025888003024,0.0,0.0,0.0,285.26080315062825,0.0,0.0,0.1528220874706676,0.0,0.0,0.0,84.74679396104304,0.0,0.0,0.0,0.0,-44.428331828824234,0.0,0.0,0.0,0.0,0.0,0.0,0.0,0.0,65.76908646659592,0.0,673.1971680039475,0.01389291704279394,0.0,0.0,0.0,0.0,0.0,0.0,0.0,0.0,0.0,0.0,0.0,0.0,0.0,0.0,0.0,185.68138016499702,0.0,0.0,0.0,0.0,0.0,0.0,0.0,75.34429349118801,0.0,0.0,0.0,139.24051776006047,1000.0,0.0,-55.570998277808414,0.0,0.0,0.0,83.35750225676365,0.0,0.0,0.0,0.0,0.0,0.0,-83.35750225676365,0.0,139.24051776006047,0.0,0.0,0.0,0.0,0.0,0.0,0.0,0.0,0.0,0.0,822.1537839991,-1000.0,95.16648174313849,0.0,-41.678751128381826,0.0,428.884670811331,0.0,0.0,0.0,0.0,0.0,0.0,0.0,0.0,0.0,0.0,0.0,0.0,0.0,0.0,0.0,0.0,0.0,-17.366146303492435,0.0,-10.419687782095457,206.52075572918835,0.0,0.0,0.0,0.0,0.0,0.0,-1.7366146303492427,24.470057884422786,0.0,0.0,0.0,0.0,0.0,0.0,0.0,1000.0,41.678751128381826,41.678751128381826,0.0,0.0,0.0,0.0,0.0,0.1528220874706676,185.68138016499702,0.0,0.0,-428.884670811331,673.1832750869047,0.0,0.0,0.0,0.0,0.0,0.0,0.0,0.0,0.0,0.0,0.0,0.0,0.0,0.0,0.0,0.0,33.3483398457795,0.0,145.8756289493364,0.0,0.0,80.31780500298152,0.0,0.0,0.0,185.68138016499702,0.0,1000.0,0.0,0.0,0.0,-17.366146303492435,0.0,0.0,0.0,0.0,0.0,0.0,0.0,0.0,0.0,0.0,0.0,0.0,0.0,0.0,0.0,0.0,0.0,0.0,-0.13892917042793942,0.0,0.0,6.946458521396971,-1000.0,0.0,0.0,0.0,0.0,0.0,0.0,0.0,0.0,11.961801573845515,3.4732292606984854,0.0,0.0,0.0,0.13892917042793942,0.0,138.9291704279394,-9.719702986881714,27.785834085587883,0.9923512173424244,454.3090651855099,-0.10419687782095458,6.946458521396971,2.7785834085587884,-0.6946458520451415,-454.3090651855099,41.678751128381826,-0.13892917042793942,0.0,0.0,0.034732292606984856,0.9923512173424244,0.0,-91.73778281182467,-2.7785834085587884,-300.0,-0.13892917042793942,0.034732292606984856,-454.3090651855099,13.892917042793941,0.13892917042793942,0.13892917042793942,-185.38962890709843,-69.46743679255952,-214.42032946717944,-0.10419687782095458,41.678751128381826,0.13892917042793942,41.678751128381826,-69.46458521396971,-0.06946458521396971,-498.984502924535,-170.0,-0.10419687782095456,-0.13892917042793942,-9.719702986881714,0.13892917042793942,13.892917042793941,-2.7785834085587884,155.96815378677812,155.96815378677812,-13.892917042793941,300.0,-155.96815378677812,27.785834085587883,0.20839375564190912,-788.1805371366693,13.892917042793941,-175.71879804004027,0.0,-27.785834085587883,0.06946458521396971,1.3892917042793942,215.22008654656457,213.4672142505849,-0.13892917042793942,-216.94044351128412,185.38962890709843,43.06804283266121,0.13892917042793942,91.73778281182467,-166.71500451352722,0.0,-0.13892917042793942,-0.034732292606984856,0.0,-0.13892917042793942,-86.10708295720606,0.13892917042790032,-0.034732292606984856,-0.034732292606984856,-0.034732292606984856,55.571668171175766,69.46458521396971,1.3892917042793942,247.589163492288,-0.034732292606984856,430.44017309312915,6.946458521396971,50.0,0.13892917042793942,0.06946458521396971,0.06946458521396971,13.892917042793941,9.719702986881714,0.13892917042793942,-9.719702986881714,1.3892917042793942,0.13892917042793942,-536.9091921963239,0.13892917042793942,0.5557166816173833,0.6946458520451415,0.06946458521396971,0.034732292606984856,41.678751128381826,-0.13892917042793942,214.42032946717944,1.3892917042793942,-495.178326984576,3.4732292606984854,-13.892917042793941,27.785834085587883,6.946458521396971,-0.13892917042793942,0.0,0.20839375564190915,-0.13892917042793942,-27.785834085587883,9.719702986881714,-15.457589936742352,0.06946458521396971,-100.0,-0.13892917042793942,-0.13892917042790032,-0.13892917042793942,0.06946458521396971,454.3090651855099,-27.785834085587883,0.13892917042793942,430.44017309312915,-0.034732292606984856,69.46743679255952,-430.44017309312915,20.83937556419091,170.0,357.69126465364803,454.3090651855099,-0.10419687782095456,216.94044351128412,-213.4672142505849,0.13892917042793942,-0.03473229260698486,793.9876758109486,138.9291704279394,-0.06946458521396971,-0.13892917042793942,0.034732292606984856,0.0,0.0,677.1578508163586,289.32002870403596,-255.0,0.0,327.58488652462785,-131.3835811764308,0.0,-80.0,-255.0,-325.0,-110.95322173509672,40.0,127.5,127.5,0.0,65.6917905882154,-185.68138016499702,-269.8032132138859,110.95322173509672,325.0,-269.8032132138859,-327.58488652462785,240.20348699768056,0.0,1496.5981,hplb
51,0.0,0.0,0.0,0.0,0.0,0.0,0.0,0.0,-0.13067515883603303,0.0,0.0,0.0,0.0,0.0,0.0,0.0,0.0,-51.280362297661576,0.0,0.0,0.0,0.0,0.0,0.0,0.0,0.0,0.0,0.0,0.0,633.1089489441545,0.0,0.0,278.4203657557599,0.0,0.0,0.0,0.0,999.477299364656,0.0,-728.6705260379402,1000.0,0.0,0.0,0.0,0.0,0.0,0.0,0.0,-633.1089489441545,0.0,0.0,0.0,0.0,0.14374267471976054,0.0,0.0,0.0,26.135031767206605,0.0,0.0,-11.508125654826863,0.0,492.9216685820962,481.4135429272693,0.0,0.0,0.0,0.0,0.0,0.0,0.0,1.3067515883603305,0.0,0.0,0.0,0.0,0.0,0.0,0.0,0.0,0.0,0.0,287.8696621128478,0.0,78.40509530161982,0.0,0.0,0.0,0.0,150.09800636912703,-0.03266878970900826,0.0,0.0,156.80180895756067,39.20254765080991,0.0,39.20254765080991,0.0,0.0,0.0,340.10945105195674,805.2274747748748,633.1089489441545,0.0,0.0,-29.023318034543315,633.1725471694072,0.0,0.0,0.0,0.0,0.0,0.0,0.0,0.0,0.0,0.0,0.0,0.0,0.0,0.0,0.0,0.0,0.0,-1000.0,0.0,0.0,39.20254765080991,0.0,40.50929923917025,40.50929923917025,0.0,0.0,0.0,0.0,0.0,0.0,937.4999999997367,-937.4999999997367,0.0,0.0,0.0,0.0,0.0,0.0,-277.8076748824732,0.13067515883603303,0.0,0.0,0.0,-268.9714740282826,-1000.0,0.0,0.0,0.0,0.0,675.8055756142891,0.0,0.0,0.0,0.0,0.0,-301.7843717379001,-301.7843717379001,0.0,0.0,0.0,375.0,-975.8382546851085,0.0,0.0,-301.65369657906405,0.0,0.0,0.0,0.0,0.0,0.0,0.0,0.0,0.0,0.0,0.0,0.0,0.0,0.0,-682.2534244635169,0.0,0.0,0.0,0.0,-1000.0,0.0,0.0,0.0,0.0,0.0,0.0,0.0,149.90199363087297,-149.90199363087297,0.0,0.0,0.0,0.0,0.0,0.0,0.0,0.0,-81.67049976283533,0.0,0.0,0.0,0.0,0.0,0.0,0.0,0.0,0.0,0.0,0.0,0.0,0.0,0.0,588.0689903932887,0.0,0.0,0.0,0.0,0.0,156.80180895756067,0.0,0.0,0.0,0.0,-11.508125654826863,0.0,0.0,0.0,588.9006708104661,0.0,0.0,0.0,0.0,0.0,4.207740114520902,0.0,0.0,0.0,149.90199363087297,0.0,-483.20695531328147,0.0,0.0,0.0,0.0,0.0,0.0,0.0,0.0,0.0,-13.169878091358214,0.0,0.0,705.5976994348691,0.0,0.0,705.5976994348691,0.0,0.0,149.90199363087297,0.0,731.7305802773659,0.0,0.0,288.8004826733121,0.0,0.0,0.0,0.0,0.0,0.0,0.0,178.9011713498839,0.0,0.0,0.0,375.0,0.0,0.0,-11.508125654826863,-0.19601273825404952,0.0,0.0,0.0,0.0,0.13067515883603303,0.0,0.0,0.0,799.7879032771085,0.0,0.0,-628.7234519395696,1000.0,0.0,976.4861169314997,0.0,-381.2200806944746,0.0,-29.023318034543315,0.0,0.0,0.0,633.5577348030022,516.0376553202588,-768.3753094287863,356.4503994673233,-1000.0,0.0,0.0,0.0,0.0,0.0,0.0,0.0,0.0,0.0,0.0,0.0,0.0,0.0,0.0,0.0,0.0,588.9006708104661,0.0,0.0,-1000.0,0.0,0.0,0.0,0.0,0.0,0.0,273.59993476795216,0.0,52.23978893910899,0.0,0.0,798.6937168330732,483.96234467974125,0.0,0.0,823.2600452149728,-1000.0,-593.606730880674,0.0,-52.38765792271687,0.0,0.0,-405.8806163583383,0.0,-826.5269241858737,-6.5337579418016505,0.0,0.0,0.0,1000.0,-84.93885324342148,39.20254765080991,0.0,0.0,0.0,75.95486963238321,0.0,0.0,0.0,0.0,0.0,0.0,11.601811834373848,0.0,0.0,-480.81621824662,0.0,0.0,0.0,0.0,0.0,-23.01625130965371,0.0,0.0,62.716430719310225,0.0,0.0,0.0,0.0,-86.9324841163967,0.26135031767197003,0.0,0.0,0.0,0.0,0.0,0.0,0.0,0.0,0.0,0.0,0.0,0.0,0.0,0.0,0.0,0.0,0.0,0.0,0.0,0.14374267471976054,0.14374267471976054,0.0,97.92331805393117,0.0,78.40509530161982,0.0,133.8653870637418,0.0,-64.71588935331833,0.0,0.0,0.0,0.0,0.0,692.2928482171376,64.71588935331833,0.0,0.0,283.0279205125004,0.0,0.0,62.716430719310225,0.0,0.0,0.0,0.0,0.0,0.0,0.0,333.3333333333333,-799.7879032771085,635.7989268588753,0.0,10.061987230374598,0.0,0.0,156.80180895756067,0.0,0.0,692.2928482171376,0.0,605.3603641007409,0.0,562.5000000000001,-562.5000000000001,0.0,0.0,0.0,0.0,0.0,0.0,0.0,0.0,0.0,0.0,0.0,0.0,0.0,0.0,78.40509530161982,0.0,0.0,0.0,0.0,0.0,0.0,0.0,0.0,0.0,0.0,0.0,0.0,1.3067515883603305,0.0,0.0,0.0,0.0,0.0,0.0,0.0,0.0,39.20254765080991,-283.0279205125004,0.0,0.0,0.0,0.0,0.0,0.0,0.0,0.0,0.0,75.63064237075895,0.0,0.0,39.20254765080991,39.20254765080991,1000.0,64.71588935331833,0.0,62.716430719310225,0.0,0.0,0.0,0.0,0.0,-540.538136652234,0.0,-525.7348190754254,0.13067515883603303,0.0,0.0,10.538018166134378,0.0,170.33160480057964,0.0,-156.80180895756067,0.0,0.0,0.0,0.0,0.0,0.0,0.0,0.0,0.0,0.0,0.0,0.0,0.0,0.0,0.13067515883603303,0.0,0.0,0.0,0.0,0.0,0.0,0.0,0.0,0.0,0.0,1000.0,0.0,-674.1602762929389,-1000.0,-9.800636912702476,-6.533757941801653,0.0,0.0,0.0,0.0,0.0,0.0,0.0,0.0,0.0,0.0,0.0,0.0,0.0,0.0,0.0,0.0,-78.40509530161982,0.0,0.0,0.0,-0.13067515883603303,0.0,0.0,0.13067515883603303,0.0,0.13067515883603303,0.0,0.0,0.0,78.40509530161982,159.4236937799603,159.4236937799603,0.0,0.0,0.0,0.0,0.0,0.0,52.23978893910899,635.7989268588753,0.0,0.0,0.0,0.0,0.0,644.8088659787848,0.0,0.0,0.0,0.0,0.0,0.0,0.0,0.0,0.0,0.0,0.0,0.0,0.0,156.80180895756067,0.0,-807.5653153227317,807.5653153227317,0.19601273825404952,0.0,0.0,0.0,-39.20254765080991,0.0,0.0,0.0,0.0,0.0,-97.92331805393117,6.5337579418016505,0.0,0.0,0.0,-375.0,975.8382546851085,-6.533757941801653,0.0,0.0,0.0,0.0,0.0,0.0,0.0,0.0,0.0,0.0,283.0279205125004,-18.454735867491493,97.92331805393117,0.0,934.6638950916688,141.30828676603633,0.0,267.0661768261505,726.4000652320478,-993.4662420581983,0.0,-159.4236937799603,133.8653870637418,6.533757941801653,1000.0,0.0,0.0,0.0,-23.01625130965371,0.0,0.0,0.0,0.0,0.0,0.0,0.0,0.0,0.0,789.9773794301506,-127.3252287920385,159.4236937799603,0.0,0.0,0.0,0.0,0.0,0.0,0.0,0.0,0.0,4.207740114520902,0.0,0.0,0.0,-10.538018166134378,129.75968523359757,0.0,39.20254765080991,0.0,0.0,0.0,0.0,77.83835141804995,0.0,0.0,0.14374267471976054,0.0,0.0,0.0,79.71184688998017,0.0,0.0,0.0,0.0,588.0689903932887,0.0,633.1725471694072,0.0,0.0,0.0,0.0,0.0,0.0,0.0,0.0,0.013067515883602887,0.013067515883602887,0.0,0.0,0.0,0.0,0.0,0.0,0.0,0.0,0.0,10.538018166134378,0.0,0.0,0.0,0.0,0.0,97.92331805393117,0.0,0.0,0.0,0.0,0.0,0.0,0.0,0.0,0.0,0.0,0.0,0.0,-313.2373506117914,411.8589819450027,-51.280362297661576,0.0,0.0,0.0,78.40509530161982,0.0,0.0,0.0,0.0,0.0,-78.40509530161982,0.0,0.0,0.0,0.0,0.0,0.0,0.0,0.0,0.0,0.0,0.0,0.0,0.0,525.7348190754254,449.0212117592436,734.3213497814673,-1000.0,960.79745234919,0.0,999.477299364656,0.0,0.0,0.0,0.0,0.0,0.0,0.0,0.0,0.0,0.0,0.0,0.0,0.0,0.0,0.0,0.0,133.8653870637418,-16.33439485450413,0.0,-808.4943537457757,762.3334578581209,0.0,0.0,0.0,0.0,0.0,0.0,-1.633439485450413,23.01625130965371,0.0,0.0,0.0,0.0,0.0,0.0,0.0,1000.0,39.20254765080991,39.20254765080991,0.0,0.0,0.0,0.0,0.0,0.14374267471976054,97.92331805393117,0.0,0.0,-999.477299364656,0.0,0.0,0.0,0.0,0.0,0.0,0.0,0.0,0.0,0.0,0.0,0.0,0.0,0.0,403.7826576613659,0.0,0.0,40.50929923917025,0.0,137.2089167778347,0.0,0.0,62.30177616948359,0.0,0.0,0.0,97.92331805393117,0.0,0.0,0.0,0.0,0.0,-16.33439485450413,0.0,0.0,0.0,0.0,0.0,0.0,0.0,0.0,0.0,0.0,0.0,0.0,0.0,0.0,0.0,0.0,0.0,0.0,-0.13067515883603303,0.0,0.0,6.5337579418016505,-692.2928482171376,0.0,0.0,0.0,0.0,0.0,0.0,0.0,0.0,-633.5577348030022,3.2668789709008257,0.0,0.0,0.0,0.13067515883603303,0.0,130.675158836033,0.0,26.13503176720661,0.9333939916859502,445.60229163087274,-0.09800636912702476,405.8806163583383,2.613503176720661,-0.6533757941800786,-445.60229163087274,39.20254765080991,-0.13067515883603303,9.674439344847771,62.716430719310225,0.03266878970900826,0.9333939916859502,-29.023318034543315,-20.803485286697253,-2.613503176720661,51.280362297661554,-0.13067515883603303,0.03266878970900826,-445.60229163087274,13.067515883603303,0.13067515883603303,0.13067515883603303,-97.64890022037538,0.14374267471963592,-136.97460900249035,-0.09800636912702476,39.20254765080991,0.13067515883603303,39.20254765080991,-65.33757941801652,-0.06533757941801652,-480.7843305427121,-170.0,-0.09800636912702476,-0.13067515883603303,0.0,0.13067515883603303,13.067515883603303,-2.613503176720661,156.80180895756067,156.80180895756067,-13.067515883603303,-51.280362297661576,-156.80180895756067,26.135031767206605,0.19601273825404952,-679.6352603523444,13.067515883603303,-333.3333333333333,62.716430719310225,-26.135031767206605,0.06533757941801652,1.3067515883603305,157.1808629848924,124.05834982113777,-0.13067515883603303,-127.3252287920385,97.64890022037538,40.50929923917025,0.13067515883603303,20.803485286697253,-94.09375988392938,62.716430719310225,-0.13067515883603303,-0.03266878970900826,-62.716430719310225,-0.13067515883603303,-720.1050312858039,0.13067515883603303,-0.03266878970900826,-0.03266878970900826,-0.03266878970900826,52.27006353441321,65.33757941801652,1.3067515883603305,96.81395830264813,-0.03266878970900826,304.68728662493703,6.533757941801651,50.0,0.13067515883603303,0.06533757941801652,0.06533757941801652,44.42573124325841,0.0,0.13067515883603303,0.0,1.3067515883603305,0.13067515883603303,-96.81395830264813,0.13067515883603303,0.5227006353439947,0.6533757941800786,0.06533757941801652,0.03266878970900826,39.20254765080991,-0.13067515883603303,136.97460900249035,1.3067515883603305,-193.62791660529626,402.6137373874374,-13.067515883603303,26.135031767206605,6.5337579418016505,-0.13067515883603303,29.023318034543315,0.19601273825404952,-0.13067515883603303,-88.85146248651682,0.0,333.0562032520828,0.06533757941801652,-100.0,-0.13067515883603303,-0.13067515883603303,-0.13067515883603303,0.06533757941801652,445.60229163087274,-26.135031767206605,0.13067515883603303,314.3617259697848,-0.03266878970900826,-0.14374267471963592,-314.3617259697848,19.60127382540495,170.0,138.4932826046214,445.60229163087274,-0.09800636912702476,127.3252287920385,-124.05834982113777,0.13067515883603303,-0.03266878970900826,6.533757941801653,130.675158836033,-0.06533757941801652,-0.13067515883603303,0.03266878970900826,0.0,0.0,379.56992277292636,0.0,-255.0,0.0,355.4532059577773,-140.0,0.0,-80.0,-255.0,-325.0,-300.0,40.0,127.5,127.5,0.0,70.0,-97.92331805393117,-410.8945546701328,300.0,325.0,-410.8945546701328,-355.4532059577773,218.2397249790517,0.0,1496.5981,hplb
52,0.0,0.0,0.0,0.0,0.0,0.0,0.0,0.0,-0.12492428115575713,0.0,0.0,0.0,0.0,0.0,0.0,0.0,-571.364539374886,0.0,0.0,852.6410491179724,0.0,0.0,0.0,987.2577233221127,0.0,412.01282833090244,0.0,0.0,0.0,0.0,0.0,0.0,137.2391733864576,0.0,0.0,0.0,0.0,-21.87840577307537,0.0,-533.9127304386503,1000.0,0.0,0.0,-729.8281753154262,0.0,0.0,0.0,0.0,745.7226076288846,-693.8399831373241,0.0,62.50000000000028,0.0,0.13741670927151972,0.0,0.0,0.0,24.984856231151426,0.0,0.0,-11.001665027115564,0.0,11.001665027115564,0.0,0.0,0.0,0.0,0.0,123.88672054007003,113.30112004631692,0.0,1.2492428115575713,0.0,0.0,0.0,0.0,0.0,0.0,0.0,0.0,0.0,0.0,0.0,0.0,74.95456869345428,0.0,0.0,0.0,653.1672949625265,-428.4480742033803,-0.03123107028893928,0.0,0.0,262.94186419859426,37.47728434672714,0.0,37.47728434672714,0.0,0.0,0.0,0.0,292.6543028040687,-164.36725743597222,0.0,0.0,0.0,0.0,0.0,0.0,0.0,0.0,0.0,0.0,0.0,0.0,0.0,0.0,0.0,0.0,0.0,0.0,0.0,0.0,0.0,-1000.0,0.0,0.0,37.47728434672714,0.0,38.72652715828471,0.0,0.0,902.3585023199827,0.0,-902.3585023199827,902.3585023199827,-628.9966748879076,0.0,0.0,628.9966748879076,0.0,0.0,0.0,0.0,0.0,9.619169648993338,0.12492428115575711,0.0,0.0,0.0,0.0,0.0,0.0,0.0,0.0,0.0,376.2433157712189,0.0,0.0,0.0,0.0,0.0,786.4274068940563,786.4274068940563,0.0,0.0,0.0,-625.0,0.0,0.0,0.0,786.5523311752121,0.0,0.0,0.0,195.7905504459863,0.0,0.0,0.0,0.0,0.0,0.0,0.0,0.0,0.0,0.0,0.0,0.0,0.0,0.0,0.0,-1000.0,0.0,0.0,0.0,0.0,0.0,693.8399831373241,-62.50000000000028,-169.41844148908808,169.41844148908808,0.0,0.0,0.0,0.0,0.0,0.0,0.0,164.36725743597222,-715.600391375621,0.0,0.0,0.0,0.0,0.0,0.0,0.0,0.0,0.0,0.0,0.0,0.0,0.0,47.90880941131155,-50.03028753769715,-111.85806825399834,0.0,0.0,0.0,0.0,157.38264760326854,0.0,0.0,0.0,0.0,-11.001665027115564,617.9701070614278,0.0,0.0,0.0,0.0,0.0,0.0,0.0,0.0,442.2333487114422,0.0,0.0,0.0,-1000.0,-177.4142635483854,513.8041661397963,0.0,111.85806825399834,0.0,0.0,0.0,0.0,0.0,0.0,0.0,252.14607738152893,0.0,0.0,487.0377624255663,0.0,1000.0,-512.9622375744333,1000.0,0.0,483.74885347343826,0.0,0.0,693.8399831373241,0.0,191.15609682129383,0.0,0.0,0.0,86.43254144984098,0.0,-86.43254144984098,0.0,786.3024826129006,0.0,0.0,0.0,-625.0,0.0,0.0,-11.001665027115564,-0.18738642173363568,0.0,0.0,0.0,0.0,0.12492428115575711,0.0,0.0,0.0,362.90671933856214,-571.364539374886,0.0,-410.9314899799954,-16.26964337760461,0.0,952.2327823629464,0.0,1000.0,0.0,0.0,0.0,0.0,0.0,-10.755980607510873,-989.2440193924891,0.0,-581.4474865411889,-1000.0,0.0,0.0,0.0,0.0,0.0,0.0,0.0,0.0,0.0,0.0,0.0,0.0,0.0,0.0,0.0,0.0,0.0,-1000.0,0.0,-978.6212913515465,0.0,0.0,438.21078685823,907.0462827926976,0.0,0.0,-451.85251836043557,0.0,0.0,0.0,0.0,286.40808874628084,0.0,0.0,-602.9733998272771,0.0,865.357298852419,0.0,210.07741342313236,0.0,-168.21054457622697,0.0,0.0,613.5802935400134,-3.123107028893928,-216.3236274809202,-1000.0,0.0,-679.6456847288829,0.0,1000.0,37.47728434672714,0.0,0.0,0.0,0.0,0.0,0.0,0.0,-47.90880941131155,47.90880941131155,47.90880941131155,-371.17500663414603,0.0,0.0,0.0,0.0,0.0,164.36725743597222,0.0,0.0,-22.003330054231128,0.0,0.0,85.2445019837808,0.0,0.0,0.0,0.0,-87.5075718844243,0.2498485623115533,0.0,0.0,0.0,0.0,0.0,0.0,0.0,0.0,0.0,237.18784058638695,0.0,0.0,0.0,0.0,0.0,0.0,0.0,0.0,0.0,0.13741670927151972,0.13741670927151972,0.0,302.92395318016014,0.0,74.95456869345428,0.0,0.0,0.0,1000.0,0.0,0.0,0.0,0.0,0.0,177.32016152878202,-1000.0,0.0,0.0,821.1596079709468,0.0,0.0,85.2445019837808,0.0,0.0,0.0,0.0,0.0,0.0,0.0,333.3333333333333,-362.90671933856214,0.0,0.0,9.619169648993338,0.0,105.55921659532578,157.38264760326854,0.0,0.0,177.32016152878202,0.0,-258.4254455767626,348.23803522112036,0.0,0.0,47.90880941131155,0.0,0.0,0.0,0.0,0.0,0.0,0.0,0.0,0.0,0.0,0.0,0.0,0.0,74.95456869345428,0.0,0.0,0.0,0.0,0.0,0.0,0.0,0.0,0.0,0.0,0.0,0.0,1.2492428115575713,0.0,0.0,0.0,0.0,0.0,-62.50000000000028,0.0,0.0,37.47728434672714,-821.1596079709468,0.0,0.0,0.0,0.0,0.0,0.0,0.0,0.0,0.0,1000.0,169.77964329950493,0.0,37.47728434672714,37.47728434672714,1000.0,-1000.0,0.0,85.2445019837808,0.0,0.0,0.0,0.0,0.0,-254.18525602283884,164.36725743597222,24.702945811431064,0.12492428115575711,0.0,0.0,-574.6866629553413,739.667022547398,0.0,0.0,-262.94186419859426,0.0,0.0,0.0,0.0,0.0,0.0,0.0,0.0,0.0,0.0,0.0,0.0,0.0,0.0,0.12492428115575711,0.0,0.0,0.0,0.0,0.0,0.0,0.0,0.0,0.0,0.0,-13.641731502205534,0.0,0.0,21.37870864845354,-9.369321086681794,-2.724846283043658,-3.5213677747441983,0.0,0.0,0.0,0.0,0.0,0.0,0.0,0.0,0.0,0.0,0.0,0.0,0.0,0.0,0.0,326.6005293289049,0.0,0.0,0.0,-0.12492428115575711,0.0,0.0,0.12492428115575711,0.0,0.12492428115575711,0.0,0.0,0.0,74.95456869345428,152.40762301002368,152.40762301002368,0.0,0.0,0.0,0.0,0.0,0.0,0.0,0.0,0.0,164.36725743597222,0.0,0.0,0.0,0.0,0.0,0.0,0.0,0.0,0.0,0.0,0.0,0.0,0.0,0.0,0.0,0.0,0.0,157.38264760326854,0.0,-412.01282833090244,412.01282833090244,0.18738642173363568,0.0,0.0,0.0,-37.47728434672714,0.0,0.0,0.0,0.0,0.0,-302.92395318016014,6.246214057787856,0.0,0.0,0.0,625.0,0.0,0.0,-3.5213677747441983,0.0,0.0,0.0,0.0,0.0,0.0,0.0,0.0,0.0,821.1596079709468,1000.0,255.0151437688486,0.0,300.0151437688486,0.0,0.0,-451.85251836043557,0.0,451.85251836043557,0.0,-152.40762301002368,0.0,6.246214057787856,449.6906892454987,0.0,0.0,0.0,-22.003330054231128,0.0,0.0,0.0,0.0,0.0,0.0,0.0,0.0,0.0,-18.738642173363523,0.0,152.40762301002368,0.0,0.0,0.0,0.0,0.0,0.0,0.0,0.0,0.0,442.2333487114422,0.0,0.0,331.03191644020546,-402.1682001784436,181.38865023183646,0.0,37.47728434672714,0.0,0.0,0.0,0.0,27.555414684236197,0.0,0.0,0.13741670927151972,0.0,0.0,0.0,76.20381150501184,0.0,0.0,0.0,0.0,-50.03028753769715,0.0,0.0,0.0,0.0,0.0,0.0,0.0,0.0,-1000.0,0.0,0.012492428115575712,0.012492428115575712,0.0,0.0,0.0,0.0,0.0,0.0,0.0,0.0,0.0,-574.6866629553413,0.0,0.0,0.0,0.0,0.0,302.92395318016014,0.0,0.0,0.0,0.0,0.0,0.0,0.0,693.8399831373241,0.0,0.0,0.0,0.0,393.1345779970847,0.0,0.0,0.0,0.0,0.0,74.95456869345428,0.0,0.0,0.0,0.0,0.0,0.0,-74.95456869345428,0.0,0.0,0.0,0.0,0.0,0.0,0.0,0.0,0.0,0.0,0.0,0.0,-89.48154542596434,-1000.0,85.57313259169364,0.0,-37.47728434672714,0.0,-21.87840577307537,0.0,0.0,0.0,0.0,0.0,0.0,0.0,0.0,0.0,0.0,0.0,0.0,0.0,0.0,0.0,0.0,0.0,-15.615535144469618,0.0,-295.77740983296263,-9.369321086681737,0.0,0.0,0.0,0.0,0.0,-750.4478931510822,748.8863396366353,22.003330054231128,0.0,0.0,0.0,0.0,0.0,0.0,0.0,935.2214003854667,37.47728434672714,37.47728434672714,0.0,0.0,0.0,0.0,0.0,0.13741670927151972,302.92395318016014,0.0,0.0,21.87840577307537,0.0,0.0,0.0,0.0,0.0,0.0,0.0,0.0,0.0,0.0,0.0,0.0,0.0,0.0,0.0,0.0,0.0,0.0,0.0,131.170495213545,9.619169648993338,0.0,0.0,0.0,0.0,0.0,302.92395318016014,0.0,435.48594057518636,0.0,0.0,0.0,-15.615535144469618,0.0,0.0,0.0,0.0,0.0,0.0,0.0,0.0,0.0,0.0,0.0,0.0,0.0,0.0,0.0,0.0,0.0,0.0,-0.12492428115575711,0.0,0.0,6.246214057787856,-177.32016152878202,0.0,0.0,0.0,0.0,0.0,0.0,0.0,0.0,10.755980607510873,3.123107028893928,0.0,0.0,412.01282833090244,0.12492428115575711,0.0,124.92428115575713,-38.7265271582847,24.984856231151426,0.892316293969693,348.53874442456237,-0.09369321086681784,602.9733998272771,2.4984856231151427,-0.6246214057775887,-348.53874442456237,37.47728434672714,-0.12492428115575713,0.0,85.2445019837808,0.031231070288939282,0.892316293969693,0.0,-19.887945559993398,-2.4984856231151427,-281.2765097430864,-0.12492428115575713,0.031231070288939282,-348.53874442456237,12.492428115575713,0.12492428115575713,0.12492428115575711,-302.66161218973286,0.13741670927133284,-224.74674527088186,-0.09369321086681784,37.47728434672714,0.12492428115575713,37.47728434672714,-62.462140577878564,-0.062462140577878564,-151.49657050033701,-170.0,-0.09369321086681784,-0.12492428115575713,-38.7265271582847,0.12492428115575711,12.492428115575713,-2.4984856231151427,157.38264760326854,157.38264760326854,-12.492428115575713,281.2765097430864,-157.38264760326854,24.984856231151426,0.18738642173363568,86.58810798014001,12.492428115575713,-333.3333333333333,85.2445019837808,-24.984856231151426,0.06246214057787856,1.2492428115575713,102.73287249499884,280.0,-0.12492428115575711,-331.03191644020546,302.66161218973286,38.72652715828471,0.12492428115575713,19.887945559993398,-64.66463540312759,85.2445019837808,-0.12492428115575711,-0.031231070288939282,-85.2445019837808,-0.12492428115575713,-87.5075718844243,0.12492428115541607,-0.03123107028893928,-0.03123107028893928,-0.03123107028893928,49.96971246230285,62.462140577878564,1.2492428115575713,92.5532768012695,-0.031231070288939282,205.4657449899977,6.246214057787856,50.0,0.12492428115575711,0.06246214057787856,0.062462140577878564,55.11467910746611,38.7265271582847,0.12492428115575711,-38.7265271582847,1.2492428115575713,0.12492428115575713,-92.5532768012695,0.12492428115575713,0.49969712462183163,0.6246214057775887,0.062462140577878564,0.031231070288939282,37.47728434672714,-0.12492428115575713,224.74674527088186,1.2492428115575713,-185.106553602539,599.8502927983832,-12.492428115575713,24.984856231151426,6.246214057787856,-0.12492428115575713,0.0,0.18738642173363568,-0.12492428115575713,-110.22935821493222,38.7265271582847,229.20506619540583,0.062462140577878564,-100.0,-0.12492428115575713,-0.12492428115541607,-0.12492428115575713,0.062462140577878564,348.53874442456237,-24.984856231151426,0.12492428115575711,205.4657449899977,-0.03123107028893928,-0.13741670927133284,-205.4657449899977,18.73864217336357,170.0,-310.988763528922,348.53874442456237,-0.09369321086681784,331.03191644020546,-280.0,0.12492428115575713,-0.03123107028893928,6.246214057787856,124.92428115575713,-0.06246214057787856,-0.12492428115575713,0.031231070288939282,0.0,0.0,-141.95134939077585,0.0,-255.0,0.0,557.8272263639521,-140.0,0.0,-80.0,346.1901504029946,-325.0,-55.300779270057944,40.0,127.5,-173.0950752014973,0.0,70.0,-302.92395318016014,-256.76048087964205,55.300779270057944,325.0,-256.76048087964205,-557.8272263639521,304.999716825752,0.0,1496.5981,hplb
53,0.0,0.0,0.0,0.0,0.0,0.0,0.0,0.0,294.2662462155677,0.0,0.0,0.0,0.0,0.0,0.0,0.0,-1000.0,1000.0,0.0,71.66668734975747,0.0,0.0,0.0,711.1069636516373,0.0,0.0,0.0,0.0,0.0,973.2311745395692,0.0,0.0,87.22743688609016,0.0,0.0,0.0,0.0,655.5968373146272,0.0,-1000.0,394.10051351522645,0.0,-1000.0,-1000.0,0.0,0.0,731.393463882582,0.0,-32.50937150009918,0.0,0.0,0.0,0.0,0.13444448165769884,0.0,0.0,0.0,24.444451210507996,0.0,0.0,47.512046898912025,0.0,0.0,-127.31521384690484,617.371996709385,0.0,0.0,0.0,0.0,0.0,0.0,1.2222225605254,0.0,0.0,0.0,0.0,0.0,0.0,0.0,0.0,0.0,0.0,0.0,0.0,73.33335363152399,0.0,0.0,587.921373099807,555.4120015997079,300.0,-0.030555564013134993,0.0,0.0,0.0,36.666676815761996,0.0,36.666676815761996,0.0,0.0,0.0,0.0,6.111112802626999,689.0027268830617,0.0,0.0,-50.071451255148816,512.1761868734976,0.0,0.0,0.0,0.0,0.0,0.0,0.0,0.0,0.0,0.0,0.0,0.0,0.0,0.0,0.0,0.0,0.0,-393.3430246717826,0.0,0.0,36.666676815761996,0.0,37.8888993762874,24.00860382068528,0.0,0.0,-625.0000000000018,625.0000000000017,-625.0000000000017,-174.82726074581686,0.0,0.0,0.0,0.0,0.0,0.0,0.0,0.0,9.411113716045579,0.12222225605253997,0.0,0.0,0.0,-219.25214254599132,-600.2467852135586,0.0,0.0,0.0,0.0,920.3080608302104,0.0,0.0,0.0,0.0,0.0,103.39213619948822,103.39213619948822,0.0,0.0,0.0,0.0,312.499999998047,0.0,0.0,103.51435845554076,0.0,0.0,0.0,-1000.0,-828.3231882679765,0.0,0.0,0.0,0.0,0.0,0.0,0.0,0.0,0.0,-735.2777820065675,0.0,0.0,0.0,0.0,-1000.0,0.0,0.0,0.0,0.0,0.0,0.0,1000.0,-555.4120015997079,555.4120015997079,174.82726074581686,0.0,0.0,0.0,0.0,0.0,0.0,284.22844765650757,-407.3994923310232,0.0,0.0,0.0,0.0,0.0,0.0,0.0,0.0,0.0,0.0,0.0,0.0,0.0,0.0,256.2116433070683,-940.72180303947,0.0,0.0,0.0,0.0,-103.15574840992555,0.0,0.0,0.0,0.0,47.512046898912025,59.278196960529954,0.0,0.0,331.58867810478915,0.0,0.0,0.0,0.0,0.0,613.958218035862,0.0,0.0,0.0,-700.1833333840788,-589.3593301846631,1000.0,0.0,940.72180303947,0.0,0.0,174.82726074581686,-723.5736337689964,0.0,0.0,0.0,-212.70794378268778,0.0,0.0,-1000.0,0.0,0.0,-624.9999999999859,-375.0000000000142,375.0000000000142,0.0,0.0,-39.15731584965829,0.0,0.0,317.34578969206586,0.0,0.0,0.0,-367.780952618622,0.0,367.780952618622,0.0,834.6633778260176,0.0,0.0,438.8767556212638,0.0,0.0,0.0,47.512046898912025,-0.18333338407880997,0.0,0.0,0.0,0.0,0.12222225605253997,0.0,0.0,0.0,277.70359281248466,-1000.0,0.0,-1000.0,779.9264119339422,828.3231882679765,430.76719033098846,0.0,0.0,0.0,-50.071451255148816,0.0,0.0,0.0,390.6018302605418,0.0,-390.6018302605418,-1000.0,-1000.0,0.0,0.0,0.0,0.0,0.0,0.0,0.0,0.0,0.0,0.0,0.0,0.0,0.0,0.0,0.0,0.0,331.58867810478915,90.79146770971796,0.0,-565.2942586291197,0.0,0.0,610.0226613909708,0.0,0.0,0.0,-623.3693317519077,0.0,0.0,0.0,0.0,0.0,0.0,0.0,-116.57171405800136,0.0,0.0,-1000.0,-1000.0,-175.09560402086873,0.0,0.0,7.529682694138046,420.090882929196,-3.0555564013134995,993.888887197373,355.5165410948098,0.0,0.0,-54.377022764742605,-144.87054026927711,36.666676815761996,0.0,0.0,0.0,0.0,0.0,294.38846847162023,0.0,0.0,0.0,0.0,280.6270000446408,0.0,0.0,0.0,0.0,0.0,284.22844765650757,0.0,0.0,-79.8031669479928,0.0,-898.4390205677429,0.0,0.0,0.0,0.0,0.0,-87.777774394746,0.2444445121053787,0.0,0.0,0.0,0.0,0.0,0.0,0.0,0.0,0.0,0.0,0.0,0.0,0.0,0.0,0.0,0.0,0.0,0.0,0.0,0.13444448165769884,0.13444448165769884,0.0,255.555548789492,0.0,73.33335363152399,0.0,0.0,0.0,1000.0,0.0,0.0,0.0,0.0,0.0,990.0566609806982,-1000.0,0.0,0.0,0.0,0.0,0.0,0.0,0.0,0.0,0.0,0.0,0.0,0.0,0.0,131.11434155726087,-277.70359281248466,307.3227408860523,102.93091856123631,9.411113716045579,0.0,0.0,0.0,-71.67151233589131,0.0,990.0566609806982,0.0,0.0,902.2788865859523,812.5000000001048,-812.5000000001048,0.0,0.0,0.0,0.0,0.0,0.0,0.0,0.0,0.0,0.0,0.0,0.0,0.0,0.0,73.33335363152399,174.82726074581686,174.82726074581686,0.0,0.0,0.0,0.0,0.0,0.0,0.0,0.0,0.0,0.0,1.2222225605254,0.0,0.0,0.0,0.0,0.0,1000.0,0.0,0.0,36.666676815761996,0.0,0.0,0.0,0.0,102.93091856123631,0.0,0.0,0.0,0.0,0.0,0.0,-103.15574840992555,0.0,36.666676815761996,36.666676815761996,1000.0,-1000.0,0.0,0.0,0.0,0.0,0.0,0.0,0.0,69.99272567316302,284.22844765650757,0.0,0.12222225605253997,0.0,0.0,65.37753415693112,0.0,0.0,0.0,0.0,0.0,0.0,0.0,0.0,0.0,0.0,0.0,0.0,0.0,0.0,0.0,0.0,0.0,0.0,0.12222225605253997,0.0,0.0,0.0,0.0,0.0,0.0,0.0,0.0,0.0,0.0,-13.346670360936873,0.0,0.0,-656.0857263388376,-9.166669203940499,-6.111112802626999,0.0,0.0,625.0,625.0,-625.0,0.0,0.0,0.0,0.0,0.0,0.0,0.0,174.82726074581686,828.3231882679765,0.0,0.0,-138.75942746665012,0.0,0.0,0.0,294.2662462155677,0.0,0.0,0.12222225605253997,0.0,0.12222225605253997,0.0,0.0,0.0,73.33335363152399,149.1111523840988,149.1111523840988,0.0,0.0,0.0,0.0,0.0,0.0,0.0,307.3227408860523,0.0,284.22844765650757,0.0,0.0,0.0,401.12516650666544,0.0,0.0,0.0,0.0,0.0,0.0,0.0,0.0,0.0,0.0,0.0,0.0,0.0,71.67151233589131,0.0,0.0,0.0,0.18333338407880997,0.0,0.0,0.0,-36.666676815761996,0.0,0.0,0.0,0.0,0.0,-255.555548789492,6.111112802626999,0.0,0.0,0.0,0.0,-312.499999998047,-268.98520374615873,0.0,0.0,-898.4390205677429,0.0,0.0,0.0,0.0,0.0,174.82726074581686,0.0,0.0,0.0,255.555548789492,0.0,607.8782896755442,-50.071451255148816,0.0,-892.3545354980664,0.0,892.3545354980664,0.0,-872.6847861530952,0.0,6.111112802626999,1000.0,0.0,0.0,0.0,-79.8031669479928,0.0,0.0,0.0,0.0,0.0,0.0,0.0,0.0,0.0,1000.0,-283.05555640131354,149.1111523840988,0.0,0.0,0.0,0.0,0.0,0.0,0.0,0.0,0.0,613.958218035862,0.0,0.0,0.0,-65.37753415693112,284.5665973483456,-1000.0,36.666676815761996,0.0,0.0,0.0,0.0,326.9803531880094,0.0,0.0,0.13444448165769884,0.0,0.0,0.0,74.5555761920494,0.0,0.0,0.0,0.0,256.2116433070683,0.0,512.1761868734976,0.0,0.0,0.0,0.0,0.0,0.0,0.0,0.0,0.012222225605253998,0.012222225605253998,0.0,0.0,0.0,0.0,0.0,0.0,0.0,0.0,0.0,65.37753415693112,0.0,0.0,0.0,0.0,0.0,255.555548789492,0.0,0.0,0.0,0.0,0.0,0.0,0.0,0.0,0.0,0.0,0.0,0.0,0.0,-1000.0,1000.0,0.0,0.0,0.0,73.33335363152399,0.0,0.0,0.0,0.0,0.0,0.0,-73.33335363152399,0.0,0.0,0.0,0.0,0.0,0.0,0.0,0.0,0.0,0.0,0.0,0.0,0.0,-241.00454744377532,484.8474119026553,0.0,-36.666676815761996,0.0,655.5968373146272,0.0,0.0,0.0,0.0,0.0,0.0,0.0,0.0,0.0,562.5,0.0,-562.5,-562.5,0.0,0.0,0.0,0.0,-15.277782006567499,174.82726074581686,-9.166669203940499,675.0140537040385,0.0,0.0,0.0,0.0,0.0,125.48637732057166,-127.01415552122842,79.8031669479928,0.0,0.0,0.0,0.0,0.0,0.0,0.0,1000.0,36.666676815761996,36.666676815761996,0.0,0.0,0.0,0.0,0.0,0.13444448165769884,255.555548789492,0.0,0.0,-655.5968373146272,0.0,0.0,0.0,0.0,0.0,0.0,0.0,0.0,0.0,0.0,0.0,0.0,0.0,0.0,0.0,0.0,0.0,24.00860382068528,0.0,128.33336885516698,9.411113716045579,0.0,0.0,0.0,0.0,0.0,255.555548789492,0.0,872.8967523345026,0.0,0.0,0.0,-15.277782006567499,0.0,0.0,0.0,0.0,0.0,0.0,0.0,0.0,0.0,0.0,0.0,0.0,0.0,0.0,0.0,0.0,0.0,0.0,-0.12222225605253997,0.0,0.0,6.111112802626999,-990.0566609806982,0.0,0.0,0.0,0.0,174.82726074581686,0.0,0.0,0.0,-390.6018302605418,3.0555564013134995,0.0,0.0,0.0,0.12222225605253997,0.0,122.22225605253998,-13.880295555602117,24.444451210507996,0.8730161146609998,389.01730202795716,-0.09166669203940499,6.111112802627003,2.4444451210507996,-0.6111112802628895,-389.01730202795716,36.666676815761996,-0.12222225605253999,16.690483751716272,0.0,0.030555564013134993,0.8730161146609998,-50.071451255148816,-19.457783163563818,-2.4444451210507996,-71.66668734975747,-0.12222225605253999,0.030555564013134997,-389.01730202795716,12.222225605253998,0.12222225605253999,0.12222225605253997,-255.29888205178176,0.134444481657794,-74.8623087705385,-0.09166669203940499,36.666676815761996,0.12222225605253999,36.666676815761996,-61.111128026269995,-0.061111128026269994,-745.3028495493742,90.81130054861899,-0.09166669203940499,-0.12222225605253999,-13.880295555602117,0.12222225605253997,12.222225605253998,-2.4444451210507996,71.67151233589131,71.67151233589131,-12.222225605253998,71.66668734975747,-71.67151233589131,24.444451210507996,0.18333338407880997,-1000.0,12.222225605253998,-131.11434155726087,0.0,-24.444451210507996,0.06111112802626999,1.2222225605254,250.0,280.0,-0.12222225605253997,-283.05555640131354,255.29888205178176,37.8888993762874,0.12222225605253999,19.457783163563818,-146.66670726304795,0.0,-0.12222225605253997,-0.030555564013134993,0.0,-0.12222225605253999,-599.9539612682436,0.12222225605265367,-0.030555564013134993,-0.030555564013134993,-0.030555564013134993,48.88890242101599,61.111128026269995,1.2222225605254,90.55141395292564,-0.030555564013134997,483.3095162482837,6.111112802626999,50.0,0.12222225605253997,0.06111112802626999,0.061111128026269994,12.222225605253998,13.880295555602117,0.12222225605253997,-13.880295555602117,1.2222225605254,0.12222225605253999,-90.55141395292564,0.12222225605253999,0.488889024210323,0.6111112802628895,0.061111128026269994,0.030555564013134997,36.666676815761996,-0.12222225605253997,74.8623087705385,1.2222225605253998,-181.10282790585129,3.0555564013134955,-12.222225605253998,24.444451210507996,6.111112802626999,-0.12222225605253999,50.071451255148816,0.18333338407880997,-0.12222225605253999,-24.444451210507992,13.880295555602117,1.0528214398323144,0.061111128026269994,-100.0,-0.12222225605253999,-0.12222225605265367,-0.12222225605253999,0.061111128026269994,389.01730202795716,-24.444451210507996,0.12222225605253997,500.0,-0.030555564013134993,-0.134444481657794,-500.0,18.333338407880994,-90.81130054861902,378.89189264768873,389.01730202795716,-0.09166669203940499,283.05555640131354,-280.0,0.12222225605253999,-0.030555564013134993,6.111112802626999,122.22225605253998,-0.06111112802626999,-0.12222225605253999,0.030555564013134993,375.47936282877345,0.0,699.9388888719737,0.0,-255.0,0.0,80.94123623605361,-140.0,0.0,84.01220431968233,-255.0,-325.0,-300.0,-42.00610215984116,127.5,127.5,0.0,70.0,-255.555548789492,-328.03317462784173,300.0,325.0,-328.03317462784173,-80.94123623605361,107.69285894692379,0.0,1496.5981,hplb
54,0.0,0.0,0.0,0.0,0.0,0.0,0.0,0.0,-0.12151388039040961,0.0,0.0,0.0,0.0,0.0,0.0,0.0,0.0,1000.0,0.0,-713.6225757617359,0.0,0.0,0.0,0.0,0.0,0.0,0.0,0.0,0.0,-1000.0,0.0,0.0,224.4943268333398,0.0,0.0,0.0,0.0,867.1435620618535,0.0,-1000.0,963.5458358828771,0.0,0.0,1000.0,0.0,0.0,0.0,0.0,1000.0,0.0,0.0,0.0,0.0,0.1336652684292254,0.0,0.0,0.0,24.302776078081923,0.0,0.0,1.643027188849078,0.0,0.0,-238.38404874550585,0.0,0.0,0.0,0.0,0.0,155.95649638069636,0.0,1.2151388039040962,0.0,0.0,0.0,0.0,0.0,0.0,0.0,0.0,0.0,0.0,386.8971925866243,0.0,72.90832823424577,0.0,67.66467572288748,-365.00144756294833,843.7820741460118,-606.0257781065354,930.3512165612777,0.0,0.0,326.288054564341,36.454164117122886,0.0,36.454164117122886,0.0,0.0,0.0,386.8971925866243,49.66685029624349,-1000.0,0.0,0.0,-10.321405545466632,0.0,0.0,0.0,0.0,0.0,0.0,0.0,0.0,0.0,0.0,0.0,0.0,0.0,0.0,0.0,0.0,0.0,0.0,-1000.0,0.0,0.0,36.454164117122886,0.0,37.669302921026976,0.0,0.0,567.8966411335472,-638.8813150549727,70.98467392142551,-70.98467392142551,-1000.0,-687.5000000000007,687.5000000000007,759.9729240656451,0.0,0.0,0.0,0.0,0.0,-309.87594807367526,0.12151388039040961,930.3815950313754,0.0,0.0,0.0,-72.95563877727204,0.0,0.0,0.0,0.0,571.1572760470823,0.0,0.0,0.0,0.0,0.0,702.8868484573869,702.8868484573869,0.0,0.0,0.0,0.0,437.4999999993499,0.0,0.0,703.0083623377773,0.0,0.0,0.0,311.3753372816442,0.0,0.0,0.0,0.0,0.0,0.0,0.0,0.0,0.0,0.0,-581.5365257057204,0.0,0.0,0.0,0.0,-400.41817030212303,0.0,0.0,0.0,0.0,0.0,0.0,0.0,62.24370396052359,-62.24370396052359,240.02707593435494,0.0,0.0,0.0,0.0,0.0,0.0,0.0,-1000.0,0.0,0.0,0.0,0.0,0.0,0.0,0.0,0.0,0.0,0.0,0.0,0.0,0.0,0.0,21.56119093343589,0.0,0.0,0.0,0.0,0.0,109.93732772035335,0.0,0.0,0.0,0.0,1.643027188849078,-1000.0,0.0,0.0,0.0,0.0,0.0,0.0,0.0,0.0,3.9127469485697475,0.0,0.0,0.0,-966.1858103603181,-184.64744017482985,697.2422563975753,0.0,0.0,0.0,0.0,240.02707593435494,-470.3537292130156,0.0,0.0,0.0,-126.08793708490862,0.0,0.0,-1000.0,-1000.0,0.0,0.0,0.0,1000.0,906.0257781065354,0.0,-286.3774242382641,0.0,0.0,-10.94067736546549,0.0,0.0,0.0,-264.37263944988115,0.0,264.37263944988115,0.0,499.7713074083341,0.0,0.0,0.0,0.0,0.0,0.0,1.643027188849078,-0.18227082058561442,0.0,0.0,0.0,0.0,0.12151388039040961,0.0,0.0,0.0,10.08685558172211,0.0,0.0,-888.3717780009409,192.3199128524812,0.0,1000.0,0.0,274.5967080492162,0.0,-10.321405545466632,0.0,0.0,0.0,-10.46234510161404,0.0,-264.13436294760214,-646.3811353670186,-1000.0,0.0,0.0,0.0,0.0,0.0,0.0,0.0,0.0,0.0,0.0,0.0,0.0,0.0,0.0,0.0,0.0,0.0,-132.37038241658462,0.0,-1000.0,0.0,0.0,0.0,0.0,0.0,0.0,305.96320112510546,0.0,0.0,0.0,912.3388149189458,43.59115627672301,831.3472598162866,0.0,-27.871272157881986,0.0,-831.3472598162866,-311.4200608011864,-6.075694019520481,188.17710808296988,-1000.0,0.0,0.0,1000.0,-3.0378470097602404,0.0,0.0,0.0,-341.6406132178821,0.0,-61.44106452389764,36.454164117122886,0.0,0.0,0.0,0.0,0.0,0.0,0.0,0.0,0.0,0.0,143.51744033195044,0.0,0.0,0.0,0.0,0.0,0.0,0.0,0.0,-101.41167011088183,0.0,0.0,0.0,0.0,0.0,0.0,0.0,-87.84861196095903,0.24302776078085722,0.0,0.0,0.0,0.0,0.0,0.0,0.0,0.0,0.0,0.0,0.0,0.0,0.0,0.0,0.0,0.0,0.0,0.0,0.0,0.1336652684292254,0.1336652684292254,0.0,252.5430828127599,0.0,72.90832823424577,0.0,0.0,0.0,1000.0,0.0,0.0,67.66467572288748,0.0,0.0,867.9540367704973,-1000.0,0.0,0.0,451.6438673203152,0.0,0.0,0.0,0.0,0.0,0.0,0.0,0.0,0.0,0.0,333.3333333333333,-10.08685558172211,72.95563877727204,0.0,77.02124451294905,0.0,0.0,326.288054564341,-23.676349090367296,0.0,867.9540367704973,0.0,780.1054248095382,0.0,0.0,0.0,0.0,0.0,0.0,0.0,0.0,0.0,0.0,0.0,0.0,0.0,0.0,0.0,0.0,0.0,72.90832823424577,240.02707593435494,240.02707593435494,0.0,0.0,0.0,0.0,0.0,0.0,0.0,0.0,0.0,0.0,1.2151388039040962,0.0,0.0,67.66467572288748,-67.66467572288748,0.0,0.0,0.0,0.0,36.454164117122886,-451.6438673203152,0.0,0.0,0.0,0.0,0.0,0.0,0.0,0.0,0.0,-457.95931341319385,0.0,0.0,36.454164117122886,36.454164117122886,978.037527430202,-1000.0,0.0,0.0,0.0,0.0,0.0,0.0,0.0,872.3931394102112,0.0,1000.0,0.12151388039040961,0.0,0.0,0.0,160.47643818130595,97.50118913543426,0.0,-326.288054564341,0.0,0.0,0.0,0.0,0.0,0.0,0.0,0.0,0.0,0.0,0.0,0.0,0.0,0.0,0.12151388039040961,0.0,0.0,0.0,840.2575443627542,-840.2575443627542,0.0,0.0,0.0,0.0,-694.0367988748945,1000.0,0.0,0.0,-867.6296175834154,-9.113541029280718,-6.075694019520481,0.0,0.0,0.0,0.0,0.0,0.0,0.0,0.0,0.0,0.0,0.0,0.0,240.02707593435494,0.0,0.0,0.0,-397.00598372225926,0.0,0.0,0.0,-0.12151388039040961,0.0,0.0,0.12151388039040961,0.0,0.12151388039040961,0.0,155.95649638069636,0.0,72.90832823424577,148.24693407629974,148.24693407629974,0.0,0.0,0.0,0.0,0.0,0.0,0.0,72.95563877727204,0.0,0.0,0.0,0.0,0.0,0.0,0.0,0.0,0.0,0.0,0.0,0.0,0.0,0.0,0.0,0.0,0.0,0.0,0.0,349.9644036547083,0.0,0.0,0.0,0.18227082058561442,0.0,0.0,0.0,-36.454164117122886,0.0,0.0,0.0,0.0,0.0,-252.5430828127599,6.075694019520481,0.0,0.0,0.0,0.0,-437.4999999993499,-6.075694019520481,0.0,0.0,0.0,0.0,0.0,0.0,0.0,0.0,240.02707593435494,0.0,451.6438673203152,0.0,252.5430828127599,0.0,-6.773237520996894,87.17978358996763,0.0,993.9243059804795,0.0,-993.9243059804795,0.0,-618.6006632893153,0.0,6.075694019520481,460.05947675174536,0.0,0.0,0.0,-236.7410215566568,0.0,0.0,0.0,0.0,0.0,0.0,0.0,0.0,0.0,843.1931495477609,-279.8837059006019,148.24693407629974,0.0,0.0,0.0,0.0,0.0,0.0,0.0,0.0,0.0,3.9127469485697475,0.0,0.0,0.0,-160.47643818130595,850.7605591044398,0.0,36.454164117122886,67.66467572288748,0.0,0.0,0.0,187.3413494190339,0.0,0.0,0.1336652684292254,0.0,0.0,0.0,74.12346703814987,0.0,0.0,0.0,0.0,21.56119093343589,0.0,0.0,0.0,0.0,0.0,0.0,0.0,0.0,0.0,0.0,0.012151388039040636,0.012151388039040636,0.0,0.0,0.0,0.0,0.0,0.0,0.0,0.0,0.0,0.0,0.0,0.0,0.0,0.0,0.0,252.5430828127599,0.0,0.0,0.0,0.0,0.0,0.0,0.0,0.0,0.0,0.0,0.0,135.32935144577496,0.0,0.0,1000.0,0.0,0.0,0.0,72.90832823424579,0.0,0.0,0.0,0.0,0.0,619.5066920547927,-692.4150202890385,0.0,135.32935144577496,0.0,0.0,0.0,0.0,0.0,0.0,0.0,0.0,0.0,0.0,-1000.0,-773.9879959568074,83.23700806743058,0.0,-36.454164117122886,0.0,867.1435620618535,0.0,0.0,0.0,0.0,0.0,0.0,0.0,0.0,0.0,0.0,0.0,0.0,0.0,0.0,0.0,0.0,0.0,-15.189235048801198,240.02707593435494,-52.70469730600373,270.77016487132136,0.0,0.0,0.0,0.0,0.0,-375.88721559957474,374.36829209469465,101.41167011088183,0.0,0.0,0.0,0.0,0.0,0.0,0.0,1000.0,36.454164117122886,36.454164117122886,0.0,0.0,0.0,0.0,0.0,0.1336652684292254,252.5430828127599,0.0,0.0,-867.1435620618535,0.0,0.0,0.0,0.0,0.0,0.0,0.0,0.0,0.0,0.0,0.0,0.0,0.0,0.0,77.97824819034818,0.0,0.0,0.0,0.0,127.5895744099301,77.02124451294905,0.0,0.0,0.0,0.0,0.0,252.5430828127599,0.0,0.0,0.0,0.0,0.0,-15.189235048801198,0.0,0.0,0.0,0.0,0.0,0.0,0.0,0.0,0.0,0.0,0.0,0.0,0.0,0.0,0.0,0.0,0.0,0.0,-0.12151388039040961,0.0,0.0,6.075694019520481,-867.9540367704973,0.0,0.0,0.0,0.0,240.02707593435494,0.0,0.0,0.0,10.46234510161404,3.0378470097602404,0.0,0.0,0.0,0.12151388039040961,0.0,121.51388039040961,-37.669302921026976,24.302776078081923,0.8679562885029258,339.0237262892428,-0.09113541029280721,27.871272157881986,2.4302776078081925,-0.6075694019523894,-339.0237262892428,36.454164117122886,-0.12151388039040961,3.440468515155544,0.0,0.030378470097602403,0.8679562885029258,-10.321405545466632,-87.00968548103936,-2.4302776078081925,-286.3774242382641,-0.12151388039040961,0.030378470097602403,-339.0237262892428,12.151388039040961,0.12151388039040961,0.12151388039040961,-252.28790366394028,-67.53101045445803,-194.1989385679314,-0.09113541029280721,36.454164117122886,0.12151388039040961,36.454164117122886,-60.756940195204805,-0.060756940195204806,-356.3155263882176,-122.21022963978473,-0.09113541029280721,-0.12151388039040961,-37.669302921026976,0.12151388039040961,12.151388039040961,-2.4302776078081925,349.9644036547083,349.9644036547083,-12.151388039040961,286.3774242382641,-349.9644036547083,24.302776078081923,0.18227082058561442,-832.7751076457375,12.151388039040961,-333.3333333333333,0.0,-24.302776078081923,0.060756940195204806,1.2151388039040962,222.09294450023523,276.84585889084184,-0.12151388039040961,-279.8837059006019,252.28790366394028,37.669302921026976,0.12151388039040961,87.00968548103936,-145.81665646849152,0.0,-0.12151388039040961,-0.030378470097602403,0.0,-0.12151388039040961,-87.84861196095903,0.12151388039040961,-0.030378470097602403,-0.030378470097602403,-0.030378470097602403,48.605552156163846,60.756940195204805,1.2151388039040962,270.01547685084057,-0.030378470097602403,440.7454204853149,6.075694019520481,50.0,0.12151388039040961,0.060756940195204806,0.060756940195204806,12.151388039040961,37.669302921026976,0.12151388039040961,-37.669302921026976,1.2151388039040962,0.12151388039040961,-629.9932382840378,0.12151388039040961,0.4860555215619229,0.6075694019523894,0.060756940195204806,0.030378470097602403,36.454164117122886,-0.12151388039040573,194.1989385679314,1.2151388039040962,-540.0309537016811,24.833425148121744,-12.151388039040961,24.302776078081923,6.075694019520481,-0.12151388039040961,10.321405545466632,0.18227082058561442,-0.12151388039040961,-24.302776078081923,37.669302921026976,44.39122010852432,0.060756940195204806,-100.0,-0.12151388039040961,-0.12151388039040961,-0.12151388039040961,0.060756940195204806,339.0237262892428,-24.302776078081923,0.12151388039040961,444.18588900047047,-0.030378470097602403,67.53101045445803,-444.18588900047047,18.22708205856144,122.21022963978473,547.3625569719079,339.0237262892428,-0.09113541029280721,279.8837059006019,-276.84585889084184,0.12151388039040961,-0.030378470097602403,918.4145089384663,121.51388039040961,-0.060756940195204806,-0.12151388039040961,0.030378470097602403,0.0,0.0,532.7143507055423,359.97776143319726,-255.0,0.0,170.38218388325717,-140.0,0.0,-80.0,-255.0,55.42610022018704,-300.0,40.0,127.5,127.5,0.0,70.0,-252.5430828127599,-231.7325695275582,300.0,-55.426100220187024,-231.7325695275582,-170.38218388325717,152.02372615635386,0.0,1496.5981,hplb
55,0.0,0.0,0.0,0.0,0.0,0.0,0.0,0.0,-0.1260856445783025,0.0,0.0,0.0,0.0,0.0,0.0,0.0,-185.46897496479448,485.4689749647945,0.0,0.0,0.0,0.0,0.0,0.0,0.0,0.0,0.0,0.0,0.0,675.0819969918269,0.0,0.0,118.90688045738497,0.0,0.0,0.0,0.0,728.0767577151964,0.0,-953.841392196168,1000.0,0.0,0.0,0.0,0.0,0.0,0.0,0.0,0.0,0.0,0.0,0.0,0.0,0.1386942090360335,0.0,0.0,0.0,25.217128915660503,0.0,0.0,-31.4342676264082,0.0,-968.5657323735918,-1000.0,0.0,0.0,0.0,0.0,901.1032253033522,-901.1032253033522,0.0,1.2608564457830251,0.0,0.0,0.0,0.0,0.0,0.0,0.0,0.0,0.0,0.0,30.038919826408296,0.0,75.65138674698152,0.0,20.330325193879005,458.9071198118883,-551.1624849069669,236.523194790024,0.0,0.0,0.0,654.5609417815706,37.82569337349076,0.0,37.82569337349076,0.0,0.0,0.0,30.038919826408296,721.9663088255412,0.0,0.0,0.0,-18.306626797434628,0.0,225.47405743060153,0.0,0.0,0.0,0.0,0.0,0.0,0.0,0.0,0.0,0.0,0.0,0.0,0.0,0.0,0.0,0.0,-1000.0,0.0,0.0,37.82569337349076,0.0,39.08654981927378,37.58728009780293,0.0,0.0,651.7071888560564,-651.7071888560564,651.7071888560564,0.0,0.0,0.0,0.0,0.0,0.0,0.0,0.0,0.0,0.0,0.1260856445783025,0.03152141114457563,0.0,0.0,0.0,0.0,0.0,0.0,0.0,0.0,351.1785366318712,0.0,0.0,0.0,0.0,0.0,999.8739143554217,999.8739143554217,0.0,0.0,0.0,0.0,812.5000000000006,0.0,0.0,1000.0,0.0,0.0,0.0,23.63947400436848,-939.7612812942491,0.0,0.0,0.0,0.0,0.0,0.0,0.0,0.0,0.0,-720.119637109268,0.0,0.0,0.0,0.0,-1000.0,0.0,0.0,0.0,0.0,0.0,0.0,0.0,344.3760947766828,-344.3760947766828,0.0,0.0,0.0,0.0,0.0,0.0,0.0,675.0819969918269,-210.91786291666165,0.0,0.0,0.0,0.0,0.0,0.0,0.0,0.0,0.0,0.0,0.0,0.0,0.0,0.0,-49.565742168678995,-489.61302202703246,0.0,0.0,0.0,0.0,71.28543149566633,0.0,0.0,0.0,0.0,-31.4342676264082,-489.61302202703246,0.0,0.0,0.0,0.0,0.0,0.0,0.0,0.0,380.4694029284052,0.0,0.0,0.0,0.0,-895.5385796836497,803.2832145885711,0.0,489.61302202703246,0.0,0.0,0.0,-323.02013696350366,0.0,0.0,0.0,-360.4134926389362,0.0,0.0,0.0,0.0,625.0000000000009,-1000.0,1000.0,-374.9999999999991,-206.78639013028413,0.0,370.93794992958897,0.0,0.0,355.6680770734035,0.0,0.0,0.0,0.0,0.0,0.0,0.0,1000.0,0.0,0.0,0.0,0.0,0.0,0.0,-31.4342676264082,-0.18912846686745377,0.0,0.0,0.0,0.0,0.1260856445783025,0.0,0.0,0.0,510.41947220243776,-185.46897496479448,0.0,-462.10404830705875,-379.64225598609704,939.7612812942491,913.0428222891512,0.0,97.22464053432907,0.0,-18.306626797434628,0.0,0.0,0.0,902.7753594656709,0.0,-1000.0,0.0,-313.0924337956619,0.0,0.0,0.0,0.0,0.0,0.0,0.0,0.0,0.0,0.0,0.0,0.0,0.0,0.0,0.0,0.0,0.0,0.0,0.0,-728.5811002935094,0.0,0.0,376.4094451729837,0.0,0.0,0.0,-380.4694029284052,0.0,0.0,0.0,0.0,715.6620265966261,0.0,-632.2450697406864,-364.13529552722815,0.0,-901.1032253033522,70.43518572598467,-628.6490484558867,0.0,-83.4056538885471,632.2450697406864,0.0,0.0,-3.152141114457563,622.3447662269716,-6.667706101937468,0.0,0.0,0.0,593.1263280159303,37.82569337349076,-625.0000000000003,625.0000000000003,0.0,817.725480446007,0.0,0.0,0.0,0.0,0.0,0.0,-569.6359825642329,0.0,0.0,-61.24314687079362,0.0,0.0,675.0819969918269,0.0,0.0,-22.20788486505819,0.0,0.0,124.78287108433949,0.0,0.0,0.0,0.0,-87.39143554216975,0.25217128915642206,0.0,0.0,0.0,0.0,0.0,0.0,0.0,0.0,0.0,0.0,0.0,0.0,0.0,0.0,0.0,0.0,0.0,0.0,0.0,0.1386942090360335,0.1386942090360335,0.0,207.24327419860913,0.0,75.65138674698152,0.0,0.0,0.0,-635.565177967735,0.0,0.0,20.330325193879005,0.0,0.0,-75.56044508026275,635.565177967735,0.0,0.0,0.0,0.0,0.0,124.78287108433949,0.0,0.0,0.0,0.0,0.0,0.0,0.0,333.3333333333333,-510.41947220243776,0.0,0.0,30.038919826408296,0.0,1000.0,-345.43905821842935,-416.7244897140957,0.0,-75.56044508026275,0.0,-162.9518806224325,0.0,0.0,0.0,0.0,0.0,0.0,0.0,0.0,0.0,0.0,0.0,0.0,0.0,0.0,0.0,0.0,0.0,75.65138674698152,0.0,0.0,0.0,0.0,0.0,0.0,0.0,0.0,0.0,0.0,0.0,0.0,1.2608564457830251,0.0,0.0,20.330325193879005,-20.330325193879005,0.0,0.0,0.0,0.0,37.82569337349076,0.0,0.0,0.0,0.0,0.0,0.0,0.0,0.0,0.0,0.0,0.0,0.0,0.0,37.82569337349076,37.82569337349076,330.49409848274865,635.565177967735,0.0,124.78287108433949,0.0,0.0,0.0,0.0,0.0,1000.0,675.0819969918269,686.9075662043381,0.1260856445783025,0.0,0.0,16.16498550937652,0.0,0.0,0.0,-654.5609417815706,0.0,0.0,0.0,0.0,0.0,0.0,0.0,0.0,0.0,0.0,0.0,0.0,0.0,0.0,0.1260856445783025,0.0,0.0,0.0,-875.0000000000053,875.0000000000053,0.0,0.0,0.0,0.0,-10.364239984336677,1000.0,0.0,-993.6957177710849,-728.5811002935094,-9.45642334337269,-6.304282228915131,0.0,0.0,0.0,0.0,0.0,0.0,0.0,0.0,0.0,0.0,0.0,0.0,0.0,939.7612812942491,0.0,0.0,599.4306102448454,0.0,0.0,0.0,-0.1260856445783025,0.0,0.0,0.1260856445783025,0.0,0.1260856445783025,0.0,0.0,0.0,75.65138674698152,153.82448638552907,153.82448638552907,0.0,0.0,0.0,0.0,0.0,0.0,0.0,0.0,0.0,675.0819969918269,0.0,0.0,505.59453882071,408.0367946431528,0.0,0.0,0.0,0.0,0.0,0.0,0.0,0.0,0.0,0.0,0.0,0.0,0.0,71.28543149566633,0.0,-984.6747655264473,984.6747655264473,0.18912846686745377,0.0,0.0,0.0,-37.82569337349076,0.0,0.0,0.0,0.0,0.0,-207.24327419860913,6.304282228915126,0.0,0.0,0.0,0.0,-812.5000000000006,-629.8948370559315,0.0,0.0,0.0,0.0,0.0,0.0,0.0,0.0,0.0,0.0,0.0,-249.47570690237603,207.24327419860913,0.0,135.33694113837467,-18.306626797434628,0.0,-1000.0,993.6957177710849,6.304282228915131,0.0,-476.84462334903276,0.0,6.304282228915131,414.450648392485,0.0,0.0,0.0,-62.8685352528162,0.0,0.0,0.0,0.0,0.0,0.0,0.0,0.0,0.0,701.2067904225225,0.0,153.82448638552907,0.0,897.0087046220132,897.0087046220132,-897.0087046220133,0.0,0.0,0.0,0.0,0.0,380.4694029284052,0.0,0.0,235.6125442287269,-16.16498550937652,478.5866242757038,0.0,37.82569337349076,20.330325193879005,0.0,0.0,0.0,-7.43725618371511,0.0,0.0,0.1386942090360335,0.0,0.0,0.0,76.91224319276454,0.0,0.0,0.0,0.0,-49.565742168678995,0.0,0.0,0.0,0.0,0.0,0.0,0.0,0.0,-302.9731464910492,0.0,0.012608564457830252,0.012608564457830252,0.0,0.0,0.0,0.0,0.0,0.0,0.0,0.0,0.0,16.16498550937652,0.0,0.0,0.0,0.0,0.0,207.24327419860913,0.0,0.0,0.0,0.0,0.0,0.0,0.0,0.0,0.0,0.0,0.0,40.66065038775801,0.0,0.0,485.4689749647945,0.0,0.0,0.0,75.65138674698152,0.0,0.0,0.0,0.0,0.0,0.0,-75.65138674698152,0.0,40.66065038775801,0.0,0.0,0.0,0.0,0.0,0.0,0.0,0.0,0.0,0.0,0.0,1000.0,1000.0,-37.82569337349076,0.0,0.0,728.0767577151964,0.0,0.0,0.0,0.0,0.0,0.0,0.0,0.0,0.0,0.0,0.0,0.0,0.0,0.0,0.0,0.0,0.0,-15.76070557228782,0.0,-725.1184499399988,904.17491012049,0.0,0.0,0.0,0.0,0.0,0.0,-1.5760705572287816,22.20788486505819,0.0,0.0,0.0,0.0,0.0,0.0,0.0,1000.0,37.82569337349076,37.82569337349076,0.0,0.0,0.0,0.0,0.0,0.1386942090360335,207.24327419860913,0.0,0.0,-728.0767577151964,0.0,0.0,0.0,0.0,0.0,0.0,0.0,0.0,0.0,0.0,0.0,0.0,0.0,0.0,492.3373827632237,0.0,0.0,37.58728009780293,0.0,132.38992680721765,0.0,0.0,30.038919826408296,0.0,0.0,0.0,207.24327419860913,0.0,1000.0,0.0,0.0,0.0,-15.76070557228782,0.0,0.0,0.0,0.0,0.0,0.0,0.0,0.0,0.0,0.0,0.0,0.0,0.0,0.0,0.0,0.0,0.0,0.0,-0.1260856445783025,0.0,0.0,6.304282228915126,75.56044508026275,0.0,0.0,0.0,0.0,0.0,0.0,0.0,0.0,-902.7753594656709,3.152141114457563,0.0,0.0,0.0,0.1260856445783025,0.0,126.0856445783025,-1.4992697214708528,25.217128915660506,0.900611746987875,426.95350856906987,-0.09456423343372689,364.13529552722815,2.5217128915660503,-0.6304282228912825,-426.95350856906987,37.82569337349076,-0.1260856445783025,6.102208932478209,124.78287108433949,0.03152141114457563,0.900611746987875,-18.306626797434628,-40.403159810744974,-2.5217128915660503,-300.0,-0.1260856445783025,0.03152141114457563,-426.95350856906987,12.608564457830251,0.1260856445783025,0.1260856445783025,-206.9784943449948,-20.191630984842874,-169.68506240468545,-0.09456423343372689,37.82569337349076,0.1260856445783025,37.82569337349076,-63.04282228915126,-0.06304282228915126,-144.8802206323165,-84.02008159807488,-0.09456423343372689,-0.1260856445783025,-1.4992697214708528,0.1260856445783025,12.608564457830198,-2.5217128915660503,71.28543149566633,71.28543149566633,-12.608564457830251,300.0,-71.28543149566633,25.217128915660503,0.18912846686745377,-537.7807266765346,12.608564457830251,-333.3333333333333,124.78287108433949,-25.217128915660503,0.06304282228915126,1.2608564457830251,115.52601207676469,232.46040311426964,-0.1260856445783025,-235.6125442287269,206.9784943449948,39.08654981927378,0.1260856445783025,40.403159810744974,-26.519902409623683,124.78287108433949,-0.1260856445783025,-0.03152141114457563,-124.78287108433949,-0.1260856445783025,-87.39143554216975,0.12608564457832472,-0.03152141114457563,-0.03152141114457563,-0.03152141114457563,50.434257831321005,63.04282228915126,1.2608564457830251,118.84624760612905,-0.03152141114457563,224.94981522105115,6.304282228915126,50.0,0.1260856445783025,0.06304282228915126,0.06304282228915126,75.0,1.4992697214708528,0.1260856445783025,-1.4992697214708528,1.2608564457830251,0.1260856445783025,-169.71133896449112,0.1260856445783025,0.5043425783129578,0.6304282228912825,0.06304282228915126,0.03152141114457563,37.82569337349076,-0.1260856445783025,169.68506240468545,1.2608564457830251,-237.6924952122581,360.9831544127706,-12.608564457830198,25.217128915660503,6.304282228915126,-0.1260856445783025,18.306626797434628,0.18912846686745377,-0.1260856445783025,-150.0,1.4992697214708528,384.43550727335526,0.06304282228915126,-100.0,-0.1260856445783025,-0.12608564457832472,-0.1260856445783025,0.06304282228915126,426.95350856906987,-25.217128915660503,0.1260856445783025,231.05202415352937,-0.03152141114457563,20.191630984842874,-231.05202415352937,18.912846686745375,84.02008159807488,36.450390663859736,426.95350856906987,-0.09456423343372689,235.6125442287269,-232.46040311426964,0.1260856445783025,-0.03152141114457563,6.304282228915131,126.0856445783025,-0.06304282228915126,-0.1260856445783025,0.03152141114457563,0.0,0.0,507.98087919450563,50.865091358362065,-255.0,0.0,618.6620814089528,-140.0,0.0,-80.0,-255.0,-160.55407005403518,-29.736804659739875,40.0,127.5,127.5,0.0,70.0,-207.24327419860913,-376.9982510896401,29.736804659739875,160.55407005403518,-376.9982510896401,-618.6620814089528,316.2867096803731,0.0,1496.5981,hplb
56,0.0,0.0,0.0,0.0,0.0,0.0,0.0,0.0,582.2003950464161,0.0,0.0,0.0,0.0,0.0,0.0,0.0,-626.7349004144921,442.2068022530729,0.0,484.5280981614192,0.0,0.0,0.0,279.24024369625585,0.0,0.0,0.0,0.0,0.0,-1000.0,0.0,0.0,106.21217519279429,0.0,0.0,0.0,0.0,1000.0,0.0,-1000.0,862.8378115973105,0.0,0.0,0.0,0.0,0.0,0.0,0.0,1000.0,0.0,0.0,-626.7349004144921,0.0,0.14372598626603264,0.0,0.0,0.0,26.13199750289153,0.0,0.0,-56.65645186150206,0.0,-139.99364326672608,-282.8016174854346,0.0,0.0,0.0,0.0,39.32861403247671,-39.32861403247671,0.0,1.3065998751445767,0.0,0.0,0.0,0.0,0.0,0.0,0.0,0.0,0.0,0.0,0.0,0.0,78.3959925086746,0.0,72.58461411991128,-734.4708513337825,892.2640490807096,300.0,-0.03266499687861441,0.0,0.0,140.68239612222175,39.1979962543373,0.0,137.16218840268954,-50.99429689478931,549.8604332691561,0.0,0.0,6.532999375722882,-1000.0,0.0,0.0,-30.90023908313597,0.0,0.0,0.0,0.0,0.0,0.0,0.0,0.0,0.0,0.0,0.0,0.0,0.0,0.0,0.0,0.0,0.0,0.0,-1000.0,0.0,0.0,137.16218840268954,0.0,40.50459612948187,0.0,0.0,0.0,0.0,0.0,0.0,913.8484776427936,0.0,0.0,-1000.0,0.0,0.0,0.0,0.0,0.0,82.64543315852451,0.13065998751445765,0.0,0.0,0.0,-851.8325808347972,851.8325808347972,0.0,0.0,0.0,0.0,631.0024522475912,0.0,0.0,0.0,0.0,0.0,512.04036484455,512.04036484455,0.0,0.0,0.0,0.0,-67.12029545568251,0.0,0.0,512.1710248320645,0.0,0.0,0.0,405.1135126842794,0.0,0.0,0.0,0.0,0.0,0.0,0.0,0.0,0.0,0.0,-161.64379820030922,0.0,0.0,0.0,0.0,-1000.0,0.0,0.0,0.0,0.0,0.0,0.0,626.7349004144921,-892.2640490807096,892.2640490807096,86.15152235720643,0.0,0.0,0.0,0.0,0.0,0.0,0.0,1000.0,0.0,0.0,0.0,0.0,0.0,0.0,0.0,0.0,0.0,0.0,0.0,0.0,0.0,3.699961111156938,50.2281871541353,0.0,0.0,0.0,0.0,0.0,152.55140830383377,0.0,0.0,0.0,0.0,-56.65645186150206,0.0,0.0,0.0,0.0,0.0,0.0,0.0,0.0,0.0,511.125169714181,0.0,97.96419214835224,0.0,-784.5280981614192,1000.0,0.0,0.0,0.0,0.0,0.0,86.15152235720643,0.0,0.0,0.0,0.0,-75.93394124030591,0.0,0.0,-330.67740824989073,-330.67740824989073,0.0,0.0,0.0,330.67740824989073,0.0,0.0,-857.793197746927,0.0,0.0,125.8384345042966,0.0,0.0,0.0,-918.8526940180512,0.0,918.8526940180512,0.0,294.15586249730177,0.0,0.0,1000.0,0.0,0.0,0.0,-56.65645186150206,-0.19598998127168646,0.0,0.0,0.0,0.0,0.13065998751445765,0.0,0.0,0.0,113.00971122208915,-626.7349004144921,0.0,-921.8910744508541,504.8098787652582,0.0,1000.0,0.0,-641.9681528893343,0.0,-30.90023908313597,0.0,0.0,0.0,520.69139507322,424.49804535947555,-303.2212875433612,629.4851597107199,-1000.0,0.0,0.0,0.0,0.0,0.0,0.0,0.0,0.0,0.0,0.0,0.0,0.0,0.0,0.0,0.0,0.0,0.0,-5.2473603709293,0.0,-1000.0,0.0,0.0,557.9122150110036,0.0,0.0,0.0,-311.72126058573235,0.0,549.8604332691561,0.0,0.0,0.0,0.0,-457.4346283111774,0.0,0.0,-463.82665939195226,0.0,490.7833095218672,-1000.0,595.3463943569292,457.4346283111774,-6.532999375722882,0.0,-3.266499687861441,-497.3163088975901,0.0,0.0,0.0,1000.0,-257.23203659881034,137.16218840268954,0.0,0.0,0.0,88.04903596071347,0.0,582.3310550339306,0.0,-3.699961111156938,3.699961111156938,3.699961111156938,152.2045337585557,0.0,0.0,0.0,0.0,0.0,0.0,0.0,0.0,-54.295197840388,0.0,0.0,0.0,0.0,0.0,0.0,0.0,-86.93400124855424,0.26131997502900256,0.0,0.0,0.0,0.0,0.0,0.0,0.0,0.0,0.0,0.0,0.0,0.0,0.0,0.0,0.0,0.0,0.0,0.0,0.0,0.14372598626603264,0.14372598626603264,0.0,249.45577924119524,0.0,78.3959925086746,0.0,0.0,0.0,385.8551029787437,0.0,0.0,72.58461411991128,0.0,0.0,1000.0,-385.8551029787437,0.0,0.0,0.0,0.0,0.0,0.0,0.0,0.0,0.0,0.0,0.0,0.0,0.0,333.3333333333333,-113.00971122208915,0.0,0.0,82.64543315852451,0.0,901.9794654611816,-761.2970693389598,-1000.0,0.0,974.9966652757214,0.0,913.0659987514458,0.0,0.0,0.0,3.699961111156938,0.0,0.0,0.0,0.0,0.0,0.0,0.0,0.0,0.0,0.0,0.0,0.0,0.0,78.3959925086746,86.15152235720643,86.15152235720643,0.0,0.0,0.0,0.0,0.0,0.0,0.0,0.0,0.0,0.0,1.3065998751445767,0.0,0.0,72.58461411991128,-72.58461411991128,0.0,626.7349004144921,0.0,0.0,137.16218840268954,0.0,0.0,0.0,0.0,0.0,0.0,0.0,0.0,0.0,0.0,292.56756242273053,0.0,0.0,39.1979962543373,39.1979962543373,-717.4644959421987,-385.8551029787437,0.0,0.0,0.0,0.0,0.0,0.0,0.0,-83.33719140522402,0.0,0.0,0.13065998751445765,0.0,0.0,0.0,172.55517922534338,0.0,0.0,-140.68239612222175,0.0,0.0,0.0,0.0,0.0,0.0,1.923333440329127,0.0,0.0,0.0,0.0,0.0,0.0,0.0,0.13065998751445765,0.0,0.0,0.0,0.0,0.0,0.0,0.0,0.0,0.0,0.0,796.0513876944274,0.0,0.0,-994.7526396290707,-9.799499063584324,-6.532999375722882,0.0,0.0,0.0,0.0,0.0,0.0,0.0,0.0,0.0,0.0,0.0,0.0,86.15152235720643,0.0,0.0,0.0,-250.69903722308746,0.0,0.0,0.0,582.2003950464161,0.0,0.0,0.13065998751445765,0.0,0.13065998751445765,5.77000032098738,0.0,0.0,78.3959925086746,159.40518476763833,159.40518476763833,0.0,0.0,0.0,0.0,0.0,0.0,0.0,0.0,0.0,0.0,0.0,0.0,0.0,531.9412199982148,0.0,0.0,0.0,0.0,0.0,0.0,0.0,0.0,0.0,0.0,0.0,0.0,0.0,238.7029306610402,0.0,-578.4727398094248,578.4727398094248,0.19598998127168646,0.0,0.0,0.0,-137.16218840268954,0.0,0.0,0.0,0.0,0.0,-249.45577924119524,6.532999375722882,0.0,0.0,0.0,0.0,67.12029545568251,0.0,0.0,0.0,0.0,0.0,0.0,0.0,0.0,0.0,86.15152235720643,0.0,0.0,140.01615411889676,245.7558181300383,0.0,298.8680024971085,-30.90023908313597,0.0,-311.72126058573235,549.8604332691561,-238.1391726834238,0.0,-159.40518476763833,0.0,6.532999375722882,1000.0,0.0,0.0,0.0,-199.46442608021056,0.0,0.0,0.0,0.0,0.0,-282.04934228697323,0.0,0.0,0.0,420.8990765050888,-278.85427643194816,159.40518476763833,0.0,334.50870462201334,334.50870462201334,-334.50870462201334,0.0,0.0,0.0,0.0,0.0,511.125169714181,0.0,0.0,0.0,-172.55517922534338,119.14934709690937,0.0,39.1979962543373,72.58461411991128,0.0,0.0,0.0,211.6889962290117,0.0,0.0,0.14372598626603264,0.0,0.0,0.0,79.70259238381917,0.0,0.0,0.0,0.0,50.2281871541353,0.0,0.0,0.0,0.0,0.0,0.0,0.0,0.0,0.0,0.0,0.013065998751445764,0.013065998751445764,0.0,0.0,0.0,0.0,0.0,5.77000032098738,0.0,0.0,0.0,0.0,0.0,0.0,0.0,0.0,0.0,249.45577924119524,0.0,0.0,0.0,0.0,0.0,0.0,0.0,0.0,0.0,0.0,0.0,145.16922823982256,0.0,0.0,442.2068022530729,0.0,0.0,0.0,78.3959925086746,0.0,0.0,0.0,0.0,0.0,921.6040074913254,-1000.0,0.0,145.16922823982256,0.0,0.0,0.0,0.0,0.0,0.0,0.0,0.0,0.0,0.0,0.0,-453.8520316945041,621.4433114456183,-137.16218840268954,0.0,0.0,994.2299996790126,0.0,0.0,0.0,0.0,0.0,0.0,0.0,0.0,0.0,0.0,0.0,0.0,0.0,0.0,0.0,0.0,0.0,-16.33249843930721,86.15152235720643,-9.799499063584324,800.9959973665788,0.0,0.0,0.0,0.0,0.0,0.0,-1.6332498439307208,54.295197840388,0.0,0.0,0.0,0.0,0.0,0.0,0.0,1000.0,39.1979962543373,39.1979962543373,0.0,0.0,0.0,0.0,0.0,0.14372598626603264,249.45577924119524,0.0,0.0,-1000.0,0.0,0.0,0.0,0.0,0.0,0.0,0.0,0.0,0.0,0.0,0.0,0.0,0.0,0.0,292.12137006520607,0.0,0.0,0.0,0.0,137.19298689018055,82.64543315852451,0.0,0.0,0.0,0.0,0.0,249.45577924119524,0.0,500.3849187404914,0.0,0.0,0.0,-16.33249843930721,0.0,0.0,0.0,0.0,0.0,0.0,0.0,0.0,0.0,0.0,0.0,0.0,0.0,0.0,0.0,0.0,0.0,0.0,-0.13065998751445765,0.0,0.0,6.532999375722882,-1000.0,0.0,0.0,0.0,0.0,86.15152235720643,0.0,0.0,0.0,-520.69139507322,3.266499687861441,0.0,0.0,0.0,0.13065998751445765,0.0,130.65998751445764,-40.50459612948187,26.13199750289153,0.933285625103269,364.5413651653368,-0.09799499063584323,6.532999375722882,2.6131997502891533,5.116700383414843,-364.5413651653368,39.1979962543373,-0.1306599875144576,10.300079694378656,0.0,0.03266499687861441,0.933285625103269,-30.90023908313597,-93.38568413221418,-2.6131997502891533,-300.0,-0.13065998751445765,0.03266499687861441,-364.5413651653368,13.065998751445765,0.13065998751445765,0.13065998751445765,-249.18139326741476,-72.44088813364537,-131.34569827507656,-0.09799499063584323,39.1979962543373,0.13065998751445765,137.16218840268954,32.634198391123405,-0.06532999375722882,-437.85627580624276,-165.748067042794,-0.09799499063584323,-0.13065998751445765,-40.50459612948187,0.13065998751445765,13.065998751445765,-2.6131997502891533,238.7029306610402,238.7029306610402,-13.065998751445765,300.0,-238.7029306610402,26.13199750289153,0.19598998127168646,-1000.0,13.065998751445765,-333.3333333333333,0.0,-26.13199750289153,0.06532999375722882,1.3065998751445767,230.47276861271354,271.88781563292986,-0.13065998751445765,-278.85427643194816,249.18139326741476,40.50459612948187,0.13065998751445765,93.38568413221418,-254.75617716570127,0.0,-0.13065998751445765,-0.03266499687861441,0.0,-0.13065998751445765,-86.93400124855424,0.13065998751445765,-0.03266499687861441,-0.03266499687861441,-0.03266499687861441,52.26399500578306,-32.634198391123405,1.3065998751445767,325.6013221326037,-0.03266499687861441,450.6454575310484,6.532999375722882,50.0,0.13065998751445765,0.06532999375722882,0.06532999375722882,13.065998751445765,40.50459612948187,0.13065998751445765,-40.50459612948187,1.3065998751445767,0.13065998751445765,-783.1985298982589,0.13065998751445765,0.5226399500580801,-5.116700383414843,0.06532999375722882,0.03266499687861441,39.1979962543373,-0.13065998751445765,131.34569827507656,1.3065998751445767,-651.2026442652074,3.266499687861442,-13.065998751445765,26.13199750289153,6.532999375722882,-0.13065998751445765,30.90023908313597,0.19598998127168646,-0.13065998751445765,-26.13199750289153,40.50459612948187,168.18984502511535,0.06532999375722882,-100.0,-0.13065998751445765,-0.13065998751445765,-0.13065998751445765,0.06532999375722882,364.5413651653368,-26.13199750289153,0.13065998751445765,460.9455372254271,-0.03266499687861441,72.44088813364537,-460.9455372254271,19.598998127168645,165.748067042794,522.9028660903925,364.5413651653368,-0.09799499063584323,278.85427643194816,-271.88781563292986,0.13065998751445765,-0.03266499687861442,6.532999375722882,130.65998751445764,-0.06532999375722882,-0.13065998751445765,0.03266499687861441,0.0,0.0,699.9346700062428,457.59720776565524,-255.0,0.0,380.61264780491325,-140.0,0.0,-80.0,-235.48532813902472,-325.0,-300.0,40.0,127.5,117.74266406951236,0.0,70.0,-249.45577924119524,-379.87884125412705,300.0,325.0,-379.87884125412705,-380.61264780491325,311.1514131095844,0.0,1496.5981,hplb
57,0.0,0.0,0.0,0.0,0.0,0.0,0.0,0.0,-0.10674874106490441,0.0,0.0,0.0,0.0,0.0,0.0,0.0,313.5245999569018,-368.25426840929407,0.0,264.48712395605577,0.0,0.0,0.0,485.0550058412509,0.0,0.0,0.0,0.0,0.0,-688.4835165715135,0.0,0.0,34.187766153554776,0.0,0.0,0.0,0.0,981.3047371481662,0.0,-1000.0,1000.0,0.0,0.0,-909.9427251051422,0.0,0.0,0.0,0.0,0.0,0.0,0.0,-284.901641719754,0.0,0.11742361517150043,0.0,0.0,0.0,21.349748212980884,0.0,0.0,-86.01597991812194,0.0,0.0,-86.01597991812194,0.0,0.0,0.0,0.0,1000.0,-1000.0,0.0,1.0674874106490442,0.0,0.0,0.0,0.0,0.0,0.0,0.0,0.0,0.0,0.0,0.0,0.0,64.04924463894265,0.0,76.6149741216726,0.0,93.8194538056,89.0692180317464,-0.026687185266226106,0.0,0.0,681.5485811627794,32.02462231947133,0.0,32.02462231947133,0.0,0.0,0.0,0.0,997.3312814733774,-1000.0,0.0,0.0,-4.637564777054769,0.0,0.0,0.0,0.0,0.0,0.0,0.0,0.0,0.0,0.0,0.0,0.0,0.0,0.0,0.0,0.0,0.0,0.0,-648.449067470947,0.0,0.0,32.02462231947133,0.0,33.09210973012037,33.09210973012037,0.0,0.0,512.5850303863244,-512.5850303863244,512.5850303863244,0.0,-312.3750000000003,312.3750000000003,0.0,0.0,0.0,0.0,0.0,0.0,84.83462718367024,0.10674874106490441,0.0,0.0,0.0,587.5292873925209,-1000.0,0.0,0.0,0.0,0.0,497.21790442207583,0.0,0.0,0.0,0.0,0.0,999.8932512589352,999.8932512589352,0.0,0.0,0.0,0.0,0.0,0.0,0.0,1000.0,0.0,0.0,0.0,623.4474478870184,0.0,0.0,0.0,0.0,0.0,0.0,0.0,0.0,0.0,0.0,-1000.0,0.0,0.0,0.0,0.0,-850.6587400716458,0.0,0.0,0.0,0.0,0.0,0.0,284.901641719754,-93.8194538056,93.8194538056,0.0,0.0,0.0,0.0,0.0,0.0,0.0,311.5164834284865,-297.22262823861485,0.0,0.0,0.0,0.0,0.0,0.0,0.0,0.0,0.0,0.0,0.0,0.0,0.0,0.0,355.17020903344087,90.05727489485776,0.0,0.0,0.0,0.0,31.922027147685128,0.0,0.0,0.0,0.0,-86.01597991812194,1000.0,0.0,0.0,0.0,0.0,0.0,0.0,0.0,0.0,370.87004776585786,0.0,0.0,0.0,402.43369487705087,590.0726024882508,191.08218791415402,0.0,-90.05727489485776,0.0,0.0,0.0,504.0566225701289,0.0,0.0,0.0,-204.82422272873748,0.0,0.0,-1000.0,-1000.0,0.0,0.0,0.0,1000.0,0.0,0.0,-482.4882399785924,0.0,0.0,332.0911798836389,0.0,0.0,0.0,917.915097942691,0.0,-917.915097942691,0.0,842.5334226722428,0.0,0.0,0.0,0.0,0.0,0.0,-86.01597991812194,-0.16012311159735662,0.0,0.0,0.0,0.0,0.10674874106490441,0.0,0.0,0.0,415.84204283863136,313.5245999569018,0.0,-746.4599072901055,-83.42794392114958,0.0,977.5499121707076,0.0,1000.0,0.0,-4.637564777054769,0.0,0.0,0.0,87.74137199257328,-87.74137199257328,-1000.0,-1000.0,-1000.0,0.0,0.0,0.0,0.0,0.0,0.0,0.0,0.0,0.0,0.0,0.0,0.0,0.0,0.0,0.0,0.0,0.0,-18.268267887574183,0.0,-1000.0,0.0,0.0,367.4327383035678,810.5078591164095,0.0,0.0,-455.7046749495281,0.0,0.0,0.0,0.0,991.9938444201322,0.0,177.21997165196575,0.0,997.3312814733774,-912.2586280074268,-737.5262311824782,0.0,759.3303815578446,0.0,-177.21997165196575,-906.588288821516,-421.068568543119,-1000.0,-5.337437053245221,0.0,0.0,571.5475109744116,1000.0,-329.41770923811293,32.02462231947133,0.0,0.0,0.0,574.6777017443385,0.0,0.0,0.0,0.0,0.0,0.0,-858.092411361602,0.0,0.0,-72.59184251939041,0.0,0.0,311.5164834284865,0.0,0.0,-18.80201159289868,0.0,0.0,54.474710148763705,0.0,0.0,0.0,0.0,-89.32512589350955,0.2134974821297853,0.0,0.0,0.0,0.0,0.0,0.0,0.0,0.0,0.0,0.0,0.0,0.0,0.0,0.0,0.0,0.0,0.0,0.0,0.0,0.11742361517150043,0.11742361517150043,0.0,258.6502517870191,0.0,64.04924463894265,0.0,0.0,0.0,1000.0,0.0,0.0,76.6149741216726,0.0,0.0,-116.28966697057129,-1000.0,0.0,0.0,951.4867470307639,0.0,0.0,54.474710148763705,0.0,0.0,0.0,0.0,0.0,0.0,0.0,216.14968915698236,-415.84204283863136,412.4707126074791,0.0,84.83462718367024,0.0,534.1867419546542,147.36183920812525,115.43981206044012,0.0,-116.28966697057129,0.0,-205.61479286408084,0.0,0.0,0.0,0.0,0.0,0.0,0.0,0.0,0.0,0.0,0.0,0.0,0.0,0.0,0.0,0.0,0.0,64.04924463894265,0.0,0.0,0.0,0.0,0.0,0.0,0.0,0.0,0.0,0.0,0.0,0.0,1.0674874106490442,0.0,0.0,76.6149741216726,-76.6149741216726,0.0,284.901641719754,0.0,0.0,32.02462231947133,-951.4867470307639,0.0,0.0,0.0,0.0,0.0,0.0,0.0,0.0,0.0,1000.0,557.6170184113862,0.0,32.02462231947133,32.02462231947133,1000.0,-1000.0,0.0,54.474710148763705,0.0,0.0,0.0,0.0,0.0,1000.0,311.5164834284865,894.6420985635623,0.10674874106490441,0.0,0.0,0.0,8.608523475876934,0.0,0.0,-681.5485811627794,0.0,0.0,0.0,0.0,0.0,0.0,0.0,0.0,0.0,0.0,0.0,0.0,0.0,0.0,0.10674874106490441,0.0,0.0,0.0,-1000.0,1000.0,0.0,0.0,0.0,0.0,0.0,-88.27193664596032,0.0,0.0,-981.7317321124258,-8.006155579867823,0.0,-5.3374370532452255,0.0,0.0,0.0,0.0,0.0,0.0,0.0,0.0,0.0,0.0,0.0,0.0,0.0,0.0,0.0,247.46723878954384,0.0,0.0,0.0,-0.10674874106490441,0.0,0.0,0.10674874106490441,0.0,0.10674874106490441,0.0,0.0,0.0,64.04924463894265,130.23346409918338,130.23346409918338,0.0,0.0,0.0,0.0,0.0,0.0,0.0,412.4707126074791,0.0,311.5164834284865,0.0,0.0,0.0,96.93243859826165,0.0,0.0,0.0,0.0,0.0,0.0,0.0,0.0,0.0,0.0,0.0,0.0,0.0,31.922027147685128,0.0,-578.0812321110459,578.0812321110459,0.16012311159735662,0.0,0.0,0.0,-32.02462231947133,0.0,0.0,0.0,0.0,0.0,-258.6502517870191,5.337437053245221,0.0,0.0,0.0,0.0,0.0,455.7046749495281,-5.3374370532452255,0.0,0.0,0.0,0.0,0.0,0.0,0.0,0.0,0.0,951.4867470307639,580.1697014124647,258.6502517870191,0.0,716.1209643944982,-4.637564777054769,0.0,0.0,0.0,0.0,0.0,373.82315847094554,0.0,5.3374370532452255,442.3111493952291,0.0,0.0,0.0,-172.03195983624389,-125.00000000000011,125.00000000000011,0.0,0.0,0.0,0.0,0.0,0.0,0.0,983.9876888402642,0.0,130.23346409918338,0.0,0.0,0.0,0.0,0.0,0.0,0.0,0.0,0.0,370.87004776585786,0.0,0.0,282.6687185266227,-8.608523475876934,-263.8978718544539,0.0,32.02462231947133,76.6149741216726,0.0,0.0,0.0,199.38113883890065,0.0,0.0,0.11742361517150043,0.0,0.0,0.0,65.11673204959169,0.0,0.0,0.0,0.0,355.17020903344087,0.0,0.0,0.0,0.0,0.0,0.0,0.0,0.0,-1000.0,0.0,0.010674874106490746,0.010674874106490746,0.0,0.0,0.0,0.0,0.0,0.0,0.0,0.0,0.0,0.0,0.0,0.0,0.0,0.0,0.0,258.6502517870191,0.0,0.0,0.0,0.0,0.0,0.0,0.0,0.0,0.0,0.0,0.0,153.2299482433452,693.9497256110211,0.0,-368.25426840929407,0.0,0.0,0.0,64.04924463894265,0.0,0.0,0.0,0.0,0.0,935.9507553610573,-1000.0,0.0,153.2299482433452,0.0,0.0,0.0,0.0,0.0,0.0,0.0,0.0,0.0,0.0,-894.6420985635623,-1000.0,170.05532622772103,413.8058069636304,-445.83042928310175,0.0,981.3047371481662,0.0,0.0,0.0,0.0,0.0,0.0,0.0,0.0,0.0,0.0,0.0,0.0,0.0,0.0,0.0,0.0,0.0,-13.343592633113047,0.0,-1000.0,88.92628301839372,0.0,0.0,0.0,0.0,0.0,-1.3343592633113053,0.0,18.80201159289868,0.0,0.0,0.0,0.0,0.0,0.0,0.0,1000.0,32.02462231947133,32.02462231947133,0.0,0.0,0.0,0.0,0.0,0.11742361517150043,258.6502517870191,0.0,0.0,-981.3047371481662,0.0,0.0,0.0,0.0,0.0,0.0,0.0,0.0,0.0,0.0,0.0,0.0,0.0,0.0,289.04061605552295,0.0,0.0,33.09210973012037,0.0,112.08617811814965,84.83462718367024,0.0,0.0,0.0,0.0,0.0,258.6502517870191,0.0,-88.27193664596032,0.0,0.0,0.0,-13.343592633113047,0.0,0.0,0.0,0.0,0.0,0.0,0.0,0.0,0.0,0.0,0.0,0.0,0.0,0.0,0.0,0.0,0.0,0.0,-0.10674874106490441,0.0,0.0,5.337437053245221,116.28966697057129,0.0,0.0,0.0,0.0,0.0,0.0,0.0,0.0,-87.74137199257328,2.6687185266225697,0.0,0.0,0.0,0.10674874106490441,0.0,106.74874106490441,0.0,21.349748212980884,0.7624910076064602,364.01320703132404,-0.08006155579867831,906.588288821516,2.1349748212980884,-0.5337437053245246,-364.01320703132404,32.02462231947133,-0.10674874106490442,1.545854925684923,54.474710148763705,0.026687185266226106,0.7624910076064602,-4.637564777054769,-93.60937369920555,-2.1349748212980884,-209.7574555036635,-0.10674874106490442,0.026687185266226106,-364.01320703132404,10.674874106490442,0.10674874106490442,0.10674874106490441,-258.4260794307827,-76.49755050650121,-114.2377624929548,-0.08006155579867831,32.02462231947133,0.10674874106490442,32.02462231947133,-53.37437053245221,-0.05337437053245221,-373.7050123750115,-42.703649995240475,-0.08006155579867831,-0.10674874106490442,0.0,0.10674874106490441,10.674874106490442,-2.1349748212980884,31.922027147685128,31.922027147685128,-10.674874106490442,209.7574555036635,-31.922027147685128,21.349748212980884,0.16012311159735662,-308.7101072265796,10.674874106490442,-216.14968915698236,54.474710148763705,-21.349748212980884,0.05337437053245221,1.0674874106490442,186.6149768225264,280.0,-0.10674874106490441,-282.6687185266227,258.4260794307827,33.09210973012037,0.10674874106490442,93.60937369920555,-73.62377912912157,54.474710148763705,-0.10674874106490441,-0.026687185266226106,-54.474710148763705,-0.10674874106490441,-89.32512589350955,0.10674874106490442,-0.026687185266226106,-0.026687185266226106,-0.026687185266226106,42.69949642596177,53.37437053245221,1.0674874106490442,79.0874735364619,-0.026687185266226106,371.68409871936785,5.337437053245221,50.0,0.10674874106490441,0.05337437053245221,0.053374370532452205,37.912229180872295,0.0,0.10674874106490441,0.0,1.0674874106490442,0.10674874106490442,-79.0874735364619,0.10674874106490442,0.4269949642595918,0.5337437053245246,0.05337437053245221,0.026687185266226106,32.02462231947133,-0.10674874106490442,114.2377624929548,1.0674874106490442,-158.1749470729238,903.9195702948934,-10.674874106490442,21.349748212980884,5.337437053245221,-0.10674874106490442,4.637564777054769,0.16012311159735662,-0.10674874106490442,-75.82445836174459,0.0,34.88421703702181,0.05337437053245221,-100.0,-0.10674874106490442,-0.10674874106490442,-0.10674874106490445,0.05337437053245221,364.01320703132404,-21.349748212980884,0.10674874106490441,373.2299536450528,-0.026687185266226106,76.49755050650121,-373.2299536450528,16.01231115973566,42.703649995240475,66.54050675570954,364.01320703132404,-0.08006155579867831,282.6687185266227,-280.0,0.10674874106490442,-0.026687185266226102,5.3374370532452255,106.74874106490441,-0.05337437053245221,-0.10674874106490442,0.026687185266226106,73.11533775405226,0.0,219.58751482430077,0.0,-255.0,0.0,81.91898684638514,-41.18447810814408,0.0,-80.0,266.70252618133736,-325.0,-89.0692180317464,40.0,127.5,-133.3512630906687,0.0,20.59223905407204,-258.6502517870191,-234.26535587592247,89.0692180317464,325.0,-234.26535587592247,-81.91898684638514,72.43394593450813,0.0,1496.5981,hplb
58,0.0,0.0,0.0,0.0,0.0,0.0,0.0,0.0,-0.12361524726847226,0.0,0.0,0.0,0.0,0.0,0.0,0.0,-41.81702944357316,896.33633103128,0.0,-554.5193015877069,0.0,0.0,0.0,531.9173600697641,0.0,0.0,0.0,0.0,0.0,-958.1829705564269,0.0,0.0,113.24380595006937,0.0,0.0,0.0,0.0,564.0660885632583,0.0,-1000.0,-226.32691411936935,0.0,0.0,474.7750071778396,0.0,0.0,275.5832687384785,0.0,0.0,0.0,0.0,0.0,0.0,0.13597677199550162,0.0,0.0,0.0,0.0,0.0,0.0,-10.886382776111395,0.0,0.0,-10.886382776111395,0.0,0.0,0.0,0.0,1000.0,-965.3590383727537,0.0,1.2361524726847228,0.0,0.0,0.0,0.0,0.0,0.0,0.0,0.0,0.0,0.0,-212.0397693409869,0.0,74.16914836108337,0.0,0.0,124.65622932325805,-633.817521719357,1000.0,-0.030903811817118067,0.0,0.0,113.84363866419967,37.084574180541686,0.0,37.084574180541686,-3.980410962048791,0.0,0.0,0.0,199.8840151816927,-1000.0,0.0,0.0,-24.024297085297192,0.0,193.0783107636881,0.0,0.0,0.0,0.0,0.0,0.0,0.0,0.0,0.0,0.0,0.0,0.0,0.0,0.0,0.0,0.0,-523.5789465206569,0.0,0.0,37.084574180541686,0.0,38.32072665322641,0.0,0.0,-942.5161301749798,942.5161301749798,0.0,0.0,0.0,-62.50000000000006,62.50000000000006,0.0,0.0,0.0,0.0,0.0,0.0,221.55814338065926,0.12361524726847226,0.0,0.0,0.0,-528.1543005277153,0.0,0.0,0.0,0.0,0.0,543.4065905427761,0.0,0.0,0.0,0.0,0.0,-275.4596534912101,-275.4596534912101,0.0,0.0,0.0,0.0,0.0,0.0,0.0,-275.33603824394163,0.0,0.0,0.0,517.1767872677372,0.0,0.0,0.0,0.0,0.0,0.0,0.0,0.0,0.0,0.0,-581.7348279061638,0.0,0.0,0.0,0.0,-738.5112926095944,0.0,0.0,0.0,0.0,0.0,0.0,0.0,-217.16080012031512,217.16080012031512,0.0,0.0,0.0,0.0,0.0,0.0,0.0,41.81702944357316,-187.02065483453813,0.0,0.0,0.0,0.0,0.0,0.0,0.0,0.0,0.0,0.0,0.0,0.0,0.0,0.0,477.60039943510424,1000.0,0.0,0.0,0.0,0.0,113.84363866419967,0.0,0.0,0.0,0.0,-10.886382776111395,525.2249928221604,0.0,0.0,0.0,0.0,0.0,0.0,0.0,0.0,0.0,24.723049453694454,0.0,0.0,416.65672159904193,0.0,-92.50457079705707,0.0,-1000.0,0.0,0.0,0.0,-123.81475042880426,0.0,0.0,0.0,-33.366871392327994,0.0,0.0,-706.5327949745911,0.0,0.0,-706.5327949745913,0.0,0.0,-850.978321839672,0.0,0.0,0.0,0.0,231.04290121483803,0.0,0.0,0.0,800.7676510292407,0.0,-800.7676510292407,0.0,0.0,0.0,0.0,-211.04495191983534,0.0,0.0,0.0,-10.886382776111395,-0.1854228709027084,0.0,0.0,0.0,0.0,0.12361524726847226,0.0,0.0,0.0,587.5830797648531,-41.81702944357316,0.0,-663.4066028011023,811.8145315998204,0.0,-245.6021087780071,0.0,1000.0,0.0,-24.024297085297192,0.0,0.0,0.0,515.4424802771748,-822.9087967631864,-692.5336835139884,-1000.0,-1000.0,0.0,0.0,0.0,0.0,0.0,0.0,0.0,0.0,0.0,0.0,0.0,0.0,0.0,0.0,0.0,0.0,0.0,883.600370739328,0.0,319.03982118699605,0.0,0.0,0.0,0.0,0.0,0.0,-221.55814338065926,0.0,212.0397693409869,0.0,0.0,193.70325281826908,0.0,0.0,0.0,0.0,-177.0912032368136,-189.68991132792857,-884.2158196489669,0.0,0.0,0.0,-131.17055990359452,679.5548929212075,-3.0903811817118068,878.0350572855433,0.0,0.0,-3.89191965368758,-731.6326960699407,0.0,37.084574180541686,0.0,0.0,0.0,0.0,0.0,0.0,0.0,0.0,0.0,0.0,254.30124763160273,0.0,0.0,0.0,0.0,0.0,41.81702944357316,0.0,0.0,-21.77276555222279,0.0,0.0,56.359768839179445,0.0,0.0,0.0,0.0,-87.63847527315278,0.2472304945368075,0.0,0.0,0.0,0.0,0.0,0.0,0.0,0.0,0.0,0.0,0.0,0.0,0.0,0.0,0.0,0.0,0.0,0.0,0.0,0.13597677199550162,0.13597677199550162,0.0,162.14170459560074,0.0,74.16914836108337,0.0,0.0,0.0,1000.0,0.0,0.0,0.0,0.0,0.0,709.9721340543414,-1000.0,0.0,0.0,0.0,0.0,0.0,56.359768839179445,0.0,0.0,0.0,0.0,0.0,0.0,0.0,174.52631550688565,-587.5830797648531,528.1543005277153,28.13817113103636,9.518374039672352,0.0,0.0,113.84363866419967,0.0,0.0,709.9721340543414,0.0,-377.6663412188114,1000.0,1000.0,-1000.0,0.0,0.0,0.0,0.0,0.0,0.0,0.0,0.0,0.0,0.0,0.0,0.0,0.0,0.0,74.16914836108337,0.0,0.0,0.0,0.0,0.0,0.0,0.0,0.0,0.0,0.0,0.0,0.0,1.2361524726847228,0.0,0.0,0.0,0.0,0.0,0.0,0.0,0.0,37.084574180541686,0.0,0.0,0.0,0.0,28.13817113103636,0.0,0.0,0.0,0.0,0.0,1000.0,0.0,0.0,37.084574180541686,37.084574180541686,1000.0,-1000.0,0.0,56.359768839179445,0.0,0.0,0.0,0.0,0.0,1000.0,41.81702944357316,993.0950325396108,0.12361524726847226,0.0,0.0,0.0,163.251593339056,0.0,0.0,-113.84363866419967,0.0,0.0,0.0,0.0,0.0,0.0,0.0,0.0,0.0,0.0,0.0,0.0,0.0,0.0,0.12361524726847226,0.0,0.0,0.0,0.0,0.0,0.0,0.0,0.0,0.0,0.0,10.161173325472404,0.0,-19.679547365144757,-564.560549552332,-9.27114354513542,-6.1807623634236135,0.0,0.0,0.0,0.0,0.0,0.0,0.0,0.0,0.0,0.0,0.0,0.0,0.0,0.0,0.0,0.0,2.2888427097360333,0.0,0.0,0.0,-0.12361524726847226,0.0,0.0,0.12361524726847226,0.0,0.12361524726847226,0.0,34.64096162724624,0.0,74.16914836108337,150.8106016675362,150.8106016675362,0.0,0.0,0.0,0.0,0.0,0.0,212.0397693409869,528.1543005277153,0.0,41.81702944357316,0.0,0.0,526.0857530669905,0.0,0.0,0.0,0.0,0.0,0.0,0.0,0.0,0.0,0.0,0.0,0.0,0.0,0.0,113.84363866419967,0.0,0.0,0.0,0.1854228709027084,0.0,0.0,0.0,-37.084574180541686,0.0,0.0,0.0,0.0,0.0,-162.14170459560074,6.1807623634236135,0.0,0.0,0.0,0.0,0.0,-10.161173325472404,0.0,0.0,0.0,0.0,0.0,0.0,0.0,0.0,0.0,0.0,0.0,0.0,162.14170459560074,0.0,828.4312510740209,-24.024297085297192,0.0,-231.71931670613168,231.71931670613168,0.0,0.0,-274.6253520963405,0.0,6.1807623634236135,491.41880883532315,0.0,0.0,0.0,-21.77276555222279,625.0000000000006,-625.0000000000006,0.0,0.0,0.0,0.0,0.0,0.0,0.0,563.1925408158929,0.0,150.8106016675362,0.0,0.0,0.0,0.0,0.0,0.0,0.0,0.0,0.0,0.0,0.0,0.0,189.95513523100703,-163.251593339056,-753.9390177787843,0.0,37.084574180541686,0.0,0.0,0.0,0.0,187.0992996089552,0.0,0.0,0.13597677199550162,0.0,0.0,0.0,75.4053008337681,0.0,0.0,0.0,0.0,477.60039943510424,0.0,0.0,0.0,0.0,0.0,0.0,0.0,0.0,0.0,0.0,0.012361524726847227,0.012361524726847227,0.0,0.0,0.0,0.0,0.0,0.0,0.0,0.0,0.0,0.0,0.0,0.0,0.0,0.0,0.0,162.14170459560074,0.0,0.0,0.0,0.0,0.0,0.0,0.0,0.0,0.0,0.0,0.0,0.0,0.0,-638.1533604748532,896.33633103128,0.0,0.0,0.0,74.16914836108337,0.0,0.0,0.0,0.0,0.0,124.99999999973645,-199.1691483608198,0.0,0.0,0.0,0.0,0.0,0.0,0.0,0.0,0.0,0.0,0.0,0.0,-993.0950325396108,-1000.0,610.762197445894,-37.084574180541686,0.0,0.0,564.0660885632583,0.0,0.0,0.0,0.0,0.0,0.0,0.0,0.0,0.0,0.0,0.0,0.0,0.0,0.0,0.0,0.0,0.0,-15.451905908559034,0.0,-202.9743963634045,516.8146095218551,0.0,0.0,0.0,0.0,0.0,-1.5451905908559036,0.0,21.77276555222279,0.0,0.0,0.0,0.0,0.0,0.0,0.0,1000.0,37.084574180541686,37.084574180541686,0.0,0.0,0.0,0.0,0.0,0.13597677199550162,162.14170459560074,0.0,0.0,-564.0660885632583,0.0,0.0,0.0,0.0,0.0,0.0,0.0,0.0,0.0,0.0,0.0,0.0,0.0,0.0,17.32048081362312,0.0,0.0,0.0,0.0,129.7960096318959,0.0,0.0,221.55814338065926,0.0,0.0,0.0,162.14170459560074,0.0,0.0,0.0,0.0,0.0,-15.451905908559034,0.0,0.0,0.0,0.0,0.0,0.0,0.0,0.0,0.0,0.0,0.0,0.0,0.0,0.0,0.0,0.0,0.0,0.0,-0.12361524726847226,0.0,0.0,6.1807623634236135,-709.9721340543414,0.0,0.0,0.0,0.0,0.0,0.0,0.0,0.0,-515.4424802771748,3.0903811817118068,0.0,0.0,0.0,0.12361524726847226,0.0,123.61524726847226,-38.32072665322641,24.723049453694458,0.8829660519176591,344.8865398790377,-0.0927114354513542,103.03238877255816,2.4723049453694457,-0.6180762363421451,-344.8865398790377,37.084574180541686,-0.12361524726847234,8.008099028432397,56.359768839179445,0.030903811817118067,0.8829660519176591,-24.024297085297192,-19.67954736514477,-2.4723049453694457,-300.0,-0.12361524726847227,0.030903811817118067,-344.8865398790377,12.361524726847227,0.12361524726847234,0.12361524726847226,-161.88211257633677,0.1359767719953195,-152.8336870526278,-0.0927114354513542,37.084574180541686,0.12361524726847227,37.084574180541686,-61.80762363423614,-0.061807623634236135,-342.524309319554,-126.32877863831537,-0.0927114354513542,-0.12361524726847227,-38.32072665322641,0.12361524726847226,12.361524726847227,-2.4723049453694457,113.84363866419967,113.84363866419967,-12.361524726847227,300.0,-113.84363866419967,24.723049453694454,0.1854228709027084,-508.47680490320903,12.361524726847227,-174.52631550688565,56.359768839179445,-24.723049453694454,0.061807623634236135,1.2361524726847228,165.85165070027557,186.8647540492952,-0.12361524726847226,-189.95513523100703,161.88211257633677,38.32072665322641,0.12361524726847227,19.67954736514477,-91.97852788298718,56.359768839179445,-0.12361524726847226,-0.030903811817118067,-56.359768839179445,-0.12361524726847227,-87.63847527315278,0.12361524726869964,-0.030903811817118067,-0.030903811817118067,-0.030903811817118067,49.44609890738891,61.80762363423614,1.2361524726847228,362.25385936327643,-0.030903811817118067,323.69520237211873,6.1807623634236135,50.0,0.12361524726847226,0.061807623634236135,0.061807623634236135,40.54140914643695,38.32072665322641,0.12361524726847226,-38.32072665322641,1.2361524726847228,0.12361524726847226,-903.5946854497587,0.12361524726847227,0.49446098907367286,0.6180762363421451,0.061807623634236135,0.030903811817118067,37.084574180541686,-0.12361524726847227,152.8336870526278,1.2361524726847228,-724.5077187265529,99.94200759084634,-12.361524726847227,24.723049453694454,6.1807623634236135,-0.12361524726847227,24.024297085297192,0.1854228709027084,-0.12361524726847226,-81.0828182928739,38.32072665322641,4.43795464073321,0.061807623634236135,-100.0,-0.12361524726847227,-0.12361524726869964,-0.12361524726847227,0.061807623634236135,344.8865398790377,-24.723049453694454,0.12361524726847226,331.70330140055114,-0.030903811817118067,-0.1359767719953195,-331.70330140055114,18.54228709027084,126.32877863831537,345.05847147807646,344.8865398790377,-0.0927114354513542,189.95513523100703,-186.8647540492952,0.12361524726847227,-0.030903811817118064,6.1807623634236135,123.61524726847226,-0.061807623634236135,-0.12361524726847227,0.030903811817118067,0.0,0.0,359.3933191192469,541.3408260864823,-255.0,0.0,176.82383263985503,-140.0,0.0,246.0713024048404,-255.0,-325.0,-149.02167816032792,-123.0356512024202,127.5,127.5,0.0,70.0,-162.14170459560074,-191.5372542496884,149.02167816032792,325.0,-191.5372542496884,-176.82383263985503,128.2204178979975,0.0,1496.5981,hplb
59,0.0,0.0,0.0,0.0,0.0,0.0,0.0,0.0,-0.10833666278667638,0.0,0.0,0.0,0.0,0.0,0.0,0.0,170.73803412942436,-870.7380341294244,0.0,1000.0,0.0,0.0,0.0,0.0,0.0,119.06287189812572,0.0,0.0,0.0,-482.7035177574806,0.0,0.0,20.60096919225961,0.0,0.0,0.0,0.0,547.0322964312439,0.0,-1000.0,838.0882097527652,0.0,0.0,1000.0,0.0,0.0,0.0,0.0,58.85194428917275,-488.18813482994227,0.0,220.81848293528847,0.0,0.11917032906545116,0.0,0.0,0.0,21.667332557335275,0.0,0.0,52.72380985684458,0.0,1000.0,865.9298339780712,0.0,0.0,0.0,0.0,543.964099398497,-543.964099398497,0.0,1.0833666278667637,0.0,0.0,0.0,0.0,0.0,0.0,0.0,0.0,0.0,0.0,0.0,0.0,65.00199767200583,0.0,0.0,1000.0,291.22850451669126,300.0,-0.027084165696669094,0.0,0.0,0.0,32.500998836002914,0.0,32.500998836002914,0.0,0.0,0.0,0.0,324.81820559602306,-880.0335535946936,0.0,0.0,0.0,0.0,0.0,0.0,0.0,0.0,0.0,0.0,0.0,0.0,0.0,0.0,0.0,0.0,0.0,0.0,0.0,0.0,0.0,-795.5151020022176,0.0,0.0,32.500998836002914,0.0,33.58436546386968,0.0,0.0,0.0,0.0,0.0,0.0,623.4604737166301,62.50000000000006,-62.50000000000006,-810.2544495954033,0.0,0.0,0.0,0.0,0.0,8.341923034574076,0.10833666278667638,0.0,0.0,0.0,0.0,0.0,0.0,0.0,0.0,0.0,210.97258692673063,0.0,0.0,0.0,0.0,0.0,999.8916633372133,999.8916633372133,0.0,0.0,0.0,0.0,219.2140858048325,0.0,0.0,1000.0,0.0,0.0,0.0,-168.08790693863318,-698.8064064716859,0.0,0.0,0.0,0.0,0.0,0.0,0.0,0.0,0.0,-628.2703159335416,0.0,0.0,0.0,0.0,-1000.0,0.0,0.0,0.0,0.0,0.0,488.18813482994227,-220.81848293528847,-291.22850451669126,291.22850451669126,186.79397587877327,0.0,0.0,0.0,0.0,0.0,0.0,397.33003583721296,-710.2094154056698,0.0,0.0,0.0,0.0,0.0,0.0,0.0,0.0,0.0,0.0,0.0,0.0,0.0,105.27176691479292,-56.66533488532946,473.93202227417214,0.0,0.0,0.0,0.0,-6.3493818224559675,0.0,0.0,0.0,0.0,52.72380985684458,-526.0679777258279,0.0,0.0,0.0,0.0,0.0,0.0,0.0,0.0,374.16471098180034,0.0,0.0,0.0,301.55160113677323,884.0086101701557,546.804956837193,0.0,-473.93202227417214,0.0,0.0,186.79397587877327,312.6745674161805,0.0,0.0,0.0,-27.754139127743656,0.0,0.0,-1000.0,0.0,296.03176744624886,-1000.0,0.0,296.0317674462487,0.0,0.0,-1000.0,488.18813482994227,0.0,121.81469511850983,0.0,0.0,0.0,-314.58551694531167,0.0,314.58551694531167,0.0,999.7833266744267,0.0,0.0,0.0,0.0,0.0,0.0,52.72380985684458,-0.16250499418001457,0.0,0.0,0.0,0.0,0.10833666278667638,0.0,0.0,0.0,412.88969612587937,170.73803412942436,0.0,-464.52091635381464,-459.75026809582846,698.8064064716859,770.8728021372664,0.0,-866.8251280158918,0.0,0.0,0.0,0.0,0.0,610.8172795586079,863.4225704568047,-607.4147219995208,-1000.0,-1000.0,0.0,0.0,0.0,0.0,0.0,0.0,0.0,0.0,0.0,0.0,0.0,0.0,0.0,0.0,0.0,0.0,0.0,-452.5343569176092,0.0,-1000.0,0.0,0.0,370.6762704400696,0.0,0.0,0.0,-382.5066340163744,0.0,0.0,0.0,0.0,319.4013724566892,-407.3866698553017,0.0,-165.11751936767843,0.0,-1000.0,173.89202981539378,-612.0198165155401,0.0,-158.60566066727984,0.0,0.0,1000.0,-2.7084165696669094,606.6029833762063,0.0,0.0,0.0,0.0,-46.676746731673205,32.500998836002914,0.0,0.0,0.0,664.3296907244363,0.0,0.0,0.0,-105.27176691479293,105.27176691479293,105.27176691479292,-430.9970232817716,0.0,0.0,0.0,0.0,0.0,397.33003583721296,0.0,0.0,-81.3463561650843,0.0,0.0,99.71640645150177,0.0,0.0,0.0,0.0,-89.16633372133236,0.2166733255734251,0.0,0.0,0.0,0.0,0.0,0.0,0.0,0.0,0.0,0.0,0.0,0.0,0.0,0.0,0.0,0.0,0.0,0.0,0.0,0.11917032906545116,0.11917032906545116,0.0,363.60443435745765,0.0,65.00199767200583,0.0,0.0,0.0,1000.0,0.0,0.0,0.0,0.0,0.0,-170.71056181584572,-1000.0,0.0,0.0,310.55073554451997,0.0,0.0,99.71640645150177,0.0,0.0,0.0,0.0,0.0,0.0,0.0,265.1717006674059,-412.88969612587937,0.0,0.0,8.341923034574076,0.0,0.0,0.0,-180.4445940563173,0.0,-170.71056181584572,0.0,575.4367869620421,-835.3136824992202,0.0,0.0,105.27176691479292,0.0,0.0,0.0,0.0,0.0,0.0,0.0,0.0,0.0,0.0,0.0,0.0,0.0,65.00199767200583,186.79397587877327,186.79397587877327,0.0,0.0,0.0,0.0,0.0,0.0,0.0,0.0,0.0,0.0,1.0833666278667637,0.0,0.0,0.0,0.0,0.0,-220.81848293528847,0.0,0.0,32.500998836002914,-310.55073554451997,0.0,0.0,0.0,0.0,0.0,0.0,0.0,0.0,0.0,323.7249070204215,-429.7906952943792,0.0,32.500998836002914,32.500998836002914,1000.0,-1000.0,0.0,99.71640645150177,0.0,0.0,0.0,0.0,0.0,880.0335535946936,397.33003583721296,1000.0,0.10833666278667638,0.0,0.0,-544.3419289705747,687.4159688464933,0.0,0.0,0.0,0.0,0.0,0.0,0.0,0.0,0.0,0.0,0.0,0.0,0.0,0.0,0.0,0.0,0.0,0.10833666278667638,0.0,0.0,0.0,-97.98987488499199,97.98987488499199,0.0,0.0,0.0,0.0,0.0,5.416833139333819,0.0,0.0,-564.7128397980294,-8.125249709000741,-5.416833139333819,0.0,0.0,0.0,0.0,0.0,0.0,0.0,0.0,0.0,0.0,0.0,0.0,186.79397587877327,698.8064064716859,0.0,0.0,-41.25991359233939,0.0,0.0,0.0,-0.10833666278667638,0.0,0.0,0.10833666278667638,0.0,0.10833666278667638,0.0,0.0,0.0,65.00199767200583,132.1707285997452,132.1707285997452,0.0,0.0,0.0,0.0,0.0,0.0,0.0,0.0,0.0,397.33003583721296,0.0,0.0,0.0,620.1450662245409,0.0,0.0,0.0,0.0,0.0,0.0,0.0,0.0,0.0,0.0,0.0,0.0,0.0,180.4445940563173,0.0,-119.06287189812572,119.06287189812572,0.16250499418001457,0.0,0.0,0.0,-32.500998836002914,0.0,0.0,0.0,0.0,0.0,-363.60443435745765,5.416833139333819,0.0,0.0,0.0,0.0,-219.2140858048325,365.2594373007357,0.0,0.0,0.0,0.0,0.0,0.0,0.0,0.0,186.79397587877327,0.0,310.55073554451997,0.0,258.33266744266473,0.0,303.33266744266473,0.0,17.247196715638665,-17.247196715638665,0.0,0.0,0.0,180.50383881643526,0.0,5.416833139333819,578.938726413303,0.0,0.0,0.0,-81.3463561650843,0.0,0.0,0.0,0.0,0.0,0.0,0.0,0.0,0.0,1000.0,-387.9801834844599,132.1707285997452,0.0,503.52611386604,503.52611386603996,-503.52611386603996,0.0,0.0,0.0,0.0,0.0,374.16471098180034,0.0,0.0,0.0,-143.07403987591863,313.01817795010004,0.0,32.500998836002914,0.0,0.0,0.0,0.0,14.968481273246013,0.0,0.0,0.11917032906545116,0.0,0.0,0.0,66.0853642998726,0.0,0.0,0.0,0.0,-56.66533488532946,0.0,0.0,0.0,0.0,0.0,0.0,0.0,0.0,0.0,0.0,0.010833666278667638,0.010833666278667638,0.0,0.0,0.0,0.0,0.0,0.0,0.0,0.0,0.0,-544.3419289705747,0.0,0.0,0.0,0.0,0.0,363.60443435745765,0.0,0.0,0.0,0.0,0.0,0.0,0.0,488.18813482994227,0.0,0.0,0.0,0.0,-820.4904703872671,1000.0,-870.7380341294244,0.0,0.0,0.0,65.00199767200583,0.0,0.0,0.0,0.0,0.0,0.0,-65.00199767200583,0.0,0.0,0.0,0.0,0.0,0.0,0.0,0.0,0.0,0.0,0.0,0.0,-1000.0,-1000.0,694.3556802334142,-1000.0,967.499001163997,0.0,547.0322964312439,0.0,0.0,0.0,0.0,0.0,0.0,0.0,0.0,0.0,0.0,0.0,0.0,0.0,0.0,0.0,0.0,0.0,-13.542082848334559,186.79397587877327,-327.52662216568996,1000.0,0.0,0.0,0.0,0.0,0.0,0.0,-1.354208284833455,81.3463561650843,0.0,0.0,0.0,0.0,0.0,0.0,0.0,1000.0,32.500998836002914,32.500998836002914,0.0,0.0,0.0,0.0,0.0,0.11917032906545116,363.60443435745765,0.0,0.0,-547.0322964312439,0.0,0.0,0.0,0.0,0.0,0.0,0.0,0.0,0.0,0.0,0.0,0.0,0.0,0.0,0.0,0.0,0.0,0.0,0.0,113.7534959260102,8.341923034574076,0.0,0.0,0.0,0.0,0.0,363.60443435745765,0.0,0.0,0.0,0.0,0.0,-13.542082848334559,0.0,0.0,0.0,0.0,0.0,0.0,0.0,0.0,0.0,0.0,0.0,0.0,0.0,0.0,0.0,0.0,0.0,0.0,-0.10833666278667638,0.0,0.0,5.416833139333819,170.71056181584572,0.0,0.0,0.0,0.0,186.79397587877327,0.0,0.0,0.0,-610.8172795586079,2.7084165696669094,0.0,0.0,119.06287189812572,0.10833666278667638,0.0,108.33666278667637,-33.58436546386968,21.667332557335275,0.773833305619117,302.25928917482713,-0.08125249709000729,165.11751936767843,2.1667332557335275,-0.541683313933504,-302.25928917482713,32.500998836002914,-0.10833666278667638,0.0,99.71640645150177,0.027084165696669094,0.773833305619117,0.0,-17.247196715638665,-2.1667332557335275,-300.0,-0.10833666278667638,0.027084165696669094,-302.25928917482713,10.833666278667637,0.10833666278667638,0.10833666278667638,-363.3769273656055,0.11917032906534401,-109.76730291359198,-0.08125249709000729,32.500998836002914,0.10833666278667638,32.500998836002914,-54.16833139333819,-0.05416833139333819,-101.20528401313865,-4.592621118998352,-0.08125249709000729,-0.10833666278667638,-33.58436546386968,0.10833666278667638,10.833666278667637,-2.1667332557335275,180.4445940563173,180.4445940563173,-10.833666278667637,300.0,-180.4445940563173,21.667332557335275,0.16250499418001457,-948.1286677637407,10.833666278667637,-265.1717006674059,99.71640645150177,-21.667332557335275,0.05416833139333819,1.0833666278667637,116.13022908845366,280.0,-0.10833666278667638,-387.9801834844599,363.3769273656055,33.58436546386968,0.10833666278667638,17.247196715638665,-30.287588892509973,99.71640645150177,-0.10833666278667638,-0.027084165696669094,-99.71640645150177,-0.10833666278667638,-89.16633372133236,0.10833666278667638,-0.027084165696669094,-0.027084165696669094,-0.027084165696669094,43.33466511467055,54.16833139333819,1.0833666278667637,164.7758890413134,-0.027084165696669094,232.26045817690732,5.416833139333819,50.0,0.10833666278667638,0.05416833139333819,0.05416833139333819,60.69186950441852,33.58436546386968,0.10833666278667638,-33.58436546386968,1.0833666278667637,0.10833666278667638,-333.79981703978456,0.10833666278667638,0.43334665114687393,0.541683313933504,0.05416833139333819,0.027084165696669094,32.500998836002914,-0.10833666278667638,109.76730291359198,1.0833666278667637,-329.5517780826268,162.4091027980115,-10.833666278667637,21.667332557335275,5.416833139333819,-0.10833666278667638,0.0,0.16250499418001457,-0.10833666278667638,-121.38373900883704,33.58436546386968,139.60711195185354,0.05416833139333819,-100.0,-0.10833666278667638,-0.10833666278667638,-0.10833666278667638,0.05416833139333819,302.25928917482713,-21.667332557335275,0.10833666278667638,232.26045817690732,-0.027084165696669094,-0.11917032906534401,-232.26045817690732,16.250499418001453,4.592621118998347,459.11438869561067,302.25928917482713,-0.08125249709000729,387.9801834844599,-280.0,0.10833666278667638,-0.027084165696669098,5.416833139333819,108.33666278667637,-0.05416833139333819,-0.10833666278667638,0.027084165696669094,0.0,0.0,648.0744994323474,169.02392799847115,-255.0,0.0,639.1659587888586,-22.99520943984526,0.0,310.3102430365997,-255.0,-325.0,-300.0,-155.15512151829984,127.5,127.5,0.0,11.49760471992263,-363.60443435745765,-154.57559322509957,300.0,325.0,-154.57559322509957,-639.1659587888586,329.30994070135046,0.0,1496.5981,hplb
60,0.0,0.0,0.0,0.0,0.0,0.0,0.0,0.0,-0.05065840456571472,0.0,0.0,0.0,0.0,0.0,0.0,0.0,0.0,0.0,0.0,-55.94349004413847,0.0,0.0,0.0,0.0,0.0,542.2475618340757,0.0,0.0,0.0,-321.7803309059779,0.0,0.0,138.8804492590977,0.0,0.0,0.0,0.0,291.41257369349626,0.0,-1000.0,984.8024786302856,0.0,0.0,0.0,0.0,0.0,517.9894706081817,0.0,321.7803309059779,0.0,0.0,0.0,0.0,0.055724245022300306,0.0,0.0,0.0,0.0,0.0,0.0,-4.46131682875415,0.0,0.0,-4.46131682875415,0.0,0.0,0.0,0.0,166.50411809782716,-166.50411809782716,0.0,0.5065840456571472,0.0,0.0,0.0,0.0,0.0,0.0,0.0,0.0,0.0,0.0,-778.1629867187679,0.0,30.395042739428835,0.0,0.0,-283.54801082686134,94.2517977301036,0.0,-0.01266460114142868,0.0,0.0,133.7263844054052,15.197521369714417,0.0,15.197521369714417,-388.97418597395006,0.0,0.0,0.0,2.532920228285736,-321.7803309059779,0.0,0.0,0.0,808.3829252575276,0.0,0.0,0.0,0.0,0.0,0.0,0.0,0.0,0.0,0.0,0.0,0.0,0.0,0.0,0.0,0.0,0.0,-980.3662300500723,0.0,0.0,15.197521369714417,0.0,15.704105415371563,0.0,0.0,79.30744063173435,-135.75773434844206,56.450293716707705,-56.450293716707705,0.0,0.0,0.0,0.0,0.0,0.0,0.0,0.0,0.0,782.063683870328,0.05065840456571472,0.0,0.0,0.0,0.0,-808.3829252575276,0.0,0.0,182.02685198376082,0.0,170.4065916653453,0.0,0.0,0.0,0.0,0.0,365.5810989970661,365.5810989970661,0.0,0.0,0.0,0.0,937.5000000000005,0.0,0.0,365.6317574016318,0.0,0.0,0.0,0.0,-462.5632955100913,0.0,0.0,0.0,0.0,0.0,0.0,0.0,0.0,0.0,-93.33721495624961,0.0,0.0,0.0,0.0,-463.40435542737816,0.0,0.0,0.0,0.0,0.0,0.0,0.0,94.17581012325503,-94.17581012325503,0.0,0.0,0.0,0.0,0.0,0.0,0.0,0.0,-691.4639814838572,0.0,0.0,0.0,0.0,0.0,0.0,0.0,0.0,0.0,0.0,0.0,0.0,0.0,0.0,50.77402709628316,0.0,0.0,0.0,0.0,0.0,79.30744063173435,0.0,0.0,0.0,0.0,-4.46131682875415,0.0,0.0,0.0,0.0,0.0,0.0,0.0,0.0,0.0,0.0,10.131680913142944,0.0,0.0,-0.07598760684857098,0.0,132.40813020237158,0.0,0.0,0.0,0.0,0.0,-160.1479385204441,0.0,0.0,0.0,-5.105522873481391,0.0,0.0,-1000.0,-752.9113261592322,0.0,-1000.0,752.9113261592322,0.0,188.42760785335864,0.0,0.0,0.0,0.0,62.02950810660971,0.0,0.0,0.0,-1000.0,0.0,1000.0,0.0,883.519911200682,0.0,0.0,1000.0,0.0,0.0,0.0,-4.46131682875415,-0.07598760684857207,0.0,0.0,0.0,0.0,0.05065840456571472,0.0,0.0,0.0,368.8993934259294,0.0,0.0,-202.51027147826306,-95.13336878677312,462.5632955100913,1000.0,0.0,-288.2265228619726,0.0,0.0,0.0,0.0,0.0,140.48741170849019,561.2124644388006,-413.4733532853181,0.0,-1000.0,0.0,0.0,0.0,0.0,0.0,0.0,0.0,0.0,0.0,0.0,0.0,0.0,0.0,0.0,0.0,0.0,0.0,1000.0,0.0,708.3847926882409,182.02685198376082,0.0,387.342985346933,0.0,0.0,687.8827681034792,-782.063683870328,0.0,596.1361347350071,0.0,0.0,0.0,-318.8297501744024,0.0,-2.532920228285736,998.7335398858571,-408.8868323622253,1000.0,-108.17974539694548,-799.587288804015,1000.0,0.0,0.0,1000.0,-1000.0,105.64682516865975,21.31713061248876,0.0,-156.56375583085057,-852.6086819013303,123.635792863136,15.197521369714417,0.0,0.0,0.0,460.4127634333206,0.0,0.0,0.0,0.0,0.0,0.0,-479.8193485559216,0.0,0.0,0.0,0.0,0.0,0.0,0.0,0.0,-8.9226336575083,0.0,-150.2926677861005,0.0,0.0,0.0,0.0,0.0,35.57650572656875,0.10131680913144529,0.0,0.0,0.0,0.0,0.0,0.0,0.0,0.0,0.0,0.0,0.0,0.0,0.0,0.0,0.0,0.0,0.0,0.0,0.0,0.055724245022300306,0.055724245022300306,0.0,0.0,0.0,30.395042739428835,0.0,0.0,0.0,1000.0,0.0,0.0,0.0,0.0,0.0,-247.48104430048306,-1000.0,0.0,0.0,0.0,0.0,0.0,0.0,0.0,0.0,0.0,0.0,0.0,0.0,0.0,326.7887433500241,-368.8993934259294,0.0,0.0,3.9006971515600526,0.0,0.0,133.7263844054052,54.41894377367086,0.0,-247.48104430048306,0.0,-211.90453857391432,0.0,0.0,0.0,0.0,0.0,0.0,0.0,0.0,0.0,0.0,0.0,0.0,0.0,0.0,0.0,0.0,0.0,30.395042739428835,0.0,0.0,0.0,0.0,0.0,0.0,0.0,0.0,0.0,0.0,0.0,0.0,0.5065840456571472,0.0,0.0,0.0,0.0,0.0,0.0,0.0,0.0,15.197521369714423,0.0,0.0,0.0,0.0,0.0,0.0,0.0,0.0,0.0,0.0,0.0,0.0,0.0,15.197521369714417,15.197521369714417,1000.0,-1000.0,0.0,0.0,0.0,0.0,0.0,0.0,0.0,994.2612470694471,0.0,1000.0,0.05065840456571472,0.0,0.0,0.0,66.90166014396425,0.0,0.0,-133.7263844054052,0.0,0.0,0.0,0.0,0.0,0.0,0.0,0.0,0.0,0.0,0.0,0.0,0.0,0.0,0.05065840456571472,0.0,0.0,0.0,-828.167537855159,828.167537855159,0.0,0.0,0.0,0.0,-589.6821590746588,1000.0,0.0,0.0,-500.51761202548823,-3.7993803424286043,0.0,-2.532920228285734,0.0,0.0,0.0,0.0,0.0,0.0,0.0,0.0,0.0,0.0,0.0,0.0,462.5632955100913,0.0,0.0,-30.395042739428835,0.0,0.0,0.0,-0.05065840456571472,0.0,0.0,0.05065840456571472,0.0,0.05065840456571472,0.0,0.0,0.0,30.395042739428835,61.80325357017196,61.80325357017196,0.0,0.0,0.0,0.0,0.0,0.0,596.1361347350071,0.0,0.0,0.0,0.0,0.0,144.84910034159824,0.0,0.0,0.0,0.0,0.0,0.0,0.0,0.0,0.0,0.0,0.0,0.0,0.0,0.0,79.30744063173435,0.0,-1000.0,1000.0,0.07598760684857207,0.0,0.0,0.0,-15.197521369714417,0.0,0.0,0.0,0.0,0.0,0.0,2.532920228285736,0.0,0.0,0.0,0.0,-937.5000000000005,387.342985346933,-2.532920228285734,0.0,-150.2926677861005,0.0,0.0,0.0,0.0,0.0,0.0,0.0,0.0,0.0,0.0,0.0,314.86831908685707,0.0,208.90240471372908,194.96146055126383,596.1361347350071,-1000.0,182.02685198376082,-221.95119209061605,0.0,2.532920228285734,803.1110448148942,0.0,0.0,0.0,-8.9226336575083,0.0,0.0,0.0,0.0,0.0,0.0,0.0,0.0,0.0,97.13659529867822,-11.398141027285881,61.80325357017196,0.0,0.0,0.0,0.0,0.0,0.0,0.0,0.0,0.0,0.0,0.0,0.0,0.0,-66.90166014396425,240.64005058972785,0.0,15.197521369714417,0.0,0.0,0.0,0.0,-190.28247568252803,0.0,0.0,0.055724245022300306,0.0,0.0,0.0,30.90162678508598,0.0,0.0,0.0,0.0,50.77402709628316,0.0,808.3829252575276,0.0,0.0,0.0,0.0,0.0,0.0,0.0,0.0,549.1664960874027,0.005065840456571472,0.0,0.0,0.0,0.0,0.0,0.0,0.0,0.0,0.0,0.0,0.0,0.0,0.0,0.0,0.0,0.0,0.0,0.0,0.0,0.0,0.0,0.0,0.0,0.0,0.0,0.0,0.0,0.0,265.83684086183945,0.0,0.0,0.0,0.0,0.0,30.395042739428835,0.0,0.0,0.0,0.0,0.0,0.0,-30.395042739428835,0.0,0.0,0.0,0.0,0.0,0.0,0.0,0.0,0.0,0.0,0.0,0.0,-1000.0,672.4809161634691,179.55010746911285,-15.197521369714423,0.0,0.0,291.41257369349626,0.0,0.0,0.0,0.0,0.0,0.0,0.0,0.0,0.0,0.0,0.0,0.0,0.0,0.0,0.0,0.0,0.0,-6.332300570714338,0.0,-3.7993803424286043,152.44786102645546,0.0,0.0,0.0,0.0,0.0,-125.82773506443583,125.1945050073644,190.94948564126912,0.0,0.0,0.0,0.0,0.0,0.0,0.0,1000.0,15.197521369714417,15.197521369714417,0.0,0.0,0.0,0.0,0.0,0.055724245022300306,0.0,0.0,0.0,-291.41257369349626,549.1614302469461,0.0,0.0,0.0,0.0,0.0,0.0,0.0,0.0,0.0,0.0,0.0,0.0,0.0,228.87621908296217,0.0,0.0,0.0,0.0,53.19132479400046,600.0368318865671,0.0,0.0,0.0,0.0,0.0,0.0,0.0,-388.97418597395006,0.0,0.0,0.0,-6.332300570714338,0.0,0.0,0.0,0.0,0.0,0.0,0.0,0.0,0.0,0.0,0.0,0.0,0.0,0.0,0.0,0.0,0.0,0.0,-0.05065840456571472,0.0,0.0,2.532920228285736,247.48104430048306,0.0,0.0,0.0,0.0,0.0,0.0,0.0,0.0,-140.48741170849019,1.2664601141428875,0.0,0.0,542.2475618340757,0.05065840456571472,0.0,50.65840456571472,-15.704105415371563,10.131680913142945,0.3618457468979623,141.33694873834406,-0.037993803424286036,2.532920228285736,1.0131680913142944,-0.2532920228286457,-141.33694873834406,15.197521369714417,-0.05065840456571472,0.0,0.0,0.01266460114142868,0.3618457468979623,0.0,-8.064818006862879,-1.0131680913142944,55.94349004413847,-0.05065840456571472,0.01266460114142868,-141.33694873834406,5.065840456571472,0.05065840456571472,0.05065840456571472,0.10638264958801502,0.055724245022361174,-103.30394353252895,-0.037993803424286036,15.197521369714417,0.05065840456571472,15.197521369714423,-25.32920228285736,-0.02532920228285736,-67.10264813281636,-84.42393949287154,-0.037993803424286036,-0.050658404565714715,-15.704105415371563,0.05065840456571472,5.065840456571472,-1.0131680913142944,79.30744063173435,79.30744063173435,-5.065840456571472,-55.94349004413847,-79.30744063173435,10.131680913142944,0.07598760684857207,-261.75248304023717,5.065840456571472,-326.7887433500241,0.0,-10.131680913142944,0.02532920228285736,0.5065840456571472,50.627567869565766,10.131680913142944,-0.05065840456571472,-11.398141027285881,-0.10638264958801502,15.704105415371563,0.050658404565714715,8.064818006862879,-60.79008547885767,0.0,-0.05065840456571472,-0.01266460114142868,0.0,-0.05065840456571472,-772.8064195309589,0.05065840456571473,-0.01266460114142868,-0.01266460114142868,-0.01266460114142868,20.263361826285887,25.32920228285736,0.5065840456571472,37.53154548262489,-0.01266460114142868,101.25513573913153,2.532920228285736,-15.255332634998638,0.05065840456571472,0.02532920228285736,0.02532920228285736,5.065840456571472,15.704105415371563,0.05065840456571472,-15.704105415371563,0.5065840456571472,0.05065840456571472,-37.53154548262489,0.05065840456571472,0.20263361826289059,0.2532920228286457,0.02532920228285736,0.01266460114142868,15.197521369714417,-0.05065840456571472,103.30394353252895,0.5065840456571472,-75.06309096524978,1.2664601141428684,-5.065840456571472,10.131680913142944,2.532920228285736,-0.05065840456571472,0.0,0.07598760684857207,-0.05065840456571472,-10.131680913142944,15.704105415371563,379.9139032801305,0.02532920228285736,30.510665269997276,-0.05065840456571472,-0.05065840456571473,-0.05065840456571472,0.025329202282857358,141.33694873834406,-10.131680913142944,0.05065840456571472,101.25513573913153,-0.01266460114142868,-0.055724245022361174,-101.25513573913153,7.598760684857208,84.42393949287154,-325.8691423070584,141.33694873834406,-0.037993803424286036,11.398141027285881,-10.131680913142944,0.05065840456571472,-0.012664601141428682,2.532920228285734,50.65840456571472,-0.02532920228285736,-0.050658404565714715,0.01266460114142868,1000.0,0.0,73.29954598459567,0.0,-255.0,0.0,392.3669665048091,-140.0,0.0,-80.0,9.274904209457986,-325.0,-188.42760785335864,40.0,127.5,-4.637452104728993,0.0,70.0,0.0,-189.63142759760248,188.42760785335864,325.0,-189.63142759760248,-392.3669665048091,224.04560576354766,0.0,1496.5981,hplb
61,0.0,0.0,0.0,0.0,0.0,0.0,0.0,0.0,-0.1559800416487753,0.0,0.0,0.0,0.0,0.0,0.0,0.0,-602.3736121014571,1000.0,0.0,-355.68710630022525,0.0,0.0,0.0,776.5140865526654,0.0,0.0,0.0,0.0,0.0,139.85958444878153,0.0,0.0,106.14448057306359,0.0,0.0,0.0,0.0,-27.31730462742229,0.0,-1000.0,1000.0,0.0,0.0,618.9493438417173,0.0,0.0,0.0,0.0,-1000.0,0.0,0.0,-843.5646838109583,0.0,0.1715780458134759,0.0,0.0,0.0,0.0,0.0,0.0,-13.736642334535532,0.0,-986.2633576654645,-1000.0,0.0,0.0,0.0,0.0,0.0,0.0,0.0,1.559800416487753,0.0,0.0,0.0,0.0,0.0,0.0,0.0,0.0,0.0,0.0,0.0,0.0,93.58802498926518,0.0,0.0,149.44441880685142,-651.3037910819651,602.6075821639303,-0.038995010412193824,0.0,0.0,-705.5836491123636,46.79401249463259,0.0,46.79401249463259,0.0,0.0,0.0,0.0,7.799002082438765,-156.55185275549772,0.0,0.0,-30.408360506498674,637.5624982470961,757.1867724895211,0.0,0.0,0.0,0.0,0.0,0.0,0.0,0.0,0.0,0.0,0.0,0.0,0.0,0.0,0.0,0.0,-1000.0,0.0,0.0,46.79401249463259,0.0,48.35381291112035,8.167385623557522,0.0,343.2569527512994,348.4138571844618,-691.6708099357612,691.6708099357612,0.0,0.0,0.0,0.0,0.0,0.0,0.0,0.0,0.0,12.01046320695582,0.1559800416487753,0.0,0.0,0.0,0.0,-934.4048798689616,0.0,0.0,0.0,0.0,847.9370391597313,0.0,0.0,0.0,0.0,0.0,119.77533020174317,119.77533020174317,0.0,0.0,0.0,0.0,-1000.0,0.0,0.0,119.93131024339195,0.0,0.0,0.0,0.0,-413.0665795027362,0.0,0.0,0.0,0.0,0.0,0.0,0.0,0.0,0.0,0.0,0.0,0.0,0.0,0.0,-1000.0,0.0,0.0,0.0,0.0,0.0,0.0,843.5646838109583,348.6962089180349,-348.6962089180349,0.0,0.0,0.0,0.0,0.0,0.0,0.0,296.41143720427925,-428.8511319139863,0.0,0.0,0.0,0.0,0.0,0.0,0.0,0.0,0.0,0.0,0.0,0.0,0.0,0.0,259.2343982813757,618.9493438417173,0.0,0.0,0.0,0.0,116.11334506102533,0.0,0.0,0.0,0.0,-13.736642334535532,0.0,0.0,0.0,0.0,0.0,0.0,0.0,0.0,0.0,190.63909112362165,31.19600832975506,0.0,0.0,0.0,-1000.0,341.70531153584466,0.0,-618.9493438417173,0.0,0.0,0.0,99.10521588325003,0.0,0.0,0.0,-163.92590713297568,0.0,0.0,-1000.0,-999.9999999999999,0.0,0.0,0.0,999.9999999999999,-302.60758216393026,0.0,1000.0,0.0,0.0,335.4057423861729,0.0,0.0,0.0,103.75497221374263,0.0,-103.75497221374263,0.0,430.08485202827353,0.0,0.0,0.0,0.0,0.0,0.0,-13.736642334535532,-0.23397006247316293,0.0,0.0,0.0,0.0,0.1559800416487753,0.0,0.0,0.0,646.4535513207204,-602.3736121014571,0.0,-1000.0,845.8600263182624,413.0665795027362,994.9812619856293,0.0,273.7350466901149,0.0,-30.408360506498674,0.0,0.0,0.0,726.2649533098851,-1000.0,0.0,-1000.0,-1000.0,0.0,0.0,0.0,0.0,0.0,0.0,0.0,0.0,0.0,0.0,0.0,0.0,0.0,0.0,0.0,0.0,0.0,-1000.0,0.0,-973.306615539173,0.0,0.0,185.61653378253027,0.0,0.0,0.0,-202.64955433057747,0.0,0.0,0.0,0.0,0.0,1000.0,0.0,716.4108642607476,620.8294281917932,0.0,242.2323660501305,0.0,0.0,-949.7219609759204,0.0,-724.2098663431864,-444.6403037533724,-624.7289292330127,-7.799002082438765,-1000.0,0.0,820.0244101325792,1000.0,-625.0000000000039,46.79401249463259,0.0,0.0,0.0,47.646710779188,0.0,0.0,0.0,0.0,0.0,0.0,206.56564139755562,0.0,0.0,-310.46550186817916,0.0,0.0,296.41143720427925,0.0,0.0,-27.473284669071063,0.0,0.0,51.81275050900327,0.0,0.0,0.0,0.0,-84.40199583512248,0.31196008329743563,0.0,0.0,0.0,0.0,0.0,0.0,0.0,0.0,0.0,0.0,0.0,0.0,0.0,0.0,0.0,0.0,0.0,0.0,0.0,0.1715780458134759,0.1715780458134759,0.0,248.80399167024495,0.0,93.58802498926518,0.0,0.0,0.0,1000.0,0.0,213.34746882933052,0.0,0.0,0.0,1000.0,-1000.0,0.0,0.0,0.0,0.0,0.0,51.81275050900327,0.0,0.0,0.0,0.0,0.0,0.0,0.0,333.3333333333333,-646.4535513207204,296.8423816218656,0.0,12.01046320695582,0.0,-705.5836491123636,0.0,-116.11334506102533,0.0,1000.0,0.0,915.5980041648775,0.0,0.0,0.0,0.0,0.0,0.0,0.0,0.0,0.0,0.0,0.0,0.0,0.0,0.0,0.0,0.0,0.0,93.58802498926518,0.0,0.0,0.0,0.0,0.0,0.0,0.0,0.0,0.0,0.0,0.0,0.0,1.559800416487753,0.0,0.0,0.0,0.0,0.0,843.5646838109583,0.0,0.0,46.79401249463259,0.0,0.0,0.0,0.0,0.0,0.0,0.0,0.0,0.0,0.0,177.5489657312803,0.0,0.0,46.79401249463259,46.79401249463259,1000.0,-1000.0,0.0,51.81275050900327,0.0,0.0,0.0,0.0,0.0,1000.0,296.41143720427925,869.464220449306,0.1559800416487753,0.0,0.0,-47.089967210367476,220.41435257643786,0.0,0.0,705.5836491123636,0.0,0.0,0.0,0.0,0.0,0.0,0.0,0.0,0.0,0.0,0.0,0.0,0.0,0.0,0.1559800416487753,0.0,0.0,0.0,0.0,0.0,0.0,0.0,0.0,0.0,-17.033020548047205,0.0,0.0,0.0,26.693384460826962,-11.698503123658147,-7.799002082438761,0.0,0.0,874.9999999999999,874.9999999999999,-875.0,0.0,0.0,0.0,0.0,0.0,0.0,0.0,0.0,413.0665795027362,0.0,0.0,202.82341221501412,0.0,0.0,0.0,-0.1559800416487753,0.0,0.0,0.1559800416487753,0.0,0.1559800416487753,0.0,0.0,0.0,93.58802498926518,190.29565081150582,190.29565081150582,0.0,0.0,0.0,0.0,0.0,0.0,0.0,296.8423816218656,0.0,296.41143720427925,0.0,0.0,0.0,739.6948348958445,0.0,0.0,0.0,0.0,0.0,0.0,0.0,0.0,0.0,0.0,0.0,0.0,0.0,116.11334506102533,0.0,-828.2956177198857,828.2956177198857,0.23397006247316293,0.0,0.0,0.0,-46.79401249463259,0.0,0.0,0.0,0.0,0.0,-248.80399167024495,7.799002082438765,0.0,0.0,0.0,0.0,1000.0,1000.0,0.0,0.0,0.0,0.0,0.0,0.0,0.0,0.0,0.0,0.0,0.0,1000.0,248.80399167024495,0.0,590.6463732921106,-30.408360506498674,0.0,814.3834662174697,0.0,-814.3834662174697,0.0,-91.1904349282558,0.0,7.799002082438761,377.4331988807557,0.0,0.0,0.0,-27.473284669071063,375.0000000000005,-375.0000000000005,0.0,0.0,0.0,0.0,0.0,0.0,0.0,0.0,-23.397006247315232,190.29565081150582,0.0,0.0,0.0,0.0,0.0,0.0,0.0,0.0,0.0,190.63909112362165,0.0,0.0,260.5024947939031,-173.3243853660704,-227.9986837577105,0.0,46.79401249463259,0.0,0.0,0.0,0.0,250.0,0.0,0.0,0.1715780458134759,0.0,0.0,0.0,95.14782540575294,0.0,0.0,0.0,0.0,259.2343982813757,0.0,637.5624982470961,0.0,0.0,0.0,0.0,0.0,0.0,543.4946760694423,0.0,0.01559800416487711,0.01559800416487711,0.0,0.0,0.0,0.0,0.0,0.0,0.0,0.0,0.0,-47.089967210367476,0.0,0.0,0.0,0.0,0.0,248.80399167024495,0.0,0.0,0.0,0.0,0.0,0.0,0.0,0.0,0.0,0.0,0.0,0.0,0.0,-716.8696466921812,1000.0,0.0,0.0,0.0,93.58802498926514,0.0,0.0,0.0,0.0,0.0,906.4119750107349,-1000.0,0.0,0.0,0.0,0.0,0.0,0.0,0.0,0.0,0.0,0.0,0.0,0.0,-869.464220449306,-156.55185275549772,846.5411634252555,0.0,-46.79401249463259,0.0,-27.31730462742229,0.0,0.0,0.0,0.0,0.0,0.0,0.0,0.0,0.0,0.0,0.0,0.0,0.0,0.0,0.0,0.0,0.0,-19.49750520609691,0.0,-11.698503123658147,751.3933380195025,0.0,0.0,0.0,0.0,0.0,-1.9497505206096912,0.0,27.473284669071063,0.0,0.0,0.0,0.0,0.0,0.0,0.0,1000.0,46.79401249463259,46.79401249463259,0.0,0.0,0.0,0.0,0.0,0.1715780458134759,248.80399167024495,0.0,0.0,27.31730462742229,0.0,0.0,0.0,0.0,0.0,0.0,0.0,0.0,0.0,0.0,0.0,0.0,0.0,0.0,414.14780885994287,0.0,0.0,8.167385623557522,0.0,163.77904373121407,0.0,0.0,12.01046320695582,0.0,0.0,0.0,248.80399167024495,0.0,-822.1824682999085,0.0,0.0,0.0,-19.49750520609691,0.0,0.0,0.0,0.0,0.0,0.0,0.0,0.0,0.0,0.0,0.0,0.0,0.0,0.0,0.0,0.0,0.0,0.0,-0.1559800416487753,0.0,0.0,7.799002082438765,-1000.0,0.0,0.0,0.0,0.0,0.0,0.0,0.0,0.0,-726.2649533098851,3.8995010412193825,0.0,0.0,0.0,0.1559800416487753,0.0,155.98004164877528,-40.18642728756283,31.19600832975506,1.1141431546341092,451.5190874471982,-0.11698503123658147,7.799002082438847,3.119600832975506,-0.7799002082441013,-451.5190874471982,46.79401249463259,-0.1559800416487753,10.13612016883289,51.81275050900327,0.038995010412193824,1.1141431546341092,-30.408360506498674,-24.83202263048588,-3.119600832975506,-41.939281598317734,-0.1559800416487753,0.038995010412193824,-451.5190874471982,15.59800416487753,0.1559800416487753,0.1559800416487753,-248.4764335827827,0.1715780458136524,-129.7297553951887,-0.11698503123658147,46.79401249463259,0.1559800416487753,46.79401249463259,-77.99002082438764,-0.07799002082438765,-657.3905627515452,-131.86732926755164,-0.11698503123658147,-0.1559800416487753,-40.18642728756283,0.1559800416487753,15.59800416487753,-3.119600832975506,116.11334506102533,116.11334506102533,-15.59800416487753,41.939281598317734,-116.11334506102533,31.19600832975506,0.23397006247316293,-648.3738879822213,15.59800416487753,-333.3333333333333,51.81275050900327,-31.19600832975506,0.07799002082438765,1.559800416487753,250.0,280.0,-0.1559800416487753,-283.89950104121834,248.4764335827827,48.35381291112035,0.1559800416487753,24.83202263048588,-135.36329946952713,51.81275050900327,-0.1559800416487753,-0.038995010412193824,-51.81275050900331,-0.1559800416487753,-721.9644940822185,0.1559800416486616,-0.038995010412193824,-0.038995010412193824,-0.038995010412193824,62.39201665951012,77.99002082438764,1.559800416487753,115.56171335653889,-0.038995010412193824,489.8638798311671,7.799002082438765,50.0,0.1559800416487753,0.07799002082438765,0.07799002082438765,41.50437941937916,40.18642728756283,0.1559800416487753,-40.18642728756283,1.559800416487753,0.1559800416487753,-115.56171335653889,0.1559800416487753,0.623920166595326,0.7799002082441013,0.07799002082438765,0.038995010412193824,46.79401249463259,-0.1559800416487753,129.7297553951887,1.559800416487753,-231.12342671307778,3.8995010412193007,-15.59800416487753,31.19600832975506,7.799002082438765,-0.1559800416487753,30.408360506498674,0.23397006247316293,-0.1559800416487753,-83.00875883875833,40.18642728756283,0.20719417241696192,0.07799002082438765,-100.0,-0.1559800416487753,-0.1559800416486616,-0.1559800416487753,0.07799002082438765,451.5190874471982,-31.19600832975506,0.1559800416487753,500.0,-0.038995010412193824,-0.1715780458136524,-500.0,23.39700624731629,131.86732926755164,128.45982978191748,451.5190874471982,-0.11698503123658147,283.89950104121834,-280.0,0.1559800416487753,-0.03899501041219382,7.799002082438761,155.98004164877528,-0.07799002082438765,-0.1559800416487753,0.038995010412193824,0.0,0.0,348.29589796139686,0.0,-255.0,0.0,274.38702510616196,-140.0,0.0,-80.0,-255.0,-325.0,-300.0,40.0,127.5,127.5,0.0,70.0,-248.80399167024495,-250.20719417241696,300.0,325.0,-250.20719417241696,-274.38702510616196,197.07616020540578,0.0,1496.5981,hplb
62,0.0,0.0,0.0,0.0,0.0,0.0,0.0,0.0,519.0402274426918,0.0,0.0,0.0,0.0,0.0,0.0,0.0,0.0,10.776636200641178,0.0,0.0,0.0,0.0,0.0,0.0,0.0,0.0,0.0,0.0,0.0,-1000.0,0.0,0.0,98.52203483960649,0.0,0.0,0.0,0.0,544.8073733582561,0.0,-1000.0,1000.0,0.0,0.0,974.7044325393332,0.0,0.0,0.0,0.0,0.0,0.0,0.0,0.0,0.0,0.12830875329568722,0.0,0.0,0.0,23.32886423555852,0.0,0.0,-68.39784593641862,0.0,68.39784593641862,0.0,0.0,0.0,0.0,0.0,0.0,0.0,0.0,1.166443211777926,0.0,0.0,0.0,0.0,0.0,0.0,0.0,0.0,0.0,0.0,565.2356821405269,0.0,69.98659270667557,0.0,58.12536938469424,-339.31084704024215,-206.99918859969532,857.0866718405787,812.0038478341296,0.0,0.0,0.0,34.99329635333778,0.0,34.99329635333778,0.0,0.0,0.0,565.2356821405269,5.83221605888963,-1000.0,0.0,0.0,-38.90012566236419,0.0,645.622148726501,0.0,0.0,0.0,0.0,0.0,0.0,0.0,0.0,0.0,0.0,0.0,0.0,0.0,0.0,0.0,0.0,-744.2244401889104,0.0,0.0,34.99329635333778,0.0,36.15973956511571,3.8408418447831423,0.0,-295.99578590670296,0.0,295.99578590670296,-295.99578590670296,187.4999999999967,187.50000000000017,-187.50000000000017,-187.4999999999967,0.0,0.0,0.0,0.0,0.0,-498.1287000251427,0.1166443211777926,812.033008914424,0.0,0.0,0.0,-698.3288642355585,0.0,0.0,0.0,0.0,551.0676114497141,0.0,0.0,0.0,0.0,0.0,448.2456800565164,448.2456800565164,0.0,0.0,0.0,0.0,0.0,0.0,0.0,448.36232437769416,0.0,0.0,0.0,-328.47114293176776,0.0,0.0,0.0,0.0,0.0,0.0,0.0,0.0,0.0,0.0,0.0,0.0,0.0,0.0,0.0,-761.5301990238692,0.0,0.0,0.0,0.0,0.0,0.0,0.0,-350.08748324088333,350.08748324088333,0.0,0.0,0.0,0.0,0.0,0.0,0.0,0.0,-14.580540147224081,0.0,0.0,0.0,0.0,0.0,0.0,0.0,0.0,0.0,0.0,0.0,0.0,0.0,0.0,745.2879290497597,1000.0,0.0,0.0,0.0,0.0,158.21892356104294,0.0,0.0,0.0,0.0,-68.39784593641862,25.295567460666803,0.0,0.0,0.0,0.0,0.0,0.0,0.0,0.0,3.755947141925138,0.0,0.0,0.0,856.911705358812,1000.0,-689.3983302811255,0.0,-1000.0,0.0,0.0,0.0,846.2233333780579,0.0,0.0,0.0,-40.8184881950491,0.0,0.0,-779.4288295633577,0.0,0.0,-779.4288295633577,0.0,0.0,-557.0866718405787,0.0,0.0,0.0,0.0,174.90041621456467,0.0,0.0,0.0,-433.8904763093125,0.0,433.8904763093125,0.0,1000.0,0.0,0.0,808.0755386407234,0.0,0.0,0.0,-68.39784593641862,-0.17496648176668889,0.0,0.0,0.0,0.0,0.1166443211777926,0.0,0.0,0.0,564.5620319675633,0.0,0.0,-842.3297950459081,499.35612204043554,0.0,926.391224200664,0.0,0.0,0.0,-38.90012566236419,0.0,0.0,0.0,777.4580185349002,0.0,-777.4580185349002,-957.7234577902285,-1000.0,0.0,0.0,0.0,0.0,0.0,0.0,0.0,0.0,0.0,0.0,0.0,0.0,0.0,0.0,0.0,0.0,0.0,1000.0,0.0,454.72604935703276,0.0,0.0,0.0,0.0,0.0,0.0,494.3727528832175,0.0,0.0,0.0,408.5283669672734,0.0,1000.0,0.0,0.0,0.0,-1000.0,-920.6295297897078,-5.83221605888963,-641.9239110039105,66.29088951733115,0.0,-5.83221605888963,0.0,-2.916108029444815,0.0,950.6543813872811,0.0,-75.8188087655652,653.5041669784642,0.0,34.99329635333778,0.0,0.0,0.0,203.34073743511863,0.0,519.1568717638696,880.528570602303,880.528570602303,-880.528570602303,-880.528570602303,-557.1983694028281,0.0,0.0,-726.2470724187441,0.0,0.0,0.0,0.0,0.0,-20.544953103448762,0.0,937.4999999999791,108.60207215267377,0.0,0.0,0.0,0.0,11.965768460863348,0.23328864235600122,0.0,0.0,0.0,0.0,0.0,0.0,0.0,0.0,0.0,0.0,0.0,0.0,0.0,0.0,0.0,0.0,0.0,0.0,0.0,0.12830875329568722,0.12830875329568722,0.0,256.6711357644415,0.0,69.98659270667557,0.0,0.0,0.0,1000.0,0.0,0.0,58.12536938469424,0.0,0.0,115.93431240992948,-1000.0,0.0,0.0,703.3372808892688,0.0,0.0,108.60207215267377,0.0,0.0,0.0,0.0,0.0,0.0,0.0,248.07481339630345,-564.5620319675633,698.3288642355585,0.0,67.10698211538426,0.0,0.0,0.0,-158.21892356104294,0.0,115.93431240992948,0.0,0.0,127.90008087079282,312.5000000000003,-312.5000000000003,0.0,0.0,0.0,0.0,0.0,0.0,0.0,0.0,0.0,0.0,0.0,0.0,0.0,0.0,69.98659270667557,0.0,0.0,0.0,0.0,0.0,0.0,0.0,0.0,0.0,0.0,0.0,0.0,1.166443211777926,0.0,0.0,58.12536938469424,-58.12536938469424,0.0,0.0,0.0,0.0,34.99329635333778,-703.3372808892688,0.0,0.0,0.0,0.0,0.0,0.0,0.0,0.0,0.0,1000.0,-654.3873626849279,0.0,34.99329635333778,34.99329635333778,1000.0,-1000.0,0.0,108.60207215267377,0.0,0.0,0.0,0.0,0.0,957.7234577902285,0.0,1000.0,0.1166443211777926,0.0,0.0,-407.94210021117544,546.624222421772,0.0,0.0,0.0,0.0,0.0,0.0,0.0,0.0,0.0,0.0,0.0,0.0,0.0,0.0,0.0,0.0,0.0,0.1166443211777926,0.0,0.0,0.0,0.0,0.0,0.0,0.0,0.0,0.0,0.0,494.3727528832175,0.0,0.0,-545.2739506429673,-8.748324088334446,-5.832216058889635,0.0,0.0,0.0,0.0,0.0,0.0,0.0,0.0,0.0,0.0,0.0,0.0,0.0,0.0,0.0,0.0,-69.98659270667557,0.0,0.0,0.0,519.0402274426918,0.0,0.0,0.1166443211777926,0.0,0.1166443211777926,0.0,0.0,0.0,69.98659270667557,142.306071836907,142.306071836907,0.0,0.0,0.0,0.0,0.0,0.0,0.0,698.3288642355585,0.0,0.0,0.0,0.0,787.5010945883083,0.0,0.0,0.0,0.0,0.0,0.0,0.0,0.0,0.0,0.0,0.0,0.0,0.0,0.0,158.21892356104294,0.0,0.0,0.0,0.17496648176668889,0.0,0.0,0.0,-34.99329635333778,0.0,0.0,0.0,0.0,0.0,-256.6711357644415,5.83221605888963,0.0,0.0,0.0,0.0,0.0,-494.3727528832175,0.0,0.0,937.4999999999791,0.0,0.0,0.0,0.0,0.0,0.0,0.0,703.3372808892688,0.0,256.6711357644415,0.0,1000.0,-38.90012566236419,0.0,0.0,0.0,0.0,0.0,703.9172615411509,0.0,5.832216058889635,1000.0,0.0,0.0,0.0,-136.79569187283724,-875.0000000000008,875.0000000000008,0.0,0.0,0.0,0.0,0.0,0.0,0.0,0.0,-17.49664817666894,142.306071836907,0.0,0.0,0.0,0.0,0.0,0.0,0.0,0.0,0.0,3.755947141925138,0.0,0.0,265.41945985277596,-138.6821222105965,0.0,0.0,34.99329635333778,58.12536938469424,0.0,0.0,0.0,242.25555723318985,0.0,0.0,0.12830875329568722,0.0,0.0,0.0,71.15303591845348,0.0,0.0,0.0,0.0,745.2879290497597,0.0,0.0,0.0,0.0,0.0,0.0,0.0,0.0,0.0,0.0,302.93228159945903,0.011664432117779594,0.0,0.0,0.0,0.0,0.0,0.0,0.0,0.0,0.0,-407.94210021117544,0.0,0.0,0.0,0.0,0.0,256.6711357644415,0.0,0.0,0.0,0.0,0.0,0.0,0.0,0.0,0.0,0.0,0.0,116.25073876938848,0.0,0.0,10.776636200641178,0.0,0.0,0.0,69.98659270667557,0.0,0.0,0.0,0.0,0.0,0.0,-69.98659270667557,0.0,116.25073876938848,0.0,0.0,0.0,0.0,0.0,0.0,0.0,0.0,0.0,0.0,-1000.0,-1000.0,867.4024545950963,0.0,-34.99329635333778,0.0,544.8073733582561,0.0,0.0,0.0,0.0,0.0,0.0,0.0,0.0,0.0,364.58333333333337,0.0,-364.58333333333337,-364.58333333333337,0.0,0.0,0.0,0.0,-14.580540147224081,0.0,-8.748324088334446,796.2494186766428,0.0,0.0,0.0,0.0,0.0,-875.4139517272301,873.9558977125077,20.544953103448762,0.0,0.0,0.0,0.0,0.0,0.0,0.0,1000.0,34.99329635333778,34.99329635333778,0.0,0.0,0.0,0.0,0.0,0.12830875329568722,256.6711357644415,0.0,0.0,-544.8073733582561,302.9206171673413,0.0,0.0,0.0,0.0,0.0,0.0,0.0,0.0,0.0,0.0,0.0,0.0,0.0,0.0,0.0,0.0,3.8408418447831423,0.0,122.47653723668225,67.10698211538426,0.0,0.0,0.0,0.0,0.0,256.6711357644415,0.0,488.5405368243279,0.0,0.0,0.0,-14.580540147224081,0.0,0.0,0.0,0.0,0.0,0.0,0.0,0.0,0.0,0.0,0.0,0.0,0.0,0.0,0.0,0.0,0.0,0.0,-0.1166443211777926,0.0,0.0,5.83221605888963,-115.93431240992948,0.0,0.0,0.0,0.0,0.0,0.0,0.0,0.0,-777.4580185349002,2.916108029444815,0.0,0.0,0.0,0.1166443211777926,0.0,116.64432117779259,-32.31889772033255,23.328864235558523,0.8331737226985185,333.1193397756076,-0.08748324088334444,5.83221605888963,2.332886423555852,-0.5832216058889799,-333.1193397756076,34.99329635333778,-0.1166443211777926,12.966708554121396,108.60207215267377,0.02916108029444815,0.8331737226985185,-38.90012566236419,-76.69514531619905,-2.332886423555852,-10.776636200641178,-0.1166443211777926,0.02916108029444815,-333.1193397756076,11.66443211777926,0.1166443211777926,0.1166443211777926,-256.426182689968,-57.99706063139869,-8.75601505401437,-0.08748324088334444,34.99329635333778,0.1166443211777926,34.99329635333778,-58.3221605888963,-0.0583221605888963,-464.5113450709714,-170.0,-0.08748324088334444,-0.1166443211777926,-32.31889772033255,0.1166443211777926,11.66443211777926,-2.332886423555852,158.21892356104294,158.21892356104294,-11.66443211777926,10.776636200641178,-158.21892356104294,23.32886423555852,0.17496648176668889,14.722959029305457,11.66443211777926,-248.07481339630345,108.60207215267377,-23.32886423555852,0.0583221605888963,1.166443211777926,210.58244876147702,280.0,-0.1166443211777926,-282.9161080294449,256.426182689968,36.15973956511571,0.1166443211777926,76.69514531619905,-31.371113260677514,108.60207215267377,-0.1166443211777926,-0.02916108029444815,-108.60207215267377,-0.1166443211777926,11.965768460863348,0.1166443211777926,-0.02916108029444815,-0.02916108029444331,-0.02916108029444331,46.65772847111704,58.3221605888963,1.166443211777926,86.41886145259872,-0.02916108029444815,408.19818896883265,5.83221605888963,-0.15066817154204415,0.1166443211777926,0.0583221605888963,0.0583221605888963,65.96546819411614,32.31889772033255,0.1166443211777926,-32.31889772033255,1.166443211777926,0.1166443211777926,-86.41886145259872,0.1166443211777926,0.46657728471120663,0.5832216058889799,0.0583221605888963,0.02916108029444815,34.99329635333778,-0.1166443211777926,8.75601505401437,1.166443211777926,-172.83772290519744,2.916108029444815,-11.66443211777926,23.32886423555852,5.83221605888963,-0.1166443211777926,38.90012566236419,0.17496648176668889,-0.1166443211777926,-131.93093638823228,32.31889772033255,194.22201750782818,0.0583221605888963,0.3013363430840883,-0.1166443211777926,-0.1166443211777926,-0.1166443211777926,0.0583221605888963,333.1193397756076,-23.32886423555852,0.1166443211777926,421.16489752295405,-0.02916108029444331,57.99706063139869,-421.16489752295405,17.496648176668888,170.0,-133.83232021721076,333.1193397756076,-0.08748324088334444,282.9161080294449,-280.0,0.1166443211777926,-0.029161080294448145,414.36058302616306,116.64432117779259,-0.0583221605888963,-0.1166443211777926,0.02916108029444815,0.0,0.0,-314.78128118989434,0.0,-255.0,0.0,-34.1714056389327,-140.0,0.0,-80.0,369.42889339451517,-325.0,-300.0,40.0,127.5,-184.71444669725759,0.0,70.0,-256.6711357644415,-436.47757474101803,300.0,325.0,-436.47757474101803,34.1714056389327,-7.232362248017219,0.0,1496.5981,hplb
63,0.0,0.0,0.0,0.0,0.0,0.0,0.0,0.0,-0.12097363938029004,0.0,0.0,0.0,0.0,0.0,0.0,0.0,-167.86581845996523,1000.0,0.0,-532.1341815400348,0.0,0.0,0.0,541.3909475847606,0.0,0.0,0.0,0.0,0.0,-673.7956095967322,0.0,0.0,96.67154962006839,0.0,0.0,0.0,0.0,570.5415889602964,0.0,-783.2036877314301,1000.0,0.0,-662.1855253865565,-820.524097329859,0.0,0.0,0.0,0.0,1000.0,0.0,0.0,0.0,0.0,0.13307100331843869,0.0,0.0,0.0,24.19472787605801,0.0,0.0,1.2756120179688524,0.0,145.11664414663386,0.0,0.0,0.0,0.0,0.0,1000.0,-1000.0,0.0,1.2097363938029004,0.0,0.0,0.0,0.0,0.0,0.0,0.0,0.0,0.0,0.0,0.0,0.0,72.58418362817403,0.0,36.868061528807274,-579.349243698497,447.2922649359335,285.5443696669921,-0.03024340984507251,0.0,0.0,0.0,36.292091814087016,0.0,36.292091814087016,-3.895351188047087,0.0,0.0,0.0,6.048681969014503,-1000.0,0.0,0.0,-40.6549329496271,0.0,0.0,0.0,0.0,0.0,0.0,0.0,0.0,0.0,0.0,0.0,0.0,0.0,0.0,0.0,0.0,0.0,0.0,-833.929386468204,0.0,0.0,36.292091814087016,0.0,37.501828207889915,0.6320435411458263,0.0,-248.97679695465513,248.97679695465513,0.0,0.0,-1000.0,0.0,0.0,853.6077438353973,0.0,0.0,0.0,0.0,0.0,46.1830317610896,0.12097363938029004,0.0,0.0,0.0,878.7588823773609,-1000.0,0.0,0.0,0.0,0.0,367.6400697426393,0.0,0.0,0.0,0.0,0.0,999.8790263606197,999.8790263606197,0.0,0.0,0.0,0.0,113.73347326037513,0.0,0.0,1000.0,0.0,0.0,0.0,-839.8044399782557,-1000.0,0.0,0.0,0.0,0.0,0.0,0.0,0.0,0.0,0.0,-636.6301732039196,0.0,0.0,0.0,0.0,-907.914148165289,0.0,0.0,0.0,0.0,0.0,0.0,662.1855253865565,-447.2922649359335,447.2922649359335,146.3922561646027,0.0,0.0,0.0,0.0,0.0,0.0,326.20439040326784,-593.0753151759552,0.0,0.0,0.0,0.0,0.0,0.0,0.0,0.0,0.0,0.0,0.0,0.0,0.0,40.63057168610405,69.6305733747551,-820.524097329859,0.0,0.0,0.0,0.0,157.78166242259073,0.0,0.0,0.0,0.0,1.2756120179688524,0.0,0.0,0.0,0.0,0.0,0.0,0.0,0.0,0.0,0.0,0.0,0.0,0.0,-232.39900448531046,0.0,635.544016752126,0.0,820.524097329859,0.0,0.0,146.3922561646027,147.58784004395386,0.0,0.0,0.0,-242.52577130978227,0.0,0.0,-249.99999999999926,750.0000000000007,0.0,-1000.0,0.0,-750.0000000000007,0.0,0.0,-400.0772027774712,0.0,0.0,34.606622366107516,0.0,0.0,0.0,0.0,0.0,0.0,0.0,1000.0,0.0,0.0,0.0,0.0,0.0,0.0,1.2756120179688524,-0.18146045907043507,0.0,0.0,0.0,0.0,0.12097363938029004,0.0,0.0,0.0,567.4481377640086,-167.86581845996523,0.0,-502.21624963101675,-224.09634072348567,1000.0,986.2783483710556,0.0,0.0,0.0,-40.6549329496271,0.0,0.0,0.0,-10.415830350643091,-390.3241825584239,400.740012909067,-1000.0,-526.7914747147546,0.0,0.0,0.0,0.0,0.0,0.0,0.0,0.0,0.0,0.0,0.0,0.0,0.0,0.0,0.0,0.0,0.0,-428.97451648218254,0.0,-1000.0,0.0,0.0,0.0,0.0,0.0,0.0,-46.1830317610896,0.0,0.0,0.0,0.0,0.0,-1000.0,0.0,0.0,124.6648256364772,390.3241825584239,-157.20484532015655,0.0,-563.6310183346276,0.0,0.0,-6.048681969014503,0.0,-127.68916662098445,-6.048681969014503,772.3622462451463,0.0,-708.5985311828836,0.0,663.3855436597578,36.292091814087016,0.0,0.0,0.0,973.2872340281975,0.0,0.0,0.0,-40.63057168610405,40.63057168610405,40.63057168610405,-701.8270289546284,0.0,0.0,-110.8461318651824,0.0,0.0,326.20439040326784,0.0,0.0,-70.10490907105043,0.0,0.0,50.01374344303136,0.0,0.0,0.0,0.0,-87.902636061971,0.24194727876044597,0.0,0.0,0.0,0.0,0.0,0.0,0.0,0.0,0.0,0.0,0.0,0.0,0.0,0.0,0.0,0.0,0.0,0.0,0.0,0.13307100331843869,0.13307100331843869,0.0,296.43584381004604,0.0,72.58418362817403,0.0,0.0,0.0,1000.0,0.0,0.0,36.868061528807274,0.0,0.0,-140.626233034584,-1000.0,0.0,0.0,215.82285627801375,0.0,0.0,50.01374344303136,0.0,0.0,0.0,0.0,0.0,0.0,0.0,277.976462156068,-567.4481377640086,121.24111762263908,0.0,46.1830317610896,0.0,0.0,0.0,-304.1739185871934,0.0,-140.626233034584,0.0,0.0,-228.528869096555,1000.0,-1000.0,40.63057168610405,0.0,0.0,0.0,0.0,0.0,0.0,0.0,0.0,0.0,0.0,0.0,0.0,0.0,72.58418362817403,146.3922561646027,146.3922561646027,0.0,0.0,0.0,0.0,0.0,0.0,0.0,0.0,0.0,0.0,1.2097363938029004,0.0,0.0,36.868061528807274,-36.868061528807274,0.0,662.1855253865565,0.0,0.0,36.292091814087016,-215.82285627801375,0.0,0.0,0.0,0.0,0.0,0.0,0.0,0.0,0.0,1000.0,356.7447159342145,0.0,36.292091814087016,36.292091814087016,1000.0,-1000.0,0.0,50.01374344303136,0.0,0.0,0.0,0.0,0.0,1000.0,326.20439040326784,917.833551398768,0.12097363938029004,0.0,0.0,0.0,157.2347985855726,0.0,0.0,0.0,0.0,0.0,0.0,0.0,0.0,0.0,0.0,0.0,0.0,0.0,0.0,0.0,0.0,0.0,0.12097363938029004,0.0,0.0,0.0,262.1640626992727,-262.1640626992727,0.0,0.0,0.0,0.0,0.0,110.05029028774047,0.0,-156.23332204883008,-571.0254835178175,-9.073022953521754,-6.04868196901448,0.0,0.0,-625.0,-625.0,625.0,0.0,0.0,0.0,0.0,0.0,0.0,0.0,146.3922561646027,1000.0,0.0,0.0,-39.16430555411142,0.0,0.0,0.0,-0.12097363938029004,0.0,0.0,0.12097363938029004,0.0,0.12097363938029004,0.0,0.0,0.0,72.58418362817403,147.58784004395386,147.58784004395386,0.0,0.0,0.0,0.0,0.0,0.0,0.0,121.24111762263908,0.0,326.20439040326784,0.0,0.0,0.0,0.0,0.0,0.0,0.0,0.0,0.0,0.0,0.0,0.0,0.0,0.0,0.0,0.0,0.0,304.1739185871934,0.0,0.0,0.0,0.18146045907043507,0.0,0.0,0.0,-36.292091814087016,0.0,0.0,0.0,0.0,0.0,-296.43584381004604,6.048681969014503,0.0,0.0,0.0,0.0,-113.73347326037513,-9.944033157061568,0.0,0.0,0.0,0.0,0.0,0.0,0.0,0.0,146.3922561646027,0.0,215.82285627801375,0.0,255.805272123942,0.0,422.0463897465811,-40.6549329496271,0.0,-56.12706491815118,156.23332204883008,-100.1062571306789,0.0,0.0,0.0,6.04868196901448,491.6917045734674,0.0,0.0,0.0,-143.84103212866498,-889.970150149319,889.970150149319,-875.0000000000008,875.0000000000008,0.0,0.0,0.0,0.0,0.0,627.5571502503976,-9.073022953521672,147.58784004395386,0.0,0.0,0.0,0.0,0.0,0.0,0.0,0.0,0.0,0.0,0.0,0.0,314.58188971708967,-157.2347985855726,38.14821595513052,-662.1855253865565,36.292091814087016,36.868061528807274,0.0,0.0,0.0,73.43954441972801,0.0,0.0,0.13307100331843869,0.0,0.0,0.0,73.79392002197693,0.0,0.0,0.0,0.0,69.6305733747551,0.0,0.0,0.0,0.0,0.0,0.0,0.0,0.0,-1000.0,0.0,0.012097363938029005,0.012097363938029005,0.0,0.0,0.0,0.0,0.0,0.0,0.0,0.0,0.0,0.0,0.0,0.0,0.0,0.0,0.0,296.43584381004604,0.0,0.0,0.0,0.0,0.0,0.0,0.0,0.0,0.0,0.0,0.0,73.73612305761455,364.9776946757739,29.264809473346194,1000.0,0.0,0.0,0.0,72.58418362817403,0.0,0.0,0.0,0.0,0.0,0.0,-72.58418362817403,0.0,73.73612305761455,0.0,0.0,0.0,0.0,0.0,0.0,0.0,0.0,0.0,0.0,-444.62502611352255,-1000.0,82.86694297549872,-36.292091814087016,0.0,0.0,570.5415889602964,0.0,0.0,0.0,0.0,0.0,0.0,0.0,0.0,0.0,0.0,0.0,0.0,0.0,0.0,0.0,0.0,0.0,-15.12170492253631,146.3922561646027,-9.073022953521754,0.0,0.0,0.0,0.0,0.0,0.0,0.0,-1.5121704922536259,70.10490907105043,0.0,0.0,0.0,0.0,0.0,0.0,0.0,1000.0,36.292091814087016,36.292091814087016,0.0,0.0,0.0,0.0,0.0,0.13307100331843869,296.43584381004604,0.0,0.0,-570.5415889602964,0.0,0.0,0.0,0.0,0.0,0.0,0.0,0.0,0.0,0.0,0.0,0.0,0.0,0.0,0.0,0.0,0.0,0.6320435411458263,0.0,127.02232134930455,46.1830317610896,0.0,0.0,0.0,0.0,0.0,296.43584381004604,0.0,0.0,0.0,0.0,0.0,-15.12170492253631,0.0,0.0,0.0,0.0,0.0,0.0,0.0,0.0,0.0,0.0,0.0,0.0,0.0,0.0,0.0,0.0,0.0,0.0,-0.12097363938029004,0.0,0.0,6.048681969014503,140.626233034584,0.0,0.0,0.0,0.0,146.3922561646027,0.0,0.0,0.0,10.415830350643091,3.0243409845072513,0.0,0.0,0.0,0.12097363938029004,0.0,120.97363938029004,-36.86978466674409,24.19472787605801,0.864097424144929,338.78054095330083,-0.09073022953521753,6.048681969014503,2.4194727876058013,-0.6048681969014156,-338.78054095330083,36.292091814087016,-0.12097363938029004,13.551644316542367,50.01374344303136,0.030243409845072514,0.864097424144929,-40.6549329496271,-56.12706491815118,-2.4194727876058013,-300.0,-0.12097363938029004,0.030243409845072514,-338.78054095330083,310.77926509252484,0.12097363938029004,0.12097363938029004,-296.1817991673473,-36.73499052548895,-103.26431978278521,-0.09073022953521753,36.292091814087016,0.12097363938029004,36.292091814087016,-60.486819690145026,-0.06048681969014503,-183.0658840605999,-170.0,-0.09073022953521753,-0.12097363938029004,-36.86978466674409,0.12097363938029004,12.097363938029005,-2.4194727876058013,304.1739185871934,304.1739185871934,-12.097363938029003,300.0,-304.1739185871934,24.194727876058007,0.18146045907043507,-1000.0,12.097363938029005,-277.976462156068,50.01374344303136,-24.19472787605801,0.06048681969014502,1.2097363938029004,125.55406240775419,280.0,-0.12097363938029004,-323.65491267061134,296.1817991673473,37.501828207889915,0.12097363938029004,56.12706491815118,-393.836524967813,50.01374344303136,-0.12097363938029004,-0.030243409845072514,-50.01374344303136,-0.12097363938029004,-87.902636061971,0.12097363938029004,-0.03024340984507251,-0.03024340984507251,-0.03024340984507251,48.38945575211602,60.486819690145026,1.2097363938029004,264.5743926925071,-0.030243409845072514,237.556480498966,6.048681969014503,50.0,0.12097363938029004,0.06048681969014503,0.06048681969014502,37.104235659544685,36.86978466674409,0.12097363938029004,-36.86978466674409,1.2097363938029004,0.12097363938029004,-614.470487925774,0.12097363938029004,0.48389455752112553,0.6048681969014156,0.06048681969014503,0.030243409845072514,36.292091814087016,-0.12097363938029004,103.26431978278521,1.2097363938029007,-529.1487853850142,3.0243409845072513,-12.097363938029005,24.19472787605801,6.048681969014503,-0.12097363938029004,40.6549329496271,0.18146045907043507,-0.12097363938029004,-74.20847131908937,36.86978466674409,94.09729402118873,0.06048681969014502,-100.0,-0.12097363938029004,-0.12097363938029004,-0.12097363938029004,0.06048681969014502,338.78054095330083,-24.19472787605801,0.12097363938029004,251.10812481550838,-0.03024340984507251,36.73499052548895,-251.10812481550838,18.146045907043504,170.0,319.1893636877267,338.78054095330083,-0.09073022953521753,323.65491267061134,-280.0,0.12097363938029004,-0.03024340984507251,6.04868196901448,120.97363938029004,-0.06048681969014503,-0.12097363938029004,0.030243409845072514,0.0,0.0,714.3951435133177,349.8960952332669,-255.0,0.0,789.8941190384177,-140.0,298.68190115449585,-80.0,-255.0,-325.0,-285.5443696669921,40.0,127.5,127.5,-298.68190115449585,70.0,-296.43584381004604,-167.53683844091674,285.5443696669921,325.0,-167.53683844091674,-789.8941190384177,585.8166400341008,0.0,1496.5981,hplb
64,0.0,0.0,0.0,0.0,0.0,0.0,0.0,0.0,-0.07910658130622937,0.0,0.0,0.0,0.0,0.0,0.0,0.0,-149.9406700640203,449.9406700640203,0.0,0.0,0.0,0.0,0.0,0.0,0.0,0.0,0.0,0.0,0.0,-523.2644154391853,64.35613639976214,-64.35613639976214,98.49577416313922,0.0,0.0,0.0,0.0,926.2774298695165,0.0,93.25937937943996,553.3024350319773,0.0,0.0,0.0,0.0,0.0,0.0,0.0,0.0,0.0,0.0,0.0,0.0,0.08701723943707106,0.0,0.0,0.0,15.821316261245872,0.0,0.0,65.82062256363685,0.0,1000.0,783.1026596918573,0.0,0.0,0.0,0.0,0.0,0.0,0.0,0.7910658130622936,0.0,0.0,0.0,0.0,0.0,0.0,0.0,0.0,0.0,0.0,0.0,0.0,47.46394878373762,0.0,0.0,75.02966496798985,-597.7955050653652,672.8251700333551,-0.01977664532655734,0.0,0.0,483.0638540108089,23.73197439186881,0.0,23.73197439186881,0.0,586.1501899946376,0.0,0.0,579.3050195541348,-1000.0,0.0,0.0,-39.755970389992896,0.0,0.0,0.0,0.0,0.0,0.0,0.0,0.0,0.0,0.0,0.0,0.0,0.0,0.0,0.0,0.0,0.0,0.0,-482.4675217789485,0.0,0.0,23.73197439186881,0.0,24.523040204931103,24.523040204931103,0.0,-1000.0,0.0,1000.0,-1000.0,-282.71796287177943,0.0,0.0,0.0,0.0,0.0,0.0,0.0,0.0,6.091206760579658,0.07910658130622937,0.0,0.0,0.0,-1000.0,672.3040835352725,0.0,0.0,0.0,0.0,328.6914427438031,0.0,0.0,0.0,0.0,0.0,75.90022538710087,75.90022538710087,0.0,0.0,0.0,375.0,0.0,0.0,0.0,140.33546836816924,0.0,0.0,0.0,-660.4547887481889,-127.45879333243572,0.0,0.0,0.0,0.0,0.0,0.0,0.0,0.0,0.0,-426.7687146383164,0.0,0.0,0.0,0.0,-1000.0,0.0,0.0,0.0,0.0,0.0,0.0,0.0,-75.02966496798985,75.02966496798985,282.71796287177943,0.0,0.0,0.0,0.0,0.0,0.0,476.73558456081463,-373.01372245979707,0.0,0.0,0.0,0.0,0.0,0.0,0.0,0.0,0.0,0.0,0.0,0.0,0.0,0.0,259.3385489872192,673.2050855032057,0.0,0.0,0.0,0.0,-58.50945581696294,0.0,0.0,0.0,0.0,65.82062256363685,673.2050855032057,64.35613639976214,0.0,0.0,0.0,0.0,0.0,0.0,0.0,66.9033683178239,0.0,0.0,0.0,522.7658400973753,0.0,0.0,0.0,-673.2050855032057,0.0,0.0,282.71796287177943,-318.32585954284326,0.0,0.0,0.0,-351.30576092360684,0.0,0.0,-1000.0,0.0,0.0,-1000.0,0.0,0.0,-672.8251700333551,0.0,299.8813401280406,0.0,0.0,45.54493519942565,0.0,0.0,0.0,403.30410677214644,0.0,-403.30410677214644,0.0,140.17725520555678,0.0,0.0,-581.2107656843032,374.99999999999994,0.0,0.0,65.82062256363685,-0.11865987195934403,0.0,0.0,0.0,0.0,0.07910658130622937,0.0,0.0,0.0,685.1561502354908,-149.9406700640203,0.0,-136.202030677262,241.94701541062324,127.45879333243572,577.0344094238461,0.0,152.2065466302979,0.0,-39.755970389992896,0.0,0.0,0.0,679.1990229008362,-831.4055695311341,0.0,-1000.0,-1000.0,0.0,0.0,0.0,0.0,0.0,0.0,0.0,0.0,0.0,0.0,0.0,0.0,0.0,0.0,0.0,0.0,0.0,-73.40614380525854,0.0,-1000.0,0.0,0.0,0.0,0.0,864.3023060741934,0.0,-8.638438678641478,0.0,586.1501899946376,0.0,0.0,575.3496904888234,831.4055695311341,0.0,-422.47181346683493,-557.6650633947484,0.0,-803.741959657991,0.0,0.0,-792.5271112801406,0.0,0.0,782.7875061354044,555.6873988620927,-3.955329065311468,0.0,0.0,-905.1995486939917,1000.0,765.0799296621983,23.73197439186881,0.0,0.0,0.0,338.34445501647014,0.0,0.0,0.0,0.0,0.0,0.0,-59.40980088772312,0.0,0.0,0.0,0.0,0.0,476.73558456081463,0.0,0.0,-151.07671774450574,0.0,0.0,0.0,0.0,0.0,0.0,0.0,-92.08934186937707,0.15821316261244128,0.0,0.0,0.0,0.0,0.0,0.0,0.0,0.0,0.0,0.0,0.0,0.0,0.0,0.0,0.0,0.0,0.0,0.0,0.0,0.08701723943707106,0.08701723943707106,64.35613639976214,214.43004330024547,0.0,47.46394878373762,0.0,57.76894213450509,0.0,605.1265595616337,0.0,0.0,0.0,0.0,0.0,132.14140941382112,-605.1265595616337,0.0,0.0,90.41427412147924,0.0,0.0,0.0,0.0,0.0,0.0,0.0,0.0,0.0,0.0,160.82250725964948,-685.1561502354908,327.6959164647275,130.84163915711179,6.091206760579658,0.0,0.0,483.0638540108089,258.8553469559924,0.0,132.14140941382112,0.0,-926.6197151728143,966.6717827172583,0.0,0.0,0.0,0.0,0.0,0.0,0.0,0.0,0.0,0.0,0.0,0.0,0.0,0.0,0.0,0.0,47.46394878373762,282.71796287177943,282.71796287177943,0.0,0.0,0.0,0.0,0.0,0.0,0.0,0.0,0.0,0.0,0.7910658130622936,0.0,64.35613639976214,0.0,0.0,64.35613639976214,0.0,0.0,0.0,23.73197439186881,-90.41427412147924,0.0,0.0,0.0,130.84163915711179,0.0,0.0,0.0,0.0,0.0,-245.90085184984574,528.2755591749958,0.0,23.73197439186881,23.73197439186881,1000.0,-605.1265595616337,0.0,0.0,0.0,0.0,0.0,0.0,0.0,1000.0,476.73558456081463,875.5590086291202,0.07910658130622937,0.0,0.0,0.0,6.379380735338067,0.0,0.0,-483.0638540108089,0.0,0.0,0.0,0.0,0.0,0.0,0.0,0.0,0.0,0.0,0.0,0.0,0.0,0.0,0.07910658130622937,0.0,0.0,0.0,-57.351567609685844,57.351567609685844,0.0,0.0,0.0,0.0,0.0,660.5170130215511,0.0,-9.599117900296353,-1000.0,-5.932993597967203,-3.9553290653114717,0.0,0.0,0.0,0.0,0.0,0.0,0.0,0.0,0.0,0.0,0.0,0.0,282.71796287177943,127.45879333243572,0.0,0.0,-136.16428996648182,0.0,0.0,0.0,-0.07910658130622937,0.0,0.0,0.07910658130622937,0.0,0.07910658130622937,0.0,0.0,0.0,47.46394878373762,96.51002919359983,96.51002919359983,0.0,0.0,0.0,0.0,0.0,0.0,0.0,327.6959164647275,0.0,476.73558456081463,0.0,0.0,0.0,686.0100995513028,0.0,0.0,0.0,0.0,0.0,0.0,0.0,0.0,0.0,0.0,0.0,0.0,0.0,224.2085070548165,0.0,0.0,0.0,0.11865987195934403,0.0,0.0,0.0,-23.73197439186881,0.0,0.0,0.0,0.0,0.0,-214.43004330024547,3.955329065311468,0.0,0.0,0.0,-374.99999999999994,0.0,-3.9553290653115027,0.0,0.0,0.0,0.0,0.0,0.0,0.0,0.0,282.71796287177943,0.0,90.41427412147924,-866.3402604145567,214.43004330024547,0.0,636.8746002034816,-39.755970389992896,73.40614380525854,-12.59376774395298,595.749307894934,-656.5616839562396,0.0,-414.8358887364431,57.76894213450509,3.9553290653114717,512.6566415282359,0.0,0.0,-64.35613639976214,-151.07671774450574,0.0,0.0,0.0,0.0,0.0,0.0,0.0,0.0,0.0,414.9027274423821,0.0,96.51002919359983,0.0,0.0,0.0,64.35613639976214,0.0,0.0,0.0,0.0,0.0,66.9033683178239,0.0,0.0,232.22902409414684,-6.379380735338067,189.5022348795839,0.0,23.73197439186881,0.0,0.0,0.0,0.0,39.7858872970817,0.0,0.0,0.08701723943707106,0.0,0.0,0.0,48.25501459679992,0.0,0.0,0.0,0.0,259.3385489872192,0.0,0.0,0.0,0.0,0.0,0.0,0.0,0.0,-271.58055995643167,0.0,0.007910658130622937,0.007910658130622937,0.0,0.0,0.0,0.0,0.0,0.0,0.0,0.0,0.0,0.0,64.35613639976214,0.0,0.0,0.0,0.0,214.43004330024547,0.0,0.0,0.0,0.0,0.0,0.0,0.0,0.0,0.0,0.0,0.0,0.0,0.0,0.0,449.9406700640203,0.0,0.0,0.0,47.46394878373762,0.0,0.0,0.0,0.0,0.0,0.0,-47.46394878373762,0.0,0.0,0.0,0.0,0.0,0.0,0.0,0.0,0.0,64.35613639976214,64.35613639976214,0.0,-875.5590086291202,-1000.0,740.1981077460699,0.0,-23.73197439186881,0.0,926.2774298695165,0.0,0.0,0.0,0.0,0.0,0.0,0.0,0.0,0.0,0.0,0.0,0.0,0.0,0.0,0.0,0.0,57.76894213450509,-9.888322663278675,282.71796287177943,-581.2826840867906,680.0771059533356,0.0,0.0,0.0,0.0,0.0,625.2376384127343,-626.2264706790622,151.07671774450574,0.0,0.0,0.0,0.0,0.0,0.0,0.0,1000.0,23.73197439186881,23.73197439186881,0.0,0.0,0.0,0.0,0.0,0.08701723943707106,214.43004330024547,0.0,0.0,-926.2774298695165,0.0,0.0,0.0,0.0,0.0,0.0,0.0,0.0,0.0,0.0,0.0,0.0,0.0,0.0,0.0,0.0,0.0,24.523040204931103,0.0,83.06191037154083,6.091206760579658,0.0,0.0,0.0,0.0,0.0,214.43004330024547,0.0,0.0,0.0,0.0,0.0,-9.888322663278675,0.0,0.0,0.0,0.0,0.0,0.0,0.0,0.0,0.0,0.0,0.0,0.0,0.0,0.0,0.0,0.0,0.0,0.0,-0.07910658130622937,0.0,0.0,3.955329065311468,-132.14140941382112,0.0,0.0,0.0,0.0,282.71796287177943,0.0,0.0,0.0,-679.1990229008362,1.977664532655734,0.0,0.0,0.0,0.07910658130622937,0.0,79.10658130622936,0.0,15.821316261245874,0.5650470093302097,269.75344225424215,-0.05932993597967202,291.63017430972315,1.5821316261245872,-0.39553290653111617,-269.75344225424215,23.73197439186881,-0.07910658130622937,13.251990129997631,0.0,0.019776645326557343,0.5650470093302097,-39.755970389992896,-12.59376774395298,62.77400477363755,-300.0,-0.07910658130622937,0.019776645326557343,-269.75344225424215,7.910658130622936,0.07910658130622937,0.07910658130622937,-214.26391947950216,0.0870172394368523,-111.07317525253048,-0.05932993597967202,23.73197439186881,0.07910658130622937,23.73197439186881,-39.553290653114686,-0.039553290653114685,-138.10632671128684,50.51969110503376,-0.05932993597967202,-0.07910658130622937,0.0,0.07910658130622937,7.910658130622936,-1.5821316261245872,224.2085070548165,224.2085070548165,-7.910658130622936,300.0,-224.2085070548165,15.821316261245872,0.11865987195934403,-1000.0,7.910658130622936,-160.82250725964948,0.0,-15.821316261245872,0.03955329065311468,0.7910658130622936,34.0505076693155,230.25135956149134,-0.07910658130622937,-232.22902409414684,214.26391947950216,24.523040204931103,0.07910658130622937,12.59376774395298,-94.92789756747531,0.0,-0.07910658130622937,-0.019776645326557343,0.0,-0.07910658130622937,-92.08934186937707,0.07910658130622937,-0.01977664532655734,-0.01977664532655734,-0.01977664532655734,31.642632522491745,39.553290653114686,0.7910658130622936,58.60808842525336,-0.01977664532655734,54.84902520863337,3.955329065311468,50.0,0.07910658130622937,0.03955329065311468,0.039553290653114685,7.910658130622936,0.0,0.07910658130622937,0.0,0.7910658130622936,0.07910658130622937,-58.60808842525336,0.07910658130622937,0.3164263252249384,0.39553290653111617,0.039553290653114685,0.019776645326557343,23.73197439186881,-0.07910658130622937,111.07317525253048,-31.387002386818775,-117.21617685050671,289.6525097770674,-7.910658130622936,15.821316261245872,3.955329065311468,-0.07910658130622937,39.755970389992896,0.11865987195934403,-0.07910658130622937,-15.821316261245872,0.0,123.30020177907497,0.039553290653114685,-100.0,-0.07910658130622937,-0.07910658130622937,-0.07910658130622937,0.039553290653114685,269.75344225424215,-15.821316261245872,0.07910658130622937,68.101015338631,-0.01977664532655734,-0.0870172394368523,-68.101015338631,11.865987195934403,-50.51969110503377,359.2719557368199,269.75344225424215,-0.05932993597967202,232.22902409414684,-230.25135956149134,0.07910658130622937,-0.01977664532655734,3.9553290653114717,79.10658130622936,-0.03955329065311468,-0.07910658130622937,0.01977664532655734,265.97727095024436,0.0,999.9604467093469,0.0,-255.0,0.0,642.115450172465,-140.0,0.0,319.6173610625831,-255.0,-325.0,0.0,-159.80868053129154,127.5,127.5,0.0,70.0,-214.43004330024547,-163.08608907615667,0.0,325.0,-163.08608907615667,-642.115450172465,364.5663448046587,0.0,1496.5981,hplb
65,0.0,0.0,0.0,0.0,0.0,0.0,0.0,0.0,-0.0648716912264799,0.0,0.0,0.0,0.0,0.0,0.0,0.0,647.1308765371183,-937.3750000000042,0.0,510.0848022970962,0.0,0.0,0.0,0.0,0.0,0.0,0.0,0.0,0.0,-985.9196379511529,0.0,0.0,111.2507332115075,0.0,0.0,0.0,0.0,-28.039141307730812,0.0,-933.6971689978393,-93.98366361229867,0.0,0.0,98.67840361411947,0.0,0.0,980.8513342608106,0.0,1000.0,0.0,0.0,0.0,0.0,0.07135886034919126,0.0,0.0,0.0,12.974338245295979,0.0,0.0,-5.713033607345734,0.0,5.713033607345734,0.0,427.5895907693379,0.0,0.0,0.0,0.0,548.1123852742141,0.0,0.648716912264799,0.0,0.0,0.0,0.0,0.0,0.0,0.0,0.0,0.0,0.0,-415.22985005846726,0.0,38.92301473588794,0.0,0.0,-213.64509885145404,603.5918273035038,-517.2369261549579,-0.016217922806619975,0.0,0.0,0.0,19.46150736794397,0.0,32.670757912534974,0.0,699.2439757299313,0.0,0.0,3.2435845613239946,-1000.0,0.0,0.0,-27.3156024123872,651.5777975525615,0.0,0.0,0.0,0.0,0.0,0.0,0.0,0.0,0.0,0.0,0.0,0.0,0.0,0.0,0.0,0.0,0.0,-541.6092045957937,0.0,0.0,32.670757912534974,0.0,20.110224280208765,0.0,0.0,0.0,0.0,0.0,0.0,0.0,-187.5000000000071,187.5000000000071,0.0,0.0,0.0,0.0,0.0,0.0,420.22497028290616,0.0648716912264799,0.0,0.0,0.0,0.0,-862.8813215325997,0.0,0.0,715.9219215141977,0.0,202.4274282451569,0.0,0.0,0.0,0.0,0.0,19.213537430415837,19.213537430415837,0.0,0.0,0.0,-125.00000000000001,-302.93037865773204,0.0,0.0,19.278409121642316,0.0,0.0,0.0,-616.9829547652273,-357.93377480512066,0.0,0.0,0.0,0.0,0.0,0.0,0.0,0.0,0.0,0.0,0.0,0.0,0.0,0.0,-1000.0,0.0,0.0,0.0,0.0,0.0,0.0,0.0,213.64509885145404,-213.64509885145404,0.0,0.0,0.0,0.0,0.0,0.0,0.0,14.080362048847064,-484.7797756685678,0.0,0.0,0.0,0.0,0.0,0.0,0.0,0.0,0.0,0.0,0.0,0.0,0.0,0.0,150.46145101522114,-661.2112385859654,0.0,0.0,0.0,0.0,163.44795918612553,0.0,0.0,0.0,0.0,-5.713033607345734,-759.8896422000848,0.0,0.0,0.0,0.0,0.0,0.0,0.0,0.0,2.088868457493565,0.0,13.209250544591004,0.0,-504.8288143297329,-114.88208587768308,1000.0,0.0,661.2112385859654,0.0,0.0,0.0,917.8400596821903,0.0,0.0,0.0,-13.578166305199147,0.0,0.0,-377.713865675061,0.0,0.0,-377.713865675061,0.0,0.0,817.2369261549579,0.0,-1000.0,0.0,0.0,17.54405933575336,0.0,0.0,0.0,-1000.0,0.0,1000.0,0.0,1000.0,0.0,0.0,0.0,-125.0,0.0,0.0,-5.713033607345734,-0.09730753683971984,0.0,0.0,0.0,0.0,0.0648716912264799,0.0,0.0,0.0,801.7924144438459,647.1308765371183,0.0,-18.210401608258135,277.9622229616831,357.93377480512066,-61.31290569976369,0.0,-673.1277273007131,0.0,-27.3156024123872,0.0,0.0,0.0,-5.585452614599981,-156.30140772147195,835.014587636785,-999.6912996033169,-1000.0,0.0,0.0,0.0,0.0,0.0,0.0,0.0,0.0,0.0,0.0,0.0,0.0,0.0,0.0,0.0,0.0,0.0,-1000.0,0.0,-972.2203454571754,415.22985005846726,0.0,0.0,0.0,0.0,0.0,-422.3138387403999,0.0,699.2439757299313,0.0,0.0,0.0,-459.19377071998827,-882.2450697406857,905.4702880869174,-1.6217922806619973,615.4951784414602,920.8077811898933,-3.2435845613239946,77.63568012675978,-1000.0,882.2450697406857,-908.7138726482415,0.0,0.0,0.0,-656.9313019766923,0.0,0.0,0.0,520.0261480258494,32.670757912534974,375.00000000000034,-375.00000000000034,0.0,0.0,0.0,0.0,0.0,0.0,0.0,0.0,-312.32775283653666,0.0,0.0,0.0,0.0,0.0,14.080362048847064,0.0,0.0,-11.426067214691443,0.0,0.0,0.0,0.0,0.0,0.0,0.0,-93.51283087735202,0.1297433824529801,0.0,0.0,0.0,0.0,0.0,0.0,0.0,0.0,0.0,127.79101363125798,0.0,0.0,0.0,0.0,0.0,0.0,0.0,0.0,0.0,0.07135886034919126,0.07135886034919126,0.0,0.0,0.0,38.92301473588794,0.0,0.0,0.0,-129.42267625961267,0.0,0.0,0.0,0.0,0.0,75.11725387159032,129.42267625961267,0.0,0.0,0.0,0.0,0.0,0.0,0.0,0.0,0.0,0.0,0.0,0.0,0.0,180.53640153193123,-801.7924144438459,211.30352398003816,0.0,4.995120224438972,0.0,0.0,0.0,-163.44795918612553,0.0,75.11725387159032,0.0,101.59489891805293,-119.99047592381463,0.0,0.0,0.0,0.0,0.0,0.0,0.0,0.0,0.0,0.0,0.0,0.0,0.0,0.0,0.0,0.0,38.92301473588794,0.0,0.0,0.0,0.0,0.0,0.0,0.0,0.0,0.0,0.0,0.0,0.0,0.648716912264799,0.0,0.0,0.0,0.0,0.0,0.0,0.0,0.0,32.670757912534974,0.0,0.0,0.0,0.0,0.0,0.0,0.0,0.0,0.0,0.0,924.4569721872912,-761.0090130011656,0.0,19.46150736794397,19.46150736794397,1000.0,129.42267625961267,0.0,0.0,0.0,0.0,0.0,0.0,0.0,999.6912996033169,14.080362048847064,1000.0,0.0648716912264799,0.0,0.0,0.0,85.67233564902763,0.0,0.0,0.0,0.0,0.0,0.0,0.0,0.0,0.0,0.0,0.0,0.0,0.0,0.0,0.0,0.0,0.0,0.0648716912264799,0.0,0.0,0.0,1000.0,-1000.0,0.0,0.0,0.0,0.0,0.0,577.6861612596001,-300.69207145573046,-300.7560242700687,27.779654542824574,-4.865376841985992,-3.2435845613239946,0.0,0.0,0.0,0.0,0.0,0.0,0.0,0.0,0.0,0.0,0.0,0.0,0.0,357.93377480512066,0.0,0.0,523.2697325871734,0.0,0.0,0.0,-0.0648716912264799,0.0,0.0,0.0648716912264799,0.0,0.0648716912264799,0.0,420.32137164295614,0.0,38.92301473588794,79.14346329630547,79.14346329630547,0.0,0.0,0.0,0.0,0.0,0.0,0.0,211.30352398003816,0.0,14.080362048847064,0.0,0.0,0.0,0.0,0.0,0.0,0.0,0.0,0.0,0.0,0.0,0.0,0.0,0.0,0.0,0.0,0.0,163.44795918612553,0.0,0.0,0.0,0.09730753683971984,0.0,0.0,0.0,-32.670757912534974,0.0,0.0,0.0,0.0,0.0,0.0,3.2435845613239946,0.0,0.0,0.0,125.0,302.93037865773204,-577.6861612596001,0.0,0.0,0.0,0.0,0.0,0.0,0.0,0.0,0.0,0.0,0.0,0.0,0.0,0.0,523.3291857347422,-27.3156024123872,0.0,-1000.0,1000.0,0.0,715.9219215141977,838.6965963858847,0.0,3.2435845613239946,747.8696848791641,0.0,0.0,0.0,-11.426067214691443,0.0,0.0,0.0,0.0,0.0,0.0,0.0,0.0,0.0,4.865376841985992,-14.596130525957985,79.14346329630547,0.0,0.0,0.0,0.0,0.0,0.0,0.0,0.0,0.0,2.088868457493565,0.0,0.0,0.0,-213.46334928028563,135.05224292223863,0.0,19.46150736794397,0.0,0.0,0.0,0.0,-217.4081898256777,0.0,0.0,0.07135886034919126,0.0,0.0,0.0,39.571731648152735,0.0,0.0,0.0,0.0,150.46145101522114,0.0,651.5777975525615,0.0,0.0,0.0,0.0,0.0,0.0,0.0,0.0,0.006487169122647989,0.006487169122647989,0.0,0.0,0.0,0.0,0.0,0.0,0.0,0.0,0.0,0.0,0.0,0.0,0.0,0.0,0.0,0.0,0.0,0.0,0.0,0.0,0.0,0.0,0.0,0.0,0.0,0.0,0.0,0.0,1000.0,804.3465553713327,-937.3750000000042,0.0,0.0,0.0,38.92301473588794,0.0,0.0,0.0,0.0,0.0,0.0,-38.92301473588794,0.0,0.0,0.0,0.0,0.0,0.0,0.0,0.0,0.0,0.0,0.0,0.0,-1000.0,-1000.0,44.43710849013874,-32.670757912534974,0.0,0.0,-28.039141307730812,0.0,0.0,0.0,0.0,0.0,0.0,0.0,0.0,0.0,0.0,0.0,0.0,0.0,0.0,0.0,0.0,0.0,-8.108961403309987,0.0,-4.865376841985992,9.730753683971994,0.0,0.0,0.0,0.0,0.0,-0.8108961403309988,0.0,727.3479887288892,0.0,0.0,0.0,0.0,0.0,0.0,0.0,1000.0,19.46150736794397,19.46150736794397,0.0,0.0,0.0,0.0,0.0,0.07135886034919126,0.0,0.0,0.0,28.039141307730812,0.0,0.0,0.0,0.0,0.0,0.0,0.0,0.0,0.0,0.0,0.0,0.0,0.0,0.0,210.16068582147807,0.0,0.0,0.0,0.0,68.1152757878039,4.995120224438972,0.0,0.0,0.0,0.0,0.0,0.0,0.0,574.4425766982761,0.0,0.0,0.0,-8.108961403309987,0.0,0.0,0.0,0.0,0.0,0.0,0.0,0.0,0.0,0.0,0.0,0.0,0.0,0.0,0.0,0.0,0.0,0.0,-0.0648716912264799,0.0,0.0,3.2435845613239946,-75.11725387159032,0.0,0.0,0.0,0.0,0.0,0.0,0.0,0.0,5.585452614599981,1.6217922806619973,0.0,0.0,0.0,0.0648716912264799,0.0,64.87169122647988,-20.110224280208765,12.97433824529598,0.463369223046285,180.9920185218789,-0.04865376841985992,3.2435845613239946,1.297433824529598,-0.3243584561327175,-180.9920185218789,19.46150736794397,-0.0648716912264799,9.105200804129067,0.0,0.016217922806619975,0.463369223046285,-27.3156024123872,-10.327573243256666,-1.297433824529598,-219.84067883421028,-0.0648716912264799,0.016217922806619975,-180.9920185218789,6.487169122647989,0.0648716912264799,0.0648716912264799,0.13623055157567115,0.07135886034912789,-150.13235926408512,-0.04865376841985992,19.46150736794397,0.0648716912264799,32.670757912534974,-19.226595068648944,-0.03243584561323995,2.336135843702607,-170.0,-0.04865376841985992,-0.06487169122648041,-20.110224280208765,0.0648716912264799,6.48716912264797,-1.297433824529598,163.44795918612553,163.44795918612553,-6.487169122647989,219.84067883421028,-163.44795918612553,12.974338245295979,0.09730753683971984,-593.7136691875426,6.487169122647989,-180.53640153193123,0.0,-12.974338245295979,0.03243584561323995,0.648716912264799,4.552600402064534,12.974338245295979,-0.0648716912264799,-14.596130525957985,-0.13623055157567115,20.110224280208765,0.0648716912264799,10.327573243256666,-91.05528001636691,0.0,-0.0648716912264799,-0.016217922806619975,0.0,-0.0648716912264799,-745.0906284299135,0.0648716912264799,-0.016217922806619975,-0.016217922806619975,-0.016217922806619975,25.948676490591957,19.226595068648944,0.648716912264799,365.37454282494645,-0.016217922806619975,0.0,3.2435845613239946,50.0,0.0648716912264799,0.03243584561323995,0.03243584561323995,6.487169122647989,20.110224280208765,0.0648716912264799,-20.110224280208765,0.648716912264799,0.0648716912264799,-1000.0,0.0648716912264799,0.25948676490619027,0.3243584561327175,0.03243584561323995,0.016217922806619975,19.46150736794397,-0.0648716912264799,150.13235926408512,0.648716912264799,-730.7490856498929,1.6217922806619978,-6.48716912264797,12.974338245295979,3.2435845613239946,-0.0648716912264799,27.3156024123872,0.09730753683971984,-0.0648716912264799,-12.974338245295979,20.110224280208765,334.9419131673671,0.03243584561323995,-100.0,-0.0648716912264799,-0.0648716912264799,-0.06487169122647991,0.032435845613240206,180.9920185218789,-12.974338245295979,0.0648716912264799,9.105200804129067,-0.016217922806619975,-0.07135886034912789,-9.105200804129067,9.730753683971981,170.0,314.7015404140495,180.9920185218789,-0.04865376841985992,14.596130525957985,-12.974338245295979,0.0648716912264799,-0.016217922806619968,3.2435845613239946,64.87169122647988,-0.03243584561323995,-0.0648716912264799,0.016217922806619975,577.053385690243,0.0,293.6812333419293,634.6254571750535,-255.0,0.0,401.1796323937372,-140.0,0.0,-80.0,326.66901700362786,-325.0,-300.0,40.0,127.5,-163.33450850181393,0.0,70.0,0.0,-117.53372334168938,300.0,325.0,-117.53372334168938,-401.1796323937372,242.87387164372808,0.0,1496.5981,hplb
66,0.0,0.0,0.0,0.0,0.0,0.0,0.0,0.0,-0.06006380434184794,0.0,0.0,0.0,0.0,0.0,0.0,0.0,-73.48662846483239,644.7027387714174,0.0,-271.21611030658505,0.0,0.0,0.0,699.9027895148377,0.0,423.61741322307853,0.0,0.0,0.0,-568.1140427504798,0.0,0.0,7.5797059824795365,0.0,0.0,0.0,0.0,614.403576135972,0.0,-1000.0,1000.0,0.0,0.0,0.0,0.0,0.0,0.0,27.38165162654331,194.49764633018128,-163.7920282053614,0.0,-691.8200440161771,0.0,0.06607018477609214,0.0,0.0,0.0,39.3944124949129,0.0,0.0,-37.08800200140804,0.0,0.0,-63.9179065089498,0.0,0.0,0.0,0.0,0.0,0.0,0.0,0.6006380434184795,0.0,0.0,0.0,0.0,0.0,0.0,0.0,0.0,0.0,0.0,-65.57962515996878,0.0,36.03828260510877,0.0,0.0,-699.5743761139422,186.7433142324162,0.0,-0.015015951085461986,0.0,0.0,-193.68443113481052,18.019141302554385,0.0,18.019141302554385,-109.7380102208736,0.0,0.0,0.0,3.003190217092397,-1000.0,0.0,0.0,0.0,0.0,0.0,0.0,0.0,0.0,0.0,0.0,0.0,0.0,0.0,0.0,0.0,0.0,0.0,0.0,0.0,0.0,0.0,-1000.0,0.0,0.0,18.019141302554385,0.0,18.619779345972862,15.312141814761532,0.0,0.0,0.0,0.0,0.0,-26.82990450754175,-937.5000000000009,937.5000000000009,0.0,0.0,0.0,0.0,0.0,0.0,70.20453809429108,0.06006380434184794,0.0,0.0,0.0,0.0,0.0,0.0,0.0,0.0,0.0,-401.0371895929905,0.0,0.0,0.0,0.0,0.0,85.37082946499793,85.37082946499793,0.0,0.0,0.0,125.00000000000001,189.8448676958958,0.0,0.0,85.43089326933978,0.0,0.0,0.0,-628.4646294433837,0.0,0.0,0.0,0.0,0.0,0.0,0.0,0.0,0.0,0.0,0.0,0.0,0.0,0.0,0.0,-1000.0,0.0,0.0,0.0,0.0,0.0,163.7920282053614,691.8200440161771,-186.7433142324162,186.7433142324162,0.0,0.0,0.0,0.0,0.0,0.0,0.0,431.8859572495202,493.0965514200051,0.0,0.0,0.0,0.0,0.0,0.0,0.0,0.0,0.0,0.0,0.0,0.0,0.0,29.046884169084194,25.59884728503392,-244.71701913104613,0.0,0.0,0.0,26.82990450754175,123.37414974928856,0.0,0.0,0.0,0.0,-37.08800200140804,-244.71701913104613,0.0,0.0,325.180792286872,0.0,0.0,0.0,0.0,0.0,0.0,0.0,0.0,0.0,-73.57672417134518,299.9099042934872,0.0,0.0,244.71701913104613,0.0,0.0,26.82990450754175,-706.0292975577062,0.0,0.0,0.0,-77.74574861946803,0.0,0.0,-1000.0,0.0,824.2589733786717,-1000.0,0.0,824.2589733786717,0.0,0.0,0.0,163.7920282053614,0.0,74.82814799399029,0.0,0.0,0.0,119.89998234496807,0.0,-119.89998234496807,0.0,1000.0,0.0,26.82990450754175,1000.0,125.0,0.0,0.0,-37.08800200140804,-0.0900957065127719,0.0,0.0,0.0,0.0,0.06006380434184794,0.0,0.0,0.0,858.606708948157,-73.48662846483239,0.0,0.0,517.934046138145,0.0,853.2019976633823,0.0,86.04740610013141,0.0,0.0,0.0,0.0,0.0,-5.171493553833166,0.0,-80.87591254629825,192.2625038288478,-1000.0,0.0,0.0,0.0,0.0,0.0,0.0,0.0,0.0,0.0,0.0,0.0,0.0,0.0,0.0,0.0,0.0,325.180792286872,78.12927526020019,0.0,-353.1769759861668,0.0,0.0,107.80395572106477,0.0,0.0,0.0,229.84423901520245,0.0,65.57962515996878,0.0,0.0,0.0,0.0,0.0,9.009570651277201,0.0,0.0,0.0,0.0,0.0,0.0,0.0,-12.012760868369595,0.0,-1.5015951085461985,-3.003190217092397,-322.66712921822733,0.0,339.1846754122355,0.0,0.0,18.019141302554385,0.0,0.0,0.0,0.0,0.0,0.0,0.0,-29.046884169084194,29.046884169084194,29.046884169084194,137.01963167922605,0.0,0.0,-914.6892343393439,0.0,0.0,431.8859572495202,0.0,0.0,-101.00590851035784,0.0,0.0,164.81714363917217,0.0,0.0,0.0,0.0,7.5797059824795365,0.12012760868362929,0.0,0.0,0.0,0.0,0.0,0.0,0.0,0.0,0.0,0.0,0.0,0.0,0.0,0.0,0.0,0.0,0.0,0.0,0.0,0.06607018477609214,0.06607018477609214,0.0,297.0341233007146,0.0,36.03828260510877,0.0,0.0,0.0,1000.0,0.0,0.0,0.0,0.0,0.0,432.7074877820828,-1000.0,0.0,0.0,0.0,0.0,0.0,164.81714363917217,0.0,0.0,0.0,0.0,0.0,0.0,0.0,333.3333333333333,-858.606708948157,0.0,0.0,4.624912934322296,0.0,-357.22407982131085,163.5396486865003,40.16549893721177,0.0,-361.75535934813115,0.0,440.2871937645623,0.0,0.0,0.0,29.046884169084194,0.0,0.0,0.0,0.0,0.0,0.0,0.0,0.0,0.0,0.0,0.0,0.0,0.0,36.03828260510877,26.82990450754175,26.82990450754175,0.0,0.0,0.0,0.0,0.0,0.0,0.0,0.0,0.0,0.0,0.6006380434184795,0.0,0.0,0.0,0.0,0.0,691.8200440161771,0.0,0.0,18.019141302554385,0.0,0.0,0.0,0.0,0.0,0.0,0.0,0.0,0.0,0.0,0.0,-68.27289839742537,0.0,18.019141302554385,18.019141302554385,-187.61728783110567,-1000.0,0.0,164.81714363917217,0.0,0.0,0.0,0.0,0.0,-192.2625038288478,431.8859572495202,-198.52230659229303,0.06006380434184794,0.0,0.0,0.0,18.07426691784153,0.0,0.0,193.68443113481052,0.0,0.0,0.0,0.0,0.0,0.0,61.11252670232413,0.0,0.0,0.0,0.0,0.0,0.0,0.0,0.06006380434184794,0.0,0.0,0.0,0.0,0.0,0.0,0.0,0.0,0.0,0.0,403.2278198962361,0.0,0.0,-431.30625124636697,-4.504785325638596,-3.003190217092397,0.0,0.0,0.0,0.0,0.0,0.0,0.0,0.0,0.0,0.0,0.0,0.0,26.82990450754175,0.0,0.0,0.0,342.1878656293279,0.0,0.0,0.0,-0.06006380434184794,0.0,0.0,0.06006380434184794,0.0,0.06006380434184794,183.33758010697238,0.0,0.0,36.03828260510877,73.2778412970545,73.2778412970545,0.0,0.0,0.0,0.0,0.0,0.0,65.57962515996878,0.0,0.0,431.8859572495202,0.0,0.0,0.0,0.0,0.0,0.0,0.0,0.0,0.0,0.0,0.0,0.0,0.0,0.0,0.0,0.0,0.0,123.37414974928856,0.0,-240.27983311610615,240.27983311610615,0.0900957065127719,0.0,0.0,0.0,-18.019141302554385,0.0,0.0,0.0,0.0,0.0,-297.0341233007146,3.003190217092397,0.0,0.0,0.0,-125.0,-189.8448676958958,-998.9283909979429,0.0,0.0,0.0,0.0,0.0,0.0,0.0,0.0,26.82990450754175,0.0,0.0,0.0,267.9872391316304,0.0,312.9872391316304,0.0,0.0,-769.0841519827404,65.57962515996878,703.5045268227716,0.0,-779.3071388547606,0.0,3.003190217092397,1000.0,0.0,0.0,0.0,-101.00590851035784,0.0,0.0,0.0,0.0,0.0,-300.0487771094935,0.0,0.0,0.0,301.5389086263532,-310.5484792776304,73.2778412970545,0.0,0.0,0.0,0.0,0.0,0.0,0.0,0.0,0.0,0.0,0.0,0.0,0.0,-18.07426691784153,60.74269226429868,0.0,18.019141302554385,0.0,0.0,0.0,0.0,-329.7805800814836,0.0,0.0,0.06607018477609214,0.0,0.0,0.0,36.63892064852725,0.0,0.0,0.0,0.0,25.59884728503392,0.0,0.0,0.0,0.0,0.0,0.0,0.0,0.0,0.0,0.0,660.9922811784355,0.006006380434184965,0.0,0.0,0.0,0.0,0.0,183.33758010697238,0.0,0.0,0.0,0.0,0.0,0.0,0.0,0.0,0.0,297.0341233007146,0.0,0.0,0.0,0.0,0.0,0.0,0.0,163.7920282053614,0.0,0.0,0.0,0.0,0.0,468.12832311010845,644.7027387714174,0.0,0.0,0.0,36.03828260510877,0.0,0.0,0.0,0.0,0.0,-36.03828260510877,0.0,0.0,0.0,0.0,0.0,0.0,0.0,0.0,0.0,0.0,0.0,0.0,0.0,198.52230659229303,-1000.0,41.14370597416585,-18.019141302554385,0.0,0.0,431.0659960289996,0.0,0.0,0.0,0.0,0.0,0.0,0.0,0.0,0.0,0.0,0.0,0.0,0.0,0.0,0.0,0.0,0.0,-7.507975542730993,26.82990450754175,-4.504785325638596,306.0436939519918,0.0,0.0,0.0,0.0,0.0,-0.7507975542730994,0.0,101.00590851035784,0.0,0.0,0.0,0.0,0.0,0.0,0.0,1000.0,18.019141302554385,18.019141302554385,0.0,0.0,0.0,0.0,0.0,0.06607018477609214,297.0341233007146,0.0,0.0,-614.403576135972,660.9862747980013,0.0,0.0,0.0,0.0,0.0,0.0,0.0,0.0,0.0,0.0,0.0,0.0,0.0,0.0,0.0,0.0,15.312141814761532,0.0,63.066994558940344,70.20453809429108,0.0,0.0,0.0,0.0,0.0,297.0341233007146,0.0,993.9911462810417,0.0,0.0,0.0,-7.507975542730993,0.0,0.0,0.0,0.0,0.0,0.0,0.0,0.0,0.0,0.0,0.0,0.0,0.0,0.0,0.0,0.0,0.0,0.0,-0.06006380434184794,0.0,0.0,3.003190217092397,-432.7074877820828,0.0,0.0,0.0,0.0,26.82990450754175,0.0,0.0,0.0,5.171493553833166,1.5015951085461985,0.0,0.0,423.61741322307853,0.06006380434184794,0.0,60.063804341847934,-3.3076375312113413,12.01276086836959,0.42902717387034245,198.20229774327882,-0.04504785325638595,3.0031902170923965,1.201276086836959,183.0372610852632,-198.20229774327882,18.019141302554385,-0.06006380434184794,0.0,164.81714363917217,0.015015951085461986,0.42902717387034245,0.0,-9.562157651223558,-1.201276086836959,-300.0,-0.060063804341847944,0.015015951085461986,-198.20229774327882,6.006380434184794,0.06006380434184794,0.06006380434184794,-296.9079893115967,0.0660701847760487,0.0,-0.04504785325638595,18.019141302554385,0.060063804341847944,18.019141302554385,-30.03190217092397,-0.030031902170923972,401.0371895929905,-129.4405939878152,-0.04504785325638595,-0.060063804341847944,-3.3076375312113413,0.06006380434184794,6.006380434184794,-1.201276086836959,123.37414974928856,123.37414974928856,-6.006380434184794,300.0,-123.37414974928856,12.012760868369588,0.0900957065127719,-633.0960758010353,6.006380434184794,-333.3333333333333,164.81714363917217,-12.012760868369588,0.030031902170923972,0.6006380434184795,0.0,280.0,-0.06006380434184794,-310.5484792776304,296.9079893115967,18.619779345972862,0.06006380434184795,9.562157651223558,92.74057842895473,164.81714363917217,-0.06006380434184794,-0.015015951085461986,-164.81714363917217,-0.060063804341847944,7.5797059824795365,0.060063804341847944,-0.015015951085461986,-0.015015951085461986,-0.015015951085461986,24.025521736739176,30.03190217092397,0.6006380434184795,44.49977104176675,-0.015015951085461986,0.0,3.003190217092397,-0.7866627741473713,0.06006380434184794,0.030031902170923972,0.030031902170923972,75.0,3.3076375312113413,0.06006380434184794,-3.3076375312113413,0.6006380434184795,0.060063804341847944,-44.49977104176675,0.060063804341847944,0.24025521736736266,-183.0372610852632,0.030031902170923972,0.015015951085461986,18.019141302554385,-0.06006380434184794,0.0,0.6006380434184795,-88.9995420835335,1.5015951085461996,-6.006380434184794,12.012760868369588,3.003190217092397,-0.060063804341847944,0.0,0.0900957065127719,-0.060063804341847944,-150.0,3.3076375312113413,453.37103761092595,0.030031902170923972,1.5733255482947426,-0.060063804341847944,-0.060063804341847944,-0.06006380434184794,0.030031902170923972,198.20229774327882,-12.012760868369588,0.06006380434184794,0.0,-0.015015951085461986,-0.0660701847760487,0.0,9.00957065127719,129.4405939878152,161.77956875353905,198.20229774327882,-0.04504785325638595,310.5484792776304,-280.0,0.060063804341847944,-0.015015951085461991,3.003190217092397,60.063804341847934,-0.030031902170923972,-0.06006380434184795,0.015015951085461986,0.0,0.0,633.0660438988645,0.0,96.18657263925486,0.0,767.0380508712545,-8.907116058434436,0.0,-80.0,-149.03239254759563,-325.0,0.0,40.0,-48.09328631962743,74.51619627379782,0.0,4.453558029217218,-297.0341233007146,-123.59045752944235,0.0,325.0,-123.59045752944235,-767.0380508712545,334.1455460040575,0.0,1496.5981,hplb
67,0.0,0.0,0.0,0.0,0.0,0.0,0.0,0.0,338.58821166415606,0.0,0.0,0.0,0.0,0.0,0.0,0.0,515.4806631944897,107.26205556310703,0.0,-468.46132638897734,0.0,0.0,0.0,0.0,0.0,0.0,0.0,0.0,0.0,-952.9806631944876,0.0,0.0,17.657384353298713,0.0,0.0,0.0,0.0,50.085007489394926,0.0,-593.2094342620449,-608.8509950068805,0.0,0.0,596.7717382796484,0.0,0.0,0.0,24.69265413750677,0.0,0.0,0.0,562.500000000002,0.0,0.08556136662888111,0.0,0.0,0.0,40.24926625178456,0.0,0.0,-83.26571972188727,0.0,0.0,-83.26571972188727,0.0,0.0,0.0,0.0,0.0,0.0,0.0,0.7778306057138895,0.0,0.0,0.0,0.0,0.0,0.0,0.0,0.0,0.0,0.0,61.20279961373237,0.0,46.66983634283337,0.0,76.4156248542342,806.2270367069375,0.0,-604.9263075328059,-0.019445765142847238,0.0,0.0,321.5616566058996,23.334918171416685,0.0,23.334918171416685,-2.5046145503970365,0.0,0.0,61.20279961373237,3.8891530285694476,-952.9806631944876,0.0,0.0,-54.93953914807991,0.0,0.0,0.0,0.0,0.0,0.0,0.0,0.0,0.0,0.0,0.0,0.0,0.0,0.0,0.0,0.0,0.0,0.0,-592.160364104675,0.0,0.0,23.334918171416685,0.0,24.112748777130573,0.0,0.0,0.0,0.0,0.0,0.0,0.0,0.0,0.0,0.0,0.0,0.0,0.0,0.0,0.0,21.202120904498766,0.07778306057138895,0.0,0.0,0.0,-1000.0,542.9420293631672,0.0,0.0,0.0,0.0,27.421409180763984,0.0,0.0,0.0,0.0,0.0,-760.4756847579405,-760.4756847579405,0.0,0.0,0.0,0.0,0.0,0.0,0.0,-760.3979016973691,0.0,0.0,0.0,542.5658972239321,0.0,0.0,0.0,0.0,0.0,0.0,0.0,0.0,0.0,0.0,0.0,0.0,0.0,0.0,0.0,-1000.0,0.0,0.0,0.0,0.0,0.0,0.0,-562.500000000002,604.9263075328059,-604.9263075328059,0.0,0.0,0.0,0.0,0.0,0.0,0.0,0.0,672.9986343483561,0.0,0.0,0.0,0.0,0.0,0.0,0.0,0.0,0.0,0.0,0.0,0.0,0.0,0.0,388.1711948653883,1000.0,0.0,0.0,0.0,0.0,155.2329578898709,0.0,0.0,0.0,0.0,-83.26571972188727,403.22826172035167,0.0,0.0,0.0,0.0,0.0,0.0,0.0,0.0,0.0,0.0,0.0,0.0,-89.56231892917322,-694.4886264619792,848.6533442397414,0.0,-1000.0,0.0,0.0,0.0,-374.52608446351474,0.0,0.0,0.0,-46.04704854836996,0.0,0.0,-494.84787689466316,-748.5828074278191,-812.7593021000469,253.734930533156,0.0,-64.1764946722277,604.9263075328059,0.0,0.0,0.0,0.0,61.78178110430426,0.0,0.0,0.0,0.0,0.0,0.0,0.0,-989.8003423812145,0.0,0.0,818.7980866948562,0.0,0.0,0.0,-83.26571972188727,-0.11667459085708343,0.0,0.0,0.0,0.0,0.07778306057138895,0.0,0.0,0.0,821.4321239387124,515.4806631944897,0.0,-51.230690213955086,1000.0,0.0,-719.959464721186,0.0,0.0,0.0,-54.93953914807991,0.0,0.0,0.0,-6.697121515196941,644.0288026762047,-637.3316811610077,-1000.0,-1000.0,0.0,0.0,0.0,0.0,0.0,0.0,0.0,0.0,0.0,0.0,0.0,0.0,0.0,0.0,0.0,0.0,0.0,-949.6038602683197,0.0,-1000.0,0.0,0.0,0.0,0.0,0.0,0.0,-21.202120904498766,0.0,0.0,0.0,0.0,0.0,-644.0288026762047,0.0,-385.00448327358407,0.0,0.0,0.0,-310.36760546606337,532.5967901016325,0.0,0.0,381.1153302450146,0.0,-1.9445765142847238,306.4784524374939,-597.5107853377295,0.0,0.0,442.66194670867276,287.67119286076104,23.334918171416685,-125.00000000000011,125.00000000000011,0.0,0.0,0.0,338.66599472472745,0.0,0.0,0.0,0.0,294.3829270338021,0.0,0.0,0.0,0.0,0.0,0.0,0.0,0.0,-13.70018973530614,0.0,0.0,134.44338788572222,0.0,0.0,0.0,0.0,-92.22169394286111,0.15556612114269167,0.0,0.0,0.0,0.0,0.0,0.0,0.0,0.0,0.0,0.0,0.0,0.0,0.0,0.0,0.0,0.0,0.0,0.0,0.0,0.08556136662888111,0.08556136662888111,0.0,49.24585081187192,0.0,46.66983634283337,0.0,0.0,0.0,1000.0,0.0,0.0,76.4156248542342,0.0,0.0,572.9939323782813,-1000.0,0.0,0.0,367.0676902106086,0.0,0.0,134.44338788572222,0.0,0.0,0.0,0.0,0.0,0.0,0.0,197.38678803489165,-821.4321239387124,457.05797063683275,0.0,380.5738294041258,0.0,321.5616566058996,0.0,-155.2329578898709,0.0,572.9939323782813,0.0,0.0,480.7722384354202,0.0,0.0,0.0,0.0,0.0,0.0,0.0,0.0,0.0,0.0,0.0,0.0,0.0,0.0,0.0,0.0,46.66983634283337,0.0,0.0,0.0,0.0,0.0,0.0,0.0,0.0,0.0,0.0,0.0,0.0,0.7778306057138895,0.0,0.0,76.4156248542342,-76.4156248542342,0.0,-562.500000000002,0.0,0.0,23.334918171416685,-367.0676902106086,0.0,0.0,298.16890888589467,0.0,0.0,0.0,0.0,0.0,0.0,-366.5922122852331,923.3231337177906,0.0,23.334918171416685,23.334918171416685,83.77984160277538,-1000.0,0.0,134.44338788572222,0.0,0.0,0.0,0.0,0.0,952.9806631944876,0.0,1000.0,0.07778306057138895,0.0,0.0,0.0,102.72364335031502,0.0,0.0,-321.5616566058996,0.0,0.0,0.0,0.0,0.0,0.0,0.0,0.0,0.0,0.0,0.0,0.0,0.0,0.0,0.07778306057138895,0.0,0.0,0.0,0.0,0.0,0.0,0.0,0.0,0.0,0.0,2.5046145503970365,0.0,0.0,-74.10287518657606,-5.833729542854171,0.0,-3.8891530285694507,0.0,0.0,0.0,0.0,0.0,0.0,0.0,0.0,0.0,0.0,0.0,0.0,0.0,0.0,0.0,291.5603458893305,0.0,0.0,0.0,338.58821166415606,0.0,0.0,0.07778306057138895,0.0,0.07778306057138895,0.0,0.0,0.0,46.66983634283337,94.89533389709453,94.89533389709453,0.0,0.0,0.0,0.0,0.0,0.0,0.0,457.05797063683275,0.0,0.0,0.0,0.0,0.0,0.0,0.0,0.0,0.0,0.0,0.0,0.0,0.0,0.0,0.0,0.0,0.0,0.0,0.0,155.2329578898709,0.0,0.0,0.0,0.11667459085708343,0.0,0.0,0.0,-23.334918171416685,0.0,0.0,0.0,0.0,0.0,-49.24585081187192,3.8891530285694476,0.0,0.0,0.0,0.0,0.0,-2.5046145503970365,-3.8891530285694507,0.0,0.0,0.0,0.0,0.0,0.0,0.0,0.0,0.0,367.0676902106086,882.6592485527801,49.24585081187192,0.0,766.5013585225549,-54.93953914807991,23.706735454895803,-23.706735454895803,0.0,0.0,0.0,-469.42141836060927,0.0,3.8891530285694507,1000.0,0.0,338.2301822321639,0.0,-166.53143944377453,0.0,0.0,687.5000000000007,-687.5000000000007,0.0,0.0,0.0,0.0,0.0,-5.833729542854017,-5.833729542854144,94.89533389709453,0.0,-581.0855388157801,-581.0855388157801,581.0855388157801,0.0,0.0,0.0,0.0,0.0,0.0,0.0,0.0,60.913309897580106,-102.72364335031502,-1000.0,0.0,23.334918171416685,76.4156248542342,0.0,0.0,0.0,-105.39720807647,0.0,0.0,0.08556136662888111,0.0,0.0,0.0,47.44766694854726,0.0,0.0,0.0,0.0,388.1711948653883,0.0,0.0,0.0,0.0,0.0,0.0,0.0,0.0,346.7178971243712,0.0,0.007778306057138896,0.007778306057138896,0.0,0.0,0.0,0.0,0.0,0.0,0.0,0.0,0.0,0.0,0.0,0.0,0.0,0.0,0.0,49.24585081187192,0.0,0.0,0.0,0.0,0.0,0.0,0.0,0.0,0.0,0.0,0.0,152.8312497084684,0.0,0.0,107.26205556310703,0.0,0.0,0.0,46.66983634283337,0.0,0.0,0.0,0.0,0.0,0.0,-46.66983634283337,0.0,152.8312497084684,0.0,0.0,0.0,0.0,0.0,0.0,0.0,0.0,0.0,0.0,-1000.0,-1000.0,53.281396491401445,0.0,-23.334918171416685,0.0,50.085007489394926,0.0,0.0,0.0,0.0,0.0,0.0,0.0,0.0,0.0,0.0,0.0,0.0,0.0,0.0,0.0,0.0,0.0,-9.722882571423622,0.0,-5.833729542854171,0.0,0.0,0.0,0.0,0.0,0.0,0.0,-0.972288257142362,13.70018973530614,0.0,0.0,0.0,0.0,0.0,0.0,0.0,1000.0,23.334918171416685,23.334918171416685,0.0,0.0,0.0,0.0,0.0,0.08556136662888111,49.24585081187192,0.0,0.0,-50.085007489394926,0.0,0.0,0.0,0.0,0.0,0.0,0.0,0.0,0.0,0.0,0.0,0.0,0.0,0.0,0.0,0.0,0.0,0.0,0.0,81.6722135999584,82.40492051823114,0.0,0.0,0.0,0.0,0.0,49.24585081187192,0.0,0.0,0.0,0.0,0.0,-9.722882571423622,0.0,0.0,0.0,0.0,0.0,0.0,0.0,0.0,0.0,0.0,0.0,0.0,0.0,0.0,0.0,0.0,0.0,0.0,-0.07778306057138895,0.0,0.0,3.8891530285694476,-572.9939323782813,0.0,0.0,0.0,0.0,0.0,0.0,0.0,0.0,6.697121515196941,1.9445765142847238,0.0,0.0,0.0,0.07778306057138895,0.0,77.78306057138894,-24.112748777130573,15.55661211427779,0.5555932897956354,217.01473899417516,-0.058337295428541706,3.8891530285694946,1.555661211427779,-0.3889153028567165,-217.01473899417516,23.334918171416685,-0.07778306057138894,18.313179716026635,134.44338788572222,0.019445765142847238,0.5555932897956354,-54.9395391480799,-88.79868809719763,-1.5556612114278323,-154.28139236861938,-0.07778306057138895,0.019445765142847238,-217.01473899417516,7.778306057138895,0.07778306057138894,0.07778306057138895,-49.082506384671646,-76.33006348760567,0.0,-0.058337295428541706,23.334918171416685,0.07778306057138895,23.334918171416685,-38.89153028569447,-0.038891530285694476,82.45766911539583,-163.0890470075812,-0.058337295428541706,-0.07778306057138895,-24.112748777130573,0.07778306057138895,7.778306057138892,-1.555661211427779,155.2329578898709,155.2329578898709,-7.778306057138895,154.28139236861938,-155.2329578898709,15.55661211427779,0.11667459085708341,-421.94581925684633,7.778306057138895,-197.38678803489165,134.44338788572222,-15.55661211427779,0.038891530285694476,0.7778306057138895,12.807672553488771,64.8024629261497,-0.07778306057138895,-66.74703944043425,49.082506384671646,24.112748777130573,0.07778306057138895,88.79868809719763,41.10371520005572,134.44338788572222,-0.07778306057138895,-0.019445765142847238,-134.44338788572222,-0.07778306057138895,-92.22169394286111,0.07778306057138895,-0.019445765142847238,-0.019445765142847238,-0.019445765142847238,31.11322422855558,38.89153028569447,0.7778306057138895,57.62752500082675,-0.019445765142847238,7.302165390950908,3.8891530285694476,50.0,0.07778306057138895,0.038891530285694476,0.038891530285694476,75.0,24.112748777130573,0.07778306057138895,-24.112748777130573,0.7778306057138895,0.07778306057138895,-57.62752500082675,0.07778306057138895,0.31113224228538333,0.3889153028567165,0.038891530285694476,0.019445765142847238,23.334918171416685,-0.07778306057138895,0.0,0.7778306057139162,-115.2550500016535,1.9445765142846767,-7.778306057138892,15.55661211427779,3.8891530285694476,-0.07778306057138895,54.9395391480799,0.11667459085708341,-0.07778306057138895,-150.0,24.112748777130573,187.39133909330135,0.038891530285694476,-100.0,-0.07778306057138895,-0.07778306057138895,-0.07778306057138895,0.038891530285694476,217.01473899417516,-15.55661211427779,0.07778306057138895,25.615345106977543,-0.019445765142847238,76.33006348760567,-25.615345106977543,11.667459085708341,163.0890470075812,-20.01872491249764,217.01473899417516,-0.058337295428541706,66.74703944043425,-64.8024629261497,0.07778306057138895,-0.019445765142847238,3.8891530285694507,77.78306057138894,-0.038891530285694476,-0.07778306057138895,0.019445765142847238,0.0,0.0,421.90692772656064,0.0,22.765723262593454,0.0,580.7155809060562,-74.31592914000667,0.0,45.24989038150784,-255.0,-325.0,0.0,-22.62494519075392,-11.382861631296727,127.5,0.0,37.15796457000334,-49.24585081187192,-81.99413101683136,0.0,325.0,-81.99413101683136,-580.7155809060562,265.91677982443076,0.0,1496.5981,hplb
68,0.0,0.0,0.0,0.0,0.0,0.0,0.0,0.0,-0.08410937693457544,0.0,0.0,0.0,0.0,0.0,0.0,0.0,612.136867721632,0.0,0.0,-312.13686772163203,0.0,0.0,0.0,383.110877645668,0.0,0.0,0.0,0.0,0.0,21.75426656414038,0.0,0.0,70.08617040278209,0.0,0.0,0.0,0.0,112.82334422488618,0.0,1000.0,1000.0,0.0,0.0,301.94006445638877,0.0,0.0,70.26001302329762,0.0,-935.8311987421612,-15.742676729759772,0.0,0.0,0.0,0.0925203146283593,0.0,0.0,0.0,0.0,0.0,0.0,-15.591530333698245,0.0,0.0,-23.41325916786986,0.0,0.0,0.0,0.0,0.0,0.0,0.0,0.8410937693457545,0.0,0.0,0.0,0.0,0.0,0.0,0.0,0.0,0.0,0.0,0.0,0.0,50.465626160745266,0.0,10.791540816383447,1000.0,39.951192988010504,0.0,-0.02102734423364386,0.0,0.0,-71.65849167507085,25.232813080372633,0.0,25.232813080372633,-2.708321937294329,570.3366521504395,0.0,0.0,321.4767620753171,21.75426656414038,0.0,0.0,-68.05501236696351,0.0,0.0,0.0,0.0,0.0,0.0,0.0,0.0,0.0,0.0,0.0,0.0,0.0,0.0,0.0,0.0,0.0,0.0,-556.4444744255459,0.0,0.0,25.232813080372633,0.0,26.07390684971839,0.0,0.0,0.0,0.0,0.0,0.0,-7.821728834171614,0.0,0.0,0.0,0.0,0.0,0.0,0.0,0.0,17.267962840345753,0.08410937693457544,0.0,0.0,0.0,-660.046521036634,0.0,0.0,0.0,442.88403137098095,0.0,526.3055196276939,0.0,0.0,0.0,0.0,0.0,-879.9983180637282,-879.9983180637282,0.0,0.0,0.0,625.0,0.0,0.0,0.0,-879.9142086867937,0.0,0.0,0.0,-1000.0,0.0,0.0,0.0,0.0,0.0,0.0,0.0,0.0,0.0,0.0,0.0,0.0,0.0,0.0,0.0,-1000.0,0.0,0.0,0.0,0.0,0.0,15.742676729759772,0.0,139.2064463969059,-139.2064463969059,0.0,0.0,0.0,0.0,0.0,0.0,0.0,0.0,-42.28902646710311,0.0,0.0,0.0,0.0,0.0,0.0,0.0,0.0,0.0,0.0,0.0,0.0,0.0,0.0,619.2554797858617,301.94006445638877,0.0,0.0,0.0,7.821728834171614,38.68554715899577,0.0,0.0,0.0,0.0,-15.591530333698245,0.0,0.0,0.0,0.0,0.0,0.0,0.0,0.0,0.0,0.0,16.82187538691509,0.0,0.0,0.0,-99.2552534088954,203.37524765474473,0.0,-301.94006445638877,0.0,0.0,7.821728834171614,-535.9159074426879,0.0,0.0,0.0,-8.608498360092085,0.0,0.0,-528.3083424218194,-403.3083424218193,-438.0186042001015,0.0,-125.00000000000011,90.28973822171793,179.1576393849163,0.0,-237.09922258256495,15.742676729759772,0.0,195.97961448846974,0.0,0.0,0.0,-1000.0,0.0,1000.0,0.0,-842.1970368665155,0.0,7.821728834171614,0.0,625.0,0.0,0.0,-15.591530333698245,-0.12616406540186317,0.0,0.0,0.0,0.0,0.08410937693457544,0.0,0.0,0.0,936.0816397606317,612.136867721632,0.0,-162.95489515822663,1000.0,0.0,884.232959633116,0.0,-148.30670028825367,0.0,-68.05501236696351,0.0,0.0,0.0,784.118036918507,268.8017936847268,-904.61313031498,410.04290746438426,582.5791520372994,0.0,0.0,0.0,0.0,0.0,0.0,0.0,0.0,0.0,0.0,0.0,0.0,0.0,0.0,0.0,0.0,0.0,-886.8402182673753,0.0,-1000.0,0.0,0.0,0.0,1000.0,599.3255614079761,0.0,-17.267962840345753,0.0,570.3366521504395,0.0,0.0,317.2712932285883,93.74517407003873,0.0,0.0,0.0,-362.54696775476555,0.0,-1000.0,0.0,0.0,0.0,-662.8411154610229,0.0,-2.102734423364386,995.7945311532712,748.1509848891233,0.0,492.1854473241841,872.0566481506994,-562.5000000000014,25.232813080372633,0.0,0.0,0.0,0.0,0.0,0.0,65.26428530115149,65.26428530115149,-65.26428530115149,-65.26428530115149,306.2331369800484,0.0,0.0,0.0,0.0,0.0,0.0,0.0,0.0,-17.421707868801207,0.0,0.0,140.99985344725653,0.0,0.0,0.0,0.0,-66.02385433114493,0.1682187538691977,0.0,0.0,0.0,0.0,0.0,0.0,0.0,0.0,0.0,0.0,0.0,0.0,0.0,0.0,0.0,0.0,0.0,0.0,0.0,0.0925203146283593,0.0925203146283593,0.0,23.60442067428366,0.0,50.465626160745266,0.0,0.0,0.0,1000.0,0.0,0.0,10.791540816383447,0.0,0.0,464.4487837264527,-1000.0,0.0,0.0,0.0,0.0,0.0,140.99985344725653,0.0,0.0,0.0,0.0,0.0,0.0,0.0,185.48149147518197,-936.0816397606317,660.046521036634,0.0,17.267962840345753,0.0,-110.34403883406662,38.68554715899577,0.0,0.0,464.4487837264527,0.0,0.0,398.42492939530774,937.4999999999991,-937.4999999999991,0.0,0.0,0.0,0.0,0.0,0.0,0.0,0.0,0.0,0.0,0.0,0.0,0.0,0.0,50.465626160745266,7.821728834171614,7.821728834171614,0.0,0.0,0.0,0.0,0.0,0.0,0.0,0.0,0.0,0.0,0.8410937693457545,0.0,0.0,10.791540816383447,-10.791540816383447,0.0,0.0,0.0,0.0,25.232813080372633,0.0,0.0,0.0,0.0,0.0,0.0,0.0,0.0,0.0,0.0,-110.13603512243236,0.0,0.0,25.232813080372633,25.232813080372633,1000.0,-1000.0,0.0,140.99985344725653,0.0,0.0,0.0,0.0,0.0,557.1766097357654,0.0,582.5791520372994,0.08410937693457544,0.0,0.0,0.0,111.07844786738326,0.0,0.0,71.65849167507085,0.0,0.0,0.0,0.0,0.0,0.0,0.0,0.0,0.0,0.0,0.0,0.0,0.0,0.0,0.08410937693457544,0.0,0.0,0.0,0.0,0.0,0.0,0.0,0.0,0.0,0.0,834.5436709622137,-442.88403137098095,0.0,-394.6347633847446,-6.308203270093158,0.0,-4.205468846728776,0.0,0.0,0.0,0.0,0.0,0.0,0.0,0.0,0.0,0.0,0.0,7.821728834171614,0.0,0.0,0.0,-66.10908382908849,0.0,0.0,0.0,-0.08410937693457544,0.0,0.0,0.08410937693457544,0.0,0.08410937693457544,0.0,0.0,0.0,50.465626160745266,102.61343986018205,102.61343986018205,0.0,0.0,0.0,0.0,0.0,0.0,0.0,660.046521036634,0.0,0.0,0.0,0.0,0.0,791.3598542725742,0.0,0.0,0.0,0.0,0.0,0.0,0.0,0.0,0.0,0.0,0.0,0.0,0.0,38.68554715899577,0.0,-312.6698988469692,312.6698988469692,0.12616406540186317,0.0,0.0,0.0,-25.232813080372633,0.0,0.0,0.0,0.0,0.0,-23.60442067428366,4.205468846728772,0.0,0.0,0.0,-625.0,0.0,165.45632903778633,-4.205468846728776,0.0,0.0,0.0,0.0,0.0,0.0,0.0,7.821728834171614,0.0,0.0,0.0,23.60442067428366,0.0,968.2246456497189,-68.05501236696351,281.47498165211994,148.1883661974406,570.3366521504395,-1000.0,442.88403137098095,-638.52934730287,0.0,4.205468846728776,662.3089547896959,0.0,0.0,0.0,-39.0047895015681,0.0,0.0,0.0,0.0,0.0,0.0,0.0,0.0,0.0,29.91262394437682,-42.52903048456301,102.61343986018205,0.0,720.5130569330199,720.5130569330199,-720.5130569330199,0.0,0.0,0.0,0.0,0.0,0.0,0.0,0.0,0.0,-111.07844786738326,123.08618272225365,0.0,25.232813080372633,10.791540816383447,0.0,0.0,0.0,189.16007340286336,0.0,0.0,0.0925203146283593,0.0,0.0,0.0,51.30671993009103,0.0,0.0,0.0,0.0,619.2554797858617,0.0,0.0,0.0,0.0,0.0,0.0,0.0,0.0,0.0,0.0,796.082425474605,0.008410937693457545,0.0,0.0,0.0,0.0,0.0,0.0,0.0,0.0,0.0,0.0,0.0,0.0,0.0,0.0,0.0,23.60442067428366,0.0,0.0,0.0,0.0,0.0,0.0,0.0,15.742676729759772,0.0,0.0,0.0,21.583081632766895,739.2064463969059,-1000.0,0.0,0.0,0.0,0.0,50.465626160745266,0.0,0.0,0.0,0.0,0.0,0.0,-50.465626160745266,0.0,21.583081632766895,0.0,0.0,0.0,0.0,0.0,0.0,0.0,0.0,0.0,0.0,1000.0,988.97378376429,848.9747774727584,0.0,-25.232813080372633,0.0,112.82334422488618,0.0,0.0,0.0,0.0,0.0,0.0,0.0,0.0,0.0,0.0,0.0,0.0,0.0,0.0,0.0,0.0,0.0,-10.513672116821933,7.821728834171614,-323.57949649868146,827.5806814870442,0.0,0.0,0.0,0.0,0.0,0.0,-1.0513672116821933,460.30573923978216,0.0,0.0,0.0,0.0,0.0,0.0,0.0,1000.0,25.232813080372633,25.232813080372633,0.0,0.0,0.0,0.0,0.0,0.0925203146283593,23.60442067428366,0.0,0.0,-112.82334422488618,796.0740145369115,0.0,0.0,0.0,0.0,0.0,0.0,0.0,0.0,0.0,0.0,0.0,0.0,0.0,156.3349494234846,0.0,0.0,0.0,0.0,88.31484578130421,0.0,0.0,17.267962840345753,0.0,0.0,0.0,23.60442067428366,0.0,-168.16465097508066,0.0,0.0,0.0,-10.513672116821933,0.0,0.0,0.0,0.0,0.0,0.0,0.0,0.0,0.0,0.0,0.0,0.0,0.0,0.0,0.0,0.0,0.0,0.0,-0.08410937693457544,0.0,0.0,4.205468846728772,-464.4487837264527,0.0,0.0,0.0,0.0,7.821728834171614,0.0,0.0,0.0,-784.118036918507,2.102734423364386,0.0,0.0,0.0,0.08410937693457544,0.0,84.10937693457544,-26.07390684971839,16.82187538691509,0.6007812638183959,234.6651616474655,-0.06308203270093159,662.8411154610229,1.682187538691509,-0.420546884673044,-234.6651616474655,25.232813080372633,-0.08410937693457544,22.68500412232117,140.99985344725653,0.02102734423364386,0.600781263818396,-68.05501236696351,-24.181753624368852,-1.682187538691509,-300.0,-0.08410937693457544,0.02102734423364386,-234.6651616474655,8.410937693457544,0.08410937693457544,0.08410937693457544,-23.427790982720726,-10.699020501755374,0.0,-0.06308203270093159,25.232813080372633,0.08410937693457544,25.232813080372633,-42.05468846728772,-0.04205468846728772,-390.19549489376686,-47.180594229387886,-0.06308203270093159,-0.08410937693457544,-26.07390684971839,0.08410937693457544,8.410937693457544,-1.682187538691509,38.68554715899577,38.68554715899577,-8.410937693457544,300.0,-38.68554715899577,16.82187538691509,0.12616406540186317,-1000.0,8.410937693457544,-185.48149147518197,140.99985344725653,-16.82187538691509,0.04205468846728772,0.8410937693457545,40.73872378955666,40.42629606119875,-0.08410937693457544,-42.52903048456301,23.427790982720726,26.07390684971839,0.08410937693457544,24.181753624368852,40.068601125765895,140.99985344725653,-0.08410937693457544,-0.02102734423364386,-140.99985344725653,-0.08410937693457544,-66.02385433114493,0.08410937693463229,-0.02102734423364386,-0.02102734423364386,-0.02102734423364386,33.64375077383018,42.05468846728772,0.8410937693457545,368.3198864645207,-0.02102734423364386,58.79244345679214,4.205468846728772,37.217396012301236,0.08410937693457544,0.04205468846728772,0.04205468846728772,75.0,26.07390684971839,0.08410937693457544,-26.07390684971839,0.8410937693457545,0.08410937693457544,-980.3305901207509,0.08410937693457544,0.33643750773840964,0.420546884673044,0.04205468846728772,0.02102734423364386,25.232813080372633,-0.08410937693457544,0.0,0.8410937693457545,-736.6397729290414,660.7383810376585,-8.410937693457544,16.82187538691509,4.205468846728772,-0.08410937693457544,68.05501236696351,0.12616406540186317,-0.08410937693457544,-150.0,26.07390684971839,158.7622633358389,0.04205468846728772,-74.43479202460247,-0.08410937693457544,-0.08410937693463229,-0.08410937693457544,0.04205468846728772,234.6651616474655,-16.82187538691509,0.08410937693457544,81.47744757911332,-0.02102734423364386,10.699020501755374,-81.47744757911332,12.616406540186315,47.180594229387886,674.664581409322,234.6651616474655,-0.06308203270093159,42.52903048456301,-40.42629606119875,0.08410937693457544,-0.021027344233643865,4.205468846728776,84.10937693457544,-0.04205468846728772,-0.08410937693457544,0.02102734423364386,0.0,0.0,820.8003059266164,612.0107036562301,-255.0,0.0,347.1007694403081,-140.0,0.0,257.5517978659177,-255.0,-325.0,-179.1576393849163,-128.77589893295885,127.5,127.5,0.0,70.0,-23.60442067428366,-347.92233673870226,179.1576393849163,325.0,-347.92233673870226,-347.1007694403081,149.31061531054235,0.0,1496.5981,hplb
69,0.0,0.0,0.0,0.0,0.0,0.0,0.0,0.0,-0.11727751419614055,0.0,0.0,0.0,0.0,0.0,0.0,0.0,-9.795890208396827,273.0736483566181,0.0,0.0,0.0,0.0,0.0,702.306599331995,0.0,0.0,0.0,0.0,0.0,-417.42054036174125,0.0,0.0,137.4081669362654,0.0,0.0,0.0,0.0,707.1591614417512,0.0,-904.2532072338065,1000.0,0.0,0.0,94.09797754541057,0.0,0.0,0.0,15.012885707327221,333.1184530247275,0.0,0.0,0.0,0.0,0.12900526561564324,0.0,0.0,0.0,0.0,0.0,0.0,79.73453150234945,0.0,190.4537822553192,0.0,166.261122365447,0.0,0.0,0.0,732.3540914513244,0.0,0.0,1.1727751419614056,0.0,0.0,0.0,0.0,0.0,0.0,0.0,0.0,0.0,0.0,544.0118078564047,0.0,70.36650851768434,0.0,0.0,666.1989221656106,-0.6826248096619127,122.05630685198457,-0.029319378549035137,0.0,0.0,263.614731304237,35.18325425884217,0.0,35.18325425884217,-3.77633595711427,0.0,0.0,544.0118078564047,35.33662065525175,-1000.0,0.0,0.0,0.0,535.9343058716103,0.0,0.0,0.0,0.0,0.0,0.0,0.0,0.0,0.0,0.0,0.0,0.0,0.0,0.0,0.0,0.0,0.0,-727.9512575526564,0.0,0.0,35.18325425884217,0.0,36.35602940080357,0.0,0.0,-1000.0,1000.0,0.0,0.0,-270.18831375766865,-812.5000000000008,812.5000000000008,0.0,0.0,0.0,0.0,0.0,0.0,-534.9814392633019,0.11727751419614055,0.0,0.0,0.0,-836.6799302180868,-190.16464969695573,0.0,0.0,0.0,0.0,567.4492594037732,0.0,0.0,0.0,0.0,0.0,-153.60936105823555,-153.60936105823555,0.0,0.0,0.0,874.9999999999999,562.4999999991331,0.0,0.0,-153.4920835440394,0.0,0.0,0.0,-295.84226947926186,-438.21894612561255,0.0,0.0,0.0,0.0,0.0,0.0,0.0,0.0,0.0,0.0,0.0,0.0,0.0,0.0,-1000.0,0.0,0.0,0.0,0.0,0.0,0.0,0.0,0.6826248096619127,-0.6826248096619127,0.0,0.0,0.0,0.0,0.0,0.0,0.0,582.5794596382588,-222.2049180703133,0.0,0.0,0.0,0.0,0.0,0.0,0.0,0.0,0.0,0.0,0.0,0.0,0.0,89.83187250134048,437.8212797218886,94.09797754541057,0.0,0.0,0.0,270.18831375766865,158.1549710661898,0.0,0.0,0.0,0.0,79.73453150234945,0.0,0.0,0.0,0.0,0.0,0.0,0.0,0.0,0.0,0.0,38.46838854655533,0.0,0.0,112.08450037229356,110.71925075296974,1000.0,0.0,-94.09797754541057,0.0,0.0,270.18831375766865,0.0,0.0,0.0,0.0,-393.1721198774201,0.0,0.0,-1000.0,0.0,148.0158837231238,-1000.0,0.0,148.0158837231238,0.0,0.0,-725.5611020240582,0.0,0.0,169.0492935410423,0.0,0.0,0.0,-174.60261276184414,0.0,174.60261276184414,0.0,35.780713997013436,0.0,270.18831375766865,909.3990433477472,874.9999999999999,0.0,0.0,79.73453150234945,-0.1759162712942108,0.0,0.0,0.0,0.0,0.11727751419614055,0.0,0.0,0.0,806.661774674968,-9.795890208396827,0.0,-636.9733065702144,932.2946199441452,438.21894612561255,908.9842598699806,0.0,276.2220626376411,0.0,0.0,0.0,0.0,0.0,-10.097593972287589,-108.21029580025026,-157.91417286510324,-1000.0,-1000.0,0.0,0.0,0.0,0.0,0.0,0.0,0.0,0.0,0.0,0.0,0.0,0.0,0.0,0.0,0.0,0.0,0.0,-292.37172850146374,0.0,-1000.0,0.0,0.0,0.0,1000.0,0.0,0.0,804.954430130307,0.0,0.0,0.0,0.0,29.472744945444802,375.85620434892587,0.0,0.0,-2.9319378549035138,-1000.0,0.0,-4.483796820316362,0.0,0.0,0.0,-520.6002481825294,1000.0,0.0,-1.3800788894906653,-161.51474292429467,0.0,698.3265393467544,-365.68031189472464,0.0,35.18325425884217,0.0,0.0,0.0,148.13186806740666,0.0,0.0,0.0,-89.83187250134048,89.83187250134048,89.83187250134048,83.41262909336524,0.0,0.0,-189.50735256944515,0.0,0.0,582.5794596382588,0.0,0.0,-110.71925075296974,0.0,0.0,126.19899438886162,0.0,0.0,0.0,0.0,-88.27224858038595,0.23455502839237852,0.0,0.0,0.0,0.0,0.0,0.0,0.0,0.0,0.0,732.3540914513244,0.0,0.0,0.0,0.0,0.0,0.0,0.0,0.0,0.0,0.12900526561564324,0.12900526561564324,0.0,255.15817855670298,0.0,70.36650851768434,0.0,0.0,0.0,1000.0,0.0,0.0,0.0,0.0,0.0,689.3480822931508,-1000.0,0.0,0.0,138.62941578536436,0.0,0.0,126.19899438886162,0.0,0.0,0.0,0.0,0.0,0.0,0.0,242.6504191842188,-806.661774674968,490.91027404343237,0.0,9.030368593102821,0.0,-637.0298241000471,900.6445554042841,742.4895843380943,0.0,689.3480822931508,0.0,601.0758337127648,0.0,0.0,0.0,89.83187250134048,0.0,0.0,0.0,0.0,0.0,0.0,0.0,0.0,0.0,0.0,0.0,0.0,0.0,70.36650851768434,270.18831375766865,270.18831375766865,0.0,0.0,0.0,0.0,0.0,0.0,0.0,0.0,0.0,0.0,1.1727751419614056,0.0,0.0,0.0,0.0,0.0,0.0,0.0,0.0,35.18325425884217,-138.62941578536436,0.0,0.0,0.0,0.0,0.0,0.0,0.0,0.0,0.0,761.7676629196595,0.0,0.0,35.18325425884217,35.18325425884217,1000.0,-1000.0,0.0,126.19899438886162,0.0,0.0,0.0,0.0,0.0,1000.0,582.5794596382588,812.0586291666131,0.11727751419614055,0.0,0.0,-285.32131220739797,440.20302363400106,0.0,0.0,-263.614731304237,0.0,0.0,0.0,0.0,0.0,0.0,0.0,0.0,0.0,0.0,0.0,0.0,0.0,0.0,0.11727751419614055,0.0,0.0,0.0,0.0,0.0,0.0,0.0,0.0,0.0,0.0,804.954430130307,0.0,0.0,-707.6282714985363,-8.795813564710542,0.0,-5.8638757098070275,0.0,-937.5,-937.5,937.5,0.0,0.0,0.0,0.0,0.0,0.0,0.0,270.18831375766865,438.21894612561255,0.0,0.0,704.1904150565615,0.0,0.0,0.0,-0.11727751419614055,0.0,0.0,0.11727751419614055,0.0,0.11727751419614055,0.0,0.0,0.0,70.36650851768434,143.07856731929147,143.07856731929147,0.0,0.0,0.0,0.0,0.0,0.0,0.0,490.91027404343237,0.0,582.5794596382588,0.0,0.0,0.0,0.0,0.0,0.0,0.0,0.0,0.0,0.0,0.0,0.0,0.0,0.0,0.0,0.0,0.0,158.1549710661898,0.0,0.0,0.0,0.1759162712942108,0.0,0.0,0.0,-35.18325425884217,0.0,0.0,0.0,0.0,0.0,-255.15817855670298,5.8638757098070275,0.0,0.0,0.0,-875.0,-562.4999999991331,-3.77633595711427,-5.8638757098070275,0.0,0.0,0.0,0.0,0.0,0.0,0.0,270.18831375766865,0.0,138.62941578536436,0.0,165.3263060553625,0.0,792.4547712042042,0.0,0.0,801.1780941731927,0.0,-801.1780941731927,0.0,-143.07856731929147,0.0,5.8638757098070275,544.1892133252792,0.0,0.0,0.0,-110.71925075296974,0.0,0.0,0.0,0.0,0.0,-269.97299086700497,0.0,0.0,0.0,263.95399212141353,-281.54561925083476,143.07856731929147,0.0,575.2674092440267,575.2674092440267,-575.2674092440267,0.0,0.0,0.0,0.0,0.0,0.0,0.0,0.0,0.0,-887.2358028779274,-796.5198176933013,0.0,35.18325425884217,0.0,0.0,0.0,0.0,40.49816783256534,0.0,0.0,0.12900526561564324,0.0,0.0,0.0,71.53928365964573,0.0,0.0,0.0,0.0,437.8212797218886,0.0,535.9343058716103,0.0,0.0,0.0,0.0,0.0,0.0,0.0,0.0,0.011727751419614055,0.011727751419614055,0.0,0.0,0.0,0.0,0.0,0.0,0.0,0.0,0.0,-285.32131220739797,0.0,0.0,0.0,0.0,0.0,255.15817855670298,0.0,0.0,0.0,0.0,0.0,0.0,0.0,0.0,0.0,0.0,0.0,0.0,-412.0344294161242,0.0,273.0736483566181,0.0,0.0,0.0,70.36650851768434,0.0,0.0,0.0,0.0,0.0,0.0,-70.36650851768434,0.0,0.0,0.0,0.0,0.0,0.0,0.0,0.0,0.0,0.0,0.0,0.0,-812.0586291666131,-1000.0,80.33509722435628,0.0,-35.18325425884217,0.0,707.1591614417512,0.0,0.0,0.0,0.0,0.0,0.0,0.0,0.0,0.0,0.0,0.0,0.0,0.0,0.0,0.0,0.0,0.0,-14.65968927451757,270.18831375766865,-38.268558510155344,272.7498056861241,0.0,0.0,0.0,0.0,0.0,-1.465968927451757,0.0,110.71925075296974,0.0,0.0,0.0,0.0,0.0,0.0,0.0,1000.0,35.18325425884217,35.18325425884217,0.0,0.0,0.0,0.0,0.0,0.12900526561564324,255.15817855670298,0.0,0.0,-707.1591614417512,0.0,0.0,0.0,0.0,0.0,0.0,0.0,0.0,0.0,0.0,0.0,0.0,0.0,0.0,0.0,0.0,0.0,0.0,0.0,123.14138990594759,0.0,0.0,9.030368593102821,0.0,0.0,0.0,255.15817855670298,0.0,0.0,0.0,0.0,0.0,-14.65968927451757,0.0,0.0,0.0,0.0,0.0,0.0,0.0,0.0,0.0,0.0,0.0,0.0,0.0,0.0,0.0,0.0,0.0,0.0,-0.11727751419614055,0.0,0.0,5.8638757098070275,-689.3480822931508,0.0,0.0,0.0,0.0,270.18831375766865,0.0,0.0,0.0,10.097593972287589,2.9319378549035138,0.0,0.0,0.0,0.11727751419614055,0.0,117.27751419614054,-36.35602940080357,23.455502839228114,0.8376965299724325,327.2042646072321,-0.0879581356471054,520.6002481825294,2.3455502839228113,-0.5863875709812874,-327.2042646072321,35.18325425884217,-0.11727751419614055,0.0,126.19899438886162,0.029319378549035137,0.8376965299724325,0.0,-18.670580260024117,-2.3455502839228113,-263.27775814822127,-0.11727751419614055,0.029319378549035137,-327.2042646072321,11.727751419614055,0.11727751419614055,0.11727751419614055,-254.9118957768912,0.1290052656157546,-225.68041551665135,-0.0879581356471054,35.18325425884217,0.11727751419614055,35.18325425884217,-58.63875709807028,-0.058638757098070274,-341.7688438871219,-170.0,-0.0879581356471054,-0.11727751419614055,-36.35602940080357,0.11727751419614055,11.727751419614055,-2.3455502839228113,158.1549710661898,158.1549710661898,-11.727751419614055,263.27775814822127,-158.1549710661898,23.45550283922811,0.1759162712942108,-1000.0,11.727751419614055,-242.6504191842188,126.19899438886162,-23.45550283922811,0.058638757098070274,1.1727751419614056,159.2433266425536,188.7818088945906,-0.11727751419614055,-281.54561925083476,254.9118957768912,36.35602940080357,0.11727751419614055,18.670580260024117,-14.534022646506969,126.19899438886162,-0.11727751419614055,-0.029319378549035137,-126.19899438886162,-0.11727751419614055,-624.2065544519962,0.11727751419648161,-0.029319378549035137,-0.029319378549035137,-0.029319378549035137,46.91100567845622,58.63875709807028,1.1727751419614056,86.88797833006467,-0.029319378549035137,318.4866532851072,5.8638757098070275,50.0,0.11727751419614055,0.058638757098070274,0.058638757098070274,-60.266908264789464,36.35602940080357,0.11727751419614055,-36.35602940080357,1.1727751419614056,0.11727751419614055,-86.88797833006467,0.11727751419614055,0.4691100567850981,0.5863875709812874,0.058638757098070274,0.029319378549035137,35.18325425884217,-0.11727751419614055,225.68041551665135,1.1727751419614056,-173.77595666012934,517.6683103276259,-11.727751419614055,23.45550283922811,5.8638757098070275,-0.11727751419614055,0.0,0.1759162712942108,-0.11727751419614055,120.53381652957893,36.35602940080357,198.60913804654334,0.058638757098070274,-100.0,-0.11727751419614055,-0.11727751419648161,-0.11727751419614055,0.058638757098070274,327.2042646072321,-23.45550283922811,0.11727751419614055,318.4866532851072,-0.029319378549035137,-0.1290052656157546,-318.4866532851072,17.59162712942108,170.0,433.5641227012862,327.2042646072321,-0.0879581356471054,281.54561925083476,-188.7818088945906,0.11727751419614055,-0.029319378549035144,5.8638757098070275,117.27751419614054,-0.058638757098070274,-0.11727751419614055,0.029319378549035137,0.0,0.0,877.8850543909174,0.0,-255.0,0.0,515.2677145996552,-140.0,0.0,-80.0,-255.0,-325.0,-122.05630685198457,40.0,127.5,127.5,0.0,70.0,-255.15817855670298,-239.10730587910868,122.05630685198457,325.0,-239.10730587910868,-515.2677145996552,259.03699291327405,0.0,1496.5981,hplb
70,0.0,0.0,0.0,0.0,0.0,0.0,0.0,0.0,-0.11229190331123073,0.0,0.0,0.0,0.0,0.0,0.0,0.0,-480.6651634251289,767.2044945920527,0.0,0.0,0.0,0.0,0.0,21.20753674334602,0.0,0.0,0.0,0.0,0.0,-194.29427011317202,0.0,0.0,0.0,0.0,0.0,0.0,0.0,-32.13172716071108,0.0,-1000.0,-62.69833759939042,0.0,0.0,-32.04837965032897,0.0,0.0,0.0,0.0,674.9594335383009,-560.7335302472866,0.0,0.0,0.0,0.12352109364226539,0.0,0.0,0.0,0.0,0.0,0.0,-36.67023991504268,0.0,74.06725539746051,0.0,924.5490937804198,0.0,0.0,0.0,0.0,0.0,0.0,1.1229190331123073,0.0,0.0,0.0,0.0,0.0,0.0,0.0,0.0,0.0,0.0,0.0,0.0,67.37514198673844,0.0,39.24673812424044,-434.54263289825303,-240.41680064004788,480.83360128009576,-0.028072975827807684,0.0,0.0,0.0,33.68757099336922,0.0,33.68757099336922,0.0,0.0,0.0,0.0,5.6145951655615365,-194.29427011317202,0.0,0.0,-41.252915225186776,0.0,0.0,0.0,0.0,0.0,0.0,0.0,0.0,0.0,0.0,0.0,0.0,0.0,0.0,0.0,0.0,0.0,0.0,-759.8282273695418,0.0,0.0,33.68757099336922,0.0,34.81049002648153,0.2055626853261714,0.0,791.1078701655673,0.0,-791.1078701655673,791.1078701655673,-1000.0,0.0,0.0,962.6029845175822,0.0,0.0,0.0,0.0,0.0,47.89321467920522,0.11229190331123073,0.0,0.0,0.0,0.0,0.0,0.0,0.0,0.0,0.0,274.3469662585712,0.0,0.0,0.0,0.0,0.0,598.2688092904156,598.2688092904156,0.0,0.0,0.0,-937.5,56.75300315692719,0.0,0.0,598.3811011937267,0.0,0.0,0.0,48.76494957082923,0.0,0.0,0.0,0.0,0.0,0.0,0.0,0.0,0.0,0.0,0.0,0.0,0.0,0.0,0.0,-1000.0,0.0,0.0,0.0,0.0,0.0,560.7335302472866,0.0,-240.41680064004788,240.41680064004788,37.39701548241783,0.0,0.0,0.0,0.0,0.0,0.0,0.0,-711.49486857615,0.0,0.0,0.0,0.0,0.0,0.0,0.0,0.0,0.0,0.0,0.0,0.0,0.0,31.811687704423196,-55.08323867550771,0.0,0.0,0.0,0.0,0.0,158.6585177655657,0.0,0.0,0.0,0.0,-36.67023991504268,32.04837965032897,0.0,0.0,476.0915749043248,0.0,0.0,0.0,0.0,0.0,450.5084555617563,22.458380662246146,0.0,0.0,0.0,0.0,0.0,0.0,0.0,0.0,0.0,37.39701548241783,136.9961220397015,0.0,0.0,0.0,236.96057191200106,0.0,0.0,-344.84095896047165,375.0000000000038,0.0,-1000.0,280.15904103952454,-655.1590410395283,-480.83360128009576,0.0,286.37089331195693,560.7335302472866,0.0,117.65000236100258,0.0,0.0,0.0,-1000.0,0.0,1000.0,0.0,1000.0,0.0,0.0,-499.939247396426,-937.5,0.0,0.0,-36.67023991504268,-0.1684378549668461,0.0,0.0,0.0,0.0,0.11229190331123073,0.0,0.0,0.0,319.74844019689095,-480.6651634251289,0.0,-450.5356887922679,118.85819135982001,0.0,-156.55238594377505,0.0,-168.26910859938465,0.0,-41.252915225186776,0.0,0.0,0.0,-9.668332875096876,0.0,177.93744147448152,-215.68523770187576,-1000.0,0.0,0.0,0.0,0.0,0.0,0.0,0.0,0.0,0.0,0.0,0.0,0.0,0.0,0.0,0.0,0.0,476.0915749043248,-1000.0,0.0,-968.317440452534,0.0,0.0,446.89265627513737,0.0,0.0,0.0,-498.40167024096155,0.0,0.0,0.0,0.0,0.0,0.0,0.0,-284.47260634875164,344.8680490248043,0.0,0.0,-803.3092535130157,0.0,-329.13848928305373,0.0,278.8580111831901,0.0,-347.6753466075851,797.6946583474542,188.00508605336358,0.0,0.0,319.79744475741415,-147.78376811713565,33.68757099336922,0.0,0.0,0.0,0.0,0.0,0.0,0.0,-31.811687704423196,31.811687704423196,31.811687704423196,-241.1127554123765,0.0,0.0,-519.583696985617,0.0,0.0,0.0,0.0,0.0,-32.24401906402231,0.0,0.0,127.54161933775386,0.0,0.0,0.0,0.0,-88.77080966887692,0.22458380662273592,0.0,0.0,0.0,0.0,0.0,0.0,0.0,0.0,0.0,0.0,0.0,0.0,0.0,0.0,0.0,0.0,0.0,0.0,0.0,0.12352109364226539,0.12352109364226539,0.0,289.35330704217705,0.0,67.37514198673844,0.0,0.0,0.0,1000.0,0.0,0.0,39.24673812424044,0.0,0.0,269.81715269899735,-1000.0,0.0,0.0,0.0,0.0,0.0,127.54161933775386,0.0,0.0,0.0,0.0,0.0,0.0,0.0,253.27607578984725,-319.74844019689095,0.0,0.0,47.89321467920522,0.0,-196.05553324798353,196.05553324798353,0.0,0.0,269.81715269899735,0.0,0.0,181.04634303012043,0.0,0.0,31.811687704423196,0.0,0.0,0.0,0.0,0.0,0.0,0.0,0.0,0.0,0.0,0.0,0.0,0.0,67.37514198673844,37.39701548241783,37.39701548241783,0.0,0.0,0.0,0.0,0.0,0.0,0.0,0.0,0.0,0.0,1.1229190331123073,0.0,0.0,39.24673812424044,-39.24673812424044,0.0,0.0,0.0,0.0,33.68757099336922,0.0,0.0,0.0,0.0,0.0,0.0,0.0,0.0,0.0,0.0,240.00902826224444,0.0,0.0,33.68757099336922,33.68757099336922,1000.0,-1000.0,0.0,127.54161933775386,0.0,0.0,0.0,0.0,0.0,-590.0204921849522,0.0,-264.84388505827627,0.11229190331123073,0.0,0.0,147.47524928164853,0.0,0.0,0.0,0.0,0.0,0.0,0.0,0.0,0.0,0.0,0.0,0.0,0.0,0.0,0.0,0.0,0.0,0.0,0.11229190331123073,0.0,0.0,0.0,1000.0,-1000.0,0.0,0.0,0.0,0.0,-51.50901396582418,0.0,0.0,0.0,31.682559547466006,-8.421892748342305,-5.614595165561541,0.0,0.0,0.0,0.0,0.0,0.0,0.0,0.0,0.0,0.0,0.0,0.0,37.39701548241783,0.0,0.0,0.0,-142.1691729515741,0.0,0.0,0.0,-0.11229190331123073,0.0,0.0,0.11229190331123073,0.0,0.11229190331123073,0.0,0.0,0.0,67.37514198673844,136.9961220397015,136.9961220397015,0.0,0.0,0.0,0.0,0.0,0.0,0.0,0.0,0.0,0.0,0.0,0.0,0.0,0.0,0.0,0.0,0.0,0.0,0.0,0.0,0.0,0.0,0.0,0.0,0.0,0.0,0.0,196.05553324798353,0.0,0.0,0.0,0.1684378549668461,0.0,0.0,0.0,-33.68757099336922,0.0,0.0,0.0,0.0,0.0,-289.35330704217705,5.6145951655615365,0.0,0.0,0.0,937.5,-56.75300315692719,446.89265627513737,0.0,0.0,0.0,0.0,0.0,0.0,0.0,0.0,37.39701548241783,0.0,0.0,1000.0,257.54161933775384,0.0,302.54161933775384,-41.252915225186776,0.0,0.0,0.0,0.0,0.0,0.0,0.0,5.614595165561541,1000.0,0.0,0.0,0.0,-110.73749531250319,562.5000000000006,-562.5000000000006,595.6715084049732,-595.6715084049732,0.0,0.0,0.0,0.0,0.0,297.77519979051937,-314.6189852872039,136.9961220397015,0.0,0.0,0.0,0.0,0.0,0.0,0.0,0.0,0.0,450.5084555617563,0.0,0.0,0.0,-147.47524928164853,96.02176028085559,0.0,33.68757099336922,39.24673812424044,0.0,0.0,0.0,62.01191470675005,0.0,0.0,0.12352109364226539,0.0,0.0,0.0,68.49806101985075,0.0,0.0,0.0,0.0,-55.08323867550771,0.0,0.0,0.0,0.0,0.0,0.0,0.0,0.0,0.0,0.0,0.011229190331123073,0.011229190331123073,0.0,0.0,0.0,0.0,0.0,0.0,0.0,0.0,0.0,147.47524928164853,0.0,0.0,0.0,0.0,0.0,289.35330704217705,0.0,0.0,0.0,0.0,0.0,0.0,0.0,560.7335302472866,0.0,0.0,0.0,78.49347624848087,0.0,0.0,767.2044945920527,0.0,0.0,0.0,67.37514198673844,0.0,0.0,0.0,0.0,0.0,0.0,-67.37514198673844,0.0,78.49347624848087,0.0,0.0,0.0,0.0,0.0,0.0,0.0,0.0,0.0,0.0,264.84388505827627,-1000.0,76.91995376819308,-33.68757099336922,0.0,0.0,-32.13172716071108,0.0,0.0,0.0,0.0,0.0,0.0,0.0,0.0,0.0,0.0,0.0,0.0,0.0,0.0,0.0,0.0,0.0,-14.036487913903846,37.39701548241783,-8.421892748342305,306.1970925388616,0.0,0.0,0.0,0.0,0.0,-1.4036487913903843,0.0,32.24401906402231,0.0,0.0,0.0,0.0,0.0,0.0,0.0,1000.0,33.68757099336922,33.68757099336922,0.0,0.0,0.0,0.0,0.0,0.12352109364226539,289.35330704217705,0.0,0.0,32.13172716071108,0.0,0.0,0.0,0.0,0.0,0.0,0.0,0.0,0.0,0.0,0.0,0.0,0.0,0.0,0.0,0.0,0.0,0.2055626853261714,0.0,117.90649847679228,0.0,0.0,47.89321467920522,0.0,0.0,0.0,289.35330704217705,0.0,-5.614595165561541,0.0,0.0,0.0,-14.036487913903846,0.0,0.0,0.0,0.0,0.0,0.0,0.0,0.0,0.0,0.0,0.0,0.0,0.0,0.0,0.0,0.0,0.0,0.0,-0.11229190331123073,0.0,0.0,5.6145951655615365,-269.81715269899735,0.0,0.0,0.0,0.0,37.39701548241783,0.0,0.0,0.0,9.668332875096876,2.8072975827807682,0.0,0.0,0.0,0.11229190331123073,0.0,112.29190331123073,-34.60492734115536,22.458380662246146,0.802085023651648,313.7055356089861,-0.08421892748342305,5.614595165561514,2.2458380662246147,-0.5614595165563045,-313.7055356089861,33.68757099336922,-0.11229190331123085,13.750971741728925,127.54161933775386,0.028072975827807684,0.802085023651648,-41.252915225186776,-57.12360913138572,-2.2458380662246147,-286.5393311669238,-0.11229190331123073,0.028072975827807684,-313.7055356089861,11.229190331123073,0.11229190331123085,0.11229190331123073,-289.11749404522357,-39.123217030598084,-6.2649792185033775,-0.08421892748342305,33.68757099336922,0.11229190331123073,33.68757099336922,-56.14595165561536,-0.05614595165561537,-185.57615658969425,-170.0,-0.08421892748342305,-0.11229190331123073,-34.60492734115536,0.11229190331123073,11.229190331123073,-2.2458380662246147,196.05553324798353,196.05553324798353,-11.229190331123073,286.5393311669238,-196.05553324798353,22.458380662246146,0.1684378549668461,205.56557160297154,11.229190331123073,-253.27607578984725,127.54161933775386,-22.458380662246146,0.05614595165561537,1.1229190331123073,112.63392219806697,280.0,-0.11229190331123073,-314.6189852872039,289.11749404522357,34.81049002648153,0.11229190331123073,57.12360913138572,-7.208664635722883,127.54161933775386,-0.11229190331123073,-0.028072975827807684,-127.54161933775386,-0.11229190331123073,-88.77080966887692,0.11229190331113159,-0.028072975827807684,-0.028072975827807684,-0.028072975827807684,44.91676132449229,56.14595165561536,1.1229190331123073,83.19426386570474,-0.028072975827807684,211.516872654405,5.6145951655615365,50.0,0.11229190331123073,0.05614595165561537,0.05614595165561537,75.0,34.60492734115536,0.11229190331123073,-34.60492734115536,1.1229190331123073,0.11229190331123073,-83.19426386570474,0.11229190331123073,0.4491676132450729,0.5614595165563045,0.05614595165561537,0.028072975827807684,33.68757099336922,-0.11229190331123073,6.2649792185033775,1.1229190331123073,-166.38852773140948,2.807297582780791,-11.229190331123073,22.458380662246146,5.6145951655615365,-0.11229190331123073,41.252915225186776,0.1684378549668461,-0.11229190331123073,-150.0,34.60492734115536,157.89808656645533,0.05614595165561537,-100.0,-0.11229190331123073,-0.11229190331113159,-0.11229190331123073,0.05614595165561537,313.7055356089861,-22.458380662246146,0.11229190331123073,225.26784439613394,-0.028072975827807684,39.123217030598084,-225.26784439613394,16.843785496684607,170.0,-556.186289606927,313.7055356089861,-0.08421892748342305,314.6189852872039,-280.0,0.11229190331123073,-0.028072975827807684,5.614595165561541,112.29190331123073,-0.05614595165561537,-0.11229190331123073,0.028072975827807684,409.61579680172235,0.0,-205.62171755462717,0.0,-255.0,0.0,559.6580217892591,-43.73456628836489,0.0,-80.0,259.9072899753172,-325.0,0.0,40.0,127.5,-129.9536449876586,0.0,21.867283144182444,-289.35330704217705,-219.91000127320538,0.0,325.0,-219.91000127320538,-559.6580217892591,277.8187480469295,0.0,1496.5981,hplb
71,0.0,0.0,0.0,0.0,0.0,0.0,0.0,0.0,-0.09912290363722419,0.0,0.0,0.0,0.0,0.0,0.0,0.0,279.2859332779389,679.7756076390767,0.0,-864.9741982011748,0.0,0.0,0.0,0.0,0.0,642.1883297647914,0.0,0.0,0.0,-560.3524080289715,0.0,0.0,89.28052822125913,0.0,0.0,0.0,0.0,75.41860760642828,0.0,-293.1364184552976,1000.0,0.0,0.0,0.0,0.0,0.0,52.810224390982626,0.0,281.0664747510326,0.0,0.0,0.0,0.0,0.10903519400104464,0.0,0.0,0.0,19.82458072744484,0.0,0.0,-0.694877271377064,0.0,-724.4968890420014,-749.2954056402025,677.0726475866346,0.0,0.0,0.0,562.9469774650189,0.0,0.0,0.9912290363722419,0.0,0.0,0.0,0.0,0.0,0.0,0.0,77.63278204415535,0.0,0.0,-51.113415603416094,0.0,59.47374218233452,0.0,0.0,0.0,-718.9335252489674,197.48465059225836,-0.02478072590930605,0.0,0.0,907.9405606694322,29.73687109116726,0.0,29.73687109116726,-3.1917574971189975,0.0,0.0,0.0,834.3118857164502,-1000.0,0.0,0.0,-48.52885560835812,757.8872672482146,0.0,0.0,0.0,0.0,0.0,0.0,0.0,0.0,0.0,0.0,0.0,0.0,0.0,0.0,0.0,0.0,0.0,-1000.0,0.0,0.0,29.73687109116726,0.0,30.728100127539502,0.0,0.0,0.0,0.0,0.0,0.0,-937.5000000000009,0.0,0.0,913.3963606731769,0.0,0.0,0.0,0.0,0.0,58.74587918348235,0.09912290363722419,0.0,0.0,0.0,-222.3816243928211,-1000.0,0.0,0.0,286.4084079670636,0.0,381.65190106836246,0.0,0.0,0.0,0.0,0.0,-640.990337997293,-640.990337997293,0.0,0.0,0.0,0.0,-801.4178509704243,0.0,0.0,-640.8912150936558,0.0,0.0,0.0,0.0,-374.2853825926856,0.0,0.0,0.0,0.0,0.0,0.0,0.0,0.0,0.0,0.0,0.0,0.0,0.0,0.0,-1000.0,0.0,0.0,0.0,0.0,0.0,0.0,0.0,718.9335252489674,-718.9335252489674,0.0,0.0,0.0,0.0,0.0,0.0,0.0,439.6475919710285,1000.0,0.0,0.0,0.0,0.0,0.0,0.0,0.0,0.0,0.0,0.0,0.0,0.0,0.0,0.0,404.1435185994962,0.0,0.0,0.0,0.0,24.10363932682398,0.0,0.0,0.0,0.0,0.0,-0.694877271377064,0.0,0.0,0.0,0.0,0.0,0.0,0.0,0.0,0.0,0.0,0.0,0.0,0.0,476.6218995147414,-961.2451509831933,1000.0,0.0,0.0,0.0,0.0,24.10363932682398,-10.110536170996868,0.0,0.0,0.0,-237.84827906602686,0.0,0.0,-870.7674060542897,0.0,0.0,-870.7674060542897,0.0,0.0,0.0,0.0,252.66845993583672,0.0,0.0,276.5529011478555,0.0,0.0,0.0,159.14713035342606,0.0,-159.14713035342606,0.0,-588.2792365099476,0.0,24.10363932682398,0.0,0.0,0.0,0.0,-0.694877271377064,-0.1486843554558363,0.0,0.0,0.0,0.0,0.09912290363722419,0.0,0.0,0.0,970.2631289088328,279.2859332779389,0.0,-197.01421214580128,1000.0,374.2853825926856,875.4578124917882,0.0,0.0,0.0,-48.52885560835812,0.0,0.0,0.0,-8.534482003165099,0.0,8.534482003165099,-1000.0,-1000.0,0.0,0.0,0.0,0.0,0.0,0.0,0.0,0.0,0.0,0.0,0.0,0.0,0.0,0.0,0.0,0.0,0.0,-32.24133022842246,0.0,-1000.0,0.0,891.9435705506002,0.0,0.0,299.8369132572554,0.0,325.2836498588316,0.0,51.113415603416,0.0,0.0,829.355740534589,-562.9469774650189,938.1820861777492,365.34969632805434,-269.39998427224896,0.0,-443.23337217771063,0.0,0.0,-142.00347175068748,-938.1820861777492,-784.9837117772101,1000.0,266.92191168131836,-4.95614518186121,0.0,0.0,1000.0,0.0,-110.04259658179618,29.736871091167245,0.0,0.0,0.0,0.0,0.0,0.0,0.0,0.0,0.0,0.0,182.45117400799904,0.0,0.0,0.0,0.0,0.0,439.6475919710285,0.0,0.0,-25.493393869578085,0.0,0.0,154.27905859937914,0.0,0.0,0.0,0.0,-90.08770963627758,0.19824580727451457,0.0,0.0,0.0,0.0,0.0,0.0,0.0,0.0,0.0,562.9469774650189,0.0,0.0,0.0,0.0,0.0,0.0,0.0,0.0,0.0,0.10903519400104464,0.10903519400104464,0.0,66.0978241392312,0.0,59.47374218233452,0.0,0.0,0.0,1000.0,0.0,0.0,0.0,0.0,0.0,560.4945763258912,-1000.0,0.0,0.0,0.0,0.0,0.0,154.27905859937914,0.0,0.0,0.0,0.0,0.0,0.0,0.0,333.3333333333333,-970.2631289088328,464.4943571446065,0.0,7.632463580066258,0.0,907.9405606694322,0.0,0.0,0.0,560.4945763258912,0.0,470.40686668961365,0.0,0.0,0.0,0.0,0.0,0.0,0.0,0.0,0.0,0.0,0.0,0.0,0.0,0.0,0.0,0.0,0.0,59.47374218233452,24.10363932682401,24.10363932682398,0.0,0.0,0.0,0.0,0.0,0.0,0.0,0.0,0.0,0.0,0.9912290363722419,0.0,0.0,0.0,0.0,0.0,0.0,0.0,0.0,29.73687109116726,0.0,0.0,0.0,0.0,0.0,0.0,0.0,0.0,0.0,0.0,0.0,0.0,0.0,29.73687109116726,29.73687109116726,-254.91783333157,-1000.0,0.0,154.27905859937914,0.0,0.0,0.0,0.0,0.0,1000.0,439.6475919710285,799.4397233904638,0.09912290363722419,0.0,0.0,0.0,130.9059546677599,0.0,0.0,-907.9405606694322,0.0,0.0,0.0,0.0,0.0,0.0,0.0,0.0,0.0,0.0,0.0,0.0,0.0,0.0,0.09912290363722419,0.0,0.0,0.0,0.0,0.0,0.0,0.0,0.0,891.9435705506002,0.0,1000.0,-286.4084079670636,-623.6029345377524,-967.7586697715775,-7.434217772791813,-4.95614518186121,0.0,0.0,0.0,0.0,0.0,0.0,0.0,0.0,0.0,0.0,0.0,0.0,24.10363932682401,374.2853825926856,0.0,0.0,894.913548600065,0.0,0.0,0.0,-0.09912290363722419,0.0,0.0,0.09912290363722419,0.0,0.09912290363722419,0.0,0.0,0.0,59.47374218233452,120.92994243741353,120.92994243741353,0.0,0.0,0.0,0.0,0.0,0.0,51.113415603416094,464.4943571446065,0.0,439.6475919710285,0.0,0.0,0.0,0.0,0.0,0.0,0.0,0.0,0.0,0.0,0.0,0.0,0.0,0.0,0.0,0.0,0.0,0.0,0.0,-642.1883297647914,642.1883297647914,0.1486843554558363,0.0,0.0,0.0,-29.73687109116726,0.0,0.0,0.0,0.0,0.0,-66.0978241392312,4.95614518186121,0.0,0.0,0.0,0.0,801.4178509704243,0.0,0.0,0.0,0.0,0.0,0.0,0.0,0.0,0.0,24.10363932682401,0.0,0.0,178.3826979262031,66.0978241392312,0.0,757.472529623083,-48.52885560835812,0.0,325.2836498588316,674.7163501411684,-1000.0,286.4084079670636,-131.0404786084104,0.0,4.95614518186121,614.7489227235641,0.0,0.0,0.0,-25.493393869578085,0.0,0.0,0.0,0.0,0.0,-384.02952904231387,0.0,0.0,0.0,0.0,-14.86843554558368,120.92994243741353,0.0,0.0,0.0,0.0,0.0,0.0,0.0,0.0,0.0,0.0,0.0,0.0,73.532041912023,-693.8529321327787,-40.563122612199436,0.0,29.73687109116726,0.0,0.0,0.0,0.0,-120.58526754520983,0.0,0.0,0.10903519400104464,0.0,0.0,0.0,60.464971218706765,0.0,0.0,0.0,0.0,404.1435185994962,0.0,757.8872672482146,0.0,0.0,0.0,0.0,0.0,0.0,0.0,0.0,0.009912290363722702,0.009912290363722702,0.0,0.0,0.0,0.0,0.0,0.0,0.0,0.0,0.0,0.0,0.0,0.0,0.0,0.0,0.0,66.0978241392312,0.0,0.0,0.0,0.0,0.0,0.0,0.0,0.0,0.0,0.0,0.0,0.0,0.0,227.3326030415722,679.7756076390767,0.0,0.0,0.0,59.47374218233452,0.0,0.0,0.0,0.0,0.0,-59.47374218233452,0.0,0.0,0.0,0.0,0.0,0.0,0.0,0.0,0.0,0.0,0.0,0.0,0.0,-799.4397233904638,-1000.0,67.89918899149859,-320.4758093397559,290.7389382485887,0.0,967.3621781570284,0.0,0.0,0.0,0.0,0.0,0.0,0.0,0.0,0.0,0.0,0.0,0.0,0.0,0.0,0.0,0.0,0.0,-12.390362954653023,24.10363932682398,-836.7899583073809,7.434217772791953,0.0,0.0,0.0,0.0,0.0,-1.2390362954653025,0.0,311.9018018366417,0.0,0.0,0.0,0.0,0.0,0.0,0.0,1000.0,29.73687109116726,29.73687109116726,0.0,0.0,0.0,0.0,77.63278204415535,0.10903519400104464,66.0978241392312,0.0,0.0,-967.3621781570284,0.0,0.0,0.0,0.0,0.0,0.0,0.0,0.0,0.0,0.0,0.0,0.0,0.0,0.0,0.0,0.0,0.0,0.0,0.0,104.07904881908541,58.74587918348235,0.0,0.0,0.0,0.0,0.0,66.0978241392312,0.0,-8.147902678980207,0.0,0.0,0.0,-12.390362954653023,0.0,0.0,0.0,0.0,0.0,0.0,0.0,0.0,0.0,0.0,0.0,0.0,0.0,0.0,0.0,0.0,0.0,0.0,-0.09912290363722419,0.0,0.0,4.95614518186121,-560.4945763258912,0.0,0.0,0.0,0.0,24.10363932682398,0.0,0.0,0.0,8.534482003165099,2.478072590930605,0.0,0.0,642.1883297647914,0.09912290363722419,0.0,99.12290363722418,-30.728100127539502,19.82458072744484,0.7080207402658871,276.5529011478555,-0.07434217772791815,419.6340154491558,1.982458072744484,-0.4956145181862439,-276.5529011478555,29.73687109116726,-0.0991229036372242,16.17628520278604,154.27905859937914,0.02478072590930605,0.7080207402658871,-48.52885560835812,-15.780366259046332,-1.982458072744484,-94.08734271584086,-0.09912290363722416,0.02478072590930605,-276.5529011478555,9.91229036372242,0.0991229036372242,0.09912290363722419,-65.88966604159293,0.10903519400094691,-82.31052664082048,-0.07434217772791815,29.73687109116726,0.0991229036372242,29.73687109116726,-49.5614518186121,-0.0495614518186121,-202.28366321082572,-10.011413267359645,-0.07434217772791815,-0.0991229036372242,-30.728100127539502,0.09912290363722419,9.91229036372242,-1.982458072744484,0.0,0.0,-9.91229036372242,94.08734271584086,0.0,19.82458072744484,0.1486843554558363,-1000.0,9.91229036372242,-333.3333333333333,154.27905859937914,-19.82458072744484,0.0495614518186121,0.9912290363722419,49.25355303645032,85.92240486667603,-0.09912290363722419,-88.40047745760668,65.88966604159293,30.728100127539502,0.0991229036372242,15.780366259046332,35.33157423471016,154.27905859937914,-0.09912290363722419,-0.02478072590930605,-154.27905859937914,-0.0991229036372242,-847.9749768844922,0.0991229036372242,-0.02478072590930605,-0.02478072590930605,-0.02478072590930605,39.64916145488968,49.5614518186121,0.9912290363722419,73.43768123222878,-0.02478072590930605,82.3308208701146,4.95614518186121,50.0,0.09912290363722419,0.0495614518186121,0.0495614518186121,75.0,30.728100127539502,0.09912290363722419,-30.728100127539502,0.9912290363722419,0.0991229036372242,-73.43768123222878,0.0991229036372242,0.39649161454902915,0.4956145181862439,0.0495614518186121,0.02478072590930605,29.73687109116726,-0.0991229036372242,82.31052664082048,0.991229036372242,-146.87536246445757,417.1559428582252,-9.91229036372242,19.82458072744484,4.95614518186121,-0.0991229036372242,48.52885560835812,0.1486843554558363,-0.0991229036372242,-150.0,30.728100127539502,361.80235047403426,0.0495614518186121,-100.0,-0.0991229036372242,-0.0991229036372242,-0.0991229036372242,0.0495614518186121,276.5529011478555,-19.82458072744484,0.09912290363722419,98.50710607290064,-0.02478072590930605,-0.10903519400094691,-98.50710607290064,14.868435545583626,10.011413267359645,333.39602096452273,276.5529011478555,-0.07434217772791815,88.40047745760668,-85.92240486667603,0.09912290363722416,-0.02478072590930605,4.95614518186121,99.12290363722418,-0.0495614518186121,-0.0991229036372242,0.02478072590930605,81.69247305770386,0.0,802.465787955923,0.0,-255.0,0.0,556.207319945614,-140.0,0.0,-80.0,-153.74689912708575,-312.80275320592136,-197.48465059225836,40.0,127.5,76.87344956354288,0.0,70.0,-66.0978241392312,-241.21708292882442,197.48465059225836,312.80275320592136,-241.21708292882442,-556.207319945614,255.48172767359074,0.0,1496.5981,hplb
72,0.0,0.0,0.0,0.0,0.0,0.0,0.0,0.0,-0.10948690643176595,0.0,0.0,0.0,0.0,0.0,0.0,0.0,-618.7947966481744,-85.37634228302052,0.0,1000.0,0.0,0.0,0.0,0.0,0.0,0.0,0.0,0.0,0.0,-161.7703594138237,0.0,0.0,96.13471243026757,0.0,0.0,0.0,0.0,895.7821315014847,0.0,-1000.0,967.1539280704702,0.0,0.0,0.0,0.0,0.0,0.0,0.0,-164.37886477257706,-498.30968430492237,0.0,0.0,0.0,0.12043559707505083,0.0,0.0,0.0,0.0,0.0,0.0,87.35688490802238,0.0,203.64021049532016,0.0,0.0,0.0,0.0,0.0,331.70387986455046,-331.70387986455046,0.0,1.0948690643176597,0.0,0.0,0.0,0.0,0.0,0.0,0.0,0.0,0.0,0.0,0.0,0.0,65.69214385905957,0.0,0.0,621.6906936310668,-324.98457098221684,1000.0,-0.027371726607941488,0.0,0.0,-178.6873201378486,32.846071929529785,0.0,32.846071929529785,-226.35833362259328,785.5976365597573,0.0,0.0,464.956842102785,-563.336009079189,0.0,0.0,-41.44562693759031,0.0,0.0,0.0,0.0,0.0,0.0,0.0,0.0,0.0,0.0,0.0,0.0,0.0,0.0,0.0,0.0,0.0,0.0,-655.7476013501347,0.0,0.0,32.846071929529785,0.0,33.94094099384744,0.0,0.0,-82.99226565155175,82.99226565155175,0.0,0.0,-812.5,0.0,0.0,521.5029045966575,0.0,0.0,0.0,0.0,0.0,8.430491795245974,0.10948690643176595,0.0,0.0,0.0,0.0,0.0,0.0,0.0,0.0,0.0,586.4406552366676,0.0,0.0,0.0,0.0,0.0,592.256017798805,592.256017798805,0.0,0.0,0.0,0.0,0.0,0.0,0.0,592.3655047052368,0.0,0.0,0.0,-920.0624155491496,-763.6320254043852,0.0,0.0,0.0,0.0,0.0,0.0,0.0,0.0,0.0,0.0,0.0,0.0,0.0,0.0,-1000.0,0.0,0.0,0.0,0.0,0.0,498.30968430492237,0.0,-457.3118288584897,457.3118288584897,43.9319782246757,0.0,0.0,0.0,0.0,0.0,0.0,401.5656496653653,-926.1376746847733,0.0,0.0,0.0,0.0,0.0,0.0,0.0,0.0,0.0,0.0,0.0,0.0,0.0,165.44684436099487,-8.854141448373433,944.9440208345751,0.0,0.0,0.0,247.0651171786668,158.94182245039164,0.0,0.0,0.0,0.0,87.35688490802238,944.9440208345751,0.0,0.0,0.0,0.0,0.0,0.0,0.0,0.0,570.8165630661143,21.89738128635319,0.0,0.0,381.040972992178,513.3682308684508,0.0,0.0,-944.9440208345751,0.0,0.0,290.99709540334254,-38.19607481911672,0.0,0.0,0.0,-59.66146986788431,0.0,0.0,-1000.0,0.0,0.0,-1000.0,0.0,0.0,-782.2963998407066,0.0,0.0,498.30968430492237,0.0,102.59466826955963,0.0,0.0,0.0,-552.9021570350051,0.0,552.9021570350051,0.0,1000.0,0.0,247.0651171786668,0.0,0.0,0.0,0.0,87.35688490802238,-0.16423035964764893,0.0,0.0,0.0,0.0,0.10948690643176595,0.0,0.0,0.0,193.4635643292885,-618.7947966481744,0.0,-1000.0,420.0895660776497,763.6320254043852,1000.0,0.0,1000.0,0.0,-41.44562693759031,0.0,0.0,0.0,-9.426822643775155,-915.1691262365547,-75.40405111967016,157.25811304588285,-1000.0,0.0,0.0,0.0,0.0,0.0,0.0,0.0,0.0,0.0,0.0,0.0,0.0,0.0,0.0,0.0,0.0,0.0,-103.77992087278727,0.0,-1000.0,0.0,0.0,793.649418301603,0.0,0.0,0.0,-579.2470548613603,0.0,785.5976365597573,0.0,0.0,459.4824967811967,583.4652463720042,0.0,-235.21559371218666,0.0,0.0,0.0,296.6475401860856,-72.02006839070253,0.0,0.0,0.0,0.0,-2.737172660794149,-302.12188550767394,0.0,0.0,-216.41595381300067,0.0,-35.179076508967,32.846071929529785,0.0,0.0,0.0,0.0,0.0,0.0,0.0,-165.44684436099487,165.44684436099487,165.44684436099487,274.54824565123715,0.0,0.0,-407.8534691076268,0.0,0.0,401.5656496653653,0.0,0.0,-116.28332558729778,0.0,0.0,0.0,0.0,0.0,0.0,0.0,-41.70021337790322,0.2189738128637995,0.0,0.0,0.0,0.0,0.0,0.0,0.0,0.0,0.0,0.0,0.0,0.0,0.0,0.0,0.0,0.0,0.0,0.0,0.0,0.12043559707505083,0.12043559707505083,0.0,423.54946307464166,0.0,65.69214385905957,0.0,0.0,0.0,1000.0,0.0,0.0,0.0,0.0,0.0,899.5702345093652,-1000.0,0.0,0.0,586.0221808094476,0.0,0.0,0.0,0.0,0.0,0.0,0.0,0.0,0.0,0.0,218.58253378337824,-193.4635643292885,0.0,0.0,8.430491795245974,0.0,0.0,-178.6873201378486,-381.56112081291593,0.0,899.5702345093652,0.0,857.870021131462,0.0,0.0,0.0,165.44684436099487,0.0,0.0,0.0,0.0,0.0,0.0,0.0,0.0,0.0,0.0,0.0,0.0,0.0,65.69214385905957,290.99709540334254,290.99709540334254,0.0,0.0,0.0,0.0,0.0,0.0,0.0,0.0,0.0,0.0,1.0948690643176597,0.0,0.0,0.0,0.0,0.0,0.0,0.0,0.0,32.846071929529785,-586.0221808094476,0.0,0.0,0.0,0.0,0.0,0.0,0.0,0.0,0.0,-5.131029076723394,0.0,0.0,32.84607192952979,32.84607192952979,1000.0,-1000.0,0.0,0.0,0.0,0.0,0.0,0.0,0.0,-241.957626133772,401.5656496653653,-84.18353529593355,0.10948690643176595,0.0,0.0,0.0,144.59310092978006,0.0,0.0,178.6873201378486,0.0,0.0,0.0,0.0,0.0,0.0,0.0,0.0,0.0,0.0,0.0,0.0,0.0,0.0,0.10948690643176595,0.0,0.0,0.0,-172.96290765295817,172.96290765295817,0.0,0.0,0.0,0.0,0.0,1000.0,0.0,0.0,-896.2200791272128,-8.211517982382446,0.0,-5.474345321588302,0.0,937.5,937.5,-937.5,0.0,0.0,0.0,0.0,0.0,0.0,0.0,290.99709540334254,763.6320254043852,0.0,0.0,-246.12068500037935,0.0,0.0,0.0,-0.10948690643176595,0.0,0.0,0.10948690643176595,0.0,0.10948690643176595,0.0,0.0,0.0,65.69214385905957,133.57402584675447,133.57402584675447,0.0,0.0,0.0,0.0,0.0,0.0,0.0,0.0,0.0,401.5656496653653,0.0,0.0,0.0,0.0,0.0,0.0,0.0,0.0,0.0,0.0,0.0,0.0,0.0,0.0,0.0,0.0,0.0,202.87380067506734,0.0,0.0,0.0,0.16423035964764893,0.0,0.0,0.0,-32.846071929529785,0.0,0.0,0.0,0.0,0.0,-423.54946307464166,5.474345321588298,0.0,0.0,0.0,0.0,0.0,0.0,-5.474345321588302,0.0,0.0,0.0,0.0,0.0,0.0,0.0,290.99709540334254,0.0,586.0221808094476,0.0,258.1026187136468,0.0,87.54818861919749,-41.44562693759031,0.0,-579.2470548613603,785.5976365597573,-206.35058169839704,0.0,-171.77010066587118,0.0,5.474345321588302,574.4681894622986,0.0,0.0,0.0,-116.28332558729778,0.0,0.0,527.1068041838445,-527.1068041838445,0.0,0.0,0.0,0.0,0.0,36.1090302657648,-52.53206623052961,133.57402584675447,0.0,-937.5,-937.5,937.5,0.0,0.0,0.0,0.0,0.0,570.8165630661143,0.0,0.0,395.6519507912593,-144.59310092978006,227.66906306975977,0.0,32.846071929529785,0.0,0.0,0.0,0.0,266.6594796775206,0.0,0.0,0.12043559707505083,0.0,0.0,0.0,66.78701292337723,0.0,0.0,0.0,0.0,-8.854141448373433,0.0,0.0,0.0,0.0,0.0,0.0,0.0,0.0,0.0,0.0,0.010948690643176596,0.010948690643176596,0.0,0.0,0.0,0.0,0.0,0.0,0.0,0.0,0.0,0.0,0.0,0.0,0.0,0.0,0.0,423.54946307464166,0.0,0.0,0.0,0.0,0.0,0.0,0.0,498.30968430492237,0.0,0.0,0.0,0.0,0.0,-401.96845806892566,-85.37634228302052,0.0,0.0,0.0,65.69214385905957,0.0,0.0,0.0,0.0,0.0,-940.6921438590596,875.0,0.0,0.0,0.0,0.0,0.0,0.0,0.0,0.0,0.0,0.0,0.0,0.0,84.18353529593355,-648.0355221670782,74.99853090575968,0.0,-32.846071929529785,0.0,895.7821315014847,0.0,0.0,0.0,0.0,0.0,0.0,0.0,0.0,0.0,0.0,0.0,0.0,0.0,0.0,0.0,0.0,0.0,-13.685863303970748,290.99709540334254,-467.69401476357916,44.32054824814723,0.0,0.0,0.0,0.0,0.0,-1.3685863303970747,0.0,116.28332558729778,0.0,0.0,0.0,0.0,0.0,0.0,0.0,1000.0,32.84607192952979,32.84607192952979,0.0,0.0,0.0,0.0,0.0,0.12043559707505083,423.54946307464166,0.0,0.0,-895.7821315014847,0.0,0.0,0.0,0.0,0.0,0.0,0.0,0.0,0.0,0.0,0.0,0.0,0.0,0.0,0.0,0.0,0.0,0.0,0.0,114.96125175335425,8.430491795245974,0.0,0.0,0.0,0.0,0.0,423.54946307464166,0.0,567.2910846790097,0.0,0.0,0.0,-13.685863303970748,0.0,0.0,0.0,0.0,0.0,0.0,0.0,0.0,0.0,0.0,0.0,0.0,0.0,0.0,0.0,0.0,0.0,0.0,-0.10948690643176595,0.0,0.0,5.474345321588298,-899.5702345093652,0.0,0.0,0.0,0.0,290.99709540334254,0.0,0.0,0.0,9.426822643775155,2.737172660794149,0.0,0.0,0.0,0.10948690643176595,0.0,109.48690643176595,-33.94094099384744,21.897381286353195,0.7820493316554711,305.468468944627,-0.08211517982382446,235.21559371218666,2.189738128635319,-0.5474345321598548,-305.468468944627,32.84607192952979,-0.10948690643176595,13.81520897919677,0.0,0.027371726607941488,0.7820493316554711,-41.44562693759031,-17.4303155039389,-2.1897381286353266,-295.82886106880505,-0.10948690643176595,0.027371726607941488,-305.468468944627,10.948690643176596,0.10948690643176595,0.10948690643176595,-423.31954057113484,0.12043559707494254,-54.94367193299018,-0.08211517982382446,32.84607192952979,0.10948690643176595,32.846071929529785,-54.74345321588298,-0.054743453215882976,-448.6057294284968,-170.0,-0.08211517982382446,-0.10948690643176595,-33.94094099384744,0.10948690643176595,10.948690643176596,-2.189738128635319,202.87380067506734,202.87380067506734,-10.948690643176596,295.82886106880505,-202.87380067506734,21.89738128635319,0.16423035964764893,-986.9557600877423,10.948690643176596,-218.58253378337824,0.0,-21.89738128635319,0.054743453215882976,1.0948690643176597,250.0,280.0,-0.10948690643176595,-448.1840170217889,423.31954057113484,33.94094099384744,0.10948690643176595,17.4303155039389,-131.3842877181191,0.0,-0.10948690643176595,-0.027371726607941488,0.0,-0.10948690643176595,-41.70021337790322,0.10948690643187224,-0.027371726607941488,-0.027371726607941488,-0.027371726607941488,43.79476257270638,54.74345321588298,1.0948690643176597,81.1161118026343,-0.027371726607941488,486.18479102080323,5.474345321588298,26.324452010539908,0.10948690643176595,0.054743453215882976,0.054743453215882976,-112.58386794615681,33.94094099384744,0.10948690643176595,-33.94094099384744,1.0948690643176597,0.10948690643176595,-81.1161118026343,0.10948690643176595,0.43794762572807144,0.5474345321598548,0.054743453215882976,0.027371726607941488,32.84607192952979,-0.10948690643176595,54.94367193299018,1.0948690643176633,-162.2322236052686,232.4784210513925,-10.948690643176596,21.89738128635319,5.474345321588298,-0.10948690643176595,41.44562693759031,0.16423035964764893,-0.10948690643176595,225.16773589231366,33.94094099384744,-29.180423480015904,0.054743453215882976,-52.648904021079815,-0.10948690643176595,-0.10948690643187224,-0.10948690643176595,0.054743453215882976,305.468468944627,-21.89738128635319,0.10948690643176595,500.0,-0.027371726607941488,-0.12043559707494254,-500.0,16.423035964764892,170.0,469.3617391031154,305.468468944627,-0.08211517982382446,448.1840170217889,-280.0,0.10948690643176595,-0.027371726607941488,5.474345321588302,109.48690643176595,-0.054743453215882976,-0.10948690643176595,0.027371726607941488,0.0,0.0,769.197416475233,0.0,-255.0,0.0,394.24281580955267,-140.0,0.0,-80.0,-255.0,-109.44556990555068,-217.70360015929336,40.0,127.5,127.5,0.0,70.0,-423.54946307464166,-237.4790561975047,217.70360015929336,109.44556990555068,-237.4790561975047,-394.24281580955267,257.3392064422476,0.0,1496.5981,hplb
73,0.0,0.0,0.0,0.0,0.0,0.0,0.0,0.0,-0.10895150289264556,0.0,0.0,0.0,0.0,0.0,0.0,0.0,134.28717466847752,-664.0919077864971,0.0,829.8047331180196,0.0,0.0,0.0,54.98370212028405,0.0,0.0,0.0,0.0,0.0,-513.9818062683422,0.0,0.0,137.59217178607244,0.0,0.0,0.0,0.0,740.2977967058366,0.0,-1000.0,1000.0,0.0,0.0,885.5145759352027,0.0,0.0,0.0,0.0,-620.3053684001353,-652.3970139994308,0.0,0.0,0.0,0.11984665318201788,0.0,0.0,0.0,0.0,0.0,0.0,-95.86373201109372,0.0,0.0,-95.86373201109372,0.0,0.0,0.0,0.0,237.60461209020306,-237.60461209020306,0.0,1.0895150289264557,0.0,0.0,0.0,0.0,0.0,0.0,0.0,0.0,0.0,0.0,0.0,0.0,65.37090173558735,0.0,86.26873632301522,1000.0,-320.3053684001353,0.0,-0.02723787572316139,0.0,0.0,-566.3395634389083,32.685450867793676,0.0,32.685450867793676,0.0,759.3788365791011,0.0,0.0,997.2762124276838,-513.9818062683422,0.0,0.0,0.0,851.3033033279811,0.0,0.0,0.0,0.0,0.0,0.0,0.0,0.0,0.0,0.0,0.0,0.0,0.0,0.0,0.0,0.0,0.0,-588.9553798659335,0.0,0.0,32.685450867793676,0.0,33.77496589672013,11.96105658921509,0.0,-944.211612568987,0.0,944.211612568987,-944.211612568987,-396.88514097271946,0.0,0.0,396.88514097271946,0.0,0.0,0.0,0.0,0.0,94.65800204574893,0.10895150289264556,0.0,0.0,0.0,0.0,-877.4167155056134,0.0,0.0,0.0,0.0,327.1895524010916,0.0,0.0,0.0,0.0,0.0,999.8910484971074,999.8910484971074,0.0,0.0,0.0,0.0,0.0,0.0,0.0,1000.0,0.0,0.0,0.0,661.1675381589273,-282.20395849931634,0.0,0.0,0.0,0.0,0.0,0.0,0.0,0.0,0.0,0.0,0.0,0.0,0.0,0.0,-997.1906436412626,0.0,0.0,0.0,0.0,0.0,652.3970139994308,0.0,620.3053684001353,-620.3053684001353,0.0,0.0,0.0,0.0,0.0,0.0,0.0,0.0,-684.2958262624775,0.0,0.0,0.0,0.0,0.0,0.0,0.0,0.0,0.0,0.0,0.0,0.0,0.0,0.0,-30.30598666530946,1000.0,0.0,0.0,0.0,0.0,158.9958982078428,0.0,0.0,0.0,0.0,-95.86373201109372,114.48542406479729,0.0,0.0,0.0,0.0,0.0,0.0,0.0,0.0,3.5082383931420225,21.790300578529113,0.0,0.0,-59.389263199729385,-1000.0,1000.0,0.0,-1000.0,0.0,0.0,0.0,122.9646212047833,0.0,0.0,0.0,272.08364320501073,0.0,0.0,-16.03434577609096,-16.034345776090984,0.0,0.0,0.0,16.034345776090984,300.0,0.0,406.3235621317931,652.3970139994308,0.0,168.90090804106853,0.0,0.0,0.0,-188.34948309470659,0.0,188.34948309470659,0.0,1000.0,0.0,0.0,892.3429387122546,0.0,0.0,0.0,-95.86373201109372,-0.16342725433896835,0.0,0.0,0.0,0.0,0.10895150289264556,0.0,0.0,0.0,802.0010561724841,134.28717466847752,0.0,-58.17673842922477,-723.289664724506,282.20395849931634,904.4757514463228,0.0,689.6319336220156,0.0,0.0,0.0,0.0,0.0,310.3680663779844,0.0,-1000.0,-1000.0,371.7567217031855,0.0,0.0,0.0,0.0,0.0,0.0,0.0,0.0,0.0,0.0,0.0,0.0,0.0,0.0,0.0,0.0,0.0,-259.2663972825931,0.0,-1000.0,0.0,0.0,0.0,893.3576639497641,0.0,180.59019079881568,-98.16624043889101,0.0,759.3788365791011,0.0,0.0,991.8286372830515,0.0,0.0,0.0,0.0,-237.60461209020306,0.0,798.5392522954087,0.0,533.5480105780114,0.0,-948.0407257610401,0.0,-2.723787572316139,-803.986827440041,0.0,0.0,256.1188482945574,928.0200831031123,-326.937325174777,32.685450867793676,0.0,0.0,0.0,1000.0,0.0,0.0,0.0,0.0,0.0,0.0,-766.7903005785291,0.0,0.0,-259.02411197483093,0.0,0.0,0.0,0.0,0.0,-19.189991376156996,0.0,0.0,128.20969942147087,0.0,0.0,0.0,0.0,-89.10484971073544,0.21790300578479546,0.0,0.0,0.0,0.0,0.0,0.0,0.0,0.0,0.0,0.0,0.0,0.0,0.0,0.0,0.0,0.0,0.0,0.0,0.0,0.11984665318201788,0.11984665318201788,0.0,198.22378252028793,0.0,65.37090173558735,0.0,0.0,0.0,-916.1174370346678,0.0,0.0,86.26873632301522,0.0,0.0,-604.7554247601125,916.1174370346678,0.0,0.0,0.0,0.0,0.0,128.20969942147087,0.0,0.0,0.0,0.0,0.0,0.0,0.0,196.31845995531117,-802.0010561724841,26.113412177632313,0.0,94.65800204574893,0.0,-566.3395634389083,0.0,-158.9958982078428,0.0,-604.7554247601125,0.0,-693.860274470848,0.0,0.0,0.0,0.0,0.0,0.0,0.0,0.0,0.0,0.0,0.0,0.0,0.0,0.0,0.0,0.0,0.0,65.37090173558735,0.0,0.0,0.0,0.0,0.0,0.0,0.0,0.0,0.0,0.0,0.0,0.0,1.0895150289264557,0.0,0.0,86.26873632301522,-86.26873632301522,0.0,0.0,0.0,0.0,32.685450867793676,0.0,0.0,0.0,0.0,0.0,0.0,0.0,0.0,0.0,0.0,530.6004679756876,625.454776640666,0.0,32.685450867793676,32.68545086779367,1000.0,916.1174370346678,0.0,128.20969942147087,0.0,0.0,0.0,0.0,0.0,618.3247354194219,0.0,1000.0,0.10895150289263711,0.0,0.0,96.04179771329137,0.0,0.0,0.0,566.3395634389083,0.0,0.0,0.0,0.0,0.0,0.0,0.0,0.0,0.0,0.0,0.0,0.0,0.0,0.0,0.10895150289264556,0.0,0.0,0.0,0.0,0.0,0.0,0.0,0.0,0.0,0.0,920.4789934228031,0.0,0.0,-1000.0,-8.171362716948465,-5.447575144632283,0.0,0.0,0.0,0.0,0.0,0.0,0.0,0.0,0.0,0.0,0.0,0.0,0.0,282.20395849931634,0.0,0.0,-65.37090173558735,0.0,0.0,0.0,-0.10895150289264556,0.0,0.0,0.10895150289264556,0.0,0.10895150289263711,0.0,0.0,0.0,65.37090173558735,132.92083352902762,132.92083352902762,0.0,0.0,0.0,0.0,0.0,0.0,0.0,26.113412177632313,0.0,0.0,0.0,0.0,319.7487907770413,0.0,0.0,0.0,0.0,0.0,0.0,0.0,0.0,0.0,0.0,0.0,0.0,0.0,0.0,158.9958982078428,0.0,0.0,0.0,0.16342725433896835,0.0,0.0,0.0,-32.685450867793676,0.0,0.0,0.0,0.0,0.0,-198.22378252028793,5.447575144632278,0.0,0.0,0.0,0.0,0.0,-901.833759561109,0.0,0.0,0.0,0.0,0.0,0.0,0.0,0.0,0.0,0.0,0.0,-692.4391588972007,198.22378252028793,0.0,329.3231115991032,0.0,259.2663972825931,-1000.0,759.3788365791011,-18.645233861694066,0.0,-9.95621232424432,0.0,5.447575144632283,466.35823935599774,0.0,0.0,0.0,-191.72746402218743,0.0,0.0,437.5000000000004,-437.5000000000004,0.0,0.0,0.0,0.0,0.0,-16.342725433896824,0.0,132.92083352902762,0.0,0.0,0.0,0.0,0.0,0.0,0.0,0.0,0.0,3.5082383931420225,0.0,0.0,222.73787067113315,-96.04179771329137,0.0,0.0,32.685450867793676,86.26873632301522,0.0,0.0,0.0,-255.77301808306737,0.0,0.0,0.11984665318201788,0.0,0.0,0.0,66.46041676451381,0.0,0.0,0.0,0.0,-30.30598666530946,0.0,851.3033033279811,0.0,0.0,0.0,0.0,0.0,0.0,-873.4965921581954,0.0,0.010895150289264556,0.010895150289264556,0.0,0.0,0.0,0.0,0.0,0.0,0.0,0.0,0.0,96.04179771329137,0.0,0.0,0.0,0.0,0.0,198.22378252028793,0.0,0.0,0.0,0.0,0.0,0.0,0.0,652.3970139994308,0.0,0.0,0.0,172.53747264603044,-115.60272381336756,1000.0,-664.0919077864971,0.0,0.0,0.0,65.37090173558735,0.0,0.0,0.0,0.0,0.0,-490.38564550593117,425.0147437703438,0.0,172.53747264603044,0.0,0.0,0.0,0.0,0.0,0.0,0.0,0.0,0.0,0.0,371.7567217031855,-895.6570708489203,394.3805702585035,0.0,-32.685450867793676,0.0,740.2977967058366,0.0,0.0,0.0,0.0,0.0,0.0,0.0,0.0,0.0,0.0,0.0,0.0,0.0,0.0,0.0,0.0,0.0,-13.618937861580699,0.0,-1000.0,311.57742806009287,0.0,0.0,0.0,0.0,0.0,0.0,-1.3618937861580698,19.189991376156996,0.0,0.0,0.0,0.0,0.0,0.0,0.0,1000.0,32.68545086779367,32.685450867793676,0.0,0.0,0.0,0.0,0.0,0.11984665318201788,198.22378252028793,0.0,0.0,-740.2977967058366,0.0,0.0,0.0,0.0,0.0,0.0,0.0,0.0,0.0,0.0,0.0,0.0,0.0,0.0,0.0,0.0,0.0,11.96105658921509,0.0,114.39907803727787,94.65800204574893,0.0,0.0,0.0,0.0,0.0,198.22378252028793,0.0,896.3861844164768,0.0,0.0,0.0,-13.618937861580699,0.0,0.0,0.0,0.0,0.0,0.0,0.0,0.0,0.0,0.0,0.0,0.0,0.0,0.0,0.0,0.0,0.0,0.0,-0.10895150289263711,0.0,0.0,5.447575144632278,604.7554247601125,0.0,0.0,0.0,0.0,0.0,0.0,0.0,0.0,-310.3680663779844,2.723787572316139,0.0,0.0,0.0,0.10895150289264556,0.0,108.95150289264556,-21.813909307505043,21.790300578529113,0.778225020661754,327.89680624891133,-0.08171362716948417,948.0407257610401,2.1790300578529114,-0.5447575144629582,-327.89680624891133,32.68545086779367,-0.10895150289264556,0.0,128.20969942147087,0.02723787572316139,0.778225020661754,0.0,-103.6138155835232,-2.1790300578529114,-300.0,-0.10895150289264556,0.02723787572316139,-327.89680624891133,10.895150289264556,0.10895150289264556,0.10895150289264556,-197.99498436421328,-86.14888966983331,-226.69702149680802,-0.08171362716948417,32.685450867793676,0.10895150289264556,32.685450867793676,-54.47575144632279,-0.05447575144632278,-100.49253090428358,-170.0,-0.08171362716948417,-0.10895150289264556,-21.813909307505043,0.10895150289264556,10.895150289264556,-2.1790300578529114,158.9958982078428,158.9958982078428,-10.895150289264556,300.0,-158.9958982078428,21.790300578529113,0.16342725433896835,-1000.0,10.895150289264556,-196.31845995531117,128.20969942147087,-21.790300578529113,0.05447575144632278,1.0895150289264557,14.544184607306192,220.01408309881703,-0.10895150289264556,-222.73787067113315,197.99498436421328,33.77496589672013,0.10895150289264557,103.6138155835232,-2.5321040497035483,128.20969942147087,-0.10895150289264556,-0.02723787572316139,-128.20969942147087,-0.10895150289264556,-940.4081530387166,0.10895150289267086,-0.02723787572316139,-0.02723787572316139,-0.02723787572316139,43.580601157058226,54.47575144632279,1.0895150289264557,177.47595001252134,-0.02723787572316139,29.088369214612385,5.447575144632278,50.0,0.10895150289264556,0.05447575144632278,0.05447575144632278,75.0,21.813909307505043,0.10895150289264556,-21.813909307505043,1.0895150289264557,0.10895150289264556,-370.9889606263893,0.10895150289264556,0.43580601157032106,0.5447575144629582,0.05447575144632278,0.02723787572316139,32.685450867793676,-0.10895150289264556,226.69702149680802,1.0895150289264557,-354.9519000250427,945.316938188724,-10.895150289264556,21.790300578529113,5.447575144632278,-0.10895150289264556,0.0,0.16342725433896835,-0.10895150289264556,-150.0,21.813909307505043,639.9345300894711,0.05447575144632278,-100.0,-0.10895150289264556,-0.10895150289267086,-0.10895150289264556,0.05447575144632278,327.89680624891133,-21.790300578529113,0.10895150289264556,29.088369214612385,-0.02723787572316139,86.14888966983331,-29.088369214612385,16.342725433896835,170.0,294.6083918939845,327.89680624891133,-0.08171362716948417,222.73787067113315,-220.01408309881703,0.10895150289264556,-0.027237875723161394,5.447575144632283,108.95150289264556,-0.05447575144632278,-0.10895150289264557,0.02723787572316139,462.18880093344774,0.0,699.9455242485536,193.51301061386798,-255.0,0.0,980.4077907563718,-140.0,0.0,263.9232236636582,-255.0,-325.0,-300.0,-131.9616118318291,127.5,127.5,0.0,70.0,-198.22378252028793,-384.1615120064037,300.0,325.0,-384.1615120064037,-980.4077907563718,486.0223722584054,0.0,1496.5981,hplb
74,0.0,0.0,0.0,0.0,0.0,0.0,0.0,0.0,380.5993005714552,0.0,0.0,0.0,0.0,0.0,0.0,0.0,-252.39424048166165,293.7928748977188,0.0,0.0,0.0,0.0,0.0,834.4874785879304,0.0,0.0,0.0,0.0,0.0,-503.7824879602744,0.0,0.0,103.83721622873156,0.0,0.0,0.0,0.0,835.1476037354541,0.0,-1000.0,967.375981324822,0.0,0.0,0.0,0.0,0.0,0.0,0.0,504.7884809633233,0.0,0.0,0.0,0.0,0.11962140180895275,0.0,0.0,0.0,0.0,0.0,0.0,-9.576961926646577,0.0,0.0,-9.576961926646577,0.0,0.0,0.0,0.0,0.0,0.0,0.0,1.0874672891725998,0.0,0.0,0.0,0.0,0.0,0.0,0.0,0.0,0.0,0.0,0.0,0.0,65.24803735035599,0.0,0.0,0.0,-129.485629731149,0.0,-0.02718668222931499,0.0,0.0,-938.0485090627328,32.62401867517799,0.0,32.62401867517799,-3.5016446711354146,0.0,0.0,0.0,5.437336445862998,-503.7824879602744,0.0,0.0,-33.759481062196926,512.3427710692716,0.0,0.0,0.0,0.0,0.0,0.0,0.0,0.0,0.0,0.0,0.0,0.0,0.0,0.0,0.0,0.0,0.0,-860.6484134335947,0.0,0.0,32.62401867517799,0.0,33.71148596435059,18.885828145970734,0.0,0.0,0.0,0.0,0.0,-1000.0,0.0,0.0,1000.0,0.0,0.0,0.0,0.0,0.0,8.373498126629018,0.10874672891725996,0.0,0.0,0.0,-1000.0,46.32739408637519,0.0,0.0,0.0,0.0,597.2375894777002,0.0,0.0,0.0,0.0,0.0,383.70500310423523,383.70500310423523,0.0,0.0,0.0,937.5,-306.63552739540785,0.0,0.0,383.8137498331525,0.0,0.0,0.0,-394.48437760669157,-209.42407461682114,0.0,0.0,0.0,0.0,0.0,0.0,0.0,0.0,0.0,-850.6911361886946,0.0,0.0,0.0,0.0,-1000.0,0.0,0.0,0.0,0.0,0.0,0.0,0.0,210.99560606560453,-210.99560606560453,0.0,0.0,0.0,0.0,0.0,0.0,0.0,0.0,-269.0128520537563,0.0,0.0,0.0,0.0,0.0,0.0,0.0,0.0,0.0,0.0,0.0,0.0,0.0,0.0,423.7174821256723,251.38824747861275,0.0,0.0,0.0,0.0,159.01658037935675,0.0,0.0,0.0,0.0,-9.576961926646577,251.38824747861275,0.0,0.0,0.0,0.0,0.0,0.0,0.0,0.0,0.0,21.749345783451993,0.0,0.0,-252.55736057503753,-593.0385963717911,715.7840870289278,0.0,-251.38824747861275,0.0,0.0,0.0,132.67100927905716,0.0,0.0,0.0,-10.959857829377746,0.0,0.0,926.7196803465077,42.54166398222344,0.0,884.1780163642843,0.0,-42.54166398222344,81.50997633445552,0.0,0.0,0.0,0.0,182.15844959174,0.0,0.0,0.0,117.86521354317051,0.0,-117.86521354317051,0.0,1000.0,0.0,0.0,1000.0,937.5,0.0,0.0,-9.576961926646577,-0.16312009337588995,0.0,0.0,0.0,0.0,0.10874672891725996,0.0,0.0,0.0,808.3594009454653,-252.39424048166165,0.0,-742.5574182181678,464.4615902100128,209.42407461682114,1000.0,0.0,0.0,0.0,-33.759481062196926,0.0,0.0,0.0,-9.363093359776048,155.7905638468666,-146.42747048709055,-1000.0,-1000.0,0.0,0.0,0.0,0.0,0.0,0.0,0.0,0.0,0.0,0.0,0.0,0.0,0.0,0.0,0.0,0.0,0.0,-164.41740934887684,0.0,-1000.0,0.0,0.0,0.0,413.4469975655507,0.0,0.0,-8.373498126629018,0.0,0.0,0.0,0.0,0.0,0.0,0.0,-212.16083522863838,627.6556280683302,-155.7905638468666,0.0,-5.437336445862998,0.0,0.0,0.0,0.0,0.0,-630.3742962912618,0.0,-768.0275962814148,0.0,309.7558731746088,0.0,0.0,32.62401867517799,0.0,0.0,0.0,0.0,0.0,380.70804730037247,0.0,0.0,0.0,0.0,-338.26080633851916,0.0,0.0,-616.403743624682,0.0,0.0,0.0,0.0,0.0,-19.153923853293154,0.0,0.0,0.0,0.0,0.0,0.0,0.0,-50.23637139385884,0.21749345783473473,0.0,0.0,0.0,0.0,0.0,0.0,0.0,0.0,0.0,0.0,0.0,0.0,0.0,0.0,0.0,0.0,0.0,0.0,0.0,0.11962140180895275,0.11962140180895275,0.0,185.29553094488116,0.0,65.24803735035599,0.0,0.0,0.0,1000.0,0.0,563.5153862493279,0.0,0.0,0.0,369.40929097884344,-1000.0,0.0,0.0,0.0,0.0,0.0,0.0,0.0,0.0,0.0,0.0,0.0,0.0,0.0,286.8828044778649,-808.3594009454653,441.3298348443532,0.0,309.0960994960649,0.0,-97.06508944208952,-840.9834196206432,-1000.0,0.0,369.40929097884344,0.0,1000.0,-680.8270804150154,0.0,0.0,0.0,0.0,0.0,0.0,0.0,0.0,0.0,0.0,0.0,0.0,0.0,0.0,0.0,0.0,65.24803735035599,0.0,0.0,0.0,0.0,0.0,0.0,0.0,0.0,0.0,0.0,0.0,0.0,1.0874672891725998,0.0,0.0,0.0,0.0,0.0,0.0,0.0,0.0,32.62401867517799,0.0,0.0,0.0,300.72260136943584,0.0,0.0,0.0,0.0,0.0,0.0,1000.0,1000.0,0.0,32.62401867517799,32.62401867517799,1000.0,-1000.0,0.0,0.0,0.0,0.0,0.0,0.0,0.0,987.6808080591566,0.0,1000.0,0.10874672891725996,0.0,0.0,0.0,68.07227819834702,0.0,0.0,938.0485090627328,0.0,0.0,0.0,0.0,0.0,0.0,0.0,0.0,0.0,0.0,0.0,0.0,0.0,0.0,0.10874672891725996,0.0,0.0,0.0,0.0,0.0,0.0,0.0,0.0,0.0,-8.373498126629016,0.0,0.0,0.0,-835.5825906511232,-8.156004668794496,-5.437336445862994,0.0,0.0,0.0,0.0,0.0,0.0,0.0,0.0,0.0,0.0,0.0,0.0,0.0,209.42407461682114,0.0,0.0,315.19320962047175,0.0,0.0,0.0,380.5993005714552,0.0,0.0,0.10874672891725996,0.0,0.10874672891725996,0.0,0.0,0.0,65.24803735035599,132.67100927905716,132.67100927905716,0.0,0.0,0.0,0.0,0.0,0.0,0.0,441.3298348443532,0.0,0.0,0.0,0.0,0.0,0.0,0.0,0.0,0.0,0.0,0.0,0.0,0.0,0.0,0.0,0.0,0.0,0.0,0.0,159.01658037935675,0.0,-713.9517962406786,713.9517962406786,0.16312009337588995,0.0,0.0,0.0,-32.62401867517799,0.0,0.0,0.0,0.0,0.0,-185.29553094488116,5.437336445862998,0.0,0.0,0.0,-937.5,306.63552739540785,169.49258095240444,0.0,0.0,0.0,0.0,0.0,0.0,0.0,0.0,0.0,0.0,0.0,1000.0,185.29553094488116,0.0,744.5804890609012,-33.759481062196926,0.0,169.49258095240444,0.0,-169.49258095240444,0.0,0.0,0.0,5.437336445862994,1000.0,0.0,380.44124697082776,0.0,-19.153923853293154,812.4999999999993,-812.4999999999993,549.26961868487,-549.26961868487,0.0,0.0,0.0,0.0,0.0,834.3791268511056,0.0,132.67100927905716,0.0,0.0,0.0,0.0,0.0,0.0,0.0,0.0,0.0,0.0,0.0,0.0,209.76354495126466,-68.07227819834702,-197.2617845738045,0.0,32.62401867517799,0.0,0.0,0.0,0.0,139.8199046256676,0.0,0.0,0.11962140180895275,0.0,0.0,0.0,66.33550463952858,0.0,0.0,0.0,0.0,423.7174821256723,0.0,512.3427710692716,0.0,0.0,0.0,0.0,0.0,0.0,-840.9834196206432,0.0,0.010874672891725706,0.010874672891725706,0.0,0.0,0.0,0.0,0.0,0.0,0.0,0.0,0.0,0.0,0.0,0.0,0.0,0.0,0.0,185.29553094488116,0.0,0.0,0.0,0.0,0.0,0.0,0.0,0.0,0.0,0.0,0.0,0.0,0.0,0.0,293.7928748977188,0.0,0.0,0.0,65.24803735035599,0.0,0.0,0.0,0.0,0.0,0.0,-65.24803735035599,0.0,0.0,0.0,0.0,0.0,0.0,0.0,0.0,0.0,0.0,0.0,0.0,-1000.0,-516.1016799011179,74.49150930832309,0.0,-32.62401867517799,0.0,835.1476037354541,0.0,0.0,0.0,0.0,0.0,0.0,0.0,0.0,0.0,104.16666666666667,0.0,-104.16666666666667,-104.16666666666667,0.0,0.0,0.0,0.0,-13.593341114657491,0.0,-8.156004668794496,-8.1560046687945,0.0,0.0,0.0,0.0,0.0,-1.3593341114657496,0.0,19.153923853293154,0.0,0.0,0.0,0.0,0.0,0.0,0.0,1000.0,32.62401867517799,32.62401867517799,0.0,0.0,0.0,0.0,0.0,0.11962140180895275,185.29553094488116,0.0,0.0,-835.1476037354541,0.0,0.0,0.0,0.0,0.0,0.0,0.0,0.0,0.0,0.0,0.0,0.0,0.0,0.0,356.9758981203393,0.0,0.0,18.885828145970734,0.0,114.18406536312298,8.373498126629018,0.0,0.0,0.0,0.0,0.0,185.29553094488116,0.0,-178.43156206940284,0.0,0.0,0.0,-13.593341114657491,0.0,0.0,0.0,0.0,0.0,0.0,0.0,0.0,0.0,0.0,0.0,0.0,0.0,0.0,0.0,0.0,0.0,0.0,-0.10874672891725996,0.0,0.0,5.437336445862998,-369.40929097884344,0.0,0.0,0.0,0.0,0.0,0.0,0.0,0.0,9.363093359776048,2.7186682229314987,0.0,0.0,0.0,0.10874672891725996,0.0,108.74672891725996,-14.825657818379854,21.749345783451997,0.7767623494089998,341.17502997109676,-0.08156004668794498,212.16083522863838,2.174934578345199,-0.5437336445862684,-341.17502997109676,32.62401867517799,-0.10874672891725996,11.253160354065642,0.0,0.02718668222931499,0.7767623494089998,-33.759481062196926,-17.312479243627422,-2.174934578345199,-41.39863441605712,-0.10874672891725996,0.02718668222931499,-341.17502997109676,10.874672891725996,0.10874672891725996,0.10874672891725996,-185.06716281415495,0.11962140180898567,-86.55462549819657,-0.08156004668794498,32.62401867517799,0.10874672891725996,32.62401867517799,-54.373364458629986,-0.05437336445862998,-443.16400185510986,-170.0,-0.08156004668794498,-0.10874672891725996,-14.825657818379854,0.10874672891725996,10.874672891725996,-2.174934578345199,159.01658037935675,159.01658037935675,-10.874672891725996,41.39863441605712,-159.01658037935675,21.749345783451993,0.16312009337588995,324.03382948135675,10.874672891725996,-286.8828044778649,0.0,-21.749345783451993,0.05437336445862998,1.0874672891725998,185.63935455454194,207.04487672833315,-0.10874672891725996,-209.76354495126466,185.06716281415495,33.71148596435059,0.10874672891725996,17.312479243627422,-130.49607470071177,0.0,-0.10874672891725996,-0.02718668222931499,0.0,-0.10874672891725996,-562.5791424631304,0.10874672891726078,-0.02718668222931499,-0.02718668222931499,-0.02718668222931499,43.498691566903986,54.373364458629986,1.0874672891725998,80.56773278657505,-0.02718668222931499,360.02554875501824,5.437336445862998,30.55552214279242,0.10874672891725996,0.05437336445862998,0.05437336445862998,10.874672891725996,14.825657818379854,0.10874672891725996,-14.825657818379854,1.0874672891725998,0.10874672891725996,-80.56773278657505,0.10874672891725996,0.4349869156690289,0.5437336445862684,0.05437336445862998,0.02718668222931499,32.62401867517799,-0.10874672891725996,86.55462549819657,1.0874672891725996,-161.1354655731501,209.44216700570686,-10.874672891725996,21.749345783451993,5.437336445862998,-0.10874672891725996,33.759481062196926,0.16312009337588995,-0.10874672891725996,-21.749345783451986,14.825657818379854,67.8133399738613,0.05437336445862998,-61.11104428558484,-0.10874672891725996,-0.10874672891726078,-0.10874672891725996,0.05437336445862998,341.17502997109676,-21.749345783451993,0.10874672891725996,371.2787091090839,-0.02718668222931499,-0.11962140180898567,-371.2787091090839,16.312009337588993,170.0,-403.80702211959454,341.17502997109676,-0.08156004668794498,209.76354495126466,-207.04487672833315,0.10874672891725996,-0.027186682229314994,5.437336445862994,108.74672891725996,-0.05437336445862998,-0.10874672891725996,0.02718668222931499,153.61941396659154,0.0,-405.5981791802709,0.0,-255.0,0.0,-30.731559941904152,-140.0,0.0,-80.0,350.2709416172641,-325.0,-81.50997633445552,40.0,127.5,-175.13547080863205,0.0,70.0,-185.29553094488116,-207.6332445995289,81.50997633445552,325.0,-207.6332445995289,30.731559941904152,44.444920933540814,0.0,1496.5981,hplb
75,0.0,0.0,0.0,0.0,0.0,0.0,0.0,0.0,-0.10653627704748925,0.0,0.0,0.0,0.0,0.0,0.0,0.0,-513.6589553806483,813.6589553806483,0.0,0.0,0.0,0.0,0.0,858.6748738186925,0.0,65.48214935831234,0.0,0.0,0.0,-733.0147240462527,0.4841679245266583,-0.4841679245266583,134.72668238715823,0.0,0.0,0.0,0.0,917.7075855719124,0.0,-1000.0,345.82722190311915,0.0,0.0,0.0,0.0,0.0,0.0,0.0,0.0,0.0,0.0,-812.8776389538384,0.0,0.1171899047525328,0.0,0.0,0.0,21.307255409497852,0.0,0.0,60.592403542271626,0.0,0.0,-157.235585027743,0.0,0.0,0.0,0.0,0.0,0.0,0.0,1.0653627704748927,0.0,0.0,0.0,0.0,0.0,0.0,0.0,0.0,0.0,0.0,118.22287013640201,0.0,63.92176622849356,0.0,0.0,0.0,-924.7078444930247,945.6666001878331,-0.026634069261872315,0.0,0.0,-467.5868716596896,31.96088311424678,0.0,31.96088311424678,-267.30415627198107,0.0,0.0,219.30157598873933,5.326813852374463,-733.0147240462527,0.0,0.0,-2.9188658900919635,0.0,0.0,0.0,0.0,0.0,0.0,0.0,0.0,0.0,0.0,0.0,0.0,0.0,0.0,0.0,0.0,0.0,0.0,-323.11234618464096,0.0,0.0,31.96088311424678,0.0,33.026245884721675,0.0,0.0,-1000.0,1000.0,0.0,0.0,-217.82798857001464,-437.5000000000004,437.5000000000004,0.0,0.0,0.0,0.0,0.0,0.0,-110.01957680374534,0.10653627704748925,0.0,0.0,0.0,-762.0683321850341,762.0683321850341,0.0,0.0,0.0,0.0,763.5352172399678,0.0,0.0,0.0,0.0,0.0,558.380074780154,558.380074780154,0.0,0.0,0.0,0.0,0.0,0.0,0.0,558.9707789817281,0.0,0.0,0.0,-747.5423451580792,-728.9257658246433,0.0,0.0,0.0,0.0,0.0,0.0,0.0,0.0,0.0,0.0,0.0,0.0,0.0,0.0,288.32659418578373,0.0,0.0,0.0,0.0,0.0,0.0,812.8776389538384,-0.7813164268099513,0.7813164268099513,217.82798857001464,0.0,0.0,0.0,0.0,0.0,0.0,0.0,-709.6242900404341,0.0,0.0,0.0,0.0,0.0,0.0,0.0,0.0,0.0,0.0,0.0,0.0,0.0,0.0,-57.385489181004296,433.79604047306265,0.0,0.0,0.0,0.0,-217.82798857001464,0.0,0.0,0.0,0.0,60.592403542271626,433.79604047306265,0.4841679245266583,0.0,0.0,0.0,0.0,0.0,0.0,0.0,0.0,0.0,0.0,0.0,130.00786893905013,-793.9186591271647,812.0963225270284,0.0,-433.79604047306265,0.0,0.0,217.82798857001464,129.97425799793692,0.0,0.0,0.0,-79.09893201927105,0.0,0.0,780.1590410395285,0.0,0.0,780.1590410395285,0.0,0.0,-925.4891609198346,0.0,0.0,0.0,0.0,297.2362129624951,0.0,0.0,0.0,-305.3329700181043,0.0,305.3329700181043,0.0,1000.0,0.0,0.0,-244.95628427083633,0.0,0.0,0.0,60.592403542271626,-0.1598044155712339,0.0,0.0,0.0,0.0,0.10653627704748925,0.0,0.0,0.0,-320.2874773000305,-513.6589553806483,0.0,-1000.0,400.7327312388124,728.9257658246433,373.9730066042017,0.0,9.172773453789118,0.0,-2.9188658900919635,0.0,0.0,0.0,-9.172773453789118,0.0,0.0,-1000.0,-1000.0,0.0,0.0,0.0,0.0,0.0,0.0,0.0,0.0,0.0,0.0,0.0,0.0,0.0,0.0,0.0,0.0,0.0,1000.0,0.0,92.99585775398862,0.0,0.0,263.3895202265257,0.0,0.0,0.0,619.1087612665435,0.0,101.07870585233732,0.0,0.0,0.0,0.0,0.0,13.317034630936169,-2.6634069261872315,0.0,0.0,0.0,-143.4510970444443,0.0,0.0,-193.96861917031254,852.977901140403,0.0,-5.326813852374463,0.0,0.0,-504.9045572208973,0.0,0.0,31.96088311424678,125.00000000000011,-125.00000000000011,0.0,0.0,0.0,0.0,326.3214265057575,326.3214265057574,-326.3214265057574,-326.3214265057574,38.4537783348556,0.0,0.0,-441.24229357236686,0.0,0.0,0.0,0.0,0.0,-96.64318148547139,0.0,0.0,3.8150984131643213,0.0,0.0,0.0,0.0,-89.34637229525107,0.21307255409486042,0.0,0.0,0.0,0.0,0.0,0.0,0.0,0.0,0.0,0.0,0.0,0.0,0.0,0.0,0.0,0.0,0.0,0.0,0.0,0.1171899047525328,0.1171899047525328,0.4841679245266583,171.1783281827971,0.0,63.92176622849356,0.0,0.0,0.0,1000.0,0.0,0.0,0.0,0.0,0.0,910.4078146139015,-1000.0,0.0,0.0,0.0,0.0,0.0,3.8150984131643213,0.0,0.0,0.0,0.0,0.0,0.0,0.0,107.70411539488032,320.2874773000305,0.0,175.32477068700192,8.203293332656667,0.0,-467.5868716596896,0.0,0.0,0.0,862.1795980661745,0.0,0.0,821.0614423186504,0.0,0.0,0.0,0.0,0.0,0.0,0.0,0.0,0.0,0.0,0.0,0.0,0.0,0.0,0.0,0.0,63.92176622849356,217.82798857001464,217.82798857001464,0.0,0.0,0.0,0.0,0.0,0.0,0.0,0.0,0.0,0.0,1.0653627704748927,0.0,0.4841679245266583,0.0,0.0,0.4841679245266583,812.8776389538384,0.0,0.0,31.96088311424678,0.0,0.0,0.0,0.0,175.32477068700192,0.0,0.0,0.0,0.0,0.0,1000.0,1000.0,0.0,31.96088311424678,31.96088311424678,1000.0,-1000.0,0.0,3.8150984131643213,0.0,0.0,0.0,0.0,0.0,733.0147240462527,0.0,824.5749479627082,0.10653627704748925,0.0,0.0,0.0,140.69637330935922,0.0,0.0,467.5868716596896,0.0,0.0,0.0,0.0,0.0,0.0,3.709862811363593,0.0,0.0,0.0,0.0,0.0,0.0,0.0,0.10653627704748925,0.0,0.0,0.0,429.5044731097673,-429.5044731097673,0.0,0.0,0.0,0.0,0.0,1000.0,0.0,-16.423012654593407,-907.0041422460114,-7.9902207785617065,0.0,-5.326813852374463,0.0,-312.50000000000006,-312.50000000000006,312.50000000000006,0.0,0.0,0.0,0.0,0.0,0.0,0.0,217.82798857001464,728.9257658246433,0.0,0.0,-499.5777433685228,0.0,0.0,0.0,-0.10653627704748925,0.0,0.0,0.10653627704748925,0.0,0.10653627704748925,11.12958843409078,0.0,0.0,63.92176622849356,129.97425799793692,129.97425799793692,0.0,0.0,0.0,0.0,0.0,0.0,101.07870585233732,0.0,0.0,0.0,0.0,0.0,0.0,0.0,0.0,0.0,0.0,0.0,0.0,0.0,0.0,0.0,0.0,0.0,0.0,0.0,0.0,0.0,0.0,-54.352560924221564,54.352560924221564,0.1598044155712339,0.0,0.0,0.0,-31.96088311424678,0.0,0.0,0.0,0.0,0.0,-171.1783281827971,5.326813852374463,0.0,0.0,0.0,0.0,0.0,-3.914636045455387,-5.326813852374463,0.0,0.0,0.0,0.0,0.0,0.0,0.0,217.82798857001464,0.0,0.0,229.1927519219894,171.1783281827971,0.0,303.6927445905022,-2.9188658900919635,0.0,615.1941252210881,117.50171850693073,-732.6958437280189,0.0,0.0,0.0,5.326813852374463,406.9014721288621,0.0,0.0,-0.4841679245266583,-96.64318148547139,0.0,0.0,435.1537933630418,-435.1537933630418,0.0,-508.6050165382715,0.0,0.0,0.0,0.0,-15.980441557123584,129.97425799793692,0.0,187.98416792452664,187.98416792452664,-187.5,0.0,0.0,0.0,0.0,0.0,0.0,0.0,0.0,179.1685489613588,-140.69637330935922,-1000.0,0.0,31.96088311424678,0.0,0.0,0.0,0.0,348.9991475038383,0.0,0.0,0.1171899047525328,0.0,0.0,0.0,64.98712899896846,0.0,0.0,0.0,0.0,-57.385489181004296,0.0,0.0,0.0,0.0,0.0,0.0,0.0,0.0,-992.9345029857163,0.0,0.01065362770474923,0.01065362770474923,0.0,0.0,0.0,0.0,0.0,11.12958843409078,0.0,0.0,0.0,0.0,0.4841679245266583,0.0,0.0,0.0,0.0,171.1783281827971,0.0,0.0,0.0,0.0,0.0,0.0,0.0,0.0,0.0,0.0,0.0,0.0,-214.44027180745826,0.0,813.6589553806483,0.0,0.0,0.0,63.92176622849356,0.0,0.0,0.0,0.0,0.0,936.0782337715065,-1000.0,0.0,0.0,0.0,0.0,0.0,0.0,0.0,0.0,0.0,0.4841679245266583,0.4841679245266583,0.0,-824.5749479627082,-1000.0,72.97734977753015,-31.96088311424678,0.0,0.0,906.5779971378216,0.0,0.0,0.0,0.0,0.0,0.0,0.0,0.0,0.0,0.0,0.0,0.0,0.0,0.0,0.0,0.0,0.0,-13.31703463093617,217.82798857001464,-7.9902207785617065,7.990220778561706,0.0,0.0,0.0,0.0,0.0,0.0,-1.331703463093616,96.64318148547139,0.0,0.0,0.0,0.0,0.0,0.0,0.0,1000.0,31.96088311424678,31.96088311424678,0.0,0.0,0.0,0.0,0.0,0.1171899047525328,171.1783281827971,0.0,0.0,-917.7075855719124,0.0,0.0,0.0,0.0,0.0,0.0,0.0,0.0,0.0,0.0,0.0,0.0,0.0,0.0,0.0,0.0,0.0,0.0,0.0,111.86309089986374,109.28199918499399,0.0,0.0,0.0,0.0,0.0,171.1783281827971,0.0,0.0,0.0,0.0,0.0,-13.31703463093617,0.0,0.0,0.0,0.0,0.0,0.0,0.0,0.0,0.0,0.0,0.0,0.0,0.0,0.0,0.0,0.0,0.0,0.0,-0.10653627704748925,0.0,0.0,5.326813852374463,-910.4078146139015,0.0,0.0,0.0,0.0,217.82798857001464,0.0,0.0,0.0,9.172773453789118,2.6634069261872315,0.0,0.0,65.48214935831234,0.10653627704748925,0.0,106.53627704748925,-33.026245884721675,21.307255409497852,0.7609734074820661,297.2362129624951,-0.07990220778561695,5.326813852374471,2.1307255409497854,10.59690704885356,-297.2362129624951,31.96088311424678,-0.10653627704748925,0.9729552966973212,3.8150984131643213,0.026634069261872315,0.7609734074820661,-2.9188658900919635,-16.96057530595987,-1.6465576164231406,-300.0,-0.10653627704748926,0.026634069261872315,-297.2362129624951,10.653627704748926,0.10653627704748926,0.10653627704748925,-170.95460200099706,0.11718990475223849,-218.23532290222502,-0.07990220778561695,31.96088311424678,0.10653627704748926,31.96088311424678,-53.26813852374463,-0.05326813852374463,-539.4621625575588,207.06782458821823,-0.07990220778561695,-0.10653627704748926,-33.026245884721675,0.10653627704748925,10.653627704748926,-2.1307255409497854,0.0,0.0,-10.653627704748926,300.0,0.0,21.307255409497852,0.1598044155712339,-906.4775442577586,10.653627704748926,-107.70411539488032,3.8150984131643213,-21.307255409497852,0.05326813852374463,1.0653627704748927,250.0,192.48558359229494,-0.10653627704748925,-195.14899051848238,170.95460200099706,33.026245884721675,0.10653627704748926,16.96057530595987,-124.02843404382266,3.8150984131643213,-0.10653627704748925,-0.026634069261872315,-3.8150984131643213,-0.10653627704748926,-89.34637229525107,0.10653627704748926,-0.026634069261872315,-0.026634069261872315,-0.026634069261872315,42.614510818995704,53.26813852374463,1.0653627704748927,229.85004998383948,-0.026634069261872315,499.0270447033027,5.326813852374463,50.0,0.10653627704748925,0.05326813852374463,0.05326813852374463,12.561176911331087,33.026245884721675,0.10653627704748925,-33.026245884721675,1.0653627704748927,0.10653627704748926,-531.690021436403,0.10653627704748926,0.4261451081897576,-10.59690704885356,0.05326813852374463,0.026634069261872315,31.96088311424678,-0.10653627704748926,218.23532290222502,0.8232788082115703,-459.70009996767897,2.663406926187224,-10.653627704748926,21.307255409497852,5.326813852374463,-0.10653627704748926,2.9188658900919635,0.1598044155712339,-0.10653627704748926,-25.122353822662173,33.026245884721675,-215.955622141766,0.05326813852374463,-100.0,-0.10653627704748926,-0.10653627704748926,-0.10653627704748926,0.05326813852374463,297.2362129624951,-21.307255409497852,0.10653627704748925,500.0,-0.026634069261872315,-0.11718990475223849,-500.0,15.980441557123386,-207.06782458821823,658.7009297751041,297.2362129624951,-0.07990220778561695,195.14899051848238,-192.48558359229494,0.10653627704748926,-0.02663406926187232,5.326813852374463,106.53627704748925,-0.05326813852374463,-0.10653627704748926,0.026634069261872315,0.0,0.0,886.2468368512365,301.8399714525635,-255.0,0.0,-284.6852042578659,-140.0,0.0,-80.0,-56.84216785426149,-325.0,-20.17743926799841,40.0,127.5,28.421083927130745,0.0,70.0,-171.1783281827971,-133.04352536207227,20.17743926799841,325.0,-133.04352536207227,284.6852042578659,-85.65519895939609,0.0,1496.5981,hplb
76,0.0,0.0,0.0,0.0,0.0,0.0,0.0,0.0,-0.10590450288649811,0.0,0.0,0.0,0.0,0.0,0.0,0.0,-433.3333333333333,733.3333333333333,0.0,0.0,0.0,0.0,0.0,0.0,0.0,0.0,0.0,0.0,0.0,-448.2469049759213,0.0,0.0,111.34151961334601,0.0,0.0,0.0,0.0,999.5763819884544,0.0,-1000.0,1000.0,0.0,0.0,266.6666666666667,0.0,0.0,640.0888689737311,0.0,0.0,-889.2839850844915,0.0,-866.6666666666666,0.0,0.11649495317506454,0.0,0.0,0.0,0.0,0.0,0.0,-9.326656554204078,0.0,9.326656554204078,0.0,0.0,0.0,0.0,0.0,0.0,0.0,0.0,1.0590450288649813,0.0,0.0,0.0,0.0,0.0,0.0,0.0,0.0,0.0,0.0,284.56923489732435,0.0,63.54270173189887,0.0,0.0,0.0,5.382736430615438,0.0,549.7963477820676,0.0,0.0,-1000.0,31.771350865949437,0.0,31.771350865949437,0.0,0.0,0.0,284.56923489732435,396.6763224491679,-638.4746797356032,0.0,0.0,-26.317990872862403,0.0,37.644755667444294,0.0,0.0,0.0,0.0,0.0,0.0,0.0,0.0,0.0,0.0,0.0,0.0,0.0,0.0,0.0,0.0,-556.4391787898483,0.0,0.0,31.771350865949437,0.0,32.830395894814416,0.0,0.0,-318.00167358556536,318.00167358556536,0.0,0.0,-1000.0,0.0,0.0,1000.0,0.0,0.0,0.0,0.0,0.0,-276.414588175064,0.10590450288649811,549.8228239077893,0.0,0.0,-958.9722934801196,247.9923917244678,0.0,0.0,46.05831216540355,0.0,490.11860756027147,0.0,0.0,0.0,0.0,0.0,360.0170355291554,360.0170355291554,0.0,0.0,0.0,0.0,-925.4578557919119,0.0,0.0,360.1229400320419,0.0,0.0,0.0,-1000.0,-949.9263166040748,0.0,0.0,0.0,0.0,0.0,0.0,0.0,0.0,0.0,-779.6128678620553,0.0,0.0,0.0,0.0,-1000.0,0.0,0.0,0.0,0.0,0.0,889.2839850844915,866.6666666666666,133.33333333333337,-133.33333333333337,0.0,0.0,0.0,0.0,0.0,0.0,0.0,190.2277747596819,-423.1345022599806,0.0,0.0,0.0,0.0,0.0,0.0,0.0,0.0,0.0,0.0,0.0,0.0,0.0,199.58735049146674,653.341702910251,14.913571642587982,0.0,0.0,0.0,0.0,159.3036452084637,0.0,0.0,0.0,0.0,-9.326656554204078,-251.7530950240787,0.0,0.0,0.0,0.0,0.0,0.0,0.0,0.0,3.4101249929451143,21.180900577299624,0.0,0.0,-472.43950144326755,-600.3900983459855,1000.0,0.0,-14.913571642587982,0.0,0.0,0.0,-870.7965064784723,0.0,0.0,0.0,338.85469634649405,0.0,0.0,-1000.0,0.0,0.0,-1000.0,0.0,0.0,138.71606976394878,0.0,0.0,889.2839850844915,0.0,136.16991784486606,0.0,0.0,0.0,0.0,0.0,0.0,0.0,1000.0,0.0,0.0,-215.60670371629124,0.0,0.0,0.0,-9.326656554204078,-0.1588567543297472,0.0,0.0,0.0,0.0,0.10590450288649811,0.0,0.0,0.0,805.5148789326417,-433.3333333333333,0.0,-697.1567465640883,344.4287116060009,949.9263166040748,1000.0,0.0,0.0,0.0,-26.317990872862403,0.0,0.0,0.0,-9.118377698527404,1000.0,-990.8816223014726,-1000.0,-1000.0,0.0,0.0,0.0,0.0,0.0,0.0,0.0,0.0,0.0,0.0,0.0,0.0,0.0,0.0,0.0,0.0,0.0,634.571802498722,0.0,-365.42819750127796,0.0,0.0,0.0,0.0,87.54711356037956,0.0,273.0044631821188,0.0,0.0,0.0,540.0065521201334,391.381097304843,0.0,-611.8177424693548,0.0,0.0,-1000.0,-876.8623363993466,0.0,-504.2253429553309,812.5000000000005,611.8177424693548,-200.98577379674643,410.0164579820539,-2.647612572162453,-5.295225144324906,569.9299061336978,0.0,121.38984788345812,0.0,0.0,31.771350865949437,-375.00000000000034,375.00000000000034,0.0,0.0,0.0,0.0,0.0,-199.58735049146674,199.58735049146674,199.58735049146674,-56.35394004452397,0.0,0.0,0.0,0.0,0.0,190.2277747596819,0.0,0.0,-18.653313108408156,0.0,0.0,31.771350865949437,0.0,0.0,0.0,0.0,-89.4095497113502,0.21180900577287884,0.0,0.0,0.0,0.0,0.0,0.0,0.0,0.0,0.0,0.0,0.0,0.0,0.0,0.0,0.0,0.0,0.0,0.0,0.0,0.11649495317506454,0.11649495317506454,0.0,458.4064499141671,0.0,63.54270173189887,0.0,0.0,0.0,-401.5839590221751,0.0,0.0,0.0,0.0,0.0,273.7996817434905,401.5839590221751,0.0,0.0,0.0,0.0,0.0,31.771350865949437,0.0,0.0,0.0,0.0,0.0,0.0,0.0,185.47972626328274,-805.5148789326417,710.9799017556518,0.0,8.154646722260349,0.0,-1000.0,0.0,-159.3036452084637,0.0,273.7996817434905,0.0,378.76681240644666,-194.37668037430635,0.0,0.0,199.58735049146674,0.0,0.0,0.0,0.0,0.0,0.0,0.0,0.0,0.0,0.0,0.0,0.0,0.0,63.54270173189887,0.0,0.0,0.0,0.0,0.0,0.0,0.0,0.0,0.0,0.0,0.0,0.0,1.0590450288649813,0.0,0.0,0.0,0.0,0.0,866.6666666666666,0.0,0.0,31.771350865949437,0.0,0.0,0.0,0.0,0.0,0.0,0.0,0.0,0.0,0.0,-876.4581022741943,321.9920702022739,0.0,31.771350865949437,31.771350865949437,1000.0,401.5839590221751,0.0,31.771350865949437,0.0,0.0,0.0,0.0,0.0,638.4746797356032,190.2277747596819,1000.0,0.10590450288649811,0.0,0.0,139.86202527631886,0.0,0.0,0.0,1000.0,0.0,0.0,0.0,0.0,0.0,0.0,0.0,0.0,0.0,0.0,0.0,0.0,0.0,0.0,0.10590450288649811,0.0,0.0,0.0,0.0,0.0,0.0,0.0,0.0,0.0,-726.9955368178812,1000.0,-46.05831216540355,0.0,-1000.0,-7.942837716487359,-5.295225144324906,0.0,0.0,0.0,0.0,0.0,0.0,0.0,0.0,0.0,0.0,0.0,0.0,0.0,949.9263166040748,0.0,0.0,126.68507302778302,0.0,0.0,0.0,-0.10590450288649811,0.0,0.0,0.10590450288649811,0.0,0.10590450288649811,0.0,0.0,0.0,63.54270173189887,129.20349352152772,129.20349352152772,0.0,0.0,0.0,0.0,0.0,0.0,0.0,710.9799017556518,0.0,190.2277747596819,0.0,0.0,0.0,0.0,0.0,0.0,0.0,0.0,0.0,0.0,0.0,0.0,0.0,0.0,0.0,0.0,0.0,159.3036452084637,0.0,0.0,0.0,0.1588567543297472,0.0,0.0,0.0,-31.771350865949437,0.0,0.0,0.0,0.0,0.0,-458.4064499141671,5.295225144324906,0.0,0.0,0.0,0.0,925.4578557919119,-832.2121963840865,0.0,0.0,0.0,0.0,0.0,0.0,0.0,0.0,0.0,0.0,0.0,0.0,258.8190994227004,0.0,590.1035606008318,-26.317990872862403,0.0,167.7878036159135,0.0,-167.7878036159135,46.05831216540355,-1000.0,0.0,5.295225144324906,588.3915590813369,0.0,0.0,0.0,-18.653313108408156,0.0,0.0,0.0,0.0,0.0,0.0,0.0,0.0,0.0,771.670030145568,-7.94283771648733,129.20349352152772,0.0,0.0,0.0,0.0,0.0,0.0,0.0,0.0,0.0,3.4101249929451143,0.0,0.0,474.29212534714185,-139.86202527631886,0.0,0.0,31.771350865949437,0.0,0.0,0.0,0.0,113.6425997051299,0.0,0.0,0.11649495317506454,0.0,0.0,0.0,64.60174676076386,0.0,0.0,0.0,0.0,653.341702910251,0.0,0.0,0.0,0.0,0.0,0.0,0.0,0.0,1000.0,0.0,0.010590450288650114,0.010590450288650114,0.0,0.0,0.0,0.0,0.0,0.0,0.0,0.0,0.0,139.86202527631886,0.0,0.0,0.0,0.0,0.0,458.4064499141671,0.0,0.0,0.0,0.0,0.0,0.0,0.0,889.2839850844915,0.0,0.0,0.0,0.0,0.0,0.0,733.3333333333333,0.0,0.0,0.0,63.54270173189887,0.0,0.0,0.0,0.0,0.0,0.0,-63.54270173189887,0.0,0.0,0.0,0.0,0.0,0.0,0.0,0.0,0.0,0.0,0.0,0.0,-1000.0,-1000.0,72.54458447725119,825.0545959519649,-856.8259468179143,0.0,999.5763819884544,0.0,0.0,0.0,0.0,0.0,0.0,0.0,0.0,0.0,156.25,0.0,-156.25,-156.25,0.0,0.0,0.0,0.0,-13.238062860812306,0.0,-399.3239350213304,0.0,0.0,0.0,0.0,0.0,0.0,-1.3238062860812265,0.0,64.7116252738117,0.0,0.0,0.0,0.0,0.0,0.0,0.0,1000.0,31.771350865949437,31.771350865949437,0.0,0.0,0.0,0.0,0.0,0.11649495317506454,458.4064499141671,0.0,0.0,-999.5763819884544,0.0,0.0,0.0,0.0,0.0,0.0,0.0,0.0,0.0,0.0,0.0,0.0,0.0,0.0,0.0,0.0,0.0,0.0,0.0,111.19972803082302,8.154646722260349,0.0,0.0,0.0,0.0,0.0,458.4064499141671,0.0,826.9169712397614,0.0,0.0,0.0,-13.238062860812306,0.0,0.0,0.0,0.0,0.0,0.0,0.0,0.0,0.0,0.0,0.0,0.0,0.0,0.0,0.0,0.0,0.0,0.0,-0.10590450288649811,0.0,0.0,5.295225144324906,-273.7996817434905,0.0,0.0,0.0,0.0,0.0,0.0,0.0,0.0,9.118377698527404,2.647612572162453,0.0,0.0,0.0,0.10590450288649811,0.0,105.90450288649811,-32.830395894814416,21.180900577299624,0.756460734903558,295.4735630533297,-0.0794283771648736,200.98577379674643,2.1180900577299626,-0.5295225144321117,-295.4735630533297,31.771350865949437,-0.10590450288649812,8.772663624287468,31.771350865949437,0.02647612572162453,0.756460734903558,-26.317990872862403,-16.85999685953061,-2.1180900577299626,-300.0,-0.10590450288649812,0.02647612572162453,-295.4735630533297,10.590450288649812,0.10590450288649812,0.10590450288649811,-458.18405045810556,0.11649495317514824,-148.1150875789714,-0.0794283771648736,31.771350865949437,0.10590450288649812,31.771350865949444,-52.95225144324906,-0.05295225144324906,-289.36753823557524,-170.0,-0.0794283771648736,-0.10590450288649812,-32.830395894814416,0.10590450288649811,10.590450288649812,-2.1180900577299626,159.3036452084637,159.3036452084637,-10.590450288649812,300.0,-159.3036452084637,21.180900577299624,0.1588567543297472,458.4814872692641,10.590450288649812,-185.47972626328274,31.771350865949437,-21.180900577299624,0.05295225144324906,1.0590450288649813,174.28918664102207,280.0,-0.10590450288649811,-482.23496306362915,458.18405045810556,32.830395894814416,0.10590450288649812,16.85999685953061,-95.31405259784847,31.771350865949437,-0.10590450288649811,-0.02647612572162453,-31.771350865949437,-0.10590450288649812,-89.4095497113502,0.10590450288649812,-0.02647612572162453,-0.02647612572162453,-0.02647612572162453,42.36180115459925,52.95225144324906,1.0590450288649813,97.9356542538357,-0.02647612572162453,339.80570965775667,5.295225144324906,50.0,0.10590450288649811,0.05295225144324906,0.05295225144324906,26.47612572162453,32.830395894814416,0.10590450288649811,-32.830395894814416,1.0590450288649813,0.10590450288649812,-136.8829656094402,0.10590450288649812,0.4236180115456136,0.5295225144321117,0.05295225144324906,0.02647612572162453,31.771350865949437,-0.10590450288649812,148.1150875789714,1.0590450288649813,-195.8713085076714,198.33816122458396,-10.590450288649812,21.180900577299624,5.295225144324906,-0.10590450288649812,26.317990872862403,0.1588567543297472,-0.10590450288649812,-52.952251443249054,32.830395894814416,210.48006646972613,0.05295225144324906,-100.0,-0.10590450288649812,-0.10590450288649812,-0.10590450288649812,0.05295225144324906,295.4735630533297,-21.180900577299624,0.10590450288649811,348.57837328204414,-0.02647612572162453,-0.11649495317514824,-348.57837328204414,15.885675432974715,170.0,-431.708309164975,295.4735630533297,-0.0794283771648736,482.23496306362915,-280.0,0.10590450288649812,-0.026476125721624534,545.3017772644583,105.90450288649811,-0.05295225144324906,-0.10590450288649812,0.02647612572162453,0.0,0.0,-597.2505092846561,38.9473113556045,-255.0,0.0,300.8863709422046,-140.0,0.0,168.03410387012076,61.49103034008675,99.69544057752039,-138.71606976394878,-84.01705193506038,127.5,-30.745515170043376,0.0,70.0,-458.4064499141671,-324.122666174856,138.71606976394878,-99.69544057752039,-324.122666174856,-300.8863709422046,192.80498662570164,0.0,1496.5981,hplb
77,0.0,0.0,0.0,0.0,0.0,0.0,0.0,0.0,-0.1213711009699882,0.0,0.0,0.0,0.0,0.0,0.0,0.0,-843.8531566662516,744.9176267036062,0.0,250.9167816694444,0.0,0.0,0.0,0.0,0.0,0.0,0.0,0.0,0.0,198.26739474006726,0.0,0.0,96.69743245645766,0.0,0.0,0.0,0.0,464.04723463758376,0.0,-1000.0,524.2863601349868,0.0,-312.6249999999984,0.0,0.0,0.0,0.0,0.0,1000.0,0.0,0.0,1000.0,0.0,0.13350821106687968,0.0,0.0,0.0,24.27422019399764,0.0,0.0,65.84446637009772,0.0,163.7551776164666,0.0,0.0,0.0,0.0,0.0,0.0,0.0,0.0,1.213711009699882,0.0,0.0,0.0,0.0,0.0,0.0,0.0,0.0,0.0,0.0,561.8365747829827,0.0,72.82266058199292,0.0,0.0,196.2241984020619,508.8491984020603,138.96181651358438,0.0,0.0,0.0,0.0,36.41133029099646,0.0,36.41133029099646,0.0,0.0,0.0,561.8365747829827,6.06855504849941,-14.68514785106837,0.0,0.0,-40.62026621210568,0.0,906.2858079707146,0.0,0.0,0.0,0.0,0.0,0.0,0.0,0.0,0.0,0.0,0.0,0.0,0.0,0.0,0.0,0.0,-497.484146508932,0.0,0.0,36.41133029099646,0.0,37.62504130069634,22.105006062360232,0.0,0.0,0.0,0.0,0.0,0.0,0.0,0.0,-229.5996439865643,0.0,0.0,0.0,0.0,0.0,-552.4910000082936,0.1213711009699882,0.03034277524249705,0.0,0.0,108.10326472084422,-425.49822022524506,0.0,0.0,0.0,0.0,804.3680438342765,0.0,0.0,0.0,0.0,0.0,42.63284134919983,42.63284134919983,0.0,0.0,0.0,0.0,0.0,0.0,0.0,42.75421245016982,0.0,0.0,0.0,-74.3457819937128,-558.9782792425846,0.0,0.0,0.0,0.0,0.0,0.0,0.0,0.0,0.0,0.0,0.0,0.0,0.0,0.0,-1000.0,0.0,0.0,0.0,0.0,0.0,0.0,-687.3750000000016,-508.8491984020603,508.8491984020603,0.0,0.0,0.0,0.0,0.0,0.0,0.0,212.95254259113563,234.60580917193863,0.0,0.0,0.0,0.0,0.0,0.0,0.0,0.0,0.0,0.0,0.0,0.0,0.0,0.0,265.94339589239615,332.9607619261859,0.0,0.0,0.0,229.5996439865643,0.0,0.0,0.0,0.0,0.0,65.84446637009772,332.9607619261859,0.0,0.0,515.9309331546768,0.0,0.0,0.0,0.0,0.0,719.0524777991086,0.0,0.0,0.0,-705.0733968041222,0.0,0.0,0.0,-332.9607619261859,0.0,0.0,229.5996439865643,0.0,0.0,0.0,0.0,-195.2416700838479,0.0,0.0,-1000.0,0.0,0.0,-1000.0,0.0,0.0,0.0,0.0,290.7610115689283,0.0,0.0,382.83538383098755,0.0,0.0,0.0,-111.11206530381524,0.0,111.11206530381524,0.0,42.51147024822984,0.0,229.5996439865643,720.2565632384202,0.0,0.0,0.0,65.84446637009772,-0.1820566514549823,0.0,0.0,0.0,0.0,0.1213711009699882,0.0,0.0,0.0,244.5361919098949,-843.8531566662516,0.0,-1000.0,886.6596846504009,558.9782792425846,436.95561717151713,0.0,898.7455605520157,0.0,-40.62026621210568,0.0,0.0,0.0,883.4559038782598,-782.2014644302756,-1000.0,0.0,0.0,0.0,0.0,0.0,0.0,0.0,0.0,0.0,0.0,0.0,0.0,0.0,0.0,0.0,0.0,0.0,0.0,515.9309331546768,1000.0,0.0,535.4672809585362,0.0,0.0,715.1443283478749,0.0,0.0,0.0,-166.56147779081505,0.0,0.0,0.0,366.3543075231787,0.0,782.2014644302756,0.0,-457.3280544668901,0.0,0.0,0.0,-10.924661504931894,0.0,-423.6864506510435,0.0,451.25949941839065,0.0,-3.034277524249705,4.856106456432485,-1000.0,0.0,-325.13796101248533,1000.0,0.0,36.41133029099646,0.0,0.0,0.0,0.0,0.0,0.0,0.0,0.0,0.0,0.0,212.93454063496517,0.0,0.0,0.0,0.0,0.0,212.95254259113563,0.0,0.0,-97.91071124636886,0.0,0.0,123.74207325446602,0.0,0.0,0.0,0.0,-87.86288990300118,0.24274220194005744,0.0,0.0,0.0,0.0,0.0,0.0,0.0,0.0,0.0,0.0,0.0,0.0,0.0,0.0,0.0,0.0,0.0,0.0,0.0,0.13350821106687968,0.13350821106687968,0.0,224.02140148906773,0.0,72.82266058199292,0.0,0.0,0.0,-300.53309331378114,0.0,0.0,0.0,0.0,0.0,1000.0,300.53309331378114,0.0,0.0,526.2710202785872,0.0,0.0,123.74207325446602,0.0,0.0,0.0,0.0,0.0,0.0,0.0,165.82804883631067,-244.5361919098949,317.39495550440085,0.0,9.345574774689112,0.0,0.0,0.0,0.0,0.0,1000.0,0.0,912.1371100969989,0.0,0.0,0.0,0.0,0.0,0.0,0.0,0.0,0.0,0.0,0.0,0.0,0.0,0.0,0.0,0.0,0.0,72.82266058199292,229.5996439865643,229.5996439865643,0.0,0.0,0.0,0.0,0.0,0.0,0.0,0.0,0.0,0.0,1.213711009699882,0.0,0.0,0.0,0.0,0.0,-687.3750000000016,0.0,0.0,36.41133029099646,-526.2710202785872,0.0,0.0,0.0,0.0,0.0,0.0,0.0,0.0,0.0,0.0,289.71290446933403,0.0,36.41133029099646,36.41133029099646,368.34353851721596,300.53309331378114,0.0,123.74207325446602,0.0,0.0,0.0,0.0,0.0,16.193733745162866,212.95254259113563,0.0,0.1213711009699882,0.0,0.0,-203.80093729099,275.6687906011285,0.0,0.0,0.0,0.0,0.0,0.0,0.0,0.0,0.0,0.0,0.0,0.0,0.0,0.0,0.0,0.0,0.0,0.1213711009699882,0.0,0.0,0.0,596.8448835202205,-596.8448835202205,0.0,0.0,0.0,0.0,0.0,548.5828505570598,0.0,0.0,-464.5327190414638,-9.102832572749115,-6.06855504849941,0.0,0.0,0.0,0.0,0.0,0.0,0.0,0.0,0.0,0.0,0.0,0.0,229.5996439865643,558.9782792425846,0.0,0.0,-319.0694059639859,0.0,0.0,0.0,-0.1213711009699882,0.0,0.0,0.1213711009699882,0.0,0.1213711009699882,0.0,0.0,0.0,72.82266058199292,148.07274318338563,148.07274318338563,0.0,0.0,0.0,0.0,0.0,0.0,0.0,317.39495550440085,0.0,212.95254259113563,0.0,0.0,893.9059556717757,0.0,0.0,0.0,0.0,0.0,0.0,0.0,0.0,0.0,0.0,0.0,0.0,0.0,0.0,0.0,0.0,0.0,0.0,0.1820566514549823,0.0,0.0,0.0,-36.41133029099646,0.0,0.0,0.0,0.0,0.0,-224.02140148906773,6.06855504849941,0.0,0.0,0.0,0.0,0.0,709.0757732993754,0.0,0.0,0.0,0.0,0.0,0.0,0.0,0.0,229.5996439865643,0.0,526.2710202785872,0.0,224.02140148906773,0.0,618.1207353104032,-40.62026621210568,0.0,542.5142955085604,0.0,-542.5142955085604,0.0,-148.07274318338563,0.0,6.06855504849941,1000.0,0.0,0.0,0.0,-97.91071124636886,937.5000000002185,-937.5000000002185,-62.49999999964912,62.49999999964912,0.0,0.0,0.0,0.0,0.0,-18.205665145498315,0.0,148.07274318338563,0.0,0.0,0.0,0.0,0.0,0.0,0.0,0.0,0.0,719.0524777991086,0.0,0.0,251.32989920731512,-71.86785331013849,254.6062357955595,-312.6249999999984,36.41133029099646,0.0,0.0,0.0,0.0,309.46420498312665,0.0,0.0,0.13350821106687968,0.0,0.0,0.0,74.0363715916928,0.0,0.0,0.0,0.0,265.94339589239615,0.0,0.0,0.0,0.0,0.0,0.0,0.0,0.0,-643.0546217103644,0.0,0.01213711009699882,0.01213711009699882,0.0,0.0,0.0,0.0,0.0,0.0,0.0,0.0,0.0,-203.80093729099,0.0,0.0,0.0,0.0,0.0,224.02140148906773,0.0,0.0,0.0,0.0,0.0,0.0,0.0,0.0,0.0,0.0,0.0,0.0,0.0,-833.4035200941321,744.9176267036062,0.0,0.0,0.0,72.82266058199295,0.0,0.0,0.0,0.0,0.0,-285.55076274894725,212.7281021669543,0.0,0.0,0.0,0.0,0.0,0.0,0.0,0.0,0.0,0.0,0.0,0.0,1000.0,1.5085858940944945,977.0451598362176,0.0,-36.41133029099646,0.0,464.04723463758376,0.0,0.0,0.0,0.0,0.0,0.0,0.0,0.0,0.0,52.083333333333336,0.0,-52.083333333333336,-52.083333333333336,0.0,0.0,0.0,0.0,-15.171387621248524,229.5996439865643,-9.102832572749115,884.8031230990266,0.0,0.0,0.0,0.0,0.0,0.0,-1.5171387621248527,97.91071124636886,0.0,0.0,0.0,0.0,0.0,0.0,0.0,1000.0,36.41133029099646,36.41133029099646,0.0,0.0,0.0,0.0,0.0,0.13350821106687968,224.02140148906773,0.0,0.0,-464.04723463758376,0.0,0.0,0.0,0.0,0.0,0.0,0.0,0.0,0.0,0.0,0.0,0.0,0.0,0.0,0.0,0.0,0.0,22.105006062360232,0.0,127.43965601848761,9.345574774689112,0.0,0.0,0.0,0.0,0.0,224.02140148906773,0.0,0.0,0.0,0.0,0.0,-15.171387621248524,0.0,0.0,0.0,0.0,0.0,0.0,0.0,0.0,0.0,0.0,0.0,0.0,0.0,0.0,0.0,0.0,0.0,0.0,-0.1213711009699882,0.0,0.0,6.06855504849941,-1000.0,0.0,0.0,0.0,0.0,229.5996439865643,0.0,0.0,0.0,-883.4559038782598,3.034277524249705,0.0,0.0,0.0,0.1213711009699882,0.0,121.37110096998819,-15.520035238336106,24.27422019399764,0.8669364354999157,382.83538383098755,-0.09102832572749114,6.068555048499455,2.427422019399764,-0.6068555048500457,-382.83538383098755,36.41133029099646,-0.1213711009699882,13.540088737368562,123.74207325446602,0.03034277524249705,0.8669364354999157,-40.62026621210568,-19.32227927442227,-2.427422019399764,-151.98125170679896,-0.1213711009699882,0.03034277524249705,-382.83538383098755,12.13711009699882,0.1213711009699882,0.1213711009699882,-223.76652217703088,0.13350821106698701,-103.31978993524748,-0.09102832572749114,36.41133029099646,0.1213711009699882,36.41133029099646,-60.685550484994096,-0.0606855504849941,-619.8077214748176,-12.25848119796882,-0.09102832572749114,-0.1213711009699882,-15.520035238336106,0.1213711009699882,12.13711009699882,-2.427422019399764,0.0,0.0,-12.13711009699882,151.98125170679896,0.0,24.27422019399764,0.1820566514549823,-1000.0,12.13711009699882,-165.82804883631067,123.74207325446602,-24.27422019399764,0.0606855504849941,1.213711009699882,250.0,248.29562168306538,-0.1213711009699882,-251.32989920731512,223.76652217703088,37.62504130069634,0.1213711009699882,19.32227927442227,-21.903247909519983,123.74207325446602,-0.1213711009699882,-0.03034277524249705,-123.74207325446602,-0.1213711009699882,-87.86288990300118,0.12137110097000914,-0.03034277524249705,-0.03034277524249705,-0.03034277524249705,48.54844038799528,60.685550484994096,1.213711009699882,89.9208144311393,-0.03034277524249705,486.45991126263146,6.06855504849941,50.0,0.1213711009699882,0.0606855504849941,0.0606855504849941,-40.791675269050316,15.520035238336106,0.1213711009699882,-15.520035238336106,1.213711009699882,0.1213711009699882,-89.9208144311393,0.1213711009699882,0.48548440388005787,0.6068555048500457,0.0606855504849941,0.03034277524249705,36.41133029099646,-0.1213711009699882,103.31978993524748,1.213711009699882,-179.8416288622786,3.03427752424966,-12.13711009699882,24.27422019399764,6.06855504849941,-0.1213711009699882,40.62026621210568,0.1820566514549823,-0.1213711009699882,81.58335053810063,15.520035238336106,224.23924960581866,0.0606855504849941,-100.0,-0.1213711009699882,-0.12137110097000914,-0.1213711009699882,0.0606855504849941,382.83538383098755,-24.27422019399764,0.1213711009699882,500.0,-0.03034277524249705,-0.13350821106698701,-500.0,18.205665145498227,12.258481197968807,540.4505620947715,382.83538383098755,-0.09102832572749114,251.32989920731512,-248.29562168306538,0.1213711009699882,-0.030342775242497046,372.42286257167814,121.37110096998819,-0.0606855504849941,-0.1213711009699882,0.03034277524249705,0.0,0.0,860.9774979359306,0.0,-255.0,0.0,-33.544314079500026,-140.0,0.0,-80.0,-196.58849461685713,-325.0,-138.96181651358438,40.0,127.5,98.29424730842857,0.0,70.0,-224.02140148906773,-533.7034545889453,138.96181651358438,325.0,-533.7034545889453,33.544314079500026,-11.88908813348943,0.0,1496.5981,hplb
78,0.0,0.0,0.0,0.0,0.0,0.0,0.0,0.0,-0.12230164472181308,0.0,0.0,0.0,0.0,0.0,0.0,0.0,1000.0,0.0,0.0,-791.9413569754023,0.0,0.0,0.0,258.8273728126938,0.0,0.0,0.0,0.0,0.0,-576.9604947173316,0.0,0.0,75.72677589236224,0.0,0.0,0.0,0.0,-17.48098175223717,0.0,-127.79903796621123,963.309506583456,0.0,-334.09037357901445,0.0,0.0,0.0,0.0,0.0,-398.73223838036847,0.0,0.0,0.0,0.0,0.13453180919399443,0.0,0.0,0.0,24.460328944362615,0.0,0.0,-77.30324255823533,0.0,0.0,-77.30324255823533,0.0,0.0,0.0,0.0,0.0,0.0,0.0,1.2230164472181309,0.0,0.0,0.0,0.0,0.0,0.0,0.0,201.5131089916822,0.0,0.0,0.0,0.0,73.38098683308785,0.0,66.5325443797337,158.5180673681989,0.0,-759.6023765207475,-0.03057541118045327,0.0,0.0,-311.8848985868353,36.69049341654392,0.0,36.69049341654392,-3.9381129600442932,0.0,0.0,0.0,6.115082236090654,-1000.0,0.0,0.0,-61.57035775928569,0.0,0.0,0.0,0.0,0.0,0.0,0.0,0.0,0.0,0.0,0.0,0.0,0.0,0.0,0.0,0.0,0.0,0.0,-289.37081993067284,0.0,0.0,36.69049341654392,0.0,37.91350986376205,37.91350986376205,0.0,0.0,0.0,0.0,0.0,0.0,0.0,0.0,0.0,0.0,0.0,0.0,0.0,0.0,75.94977102331329,0.12230164472181308,0.0,0.0,0.0,-738.9435090950591,69.91614520382791,0.0,0.0,0.0,0.0,847.926449578794,0.0,0.0,0.0,0.0,0.0,250.4137558756988,250.4137558756988,0.0,0.0,0.0,0.0,-547.4848727050966,0.0,0.0,250.5360575204206,0.0,0.0,0.0,-568.0859669922239,-608.4483284136134,0.0,0.0,0.0,0.0,0.0,0.0,0.0,0.0,0.0,0.0,0.0,0.0,0.0,0.0,-1000.0,0.0,0.0,0.0,0.0,0.0,0.0,334.09037357901445,906.1237974331551,-906.1237974331551,0.0,0.0,0.0,0.0,0.0,0.0,0.0,423.0395052826684,-45.72067064335808,0.0,0.0,0.0,0.0,0.0,0.0,0.0,0.0,0.0,0.0,0.0,0.0,0.0,0.0,658.303917681566,-358.3976404813144,0.0,0.0,0.0,0.0,29.934482029653637,0.0,0.0,0.0,0.0,-77.30324255823533,-358.3976404813144,0.0,0.0,0.0,0.0,0.0,0.0,0.0,0.0,0.0,0.0,0.0,0.0,240.21417101216957,-1000.0,1000.0,0.0,358.3976404813144,0.0,0.0,0.0,-271.30214057431874,0.0,0.0,0.0,-257.1119922584147,0.0,0.0,-1000.0,0.0,0.0,-1000.0,0.0,0.0,906.1237974331551,0.0,354.39661146992233,0.0,0.0,387.114126471729,0.0,0.0,0.0,-417.4417694086898,0.0,417.4417694086898,0.0,50.6938210917759,0.0,0.0,-312.9565204912514,0.0,0.0,0.0,-77.30324255823533,-0.18345246708271962,0.0,0.0,0.0,0.0,0.12230164472181308,0.0,0.0,0.0,933.3750245538024,1000.0,0.0,-918.0074234854624,707.5921511508354,608.4483284136134,1000.0,0.0,-59.26683921523761,0.0,-61.57035775928569,0.0,0.0,0.0,264.13298353003063,795.133855685207,-1000.0,-164.398742465231,-323.4681326750519,0.0,0.0,0.0,0.0,0.0,0.0,0.0,0.0,0.0,0.0,0.0,0.0,0.0,0.0,0.0,0.0,0.0,-1000.0,0.0,-983.0082248266501,0.0,0.0,0.0,0.0,0.0,0.0,-75.94977102331329,0.0,0.0,0.0,0.0,0.0,0.0,0.0,0.0,996.9424588819546,-795.133855685207,0.0,-689.6874615139152,303.9377172380996,256.7199630034004,0.0,-6.115082236090654,0.0,-1000.0,683.5723792778246,-75.43430847128428,0.0,0.0,0.0,343.5434362134899,36.69049341654392,0.0,0.0,0.0,609.5022820218717,0.0,0.0,0.0,0.0,0.0,0.0,-317.3922532069489,0.0,0.0,0.0,0.0,0.0,423.0395052826684,0.0,0.0,-21.541396357003265,0.0,0.0,0.0,0.0,0.0,0.0,0.0,-47.41393962620915,0.24460328944367404,0.0,0.0,0.0,0.0,0.0,0.0,0.0,0.0,0.0,0.0,0.0,0.0,0.0,0.0,0.0,0.0,0.0,0.0,0.0,0.13453180919399443,0.13453180919399443,0.0,255.53967105563737,0.0,73.38098683308785,0.0,0.0,0.0,1000.0,0.0,0.0,66.5325443797337,0.0,0.0,426.3728401540665,-1000.0,0.0,0.0,0.0,0.0,0.0,0.0,0.0,0.0,0.0,0.0,0.0,0.0,0.0,96.45693997689095,-933.3750245538024,669.0273638912312,0.0,75.94977102331329,0.0,0.0,-311.8848985868353,-341.8193806164889,0.0,426.3728401540665,0.0,1000.0,-621.0410994721426,0.0,0.0,0.0,0.0,0.0,0.0,0.0,0.0,0.0,0.0,0.0,0.0,0.0,0.0,0.0,0.0,73.38098683308785,0.0,0.0,0.0,0.0,0.0,0.0,0.0,0.0,0.0,0.0,0.0,0.0,1.2230164472181309,0.0,0.0,66.5325443797337,-66.5325443797337,0.0,334.09037357901445,0.0,0.0,36.69049341654392,0.0,0.0,0.0,0.0,0.0,0.0,0.0,0.0,0.0,0.0,0.0,184.03154088349885,0.0,36.69049341654392,36.69049341654392,1000.0,-1000.0,0.0,0.0,0.0,0.0,0.0,0.0,0.0,164.398742465231,423.0395052826684,0.0,0.12230164472181308,0.0,0.0,-314.08148687138157,323.94424093501925,0.0,0.0,311.8848985868353,0.0,0.0,0.0,0.0,0.0,0.0,0.0,0.0,0.0,0.0,0.0,0.0,0.0,0.0,0.12230164472181308,0.0,0.0,0.0,1000.0,-1000.0,0.0,0.0,0.0,0.0,-75.94977102331329,0.0,0.0,0.0,16.991775173349865,-9.172623354135983,0.0,-6.115082236090659,0.0,0.0,0.0,0.0,0.0,0.0,0.0,0.0,0.0,0.0,0.0,0.0,608.4483284136134,0.0,0.0,349.6585184495806,0.0,0.0,0.0,-0.12230164472181308,0.0,0.0,0.12230164472181308,0.0,0.12230164472181308,0.0,0.0,0.0,73.38098683308785,149.20800656061195,149.20800656061195,0.0,0.0,0.0,0.0,0.0,0.0,0.0,669.0273638912312,0.0,423.0395052826684,0.0,0.0,0.0,274.66315514057874,0.0,0.0,0.0,0.0,0.0,0.0,0.0,0.0,0.0,0.0,0.0,0.0,0.0,29.934482029653637,0.0,0.0,0.0,0.18345246708271962,0.0,0.0,0.0,-36.69049341654392,0.0,0.0,0.0,0.0,0.0,-255.53967105563737,6.115082236090654,0.0,0.0,0.0,0.0,547.4848727050966,0.0,-6.115082236090659,0.0,0.0,0.0,0.0,0.0,0.0,0.0,0.0,0.0,0.0,154.09705885384523,255.53967105563737,0.0,969.5670349468686,-61.57035775928569,0.0,0.0,0.0,0.0,0.0,-420.51014713493066,0.0,6.115082236090659,382.3028635169452,0.0,0.0,0.0,-154.60648511647065,0.0,0.0,0.0,0.0,0.0,0.0,0.0,0.0,0.0,104.60819116507685,-122.95343787334875,149.20800656061195,0.0,-312.50000000000006,-312.50000000000006,312.50000000000006,0.0,0.0,0.0,0.0,0.0,0.0,0.0,0.0,160.10410324469652,-9.862754063637624,0.0,-334.09037357901445,36.69049341654392,66.5325443797337,0.0,0.0,0.0,482.84551478035365,0.0,0.0,0.13453180919399443,0.0,0.0,0.0,74.60400328030597,0.0,0.0,0.0,0.0,658.303917681566,0.0,0.0,0.0,0.0,0.0,0.0,0.0,0.0,0.0,0.0,0.012230164472181308,0.012230164472181308,0.0,0.0,0.0,0.0,0.0,0.0,0.0,0.0,0.0,-314.08148687138157,0.0,0.0,0.0,0.0,0.0,255.53967105563737,0.0,0.0,0.0,0.0,0.0,0.0,0.0,0.0,0.0,0.0,0.0,133.0650887594674,497.813389693166,1000.0,0.0,0.0,0.0,0.0,73.38098683308785,0.0,0.0,0.0,0.0,0.0,0.0,-73.38098683308785,0.0,133.0650887594674,0.0,0.0,0.0,0.0,0.0,0.0,0.0,0.0,0.0,0.0,676.531867324948,-1000.0,358.4397817750207,662.5272979758901,-699.217791392434,0.0,-17.48098175223717,0.0,0.0,0.0,0.0,0.0,0.0,0.0,0.0,0.0,260.4166666666667,0.0,-260.4166666666667,-260.4166666666667,0.0,0.0,0.0,0.0,-15.287705590226642,0.0,-9.172623354135983,388.4439696597916,0.0,0.0,0.0,0.0,0.0,0.0,-1.5287705590226637,21.541396357003265,0.0,0.0,0.0,0.0,0.0,0.0,0.0,1000.0,36.69049341654392,36.69049341654392,0.0,0.0,0.0,0.0,201.5131089916822,0.13453180919399443,255.53967105563737,0.0,0.0,17.48098175223717,0.0,0.0,0.0,0.0,0.0,0.0,0.0,0.0,0.0,0.0,0.0,0.0,0.0,0.0,0.0,0.0,0.0,37.91350986376205,0.0,128.41672695790373,75.94977102331329,0.0,0.0,0.0,0.0,0.0,255.53967105563737,0.0,-3.9381129600442932,0.0,0.0,0.0,-15.287705590226642,0.0,0.0,0.0,0.0,0.0,0.0,0.0,0.0,0.0,0.0,0.0,0.0,0.0,0.0,0.0,0.0,0.0,0.0,-0.12230164472181308,0.0,0.0,6.115082236090654,-426.3728401540665,0.0,0.0,0.0,0.0,0.0,0.0,0.0,0.0,-264.13298353003063,3.057541118045327,0.0,0.0,0.0,0.12230164472181308,0.0,122.30164472181308,0.0,24.460328944362615,0.8735831765843791,417.0486085013826,-0.09172623354135981,6.115082236090654,2.4460328944362617,-0.6115082236091185,-417.0486085013826,36.69049341654392,-0.12230164472181308,20.523452586428565,0.0,0.03057541118045327,0.8735831765843791,-61.5703577592857,-86.00296621944824,-2.4460328944362617,-208.0586430245977,-0.12230164472181308,0.03057541118045327,-417.0486085013826,12.230164472181308,0.12230164472181308,0.12230164472181308,-255.28283760172158,-66.3980125705397,0.0,-0.09172623354135981,36.69049341654392,0.12230164472181308,36.69049341654393,-61.15082236090654,-0.06115082236090654,-724.7857340602226,-42.28694814655677,-0.09172623354135981,-0.12230164472181308,0.0,0.12230164472181308,12.230164472181308,-2.4460328944362617,29.934482029653637,29.934482029653637,-12.230164472181308,208.0586430245977,-29.934482029653637,24.460328944362615,0.18345246708271962,-1000.0,12.230164472181308,-96.45693997689095,0.0,-24.460328944362615,0.06115082236090654,1.2230164472181309,229.5018558713656,280.0,-0.12230164472181308,-283.05754111804526,255.28283760172158,37.91350986376205,0.12230164472181308,86.00296621944824,-146.76197366617572,0.0,-0.12230164472181308,-0.03057541118045327,0.0,-0.12230164472181308,-47.41393962620915,0.12230164472180567,-0.03057541118045327,-0.03057541118045327,-0.03057541118045327,48.92065788872523,61.15082236090654,1.2230164472181309,90.61023103327574,-0.03057541118045327,438.4802591563026,6.115082236090654,29.82205204919523,0.12230164472181308,0.06115082236090654,0.06115082236090654,12.230164472181308,0.0,0.12230164472181308,0.0,1.2230164472181309,0.12230164472181308,-90.61023103327574,0.12230164472181308,0.48920657888730545,0.6115082236091185,0.06115082236090654,0.03057541118045327,36.69049341654392,-0.12230164472181308,0.0,1.2230164472181309,-181.22046206655148,3.0575411180453287,-12.230164472181308,24.460328944362615,6.115082236090654,-0.12230164472181308,61.5703577592857,0.18345246708271962,-0.12230164472181308,-24.460328944362615,0.0,-287.28431134730977,0.06115082236090654,-59.64410409839046,-0.12230164472181308,-0.12230164472180567,-0.12230164472181308,0.06115082236090654,417.0486085013826,-24.460328944362615,0.12230164472181308,459.0037117427312,-0.03057541118045327,66.3980125705397,-459.0037117427312,18.34524670827196,42.28694814655676,401.776549115983,417.0486085013826,-0.09172623354135981,283.05754111804526,-280.0,0.12230164472181308,-0.030575411180453267,6.115082236090659,122.30164472181308,-0.06115082236090654,-0.12230164472181308,0.03057541118045327,0.0,0.0,853.4174282652315,0.0,-124.69312888884028,0.0,292.7754244297089,-140.0,0.0,-80.0,-255.0,-325.0,-146.52142091240762,40.0,62.34656444442014,127.5,0.0,70.0,-255.53967105563737,-195.56120343304386,146.52142091240762,325.0,-195.56120343304386,-292.7754244297089,213.65361681185166,0.0,1496.5981,hplb
79,0.0,0.0,0.0,0.0,0.0,0.0,0.0,0.0,-0.11324873251798183,0.0,0.0,0.0,0.0,0.0,0.0,0.0,-723.9181787169828,23.91817871698277,0.0,1000.0,0.0,0.0,0.0,0.0,0.0,0.0,0.0,0.0,0.0,-647.67363985363,0.0,0.0,566.6549269649265,0.0,0.0,0.0,0.0,999.5470050699282,0.0,-1000.0,966.0253802446055,0.0,-455.0898711683103,-216.29660028193922,0.0,0.0,48.423479929455766,0.0,1000.0,-505.4548449730408,0.0,708.3534887762667,0.0,0.12457360576969084,0.0,0.0,0.0,22.649746503596365,0.0,0.0,-9.973438377083852,0.0,0.0,-9.973438377083852,0.0,0.0,0.0,0.0,40.13122032399585,-40.13122032399585,0.0,1.1324873251798184,0.0,0.0,0.0,0.0,0.0,0.0,0.0,0.0,0.0,0.0,214.7508534391526,0.0,67.9492395107891,0.0,0.0,8.183615677489826,1000.0,-275.91194818424026,-0.028312183129495457,0.0,0.0,-852.362896986314,33.97461975539455,0.0,33.97461975539455,0.0,402.37872181002,0.0,310.6644762884103,888.2370950638056,-1000.0,0.0,0.0,-42.207606908856086,0.0,0.0,0.0,0.0,0.0,0.0,0.0,0.0,0.0,0.0,0.0,0.0,0.0,0.0,0.0,0.0,0.0,0.0,-471.60919817748254,0.0,0.0,33.97461975539455,0.0,35.10710708057437,35.10710708057437,0.0,0.0,0.0,0.0,0.0,0.0,0.0,0.0,0.0,0.0,0.0,0.0,0.0,0.0,-206.030701035268,0.11324873251798183,0.0,0.0,0.0,-828.0317055207925,587.639667805947,0.0,0.0,95.9136228492577,0.0,687.5701734900911,0.0,0.0,0.0,0.0,0.0,887.9784334596408,887.9784334596408,0.0,0.0,0.0,0.0,-704.3617892179554,0.0,0.0,888.0916821921587,0.0,0.0,0.0,0.0,-909.6419219414287,0.0,0.0,0.0,0.0,0.0,0.0,0.0,0.0,0.0,-402.2510578424053,0.0,0.0,0.0,0.0,-1000.0,0.0,0.0,0.0,0.0,0.0,505.4548449730408,-253.2636176079564,-724.0880518157597,724.0880518157597,0.0,0.0,0.0,0.0,0.0,0.0,0.0,352.32636014637006,-928.4417894671777,0.0,0.0,0.0,0.0,0.0,0.0,0.0,0.0,0.0,0.0,0.0,0.0,0.0,80.59708132208868,185.69153072203807,624.8554361785691,0.0,0.0,0.0,0.0,0.0,0.0,0.0,0.0,0.0,-9.973438377083852,841.1520364605083,0.0,0.0,0.0,0.0,0.0,0.0,0.0,0.0,605.1480118269027,0.0,0.0,0.0,-1000.0,268.9981806474493,30.83194625377365,0.0,-624.8554361785691,0.0,0.0,0.0,0.0,0.0,0.0,0.0,65.150657654398,0.0,0.0,-1000.0,0.0,0.0,-999.9999999999999,0.0,0.0,275.91194818424026,0.0,0.0,505.4548449730408,0.0,386.17817788631805,0.0,0.0,0.0,-37.48473457720286,0.0,37.48473457720286,0.0,936.2886646565786,0.0,0.0,-351.2829577452453,0.0,0.0,0.0,-9.973438377083852,-0.16987309877697143,0.0,0.0,0.0,0.0,0.11324873251798183,0.0,0.0,0.0,360.87736841770277,-723.9181787169828,0.0,-934.5130679297043,-53.85616359571452,909.6419219414287,1000.0,0.0,1000.0,0.0,-42.207606908856086,0.0,0.0,0.0,-9.750715869798144,-990.2492841302019,0.0,848.2507447607948,-1000.0,0.0,0.0,0.0,0.0,0.0,0.0,0.0,0.0,0.0,0.0,0.0,0.0,0.0,0.0,0.0,0.0,0.0,281.73008935504186,0.0,-718.2699106449581,95.9136228492577,0.0,601.5014026398225,167.69303635608733,0.0,0.0,-399.1173107916347,0.0,402.37872181002,0.0,0.0,882.5746584379065,0.0,0.0,-530.796284022896,0.0,950.118063806206,-922.3171384833887,-941.6244088673574,0.0,-152.48941833546255,0.0,0.0,0.0,-2.8312183129495456,935.9619722414583,0.0,0.0,0.0,0.0,278.71468400968183,33.97461975539455,0.0,0.0,0.0,0.0,0.0,0.0,0.0,-80.59708132208868,80.59708132208868,80.59708132208868,-196.8074704571702,0.0,0.0,0.0,0.0,0.0,352.32636014637006,0.0,0.0,-19.946876754167704,0.0,0.0,0.0,0.0,0.0,0.0,0.0,-88.67512674820182,0.2264974650360393,0.0,0.0,0.0,0.0,0.0,0.0,0.0,0.0,0.0,0.0,0.0,0.0,0.0,0.0,0.0,0.0,0.0,0.0,0.0,0.12457360576969084,0.12457360576969084,0.0,337.9473348184923,0.0,67.9492395107891,0.0,0.0,0.0,1000.0,0.0,0.0,0.0,0.0,0.0,382.38015471056644,-1000.0,0.0,0.0,0.0,0.0,0.0,0.0,0.0,0.0,0.0,0.0,0.0,0.0,0.0,157.20306605916085,-360.87736841770277,240.39203771484534,0.0,8.720152403884596,0.0,-852.362896986314,0.0,0.0,0.0,382.38015471056644,0.0,293.7050279623646,0.0,0.0,0.0,80.59708132208868,0.0,0.0,0.0,0.0,0.0,0.0,0.0,0.0,0.0,0.0,0.0,0.0,0.0,67.9492395107891,0.0,0.0,0.0,0.0,0.0,0.0,0.0,0.0,0.0,0.0,0.0,0.0,1.1324873251798184,0.0,0.0,0.0,0.0,0.0,-253.2636176079564,0.0,0.0,33.97461975539455,0.0,0.0,0.0,0.0,0.0,0.0,0.0,0.0,0.0,0.0,11.551370716834146,-11.551370716834146,0.0,33.97461975539455,33.97461975539455,1000.0,-1000.0,0.0,0.0,0.0,0.0,0.0,0.0,0.0,206.98416275740783,352.32636014637006,296.37759908615527,0.11324873251798183,0.0,0.0,-945.6064617951781,954.7391631532355,471.3653308624299,0.0,852.362896986314,0.0,0.0,0.0,0.0,0.0,0.0,0.0,0.0,0.0,0.0,0.0,0.0,0.0,0.0,0.11324873251798183,0.0,0.0,0.0,-307.16094148828154,307.16094148828154,0.0,0.0,0.0,0.0,-395.23718634179227,1000.0,0.0,0.0,-1000.0,-8.493654938848637,-5.662436625899096,0.0,0.0,0.0,0.0,0.0,0.0,0.0,0.0,0.0,0.0,0.0,0.0,0.0,909.6419219414287,0.0,0.0,284.377120635581,0.0,0.0,0.0,-0.11324873251798183,0.0,0.0,0.11324873251798183,0.0,0.11324873251798183,0.0,0.0,0.0,67.9492395107891,138.16345367193784,138.16345367193784,0.0,0.0,0.0,0.0,0.0,0.0,0.0,240.39203771484534,0.0,352.32636014637006,0.0,0.0,0.0,0.0,0.0,0.0,0.0,0.0,0.0,0.0,0.0,0.0,0.0,0.0,0.0,0.0,0.0,0.0,0.0,-475.9618623901129,475.9618623901129,0.16987309877697143,0.0,0.0,0.0,-33.97461975539455,0.0,0.0,0.0,0.0,0.0,-337.9473348184923,5.662436625899091,0.0,0.0,0.0,0.0,704.3617892179554,3.8801244498424126,0.0,0.0,0.0,0.0,0.0,0.0,0.0,0.0,0.0,0.0,0.0,0.0,257.35025349640364,0.0,85.71430209757,429.15772395357385,0.0,0.0,402.37872181002,-402.37872181002,95.9136228492577,-138.16345367193784,0.0,5.662436625899096,489.6332620344646,0.0,0.0,0.0,-19.946876754167704,0.0,0.0,0.0,0.0,0.0,0.0,0.0,0.0,0.0,748.6920475997463,-363.4282996350381,138.16345367193784,0.0,0.0,0.0,0.0,0.0,0.0,0.0,0.0,0.0,605.1480118269027,0.0,0.0,0.0,-9.132701358057261,302.95334707065524,-455.0898711683103,33.97461975539455,0.0,0.0,0.0,0.0,282.33410907788175,0.0,0.0,0.12457360576969084,0.0,0.0,0.0,69.08172683596892,0.0,0.0,0.0,0.0,185.69153072203807,0.0,0.0,0.0,0.0,0.0,0.0,0.0,0.0,0.0,0.0,0.011324873251798182,0.011324873251798182,0.0,0.0,0.0,0.0,0.0,0.0,0.0,0.0,0.0,-945.6064617951781,0.0,0.0,0.0,0.0,0.0,337.9473348184923,0.0,0.0,0.0,0.0,0.0,0.0,0.0,505.4548449730408,0.0,0.0,0.0,0.0,298.90002495807823,0.0,23.91817871698277,0.0,0.0,0.0,67.9492395107891,0.0,0.0,0.0,0.0,0.0,0.0,-67.9492395107891,0.0,0.0,0.0,0.0,0.0,0.0,0.0,0.0,0.0,0.0,0.0,0.0,-296.37759908615527,55.23490751820259,77.57538177481757,0.0,-33.97461975539455,0.0,999.5470050699282,0.0,0.0,0.0,0.0,0.0,0.0,0.0,0.0,0.0,0.0,0.0,0.0,0.0,0.0,0.0,0.0,0.0,-14.156091564747733,0.0,-891.0683133767551,354.9346446961896,0.0,0.0,0.0,0.0,0.0,0.0,-1.415609156474773,115.86049960342541,0.0,0.0,0.0,0.0,0.0,0.0,0.0,1000.0,33.97461975539455,33.97461975539455,0.0,0.0,0.0,0.0,0.0,0.12457360576969084,337.9473348184923,0.0,0.0,-999.5470050699282,0.0,0.0,0.0,0.0,0.0,0.0,0.0,0.0,0.0,0.0,0.0,0.0,0.0,0.0,237.98093119505646,0.0,0.0,35.10710708057437,0.0,118.91116914388093,8.720152403884596,0.0,0.0,0.0,0.0,0.0,337.9473348184923,0.0,591.9588415640809,0.0,0.0,0.0,-14.156091564747733,0.0,0.0,0.0,0.0,0.0,0.0,0.0,0.0,0.0,0.0,0.0,0.0,0.0,0.0,0.0,0.0,0.0,0.0,-0.11324873251798183,0.0,0.0,5.662436625899091,-382.38015471056644,0.0,0.0,0.0,0.0,0.0,0.0,0.0,0.0,9.750715869798144,2.8312183129495456,0.0,0.0,0.0,0.11324873251798183,0.0,113.24873251798182,0.0,22.649746503596365,0.8089195179855845,386.1781778863181,-0.08493654938848637,530.796284022896,2.2649746503596364,-0.5662436625897271,-386.17817788631805,33.97461975539455,-0.11324873251798183,14.069202302952029,0.0,0.028312183129495457,0.8089195179855845,-42.207606908856086,-18.02919821686396,-2.2649746503596364,-300.0,-0.11324873251798183,0.028312183129495457,-386.17817788631805,11.324873251798182,0.11324873251798183,0.11324873251798183,-337.70951248020464,0.12457360576978001,-99.54950903298638,-0.08493654938848637,33.97461975539455,0.11324873251798183,33.97461975539455,-56.62436625899092,-0.056624366258990914,-503.60545063939253,-11.438121984316163,-0.08493654938848637,-0.11324873251798183,0.0,0.11324873251798183,11.324873251798182,-2.2649746503596364,0.0,0.0,-11.324873251798182,300.0,0.0,22.649746503596365,0.16987309877697274,-175.09181854213853,11.324873251798182,-157.20306605916085,0.0,-22.649746503596365,0.056624366258990914,1.1324873251798184,233.62826698242608,280.0,-0.11324873251798183,-363.4282996350381,337.70951248020464,35.10710708057437,0.11324873251798183,18.02919821686396,-135.89847902157817,0.0,-0.11324873251798183,-0.028312183129495457,0.0,-0.11324873251798183,-88.67512674820182,0.11324873251786814,-0.028312183129495457,-0.028312183129495457,-0.028312183129495457,45.29949300719273,56.62436625899092,1.1324873251798184,83.90315470425827,-0.028312183129495457,453.18733166190015,5.662436625899091,50.0,0.11324873251798183,0.056624366258990914,0.056624366258990914,11.324873251798182,0.0,0.11324873251798183,0.0,1.1324873251798184,0.11324873251798183,-83.90315470425827,0.11324873251798183,0.4529949300717817,0.5662436625897271,0.056624366258990914,0.028312183129495457,33.97461975539455,-0.11324873251798183,99.54950903298638,1.1324873251798182,-167.80630940851654,527.9650657099464,-11.324873251798182,22.649746503596365,5.662436625899091,-0.11324873251798183,42.207606908856086,0.16987309877697274,-0.11324873251798183,-22.64974650359636,0.0,10.470679780567096,0.056624366258990914,-100.0,-0.11324873251798183,-0.11324873251786814,-0.11324873251798188,0.056624366258990914,386.1781778863181,-22.649746503596365,0.11324873251798183,467.25653396485217,-0.028312183129495457,-0.12457360576978001,-467.25653396485217,16.98730987769727,11.438121984316163,-84.82095487842055,386.1781778863181,-0.08493654938848637,363.4282996350381,-280.0,0.11324873251798183,-0.028312183129495426,5.662436625899096,113.24873251798182,-0.056624366258990914,-0.11324873251798183,0.028312183129495457,0.0,0.0,175.03519417587952,0.0,-255.0,0.0,163.86096444386652,-140.0,0.0,-80.0,-255.0,132.02798911367898,0.0,40.0,127.5,127.5,0.0,70.0,-337.9473348184923,-292.80478885844883,0.0,-132.02798911367898,-292.80478885844883,-163.86096444386652,144.21728510682325,0.0,1496.5981,hplb
80,0.0,0.0,0.0,0.0,0.0,0.0,0.0,0.0,-0.07409934842139779,0.0,0.0,0.0,0.0,0.0,0.0,0.0,-563.0853845643296,0.0,0.0,863.0853845643296,0.0,0.0,0.0,594.1178831690574,0.0,0.0,0.0,0.0,0.0,-1000.0,0.0,0.0,98.79468164300735,0.0,0.0,0.0,0.0,-276.2662932221813,0.0,-1000.0,1000.0,0.0,0.0,631.5426922821648,0.0,0.0,0.0,11.056176455746023,931.5426922821648,-80.94256755803849,0.0,0.0,0.0,0.08150928326350555,0.0,0.0,0.0,25.87604614002558,0.0,0.0,256.76334471768007,0.0,233.10373728828267,-300.0,0.0,0.0,0.0,0.0,0.0,304.90349179603595,0.0,0.7409934842139778,0.0,0.0,0.0,0.0,0.0,0.0,0.0,0.0,0.0,0.0,0.0,0.0,44.45960905283867,0.0,0.0,0.0,10.549971250847392,0.0,-0.018524837105349447,0.0,0.0,461.21556328655583,22.229804526419336,0.0,22.229804526419336,0.0,0.0,0.0,0.0,3.704967421069889,-1000.0,0.0,0.0,-39.567722756879796,0.0,258.89870669369554,0.0,0.0,0.0,0.0,0.0,0.0,0.0,0.0,0.0,0.0,0.0,0.0,0.0,0.0,0.0,0.0,-860.1071145075065,0.0,0.0,22.229804526419336,0.0,22.97079801063331,19.049820913968404,0.0,187.50000000000273,-187.50000000000273,0.0,0.0,-789.8670820059627,0.0,0.0,0.0,0.0,0.0,0.0,0.0,0.0,5.705649828447629,0.07409934842139779,0.0,0.0,0.0,0.0,0.0,0.0,0.0,0.0,0.0,647.0929822112963,0.0,0.0,0.0,0.0,0.0,657.2066823580415,657.2066823580415,0.0,0.0,0.0,0.0,8.970813001357389,0.0,0.0,657.2807817064629,0.0,0.0,0.0,-614.3515701457111,0.0,0.0,0.0,0.0,0.0,0.0,0.0,0.0,0.0,0.0,0.0,0.0,0.0,0.0,0.0,-307.43955627291245,0.0,0.0,0.0,0.0,0.0,80.94256755803849,0.0,68.45730771783522,-68.45730771783522,789.8670820059627,0.0,0.0,0.0,0.0,0.0,0.0,0.0,596.7237406681069,0.0,0.0,0.0,0.0,0.0,0.0,0.0,0.0,0.0,0.0,0.0,0.0,0.0,75.65852713692226,-70.3602606314409,631.5426922821648,0.0,0.0,0.0,0.0,-507.04332927862885,0.0,0.0,0.0,0.0,256.76334471768007,0.0,0.0,0.0,0.0,0.0,0.0,0.0,0.0,0.0,2.3859990191593,0.0,0.0,0.0,-563.1965335869617,-621.1038700539495,1000.0,0.0,-631.5426922821648,0.0,0.0,789.8670820059627,-909.5987949258947,0.0,0.0,0.0,-230.28572288803662,0.0,0.0,-656.10966965668,-1000.0,0.0,343.89033034332004,0.0,1000.0,79.00727896868261,0.0,0.0,80.94256755803849,0.0,-37.9869288036972,0.0,0.0,0.0,0.0,0.0,0.0,0.0,657.1325830096201,0.0,0.0,1000.0,0.0,0.0,0.0,256.76334471768007,-0.11114902263209667,0.0,0.0,0.0,0.0,0.07409934842139779,0.0,0.0,0.0,0.0,-563.0853845643296,0.0,-1000.0,207.7845292348879,0.0,1000.0,0.0,88.87266008068968,0.0,-39.567722756879796,0.0,0.0,0.0,-6.379953899082316,-1000.0,917.5072938183926,-687.8454676986574,-1000.0,0.0,0.0,0.0,0.0,0.0,0.0,0.0,0.0,0.0,0.0,0.0,0.0,0.0,0.0,0.0,0.0,0.0,-1000.0,0.0,-724.0301041715034,0.0,0.0,0.0,0.0,0.0,400.877780076383,-8.09164884760693,0.0,0.0,0.0,0.0,0.0,1000.0,968.4100900076963,-694.4425828139351,0.0,0.0,366.0118149350091,941.3644198655547,-17.28206646780467,-1000.0,-968.4100900076963,690.7376153928652,1000.0,-1.8524837105349445,-945.0693872866246,-923.7696801538672,0.0,-316.2049674210641,1000.0,-687.5000000000058,22.229804526419336,875.0000000000001,-875.0000000000001,0.0,0.0,0.0,0.0,0.0,-75.65852713692226,75.65852713692226,75.65852713692226,279.7478530726002,0.0,0.0,0.0,0.0,0.0,0.0,0.0,0.0,-276.34039257060266,0.0,0.0,22.229804526419336,0.0,0.0,0.0,0.0,-92.59006515786022,0.14819869684301423,0.0,0.0,0.0,0.0,0.0,0.0,0.0,0.0,0.0,304.90349179603595,0.0,0.0,0.0,0.0,0.0,0.0,0.0,0.0,0.0,0.08150928326350555,0.08150928326350555,0.0,340.8386574526427,0.0,44.45960905283867,0.0,0.0,0.0,1000.0,0.0,542.8681901074767,0.0,0.0,0.0,892.7855049496775,-1000.0,0.0,0.0,612.2649796466377,0.0,0.0,22.229804526419336,0.0,0.0,0.0,0.0,0.0,0.0,0.0,286.70237150250216,0.0,0.0,0.0,5.705649828447629,0.0,1000.0,-538.7844367134442,-821.608189440778,0.0,892.7855049496775,0.0,1000.0,-199.80456020818272,0.0,0.0,75.65852713692226,0.0,0.0,0.0,0.0,0.0,0.0,0.0,0.0,0.0,0.0,0.0,0.0,0.0,44.45960905283867,789.8670820059627,789.8670820059627,0.0,0.0,0.0,0.0,0.0,0.0,0.0,0.0,0.0,0.0,0.7409934842139778,0.0,0.0,0.0,0.0,0.0,0.0,0.0,0.0,22.229804526419336,-612.2649796466377,0.0,0.0,0.0,0.0,0.0,0.0,0.0,0.0,0.0,-566.8214849115502,33.79105558862091,0.0,22.229804526419336,22.229804526419336,-295.8060289050612,-1000.0,0.0,22.229804526419336,0.0,0.0,0.0,0.0,0.0,687.8454676986574,0.0,1000.0,0.07409934842139779,0.0,0.0,0.0,21.659491555785113,0.0,0.0,-461.21556328655583,0.0,0.0,0.0,0.0,0.0,0.0,0.0,0.0,0.0,0.0,0.0,0.0,0.0,0.0,0.07409934842139779,0.0,0.0,0.0,0.0,0.0,0.0,0.0,0.0,0.0,0.0,-8.09164884760693,0.0,0.0,275.96989582849665,-5.557451131604834,0.0,-3.704967421069889,0.0,0.0,0.0,0.0,0.0,0.0,0.0,0.0,0.0,0.0,0.0,789.8670820059627,0.0,0.0,0.0,-1000.0,0.0,0.0,0.0,-0.07409934842139779,0.0,0.0,0.07409934842139779,0.0,0.07409934842139779,0.0,0.0,0.0,44.45960905283867,90.40120507410529,90.40120507410529,0.0,0.0,0.0,0.0,0.0,0.0,0.0,0.0,0.0,0.0,0.0,0.0,0.0,0.0,0.0,0.0,0.0,0.0,0.0,0.0,0.0,0.0,0.0,0.0,0.0,0.0,0.0,282.8237527273339,0.0,0.0,0.0,0.11114902263209667,0.0,0.0,0.0,-22.229804526419336,0.0,0.0,0.0,0.0,0.0,-340.8386574526427,3.704967421069889,0.0,0.0,0.0,0.0,-8.970813001357389,8.09164884760693,-3.704967421069889,0.0,0.0,0.0,0.0,0.0,0.0,0.0,789.8670820059627,0.0,612.2649796466377,1000.0,265.1801303157204,0.0,310.1801303157204,-39.567722756879796,0.0,0.0,0.0,0.0,0.0,-1000.0,0.0,3.704967421069889,993.1961118661782,0.0,319.2902812687282,0.0,-276.34039257060266,0.0,0.0,0.0,0.0,0.0,0.0,0.0,0.0,0.0,346.3961085842475,-357.51101084745727,90.40120507410529,0.0,0.0,0.0,0.0,0.0,0.0,0.0,0.0,0.0,2.3859990191593,0.0,0.0,0.0,-326.56298335182106,113.5386251920354,0.0,22.229804526419336,0.0,0.0,0.0,0.0,263.4018118812903,0.0,0.0,0.08150928326350555,0.0,0.0,0.0,45.200602537052646,0.0,0.0,0.0,0.0,-70.3602606314409,0.0,0.0,0.0,0.0,0.0,0.0,0.0,0.0,816.2572955178783,0.0,0.007409934842139778,0.007409934842139778,0.0,0.0,0.0,0.0,0.0,0.0,0.0,0.0,0.0,0.0,0.0,0.0,0.0,0.0,0.0,340.8386574526427,0.0,0.0,0.0,0.0,0.0,0.0,0.0,80.94256755803849,0.0,0.0,0.0,0.0,668.4573077178352,0.0,0.0,0.0,0.0,0.0,44.45960905283867,0.0,0.0,0.0,0.0,0.0,0.0,-44.45960905283867,0.0,0.0,0.0,0.0,0.0,0.0,0.0,0.0,0.0,0.0,0.0,0.0,-1000.0,-1000.0,50.75805366865748,-22.229804526419336,0.0,0.0,-276.2662932221813,0.0,0.0,0.0,0.0,0.0,0.0,0.0,0.0,0.0,0.0,0.0,0.0,0.0,0.0,0.0,0.0,0.0,-9.262418552674724,789.8670820059627,-5.557451131604834,351.95355971585235,0.0,0.0,0.0,0.0,0.0,0.0,-0.9262418552674723,276.34039257060266,0.0,0.0,0.0,0.0,0.0,0.0,0.0,1000.0,22.229804526419336,22.229804526419336,0.0,0.0,0.0,0.0,0.0,0.08150928326350555,340.8386574526427,0.0,0.0,276.2662932221813,0.0,0.0,0.0,0.0,0.0,0.0,0.0,0.0,0.0,0.0,0.0,0.0,0.0,0.0,0.0,0.0,0.0,19.049820913968404,0.0,77.80431584246767,5.705649828447629,0.0,0.0,0.0,0.0,0.0,340.8386574526427,0.0,-8.09164884760693,0.0,0.0,0.0,-9.262418552674724,0.0,0.0,0.0,0.0,0.0,0.0,0.0,0.0,0.0,0.0,0.0,0.0,0.0,0.0,0.0,0.0,0.0,0.0,-0.07409934842139779,0.0,0.0,3.704967421069889,-892.7855049496775,0.0,0.0,0.0,0.0,789.8670820059627,0.0,0.0,0.0,6.379953899082316,1.8524837105349445,0.0,0.0,0.0,0.07409934842139779,0.0,74.09934842139778,-3.920977096664884,14.819869684279556,0.5292810601528413,244.83682392363662,-0.05557451131604833,3.704967421069936,1.4819869684279556,-0.37049674210601324,-244.83682392363662,22.229804526419336,-0.07409934842139779,13.189240918959932,22.229804526419336,0.018524837105349447,0.5292810601528413,-39.567722756879796,-11.796616268676818,-1.4819869684279556,-300.0,-0.07409934842139779,0.018524837105349447,-244.83682392363662,7.409934842139778,0.07409934842139779,0.07409934842139779,-340.68304882095777,0.08150928326353757,-112.24930128710793,-0.05557451131604833,22.229804526419336,0.07409934842139779,22.229804526419336,-37.049674210698896,-0.037049674210698894,-455.7082354104288,499.55929508806764,-0.05557451131604833,-0.07409934842139779,-3.920977096664884,0.07409934842139779,7.409934842139778,-1.4819869684279556,282.8237527273339,282.8237527273339,-7.409934842139778,300.0,-282.8237527273339,14.819869684279556,0.11114902263209667,-1000.0,7.409934842139778,-286.70237150250216,22.229804526419336,-14.819869684279556,0.037049674210698894,0.7409934842139778,250.0,280.0,-0.07409934842139779,-357.51101084745727,340.68304882095777,22.97079801063331,0.07409934842139779,11.796616268676818,-66.68941357925799,22.229804526419336,-0.07409934842139779,-0.018524837105349447,-22.229804526419336,-0.07409934842139779,-92.59006515786022,0.0740993484213277,-0.018524837105349447,-0.018524837105349447,-0.018524837105349447,29.639739368559113,37.049674210698896,0.7409934842139778,54.89835476168855,-0.018524837105349447,486.8107590810401,3.704967421069889,50.0,0.07409934842139779,0.037049674210698894,0.037049674210698894,18.524837105349448,3.920977096664884,0.07409934842139779,-3.920977096664884,0.7409934842139778,0.07409934842139779,-54.89835476168855,0.07409934842139779,0.2963973936846155,0.37049674210601324,0.037049674210698894,0.018524837105349447,22.229804526419336,-0.07409934842139779,112.24930128710793,0.7409934842139778,-109.7967095233771,1.852483710534898,-7.409934842139778,14.819869684279556,3.704967421069889,-0.07409934842139779,39.567722756879796,0.11114902263209667,-0.07409934842139779,-37.049674210698896,3.920977096664884,-42.47441833302548,0.037049674210698894,-100.0,-0.07409934842139779,-0.0740993484213277,-0.07409934842139779,0.037049674210698894,244.83682392363662,-14.819869684279556,0.07409934842139779,500.0,-0.018524837105349447,-0.08150928326353757,-500.0,11.114902263209666,-499.55929508806764,382.67238176949775,244.83682392363662,-0.05557451131604833,357.51101084745727,-280.0,0.07409934842139779,-0.018524837105349447,3.704967421069889,74.09934842139778,-0.037049674210698894,-0.07409934842139779,0.018524837105349447,1000.0,0.0,920.9556713571067,0.0,-255.0,0.0,-197.09411159084175,-140.0,0.0,367.2494851207318,-255.0,-325.0,-79.00727896868261,-183.6247425603659,127.5,127.5,0.0,70.0,-340.8386574526427,-220.92739354826483,79.00727896868261,325.0,-220.92739354826483,197.09411159084175,-68.90731642686177,0.0,1496.5981,hplb
81,0.0,0.0,0.0,0.0,0.0,0.0,0.0,0.0,456.6587559711688,0.0,0.0,0.0,0.0,0.0,0.0,0.0,838.2512952070138,0.0,0.0,-538.2512952070138,0.0,0.0,0.0,0.0,0.0,0.0,0.0,0.0,0.0,-208.719355305872,0.0,0.0,137.56770457158876,0.0,0.0,0.0,0.0,-0.44023446668074534,0.0,0.0,719.8542289154036,0.0,0.0,0.0,0.0,0.0,0.0,0.0,-32.137824472168404,0.0,0.0,0.0,0.0,0.12106447833731547,0.0,0.0,0.0,22.01172333403757,0.0,0.0,8.308551648891022,0.0,-629.1656643497275,-674.8602541717751,0.0,0.0,0.0,0.0,0.0,0.0,0.0,1.1005861667018786,0.0,0.0,0.0,0.0,0.0,0.0,0.0,0.0,0.0,0.0,0.0,0.0,66.03517000211271,0.0,0.0,11.524927094316295,329.6405944394626,-572.4251092302216,0.0,0.0,0.0,158.88407971631102,33.017585001056354,0.0,33.017585001056354,-3.543887456781995,0.0,0.0,0.0,137.66118311588954,-1000.0,0.0,0.0,0.0,0.0,460.14748345659723,0.0,0.0,0.0,0.0,0.0,0.0,0.0,0.0,0.0,0.0,0.0,0.0,0.0,0.0,0.0,0.0,-734.7734586395759,0.0,0.0,33.017585001056354,0.0,34.118171167758234,14.50749751874423,0.0,-628.1889753352905,628.1889753352905,0.0,0.0,0.0,0.0,0.0,-54.00314147093853,0.0,0.0,0.0,0.0,0.0,8.474513483604463,0.11005861667018783,0.027514654167546962,0.0,0.0,-925.9162904173974,925.9162904173974,0.0,0.0,0.0,0.0,317.3652339703147,0.0,0.0,0.0,0.0,0.0,353.96498658413867,353.96498658413867,0.0,0.0,0.0,0.0,0.0,0.0,0.0,354.07504520080886,0.0,0.0,0.0,-860.6286963400615,0.0,0.0,0.0,0.0,0.0,0.0,0.0,0.0,0.0,0.0,-24.817344149419096,0.0,0.0,0.0,0.0,-763.6128411672489,0.0,0.0,0.0,0.0,0.0,0.0,0.0,411.5249270943163,-411.5249270943163,0.0,0.0,0.0,0.0,0.0,0.0,0.0,791.280644694128,-647.6526236042976,0.0,0.0,0.0,0.0,0.0,0.0,0.0,0.0,0.0,0.0,0.0,0.0,0.0,31.04919518550156,15.985918845882637,-597.3941154289734,0.0,0.0,0.0,54.00314147093853,158.88407971631102,0.0,0.0,0.0,0.0,8.308551648891022,-597.3941154289734,0.0,0.0,0.0,0.0,0.0,0.0,0.0,0.0,0.0,0.0,0.0,0.0,94.85250064651886,12.968167991665144,390.9120297164642,0.0,597.3941154289734,0.0,0.0,54.00314147093853,1000.0,0.0,0.0,0.0,-424.7334437541209,0.0,0.0,827.879254237356,0.0,1000.0,827.8792542373552,0.0,1000.0,741.1655215337789,0.0,-106.11347073484535,0.0,0.0,177.19445583100156,0.0,0.0,0.0,0.0,0.0,0.0,0.0,1000.0,0.0,54.00314147093853,0.0,0.0,0.0,0.0,8.308551648891022,-0.16508792500528177,0.0,0.0,0.0,0.0,0.11005861667018783,0.0,0.0,0.0,571.7111764498816,838.2512952070138,0.0,-212.08985173260788,17.072489816001017,0.0,570.880395779559,0.0,0.0,0.0,0.0,0.0,0.0,0.0,0.0,0.0,0.0,-946.9517314386896,-418.2197367929401,0.0,0.0,0.0,0.0,0.0,0.0,0.0,0.0,0.0,0.0,0.0,0.0,0.0,0.0,0.0,0.0,0.0,0.0,0.0,0.0,0.0,0.0,0.0,0.0,0.0,0.0,0.0,0.0,0.0,0.0,0.0,132.15825228238015,0.0,0.0,0.0,0.0,0.0,0.0,0.0,-157.66997424171123,0.0,0.0,-71.58205697469947,0.0,-2.751465416754696,-5.502930833509392,-344.4429904142469,0.0,572.4733709856183,-38.09539468459826,39.26288993101059,33.017585001056354,0.0,0.0,0.0,0.0,0.0,456.76881458783896,0.0,-31.04919518550156,31.04919518550156,31.04919518550156,39.76013967251187,0.0,0.0,-646.1450720325316,0.0,0.0,791.280644694128,0.0,0.0,-37.386038173156486,0.0,0.0,181.99141813690096,0.0,0.0,0.0,0.0,-17.031666155173717,0.220117233340261,0.0,0.0,0.0,0.0,0.0,0.0,0.0,0.0,0.0,0.0,0.0,0.0,0.0,0.0,0.0,0.0,0.0,0.0,0.0,0.12106447833731547,0.12106447833731547,0.0,289.037471851464,0.0,66.03517000211271,0.0,0.0,0.0,0.0,0.0,0.0,0.0,0.0,0.0,133.28887954285108,0.0,0.0,0.0,647.6526236042976,0.0,0.0,181.99141813690096,0.0,0.0,0.0,0.0,0.0,0.0,0.0,244.92448621319195,-571.7111764498816,0.0,0.0,8.474513483604463,0.0,0.0,158.88407971631102,0.0,0.0,133.28887954285108,0.0,0.0,116.25721338767735,-687.5000000000007,687.5000000000007,31.04919518550156,0.0,0.0,0.0,0.0,0.0,0.0,0.0,0.0,0.0,0.0,0.0,0.0,0.0,66.03517000211271,54.00314147093853,54.00314147093853,0.0,0.0,0.0,0.0,0.0,0.0,0.0,0.0,0.0,0.0,1.1005861667018786,0.0,0.0,0.0,0.0,0.0,0.0,0.0,0.0,33.017585001056354,-647.6526236042976,0.0,0.0,0.0,0.0,0.0,0.0,0.0,0.0,0.0,551.0784954437619,0.0,0.0,33.017585001056354,33.017585001056354,936.8835731864865,0.0,0.0,181.99141813690096,0.0,0.0,0.0,0.0,0.0,946.9517314386896,791.280644694128,581.7802632070599,0.11005861667018783,0.0,0.0,0.0,87.3181358975304,0.0,0.0,-158.88407971631102,0.0,0.0,0.0,0.0,0.0,0.0,0.0,0.0,0.0,0.0,0.0,0.0,0.0,0.0,0.11005861667018783,0.0,0.0,0.0,0.0,0.0,0.0,0.0,0.0,0.0,0.0,390.0596696585157,0.0,0.0,-390.0596696585157,-8.254396250264088,-5.502930833509421,0.0,0.0,0.0,0.0,0.0,0.0,0.0,0.0,0.0,0.0,0.0,0.0,54.00314147093853,0.0,0.0,0.0,617.2391917501382,0.0,0.0,0.0,456.6587559711688,0.0,0.0,0.11005861667018783,0.0,0.11005861667018783,0.0,0.0,0.0,66.03517000211271,134.27151233762916,134.27151233762916,0.0,0.0,0.0,0.0,0.0,0.0,0.0,0.0,0.0,791.280644694128,0.0,0.0,0.0,9.47604689530328,0.0,0.0,0.0,0.0,0.0,0.0,0.0,0.0,0.0,0.0,0.0,0.0,0.0,158.88407971631102,0.0,0.0,0.0,0.16508792500528177,0.0,0.0,0.0,-33.017585001056354,0.0,0.0,0.0,0.0,0.0,-289.037471851464,5.502930833509392,0.0,0.0,0.0,0.0,0.0,0.0,0.0,0.0,0.0,0.0,0.0,0.0,0.0,0.0,54.00314147093853,0.0,647.6526236042976,0.0,257.9882766659624,0.0,302.9882766659624,0.0,390.0596696585157,0.0,0.0,-390.0596696585157,0.0,865.7284876623709,0.0,5.502930833509421,1000.0,0.0,0.0,0.0,-37.386038173156486,0.0,0.0,0.0,0.0,0.0,-8.474513483604463,0.0,0.0,0.0,8.308551648891022,0.0,134.27151233762916,0.0,0.0,0.0,0.0,0.0,0.0,0.0,0.0,0.0,0.0,0.0,0.0,313.8006606022562,-87.3181358975304,-318.6990808925053,0.0,33.017585001056354,0.0,0.0,0.0,0.0,52.42450024217405,0.0,0.0,0.12106447833731547,0.0,0.0,0.0,67.13575616881458,0.0,0.0,0.0,0.0,15.985918845882637,0.0,0.0,0.0,0.0,0.0,0.0,0.0,0.0,0.0,0.0,0.011005861667019098,0.011005861667019098,0.0,0.0,0.0,0.0,0.0,0.0,0.0,0.0,0.0,0.0,0.0,0.0,0.0,0.0,0.0,289.037471851464,0.0,0.0,0.0,0.0,0.0,0.0,0.0,0.0,0.0,0.0,0.0,0.0,0.0,1000.0,0.0,0.0,0.0,0.0,66.03517000211275,0.0,0.0,0.0,0.0,0.0,788.0625452082284,-854.0977152103411,0.0,0.0,0.0,0.0,0.0,0.0,0.0,0.0,0.0,0.0,0.0,0.0,0.0,-1000.0,84.86619931438194,125.00000000000011,-158.01758500105646,0.0,-0.44023446668074534,0.0,0.0,0.0,0.0,0.0,0.0,0.0,0.0,0.0,458.3333333333333,0.0,-458.3333333333333,-458.33333333333337,0.0,0.0,0.0,0.0,-13.757327083773509,54.00314147093853,-140.41264853264425,1.221650645039268,0.0,0.0,0.0,0.0,0.0,0.0,-1.375732708377348,37.386038173156486,0.0,0.0,0.0,0.0,0.0,0.0,0.0,1000.0,33.017585001056354,33.017585001056354,0.0,0.0,0.0,0.0,0.0,0.12106447833731547,289.037471851464,0.0,0.0,0.44023446668074534,0.0,0.0,0.0,0.0,0.0,0.0,0.0,0.0,0.0,0.0,0.0,0.0,0.0,0.0,0.0,0.0,0.0,14.50749751874423,0.0,115.56154750369724,8.474513483604463,0.0,0.0,0.0,0.0,0.0,289.037471851464,0.0,-9.046818290291416,0.0,0.0,0.0,-13.757327083773509,0.0,0.0,0.0,0.0,0.0,0.0,0.0,0.0,0.0,0.0,0.0,0.0,0.0,0.0,0.0,0.0,0.0,0.0,-0.11005861667018783,0.0,0.0,5.502930833509392,-133.28887954285108,0.0,0.0,0.0,0.0,54.00314147093853,0.0,0.0,0.0,0.0,2.751465416754696,0.0,0.0,0.0,0.11005861667018783,0.0,110.05861667018783,-19.61067364901399,22.01172333403757,0.7861329762156275,336.0785355473126,-0.08254396250264089,71.58205697469947,2.201172333403757,-0.5502930833509367,-336.0785355473126,33.017585001056354,-0.11005861667018785,0.0,181.99141813690096,0.027514654167546962,0.7861329762156275,0.0,-17.52133177389588,-2.201172333403757,-300.0,-0.11005861667018785,0.027514654167546962,-336.0785355473126,11.005861667018785,0.11005861667018785,0.11005861667018783,-288.8063487564565,0.12106447833720695,-154.5993707267625,-0.08254396250264089,33.017585001056354,0.11005861667018785,33.017585001056354,-55.02930833509392,-0.055029308335093924,-162.76586324355222,-170.0,-0.08254396250264089,-0.11005861667018788,-19.61067364901399,0.11005861667018783,11.005861667018785,-2.201172333403757,158.88407971631102,158.88407971631102,-11.005861667018785,300.0,-158.88407971631102,22.01172333403757,0.16508792500528177,-299.42664600102637,11.005861667018785,-244.92448621319195,181.99141813690096,-22.01172333403757,0.055029308335093924,1.1005861667018786,53.02246293315197,280.0,-0.11005861667018783,-313.8006606022562,288.8063487564565,34.118171167758234,0.11005861667018785,17.52133177389588,49.92107813267575,181.99141813690096,-0.11005861667018783,-0.027514654167546962,-181.99141813690096,-0.11005861667018785,-17.031666155173717,0.11005861667098366,-0.027514654167546962,-0.027514654167546962,-0.027514654167546962,44.02344666807514,55.02930833509392,1.1005861667018786,166.94397632816262,-0.027514654167546962,106.04492586630394,5.502930833509392,14.01876391109625,0.11005861667018783,0.055029308335093924,0.055029308335093924,75.0,19.61067364901399,0.11005861667018783,-19.61067364901399,1.1005861667018786,0.11005861667018785,-337.7525737334306,0.11005861667018785,0.44023446668074534,0.5502930833509367,0.055029308335093924,0.027514654167546962,33.017585001056354,-0.11005861667018785,154.5993707267625,1.1005861667018786,-333.88795265632524,68.83059155794477,-11.005861667018785,22.01172333403757,5.502930833509392,-0.11005861667018785,0.0,0.16508792500528177,-0.11005861667018785,-150.0,19.61067364901399,209.14342236461252,0.055029308335093924,-28.0375278221925,-0.11005861667018785,-0.11005861667098366,-0.11005861667018785,0.05502930833509394,336.0785355473126,-22.01172333403757,0.11005861667018783,106.04492586630394,-0.027514654167546962,-0.12106447833720695,-106.04492586630394,16.508792500528173,170.0,16.87867983485634,336.0785355473126,-0.08254396250264089,313.8006606022562,-280.0,0.11005861667018785,-0.027514654167546962,5.502930833509421,110.05861667018783,-0.055029308335093924,-0.11005861667018785,0.027514654167546962,0.0,0.0,130.63120438913393,170.808597405268,-255.0,0.0,703.6034756532912,-140.0,0.0,303.55414457176545,-61.77186300654944,-325.0,-168.74041230355735,-151.77707228588272,127.5,30.88593150327472,0.0,70.0,-289.037471851464,-261.56792260678657,168.74041230355735,325.0,-261.56792260678657,-703.6034756532912,321.3382679267983,0.0,1496.5981,hplb
82,0.0,0.0,0.0,0.0,0.0,0.0,0.0,0.0,-0.10690092104608624,0.0,0.0,0.0,0.0,0.0,0.0,0.0,778.4462725153757,521.5537274846243,0.0,-1000.0,0.0,0.0,0.0,266.6906599101368,0.0,0.0,0.0,0.0,0.0,-1000.0,0.0,0.0,137.63748964487897,0.0,0.0,0.0,0.0,999.5723963158158,0.0,-1000.0,309.3589073384439,0.0,-1000.0,-380.5060206406537,0.0,0.0,0.0,0.0,-1000.0,-470.85286538256923,0.0,397.9402518747221,0.0,0.1175910131532305,0.0,0.0,0.0,21.380184209217248,0.0,0.0,-37.82427812166534,0.0,1000.0,874.1553831021239,0.0,0.0,0.0,0.0,602.5677545376421,-602.5677545376421,0.0,1.0690092104608624,0.0,0.0,0.0,0.0,0.0,0.0,0.0,697.2903651823725,0.0,0.0,0.0,0.0,64.14055262765174,0.0,57.749983266943325,467.58923308227884,1000.0,-389.1429605669032,-0.02672523026152156,0.0,0.0,0.0,32.07027631382587,0.0,32.07027631382587,0.0,505.1628540815585,0.0,0.0,956.2352321533972,-1000.0,0.0,0.0,0.0,0.0,0.0,0.0,0.0,0.0,0.0,0.0,0.0,0.0,0.0,0.0,0.0,0.0,0.0,0.0,0.0,0.0,0.0,-1000.0,0.0,0.0,32.07027631382587,0.0,33.13928552428673,0.0,0.0,0.0,0.0,0.0,0.0,0.0,0.0,0.0,-88.02033877621082,0.0,0.0,0.0,0.0,0.0,65.981354187492,0.10690092104608623,0.0,0.0,0.0,236.5644428338675,-365.8406165114592,0.0,0.0,0.0,0.0,299.40956973470355,0.0,0.0,0.0,0.0,0.0,361.9609373978034,361.9609373978034,0.0,0.0,0.0,0.0,-919.0890253737236,0.0,0.0,362.06783831884945,0.0,0.0,0.0,123.53441469063753,-532.7843175649898,0.0,0.0,0.0,0.0,0.0,0.0,0.0,0.0,0.0,-542.4715697988663,0.0,0.0,0.0,0.0,-1000.0,0.0,0.0,0.0,0.0,0.0,470.85286538256923,602.0597481252779,-610.8570394330968,610.8570394330968,88.02033877621082,0.0,0.0,0.0,0.0,0.0,0.0,0.0,738.1483589069002,0.0,0.0,0.0,0.0,0.0,0.0,0.0,0.0,0.0,0.0,0.0,0.0,0.0,0.0,146.6289949131135,619.4939793593463,0.0,0.0,0.0,0.0,92.92032769061265,0.0,0.0,0.0,0.0,-37.82427812166534,1000.0,0.0,0.0,0.0,0.0,0.0,0.0,0.0,0.0,238.4397315526157,0.0,0.0,0.0,389.1429605669032,1000.0,-541.2080582255401,0.0,-619.4939793593463,0.0,0.0,88.02033877621082,656.4240919556705,0.0,0.0,0.0,166.43749697298108,0.0,0.0,-1000.0,0.0,0.0,-1000.0,0.0,0.0,389.1429605669032,0.0,-158.95229315602933,470.85286538256923,0.0,117.31290325175712,0.0,0.0,0.0,0.0,0.0,0.0,0.0,188.6040866759273,0.0,0.0,0.0,0.0,0.0,0.0,-37.82427812166534,-0.16035138156912934,0.0,0.0,0.0,0.0,0.10690092104608623,0.0,0.0,0.0,548.549325666735,778.4462725153757,0.0,-480.4319192087373,344.7008402154519,532.7843175649898,213.01635699524005,0.0,-36.388433200000634,0.0,0.0,0.0,0.0,0.0,128.25705112730208,-91.86861792730144,0.0,-694.2483700773357,-1000.0,0.0,0.0,0.0,0.0,0.0,0.0,0.0,0.0,0.0,0.0,0.0,0.0,0.0,0.0,0.0,0.0,0.0,0.0,0.0,-1000.0,0.0,0.0,234.99752189493026,0.0,0.0,0.0,-304.4210857401075,0.0,505.1628540815585,0.0,0.0,950.8901861010929,0.0,0.0,519.2098608971493,0.0,-510.6991366103407,0.0,994.6549539476957,-281.40331061792773,0.0,0.0,-1000.0,0.0,-2.672523026152156,-1000.0,0.0,0.0,668.0038419296566,1000.0,-913.5301181620343,32.07027631382587,0.0,0.0,0.0,0.0,0.0,0.0,0.0,0.0,0.0,0.0,-146.70806412265927,0.0,0.0,0.0,0.0,0.0,0.0,0.0,0.0,-48.16892848565483,0.0,0.0,128.41282665702974,0.0,0.0,0.0,0.0,-14.717455078304056,0.21380184209215258,0.0,0.0,0.0,0.0,0.0,0.0,0.0,0.0,0.0,0.0,0.0,0.0,0.0,0.0,0.0,0.0,0.0,0.0,0.0,0.1175910131532305,0.1175910131532305,0.0,258.61981579078275,0.0,64.14055262765174,0.0,0.0,0.0,1000.0,0.0,0.0,57.749983266943325,0.0,0.0,310.70630672581296,-1000.0,0.0,0.0,0.0,0.0,0.0,128.41282665702974,0.0,0.0,0.0,0.0,0.0,0.0,0.0,333.3333333333333,-548.549325666735,129.2761736775917,0.0,65.981354187492,0.0,0.0,0.0,-180.94066646682347,0.0,310.70630672581296,0.0,295.9888516475089,0.0,-562.5000000000214,562.5000000000214,0.0,0.0,0.0,0.0,0.0,0.0,0.0,0.0,0.0,0.0,0.0,0.0,0.0,0.0,64.14055262765174,88.02033877621082,88.02033877621082,0.0,0.0,0.0,0.0,0.0,0.0,0.0,0.0,0.0,0.0,1.0690092104608624,0.0,0.0,57.749983266943325,-57.749983266943325,0.0,602.0597481252779,0.0,0.0,32.07027631382587,0.0,0.0,0.0,0.0,0.0,0.0,0.0,0.0,0.0,0.0,1000.0,0.0,0.0,32.07027631382587,32.07027631382587,-318.61498456928655,-1000.0,0.0,128.41282665702974,0.0,0.0,0.0,0.0,0.0,694.2483700773357,0.0,1000.0,0.10690092104608623,0.0,0.0,0.0,141.17793780150632,0.0,0.0,0.0,0.0,0.0,0.0,0.0,0.0,0.0,0.0,0.0,0.0,0.0,0.0,0.0,0.0,0.0,0.10690092104608623,0.0,0.0,0.0,0.0,0.0,0.0,0.0,0.0,0.0,0.0,435.7392902363813,0.0,0.0,-1000.0,-8.017569078456468,-5.3450460523043075,0.0,0.0,0.0,0.0,0.0,0.0,0.0,0.0,0.0,0.0,0.0,0.0,88.02033877621082,532.7843175649898,0.0,0.0,-240.18123018007338,0.0,0.0,0.0,-0.10690092104608623,0.0,0.0,0.10690092104608623,0.0,0.10690092104608623,0.0,0.0,0.0,64.14055262765174,130.4191236762252,130.4191236762252,0.0,0.0,0.0,0.0,0.0,0.0,0.0,129.2761736775917,0.0,0.0,0.0,0.0,0.0,137.46122042937264,0.0,0.0,0.0,0.0,0.0,0.0,0.0,0.0,0.0,0.0,0.0,0.0,0.0,180.94066646682347,0.0,-522.3700679002185,522.3700679002185,0.16035138156912934,0.0,0.0,0.0,-32.07027631382587,0.0,0.0,0.0,0.0,0.0,-258.61981579078275,5.345046052304312,0.0,0.0,0.0,0.0,919.0890253737236,-200.74176834145103,0.0,0.0,0.0,0.0,0.0,0.0,0.0,0.0,88.02033877621082,0.0,0.0,315.96001277656933,258.61981579078275,0.0,432.8959894683744,0.0,0.0,-505.1628540815585,505.1628540815585,0.0,0.0,526.0049682794453,0.0,5.3450460523043075,526.7688969953341,0.0,0.0,0.0,-163.66889501954148,0.0,0.0,0.0,0.0,0.0,0.0,0.0,0.0,0.0,809.1089546681055,-282.67252302615213,130.4191236762252,0.0,62.5,62.5,-62.50000000000001,0.0,0.0,0.0,0.0,0.0,238.4397315526157,0.0,0.0,0.0,-141.17793780150632,0.0,-1000.0,32.07027631382587,57.749983266943325,0.0,0.0,0.0,32.81578764852088,0.0,0.0,0.1175910131532305,0.0,0.0,0.0,65.2095618381126,0.0,0.0,0.0,0.0,146.6289949131135,0.0,0.0,0.0,0.0,0.0,0.0,0.0,0.0,-719.5324861898478,0.0,0.010690092104608336,0.010690092104608336,0.0,0.0,0.0,0.0,0.0,0.0,0.0,0.0,0.0,0.0,0.0,0.0,0.0,0.0,0.0,258.61981579078275,0.0,0.0,0.0,0.0,0.0,0.0,0.0,470.85286538256923,0.0,0.0,0.0,115.49996653388665,0.0,0.0,521.5537274846243,0.0,0.0,0.0,64.14055262765174,0.0,0.0,0.0,0.0,0.0,-64.14055262765174,0.0,0.0,115.49996653388665,0.0,0.0,0.0,0.0,0.0,0.0,0.0,0.0,0.0,0.0,-1000.0,-1000.0,210.68835134594173,-549.3606684200967,517.2903921062708,0.0,999.5723963158158,0.0,0.0,0.0,0.0,0.0,0.0,0.0,0.0,0.0,0.0,0.0,0.0,0.0,0.0,0.0,0.0,0.0,-13.362615130760776,88.02033877621082,-958.9077551795492,412.1161743770683,0.0,0.0,0.0,0.0,0.0,-1.3362615130760782,0.0,48.16892848565483,0.0,0.0,0.0,0.0,0.0,0.0,0.0,1000.0,32.07027631382587,32.07027631382587,0.0,0.0,0.0,0.0,697.2903651823725,0.1175910131532305,258.61981579078275,0.0,0.0,-999.5723963158158,0.0,0.0,0.0,0.0,0.0,0.0,0.0,0.0,0.0,0.0,0.0,0.0,0.0,0.0,261.18503395010924,0.0,0.0,0.0,0.0,112.24596709839055,0.0,0.0,65.981354187492,0.0,0.0,0.0,258.61981579078275,0.0,430.39424418407697,0.0,0.0,0.0,-13.362615130760776,0.0,0.0,0.0,0.0,0.0,0.0,0.0,0.0,0.0,0.0,0.0,0.0,0.0,0.0,0.0,0.0,0.0,0.0,-0.10690092104608623,0.0,0.0,5.345046052304312,-310.70630672581296,0.0,0.0,0.0,0.0,88.02033877621082,0.0,0.0,0.0,-128.25705112730208,2.672523026152156,0.0,0.0,0.0,0.10690092104608623,0.0,106.90092104608624,-33.13928552428673,21.380184209217248,0.7635780074720445,298.25356971858054,-0.08017569078456467,480.79013910285073,2.138018420921725,-0.5345046052302678,-298.25356971858054,32.07027631382587,-0.10690092104608624,0.0,128.41282665702974,0.02672523026152156,0.7635780074720445,0.0,-74.76860989748155,-2.138018420921732,-300.0,-0.10690092104608624,0.02672523026152156,-298.25356971858054,10.690092104608624,0.10690092104608624,0.10690092104608623,-258.39532385658345,-57.63239225379263,-152.35494472318302,-0.08017569078456467,32.07027631382587,0.10690092104608624,32.07027631382587,-53.45046052304312,-0.05345046052304312,-147.05462501152053,-103.71732071626737,-0.08017569078456467,-0.10690092104608624,-33.13928552428673,0.10690092104608623,10.690092104608624,-2.138018420921725,180.94066646682347,180.94066646682347,-10.690092104608624,300.0,-180.94066646682347,21.380184209217248,0.16035138156912934,105.97880493405285,10.690092104608624,-333.3333333333333,128.41282665702974,-21.380184209217248,0.05345046052304312,1.0690092104608624,120.10797980218433,280.0,-0.10690092104608623,-282.67252302615213,258.39532385658345,33.13928552428673,0.10690092104608624,74.76860989748155,0.13172140172639502,128.41282665702974,-0.10690092104608623,-0.02672523026152156,-128.41282665702974,-0.10690092104608624,-14.717455078304056,0.10690092104608624,-0.02672523026152156,-0.02672523026152156,-0.02672523026152156,42.760368418434496,53.45046052304312,1.0690092104608624,79.20021988002162,-0.02672523026152156,240.21595960436866,5.345046052304312,12.70377359145634,0.10690092104608623,0.05345046052304312,0.05345046052304312,74.8965054331235,33.13928552428673,0.10690092104608623,-33.13928552428673,1.0690092104608624,0.10690092104608624,-79.20021988002162,0.10690092104608624,0.4276036841841915,0.5345046052302678,0.05345046052304312,0.02672523026152156,32.07027631382587,-0.10690092104608624,152.35494472318302,1.069009210460866,-158.40043976004324,478.1176160766986,-10.690092104608624,21.380184209217248,5.345046052304312,-0.10690092104608624,0.0,0.16035138156912934,-0.10690092104608624,-149.793010866247,33.13928552428673,262.3674817136531,0.05345046052304312,-25.40754718291268,-0.10690092104608624,-0.10690092104608624,-0.10690092104608624,0.05345046052304312,298.25356971858054,-21.380184209217248,0.10690092104608623,240.21595960436866,-0.02672523026152156,57.63239225379263,-240.21595960436866,16.035138156912932,103.71732071626737,-584.6756561048757,298.25356971858054,-0.08017569078456467,282.67252302615213,-280.0,0.10690092104608624,-0.026725230261521564,5.3450460523043075,106.90092104608624,-0.05345046052304312,-0.10690092104608624,0.02672523026152156,817.6081270754526,0.0,-106.03225539457588,0.0,-255.0,0.0,572.1709051158361,-140.0,0.0,-80.0,125.32787991344202,-325.0,0.0,40.0,127.5,-62.66393995672101,0.0,70.0,-258.61981579078275,-295.183269362174,0.0,325.0,-295.183269362174,-572.1709051158361,280.67454580475055,0.0,1496.5981,hplb
83,0.0,0.0,0.0,0.0,0.0,0.0,0.0,0.0,-0.07368078303440462,0.0,0.0,0.0,0.0,0.0,0.0,0.0,-183.0859215195299,-448.45677076263445,0.0,931.5426922821644,0.0,0.0,0.0,629.9140113945048,0.0,0.0,0.0,0.0,0.0,75.04593453990913,0.0,0.0,61.37046256443983,0.0,0.0,0.0,0.0,0.0,0.0,-1000.0,977.8957650896787,0.0,-781.3812353669225,366.8443700973493,0.0,0.0,0.0,52.790633049849546,-346.7520846100271,-347.7597341140177,0.0,0.0,0.0,0.08104886133799027,0.0,0.0,0.0,67.52678965673047,0.0,0.0,-59.2415311176509,0.0,0.0,-59.2415311176509,0.0,0.0,0.0,0.0,473.76550979608317,-473.76550979608317,0.0,0.7368078303440463,0.0,0.0,0.0,0.0,0.0,0.0,0.0,0.0,0.0,0.0,0.0,0.0,44.208469820642776,0.0,52.752710158419895,403.9718181173216,538.7114900487686,0.0,31.991674471635186,0.0,0.0,0.0,22.104234910321388,0.0,22.104234910321388,0.0,0.0,0.0,0.0,3.684039151720231,-516.4703384275705,0.0,0.0,-77.00119213049969,0.0,0.0,0.0,0.0,0.0,0.0,0.0,0.0,0.0,0.0,0.0,0.0,0.0,0.0,0.0,0.0,0.0,0.0,-451.3658544170453,0.0,0.0,22.104234910321388,0.0,22.841042740665433,22.841042740665433,0.0,-43.46192667201586,431.0469570583402,-387.5850303863243,387.5850303863243,0.0,1000.0,-1000.0,0.0,0.0,0.0,0.0,0.0,0.0,58.426130452069046,0.07368078303440462,32.01009466739379,0.0,0.0,0.0,0.0,0.0,0.0,0.0,0.0,628.8172367139791,0.0,0.0,0.0,0.0,0.0,549.859429757829,549.859429757829,0.0,0.0,0.0,0.0,-253.11546230225719,0.0,0.0,549.9331105408635,0.0,0.0,0.0,93.22185202349146,0.0,0.0,0.0,0.0,0.0,0.0,0.0,0.0,0.0,0.0,-12.903961135427613,0.0,0.0,0.0,0.0,-1000.0,0.0,0.0,0.0,0.0,0.0,347.7597341140177,781.3812353669225,-425.8661880122354,425.8661880122354,0.0,0.0,0.0,0.0,0.0,0.0,0.0,591.5162729674796,-698.9462544861815,0.0,0.0,0.0,0.0,0.0,0.0,0.0,0.0,0.0,0.0,0.0,0.0,0.0,703.374033982259,-70.52768678623815,-326.5891637772747,0.0,0.0,0.0,0.0,100.68292720852266,0.0,0.0,0.0,0.0,-59.2415311176509,-693.433533874624,0.0,0.0,0.0,0.0,0.0,0.0,0.0,0.0,715.6860600673767,0.0,0.0,0.0,-183.1964426940815,0.0,412.7347808619816,0.0,326.5891637772747,0.0,0.0,0.0,-661.2018694113266,0.0,0.0,0.0,-155.6804194227583,0.0,0.0,0.0,0.0,-505.2503211008027,0.0,0.0,-505.25032110080264,112.84530203653321,0.0,0.0,347.7597341140177,0.0,150.56854293879712,0.0,0.0,0.0,-551.524470087648,0.0,551.524470087648,0.0,391.527618499535,0.0,0.0,-48.20899742421449,0.0,0.0,0.0,-59.2415311176509,-0.11052117455160693,0.0,0.0,0.0,0.0,0.07368078303440462,0.0,0.0,0.0,161.5267778137793,-183.0859215195299,0.0,-1000.0,375.83470785909145,0.0,1000.0,0.0,43.05508977508839,0.0,-77.00119213049969,0.0,0.0,0.0,-6.343915419262382,0.0,-36.711174355826074,-91.47319558094841,-1000.0,0.0,0.0,0.0,0.0,0.0,0.0,0.0,0.0,0.0,0.0,0.0,0.0,0.0,0.0,0.0,0.0,0.0,-999.7052768678609,0.0,-1000.0,0.0,0.0,713.3135388536684,0.0,0.0,0.0,-774.1121905194458,0.0,0.0,0.0,0.0,0.0,-473.76550979608317,0.0,-811.5154294512323,0.0,0.0,0.0,197.6946684280682,-1000.0,937.5000000000002,0.0,807.8313902995121,0.0,-1.8420195758601154,-201.37870757978845,0.0,0.0,0.0,0.0,543.6237639951166,22.104234910321388,0.0,0.0,0.0,0.0,0.0,0.0,0.0,-703.374033982259,703.374033982259,703.374033982259,317.2650355236188,0.0,0.0,0.0,0.0,0.0,591.5162729674796,0.0,0.0,-12.977641918462018,0.0,0.0,0.0,0.0,0.0,0.0,0.0,-92.63192169655954,0.147361566068793,0.0,0.0,0.0,0.0,0.0,0.0,0.0,0.0,0.0,0.0,0.0,0.0,0.0,0.0,0.0,0.0,0.0,0.0,0.0,0.08104886133799027,0.08104886133799027,0.0,473.36809847037256,0.0,44.208469820642776,0.0,0.0,0.0,-704.4600160794695,0.0,0.0,52.752710158419895,0.0,0.0,858.538957215006,704.4600160794695,0.0,0.0,880.1709842862012,0.0,0.0,0.0,0.0,0.0,0.0,0.0,0.0,0.0,0.0,150.45528480568174,-161.5267778137793,0.0,0.0,58.426130452069046,0.0,-100.68292720852266,100.68292720852266,0.0,0.0,858.538957215006,0.0,765.9070355184465,0.0,-437.5000000000004,437.5000000000004,703.374033982259,0.0,0.0,0.0,0.0,0.0,0.0,0.0,0.0,0.0,0.0,0.0,0.0,0.0,44.208469820642776,0.0,0.0,0.0,0.0,0.0,0.0,0.0,0.0,0.0,0.0,0.0,0.0,0.7368078303440463,0.0,0.0,52.752710158419895,-52.752710158419895,0.0,781.3812353669225,0.0,0.0,22.104234910321388,-880.1709842862012,0.0,0.0,0.0,0.0,0.0,0.0,0.0,0.0,0.0,34.65371230475694,-45.212488438734916,0.0,22.104234910321388,22.104234910321388,1000.0,704.4600160794695,0.0,0.0,0.0,0.0,0.0,0.0,0.0,-392.0564659914811,591.5162729674796,-479.2115756342547,0.07368078303440462,0.0,0.0,0.0,5.941828860417343,0.0,0.0,0.0,0.0,0.0,0.0,0.0,0.0,0.0,0.0,0.0,0.0,0.0,0.0,0.0,0.0,0.0,0.07368078303440462,0.0,0.0,0.0,0.0,0.0,0.0,0.0,0.0,0.0,0.0,588.6220627003588,0.0,-649.4207143661368,-0.2947231321390973,-5.526058727580347,-3.684039151720234,0.0,0.0,0.0,0.0,0.0,0.0,0.0,0.0,0.0,0.0,0.0,0.0,0.0,0.0,0.0,0.0,547.3078031468368,0.0,0.0,0.0,-0.07368078303440462,0.0,0.0,0.07368078303440462,0.0,0.07368078303440462,0.0,0.0,0.0,44.208469820642776,89.89055530197363,89.89055530197363,0.0,0.0,0.0,0.0,0.0,0.0,0.0,0.0,0.0,591.5162729674796,0.0,0.0,0.0,0.0,0.0,0.0,0.0,0.0,0.0,0.0,0.0,0.0,0.0,0.0,0.0,0.0,0.0,100.68292720852266,0.0,0.0,0.0,0.11052117455160693,0.0,0.0,0.0,-22.104234910321388,0.0,0.0,0.0,0.0,0.0,-473.36809847037256,3.684039151720231,0.0,0.0,0.0,0.0,253.11546230225719,124.69147615330962,0.0,0.0,0.0,0.0,0.0,0.0,0.0,0.0,0.0,0.0,880.1709842862012,-154.70363001451648,-230.00593551188643,0.0,310.2638433931191,-77.00119213049969,0.0,-649.4207143661368,649.4207143661368,0.0,0.0,-751.0924247133003,0.0,3.684039151720234,615.197473018731,0.0,0.0,0.0,-118.4830622353018,0.0,0.0,0.0,0.0,0.0,0.0,0.0,0.0,0.0,1.8518436802668248,0.0,89.89055530197363,0.0,0.0,0.0,0.0,0.0,0.0,0.0,0.0,0.0,715.6860600673767,0.0,0.0,489.94627465311373,-5.941828860417343,0.0,-781.3812353669225,22.104234910321388,52.752710158419895,0.0,0.0,0.0,270.4456597119144,0.0,0.0,0.08104886133799027,0.0,0.0,0.0,44.94527765098682,0.0,0.0,0.0,0.0,-70.52768678623815,0.0,0.0,0.0,0.0,0.0,0.0,0.0,0.0,0.0,0.0,0.007368078303440462,0.007368078303440462,0.0,0.0,0.0,0.0,0.0,0.0,0.0,0.0,0.0,0.0,0.0,0.0,0.0,0.0,0.0,473.36809847037256,0.0,0.0,0.0,0.0,0.0,0.0,0.0,347.7597341140177,0.0,0.0,0.0,105.50542031683979,0.0,1000.0,-448.45677076263445,0.0,0.0,0.0,44.208469820642776,0.0,0.0,0.0,0.0,0.0,0.0,-44.208469820642776,0.0,105.50542031683979,0.0,0.0,0.0,0.0,0.0,0.0,0.0,0.0,0.0,0.0,479.2115756342547,-1000.0,50.47133637856717,-788.7427892998123,766.638554389491,0.0,0.0,0.0,0.0,0.0,0.0,0.0,0.0,0.0,0.0,0.0,906.2499999999999,0.0,-906.2499999999999,-906.25,0.0,0.0,0.0,0.0,-9.21009787930058,0.0,-5.526058727580347,-5.526058727580344,0.0,0.0,0.0,0.0,0.0,0.0,-0.9210097879300578,12.977641918462018,0.0,0.0,0.0,0.0,0.0,0.0,0.0,1000.0,22.104234910321388,22.104234910321388,0.0,0.0,0.0,0.0,0.0,0.08104886133799027,473.36809847037256,0.0,0.0,0.0,0.0,0.0,0.0,0.0,0.0,0.0,0.0,0.0,0.0,0.0,0.0,0.0,0.0,0.0,0.0,0.0,0.0,22.841042740665433,0.0,77.36482218612485,0.0,0.0,58.426130452069046,0.0,0.0,0.0,473.36809847037256,0.0,584.9380235486386,0.0,0.0,0.0,-9.21009787930058,0.0,0.0,0.0,0.0,0.0,0.0,0.0,0.0,0.0,0.0,0.0,0.0,0.0,0.0,0.0,0.0,0.0,0.0,-0.07368078303440462,0.0,0.0,3.684039151720231,-858.538957215006,0.0,0.0,0.0,0.0,0.0,0.0,0.0,0.0,6.343915419262382,1.8420195758601154,0.0,0.0,0.0,0.07368078303440462,0.0,73.68078303440461,0.0,14.736156606880925,0.5262913073886044,251.25147014731976,-0.05526058727580346,3.684039151720185,1.4736156606880924,-0.3684039151735019,-251.25147014731976,22.104234910321388,-0.07368078303440462,25.667064043499895,0.0,0.018420195758601154,0.5262913073886044,-77.00119213049969,-64.48269081749822,-1.4736156606880924,-300.0,-0.07368078303440462,0.018420195758601154,-251.25147014731976,7.368078303440462,0.07368078303440462,0.07368078303440462,-473.2133688260002,-52.671661297082046,0.0,-0.05526058727580346,22.104234910321388,0.07368078303440462,22.104234910321395,-36.84039151720231,-0.03684039151720231,-474.8148524529797,-108.12468629499752,-0.05526058727580346,-0.07368078303440462,0.0,0.07368078303440462,7.368078303440462,-1.4736156606880924,100.68292720852266,100.68292720852266,-7.368078303440462,300.0,-100.68292720852266,14.736156606880924,0.11052117455160693,370.6931036758069,7.368078303440462,-150.45528480568177,0.0,-14.736156606880924,0.03684039151720231,0.7368078303440463,250.0,-215.26977890500552,-0.07368078303440462,-489.94627465311373,473.2133688260002,22.841042740665433,0.07368078303440462,64.48269081749822,-88.41693964128578,0.0,-0.07368078303440462,-0.018420195758601154,0.0,-0.07368078303440462,-92.63192169655954,0.07368078303440462,-0.018420195758601154,-0.018420195758601154,-0.018420195758601154,29.472313213761847,36.84039151720231,0.7368078303440463,54.58825013061454,-0.018420195758601154,474.3329359565001,3.684039151720231,50.0,0.07368078303440462,0.03684039151720231,0.03684039151720231,7.368078303440462,0.0,0.07368078303440462,0.0,0.7368078303440463,0.07368078303440462,-54.58825013061454,0.07368078303440462,0.2947231321390973,0.3684039151735019,0.03684039151720231,0.018420195758601154,22.104234910321388,-0.07368078303440462,0.0,0.7368078303440462,-109.17650026122908,1.8420195758601619,-7.368078303440462,14.736156606880924,3.684039151720231,-0.07368078303440462,77.00119213049969,0.11052117455160693,-0.07368078303440462,-14.736156606880911,0.0,-20.415662897192306,0.03684039151720231,-100.0,-0.07368078303440462,-0.07368078303440462,-0.07368078303440462,0.03684039151720231,251.25147014731976,-14.736156606880924,0.07368078303440462,500.0,-0.018420195758601154,52.671661297082046,-500.0,11.052117455160692,108.12468629499752,-792.4408148855391,251.25147014731976,-0.05526058727580346,489.94627465311373,215.26977890500552,0.07368078303440462,-0.01842019575860115,3.684039151720234,73.68078303440461,-0.03684039151720231,-0.07368078303440462,0.018420195758601154,811.1437847479449,0.0,-483.57524610385735,0.0,-255.0,0.0,325.3693135050996,-140.0,0.0,236.88433366773103,-255.0,-325.0,-112.84530203653321,-118.44216683386551,127.5,127.5,0.0,70.0,-473.36809847037256,-250.0299968147221,112.84530203653321,325.0,-250.0299968147221,-325.3693135050996,203.20908742147247,0.0,1496.5981,hplb
84,0.0,0.0,0.0,0.0,0.0,0.0,0.0,0.0,-0.11792745031315612,0.0,0.0,0.0,0.0,0.0,0.0,0.0,1000.0,300.0,0.0,-1000.0,0.0,0.0,0.0,184.14588863288418,0.0,0.0,0.0,0.0,0.0,-844.4702710871993,50.777451339407364,-50.777451339407364,137.3938033480793,0.0,0.0,0.0,0.0,517.2807410806132,0.0,-381.6800945705171,1000.0,0.0,0.0,0.0,0.0,0.0,0.0,0.0,656.9702710868881,-267.4152113865155,0.0,812.4999999996888,0.0,0.12972019534442078,0.0,0.0,0.0,0.0,0.0,0.0,-27.311294570713812,0.0,-972.6887054292862,-1000.0,0.0,0.0,0.0,0.0,0.0,0.0,0.0,1.1792745031315612,0.0,0.0,0.0,0.0,0.0,0.0,0.0,828.298563018552,0.0,0.0,0.0,0.0,70.75647018789367,0.0,0.0,177.01190371813937,-605.6632660863133,-140.9375196904855,-0.02948186257828903,0.0,0.0,-916.8024700237552,35.378235093946834,0.0,35.378235093946834,-11.440936501645012,509.56701493067527,0.0,0.0,67.92898385172826,-844.4702710871993,0.0,0.0,0.0,0.0,0.0,0.0,0.0,0.0,0.0,0.0,0.0,0.0,0.0,0.0,0.0,0.0,0.0,0.0,0.0,0.0,0.0,-618.6399640554419,0.0,0.0,35.378235093946834,0.0,36.55750959707839,0.0,0.0,0.0,0.0,0.0,0.0,62.49999999999768,0.0,0.0,-62.49999999999768,0.0,0.0,0.0,0.0,0.0,9.080413674113057,0.11792745031315612,0.0,0.0,0.0,0.0,-934.0352255678149,0.0,0.0,0.0,0.0,667.3911393428012,0.0,0.0,0.0,0.0,0.0,-147.69650211283786,-147.69650211283786,0.0,0.0,0.0,0.0,0.0,0.0,0.0,-96.80112332311734,0.0,0.0,0.0,-1000.0,0.0,0.0,0.0,0.0,0.0,0.0,0.0,0.0,0.0,0.0,0.0,0.0,0.0,0.0,0.0,-1000.0,0.0,0.0,0.0,0.0,0.0,267.4152113865155,-812.4999999996888,877.0119037181394,-877.0119037181394,0.0,0.0,0.0,0.0,0.0,0.0,0.0,0.0,-14.740931289144514,0.0,0.0,0.0,0.0,0.0,0.0,0.0,0.0,0.0,0.0,0.0,0.0,0.0,16.128604689679335,881.2062056930773,0.0,0.0,0.0,0.0,0.0,97.93846126538936,0.0,0.0,0.0,0.0,-27.311294570713812,0.0,50.777451339407364,0.0,0.0,0.0,0.0,0.0,0.0,0.0,43.13377873784442,23.585490062631223,0.0,0.0,482.6751698044527,-1000.0,898.494078523478,0.0,0.0,0.0,0.0,0.0,-54.622589141427625,0.0,0.0,0.0,113.35957560262932,0.0,0.0,0.0,0.0,1000.0,-1000.0,1000.0,0.0,271.348637631826,0.0,155.5297289128007,267.4152113865155,0.0,231.0791251083162,0.0,0.0,0.0,0.0,0.0,0.0,0.0,861.3818866617545,0.0,0.0,1000.0,0.0,0.0,0.0,-27.311294570713812,-0.17689117546973415,0.0,0.0,0.0,0.0,0.11792745031315612,0.0,0.0,0.0,823.5495249028194,1000.0,0.0,-679.736086599702,898.7861393318166,0.0,908.9637251565781,0.0,-88.74305620074051,0.0,0.0,0.0,0.0,0.0,895.5020574875512,0.0,-806.7590012868106,-1000.0,-1000.0,0.0,0.0,0.0,0.0,0.0,0.0,0.0,0.0,0.0,0.0,0.0,0.0,0.0,0.0,0.0,0.0,0.0,-147.09998129742985,0.0,-1000.0,0.0,335.14756782070515,0.0,0.0,0.0,0.0,-1.4367410725501166,0.0,509.56701493067527,0.0,0.0,62.03261133607046,-56.43851289750552,-168.85285297225442,566.3486541561401,0.0,56.43851289750552,0.0,-5.896372515657806,-257.6859215193679,0.0,168.85285297225442,-603.2613323398331,0.0,-2.948186257828903,0.0,-381.11385133534986,0.0,125.85505965442152,778.8989700624222,-202.507902357973,35.378235093946834,0.0,0.0,0.0,0.0,0.0,0.0,0.0,-16.128604689679335,16.128604689679335,16.128604689679335,-157.51044315523916,0.0,0.0,-958.4188648854981,0.0,0.0,0.0,0.0,0.0,-54.622589141427625,0.0,0.0,126.41450993736878,0.0,0.0,0.0,0.0,-88.2072549686844,0.2358549006256112,0.0,0.0,0.0,0.0,0.0,0.0,0.0,0.0,0.0,0.0,0.0,0.0,0.0,0.0,0.0,0.0,0.0,0.0,0.0,0.12972019534442078,0.12972019534442078,50.777451339407364,272.5431146270481,0.0,70.75647018789367,0.0,0.0,0.0,1000.0,0.0,0.0,0.0,0.0,0.0,403.3469618897181,-1000.0,0.0,0.0,0.0,0.0,0.0,126.41450993736878,0.0,0.0,0.0,0.0,0.0,0.0,0.0,206.21332135181396,-823.5495249028194,934.0352255678149,0.0,9.080413674113057,0.0,-14.740931289144514,-902.0615387346106,-1000.0,0.0,403.3469618897181,0.0,0.0,315.13970692103373,0.0,0.0,16.128604689679335,0.0,0.0,0.0,0.0,0.0,0.0,0.0,0.0,0.0,0.0,0.0,0.0,0.0,70.75647018789367,0.0,0.0,0.0,0.0,0.0,0.0,0.0,0.0,0.0,0.0,0.0,0.0,1.1792745031315612,0.0,50.777451339407364,0.0,0.0,50.777451339407364,-812.4999999996888,0.0,0.0,35.378235093946834,0.0,0.0,0.0,0.0,0.0,0.0,0.0,0.0,0.0,0.0,215.91484082543707,0.0,0.0,35.378235093946834,35.378235093946834,1000.0,-1000.0,0.0,126.41450993736878,0.0,0.0,0.0,0.0,0.0,844.4702710871993,0.0,1000.0,0.11792745031315612,0.0,0.0,155.7400449171388,0.0,0.0,0.0,916.8024700237552,0.0,0.0,0.0,0.0,0.0,0.0,0.0,0.0,0.0,0.0,0.0,0.0,0.0,0.0,0.11792745031315612,0.0,0.0,0.0,0.0,0.0,0.0,0.0,0.0,335.14756782070515,0.0,508.1302738581252,0.0,0.0,-852.9000187025702,-8.844558773486709,0.0,-5.896372515657806,0.0,62.50000000000003,62.50000000000003,-62.50000000000003,0.0,0.0,0.0,0.0,0.0,0.0,0.0,0.0,0.0,0.0,0.0,-70.75647018789367,0.0,0.0,0.0,-0.11792745031315612,0.0,0.0,0.11792745031315612,0.0,0.11792745031315612,0.0,0.0,0.0,70.75647018789367,143.87148938205044,143.87148938205044,0.0,0.0,0.0,0.0,0.0,0.0,0.0,934.0352255678149,0.0,0.0,0.0,0.0,0.0,905.6556109595139,0.0,0.0,0.0,0.0,0.0,0.0,0.0,0.0,0.0,0.0,0.0,0.0,0.0,97.93846126538936,0.0,0.0,0.0,0.17689117546973415,0.0,0.0,0.0,-35.378235093946834,0.0,0.0,0.0,0.0,0.0,-272.5431146270481,5.896372515657806,0.0,0.0,0.0,0.0,0.0,1.4367410725501166,-5.896372515657806,0.0,0.0,0.0,0.0,0.0,0.0,0.0,0.0,0.0,0.0,293.36665430834313,256.4145099373688,0.0,1000.0,0.0,0.0,0.0,509.56701493067527,-509.56701493067527,0.0,-198.49407852347804,0.0,5.896372515657806,541.6631716128865,0.0,0.0,-50.777451339407364,-54.622589141427625,0.0,0.0,0.0,0.0,0.0,0.0,0.0,0.0,0.0,85.4998302669992,-103.18894781397282,143.87148938205044,0.0,0.0,0.0,50.777451339407364,0.0,0.0,0.0,0.0,0.0,43.13377873784442,0.0,0.0,195.88784313353563,-155.7400449171388,0.0,0.0,35.378235093946834,0.0,0.0,0.0,0.0,238.9636710709325,0.0,0.0,0.12972019534442078,0.0,0.0,0.0,71.93574469102522,0.0,0.0,0.0,0.0,881.2062056930773,0.0,0.0,0.0,0.0,0.0,0.0,0.0,0.0,-1.8016865284806585,0.0,0.011792745031315622,0.011792745031315622,0.0,0.0,0.0,0.0,0.0,0.0,0.0,0.0,0.0,155.7400449171388,50.777451339407364,0.0,0.0,0.0,0.0,272.5431146270481,0.0,0.0,0.0,0.0,0.0,0.0,0.0,267.4152113865155,0.0,0.0,0.0,0.0,1000.0,0.0,300.0,0.0,0.0,0.0,70.75647018789367,0.0,0.0,0.0,0.0,0.0,0.0,-70.75647018789367,0.0,0.0,0.0,0.0,0.0,0.0,0.0,0.0,0.0,50.777451339407364,50.777451339407364,0.0,-1000.0,-1000.0,986.4359144240258,-532.7401786739814,497.36194358003456,0.0,852.4283089013184,0.0,0.0,0.0,0.0,0.0,0.0,0.0,0.0,0.0,0.0,0.0,0.0,0.0,0.0,0.0,0.0,0.0,-14.740931289144514,0.0,-70.87717010955717,1000.0,0.0,0.0,0.0,0.0,0.0,-1.4740931289144514,0.0,54.622589141427625,0.0,0.0,0.0,0.0,0.0,0.0,0.0,1000.0,35.378235093946834,35.378235093946834,0.0,0.0,0.0,0.0,828.298563018552,0.12972019534442078,272.5431146270481,0.0,0.0,-852.4283089013184,0.0,0.0,0.0,0.0,0.0,0.0,0.0,0.0,0.0,0.0,0.0,0.0,0.0,0.0,0.0,0.0,0.0,0.0,0.0,123.82382282881392,9.080413674113057,0.0,0.0,0.0,0.0,0.0,272.5431146270481,0.0,-12.877677574195129,0.0,0.0,0.0,-14.740931289144514,0.0,0.0,0.0,0.0,0.0,0.0,0.0,0.0,0.0,0.0,0.0,0.0,0.0,0.0,0.0,0.0,0.0,0.0,-0.11792745031315612,0.0,0.0,5.896372515657806,-403.3469618897181,0.0,0.0,0.0,0.0,0.0,0.0,0.0,0.0,-895.5020574875512,2.948186257828903,0.0,0.0,0.0,0.11792745031315612,0.0,117.92745031315611,-36.55750959707839,23.585490062631223,0.842338930808258,329.0175863737055,-0.08844558773486708,36.91267818369309,2.3585490062631225,-0.589637251564947,-329.0175863737055,35.378235093946834,-0.11792745031315612,0.0,126.41450993736878,0.02948186257828903,0.842338930808258,0.0,-18.774050089852935,48.41890233314424,-300.0,-0.11792745031315612,0.02948186257828903,-329.0175863737055,11.792745031315611,0.11792745031315612,0.11792745031315612,-272.2954669813905,0.12972019534447174,-225.60105831676367,-0.08844558773486708,35.378235093946834,0.11792745031315612,35.37823509394684,-58.96372515657806,-0.05896372515657806,-441.79008102603757,-109.84913374701813,-0.08844558773486708,-0.11792745031315612,-36.55750959707839,0.11792745031315612,11.792745031315611,-2.3585490062631225,97.93846126538936,97.93846126538936,-11.792745031315611,300.0,-97.93846126538936,23.585490062631223,0.17689117546973415,82.59566418297322,11.792745031315611,-206.21332135181396,126.41450993736878,-23.585490062631223,0.05896372515657806,1.1792745031315612,169.9340216499255,280.0,-0.11792745031315612,-299.07679094750847,272.2954669813905,36.55750959707839,0.11792745031315616,18.774050089852935,-15.098430438418667,126.41450993736878,-0.11792745031315612,-0.02948186257828903,-126.41450993736878,-0.11792745031315612,-88.2072549686844,0.11792745031320563,-0.02948186257828903,-0.02948186257828903,-0.02948186257828903,47.170980125262446,58.96372515657806,1.1792745031315612,275.4747094155532,-0.02948186257828903,339.868043299851,5.896372515657806,50.0,0.11792745031315612,0.05896372515657806,0.05896372515657806,75.0,36.55750959707839,0.11792745031315612,-36.55750959707839,1.1792745031315612,0.11792745031315612,-651.6851287451453,0.11792745031315612,0.47170980125179085,0.589637251564947,0.05896372515657806,0.02948186257828903,35.378235093946834,-0.11792745031315612,225.60105831676367,-24.20945116657212,-550.9494188311064,33.96449192586408,-11.792745031315611,23.585490062631223,5.896372515657806,-0.11792745031315612,0.0,0.17689117546973415,-0.11792745031315612,-150.0,36.55750959707839,42.344632754765875,0.05896372515657806,-100.0,-0.11792745031315612,-0.11792745031320563,-0.11792745031315612,0.05896372515657806,329.0175863737055,-23.585490062631223,0.11792745031315612,339.868043299851,-0.02948186257828903,-0.12972019534447174,-339.868043299851,17.689117546973414,109.84913374701813,-14.514485901761645,329.0175863737055,-0.08844558773486708,299.07679094750847,-280.0,0.11792745031315612,-0.029481862578289032,5.896372515657806,117.92745031315611,-0.05896372515657806,-0.11792745031315616,0.02948186257828903,0.0,0.0,-213.06574584947035,376.2104193295921,-255.0,0.0,28.48903544381581,-140.0,0.0,-80.0,133.92495309260795,-89.55026449481632,-130.41111794134054,40.0,127.5,-66.96247654630398,0.0,70.0,-272.5431146270481,-281.3083038256984,130.41111794134054,89.55026449481632,-281.3083038256984,-28.48903544381581,15.897360425459432,0.0,1496.5981,hplb
85,0.0,0.0,0.0,0.0,0.0,0.0,0.0,0.0,-0.11494454384014792,0.0,0.0,0.0,0.0,0.0,0.0,0.0,-299.82758318423976,0.0,0.0,466.9452447879901,0.0,0.0,0.0,14.340674693037272,0.0,0.0,0.0,0.0,0.0,-384.49187250213924,0.0,0.0,62.137968515426834,0.0,0.0,0.0,0.0,999.540221824639,0.0,-1000.0,1000.0,0.0,0.0,595.5191127173711,0.0,0.0,0.0,0.0,-59.26309834642257,0.0,0.0,0.0,0.0,0.12643899822404592,0.0,0.0,0.0,22.988908768029585,0.0,0.0,66.2820333865239,0.0,0.0,-162.93241525561558,0.0,0.0,0.0,0.0,0.0,772.3569560624562,0.0,1.1494454384014794,0.0,0.0,0.0,0.0,0.0,0.0,0.0,0.0,0.0,0.0,811.6851757047651,0.0,68.96672630408875,0.0,0.0,102.26427068653408,423.94407244787857,300.0,-0.028736135960036983,0.0,0.0,-839.9552180992438,34.483363152044376,0.0,34.483363152044376,-3.701214311653075,0.0,0.0,811.6851757047651,5.747227192007396,-1000.0,0.0,0.0,-75.32175706570602,739.4268351210158,0.0,0.0,0.0,0.0,0.0,0.0,0.0,0.0,0.0,0.0,0.0,0.0,0.0,0.0,0.0,0.0,0.0,-975.970308890362,0.0,0.0,34.483363152044376,0.0,35.632808590445855,35.632808590445855,0.0,0.0,55.3692900551892,-55.3692900551892,55.3692900551892,0.0,716.4693242862179,-716.4693242862179,-229.2144486421395,0.0,0.0,0.0,0.0,0.0,-802.8344458290737,0.11494454384014792,0.0,0.0,0.0,0.0,-992.2737480971018,0.0,0.0,0.0,0.0,362.695023316756,0.0,0.0,0.0,0.0,0.0,516.0390536429655,516.0390536429655,0.0,0.0,0.0,0.0,0.0,0.0,0.0,516.1539981868057,0.0,0.0,0.0,41.5332809302657,-470.44709012721637,0.0,0.0,0.0,0.0,0.0,0.0,0.0,0.0,0.0,-280.6892691334724,0.0,0.0,0.0,0.0,-1000.0,0.0,0.0,0.0,0.0,0.0,0.0,0.0,-423.94407244787857,423.94407244787857,187.58275543779865,0.0,0.0,0.0,0.0,0.0,0.0,615.5081274978608,-850.0336526644971,0.0,0.0,0.0,0.0,0.0,0.0,0.0,0.0,0.0,0.0,0.0,0.0,0.0,0.0,198.82473051214524,743.5825540328016,0.0,0.0,0.0,0.0,158.39060107214505,0.0,0.0,0.0,0.0,66.2820333865239,148.0634413154305,0.0,0.0,0.0,0.0,0.0,0.0,0.0,0.0,0.0,0.0,0.0,0.0,0.0,847.8881448957571,-380.94290010776706,0.0,-743.5825540328016,0.0,0.0,229.2144486421395,965.0842519595762,0.0,0.0,0.0,-395.74337423966654,0.0,0.0,-1000.0,0.0,0.0,-1000.0,0.0,0.0,0.0,0.0,0.0,0.0,0.0,45.98753798496074,0.0,0.0,0.0,-993.9540439072159,0.0,993.9540439072159,0.0,515.9241090991254,41.63169320434086,0.0,1000.0,0.0,0.0,0.0,66.2820333865239,-0.17241681576024348,0.0,0.0,0.0,0.0,0.11494454384014792,0.0,0.0,0.0,619.543280338012,-299.82758318423976,0.0,-400.35390174148,72.51254720939743,470.44709012721637,942.5158029344921,0.0,336.45833062319747,0.0,-75.32175706570602,0.0,0.0,0.0,-9.896725224636612,0.0,-326.56160539856086,-1000.0,-1000.0,0.0,0.0,0.0,0.0,0.0,0.0,0.0,0.0,0.0,0.0,0.0,0.0,0.0,0.0,0.0,0.0,0.0,332.96401109125054,0.0,-667.0359889087495,0.0,0.0,0.0,0.0,924.7021603753774,0.0,802.8344458290737,0.0,0.0,0.0,171.7887771178017,0.0,0.0,0.0,-5.747227192007397,-612.8828803386003,0.0,0.0,660.1138169896439,0.0,0.0,0.0,0.0,0.0,610.0092667425967,-665.8610441816512,-179.09959198199604,0.0,140.48949611896376,0.0,714.232736660978,34.483363152044376,0.0,0.0,0.0,456.05086309193064,0.0,0.0,0.0,0.0,0.0,0.0,-148.71801479425415,0.0,0.0,0.0,0.0,0.0,615.5081274978608,0.0,0.0,-96.65038186909169,0.0,312.5000000000003,91.9675602175523,0.0,0.0,0.0,0.0,-88.50554561598521,0.2298890876802705,0.0,0.0,0.0,0.0,0.0,0.0,0.0,0.0,0.0,730.7252628581153,0.0,0.0,0.0,0.0,0.0,0.0,0.0,0.0,0.0,0.12643899822404592,0.12643899822404592,0.0,257.0110912319704,0.0,68.96672630408875,0.0,0.0,0.0,1000.0,0.0,0.0,0.0,0.0,0.0,265.58081325011585,-1000.0,0.0,0.0,0.0,0.0,0.0,91.9675602175523,0.0,0.0,0.0,0.0,0.0,0.0,0.0,325.32343629678735,-619.543280338012,252.84691297608606,0.0,8.850729875691384,0.0,-185.92857460918742,-654.0266434900564,-1000.0,0.0,265.58081325011585,0.0,177.07526763413063,0.0,0.0,0.0,0.0,0.0,0.0,0.0,0.0,0.0,0.0,0.0,0.0,0.0,0.0,0.0,0.0,0.0,68.96672630408875,229.2144486421395,229.2144486421395,0.0,0.0,0.0,0.0,0.0,0.0,0.0,0.0,0.0,0.0,1.1494454384014794,0.0,0.0,0.0,0.0,0.0,0.0,0.0,0.0,34.483363152044376,0.0,0.0,0.0,0.0,0.0,0.0,0.0,0.0,0.0,0.0,1000.0,0.0,0.0,34.483363152044376,34.483363152044376,1000.0,-1000.0,0.0,91.9675602175523,0.0,0.0,0.0,0.0,0.0,1000.0,615.5081274978608,781.6720535398076,0.11494454384014792,0.0,0.0,0.0,9.269456428251928,0.0,0.0,839.9552180992438,0.0,-41.63169320434086,0.0,0.0,0.0,0.0,0.0,0.0,0.0,0.0,0.0,0.0,0.0,0.0,0.11494454384014792,0.0,0.0,0.0,94.82365228877677,-94.82365228877677,0.0,0.0,0.0,0.0,0.0,802.8344458290737,0.0,0.0,-1000.0,-8.620840788011096,-5.747227192007396,0.0,0.0,0.0,0.0,0.0,0.0,0.0,0.0,0.0,0.0,0.0,0.0,229.2144486421395,470.44709012721637,0.0,0.0,860.4694599719492,0.0,0.0,0.0,-0.11494454384014792,0.0,0.0,0.11494454384014792,0.0,0.11494454384014792,0.0,0.0,0.0,68.96672630408875,140.23234348498048,140.23234348498048,0.0,0.0,0.0,0.0,0.0,0.0,0.0,252.84691297608606,0.0,615.5081274978608,0.0,0.0,0.0,0.0,0.0,0.0,0.0,0.0,0.0,0.0,0.0,0.0,0.0,0.0,0.0,0.0,0.0,345.9733565099437,0.0,0.0,0.0,0.17241681576024348,0.0,0.0,0.0,-34.483363152044376,0.0,0.0,0.0,0.0,0.0,-257.0110912319704,5.747227192007396,0.0,0.0,0.0,0.0,0.0,197.16555417092627,0.0,0.0,312.5000000000003,0.0,0.0,0.0,0.0,0.0,229.2144486421395,0.0,0.0,870.2453518651853,257.0110912319704,0.0,164.33441531552137,-75.32175706570602,0.0,1000.0,0.0,-1000.0,0.0,824.8519084745958,0.0,5.747227192007396,481.9909187299895,0.0,0.0,0.0,-96.65038186909169,0.0,0.0,-812.5000000000008,812.5000000000008,0.0,0.0,0.0,0.0,0.0,263.44758755745016,0.0,140.23234348498048,0.0,0.0,0.0,0.0,0.0,0.0,0.0,0.0,0.0,0.0,0.0,0.0,282.8736135960037,-739.9947192863673,-579.1212211639028,0.0,34.483363152044376,0.0,0.0,0.0,0.0,-107.93217535015454,0.0,0.0,0.12643899822404592,0.0,0.0,0.0,70.11617174249024,0.0,0.0,0.0,0.0,198.82473051214524,0.0,739.4268351210158,0.0,0.0,0.0,0.0,0.0,0.0,-63.331607280221995,0.0,0.011494454384014792,0.011494454384014792,0.0,0.0,0.0,0.0,0.0,0.0,0.0,0.0,0.0,0.0,0.0,0.0,0.0,0.0,0.0,257.0110912319704,0.0,0.0,0.0,0.0,0.0,0.0,0.0,0.0,0.0,0.0,0.0,0.0,0.0,-191.9730199269119,0.0,0.0,0.0,0.0,68.96672630408875,0.0,0.0,0.0,0.0,0.0,0.0,-68.96672630408875,0.0,0.0,0.0,0.0,0.0,0.0,0.0,0.0,0.0,0.0,0.0,0.0,-781.6720535398076,-1000.0,78.73701253050133,-1000.0,965.5166368479556,0.0,999.540221824639,0.0,0.0,0.0,0.0,0.0,0.0,0.0,0.0,0.0,0.0,0.0,0.0,0.0,0.0,0.0,0.0,0.0,-14.368067980018491,229.2144486421395,-8.620840788011096,-8.620840788011098,0.0,0.0,0.0,0.0,0.0,-1.4368067980018493,0.0,96.65038186909169,0.0,0.0,0.0,0.0,0.0,0.0,0.0,1000.0,34.483363152044376,34.483363152044376,0.0,0.0,0.0,0.0,0.0,0.12643899822404592,257.0110912319704,0.0,0.0,-999.540221824639,0.0,0.0,0.0,0.0,0.0,0.0,0.0,0.0,0.0,0.0,0.0,0.0,0.0,0.0,0.0,0.0,0.0,35.632808590445855,0.0,120.69177103215532,0.0,0.0,8.850729875691384,0.0,0.0,0.0,257.0110912319704,0.0,-206.61399567458665,0.0,0.0,0.0,-14.368067980018491,0.0,0.0,0.0,0.0,0.0,0.0,0.0,0.0,0.0,0.0,0.0,0.0,0.0,0.0,0.0,0.0,0.0,0.0,-0.11494454384014792,0.0,0.0,5.747227192007396,-265.58081325011585,0.0,0.0,0.0,0.0,229.21444864213953,0.0,0.0,0.0,9.896725224636612,2.8736135960036986,0.0,0.0,0.0,0.11494454384014792,0.0,114.94454384014792,0.0,22.988908768029585,0.8210324560010566,391.96089449490444,-0.08620840788011094,5.747227192007397,2.298890876802959,-0.5747227192011004,-391.96089449490444,34.483363152044376,-0.11494454384014793,25.107252355235342,91.9675602175523,0.028736135960036983,0.8210324560010566,-75.32175706570602,-18.299171379351833,-2.298890876802959,-167.11766160375032,-0.11494454384014793,0.028736135960036983,-391.96089449490444,11.494454384014793,0.11494454384014793,0.11494454384014792,-256.7697076899062,0.1264389982241627,0.0,-0.08620840788011094,34.483363152044376,0.11494454384014793,34.483363152044376,-57.472271920073965,-0.05747227192007397,-212.05150918534397,-170.0,-0.08620840788011094,-0.11494454384014793,0.0,0.11494454384014792,11.494454384014793,-2.298890876802959,345.9733565099437,345.9733565099437,-11.494454384014793,167.11766160375032,-345.9733565099437,22.988908768029585,0.1724168157602219,-781.4874220564723,11.494454384014793,-325.32343629678735,91.9675602175523,-22.988908768029585,0.05747227192007397,1.1494454384014794,100.08847543537,280.0,-0.11494454384014792,-282.8736135960037,256.7697076899062,35.632808590445855,0.11494454384014793,18.299171379351833,-45.965892390625264,91.9675602175523,-0.11494454384014792,-0.028736135960036983,-91.9675602175523,-0.11494454384014799,-827.9323807370009,0.11494454384014793,-0.028736135960036983,-0.028736135960036983,-0.028736135960036983,45.97781753605917,57.472271920073965,1.1494454384014794,85.1595389175702,-0.028736135960036983,175.06969851550465,5.747227192007396,50.0,0.11494454384014792,0.05747227192007397,0.057472271920073995,36.662387890620515,0.0,0.11494454384014792,0.0,1.1494454384014794,0.11494454384014793,-85.1595389175702,0.11494454384014793,0.4597781753610093,0.5747227192011004,0.05747227192007397,0.028736135960036983,34.483363152044376,-0.11494454384014793,0.0,1.1494454384014794,-170.3190778351404,2.873613596003699,-11.494454384014793,22.988908768029585,5.747227192007396,-0.11494454384014793,75.32175706570602,0.1724168157602219,-0.11494454384014793,-73.32477578124103,0.0,347.88302356980364,0.05747227192007397,-100.0,-0.11494454384014793,-0.11494454384014793,-0.11494454384014793,0.05747227192007397,391.96089449490444,-22.988908768029585,0.11494454384014792,200.17695087074,-0.028736135960036983,-0.1264389982241627,-200.17695087074,17.241681576022188,170.0,200.4429011375906,391.96089449490444,-0.08620840788011094,282.8736135960037,-280.0,0.11494454384014793,-0.028736135960036976,177.53600430980907,114.94454384014792,-0.05747227192007397,-0.11494454384014793,0.028736135960036983,0.0,0.0,481.4299497845522,0.0,-246.64550102974567,0.0,713.5657587474548,-140.0,0.0,-80.0,-255.0,65.52358889253512,-300.0,40.0,123.32275051487284,127.5,0.0,70.0,-257.0110912319704,-239.9508482196491,300.0,-65.52358889253512,-239.9508482196491,-713.5657587474548,374.0185983770326,0.0,1496.5981,hplb
86,0.0,0.0,0.0,0.0,0.0,0.0,0.0,0.0,-0.09208711615488331,0.0,0.0,0.0,0.0,0.0,0.0,0.0,946.083765069005,-248.41354152558074,0.0,-406.9549570778778,0.0,0.0,0.0,194.38206672241552,0.0,0.0,0.0,0.0,0.0,-905.2471033885422,0.0,0.0,99.44933783535433,0.0,0.0,0.0,0.0,999.6316515353797,0.0,-1000.0,1000.0,0.0,0.0,-186.89074181815903,0.0,0.0,0.0,0.0,27.027182802613652,0.0,0.0,0.0,0.0,0.1012958277705936,0.0,0.0,0.0,0.0,0.0,0.0,189.34925765813162,0.0,403.02793140438655,0.0,0.0,0.0,0.0,0.0,0.0,304.264695524383,0.0,0.9208711615488332,0.0,0.0,0.0,0.0,0.0,0.0,0.0,0.0,0.0,0.0,0.0,0.0,55.252269692929985,0.0,0.0,0.0,972.9728171973863,-945.9456343947727,317.65103660829436,0.0,0.0,0.0,27.626134846464993,0.0,27.626134846464993,0.0,881.0652293347633,0.0,0.0,900.2781749125497,-1000.0,0.0,0.0,-38.515536897622525,0.0,0.0,0.0,0.0,0.0,0.0,0.0,0.0,0.0,0.0,0.0,0.0,0.0,0.0,0.0,0.0,0.0,0.0,-853.536668398935,0.0,0.0,27.626134846464993,0.0,28.547006008013824,0.0,0.0,0.0,0.0,0.0,0.0,-281.017725146962,1000.0,-1000.0,-311.35946391555615,0.0,0.0,0.0,0.0,0.0,7.090707943925978,0.09208711615488331,317.6740583873331,0.0,0.0,334.48875085782123,-691.3175707692835,0.0,0.0,0.0,0.0,689.1944207087046,0.0,0.0,0.0,0.0,0.0,-112.81935617779416,-112.81935617779416,0.0,0.0,0.0,0.0,-667.5503059325323,0.0,0.0,-112.72726906163928,0.0,0.0,0.0,-875.8438817091244,-668.6870471190875,0.0,0.0,0.0,0.0,0.0,0.0,0.0,0.0,0.0,-332.1530088307162,0.0,0.0,0.0,0.0,-1000.0,0.0,0.0,0.0,0.0,0.0,0.0,0.0,-27.027182802613652,27.027182802613652,0.0,0.0,0.0,0.0,0.0,0.0,0.0,94.7528966114578,-348.0994928388747,0.0,0.0,0.0,0.0,0.0,0.0,0.0,0.0,0.0,0.0,0.0,0.0,0.0,0.0,293.66366637341565,-67.86384448307649,0.0,0.0,0.0,592.3771890625181,160.69920126835677,0.0,0.0,0.0,0.0,189.3492576581316,119.02689733508254,0.0,0.0,0.0,0.0,0.0,0.0,0.0,0.0,579.8404603015288,18.417423230976663,0.0,0.0,0.0,1000.0,0.0,0.0,67.86384448307649,0.0,0.0,592.3771890625181,547.6505650526974,0.0,0.0,0.0,-254.11635784971196,0.0,0.0,163.5795307237119,0.0,0.0,163.57953072371203,0.0,0.0,945.9456343947727,0.0,-709.4228642086858,0.0,0.0,96.22385280376767,0.0,0.0,0.0,-779.9752053267141,0.0,779.9752053267141,0.0,0.0,0.0,592.3771890625181,0.0,0.0,0.0,0.0,189.34925765813162,-0.13813067423232497,0.0,0.0,0.0,0.0,0.09208711615488331,0.0,0.0,0.0,231.83420358364947,946.083765069005,0.0,-1000.0,1000.0,668.6870471190875,889.9242724397958,0.0,179.08871519093077,0.0,-38.515536897622525,0.0,0.0,0.0,-7.928700700935674,828.8399855100049,-1000.0,877.1910165999298,-1000.0,0.0,0.0,0.0,0.0,0.0,0.0,0.0,0.0,0.0,0.0,0.0,0.0,0.0,0.0,0.0,0.0,0.0,0.0,0.0,-1000.0,0.0,0.0,576.8752551613393,0.0,0.0,0.0,-586.9311682454547,0.0,881.0652293347633,0.0,50.417603681771176,895.6738191048055,171.1600144899951,671.4278790917513,-503.4316593703515,0.0,-1000.0,0.0,995.3956441922559,1000.0,-174.41290558432155,-671.4278790917513,50.99039401020457,1000.0,-2.302177903872083,-1000.0,-368.0516253990929,0.0,-1000.0,0.0,512.312374157699,27.626134846464993,0.0,0.0,0.0,0.0,0.0,0.0,0.0,0.0,0.0,0.0,275.0981136666458,0.0,0.0,-112.91144329394905,0.0,0.0,94.7528966114578,0.0,0.0,-213.6786737462549,0.0,0.0,137.7018624066692,0.0,0.0,0.0,0.0,-90.79128838451167,0.18417423230972998,0.0,0.0,0.0,0.0,0.0,0.0,0.0,0.0,0.0,290.79561342661685,0.0,0.0,0.0,0.0,0.0,0.0,0.0,0.0,0.0,0.1012958277705936,0.1012958277705936,0.0,261.5825767690233,0.0,55.252269692929985,0.0,0.0,0.0,-739.540715515838,0.0,0.0,0.0,0.0,0.0,986.883113296596,739.540715515838,0.0,0.0,893.4661344006728,0.0,0.0,137.7018624066692,0.0,0.0,0.0,0.0,0.0,0.0,0.0,284.51222279964503,-231.83420358364947,356.82881991146235,0.0,7.090707943925978,0.0,52.77960829766289,-52.77960829766289,-213.47880956601966,0.0,986.883113296596,0.0,0.0,896.0918249120843,0.0,0.0,0.0,0.0,0.0,0.0,0.0,0.0,0.0,0.0,0.0,0.0,0.0,0.0,0.0,0.0,55.252269692929985,592.3771890625181,592.3771890625181,0.0,0.0,0.0,0.0,0.0,0.0,0.0,0.0,0.0,0.0,0.9208711615488332,0.0,0.0,0.0,0.0,0.0,0.0,0.0,0.0,27.626134846464993,-893.4661344006728,0.0,0.0,0.0,0.0,0.0,0.0,0.0,0.0,0.0,776.9336487978136,0.0,0.0,27.626134846464993,27.626134846464993,1000.0,739.540715515838,0.0,137.7018624066692,0.0,0.0,0.0,0.0,0.0,-160.51455019019016,94.7528966114578,0.0,0.09208711615488331,0.0,0.0,0.0,121.61419218483124,0.0,0.0,0.0,0.0,0.0,0.0,0.0,0.0,0.0,0.0,0.0,0.0,0.0,0.0,0.0,0.0,0.0,0.09208711615488331,0.0,0.0,0.0,0.0,0.0,0.0,0.0,0.0,0.0,0.0,871.0093162506479,0.0,0.0,-1000.0,-6.906533711616248,0.0,-4.604355807744166,0.0,0.0,0.0,0.0,0.0,0.0,0.0,0.0,0.0,0.0,0.0,592.3771890625181,668.6870471190875,0.0,0.0,-483.08327003455685,0.0,0.0,0.0,-0.09208711615488331,0.0,0.0,0.09208711615488331,0.0,0.09208711615488331,0.0,13.469082097766165,0.0,55.252269692929985,112.34628170895763,112.34628170895763,0.0,0.0,0.0,0.0,0.0,0.0,0.0,356.82881991146235,0.0,94.7528966114578,0.0,0.0,0.0,0.0,0.0,0.0,0.0,0.0,0.0,0.0,0.0,0.0,0.0,0.0,0.0,0.0,0.0,160.69920126835677,0.0,0.0,0.0,0.13813067423232497,0.0,0.0,0.0,-27.626134846464993,0.0,0.0,0.0,0.0,0.0,-261.5825767690233,4.604355807744166,0.0,0.0,0.0,0.0,667.5503059325323,-294.1340610893086,-4.604355807744166,0.0,0.0,0.0,0.0,0.0,0.0,0.0,592.3771890625181,0.0,893.4661344006728,346.3134989986441,261.5825767690233,0.0,663.4113966804857,-38.515536897622525,0.0,-881.0652293347633,881.0652293347633,0.0,0.0,435.30428334373977,0.0,4.604355807744166,1000.0,0.0,357.90578564756856,0.0,-213.6786737462549,-1000.0,1000.0,0.0,0.0,0.0,0.0,0.0,0.0,0.0,600.6421193113558,-282.3021779038721,112.34628170895763,0.0,0.0,0.0,0.0,0.0,0.0,0.0,0.0,0.0,579.8404603015288,0.0,0.0,0.0,-412.40980561144806,0.0,0.0,27.626134846464993,0.0,0.0,0.0,0.0,251.6396108379255,0.0,0.0,0.1012958277705936,0.0,0.0,0.0,56.17314085447882,0.0,0.0,0.0,0.0,293.66366637341565,0.0,0.0,0.0,0.0,0.0,0.0,0.0,0.0,-1000.0,0.0,0.009208711615488332,0.009208711615488332,0.0,0.0,0.0,0.0,0.0,0.0,0.0,0.0,0.0,0.0,0.0,0.0,0.0,0.0,0.0,261.5825767690233,0.0,0.0,0.0,0.0,0.0,0.0,0.0,0.0,0.0,0.0,0.0,0.0,0.0,802.8168916540601,-248.41354152558074,0.0,0.0,0.0,55.252269692929985,0.0,0.0,0.0,0.0,0.0,0.0,-55.252269692929985,0.0,0.0,0.0,0.0,0.0,0.0,0.0,0.0,0.0,0.0,0.0,0.0,0.0,-283.3235335902604,63.07967456609508,0.0,-27.626134846464993,0.0,999.6316515353797,0.0,0.0,0.0,0.0,0.0,0.0,0.0,0.0,0.0,968.75,0.0,-968.75,-968.75,0.0,0.0,0.0,0.0,-11.510889519360415,592.3771890625181,-902.5803528164217,275.3956441922558,0.0,0.0,0.0,0.0,0.0,875.0000000000008,-876.1510889519368,213.6786737462549,0.0,0.0,0.0,0.0,0.0,0.0,0.0,1000.0,27.626134846464993,27.626134846464993,0.0,0.0,0.0,0.0,0.0,0.1012958277705936,261.5825767690233,0.0,0.0,-999.6316515353797,0.0,0.0,0.0,0.0,0.0,0.0,0.0,0.0,0.0,0.0,0.0,0.0,0.0,0.0,6.734541048883083,0.0,0.0,0.0,0.0,96.69147196262747,0.0,0.0,7.090707943925978,0.0,0.0,0.0,261.5825767690233,0.0,871.0093162506479,0.0,0.0,0.0,-11.510889519360415,0.0,0.0,0.0,0.0,0.0,0.0,0.0,0.0,0.0,0.0,0.0,0.0,0.0,0.0,0.0,0.0,0.0,0.0,-0.09208711615488331,0.0,0.0,4.604355807744166,-986.883113296596,0.0,0.0,0.0,0.0,592.3771890625181,0.0,0.0,0.0,7.928700700935674,2.302177903872083,0.0,0.0,0.0,0.09208711615488331,0.0,92.0871161548833,-28.547006008013824,18.417423230976663,0.6577651153920236,256.9230540721244,-0.06906533711616249,452.44126536014693,1.8417423230976664,-0.4604355807751972,-256.9230540721244,27.626134846464993,-0.09208711615488331,12.838512299207508,137.7018624066692,0.023021779038720828,0.6577651153920236,-38.515536897622525,-14.660268891859612,-1.8417423230976664,-290.7152664655465,-0.09208711615488331,0.023021779038720828,-256.9230540721244,9.208711615488332,0.09208711615488331,0.09208711615488331,-261.38919382509783,0.10129582777037165,-113.20955242462091,-0.06906533711616249,27.626134846464993,0.09208711615488331,27.626134846464993,-46.04355807744166,-0.046043558077441656,-498.9537944888386,-170.0,-0.06906533711616249,-0.09208711615488331,-28.547006008013824,0.09208711615488331,9.208711615488332,-1.8417423230976664,160.69920126835677,160.69920126835677,-9.208711615488332,290.7152664655465,-160.69920126835677,18.417423230976663,0.13813067423232497,-1000.0,9.208711615488332,-284.51222279964503,137.7018624066692,-18.417423230976663,0.046043558077441656,0.9208711615488332,250.0,280.0,-0.09208711615488331,-282.3021779038721,261.38919382509783,28.547006008013824,0.09208711615488331,14.660268891859612,27.19732302080905,137.7018624066692,-0.09208711615488331,-0.023021779038720828,-137.7018624066692,-0.09208711615488331,-90.79128838451167,0.09208711615477227,-0.023021779038720828,-0.023021779038720828,-0.023021779038720828,36.834846461953326,46.04355807744166,0.9208711615488332,68.22504218125215,-0.023021779038720828,487.16148770079246,4.604355807744166,50.0,0.09208711615488331,0.046043558077441656,0.046043558077441656,-218.12895171243616,28.547006008013824,0.09208711615488331,-28.547006008013824,0.9208711615488332,0.09208711615488373,-68.22504218125215,0.09208711615488331,0.36834846462033966,0.4604355807751972,0.046043558077441656,0.023021779038720828,27.626134846464993,-0.09208711615488331,113.20955242462091,0.9208711615488332,-136.4500843625043,450.13908745627486,-9.208711615488332,18.417423230976663,4.604355807744166,-0.09208711615488331,38.515536897622525,0.13813067423232497,-0.09208711615488373,436.2579034248723,28.547006008013824,147.87204089237656,0.046043558077441656,-100.0,-0.09208711615488331,-0.09208711615477227,-0.09208711615488331,0.046043558077441656,256.9230540721244,-18.417423230976663,0.09208711615488331,500.0,-0.023021779038720828,-0.10129582777037165,-500.0,13.813067423232495,170.0,369.3560272847983,256.9230540721244,-0.06906533711616249,282.3021779038721,-280.0,0.09208711615488331,-0.02302177903872083,55.02195948951534,92.0871161548833,-0.046043558077441656,-0.09208711615488331,0.023021779038720828,912.4078226882707,0.0,999.9539564419225,0.0,-255.0,0.0,76.19194476533602,-140.0,0.0,-80.0,-255.0,-325.0,0.0,40.0,127.5,127.5,0.0,70.0,-261.5825767690233,-399.51165173030205,0.0,325.0,-399.51165173030205,-76.19194476533602,19.89295506451932,0.0,1496.5981,hplb
87,0.0,0.0,0.0,0.0,0.0,0.0,0.0,0.0,157.84708012974224,0.0,0.0,0.0,0.0,0.0,0.0,0.0,0.09978697777067658,0.0,0.0,299.9002130222293,0.0,0.0,0.0,0.0,0.0,0.0,0.0,0.0,0.0,-731.4652913545594,0.0,0.0,131.56497353901037,0.0,0.0,0.0,0.0,-118.7154326048767,0.0,-968.2875053835285,840.6844372889177,0.0,-56.27596022136135,1000.0,0.0,0.0,0.0,0.0,-324.91045584457265,0.0,0.0,0.0,0.0,0.07317711703201346,0.0,0.0,0.0,0.0,0.0,0.0,232.62961610529624,0.0,0.0,-482.8350452286013,0.0,0.0,0.0,0.0,371.56048141428397,565.8326469106221,0.0,0.6652465184711773,0.0,0.0,0.0,0.0,0.0,0.0,0.0,0.0,0.0,0.0,-19.52032345935256,0.0,39.91479110827064,0.0,0.0,-225.144067967828,-57.77368407312435,0.0,-0.016631162961779432,0.0,0.0,0.0,19.95739555413532,0.0,19.95739555413532,0.0,0.0,0.0,0.0,3.326232592355886,-776.4859991360137,0.0,0.0,-6.964831655168163,0.0,0.0,0.0,0.0,0.0,0.0,0.0,0.0,0.0,0.0,0.0,0.0,0.0,0.0,0.0,0.0,0.0,0.0,-523.3901392611529,0.0,0.0,19.95739555413532,0.0,20.6226420726065,20.6226420726065,0.0,-832.6348377069601,998.7427078725277,-166.10787016556762,166.10787016556762,0.0,0.0,0.0,-715.4646613338975,0.0,0.0,0.0,0.0,0.0,24.642721651580622,0.06652465184711773,0.0,0.0,0.0,672.7655243123909,-672.7655243123909,0.0,0.0,0.0,0.0,757.2150258515152,0.0,0.0,0.0,0.0,0.0,600.2295724009055,600.2295724009055,0.0,0.0,0.0,0.0,-178.58929981189345,0.0,0.0,600.2960970527525,0.0,0.0,0.0,-1000.0,-760.4966703715736,0.0,0.0,0.0,0.0,0.0,0.0,0.0,0.0,0.0,-131.42347186658117,0.0,0.0,0.0,0.0,-920.6444020997169,0.0,0.0,0.0,0.0,0.0,0.0,56.27596022136135,57.77368407312435,-57.77368407312435,715.4646613338975,0.0,0.0,0.0,0.0,0.0,0.0,45.02070778145429,-696.6205118503132,0.0,0.0,0.0,0.0,0.0,0.0,0.0,0.0,0.0,0.0,0.0,0.0,0.0,6.039513706217008,-73.39013926115291,1000.0,0.0,0.0,0.0,0.0,-715.4646613338975,0.0,0.0,0.0,0.0,232.62961610529624,0.0,0.0,0.0,0.0,0.0,0.0,0.0,0.0,0.0,900.6870065455815,13.304930369423545,0.0,0.0,0.0,-171.8233283676101,-436.00487951791496,0.0,-1000.0,0.0,0.0,715.4646613338975,0.0,0.0,0.0,0.0,-267.70315049735166,0.0,0.0,-941.0231113336688,-941.0231113336688,0.0,0.0,0.0,941.0231113336688,0.0,0.0,907.7284209077545,0.0,0.0,226.84906279867147,0.0,0.0,0.0,-698.424589795256,0.0,698.424589795256,0.0,600.1630477490584,0.0,0.0,-882.1746433173748,0.0,0.0,0.0,232.62961610529624,-0.09978697777067658,0.0,0.0,0.0,0.0,0.06652465184711773,0.0,0.0,0.0,0.0,0.09978697777067658,0.0,-1000.0,174.2298315383474,760.4966703715736,723.9467632124765,0.0,510.3073741671224,0.0,-6.964831655168163,0.0,0.0,0.0,861.5834019247442,-371.89077609186666,-1000.0,-1000.0,907.6367515248445,0.0,0.0,0.0,0.0,0.0,0.0,0.0,0.0,0.0,0.0,0.0,0.0,0.0,0.0,0.0,0.0,0.0,-400.929997946252,0.0,-1000.0,0.0,717.5193360512361,898.5449127561044,0.0,0.0,0.0,-925.3297281971622,0.0,19.52032345935254,0.0,294.2510435650338,0.0,0.3302946775826741,0.0,996.6737674076442,0.0,0.0,-1000.0,-1000.0,0.0,-251.13766172595905,0.0,-1000.0,487.54829346918143,-1.663116296177943,996.6737674076442,0.0,0.0,650.1298809705709,1000.0,-1000.0,19.95739555413532,625.0000000000006,-625.0000000000006,0.0,0.0,0.0,157.91360478158936,0.0,-6.039513706217008,6.039513706217008,6.039513706217008,202.68199092788262,0.0,0.0,0.0,0.0,0.0,45.02070778145429,0.0,0.0,-250.20542912330507,0.0,0.0,136.69506963057646,0.0,0.0,0.0,0.0,-93.34753481528823,0.1330493036942799,0.0,0.0,0.0,0.0,0.0,0.0,0.0,0.0,0.0,937.393128324906,0.0,0.0,0.0,0.0,0.0,0.0,0.0,0.0,0.0,0.07317711703201346,0.07317711703201346,0.0,272.73458333679343,0.0,39.91479110827064,0.0,0.0,0.0,1000.0,0.0,586.7376740764412,0.0,0.0,0.0,794.4281137532744,-1000.0,0.0,0.0,0.0,0.0,0.0,136.69506963057646,0.0,0.0,0.0,0.0,0.0,0.0,0.0,174.46337975371762,0.0,0.0,0.0,5.1223981922280615,0.0,0.0,0.0,0.0,0.0,794.4281137532744,0.0,701.0805789379862,0.0,0.0,0.0,6.039513706217008,0.0,0.0,0.0,0.0,0.0,0.0,0.0,0.0,0.0,0.0,0.0,0.0,0.0,39.91479110827064,715.4646613338975,715.4646613338975,0.0,0.0,0.0,0.0,0.0,0.0,0.0,0.0,0.0,0.0,0.6652465184711773,0.0,0.0,0.0,0.0,0.0,56.27596022136135,0.0,0.0,19.95739555413532,0.0,0.0,0.0,0.0,0.0,0.0,0.0,0.0,0.0,0.0,887.4016193066108,0.0,0.0,19.95739555413532,19.95739555413532,1000.0,-1000.0,0.0,136.69506963057646,0.0,0.0,0.0,0.0,0.0,776.4859991360137,45.02070778145429,1000.0,0.06652465184711773,0.0,0.0,0.0,5.364737995385422,0.0,0.0,0.0,0.0,0.0,0.0,0.0,0.0,0.0,0.0,0.0,0.0,0.0,0.0,0.0,0.0,0.0,0.06652465184711773,0.0,0.0,0.0,-1000.0,1000.0,0.0,0.0,0.0,717.5193360512361,0.0,1000.0,0.0,-606.3344940354532,-1000.0,-4.98934888853383,-3.3262325923558853,0.0,0.0,0.0,0.0,0.0,0.0,0.0,0.0,0.0,0.0,0.0,0.0,715.4646613338975,760.4966703715736,0.0,0.0,-346.5438864370733,0.0,0.0,0.0,157.84708012974224,0.0,0.0,0.06652465184711773,0.0,0.06652465184711773,0.0,0.0,0.0,39.91479110827064,81.16007525348364,81.16007525348364,0.0,0.0,0.0,0.0,0.0,0.0,19.52032345935256,0.0,0.0,45.02070778145429,0.0,0.0,867.3111744487812,0.0,0.0,0.0,0.0,0.0,0.0,0.0,0.0,0.0,0.0,0.0,0.0,0.0,0.0,0.0,0.0,0.0,0.0,0.09978697777067658,0.0,0.0,0.0,-19.95739555413532,0.0,0.0,0.0,0.0,0.0,-272.73458333679343,3.326232592355886,0.0,0.0,0.0,0.0,178.58929981189345,0.0,0.0,0.0,0.0,0.0,0.0,0.0,0.0,0.0,715.4646613338975,0.0,0.0,152.79382473473675,266.6950696305764,0.0,311.6950696305764,-6.964831655168163,400.929997946252,-925.3297281971622,625.8548174948057,-101.45508724389556,0.0,-81.16007525348364,0.0,3.326232592355886,1000.0,0.0,141.88639123263223,0.0,-250.20542912330507,312.5000000000003,-312.5000000000003,-187.50000000000017,187.50000000000017,0.0,0.0,0.0,0.0,0.0,259.12294852926607,-137.6781744397523,81.16007525348364,0.0,0.0,0.0,0.0,0.0,0.0,0.0,0.0,0.0,900.6870065455815,0.0,0.0,150.02445556264234,-942.7578663202914,0.0,-56.27596022136135,19.95739555413532,0.0,0.0,0.0,0.0,303.5390547738439,0.0,0.0,0.07317711703201346,0.0,0.0,0.0,40.58003762674182,0.0,0.0,0.0,0.0,-73.39013926115291,0.0,0.0,0.0,0.0,0.0,0.0,0.0,0.0,-754.1326878293879,0.0,0.006652465184711963,0.006652465184711963,0.0,0.0,0.0,0.0,0.0,0.0,0.0,0.0,0.0,0.0,0.0,0.0,0.0,0.0,0.0,272.73458333679343,0.0,0.0,0.0,0.0,0.0,0.0,0.0,0.0,0.0,0.0,0.0,0.0,0.0,939.1937122623139,0.0,0.0,0.0,0.0,39.91479110827064,0.0,0.0,0.0,0.0,0.0,0.0,-39.91479110827064,0.0,0.0,0.0,0.0,0.0,0.0,0.0,0.0,0.0,0.0,0.0,0.0,907.6367515248445,-1000.0,912.8805609640569,-19.95739555413532,0.0,0.0,598.8039034463594,0.0,0.0,0.0,0.0,0.0,0.0,0.0,0.0,0.0,0.0,0.0,0.0,0.0,0.0,0.0,0.0,0.0,-8.315581480889715,715.4646613338975,-4.98934888853383,1000.0,0.0,0.0,0.0,0.0,0.0,0.0,-0.8315581480889717,250.20542912330507,0.0,0.0,0.0,0.0,0.0,0.0,0.0,1000.0,19.95739555413532,19.95739555413532,0.0,0.0,0.0,0.0,0.0,0.07317711703201346,272.73458333679343,0.0,0.0,-598.8039034463594,0.0,0.0,0.0,0.0,0.0,0.0,0.0,0.0,0.0,0.0,0.0,0.0,0.0,0.0,0.0,0.0,0.0,20.6226420726065,0.0,69.85088443947362,24.642721651580622,0.0,0.0,0.0,0.0,0.0,272.73458333679343,0.0,895.2186801637486,0.0,0.0,0.0,-8.315581480889715,0.0,0.0,0.0,0.0,0.0,0.0,0.0,0.0,0.0,0.0,0.0,0.0,0.0,0.0,0.0,0.0,0.0,0.0,-0.06652465184711773,0.0,0.0,3.326232592355886,-794.4281137532744,0.0,0.0,0.0,0.0,715.4646613338975,0.0,0.0,0.0,-861.5834019247442,1.663116296177943,0.0,0.0,0.0,0.06652465184711773,0.0,66.52465184711772,0.0,13.304930369423545,0.47517608462226946,226.84906279867147,-0.04989348888533829,3.326232592355886,1.3304930369423547,-0.3326232592357029,-226.84906279867147,19.957395554135317,-0.06652465184711773,2.321610551722721,136.69506963057646,0.016631162961779432,0.47517608462226946,-6.9648316551681635,-10.590724574061142,-1.3304930369423547,-300.0,-0.06652465184711773,0.016631162961779432,-226.84906279867147,6.652465184711772,0.06652465184711773,0.06652465184711773,-272.59488156791434,0.07317711703182969,-210.98284504396213,-0.04989348888533829,19.95739555413532,0.06652465184711773,19.95739555413532,-33.26232592355886,-0.033262325923558864,-532.3025174972167,708.7456714973387,-0.04989348888533829,-0.06652465184711769,0.0,0.06652465184711773,6.652465184711772,-1.3304930369423547,0.0,0.0,-6.652465184711772,300.0,0.0,13.304930369423545,0.09978697777067658,-1000.0,6.652465184711772,-174.46337975371762,136.69506963057646,-13.304930369423545,0.033262325923558864,0.6652465184711773,250.0,280.0,-0.06652465184711773,-287.70263000239464,272.59488156791434,20.6226420726065,0.06652465184711773,10.590724574061142,56.865487414035215,136.69506963057646,-0.06652465184711773,-0.016631162961779432,-136.69506963057646,-0.06652465184711773,-93.34753481528823,0.06652465184711023,-0.016631162961779432,-0.016631162961779432,-0.016631162961779432,26.60986073884709,33.26232592355886,0.6652465184711773,49.286451437233154,-0.016631162961779432,497.6783894482773,3.326232592355886,50.0,0.06652465184711773,0.033262325923558864,0.033262325923558864,75.0,0.0,0.06652465184711773,0.0,0.6652465184711773,0.06652465184711773,-49.286451437233154,0.06652465184711773,0.26609860738858515,0.3326232592357029,0.033262325923558864,0.016631162961779432,19.95739555413532,-0.06652465184711773,210.98284504396213,0.6652465184711773,-98.57290287446631,1.663116296177944,-6.652465184711772,13.304930369423545,3.326232592355886,-0.06652465184711773,6.9648316551681635,0.09978697777067658,-0.06652465184711773,-150.0,0.0,-14.135256192857582,0.033262325923558864,-100.0,-0.06652465184711773,-0.06652465184711023,-0.06652465184711773,0.03326232592355884,226.84906279867147,-13.304930369423545,0.06652465184711773,500.0,-0.016631162961779432,-0.07317711703182969,-500.0,9.978697777067659,-708.7456714973387,493.6501326603796,226.84906279867147,-0.04989348888533829,287.70263000239464,-280.0,0.06652465184711773,-0.016631162961779432,297.5772761573897,66.52465184711772,-0.033262325923558864,-0.06652465184711773,0.016631162961779432,1000.0,0.0,999.9667376740764,0.0,-255.0,0.0,-520.0,-140.0,0.0,326.7757739988409,-209.022089642138,-325.0,0.0,-163.38788699942046,127.5,104.511044821069,0.0,70.0,-272.73458333679343,-289.4037985809863,0.0,325.0,-289.4037985809863,520.0,-291.7589762993735,0.0,1496.5981,hplb
88,0.0,0.0,0.0,0.0,0.0,0.0,0.0,0.0,-0.08561209948945975,0.0,0.0,0.0,0.0,0.0,0.0,0.0,-805.1013253650507,105.10132536505068,0.0,1000.0,0.0,0.0,0.0,1000.0,0.0,0.0,0.0,0.0,0.0,-873.9175262375629,0.0,0.0,713.8066466880326,0.0,0.0,0.0,0.0,680.8996945461364,0.0,-411.43778249619345,1000.0,0.0,-484.8643062042272,194.1545453983864,0.0,0.0,0.0,0.0,1000.0,0.0,0.0,0.0,0.0,0.09417330943879287,0.0,0.0,0.0,0.0,0.0,0.0,-240.30767174558386,0.0,1.8109159611901475,-238.4967557843937,0.0,0.0,0.0,0.0,302.42936947547093,201.58735869917416,0.0,0.8561209948945976,0.0,0.0,0.0,0.0,0.0,0.0,0.0,0.0,0.0,0.0,0.0,0.0,51.367259693675855,0.0,232.76809951721182,-62.95531946201061,1000.0,-194.77025648571515,-0.02140302487236494,0.0,0.0,68.32150221988945,25.683629846837928,0.0,25.683629846837928,0.0,695.893226903391,0.0,0.0,4.280604974472988,-873.9175262375629,0.0,0.0,0.0,0.0,96.09581615388909,0.0,0.0,0.0,0.0,0.0,0.0,0.0,0.0,0.0,0.0,0.0,0.0,0.0,0.0,0.0,0.0,-464.0225510953504,0.0,0.0,25.683629846837928,0.0,26.539750841732527,0.0,0.0,135.18755425504676,141.658896020899,-276.84645027594576,276.84645027594576,-71.4749803155118,1000.0,-1000.0,71.4749803155118,0.0,0.0,0.0,0.0,0.0,239.36023117790023,0.08561209948945975,0.0,0.0,0.0,-1000.0,530.0758655956818,0.0,0.0,0.0,0.0,374.5150358000235,0.0,0.0,0.0,0.0,0.0,594.5416988699976,594.5416988699976,0.0,0.0,0.0,0.0,0.0,0.0,0.0,594.6273109694871,0.0,0.0,0.0,438.4528847713024,0.0,0.0,0.0,0.0,0.0,0.0,0.0,0.0,0.0,0.0,0.0,0.0,0.0,0.0,0.0,-1000.0,0.0,0.0,0.0,0.0,0.0,0.0,484.8643062042272,-693.956746734305,693.956746734305,0.0,0.0,0.0,0.0,0.0,0.0,0.0,0.0,331.2696501815748,0.0,0.0,0.0,0.0,0.0,0.0,0.0,0.0,0.0,0.0,0.0,0.0,0.0,0.0,449.9604294223061,194.1545453983864,0.0,0.0,0.0,0.0,161.35317795156456,0.0,0.0,0.0,0.0,-240.30767174558386,0.0,0.0,0.0,565.5080853929461,0.0,0.0,0.0,0.0,0.0,2.7567096035608705,17.12241989789195,0.0,0.0,-1000.0,209.09244053007782,727.9522400079115,0.0,-194.1545453983864,0.0,0.0,0.0,-684.264593609814,0.0,0.0,0.0,-125.01232251881879,0.0,0.0,-1000.0,0.0,-135.66274789079958,-864.3372521092003,-135.66274789079958,0.0,306.04325326569494,0.0,-525.9001019072438,0.0,0.0,77.5045796240282,0.0,0.0,0.0,-1000.0,0.0,1000.0,0.0,-103.84821178112736,0.0,0.0,1000.0,0.0,0.0,0.0,-240.30767174558386,-0.12841814923418962,0.0,0.0,0.0,0.0,0.08561209948945975,0.0,0.0,0.0,810.2064825980366,-805.1013253650507,0.0,-355.93979119674293,114.44637790032614,0.0,999.5180061503202,0.0,-1000.0,0.0,0.0,0.0,0.0,0.0,747.1343539518433,423.5393163161388,-170.67367026798212,-1000.0,-1000.0,0.0,0.0,0.0,0.0,0.0,0.0,0.0,0.0,0.0,0.0,0.0,0.0,0.0,0.0,0.0,0.0,565.5080853929461,0.0,0.0,-1000.0,0.0,318.7578570559058,0.0,0.0,662.7969431745827,0.0,-242.1169407814611,0.0,695.893226903391,0.0,0.0,0.0,274.0313142083902,1000.0,0.0,0.0,-1000.0,0.0,-61.327598324965116,0.0,-699.1085774124617,-1000.0,-4.280604974472988,1000.0,-2.140302487236494,57.04699335049213,317.52355504326135,0.0,0.0,345.5251151884978,448.36886350649627,25.683629846837928,0.0,0.0,0.0,0.0,0.0,0.0,0.0,0.0,0.0,0.0,-726.1473046087186,0.0,0.0,0.0,0.0,0.0,0.0,0.0,0.0,-15.079144456744075,0.0,0.0,26.165623696517784,0.0,0.0,0.0,0.0,-45.647334828850035,0.1712241989789618,0.0,0.0,0.0,0.0,0.0,0.0,0.0,0.0,0.0,504.0167281746451,0.0,0.0,0.0,0.0,0.0,0.0,0.0,0.0,0.0,0.09417330943879287,0.09417330943879287,0.0,133.3962707780856,0.0,51.367259693675855,0.0,0.0,0.0,1000.0,0.0,0.0,232.76809951721182,0.0,0.0,-109.18876876210354,-1000.0,0.0,0.0,0.0,0.0,0.0,26.165623696517784,0.0,0.0,0.0,0.0,0.0,0.0,0.0,154.67418369845015,-810.2064825980366,469.92413440431824,0.0,239.36023117790023,0.0,68.32150221988945,0.0,-161.35317795156456,0.0,-109.18876876210354,0.0,-779.8591455184488,625.0230419274952,0.0,0.0,0.0,0.0,0.0,0.0,0.0,0.0,0.0,0.0,0.0,0.0,0.0,0.0,0.0,0.0,51.367259693675855,0.0,0.0,0.0,0.0,0.0,0.0,0.0,0.0,0.0,0.0,0.0,0.0,0.8561209948945976,0.0,0.0,232.76809951721182,-232.76809951721182,0.0,484.8643062042272,0.0,0.0,25.683629846837928,0.0,0.0,0.0,0.0,0.0,0.0,0.0,0.0,0.0,0.0,1000.0,0.0,0.0,25.683629846837928,25.683629846837928,435.830551888669,-1000.0,0.0,26.165623696517784,0.0,0.0,0.0,0.0,0.0,873.9175262375629,0.0,1000.0,0.08561209948945975,0.0,0.0,0.0,113.0630076757587,575.6986740867501,0.0,-68.32150221988945,0.0,0.0,0.0,0.0,0.0,0.0,0.0,0.0,0.0,0.0,0.0,0.0,0.0,0.0,0.08561209948945975,0.0,0.0,0.0,-1000.0,1000.0,0.0,0.0,0.0,318.7578570559058,0.0,453.7762861219299,0.0,0.0,-1000.0,-6.420907461709482,-4.280604974472988,0.0,0.0,0.0,0.0,0.0,0.0,0.0,0.0,0.0,0.0,0.0,0.0,0.0,0.0,0.0,0.0,452.64946848096923,0.0,0.0,0.0,-0.08561209948945975,0.0,0.0,0.08561209948945975,0.0,0.08561209948945975,0.0,0.0,0.0,51.367259693675855,104.44676137714092,104.44676137714092,0.0,0.0,0.0,0.0,0.0,0.0,0.0,469.92413440431824,0.0,0.0,0.0,0.0,754.5055557178862,0.0,0.0,0.0,0.0,0.0,0.0,0.0,0.0,0.0,0.0,0.0,0.0,0.0,0.0,161.35317795156456,0.0,0.0,0.0,0.12841814923418962,0.0,0.0,0.0,-25.683629846837928,0.0,0.0,0.0,0.0,0.0,-133.3962707780856,4.280604974472988,0.0,0.0,0.0,0.0,0.0,-4.280604974472988,0.0,0.0,0.0,0.0,0.0,0.0,0.0,0.0,0.0,0.0,0.0,1000.0,133.3962707780856,0.0,777.8017145064263,575.6986740867501,0.0,-246.3975457559341,695.893226903391,-449.49568114745693,0.0,-788.7113549869549,0.0,4.280604974472988,1000.0,0.0,0.0,0.0,-480.6153434911677,0.0,0.0,0.0,0.0,0.0,0.0,0.0,0.0,0.0,139.81717823979508,-152.6589931632147,104.44676137714092,0.0,-812.5,-812.5,812.5,0.0,0.0,0.0,0.0,0.0,2.7567096035608705,0.0,0.0,0.0,-617.0797358504038,-634.7129469228787,-484.8643062042272,25.683629846837928,232.76809951721182,0.0,0.0,0.0,52.74399386877175,0.0,0.0,0.09417330943879287,0.0,0.0,0.0,52.22338068857046,0.0,0.0,0.0,0.0,449.9604294223061,0.0,0.0,0.0,0.0,0.0,0.0,0.0,0.0,0.0,0.0,954.5735623370164,0.008561209948945976,0.0,0.0,0.0,0.0,0.0,0.0,0.0,0.0,0.0,0.0,0.0,0.0,0.0,0.0,0.0,133.3962707780856,0.0,0.0,0.0,0.0,0.0,0.0,0.0,0.0,0.0,0.0,0.0,465.53619903442365,0.0,348.76155356688207,105.10132536505068,0.0,0.0,0.0,51.367259693675855,0.0,0.0,0.0,0.0,0.0,0.0,-51.367259693675855,0.0,465.53619903442365,0.0,0.0,0.0,0.0,0.0,0.0,0.0,0.0,0.0,0.0,-1000.0,-1000.0,813.1498438681662,912.527297975984,-938.2109278228219,0.0,999.6575516020422,0.0,0.0,0.0,0.0,0.0,0.0,0.0,0.0,0.0,0.0,0.0,0.0,0.0,0.0,0.0,0.0,0.0,-10.701512436182469,0.0,-6.420907461709482,900.7436414193909,0.0,0.0,0.0,0.0,0.0,0.0,-1.0701512436182472,15.079144456744075,0.0,0.0,0.0,0.0,0.0,0.0,0.0,1000.0,25.683629846837928,25.683629846837928,0.0,0.0,0.0,0.0,0.0,0.09417330943879287,133.3962707780856,0.0,0.0,-999.6575516020422,954.5650011270674,0.0,0.0,0.0,0.0,0.0,0.0,0.0,0.0,0.0,0.0,0.0,0.0,0.0,0.0,0.0,0.0,0.0,0.0,89.89270446393274,239.36023117790023,0.0,0.0,0.0,0.0,0.0,133.3962707780856,0.0,0.0,0.0,0.0,0.0,-10.701512436182469,0.0,0.0,0.0,0.0,0.0,0.0,0.0,0.0,0.0,0.0,0.0,0.0,0.0,0.0,0.0,0.0,0.0,0.0,-0.08561209948945975,0.0,0.0,4.280604974472988,109.18876876210354,0.0,0.0,0.0,0.0,0.0,0.0,0.0,0.0,-747.1343539518433,2.140302487236494,0.0,0.0,0.0,0.08561209948945975,0.0,85.61209948945975,-26.539750841732527,17.12241989789195,0.611514996353284,238.85775757559276,-0.06420907461709481,4.280604974472988,1.7122419897891952,-0.42806049744726965,-238.85775757559276,25.683629846837928,-0.08561209948945976,0.0,26.165623696517784,0.02140302487236494,0.611514996353284,0.0,-246.3975457559341,-1.7122419897891632,-300.0,-0.08561209948945976,0.02140302487236494,-238.85775757559276,8.561209948945976,0.08561209948945976,0.08561209948945976,-133.21648536915737,-232.67392620777335,-183.75530743013277,-0.06420907461709481,25.683629846837928,0.08561209948945976,25.683629846837928,-42.806049744729876,-0.04280604974472988,-190.75972836989072,-170.0,-0.06420907461709481,-0.0856120994894596,-26.539750841732527,0.08561209948945975,8.561209948945976,-1.7122419897891952,161.35317795156456,161.35317795156456,-8.561209948945976,300.0,-161.35317795156456,17.12241989789195,0.12841814923418962,-1000.0,8.561209948945976,-154.67418369845015,26.165623696517784,-17.12241989789195,0.04280604974472988,0.8561209948945976,88.98494779918573,150.51869067597755,-0.08561209948945976,-152.6589931632147,133.21648536915737,26.539750841732527,0.08561209948945976,246.3975457559341,-76.56889569083404,26.165623696517784,-0.08561209948945976,-0.02140302487236494,-26.165623696517784,-0.08561209948945976,-45.647334828850035,0.08561209948936721,-0.02140302487236494,-0.02140302487236494,-0.02140302487236494,34.2448397957839,42.806049744729876,0.8561209948945976,63.42786420925515,-0.02140302487236494,177.96989559837147,4.280604974472988,27.104272388898003,0.08561209948945975,0.04280604974472988,0.04280604974472988,21.644021797204868,26.539750841732527,0.08561209948945975,-26.539750841732527,0.8561209948945976,0.08561209948945976,-63.42786420925515,0.08561209948945976,0.3424483979578099,0.42806049744726965,0.04280604974472988,0.02140302487236494,25.683629846837928,-0.08561209948945976,183.75530743013277,0.8561209948945816,-126.8557284185103,2.140302487236494,-8.561209948945976,17.12241989789195,4.280604974472988,-0.08561209948945976,0.0,0.12841814923418962,-0.08561209948945976,-43.28804359440974,26.539750841732527,262.9118809369637,0.04280604974472988,-54.20854477779601,-0.08561209948945976,-0.08561209948936721,-0.08561209948945976,0.0428060497447298,238.85775757559276,-17.12241989789195,0.08561209948945975,177.96989559837147,-0.02140302487236494,232.67392620777335,-177.96989559837147,12.841814923418962,170.0,404.7667229261794,238.85775757559276,-0.06420907461709481,152.6589931632147,-150.51869067597755,0.08561209948945976,-0.021403024872364944,4.280604974472988,85.61209948945975,-0.04280604974472988,-0.08561209948945976,0.02140302487236494,264.08693640349475,0.0,888.6841971702754,0.0,-255.0,0.0,513.038021178349,-140.0,0.0,-80.0,133.32621062407662,-325.0,-111.27299677997979,40.0,127.5,-66.66310531203831,0.0,70.0,-133.3962707780856,-315.65587480573544,111.27299677997979,325.0,-315.65587480573544,-513.038021178349,290.52285346011854,0.0,1496.5981,hplb
89,0.0,0.0,0.0,0.0,0.0,0.0,0.0,0.0,-0.11192773715443703,0.0,0.0,0.0,0.0,0.0,0.0,0.0,179.07993120960933,-160.77395195769913,0.0,0.0,0.0,0.0,0.0,0.0,0.0,0.0,0.0,0.0,0.0,-946.1712131128378,0.0,0.0,113.26023146774821,0.0,0.0,0.0,0.0,391.38986938479087,0.0,-1000.0,827.4778400054904,0.0,0.0,1000.0,0.0,0.0,0.0,0.0,719.1433161071486,0.0,0.0,0.0,0.0,0.12312051086999143,0.0,0.0,0.0,0.0,0.0,0.0,-53.90785850407848,0.0,-5.959892707998613,-98.11547488643332,0.0,0.0,0.0,0.0,0.0,0.0,0.0,1.1192773715443705,0.0,0.0,0.0,0.0,0.0,0.0,0.0,0.0,0.0,0.0,0.0,0.0,67.15664229266223,0.0,56.7999970101295,-140.46124826290895,804.8815607011833,-244.33758050312215,-0.027981934288609258,0.0,0.0,498.76236078243454,33.57832114633111,0.0,33.57832114633111,0.0,0.0,0.0,0.0,5.596386857721852,-946.1712131128378,0.0,0.0,-24.26616554113861,539.6080836954109,0.0,0.0,0.0,0.0,0.0,0.0,0.0,0.0,0.0,0.0,0.0,0.0,0.0,0.0,0.0,0.0,0.0,-784.9096333146439,0.0,0.0,33.57832114633111,0.0,34.697598517875484,22.193477006773293,0.0,475.5014645475167,475.67778661247456,-951.1792511599913,951.1792511599913,-38.24772367435622,0.0,0.0,0.0,0.0,0.0,0.0,0.0,0.0,65.41843277102114,0.11192773715443703,0.0,0.0,0.0,0.0,-895.3141006807286,0.0,0.0,0.0,0.0,468.6018432178835,0.0,0.0,0.0,0.0,0.0,247.92052071103268,247.92052071103268,0.0,0.0,0.0,0.0,-1000.0,0.0,0.0,248.03244844818713,0.0,0.0,0.0,681.6546998051696,0.0,0.0,0.0,0.0,0.0,0.0,0.0,0.0,0.0,0.0,-423.74138830989057,0.0,0.0,0.0,0.0,-811.7037622505433,0.0,0.0,0.0,0.0,0.0,0.0,0.0,-260.54398019806115,260.54398019806115,38.24772367435622,0.0,0.0,0.0,0.0,0.0,0.0,0.0,1000.0,0.0,0.0,0.0,0.0,0.0,0.0,0.0,0.0,0.0,0.0,0.0,0.0,0.0,0.0,428.08005695467426,47.94796579607987,0.0,0.0,0.0,0.0,158.69529854740185,0.0,0.0,0.0,0.0,-53.90785850407848,-952.0520342039201,0.0,0.0,0.0,0.0,0.0,0.0,0.0,0.0,3.604073136373224,22.385547430887407,0.0,0.0,-65.42554089924442,1000.0,318.1380876461785,0.0,-47.94796579607987,0.0,0.0,38.24772367435622,0.0,0.0,0.0,0.0,-52.42969017273174,0.0,0.0,-1000.0,0.0,0.0,-1000.0,0.0,0.0,544.3375805031221,0.0,-1000.0,0.0,0.0,159.72231845266785,0.0,0.0,0.0,-1000.0,0.0,1000.0,0.0,77.40860194348974,0.0,0.0,1000.0,0.0,0.0,0.0,-53.90785850407848,-0.16789160573165554,0.0,0.0,0.0,0.0,0.11192773715443703,0.0,0.0,0.0,577.5783457460808,179.07993120960933,0.0,-650.8759721766102,385.69179493013337,0.0,746.9038632383339,0.0,-780.3670440235423,0.0,-24.26616554113861,0.0,0.0,0.0,-9.636978168997137,1000.0,-209.99597780746058,-1000.0,-1000.0,0.0,0.0,0.0,0.0,0.0,0.0,0.0,0.0,0.0,0.0,0.0,0.0,0.0,0.0,0.0,0.0,0.0,-608.1624196665907,0.0,-1000.0,0.0,0.0,0.0,0.0,0.0,0.0,-69.02250590739438,0.0,0.0,0.0,642.0410153824953,0.0,-1000.0,-356.9893397943017,-41.63123344427331,0.0,0.0,574.4240811553341,0.0,-1000.0,417.2442643465158,356.9893397943017,0.0,800.6537169913775,-2.798193428860926,-5.596386857721852,0.0,0.0,-149.2484764990965,0.0,0.0,33.57832114633111,-875.0000000000017,875.0000000000017,0.0,352.67814055040606,0.0,0.0,0.0,0.0,0.0,0.0,-95.79752244015484,0.0,0.0,0.0,0.0,0.0,0.0,0.0,0.0,-32.463446662254185,0.0,0.0,114.1522979134876,0.0,0.0,0.0,0.0,38.79571882302541,0.2238554743089488,0.0,0.0,0.0,0.0,0.0,0.0,0.0,0.0,0.0,0.0,0.0,0.0,0.0,0.0,0.0,0.0,0.0,0.0,0.0,0.12312051086999143,0.12312051086999143,0.0,188.93657741449604,0.0,67.15664229266223,0.0,0.0,0.0,-769.1962431335237,0.0,0.0,56.7999970101295,0.0,0.0,304.4861101057679,769.1962431335237,0.0,0.0,786.4774204064042,0.0,0.0,114.1522979134876,0.0,0.0,0.0,0.0,0.0,0.0,0.0,261.6365444382146,-577.5783457460808,355.7060169853177,36.03484658655146,65.41843277102114,0.0,301.8193385606765,196.94302222175807,0.0,0.0,304.4861101057679,0.0,0.0,343.28182892879335,0.0,0.0,0.0,0.0,0.0,0.0,0.0,0.0,0.0,0.0,0.0,0.0,0.0,0.0,0.0,0.0,67.15664229266223,38.24772367435622,38.24772367435622,0.0,0.0,0.0,0.0,0.0,0.0,0.0,0.0,0.0,0.0,1.1192773715443705,0.0,0.0,56.7999970101295,-56.7999970101295,0.0,0.0,0.0,0.0,33.57832114633111,-786.4774204064042,0.0,0.0,0.0,36.03484658655146,0.0,0.0,0.0,0.0,0.0,33.80217662063999,-124.24985279902226,0.0,33.57832114633111,33.57832114633111,-413.5376065773928,769.1962431335237,0.0,114.1522979134876,0.0,0.0,0.0,0.0,0.0,946.1712131128378,0.0,1000.0,0.11192773715443703,0.0,0.0,-822.7797548891335,881.8224134512109,0.0,0.0,-498.76236078243454,0.0,0.0,0.0,0.0,0.0,0.0,0.0,0.0,0.0,0.0,0.0,0.0,0.0,0.0,0.11192773715443703,0.0,0.0,0.0,0.0,0.0,0.0,0.0,0.0,0.0,0.0,539.1399137591964,0.0,0.0,-1000.0,-8.394580286582778,-5.596386857721856,0.0,0.0,0.0,0.0,0.0,0.0,0.0,0.0,0.0,0.0,0.0,0.0,38.24772367435622,0.0,0.0,0.0,-143.6520896413747,0.0,0.0,0.0,-0.11192773715443703,0.0,0.0,0.11192773715443703,0.0,0.11192773715443703,0.0,0.0,0.0,67.15664229266223,136.5518393284132,136.5518393284132,0.0,0.0,0.0,0.0,0.0,0.0,0.0,355.7060169853177,0.0,0.0,0.0,0.0,0.0,0.0,0.0,0.0,0.0,0.0,0.0,0.0,0.0,0.0,0.0,0.0,0.0,0.0,0.0,196.94302222175807,0.0,0.0,0.0,0.16789160573165554,0.0,0.0,0.0,-33.57832114633111,0.0,0.0,0.0,0.0,0.0,-188.93657741449604,5.596386857721852,0.0,0.0,0.0,0.0,1000.0,0.0,0.0,0.0,0.0,0.0,0.0,0.0,0.0,0.0,38.24772367435622,0.0,786.4774204064042,1000.0,188.93657741449604,0.0,600.4533605669118,-24.26616554113861,608.1624196665907,-69.02250590739438,0.0,-539.1399137591964,0.0,-136.5518393284132,0.0,5.596386857721856,427.75985916533705,0.0,0.0,0.0,-146.0634406825132,-312.50000000000347,312.50000000000347,0.0,0.0,0.0,0.0,0.0,0.0,0.0,415.34680802330786,-8.394580286582652,136.5518393284132,0.0,0.0,0.0,0.0,0.0,0.0,0.0,0.0,0.0,3.604073136373224,0.0,0.0,205.72573798766155,-59.04265856207735,-287.51634403654134,0.0,33.57832114633111,56.7999970101295,0.0,0.0,0.0,96.66148536855036,0.0,0.0,0.12312051086999143,0.0,0.0,0.0,68.2759196642066,0.0,0.0,0.0,0.0,428.08005695467426,0.0,539.6080836954109,0.0,0.0,0.0,0.0,0.0,0.0,659.4892122647799,0.0,34.039675991777955,0.011192773715444023,0.0,0.0,0.0,0.0,0.0,0.0,0.0,0.0,0.0,-822.7797548891335,0.0,0.0,0.0,0.0,0.0,188.93657741449604,0.0,0.0,0.0,0.0,0.0,0.0,0.0,0.0,0.0,0.0,0.0,113.599994020259,77.30317852636722,0.0,-160.77395195769913,0.0,0.0,0.0,67.15664229266223,0.0,0.0,0.0,0.0,0.0,427.9154632793117,-495.07210557197396,0.0,113.599994020259,0.0,0.0,0.0,0.0,0.0,0.0,0.0,0.0,0.0,0.0,-1000.0,-1000.0,76.67049995078936,0.0,-33.57832114633111,0.0,391.38986938479087,0.0,0.0,0.0,0.0,0.0,0.0,0.0,0.0,0.0,0.0,0.0,0.0,0.0,0.0,0.0,0.0,0.0,-13.990967144304634,38.24772367435622,-8.394580286582778,0.0,0.0,0.0,0.0,0.0,0.0,-1.399096714430463,0.0,32.463446662254185,0.0,0.0,0.0,0.0,0.0,0.0,0.0,1000.0,33.57832114633111,33.57832114633111,0.0,0.0,0.0,0.0,0.0,0.12312051086999143,188.93657741449604,0.0,0.0,-391.38986938479087,34.02848321806251,0.0,0.0,0.0,0.0,0.0,0.0,0.0,0.0,0.0,0.0,0.0,0.0,0.0,0.0,0.0,0.0,22.193477006773293,0.0,117.5241240121589,65.41843277102114,0.0,0.0,0.0,0.0,0.0,188.93657741449604,0.0,-5.596386857721856,0.0,0.0,0.0,-13.990967144304634,0.0,0.0,0.0,0.0,0.0,0.0,0.0,0.0,0.0,0.0,0.0,0.0,0.0,0.0,0.0,0.0,0.0,0.0,-0.11192773715443703,0.0,0.0,5.596386857721852,-304.4861101057679,0.0,0.0,0.0,0.0,38.24772367435622,0.0,0.0,0.0,9.636978168997137,2.798193428860926,0.0,0.0,0.0,0.11192773715443703,0.0,111.92773715443703,-12.504121511102198,22.38554743088741,0.7994838368174074,356.6653406744259,-0.08394580286582777,5.596386857721852,2.238554743088741,-0.5596386857728248,-356.6653406744259,33.57832114633111,-0.11192773715443703,8.088721847046203,114.1522979134876,0.027981934288609258,0.7994838368174074,-24.266165541138612,-74.61889276511623,-2.238554743088741,-18.305979251910202,-0.11192773715443703,0.027981934288609258,-356.6653406744259,11.192773715443703,0.11192773715443703,0.11192773715443703,-188.7015291664716,-56.67687649925962,-25.932181562445578,-0.08394580286582777,33.57832114633111,0.11192773715443703,33.57832114633111,-55.96386857721852,-0.055963868577218516,-394.13733057316074,-170.0,-0.08394580286582777,-0.11192773715443703,-12.504121511102198,0.11192773715443703,11.19277371544365,-2.238554743088741,196.94302222175807,196.94302222175807,-11.192773715443703,18.305979251910202,-196.94302222175807,22.385547430887407,0.16789160573165554,-532.2776501854523,11.192773715443703,-261.6365444382146,114.1522979134876,-22.385547430887407,0.055963868577218516,1.1192773715443705,162.71899304415254,211.32212484538346,-0.11192773715443703,-214.1203182742442,188.7015291664716,34.697598517875484,0.11192773715443703,74.61889276511623,-20.160986671836895,114.1522979134876,-0.11192773715443703,-0.027981934288609258,-114.1522979134876,-0.11192773715443703,-500.81236487238544,0.11192773715443703,-0.027981934288609258,-0.027981934288609258,-0.027981934288609258,44.77109486177481,55.96386857721852,1.1192773715443705,82.92446226429303,-0.027981934288609258,317.3492642412589,5.596386857721852,-13.801472553790854,0.11192773715443703,0.055963868577218516,0.055963868577218516,68.2689226721875,12.504121511102198,0.11192773715443703,-12.504121511102198,1.1192773715443705,0.11192773715443703,-82.92446226429303,0.11192773715443703,0.44771094861842187,0.5596386857728248,0.055963868577218516,0.027981934288609258,33.57832114633111,-0.11192773715443703,25.932181562445578,1.1192773715443705,-165.84892452858605,2.7981934288609267,-11.19277371544365,22.385547430887407,5.596386857721852,-0.11192773715443703,24.266165541138612,0.16789160573165554,-0.11192773715443703,-136.537845344375,12.504121511102198,198.29220000434492,0.055963868577218516,27.602945107581707,-0.11192773715443703,-0.11192773715443703,-0.11192773715443703,0.055963868577218516,356.6653406744259,-22.385547430887407,0.11192773715443703,325.4379860883051,-0.027981934288609258,56.67687649925962,-325.4379860883051,16.789160573165553,170.0,99.7966947053886,356.6653406744259,-0.08394580286582777,214.1203182742442,-211.32212484538346,0.11192773715443703,-0.027981934288609255,647.6374022402172,111.92773715443703,-0.055963868577218516,-0.11192773715443703,0.027981934288609258,0.0,0.0,232.22168631687512,0.0,-255.0,0.0,335.248537297721,-140.0,0.0,96.46656802858178,-255.0,-267.1328910124815,-300.0,-48.23328401429089,127.5,127.5,0.0,70.0,-188.93657741449604,-294.9536853728953,300.0,267.1328910124815,-294.9536853728953,-335.248537297721,172.10837512705712,0.0,1496.5981,hplb
90,0.0,0.0,0.0,0.0,0.0,0.0,0.0,0.0,-0.10160346525837798,0.0,0.0,0.0,0.0,0.0,0.0,0.0,-697.0132124180401,961.2237264608495,0.0,35.78948595719055,0.0,0.0,0.0,0.0,0.0,0.0,0.0,0.0,0.0,0.0,172.5579283507966,-172.5579283507966,112.18775682806847,0.0,0.0,0.0,0.0,868.9843204920035,0.0,-291.0517450518652,556.2304807843208,0.0,-697.0132124180401,0.0,0.0,0.0,0.0,0.0,0.0,0.0,0.0,0.0,0.0,0.11176381178413577,0.0,0.0,0.0,20.320693051675594,0.0,0.0,-66.46718795735279,0.0,0.0,-66.46718795735279,0.0,0.0,0.0,0.0,0.0,0.0,0.0,1.0160346525837798,0.0,0.0,0.0,0.0,0.0,0.0,0.0,0.0,0.0,0.0,0.0,0.0,60.962079155026785,0.0,0.0,948.9910817582276,946.1320245403549,142.0523357360688,0.0,0.0,0.0,0.0,30.481039577513393,0.0,30.481039577513393,0.0,507.74463549445005,0.0,0.0,5.0801732629188985,-347.526034282512,0.0,0.0,-25.566806589721466,0.0,587.7336932736764,0.0,0.0,0.0,0.0,0.0,0.0,0.0,0.0,0.0,0.0,0.0,0.0,0.0,0.0,0.0,0.0,-882.647250986076,0.0,0.0,30.481039577513393,0.0,31.497074230097176,11.034063135524264,0.0,-234.37499999999977,0.0,234.37499999999977,-234.37499999999977,0.0,0.0,0.0,0.0,0.0,0.0,0.0,0.0,0.0,7.823466824895099,0.10160346525837798,0.025400866314594494,0.0,0.0,0.0,0.0,0.0,0.0,0.0,0.0,290.9421048622673,0.0,0.0,0.0,0.0,0.0,167.45879549462734,167.45879549462734,0.0,0.0,0.0,0.0,1000.0,0.0,0.0,340.11832731068233,0.0,0.0,0.0,0.0,0.0,0.0,0.0,0.0,0.0,0.0,0.0,0.0,0.0,0.0,0.0,0.0,0.0,0.0,0.0,-1000.0,0.0,0.0,0.0,0.0,0.0,0.0,697.0132124180401,-946.1320245403549,946.1320245403549,0.0,0.0,0.0,0.0,0.0,0.0,0.0,347.526034282512,-708.0211262089729,0.0,0.0,0.0,0.0,0.0,0.0,0.0,0.0,0.0,0.0,0.0,0.0,0.0,0.0,-59.35861389664881,0.0,0.0,0.0,0.0,0.0,159.73805000890383,0.0,0.0,0.0,0.0,-66.46718795735279,0.0,172.5579283507966,0.0,0.0,0.0,0.0,0.0,0.0,0.0,423.3400240918424,0.0,0.0,0.0,-826.0899577990378,369.16087886363186,699.8722696359127,0.0,0.0,0.0,0.0,0.0,-303.55984927566215,0.0,0.0,0.0,-212.7626077733454,0.0,0.0,-584.9230394279072,0.0,0.0,-584.923039427907,0.0,0.0,0.0,0.0,-898.1098938805425,0.0,0.0,145.80374433301927,0.0,0.0,0.0,0.0,0.0,0.0,0.0,339.91512038016555,0.0,0.0,426.1501172102095,0.0,0.0,0.0,-66.46718795735279,-0.15240519788756696,0.0,0.0,0.0,0.0,0.10160346525837798,0.0,0.0,0.0,386.44088632174044,-697.0132124180401,0.0,-252.68460387307323,421.43397981213076,0.0,586.7115203618341,0.0,8.748058358746263,0.0,-25.566806589721466,0.0,0.0,0.0,-8.748058358746263,1000.0,-1000.0,46.91991984054903,-1000.0,0.0,0.0,0.0,0.0,0.0,0.0,0.0,0.0,0.0,0.0,0.0,0.0,0.0,0.0,0.0,0.0,0.0,0.0,0.0,-1000.0,0.0,130.60926564696345,247.5104641597274,0.0,0.0,0.0,62.90896653026311,0.0,507.74463549445005,0.0,0.0,0.0,0.0,89.47250951561409,-941.0239700294231,0.0,-1000.0,263.39631820659775,0.0,879.6651907789221,-16.474256749328106,-89.47250951561409,935.9437967665042,0.0,-2.5400866314594492,-5.0801732629188985,-1000.0,0.0,281.4837818645663,619.8699188452957,0.0,30.481039577513393,0.0,0.0,0.0,0.0,0.0,0.0,0.0,0.0,0.0,0.0,57.176969380740324,0.0,0.0,0.0,0.0,0.0,347.526034282512,0.0,0.0,-132.93437591470558,0.0,0.0,0.0,0.0,0.0,0.0,0.0,-89.8396534741622,0.20320693051664332,0.0,0.0,0.0,0.0,0.0,0.0,0.0,0.0,0.0,0.0,0.0,0.0,0.0,0.0,0.0,0.0,0.0,0.0,0.0,0.11176381178413577,0.11176381178413577,172.5579283507966,245.40601089478747,0.0,60.962079155026785,0.0,0.0,0.0,0.0,0.0,0.0,0.0,0.0,0.0,485.42321400395423,0.0,0.0,0.0,0.0,0.0,0.0,0.0,0.0,0.0,0.0,0.0,0.0,0.0,0.0,294.21575032869197,-386.44088632174044,0.0,0.0,7.823466824895099,0.0,0.0,0.0,-159.73805000890383,0.0,485.42321400395423,0.0,0.0,395.583560529792,0.0,0.0,0.0,0.0,0.0,0.0,0.0,0.0,0.0,0.0,0.0,0.0,0.0,0.0,0.0,0.0,60.962079155026785,0.0,0.0,0.0,0.0,0.0,0.0,0.0,0.0,0.0,0.0,0.0,0.0,1.0160346525837798,0.0,172.5579283507966,0.0,0.0,172.5579283507966,697.0132124180401,0.0,0.0,30.481039577513393,0.0,0.0,0.0,0.0,0.0,0.0,0.0,0.0,0.0,0.0,-708.3720607421874,1000.0,0.0,30.481039577513393,30.481039577513393,1000.0,0.0,0.0,0.0,0.0,0.0,0.0,0.0,0.0,-699.393885558037,347.526034282512,-832.8872687514739,0.10160346525837798,0.0,0.0,0.0,90.0456381123423,0.0,0.0,0.0,0.0,0.0,0.0,0.0,0.0,0.0,0.0,0.0,0.0,0.0,0.0,0.0,0.0,0.0,0.10160346525837798,0.0,0.0,0.0,1000.0,-1000.0,0.0,0.0,0.0,130.60926564696345,0.0,818.1640661844406,0.0,0.0,-1000.0,-7.620259894378307,-5.0801732629188985,0.0,0.0,0.0,0.0,0.0,0.0,0.0,0.0,0.0,0.0,0.0,0.0,0.0,0.0,0.0,0.0,286.5639551274852,0.0,0.0,0.0,-0.10160346525837798,0.0,0.0,0.10160346525837798,0.0,0.10160346525837798,0.0,0.0,0.0,60.962079155026785,123.95622761522114,123.95622761522114,0.0,0.0,0.0,0.0,0.0,0.0,0.0,0.0,0.0,347.526034282512,0.0,0.0,0.0,0.0,0.0,0.0,0.0,0.0,0.0,0.0,0.0,0.0,0.0,0.0,0.0,0.0,0.0,159.73805000890383,0.0,-1000.0,1000.0,0.15240519788756696,0.0,0.0,0.0,-30.481039577513393,0.0,0.0,0.0,0.0,0.0,-245.40601089478747,5.0801732629188985,0.0,0.0,0.0,0.0,-1000.0,242.43029089680851,0.0,0.0,0.0,0.0,0.0,0.0,0.0,0.0,0.0,0.0,0.0,70.07281759970562,245.40601089478747,0.0,304.6793069483244,-25.566806589721466,0.0,305.3392574270716,507.74463549445005,-813.0838929215216,0.0,-427.51607689088326,0.0,5.0801732629188985,583.0398456557385,0.0,0.0,-172.5579283507966,-132.93437591470558,187.50000000000017,-187.50000000000017,0.0,0.0,0.0,-321.514529096204,0.0,0.0,0.0,0.0,-15.240519788756785,123.95622761522114,0.0,0.0,0.0,172.5579283507966,0.0,0.0,0.0,0.0,0.0,423.3400240918424,0.0,0.0,253.02627078916578,-90.0456381123423,8.093386032341243,-697.0132124180401,30.481039577513393,0.0,0.0,0.0,0.0,-13.456195206695725,0.0,0.0,0.11176381178413577,0.0,0.0,0.0,61.97811380761057,0.0,0.0,0.0,0.0,-59.35861389664881,0.0,0.0,0.0,0.0,0.0,0.0,0.0,0.0,0.0,0.0,0.010160346525837798,0.010160346525837798,0.0,0.0,0.0,0.0,0.0,0.0,0.0,0.0,0.0,0.0,172.5579283507966,0.0,0.0,0.0,0.0,245.40601089478747,0.0,0.0,0.0,0.0,0.0,0.0,0.0,0.0,0.0,0.0,0.0,0.0,-1000.0,-559.3336203413919,961.2237264608495,0.0,0.0,0.0,60.962079155026785,0.0,0.0,0.0,0.0,0.0,0.0,-60.962079155026785,0.0,0.0,0.0,0.0,0.0,0.0,0.0,0.0,0.0,172.5579283507966,172.5579283507966,0.0,832.8872687514739,-1000.0,69.59837370198892,0.0,-30.481039577513393,0.0,999.5935861389669,0.0,0.0,0.0,0.0,0.0,0.0,0.0,0.0,0.0,531.25,0.0,-531.25,-531.25,0.0,0.0,0.0,0.0,-12.700433157297205,0.0,-7.620259894378307,7.6202598943782505,0.0,0.0,0.0,0.0,0.0,-1.2700433157297248,0.0,132.93437591470558,0.0,0.0,0.0,0.0,0.0,0.0,0.0,1000.0,30.481039577513393,30.481039577513393,0.0,0.0,0.0,0.0,0.0,0.11176381178413577,245.40601089478747,0.0,0.0,-999.5935861389669,0.0,0.0,0.0,0.0,0.0,0.0,0.0,0.0,0.0,0.0,0.0,0.0,0.0,0.0,500.0,0.0,0.0,11.034063135524264,0.0,106.68363852129687,7.823466824895099,0.0,0.0,0.0,0.0,0.0,245.40601089478747,0.0,0.0,0.0,0.0,0.0,-12.700433157297205,0.0,0.0,0.0,0.0,0.0,0.0,0.0,0.0,0.0,0.0,0.0,0.0,0.0,0.0,0.0,0.0,0.0,0.0,-0.10160346525837798,0.0,0.0,5.0801732629188985,-485.42321400395423,0.0,0.0,0.0,0.0,0.0,0.0,0.0,0.0,8.748058358746263,2.5400866314594492,0.0,0.0,0.0,0.10160346525837798,0.0,101.60346525837797,-20.46301109457292,20.320693051675594,0.7257390375598426,305.5417943419231,-0.07620259894378348,5.0801732629188985,2.0320693051675596,-0.5080173262914514,-305.5417943419231,30.481039577513393,-0.10160346525837798,8.52226886324049,0.0,0.025400866314594494,0.7257390375598426,-25.566806589721466,-16.175271669132428,170.52585904562903,-300.0,-0.10160346525837798,0.025400866314594494,-305.5417943419231,10.160346525837797,0.10160346525837798,0.10160346525837798,-245.19264361774498,0.11176381178421577,-150.89379712278773,-0.07620259894378348,30.481039577513393,0.10160346525837798,30.481039577513393,-50.80173262918899,-0.05080173262918899,-88.91469456003662,-170.0,-0.07620259894378348,-0.10160346525837798,-20.46301109457292,0.10160346525837798,10.160346525837797,-2.0320693051675596,159.73805000890383,159.73805000890383,-10.160346525837797,300.0,-159.73805000890383,20.320693051675594,0.15240519788756696,-1000.0,10.160346525837797,-294.21575032869197,0.0,-20.320693051675594,0.05080173262918899,1.0160346525837798,63.17115096826831,265.7267039464631,-0.10160346525837798,-268.26679057792256,245.19264361774498,31.497074230097176,0.10160346525837798,16.175271669132428,-121.92415831005339,0.0,-0.10160346525837798,-0.025400866314594494,0.0,-0.10160346525837798,-89.8396534741622,0.10160346525822206,-0.025400866314594494,-0.025400866314594494,-0.025400866314594494,40.64138610335119,50.80173262918899,1.0160346525837798,210.76380528288945,-0.025400866314594494,117.82003307329613,5.0801732629188985,50.0,0.10160346525837798,0.05080173262918899,0.05080173262918899,10.160346525837797,20.46301109457292,0.10160346525837798,-20.46301109457292,1.0160346525837798,0.10160346525837798,-481.74048120206857,0.10160346525837798,0.4064138610331156,0.5080173262914514,0.05080173262918899,0.025400866314594494,30.481039577513393,-0.10160346525837798,150.89379712278773,-85.26292952281452,-421.5276105657789,2.5400866314594497,-10.160346525837797,20.320693051675594,5.0801732629188985,-0.10160346525837798,25.566806589721466,0.15240519788756696,-0.10160346525837798,-20.320693051675594,20.46301109457292,244.18540623942638,0.05080173262918899,-100.0,-0.10160346525837798,-0.10160346525822206,-0.10160346525837799,0.05080173262918899,305.5417943419231,-20.320693051675594,0.10160346525837798,126.34230193653661,-0.025400866314594494,-0.11176381178421577,-126.34230193653661,15.240519788756695,170.0,523.7375029854608,305.5417943419231,-0.07620259894378348,268.26679057792256,-265.7267039464631,0.10160346525837798,-0.025400866314594487,5.0801732629188985,101.60346525837797,-0.05080173262918899,-0.10160346525837798,0.025400866314594494,0.0,0.0,857.896862531302,270.9766759191791,-255.0,0.0,595.3772037014552,-140.0,0.0,-80.0,-51.930855842694456,-325.0,-142.0523357360688,40.0,127.5,25.965427921347228,0.0,70.0,-245.40601089478747,-230.72921103273066,142.0523357360688,325.0,-230.72921103273066,-595.3772037014552,353.5705077428354,0.0,1496.5981,hplb
91,0.0,0.0,0.0,0.0,0.0,0.0,0.0,0.0,-0.10771609052833536,0.0,0.0,0.0,0.0,0.0,0.0,0.0,-730.9525918065775,1000.0,0.0,4.9147231270270595,0.0,0.0,0.0,0.0,0.0,625.545289506212,0.0,0.0,0.0,-880.5295119643073,0.0,0.0,107.88835339971631,0.0,0.0,0.0,0.0,-66.3074894898906,0.0,-1000.0,317.49666000632965,0.0,0.0,723.3298320136158,0.0,0.0,0.0,0.0,1000.0,0.0,0.0,-166.51864950611196,0.0,0.11848769958189109,0.0,0.0,0.0,0.0,0.0,0.0,37.95661446283157,0.0,104.37182004325052,0.0,0.0,0.0,0.0,0.0,703.7536605513736,-238.43431433565323,0.0,1.0771609052833537,0.0,0.0,0.0,0.0,0.0,0.0,0.0,0.0,0.0,0.0,0.0,0.0,64.62965431700121,0.0,0.0,-1000.0,876.7285485069854,13.954874966200668,-0.02692902263208384,0.0,0.0,406.63494880733606,32.314827158500606,0.0,32.314827158500606,0.0,0.0,0.0,0.0,5.385804526416768,-1000.0,0.0,0.0,-29.731120999606762,0.0,507.51531957938005,0.0,0.0,0.0,0.0,0.0,0.0,0.0,0.0,0.0,0.0,0.0,0.0,0.0,0.0,0.0,0.0,-1000.0,0.0,0.0,32.314827158500606,0.0,33.39198806378396,0.0,0.0,0.0,0.0,0.0,0.0,0.0,0.0,0.0,-142.3284345060821,0.0,0.0,0.0,0.0,0.0,8.294138970681857,0.10771609052833536,0.0,0.0,0.0,0.0,0.0,0.0,0.0,0.0,0.0,383.24153872302907,0.0,0.0,0.0,0.0,0.0,130.4193635721304,130.4193635721304,0.0,0.0,0.0,0.0,0.0,0.0,0.0,130.52707966265874,0.0,0.0,0.0,-95.80979621128279,-791.457934643793,0.0,0.0,0.0,0.0,0.0,0.0,0.0,0.0,0.0,0.0,0.0,0.0,0.0,0.0,-1000.0,0.0,0.0,0.0,0.0,0.0,0.0,166.51864950611196,-838.3960736209151,838.3960736209151,142.3284345060821,0.0,0.0,0.0,0.0,0.0,0.0,119.47048803569271,-710.007729421709,0.0,0.0,0.0,0.0,0.0,0.0,0.0,0.0,0.0,0.0,0.0,0.0,0.0,0.0,-56.913563788665854,444.96345426477296,0.0,0.0,0.0,0.0,-34.37699267733157,0.0,0.0,0.0,0.0,37.95661446283157,-278.36637774884287,0.0,0.0,794.0392360760436,0.0,0.0,0.0,0.0,0.0,3.4684581150134193,21.543218105667073,0.0,0.0,-1000.0,715.1246221279005,-671.8774241148031,0.0,-444.96345426477296,0.0,0.0,142.3284345060821,1000.0,0.0,0.0,0.0,-118.03404217695461,0.0,0.0,-920.5410335212282,0.0,0.0,-920.5410335212282,0.0,0.0,38.332474886070244,0.0,0.0,0.0,0.0,192.57645074530512,0.0,0.0,0.0,-1000.0,0.0,1000.0,0.0,130.31164748160205,0.0,0.0,-199.5821154642494,0.0,0.0,0.0,37.95661446283157,-0.16157413579250304,0.0,0.0,0.0,0.0,0.10771609052833536,0.0,0.0,0.0,856.2652728977355,-730.9525918065775,0.0,-634.2073073451477,562.0662995406728,791.457934643793,349.8114871648303,0.0,106.71048820391309,0.0,-29.731120999606762,0.0,0.0,0.0,-9.274355394490396,0.0,-97.43613280942272,-1000.0,-1000.0,0.0,0.0,0.0,0.0,0.0,0.0,0.0,0.0,0.0,0.0,0.0,0.0,0.0,0.0,0.0,0.0,794.0392360760436,-1000.0,0.0,-934.1233748722228,0.0,0.0,0.0,0.0,0.0,0.0,-11.762597085695276,0.0,0.0,0.0,0.0,0.0,-703.7536605513736,-63.760996666231165,0.0,-2.692902263208384,0.0,550.861662137816,0.0,-47.60358308698086,0.0,63.760996666231165,-5.385804526416768,0.0,0.0,-5.385804526416768,0.0,0.0,0.0,0.0,230.11750639583096,32.314827158500606,-812.5000000000008,812.5000000000008,0.0,0.0,0.0,0.0,0.0,0.0,0.0,0.0,200.2604518425353,0.0,0.0,0.0,0.0,0.0,119.47048803569271,0.0,0.0,-66.41520558041896,0.0,0.0,0.0,0.0,0.0,0.0,0.0,-89.22839094716646,0.21543218105678094,0.0,0.0,0.0,0.0,0.0,0.0,0.0,0.0,0.0,465.31934621572043,0.0,0.0,0.0,0.0,0.0,0.0,0.0,0.0,0.0,0.11848769958189109,0.11848769958189109,0.0,105.47034250554412,0.0,64.62965431700121,0.0,0.0,0.0,69.21762938900217,0.0,780.742335341525,0.0,0.0,0.0,871.1183588705442,-69.21762938900217,0.0,0.0,838.8402419356518,0.0,0.0,0.0,0.0,0.0,0.0,0.0,0.0,0.0,0.0,333.3333333333333,-856.2652728977355,0.0,0.0,383.6840175992968,0.0,0.0,406.634948807336,298.68350697858546,0.0,871.1183588705442,0.0,781.8899679233778,0.0,0.0,0.0,0.0,0.0,0.0,0.0,0.0,0.0,0.0,0.0,0.0,0.0,0.0,0.0,0.0,0.0,64.62965431700121,142.3284345060821,142.3284345060821,0.0,0.0,0.0,0.0,0.0,0.0,0.0,0.0,0.0,0.0,1.0771609052833537,0.0,0.0,0.0,0.0,0.0,166.51864950611196,0.0,0.0,32.314827158500606,-838.8402419356518,0.0,0.0,375.38987862861495,0.0,0.0,0.0,0.0,0.0,0.0,525.0149397601772,0.0,0.0,32.314827158500606,32.314827158500606,1000.0,-69.21762938900217,0.0,0.0,0.0,0.0,0.0,0.0,0.0,1000.0,119.47048803569271,999.9100052728661,0.10771609052833536,0.0,0.0,0.0,142.25448555559944,0.0,0.0,-406.634948807336,0.0,0.0,0.0,0.0,0.0,0.0,0.0,0.0,0.0,0.0,0.0,0.0,0.0,0.0,0.10771609052833536,0.0,0.0,0.0,920.1287721813771,-920.1287721813771,0.0,0.0,0.0,0.0,0.0,497.1763538674612,0.0,0.0,-443.0623258253793,-8.078706789625151,-5.385804526416768,0.0,0.0,0.0,0.0,0.0,0.0,0.0,0.0,0.0,0.0,0.0,0.0,142.3284345060821,791.457934643793,0.0,0.0,235.50331092224772,0.0,0.0,0.0,-0.10771609052833536,0.0,0.0,0.10771609052833536,0.0,0.10771609052833536,0.0,0.0,0.0,64.62965431700121,131.41363044456915,131.41363044456915,0.0,0.0,0.0,0.0,0.0,0.0,0.0,0.0,0.0,119.47048803569271,0.0,0.0,0.0,0.0,0.0,0.0,0.0,0.0,0.0,0.0,0.0,0.0,0.0,0.0,0.0,0.0,0.0,107.95144182875052,0.0,-625.545289506212,625.545289506212,0.16157413579250304,0.0,0.0,0.0,-32.314827158500606,0.0,0.0,0.0,0.0,0.0,-105.47034250554412,5.385804526416768,0.0,0.0,0.0,0.0,0.0,11.762597085695276,0.0,0.0,0.0,0.0,0.0,0.0,0.0,0.0,142.3284345060821,0.0,838.8402419356518,-57.95437353982311,105.47034250554412,0.0,303.45678189433295,-29.731120999606762,508.93895095315645,0.0,0.0,-508.93895095315645,0.0,868.5863695554308,0.0,5.385804526416768,1000.0,0.0,0.0,0.0,-66.41520558041896,0.0,0.0,0.0,0.0,0.0,0.0,0.0,0.0,0.0,-8.07870678962519,-8.078706789625153,131.41363044456915,0.0,0.0,0.0,0.0,0.0,0.0,0.0,0.0,0.0,3.4684581150134193,0.0,0.0,121.62775608479447,-607.5738317713199,1000.0,0.0,32.314827158500606,0.0,0.0,0.0,0.0,77.07860314925153,0.0,0.0,0.11848769958189109,0.0,0.0,0.0,65.70681522228458,0.0,0.0,0.0,0.0,-56.913563788665854,0.0,0.0,0.0,0.0,0.0,0.0,0.0,0.0,-617.3463059773319,0.0,0.010771609052833546,0.010771609052833546,0.0,0.0,0.0,0.0,0.0,0.0,0.0,0.0,0.0,0.0,0.0,0.0,0.0,0.0,0.0,105.47034250554412,0.0,0.0,0.0,0.0,0.0,0.0,0.0,0.0,0.0,0.0,0.0,0.0,0.0,-290.471810980016,1000.0,0.0,0.0,0.0,64.62965431700121,0.0,0.0,0.0,0.0,0.0,0.0,-64.62965431700121,0.0,0.0,0.0,0.0,0.0,0.0,0.0,0.0,0.0,0.0,0.0,0.0,-999.9100052728661,-1000.0,73.78552201190973,0.0,-32.314827158500606,0.0,-66.3074894898906,0.0,0.0,0.0,0.0,0.0,0.0,0.0,0.0,0.0,593.75,0.0,-593.75,-593.75,0.0,0.0,0.0,0.0,-13.46451131604192,142.3284345060821,-8.078706789625151,0.0,0.0,0.0,0.0,0.0,0.0,-1.346451131604192,0.0,66.41520558041896,0.0,0.0,0.0,0.0,0.0,0.0,0.0,1000.0,32.314827158500606,32.314827158500606,0.0,0.0,0.0,0.0,0.0,0.11848769958189109,105.47034250554412,0.0,0.0,66.3074894898906,0.0,0.0,0.0,0.0,0.0,0.0,0.0,0.0,0.0,0.0,0.0,0.0,0.0,0.0,0.0,0.0,0.0,0.0,0.0,113.10189505475212,8.294138970681857,0.0,0.0,0.0,0.0,0.0,105.47034250554412,0.0,-17.148401612112025,0.0,0.0,0.0,-13.46451131604192,0.0,0.0,0.0,0.0,0.0,0.0,0.0,0.0,0.0,0.0,0.0,0.0,0.0,0.0,0.0,0.0,0.0,0.0,-0.10771609052833536,0.0,0.0,5.385804526416768,-871.1183588705442,0.0,0.0,0.0,0.0,142.3284345060821,0.0,0.0,0.0,9.274355394490396,2.692902263208384,0.0,0.0,625.545289506212,0.10771609052833536,0.0,107.71609052833536,-33.39198806378396,21.543218105667073,0.7694006466309669,300.52789257405567,-0.08078706789625152,5.385804526416768,2.1543218105667075,-0.5385804526417606,-300.52789257405567,32.314827158500606,-0.10771609052833536,9.910373666535587,0.0,0.02692902263208384,0.7694006466309669,-29.731120999606762,-17.148401612112025,-2.1543218105667075,-273.96213132044954,-0.10771609052833536,0.02692902263208384,-300.52789257405567,10.771609052833536,0.10771609052833536,0.10771609052833536,-105.24413871543389,0.1184876995811689,-137.65450234766925,-0.08078706789625152,32.314827158500606,0.10771609052833536,32.314827158500606,-53.85804526416768,-0.05385804526416768,-186.1247943761463,23.4976675339697,-0.08078706789625152,-0.10771609052833536,-33.39198806378396,0.10771609052833536,10.771609052833536,-2.1543218105667075,107.95144182875052,107.95144182875052,-10.771609052833536,273.96213132044954,-107.95144182875052,21.543218105667073,0.16157413579250304,-1000.0,10.771609052833536,-333.3333333333333,0.0,-21.543218105667073,0.05385804526416768,1.0771609052833537,158.55182683628692,127.0135606112112,-0.10771609052833536,-129.70646287441963,105.24413871543389,33.39198806378396,0.10771609052833536,17.148401612112025,-129.25930863400245,0.0,-0.10771609052833536,-0.02692902263208384,0.0,-0.10771609052833536,-89.22839094716646,0.10771609052834957,-0.02692902263208384,-0.02692902263208384,-0.02692902263208384,43.086436211334146,53.85804526416768,1.0771609052833537,221.22451308209793,-0.02692902263208384,307.19328000603826,5.385804526416768,50.0,0.10771609052833536,0.05385804526416768,0.05385804526416768,10.771609052833536,33.39198806378396,0.10771609052833536,-33.39198806378396,1.0771609052833537,0.10771609052833536,-504.0652221059286,0.10771609052833536,0.4308643621134461,0.5385804526417606,0.05385804526416768,0.02692902263208384,32.314827158500606,-0.10771609052833539,137.65450234766925,1.0771609052833537,-442.44902616419586,2.692902263208383,-10.771609052833536,21.543218105667073,5.385804526416768,-0.10771609052833536,29.731120999606762,0.16157413579250304,-0.10771609052833536,-21.543218105667073,33.39198806378396,83.75297643501492,0.05385804526416768,-100.0,-0.10771609052833536,-0.10771609052834957,-0.10771609052833536,0.05385804526416768,300.52789257405567,-21.543218105667073,0.10771609052833536,317.10365367257384,-0.02692902263208384,-0.1184876995811689,-317.10365367257384,16.157413579250303,-23.4976675339697,536.6047347843089,300.52789257405567,-0.08078706789625152,129.70646287441963,-127.0135606112112,0.10771609052833536,-0.026929022632083837,5.385804526416768,107.71609052833536,-0.05385804526416768,-0.10771609052833536,0.02692902263208384,0.0,0.0,947.6587921024649,282.8407090238307,-255.0,0.0,229.6163341207933,-140.0,0.0,-80.0,-192.07254894859562,-325.0,-52.287349852270914,40.0,127.5,96.03627447429781,0.0,70.0,-105.47034250554412,-160.83157958426645,52.287349852270914,325.0,-160.83157958426645,-229.6163341207933,174.05201685098112,0.0,1496.5981,hplb
92,0.0,0.0,0.0,0.0,0.0,0.0,0.0,0.0,-0.12255401667124492,0.0,0.0,0.0,0.0,0.0,0.0,0.0,442.35576080005376,857.6442391999462,0.0,-1000.0,0.0,0.0,0.0,836.279625188412,0.0,0.0,0.0,0.0,0.0,709.5283933842289,0.0,0.0,460.3744874000248,0.0,0.0,0.0,0.0,999.5097839333149,0.0,-1000.0,71.07120547599789,0.0,0.0,0.0,0.0,0.0,0.0,3.333000346964603,-151.8841541842827,0.0,0.0,0.0,0.0,0.13480941833847737,0.0,0.0,0.0,27.843803681213586,0.0,0.0,0.8793598225504269,0.0,34.137490849644074,0.0,0.0,0.0,0.0,0.0,178.57316920235007,0.0,0.0,1.2255401667124493,0.0,0.0,0.0,0.0,0.0,0.0,0.0,0.0,0.0,0.0,13.3828986205001,0.0,73.53241000274696,0.0,0.0,63.433937049549854,88.45021713473284,21.627096750187775,-0.03063850416781123,0.0,0.0,1000.0,36.76620500137348,0.0,36.76620500137348,0.0,0.0,0.0,13.3828986205001,6.127700833562246,457.0983313360415,0.0,0.0,-42.321737544889764,0.0,0.0,0.0,0.0,0.0,0.0,0.0,0.0,0.0,0.0,0.0,0.0,0.0,0.0,0.0,0.0,0.0,0.0,-302.7904124218463,0.0,0.0,36.76620500137348,0.0,37.99174516808592,25.016731127477385,0.0,-266.1750434097536,266.1750434097536,0.0,0.0,560.6331832289458,-562.4999999999999,562.4999999999999,-595.6500339011403,0.0,0.0,0.0,0.0,0.0,-3.9462393368142425,0.12255401667124492,0.0,0.0,0.0,0.0,0.0,0.0,0.0,118.20824125949949,0.0,728.7480521362253,0.0,0.0,0.0,0.0,0.0,602.2161504653288,602.2161504653288,0.0,0.0,0.0,0.0,-323.08293116845937,0.0,0.0,602.3387044820001,0.0,0.0,0.0,805.1080184542136,0.0,0.0,0.0,0.0,0.0,0.0,0.0,0.0,0.0,0.0,-137.4707035827367,0.0,0.0,0.0,0.0,-1000.0,0.0,0.0,0.0,0.0,0.0,0.0,0.0,88.45021713473284,-88.45021713473284,35.01685067219451,0.0,0.0,0.0,0.0,0.0,0.0,252.43006204818744,1000.0,0.0,0.0,0.0,0.0,0.0,0.0,0.0,0.0,0.0,0.0,0.0,0.0,0.0,0.0,-50.97839333150203,-1000.0,0.0,0.0,0.0,0.0,-35.01685067219451,0.0,0.0,0.0,0.0,0.8793598225504269,-1000.0,0.0,0.0,0.0,0.0,0.0,0.0,0.0,0.0,809.6881076435985,0.0,0.0,0.0,0.0,0.0,0.0,0.0,1000.0,0.0,0.0,35.01685067219451,-850.4840996610812,0.0,0.0,0.0,-150.2387168950088,0.0,0.0,-996.4356012556585,0.0,0.0,-996.4356012556585,0.0,0.0,176.90043426946568,0.0,34.544673469411805,0.0,0.0,391.95916876772804,0.0,0.0,0.0,9.097402941811083,0.0,-9.097402941811083,0.0,602.0935964486575,0.0,0.0,0.0,0.0,0.0,0.0,0.8793598225504269,-0.18383102500686738,0.0,0.0,0.0,0.0,0.12255401667124492,0.0,0.0,0.0,153.545687355028,442.35576080005376,0.0,-872.7439225351745,263.2621048121224,0.0,65.53519458334495,0.0,189.12507003774436,0.0,-42.321737544889764,0.0,0.0,0.0,-10.551900835394294,-178.57316920235007,0.0,-1000.0,-1000.0,0.0,0.0,0.0,0.0,0.0,0.0,0.0,0.0,0.0,0.0,0.0,0.0,0.0,0.0,0.0,0.0,0.0,0.0,0.0,-1000.0,0.0,0.0,805.7418683067843,0.0,0.0,0.0,194.25813169321572,0.0,0.0,0.0,0.0,0.0,0.0,0.0,-6.127700833562246,0.0,0.0,-220.05878462015227,908.9851956523507,-899.7936444020074,734.7746609541762,0.0,0.0,1000.0,-3.063850416781123,-915.1128964859131,-1000.0,0.0,0.0,0.0,281.30941906983924,36.76620500137348,0.0,0.0,0.0,0.0,0.0,0.0,0.0,0.0,0.0,0.0,-92.5937345027084,0.0,0.0,0.0,0.0,0.0,252.43006204818744,0.0,0.0,-33.25813102709364,0.0,0.0,42.30221589402636,0.0,0.0,0.0,0.0,-87.74459833287551,0.24510803334257167,0.0,0.0,0.0,0.0,0.0,0.0,0.0,0.0,0.0,178.57316920235007,0.0,0.0,0.0,0.0,0.0,0.0,0.0,0.0,0.0,0.13480941833847737,0.13480941833847737,0.0,237.77742023488545,0.0,73.53241000274696,0.0,0.0,0.0,1000.0,0.0,0.0,0.0,0.0,0.0,616.7239980391707,-1000.0,0.0,0.0,0.0,0.0,0.0,42.30221589402636,0.0,0.0,0.0,0.0,0.0,0.0,0.0,100.93013747394878,-153.545687355028,0.0,0.0,9.436659283685858,0.0,1000.0,0.0,0.0,0.0,616.7239980391707,0.0,0.0,528.9793997062952,0.0,0.0,0.0,0.0,0.0,0.0,0.0,0.0,0.0,0.0,0.0,0.0,0.0,0.0,0.0,0.0,73.53241000274696,35.01685067219455,35.01685067219451,0.0,0.0,0.0,0.0,0.0,0.0,0.0,0.0,0.0,0.0,1.2255401667124493,0.0,0.0,0.0,0.0,0.0,0.0,0.0,0.0,36.76620500137348,0.0,0.0,0.0,0.0,0.0,0.0,0.0,0.0,0.0,0.0,188.85597684353274,1000.0,0.0,36.76620500137348,36.76620500137348,-714.8300554181546,-1000.0,0.0,42.30221589402636,0.0,0.0,0.0,0.0,0.0,642.3774600770322,252.43006204818744,541.7180401322441,0.12255401667124492,0.0,0.0,61.7831622211368,0.0,365.4046687133491,0.0,-1000.0,0.0,0.0,0.0,0.0,0.0,0.0,0.0,0.0,0.0,0.0,0.0,0.0,0.0,0.0,0.12255401667124492,0.0,0.0,0.0,0.0,0.0,0.0,0.0,0.0,0.0,0.0,1000.0,-118.20824125949949,0.0,-1000.0,-9.19155125034337,-6.127700833562246,0.0,0.0,0.0,0.0,0.0,0.0,0.0,0.0,0.0,0.0,0.0,0.0,35.01685067219455,0.0,0.0,0.0,287.4371199034015,0.0,0.0,0.0,-0.12255401667124492,0.0,0.0,0.12255401667124492,0.0,0.12255401667124492,0.0,0.0,0.0,73.53241000274696,149.5159003389188,149.5159003389188,0.0,0.0,0.0,0.0,0.0,0.0,0.0,0.0,0.0,252.43006204818744,0.0,0.0,0.0,0.0,0.0,0.0,0.0,0.0,0.0,0.0,0.0,0.0,0.0,0.0,0.0,0.0,0.0,0.0,0.0,0.0,0.0,0.18383102500686738,0.0,0.0,0.0,-36.76620500137348,0.0,0.0,0.0,0.0,0.0,-237.77742023488545,6.127700833562246,0.0,0.0,0.0,0.0,323.08293116845937,-194.25813169321572,0.0,0.0,0.0,0.0,0.0,0.0,0.0,0.0,35.01685067219455,0.0,0.0,0.0,237.77742023488545,0.0,300.489196665751,323.08293116845937,0.0,0.0,0.0,0.0,118.20824125949949,-1000.0,0.0,6.127700833562246,473.6480965505847,0.0,0.0,0.0,-33.25813102709364,0.0,0.0,0.0,0.0,0.0,-1000.0,0.0,0.0,0.0,119.08760108204991,0.0,149.5159003389188,0.0,0.0,0.0,0.0,0.0,0.0,0.0,0.0,0.0,809.6881076435985,0.0,0.0,265.3520739859156,-240.35633142348686,0.0,0.0,36.76620500137348,0.0,0.0,0.0,0.0,318.58354146198485,0.0,0.0,0.13480941833847737,0.0,0.0,0.0,74.7579501694594,0.0,0.0,0.0,0.0,-50.97839333150203,0.0,0.0,0.0,0.0,0.0,0.0,0.0,0.0,-1000.0,0.0,0.012255401667124492,0.012255401667124492,0.0,0.0,0.0,0.0,0.0,0.0,0.0,0.0,0.0,61.7831622211368,0.0,0.0,0.0,0.0,0.0,237.77742023488545,0.0,0.0,0.0,0.0,0.0,0.0,0.0,0.0,0.0,0.0,0.0,0.0,684.0738009322979,-916.7017600470612,857.6442391999462,0.0,0.0,0.0,73.53241000274696,0.0,0.0,0.0,0.0,0.0,-144.44177739170354,70.90936738895658,0.0,0.0,0.0,0.0,0.0,0.0,0.0,0.0,0.0,0.0,0.0,0.0,-541.7180401322441,99.4757914130737,83.9495014198028,0.0,-36.76620500137348,0.0,999.5097839333149,0.0,0.0,0.0,0.0,0.0,0.0,0.0,0.0,0.0,656.25,0.0,-656.2499999999999,-656.2499999999999,0.0,0.0,0.0,0.0,-15.319252083905615,35.01685067219451,-9.19155125034337,-9.191551250343366,0.0,0.0,0.0,0.0,0.0,-625.6718397266229,624.1399145182323,151.46637228659313,0.0,0.0,0.0,0.0,0.0,0.0,0.0,1000.0,36.76620500137348,36.76620500137348,0.0,0.0,0.0,0.0,0.0,0.13480941833847737,237.77742023488545,0.0,0.0,-999.5097839333149,0.0,0.0,0.0,0.0,0.0,0.0,0.0,0.0,0.0,0.0,0.0,0.0,0.0,0.0,0.0,0.0,0.0,25.016731127477385,0.0,128.68171750480718,9.436659283685858,0.0,0.0,0.0,0.0,0.0,237.77742023488545,0.0,993.8722991664378,0.0,0.0,0.0,-15.319252083905615,0.0,0.0,0.0,0.0,0.0,0.0,0.0,0.0,0.0,0.0,0.0,0.0,0.0,0.0,0.0,0.0,0.0,0.0,-0.12255401667124492,0.0,0.0,6.127700833562246,-616.7239980391707,0.0,0.0,0.0,0.0,35.01685067219451,0.0,0.0,0.0,10.551900835394294,3.063850416781123,0.0,0.0,0.0,0.12255401667124492,0.0,122.55401667124491,-12.975014040608565,24.510803334248987,0.8753858333660351,391.95916876772804,-0.09191551250343369,6.127700833562246,2.4510803334248985,-0.6127700833563949,-391.95916876772804,36.76620500137348,-0.12255401667124492,14.107245848296587,42.30221589402636,0.03063850416781123,0.8753858333660351,-42.321737544889764,-19.510599454062344,-2.4510803334248985,-300.0,-0.12255401667124492,0.03063850416781123,-391.95916876772804,202.8153432828595,0.12255401667124492,0.12255401667124492,-237.52005679987573,0.1348094183383694,-98.0709419297716,-0.09191551250343369,36.76620500137348,0.12255401667124492,36.76620500137348,-61.27700833562246,-0.06127700833562246,-546.0336351166742,22.63889498839877,-0.09191551250343369,-0.12255401667124492,-12.975014040608565,0.12255401667124492,12.255401667124492,-2.4510803334248985,0.0,0.0,-12.255401667124488,300.0,0.0,24.510803334248983,0.18383102500686738,-1000.0,12.255401667124492,-100.93013747394878,42.30221589402636,-24.510803334248983,0.06127700833562246,1.2255401667124493,218.18598063379363,262.28822356913446,-0.12255401667124492,-265.3520739859156,237.52005679987573,37.99174516808592,0.12255401667124492,19.510599454062344,-295.32254572720274,42.30221589402636,-0.12255401667124492,-0.03063850416781123,-42.30221589402636,-0.12255401667124492,-87.74459833287551,0.12255401667124492,-0.03063850416781123,-0.03063850416781123,-0.03063850416781123,49.02160666849797,61.27700833562246,1.2255401667124493,322.6967203639264,-0.03063850416781123,422.26471541929067,6.127700833562246,50.0,0.12255401667124492,0.06127700833562246,0.06127700833562246,33.406509614137676,12.975014040608565,0.12255401667124492,-12.975014040608565,1.2255401667124493,0.12255401667124492,-786.4957468891611,0.12255401667124492,0.4902160666850932,0.6127700833563949,0.06127700833562246,0.03063850416781123,36.76620500137348,-0.12255401667124492,98.0709419297716,1.2255401667124493,-645.3934407278527,3.063850416781124,-12.255401667124492,24.510803334248983,6.127700833562246,-0.12255401667124492,42.321737544889764,0.18383102500686738,-0.12255401667124492,-66.81301922827535,12.975014040608565,-42.56140029277742,0.06127700833562246,-100.0,-0.12255401667124492,-0.12255401667124492,-0.12255401667124494,0.06127700833562246,391.95916876772804,-24.510803334248983,0.12255401667124492,436.37196126758727,-0.03063850416781123,-0.1348094183383694,-436.37196126758727,18.383102500686736,-22.63889498839877,536.5948388748427,391.95916876772804,-0.09191551250343369,265.3520739859156,-262.28822356913446,0.12255401667124492,-0.030638504167811224,6.127700833562246,122.55401667124491,-0.06127700833562246,-0.12255401667124492,0.03063850416781123,0.0,0.0,801.4111919720109,463.7990265252347,-255.0,0.0,192.26867901940557,-140.0,190.559941615735,-80.0,-255.0,-325.0,-198.52753101965345,40.0,127.5,127.5,-190.559941615735,70.0,-237.77742023488545,-276.02214116920743,198.52753101965345,325.0,-276.02214116920743,-192.26867901940557,237.6679115397419,0.0,1496.5981,hplb
93,0.0,0.0,0.0,0.0,0.0,0.0,0.0,0.0,308.69176292855934,0.0,0.0,0.0,0.0,0.0,0.0,0.0,-270.56704347587015,570.5670434758702,0.0,0.0,0.0,0.0,0.0,437.73805244578546,0.0,0.0,0.0,0.0,0.0,234.12502384865635,0.0,0.0,96.26347442710326,0.0,0.0,0.0,0.0,-11.355348632881146,0.0,-297.91342108082915,884.7952965547308,0.0,0.0,-504.6920673245266,0.0,0.0,592.4101905084781,538.2695364968683,0.0,-505.13397575766305,0.0,-541.1340869517403,0.0,0.08738957669902193,0.0,0.0,0.0,0.0,0.0,0.0,-6.996462473896857,0.0,38.04447138865402,31.048008914757176,0.0,0.0,0.0,0.0,0.0,0.0,0.0,0.7944506972631215,0.0,0.0,0.0,0.0,0.0,0.0,0.0,0.0,0.0,0.0,0.0,0.0,47.667041835787295,0.0,0.0,-255.85056521380523,285.2835217379351,21.67917370716776,459.8760152905874,0.0,0.0,759.8973273044152,23.833520917893647,0.0,23.833520917893647,-2.558131245186297,0.0,0.0,0.0,3.9722534863156076,234.12502384865635,0.0,0.0,-41.98078953194517,0.0,0.0,0.0,0.0,0.0,0.0,0.0,0.0,0.0,0.0,0.0,0.0,0.0,0.0,0.0,0.0,0.0,0.0,-274.63220675939425,0.0,0.0,23.833520917893647,0.0,24.627971615156767,0.0,0.0,-221.9405162899668,0.0,221.9405162899668,-221.9405162899668,0.0,0.0,0.0,0.0,0.0,0.0,0.0,0.0,0.0,6.1172703689260315,0.07944506972631214,459.895876558019,0.0,0.0,0.0,-599.3157174668856,0.0,0.0,0.0,0.0,373.947134431253,0.0,0.0,0.0,0.0,0.0,407.6692545612482,407.6692545612482,0.0,0.0,0.0,0.0,659.222408502913,0.0,0.0,407.7486996309745,0.0,0.0,0.0,-1000.0,-920.743946827507,0.0,0.0,0.0,0.0,0.0,0.0,0.0,0.0,0.0,0.0,0.0,0.0,0.0,0.0,-1000.0,0.0,0.0,0.0,0.0,0.0,505.13397575766305,541.1340869517403,-285.2835217379351,285.2835217379351,0.0,0.0,0.0,0.0,0.0,0.0,0.0,0.0,-622.3445630640423,0.0,0.0,0.0,0.0,0.0,0.0,0.0,0.0,0.0,0.0,0.0,0.0,0.0,0.0,531.0937453574105,-504.6920673245266,0.0,0.0,0.0,0.0,103.29609052626603,0.0,0.0,0.0,0.0,-6.996462473896857,0.0,0.0,0.0,0.0,0.0,0.0,0.0,0.0,0.0,0.0,554.1585504421307,0.0,0.0,-498.0843432676486,72.48270020822153,0.0,0.0,504.6920673245266,0.0,0.0,0.0,0.0,0.0,0.0,0.0,244.56024893491497,0.0,0.0,-1000.0,-906.3796510500252,-906.3796510500252,-93.62034894997481,0.0,0.0,0.0,0.0,0.0,505.13397575766305,0.0,118.35565401014489,0.0,0.0,0.0,0.0,0.0,0.0,0.0,1000.0,0.0,0.0,-661.7041808712237,0.0,0.0,0.0,-6.996462473896857,-0.11916760458946822,0.0,0.0,0.0,0.0,0.07944506972631214,0.0,0.0,0.0,872.8703885558402,-270.56704347587015,0.0,-272.1601028274488,-125.06801864166954,920.743946827507,908.6288174726245,0.0,0.0,0.0,-41.98078953194517,0.0,0.0,0.0,-6.840220503435553,931.7112852284,-924.8710647249645,-179.04016248183888,-1000.0,0.0,0.0,0.0,0.0,0.0,0.0,0.0,0.0,0.0,0.0,0.0,0.0,0.0,0.0,0.0,0.0,0.0,-449.14641274170106,0.0,-1000.0,0.0,561.8911556122749,0.0,0.0,0.0,0.0,-6.1172703689260315,0.0,0.0,0.0,0.0,0.0,0.0,0.0,243.38507145941114,0.0,-931.7112852284,-227.68956983561063,547.3528437358876,0.0,817.8982783384852,0.0,-247.35732494572673,414.98926622236417,-1.9861267431578036,-551.3250972222032,0.0,0.0,222.68488044534837,0.0,-274.32417576745127,23.833520917893647,0.0,0.0,0.0,857.7774058651103,0.0,308.77120799828566,0.0,0.0,0.0,0.0,-576.6856302784275,0.0,0.0,0.0,0.0,0.0,0.0,0.0,0.0,-13.992924947793714,0.0,-229.79885371036264,0.0,0.0,0.0,0.0,0.0,-92.05549302736878,0.15889013945253622,0.0,0.0,0.0,0.0,0.0,0.0,0.0,0.0,0.0,0.0,0.0,0.0,0.0,0.0,0.0,0.0,0.0,0.0,0.0,0.08738957669902193,0.08738957669902193,0.0,113.834450213918,0.0,47.667041835787295,0.0,0.0,0.0,169.87677137223955,0.0,0.0,0.0,0.0,0.0,-319.8356050317137,-169.87677137223955,0.0,0.0,0.0,0.0,0.0,0.0,0.0,0.0,0.0,0.0,0.0,0.0,0.0,91.54406891979808,-872.8703885558402,599.3157174668856,0.0,6.1172703689260315,0.0,759.8973273044152,0.0,-103.29609052626603,0.0,-319.8356050317137,0.0,-411.89109805908254,0.0,0.0,0.0,0.0,0.0,0.0,0.0,0.0,0.0,0.0,0.0,0.0,0.0,0.0,0.0,0.0,0.0,47.667041835787295,0.0,0.0,0.0,0.0,0.0,0.0,0.0,0.0,0.0,0.0,0.0,0.0,0.7944506972631215,0.0,0.0,0.0,0.0,0.0,541.1340869517403,0.0,0.0,23.833520917893647,0.0,0.0,0.0,0.0,0.0,0.0,0.0,0.0,0.0,0.0,1000.0,0.0,0.0,23.833520917893647,23.833520917893647,1000.0,-169.87677137223955,0.0,0.0,0.0,0.0,0.0,0.0,0.0,738.433209805673,0.0,1000.0,0.07944506972631214,0.0,0.0,0.0,104.9185638692704,0.0,0.0,-759.8973273044152,0.0,0.0,0.0,0.0,0.0,0.0,0.0,0.0,0.0,0.0,0.0,0.0,0.0,0.0,0.07944506972631214,0.0,0.0,0.0,-1000.0,1000.0,0.0,0.0,0.0,561.8911556122749,-912.875925525101,906.758655156175,0.0,0.0,-550.853587258299,-5.958380229473406,-0.046637812012005675,-3.925615674303605,0.0,312.5,312.5,-312.5,0.0,0.0,0.0,0.0,0.0,0.0,0.0,0.0,920.743946827507,0.0,0.0,-47.667041835787295,0.0,0.0,0.0,308.69176292855934,0.0,0.0,0.07944506972631214,0.0,0.07944506972631214,0.0,0.0,0.0,47.667041835787295,96.92298506610082,96.92298506610082,0.0,0.0,0.0,0.0,0.0,0.0,0.0,599.3157174668856,0.0,0.0,0.0,0.0,0.0,0.0,0.0,0.0,0.0,0.0,0.0,0.0,0.0,0.0,0.0,0.0,0.0,0.0,0.0,103.29609052626603,0.0,0.0,0.0,0.11916760458946822,0.0,0.0,0.0,-23.833520917893647,0.0,0.0,0.0,0.0,0.0,-113.834450213918,3.9722534863156076,0.0,0.0,0.0,0.0,-659.222408502913,-2.6047690571983027,-3.925615674303605,0.0,-229.79885371036264,0.0,0.0,0.0,0.0,0.0,0.0,0.0,0.0,0.0,113.834450213918,0.0,387.58607065174675,-41.98078953194517,0.0,904.1538860989767,0.0,-904.1538860989767,0.0,-96.92298506610082,0.0,3.9722534863156107,1000.0,0.0,0.0,0.0,-13.992924947793714,0.0,0.0,0.0,0.0,0.0,0.0,0.0,0.0,0.0,0.0,-11.91676045894678,96.92298506610082,0.0,0.0,0.0,0.0,0.0,0.0,0.0,0.0,0.0,0.0,0.0,0.0,119.79283044339141,-104.9185638692704,0.0,0.0,23.833520917893647,0.0,0.0,0.0,0.0,59.02176041000215,0.0,0.0,0.08738957669902193,0.0,0.0,0.0,48.46149253305041,0.0,0.0,0.0,0.0,531.0937453574105,0.0,0.0,0.0,0.0,0.0,0.0,0.0,0.0,-674.7633931837672,0.0,0.007944506972631214,0.007944506972631214,0.0,0.0,0.0,0.0,0.0,0.0,0.0,0.0,0.0,0.0,0.0,0.0,0.0,0.0,0.0,113.834450213918,0.0,0.0,0.0,0.0,0.0,0.0,0.0,505.13397575766305,0.0,0.0,0.0,0.0,0.0,0.0,570.5670434758702,0.0,0.0,0.0,47.6670418357873,0.0,0.0,0.0,0.0,0.0,-216.52254309117993,168.85550125539262,0.0,0.0,0.0,0.0,0.0,0.0,0.0,0.0,0.0,0.0,0.0,0.0,-1000.0,793.5180711724904,54.41987276252382,0.0,-23.833520917893647,0.0,550.5358069793938,0.0,0.0,0.0,0.0,0.0,0.0,0.0,0.0,0.0,781.2499999999999,0.0,-781.2499999999999,-781.25,0.0,0.0,0.0,0.0,-9.930633715789023,0.0,-5.958380229473406,5.958380229473372,0.0,0.0,0.0,0.0,0.0,-0.993063371578902,0.0,13.992924947793714,0.0,0.0,0.0,0.0,0.0,0.0,0.0,1000.0,23.833520917893644,23.833520917893647,0.0,0.0,0.0,0.0,0.0,0.08738957669902193,113.834450213918,0.0,0.0,-550.5358069793938,0.0,0.0,0.0,0.0,0.0,0.0,0.0,0.0,0.0,0.0,0.0,0.0,0.0,0.0,0.0,0.0,0.0,0.0,0.0,83.41732321262776,6.1172703689260315,0.0,0.0,0.0,0.0,0.0,113.834450213918,0.0,0.0,0.0,0.0,0.0,-9.930633715789023,0.0,0.0,0.0,0.0,0.0,0.0,0.0,0.0,0.0,0.0,0.0,0.0,0.0,0.0,0.0,0.0,0.0,0.0,-0.07944506972631214,0.0,0.0,3.9722534863156076,319.8356050317137,0.0,0.0,0.0,0.0,0.0,0.0,0.0,0.0,6.840220503435553,1.9861267431578036,0.0,0.0,0.0,0.07944506972631214,0.0,79.44506972631214,-24.627971615156767,15.889013945262429,0.5674647837593725,221.65174453641092,-0.05958380229473411,3.9722534863156076,1.588901394526243,-0.397225348631423,-221.65174453641092,23.833520917893644,-0.07944506972631214,13.99359651064839,0.0,0.019861267431578036,0.5674647837593725,-41.98078953194517,-12.647655100427869,-1.588901394526243,-300.0,-0.07944506972631214,0.019861267431578036,-221.65174453641092,7.944506972631214,0.07944506972631214,0.07944506972631214,-113.66761556749266,0.08738957669894336,-104.35738839058163,-0.05958380229473411,23.833520917893647,0.07944506972631214,23.833520917893647,-39.72253486315608,-0.03972253486315607,-185.62816697678105,-111.32004256862355,-0.05958380229473411,-0.07944506972631214,-24.627971615156767,0.07944506972631214,7.944506972631214,-1.588901394526243,103.29609052626603,103.29609052626603,-7.944506972631214,300.0,-103.29609052626603,15.889013945262429,0.11916760458946822,-445.8654552785958,7.944506972631214,-91.54406891979808,0.0,-15.889013945262429,0.03972253486315607,0.7944506972631215,68.0400257068622,129.72346415918042,-0.07944506972631214,-131.7095909023382,113.66761556749266,24.627971615156767,0.07944506972631214,12.647655100427869,-95.33408367157463,0.0,-0.07944506972631214,-0.019861267431578036,0.0,-0.07944506972631214,-92.05549302736878,0.07944506972637555,-0.019861267431578036,-0.019861267431578036,-0.019861267431578036,31.778027890524857,39.72253486315608,0.7944506972631215,183.39751898065953,-0.019861267431578036,122.086454903076,3.972253486315607,50.0,0.07944506972631214,0.03972253486315607,0.03972253486315607,7.944506972631214,24.627971615156767,0.07944506972631214,-24.627971615156767,0.7944506972631215,0.07944506972631214,-432.4748248750162,0.07944506972631214,0.31778027890515403,0.397225348631423,0.03972253486315607,0.019861267431578036,23.833520917893647,-0.07944506972631214,104.35738839058163,0.7944506972631215,-366.79503796131905,1.986126743157804,-7.944506972631214,15.889013945262429,3.972253486315607,-0.07944506972631214,41.98078953194517,0.11916760458946822,-0.07944506972631214,-15.889013945262434,24.627971615156767,169.72020585296357,0.03972253486315607,-100.0,-0.07944506972631214,-0.07944506972637555,-0.07944506972631214,0.03972253486315607,221.65174453641092,-15.889013945262429,0.07944506972631214,136.0800514137244,-0.019861267431578036,-0.08738957669894336,-136.0800514137244,11.91676045894682,111.32004256862355,167.10268599799642,221.65174453641092,-0.05958380229473411,131.7095909023382,-129.72346415918042,0.07944506972631214,-0.019861267431578032,3.9722534863156107,79.44506972631214,-0.03972253486315607,-0.07944506972631214,0.019861267431578036,0.0,0.0,424.1465590365649,249.0773058943567,-255.0,0.0,437.12822675206473,-140.0,0.0,-80.0,-255.0,195.84063286987646,-21.67917370716776,40.0,127.5,127.5,0.0,70.0,-113.834450213918,-228.74196626296572,21.67917370716776,-195.84063286987646,-228.74196626296572,-437.12822675206473,262.2589017255041,0.0,1496.5981,hplb
94,0.0,0.0,0.0,0.0,0.0,0.0,0.0,0.0,171.99341172158364,0.0,0.0,0.0,0.0,0.0,0.0,0.0,0.0,217.26914324799262,0.0,-31.126277365896797,0.0,0.0,0.0,299.66882740864384,0.0,0.0,0.0,0.0,0.0,-1000.0,44.438284782822755,-44.438284782822755,285.66807509631036,0.0,0.0,0.0,0.0,46.62840660074335,0.0,-1000.0,341.8586528349323,0.0,0.0,0.0,0.0,0.0,0.0,0.0,1000.0,0.0,0.0,0.0,0.0,0.09714251693571896,0.0,0.0,0.0,0.0,0.0,0.0,-22.59005037438779,0.0,22.59005037438779,0.0,0.0,0.0,0.0,0.0,0.0,577.5182973492224,0.0,0.8831137903232893,0.0,0.0,0.0,0.0,0.0,0.0,0.0,0.0,0.0,0.0,0.0,0.0,52.98682741939736,0.0,0.0,0.0,400.977580205396,0.0,-0.022077844758082228,0.0,0.0,0.0,26.49341370969868,0.0,366.4360465468682,-47.28191118766381,0.0,0.0,0.0,661.36011997687,-1000.0,0.0,0.0,0.0,0.0,0.0,0.0,0.0,0.0,0.0,0.0,0.0,0.0,0.0,0.0,0.0,0.0,0.0,0.0,0.0,0.0,0.0,-472.109087590706,0.0,0.0,366.4360465468682,0.0,27.376527500021968,16.138845865612872,0.0,0.0,0.0,0.0,0.0,0.0,0.0,0.0,0.0,0.0,0.0,0.0,0.0,0.0,6.799976185489323,0.08831137903232891,0.0,0.0,0.0,656.4730470603599,-1000.0,0.0,0.0,0.0,0.0,541.0451199500363,0.0,0.0,0.0,0.0,0.0,12.180891423932529,12.180891423932529,0.0,0.0,0.0,-312.50000000000006,0.0,0.0,0.0,56.70748758578761,0.0,0.0,0.0,282.59014554801905,0.0,0.0,0.0,0.0,0.0,0.0,0.0,0.0,0.0,0.0,0.0,0.0,0.0,0.0,0.0,-1000.0,0.0,0.0,0.0,0.0,0.0,0.0,0.0,-100.97758020539601,100.97758020539601,0.0,0.0,0.0,0.0,0.0,0.0,0.0,0.0,-360.1742452458668,0.0,0.0,0.0,0.0,0.0,0.0,0.0,0.0,0.0,0.0,0.0,0.0,0.0,0.0,618.7941373897413,0.0,0.0,0.0,0.0,0.0,14.815813908637622,0.0,0.0,0.0,0.0,-22.59005037438779,0.0,44.438284782822755,0.0,315.6877690194044,0.0,0.0,0.0,0.0,0.0,0.0,17.662275806465782,339.9426328371695,0.0,-501.955160410792,0.0,899.022419794604,0.0,0.0,0.0,0.0,0.0,460.46268008756147,0.0,0.0,0.0,-16.306695947278627,0.0,0.0,-1000.0,-1000.0,0.0,0.0,0.0,1000.0,300.0,0.0,-914.8347143233002,0.0,0.0,263.85062532278585,0.0,0.0,0.0,0.0,0.0,0.0,0.0,56.53086482772295,0.0,0.0,740.2527433533384,-312.50000000000006,0.0,0.0,-22.59005037438779,-0.13246706854849336,0.0,0.0,0.0,0.0,0.08831137903232891,0.0,0.0,0.0,618.7481395444942,0.0,0.0,-711.2080455454491,802.8320575682854,0.0,575.9569751882663,0.0,695.3176791509851,0.0,0.0,0.0,0.0,0.0,-7.603609734683676,0.0,-687.7140694163014,-982.5894118148173,-1000.0,0.0,0.0,0.0,0.0,0.0,0.0,0.0,0.0,0.0,0.0,0.0,0.0,0.0,0.0,0.0,0.0,315.6877690194044,-953.0183478831281,0.0,-1000.0,0.0,0.0,0.0,0.0,761.0035977521136,0.0,37.638308597333435,0.0,0.0,0.0,0.0,656.9445510252535,0.0,0.0,194.73752731481767,0.0,0.0,-975.1571960288483,-4.415568951616446,0.0,568.8027975492705,0.0,-527.625371779061,1000.0,-2.207784475808223,0.0,0.0,0.0,-461.335705841898,0.0,981.4516068201066,366.4360465468682,0.0,0.0,0.0,0.0,0.0,172.081723100616,195.1425942882224,195.1425942882224,-195.14259428822243,-195.1425942882224,89.71796762060923,0.0,0.0,0.0,0.0,0.0,0.0,0.0,0.0,-45.18010074877558,0.0,0.0,132.33772419353423,0.0,0.0,0.0,0.0,-91.16886209676711,0.17662275806463837,0.0,0.0,0.0,0.0,0.0,0.0,0.0,0.0,0.0,577.5182973492224,0.0,0.0,0.0,0.0,0.0,0.0,0.0,0.0,0.0,0.09714251693571896,0.09714251693571896,44.438284782822755,262.3377241935342,0.0,52.98682741939736,0.0,0.0,0.0,967.8943455560659,0.0,0.0,0.0,0.0,0.0,729.1464855644437,-967.8943455560659,0.0,0.0,937.9914181176425,0.0,0.0,132.33772419353423,0.0,0.0,0.0,0.0,0.0,0.0,0.0,157.36969586356867,-618.7481395444942,343.5269529396401,0.0,119.0607708272347,0.0,0.0,0.0,-14.815813908637622,0.0,729.1464855644437,0.0,722.695204022867,-84.71758055519047,0.0,0.0,0.0,0.0,0.0,0.0,0.0,0.0,0.0,0.0,0.0,0.0,0.0,0.0,0.0,0.0,52.98682741939736,0.0,0.0,0.0,0.0,0.0,0.0,0.0,0.0,0.0,0.0,0.0,0.0,0.8831137903232893,0.0,44.438284782822755,0.0,0.0,44.438284782822755,0.0,0.0,0.0,366.4360465468682,-937.9914181176425,0.0,0.0,112.26079464174538,0.0,0.0,0.0,0.0,0.0,0.0,838.0398049322807,0.0,0.0,26.49341370969868,26.49341370969868,1000.0,-967.8943455560659,0.0,132.33772419353423,0.0,0.0,0.0,0.0,0.0,982.5894118148173,0.0,1000.0,0.08831137903232891,0.0,0.0,-434.8348129325343,486.9072213935634,147.61975657292498,0.0,0.0,0.0,0.0,0.0,0.0,0.0,0.0,0.0,0.0,0.0,0.0,0.0,0.0,0.0,0.0,0.08831137903232891,0.0,0.0,0.0,0.0,0.0,0.0,0.0,0.0,0.0,0.0,37.638308597333435,0.0,0.0,-46.98165211687194,-6.62335342742467,-4.41556895161645,0.0,0.0,0.0,0.0,0.0,0.0,0.0,0.0,0.0,0.0,0.0,0.0,0.0,0.0,0.0,0.0,524.531469929825,0.0,0.0,0.0,171.99341172158364,0.0,0.0,0.08831137903232891,0.0,0.08831137903232891,0.0,0.0,0.0,52.98682741939736,107.73988241944129,107.73988241944129,0.0,0.0,0.0,0.0,0.0,0.0,0.0,343.5269529396401,0.0,0.0,0.0,0.0,0.0,0.0,0.0,0.0,0.0,0.0,0.0,0.0,0.0,0.0,0.0,0.0,0.0,0.0,0.0,14.815813908637622,0.0,0.0,0.0,0.13246706854849336,0.0,0.0,0.0,-366.4360465468682,0.0,0.0,0.0,0.0,0.0,-262.3377241935342,4.415568951616446,0.0,0.0,0.0,312.50000000000006,0.0,875.4433814617648,0.0,0.0,0.0,0.0,0.0,0.0,0.0,0.0,0.0,0.0,937.9914181176425,1000.0,262.3377241935342,0.0,650.8646771331743,147.61975657292498,0.0,913.0816900590983,0.0,-913.0816900590983,0.0,352.72279766812017,0.0,4.41556895161645,1000.0,0.0,0.0,-44.438284782822755,-45.18010074877558,-812.5000000000007,812.5000000000007,0.0,0.0,0.0,0.0,0.0,0.0,0.0,268.96107762095886,-282.20778447580807,107.73988241944129,0.0,0.0,0.0,44.438284782822755,0.0,0.0,0.0,0.0,0.0,0.0,0.0,0.0,0.0,-629.5907058102514,-645.950015637242,0.0,26.49341370969868,0.0,0.0,0.0,0.0,149.5303918591649,0.0,0.0,0.09714251693571896,0.0,0.0,0.0,53.86994120972064,0.0,0.0,0.0,0.0,618.7941373897413,0.0,0.0,0.0,0.0,0.0,0.0,0.0,0.0,0.0,0.0,673.708154422578,0.008831137903233144,0.0,0.0,0.0,0.0,0.0,0.0,0.0,0.0,0.0,-434.8348129325343,44.438284782822755,0.0,0.0,0.0,0.0,262.3377241935342,0.0,0.0,0.0,0.0,0.0,0.0,0.0,0.0,0.0,0.0,0.0,0.0,-469.01436071071686,523.0533690215199,217.26914324799262,0.0,0.0,0.0,52.98682741939736,0.0,0.0,0.0,0.0,0.0,0.0,-52.98682741939736,0.0,0.0,0.0,0.0,0.0,0.0,0.0,0.0,0.0,44.438284782822755,44.438284782822755,0.0,-1000.0,-1000.0,60.49329463714532,0.0,-366.4360465468682,0.0,46.62840660074335,0.0,0.0,0.0,0.0,0.0,0.0,0.0,0.0,0.0,0.0,0.0,0.0,0.0,0.0,0.0,0.0,0.0,-11.03892237904112,0.0,-663.5679044526782,275.5844310483835,0.0,0.0,0.0,0.0,0.0,375.4708866346641,-376.57477887256823,45.18010074877558,0.0,0.0,0.0,0.0,0.0,0.0,0.0,1000.0,26.49341370969868,26.49341370969868,0.0,0.0,0.0,0.0,0.0,0.09714251693571896,262.3377241935342,0.0,0.0,-46.62840660074335,673.6993232846747,0.0,0.0,0.0,0.0,0.0,0.0,0.0,0.0,0.0,0.0,0.0,0.0,0.0,0.0,0.0,0.0,16.138845865612872,0.0,92.72694798394538,0.0,0.0,6.799976185489323,0.0,0.0,0.0,262.3377241935342,0.0,-927.1408616010451,0.0,0.0,0.0,-11.03892237904112,0.0,0.0,0.0,0.0,0.0,0.0,0.0,0.0,0.0,0.0,0.0,0.0,0.0,0.0,0.0,0.0,0.0,0.0,-0.08831137903232891,0.0,0.0,4.415568951616446,-729.1464855644437,0.0,0.0,0.0,0.0,0.0,0.0,0.0,0.0,7.603609734683676,2.207784475808223,0.0,0.0,0.0,0.08831137903232891,0.0,88.31137903232892,-11.237681634409094,17.662275806465782,0.6307955645166351,278.66643923142345,-0.06623353427424669,332.8878444642433,1.7662275806465784,-0.44155689516092167,-278.66643923142345,26.493413709698675,-0.08831137903232891,0.0,132.33772419353423,0.022077844758082228,0.6307955645166351,0.0,-14.059171541946853,42.67205720217618,-186.1428658820958,-0.08831137903232891,0.022077844758082228,-278.66643923142345,8.831137903232891,0.08831137903232891,0.08831137903232891,-262.15227029756613,0.09714251693558643,-229.21718062015242,-0.06623353427424669,26.49341370969868,0.0883113790323289,366.4360465468682,295.786943321005,-0.044155689516164456,-311.8279393298839,-23.73526319090284,-0.06623353427424669,-0.08831137903232891,-11.237681634409094,0.08831137903232891,8.831137903232891,-1.7662275806465784,14.815813908637622,14.815813908637622,-8.831137903232891,186.1428658820958,-14.815813908637622,17.662275806465782,0.13246706854849338,-298.24719474357744,8.831137903232891,-157.36969586356867,132.33772419353423,-17.662275806465782,0.044155689516164456,0.8831137903232893,177.80201138636227,280.0,-0.08831137903232891,-282.20778447580807,262.15227029756613,27.376527500021968,0.08831137903232891,14.059171541946853,-313.57856348242973,132.33772419353423,-0.08831137903232891,-0.022077844758082228,-132.33772419353423,-0.08831137903232891,-91.16886209676711,0.08831137903232891,-0.022077844758082228,-0.022077844758082228,-0.022077844758082228,35.324551612931565,-295.786943321005,0.8831137903232893,316.33903961169847,-0.022077844758082228,355.60402277272453,4.415568951616446,50.0,0.08831137903232891,0.044155689516164456,0.044155689516164456,75.0,11.237681634409094,0.08831137903232891,-11.237681634409094,0.8831137903232893,0.08831137903232891,-818.161732953942,0.08831137903232891,0.3532455161285952,0.44155689516092167,0.044155689516164456,0.022077844758082228,26.49341370969868,-0.08831137903232891,229.21718062015242,-21.33602860108809,-632.6780792233969,330.68005998843495,-8.831137903232891,17.662275806465782,4.415568951616446,-0.08831137903232891,0.0,0.13246706854849338,-0.08831137903232891,-150.0,11.237681634409094,96.66299659706002,0.044155689516164456,-100.0,-0.0883113790323289,-0.08831137903232891,-0.08831137903232891,0.044155689516164456,278.66643923142345,-17.662275806465782,0.08831137903232891,355.60402277272453,-0.022077844758082228,-0.09714251693558643,-355.60402277272453,13.246706854849338,23.73526319090284,2.8809051171928135,278.66643923142345,-0.06623353427424669,282.20778447580807,-280.0,0.08831137903232891,-0.022077844758082235,4.41556895161645,88.31137903232892,-0.044155689516164456,-0.08831137903232891,0.022077844758082228,0.0,0.0,-1.7969609459387264,501.8226933422435,-255.0,0.0,345.8813109973271,-140.0,0.0,-80.0,-255.0,-325.0,-300.0,40.0,127.5,127.5,0.0,70.0,-262.3377241935342,-246.1933884562249,300.0,325.0,-246.1933884562249,-345.8813109973271,325.31436828826196,0.0,1496.5981,hplb
95,0.0,0.0,0.0,0.0,0.0,0.0,0.0,0.0,-0.11860095903311003,0.0,0.0,0.0,0.0,0.0,0.0,0.0,893.1724361576283,0.0,0.0,-593.1724361576283,0.0,0.0,0.0,371.714230276168,0.0,150.27828836538262,0.0,0.0,0.0,-577.9204690025539,26.07320544373872,-26.07320544373872,137.37891880536793,0.0,0.0,0.0,0.0,961.5349585594064,0.0,-1000.0,-115.04701972171326,0.0,-535.3892663035591,-88.12305658581107,0.0,0.0,0.0,0.0,860.4584912263438,-720.5080094843138,0.0,842.2456466088637,0.0,0.130461054936749,0.0,0.0,0.0,23.720191806622008,0.0,0.0,24.908620432103266,0.0,0.0,-107.22481968449283,0.0,0.0,0.0,0.0,150.27828836538262,0.0,0.0,1.1860095903311005,0.0,0.0,0.0,0.0,0.0,0.0,0.0,0.0,0.0,0.0,0.0,0.0,71.16057541986603,0.0,0.0,0.0,-253.17824952285278,49.26680170877955,-0.029650239758277512,0.0,0.0,1000.0,35.58028770993302,0.0,35.58028770993302,-29.892156324604628,0.0,0.0,0.0,5.930047951655502,-577.9204690025539,0.0,0.0,0.0,0.0,0.0,0.0,0.0,0.0,0.0,0.0,0.0,0.0,0.0,0.0,0.0,0.0,0.0,0.0,0.0,0.0,0.0,-557.4861422004419,0.0,0.0,35.58028770993302,0.0,36.766297300264114,0.0,0.0,-346.6307843686453,0.0,346.6307843686453,-346.6307843686453,-1000.0,1000.0,-1000.0,867.8665598834039,0.0,0.0,0.0,0.0,0.0,9.132273845549472,0.11860095903311003,0.0,0.0,0.0,939.3794411886861,-939.3794411886861,0.0,0.0,12.232804915580495,0.0,425.47775567256554,0.0,0.0,0.0,0.0,0.0,146.4159218010558,146.4159218010558,0.0,0.0,0.0,0.0,0.0,0.0,0.0,172.6077282038276,0.0,0.0,0.0,-928.9233605580326,-974.9631583020374,0.0,0.0,0.0,0.0,0.0,0.0,0.0,0.0,0.0,-1000.0,0.0,0.0,0.0,0.0,-718.5852180912033,0.0,0.0,0.0,0.0,0.0,720.5080094843138,-306.8563803053046,253.17824952285278,-253.17824952285278,132.1334401165961,0.0,0.0,0.0,0.0,0.0,0.0,0.0,1000.0,0.0,0.0,0.0,0.0,0.0,0.0,0.0,0.0,0.0,0.0,0.0,0.0,0.0,0.0,1.8763876111710178,-868.8540780761138,0.0,0.0,0.0,0.0,-132.1334401165961,0.0,0.0,0.0,0.0,24.908620432103266,-780.7310214903027,26.07320544373872,0.0,0.0,0.0,0.0,0.0,0.0,0.0,0.0,0.0,0.0,0.0,942.2613364278583,-99.48442892140628,806.7803604438919,0.0,868.8540780761138,0.0,0.0,132.1334401165961,144.69317002039426,0.0,0.0,0.0,299.91099047478156,0.0,0.0,496.1548824460168,875.0000000000077,0.0,621.1548824460092,-1000.0,124.99999999999227,0.0,0.0,-358.2070312522558,720.5080094843138,0.0,330.896675702377,0.0,0.0,0.0,0.0,0.0,0.0,0.0,1000.0,0.0,0.0,0.0,0.0,0.0,0.0,24.908620432103266,-0.17790143854966506,0.0,0.0,0.0,0.0,0.11860095903311003,0.0,0.0,0.0,683.0049303812702,893.1724361576283,0.0,-618.5929497932132,588.6787890463717,974.9631583020374,-205.74654020515823,0.0,-661.0686819447462,0.0,0.0,0.0,0.0,0.0,908.5468004895686,-1000.0,752.5218814551777,-1000.0,-1000.0,0.0,0.0,0.0,0.0,0.0,0.0,0.0,0.0,0.0,0.0,0.0,0.0,0.0,0.0,0.0,0.0,0.0,-37.99063760446097,0.0,-1000.0,0.0,0.0,0.0,0.0,0.0,0.0,16.940931598189245,0.0,0.0,0.0,0.0,0.0,348.37003993444876,0.0,858.2054321303748,-91.93899453626706,501.3516717001686,-339.9103485888934,0.0,-1000.0,-830.97641585558,0.0,-864.1354800820303,544.8595317832923,88.97397056043931,-5.930047951655502,0.0,0.0,0.0,0.0,-191.07921523933112,35.58028770993302,-687.5000000000041,687.5000000000041,0.0,0.0,0.0,0.0,0.0,0.0,0.0,0.0,231.279808193378,0.0,0.0,-827.6294737142387,0.0,0.0,0.0,0.0,0.0,-82.31619925238957,0.0,0.0,126.27980819337799,0.0,0.0,0.0,0.0,-33.703900098762,0.2372019180662619,0.0,0.0,0.0,0.0,0.0,0.0,0.0,0.0,0.0,0.0,0.0,0.0,0.0,0.0,0.0,0.0,0.0,0.0,0.0,0.130461054936749,0.130461054936749,26.07320544373872,254.62492857640996,0.0,71.16057541986603,0.0,0.0,0.0,839.8658065578375,0.0,56.299029044455885,0.0,0.0,0.0,739.5234426115021,-839.8658065578375,0.0,0.0,0.0,0.0,0.0,126.27980819337799,0.0,0.0,0.0,0.0,0.0,0.0,0.0,185.82871406681397,-683.0049303812702,0.0,0.0,9.132273845549472,0.0,1000.0,0.0,0.0,0.0,739.5234426115021,0.0,-70.41594516757517,776.2354876803153,0.0,0.0,0.0,0.0,0.0,0.0,0.0,0.0,0.0,0.0,0.0,0.0,0.0,0.0,0.0,0.0,71.16057541986603,132.13344011659615,132.1334401165961,0.0,0.0,0.0,0.0,0.0,0.0,0.0,0.0,0.0,0.0,1.1860095903311005,0.0,26.07320544373872,0.0,0.0,26.07320544373872,-306.8563803053046,0.0,0.0,35.58028770993302,0.0,0.0,0.0,0.0,0.0,0.0,0.0,0.0,0.0,0.0,1000.0,62.14433061493258,0.0,35.58028770993302,35.58028770993302,-713.5873462604899,-839.8658065578375,0.0,126.27980819337799,0.0,0.0,0.0,0.0,0.0,577.9204690025539,0.0,1000.0,0.11860095903311003,0.0,0.0,0.0,156.6295093973694,0.0,0.0,-1000.0,0.0,0.0,0.0,0.0,0.0,0.0,0.0,0.0,0.0,0.0,0.0,0.0,0.0,0.0,0.11860095903311003,0.0,0.0,0.0,0.0,0.0,0.0,0.0,0.0,0.0,0.0,29.892156324604628,-12.232804915580495,-12.951224726415383,-962.009362395539,-8.895071927483254,0.0,-5.930047951655502,0.0,0.0,0.0,0.0,0.0,0.0,0.0,0.0,0.0,0.0,0.0,132.13344011659615,974.9631583020374,0.0,0.0,-185.14916728767562,0.0,0.0,0.0,-0.11860095903311003,0.0,0.0,0.11860095903311003,0.0,0.11860095903311003,0.0,150.27828836538262,0.0,71.16057541986603,144.69317002039426,144.69317002039426,0.0,0.0,0.0,0.0,0.0,0.0,0.0,0.0,0.0,0.0,0.0,0.0,445.4220964383218,473.3362466239978,0.0,0.0,0.0,0.0,0.0,0.0,0.0,0.0,0.0,0.0,0.0,0.0,0.0,0.0,0.0,0.0,0.0,0.17790143854966506,0.0,0.0,0.0,-35.58028770993302,0.0,0.0,0.0,0.0,0.0,-254.62492857640996,5.930047951655502,0.0,0.0,0.0,0.0,0.0,-29.892156324604628,-5.930047951655502,0.0,0.0,0.0,0.0,0.0,0.0,0.0,132.13344011659615,0.0,0.0,0.0,254.62492857640996,0.0,301.2377736186489,0.0,0.0,-12.951224726415383,12.951224726415383,0.0,12.232804915580495,0.0,0.0,5.930047951655502,539.0455126219135,0.0,0.0,-26.07320544373872,-82.31619925238957,-687.4999999999972,687.4999999999972,1000.0,-1000.0,0.0,0.0,0.0,0.0,0.0,982.2098561450337,0.0,144.69317002039426,0.0,-687.5,-687.5,713.5732054437387,0.0,0.0,0.0,0.0,0.0,0.0,0.0,0.0,281.31014435885965,-156.6295093973694,0.0,-535.3892663035591,35.58028770993302,0.0,0.0,0.0,0.0,135.88515948368627,0.0,0.0,0.130461054936749,0.0,0.0,0.0,72.34658501019713,0.0,0.0,0.0,0.0,1.8763876111710178,0.0,0.0,0.0,0.0,0.0,0.0,0.0,0.0,-1000.0,0.0,0.011860095903311003,0.011860095903311003,0.0,0.0,0.0,0.0,0.0,0.0,0.0,0.0,0.0,0.0,26.07320544373872,0.0,0.0,0.0,0.0,254.62492857640996,0.0,0.0,0.0,0.0,0.0,0.0,0.0,720.5080094843138,0.0,0.0,0.0,0.0,388.56751582641186,1000.0,0.0,0.0,0.0,0.0,71.16057541986603,0.0,0.0,0.0,0.0,0.0,928.8394245801339,-1000.0,0.0,0.0,0.0,0.0,0.0,0.0,0.0,0.0,0.0,26.07320544373872,26.07320544373872,0.0,-1000.0,-1000.0,1000.0,-35.58028770993302,0.0,0.0,961.5349585594064,0.0,0.0,0.0,0.0,0.0,0.0,0.0,0.0,0.0,0.0,0.0,0.0,0.0,0.0,0.0,0.0,0.0,-14.825119879138757,132.1334401165961,-8.895071927483254,909.8632711348364,0.0,0.0,0.0,0.0,0.0,-1.4825119879138757,0.0,94.54900416797005,0.0,0.0,0.0,0.0,0.0,0.0,0.0,1000.0,35.58028770993302,35.58028770993302,0.0,0.0,0.0,0.0,0.0,0.130461054936749,254.62492857640996,0.0,0.0,-961.5349585594064,0.0,0.0,0.0,0.0,0.0,0.0,0.0,0.0,0.0,0.0,0.0,0.0,0.0,0.0,0.0,0.0,0.0,0.0,0.0,124.53100698476555,9.132273845549472,0.0,0.0,0.0,0.0,0.0,254.62492857640996,0.0,0.0,0.0,0.0,0.0,-14.825119879138757,0.0,0.0,0.0,0.0,0.0,0.0,0.0,0.0,0.0,0.0,0.0,0.0,0.0,0.0,0.0,0.0,0.0,0.0,-0.11860095903311003,0.0,0.0,5.930047951655502,-739.5234426115021,0.0,0.0,0.0,0.0,132.1334401165961,0.0,0.0,0.0,-908.5468004895686,2.965023975827751,0.0,0.0,150.27828836538262,0.11860095903311003,0.0,118.60095903311003,-36.766297300264114,23.72019180662201,0.8471497073793575,330.896675702377,-0.08895071927483253,5.930047951655524,2.372019180662201,-0.5930047951657476,-330.896675702377,35.58028770993302,-0.11860095903311005,0.0,126.27980819337799,0.029650239758277512,0.8471497073793575,0.0,-18.881272678070886,23.701186263076544,-300.0,-0.11860095903311005,0.029650239758277512,-330.896675702377,11.860095903311004,0.11860095903311005,0.11860095903311003,-254.3758665624401,0.13046105493642104,-171.0828189041299,-0.08895071927483253,35.58028770993302,0.11860095903311005,35.58028770993302,-59.30047951655503,-0.059300479516555024,-254.39493676843563,120.15474325425198,-0.08895071927483253,-0.11860095903311005,-36.766297300264114,0.11860095903311003,11.860095903311048,-2.372019180662201,0.0,0.0,-11.860095903311004,300.0,0.0,23.720191806622008,0.17790143854966506,-1000.0,11.860095903311004,-185.82871406681397,126.27980819337799,-23.720191806622008,0.059300479516555024,1.1860095903311005,154.6482374483033,278.34512038303194,-0.11860095903311003,-281.31014435885965,254.3758665624401,36.766297300264114,0.11860095903311005,18.881272678070886,-16.041342646354224,126.27980819337799,-0.11860095903311003,-0.029650239758277512,-126.27980819337799,-0.11860095903311005,-33.703900098762,0.11860095903299636,-0.029650239758277512,-0.029650239758277512,-0.029650239758277512,47.440383613244016,59.30047951655503,1.1860095903311005,87.86848552365521,-0.029650239758277512,309.2964748966066,5.930047951655502,22.781998001036502,0.11860095903311003,0.059300479516555024,0.059300479516555024,75.0,36.766297300264114,0.11860095903311003,-36.766297300264114,1.1860095903311005,0.11860095903311005,-87.86848552365521,0.11860095903311005,0.47440383613262327,0.5930047951657476,0.059300479516555024,0.029650239758277512,35.58028770993302,-0.11860095903311005,171.0828189041299,-11.850593131538272,-175.73697104731042,2.96502397582773,-11.860095903311048,23.720191806622008,5.930047951655502,-0.11860095903311005,0.0,0.17790143854966506,-0.11860095903311005,-150.0,36.766297300264114,50.05511278811349,0.059300479516555024,-45.563996002073004,-0.11860095903311005,-0.11860095903299636,-0.11860095903311005,0.059300479516555024,330.896675702377,-23.720191806622008,0.11860095903311003,309.2964748966066,-0.029650239758277512,-0.13046105493642104,-309.2964748966066,17.790143854966505,-120.15474325425198,385.3919028741652,330.896675702377,-0.08895071927483253,281.31014435885965,-278.34512038303194,0.11860095903311005,-0.029650239758277505,5.930047951655502,118.60095903311003,-0.059300479516555024,-0.11860095903311005,0.029650239758277512,0.0,0.0,950.6738978117039,0.0,-255.0,0.0,462.69112945694974,-140.0,0.0,-80.0,-255.0,-324.95796542527086,-49.26680170877955,40.0,127.5,127.5,0.0,70.0,-254.62492857640996,-185.94027227179976,49.26680170877955,324.95796542527086,-185.94027227179976,-462.69112945694974,233.43618809999646,0.0,1496.5981,hplb
96,0.0,0.0,0.0,0.0,0.0,0.0,0.0,0.0,-0.12947637829901062,0.0,0.0,0.0,0.0,0.0,0.0,0.0,-572.9707311446755,-331.8978058254244,0.0,1000.0,0.0,0.0,0.0,891.628271363728,0.0,536.0774575735405,0.0,0.0,0.0,-397.65391760140085,0.0,0.0,366.24329637978985,0.0,0.0,0.0,0.0,431.59799889346095,0.0,-1000.0,845.220135423732,0.0,0.0,1000.0,0.0,0.0,7.463690044052599,0.0,-29.375351253923327,0.0,0.0,0.0,0.0,0.14242401612880976,0.0,0.0,0.0,0.0,0.0,0.0,-13.756094321917907,0.0,0.0,-13.756094321917907,0.0,0.0,0.0,0.0,881.0995764408923,-881.0995764408923,0.0,1.2947637829901066,0.0,0.0,0.0,0.0,0.0,0.0,0.0,0.0,0.0,0.0,0.0,0.0,77.68582697940639,0.0,0.0,203.86029610546348,0.0,227.52514321254458,68.47077600514844,0.0,0.0,237.60020507013425,38.84291348970319,0.0,38.84291348970319,-450.71390425486624,0.0,0.0,14.979118732350106,698.082950392942,-964.5650918037827,0.0,0.0,-41.89781928564403,0.0,1000.0,0.0,0.0,0.0,0.0,0.0,0.0,0.0,0.0,0.0,0.0,0.0,0.0,0.0,0.0,0.0,0.0,-1000.0,0.0,0.0,38.84291348970319,0.0,40.1376772726933,0.4925742612384738,0.0,-1000.0,1000.0,0.0,0.0,0.0,0.0,0.0,0.0,0.0,0.0,0.0,0.0,0.0,9.969681129023813,0.12947637829901062,68.50314509972318,0.0,0.0,0.0,-464.0786139105155,0.0,0.0,43.78532812095702,0.0,466.1612506878802,0.0,0.0,0.0,0.0,0.0,-7.3342136657535875,-7.3342136657535875,0.0,0.0,0.0,0.0,0.0,0.0,0.0,-7.204737287454577,0.0,0.0,0.0,754.7991388171656,-151.60058223493365,0.0,0.0,0.0,0.0,0.0,0.0,0.0,0.0,0.0,-19.421456744851596,0.0,0.0,0.0,0.0,-1000.0,0.0,0.0,0.0,0.0,0.0,0.0,0.0,72.47485678745542,-72.47485678745542,0.0,0.0,0.0,0.0,0.0,0.0,0.0,566.9111742023819,0.0,0.0,0.0,0.0,0.0,0.0,0.0,0.0,0.0,0.0,0.0,0.0,0.0,0.0,4.502126574858398,514.3666415828785,1000.0,0.0,0.0,0.0,0.0,8.495480729936373,0.0,0.0,0.0,0.0,-13.756094321917907,0.0,0.0,0.0,0.0,0.0,0.0,0.0,0.0,0.0,0.0,25.895275659802127,0.0,0.0,-345.63980249957945,-418.1146592870349,246.95980163899557,0.0,-1000.0,0.0,0.0,0.0,157.961181524793,0.0,0.0,0.0,-292.3859508662524,0.0,0.0,-989.7669649632007,-114.76696496318618,0.0,0.0,-875.0000000000142,989.7669649632004,72.47485678745542,0.0,566.0921061104907,0.0,0.0,353.7287632467801,0.0,0.0,0.0,520.6231884661728,0.0,-520.6231884661728,0.0,0.0,0.0,0.0,0.0,0.0,0.0,0.0,-13.756094321917907,-0.19421456744851595,0.0,0.0,0.0,0.0,0.12947637829901062,0.0,0.0,0.0,952.6616057803604,-572.9707311446755,0.0,-816.5395034859927,817.1585862126122,151.60058223493365,762.664696365891,0.0,-933.4125640079452,0.0,-41.89781928564403,0.0,0.0,0.0,900.160764693633,118.90042355910771,-85.64862424479556,0.0,-683.2842583064984,0.0,0.0,0.0,0.0,0.0,0.0,0.0,0.0,0.0,0.0,0.0,0.0,0.0,0.0,0.0,0.0,0.0,165.69921472704698,0.0,-255.82575395087787,14.979118732350106,0.0,446.54476487363763,0.0,0.0,0.0,-9.969681129023813,0.0,0.0,0.0,0.0,691.6091314779916,-1000.0,859.5670027861249,-352.2783846539463,-920.6622324247726,0.0,0.0,779.6653994974298,-1000.0,0.0,-859.5670027861249,0.0,1000.0,917.4253229672973,-786.1392184123804,-11.588060752721958,0.0,110.55394397343775,383.08729314208153,879.9359366635749,38.84291348970319,0.0,0.0,0.0,0.0,0.0,0.0,0.0,-4.502126574858398,4.502126574858398,4.502126574858398,0.0,0.0,0.0,0.0,0.0,0.0,566.9111742023819,0.0,0.0,-27.512188643835813,0.0,-687.5000000000007,121.39835254754428,0.0,0.0,0.0,0.0,11.445114182659871,0.2589527565980916,0.0,0.0,0.0,0.0,0.0,0.0,0.0,0.0,0.0,0.0,0.0,0.0,0.0,0.0,0.0,0.0,0.0,0.0,0.0,0.14242401612880976,0.14242401612880976,0.0,258.60685091505627,0.0,77.68582697940639,0.0,0.0,0.0,333.44341638759613,0.0,35.97114972228428,0.0,0.0,0.0,533.298588534192,-333.44341638759613,0.0,0.0,0.0,0.0,0.0,121.39835254754428,0.0,0.0,0.0,0.0,0.0,0.0,0.0,333.3333333333333,-952.6616057803604,464.0786139105155,0.0,9.969681129023813,0.0,-401.8852130018844,639.4854180720188,630.9899373420823,0.0,487.40453370968623,0.0,-311.59901448317606,856.3427172000279,0.0,0.0,4.502126574858398,0.0,0.0,0.0,0.0,0.0,0.0,0.0,0.0,0.0,0.0,0.0,0.0,0.0,77.68582697940639,0.0,0.0,0.0,0.0,0.0,0.0,0.0,0.0,0.0,0.0,0.0,0.0,1.2947637829901066,0.0,0.0,0.0,0.0,0.0,0.0,0.0,0.0,38.84291348970319,0.0,0.0,0.0,0.0,0.0,0.0,0.0,0.0,0.0,0.0,1000.0,887.0971281823921,0.0,38.84291348970319,38.84291348970319,746.998790963337,-333.44341638759613,0.0,121.39835254754428,0.0,0.0,0.0,0.0,0.0,262.31583287865965,566.9111742023819,0.0,0.12947637829901062,0.0,0.0,0.0,169.02175712436102,271.0025436258419,0.0,-237.60020507013425,0.0,0.0,0.0,0.0,0.0,0.0,3.5303119095773683,0.0,0.0,0.0,0.0,0.0,0.0,0.0,0.12947637829901062,0.0,0.0,0.0,292.08119405886885,-292.08119405886885,0.0,0.0,0.0,0.0,0.0,436.57508374461383,-28.806209388606913,0.0,-421.52496867792485,-9.710728372425798,0.0,-6.473818914950537,0.0,0.0,0.0,0.0,0.0,0.0,0.0,0.0,0.0,0.0,0.0,0.0,151.60058223493365,0.0,0.0,996.9636995519633,0.0,0.0,0.0,-0.12947637829901062,0.0,0.0,0.12947637829901062,0.0,0.12947637829901062,10.590935728732106,0.0,0.0,77.68582697940639,157.961181524793,157.961181524793,0.0,0.0,0.0,0.0,0.0,0.0,0.0,464.0786139105155,0.0,566.9111742023819,0.0,0.0,911.3086808651777,0.0,0.0,0.0,0.0,0.0,0.0,0.0,0.0,0.0,0.0,0.0,0.0,0.0,0.0,8.495480729936373,0.0,-525.4865218448084,525.4865218448084,0.19421456744851595,0.0,0.0,0.0,-38.84291348970319,0.0,0.0,0.0,0.0,0.0,-258.60685091505627,6.473818914950532,0.0,0.0,0.0,0.0,0.0,9.969681129023813,-6.473818914950537,0.0,-687.5000000000007,0.0,0.0,0.0,0.0,0.0,0.0,0.0,0.0,0.0,254.10472434019786,0.0,763.1833382507134,229.10472434019786,0.0,0.0,0.0,0.0,43.78532812095702,0.0,0.0,6.473818914950537,1000.0,0.0,507.73835232898773,0.0,-27.512188643835813,0.0,0.0,-312.5000000000003,312.5000000000003,0.0,0.0,0.0,0.0,0.0,0.0,0.0,157.961181524793,0.0,0.0,0.0,0.0,0.0,0.0,0.0,0.0,0.0,0.0,0.0,0.0,287.7390360323337,-169.02175712436102,-694.3259494123886,0.0,38.84291348970319,0.0,0.0,0.0,0.0,195.82654397281726,0.0,0.0,0.14242401612880976,0.0,0.0,0.0,78.9805907623965,0.0,0.0,0.0,0.0,514.3666415828785,0.0,0.0,0.0,0.0,0.0,0.0,0.0,0.0,-1000.0,0.0,0.012947637829901064,0.012947637829901064,0.0,0.0,0.0,0.0,0.0,10.590935728732106,0.0,0.0,0.0,0.0,0.0,0.0,0.0,0.0,0.0,258.60685091505627,0.0,0.0,0.0,0.0,0.0,0.0,0.0,0.0,0.0,0.0,0.0,0.0,-609.224707432784,1000.0,-331.8978058254244,0.0,0.0,0.0,77.68582697940639,0.0,0.0,0.0,0.0,0.0,0.0,-77.68582697940639,0.0,0.0,0.0,0.0,0.0,0.0,0.0,0.0,0.0,0.0,0.0,0.0,316.7157416935016,-702.2492589251231,1000.0,-38.84291348970319,0.0,0.0,421.00706316472883,0.0,0.0,0.0,0.0,0.0,0.0,0.0,0.0,0.0,0.0,0.0,0.0,0.0,0.0,0.0,0.0,0.0,-16.184547287376336,0.0,-701.3198598504174,901.5979524927519,0.0,0.0,0.0,0.0,0.0,-188.22421106519948,186.60575633646184,71.29751676479283,0.0,0.0,0.0,0.0,0.0,0.0,0.0,1000.0,38.84291348970319,38.84291348970319,0.0,0.0,0.0,0.0,0.0,0.14242401612880976,258.60685091505627,0.0,0.0,-431.59799889346095,0.0,0.0,0.0,0.0,0.0,0.0,0.0,0.0,0.0,0.0,0.0,0.0,0.0,0.0,0.0,0.0,0.0,0.4925742612384738,0.0,135.9501972139612,9.969681129023813,0.0,0.0,0.0,0.0,0.0,258.60685091505627,0.0,-14.13882051025241,0.0,0.0,0.0,-16.184547287376336,0.0,0.0,0.0,0.0,0.0,0.0,0.0,0.0,0.0,0.0,0.0,0.0,0.0,0.0,0.0,0.0,0.0,0.0,-0.12947637829901062,0.0,0.0,6.473818914950532,-533.298588534192,0.0,0.0,0.0,0.0,0.0,0.0,0.0,0.0,-900.160764693633,3.2369094574752353,0.0,0.0,536.0774575735405,0.12947637829901062,0.0,129.47637829901063,-39.64510301145484,25.895275659802127,0.9248312735643617,362.22424397671665,-0.09710728372425798,352.2783846539463,2.589527565980213,9.943553837237097,-362.22424397671665,38.84291348970319,-0.12947637829901065,13.965939761881344,121.39835254754428,0.03236909457475266,0.9248312735643617,-41.89781928564403,-20.612639425202946,-2.589527565980213,-95.13146302990003,-0.12947637829901065,0.03236909457475266,-362.22424397671665,12.947637829901064,0.12947637829901065,0.12947637829901062,-258.33495052062847,0.14242401612891173,0.0,-0.09710728372425798,38.84291348970319,0.12947637829901065,38.84291348970319,-64.73818914950532,-0.06473818914950533,-382.36561211659216,-21.572594938136433,-0.09710728372425798,-0.12947637829901065,-39.64510301145484,0.12947637829901062,12.947637829901064,-2.589527565980213,8.495480729936373,8.495480729936373,-12.947637829901064,95.13146302990003,-8.495480729936373,25.895275659802127,0.19421456744851595,-938.4179558090584,12.947637829901064,-333.3333333333333,121.39835254754428,-25.895275659802127,0.06473818914950533,1.2947637829901066,204.13487587149817,280.0,-0.12947637829901062,-287.7390360323337,258.33495052062847,40.1376772726933,0.12947637829901065,20.612639425202946,-33.973301411268494,121.39835254754428,-0.12947637829901062,-0.03236909457475266,-121.39835254754428,-0.12947637829901065,11.445114182659871,0.1294763782986696,-0.03236909457475266,-0.03236909457475266,-0.03236909457475266,51.790551319604255,64.73818914950532,1.2947637829901066,95.9258117722795,-0.03236909457475266,394.303811981115,6.473818914950532,0.7512618236205961,0.12947637829901062,0.06473818914950533,0.06473818914950533,73.64681410367321,39.64510301145484,0.12947637829901062,-39.64510301145484,1.2947637829901066,0.12947637829901065,-95.9258117722795,0.12947637829901065,0.5179055131959984,-9.943553837237097,0.06473818914950533,0.03236909457475266,38.84291348970319,-0.12947637829901065,0.0,1.2947637829901064,-191.851623544559,349.041475196471,-12.947637829901064,25.895275659802127,6.473818914950532,-0.12947637829901065,41.89781928564403,0.19421456744851595,-0.12947637829901065,-147.29362820734642,39.64510301145484,179.40923066834972,0.06473818914950533,-1.5025236472411905,-0.12947637829901065,-0.1294763782986696,-0.12947637829901065,0.06473818914950533,362.22424397671665,-25.895275659802127,0.12947637829901062,408.26975174299633,-0.03236909457475266,-0.14242401612891173,-408.26975174299633,19.421456744851593,21.572594938136447,314.1646920559775,362.22424397671665,-0.09710728372425798,287.7390360323337,-280.0,0.12947637829901065,-0.03236909457475266,6.473818914950537,129.47637829901063,-0.06473818914950533,-0.12947637829901065,0.03236909457475266,0.0,0.0,638.353217619909,0.0,-255.0,0.0,387.28072164650087,-140.0,0.0,-80.0,-255.0,-325.0,-300.0,40.0,127.5,127.5,0.0,70.0,-258.60685091505627,-375.235774641167,300.0,325.0,-375.235774641167,-387.28072164650087,204.15319261393415,0.0,1496.5981,hplb
97,0.0,0.0,0.0,0.0,0.0,0.0,0.0,0.0,629.6413733533368,0.0,0.0,0.0,0.0,0.0,0.0,0.0,1000.0,-1.5949561968624266,0.0,-1000.0,0.0,0.0,0.0,156.9004282594223,0.0,0.0,0.0,0.0,0.0,-285.1802749726909,35.039871511205526,-35.039871511205526,93.22425590804077,0.0,0.0,0.0,0.0,-7.119494964900499,0.0,-1000.0,1000.0,0.0,0.0,841.1520364605068,0.0,0.0,0.0,0.0,-1000.0,0.0,0.0,555.9717614878159,0.0,0.1373932316384554,0.0,0.0,0.0,0.0,0.0,0.0,-23.23887269378747,0.0,-420.485864080336,-443.72473677412347,0.0,0.0,0.0,0.0,0.0,538.8404958128716,0.0,1.2490293785280453,0.0,0.0,0.0,0.0,0.0,0.0,0.0,0.0,0.0,0.0,0.0,0.0,74.94176271168271,0.0,0.0,96.8385557531663,-170.65102773760506,-71.81072272460787,-0.031225734463201125,0.0,0.0,484.6169792200544,37.47088135584136,0.0,37.47088135584136,0.0,0.0,0.0,0.0,220.03258073482655,-437.6530670651192,0.0,0.0,-44.01538916541188,0.0,0.0,0.0,0.0,0.0,0.0,0.0,0.0,0.0,0.0,0.0,0.0,0.0,0.0,0.0,0.0,0.0,0.0,-1000.0,0.0,0.0,37.47088135584136,0.0,38.7199107343694,12.067579361142464,0.0,0.0,0.0,0.0,0.0,0.0,0.0,0.0,0.0,0.0,0.0,0.0,0.0,0.0,9.617526214665947,0.1249029378528045,0.0,0.0,0.0,0.0,0.0,0.0,0.0,0.0,0.0,408.8583936266282,0.0,0.0,0.0,0.0,0.0,960.0965771839446,960.0965771839446,0.0,0.0,0.0,0.0,-439.2333651027724,0.0,0.0,995.261351633003,0.0,0.0,0.0,0.0,-778.1978171249386,0.0,0.0,0.0,0.0,0.0,0.0,0.0,0.0,0.0,0.0,0.0,0.0,0.0,0.0,-1000.0,0.0,0.0,0.0,0.0,0.0,0.0,-555.9717614878159,542.4617504622129,-542.4617504622129,0.0,0.0,0.0,0.0,0.0,0.0,0.0,152.4727920924283,838.124698123026,0.0,0.0,0.0,0.0,0.0,0.0,0.0,0.0,0.0,0.0,0.0,0.0,0.0,0.0,-50.0388248588782,841.1520364605068,0.0,0.0,0.0,0.0,157.38480327686673,0.0,0.0,0.0,0.0,-23.23887269378747,0.0,35.039871511205526,0.0,0.0,0.0,0.0,0.0,0.0,0.0,76.75673206558272,24.9805875705609,0.0,0.0,928.001922868613,214.88914466879498,-916.6714552724367,0.0,-841.1520364605068,0.0,0.0,0.0,0.0,0.0,0.0,0.0,-93.68603132416966,0.0,0.0,0.0,624.9999999999867,966.0760280253835,-966.0760280253844,341.0760280253968,0.0,371.8107227246079,0.0,1000.0,0.0,0.0,215.22955205474284,0.0,0.0,0.0,-598.122410347368,0.0,598.122410347368,0.0,1000.0,0.0,0.0,1000.0,0.0,0.0,0.0,-23.23887269378747,-0.18735440677920673,0.0,0.0,0.0,0.0,0.1249029378528045,0.0,0.0,0.0,728.3875833017092,1000.0,0.0,-583.7536497626782,-328.27359523139467,778.1978171249386,954.4996977269473,0.0,-526.704162165435,0.0,-44.01538916541188,0.0,0.0,0.0,903.687344621702,0.0,-376.98318245626695,-5.16453411036216,-1000.0,0.0,0.0,0.0,0.0,0.0,0.0,0.0,0.0,0.0,0.0,0.0,0.0,0.0,0.0,0.0,0.0,0.0,-1000.0,0.0,-990.8640312023408,0.0,0.0,37.6949859555172,57.71288746325749,0.0,0.0,-51.33438676904315,0.0,0.0,0.0,0.0,213.78743384218632,0.0,0.0,-141.99530754536212,0.0,0.0,0.0,-170.68596842649777,0.0,-705.6401109333632,0.0,0.0,-215.46133855039102,-3.1225734463201125,164.44082153385753,-518.9264602549797,0.0,0.0,1000.0,610.126378300977,37.47088135584136,0.0,0.0,0.0,810.5309357085195,0.0,629.7662762911896,0.0,0.0,0.0,0.0,-536.4961341136685,0.0,0.0,-4.988454242702621,0.0,0.0,152.4727920924283,0.0,0.0,-46.477745387574885,0.0,-562.5000000000214,82.97118362889412,0.0,0.0,0.0,0.0,-87.50970621471956,0.24980587570644275,0.0,0.0,0.0,0.0,0.0,0.0,0.0,0.0,0.0,0.0,0.0,0.0,0.0,0.0,0.0,0.0,0.0,0.0,0.0,0.1373932316384554,0.1373932316384554,35.039871511205526,166.2327709552433,0.0,74.94176271168271,0.0,0.0,0.0,1000.0,0.0,0.0,0.0,0.0,0.0,10.35863620571655,-1000.0,0.0,0.0,972.356232088346,0.0,0.0,82.97118362889412,0.0,0.0,0.0,0.0,0.0,0.0,0.0,333.3333333333333,-728.3875833017092,0.0,0.0,128.96219033013662,0.0,0.0,484.6169792200544,327.2321759431877,0.0,-0.5444013256852056,0.0,-77.151070009003,0.0,0.0,0.0,0.0,0.0,0.0,0.0,0.0,0.0,0.0,0.0,0.0,0.0,0.0,0.0,0.0,0.0,74.94176271168271,0.0,0.0,0.0,0.0,0.0,0.0,0.0,0.0,0.0,0.0,0.0,0.0,1.2490293785280453,0.0,35.039871511205526,0.0,0.0,35.039871511205526,-555.9717614878159,0.0,0.0,37.47088135584136,-972.356232088346,0.0,0.0,119.34466411547068,0.0,0.0,0.0,0.0,0.0,0.0,229.6609870021748,0.0,0.0,37.47088135584136,37.47088135584136,-700.4095359639394,-1000.0,0.0,82.97118362889412,0.0,0.0,0.0,0.0,0.0,-557.1823988245186,152.4727920924283,-611.8917872854475,0.1249029378528045,0.0,0.0,-131.35971632188853,248.04157158878317,0.0,0.0,-484.6169792200544,0.0,0.0,0.0,0.0,0.0,0.0,0.8386951947232121,0.0,0.0,0.0,0.0,0.0,0.0,0.0,0.1249029378528045,0.0,0.0,0.0,0.0,0.0,0.0,0.0,0.0,0.0,-13.639400813525953,0.0,0.0,0.0,9.135968797659194,-9.367720338960337,0.0,-6.245146892640225,0.0,0.0,0.0,0.0,0.0,0.0,0.0,0.0,0.0,0.0,0.0,0.0,778.1978171249386,0.0,0.0,616.3715251936172,0.0,0.0,0.0,629.6413733533368,0.0,0.0,0.1249029378528045,0.0,0.1249029378528045,2.516085584169636,538.8404958128716,0.0,74.94176271168271,152.38158418042153,152.38158418042153,0.0,0.0,0.0,0.0,0.0,0.0,0.0,0.0,0.0,152.4727920924283,0.0,0.0,0.0,914.4414875708289,0.0,0.0,0.0,0.0,0.0,0.0,0.0,0.0,0.0,0.0,0.0,0.0,0.0,157.38480327686673,0.0,-205.34264609857598,205.34264609857598,0.18735440677920673,0.0,0.0,0.0,-37.47088135584136,0.0,0.0,0.0,0.0,0.0,-166.2327709552433,6.245146892640225,0.0,0.0,0.0,0.0,439.2333651027724,37.6949859555172,-6.245146892640225,0.0,-562.5000000000214,0.0,0.0,0.0,0.0,0.0,0.0,0.0,972.356232088346,190.28723886540774,166.2327709552433,0.0,153.32802939068708,-44.01538916541188,0.0,0.0,0.0,0.0,0.0,-152.38158418042153,0.0,6.245146892640225,1000.0,0.0,0.0,-35.039871511205526,-46.477745387574885,-562.5000000000214,562.5000000000214,0.0,0.0,0.0,0.0,0.0,0.0,0.0,-18.73544067792068,0.0,152.38158418042153,0.0,-187.5,-187.5,222.53987151120552,0.0,0.0,0.0,0.0,0.0,76.75673206558272,0.0,0.0,194.3359319721243,-116.68185526689464,0.0,0.0,37.47088135584136,0.0,0.0,0.0,0.0,62.88328748771926,0.0,0.0,0.1373932316384554,0.0,0.0,0.0,76.19079209021076,0.0,0.0,0.0,0.0,-50.0388248588782,0.0,0.0,0.0,0.0,0.0,0.0,0.0,0.0,0.0,0.0,0.012490293785280451,0.012490293785280451,0.0,0.0,0.0,0.0,0.0,2.516085584169636,0.0,0.0,0.0,-131.35971632188853,35.039871511205526,0.0,0.0,0.0,0.0,166.2327709552433,0.0,0.0,0.0,0.0,0.0,0.0,0.0,0.0,0.0,0.0,0.0,0.0,61.328908677889785,382.6993298342943,-1.5949561968624266,0.0,0.0,0.0,74.94176271168271,0.0,0.0,0.0,0.0,0.0,0.0,-74.94176271168271,0.0,0.0,0.0,0.0,0.0,0.0,0.0,0.0,0.0,35.039871511205526,35.039871511205526,0.0,611.8917872854475,-1000.0,1000.0,0.0,-37.47088135584136,0.0,-9.635580549070134,0.0,0.0,0.0,0.0,0.0,0.0,0.0,0.0,0.0,0.0,0.0,0.0,0.0,0.0,0.0,0.0,0.0,-15.612867231600562,0.0,-223.15515418114666,905.0737672318685,0.0,0.0,0.0,0.0,0.0,0.0,-1.5612867231600565,46.477745387574885,0.0,0.0,0.0,0.0,0.0,0.0,0.0,1000.0,37.47088135584136,37.47088135584136,0.0,0.0,0.0,0.0,0.0,0.1373932316384554,166.2327709552433,0.0,0.0,7.119494964900499,0.0,0.0,0.0,0.0,0.0,0.0,0.0,0.0,0.0,0.0,0.0,0.0,0.0,0.0,373.34961374780863,0.0,0.0,12.067579361142464,0.0,131.14808474544475,9.617526214665947,0.0,0.0,0.0,0.0,0.0,166.2327709552433,0.0,0.0,0.0,0.0,0.0,-15.612867231600562,0.0,0.0,0.0,0.0,0.0,0.0,0.0,0.0,0.0,0.0,0.0,0.0,0.0,0.0,0.0,0.0,0.0,0.0,-0.1249029378528045,0.0,0.0,6.245146892640225,-10.35863620571655,0.0,0.0,0.0,0.0,0.0,0.0,0.0,0.0,-903.687344621702,3.1225734463201125,0.0,0.0,0.0,0.1249029378528045,0.0,124.9029378528045,-26.65233137322693,24.9805875705609,0.8921638418057464,372.61435533160954,-0.09367720338960336,141.99530754536212,2.49805875705609,1.8915708949058907,-372.61435533160954,37.47088135584135,-0.1249029378528045,14.671796388470627,82.97118362889412,0.031225734463201125,0.8921638418057464,-44.01538916541188,-19.884547706166178,32.541812754149426,1.5949561968624266,-0.1249029378528045,0.031225734463201125,-372.61435533160954,12.49029378528045,0.1249029378528045,0.1249029378528045,-165.97047478575203,0.13739323163808495,-92.70318379193657,-0.09367720338960336,37.47088135584136,0.1249029378528045,37.47088135584136,-62.451468926402256,-0.06245146892640225,-228.12443150386787,-170.0,-0.09367720338960336,-0.1249029378528045,-26.65233137322693,0.1249029378528045,12.49029378528045,-2.49805875705609,157.38480327686673,157.38480327686673,-12.49029378528045,-1.5949561968624266,-157.38480327686673,24.9805875705609,0.18735440677920673,-612.2068661856001,12.49029378528045,-333.3333333333333,82.97118362889412,-24.9805875705609,0.06245146892640225,1.2490293785280453,145.93841244066954,191.2133585258042,-0.1249029378528045,-194.3359319721243,165.97047478575203,38.7199107343694,0.1249029378528045,19.884547706166178,-66.9123417944713,82.97118362889412,-0.1249029378528045,-0.031225734463201125,-82.97118362889412,-0.1249029378528045,-87.50970621471956,0.124902937853714,-0.031225734463201125,-0.031225734463201125,-0.031225734463201125,49.9611751411218,62.451468926402256,1.2490293785280453,92.53746408169833,-0.031225734463201125,277.20502849286845,6.245146892640225,50.0,0.1249029378528045,0.06245146892640225,0.06245146892640225,53.97588559972751,26.65233137322693,0.1249029378528045,-26.65233137322693,1.2490293785280453,0.1249029378528045,-92.53746408169833,0.1249029378528045,0.4996117514109411,-1.8915708949058907,0.06245146892640225,0.031225734463201125,37.47088135584136,-0.1249029378528045,92.70318379193657,-16.270906377074713,-185.07492816339666,138.87273409904202,-12.49029378528045,24.9805875705609,6.245146892640225,-0.12490293785280451,44.01538916541188,0.18735440677920673,-0.1249029378528045,-107.95177119945502,26.65233137322693,282.4471508582879,0.06245146892640225,-100.0,-0.1249029378528045,-0.124902937853714,-0.1249029378528045,0.06245146892640225,372.61435533160954,-24.9805875705609,0.1249029378528045,291.8768248813391,-0.031225734463201125,-0.13739323163808495,-291.8768248813391,18.735440677920675,170.0,115.53378213374747,372.61435533160954,-0.09367720338960336,194.3359319721243,-191.2133585258042,0.1249029378528045,-0.03122573446320113,6.245146892640225,124.9029378528045,-0.06245146892640225,-0.1249029378528045,0.031225734463201125,0.0,0.0,312.14441471667374,0.0,-255.0,0.0,381.96433625513254,-140.0,0.0,-80.0,-255.0,-178.308616961248,-300.0,40.0,127.5,127.5,0.0,70.0,-166.2327709552433,-345.33043834600716,300.0,178.308616961248,-345.33043834600716,-381.96433625513254,218.1931921321617,0.0,1496.5981,hplb
98,0.0,0.0,0.0,0.0,0.0,0.0,0.0,0.0,-0.11449904771194655,0.0,0.0,0.0,0.0,0.0,0.0,0.0,-952.4889462124052,1000.0,0.0,252.48894621240515,0.0,0.0,0.0,0.0,0.0,0.0,0.0,0.0,0.0,853.5919853392893,0.0,0.0,250.95233780325157,0.0,0.0,0.0,0.0,-30.803114451785788,0.0,-1.3853193917257132,295.50328328227056,0.0,0.0,-334.45074384162007,0.0,0.0,0.0,0.0,879.88563108677,0.0,0.0,0.0,0.0,0.1259489524831281,0.0,0.0,0.0,22.89980954238931,0.0,0.0,-107.97583894819212,0.0,386.537495708277,246.3101130725833,0.0,0.0,0.0,0.0,0.0,0.0,0.0,1.1449904771194654,0.0,0.0,0.0,0.0,0.0,0.0,0.0,0.0,0.0,0.0,0.0,0.0,68.69942862716793,0.0,108.64280404219402,-339.06754679117523,0.0,914.8135794148891,0.0,0.0,0.0,-796.0746271750868,34.349714313583966,0.0,34.349714313583966,0.0,0.0,0.0,0.0,5.724952385597327,179.51966781498675,0.0,0.0,0.0,0.0,376.0952893698634,0.0,0.0,0.0,0.0,0.0,0.0,0.0,0.0,0.0,0.0,0.0,0.0,0.0,0.0,0.0,0.0,-461.80146588440334,0.0,0.0,34.349714313583966,0.0,35.49470479070342,0.0,0.0,-300.3914512382215,0.0,300.3914512382215,-300.3914512382215,-689.4983374439822,0.0,0.0,657.2467937564807,0.0,0.0,0.0,0.0,0.0,117.45923071601393,0.11449904771194655,0.028624761927986637,0.0,0.0,-0.20233470226389597,0.0,0.0,0.0,0.0,0.0,626.5178250907805,0.0,0.0,0.0,0.0,0.0,232.3102771123717,232.3102771123717,0.0,0.0,0.0,0.0,-373.06047803024813,0.0,0.0,232.42477616008364,0.0,0.0,0.0,0.0,0.0,0.0,0.0,0.0,0.0,0.0,0.0,0.0,0.0,0.0,0.0,0.0,0.0,0.0,0.0,-988.6567632320891,0.0,0.0,0.0,0.0,0.0,0.0,0.0,-711.6708619168103,711.6708619168103,17.077343720500984,0.0,0.0,0.0,0.0,0.0,0.0,674.0723175243025,-712.0098558041187,0.0,0.0,0.0,0.0,0.0,0.0,0.0,0.0,0.0,0.0,0.0,0.0,0.0,13.463633227918422,-53.99804621295748,-780.9886702136541,0.0,0.0,0.0,15.174199967000561,158.4355961810934,0.0,0.0,0.0,0.0,-107.97583894819212,-446.53792637203406,0.0,0.0,306.26744736942857,0.0,0.0,0.0,0.0,0.0,3.6868693363240603,0.0,0.0,0.0,-37.84711536908401,673.8237465477263,-170.85277762121552,0.0,780.9886702136541,0.0,0.0,32.251543687501545,139.6888382085748,0.0,0.0,0.0,-413.6476710376511,0.0,0.0,632.9578907569642,0.0,0.0,632.9578907569643,0.0,0.0,-711.6708619168103,0.0,0.0,0.0,0.0,143.93940321473656,0.0,0.0,0.0,215.21598095633303,0.0,-215.21598095633303,0.0,0.0,0.0,15.174199967000561,0.0,0.0,0.0,0.0,-107.97583894819212,-0.1717485715679198,0.0,0.0,0.0,0.0,0.11449904771194655,0.0,0.0,0.0,775.1072396805868,-952.4889462124052,0.0,-443.10234432485856,477.90564026969844,0.0,329.8529975958545,0.0,0.0,0.0,0.0,0.0,0.0,0.0,338.35533583401167,164.03133575213462,-502.3866715861463,-826.9252189621205,-1000.0,0.0,0.0,0.0,0.0,0.0,0.0,0.0,0.0,0.0,0.0,0.0,0.0,0.0,0.0,0.0,0.0,306.26744736942857,796.2897314245915,0.0,826.6348496855294,0.0,0.0,0.0,0.0,0.0,0.0,-121.146100052338,0.0,0.0,0.0,0.0,0.0,-164.03133575213462,0.0,-5.724952385597327,0.0,0.0,0.0,0.0,0.0,0.0,0.0,0.0,316.0736498136756,-2.8624761927986637,-5.724952385597327,-655.6999250772899,0.0,0.0,0.0,535.1448491365342,34.349714313583966,0.0,0.0,0.0,0.0,0.0,0.0,0.0,-13.463633227918422,13.463633227918422,13.463633227918422,118.61742369992513,0.0,0.0,-93.73263406192228,0.0,0.0,674.0723175243025,0.0,0.0,-30.917613499497733,0.0,0.0,0.0,0.0,0.0,0.0,0.0,-88.55009522880535,0.22899809542401026,0.0,0.0,0.0,0.0,0.0,0.0,0.0,0.0,0.0,0.0,0.0,0.0,0.0,0.0,0.0,0.0,0.0,0.0,0.0,0.1259489524831281,0.1259489524831281,0.0,270.5638236855291,0.0,68.69942862716793,0.0,0.0,0.0,0.0,0.0,0.0,108.64280404219402,0.0,0.0,641.0946602396742,0.0,0.0,0.0,0.0,0.0,0.0,0.0,0.0,0.0,0.0,0.0,0.0,0.0,0.0,153.93382196146777,-775.1072396805868,0.20233470226389597,0.0,117.45923071601393,0.0,0.0,-796.0746271750868,-971.5875670766811,0.0,641.0946602396742,0.0,552.5445650108688,0.0,0.0,0.0,13.463633227918422,0.0,0.0,0.0,0.0,0.0,0.0,0.0,0.0,0.0,0.0,0.0,0.0,0.0,68.69942862716793,32.251543687501545,32.251543687501545,0.0,0.0,0.0,0.0,0.0,0.0,0.0,0.0,0.0,0.0,1.1449904771194654,0.0,0.0,108.64280404219402,-108.64280404219402,0.0,0.0,0.0,0.0,34.349714313583966,0.0,0.0,0.0,0.0,0.0,0.0,0.0,0.0,0.0,0.0,0.0,443.65284745231435,0.0,34.349714313583966,34.349714313583966,1000.0,0.0,0.0,0.0,0.0,0.0,0.0,0.0,0.0,1000.0,674.0723175243025,741.0065916097478,0.11449904771194655,0.0,0.0,0.0,151.21234951044138,113.48276675768557,0.0,796.0746271750868,0.0,0.0,0.0,0.0,0.0,0.0,0.0,0.0,0.0,0.0,0.0,0.0,0.0,0.0,0.11449904771194655,0.0,0.0,0.0,0.0,0.0,0.0,0.0,0.0,0.0,0.0,0.0,0.0,-121.14610005233806,30.345118260937852,-8.587428578395992,-5.724952385597327,0.0,0.0,0.0,0.0,0.0,0.0,0.0,0.0,0.0,0.0,0.0,0.0,32.251543687501545,0.0,0.0,0.0,540.8698015221315,0.0,0.0,0.0,-0.11449904771194655,0.0,0.0,0.11449904771194655,0.0,0.11449904771194655,0.0,0.0,0.0,68.69942862716793,139.6888382085748,139.6888382085748,0.0,0.0,0.0,0.0,0.0,0.0,0.0,0.20233470226389597,0.0,674.0723175243025,0.0,0.0,0.0,348.21370384201026,0.0,0.0,0.0,0.0,0.0,0.0,0.0,0.0,0.0,0.0,0.0,0.0,0.0,175.51293990159436,0.0,0.0,0.0,0.1717485715679198,0.0,0.0,0.0,-34.349714313583966,0.0,0.0,0.0,0.0,0.0,-270.5638236855291,5.724952385597327,0.0,0.0,0.0,0.0,373.06047803024813,620.6051919996987,0.0,0.0,0.0,0.0,0.0,0.0,0.0,0.0,32.251543687501545,0.0,0.0,0.0,257.10019045761067,0.0,302.30252515987456,113.48276675768557,0.0,499.45909194736066,121.14610005233806,-620.6051919996987,0.0,0.0,0.0,5.724952385597327,752.6126444899824,0.0,0.0,0.0,-248.20322158388575,0.0,0.0,0.0,0.0,0.0,0.0,0.0,0.0,0.0,0.0,-17.174857156791983,139.6888382085748,0.0,0.0,0.0,0.0,0.0,0.0,0.0,0.0,0.0,3.6868693363240603,0.0,0.0,279.1512522639251,-151.21234951044138,0.0,0.0,34.349714313583966,108.64280404219402,0.0,0.0,0.0,214.9056854554694,0.0,0.0,0.1259489524831281,0.0,0.0,0.0,69.8444191042874,0.0,0.0,0.0,0.0,-53.99804621295748,0.0,0.0,0.0,0.0,0.0,0.0,0.0,0.0,0.0,0.0,0.011449904771194666,0.011449904771194666,0.0,0.0,0.0,0.0,0.0,0.0,0.0,0.0,0.0,0.0,0.0,0.0,0.0,0.0,0.0,270.5638236855291,0.0,0.0,0.0,0.0,0.0,0.0,0.0,0.0,0.0,0.0,0.0,217.28560808438803,0.0,-772.603315125635,1000.0,0.0,0.0,0.0,68.69942862716793,0.0,0.0,0.0,0.0,0.0,554.1812566489866,-622.8806852761545,0.0,217.28560808438803,0.0,0.0,0.0,0.0,0.0,0.0,0.0,0.0,0.0,0.0,-741.0065916097478,352.5944488528662,426.64555152469364,-34.349714313583966,0.0,0.0,-30.803114451785788,0.0,0.0,0.0,0.0,0.0,0.0,0.0,0.0,0.0,0.0,0.0,0.0,0.0,0.0,0.0,0.0,0.0,-14.31238096399332,32.251543687501545,-8.587428578395992,356.80113242040625,0.0,0.0,0.0,0.0,0.0,-439.0043941583467,437.5731560619474,30.917613499497733,0.0,0.0,0.0,0.0,0.0,0.0,0.0,1000.0,34.349714313583966,34.349714313583966,0.0,0.0,0.0,0.0,0.0,0.1259489524831281,270.5638236855291,0.0,0.0,30.803114451785788,0.0,0.0,0.0,0.0,0.0,0.0,0.0,0.0,0.0,0.0,0.0,0.0,0.0,0.0,0.0,0.0,0.0,0.0,0.0,120.22400009754388,0.0,0.0,117.45923071601393,0.0,0.0,0.0,270.5638236855291,0.0,-626.3301443852961,0.0,0.0,0.0,-14.31238096399332,0.0,0.0,0.0,0.0,0.0,0.0,0.0,0.0,0.0,0.0,0.0,0.0,0.0,0.0,0.0,0.0,0.0,0.0,-0.11449904771194655,0.0,0.0,5.724952385597327,-641.0946602396742,0.0,0.0,0.0,0.0,32.251543687501545,0.0,0.0,0.0,-338.35533583401167,2.8624761927986637,0.0,0.0,0.0,0.11449904771194655,0.0,114.49904771194655,-35.49470479070342,22.89980954238931,0.8178503407996182,319.4523431163308,-0.0858742857839599,5.724952385597327,2.289980954238931,-0.5724952385598827,-319.4523431163308,34.349714313583966,-0.11449904771194655,0.0,0.0,0.028624761927986637,0.8178503407996182,0.0,-126.87105243793542,-2.289980954238931,-300.0,-0.11449904771194655,0.028624761927986637,-319.4523431163308,118.71822234985073,0.11449904771194655,0.11449904771194655,-270.32337568533404,-108.51685508971087,-226.01966627437133,-0.0858742857839599,34.349714313583966,0.11449904771194655,34.349714313583966,-57.24952385597328,-0.057249523855973275,-400.4981588164092,-170.0,-0.0858742857839599,-0.11449904771194655,-35.49470479070342,0.11449904771194655,11.449904771194655,-2.289980954238931,175.51293990159436,175.51293990159436,-11.449904771194653,300.0,-175.51293990159436,22.89980954238931,0.1717485715679198,-1000.0,11.449904771194655,-153.93382196146777,0.0,-22.89980954238931,0.057249523855973275,1.1449904771194654,110.77558608121464,280.0,-0.11449904771194655,-296.32610942071705,270.32337568533404,35.49470479070342,0.11449904771194655,126.87105243793542,-244.66717483299175,0.0,-0.11449904771194655,-0.028624761927986637,0.0,-0.11449904771194655,-88.55009522880535,0.11449904771183286,-0.028624761927986637,-0.028624761927986637,-0.028624761927986637,45.79961908477862,57.24952385597328,1.1449904771194654,84.82948197358805,-0.028624761927986637,221.55117216242928,5.724952385597327,50.0,0.11449904771194655,0.057249523855973275,0.057249523855973275,3.8628047876943743,35.49470479070342,0.11449904771194655,-35.49470479070342,1.1449904771194654,0.11449904771194655,-84.82948197358805,0.11449904771194652,0.45799619084789356,0.5724952385598827,0.057249523855973275,0.028624761927986637,34.349714313583966,-0.11449904771194655,226.01966627437133,1.1449904771194654,-169.6589639471761,2.862476192798664,-11.449904771194655,22.89980954238931,5.724952385597327,-0.11449904771194652,0.0,0.1717485715679198,-0.11449904771194655,-7.725609575388745,35.49470479070342,38.415953943075465,0.057249523855973275,-100.0,-0.11449904771194655,-0.11449904771183286,-0.11449904771194658,0.057249523855973275,319.4523431163308,-22.89980954238931,0.11449904771194655,221.55117216242928,-0.028624761927986637,108.51685508971087,-221.55117216242928,17.17485715679198,170.0,21.397028596669813,319.4523431163308,-0.0858742857839599,296.32610942071705,-280.0,0.11449904771194655,-0.028624761927986634,5.724952385597327,114.49904771194655,-0.057249523855973275,-0.11449904771194655,0.028624761927986637,810.9886674654501,0.0,796.8000329780652,0.0,-255.0,0.0,993.1683210239439,-140.0,107.26831757865608,-80.0,-255.0,-325.0,-203.1427174980788,40.0,127.5,127.5,-107.26831757865608,70.0,-270.5638236855291,-253.32163939854487,203.1427174980788,325.0,-253.32163939854487,-993.1683210239439,613.1927955428705,0.0,1496.5981,hplb
99,0.0,0.0,0.0,0.0,0.0,0.0,0.0,0.0,-0.05562939269564171,0.0,0.0,0.0,0.0,0.0,0.0,0.0,-425.72492263064896,72.9721115545548,0.0,652.7528110760942,0.0,0.0,0.0,0.0,0.0,0.0,0.0,0.0,0.0,-695.4569809357992,0.0,0.0,100.69468381417262,0.0,0.0,0.0,0.0,-307.9836970024274,0.0,-1000.0,1000.0,0.0,-886.9650343518811,0.0,0.0,0.0,0.0,74.26733699016525,839.3707369437143,0.0,0.0,1000.0,0.0,0.06119233196518185,0.0,0.0,0.0,85.39321552929358,0.0,0.0,293.34204084493217,0.0,-257.2958664999576,-858.6772337400128,0.0,0.0,0.0,0.0,0.0,822.8244517873597,0.0,0.5562939269564171,0.0,0.0,0.0,0.0,0.0,0.0,0.0,0.0,0.0,0.0,0.0,0.0,33.377635617385025,0.0,0.0,-110.21589507833392,568.6867534126718,127.9667714416401,-0.013907348173910428,0.0,0.0,0.0,16.688817808692512,0.0,16.688817808692512,0.0,0.0,0.0,0.0,953.3851889728148,-695.4569809357992,0.0,0.0,-38.075906607253735,0.0,0.0,0.0,0.0,0.0,0.0,0.0,0.0,0.0,0.0,0.0,0.0,0.0,0.0,0.0,0.0,0.0,0.0,-1000.0,0.0,0.0,16.688817808692512,0.0,17.24511173564893,17.24511173564893,0.0,-1000.0,0.0,1000.0,-1000.0,0.0,0.0,0.0,-894.7234080849873,0.0,0.0,0.0,0.0,0.0,4.28346323756439,0.05562939269564171,0.0,0.0,0.0,0.0,0.0,0.0,0.0,0.0,0.0,405.4692740536218,0.0,0.0,0.0,0.0,0.0,610.9116109355294,610.9116109355294,0.0,0.0,0.0,0.0,544.9132857791991,0.0,0.0,610.9672403282251,0.0,0.0,0.0,-1000.0,0.0,0.0,0.0,0.0,0.0,0.0,0.0,0.0,0.0,0.0,0.0,0.0,0.0,0.0,0.0,-558.2153971057089,0.0,0.0,0.0,0.0,0.0,0.0,-113.034965648119,-616.1198762172614,616.1198762172614,894.7234080849873,0.0,0.0,0.0,0.0,0.0,0.0,0.0,-693.0795526260836,0.0,0.0,0.0,0.0,0.0,0.0,0.0,0.0,0.0,0.0,0.0,0.0,0.0,63.384883383619815,-77.74824292174333,394.8461322708526,0.0,0.0,0.0,0.0,-502.22525655670165,0.0,0.0,0.0,0.0,293.34204084493217,394.8461322708526,0.0,0.0,0.0,0.0,0.0,0.0,0.0,0.0,1.7912664448014572,0.0,0.0,0.0,-297.8415952780523,0.0,0.0,0.0,-394.8461322708526,0.0,0.0,894.7234080849873,945.4840396157424,0.0,0.0,0.0,-303.8476516555053,0.0,0.0,-1000.0,0.0,0.0,-1000.0,0.0,0.0,-47.43312280458968,0.0,380.4502045480066,0.0,0.0,-202.8019224361475,0.0,0.0,0.0,-859.7218749031063,0.0,859.7218749031063,0.0,830.0942659510116,0.0,0.0,206.2559780741475,0.0,0.0,0.0,293.34204084493217,-0.08344408904346257,0.0,0.0,0.0,0.0,0.05562939269564171,0.0,0.0,0.0,147.23716132392923,-425.72492263064896,0.0,-726.5042453041742,30.867292106874036,0.0,1000.0,0.0,1000.0,0.0,-38.075906607253735,0.0,0.0,0.0,-4.789690711094726,4.789690711094726,-1000.0,-1000.0,-1000.0,0.0,0.0,0.0,0.0,0.0,0.0,0.0,0.0,0.0,0.0,0.0,0.0,0.0,0.0,0.0,0.0,0.0,-1000.0,0.0,-1000.0,0.0,307.76117943164434,0.0,0.0,0.0,267.65788165017483,-6.074729682365847,0.0,0.0,0.0,0.0,950.6037193380328,-930.2305388938876,0.0,0.0,-758.2358888447574,925.4408481827928,-158.81790626606187,-2.7814696347820855,148.78943351421012,776.3055892211083,0.0,-478.53146111668553,1000.0,756.8451540273663,0.0,0.0,0.0,-562.85137599843,0.0,-439.9300936363521,16.688817808692512,0.0,0.0,0.0,0.0,0.0,0.0,0.0,-63.384883383619815,63.384883383619815,63.384883383619815,281.9500280681254,0.0,0.0,-219.23828440817783,0.0,0.0,0.0,0.0,0.0,-308.03932639512306,0.0,62.49999999985434,16.688817808692512,0.0,0.0,0.0,0.0,-94.43706073043583,0.11125878539178302,0.0,0.0,0.0,0.0,0.0,0.0,0.0,0.0,0.0,822.8244517873597,0.0,0.0,0.0,0.0,0.0,0.0,0.0,0.0,0.0,0.06119233196518185,0.06119233196518185,0.0,332.25900484449147,0.0,33.377635617385025,0.0,0.0,0.0,1000.0,0.0,690.8341563109972,0.0,0.0,0.0,683.1255173616909,-1000.0,0.0,0.0,0.0,0.0,0.0,16.688817808692512,0.0,0.0,0.0,0.0,0.0,0.0,0.0,333.3333333333333,-147.23716132392923,0.0,0.44813181288710924,4.28346323756439,0.0,-392.4981515282857,392.4981515282857,0.0,0.0,683.1255173616909,0.0,1000.0,-411.311543368745,0.0,0.0,63.384883383619815,0.0,0.0,0.0,0.0,0.0,0.0,0.0,0.0,0.0,0.0,0.0,0.0,0.0,33.377635617385025,894.7234080849873,894.7234080849873,0.0,0.0,0.0,0.0,0.0,0.0,0.0,0.0,0.0,0.0,0.5562939269564171,0.0,0.0,0.0,0.0,0.0,-113.034965648119,0.0,0.0,16.688817808692512,0.0,0.0,0.0,0.0,0.44813181288710924,0.0,0.0,0.0,0.0,0.0,1000.0,592.9354563122331,0.0,16.688817808692512,16.688817808692512,1000.0,-1000.0,0.0,16.688817808692512,0.0,0.0,0.0,0.0,0.0,695.4569809357992,0.0,1000.0,0.05562939269564171,0.0,0.0,0.0,4.486113168098535,0.0,0.0,0.0,0.0,0.0,0.0,0.0,0.0,0.0,0.0,0.0,0.0,0.0,0.0,0.0,0.0,0.0,0.05562939269564171,0.0,0.0,0.0,0.0,0.0,0.0,0.0,0.0,307.76117943164434,0.0,634.8272920209934,0.0,-640.9020217033592,0.0,-4.172204452173105,0.0,-2.7814696347820855,0.0,0.0,0.0,0.0,0.0,0.0,0.0,0.0,0.0,0.0,0.0,894.7234080849873,0.0,0.0,0.0,-1000.0,0.0,0.0,0.0,-0.05562939269564171,0.0,0.0,0.05562939269564171,0.0,0.05562939269564171,0.0,0.0,0.0,33.377635617385025,67.86785908868288,67.86785908868288,0.0,0.0,0.0,0.0,0.0,0.0,0.0,0.0,0.0,0.0,0.0,0.0,0.0,0.0,0.0,0.0,0.0,0.0,0.0,0.0,0.0,0.0,0.0,0.0,0.0,0.0,0.0,392.4981515282857,0.0,0.0,0.0,0.08344408904346257,0.0,0.0,0.0,-16.688817808692512,0.0,0.0,0.0,0.0,0.0,-332.25900484449147,2.7814696347820855,0.0,0.0,0.0,0.0,-544.9132857791991,-634.8272920209934,-2.7814696347820855,0.0,62.49999999985434,0.0,0.0,0.0,0.0,0.0,894.7234080849873,0.0,0.0,111.84953067762729,268.87412146087166,0.0,313.87412146087166,-38.075906607253735,0.0,-640.9020217033592,640.9020217033592,0.0,0.0,877.6161805270596,0.0,2.7814696347820855,748.8524470649353,0.0,0.0,0.0,-308.03932639512306,0.0,0.0,-687.5000000001742,687.5000000001742,0.0,0.0,0.0,0.0,0.0,336.4312092966646,-344.77561820101096,67.86785908868288,0.0,0.0,0.0,0.0,0.0,0.0,0.0,0.0,0.0,1.7912664448014572,0.0,0.0,0.0,-827.3105649554583,0.0,-886.9650343518811,16.688817808692512,0.0,0.0,0.0,0.0,84.48749430791932,0.0,0.0,0.06119233196518185,0.0,0.0,0.0,33.93392954434144,0.0,0.0,0.0,0.0,-77.74824292174333,0.0,0.0,0.0,0.0,0.0,0.0,0.0,0.0,-1000.0,0.0,0.005562939269564176,0.005562939269564176,0.0,0.0,0.0,0.0,0.0,0.0,0.0,0.0,0.0,0.0,0.0,0.0,0.0,0.0,0.0,332.25900484449147,0.0,0.0,0.0,0.0,0.0,0.0,0.0,0.0,0.0,0.0,0.0,0.0,908.0889416583984,0.0,72.9721115545548,0.0,0.0,0.0,33.377635617385025,0.0,0.0,0.0,0.0,0.0,0.0,-33.377635617385025,0.0,0.0,0.0,0.0,0.0,0.0,0.0,0.0,0.0,0.0,0.0,0.0,-1000.0,-1000.0,38.10613399651457,0.0,-16.688817808692512,0.0,-0.22251757078305445,0.0,0.0,0.0,0.0,0.0,0.0,0.0,0.0,0.0,0.0,0.0,0.0,0.0,0.0,0.0,0.0,0.0,-6.953674086955191,894.7234080849873,-954.7759237902059,340.60341374883774,0.0,0.0,0.0,0.0,0.0,688.148283490226,-688.8436508989216,308.03932639512306,0.0,0.0,0.0,0.0,0.0,0.0,0.0,1000.0,16.688817808692512,16.688817808692512,0.0,0.0,0.0,0.0,0.0,0.06119233196518185,332.25900484449147,0.0,0.0,0.22251757078305445,0.0,0.0,0.0,0.0,0.0,0.0,0.0,0.0,0.0,0.0,0.0,0.0,0.0,0.0,0.0,0.0,0.0,17.24511173564893,0.0,58.41086233042379,4.28346323756439,0.0,0.0,0.0,0.0,0.0,332.25900484449147,0.0,634.8272920209934,0.0,0.0,0.0,-6.953674086955191,0.0,0.0,0.0,0.0,0.0,0.0,0.0,0.0,0.0,0.0,0.0,0.0,0.0,0.0,0.0,0.0,0.0,0.0,-0.05562939269564171,0.0,0.0,2.7814696347820855,-683.1255173616909,0.0,0.0,0.0,0.0,894.7234080849873,0.0,0.0,0.0,4.789690711094726,1.3907348173910428,0.0,0.0,0.0,0.05562939269564171,0.0,55.62939269564172,0.0,11.125878539128344,0.3973528049688694,189.69622909213822,-0.04172204452173128,478.08332930379845,1.1125878539128342,-0.27814696347869616,-189.69622909213822,16.688817808692516,-0.05562939269564171,12.691968869084578,16.688817808692512,0.013907348173910428,0.3973528049688694,-38.075906607253735,-8.856199317147912,-1.1125878539128342,-300.0,-0.05562939269564171,0.013907348173910428,-189.69622909213822,54.40470159886634,0.05562939269564171,0.05562939269564171,-332.14218311983063,0.06119233196520589,-118.9799313301011,-0.04172204452173128,16.688817808692512,0.05562939269564171,16.688817808692512,-27.814696347820856,-0.027814696347820855,-210.33752950901325,496.6066878944418,-0.04172204452173128,-0.05562939269564171,0.0,0.05562939269564171,5.562939269564171,-1.1125878539128342,392.4981515282857,392.4981515282857,-5.562939269564168,300.0,-392.4981515282857,11.125878539128342,0.08344408904346257,-1000.0,5.562939269564171,-333.3333333333333,16.688817808692512,-11.125878539128342,0.027814696347820855,0.5562939269564171,181.62606132604355,280.0,-0.05562939269564171,-344.77561820101096,332.14218311983063,17.24511173564893,0.05562939269564171,8.856199317147912,-98.90821575537963,16.688817808692512,-0.05562939269564171,-0.013907348173910428,-16.688817808692512,-0.05562939269564171,-94.43706073043583,0.05562939269564171,-0.013907348173910428,-0.013907348173910428,-0.013907348173910428,22.251757078256684,27.814696347820856,0.5562939269564171,41.21442631338613,-0.013907348173910428,350.56015378300253,2.7814696347820855,50.0,0.05562939269564171,0.027814696347820855,0.027814696347820855,13.907348173910428,0.0,0.05562939269564171,0.0,0.5562939269564171,0.05562939269564171,-41.21442631338613,0.05562939269564171,0.22251757078305445,0.27814696347869616,0.027814696347820855,0.013907348173910428,16.688817808692512,-0.05562939269564171,118.9799313301011,0.5562939269564171,-82.42885262677225,476.6925944864074,-5.562939269564171,11.125878539128342,2.7814696347820855,-0.05562939269564171,38.075906607253735,0.08344408904346257,-0.05562939269564171,-27.814696347820856,0.0,114.13805625700724,0.027814696347820855,-100.0,-0.05562939269564171,-0.05562939269564171,-0.05562939269564171,0.027814696347820855,189.69622909213822,-11.125878539128342,0.05562939269564171,363.2521226520871,-0.013907348173910428,-0.06119233196520589,-363.2521226520871,8.344408904346256,-496.6066878944418,392.9516865482003,189.69622909213822,-0.04172204452173128,344.77561820101096,-280.0,0.05562939269564171,-0.013907348173910428,2.7814696347820855,55.62939269564172,-0.027814696347820855,-0.05562939269564171,0.013907348173910428,1000.0,0.0,919.4385366666017,0.0,-255.0,0.0,-78.91353980660301,-140.0,48.84176232930217,553.775349490299,-255.0,-325.0,-80.53364863705042,-276.8876747451495,127.5,127.5,-48.84176232930217,70.0,-332.25900484449147,-198.62555056492656,80.53364863705042,325.0,-198.62555056492656,78.91353980660301,7.215868339606222,0.0,1496.5981,hplb
100,0.0,0.0,0.0,0.0,0.0,0.0,0.0,0.0,573.5762552243036,0.0,0.0,0.0,0.0,0.0,0.0,0.0,0.0,361.00719022343253,0.0,-270.8222153915119,0.0,0.0,0.0,905.3279550304472,0.0,0.0,0.0,0.0,0.0,-1000.0,0.0,0.0,549.1180893225137,0.0,0.0,0.0,0.0,80.07507373196933,0.0,-1000.0,1000.0,0.0,0.0,0.0,0.0,0.0,0.0,0.0,0.0,0.0,0.0,0.0,0.0,0.13403246673714664,0.0,0.0,0.0,24.36953940673576,0.0,0.0,-79.45154797324041,0.0,79.45154797324041,0.0,0.0,0.0,0.0,0.0,452.83292529618535,97.17710388521743,0.0,1.2184769703367881,0.0,0.0,0.0,0.0,0.0,0.0,0.0,0.0,0.0,0.0,0.0,0.0,73.10861822020729,0.0,68.72082745447476,-92.9617087246263,0.0,212.32446816503486,-0.0304619242584197,0.0,0.0,-816.7614075441886,36.554309110103645,0.0,36.554309110103645,0.0,0.0,0.0,0.0,6.09238485168394,-1000.0,0.0,0.0,-75.04079873072925,0.0,720.4524011399999,0.0,0.0,0.0,0.0,0.0,0.0,0.0,0.0,0.0,0.0,0.0,0.0,0.0,0.0,0.0,0.0,-731.1313675344833,0.0,0.0,36.554309110103645,0.0,37.772786080440426,15.702008087882678,0.0,0.0,0.0,0.0,0.0,246.17059019902376,0.0,0.0,-246.17059019902376,0.0,0.0,0.0,0.0,0.0,78.10310012606803,0.1218476970336788,0.0,0.0,0.0,-486.02817056479876,0.0,0.0,0.0,0.0,0.0,669.6219790915652,0.0,0.0,0.0,0.0,0.0,477.7096298687386,477.7096298687386,0.0,0.0,0.0,437.49999999999994,-1000.0,0.0,0.0,477.8314775657723,0.0,0.0,0.0,784.4812186068445,-63.22955000711431,0.0,0.0,0.0,0.0,0.0,0.0,0.0,0.0,0.0,-101.41466707246695,0.0,0.0,0.0,0.0,-1000.0,0.0,0.0,0.0,0.0,0.0,0.0,0.0,87.67553183496514,-87.67553183496514,0.0,0.0,0.0,0.0,0.0,0.0,0.0,0.0,-228.5723309711468,0.0,0.0,0.0,0.0,0.0,0.0,0.0,0.0,0.0,0.0,0.0,0.0,0.0,0.0,434.7672493782703,1000.0,0.0,0.0,0.0,0.0,0.0,0.0,0.0,0.0,0.0,-79.45154797324041,1000.0,0.0,0.0,0.0,0.0,0.0,0.0,0.0,0.0,3.9234958444835386,0.0,0.0,0.0,87.67553183496514,0.0,-5.286176889661164,0.0,-1000.0,0.0,0.0,0.0,802.6959810121174,0.0,0.0,0.0,-46.64063079328139,0.0,0.0,-526.3619781321647,0.0,107.56104443497561,-633.9230225671404,107.56104443497561,0.0,87.67553183496514,0.0,270.8222153915119,0.0,0.0,371.35909089972927,0.0,0.0,0.0,-550.4409430584647,0.0,550.4409430584647,0.0,271.42529980828067,0.0,0.0,0.0,437.49999999999994,0.0,0.0,-79.45154797324041,-0.1827715455505182,0.0,0.0,0.0,0.0,0.1218476970336788,0.0,0.0,0.0,959.5221950454128,0.0,0.0,-956.6251889421355,220.7598337670088,63.22955000711431,975.0558141658837,0.0,1000.0,0.0,-75.04079873072925,0.0,0.0,0.0,-10.491086714599843,-325.4843102581596,-664.0246030272406,-381.589128438226,-1000.0,0.0,0.0,0.0,0.0,0.0,0.0,0.0,0.0,0.0,0.0,0.0,0.0,0.0,0.0,0.0,0.0,0.0,-523.8302248014115,0.0,-1000.0,0.0,395.6073106784844,0.0,0.0,0.0,0.0,-82.02659597055151,0.0,0.0,0.0,0.0,0.0,500.21397001289296,0.0,-1000.0,0.0,-627.5625850509186,0.0,0.0,554.1171876112116,-54.160508639819646,0.0,993.907615148316,-911.3236404310832,-3.04619242584197,-6.09238485168394,0.0,0.0,0.0,0.0,470.80902610951154,36.554309110103645,0.0,0.0,0.0,0.0,0.0,573.6981029213373,0.0,0.0,0.0,0.0,-181.18046283369384,0.0,0.0,0.0,0.0,0.0,0.0,0.0,0.0,-21.46144103753129,0.0,0.0,61.49849494421991,0.0,0.0,0.0,0.0,-87.81523029663212,0.24369539406722254,0.0,0.0,0.0,0.0,0.0,0.0,0.0,0.0,0.0,443.2962323743067,0.0,0.0,0.0,0.0,0.0,0.0,0.0,0.0,0.0,0.13403246673714664,0.13403246673714664,0.0,236.07548502652654,0.0,73.10861822020729,0.0,0.0,0.0,1000.0,0.0,502.90754418065995,68.72082745447476,0.0,0.0,362.9363612204752,-1000.0,0.0,0.0,0.0,0.0,0.0,61.49849494421991,0.0,0.0,0.0,0.0,0.0,0.0,0.0,243.71045584482775,-959.5221950454128,486.02817056479876,0.0,78.10310012606803,0.0,0.0,-816.7614075441886,-816.7614075441886,0.0,362.9363612204752,0.0,1000.0,-724.8788690761569,0.0,0.0,0.0,0.0,0.0,0.0,0.0,0.0,0.0,0.0,0.0,0.0,0.0,0.0,0.0,0.0,73.10861822020729,0.0,0.0,0.0,0.0,0.0,0.0,0.0,0.0,0.0,0.0,0.0,0.0,1.2184769703367881,0.0,0.0,68.72082745447476,-68.72082745447476,0.0,0.0,0.0,0.0,36.554309110103645,0.0,0.0,0.0,0.0,0.0,0.0,0.0,0.0,0.0,0.0,1000.0,0.0,0.0,36.554309110103645,36.554309110103645,1000.0,-1000.0,0.0,61.49849494421991,0.0,0.0,0.0,0.0,0.0,951.8362729937976,0.0,1000.0,0.1218476970336788,0.0,0.0,0.0,98.10925839530408,486.85172215768733,0.0,816.7614075441886,0.0,0.0,0.0,0.0,0.0,0.0,0.0,0.0,0.0,0.0,0.0,0.0,0.0,0.0,0.1218476970336788,0.0,0.0,0.0,9.762803964800582,-9.762803964800582,0.0,0.0,0.0,395.6073106784844,0.0,1000.0,0.0,-558.19637116914,-1000.0,-9.138577277525911,0.0,-6.09238485168394,0.0,0.0,0.0,0.0,0.0,0.0,0.0,0.0,0.0,0.0,0.0,0.0,63.22955000711431,0.0,0.0,476.9014109611955,0.0,0.0,0.0,573.5762552243036,0.0,0.0,0.1218476970336788,0.0,0.1218476970336788,0.0,106.71379680709607,0.0,73.10861822020729,148.65419038108814,148.65419038108814,0.0,0.0,0.0,0.0,0.0,0.0,0.0,486.02817056479876,0.0,0.0,0.0,0.0,0.0,0.0,0.0,0.0,0.0,0.0,0.0,0.0,0.0,0.0,0.0,0.0,0.0,0.0,0.0,0.0,0.0,-631.2423640139233,631.2423640139233,0.1827715455505182,0.0,0.0,0.0,-36.554309110103645,0.0,0.0,0.0,0.0,0.0,-236.07548502652654,6.09238485168394,0.0,0.0,0.0,-437.5,1000.0,-917.9734040294485,-6.09238485168394,0.0,0.0,0.0,0.0,0.0,0.0,0.0,0.0,0.0,0.0,768.686637391914,236.07548502652654,0.0,786.6586311580629,411.8109234269581,523.8302248014115,-1000.0,558.19637116914,-82.02659597055151,0.0,654.0417906310292,0.0,6.09238485168394,1000.0,0.0,0.0,0.0,-158.90309594648082,0.0,0.0,-437.5000000000004,437.5000000000004,0.0,0.0,0.0,0.0,0.0,346.62872937651935,-263.49121685910416,148.65419038108814,0.0,0.0,0.0,0.0,0.0,0.0,0.0,0.0,0.0,3.9234958444835386,0.0,0.0,0.0,-541.4054907696109,0.0,0.0,36.554309110103645,68.72082745447476,0.0,0.0,0.0,297.1018465540422,0.0,0.0,0.13403246673714664,0.0,0.0,0.0,74.32709519054407,0.0,0.0,0.0,0.0,434.7672493782703,0.0,0.0,0.0,0.0,0.0,0.0,0.0,0.0,-292.8118575523057,0.0,696.425779110227,0.012184769703367881,0.0,0.0,0.0,0.0,0.0,0.0,0.0,0.0,0.0,0.0,0.0,0.0,0.0,0.0,0.0,236.07548502652654,0.0,0.0,0.0,0.0,0.0,0.0,0.0,0.0,0.0,0.0,0.0,137.44165490894952,0.0,0.0,361.00719022343253,0.0,0.0,0.0,73.10861822020729,0.0,0.0,0.0,0.0,0.0,-73.10861822020729,0.0,0.0,137.44165490894952,0.0,0.0,0.0,0.0,0.0,0.0,0.0,0.0,0.0,0.0,-1000.0,-429.75285544442846,83.46567246806998,-233.35615311413997,196.80184400403633,0.0,475.6823844104537,0.0,0.0,0.0,0.0,0.0,0.0,0.0,0.0,0.0,0.0,0.0,0.0,0.0,0.0,0.0,0.0,0.0,-15.230962129209852,0.0,-9.138577277525911,254.35263958157833,0.0,0.0,0.0,0.0,0.0,-1.523096212920985,0.0,21.46144103753129,0.0,0.0,0.0,0.0,0.0,0.0,0.0,1000.0,36.554309110103645,36.554309110103645,0.0,0.0,0.0,0.0,0.0,0.13403246673714664,236.07548502652654,0.0,0.0,-475.6823844104537,696.4135943405237,0.0,0.0,0.0,0.0,0.0,0.0,0.0,0.0,0.0,0.0,0.0,0.0,0.0,368.9780804105097,0.0,0.0,15.702008087882678,0.0,127.94008188536276,78.10310012606803,0.0,0.0,0.0,0.0,0.0,236.07548502652654,0.0,917.9734040294485,0.0,0.0,0.0,-15.230962129209852,0.0,0.0,0.0,0.0,0.0,0.0,0.0,0.0,0.0,0.0,0.0,0.0,0.0,0.0,0.0,0.0,0.0,0.0,-0.1218476970336788,0.0,0.0,6.09238485168394,-362.9363612204752,0.0,0.0,0.0,0.0,0.0,0.0,0.0,0.0,10.491086714599843,3.04619242584197,0.0,0.0,0.0,0.1218476970336788,0.0,121.8476970336788,-22.070777992557748,24.369539406735765,0.8703406930977057,371.35909089972927,-0.0913857727752591,6.09238485168396,2.4369539406735763,-0.6092384851684252,-371.35909089972927,36.554309110103645,-0.12184769703367881,25.01359957690975,61.49849494421991,0.030461924258419704,0.8703406930977058,-75.04079873072925,-88.11898082223546,-2.4369539406735763,-90.18497483192061,-0.12184769703367879,0.030461924258419704,-371.35909089972927,12.18476970336788,0.12184769703367881,0.1218476970336788,-235.8196048627557,-68.58679498773772,0.0,-0.0913857727752591,36.554309110103645,0.12184769703367881,36.554309110103645,-60.923848516839406,-0.0609238485168394,-519.5403816301067,-12.30661740040156,-0.0913857727752591,-0.12184769703367881,-22.070777992557748,0.1218476970336788,12.18476970336788,-2.4369539406735763,0.0,0.0,-12.18476970336788,90.18497483192061,0.0,24.36953940673576,0.1827715455505182,-823.5540943862934,12.18476970336788,-243.71045584482775,61.49849494421991,-24.36953940673576,0.0609238485168394,1.2184769703367881,239.15629723553388,260.4450244332623,-0.1218476970336788,-263.49121685910416,235.8196048627557,37.772786080440426,0.12184769703367881,88.11898082223546,-84.71874149619465,61.49849494421991,-0.1218476970336788,-0.0304619242584197,-61.49849494421991,-0.12184769703367881,-87.81523029663212,0.12184769703367881,-0.0304619242584197,-0.0304619242584197,-0.0304619242584197,48.73907881347152,60.923848516839406,1.2184769703367881,152.50699493208504,-0.030461924258419704,453.298994894158,6.09238485168394,50.0,0.1218476970336788,0.06092384851683941,0.06092384851683941,42.934017175477834,22.070777992557748,0.1218476970336788,-22.070777992557748,1.2184769703367881,0.12184769703367881,-276.97315971660424,0.12184769703367881,0.48739078813474634,0.6092384851684252,0.06092384851683941,0.030461924258419704,36.554309110103645,-0.12184769703367881,0.0,1.2184769703367881,-305.01398986417007,3.046192425841923,-12.18476970336788,24.36953940673576,6.09238485168394,-0.12184769703367881,75.04079873072925,0.1827715455505182,-0.12184769703367881,-85.86803435095567,22.070777992557748,-14.703318176522814,0.06092384851683941,-100.0,-0.12184769703367881,-0.12184769703367881,-0.12184769703367881,0.06092384851683941,371.35909089972927,-24.36953940673576,0.1218476970336788,478.31259447106777,-0.0304619242584197,68.58679498773772,-478.31259447106777,18.27715455505182,12.30661740040156,479.9304795523033,371.35909089972927,-0.0913857727752591,263.49121685910416,-260.4450244332623,0.12184769703367879,-0.030461924258419704,6.09238485168394,121.8476970336788,-0.06092384851683941,-0.12184769703367881,0.030461924258419704,0.0,0.0,523.4931705377766,124.46616478451921,-255.0,0.0,-97.05116502398138,-140.0,0.0,360.22694745359087,-255.0,-325.0,-300.0,-180.11347372679543,127.5,127.5,0.0,70.0,-236.07548502652654,-282.39852837751937,300.0,325.0,-282.39852837751937,97.05116502398138,-12.258596615577304,0.0,1496.5981,hplb
101,0.0,0.0,0.0,0.0,0.0,0.0,0.0,0.0,-0.1020494156898272,0.0,0.0,0.0,0.0,0.0,0.0,0.0,-74.10700534174748,169.487871491057,0.0,159.75808628699315,0.0,0.0,0.0,461.3965291435187,0.0,0.0,0.0,0.0,0.0,-925.8929946582525,0.0,0.0,642.4007244280358,0.0,0.0,0.0,0.0,391.7090578370516,0.0,-1000.0,969.3851752930518,0.0,0.0,280.3635028559397,0.0,0.0,0.0,0.0,0.0,-1000.0,0.0,0.0,0.0,0.11225435725909214,0.0,0.0,0.0,0.0,0.0,0.0,-1.3894092715054285,0.0,-925.7595037555656,-1000.0,0.0,0.0,0.0,0.0,0.0,0.0,0.0,1.0204941568982722,0.0,0.0,0.0,0.0,0.0,0.0,0.0,0.0,0.0,0.0,-80.77675601008393,0.0,61.229649413896325,0.0,0.0,0.0,-323.6263862159253,74.26007946528227,-0.0255123539224568,0.0,0.0,232.54409598825646,30.614824706948163,0.0,30.614824706948163,0.0,0.0,0.0,0.0,371.91393879257714,-925.8929946582525,0.0,0.0,-58.298061077921425,0.0,791.6432373906644,0.0,0.0,0.0,0.0,0.0,0.0,0.0,0.0,0.0,0.0,0.0,0.0,0.0,0.0,0.0,0.0,-580.1876822439223,0.0,0.0,30.614824706948163,0.0,31.635318863846432,0.0,0.0,-1000.0,0.0,1000.0,-1000.0,682.9966033162057,0.0,0.0,-755.8476902891347,0.0,0.0,0.0,0.0,0.0,88.63456101820061,0.1020494156898272,0.0,0.0,0.0,-1000.0,1000.0,0.0,0.0,80.77675601008393,0.0,117.55923390141841,0.0,0.0,0.0,0.0,0.0,964.1938641894326,964.1938641894326,0.0,0.0,0.0,0.0,-737.5772780740166,0.0,0.0,964.2959136051225,0.0,0.0,0.0,0.0,-522.6983729317362,0.0,0.0,0.0,0.0,0.0,0.0,0.0,0.0,0.0,-422.86902204190596,0.0,0.0,0.0,0.0,-1000.0,0.0,0.0,0.0,0.0,0.0,1000.0,0.0,521.1022331894831,-521.1022331894831,72.85108697292901,0.0,0.0,0.0,0.0,0.0,0.0,0.0,-708.1660600991938,0.0,0.0,0.0,0.0,0.0,0.0,0.0,0.0,0.0,0.0,0.0,0.0,0.0,130.06642928168407,-6.534650613561567,1000.0,0.0,0.0,0.0,0.0,159.69300901532745,0.0,0.0,0.0,0.0,-1.3894092715054285,719.6364971440603,0.0,0.0,0.0,0.0,0.0,0.0,0.0,0.0,3.285991185212935,20.40988313796544,0.0,0.0,0.0,-844.7286194054084,521.1022331894831,0.0,-1000.0,0.0,0.0,72.85108697292901,1000.0,0.0,0.0,0.0,494.63184190902905,0.0,0.0,-1000.0,0.0,8.01680906125307,-1000.0,0.0,8.016809061252843,197.47584697355785,0.0,850.3481909675331,1000.0,0.0,52.17377378636144,0.0,0.0,0.0,0.0,0.0,0.0,0.0,1000.0,0.0,0.0,-941.0873216584292,0.0,0.0,0.0,-1.3894092715054285,-0.1530741235347408,0.0,0.0,0.0,0.0,0.1020494156898272,0.0,0.0,0.0,733.5550881195825,-74.10700534174748,0.0,-310.2243835830621,-431.12739103451656,522.6983729317362,1000.0,0.0,578.1097721919934,0.0,-58.298061077921425,0.0,0.0,0.0,710.5247362969269,-288.63450848892035,-1000.0,-492.37644081136585,644.9140665561309,0.0,0.0,0.0,0.0,0.0,0.0,0.0,0.0,0.0,0.0,0.0,0.0,0.0,0.0,0.0,0.0,0.0,-682.9695332434767,0.0,-1000.0,80.77675601008393,0.0,0.0,1000.0,0.0,0.0,-91.92055220341355,0.0,0.0,0.0,0.0,366.81146800808585,0.0,0.0,-688.5082047885343,934.3072251057351,288.63450848892035,0.0,-1000.0,143.2792707858263,0.0,0.0,0.0,0.0,-936.8584604979808,994.8975292155086,-295.7596165522577,0.0,-782.1188726393084,364.4804326985962,570.0845784950627,30.614824706948163,0.0,0.0,0.0,45.32366227953406,0.0,0.0,0.0,-130.06642928168407,130.06642928168407,130.06642928168407,-315.38956193228074,0.0,0.0,-35.90818522625724,0.0,0.0,0.0,0.0,0.0,-75.62990551593987,0.0,687.5000000000007,0.0,0.0,0.0,0.0,0.0,-37.14947532050973,0.2040988313795413,0.0,0.0,0.0,0.0,0.0,0.0,0.0,0.0,0.0,0.0,0.0,0.0,0.0,0.0,0.0,0.0,0.0,0.0,0.0,0.11225435725909214,0.11225435725909214,0.0,389.65654614371863,0.0,61.229649413896325,0.0,0.0,0.0,1000.0,0.0,0.0,0.0,0.0,0.0,-139.93263038506484,-1000.0,0.0,0.0,0.0,0.0,0.0,0.0,0.0,0.0,0.0,0.0,0.0,0.0,0.0,193.39589408130743,-733.5550881195825,0.0,0.0,7.85780500811669,0.0,0.0,232.54409598825646,0.0,0.0,-465.30871493931096,0.0,0.0,-177.08210570557458,0.0,0.0,130.06642928168407,0.0,0.0,0.0,0.0,0.0,0.0,0.0,0.0,0.0,0.0,0.0,0.0,0.0,61.229649413896325,72.85108697292901,72.85108697292901,0.0,0.0,0.0,0.0,0.0,0.0,0.0,0.0,0.0,0.0,1.0204941568982722,0.0,0.0,0.0,0.0,0.0,0.0,0.0,0.0,30.614824706948163,0.0,0.0,0.0,0.0,0.0,0.0,0.0,0.0,0.0,0.0,708.4300202992987,777.1637359675727,0.0,30.614824706948163,30.614824706948163,1000.0,-1000.0,0.0,0.0,0.0,0.0,0.0,0.0,0.0,418.2694354696184,0.0,1000.0,0.1020494156898272,0.0,0.0,0.0,134.7708319063725,562.9540775927027,0.0,-232.54409598825646,0.0,0.0,0.0,0.0,0.0,0.0,25.028929581095856,0.0,0.0,0.0,0.0,0.0,0.0,0.0,0.1020494156898272,0.0,0.0,0.0,846.4533203948905,-846.4533203948905,0.0,0.0,0.0,0.0,0.0,-91.92055220341355,0.0,0.0,-317.0304667565233,-7.653706176737041,0.0,-5.102470784491365,0.0,-312.49999999999994,-312.49999999999994,312.49999999999994,0.0,0.0,0.0,0.0,0.0,0.0,0.0,72.85108697292901,522.6983729317362,0.0,0.0,-206.9318233597544,0.0,0.0,0.0,-0.1020494156898272,0.0,0.0,0.1020494156898272,0.0,0.1020494156898272,75.08678874328757,0.0,0.0,61.229649413896325,124.50028714158918,124.50028714158918,0.0,0.0,0.0,0.0,0.0,0.0,0.0,0.0,0.0,0.0,0.0,0.0,0.0,719.3111909878213,0.0,0.0,0.0,0.0,0.0,0.0,0.0,0.0,0.0,0.0,0.0,0.0,0.0,232.54409598825646,0.0,0.0,0.0,0.1530741235347408,0.0,0.0,0.0,-30.614824706948163,0.0,0.0,0.0,0.0,0.0,-389.65654614371863,5.10247078449136,0.0,0.0,0.0,0.0,737.5772780740166,-88.96856012780356,-5.102470784491365,0.0,687.5000000000007,0.0,0.0,0.0,0.0,0.0,72.85108697292901,0.0,0.0,325.90074725154403,259.59011686203456,0.0,304.59011686203456,504.65601651478124,0.0,-180.88911233121712,0.0,180.88911233121712,80.77675601008393,875.4997128584108,0.0,5.102470784491365,578.3458113988218,0.0,0.0,0.0,-75.62990551593987,0.0,0.0,0.0,0.0,0.0,0.0,0.0,0.0,0.0,695.9041248773476,-288.3425151889162,124.50028714158918,0.0,-62.5,-62.50000000000001,62.5,0.0,0.0,0.0,0.0,0.0,3.285991185212935,0.0,0.0,124.27514948501403,-134.7708319063725,-1000.0,0.0,30.614824706948163,0.0,0.0,0.0,0.0,-80.34126985692103,0.0,0.0,0.11225435725909214,0.0,0.0,0.0,62.25014357079459,0.0,0.0,0.0,0.0,-6.534650613561567,0.0,0.0,0.0,0.0,0.0,0.0,0.0,0.0,0.0,0.0,0.01020494156898272,0.01020494156898272,0.0,0.0,0.0,0.0,0.0,75.08678874328757,0.0,0.0,0.0,0.0,0.0,0.0,0.0,0.0,0.0,389.65654614371863,0.0,0.0,0.0,0.0,0.0,0.0,0.0,1000.0,0.0,0.0,0.0,0.0,1000.0,-138.10773342896877,169.487871491057,0.0,0.0,0.0,61.229649413896325,0.0,0.0,0.0,0.0,0.0,-61.229649413896325,0.0,0.0,0.0,0.0,0.0,0.0,0.0,0.0,0.0,0.0,0.0,0.0,0.0,644.9140665561309,-1000.0,789.215040735353,0.0,-30.614824706948163,0.0,316.62226909376403,0.0,0.0,0.0,0.0,0.0,0.0,0.0,0.0,0.0,0.0,0.0,0.0,0.0,0.0,0.0,0.0,0.0,-12.756176961228405,72.85108697292901,-374.4651741848229,1000.0,0.0,0.0,0.0,0.0,0.0,-1.2756176961228403,0.0,156.40666152602353,0.0,0.0,0.0,0.0,0.0,0.0,0.0,1000.0,30.614824706948163,30.614824706948163,0.0,0.0,0.0,0.0,0.0,0.11225435725909214,389.65654614371863,0.0,0.0,-391.7090578370516,0.0,0.0,0.0,0.0,0.0,0.0,0.0,0.0,0.0,0.0,0.0,0.0,0.0,0.0,37.543394371643785,0.0,0.0,0.0,0.0,107.15188647431857,0.0,0.0,7.85780500811669,0.0,0.0,0.0,389.65654614371863,0.0,88.96856012780356,0.0,0.0,0.0,-12.756176961228405,0.0,0.0,0.0,0.0,0.0,0.0,0.0,0.0,0.0,0.0,0.0,0.0,0.0,0.0,0.0,0.0,0.0,0.0,-0.1020494156898272,0.0,0.0,5.10247078449136,139.93263038506484,0.0,0.0,0.0,0.0,72.85108697292901,0.0,0.0,0.0,-710.5247362969269,2.55123539224568,0.0,0.0,0.0,0.1020494156898272,0.0,102.0494156898272,-31.635318863846432,20.40988313796544,0.72892439778448,284.7178697746179,-0.0765370617673704,688.5082047885343,2.0409883137965443,74.57654166483849,-284.7178697746179,30.614824706948163,-0.1020494156898272,19.43268702597381,0.0,0.0255123539224568,0.72892439778448,-58.29806107792143,-16.246266977821016,-2.0409883137965465,-255.1389524363026,-0.1020494156898272,0.0255123539224568,-284.7178697746179,10.20494156898272,0.1020494156898272,0.1020494156898272,-389.44224237076975,0.11225435725880992,0.0,-0.0765370617673704,30.614824706948163,0.1020494156898272,30.614824706948163,-51.02470784491361,-0.0510247078449136,-0.96311174557556,-170.0,-0.0765370617673704,-0.1020494156898272,-31.635318863846432,0.1020494156898272,10.20494156898272,-2.0409883137965443,232.54409598825646,232.54409598825646,-10.20494156898272,255.1389524363026,-232.54409598825646,20.40988313796544,0.1530741235347408,-1000.0,10.20494156898272,-193.39589408130743,0.0,-20.40988313796544,0.0510247078449136,1.0204941568982722,77.55609589576552,280.0,-0.1020494156898272,-412.6176646739302,389.44224237076975,31.635318863846432,0.1020494156898272,16.246266977821016,-122.45929882779242,0.0,-0.1020494156898272,-0.0255123539224568,0.0,-0.1020494156898272,-37.14947532050973,0.1020494156898272,-0.0255123539224568,-0.0255123539224568,-0.0255123539224568,40.81976627593088,51.02470784491361,1.0204941568982722,75.60586084920239,-0.0255123539224568,135.67950476555723,5.10247078449136,23.677208444746224,0.1020494156898272,0.0510247078449136,0.0510247078449136,10.20494156898272,31.635318863846432,0.1020494156898272,-31.635318863846432,1.0204941568982722,0.1020494156898272,-75.60586084920239,0.1020494156898272,0.40819766275927805,-74.57654166483849,0.0510247078449136,0.0255123539224568,30.614824706948163,-0.1020494156898272,0.0,1.0204941568982733,-151.21172169840477,685.9569693962886,-10.20494156898272,20.40988313796544,5.10247078449136,-0.1020494156898272,58.29806107792143,0.1530741235347408,-0.1020494156898272,-20.40988313796544,31.635318863846432,367.4462092008221,0.0510247078449136,-47.35441688949245,-0.1020494156898272,-0.1020494156898272,-0.1020494156898272,0.0510247078449136,284.7178697746179,-20.40988313796544,0.1020494156898272,155.11219179153105,-0.0255123539224568,-0.11225435725880992,-155.11219179153105,15.30741235347408,170.0,347.8007666101517,284.7178697746179,-0.0765370617673704,412.6176646739302,-280.0,0.1020494156898272,-0.025512353922456807,5.102470784491365,102.0494156898272,-0.0510247078449136,-0.1020494156898272,0.0255123539224568,0.0,0.0,728.213048853315,0.0,-255.0,0.0,887.3421044091301,-140.0,0.0,399.81601341061514,-255.0,-325.0,-271.7359264388401,-199.90800670530757,127.5,127.5,0.0,70.0,-389.65654614371863,-287.1049393439011,271.7359264388401,325.0,-287.1049393439011,-887.3421044091301,499.7982308339699,0.0,1496.5981,hplb
102,0.0,0.0,0.0,0.0,0.0,0.0,0.0,0.0,-0.0870449732903545,0.0,0.0,0.0,0.0,0.0,0.0,0.0,1000.0,-343.046925934128,0.0,-356.953074065872,0.0,0.0,0.0,1000.0,0.0,0.0,0.0,0.0,0.0,-356.953074065872,0.0,0.0,83.14611735209132,0.0,0.0,0.0,0.0,469.41883462360386,0.0,-1000.0,973.8865080128936,0.0,0.0,0.0,0.0,0.0,593.1629468233218,0.0,-643.046925934128,-432.00281494884325,0.0,0.0,0.0,0.09574947061932142,0.0,0.0,0.0,17.4089946580709,0.0,0.0,-152.99457492185792,0.0,479.77279130473636,326.77821638287844,0.0,0.0,0.0,0.0,970.8726864094654,-698.535319721221,0.0,0.8704497329035451,0.0,0.0,0.0,0.0,0.0,0.0,0.0,0.0,0.0,0.0,0.0,0.0,52.2269839742127,0.0,145.3288142740872,498.4022142309559,-444.5141442432366,0.0,-0.021761243322588622,0.0,0.0,0.0,26.11349198710635,0.0,26.11349198710635,-605.0993701865875,0.0,0.0,0.0,348.8182558987826,-356.953074065872,0.0,0.0,-54.9301887381919,642.2598381723496,0.0,0.0,0.0,0.0,0.0,0.0,0.0,0.0,0.0,0.0,0.0,0.0,0.0,0.0,0.0,0.0,0.0,-748.1202305808736,0.0,0.0,26.11349198710635,0.0,26.9839417200099,10.384190622145713,0.0,-520.1834092192105,520.1834092192105,0.0,0.0,-109.43696008687027,0.0,0.0,109.43696008687027,0.0,0.0,0.0,0.0,0.0,152.03127721744454,0.0870449732903545,0.0,0.0,0.0,-642.2598381723496,0.0,0.0,0.0,120.43605924073252,0.0,255.34376987640135,0.0,0.0,0.0,0.0,0.0,842.91054097223,842.91054097223,0.0,0.0,0.0,-812.5,-391.14606757556567,0.0,0.0,842.9975859455204,0.0,0.0,0.0,0.0,-458.6014132878151,0.0,0.0,0.0,0.0,0.0,0.0,0.0,0.0,0.0,0.0,0.0,0.0,0.0,0.0,-1000.0,0.0,0.0,0.0,0.0,0.0,432.00281494884325,0.0,555.3552882968279,-555.3552882968279,0.0,0.0,0.0,0.0,0.0,0.0,0.0,0.0,-703.2896163193651,0.0,0.0,0.0,0.0,0.0,0.0,0.0,0.0,0.0,0.0,0.0,0.0,0.0,0.0,-0.6007681371861366,0.0,0.0,0.0,0.0,0.0,146.83989091005668,0.0,0.0,0.0,0.0,-152.99457492185792,0.0,0.0,0.0,266.40105598973844,0.0,0.0,0.0,0.0,0.0,0.0,0.0,0.0,0.0,999.8694325400645,0.0,410.7105765936558,0.0,0.0,0.0,0.0,0.0,-341.85528714634887,0.0,0.0,0.0,134.56431777926517,0.0,0.0,355.97050526575333,0.0,1000.0,-644.0294947342466,1000.0,0.0,110.84114405359128,0.0,0.0,432.00281494884325,0.0,116.78396581432384,0.0,0.0,0.0,0.0,0.0,0.0,0.0,1000.0,0.0,0.0,0.0,-812.5,0.0,0.0,-152.99457492185792,-0.13056745993553173,0.0,0.0,0.0,0.0,0.0870449732903545,0.0,0.0,0.0,827.046617102837,1000.0,0.0,-335.20766445718624,-187.3526761254008,458.6014132878151,1000.0,0.0,1000.0,0.0,-54.9301887381919,0.0,0.0,0.0,-7.494572200299453,-992.5054277997006,0.0,-290.91207908024546,-344.400302200964,0.0,0.0,0.0,0.0,0.0,0.0,0.0,0.0,0.0,0.0,0.0,0.0,0.0,0.0,0.0,0.0,266.40105598973844,-530.2329854832348,0.0,-1000.0,0.0,0.0,602.2965220466381,549.5439536045278,331.5042923450163,0.0,-152.03127721744454,0.0,0.0,0.0,0.0,344.46600723426485,0.0,-1000.0,548.642770916086,0.0,21.632741390235196,0.0,0.0,0.0,-117.20605653546235,1000.0,-1000.0,-600.705409237713,-2.1761243322588624,-4.352248664517725,282.9672307526861,0.0,302.63381009156814,1000.0,-86.87567604205412,26.11349198710635,0.0,0.0,0.0,536.7813676535832,0.0,0.0,0.0,0.0,0.0,0.0,-557.4476418359686,0.0,0.0,0.0,0.0,0.0,0.0,0.0,0.0,-15.33152129554145,0.0,0.0,0.0,0.0,0.0,0.0,0.0,-26.714260124292487,0.1740899465806898,0.0,0.0,0.0,0.0,0.0,0.0,0.0,0.0,0.0,0.0,0.0,0.0,0.0,0.0,0.0,0.0,0.0,0.0,0.0,0.09574947061932142,0.09574947061932142,0.0,186.96136093037404,0.0,52.2269839742127,0.0,0.0,0.0,1000.0,0.0,0.0,145.3288142740872,0.0,0.0,-66.48912645973864,-1000.0,0.0,0.0,360.2661435507163,0.0,0.0,0.0,0.0,0.0,0.0,0.0,0.0,0.0,0.0,249.37341019362452,-827.046617102837,0.0,0.0,152.03127721744454,0.0,0.0,0.0,-146.83989091005668,0.0,-66.48912645973864,0.0,0.0,-93.20338658403114,0.0,0.0,0.0,0.0,0.0,0.0,0.0,0.0,0.0,0.0,0.0,0.0,0.0,0.0,0.0,0.0,52.2269839742127,0.0,0.0,0.0,0.0,0.0,0.0,0.0,0.0,0.0,0.0,0.0,0.0,0.8704497329035451,0.0,0.0,145.3288142740872,-145.3288142740872,0.0,0.0,0.0,0.0,26.11349198710635,-360.2661435507163,0.0,0.0,0.0,0.0,0.0,0.0,0.0,0.0,0.0,667.0233001292672,0.0,0.0,26.11349198710635,26.11349198710635,1000.0,-1000.0,0.0,0.0,0.0,0.0,0.0,0.0,0.0,-352.13484685388255,0.0,-53.60828751817502,0.0870449732903545,0.0,0.0,0.0,73.41855973751456,0.0,0.0,0.0,0.0,0.0,0.0,0.0,0.0,0.0,0.0,0.0,0.0,0.0,0.0,0.0,0.0,0.0,0.0870449732903545,0.0,0.0,0.0,0.0,0.0,0.0,0.0,0.0,0.0,0.0,450.26524482919353,-120.43605924073252,0.0,-469.76701451676524,-6.528372996776588,-4.352248664517728,0.0,0.0,0.0,0.0,0.0,0.0,0.0,0.0,0.0,0.0,0.0,0.0,0.0,458.6014132878151,0.0,0.0,220.11038271403174,0.0,0.0,0.0,-0.0870449732903545,0.0,0.0,0.0870449732903545,0.0,0.0870449732903545,0.0,272.33736668824446,0.0,52.2269839742127,106.19486741423249,106.19486741423249,0.0,0.0,0.0,0.0,0.0,0.0,0.0,0.0,0.0,0.0,0.0,0.0,0.0,0.0,0.0,0.0,0.0,0.0,0.0,0.0,0.0,0.0,0.0,0.0,0.0,0.0,0.0,146.83989091005668,0.0,-468.93969860468286,468.93969860468286,0.13056745993553173,0.0,0.0,0.0,-26.11349198710635,0.0,0.0,0.0,0.0,0.0,-186.96136093037404,4.352248664517725,0.0,0.0,0.0,812.5,391.14606757556567,-7.155096804467121,0.0,0.0,0.0,0.0,0.0,0.0,0.0,0.0,0.0,0.0,360.2661435507163,0.0,186.96136093037404,0.0,307.5910053419291,-54.9301887381919,0.0,-159.18637402191166,0.0,159.18637402191166,120.43605924073252,-448.05015456058135,0.0,4.352248664517728,761.9948672810681,0.0,0.0,0.0,-305.98914984371584,0.0,0.0,0.0,0.0,0.0,0.0,0.0,0.0,0.0,193.48973392715064,-206.5464799207037,106.19486741423249,0.0,0.0,0.0,0.0,0.0,0.0,0.0,0.0,0.0,0.0,0.0,0.0,0.0,-73.41855973751456,-293.4141636063373,0.0,26.11349198710635,145.3288142740872,0.0,0.0,0.0,-112.01892435125475,0.0,0.0,0.09574947061932142,0.0,0.0,0.0,53.097433707116245,0.0,0.0,0.0,0.0,-0.6007681371861366,0.0,642.2598381723496,0.0,0.0,0.0,0.0,0.0,0.0,0.0,0.0,0.00870449732903545,0.00870449732903545,0.0,0.0,0.0,0.0,0.0,0.0,0.0,0.0,0.0,0.0,0.0,0.0,0.0,0.0,0.0,186.96136093037404,0.0,0.0,0.0,0.0,0.0,0.0,0.0,432.00281494884325,0.0,0.0,0.0,290.6576285481744,0.0,1000.0,-343.046925934128,0.0,0.0,0.0,52.22698397421266,0.0,0.0,0.0,0.0,0.0,947.7730160257873,-1000.0,0.0,290.6576285481744,0.0,0.0,0.0,0.0,0.0,0.0,0.0,0.0,0.0,0.0,709.2079853172111,-1000.0,59.62580670389284,524.3763375086273,-550.4898294957337,0.0,469.41883462360386,0.0,0.0,0.0,0.0,0.0,0.0,0.0,0.0,0.0,0.0,0.0,0.0,0.0,0.0,0.0,0.0,0.0,-10.880621661294317,0.0,-350.9943802310414,200.01810692392723,0.0,0.0,0.0,0.0,0.0,-0.4710630047627822,-0.6169991613666492,135.76758053627395,0.0,0.0,0.0,0.0,0.0,0.0,0.0,1000.0,26.11349198710635,26.11349198710635,0.0,0.0,0.0,0.0,0.0,0.09574947061932142,186.96136093037404,0.0,0.0,-469.41883462360386,0.0,0.0,0.0,0.0,0.0,0.0,0.0,0.0,0.0,0.0,0.0,0.0,0.0,0.0,370.63853264646366,0.0,0.0,10.384190622145713,0.0,91.39722195487222,152.03127721744454,0.0,0.0,0.0,0.0,0.0,186.96136093037404,0.0,0.0,0.0,0.0,0.0,-10.880621661294317,0.0,0.0,0.0,0.0,0.0,0.0,0.0,0.0,0.0,0.0,0.0,0.0,0.0,0.0,0.0,0.0,0.0,0.0,-0.0870449732903545,0.0,0.0,4.352248664517725,66.48912645973864,0.0,0.0,0.0,0.0,0.0,0.0,0.0,0.0,7.494572200299453,2.1761243322588624,0.0,0.0,0.0,0.0870449732903545,0.0,87.04497329035449,-16.599751097864186,17.4089946580709,0.6217498092168178,263.6238567243805,-0.06528372996776587,451.35722908391404,1.74089946580709,-0.4352248664517333,-263.6238567243805,26.11349198710635,-0.0870449732903545,18.310062912730633,0.0,0.021761243322588626,0.6217498092168178,-54.9301887381919,-159.18637402191166,-1.74089946580709,-300.0,-0.0870449732903545,0.021761243322588626,-263.6238567243805,8.70449732903545,0.0870449732903545,0.0870449732903545,-186.77856648646437,-145.2330648034678,0.0,-0.06528372996776587,26.11349198710635,0.0870449732903545,26.11349198710635,-43.52248664517725,-0.04352248664517725,-145.48339240001755,-155.6314332123825,-0.06528372996776587,-0.0870449732903545,-16.599751097864186,0.0870449732903545,8.70449732903545,-1.74089946580709,146.83989091005668,146.83989091005668,-8.70449732903545,300.0,-146.83989091005668,17.4089946580709,0.13056745993553173,-1000.0,8.70449732903545,-249.37341019362452,0.0,-17.4089946580709,0.043522486645177244,0.8704497329035451,83.80191611429656,204.37035558844494,-0.0870449732903545,-206.5464799207037,186.77856648646437,26.9839417200099,0.0870449732903545,159.18637402191166,-104.45396794842543,0.0,-0.0870449732903545,-0.021761243322588626,0.0,-0.0870449732903545,-668.9740982966422,0.08704497329028982,-0.021761243322588622,-0.021761243322588622,-0.021761243322588622,34.8179893161418,43.52248664517725,0.8704497329035451,64.48944458649174,-0.021761243322588626,149.29376931586248,4.352248664517725,17.709378726663967,0.0870449732903545,0.043522486645177244,0.04352248664517725,8.70449732903545,16.599751097864186,0.0870449732903545,-16.599751097864186,0.8704497329035451,0.0870449732903545,-64.48944458649174,0.0870449732903545,0.3481798931613796,0.4352248664517333,0.04352248664517725,0.021761243322588626,26.11349198710635,-0.0870449732903545,0.0,0.870449732903545,-128.9788891729835,449.1811047516552,-8.70449732903545,17.4089946580709,4.352248664517725,-0.0870449732903545,54.9301887381919,0.13056745993553173,-0.0870449732903545,-17.408994658070895,16.599751097864186,327.57070065968423,0.04352248664517725,-35.41875745332794,-0.0870449732903545,-0.08704497329028982,-0.0870449732903545,0.04352248664517725,263.6238567243805,-17.4089946580709,0.0870449732903545,167.60383222859312,-0.021761243322588622,145.2330648034678,-167.60383222859312,13.056745993553173,155.6314332123825,301.5910511419079,263.6238567243805,-0.06528372996776587,206.5464799207037,-204.37035558844494,0.0870449732903545,-0.02176124332258863,4.352248664517728,87.04497329035449,-0.043522486645177244,-0.0870449732903545,0.021761243322588626,291.0978373281273,0.0,889.1153334597635,0.0,-200.75404029636462,0.0,693.4454121327999,-140.0,0.0,-80.0,58.18746826250646,-325.0,-110.84114405359128,40.0,100.37702014818231,-29.09373413125323,0.0,70.0,-186.96136093037404,-215.55177630842948,110.84114405359128,325.0,-215.55177630842948,-693.4454121327999,394.59744137609493,0.0,1496.5981,hplb
103,0.0,0.0,0.0,0.0,0.0,0.0,0.0,0.0,581.6857222632945,0.0,0.0,0.0,0.0,0.0,0.0,0.0,13.363228588785887,286.6367714112141,0.0,0.0,0.0,0.0,0.0,966.2057127549674,0.0,653.3339485520979,0.0,0.0,0.0,-1000.0,0.0,0.0,137.52697434398942,0.0,0.0,0.0,0.0,984.005529392196,0.0,-1000.0,939.819876837886,0.0,0.0,0.0,0.0,0.0,0.0,0.0,411.17963145154204,-658.8607507601039,0.0,172.9092414676445,0.0,0.1230917747334742,0.0,0.0,0.0,0.0,0.0,0.0,-115.3286206159018,0.0,1000.0,884.6713793840981,0.0,0.0,0.0,0.0,1000.0,-1000.0,0.0,1.1190161339414757,0.0,0.0,0.0,0.0,0.0,0.0,0.0,0.0,0.0,0.0,0.0,0.0,67.14096803648854,0.0,105.47381852965891,0.0,-328.07789449166455,803.630057488753,-0.02797540334853689,0.0,0.0,-412.22067182155286,33.57048401824427,0.0,60.18012316211405,-3.6032319512876816,0.0,0.0,0.0,733.5391222611927,-1000.0,0.0,0.0,0.0,0.0,0.0,0.0,0.0,0.0,0.0,0.0,0.0,0.0,0.0,0.0,0.0,0.0,0.0,0.0,0.0,0.0,0.0,-1000.0,0.0,0.0,60.18012316211405,0.0,34.689500152185744,20.703497364666575,0.0,-1000.0,1000.0,0.0,0.0,0.0,0.0,0.0,0.0,0.0,0.0,0.0,0.0,0.0,114.09024276100827,0.11190161339414756,0.0,0.0,0.0,-267.8361628278236,22.37434914091324,0.0,0.0,0.0,0.0,337.5729241593435,0.0,0.0,0.0,0.0,0.0,608.0693838283044,608.0693838283044,0.0,0.0,0.0,0.0,0.0,0.0,0.0,608.1812854416985,0.0,0.0,0.0,0.0,-347.66614411723623,0.0,0.0,0.0,0.0,0.0,0.0,0.0,0.0,0.0,-1000.0,0.0,0.0,0.0,0.0,-1000.0,0.0,0.0,0.0,0.0,0.0,658.8607507601039,-172.9092414676445,-313.3632285887859,313.3632285887859,0.0,0.0,0.0,0.0,0.0,0.0,0.0,0.0,-465.9062106661877,0.0,0.0,0.0,0.0,0.0,0.0,0.0,0.0,0.0,0.0,0.0,0.0,0.0,0.0,216.83209818843915,748.3663814273166,0.0,0.0,0.0,0.0,97.89630621990273,0.0,0.0,0.0,0.0,-115.3286206159018,748.3663814273166,0.0,0.0,0.0,0.0,0.0,0.0,0.0,0.0,0.0,22.38032267882951,26.609639143869785,0.0,816.8254336574477,802.110767754569,-75.09283860488836,0.0,-748.3663814273166,0.0,0.0,0.0,0.0,0.0,0.0,0.0,265.41564851198314,0.0,0.0,-853.7291680088881,146.27083199111186,0.0,-1000.0,0.0,-146.27083199111186,-641.4411230804504,0.0,-264.9968471614693,658.8607507601039,0.0,255.71618987910222,0.0,0.0,0.0,958.9575489713458,0.0,-958.9575489713458,0.0,1000.0,0.0,0.0,44.21076737526797,0.0,0.0,0.0,-115.3286206159018,-0.16785242009122134,0.0,0.0,0.0,0.0,0.11190161339414756,0.0,0.0,0.0,841.9235706179833,13.363228588785887,0.0,-537.0605886319125,182.39648603874886,347.66614411723623,1000.0,0.0,54.33965075174973,0.0,0.0,0.0,0.0,0.0,-9.634728913236016,-551.9419823946688,507.23706055615514,435.1485285659838,-1000.0,0.0,0.0,0.0,0.0,0.0,0.0,0.0,0.0,0.0,0.0,0.0,0.0,0.0,0.0,0.0,0.0,0.0,-15.54686415422862,0.0,-1000.0,0.0,0.0,0.0,0.0,0.0,0.0,-114.09024276100827,0.0,0.0,0.0,0.0,727.9440415914853,-448.0580176053312,0.0,432.9801652735441,62.33241281824228,0.0,-838.66352480436,-5.595080669707378,342.08741700862515,-1000.0,0.0,-802.5472667389942,0.0,-65.12995315309597,0.0,412.11513858639523,0.0,0.0,1000.0,-72.73604870619592,60.18012316211405,0.0,0.0,0.0,655.8124579982788,0.0,581.7976238766886,0.0,0.0,0.0,0.0,-423.1927806771083,0.0,0.0,-708.4639733740665,0.0,0.0,0.0,0.0,0.0,-19.70960417248577,0.0,562.5000000000006,0.0,0.0,0.0,0.0,0.0,-88.80983866058524,0.22380322678706221,0.0,0.0,0.0,0.0,0.0,0.0,0.0,0.0,0.0,0.0,0.0,0.0,0.0,0.0,0.0,0.0,0.0,0.0,0.0,0.1230917747334742,0.1230917747334742,0.0,257.6196773211705,0.0,67.14096803648854,0.0,0.0,0.0,1000.0,0.0,0.0,105.47381852965891,0.0,0.0,192.86816985965237,-1000.0,0.0,0.0,0.0,0.0,0.0,0.0,0.0,0.0,0.0,0.0,0.0,0.0,0.0,333.3333333333333,-841.9235706179833,245.46181368691035,0.0,114.09024276100827,0.0,0.0,-412.22067182155286,-510.1169780414556,0.0,192.86816985965237,0.0,104.05833119906713,0.0,0.0,0.0,0.0,0.0,0.0,0.0,0.0,0.0,0.0,0.0,0.0,0.0,0.0,0.0,0.0,0.0,67.14096803648854,0.0,0.0,0.0,0.0,0.0,0.0,0.0,0.0,0.0,0.0,0.0,0.0,1.1190161339414757,0.0,0.0,105.47381852965891,-105.47381852965891,0.0,-172.9092414676445,0.0,0.0,60.18012316211405,0.0,0.0,0.0,0.0,0.0,0.0,0.0,0.0,0.0,0.0,1000.0,538.4873185828354,0.0,33.57048401824427,33.57048401824427,1000.0,-1000.0,0.0,0.0,0.0,0.0,0.0,0.0,0.0,564.8514714340163,0.0,959.6953438495639,0.11190161339414756,0.0,0.0,0.0,64.96807697307615,0.0,0.0,412.22067182155286,0.0,0.0,0.0,0.0,0.0,0.0,0.0,0.0,0.0,0.0,0.0,0.0,0.0,0.0,0.11190161339414756,0.0,0.0,0.0,0.0,0.0,0.0,0.0,0.0,0.0,-123.28855538200334,9.198312620995065,0.0,0.0,-984.4531358457714,-8.392621004561079,-5.595080669707382,0.0,0.0,-812.5,-812.5,812.5,0.0,0.0,0.0,0.0,0.0,0.0,0.0,0.0,347.66614411723623,0.0,0.0,-67.14096803648854,0.0,0.0,0.0,581.6857222632945,0.0,0.0,0.11190161339414756,0.0,0.11190161339414756,0.0,0.0,0.0,67.14096803648854,136.51996834086003,136.51996834086003,0.0,0.0,0.0,0.0,0.0,0.0,0.0,245.46181368691035,0.0,0.0,0.0,0.0,0.0,0.0,0.0,0.0,0.0,0.0,0.0,0.0,0.0,0.0,0.0,0.0,0.0,0.0,0.0,97.89630621990273,0.0,-686.5505322523348,686.5505322523348,0.16785242009122134,0.0,0.0,0.0,-60.18012316211405,0.0,0.0,0.0,0.0,0.0,-257.6196773211705,5.595080669707378,0.0,0.0,0.0,0.0,0.0,-9.198312620995065,0.0,0.0,562.5000000000006,0.0,0.0,0.0,0.0,0.0,0.0,0.0,0.0,-559.4089876370673,257.6196773211705,0.0,548.0814910080808,0.0,0.0,0.0,0.0,0.0,0.0,-136.51996834086003,0.0,5.595080669707382,1000.0,0.0,0.0,0.0,-230.6572412318036,0.0,0.0,0.0,0.0,0.0,0.0,0.0,0.0,0.0,1000.0,-16.785242009122157,136.51996834086003,0.0,-437.50000000000006,-437.50000000000006,437.50000000000006,0.0,0.0,0.0,0.0,0.0,0.0,0.0,0.0,266.0122983257316,-64.96807697307615,-318.14881059691845,0.0,33.57048401824427,105.47381852965891,0.0,0.0,0.0,11.209435636742086,0.0,0.0,0.1230917747334742,0.0,0.0,0.0,68.25998417043002,0.0,0.0,0.0,0.0,216.83209818843915,0.0,0.0,0.0,0.0,0.0,0.0,0.0,0.0,-1000.0,0.0,0.011190161339414756,0.011190161339414756,0.0,0.0,0.0,0.0,0.0,0.0,0.0,0.0,0.0,0.0,0.0,0.0,0.0,0.0,0.0,257.6196773211705,0.0,0.0,0.0,0.0,0.0,0.0,0.0,658.8607507601039,0.0,0.0,0.0,210.94763705931783,0.0,0.0,286.6367714112141,0.0,0.0,0.0,67.14096803648854,0.0,0.0,0.0,0.0,0.0,0.0,-67.14096803648854,0.0,210.94763705931783,0.0,0.0,0.0,0.0,0.0,0.0,0.0,0.0,0.0,0.0,-959.6953438495639,0.0,76.65260517499108,0.0,-60.18012316211405,0.0,984.005529392196,0.0,0.0,0.0,0.0,0.0,0.0,0.0,0.0,0.0,781.25,0.0,-781.2500000000002,-781.25,0.0,0.0,0.0,0.0,-13.987701674268461,0.0,-736.3366625960464,8.392621004561073,0.0,0.0,0.0,0.0,0.0,-1.3987701674268447,0.0,19.70960417248577,0.0,0.0,0.0,0.0,0.0,0.0,0.0,1000.0,33.57048401824427,33.57048401824427,0.0,0.0,0.0,0.0,0.0,0.1230917747334742,257.6196773211705,0.0,0.0,-984.005529392196,0.0,0.0,0.0,0.0,0.0,0.0,0.0,0.0,0.0,0.0,0.0,0.0,0.0,0.0,16.608291850118462,0.0,0.0,20.703497364666575,0.0,117.49669406385496,114.09024276100827,0.0,0.0,0.0,0.0,0.0,257.6196773211705,0.0,0.0,0.0,0.0,0.0,-13.987701674268461,0.0,0.0,0.0,0.0,0.0,0.0,0.0,0.0,0.0,0.0,0.0,0.0,0.0,0.0,0.0,0.0,0.0,0.0,-0.11190161339414756,0.0,0.0,5.595080669707378,-192.86816985965237,0.0,0.0,0.0,0.0,0.0,0.0,0.0,0.0,9.634728913236016,2.797540334853686,0.0,0.0,653.3339485520979,0.11190161339414756,0.0,111.90161339414755,-13.986002787519169,22.380322678829515,0.7992972385296254,353.6124960990049,-0.08392621004561067,369.56710146545004,2.2380322678829514,-0.5595080669695562,-353.6124960990049,33.57048401824427,-0.11190161339414756,0.0,0.0,0.02797540334853689,0.7992972385296254,0.0,-123.28855538200334,-2.238032267882943,-300.0,-0.11190161339414756,0.02797540334853689,-353.6124960990049,11.190161339414756,0.11190161339414756,0.11190161339414756,-257.3846839330429,-105.35072675492535,-226.33681300457468,-0.08392621004561067,33.57048401824427,0.11190161339414756,60.18012316211405,-29.341167553204,-0.05595080669707378,-111.23611115476879,-109.19836917271164,-0.08392621004561067,-0.11190161339414756,-13.986002787519169,0.11190161339414756,11.190161339414756,-2.2380322678829514,97.89630621990273,97.89630621990273,-11.190161339414756,300.0,-97.89630621990273,22.38032267882951,0.16785242009122134,-1000.0,11.190161339414756,-333.3333333333333,0.0,-22.38032267882951,0.05595080669707378,1.1190161339414757,134.26514715797813,280.0,-0.11190161339414756,-282.79754033485375,257.3846839330429,34.689500152185744,0.11190161339414756,123.28855538200334,-160.89157521684695,0.0,-0.11190161339414756,-0.02797540334853689,0.0,-0.11190161339414756,-88.80983866058524,0.11190161339416704,-0.02797540334853689,-0.02797540334853689,-0.02797540334853689,44.76064535765902,29.341167553204,1.1190161339414757,82.9051078233851,-0.02797540334853689,268.53029431595627,5.595080669707378,50.0,0.11190161339414756,0.05595080669707378,0.05595080669707378,11.190161339414756,13.986002787519169,0.11190161339414756,-13.986002787519169,1.1190161339414757,0.11190161339414756,-82.9051078233851,0.11190161339414756,0.4476064535754176,0.5595080669695562,0.05595080669707378,0.02797540334853689,33.57048401824427,-0.11190161339414753,226.33681300457468,1.1190161339414715,-165.8102156467702,366.76956113059634,-11.190161339414756,22.38032267882951,5.595080669707378,-0.11190161339414756,0.0,0.16785242009122134,-0.11190161339414756,-22.380322678829515,13.986002787519169,188.85131662001066,0.05595080669707378,-100.0,-0.11190161339414756,-0.11190161339416704,-0.11190161339414756,0.05595080669707378,353.6124960990049,-22.38032267882951,0.11190161339414756,268.53029431595627,-0.02797540334853689,105.35072675492535,-268.53029431595627,16.785242009122133,109.19836917271164,260.56246228154566,353.6124960990049,-0.08392621004561067,282.79754033485375,-280.0,0.11190161339414756,-0.02797540334853689,5.595080669707382,111.90161339414755,-0.05595080669707378,-0.11190161339414756,0.02797540334853689,360.18409153762695,0.0,837.7551147850004,0.0,-71.72860761062253,0.0,738.4072564539017,-140.0,0.0,-80.0,-255.0,-325.0,-162.18893440830254,40.0,35.864303805311266,127.5,0.0,70.0,-257.6196773211705,-200.06075225675275,162.18893440830254,325.0,-200.06075225675275,-738.4072564539017,444.05433516566694,0.0,1496.5981,hplb
104,0.0,0.0,0.0,0.0,0.0,0.0,0.0,0.0,-0.11404390807374196,0.0,0.0,0.0,0.0,0.0,0.0,0.0,71.35854324791444,0.0,0.0,228.64145675208556,0.0,0.0,0.0,116.72521628020053,0.0,0.0,0.0,0.0,0.0,514.7986748958999,0.0,0.0,84.81316500832169,0.0,0.0,0.0,0.0,215.76697375631565,0.0,-1000.0,1000.0,0.0,0.0,-700.161090562631,0.0,0.0,29.326128946266635,0.0,114.00387241881663,0.0,0.0,0.0,0.0,0.12544829888143152,0.0,0.0,0.0,22.80878161474839,0.0,0.0,-122.79515963369568,0.0,122.79515963369568,0.0,0.0,0.0,0.0,0.0,601.5450333718478,-52.59023098571356,0.0,1.1404390807374196,0.0,0.0,0.0,0.0,0.0,0.0,0.0,0.0,0.0,0.0,0.0,0.0,68.42634484424518,0.0,112.7516927960011,428.60042581785115,68.3765933343658,707.8593632955781,-0.02851097701843549,0.0,0.0,450.2175338393357,34.21317242212259,0.0,37.64621259676656,-3.6722138399757553,0.0,0.0,0.0,997.1489022981565,514.7986748958999,0.0,0.0,-52.666464623248295,619.4496439969222,0.0,0.0,0.0,0.0,0.0,0.0,0.0,0.0,0.0,0.0,0.0,0.0,0.0,0.0,0.0,0.0,0.0,-716.2480251767424,0.0,0.0,37.64621259676656,0.0,35.35361150286001,0.0,0.0,-737.7806482929327,0.0,737.7806482929327,-737.7806482929327,-556.2182538971423,0.0,0.0,556.2182538971423,0.0,0.0,0.0,0.0,0.0,121.53307371767922,0.11404390807374196,0.0,0.0,0.0,0.0,-619.4496439969222,0.0,0.0,0.0,0.0,753.5795449648936,0.0,0.0,0.0,0.0,0.0,755.3732874431422,755.3732874431422,0.0,0.0,0.0,-187.50000000000003,-195.77689194394623,0.0,0.0,755.487331351216,0.0,0.0,0.0,0.0,-1000.0,0.0,0.0,0.0,0.0,0.0,0.0,0.0,0.0,0.0,-232.06764968365533,0.0,0.0,0.0,0.0,-1000.0,0.0,0.0,0.0,0.0,0.0,0.0,0.0,-502.0021170568842,502.0021170568842,0.0,0.0,0.0,0.0,0.0,0.0,0.0,0.0,-712.0642701239661,0.0,0.0,0.0,0.0,0.0,0.0,0.0,0.0,0.0,0.0,0.0,0.0,0.0,0.0,-50.94939659585924,-700.161090562631,0.0,0.0,0.0,0.0,0.0,0.0,0.0,0.0,0.0,-122.79515963369568,0.0,0.0,0.0,0.0,0.0,0.0,0.0,0.0,0.0,0.0,0.0,3.4330401746439705,0.0,359.0030745387437,929.3817849299937,40.60218117978377,0.0,700.161090562631,0.0,0.0,0.0,139.1335678499652,0.0,0.0,0.0,-67.86957160003271,0.0,0.0,-212.66564825190304,0.0,-718.9517124521703,-212.66564825190304,0.0,-718.9517124521703,-433.6255237225184,0.0,-815.9649585414663,0.0,0.0,318.1825035257401,0.0,0.0,0.0,612.988697650368,0.0,-612.988697650368,0.0,446.33029409333176,0.0,0.0,-791.2755165335739,-187.50000000000003,0.0,0.0,-122.79515963369568,-0.17106586211061292,0.0,0.0,0.0,0.0,0.11404390807374196,0.0,0.0,0.0,962.3537874032335,71.35854324791444,0.0,-808.8134664661175,-11.941600564384146,1000.0,917.8625839131935,0.0,469.6118518376369,0.0,-52.666464623248295,0.0,0.0,0.0,773.1783999351757,-306.2325491311939,-936.5577026416187,-785.9446450620982,-1000.0,0.0,0.0,0.0,0.0,0.0,0.0,0.0,0.0,0.0,0.0,0.0,0.0,0.0,0.0,0.0,0.0,0.0,-783.7768506113894,0.0,-1000.0,0.0,0.0,0.0,81.67413498344229,0.0,843.6589319219685,-121.53307371767922,0.0,0.0,0.0,0.0,991.4467068944693,0.0,70.93956248477957,-542.2626163426429,0.0,-295.31248424065393,0.0,435.46669133260747,0.0,0.0,-70.93956248477957,0.0,1000.0,-2.851097701843549,-441.16888673629455,-1000.0,0.0,0.0,1000.0,474.82626213820197,37.64621259676653,0.0,0.0,0.0,656.0676764353136,0.0,0.0,456.8499971080604,456.84999710806034,-456.84999710806034,-456.84999710806034,-371.20999342681364,0.0,0.0,0.0,0.0,0.0,0.0,0.0,0.0,-20.086933675389172,0.0,187.5,119.78362868357304,0.0,0.0,0.0,0.0,-88.5956091926258,0.22808781614756007,0.0,0.0,0.0,0.0,0.0,0.0,0.0,0.0,0.0,0.0,0.0,0.0,0.0,0.0,0.0,0.0,0.0,0.0,0.0,0.12544829888143152,0.12544829888143152,0.0,155.3060232098445,0.0,68.42634484424518,0.0,0.0,0.0,1000.0,0.0,180.90222504423036,112.7516927960011,0.0,0.0,299.80908403103865,-1000.0,0.0,0.0,0.0,0.0,0.0,119.78362868357304,0.0,0.0,0.0,0.0,0.0,0.0,0.0,238.74934172558082,-962.3537874032335,0.0,0.0,121.53307371767922,0.0,0.0,450.2175338393357,450.2175338393357,0.0,299.80908403103865,0.0,1000.0,-788.7865251615871,0.0,0.0,0.0,0.0,0.0,0.0,0.0,0.0,0.0,0.0,0.0,0.0,0.0,0.0,0.0,0.0,68.42634484424518,0.0,0.0,0.0,0.0,0.0,0.0,0.0,0.0,0.0,0.0,0.0,0.0,1.1404390807374196,0.0,0.0,112.7516927960011,-112.7516927960011,0.0,0.0,0.0,0.0,37.64621259676656,0.0,0.0,0.0,0.0,0.0,0.0,0.0,0.0,0.0,0.0,1000.0,0.0,0.0,34.21317242212259,34.21317242212259,1000.0,-1000.0,0.0,119.78362868357304,0.0,0.0,0.0,0.0,0.0,-728.8540298338017,0.0,-659.5589093828472,0.11404390807374196,0.0,0.0,0.0,150.61127259824394,0.0,0.0,-450.2175338393357,0.0,0.0,0.0,0.0,0.0,0.0,0.0,0.0,0.0,0.0,0.0,0.0,0.0,0.0,0.11404390807374196,0.0,0.0,0.0,0.0,0.0,0.0,0.0,0.0,0.0,0.0,815.8473998352447,0.0,-937.380473552924,-216.22314938861064,-8.553293105530612,-5.702195403687098,0.0,0.0,0.0,0.0,0.0,0.0,0.0,0.0,0.0,0.0,0.0,0.0,0.0,1000.0,0.0,0.0,480.52845754188905,0.0,0.0,0.0,-0.11404390807374196,0.0,0.0,0.11404390807374196,0.0,0.11404390807374196,0.0,548.9548023861342,0.0,68.42634484424518,139.1335678499652,139.1335678499652,0.0,0.0,0.0,0.0,0.0,0.0,0.0,0.0,0.0,0.0,0.0,0.0,732.5087372463125,50.48884317401261,0.0,0.0,0.0,0.0,0.0,0.0,0.0,0.0,0.0,0.0,0.0,0.0,0.0,0.0,0.0,0.0,0.0,0.17106586211061292,0.0,0.0,0.0,-37.64621259676656,0.0,0.0,0.0,0.0,0.0,-155.3060232098445,5.702195403687098,0.0,0.0,0.0,187.50000000000003,195.77689194394623,-9.374409243662853,0.0,0.0,187.5,0.0,0.0,0.0,0.0,0.0,0.0,0.0,0.0,0.0,155.3060232098445,0.0,302.1912183852516,-52.666464623248295,0.0,-130.9074829613421,937.380473552924,-806.4729905915818,0.0,0.0,0.0,5.702195403687098,444.00525408459396,0.0,0.0,0.0,-245.59031926739135,0.0,0.0,0.0,0.0,0.0,0.0,0.0,0.0,0.0,395.9269659990305,-180.96590252643654,139.1335678499652,0.0,0.0,0.0,0.0,0.0,0.0,0.0,0.0,0.0,0.0,0.0,0.0,0.0,-150.61127259824394,-357.4395860672067,0.0,34.21317242212259,112.7516927960011,0.0,0.0,0.0,194.13396434570828,0.0,0.0,0.12544829888143152,0.0,0.0,0.0,69.5667839249826,0.0,0.0,0.0,0.0,-50.94939659585924,0.0,619.4496439969222,0.0,0.0,0.0,0.0,0.0,0.0,-382.0029803906404,0.0,0.011404390807374196,0.011404390807374196,0.0,0.0,0.0,0.0,0.0,0.0,0.0,0.0,0.0,0.0,0.0,0.0,0.0,0.0,0.0,155.3060232098445,0.0,0.0,0.0,0.0,0.0,0.0,0.0,0.0,0.0,0.0,0.0,225.5033855920022,0.0,-330.6025428747353,0.0,0.0,0.0,0.0,68.42634484424514,0.0,0.0,0.0,0.0,0.0,931.5736551557549,-1000.0,0.0,225.5033855920022,0.0,0.0,0.0,0.0,0.0,0.0,0.0,0.0,0.0,0.0,659.5589093828472,-1000.0,861.1176574508384,0.0,-37.64621259676656,0.0,215.76697375631565,0.0,0.0,0.0,0.0,0.0,0.0,0.0,0.0,0.0,0.0,0.0,0.0,0.0,0.0,0.0,0.0,0.0,-14.25548850921771,0.0,-1000.0,955.410189841231,0.0,0.0,0.0,0.0,0.0,-1.4255488509217746,0.0,20.086933675389172,0.0,0.0,0.0,0.0,0.0,0.0,0.0,1000.0,34.21317242212259,34.21317242212259,0.0,0.0,0.0,0.0,0.0,0.12544829888143152,155.3060232098445,0.0,0.0,-215.76697375631565,0.0,0.0,0.0,0.0,0.0,0.0,0.0,0.0,0.0,0.0,0.0,0.0,0.0,0.0,274.4774011930671,0.0,0.0,0.0,0.0,119.74610347742906,121.53307371767922,0.0,0.0,0.0,0.0,0.0,155.3060232098445,0.0,0.0,0.0,0.0,0.0,-14.25548850921771,0.0,0.0,0.0,0.0,0.0,0.0,0.0,0.0,0.0,0.0,0.0,0.0,0.0,0.0,0.0,0.0,0.0,0.0,-0.11404390807374196,0.0,0.0,5.702195403687098,-299.80908403103865,0.0,0.0,0.0,0.0,0.0,0.0,0.0,0.0,-773.1783999351757,2.851097701843549,0.0,0.0,0.0,0.11404390807374196,0.0,114.04390807374195,-35.35361150286001,22.808781614748394,0.8145993433838711,318.1825035257401,-0.08553293105530646,542.2626163426429,2.2808781614748392,-0.5702195403687256,-318.1825035257401,34.21317242212259,-0.11404390807374196,17.55548820774943,119.78362868357304,0.02851097701843549,0.8145993433838711,-52.666464623248295,-130.9074829613421,-2.2808781614748392,-300.0,-0.11404390807374196,0.02851097701843549,-318.1825035257401,11.404390807374195,0.11404390807374196,0.11404390807374196,-155.06653100288935,-112.62624449711998,-68.0758449544509,-0.08553293105530646,34.21317242212259,0.11404390807374196,37.64621259676656,-53.58891386222701,-0.05702195403687098,-580.170770763946,-11.518434715447937,-0.08553293105530646,-0.11404390807374218,-35.35361150286001,0.11404390807374196,11.404390807374195,-2.2808781614748392,0.0,0.0,-11.404390807374195,300.0,0.0,22.80878161474839,0.17106586211061292,-1000.0,11.404390807374195,-238.74934172558082,119.78362868357304,-22.80878161474839,0.05702195403687098,1.1404390807374196,202.20336661652937,178.1148048245929,-0.11404390807374196,-180.96590252643654,155.06653100288935,35.35361150286001,0.11404390807374196,130.9074829613421,-20.502101179561205,119.78362868357304,-0.11404390807374196,-0.02851097701843549,-119.78362868357304,-0.11404390807374196,-708.045253189548,0.11404390807374196,-0.02851097701843549,-0.02851097701843549,-0.02851097701843549,45.61756322949678,53.58891386222701,1.1404390807374196,294.51416346545466,-0.02851097701843549,386.8512450253093,5.702195403687098,50.0,0.11404390807374196,0.05702195403687098,0.05702195403687098,71.29620514916071,35.35361150286001,0.11404390807374196,-35.35361150286001,1.1404390807374196,0.11404390807374196,-714.5579296080925,0.11404390807374196,0.45617563229498614,0.5702195403687256,0.05702195403687098,0.02851097701843549,34.21317242212259,-0.11404390807374196,68.0758449544509,1.1404390807374196,-589.0283269309093,539.4115186407994,-11.404390807374195,22.80878161474839,5.702195403687098,-0.11404390807374196,52.666464623248295,0.17106586211061292,-0.11404390807374196,-142.59241029832143,35.35361150286001,61.79723737374883,0.05702195403687098,-100.0,-0.11404390807374196,-0.11404390807374196,-0.11404390807374196,0.05702195403687109,318.1825035257401,-22.80878161474839,0.11404390807374196,404.40673323305873,-0.02851097701843549,112.62624449711998,-404.40673323305873,17.10658621106129,11.518434715447937,289.4630527372707,318.1825035257401,-0.08553293105530646,180.96590252643654,-178.1148048245929,0.11404390807374196,-0.028510977018435482,5.702195403687098,114.04390807374195,-0.05702195403687098,-0.11404390807374196,0.02851097701843549,1000.0,0.0,725.7091384729035,420.0437661426379,-255.0,0.0,275.47480593599784,-140.0,0.0,-80.0,-255.0,-325.0,-274.23383957305964,40.0,127.5,127.5,0.0,70.0,-155.3060232098445,-255.9312017194571,274.23383957305964,325.0,-255.9312017194571,-275.47480593599784,142.28625815409242,0.0,1496.5981,hplb
105,0.0,0.0,0.0,0.0,0.0,0.0,0.0,0.0,615.4353278997246,0.0,0.0,0.0,0.0,0.0,0.0,0.0,259.06037565803086,0.0,0.0,-117.02242032925895,0.0,0.0,0.0,0.0,0.0,0.0,0.0,0.0,0.0,-790.0218272005864,0.0,0.0,622.0814574429501,0.0,0.0,0.0,0.0,982.9543266248141,0.0,-1000.0,964.2231668897688,0.0,-439.7073442882764,315.73847699722154,0.0,0.0,0.0,0.0,-21.9367243722549,0.0,0.0,260.7280220660452,0.0,0.13118172140408707,0.0,0.0,0.0,0.0,0.0,0.0,-130.06279992042707,0.0,928.1175767749307,798.0547768545035,0.0,0.0,0.0,0.0,793.5938365610074,-493.84179776908513,0.0,1.1925611036743724,0.0,0.0,0.0,0.0,0.0,0.0,0.0,0.0,0.0,0.0,0.0,0.0,71.55366622046235,0.0,119.56031180073495,-216.62967145207796,940.4129263978983,-700.0,-0.02981402759185931,0.0,0.0,-369.2862462139447,35.77683311023117,0.0,35.77683311023117,-3.840046753830889,0.0,0.0,0.0,639.6288193967578,-1000.0,0.0,0.0,-21.43994821281195,0.0,36.015345330966056,0.0,0.0,0.0,0.0,0.0,0.0,0.0,0.0,0.0,0.0,0.0,0.0,0.0,0.0,0.0,0.0,-810.2091489884797,0.0,0.0,35.77683311023117,0.0,36.969394213905545,16.246736827637505,0.0,390.38615749876146,-390.38615749876146,0.0,0.0,0.0,0.0,0.0,0.0,0.0,0.0,0.0,0.0,0.0,128.74303229902762,0.11925611036743725,0.0,0.0,0.0,-1000.0,624.3517967298711,0.0,0.0,0.0,0.0,477.27348538457466,0.0,0.0,0.0,0.0,0.0,749.3618332477585,749.3618332477585,0.0,0.0,0.0,0.0,-1000.0,0.0,0.0,749.4810893581259,0.0,0.0,0.0,0.0,-215.80217806995086,0.0,0.0,0.0,0.0,0.0,0.0,0.0,0.0,0.0,-1000.0,0.0,0.0,0.0,0.0,-1000.0,0.0,0.0,0.0,0.0,0.0,0.0,178.9793222222312,59.58707360210167,-59.58707360210167,0.0,0.0,0.0,0.0,0.0,0.0,0.0,209.9781727994136,1000.0,0.0,0.0,0.0,0.0,0.0,0.0,0.0,0.0,0.0,0.0,0.0,0.0,0.0,0.0,323.3506474171038,373.9188536925792,0.0,0.0,0.0,0.0,145.99673630398487,0.0,0.0,0.0,0.0,-130.06279992042707,58.180376695357694,0.0,0.0,0.0,0.0,0.0,0.0,0.0,0.0,0.0,23.85122207348745,0.0,0.0,-441.1185085075203,0.0,0.0,0.0,-373.9188536925792,0.0,0.0,0.0,1000.0,0.0,0.0,0.0,-176.7882706232723,0.0,0.0,595.3826681359894,-1000.0,0.0,941.9731861985065,653.4094819374827,346.5905180625173,1000.0,0.0,441.85907116322096,0.0,0.0,219.22128527644008,0.0,0.0,0.0,0.0,0.0,0.0,0.0,1000.0,0.0,0.0,1000.0,0.0,0.0,0.0,-130.06279992042707,-0.17888416555115585,0.0,0.0,0.0,0.0,0.11925611036743725,0.0,0.0,0.0,818.2264305857839,259.06037565803086,0.0,-660.3612671932451,142.96037745854903,215.80217806995086,1000.0,0.0,10.267951102636252,0.0,-21.43994821281195,0.0,0.0,0.0,-10.267951102636252,0.0,0.0,-1000.0,-1000.0,0.0,0.0,0.0,0.0,0.0,0.0,0.0,0.0,0.0,0.0,0.0,0.0,0.0,0.0,0.0,0.0,0.0,-16.568648933716133,0.0,-1000.0,0.0,0.0,0.0,1000.0,0.0,0.0,-128.74303229902762,0.0,0.0,0.0,0.0,633.6660138783859,0.0,0.0,-631.2966628145018,0.0,-793.5938365610074,0.0,-5.962805518371862,0.0,-160.57835260975423,0.0,-191.499149643063,0.0,-2.981402759185931,0.0,0.0,0.0,1000.0,371.58688660849816,-567.7862601474984,35.77683311023117,0.0,0.0,0.0,0.0,0.0,615.5545840100921,0.0,0.0,0.0,0.0,-589.8661255542374,0.0,0.0,-609.4383582648138,0.0,0.0,209.9781727994136,0.0,0.0,-21.004976239384234,0.0,0.0,0.0,0.0,0.0,0.0,0.0,-88.07438896325627,0.23851222073495415,0.0,0.0,0.0,0.0,0.0,0.0,0.0,0.0,0.0,299.75203879192225,0.0,0.0,0.0,0.0,0.0,0.0,0.0,0.0,0.0,0.13118172140408707,0.13118172140408707,0.0,206.15430926441036,0.0,71.55366622046235,0.0,0.0,0.0,1000.0,0.0,274.9232819238234,119.56031180073495,0.0,0.0,178.41335933254393,-1000.0,0.0,0.0,0.0,0.0,0.0,0.0,0.0,0.0,0.0,0.0,0.0,0.0,0.0,270.06971632949325,-818.2264305857839,375.6482032701289,0.0,128.74303229902762,0.0,0.0,-369.2862462139447,-515.2829825179296,0.0,178.41335933254393,0.0,0.0,90.33897036928767,0.0,0.0,0.0,0.0,0.0,0.0,0.0,0.0,0.0,0.0,0.0,0.0,0.0,0.0,0.0,0.0,71.55366622046235,0.0,0.0,0.0,0.0,0.0,0.0,0.0,0.0,0.0,0.0,0.0,0.0,1.1925611036743724,0.0,0.0,119.56031180073495,-119.56031180073495,0.0,178.9793222222312,0.0,0.0,35.77683311023117,0.0,0.0,0.0,0.0,0.0,0.0,0.0,0.0,0.0,0.0,1000.0,-1000.0,0.0,35.77683311023117,35.77683311023117,-338.1100325992883,-1000.0,0.0,0.0,0.0,0.0,0.0,0.0,0.0,1000.0,209.9781727994136,968.3007992034517,0.11925611036743725,0.0,0.0,0.0,92.50778301684615,506.15696569488233,0.0,369.2862462139447,0.0,0.0,0.0,0.0,0.0,0.0,0.0,0.0,0.0,0.0,0.0,0.0,0.0,0.0,0.11925611036743725,0.0,0.0,0.0,1000.0,-1000.0,0.0,0.0,0.0,0.0,0.0,0.0,0.0,-112.17438336531148,-1000.0,-8.944208277557793,-5.962805518371862,0.0,0.0,0.0,0.0,0.0,0.0,0.0,0.0,0.0,0.0,0.0,0.0,0.0,215.80217806995086,0.0,0.0,438.17654537087344,0.0,0.0,0.0,615.4353278997246,0.0,0.0,0.11925611036743725,0.0,0.11925611036743725,0.0,0.0,0.0,71.55366622046235,145.49245464827345,145.49245464827345,0.0,0.0,0.0,0.0,0.0,0.0,0.0,375.6482032701289,0.0,209.9781727994136,0.0,0.0,0.0,0.0,0.0,0.0,0.0,0.0,0.0,0.0,0.0,0.0,0.0,0.0,0.0,0.0,0.0,145.99673630398487,0.0,-706.2507191643975,706.2507191643975,0.17888416555115585,0.0,0.0,0.0,-35.77683311023117,0.0,0.0,0.0,0.0,0.0,-206.15430926441036,5.962805518371862,0.0,0.0,0.0,0.0,1000.0,268.92993553559745,0.0,0.0,0.0,0.0,0.0,0.0,0.0,0.0,0.0,0.0,0.0,0.0,206.15430926441036,0.0,676.7969811966414,484.7170174820704,16.568648933716133,140.18690323656983,112.17438336531148,-268.92993553559745,0.0,854.5075453517265,0.0,5.962805518371862,1000.0,0.0,0.0,0.0,-260.12559984085414,0.0,0.0,1000.0,-1000.0,0.0,0.0,0.0,0.0,0.0,1000.0,-17.888416555115583,145.49245464827345,0.0,948.5043523110066,948.5043523110066,-948.5043523110066,0.0,0.0,0.0,0.0,0.0,0.0,0.0,0.0,215.09851754196816,-392.25982180876815,905.9592006176038,-439.7073442882764,35.77683311023117,119.56031180073495,0.0,0.0,0.0,102.4413846171447,0.0,0.0,0.13118172140408707,0.0,0.0,0.0,72.74622732413671,0.0,0.0,0.0,0.0,323.3506474171038,0.0,0.0,0.0,0.0,0.0,0.0,0.0,0.0,-244.3894211947766,0.0,0.011925611036744065,0.011925611036744065,0.0,0.0,0.0,0.0,0.0,0.0,0.0,0.0,0.0,0.0,0.0,0.0,0.0,0.0,0.0,206.15430926441036,0.0,0.0,0.0,0.0,0.0,0.0,0.0,0.0,0.0,0.0,0.0,239.1206236014699,0.0,1000.0,0.0,0.0,0.0,0.0,71.55366622046235,0.0,0.0,0.0,0.0,0.0,0.0,-71.55366622046235,0.0,239.1206236014699,0.0,0.0,0.0,0.0,0.0,0.0,0.0,0.0,0.0,0.0,-968.3007992034517,-1000.0,81.6904356016945,-266.20830955258646,230.4314764423553,0.0,982.9543266248141,0.0,0.0,0.0,0.0,0.0,0.0,0.0,0.0,0.0,0.0,0.0,0.0,0.0,0.0,0.0,0.0,0.0,-14.907013795929656,0.0,-642.6102221559437,8.944208277557788,0.0,0.0,0.0,0.0,0.0,-1000.0,998.509298620407,21.004976239384234,0.0,0.0,0.0,0.0,0.0,0.0,0.0,1000.0,35.77683311023117,35.77683311023117,0.0,0.0,0.0,0.0,0.0,0.13118172140408707,206.15430926441036,0.0,0.0,-982.9543266248141,0.0,0.0,0.0,0.0,0.0,0.0,0.0,0.0,0.0,0.0,0.0,0.0,0.0,0.0,353.12535958219877,0.0,0.0,16.246736827637505,0.0,125.21891588580911,128.74303229902762,0.0,0.0,0.0,0.0,0.0,206.15430926441036,0.0,-278.7327878078002,0.0,0.0,0.0,-14.907013795929656,0.0,0.0,0.0,0.0,0.0,0.0,0.0,0.0,0.0,0.0,0.0,0.0,0.0,0.0,0.0,0.0,0.0,0.0,-0.11925611036743725,0.0,0.0,5.962805518371862,-178.41335933254393,0.0,0.0,0.0,0.0,0.0,0.0,0.0,0.0,10.267951102636252,2.981402759185931,0.0,0.0,0.0,0.11925611036743725,0.0,119.25611036743724,-20.722657386268025,23.85122207348745,0.8518293597674089,365.21802158042493,-0.08944208277557793,822.7958124575648,2.385122207348745,-0.5962805518372172,-365.21802158042493,35.77683311023117,-0.11925611036743737,7.14664940427065,0.0,0.02981402759185931,0.8518293597674089,-21.43994821281195,-138.54588457123037,-2.385122207348745,-142.03795532877191,-0.11925611036743725,0.02981402759185931,-365.21802158042493,11.925611036743724,0.11925611036743737,0.11925611036743725,-205.90387143263882,-119.42913007933078,-161.11898428570026,-0.08944208277557793,35.77683311023117,0.11925611036743725,35.77683311023118,-59.62805518371862,-0.05962805518371862,-273.2746046732505,-158.04160345109602,-0.08944208277557793,-0.11925611036743725,-20.722657386268025,0.11925611036743725,11.925611036743724,-2.385122207348745,145.99673630398487,145.99673630398487,-11.925611036743724,142.03795532877191,-145.99673630398487,23.85122207348745,0.17888416555115585,-1000.0,11.925611036743724,-270.06971632949325,0.0,-23.85122207348745,0.05962805518371862,1.1925611036743724,165.09031679831128,230.00553133789782,-0.11925611036743725,-232.98693409708375,205.90387143263882,36.969394213905545,0.11925611036743725,138.54588457123037,-143.1073324409247,0.0,-0.11925611036743725,-0.02981402759185931,0.0,-0.11925611036743725,-88.07438896325627,0.11925611036766462,-0.02981402759185931,-0.02981402759185931,-0.02981402759185931,47.7024441469749,59.62805518371862,1.1925611036743724,88.35387076847279,-0.02981402759185931,323.0339841923519,5.962805518371862,50.0,0.11925611036743725,0.05962805518371862,0.05962805518371862,11.925611036743724,20.722657386268025,0.11925611036743725,-20.722657386268025,1.1925611036743724,0.11925611036743725,-88.35387076847279,0.11925611036743725,0.47702444146976575,0.5962805518372172,0.05962805518371862,0.02981402759185931,35.77683311023117,-0.11925611036743725,161.11898428570026,1.1925611036743724,-176.70774153694558,819.8144096983789,-11.925611036743724,23.85122207348745,5.962805518371862,-0.11925611036743725,21.43994821281195,0.17888416555115585,-0.11925611036743725,-23.85122207348745,20.722657386268025,219.5425019707718,0.05962805518371862,-100.0,-0.11925611036743725,-0.11925611036766462,-0.11925611036743725,0.05962805518371862,365.21802158042493,-23.85122207348745,0.11925611036743725,330.18063359662256,-0.02981402759185931,119.42913007933078,-330.18063359662256,17.888416555115587,158.04160345109602,472.09024785139303,365.21802158042493,-0.08944208277557793,232.98693409708375,-230.00553133789782,0.11925611036743725,-0.02981402759185932,5.962805518371862,119.25611036743724,-0.05962805518371862,-0.11925611036743725,0.02981402759185931,0.0,0.0,699.9403719448163,0.0,-255.0,0.0,354.02362651209796,-140.0,0.0,-80.0,81.2978859986796,-325.0,-300.0,40.0,127.5,-40.6489429993398,0.0,70.0,-206.15430926441036,-321.9838865879165,300.0,325.0,-321.9838865879165,-354.02362651209796,242.60267395813946,0.0,1496.5981,hplb
106,0.0,0.0,0.0,0.0,0.0,0.0,0.0,0.0,-0.12196312252639463,0.0,0.0,0.0,0.0,0.0,0.0,0.0,-48.63645941980826,0.0,0.0,348.63645941980826,0.0,0.0,0.0,458.9368373946417,0.0,0.0,0.0,0.0,0.0,-313.8089915240622,0.0,0.0,123.94472539669141,0.0,0.0,0.0,0.0,999.5121475098946,0.0,-497.8281566579144,1000.0,0.0,0.0,362.44545094387047,0.0,0.0,0.0,0.0,0.0,-419.8153755186908,0.0,0.0,0.0,0.13415943477937137,0.0,0.0,0.0,0.0,0.0,0.0,63.54704342614207,0.0,159.31674382375488,0.0,0.0,0.0,0.0,0.0,235.21840028862096,-235.21840028862096,0.0,1.2196312252639463,0.0,0.0,0.0,0.0,0.0,0.0,0.0,0.0,0.0,0.0,0.0,0.0,73.17787351583684,0.0,0.0,0.0,0.0,300.0,-0.030490780631598657,0.0,0.0,0.0,36.58893675791839,0.0,36.58893675791839,-931.5943985242777,0.0,0.0,0.0,6.098156126319731,-525.9284787916991,0.0,0.0,-13.359889595474927,0.0,0.0,0.0,0.0,0.0,0.0,0.0,0.0,0.0,0.0,0.0,0.0,0.0,0.0,0.0,0.0,0.0,0.0,-1000.0,0.0,0.0,36.58893675791839,0.0,37.80856798318233,0.0,0.0,0.0,0.0,0.0,0.0,-222.86378724989694,0.0,0.0,0.0,0.0,0.0,0.0,0.0,0.0,9.391160434532381,0.12196312252639463,0.0,0.0,0.0,0.0,0.0,0.0,0.0,0.0,0.0,455.8218091910094,0.0,0.0,0.0,0.0,0.0,583.9325846048508,583.9325846048508,0.0,0.0,0.0,0.0,157.42243384729656,0.0,0.0,584.0545477273772,0.0,0.0,0.0,-98.36812726223434,0.0,0.0,0.0,0.0,0.0,0.0,0.0,0.0,0.0,0.0,-163.5654862607032,0.0,0.0,0.0,0.0,-428.0021254344625,0.0,0.0,0.0,0.0,0.0,419.8153755186908,0.0,0.0,0.0,222.86378724989694,0.0,0.0,0.0,0.0,0.0,0.0,212.11948726763694,-714.6380148210783,0.0,0.0,0.0,0.0,0.0,0.0,0.0,0.0,0.0,0.0,0.0,0.0,0.0,18.61688215976384,-51.21475098944215,362.44545094387047,0.0,0.0,0.0,0.0,-46.381292098957005,0.0,0.0,0.0,0.0,63.54704342614207,0.0,0.0,0.0,0.0,0.0,0.0,0.0,0.0,0.0,10.025368671667268,24.392624505278924,0.0,0.0,0.0,0.0,0.0,0.0,-362.44545094387047,0.0,0.0,222.86378724989694,-495.7697003976129,0.0,0.0,0.0,17.268165010276846,0.0,0.0,-514.6211021946892,-312.6249999999786,0.0,485.3788978053109,-687.3750000000214,1000.0,0.0,0.0,348.63645941980826,419.8153755186908,0.0,163.79461669770103,0.0,0.0,0.0,0.0,0.0,0.0,0.0,583.8106214823244,0.0,0.0,-394.09297541831666,0.0,0.0,0.0,63.54704342614207,-0.18294468378959192,0.0,0.0,0.0,0.0,0.12196312252639463,0.0,0.0,0.0,204.90532485393695,-48.63645941980826,0.0,-540.6739529439532,233.00887702290098,0.0,919.186929467166,0.0,468.421430924586,0.0,-13.359889595474927,0.0,0.0,0.0,-10.501024849522913,-444.5267836069605,-13.393622468102592,0.0,-374.6204900833392,0.0,0.0,0.0,0.0,0.0,0.0,0.0,0.0,0.0,0.0,0.0,0.0,0.0,0.0,0.0,0.0,0.0,0.0,0.0,-1000.0,0.0,0.0,937.6925546505975,0.0,0.0,0.0,-19.416529106199647,0.0,0.0,0.0,0.0,0.0,-790.6916166816604,0.0,763.67572021729,0.0,1000.0,-124.35327754369325,993.9018438736803,-150.82972201368779,0.0,0.0,-769.7738763436097,-751.2668944525901,-3.0490780631598655,-1000.0,0.0,0.0,-312.88411687431346,1000.0,0.0,36.58893675791839,0.0,0.0,0.0,0.0,0.0,0.0,0.0,-18.61688215976384,18.61688215976384,18.61688215976384,-123.08391084401475,0.0,0.0,0.0,0.0,0.0,212.11948726763694,0.0,0.0,-95.76970039761282,0.0,0.0,117.40200729075235,0.0,0.0,0.0,0.0,-87.80368774736054,0.2439262450528707,0.0,0.0,0.0,0.0,0.0,0.0,0.0,0.0,0.0,0.0,0.0,0.0,0.0,0.0,0.0,0.0,0.0,0.0,0.0,0.13415943477937137,0.13415943477937137,0.0,274.2242576544849,0.0,73.17787351583684,0.0,0.0,0.0,-404.47237260126934,0.0,0.0,0.0,0.0,0.0,501.3388247502929,404.47237260126934,0.0,0.0,0.0,0.0,0.0,117.40200729075235,0.0,0.0,0.0,0.0,0.0,0.0,0.0,333.3333333333333,-204.90532485393695,0.0,0.0,9.391160434532381,0.0,0.0,0.0,-176.48249515093994,0.0,501.3388247502929,0.0,735.4707246474401,-321.93558764450773,0.0,0.0,18.61688215976384,0.0,0.0,0.0,0.0,0.0,0.0,0.0,0.0,0.0,0.0,0.0,0.0,0.0,73.17787351583678,222.86378724989694,222.86378724989694,0.0,0.0,0.0,0.0,0.0,0.0,0.0,0.0,0.0,0.0,1.2196312252639463,0.0,0.0,0.0,0.0,0.0,0.0,0.0,0.0,36.58893675791839,0.0,0.0,0.0,0.0,0.0,0.0,0.0,0.0,0.0,0.0,0.0,0.0,0.0,36.58893675791839,36.58893675791839,1000.0,404.47237260126934,0.0,117.40200729075235,0.0,0.0,0.0,0.0,0.0,-474.07152120830085,212.11948726763694,-282.1192589359439,0.12196312252639463,0.0,0.0,0.0,161.06972659932217,0.0,0.0,0.0,0.0,0.0,0.0,0.0,0.0,0.0,0.0,0.0,0.0,0.0,0.0,0.0,0.0,0.0,0.12196312252639463,0.0,0.0,0.0,0.0,0.0,0.0,0.0,0.0,0.0,0.0,937.6925546505975,0.0,-19.416529106199647,-1000.0,-9.147234189479597,-6.098156126319731,0.0,0.0,0.0,0.0,0.0,0.0,0.0,0.0,0.0,0.0,0.0,0.0,222.86378724989694,0.0,0.0,0.0,-306.7859607479937,0.0,0.0,0.0,-0.12196312252639463,0.0,0.0,0.12196312252639463,0.0,0.12196312252639463,0.0,0.0,0.0,73.17787351583684,148.79500948220146,148.79500948220146,0.0,0.0,0.0,0.0,0.0,0.0,0.0,0.0,0.0,212.11948726763694,0.0,0.0,0.0,0.0,0.0,0.0,0.0,0.0,0.0,0.0,0.0,0.0,0.0,0.0,0.0,0.0,0.0,176.48249515093994,0.0,-554.1250137612542,554.1250137612542,0.18294468378959192,0.0,0.0,0.0,-36.58893675791839,0.0,0.0,0.0,0.0,0.0,-274.2242576544849,6.098156126319731,0.0,0.0,0.0,0.0,-157.42243384729656,0.0,0.0,0.0,0.0,0.0,0.0,0.0,0.0,0.0,222.86378724989694,0.0,0.0,163.78329938970947,255.60737549472108,0.0,300.60737549472105,-13.359889595474927,0.0,-19.416529106199647,19.416529106199647,0.0,0.0,-644.5647098798144,0.0,6.098156126319731,525.9781279889118,0.0,0.0,0.0,-95.76970039761282,0.0,0.0,-562.5000000000006,562.5000000000006,0.0,0.0,0.0,0.0,0.0,446.93697810466773,-301.6659602229232,148.79500948220146,0.0,0.0,0.0,0.0,0.0,0.0,0.0,0.0,0.0,10.025368671667268,0.0,0.0,0.0,-161.06972659932217,121.31426255370795,0.0,36.58893675791839,0.0,0.0,0.0,0.0,93.38107244969964,0.0,0.0,0.13415943477937137,0.0,0.0,0.0,74.39750474110072,0.0,0.0,0.0,0.0,-51.21475098944215,0.0,0.0,0.0,0.0,0.0,0.0,0.0,0.0,0.0,0.0,0.012196312252639462,0.012196312252639462,0.0,0.0,0.0,0.0,0.0,0.0,0.0,0.0,0.0,0.0,0.0,0.0,0.0,0.0,0.0,274.2242576544849,0.0,0.0,0.0,0.0,0.0,0.0,0.0,419.8153755186908,0.0,0.0,0.0,0.0,0.0,600.0,0.0,0.0,0.0,0.0,73.17787351583684,0.0,0.0,0.0,0.0,0.0,926.8221264841632,-1000.0,0.0,0.0,0.0,0.0,0.0,0.0,0.0,0.0,0.0,0.0,0.0,0.0,907.4987688526047,-1000.0,83.54473893058034,0.0,-36.58893675791839,0.0,999.5121475098946,0.0,0.0,0.0,0.0,0.0,0.0,0.0,0.0,0.0,718.75,0.0,-718.75,-718.75,0.0,0.0,0.0,0.0,-15.245390315799328,222.86378724989694,-9.147234189479597,292.5187260334441,0.0,0.0,0.0,0.0,0.0,-1.524539031579933,0.0,95.76970039761282,0.0,0.0,0.0,0.0,0.0,0.0,0.0,1000.0,36.58893675791839,36.58893675791839,0.0,0.0,0.0,0.0,0.0,0.13415943477937137,274.2242576544849,0.0,0.0,-999.5121475098946,0.0,0.0,0.0,0.0,0.0,0.0,0.0,0.0,0.0,0.0,0.0,0.0,0.0,0.0,277.0625068806271,0.0,0.0,0.0,0.0,128.06127865271435,9.391160434532381,0.0,0.0,0.0,0.0,0.0,274.2242576544849,0.0,0.0,0.0,0.0,0.0,-15.245390315799328,0.0,0.0,0.0,0.0,0.0,0.0,0.0,0.0,0.0,0.0,0.0,0.0,0.0,0.0,0.0,0.0,0.0,0.0,-0.12196312252639463,0.0,0.0,6.098156126319731,-501.3388247502929,0.0,0.0,0.0,0.0,222.86378724989694,0.0,0.0,0.0,10.501024849522913,3.0490780631598655,0.0,0.0,0.0,0.12196312252639463,0.0,121.96312252639461,-37.80856798318233,24.392624505278928,0.8711651609028187,340.27711184864097,-0.09147234189479596,6.098156126319736,2.4392624505278926,-0.6098156126317917,-340.27711184864097,36.58893675791839,-0.12196312252639463,4.453296531824976,117.40200729075235,0.030490780631598657,0.8711651609028187,-13.359889595474927,-19.416529106199647,-2.4392624505278926,-300.0,-0.12196312252639463,0.030490780631598657,-340.27711184864097,12.196312252639462,0.12196312252639463,0.12196312252639463,-273.9681350971792,0.13415943477903408,-185.02863395310212,-0.09147234189479596,36.58893675791839,0.12196312252639463,36.58893675791839,-60.981561263197314,-0.060981561263197315,-244.0733960469574,34.06301672379115,-0.09147234189479596,-0.12196312252639463,-37.80856798318233,0.12196312252639463,12.196312252639462,-2.4392624505278926,176.48249515093994,176.48249515093994,-12.196312252639462,300.0,-176.48249515093994,24.392624505278924,0.18294468378959192,-1000.0,12.196312252639462,-333.3333333333333,117.40200729075235,-24.392624505278924,0.06098156126319731,1.2196312252639463,135.1684882359883,280.0,-0.12196312252639463,-301.6659602229232,273.9681350971792,37.80856798318233,0.12196312252639463,19.416529106199647,-28.953739740921254,117.40200729075235,-0.12196312252639463,-0.030490780631598657,-117.40200729075235,-0.12196312252639463,-87.80368774736054,0.1219631225262674,-0.030490780631598657,-0.030490780631598657,-0.030490780631598657,48.78524901055785,60.981561263197314,1.2196312252639463,215.94972634994008,-0.030490780631598657,265.8836799401516,6.098156126319731,50.0,0.12196312252639463,0.060981561263197315,0.060981561263197315,70.89731589801563,37.80856798318233,0.12196312252639463,-37.80856798318233,1.2196312252639463,0.12196312252639463,-467.13032224634225,0.12196312252639463,0.4878524901053971,0.6098156126317917,0.060981561263197315,0.030490780631598657,36.58893675791839,-0.12196312252639463,185.02863395310212,1.2196312252639463,-431.89945269988016,3.049078063159868,-12.196312252639462,24.392624505278924,6.098156126319731,-0.12196312252639463,13.359889595474927,0.18294468378959192,-0.12196312252639463,-141.79463179603127,37.80856798318233,177.51113814501358,0.060981561263197315,-100.0,-0.12196312252639463,-0.1219631225262674,-0.12196312252639463,0.060981561263197315,340.27711184864097,-24.392624505278924,0.12196312252639463,270.3369764719766,-0.030490780631598657,-0.13415943477903408,-270.3369764719766,18.29446837895919,-34.06301672379115,563.4992803501655,340.27711184864097,-0.09147234189479596,301.6659602229232,-280.0,0.12196312252639463,-0.030490780631598657,6.098156126319731,121.96312252639461,-0.060981561263197315,-0.12196312252639463,0.030490780631598657,0.0,0.0,699.9390184387368,251.18059589640217,-255.0,0.0,420.4062587416795,-140.0,0.0,-80.0,112.05117593421073,-325.0,-300.0,40.0,127.5,-56.02558796710538,0.0,70.0,-274.2242576544849,-270.8922105947132,300.0,325.0,-270.8922105947132,-420.4062587416795,218.58184311498064,0.0,1496.5981,hplb
107,0.0,0.0,0.0,0.0,0.0,0.0,0.0,0.0,538.9115049980743,0.0,0.0,0.0,0.0,0.0,0.0,0.0,-40.19285165516408,201.0224109889599,0.0,0.0,0.0,0.0,0.0,1000.0,0.0,0.0,0.0,0.0,0.0,411.074273081563,0.0,0.0,21.002076556248483,0.0,0.0,0.0,0.0,960.1355351096597,0.0,-1000.0,1000.0,0.0,0.0,0.0,0.0,0.0,0.0,0.0,0.0,0.0,0.0,-80.38570331032815,0.0,0.1319307729834236,0.0,0.0,0.0,0.0,0.0,0.0,21.394156672629364,0.0,784.6396861061294,656.9699088759119,0.0,0.0,0.0,0.0,313.79394781822316,0.0,0.0,1.1993706634877221,0.0,0.0,0.0,0.0,0.0,0.0,0.0,0.0,0.0,0.0,0.0,0.0,71.96223980926332,0.0,17.731363651871465,-241.56391595754116,362.2006236361729,79.5577959323279,965.1631884767958,0.0,0.0,-1000.0,35.98111990463166,0.0,35.98111990463166,0.0,608.529298847701,0.0,0.0,5.99685331743861,411.074273081563,0.0,0.0,0.0,0.0,0.0,0.0,0.0,0.0,0.0,0.0,0.0,0.0,0.0,0.0,0.0,0.0,0.0,0.0,0.0,0.0,0.0,-925.4777379640259,0.0,0.0,35.98111990463166,0.0,37.18049056811939,27.576338170706578,0.0,-1000.0,1000.0,0.0,0.0,-149.06393390284688,0.0,0.0,0.0,0.0,0.0,0.0,0.0,0.0,26.966517760726923,0.1199370663487722,965.193172743383,0.0,0.0,0.0,-698.9874132697545,0.0,0.0,0.0,0.0,426.3921358458533,0.0,0.0,0.0,0.0,0.0,392.47242493514165,392.47242493514165,0.0,0.0,0.0,0.0,-682.708469047345,0.0,0.0,392.5923620014904,0.0,0.0,0.0,310.10695863078274,0.0,0.0,0.0,0.0,0.0,0.0,0.0,0.0,0.0,0.0,0.0,0.0,0.0,0.0,0.0,-1000.0,0.0,0.0,0.0,0.0,0.0,0.0,80.38570331032815,-362.2006236361729,362.2006236361729,149.06393390284688,0.0,0.0,0.0,0.0,0.0,0.0,0.0,-14.992133293596524,0.0,0.0,0.0,0.0,0.0,0.0,0.0,0.0,0.0,0.0,0.0,0.0,0.0,0.0,646.9622398092633,-451.26712473672706,0.0,0.0,0.0,0.0,157.88635629877402,0.0,0.0,0.0,0.0,21.394156672629364,-451.26712473672706,0.0,0.0,0.0,0.0,0.0,0.0,0.0,0.0,3.8619735364290833,23.98741326975444,0.0,0.0,-37.112598359904325,687.2886489124414,-523.3788362833859,0.0,451.26712473672706,0.0,0.0,149.06393390284688,-760.8569210477169,0.0,0.0,0.0,-70.64131713040149,0.0,0.0,118.5018308189935,0.0,1000.0,-231.32270145368108,349.82453227267445,650.1754677273256,0.0,0.0,0.0,0.0,0.0,82.82680125286674,0.0,0.0,0.0,0.0,0.0,0.0,0.0,339.1583969131785,0.0,0.0,1000.0,0.0,0.0,0.0,21.394156672629364,-0.1799055995231583,0.0,0.0,0.0,0.0,0.1199370663487722,0.0,0.0,0.0,653.2066163573181,-40.19285165516408,0.0,-618.5447898150354,166.86156302018537,0.0,957.5106398511191,0.0,0.0,0.0,0.0,0.0,0.0,0.0,499.5793989620806,-499.5793989620806,0.0,938.5955082999642,-1000.0,0.0,0.0,0.0,0.0,0.0,0.0,0.0,0.0,0.0,0.0,0.0,0.0,0.0,0.0,0.0,0.0,0.0,0.0,0.0,-1000.0,0.0,39.38471662494522,0.0,0.0,0.0,58.216900123669916,391.47070115229894,0.0,608.529298847701,0.0,0.0,0.0,185.78545114385741,-698.367604611029,34.659444417184176,0.0,0.0,579.5143543147051,-1000.0,-97.70613527563938,-573.6951049376921,698.367604611029,-40.65629773462279,59.594041238523765,-2.998426658719305,994.0031466825614,-1000.0,0.0,937.7069868858274,1000.0,-1000.0,35.98111990463166,0.0,0.0,0.0,654.4246956098483,0.0,539.0314420644231,0.0,0.0,0.0,0.0,-423.4121088796027,0.0,0.0,0.0,0.0,0.0,0.0,0.0,0.0,-70.81289325384523,0.0,0.0,78.47048005351263,0.0,0.0,0.0,0.0,-88.00629336512279,0.23987413269741145,0.0,0.0,0.0,0.0,0.0,0.0,0.0,0.0,0.0,313.79394781822316,0.0,0.0,0.0,0.0,0.0,0.0,0.0,0.0,0.0,0.1319307729834236,0.1319307729834236,0.0,256.0125867302456,0.0,71.96223980926332,0.0,0.0,0.0,1000.0,0.0,0.0,17.731363651871465,0.0,0.0,-38.08126760683709,-1000.0,0.0,0.0,390.7503121393207,0.0,0.0,78.47048005351263,0.0,0.0,0.0,0.0,0.0,0.0,0.0,308.49257932134196,-653.2066163573181,698.9874132697545,0.0,26.966517760726923,0.0,-306.9502902016209,-693.0497097983791,-1000.0,0.0,-38.08126760683709,0.0,0.0,-126.08756097195987,0.0,0.0,0.0,0.0,0.0,0.0,0.0,0.0,0.0,0.0,0.0,0.0,0.0,0.0,0.0,0.0,71.96223980926332,149.06393390284688,149.06393390284688,0.0,0.0,0.0,0.0,0.0,0.0,0.0,0.0,0.0,0.0,1.1993706634877221,0.0,0.0,17.731363651871465,-17.731363651871465,0.0,80.38570331032815,0.0,0.0,35.98111990463166,-390.7503121393207,0.0,0.0,0.0,0.0,0.0,0.0,0.0,0.0,0.0,302.33059075033924,437.28018948321613,0.0,35.98111990463166,35.98111990463166,1000.0,-1000.0,0.0,78.47048005351263,0.0,0.0,0.0,0.0,0.0,-644.7071888714944,0.0,-572.5666584117332,0.1199370663487722,0.0,0.0,0.0,48.08867729734863,0.0,0.0,1000.0,0.0,0.0,0.0,0.0,0.0,0.0,0.0,0.0,0.0,0.0,0.0,0.0,0.0,0.0,0.1199370663487722,0.0,0.0,0.0,0.0,0.0,0.0,0.0,0.0,39.38471662494522,0.0,1000.0,0.0,0.0,-1000.0,-8.995279976157914,-5.99685331743861,0.0,0.0,0.0,0.0,0.0,0.0,0.0,0.0,0.0,0.0,0.0,0.0,149.06393390284688,0.0,0.0,0.0,-56.29615979673399,0.0,0.0,0.0,538.9115049980743,0.0,0.0,0.1199370663487722,0.0,0.1199370663487722,0.0,0.0,0.0,71.96223980926332,146.3232209455021,146.3232209455021,0.0,0.0,0.0,0.0,0.0,0.0,0.0,698.9874132697545,0.0,0.0,0.0,0.0,0.0,509.90598037470966,0.0,0.0,0.0,0.0,0.0,0.0,0.0,0.0,0.0,0.0,0.0,0.0,0.0,306.9502902016209,0.0,0.0,0.0,0.1799055995231583,0.0,0.0,0.0,-35.98111990463166,0.0,0.0,0.0,0.0,0.0,-256.0125867302456,5.99685331743861,0.0,0.0,0.0,0.0,682.708469047345,-1000.0,0.0,0.0,0.0,0.0,0.0,0.0,0.0,0.0,149.06393390284688,0.0,390.7503121393207,-339.8050960117059,256.0125867302456,0.0,1000.0,0.0,0.0,-608.529298847701,608.529298847701,0.0,0.0,-907.180141993219,0.0,5.99685331743861,1000.0,0.0,0.0,0.0,-106.27562055758816,0.0,0.0,668.026245360963,-668.026245360963,0.0,-422.29919244945506,0.0,0.0,0.0,-17.990559952315856,0.0,146.3232209455021,0.0,0.0,0.0,0.0,0.0,0.0,0.0,0.0,0.0,3.8619735364290833,0.0,0.0,282.9984266587193,-361.8826251155718,-370.9459529369283,0.0,35.98111990463166,17.731363651871465,0.0,0.0,0.0,93.6687508121312,0.0,0.0,0.1319307729834236,0.0,0.0,0.0,73.16161047275105,0.0,0.0,0.0,0.0,646.9622398092633,0.0,0.0,0.0,0.0,0.0,0.0,0.0,0.0,0.0,0.0,0.011993706634877564,0.011993706634877564,0.0,0.0,0.0,0.0,0.0,0.0,0.0,0.0,0.0,0.0,0.0,0.0,0.0,0.0,0.0,256.0125867302456,0.0,0.0,0.0,0.0,0.0,0.0,0.0,0.0,0.0,0.0,0.0,35.46272730374293,0.0,0.0,201.0224109889599,0.0,0.0,0.0,71.96223980926332,0.0,0.0,0.0,0.0,0.0,859.6885518239116,-931.6507916331749,0.0,35.46272730374293,0.0,0.0,0.0,0.0,0.0,0.0,0.0,0.0,0.0,0.0,572.5666584117332,704.9625925100328,592.0628708236186,0.0,-35.98111990463166,0.0,999.5202517346049,0.0,0.0,0.0,0.0,0.0,0.0,0.0,0.0,0.0,0.0,0.0,0.0,0.0,0.0,0.0,0.0,0.0,-14.992133293596524,149.06393390284688,-8.995279976157914,500.91070039855174,0.0,0.0,0.0,0.0,0.0,-1.4992133293596528,0.0,70.81289325384523,0.0,0.0,0.0,0.0,0.0,0.0,0.0,1000.0,35.98111990463166,35.98111990463166,0.0,0.0,0.0,0.0,0.0,0.1319307729834236,256.0125867302456,0.0,0.0,-999.5202517346049,0.0,0.0,0.0,0.0,0.0,0.0,0.0,0.0,0.0,0.0,0.0,0.0,0.0,0.0,0.0,0.0,0.0,27.576338170706578,0.0,125.93391966621081,0.0,0.0,26.966517760726923,0.0,0.0,0.0,256.0125867302456,0.0,994.0031466825614,0.0,0.0,0.0,-14.992133293596524,0.0,0.0,0.0,0.0,0.0,0.0,0.0,0.0,0.0,0.0,0.0,0.0,0.0,0.0,0.0,0.0,0.0,0.0,-0.1199370663487722,0.0,0.0,5.99685331743861,38.08126760683709,0.0,0.0,0.0,0.0,149.06393390284688,0.0,0.0,0.0,-499.5793989620806,2.998426658719305,0.0,0.0,0.0,0.1199370663487722,0.0,119.93706634877219,-9.604152397412804,23.98741326975444,0.8566933310626587,389.7770914544876,-0.08995279976157915,5.996853317438612,2.3987413269754443,-0.599685331743846,-389.7770914544876,35.98111990463166,-0.11993706634877221,0.0,78.47048005351263,0.029984266587193054,0.8566933310626587,0.0,-36.82534461459477,-2.3987413269754443,-160.82955933379583,-0.11993706634877221,0.029984266587193054,-389.7770914544876,11.99370663487722,0.11993706634877221,0.1199370663487722,-255.76071889091338,-17.599432878887814,-109.00836992137124,-0.08995279976157915,35.98111990463166,0.11993706634877221,35.98111990463166,-59.9685331743861,-0.05996853317438611,-317.3837659244821,-170.0,-0.08995279976157915,-0.11993706634877221,-9.604152397412804,0.1199370663487722,11.99370663487722,-2.3987413269754443,306.9502902016209,306.9502902016209,-11.99370663487722,160.82955933379583,-306.9502902016209,23.98741326975444,0.1799055995231583,0.0,11.99370663487722,-308.49257932134196,78.47048005351263,-23.98741326975444,0.05996853317438611,1.1993706634877221,154.63619745375885,280.0,-0.1199370663487722,-282.9984266587193,255.76071889091338,37.18049056811939,0.11993706634877221,36.82534461459477,-65.45399956501407,78.47048005351263,-0.1199370663487722,-0.029984266587193054,-78.47048005351263,-0.11993706634877221,-88.00629336512279,0.1199370663488859,-0.029984266587193054,-0.029984266587193054,-0.029984266587193054,47.97482653950888,59.9685331743861,1.1993706634877221,127.00719254991674,-0.029984266587193054,309.2723949075177,5.99685331743861,50.0,0.1199370663487722,0.05996853317438611,0.05996853317438611,51.228946661633536,9.604152397412804,0.1199370663487722,-9.604152397412804,1.1993706634877221,0.11993706634877228,-203.30482958746174,0.11993706634877221,0.4797482653951306,0.599685331743846,0.05996853317438611,0.029984266587193054,35.98111990463166,-0.11993706634877221,109.00836992137124,1.1993706634877221,-254.01438509983348,2.9984266587193034,-11.99370663487722,23.98741326975444,5.99685331743861,-0.11993706634877221,0.0,0.1799055995231583,-0.11993706634877228,-102.45789332326707,9.604152397412804,395.80125034766746,0.05996853317438611,-100.0,-0.11993706634877221,-0.1199370663488859,-0.11993706634877221,0.05996853317438611,389.7770914544876,-23.98741326975444,0.1199370663487722,309.2723949075177,-0.029984266587193054,17.599432878887814,-309.2723949075177,17.990559952315827,170.0,-186.04895628698995,389.7770914544876,-0.08995279976157915,282.9984266587193,-280.0,0.11993706634877221,-0.029984266587193054,5.99685331743861,119.93706634877219,-0.05996853317438611,-0.11993706634877221,0.029984266587193054,0.0,0.0,-79.61776446550229,76.297637037545,-255.0,0.0,301.2009601147987,-23.65268572255613,0.0,385.61897776410865,-255.0,-325.0,-79.5577959323279,-192.80948888205432,127.5,127.5,0.0,11.82634286127806,-256.0125867302456,-489.47000115979864,79.5577959323279,325.0,-489.47000115979864,-301.2009601147987,177.33062652246778,0.0,1496.5981,hplb
108,0.0,0.0,0.0,0.0,0.0,0.0,0.0,0.0,-0.1274977933451921,0.0,0.0,0.0,0.0,0.0,0.0,0.0,-282.964917720318,837.6322674065415,0.0,-254.66734968622347,0.0,0.0,0.0,517.8166837184743,0.0,0.0,0.0,0.0,0.0,-433.3674124004848,0.0,0.0,746.022535393262,0.0,0.0,0.0,0.0,55.0292746189815,0.0,-1000.0,899.6849294932347,0.0,0.0,-539.7769012769221,0.0,0.0,0.0,0.0,1000.0,-378.6815046078244,0.0,-256.1092313977249,0.0,0.1402475726798374,0.0,0.0,0.0,25.499558669038418,0.0,0.0,41.87385625199857,0.0,117.43262950579793,0.0,0.0,0.0,0.0,0.0,0.0,0.0,0.0,1.2749779334519211,0.0,0.0,0.0,0.0,0.0,0.0,0.0,0.0,0.0,0.0,0.0,0.0,76.49867600711526,0.0,0.0,-117.65179467652001,1000.0,-561.5425632787951,-0.031874448336298024,0.0,0.0,-257.43341432310797,38.24933800355763,0.0,100.31507050676532,-1.3160993432700252,0.0,0.0,0.0,6.3748896672596045,-1000.0,0.0,0.0,-74.81083981085064,0.0,0.0,0.0,0.0,0.0,0.0,0.0,0.0,0.0,0.0,0.0,0.0,0.0,0.0,0.0,0.0,0.0,0.0,-798.0580981016234,0.0,0.0,100.31507050676532,0.0,39.524315937009554,0.0,0.0,-529.2460436486828,0.0,529.2460436486828,-529.2460436486828,0.0,812.4999999997367,-812.4999999997367,-159.3064857577965,0.0,0.0,0.0,0.0,0.0,9.817330087579785,0.1274977933451921,0.0,0.0,0.0,0.0,0.0,0.0,0.0,0.0,0.0,418.44814633341167,0.0,0.0,0.0,0.0,0.0,953.2477465947187,953.2477465947187,0.0,0.0,0.0,0.0,-626.6142912281225,0.0,0.0,953.375244388064,0.0,0.0,0.0,0.0,-253.26669505187567,0.0,0.0,0.0,0.0,0.0,0.0,0.0,0.0,0.0,-129.1444507361657,0.0,0.0,0.0,0.0,-1000.0,0.0,0.0,0.0,0.0,0.0,378.6815046078244,256.1092313977249,-138.45743672120489,138.45743672120489,159.3064857577965,0.0,0.0,0.0,0.0,0.0,0.0,566.6325875995152,-716.4367828371874,0.0,0.0,0.0,0.0,0.0,0.0,0.0,0.0,0.0,0.0,0.0,0.0,0.0,190.65295278489535,13.064849841284527,-539.7769012769221,0.0,0.0,0.0,0.0,157.1227228721356,0.0,0.0,0.0,0.0,41.87385625199857,0.0,0.0,0.0,0.0,0.0,0.0,0.0,0.0,0.0,2.7893296024461165,0.0,62.06573250320769,0.0,-973.1988168184562,165.25861990274876,1000.0,0.0,539.7769012769221,0.0,0.0,159.3064857577965,155.54730788113437,0.0,0.0,0.0,-159.92735602108382,0.0,0.0,-64.40393975657702,0.0,0.0,-64.40393975657702,0.0,0.0,861.5425632787951,0.0,-693.9499557220917,378.6815046078244,0.0,39.28963480315383,0.0,0.0,0.0,-461.9628070998949,0.0,461.9628070998949,0.0,1000.0,0.0,0.0,0.0,0.0,0.0,0.0,41.87385625199857,-0.19124669001778813,0.0,0.0,0.0,0.0,0.1274977933451921,0.0,0.0,0.0,580.4663912608564,-282.964917720318,0.0,-660.7987233670369,-25.46641042665139,253.26669505187567,1000.0,0.0,0.0,0.0,-74.81083981085064,0.0,0.0,0.0,-10.977560007021165,0.0,10.977560007021165,-1000.0,-1000.0,0.0,0.0,0.0,0.0,0.0,0.0,0.0,0.0,0.0,0.0,0.0,0.0,0.0,0.0,0.0,0.0,0.0,0.0,0.0,-1000.0,0.0,944.4607342076378,0.0,0.0,0.0,739.5686536643481,-12.606659690025902,0.0,0.0,0.0,0.0,0.0,0.0,0.0,259.5487763865657,0.0,0.0,0.0,-556.7357828297125,-182.65333874632233,0.0,0.0,-265.9236660538253,1000.0,-3.1874448336298022,550.360893162453,80.2993601320847,0.0,674.1444156630137,-926.3043409506652,0.0,100.31507050676532,-562.5000000000001,562.5000000000001,0.0,0.0,0.0,0.0,0.0,-190.65295278489535,190.65295278489535,190.65295278489535,-379.33979529522935,0.0,0.0,-46.87975119862649,0.0,0.0,566.6325875995152,0.0,0.0,-75.55877325379937,0.0,0.0,0.0,0.0,0.0,0.0,0.0,-87.2502206654808,0.25499558669024286,0.0,0.0,0.0,0.0,0.0,0.0,0.0,0.0,0.0,0.0,0.0,0.0,0.0,0.0,0.0,0.0,0.0,0.0,0.0,0.1402475726798374,0.1402475726798374,0.0,375.10984526650566,0.0,76.49867600711526,0.0,0.0,0.0,-440.14777775933624,0.0,0.0,0.0,0.0,0.0,254.20702660455345,440.14777775933624,0.0,0.0,160.34821448607892,0.0,0.0,0.0,0.0,0.0,0.0,0.0,0.0,0.0,0.0,266.01936603387446,-580.4663912608564,0.0,0.0,23.282771725623334,0.0,0.0,-257.43341432310797,-573.86262295304,0.0,254.20702660455345,0.0,1000.0,-833.0431940609274,0.0,0.0,190.65295278489535,0.0,0.0,0.0,0.0,0.0,0.0,0.0,0.0,0.0,0.0,0.0,0.0,0.0,76.49867600711526,159.3064857577965,159.3064857577965,0.0,0.0,0.0,0.0,0.0,0.0,0.0,0.0,0.0,0.0,1.2749779334519211,0.0,0.0,0.0,0.0,0.0,256.1092313977249,0.0,0.0,100.31507050676532,-160.34821448607892,0.0,0.0,13.465441638043547,0.0,0.0,0.0,0.0,0.0,0.0,686.3687665208183,0.0,0.0,38.24933800355763,38.24933800355763,1000.0,440.14777775933624,0.0,0.0,0.0,0.0,0.0,0.0,0.0,1000.0,566.6325875995152,973.569995446208,0.1274977933451921,0.0,0.0,0.0,168.37905008280407,683.6510764370416,0.0,257.43341432310797,0.0,0.0,0.0,0.0,0.0,0.0,0.0,0.0,0.0,0.0,0.0,0.0,0.0,0.0,0.1274977933451921,0.0,0.0,0.0,-585.959864510222,585.959864510222,0.0,0.0,0.0,944.4607342076378,-824.9551859272749,812.348526237249,0.0,0.0,-1000.0,-9.562334500889408,-6.3748896672596045,0.0,0.0,0.0,0.0,0.0,0.0,0.0,0.0,0.0,0.0,0.0,0.0,159.3064857577965,253.26669505187567,0.0,0.0,680.5193053302733,0.0,0.0,0.0,-0.1274977933451921,0.0,0.0,0.1274977933451921,0.0,0.1274977933451921,0.0,0.0,0.0,76.49867600711526,155.54730788113437,155.54730788113437,0.0,0.0,0.0,0.0,0.0,0.0,0.0,0.0,0.0,566.6325875995152,0.0,0.0,0.0,0.0,0.0,0.0,0.0,0.0,0.0,0.0,0.0,0.0,0.0,0.0,0.0,0.0,0.0,316.4292086299321,0.0,0.0,0.0,0.19124669001778813,0.0,0.0,0.0,-100.31507050676532,0.0,0.0,0.0,0.0,0.0,-375.10984526650566,6.3748896672596045,0.0,0.0,0.0,0.0,626.6142912281225,-812.348526237249,0.0,0.0,0.0,0.0,0.0,0.0,0.0,0.0,159.3064857577965,0.0,160.34821448607892,0.0,184.4568924816103,0.0,299.50044133096156,608.840236626191,0.0,0.0,0.0,0.0,0.0,0.0,0.0,6.3748896672596045,1000.0,0.0,508.9983652534664,0.0,-75.55877325379937,0.0,0.0,0.0,0.0,0.0,0.0,0.0,0.0,0.0,513.8166305035608,-403.79684876917395,155.54730788113437,0.0,0.0,0.0,0.0,0.0,0.0,0.0,0.0,0.0,2.7893296024461165,0.0,0.0,0.0,-168.37905008280407,-325.5325710623326,0.0,38.24933800355763,0.0,0.0,0.0,0.0,101.36254801305421,0.0,0.0,0.1402475726798374,0.0,0.0,0.0,77.77365394056719,0.0,0.0,0.0,0.0,13.064849841284527,0.0,0.0,0.0,0.0,0.0,0.0,0.0,0.0,0.0,0.0,458.51032377153973,0.012749779334519208,0.0,0.0,0.0,0.0,0.0,0.0,0.0,0.0,0.0,0.0,0.0,0.0,0.0,0.0,0.0,375.10984526650566,0.0,0.0,0.0,0.0,0.0,0.0,0.0,378.6815046078244,0.0,0.0,0.0,0.0,-910.2452351936333,651.807325742407,837.6322674065415,0.0,0.0,0.0,76.49867600711526,0.0,0.0,0.0,0.0,0.0,0.0,-76.49867600711526,0.0,0.0,0.0,0.0,0.0,0.0,0.0,0.0,0.0,0.0,0.0,0.0,-973.569995446208,-1000.0,87.33598844145659,0.0,-100.31507050676532,0.0,999.4900088266193,0.0,0.0,0.0,0.0,0.0,0.0,0.0,0.0,0.0,0.0,0.0,0.0,0.0,0.0,0.0,0.0,0.0,-15.937224168149012,159.3064857577965,-9.562334500889408,394.2345142682845,0.0,0.0,0.0,0.0,0.0,-1.5937224168149013,0.0,75.55877325379937,0.0,0.0,0.0,0.0,0.0,0.0,0.0,1000.0,38.24933800355763,38.24933800355763,0.0,0.0,0.0,0.0,0.0,0.1402475726798374,375.10984526650566,0.0,0.0,-999.4900088266193,458.4975739922052,0.0,0.0,0.0,0.0,0.0,0.0,0.0,0.0,0.0,0.0,0.0,0.0,0.0,0.0,0.0,0.0,0.0,0.0,133.87268301245172,9.817330087579785,0.0,0.0,0.0,0.0,0.0,375.10984526650566,0.0,804.6575372267192,0.0,0.0,0.0,-15.937224168149012,0.0,0.0,0.0,0.0,0.0,0.0,0.0,0.0,0.0,0.0,0.0,0.0,0.0,0.0,0.0,0.0,0.0,0.0,-0.1274977933451921,0.0,0.0,6.3748896672596045,-254.20702660455345,0.0,0.0,0.0,0.0,159.3064857577965,0.0,0.0,0.0,10.977560007021165,3.1874448336298022,0.0,0.0,0.0,0.1274977933451921,0.0,127.49779334519208,-39.524315937009554,25.49955866903842,0.9106985238942292,355.71884343308596,-0.09562334500889406,6.3748896672596045,2.549955866903842,-0.6374889667259324,-355.71884343308596,38.24933800355763,-0.1274977933451921,24.936946603616878,0.0,0.031874448336298024,0.9106985238942292,-74.81083981085064,-20.29764870055567,-2.549955866903842,-300.0,-0.1274977933451921,0.031874448336298024,-355.71884343308596,12.749779334519209,0.1274977933451921,0.1274977933451921,-374.84209990048066,0.14024757267970492,0.0,-0.09562334500889406,38.24933800355763,0.1274977933451921,100.31507050676532,-1.6831641693883554,-0.06374889667259605,-268.8264667117104,-170.0,-0.09562334500889406,-0.1274977933451921,-39.524315937009554,0.1274977933451921,12.749779334519209,-2.549955866903842,316.4292086299321,316.4292086299321,-12.749779334519209,300.0,-316.4292086299321,25.499558669038418,0.19124669001778813,-1000.0,12.749779334519209,-266.01936603387446,0.0,-25.499558669038418,0.06374889667259605,1.2749779334519211,165.19968084175923,209.95645115064872,-0.1274977933451921,-403.79684876917395,374.84209990048066,39.524315937009554,0.1274977933451921,20.29764870055567,-215.0630845174378,0.0,-0.1274977933451921,-0.031874448336298024,0.0,-0.1274977933451921,-87.2502206654808,0.1274977933451921,-0.031874448336298024,-0.031874448336298024,-0.031874448336298024,50.999117338076836,1.6831641693883554,1.2749779334519211,158.7099722092828,-0.031874448336298024,305.4624150799016,6.3748896672596045,50.0,0.1274977933451921,0.06374889667259605,0.06374889667259605,12.749779334519209,39.524315937009554,0.1274977933451921,-39.524315937009554,1.2749779334519211,0.1274977933451921,-287.210061338608,0.1274977933451921,0.5099911733807403,0.6374889667259324,0.06374889667259605,0.031874448336298024,38.24933800355763,-0.1274977933451921,0.0,1.274977933451921,-317.4199444185656,3.1874448336298022,-12.749779334519209,25.499558669038418,6.3748896672596045,-0.1274977933451921,74.81083981085064,0.19124669001778813,-0.1274977933451921,-25.49955866903842,39.524315937009554,212.41643940437945,0.06374889667259605,-100.0,-0.1274977933451921,-0.1274977933451921,-0.1274977933451921,0.06374889667259605,355.71884343308596,-25.499558669038418,0.1274977933451921,330.39936168351846,-0.031874448336298024,-0.14024757267970492,-330.39936168351846,19.124669001778813,170.0,229.5739768943089,355.71884343308596,-0.09562334500889406,403.79684876917395,-209.95645115064872,0.1274977933451921,-0.03187444833629803,6.3748896672596045,127.49779334519208,-0.06374889667259605,-0.1274977933451921,0.031874448336298024,0.0,0.0,699.9362511033274,128.5000891293252,-255.0,0.0,933.1467032181927,-140.0,0.0,-80.0,-255.0,-325.0,-300.0,40.0,127.5,127.5,0.0,70.0,-375.10984526650566,-313.77898741743365,300.0,325.0,-313.77898741743365,-933.1467032181927,567.7300042005556,0.0,1496.5981,hplb
109,0.0,0.0,0.0,0.0,0.0,0.0,0.0,0.0,-0.11712525521816974,0.0,0.0,0.0,0.0,0.0,0.0,0.0,206.06250000000182,-906.0625000000018,0.0,1000.0,0.0,0.0,0.0,0.0,0.0,0.0,0.0,0.0,0.0,-343.23990880538804,0.0,0.0,47.594082694553656,0.0,0.0,0.0,0.0,220.33072959106266,0.0,-504.56209991555806,1000.0,0.0,-932.1528636503544,-605.2179905964003,0.0,0.0,0.0,0.0,-1000.0,0.0,0.0,189.75746424856789,0.0,0.12883778074010255,0.0,0.0,0.0,23.42505104363395,0.0,0.0,9.000259869863289,0.0,974.1388787339283,925.1938665655607,0.0,0.0,0.0,0.0,0.0,529.4056060127516,0.0,1.1712525521816977,0.0,0.0,0.0,0.0,0.0,0.0,0.0,953.9075355002662,0.0,0.0,0.0,0.0,70.27515313090186,0.0,0.0,1000.0,881.2743657425473,300.0,-0.029281313804542436,0.0,0.0,-666.9373517443067,35.13757656545093,0.0,35.13757656545093,-3.771433218024953,0.0,0.0,0.0,5.856262760908487,-1000.0,0.0,0.0,0.0,0.0,0.0,0.0,0.0,0.0,0.0,0.0,0.0,0.0,0.0,0.0,0.0,0.0,0.0,0.0,0.0,0.0,0.0,-1000.0,0.0,0.0,35.13757656545093,0.0,36.30882911763262,0.0,0.0,-228.18048226524857,228.18048226524857,0.0,0.0,-57.94527203823084,0.0,0.0,0.0,0.0,0.0,0.0,0.0,0.0,9.018644651799065,0.11712525521816974,0.0,0.0,0.0,0.0,0.0,0.0,0.0,0.0,0.0,380.9564478829796,0.0,0.0,0.0,0.0,0.0,466.2023169030058,466.2023169030058,0.0,0.0,0.0,-62.50000000000001,0.0,0.0,0.0,466.319442158224,0.0,0.0,0.0,0.0,0.0,0.0,0.0,0.0,0.0,0.0,0.0,0.0,0.0,0.0,-256.38692341632395,0.0,0.0,0.0,0.0,-1000.0,0.0,0.0,0.0,0.0,0.0,0.0,742.3953994017866,-881.2743657425473,881.2743657425473,57.94527203823084,0.0,0.0,0.0,0.0,0.0,0.0,656.760091194612,-713.0657079459052,0.0,0.0,0.0,0.0,0.0,0.0,0.0,0.0,0.0,0.0,0.0,0.0,0.0,109.37235838607685,-53.1498979127321,394.78200940359966,0.0,0.0,0.0,0.0,126.41821824607915,0.0,0.0,0.0,0.0,9.000259869863289,1000.0,0.0,0.0,0.0,0.0,0.0,0.0,0.0,0.0,0.0,0.0,0.0,0.0,149.86353927002096,980.2594071047612,-138.8789663407607,0.0,-394.78200940359966,0.0,0.0,57.94527203823084,572.0617861485052,0.0,0.0,0.0,-359.49940991512085,0.0,0.0,-986.8409913461941,0.0,0.0,-986.8409913461942,0.0,0.0,0.0,0.0,-597.5794014939811,0.0,0.0,142.4159717743837,0.0,0.0,0.0,693.9008112428342,0.0,-693.9008112428342,0.0,556.093233968654,0.0,0.0,598.5546475144107,-62.5,0.0,0.0,9.000259869863289,-0.17568788282725462,0.0,0.0,0.0,0.0,0.11712525521816974,0.0,0.0,0.0,780.498933150239,206.06250000000182,0.0,-530.8623285393909,-17.07309773111694,0.0,933.3003910166394,0.0,252.14727661653285,0.0,0.0,0.0,0.0,0.0,747.8527233834672,0.0,-1000.0,-1000.0,-1000.0,0.0,0.0,0.0,0.0,0.0,0.0,0.0,0.0,0.0,0.0,0.0,0.0,0.0,0.0,0.0,0.0,0.0,-779.200769388064,0.0,-1000.0,0.0,0.0,0.0,0.0,0.0,0.0,-9.018644651799065,0.0,0.0,0.0,0.0,0.0,0.0,0.0,-599.6865289133069,-1000.0,0.0,-558.9873987108602,-189.1063301244613,0.0,84.35363599098275,0.0,593.8302661523984,-148.02048698341758,997.0718686195457,183.2500673635528,-1000.0,0.0,994.1437372390915,404.3330342328763,0.0,35.13757656545093,562.5000000000005,-562.5000000000005,0.0,0.0,0.0,0.0,0.0,-109.37235838607685,109.37235838607685,109.37235838607685,231.57494895636606,0.0,0.0,-90.00804232086635,0.0,0.0,656.760091194612,0.0,0.0,-39.94475229850426,0.0,0.0,101.83718554881153,0.0,0.0,0.0,0.0,-88.28747447818303,0.23425051043620965,0.0,0.0,0.0,0.0,0.0,0.0,0.0,0.0,0.0,0.0,0.0,0.0,0.0,0.0,0.0,0.0,0.0,0.0,0.0,0.12883778074010255,0.12883778074010255,0.0,365.9473073424429,0.0,70.27515313090186,0.0,0.0,0.0,-120.84457760261218,0.0,0.0,0.0,0.0,0.0,397.1880725030865,120.84457760261218,0.0,0.0,460.319513431699,0.0,0.0,101.83718554881153,0.0,0.0,0.0,0.0,0.0,0.0,0.0,333.3333333333333,-780.498933150239,0.0,0.0,9.018644651799065,0.0,0.0,-666.9373517443067,-851.3008420286167,0.0,397.1880725030865,0.0,308.9005980249035,0.0,0.0,0.0,109.37235838607685,0.0,0.0,0.0,0.0,0.0,0.0,0.0,0.0,0.0,0.0,0.0,0.0,0.0,70.27515313090186,57.94527203823084,57.94527203823084,0.0,0.0,0.0,0.0,0.0,0.0,0.0,0.0,0.0,0.0,1.1712525521816977,0.0,0.0,0.0,0.0,0.0,742.3953994017866,0.0,0.0,35.13757656545093,-460.319513431699,0.0,0.0,0.0,0.0,0.0,0.0,0.0,0.0,0.0,1000.0,-1000.0,0.0,35.13757656545093,35.13757656545093,1000.0,120.84457760261218,0.0,101.83718554881153,0.0,0.0,0.0,0.0,0.0,1000.0,656.760091194612,704.203384410736,0.11712525521816974,0.0,0.0,0.0,154.68063169491,0.0,0.0,666.9373517443067,0.0,0.0,0.0,0.0,0.0,0.0,0.0,0.0,0.0,0.0,0.0,0.0,0.0,0.0,0.11712525521816974,0.0,0.0,0.0,-1000.0,1000.0,0.0,0.0,0.0,0.0,-9.018644651799065,779.200769388064,0.0,0.0,-1000.0,-8.784394141362732,0.0,-5.856262760908487,0.0,0.0,0.0,0.0,0.0,0.0,0.0,0.0,0.0,0.0,0.0,57.94527203823084,0.0,0.0,0.0,1000.0,0.0,0.0,0.0,-0.11712525521816974,0.0,0.0,0.11712525521816974,0.0,0.11712525521816974,0.0,529.4056060127516,0.0,70.27515313090186,142.8928113661671,142.8928113661671,0.0,0.0,0.0,0.0,0.0,0.0,0.0,0.0,0.0,656.760091194612,0.0,0.0,415.99143781924147,341.9457700385103,0.0,0.0,0.0,0.0,0.0,0.0,0.0,0.0,0.0,0.0,0.0,0.0,0.0,184.36349028431,0.0,-60.360526385066805,60.360526385066805,0.17568788282725462,0.0,0.0,0.0,-35.13757656545093,0.0,0.0,0.0,0.0,0.0,-365.9473073424429,5.856262760908487,0.0,0.0,0.0,62.5,0.0,0.0,-5.856262760908487,0.0,0.0,0.0,0.0,0.0,0.0,0.0,57.94527203823084,0.0,460.319513431699,-933.1701302072784,256.57494895636603,0.0,301.57494895636603,0.0,779.200769388064,0.0,0.0,-779.200769388064,0.0,429.1689747823381,0.0,5.856262760908487,544.7809830690608,0.0,0.0,0.0,-39.94475229850426,0.0,0.0,0.0,0.0,0.0,0.0,0.0,0.0,0.0,238.81813513359842,0.0,142.8928113661671,0.0,0.0,0.0,0.0,0.0,0.0,0.0,0.0,0.0,0.0,0.0,0.0,392.3004897665311,-154.68063169491,1000.0,-932.1528636503544,35.13757656545093,0.0,0.0,0.0,0.0,97.35771236276778,0.0,0.0,0.12883778074010255,0.0,0.0,0.0,71.44640568308355,0.0,0.0,0.0,0.0,-53.1498979127321,0.0,0.0,0.0,0.0,0.0,0.0,0.0,0.0,-680.4086152447622,0.0,0.011712525521816975,0.011712525521816975,0.0,0.0,0.0,0.0,0.0,0.0,0.0,0.0,0.0,0.0,0.0,0.0,0.0,0.0,0.0,365.9473073424429,0.0,0.0,0.0,0.0,0.0,0.0,0.0,0.0,0.0,0.0,0.0,0.0,0.0,556.9409979078091,-906.0625000000018,0.0,0.0,0.0,70.27515313090186,0.0,0.0,0.0,0.0,0.0,-874.1860780737911,803.9109249428893,0.0,0.0,0.0,0.0,0.0,0.0,0.0,0.0,0.0,0.0,0.0,0.0,-704.203384410736,-1000.0,838.168007682198,331.9029034818153,-367.0404800472662,0.0,220.33072959106266,0.0,0.0,0.0,0.0,0.0,0.0,0.0,0.0,0.0,0.0,0.0,0.0,0.0,0.0,0.0,0.0,0.0,-14.64065690227122,57.94527203823084,-8.784394141362732,749.152813716389,0.0,0.0,0.0,0.0,0.0,-1.464065690227122,0.0,39.94475229850426,0.0,0.0,0.0,0.0,0.0,0.0,0.0,1000.0,35.13757656545093,35.13757656545093,0.0,0.0,0.0,0.0,953.9075355002662,0.12883778074010255,365.9473073424429,0.0,0.0,-220.33072959106266,0.0,0.0,0.0,0.0,0.0,0.0,0.0,0.0,0.0,0.0,0.0,0.0,0.0,0.0,294.8830661989092,0.0,0.0,0.0,0.0,122.98151797907825,9.018644651799065,0.0,0.0,0.0,0.0,0.0,365.9473073424429,0.0,-3.771433218024953,0.0,0.0,0.0,-14.64065690227122,0.0,0.0,0.0,0.0,0.0,0.0,0.0,0.0,0.0,0.0,0.0,0.0,0.0,0.0,0.0,0.0,0.0,0.0,-0.11712525521816974,0.0,0.0,5.856262760908487,-397.1880725030865,0.0,0.0,0.0,0.0,57.94527203823084,0.0,0.0,0.0,-747.8527233834672,2.9281313804542606,0.0,0.0,0.0,0.11712525521816974,0.0,117.12525521816974,-36.30882911763262,23.425051043633953,0.8366089658440696,326.7794620586936,-0.08784394141362731,5.856262760908487,2.342505104363395,-0.5856262760914603,-326.7794620586936,35.13757656545093,-0.11712525521816974,0.0,101.83718554881153,0.029281313804542436,0.8366089658440696,0.0,-18.646340630732503,-2.342505104363395,-300.0,-0.11712525521816974,0.029281313804542436,-326.7794620586936,11.712525521816975,0.11712525521816974,0.11712525521816974,-365.7013443064846,0.12883778073998672,-135.88155717273668,-0.08784394141362731,35.13757656545093,0.11712525521816974,35.13757656545093,-58.56262760908488,-0.05856262760908487,-245.07489071024293,-138.2478690231143,-0.08784394141362731,-0.11712525521816974,-36.30882911763262,0.11712525521816974,11.712525521816929,-2.342505104363395,184.36349028431,184.36349028431,-11.712525521816975,300.0,-184.36349028431,23.42505104363395,0.17568788282725462,-398.22806743993476,11.712525521816975,-333.3333333333333,101.83718554881153,-23.42505104363395,0.05856262760908487,1.1712525521816977,132.71558213484772,280.0,-0.11712525521816974,-392.3004897665311,365.7013443064846,36.30882911763262,0.11712525521816974,18.646340630732503,-38.71312071299218,101.83718554881153,-0.11712525521816974,-0.029281313804542436,-101.83718554881153,-0.11712525521816974,-88.28747447818303,0.11712525521828343,-0.029281313804542436,-0.029281313804542436,-0.029281313804542436,46.8501020872679,58.56262760908488,1.1712525521816977,264.7868098833381,-0.029281313804542436,265.43116426969544,5.856262760908487,50.0,0.11712525521816974,0.05856262760908487,0.05856262760908487,62.63111829622274,36.30882911763262,0.11712525521816974,-36.30882911763262,1.1712525521816977,0.11712525521816974,-620.8100827304917,0.11712525521816974,0.4685010208733047,0.5856262760914603,0.05856262760908487,0.029281313804542436,35.13757656545093,-0.11712525521816974,135.88155717273668,1.1712525521816974,-529.5736197666762,2.9281313804542437,-11.712525521816929,23.42505104363395,5.856262760908487,-0.11712525521816974,0.0,0.17568788282725462,-0.11712525521816974,-125.26223659244548,36.30882911763262,160.14863583870684,0.05856262760908487,-100.0,-0.11712525521816974,-0.11712525521828343,-0.11712525521816974,0.05856262760908487,326.7794620586936,-23.42505104363395,0.11712525521816974,265.43116426969544,-0.029281313804542436,-0.12883778073998672,-265.43116426969544,17.56878828272546,138.2478690231143,209.49470357565704,326.7794620586936,-0.08784394141362731,392.3004897665311,-280.0,0.11712525521816974,-0.029281313804542436,5.856262760908487,117.12525521816974,-0.05856262760908487,-0.11712525521816974,0.029281313804542436,0.0,0.0,98.16950481232568,356.0232728471536,-255.0,0.0,476.89418981271257,-50.18255083487532,0.0,526.680819344997,-255.0,-325.0,-300.0,-263.3404096724985,127.5,127.5,0.0,25.09127541743766,-365.9473073424429,-257.5063482014746,300.0,325.0,-257.5063482014746,-476.89418981271257,251.9473925019439,0.0,1496.5981,hplb
110,0.0,0.0,0.0,0.0,0.0,0.0,0.0,0.0,-0.1093063392283953,0.0,0.0,0.0,0.0,0.0,0.0,0.0,219.9686481317467,1000.0,0.0,-919.9686481317467,0.0,0.0,0.0,0.0,0.0,0.0,0.0,0.0,0.0,201.22536522629417,0.0,0.0,137.58432990305235,0.0,0.0,0.0,0.0,945.0755507938148,0.0,-1000.0,983.3674800846728,0.0,-162.19886761933762,67.72497889171655,0.0,0.0,487.41035678105146,0.0,-36.15516668186001,-944.5312765273303,0.0,-276.6254779740135,0.0,0.12023697315134295,0.0,0.0,0.0,0.0,0.0,0.0,-7.657493302925376,0.0,13.563748218290725,0.0,556.4837280067318,0.0,0.0,0.0,381.04189855018603,-381.04189855018603,0.0,1.0930633922839532,0.0,0.0,0.0,0.0,0.0,0.0,0.0,0.0,0.0,0.0,0.0,0.0,65.58380353703718,0.0,0.0,-1000.0,0.0,56.697348874211016,-0.02732658480709883,0.0,0.0,164.86631465329742,32.79190176851859,0.0,32.79190176851859,-3.519664123153767,0.0,0.0,0.0,5.465316961419766,-58.063849771527146,0.0,0.0,0.0,870.5948929649211,0.0,0.0,0.0,0.0,0.0,0.0,0.0,0.0,0.0,0.0,0.0,0.0,0.0,0.0,0.0,0.0,0.0,-456.00521406292705,0.0,0.0,32.79190176851859,0.0,33.884965160802544,33.884965160802544,0.0,0.0,0.0,0.0,0.0,-5.9062549153653485,0.0,0.0,0.0,0.0,0.0,0.0,0.0,0.0,8.416588120586438,0.1093063392283953,0.0,0.0,0.0,-1000.0,-237.92496767217528,0.0,0.0,0.0,0.0,511.25635948418716,0.0,0.0,0.0,0.0,0.0,473.0634137414867,473.0634137414867,0.0,0.0,0.0,0.0,-856.643648561434,0.0,0.0,473.1727200807151,0.0,0.0,0.0,0.0,-166.68879805939628,0.0,0.0,0.0,0.0,0.0,0.0,0.0,0.0,0.0,-962.6678218526488,0.0,0.0,0.0,0.0,-1000.0,0.0,0.0,0.0,0.0,0.0,944.5312765273303,438.82434559335115,114.30316987777745,-114.30316987777745,5.9062549153653485,0.0,0.0,0.0,0.0,0.0,0.0,259.2892149978213,-343.1944855419743,0.0,0.0,0.0,0.0,0.0,0.0,0.0,0.0,0.0,0.0,0.0,0.0,0.0,177.30241644924817,311.0526103986123,-823.863192269532,0.0,0.0,0.0,0.0,158.96005973793208,0.0,0.0,0.0,0.0,-7.657493302925376,-891.5881711612485,0.0,0.0,492.59994836668704,0.0,0.0,0.0,0.0,0.0,0.0,21.861267845679063,0.0,0.0,276.50203749711505,0.0,-483.0276512107314,0.0,823.863192269532,0.0,0.0,5.9062549153653485,-41.4271025675618,0.0,0.0,0.0,329.6360219043979,0.0,0.0,-516.5098381820812,-668.8713651316259,331.1286348683741,-847.6384730504553,1000.0,0.0,114.30316987777745,0.0,953.8642104538771,944.5312765273303,0.0,207.86830211553058,0.0,0.0,0.0,0.0,0.0,0.0,0.0,960.3644641833098,0.0,0.0,0.0,0.0,0.0,0.0,-7.657493302925376,-0.16395950884259297,0.0,0.0,0.0,0.0,0.1093063392283953,0.0,0.0,0.0,802.3417835781839,219.9686481317467,0.0,-375.8152841997976,67.56911787711363,166.68879805939628,1000.0,0.0,-278.5482086992057,0.0,0.0,0.0,0.0,0.0,-9.411275807564945,29.65390463408687,258.3055798726838,0.0,-1000.0,0.0,0.0,0.0,0.0,0.0,0.0,0.0,0.0,0.0,0.0,0.0,0.0,0.0,0.0,0.0,0.0,492.59994836668704,-54.48722384927157,0.0,-1000.0,0.0,0.0,0.0,0.0,540.7853053246714,0.0,-8.416588120586438,0.0,0.0,0.0,0.0,0.0,0.0,0.0,0.0,0.0,-410.6958031842729,0.0,0.0,0.0,-405.48656564371805,0.0,-5.465316961419766,247.93151091918875,-2.732658480709883,-5.465316961419766,0.0,0.0,176.42758466863364,0.0,0.0,32.79190176851859,0.0,0.0,0.0,0.0,0.0,0.0,0.0,-177.30241644924817,177.30241644924817,177.30241644924817,-80.08744018095992,0.0,0.0,0.0,0.0,0.0,259.2892149978213,0.0,0.0,-21.2212415212161,0.0,0.0,16.159381853191427,0.0,0.0,0.0,0.0,-89.06936607716047,0.21861267845666946,0.0,0.0,0.0,0.0,0.0,0.0,0.0,0.0,0.0,0.0,0.0,0.0,0.0,0.0,0.0,0.0,0.0,0.0,0.0,0.12023697315134295,0.12023697315134295,0.0,435.4411486035691,0.0,65.58380353703718,0.0,0.0,0.0,1000.0,0.0,0.0,0.0,0.0,0.0,108.707991949812,-1000.0,0.0,0.0,329.2432411384873,0.0,0.0,16.159381853191427,0.0,0.0,0.0,0.0,0.0,0.0,0.0,152.0017380209757,-802.3417835781839,367.33007470725414,0.0,8.416588120586438,0.0,0.0,164.86631465329742,0.0,0.0,108.707991949812,0.0,0.0,19.63862587265153,0.0,0.0,177.30241644924817,0.0,0.0,0.0,0.0,0.0,0.0,0.0,0.0,0.0,0.0,0.0,0.0,0.0,65.58380353703718,5.9062549153653485,5.9062549153653485,0.0,0.0,0.0,0.0,0.0,0.0,0.0,0.0,0.0,0.0,1.0930633922839532,0.0,0.0,0.0,0.0,0.0,438.82434559335115,0.0,0.0,32.79190176851859,-329.2432411384873,0.0,0.0,0.0,0.0,0.0,0.0,0.0,0.0,0.0,0.0,-362.0052319999603,0.0,32.79190176851859,32.79190176851859,1000.0,-1000.0,0.0,16.159381853191427,0.0,0.0,0.0,0.0,0.0,643.027631134534,259.2892149978213,1000.0,0.1093063392283953,0.0,0.0,8.814775499204163,0.0,0.0,0.0,-164.86631465329742,0.0,0.0,0.0,0.0,0.0,0.0,0.0,0.0,0.0,0.0,0.0,0.0,0.0,0.0,0.1093063392283953,0.0,0.0,0.0,0.0,0.0,0.0,0.0,0.0,0.0,0.0,46.070635728685104,0.0,0.0,-1000.0,-8.197975442129648,0.0,-5.465316961419766,0.0,187.50000000000003,187.50000000000003,-187.50000000000003,0.0,0.0,0.0,0.0,0.0,0.0,0.0,5.9062549153653485,166.68879805939628,0.0,0.0,181.89290163005342,0.0,0.0,0.0,-0.1093063392283953,0.0,0.0,0.1093063392283953,0.0,0.1093063392283953,0.0,0.0,0.0,65.58380353703718,133.35373385864227,133.35373385864227,0.0,0.0,0.0,0.0,0.0,0.0,0.0,367.33007470725414,0.0,259.2892149978213,0.0,0.0,0.0,0.0,0.0,0.0,0.0,0.0,0.0,0.0,0.0,0.0,0.0,0.0,0.0,0.0,0.0,164.86631465329742,0.0,0.0,0.0,0.16395950884259297,0.0,0.0,0.0,-32.79190176851859,0.0,0.0,0.0,0.0,0.0,-435.4411486035691,5.465316961419766,0.0,0.0,0.0,0.0,856.643648561434,0.0,-5.465316961419766,0.0,0.0,0.0,0.0,0.0,0.0,0.0,5.9062549153653485,0.0,329.2432411384873,311.03131092101796,258.13873215432096,0.0,670.4688068615751,0.0,54.48722384927157,-8.416588120586438,0.0,-46.070635728685104,0.0,-174.78083642620408,0.0,5.465316961419766,1000.0,0.0,0.0,0.0,-21.2212415212161,0.0,0.0,937.5000000000002,-937.5000000000002,0.0,0.0,0.0,0.0,0.0,946.2718709683895,0.0,133.35373385864227,0.0,0.0,0.0,0.0,0.0,0.0,0.0,0.0,0.0,0.0,0.0,0.0,460.03507492995806,-8.814775499204163,0.0,-162.19886761933762,32.79190176851859,0.0,0.0,0.0,0.0,-104.6479708544624,0.0,0.0,0.12023697315134295,0.0,0.0,0.0,66.67686692932114,0.0,0.0,0.0,0.0,311.0526103986123,0.0,870.5948929649211,0.0,0.0,0.0,0.0,0.0,0.0,815.837220805719,0.0,0.010930633922839843,0.010930633922839843,0.0,0.0,0.0,0.0,0.0,0.0,0.0,0.0,0.0,8.814775499204163,0.0,0.0,0.0,0.0,0.0,435.4411486035691,0.0,0.0,0.0,0.0,0.0,0.0,0.0,944.5312765273303,0.0,0.0,0.0,0.0,590.0835087452192,286.4185287518959,1000.0,0.0,0.0,0.0,65.58380353703718,0.0,0.0,0.0,0.0,0.0,0.0,-65.58380353703718,0.0,0.0,0.0,0.0,0.0,0.0,0.0,0.0,0.0,0.0,0.0,0.0,-1000.0,584.9637813630068,74.87484237145078,0.0,-32.79190176851859,0.0,945.0755507938148,0.0,0.0,0.0,0.0,0.0,0.0,0.0,0.0,0.0,0.0,0.0,0.0,0.0,0.0,0.0,0.0,0.0,-13.663292403549413,5.9062549153653485,-8.197975442129648,-8.197975442129632,0.0,0.0,0.0,0.0,0.0,0.0,-1.3663292403549414,21.2212415212161,0.0,0.0,0.0,0.0,0.0,0.0,0.0,1000.0,32.79190176851859,32.79190176851859,0.0,0.0,0.0,0.0,0.0,0.12023697315134295,435.4411486035691,0.0,0.0,-945.0755507938148,0.0,0.0,0.0,0.0,0.0,0.0,0.0,0.0,0.0,0.0,0.0,0.0,0.0,0.0,0.0,0.0,0.0,33.884965160802544,0.0,114.77165618981508,0.0,0.0,8.416588120586438,0.0,0.0,0.0,435.4411486035691,0.0,-3.519664123153767,0.0,0.0,0.0,-13.663292403549413,0.0,0.0,0.0,0.0,0.0,0.0,0.0,0.0,0.0,0.0,0.0,0.0,0.0,0.0,0.0,0.0,0.0,0.0,-0.1093063392283953,0.0,0.0,5.465316961419766,-108.707991949812,0.0,0.0,0.0,0.0,5.9062549153653485,0.0,0.0,0.0,9.411275807564945,2.732658480709883,0.0,0.0,0.0,0.1093063392283953,0.0,109.3063392283953,0.0,21.861267845679063,0.7807595659171094,372.734616768828,-0.08197975442129649,5.465316961419766,2.1861267845679064,-0.5465316961419817,-372.734616768828,32.79190176851859,-0.10930633922839532,0.0,16.159381853191427,0.02732658480709883,0.7807595659171094,0.0,-17.40156920515997,-2.1861267845679064,-300.0,-0.10930633922839532,0.02732658480709883,-372.734616768828,10.930633922839531,0.10930633922839532,0.1093063392283953,-435.21160529118936,0.12023697315123516,-226.65369598021283,-0.08197975442129649,32.79190176851859,0.10930633922839532,32.79190176851859,-54.65316961419765,-0.05465316961419766,-284.6026635039743,-170.0,-0.08197975442129649,-0.10930633922839532,0.0,0.1093063392283953,10.930633922839531,-2.1861267845679064,164.86631465329742,164.86631465329742,-10.930633922839531,300.0,-164.86631465329742,21.861267845679063,0.16395950884259297,-23.2032931148309,10.930633922839531,-152.0017380209757,16.159381853191427,-21.861267845679063,0.05465316961419766,1.0930633922839532,93.9538210499494,280.0,-0.1093063392283953,-460.03507492995806,435.21160529118936,33.884965160802544,0.1093063392283953,17.40156920515997,-115.0082252208832,16.159381853191427,-0.1093063392283953,-0.02732658480709883,-16.159381853191427,-0.10930633922839532,-959.6642590420815,0.10930633922839532,-0.02732658480709883,-0.02732658480709883,-0.02732658480709883,43.722535691358125,54.65316961419765,1.0930633922839532,80.98233407583697,-0.02732658480709883,187.9076420998988,5.465316961419766,50.0,0.1093063392283953,0.05465316961419766,0.05465316961419766,19.010324849435243,0.0,0.1093063392283953,0.0,1.0930633922839532,0.10930633922839532,-80.98233407583697,0.10930633922839532,0.43722535691358644,0.5465316961419817,0.05465316961419766,0.02732658480709883,32.79190176851859,-0.10930633922839532,226.65369598021283,1.0930633922839532,-161.96466815167395,2.7326584807098824,-10.930633922839531,21.861267845679063,5.465316961419766,-0.10930633922839532,0.0,0.16395950884259297,-0.10930633922839532,-38.020649698870486,0.0,417.3835857421532,0.05465316961419766,-100.0,-0.10930633922839532,-0.10930633922839532,-0.10930633922839532,0.05465316961419766,372.734616768828,-21.861267845679063,0.1093063392283953,187.9076420998988,-0.02732658480709883,-0.12023697315123516,-187.9076420998988,16.395950884259296,170.0,-173.7573516494915,372.734616768828,-0.08197975442129649,460.03507492995806,-280.0,0.10930633922839532,-0.027326584807098826,5.465316961419766,109.3063392283953,-0.05465316961419766,-0.1093063392283953,0.02732658480709883,0.0,0.0,-147.85187880677177,0.0,-255.0,0.0,645.2248539100295,-140.0,0.0,500.84167461859414,58.22617233528085,-325.0,-171.00051875198847,-250.42083730929707,127.5,-29.113086167640425,0.0,70.0,-435.4411486035691,-312.73561488769076,171.00051875198847,325.0,-312.73561488769076,-645.2248539100295,374.6512226040366,0.0,1496.5981,hplb
111,0.0,0.0,0.0,0.0,0.0,0.0,0.0,0.0,-0.053367826831358454,0.0,0.0,0.0,0.0,0.0,0.0,0.0,562.7426146332807,0.0,0.0,-445.95904213405913,0.0,0.0,0.0,0.0,0.0,0.0,0.0,0.0,0.0,-821.4278427826396,139.50334276188107,-139.50334276188107,138.82057102702674,0.0,0.0,0.0,0.0,367.86525922889547,0.0,-1000.0,983.9896519505925,0.0,-261.1962993911978,0.0,0.0,0.0,0.0,0.0,41.14095133938082,0.0,0.0,43.65202258121974,0.0,0.05870460951473433,0.0,0.0,0.0,10.67356536627169,0.0,0.0,117.1389692998913,0.0,198.70064405612328,-189.1804171543826,0.0,0.0,0.0,0.0,0.0,0.0,0.0,0.5336782683135846,0.0,0.0,0.0,0.0,0.0,0.0,0.0,0.0,0.0,0.0,0.0,0.0,32.02069609881508,0.0,0.0,0.0,-878.6522089576076,437.33743710696643,-0.013341956707839614,0.0,0.0,-10.458658946559297,16.01034804940754,0.0,16.01034804940754,-499.05064055079765,0.0,0.0,0.0,512.2262394375264,-821.4278427826396,0.0,0.0,0.0,0.0,110.73189581455267,0.0,0.0,0.0,0.0,0.0,0.0,0.0,0.0,0.0,0.0,0.0,0.0,0.0,0.0,0.0,0.0,-1000.0,0.0,0.0,16.01034804940754,0.0,16.544026317721123,0.0,0.0,0.0,0.0,0.0,0.0,0.0,0.0,0.0,-505.0200305103972,0.0,0.0,0.0,0.0,0.0,4.109322666014577,0.053367826831358454,0.0,0.0,0.0,411.8641152259278,-1000.0,0.0,0.0,0.0,0.0,-100.71037247971498,0.0,0.0,0.0,0.0,0.0,298.9421834397108,298.9421834397108,0.0,0.0,0.0,0.0,593.7499999995599,0.0,0.0,438.49889402842325,0.0,0.0,0.0,-1000.0,0.0,0.0,0.0,0.0,0.0,0.0,0.0,0.0,0.0,0.0,0.0,0.0,0.0,0.0,0.0,-1000.0,0.0,0.0,0.0,0.0,0.0,0.0,217.54427680997804,741.3147718506411,-741.3147718506411,505.0200305103972,0.0,0.0,0.0,0.0,0.0,0.0,0.0,-104.20865894611927,0.0,0.0,0.0,0.0,0.0,0.0,0.0,0.0,0.0,0.0,0.0,0.0,0.0,55.66302759075751,509.4830155066156,0.0,0.0,0.0,0.0,0.0,-5.020030510397191,0.0,0.0,0.0,0.0,117.1389692998913,0.0,139.50334276188107,0.0,0.0,0.0,0.0,0.0,0.0,0.0,248.13281760565874,0.0,0.0,0.0,1000.0,-881.1632801994465,1000.0,0.0,0.0,0.0,0.0,505.0200305103972,-934.8912512657427,0.0,0.0,0.0,-196.9691547779325,0.0,0.0,-1000.0,0.0,0.0,-1000.0,0.0,0.0,-137.33743710696643,0.0,297.8668009584213,0.0,0.0,-351.1037631405099,0.0,0.0,0.0,44.15949518984334,0.0,-44.15949518984334,0.0,889.8360966935477,0.0,0.0,1000.0,0.0,0.0,0.0,117.1389692998913,-0.08005174024703768,0.0,0.0,0.0,0.0,0.053367826831358454,0.0,0.0,0.0,235.85683434493373,562.7426146332807,0.0,0.0,44.05280283362746,0.0,1000.0,0.0,-165.7141024981258,0.0,0.0,0.0,0.0,0.0,946.7206223149462,218.99348018317957,-1000.0,732.5526128541954,-797.2229068512908,0.0,0.0,0.0,0.0,0.0,0.0,0.0,0.0,0.0,0.0,0.0,0.0,0.0,0.0,0.0,0.0,0.0,-631.9212694637797,0.0,-1000.0,0.0,0.0,605.9616713706071,0.0,0.0,0.0,-112.73879750979222,0.0,0.0,0.0,0.0,509.55784809595843,-910.8506233159954,636.5017569840224,-257.44731538954716,0.0,691.8571431328158,-485.70768101509907,-2.6683913415679226,-1000.0,976.8246289664496,-636.5017569840224,0.0,1000.0,-1.3341956707839613,0.0,0.0,0.0,-1000.0,1000.0,-2.6683913415679226,16.01034804940754,0.0,0.0,0.0,0.0,0.0,0.0,0.0,-55.66302759075751,55.66302759075751,55.66302759075751,-299.61589771896587,0.0,0.0,-451.4439383187872,0.0,0.0,0.0,0.0,0.0,-270.74209191061453,0.0,0.0,0.0,0.0,0.0,0.0,0.0,-94.66321731686415,0.10673565366232651,0.0,0.0,0.0,0.0,0.0,0.0,0.0,0.0,0.0,0.0,0.0,0.0,0.0,0.0,0.0,0.0,0.0,0.0,0.0,0.05870460951473433,0.05870460951473433,139.50334276188107,324.9894622244858,0.0,32.02069609881508,0.0,40.46317652092372,0.0,1000.0,0.0,0.0,0.0,0.0,0.0,-189.61554769481722,-1000.0,0.0,0.0,0.0,0.0,0.0,0.0,0.0,0.0,0.0,0.0,0.0,0.0,0.0,333.3333333333333,-235.85683434493373,588.1358847740722,0.0,4.109322666014577,0.0,0.0,-10.458658946559297,-510.4586589465593,0.0,-189.61554769481722,0.0,0.0,-284.27876501168134,-312.5000000001599,312.5000000001599,55.66302759075751,0.0,0.0,0.0,0.0,0.0,0.0,0.0,0.0,0.0,0.0,0.0,0.0,0.0,32.02069609881508,505.0200305103972,505.0200305103972,0.0,0.0,0.0,0.0,0.0,0.0,0.0,0.0,0.0,0.0,0.5336782683135846,0.0,139.50334276188107,0.0,0.0,139.50334276188107,217.54427680997804,0.0,0.0,16.01034804940754,0.0,0.0,0.0,0.0,0.0,0.0,0.0,0.0,0.0,0.0,-900.6762859816156,1000.0,0.0,16.010348049407536,16.010348049407536,1000.0,-1000.0,0.0,0.0,0.0,0.0,0.0,0.0,0.0,-911.1247700715559,0.0,-713.4885174582314,0.053367826831358454,0.0,0.0,-373.2809273661796,443.7607666722501,0.0,0.0,10.458658946559297,0.0,0.0,0.0,0.0,0.0,0.0,0.0,0.0,0.0,0.0,0.0,0.0,0.0,0.0,0.053367826831358454,0.0,0.0,0.0,760.3863165441312,-760.3863165441312,0.0,0.0,0.0,0.0,0.0,493.22287386081484,0.0,0.0,-368.0787305362203,-4.002587012351884,-2.6683913415679226,0.0,0.0,0.0,0.0,0.0,0.0,0.0,0.0,0.0,0.0,0.0,0.0,505.0200305103972,0.0,0.0,0.0,-1000.0,0.0,0.0,0.0,-0.053367826831358454,0.0,0.0,0.053367826831358454,0.0,0.053367826831358454,0.0,0.0,0.0,32.02069609881508,65.10874873425732,65.10874873425732,0.0,0.0,0.0,0.0,0.0,0.0,0.0,588.1358847740722,0.0,0.0,0.0,0.0,0.0,951.3155922051264,0.0,0.0,0.0,0.0,0.0,0.0,0.0,0.0,0.0,0.0,0.0,0.0,0.0,500.0,0.0,0.0,0.0,0.08005174024703768,0.0,0.0,0.0,-16.01034804940754,0.0,0.0,0.0,0.0,0.0,-324.9894622244858,2.6683913415679226,0.0,0.0,0.0,0.0,-593.7499999995599,-685.1907336506266,0.0,0.0,0.0,0.0,0.0,0.0,0.0,0.0,505.0200305103972,0.0,0.0,101.70154428607617,269.3264346337283,0.0,902.4623194078006,0.0,0.0,-797.9295311604188,0.0,797.9295311604188,0.0,-1000.0,40.46317652092372,2.6683913415679226,834.6413613568502,0.0,42.060757119609434,-139.50334276188107,-270.74209191061453,-408.2304409711565,408.2304409711565,1000.0,-1000.0,0.0,0.0,0.0,0.0,0.0,0.0,-8.005174024703138,65.10874873425732,0.0,0.0,0.0,139.50334276188107,0.0,0.0,0.0,0.0,0.0,248.13281760565874,0.0,0.0,328.9920492368377,-70.47983930607052,323.9477785364704,-261.1962993911978,16.01034804940754,0.0,0.0,0.0,0.0,-349.29676303197186,0.0,0.0,0.05870460951473433,0.0,0.0,0.0,32.55437436712866,0.0,0.0,0.0,0.0,509.4830155066156,0.0,0.0,0.0,0.0,0.0,0.0,0.0,0.0,-142.1455430045865,0.0,0.005336782683135866,0.005336782683135866,0.0,0.0,0.0,0.0,0.0,0.0,0.0,0.0,0.0,-373.2809273661796,139.50334276188107,0.0,0.0,0.0,0.0,324.9894622244858,0.0,0.0,0.0,0.0,0.0,0.0,0.0,0.0,0.0,0.0,0.0,0.0,236.07821624028236,1000.0,0.0,0.0,0.0,0.0,32.02069609881508,0.0,0.0,0.0,0.0,0.0,319.6133111529848,-351.63400725179986,0.0,0.0,0.0,0.0,0.0,0.0,0.0,0.0,0.0,139.50334276188107,139.50334276188107,0.0,916.2656106069406,-1000.0,987.8725535846067,-16.01034804940754,0.0,0.0,367.86525922889547,0.0,0.0,0.0,0.0,0.0,0.0,0.0,0.0,0.0,843.75,0.0,-843.75,-843.75,0.0,0.0,0.0,40.46317652092372,-6.670978353919807,505.0200305103972,-513.5604351083103,955.3181792174782,0.0,0.0,0.0,0.0,0.0,0.0,-0.6670978353919808,270.74209191061453,0.0,0.0,0.0,0.0,0.0,0.0,0.0,1000.0,16.010348049407536,16.010348049407536,0.0,0.0,0.0,0.0,0.0,0.05870460951473433,324.9894622244858,0.0,0.0,-367.86525922889547,0.0,0.0,0.0,0.0,0.0,0.0,0.0,0.0,0.0,0.0,0.0,0.0,0.0,0.0,0.0,0.0,0.0,0.0,0.0,56.03621817292639,4.109322666014577,0.0,0.0,0.0,0.0,0.0,324.9894622244858,0.0,789.4333731288681,0.0,0.0,0.0,-6.670978353919807,0.0,0.0,0.0,0.0,0.0,0.0,0.0,0.0,0.0,0.0,0.0,0.0,0.0,0.0,0.0,0.0,0.0,0.0,-0.053367826831358454,0.0,0.0,2.6683913415679226,189.61554769481722,0.0,0.0,0.0,0.0,505.0200305103972,0.0,0.0,0.0,-946.7206223149462,1.3341956707839613,0.0,0.0,0.0,0.053367826831358454,0.0,53.36782683135845,-16.544026317721123,10.67356536627169,0.3811987630811318,148.8962368594901,-0.04002587012351884,257.44731538954716,1.0673565366271691,-0.26683913415615734,-148.8962368594901,16.010348049407536,-0.053367826831358454,0.0,0.0,0.013341956707839614,0.3811987630811318,0.0,-8.496158031550749,138.4359862252539,-116.78357249922158,-0.053367826831358454,0.013341956707839614,-148.8962368594901,5.336782683135845,0.053367826831358454,0.053367826831358454,-324.87738978813974,0.05870460951449432,-233.48378834389092,-0.04002587012351884,16.010348049407536,0.053367826831358454,16.01034804940754,-26.68391341567923,-0.026683913415679227,334.1941608236059,-0.3701199995700222,-0.04002587012351884,-0.05336782683135846,-16.544026317721123,0.053367826831358454,5.336782683135845,-1.0673565366271691,500.0,500.0,-5.336782683135845,116.78357249922158,-500.0,10.67356536627169,0.08005174024703768,-609.4362857250735,5.336782683135845,-333.3333333333333,0.0,-10.67356536627169,0.026683913415679227,0.5336782683135846,0.0,280.0,-0.053367826831358454,-336.99722326154085,324.87738978813974,16.544026317721123,0.053367826831358454,8.496158031550749,-64.04139219763024,0.0,-0.053367826831358454,-0.013341956707839614,0.0,-0.053367826831358454,-94.66321731686415,0.053367826831358454,-0.013341956707839614,-0.013341956707839614,-0.013341956707839614,21.34713073254338,26.68391341567923,0.5336782683135846,39.538888703680456,-0.013341956707839614,0.0,2.6683913415679226,50.0,0.053367826831358454,0.026683913415679227,0.026683913415679227,5.336782683135845,16.544026317721123,0.053367826831358454,-16.544026317721123,0.5336782683135846,0.053367826831358454,-39.538888703680456,0.05336782683135846,0.2134713073248804,0.26683913415615734,0.026683913415679227,0.013341956707839614,16.010348049407536,-0.053367826831358454,233.48378834389092,-69.21799311262696,-79.07777740736091,256.1131197187632,-5.336782683135845,10.67356536627169,2.6683913415679226,-0.05336782683135846,0.0,0.08005174024703768,-0.053367826831358454,-10.67356536627169,16.544026317721123,649.2381153721777,0.026683913415679227,-100.0,-0.053367826831358454,-0.053367826831358454,-0.05336782683135846,0.02668391341567923,148.8962368594901,-10.67356536627169,0.053367826831358454,0.0,-0.013341956707839614,-0.05870460951449432,0.0,8.005174024703766,0.3701199995700124,488.92527600433283,148.8962368594901,-0.04002587012351884,336.99722326154085,-280.0,0.053367826831358454,-0.01334195670783961,2.6683913415679226,53.36782683135845,-0.026683913415679227,-0.053367826831358454,0.013341956707839614,0.0,0.0,309.4096018116578,0.0,-255.0,0.0,221.03703615518242,-140.0,0.0,548.0666856621042,288.94233235269417,-325.0,-300.0,-274.0333428310521,127.5,-144.47116617634708,0.0,70.0,-324.9894622244858,-299.9413523402058,300.0,325.0,-299.9413523402058,-221.03703615518242,139.8708228348384,0.0,1496.5981,hplb
112,0.0,0.0,0.0,0.0,0.0,0.0,0.0,0.0,282.1081452139458,0.0,0.0,0.0,0.0,0.0,0.0,0.0,-661.8740564162662,1000.0,0.0,-190.74615923088646,0.0,0.0,0.0,188.05756926393175,0.0,0.0,0.0,0.0,0.0,-674.2226798323392,0.0,0.0,627.0999646101945,0.0,0.0,0.0,0.0,55.226496616345095,0.0,-1000.0,712.3466356009036,0.0,-389.3076360408344,55.13484264647116,0.0,0.0,0.0,0.0,382.3682686377167,-575.6549549597651,0.0,0.0,0.0,0.13647555909553055,0.0,0.0,0.0,0.0,0.0,0.0,-58.71617179854382,0.0,0.0,-58.71617179854382,0.0,0.0,0.0,0.0,0.0,218.243625444725,0.0,1.2406869008673442,0.0,0.0,0.0,0.0,0.0,0.0,0.0,0.0,0.0,0.0,0.0,0.0,74.44121405204065,0.0,47.78985582490463,-395.99200693243574,0.0,675.6838977461153,706.2729354551956,0.0,0.0,665.1727755820394,37.220607026020325,0.0,37.220607026020325,-76.95505987353675,0.0,0.0,0.0,6.2034345043367205,-674.2226798323392,0.0,0.0,-19.99713586725172,701.6867232909442,0.0,0.0,0.0,0.0,0.0,0.0,0.0,0.0,0.0,0.0,0.0,0.0,0.0,0.0,0.0,0.0,0.0,-552.2347612528432,0.0,0.0,37.220607026020325,0.0,38.46129392688767,38.26174593084395,0.0,0.0,0.0,0.0,0.0,0.0,0.0,0.0,0.0,0.0,0.0,0.0,0.0,0.0,57.34314496158317,0.1240686900867344,706.3039526277173,0.0,0.0,-701.6867232909442,0.0,0.0,0.0,0.0,0.0,519.0575443580866,0.0,0.0,0.0,0.0,0.0,972.7328075363394,972.7328075363394,0.0,0.0,0.0,0.0,0.0,0.0,0.0,972.856876226426,0.0,0.0,0.0,849.4921850300319,0.0,0.0,0.0,0.0,0.0,0.0,0.0,0.0,0.0,0.0,0.0,0.0,0.0,0.0,0.0,-1000.0,0.0,0.0,0.0,0.0,0.0,575.6549549597651,389.3076360408344,-375.68389774611535,375.68389774611535,0.0,0.0,0.0,0.0,0.0,0.0,0.0,0.0,-715.3223242781887,0.0,0.0,0.0,0.0,0.0,0.0,0.0,0.0,0.0,0.0,0.0,0.0,0.0,0.0,-50.372523965306236,564.4208315700541,0.0,0.0,0.0,0.0,157.46906230123983,0.0,0.0,0.0,0.0,-58.71617179854382,509.285988923583,0.0,0.0,0.0,0.0,0.0,0.0,0.0,0.0,367.4756652428712,24.813738017346882,0.0,0.0,13.623738294719033,0.0,0.0,0.0,-564.4208315700541,0.0,0.0,0.0,0.0,0.0,0.0,0.0,251.4284934181884,0.0,0.0,-541.3491445467496,-541.3491445467496,0.0,0.0,0.0,541.3491445467496,-375.68389774611535,0.0,447.1936813177172,575.6549549597651,0.0,265.20607490243714,0.0,0.0,0.0,-956.3282676127444,0.0,956.3282676127444,0.0,829.2391713715388,0.0,0.0,0.0,0.0,0.0,0.0,-58.71617179854382,-0.1861030351301016,0.0,0.0,0.0,0.0,0.1240686900867344,0.0,0.0,0.0,437.83466542986866,-661.8740564162662,0.0,-403.6044783027646,-236.68152726018636,0.0,681.3694840895877,0.0,0.0,0.0,-19.99713586725172,0.0,0.0,0.0,37.709314154131995,-37.709314154131995,0.0,-1000.0,-1000.0,0.0,0.0,0.0,0.0,0.0,0.0,0.0,0.0,0.0,0.0,0.0,0.0,0.0,0.0,0.0,0.0,0.0,-944.277228623307,0.0,-1000.0,0.0,0.0,440.4357132956138,0.0,0.0,0.0,-424.81881020445434,0.0,0.0,0.0,0.0,0.0,0.0,0.0,0.0,0.0,37.709314154131995,0.0,0.0,0.0,-215.45011957238785,0.0,-6.2034345043367205,-98.90609660221267,-3.1017172521683603,-6.2034345043367205,-109.28523655002513,0.0,137.59897688834764,282.452051455998,0.0,37.220607026020325,0.0,0.0,0.0,0.0,0.0,282.23221390403256,0.0,0.0,0.0,0.0,-591.9299825354059,0.0,0.0,0.0,0.0,0.0,0.0,0.0,0.0,-21.852631947278383,0.0,0.0,68.19775853733621,0.0,0.0,0.0,0.0,-87.59313099132656,0.2481373801735517,0.0,0.0,0.0,0.0,0.0,0.0,0.0,0.0,0.0,218.24362544472498,0.0,0.0,0.0,0.0,0.0,0.0,0.0,0.0,0.0,0.13647555909553055,0.13647555909553055,0.0,216.392791208777,0.0,74.44121405204065,0.0,0.0,0.0,-137.01999005327696,0.0,0.0,47.78985582490463,0.0,0.0,9.118203018960003,137.01999005327696,0.0,0.0,31.4974316069325,0.0,0.0,68.19775853733621,0.0,0.0,0.0,0.0,0.0,0.0,0.0,184.07825375094774,-437.83466542986866,0.0,0.0,57.34314496158317,0.0,665.1727755820394,0.0,-157.46906230123983,0.0,9.118203018960003,0.0,-78.47492797236656,0.0,0.0,0.0,0.0,0.0,0.0,0.0,0.0,0.0,0.0,0.0,0.0,0.0,0.0,0.0,0.0,0.0,74.44121405204065,0.0,0.0,0.0,0.0,0.0,0.0,0.0,0.0,0.0,0.0,0.0,0.0,1.2406869008673442,0.0,0.0,47.78985582490463,-47.78985582490463,0.0,389.3076360408344,0.0,0.0,37.220607026020325,-31.4974316069325,0.0,0.0,0.0,0.0,0.0,0.0,0.0,0.0,0.0,331.26108700230867,0.0,0.0,37.220607026020325,37.220607026020325,1000.0,137.01999005327696,0.0,68.19775853733621,0.0,0.0,0.0,0.0,0.0,674.2226798323392,0.0,1000.0,0.1240686900867344,0.0,0.0,-467.4174064662672,478.220852101008,509.8390185283632,0.0,-665.1727755820394,0.0,0.0,0.0,0.0,0.0,0.0,0.0,0.0,0.0,0.0,0.0,0.0,0.0,0.0,0.1240686900867344,0.0,0.0,0.0,0.0,0.0,0.0,0.0,0.0,0.0,0.0,15.616903091159486,0.0,0.0,-55.722771376693004,-9.305151756505081,-6.2034345043367205,0.0,0.0,0.0,0.0,0.0,0.0,0.0,0.0,0.0,0.0,0.0,0.0,0.0,0.0,0.0,0.0,143.80241139268435,0.0,0.0,0.0,282.1081452139458,0.0,0.0,0.1240686900867344,0.0,0.1240686900867344,0.0,0.0,0.0,74.44121405204065,151.363801905816,151.363801905816,0.0,0.0,0.0,0.0,0.0,0.0,0.0,0.0,0.0,0.0,0.0,0.0,48.391628370599946,0.0,0.0,0.0,0.0,0.0,0.0,0.0,0.0,0.0,0.0,0.0,0.0,0.0,0.0,157.46906230123983,0.0,0.0,0.0,0.1861030351301016,0.0,0.0,0.0,-37.220607026020325,0.0,0.0,0.0,0.0,0.0,-216.392791208777,6.2034345043367205,0.0,0.0,0.0,0.0,0.0,424.81881020445434,0.0,0.0,0.0,0.0,0.0,0.0,0.0,0.0,0.0,0.0,31.4974316069325,241.98978323840504,216.392791208777,0.0,300.1862619826531,489.8418826611115,0.0,0.0,0.0,0.0,0.0,-151.363801905816,0.0,6.2034345043367205,675.7134953263394,0.0,0.0,0.0,-117.43234359708764,0.0,0.0,0.0,0.0,0.0,0.0,0.0,0.0,0.0,225.69794296528207,-244.30824647829235,151.363801905816,0.0,0.0,0.0,0.0,0.0,0.0,0.0,0.0,0.0,367.4756652428712,0.0,0.0,0.0,-229.04707107946578,0.0,-389.3076360408344,37.220607026020325,47.78985582490463,0.0,0.0,0.0,-37.479746100409486,0.0,0.0,0.13647555909553055,0.0,0.0,0.0,75.681900952908,0.0,0.0,0.0,0.0,-50.372523965306236,0.0,701.6867232909442,0.0,0.0,0.0,0.0,0.0,0.0,0.0,0.0,576.7880861204686,0.012406869008673795,0.0,0.0,0.0,0.0,0.0,0.0,0.0,0.0,0.0,-467.4174064662672,0.0,0.0,0.0,0.0,0.0,216.392791208777,0.0,0.0,0.0,0.0,0.0,0.0,0.0,575.6549549597651,0.0,0.0,0.0,95.57971164980925,154.94513105788877,-450.56981712503915,1000.0,0.0,0.0,0.0,74.44121405204065,0.0,0.0,0.0,0.0,0.0,0.0,-74.44121405204065,0.0,95.57971164980925,0.0,0.0,0.0,0.0,0.0,0.0,0.0,0.0,0.0,0.0,-1000.0,-1000.0,133.37868108001305,0.0,-37.220607026020325,0.0,55.226496616345095,0.0,0.0,0.0,0.0,0.0,0.0,0.0,0.0,0.0,338.5416666666667,0.0,-338.5416666666667,-338.5416666666667,0.0,0.0,0.0,0.0,-15.508586260841803,0.0,-9.305151756505081,283.3947230923871,0.0,0.0,0.0,0.0,0.0,-1.5508586260841803,0.0,21.852631947278383,0.0,0.0,0.0,0.0,0.0,0.0,0.0,1000.0,37.220607026020325,37.220607026020325,0.0,0.0,0.0,0.0,0.0,0.13647555909553055,216.392791208777,0.0,0.0,-55.226496616345095,576.7756792514599,0.0,0.0,0.0,0.0,0.0,0.0,0.0,0.0,0.0,0.0,0.0,0.0,0.0,0.0,0.0,0.0,38.26174593084395,0.0,130.27212459107113,0.0,0.0,57.34314496158317,0.0,0.0,0.0,216.392791208777,0.0,-67.54159128671398,0.0,0.0,0.0,-15.508586260841803,0.0,0.0,0.0,0.0,0.0,0.0,0.0,0.0,0.0,0.0,0.0,0.0,0.0,0.0,0.0,0.0,0.0,0.0,-0.1240686900867344,0.0,0.0,6.2034345043367205,-9.118203018960003,0.0,0.0,0.0,0.0,0.0,0.0,0.0,0.0,-37.709314154131995,3.1017172521683603,0.0,0.0,0.0,0.1240686900867344,0.0,124.0686900867344,-0.19954799604371942,24.813738017346882,0.8862049291909601,422.67513720367697,-0.0930515175650508,6.2034345043367205,2.4813738017346885,-0.6203434504346431,-422.67513720367697,37.220607026020325,-0.1240686900867344,6.665711955750574,68.19775853733621,0.0310171725216836,0.8862049291909601,-19.99713586725172,-67.54159128671398,-2.4813738017346885,-147.37978435284742,-0.1240686900867344,0.0310171725216836,-422.67513720367697,12.406869008673441,0.1240686900867344,0.1240686900867344,-216.1322469595947,-47.653380265809176,-164.85980533865447,-0.0930515175650508,37.220607026020325,0.1240686900867344,37.220607026020325,-62.03434504336721,-0.0620343450433672,-314.2034672849287,-170.0,-0.0930515175650508,-0.1240686900867344,-0.19954799604371942,0.1240686900867344,12.406869008673441,-2.4813738017346885,157.46906230123983,157.46906230123983,-12.406869008673441,147.37978435284742,-157.46906230123983,24.813738017346882,0.1861030351301016,-816.2319596165323,12.406869008673441,-184.07825375094774,68.19775853733621,-24.813738017346882,0.0620343450433672,1.2406869008673442,100.90111957569115,241.20652922612388,-0.1240686900867344,-244.30824647829235,216.1322469595947,38.46129392688767,0.1240686900867344,67.54159128671398,-80.68466956674514,68.19775853733621,-0.1240686900867344,-0.0310171725216836,-68.19775853733621,-0.1240686900867344,-789.2798542822708,0.1240686900867344,-0.0310171725216836,-0.0310171725216836,-0.0310171725216836,49.627476034693764,62.03434504336721,1.2406869008673442,91.91939076801273,-0.0310171725216836,195.13652719563174,6.2034345043367205,50.0,0.1240686900867344,0.0620343450433672,0.0620343450433672,46.505748277341546,0.19954799604371942,0.1240686900867344,-0.19954799604371942,1.2406869008673442,0.1240686900867344,-91.91939076801273,0.1240686900867344,0.49627476034793006,0.6203434504346431,0.0620343450433672,0.0310171725216836,37.220607026020325,-0.1240686900867344,164.85980533865447,1.2406869008673442,-183.83878153602546,3.1017172521683607,-12.406869008673441,24.813738017346882,6.2034345043367205,-0.1240686900867344,19.99713586725172,0.1861030351301016,-0.1240686900867344,-93.01149655468309,0.19954799604371942,340.7292780745626,0.0620343450433672,-100.0,-0.1240686900867344,-0.1240686900867344,-0.1240686900867344,0.0620343450433672,422.67513720367697,-24.813738017346882,0.1240686900867344,201.8022391513823,-0.0310171725216836,47.653380265809176,-201.8022391513823,18.61030351301016,170.0,263.5652376026012,422.67513720367697,-0.0930515175650508,244.30824647829235,-241.20652922612388,0.1240686900867344,-0.03101717252168361,6.2034345043367205,124.0686900867344,-0.0620343450433672,-0.1240686900867344,0.0310171725216836,0.0,0.0,516.169925271489,0.0,-255.0,0.0,633.2693826877413,-140.0,0.0,-80.0,77.27436185694751,-325.0,-300.0,40.0,127.5,-38.63718092847374,0.0,70.0,-216.392791208777,-303.2495319741531,300.0,325.0,-303.2495319741531,-633.2693826877413,350.7735916229065,0.0,1496.5981,hplb
113,0.0,0.0,0.0,0.0,0.0,0.0,0.0,0.0,436.02654401519186,0.0,0.0,0.0,0.0,0.0,0.0,0.0,0.16832402100648203,299.83167597899353,0.0,0.0,0.0,0.0,0.0,0.0,0.0,0.0,0.0,0.0,0.0,1000.0,15.453169867910704,-15.453169867910704,75.97555191652009,0.0,0.0,0.0,0.0,4.564817555529771,0.0,-1000.0,1000.0,0.0,0.0,-191.63132592509817,0.0,0.0,0.0,0.0,-808.5369980959083,-254.7896932646944,0.0,0.0,0.0,0.12343761540506382,0.0,0.0,0.0,22.44320280086427,0.0,0.0,-15.033546922617575,0.0,-984.9664530773824,-1000.0,0.0,0.0,0.0,0.0,247.312696195876,-247.312696195876,0.0,1.1221601400432137,0.0,0.0,0.0,0.0,0.0,0.0,0.0,0.0,0.0,0.0,0.0,0.0,67.32960840259283,0.0,0.0,0.0,-796.490840743902,1000.0,644.1984407617889,0.0,0.0,1000.0,33.66480420129641,0.0,33.66480420129641,-19.06652551884997,0.0,0.0,0.0,5.610800700216068,229.3620976675462,0.0,0.0,-61.544474173984106,0.0,65.80616533368062,0.0,0.0,0.0,0.0,0.0,0.0,0.0,0.0,0.0,0.0,0.0,0.0,0.0,0.0,0.0,0.0,-667.163671681113,0.0,0.0,33.66480420129641,0.0,34.786964341339626,0.0,0.0,-324.1116735716665,324.1116735716665,0.0,0.0,0.0,0.0,0.0,0.0,0.0,0.0,0.0,0.0,0.0,8.640633078332739,0.11221601400432135,644.22649476529,0.0,0.0,0.0,-697.4432028008642,0.0,0.0,0.0,0.0,693.6647160771486,0.0,0.0,0.0,0.0,0.0,318.1461740803688,318.1461740803688,0.0,0.0,0.0,-687.5,343.7499999983723,0.0,0.0,333.71155996228384,0.0,0.0,0.0,0.0,-103.31700442993778,0.0,0.0,0.0,0.0,0.0,0.0,0.0,0.0,0.0,0.0,0.0,0.0,0.0,0.0,-1000.0,0.0,0.0,0.0,0.0,0.0,254.7896932646944,0.0,-108.36867407490183,108.36867407490183,0.0,0.0,0.0,0.0,0.0,0.0,0.0,770.6379023324538,-14.027001750540176,0.0,0.0,0.0,0.0,0.0,0.0,0.0,0.0,0.0,0.0,0.0,0.0,0.0,190.99597662753598,642.3296084025928,-191.63132592509817,0.0,0.0,0.0,0.0,0.0,0.0,0.0,0.0,0.0,-15.033546922617575,0.0,15.453169867910704,0.0,0.0,0.0,0.0,0.0,0.0,0.0,0.0,0.0,0.0,0.0,1000.0,311.8778333309998,-916.9056721708101,0.0,191.63132592509817,0.0,0.0,0.0,1000.0,0.0,0.0,0.0,-271.80913678993386,0.0,0.0,-704.8629628224314,-704.862962822431,0.0,0.0,0.0,704.862962822431,-904.859514818804,0.0,1000.0,254.7896932646944,0.0,313.08267907205664,0.0,0.0,0.0,-74.29839994050909,0.0,74.29839994050909,0.0,790.7712607108404,0.0,0.0,-12.269725354698096,-687.5,0.0,0.0,-15.033546922617575,-0.16832402100648203,0.0,0.0,0.0,0.0,0.11221601400432135,0.0,0.0,0.0,966.3351957987036,0.1683240210064696,0.0,-937.8982822212265,704.6359140773765,103.31700442993778,999.3753362576202,0.0,-17.953938819636562,0.0,-61.544474173984106,0.0,0.0,0.0,-9.661798805772378,-247.312696195876,274.9284338212849,-471.9984697703176,-1000.0,0.0,0.0,0.0,0.0,0.0,0.0,0.0,0.0,0.0,0.0,0.0,0.0,0.0,0.0,0.0,0.0,0.0,-994.9863183884528,0.0,-1000.0,0.0,0.0,0.0,0.0,240.810792700353,0.0,6.812536789577965,0.0,0.0,0.0,0.0,0.0,0.0,-742.3568051989987,0.0,0.0,0.0,0.0,0.0,-426.02729667810365,0.0,742.3568051989987,-5.610800700216068,0.0,-2.805400350108034,-5.610800700216068,0.0,0.0,-302.3025067703551,0.0,1000.0,33.66480420129642,0.0,0.0,0.0,175.5640189262483,0.0,436.1387600291962,0.0,-190.99597662753598,190.99597662753598,190.99597662753598,-352.808667107755,0.0,0.0,-457.2841327765652,0.0,0.0,770.6379023324538,0.0,0.0,-30.067093845235156,0.0,0.0,34.28946794367621,0.0,0.0,0.0,0.0,-88.77839859956786,0.22443202800851833,0.0,0.0,0.0,0.0,0.0,0.0,0.0,0.0,0.0,0.0,0.0,0.0,0.0,0.0,0.0,0.0,0.0,0.0,0.0,0.12343761540506382,0.12343761540506382,15.453169867910704,448.55277382667174,0.0,67.32960840259283,0.0,0.0,0.0,732.6152347950431,0.0,19.042286266520932,0.0,0.0,0.0,304.588245122671,-732.6152347950431,0.0,0.0,719.5517505714539,0.0,0.0,34.28946794367621,0.0,0.0,0.0,0.0,0.0,0.0,0.0,222.387890560371,-966.3351957987036,697.4432028008642,0.0,8.640633078332739,0.0,1000.0,0.0,0.0,0.0,304.588245122671,0.0,215.80984652310315,0.0,0.0,0.0,190.99597662753598,0.0,0.0,0.0,0.0,0.0,0.0,0.0,0.0,0.0,0.0,0.0,0.0,0.0,67.32960840259283,0.0,0.0,0.0,0.0,0.0,0.0,0.0,0.0,0.0,0.0,0.0,0.0,1.1221601400432137,0.0,15.453169867910704,0.0,0.0,15.453169867910704,0.0,0.0,0.0,33.66480420129641,-719.5517505714539,0.0,0.0,0.0,0.0,0.0,0.0,0.0,0.0,0.0,1000.0,0.0,0.0,33.66480420129641,33.66480420129641,1000.0,-732.6152347950431,0.0,34.28946794367621,0.0,0.0,0.0,0.0,0.0,-757.3636278972285,770.6379023324538,-1000.0,0.11221601400432135,0.0,0.0,0.0,148.19727735184986,0.0,0.0,-1000.0,0.0,0.0,0.0,0.0,0.0,0.0,0.0,0.0,0.0,0.0,0.0,0.0,0.0,0.0,0.11221601400432135,0.0,0.0,0.0,54.39114079781314,-54.39114079781314,0.0,0.0,0.0,0.0,-63.28091482870671,70.09345161828467,0.0,0.0,-5.013681611547213,-8.416201050324103,0.0,-5.610800700216073,0.0,-187.5,-187.5,187.5,0.0,0.0,0.0,0.0,0.0,0.0,0.0,0.0,103.31700442993778,0.0,0.0,703.308293929861,0.0,0.0,0.0,436.02654401519186,0.0,0.0,0.11221601400432135,0.0,0.11221601400432135,0.0,0.0,0.0,67.32960840259283,136.90353708527206,136.90353708527206,0.0,0.0,0.0,0.0,0.0,0.0,0.0,697.4432028008642,0.0,770.6379023324538,0.0,0.0,0.0,0.0,0.0,0.0,0.0,0.0,0.0,0.0,0.0,0.0,0.0,0.0,0.0,0.0,0.0,0.0,0.0,-728.2203304769051,728.2203304769051,0.16832402100648203,0.0,0.0,0.0,-33.66480420129641,0.0,0.0,0.0,0.0,0.0,-448.55277382667174,5.610800700216068,0.0,0.0,0.0,687.5,-343.7499999983723,0.0,-5.610800700216073,0.0,0.0,0.0,0.0,0.0,0.0,0.0,0.0,0.0,719.5517505714539,0.0,257.55679719913576,0.0,1000.0,-61.544474173984106,0.0,70.09345161828467,0.0,-70.09345161828467,0.0,863.0964629147279,0.0,5.610800700216073,1000.0,0.0,0.0,-15.453169867910704,-30.067093845235156,0.0,0.0,0.0,0.0,0.0,0.0,0.0,0.0,0.0,-8.416201050324275,-8.416201050323899,136.90353708527206,0.0,845.5130569330199,845.5130569330199,-830.0598870651093,0.0,0.0,0.0,0.0,0.0,0.0,0.0,0.0,465.38517592731995,-148.19727735184986,0.0,0.0,33.66480420129641,0.0,0.0,0.0,0.0,290.35018102558604,0.0,0.0,0.12343761540506382,0.0,0.0,0.0,68.45176854263603,0.0,0.0,0.0,0.0,642.3296084025928,0.0,0.0,0.0,0.0,0.0,0.0,0.0,0.0,-725.6309642399204,0.0,0.011221601400432135,0.011221601400432135,0.0,0.0,0.0,0.0,0.0,0.0,0.0,0.0,0.0,0.0,15.453169867910704,0.0,0.0,0.0,0.0,448.55277382667174,0.0,0.0,0.0,0.0,0.0,0.0,0.0,254.7896932646944,0.0,0.0,0.0,0.0,0.0,191.79964994610458,299.83167597899353,0.0,0.0,0.0,67.32960840259283,0.0,0.0,0.0,0.0,0.0,0.0,-67.32960840259283,0.0,0.0,0.0,0.0,0.0,0.0,0.0,0.0,0.0,15.453169867910704,15.453169867910704,0.0,1000.0,-1000.0,76.86796959296015,-398.07386029379126,364.40905609249484,0.0,4.564817555529771,0.0,0.0,0.0,0.0,0.0,0.0,0.0,0.0,0.0,0.0,0.0,0.0,0.0,0.0,0.0,0.0,0.0,-14.027001750540176,0.0,-8.416201050324103,0.0,0.0,0.0,0.0,0.0,0.0,-1.4027001750540171,0.0,30.067093845235156,0.0,0.0,0.0,0.0,0.0,0.0,0.0,1000.0,33.66480420129641,33.66480420129641,0.0,0.0,0.0,0.0,0.0,0.12343761540506382,448.55277382667174,0.0,0.0,-4.564817555529771,0.0,0.0,0.0,0.0,0.0,0.0,0.0,0.0,0.0,0.0,0.0,0.0,0.0,0.0,364.11016523845257,0.0,0.0,0.0,0.0,117.82681470453744,8.640633078332739,0.0,0.0,0.0,0.0,0.0,448.55277382667174,0.0,-19.06652551884997,0.0,0.0,0.0,-14.027001750540176,0.0,0.0,0.0,0.0,0.0,0.0,0.0,0.0,0.0,0.0,0.0,0.0,0.0,0.0,0.0,0.0,0.0,0.0,-0.11221601400432135,0.0,0.0,5.610800700216068,-304.588245122671,0.0,0.0,0.0,0.0,0.0,0.0,0.0,0.0,9.661798805772378,2.805400350108034,0.0,0.0,0.0,0.11221601400432135,0.0,112.21601400432135,-34.786964341339626,22.44320280086427,0.8015429571737239,313.08267907205664,-0.08416201050324101,5.610800700216068,2.244320280086427,-0.5610800700217631,-313.08267907205664,33.664804201296405,-0.11221601400432135,20.51482472466137,34.28946794367621,0.028054003501080338,0.8015429571737239,-61.54447417398411,-17.864789429488084,13.208849587824247,-300.0,-0.11221601400432135,0.028054003501080338,-313.08267907205664,50.12856343776129,0.11221601400432135,0.11221601400432135,-448.31712019726234,0.12343761540475348,-41.6650021681197,-0.08416201050324101,33.66480420129641,0.11221601400432135,33.66480420129641,-56.10800700216068,-0.056108007002160676,-528.9107655610607,-11.333817414436453,-0.08416201050324101,-0.11221601400432135,-34.786964341339626,0.11221601400432135,11.221601400432135,-2.244320280086427,0.0,0.0,-11.221601400432135,300.0,0.0,22.44320280086427,0.16832402100648203,159.27202827474082,11.221601400432135,-222.387890560371,34.28946794367621,-22.44320280086427,0.056108007002160676,1.1221601400432137,234.47457055530663,280.0,-0.11221601400432135,-473.8013769776438,448.31712019726234,34.786964341339626,0.11221601400432135,17.864789429488084,-139.27671089883842,34.28946794367621,-0.11221601400432135,-0.028054003501080338,-34.28946794367621,-0.11221601400432135,-88.77839859956786,0.11221601400382042,-0.028054003501080338,-0.028054003501080338,-0.028054003501080338,44.88640560172854,56.10800700216068,1.1221601400432137,83.13803937544584,-0.028054003501080338,448.4343163859519,5.610800700216068,50.0,0.11221601400432135,0.056108007002160676,0.056108007002160676,28.36633537227024,34.786964341339626,0.11221601400432135,-34.786964341339626,1.1221601400432137,0.11221601400432143,-83.13803937544584,0.11221601400432135,0.4488640560174417,0.5610800700217631,0.056108007002160676,0.028054003501080338,33.66480420129641,-0.11221601400432135,41.6650021681197,-6.6044247939121234,-166.27607875089168,2.8054003501080356,-11.221601400432135,22.44320280086427,5.610800700216068,-0.11221601400432135,61.54447417398411,0.16832402100648203,-0.11221601400432143,-56.732670744540485,34.786964341339626,46.20299295568397,0.056108007002160676,-100.0,-0.11221601400432135,-0.11221601400382042,-0.11221601400432135,0.056108007002160676,313.08267907205664,-22.44320280086427,0.11221601400432135,468.94914111061325,-0.028054003501080338,-0.12343761540475348,-468.94914111061325,16.832402100648203,11.333817414436457,-598.404998614338,313.08267907205664,-0.08416201050324101,473.8013769776438,-280.0,0.11221601400432135,-0.028054003501080338,5.610800700216073,112.21601400432135,-0.056108007002160676,-0.11221601400432135,0.028054003501080338,848.7022668250174,0.0,-254.46862146293907,0.0,-255.0,0.0,293.74169972915774,-140.0,38.90696203732915,-80.0,216.34591955462653,-325.0,-95.14048518119607,40.0,127.5,-108.17295977731327,-38.90696203732915,70.0,-448.55277382667174,-336.55317398127,95.14048518119607,325.0,-336.55317398127,-293.74169972915774,210.89840461378202,0.0,1496.5981,hplb
114,0.0,0.0,0.0,0.0,0.0,0.0,0.0,0.0,-0.11337113361793622,0.0,0.0,0.0,0.0,0.0,0.0,0.0,0.0,275.140243901286,0.0,-212.52760777553627,0.0,0.0,0.0,0.0,0.0,0.0,0.0,0.0,0.0,0.0,0.0,0.0,359.71329641692626,0.0,0.0,0.0,0.0,338.48851687584056,0.0,-1000.0,494.1558001163213,0.0,0.0,-774.8568127628553,0.0,0.0,0.0,0.0,0.0,0.0,0.0,0.0,0.0,0.12470824697953731,0.0,0.0,0.0,22.674226723587243,0.0,0.0,-107.07072236589889,0.0,667.7860903969564,553.2389176181235,0.0,0.0,0.0,0.0,0.0,0.0,0.0,1.1337113361793623,0.0,0.0,0.0,0.0,0.0,0.0,0.0,0.0,0.0,0.0,0.0,0.0,68.02268017076173,0.0,99.57865466959075,0.0,150.08502835021346,0.0,-0.028342783404484054,0.0,0.0,348.00712188020213,34.011340085380866,0.0,34.011340085380866,-3.650550502497269,0.0,0.0,0.0,854.639881243208,0.0,0.0,0.0,-63.085656274750846,911.3371133617936,11.563855629029494,0.0,0.0,0.0,0.0,0.0,0.0,0.0,0.0,0.0,0.0,0.0,0.0,0.0,0.0,0.0,0.0,-681.1825069828985,0.0,0.0,34.011340085380866,0.0,35.14505142156023,34.816683948080254,0.0,-257.70783870870287,0.0,257.70783870870287,-257.70783870870287,0.0,0.0,0.0,-7.476450412934042,0.0,0.0,0.0,0.0,0.0,108.30823195817183,0.11337113361793622,0.0,0.0,0.0,-390.3579759209065,-1000.0,0.0,0.0,0.0,0.0,480.2743656504179,0.0,0.0,0.0,0.0,0.0,-162.2170833881699,-162.2170833881699,0.0,0.0,0.0,62.50000000000001,281.24999999771995,0.0,0.0,-162.10371225455197,0.0,0.0,0.0,905.2699830818183,0.0,0.0,0.0,0.0,0.0,0.0,0.0,0.0,0.0,0.0,-357.185181045276,0.0,0.0,0.0,0.0,-1000.0,0.0,0.0,0.0,0.0,0.0,0.0,0.0,149.91497164978654,-149.91497164978654,7.476450412934042,0.0,0.0,0.0,0.0,0.0,0.0,0.0,-232.8247558667164,0.0,0.0,0.0,0.0,0.0,0.0,0.0,0.0,0.0,0.0,0.0,0.0,0.0,21.911759796689296,424.36931600628736,0.0,0.0,0.0,0.0,0.0,158.54951550458844,0.0,0.0,0.0,0.0,-107.07072236589889,774.8568127628553,0.0,0.0,609.840270485222,0.0,0.0,0.0,0.0,0.0,0.0,0.0,0.0,0.0,-0.170056700426926,0.0,149.91497164978654,0.0,0.0,0.0,0.0,7.476450412934042,0.0,0.0,0.0,0.0,-63.70739822223436,0.0,0.0,-691.0633859212302,0.0,0.0,-691.0633859212303,0.0,0.0,300.0,0.0,212.52760777553627,0.0,0.0,219.91286477268008,0.0,0.0,0.0,-532.9091309722247,0.0,532.9091309722247,0.0,-461.0664185305601,0.0,0.0,1000.0,62.5,0.0,0.0,-107.07072236589889,-0.17005670042690432,0.0,0.0,0.0,0.0,0.11337113361793622,0.0,0.0,0.0,799.9626939970966,0.0,0.0,-377.9161143801119,676.9095631821114,0.0,400.8413669252894,0.0,-689.238272778074,0.0,-63.085656274750846,0.0,0.0,0.0,-9.761254604504114,698.9995273825781,0.0,0.0,-934.8754626075414,0.0,0.0,0.0,0.0,0.0,0.0,0.0,0.0,0.0,0.0,0.0,0.0,0.0,0.0,0.0,0.0,609.840270485222,0.0,0.0,-338.9420014103123,0.0,0.0,0.0,0.0,0.0,0.0,-108.30823195817183,0.0,0.0,0.0,0.0,848.9713245623112,0.0,0.0,0.0,0.0,-698.9995273825781,38.77543945746825,-5.668556680896811,437.3421035551287,-589.9963349716799,0.0,-430.1542189620524,0.0,-2.8342783404484053,0.0,0.0,0.0,705.9830344917444,1000.0,-794.627172169271,34.011340085380866,0.0,0.0,0.0,0.0,0.0,0.0,0.0,-21.911759796689296,21.911759796689296,21.911759796689296,10.106974806530275,0.0,0.0,0.0,0.0,0.0,0.0,0.0,0.0,-22.46058580555031,0.0,0.0,127.32577327641276,0.0,0.0,0.0,0.0,-88.66288663820637,0.22674226723574975,0.0,0.0,0.0,0.0,0.0,0.0,0.0,0.0,0.0,0.0,0.0,0.0,0.0,0.0,0.0,0.0,0.0,0.0,0.0,0.12470824697953731,0.12470824697953731,0.0,104.9305674370018,0.0,68.02268017076173,0.0,0.0,0.0,0.0,0.0,0.0,99.57865466959075,0.0,0.0,502.86321712077955,0.0,0.0,0.0,0.0,0.0,0.0,127.32577327641276,0.0,0.0,0.0,0.0,0.0,0.0,0.0,227.06083566096618,-799.9626939970966,479.02086255911286,0.0,108.30823195817183,0.0,181.98115596267965,166.02596591752248,0.0,0.0,502.86321712077955,0.0,0.0,414.2003304825732,0.0,0.0,21.911759796689296,0.0,0.0,0.0,0.0,0.0,0.0,0.0,0.0,0.0,0.0,0.0,0.0,0.0,68.02268017076173,7.476450412934042,7.476450412934042,0.0,0.0,0.0,0.0,0.0,0.0,0.0,0.0,0.0,0.0,1.1337113361793623,0.0,0.0,99.57865466959075,-99.57865466959075,0.0,0.0,0.0,0.0,34.011340085380866,0.0,0.0,0.0,0.0,0.0,0.0,0.0,0.0,0.0,0.0,0.0,0.0,0.0,34.011340085380866,34.011340085380866,1000.0,0.0,0.0,127.32577327641276,0.0,0.0,0.0,0.0,0.0,0.0,0.0,65.12453739245859,0.11337113361793622,0.0,0.0,-713.9677298613324,724.4237718877272,285.3044547446333,0.0,-348.00712188020213,0.0,0.0,0.0,0.0,0.0,0.0,0.0,0.0,0.0,0.0,0.0,0.0,0.0,0.0,0.11337113361793622,0.0,0.0,0.0,0.0,0.0,0.0,0.0,0.0,0.0,0.0,437.4265833470664,0.0,0.0,-884.6768167155506,-8.502835021345216,0.0,-5.668556680896815,0.0,-687.5,-687.5,687.5,0.0,0.0,0.0,0.0,0.0,0.0,0.0,7.476450412934042,0.0,0.0,0.0,-82.97558099662982,0.0,0.0,0.0,-0.11337113361793622,0.0,0.0,0.11337113361793622,0.0,0.11337113361793622,0.0,0.0,0.0,68.02268017076173,138.3127830138822,138.3127830138822,0.0,0.0,0.0,0.0,0.0,0.0,0.0,479.02086255911286,0.0,0.0,0.0,0.0,0.0,0.0,0.0,0.0,0.0,0.0,0.0,0.0,0.0,0.0,0.0,0.0,0.0,0.0,0.0,166.02596591752248,0.0,0.0,0.0,0.17005670042690432,0.0,0.0,0.0,-34.011340085380866,0.0,0.0,0.0,0.0,0.0,-104.9305674370018,5.668556680896811,0.0,0.0,0.0,-62.5,-281.24999999771995,-437.4265833470664,-5.668556680896815,0.0,0.0,0.0,0.0,0.0,0.0,0.0,7.476450412934042,0.0,0.0,0.0,83.0188076403125,0.0,781.3466358355256,222.21879846988247,545.7348153052383,-545.7348153052383,0.0,0.0,0.0,-138.3127830138822,0.0,5.668556680896815,1000.0,0.0,0.0,0.0,-221.6178951447318,0.0,0.0,812.5000000000005,-812.5000000000005,0.0,0.0,0.0,0.0,0.0,470.61858350362303,-130.4390725010378,138.3127830138822,0.0,292.25435231100664,292.25435231100664,-292.25435231100664,0.0,0.0,0.0,0.0,0.0,0.0,0.0,0.0,0.0,-10.456042026394812,-129.3122571279544,0.0,34.011340085380866,99.57865466959075,0.0,0.0,0.0,-91.19029136955368,0.0,0.0,0.12470824697953731,0.0,0.0,0.0,69.1563915069411,0.0,0.0,0.0,0.0,424.36931600628736,0.0,911.3371133617936,0.0,0.0,0.0,0.0,0.0,0.0,288.93158093687856,0.0,0.011337113361793945,0.011337113361793945,0.0,0.0,0.0,0.0,0.0,0.0,0.0,0.0,0.0,-713.9677298613324,0.0,0.0,0.0,0.0,0.0,104.9305674370018,0.0,0.0,0.0,0.0,0.0,0.0,0.0,0.0,0.0,0.0,0.0,199.1573093391815,0.0,0.0,275.140243901286,0.0,0.0,0.0,68.02268017076173,0.0,0.0,0.0,0.0,0.0,0.0,-68.02268017076173,0.0,199.1573093391815,0.0,0.0,0.0,0.0,0.0,0.0,0.0,0.0,0.0,0.0,0.0,0.0,77.65922652828633,0.0,-34.011340085380866,0.0,338.48851687584056,0.0,0.0,0.0,0.0,0.0,0.0,0.0,0.0,0.0,0.0,0.0,0.0,0.0,0.0,0.0,0.0,0.0,-14.171391702242031,7.476450412934042,-857.4741595836564,121.93623747969224,0.0,0.0,0.0,0.0,0.0,0.0,-1.4171391702242029,22.46058580555031,0.0,0.0,0.0,0.0,0.0,0.0,0.0,1000.0,34.011340085380866,34.011340085380866,0.0,0.0,0.0,0.0,0.0,0.12470824697953731,104.9305674370018,0.0,0.0,-338.48851687584056,0.0,0.0,0.0,0.0,0.0,0.0,0.0,0.0,0.0,0.0,0.0,0.0,0.0,0.0,0.0,0.0,0.0,34.816683948080254,0.0,119.03969029883302,108.30823195817183,0.0,0.0,0.0,0.0,0.0,104.9305674370018,0.0,433.77603284456916,0.0,0.0,0.0,-14.171391702242031,0.0,0.0,0.0,0.0,0.0,0.0,0.0,0.0,0.0,0.0,0.0,0.0,0.0,0.0,0.0,0.0,0.0,0.0,-0.11337113361793622,0.0,0.0,5.668556680896811,-502.86321712077955,0.0,0.0,0.0,0.0,7.476450412934042,0.0,0.0,0.0,9.761254604504114,2.8342783404484053,0.0,0.0,0.0,0.11337113361793622,0.0,113.37113361793621,-0.32836747348000017,22.674226723587243,0.8097938115566873,385.93883069020256,-0.08502835021345216,430.1542189620524,2.2674226723587245,-0.566855668089663,-385.93883069020256,34.011340085380866,-0.11337113361793622,21.028552091583617,127.32577327641276,0.028342783404484054,0.8097938115566873,-63.085656274750846,-117.62733914156593,-2.2674226723587245,-62.61263612574973,-0.11337113361793622,0.028342783404484054,-385.93883069020256,11.337113361793621,0.11337113361793622,0.11337113361793622,-104.69248805640433,-99.45394642261103,-36.90041576099762,-0.08502835021345216,34.011340085380866,0.11337113361793622,34.011340085380866,-56.685566808968105,-0.05668556680896811,-317.20263733991857,-170.0,-0.08502835021345216,-0.11337113361793622,-0.32836747348000017,0.11337113361793622,11.337113361793621,-2.2674226723587245,166.02596591752248,166.02596591752248,-11.337113361793621,62.61263612574973,-166.02596591752248,22.674226723587243,0.17005670042690432,-1000.0,11.337113361793621,-227.06083566096618,127.32577327641276,-22.674226723587243,0.05668556680896811,1.1337113361793623,94.47902859502797,105.69303436389974,-0.11337113361793622,-130.4390725010378,104.69248805640433,35.14505142156023,0.11337113361793622,117.62733914156593,-8.719587065110767,127.32577327641276,-0.11337113361793622,-0.028342783404484054,-127.32577327641276,-0.11337113361793622,-1000.0,0.1133711336180499,-0.028342783404484054,-0.028342783404484054,-0.028342783404484054,45.348453447174485,56.685566808968105,1.1337113361793623,83.99383861918672,-0.028342783404484054,167.92950509847233,5.668556680896811,50.0,0.11337113361793622,0.05668556680896811,0.05668556680896811,75.0,0.32836747348000017,0.11337113361793622,-0.32836747348000017,1.1337113361793623,0.1133711336179361,-83.99383861918672,0.11337113361793622,0.45348453447171977,0.566855668089663,0.05668556680896811,0.028342783404484054,34.011340085380866,-0.11337113361793622,36.90041576099762,1.1337113361793623,-167.98767723837344,427.319940621604,-11.337113361793621,22.674226723587243,5.668556680896811,-0.11337113361793622,63.085656274750846,0.17005670042690432,-0.1133711336179361,-150.0,0.32836747348000017,407.5593688675243,0.05668556680896811,-100.0,-0.11337113361793622,-0.1133711336180499,-0.11337113361793622,0.05668556680896811,385.93883069020256,-22.674226723587243,0.11337113361793622,188.95805719005594,-0.028342783404484054,99.45394642261103,-188.95805719005594,17.00567004269043,170.0,353.5110352572359,385.93883069020256,-0.08502835021345216,130.4390725010378,-105.69303436389974,0.11337113361793622,-0.028342783404484054,5.668556680896815,113.37113361793621,-0.05668556680896811,-0.11337113361793622,0.028342783404484054,0.0,0.0,699.9433144331911,0.0,-255.0,0.0,530.2822305465381,-140.0,0.0,91.75644960273934,-255.0,-325.0,-300.0,-45.87822480136967,127.5,127.5,0.0,70.0,-104.9305674370018,-316.36907749797064,300.0,325.0,-316.36907749797064,-530.2822305465381,263.83235212492764,0.0,1496.5981,hplb
115,0.0,0.0,0.0,0.0,0.0,0.0,0.0,0.0,-0.08503954751517784,0.0,0.0,0.0,0.0,0.0,0.0,0.0,-111.83316262406221,409.29173880737716,0.0,0.0,0.0,0.0,0.0,120.33487194841567,0.0,0.0,0.0,0.0,0.0,-853.2789273779631,0.0,0.0,95.6256150136953,0.0,0.0,0.0,0.0,322.2188060965558,0.0,-1000.0,1000.0,0.0,0.0,0.0,0.0,0.0,0.0,0.0,0.0,0.0,0.0,-965.1120900020253,0.0,0.09354350226677972,0.0,0.0,0.0,0.0,0.0,0.0,189.04532371006619,0.0,-566.6666735903918,-967.2247694640331,0.0,0.0,0.0,0.0,659.0353674652039,-69.4319478814964,0.0,0.8503954751517784,0.0,0.0,0.0,0.0,0.0,0.0,0.0,0.0,0.0,0.0,0.0,0.0,51.023728509106704,0.0,0.0,-927.4660122485362,-962.3539222465109,1000.0,-0.02125988687879446,0.0,0.0,961.6645064797194,25.511864254553352,0.0,25.511864254553352,0.0,533.6465387126157,0.0,0.0,583.7760578314038,-1000.0,0.0,0.0,-42.495010986219185,0.0,0.0,0.0,0.0,0.0,0.0,0.0,0.0,0.0,0.0,0.0,0.0,0.0,0.0,0.0,0.0,0.0,0.0,-1000.0,0.0,0.0,25.511864254553352,0.0,26.362259729705126,0.0,0.0,0.0,0.0,0.0,0.0,-589.6034195837075,0.0,0.0,0.0,0.0,0.0,0.0,0.0,0.0,6.548045158668708,0.08503954751517784,0.0,0.0,0.0,-1000.0,1000.0,0.0,0.0,0.0,0.0,458.98193554955157,0.0,0.0,0.0,0.0,0.0,242.58893995348865,242.58893995348865,0.0,0.0,0.0,187.50000000000003,1000.0,0.0,0.0,242.67397950100383,0.0,0.0,0.0,-801.4646640904263,0.0,0.0,0.0,0.0,0.0,0.0,0.0,0.0,0.0,0.0,0.0,0.0,0.0,0.0,0.0,-1000.0,0.0,0.0,0.0,0.0,0.0,0.0,965.1120900020253,-37.64607775348907,37.64607775348907,0.0,0.0,0.0,0.0,0.0,0.0,0.0,146.7210726220369,-702.6378529424328,0.0,0.0,0.0,0.0,0.0,0.0,0.0,0.0,0.0,0.0,0.0,0.0,0.0,0.0,-65.98418099392887,0.0,0.0,0.0,0.0,0.0,161.41100570096702,0.0,0.0,0.0,0.0,189.04532371006619,0.0,0.0,0.0,0.0,0.0,0.0,0.0,0.0,0.0,2.7382734299883373,17.007909503035567,0.0,0.0,888.039278054665,-36.668566438356834,0.0,0.0,0.0,0.0,0.0,589.6034195837075,-146.01681529799936,0.0,0.0,0.0,-278.46557856932554,0.0,0.0,-1000.0,0.0,0.0,-999.9999999999999,0.0,0.0,-1000.0,0.0,333.9995833003991,0.0,0.0,75.84933186637912,0.0,0.0,0.0,-1000.0,0.0,1000.0,0.0,1000.0,589.6034195837075,0.0,-545.3863647074044,187.50000000000003,0.0,0.0,189.04532371006619,-0.12755932127276676,0.0,0.0,0.0,0.0,0.08503954751517784,0.0,0.0,0.0,810.3388566144913,-111.83316262406221,0.0,-810.7607390864306,447.51659639623244,0.0,857.4330857186696,0.0,7.321905041056895,0.0,-42.495010986219185,0.0,0.0,0.0,-7.321905041056895,0.0,0.0,429.48243797580096,-1000.0,0.0,0.0,0.0,0.0,0.0,0.0,0.0,0.0,0.0,0.0,0.0,0.0,0.0,0.0,0.0,0.0,0.0,0.0,0.0,-1000.0,0.0,677.4410357133842,0.0,0.0,0.0,0.0,-9.286318588657082,0.0,533.6465387126157,0.0,0.0,579.5240804556448,-659.0353674652039,0.0,0.0,0.0,0.0,0.0,53.22990935064005,-114.50575072918696,0.0,0.0,-294.01401760358135,538.6974937727582,-2.125988687879446,-57.48188672639894,822.9703312730084,0.0,-1000.0,223.17926178965678,501.8419471534638,25.511864254553352,0.0,0.0,0.0,0.0,0.0,0.0,0.0,0.0,0.0,0.0,280.4871014831836,0.0,0.0,-757.4960995940265,0.0,0.0,146.7210726220369,0.0,0.0,-211.5127721635751,0.0,437.5000000000004,168.07877853588366,0.0,0.0,0.0,0.0,-91.49604524848222,0.17007909503092833,0.0,0.0,0.0,0.0,0.0,0.0,0.0,0.0,0.0,0.0,0.0,0.0,0.0,0.0,0.0,0.0,0.0,0.0,0.0,0.09354350226677972,0.09354350226677972,0.0,262.9920904969644,0.0,51.023728509106704,0.0,0.0,0.0,623.3439012651087,0.0,334.98968013877965,0.0,0.0,0.0,794.8446152086636,-623.3439012651087,0.0,0.0,0.0,0.0,0.0,168.07877853588366,0.0,0.0,0.0,0.0,0.0,0.0,0.0,333.3333333333333,-810.3388566144913,0.0,0.0,6.548045158668708,0.0,961.6645064797194,0.0,-161.41100570096702,0.0,794.8446152086636,0.0,0.0,703.3485699601814,-62.50000000000006,62.50000000000006,0.0,0.0,0.0,0.0,0.0,0.0,0.0,0.0,0.0,0.0,0.0,0.0,0.0,0.0,51.023728509106704,589.6034195837075,589.6034195837075,0.0,0.0,0.0,0.0,0.0,0.0,0.0,0.0,0.0,0.0,0.8503954751517784,0.0,0.0,0.0,0.0,0.0,965.1120900020253,0.0,0.0,25.511864254553352,0.0,0.0,0.0,0.0,0.0,0.0,0.0,0.0,0.0,0.0,0.0,-6.667772834916619,0.0,25.511864254553352,25.511864254553352,1000.0,-623.3439012651087,0.0,168.07877853588366,0.0,0.0,0.0,0.0,0.0,-132.8075002912284,146.7210726220369,0.0,0.08503954751517784,0.0,0.0,0.0,112.3068710005802,0.0,0.0,-961.6645064797194,0.0,-589.6034195837075,0.0,0.0,0.0,0.0,0.0,0.0,0.0,0.0,0.0,0.0,0.0,0.0,0.08503954751517784,0.0,0.0,0.0,0.0,0.0,0.0,0.0,0.0,677.4410357133842,0.0,524.3602201239586,0.0,0.0,-1000.0,-6.377966063638382,-4.251977375758895,0.0,0.0,0.0,0.0,0.0,0.0,0.0,0.0,0.0,0.0,0.0,0.0,589.6034195837075,0.0,0.0,0.0,-493.9060754707773,0.0,0.0,0.0,-0.08503954751517784,0.0,0.0,0.08503954751517784,0.0,0.08503954751517784,0.0,0.0,0.0,51.023728509106704,103.74824796851696,103.74824796851696,0.0,0.0,0.0,0.0,0.0,0.0,0.0,0.0,0.0,146.7210726220369,0.0,0.0,0.0,0.0,0.0,0.0,0.0,0.0,0.0,0.0,0.0,0.0,0.0,0.0,0.0,0.0,0.0,161.41100570096702,0.0,-276.660493509382,276.660493509382,0.12755932127276676,0.0,0.0,0.0,-25.511864254553352,0.0,0.0,0.0,0.0,0.0,-262.9920904969644,4.251977375758892,0.0,0.0,0.0,-187.50000000000003,-1000.0,475.6397798760414,0.0,0.0,437.5000000000004,0.0,0.0,0.0,0.0,0.0,589.6034195837075,0.0,0.0,0.0,262.9920904969644,0.0,307.9920904969644,-42.495010986219185,0.0,466.35346128738433,533.6465387126157,-1000.0,0.0,-249.76506326651634,0.0,4.251977375758895,669.4852946275099,0.0,0.0,0.0,-211.5127721635751,-187.50000000000017,187.50000000000017,-937.5000000000009,937.5000000000009,0.0,0.0,0.0,0.0,0.0,269.37005656060285,-282.1259886878794,103.74824796851696,0.0,0.0,0.0,0.0,0.0,0.0,0.0,0.0,0.0,2.7382734299883373,0.0,0.0,0.0,-112.3068710005802,695.7436472801802,0.0,25.511864254553352,0.0,0.0,0.0,0.0,133.71497741374,0.0,0.0,0.09354350226677972,0.0,0.0,0.0,51.87412398425848,0.0,0.0,0.0,0.0,-65.98418099392887,0.0,0.0,0.0,0.0,0.0,0.0,0.0,0.0,0.0,0.0,197.33060158893633,0.008503954751517783,0.0,0.0,0.0,0.0,0.0,0.0,0.0,0.0,0.0,0.0,0.0,0.0,0.0,0.0,0.0,262.9920904969644,0.0,0.0,0.0,0.0,0.0,0.0,0.0,0.0,0.0,0.0,0.0,0.0,807.6980939231721,267.7472541311279,409.29173880737716,0.0,0.0,0.0,51.023728509106704,0.0,0.0,0.0,0.0,0.0,0.0,-51.023728509106704,0.0,0.0,0.0,0.0,0.0,0.0,0.0,0.0,0.0,0.0,0.0,0.0,0.0,-703.3250623154274,58.25209004789682,743.7909469639286,-769.3028112184819,0.0,999.65984180994,0.0,0.0,0.0,0.0,0.0,0.0,0.0,0.0,0.0,0.0,0.0,0.0,0.0,0.0,0.0,0.0,0.0,-10.629943439397266,589.6034195837075,-585.9020465192832,275.7480226242411,0.0,0.0,0.0,0.0,0.0,-259.2391044755208,258.176110131581,211.5127721635751,0.0,0.0,0.0,0.0,0.0,0.0,0.0,1000.0,25.511864254553352,25.511864254553352,0.0,0.0,0.0,0.0,0.0,0.09354350226677972,262.9920904969644,0.0,0.0,-999.65984180994,197.32209763418481,0.0,0.0,0.0,0.0,0.0,0.0,0.0,0.0,0.0,0.0,0.0,0.0,0.0,138.330246754691,0.0,0.0,0.0,0.0,89.29152489093673,6.548045158668708,0.0,0.0,0.0,0.0,0.0,262.9920904969644,0.0,-479.8917572518003,0.0,0.0,0.0,-10.629943439397266,0.0,0.0,0.0,0.0,0.0,0.0,0.0,0.0,0.0,0.0,0.0,0.0,0.0,0.0,0.0,0.0,0.0,0.0,-0.08503954751517784,0.0,0.0,4.251977375758892,-794.8446152086636,0.0,0.0,0.0,0.0,589.6034195837075,0.0,0.0,0.0,7.321905041056895,2.125988687879446,0.0,0.0,0.0,0.08503954751517784,0.0,85.03954751517783,-26.362259729705126,17.007909503035567,0.6074253393941274,237.26033756734614,-0.06377966063638338,294.01401760358135,1.7007909503035568,-0.4251977375752176,-237.26033756734614,25.511864254553352,-0.08503954751517784,14.165003662073062,168.07877853588366,0.02125988687879446,0.6074253393941274,-42.495010986219185,-13.538295964415965,-1.7007909503035568,-297.45857618331496,-0.08503954751517784,0.02125988687879446,-237.26033756734614,8.503954751517783,0.08503954751517784,0.08503954751517784,-262.8135074471825,0.09354350226669794,-102.13163828973912,-0.06377966063638338,25.511864254553352,0.08503954751517784,25.511864254553352,-42.51977375758892,-0.04251977375758892,-271.86027528737407,-170.0,-0.06377966063638338,-0.08503954751517784,-26.362259729705126,0.08503954751517784,8.503954751517783,-1.7007909503035568,161.41100570096702,161.41100570096702,-8.503954751517783,297.45857618331496,-161.41100570096702,17.007909503035567,0.12755932127276676,-1000.0,8.503954751517783,-333.3333333333333,168.07877853588366,-17.007909503035567,0.04251977375758892,0.8503954751517784,202.69018477160765,280.0,-0.08503954751517784,-282.1259886878794,262.8135074471825,26.362259729705126,0.08503954751517784,13.538295964415965,66.03132151767026,168.07877853588366,-0.08503954751517784,-0.02125988687879446,-168.07877853588366,-0.08503954751517784,-91.49604524848222,0.08503954751506626,-0.02125988687879446,-0.02125988687879446,-0.02125988687879446,34.01581900607113,42.51977375758892,0.8503954751517784,63.00367476530812,-0.02125988687879446,391.21536588114225,4.251977375758892,50.0,0.08503954751517784,0.04251977375758892,0.04251977375758892,-202.25836577239414,26.362259729705126,0.08503954751517784,-26.362259729705126,0.8503954751517784,0.08503954751517784,-63.00367476530812,0.08503954751517784,0.34015819006003767,0.4251977375752176,0.04251977375758892,0.02125988687879446,25.511864254553352,-0.08503954751517784,102.13163828973912,0.8503954751517784,-126.00734953061624,291.8880289157019,-8.503954751517783,17.007909503035567,4.251977375758892,-0.08503954751517784,42.495010986219185,0.12755932127276676,-0.08503954751517784,404.5167315447883,26.362259729705126,55.50989354493999,0.04251977375758892,-100.0,-0.08503954751517784,-0.08503954751506626,-0.08503954751517785,0.04251977375758892,237.26033756734614,-17.007909503035567,0.08503954751517784,405.3803695432153,-0.02125988687879446,-0.09354350226669794,-405.3803695432153,12.755932127276674,170.0,476.8998270051703,237.26033756734614,-0.06377966063638338,282.1259886878794,-280.0,0.08503954751517784,-0.021259886878794453,4.251977375758895,85.03954751517783,-0.04251977375758892,-0.08503954751517784,0.02125988687879446,647.9682263177915,0.0,999.9574802262424,0.0,-255.0,0.0,104.63698883538223,-140.0,0.0,123.8696465333648,-255.0,-325.0,0.0,-61.9348232666824,127.5,127.5,0.0,70.0,-262.9920904969644,-189.22487095868,0.0,325.0,-189.22487095868,-104.63698883538223,15.05085628309709,0.0,1496.5981,hplb
116,0.0,0.0,0.0,0.0,0.0,0.0,0.0,0.0,244.4925206113569,0.0,0.0,0.0,0.0,0.0,0.0,0.0,80.81249999999864,-780.8124999999986,0.0,1000.0,0.0,0.0,0.0,0.0,0.0,0.0,0.0,0.0,0.0,-717.079641662896,0.0,0.0,138.8007624499487,0.0,0.0,0.0,0.0,695.7471587258013,0.0,-1000.0,1000.0,0.0,0.0,-227.08294463608172,0.0,0.0,0.0,0.0,636.2671416628974,-51.01706038674524,0.0,0.0,0.0,0.05969055678991708,0.0,0.0,0.0,10.85282850725125,0.0,0.0,246.48574304405577,0.0,0.0,-507.30807254619117,0.0,0.0,0.0,0.0,540.1461167022477,0.0,0.0,0.5426414253625625,0.0,0.0,0.0,0.0,0.0,0.0,0.0,0.0,0.0,0.0,0.0,0.0,32.55848552175375,0.0,0.0,473.32660833710327,0.0,119.62008794727706,-0.013566035634064062,0.0,0.0,110.1630315215308,16.279242760876876,0.0,16.279242760876876,-409.55796699331563,0.0,0.0,0.0,917.8161999540828,-717.079641662896,0.0,0.0,0.0,0.0,270.4023424005496,0.0,0.0,0.0,0.0,0.0,0.0,0.0,0.0,0.0,0.0,0.0,0.0,0.0,0.0,0.0,0.0,-952.4274778877127,0.0,0.0,16.279242760876876,0.0,16.821884186239437,16.821884186239437,0.0,-1000.0,714.2768195660014,285.72318043399855,-285.72318043399855,0.0,0.0,0.0,-753.7938155902469,0.0,0.0,0.0,0.0,0.0,4.178338975291728,0.05426414253625625,0.0,0.0,0.0,0.0,0.0,0.0,0.0,0.0,0.0,313.48562676506015,0.0,0.0,0.0,0.0,0.0,196.83412377433103,196.83412377433103,0.0,0.0,0.0,-437.50000000000006,627.7467147431798,0.0,0.0,196.8883879168673,0.0,0.0,0.0,-1000.0,0.0,0.0,0.0,0.0,0.0,0.0,0.0,0.0,0.0,0.0,-546.9572570920849,0.0,0.0,0.0,0.0,-7.751495755558828,0.0,0.0,0.0,0.0,0.0,51.01706038674524,0.0,-109.59375000000068,109.59375000000068,0.0,0.0,0.0,0.0,0.0,0.0,0.0,0.0,-554.2856436651019,0.0,0.0,0.0,0.0,0.0,0.0,0.0,0.0,0.0,0.0,0.0,0.0,0.0,0.0,-78.29434298549751,0.0,0.0,0.0,0.0,753.7938155902469,164.5193216038381,0.0,0.0,0.0,0.0,246.48574304405577,227.08294463608172,0.0,0.0,0.0,0.0,0.0,0.0,0.0,0.0,0.0,0.0,0.0,0.0,200.3511917334713,309.944941733472,1000.0,0.0,0.0,0.0,0.0,753.7938155902469,783.5136294136095,0.0,0.0,0.0,-231.2249961686555,0.0,0.0,-102.39512343904931,0.0,0.0,-102.39512343904931,0.0,0.0,-109.59375000000068,0.0,-1000.0,51.01706038674524,0.0,20.521404444795735,0.0,0.0,0.0,0.0,0.0,0.0,0.0,961.0508682906517,0.0,753.7938155902469,127.81736116038515,-437.50000000000006,0.0,0.0,246.48574304405577,-0.08139621380438437,0.0,0.0,0.0,0.0,0.05426414253625625,0.0,0.0,0.0,-173.04706860915616,80.81249999999864,0.0,-576.7259309836693,251.20227292292907,0.0,776.6755667938172,0.0,1000.0,0.0,0.0,0.0,0.0,0.0,476.6816277758703,-476.6816277758703,-1000.0,-1000.0,-1000.0,0.0,0.0,0.0,0.0,0.0,0.0,0.0,0.0,0.0,0.0,0.0,0.0,0.0,0.0,0.0,0.0,0.0,374.7537273532395,0.0,-321.2104879427074,0.0,0.0,407.810661603648,0.0,0.0,264.7201861730889,-4.178338975291728,0.0,0.0,0.0,0.0,915.10299282727,0.0,0.0,539.7352964595522,45.49193047645831,-63.464488926377385,0.0,-2.7132071268128124,0.0,445.5795616266889,0.0,-1000.0,1000.0,-46.84853403986472,0.0,-189.1648008813893,0.0,-2.7132071268128124,0.0,-1000.0,16.279242760876876,0.0,0.0,0.0,0.0,0.0,244.54678475389315,0.0,0.0,0.0,0.0,244.14717149274875,0.0,0.0,-764.2710086588569,0.0,0.0,0.0,0.0,0.0,-260.8223295021354,0.0,-1000.0,239.60367596705964,0.0,0.0,0.0,0.0,-94.57358574637438,0.10852828507254873,0.0,0.0,0.0,0.0,0.0,0.0,0.0,0.0,0.0,540.1461167022477,0.0,0.0,0.0,0.0,0.0,0.0,0.0,0.0,0.0,0.05969055678991708,0.05969055678991708,0.0,237.8611358865851,0.0,32.55848552175375,0.0,0.0,0.0,1000.0,0.0,0.0,0.0,0.0,0.0,546.1828109229853,-1000.0,0.0,0.0,0.0,0.0,0.0,239.60367596705964,0.0,0.0,0.0,0.0,0.0,0.0,0.0,317.4758259625709,173.04706860915616,0.0,0.0,4.178338975291728,0.0,631.4724834476222,-521.3094519260914,-685.8287735299294,0.0,546.1828109229853,0.0,1000.0,-548.3907748233892,0.0,0.0,0.0,0.0,0.0,0.0,0.0,0.0,0.0,0.0,0.0,0.0,0.0,0.0,0.0,0.0,32.55848552175375,753.7938155902469,753.7938155902469,0.0,0.0,0.0,0.0,0.0,0.0,0.0,0.0,0.0,0.0,0.5426414253625625,0.0,0.0,0.0,0.0,0.0,0.0,0.0,0.0,16.279242760876876,0.0,0.0,0.0,0.0,0.0,0.0,0.0,0.0,0.0,0.0,1000.0,-609.7103821784608,0.0,16.279242760876876,16.279242760876876,861.6497973408186,-1000.0,0.0,239.60367596705964,0.0,0.0,0.0,0.0,0.0,717.079641662896,0.0,1000.0,0.05426414253625625,0.0,0.0,0.0,4.37601549453095,0.0,0.0,-110.1630315215308,0.0,0.0,0.0,0.0,0.0,0.0,0.0,0.0,0.0,0.0,0.0,0.0,0.0,0.0,0.05426414253625625,0.0,0.0,0.0,0.0,0.0,0.0,0.0,0.0,0.0,-469.3115484499984,872.9438710783546,0.0,0.0,-695.9642152959469,-4.069810690219218,-2.7132071268128124,0.0,0.0,0.0,0.0,0.0,0.0,0.0,0.0,0.0,0.0,0.0,0.0,753.7938155902469,0.0,0.0,0.0,-1000.0,0.0,0.0,0.0,244.4925206113569,0.0,0.0,0.05426414253625625,0.0,0.05426414253625625,0.0,0.0,0.0,32.55848552175375,66.20225389423263,66.20225389423263,0.0,0.0,0.0,0.0,0.0,0.0,0.0,0.0,0.0,0.0,0.0,0.0,481.353770448242,0.0,0.0,0.0,0.0,0.0,0.0,0.0,0.0,0.0,0.0,0.0,0.0,0.0,0.0,164.5193216038381,0.0,0.0,0.0,0.08139621380438437,0.0,0.0,0.0,-16.279242760876876,0.0,0.0,0.0,0.0,0.0,-237.8611358865851,2.7132071268128124,0.0,0.0,0.0,437.50000000000006,-627.7467147431798,-1000.0,0.0,0.0,-1000.0,0.0,0.0,0.0,0.0,0.0,753.7938155902469,0.0,0.0,392.5267363370472,237.8611358865851,0.0,314.1471714927487,0.0,0.0,-534.8667905252934,0.0,534.8667905252934,0.0,717.3113755193768,0.0,2.7132071268128124,1000.0,0.0,0.0,0.0,-260.8223295021354,0.0,0.0,0.0,0.0,0.0,0.0,0.0,0.0,0.0,538.8176357116465,0.0,66.20225389423263,0.0,0.0,0.0,0.0,0.0,0.0,0.0,0.0,0.0,0.0,0.0,0.0,250.0705679572427,-544.5221321967787,-1000.0,0.0,16.279242760876876,0.0,0.0,0.0,0.0,-10.728403127621192,0.0,0.0,0.05969055678991708,0.0,0.0,0.0,33.10112694711631,0.0,0.0,0.0,0.0,-78.29434298549751,0.0,0.0,0.0,0.0,0.0,0.0,0.0,0.0,173.35894856203944,0.0,0.00542641425362578,0.00542641425362578,0.0,0.0,0.0,0.0,0.0,0.0,0.0,0.0,0.0,0.0,0.0,0.0,0.0,0.0,0.0,237.8611358865851,0.0,0.0,0.0,0.0,0.0,0.0,0.0,51.01706038674524,0.0,0.0,0.0,0.0,797.8921416628947,0.0,-780.8124999999986,0.0,0.0,0.0,32.55848552175371,0.0,0.0,0.0,0.0,0.0,-716.3074178521887,683.748932330435,0.0,0.0,0.0,0.0,0.0,0.0,0.0,0.0,0.0,0.0,0.0,0.0,-1000.0,-1000.0,518.5247080855776,0.0,-16.279242760876876,0.0,695.7471587258013,0.0,0.0,0.0,0.0,0.0,0.0,0.0,0.0,0.0,234.375,0.0,-234.375,-234.375,0.0,0.0,0.0,0.0,-6.7830178170320305,753.7938155902469,-919.1728035174892,477.28395975802283,0.0,0.0,0.0,0.0,0.0,-0.6783017817032032,0.0,260.8223295021354,0.0,0.0,0.0,0.0,0.0,0.0,0.0,1000.0,16.279242760876876,16.279242760876876,0.0,0.0,0.0,0.0,0.0,0.05969055678991708,237.8611358865851,0.0,0.0,-695.7471587258013,0.0,0.0,0.0,0.0,0.0,0.0,0.0,0.0,0.0,0.0,0.0,0.0,0.0,0.0,0.0,0.0,0.0,16.821884186239437,0.0,56.97734966306906,4.178338975291728,0.0,0.0,0.0,0.0,0.0,237.8611358865851,0.0,995.5394874835195,0.0,0.0,0.0,-6.7830178170320305,0.0,0.0,0.0,0.0,0.0,0.0,0.0,0.0,0.0,0.0,0.0,0.0,0.0,0.0,0.0,0.0,0.0,0.0,-0.05426414253625625,0.0,0.0,2.7132071268128124,-546.1828109229853,0.0,0.0,0.0,0.0,753.7938155902469,0.0,0.0,0.0,-476.6816277758703,1.3566035634064093,0.0,0.0,0.0,0.05426414253625625,0.0,54.264142536256244,0.0,10.852828507251251,0.3876010181161161,185.04072604863381,-0.04069810690219219,460.26470354044784,1.085282850725125,-0.27132071268181335,-185.04072604863381,16.279242760876876,-0.05426414253625625,0.0,239.60367596705964,0.013566035634064062,0.3876010181161161,0.0,-8.6388514917723,-1.085282850725125,-300.0,-0.05426414253625625,0.013566035634064062,-185.04072604863381,5.426414253625625,0.05426414253625625,0.05426414253625625,-237.74718118725892,0.05969055678988203,-233.37434819632307,-0.04069810690219219,16.279242760876876,0.05426414253625625,16.279242760876876,-27.132071268128126,-0.027132071268128125,-80.11127856873708,-170.0,-0.04069810690219219,-0.05426414253625625,0.0,0.05426414253625625,5.426414253625625,-1.085282850725125,164.5193216038381,164.5193216038381,-5.426414253625625,300.0,-164.5193216038381,10.85282850725125,0.08139621380438437,-1000.0,5.426414253625625,-317.4758259625709,239.60367596705964,-10.85282850725125,0.027132071268128125,0.5426414253625625,144.18148274591732,248.71396439383633,-0.05426414253625625,-250.0705679572427,237.74718118725892,16.821884186239437,0.05426414253625625,8.6388514917723,174.48670492355237,239.60367596705964,-0.05426414253625625,-0.013566035634064062,-239.60367596705964,-0.05426414253625625,-94.57358574637438,0.05426414253625625,-0.013566035634064062,-0.013566035634064062,-0.013566035634064062,21.7056570145025,27.132071268128126,0.5426414253625625,40.20294660154809,-0.013566035634064062,288.36296549183464,2.7132071268128124,50.0,0.05426414253625625,0.027132071268128125,0.027132071268128125,-251.668655557968,0.0,0.05426414253625625,0.0,0.5426414253625625,0.05426414253625625,-40.20294660154809,0.05426414253625625,0.21705657014557803,0.27132071268181335,0.027132071268128125,0.013566035634064062,16.279242760876876,-0.05426414253625625,233.37434819632307,0.5426414253625625,-80.40589320309618,458.9080999770414,-5.426414253625625,10.85282850725125,2.7132071268128124,-0.05426414253625625,0.0,0.08139621380438437,-0.05426414253625625,503.337311115936,0.0,199.40226559794277,0.027132071268128125,-100.0,-0.05426414253625625,-0.05426414253625625,-0.05426414253625625,0.027132071268128125,185.04072604863381,-10.85282850725125,0.05426414253625625,288.36296549183464,-0.013566035634064062,-0.05969055678988203,-288.36296549183464,8.139621380438436,170.0,525.4369938637176,185.04072604863381,-0.04069810690219219,250.0705679572427,-248.71396439383633,0.05426414253625625,-0.013566035634064062,2.7132071268128124,54.264142536256244,-0.027132071268128125,-0.05426414253625625,0.013566035634064062,1000.0,0.0,989.9465299814555,0.0,-255.0,0.0,64.34018172655384,-140.0,0.0,296.1849774127809,-255.0,-325.0,-10.026337947276375,-148.09248870639044,127.5,127.5,0.0,70.0,-237.8611358865851,-188.67386247032158,10.026337947276375,325.0,-188.67386247032158,-64.34018172655384,-57.78646872531208,0.0,1496.5981,hplb
117,0.0,0.0,0.0,0.0,0.0,0.0,0.0,0.0,-0.11734959007261533,0.0,0.0,0.0,0.0,0.0,0.0,0.0,-232.36078594991795,493.80603713928696,0.0,0.0,0.0,0.0,0.0,339.71802336365806,0.0,0.0,0.0,0.0,0.0,-877.1954661849011,0.0,0.0,101.4508557681593,0.0,0.0,0.0,0.0,-0.46939836029061804,0.0,-1000.0,355.36160788481897,0.0,0.0,79.46920141903013,0.0,0.0,0.0,0.0,464.7215718998359,0.0,0.0,0.0,0.0,0.1290845490797063,0.0,0.0,0.0,23.469918014523067,0.0,0.0,-27.387294884799473,0.0,301.18763340771636,71.83148400257613,0.0,0.0,0.0,0.0,0.0,0.0,0.0,1.1734959007261536,0.0,0.0,0.0,0.0,0.0,0.0,0.0,0.0,0.0,0.0,0.0,0.0,70.40975404356921,0.0,84.37565915918364,0.0,29.084465239451067,0.0,-0.029337397518153834,0.0,0.0,0.0,35.204877021784604,0.0,35.204877021784604,0.0,0.0,0.0,0.0,5.867479503630767,-877.1954661849011,0.0,0.0,-35.955718291236074,0.0,414.1103522183772,0.0,0.0,0.0,0.0,0.0,0.0,0.0,0.0,0.0,0.0,0.0,0.0,0.0,0.0,0.0,0.0,-1000.0,0.0,0.0,35.204877021784604,0.0,36.378372922510756,0.0,0.0,-72.47552315432574,-927.5244768456743,1000.0,-1000.0,0.0,0.0,0.0,-201.96885452034076,0.0,0.0,0.0,0.0,0.0,93.41157759477501,0.11734959007261533,0.0,0.0,0.0,0.0,0.0,0.0,0.0,0.0,0.0,426.47202947679534,0.0,0.0,0.0,0.0,0.0,185.5823750572963,185.5823750572963,0.0,0.0,0.0,-562.5,-742.2901865523442,0.0,0.0,185.69972464736892,0.0,0.0,0.0,557.7723884717273,0.0,0.0,0.0,0.0,0.0,0.0,0.0,0.0,0.0,0.0,-87.40537802120917,0.0,0.0,0.0,0.0,-1000.0,0.0,0.0,0.0,0.0,0.0,0.0,0.0,-29.084465239451067,29.084465239451067,201.96885452034076,0.0,0.0,0.0,0.0,0.0,0.0,0.0,1000.0,0.0,0.0,0.0,0.0,0.0,0.0,0.0,0.0,0.0,0.0,0.0,0.0,0.0,0.0,-53.060163970953866,644.8346802349831,0.0,0.0,0.0,0.0,-74.31602388548221,0.0,0.0,0.0,0.0,-27.387294884799473,565.365478815953,0.0,0.0,0.0,0.0,0.0,0.0,0.0,0.0,757.0320009690216,0.0,0.0,0.0,-232.53681033502687,-174.36787985612477,435.63710666038486,0.0,-644.8346802349831,0.0,0.0,201.96885452034076,62.422670667312396,0.0,0.0,0.0,-121.33766393919132,0.0,0.0,-1000.0,0.0,0.0,-1000.0,0.0,0.0,0.0,0.0,0.0,0.0,0.0,199.75252566773827,0.0,0.0,0.0,-1000.0,0.0,1000.0,0.0,0.0,0.0,0.0,349.4069257912783,-562.5,0.0,0.0,-27.387294884799473,-0.176024385108923,0.0,0.0,0.0,0.0,0.11734959007261533,0.0,0.0,0.0,80.1102913743353,-232.36078594991795,0.0,-711.0621327668321,617.3477088393174,0.0,285.25609042504163,0.0,919.8555392366238,0.0,-35.955718291236074,0.0,0.0,0.0,-10.103799705252008,90.24826046862819,-1000.0,-1000.0,-1000.0,0.0,0.0,0.0,0.0,0.0,0.0,0.0,0.0,0.0,0.0,0.0,0.0,0.0,0.0,0.0,0.0,0.0,-1000.0,0.0,-1000.0,0.0,0.0,753.2533441686803,297.8564587712659,0.0,0.0,-850.4435785637967,0.0,0.0,0.0,0.0,0.0,0.0,0.0,-154.79570888926372,0.0,-90.24826046862819,-177.73158527632097,0.0,0.0,841.9887769672234,0.0,0.0,0.0,-2.9337397518153834,-5.867479503630767,0.0,0.0,99.04947972407432,0.0,-579.2644223119559,35.204877021784604,0.0,0.0,0.0,8.080905818276847,0.0,0.0,0.0,0.0,0.0,0.0,259.40489445843616,0.0,0.0,-67.66195201032724,0.0,0.0,0.0,0.0,0.0,-87.9921259715724,0.0,812.49999999998,105.31039448156196,0.0,0.0,0.0,0.0,-88.26504099273846,0.23469918014530902,0.0,0.0,0.0,0.0,0.0,0.0,0.0,0.0,0.0,0.0,0.0,0.0,0.0,0.0,0.0,0.0,0.0,0.0,0.0,0.1290845490797063,0.1290845490797063,0.0,144.7325398441576,0.0,70.40975404356921,0.0,0.0,0.0,1000.0,0.0,0.0,84.37565915918364,0.0,0.0,1000.0,-1000.0,0.0,0.0,0.0,0.0,0.0,105.31039448156196,0.0,0.0,0.0,0.0,0.0,0.0,0.0,333.3333333333333,-80.1102913743353,0.0,0.0,93.41157759477501,0.0,0.0,0.0,-127.65283063485855,0.0,1000.0,0.0,0.0,911.7349590072615,0.0,0.0,0.0,0.0,0.0,0.0,0.0,0.0,0.0,0.0,0.0,0.0,0.0,0.0,0.0,0.0,70.40975404356921,201.96885452034076,201.96885452034076,0.0,0.0,0.0,0.0,0.0,0.0,0.0,0.0,0.0,0.0,1.1734959007261536,0.0,0.0,84.37565915918364,-84.37565915918364,0.0,0.0,0.0,0.0,35.204877021784604,0.0,0.0,0.0,0.0,0.0,0.0,0.0,0.0,0.0,0.0,0.0,892.8491047872816,0.0,35.204877021784604,35.204877021784604,-713.1386167736,-1000.0,0.0,105.31039448156196,0.0,0.0,0.0,0.0,0.0,877.1954661849011,0.0,1000.0,0.11734959007261533,0.0,0.0,154.9768979180418,0.0,0.0,0.0,0.0,0.0,0.0,0.0,0.0,0.0,0.0,0.0,0.0,0.0,0.0,0.0,0.0,0.0,0.0,0.11734959007261533,0.0,0.0,0.0,0.0,0.0,0.0,0.0,0.0,0.0,-519.8527668293082,1000.0,0.0,0.0,-577.3374675658082,-8.801219255446151,-5.867479503630771,0.0,0.0,0.0,0.0,0.0,0.0,0.0,0.0,0.0,0.0,0.0,0.0,201.96885452034076,0.0,0.0,0.0,-474.3474630842507,0.0,0.0,0.0,-0.11734959007261533,0.0,0.0,0.11734959007261533,0.0,0.11734959007261533,0.0,0.0,0.0,70.40975404356921,143.16649988859072,143.16649988859072,0.0,0.0,0.0,0.0,0.0,0.0,0.0,0.0,0.0,0.0,0.0,0.0,0.0,0.0,0.0,0.0,0.0,0.0,0.0,0.0,0.0,0.0,0.0,0.0,0.0,0.0,0.0,127.65283063485855,0.0,-712.6160331509019,712.6160331509019,0.176024385108923,0.0,0.0,0.0,-35.204877021784604,0.0,0.0,0.0,0.0,0.0,-144.7325398441576,5.867479503630767,0.0,0.0,0.0,562.5,742.2901865523442,159.43582430900472,0.0,0.0,812.49999999998,0.0,0.0,0.0,0.0,0.0,201.96885452034076,0.0,0.0,1000.0,144.7325398441576,0.0,301.53008198547695,-35.955718291236074,577.3374675658082,-171.1549874254838,0.0,-406.1824801403244,0.0,-80.74382922127828,0.0,5.867479503630771,459.5334240645929,0.0,0.0,0.0,-256.7434442899397,0.0,0.0,0.0,0.0,0.0,0.0,0.0,0.0,0.0,240.93913712081292,-171.13619761049608,143.16649988859072,0.0,376.76305693302,376.76305693302,-376.76305693302004,0.0,0.0,0.0,0.0,0.0,757.0320009690216,0.0,0.0,0.0,-154.9768979180418,-889.7223753544339,0.0,35.204877021784604,84.37565915918364,0.0,0.0,0.0,113.87639858952161,0.0,0.0,0.1290845490797063,0.0,0.0,0.0,71.58324994429536,0.0,0.0,0.0,0.0,-53.060163970953866,0.0,0.0,0.0,0.0,0.0,0.0,0.0,0.0,0.0,0.0,0.011734959007261533,0.011734959007261533,0.0,0.0,0.0,0.0,0.0,0.0,0.0,0.0,0.0,154.9768979180418,0.0,0.0,0.0,0.0,0.0,144.7325398441576,0.0,0.0,0.0,0.0,0.0,0.0,0.0,0.0,0.0,0.0,0.0,168.75131831836728,0.0,0.0,493.80603713928696,0.0,0.0,0.0,70.40975404356925,0.0,0.0,0.0,0.0,0.0,802.6028365540698,-873.012590597639,0.0,168.75131831836728,0.0,0.0,0.0,0.0,0.0,0.0,0.0,0.0,0.0,0.0,-1000.0,-1000.0,80.38446919974152,-35.204877021784604,0.0,0.0,-0.46939836029061804,0.0,0.0,0.0,0.0,0.0,0.0,0.0,0.0,0.0,182.29166666666669,0.0,-182.29166666666669,-182.29166666666669,0.0,0.0,0.0,0.0,-14.668698759076921,201.96885452034076,-8.801219255446151,162.33497835504994,0.0,0.0,0.0,0.0,0.0,-64.06412237958989,62.5972525036822,87.9921259715724,0.0,0.0,0.0,0.0,0.0,0.0,0.0,1000.0,35.204877021784604,35.204877021784604,0.0,0.0,0.0,0.0,0.0,0.1290845490797063,144.7325398441576,0.0,0.0,0.46939836029061804,0.0,0.0,0.0,0.0,0.0,0.0,0.0,0.0,0.0,0.0,0.0,0.0,0.0,0.0,356.30801657545095,0.0,0.0,0.0,0.0,123.21706957624612,93.41157759477501,0.0,0.0,0.0,0.0,0.0,144.7325398441576,0.0,587.9500403560448,0.0,0.0,0.0,-14.668698759076921,0.0,0.0,0.0,0.0,0.0,0.0,0.0,0.0,0.0,0.0,0.0,0.0,0.0,0.0,0.0,0.0,0.0,0.0,-0.11734959007261533,0.0,0.0,5.867479503630767,-1000.0,0.0,0.0,0.0,0.0,201.96885452034076,0.0,0.0,0.0,10.103799705252008,2.9337397518153834,0.0,0.0,0.0,0.11734959007261533,0.0,117.34959007261533,-36.378372922510756,23.46991801452307,0.838211357661538,327.40535630259683,-0.0880121925544615,154.79570888926372,2.346991801452307,-0.5867479503632127,-327.40535630259683,35.204877021784604,-0.11734959007261533,11.985239430412024,105.31039448156196,0.029337397518153834,0.8382113576615381,-35.955718291236074,-103.05771389874712,-2.346991801452307,-261.445251189369,-0.11734959007261533,0.029337397518153834,-327.40535630259683,11.734959007261534,0.11734959007261533,0.11734959007261533,-144.4861057050053,-84.24657461010376,-117.80446017842561,-0.0880121925544615,35.204877021784604,0.11734959007261533,35.204877021784604,-58.67479503630767,-0.05867479503630767,-236.7561327158976,62.46371528814805,-0.0880121925544615,-0.11734959007261533,-36.378372922510756,0.11734959007261533,11.734959007261534,-2.346991801452307,127.65283063485855,127.65283063485855,-11.734959007261534,261.445251189369,-127.65283063485855,23.469918014523067,0.176024385108923,-1000.0,11.734959007261534,-333.3333333333333,105.31039448156196,-23.469918014523067,0.05867479503630767,1.1734959007261536,177.76553319170802,168.20245785868067,-0.11734959007261533,-171.13619761049608,144.4861057050053,36.378372922510756,0.11734959007261533,103.05771389874712,-35.50911360557642,105.31039448156196,-0.11734959007261533,-0.029337397518153834,-105.31039448156196,-0.11734959007261533,-88.26504099273846,0.11734959007261533,-0.029337397518153834,-0.029337397518153834,-0.029337397518153834,46.939836029046134,58.67479503630767,1.1734959007261536,86.94137754505238,-0.029337397518153834,343.545826953004,5.867479503630767,50.0,0.11734959007261533,0.05867479503630767,0.05867479503630767,64.39015624804252,36.378372922510756,0.11734959007261533,-36.378372922510756,1.1734959007261536,0.11734959007261533,-86.94137754505238,0.11734959007261533,0.46939836029061804,0.5867479503632127,0.05867479503630767,0.029337397518153834,35.204877021784604,-0.11734959007261533,117.80446017842561,1.1734959007261534,-173.88275509010475,151.86196913744834,-11.734959007261534,23.469918014523067,5.867479503630767,-0.11734959007261533,35.955718291236074,0.176024385108923,-0.11734959007261533,-128.78031249608503,36.378372922510756,52.62136420734615,0.05867479503630767,-100.0,-0.11734959007261533,-0.11734959007261533,-0.11734959007261533,0.05867479503630767,327.40535630259683,-23.469918014523067,0.11734959007261533,355.53106638341603,-0.029337397518153834,84.24657461010376,-355.53106638341603,17.6024385108923,-62.46371528814806,402.58255795183067,327.40535630259683,-0.0880121925544615,171.13619761049608,-168.20245785868067,0.11734959007261533,-0.029337397518153827,5.867479503630771,117.34959007261533,-0.05867479503630767,-0.11734959007261533,0.029337397518153834,0.0,0.0,999.9413252049637,0.0,-255.0,0.0,249.0883269728861,-140.0,0.0,-80.0,-255.0,-325.0,0.0,40.0,127.5,127.5,0.0,70.0,-144.7325398441576,-166.49776279686776,0.0,325.0,-166.49776279686776,-249.0883269728861,136.4312407856005,0.0,1496.5981,hplb
118,0.0,0.0,0.0,0.0,0.0,0.0,0.0,0.0,-0.11089672311707607,0.0,0.0,0.0,0.0,0.0,0.0,0.0,-34.901060364067234,-665.0989396359328,0.0,1000.0,0.0,0.0,0.0,774.9153827394688,0.0,613.410784932824,0.0,0.0,0.0,152.27411270350433,14.493129842243661,-14.493129842243661,92.3758695120788,0.0,0.0,0.0,0.0,170.4264259582709,0.0,-1000.0,505.7608227912564,0.0,0.0,0.0,0.0,0.0,0.0,0.0,-117.3730523394371,0.0,0.0,0.0,0.0,0.12198639542869637,0.0,0.0,0.0,22.179344623415215,0.0,0.0,-70.0443198074232,0.0,70.0443198074232,0.0,0.0,0.0,0.0,0.0,0.0,0.0,0.0,1.1089672311707608,0.0,0.0,0.0,0.0,0.0,0.0,0.0,887.9767185208216,0.0,0.0,0.0,0.0,66.53803387024564,0.0,55.44697177749814,0.0,452.27411270350433,300.0,-0.02772418077926902,0.0,0.0,-756.2147479200836,33.26901693512282,0.0,33.26901693512282,-18.064004326613485,0.0,0.0,0.0,770.653391526665,-227.6174986251368,0.0,0.0,-45.173312907033896,0.0,0.0,0.0,0.0,0.0,0.0,0.0,0.0,0.0,0.0,0.0,0.0,0.0,0.0,0.0,0.0,0.0,0.0,-1000.0,0.0,0.0,33.26901693512282,0.0,34.37798416629359,0.0,0.0,-142.3137852188284,142.3137852188284,0.0,0.0,0.0,0.0,0.0,0.0,0.0,0.0,0.0,0.0,0.0,63.986019457512995,0.11089672311707607,0.0,0.0,0.0,0.0,0.0,0.0,0.0,0.0,0.0,293.9567946324158,0.0,0.0,0.0,0.0,0.0,300.41091387183866,300.41091387183866,0.0,0.0,0.0,562.5,0.0,0.0,0.0,315.0149404371994,0.0,0.0,0.0,176.74020327456083,0.0,0.0,0.0,0.0,0.0,0.0,0.0,0.0,0.0,0.0,-166.95309112614677,0.0,0.0,0.0,0.0,-245.81123885846807,0.0,0.0,0.0,0.0,0.0,0.0,0.0,-452.27411270350433,452.27411270350433,0.0,0.0,0.0,0.0,0.0,0.0,0.0,379.8916113286412,-711.0414350130497,0.0,0.0,0.0,0.0,0.0,0.0,0.0,0.0,0.0,0.0,0.0,0.0,0.0,0.0,-55.64131075316957,0.0,0.0,0.0,0.0,0.0,0.0,0.0,0.0,0.0,0.0,-70.0443198074232,0.0,14.493129842243661,0.0,0.0,0.0,0.0,0.0,0.0,0.0,0.0,0.0,0.0,0.0,-126.87085490249854,777.6773705045102,-569.6471650429414,0.0,0.0,0.0,0.0,0.0,135.29400220283281,0.0,0.0,0.0,-231.26135460492617,0.0,0.0,-1000.0,-829.6454886046293,-1000.0,-170.35451139537065,0.0,-170.35451139537065,0.0,0.0,0.0,0.0,0.0,309.40185749664226,0.0,0.0,0.0,0.0,0.0,0.0,0.0,1000.0,0.0,0.0,0.0,562.5,0.0,0.0,-70.0443198074232,-0.1663450846756141,0.0,0.0,0.0,0.0,0.11089672311707607,0.0,0.0,0.0,212.54222192334527,-34.901060364067234,0.0,-523.7916172560258,106.88913592979017,0.0,411.20918434979444,0.0,0.0,0.0,-45.173312907033896,0.0,0.0,0.0,156.05659996937243,0.0,-156.05659996937243,-497.70527131316896,-1000.0,0.0,0.0,0.0,0.0,0.0,0.0,0.0,0.0,0.0,0.0,0.0,0.0,0.0,0.0,0.0,0.0,0.0,0.0,0.0,-1000.0,0.0,829.1299871492608,0.0,0.0,0.0,0.0,-49.49288961526935,0.0,0.0,0.0,0.0,765.1085553708111,652.3049034627077,0.0,-1000.0,0.0,-652.3049034627077,-373.27698023103824,-363.34186147487156,468.2129139978506,-627.0835595353738,0.0,611.9008861587406,470.43666988247435,-2.772418077926902,357.79702531901773,0.0,0.0,-692.1912586974584,0.0,1000.0,33.26901693512282,0.0,0.0,0.0,0.0,0.0,0.0,0.0,0.0,0.0,0.0,277.9939682836187,0.0,0.0,-851.5477683415293,0.0,0.0,379.8916113286412,0.0,0.0,-29.19469605985009,0.0,-446.80386257445195,127.82065537658478,0.0,0.0,0.0,0.0,-88.9103276882924,0.2217934462341277,0.0,0.0,0.0,0.0,0.0,0.0,0.0,0.0,0.0,0.0,0.0,0.0,0.0,0.0,0.0,0.0,0.0,0.0,0.0,0.12198639542869637,0.12198639542869637,14.493129842243661,251.50498486086127,0.0,66.53803387024564,0.0,0.0,0.0,1000.0,0.0,0.0,55.44697177749814,0.0,0.0,517.1545247568249,-1000.0,0.0,0.0,0.0,0.0,0.0,127.82065537658478,0.0,0.0,0.0,0.0,0.0,0.0,0.0,333.3333333333333,-212.54222192334527,0.0,0.0,63.986019457512995,0.0,0.0,-756.2147479200836,-756.2147479200836,0.0,517.1545247568249,0.0,428.2441970685325,0.0,99.67095115069162,-99.67095115069162,0.0,0.0,0.0,0.0,0.0,0.0,0.0,0.0,0.0,0.0,0.0,0.0,0.0,0.0,66.53803387024564,0.0,0.0,0.0,0.0,0.0,0.0,0.0,0.0,0.0,0.0,0.0,0.0,1.1089672311707608,0.0,14.493129842243661,55.44697177749814,-55.44697177749814,14.493129842243661,0.0,0.0,0.0,33.26901693512282,0.0,0.0,0.0,0.0,0.0,0.0,0.0,0.0,0.0,0.0,1000.0,0.0,0.0,33.26901693512282,33.26901693512282,1000.0,-1000.0,0.0,127.82065537658478,0.0,0.0,0.0,0.0,0.0,-274.6772300616942,379.8916113286412,-421.9212777464458,0.11089672311707607,0.0,0.0,0.0,146.4549652651157,0.0,0.0,756.2147479200836,0.0,0.0,0.0,0.0,0.0,0.0,0.0,0.0,0.0,0.0,0.0,0.0,0.0,0.0,0.11089672311707607,0.0,0.0,0.0,0.0,0.0,0.0,0.0,0.0,829.1299871492608,0.0,265.14526348924915,0.0,-314.6381531045185,-1000.0,-8.317254233780773,0.0,-5.544836155853808,0.0,-62.5,-62.5,62.50000000000001,0.0,0.0,0.0,0.0,0.0,0.0,0.0,0.0,0.0,0.0,0.0,313.35357745839553,0.0,0.0,0.0,-0.11089672311707607,0.0,0.0,0.11089672311707607,0.0,0.11089672311707607,0.0,0.0,0.0,66.53803387024564,135.29400220283281,135.29400220283281,0.0,0.0,0.0,0.0,0.0,0.0,0.0,0.0,0.0,379.8916113286412,0.0,0.0,0.0,165.6048078297526,0.0,0.0,0.0,0.0,0.0,0.0,0.0,0.0,0.0,0.0,0.0,0.0,0.0,0.0,0.0,-613.410784932824,613.410784932824,0.1663450846756141,0.0,0.0,0.0,-33.26901693512282,0.0,0.0,0.0,0.0,0.0,-251.50498486086127,5.544836155853804,0.0,0.0,0.0,-562.5,0.0,545.9878307896562,-5.544836155853808,0.0,-446.80386257445195,0.0,0.0,0.0,0.0,0.0,0.0,0.0,0.0,1000.0,251.50498486086127,0.0,302.8206553765848,-45.173312907033896,0.0,496.49494117438684,314.6381531045185,-811.1330942789053,0.0,0.0,0.0,5.544836155853808,513.541824155674,0.0,0.0,-14.493129842243661,-140.0886396148464,0.0,0.0,0.0,0.0,0.0,0.0,0.0,0.0,0.0,150.3185826585853,0.0,135.29400220283281,0.0,0.0,0.0,14.493129842243661,0.0,0.0,0.0,0.0,0.0,0.0,0.0,0.0,276.45674756220336,-146.4549652651157,-873.8759084722955,0.0,33.26901693512282,55.44697177749814,0.0,0.0,0.0,14.97929449850929,0.0,0.0,0.12198639542869637,0.0,0.0,0.0,67.64700110141641,0.0,0.0,0.0,0.0,-55.64131075316957,0.0,0.0,0.0,0.0,0.0,0.0,0.0,0.0,0.0,0.0,0.011089672311707608,0.011089672311707608,0.0,0.0,0.0,0.0,0.0,0.0,0.0,0.0,0.0,0.0,14.493129842243661,0.0,0.0,0.0,0.0,251.50498486086127,0.0,0.0,0.0,0.0,0.0,0.0,0.0,0.0,0.0,0.0,0.0,110.89394355499628,812.8248269324284,0.0,-665.0989396359328,0.0,0.0,0.0,66.53803387024564,0.0,0.0,0.0,0.0,0.0,0.0,-66.53803387024564,0.0,110.89394355499628,0.0,0.0,0.0,0.0,0.0,0.0,0.0,14.493129842243661,14.493129842243661,0.0,421.9212777464458,-1000.0,241.5690631649497,593.4518177421744,-626.7208346772973,0.0,999.5564131075317,0.0,0.0,0.0,0.0,0.0,0.0,0.0,0.0,0.0,52.083333333333336,0.0,-52.083333333333336,-52.083333333333336,0.0,0.0,0.0,0.0,-13.86209038963458,0.0,-773.4258096045919,157.28755359597193,0.0,0.0,0.0,0.0,0.0,-1.3862090389634512,0.0,29.19469605985009,0.0,0.0,0.0,0.0,0.0,0.0,0.0,1000.0,33.26901693512282,33.26901693512282,0.0,0.0,0.0,0.0,887.9767185208216,0.12198639542869637,251.50498486086127,0.0,0.0,-999.5564131075317,0.0,0.0,0.0,0.0,0.0,0.0,0.0,0.0,0.0,0.0,0.0,0.0,0.0,0.0,0.0,0.0,0.0,0.0,0.0,116.44155927292987,0.0,0.0,63.986019457512995,0.0,0.0,0.0,251.50498486086127,0.0,-564.0518351162697,0.0,0.0,0.0,-13.86209038963458,0.0,0.0,0.0,0.0,0.0,0.0,0.0,0.0,0.0,0.0,0.0,0.0,0.0,0.0,0.0,0.0,0.0,0.0,-0.11089672311707607,0.0,0.0,5.544836155853804,-517.1545247568249,0.0,0.0,0.0,0.0,0.0,0.0,0.0,0.0,-156.05659996937243,2.772418077926902,0.0,0.0,613.410784932824,0.11089672311707607,0.0,110.89672311707606,-34.37798416629359,22.17934462341522,0.7921194508362577,309.40185749664226,-0.08317254233780705,388.0991138412594,2.2179344623415216,-0.5544836155853545,-309.40185749664226,33.26901693512283,-0.11089672311707607,15.0577709690113,127.82065537658478,0.02772418077926902,0.7921194508362577,-45.173312907033896,-73.10173009773663,12.27519537990214,-300.0,-0.11089672311707607,0.02772418077926902,-309.40185749664226,11.089672311707607,0.11089672311707607,0.11089672311707607,-251.2721017423155,-55.32498538206936,-90.93957138630338,-0.08317254233780705,33.26901693512282,0.11089672311707607,33.26901693512283,-55.44836155853804,-0.05544836155853804,-112.67059743204459,-11.200569034824667,-0.08317254233780705,-0.11089672311707607,-34.37798416629359,0.11089672311707607,11.089672311707607,-2.2179344623415216,0.0,0.0,-11.089672311707607,300.0,0.0,22.179344623415215,0.1663450846756141,-1000.0,11.089672311707607,-333.3333333333333,127.82065537658478,-22.179344623415215,0.05544836155853804,1.1089672311707608,130.94790431400645,273.6843294842765,-0.11089672311707607,-276.45674756220336,251.2721017423155,34.37798416629359,0.11089672311707607,73.10173009773663,-5.255412363906549,127.82065537658478,-0.11089672311707607,-0.02772418077926902,-127.82065537658478,-0.11089672311707607,-88.9103276882924,0.11089672311707607,-0.02772418077926902,-0.02772418077926902,-0.02772418077926902,44.35868924683043,55.44836155853804,1.1089672311707608,278.0623344662416,-0.02772418077926902,246.8380376590016,5.544836155853804,50.0,0.11089672311707607,0.05544836155853804,0.05544836155853804,75.0,34.37798416629359,0.11089672311707607,-34.37798416629359,1.1089672311707608,0.11089672311707607,-669.8657839199973,0.11089672311707607,0.4435868924682609,0.5544836155853545,0.05544836155853804,0.02772418077926902,33.26901693512282,-0.11089672311707607,90.93957138630338,-6.13759768995107,-556.1246689324832,385.3266957633325,-11.089672311707607,22.179344623415215,5.544836155853804,-0.11089672311707607,45.173312907033896,0.1663450846756141,-0.11089672311707607,-150.0,34.37798416629359,174.20499211529477,0.05544836155853804,-100.0,-0.11089672311707607,-0.11089672311707607,-0.11089672311707607,0.05544836155853804,309.40185749664226,-22.179344623415215,0.11089672311707607,261.8958086280129,-0.02772418077926902,55.32498538206936,-261.8958086280129,16.63450846756141,11.200569034824667,686.0664680780712,309.40185749664226,-0.08317254233780705,276.45674756220336,-273.6843294842765,0.11089672311707607,-0.02772418077926901,5.544836155853808,110.89672311707606,-0.05544836155853804,-0.11089672311707607,0.02772418077926902,0.0,0.0,699.9445516384415,391.80344945375566,-221.98093292914533,0.0,257.09386036480726,-140.0,0.0,451.635246383881,-255.0,-325.0,-300.0,-225.8176231919405,110.99046646457266,127.5,0.0,70.0,-251.50498486086127,-189.18428661380406,300.0,325.0,-189.18428661380406,-257.09386036480726,125.6298002085031,0.0,1496.5981,hplb
119,0.0,0.0,0.0,0.0,0.0,0.0,0.0,0.0,-0.04548803342232688,0.0,0.0,0.0,0.0,0.0,0.0,0.0,-370.6973229925311,-88.91144740293467,0.0,741.3946459850623,0.0,0.0,0.0,0.0,0.0,0.0,0.0,0.0,0.0,0.0,0.0,0.0,133.5660048652873,0.0,0.0,0.0,0.0,314.93807166869203,0.0,-1000.0,620.2330063374468,0.0,-788.9632354797899,0.0,0.0,0.0,842.8315569095745,0.0,0.0,0.0,0.0,-211.0367645202101,0.0,0.05003683676452376,0.0,0.0,0.0,0.0,0.0,0.0,-321.94322881572975,0.0,0.0,-321.94322881572975,0.0,0.0,0.0,0.0,0.0,0.0,0.0,0.4548803342232688,0.0,0.0,0.0,0.0,0.0,0.0,0.0,0.0,0.0,0.0,321.43982791252307,0.0,27.292820053396127,0.0,317.9372493390039,220.7232170309587,-479.2767829690413,1000.0,0.0,0.0,0.0,165.40570862434498,13.646410026698064,0.0,13.646410026698064,-1.464714676198355,0.0,0.0,321.43982791252307,2.274401671116344,0.0,0.0,0.0,0.0,0.0,13.73738609354272,0.0,0.0,0.0,0.0,0.0,0.0,0.0,0.0,0.0,0.0,0.0,0.0,0.0,0.0,0.0,0.0,-382.0448118229064,0.0,0.0,13.646410026698064,0.0,14.10129036092133,0.0,0.0,951.179251159991,-951.179251159991,0.0,0.0,0.0,0.0,0.0,0.0,0.0,0.0,0.0,0.0,0.0,0.0,0.04548803342232688,0.01137200835558172,0.0,0.0,0.0,-475.3235199499437,0.0,0.0,0.0,0.0,116.03642714510949,0.0,0.0,0.0,0.0,0.0,857.481035689765,857.481035689765,0.0,0.0,0.0,687.5,-761.1005023595148,0.0,0.0,857.5265237231873,0.0,0.0,0.0,-41.66973327967054,0.0,0.0,0.0,0.0,0.0,0.0,0.0,0.0,0.0,0.0,0.0,0.0,0.0,0.0,0.0,-1000.0,0.0,0.0,0.0,0.0,0.0,0.0,1000.0,-220.7232170309587,220.7232170309587,0.0,0.0,0.0,0.0,0.0,0.0,0.0,0.0,1000.0,0.0,0.0,0.0,0.0,0.0,0.0,0.0,0.0,0.0,0.0,0.0,0.0,0.0,0.0,474.4533590389108,-629.3026770074689,0.0,0.0,0.0,0.0,165.40570862434498,0.0,0.0,0.0,0.0,-321.94322881572975,-629.3026770074689,0.0,0.0,0.0,0.0,0.0,0.0,0.0,0.0,0.0,9.097606684465376,0.0,0.0,629.2344449573354,-418.2823564605371,1000.0,0.0,629.3026770074689,0.0,0.0,0.0,0.0,0.0,0.0,0.0,-163.55306030458198,0.0,0.0,-1000.0,0.0,0.0,-1000.0,0.0,0.0,-700.0,0.0,0.0,0.0,0.0,-38.494095376053,0.0,0.0,0.0,0.0,0.0,0.0,0.0,1000.0,0.0,0.0,1000.0,687.5,0.0,0.0,-321.94322881572975,-0.06823205013349032,0.0,0.0,0.0,0.0,0.04548803342232688,0.0,0.0,0.0,820.9478813489569,-370.6973229925311,0.0,-204.9335782968658,-204.69084249712617,0.0,633.8794163641448,0.0,0.0,0.0,0.0,0.0,0.0,0.0,0.0,0.0,0.0,0.0,-835.8783392776389,0.0,0.0,0.0,0.0,0.0,0.0,0.0,0.0,0.0,0.0,0.0,0.0,0.0,0.0,0.0,0.0,0.0,0.0,0.0,-315.12002380238073,0.0,0.0,0.0,0.0,0.0,0.0,0.0,0.0,0.0,0.0,0.0,0.0,0.0,370.264301078593,-2.274401671116344,-639.9448212412791,0.0,-967.627774233232,0.0,-65.16615668082545,0.0,-370.264301078593,0.0,555.5485407238706,638.807620405721,-2.274401671116344,519.3218211058393,0.0,0.0,0.0,-29.56722172451247,13.646410026698064,0.0,0.0,0.0,515.8042351153981,0.0,0.0,0.0,0.0,0.0,0.0,-1000.0,0.0,0.0,-253.54464345109443,0.0,0.0,0.0,0.0,0.0,-8.011958953451654,0.0,0.0,0.0,0.0,0.0,0.0,0.0,-14.516570937730966,0.09097606684468414,0.0,0.0,0.0,0.0,0.0,0.0,0.0,0.0,0.0,0.0,0.0,0.0,0.0,0.0,0.0,0.0,0.0,0.0,0.0,0.05003683676452376,0.05003683676452376,0.0,164.92993721069692,0.0,27.292820053396127,0.0,0.0,0.0,-560.7885815786926,0.0,0.0,317.9372493390039,0.0,0.0,-499.8975747514435,560.7885815786926,0.0,0.0,761.1005023595148,0.0,0.0,0.0,0.0,0.0,0.0,0.0,0.0,0.0,0.0,127.34827060763547,-820.9478813489569,475.3235199499437,0.0,321.43982791252307,0.0,0.0,165.40570862434498,0.0,0.0,-499.8975747514435,0.0,-514.4141456891745,0.0,0.0,0.0,0.0,0.0,0.0,0.0,0.0,0.0,0.0,0.0,0.0,0.0,0.0,0.0,0.0,0.0,27.292820053396127,0.0,0.0,0.0,0.0,0.0,0.0,0.0,0.0,0.0,0.0,0.0,0.0,0.4548803342232688,0.0,0.0,317.9372493390039,-317.9372493390039,0.0,1000.0,0.0,0.0,13.646410026698064,-761.1005023595148,0.0,0.0,0.0,0.0,0.0,0.0,0.0,0.0,0.0,0.0,-175.53985665941934,0.0,13.646410026698064,13.646410026698064,-281.2337519570293,560.7885815786926,0.0,0.0,0.0,0.0,0.0,0.0,0.0,0.0,0.0,164.12166072236107,0.04548803342232688,0.0,0.0,0.0,60.07344642467154,0.0,0.0,-165.40570862434498,0.0,0.0,0.0,0.0,0.0,0.0,0.0,0.0,0.0,0.0,0.0,0.0,0.0,0.0,0.04548803342232688,0.0,0.0,0.0,369.5282622837357,-369.5282622837357,0.0,0.0,0.0,0.0,0.0,0.0,0.0,0.0,-315.12002380238073,-3.4116025066745164,-2.274401671116344,0.0,0.0,0.0,0.0,0.0,0.0,0.0,0.0,0.0,0.0,0.0,0.0,0.0,0.0,0.0,0.0,-27.292820053396127,0.0,0.0,0.0,-0.04548803342232688,0.0,0.0,0.04548803342232688,0.0,0.04548803342232688,0.0,0.0,0.0,27.292820053396127,55.49540077523879,55.49540077523879,0.0,0.0,0.0,0.0,0.0,0.0,0.0,475.3235199499437,0.0,0.0,0.0,0.0,0.0,3.916519677662304,0.0,0.0,0.0,0.0,0.0,0.0,0.0,0.0,0.0,0.0,0.0,0.0,0.0,165.40570862434498,0.0,0.0,0.0,0.06823205013349032,0.0,0.0,0.0,-13.646410026698064,0.0,0.0,0.0,0.0,0.0,-164.92993721069692,2.274401671116344,0.0,0.0,0.0,-687.5,761.1005023595148,-709.2524331744387,0.0,0.0,0.0,0.0,0.0,0.0,0.0,0.0,0.0,0.0,761.1005023595148,1000.0,164.92993721069692,0.0,724.4522522207616,0.0,0.0,-709.2524331744387,0.0,709.2524331744387,0.0,-55.49540077523879,0.0,2.274401671116344,505.2689599617806,0.0,0.0,0.0,-643.8864576314595,0.0,0.0,0.0,0.0,0.0,0.0,0.0,0.0,0.0,-6.823205013349025,0.0,55.49540077523879,0.0,461.2717615550333,461.2717615550333,-461.2717615550333,0.0,0.0,0.0,0.0,0.0,0.0,0.0,0.0,175.16474473072049,-60.07344642467154,287.00181457280576,-788.9632354797899,13.646410026698064,317.9372493390039,0.0,0.0,0.0,-111.34174522560107,0.0,0.0,0.05003683676452376,0.0,0.0,0.0,27.747700387619396,0.0,0.0,0.0,0.0,474.4533590389108,0.0,0.0,0.0,0.0,0.0,0.0,0.0,0.0,389.7663141237731,0.0,0.004548803342232688,0.004548803342232688,0.0,0.0,0.0,0.0,0.0,0.0,0.0,0.0,0.0,0.0,0.0,0.0,0.0,0.0,0.0,164.92993721069692,0.0,0.0,0.0,0.0,0.0,0.0,0.0,0.0,0.0,0.0,0.0,635.8744986780079,0.0,1000.0,-88.91144740293467,0.0,0.0,0.0,27.292820053396127,0.0,0.0,0.0,0.0,0.0,0.0,-27.292820053396127,0.0,635.8744986780079,0.0,0.0,0.0,0.0,0.0,0.0,0.0,0.0,0.0,0.0,0.0,0.0,35.075822571956216,0.0,-13.646410026698064,0.0,314.93807166869203,0.0,0.0,0.0,0.0,0.0,0.0,0.0,0.0,0.0,0.0,0.0,0.0,0.0,0.0,0.0,0.0,0.0,-5.68600417779086,0.0,-3.4116025066745164,0.5049171709877953,0.0,0.0,0.0,0.0,0.0,62.7431886602767,-63.31178907805579,8.011958953451654,0.0,0.0,0.0,0.0,0.0,0.0,0.0,1000.0,13.646410026698064,13.646410026698064,0.0,0.0,0.0,0.0,0.0,0.05003683676452376,164.92993721069692,0.0,0.0,-314.93807166869203,0.0,0.0,0.0,0.0,0.0,0.0,0.0,0.0,0.0,0.0,0.0,0.0,0.0,0.0,0.0,0.0,0.0,0.0,0.0,47.76243509344322,321.43982791252307,0.0,0.0,0.0,0.0,0.0,164.92993721069692,0.0,705.513316827124,0.0,0.0,0.0,-5.68600417779086,0.0,0.0,0.0,0.0,0.0,0.0,0.0,0.0,0.0,0.0,0.0,0.0,0.0,0.0,0.0,0.0,0.0,0.0,-0.04548803342232688,0.0,0.0,2.274401671116344,499.8975747514435,0.0,0.0,0.0,0.0,0.0,0.0,0.0,0.0,0.0,1.137200835558172,0.0,0.0,0.0,0.04548803342232688,0.0,45.48803342232688,-14.10129036092133,9.097606684465376,0.324914524445192,126.91161324829197,-0.03411602506674516,2.274401671116344,0.9097606684465376,-0.22744016711101267,-126.91161324829197,13.646410026698064,-0.04548803342232688,0.0,0.0,0.01137200835558172,0.324914524445192,0.0,-325.1789442598378,-0.9097606684465376,-281.78587558959657,-0.04548803342232688,0.01137200835558172,-126.91161324829197,4.548803342232688,0.04548803342232688,0.04548803342232688,-164.83441234051008,-317.8872125022394,-148.08257580301827,-0.03411602506674516,13.646410026698064,0.04548803342232688,13.646410026698064,-22.74401671116344,-0.02274401671116344,32.04614865790879,-170.0,-0.03411602506674516,-0.04548803342232688,-14.10129036092133,0.04548803342232688,4.548803342232688,-0.9097606684465376,165.40570862434498,165.40570862434498,-4.548803342232688,281.78587558959657,-165.40570862434498,9.097606684465376,0.06823205013349032,-1000.0,4.548803342232688,-127.34827060763547,0.0,-9.097606684465376,0.02274401671116344,0.4548803342232688,51.23339457421645,174.0275438951623,-0.04548803342232688,-175.16474473072049,164.83441234051008,14.10129036092133,0.04548803342232688,325.1789442598378,-54.58564010679213,0.0,-0.04548803342232688,-0.01137200835558172,0.0,-0.04548803342232688,-14.516570937730966,0.04548803342232688,-0.01137200835558172,-0.01137200835558172,-0.01137200835558172,18.19521336893075,22.74401671116344,0.4548803342232688,33.70094676176541,-0.01137200835558172,102.4667891484329,2.274401671116344,9.532687139981828,0.04548803342232688,0.02274401671116344,0.02274401671116344,4.548803342232688,14.10129036092133,0.04548803342232688,-14.10129036092133,0.4548803342232688,0.04548803342232688,-33.70094676176541,0.04548803342232688,0.18195213368869645,0.22744016711101267,0.02274401671116344,0.01137200835558172,13.646410026698064,-0.04548803342232688,148.08257580301827,0.4548803342232688,-67.40189352353082,1.1372008355581724,-4.548803342232688,9.097606684465376,2.274401671116344,-0.04548803342232688,0.0,0.06823205013349032,-0.04548803342232688,-9.097606684465376,14.10129036092133,446.05370921654804,0.02274401671116344,-19.065374279963656,-0.04548803342232688,-0.04548803342232688,-0.04548803342232688,0.02274401671116344,126.91161324829197,-9.097606684465376,0.04548803342232688,102.4667891484329,-0.01137200835558172,317.8872125022394,-102.4667891484329,6.823205013349032,170.0,333.38420268500334,126.91161324829197,-0.03411602506674516,175.16474473072049,-174.0275438951623,0.04548803342232688,-0.011372008355581718,2.274401671116344,45.48803342232688,-0.02274401671116344,-0.04548803342232688,0.01137200835558172,1000.0,0.0,699.9772559832888,0.0,-255.0,0.0,507.3514275921584,-134.5712904039207,0.0,-80.0,475.09815820013654,-258.22633895528327,-300.0,40.0,127.5,-237.54907910006827,0.0,67.28564520196035,-164.92993721069692,-334.71196399094697,300.0,258.22633895528327,-334.71196399094697,-507.3514275921584,278.6941321783589,0.0,1496.5981,hplb
120,0.0,0.0,0.0,0.0,0.0,0.0,0.0,0.0,-0.1475326454013341,0.0,0.0,0.0,0.0,0.0,0.0,0.0,-700.0,1000.0,0.0,0.0,0.0,0.0,0.0,804.9618427794362,0.0,0.0,0.0,0.0,0.0,-638.8430133511147,0.0,0.0,135.57415674888537,0.0,0.0,0.0,0.0,167.29268991685453,0.0,-1000.0,278.7249980295137,0.0,0.0,0.0,0.0,0.0,0.0,0.0,1000.0,-483.0247986753745,0.0,-338.84301335111473,0.0,0.16228590994160186,0.0,0.0,0.0,29.506529080266816,0.0,0.0,-12.992708305010012,0.0,-469.2452277096172,-482.2379360146272,0.0,0.0,0.0,0.0,412.1789605400395,0.0,0.0,1.4753264540133408,0.0,0.0,0.0,0.0,0.0,0.0,0.0,0.0,0.0,0.0,0.0,0.0,88.51958724080045,0.0,0.0,-806.813960809381,-650.2088834728934,1000.0,-0.036883161350333524,0.0,0.0,533.6512944822333,44.259793620400224,0.0,44.259793620400224,-193.13057388147328,0.0,0.0,0.0,86.90540985376269,-638.8430133511147,0.0,0.0,-1.1653717877450023,158.85001848218485,0.0,0.0,0.0,0.0,0.0,0.0,0.0,0.0,0.0,0.0,0.0,0.0,0.0,0.0,0.0,0.0,0.0,-597.2558206483283,0.0,0.0,44.259793620400224,0.0,45.735120074413565,38.27762048796799,0.0,0.0,0.0,0.0,0.0,304.20377832867524,0.0,0.0,-304.20377832867524,0.0,0.0,0.0,0.0,0.0,11.360013695902808,0.1475326454013341,0.0,0.0,0.0,818.3803218048125,-977.2303402869974,0.0,0.0,0.0,0.0,836.239539973542,0.0,0.0,0.0,0.0,0.0,501.0369493171304,501.0369493171304,0.0,0.0,0.0,0.0,0.0,0.0,0.0,501.1844819625317,0.0,0.0,0.0,267.70397370719206,0.0,0.0,0.0,0.0,0.0,0.0,0.0,0.0,0.0,0.0,0.0,0.0,0.0,0.0,0.0,-1000.0,0.0,0.0,0.0,0.0,0.0,483.0247986753745,338.84301335111473,-49.791116527106624,49.791116527106624,0.0,0.0,0.0,0.0,0.0,0.0,0.0,0.0,-694.6165224013607,0.0,0.0,0.0,0.0,0.0,0.0,0.0,0.0,0.0,0.0,0.0,0.0,0.0,26.894593309384277,-40.98694183946636,0.0,0.0,0.0,0.0,0.0,70.58317018915425,0.0,0.0,0.0,0.0,-12.992708305010012,0.0,0.0,0.0,0.0,0.0,0.0,0.0,0.0,0.0,301.46492717886497,0.0,0.0,0.0,-135.79936681611775,-736.2171337619045,482.2379360146272,0.0,0.0,0.0,0.0,0.0,-820.0101726103724,0.0,0.0,0.0,226.6435675586565,0.0,0.0,-1000.0,0.0,0.0,-1000.0,0.0,0.0,-700.0,0.0,418.1798309311596,483.0247986753745,0.0,417.5881514565038,0.0,0.0,0.0,-1000.0,0.0,1000.0,0.0,1000.0,0.0,0.0,-1000.0,0.0,0.0,0.0,-12.992708305010012,-0.22129896810200111,0.0,0.0,0.0,0.0,0.1475326454013341,0.0,0.0,0.0,583.6921090115806,-700.0,0.0,-1000.0,496.9442972416194,0.0,322.9847916499139,0.0,510.0119926471393,0.0,-1.1653717877450023,0.0,0.0,0.0,-12.702560769054998,-298.656724845188,-198.65270703289633,-102.93159746465061,-1000.0,0.0,0.0,0.0,0.0,0.0,0.0,0.0,0.0,0.0,0.0,0.0,0.0,0.0,0.0,0.0,0.0,0.0,153.16603843580003,0.0,-99.71377319861313,0.0,84.99699113595408,489.8449498784165,0.0,321.57590918208166,0.0,-312.8249408747678,0.0,0.0,0.0,0.0,79.52877758369598,886.4777643051485,0.0,0.0,437.6679783054582,-1000.0,-421.386721036581,0.0,0.0,0.0,0.0,-47.14102106191469,0.0,-441.3562944404915,-7.376632270066704,620.5379911615565,0.0,0.0,0.0,316.28274102917237,44.259793620400224,0.0,0.0,0.0,25.122128226910363,0.0,0.0,0.0,-26.894593309384277,26.894593309384277,26.894593309384277,201.5367144805678,0.0,0.0,-499.11058332827093,0.0,0.0,0.0,0.0,0.0,-25.98541661002008,0.0,0.0,0.0,0.0,0.0,0.0,0.0,-85.24673545986658,0.2950652908025404,0.0,0.0,0.0,0.0,0.0,0.0,0.0,0.0,0.0,0.0,0.0,0.0,0.0,0.0,0.0,0.0,0.0,0.0,0.0,0.16228590994160186,0.16228590994160186,0.0,277.38806422911745,0.0,88.51958724080045,0.0,0.0,0.0,561.0198325334965,0.0,0.0,0.0,0.0,0.0,1000.0,-561.0198325334965,0.0,0.0,0.0,0.0,0.0,0.0,0.0,0.0,0.0,0.0,0.0,0.0,0.0,199.08527354944275,-583.6921090115806,0.0,0.0,11.360013695902808,0.0,533.6512944822333,0.0,-70.58317018915425,0.0,1000.0,0.0,0.0,914.7532645401334,0.0,0.0,26.894593309384277,0.0,0.0,0.0,0.0,0.0,0.0,0.0,0.0,0.0,0.0,0.0,0.0,0.0,88.51958724080045,0.0,0.0,0.0,0.0,0.0,0.0,0.0,0.0,0.0,0.0,0.0,0.0,1.4753264540133408,0.0,0.0,0.0,0.0,0.0,338.84301335111473,0.0,0.0,44.259793620400224,0.0,0.0,0.0,0.0,0.0,0.0,0.0,0.0,0.0,0.0,0.0,303.2887797618207,0.0,44.259793620400224,44.259793620400224,971.6684126459272,-561.0198325334965,0.0,0.0,0.0,0.0,0.0,0.0,0.0,-258.22538918423464,0.0,0.0,0.1475326454013341,0.0,0.0,0.0,41.7274523927899,0.0,0.0,-533.6512944822333,0.0,0.0,0.0,0.0,0.0,0.0,0.0,0.0,0.0,0.0,0.0,0.0,0.0,0.0,0.1475326454013341,0.0,0.0,0.0,0.0,0.0,0.0,0.0,0.0,84.99699113595408,-382.7476451299257,1000.0,0.0,0.0,-693.1121575008387,-11.06494840510005,0.0,-7.3766322700667075,0.0,812.5,812.5,-812.5,0.0,0.0,0.0,0.0,0.0,0.0,0.0,0.0,0.0,0.0,0.0,323.65937329923906,0.0,0.0,0.0,-0.1475326454013341,0.0,0.0,0.1475326454013341,0.0,0.1475326454013341,0.0,412.1789605400395,0.0,88.51958724080045,179.98982738962758,179.98982738962758,0.0,0.0,0.0,0.0,0.0,0.0,0.0,0.0,0.0,0.0,0.0,0.0,0.0,0.0,0.0,0.0,0.0,0.0,0.0,0.0,0.0,0.0,0.0,0.0,0.0,0.0,0.0,70.58317018915425,0.0,0.0,0.0,0.22129896810200111,0.0,0.0,0.0,-44.259793620400224,0.0,0.0,0.0,0.0,0.0,-277.38806422911745,7.376632270066704,0.0,0.0,0.0,0.0,0.0,489.8449498784165,-7.3766322700667075,0.0,0.0,0.0,0.0,0.0,0.0,0.0,0.0,0.0,0.0,232.70560957266645,250.49347091973317,0.0,295.49347091973317,-1.1653717877450023,440.2323458664256,559.7676541335744,0.0,-1000.0,0.0,-1000.0,0.0,7.3766322700667075,350.04437940723847,0.0,0.0,0.0,-25.98541661002008,0.0,0.0,0.0,0.0,0.0,0.0,0.0,0.0,0.0,288.4530126342175,-310.58290944441734,179.98982738962758,0.0,0.0,0.0,0.0,0.0,0.0,0.0,0.0,0.0,301.46492717886497,0.0,0.0,0.0,-41.7274523927899,0.0,0.0,44.259793620400224,0.0,0.0,0.0,0.0,340.1593752463108,0.0,0.0,0.16228590994160186,0.0,0.0,0.0,89.99491369481379,0.0,0.0,0.0,0.0,-40.98694183946636,0.0,158.85001848218485,0.0,0.0,0.0,0.0,0.0,0.0,0.0,0.0,0.014753264540133409,0.014753264540133409,0.0,0.0,0.0,0.0,0.0,0.0,0.0,0.0,0.0,0.0,0.0,0.0,0.0,0.0,0.0,277.38806422911745,0.0,0.0,0.0,0.0,0.0,0.0,0.0,483.0247986753745,0.0,0.0,0.0,0.0,0.0,357.02284428227426,1000.0,0.0,0.0,0.0,88.51958724080045,0.0,0.0,0.0,0.0,0.0,701.8308536307217,-790.3504408715221,0.0,0.0,0.0,0.0,0.0,0.0,0.0,0.0,0.0,0.0,0.0,0.0,0.0,-1000.0,101.05986209991384,-292.2099469646167,247.95015334421646,0.0,252.2896810528086,0.0,0.0,0.0,0.0,0.0,0.0,0.0,0.0,0.0,78.125,0.0,-78.125,-78.125,0.0,0.0,0.0,0.0,-18.441580675166758,0.0,-90.59372598879604,299.5179610393173,0.0,0.0,0.0,0.0,0.0,0.0,-1.8441580675166762,25.98541661002008,0.0,0.0,0.0,0.0,0.0,0.0,0.0,1000.0,44.259793620400224,44.259793620400224,0.0,0.0,0.0,0.0,0.0,0.16228590994160186,277.38806422911745,0.0,0.0,-252.2896810528086,0.0,0.0,0.0,0.0,0.0,0.0,0.0,0.0,0.0,0.0,0.0,0.0,0.0,0.0,206.08948027001975,0.0,0.0,38.27762048796799,0.0,154.9092776714008,11.360013695902808,0.0,0.0,0.0,0.0,0.0,277.38806422911745,0.0,-193.13057388147328,0.0,0.0,0.0,-18.441580675166758,0.0,0.0,0.0,0.0,0.0,0.0,0.0,0.0,0.0,0.0,0.0,0.0,0.0,0.0,0.0,0.0,0.0,0.0,-0.1475326454013341,0.0,0.0,7.376632270066704,-1000.0,0.0,0.0,0.0,0.0,0.0,0.0,0.0,0.0,12.702560769054998,3.6883161350333467,0.0,0.0,0.0,0.1475326454013341,0.0,147.53264540133407,-7.457499586445579,29.506529080266816,1.053804610009529,488.17132164565805,-0.11064948405100056,47.14102106191469,2.9506529080266817,-0.7376632270059602,-488.17132164565805,44.259793620400224,-0.1475326454013341,0.3884572625816674,0.0,0.036883161350333524,1.053804610009529,-1.1653717877450023,-23.48719714789128,-2.9506529080266817,-300.0,-0.1475326454013341,0.036883161350333524,-488.17132164565805,14.753264540133408,0.1475326454013341,0.1475326454013341,-277.0782456737745,0.1622859099414675,-218.49014863326192,-0.11064948405100056,44.259793620400224,0.1475326454013341,44.259793620400224,-73.76632270066705,-0.07376632270066702,-615.4186477647901,-85.48396737468897,-0.11064948405100054,-0.1475326454013341,-7.457499586445579,0.1475326454013341,14.753264540133408,-2.9506529080266817,70.58317018915425,70.58317018915425,-14.753264540133408,300.0,-70.58317018915425,29.506529080266816,0.2212989681020011,-1000.0,14.753264540133408,-199.08527354944275,0.0,-29.506529080266816,0.07376632270066705,1.4753264540133408,250.0,280.0,-0.1475326454013341,-310.58290944441734,277.0782456737745,45.735120074413565,0.1475326454013341,23.48719714789128,-177.03917448160107,0.0,-0.1475326454013341,-0.036883161350333524,0.0,-0.1475326454013341,-244.09675394205144,0.1475326454013341,-0.036883161350333524,-0.036883161350333524,-0.036883161350333524,59.01305816053363,73.76632270066705,1.4753264540133408,327.09228258571915,-0.036883161350333524,499.61154273741835,7.376632270066704,50.0,0.1475326454013341,0.07376632270066705,0.07376632270066705,14.753264540133408,7.457499586445579,0.1475326454013341,-7.457499586445579,1.4753264540133408,0.1475326454013341,-762.6703504337349,0.1475326454013341,0.5901305816045124,0.7376632270059602,0.07376632270066702,0.036883161350333524,44.259793620400224,-0.1475326454013341,218.49014863326192,1.4753264540133408,-654.1845651714383,43.45270492688134,-14.753264540133408,29.506529080266816,7.376632270066704,-0.1475326454013341,1.1653717877450023,0.22129896810200111,-0.1475326454013341,-29.506529080266816,7.457499586445579,-98.6376868792349,0.07376632270066705,-100.0,-0.1475326454013341,-0.1475326454013341,-0.1475326454013341,0.07376632270066705,488.17132164565805,-29.506529080266816,0.1475326454013341,500.0,-0.036883161350333524,-0.1622859099414675,-500.0,22.12989681020011,85.48396737468897,595.9152836071808,488.17132164565805,-0.11064948405100054,310.58290944441734,-280.0,0.1475326454013341,-0.036883161350333524,7.3766322700667075,147.53264540133407,-0.07376632270066705,-0.1475326454013341,0.036883161350333524,0.0,0.0,699.9262336772994,435.5780678480158,-255.0,0.0,268.3299959600282,-140.0,0.0,-29.56817356698656,-255.0,-325.0,-300.0,14.78408678349328,127.5,127.5,0.0,70.0,-277.38806422911745,-241.52168836707588,300.0,325.0,-241.52168836707588,-268.3299959600282,215.30795295074793,0.0,1496.5981,hplb
121,0.0,0.0,0.0,0.0,0.0,0.0,0.0,0.0,-0.026006609808263192,0.0,0.0,0.0,0.0,0.0,0.0,0.0,534.1176999947435,-408.8290140633663,0.0,0.0,0.0,0.0,0.0,0.0,0.0,0.0,0.0,0.0,0.0,-1000.0,0.0,0.0,33.536317728887894,0.0,0.0,0.0,0.0,999.8959735607668,0.0,-1000.0,456.0097540428444,0.0,0.0,0.0,0.0,0.0,204.90360996712212,0.0,-223.5291174603945,-301.85131659371257,0.0,310.588582534349,0.0,0.02860727078916625,0.0,0.0,0.0,0.0,0.0,0.0,8.735047607303498,0.0,202.2657281056543,177.92468657970485,0.0,0.0,0.0,0.0,0.0,0.0,0.0,0.2600660980826319,0.0,0.0,0.0,0.0,0.0,0.0,0.0,0.0,0.0,0.0,532.4732380644662,0.0,15.603965884957915,0.0,0.0,0.0,0.0,552.1142385971152,-0.006501652452065798,0.0,0.0,0.0,7.801982942478958,0.0,7.801982942478958,0.0,0.0,0.0,862.3368973044417,961.5333587647441,-1000.0,0.0,0.0,-65.46782837403079,0.0,0.0,0.0,0.0,0.0,0.0,0.0,0.0,0.0,0.0,0.0,0.0,0.0,0.0,0.0,0.0,0.0,0.0,-897.7925558911566,0.0,0.0,7.801982942478958,0.0,8.06204904056159,0.0,0.0,-899.3073735035016,899.3073735035016,0.0,0.0,0.0,0.0,0.0,-33.07608913325293,0.0,0.0,0.0,0.0,0.0,-530.4707291092299,0.026006609808263245,0.0,0.0,0.0,0.0,0.0,0.0,0.0,129.52843627673627,0.0,-80.62174649276659,0.0,0.0,0.0,0.0,0.0,338.15443906189984,338.15443906189984,0.0,0.0,0.0,0.0,0.0,0.0,0.0,338.1804456717081,0.0,0.0,0.0,0.0,-494.2686702412089,0.0,0.0,0.0,0.0,0.0,0.0,0.0,0.0,0.0,-282.66749984189914,0.0,0.0,0.0,0.0,-1000.0,0.0,0.0,0.0,0.0,0.0,301.85131659371257,-310.588582534349,-252.11423859711522,252.11423859711522,33.07608913325293,0.0,0.0,0.0,0.0,0.0,0.0,0.0,-1000.0,0.0,0.0,0.0,0.0,0.0,0.0,0.0,0.0,0.0,0.0,0.0,0.0,0.0,40.93411046219228,-89.59735607669472,1000.0,0.0,0.0,0.0,0.0,167.37333240936542,0.0,0.0,0.0,0.0,8.735047607303498,1000.0,0.0,0.0,0.0,0.0,0.0,0.0,0.0,0.0,473.0064602107218,105.16614909361397,0.0,0.0,747.8857614028848,1000.0,-786.2319385918587,0.0,-1000.0,0.0,0.0,33.07608913325293,276.2614668306561,0.0,0.0,0.0,137.27926242726255,0.0,0.0,426.9699567443241,687.4999999999936,0.0,-260.53004325566974,0.0,-687.4999999999936,-252.11423859711522,0.0,-126.82555266573803,301.85131659371257,0.0,-127.89098017756405,0.0,0.0,0.0,-547.5414039212042,0.0,547.5414039212042,0.0,543.0320424192137,0.0,0.0,-865.0184068314124,0.0,0.0,0.0,8.735047607303498,-0.03900991471239479,0.0,0.0,0.0,0.0,0.026006609808263245,0.0,0.0,0.0,318.7421353041809,534.1176999947435,0.0,-72.10332028168878,-581.5449029094746,494.2686702412089,463.81173698532336,0.0,593.3478516936989,0.0,-65.46782837403079,0.0,0.0,0.0,678.1270509237291,-271.47490261742803,-1000.0,427.6930139253568,-1000.0,0.0,0.0,0.0,0.0,0.0,0.0,0.0,0.0,0.0,0.0,0.0,0.0,0.0,0.0,0.0,0.0,0.0,0.0,0.0,-1000.0,0.0,0.0,472.16904737489654,661.552804705247,0.0,0.0,57.46426889850807,0.0,329.86365923997545,0.0,937.6570734953417,960.233028274331,-554.6144806368296,241.33394950814642,187.8067530197978,-0.6501652452065798,826.0893832542577,0.0,0.0,-262.5209927935057,-390.5202008368831,-241.33394950814642,-1000.0,1000.0,0.0,-1.3003304904131596,0.0,0.0,-1000.0,0.0,916.9435253581231,7.801982942478958,0.0,0.0,0.0,0.0,0.0,0.0,0.0,-40.93411046219228,40.93411046219228,40.93411046219228,315.26650641237813,0.0,0.0,0.0,0.0,0.0,0.0,0.0,0.0,-15.605993918645936,0.0,0.0,0.0,0.0,0.0,0.0,0.0,-97.39933901917368,0.05201321961658323,0.0,0.0,0.0,0.0,0.0,0.0,0.0,0.0,0.0,0.0,0.0,0.0,0.0,0.0,0.0,0.0,0.0,0.0,0.0,0.02860727078916625,0.02860727078916625,0.0,315.73278850053964,0.0,15.603965884957915,0.0,0.0,0.0,1000.0,0.0,382.7235661618062,0.0,0.0,0.0,-147.75773740697593,-1000.0,0.0,0.0,0.0,0.0,0.0,0.0,0.0,0.0,0.0,0.0,0.0,0.0,0.0,299.26418529705217,-318.7421353041809,0.0,0.0,2.002508955236266,0.0,0.0,0.0,-200.44942154261835,0.0,-147.75773740697593,0.0,672.4997648234605,-917.6568412496101,0.0,0.0,40.93411046219228,0.0,0.0,0.0,0.0,0.0,0.0,0.0,0.0,0.0,0.0,0.0,0.0,0.0,15.603965884957915,33.07608913325293,33.07608913325293,0.0,0.0,0.0,0.0,0.0,0.0,0.0,0.0,0.0,0.0,0.2600660980826319,0.0,0.0,0.0,0.0,0.0,-310.588582534349,0.0,0.0,7.801982942478958,0.0,0.0,0.0,0.0,0.0,0.0,0.0,0.0,0.0,0.0,1000.0,0.0,0.0,7.801982942478958,7.801982942478958,1000.0,-1000.0,0.0,0.0,0.0,0.0,0.0,0.0,0.0,0.0,0.0,164.89713678905332,0.026006609808263245,0.0,0.0,0.0,34.34544348178416,0.0,0.0,0.0,0.0,0.0,0.0,0.0,0.0,0.0,0.0,0.0,0.0,0.0,0.0,0.0,0.0,0.0,0.026006609808263245,0.0,0.0,0.0,-937.4999999999985,937.4999999999985,0.0,0.0,0.0,0.0,0.0,859.49697551338,-129.52843627673627,0.0,-1000.0,-1.9504957356199952,-1.3003304904131596,0.0,0.0,0.0,0.0,0.0,0.0,0.0,0.0,0.0,0.0,0.0,0.0,33.07608913325293,494.2686702412089,0.0,0.0,-81.75614415146377,0.0,0.0,0.0,-0.026006609808263245,0.0,0.0,0.026006609808263245,0.0,0.026006609808263245,0.0,0.0,0.0,15.603965884957915,31.728063966081095,31.728063966081095,0.0,0.0,0.0,0.0,0.0,0.0,329.86365923997545,0.0,0.0,0.0,0.0,0.0,615.919709875287,64.44651015293368,0.0,0.0,0.0,0.0,0.0,0.0,0.0,0.0,0.0,0.0,0.0,0.0,0.0,200.44942154261835,0.0,-957.7357654709951,957.7357654709951,0.03900991471239479,0.0,0.0,0.0,-7.801982942478958,0.0,0.0,0.0,0.0,0.0,-315.73278850053964,1.3003304904131596,0.0,0.0,0.0,0.0,0.0,0.0,0.0,0.0,0.0,0.0,0.0,0.0,0.0,0.0,33.07608913325293,0.0,0.0,0.0,274.79867803834736,0.0,3.250826226033155,-65.46782837403079,0.0,57.46426889850807,329.86365923997545,-387.3279281384835,129.52843627673627,244.533402864575,0.0,1.3003304904131596,898.9227103192034,0.0,0.0,0.0,-15.605993918645936,0.0,0.0,0.0,0.0,0.0,0.0,0.0,0.0,0.0,600.3507840780587,-321.584275707399,31.728063966081095,0.0,0.0,0.0,0.0,0.0,0.0,0.0,0.0,0.0,473.0064602107218,0.0,0.0,0.0,-34.34544348178416,-432.4011271950154,0.0,7.801982942478958,0.0,0.0,0.0,0.0,-234.45401186821698,0.0,0.0,0.02860727078916625,0.0,0.0,0.0,15.864031983040547,0.0,0.0,0.0,0.0,-89.59735607669472,0.0,0.0,0.0,0.0,0.0,0.0,0.0,0.0,66.68070591286698,0.0,0.0026006609808262304,0.0026006609808262304,0.0,0.0,0.0,0.0,0.0,0.0,0.0,0.0,0.0,0.0,0.0,0.0,0.0,0.0,0.0,315.73278850053964,0.0,0.0,0.0,0.0,0.0,0.0,0.0,301.85131659371257,0.0,0.0,0.0,0.0,0.0,407.29214732900545,-408.8290140633663,0.0,0.0,0.0,15.603965884957915,0.0,0.0,0.0,0.0,0.0,0.0,-15.603965884957915,0.0,0.0,0.0,0.0,0.0,0.0,0.0,0.0,0.0,0.0,0.0,0.0,-164.89713678905332,-572.3069860746432,698.1807477468809,-7.801982942478958,0.0,0.0,999.8959735607668,0.0,0.0,0.0,0.0,0.0,0.0,0.0,0.0,0.0,26.041666666666668,0.0,-26.041666666666668,-26.041666666666668,0.0,0.0,0.0,0.0,-3.250826226033155,33.07608913325293,-962.1835240099508,1000.0,0.0,0.0,0.0,0.0,0.0,-811.7462012971749,811.4211186745716,145.1344301953822,0.0,0.0,0.0,0.0,0.0,0.0,0.0,1000.0,7.801982942478958,7.801982942478958,0.0,0.0,0.0,0.0,0.0,0.02860727078916625,315.73278850053964,0.0,0.0,-999.8959735607668,0.0,0.0,0.0,0.0,0.0,0.0,0.0,0.0,0.0,0.0,0.0,0.0,0.0,0.0,478.8678827354976,0.0,0.0,0.0,0.0,27.306940298676352,331.8661681952117,0.0,0.0,0.0,0.0,0.0,315.73278850053964,0.0,470.8687168844834,0.0,0.0,0.0,-3.250826226033155,0.0,0.0,0.0,0.0,0.0,0.0,0.0,0.0,0.0,0.0,0.0,0.0,0.0,0.0,0.0,0.0,0.0,0.0,-0.026006609808263245,0.0,0.0,1.3003304904131596,147.75773740697593,0.0,0.0,0.0,0.0,33.07608913325293,0.0,0.0,0.0,-678.1270509237291,0.6501652452065798,0.0,0.0,0.0,0.026006609808263245,0.0,26.006609808263192,-8.06204904056159,5.2013219616526385,0.18576149863045135,72.5584413650543,-0.019504957356197394,812.1932469802022,0.5201321961652638,-0.13003304904142965,-72.5584413650543,7.801982942478958,-0.026006609808263192,21.822609458010263,0.0,0.006501652452065798,0.18576149863045138,-65.46782837403079,-4.140252281474716,-0.5201321961652638,-125.28868593137719,-0.026006609808263192,0.006501652452065798,-72.5584413650543,2.6006609808263192,0.026006609808263192,0.026006609808263245,-315.6781746199422,0.028607270789089423,0.0,-0.019504957356197394,7.801982942478958,0.026006609808263192,7.801982942478958,-13.003304904131596,-0.013003304904131596,211.55740324082817,-170.0,-0.019504957356197394,-0.026006609808263192,-8.06204904056159,0.026006609808263245,2.6006609808263192,-0.5201321961652638,200.44942154261835,200.44942154261835,-2.6006609808263192,125.28868593137719,-200.44942154261835,5.2013219616526385,0.03900991471239479,699.9869966950959,2.6006609808263192,-299.26418529705217,0.0,-5.2013219616526385,0.013003304904131596,0.2600660980826319,18.025830070422195,280.0,-0.026006609808263245,-321.584275707399,315.6781746199422,8.06204904056159,0.026006609808263192,4.140252281474716,-31.20793176991583,0.0,-0.026006609808263245,-0.006501652452065798,0.0,-0.026006609808263192,-97.39933901917368,0.026006609808490566,-0.006501652452065798,-0.006501652452065798,-0.006501652452065798,10.402643923305277,13.003304904131596,0.2600660980826319,188.42123067882602,-0.006501652452065798,14.229050682834128,1.3003304904131596,50.0,0.026006609808263245,0.013003304904131596,0.013003304904131596,2.6006609808263192,8.06204904056159,0.026006609808263245,-8.06204904056159,0.2600660980826319,0.026006609808263192,-526.7283979530876,0.026006609808263192,0.10402643923316646,0.13003304904142965,0.013003304904131596,0.006501652452065798,7.801982942478958,-0.026006609808263192,0.0,0.2600660980826319,-376.84246135765204,811.5430817349956,-2.6006609808263192,5.2013219616526385,1.3003304904131596,-0.026006609808263192,65.46782837403079,0.03900991471239479,-0.026006609808263192,-5.2013219616526385,8.06204904056159,440.1985105994267,0.013003304904131596,-100.0,-0.026006609808263192,-0.026006609808490566,-0.026006609808263192,0.013003304904131596,72.5584413650543,-5.2013219616526385,0.026006609808263245,36.05166014084439,-0.006501652452065798,-0.028607270789089423,-36.05166014084439,3.900991471239479,170.0,-520.9450338495025,72.5584413650543,-0.019504957356197394,321.584275707399,-280.0,0.026006609808263192,-0.006501652452065798,938.9574039857548,26.006609808263192,-0.013003304904131596,-0.026006609808263192,0.006501652452065798,1000.0,0.0,-1000.0,338.30716727426153,142.52977635618885,99.96482713196133,123.49985864890004,-99.57889217968138,0.0,894.834906976425,-255.0,-8.452148187685793,-300.0,-447.4174534882125,-71.26488817809442,127.5,0.0,49.78944608984069,-315.73278850053964,-205.74449873120972,300.0,8.452148187685793,-205.74449873120972,-123.49985864890004,76.05356471899478,-99.96482713196133,1496.5981,hplb
122,0.0,0.0,0.0,0.0,0.0,0.0,0.0,0.0,388.16814128079795,0.0,0.0,0.0,0.0,0.0,0.0,0.0,300.0,0.0,0.0,0.0,0.0,0.0,0.0,551.6194246223786,0.0,0.0,0.0,0.0,0.0,292.6055673591947,0.0,0.0,378.3082188316111,0.0,0.0,0.0,0.0,-28.447434608585706,0.0,-1000.0,1000.0,0.0,0.0,-992.6055673591948,0.0,0.0,0.0,0.0,-183.93449368311622,0.0,0.0,-583.9344936831162,0.0,0.048077905915571345,0.0,0.0,0.0,0.0,0.0,0.0,16.94370293859697,0.0,576.6455949798792,531.2107502455005,790.2080140558719,0.0,0.0,0.0,432.3149202595471,-432.3149202595471,0.0,0.43707187196005237,0.0,0.0,0.0,0.0,0.0,0.0,0.0,0.0,0.0,0.0,0.0,0.0,26.22431231760314,0.0,0.0,-457.5612296094695,-789.7361958968761,1000.0,-0.010926796799001309,0.0,0.0,-1000.0,13.11215615880157,0.0,13.11215615880157,0.0,0.0,0.0,0.0,2.1853593598002616,292.6055673591947,0.0,0.0,-78.22111748112259,0.0,0.0,0.0,0.0,0.0,0.0,0.0,0.0,0.0,0.0,0.0,0.0,0.0,0.0,0.0,0.0,0.0,0.0,-533.0614990580161,0.0,0.0,13.11215615880157,0.0,13.54922803076162,0.0,0.0,-1000.0,0.0,1000.0,-1000.0,-62.37854767297571,0.0,0.0,0.0,0.0,0.0,0.0,0.0,0.0,3.365453414092403,0.04370718719600523,0.0,0.0,0.0,-60.14037598263201,60.14037598263201,0.0,0.0,0.0,0.0,386.74342252465505,0.0,0.0,0.0,0.0,0.0,999.956292812804,999.956292812804,0.0,0.0,0.0,0.0,-249.62568996201185,0.0,0.0,1000.0,0.0,0.0,0.0,837.4530070416663,0.0,0.0,0.0,0.0,0.0,0.0,0.0,0.0,0.0,0.0,0.0,0.0,0.0,0.0,0.0,583.6268788154844,0.0,0.0,0.0,0.0,0.0,0.0,583.9344936831162,-57.56122960946948,57.56122960946948,25.15408785256625,0.0,0.0,0.0,0.0,0.0,0.0,0.0,-1000.0,0.0,0.0,0.0,0.0,0.0,0.0,0.0,0.0,0.0,0.0,0.0,0.0,0.0,0.0,-82.51712512159791,-992.6055673591948,0.0,0.0,0.0,37.22445982040952,-14.802545559197117,0.0,0.0,0.0,0.0,16.94370293859697,0.0,0.0,0.0,0.0,0.0,0.0,0.0,0.0,0.0,1.4073714277114606,8.741437439201047,0.0,0.0,654.8554807617666,-77.31948552564006,-115.12245921893896,0.0,992.6055673591948,0.0,0.0,62.37854767297571,204.6709770836129,0.0,0.0,0.0,-25.197805240562843,0.0,0.0,0.0,0.0,1000.0,-1000.0,1000.0,0.0,-847.2974255063456,0.0,0.0,0.0,0.0,111.59150998348545,0.0,0.0,0.0,0.0,0.0,0.0,0.0,999.912585625608,0.0,37.22445982040952,0.0,0.0,0.0,0.0,16.94370293859697,-0.06556078079400784,0.0,0.0,0.0,0.0,0.04370718719600523,0.0,0.0,0.0,-608.4979486953665,300.0,0.0,-621.5694788354436,-932.2248797443535,0.0,834.6291337775931,0.0,3.7631888175760153,0.0,-78.22111748112259,0.0,0.0,0.0,-3.7631888175760153,0.0,0.0,-1000.0,-1000.0,0.0,0.0,0.0,0.0,0.0,0.0,0.0,0.0,0.0,0.0,0.0,0.0,0.0,0.0,0.0,0.0,0.0,632.4340592543639,0.0,660.7066651141655,0.0,0.0,0.0,0.0,0.0,0.0,-4.772824841803864,0.0,0.0,0.0,0.0,0.0,0.0,0.0,637.780578422053,0.0,-432.3149202595471,0.0,-2.1853593598002616,939.8325953894612,-998.6843229488823,0.0,-639.9659377818533,0.0,-1.0926796799001308,0.0,137.91166105143984,0.0,0.0,518.4412302697846,-153.16676702335482,13.11215615880157,-312.5000000000489,312.5000000000489,0.0,0.0,0.0,388.21184846799395,701.3214265057575,701.3214265057575,-701.3214265057575,-701.3214265057575,6.984414892156224,0.0,0.0,0.0,0.0,0.0,0.0,0.0,0.0,-28.49114179578171,0.0,0.0,178.48302238120849,0.0,0.0,0.0,0.0,-95.62928128039948,0.08741437439204217,0.0,0.0,0.0,0.0,0.0,0.0,0.0,0.0,0.0,0.0,0.0,0.0,0.0,0.0,0.0,0.0,0.0,0.0,0.0,0.048077905915571345,0.048077905915571345,0.0,223.2564416031089,0.0,26.22431231760314,0.0,167.73108927664484,0.0,1000.0,0.0,0.0,0.0,0.0,0.0,-55.09669172190303,-1000.0,0.0,0.0,0.0,0.0,0.0,178.48302238120849,0.0,0.0,0.0,0.0,0.0,0.0,0.0,177.68716635267205,608.4979486953665,0.0,0.0,3.365453414092403,0.0,-10.351542293369132,-989.6484577066309,-1000.0,0.0,-55.09669172190303,0.0,-605.9004483941477,455.1744753918452,0.0,0.0,0.0,0.0,0.0,0.0,0.0,0.0,0.0,0.0,0.0,0.0,0.0,0.0,0.0,0.0,26.22431231760314,62.37854767297571,62.37854767297571,0.0,0.0,0.0,0.0,0.0,0.0,0.0,0.0,0.0,0.0,0.43707187196005237,0.0,0.0,0.0,0.0,0.0,583.9344936831162,0.0,0.0,13.11215615880157,0.0,0.0,0.0,0.0,0.0,0.0,0.0,0.0,0.0,0.0,769.489972239185,0.0,0.0,13.11215615880157,13.11215615880157,328.18383631046004,-1000.0,0.0,178.48302238120849,0.0,0.0,0.0,0.0,0.0,-199.34286707953106,0.0,-173.59872199901815,0.04370718719599154,0.0,0.0,-654.6559099537632,712.3774945299732,317.4952651497653,0.0,1000.0,0.0,0.0,0.0,0.0,0.0,0.0,0.0,0.0,0.0,0.0,0.0,0.0,0.0,0.0,0.04370718719600523,0.0,0.0,0.0,-251.5703456291285,251.5703456291285,0.0,0.0,0.0,0.0,0.0,-4.7728248418038675,0.0,0.0,28.272605859801615,-3.2780390397003925,-0.9321284080637099,-1.2532309517365516,0.0,562.5,562.5,-562.5,0.0,0.0,0.0,0.0,0.0,0.0,0.0,62.37854767297571,0.0,0.0,0.0,-150.98140766355456,0.0,0.0,0.0,388.16814128079795,0.0,0.0,0.04370718719600523,0.0,0.04370718719599154,0.0,0.0,0.0,26.22431231760314,53.32276837912638,53.32276837912638,0.0,0.0,0.0,0.0,0.0,0.0,0.0,0.0,0.0,0.0,0.0,0.0,0.0,0.0,0.0,0.0,0.0,0.0,0.0,0.0,0.0,0.0,0.0,0.0,0.0,0.0,0.0,10.351542293369132,0.0,0.0,0.0,0.06556078079400784,0.0,0.0,0.0,-13.11215615880157,0.0,0.0,0.0,0.0,0.0,-223.2564416031089,2.1853593598002616,0.0,0.0,0.0,0.0,249.62568996201185,-367.33056143974926,-1.2532309517365516,0.0,0.0,0.0,0.0,0.0,0.0,0.0,62.37854767297571,0.0,0.0,0.0,223.2564416031089,0.0,-666.3527652900393,239.27414766864274,0.0,-372.1033862815531,0.0,372.1033862815531,0.0,151.34820870448652,167.73108927664484,2.1853593598002616,1000.0,0.0,0.0,0.0,-28.49114179578171,0.0,0.0,0.0,0.0,0.0,0.0,0.0,0.0,0.0,226.53448064280929,-233.09055872221006,53.32276837912638,0.0,0.0,0.0,0.0,0.0,0.0,0.0,0.0,0.0,1.4073714277114606,0.0,0.0,0.0,-57.721584576210034,-762.0468622470423,0.0,13.11215615880157,0.0,0.0,0.0,0.0,98.06419559182063,0.0,0.0,0.048077905915571345,0.0,0.0,0.0,26.66138418956319,0.0,0.0,0.0,0.0,-82.51712512159791,0.0,0.0,0.0,0.0,0.0,0.0,0.0,0.0,0.0,0.0,0.004370718719600523,0.004370718719600523,0.0,0.0,0.0,0.0,0.0,0.0,0.0,0.0,0.0,-654.6559099537632,0.0,0.0,0.0,0.0,0.0,223.2564416031089,0.0,0.0,0.0,0.0,0.0,0.0,0.0,0.0,0.0,0.0,0.0,0.0,0.0,1000.0,0.0,0.0,0.0,0.0,26.22431231760314,0.0,0.0,0.0,0.0,0.0,0.0,-26.22431231760314,0.0,0.0,0.0,0.0,0.0,0.0,0.0,0.0,0.0,0.0,0.0,0.0,-44.7407727129821,-906.7372997203363,29.939423229263582,0.0,-13.11215615880157,0.0,-28.447434608585706,0.0,0.0,0.0,0.0,0.0,0.0,0.0,0.0,0.0,0.0,0.0,0.0,0.0,0.0,0.0,0.0,167.73108927664484,-5.4633983995006545,62.37854767297571,-3.2780390397003925,229.81251968250967,0.0,0.0,0.0,0.0,0.0,0.0,-0.5463398399500654,28.49114179578171,0.0,0.0,0.0,0.0,0.0,0.0,0.0,781.6605052879997,13.11215615880157,13.11215615880157,0.0,0.0,0.0,0.0,0.0,0.048077905915571345,223.2564416031089,0.0,0.0,28.447434608585706,0.0,0.0,0.0,0.0,0.0,0.0,0.0,0.0,0.0,0.0,0.0,0.0,0.0,0.0,0.0,0.0,0.0,0.0,0.0,45.892546555805495,3.365453414092403,0.0,0.0,0.0,0.0,0.0,223.2564416031089,0.0,366.39843303168556,0.0,0.0,0.0,-5.4633983995006545,0.0,0.0,0.0,0.0,0.0,0.0,0.0,0.0,0.0,0.0,0.0,0.0,0.0,0.0,0.0,0.0,0.0,0.0,-0.04370718719599154,0.0,0.0,2.1853593598002616,55.09669172190303,0.0,0.0,0.0,0.0,62.37854767297577,0.0,0.0,0.0,3.7631888175760153,1.0926796799001308,0.0,0.0,0.0,0.04370718719600523,0.0,43.70718719600523,-13.54922803076162,8.741437439201047,0.31219419425718026,121.94305227685459,-0.03278039039700392,2.1853593598002616,0.8741437439201047,-0.21853593598009624,-121.94305227685459,13.11215615880157,-0.043707187196005234,26.073705827040865,178.48302238120849,0.010926796799001309,0.31219419425718026,-78.22111748112259,-6.958184201604126,-0.8741437439201047,-300.0,-0.043707187196005234,0.010926796799001309,-121.94305227685459,4.370718719600523,0.043707187196005234,0.04370718719600523,-223.16465650999734,0.048077905915605755,0.0,-0.03278039039700392,13.11215615880157,0.043707187196005234,13.11215615880157,-21.853593598002618,-0.021853593598002617,-230.30118756240986,10.38811965240059,-0.03278039039700392,-0.043707187196005234,-13.54922803076162,0.04370718719600523,4.370718719600518,-0.8741437439201047,10.351542293369132,10.351542293369132,-4.370718719600523,300.0,-10.351542293369132,8.741437439201047,0.06556078079400784,847.2755719127475,4.370718719600523,-177.68716635267205,178.48302238120849,-8.741437439201047,0.021853593598002617,0.43707187196005237,155.3923697088609,231.99787904230993,-0.04370718719600523,-233.09055872221006,223.16465650999734,13.54922803076162,0.04370718719600517,6.958184201604126,126.03439774600213,178.48302238120849,-0.04370718719600523,-0.010926796799001309,-178.48302238120849,-0.043707187196005234,-95.62928128039948,0.04370718719599154,-0.010926796799001309,-0.010926796799001309,-0.010926796799001309,17.482874878402093,21.853593598002618,0.43707187196005237,354.92104154256054,-0.010926796799001309,284.711033590681,2.1853593598002616,50.0,0.04370718719600523,0.021853593598002617,0.021853593598002617,75.0,13.54922803076162,0.04370718719600523,-13.54922803076162,0.43707187196005237,0.043707187196005234,-1000.0,0.043707187196005234,0.17482874878407983,0.21853593598009624,0.021853593598002617,0.010926796799001309,13.11215615880157,-0.043707187196005234,0.0,0.43707187196005237,-709.8420830851211,1.0926796799001308,-4.370718719600518,8.741437439201047,2.1853593598002616,-0.043707187196005234,78.22111748112259,0.06556078079400784,-0.043707187196005234,-150.0,13.54922803076162,104.95330344772688,0.021853593598002617,-100.0,-0.043707187196005234,-0.04370718719599154,-0.043707187196005234,0.021853593598002617,121.94305227685459,-8.741437439201047,0.04370718719600523,310.7847394177218,-0.010926796799001309,-0.048077905915605755,-310.7847394177218,6.556078079400784,-10.38811965240059,-366.8051283487276,121.94305227685459,-0.03278039039700392,233.09055872221006,-231.99787904230993,0.043707187196005234,-0.010926796799001305,2.1853593598002616,43.70718719600523,-0.021853593598002617,-0.04370718719600517,0.010926796799001309,721.2919812045566,0.0,-1000.0,645.0789584574395,-95.51128527526245,0.0,-520.0,-140.0,0.0,264.0713847200734,-255.0,657.6113278508383,-152.70257449365445,-132.0356923600367,47.755642637631226,127.5,0.0,70.0,-223.2564416031089,-203.01749903954752,152.70257449365445,-657.6113278508383,-203.01749903954752,520.0,-325.2025582328013,0.0,1496.5981,hplb
123,0.0,0.0,0.0,0.0,0.0,0.0,0.0,0.0,-0.03291775538181929,0.0,0.0,0.0,0.0,0.0,0.0,0.0,744.985818858456,-983.8099821384834,0.0,538.8241632800274,0.0,0.0,0.0,9.379018757467861,0.0,0.0,0.0,0.0,0.0,-691.8118565607272,0.0,0.0,106.65248617728282,0.0,0.0,0.0,0.0,192.25423437453492,0.0,-1000.0,903.9886996832481,0.0,0.0,542.071529466878,0.0,0.0,0.0,0.0,-293.91508534844127,-347.4783764179998,0.0,0.0,0.0,0.03620953092009225,0.0,0.0,0.0,6.583551076363858,0.0,0.0,-93.40119153169326,0.0,0.0,-150.29791113846636,45.17539694991147,0.0,0.0,0.0,965.8151419943224,-931.6043417699805,0.0,0.3291775538181929,0.0,0.0,0.0,0.0,0.0,0.0,0.0,0.0,0.0,0.0,0.0,0.0,19.750653229091576,0.0,84.1253876985041,1000.0,148.92926648998522,0.0,-0.008229438845454823,0.0,0.0,142.36565127224605,9.875326614545788,0.0,96.01130031675191,-77.60149355614215,0.0,0.0,0.0,999.1770561154545,-691.8118565607272,0.0,0.0,-32.62003142877887,0.0,932.3920160933443,0.0,0.0,0.0,0.0,0.0,0.0,0.0,0.0,0.0,0.0,0.0,0.0,0.0,0.0,0.0,0.0,-135.91701776633155,0.0,0.0,96.01130031675191,0.0,10.20450416836398,0.0,0.0,0.0,0.0,0.0,0.0,0.0,0.0,0.0,-56.89671960677309,0.0,0.0,0.0,0.0,0.0,86.66005486290419,0.03291775538181929,0.0,0.0,0.0,0.0,0.0,0.0,0.0,0.0,0.0,156.80914611439982,0.0,0.0,0.0,0.0,0.0,690.1036955170572,690.1036955170572,0.0,0.0,0.0,812.5,406.24999999902457,0.0,0.0,690.136613272439,0.0,0.0,0.0,0.0,-264.07467559762836,0.0,0.0,0.0,0.0,0.0,0.0,0.0,0.0,0.0,0.0,0.0,0.0,0.0,0.0,-1000.0,0.0,0.0,0.0,0.0,0.0,347.4783764179998,0.0,151.07073351001478,-151.07073351001478,56.89671960677309,0.0,0.0,0.0,0.0,0.0,0.0,0.0,-685.6982704990913,0.0,0.0,0.0,0.0,0.0,0.0,0.0,0.0,0.0,0.0,0.0,0.0,0.0,131.1123285121368,-0.696924145066157,240.74112305071242,0.0,0.0,0.0,0.0,-56.89671960677309,0.0,0.0,0.0,0.0,-93.40119153169326,-301.3304064161656,0.0,0.0,0.0,0.0,0.0,0.0,0.0,0.0,449.30502459178604,0.0,86.13597370220613,0.0,437.0327265337079,434.8912595136784,857.1556481615735,0.0,-240.74112305071242,0.0,0.0,56.89671960677309,40.15966156581953,0.0,0.0,0.0,153.74259512269725,0.0,0.0,24.395133163423893,0.0,0.0,24.395133163423893,0.0,0.0,300.0,0.0,-1000.0,347.4783764179998,0.0,91.84053751527583,0.0,0.0,0.0,303.83164255539634,0.0,-303.83164255539634,0.0,437.69461466616303,0.0,0.0,-454.4339532010917,812.5,0.0,0.0,-93.40119153169326,-0.04937663307272894,0.0,0.0,0.0,0.0,0.03291775538181929,0.0,0.0,0.0,454.6836750914621,744.985818858456,0.0,-315.58629066193123,181.3585988286684,264.07467559762836,1000.0,0.0,1000.0,0.0,-32.62003142877887,0.0,0.0,0.0,800.3012072480569,-965.8151419943224,-834.4860652537345,-1000.0,-1000.0,0.0,0.0,0.0,0.0,0.0,0.0,0.0,0.0,0.0,0.0,0.0,0.0,0.0,0.0,0.0,0.0,0.0,-921.6549848056353,0.0,-1000.0,0.0,0.0,525.8465664246345,511.47978533996695,0.0,0.0,-535.9650794546902,0.0,0.0,0.0,438.166213698187,997.5311683463635,0.0,0.0,-193.57279847538632,0.0,0.0,0.0,-1.6458877690909646,-451.13933205250396,0.0,0.0,-562.5785661368699,140.26932664141515,-0.8229438845454823,0.0,0.0,0.0,74.42786498425451,1000.0,0.0,96.01130031675191,0.0,0.0,0.0,0.0,0.0,0.0,0.0,-131.1123285121368,131.1123285121368,131.1123285121368,-210.44138126322207,0.0,175.40704497164134,0.0,0.0,0.0,0.0,0.0,0.0,-75.44832727315145,0.0,0.0,0.0,0.0,0.0,0.0,0.0,-96.70822446181808,0.06583551076371578,0.0,0.0,0.0,0.0,0.0,0.0,0.0,0.0,0.0,34.21080022434188,0.0,0.0,0.0,0.0,0.0,0.0,0.0,0.0,0.0,0.03620953092009225,0.03620953092009225,0.0,404.52877743577295,0.0,19.750653229091576,0.0,0.0,0.0,-763.3330649294348,0.0,0.0,84.1253876985041,0.0,0.0,351.5544723394576,763.3330649294348,0.0,0.0,0.0,0.0,0.0,0.0,0.0,0.0,0.0,0.0,0.0,0.0,0.0,45.305672588777185,-454.6836750914621,0.0,0.0,86.66005486290419,0.0,142.36565127224605,0.0,0.0,0.0,-142.62271853456485,0.0,254.84624787763954,0.0,0.0,0.0,131.1123285121368,0.0,0.0,0.0,0.0,0.0,0.0,0.0,0.0,0.0,0.0,0.0,0.0,0.0,19.750653229091576,56.89671960677309,56.89671960677309,0.0,0.0,0.0,0.0,0.0,0.0,0.0,0.0,0.0,0.0,0.3291775538181929,0.0,0.0,84.1253876985041,-84.1253876985041,0.0,0.0,0.0,0.0,96.01130031675191,0.0,0.0,0.0,0.0,0.0,0.0,0.0,0.0,0.0,0.0,410.6547996158792,0.0,0.0,9.875326614545788,9.875326614545788,1000.0,763.3330649294348,0.0,0.0,0.0,0.0,0.0,0.0,0.0,691.8118565607272,0.0,1000.0,0.03291775538181929,0.0,0.0,43.472598518175495,0.0,0.0,0.0,-142.36565127224605,0.0,0.0,0.0,0.0,0.0,0.0,38.0136300672325,0.0,0.0,0.0,0.0,0.0,0.0,0.0,0.03291775538181929,0.0,0.0,0.0,0.0,0.0,0.0,0.0,0.0,0.0,0.0,-10.118513030055738,0.0,0.0,-78.34501519436469,-2.468831653636471,-1.6458877690909646,0.0,0.0,0.0,0.0,0.0,0.0,0.0,0.0,0.0,0.0,0.0,0.0,56.89671960677309,264.07467559762836,0.0,0.0,76.07375275334547,0.0,0.0,0.0,-0.03291775538181929,0.0,0.0,0.03291775538181929,0.0,0.03291775538181929,114.0408902016975,0.0,0.0,19.750653229091576,40.15966156581953,40.15966156581953,0.0,0.0,0.0,0.0,0.0,0.0,0.0,0.0,0.0,0.0,0.0,0.0,803.1354259864318,0.0,0.0,0.0,0.0,0.0,0.0,0.0,0.0,0.0,0.0,0.0,0.0,0.0,0.0,0.0,0.0,0.0,0.0,0.04937663307272894,0.0,0.0,0.0,-96.01130031675191,0.0,0.0,0.0,0.0,0.0,-404.52877743577295,1.6458877690909646,0.0,0.0,0.0,-812.5,-406.24999999902457,1000.0,0.0,0.0,0.0,0.0,0.0,0.0,0.0,0.0,56.89671960677309,0.0,0.0,467.5515192226523,273.41644892363615,0.0,318.41644892363615,-32.62003142877887,0.0,464.0349205453098,0.0,-464.0349205453098,0.0,0.0,0.0,1.6458877690909646,749.9228341672833,0.0,0.0,0.0,-243.69910267015965,0.0,0.0,0.0,0.0,0.0,0.0,0.0,0.0,0.0,0.0,-4.937663307272828,40.15966156581953,0.0,0.0,0.0,0.0,0.0,0.0,0.0,0.0,0.0,449.30502459178604,0.0,0.0,406.9976090894095,-77.68339874251737,0.0,0.0,9.875326614545788,84.1253876985041,0.0,0.0,0.0,-108.48102964713695,0.0,0.0,0.03620953092009225,0.0,0.0,0.0,20.079830782909767,0.0,0.0,0.0,0.0,-0.696924145066157,0.0,0.0,0.0,0.0,0.0,0.0,0.0,0.0,0.0,0.0,128.9653584896533,0.003291775538181929,0.0,0.0,0.0,0.0,0.0,114.0408902016975,0.0,0.0,0.0,43.472598518175495,0.0,0.0,0.0,0.0,0.0,404.52877743577295,0.0,0.0,0.0,0.0,0.0,0.0,0.0,347.4783764179998,0.0,0.0,0.0,168.2507753970082,734.8807156484982,0.0,-983.8099821384834,0.0,0.0,0.0,19.750653229091576,0.0,0.0,0.0,0.0,0.0,0.0,-19.750653229091576,0.0,168.2507753970082,0.0,0.0,0.0,0.0,0.0,0.0,0.0,0.0,0.0,0.0,-1000.0,-1000.0,825.684088422978,-616.6911965145,520.6798961977481,0.0,78.21334417283742,0.0,0.0,0.0,0.0,0.0,0.0,0.0,0.0,0.0,0.0,0.0,0.0,0.0,0.0,0.0,0.0,0.0,-4.1147194227274895,56.89671960677309,-1000.0,805.6042576400682,0.0,0.0,0.0,0.0,0.0,188.2295659808315,-188.64103792310425,75.44832727315145,0.0,0.0,0.0,0.0,0.0,0.0,0.0,1000.0,9.875326614545788,9.875326614545788,0.0,0.0,0.0,0.0,0.0,0.03620953092009225,404.52877743577295,0.0,0.0,-192.25423437453492,128.96206671411514,0.0,0.0,0.0,0.0,0.0,0.0,0.0,0.0,0.0,0.0,0.0,0.0,0.0,57.02044510084875,0.0,0.0,0.0,0.0,34.56364315091026,86.66005486290419,0.0,0.0,0.0,0.0,0.0,404.52877743577295,0.0,-553.4008149005987,0.0,0.0,0.0,-4.1147194227274895,0.0,0.0,0.0,0.0,0.0,0.0,0.0,0.0,0.0,0.0,0.0,0.0,0.0,0.0,0.0,0.0,0.0,0.0,-0.03291775538181929,0.0,0.0,1.6458877690909646,-351.5544723394576,0.0,0.0,0.0,0.0,56.89671960677309,0.0,0.0,0.0,-800.3012072480569,0.8229438845454823,0.0,0.0,0.0,0.03291775538181929,0.0,32.91775538181929,-10.20450416836398,6.583551076363858,0.2351268241558521,91.84053751527583,-0.02468831653636447,756.1513646122562,0.6583551076363858,113.87630142478841,-91.84053751527583,9.875326614545788,-0.03291775538181929,10.873343809592958,0.0,0.008229438845454823,0.2351268241558521,-32.62003142877887,-89.3658943552889,-0.6583551076363858,-300.0,-0.03291775538181929,0.008229438845454823,-91.84053751527583,490.3068738887407,0.03291775538181929,0.03291775538181929,-404.45965014947103,-84.08917816758411,-138.12064778154314,-0.02468831653636447,9.875326614545788,0.03291775538181929,96.01130031675191,69.67709601129648,-0.016458877690909646,46.551564524701064,53.57202631320934,-0.02468831653636447,-0.03291775538181929,-10.20450416836398,0.03291775538181929,3.291775538181929,-0.6583551076363858,0.0,0.0,-3.291775538181929,300.0,0.0,6.583551076363858,0.04937663307272894,-1000.0,3.291775538181929,-45.305672588777185,0.0,-6.583551076363858,0.016458877690909646,0.3291775538181929,78.89657266548281,280.0,-0.03291775538181929,-411.9352723966823,404.45965014947103,10.20450416836398,0.03291775538181929,89.3658943552889,-612.6523785109479,0.0,-0.03291775538181929,-0.008229438845454823,0.0,-0.03291775538181929,-96.70822446181808,0.032917755381818736,-0.008229438845454823,-0.008229438845454823,-0.008229438845454823,13.167102152727717,-69.67709601129648,0.3291775538181929,178.33979986434173,-0.008229438845454823,146.91980152137265,1.6458877690909646,50.0,0.03291775538181929,0.016458877690909646,0.016458877690909646,3.291775538181929,10.20450416836398,0.03291775538181929,-10.20450416836398,0.3291775538181929,0.03291775538181929,-486.24351555601714,0.03291775538181929,0.13167102152726784,-113.87630142478841,0.016458877690909646,0.008229438845454823,9.875326614545788,-0.03291775538181929,138.12064778154314,0.3291775538181929,-356.67959972868346,755.3284207277107,-3.291775538181929,6.583551076363858,1.6458877690909646,-0.03291775538181929,32.62003142877887,0.04937663307272894,-0.03291775538181929,-6.583551076363847,10.20450416836398,306.0422301997634,0.016458877690909646,-100.0,-0.03291775538181929,-0.032917755381818736,-0.03291775538181929,0.016458877690909646,91.84053751527583,-6.583551076363858,0.03291775538181929,157.79314533096561,-0.008229438845454823,84.08917816758411,-157.79314533096561,4.937663307272893,-53.57202631320934,398.49504811791326,91.84053751527583,-0.02468831653636447,411.9352723966823,-280.0,0.03291775538181929,-0.008229438845454823,439.81210146727796,32.91775538181929,-0.016458877690909646,-0.03291775538181929,0.008229438845454823,308.62675067881173,0.0,699.9835411223091,307.9037156916754,-255.0,0.0,424.18390719885497,-140.0,487.0150983505588,-80.0,236.4778616156371,-325.0,-300.0,40.0,127.5,-118.23893080781855,-487.0150983505588,70.0,-404.52877743577295,-197.56120055262647,300.0,325.0,-197.56120055262647,-424.18390719885497,516.7722550858105,0.0,1496.5981,hplb
124,0.0,0.0,0.0,0.0,0.0,0.0,0.0,0.0,0.0,0.0,0.0,0.0,0.0,0.0,0.0,0.0,1000.0,-841.4315170647117,0.0,72.18253399247186,0.0,0.0,0.0,0.0,0.0,0.0,0.0,0.0,0.0,-162.2271392435841,8.124639228532146,-8.124639228532146,578.0701148702854,0.0,0.0,0.0,0.0,1000.0,0.0,-1000.0,1000.0,0.0,0.0,0.0,0.0,0.0,0.0,0.0,-1000.0,-391.8009443692603,0.0,-162.2271392435841,0.0,0.0,0.0,0.0,0.0,0.0,0.0,0.0,-2.7082130761774454,0.0,-215.37087714568878,-218.07909022186624,0.0,0.0,0.0,0.0,775.3780017846311,0.0,0.0,0.0,0.0,0.0,0.0,0.0,0.0,0.0,0.0,0.0,0.0,0.0,-138.97399867094077,0.0,0.0,0.0,0.0,673.4609137680822,1000.0,-870.5844855097771,0.0,0.0,0.0,198.25617838779792,0.0,0.0,0.0,-440.30764187338144,6.447796818115876,0.0,550.5363482323254,0.0,-162.2271392435841,0.0,0.0,-58.48380293102866,0.0,0.0,0.0,0.0,0.0,0.0,0.0,0.0,0.0,0.0,0.0,0.0,0.0,0.0,0.0,0.0,0.0,0.0,-450.9158000943622,0.0,0.0,0.0,0.0,0.0,0.0,0.0,0.0,0.0,0.0,0.0,0.0,0.0,0.0,0.0,0.0,0.0,0.0,0.0,0.0,138.97399867094077,0.0,0.0,0.0,0.0,0.0,0.0,0.0,0.0,0.0,0.0,-29.2284492098658,0.0,0.0,0.0,0.0,0.0,991.8753607714679,991.8753607714679,0.0,0.0,0.0,0.0,-711.1718650578539,0.0,0.0,1000.0,0.0,0.0,0.0,86.5681085142038,-1000.0,0.0,0.0,0.0,0.0,0.0,0.0,0.0,0.0,0.0,0.0,0.0,0.0,0.0,0.0,-128.33137565375054,0.0,0.0,0.0,0.0,0.0,391.8009443692603,162.2271392435841,-129.4155144902229,129.4155144902229,0.0,0.0,0.0,0.0,0.0,0.0,0.0,0.0,40.530797715903475,0.0,0.0,0.0,0.0,0.0,0.0,0.0,0.0,0.0,0.0,0.0,0.0,0.0,254.55104984699236,-100.0,0.0,0.0,0.0,0.0,0.0,0.0,0.0,0.0,0.0,0.0,-2.7082130761774454,0.0,8.124639228532168,0.0,0.0,0.0,0.0,0.0,0.0,0.0,0.0,0.0,0.0,0.0,-129.4155144902229,1000.0,-293.7274614785566,0.0,0.0,0.0,0.0,0.0,0.0,0.0,0.0,0.0,194.54636564654123,0.0,0.0,-1000.0,0.0,0.0,-437.5000000000342,-562.4999999999658,562.4999999999658,870.5844855097771,0.0,-734.352550574129,391.8009443692603,0.0,0.0,0.0,0.0,0.0,0.0,0.0,0.0,0.0,1000.0,0.0,0.0,0.0,0.0,0.0,0.0,-2.7082130761774454,0.0,0.0,0.0,0.0,0.0,0.0,0.0,0.0,0.0,128.33137565375054,1000.0,0.0,-97.23753123616093,-1000.0,1000.0,1000.0,0.0,198.50511843017483,0.0,-58.48380293102866,0.0,0.0,0.0,0.0,-198.50511843017483,0.0,0.0,-1000.0,0.0,0.0,0.0,0.0,0.0,0.0,0.0,0.0,0.0,0.0,0.0,0.0,0.0,0.0,0.0,0.0,0.0,0.0,0.0,-1000.0,0.0,0.0,432.18300264484924,0.0,0.0,0.0,-130.8493594424086,0.0,695.958143721382,0.0,0.0,0.0,0.0,0.0,-775.3780017846311,0.0,-576.8728833544562,0.0,0.0,0.0,0.0,0.0,775.3780017846311,0.0,0.0,0.0,-198.50511843017483,0.0,0.0,0.0,775.3780017846311,0.0,0.0,0.0,0.0,499.1305246223934,0.0,0.0,254.55104984699236,0.0,0.0,0.0,-682.2006394926788,0.0,0.0,0.0,0.0,0.0,0.0,0.0,0.0,-5.4164261523550294,0.0,0.0,0.0,0.0,0.0,0.0,0.0,-100.0,0.0,0.0,0.0,0.0,0.0,0.0,0.0,0.0,0.0,0.0,775.3780017846311,0.0,0.0,0.0,0.0,0.0,0.0,0.0,0.0,0.0,0.0,0.0,8.124639228532168,98.4434692856717,0.0,0.0,0.0,0.0,0.0,1000.0,0.0,0.0,0.0,0.0,0.0,-688.7687480068826,-1000.0,0.0,0.0,430.827130859463,0.0,0.0,0.0,0.0,0.0,0.0,0.0,0.0,0.0,0.0,150.30526669812073,-128.33137565375054,0.0,0.0,198.50511843017483,0.0,198.25617838779792,0.0,0.0,0.0,-688.7687480068826,0.0,0.0,-788.7687480068826,0.0,0.0,254.55104984699236,0.0,0.0,0.0,0.0,0.0,0.0,0.0,0.0,0.0,0.0,0.0,0.0,0.0,0.0,0.0,0.0,0.0,0.0,0.0,0.0,0.0,0.0,0.0,0.0,0.0,0.0,0.0,0.0,8.124639228532168,0.0,0.0,8.124639228532168,162.2271392435841,0.0,0.0,0.0,-430.827130859463,0.0,0.0,198.50511843017483,0.0,0.0,0.0,0.0,0.0,0.0,150.65641313273537,713.6893650432959,0.0,0.0,0.0,-438.3301582232247,-1000.0,0.0,0.0,0.0,0.0,0.0,0.0,0.0,-837.7728607564159,0.0,-640.5182820336968,0.0,0.0,0.0,-661.290441996041,661.290441996041,496.553917801314,0.0,-198.25617838779792,0.0,0.0,0.0,0.0,0.0,0.0,0.0,0.0,0.0,0.0,0.0,0.0,0.0,0.0,0.0,0.0,0.0,0.0,-700.8888044953629,700.8888044953629,0.0,0.0,0.0,0.0,0.0,1000.0,0.0,-2.708213076177458,-1000.0,0.0,0.0,0.0,0.0,0.0,0.0,0.0,0.0,0.0,0.0,0.0,0.0,0.0,0.0,0.0,1000.0,0.0,0.0,775.3780017846311,0.0,0.0,0.0,0.0,0.0,0.0,0.0,0.0,0.0,0.0,0.0,0.0,0.0,0.0,0.0,0.0,0.0,0.0,0.0,0.0,0.0,689.5103469032662,0.0,0.0,0.0,0.0,0.0,0.0,0.0,0.0,0.0,0.0,0.0,0.0,0.0,0.0,0.0,0.0,0.0,0.0,0.0,0.0,0.0,0.0,-853.212834570644,853.212834570644,0.0,0.0,0.0,0.0,0.0,0.0,0.0,0.0,0.0,0.0,-98.4434692856717,0.0,0.0,0.0,0.0,0.0,711.1718650578539,-567.8169973551508,0.0,0.0,0.0,0.0,0.0,0.0,0.0,0.0,0.0,0.0,430.827130859463,98.89241943867934,-156.10758056132067,0.0,-397.79936050732124,438.07011487028535,0.0,-698.6663567975595,698.6663567975595,0.0,0.0,0.0,0.0,0.0,801.4948815698249,0.0,0.0,-8.124639228532168,-5.4164261523550294,-62.50000000000091,62.50000000000091,0.0,0.0,0.0,0.0,0.0,0.0,0.0,0.0,0.0,0.0,0.0,0.0,0.0,8.124639228532168,0.0,0.0,0.0,0.0,0.0,0.0,0.0,0.0,98.4434692856717,-775.3780017846311,0.0,0.0,0.0,0.0,0.0,0.0,0.0,-215.97575807201895,0.0,0.0,0.0,0.0,0.0,0.0,0.0,0.0,0.0,0.0,0.0,-100.0,0.0,0.0,0.0,0.0,0.0,0.0,0.0,0.0,-773.577997965884,0.0,0.0,0.0,0.0,0.0,0.0,0.0,0.0,0.0,0.0,0.0,0.0,-661.290441996041,8.124639228532168,0.0,0.0,0.0,0.0,98.4434692856717,0.0,0.0,0.0,0.0,0.0,0.0,0.0,391.8009443692603,0.0,0.0,0.0,0.0,11.830982236075462,488.2261404258516,-841.4315170647117,0.0,0.0,0.0,0.0,0.0,0.0,0.0,0.0,0.0,-937.4999999999801,937.4999999999801,0.0,0.0,0.0,0.0,0.0,0.0,0.0,0.0,0.0,8.124639228532168,8.124639228532168,0.0,640.5182820336968,-1000.0,0.0,0.0,0.0,0.0,1000.0,0.0,0.0,0.0,0.0,0.0,0.0,0.0,0.0,0.0,0.0,0.0,0.0,0.0,0.0,0.0,0.0,0.0,0.0,0.0,0.0,0.0,0.0,0.0,0.0,0.0,0.0,0.0,0.0,5.4164261523550294,0.0,0.0,0.0,0.0,0.0,0.0,0.0,1000.0,0.0,0.0,0.0,0.0,0.0,0.0,0.0,0.0,98.4434692856717,0.0,0.0,-1000.0,0.0,0.0,0.0,0.0,0.0,0.0,0.0,0.0,0.0,0.0,0.0,0.0,0.0,0.0,426.606417285322,0.0,0.0,0.0,0.0,0.0,689.5103469032662,0.0,0.0,0.0,0.0,0.0,98.4434692856717,0.0,559.6923581266185,0.0,0.0,0.0,0.0,0.0,0.0,0.0,0.0,0.0,0.0,0.0,0.0,0.0,0.0,0.0,0.0,0.0,0.0,0.0,0.0,0.0,0.0,0.0,0.0,0.0,0.0,688.7687480068826,0.0,0.0,0.0,0.0,0.0,0.0,0.0,0.0,0.0,0.0,0.0,0.0,0.0,0.0,0.0,0.0,0.0,0.0,0.0,0.0,0.0,0.0,0.0,0.0,0.0,0.0,0.0,19.494600977009554,0.0,0.0,0.0,-58.48380293102866,0.0,8.124639228532168,-230.75101692776025,0.0,0.0,0.0,142.5317739042032,0.0,0.0,-98.4434692856717,0.0,-64.54859120691404,0.0,0.0,0.0,0.0,0.0,0.0,210.74464627883717,0.0,0.0,0.0,0.0,0.0,0.0,0.0,0.0,0.0,0.0,230.75101692776025,0.0,0.0,0.0,275.97730299532486,0.0,-150.30526669812073,0.0,0.0,0.0,0.0,24.309382809040233,-156.10758056132067,0.0,-98.4434692856717,98.4434692856717,0.0,0.0,0.0,-142.53177390420322,0.0,0.0,0.0,0.0,0.0,-100.0,0.0,0.0,0.0,0.0,0.0,0.0,0.0,129.4155144902229,0.0,29.124164641070912,0.0,50.0,0.0,0.0,0.0,0.0,0.0,0.0,0.0,0.0,0.0,-388.2465434706687,0.0,0.0,0.0,0.0,0.0,0.0,0.0,64.54859120691404,-4.062319614266084,-258.8310289804458,0.0,0.0,0.0,0.0,0.0,58.48380293102866,0.0,0.0,0.0,0.0,347.64485152358327,0.0,-100.0,0.0,0.0,0.0,0.0,0.0,0.0,0.0,48.61876561808047,0.0,0.0,-48.61876561808047,0.0,0.0,-519.4087775464784,0.0,0.0,98.4434692856717,156.10758056132067,0.0,0.0,0.0,0.0,0.0,0.0,0.0,888.0645850784119,0.0,-275.97730299532486,258.8310289804458,-255.0,0.0,228.33137565375054,-140.0,142.5317739042032,-80.0,-255.0,397.79936050732124,0.0,40.0,127.5,127.5,-142.5317739042032,70.0,-98.4434692856717,-131.66909345156432,0.0,-397.79936050732124,-131.66909345156432,-228.33137565375054,185.43157477897688,0.0,1496.5981,hplb
125,0.0,0.0,0.0,0.0,0.0,0.0,0.0,0.0,322.18748096748226,0.0,0.0,0.0,0.0,0.0,0.0,0.0,0.0,300.0,0.0,0.0,0.0,0.0,0.0,992.801066026049,0.0,0.0,0.0,0.0,0.0,-1000.0,0.0,0.0,48.23642463332081,0.0,0.0,0.0,0.0,0.0,0.0,-1000.0,720.1171018638138,0.0,0.0,920.9762004052407,0.0,0.0,655.456438729889,0.0,0.0,-530.608551062632,0.0,0.0,0.0,0.005202908916775687,0.0,0.0,0.0,0.0,0.0,0.0,-40.38168119695058,0.0,-872.711684163529,-1000.0,0.0,0.0,0.0,0.0,1000.0,-1000.0,0.0,0.04729917197076774,0.0,0.0,0.0,0.0,0.0,0.0,0.0,761.9373801115519,0.0,0.0,0.0,0.0,2.8379503182460644,0.0,68.93401136896821,251.35823811465218,-48.64176188534782,384.43137767694793,191.99121450786828,0.0,0.0,0.0,1.4189751591230322,0.0,1.4189751591230322,0.0,0.0,0.0,0.0,0.2364958598538387,-1000.0,0.0,0.0,-21.85877729373012,0.0,0.0,0.0,0.0,0.0,0.0,0.0,0.0,0.0,0.0,0.0,0.0,0.0,0.0,0.0,0.0,0.0,0.0,-475.56443194916517,0.0,0.0,1.4189751591230322,0.0,1.4662743310937998,0.0,0.0,-757.3982992161004,757.3982992161004,0.0,0.0,-516.6459834187699,0.0,0.0,429.7393487792495,0.0,0.0,0.0,0.0,0.0,69.29821499314313,0.0047299171970767735,191.99239698716755,0.0,0.0,0.0,0.0,0.0,0.0,0.0,0.0,-142.46024018985355,0.0,0.0,0.0,0.0,0.0,551.3503252942128,551.3503252942128,0.0,0.0,0.0,0.0,468.7499999996752,0.0,0.0,551.3550552114099,0.0,0.0,0.0,-93.70012849092495,0.0,0.0,0.0,0.0,0.0,0.0,0.0,0.0,0.0,0.0,-29.7972443782881,0.0,0.0,0.0,0.0,-969.2361962115606,0.0,0.0,0.0,0.0,0.0,530.608551062632,0.0,-48.64176188534782,48.64176188534782,0.0,0.0,0.0,0.0,0.0,0.0,0.0,0.0,-781.8219244735619,0.0,0.0,0.0,0.0,0.0,0.0,0.0,0.0,0.0,0.0,0.0,0.0,0.0,332.61939581767916,-79.83109012511194,1000.0,0.0,0.0,0.0,86.90663463952043,0.0,0.0,0.0,0.0,0.0,-40.38168119695058,79.02379959475934,0.0,0.0,0.0,0.0,0.0,0.0,0.0,0.0,894.9673377382934,0.9459834394153548,0.0,0.0,0.0,0.0,202.71647622930436,0.0,-1000.0,0.0,0.0,86.90663463952043,-994.2295010195663,0.0,0.0,0.0,201.3916948121464,0.0,0.0,-1000.0,0.0,0.0,-687.4999999999926,-312.5000000000072,312.5000000000072,-97.28352377069564,0.0,0.0,530.608551062632,0.0,13.196468979844198,0.0,0.0,0.0,767.5622595341141,0.0,-767.5622595341141,0.0,1000.0,0.0,86.90663463952043,564.2120749740126,0.0,0.0,0.0,-40.38168119695058,-0.00709487579561516,0.0,0.0,0.0,0.0,0.0047299171970767735,0.0,0.0,0.0,72.84988331414411,0.0,0.0,-14.57251819582008,-808.2529751736571,0.0,485.5754258228317,0.0,900.1868290127784,0.0,-21.85877729373012,0.0,0.0,0.0,-0.40724587066830137,100.22041685788992,-1000.0,905.583303580904,-1000.0,0.0,0.0,0.0,0.0,0.0,0.0,0.0,0.0,0.0,0.0,0.0,0.0,0.0,0.0,0.0,0.0,0.0,-889.7934097973027,0.0,-889.812329466091,0.0,0.0,894.8150344045474,0.0,0.0,0.0,-964.2655527314365,0.0,0.0,0.0,0.0,0.0,-709.8303115783275,0.0,431.8944437538083,0.0,-390.3901052795625,-745.0195513281975,-0.2364958598538387,0.0,993.6311664941361,0.0,-432.1309396136621,0.0,-0.11824792992691935,0.0,0.0,0.0,823.1122845428592,1000.0,-1000.0,1.4189751591230322,0.0,0.0,0.0,294.72606775487696,0.0,322.19221088467935,0.0,-332.61939581767916,332.61939581767916,332.61939581767916,-26.07157699311735,0.0,0.0,0.0,0.0,0.0,0.0,0.0,0.0,-29.801974295485177,0.0,0.0,235.96065120010508,0.0,0.0,0.0,0.0,-81.25006528423498,0.009459834394155027,0.0,0.0,0.0,0.0,0.0,0.0,0.0,0.0,0.0,0.0,0.0,0.0,0.0,0.0,0.0,0.0,0.0,0.0,0.0,0.005202908916775687,0.005202908916775687,0.0,341.61487673058974,0.0,2.8379503182460644,0.0,0.0,0.0,1000.0,0.0,0.0,68.93401136896821,0.0,0.0,-543.5755341787699,-1000.0,0.0,0.0,899.1427767416294,0.0,0.0,235.96065120010508,0.0,0.0,0.0,0.0,0.0,0.0,0.0,158.5214773163884,-72.84988331414411,0.0,0.0,69.29821499314313,0.0,0.0,0.0,0.0,0.0,-543.5755341787699,0.0,0.0,-624.8255994630049,0.0,0.0,332.61939581767916,0.0,0.0,0.0,0.0,0.0,0.0,0.0,0.0,0.0,0.0,0.0,0.0,0.0,2.8379503182460644,86.90663463952043,86.90663463952043,0.0,0.0,0.0,0.0,0.0,0.0,0.0,0.0,0.0,0.0,0.04729917197076774,0.0,0.0,68.93401136896821,-68.93401136896821,0.0,0.0,0.0,0.0,1.4189751591230322,-899.1427767416294,0.0,0.0,0.0,0.0,0.0,0.0,0.0,0.0,0.0,0.0,-364.9793772453603,0.0,1.4189751591230322,1.4189751591230322,1000.0,-1000.0,0.0,235.96065120010508,0.0,0.0,0.0,0.0,0.0,-905.583303580904,0.0,-576.307323365455,0.0047299171970767735,0.0,0.0,-563.7919878825928,570.0385192437894,0.0,0.0,0.0,0.0,0.0,0.0,0.0,0.0,0.0,0.0,0.0,0.0,0.0,0.0,0.0,0.0,0.0,0.0047299171970767735,0.0,0.0,0.0,0.0,0.0,0.0,0.0,0.0,0.0,-964.2655527314365,894.8150344045474,0.0,0.0,-0.018919668788271338,-0.35474378978075805,-0.2364958598538387,0.0,0.0,687.5,687.5,-687.5,0.0,0.0,0.0,0.0,0.0,0.0,0.0,86.90663463952043,0.0,0.0,0.0,-176.65121959728694,0.0,0.0,0.0,322.18748096748226,0.0,0.0,0.0047299171970767735,0.0,0.0047299171970767735,0.0,0.0,0.0,2.8379503182460644,5.770498980433664,5.770498980433664,0.0,0.0,0.0,0.0,0.0,0.0,0.0,0.0,0.0,0.0,0.0,0.0,0.0,0.0,0.0,0.0,0.0,0.0,0.0,0.0,0.0,0.0,0.0,0.0,0.0,0.0,0.0,0.0,0.0,0.0,0.0,0.00709487579561516,0.0,0.0,0.0,-1.4189751591230322,0.0,0.0,0.0,0.0,0.0,-341.61487673058974,0.2364958598538387,0.0,0.0,0.0,0.0,-468.7499999996752,0.0,0.0,0.0,0.0,0.0,0.0,0.0,0.0,0.0,86.90663463952043,0.0,899.1427767416294,-799.5103906218351,8.99548091291058,0.0,218.76931517607267,-21.85877729373012,0.0,0.0,0.0,0.0,0.0,-1000.0,0.0,0.2364958598538387,1000.0,0.0,0.0,0.0,-167.6699970334216,0.0,0.0,0.0,0.0,0.0,0.0,0.0,0.0,0.0,371.76686489865864,-342.6791080999319,5.770498980433664,0.0,0.0,0.0,0.0,0.0,0.0,0.0,0.0,0.0,894.9673377382934,0.0,0.0,0.0,-6.246531361196617,0.0,0.0,1.4189751591230322,68.93401136896821,0.0,0.0,0.0,-261.13830731376544,0.0,0.0,0.005202908916775687,0.0,0.0,0.0,2.885249490216832,0.0,0.0,0.0,0.0,-79.83109012511194,0.0,0.0,0.0,0.0,0.0,0.0,0.0,0.0,0.0,0.0,0.0004729917197076774,0.0004729917197076774,0.0,0.0,0.0,0.0,0.0,0.0,0.0,0.0,0.0,-563.7919878825928,0.0,0.0,0.0,0.0,0.0,341.61487673058974,0.0,0.0,0.0,0.0,0.0,0.0,0.0,530.608551062632,0.0,0.0,0.0,137.86802273793643,0.0,0.0,300.0,0.0,0.0,0.0,2.8379503182460644,0.0,0.0,0.0,0.0,0.0,0.0,-2.8379503182460644,0.0,137.86802273793643,0.0,0.0,0.0,0.0,0.0,0.0,0.0,0.0,0.0,0.0,341.43242002790225,-1000.0,3.2399932799975906,0.0,-1.4189751591230322,0.0,0.0,0.0,0.0,0.0,0.0,0.0,0.0,0.0,0.0,0.0,0.0,0.0,0.0,0.0,0.0,0.0,0.0,0.0,-0.5912396496345967,86.90663463952043,-0.35474378978075805,342.32436431015117,0.0,0.0,0.0,0.0,0.0,0.0,-0.059123964963459674,29.801974295485177,0.0,0.0,0.0,0.0,0.0,0.0,0.0,765.1250966624473,1.4189751591230322,1.4189751591230322,0.0,0.0,0.0,0.0,761.9373801115519,0.005202908916775687,341.61487673058974,0.0,0.0,0.0,0.0,0.0,0.0,0.0,0.0,0.0,0.0,0.0,0.0,0.0,0.0,0.0,0.0,0.0,0.0,0.0,0.0,0.0,0.0,4.966413056930612,69.29821499314313,0.0,0.0,0.0,0.0,0.0,341.61487673058974,0.0,894.5785385446936,0.0,0.0,0.0,-0.5912396496345967,0.0,0.0,0.0,0.0,0.0,0.0,0.0,0.0,0.0,0.0,0.0,0.0,0.0,0.0,0.0,0.0,0.0,0.0,-0.0047299171970767735,0.0,0.0,0.2364958598538387,543.5755341787699,0.0,0.0,0.0,0.0,86.90663463952043,0.0,0.0,0.0,0.40724587066830137,0.11824792992691935,0.0,0.0,0.0,0.0047299171970767735,0.0,4.729917197076774,-1.4662743310937998,0.9459834394153548,0.03378512283626267,13.196468979844198,-0.00354743789780758,0.23649585985384647,0.09459834394153549,-0.023649585985348113,-13.196468979844198,1.4189751591230322,-0.0047299171970767735,7.28625909791004,235.96065120010508,0.0011824792992691936,0.03378512283626267,-21.85877729373012,-69.68701418674289,-0.09459834394153549,-300.0,-0.004729917197076774,0.0011824792992691936,-13.196468979844198,0.4729917197076774,0.004729917197076774,0.0047299171970767735,-341.6049439044759,-68.92880846005143,-85.76893533009553,-0.00354743789780758,1.4189751591230322,0.004729917197076774,1.4189751591230322,-2.364958598538387,-0.002364958598538387,271.94673010740934,-0.47772163690475417,-0.0035474378978075805,-0.004729917197076774,-1.4662743310937998,0.0047299171970767735,0.4729917197076774,-0.09459834394153549,0.0,0.0,-0.4729917197076774,300.0,0.0,0.9459834394153548,0.00709487579561516,360.7815293262626,0.4729917197076774,-158.5214773163884,235.96065120010508,-0.9459834394153548,0.002364958598538387,0.04729917197076774,3.64312954895502,9.941464352325934,-0.0047299171970767735,-342.6791080999319,341.6049439044759,1.4662743310937998,0.004729917197076774,69.68701418674289,230.28475056361304,235.96065120010508,-0.0047299171970767735,-0.0011824792992691936,-235.96065120010508,-0.004729917197076774,-81.25006528423498,0.004729917197019921,-0.0011824792992691936,-0.0011824792992691936,-0.0011824792992691936,1.8919668788307096,2.364958598538387,0.04729917197076774,195.7164188039607,-0.0011824792992691936,0.0,0.2364958598538387,40.86152850197133,0.0047299171970767735,0.0023649585985383867,0.002364958598538387,75.0,1.4662743310937998,0.0047299171970767735,-1.4662743310937998,0.04729917197076774,0.004729917197076774,-580.140701605113,0.004729917197076774,0.018919668788271338,0.023649585985348113,0.002364958598538387,0.0011824792992691936,1.4189751591230322,-0.004729917197076774,85.76893533009553,0.047299171970767745,-391.4328376079214,0.11824792992691158,-0.4729917197076774,0.9459834394153548,0.2364958598538387,-0.004729917197076774,21.85877729373012,0.00709487579561516,-0.004729917197076774,-150.0,1.4662743310937998,408.6012809623642,0.002364958598538387,-81.72305700394266,-0.004729917197076774,-0.004729917197019921,-0.004729917197076774,0.002364958598538387,13.196468979844198,-0.9459834394153548,0.0047299171970767735,7.28625909791004,-0.0011824792992691936,68.92880846005143,-7.28625909791004,0.7094875795615161,0.47772163690475417,-268.3071697711265,13.196468979844198,-0.0035474378978075805,342.6791080999319,-9.941464352325909,0.004729917197076774,-0.0011824792992691934,0.2364958598538387,4.729917197076774,-0.0023649585985383867,-0.004729917197076774,0.0011824792992691936,1000.0,0.0,-647.9317481911135,384.42428280115234,42.36195542125023,0.0,152.20798171954834,-70.19973309710633,0.0,1000.0,-247.74169690744486,-219.71529861548802,-287.1478539062523,-500.0,-21.180977710625115,123.87084845372243,0.0,35.099866548553166,-341.61487673058974,-147.4629736485988,287.1478539062523,219.71529861548802,-147.4629736485988,-152.20798171954834,-39.27488028188619,0.0,1496.5981,hplb
126,0.0,0.0,0.0,0.0,0.0,0.0,0.0,0.0,0.0,0.0,0.0,0.0,0.0,0.0,0.0,0.0,-337.8570796862127,637.8570796862127,0.0,0.0,0.0,0.0,0.0,927.4690650643214,0.0,545.8501400301811,0.0,0.0,0.0,-414.63900806580165,12.32068766393465,-12.32068766393465,60.0,0.0,0.0,0.0,0.0,442.1289415322118,0.0,-1000.0,1000.0,0.0,0.0,0.0,0.0,0.0,796.1657784547951,0.0,752.4960877520143,-819.4118101017117,0.0,0.0,0.0,0.0,0.0,0.0,0.0,0.0,0.0,0.0,33.39668741646099,0.0,1000.0,687.8247344157093,0.0,0.0,0.0,0.0,1000.0,157.4550147851112,0.0,0.0,0.0,0.0,0.0,0.0,0.0,0.0,0.0,440.83132087961263,0.0,0.0,116.78720293043489,0.0,0.0,0.0,77.68706769581127,0.0,-199.0016751058797,1000.0,123.48026024152506,0.0,0.0,-294.48382525695365,0.0,0.0,10.973000677265064,0.0,126.1513689455949,0.0,301.9636340409891,0.0,-453.7739162481957,0.0,0.0,-80.0,0.0,0.0,0.0,0.0,0.0,0.0,0.0,0.0,0.0,0.0,0.0,0.0,0.0,0.0,0.0,0.0,0.0,0.0,-692.3247996844536,0.0,0.0,10.973000677265064,0.0,0.0,0.0,0.0,0.0,0.0,0.0,0.0,0.0,0.0,0.0,-345.5719530007517,0.0,0.0,0.0,0.0,0.0,-39.10013523462362,0.0,123.48026024152506,0.0,0.0,0.0,-401.9535956753109,0.0,0.0,0.0,0.0,87.59101572923639,0.0,0.0,0.0,0.0,0.0,-163.87106671958765,-163.87106671958765,0.0,0.0,0.0,0.0,0.0,0.0,0.0,-151.550379055653,0.0,0.0,0.0,-450.72895942864363,-21.011913508411638,0.0,0.0,0.0,0.0,0.0,0.0,0.0,0.0,0.0,0.0,0.0,0.0,0.0,0.0,-1000.0,0.0,0.0,0.0,0.0,0.0,819.4118101017117,0.0,-536.8587547920924,536.8587547920924,345.5719530007517,0.0,0.0,0.0,0.0,0.0,0.0,39.134908182394035,-677.7942862098736,0.0,0.0,0.0,0.0,0.0,0.0,0.0,0.0,0.0,0.0,0.0,0.0,0.0,299.37139280584313,312.926596352576,0.0,0.0,0.0,0.0,0.0,-345.5719530007517,0.0,0.0,0.0,0.0,33.39668741646099,0.0,12.32068766393465,0.0,0.0,0.0,0.0,0.0,0.0,0.0,12.320687663934677,0.0,10.973000677265064,0.0,662.1429203137873,1000.0,215.63733295992188,0.0,0.0,0.0,0.0,345.5719530007517,-541.3191470618442,0.0,0.0,0.0,234.05081816751334,0.0,0.0,0.0,0.0,1000.0,-1000.0,999.9999999999998,0.0,-735.8604298979722,0.0,-651.497762857894,819.4118101017117,0.0,0.0,0.0,0.0,0.0,833.9730425243669,0.0,-833.9730425243669,0.0,411.5541963117083,0.0,0.0,0.0,0.0,0.0,0.0,33.39668741646099,0.0,0.0,0.0,0.0,0.0,0.0,0.0,0.0,0.0,976.7063116588002,-337.8570796862127,0.0,-498.11463319896967,737.2057137901264,21.011913508411638,1000.0,0.0,1000.0,0.0,-80.0,0.0,0.0,0.0,0.0,-754.4175854769671,-245.58241452303287,-1000.0,-1000.0,0.0,0.0,0.0,0.0,0.0,0.0,0.0,0.0,0.0,0.0,0.0,0.0,0.0,0.0,0.0,0.0,0.0,-557.8710584677882,0.0,-1000.0,0.0,0.0,0.0,0.0,0.0,0.0,164.1978288925236,0.0,311.32780005614916,0.0,0.0,0.0,0.0,0.0,0.0,0.0,-245.58241452303287,-1000.0,0.0,0.0,245.58241452303287,0.0,-178.4277897737449,0.0,0.0,0.0,-81.43581266922399,0.0,505.4460169660018,754.4175854769671,0.0,10.973000677265064,0.0,0.0,0.0,0.0,0.0,0.0,0.0,-299.37139280584313,299.37139280584313,299.37139280584313,335.0,0.0,0.0,0.0,0.0,0.0,39.134908182394035,0.0,0.0,-123.40444277620719,0.0,-340.41158772313287,10.973000677265064,0.0,0.0,0.0,0.0,-100.0,0.0,0.0,0.0,0.0,0.0,0.0,0.0,0.0,0.0,0.0,611.60487475493,0.0,0.0,0.0,0.0,0.0,0.0,0.0,0.0,0.0,0.0,0.0,12.32068766393465,334.32351260667156,0.0,0.0,0.0,0.0,0.0,1000.0,0.0,0.0,77.68706769581127,0.0,0.0,674.011134463867,-1000.0,0.0,0.0,463.3104609529199,0.0,0.0,10.973000677265064,0.0,0.0,0.0,0.0,0.0,0.0,0.0,230.7749332281512,-976.7063116588002,401.9535956753109,178.4277897737449,77.68706769581127,0.0,0.0,-294.48382525695365,-294.48382525695365,0.0,674.011134463867,0.0,508.4557980176417,65.55533644622534,0.0,0.0,299.37139280584313,0.0,0.0,0.0,0.0,0.0,0.0,0.0,0.0,0.0,0.0,0.0,0.0,0.0,0.0,345.5719530007517,345.5719530007517,0.0,0.0,0.0,0.0,0.0,0.0,0.0,0.0,0.0,0.0,0.0,0.0,12.32068766393465,77.68706769581127,-77.68706769581127,12.32068766393465,0.0,0.0,0.0,10.973000677265064,-463.3104609529199,0.0,0.0,0.0,178.4277897737449,0.0,0.0,0.0,0.0,0.0,661.3341044727774,0.0,0.0,0.0,0.0,1000.0,-1000.0,0.0,10.973000677265064,0.0,0.0,0.0,0.0,0.0,453.7739162481957,39.134908182394035,1000.0,0.0,0.0,0.0,0.0,0.0,0.0,0.0,294.48382525695365,0.0,0.0,0.0,0.0,0.0,0.0,0.0,0.0,0.0,0.0,0.0,0.0,0.0,0.0,0.0,0.0,0.0,0.0,0.0,0.0,0.0,0.0,0.0,0.0,-524.4743710513272,1000.0,0.0,0.0,-442.1289415322118,0.0,0.0,0.0,0.0,0.0,0.0,0.0,0.0,0.0,0.0,0.0,0.0,0.0,0.0,345.5719530007517,21.011913508411638,0.0,0.0,505.4460169660018,0.0,0.0,0.0,0.0,0.0,0.0,0.0,0.0,0.0,0.0,545.8501400301811,0.0,0.0,0.0,0.0,0.0,0.0,0.0,0.0,0.0,0.0,185.17643111055423,401.9535956753109,0.0,39.134908182394035,0.0,0.0,0.0,0.0,0.0,0.0,0.0,0.0,0.0,0.0,0.0,0.0,0.0,0.0,0.0,0.0,0.0,0.0,0.0,0.0,0.0,0.0,0.0,0.0,0.0,-10.973000677265064,0.0,0.0,0.0,0.0,0.0,-334.32351260667156,0.0,0.0,0.0,0.0,0.0,0.0,0.0,0.0,0.0,-340.41158772313287,0.0,0.0,0.0,0.0,0.0,345.5719530007517,0.0,463.3104609529199,829.958415827273,34.95211980082843,0.0,322.2057137901264,-80.0,0.0,688.6721999438508,311.32780005614916,-1000.0,0.0,-541.3191470618442,0.0,0.0,743.885142530444,0.0,0.0,-12.32068766393465,-278.7785781678297,0.0,0.0,61.00482064590185,-61.00482064590185,0.0,-125.0976936579001,0.0,0.0,0.0,145.6243998323512,-145.6243998323512,0.0,0.0,0.0,0.0,12.32068766393465,0.0,0.0,0.0,0.0,0.0,12.320687663934677,0.0,0.0,188.69911277432035,-611.60487475493,-1000.0,0.0,0.0,77.68706769581127,0.0,0.0,0.0,-85.66541690875616,0.0,0.0,0.0,0.0,0.0,0.0,0.0,0.0,0.0,0.0,0.0,312.926596352576,0.0,0.0,0.0,0.0,0.0,0.0,0.0,0.0,-200.2413299874558,0.0,0.0,0.0,0.0,0.0,0.0,0.0,0.0,0.0,0.0,0.0,0.0,0.0,12.32068766393465,0.0,0.0,0.0,0.0,334.32351260667156,0.0,0.0,0.0,0.0,0.0,0.0,0.0,819.4118101017117,0.0,0.0,0.0,155.37413539162253,0.0,-574.7158344783052,637.8570796862127,0.0,0.0,0.0,0.0,0.0,0.0,0.0,0.0,0.0,0.0,0.0,0.0,155.37413539162253,0.0,0.0,0.0,0.0,0.0,0.0,0.0,12.32068766393465,12.32068766393465,0.0,-1000.0,-1000.0,0.0,0.0,-10.973000677265064,0.0,442.1289415322118,0.0,0.0,0.0,0.0,0.0,0.0,0.0,0.0,0.0,0.0,0.0,0.0,0.0,0.0,0.0,0.0,0.0,0.0,345.5719530007517,0.0,145.6243998323512,0.0,0.0,0.0,0.0,0.0,0.0,0.0,123.40444277620719,0.0,0.0,0.0,0.0,0.0,0.0,0.0,1000.0,0.0,0.0,0.0,0.0,0.0,0.0,440.83132087961263,0.0,334.32351260667156,0.0,0.0,-442.1289415322118,0.0,0.0,0.0,0.0,0.0,0.0,0.0,0.0,0.0,0.0,0.0,0.0,0.0,0.0,0.0,0.0,0.0,0.0,0.0,0.0,0.0,0.0,262.8634988063655,0.0,0.0,0.0,334.32351260667156,0.0,0.0,0.0,0.0,0.0,0.0,0.0,0.0,0.0,0.0,0.0,0.0,0.0,0.0,0.0,0.0,0.0,0.0,0.0,0.0,0.0,0.0,0.0,0.0,0.0,0.0,0.0,0.0,-674.011134463867,0.0,0.0,0.0,0.0,345.5719530007517,0.0,0.0,0.0,0.0,0.0,0.0,0.0,545.8501400301811,0.0,0.0,0.0,0.0,0.0,0.0,0.0,0.0,0.0,0.0,0.0,0.0,0.0,0.0,26.666666666666668,10.973000677265064,0.0,0.0,-80.0,-77.68706769581138,12.32068766393465,-300.0,0.0,0.0,0.0,0.0,0.0,0.0,-334.32351260667156,-77.68706769581127,0.0,0.0,0.0,0.0,10.973000677265064,10.973000677265064,0.0,72.40898427076361,345.5719530007517,0.0,0.0,0.0,0.0,0.0,0.0,0.0,0.0,0.0,300.0,0.0,0.0,0.0,-1000.0,0.0,-230.7749332281512,10.973000677265064,0.0,0.0,0.0,124.52865829974242,34.95211980082843,0.0,-334.32351260667156,334.32351260667156,0.0,0.0,77.68706769581138,0.0,10.973000677265064,0.0,0.0,-10.973000677265064,0.0,-100.0,0.0,0.0,0.0,0.0,0.0,-10.973000677265064,0.0,0.0,0.0,222.39064993281818,0.0,50.0,0.0,0.0,0.0,5.486500338632532,0.0,0.0,0.0,0.0,0.0,0.0,0.0,0.0,0.0,0.0,0.0,0.0,0.0,0.0,-6.160343831967325,0.0,0.0,0.0,0.0,0.0,0.0,80.0,0.0,0.0,-10.973000677265077,0.0,111.10013173148988,0.0,-100.0,0.0,0.0,0.0,0.0,0.0,0.0,0.0,249.05731659948484,0.0,77.68706769581127,-249.05731659948484,0.0,-345.5719530007517,388.88000755635863,0.0,0.0,334.32351260667156,-34.95211980082843,0.0,0.0,0.0,0.0,0.0,0.0,0.0,1000.0,0.0,735.8604298979722,0.0,204.9937039735554,0.0,128.9025759533082,-140.0,0.0,-80.0,-255.0,79.74788188518448,-264.13957010202785,40.0,-102.4968519867777,127.5,0.0,70.0,-334.32351260667156,-25.43471482273373,264.13957010202785,-79.74788188518448,-25.43471482273373,-128.9025759533082,64.45128797665421,0.0,1496.5981,hplb
127,0.0,0.0,0.0,0.0,0.0,0.0,0.0,0.0,-0.012745766007889639,0.0,0.0,0.0,0.0,0.0,0.0,0.0,-700.2737939781571,837.9434554678662,0.0,-127.85337333216887,0.0,0.0,0.0,0.0,0.0,204.76469818317085,0.0,0.0,0.0,-834.6139202711778,99.27228632451124,-99.27228632451124,116.73648740911672,0.0,0.0,0.0,0.0,-454.8256023670312,0.0,-1000.0,-443.3969972751512,0.0,0.0,1000.0,0.0,0.0,486.8338070134469,0.0,1000.0,0.0,0.0,465.1122857506651,0.0,0.014020342608804895,0.0,0.0,0.0,2.549153201577928,0.0,0.0,16.383402752920368,0.0,-682.8825093073249,-895.9254303695363,0.0,0.0,0.0,0.0,819.8736903864332,-819.8736903864332,0.0,0.12745766007889642,0.0,0.0,0.0,0.0,0.0,0.0,0.0,0.0,0.0,0.0,0.0,0.0,7.647459604733784,0.0,25.8787992841917,-334.74125793575047,544.6542911691861,-44.50783485560163,-0.00318644150197241,0.0,0.0,0.0,3.823729802366892,0.0,3.823729802366892,-63.066021545912704,0.0,0.0,0.0,0.637288300394482,-834.6139202711778,0.0,0.0,-22.981831162108893,0.0,0.0,0.0,0.0,0.0,0.0,0.0,0.0,0.0,0.0,0.0,0.0,0.0,0.0,0.0,0.0,0.0,0.0,-374.0854288441418,0.0,0.0,3.823729802366892,0.0,3.951187462445789,0.0,0.0,-138.23578011441094,138.23578011441094,0.0,0.0,-229.42632381513184,0.0,0.0,0.0,0.0,0.0,0.0,0.0,0.0,26.860223266799203,0.012745766007889639,0.0,0.0,0.0,0.0,0.0,0.0,0.0,472.27473626255556,0.0,-23.960290905140415,0.0,0.0,0.0,0.0,0.0,-143.03594369898474,-143.03594369898474,0.0,0.0,0.0,312.5,630.4482171851124,0.0,0.0,-43.75091160846559,0.0,0.0,0.0,0.0,0.0,0.0,0.0,0.0,0.0,0.0,0.0,0.0,0.0,0.0,0.0,0.0,0.0,0.0,0.0,-197.6502603381479,0.0,0.0,0.0,0.0,0.0,0.0,-465.1122857506651,-200.14645631358448,200.14645631358448,229.42632381513184,0.0,0.0,0.0,0.0,0.0,0.0,0.0,-679.1423739525642,0.0,0.0,0.0,0.0,0.0,0.0,0.0,0.0,0.0,0.0,0.0,0.0,0.0,213.4390565372991,-60.165580209351525,1000.0,0.0,0.0,0.0,0.0,-157.7503358855712,0.0,0.0,0.0,0.0,16.383402752920368,0.0,99.27228632451124,0.0,133.39846835212603,0.0,0.0,0.0,0.0,0.0,36.61667844405254,0.0,0.0,0.0,-744.8007474827705,0.0,0.0,0.0,-1000.0,0.0,0.0,229.42632381513184,-984.4501654703746,0.0,0.0,0.0,-107.24478275205342,0.0,0.0,-987.504473868152,0.0,0.0,-987.5044738681518,0.0,0.0,344.50783485560163,0.0,309.7971695085283,0.0,0.0,-36.11530076754856,0.0,0.0,0.0,-279.15115272042283,0.0,279.15115272042283,0.0,365.42100602039045,0.0,0.0,0.0,312.5,0.0,0.0,16.383402752920368,-0.019118649011834462,0.0,0.0,0.0,0.0,0.012745766007889639,0.0,0.0,0.0,85.53386416216779,-700.2737939781571,0.0,-103.87501920739845,237.20710887659135,0.0,-439.5732674727843,0.0,-744.7434106723618,0.0,-22.981831162108893,0.0,0.0,0.0,963.8176007456834,-819.8736903864332,600.7995003131117,-1000.0,-1000.0,0.0,0.0,0.0,0.0,0.0,0.0,0.0,0.0,0.0,0.0,0.0,0.0,0.0,0.0,0.0,0.0,133.39846835212603,-1000.0,0.0,-545.2253806970004,0.0,0.0,0.0,0.0,0.0,0.0,35.79538461365949,0.0,0.0,0.0,0.0,0.0,1000.0,-311.3907433897825,-87.68393268020476,-0.318644150197241,-1000.0,1000.0,-1000.0,-582.8766854416979,-1000.0,311.3907433897825,87.04664437981027,731.171199528306,0.0,999.3627116996055,0.0,0.0,489.62766354562524,322.3479671009534,-956.7650590810172,3.823729802366892,437.5000000000004,-437.5000000000004,0.0,0.0,0.0,0.0,0.0,-213.4390565372991,213.4390565372991,213.4390565372991,275.43267796053095,0.0,0.0,0.0,0.0,0.0,0.0,0.0,0.0,-144.90191974090743,0.0,0.0,0.0,0.0,0.0,0.0,0.0,-63.989310011718416,0.02549153201584886,0.0,0.0,0.0,0.0,0.0,0.0,0.0,0.0,0.0,0.0,0.0,0.0,0.0,0.0,0.0,0.0,0.0,0.0,0.0,0.014020342608804895,0.014020342608804895,99.27228632451124,120.241758000298,0.0,7.647459604733784,0.0,0.0,0.0,1000.0,0.0,0.0,25.8787992841917,0.0,0.0,312.7141068491638,-1000.0,0.0,0.0,0.0,0.0,0.0,0.0,0.0,0.0,0.0,0.0,0.0,0.0,0.0,124.69514294804726,-85.53386416216779,0.0,0.0,26.860223266799203,0.0,392.65607085620826,-392.65607085620826,-464.33205878576894,0.0,312.7141068491638,0.0,0.0,248.72479683744535,0.0,0.0,213.4390565372991,0.0,0.0,0.0,0.0,0.0,0.0,0.0,0.0,0.0,0.0,0.0,0.0,0.0,7.647459604733784,229.42632381513184,229.42632381513184,0.0,0.0,0.0,0.0,0.0,0.0,0.0,0.0,0.0,0.0,0.12745766007889642,0.0,99.27228632451124,25.8787992841917,-25.8787992841917,99.27228632451124,-465.1122857506651,0.0,0.0,3.823729802366892,0.0,0.0,0.0,0.0,0.0,0.0,0.0,0.0,0.0,0.0,107.89742345270336,-226.68426554837484,0.0,3.823729802366892,3.823729802366892,1000.0,-1000.0,0.0,0.0,0.0,0.0,0.0,0.0,0.0,834.6139202711778,0.0,942.0180250983299,0.012745766007889639,0.0,0.0,0.0,16.832604837133683,0.0,0.0,0.0,0.0,0.0,0.0,0.0,0.0,0.0,0.0,0.0,0.0,0.0,0.0,0.0,0.0,0.0,0.012745766007889639,0.0,0.0,0.0,-1000.0,1000.0,0.0,0.0,0.0,0.0,0.0,1000.0,-472.27473626255556,-37.80435892365246,-471.62563715968844,-0.955932450591723,-0.6372883003944825,0.0,0.0,0.0,0.0,0.0,0.0,0.0,0.0,0.0,0.0,0.0,0.0,229.42632381513184,0.0,0.0,0.0,-466.5001072349975,0.0,0.0,0.0,-0.012745766007889639,0.0,0.0,0.012745766007889639,0.0,0.012745766007889639,0.0,0.0,0.0,7.647459604733784,15.549834529625361,15.549834529625361,0.0,0.0,0.0,0.0,0.0,0.0,0.0,0.0,0.0,0.0,0.0,0.0,964.9150111989628,0.0,0.0,0.0,0.0,0.0,0.0,0.0,0.0,0.0,0.0,0.0,0.0,0.0,0.0,71.67598792956066,0.0,-204.76469818317085,204.76469818317085,0.019118649011834462,0.0,0.0,0.0,-3.823729802366892,0.0,0.0,0.0,0.0,0.0,-120.241758000298,0.637288300394482,0.0,0.0,0.0,-312.5,-630.4482171851124,-63.703309846307185,0.0,0.0,0.0,0.0,0.0,0.0,0.0,0.0,229.42632381513184,0.0,0.0,0.0,-93.1972985370011,0.0,322.45084679842205,-22.981831162108893,926.400256462688,-27.907925232647692,37.80435892365246,-936.2966901536928,472.27473626255556,-1000.0,0.0,0.6372883003944825,1000.0,0.0,0.0,-99.27228632451124,-196.65951830929083,0.0,0.0,0.0,0.0,0.0,0.0,0.0,0.0,0.0,0.0,-1.9118649011831508,15.549834529625361,0.0,99.27228632451124,99.27228632451124,0.0,0.0,0.0,0.0,0.0,0.0,36.61667844405254,0.0,0.0,121.19769045088972,-16.832604837133683,0.0,0.0,3.823729802366892,25.8787992841917,0.0,0.0,0.0,-155.75837429120276,0.0,0.0,0.014020342608804895,0.0,0.0,0.0,7.7749172648126805,0.0,0.0,0.0,0.0,-60.165580209351525,0.0,0.0,0.0,0.0,0.0,0.0,0.0,0.0,0.0,0.0,0.001274576600788964,0.001274576600788964,0.0,0.0,0.0,0.0,0.0,0.0,0.0,0.0,0.0,0.0,99.27228632451124,0.0,0.0,0.0,0.0,120.241758000298,0.0,0.0,0.0,0.0,0.0,0.0,0.0,0.0,0.0,0.0,0.0,51.7575985683834,0.0,-683.7160775306198,837.9434554678662,0.0,0.0,0.0,7.647459604733784,0.0,0.0,0.0,0.0,0.0,-7.647459604733784,0.0,0.0,51.7575985683834,0.0,0.0,0.0,0.0,0.0,0.0,0.0,99.27228632451124,99.27228632451124,0.0,-1000.0,-1000.0,973.6458609143672,0.0,-3.823729802366892,0.0,-454.8256023670312,0.0,0.0,0.0,0.0,0.0,0.0,0.0,0.0,0.0,0.0,0.0,0.0,0.0,0.0,0.0,0.0,0.0,-1.5932207509862055,229.42632381513184,-0.955932450591723,965.8709436495545,0.0,0.0,0.0,0.0,0.0,562.6188192063668,-562.7781412814654,617.176656003463,0.0,0.0,0.0,0.0,0.0,0.0,0.0,942.0180250983299,3.823729802366892,3.823729802366892,0.0,0.0,0.0,0.0,0.0,0.014020342608804895,120.241758000298,0.0,0.0,454.8256023670312,0.0,0.0,0.0,0.0,0.0,0.0,0.0,0.0,0.0,0.0,0.0,0.0,0.0,0.0,0.0,0.0,0.0,0.0,0.0,13.383054308284123,0.0,0.0,26.860223266799203,0.0,0.0,0.0,120.241758000298,0.0,0.0,0.0,0.0,0.0,-1.5932207509862055,0.0,0.0,0.0,0.0,0.0,0.0,0.0,0.0,0.0,0.0,0.0,0.0,0.0,0.0,0.0,0.0,0.0,0.0,-0.012745766007889639,0.0,0.0,0.637288300394482,-312.7141068491638,0.0,0.0,0.0,0.0,229.42632381513184,0.0,0.0,0.0,-963.8176007456834,0.318644150197241,0.0,0.0,204.76469818317085,0.012745766007889639,0.0,12.745766007889639,-3.951187462445789,2.549153201577928,0.09104118577064028,35.5606871620121,-0.009559324505917231,0.6372883003944878,0.25491532015779284,-0.06372883003945162,-35.5606871620121,3.823729802366892,-0.01274576600788964,7.660610387369631,0.0,0.00318644150197241,0.09104118577064028,-22.981831162108893,-27.907925232647692,99.01737100435345,-9.81628815754027,-0.01274576600788964,0.00318644150197241,-35.5606871620121,1.274576600788964,0.01274576600788964,0.012745766007889639,-120.21499189168131,-25.864778941583022,-134.76213509661733,-0.009559324505917231,3.823729802366892,0.01274576600788964,3.823729802366892,-6.37288300394482,-0.00637288300394482,204.68608832597556,156.46301351877432,-0.009559324505917231,-0.01274576600788964,-3.951187462445789,0.012745766007889639,1.2745766007889756,-0.25491532015779284,71.67598792956066,71.67598792956066,-1.274576600788964,9.81628815754027,-71.67598792956066,2.549153201577928,0.019118649011834462,-1000.0,1.274576600788964,-124.69514294804726,0.0,-2.549153201577928,0.00637288300394482,0.12745766007889642,25.968754801849613,-90.64814533542318,-0.012745766007889639,-123.10955535207287,120.21499189168131,3.951187462445789,0.01274576600788964,27.907925232647692,-15.294919209467679,0.0,-0.012745766007889639,-0.00318644150197241,0.0,-0.01274576600788964,-63.989310011718416,0.012745766007662267,-0.00318644150197241,-0.00318644150197241,-0.00318644150197241,5.098306403155856,6.37288300394482,0.12745766007889642,9.443019391099881,-0.00318644150197241,44.276899216329596,0.637288300394482,32.63194330625369,0.012745766007889639,0.00637288300394482,0.00637288300394482,1.274576600788964,3.951187462445789,0.012745766007889639,-3.951187462445789,0.12745766007889642,0.01274576600788964,-9.443019391099881,0.01274576600788964,0.05098306403169772,0.06372883003945162,0.00637288300394482,0.00318644150197241,3.823729802366892,-0.01274576600788964,134.76213509661733,-49.508685502176725,-18.886038782199762,0.31864415019723524,-1.2745766007889756,2.549153201577928,0.637288300394482,-0.01274576600788964,22.981831162108893,0.019118649011834462,-0.01274576600788964,-2.549153201577928,3.951187462445789,100.74429646636865,0.00637288300394482,-65.26388661250738,-0.01274576600788964,-0.012745766007662267,-0.01274576600788964,0.00637288300394482,35.5606871620121,-2.549153201577928,0.012745766007889639,51.937509603699226,-0.00318644150197241,25.864778941583022,-51.937509603699226,1.9118649011834457,-156.46301351877432,329.54905678408653,35.5606871620121,-0.009559324505917231,123.10955535207287,90.64814533542318,0.01274576600788964,-0.0031864415019724106,0.6372883003944825,12.745766007889639,-0.00637288300394482,-0.01274576600788964,0.00318644150197241,1000.0,0.0,699.9936271169961,0.0,-255.0,0.0,216.10085570029102,-140.0,0.0,358.11451691477583,-255.0,-325.0,-300.0,-179.05725845738792,127.5,127.5,0.0,70.0,-120.241758000298,55.014077824834104,300.0,325.0,55.014077824834104,-216.10085570029102,115.06059915448486,0.0,1496.5981,hplb
128,0.0,0.0,0.0,0.0,0.0,0.0,0.0,0.0,-0.0178663640720943,0.0,0.0,0.0,0.0,0.0,0.0,0.0,-260.4568444888664,1000.0,0.0,-688.2221972577291,0.0,0.0,0.0,98.64408600977802,0.0,0.0,0.0,0.0,0.0,-689.0590610994152,0.0,0.0,0.0,0.0,0.0,0.0,0.0,-135.54606958155503,0.0,-1000.0,1000.0,0.0,-814.7493168057827,-865.233411217501,0.0,0.0,0.0,0.0,0.0,0.0,0.0,0.0,0.0,0.0196530004793214,0.0,0.0,0.0,3.57327281441886,0.0,0.0,87.55390426603071,0.0,-629.5133390410365,-940.9365466055591,0.0,0.0,0.0,0.0,0.0,228.83022162792867,0.0,0.17866364072094304,0.0,0.0,0.0,0.0,0.0,0.0,0.0,568.6521182860382,0.0,0.0,0.0,0.0,10.719818443256582,0.0,43.86503521487166,-349.43238872454225,0.0,187.61648042037854,-0.0044665910180235755,0.0,0.0,-535.3638179702374,5.359909221628291,0.0,5.359909221628291,-0.5752969231213836,0.0,0.0,0.0,0.893318203604715,-689.0590610994152,0.0,0.0,0.0,0.0,0.0,0.0,0.0,0.0,0.0,0.0,0.0,0.0,0.0,0.0,0.0,0.0,0.0,0.0,0.0,0.0,0.0,-881.3477622460045,0.0,0.0,5.359909221628291,0.0,5.538572862349233,0.0,0.0,-75.95525919756409,0.0,75.95525919756409,-75.95525919756409,-398.9771118305534,0.0,0.0,0.0,0.0,0.0,0.0,0.0,0.0,45.240745248422925,0.0178663640720943,0.0,0.0,0.0,0.0,-650.0151770863124,0.0,0.0,0.0,0.0,27.884700437829963,0.0,0.0,0.0,0.0,0.0,-12.741305767146045,-12.741305767146045,0.0,0.0,0.0,0.0,0.0,0.0,0.0,-12.72343940307395,0.0,0.0,0.0,-281.54431691626974,0.0,0.0,0.0,0.0,0.0,0.0,0.0,0.0,0.0,0.0,0.0,0.0,0.0,0.0,0.0,-821.3727145013829,0.0,0.0,0.0,0.0,0.0,0.0,814.7493168057827,112.38351957962146,-112.38351957962146,398.9771118305534,0.0,0.0,0.0,0.0,0.0,0.0,0.0,-67.24820026303341,0.0,0.0,0.0,0.0,0.0,0.0,0.0,0.0,0.0,0.0,0.0,0.0,0.0,165.66024655773398,557.1617227151502,134.76658878249896,0.0,0.0,0.0,0.0,-169.93162712016323,0.0,0.0,0.0,0.0,87.55390426603071,1000.0,0.0,0.0,267.2965352238044,0.0,0.0,0.0,0.0,0.0,0.0,0.0,0.0,0.0,-72.86716361459588,-1000.0,577.7004476608619,0.0,-134.76658878249896,0.0,0.0,398.9771118305534,96.27438492382257,0.0,0.0,0.0,-156.72551994335265,0.0,0.0,-1000.0,-1000.0,0.0,-1000.0,1000.0,0.0,112.38351957962146,0.0,773.5937110464346,0.0,0.0,-179.19832894924707,0.0,0.0,0.0,-919.6385749269668,0.0,919.6385749269668,0.0,0.0,0.0,0.0,795.3744660103847,0.0,0.0,0.0,87.55390426603071,-0.02679954610814145,0.0,0.0,0.0,0.0,0.0178663640720943,0.0,0.0,0.0,586.9673205693643,-260.4568444888664,0.0,-395.68411770952497,84.60731966027798,0.0,900.3995829296889,0.0,-223.29837954919535,0.0,0.0,0.0,0.0,0.0,-1.5382939466073366,0.0,224.83667349580267,-1000.0,-1000.0,0.0,0.0,0.0,0.0,0.0,0.0,0.0,0.0,0.0,0.0,0.0,0.0,0.0,0.0,0.0,0.0,267.2965352238044,663.1436797729174,0.0,546.2175924096705,0.0,252.40069148851342,0.0,902.1126264276802,0.0,310.13788392096103,-45.240745248422925,0.0,0.0,0.0,0.0,0.0,0.0,34.47340650469369,548.0503685825552,0.0,0.0,0.0,-0.893318203604715,-248.89373271887766,0.0,-34.47340650469369,-1000.0,1000.0,-0.4466591018023575,0.0,595.7383186535442,0.0,0.0,0.0,-580.7371386800394,5.359909221628291,0.0,0.0,0.0,0.0,0.0,0.0,0.0,-165.66024655773398,165.66024655773398,165.66024655773398,153.21336359279056,0.0,0.0,-144.3542777758331,0.0,0.0,0.0,0.0,0.0,-136.1392328687485,0.0,0.0,104.96032629193937,0.0,0.0,0.0,0.0,-98.21336359279057,0.035732728144239445,0.0,0.0,0.0,0.0,0.0,0.0,0.0,0.0,0.0,0.0,0.0,0.0,0.0,0.0,0.0,0.0,0.0,0.0,0.0,0.0196530004793214,0.0196530004793214,0.0,442.0869737433151,0.0,10.719818443256582,0.0,0.0,0.0,1000.0,0.0,0.0,43.86503521487166,0.0,0.0,-119.68755086820676,-1000.0,0.0,0.0,0.0,0.0,0.0,104.96032629193937,0.0,0.0,0.0,0.0,0.0,0.0,0.0,293.78258741533483,-586.9673205693643,650.0151770863124,0.0,45.240745248422925,0.0,0.0,-535.3638179702374,-764.4093026806275,0.0,-119.68755086820676,0.0,0.0,-217.90091446099734,-187.50000000000009,187.50000000000009,165.66024655773398,0.0,0.0,0.0,0.0,0.0,0.0,0.0,0.0,0.0,0.0,0.0,0.0,0.0,10.719818443256582,398.9771118305534,398.9771118305534,0.0,0.0,0.0,0.0,0.0,0.0,0.0,0.0,0.0,0.0,0.17866364072094304,0.0,0.0,43.86503521487166,-43.86503521487166,0.0,814.7493168057827,0.0,0.0,5.359909221628291,0.0,0.0,0.0,0.0,0.0,0.0,0.0,0.0,0.0,0.0,477.9341873959333,-676.8708816104718,0.0,5.359909221628291,5.359909221628291,1000.0,-1000.0,0.0,104.96032629193937,0.0,0.0,0.0,0.0,0.0,689.0590610994152,0.0,846.0079105936691,0.0178663640720943,0.0,0.0,0.0,23.595086094925108,98.21336359279057,0.0,535.3638179702374,0.0,0.0,0.0,0.0,0.0,0.0,0.0,0.0,0.0,0.0,0.0,0.0,0.0,0.0,0.0178663640720943,0.0,0.0,0.0,-1000.0,1000.0,0.0,0.0,0.0,252.40069148851342,0.0,-45.240745248422925,0.0,0.0,-116.92608736324688,-1.3399773054070727,0.0,-0.893318203604715,0.0,0.0,0.0,0.0,0.0,0.0,0.0,0.0,0.0,0.0,0.0,398.9771118305534,0.0,0.0,0.0,-579.8438204764346,0.0,0.0,0.0,-0.0178663640720943,0.0,0.0,0.0178663640720943,0.0,0.0178663640720943,0.0,228.83022162792867,0.0,10.719818443256582,21.79696416795505,21.79696416795505,0.0,0.0,0.0,0.0,0.0,0.0,0.0,650.0151770863124,0.0,0.0,0.0,0.0,0.0,0.0,0.0,0.0,0.0,0.0,0.0,0.0,0.0,0.0,0.0,0.0,0.0,0.0,0.0,229.04548471039016,0.0,0.0,0.0,0.02679954610814145,0.0,0.0,0.0,-5.359909221628291,0.0,0.0,0.0,0.0,0.0,-442.0869737433151,0.893318203604715,0.0,0.0,0.0,0.0,0.0,45.240745248422925,-0.893318203604715,0.0,0.0,0.0,0.0,0.0,0.0,0.0,398.9771118305534,0.0,0.0,0.0,276.4267271855811,0.0,934.9850952459784,98.21336359279057,0.0,0.0,0.0,0.0,0.0,74.47742075586751,0.0,0.893318203604715,1000.0,0.0,0.0,0.0,-223.86930329849184,0.0,0.0,0.0,0.0,0.0,0.0,0.0,0.0,0.0,443.4269510487222,-446.1069056595351,21.79696416795505,0.0,0.0,0.0,0.0,0.0,0.0,0.0,0.0,0.0,0.0,0.0,0.0,0.0,-23.595086094925108,422.43656081871467,-814.7493168057827,5.359909221628291,43.86503521487166,0.0,0.0,0.0,-63.275967859330414,0.0,0.0,0.0196530004793214,0.0,0.0,0.0,10.898482083977525,0.0,0.0,0.0,0.0,557.1617227151502,0.0,0.0,0.0,0.0,0.0,0.0,0.0,0.0,0.0,0.0,0.001786636407209481,0.001786636407209481,0.0,0.0,0.0,0.0,0.0,0.0,0.0,0.0,0.0,0.0,0.0,0.0,0.0,0.0,0.0,442.0869737433151,0.0,0.0,0.0,0.0,0.0,0.0,0.0,0.0,0.0,0.0,0.0,87.73007042974332,0.0,379.2071416167553,1000.0,0.0,0.0,0.0,10.719818443256582,0.0,0.0,0.0,0.0,0.0,0.0,-10.719818443256582,0.0,87.73007042974332,0.0,0.0,0.0,0.0,0.0,0.0,0.0,0.0,0.0,0.0,-1000.0,-1000.0,12.238459389384596,0.0,-5.359909221628291,0.0,116.8546219069584,0.0,0.0,0.0,0.0,0.0,0.0,0.0,0.0,0.0,0.0,0.0,0.0,0.0,0.0,0.0,0.0,0.0,-2.233295509011788,398.9771118305534,-1.3399773054070727,444.7669283541293,0.0,0.0,0.0,0.0,0.0,-0.22332955090117879,0.0,136.1392328687485,0.0,0.0,0.0,0.0,0.0,0.0,0.0,846.0079105936691,5.359909221628291,5.359909221628291,0.0,0.0,0.0,0.0,568.6521182860382,0.0196530004793214,442.0869737433151,0.0,0.0,-116.85462190695839,0.0,0.0,0.0,0.0,0.0,0.0,0.0,0.0,0.0,0.0,0.0,0.0,0.0,0.0,114.41511081396433,0.0,0.0,0.0,0.0,18.759682275699017,45.240745248422925,0.0,0.0,0.0,0.0,0.0,442.0869737433151,0.0,-45.81604217154431,0.0,0.0,0.0,-2.233295509011788,0.0,0.0,0.0,0.0,0.0,0.0,0.0,0.0,0.0,0.0,0.0,0.0,0.0,0.0,0.0,0.0,0.0,0.0,-0.0178663640720943,0.0,0.0,0.893318203604715,119.68755086820676,0.0,0.0,0.0,0.0,398.9771118305534,0.0,0.0,0.0,1.5382939466073366,0.4466591018023575,0.0,0.0,0.0,0.0178663640720943,0.0,17.8663640720943,-5.538572862349233,3.5732728144188606,0.127616886229245,49.8471557611431,-0.013399773054070726,451.94963141744483,0.357327281441886,-0.0893318203605874,-49.8471557611431,5.359909221628291,-0.01786636407209429,0.0,104.96032629193937,0.0044665910180235755,0.127616886229245,0.0,-46.709360375149025,-0.357327281441886,-51.320958253404456,-0.017866364072094302,0.0044665910180235755,-49.8471557611431,282.9799837341885,0.01786636407209429,0.0178663640720943,-442.0494543787637,-43.84538221439236,0.0,-0.013399773054070726,5.359909221628291,0.017866364072094302,5.359909221628291,-8.933182036047151,-0.008933182036047151,-27.884700437829963,168.1271243488817,-0.013399773054070726,-0.017866364072094302,-5.538572862349233,0.0178663640720943,1.78663640720943,-0.357327281441886,229.04548471039016,229.04548471039016,-1.7866364072094143,51.320958253404456,-229.04548471039016,3.57327281441886,0.02679954610814145,211.91463099002272,1.78663640720943,-293.78258741533483,104.96032629193937,-3.57327281441886,0.008933182036047151,0.17866364072094304,98.92102942738124,280.0,-0.0178663640720943,-446.1069056595351,442.0494543787637,5.538572862349233,0.017866364072094302,46.709360375149025,-197.6726579215529,104.96032629193937,-0.0178663640720943,-0.0044665910180235755,-104.96032629193937,-0.0178663640720943,-98.21336359279057,0.017866364072037455,-0.0044665910180235755,-0.0044665910180235755,-0.0044665910180235755,7.14654562883772,8.933182036047151,0.17866364072094304,13.236742481914632,-0.0044665910180235755,197.84205885476248,0.893318203604715,50.0,0.0178663640720943,0.008933182036047151,0.00893318203604715,54.26679955317911,5.538572862349233,0.0178663640720943,-5.538572862349233,0.17866364072094304,0.017866364072094302,-13.236742481914632,0.017866364072094302,0.07146545628847889,0.0893318203605874,0.008933182036047151,0.0044665910180235755,5.359909221628291,-0.017866364072094302,0.0,0.178663640720943,-26.473484963829264,451.50297231564247,-1.78663640720943,3.57327281441886,0.893318203604715,-0.017866364072094302,0.0,0.02679954610814145,-0.017866364072094302,-108.53359910635822,5.538572862349233,301.8205770173514,0.008933182036047151,-100.0,-0.017866364072094302,-0.017866364072037455,-0.0178663640720943,0.008933182036047151,49.8471557611431,-3.57327281441886,0.0178663640720943,197.84205885476248,-0.0044665910180235755,43.84538221439236,-197.84205885476248,2.679954610814145,-168.1271243488817,-439.95295079261297,49.8471557611431,-0.013399773054070726,446.1069056595351,-280.0,0.017866364072094302,-0.004466591018023577,0.893318203604715,17.8663640720943,-0.008933182036047151,-0.017866364072094302,0.0044665910180235755,1000.0,0.0,-511.9235641720588,0.0,-255.0,0.0,28.23422452946619,97.81851694679727,281.1933473269791,1000.0,-255.0,-288.54319097408484,-300.0,-500.0,127.5,127.5,-281.1933473269791,-48.90925847339864,-442.0869737433151,-238.544609158021,300.0,288.54319097408484,-238.544609158021,-28.23422452946619,112.06012302190483,0.0,1496.5981,hplb
129,0.0,0.0,0.0,0.0,0.0,0.0,0.0,0.0,-0.024000832609749948,0.0,0.0,0.0,0.0,0.0,0.0,0.0,24.824750536462034,275.17524946353797,0.0,0.0,0.0,0.0,0.0,1000.0,0.0,0.0,0.0,0.0,0.0,0.0,0.0,0.0,21.76594803683325,0.0,0.0,0.0,0.0,979.0423438650712,0.0,-1000.0,138.95228965127762,0.0,-950.3504989270759,0.0,0.0,0.0,0.0,0.0,0.0,-332.81134340393686,0.0,0.0,0.0,0.02640091587070605,0.0,0.0,0.0,0.0,0.0,0.0,105.3727603106068,0.0,-587.2520762732968,-804.3386168700063,0.0,0.0,0.0,0.0,0.0,668.6172508440684,0.0,0.24000832609749953,0.0,0.0,0.0,0.0,0.0,0.0,0.0,0.0,0.0,0.0,-277.28913381021664,0.0,14.400499565849971,0.0,0.0,-420.0599333073132,695.2351827708512,300.0,-0.006000208152437487,0.0,0.0,0.0,7.200249782924986,0.0,7.200249782924986,0.0,0.0,0.0,90.73212331856405,1.2000416304874975,0.0,0.0,0.0,-59.68293238792913,0.0,855.8091212815052,0.0,0.0,0.0,0.0,0.0,0.0,0.0,0.0,0.0,0.0,0.0,0.0,0.0,0.0,0.0,0.0,-441.95624480484923,0.0,0.0,7.200249782924986,0.0,7.440258109022485,7.440258109022485,0.0,0.0,0.0,0.0,0.0,0.0,0.0,0.0,-322.4593009073162,0.0,0.0,0.0,0.0,0.0,279.1371979211674,0.024000832609749948,0.0,0.0,0.0,0.0,0.0,0.0,0.0,0.0,0.0,219.71507258949896,0.0,0.0,0.0,0.0,0.0,76.75330216495304,76.75330216495304,0.0,0.0,0.0,0.0,0.0,0.0,0.0,76.77730299756278,0.0,0.0,0.0,325.7618803626108,0.0,0.0,0.0,0.0,0.0,0.0,0.0,0.0,0.0,0.0,-1000.0,0.0,0.0,0.0,0.0,-1000.0,0.0,0.0,0.0,0.0,0.0,332.81134340393686,950.3504989270759,-695.2351827708512,695.2351827708512,96.27480862272068,0.0,0.0,0.0,0.0,0.0,0.0,0.0,-682.8002705981687,0.0,0.0,0.0,0.0,0.0,0.0,0.0,0.0,0.0,0.0,0.0,0.0,0.0,0.0,-90.39966695610002,-975.175249463538,0.0,0.0,0.0,0.0,-96.27480862272068,0.0,0.0,0.0,0.0,105.3727603106068,-975.175249463538,0.0,0.0,0.0,0.0,0.0,0.0,0.0,0.0,720.8628020788326,4.80016652194999,0.0,0.0,-157.56945373499207,282.55041287963445,-164.94461715108855,0.0,975.175249463538,0.0,0.0,322.4593009073162,0.0,0.0,0.0,0.0,56.50035415301051,0.0,0.0,-582.8031919957498,-881.6158224339878,0.0,298.812630438238,0.0,881.6158224339878,0.0,0.0,0.0,332.81134340393686,0.0,81.84283919924734,0.0,0.0,0.0,-473.14695540048933,0.0,473.14695540048933,0.0,76.72930133234328,226.18449228459554,0.0,-742.4832029860978,0.0,0.0,0.0,105.3727603106068,-0.036001248914624924,0.0,0.0,0.0,0.0,0.024000832609749948,0.0,0.0,0.0,271.9369481382424,24.824750536462034,0.0,-424.4719529180862,464.2083727856423,0.0,83.75442825685772,0.0,-823.3750670840434,0.0,-59.68293238792913,0.0,0.0,0.0,370.483179174332,0.0,452.89188790971144,0.0,-1000.0,0.0,0.0,0.0,0.0,0.0,0.0,0.0,0.0,0.0,0.0,0.0,0.0,0.0,0.0,0.0,0.0,0.0,-20.861652804489665,0.0,-1000.0,0.0,0.0,720.0899752687989,0.0,796.9270190150521,0.0,-1000.0,0.0,368.0212571287807,0.0,0.0,0.0,0.0,0.0,0.0,-376.44761298842366,0.0,-1000.0,-1.2000416304874975,0.0,-857.7586598807712,0.0,-1.2000416304874761,1000.0,375.8475921731799,0.0,0.0,0.0,-991.9018921669015,653.1878000304062,1000.0,7.200249782924986,0.0,0.0,0.0,0.0,0.0,0.0,0.0,0.0,0.0,0.0,68.83270666215208,0.0,0.0,0.0,0.0,0.0,0.0,0.0,0.0,-111.71378028610253,0.0,0.0,62.39811117734487,0.0,0.0,0.0,0.0,-97.599916739025,0.04800166521951593,0.0,0.0,0.0,0.0,0.0,0.0,0.0,66.912373729047,0.0,442.43275855947286,0.0,0.0,0.0,0.0,0.0,0.0,0.0,0.0,0.0,0.02640091587070605,0.02640091587070605,0.0,275.19983347805,0.0,14.400499565849971,0.0,0.0,0.0,1000.0,0.0,0.0,0.0,0.0,0.0,430.99442324323496,-1000.0,0.0,0.0,0.0,0.0,0.0,62.39811117734487,0.0,0.0,0.0,0.0,0.0,0.0,0.0,147.3187482682831,-271.9369481382424,0.0,0.0,1.8480641109507587,0.0,0.0,0.0,0.0,0.0,430.99442324323496,0.0,333.39450650420997,0.0,0.0,0.0,0.0,0.0,0.0,0.0,0.0,0.0,0.0,0.0,0.0,0.0,0.0,0.0,0.0,0.0,14.400499565849971,322.4593009073162,322.4593009073162,0.0,0.0,0.0,0.0,0.0,0.0,0.0,0.0,0.0,0.0,0.24000832609749953,0.0,0.0,0.0,0.0,0.0,950.3504989270759,0.0,0.0,7.200249782924986,0.0,0.0,0.0,0.0,0.0,0.0,0.0,0.0,0.0,0.0,778.4085551832443,29.43514136871181,0.0,7.200249782924986,7.200249782924986,1000.0,-1000.0,0.0,62.39811117734487,0.0,0.0,0.0,0.0,0.0,-1000.0,0.0,-723.3890003414517,0.024000832609749948,0.0,0.0,-972.8032308975891,974.7387266130468,0.0,66.912373729047,0.0,0.0,-226.18449228459554,0.0,0.0,0.0,0.0,0.0,0.0,0.0,0.0,0.0,0.0,0.0,0.0,0.024000832609749948,0.0,0.0,0.0,0.0,0.0,0.0,0.0,0.0,0.0,-379.15175085470383,467.26298325228333,0.0,0.0,-979.1383471955103,-1.8000624457312142,0.0,-1.2000416304874975,0.0,0.0,0.0,0.0,0.0,0.0,0.0,0.0,0.0,0.0,0.0,322.4593009073162,0.0,0.0,0.0,9.298149463586036,0.0,0.0,0.0,-0.024000832609749948,0.0,0.0,0.024000832609749948,0.0,0.024000832609749948,0.0,0.0,0.0,14.400499565849971,29.281015783894944,29.281015783894944,0.0,0.0,0.0,0.0,0.0,0.0,368.0212571287807,0.0,0.0,0.0,0.0,0.0,372.54965086203146,0.0,0.0,0.0,0.0,0.0,0.0,0.0,0.0,0.0,0.0,0.0,0.0,0.0,0.0,0.0,0.0,-422.0840684412759,422.0840684412759,0.036001248914624924,0.0,0.0,0.0,-7.200249782924986,0.0,0.0,0.0,0.0,0.0,-275.19983347805,1.2000416304874975,0.0,0.0,0.0,0.0,0.0,1000.0,-1.2000416304874975,0.0,0.0,0.0,0.0,0.0,0.0,0.0,322.4593009073162,0.0,0.0,35.40953158189791,275.19983347805,0.0,320.19983347805,-59.68293238792913,0.0,379.15175085470383,368.0212571287807,-747.1730079834845,0.0,-29.281015783894944,0.0,1.2000416304874975,891.8378477609007,0.0,0.0,0.0,-111.71378028610253,0.0,0.0,0.0,0.0,0.0,0.0,0.0,0.0,0.0,996.3998751085375,0.0,29.281015783894944,0.0,0.0,0.0,0.0,0.0,0.0,0.0,0.0,0.0,720.8628020788326,0.0,0.0,280.60002081524374,-444.36825427493056,0.0,-950.3504989270759,7.200249782924986,0.0,0.0,0.0,0.0,-2.8893744232494214,0.0,0.0,0.02640091587070605,0.0,0.0,0.0,14.640507891947472,0.0,0.0,0.0,0.0,-90.39966695610002,0.0,0.0,0.0,0.0,0.0,0.0,0.0,0.0,-931.1070847701237,0.0,814.1398131688907,0.0024000832609750635,0.0,0.0,0.0,0.0,0.0,0.0,0.0,0.0,0.0,-972.8032308975891,0.0,0.0,0.0,0.0,0.0,275.19983347805,0.0,0.0,0.0,0.0,0.0,0.0,0.0,332.81134340393686,0.0,0.0,0.0,0.0,0.0,1000.0,275.17524946353797,0.0,0.0,0.0,14.400499565849973,0.0,0.0,0.0,0.0,0.0,-573.1494318962846,558.7489323304346,0.0,0.0,0.0,0.0,0.0,0.0,0.0,0.0,0.0,0.0,0.0,0.0,723.3890003414517,-1000.0,388.99022119971016,-78.89960106331404,71.69935128038905,0.0,979.0423438650712,0.0,0.0,0.0,0.0,0.0,0.0,0.0,0.0,0.0,0.0,0.0,0.0,0.0,0.0,0.0,0.0,0.0,-3.0001040762187117,322.4593009073162,-1.8000624457312142,370.7495884163002,0.0,0.0,0.0,0.0,0.0,-0.3000104076218744,0.0,111.71378028610253,0.0,0.0,0.0,0.0,0.0,0.0,0.0,1000.0,7.200249782924986,7.200249782924986,0.0,0.0,0.0,0.0,0.0,0.02640091587070605,275.19983347805,0.0,0.0,-979.0423438650712,814.1374130856296,0.0,0.0,0.0,0.0,0.0,0.0,0.0,0.0,0.0,0.0,0.0,0.0,0.0,211.04203422063796,0.0,0.0,7.440258109022485,0.0,25.200874240237454,369.86932123973145,0.0,0.0,0.0,0.0,0.0,275.19983347805,0.0,-279.91002473120113,0.0,0.0,0.0,-3.0001040762187117,0.0,0.0,0.0,0.0,0.0,0.0,0.0,0.0,0.0,0.0,0.0,0.0,0.0,0.0,0.0,0.0,0.0,0.0,-0.024000832609749948,0.0,0.0,1.2000416304874975,-430.99442324323496,0.0,0.0,0.0,0.0,322.4593009073162,0.0,0.0,0.0,-370.483179174332,0.6000208152437059,0.0,0.0,0.0,0.024000832609749948,0.0,24.00083260974995,0.0,4.80016652194999,0.17143451864107107,81.84283919924734,-0.018000624457312462,1.2000416304874761,0.480016652194999,-0.12000416304889583,-81.84283919924734,7.200249782924985,-0.024000832609750007,19.894310795976377,62.39811117734487,0.006000208152437487,0.17143451864107107,-59.68293238792913,-3.8209325514719907,-0.480016652194999,-300.0,-0.024000832609749948,0.006000208152437487,-81.84283919924734,256.8198574155486,0.024000832609749948,0.024000832609749948,-275.1494317295695,0.02640091587077265,0.0,-0.018000624457312462,7.200249782924986,0.024000832609749948,7.200249782924985,-12.000416304874975,-0.012000416304874974,-100.3492078136407,93.85072452913595,-0.018000624457312462,-0.024000832609749948,0.0,0.024000832609749948,2.400083260974995,-0.480016652194999,0.0,0.0,-2.400083260975009,300.0,0.0,4.80016652194999,0.036001248914624924,-1000.0,2.400083260974995,-147.3187482682831,62.39811117734487,-4.80016652194999,0.012000416304874974,0.24000832609749953,106.11798822952154,280.0,-0.024000832609749948,-280.60002081524374,275.1494317295695,7.440258109022485,0.024000832609749948,3.8209325514719907,-220.82266210892874,62.39811117734487,-0.024000832609749948,-0.006000208152437487,-62.39811117734487,-0.024000832609749948,-97.599916739025,0.024000832609749948,-0.006000208152437487,-0.006000208152437487,-0.006000208152437487,9.60033304389998,12.000416304874975,0.24000832609749953,258.9607183710189,-0.006000208152437487,192.34166566306672,1.2000416304874975,50.0,0.024000832609749948,0.012000416304874974,0.012000416304874974,-79.49310729265034,0.0,0.024000832609749948,0.0,0.24000832609749953,0.024000832609749948,-741.3189213935583,0.024000832609749948,0.0960033304390322,0.12000416304889583,0.012000416304874974,0.006000208152437487,7.200249782924986,-0.024000832609749948,0.0,0.2400083260974995,-517.9214367420378,0.6000208152437274,-2.400083260974995,4.80016652194999,1.2000416304874975,-0.024000832609749948,59.68293238792913,0.036001248914624924,-0.024000832609749948,158.98621458530067,0.0,217.8945788181442,0.012000416304874974,-100.0,-0.024000832609749948,-0.024000832609749948,-0.024000832609749948,0.012000416304874974,81.84283919924734,-4.80016652194999,0.024000832609749948,212.2359764590431,-0.006000208152437487,-0.02640091587077265,-212.2359764590431,3.6001248914624924,-93.85072452913595,529.3613866498195,81.84283919924734,-0.018000624457312462,280.60002081524374,-280.0,0.024000832609749948,-0.006000208152437488,1.2000416304874975,24.00083260974995,-0.012000416304874974,-0.024000832609749948,0.006000208152437487,1000.0,0.0,699.9879995836951,482.3582030225394,195.4127624007244,0.0,133.7520395487719,-81.97929882543782,254.4197741545736,-80.0,-13.949940796172939,-325.0,-300.0,40.0,-97.7063812003622,6.9749703980864695,-254.4197741545736,40.98964941271891,-275.19983347805,-215.00520439489478,300.0,325.0,-215.00520439489478,-133.7520395487719,176.08730919836282,0.0,1496.5981,hplb
130,0.0,0.0,0.0,0.0,0.0,0.0,0.0,0.0,234.9171809294852,0.0,0.0,0.0,0.0,0.0,0.0,0.0,559.6295110345482,-457.2982624207301,0.0,0.0,0.0,0.0,0.0,647.8120755072284,0.0,0.0,0.0,0.0,0.0,203.5649959026255,0.0,0.0,19.142632595626825,0.0,0.0,0.0,0.0,579.5891477916621,0.0,-1000.0,923.5973287861473,0.0,0.0,124.76076442476432,0.0,0.0,0.0,0.0,-452.5822776809621,0.0,0.0,666.6767443881342,0.0,0.014305451985920366,0.0,0.0,0.0,2.6009912701767615,0.0,0.0,-130.4988354849189,0.0,-766.1112687765892,-896.6101042615081,0.0,0.0,0.0,0.0,360.47490868736935,0.0,0.0,0.13004956350883806,0.0,0.0,0.0,0.0,0.0,0.0,0.0,0.0,0.0,0.0,0.0,0.0,7.802973810530284,0.0,129.35353232895116,890.6098908587313,11.504105635512246,0.0,-0.003251239087720952,0.0,0.0,416.2237863671045,3.901486905265142,0.0,76.4026712138527,-238.1167280888542,0.0,0.0,0.0,0.6502478175441904,0.0,0.0,0.0,0.0,0.0,0.0,0.0,0.0,0.0,0.0,0.0,0.0,0.0,0.0,0.0,0.0,0.0,0.0,0.0,0.0,0.0,0.0,-576.3235218273396,0.0,0.0,76.4026712138527,0.0,4.03153646877398,4.03153646877398,0.0,0.0,0.0,0.0,0.0,-201.60362101617758,0.0,0.0,201.60362101617758,0.0,0.0,0.0,0.0,0.0,130.35491396796922,0.013004956350883806,0.0,0.0,0.0,0.0,0.0,0.0,0.0,0.0,0.0,296.6030665914463,0.0,0.0,0.0,0.0,0.0,134.44018747785753,134.44018747785753,0.0,0.0,0.0,0.0,843.7500000000007,0.0,0.0,134.45319243420843,0.0,0.0,0.0,-99.43848011630095,0.0,0.0,0.0,0.0,0.0,0.0,0.0,0.0,0.0,0.0,0.0,0.0,0.0,0.0,0.0,-76.4026712138527,0.0,0.0,0.0,0.0,0.0,0.0,-666.6767443881342,228.64913121036506,-228.64913121036506,0.0,0.0,0.0,0.0,0.0,0.0,0.0,203.5649959026255,-679.2266108140373,0.0,0.0,0.0,0.0,0.0,0.0,0.0,0.0,0.0,0.0,0.0,0.0,0.0,413.9619773744291,-22.29683315105892,356.0645151319227,0.0,0.0,0.0,0.0,0.0,0.0,0.0,0.0,0.0,-130.4988354849189,231.30375070715837,0.0,0.0,330.8231597592883,0.0,0.0,0.0,0.0,0.0,0.0,0.0,72.50118430858755,0.0,559.6100036000219,342.4649780251691,0.0,0.0,-356.0645151319227,0.0,0.0,0.0,350.86141894498144,0.0,0.0,0.0,-167.76994696668476,0.0,0.0,16.321824662260653,0.0,0.0,16.321824662260653,0.0,0.0,240.1532368458773,0.0,0.0,0.0,0.0,44.34690115651377,0.0,0.0,0.0,0.0,0.0,0.0,0.0,89.35199660254796,0.0,0.0,0.0,0.0,0.0,0.0,-130.4988354849189,-0.01950743452632571,0.0,0.0,0.0,0.0,0.013004956350883806,0.0,0.0,0.0,0.0,559.6295110345482,0.0,-735.5246519232521,652.1840212331189,0.0,1000.0,0.0,0.0,0.0,0.0,0.0,0.0,0.0,179.3640412330652,0.0,-179.3640412330652,-141.48025692098372,-1000.0,0.0,0.0,0.0,0.0,0.0,0.0,0.0,0.0,0.0,0.0,0.0,0.0,0.0,0.0,0.0,0.0,330.8231597592883,-420.35883238293457,0.0,-1000.0,0.0,0.0,237.69796849435588,0.0,0.0,436.6823960571693,213.3951070904233,0.0,0.0,0.0,561.9606228034921,0.0,429.9092745143336,0.0,-250.1282586455475,694.9942758934129,-790.384183201703,-303.00247636540865,-0.6502478175441904,-580.5915232717682,0.0,0.0,0.0,378.2189952442917,-695.319399802185,0.0,0.0,0.0,555.5866829619204,1000.0,0.0,76.4026712138527,312.4999999999378,-312.4999999999378,0.0,0.0,0.0,234.9301858858361,0.0,-413.9619773744291,413.9619773744291,413.9619773744291,252.39900872982324,0.0,0.0,-342.9854110678948,0.0,0.0,203.5649959026255,0.0,0.0,-2.2906063119355053,0.0,0.0,0.0,0.0,0.0,0.0,0.0,-98.69950436491162,0.026009912701771682,0.0,0.0,0.0,0.0,0.0,0.0,0.0,0.0,0.0,360.47490868736935,0.0,0.0,0.0,0.0,0.0,0.0,0.0,0.0,0.0,0.014305451985920366,0.014305451985920366,0.0,298.4884906649325,0.0,7.802973810530284,0.0,0.0,0.0,1000.0,0.0,37.11149105551874,129.35353232895116,0.0,0.0,838.5839833232346,-1000.0,0.0,0.0,251.70039718114103,0.0,0.0,0.0,0.0,0.0,0.0,0.0,0.0,0.0,0.0,192.1078406091132,0.0,0.0,249.4780108280033,258.66858016524577,0.0,852.9691981917723,-436.7454118246678,-436.7454118246678,0.0,838.5839833232346,0.0,739.884478958323,0.0,0.0,0.0,413.9619773744291,0.0,0.0,0.0,0.0,0.0,0.0,0.0,0.0,0.0,0.0,0.0,0.0,0.0,7.802973810530284,0.0,0.0,0.0,0.0,0.0,0.0,0.0,0.0,0.0,0.0,0.0,0.0,0.13004956350883806,0.0,0.0,129.35353232895116,-129.35353232895116,0.0,-666.6767443881342,0.0,0.0,76.4026712138527,-251.70039718114103,0.0,0.0,128.31366619727655,249.4780108280033,0.0,0.0,0.0,0.0,0.0,1000.0,0.0,0.0,3.901486905265142,3.901486905265142,1000.0,-1000.0,0.0,0.0,0.0,0.0,0.0,0.0,0.0,-858.5197430790163,203.5649959026255,-894.1522300605709,0.013004956350883806,0.0,0.0,0.0,1.0487568371534157,0.0,0.0,-416.2237863671045,0.0,0.0,0.0,0.0,0.0,0.0,0.0,0.0,0.0,0.0,0.0,0.0,0.0,0.0,0.013004956350883806,0.0,0.0,0.0,0.0,0.0,0.0,0.0,0.0,0.0,0.0,1000.0,0.0,-548.9069244152208,-579.6411676170654,-0.9753717263162855,-0.6502478175441808,0.0,0.0,0.0,0.0,0.0,0.0,0.0,0.0,0.0,0.0,0.0,0.0,0.0,0.0,0.0,0.0,556.2369307794645,0.0,0.0,0.0,234.9171809294852,0.0,0.0,0.013004956350883806,0.0,0.013004956350883806,0.0,0.0,0.0,7.802973810530284,15.866046748078244,15.866046748078244,0.0,0.0,0.0,0.0,0.0,0.0,0.0,0.0,0.0,203.5649959026255,0.0,0.0,0.0,180.48376797487626,0.0,0.0,0.0,0.0,0.0,0.0,0.0,0.0,0.0,0.0,0.0,0.0,0.0,0.0,0.0,-784.8847176930532,784.8847176930532,0.01950743452632571,0.0,0.0,0.0,-76.4026712138527,0.0,0.0,0.0,0.0,0.0,-298.4884906649325,0.6502478175441904,0.0,0.0,0.0,0.0,-843.7500000000007,-213.3951070904233,0.0,0.0,0.0,0.0,0.0,0.0,0.0,0.0,0.0,0.0,251.70039718114103,563.8750060080902,-115.47348670949663,0.0,322.39900872982327,0.0,0.0,0.0,548.9069244152208,-548.9069244152208,0.0,334.9953721969032,0.0,0.6502478175441904,1000.0,0.0,0.0,0.0,-260.9976709698378,0.0,0.0,0.0,0.0,0.0,-343.7500210583925,0.0,0.0,0.0,137.7967172209136,-139.74746067354621,15.866046748078244,0.0,0.0,0.0,0.0,0.0,0.0,0.0,0.0,0.0,0.0,0.0,0.0,161.6671451703352,-361.52366552452276,-1000.0,0.0,3.901486905265142,129.35353232895116,0.0,0.0,0.0,81.3708249287663,0.0,0.0,0.014305451985920366,0.0,0.0,0.0,7.933023374039122,0.0,0.0,0.0,0.0,-22.29683315105892,0.0,0.0,0.0,0.0,0.0,0.0,0.0,0.0,-436.12499399190983,0.0,0.0013004956350883459,0.0013004956350883459,0.0,0.0,0.0,0.0,0.0,0.0,0.0,0.0,0.0,0.0,0.0,0.0,0.0,0.0,0.0,298.4884906649325,0.0,0.0,0.0,0.0,0.0,0.0,0.0,0.0,0.0,0.0,0.0,258.7070646579023,0.0,0.0,-457.2982624207301,0.0,0.0,0.0,7.802973810530284,0.0,0.0,0.0,0.0,0.0,0.0,-7.802973810530284,0.0,258.7070646579023,0.0,0.0,0.0,0.0,0.0,0.0,0.0,0.0,0.0,0.0,894.1522300605709,-1000.0,189.39216307523165,0.0,-76.4026712138527,0.0,579.5891477916621,0.0,0.0,0.0,0.0,0.0,0.0,0.0,0.0,0.0,0.0,0.0,0.0,0.0,0.0,0.0,0.0,0.0,-1.6256195438604664,0.0,-0.9753717263162855,319.2558569221061,0.0,0.0,0.0,0.0,0.0,-0.1625619543860476,0.0,2.2906063119355053,0.0,0.0,0.0,0.0,0.0,0.0,0.0,1000.0,3.901486905265142,3.901486905265142,0.0,0.0,0.0,0.0,0.0,0.014305451985920366,298.4884906649325,0.0,0.0,-579.5891477916621,0.0,0.0,0.0,0.0,0.0,0.0,0.0,0.0,0.0,0.0,0.0,0.0,0.0,0.0,392.4423588465266,0.0,0.0,4.03153646877398,0.0,13.655204168427998,130.35491396796922,0.0,0.0,0.0,0.0,0.0,298.4884906649325,0.0,212.3260996783809,0.0,0.0,0.0,-1.6256195438604664,0.0,0.0,0.0,0.0,0.0,0.0,0.0,0.0,0.0,0.0,0.0,0.0,0.0,0.0,0.0,0.0,0.0,0.0,-0.013004956350883806,0.0,0.0,0.6502478175441904,-838.5839833232346,0.0,0.0,0.0,0.0,0.0,0.0,0.0,0.0,-179.3640412330652,0.3251239087720952,0.0,0.0,0.0,0.013004956350883806,0.0,13.004956350883807,0.0,2.6009912701767615,0.09289254536345577,44.34690115651377,-0.009753717263162855,0.6502478175441904,0.2600991270176762,-0.06502478175423221,-44.34690115651377,3.901486905265142,-0.013004956350883808,0.0,0.0,0.003251239087720952,0.09289254536345577,0.0,-131.42392138001162,-0.2600991270176762,-102.33124861381805,-0.013004956350883808,0.003251239087720952,-44.34690115651377,1.3004956350883807,0.013004956350883808,0.013004956350883806,-298.4611802565957,-129.33922687696517,-117.84213696053845,-0.009753717263162855,3.901486905265142,0.013004956350883808,76.4026712138527,65.99870613314565,-0.006502478175441904,-178.76092963090784,-1.3135005914392646,-0.009753717263162855,-0.013004956350883808,0.0,0.013004956350883806,1.3004956350883958,-0.2600991270176762,0.0,0.0,-1.3004956350883807,102.33124861381805,0.0,2.6009912701767615,0.01950743452632571,99.85173077060415,1.3004956350883807,-192.1078406091132,0.0,-2.6009912701767615,0.006502478175441904,0.13004956350883806,183.88116298081303,-112.87249543931986,-0.013004956350883806,-301.4146058438814,298.4611802565957,4.03153646877398,0.013004956350883808,131.42392138001162,-88.10713192964771,0.0,-0.013004956350883806,-0.003251239087720952,0.0,-0.013004956350883808,-98.69950436491162,0.013004956350883808,-0.003251239087720952,-0.003251239087720952,-0.003251239087720952,5.201982540353523,-65.99870613314565,0.13004956350883806,9.635047036460481,-0.003251239087720952,367.76232596162606,0.6502478175441904,50.0,0.013004956350883806,0.006502478175441904,0.006502478175441904,1.3004956350883807,0.0,0.013004956350883806,0.0,0.13004956350883806,0.013004956350883808,-9.635047036460481,0.013004956350883808,0.05201982540336303,0.06502478175423221,0.006502478175441904,0.003251239087720952,3.901486905265142,-0.013004956350883808,117.84213696053845,0.1300495635088381,-19.270094072920962,0.3251239087720952,-1.3004956350883958,2.6009912701767615,0.6502478175441904,-0.013004956350883808,0.0,0.01950743452632571,-0.013004956350883808,-2.6009912701767615,0.0,30.72915988398033,0.006502478175441904,-100.0,-0.013004956350883808,-0.013004956350883808,-0.013004956350883808,0.006502478175441904,44.34690115651377,-2.6009912701767615,0.013004956350883806,367.76232596162606,-0.003251239087720952,129.33922687696517,-367.76232596162606,1.9507434526325707,1.3135005914392646,-441.61067847313217,44.34690115651377,-0.009753717263162855,301.4146058438814,112.87249543931986,0.013004956350883808,-0.0032512390877209524,562.6108706210363,13.004956350883807,-0.006502478175441904,-0.013004956350883808,0.003251239087720952,1000.0,0.0,-340.0114700946569,0.0,333.7168340451478,0.0,56.38603076903935,-19.430042130981303,0.0,-80.0,-255.0,-325.0,-240.1532368458773,40.0,-166.8584170225739,127.5,0.0,9.715021065490651,-298.4884906649325,-112.09998481274663,240.1532368458773,325.0,-112.09998481274663,-56.38603076903935,71.59633353179933,0.0,1496.5981,hplb
131,0.0,0.0,0.0,0.0,0.0,0.0,0.0,0.0,0.0,0.0,0.0,0.0,0.0,0.0,0.0,0.0,64.26265454332679,0.0,0.0,235.7373454566732,0.0,0.0,0.0,612.0159472817811,0.0,0.0,0.0,0.0,0.0,293.4862689873987,13.223189303873976,-13.223189303873976,140.0,0.0,0.0,0.0,0.0,39.27268740764839,0.0,-946.0717041268019,1000.0,0.0,0.0,498.4500874153057,0.0,0.0,0.0,0.0,0.0,-367.2324766919503,0.0,0.0,0.0,0.0,0.0,0.0,0.0,0.0,0.0,0.0,166.14316157744358,0.0,228.66955620446603,-116.839956254295,0.0,0.0,0.0,0.0,604.6658509832978,-381.2617440122177,0.0,0.0,0.0,0.0,0.0,0.0,0.0,0.0,0.0,499.84798443607707,0.0,0.0,0.0,0.0,0.0,0.0,0.0,600.0,1000.0,-700.0,0.0,0.0,0.0,-472.921754520639,0.0,0.0,0.0,-13.223189303873767,0.0,0.0,0.0,410.4265276627982,293.4862689873987,0.0,0.0,0.0,0.0,0.0,0.0,0.0,0.0,0.0,0.0,0.0,0.0,0.0,0.0,0.0,0.0,0.0,0.0,0.0,0.0,0.0,-546.8866629985948,0.0,0.0,0.0,0.0,0.0,0.0,0.0,-99.3935108896375,99.3935108896375,0.0,0.0,0.0,0.0,0.0,-511.6526740362046,0.0,0.0,0.0,0.0,0.0,0.0,0.0,0.0,0.0,0.0,0.0,0.0,0.0,0.0,98.01961316691184,0.0,176.76136754597508,0.0,0.0,0.0,0.0,0.0,15.937344219755598,15.937344219755598,0.0,0.0,0.0,0.0,0.0,0.0,0.0,29.160533523629574,0.0,0.0,0.0,-459.30891409126093,0.0,0.0,0.0,0.0,0.0,0.0,0.0,0.0,0.0,0.0,-290.2122728481299,0.0,0.0,0.0,0.0,-1000.0,0.0,0.0,0.0,0.0,0.0,367.2324766919503,0.0,0.0,0.0,171.06422356913305,0.0,0.0,0.0,0.0,0.0,0.0,0.0,-675.0,0.0,0.0,0.0,0.0,0.0,0.0,0.0,0.0,0.0,0.0,0.0,0.0,0.0,334.0595694797329,1.096892503524885,-357.7489235307255,0.0,0.0,0.0,117.18434349599147,31.01402191022794,0.0,0.0,0.0,0.0,166.14316157744358,-856.1990109460316,13.223189303873976,0.0,0.0,0.0,0.0,0.0,0.0,0.0,0.0,0.0,0.0,0.0,-1000.0,0.0,600.0,0.0,357.7489235307255,0.0,0.0,511.6526740362046,-625.239136585655,0.0,0.0,0.0,10.86148211659463,0.0,0.0,-458.1251150081426,0.0,-344.52790630014505,-113.59720870799754,-344.52790630014505,0.0,1000.0,0.0,-364.2626545433268,367.2324766919503,0.0,-202.078245479361,0.0,0.0,0.0,-1000.0,0.0,1000.0,0.0,29.160533523629574,223.40410697108007,117.18434349599147,0.0,0.0,0.0,0.0,166.14316157744358,0.0,0.0,0.0,0.0,0.0,0.0,0.0,0.0,0.0,797.9217545206391,64.26265454332679,0.0,-570.9206881594913,660.0,0.0,1000.0,0.0,397.37936644249794,0.0,0.0,0.0,0.0,0.0,0.0,602.6206335575021,-1000.0,-1000.0,-1000.0,0.0,0.0,0.0,0.0,0.0,0.0,0.0,0.0,0.0,0.0,0.0,0.0,0.0,0.0,0.0,0.0,0.0,-960.7273125923516,0.0,-1000.0,0.0,0.0,0.0,665.1546458640414,0.0,939.8439298199856,13.223189303873994,0.0,0.0,0.0,0.0,410.4265276627982,-207.2864845407999,498.4922567909373,-964.4045754307969,0.0,-1000.0,762.4233435696779,0.0,819.4977861683833,180.5022138316167,-498.4922567909373,0.0,1000.0,0.0,0.0,618.8384004425396,0.0,0.0,-186.65177463481325,-373.2872524339517,0.0,0.0,0.0,0.0,0.0,0.0,0.0,0.0,-334.0595694797329,334.0595694797329,334.0595694797329,255.0,0.0,0.0,0.0,0.0,0.0,0.0,0.0,0.0,-179.36635088131743,0.0,0.0,0.0,0.0,0.0,0.0,0.0,1.096892503524885,0.0,0.0,0.0,0.0,0.0,0.0,0.0,0.0,0.0,0.0,0.0,0.0,0.0,0.0,0.0,0.0,0.0,0.0,0.0,0.0,0.0,0.0,13.223189303873976,282.7768579805196,0.0,0.0,0.0,0.0,0.0,-741.5675532577673,0.0,636.3945125275145,0.0,0.0,0.0,647.0635937357112,741.5675532577673,0.0,0.0,0.0,0.0,0.0,0.0,0.0,0.0,0.0,0.0,0.0,0.0,0.0,182.29555433286495,-797.9217545206391,0.0,426.61398866737704,0.0,0.0,0.0,-472.921754520639,-675.0,0.0,647.0635937357112,0.0,648.1604862392361,0.0,0.0,0.0,334.0595694797329,0.0,0.0,0.0,0.0,0.0,0.0,0.0,0.0,0.0,0.0,0.0,0.0,0.0,0.0,511.6526740362046,511.6526740362046,0.0,0.0,0.0,0.0,0.0,0.0,0.0,0.0,0.0,0.0,0.0,0.0,13.223189303873976,0.0,0.0,13.223189303873976,0.0,0.0,0.0,0.0,0.0,0.0,0.0,0.0,426.61398866737704,0.0,0.0,0.0,0.0,0.0,0.0,0.0,0.0,0.0,0.0,1000.0,741.5675532577673,0.0,0.0,0.0,0.0,0.0,0.0,0.0,0.0,0.0,356.37099457535567,0.0,0.0,0.0,0.0,0.0,0.0,0.0,472.921754520639,0.0,-223.40410697108007,0.0,0.0,0.0,0.0,0.0,0.0,0.0,0.0,0.0,0.0,0.0,0.0,0.0,0.0,0.0,0.0,0.0,0.0,0.0,0.0,0.0,0.0,0.0,13.223189303873994,-98.01961316691184,0.0,-39.27268740764839,0.0,0.0,0.0,0.0,0.0,0.0,0.0,0.0,0.0,0.0,0.0,0.0,0.0,0.0,511.6526740362046,0.0,0.0,0.0,-373.2872524339517,0.0,0.0,0.0,0.0,0.0,0.0,0.0,0.0,0.0,0.0,0.0,0.0,0.0,0.0,0.0,0.0,0.0,0.0,0.0,0.0,0.0,0.0,0.0,0.0,0.0,0.0,0.0,0.0,0.0,0.0,0.0,0.0,0.0,0.0,0.0,0.0,0.0,0.0,0.0,0.0,0.0,0.0,202.078245479361,0.0,0.0,0.0,0.0,0.0,0.0,0.0,0.0,0.0,0.0,0.0,0.0,0.0,-282.7768579805196,0.0,0.0,0.0,0.0,0.0,0.0,315.5850259310051,0.0,0.0,0.0,0.0,0.0,0.0,0.0,0.0,511.6526740362046,0.0,0.0,0.0,-51.28271149921329,0.0,325.0,0.0,0.0,328.80821523487907,0.0,-328.80821523487907,98.01961316691184,-625.239136585655,0.0,0.0,1000.0,0.0,426.6139886673774,-13.223189303873976,-179.36635088131743,0.0,0.0,0.0,0.0,0.0,0.0,0.0,0.0,0.0,572.9891308286494,-282.7768579805196,0.0,0.0,13.223189303873976,13.223189303873976,0.0,0.0,0.0,0.0,0.0,0.0,0.0,0.0,0.0,0.0,0.0,231.8133508062,0.0,0.0,0.0,0.0,0.0,0.0,-14.21035912904594,0.0,0.0,0.0,0.0,0.0,0.0,0.0,0.0,0.0,0.0,0.0,1.096892503524885,0.0,0.0,0.0,0.0,0.0,0.0,0.0,0.0,0.0,0.0,0.0,0.0,0.0,0.0,0.0,0.0,0.0,0.0,0.0,0.0,0.0,0.0,13.223189303873976,0.0,0.0,0.0,0.0,282.7768579805196,0.0,0.0,0.0,0.0,0.0,0.0,0.0,367.2324766919503,0.0,0.0,0.0,0.0,0.0,0.0,0.0,0.0,0.0,0.0,0.0,0.0,0.0,0.0,0.0,0.0,0.0,0.0,0.0,0.0,0.0,0.0,0.0,0.0,0.0,0.0,0.0,13.223189303873976,13.223189303873976,0.0,-356.37099457535567,-706.5137310126013,0.0,0.0,0.0,0.0,39.27268740764839,0.0,0.0,0.0,0.0,0.0,0.0,0.0,0.0,0.0,130.20833333333334,0.0,-130.20833333333334,-130.20833333333334,0.0,0.0,0.0,0.0,0.0,511.6526740362046,-410.4265276627982,282.7768579805196,0.0,0.0,0.0,0.0,0.0,0.0,0.0,277.38596404822925,0.0,0.0,0.0,0.0,0.0,0.0,0.0,1000.0,0.0,0.0,0.0,0.0,0.0,0.0,499.84798443607707,0.0,282.7768579805196,0.0,0.0,-39.27268740764839,0.0,0.0,0.0,0.0,0.0,0.0,0.0,0.0,0.0,0.0,0.0,0.0,0.0,0.0,0.0,0.0,0.0,0.0,0.0,0.0,0.0,0.0,0.0,0.0,0.0,0.0,282.7768579805196,0.0,-328.80821523487884,0.0,0.0,0.0,0.0,0.0,0.0,0.0,0.0,0.0,0.0,0.0,0.0,0.0,0.0,0.0,0.0,0.0,0.0,0.0,0.0,0.0,0.0,0.0,0.0,0.0,0.0,-647.0635937357112,0.0,0.0,0.0,0.0,511.6526740362046,0.0,0.0,0.0,0.0,0.0,0.0,0.0,0.0,0.0,0.0,0.0,0.0,0.0,0.0,0.0,0.0,537.7905867634198,0.0,0.0,0.0,0.0,0.0,0.0,0.0,0.0,0.0,0.0,0.0,13.223189303873976,-300.0,0.0,0.0,0.0,0.0,0.0,0.0,-282.7768579805196,0.0,-138.90310749647512,0.0,0.0,0.0,0.0,0.0,0.0,-37.85826004949996,-31.01402191022794,0.0,0.0,0.0,0.0,0.0,0.0,202.078245479361,202.078245479361,0.0,300.0,-202.078245479361,0.0,0.0,-1000.0,0.0,-182.29555433286495,0.0,0.0,0.0,0.0,142.73017203987283,-51.28271149921329,0.0,-282.7768579805196,282.7768579805196,0.0,0.0,0.0,0.0,0.0,0.0,0.0,0.0,0.0,1.096892503524885,0.0,0.0,0.0,0.0,0.0,0.0,0.0,182.1313272716634,0.0,285.46034407974565,0.0,-0.5484462517624425,0.0,0.0,0.0,-170.29422523353577,0.0,0.0,0.0,0.0,0.0,-546.3939818149902,0.0,0.0,0.0,0.0,0.0,0.0,0.0,138.90310749647512,-6.611594651936988,-364.2626545433268,537.7905867634198,0.0,0.0,0.0,0.0,0.0,0.0,0.0,340.58845046707154,0.0,185.72346829725447,0.0,1.096892503524885,0.0,0.0,0.0,0.0,0.0,0.0,0.0,285.46034407974565,0.0,0.0,-285.46034407974565,0.0,31.01402191022794,588.7515182301297,0.0,0.0,282.7768579805196,51.28271149921329,0.0,0.0,0.0,0.0,0.0,0.0,0.0,1000.0,0.0,700.0,364.2626545433268,253.90493933246373,0.0,139.10448799788054,-140.0,0.0,-80.0,-255.0,-325.0,-300.0,40.0,-126.95246966623186,127.5,0.0,70.0,-282.7768579805196,-171.51310916820853,300.0,325.0,-171.51310916820853,-139.10448799788054,69.55224399894027,0.0,1496.5981,hplb
132,0.0,0.0,0.0,0.0,0.0,0.0,0.0,0.0,0.0,0.0,0.0,0.0,0.0,0.0,0.0,0.0,628.1380662442406,-328.1380662442406,0.0,0.0,0.0,0.0,0.0,0.0,0.0,0.0,0.0,0.0,0.0,-371.8619337557594,75.97002042437872,-75.97002042437872,93.643752422934,0.0,0.0,0.0,0.0,927.0225703301821,0.0,-1000.0,1000.0,0.0,0.0,0.0,0.0,0.0,0.0,0.0,-256.27613248848115,-582.9677288760718,0.0,0.0,0.0,0.0,0.0,0.0,0.0,0.0,0.0,0.0,111.09390626988665,0.0,0.0,-298.1578329641523,0.0,0.0,0.0,0.0,0.0,0.0,0.0,0.0,0.0,0.0,0.0,0.0,0.0,0.0,0.0,0.0,0.0,0.0,-329.356205343101,0.0,0.0,0.0,0.0,764.8465117966845,163.2915544475561,27.626707614377665,580.384388577497,0.0,0.0,0.0,0.0,0.0,0.0,-661.5080048487112,0.0,0.0,0.0,0.0,-371.8619337557594,0.0,0.0,-46.356247577066,0.0,399.06967707067565,0.0,0.0,0.0,0.0,0.0,0.0,0.0,0.0,0.0,0.0,0.0,0.0,0.0,0.0,0.0,0.0,-497.55672219641303,0.0,0.0,0.0,0.0,0.0,0.0,0.0,0.0,0.0,0.0,0.0,-409.25173923403895,209.37483038458117,-209.37483038458117,0.0,0.0,0.0,0.0,0.0,0.0,329.356205343101,0.0,580.384388577497,0.0,0.0,0.0,0.0,0.0,0.0,329.356205343101,0.0,-109.70450525653712,0.0,0.0,0.0,0.0,0.0,160.5682226490198,160.5682226490198,0.0,0.0,0.0,-906.2499999999999,-81.27449990423918,0.0,0.0,236.5382430733985,0.0,0.0,0.0,-135.1016789569239,-301.7530487006981,0.0,0.0,0.0,0.0,0.0,0.0,0.0,0.0,0.0,-111.09390626988665,0.0,0.0,0.0,0.0,16.30951496925542,0.0,0.0,0.0,0.0,0.0,582.9677288760718,0.0,-163.2915544475561,163.2915544475561,102.36057676562154,0.0,0.0,0.0,0.0,0.0,0.0,0.0,-675.0,0.0,0.0,0.0,0.0,0.0,0.0,0.0,0.0,0.0,0.0,0.0,0.0,0.0,172.0117027901271,0.9312572688019998,0.0,0.0,0.0,0.0,306.8911624684174,-102.36057676562154,0.0,0.0,0.0,0.0,111.09390626988665,0.0,75.97002042437872,0.0,0.0,0.0,0.0,0.0,0.0,0.0,0.0,0.0,0.0,0.0,655.7647738586184,982.3478827537306,345.2788248606472,0.0,0.0,0.0,0.0,409.25173923403895,934.057023434048,0.0,0.0,0.0,142.40494795595987,0.0,0.0,-1000.0,0.0,0.0,-1000.0,0.0,0.0,0.0,0.0,-1000.0,582.9677288760718,0.0,0.0,0.0,0.0,0.0,0.0,0.0,0.0,0.0,236.5382430733985,0.0,306.8911624684174,0.0,-906.2499999999999,0.0,0.0,111.09390626988665,0.0,0.0,0.0,0.0,0.0,0.0,0.0,0.0,0.0,-16.30951496925542,628.1380662442406,0.0,-298.414643035272,64.23396648732016,301.7530487006981,952.5161745758662,0.0,0.0,0.0,-46.356247577066,0.0,0.0,0.0,308.2802658266048,149.56083329082657,-457.8410991174314,-840.6152344104308,-1000.0,0.0,0.0,0.0,0.0,0.0,0.0,0.0,0.0,0.0,0.0,0.0,0.0,0.0,0.0,0.0,0.0,0.0,523.6164843764531,0.0,-403.40608595372913,329.356205343101,0.0,585.5379844243321,0.0,0.0,0.0,341.48458590585017,0.0,0.0,0.0,89.17926043079639,0.0,-149.56083329082657,-435.07964814829785,0.0,0.0,0.0,721.4452681358124,0.0,0.0,60.38157286003019,435.07964814829785,0.0,796.5888326289876,0.0,0.0,-721.4452681358124,0.0,-818.5034784680779,0.0,0.0,0.0,0.0,0.0,0.0,0.0,0.0,0.0,0.0,-172.0117027901271,172.0117027901271,172.0117027901271,301.35624757706603,0.0,0.0,0.0,0.0,0.0,0.0,0.0,0.0,-187.06392669426566,0.0,0.0,47.48382542413373,0.0,0.0,0.0,0.0,0.9312572688019998,0.0,0.0,0.0,0.0,0.0,0.0,0.0,0.0,0.0,0.0,0.0,0.0,0.0,0.0,0.0,0.0,0.0,0.0,0.0,0.0,0.0,0.0,75.97002042437872,348.38444311004406,0.0,0.0,0.0,0.0,0.0,1000.0,0.0,0.0,0.0,0.0,0.0,176.84273633455987,-1000.0,0.0,0.0,802.6307474813052,0.0,0.0,47.48382542413373,0.0,0.0,0.0,0.0,0.0,0.0,0.0,165.8522407321377,16.30951496925542,0.0,0.0,0.0,0.0,0.0,0.0,0.0,0.0,176.84273633455987,0.0,0.0,177.77399360336187,0.0,0.0,172.0117027901271,0.0,0.0,0.0,0.0,0.0,0.0,0.0,0.0,0.0,0.0,0.0,0.0,0.0,0.0,409.25173923403895,409.25173923403895,0.0,0.0,0.0,0.0,0.0,0.0,0.0,0.0,0.0,0.0,0.0,0.0,75.97002042437872,0.0,0.0,75.97002042437872,0.0,0.0,0.0,0.0,-802.6307474813052,0.0,0.0,0.0,0.0,0.0,0.0,0.0,0.0,0.0,610.9573667877511,-855.030598847466,0.0,0.0,0.0,1000.0,-1000.0,0.0,47.48382542413373,0.0,0.0,0.0,0.0,0.0,212.47716816619027,0.0,653.0399490863022,0.0,0.0,0.0,0.0,0.0,0.0,0.0,0.0,0.0,0.0,0.0,0.0,0.0,0.0,0.0,0.0,0.0,0.0,0.0,0.0,0.0,0.0,0.0,0.0,0.0,0.0,0.0,0.0,0.0,0.0,0.0,0.0,0.0,1000.0,0.0,0.0,-1000.0,0.0,0.0,0.0,0.0,0.0,0.0,0.0,0.0,0.0,0.0,0.0,0.0,0.0,0.0,409.25173923403895,301.7530487006981,0.0,0.0,-818.5034784680779,0.0,0.0,0.0,0.0,0.0,0.0,0.0,0.0,0.0,0.0,0.0,0.0,0.0,0.0,0.0,0.0,0.0,0.0,0.0,0.0,0.0,0.0,0.0,0.0,0.0,0.0,0.0,0.0,308.2802658266048,0.0,0.0,0.0,0.0,0.0,0.0,0.0,0.0,0.0,0.0,0.0,0.0,0.0,0.0,0.0,-655.9708211786552,655.9708211786552,0.0,0.0,0.0,0.0,0.0,0.0,0.0,0.0,0.0,0.0,-348.38444311004406,0.0,0.0,0.0,0.0,906.25,81.27449990423918,517.7840902523728,0.0,0.0,0.0,0.0,0.0,0.0,0.0,0.0,409.25173923403895,0.0,802.6307474813052,288.63235302283647,176.37274031991697,0.0,325.0,-46.35624757706603,72.97742966981781,859.268676158223,0.0,-932.2461058280408,329.356205343101,934.057023434048,0.0,0.0,988.2584209959236,0.0,0.0,-75.97002042437872,-187.06392669426566,62.50000000000006,-62.50000000000006,321.6901164783137,-321.6901164783137,0.0,-594.8707708245724,0.0,0.0,0.0,352.8777812124078,-241.78387494252115,0.0,0.0,-540.5427694078901,-540.5427694078901,616.5127898322687,0.0,0.0,0.0,0.0,0.0,0.0,0.0,0.0,106.60056816752291,0.0,-239.46411210567592,0.0,0.0,0.0,0.0,0.0,0.0,-173.294359765366,0.0,0.0,0.0,0.0,0.0,0.0,0.0,0.0,0.0,0.0,0.0,0.9312572688019998,0.0,0.0,0.0,0.0,0.0,0.0,0.0,0.0,0.0,0.0,0.0,0.0,0.0,0.0,0.0,0.0,0.0,0.0,0.0,0.0,0.0,0.0,75.97002042437872,0.0,0.0,0.0,0.0,348.38444311004406,0.0,0.0,0.0,0.0,0.0,0.0,0.0,582.9677288760718,0.0,0.0,0.0,0.0,0.0,0.0,-328.1380662442406,0.0,0.0,0.0,0.0,0.0,0.0,0.0,0.0,0.0,0.0,0.0,0.0,0.0,0.0,0.0,0.0,0.0,0.0,0.0,0.0,75.97002042437872,75.97002042437872,0.0,-664.7815280903792,-1000.0,308.2802658266048,301.47383770235405,-301.47383770235405,0.0,927.0225703301821,0.0,0.0,0.0,0.0,0.0,0.0,0.0,0.0,0.0,0.0,0.0,0.0,0.0,0.0,0.0,0.0,0.0,0.0,409.25173923403895,0.0,550.064140769126,0.0,0.0,0.0,0.0,0.0,0.0,0.0,516.4201320373667,0.0,0.0,0.0,0.0,0.0,0.0,0.0,988.258420995923,0.0,0.0,0.0,0.0,0.0,0.0,0.0,0.0,348.38444311004406,0.0,0.0,-927.0225703301821,0.0,0.0,0.0,0.0,0.0,0.0,0.0,0.0,0.0,0.0,0.0,0.0,0.0,0.0,327.9854105893276,0.0,0.0,0.0,0.0,0.0,0.0,0.0,0.0,0.0,0.0,0.0,348.38444311004406,0.0,-593.754110676752,0.0,0.0,0.0,0.0,0.0,0.0,0.0,0.0,0.0,0.0,0.0,0.0,0.0,0.0,0.0,0.0,0.0,0.0,0.0,0.0,0.0,0.0,0.0,0.0,0.0,0.0,-176.84273633455987,0.0,0.0,0.0,0.0,409.25173923403895,0.0,0.0,0.0,-308.2802658266048,0.0,0.0,0.0,0.0,0.0,0.0,0.0,0.0,0.0,0.0,0.0,0.0,0.0,0.0,0.0,0.0,0.0,0.0,15.452082525688667,47.48382542413373,0.0,0.0,-46.356247577066,0.0,75.97002042437862,-300.0,0.0,0.0,0.0,0.0,0.0,0.0,-348.38444311004406,0.0,0.0,0.0,0.0,0.0,0.0,0.0,0.0,202.41700041066912,102.36057676562154,0.0,0.0,0.0,0.0,0.0,0.0,0.0,0.0,0.0,300.0,0.0,0.0,0.0,-1000.0,0.0,-165.8522407321377,47.48382542413373,0.0,0.0,0.0,74.603660758818,176.37274031991697,0.0,-348.38444311004406,348.38444311004406,0.0,0.0,0.0,47.48382542413367,47.48382542413373,0.0,0.0,-47.48382542413373,0.0,0.9312572688019998,0.0,0.0,0.0,0.0,0.0,0.0,0.0,0.0,0.0,133.75523899194732,0.0,-0.4656286344009999,0.0,0.0,0.0,-129.70366852214184,0.0,0.0,0.0,0.0,0.0,0.0,0.0,0.0,0.0,0.0,0.0,0.0,0.0,0.0,-37.98501021218931,0.0,0.0,0.0,0.0,0.0,0.0,46.356247577066,0.0,0.0,259.4073370442837,0.0,260.1520548636247,0.0,0.9312572688019998,0.0,0.0,0.0,0.0,0.0,0.0,0.0,149.207321517636,0.0,0.0,-149.207321517636,0.0,-102.36057676562154,838.7269775916172,0.0,0.0,348.38444311004406,-176.37274031991697,0.0,0.0,89.17926043079639,0.0,0.0,0.0,0.0,0.0,0.0,972.3732923856223,0.0,127.20449940275643,0.0,-17.24077223805742,-140.0,0.0,562.1222810897459,-255.0,-325.0,-27.626707614377665,-281.06114054487296,-63.60224970137821,127.5,0.0,70.0,-348.38444311004406,-86.8576950982587,27.626707614377665,325.0,-86.8576950982587,17.24077223805742,-32.36229883109554,0.0,1496.5981,hplb
133,0.0,0.0,0.0,0.0,0.0,0.0,0.0,0.0,-0.018078862578221586,0.0,0.0,0.0,0.0,0.0,0.0,0.0,-312.3965510243796,0.0,0.0,612.3965510243796,0.0,0.0,0.0,1000.0,0.0,0.0,0.0,0.0,0.0,-307.0364054138753,85.46742952537926,-85.46742952537926,581.2024310695076,0.0,0.0,0.0,0.0,284.23157678201886,0.0,-1000.0,850.4548810301031,0.0,-619.4329564382549,0.0,0.0,0.0,0.0,0.0,0.0,0.0,0.0,0.0,0.0,0.019886748836035934,0.0,0.0,0.0,0.0,0.0,0.0,55.38015336037574,0.0,0.0,-311.67686863308745,0.0,0.0,0.0,0.0,0.0,0.0,0.0,0.18078862578221588,0.0,0.0,0.0,0.0,0.0,0.0,0.0,0.0,0.0,0.0,-171.77676412207697,0.0,10.847317546932953,0.0,36.89089896459738,-172.1857931035185,966.5345828830557,0.0,-0.004519715644555397,0.0,0.0,-117.54600437640258,5.423658773466476,0.0,149.54511896989683,-553.0377498596554,0.0,0.0,0.0,0.9039431289110793,-1000.0,0.0,0.0,-42.858620342672,0.0,0.0,0.0,0.0,0.0,0.0,0.0,0.0,0.0,0.0,0.0,0.0,0.0,0.0,0.0,0.0,0.0,0.0,-162.62135137998695,0.0,0.0,149.54511896989683,0.0,5.604447399248691,5.604447399248691,0.0,0.0,0.0,0.0,0.0,-367.0570219934632,0.0,0.0,0.0,0.0,0.0,0.0,0.0,0.0,210.0597355051974,0.018078862578221586,0.0,0.0,0.0,-1000.0,698.0873004846035,0.0,0.0,171.77676412207697,0.0,338.46467602685226,0.0,0.0,0.0,0.0,0.0,659.8792167196785,659.8792167196785,0.0,0.0,0.0,0.0,0.0,0.0,0.0,745.364725107636,0.0,0.0,0.0,-98.00114169131228,0.0,0.0,0.0,0.0,0.0,0.0,0.0,0.0,0.0,0.0,0.0,0.0,0.0,0.0,0.0,-1000.0,0.0,0.0,0.0,0.0,0.0,0.0,619.4329564382549,-784.5823441278983,784.5823441278983,367.0570219934632,0.0,0.0,0.0,0.0,0.0,0.0,692.9635945861247,-766.0741924356505,0.0,0.0,0.0,0.0,0.0,0.0,0.0,0.0,0.0,0.0,0.0,0.0,0.0,122.88154245857578,353.26570474311546,0.0,0.0,0.0,0.0,0.0,-367.0570219934632,0.0,0.0,0.0,0.0,55.38015336037574,0.0,85.46742952537926,0.0,0.0,0.0,0.0,0.0,0.0,0.0,0.0,3.6157725156443172,144.12146019643035,0.0,-312.42366931824694,819.2603012544521,-337.33518079316195,0.0,0.0,0.0,0.0,367.0570219934632,-516.5708629087593,0.0,0.0,0.0,-503.3462070609201,0.0,0.0,963.3598401732538,0.0,0.0,963.3598401732532,0.0,0.0,181.95223875515745,0.0,0.0,0.0,0.0,61.6489213917356,0.0,0.0,0.0,-654.8272483830788,0.0,654.8272483830788,0.0,1000.0,0.0,0.0,0.0,0.0,0.0,0.0,55.38015336037574,-0.027118293867332378,0.0,0.0,0.0,0.0,0.018078862578221586,0.0,0.0,0.0,850.4548810301031,-312.3965510243796,0.0,-650.4854055199478,13.117357709090811,0.0,1000.0,0.0,0.0,0.0,-42.858620342672,0.0,0.0,0.0,596.4658106023504,-596.4658106023504,0.0,491.6931907511317,-1000.0,0.0,0.0,0.0,0.0,0.0,0.0,0.0,0.0,0.0,0.0,0.0,0.0,0.0,0.0,0.0,0.0,0.0,-715.696107767669,0.0,-1000.0,171.77676412207697,0.0,466.9881809592582,942.2805173111683,0.0,0.0,-124.59230597981815,0.0,0.0,0.0,0.0,0.0,411.7643158203848,0.0,0.0,0.0,184.7014947819656,554.913434470801,-256.42206889779345,0.0,-622.3655891319106,0.0,-472.0442017844952,0.0,-0.45197156445553965,255.51812576888238,0.0,0.0,-52.901710076645706,0.0,0.0,149.54511896989683,0.0,0.0,0.0,0.0,0.0,0.0,0.0,-122.88154245857578,122.88154245857578,122.88154245857578,-299.4344562993138,0.0,0.0,-365.34412951131264,0.0,0.0,692.9635945861247,0.0,0.0,-182.51491734351694,0.0,0.0,0.0,0.0,0.0,0.0,0.0,-98.19211374217784,0.03615772515580109,0.0,0.0,0.0,0.0,0.0,0.0,0.0,0.0,0.0,0.0,0.0,0.0,0.0,0.0,0.0,0.0,0.0,0.0,0.0,0.019886748836035934,0.019886748836035934,85.46742952537926,399.26576994293146,0.0,10.847317546932953,0.0,0.0,0.0,1000.0,0.0,397.00317487377635,36.89089896459738,0.0,0.0,71.58451879979009,-1000.0,0.0,0.0,97.70950427557844,0.0,0.0,0.0,0.0,0.0,0.0,0.0,0.0,0.0,0.0,54.20711712666232,-850.4548810301031,301.91269951539647,0.0,38.28297138312044,0.0,-955.3670632519536,837.8210588755509,837.8210588755509,0.0,71.58451879979009,0.0,0.0,-26.60759494238775,0.0,0.0,122.88154245857578,0.0,0.0,0.0,0.0,0.0,0.0,0.0,0.0,0.0,0.0,0.0,0.0,0.0,10.847317546932953,367.0570219934632,367.0570219934632,0.0,0.0,0.0,0.0,0.0,0.0,0.0,0.0,0.0,0.0,0.18078862578221588,0.0,85.46742952537926,36.89089896459738,-36.89089896459738,85.46742952537926,619.4329564382549,0.0,0.0,149.54511896989683,-97.70950427557844,0.0,0.0,0.0,0.0,0.0,0.0,0.0,0.0,0.0,612.6393544983633,934.8361939827943,0.0,5.423658773466476,5.423658773466476,1000.0,-1000.0,0.0,0.0,0.0,0.0,0.0,0.0,0.0,151.768614731524,692.9635945861247,-37.62278701145277,0.018078862578221586,0.0,0.0,-794.3469823801557,795.8049135123566,593.6773041263415,0.0,117.54600437640258,0.0,0.0,0.0,0.0,0.0,0.0,0.0,0.0,0.0,0.0,0.0,0.0,0.0,0.0,0.018078862578221586,0.0,0.0,0.0,-542.9799322551111,542.9799322551111,0.0,0.0,0.0,0.0,0.0,342.3958749794401,0.0,0.0,-284.303892232331,-1.355914693366619,-0.2914202926191185,-0.6125228362919608,0.0,0.0,0.0,0.0,0.0,0.0,0.0,0.0,0.0,0.0,0.0,367.0570219934632,0.0,0.0,0.0,-51.997766947734625,0.0,0.0,0.0,-0.018078862578221586,0.0,0.0,0.018078862578221586,0.0,0.018078862578221586,0.0,0.0,0.0,10.847317546932953,22.056212345430335,22.056212345430335,0.0,0.0,0.0,0.0,0.0,0.0,0.0,301.91269951539647,0.0,692.9635945861247,0.0,0.0,0.0,598.0224006703353,0.0,0.0,0.0,0.0,0.0,0.0,0.0,0.0,0.0,0.0,0.0,0.0,0.0,0.0,0.0,0.0,0.0,0.027118293867332378,0.0,0.0,0.0,-149.54511896989683,0.0,0.0,0.0,0.0,0.0,-399.26576994293146,0.9039431289110793,0.0,0.0,0.0,0.0,0.0,-112.0293772871265,-0.6125228362919608,0.0,0.0,0.0,0.0,0.0,0.0,0.0,367.0570219934632,0.0,97.70950427557844,1000.0,276.3842274843557,0.0,236.1856653866272,550.8186837836695,0.0,-236.62168326694464,0.0,236.62168326694464,171.77676412207697,-538.6270752541897,0.0,0.9039431289110793,881.6348989403889,0.0,0.0,-85.46742952537926,-256.2967152727117,-1000.0,1000.0,0.0,0.0,0.0,0.0,0.0,0.0,0.0,400.6216846362981,-403.3335140230313,22.056212345430335,0.0,85.46742952537926,85.46742952537926,0.0,0.0,0.0,0.0,0.0,0.0,0.0,0.0,0.0,0.0,-1.4579311322008692,-105.0404145489997,-619.4329564382549,5.423658773466476,36.89089896459738,0.0,0.0,0.0,122.60912916122417,0.0,0.0,0.019886748836035934,0.0,0.0,0.0,11.028106172715168,0.0,0.0,0.0,0.0,353.26570474311546,0.0,0.0,0.0,0.0,0.0,0.0,0.0,0.0,-1000.0,0.0,0.0018078862578221587,0.0018078862578221587,0.0,0.0,0.0,0.0,0.0,0.0,0.0,0.0,0.0,-794.3469823801557,85.46742952537926,0.0,0.0,0.0,0.0,399.26576994293146,0.0,0.0,0.0,0.0,0.0,0.0,0.0,0.0,0.0,0.0,0.0,73.78179792919477,607.0364054138753,0.0,0.0,0.0,0.0,0.0,10.847317546932914,0.0,0.0,0.0,0.0,0.0,755.9206184537167,-766.7679360006496,0.0,73.78179792919477,0.0,0.0,0.0,0.0,0.0,0.0,0.0,85.46742952537926,85.46742952537926,0.0,37.62278701145277,-356.5381945173443,610.406421536417,0.0,-149.54511896989683,0.0,284.23157678201886,0.0,0.0,0.0,0.0,0.0,0.0,0.0,0.0,0.0,0.0,0.0,0.0,0.0,0.0,0.0,0.0,0.0,-2.2598578222776986,367.0570219934632,-1.355914693366619,1000.0,0.0,0.0,0.0,0.0,0.0,0.0,-0.22598578222776983,354.291681465594,0.0,0.0,0.0,0.0,0.0,0.0,0.0,1000.0,5.423658773466476,5.423658773466476,0.0,0.0,0.0,0.0,0.0,0.019886748836035934,399.26576994293146,0.0,0.0,-284.23157678201886,0.0,0.0,0.0,0.0,0.0,0.0,0.0,0.0,0.0,0.0,0.0,0.0,0.0,0.0,0.0,0.0,0.0,5.604447399248691,0.0,18.982805707132666,0.0,0.0,38.28297138312044,0.0,0.0,0.0,399.26576994293146,0.0,25.688388094110167,0.0,0.0,0.0,-2.2598578222776986,0.0,0.0,0.0,0.0,0.0,0.0,0.0,0.0,0.0,0.0,0.0,0.0,0.0,0.0,0.0,0.0,0.0,0.0,-0.018078862578221586,0.0,0.0,0.9039431289110793,-71.58451879979009,0.0,0.0,0.0,0.0,367.0570219934632,0.0,0.0,0.0,-596.4658106023504,0.45197156445553965,0.0,0.0,0.0,0.018078862578221586,0.0,18.078862578221585,0.0,3.6157725156443172,0.12913473270158277,61.6489213917356,-0.013559146933666189,472.0442017844952,0.36157725156443177,-0.09039431289036795,-61.6489213917356,5.423658773466476,-0.018078862578221586,14.286206780890666,0.0,0.004519715644555397,0.12913473270158277,-42.858620342672,-39.769053887049466,85.10585227381483,-300.0,-0.018078862578221586,0.004519715644555397,-61.6489213917356,1.8078862578221586,0.018078862578221586,0.018078862578221586,-399.2278043315172,-36.87101221576134,0.0,-0.013559146933666189,5.423658773466476,0.018078862578221586,149.54511896989683,135.08202890731954,-0.009039431289110793,-252.74743534150826,365.2310568730628,-0.013559146933666189,-0.018078862578221586,0.0,0.018078862578221586,1.8078862578221586,-0.36157725156443177,0.0,0.0,-1.8078862578221586,300.0,0.0,3.6157725156443172,0.027118293867332378,-1000.0,1.8078862578221586,-54.20711712666232,0.0,-3.6157725156443172,0.009039431289110793,0.18078862578221588,162.62135137998695,280.0,-0.018078862578221586,-403.3335140230313,399.2278043315172,5.604447399248691,0.018078862578221586,39.769053887049466,-165.81609529029618,0.0,-0.018078862578221586,-0.004519715644555397,0.0,-0.018078862578221586,-98.19211374217784,0.01807886257879002,-0.004519715644555397,-0.004519715644555397,-0.004519715644555397,7.2315450312886345,-135.08202890731954,0.18078862578221588,13.39417731263876,-0.004519715644555397,310.95649597908323,0.9039431289110793,50.0,0.018078862578221586,0.009039431289110793,0.009039431289110793,1.8078862578221586,0.0,0.018078862578221586,0.0,0.18078862578221588,0.018078862578221586,-13.39417731263876,0.018078862578221586,0.0723154503122467,0.09039431289036795,0.009039431289110793,0.004519715644555397,5.423658773466476,-0.018078862578221586,0.0,-42.552926136907416,-26.78835462527752,471.59223022003965,-1.8078862578221586,3.6157725156443172,0.9039431289110793,-0.018078862578221586,42.858620342672,0.027118293867332378,-0.018078862578221586,-3.6157725156443172,0.0,47.004546476226224,0.009039431289110793,-100.0,-0.018078862578221586,-0.01807886257879002,-0.018078862578221586,0.009039431289110793,61.6489213917356,-3.6157725156443172,0.018078862578221586,325.2427027599739,-0.004519715644555397,36.87101221576134,-325.2427027599739,2.7118293867332377,-365.2310568730628,252.95174614248333,61.6489213917356,-0.013559146933666189,403.3335140230313,-280.0,0.018078862578221586,-0.0045197156445553974,0.9039431289110793,18.078862578221585,-0.009039431289110793,-0.018078862578221586,0.004519715644555397,1000.0,0.0,818.0387218135535,0.0,-255.0,0.0,242.4995753518196,-30.783290148816807,0.0,-80.0,-255.0,62.11126161312496,-181.95223875515745,40.0,127.5,127.5,0.0,15.391645074408403,-399.26576994293146,-169.6136756374504,181.95223875515745,-62.11126161312496,-169.6136756374504,-242.4995753518196,203.25389219214682,0.0,1496.5981,hplb
134,0.0,0.0,0.0,0.0,0.0,0.0,0.0,0.0,-0.0583380993881071,0.0,0.0,0.0,0.0,0.0,0.0,0.0,-629.2147965693654,1000.0,0.0,-70.78520343063462,0.0,0.0,0.0,0.0,0.0,0.0,0.0,0.0,0.0,702.7561081839801,2.124294570338314,-2.124294570338314,0.0,0.0,0.0,0.0,0.0,999.766647602448,0.0,-1000.0,433.68446253771714,0.0,-554.5775449289116,-928.2744187910989,0.0,0.0,0.0,0.0,0.0,-516.5135097106306,0.0,0.0,0.0,0.06417190932742978,0.0,0.0,0.0,0.0,0.0,0.0,2.7285759255083235,0.0,132.31614866896072,0.0,0.0,0.0,0.0,0.0,0.0,0.0,0.0,0.583380993881071,0.0,0.0,0.0,0.0,0.0,0.0,0.0,628.6548232945668,0.0,0.0,-61.099848616113604,0.0,35.002859632864265,0.0,36.4405921297563,247.92661710736397,-29.294883662263775,1000.0,832.3740578088353,0.0,0.0,955.3670632519535,17.50142981643213,0.0,17.501429816432132,0.0,0.0,0.0,0.0,2.916904969405355,702.7561081839801,0.0,0.0,-46.18270078155201,0.0,331.89980384131053,0.0,0.0,0.0,0.0,0.0,0.0,0.0,0.0,0.0,0.0,0.0,0.0,0.0,0.0,0.0,0.0,-542.3412567854486,0.0,0.0,17.501429816432132,0.0,18.0848108103132,0.0,0.0,0.0,0.0,0.0,0.0,-135.04472459446905,0.0,0.0,0.0,0.0,0.0,0.0,0.0,0.0,102.03247439875415,0.0583380993881071,832.3886423336824,0.0,0.0,0.0,-686.6676198776214,0.0,0.0,61.099848616113604,0.0,261.2902819183426,0.0,0.0,0.0,0.0,0.0,125.32392937578754,125.32392937578754,0.0,0.0,0.0,0.0,548.3903334457457,0.0,0.0,127.50656204551396,0.0,0.0,0.0,717.1891471906647,0.0,0.0,0.0,0.0,0.0,0.0,0.0,0.0,0.0,0.0,-604.6380466931828,0.0,0.0,0.0,0.0,-1000.0,0.0,0.0,0.0,0.0,0.0,516.5135097106306,554.5775449289116,-670.7051163377362,670.7051163377362,135.04472459446905,0.0,0.0,0.0,0.0,0.0,0.0,0.0,404.3917648910234,0.0,0.0,0.0,0.0,0.0,0.0,0.0,0.0,0.0,0.0,0.0,0.0,0.0,35.050391151611116,610.0028596328643,-628.1188565435262,0.0,0.0,0.0,0.0,-88.07784739581786,0.0,0.0,0.0,0.0,2.7285759255083235,300.1555622475726,2.124294570338314,0.0,0.0,0.0,0.0,0.0,0.0,0.0,4.002781370634715,31.890326697592513,0.0,0.0,0.0,86.83268774656074,131.79904569853943,0.0,628.1188565435262,0.0,0.0,135.04472459446905,71.17248125349067,0.0,0.0,0.0,188.7879933805599,0.0,0.0,-517.8491709881421,-517.8491709881421,0.0,0.0,0.0,517.8491709881421,-700.0,0.0,10.583063124265209,516.5135097106306,0.0,115.79642009416762,0.0,0.0,0.0,-501.5126914484807,0.0,501.5126914484807,0.0,18.068109457468854,0.0,0.0,0.0,0.0,0.0,0.0,2.7285759255083235,-0.08750714908216065,0.0,0.0,0.0,0.0,0.0583380993881071,0.0,0.0,0.0,931.5289116142819,-629.2147965693654,0.0,-376.0310969255979,442.59177150195535,0.0,451.18589235414925,0.0,0.0,0.0,-46.18270078155201,0.0,0.0,0.0,472.2569138789684,376.94304047697295,-849.1999543559414,637.3133654586074,-222.61725258519203,0.0,0.0,0.0,0.0,0.0,0.0,0.0,0.0,0.0,0.0,0.0,0.0,0.0,0.0,0.0,0.0,0.0,0.0,0.0,-1000.0,61.099848616113604,0.0,0.0,0.0,0.0,0.0,406.8412441405417,0.0,0.0,0.0,0.0,0.0,0.0,0.0,951.0720277472809,0.0,-376.94304047697295,0.0,69.67953529596306,293.36787929357064,0.0,0.0,-953.9889327166862,-490.8830194886179,-1.4584524847026774,-72.59644026536841,293.8723251017747,0.0,691.9907862087923,0.0,-1000.0,17.501429816432132,0.0,0.0,0.0,395.8926633612397,0.0,0.0,0.0,-35.050391151611116,35.050391151611116,35.050391151611116,-625.6822705210351,0.0,0.0,0.0,0.0,0.0,0.0,0.0,0.0,-56.706388483939804,0.0,0.0,0.0,0.0,0.0,0.0,0.0,-94.1661900611893,0.11667619877614953,0.0,0.0,0.0,0.0,0.0,0.0,0.0,0.0,0.0,0.0,0.0,0.0,0.0,0.0,0.0,0.0,0.0,0.0,0.0,0.06417190932742978,0.06417190932742978,2.124294570338314,203.86157010403414,0.0,35.002859632864265,0.0,0.0,0.0,-767.5168750769994,0.0,0.0,36.4405921297563,0.0,0.0,-170.37885465554237,767.5168750769994,0.0,0.0,0.0,0.0,0.0,0.0,0.0,0.0,0.0,0.0,0.0,0.0,0.0,180.78041892848287,-931.5289116142819,686.6676198776214,0.0,40.93262578264054,0.0,0.0,955.3670632519535,908.4001860533023,0.0,-170.37885465554237,0.0,-264.54504471673164,0.0,0.0,0.0,35.050391151611116,0.0,0.0,0.0,0.0,0.0,0.0,0.0,0.0,0.0,0.0,0.0,0.0,0.0,35.002859632864265,135.04472459446905,135.04472459446905,0.0,0.0,0.0,0.0,0.0,0.0,0.0,0.0,0.0,0.0,0.583380993881071,0.0,2.124294570338314,36.4405921297563,-36.4405921297563,2.124294570338314,554.5775449289116,0.0,0.0,17.501429816432132,0.0,0.0,0.0,0.0,0.0,0.0,0.0,0.0,0.0,0.0,-192.8862364590084,418.62812767666514,0.0,17.50142981643213,17.50142981643213,588.3159726854632,767.5168750769994,0.0,0.0,0.0,0.0,0.0,0.0,0.0,-888.98430418117,0.0,-560.5295616087479,0.0583380993881071,0.0,0.0,0.0,77.04379425619372,1.800788498085275,0.0,-955.3670632519535,0.0,0.0,0.0,0.0,0.0,0.0,0.0,0.0,0.0,0.0,0.0,0.0,0.0,0.0,0.0583380993881071,0.0,0.0,0.0,0.0,0.0,0.0,0.0,0.0,0.0,-593.1587558594583,1000.0,0.0,0.0,-1000.0,-4.375357454108033,-2.9169049694053575,0.0,0.0,0.0,0.0,0.0,0.0,0.0,0.0,0.0,0.0,0.0,0.0,135.04472459446905,0.0,0.0,0.0,-305.09230882180236,0.0,0.0,0.0,-0.0583380993881071,0.0,0.0,0.0583380993881071,0.0,0.0583380993881071,0.0,0.0,0.0,35.002859632864265,71.17248125349067,71.17248125349067,0.0,0.0,0.0,0.0,0.0,0.0,0.0,686.6676198776214,0.0,0.0,0.0,0.0,27.875978723293763,449.40384551299076,0.0,0.0,0.0,0.0,0.0,0.0,0.0,0.0,0.0,0.0,0.0,0.0,0.0,46.96687719865119,0.0,-708.7994563134935,708.7994563134935,0.08750714908216065,0.0,0.0,0.0,-17.501429816432132,0.0,0.0,0.0,0.0,0.0,-203.86157010403414,2.916904969405355,0.0,0.0,0.0,0.0,-548.3903334457457,0.0,0.0,0.0,0.0,0.0,0.0,0.0,0.0,0.0,135.04472459446905,0.0,0.0,315.94403318381296,168.81117895242303,0.0,1000.0,-44.38191228346673,0.0,1000.0,0.0,-1000.0,61.099848616113604,0.0,0.0,2.9169049694053575,398.9102417648704,0.0,0.0,-2.124294570338314,-129.5875727434524,0.0,0.0,0.0,0.0,0.0,-510.75220533959214,0.0,0.0,0.0,812.8749742513249,-216.98764246635835,71.17248125349067,0.0,757.2652330885232,757.2652330885232,-755.140938518185,0.0,0.0,0.0,0.0,0.0,4.002781370634715,0.0,0.0,0.0,-77.04379425619372,0.0,-554.5775449289116,17.501429816432132,36.4405921297563,0.0,0.0,0.0,-0.8898782910733871,0.0,0.0,0.06417190932742978,0.0,0.0,0.0,35.58624062674533,0.0,0.0,0.0,0.0,610.0028596328643,0.0,0.0,0.0,0.0,0.0,0.0,0.0,0.0,0.0,0.0,0.00583380993881071,0.00583380993881071,0.0,0.0,0.0,0.0,0.0,0.0,0.0,0.0,0.0,0.0,2.124294570338314,0.0,0.0,0.0,0.0,203.86157010403414,0.0,0.0,0.0,0.0,0.0,0.0,0.0,516.5135097106306,0.0,0.0,0.0,72.8811842595126,-764.0541885161884,0.0,1000.0,0.0,0.0,0.0,35.00285963286426,0.0,0.0,0.0,0.0,0.0,-123.5701794419542,88.56731980908994,0.0,72.8811842595126,0.0,0.0,0.0,0.0,0.0,0.0,0.0,2.124294570338314,2.124294570338314,0.0,1000.0,451.08516946141754,517.2414223171379,0.0,-17.501429816432132,0.0,999.766647602448,0.0,0.0,0.0,0.0,0.0,0.0,0.0,0.0,0.0,286.45833333333337,0.0,-286.4583333333333,-286.4583333333333,0.0,0.0,0.0,0.0,-7.292262423513391,135.04472459446905,-4.375357454108033,689.8921092485348,0.0,0.0,0.0,0.0,0.0,0.0,-0.7292262423513388,117.80623710005341,0.0,0.0,0.0,0.0,0.0,0.0,0.0,662.0876909764442,17.50142981643213,17.50142981643213,0.0,0.0,0.0,0.0,628.6548232945668,0.06417190932742978,203.86157010403414,0.0,0.0,-999.766647602448,0.0,0.0,0.0,0.0,0.0,0.0,0.0,0.0,0.0,0.0,0.0,0.0,0.0,0.0,354.39972815674673,0.0,0.0,0.0,0.0,61.25500435751246,40.93262578264054,0.0,0.0,0.0,0.0,0.0,203.86157010403414,0.0,-2.9169049694053575,0.0,0.0,0.0,-7.292262423513391,0.0,0.0,0.0,0.0,0.0,0.0,0.0,0.0,0.0,0.0,0.0,0.0,0.0,0.0,0.0,0.0,0.0,0.0,-0.0583380993881071,0.0,0.0,2.916904969405355,170.37885465554237,0.0,0.0,0.0,0.0,135.04472459446905,0.0,0.0,0.0,-472.2569138789684,1.4584524847026774,0.0,0.0,0.0,0.0583380993881071,0.0,58.338099388107096,-18.0848108103132,11.66761987762142,0.4167007099150507,162.7632972928188,-0.04375357454108032,2.9169049694053717,1.166761987762142,-0.2916904969401912,-162.7632972928188,17.50142981643213,-0.0583380993881071,15.39423359385067,0.0,0.014584524847026775,0.4167007099150507,-46.18270078155201,-45.728017552342216,0.9575325825761638,-300.0,-0.0583380993881071,0.014584524847026775,-162.7632972928188,5.83380993881071,0.0583380993881071,0.0583380993881071,-203.73906009531862,-36.37642022042938,0.0,-0.04375357454108032,17.501429816432132,0.0583380993881071,17.501429816432132,-29.16904969405355,-0.02916904969405355,-168.9248803552386,82.18569935761904,-0.04375357454108032,-0.0583380993881071,-18.0848108103132,0.0583380993881071,5.83380993881071,-1.166761987762142,46.96687719865119,46.96687719865119,-5.83380993881071,300.0,-46.96687719865119,11.66761987762142,0.08750714908216065,-1000.0,5.83380993881071,-180.78041892848287,0.0,-11.66761987762142,0.02916904969405355,0.583380993881071,94.00777423139948,180.47879883004447,-0.0583380993881071,-216.98764246635835,203.73906009531862,18.0848108103132,0.0583380993881071,45.728017552342216,-70.00571926572866,0.0,-0.0583380993881071,-0.014584524847026775,0.0,-0.0583380993881071,-94.1661900611893,0.05833809938815193,-0.014584524847026775,-0.014584524847026775,-0.014584524847026775,23.33523975524284,29.16904969405355,0.583380993881071,228.5700875249388,-0.014584524847026775,172.6213148689483,2.916904969405355,50.0,0.0583380993881071,0.02916904969405355,0.02916904969405355,5.83380993881071,18.0848108103132,0.0583380993881071,-18.0848108103132,0.583380993881071,0.05833809938810713,-599.2677838064913,0.0583380993881071,0.2333523975520393,0.2916904969401912,0.02916904969405355,0.014584524847026775,17.501429816432132,-0.0583380993881071,0.0,-0.4787662912880819,-457.1401750498776,1.4584524847026614,-5.83380993881071,11.66761987762142,2.916904969405355,-0.0583380993881071,46.18270078155201,0.08750714908216065,-0.05833809938810713,-11.66761987762142,18.0848108103132,417.0578424598933,0.02916904969405355,-100.0,-0.0583380993881071,-0.05833809938815193,-0.0583380993881071,0.02916904969405355,162.7632972928188,-11.66761987762142,0.0583380993881071,188.01554846279896,-0.014584524847026775,36.37642022042938,-188.01554846279896,8.750714908216064,-82.18569935761904,407.9893819805708,162.7632972928188,-0.04375357454108032,216.98764246635835,-180.47879883004447,0.0583380993881071,-0.014584524847026773,2.9169049694053575,58.338099388107096,-0.02916904969405355,-0.0583380993881071,0.014584524847026775,1000.0,0.0,699.970830950306,370.69769628155245,-255.0,20.222706819971094,342.43641242128706,-45.67118427994441,0.0,-80.0,262.50389956564067,-325.0,-300.0,40.0,127.5,-131.25194978282033,0.0,22.835592139972206,-203.86157010403414,-416.16796416881994,300.0,325.0,-416.16796416881994,-342.43641242128706,203.3041608741025,-20.222706819971094,1496.5981,hplb
135,0.0,0.0,0.0,0.0,0.0,0.0,0.0,0.0,-0.026039881471706647,0.0,0.0,0.0,0.0,0.0,0.0,0.0,-506.30079431193326,-406.6444250479697,0.0,1000.0,0.0,0.0,0.0,1000.0,0.0,0.0,0.0,0.0,0.0,-1000.0,0.0,0.0,101.27892026135612,0.0,0.0,0.0,0.0,311.0053107882876,0.0,-118.45176951929022,-519.6831243796746,0.0,-80.92209930576814,844.6247086780013,0.0,0.0,0.0,0.0,458.87060792571384,0.0,0.0,-121.88337840244999,0.0,0.02864386961882906,0.0,0.0,0.0,5.2079762943413295,0.0,0.0,88.06907553665756,0.0,0.0,-183.0178877581394,0.0,0.0,0.0,0.0,0.0,0.0,0.0,0.2603988147170665,0.0,0.0,0.0,0.0,0.0,0.0,0.0,0.0,0.0,0.0,0.0,0.0,15.62392888302399,0.0,0.0,0.0,-292.3647425361052,1000.0,-0.006509970367926662,0.0,0.0,0.0,7.811964441511995,0.0,181.92852941188667,0.0,405.92808312829777,0.0,0.0,1.3019940735853324,-1000.0,0.0,0.0,-38.145598358119194,0.0,0.0,0.0,0.0,0.0,0.0,0.0,0.0,0.0,0.0,0.0,0.0,0.0,0.0,0.0,0.0,0.0,0.0,-313.8614153019236,0.0,0.0,181.92852941188667,0.0,8.07236325622906,8.07236325622906,0.0,0.0,0.0,0.0,0.0,141.52437169122828,0.0,0.0,-412.61133498602527,0.0,0.0,0.0,0.0,0.0,2.00507087332142,0.026039881471706647,0.0,0.0,0.0,0.0,-193.32606303625434,0.0,0.0,0.0,0.0,187.98006720288538,0.0,0.0,0.0,0.0,0.0,-613.5021425840526,-613.5021425840526,0.0,0.0,0.0,0.0,393.1999914801495,0.0,0.0,-613.476102702581,0.0,0.0,0.0,-1000.0,-187.97899415621868,0.0,0.0,0.0,0.0,0.0,0.0,0.0,0.0,0.0,0.0,0.0,0.0,0.0,0.0,-1000.0,0.0,0.0,0.0,0.0,0.0,0.0,202.80547770821812,-661.676085633932,661.676085633932,271.086963294797,0.0,0.0,0.0,0.0,0.0,0.0,0.0,-508.8063009098157,0.0,0.0,0.0,0.0,0.0,0.0,0.0,0.0,0.0,0.0,0.0,0.0,0.0,36.86882321362941,277.85858059531165,844.6247086780013,0.0,0.0,0.0,0.0,-117.33505550701179,0.0,0.0,0.0,0.0,88.06907553665756,0.0,0.0,0.0,896.8136572740979,0.0,0.0,0.0,0.0,0.0,0.8384841833882035,0.0,174.11656497037467,0.0,493.66014586585914,782.0493896579178,0.0,0.0,-844.6247086780013,0.0,0.0,271.086963294797,-2.6560679101140785,0.0,0.0,0.0,-92.98670715258905,0.0,0.0,-187.49999999999932,0.0,0.0,-1000.0,812.5000000000007,-812.5000000000007,-954.0408281700372,0.0,-649.0744970100654,0.0,0.0,-64.95591196926554,0.0,0.0,0.0,-534.6053908691331,0.0,534.6053908691331,0.0,-197.02076719151594,0.0,0.0,0.0,0.0,0.0,0.0,88.06907553665756,-0.03905982220755997,0.0,0.0,0.0,0.0,0.026039881471706647,0.0,0.0,0.0,663.48107861694,-506.30079431193326,0.0,-25.430398905412797,857.1522901621124,187.97899415621868,-337.7545949677879,0.0,0.0,0.0,-38.145598358119194,0.0,0.0,0.0,821.20208769471,-821.20208769471,0.0,-127.2254668953106,-1000.0,0.0,0.0,0.0,0.0,0.0,0.0,0.0,0.0,0.0,0.0,0.0,0.0,0.0,0.0,0.0,0.0,896.8136572740979,-688.8905296858255,0.0,-1000.0,0.0,0.0,0.0,0.0,0.0,0.0,-2.8435550567096235,0.0,405.92808312829777,0.0,0.0,0.0,523.9812602557574,0.0,0.0,0.0,297.2208274389526,1000.0,-1.3019940735853324,0.0,-858.5068218910769,0.0,-1.3019940735853324,0.0,-0.6509970367926662,0.0,-557.0081201246245,0.0,-559.0998495462032,160.57367127191392,0.0,181.92852941188667,0.0,0.0,0.0,0.0,0.0,0.0,0.0,-36.86882321362941,36.86882321362941,36.86882321362941,287.93762206377784,0.0,0.0,-416.50741527400845,0.0,0.0,0.0,0.0,0.0,-94.94881222148184,0.0,0.0,0.0,0.0,0.0,0.0,0.0,-97.39601185282933,0.052079762943606056,0.0,0.0,0.0,0.0,0.0,0.0,0.0,0.0,0.0,0.0,0.0,0.0,0.0,0.0,0.0,0.0,0.0,0.0,0.0,0.02864386961882906,0.02864386961882906,0.0,0.0,0.0,15.62392888302399,0.0,0.0,0.0,1000.0,0.0,41.34642783541727,0.0,0.0,0.0,627.6817874210816,-1000.0,0.0,0.0,0.0,0.0,0.0,0.0,0.0,0.0,0.0,0.0,0.0,0.0,0.0,104.62047176730788,-663.48107861694,193.32606303625434,0.0,2.00507087332142,0.0,0.0,0.0,-153.7519077877852,0.0,627.6817874210816,0.0,-469.71422443174777,1000.0,0.0,0.0,36.86882321362941,0.0,0.0,0.0,0.0,0.0,0.0,0.0,0.0,0.0,0.0,0.0,0.0,0.0,15.62392888302399,271.086963294797,271.086963294797,0.0,0.0,0.0,0.0,0.0,0.0,0.0,0.0,0.0,0.0,0.2603988147170665,0.0,0.0,0.0,0.0,0.0,202.80547770821812,0.0,0.0,181.92852941188667,0.0,0.0,0.0,0.0,0.0,0.0,0.0,0.0,0.0,0.0,1000.0,195.28377712663575,0.0,7.811964441511995,7.811964441511995,1000.0,-1000.0,0.0,0.0,0.0,0.0,0.0,0.0,0.0,127.2254668953106,0.0,220.53767256629598,0.026039881471706647,0.0,0.0,0.0,2.0999304415397715,0.0,0.0,0.0,0.0,0.0,0.0,0.0,0.0,0.0,0.0,0.0,0.0,0.0,0.0,0.0,0.0,0.0,0.026039881471706647,0.0,0.0,0.0,0.0,0.0,0.0,0.0,0.0,0.0,-4.145549130294956,407.2300772018831,0.0,0.0,-311.1094703141745,-1.9529911103779987,-1.3019940735853324,0.0,0.0,0.0,0.0,0.0,0.0,0.0,0.0,0.0,0.0,0.0,0.0,271.086963294797,187.97899415621868,0.0,0.0,-557.7978554726179,0.0,0.0,0.0,-0.026039881471706647,0.0,0.0,0.026039881471706647,0.0,0.026039881471706647,0.0,0.0,0.0,15.62392888302399,31.76865539548211,31.76865539548211,0.0,0.0,0.0,0.0,0.0,0.0,0.0,193.32606303625434,0.0,0.0,0.0,0.0,0.0,823.4441214894239,0.0,0.0,0.0,0.0,0.0,0.0,0.0,0.0,0.0,0.0,0.0,0.0,0.0,153.7519077877852,0.0,0.0,0.0,0.03905982220755997,0.0,0.0,0.0,-181.92852941188667,0.0,0.0,0.0,0.0,0.0,0.0,1.3019940735853324,0.0,0.0,0.0,0.0,-393.1999914801495,-1.3019940735853324,0.0,0.0,0.0,0.0,0.0,0.0,0.0,0.0,271.086963294797,0.0,0.0,312.61883263364757,-36.86882321362941,0.0,494.44868427414764,-38.145598358119194,0.0,0.0,405.92808312829777,-405.92808312829777,0.0,-34.42472330559619,0.0,1.3019940735853324,1000.0,0.0,0.0,0.0,-94.94881222148184,0.0,0.0,0.0,0.0,0.0,0.0,0.0,0.0,0.0,1.9529911103779987,-5.858973331134154,31.76865539548211,0.0,-540.54276940789,-540.54276940789,540.5427694078901,0.0,0.0,0.0,0.0,0.0,0.8384841833882035,0.0,0.0,0.0,-2.0999304415397715,-101.28896885304528,-80.92209930576814,7.811964441511995,0.0,0.0,0.0,0.0,-24.039976080938843,0.0,0.0,0.02864386961882906,0.0,0.0,0.0,15.884327697741055,0.0,0.0,0.0,0.0,277.85858059531165,0.0,0.0,0.0,0.0,0.0,0.0,0.0,0.0,-1000.0,0.0,0.002603988147170595,0.002603988147170595,0.0,0.0,0.0,0.0,0.0,0.0,0.0,0.0,0.0,0.0,0.0,0.0,0.0,0.0,0.0,0.0,0.0,0.0,0.0,0.0,0.0,0.0,0.0,0.0,0.0,0.0,0.0,0.0,0.0,0.0,-406.6444250479697,0.0,0.0,0.0,15.623928883024007,0.0,0.0,0.0,0.0,0.0,-354.71981593584394,339.09588705281993,0.0,0.0,0.0,0.0,0.0,0.0,0.0,0.0,0.0,0.0,0.0,0.0,-1000.0,-1000.0,841.281440297543,0.0,-181.92852941188667,0.0,311.0053107882876,0.0,0.0,0.0,0.0,0.0,0.0,0.0,0.0,0.0,0.0,0.0,0.0,0.0,0.0,0.0,0.0,0.0,-3.2549851839633313,271.086963294797,-1.9529911103779987,827.35010371018,0.0,0.0,0.0,0.0,0.0,-0.32549851839633315,0.0,94.94881222148184,0.0,0.0,0.0,0.0,0.0,0.0,0.0,220.53767256629598,7.811964441511995,7.811964441511995,0.0,0.0,0.0,0.0,0.0,0.02864386961882906,0.0,0.0,0.0,-311.0053107882876,0.0,0.0,0.0,0.0,0.0,0.0,0.0,0.0,0.0,0.0,0.0,0.0,0.0,0.0,0.0,0.0,0.0,8.07236325622906,0.0,27.34187554529198,2.00507087332142,0.0,0.0,0.0,0.0,0.0,0.0,0.0,0.0,0.0,0.0,0.0,-3.2549851839633313,0.0,0.0,0.0,0.0,0.0,0.0,0.0,0.0,0.0,0.0,0.0,0.0,0.0,0.0,0.0,0.0,0.0,0.0,-0.026039881471706647,0.0,0.0,1.3019940735853324,-627.6817874210816,0.0,0.0,0.0,0.0,271.086963294797,0.0,0.0,0.0,-821.20208769471,0.6509970367926662,0.0,0.0,0.0,0.026039881471706647,0.0,26.039881471706646,0.0,5.2079762943413295,0.1859991533693332,88.79599581851966,-0.019529911103779985,1.3019940735853324,0.520797629434133,-0.13019940735858881,-88.79599581851966,7.811964441511995,-0.026039881471706647,12.715199452706399,0.0,0.006509970367926662,0.1859991533693332,-38.145598358119194,-4.145549130294956,-0.520797629434133,-87.05478064009708,-0.026039881471706647,0.006509970367926662,-88.79599581851966,2.6039881471706647,0.026039881471706647,0.026039881471706647,0.05468375109053571,0.028643869618877243,-122.38373539794705,-0.019529911103779985,7.811964441511995,0.026039881471706647,181.92852941188667,161.09662423452133,-0.013019940735853323,10.694864911300073,114.70502747836942,-0.019529911103779985,-0.026039881471706647,0.0,0.026039881471706647,2.6039881471706647,-0.520797629434133,153.7519077877852,153.7519077877852,-2.6039881471706647,87.05478064009708,-153.7519077877852,5.2079762943413295,0.03905982220755997,-656.4969183815549,2.6039881471706647,-104.62047176730788,0.0,-5.2079762943413295,0.013019940735853323,0.2603988147170665,6.357599726353199,-31.660846919288083,-0.026039881471706647,-5.858973331134154,-0.05468375109053571,8.07236325622906,0.026039881471706647,4.145549130294956,-205.36442273642322,0.0,-0.026039881471706647,-0.006509970367926662,0.0,-0.026039881471706647,-97.39601185282933,0.026039881471566596,-0.006509970367926662,-0.006509970367926662,-0.006509970367926662,10.415952588682659,-161.09662423452133,0.2603988147170665,19.29229718535032,-0.006509970367926662,0.0,1.3019940735853324,50.0,0.026039881471706647,0.013019940735853323,0.013019940735853323,2.6039881471706647,0.0,0.026039881471706647,0.0,0.2603988147170665,0.026039881471706647,-19.29229718535032,0.026039881471706647,0.10415952588687105,0.13019940735858881,0.013019940735853323,0.006509970367926662,7.811964441511995,-0.026039881471706647,122.38373539794705,0.2603988147170665,-38.58459437070064,0.6509970367926663,-2.6039881471706647,5.2079762943413295,1.3019940735853324,-0.026039881471706647,38.145598358119194,0.03905982220755997,-0.026039881471706647,-5.2079762943413295,0.0,-9.280726182035352,0.013019940735853323,-100.0,-0.026039881471706647,-0.026039881471566596,-0.02603988147170665,0.013019940735853323,88.79599581851966,-5.2079762943413295,0.026039881471706647,12.715199452706399,-0.006509970367926662,-0.028643869618877243,-12.715199452706399,3.9059822207559964,-114.70502747836942,-230.2775597227951,88.79599581851966,-0.019529911103779985,5.858973331134154,31.660846919288083,0.026039881471706647,-0.00650997036792666,1.3019940735853324,26.039881471706646,-0.013019940735853323,-0.026039881471706647,0.006509970367926662,1000.0,0.0,610.5247266108563,0.0,-255.0,0.0,669.5405547972002,-140.0,0.0,-80.0,-255.0,-306.3305975322346,-45.95917182996276,40.0,127.5,127.5,0.0,70.0,0.0,33.320702262974194,45.95917182996276,306.3305975322346,33.320702262974194,-669.5405547972002,436.1504946932264,0.0,1496.5981,hplb
136,0.0,0.0,0.0,0.0,0.0,0.0,0.0,0.0,-0.013860083465788212,0.0,0.0,0.0,0.0,0.0,0.0,0.0,-315.07488355997043,615.0748835599704,0.0,0.0,0.0,0.0,0.0,103.40256548998082,0.0,0.0,0.0,0.0,0.0,-380.7023608792157,5.052333297517009,-5.052333297517009,1.974305394597993,0.0,0.0,0.0,0.0,941.6283454065399,0.0,-1000.0,995.8419749602635,0.0,0.0,0.0,0.0,0.0,0.0,0.0,630.1497671199409,0.0,0.0,0.0,0.0,0.015246091812380742,0.0,0.0,0.0,0.0,0.0,0.0,13.571198675493335,0.0,-44.70226275108194,-394.2264495972059,0.0,0.0,0.0,0.0,0.0,0.0,0.0,0.13860083465788214,0.0,0.0,0.0,0.0,0.0,0.0,0.0,0.0,0.0,0.0,63.403392098883444,0.0,8.316050079472928,0.0,104.55587404865209,0.0,-91.91675335758828,315.0956736851691,-0.0034650208664470535,0.0,0.0,652.7165390460495,4.158025039736464,0.0,4.158025039736464,0.0,0.0,0.0,63.403392098883444,999.6534979133553,-1000.0,0.0,0.0,0.0,0.0,0.0,0.0,0.0,0.0,0.0,0.0,0.0,0.0,0.0,0.0,0.0,0.0,0.0,0.0,0.0,0.0,0.0,-398.0491442815668,0.0,0.0,4.158025039736464,0.0,4.296625874394348,0.0,0.0,665.4778059755358,-665.4778059755358,0.0,0.0,584.2663185208537,1000.0,-1000.0,-947.3617040424709,0.0,0.0,0.0,0.0,0.0,42.21970837663433,0.013860083465788212,0.0,0.0,0.0,-944.546300976618,944.546300976618,0.0,0.0,0.0,0.0,330.08663533185023,0.0,0.0,0.0,0.0,0.0,348.83279615227406,348.83279615227406,0.0,0.0,0.0,0.0,781.2500000000007,0.0,0.0,353.89898953325684,0.0,0.0,0.0,-1000.0,0.0,0.0,0.0,0.0,0.0,0.0,0.0,0.0,0.0,0.0,-1000.0,0.0,0.0,0.0,0.0,-1000.0,0.0,0.0,0.0,0.0,0.0,0.0,0.0,15.07488355997043,-15.07488355997043,363.09538552161723,0.0,0.0,0.0,0.0,0.0,0.0,619.2976391207843,-679.5045271263812,0.0,0.0,0.0,0.0,0.0,0.0,0.0,0.0,0.0,0.0,0.0,0.0,0.0,590.9229739212125,6.132330434334457,65.62747731924526,0.0,0.0,0.0,0.0,-280.99885422785195,0.0,0.0,0.0,0.0,13.571198675493335,65.62747731924526,5.052333297517009,0.0,0.0,0.0,0.0,0.0,0.0,0.0,829.9091462417169,21.25135308640631,0.0,0.0,0.0,-106.99163691755871,645.2246506799113,0.0,-65.62747731924526,0.0,0.0,363.09538552161723,16.909301828261622,0.0,0.0,0.0,-485.19747272013785,0.0,0.0,743.5188812128235,0.0,0.0,743.5188812128235,0.0,0.0,-76.84186979761785,0.0,0.0,0.0,0.0,-43.426898424216176,0.0,0.0,0.0,-1000.0,0.0,1000.0,0.0,846.2836986740241,0.0,0.0,0.0,0.0,0.0,0.0,13.571198675493335,-0.02079012519868232,0.0,0.0,0.0,0.0,0.013860083465788212,0.0,0.0,0.0,83.83629742478126,-315.07488355997043,0.0,-935.4243267761449,633.2272356779441,0.0,1000.0,0.0,810.272323171312,0.0,0.0,0.0,0.0,0.0,544.2134485049115,-878.1316796585791,-476.35409201764446,-1000.0,-1000.0,0.0,0.0,0.0,0.0,0.0,0.0,0.0,0.0,0.0,0.0,0.0,0.0,0.0,0.0,0.0,0.0,0.0,941.6837857404033,0.0,0.0,0.0,0.0,824.4105182565992,96.9420838873358,0.0,0.0,-867.0765213208342,0.0,0.0,0.0,0.0,998.9604937400659,1000.0,0.0,-1000.0,0.0,-121.86832034142095,-781.1334935883831,-0.6930041732894107,0.0,-87.71531206035547,0.0,258.45417707565133,-955.6618202155416,-0.34650208664470533,0.0,806.945474085065,0.0,-531.5438018618456,0.0,415.6416156866332,4.158025039736464,0.0,0.0,0.0,0.0,0.0,0.0,0.0,-590.9229739212125,590.9229739212125,590.9229739212125,233.78512914772517,0.0,0.0,-806.0800514536552,0.0,0.0,619.2976391207843,0.0,0.0,-126.84124007332642,0.0,0.0,0.0,0.0,0.0,0.0,0.0,1.974305394597993,0.02772016693189636,0.0,0.0,0.0,0.0,0.0,0.0,0.0,0.0,0.0,0.0,0.0,0.0,0.0,0.0,0.0,0.0,0.0,0.0,0.0,0.015246091812380742,0.015246091812380742,5.052333297517009,389.3606733993066,0.0,8.316050079472928,0.0,0.0,0.0,1000.0,0.0,0.0,104.55587404865209,0.0,0.0,823.8171780107492,-1000.0,0.0,0.0,468.87453487866475,0.0,0.0,0.0,0.0,0.0,0.0,0.0,0.0,0.0,0.0,132.6830480938556,-83.83629742478126,0.0,192.90152993735836,105.62310047551777,0.0,570.6200077522842,82.0965312937653,0.0,0.0,823.8171780107492,0.0,1000.0,-174.2085165946528,0.0,0.0,590.9229739212125,0.0,0.0,0.0,0.0,0.0,0.0,0.0,0.0,0.0,0.0,0.0,0.0,0.0,8.316050079472928,363.09538552161723,363.09538552161723,0.0,0.0,0.0,0.0,0.0,0.0,0.0,0.0,0.0,0.0,0.13860083465788214,0.0,5.052333297517009,104.55587404865209,-104.55587404865209,5.052333297517009,0.0,0.0,0.0,4.158025039736464,-468.87453487866475,0.0,0.0,0.0,192.90152993735836,0.0,0.0,0.0,0.0,0.0,693.436083906992,-951.6768662825093,0.0,4.158025039736464,4.158025039736464,1000.0,-1000.0,0.0,0.0,0.0,0.0,0.0,0.0,0.0,1000.0,619.2976391207843,866.0730846426759,0.013860083465788212,0.0,0.0,18.304220228497023,0.0,0.0,0.0,-652.7165390460495,0.0,0.0,0.0,0.0,0.0,0.0,0.0,0.0,0.0,0.0,0.0,0.0,0.0,0.0,0.013860083465788212,0.0,0.0,0.0,0.0,0.0,0.0,0.0,0.0,0.0,-43.35900723752441,0.6930041732894107,0.0,0.0,-941.6837857404033,-1.039506259934116,-0.6930041732894107,0.0,0.0,0.0,0.0,0.0,0.0,0.0,0.0,0.0,0.0,0.0,0.0,363.09538552161723,0.0,0.0,0.0,-115.20918200192307,0.0,0.0,0.0,-0.013860083465788212,0.0,0.0,0.013860083465788212,0.0,0.013860083465788212,0.0,0.0,0.0,8.316050079472928,16.909301828261622,16.909301828261622,0.0,0.0,0.0,0.0,0.0,0.0,0.0,0.0,0.0,619.2976391207843,0.0,0.0,545.4068016913159,0.0,0.0,0.0,0.0,0.0,0.0,0.0,0.0,0.0,0.0,0.0,0.0,0.0,0.0,82.0965312937653,0.0,0.0,0.0,0.02079012519868232,0.0,0.0,0.0,-4.158025039736464,0.0,0.0,0.0,0.0,0.0,-389.3606733993066,0.6930041732894107,0.0,0.0,0.0,0.0,-781.2500000000007,823.7175140833098,0.0,0.0,0.0,0.0,0.0,0.0,0.0,0.0,363.09538552161723,0.0,468.87453487866475,-306.71178887461235,-201.56230052190585,0.0,322.22798330684236,0.0,0.0,0.0,0.0,0.0,0.0,0.0,0.0,0.6930041732894107,648.6739956158591,0.0,0.0,-5.052333297517009,-335.9529881706306,0.0,0.0,1000.0,-1000.0,0.0,0.0,0.0,0.0,0.0,997.9209874801317,0.0,16.909301828261622,0.0,688.8132140750336,688.8132140750336,-683.7608807775166,0.0,0.0,0.0,0.0,0.0,829.9091462417169,0.0,0.0,392.4791921791091,-18.304220228497023,1000.0,0.0,4.158025039736464,104.55587404865209,0.0,0.0,0.0,224.11085096073208,0.0,0.0,0.015246091812380742,0.0,0.0,0.0,8.454650914130811,0.0,0.0,0.0,0.0,6.132330434334457,0.0,0.0,0.0,0.0,0.0,0.0,0.0,0.0,-1000.0,0.0,0.001386008346578861,0.001386008346578861,0.0,0.0,0.0,0.0,0.0,0.0,0.0,0.0,0.0,18.304220228497023,5.052333297517009,0.0,0.0,0.0,0.0,389.3606733993066,0.0,0.0,0.0,0.0,0.0,0.0,0.0,0.0,0.0,0.0,0.0,209.11174809730417,0.0,0.0,615.0748835599704,0.0,0.0,0.0,8.316050079472928,0.0,0.0,0.0,0.0,0.0,0.0,-8.316050079472928,0.0,209.11174809730417,0.0,0.0,0.0,0.0,0.0,0.0,0.0,5.052333297517009,5.052333297517009,0.0,-866.0730846426759,-1000.0,554.9009588653809,0.0,-4.158025039736464,0.0,941.6283454065399,0.0,0.0,0.0,0.0,0.0,0.0,0.0,0.0,0.0,0.0,0.0,0.0,0.0,0.0,0.0,0.0,0.0,-1.7325104332235268,363.09538552161723,-1000.0,544.3672954313816,0.0,0.0,0.0,0.0,0.0,-1000.0,999.8267489566776,126.84124007332642,0.0,0.0,0.0,0.0,0.0,0.0,0.0,1000.0,4.158025039736464,4.158025039736464,0.0,0.0,0.0,0.0,0.0,0.015246091812380742,389.3606733993066,0.0,0.0,-941.6283454065399,0.0,0.0,0.0,0.0,0.0,0.0,0.0,0.0,0.0,0.0,0.0,0.0,0.0,0.0,0.0,0.0,0.0,0.0,0.0,14.553087639077624,105.62310047551777,0.0,0.0,0.0,0.0,0.0,389.3606733993066,0.0,0.0,0.0,0.0,0.0,-1.7325104332235268,0.0,0.0,0.0,0.0,0.0,0.0,0.0,0.0,0.0,0.0,0.0,0.0,0.0,0.0,0.0,0.0,0.0,0.0,-0.013860083465788212,0.0,0.0,0.6930041732894107,-823.8171780107492,0.0,0.0,0.0,0.0,363.09538552161723,0.0,0.0,0.0,-544.2134485049115,0.34650208664470533,0.0,0.0,0.0,0.013860083465788212,0.0,13.860083465788213,-4.296625874394348,2.7720166931576427,0.09900059618420153,38.669632869549126,-0.01039506259934116,548.6442929869902,0.2772016693157643,-0.06930041732925929,-38.669632869549126,4.158025039736464,-0.013860083465788214,0.0,0.0,0.0034650208664470535,0.09900059618420153,0.0,-106.76239933640785,4.775131628201188,-300.0,-0.013860083465788214,0.0034650208664470535,-38.669632869549126,1.3860083465788213,0.013860083465788214,0.013860083465788212,-389.33156722402845,-104.54062795683971,0.0,-0.01039506259934116,4.158025039736464,0.013860083465788214,4.158025039736464,-6.930041732894107,-0.006930041732894107,-330.08663533185023,279.59898579780736,-0.01039506259934116,-0.013860083465788214,-4.296625874394348,0.013860083465788212,1.3860083465788213,-0.2772016693157643,82.0965312937653,82.0965312937653,-1.3860083465788213,300.0,-82.0965312937653,2.7720166931576427,0.02079012519868232,-1000.0,1.3860083465788213,-132.6830480938556,0.0,-2.7720166931576427,0.006930041732894107,0.13860083465788214,233.85608169403622,-198.79028382874822,-0.013860083465788212,-392.4791921791091,389.33156722402845,4.296625874394348,0.013860083465788214,106.76239933640785,-16.63210015894584,0.0,-0.013860083465788212,-0.0034650208664470535,0.0,-0.013860083465788214,1.974305394597993,0.013860083465788214,-0.0034650208664470535,-0.0034650208664470535,-0.0034650208664470535,5.544033386315285,6.930041732894107,0.13860083465788214,10.26858933771939,-0.0034650208664470535,467.71216338807244,0.6930041732894107,-0.2941485240095858,0.013860083465788212,0.006930041732894107,0.006930041732894107,1.3860083465788213,4.296625874394347,0.013860083465788212,-4.296625874394348,0.13860083465788214,0.013860083465788214,-10.26858933771939,0.013860083465788214,0.05544033386347281,0.06930041732925929,0.006930041732894107,0.0034650208664470535,4.158025039736464,-0.013860083465788214,0.0,-2.387565814100594,-20.53717867543878,548.2977909003456,-1.3860083465788213,2.7720166931576427,0.6930041732894107,-0.013860083465788214,0.0,0.02079012519868232,-0.013860083465788214,-2.7720166931576427,4.296625874394347,-128.32004341351177,0.006930041732894107,0.5882970480191716,-0.013860083465788214,-0.013860083465788214,-0.013860083465788214,0.006930041732894107,38.669632869549126,-2.7720166931576427,0.013860083465788212,467.71216338807244,-0.0034650208664470535,104.54062795683971,-467.71216338807244,2.0790125198682317,-279.59898579780736,246.7844439924038,38.669632869549126,-0.01039506259934116,392.4791921791091,198.79028382874822,0.013860083465788214,-0.003465020866447053,0.6930041732894107,13.860083465788213,-0.006930041732894107,-0.013860083465788214,0.0034650208664470535,987.4140056352978,0.0,761.7392660707159,0.0,-255.0,18.47933639324867,139.93515354438466,-2.280613239191926,0.0,-80.0,-236.5571458408828,-325.0,-238.25380388755127,40.0,127.5,118.2785729204414,0.0,1.140306619595963,-389.3606733993066,-95.79080754722031,238.25380388755127,325.0,-95.79080754722031,-139.93515354438466,77.59062267837584,-18.47933639324867,1496.5981,hplb
137,0.0,0.0,0.0,0.0,0.0,0.0,0.0,0.0,-0.0006201269260253737,0.0,0.0,0.0,0.0,0.0,0.0,0.0,679.3949082019758,-316.548258727094,0.0,-62.846649474881815,0.0,0.0,0.0,0.0,0.0,0.0,0.0,0.0,0.0,140.23631864388756,41.22749914386311,-41.22749914386311,129.53517306799057,0.0,0.0,0.0,0.0,82.19903114883823,0.0,-1000.0,797.0214374410845,0.0,0.0,0.0,0.0,0.0,556.6874024746924,191.18793101757439,-819.6312268458634,0.0,0.0,0.0,0.0,0.0006821396186285243,0.0,0.0,0.0,191.31195640277946,0.0,0.0,117.86280594938125,0.0,-383.6888198315879,-814.9849650300348,0.0,0.0,0.0,0.0,0.0,943.8633110654855,0.0,0.006201269260253736,0.0,0.0,0.0,0.0,0.0,0.0,0.0,0.0,0.0,0.0,-76.74221942065456,0.0,0.37207615561522417,0.0,51.39306554065509,368.0897427864786,-451.54148405938463,0.0,0.0,0.0,0.0,0.0,0.18603807780761208,0.0,206.18193972880277,0.0,0.0,0.0,0.0,0.031006346301268684,0.0,0.0,0.0,-10.451122126944295,47.33387898991562,1000.0,0.0,0.0,0.0,0.0,0.0,0.0,0.0,0.0,0.0,0.0,0.0,0.0,0.0,0.0,0.0,0.0,-944.9101492064233,0.0,0.0,206.18193972880277,0.0,0.1922393470678658,0.0,0.0,-793.1352238809418,343.15299427605606,449.98222960488573,-449.98222960488573,412.6113349860252,0.0,0.0,-961.7702861338533,0.0,0.0,0.0,0.0,0.0,128.1830347346136,0.0006201269260253735,0.0001550317315063434,0.0,0.0,-47.33387898991562,0.0,0.0,0.0,76.74221942065456,0.0,-24.432650175055265,0.0,0.0,0.0,0.0,0.0,-207.95398763363974,-207.95398763363974,0.0,0.0,0.0,468.75,-82.1832351890977,0.0,0.0,-166.7258683628506,0.0,0.0,0.0,-1000.0,-381.0561532585057,0.0,0.0,0.0,0.0,0.0,0.0,0.0,0.0,0.0,-328.36033946645875,0.0,0.0,0.0,0.0,-1000.0,0.0,0.0,0.0,0.0,0.0,0.0,0.0,451.54148405938463,-451.54148405938463,476.6482060503856,0.0,0.0,0.0,0.0,0.0,0.0,140.23631864388756,1000.0,0.0,0.0,0.0,0.0,0.0,0.0,0.0,0.0,0.0,0.0,0.0,0.0,0.0,184.51696222357558,106.24395242140531,0.0,0.0,0.0,0.0,0.0,-476.6482060503856,0.0,0.0,0.0,0.0,117.86280594938125,0.0,41.22749914386311,0.0,0.0,0.0,0.0,0.0,0.0,0.0,41.24746723088114,0.0,205.99590165099517,0.0,679.3939780115868,-223.68899010718246,0.0,0.0,0.0,0.0,0.0,549.1589511478281,960.1412315701788,0.0,0.0,0.0,-285.801424124219,0.0,0.0,-18.65742901178288,312.49999999999335,0.0,-331.15742901177623,0.0,-312.49999999999335,0.0,0.0,523.6880599167936,0.0,0.0,1.7301541236107922,0.0,0.0,0.0,436.00892142506115,0.0,-436.00892142506115,0.0,235.78109723602444,72.51074509744251,0.0,954.6995216738736,468.75,0.0,0.0,117.86280594938125,-0.0009301903890380603,0.0,0.0,0.0,0.0,0.0006201269260253737,0.0,0.0,0.0,752.5705930403161,679.3949082019758,0.0,-189.59823908615434,642.8653490196785,381.0561532585057,780.8166574576497,0.0,0.0,0.0,-10.451122126944295,0.0,0.0,0.0,-0.05339292833078527,-135.64565277328182,135.69904570161262,-43.598609773526974,-1000.0,0.0,0.0,0.0,0.0,0.0,0.0,0.0,0.0,0.0,0.0,0.0,0.0,0.0,0.0,0.0,0.0,0.0,-734.7831556796136,0.0,-816.9846673361559,76.74221942065456,0.0,0.0,0.0,0.0,0.0,-128.20300282163157,0.0,0.0,0.0,884.5076801124474,0.0,0.0,0.0,146.0227286045166,0.0,135.64565277328182,-474.2900490320716,0.0,-21.04172671995309,-1000.0,0.0,-146.05373495081787,1000.0,-0.015503173150634342,-0.031006346301268684,-1000.0,0.0,31.496318416941016,1000.0,0.0,206.18193972880277,0.0,0.0,0.0,0.0,0.0,0.0,0.0,-184.51696222357558,184.51696222357558,184.51696222357558,265.32709674173924,0.0,0.0,0.0,0.0,0.0,140.23631864388756,0.0,0.0,-210.64720816775534,0.0,0.0,222.38671971223746,0.0,0.0,0.0,0.0,-99.93798730739746,0.0012402538520500598,0.0,0.0,0.0,0.0,0.0,0.0,0.0,0.0,0.0,871.352565968043,0.0,0.0,0.0,0.0,0.0,0.0,0.0,0.0,0.0,0.0006821396186285243,0.0006821396186285243,41.22749914386311,152.4159334223453,0.0,0.37207615561522417,0.0,0.0,0.0,-811.2223959008497,0.0,447.1786841658982,51.39306554065509,0.0,0.0,647.729505666529,811.2223959008497,0.0,0.0,0.0,0.0,0.0,222.38671971223746,0.0,0.0,0.0,0.0,0.0,0.0,0.0,314.97004973547445,-752.5705930403161,0.0,0.0,51.44081531395904,0.0,0.0,0.0,0.0,0.0,647.729505666529,0.0,914.4150838657579,-366.6235655066264,0.0,0.0,184.51696222357558,0.0,0.0,0.0,0.0,0.0,0.0,0.0,0.0,0.0,0.0,0.0,0.0,0.0,0.37207615561522417,549.1589511478281,549.1589511478281,0.0,0.0,0.0,0.0,0.0,0.0,0.0,0.0,0.0,0.0,0.006201269260253736,0.0,41.22749914386311,51.39306554065509,-51.39306554065509,41.22749914386311,0.0,0.0,0.0,206.18193972880277,0.0,0.0,0.0,0.0,0.0,0.0,0.0,0.0,0.0,0.0,52.87279897445564,0.0,0.0,0.18603807780761208,0.18603807780761208,-702.4146180756827,811.2223959008497,0.0,222.38671971223746,0.0,0.0,0.0,0.0,0.0,-956.401390226473,140.23631864388756,-810.8285331595662,0.0006201269260253735,0.0,0.0,-848.889877444556,849.7088436399334,0.0,0.0,0.0,0.0,-72.51074509744251,0.0,0.0,0.0,0.0,0.0,0.0,0.0,0.0,0.0,0.0,0.0,0.0,0.0006201269260253735,0.0,0.0,0.0,638.6799861228652,-638.6799861228652,0.0,0.0,0.0,0.0,0.0,120.9540979296055,0.0,0.0,-331.35861240777933,-0.04650951945190302,-0.03100634630126868,0.0,0.0,0.0,0.0,0.0,0.0,0.0,0.0,0.0,0.0,0.0,0.0,549.1589511478281,381.0561532585057,0.0,0.0,31.527324763242284,0.0,0.0,0.0,-0.0006201269260253737,0.0,0.0,0.0006201269260253737,0.0,0.0006201269260253735,0.0,0.0,0.0,0.37207615561522417,0.7565548497509558,0.7565548497509558,0.0,0.0,0.0,0.0,0.0,0.0,0.0,0.0,0.0,140.23631864388756,0.0,0.0,0.0,0.0,0.0,0.0,0.0,0.0,0.0,0.0,0.0,0.0,0.0,0.0,0.0,0.0,0.0,0.0,0.0,-905.4743000208196,905.4743000208196,0.0009301903890380603,0.0,0.0,0.0,-206.18193972880277,0.0,0.0,0.0,0.0,0.0,-152.4159334223453,0.031006346301268684,0.0,0.0,0.0,-468.75,82.1832351890977,-711.2943774259595,0.0,0.0,0.0,0.0,0.0,0.0,0.0,0.0,549.1589511478281,0.0,0.0,0.0,-32.101028801230285,0.0,297.6628977900705,-10.451122126944295,249.15710075123707,-839.4973802475911,0.0,590.340279496354,76.74221942065456,959.3846767204278,0.0,0.03100634630126868,992.314422653796,0.0,46.117673505140715,-41.22749914386311,-313.4333392490655,0.0,0.0,0.0,0.0,0.0,0.0,0.0,0.0,0.0,328.267320427555,0.0,0.7565548497509558,0.0,539.3967615550333,539.3967615550333,-498.1692624111702,0.0,0.0,0.0,0.0,0.0,41.24746723088114,0.0,0.0,152.55546198070098,-872.1715321634204,-124.20418320249486,0.0,0.18603807780761208,51.39306554065509,0.0,0.0,0.0,-288.39518857383587,0.0,0.0,0.0006821396186285243,0.0,0.0,0.0,0.3782774248754779,0.0,0.0,0.0,0.0,106.24395242140531,0.0,47.33387898991562,0.0,0.0,0.0,0.0,0.0,0.0,0.0,0.0,6.201269260253738e-05,6.201269260253738e-05,0.0,0.0,0.0,0.0,0.0,0.0,0.0,0.0,0.0,-848.889877444556,41.22749914386311,0.0,0.0,0.0,0.0,152.4159334223453,0.0,0.0,0.0,0.0,0.0,0.0,0.0,0.0,0.0,0.0,0.0,102.78613108131017,0.0,1000.0,-316.548258727094,0.0,0.0,0.0,0.37207615561522417,0.0,0.0,0.0,0.0,0.0,-0.37207615561522417,0.0,0.0,102.78613108131017,0.0,0.0,0.0,0.0,0.0,0.0,0.0,41.22749914386311,41.22749914386311,0.0,810.8285331595662,-1000.0,0.4247869443273809,-206.18193972880277,0.0,0.0,82.19903114883823,0.0,0.0,0.0,0.0,0.0,0.0,0.0,0.0,0.0,0.0,0.0,0.0,0.0,0.0,0.0,0.0,0.0,-0.07751586575317171,549.1589511478281,-0.04650951945190302,-0.0465095194519165,0.0,0.0,0.0,0.0,0.0,0.0,-0.00775158657531717,287.38942758840994,0.0,0.0,0.0,0.0,0.0,0.0,0.0,1000.0,0.18603807780761208,0.18603807780761208,0.0,0.0,0.0,0.0,0.0,0.0006821396186285243,152.4159334223453,0.0,0.0,-82.19903114883823,0.0,0.0,0.0,0.0,0.0,0.0,0.0,0.0,0.0,0.0,0.0,0.0,0.0,0.0,452.7371500104098,0.0,0.0,0.0,0.0,0.6511332723266423,0.0,0.0,51.44081531395904,0.0,0.0,0.0,152.4159334223453,0.0,711.2633710796582,0.0,0.0,0.0,-0.07751586575317171,0.0,0.0,0.0,0.0,0.0,0.0,0.0,0.0,0.0,0.0,0.0,0.0,0.0,0.0,0.0,0.0,0.0,0.0,-0.0006201269260253735,0.0,0.0,0.031006346301268684,-647.729505666529,0.0,0.0,0.0,0.0,549.1589511478281,0.0,0.0,0.0,0.05339292833078527,0.015503173150634342,0.0,0.0,0.0,0.0006201269260253737,0.0,0.6201269260253736,-0.1922393470678658,0.12402538520507472,0.0044294780430383825,1.7301541236107922,-0.0004650951945190302,0.031006346301254713,0.012402538520507473,-0.0031006346300586074,-1.7301541236107922,0.18603807780761208,-0.0006201269260253737,3.4837073756480983,222.38671971223746,0.0001550317315063434,0.004429478043038383,-10.451122126944295,-51.491789747278304,41.215096605342595,-300.0,-0.0006201269260253737,0.0001550317315063434,-1.7301541236107922,0.06201269260253736,0.0006201269260253737,0.0006201269260253737,-152.41463115580063,-51.39238340103646,-208.57091612149947,-0.0004650951945190302,0.18603807780761208,0.0006201269260253737,206.18193972880277,205.68583818798248,-0.0003100634630126868,253.9058105504433,476.58557323085705,-0.0004650951945190302,-0.0006201269260253737,-0.1922393470678658,0.0006201269260253737,0.06201269260253736,-0.012402538520507473,0.0,0.0,-0.06201269260253736,300.0,0.0,0.12402538520507474,0.0009301903890380603,-1000.0,0.06201269260253736,-314.97004973547445,222.38671971223746,-0.12402538520507472,0.0003100634630126868,0.006201269260253736,47.399559771538584,-31.97700341602521,-0.0006201269260253737,-152.55546198070098,152.41463115580063,0.1922393470678658,0.0006201269260253737,51.491789747278304,15.646665750011605,222.38671971223746,-0.0006201269260253737,-0.0001550317315063434,-222.38671971223746,-0.0006201269260253737,-147.27186629731307,0.000620126926037301,-0.0001550317315063434,-0.0001550317315063434,-0.0001550317315063434,0.24805077041014945,-205.68583818798248,0.006201269260253736,0.4594365363184352,-0.0001550317315063434,91.31541216742907,0.03100634630126868,50.0,0.0006201269260253737,0.0003100634630126868,0.00031006346301268686,75.0,0.1922393470678658,0.0006201269260253737,-0.1922393470678658,0.006201269260253736,0.0006201269260253737,-0.4594365363184352,0.0006201269260253737,0.0024805077040923607,0.0031006346300586074,0.0003100634630126868,0.0001550317315063434,0.18603807780761208,-0.0006201269260253737,208.57091612149947,-20.607548302671297,-0.9188730726368703,0.015503173150648308,-0.06201269260253736,0.12402538520507472,0.031006346301268684,-0.0006201269260253737,10.451122126944295,0.0009301903890380603,-0.0006201269260253737,-150.0,0.1922393470678658,532.9866449205365,0.00031006346301268686,-100.0,-0.0006201269260253737,-0.000620126926037301,-0.0006201269260253737,0.00031006346301268686,1.7301541236107922,-0.12402538520507472,0.0006201269260253737,94.79911954307717,-0.0001550317315063434,51.39238340103646,-94.79911954307717,0.09301903890380603,-476.58557323085705,162.9971316218537,1.7301541236107922,-0.0004650951945190302,152.55546198070098,31.97700341602521,0.0006201269260253737,-0.00015503173150634343,884.5386864587487,0.6201269260253736,-0.0003100634630126868,-0.0006201269260253737,0.0001550317315063434,1000.0,0.0,999.999689936537,0.0,-255.0,0.0,332.5711003139627,-140.0,0.0,-80.0,-255.0,-297.78692317527555,0.0,40.0,127.5,127.5,0.0,70.0,-152.4159334223453,-244.5914563467006,0.0,297.78692317527555,-244.5914563467006,-332.5711003139627,158.43121093567427,0.0,1496.5981,hplb
138,0.0,0.0,0.0,0.0,0.0,0.0,0.0,0.0,-2.3176199041025767e-05,0.0,0.0,0.0,0.0,0.0,0.0,0.0,0.0,131.80275080505436,0.0,0.0,0.0,0.0,0.0,1000.0,0.0,0.0,0.0,0.0,0.0,-626.9777443568125,0.0,0.0,102.41045345563221,0.0,0.0,0.0,0.0,0.09643947509636064,0.0,-1000.0,999.9930471402877,0.0,0.0,626.9777443568125,0.0,0.0,0.0,0.0,1000.0,-372.19100496976716,0.0,0.0,0.0,2.5493818938571167e-05,0.0,0.0,0.0,0.0,0.0,0.0,95.4798859485187,0.0,-231.4954829565391,-422.46137800536457,0.0,0.0,0.0,0.0,176.77438615733982,0.0,0.0,0.00023176199041025772,0.0,0.0,0.0,0.0,0.0,0.0,0.0,0.0,0.0,0.0,-707.0301548792921,0.0,0.013905719424615461,0.0,0.0,65.90137540252718,365.9013406382286,3.476429856153865e-05,769.7239643851756,0.0,0.0,-597.3153089075811,0.006952859712307731,0.0,0.006952859712307731,-0.0007462736110710466,0.0,0.0,0.0,0.0011588099520512885,-1000.0,0.0,0.0,-37.58903435036899,0.0,663.7179415857643,0.0,0.0,0.0,0.0,0.0,0.0,0.0,0.0,0.0,0.0,0.0,0.0,0.0,0.0,0.0,0.0,-381.22442284417286,0.0,0.0,0.006952859712307731,0.0,0.007184621702717988,0.0,0.0,0.0,0.0,0.0,0.0,-286.4457809973442,0.0,0.0,0.0,0.0,0.0,0.0,0.0,0.0,707.0319394466183,2.3176199041025767e-05,769.7239701792254,0.0,0.0,233.28518922025313,-546.6388154354019,0.0,0.0,707.0301548792921,0.0,-31.038101299470128,0.0,0.0,0.0,0.0,0.0,343.63367096129286,343.63367096129286,0.0,0.0,0.0,906.25,0.0,0.0,0.0,343.6336941374919,0.0,0.0,0.0,0.0,0.0,0.0,0.0,0.0,0.0,0.0,0.0,0.0,0.0,0.0,-802.6118340048852,0.0,0.0,0.0,0.0,-1000.0,0.0,0.0,0.0,0.0,0.0,372.19100496976716,0.0,-65.90137540252718,65.90137540252718,286.4457809973442,0.0,0.0,0.0,0.0,0.0,0.0,373.0222556431874,-361.6539060495396,0.0,0.0,0.0,0.0,0.0,0.0,0.0,0.0,0.0,0.0,0.0,0.0,0.0,613.5255131038926,340.59296382975526,-373.0222556431874,0.0,0.0,0.0,0.0,-184.04615619820999,0.0,0.0,0.0,0.0,95.4798859485187,-1000.0,0.0,0.0,0.0,0.0,0.0,0.0,0.0,0.0,0.0,0.004635239808205154,0.0,0.0,0.0,431.80271604075574,1000.0,0.0,373.0222556431874,0.0,0.0,286.4457809973442,-336.29084219367223,0.0,0.0,0.0,-95.89988811041849,0.0,0.0,-611.0319697515955,-1000.0,0.0,388.96803024840443,0.0,1000.0,299.99996523570144,0.0,-1000.0,372.19100496976716,0.0,-102.33496320380982,0.0,0.0,0.0,0.0,0.0,0.0,0.0,429.0100524244268,0.0,0.0,300.4719933068067,906.2499999999999,0.0,0.0,95.4798859485187,-3.476429856153865e-05,0.0,0.0,0.0,0.0,2.3176199041025767e-05,0.0,0.0,0.0,897.5934223411534,0.0,0.0,-352.1519206689382,163.71703438040407,0.0,1000.0,0.0,0.0,0.0,-37.58903435036899,0.0,0.0,0.0,-0.001995470737425761,0.0,0.001995470737425761,-904.9310728605137,-1000.0,0.0,0.0,0.0,0.0,0.0,0.0,0.0,0.0,0.0,0.0,0.0,0.0,0.0,0.0,0.0,0.0,0.0,-999.9034678201082,0.0,-1000.0,707.0301548792921,0.0,0.0,0.0,0.0,530.7096715756807,-707.0319394466183,0.0,0.0,0.0,0.0,0.0,-269.8759528749761,0.0,677.0957213414007,0.0,93.1015667176363,-1000.0,152.07724356467412,-366.9212702466715,366.8880680239253,0.0,-677.0968801513527,329.617172892774,-0.0005794049760256443,-152.07840237462617,999.9335770135484,0.0,0.0,-401.528965777167,-23.109984723537817,0.006952859712307731,0.0,0.0,0.0,847.2116972894901,0.0,0.0,0.0,-613.5255131038926,613.5255131038926,613.5255131038926,-554.6272981789292,0.0,0.0,-85.37640463933303,0.0,0.0,373.0222556431874,0.0,0.0,-95.48600910030677,0.0,0.0,0.0,0.0,0.0,0.0,0.0,27.232384754894223,4.635239741901387e-05,0.0,0.0,0.0,0.0,0.0,0.0,0.0,0.0,0.0,0.0,0.0,0.0,0.0,0.0,0.0,0.0,0.0,0.0,0.0,2.5493818938571167e-05,2.5493818938571167e-05,0.0,197.3864277801868,0.0,0.013905719424615461,0.0,0.0,0.0,1000.0,0.0,0.0,0.0,0.0,0.0,-271.8965641822654,-1000.0,0.0,0.0,0.0,0.0,0.0,0.0,0.0,0.0,0.0,0.0,0.0,0.0,0.0,127.07480761472429,-897.5934223411534,313.3536262151487,0.0,0.001784567326158984,0.0,0.0,-597.3153089075811,-699.7149337067153,0.0,-271.8965641822654,0.0,-963.3098575864071,718.6456781590359,0.0,0.0,613.5255131038926,0.0,0.0,0.0,0.0,0.0,0.0,0.0,0.0,0.0,0.0,0.0,0.0,0.0,0.013905719424615461,286.4457809973442,286.4457809973442,0.0,0.0,0.0,0.0,0.0,0.0,0.0,0.0,0.0,0.0,0.00023176199041025772,0.0,0.0,0.0,0.0,0.0,0.0,0.0,0.0,0.006952859712307731,0.0,0.0,0.0,0.0,0.0,0.0,0.0,0.0,0.0,0.0,0.0,654.7719056860574,0.0,0.006952859712307731,0.006952859712307731,1000.0,-1000.0,0.0,0.0,0.0,0.0,0.0,0.0,0.0,904.9310728605137,373.0222556431874,1000.0,2.3176199041025767e-05,0.0,0.0,-523.1793181181479,523.2099255998671,0.0,0.0,597.3153089075811,0.0,0.0,0.0,0.0,0.0,0.0,0.0,0.0,0.0,0.0,0.0,0.0,0.0,0.0,2.3176199041025767e-05,0.0,0.0,0.0,0.0,0.0,0.0,0.0,0.0,0.0,-1000.0,292.9680605533817,0.0,0.0,-0.09653217989182394,-0.0017382149280769327,0.0,-0.0011588099520512885,0.0,0.0,0.0,0.0,0.0,0.0,0.0,0.0,0.0,0.0,0.0,286.4457809973442,0.0,0.0,0.0,-23.108825913585765,0.0,0.0,0.0,-2.3176199041025767e-05,0.0,0.0,2.3176199041025767e-05,0.0,2.3176199041025767e-05,0.0,176.77438615733982,0.0,0.013905719424615461,0.028274962830051438,0.028274962830051438,0.0,0.0,0.0,0.0,0.0,0.0,0.0,313.3536262151487,0.0,373.0222556431874,0.0,0.0,0.0,0.0,0.0,0.0,0.0,0.0,0.0,0.0,0.0,0.0,0.0,0.0,0.0,0.0,0.0,102.3996247991342,0.0,0.0,0.0,3.476429856153865e-05,0.0,0.0,0.0,-0.006952859712307731,0.0,0.0,0.0,0.0,0.0,-197.3864277801868,0.0011588099520512885,0.0,0.0,0.0,-906.2499999999999,0.0,660.5349374664072,-0.0011588099520512885,0.0,0.0,0.0,0.0,0.0,0.0,0.0,286.4457809973442,0.0,0.0,838.8180618842673,-416.13908532370584,0.0,638.3489909753406,-37.58903435036899,0.0,953.502998019789,0.0,-953.502998019789,707.0301548792921,-336.31911715650233,0.0,0.0011588099520512885,999.90992338481,0.0,0.0,0.0,-95.48600910030677,-791.8643964813084,791.8643964813084,1000.0,-1000.0,0.0,0.0,0.0,0.0,0.0,1000.0,-197.39164242497117,0.028274962830051438,0.0,0.0,0.0,0.0,0.0,0.0,0.0,0.0,0.0,0.0,0.0,0.0,0.0,-0.03060748171924388,-1000.0,0.0,0.006952859712307731,0.0,0.0,0.0,0.0,-76.89811986804915,0.0,0.0,2.5493818938571167e-05,0.0,0.0,0.0,0.014137481415025719,0.0,0.0,0.0,0.0,340.59296382975526,0.0,0.0,0.0,0.0,0.0,0.0,0.0,0.0,0.0,0.0,2.317619904102577e-06,2.317619904102577e-06,0.0,0.0,0.0,0.0,0.0,0.0,0.0,0.0,0.0,-523.1793181181479,0.0,0.0,0.0,0.0,0.0,197.3864277801868,0.0,0.0,0.0,0.0,0.0,0.0,0.0,372.19100496976716,0.0,0.0,0.0,0.0,0.0,0.0,131.80275080505436,0.0,0.0,0.0,0.013905719424615461,0.0,0.0,0.0,0.0,0.0,0.0,-0.013905719424615461,0.0,0.0,0.0,0.0,0.0,0.0,0.0,0.0,0.0,0.0,0.0,0.0,-1000.0,-1000.0,0.015875696343102652,0.0,-0.006952859712307731,0.0,0.09643947509636064,0.0,0.0,0.0,0.0,0.0,0.0,0.0,0.0,0.0,0.0,0.0,0.0,0.0,0.0,0.0,0.0,0.0,-0.002897024880128221,286.4457809973442,-0.0017382149280769327,197.38990421004303,0.0,0.0,0.0,0.0,0.0,-0.00028970248801282213,0.0,802.5161639795989,0.0,0.0,0.0,0.0,0.0,0.0,0.0,1000.0,0.006952859712307731,0.006952859712307731,0.0,0.0,0.0,0.0,0.0,2.5493818938571167e-05,197.3864277801868,0.0,0.0,-0.09643947509636064,0.0,0.0,0.0,0.0,0.0,0.0,0.0,0.0,0.0,0.0,0.0,0.0,0.0,0.0,88.38719307866991,0.0,0.0,0.0,0.0,0.024335008993077056,0.0,0.0,0.001784567326158984,0.0,0.0,0.0,197.3864277801868,0.0,-660.5356837400184,0.0,0.0,0.0,-0.002897024880128221,0.0,0.0,0.0,0.0,0.0,0.0,0.0,0.0,0.0,0.0,0.0,0.0,0.0,0.0,0.0,0.0,0.0,0.0,-2.3176199041025767e-05,0.0,0.0,0.0011588099520512885,271.8965641822654,0.0,0.0,0.0,0.0,286.4457809973442,0.0,0.0,0.0,0.001995470737425761,0.0005794049760256443,0.0,0.0,0.0,2.3176199041025767e-05,0.0,0.023176199041025768,-0.007184621702717988,0.004635239808205154,0.0001655442788644698,0.06466159532446189,-1.7382149280769326e-05,0.0011588099520512885,0.0004635239808205016,-0.00011588099450433111,-0.06466159532446189,0.006952859712307731,-2.317619904102577e-05,12.529678116789663,0.0,5.794049760256443e-06,0.0001655442788644698,-37.58903435036899,-0.0036896508893623295,-0.00046352398082051544,-131.80275080505436,-2.317619904102577e-05,5.794049760256443e-06,-0.06466159532446189,0.002317619904102577,2.317619904102577e-05,2.3176199041025767e-05,-197.3863791101688,2.5493818945128347e-05,0.0,-1.7382149280769326e-05,0.006952859712307731,2.317619904102577e-05,0.006952859712307731,-0.011588099520512884,-1.1588099520512885e-05,106.21617000020811,184.04381540210684,-1.7382149280769326e-05,-2.317619904102577e-05,-0.007184621702717988,2.3176199041025767e-05,0.002317619904102577,-0.0004635239808205016,102.3996247991342,102.3996247991342,-0.002317619904102577,131.80275080505436,-102.3996247991342,0.004635239808205154,3.476429856153865e-05,-1000.0,0.002317619904102577,-127.07480761472429,0.0,-0.004635239808205154,1.1588099520512885e-05,0.00023176199041025772,88.03798016723455,-416.13445008389766,-2.3176199041025767e-05,-197.39164242497117,197.3863791101688,0.007184621702717988,2.317619904102577e-05,0.0036896508893623295,-0.027811438849324424,0.0,-2.3176199041025767e-05,-5.794049760256443e-06,0.0,-2.317619904102577e-05,27.232384754894223,2.3176199154712608e-05,-5.794049760256443e-06,-5.794049760256443e-06,-5.794049760256443e-06,0.009270479616410308,0.011588099520512884,0.00023176199041025772,0.017170666465528738,-5.794049760256443e-06,163.54628221767945,0.0011588099520512885,-13.615033567495061,2.3176199041025767e-05,1.1588099520512885e-05,1.1588099520512885e-05,0.002317619904102577,0.007184621702717988,2.3176199041025767e-05,-0.007184621702717988,0.00023176199041025772,2.317619904102577e-05,-0.017170666465528738,2.317619904102577e-05,9.270479546330535e-05,0.00011588099450433111,1.1588099520512885e-05,5.794049760256443e-06,0.006952859712307731,-2.317619904102577e-05,0.0,0.00023176199041025772,-0.034341332931057476,0.0005794049760256443,-0.002317619904102577,0.004635239808205154,0.0011588099520512885,-2.317619904102577e-05,37.58903435036899,3.476429856153865e-05,-2.317619904102577e-05,-0.004635239808205154,0.007184621702717988,93.07447409451564,1.1588099520512885e-05,27.230067134990122,-2.317619904102577e-05,-2.3176199154712608e-05,-2.317619904102577e-05,1.1588099520512885e-05,0.06466159532446189,-0.004635239808205154,2.3176199041025767e-05,176.0759603344691,-5.794049760256443e-06,-2.5493818945128347e-05,-176.0759603344691,0.003476429856153865,-184.04381540210684,159.07057797267504,0.06466159532446189,-1.7382149280769326e-05,197.39164242497117,416.13445008389766,2.317619904102577e-05,-5.794049760256444e-06,0.0011588099520512885,0.023176199041025768,-1.1588099520512885e-05,-2.317619904102577e-05,5.794049760256443e-06,840.7766462321842,0.0,699.9999884119005,0.0,-255.0,0.0,482.6233795332886,-140.0,0.0,-80.0,-255.0,-325.0,-300.0,40.0,127.5,127.5,0.0,70.0,-197.3864277801868,-16.17635422646649,300.0,325.0,-16.17635422646649,-482.6233795332886,241.3244366761169,0.0,1496.5981,hplb
139,0.0,0.0,0.0,0.0,0.0,0.0,0.0,0.0,-0.05818976942982912,0.0,0.0,0.0,0.0,0.0,0.0,0.0,399.78838847604277,-99.78838847604277,0.0,0.0,0.0,0.0,0.0,0.0,0.0,236.20577578139614,0.0,0.0,0.0,-519.7554451143868,0.0,0.0,122.19876363992785,0.0,0.0,0.0,0.0,-46.84840008471848,0.0,-1000.0,982.5430691710512,0.0,0.0,230.41060603252654,0.0,0.0,0.0,0.0,-510.1109901519915,0.0,0.0,369.9219532096645,0.0,0.06400874637286959,0.0,0.0,0.0,11.637953885965825,0.0,0.0,33.40656334642796,0.0,892.1763651623944,809.9895013861769,0.0,0.0,0.0,0.0,0.0,0.0,0.0,0.5818976942982913,0.0,0.0,0.0,0.0,0.0,0.0,0.0,0.0,0.0,0.0,0.0,0.0,34.91386165789748,0.0,0.0,-117.35266587730939,102.40277923707743,95.19444152584515,-0.014547442357457281,0.0,0.0,0.0,17.45693082894874,0.0,17.45693082894874,-1.873710575641212,0.0,0.0,0.0,998.5452557642543,-1000.0,0.0,0.0,-16.515242455672873,0.0,73.54241529420807,0.0,0.0,0.0,0.0,0.0,0.0,0.0,0.0,0.0,0.0,0.0,0.0,0.0,0.0,0.0,0.0,-818.7417528301648,0.0,0.0,17.45693082894874,0.0,18.03882852324703,0.0,0.0,-49.821304198241506,49.821304198241506,0.0,0.0,-460.92113858172445,0.0,0.0,345.327711459079,0.0,0.0,0.0,0.0,0.0,4.48061224609684,0.05818976942982912,0.0,0.0,0.0,-641.6493143224305,0.0,0.0,0.0,0.0,0.0,400.8712146890462,0.0,0.0,0.0,0.0,0.0,-314.6596445457023,-314.6596445457023,0.0,0.0,0.0,-281.25,0.0,0.0,0.0,-314.6014547762725,0.0,0.0,0.0,-15.768021176821776,0.0,0.0,0.0,0.0,0.0,0.0,0.0,0.0,0.0,0.0,0.0,0.0,0.0,0.0,0.0,-1000.0,0.0,0.0,0.0,0.0,0.0,0.0,-369.9219532096645,102.40277923707743,-102.40277923707743,39.62734192946343,0.0,0.0,0.0,0.0,0.0,0.0,480.2445548856132,-52.26236074226392,0.0,0.0,0.0,0.0,0.0,0.0,0.0,0.0,0.0,0.0,0.0,0.0,0.0,508.96377994308637,564.9252220943622,1000.0,0.0,0.0,0.0,75.96608519318198,164.12283328758727,0.0,0.0,0.0,0.0,33.40656334642796,769.5893939674735,0.0,0.0,0.0,0.0,0.0,0.0,0.0,0.0,0.0,0.0,0.0,0.0,0.0,0.0,-894.9828300018879,0.0,-1000.0,0.0,0.0,115.59342712264544,769.9248418418696,0.0,0.0,0.0,-284.517978746058,0.0,0.0,-578.7868853797212,-578.7868853797214,0.0,0.0,0.0,578.7868853797214,204.80555847415485,0.0,1000.0,0.0,0.0,-41.400718507827435,0.0,0.0,0.0,0.0,0.0,0.0,0.0,-314.7178343151321,0.0,75.96608519318198,134.97257201911395,-281.25,0.0,0.0,33.40656334642796,-0.08728465414474368,0.0,0.0,0.0,0.0,0.05818976942982912,0.0,0.0,0.0,778.7928939540005,399.78838847604277,0.0,-700.1425064586697,1000.0,0.0,1000.0,0.0,583.2710629598441,0.0,-16.515242455672873,0.0,0.0,0.0,-5.010139147908344,0.0,-578.2609238119358,-1000.0,-1000.0,0.0,0.0,0.0,0.0,0.0,0.0,0.0,0.0,0.0,0.0,0.0,0.0,0.0,0.0,0.0,0.0,0.0,-605.5782329783705,0.0,-1000.0,0.0,441.0374080286287,0.0,488.3352713945983,0.0,0.0,-4.48061224609684,0.0,0.0,0.0,188.10438376100797,995.6357672927628,0.0,-941.1225348703429,-40.16846378441039,0.0,0.0,0.0,-466.9810980446315,0.0,311.8040155136629,941.1225348703429,-1000.0,696.9946750674161,-1.454744235745728,464.07160957314005,-166.7718791858903,0.0,0.0,0.0,211.23435051093338,17.45693082894874,0.0,0.0,0.0,0.0,0.0,0.0,396.93535027683976,-112.02842966624667,112.02842966624667,112.02842966624667,259.87728856970705,0.0,0.0,0.0,0.0,0.0,480.2445548856132,0.0,0.0,-48.78030042978951,0.0,0.0,0.0,0.0,0.0,0.0,0.0,-94.18102305701709,0.11637953885959373,0.0,0.0,0.0,0.0,0.0,0.0,0.0,0.0,0.0,0.0,0.0,0.0,0.0,0.0,0.0,0.0,0.0,0.0,0.0,0.06400874637286959,0.06400874637286959,0.0,411.377967817082,0.0,34.91386165789748,0.0,0.0,0.0,1000.0,0.0,0.0,0.0,0.0,0.0,625.1112107924482,-1000.0,0.0,0.0,0.0,0.0,0.0,0.0,0.0,0.0,0.0,0.0,0.0,0.0,0.0,272.91391761005497,-778.7928939540005,641.6493143224305,295.2734559692384,4.48061224609684,0.0,796.2498247829493,-796.2498247829493,-1000.0,0.0,625.1112107924482,0.0,530.9301877354311,0.0,0.0,0.0,508.96377994308637,0.0,0.0,0.0,0.0,0.0,0.0,0.0,0.0,0.0,0.0,0.0,0.0,0.0,34.91386165789748,115.59342712264544,115.59342712264544,0.0,0.0,0.0,0.0,0.0,0.0,0.0,0.0,0.0,0.0,0.5818976942982913,0.0,0.0,0.0,0.0,0.0,-369.9219532096645,0.0,0.0,17.45693082894874,0.0,0.0,0.0,0.0,295.2734559692384,0.0,0.0,0.0,0.0,0.0,1000.0,0.0,0.0,17.45693082894874,17.45693082894874,1000.0,-1000.0,0.0,0.0,0.0,0.0,0.0,0.0,0.0,1000.0,480.2445548856132,805.0007959783177,0.05818976942982912,0.0,0.0,0.0,76.84790335629363,0.0,0.0,0.0,0.0,0.0,0.0,0.0,0.0,0.0,0.0,0.0,0.0,0.0,0.0,0.0,0.0,0.0,0.05818976942982912,0.0,0.0,0.0,859.1052496903625,-859.1052496903625,0.0,0.0,0.0,441.0374080286287,-4.48061224609684,0.0,0.0,0.0,-394.42176702162953,-4.364232707237193,-2.909488471491456,0.0,0.0,-562.5,-562.5,562.5,0.0,0.0,0.0,0.0,0.0,0.0,0.0,115.59342712264544,0.0,0.0,0.0,214.14383898242482,0.0,0.0,0.0,-0.05818976942982912,0.0,0.0,0.05818976942982912,0.0,0.05818976942982912,0.0,0.0,0.0,34.91386165789748,70.99151870439154,70.99151870439154,0.0,0.0,0.0,0.0,0.0,0.0,0.0,641.6493143224305,0.0,480.2445548856132,0.0,0.0,0.0,0.0,0.0,0.0,0.0,0.0,0.0,0.0,0.0,0.0,0.0,0.0,0.0,0.0,0.0,203.7501752170507,0.0,-236.20577578139614,236.20577578139614,0.08728465414474368,0.0,0.0,0.0,-17.45693082894874,0.0,0.0,0.0,0.0,0.0,-411.377967817082,2.909488471491456,0.0,0.0,0.0,281.25,0.0,937.7216907308824,0.0,0.0,0.0,0.0,0.0,0.0,0.0,0.0,115.59342712264544,0.0,0.0,0.0,-97.58581212600438,0.0,955.0113604364648,-16.515242455672873,0.0,937.7216907308824,0.0,-937.7216907308824,0.0,698.933323137478,0.0,2.909488471491456,478.5661861647884,0.0,0.0,0.0,-48.78030042978951,0.0,0.0,0.0,0.0,0.0,0.0,0.0,0.0,0.0,-4.364232707237193,-4.3642327072371945,70.99151870439154,0.0,0.0,0.0,0.0,0.0,0.0,0.0,0.0,0.0,0.0,0.0,0.0,420.10643323155637,-76.84790335629363,0.0,0.0,17.45693082894874,0.0,0.0,0.0,0.0,74.1500948485648,0.0,0.0,0.06400874637286959,0.0,0.0,0.0,35.49575935219577,0.0,0.0,0.0,0.0,564.9252220943622,0.0,0.0,0.0,0.0,0.0,0.0,0.0,0.0,-862.0219477073532,0.0,0.005818976942982912,0.005818976942982912,0.0,0.0,0.0,0.0,0.0,0.0,0.0,0.0,0.0,0.0,0.0,0.0,0.0,0.0,0.0,411.377967817082,0.0,0.0,0.0,0.0,0.0,0.0,0.0,0.0,0.0,0.0,0.0,0.0,919.5438335904296,0.0,-99.78838847604277,0.0,0.0,0.0,34.91386165789748,0.0,0.0,0.0,0.0,0.0,0.0,-34.91386165789748,0.0,0.0,0.0,0.0,0.0,0.0,0.0,0.0,0.0,0.0,0.0,0.0,-805.0007959783177,-1000.0,39.859992059432955,0.0,-17.45693082894874,0.0,394.1890079439102,0.0,0.0,0.0,0.0,0.0,0.0,0.0,0.0,0.0,0.0,0.0,0.0,0.0,0.0,0.0,0.0,0.0,-7.273721178728649,115.59342712264544,-1000.0,0.0,0.0,0.0,0.0,0.0,0.0,-0.7273721178728642,0.0,48.78030042978951,0.0,0.0,0.0,0.0,0.0,0.0,0.0,1000.0,17.45693082894874,17.45693082894874,0.0,0.0,0.0,0.0,0.0,0.06400874637286959,411.377967817082,0.0,0.0,-394.1890079439102,0.0,0.0,0.0,0.0,0.0,0.0,0.0,0.0,0.0,0.0,0.0,0.0,0.0,0.0,0.0,0.0,0.0,0.0,0.0,61.099257901320584,4.48061224609684,0.0,0.0,0.0,0.0,0.0,411.377967817082,0.0,-942.5048897780151,0.0,0.0,0.0,-7.273721178728649,0.0,0.0,0.0,0.0,0.0,0.0,0.0,0.0,0.0,0.0,0.0,0.0,0.0,0.0,0.0,0.0,0.0,0.0,-0.05818976942982912,0.0,0.0,2.909488471491456,-625.1112107924482,0.0,0.0,0.0,0.0,115.59342712264541,0.0,0.0,0.0,5.010139147908344,1.454744235745728,0.0,0.0,236.20577578139614,0.05818976942982912,0.0,58.18976942982912,-18.03882852324703,11.637953885965826,0.41564121021306516,162.34945670922326,-0.04364232707237184,744.895007815172,1.1637953885965826,-0.29094884714915137,-162.34945670922326,17.45693082894874,-0.058189769429829126,5.505080818557624,0.0,0.014547442357457281,0.41564121021306516,-16.515242455672873,-9.263811293229537,-1.1637953885965826,-300.0,-0.058189769429829126,0.014547442357457281,-162.34945670922326,303.5011939134788,0.058189769429829126,0.05818976942982912,-411.2557693012793,0.06400874637281204,-183.3493017855992,-0.04364232707237184,17.45693082894874,0.058189769429829126,17.45693082894874,-29.094884714914564,-0.029094884714914563,-184.49142799210125,-170.0,-0.04364232707237184,-0.058189769429829126,-18.03882852324703,0.05818976942982912,5.818976942982912,-1.1637953885965826,203.7501752170507,203.7501752170507,-5.818976942982886,300.0,-203.7501752170507,11.637953885965825,0.08728465414474368,138.76108066856466,5.818976942982912,-272.91391761005497,0.0,-11.637953885965825,0.029094884714914563,0.5818976942982913,175.03562661466742,-85.94785824003856,-0.05818976942982912,-424.47066593879356,411.2557693012793,18.03882852324703,0.058189769429829126,9.263811293229537,-367.5099402862909,0.0,-0.05818976942982912,-0.014547442357457281,0.0,-0.058189769429829126,-94.18102305701709,0.0581897694300565,-0.014547442357457281,-0.014547442357457281,-0.014547442357457281,23.27590777193165,29.094884714914564,0.5818976942982913,290.5591181001971,-0.014547442357457281,344.5661724107772,2.909488471491456,50.0,0.05818976942982912,0.029094884714914563,0.029094884714914563,-32.16406565360808,18.03882852324703,0.05818976942982912,-18.03882852324703,0.5818976942982913,0.058189769429829126,-785.4546634479403,0.058189769429829126,0.23275907771925208,0.29094884714915137,0.029094884714914563,0.014547442357457281,17.45693082894874,-0.058189769429829126,183.3493017855992,0.5818976942982913,-581.1182362003942,743.4402635794263,-5.818976942982912,11.637953885965825,2.909488471491456,-0.058189769429829126,16.515242455672873,0.08728465414474368,-0.058189769429829126,64.32813130721615,18.03882852324703,88.54278667646258,0.029094884714914563,-100.0,-0.058189769429829126,-0.0581897694300565,-0.058189769429829126,0.029094884714914563,162.34945670922326,-11.637953885965825,0.05818976942982912,350.07125322933484,-0.014547442357457281,-0.06400874637281204,-350.07125322933484,8.728465414474368,170.0,-511.68518906048456,162.34945670922326,-0.04364232707237184,424.47066593879356,85.94785824003856,0.058189769429829126,-0.014547442357457283,191.0138722324994,58.18976942982912,-0.029094884714914563,-0.058189769429829126,0.014547442357457281,1000.0,0.0,-438.7901755532796,494.8955453477432,-255.0,0.0,411.79887013370615,-140.0,297.6822169704959,203.19250535077614,-255.0,-325.0,-300.0,-101.59625267538807,127.5,127.5,-297.6822169704959,70.0,-411.377967817082,-162.6928815250274,300.0,325.0,-162.6928815250274,-411.79887013370615,386.7449167385071,0.0,1496.5981,hplb
140,0.0,0.0,0.0,0.0,0.0,0.0,0.0,0.0,-0.041134932095600256,0.0,0.0,0.0,0.0,0.0,0.0,0.0,22.762658047137293,-724.6652961478991,0.0,1000.0,0.0,0.0,0.0,0.0,0.0,0.0,0.0,0.0,0.0,0.0,0.0,0.0,105.76098635039975,0.0,0.0,0.0,0.0,791.4475457404106,0.0,-1000.0,1000.0,0.0,0.0,0.0,0.0,0.0,703.8614837546753,0.0,137.66735192605046,0.0,0.0,0.0,0.0,0.04524842530523365,0.0,0.0,0.0,0.0,0.0,0.0,75.7512338593599,0.0,1000.0,811.9742692644413,0.0,0.0,0.0,0.0,395.6734481508799,0.0,0.0,0.41134932095600263,0.0,0.0,0.0,0.0,0.0,0.0,0.0,0.0,0.0,0.0,0.0,0.0,24.680959257360158,0.0,8.551804652393672,0.0,0.0,354.456481564297,0.0,0.0,0.0,0.0,12.340479628680079,0.0,12.340479628680079,0.0,0.0,0.0,0.0,2.0567466047800127,0.0,0.0,0.0,-47.112160237414045,0.0,375.0881053999201,0.0,0.0,0.0,0.0,0.0,0.0,0.0,0.0,0.0,0.0,0.0,0.0,0.0,0.0,0.0,0.0,-1000.0,0.0,0.0,12.340479628680079,0.0,12.751828949636081,0.0,0.0,195.31250000000034,-1000.0,804.6874999999997,-804.6874999999997,0.0,0.0,0.0,-263.77696459491864,0.0,0.0,0.0,0.0,0.0,11.71919442375489,0.041134932095600256,0.010283733023900064,0.0,0.0,0.0,-132.72896907840425,0.0,0.0,0.0,0.0,-230.24368865724668,0.0,0.0,0.0,0.0,0.0,178.93215965060614,178.93215965060614,0.0,0.0,0.0,0.0,-1000.0,0.0,0.0,178.97329458270173,0.0,0.0,0.0,-1000.0,-528.2302345384904,0.0,0.0,0.0,0.0,0.0,0.0,0.0,0.0,0.0,-886.5772983797265,0.0,0.0,0.0,0.0,-1000.0,0.0,0.0,0.0,0.0,0.0,0.0,0.0,-137.66735192605046,137.66735192605046,12.503921936396612,0.0,0.0,0.0,0.0,0.0,0.0,0.0,0.0,0.0,0.0,0.0,0.0,0.0,0.0,0.0,0.0,0.0,0.0,0.0,0.0,0.0,284.62333977623217,142.82388599552937,-160.43000997318774,0.0,0.0,0.0,251.27304265852203,165.84537185834438,0.0,0.0,0.0,0.0,75.7512338593599,-160.43000997318774,0.0,0.0,0.0,0.0,0.0,0.0,0.0,0.0,304.9576509141767,157.4037575629553,0.0,0.0,-176.44414037705798,-38.77678845100752,0.0,0.0,160.43000997318774,0.0,0.0,263.77696459491864,0.0,0.0,0.0,0.0,-96.34727276420462,0.0,0.0,-888.9339099196778,-888.933909919678,0.0,0.0,0.0,888.933909919678,-137.66735192605046,0.0,0.0,0.0,0.0,-63.58283324801626,0.0,0.0,0.0,0.0,0.0,0.0,0.0,857.0970945160049,0.0,251.27304265852203,0.0,0.0,0.0,0.0,75.7512338593599,-0.06170239814340038,0.0,0.0,0.0,0.0,0.041134932095600256,0.0,0.0,0.0,504.35257566240216,22.762658047137293,0.0,-31.408106824942696,62.49621616753575,528.2302345384904,732.610775755873,0.0,3.541717653431255,0.0,-47.112160237414045,0.0,0.0,0.0,-3.541717653431255,0.0,0.0,956.898592683526,0.0,0.0,0.0,0.0,0.0,0.0,0.0,0.0,0.0,0.0,0.0,0.0,0.0,0.0,0.0,0.0,0.0,0.0,0.0,0.0,-1000.0,0.0,208.38791453120677,303.63310610069817,0.0,0.0,0.0,-316.6768453379316,0.0,0.0,0.0,0.0,0.0,-395.6734481508799,0.0,0.0,0.0,0.0,-431.40217095256077,-2.0567466047800127,0.0,-55.38818606672575,0.0,-2.0567466047800127,165.81680001782757,-1.0283733023900063,0.0,0.0,0.0,-158.61818690109754,0.0,0.0,12.340479628680079,0.0,0.0,0.0,738.8405903717002,0.0,0.0,0.0,-284.62333977623217,284.62333977623217,284.62333977623217,-458.7376451405328,0.0,0.0,0.0,0.0,0.0,0.0,0.0,0.0,-95.17088757141141,0.0,0.0,279.72970387280714,0.0,0.0,0.0,0.0,-2.2455627115549603,0.08226986419117566,0.0,0.0,0.0,0.0,0.0,0.0,0.0,216.6011933992527,0.0,395.6734481508799,0.0,0.0,0.0,0.0,0.0,0.0,0.0,0.0,0.0,0.04524842530523365,0.04524842530523365,0.0,69.33006567764596,0.0,24.680959257360158,0.0,0.0,0.0,0.0,0.0,0.0,8.551804652393672,0.0,0.0,-286.450518893262,0.0,0.0,0.0,854.9806378555464,0.0,0.0,279.72970387280714,0.0,0.0,0.0,0.0,0.0,0.0,0.0,333.3333333333333,-504.35257566240216,132.72896907840425,0.0,11.71919442375489,0.0,-1000.0,1000.0,821.650706205259,0.0,-286.450518893262,0.0,-288.6960816048169,0.0,0.0,0.0,284.62333977623217,0.0,0.0,0.0,0.0,0.0,0.0,0.0,0.0,0.0,0.0,0.0,0.0,0.0,24.680959257360158,263.77696459491864,263.77696459491864,0.0,0.0,0.0,0.0,0.0,0.0,0.0,0.0,0.0,0.0,0.41134932095600263,0.0,0.0,8.551804652393672,-8.551804652393672,0.0,0.0,0.0,0.0,12.340479628680079,-854.9806378555464,0.0,0.0,0.0,0.0,0.0,0.0,0.0,0.0,0.0,-213.48858476321357,0.0,0.0,12.340479628680079,12.340479628680079,444.36011614733417,0.0,0.0,279.72970387280714,0.0,0.0,0.0,0.0,0.0,-96.86145941539962,0.0,0.0,0.041134932095600256,0.0,0.0,0.0,54.32455425111094,13.782228587126617,216.6011933992527,0.0,0.0,0.0,0.0,0.0,0.0,0.0,0.0,0.0,0.0,0.0,0.0,0.0,0.0,0.0,0.041134932095600256,0.0,0.0,0.0,220.31702398023498,-220.31702398023498,0.0,0.0,0.0,208.38791453120677,0.0,-13.043739237233467,0.0,0.0,-1000.0,-3.0851199071700197,-2.0567466047800127,0.0,0.0,0.0,0.0,0.0,0.0,0.0,0.0,0.0,0.0,0.0,0.0,263.77696459491864,528.2302345384904,0.0,0.0,-156.56144029631753,0.0,0.0,0.0,-0.041134932095600256,0.0,0.0,0.041134932095600256,0.0,0.041134932095600256,0.0,0.0,0.0,24.680959257360158,50.18461715663232,50.18461715663232,0.0,0.0,0.0,0.0,0.0,0.0,0.0,132.72896907840425,0.0,0.0,0.0,0.0,0.0,0.0,0.0,0.0,0.0,0.0,0.0,0.0,0.0,0.0,0.0,0.0,0.0,0.0,0.0,178.349293794741,0.0,-151.97995591733616,151.97995591733616,0.06170239814340038,0.0,0.0,0.0,-12.340479628680079,0.0,0.0,0.0,0.0,0.0,-69.33006567764596,2.0567466047800127,0.0,0.0,0.0,0.0,1000.0,-391.32208845063633,0.0,0.0,0.0,0.0,0.0,0.0,0.0,0.0,263.77696459491864,0.0,854.9806378555464,-653.0187100902283,-215.2932740985862,0.0,449.5019826592842,-33.32993165028743,0.0,-707.998933788568,0.0,707.998933788568,0.0,-50.18461715663232,0.0,2.0567466047800127,831.573168264846,0.0,0.0,0.0,-112.27449687619875,0.0,0.0,0.0,0.0,0.0,0.0,0.0,0.0,0.0,880.4070585653865,0.0,50.18461715663232,0.0,0.0,0.0,0.0,0.0,0.0,0.0,0.0,0.0,304.9576509141767,0.0,0.0,78.58542539915607,-449.99800240199085,811.9794465468776,0.0,12.340479628680079,8.551804652393672,0.0,0.0,0.0,-315.6376050196352,0.0,0.0,0.04524842530523365,0.0,0.0,0.0,25.09230857831616,0.0,0.0,0.0,0.0,142.82388599552937,0.0,0.0,0.0,0.0,0.0,0.0,0.0,0.0,-1000.0,0.0,0.004113493209560144,0.004113493209560144,0.0,0.0,0.0,0.0,0.0,0.0,0.0,0.0,0.0,0.0,0.0,0.0,0.0,0.0,0.0,69.33006567764596,0.0,0.0,0.0,0.0,0.0,0.0,0.0,0.0,0.0,0.0,0.0,17.103609304787344,183.19266802032504,1000.0,-724.6652961478991,0.0,0.0,0.0,24.680959257360158,0.0,0.0,0.0,0.0,0.0,62.49999999986822,-87.18095925722838,0.0,17.103609304787344,0.0,0.0,0.0,0.0,0.0,0.0,0.0,0.0,0.0,0.0,1000.0,860.0371332681264,28.17742848548618,0.0,-12.340479628680079,0.0,999.8354602716174,0.0,0.0,0.0,0.0,0.0,0.0,0.0,0.0,0.0,0.0,0.0,0.0,0.0,0.0,0.0,0.0,0.0,-5.141866511950033,263.77696459491864,-3.0851199071700197,-3.0851199071700184,0.0,0.0,0.0,0.0,0.0,-0.5141866511950033,0.0,95.17088757141141,0.0,0.0,0.0,0.0,0.0,0.0,0.0,1000.0,12.340479628680079,12.340479628680079,0.0,0.0,0.0,0.0,0.0,0.04524842530523365,69.33006567764596,0.0,0.0,-999.8354602716174,0.0,0.0,0.0,0.0,0.0,0.0,0.0,0.0,0.0,0.0,0.0,0.0,0.0,0.0,75.98997795866808,0.0,0.0,0.0,0.0,43.19167870038028,11.71919442375489,0.0,0.0,0.0,0.0,0.0,69.33006567764596,0.0,692.8984479465544,0.0,0.0,0.0,-5.141866511950033,0.0,0.0,0.0,0.0,0.0,0.0,0.0,0.0,0.0,0.0,0.0,0.0,0.0,0.0,0.0,0.0,0.0,0.0,-0.041134932095600256,0.0,0.0,2.0567466047800127,286.450518893262,0.0,0.0,0.0,0.0,263.77696459491864,0.0,0.0,0.0,3.541717653431255,1.0283733023900063,0.0,0.0,0.0,0.041134932095600256,0.0,41.134932095600256,-12.751828949636081,8.22698641912005,0.2938209435400018,114.76646054672473,-0.03085119907170019,2.0567466047800127,0.8226986419120051,-0.20567466047817895,-114.76646054672473,12.340479628680077,-0.041134932095600256,15.704053412471348,279.72970387280714,0.010283733023900064,0.2938209435400018,-47.112160237414045,-15.100485842013654,-0.8226986419120051,-298.0973618992382,-0.041134932095600256,0.010283733023900064,-114.76646054672473,4.113493209560025,0.041134932095600256,0.041134932095600256,-69.24368232024513,-8.506556227088511,0.0,-0.03085119907170019,12.340479628680079,0.041134932095600256,12.340479628680079,-20.56746604780013,-0.020567466047800128,324.46800913207477,-170.0,-0.03085119907170019,-0.041134932095600256,-12.751828949636081,0.041134932095600256,4.113493209560025,-0.8226986419120051,178.349293794741,178.349293794741,-4.113493209560025,298.0973618992382,-178.349293794741,8.22698641912005,0.06170239814340038,-986.7127707027412,4.113493209560025,-333.3333333333333,279.72970387280714,-8.22698641912005,0.020567466047800128,0.41134932095600263,7.852026706235674,-207.06628767946617,-0.041134932095600256,-78.58542539915607,69.24368232024513,12.751828949636081,0.04113493209560025,15.100485842013654,230.36778535808682,279.72970387280714,-0.041134932095600256,-0.010283733023900064,-279.72970387280714,-0.041134932095600256,-2.2455627115549603,0.04113493209564849,-0.010283733023900064,-0.010283733023900064,-0.010283733023900064,16.4539728382401,20.56746604780013,0.41134932095600263,307.2766316115014,-0.010283733023900064,0.0,2.0567466047800127,3.179527960557493,0.041134932095600256,0.020567466047800128,0.020567466047800128,18.34182381670258,12.751828949636081,0.041134932095600256,-12.751828949636081,0.41134932095600263,0.041134932095600256,-860.8782092018503,0.041134932095600256,0.1645397283825787,0.20567466047817895,0.020567466047800128,0.010283733023900064,12.340479628680079,-0.041134932095600256,0.0,0.4113493209560026,-614.5532632230028,1.028373302390007,-4.113493209560025,8.22698641912005,2.0567466047800127,-0.041134932095600256,47.112160237414045,0.06170239814340039,-0.041134932095600256,-36.68364763340516,12.751828949636081,602.5384349903973,0.020567466047800128,-6.359055921114986,-0.041134932095600256,-0.04113493209564849,-0.041134932095600256,0.020567466047800128,114.76646054672473,-8.22698641912005,0.041134932095600256,15.704053412471348,-0.010283733023900064,8.506556227088511,-15.704053412471348,6.1702398143400385,170.0,673.8251734045843,114.76646054672473,-0.03085119907170019,78.58542539915607,207.06628767946617,0.041134932095600256,-0.010283733023900062,2.0567466047800127,41.134932095600256,-0.020567466047800128,-0.04113493209560025,0.010283733023900064,0.0,0.0,769.9030735984468,553.6015775903488,-255.0,149.17677114383525,386.5877191082185,-140.0,0.0,-80.0,-255.0,-325.0,-216.78912963824655,40.0,127.5,127.5,0.0,70.0,-69.33006567764596,-286.900829970762,216.78912963824655,325.0,-286.900829970762,-386.5877191082185,76.05322027028582,-149.17677114383525,1496.5981,hplb
141,0.0,0.0,0.0,0.0,0.0,0.0,0.0,0.0,-0.0442557970645075,0.0,0.0,0.0,0.0,0.0,0.0,0.0,22.431860210499472,181.9909140192612,0.0,0.0,0.0,0.0,0.0,412.33158854357134,0.0,0.0,0.0,0.0,0.0,-784.6764737648018,0.0,0.0,73.67553119934182,0.0,0.0,0.0,0.0,1000.0,0.0,-1000.0,986.7232608806478,0.0,-27.171085661543202,0.0,0.0,0.0,0.0,191.06951644168254,972.7132201018048,-180.11495143705292,0.0,745.8585856615447,0.0,0.048681376771002025,0.0,0.0,0.0,0.0,0.0,0.0,36.65639498772697,0.0,148.76417219190174,0.0,0.0,0.0,0.0,0.0,0.0,0.0,0.0,0.44255797064507507,0.0,0.0,0.0,0.0,0.0,0.0,0.0,0.0,0.0,0.0,500.5140462652928,0.0,26.553478238704503,0.0,0.0,0.0,425.3699381364791,0.0,901.5059720398423,0.0,0.0,0.0,13.276739119352252,0.0,13.276739119352252,-504.3186867741515,0.0,0.0,500.5140462652928,162.32077279129157,-784.6764737648018,0.0,0.0,-65.34641568553252,0.0,0.0,0.0,0.0,0.0,0.0,0.0,0.0,0.0,0.0,0.0,0.0,0.0,0.0,0.0,0.0,0.0,0.0,-933.0804148593838,0.0,0.0,13.276739119352252,0.0,13.719297089997324,0.0,0.0,0.0,0.0,0.0,0.0,0.0,0.0,0.0,-185.4205671796287,0.0,0.0,0.0,0.0,0.0,-497.1063498913257,0.0442557970645075,901.5170359891084,0.0,0.0,0.0,0.0,0.0,0.0,197.14111902440314,0.0,-209.33017330309872,0.0,0.0,0.0,0.0,0.0,346.66889274344777,346.66889274344777,0.0,0.0,0.0,0.0,0.0,0.0,0.0,346.7131485405123,0.0,0.0,0.0,-245.5179086768914,0.0,0.0,0.0,0.0,0.0,0.0,0.0,0.0,0.0,0.0,-144.97440581205686,0.0,0.0,0.0,0.0,-536.8582537622262,0.0,0.0,0.0,0.0,0.0,180.11495143705292,-718.6875000000015,-254.02572010180336,254.02572010180336,185.4205671796287,0.0,0.0,0.0,0.0,0.0,0.0,0.0,-740.2213768422147,0.0,0.0,0.0,0.0,0.0,0.0,0.0,0.0,0.0,0.0,0.0,0.0,0.0,373.0731108160959,-82.297681174197,508.21889345249895,0.0,0.0,0.0,0.0,165.53016449648473,0.0,0.0,0.0,0.0,36.65639498772697,508.21889345249895,0.0,0.0,0.0,0.0,0.0,0.0,0.0,0.0,3.637826518702529,199.92067585458403,0.0,0.0,-176.33453042562553,475.89004215111373,0.0,0.0,-508.21889345249895,0.0,0.0,185.4205671796287,53.99207241869915,0.0,0.0,0.0,60.98312361316846,0.0,0.0,-1000.0,0.0,0.0,-999.9999999999999,0.0,0.0,171.34421803467575,0.0,-298.8894405228023,180.11495143705292,0.0,-227.47705786613756,0.0,0.0,0.0,214.3232813197277,0.0,-214.3232813197277,0.0,346.6246369463833,0.0,0.0,-454.6170608516337,0.0,0.0,0.0,36.65639498772697,-0.06638369559676126,0.0,0.0,0.0,0.0,0.0442557970645075,0.0,0.0,0.0,168.99295644805795,22.431860210499472,0.0,-43.56427712368835,237.68461950526444,0.0,1000.0,0.0,1000.0,0.0,-65.34641568553252,0.0,0.0,0.0,-3.8104241272541395,-34.522588270828564,-961.6669876019173,-1000.0,-76.69320705851908,0.0,0.0,0.0,0.0,0.0,0.0,0.0,0.0,0.0,0.0,0.0,0.0,0.0,0.0,0.0,0.0,0.0,-95.46147775974941,0.0,-1000.0,0.0,0.0,506.53147662737683,207.4998121928998,0.0,0.0,493.46852337262317,0.0,0.0,0.0,634.368315842521,160.1079829380662,34.522588270828564,0.0,0.0,0.0,0.0,-638.0624250197538,-2.212789853225375,743.2687571822473,-475.56051617021063,0.0,-320.291535496508,-710.7094498471208,-1.1063949266126876,0.0,293.2642027944451,0.0,0.0,1000.0,-61.448473186470565,13.276739119352252,0.0,0.0,0.0,0.0,0.0,0.0,0.0,-373.0731108160959,373.0731108160959,373.0731108160959,-98.73056307561832,0.0,0.0,0.0,0.0,0.0,0.0,0.0,0.0,-112.10777720417477,0.0,0.0,0.0,0.0,0.0,0.0,0.0,-95.57442029354925,0.08851159412896595,0.0,0.0,0.0,0.0,0.0,0.0,0.0,0.0,0.0,0.0,0.0,0.0,0.0,0.0,0.0,0.0,0.0,0.0,0.0,0.048681376771002025,0.048681376771002025,0.0,147.522652776502,0.0,26.553478238704503,0.0,0.0,0.0,1000.0,0.0,0.0,0.0,0.0,0.0,431.4619268369157,-1000.0,0.0,0.0,0.0,0.0,0.0,0.0,0.0,0.0,0.0,0.0,0.0,0.0,0.0,311.02680495312796,-168.99295644805795,0.0,134.2748480777996,3.407696373967076,0.0,0.0,0.0,-350.9507316761135,0.0,17.028422728883697,0.0,335.8875065433665,0.0,0.0,0.0,373.0731108160959,0.0,0.0,0.0,0.0,0.0,0.0,0.0,0.0,0.0,0.0,0.0,0.0,0.0,26.553478238704503,185.4205671796287,185.4205671796287,0.0,0.0,0.0,0.0,0.0,0.0,0.0,0.0,0.0,0.0,0.44255797064507507,0.0,0.0,0.0,0.0,0.0,-718.6875000000015,0.0,0.0,13.276739119352252,0.0,0.0,0.0,0.0,134.2748480777996,0.0,0.0,0.0,0.0,0.0,670.7584281174343,0.0,0.0,13.276739119352252,13.276739119352252,1000.0,-1000.0,0.0,0.0,0.0,0.0,0.0,0.0,0.0,784.6764737648018,0.0,1000.0,0.0442557970645075,0.0,0.0,0.0,58.446102280405654,0.0,0.0,0.0,0.0,0.0,0.0,0.0,0.0,0.0,31.879500316002463,0.0,0.0,0.0,0.0,0.0,0.0,0.0,0.0442557970645075,0.0,0.0,0.0,-818.0090859807389,818.0090859807389,0.0,0.0,0.0,0.0,0.0,1000.0,-197.14111902440314,0.0,-904.5385222402506,-3.3191847798380634,-2.212789853225331,0.0,0.0,0.0,0.0,0.0,0.0,0.0,0.0,0.0,0.0,0.0,0.0,185.4205671796287,0.0,0.0,0.0,-59.23568333324519,0.0,0.0,0.0,-0.0442557970645075,0.0,0.0,0.0442557970645075,0.0,0.0442557970645075,95.63850094800739,0.0,0.0,26.553478238704503,53.99207241869915,53.99207241869915,0.0,0.0,0.0,0.0,0.0,0.0,0.0,0.0,0.0,0.0,0.0,0.0,0.0,0.0,0.0,0.0,0.0,0.0,0.0,0.0,0.0,0.0,0.0,0.0,0.0,0.0,0.0,350.9507316761135,0.0,-344.93726350446207,344.93726350446207,0.06638369559676126,0.0,0.0,0.0,-13.276739119352252,0.0,0.0,0.0,0.0,0.0,-147.522652776502,2.212789853225375,0.0,0.0,0.0,0.0,0.0,-1000.0,0.0,0.0,0.0,0.0,0.0,0.0,0.0,0.0,185.4205671796287,0.0,0.0,-494.7717363790505,-225.55045803959388,0.0,265.31059779084876,-65.34641568553252,0.0,-506.53147662737683,0.0,506.53147662737683,197.14111902440314,0.0,0.0,2.212789853225375,1000.0,0.0,338.15892926471673,0.0,-112.10777720417477,437.5000000000004,-437.5000000000004,271.63234739554736,-271.63234739554736,0.0,0.0,0.0,0.0,0.0,203.27066656245364,-64.93463031007298,53.99207241869915,0.0,0.0,0.0,0.0,0.0,0.0,0.0,0.0,0.0,3.637826518702529,0.0,0.0,92.54557680594326,-58.446102280405654,442.39230956718234,-27.171085661543202,13.276739119352252,0.0,0.0,0.0,0.0,-342.7957526084251,0.0,0.0,0.048681376771002025,0.0,0.0,0.0,26.996036209349576,0.0,0.0,0.0,0.0,-82.297681174197,0.0,0.0,0.0,0.0,0.0,0.0,0.0,0.0,-1000.0,0.0,0.004425579706450878,0.004425579706450878,0.0,0.0,0.0,0.0,0.0,95.63850094800739,0.0,0.0,0.0,0.0,0.0,0.0,0.0,0.0,0.0,147.522652776502,0.0,0.0,0.0,0.0,0.0,0.0,0.0,180.11495143705292,0.0,0.0,0.0,0.0,0.0,0.0,181.9909140192612,0.0,0.0,0.0,26.553478238704503,0.0,0.0,0.0,0.0,0.0,0.0,-26.553478238704503,0.0,0.0,0.0,0.0,0.0,0.0,0.0,0.0,0.0,0.0,0.0,0.0,-76.69320705851908,-1000.0,30.315220989187644,0.0,-13.276739119352252,0.0,904.3614990519926,0.0,0.0,0.0,0.0,0.0,0.0,0.0,0.0,0.0,0.0,0.0,0.0,0.0,0.0,0.0,0.0,0.0,-5.531974633063438,185.4205671796287,-163.42716771790427,61.615445530234865,0.0,0.0,0.0,0.0,0.0,-0.5531974633063438,0.0,309.2488962285779,0.0,0.0,0.0,0.0,0.0,0.0,0.0,1000.0,13.276739119352252,13.276739119352252,0.0,0.0,0.0,0.0,0.0,0.048681376771002025,147.522652776502,0.0,0.0,-1000.0,0.0,0.0,0.0,0.0,0.0,0.0,0.0,0.0,0.0,0.0,0.0,0.0,0.0,0.0,220.28788222623473,0.0,0.0,0.0,0.0,46.46858691773288,3.407696373967076,0.0,0.0,0.0,0.0,0.0,147.522652776502,0.0,1000.0,0.0,0.0,0.0,-5.531974633063438,0.0,0.0,0.0,0.0,0.0,0.0,0.0,0.0,0.0,0.0,0.0,0.0,0.0,0.0,0.0,0.0,0.0,0.0,-0.0442557970645075,0.0,0.0,2.212789853225375,-431.4619268369157,0.0,0.0,0.0,0.0,185.4205671796287,0.0,0.0,0.0,3.8104241272541395,1.1063949266126876,0.0,0.0,0.0,0.0442557970645075,0.0,44.255797064507505,-13.719297089997324,8.8511594129015,0.3161128361750536,123.47367380997592,-0.03319184779838063,186.0166874187084,0.8851159412901501,95.4172219626849,-123.47367380997592,13.276739119352252,-0.0442557970645075,21.782138561844175,0.0,0.011063949266126876,0.3161128361750536,-65.34641568553252,-7.045522892669624,-0.8851159412901501,-204.42277422976068,-0.0442557970645075,0.011063949266126876,-123.47367380997592,4.42557970645075,0.0442557970645075,0.0442557970645075,-147.4297156026665,0.04868137677095838,-38.55712012182602,-0.03319184779838063,13.276739119352252,0.0442557970645075,13.276739119352252,-22.127898532253752,-0.02212789853225375,378.5801247959898,-170.0,-0.03319184779838063,-0.0442557970645075,-13.719297089997324,0.0442557970645075,4.42557970645075,-0.8851159412901501,350.9507316761135,350.9507316761135,-4.42557970645075,204.42277422976068,-350.9507316761135,8.8511594129015,0.06638369559676126,-625.5058033598639,4.42557970645075,-311.02680495312796,0.0,-8.8511594129015,0.02212789853225375,0.44255797064507507,10.891069280922087,-216.69929862669238,-0.0442557970645075,-157.48020711601623,147.4297156026665,13.719297089997324,0.0442557970645075,7.045522892669624,-53.10695647740894,0.0,-0.0442557970645075,-0.011063949266126876,0.0,-0.0442557970645075,-95.57442029354925,0.044255797064393816,-0.011063949266126876,-0.011063949266126876,-0.011063949266126876,17.702318825803,22.127898532253752,0.44255797064507507,132.13801712043139,-0.011063949266126876,0.0,2.212789853225375,50.0,0.0442557970645075,0.02212789853225375,0.02212789853225375,4.42557970645075,13.719297089997324,0.0442557970645075,-13.719297089997324,0.44255797064507507,0.0442557970645075,-330.83802406095964,0.0442557970645075,0.17702318825797647,-95.4172219626849,0.02212789853225375,0.011063949266126876,13.276739119352252,-0.0442557970645075,38.55712012182602,0.44255797064507507,-264.27603424086277,184.9102924920957,-4.42557970645075,8.8511594129015,2.212789853225375,-0.0442557970645075,65.34641568553252,0.06638369559676126,-0.0442557970645075,-8.8511594129015,13.719297089997324,482.6639683606073,0.02212789853225375,-100.0,-0.0442557970645075,-0.044255797064393816,-0.0442557970645075,0.02212789853225375,123.47367380997592,-8.8511594129015,0.0442557970645075,21.782138561844175,-0.011063949266126876,-0.04868137677095838,-21.782138561844175,6.638369559676126,170.0,240.18986040308414,123.47367380997592,-0.03319184779838063,157.48020711601623,216.69929862669238,0.0442557970645075,-0.011063949266126877,636.5811056957464,44.255797064507505,-0.02212789853225375,-0.0442557970645075,0.011063949266126876,0.0,0.0,454.1394574266559,198.70000694052825,-255.0,0.0,502.1772886439102,-140.0,0.0,-80.0,155.22581934824933,-274.16175720375026,-171.34421803467575,40.0,127.5,-77.61290967412467,0.0,70.0,-147.522652776502,-139.86821575218218,171.34421803467575,274.16175720375026,-139.86821575218218,-502.1772886439102,275.4293327074342,0.0,1496.5981,hplb
142,0.0,0.0,0.0,0.0,0.0,0.0,0.0,0.0,-0.05336713350448473,0.0,0.0,0.0,0.0,0.0,0.0,0.0,88.07324571317679,132.56698905656958,0.0,0.0,0.0,0.0,0.0,0.0,0.0,0.0,0.0,0.0,0.0,360.5270776277244,15.250400266152223,-15.250400266152223,30.177737859681145,0.0,0.0,0.0,0.0,387.31110101506044,0.0,-1000.0,1000.0,0.0,0.0,0.0,0.0,0.0,0.0,0.0,183.8353927739402,0.0,0.0,632.4357161148414,0.0,0.05870384685498598,0.0,0.0,0.0,10.673426700896947,0.0,0.0,164.1859232807618,0.0,0.0,-357.7218434995605,0.0,0.0,0.0,0.0,653.8151225080455,45.61454466121726,0.0,0.5336713350448473,0.0,0.0,0.0,0.0,0.0,0.0,0.0,0.0,0.0,0.0,565.5432538342023,0.0,32.02028010269084,0.0,0.0,852.7100779893832,-543.99659750646,0.0,-0.013341783376121184,0.0,0.0,-866.8614739227066,16.01014005134542,0.0,16.01014005134542,0.0,0.0,0.0,565.5432538342023,2.6683566752242367,360.5270776277244,0.0,0.0,0.0,0.0,0.0,0.0,0.0,0.0,0.0,0.0,0.0,0.0,0.0,0.0,0.0,0.0,0.0,0.0,0.0,0.0,0.0,-1000.0,0.0,0.0,16.01014005134542,0.0,16.543811386390267,16.543811386390267,0.0,-486.4022065235056,0.0,486.4022065235056,-486.4022065235056,-864.666186026147,0.0,0.0,342.7584192458246,0.0,0.0,0.0,0.0,0.0,-561.433984554357,0.05336713350448473,0.0,0.0,0.0,0.0,0.0,0.0,0.0,0.0,0.0,406.2202508183224,0.0,0.0,0.0,0.0,0.0,653.5024263005724,653.5024263005724,0.0,0.0,0.0,-156.25,804.0872193913408,0.0,0.0,668.8061937002292,0.0,0.0,0.0,-1000.0,-699.4729011292696,0.0,0.0,0.0,0.0,0.0,0.0,0.0,0.0,0.0,0.0,0.0,0.0,0.0,0.0,0.0,0.0,0.0,0.0,0.0,0.0,0.0,-632.4357161148414,543.99659750646,-543.99659750646,521.9077667803224,0.0,0.0,0.0,0.0,0.0,0.0,0.0,-1000.0,0.0,0.0,0.0,0.0,0.0,0.0,0.0,0.0,0.0,0.0,0.0,0.0,0.0,130.58761481255328,-78.6531465982061,0.0,0.0,0.0,0.0,0.0,-192.85646009436988,0.0,0.0,0.0,0.0,164.1859232807618,0.0,15.250400266152223,0.0,0.0,0.0,0.0,0.0,0.0,0.0,16.96882196499587,0.0,0.0,0.0,87.99319501292007,-1000.0,948.106352154942,0.0,0.0,0.0,0.0,521.9077667803224,-24.803117163454985,0.0,0.0,0.0,-181.8895065761597,0.0,0.0,890.0795205197439,0.0,1000.0,-109.92047948025686,1000.0,0.0,0.0,0.0,272.4538319145476,0.0,0.0,-147.06938143565958,0.0,0.0,0.0,-719.019067910947,0.0,719.019067910947,0.0,668.6994594332202,0.0,0.0,1000.0,-156.25,0.0,0.0,164.1859232807618,-0.08005070025672709,0.0,0.0,0.0,0.0,0.05336713350448473,0.0,0.0,0.0,-362.0302687022938,88.07324571317679,0.0,-821.8585908664867,34.11895197980914,699.4729011292696,947.7937705956087,0.0,658.4100327027817,0.0,0.0,0.0,0.0,0.0,-4.594910194736187,-653.8151225080455,0.0,-1000.0,-1000.0,0.0,0.0,0.0,0.0,0.0,0.0,0.0,0.0,0.0,0.0,0.0,0.0,0.0,0.0,0.0,0.0,0.0,-612.4754304509212,0.0,-1000.0,0.0,0.0,0.0,0.0,137.80310309465642,0.0,559.7155628555133,0.0,0.0,0.0,0.0,0.0,0.0,0.0,0.0,560.8495724342187,0.0,0.0,-2.6683566752242367,0.0,-71.8588452637887,0.0,-2.6683566752242367,-866.9854606466247,-562.1837507718308,0.0,470.3978738881001,0.0,-154.92273731240923,1000.0,-224.1517658568878,16.01014005134542,0.0,0.0,0.0,0.0,0.0,0.0,0.0,-130.58761481255328,130.58761481255328,130.58761481255328,244.32657329910305,0.0,0.0,0.0,0.0,0.0,0.0,0.0,0.0,-193.5359202187987,0.0,0.0,68.21636945573665,0.0,0.0,0.0,0.0,-94.66328664955152,0.1067342670089577,0.0,0.0,0.0,0.0,0.0,0.0,0.0,177.6597578554172,0.0,699.4296671692628,0.0,0.0,0.0,0.0,0.0,0.0,0.0,0.0,0.0,0.05870384685498598,0.05870384685498598,15.250400266152223,287.95091686225044,0.0,32.02028010269084,0.0,0.0,0.0,1000.0,0.0,172.71473432360074,0.0,0.0,0.0,735.9919646915606,-1000.0,0.0,0.0,0.0,0.0,0.0,68.21636945573665,0.0,0.0,0.0,0.0,0.0,0.0,0.0,333.3333333333333,362.0302687022938,0.0,0.0,4.109269279845321,0.0,-1000.0,133.13852607729336,-195.9127806086592,0.0,735.9919646915606,0.0,641.3286780420091,0.0,0.0,0.0,130.58761481255328,0.0,0.0,0.0,0.0,0.0,0.0,0.0,0.0,0.0,0.0,0.0,0.0,0.0,32.02028010269084,521.9077667803224,521.9077667803224,0.0,0.0,0.0,0.0,0.0,0.0,0.0,0.0,0.0,0.0,0.5336713350448473,0.0,15.250400266152223,0.0,0.0,15.250400266152223,-632.4357161148414,0.0,0.0,16.01014005134542,0.0,0.0,0.0,0.0,0.0,0.0,0.0,0.0,0.0,0.0,0.0,210.07897670724697,0.0,16.01014005134542,16.01014005134542,713.8482808270469,-1000.0,0.0,68.21636945573665,0.0,0.0,0.0,0.0,0.0,450.48388192805885,0.0,633.0404776730246,0.05336713350448473,0.0,0.0,0.0,4.3036781233259465,0.0,177.6597578554172,866.8614739227066,0.0,0.0,0.0,0.0,0.0,0.0,0.0,0.0,0.0,0.0,0.0,0.0,0.0,0.0,0.05336713350448473,0.0,0.0,0.0,0.0,0.0,0.0,0.0,0.0,0.0,0.0,559.7155628555133,0.0,0.0,-387.5245695490788,-4.002535012836355,0.0,-2.6683566752242367,0.0,0.0,0.0,0.0,0.0,0.0,0.0,0.0,0.0,0.0,0.0,521.9077667803224,699.4729011292696,0.0,0.0,-376.4061464940728,0.0,0.0,0.0,-0.05336713350448473,0.0,0.0,0.05336713350448473,0.0,0.05336713350448473,0.0,0.0,0.0,32.02028010269084,65.10790287547138,65.10790287547138,0.0,0.0,0.0,0.0,0.0,0.0,0.0,0.0,0.0,0.0,0.0,0.0,0.0,0.0,0.0,0.0,0.0,0.0,0.0,0.0,0.0,0.0,0.0,0.0,0.0,0.0,0.0,329.0513066859525,0.0,0.0,0.0,0.08005070025672709,0.0,0.0,0.0,-16.01014005134542,0.0,0.0,0.0,0.0,0.0,-287.95091686225044,2.6683566752242367,0.0,0.0,0.0,156.25,-804.0872193913408,440.2844371444867,-2.6683566752242367,0.0,0.0,0.0,0.0,0.0,0.0,0.0,521.9077667803224,0.0,0.0,0.0,157.36330204969715,0.0,-279.48082748489253,0.0,0.0,1000.0,0.0,-1000.0,0.0,-89.91102003892637,0.0,2.6683566752242367,759.4956761486873,0.0,0.0,-15.250400266152223,-193.5359202187987,0.0,0.0,202.68935863310134,-202.68935863310134,0.0,0.0,0.0,0.0,0.0,-4.002535012836333,-4.002535012836361,65.10790287547138,0.0,0.0,0.0,15.250400266152223,0.0,0.0,0.0,0.0,0.0,16.96882196499587,0.0,0.0,295.95598688792313,-703.7333452925888,0.0,0.0,16.01014005134542,0.0,0.0,0.0,0.0,149.39494756341992,0.0,0.0,0.05870384685498598,0.0,0.0,0.0,32.55395143773569,0.0,0.0,0.0,0.0,-78.6531465982061,0.0,0.0,0.0,0.0,0.0,0.0,0.0,0.0,0.0,0.0,0.005336713350448626,0.005336713350448626,0.0,0.0,0.0,0.0,0.0,0.0,0.0,0.0,0.0,0.0,15.250400266152223,0.0,0.0,0.0,0.0,287.95091686225044,0.0,0.0,0.0,0.0,0.0,0.0,0.0,0.0,0.0,0.0,0.0,0.0,0.0,0.0,132.56698905656958,0.0,0.0,0.0,32.02028010269084,0.0,0.0,0.0,0.0,0.0,0.0,-32.02028010269084,0.0,0.0,0.0,0.0,0.0,0.0,0.0,0.0,0.0,15.250400266152223,15.250400266152223,0.0,-633.0404776730246,-188.9890404442168,36.55648645057204,-1000.0,983.9898599486546,0.0,387.31110101506044,0.0,0.0,0.0,0.0,0.0,0.0,0.0,0.0,0.0,0.0,0.0,0.0,0.0,0.0,0.0,0.0,0.0,-6.670891688060592,521.9077667803224,-4.002535012836355,0.0,0.0,0.0,0.0,0.0,0.0,-0.6670891688060592,0.0,193.5359202187987,0.0,0.0,0.0,0.0,0.0,0.0,0.0,1000.0,16.01014005134542,16.01014005134542,0.0,0.0,0.0,0.0,0.0,0.05870384685498598,287.95091686225044,0.0,0.0,-387.31110101506044,0.0,0.0,0.0,0.0,0.0,0.0,0.0,0.0,0.0,0.0,0.0,0.0,0.0,0.0,0.0,0.0,0.0,16.543811386390267,0.0,56.03549017970898,0.0,0.0,4.109269279845321,0.0,0.0,0.0,287.95091686225044,0.0,-440.2844371444867,0.0,0.0,0.0,-6.670891688060592,0.0,0.0,0.0,0.0,0.0,0.0,0.0,0.0,0.0,0.0,0.0,0.0,0.0,0.0,0.0,0.0,0.0,0.0,-0.05336713350448473,0.0,0.0,2.6683566752242367,-735.9919646915606,0.0,0.0,0.0,0.0,521.9077667803224,0.0,0.0,0.0,4.594910194736187,1.3341783376121183,0.0,0.0,0.0,0.05336713350448473,0.0,53.36713350448473,0.0,10.673426700896947,0.3811938107463195,181.98192525029293,-0.04002535012836354,2.6683566752242367,1.0673426700896946,-0.26683566752285515,-181.98192525029293,16.01014005134542,-0.053367133504484736,0.0,68.21636945573665,0.013341783376121184,0.38119381074631953,0.0,-8.496047653913257,14.183057596062529,-220.64023476974637,-0.053367133504484736,0.013341783376121184,-181.98192525029293,5.336713350448473,0.053367133504484736,0.05336713350448473,-287.83884588189096,0.058703846854933364,-124.84102450923268,-0.04002535012836354,16.01014005134542,0.053367133504484736,16.01014005134542,-26.683566752242367,-0.026683566752242368,-281.37922630908974,187.46637961041694,-0.04002535012836354,-0.053367133504484736,0.0,0.05336713350448473,5.336713350448473,-1.0673426700896946,329.0513066859525,329.0513066859525,-5.336713350448473,220.64023476974637,-329.0513066859525,10.673426700896947,0.08005070025672709,301.1553922130278,5.336713350448473,-333.3333333333333,68.21636945573665,-10.673426700896947,0.026683566752242364,0.5336713350448473,205.46464771662167,168.0367287505941,-0.05336713350448473,-299.9585219007595,287.83884588189096,16.543811386390267,0.053367133504484736,8.496047653913257,4.175809250354774,68.21636945573665,-0.05336713350448473,-0.013341783376121184,-68.21636945573665,-0.053367133504484736,-94.66328664955152,0.053367133505280544,-0.013341783376121184,-0.013341783376121184,-0.013341783376121184,21.346853401793894,26.683566752242367,0.5336713350448473,39.53837503513509,-0.013341783376121184,410.92929543324334,2.6683566752242367,50.0,0.05336713350448473,0.026683566752242364,0.026683566752242368,39.4448980783168,0.0,0.05336713350448473,0.0,0.5336713350448473,0.053367133504484736,-39.53837503513509,0.053367133504484736,0.2134685340183704,0.26683566752285515,0.026683566752242368,0.013341783376121184,16.01014005134542,-0.053367133504484736,124.84102450923268,-7.0915287980312645,-79.07675007027018,1.3341783376121183,-5.336713350448473,10.673426700896947,2.6683566752242367,-0.053367133504484736,0.0,0.08005070025672709,-0.053367133504484736,-78.8897961566336,0.0,2.4996544606181743,0.026683566752242368,-100.0,-0.053367133504484736,-0.053367133505280544,-0.053367133504484736,0.026683566752242368,181.98192525029293,-10.673426700896947,0.05336713350448473,410.92929543324334,-0.013341783376121184,-0.058703846854933364,-410.92929543324334,8.005070025672708,-187.46637961041694,-531.2783914014886,181.98192525029293,-0.04002535012836354,299.9585219007595,-168.0367287505941,0.053367133504484736,-0.013341783376121182,2.6683566752242367,53.36713350448473,-0.026683566752242364,-0.053367133504484736,0.013341783376121184,1000.0,0.0,-301.18207577978006,0.0,-255.0,0.0,-132.37726309218442,-31.357151510130308,0.0,-80.0,-255.0,268.8074007839956,0.0,40.0,127.5,127.5,0.0,15.678575755065154,-287.95091686225044,-151.89460202403808,0.0,-268.8074007839956,-151.89460202403808,132.37726309218442,-70.94489284649383,0.0,1496.5981,hplb
143,0.0,0.0,0.0,0.0,0.0,0.0,0.0,0.0,-0.05041906914436644,0.0,0.0,0.0,0.0,0.0,0.0,0.0,-874.4155245455285,789.3764925413245,0.0,385.03903200420393,0.0,0.0,0.0,656.1109980922145,0.0,0.0,0.0,0.0,0.0,-442.1716133630141,0.0,0.0,741.0554427010325,0.0,0.0,0.0,0.0,0.0,0.0,-1000.0,1000.0,0.0,-175.90126731413136,-468.6426339442049,0.0,0.0,0.0,0.0,609.328504538616,-702.2240205668276,0.0,0.0,0.0,0.05546097605885295,0.0,0.0,0.0,10.083813828873287,0.0,0.0,81.77608981795598,0.0,856.1390391067337,679.2661414028803,293.28169065928387,0.0,0.0,0.0,0.0,229.48626506141682,0.0,0.5041906914436644,0.0,0.0,0.0,0.0,0.0,0.0,0.0,0.0,0.0,0.0,-36.877668364583535,0.0,30.25144148661986,0.0,0.0,-399.35249853997027,385.87727331277716,278.6378738378221,383.55957098213014,0.0,0.0,0.0,15.12572074330993,0.0,15.12572074330993,-1.6234940264485898,0.0,0.0,0.0,589.129285030139,-1000.0,0.0,0.0,0.0,0.0,0.0,0.0,0.0,0.0,0.0,0.0,0.0,0.0,0.0,0.0,0.0,0.0,0.0,0.0,0.0,0.0,0.0,-887.6043394118926,0.0,0.0,15.12572074330993,0.0,15.629911434753593,0.0,0.0,0.0,0.0,0.0,0.0,-258.64898752180954,562.3369489865682,-562.3369489865682,0.0,0.0,0.0,0.0,0.0,0.0,40.75993668869975,0.05041906914436644,383.5721757494162,0.0,0.0,-349.4911341252554,349.4911341252554,0.0,0.0,0.0,0.0,-122.76040477507134,0.0,0.0,0.0,0.0,0.0,972.7594950176946,972.7594950176946,0.0,0.0,0.0,0.0,906.2500000000007,0.0,0.0,972.809914086839,0.0,0.0,0.0,-323.2086192157104,-743.985445501122,0.0,0.0,0.0,0.0,0.0,0.0,0.0,0.0,0.0,-93.42289479030464,0.0,0.0,0.0,0.0,-1000.0,0.0,0.0,0.0,0.0,0.0,702.2240205668276,175.90126731413136,-385.87727331277716,385.87727331277716,258.64898752180954,0.0,0.0,0.0,0.0,0.0,0.0,557.8283866369859,-1000.0,0.0,0.0,0.0,0.0,0.0,0.0,0.0,0.0,0.0,0.0,0.0,0.0,0.0,166.80511234359457,-79.83237234225342,531.3573660557952,0.0,0.0,0.0,0.0,-5.265250361380936,0.0,0.0,0.0,0.0,81.77608981795598,1000.0,0.0,0.0,0.0,0.0,0.0,0.0,0.0,0.0,0.0,0.0,0.0,0.0,-595.853279311423,0.0,0.0,0.0,-531.3573660557952,0.0,0.0,258.64898752180954,61.51126435612705,0.0,0.0,0.0,-19.099914060949004,0.0,0.0,-562.5000000000014,0.0,0.0,-1000.0,437.4999999999987,-437.4999999999987,0.0,0.0,578.5622452341056,702.2240205668276,0.0,-112.71453424764624,0.0,0.0,0.0,-682.0669662995543,0.0,682.0669662995543,0.0,1000.0,0.0,0.0,815.4514278498631,0.0,0.0,0.0,81.77608981795598,-0.07562860371654966,0.0,0.0,0.0,0.0,0.05041906914436644,0.0,0.0,0.0,731.4905420962615,-874.4155245455285,0.0,0.0,-848.1317005753224,743.985445501122,882.0788544631464,0.0,1000.0,0.0,0.0,0.0,0.0,0.0,232.13397395690333,-537.3899893840962,-694.7439845728072,-720.5499835389787,-1000.0,0.0,0.0,0.0,0.0,0.0,0.0,0.0,0.0,0.0,0.0,0.0,0.0,0.0,0.0,0.0,0.0,0.0,-999.7983237234225,0.0,-1000.0,0.0,0.0,0.0,0.0,0.0,879.0162500927006,-40.75993668869975,0.0,36.877668364583535,0.0,0.0,586.6083315729207,537.3899893840962,-1000.0,-318.37549550135014,0.0,0.0,694.3562457978921,0.0,390.37965215968444,0.0,1000.0,22.550376257671473,-293.981914791025,-1.260476728609161,-2.520953457218322,-472.6254891580361,0.0,0.0,0.0,237.2442817109454,15.12572074330993,0.0,0.0,0.0,0.0,0.0,0.0,0.0,-166.80511234359457,166.80511234359457,166.80511234359457,-410.9015045183072,0.0,0.0,-27.29092405144979,0.0,0.0,557.8283866369859,0.0,0.0,-95.09680788589759,0.0,0.0,133.04686628016353,0.0,0.0,0.0,0.0,-94.95809308556336,0.10083813828871281,0.0,0.0,0.0,0.0,0.0,0.0,0.0,0.0,0.0,0.0,0.0,0.0,0.0,0.0,0.0,0.0,0.0,0.0,0.0,0.05546097605885295,0.05546097605885295,0.0,436.7212985147213,0.0,30.25144148661986,0.0,0.0,0.0,1000.0,0.0,0.0,0.0,0.0,0.0,-630.5578689623114,-1000.0,0.0,0.0,0.0,0.0,0.0,133.04686628016353,0.0,0.0,0.0,0.0,0.0,0.0,0.0,295.86811313729754,-731.4905420962615,0.0,0.0,90.23116075464345,0.0,0.0,0.0,-253.3837371604286,0.0,-630.5578689623114,0.0,274.48403795212516,-1000.0,-937.4999999999991,937.4999999999991,166.80511234359457,0.0,0.0,0.0,0.0,0.0,0.0,0.0,0.0,0.0,0.0,0.0,0.0,0.0,30.25144148661986,258.64898752180954,258.64898752180954,0.0,0.0,0.0,0.0,0.0,0.0,0.0,0.0,0.0,0.0,0.5041906914436644,0.0,0.0,0.0,0.0,0.0,175.90126731413136,0.0,0.0,15.12572074330993,0.0,0.0,0.0,86.34889243052724,0.0,0.0,0.0,0.0,0.0,0.0,1000.0,0.0,0.0,15.12572074330993,15.12572074330993,1000.0,-1000.0,0.0,133.04686628016353,0.0,0.0,0.0,0.0,0.0,835.8742136449048,557.8283866369859,1000.0,0.05041906914436644,0.0,0.0,-599.8433314776602,666.4289150069595,655.8176906894339,0.0,0.0,0.0,0.0,0.0,0.0,0.0,0.0,0.0,0.0,0.0,0.0,0.0,0.0,0.0,0.0,0.05041906914436644,0.0,0.0,0.0,0.0,0.0,0.0,0.0,0.0,0.0,-5.505762350564808,1.6234940264485898,0.0,0.0,-0.2016762765774729,-3.781430185827503,0.0,-2.520953457218322,0.0,0.0,0.0,0.0,0.0,0.0,0.0,0.0,0.0,0.0,0.0,258.64898752180954,743.985445501122,0.0,0.0,239.7652351681637,0.0,0.0,0.0,-0.05041906914436644,0.0,0.0,0.05041906914436644,0.0,0.05041906914436644,0.0,229.48626506141682,0.0,30.25144148661986,61.51126435612705,61.51126435612705,0.0,0.0,0.0,0.0,0.0,0.0,36.877668364583535,0.0,0.0,557.8283866369859,0.0,0.0,236.47505581023333,0.0,0.0,0.0,0.0,0.0,0.0,0.0,0.0,0.0,0.0,0.0,0.0,0.0,0.0,253.3837371604286,0.0,0.0,0.0,0.07562860371654966,0.0,0.0,0.0,-15.12572074330993,0.0,0.0,0.0,0.0,0.0,-436.7212985147213,2.520953457218322,0.0,0.0,0.0,0.0,-906.2500000000007,-1.6234940264485898,-2.520953457218322,0.0,0.0,0.0,0.0,0.0,0.0,0.0,258.64898752180954,0.0,0.0,138.31211664154446,269.9161861711267,0.0,6.302383643045825,655.8176906894339,0.0,-36.877668364583535,36.877668364583535,0.0,0.0,0.0,0.0,2.520953457218322,717.692353432978,0.0,0.0,0.0,-95.09680788589759,687.4999999999989,-687.4999999999989,0.0,0.0,0.0,0.0,0.0,0.0,0.0,85.86003441864969,0.0,61.51126435612705,0.0,156.4920839622633,156.49208396226334,-156.4920839622633,0.0,0.0,0.0,0.0,0.0,0.0,0.0,0.0,448.06558907220375,-66.58558352929936,-50.386896025124656,-175.90126731413136,15.12572074330993,0.0,0.0,0.0,0.0,-296.18026637971104,0.0,0.0,0.05546097605885295,0.0,0.0,0.0,30.755632178063525,0.0,0.0,0.0,0.0,-79.83237234225342,0.0,0.0,0.0,0.0,0.0,0.0,0.0,0.0,-1000.0,0.0,0.005041906914436644,0.005041906914436644,0.0,0.0,0.0,0.0,0.0,0.0,0.0,0.0,0.0,-599.8433314776602,0.0,0.0,0.0,0.0,0.0,436.7212985147213,0.0,0.0,0.0,0.0,0.0,0.0,0.0,702.2240205668276,0.0,0.0,0.0,0.0,0.0,0.0,789.3764925413245,0.0,0.0,0.0,30.25144148661986,0.0,0.0,0.0,0.0,0.0,187.49999999960465,-217.7514414862245,0.0,0.0,0.0,0.0,0.0,0.0,0.0,0.0,0.0,0.0,0.0,0.0,-1000.0,-884.6757698940739,271.01211817412434,0.0,-15.12572074330993,0.0,0.0,0.0,0.0,0.0,0.0,0.0,0.0,0.0,0.0,0.0,0.0,0.0,0.0,0.0,0.0,0.0,0.0,0.0,-6.302383643045825,258.64898752180954,-590.3897617587483,232.69362562440585,0.0,0.0,0.0,0.0,0.0,-0.6302383643045805,0.0,95.09680788589759,0.0,0.0,0.0,0.0,0.0,0.0,0.0,1000.0,15.12572074330993,15.12572074330993,0.0,0.0,0.0,0.0,0.0,0.05546097605885295,436.7212985147213,0.0,0.0,0.0,0.0,0.0,0.0,0.0,0.0,0.0,0.0,0.0,0.0,0.0,0.0,0.0,0.0,0.0,114.74313253070841,0.0,0.0,0.0,0.0,52.94002260158476,0.0,0.0,40.75993668869975,0.0,0.0,0.0,436.7212985147213,0.0,0.0,0.0,0.0,0.0,-6.302383643045825,0.0,0.0,0.0,0.0,0.0,0.0,0.0,0.0,0.0,0.0,0.0,0.0,0.0,0.0,0.0,0.0,0.0,0.0,-0.05041906914436644,0.0,0.0,2.520953457218322,630.5578689623114,0.0,0.0,0.0,0.0,258.64898752180954,0.0,0.0,0.0,-232.13397395690333,1.260476728609161,0.0,0.0,0.0,0.05041906914436644,0.0,50.41906914436643,-15.629911434753593,10.083813828873287,0.36013620817404596,140.66920291278234,-0.03781430185827483,295.82511924367867,1.0083813828873287,-0.25209534572183934,-140.66920291278234,15.125720743309932,-0.05041906914436644,0.0,133.04686628016353,0.01260476728609161,0.36013620817404596,0.0,-8.02671580778313,-1.0083813828873287,-300.0,-0.05041906914436644,0.01260476728609161,-140.66920291278234,5.041906914436644,0.05041906914436644,0.05041906914436644,-436.6154184695181,0.05546097605880308,-180.19584509716185,-0.03781430185827483,15.12572074330993,0.05041906914436644,15.12572074330993,-25.209534572183216,-0.02520953457218322,302.9562498722332,0.17292437779992564,-0.03781430185827483,-0.05041906914436644,-15.629911434753593,0.05041906914436644,5.041906914436644,-1.0083813828873287,253.3837371604286,253.3837371604286,-5.041906914436644,300.0,-253.3837371604286,10.083813828873287,0.07562860371654966,86.91269202817239,5.041906914436644,-295.86811313729754,133.04686628016353,-10.083813828873287,0.02520953457218322,0.5041906914436644,0.0,280.0,-0.05041906914436644,-448.06558907220375,436.6154184695181,15.629911434753593,0.05041906914436644,8.02671580778313,72.5439833069233,133.04686628016353,-0.05041906914436644,-0.01260476728609161,-133.04686628016353,-0.05041906914436644,-94.95809308556336,0.05041906914436822,-0.01260476728609161,-0.01260476728609161,-0.01260476728609161,20.167627657746575,25.209534572183216,0.5041906914436644,37.35422785233145,-0.01260476728609161,0.0,2.520953457218322,50.0,0.05041906914436644,0.02520953457218322,0.02520953457218322,71.5653400545184,15.629911434753593,0.05041906914436644,-15.629911434753593,0.5041906914436644,0.05041906914436644,-37.35422785233145,0.05041906914436644,0.20167627657749443,0.25209534572183934,0.02520953457218322,0.01260476728609161,15.12572074330993,-0.05041906914436644,180.19584509716185,0.5041906914436644,-74.7084557046629,294.5646425150695,-5.041906914436644,10.083813828873287,2.520953457218322,-0.05041906914436644,0.0,0.07562860371654966,-0.05041906914436644,-143.1306801090368,15.629911434753593,477.07448919629223,0.02520953457218322,-100.0,-0.05041906914436644,-0.05041906914436822,-0.05041906914436644,0.02520953457218322,140.66920291278234,-10.083813828873287,0.05041906914436644,0.0,-0.01260476728609161,-0.05546097605880308,0.0,7.562860371654964,-0.17292437779992564,-471.3911551232642,140.66920291278234,-0.03781430185827483,448.06558907220375,-280.0,0.05041906914436644,-0.012604767286091608,2.520953457218322,50.41906914436643,-0.02520953457218322,-0.05041906914436644,0.01260476728609161,1000.0,0.0,-365.57577540056667,0.0,88.76610670677334,0.0,830.17847962309,-86.35201343968913,0.0,433.3983468020433,-255.0,-16.386197471919104,-278.6378738378221,-216.69917340102165,-44.38305335338667,127.5,0.0,43.176006719844565,-436.7212985147213,-180.8942228165812,278.6378738378221,16.38619747191911,-180.8942228165812,-830.17847962309,376.296294700865,0.0,1496.5981,hplb
144,0.0,0.0,0.0,0.0,0.0,0.0,0.0,0.0,122.66141230035487,0.0,0.0,0.0,0.0,0.0,0.0,0.0,129.04794199594429,170.95205800405571,0.0,0.0,0.0,0.0,0.0,0.0,0.0,646.8467845053373,0.0,0.0,0.0,809.9674856335619,186.92675905462238,-186.92675905462238,117.79694709291729,0.0,0.0,0.0,0.0,999.92487888761,0.0,-1000.0,920.7706659546715,0.0,0.0,-215.15620898546268,0.0,0.0,0.0,0.0,-704.9127429610437,0.0,0.0,-40.19285165516408,0.0,0.020658305907289787,0.0,0.0,0.0,3.756055619501122,0.0,0.0,32.19675728841137,0.0,1000.0,743.7179768951937,0.0,0.0,0.0,0.0,0.0,0.0,0.0,0.1878027809750561,0.0,0.0,0.0,0.0,0.0,0.0,0.0,0.0,0.0,0.0,0.0,0.0,11.268166858503365,0.0,0.0,521.9566619865573,142.76322931932236,-129.01977157879801,-0.004695069524376402,0.0,0.0,0.0,5.634083429251683,0.0,79.22933404532851,-187.53148400936226,0.0,0.0,0.0,0.9390139048752806,49.88795416017581,0.0,0.0,-21.78800876112781,0.0,0.0,0.0,0.0,0.0,0.0,0.0,0.0,0.0,0.0,0.0,0.0,0.0,0.0,0.0,0.0,0.0,0.0,-795.1635646321679,0.0,0.0,79.22933404532851,0.0,5.821886210226738,5.821886210226738,0.0,-174.07677486202715,1000.0,-825.9232251379728,825.9232251379728,0.0,0.0,0.0,-288.47878039321773,0.0,0.0,0.0,0.0,0.0,1.446081413507931,0.01878027809750561,0.0,0.0,0.0,0.0,-504.2483676449768,0.0,0.0,0.0,0.0,92.38478250407321,0.0,0.0,0.0,0.0,0.0,-284.96104138831487,-284.96104138831487,0.0,0.0,0.0,0.0,0.0,0.0,0.0,-98.015502055595,0.0,0.0,0.0,0.0,-272.29807067384945,0.0,0.0,0.0,0.0,0.0,0.0,0.0,0.0,0.0,-132.73162950775338,0.0,0.0,0.0,0.0,-1000.0,0.0,0.0,0.0,0.0,0.0,0.0,40.19285165516408,142.76322931932236,-142.76322931932236,288.47878039321773,0.0,0.0,0.0,0.0,0.0,0.0,760.079531473386,-389.56276888646113,0.0,0.0,0.0,0.0,0.0,0.0,0.0,0.0,0.0,0.0,0.0,0.0,0.0,167.83111418945987,657.698631260967,-274.2955363236265,0.0,0.0,0.0,0.0,-288.47878039321773,0.0,0.0,0.0,0.0,32.19675728841137,-59.13932733816381,186.92675905462238,0.0,16.291717149268752,0.0,0.0,0.0,0.0,0.0,0.0,0.0,73.59525061607683,0.0,0.0,0.0,0.0,0.0,274.2955363236265,0.0,0.0,288.47878039321773,22.911939278956844,0.0,0.0,0.0,-509.2465580711299,0.0,0.0,-878.4911951282043,0.0,-62.50000000000006,-815.9911951282043,-62.50000000000006,0.0,285.5264586386447,0.0,456.47851664270047,0.0,0.0,64.04074831249413,0.0,0.0,0.0,-422.77023174439984,0.0,422.77023174439984,0.0,-98.05306261179001,0.0,0.0,-411.3507776475889,0.0,0.0,0.0,32.19675728841137,-0.02817041714625841,0.0,0.0,0.0,0.0,0.01878027809750561,0.0,0.0,0.0,920.7706659546715,129.04794199594429,0.0,-593.2671205073226,962.0418831197552,272.29807067384945,1000.0,0.0,1000.0,0.0,-21.78800876112781,0.0,0.0,0.0,985.5185275590134,-985.5185275590134,-1000.0,-1000.0,-1000.0,0.0,0.0,0.0,0.0,0.0,0.0,0.0,0.0,0.0,0.0,0.0,0.0,0.0,0.0,0.0,0.0,16.291717149268752,0.0,0.0,-1000.0,0.0,0.0,0.0,0.0,0.0,0.0,902.2821694952838,0.0,0.0,0.0,672.7692888720757,0.0,985.5185275590134,0.0,0.0,-761.5154736508997,0.0,357.3021822964953,840.6340460132591,-685.1924428335757,0.0,0.0,-0.9390139048752806,-378.71410426980424,761.045966698462,-841.5730599181344,0.0,0.0,0.0,-577.39600570664,170.91478992357193,79.22933404532851,0.0,0.0,0.0,0.0,0.0,122.68019257845238,0.0,-167.83111418945987,167.83111418945987,167.83111418945987,273.0319531416267,0.0,0.0,0.0,0.0,0.0,760.079531473386,0.0,0.0,-224.085265816395,0.0,0.0,0.0,0.0,0.0,0.0,0.0,74.22092957066167,0.03756055619502376,0.0,0.0,0.0,0.0,0.0,0.0,0.0,0.0,0.0,0.0,0.0,0.0,0.0,0.0,0.0,0.0,0.0,0.0,0.0,0.020658305907289787,0.020658305907289787,186.92675905462238,444.07505856995874,0.0,11.268166858503365,0.0,0.0,0.0,1000.0,0.0,0.0,0.0,0.0,0.0,430.8777928275711,-1000.0,0.0,0.0,0.0,0.0,0.0,0.0,0.0,0.0,0.0,0.0,0.0,0.0,0.0,265.05452154405594,-920.7706659546715,504.2483676449768,0.0,1.446081413507931,0.0,945.8549982206206,-945.8549982206207,-945.8549982206206,0.0,430.8777928275711,0.0,505.0987223982328,0.0,0.0,0.0,167.83111418945987,0.0,0.0,0.0,0.0,0.0,0.0,0.0,0.0,0.0,0.0,0.0,0.0,0.0,11.268166858503365,288.47878039321773,288.47878039321773,0.0,0.0,0.0,0.0,0.0,0.0,0.0,0.0,0.0,0.0,0.1878027809750561,0.0,186.92675905462238,0.0,0.0,186.92675905462238,40.19285165516408,0.0,0.0,79.22933404532851,0.0,0.0,0.0,0.0,0.0,0.0,0.0,0.0,0.0,0.0,864.0537809282085,0.0,0.0,5.634083429251683,5.634083429251683,1000.0,-1000.0,0.0,0.0,0.0,0.0,0.0,0.0,0.0,950.1120458398242,760.079531473386,699.5138259137868,0.01878027809750561,0.0,0.0,0.0,1.5144952837202736,0.0,0.0,0.0,0.0,0.0,0.0,0.0,0.0,0.0,0.0,0.0,0.0,0.0,0.0,0.0,0.0,0.0,0.01878027809750561,0.0,0.0,0.0,0.0,0.0,0.0,0.0,0.0,0.0,0.0,902.2821694952838,0.0,0.0,-1000.0,-1.4085208573129209,-0.9390139048752805,0.0,0.0,0.0,0.0,0.0,0.0,0.0,0.0,0.0,0.0,0.0,0.0,288.47878039321773,272.29807067384945,0.0,0.0,171.8538038284472,0.0,0.0,0.0,122.66141230035487,0.0,0.0,0.01878027809750561,0.0,0.01878027809750561,0.0,0.0,0.0,11.268166858503365,22.911939278956844,22.911939278956844,0.0,0.0,0.0,0.0,0.0,0.0,0.0,504.2483676449768,0.0,760.079531473386,0.0,0.0,652.2994942286839,334.8360152745248,0.0,0.0,0.0,0.0,0.0,0.0,0.0,0.0,0.0,0.0,0.0,0.0,0.0,0.0,0.0,-646.8467845053373,646.8467845053373,0.02817041714625841,0.0,0.0,0.0,-79.22933404532851,0.0,0.0,0.0,0.0,0.0,-444.07505856995874,0.9390139048752806,0.0,0.0,0.0,0.0,0.0,-188.47049791423754,0.0,0.0,0.0,0.0,0.0,0.0,0.0,0.0,288.47878039321773,0.0,0.0,322.44243531618383,276.2439443804989,0.0,612.7847658757271,-21.78800876112781,0.0,713.8116715810463,0.0,-713.8116715810463,0.0,0.0,0.0,0.9390139048752805,1000.0,0.0,0.0,-186.92675905462238,-224.085265816395,-944.9850750746596,944.9850750746596,0.0,0.0,0.0,-716.8014918541694,0.0,0.0,0.0,129.91458779312754,0.0,22.911939278956844,0.0,0.0,0.0,186.92675905462238,0.0,0.0,0.0,0.0,0.0,0.0,0.0,0.0,448.3006211418975,-1.5144952837202736,0.0,0.0,5.634083429251683,0.0,0.0,0.0,0.0,25.994283032711593,0.0,0.0,0.020658305907289787,0.0,0.0,0.0,11.455969639478422,0.0,0.0,0.0,0.0,657.698631260967,0.0,0.0,0.0,0.0,0.0,0.0,0.0,0.0,-842.9401101978378,0.0,0.0018780278097505609,0.0018780278097505609,0.0,0.0,0.0,0.0,0.0,0.0,0.0,0.0,0.0,0.0,186.92675905462238,0.0,0.0,0.0,0.0,444.07505856995874,0.0,0.0,0.0,0.0,0.0,0.0,0.0,0.0,0.0,0.0,0.0,0.0,0.0,49.8545093287093,170.95205800405571,0.0,0.0,0.0,11.268166858503365,0.0,0.0,0.0,0.0,0.0,0.0,-11.268166858503365,0.0,0.0,0.0,0.0,0.0,0.0,0.0,0.0,0.0,186.92675905462238,186.92675905462238,0.0,-753.8505343672896,0.0,1000.0,-79.22933404532851,0.0,0.0,999.92487888761,0.0,0.0,0.0,0.0,0.0,0.0,0.0,0.0,0.0,0.0,0.0,0.0,0.0,0.0,0.0,0.0,0.0,-2.3475347621882015,288.47878039321773,-1.4085208573129209,985.7269886458957,0.0,0.0,0.0,0.0,0.0,-0.23475347621882012,0.0,224.085265816395,0.0,0.0,0.0,0.0,0.0,0.0,0.0,945.6632915464972,5.634083429251683,5.634083429251683,0.0,0.0,0.0,0.0,0.0,0.020658305907289787,444.07505856995874,0.0,0.0,-999.92487888761,0.0,0.0,0.0,0.0,0.0,0.0,0.0,0.0,0.0,0.0,0.0,0.0,0.0,0.0,0.0,0.0,0.0,5.821886210226738,0.0,19.71929200238089,1.446081413507931,0.0,0.0,0.0,0.0,0.0,444.07505856995874,0.0,0.0,0.0,0.0,0.0,-2.3475347621882015,0.0,0.0,0.0,0.0,0.0,0.0,0.0,0.0,0.0,0.0,0.0,0.0,0.0,0.0,0.0,0.0,0.0,0.0,-0.01878027809750561,0.0,0.0,0.9390139048752806,-430.8777928275711,0.0,0.0,0.0,0.0,288.47878039321773,0.0,0.0,0.0,-985.5185275590134,0.4695069524376404,0.0,0.0,646.8467845053373,0.01878027809750561,0.0,18.780278097505608,0.0,3.756055619501122,0.1341448435536115,64.04074831249413,-0.014085208573129206,0.9390139048752806,0.3756055619501122,-0.09390139048748493,-64.04074831249413,5.634083429251683,-0.01878027809750561,7.262669587042603,0.0,0.004695069524376402,0.1341448435536115,-21.78800876112781,-2.9898202731230867,186.55115349267226,-300.0,-0.01878027809750561,0.004695069524376402,-64.04074831249413,1.878027809750561,0.01878027809750561,0.01878027809750561,-444.03561998595393,0.020658305907256168,0.0,-0.014085208573129206,5.634083429251683,0.01878027809750561,79.22933404532851,64.20511156732401,-0.009390139048752804,-48.808764981817596,286.5819723053697,-0.014085208573129206,-0.01878027809750561,0.0,0.01878027809750561,1.878027809750561,-0.3756055619501122,0.0,0.0,-1.878027809750561,300.0,0.0,3.756055619501122,0.02817041714625841,-1000.0,1.878027809750561,-265.05452154405594,0.0,-3.756055619501122,0.009390139048752804,0.1878027809750561,148.31678012683065,280.0,-0.01878027809750561,-448.3006211418975,444.03561998595393,5.821886210226738,0.01878027809750561,2.9898202731230867,-96.13158433308331,0.0,-0.01878027809750561,-0.004695069524376402,0.0,-0.01878027809750561,74.22092957066167,0.01878027809755535,-0.004695069524376402,-0.004695069524376402,-0.004695069524376402,7.512111239002244,-64.20511156732401,0.1878027809750561,13.913838535490697,-0.004695069524376402,289.3708906666187,0.9390139048752805,-36.17145088045555,0.01878027809750561,0.009390139048752804,0.009390139048752804,1.878027809750561,0.0,0.01878027809750561,0.0,0.1878027809750561,0.01878027809750561,-13.913838535490697,0.01878027809750561,0.07512111238997932,0.09390139048748493,0.009390139048752804,0.004695069524376402,5.634083429251683,-0.01878027809750561,0.0,-93.27557674633613,-27.827677070981395,0.4695069524376403,-1.878027809750561,3.756055619501122,0.9390139048752805,-0.01878027809750561,21.78800876112781,0.02817041714625841,-0.01878027809750561,-3.756055619501126,0.0,90.67580935255651,0.009390139048752804,72.3429017609111,-0.01878027809750561,-0.01878027809755535,-0.01878027809750561,0.009390139048752804,64.04074831249413,-3.756055619501122,0.01878027809750561,296.6335602536613,-0.004695069524376402,-0.020658305907256168,-296.6335602536613,2.8170417146258413,-286.5819723053697,246.6756350397347,64.04074831249413,-0.014085208573129206,448.3006211418975,-280.0,0.01878027809750561,-0.004695069524376401,673.708302776951,18.780278097505608,-0.009390139048752804,-0.01878027809750561,0.004695069524376402,1000.0,0.0,843.4839228011045,0.0,-255.0,0.0,334.78925750003077,-140.0,0.0,-80.0,-255.0,-112.29245385025143,-156.5066870598467,40.0,127.5,127.5,0.0,70.0,-444.07505856995874,-116.6700923852681,156.5066870598467,112.29245385025143,-116.6700923852681,-334.78925750003077,214.52140701168176,0.0,1496.5981,hplb
145,0.0,0.0,0.0,0.0,0.0,0.0,0.0,0.0,-0.0032870881919858574,0.0,0.0,0.0,0.0,0.0,0.0,0.0,-125.10815853874968,280.5579581186377,0.0,0.0,0.0,0.0,0.0,614.6557955609632,0.0,0.0,0.0,0.0,0.0,-257.3286556089517,192.50446072172716,-192.50446072172716,702.3811240891832,0.0,0.0,0.0,0.0,906.611349623154,0.0,-1000.0,919.5314183395348,0.0,0.0,382.4368141477014,0.0,0.0,0.0,0.0,0.0,0.0,0.0,0.0,0.0,0.003615797011187694,0.0,0.0,0.0,0.6574176383971715,0.0,0.0,-64.45763647401589,0.0,-489.4089511507534,-553.8665876247693,0.0,0.0,0.0,0.0,921.4242990611415,-921.4242990611415,0.0,0.032870881919858576,0.0,0.0,0.0,0.0,0.0,0.0,0.0,0.0,0.0,0.0,-290.005110096958,0.0,1.9722529151915147,0.0,0.0,15.17082052056918,914.5934569108422,-804.6511882603738,-0.0008217720479964644,0.0,0.0,0.0,0.9861264575957573,0.0,80.46858166046525,-192.61030496150806,650.4085697997585,0.0,0.0,0.16435440959929287,-737.8969496506116,0.0,0.0,-10.145209978870719,0.0,0.0,0.0,0.0,0.0,0.0,0.0,0.0,0.0,0.0,0.0,0.0,0.0,0.0,0.0,0.0,0.0,0.0,-195.3841635835409,0.0,0.0,80.46858166046525,0.0,1.018997339515616,0.0,0.0,0.0,-312.50000000000364,312.50000000000364,-312.50000000000364,-1000.0,1000.0,-1000.0,1000.0,0.0,0.0,0.0,0.0,0.0,290.2582158877409,0.0032870881919858574,0.0,0.0,0.0,-126.09640092325014,-14.686756633070559,0.0,0.0,0.0,0.0,142.3293691352488,0.0,0.0,0.0,0.0,0.0,807.4922521900809,807.4922521900809,0.0,0.0,0.0,0.0,-110.68705032958698,0.0,0.0,1000.0,0.0,0.0,0.0,-176.67894298867623,-623.5080080900514,0.0,0.0,0.0,0.0,0.0,0.0,0.0,0.0,0.0,0.0,0.0,0.0,0.0,0.0,-1000.0,0.0,0.0,0.0,0.0,0.0,0.0,0.0,-15.17082052056918,15.17082052056918,0.0,0.0,0.0,0.0,0.0,0.0,0.0,480.56829404165995,405.5786746603014,0.0,0.0,0.0,0.0,0.0,0.0,0.0,0.0,0.0,0.0,0.0,0.0,0.0,331.11484466338345,121.58044803598443,382.4368141477014,0.0,0.0,0.0,0.0,0.0,0.0,0.0,0.0,0.0,-64.45763647401589,0.0,192.50446072172716,0.0,0.0,0.0,0.0,0.0,0.0,0.0,0.0,0.0,79.48245520286946,0.0,-929.7642774314113,0.0,0.0,0.0,-382.4368141477014,0.0,0.0,0.0,0.0,0.0,0.0,0.0,-272.69950751273336,0.0,0.0,669.2777950959166,0.0,62.499999999999545,-330.72220490408336,1000.0,-937.5000000000005,899.422636390273,0.0,250.21631707749935,0.0,0.0,9.170976055640544,0.0,0.0,0.0,0.0,0.0,0.0,0.0,1000.0,0.0,0.0,1000.0,0.0,0.0,0.0,-64.45763647401589,-0.004930632287978786,0.0,0.0,0.0,0.0,0.0032870881919858574,0.0,0.0,0.0,919.5314183395348,-125.10815853874968,0.0,-413.0759139557157,-431.3040797205862,623.5080080900514,1000.0,0.0,489.26550971370284,0.0,-10.145209978870719,0.0,0.0,0.0,-0.2830182933299855,-1000.0,511.01750857962713,-103.70910961087127,-1000.0,0.0,0.0,0.0,0.0,0.0,0.0,0.0,0.0,0.0,0.0,0.0,0.0,0.0,0.0,0.0,0.0,0.0,-93.3755020240792,0.0,-1000.0,0.0,0.0,0.0,0.0,0.0,0.0,-97.75375516601375,0.0,940.4136798967165,0.0,0.0,0.0,78.57570093885852,0.0,-0.16435440959929287,0.0,0.0,-41.0707515967938,-0.16435440959929287,0.0,-515.4435728301361,0.0,0.0,-952.6633698757055,-0.08217720479964644,0.0,953.0742558997038,0.0,0.0,0.0,478.43168671686914,80.46858166046525,0.0,0.0,0.0,0.0,0.0,0.0,0.0,-331.11484466338345,331.11484466338345,331.11484466338345,-450.7657933076828,0.0,0.0,-0.006574176383971715,0.0,0.0,480.56829404165995,0.0,0.0,-128.91527294803177,0.0,-847.6585308515373,0.0,0.0,0.0,0.0,0.0,-99.67129118080142,0.00657417638397391,0.0,0.0,0.0,0.0,0.0,0.0,0.0,0.0,0.0,0.0,0.0,0.0,0.0,0.0,0.0,0.0,0.0,0.0,0.0,0.003615797011187694,0.003615797011187694,192.50446072172716,374.7597123959787,0.0,1.9722529151915147,0.0,0.0,0.0,1000.0,0.0,679.1627023676645,0.0,0.0,0.0,-349.8303964629646,-1000.0,0.0,0.0,0.0,0.0,0.0,0.0,0.0,0.0,0.0,0.0,0.0,0.0,0.0,65.12805452784697,-919.5314183395348,140.7831575563207,0.0,0.25310579078291084,0.0,0.0,0.0,0.0,0.0,-349.8303964629646,0.0,-449.501687643766,0.0,-812.5000000000005,812.5000000000005,331.11484466338345,0.0,0.0,0.0,0.0,0.0,0.0,0.0,0.0,0.0,0.0,0.0,0.0,0.0,1.9722529151915147,0.0,0.0,0.0,0.0,0.0,0.0,0.0,0.0,0.0,0.0,0.0,0.0,0.032870881919858576,0.0,192.50446072172716,0.0,0.0,192.50446072172716,0.0,0.0,0.0,80.46858166046525,0.0,0.0,0.0,0.0,0.0,0.0,0.0,0.0,0.0,0.0,807.4955392782729,0.0,0.0,0.9861264575957573,0.9861264575957573,-465.86714237061386,-1000.0,0.0,0.0,0.0,0.0,0.0,0.0,0.0,-158.39394073851713,480.56829404165995,-366.2216386650439,0.0032870881919858574,0.0,0.0,0.0,4.341069541544752,715.2535856481563,0.0,0.0,0.0,0.0,0.0,0.0,0.0,0.0,0.0,0.0,0.0,0.0,0.0,0.0,0.0,0.0,0.0032870881919858574,0.0,0.0,0.0,471.33957571239125,-471.33957571239125,0.0,0.0,0.0,0.0,0.0,842.6599247307028,0.0,0.0,-906.6244979759208,-0.24653161439893934,-0.16435440959929287,0.0,0.0,0.0,0.0,0.0,0.0,0.0,0.0,0.0,0.0,0.0,0.0,0.0,623.5080080900514,0.0,0.0,478.59604112646844,0.0,0.0,0.0,-0.0032870881919858574,0.0,0.0,0.0032870881919858574,0.0,0.0032870881919858574,0.0,0.0,0.0,1.9722529151915147,4.010247594222746,4.010247594222746,0.0,0.0,0.0,0.0,0.0,0.0,290.005110096958,140.7831575563207,0.0,480.56829404165995,0.0,0.0,0.0,0.0,0.0,0.0,0.0,0.0,0.0,0.0,0.0,0.0,0.0,0.0,0.0,0.0,0.0,0.0,0.0,-184.23037018922392,184.23037018922392,0.004930632287978786,0.0,0.0,0.0,-80.46858166046525,0.0,0.0,0.0,0.0,0.0,-374.7597123959787,0.16435440959929287,0.0,0.0,0.0,0.0,110.68705032958698,0.0,0.0,0.0,-847.6585308515373,0.0,0.0,0.0,0.0,0.0,0.0,0.0,0.0,1000.0,43.64486773259523,0.0,-59.87758168631426,705.1083756692857,0.0,-97.75375516601378,940.4136798967165,-842.6599247307028,0.0,-4.010247594222746,0.0,0.16435440959929287,987.2244030330279,0.0,0.0,-192.50446072172716,-128.91527294803177,0.0,0.0,0.0,0.0,0.0,0.0,0.0,0.0,0.0,375.0062440103776,-375.49930723917555,4.010247594222746,0.0,-281.25,-281.25,473.7544607217271,0.0,0.0,0.0,0.0,0.0,0.0,0.0,0.0,0.0,-4.341069541544752,-28.270255966722175,0.0,0.9861264575957573,0.0,0.0,0.0,0.0,-11.405692267784545,0.0,0.0,0.003615797011187694,0.0,0.0,0.0,2.005123797111373,0.0,0.0,0.0,0.0,121.58044803598443,0.0,0.0,0.0,0.0,0.0,0.0,0.0,0.0,0.0,0.0,325.29264774523824,0.00032870881919858574,0.0,0.0,0.0,0.0,0.0,0.0,0.0,0.0,0.0,0.0,192.50446072172716,0.0,0.0,0.0,0.0,374.7597123959787,0.0,0.0,0.0,0.0,0.0,0.0,0.0,0.0,0.0,0.0,0.0,0.0,0.0,0.0,280.5579581186377,0.0,0.0,0.0,1.9722529151914614,0.0,0.0,0.0,0.0,0.0,-626.2468469625609,624.2745940473694,0.0,0.0,0.0,0.0,0.0,0.0,0.0,0.0,0.0,192.50446072172716,192.50446072172716,0.0,366.2216386650439,-1000.0,2.251655411510313,-665.2894186455591,584.8208369850938,0.0,906.611349623154,0.0,0.0,0.0,0.0,0.0,0.0,0.0,0.0,0.0,0.0,0.0,0.0,0.0,0.0,0.0,0.0,0.0,-0.4108860239982322,0.0,-0.24653161439893934,375.2527756247766,0.0,0.0,0.0,0.0,0.0,-0.041088602399823225,0.0,128.91527294803177,0.0,0.0,0.0,0.0,0.0,0.0,0.0,1000.0,0.9861264575957573,0.9861264575957573,0.0,0.0,0.0,0.0,0.0,0.003615797011187694,374.7597123959787,0.0,0.0,-906.611349623154,325.29231903641903,0.0,0.0,0.0,0.0,0.0,0.0,0.0,0.0,0.0,0.0,0.0,0.0,0.0,92.11518509461196,0.0,0.0,0.0,0.0,3.4514426015851507,290.2582158877409,0.0,0.0,0.0,0.0,0.0,374.7597123959787,0.0,-192.77465937110736,0.0,0.0,0.0,-0.4108860239982322,0.0,0.0,0.0,0.0,0.0,0.0,0.0,0.0,0.0,0.0,0.0,0.0,0.0,0.0,0.0,0.0,0.0,0.0,-0.0032870881919858574,0.0,0.0,0.16435440959929287,349.8303964629646,0.0,0.0,0.0,0.0,0.0,0.0,0.0,0.0,0.2830182933299855,0.08217720479964644,0.0,0.0,0.0,0.0032870881919858574,0.0,3.287088191985857,-1.018997339515616,0.6574176383971715,0.023479201371327554,9.170976055640544,-0.002465316143989393,0.16435440959929287,0.06574176383971715,-0.016435440958844083,-9.170976055640544,0.9861264575957572,-0.0032870881919858574,3.381736659623573,0.0,0.0008217720479964644,0.023479201371327554,-10.145209978870719,-0.5233044401631446,192.43871895788743,-155.44979957988804,-0.0032870881919858574,0.0008217720479964644,-9.170976055640544,0.32870881919858574,0.0032870881919858574,0.0032870881919858574,-374.7528095107755,0.003615797011207178,-66.50840966408686,-0.002465316143989393,0.9861264575957573,0.0032870881919858574,80.46858166046525,77.83891110687652,-0.0016435440959929287,-55.53053951342051,-0.3319959073905716,-0.002465316143989393,-0.0032870881919858574,-1.018997339515616,0.0032870881919858574,0.32870881919858574,-0.06574176383971715,0.0,0.0,-0.32870881919858574,155.44979957988804,0.0,0.6574176383971715,0.004930632287978786,321.30896266912174,0.32870881919858574,-65.12805452784697,0.0,-0.6574176383971715,0.0016435440959929287,0.032870881919858576,103.26897848892892,44.3022853709924,-0.0032870881919858574,-375.49930723917555,374.7528095107755,1.018997339515616,0.0032870881919858574,0.5233044401631446,-83.42696103325271,0.0,-0.0032870881919858574,-0.0008217720479964644,0.0,-0.0032870881919858574,-99.67129118080142,0.0032870881919730512,-0.0008217720479964644,-0.0008217720479964644,-0.0008217720479964644,1.314835276794343,-77.83891110687652,0.032870881919858576,2.4353214642364884,-0.0008217720479964644,203.15622031823426,0.16435440959929287,50.0,0.0032870881919858574,0.0016435440959929287,0.0016435440959929287,0.32870881919858574,1.018997339515616,0.0032870881919858574,-1.018997339515616,0.032870881919858576,0.0032870881919858574,-2.4353214642364884,0.0032870881919858574,0.013148352766812366,0.016435440958844083,0.0016435440959929287,0.0008217720479964644,0.9861264575957573,-0.0032870881919858574,66.50840966408686,-96.21935947894372,-4.870642928472977,0.08217720479964646,-0.32870881919858574,0.6574176383971715,0.16435440959929287,-0.0032870881919858574,10.145209978870719,0.004930632287978786,-0.0032870881919858574,-0.6574176383971633,1.018997339515616,123.94878869838287,0.0016435440959929287,-100.0,-0.0032870881919858574,-0.0032870881919730512,-0.0032870881919858574,0.0016435440959929287,9.170976055640544,-0.6574176383971715,0.0032870881919858574,206.53795697785785,-0.0008217720479964644,-0.003615797011207178,-206.53795697785785,0.49306322879787856,0.3319959073905716,-618.9056315209594,9.170976055640544,-0.002465316143989393,375.49930723917555,-44.302285370992394,0.0032870881919858574,-0.0008217720479964641,0.16435440959929287,3.287088191985857,-0.0016435440959929287,-0.0032870881919858574,0.0008217720479964644,1000.0,0.0,-416.082054343117,0.0,-255.0,0.0,197.94201431955673,2.6546069310594476,0.0,-80.0,-255.0,200.00332160423778,-94.77144812989928,40.0,127.5,127.5,0.0,-1.3273034655297282,-374.7597123959787,-112.54309643059833,94.77144812989928,-200.00332160423778,-112.54309643059833,-197.94201431955673,140.52013326680543,0.0,1496.5981,hplb
146,0.0,0.0,0.0,0.0,0.0,0.0,0.0,0.0,0.0,0.0,0.0,0.0,0.0,0.0,0.0,0.0,973.8514889650206,326.1485110349794,0.0,-1000.0,0.0,0.0,0.0,615.1273511406101,0.0,605.6216065550178,0.0,0.0,0.0,-931.1893658195494,0.0,0.0,120.77361999869315,0.0,0.0,0.0,0.0,25.76520032007139,0.0,-1000.0,1000.0,0.0,0.0,0.0,0.0,0.0,620.4672315978253,191.62243474535498,-197.07964806985888,0.0,0.0,0.0,0.0,0.0,0.0,0.0,0.0,191.62243474535498,0.0,0.0,-84.87651327896386,0.0,642.6741190719476,530.8180510311183,0.0,0.0,0.0,0.0,1000.0,-973.0204452381345,0.0,0.0,0.0,0.0,0.0,0.0,0.0,0.0,0.0,332.463467003116,0.0,0.0,0.0,0.0,0.0,0.0,88.14409812845862,-1000.0,523.2281591048384,-794.7234940574579,0.0,0.0,0.0,0.0,0.0,0.0,0.0,0.0,0.0,0.0,0.0,0.0,-931.1893658195494,0.0,0.0,-19.226380001306847,0.0,615.1273511406101,0.0,0.0,0.0,0.0,0.0,0.0,0.0,0.0,0.0,0.0,0.0,0.0,0.0,0.0,0.0,0.0,-1000.0,0.0,0.0,0.0,0.0,0.0,0.0,0.0,386.0884872057153,-386.0884872057153,0.0,0.0,0.0,0.0,0.0,-26.979554761865554,0.0,0.0,0.0,0.0,0.0,88.14409812845862,0.0,0.0,0.0,0.0,0.0,-85.87525489513361,0.0,0.0,0.0,0.0,-237.60005944438703,0.0,0.0,0.0,0.0,0.0,9.206127666466365,9.206127666466365,0.0,0.0,0.0,156.25,0.0,0.0,0.0,9.206127666466365,0.0,0.0,0.0,0.0,0.0,0.0,0.0,0.0,0.0,0.0,0.0,0.0,0.0,0.0,-3.2675848494951083,0.0,0.0,0.0,0.0,-1000.0,0.0,0.0,0.0,0.0,0.0,0.0,0.0,476.7718408951617,-476.7718408951617,0.0,0.0,0.0,0.0,0.0,0.0,0.0,0.0,-589.1247451048664,0.0,0.0,0.0,0.0,0.0,0.0,0.0,0.0,0.0,0.0,0.0,0.0,0.0,0.0,168.19611489121309,154.41752492438775,0.0,0.0,0.0,0.0,0.0,0.0,0.0,0.0,0.0,-84.87651327896386,154.41752492438775,0.0,0.0,0.0,0.0,0.0,0.0,0.0,0.0,855.0361051631614,0.0,0.0,0.0,-360.6052955347356,-314.1489773250589,-720.3078071746971,0.0,-154.41752492438775,0.0,0.0,26.979554761865554,0.0,0.0,0.0,0.0,-43.04543386037926,0.0,0.0,0.0,0.0,663.5517349637602,-663.5517349637603,663.5517349637602,0.0,1000.0,0.0,1000.0,0.0,0.0,0.0,0.0,0.0,0.0,0.0,0.0,0.0,0.0,365.2410648789157,26.979554761865558,0.0,-378.0473359207311,156.25,0.0,0.0,-84.87651327896386,0.0,0.0,0.0,0.0,0.0,0.0,0.0,0.0,0.0,144.96389483683856,973.8514889650206,0.0,-161.6771356850046,-51.18707696947417,0.0,823.0204452381345,0.0,1000.0,0.0,-19.226380001306847,0.0,0.0,0.0,0.0,0.0,-1000.0,-1000.0,-1000.0,0.0,0.0,0.0,0.0,0.0,0.0,0.0,0.0,0.0,0.0,0.0,0.0,0.0,0.0,0.0,0.0,0.0,-1000.0,0.0,-1000.0,0.0,0.0,855.0361051631612,0.0,0.0,0.0,-943.18020329162,0.0,0.0,0.0,966.2872009740848,0.0,0.0,-823.3676046110289,0.0,213.61277926438117,-1000.0,0.0,0.0,0.0,33.71279902591516,823.3676046110289,0.0,106.23595800623677,-213.61277926438117,0.0,-116.23678711978137,0.0,-26.979554761865554,1000.0,0.0,0.0,-187.50000000000017,187.50000000000017,0.0,0.0,0.0,0.0,0.0,0.0,0.0,0.0,274.22638000130684,0.0,0.0,0.0,0.0,0.0,0.0,0.0,0.0,-20.444385062876037,0.0,0.0,176.97955476186556,0.0,0.0,0.0,0.0,82.32085999607946,0.0,0.0,0.0,0.0,0.0,0.0,0.0,0.0,0.0,0.0,0.0,0.0,0.0,0.0,0.0,0.0,0.0,0.0,0.0,0.0,0.0,0.0,0.0,280.0,0.0,0.0,0.0,34.35617818544739,0.0,-951.8564390794196,0.0,0.0,88.14409812845862,0.0,0.0,-130.07542929778043,951.8564390794196,0.0,0.0,230.3037891854422,0.0,0.0,176.97955476186556,0.0,0.0,0.0,0.0,0.0,0.0,0.0,333.3333333333333,-144.96389483683856,85.87525489513361,0.0,199.864949009307,0.0,0.0,0.0,0.0,0.0,-241.72463068475645,0.0,0.0,-47.75456930170097,0.0,0.0,0.0,0.0,0.0,0.0,0.0,0.0,0.0,0.0,0.0,0.0,0.0,0.0,0.0,0.0,0.0,26.979554761865554,26.979554761865554,0.0,0.0,0.0,0.0,0.0,0.0,0.0,0.0,0.0,0.0,0.0,0.0,0.0,88.14409812845862,-88.14409812845862,0.0,0.0,0.0,0.0,0.0,-230.3037891854422,0.0,0.0,111.72085088084836,0.0,0.0,0.0,0.0,0.0,0.0,0.0,-563.0680419675808,0.0,0.0,0.0,1000.0,951.8564390794196,0.0,176.97955476186556,0.0,0.0,0.0,0.0,0.0,931.1893658195494,0.0,1000.0,0.0,0.0,0.0,0.0,0.0,0.0,0.0,0.0,0.0,-26.979554761865554,0.0,0.0,0.0,0.0,8.588400106690463,0.0,0.0,0.0,0.0,0.0,0.0,0.0,0.0,0.0,0.0,0.0,136.65875489140058,-136.65875489140058,0.0,0.0,0.0,0.0,0.0,1000.0,0.0,-793.5503793722988,-294.59371875616,0.0,0.0,0.0,0.0,0.0,0.0,0.0,0.0,0.0,0.0,0.0,0.0,0.0,0.0,26.979554761865554,0.0,0.0,0.0,-26.979554761865554,0.0,0.0,0.0,0.0,0.0,0.0,0.0,0.0,0.0,25.76520032007139,0.0,0.0,0.0,0.0,0.0,0.0,0.0,0.0,0.0,0.0,0.0,0.0,85.87525489513361,0.0,0.0,0.0,0.0,0.0,0.0,0.0,0.0,0.0,0.0,0.0,0.0,0.0,0.0,0.0,0.0,0.0,0.0,0.0,0.0,0.0,-579.8564062349465,579.8564062349465,0.0,0.0,0.0,0.0,0.0,0.0,0.0,0.0,0.0,0.0,-280.0,0.0,0.0,0.0,0.0,-156.25,0.0,0.0,0.0,0.0,0.0,0.0,0.0,0.0,0.0,0.0,26.979554761865554,0.0,230.3037891854422,0.0,280.0,0.0,410.8752548951336,-19.226380001306836,294.59371875616,-943.18020329162,793.5503793722988,-144.96389483683885,0.0,0.0,34.35617818544739,0.0,791.5466508840027,0.0,0.0,0.0,-196.73258131979327,0.0,0.0,-93.74999999982488,93.74999999982488,0.0,0.0,0.0,0.0,0.0,3.2675848494951083,0.0,0.0,0.0,0.0,0.0,0.0,0.0,0.0,0.0,0.0,0.0,855.0361051631614,0.0,0.0,280.0,0.0,82.49938168464197,0.0,0.0,88.14409812845862,0.0,0.0,0.0,-223.52656940065197,0.0,0.0,0.0,0.0,0.0,0.0,0.0,0.0,0.0,0.0,0.0,168.19611489121309,0.0,0.0,0.0,0.0,0.0,0.0,0.0,0.0,0.0,0.0,394.87566642104144,0.0,0.0,0.0,0.0,0.0,0.0,25.76520032007139,0.0,0.0,0.0,0.0,0.0,0.0,0.0,0.0,0.0,280.0,0.0,0.0,0.0,0.0,0.0,0.0,0.0,0.0,0.0,0.0,0.0,176.28819625691725,1000.0,750.6233298601824,326.1485110349794,0.0,0.0,0.0,0.0,0.0,0.0,0.0,0.0,0.0,0.0,0.0,0.0,176.28819625691725,0.0,0.0,0.0,0.0,0.0,0.0,0.0,0.0,0.0,0.0,-1000.0,-1000.0,0.0,0.0,0.0,0.0,0.0,0.0,0.0,0.0,0.0,0.0,0.0,0.0,0.0,0.0,0.0,0.0,0.0,0.0,0.0,0.0,0.0,34.35617818544739,0.0,26.979554761865554,0.0,0.0,0.0,0.0,0.0,0.0,0.0,0.0,0.0,20.444385062876037,0.0,0.0,0.0,0.0,0.0,0.0,0.0,1000.0,0.0,0.0,0.0,0.0,0.0,0.0,332.463467003116,0.0,280.0,0.0,0.0,-25.76520032007139,394.87566642104144,0.0,0.0,0.0,0.0,0.0,0.0,0.0,0.0,0.0,0.0,0.0,0.0,0.0,0.0,0.0,0.0,0.0,0.0,0.0,88.14409812845862,0.0,0.0,0.0,0.0,0.0,280.0,0.0,855.0361051631612,0.0,0.0,0.0,0.0,0.0,0.0,0.0,0.0,0.0,0.0,0.0,0.0,0.0,0.0,0.0,0.0,0.0,0.0,0.0,0.0,0.0,0.0,0.0,0.0,0.0,0.0,130.07542929778043,0.0,0.0,0.0,0.0,26.979554761865554,0.0,0.0,0.0,0.0,0.0,0.0,0.0,605.6216065550178,0.0,0.0,0.0,0.0,0.0,0.0,0.0,0.0,0.0,0.0,25.76520032007139,0.0,0.0,0.0,6.408793333768949,176.97955476186556,0.0,0.0,-19.226380001306847,-88.14409812845884,0.0,-300.0,0.0,0.0,0.0,0.0,0.0,0.0,-280.0,-88.14409812845862,0.0,0.0,0.0,0.0,0.0,0.0,0.0,276.05281944700073,0.0,0.0,0.0,0.0,0.0,0.0,0.0,0.0,0.0,0.0,300.0,0.0,0.0,0.0,383.35780739722804,0.0,-333.3333333333333,176.97955476186556,0.0,0.0,0.0,40.41928392125115,280.0,0.0,-280.0,280.0,0.0,0.0,88.14409812845884,176.97955476186553,176.97955476186556,0.0,0.0,-176.97955476186556,0.0,82.32085999607946,0.0,0.0,0.0,0.0,0.0,0.0,0.0,269.8666452211495,0.0,74.42977450873335,0.0,-41.16042999803973,0.0,0.0,0.0,75.0,0.0,0.0,0.0,0.0,0.0,-809.599935663448,0.0,0.0,-25.76520032007139,0.0,0.0,0.0,0.0,0.0,0.0,-539.733290442299,0.0,0.0,0.0,0.0,0.0,19.226380001306847,0.0,0.0,-150.0,0.0,371.79524865833724,0.0,82.32085999607946,0.0,0.0,0.0,0.0,0.0,0.0,0.0,80.8385678425023,0.0,88.14409812845862,-80.8385678425023,0.0,0.0,-140.43176814519026,0.0,0.0,280.0,-280.0,0.0,0.0,966.2872009740848,0.0,0.0,0.0,0.0,1000.0,0.0,-588.6343133397702,539.7332904422985,583.5891055210733,0.0,-75.97697513631147,-140.0,0.0,736.2887118659147,-255.0,-325.0,-205.27650594254214,-368.14435593295735,-291.79455276053665,127.5,0.0,70.0,-280.0,-148.26867925768528,205.27650594254214,325.0,-148.26867925768528,75.97697513631147,-126.4782649490885,0.0,1496.5981,hplb
147,0.0,0.0,0.0,0.0,0.0,0.0,0.0,0.0,0.0,0.0,0.0,0.0,0.0,0.0,0.0,0.0,-807.4323370332121,1000.0,0.0,107.4323370332121,0.0,0.0,0.0,0.0,0.0,0.0,0.0,0.0,0.0,-408.6331992076631,209.089865987543,-209.089865987543,60.43401437560232,0.0,0.0,0.0,0.0,999.9066635751393,0.0,-578.9871112032527,992.9997681354463,0.0,0.0,758.2281485314791,0.0,0.0,0.0,0.0,243.59352582358767,-140.75357854492813,0.0,0.0,0.0,0.02566751683673374,0.0,0.0,0.0,4.666821243035815,0.0,0.0,-21.834304011682974,0.0,0.0,-171.5861288262273,0.0,0.0,0.0,0.0,0.0,63.288533079366346,0.0,0.23334106215179082,0.0,0.0,0.0,0.0,0.0,0.0,0.0,0.0,0.0,0.0,385.0935495710561,0.0,14.000463729107448,0.0,0.0,-669.1037753496843,225.61629503913917,607.3262915201694,0.0,0.0,0.0,857.9306854629632,7.000231864553724,0.0,7.000231864553724,0.0,0.0,0.0,385.0935495710561,558.0295312365382,-781.4723763942387,0.0,0.0,-79.0503018770422,0.0,123.99867551302762,0.0,0.0,0.0,0.0,0.0,0.0,0.0,0.0,0.0,0.0,0.0,0.0,0.0,0.0,0.0,0.0,-133.7175618502342,0.0,0.0,7.000231864553724,0.0,7.233572926705515,0.0,0.0,0.0,477.769675413919,-477.769675413919,477.769675413919,850.2481751854557,447.8642863643689,-447.8642863643689,-1000.0,0.0,0.0,0.0,0.0,0.0,-383.2968233924873,0.023334106215179076,0.005833526553794769,0.0,0.0,-793.7793635338538,0.0,0.0,0.0,0.0,0.0,410.5043754873004,0.0,0.0,0.0,0.0,0.0,-369.61757120850274,-369.61757120850274,0.0,0.0,0.0,0.0,968.7500000000002,0.0,0.0,-160.50437111474457,0.0,0.0,0.0,-186.98631908361233,0.0,0.0,0.0,0.0,0.0,0.0,0.0,0.0,0.0,0.0,-599.1203467482353,0.0,0.0,0.0,0.0,-1000.0,0.0,0.0,0.0,0.0,0.0,140.75357854492813,0.0,-532.9425865593087,532.9425865593087,149.7518248145443,0.0,0.0,0.0,0.0,0.0,0.0,372.8391771865756,0.0,0.0,0.0,0.0,0.0,0.0,0.0,0.0,0.0,0.0,0.0,0.0,0.0,0.0,224.0846073726828,703.1130060199255,972.4720104172875,0.0,0.0,0.0,0.0,-149.7518248145443,0.0,0.0,0.0,0.0,-21.834304011682974,214.24386188580843,209.089865987543,0.0,0.0,0.0,0.0,0.0,0.0,0.0,209.84122420767187,0.0,0.0,0.0,-534.0126739583472,224.54620764010065,-958.4528360854052,0.0,-972.4720104172875,0.0,0.0,149.7518248145443,-971.5323904174816,0.0,0.0,0.0,-203.1600742616488,0.0,0.0,0.0,0.0,0.0,0.0,0.0,0.0,-307.32629152016943,0.0,1000.0,140.75357854492813,0.0,65.10215634034964,0.0,0.0,0.0,0.0,0.0,0.0,0.0,0.0,0.0,0.0,31.769012659994942,0.0,0.0,0.0,-21.834304011682974,-0.035001159322768614,0.0,0.0,0.0,0.0,0.023334106215179076,0.0,0.0,0.0,783.1585439277744,-807.4323370332121,0.0,-534.8702474009368,938.665404848029,0.0,1000.0,0.0,258.8633646746796,0.0,-79.0503018770422,0.0,0.0,0.0,395.0400873815608,346.09654794375956,-1000.0,1000.0,-635.6496275897778,0.0,0.0,0.0,0.0,0.0,0.0,0.0,0.0,0.0,0.0,0.0,0.0,0.0,0.0,0.0,0.0,0.0,1000.0,0.0,0.0,0.0,0.0,0.0,1000.0,0.0,0.0,382.5454651723586,0.0,0.0,0.0,821.1585645842308,556.8628259257792,0.0,-1000.0,0.0,-497.2479319643019,-346.09654794375956,-340.0053056997415,-1.1667053107589538,-892.6466840650671,643.01959153541,1000.0,-779.5981182736487,1000.0,496.66457930892244,0.0,0.0,0.0,121.45689159698698,0.0,0.0,7.000231864553724,0.0,0.0,0.0,0.0,0.0,0.023334106215179076,0.0,-224.0846073726828,224.0846073726828,224.0846073726828,329.3834806340064,0.0,0.0,-160.55103932717492,0.0,0.0,372.8391771865756,0.0,0.0,-193.42043283791028,0.0,0.0,0.0,0.0,0.0,0.0,0.0,-97.66658937848209,0.04666821242972219,0.0,0.0,0.0,0.0,0.0,0.0,0.0,0.0,0.0,63.288533079366346,0.0,0.0,0.0,0.0,0.0,0.0,0.0,0.0,0.0,0.02566751683673374,0.02566751683673374,209.089865987543,499.41778612964697,0.0,14.000463729107448,0.0,0.0,0.0,-1000.0,0.0,0.0,0.0,0.0,0.0,495.51341221160874,1000.0,0.0,0.0,0.0,0.0,0.0,0.0,0.0,0.0,0.0,0.0,0.0,0.0,0.0,44.57252061674473,-783.1585439277744,793.7793635338538,0.0,1.7967261785687878,0.0,1000.0,-142.0693145370368,-142.0693145370368,0.0,495.51341221160874,0.0,895.6663548526288,-497.81953201950216,0.0,0.0,224.0846073726828,0.0,0.0,0.0,0.0,0.0,0.0,0.0,0.0,0.0,0.0,0.0,0.0,0.0,14.000463729107448,149.7518248145443,149.7518248145443,0.0,0.0,0.0,0.0,0.0,0.0,0.0,0.0,0.0,0.0,0.23334106215179082,0.0,209.089865987543,0.0,0.0,209.089865987543,0.0,0.0,0.0,7.000231864553724,0.0,0.0,0.0,0.0,0.0,0.0,0.0,0.0,0.0,0.0,-510.973928804029,485.96420331365516,0.0,7.000231864553724,7.000231864553724,531.0553162863762,1000.0,0.0,0.0,0.0,0.0,0.0,0.0,0.0,-607.0157795374688,372.8391771865756,-635.6496275897778,0.023334106215179076,0.0,0.0,-900.0245910330009,930.8406117338899,0.0,0.0,-857.9306854629632,0.0,0.0,0.0,0.0,0.0,0.0,0.0,0.0,0.0,0.0,0.0,0.0,0.0,0.0,0.023334106215179076,0.0,0.0,0.0,0.0,0.0,0.0,0.0,0.0,0.0,0.0,382.5454651723586,0.0,0.0,-1000.0,-1.7500579661384563,0.0,-1.1667053107589538,0.0,0.0,0.0,0.0,0.0,0.0,0.0,0.0,0.0,0.0,0.0,149.7518248145443,0.0,0.0,0.0,122.62359690774593,0.0,0.0,0.0,0.0,0.0,0.0,0.023334106215179076,0.0,0.023334106215179076,0.0,0.0,0.0,14.000463729107448,28.467609582518477,28.467609582518477,0.0,0.0,0.0,0.0,0.0,0.0,0.0,793.7793635338538,0.0,372.8391771865756,0.0,0.0,0.0,397.0491539266878,0.0,0.0,0.0,0.0,0.0,0.0,0.0,0.0,0.0,0.0,0.0,0.0,0.0,0.0,0.0,0.0,0.0,0.035001159322768614,0.0,0.0,0.0,-7.000231864553724,0.0,0.0,0.0,0.0,0.0,-499.41778612964697,1.1667053107589538,0.0,0.0,0.0,0.0,-968.7500000000002,0.0,-1.1667053107589538,0.0,0.0,0.0,0.0,0.0,0.0,0.0,149.7518248145443,0.0,0.0,487.1884163650981,275.3331787569642,0.0,533.9720795632736,-79.0503018770422,0.0,382.5454651723586,0.0,-382.5454651723586,0.0,-1000.0,0.0,1.1667053107589538,909.3329968903001,0.0,0.0,-209.089865987543,-193.42043283791028,-454.1152204855792,454.1152204855792,0.0,0.0,0.0,0.0,0.0,0.0,0.0,595.6202308159584,0.0,28.467609582518477,0.0,0.0,0.0,209.089865987543,0.0,0.0,0.0,0.0,0.0,209.84122420767187,0.0,0.0,504.6679600280622,-94.10455378025529,0.0,0.0,7.000231864553724,0.0,0.0,0.0,0.0,70.34176020650756,0.0,0.0,0.02566751683673374,0.0,0.0,0.0,14.233804791259239,0.0,0.0,0.0,0.0,703.1130060199255,0.0,0.0,0.0,0.0,0.0,0.0,0.0,0.0,153.35645105338463,0.0,0.0023334106215179744,0.0023334106215179744,0.0,0.0,0.0,0.0,0.0,0.0,0.0,0.0,0.0,-900.0245910330009,209.089865987543,0.0,0.0,0.0,0.0,499.41778612964697,0.0,0.0,0.0,0.0,0.0,0.0,0.0,140.75357854492813,0.0,0.0,0.0,0.0,-263.83881120962434,0.0,1000.0,0.0,0.0,0.0,14.000463729107448,0.0,0.0,0.0,0.0,0.0,-761.9937150703562,747.9932513412488,0.0,0.0,0.0,0.0,0.0,0.0,0.0,0.0,0.0,209.089865987543,209.089865987543,0.0,1000.0,-388.4881559317075,413.03301668408545,0.0,-7.000231864553724,0.0,999.9066635751393,0.0,0.0,0.0,0.0,0.0,0.0,0.0,0.0,0.0,0.0,0.0,0.0,0.0,0.0,0.0,0.0,0.0,-2.9167632768974103,149.7518248145443,-558.6128838919177,395.2990959605493,0.0,0.0,0.0,0.0,0.0,-0.2916763276897385,0.0,193.42043283791028,0.0,0.0,0.0,0.0,0.0,0.0,0.0,1000.0,7.000231864553724,7.000231864553724,0.0,0.0,0.0,0.0,0.0,0.02566751683673374,499.41778612964697,0.0,0.0,-999.9066635751393,0.0,0.0,0.0,0.0,0.0,0.0,0.0,0.0,0.0,0.0,0.0,0.0,0.0,0.0,0.0,0.0,0.0,0.0,0.0,24.500811525938033,1.7967261785687878,0.0,0.0,0.0,0.0,0.0,499.41778612964697,0.0,0.0,0.0,0.0,0.0,-2.9167632768974103,0.0,0.0,0.0,0.0,0.0,0.0,0.0,0.0,0.0,0.0,0.0,0.0,0.0,0.0,0.0,0.0,0.0,0.0,-0.023334106215179076,0.0,0.0,1.1667053107589538,-495.51341221160874,0.0,0.0,0.0,0.0,149.7518248145443,0.0,0.0,0.0,-395.0400873815608,0.5833526553794854,0.0,0.0,0.0,0.023334106215179076,0.0,23.334106215179077,-7.233572926705515,4.666821243035815,0.1666721872512791,65.10215634034964,-0.017500579661384307,779.5981182736487,0.4666821243035815,-0.11667053107587401,-65.10215634034964,7.000231864553723,-0.023334106215179076,26.350100625680735,0.0,0.005833526553794769,0.1666721872512791,-79.0503018770422,-3.714789709456454,208.6231838632394,-300.0,-0.023334106215179076,0.005833526553794769,-65.10215634034964,375.4206029265067,0.023334106215179076,0.023334106215179076,-499.36878450659503,0.02566751683669705,0.0,-0.017500579661384307,7.000231864553724,0.023334106215179076,7.000231864553724,-11.667053107589538,-0.011667053107589538,-252.40377173321605,147.39508008681122,-0.017500579661384307,-0.023334106215179076,-7.233572926705515,0.023334106215179076,2.3334106215179076,-0.4666821243035815,0.0,0.0,-2.3334106215179076,300.0,0.0,4.666821243035815,0.035001159322768614,-809.231282246313,2.3334106215179076,-44.57252061674473,0.0,-4.666821243035815,0.011667053107589538,0.23334106215179082,133.7175618502342,280.0,-0.023334106215179076,-504.6679600280622,499.36878450659503,7.233572926705515,0.023334106215179076,3.714789709456454,-401.08811976320374,0.0,-0.023334106215179076,-0.005833526553794769,0.0,-0.023334106215179076,-97.66658937848209,0.023334106215179076,-0.005833526553794769,-0.005833526553794769,-0.005833526553794769,9.33364248607163,11.667053107589538,0.23334106215179082,184.22346958516124,-0.005833526553794769,241.08502307478767,1.1667053107589538,50.0,0.023334106215179076,0.011667053107589538,0.011667053107589538,2.3334106215179076,7.233572926705515,0.023334106215179076,-7.233572926705515,0.23334106215179082,0.023334106215179076,-518.0950968711431,0.023334106215179076,0.09333642486069493,0.11667053107587401,0.011667053107589538,0.005833526553794769,7.000231864553724,-0.023334106215179076,0.0,-104.3115919316197,-368.4469391703225,779.0147656182692,-2.3334106215179076,4.666821243035815,1.1667053107589538,-0.023334106215179076,79.0503018770422,0.035001159322768614,-0.023334106215179076,-4.666821243035815,7.233572926705515,307.83592478862835,0.011667053107589538,-100.0,-0.023334106215179076,-0.023334106215179076,-0.023334106215179076,0.011667053107589538,65.10215634034964,-4.666821243035815,0.023334106215179076,267.4351237004684,-0.005833526553794769,-0.02566751683669705,-267.4351237004684,3.5001159322768616,-147.39508008681122,427.17984134435153,65.10215634034964,-0.017500579661384307,504.6679600280622,-280.0,0.023334106215179076,-0.005833526553794769,822.3252698949898,23.334106215179077,-0.011667053107589538,-0.023334106215179076,0.005833526553794769,358.6884788102443,0.0,509.21961519320536,333.8716272859819,-255.0,0.0,77.71212728633103,-140.0,373.08719230498883,-80.0,-255.0,255.14046272754445,-300.0,40.0,127.5,127.5,-373.08719230498883,70.0,-499.41778612964697,-378.1776849951359,300.0,-255.14046272754445,-378.1776849951359,-77.71212728633103,238.23341821400842,0.0,1496.5981,hplb
148,0.0,0.0,0.0,0.0,0.0,0.0,0.0,0.0,-0.005367589164667556,0.0,0.0,0.0,0.0,0.0,0.0,0.0,374.4894090094385,638.5623830800097,0.0,-748.978818018877,0.0,0.0,0.0,0.0,0.0,0.0,0.0,0.0,0.0,54.33466589460835,161.48895200468826,-161.48895200468826,139.88137627946082,0.0,0.0,0.0,0.0,196.22321496441776,0.0,-1000.0,998.3897232505998,0.0,0.0,0.0,0.0,0.0,727.9242631821242,0.0,0.0,0.0,0.0,0.0,0.0,0.005904348081131994,0.0,0.0,0.0,1.0735178329335113,0.0,0.0,-35.280683875414525,0.0,323.9580323676221,0.0,0.0,0.0,0.0,0.0,0.0,190.44206243406143,0.0,0.05367589164667557,0.0,0.0,0.0,0.0,0.0,0.0,0.0,271.57827876769835,0.0,0.0,0.0,0.0,3.220553498800534,0.0,77.2041103521516,-201.3759894287034,749.6910075920176,-658.7314531021815,-0.001341897291166889,0.0,0.0,-354.7031696915794,1.610276749400267,0.0,1.610276749400267,-161.6617883757922,0.0,0.0,0.0,130.9790593836859,54.33466589460835,0.0,0.0,0.0,0.0,0.0,0.0,0.0,0.0,0.0,0.0,0.0,0.0,0.0,0.0,0.0,0.0,0.0,0.0,0.0,0.0,0.0,-455.2623970374548,0.0,0.0,1.610276749400267,0.0,1.6639526410469423,1.6639526410469423,0.0,547.4003853587384,0.0,-547.4003853587384,547.4003853587384,0.0,0.0,0.0,-288.67734849220756,0.0,0.0,0.0,0.0,0.0,77.617414717831,0.005367589164667556,0.0,0.0,0.0,-786.0568068506209,0.0,0.0,0.0,0.0,0.0,259.90209259827003,0.0,0.0,0.0,0.0,0.0,-275.9253492667198,-275.9253492667198,0.0,0.0,0.0,-968.75,0.0,0.0,0.0,-114.43102967286688,0.0,0.0,0.0,-1000.0,-431.8155765550046,0.0,0.0,0.0,0.0,0.0,0.0,0.0,0.0,0.0,-77.89760253350612,0.0,0.0,0.0,0.0,-1000.0,0.0,0.0,0.0,0.0,0.0,0.0,0.0,-90.95955448983611,90.95955448983611,98.23528605814613,0.0,0.0,0.0,0.0,0.0,0.0,0.0,-522.4873127721788,0.0,0.0,0.0,0.0,0.0,0.0,0.0,0.0,0.0,0.0,0.0,0.0,0.0,174.4582737633965,688.203842516488,-428.8240749040468,0.0,0.0,0.0,0.0,69.54885702245332,0.0,0.0,0.0,0.0,-35.280683875414525,-428.8240749040468,161.48895200468826,0.0,0.0,0.0,0.0,0.0,0.0,0.0,0.0,0.0,0.0,0.0,-284.25009547648995,556.4004666053638,-292.33554391853954,0.0,428.8240749040468,0.0,0.0,288.67734849220756,-339.67838038057573,0.0,0.0,0.0,-162.28362686890594,0.0,0.0,118.14368422382063,0.0,0.0,118.14368422382071,0.0,0.0,658.7314531021815,0.0,0.0,0.0,0.0,-149.48066402908307,0.0,0.0,0.0,-1000.0,0.0,1000.0,0.0,381.8701672744731,190.44206243406143,0.0,0.0,-968.75,0.0,0.0,-35.280683875414525,-0.008051383747001335,0.0,0.0,0.0,0.0,0.005367589164667556,0.0,0.0,0.0,830.6055801700003,374.4894090094385,0.0,-478.7764435050233,811.0312326183729,431.8155765550046,1000.0,0.0,-326.61741119156187,0.0,0.0,0.0,0.0,0.0,-0.46214942707787426,327.0795606186398,0.0,0.0,-49.772248692237824,0.0,0.0,0.0,0.0,0.0,0.0,0.0,0.0,0.0,0.0,0.0,0.0,0.0,0.0,0.0,0.0,0.0,575.2225665973847,0.0,378.9778812763069,0.0,0.0,0.0,0.0,0.0,0.0,83.87153728685726,0.0,0.0,0.0,0.0,130.71067992545252,230.67429020816533,-555.9088712346761,-75.0987270106636,0.0,-557.7538508268051,713.6424113857558,0.0,-7.227458810224865,0.0,555.9088712346761,9.475007589703969,0.0,-0.13418972911668892,-0.26837945823337783,0.0,0.0,0.0,0.0,-390.40156750738765,1.610276749400267,0.0,0.0,0.0,0.0,0.0,0.0,0.0,-174.4582737633965,174.4582737633965,174.4582737633965,253.9264821670665,0.0,0.0,0.0,0.0,0.0,0.0,0.0,0.0,-204.83049553873346,0.0,-949.2195102838714,0.0,0.0,0.0,0.0,0.0,-99.46324108353325,0.010735178329340605,0.0,0.0,0.0,0.0,0.0,0.0,0.0,0.0,0.0,0.0,0.0,0.0,0.0,0.0,0.0,0.0,0.0,0.0,0.0,0.005904348081131994,0.005904348081131994,161.48895200468826,453.38475593046303,0.0,3.220553498800534,0.0,0.0,0.0,-170.29130866488072,0.0,0.0,77.2041103521516,0.0,0.0,434.84247121355656,170.29130866488072,0.0,0.0,0.0,0.0,0.0,0.0,0.0,0.0,0.0,0.0,0.0,0.0,0.0,151.75413234581825,-830.6055801700003,786.0568068506209,0.0,77.617414717831,0.0,0.0,-354.7031696915794,-522.4873127721788,0.0,434.84247121355656,0.0,335.3792301300233,0.0,0.0,0.0,174.4582737633965,0.0,0.0,0.0,0.0,0.0,0.0,0.0,0.0,0.0,0.0,0.0,0.0,0.0,3.220553498800534,288.67734849220756,288.67734849220756,0.0,0.0,0.0,0.0,0.0,0.0,0.0,0.0,0.0,0.0,0.05367589164667557,0.0,161.48895200468826,77.2041103521516,-77.2041103521516,161.48895200468826,0.0,0.0,0.0,1.610276749400267,0.0,0.0,0.0,0.0,0.0,0.0,0.0,0.0,0.0,0.0,301.9891439354081,0.0,0.0,1.610276749400267,1.610276749400267,1000.0,170.29130866488072,0.0,0.0,0.0,0.0,0.0,0.0,0.0,-162.3507217334643,0.0,0.0,0.005367589164667556,0.0,0.0,0.0,0.43285772620783364,0.0,0.0,354.7031696915794,0.0,-190.44206243406143,0.0,0.0,0.0,0.0,0.0,0.0,0.0,0.0,0.0,0.0,0.0,0.0,0.005367589164667556,0.0,0.0,0.0,0.0,0.0,0.0,0.0,0.0,0.0,-874.5793602268385,958.4508975136957,0.0,0.0,-196.24468532107775,-0.40256918735008185,-0.26837945823337783,0.0,0.0,0.0,0.0,0.0,0.0,0.0,0.0,0.0,0.0,0.0,0.0,288.67734849220756,431.8155765550046,0.0,0.0,-390.1331880491543,0.0,0.0,0.0,-0.005367589164667556,0.0,0.0,0.005367589164667556,0.0,0.005367589164667556,0.0,0.0,0.0,3.220553498800534,6.548458780894419,6.548458780894419,0.0,0.0,0.0,0.0,0.0,0.0,0.0,786.0568068506209,0.0,0.0,0.0,0.0,0.0,0.0,0.0,0.0,0.0,0.0,0.0,0.0,0.0,0.0,0.0,0.0,0.0,0.0,0.0,167.78414308059945,0.0,0.0,0.0,0.008051383747001335,0.0,0.0,0.0,-1.610276749400267,0.0,0.0,0.0,0.0,0.0,-453.38475593046303,0.26837945823337783,0.0,0.0,0.0,968.75,0.0,-958.4508975136957,0.0,0.0,-949.2195102838714,0.0,0.0,0.0,0.0,0.0,288.67734849220756,0.0,0.0,941.3296242763813,278.92648216706647,0.0,478.1836358734046,0.0,0.0,0.0,0.0,0.0,0.0,-346.22683916147014,0.0,0.26837945823337783,898.606312318358,0.0,0.0,-161.48895200468826,-359.23871624303666,0.0,0.0,0.0,0.0,0.0,0.0,0.0,0.0,0.0,531.6849276513192,-454.5924634925133,6.548458780894419,0.0,0.0,0.0,161.48895200468826,0.0,0.0,0.0,0.0,0.0,0.0,0.0,0.0,0.0,-0.43285772620783364,130.07257088395315,0.0,1.610276749400267,77.2041103521516,0.0,0.0,0.0,-70.07169167925207,0.0,0.0,0.005904348081131994,0.0,0.0,0.0,3.2742293904472093,0.0,0.0,0.0,0.0,688.203842516488,0.0,0.0,0.0,0.0,0.0,0.0,0.0,0.0,0.0,0.0,0.0005367589164667561,0.0005367589164667561,0.0,0.0,0.0,0.0,0.0,0.0,0.0,0.0,0.0,0.0,161.48895200468826,0.0,0.0,0.0,0.0,453.38475593046303,0.0,0.0,0.0,0.0,0.0,0.0,0.0,0.0,0.0,0.0,0.0,154.4082207043032,0.0,0.0,638.5623830800097,0.0,0.0,0.0,3.220553498800534,0.0,0.0,0.0,0.0,0.0,0.0,-3.220553498800534,0.0,154.4082207043032,0.0,0.0,0.0,0.0,0.0,0.0,0.0,161.48895200468826,161.48895200468826,0.0,950.2277513077622,-108.01605583885595,3.6767985777972765,0.0,-1.610276749400267,0.0,196.22321496441776,0.0,0.0,0.0,0.0,0.0,0.0,0.0,0.0,0.0,390.62499999999994,0.0,-390.625,-390.62499999999994,0.0,0.0,0.0,0.0,-0.6709486455834597,288.67734849220756,-131.11324911280258,454.18989430516314,0.0,0.0,0.0,0.0,0.0,0.0,-0.06709486455834446,204.83049553873346,0.0,0.0,0.0,0.0,0.0,0.0,0.0,1000.0,1.610276749400267,1.610276749400267,0.0,0.0,0.0,0.0,271.57827876769835,0.005904348081131994,453.38475593046303,0.0,0.0,-196.22321496441776,0.0,0.0,0.0,0.0,0.0,0.0,0.0,0.0,0.0,0.0,0.0,0.0,0.0,0.0,0.0,0.0,0.0,1.6639526410469423,0.0,5.6359686229009345,77.617414717831,0.0,0.0,0.0,0.0,0.0,453.38475593046303,0.0,796.52072967967,0.0,0.0,0.0,-0.6709486455834597,0.0,0.0,0.0,0.0,0.0,0.0,0.0,0.0,0.0,0.0,0.0,0.0,0.0,0.0,0.0,0.0,0.0,0.0,-0.005367589164667556,0.0,0.0,0.26837945823337783,-434.84247121355656,0.0,0.0,0.0,0.0,288.67734849220756,0.0,0.0,0.0,0.46214942707787426,0.13418972911668892,0.0,0.0,0.0,0.005367589164667556,0.0,5.367589164667557,0.0,1.0735178329335113,0.03833992260476826,18.303479051516366,-0.004025691873500667,65.62371942095963,0.10735178329335114,-0.026837945824656977,-18.303479051516366,1.610276749400267,-0.005367589164667556,0.0,0.0,0.001341897291166889,0.03833992260476826,0.0,-78.05863054716849,161.3816002213949,-264.0729740705712,-0.005367589164667556,0.001341897291166889,-18.303479051516366,480.1678371329662,0.005367589164667556,0.005367589164667556,-453.37348399321723,-77.19820600407047,-239.3446173629941,-0.004025691873500667,1.610276749400267,0.005367589164667556,1.610276749400267,-2.6837945823337783,-0.002683794582333778,-20.557475235275945,-70.09098352808473,-0.004025691873500667,-0.005367589164667556,0.0,0.005367589164667556,0.5367589164667557,-0.10735178329335114,167.78414308059945,167.78414308059945,-0.5367589164667557,264.0729740705712,-167.78414308059945,1.0735178329335113,0.008051383747001335,163.49479959825737,0.5367589164667557,-151.75413234581825,0.0,-1.0735178329335113,0.002683794582333778,0.05367589164667557,119.69411087625582,280.0,-0.005367589164667556,-454.5924634925133,453.37348399321723,1.6639526410469423,0.005367589164667556,78.05863054716849,-486.07218521410044,0.0,-0.005367589164667556,-0.001341897291166889,0.0,-0.005367589164667556,-99.46324108353325,0.005367589164582291,-0.001341897291166889,-0.001341897291166889,-0.001341897291166889,2.1470356658670227,2.6837945823337783,0.05367589164667557,3.9767126223752314,-0.001341897291166889,239.38822175251164,0.26837945823337783,50.0,0.005367589164667556,0.002683794582333778,0.002683794582333778,-94.68427230056396,0.0,0.005367589164667556,0.0,0.05367589164667557,0.005367589164667556,-3.9767126223752314,0.005367589164667556,0.021470356659987755,0.026837945824656977,0.002683794582333778,0.001341897291166889,1.610276749400267,-0.005367589164667556,239.3446173629941,-80.69080011069745,-7.953425244750463,65.48952969184295,-0.5367589164667557,1.0735178329335113,0.26837945823337783,-0.005367589164667556,0.0,0.008051383747001335,-0.005367589164667556,189.36854460112792,0.0,312.56764301855515,0.002683794582333778,-100.0,-0.005367589164667556,-0.005367589164582291,-0.005367589164667556,0.002683794582333778,18.303479051516366,-1.0735178329335113,0.005367589164667556,239.38822175251164,-0.001341897291166889,77.19820600407047,-239.38822175251164,0.8051383747001334,70.09098352808473,-506.3569831148642,18.303479051516366,-0.004025691873500667,454.5924634925133,-280.0,0.005367589164667556,-0.0013418972911668889,0.26837945823337783,5.367589164667557,-0.002683794582333778,-0.005367589164667556,0.001341897291166889,1000.0,0.0,-163.4974833928397,0.0,-255.0,0.0,119.20705938358361,-140.0,479.6310782164995,-80.0,-255.0,306.7996531442828,0.0,40.0,127.5,127.5,-479.6310782164995,70.0,-453.38475593046303,-242.49595133930305,0.0,-306.7996531442828,-242.49595133930305,-119.20705938358361,302.37124284060866,0.0,1496.5981,hplb
149,0.0,0.0,0.0,0.0,0.0,0.0,0.0,0.0,-0.0550167199248536,0.0,0.0,0.0,0.0,0.0,0.0,0.0,-181.31794500697902,481.317945006979,0.0,0.0,0.0,0.0,0.0,0.0,0.0,0.0,0.0,0.0,0.0,-818.682054993021,186.12173600169922,-186.12173600169922,98.94529514177825,0.0,0.0,0.0,0.0,999.7799331203005,0.0,-1000.0,393.4656592376241,0.0,0.0,0.0,0.0,0.0,0.0,0.0,0.0,-136.07609651337364,0.0,0.0,0.0,0.06051839191755448,0.0,0.0,0.0,0.0,0.0,0.0,-28.2673384734084,0.0,144.12247645902818,0.0,0.0,0.0,0.0,0.0,0.0,565.5415612451343,0.0,0.5501671992485361,0.0,0.0,0.0,0.0,0.0,0.0,0.0,0.0,0.0,0.0,-23.632882287684428,0.0,33.010031954912165,0.0,0.0,318.7993222193436,258.51868284486204,0.0,-0.013754179981213399,0.0,0.0,519.862328101327,16.505015977456083,0.0,16.821130879852717,0.0,0.0,0.0,0.0,2.75083599624268,-964.4046386929274,0.0,0.0,-39.83883534788226,0.0,0.0,0.0,0.0,0.0,0.0,0.0,0.0,0.0,0.0,0.0,0.0,0.0,0.0,0.0,0.0,0.0,0.0,-338.1286631373415,0.0,0.0,16.821130879852717,0.0,17.055183176704617,0.0,0.0,-1000.0,1000.0,0.0,0.0,-812.4432952799276,0.0,0.0,696.5881572943078,0.0,0.0,0.0,0.0,0.0,27.869169721898153,0.0550167199248536,0.0,0.0,0.0,0.0,-648.5785353938521,0.0,0.0,0.0,0.0,461.91725876192424,0.0,0.0,0.0,0.0,0.0,-141.50906694554172,-141.50906694554172,0.0,0.0,0.0,0.0,0.0,0.0,0.0,44.667685776082344,0.0,0.0,0.0,-335.2063709589274,-593.3886487372587,0.0,0.0,0.0,0.0,0.0,0.0,0.0,0.0,0.0,-503.65591901757887,0.0,0.0,0.0,0.0,-1000.0,0.0,0.0,0.0,0.0,0.0,136.07609651337364,0.0,-162.51862278763542,162.51862278763542,0.0,0.0,0.0,0.0,0.0,0.0,0.0,145.72258369990644,-44.301898581725254,0.0,0.0,0.0,0.0,0.0,0.0,0.0,0.0,0.0,0.0,0.0,0.0,0.0,135.12560891113088,684.6672907197186,1000.0,0.0,0.0,0.0,0.0,0.0,0.0,0.0,0.0,0.0,-28.2673384734084,1000.0,186.12173600169922,0.0,0.0,0.0,0.0,0.0,0.0,0.0,187.89327438327882,11.00334398497072,0.31611490239663453,0.0,-421.03730563249746,0.0,156.28069943170817,0.0,-1000.0,0.0,0.0,115.85513798561978,119.24065205637447,0.0,0.0,0.0,-80.00668067851598,0.0,0.0,-1000.0,0.0,0.0,-1000.0,0.0,0.0,96.00006005722663,0.0,0.0,136.07609651337364,0.0,153.49664859034155,0.0,0.0,0.0,0.0,0.0,0.0,0.0,44.557652336232636,115.85513798561978,0.0,-604.0030620309346,0.0,0.0,0.0,-28.2673384734084,-0.0825250798872804,0.0,0.0,0.0,0.0,0.0550167199248536,0.0,0.0,0.0,795.2855947368685,-181.31794500697902,0.0,-802.9279689363287,968.8282457131486,593.3886487372587,410.2867901174768,0.0,365.243884026797,0.0,-39.83883534788226,0.0,0.0,0.0,673.2856229390903,-38.52950696588729,-1000.0,-964.5474588160288,-1000.0,0.0,0.0,0.0,0.0,0.0,0.0,0.0,0.0,0.0,0.0,0.0,0.0,0.0,0.0,0.0,0.0,0.0,0.0,0.0,-1000.0,0.0,0.0,0.0,0.0,0.0,0.0,452.69636821005633,0.0,23.632882287684428,0.0,307.6334981902985,0.0,21.12046832993892,-223.93366176120279,0.0,-1.37541799812134,17.409038635948377,0.0,0.0,0.0,-59.73607409373426,223.93366176120279,-2.75083599624268,0.0,0.0,-2.75083599624268,-911.1127549330434,0.0,0.0,0.0,443.7930010226464,16.821130879852717,0.0,0.0,0.0,0.0,0.0,0.0,0.0,-135.12560891113088,135.12560891113088,135.12560891113088,-62.68858499083724,0.0,0.0,0.0,0.0,0.0,145.72258369990644,0.0,0.0,-172.38981493243656,0.0,0.0,0.0,0.0,0.0,0.0,0.0,19.267624446013734,0.11003343984974394,0.0,0.0,0.0,0.0,0.0,0.0,0.0,0.0,0.0,449.6864232595145,0.0,0.0,0.0,0.0,0.0,0.0,0.0,0.0,0.0,0.06051839191755448,0.06051839191755448,186.12173600169922,386.6234367465867,0.0,33.010031954912165,0.0,0.0,0.0,967.5606144936177,0.0,0.0,0.0,0.0,0.0,355.98869658792654,-967.5606144936177,0.0,0.0,0.0,0.0,0.0,0.0,0.0,0.0,0.0,0.0,0.0,0.0,0.0,112.70955437911384,-795.2855947368685,648.5785353938521,0.0,4.236287434213725,0.0,0.0,519.862328101327,519.862328101327,0.0,355.98869658792654,0.0,0.0,375.25632103394025,0.0,0.0,135.12560891113088,0.0,0.0,0.0,0.0,0.0,0.0,0.0,0.0,0.0,0.0,0.0,0.0,0.0,33.010031954912165,115.85513798561978,115.85513798561978,0.0,0.0,0.0,0.0,0.0,0.0,0.0,0.0,0.0,0.0,0.5501671992485361,0.0,186.12173600169922,0.0,0.0,186.12173600169922,0.0,0.0,0.0,16.821130879852717,0.0,0.0,0.0,0.0,0.0,0.0,0.0,0.0,0.0,0.0,1000.0,0.0,0.0,16.505015977456083,16.505015977456083,1000.0,-967.5606144936177,0.0,0.0,0.0,0.0,0.0,0.0,0.0,928.9520975089562,145.72258369990644,1000.0,0.0550167199248536,0.0,0.0,0.0,72.65743819218703,0.0,0.0,-519.862328101327,0.0,-115.85513798561978,0.0,0.0,0.0,0.0,0.0,0.0,0.0,0.0,0.0,0.0,0.0,0.0,0.0550167199248536,0.0,0.0,0.0,-672.9169918272177,672.9169918272177,0.0,0.0,0.0,0.0,-419.31269972768865,895.6419502254294,0.0,0.0,-1000.0,-4.126253994364021,-2.75083599624268,0.0,0.0,0.0,0.0,0.0,0.0,0.0,0.0,0.0,0.0,0.0,0.0,115.85513798561978,593.3886487372587,0.0,0.0,446.5438370188891,0.0,0.0,0.0,-0.0550167199248536,0.0,0.0,0.0550167199248536,0.0,0.0550167199248536,0.0,0.0,0.0,33.010031954912165,67.1203983083214,67.1203983083214,0.0,0.0,0.0,0.0,0.0,0.0,23.632882287684428,648.5785353938521,0.0,145.72258369990644,0.0,0.0,678.0225625246204,0.0,0.0,0.0,0.0,0.0,0.0,0.0,0.0,0.0,0.0,0.0,0.0,0.0,0.0,0.0,0.0,-274.7933418065186,274.7933418065186,0.0825250798872804,0.0,0.0,0.0,-16.821130879852717,0.0,0.0,0.0,0.0,0.0,-386.6234367465867,2.75083599624268,0.0,0.0,0.0,0.0,0.0,-2.75083599624268,0.0,0.0,0.0,0.0,0.0,0.0,0.0,0.0,115.85513798561978,0.0,0.0,186.12173600169922,251.49782783545584,0.0,962.5751914088814,-39.83883534788226,0.0,869.2582319415022,23.632882287684428,-892.8911142291867,0.0,52.120253748053074,0.0,2.75083599624268,786.1720163400629,0.0,0.0,-186.12173600169922,-172.38981493243656,0.0,0.0,-656.2500000000873,656.2500000000873,0.0,-482.3370763135341,0.0,0.0,0.0,821.5071024985945,-326.1036914697438,67.1203983083214,0.0,0.0,0.0,186.12173600169922,0.0,0.0,0.0,0.0,0.0,187.89327438327882,0.0,0.0,72.89850725993517,-522.3438614517015,-781.3498233072978,0.0,16.505015977456083,0.0,0.0,0.0,0.0,258.51418222405266,0.0,0.0,0.06051839191755448,0.0,0.0,0.0,33.5601991541607,0.0,0.0,0.0,0.0,684.6672907197186,0.0,0.0,0.0,0.0,0.0,0.0,0.0,0.0,0.0,0.0,0.005501671992485517,0.005501671992485517,0.0,0.0,0.0,0.0,0.0,0.0,0.0,0.0,0.0,0.0,186.12173600169922,0.0,0.0,0.0,0.0,386.6234367465867,0.0,0.0,0.0,0.0,0.0,0.0,0.0,136.07609651337364,0.0,0.0,0.0,0.0,-362.63589001395803,0.0,481.317945006979,0.0,0.0,0.0,33.010031954912165,0.0,0.0,0.0,0.0,0.0,0.0,-33.010031954912165,0.0,0.0,0.0,0.0,0.0,0.0,0.0,0.0,0.0,186.12173600169922,186.12173600169922,0.0,-1000.0,-1000.0,715.7090156731451,0.0,-16.821130879852717,0.0,999.7799331203005,0.0,0.0,0.0,0.0,0.0,0.0,0.0,0.0,0.0,479.16666666666663,0.0,-479.1666666666667,-479.16666666666663,0.0,0.0,0.0,0.0,-6.8770899906067005,115.85513798561978,-4.126253994364021,1000.0,0.0,0.0,0.0,0.0,0.0,-0.6877089990606701,0.0,172.38981493243656,0.0,0.0,0.0,0.0,0.0,0.0,0.0,1000.0,16.505015977456083,16.505015977456083,0.0,0.0,0.0,0.0,0.0,0.06051839191755448,386.6234367465867,0.0,0.0,-999.7799331203005,0.0,0.0,0.0,0.0,0.0,0.0,0.0,0.0,0.0,0.0,0.0,0.0,0.0,0.0,137.3966709032593,0.0,0.0,0.0,0.0,57.76755592109629,27.869169721898153,0.0,0.0,0.0,0.0,0.0,386.6234367465867,0.0,0.0,0.0,0.0,0.0,-6.8770899906067005,0.0,0.0,0.0,0.0,0.0,0.0,0.0,0.0,0.0,0.0,0.0,0.0,0.0,0.0,0.0,0.0,0.0,0.0,-0.0550167199248536,0.0,0.0,2.75083599624268,-355.98869658792654,0.0,0.0,0.0,0.0,115.85513798561978,0.0,0.0,0.0,-673.2856229390903,1.37541799812134,0.0,0.0,0.0,0.0550167199248536,0.0,55.0167199248536,-17.055183176704617,11.00334398497072,0.3929765708918114,153.49664859034155,-0.0412625399436402,2.75083599624268,1.100334398497072,-0.275083599624395,-153.49664859034155,16.50501597745608,-0.055016719924853595,13.27961178262742,0.0,0.013754179981213399,0.3929765708918114,-39.83883534788226,-8.758661812036163,185.02140160320215,-300.0,-0.055016719924853595,0.013754179981213399,-153.49664859034155,5.50167199248536,0.055016719924853595,0.0550167199248536,-386.50790163474426,0.06051839191733911,0.0,-0.0412625399436402,16.505015977456083,0.055016719924853595,16.821130879852717,-27.192245060030167,-0.027508359962426798,-382.23958806615974,-5.556688712410221,-0.041262539943640195,-0.0550167199248536,-17.055183176704617,0.0550167199248536,5.50167199248536,-1.100334398497072,0.0,0.0,-5.50167199248536,300.0,0.0,11.00334398497072,0.08252507988728039,-430.29635228747964,5.50167199248536,-112.70955437911384,0.0,-11.00334398497072,0.027508359962426798,0.5501671992485361,200.73199223408218,262.5011718204266,-0.0550167199248536,-399.002198729679,386.50790163474426,17.055183176704617,0.055016719924853595,8.758661812036163,-66.3361788122215,0.0,-0.0550167199248536,-0.013754179981213399,0.0,-0.055016719924853595,19.267624446013734,0.055016719924853595,-0.013754179981213399,-0.013754179981213399,-0.013754179981213399,22.00668796994144,27.192245060030167,0.5501671992485361,160.57893014714045,-0.013754179981213399,388.18437268553697,2.75083599624268,-6.882976226764187,0.0550167199248536,0.027508359962426798,0.027508359962426798,-52.425897000324525,17.055183176704617,0.0550167199248536,-17.055183176704617,0.5501671992485361,0.055016719924853595,-400.21576569277164,0.055016719924853595,0.22006687969948788,0.275083599624395,0.027508359962426798,0.013754179981213399,16.505015977456083,-0.055016719924853595,0.0,-92.51070080160108,-321.1578602942809,1.3754179981213408,-5.50167199248536,11.00334398497072,2.75083599624268,-0.055016719924853595,39.83883534788226,0.0825250798872804,-0.055016719924853595,104.85179400064905,17.055183176704617,-126.58452247577038,0.027508359962426798,13.765952453528374,-0.055016719924853595,-0.055016719924853595,-0.055016719924853595,0.0275083599624268,153.49664859034155,-11.00334398497072,0.0550167199248536,401.46398446816437,-0.013754179981213399,-0.06051839191733911,-401.46398446816437,8.25250798872804,5.556688712410213,52.89668240438606,153.49664859034155,-0.041262539943640195,399.002198729679,-262.5011718204266,0.055016719924853595,-0.013754179981213397,310.3843341865412,55.0167199248536,-0.027508359962426798,-0.055016719924853595,0.013754179981213399,1000.0,0.0,334.2687838702906,239.6368355456312,-255.0,0.0,-10.42239105855856,-140.0,0.0,-80.0,91.52407635374878,-325.0,-96.00006005722663,40.0,127.5,-45.76203817687439,0.0,70.0,-386.6234367465867,-131.9296597482823,96.00006005722663,325.0,-131.9296597482823,10.42239105855856,25.206057880588794,0.0,1496.5981,hplb
150,0.0,0.0,0.0,0.0,0.0,0.0,0.0,0.0,-0.055237162918116124,0.0,0.0,0.0,0.0,0.0,0.0,0.0,500.0,-200.0,0.0,0.0,0.0,0.0,0.0,0.0,0.0,705.8419175549524,0.0,0.0,0.0,-958.2613518544822,212.8871892376601,-212.8871892376601,138.77925869950948,0.0,0.0,0.0,0.0,999.7790513483262,0.0,-1000.0,1000.0,0.0,0.0,0.0,0.0,0.0,0.0,0.0,0.0,0.0,0.0,0.0,0.0,0.060760879210080485,0.0,0.0,0.0,0.0,0.0,0.0,-75.8269492268764,0.0,75.8269492268764,0.0,0.0,0.0,0.0,0.0,0.0,0.0,0.0,0.5523716291811613,0.0,0.0,0.0,0.0,0.0,0.0,0.0,390.32371986393025,0.0,0.0,750.5567273028207,0.0,33.14229775086967,0.0,0.0,-100.0,605.7225041941322,-615.2050857841245,-0.013809290729529031,0.0,0.0,-60.792359556248925,16.571148875434837,0.0,16.571148875434837,0.0,0.0,0.0,750.5567273028207,743.8333434304004,-958.2613518544822,0.0,0.0,0.0,664.4589065957913,0.0,0.0,0.0,0.0,0.0,0.0,0.0,0.0,0.0,0.0,0.0,0.0,0.0,0.0,0.0,0.0,0.0,-1000.0,0.0,0.0,16.571148875434837,0.0,17.123520504616,0.0,0.0,-421.81905318078003,421.81905318078003,0.0,0.0,0.0,0.0,0.0,0.0,0.0,0.0,0.0,0.0,0.0,-746.3034657581258,0.055237162918116124,0.0,0.0,0.0,-664.4589065957913,0.0,0.0,0.0,0.0,0.0,209.64468592889955,0.0,0.0,0.0,0.0,0.0,81.1371607651571,81.1371607651571,0.0,0.0,0.0,0.0,101.40266099064502,0.0,0.0,294.07958716573535,0.0,0.0,0.0,-755.1733648431275,-894.5822422651156,0.0,0.0,0.0,0.0,0.0,0.0,0.0,0.0,0.0,-187.9337960986801,0.0,0.0,0.0,0.0,-1000.0,0.0,0.0,0.0,0.0,0.0,0.0,0.0,100.0,-100.0,0.0,0.0,0.0,0.0,0.0,0.0,0.0,0.0,-692.9520779483878,0.0,0.0,0.0,0.0,0.0,0.0,0.0,0.0,0.0,0.0,0.0,0.0,0.0,30.437426757636842,45.71090192070028,458.2613518544822,0.0,0.0,0.0,0.0,0.0,0.0,0.0,0.0,0.0,-75.8269492268764,458.2613518544822,212.8871892376601,0.0,0.0,0.0,0.0,0.0,0.0,0.0,786.4706205961431,11.047432583623225,0.0,0.0,-544.9406188347599,-39.21811464062773,0.0,0.0,-458.2613518544822,0.0,0.0,0.0,267.3893387601017,0.0,0.0,0.0,-41.0481836090413,0.0,0.0,-1000.0,-1000.0,222.02382558468656,-1000.0,1000.0,222.02382558468645,705.7225041941322,0.0,0.0,0.0,0.0,154.111684541544,0.0,0.0,0.0,-1000.0,0.0,1000.0,0.0,844.6350992090064,0.0,0.0,660.1876527287942,0.0,0.0,0.0,-75.8269492268764,-0.08285574437717419,0.0,0.0,0.0,0.0,0.055237162918116124,0.0,0.0,0.0,196.95823052842204,500.0,0.0,-345.35009938787533,124.1780563724866,894.5822422651156,912.6608700763954,0.0,692.2902904451101,0.0,0.0,0.0,0.0,0.0,-4.7559197272499505,0.0,-687.5343707178602,-1000.0,-1000.0,0.0,0.0,0.0,0.0,0.0,0.0,0.0,0.0,0.0,0.0,0.0,0.0,0.0,0.0,0.0,0.0,0.0,0.0,0.0,-1000.0,0.0,0.0,571.8047947125181,446.8512787779965,0.0,211.25523969732984,172.72003439964283,0.0,0.0,0.0,0.0,741.0714852844947,-537.4973035061951,0.0,331.546208199141,998.6190709270471,537.4973035061951,0.0,-447.6685696212974,0.0,613.1575308486168,0.0,-928.2694483762924,0.0,-1000.0,444.9067114753916,55.219670480536024,0.0,0.0,0.0,-35.904155896775485,16.571148875434837,0.0,0.0,0.0,0.0,0.0,0.0,0.0,-30.437426757636842,30.437426757636842,30.437426757636842,243.95256741637678,0.0,0.0,-550.6659863691073,0.0,0.0,0.0,0.0,0.0,-151.6538984537528,0.0,-100.43900167936489,103.91027879903939,0.0,0.0,0.0,0.0,29.139753045265444,0.11047432583541195,0.0,0.0,0.0,0.0,0.0,0.0,0.0,0.0,0.0,0.0,0.0,0.0,0.0,0.0,0.0,0.0,0.0,0.0,0.0,0.060760879210080485,0.060760879210080485,212.8871892376601,299.3899941740136,0.0,33.14229775086967,0.0,0.0,0.0,1000.0,0.0,0.0,0.0,0.0,0.0,117.9761791888356,-1000.0,0.0,0.0,526.4858035344967,0.0,0.0,103.91027879903939,0.0,0.0,0.0,0.0,0.0,0.0,0.0,333.3333333333333,-196.95823052842204,0.0,0.0,4.253261544694939,0.0,-1000.0,939.2076404437511,939.2076404437511,0.0,117.9761791888356,0.0,-816.5492879319559,963.6652201660569,0.0,0.0,30.437426757636842,0.0,0.0,0.0,0.0,0.0,0.0,0.0,0.0,0.0,0.0,0.0,0.0,0.0,33.14229775086967,0.0,0.0,0.0,0.0,0.0,0.0,0.0,0.0,0.0,0.0,0.0,0.0,0.5523716291811613,0.0,212.8871892376601,0.0,0.0,212.8871892376601,0.0,0.0,0.0,16.571148875434837,-526.4858035344967,0.0,0.0,0.0,0.0,0.0,0.0,0.0,0.0,0.0,496.95815119903284,-391.9365660549522,0.0,16.571148875434837,16.571148875434837,1000.0,-1000.0,0.0,103.91027879903939,0.0,0.0,0.0,0.0,0.0,958.2613518544822,0.0,1000.0,0.055237162918116124,0.0,0.0,0.0,72.94856465664637,0.0,0.0,60.792359556248925,0.0,0.0,0.0,0.0,0.0,0.0,0.0,0.0,0.0,0.0,0.0,0.0,0.0,0.0,0.055237162918116124,0.0,0.0,0.0,0.0,0.0,0.0,0.0,0.0,0.0,0.0,1000.0,0.0,-255.47517088783906,-1000.0,-4.142787218858709,-2.7618581459058085,0.0,0.0,437.50000000000006,437.50000000000006,-437.50000000000006,0.0,0.0,0.0,0.0,0.0,0.0,0.0,0.0,894.5822422651156,0.0,0.0,-33.14229775086967,0.0,0.0,0.0,-0.055237162918116124,0.0,0.0,0.055237162918116124,0.0,0.055237162918116124,0.0,0.0,0.0,33.14229775086967,67.38933876010168,67.38933876010168,0.0,0.0,0.0,0.0,0.0,0.0,0.0,0.0,0.0,0.0,0.0,0.0,0.0,0.0,0.0,0.0,0.0,0.0,0.0,0.0,0.0,0.0,0.0,0.0,0.0,0.0,0.0,0.0,0.0,-705.8419175549524,705.8419175549524,0.08285574437717419,0.0,0.0,0.0,-16.571148875434837,0.0,0.0,0.0,0.0,0.0,-299.3899941740136,2.7618581459058062,0.0,0.0,0.0,0.0,-101.40266099064502,0.0,0.0,0.0,-100.43900167936489,0.0,0.0,0.0,0.0,0.0,0.0,0.0,526.4858035344967,0.0,268.9525674163768,0.0,313.9525674163768,0.0,0.0,172.72003439964283,255.47517088783906,-428.1952052874819,0.0,200.0,0.0,2.7618581459058085,785.3152426024499,0.0,0.0,-212.8871892376601,-151.6538984537528,906.2500000001093,-906.2500000001093,316.1774689062588,-316.1774689062588,0.0,0.0,0.0,0.0,0.0,179.64822166096266,0.0,67.38933876010168,0.0,212.8871892376601,212.8871892376601,0.0,0.0,0.0,0.0,0.0,0.0,786.4706205961431,0.0,0.0,311.8183558305897,-72.94856465664637,0.0,0.0,16.571148875434837,0.0,0.0,0.0,0.0,-130.73444785769794,0.0,0.0,0.060760879210080485,0.0,0.0,0.0,33.69466938005084,0.0,0.0,0.0,0.0,45.71090192070028,0.0,664.4589065957913,0.0,0.0,0.0,0.0,0.0,0.0,0.0,0.0,719.0345596713773,0.005523716291811612,0.0,0.0,0.0,0.0,0.0,0.0,0.0,0.0,0.0,0.0,212.8871892376601,0.0,0.0,0.0,0.0,299.3899941740136,0.0,0.0,0.0,0.0,0.0,0.0,0.0,0.0,0.0,0.0,0.0,0.0,1000.0,0.0,-200.0,0.0,0.0,0.0,33.14229775086967,0.0,0.0,0.0,0.0,0.0,0.0,-33.14229775086967,0.0,0.0,0.0,0.0,0.0,0.0,0.0,0.0,0.0,212.8871892376601,212.8871892376601,0.0,-1000.0,-1000.0,37.837456598909554,-16.571148875434837,0.0,0.0,999.7790513483262,0.0,0.0,0.0,0.0,0.0,0.0,0.0,0.0,0.0,0.0,0.0,0.0,0.0,0.0,0.0,0.0,0.0,-6.904645364764518,0.0,-745.2142725033534,-4.142787218858719,0.0,0.0,0.0,0.0,0.0,0.0,-0.6904645364764517,151.6538984537528,0.0,0.0,0.0,0.0,0.0,0.0,0.0,1000.0,16.571148875434837,16.571148875434837,0.0,0.0,0.0,0.0,390.32371986393025,0.060760879210080485,299.3899941740136,0.0,0.0,-999.7790513483262,719.0290359550855,0.0,0.0,0.0,0.0,0.0,0.0,0.0,0.0,0.0,0.0,0.0,0.0,0.0,0.0,0.0,0.0,0.0,0.0,57.999021064021925,4.253261544694939,0.0,0.0,0.0,0.0,0.0,299.3899941740136,0.0,569.0429365666123,0.0,0.0,0.0,-6.904645364764518,0.0,0.0,0.0,0.0,0.0,0.0,0.0,0.0,0.0,0.0,0.0,0.0,0.0,0.0,0.0,0.0,0.0,0.0,-0.055237162918116124,0.0,0.0,2.7618581459058062,-117.9761791888356,0.0,0.0,0.0,0.0,0.0,0.0,0.0,0.0,4.7559197272499505,1.3809290729529031,0.0,0.0,705.8419175549524,0.055237162918116124,0.0,55.23716291811612,-17.123520504616,11.047432583623227,0.3945511637008295,154.111684541544,-0.041427872188587095,596.7232401771514,1.1047432583623225,-0.2761858145918959,-154.111684541544,16.57114887543484,-0.055237162918116124,0.0,103.91027879903939,0.013809290729529031,0.3945511637008295,0.0,-8.793756336565593,211.78244597929776,-300.0,-0.055237162918116124,0.013809290729529031,-154.111684541544,5.5237162918116125,0.055237162918116124,0.055237162918116124,-299.27399613188544,0.06076087920992083,-109.63950565424393,-0.041427872188587095,16.571148875434837,0.055237162918116124,16.571148875434837,-27.618581459058063,-0.027618581459058062,-100.00518027465561,-5.578953454729729,-0.041427872188587095,-0.055237162918116124,-17.123520504616,0.055237162918116124,5.5237162918116125,-1.1047432583623225,0.0,0.0,-5.5237162918116125,300.0,0.0,11.047432583623225,0.08285574437717419,-212.3807231788253,5.5237162918116125,-333.3333333333333,103.91027879903939,-11.047432583623225,0.027618581459058062,0.5523716291811613,86.33752484696883,280.0,-0.055237162918116124,-311.8183558305897,299.27399613188544,17.123520504616,0.055237162918116124,8.793756336565593,37.62568329729989,103.91027879903939,-0.055237162918116124,-0.013809290729529031,-103.91027879903939,-0.055237162918116124,-635.3191535505258,0.055237162918114355,-0.013809290729529031,-0.013809290729529031,-0.013809290729529031,22.09486516724645,27.618581459058063,0.5523716291811613,255.75017173008916,-0.013809290729529031,172.67504969393767,2.7618581459058062,-11.808018376726915,0.055237162918116124,0.027618581459058062,0.027618581459058062,57.478855691331304,17.123520504616,0.055237162918116124,-17.123520504616,0.5523716291811613,0.055237162918116124,-685.4028490363474,0.055237162918116124,0.22094865167377975,0.2761858145918959,0.027618581459058062,0.013809290729529031,16.571148875434837,-0.05523716291811611,109.63950565424393,-105.89122298964888,-511.5003434601783,595.3423111041985,-5.5237162918116125,11.047432583623225,2.7618581459058062,-0.055237162918116124,0.0,0.08285574437717419,-0.055237162918116124,-114.95771138266261,17.123520504616,318.3686265619307,0.027618581459058062,23.61603675345383,-0.055237162918116124,-0.055237162918114355,-0.055237162918116124,0.027618581459058062,154.111684541544,-11.047432583623225,0.055237162918116124,172.67504969393767,-0.013809290729529031,-0.06076087920992083,-172.67504969393767,8.285574437717418,5.578953454729729,-6.895194776981999,154.111684541544,-0.041427872188587095,311.8183558305897,-280.0,0.055237162918116124,-0.013809290729529033,2.7618581459058085,55.23716291811612,-0.027618581459058062,-0.055237162918116124,0.013809290729529031,914.2226473791175,0.0,121.83568618735865,429.6526773062583,-255.0,0.0,145.72361231591015,-140.0,0.0,422.6244087137256,-255.0,-325.0,-90.5174184100076,-211.3122043568628,127.5,127.5,0.0,70.0,-299.3899941740136,-187.63417870423277,90.5174184100076,325.0,-187.63417870423277,-145.72361231591015,51.287106363399324,0.0,1496.5981,hplb
151,0.0,0.0,0.0,0.0,0.0,0.0,0.0,0.0,-0.057352138959732867,0.0,0.0,0.0,0.0,0.0,0.0,0.0,-221.96228570761784,284.0058292371717,0.0,0.0,0.0,0.0,0.0,603.4002483712998,0.0,61.97067553023583,0.0,0.0,0.0,-315.23404598658317,28.103829198534235,-28.103829198534235,11.979662886101892,0.0,0.0,0.0,0.0,-21.130521668477193,0.0,-1000.0,1000.0,0.0,-278.8828390099435,904.583595109528,0.0,0.0,0.0,199.6722316524371,0.0,0.0,0.0,0.0,0.0,0.06308735285576288,0.0,0.0,0.0,0.0,0.0,0.0,6.03543869427542,0.0,55.32714170024658,0.0,0.0,0.0,0.0,0.0,0.0,61.362580394522,0.0,0.5735213895973287,0.0,0.0,0.0,0.0,0.0,0.0,0.0,515.8330816605855,0.0,0.0,0.0,0.0,34.41128337583972,0.0,0.0,-129.94701754091642,0.0,713.9528467780881,-0.014338034739933217,0.0,0.0,364.8826670688311,17.20564168791986,0.0,17.20564168791986,0.0,0.0,0.0,0.0,776.7409323642738,-861.4431256680597,0.0,0.0,0.0,754.9732895395308,0.0,0.0,0.0,0.0,0.0,0.0,0.0,0.0,0.0,0.0,0.0,0.0,0.0,0.0,0.0,0.0,0.0,-563.6061136865407,0.0,0.0,17.20564168791986,0.0,17.77916307751719,0.0,0.0,853.5377534799059,-97.24523828674378,-756.2925151931621,756.2925151931621,-775.4215065815221,0.0,0.0,714.0589261870001,0.0,0.0,0.0,0.0,0.0,4.416114699899428,0.057352138959732867,0.0,0.0,0.0,0.0,-754.9732895395308,0.0,0.0,0.0,0.0,337.73996653874985,0.0,0.0,0.0,0.0,0.0,508.54429380572833,508.54429380572833,0.0,0.0,0.0,0.0,0.0,0.0,0.0,536.7054751432223,0.0,0.0,0.0,0.0,-345.5093783423325,0.0,0.0,0.0,0.0,0.0,0.0,0.0,0.0,0.0,0.0,0.0,0.0,0.0,0.0,-127.04034212816467,0.0,0.0,0.0,0.0,0.0,0.0,278.8828390099435,-413.95284677808814,413.95284677808814,0.0,0.0,0.0,0.0,0.0,0.0,0.0,546.2090796814765,609.9093775293003,0.0,0.0,0.0,0.0,0.0,0.0,0.0,0.0,0.0,0.0,0.0,0.0,0.0,13.46274854975485,-77.05914441610685,258.31349268425754,0.0,0.0,0.0,0.0,0.0,0.0,0.0,0.0,0.0,6.03543869427542,-646.2701024252705,28.103829198534235,0.0,0.0,0.0,0.0,0.0,0.0,0.0,29.950568073037857,211.14265944438367,0.0,0.0,491.9045328620307,626.9745406301754,-265.01702530906107,0.0,-258.31349268425754,0.0,0.0,61.362580394522,69.96960953087411,0.0,0.0,0.0,-304.0228445768264,0.0,0.0,-187.50000000011713,812.4999999998828,0.0,-1000.0,0.0,-812.4999999998828,-413.9528467780881,0.0,0.0,0.0,0.0,160.0124676976547,0.0,0.0,0.0,0.0,0.0,0.0,0.0,1000.0,61.362580394522,0.0,1000.0,0.0,0.0,0.0,6.03543869427542,-0.0860282084395993,0.0,0.0,0.0,0.0,0.057352138959732867,0.0,0.0,0.0,79.88413236720694,-221.96228570761784,0.0,-407.4045318046157,-173.54645520504326,345.5093783423325,817.3134890853444,0.0,0.0,0.0,0.0,0.0,0.0,0.0,752.5615147341215,0.0,-752.5615147341215,-1000.0,-1000.0,0.0,0.0,0.0,0.0,0.0,0.0,0.0,0.0,0.0,0.0,0.0,0.0,0.0,0.0,0.0,0.0,0.0,-1000.0,0.0,-1000.0,0.0,20.90111311263837,0.0,0.0,369.79433979184637,0.0,-6.262853574402847,0.0,0.0,0.0,0.0,773.8733254162872,0.0,1000.0,-389.80426965613026,297.0033117511275,0.0,0.0,-2.8676069479866433,-239.21705851668924,157.05438424297586,-1000.0,0.0,0.0,-298.4371152251208,0.0,-255.68437872615425,0.0,447.5676089631281,662.782284750656,0.0,17.20564168791986,0.0,0.0,0.0,129.64016995620096,0.0,0.0,0.0,-13.46274854975485,13.46274854975485,13.46274854975485,6.661454018819512,0.0,0.0,-463.40922913469717,0.0,0.0,546.2090796814765,0.0,0.0,-49.29170300597116,0.0,-190.04576074821424,199.89215260257544,0.0,0.0,0.0,0.0,-94.26478610402671,0.11470427791940216,0.0,0.0,0.0,0.0,0.0,0.0,0.0,0.0,0.0,0.0,0.0,0.0,0.0,0.0,0.0,0.0,0.0,0.0,0.0,0.06308735285576288,0.06308735285576288,28.103829198534235,281.9923207578083,0.0,34.41128337583972,0.0,0.0,0.0,1000.0,0.0,0.0,0.0,0.0,0.0,151.0641510177364,-1000.0,0.0,0.0,0.0,0.0,0.0,199.89215260257544,0.0,0.0,0.0,0.0,0.0,0.0,0.0,187.86870456218023,-79.88413236720694,0.0,0.0,4.416114699899428,0.0,364.8826670688311,0.0,0.0,0.0,151.0641510177364,0.0,0.0,56.799364913709695,0.0,0.0,13.46274854975485,0.0,0.0,0.0,0.0,0.0,0.0,0.0,0.0,0.0,0.0,0.0,0.0,0.0,34.41128337583972,61.362580394522,61.362580394522,0.0,0.0,0.0,0.0,0.0,0.0,0.0,0.0,0.0,0.0,0.5735213895973287,0.0,28.103829198534235,0.0,0.0,28.103829198534235,278.8828390099435,0.0,0.0,17.20564168791986,0.0,0.0,0.0,0.0,0.0,0.0,0.0,0.0,0.0,0.0,918.4662647189845,0.0,0.0,17.20564168791986,17.20564168791986,-865.7585241922234,-1000.0,0.0,199.89215260257544,0.0,0.0,0.0,0.0,0.0,1000.0,546.2090796814765,758.5306666323465,0.057352138959732867,0.0,0.0,-23.544983605183738,99.28667626421952,0.0,0.0,-364.8826670688311,0.0,-61.362580394522,0.0,0.0,0.0,0.0,0.0,0.0,0.0,0.0,0.0,0.0,0.0,0.0,0.057352138959732867,0.0,0.0,0.0,0.0,0.0,0.0,0.0,0.0,20.90111311263837,-6.262853574402847,0.0,0.0,0.0,0.0,-4.3014104219799645,0.0,-2.8676069479866433,0.0,-437.49999999999994,-437.49999999999994,437.5,0.0,0.0,0.0,0.0,0.0,0.0,0.0,61.362580394522,345.5093783423325,0.0,0.0,450.43521591111477,0.0,0.0,0.0,-0.057352138959732867,0.0,0.0,0.057352138959732867,0.0,0.057352138959732867,0.0,0.0,0.0,34.41128337583972,69.96960953087411,69.96960953087411,0.0,0.0,0.0,0.0,0.0,0.0,0.0,0.0,0.0,546.2090796814765,0.0,0.0,0.0,757.4995338985545,0.0,0.0,0.0,0.0,0.0,0.0,0.0,0.0,0.0,0.0,0.0,0.0,0.0,0.0,0.0,-61.97067553023583,61.97067553023583,0.0860282084395993,0.0,0.0,0.0,-17.20564168791986,0.0,0.0,0.0,0.0,0.0,-281.9923207578083,2.8676069479866433,0.0,0.0,0.0,0.0,0.0,0.0,-2.8676069479866433,0.0,-190.04576074821424,0.0,0.0,0.0,0.0,0.0,61.362580394522,0.0,0.0,1000.0,268.5295722080534,0.0,-248.68012929295648,0.0,0.0,0.0,0.0,0.0,0.0,0.0,0.0,2.8676069479866433,777.0951767191025,0.0,0.0,-28.103829198534235,-49.29170300597116,0.0,0.0,0.0,0.0,0.0,0.0,0.0,0.0,0.0,-8.602820843960103,0.0,69.96960953087411,0.0,0.0,0.0,28.103829198534235,0.0,0.0,0.0,0.0,0.0,29.950568073037857,0.0,0.0,294.8965520237483,-75.74169265903578,-0.40572142952964896,-278.8828390099435,17.20564168791986,0.0,0.0,0.0,0.0,-88.3296200237553,0.0,0.0,0.06308735285576288,0.0,0.0,0.0,34.98480476543705,0.0,0.0,0.0,0.0,-77.05914441610685,0.0,754.9732895395308,0.0,0.0,0.0,0.0,0.0,0.0,-1000.0,0.0,0.00573521389597345,0.00573521389597345,0.0,0.0,0.0,0.0,0.0,0.0,0.0,0.0,0.0,-23.544983605183738,28.103829198534235,0.0,0.0,0.0,0.0,281.9923207578083,0.0,0.0,0.0,0.0,0.0,0.0,0.0,0.0,0.0,0.0,0.0,0.0,-165.04173240529224,0.0,284.0058292371717,0.0,0.0,0.0,34.41128337583973,0.0,0.0,0.0,0.0,0.0,108.76377043316847,-143.1750538090082,0.0,0.0,0.0,0.0,0.0,0.0,0.0,0.0,0.0,28.103829198534235,28.103829198534235,0.0,-758.5306666323465,-861.4431256680597,796.7857490859716,0.0,-17.20564168791986,0.0,-0.22940855583882472,0.0,0.0,0.0,0.0,0.0,0.0,0.0,0.0,0.0,0.0,0.0,0.0,0.0,0.0,0.0,0.0,0.0,-7.169017369966608,61.362580394522,-778.1747358382672,753.1981234765744,0.0,0.0,0.0,0.0,0.0,0.0,-0.7169017369966609,49.29170300597116,0.0,0.0,0.0,0.0,0.0,0.0,0.0,1000.0,17.20564168791986,17.20564168791986,0.0,0.0,0.0,0.0,515.8330816605855,0.06308735285576288,281.9923207578083,0.0,0.0,0.22940855583882472,0.0,0.0,0.0,0.0,0.0,0.0,0.0,0.0,0.0,0.0,0.0,0.0,0.0,0.0,0.0,0.0,0.0,0.0,0.0,60.21974590771951,4.416114699899428,0.0,0.0,0.0,0.0,0.0,281.9923207578083,0.0,0.0,0.0,0.0,0.0,-7.169017369966608,0.0,0.0,0.0,0.0,0.0,0.0,0.0,0.0,0.0,0.0,0.0,0.0,0.0,0.0,0.0,0.0,0.0,0.0,-0.057352138959732867,0.0,0.0,2.8676069479866433,-151.0641510177364,0.0,0.0,0.0,0.0,61.362580394522,0.0,0.0,0.0,-752.5615147341215,1.4338034739933216,0.0,0.0,61.97067553023583,0.057352138959732867,0.0,57.35213895973286,-17.77916307751719,11.470427791946575,0.40965813542666335,160.0124676976547,-0.04301410421979965,389.80426965613026,1.1470427791946574,-0.2867606947985576,-160.0124676976547,17.20564168791986,-0.057352138959732867,0.0,199.89215260257544,0.014338034739933217,0.40965813542666335,0.0,-9.130460522389491,26.95678641933958,-62.04354352955389,-0.057352138959732867,0.014338034739933217,-160.0124676976547,5.735213895973287,0.057352138959732867,0.057352138959732867,-281.8718812659928,0.06308735285570631,-106.2444489901286,-0.04301410421979965,17.20564168791986,0.057352138959732867,17.20564168791986,-28.676069479866435,-0.028676069479866433,-231.49551754862125,-5.792566034933019,-0.04301410421979965,-0.057352138959732867,-17.77916307751719,0.057352138959732867,5.735213895973287,-1.1470427791946574,0.0,0.0,-5.735213895973287,62.04354352955389,0.0,11.470427791946573,0.0860282084395993,145.94966486092568,5.735213895973287,-187.86870456218023,199.89215260257544,-11.470427791946573,0.028676069479866433,0.5735213895973287,101.85113295115393,280.0,-0.057352138959732867,-294.8965520237483,281.8718812659928,17.77916307751719,0.057352138959732867,9.130460522389491,131.0695858508961,199.89215260257544,-0.057352138959732867,-0.014338034739933217,-199.89215260257544,-0.057352138959732867,-849.2380756435575,0.05735213895981813,-0.014338034739933217,-0.014338034739933217,-0.014338034739933217,22.940855583893146,28.676069479866435,0.5735213895973287,42.490765951792675,-0.014338034739933217,203.70226590230786,2.8676069479866433,50.0,0.057352138959732867,0.028676069479866433,0.028676069479866433,75.0,17.77916307751719,0.057352138959732867,-17.77916307751719,0.5735213895973287,0.057352138959732804,-42.490765951792675,0.057352138959732867,0.22940855583882472,0.2867606947985576,0.028676069479866433,0.014338034739933217,17.20564168791986,-0.057352138959732867,106.2444489901286,-13.47839320966979,-84.98153190358535,388.37046618213697,-5.735213895973287,11.470427791946573,2.8676069479866433,-0.057352138959732867,0.0,0.0860282084395993,-0.057352138959732804,-150.0,17.77916307751719,286.8965771210827,0.028676069479866433,-100.0,-0.057352138959732867,-0.05735213895981813,-0.057352138959732867,0.028676069479866433,160.0124676976547,-11.470427791946573,0.057352138959732867,203.70226590230786,-0.014338034739933217,-0.06308735285570631,-203.70226590230786,8.602820843959929,5.792566034933019,-243.09849175662663,160.0124676976547,-0.04301410421979965,294.8965520237483,-280.0,0.057352138959732867,-0.014338034739933215,2.8676069479866433,57.35213895973286,-0.028676069479866433,-0.057352138959732867,0.014338034739933217,508.3596480597081,0.0,-445.9783409304055,0.0,16.428942180942727,0.0,89.84548249281852,-13.247145157112046,0.0,-80.0,-147.77205176696708,237.2097015010099,-300.0,40.0,-8.214471090471363,73.88602588348354,0.0,6.623572578556023,-281.9923207578083,-198.56695709732742,300.0,-237.2097015010099,-198.56695709732742,-89.84548249281852,-23.479658627025433,0.0,1496.5981,hplb
152,0.0,0.0,0.0,0.0,0.0,0.0,0.0,0.0,-0.07027526687964454,0.0,0.0,0.0,0.0,0.0,0.0,0.0,-15.625000000078046,-44.132963528973235,0.0,0.0,0.0,0.0,0.0,917.5638098428569,0.0,0.0,0.0,0.0,0.0,-1000.0,0.0,0.0,131.6572634439314,0.0,0.0,0.0,0.0,-49.459542219019,0.0,-1000.0,847.405432964769,0.0,0.0,0.0,0.0,0.0,0.0,0.0,1000.0,0.0,0.0,968.7499999998439,0.0,0.0773027935676785,0.0,0.0,0.0,0.0,0.0,0.0,30.96309197629659,0.0,1000.0,919.5070905378047,0.0,0.0,0.0,0.0,1000.0,-398.8102231926921,0.0,0.7027526687964454,0.0,0.0,0.0,0.0,0.0,0.0,0.0,0.0,0.0,0.0,-227.18071383098825,0.0,42.16516012778672,0.0,0.0,66.75183002067183,0.0,157.86520645019877,-0.017568816719911135,0.0,0.0,-25.328906408709713,21.08258006389336,0.0,152.59456703523094,0.0,0.0,0.0,0.0,3.5137633439822267,-1000.0,0.0,0.0,-6.789653158028377,0.0,525.4494381843203,0.0,0.0,0.0,0.0,0.0,0.0,0.0,0.0,0.0,0.0,0.0,0.0,0.0,0.0,0.0,0.0,-748.8169597070702,0.0,0.0,152.59456703523094,0.0,21.785332732689803,21.785332732689803,0.0,0.0,0.0,0.0,0.0,0.0,0.0,0.0,-111.45600143849182,0.0,0.0,0.0,0.0,0.0,232.59190938072086,0.07027526687964454,0.0,0.0,0.0,0.0,-415.6252564533479,0.0,0.0,0.0,0.0,401.0881268582387,0.0,0.0,0.0,0.0,0.0,-23.28351210413994,-23.28351210413994,0.0,0.0,0.0,0.0,0.0,0.0,0.0,-23.213236837260297,0.0,0.0,0.0,-163.79756600857894,0.0,0.0,0.0,0.0,0.0,0.0,0.0,0.0,0.0,0.0,0.0,0.0,0.0,0.0,0.0,-954.6680422950928,0.0,0.0,0.0,0.0,0.0,0.0,-968.7499999998439,142.13479354980123,-142.13479354980123,100.77275398669933,0.0,0.0,0.0,0.0,0.0,0.0,0.0,-282.21420528253657,0.0,0.0,0.0,0.0,0.0,0.0,0.0,0.0,0.0,0.0,0.0,0.0,0.0,118.41092562805238,639.3404208817578,984.374999999922,0.0,0.0,0.0,10.6832474517925,162.90219804515593,0.0,0.0,0.0,0.0,30.96309197629659,984.374999999922,0.0,0.0,0.0,0.0,0.0,0.0,0.0,0.0,2.2628635935245995,14.055053375928907,131.5119869713376,0.0,142.13479354980123,0.0,240.13662357062915,0.0,-984.374999999922,0.0,0.0,111.45600143849182,-914.2641744068337,0.0,0.0,0.0,-44.23457612651731,0.0,0.0,-680.3227121343482,-888.9799427627822,0.0,208.657230628434,0.0,888.9799427627822,142.13479354980123,0.0,0.0,0.0,0.0,-24.036291972267463,0.0,0.0,0.0,151.56777925672668,0.0,-151.56777925672668,0.0,0.0,0.0,10.6832474517925,0.0,0.0,0.0,0.0,30.96309197629659,-0.10541290031946679,0.0,0.0,0.0,0.0,0.07027526687964454,0.0,0.0,0.0,536.1356596344821,-15.625000000078046,0.0,-885.8682225734387,1000.0,0.0,1000.0,0.0,-384.4529721426455,0.0,-6.789653158028377,0.0,0.0,0.0,359.0359580086976,569.4118213995832,-543.9948072656355,654.7539075671457,-1000.0,0.0,0.0,0.0,0.0,0.0,0.0,0.0,0.0,0.0,0.0,0.0,0.0,0.0,0.0,0.0,0.0,0.0,-1000.0,0.0,-1000.0,0.0,49.17844115150048,0.0,577.8413063970501,0.0,0.0,-234.85477297424546,0.0,227.18071383098825,0.0,0.0,0.0,-603.4878900706117,187.4402126226396,707.5655834574927,-1.7568816719911133,-965.9239313289715,0.0,340.05791169735426,1000.0,-915.7174980748409,-187.4402126226396,-1000.0,1000.0,0.0,-343.5716750413365,0.0,0.0,-544.7528995448138,338.12857060966536,1000.0,152.59456703523094,0.0,0.0,0.0,40.17947421670996,0.0,0.0,0.0,-118.41092562805238,118.41092562805238,118.41092562805238,207.55512556538952,0.0,0.0,-23.353787371019585,0.0,0.0,0.0,0.0,0.0,-49.52981748589865,0.0,0.0,0.0,0.0,0.0,0.0,0.0,71.12059739317903,0.1405505337592611,0.0,0.0,0.0,0.0,0.0,0.0,0.0,0.0,0.0,601.1897768073079,0.0,0.0,0.0,0.0,0.0,0.0,0.0,0.0,0.0,0.0773027935676785,0.0773027935676785,0.0,384.3558722521235,0.0,42.16516012778672,0.0,0.0,0.0,1000.0,0.0,0.0,0.0,0.0,0.0,725.2813804719649,-1000.0,0.0,0.0,0.0,0.0,0.0,0.0,0.0,0.0,0.0,0.0,0.0,0.0,0.0,249.60565323569006,-536.1356596344821,415.6252564533479,0.0,5.411195549732611,0.0,0.0,-25.328906408709713,-289.00385844056495,0.0,725.2813804719649,0.0,796.4019778651439,0.0,0.0,0.0,118.41092562805238,0.0,0.0,0.0,0.0,0.0,0.0,0.0,0.0,0.0,0.0,0.0,0.0,0.0,42.16516012778672,111.45600143849182,111.45600143849182,0.0,0.0,0.0,0.0,0.0,0.0,0.0,0.0,0.0,0.0,0.7027526687964454,0.0,0.0,0.0,0.0,0.0,-968.7499999998439,0.0,0.0,152.59456703523094,0.0,0.0,0.0,0.0,0.0,0.0,0.0,0.0,0.0,0.0,0.0,152.2189505933634,0.0,21.08258006389336,21.08258006389336,1000.0,-1000.0,0.0,0.0,0.0,0.0,0.0,0.0,0.0,381.39714308589157,0.0,426.51016004840443,0.07027526687964454,0.0,0.0,0.0,5.667198307651334,0.0,0.0,25.328906408709713,0.0,0.0,0.0,0.0,0.0,0.0,0.0,0.0,0.0,0.0,0.0,0.0,0.0,0.0,0.07027526687964454,0.0,0.0,0.0,-310.9994094689439,310.9994094689439,0.0,0.0,0.0,49.17844115150048,-780.9948161283619,773.3207569851047,0.0,0.0,0.0,-5.27064501597334,-3.5137633439822267,0.0,0.0,0.0,0.0,0.0,0.0,0.0,0.0,0.0,0.0,0.0,0.0,111.45600143849182,0.0,0.0,0.0,458.7608637991685,0.0,0.0,0.0,-0.07027526687964454,0.0,0.0,0.07027526687964454,0.0,0.07027526687964454,0.0,0.0,0.0,42.16516012778672,85.73582559316633,85.73582559316633,0.0,0.0,0.0,0.0,0.0,0.0,227.18071383098825,415.6252564533479,0.0,0.0,0.0,0.0,0.0,365.0866584870351,0.0,0.0,0.0,0.0,0.0,0.0,0.0,0.0,0.0,0.0,0.0,0.0,0.0,263.67495203185524,0.0,0.0,0.0,0.10541290031946679,0.0,0.0,0.0,-152.59456703523094,0.0,0.0,0.0,0.0,0.0,-384.3558722521235,3.5137633439822267,0.0,0.0,0.0,0.0,0.0,-773.3207569851047,0.0,0.0,0.0,0.0,0.0,0.0,0.0,0.0,111.45600143849182,0.0,0.0,0.0,265.9449466240711,0.0,726.570203077419,-6.789653158028377,0.0,-227.18071383098825,227.18071383098825,0.0,0.0,-1000.0,0.0,3.5137633439822267,805.945732276825,0.0,122.64824999663097,0.0,-49.52981748589865,-531.2500000000109,531.2500000000109,0.0,0.0,0.0,0.0,0.0,0.0,0.0,389.62651726809685,-400.1678073000435,85.73582559316633,0.0,0.0,0.0,0.0,0.0,0.0,0.0,0.0,0.0,2.2628635935245995,0.0,0.0,0.0,-606.8569751149593,121.0101591523188,0.0,21.08258006389336,0.0,0.0,0.0,0.0,217.8153152504873,0.0,0.0,0.0773027935676785,0.0,0.0,0.0,42.86791279658316,0.0,0.0,0.0,0.0,639.3404208817578,0.0,0.0,0.0,0.0,0.0,0.0,0.0,0.0,0.0,0.0,0.007027526687964454,0.007027526687964454,0.0,0.0,0.0,0.0,0.0,0.0,0.0,0.0,0.0,0.0,0.0,0.0,0.0,0.0,0.0,384.3558722521235,0.0,0.0,0.0,0.0,0.0,0.0,0.0,0.0,0.0,0.0,0.0,0.0,0.0,0.0,-44.132963528973235,0.0,0.0,0.0,42.16516012778675,0.0,0.0,0.0,0.0,0.0,660.6687728427571,-702.8339329705439,0.0,0.0,0.0,0.0,0.0,0.0,0.0,0.0,0.0,0.0,0.0,0.0,-426.51016004840443,36.15105065303726,413.2252162995916,-152.59456703523094,0.0,0.0,-0.28110106751852015,0.0,0.0,0.0,0.0,0.0,0.0,0.0,0.0,0.0,0.0,0.0,0.0,0.0,0.0,0.0,0.0,0.0,-8.784408359955567,111.45600143849182,-5.27064501597334,759.9838207711052,0.0,0.0,0.0,0.0,0.0,-0.8784408359955567,0.0,49.52981748589865,0.0,0.0,0.0,0.0,0.0,0.0,0.0,1000.0,21.08258006389336,21.08258006389336,0.0,0.0,0.0,0.0,0.0,0.0773027935676785,384.3558722521235,0.0,0.0,0.28110106751852015,0.0,0.0,0.0,0.0,0.0,0.0,0.0,0.0,0.0,0.0,0.0,0.0,0.0,0.0,0.0,0.0,0.0,21.785332732689803,0.0,73.78903022362675,0.0,0.0,232.59190938072086,0.0,0.0,0.0,384.3558722521235,0.0,769.8069936411225,0.0,0.0,0.0,-8.784408359955567,0.0,0.0,0.0,0.0,0.0,0.0,0.0,0.0,0.0,0.0,0.0,0.0,0.0,0.0,0.0,0.0,0.0,0.0,-0.07027526687964454,0.0,0.0,3.5137633439822267,-725.2813804719649,0.0,0.0,0.0,0.0,111.45600143849182,0.0,0.0,0.0,-359.0359580086976,1.7568816719911133,0.0,0.0,0.0,0.07027526687964454,0.0,70.27526687964453,0.0,14.055053375928907,0.501966191997461,239.6386600595878,-0.052706450159733395,292.4344165425073,1.4055053375928908,-0.3513763343981647,-239.6386600595878,21.08258006389336,-0.07027526687964454,2.2632177193427925,0.0,0.017568816719911135,0.501966191997461,-6.789653158028377,-11.187822487239373,-1.4055053375928908,59.75796352905128,-0.07027526687964454,0.017568816719911135,-239.6386600595878,275.36228945788815,0.07027526687964454,0.07027526687964454,-384.20829419167615,0.077302793567609,-46.95735973469562,-0.052706450159733395,21.08258006389336,0.07027526687964461,152.59456703523094,96.37435353151533,-0.03513763343982227,-340.5514608074863,-170.0,-0.052706450159733395,-0.07027526687964454,0.0,0.07027526687964454,7.027526687964453,-1.4055053375928908,263.67495203185524,263.67495203185524,-7.027526687964439,-59.75796352905128,-263.67495203185524,14.055053375928907,0.10541290031946679,254.65679284848062,7.027526687964453,-249.60565323569006,0.0,-14.055053375928907,0.03513763343982227,0.7027526687964454,221.46705564335969,280.0,-0.07027526687964454,-400.1678073000435,384.20829419167615,21.785332732689803,0.07027526687964454,11.187822487239373,-484.17706999683463,0.0,-0.07027526687964454,-0.017568816719911135,0.0,-0.07027526687964454,71.12059739317903,0.07027526687966201,-0.017568816719911135,-0.017568816719911135,-0.017568816719911135,28.110106751857813,-96.37435353151533,0.7027526687964454,52.06518834945801,-0.017568816719911135,440.6708935673766,3.5137633439822267,-32.046535352607286,0.07027526687964454,0.03513763343982227,0.03513763343982227,1.6859029620682033,0.0,0.07027526687964454,0.0,0.7027526687964454,0.07027526687964454,-52.06518834945801,0.07027526687964454,0.28110106751852015,0.3513763343981647,0.03513763343982227,0.017568816719911135,21.08258006389336,-0.07027526687964454,46.95735973469562,0.7027526687964454,-104.13037669891602,290.6775348705162,-7.027526687964453,14.055053375928907,3.5137633439822267,-0.07027526687964454,6.789653158028377,0.10541290031946679,-0.07027526687964454,-3.371805924136396,0.0,3.6984035632016514,0.03513763343982227,64.09307070521457,-0.07027526687964461,-0.07027526687966201,-0.07027526687964454,0.03513763343982227,239.6386600595878,-14.055053375928907,0.07027526687964454,442.93411128671937,-0.017568816719911135,-0.077302793567609,-442.93411128671937,10.541290031946678,170.0,-542.2602871654719,239.6386600595878,-0.052706450159733395,400.1678073000435,-280.0,0.07027526687964454,-0.01756881671991114,3.5137633439822267,70.27526687964453,-0.03513763343982227,-0.07027526687964454,0.017568816719911135,0.0,0.0,-554.6919304819204,0.0,14.995819011289573,0.0,284.95465106795257,-140.0,268.3347627699237,-80.0,-255.0,-325.0,-300.0,40.0,-7.497909505644786,127.5,-268.3347627699237,70.0,-384.3558722521235,-221.51371881368894,300.0,325.0,-221.51371881368894,-284.95465106795257,381.0520971884114,0.0,1496.5981,hplb
153,0.0,0.0,0.0,0.0,0.0,0.0,0.0,0.0,532.787111316728,0.0,0.0,0.0,0.0,0.0,0.0,0.0,-246.0603854802465,546.0603854802465,0.0,0.0,0.0,0.0,0.0,907.267261850789,0.0,0.0,0.0,0.0,0.0,-583.1365351628588,0.0,0.0,138.44977797798978,0.0,0.0,0.0,0.0,163.4890894024348,0.0,-524.4559157733761,978.9562621446571,0.0,-410.121025731993,917.4160312518627,0.0,0.0,0.0,0.0,-498.34013634075075,0.0,0.0,0.0,0.0,0.07716037213620197,0.0,0.0,0.0,14.029158570228581,0.0,0.0,32.496162397987355,0.0,-294.03806398902844,-377.56290725627434,0.0,0.0,0.0,0.0,0.0,0.0,0.0,0.7014579285114291,0.0,0.0,0.0,0.0,0.0,0.0,0.0,136.5500677723628,0.0,0.0,214.44762447884222,0.0,42.087475710685744,0.0,0.0,-433.69018378512266,23.68861848066128,733.5131617201691,255.24609122381446,0.0,0.0,0.0,21.043737855342872,0.0,21.043737855342872,0.0,0.0,0.0,368.6346031599002,277.6397899498189,-1000.0,0.0,0.0,0.0,85.3401253826136,0.0,0.0,0.0,0.0,0.0,0.0,0.0,0.0,0.0,0.0,0.0,0.0,0.0,0.0,0.0,0.0,0.0,-613.560638871908,0.0,0.0,21.043737855342872,0.0,21.7451957838543,21.7451957838543,0.0,0.0,0.0,0.0,0.0,0.0,0.0,0.0,-116.02100566523325,0.0,0.0,0.0,0.0,0.0,-209.04639842930422,0.0701457928511429,255.26362767202724,0.0,0.0,-285.9458521354683,200.60572675285465,0.0,0.0,154.186978681058,0.0,528.7279718085223,0.0,0.0,0.0,0.0,0.0,133.79177721835762,133.79177721835762,0.0,0.0,0.0,-93.75000000000001,0.0,0.0,0.0,133.86192301120877,0.0,0.0,0.0,146.4732822462807,0.0,0.0,0.0,0.0,0.0,0.0,0.0,0.0,0.0,0.0,0.0,0.0,0.0,0.0,0.0,-117.52252120045989,0.0,0.0,0.0,0.0,0.0,0.0,410.121025731993,-478.09070560611974,478.09070560611974,0.0,0.0,0.0,0.0,0.0,0.0,0.0,416.8634648371412,-705.1294691487533,0.0,0.0,0.0,0.0,0.0,0.0,0.0,0.0,0.0,0.0,0.0,0.0,0.0,0.0,8.548514476462302,917.4160312518627,0.0,0.0,0.0,116.02100566523325,0.0,0.0,0.0,0.0,0.0,32.496162397987355,0.0,0.0,0.0,0.0,0.0,0.0,0.0,0.0,0.0,2.2586945298058936,0.0,0.0,0.0,0.0,91.65829835478803,-1000.0,0.0,-917.4160312518627,0.0,0.0,116.02100566523325,-914.4221327216056,0.0,0.0,0.0,-254.17492779649587,0.0,0.0,-1000.0,0.0,0.0,-999.9999999999999,0.0,0.0,-454.4020871254585,0.0,1000.0,0.0,0.0,239.19715362239728,0.0,0.0,0.0,-1000.0,0.0,1000.0,0.0,133.72163142550647,0.0,116.02100566523325,-356.81164935188156,-93.75000000000001,0.0,0.0,32.496162397987355,-0.10521868927671435,0.0,0.0,0.0,0.0,0.0701457928511429,0.0,0.0,0.0,94.22008881531113,-246.0603854802465,0.0,-717.5443120656433,610.5102920243313,0.0,1000.0,0.0,81.14567332831871,0.0,0.0,0.0,0.0,0.0,-6.039552764483348,-100.27420003312037,25.168079469285004,752.274775894159,-1000.0,0.0,0.0,0.0,0.0,0.0,0.0,0.0,0.0,0.0,0.0,0.0,0.0,0.0,0.0,0.0,0.0,0.0,581.1462868611111,0.0,222.84387043531558,154.186978681058,194.53274385195618,0.0,1000.0,0.0,0.0,206.78770389949833,0.0,0.0,0.0,0.0,274.13250030726175,0.0,0.0,0.0,0.0,100.27420003312037,130.14125847102036,0.0,0.0,-119.61938954334892,0.0,-857.3117668428058,0.0,-1.7536448212785727,-3.5072896425571454,623.0718131200896,0.0,139.2266881534318,0.0,0.0,21.043737855342872,0.0,0.0,0.0,0.0,0.0,532.8572571095791,0.0,0.0,0.0,0.0,240.9708414297714,0.0,0.0,0.0,0.0,0.0,416.8634648371412,0.0,0.0,-51.02868086925855,0.0,0.0,0.0,0.0,0.0,0.0,0.0,-12.495223378880567,0.14029158570228592,0.0,0.0,0.0,0.0,0.0,0.0,0.0,0.0,0.0,0.0,0.0,0.0,0.0,0.0,0.0,0.0,0.0,0.0,0.0,0.07716037213620197,0.07716037213620197,0.0,239.7369628130236,0.0,42.087475710685744,0.0,0.0,0.0,1000.0,0.0,0.0,0.0,0.0,0.0,754.52388159576,-1000.0,0.0,0.0,262.97769441425817,0.0,0.0,0.0,0.0,0.0,0.0,0.0,0.0,0.0,0.0,204.52021295730268,-94.22008881531113,0.0,216.73822704661785,5.401226049538001,0.0,0.0,0.0,0.0,0.0,754.52388159576,0.0,0.0,742.0286582168794,0.0,0.0,0.0,0.0,0.0,0.0,0.0,0.0,0.0,0.0,0.0,0.0,0.0,0.0,0.0,0.0,42.087475710685744,116.02100566523325,116.02100566523325,0.0,0.0,0.0,0.0,0.0,0.0,0.0,0.0,0.0,0.0,0.7014579285114291,0.0,0.0,0.0,0.0,0.0,410.121025731993,0.0,0.0,21.043737855342872,-262.97769441425817,0.0,0.0,0.0,216.73822704661785,0.0,0.0,0.0,0.0,0.0,0.0,0.0,0.0,21.043737855342872,21.043737855342872,1000.0,-1000.0,0.0,0.0,0.0,0.0,0.0,0.0,0.0,-752.274775894159,416.8634648371412,-914.086490524165,0.0701457928511429,0.0,0.0,0.0,5.656757152067167,0.0,0.0,0.0,0.0,0.0,0.0,0.0,0.0,0.0,0.0,0.0,0.0,0.0,0.0,0.0,0.0,0.0,0.0701457928511429,0.0,0.0,0.0,0.0,0.0,0.0,0.0,0.0,194.53274385195618,0.0,206.78770389949833,0.0,0.0,-358.3024164257955,-5.260934463835719,0.0,-3.5072896425571454,0.0,0.0,0.0,0.0,0.0,0.0,0.0,0.0,0.0,0.0,0.0,116.02100566523325,0.0,0.0,0.0,142.73397779598895,0.0,0.0,0.0,532.787111316728,0.0,0.0,0.0701457928511429,0.0,0.0701457928511429,0.0,0.0,0.0,42.087475710685744,85.57786727839434,85.57786727839434,0.0,0.0,0.0,0.0,0.0,0.0,0.0,0.0,0.0,416.8634648371412,0.0,0.0,0.0,0.0,0.0,0.0,0.0,0.0,0.0,0.0,0.0,0.0,0.0,0.0,0.0,0.0,0.0,0.0,0.0,-868.3491217109945,868.3491217109945,0.10521868927671435,0.0,0.0,0.0,-21.043737855342872,0.0,0.0,0.0,0.0,0.0,-239.7369628130236,3.5072896425571454,0.0,0.0,0.0,93.75000000000001,0.0,-206.78770389949833,-3.5072896425571454,0.0,0.0,0.0,0.0,0.0,0.0,0.0,116.02100566523325,0.0,262.97769441425817,116.02100566523325,239.7369628130236,0.0,303.63875495763955,0.0,0.0,0.0,0.0,0.0,154.186978681058,-1000.0,0.0,3.5072896425571454,1000.0,0.0,0.0,0.0,-51.02868086925855,0.0,0.0,0.0,0.0,0.0,0.0,0.0,0.0,0.0,-10.521868927671647,0.0,85.57786727839434,0.0,0.0,0.0,0.0,0.0,0.0,0.0,0.0,0.0,2.2586945298058936,0.0,0.0,255.51976620453098,-5.656757152067167,-286.3948282642722,-410.121025731993,21.043737855342872,0.0,0.0,0.0,0.0,190.3592371383363,0.0,0.0,0.07716037213620197,0.0,0.0,0.0,42.78893363919717,0.0,0.0,0.0,0.0,8.548514476462302,0.0,85.3401253826136,0.0,0.0,0.0,0.0,0.0,0.0,0.0,0.0,267.55412277848086,0.007014579285114491,0.0,0.0,0.0,0.0,0.0,0.0,0.0,0.0,0.0,0.0,0.0,0.0,0.0,0.0,0.0,239.7369628130236,0.0,0.0,0.0,0.0,0.0,0.0,0.0,0.0,0.0,0.0,0.0,0.0,0.0,419.6601184307495,546.0603854802465,0.0,0.0,0.0,42.087475710685744,0.0,0.0,0.0,0.0,0.0,0.0,-42.087475710685744,0.0,0.0,0.0,0.0,0.0,0.0,0.0,0.0,0.0,0.0,0.0,0.0,914.086490524165,-1000.0,48.04986810303291,-21.043737855342872,0.0,0.0,358.02183325439097,0.0,0.0,0.0,0.0,0.0,0.0,0.0,0.0,0.0,0.0,0.0,0.0,0.0,0.0,0.0,0.0,0.0,-8.768224106392864,116.02100566523325,-279.3934347710974,-5.260934463835923,0.0,0.0,0.0,0.0,0.0,-0.8768224106392863,0.0,205.21565955031656,0.0,0.0,0.0,0.0,0.0,0.0,0.0,1000.0,21.043737855342872,21.043737855342872,0.0,0.0,0.0,0.0,136.5500677723628,0.07716037213620197,239.7369628130236,0.0,0.0,-358.02183325439097,267.54710819919575,0.0,0.0,0.0,0.0,0.0,0.0,0.0,0.0,0.0,0.0,0.0,0.0,0.0,434.17456085549725,0.0,0.0,21.7451957838543,0.0,73.65308249370005,5.401226049538001,0.0,0.0,0.0,0.0,0.0,239.7369628130236,0.0,206.78770389949833,0.0,0.0,0.0,-8.768224106392864,0.0,0.0,0.0,0.0,0.0,0.0,0.0,0.0,0.0,0.0,0.0,0.0,0.0,0.0,0.0,0.0,0.0,0.0,-0.0701457928511429,0.0,0.0,3.5072896425571454,-754.52388159576,0.0,0.0,0.0,0.0,116.02100566523325,0.0,0.0,0.0,6.039552764483348,1.7536448212785727,0.0,0.0,0.0,0.0701457928511429,0.0,70.1457928511429,0.0,14.029158570228581,0.5010413775081636,239.19715362239728,-0.052609344638357175,640.573539796188,1.4029158570228581,-0.35072896425568684,-239.19715362239728,21.043737855342872,-0.0701457928511429,0.0,0.0,0.017536448212785726,0.5010413775081636,0.0,-11.167210221901035,-1.4029158570228581,-300.0,-0.0701457928511429,0.017536448212785726,-239.19715362239728,7.014579285114291,0.0701457928511429,0.0701457928511429,-239.58965664803625,0.07716037213625508,-150.94500135687036,-0.052609344638357175,21.043737855342872,0.0701457928511429,21.043737855342872,-35.07289642557146,-0.03507289642557145,-377.7829704516519,-7.08472507796543,-0.052609344638357175,-0.0701457928511429,0.0,0.0701457928511429,7.014579285114291,-1.4029158570228581,0.0,0.0,-7.014579285114291,300.0,0.0,14.029158570228581,0.10521868927671435,-1000.0,7.014579285114291,-204.52021295730268,0.0,-14.029158570228581,0.03507289642557145,0.7014579285114291,179.38607801641083,253.7661213832522,-0.0701457928511429,-255.51976620453098,239.58965664803625,21.7451957838543,0.0701457928511429,11.167210221901035,-84.17495142137166,0.0,-0.0701457928511429,-0.017536448212785726,0.0,-0.0701457928511429,-97.83534876149417,0.07014579285102922,-0.017536448212785726,-0.017536448212785726,-0.017536448212785726,28.058317140457163,35.07289642557146,0.7014579285114291,295.6430430539114,-0.017536448212785726,358.77215603282167,3.5072896425571454,9.754901331997429,0.0701457928511429,0.03507289642557145,0.03507289642557145,-50.99592354750233,0.0,0.0701457928511429,0.0,0.7014579285114291,0.0701457928511429,-782.9906006045574,0.0701457928511429,0.2805831714045407,0.35072896425568684,0.03507289642557145,0.017536448212785726,21.043737855342872,-0.0701457928511429,150.94500135687036,0.7014579285114291,-591.2860861078228,638.8198949749094,-7.014579285114291,14.029158570228581,3.5072896425571454,-0.0701457928511429,0.0,0.10521868927671435,-0.0701457928511429,101.99184709500466,0.0,83.7173769017802,0.03507289642557145,-19.509802663994858,-0.0701457928511429,-0.07014579285102922,-0.0701457928511429,0.03507289642557145,239.19715362239728,-14.029158570228581,0.0701457928511429,358.77215603282167,-0.017536448212785726,-0.07716037213625508,-358.77215603282167,10.521868927671434,7.084725077965434,765.7469447854805,239.19715362239728,-0.052609344638357175,255.51976620453098,-253.7661213832522,0.0701457928511429,-0.017536448212785723,3.5072896425571454,70.1457928511429,-0.03507289642557145,-0.0701457928511429,0.017536448212785726,269.94126298391626,0.0,720.8538525088637,487.34755755064594,280.4112144302993,0.0,78.65699505373453,-140.0,0.0,-80.0,-255.0,-317.6679135278681,-279.11107459471066,40.0,-140.20560721514966,127.5,0.0,70.0,-239.7369628130236,-274.0766140401165,279.11107459471066,317.6679135278681,-274.0766140401165,-78.65699505373453,77.90868359499595,0.0,1496.5981,hplb
154,0.0,0.0,0.0,0.0,0.0,0.0,0.0,0.0,288.8490816429487,0.0,0.0,0.0,0.0,0.0,0.0,0.0,624.1902571935715,458.88578952319915,0.0,-1000.0,0.0,0.0,0.0,901.7247050823607,0.0,0.0,0.0,0.0,0.0,-637.7456584727047,0.0,0.0,105.91567490616278,0.0,0.0,0.0,0.0,431.38107367000373,0.0,-1000.0,-181.89335752143714,0.0,0.0,477.82518587283016,0.0,0.0,0.0,0.0,-543.5543463014931,-707.666091537818,0.0,-1000.0,0.0,0.08177218185287467,0.0,0.0,0.0,14.867669427782028,0.0,0.0,-6.546730438033696,0.0,0.0,-6.546730438033696,0.0,0.0,0.0,0.0,0.0,0.0,0.0,0.7433834713891015,0.0,0.0,0.0,0.0,0.0,0.0,0.0,0.0,0.0,0.0,444.4001961989323,0.0,44.60300828334609,0.0,0.0,-963.7330061242677,-1000.0,346.9381012834225,-0.018584586784727533,0.0,0.0,1000.0,22.301504141673046,0.0,22.301504141673046,0.0,0.0,0.0,742.4234322493846,675.7606173513286,-637.7456584727047,0.0,0.0,-32.44144762206722,0.0,0.0,0.0,0.0,0.0,0.0,0.0,0.0,0.0,0.0,0.0,0.0,0.0,0.0,0.0,0.0,0.0,0.0,-651.0510795135958,0.0,0.0,22.301504141673046,0.0,23.044887613062148,0.0,0.0,-383.03853540641796,1000.0,-616.961464593582,616.961464593582,0.0,811.0212802854999,-811.0212802854999,0.0,0.0,0.0,0.0,0.0,0.0,-438.6761434692362,0.07433834713891013,0.0,0.0,0.0,0.0,-88.67499497804978,0.0,0.0,298.02323605045234,0.0,12.11495559272899,0.0,0.0,0.0,0.0,0.0,-48.72571918309721,-48.72571918309721,0.0,0.0,0.0,0.0,-470.521297413529,0.0,0.0,-48.6513808359583,0.0,0.0,0.0,255.3785737423495,-683.7467267953867,0.0,0.0,0.0,0.0,0.0,0.0,0.0,0.0,0.0,0.0,0.0,0.0,0.0,0.0,-1000.0,0.0,0.0,0.0,0.0,0.0,707.666091537818,1000.0,953.0618987165775,-953.0618987165775,0.0,0.0,0.0,0.0,0.0,0.0,0.0,0.0,430.4957614265313,0.0,0.0,0.0,0.0,0.0,0.0,0.0,0.0,0.0,0.0,0.0,0.0,0.0,0.0,152.00927878175116,-442.8902524193738,0.0,0.0,0.0,0.0,162.49182693897006,0.0,0.0,0.0,0.0,-6.546730438033696,-920.715438292204,0.0,0.0,0.0,0.0,0.0,0.0,0.0,0.0,2.393694777873975,0.0,0.0,0.0,971.0168509562856,-982.0450477602919,445.7745462908167,0.0,442.8902524193738,0.0,0.0,0.0,-909.3072164905296,0.0,0.0,0.0,346.3409793497591,0.0,0.0,-1000.0,0.0,0.0,-1000.0,0.0,0.0,-46.9381012834225,0.0,919.2350406655377,707.666091537818,0.0,44.91216157858926,0.0,0.0,0.0,-1000.0,0.0,1000.0,0.0,-48.80005753023612,0.0,0.0,0.0,0.0,0.0,0.0,-6.546730438033696,-0.11150752070836521,0.0,0.0,0.0,0.0,0.07433834713891013,0.0,0.0,0.0,812.8129741414829,624.1902571935715,0.0,-223.21105796487888,376.88697600948007,683.7467267953867,-294.72418395198207,0.0,854.5089418616641,0.0,-32.44144762206722,0.0,0.0,0.0,-6.400531688660236,0.0,-848.1084101730038,-1000.0,-1000.0,0.0,0.0,0.0,0.0,0.0,0.0,0.0,0.0,0.0,0.0,0.0,0.0,0.0,0.0,0.0,0.0,0.0,0.0,0.0,-1000.0,298.02323605045234,568.3215729414406,0.0,1000.0,0.0,0.0,436.2824486913622,0.0,0.0,0.0,0.0,672.0436999943831,0.0,0.0,-299.2453384539157,-1000.0,0.0,1000.0,254.69994586013698,748.0118257504613,0.0,0.0,-540.4934289002214,150.87435664331883,998.1415413215273,-258.4168632170825,-215.44739767799058,0.0,607.9300743597132,-778.6539636151061,-656.2500000000048,22.301504141673046,0.0,0.0,0.0,0.0,0.0,288.9234199900876,0.0,0.0,0.0,0.0,272.5737781942852,0.0,0.0,0.0,0.0,0.0,0.0,0.0,0.0,-13.093460876067391,0.0,0.0,135.13233057221797,0.0,0.0,0.0,0.0,41.03277966202833,0.1486766942777379,0.0,0.0,0.0,0.0,0.0,0.0,0.0,0.0,0.0,0.0,0.0,0.0,0.0,0.0,0.0,0.0,0.0,0.0,0.0,0.08177218185287467,0.08177218185287467,0.0,241.31114738197354,0.0,44.60300828334609,0.0,0.0,0.0,1000.0,0.0,177.73597235768062,0.0,0.0,0.0,314.6741906197206,-1000.0,0.0,0.0,909.9751566700949,0.0,0.0,135.13233057221797,0.0,0.0,0.0,0.0,0.0,0.0,0.0,217.01702650453194,-812.8129741414829,88.67499497804978,0.0,5.724052729696077,0.0,1000.0,0.0,-162.49182693897006,0.0,314.6741906197206,0.0,-644.2930297182511,1000.0,437.5000000000004,-437.5000000000004,0.0,0.0,0.0,0.0,0.0,0.0,0.0,0.0,0.0,0.0,0.0,0.0,0.0,0.0,44.60300828334609,0.0,0.0,0.0,0.0,0.0,0.0,0.0,0.0,0.0,0.0,0.0,0.0,0.7433834713891015,0.0,0.0,0.0,0.0,0.0,1000.0,0.0,0.0,22.301504141673046,-909.9751566700949,0.0,0.0,0.0,0.0,0.0,0.0,0.0,0.0,0.0,0.0,-203.8357866239989,0.0,22.301504141673046,22.301504141673046,-400.5328492287793,-1000.0,0.0,135.13233057221797,0.0,0.0,0.0,0.0,0.0,637.7456584727047,0.0,1000.0,0.07433834713891013,0.0,0.0,-70.63495081555106,168.8093579763589,0.0,0.0,-1000.0,0.0,0.0,0.0,0.0,0.0,0.0,0.0,0.0,0.0,0.0,0.0,0.0,0.0,0.0,0.07433834713891013,0.0,0.0,0.0,0.0,0.0,0.0,0.0,0.0,568.3215729414406,-164.31337521856335,600.5958239099256,0.0,0.0,-1000.0,-5.5753760354182615,-3.71691735694551,0.0,0.0,0.0,0.0,0.0,0.0,0.0,0.0,0.0,0.0,0.0,0.0,0.0,683.7467267953867,0.0,0.0,-44.60300828334609,0.0,0.0,0.0,288.8490816429487,0.0,0.0,0.07433834713891013,0.0,0.07433834713891013,0.0,0.0,0.0,44.60300828334609,90.69278350947039,90.69278350947039,0.0,0.0,0.0,0.0,0.0,0.0,0.0,88.67499497804978,0.0,0.0,0.0,0.0,0.0,0.0,0.0,0.0,0.0,0.0,0.0,0.0,0.0,0.0,0.0,0.0,0.0,0.0,0.0,162.49182693897006,0.0,0.0,0.0,0.11150752070836521,0.0,0.0,0.0,-22.301504141673046,0.0,0.0,0.0,0.0,0.0,-241.31114738197354,3.716917356945507,0.0,0.0,0.0,0.0,470.521297413529,-600.5958239099256,0.0,0.0,0.0,0.0,0.0,0.0,0.0,0.0,0.0,0.0,909.9751566700949,0.0,241.31114738197354,0.0,39.255205590115786,-32.44144762206722,0.0,0.0,0.0,0.0,298.02323605045234,-1000.0,0.0,3.71691735694551,1000.0,0.0,0.0,0.0,-13.093460876067391,0.0,0.0,0.0,0.0,0.0,0.0,0.0,0.0,0.0,-11.150752070836575,0.0,90.69278350947039,0.0,0.0,0.0,0.0,0.0,0.0,0.0,0.0,0.0,2.393694777873975,0.0,0.0,258.03727548822826,-98.17440716080785,-185.1920865472838,0.0,22.301504141673046,0.0,0.0,0.0,0.0,-99.18931066362626,0.0,0.0,0.08177218185287467,0.0,0.0,0.0,45.346391754735194,0.0,0.0,0.0,0.0,152.00927878175116,0.0,0.0,0.0,0.0,0.0,0.0,0.0,0.0,614.2338183971691,0.0,885.1526347187594,0.007433834713891014,0.0,0.0,0.0,0.0,0.0,0.0,0.0,0.0,0.0,-70.63495081555106,0.0,0.0,0.0,0.0,0.0,241.31114738197354,0.0,0.0,0.0,0.0,0.0,0.0,0.0,707.666091537818,0.0,0.0,0.0,0.0,624.0612087511873,1000.0,458.88578952319915,0.0,0.0,0.0,44.60300828334609,0.0,0.0,0.0,0.0,0.0,0.0,-44.60300828334609,0.0,0.0,0.0,0.0,0.0,0.0,0.0,0.0,0.0,0.0,0.0,0.0,-1000.0,-1000.0,50.92176779015347,0.0,-22.301504141673046,0.0,999.7026466114444,0.0,0.0,0.0,0.0,0.0,0.0,0.0,0.0,0.0,0.0,0.0,0.0,0.0,0.0,0.0,0.0,0.0,-9.29229339236377,0.0,-677.6190760298014,-5.575376035418207,0.0,0.0,0.0,0.0,0.0,-0.9292293392363769,0.0,311.11669692651975,0.0,0.0,0.0,0.0,0.0,0.0,0.0,1000.0,22.301504141673046,22.301504141673046,0.0,0.0,0.0,0.0,0.0,0.08177218185287467,241.31114738197354,0.0,0.0,-999.7026466114444,885.1452008840455,0.0,0.0,0.0,0.0,0.0,0.0,0.0,0.0,0.0,0.0,0.0,0.0,0.0,0.0,0.0,0.0,0.0,0.0,78.05526449585567,5.724052729696077,0.0,0.0,0.0,0.0,0.0,241.31114738197354,0.0,596.8789065529801,0.0,0.0,0.0,-9.29229339236377,0.0,0.0,0.0,0.0,0.0,0.0,0.0,0.0,0.0,0.0,0.0,0.0,0.0,0.0,0.0,0.0,0.0,0.0,-0.07433834713891013,0.0,0.0,3.716917356945507,-314.6741906197206,0.0,0.0,0.0,0.0,0.0,0.0,0.0,0.0,6.400531688660236,1.8584586784727435,0.0,0.0,0.0,0.07433834713891013,0.0,74.33834713891014,-23.044887613062148,14.867669427782028,0.5309881938493581,207.40398851755933,-0.055753760354182606,839.738767354137,1.4867669427782029,-0.3716917356945309,-207.40398851755933,22.301504141673043,-0.07433834713891015,10.813815874022408,135.13233057221797,0.018584586784727537,0.5309881938493581,-32.44144762206722,-11.83466486451556,-1.4867669427782029,-83.07604671677063,-0.07433834713891015,0.018584586784727537,-207.40398851755933,7.433834713891014,0.07433834713891015,0.07433834713891013,-241.15503685298177,0.0817721818527893,0.0,-0.055753760354182606,22.301504141673046,0.07433834713891015,22.301504141673046,-37.169173569455076,-0.037169173569455066,52.767939651405456,-170.0,-0.055753760354182606,-0.07433834713891015,-23.044887613062148,0.07433834713891013,7.433834713891014,-1.4867669427782029,162.49182693897006,162.49182693897006,-7.433834713891014,83.07604671677063,-162.49182693897006,14.867669427782028,0.11150752070836521,-140.33773399799514,7.433834713891014,-217.01702650453194,135.13233057221797,-14.867669427782028,0.037169173569455066,0.7433834713891015,55.80276449121972,256.1788168097556,-0.07433834713891013,-258.03727548822826,241.15503685298177,23.044887613062148,0.07433834713891015,11.83466486451556,45.926314005525526,135.13233057221797,-0.07433834713891013,-0.018584586784727537,-135.13233057221797,-0.07433834713891015,41.03277966202833,0.07433834713891015,-0.018584586784727533,-0.018584586784727533,-0.018584586784727533,29.735338855564056,37.169173569455076,0.7433834713891015,55.075422936539724,-0.018584586784727533,100.79171310841703,3.716917356945507,-16.799472474068658,0.07433834713891013,0.037169173569455066,0.03716917356945507,75.0,23.044887613062148,0.07433834713891013,-23.044887613062148,0.7433834713891015,0.07433834713891015,-55.075422936539724,0.07433834713891015,0.29735338855562077,0.3716917356945309,0.03716917356945507,0.018584586784727537,22.301504141673046,-0.07433834713891015,0.0,0.7433834713891014,-110.15084587307945,837.8803086756643,-7.433834713891014,14.867669427782028,3.716917356945507,-0.07433834713891015,32.44144762206722,0.11150752070836521,-0.07433834713891015,-150.0,23.044887613062148,378.67551402594347,0.03716917356945507,33.598944948137316,-0.07433834713891015,-0.07433834713891015,-0.07433834713891015,0.03716917356945507,207.40398851755933,-14.867669427782028,0.07433834713891013,111.60552898243944,-0.018584586784727533,-0.0817721818527893,-111.60552898243944,11.15075207083652,170.0,-203.42968486106486,207.40398851755933,-0.055753760354182606,258.03727548822826,-256.1788168097556,0.07433834713891015,-0.01858458678472754,3.71691735694551,74.33834713891014,-0.037169173569455066,-0.07433834713891015,0.018584586784727533,204.79226213823733,0.0,-159.6994351755743,0.0,83.74906702067511,0.0,638.1257152271302,-140.0,0.0,-80.0,-255.0,34.55211996015197,-300.0,40.0,-41.874533510337564,127.5,0.0,70.0,-241.31114738197354,-279.4862033623172,300.0,-34.55211996015197,-279.4862033623172,-638.1257152271302,292.3827832538568,0.0,1496.5981,hplb
155,0.0,0.0,0.0,0.0,0.0,0.0,0.0,0.0,-0.06736658094572416,0.0,0.0,0.0,0.0,0.0,0.0,0.0,547.4276517160565,752.5723482839435,0.0,-1000.0,0.0,0.0,0.0,0.0,0.0,0.0,0.0,0.0,0.0,-1000.0,30.019548700327732,-30.019548700327732,920.2359765300411,0.0,0.0,0.0,0.0,317.25427207225573,0.0,-1000.0,1000.0,0.0,0.0,535.050157044885,0.0,0.0,0.0,0.0,132.6606931775242,0.0,0.0,0.0,0.0,0.07410323904048287,0.0,0.0,0.0,13.473316189144832,0.0,0.0,119.08575515064558,0.0,1000.0,714.0106903125084,198.24800704237532,0.0,0.0,0.0,0.0,148.25134387588804,0.0,0.6736658094572416,0.0,0.0,0.0,0.0,0.0,0.0,0.0,0.0,0.0,0.0,421.88215872103956,0.0,40.419948567434496,0.0,0.0,195.2501940320143,-372.0891127904615,0.0,-0.01684164523643104,0.0,0.0,0.0,20.209974283717248,0.0,20.209974283717248,-32.18875260678877,0.0,0.0,421.88215872103956,3.368329047286208,-1000.0,0.0,0.0,-34.16730083992939,97.792919610778,6.181698263819969,0.0,0.0,0.0,0.0,0.0,0.0,0.0,0.0,0.0,0.0,0.0,0.0,0.0,0.0,0.0,0.0,-1000.0,0.0,0.0,20.209974283717248,0.0,20.883640093174492,0.0,0.0,-376.80165599664997,376.80165599664997,0.0,0.0,594.9249351618628,0.0,0.0,-1000.0,0.0,0.0,0.0,0.0,0.0,-416.6949319882188,0.06736658094572416,0.0,0.0,0.0,54.05163236042211,-151.8445519712001,0.0,0.0,0.0,0.0,166.28827776196866,0.0,0.0,0.0,0.0,0.0,716.5309409154817,716.5309409154817,0.0,0.0,0.0,0.0,536.0614497654177,0.0,0.0,746.6178561967552,0.0,0.0,0.0,91.40664586639589,0.0,0.0,0.0,0.0,0.0,0.0,0.0,0.0,0.0,0.0,0.0,0.0,0.0,0.0,0.0,-791.7142899735936,0.0,0.0,0.0,0.0,0.0,0.0,0.0,672.0891127904615,-672.0891127904615,118.11901613774111,0.0,0.0,0.0,0.0,0.0,0.0,0.0,-696.8941388073604,0.0,0.0,0.0,0.0,0.0,0.0,0.0,0.0,0.0,0.0,0.0,0.0,0.0,0.0,56.219270325028376,319.9116551064193,0.0,0.0,0.0,138.70470482450807,163.19597532448185,0.0,0.0,0.0,0.0,119.08575515064558,-215.13850193846577,30.019548700327732,0.0,0.0,0.0,0.0,0.0,0.0,0.0,0.0,0.0,0.0,0.0,44.178225580923026,-1000.0,1000.0,0.0,-319.9116551064193,0.0,0.0,405.0750648381372,-917.8127712462165,0.0,0.0,0.0,-146.81770831241556,0.0,0.0,266.1144943881919,0.0,1000.0,-733.8855056118083,1000.0,0.0,300.0,0.0,96.75057386486651,0.0,0.0,-93.36223062365258,0.0,0.0,0.0,-973.8534428399842,0.0,973.8534428399842,0.0,746.4831230348638,148.25134387588804,138.70470482450807,1000.0,0.0,0.0,0.0,119.08575515064558,-0.10104987141858623,0.0,0.0,0.0,0.0,0.06736658094572416,0.0,0.0,0.0,490.18932422765346,547.4276517160565,0.0,-468.10527391293573,-162.2120931173219,0.0,860.0381249850572,0.0,188.19275906437485,0.0,-34.16730083992939,0.0,0.0,0.0,413.26862757082654,398.5386133647986,-1000.0,-738.9355163228619,-1000.0,0.0,0.0,0.0,0.0,0.0,0.0,0.0,0.0,0.0,0.0,0.0,0.0,0.0,0.0,0.0,0.0,0.0,677.7253256012878,0.0,-322.27467439871225,0.0,682.4762616039579,0.0,0.0,0.0,0.0,446.71448068854653,0.0,0.0,0.0,0.0,0.0,552.1846377210314,0.0,-3.368329047286208,392.8316560003952,-950.72325108583,632.5294779736506,0.0,611.6190903888838,-121.39708182255501,0.0,0.0,0.0,-394.5158205240383,-3.368329047286208,0.0,0.0,-467.7438919227733,0.0,-237.94317149233382,20.209974283717248,0.0,0.0,0.0,0.0,0.0,0.0,0.0,0.0,0.0,0.0,-540.1980941580865,0.0,0.0,0.0,0.0,0.0,0.0,0.0,0.0,-166.90355453684606,0.0,0.0,160.17184929866008,0.0,0.0,0.0,0.0,36.009296041311245,0.13473316189149329,0.0,0.0,0.0,0.0,0.0,0.0,0.0,0.0,0.0,0.0,0.0,0.0,0.0,0.0,0.0,0.0,0.0,0.0,0.0,0.07410323904048287,0.07410323904048287,30.019548700327732,246.36246416529394,0.0,40.419948567434496,0.0,0.0,0.0,1000.0,0.0,0.0,0.0,0.0,0.0,-271.61933561381795,-1000.0,0.0,0.0,0.0,0.0,0.0,160.17184929866008,0.0,0.0,0.0,0.0,0.0,0.0,0.0,333.3333333333333,-490.18932422765346,0.0,0.0,5.187226732820772,0.0,0.0,0.0,-281.31499146222296,0.0,-271.61933561381795,0.0,764.3899604274933,-1000.0,0.0,0.0,0.0,0.0,0.0,0.0,0.0,0.0,0.0,0.0,0.0,0.0,0.0,0.0,0.0,0.0,40.419948567434496,405.0750648381372,405.0750648381372,0.0,0.0,0.0,0.0,0.0,0.0,0.0,0.0,0.0,0.0,0.6736658094572416,0.0,30.019548700327732,0.0,0.0,30.019548700327732,0.0,0.0,0.0,20.209974283717248,0.0,0.0,0.0,0.0,0.0,0.0,0.0,0.0,0.0,0.0,-259.3852506792873,470.4867791769233,0.0,20.209974283717248,20.209974283717248,1000.0,-1000.0,0.0,160.17184929866008,0.0,0.0,0.0,0.0,0.0,738.9355163228619,0.0,886.595306897099,0.06736658094572416,0.0,0.0,0.0,88.96719393610671,815.892078808871,0.0,0.0,0.0,-148.25134387588804,0.0,0.0,0.0,0.0,0.0,0.0,0.0,0.0,0.0,0.0,0.0,0.0,0.06736658094572416,0.0,0.0,0.0,555.0097809176177,-555.0097809176177,0.0,0.0,0.0,682.4762616039579,0.0,446.71448068854653,0.0,0.0,-1000.0,-5.052493570929312,-3.368329047286208,0.0,0.0,0.0,0.0,0.0,0.0,0.0,0.0,0.0,0.0,0.0,0.0,405.0750648381372,0.0,0.0,0.0,-702.3187343678209,0.0,0.0,0.0,-0.06736658094572416,0.0,0.0,0.06736658094572416,0.0,0.06736658094572416,0.0,0.0,0.0,40.419948567434496,82.18722875378347,82.18722875378347,0.0,0.0,0.0,0.0,0.0,0.0,0.0,0.0,0.0,0.0,0.0,0.0,419.06889019025357,0.0,0.0,0.0,0.0,0.0,0.0,0.0,0.0,0.0,0.0,0.0,0.0,0.0,0.0,281.31499146222296,0.0,0.0,0.0,0.10104987141858623,0.0,0.0,0.0,-20.209974283717248,0.0,0.0,0.0,0.0,0.0,-246.36246416529394,3.368329047286208,0.0,0.0,0.0,0.0,-536.0614497654177,-446.71448068854653,0.0,0.0,0.0,0.0,0.0,0.0,0.0,0.0,405.0750648381372,0.0,0.0,0.0,246.36246416529394,0.0,311.52668381085516,781.7247779689417,0.0,0.0,0.0,0.0,0.0,-1000.0,0.0,3.368329047286208,624.7683533934526,0.0,0.0,-30.019548700327732,-166.90355453684606,0.0,0.0,401.9137371928285,-401.9137371928285,0.0,0.0,0.0,0.0,0.0,0.0,-10.104987141858885,82.18722875378347,0.0,0.0,0.0,30.019548700327732,0.0,0.0,0.0,0.0,0.0,0.0,0.0,0.0,251.41495773622324,-88.96719393610671,0.0,0.0,20.209974283717248,0.0,0.0,0.0,0.0,10.031372386429016,0.0,0.0,0.07410323904048287,0.0,0.0,0.0,41.093614376891736,0.0,0.0,0.0,0.0,56.219270325028376,0.0,97.792919610778,0.0,0.0,0.0,0.0,0.0,0.0,0.0,0.0,213.6436574979958,0.006736658094572416,0.0,0.0,0.0,0.0,0.0,0.0,0.0,0.0,0.0,0.0,30.019548700327732,0.0,0.0,0.0,0.0,246.36246416529394,0.0,0.0,0.0,0.0,0.0,0.0,0.0,0.0,0.0,0.0,0.0,0.0,-560.0281078266203,884.294678301124,752.5723482839435,0.0,0.0,0.0,40.41994856743452,0.0,0.0,0.0,0.0,0.0,463.95773163965606,-504.3776802070906,0.0,0.0,0.0,0.0,0.0,0.0,0.0,0.0,0.0,30.019548700327732,30.019548700327732,0.0,-1000.0,-1000.0,465.21499813807463,-20.209974283717248,0.0,0.0,999.7305336762137,0.0,0.0,0.0,0.0,0.0,0.0,0.0,0.0,0.0,0.0,0.0,0.0,0.0,0.0,0.0,0.0,0.0,-8.42082261821552,405.0750648381372,-5.052493570929312,424.12138376118236,0.0,0.0,0.0,0.0,0.0,-0.8420822618215521,0.0,166.90355453684606,0.0,0.0,0.0,0.0,0.0,0.0,0.0,886.595306897099,20.209974283717248,20.209974283717248,0.0,0.0,0.0,0.0,0.0,0.07410323904048287,246.36246416529394,0.0,0.0,-999.7305336762137,213.63692083990122,0.0,0.0,0.0,0.0,0.0,0.0,0.0,0.0,0.0,0.0,0.0,0.0,0.0,0.0,0.0,0.0,0.0,0.0,70.73490999301036,5.187226732820772,0.0,0.0,0.0,0.0,0.0,246.36246416529394,0.0,411.15739903447155,0.0,0.0,0.0,-8.42082261821552,0.0,0.0,0.0,0.0,0.0,0.0,0.0,0.0,0.0,0.0,0.0,0.0,0.0,0.0,0.0,0.0,0.0,0.0,-0.06736658094572416,0.0,0.0,3.368329047286208,271.61933561381795,0.0,0.0,0.0,0.0,405.0750648381372,0.0,0.0,0.0,-413.26862757082654,1.684164523643104,0.0,0.0,0.0,0.06736658094572416,0.0,67.36658094572415,-20.88364009317449,13.473316189144832,0.4811898638980297,187.9527608385704,-0.05052493570929312,3.368329047286208,1.3473316189144833,-0.33683290473209127,-187.9527608385704,20.209974283717248,-0.06736658094572416,11.389100279976462,160.17184929866008,0.01684164523643104,0.4811898638980297,-34.16730083992939,-10.724759686568007,28.672217081413248,-300.0,-0.06736658094572416,0.01684164523643104,-187.9527608385704,215.38604677827635,0.06736658094572416,0.06736658094572416,-246.22099434530773,0.07410323904031202,0.0,-0.05052493570929312,20.209974283717248,0.06736658094572416,20.209974283717248,-33.68329047286208,-0.033683290472862074,-97.95367608210988,-170.0,-0.05052493570929312,-0.06736658094572416,-20.88364009317449,0.06736658094572416,6.736658094572416,-1.3473316189144833,281.31499146222296,281.31499146222296,-6.7366580945724195,300.0,-281.31499146222296,13.473316189144832,0.10104987141858623,-1000.0,6.736658094572416,-333.3333333333333,160.17184929866008,-13.473316189144832,0.033683290472862074,0.6736658094572416,117.02631847823393,259.8357803544388,-0.06736658094572416,-261.51994487808213,246.22099434530773,20.883640093174492,0.06736658094572416,10.724759686568007,-129.3174365199128,160.17184929866008,-0.06736658094572416,-0.016841645236431037,-160.17184929866008,-0.06736658094572416,-61.783623569466876,0.06736658094583785,-0.016841645236431037,-0.01684164523643104,-0.016841645236431037,26.946632378289664,33.68329047286208,0.6736658094572416,301.48440379003046,-0.016841645236431037,222.6635366764914,3.368329047286208,-14.636318973369415,0.06736658094572416,0.033683290472862074,0.03368329047286208,-56.6554416062956,20.88364009317449,0.06736658094572416,-20.88364009317449,0.6736658094572416,0.06736658094572416,-804.6327800537454,0.06736658094572416,0.2694663237863395,0.33683290473209127,0.033683290472862074,0.016841645236431037,20.209974283717248,-0.06736658094572416,0.0,-14.336108540706624,-602.9688075800609,1.684164523643104,-6.736658094572416,13.473316189144832,3.368329047286208,-0.06736658094572416,34.16730083992939,0.10104987141858623,-0.06736658094572416,113.3108832125912,20.88364009317449,181.92054274471764,0.03368329047286208,29.27263794673883,-0.06736658094572416,-0.06736658094583785,-0.06736658094572416,0.03368329047286208,187.9527608385704,-13.473316189144832,0.06736658094572416,234.05263695646786,-0.01684164523643104,-0.07410323904031202,-234.05263695646786,10.104987141858622,170.0,303.291280412719,187.9527608385704,-0.05052493570929312,261.51994487808213,-259.8357803544388,0.06736658094572416,-0.016841645236431037,3.368329047286208,67.36658094572415,-0.033683290472862074,-0.06736658094572416,0.01684164523643104,1000.0,0.0,699.9663167095272,503.1483762637149,-255.0,0.0,560.2970433943875,-140.0,208.64938868370393,-80.0,-255.0,-325.0,-300.0,40.0,127.5,127.5,-208.64938868370393,70.0,-246.36246416529394,-191.95191513114665,300.0,325.0,-191.95191513114665,-560.2970433943875,341.438910909864,0.0,1496.5981,hplb
156,0.0,0.0,0.0,0.0,0.0,0.0,0.0,0.0,-0.05183683615831011,0.0,0.0,0.0,0.0,0.0,0.0,0.0,13.76731700254544,286.23268299745456,0.0,0.0,0.0,0.0,0.0,721.7701511671621,0.0,254.9731317732615,0.0,0.0,0.0,-944.1543552778791,0.0,0.0,138.85440592090129,0.0,0.0,0.0,0.0,250.41618157583494,0.0,-1000.0,984.448949152507,0.0,0.0,930.3870382753337,0.0,0.0,540.8087687495208,0.0,0.0,0.0,0.0,0.0,0.0,0.057020519774192396,0.0,0.0,0.0,10.367367231662023,0.0,0.0,107.58827089902573,0.0,957.4381873071802,724.6585420917555,0.0,0.0,0.0,0.0,473.02787887589557,-218.05474710263408,0.0,0.5183683615831013,0.0,0.0,0.0,0.0,0.0,0.0,0.0,0.0,0.0,0.0,-221.10093555678785,0.0,31.10210169498607,0.0,1.302603768114788,161.28367164986398,875.0509886524094,-472.8425001791674,-0.012959209039577528,0.0,0.0,210.34766364735546,15.551050847493036,0.0,15.551050847493036,-1.6691461243012495,0.0,0.0,0.0,326.52276289956035,-1000.0,0.0,0.0,0.0,0.0,0.0,0.0,0.0,0.0,0.0,0.0,0.0,0.0,0.0,0.0,0.0,0.0,0.0,0.0,0.0,0.0,0.0,-504.9731317732615,0.0,0.0,15.551050847493036,0.0,16.069419209076138,0.0,0.0,247.2234531510839,-562.5000000000023,315.2765468489184,-315.2765468489184,0.0,1000.0,-1000.0,-340.36791611445045,0.0,0.0,0.0,0.0,0.0,226.3949757090925,0.05183683615831011,0.0,0.0,0.0,-590.786968753229,0.0,0.0,0.0,0.0,0.0,554.1258705800146,0.0,0.0,0.0,0.0,0.0,-143.67119274931628,-143.67119274931628,0.0,0.0,0.0,0.0,0.0,0.0,0.0,-143.61935591315796,0.0,0.0,0.0,-442.11927491841266,0.0,0.0,0.0,0.0,0.0,0.0,0.0,0.0,0.0,0.0,-371.2813653955448,0.0,0.0,0.0,0.0,-606.6756593534183,0.0,0.0,0.0,0.0,0.0,0.0,0.0,-124.94901134759058,124.94901134759058,340.36791611445045,0.0,0.0,0.0,0.0,0.0,0.0,55.84564472212094,336.42336203689683,0.0,0.0,0.0,0.0,0.0,0.0,0.0,0.0,0.0,0.0,0.0,0.0,0.0,98.02002618521851,608.1398225853316,930.3870382753337,0.0,0.0,0.0,0.0,-340.36791611445045,0.0,0.0,0.0,0.0,107.58827089902573,0.0,0.0,0.0,0.0,0.0,0.0,0.0,0.0,0.0,0.0,0.0,0.0,0.0,-1000.0,0.0,36.33466030227339,0.0,-930.3870382753337,0.0,0.0,340.36791611445045,-114.05005310023698,0.0,0.0,0.0,-147.25438542075722,0.0,0.0,-421.06652604842526,-1000.0,0.0,578.9334739515748,0.0,1000.0,750.1019773048188,0.0,0.0,0.0,0.0,144.62477288168523,0.0,0.0,0.0,0.0,0.0,0.0,0.0,393.17792785970187,0.0,0.0,318.84156592491684,0.0,0.0,0.0,107.58827089902573,-0.07775525423746517,0.0,0.0,0.0,0.0,0.05183683615831011,0.0,0.0,0.0,591.1246085059253,13.76731700254544,0.0,-1000.0,1000.0,0.0,1000.0,0.0,4.463151593230552,0.0,0.0,0.0,0.0,0.0,-4.463151593230552,0.0,0.0,-907.943298849385,-1000.0,0.0,0.0,0.0,0.0,0.0,0.0,0.0,0.0,0.0,0.0,0.0,0.0,0.0,0.0,0.0,0.0,0.0,0.0,0.0,-1000.0,0.0,749.376471079532,0.0,0.0,0.0,0.0,-226.3949757090925,0.0,221.10093555678785,0.0,0.0,323.93092109164485,-473.02787887589557,-163.0239644822825,-164.55730235373792,-224.12607176348433,0.0,0.0,0.0,-282.77553386379793,212.97723397663336,163.0239644822825,0.0,751.376403093293,222.83015085952658,-2.5918418079155057,0.0,0.0,-403.61099923642,0.0,0.0,15.551050847493036,0.0,0.0,0.0,0.0,0.0,0.0,0.0,-98.02002618521851,98.02002618521851,98.02002618521851,244.63263276833797,0.0,0.0,0.0,0.0,0.0,55.84564472212094,0.0,0.0,-122.58616678016944,0.0,93.74999999992723,0.0,0.0,0.0,0.0,0.0,1.8018029846096089,0.10367367231629032,0.0,0.0,0.0,0.0,0.0,0.0,0.0,0.0,0.0,0.0,0.0,0.0,0.0,0.0,0.0,0.0,0.0,0.0,0.0,0.057020519774192396,0.057020519774192396,0.0,367.6526589535565,0.0,31.10210169498607,0.0,0.0,0.0,1000.0,0.0,0.0,1.302603768114788,0.0,0.0,728.9151362729401,-1000.0,0.0,0.0,192.76586753537546,0.0,0.0,0.0,0.0,0.0,0.0,0.0,0.0,0.0,0.0,168.32437725775384,-591.1246085059253,590.786968753229,0.0,73.48181105710714,0.0,0.0,210.34766364735546,210.34766364735546,0.0,728.9151362729401,0.0,0.0,730.7169392575497,0.0,0.0,98.02002618521851,0.0,0.0,0.0,0.0,0.0,0.0,0.0,0.0,0.0,0.0,0.0,0.0,0.0,31.10210169498607,340.36791611445045,340.36791611445045,0.0,0.0,0.0,0.0,0.0,0.0,0.0,0.0,0.0,0.0,0.5183683615831013,0.0,0.0,1.302603768114788,-1.302603768114788,0.0,0.0,0.0,0.0,15.551050847493036,-192.76586753537546,0.0,0.0,68.18777090480248,0.0,0.0,0.0,0.0,0.0,0.0,1000.0,412.40863073446565,0.0,15.551050847493036,15.551050847493036,562.5166349648813,-1000.0,0.0,0.0,0.0,0.0,0.0,0.0,0.0,907.943298849385,55.84564472212094,1000.0,0.05183683615831011,0.0,0.0,0.0,68.45794740935685,0.0,0.0,-210.34766364735546,0.0,0.0,0.0,0.0,0.0,0.0,0.0,0.0,0.0,0.0,0.0,0.0,0.0,0.0,0.05183683615831011,0.0,0.0,0.0,800.3219304534418,-800.3219304534418,0.0,0.0,0.0,749.376471079532,0.0,-5.294040152304665,0.0,0.0,-1000.0,-3.887762711873259,0.0,-2.5918418079155057,0.0,0.0,0.0,0.0,0.0,0.0,0.0,0.0,0.0,0.0,0.0,340.36791611445045,0.0,0.0,0.0,-401.0191574285045,0.0,0.0,0.0,-0.05183683615831011,0.0,0.0,0.05183683615831011,0.0,0.05183683615831011,0.0,254.9731317732615,0.0,31.10210169498607,63.24094011313835,63.24094011313835,0.0,0.0,0.0,0.0,0.0,0.0,221.10093555678785,590.786968753229,0.0,55.84564472212094,0.0,0.0,0.0,0.0,0.0,0.0,0.0,0.0,0.0,0.0,0.0,0.0,0.0,0.0,0.0,0.0,0.0,0.0,0.0,0.0,0.0,0.07775525423746517,0.0,0.0,0.0,-15.551050847493036,0.0,0.0,0.0,0.0,0.0,-367.6526589535565,2.5918418079155057,0.0,0.0,0.0,0.0,0.0,226.3949757090925,-2.5918418079155057,0.0,93.74999999992723,0.0,0.0,0.0,0.0,0.0,340.36791611445045,0.0,192.76586753537546,1000.0,269.632632768338,0.0,905.419601521567,0.0,0.0,0.0,221.10093555678785,-221.10093555678785,0.0,-177.29099321337532,0.0,2.5918418079155057,729.0405779141981,0.0,0.0,0.0,-125.191374316399,0.0,0.0,0.0,0.0,0.0,0.0,0.0,0.0,0.0,363.50583997179837,0.0,63.24094011313835,0.0,0.0,0.0,0.0,0.0,0.0,0.0,0.0,0.0,0.0,0.0,0.0,379.3159470891763,-68.45794740935685,-467.1529610716721,0.0,15.551050847493036,1.302603768114788,0.0,0.0,0.0,285.82948932181915,0.0,0.0,0.057020519774192396,0.0,0.0,0.0,31.620470056569175,0.0,0.0,0.0,0.0,608.1398225853316,0.0,0.0,0.0,0.0,0.0,0.0,0.0,0.0,-1000.0,0.0,0.00518368361583116,0.00518368361583116,0.0,0.0,0.0,0.0,0.0,0.0,0.0,0.0,0.0,0.0,0.0,0.0,0.0,0.0,0.0,367.6526589535565,0.0,0.0,0.0,0.0,0.0,0.0,0.0,0.0,0.0,0.0,0.0,2.605207536229576,0.0,27.53463400509088,286.23268299745456,0.0,0.0,0.0,31.10210169498607,0.0,0.0,0.0,0.0,0.0,0.0,-31.10210169498607,0.0,2.605207536229576,0.0,0.0,0.0,0.0,0.0,0.0,0.0,0.0,0.0,0.0,-1000.0,-1000.0,35.50823276844243,0.0,-15.551050847493036,0.0,999.792652655367,0.0,0.0,0.0,0.0,0.0,0.0,0.0,0.0,0.0,437.49999999999994,0.0,-437.5,-437.49999999999994,0.0,0.0,0.0,0.0,-6.479604519788765,340.36791611445045,-327.81868380351807,-3.8877627118732563,0.0,0.0,0.0,0.0,0.0,-0.6479604519788765,0.0,122.58616678016944,0.0,0.0,0.0,0.0,0.0,0.0,0.0,1000.0,15.551050847493036,15.551050847493036,0.0,0.0,0.0,0.0,0.0,0.057020519774192396,367.6526589535565,0.0,0.0,-999.792652655367,0.0,0.0,0.0,0.0,0.0,0.0,0.0,0.0,0.0,0.0,0.0,0.0,0.0,0.0,0.0,0.0,0.0,0.0,0.0,54.428677966225635,226.3949757090925,0.0,0.0,0.0,0.0,0.0,367.6526589535565,0.0,-228.06412183339376,0.0,0.0,0.0,-6.479604519788765,0.0,0.0,0.0,0.0,0.0,0.0,0.0,0.0,0.0,0.0,0.0,0.0,0.0,0.0,0.0,0.0,0.0,0.0,-0.05183683615831011,0.0,0.0,2.5918418079155057,-728.9151362729401,0.0,0.0,0.0,0.0,340.36791611445045,0.0,0.0,0.0,4.463151593230552,1.2959209039577528,0.0,0.0,254.9731317732615,0.05183683615831011,0.0,51.83683615831011,-16.069419209076138,10.367367231662023,0.3702631154165008,144.62477288168523,-0.038877627118732584,164.55730235373792,1.0367367231662024,-0.25918418079134553,-144.62477288168523,15.551050847493034,-0.05183683615831011,0.0,0.0,0.012959209039577528,0.3702631154165008,0.0,-9.555028084521416,-1.0367367231662024,-300.0,-0.051836836158310196,0.012959209039577528,-144.62477288168523,392.17622826075825,0.05183683615831011,0.05183683615831011,-367.543801597624,-1.2455832483406466,-137.0526029362917,-0.038877627118732584,15.551050847493036,0.05183683615831011,15.551050847493036,-25.91841807915506,-0.025918418079155056,-417.07326764372294,335.13239566246114,-0.038877627118732584,-0.05183683615831011,-16.069419209076138,0.05183683615831011,5.183683615831011,-1.0367367231662024,0.0,0.0,-5.183683615831001,300.0,0.0,10.367367231662023,0.07775525423746517,-1000.0,5.183683615831011,-168.32437725775384,0.0,-10.367367231662023,0.025918418079155056,0.5183683615831013,250.0,280.0,-0.05183683615831011,-379.3159470891763,367.543801597624,16.069419209076138,0.05183683615831011,9.555028084521416,-449.1967480348993,0.0,-0.05183683615831011,-0.012959209039577528,0.0,-0.05183683615831011,1.8018029846096089,0.05183683615825327,-0.012959209039577528,-0.012959209039577528,-0.012959209039577528,20.734734463324045,25.91841807915506,0.5183683615831013,308.8281467733601,-0.012959209039577528,500.0,2.5918418079155057,1.6909403156107012,0.05183683615831011,0.025918418079155056,0.025918418079155056,5.183683615831011,16.069419209076138,0.05183683615831011,-16.069419209076138,0.5183683615831013,0.05183683615831011,-849.6752083425007,0.05183683615831011,0.2073473446330354,0.25918418079134553,0.025918418079155056,0.012959209039577528,15.551050847493036,-0.05183683615831011,137.0526029362917,0.5183683615831012,-617.6562935467202,163.26138144978017,-5.183683615831011,10.367367231662023,2.5918418079155057,-0.05183683615831011,0.0,0.07775525423746517,-0.05183683615831011,-10.367367231662023,16.069419209076138,-176.12584069331726,0.025918418079155056,-3.3818806312214025,-0.05183683615831011,-0.05183683615825327,-0.05183683615831011,0.025918418079155056,144.62477288168523,-10.367367231662023,0.05183683615831011,500.0,-0.012959209039577528,1.2455832483406466,-500.0,7.775525423746517,-335.13239566246114,696.1289446556655,144.62477288168523,-0.038877627118732584,379.3159470891763,-280.0,0.051836836158310196,-0.012959209039577528,2.5918418079155057,51.83683615831011,-0.025918418079155056,-0.05183683615831011,0.012959209039577528,318.02637225335275,0.0,722.7146044562695,540.8470615691406,-111.83726306562151,0.0,-277.1720294684988,-140.0,386.99254464492725,139.6330302220847,-255.0,-325.0,-277.2594771256513,-69.81651511104235,55.91863153281076,127.5,-386.99254464492725,70.0,-367.6526589535565,-109.7036486285019,277.2594771256513,325.0,-109.7036486285019,277.1720294684988,83.42051747528474,0.0,1496.5981,hplb
157,0.0,0.0,0.0,0.0,0.0,0.0,0.0,0.0,274.2181003700527,0.0,0.0,0.0,0.0,0.0,0.0,0.0,765.9278410106297,0.0,0.0,-465.9278410106297,0.0,0.0,0.0,383.72962530851294,0.0,0.0,0.0,0.0,0.0,-546.1558916521103,0.0,0.0,125.29359645586389,0.0,0.0,0.0,0.0,915.3315425166913,0.0,-1000.0,-213.84617862952913,0.0,0.0,0.0,0.0,0.0,0.0,0.0,0.0,-731.5543743560735,0.0,0.0,0.0,0.08844873710944423,0.0,0.0,0.0,16.081588565313066,0.0,0.0,54.529104307671396,0.0,748.8419523842635,583.8446101260366,0.0,0.0,0.0,0.0,19.66430701623857,-19.66430701623857,0.0,0.8040794282656534,0.0,0.0,0.0,0.0,0.0,0.0,0.0,0.0,0.0,0.0,0.0,0.0,48.24476569593921,0.0,11.565118382699726,-232.96392050531486,-170.43327204422,0.0,-0.02010198570664133,0.0,0.0,0.0,24.122382847969604,0.0,24.122382847969604,-2.5891357590208957,0.0,0.0,0.0,4.020397141328266,-546.1558916521103,0.0,0.0,-12.929388007668798,697.6051892856468,0.0,0.0,0.0,0.0,0.0,0.0,0.0,0.0,0.0,0.0,0.0,0.0,0.0,0.0,0.0,0.0,0.0,-255.7329881863409,0.0,0.0,24.122382847969604,0.0,24.926462276235256,24.926462276235256,0.0,0.0,0.0,0.0,0.0,0.0,343.59285909311075,-343.59285909311075,-219.52644656589837,0.0,0.0,0.0,0.0,0.0,17.756529980345253,0.08040794282656534,0.0,0.0,0.0,-73.00097491674387,-1000.0,0.0,0.0,0.0,0.0,580.0352961806672,0.0,0.0,0.0,0.0,0.0,-363.4251279446446,-363.4251279446446,0.0,0.0,0.0,0.0,0.0,0.0,0.0,-363.344720001818,0.0,0.0,0.0,-402.2918891126999,-653.6273674427885,0.0,0.0,0.0,0.0,0.0,0.0,0.0,0.0,0.0,-1000.0,0.0,0.0,0.0,0.0,-1000.0,0.0,0.0,0.0,0.0,0.0,731.5543743560735,0.0,232.96392050531486,-232.96392050531486,219.52644656589837,0.0,0.0,0.0,0.0,0.0,0.0,0.0,-325.7367957875367,0.0,0.0,0.0,0.0,0.0,0.0,0.0,0.0,0.0,0.0,0.0,0.0,0.0,0.0,307.55896276172314,-219.7719493585194,0.0,0.0,0.0,0.0,-219.52644656589837,0.0,0.0,0.0,0.0,54.529104307671396,-219.7719493585194,0.0,0.0,0.0,0.0,0.0,0.0,0.0,0.0,0.0,0.0,0.0,0.0,765.8072290963896,362.4100365468548,0.0,0.0,219.7719493585194,0.0,0.0,219.52644656589837,-485.7469198776269,0.0,0.0,0.0,278.7153652935159,0.0,0.0,-761.8380132979299,-286.6068945106967,0.0,-475.23111878723313,0.0,286.6068945106967,62.53064846109487,0.0,0.0,731.5543743560735,0.0,274.1910850385878,0.0,0.0,0.0,370.5992921192304,0.0,-370.5992921192304,0.0,240.61843267023656,0.0,0.0,859.6378427457526,0.0,0.0,0.0,54.529104307671396,-0.12061191423984799,0.0,0.0,0.0,0.0,0.08040794282656534,0.0,0.0,0.0,975.8776171520304,765.9278410106297,0.0,-460.5443743132013,1000.0,653.6273674427885,-211.85488773730427,0.0,-567.3843949889467,0.0,-12.929388007668798,0.0,0.0,0.0,691.1234542613596,-1000.0,876.2609407275871,-1000.0,-855.6168614995937,0.0,0.0,0.0,0.0,0.0,0.0,0.0,0.0,0.0,0.0,0.0,0.0,0.0,0.0,0.0,0.0,0.0,-84.34682571200148,0.0,-1000.0,0.0,0.0,0.0,0.0,0.0,138.18946082726768,-17.756529980345253,0.0,0.0,0.0,256.7091720705229,0.0,980.3356929837614,726.1898992431256,-4.020397141328266,997.9898014293359,0.0,-714.0983988247685,93.72136705929267,-1000.0,-939.2859859528076,-726.1898992431256,0.0,80.65220915503005,-1000.0,-97.74176420062093,0.0,0.0,0.0,1000.0,-247.30187225664184,24.12238284796956,0.0,0.0,0.0,0.0,0.0,274.2985083128793,0.0,0.0,0.0,0.0,251.84779944235575,0.0,0.0,-638.8193237058069,0.0,0.0,0.0,0.0,0.0,-87.33800118515613,0.0,0.0,22.13109195574474,0.0,0.0,0.0,0.0,-91.95920571734347,0.16081588565318436,0.0,0.0,0.0,0.0,0.0,0.0,0.0,0.0,0.0,0.0,0.0,0.0,0.0,0.0,0.0,0.0,0.0,0.0,0.0,0.08844873710944423,0.08844873710944423,0.0,263.91841143468696,0.0,48.24476569593921,0.0,71.29620664567013,0.0,1000.0,0.0,16.158293245269533,11.565118382699726,0.0,0.0,712.4430686390394,-1000.0,0.0,0.0,500.6988372553113,0.0,0.0,22.13109195574474,0.0,0.0,0.0,0.0,0.0,0.0,0.0,85.24432939544697,-975.8776171520304,375.3957856310969,0.0,17.756529980345253,0.0,0.0,0.0,0.0,0.0,712.4430686390394,0.0,620.483862921696,0.0,687.4999999999998,-687.4999999999998,0.0,0.0,0.0,0.0,0.0,0.0,0.0,0.0,0.0,0.0,0.0,0.0,0.0,0.0,48.24476569593921,219.52644656589837,219.52644656589837,0.0,0.0,0.0,0.0,0.0,0.0,0.0,0.0,0.0,0.0,0.8040794282656534,0.0,0.0,11.565118382699726,-11.565118382699726,0.0,0.0,0.0,0.0,24.122382847969604,-500.6988372553113,0.0,0.0,0.0,0.0,0.0,0.0,0.0,0.0,0.0,144.74487987199404,0.0,0.0,24.122382847969604,24.1223828479696,1000.0,-1000.0,0.0,22.13109195574474,0.0,0.0,0.0,0.0,0.0,546.1558916521103,0.0,1000.0,0.08040794282656534,0.0,0.0,0.0,6.484326246513732,0.0,0.0,0.0,0.0,0.0,0.0,0.0,0.0,0.0,0.0,0.0,0.0,0.0,0.0,0.0,0.0,0.0,0.08040794282656534,0.0,0.0,0.0,0.0,0.0,0.0,0.0,0.0,0.0,0.0,6.609532900349162,0.0,0.0,-940.0192371686929,-6.030595711992401,-4.020397141328266,0.0,0.0,0.0,0.0,0.0,0.0,0.0,0.0,0.0,0.0,0.0,0.0,219.52644656589837,653.6273674427885,0.0,0.0,-243.28147511531358,0.0,0.0,0.0,274.2181003700527,0.0,0.0,0.08040794282656534,0.0,0.08040794282656534,0.0,0.0,0.0,48.24476569593921,98.09769024840972,98.09769024840972,0.0,0.0,0.0,0.0,0.0,0.0,0.0,375.3957856310969,0.0,0.0,0.0,0.0,0.0,698.0465781387271,0.0,0.0,0.0,0.0,0.0,0.0,0.0,0.0,0.0,0.0,0.0,0.0,0.0,0.0,0.0,-192.66942139310223,192.66942139310223,0.12061191423984799,0.0,0.0,0.0,-24.122382847969604,0.0,0.0,0.0,0.0,0.0,-263.91841143468696,4.020397141328266,0.0,0.0,0.0,0.0,0.0,-6.609532900349162,0.0,0.0,0.0,0.0,0.0,0.0,0.0,0.0,219.52644656589837,0.0,500.6988372553113,386.40241839363716,263.91841143468696,0.0,684.3141970657839,-12.929388007668798,24.366062880694415,-24.366062880694415,0.0,0.0,0.0,-583.8446101260366,71.29620664567013,4.020397141328266,1000.0,0.0,244.0161837124224,0.0,-110.46823795055559,0.0,0.0,-906.2500000000009,906.2500000000009,0.0,0.0,0.0,0.0,0.0,987.9388085760154,0.0,98.09769024840972,0.0,0.0,0.0,0.0,0.0,0.0,0.0,0.0,0.0,0.0,0.0,0.0,282.010198570664,-6.484326246513732,0.0,0.0,24.122382847969604,11.565118382699726,0.0,0.0,0.0,33.08366948371214,0.0,0.0,0.08844873710944423,0.0,0.0,0.0,49.04884512420486,0.0,0.0,0.0,0.0,307.55896276172314,0.0,697.6051892856468,0.0,0.0,0.0,0.0,0.0,0.0,0.0,0.0,513.9766230193454,0.008040794282656532,0.0,0.0,0.0,0.0,0.0,0.0,0.0,0.0,0.0,0.0,0.0,0.0,0.0,0.0,0.0,263.91841143468696,0.0,0.0,0.0,0.0,0.0,0.0,0.0,731.5543743560735,0.0,0.0,0.0,23.130236765399452,1000.0,65.92784101062972,0.0,0.0,0.0,0.0,48.24476569593921,0.0,0.0,0.0,0.0,0.0,0.0,-48.24476569593921,0.0,23.130236765399452,0.0,0.0,0.0,0.0,0.0,0.0,0.0,0.0,0.0,0.0,-1000.0,-1000.0,753.1260189749244,0.0,-24.122382847969604,0.0,915.3315425166913,0.0,0.0,0.0,0.0,0.0,0.0,0.0,0.0,0.0,906.2499999999999,0.0,-906.2500000000001,-906.2499999999999,0.0,0.0,0.0,71.29620664567013,-10.050992853320668,219.52644656589837,-6.030595711992401,692.0159824267347,0.0,0.0,0.0,0.0,0.0,0.0,-1.0050992853320668,87.33800118515613,0.0,0.0,0.0,0.0,0.0,0.0,0.0,855.6168614995937,24.1223828479696,24.122382847969604,0.0,0.0,0.0,0.0,0.0,0.08844873710944423,263.91841143468696,0.0,0.0,-915.3315425166913,513.9685822250627,0.0,0.0,0.0,0.0,0.0,0.0,0.0,0.0,0.0,0.0,0.0,0.0,0.0,96.33471069655111,0.0,0.0,24.926462276235256,0.0,84.42833996789362,17.756529980345253,0.0,0.0,0.0,0.0,0.0,263.91841143468696,0.0,0.0,0.0,0.0,0.0,-10.050992853320668,0.0,0.0,0.0,0.0,0.0,0.0,0.0,0.0,0.0,0.0,0.0,0.0,0.0,0.0,0.0,0.0,0.0,0.0,-0.08040794282656534,0.0,0.0,4.020397141328266,-712.4430686390394,0.0,0.0,0.0,0.0,219.52644656589837,0.0,0.0,0.0,-691.1234542613596,2.010198570664133,0.0,0.0,0.0,0.08040794282656534,0.0,80.40794282656533,0.0,16.081588565313066,0.5743424487611809,274.1910850385878,-0.060305957119923995,4.020397141328266,1.6081588565313067,-0.4020397141338208,-274.1910850385878,24.1223828479696,-0.08040794282656533,4.309796002556266,22.13109195574474,0.02010198570664133,0.5743424487611809,-12.929388007668798,-24.366062880694415,-1.6081588565313067,-300.0,-0.08040794282656533,0.02010198570664133,-274.1910850385878,246.6013585554549,0.08040794282656533,0.08040794282656534,-263.74955475475093,-11.47666964559047,-191.3940261578697,-0.060305957119923995,24.122382847969604,0.08040794282656533,24.122382847969604,-40.20397141328267,-0.04020397141328266,-362.78249400745983,211.40524434041527,-0.060305957119923995,-0.08040794282656533,0.0,0.08040794282656534,8.040794282656533,-1.6081588565313067,0.0,0.0,-8.04079428265652,300.0,0.0,16.081588565313066,0.12061191423984799,-1000.0,8.040794282656533,-85.24432939544697,22.13109195574474,-16.081588565313066,0.04020397141328266,0.8040794282656534,115.13609357830032,280.0,-0.08040794282656534,-282.010198570664,263.74955475475093,24.926462276235256,0.08040794282656533,24.366062880694415,-312.9190037089321,22.13109195574474,-0.08040794282656534,-0.02010198570664133,-22.13109195574474,-0.08040794282656533,-789.5643950029903,0.08040794282646857,-0.02010198570664133,-0.02010198570664133,-0.02010198570664133,32.16317713062613,40.20397141328267,0.8040794282656534,59.572234641637706,-0.02010198570664133,225.96239115404438,4.020397141328266,50.0,0.08040794282656534,0.04020397141328266,0.04020397141328266,19.106340260528903,0.0,0.08040794282656534,0.0,0.8040794282656534,0.08040794282656533,-59.572234641637706,0.08040794282656533,0.3216317713072421,0.4020397141338208,0.04020397141328266,0.02010198570664133,24.122382847969604,-0.08040794282656533,191.3940261578697,0.8040794282656534,-119.14446928327541,2.0101985706641345,-8.040794282656533,16.081588565313066,4.020397141328266,-0.08040794282656533,12.929388007668798,0.12061191423984799,-0.08040794282656533,-38.212680521057806,0.0,133.3647396008284,0.04020397141328266,-100.0,-0.08040794282656533,-0.08040794282646857,-0.08040794282656533,0.04020397141328266,274.1910850385878,-16.081588565313066,0.08040794282656534,230.27218715660064,-0.02010198570664133,11.47666964559047,-230.27218715660064,12.0611914239848,-211.40524434041527,21.694090637774707,274.1910850385878,-0.060305957119923995,282.010198570664,-280.0,0.08040794282656533,-0.020101985706641328,260.7295692118512,80.40794282656533,-0.04020397141328266,-0.08040794282656533,0.02010198570664133,1000.0,0.0,937.4291475674919,0.0,-255.0,0.0,644.1195668623812,-140.0,238.5605642727984,-80.0,-255.0,-325.0,-62.53064846109487,40.0,127.5,127.5,-238.5605642727984,70.0,-263.91841143468696,-166.44840908454054,62.53064846109487,325.0,-166.44840908454054,-644.1195668623812,474.4988881443284,0.0,1496.5981,hplb
158,0.0,0.0,0.0,0.0,0.0,0.0,0.0,0.0,-0.05634896394395997,0.0,0.0,0.0,0.0,0.0,0.0,0.0,191.17544808541618,-1000.0,0.0,957.5195537191304,0.0,0.0,0.0,0.0,0.0,0.0,0.0,0.0,0.0,474.5018636025105,0.0,0.0,61.04809072935758,0.0,0.0,0.0,0.0,269.70663660527157,0.0,-1000.0,-551.3793208364133,0.0,0.0,1000.0,0.0,0.0,0.0,0.0,-767.6791041103356,0.0,0.0,897.9982075775911,0.0,0.06198386033847214,0.0,0.0,0.0,11.269792788791994,0.0,0.0,101.16324199371792,0.0,103.46735937988561,-113.74652088154394,0.0,0.0,0.0,0.0,0.0,0.0,0.0,0.5634896394395998,0.0,0.0,0.0,0.0,0.0,0.0,0.0,0.0,0.0,0.0,-396.3158387231775,0.0,33.80937836637599,0.0,0.0,914.9091744313093,-402.95080496421906,111.23849593996667,342.13734466228914,0.0,0.0,-969.0242545313664,16.904689183187994,0.0,116.0896990506631,-782.0167646322168,0.0,0.0,0.0,182.11964213256437,474.5018636025105,0.0,0.0,-77.7065971674808,0.0,0.0,0.0,0.0,0.0,0.0,0.0,0.0,0.0,0.0,0.0,0.0,0.0,0.0,0.0,0.0,0.0,0.0,-438.4037060605038,0.0,0.0,116.0896990506631,0.0,17.468178822627593,17.468178822627593,0.0,-109.10455737576152,0.0,109.10455737576152,-109.10455737576152,0.0,0.0,0.0,-318.37712225514747,0.0,0.0,0.0,0.0,0.0,400.6547089468624,0.05634896394395997,342.1514319032751,0.0,0.0,-10.924182358349071,0.0,0.0,0.0,396.3158387231775,0.0,196.83058520706342,0.0,0.0,0.0,0.0,0.0,-274.9942028503357,-274.9942028503357,0.0,0.0,0.0,0.0,721.722408502342,0.0,0.0,-274.93785388639174,0.0,0.0,0.0,-1000.0,-714.1993334769518,0.0,0.0,0.0,0.0,0.0,0.0,0.0,0.0,0.0,0.0,0.0,0.0,0.0,0.0,-1000.0,0.0,0.0,0.0,0.0,0.0,0.0,-897.9982075775911,291.71230902425236,-291.71230902425236,279.9709915497108,0.0,0.0,0.0,0.0,0.0,0.0,0.0,-682.3892309234379,0.0,0.0,0.0,0.0,0.0,0.0,0.0,0.0,0.0,0.0,0.0,0.0,0.0,54.30856489276095,32.648777803408166,1000.0,0.0,0.0,0.0,38.40613070543666,-279.9709915497108,0.0,0.0,0.0,0.0,101.16324199371792,0.0,0.0,0.0,0.0,0.0,0.0,0.0,0.0,0.0,0.0,0.0,99.1850098674751,0.0,302.32942057946696,-392.3336934090045,-459.055828232365,0.0,-1000.0,0.0,0.0,318.37712225514747,838.4638182760285,0.0,0.0,0.0,-111.80474383453446,0.0,0.0,181.77191050815722,0.0,0.0,181.7719105081572,0.0,0.0,-111.23849593996667,0.0,1000.0,0.0,0.0,192.1499670489035,0.0,0.0,0.0,0.0,0.0,0.0,0.0,446.66467256124383,0.0,38.40613070543666,930.6508349427896,0.0,0.0,0.0,101.16324199371792,-0.08452344591593995,0.0,0.0,0.0,0.0,0.05634896394395997,0.0,0.0,0.0,883.9103009493369,191.17544808541618,0.0,-336.52412090885787,714.76505219551,714.1993334769518,-612.4259597023948,0.0,1000.0,0.0,-77.7065971674808,0.0,0.0,0.0,-4.8516457955750525,0.0,-995.148354204425,-1000.0,-1000.0,0.0,0.0,0.0,0.0,0.0,0.0,0.0,0.0,0.0,0.0,0.0,0.0,0.0,0.0,0.0,0.0,0.0,1000.0,0.0,730.0679675389526,396.3158387231775,0.0,780.2023279932216,982.8283683451789,0.0,0.0,-400.6547089468624,0.0,0.0,0.0,0.0,179.30219393536638,0.0,1000.0,-1000.0,-1.4087240985989993,0.0,0.0,-2.8174481971979985,919.2744742538828,0.0,-1000.0,416.1172706625293,542.8741590576954,0.0,0.0,-196.43248830864445,0.0,-673.381071073869,4.226172295796998,0.0,116.0896990506631,0.0,0.0,0.0,0.0,0.0,0.0,306.0043072667747,251.69574237401366,-251.69574237401366,-251.69574237401366,321.4368043786888,0.0,0.0,-721.7152243755235,0.0,0.0,0.0,0.0,0.0,-116.05063826771169,0.0,0.0,177.13633791664466,0.0,0.0,0.0,0.0,-94.365103605604,0.11269792788790751,0.0,0.0,0.0,0.0,0.0,0.0,0.0,0.0,0.0,0.0,0.0,0.0,0.0,0.0,0.0,0.0,0.0,0.0,0.0,0.06198386033847214,0.06198386033847214,0.0,38.72935193154378,0.0,33.80937836637599,0.0,0.0,0.0,914.1602978530727,0.0,728.2422512673566,0.0,0.0,0.0,814.0259572007252,-914.1602978530727,0.0,0.0,0.0,0.0,0.0,177.13633791664466,0.0,0.0,0.0,0.0,0.0,0.0,0.0,146.1345686868346,-883.9103009493369,10.924182358349071,0.0,4.338870223684918,0.0,-969.0242545313664,0.0,0.0,0.0,814.0259572007252,0.0,719.6608535951212,0.0,0.0,0.0,54.30856489276095,0.0,0.0,0.0,0.0,0.0,0.0,0.0,0.0,0.0,0.0,0.0,0.0,0.0,33.80937836637599,318.37712225514747,318.37712225514747,0.0,0.0,0.0,0.0,0.0,0.0,0.0,0.0,0.0,0.0,0.5634896394395998,0.0,0.0,0.0,0.0,0.0,-897.9982075775911,0.0,0.0,116.0896990506631,0.0,0.0,0.0,0.0,0.0,0.0,0.0,0.0,0.0,0.0,844.2114125983124,0.0,0.0,16.904689183187994,16.904689183187994,1000.0,-914.1602978530727,0.0,177.13633791664466,0.0,0.0,0.0,0.0,0.0,-241.4002345313096,0.0,-128.89112864747563,0.05634896394395997,0.0,0.0,-264.9412184782833,269.4853599277641,0.0,0.0,969.0242545313664,0.0,0.0,0.0,0.0,0.0,0.0,0.0,0.0,0.0,0.0,0.0,0.0,0.0,0.0,0.05634896394395997,0.0,0.0,0.0,0.0,0.0,0.0,0.0,0.0,0.0,0.0,379.5476190463594,0.0,0.0,-269.93203246104736,-4.226172295797055,-2.8174481971979985,0.0,0.0,0.0,0.0,0.0,0.0,0.0,0.0,0.0,0.0,0.0,0.0,318.37712225514747,714.1993334769518,0.0,0.0,-670.5636228766709,0.0,0.0,0.0,-0.05634896394395997,0.0,0.0,0.05634896394395997,0.0,0.05634896394395997,0.0,0.0,0.0,33.80937836637599,68.74573601163117,68.74573601163117,0.0,0.0,0.0,0.0,0.0,0.0,0.0,10.924182358349071,0.0,0.0,0.0,0.0,0.0,0.0,0.0,0.0,0.0,0.0,0.0,0.0,0.0,0.0,0.0,0.0,0.0,0.0,0.0,0.0,0.0,0.0,0.0,0.08452344591593995,0.0,0.0,0.0,-116.0896990506631,0.0,0.0,0.0,0.0,0.0,-38.72935193154378,2.8174481971979985,0.0,0.0,0.0,0.0,-721.722408502342,-347.8862482014316,0.0,0.0,0.0,0.0,0.0,0.0,0.0,0.0,318.37712225514747,0.0,0.0,1000.0,-15.579212961217166,0.0,324.65438956955705,-77.7065971674808,0.0,-748.540957148294,0.0,748.540957148294,396.3158387231775,769.7180822643974,0.0,2.8174481971979985,746.0577590901494,0.0,0.0,0.0,-116.05063826771169,0.0,0.0,0.0,0.0,0.0,0.0,0.0,0.0,0.0,42.95552422734078,-51.4078688189349,68.74573601163117,0.0,0.0,0.0,0.0,0.0,0.0,0.0,0.0,0.0,0.0,0.0,0.0,0.0,-4.544141449480776,-245.63075340200413,0.0,16.904689183187994,0.0,0.0,0.0,0.0,-30.437738863895646,0.0,0.0,0.06198386033847214,0.0,0.0,0.0,34.37286800581558,0.0,0.0,0.0,0.0,32.648777803408166,0.0,0.0,0.0,0.0,0.0,0.0,0.0,0.0,-230.62031539434304,0.0,0.005634896394396158,0.005634896394396158,0.0,0.0,0.0,0.0,0.0,0.0,0.0,0.0,0.0,-264.9412184782833,0.0,0.0,0.0,0.0,0.0,38.72935193154378,0.0,0.0,0.0,0.0,0.0,0.0,0.0,0.0,0.0,0.0,0.0,0.0,-325.8068617979641,1000.0,-1000.0,0.0,0.0,0.0,33.80937836637599,0.0,0.0,0.0,0.0,0.0,0.0,-33.80937836637599,0.0,0.0,0.0,0.0,0.0,0.0,0.0,0.0,0.0,0.0,0.0,0.0,128.89112864747563,-766.8983709287991,38.59904030161258,-116.0896990506631,0.0,0.0,269.70663660527157,0.0,0.0,0.0,0.0,0.0,0.0,0.0,0.0,0.0,0.0,0.0,0.0,0.0,0.0,0.0,0.0,0.0,-7.043620492994997,318.37712225514747,-183.52836623116343,47.18169652313778,0.0,0.0,0.0,0.0,0.0,0.0,-0.7043620492994997,512.3664769908892,0.0,0.0,0.0,0.0,0.0,0.0,0.0,1000.0,16.904689183187994,16.904689183187994,0.0,0.0,0.0,0.0,0.0,0.06198386033847214,38.72935193154378,0.0,0.0,-269.70663660527157,0.0,0.0,0.0,0.0,0.0,0.0,0.0,0.0,0.0,0.0,0.0,0.0,0.0,0.0,0.0,0.0,0.0,17.468178822627593,0.0,59.16641214115798,4.338870223684918,0.0,0.0,0.0,0.0,0.0,38.72935193154378,0.0,343.2543633652384,0.0,0.0,0.0,-7.043620492994997,0.0,0.0,0.0,0.0,0.0,0.0,0.0,0.0,0.0,0.0,0.0,0.0,0.0,0.0,0.0,0.0,0.0,0.0,-0.05634896394395997,0.0,0.0,2.8174481971979985,-814.0259572007252,0.0,0.0,0.0,0.0,318.37712225514747,0.0,0.0,0.0,4.8516457955750525,1.4087240985989993,0.0,0.0,0.0,0.05634896394395997,0.0,56.348963943959966,0.0,11.269792788791996,0.40249259959971406,192.1499670489035,-0.042261722957969976,583.8827293374707,1.1269792788791995,-0.28174481971973364,-192.1499670489035,16.904689183187994,-0.056348963943959975,25.90219905582693,177.13633791664466,0.014087240985989994,0.40249259959971406,-77.7065971674808,-8.970755059878059,-1.1269792788791995,-148.69500180454656,-0.056348963943959975,0.014087240985989994,-192.1499670489035,5.634896394395997,0.056348963943959975,0.05634896394395997,-38.61101910726135,0.06198386033835613,0.0,-0.042261722957969976,16.904689183187994,0.056348963943959975,116.0896990506631,71.01052789549512,-0.028174481971979987,-41.417390872101834,274.2797461913708,-0.042261722957969976,-0.056348963943959975,0.0,0.05634896394395997,5.634896394395997,-1.1269792788791995,0.0,0.0,-5.634896394395997,148.69500180454656,0.0,11.269792788791994,0.08452344591593995,-1000.0,5.634896394395997,-146.1345686868346,177.13633791664466,-11.269792788791994,0.028174481971979987,0.5634896394395998,84.13103022721447,-4.309420172425172,-0.05634896394395997,-51.4078688189349,38.61101910726135,17.468178822627593,0.056348963943959975,8.970755059878059,10.332571316417386,177.13633791664466,-0.05634896394395997,-0.014087240985989994,-177.13633791664466,-0.056348963943959975,-94.365103605604,0.056348963943988396,-0.014087240985989994,-0.014087240985989994,-0.014087240985989994,22.53958557758399,-71.01052789549512,0.5634896394395998,41.74753866198108,-0.014087240985989994,142.359861398602,2.8174481971979985,50.0,0.05634896394395997,0.028174481971979987,0.028174481971979987,75.0,0.0,0.05634896394395997,0.0,0.5634896394395998,0.056348963943959975,-41.74753866198108,0.056348963943959975,0.22539585577581503,0.28174481971973364,0.028174481971979987,0.014087240985989994,16.904689183187994,-0.056348963943959975,0.0,0.5634896394395997,-83.49507732396216,582.4740052388717,-5.634896394395997,11.269792788791994,2.8174481971979985,-0.056348963943959975,77.7065971674808,0.08452344591593995,-0.056348963943959975,-150.0,0.0,182.07576333017965,0.028174481971979987,-100.0,-0.056348963943959975,-0.056348963943988396,-0.0563489639439321,0.028174481971979987,192.1499670489035,-11.269792788791994,0.05634896394395997,168.26206045442893,-0.014087240985989994,-0.06198386033835613,-168.26206045442893,8.452344591593995,-274.2797461913708,319.7980013049474,192.1499670489035,-0.042261722957969976,51.4078688189349,4.309420172425172,0.056348963943959975,-0.01408724098600393,2.8174481971979985,56.348963943959966,-0.028174481971979987,-0.056348963943959975,0.014087240985989994,218.66873191884156,0.0,999.971825518028,0.0,-255.0,0.0,216.56938535165128,-140.0,0.0,-80.0,-255.0,-325.0,0.0,40.0,127.5,127.5,0.0,70.0,-38.72935193154378,-151.638024466284,0.0,325.0,-151.638024466284,-216.56938535165128,100.30095882041894,0.0,1496.5981,hplb
159,0.0,0.0,0.0,0.0,0.0,0.0,0.0,0.0,-0.05222982450287297,0.0,0.0,0.0,0.0,0.0,0.0,0.0,203.3341518671972,96.66584813280281,0.0,0.0,0.0,0.0,0.0,276.51687436123655,0.0,0.0,0.0,0.0,0.0,-549.8325925597031,54.14300824759938,-54.14300824759938,64.39489546526023,0.0,0.0,0.0,0.0,8.900486151263262,0.0,-1000.0,71.72081081088793,0.0,0.0,1000.0,0.0,0.0,0.0,51.18234244306168,-364.7929148064171,0.0,0.0,0.0,0.0,0.05745280695311914,0.0,0.0,0.0,0.0,0.0,0.0,-83.56300407490886,0.0,0.0,-83.56300407490886,0.0,0.0,0.0,0.0,0.0,0.0,0.0,0.5222982450287298,0.0,0.0,0.0,0.0,0.0,0.0,0.0,0.0,0.0,0.0,0.0,0.0,31.337894701723783,0.0,60.91562811448937,-544.7268969298062,-693.8143401309738,1000.0,-0.013057456125718243,0.0,0.0,0.0,15.668947350861892,0.0,15.668947350861892,0.0,0.0,0.0,0.0,998.6942543874281,-566.5983228588169,0.0,0.0,-74.45082541322633,0.0,0.0,0.0,0.0,0.0,0.0,0.0,0.0,0.0,0.0,0.0,0.0,0.0,0.0,0.0,0.0,0.0,0.0,-413.72623561650687,0.0,0.0,15.668947350861892,0.0,16.19124559589062,0.0,0.0,-656.2500000000007,0.0,656.2500000000007,-656.2500000000007,956.9242388213968,0.0,0.0,-956.9242388213968,0.0,0.0,0.0,0.0,0.0,64.93732460121059,0.05222982450287297,0.0,0.0,0.0,0.0,0.0,0.0,0.0,0.0,0.0,81.55866862785705,0.0,0.0,0.0,0.0,0.0,945.8047619278977,945.8047619278977,0.0,0.0,0.0,0.0,0.0,0.0,0.0,1000.0,0.0,0.0,0.0,755.2710411876382,0.0,0.0,0.0,0.0,0.0,0.0,0.0,0.0,0.0,0.0,0.0,0.0,0.0,0.0,0.0,-189.22839521990008,0.0,0.0,0.0,0.0,0.0,0.0,0.0,-6.1856598690261535,6.1856598690261535,0.0,0.0,0.0,0.0,0.0,0.0,0.0,16.765730299113784,-691.9746929634338,0.0,0.0,0.0,0.0,0.0,0.0,0.0,0.0,0.0,0.0,0.0,0.0,0.0,0.0,-79.10807019885081,711.291355498923,0.0,0.0,0.0,0.0,0.0,0.0,0.0,0.0,0.0,-83.56300407490886,-288.70864450107695,54.14300824759938,0.0,0.0,0.0,0.0,0.0,0.0,0.0,55.82480859659199,61.62830734363627,0.0,0.0,587.9618284443552,-99.66685181759249,-915.7054716052495,0.0,-711.291355498923,0.0,0.0,0.0,0.0,0.0,0.0,0.0,-53.12840972754941,0.0,0.0,-1000.0,0.0,223.31302603985353,-790.0782197551571,-209.92178024484286,433.2348062846964,-700.0,0.0,1000.0,0.0,0.0,145.7212103630156,0.0,0.0,0.0,-755.3160361124012,0.0,755.3160361124012,0.0,1000.0,0.0,0.0,-766.4255183766601,0.0,0.0,0.0,-83.56300407490886,-0.07834473675430946,0.0,0.0,0.0,0.0,0.05222982450287297,0.0,0.0,0.0,117.7346392724462,203.3341518671972,0.0,-61.179613307594714,-866.6766034522615,0.0,-52.164276937675595,0.0,-99.47958611385248,0.0,-74.45082541322633,0.0,0.0,0.0,-4.496987889697321,0.0,103.9765740035498,488.12588569711,-1000.0,0.0,0.0,0.0,0.0,0.0,0.0,0.0,0.0,0.0,0.0,0.0,0.0,0.0,0.0,0.0,0.0,0.0,-990.8905945507253,0.0,-1000.0,0.0,0.0,0.0,871.607488374166,0.0,0.0,-66.6191249502032,0.0,0.0,0.0,0.0,996.0827631622846,0.0,-113.39248057425696,0.0,-312.71464257410986,0.0,0.0,0.0,0.0,-174.30403269666826,113.39248057425696,-936.4566169933689,893.651682690983,311.40889696153806,-2.6114912251436486,246.04433313995432,0.0,0.0,0.0,-17.18365562775365,15.668947350861892,0.0,0.0,0.0,680.4770720786112,0.0,0.0,0.0,0.0,0.0,0.0,-804.760374175386,0.0,0.0,-182.85134399247386,0.0,0.0,16.765730299113784,0.0,0.0,-45.29475192083896,0.0,-531.2500000000109,139.5540350994254,0.0,0.0,0.0,0.0,-94.7770175497127,0.10445964900568804,0.0,0.0,0.0,0.0,0.0,0.0,0.0,0.0,0.0,0.0,0.0,0.0,0.0,0.0,0.0,0.0,0.0,0.0,0.0,0.05745280695311914,0.05745280695311914,54.14300824759938,125.63504899978949,0.0,31.337894701723783,0.0,0.0,0.0,1000.0,0.0,0.0,60.91562811448937,0.0,0.0,-759.1017383749701,-1000.0,0.0,0.0,0.0,0.0,0.0,139.5540350994254,0.0,0.0,0.0,0.0,0.0,0.0,0.0,137.9087452055023,-117.7346392724462,0.0,0.0,307.7779138373421,0.0,0.0,0.0,0.0,0.0,-759.1017383749701,0.0,-853.8787559246828,0.0,187.500000000021,-187.500000000021,0.0,0.0,0.0,0.0,0.0,0.0,0.0,0.0,0.0,0.0,0.0,0.0,0.0,0.0,31.337894701723783,0.0,0.0,0.0,0.0,0.0,0.0,0.0,0.0,0.0,0.0,0.0,0.0,0.5222982450287298,0.0,54.14300824759938,60.91562811448937,-60.91562811448937,54.14300824759938,0.0,0.0,0.0,15.668947350861892,0.0,0.0,0.0,242.8405892361315,0.0,0.0,0.0,0.0,0.0,0.0,462.55295665297587,0.0,0.0,15.668947350861892,15.668947350861892,1000.0,-1000.0,0.0,139.5540350994254,0.0,0.0,0.0,0.0,0.0,-921.5275628382931,16.765730299113784,-884.5120106035715,0.05222982450287297,0.0,0.0,68.97694465954417,0.0,0.0,0.0,0.0,0.0,0.0,0.0,0.0,0.0,0.0,0.0,0.0,0.0,0.0,0.0,0.0,0.0,0.0,0.05222982450287297,0.0,0.0,0.0,960.0643860906882,-960.0643860906882,0.0,0.0,0.0,0.0,0.0,56.84269801761097,0.0,0.0,-132.57122841708895,-3.91723683771545,-2.6114912251436504,0.0,0.0,-906.25,-906.2499999999999,906.25,0.0,0.0,0.0,0.0,0.0,0.0,0.0,0.0,0.0,0.0,0.0,-14.57216440261,0.0,0.0,0.0,-0.05222982450287297,0.0,0.0,0.05222982450287297,0.0,0.05222982450287297,0.0,0.0,0.0,31.337894701723783,63.720385893505025,63.720385893505025,0.0,0.0,0.0,0.0,0.0,0.0,0.0,0.0,0.0,16.765730299113784,0.0,0.0,0.0,0.0,0.0,0.0,0.0,0.0,0.0,0.0,0.0,0.0,0.0,0.0,0.0,0.0,0.0,0.0,0.0,-238.6465241815149,238.6465241815149,0.07834473675430946,0.0,0.0,0.0,-15.668947350861892,0.0,0.0,0.0,0.0,0.0,-125.63504899978949,2.6114912251436486,0.0,0.0,0.0,0.0,0.0,-56.84269801761097,0.0,0.0,-531.2500000000109,0.0,0.0,0.0,0.0,0.0,0.0,0.0,0.0,0.0,125.63504899978949,0.0,314.5540350994254,-74.45082541322633,123.46182296781419,-123.46182296781419,0.0,0.0,0.0,-63.720385893505025,0.0,2.6114912251436504,493.2473467365131,0.0,0.0,-54.14300824759938,-167.12600814981772,-718.749999999999,718.749999999999,-781.2500000000007,781.2500000000007,0.0,0.0,0.0,0.0,0.0,-7.834473675430943,0.0,63.720385893505025,0.0,665.2810651806194,665.2810651806194,-611.13805693302,0.0,0.0,0.0,0.0,0.0,55.82480859659199,0.0,0.0,137.38675951293592,-68.97694465954417,-372.18789650602326,0.0,15.668947350861892,60.91562811448937,0.0,0.0,0.0,-118.19267407379371,0.0,0.0,0.05745280695311914,0.0,0.0,0.0,31.860192946752512,0.0,0.0,0.0,0.0,-79.10807019885081,0.0,0.0,0.0,0.0,0.0,0.0,0.0,0.0,0.0,0.0,0.005222982450287446,0.005222982450287446,0.0,0.0,0.0,0.0,0.0,0.0,0.0,0.0,0.0,68.97694465954417,54.14300824759938,0.0,0.0,0.0,0.0,125.63504899978949,0.0,0.0,0.0,0.0,0.0,0.0,0.0,0.0,0.0,0.0,0.0,121.83125622897875,41.87538892797727,1000.0,96.66584813280281,0.0,0.0,0.0,31.337894701723783,0.0,0.0,0.0,0.0,0.0,0.0,-31.337894701723783,0.0,121.83125622897875,0.0,0.0,0.0,0.0,0.0,0.0,0.0,54.14300824759938,54.14300824759938,0.0,884.5120106035715,-1000.0,35.777429784467984,0.0,-15.668947350861892,0.0,8.900486151263262,0.0,0.0,0.0,0.0,0.0,0.0,0.0,0.0,0.0,0.0,0.0,0.0,0.0,0.0,0.0,0.0,0.0,-6.528728062859045,0.0,-1000.0,-3.917236837715473,0.0,0.0,0.0,0.0,0.0,-0.6528728062859122,0.0,45.29475192083896,0.0,0.0,0.0,0.0,0.0,0.0,0.0,1000.0,15.668947350861892,15.668947350861892,0.0,0.0,0.0,0.0,0.0,0.05745280695311914,125.63504899978949,0.0,0.0,-8.900486151263262,0.0,0.0,0.0,0.0,0.0,0.0,0.0,0.0,0.0,0.0,0.0,0.0,0.0,0.0,119.32326209075745,0.0,0.0,0.0,0.0,54.841315728016625,0.0,0.0,64.93732460121059,0.0,0.0,0.0,125.63504899978949,0.0,54.23120679246732,0.0,0.0,0.0,-6.528728062859045,0.0,0.0,0.0,0.0,0.0,0.0,0.0,0.0,0.0,0.0,0.0,0.0,0.0,0.0,0.0,0.0,0.0,0.0,-0.05222982450287297,0.0,0.0,2.6114912251436486,759.1017383749701,0.0,0.0,0.0,0.0,0.0,0.0,0.0,0.0,4.496987889697321,1.3057456125718545,0.0,0.0,0.0,0.05222982450287297,0.0,52.229824502872965,-16.19124559589062,10.445964900574594,0.37307017502052126,145.7212103630156,-0.03917236837715473,936.4566169933689,1.0445964900574596,-0.26114912251437095,-145.7212103630156,15.668947350861892,-0.052229824502872974,24.816941804408774,139.5540350994254,0.013057456125718243,0.37307017502052126,-74.45082541322633,-69.23061617534687,53.09841175754195,-300.0,-0.052229824502872974,0.013057456125718243,-145.7212103630156,5.222982450287297,0.052229824502872974,0.05222982450287297,-125.5253663683335,-60.858175307536214,-10.270262188520292,-0.03917236837715473,15.668947350861892,0.052229824502872974,15.668947350861892,-26.114912251436486,-0.026114912251436487,77.6132443871159,-5.27521227479017,-0.03917236837715473,-0.052229824502872974,-16.19124559589062,0.05222982450287297,5.222982450287297,-1.0445964900574596,0.0,0.0,-5.222982450287297,300.0,0.0,10.445964900574594,0.07834473675430946,-566.8446947271455,5.222982450287297,-137.9087452055023,139.5540350994254,-10.445964900574594,0.026114912251436487,0.5222982450287298,15.294903326898678,136.0810139003641,-0.05222982450287297,-137.38675951293592,125.5253663683335,16.19124559589062,0.052229824502872974,69.23061617534687,76.8782456959778,139.5540350994254,-0.05222982450287297,-0.013057456125718243,-139.5540350994254,-0.052229824502872974,-94.7770175497127,0.05222982450281613,-0.013057456125718243,-0.013057456125718243,-0.013057456125718243,20.89192980114919,26.114912251436486,0.5222982450287298,346.34276057161014,-0.013057456125718243,5.772864849388583,2.6114912251436486,50.0,0.05222982450287297,0.026114912251436487,0.026114912251436487,75.0,16.19124559589062,0.05222982450287297,-16.19124559589062,0.5222982450287298,0.052229824502872974,-961.6367392576979,0.052229824502872974,0.20891929801146886,0.26114912251437095,0.026114912251436487,0.013057456125718243,15.668947350861892,-0.052229824502872974,10.270262188520292,-26.549205878770977,-692.6855211432203,935.1508713807971,-5.222982450287297,10.445964900574594,2.6114912251436486,-0.052229824502872974,74.45082541322633,0.07834473675430946,-0.052229824502872974,-150.0,16.19124559589062,263.34661965790815,0.026114912251436487,-100.0,-0.052229824502872974,-0.05222982450281613,-0.052229824502872974,0.026114912251436487,145.7212103630156,-10.445964900574594,0.05222982450287297,30.589806653797357,-0.013057456125718243,60.858175307536214,-30.589806653797357,7.834473675430944,5.27521227479017,291.25784538056104,145.7212103630156,-0.03917236837715473,137.38675951293592,-136.0810139003641,0.052229824502872974,-0.013057456125718243,2.6114912251436504,52.229824502872965,-0.026114912251436487,-0.052229824502872974,0.013057456125718243,1000.0,0.0,266.818579814894,615.2939786860877,-255.0,0.0,191.6197270210097,-140.0,0.0,365.97206965122336,188.28816260942654,-325.0,-300.0,-182.98603482561168,127.5,-94.14408130471327,0.0,70.0,-125.63504899978949,-145.15394558411444,300.0,325.0,-145.15394558411444,-191.6197270210097,54.759249437372304,0.0,1496.5981,hplb
160,0.0,0.0,0.0,0.0,0.0,0.0,0.0,0.0,-0.05504213183973343,0.0,0.0,0.0,0.0,0.0,0.0,0.0,76.09564044763385,7.35691604768652,0.0,-22.088111763109023,0.0,0.0,0.0,520.0367753601088,0.0,0.0,0.0,0.0,0.0,-481.80217096254523,67.16975477709929,-67.16975477709929,735.4079529222719,0.0,0.0,0.0,0.0,999.7798314726385,0.0,-1000.0,983.4873604480799,0.0,-893.8882351244823,473.14529991402173,0.0,0.0,0.0,0.0,-488.18170460957094,0.0,0.0,0.0,0.0,0.06054634502376121,0.0,0.0,0.0,0.0,0.0,0.0,-14.991742870090775,0.0,51.72840026897955,0.0,0.0,0.0,0.0,0.0,1000.0,-416.02964931113183,0.0,0.5504213183973344,0.0,0.0,0.0,0.0,0.0,0.0,0.0,0.0,0.0,0.0,-313.27724319237046,0.0,33.02527910384006,0.0,0.0,-382.4079036567098,1000.0,-676.7013731417984,501.20615173076845,0.0,0.0,292.5881939550683,16.51263955192003,0.0,16.51263955192003,0.0,0.0,0.0,0.0,2.7521065919866716,-1000.0,0.0,0.0,-75.05203255530171,587.9895393728413,0.0,0.0,0.0,0.0,0.0,0.0,0.0,0.0,0.0,0.0,0.0,0.0,0.0,0.0,0.0,0.0,0.0,-125.65096008655408,0.0,0.0,16.51263955192003,0.0,17.063060870317365,17.063060870317365,0.0,-28.225146858337297,0.0,28.225146858337297,-28.225146858337297,-36.736657398888774,0.0,0.0,0.0,0.0,0.0,0.0,0.0,0.0,317.5154873440299,0.05504213183973343,501.21991226372836,0.0,0.0,0.0,-808.4070943232039,0.0,0.0,331.65347185341653,0.0,521.039983195012,0.0,0.0,0.0,0.0,0.0,932.775203091061,932.775203091061,0.0,0.0,0.0,0.0,-126.22164429948634,0.0,0.0,1000.0,0.0,0.0,0.0,860.4740021100365,0.0,0.0,0.0,0.0,0.0,0.0,0.0,0.0,0.0,0.0,-661.2877406811756,0.0,0.0,0.0,0.0,-1000.0,0.0,0.0,0.0,0.0,0.0,0.0,893.8882351244823,-23.2986268582016,23.2986268582016,0.0,0.0,0.0,0.0,0.0,0.0,0.0,518.1978290374548,-773.9273431906801,0.0,0.0,0.0,0.0,0.0,0.0,0.0,0.0,0.0,0.0,0.0,0.0,0.0,0.0,142.43440768625592,0.0,0.0,0.0,0.0,0.0,0.0,0.0,0.0,0.0,0.0,-14.991742870090775,-473.14529991402173,67.16975477709929,0.0,0.0,0.0,0.0,0.0,0.0,0.0,575.6589649212638,11.008426367946686,0.0,0.0,-600.6882958919241,-471.2779041582048,0.0,0.0,0.0,0.0,0.0,36.736657398888774,-642.7738618715696,0.0,0.0,0.0,-288.0867556351219,0.0,0.0,-1000.0,0.0,0.0,-999.9999999999998,0.0,0.0,976.7013731417984,0.0,832.5597856926565,0.0,0.0,187.69366957349104,0.0,0.0,0.0,-431.5868702594404,0.0,431.5868702594404,0.0,999.8899157363205,36.736657398888774,0.0,0.0,0.0,0.0,0.0,-14.991742870090775,-0.08256319775960015,0.0,0.0,0.0,0.0,0.05504213183973343,0.0,0.0,0.0,407.82839552681617,76.09564044763385,0.0,-502.6038403462163,-454.150420146382,0.0,1000.0,0.0,0.0,0.0,-75.05203255530171,0.0,0.0,0.0,218.05261686156064,234.6284031555623,-452.68102001712293,-1000.0,-1000.0,0.0,0.0,0.0,0.0,0.0,0.0,0.0,0.0,0.0,0.0,0.0,0.0,0.0,0.0,0.0,0.0,0.0,0.0,0.0,-1000.0,313.27724319237046,0.0,506.71685349892357,0.0,0.0,0.0,-156.36378861318352,0.0,0.0,0.0,0.0,0.0,-476.0137410979064,0.0,-2.7521065919866716,-45.774064605652555,-758.6146620576559,0.0,-2.7521065919866716,155.77504508196012,0.0,0.0,0.0,-640.2959586403631,44.39801130965922,0.0,80.08068305599772,0.0,992.9174792327186,0.0,0.0,16.51263955192003,0.0,0.0,0.0,395.2838064955421,0.0,0.0,0.0,0.0,0.0,0.0,-756.0398749358822,0.0,0.0,0.0,0.0,0.0,518.1978290374548,0.0,0.0,-66.72014313907033,0.0,0.0,0.0,0.0,0.0,0.0,0.0,-94.49578681602665,0.11008426367950362,0.0,0.0,0.0,0.0,0.0,0.0,0.0,0.0,0.0,547.2336932899794,0.0,0.0,0.0,0.0,0.0,0.0,0.0,0.0,0.0,0.06054634502376121,0.06054634502376121,67.16975477709929,268.9915736320533,0.0,33.02527910384006,0.0,0.0,0.0,1000.0,0.0,0.0,0.0,0.0,0.0,-454.6629853992164,-1000.0,0.0,0.0,0.0,0.0,0.0,0.0,0.0,0.0,0.0,0.0,0.0,0.0,0.0,41.883653362184695,-407.82839552681617,220.41755495036256,0.0,4.2382441516594715,0.0,292.5881939550683,0.0,0.0,0.0,-454.6629853992164,0.0,0.0,-549.1587722152431,0.0,0.0,0.0,0.0,0.0,0.0,0.0,0.0,0.0,0.0,0.0,0.0,0.0,0.0,0.0,0.0,33.02527910384006,36.736657398888774,36.736657398888774,0.0,0.0,0.0,0.0,0.0,0.0,0.0,0.0,0.0,0.0,0.5504213183973344,0.0,67.16975477709929,0.0,0.0,67.16975477709929,893.8882351244823,0.0,0.0,16.51263955192003,0.0,0.0,0.0,0.0,0.0,0.0,0.0,0.0,0.0,0.0,-38.94460791876199,0.0,0.0,16.51263955192003,16.51263955192003,1000.0,-1000.0,0.0,0.0,0.0,0.0,0.0,0.0,0.0,1000.0,518.1978290374548,770.5769532456638,0.05504213183973343,0.0,0.0,0.0,4.438754774789931,679.7996746276951,0.0,-292.5881939550683,0.0,-36.736657398888774,0.0,0.0,0.0,0.0,0.0,0.0,0.0,0.0,0.0,0.0,0.0,0.0,0.05504213183973343,0.0,0.0,0.0,0.0,0.0,0.0,0.0,0.0,0.0,0.0,350.3530648857401,-18.37622866104607,0.0,-1000.0,-4.128159887980008,-2.7521065919866716,0.0,0.0,343.75,343.75,-343.75,0.0,0.0,0.0,0.0,0.0,0.0,0.0,36.736657398888774,0.0,0.0,0.0,995.6695858247053,0.0,0.0,0.0,-0.05504213183973343,0.0,0.0,0.05504213183973343,0.0,0.05504213183973343,0.0,0.0,0.0,33.02527910384006,67.1514008444748,67.1514008444748,0.0,0.0,0.0,0.0,0.0,0.0,0.0,220.41755495036256,0.0,518.1978290374548,0.0,0.0,0.0,222.79174441296175,0.0,0.0,0.0,0.0,0.0,0.0,0.0,0.0,0.0,0.0,0.0,0.0,0.0,0.0,0.0,0.0,0.0,0.08256319775960015,0.0,0.0,0.0,-16.51263955192003,0.0,0.0,0.0,0.0,0.0,-268.9915736320533,2.7521065919866716,0.0,0.0,0.0,0.0,126.22164429948634,503.9647469069369,0.0,0.0,0.0,0.0,0.0,0.0,0.0,0.0,36.736657398888774,0.0,0.0,0.0,268.9915736320533,0.0,232.95292328928662,604.7476420723934,0.0,347.60095829375337,0.0,-347.60095829375337,331.65347185341653,-709.9252627160444,0.0,2.7521065919866716,751.947128651056,0.0,0.0,-67.16975477709929,-66.72014313907033,0.0,0.0,446.68642884969154,-446.68642884969154,0.0,-669.6409088750108,0.0,0.0,0.0,653.0314209052157,0.0,67.1514008444748,0.0,0.0,0.0,67.16975477709929,0.0,0.0,0.0,0.0,0.0,575.6589649212638,0.0,0.0,281.3760532959933,-551.6724480647694,-53.60123012189118,-893.8882351244823,16.51263955192003,0.0,0.0,0.0,0.0,60.849833378554266,0.0,0.0,0.06054634502376121,0.0,0.0,0.0,33.5757004222374,0.0,0.0,0.0,0.0,142.43440768625592,0.0,587.9895393728413,0.0,0.0,0.0,0.0,0.0,0.0,0.0,0.0,0.0055042131839735005,0.0055042131839735005,0.0,0.0,0.0,0.0,0.0,0.0,0.0,0.0,0.0,0.0,67.16975477709929,0.0,0.0,0.0,0.0,268.9915736320533,0.0,0.0,0.0,0.0,0.0,0.0,0.0,0.0,0.0,0.0,0.0,0.0,1000.0,368.3694853397267,7.35691604768652,0.0,0.0,0.0,33.02527910384006,0.0,0.0,0.0,0.0,0.0,0.0,-33.02527910384006,0.0,0.0,0.0,0.0,0.0,0.0,0.0,0.0,0.0,67.16975477709929,67.16975477709929,0.0,-770.5769532456638,-1000.0,260.49560472317916,0.0,-16.51263955192003,0.0,999.7798314726385,0.0,0.0,0.0,0.0,0.0,0.0,0.0,0.0,0.0,0.0,0.0,0.0,0.0,0.0,0.0,0.0,0.0,-6.8802664799666795,36.736657398888774,-4.128159887980008,218.66358452498173,0.0,0.0,0.0,0.0,0.0,-0.688026647996668,0.0,398.37361499248686,0.0,0.0,0.0,0.0,0.0,0.0,0.0,1000.0,16.51263955192003,16.51263955192003,0.0,0.0,0.0,0.0,0.0,0.06054634502376121,268.9915736320533,0.0,0.0,-999.7798314726385,0.0,0.0,0.0,0.0,0.0,0.0,0.0,0.0,0.0,0.0,0.0,0.0,0.0,0.0,0.0,0.0,0.0,17.063060870317365,0.0,57.79423843172011,4.2382441516594715,0.0,0.0,0.0,0.0,0.0,268.9915736320533,0.0,0.0,0.0,0.0,0.0,-6.8802664799666795,0.0,0.0,0.0,0.0,0.0,0.0,0.0,0.0,0.0,0.0,0.0,0.0,0.0,0.0,0.0,0.0,0.0,0.0,-0.05504213183973343,0.0,0.0,2.7521065919866716,454.6629853992164,0.0,0.0,0.0,0.0,36.736657398888774,0.0,0.0,0.0,-218.05261686156064,1.3760532959933358,0.0,0.0,0.0,0.05504213183973343,0.0,55.04213183973343,0.0,11.008426367946688,0.3931580845695245,187.69366957349104,-0.041281598879800076,2.7521065919866716,1.1008426367946686,-0.2752106592011992,-187.69366957349104,16.51263955192003,-0.05504213183973344,25.01734418510057,0.0,0.01376053295993336,0.3931580845695245,-75.05203255530171,-8.762707388887009,66.06891214030462,-61.36444473221135,-0.05504213183973344,0.01376053295993336,-187.69366957349104,5.504213183973343,0.05504213183973344,0.05504213183973343,-268.8759851551898,0.06054634502370694,0.0,-0.041281598879800076,16.51263955192003,0.05504213183973344,16.51263955192003,-27.521065919866718,-0.02752106591986672,-370.9359180844086,-5.559255315813076,-0.041281598879800076,-0.05504213183973343,0.0,0.05504213183973343,5.504213183973343,-1.1008426367946686,0.0,0.0,-5.504213183973343,61.36444473221135,0.0,11.008426367946686,0.08256319775960015,-412.4513467146747,5.504213183973343,-41.883653362184695,0.0,-11.008426367946686,0.02752106591986672,0.5504213183973344,125.65096008655408,280.0,-0.05504213183973343,-281.3760532959933,268.8759851551898,17.063060870317365,0.05504213183973344,8.762707388887009,-66.05055820767998,0.0,-0.05504213183973343,-0.01376053295993336,0.0,-0.05504213183973344,-682.4853261888679,0.05504213183950606,-0.01376053295993336,-0.01376053295993336,-0.01376053295993336,22.016852735893373,27.521065919866718,0.5504213183973344,40.77933942676546,-0.01376053295993336,226.2845759880076,2.7521065919866716,50.0,0.05504213183973343,0.02752106591986672,0.02752106591986672,-12.864115515471044,0.0,0.05504213183973343,0.0,0.5504213183973344,0.05504213183973344,-40.77933942676546,0.05504213183973344,0.22016852736146575,0.2752106592011992,0.02752106591986672,0.01376053295993336,16.51263955192003,-0.05504213183973344,0.0,-33.03445607015231,-81.55867885353092,1.3760532959933363,-5.504213183973343,11.008426367946686,2.7521065919866716,-0.05504213183973344,75.05203255530171,0.08256319775960015,-0.05504213183973344,25.728231030942087,0.0,126.07326117158651,0.02752106591986672,-100.0,-0.05504213183973344,-0.05504213183950606,-0.05504213183973344,0.027521065919866715,187.69366957349104,-11.008426367946686,0.05504213183973343,251.30192017310816,-0.01376053295993336,-0.06054634502370694,-251.30192017310816,8.256319775960014,5.559255315813076,-86.90168277648081,187.69366957349104,-0.041281598879800076,281.3760532959933,-280.0,0.05504213183973344,-0.013760532959933357,2.7521065919866716,55.04213183973343,-0.02752106591986672,-0.05504213183973344,0.01376053295993336,1000.0,0.0,112.42382564875481,0.0,192.59475512394005,0.0,223.15311725769817,-131.87674196353666,0.0,-80.0,-255.0,-23.543794706870745,-300.0,40.0,-96.29737756197002,127.5,0.0,65.93837098176833,-268.9915736320533,-186.92309455014077,300.0,23.543794706870745,-186.92309455014077,-223.15311725769817,141.8497311407024,0.0,1496.5981,hplb
161,0.0,0.0,0.0,0.0,0.0,0.0,0.0,0.0,-0.04216484481014402,0.0,0.0,0.0,0.0,0.0,0.0,0.0,-244.24991149376717,325.2204608291497,0.0,20.880665013983446,0.0,0.0,0.0,0.0,0.0,0.0,0.0,0.0,0.0,-1000.0,94.03221021778751,-94.03221021778751,75.82015030324334,0.0,0.0,0.0,0.0,0.0,0.0,-1000.0,352.0106320615055,0.0,0.0,816.7840338561847,0.0,0.0,727.6828873295557,0.0,0.0,0.0,0.0,-427.4658776375825,0.0,0.046381329291250495,0.0,0.0,0.0,8.432968962028804,0.0,0.0,-35.0573874055425,0.0,35.0573874055425,0.0,0.0,0.0,0.0,0.0,0.0,0.0,0.0,0.4216484481014402,0.0,0.0,0.0,0.0,0.0,0.0,0.0,911.2841768009629,0.0,0.0,0.0,0.0,25.298906886086414,0.0,0.0,-274.4919548840001,0.0,452.97392275358237,-0.010541211202536005,0.0,0.0,0.0,12.649453443043207,0.0,20.512303337515444,0.0,0.0,0.0,0.0,478.13240236389265,-1000.0,0.0,0.0,-63.24800662645237,311.5911074180344,9.164205111010082,0.0,0.0,0.0,0.0,0.0,0.0,0.0,0.0,0.0,0.0,0.0,0.0,0.0,0.0,0.0,0.0,-286.304530673728,0.0,0.0,20.512303337515444,0.0,13.071101891144645,0.0,0.0,0.0,0.0,0.0,0.0,0.0,0.0,0.0,0.0,0.0,0.0,0.0,0.0,0.0,3.246693050381088,0.04216484481014402,0.0,0.0,0.0,-1000.0,441.0318812596942,0.0,0.0,390.78698981793667,0.0,227.56870374205687,0.0,0.0,0.0,0.0,0.0,178.3270672974669,178.3270672974669,0.0,0.0,0.0,968.75,0.0,0.0,0.0,272.4014423600646,0.0,0.0,0.0,0.0,-116.74372877861099,0.0,0.0,0.0,0.0,0.0,0.0,0.0,0.0,0.0,-366.827389566424,0.0,0.0,0.0,0.0,-1000.0,0.0,0.0,0.0,0.0,0.0,0.0,427.4658776375825,-152.97392275358237,152.97392275358237,0.0,0.0,0.0,0.0,0.0,0.0,0.0,0.0,-964.2208947335911,0.0,0.0,0.0,0.0,0.0,0.0,0.0,0.0,0.0,0.0,0.0,0.0,0.0,0.0,217.21345171012544,816.7840338561847,0.0,0.0,0.0,0.0,100.6983930222239,0.0,0.0,0.0,0.0,-35.0573874055425,0.0,94.03221021778751,0.0,0.0,0.0,0.0,0.0,0.0,0.0,788.5290552379965,0.0,7.862849894472237,0.0,-152.97392275358237,0.0,0.0,0.0,-816.7840338561847,0.0,0.0,0.0,629.8873186178613,0.0,0.0,0.0,-19.921548645746952,0.0,0.0,687.9118551805219,0.0,0.0,687.9118551805218,0.0,0.0,-152.97392275358237,0.0,40.15328033596842,0.0,0.0,16.941523998077912,0.0,0.0,0.0,0.0,0.0,0.0,0.0,1000.0,0.0,0.0,-615.1794009197852,968.75,0.0,0.0,-35.0573874055425,-0.06324726721521604,0.0,0.0,0.0,0.0,0.04216484481014402,0.0,0.0,0.0,90.26024840226411,-244.24991149376717,0.0,-339.63097851712064,-70.81431916388786,116.74372877861099,372.5229353990209,0.0,666.9231167409112,0.0,-63.24800662645237,0.0,0.0,0.0,18.85465707706601,0.0,-685.7777738179772,0.0,0.0,0.0,0.0,0.0,0.0,0.0,0.0,0.0,0.0,0.0,0.0,0.0,0.0,0.0,0.0,0.0,0.0,0.0,-999.8313406207595,0.0,-1000.0,0.0,0.0,693.1391370173226,0.0,0.0,0.0,-697.7435380705901,0.0,0.0,0.0,0.0,476.02416012338546,0.0,133.34624058378992,-1000.0,372.91406610523904,0.0,-909.3735004638693,-838.3308624822292,606.5177600658988,0.0,-133.34624058378992,759.8796776978,-786.9570876573775,-373.96818722549267,836.222620241722,0.0,0.0,0.0,1000.0,-27.407149126593616,20.512303337515444,0.0,0.0,0.0,0.0,0.0,0.0,0.0,0.0,0.0,0.0,309.8150376644236,0.0,0.0,0.0,0.0,0.0,0.0,0.0,0.0,-70.114774811085,0.0,0.0,0.0,0.0,0.0,0.0,0.0,-50.6758629496614,0.08432968962034315,0.0,0.0,0.0,0.0,0.0,0.0,0.0,0.0,0.0,0.0,0.0,0.0,0.0,0.0,0.0,0.0,0.0,0.0,0.0,0.046381329291250495,0.046381329291250495,94.03221021778751,267.8495918358588,0.0,25.298906886086414,0.0,0.0,0.0,-259.952914290841,0.0,0.0,0.0,0.0,0.0,198.0458146712982,259.952914290841,0.0,0.0,0.0,0.0,0.0,0.0,0.0,0.0,0.0,0.0,0.0,0.0,0.0,95.43484355790933,-90.26024840226411,247.3770113222714,0.0,3.246693050381088,0.0,0.0,0.0,-100.6983930222239,0.0,198.0458146712982,0.0,0.0,147.3699517216368,0.0,0.0,0.0,0.0,0.0,0.0,0.0,0.0,0.0,0.0,0.0,0.0,0.0,0.0,0.0,0.0,25.298906886086414,0.0,0.0,0.0,0.0,0.0,0.0,0.0,0.0,0.0,0.0,0.0,0.0,0.4216484481014402,0.0,94.03221021778751,0.0,0.0,94.03221021778751,427.4658776375825,0.0,0.0,20.512303337515444,0.0,0.0,0.0,0.0,0.0,0.0,0.0,0.0,0.0,0.0,927.5713581151144,-476.01838152877554,0.0,12.649453443043207,12.649453443043207,918.9315520789226,259.952914290841,0.0,0.0,0.0,0.0,0.0,0.0,0.0,979.5513907941263,0.0,1000.0,0.04216484481014402,0.0,0.0,0.0,55.68470112105376,0.0,0.0,0.0,0.0,0.0,0.0,0.0,0.0,0.0,0.0,0.0,0.0,0.0,0.0,0.0,0.0,0.0,0.04216484481014402,0.0,0.0,0.0,720.45070263482,-720.45070263482,0.0,0.0,0.0,0.0,-4.604401053267566,0.0,-390.78698981793667,0.0,-0.16865937924046648,-3.1623633607608013,0.0,-2.108242240507201,0.0,0.0,0.0,0.0,0.0,0.0,0.0,0.0,0.0,0.0,0.0,0.0,116.74372877861099,0.0,0.0,-25.298906886086414,0.0,0.0,0.0,-0.04216484481014402,0.0,0.0,0.04216484481014402,0.0,0.04216484481014402,0.0,0.0,0.0,25.298906886086414,51.44111066837571,51.44111066837571,0.0,0.0,0.0,0.0,0.0,0.0,0.0,247.3770113222714,0.0,0.0,0.0,0.0,0.0,22.4850502152195,0.0,0.0,0.0,0.0,0.0,0.0,0.0,0.0,0.0,0.0,0.0,0.0,0.0,100.6983930222239,0.0,0.0,0.0,0.06324726721521604,0.0,0.0,0.0,-20.512303337515444,0.0,0.0,0.0,0.0,0.0,-267.8495918358588,2.108242240507201,0.0,0.0,0.0,-968.75,0.0,693.1391370173226,-2.108242240507201,0.0,0.0,0.0,0.0,0.0,0.0,0.0,0.0,0.0,0.0,444.8867937819025,267.8495918358588,0.0,-40.01873705340053,-63.24800662645237,0.0,0.0,0.0,0.0,390.78698981793667,578.4462079494856,0.0,2.108242240507201,836.122114160894,0.0,0.0,-94.03221021778751,-70.114774811085,-281.2500000000018,281.2500000000018,0.0,0.0,0.0,0.0,0.0,0.0,0.0,360.5026628449024,0.0,51.44111066837571,0.0,94.03221021778751,94.03221021778751,0.0,0.0,0.0,0.0,0.0,0.0,788.5290552379965,0.0,0.0,277.33668191814115,-55.68470112105376,0.0,0.0,12.649453443043207,0.0,0.0,0.0,0.0,-64.03382195375997,0.0,0.0,0.046381329291250495,0.0,0.0,0.0,25.720555334187853,0.0,0.0,0.0,0.0,217.21345171012544,0.0,311.5911074180344,0.0,0.0,0.0,0.0,0.0,0.0,0.0,0.0,0.004216484481014523,0.004216484481014523,0.0,0.0,0.0,0.0,0.0,0.0,0.0,0.0,0.0,0.0,94.03221021778751,0.0,0.0,0.0,0.0,267.8495918358588,0.0,0.0,0.0,0.0,0.0,0.0,0.0,0.0,0.0,0.0,0.0,0.0,0.0,0.0,325.2204608291497,0.0,0.0,0.0,25.298906886086414,0.0,0.0,0.0,0.0,0.0,0.0,-25.298906886086414,0.0,0.0,0.0,0.0,0.0,0.0,0.0,0.0,0.0,94.03221021778751,94.03221021778751,0.0,0.0,-20.44860920587371,51.367968910168145,-841.9107544691883,821.3984511316729,0.0,0.0,0.0,0.0,0.0,0.0,0.0,0.0,0.0,0.0,0.0,0.0,0.0,0.0,0.0,0.0,0.0,0.0,0.0,-5.270605601268002,0.0,-479.1865234841464,19.322686854458738,0.0,0.0,0.0,0.0,0.0,-0.5270605601268002,0.0,460.90176462902167,0.0,0.0,0.0,0.0,0.0,0.0,0.0,1000.0,12.649453443043207,12.649453443043207,0.0,0.0,0.0,0.0,911.2841768009629,0.046381329291250495,267.8495918358588,0.0,0.0,0.0,0.0,0.0,0.0,0.0,0.0,0.0,0.0,0.0,0.0,0.0,0.0,0.0,0.0,0.0,0.0,0.0,0.0,0.0,0.0,44.27308705065123,3.246693050381088,0.0,0.0,0.0,0.0,0.0,267.8495918358588,0.0,0.0,0.0,0.0,0.0,-5.270605601268002,0.0,0.0,0.0,0.0,0.0,0.0,0.0,0.0,0.0,0.0,0.0,0.0,0.0,0.0,0.0,0.0,0.0,0.0,-0.04216484481014402,0.0,0.0,2.108242240507201,-198.0458146712982,0.0,0.0,0.0,0.0,0.0,0.0,0.0,0.0,-18.85465707706601,1.054121120253626,0.0,0.0,0.0,0.04216484481014402,0.0,42.16484481014402,-13.071101891144645,8.432968962028804,0.3011774629296001,117.63991702030181,-0.03162363360760802,240.12032230219995,0.8432968962028804,-0.2108242240506105,-117.63991702030181,12.649453443043207,-0.04216484481014402,21.082668875484124,0.0,0.010541211202536005,0.3011774629296001,-63.24800662645237,-6.712643293774766,93.18891332158462,-101.85121434936599,-0.04216484481014402,0.010541211202536005,-117.63991702030181,212.73170470085552,0.04216484481014402,0.04216484481014402,-267.7610456617574,0.04638132929115854,0.0,-0.03162363360760802,12.649453443043207,0.04216484481014402,20.512303337515444,-13.219572510599773,-0.02108242240507201,-101.07269048915212,-104.95704234804845,-0.03162363360760802,-0.04216484481014402,-13.071101891144645,0.04216484481014402,4.216484481014402,-0.8432968962028804,100.6983930222239,100.6983930222239,-4.21648448101439,101.85121434936599,-100.6983930222239,8.432968962028804,0.06324726721521604,-173.98188707000054,4.216484481014402,-95.43484355790933,0.0,-8.432968962028804,0.02108242240507201,0.4216484481014402,84.90774462928016,276.2825607978876,-0.04216484481014402,-277.33668191814115,267.7610456617574,13.071101891144645,0.04216484481014399,6.712643293774766,-266.97588388648603,0.0,-0.04216484481014402,-0.010541211202536005,0.0,-0.04216484481014402,-362.2669703676958,0.04216484481025771,-0.010541211202536005,-0.010541211202536005,-0.010541211202536005,16.865937924057608,13.219572510599773,0.4216484481014402,212.0562227718062,-0.010541211202536005,148.7328203830762,2.108242240507201,27.446173715337903,0.04216484481014402,0.02108242240507201,0.02108242240507201,4.216484481014402,13.071101891144645,0.04216484481014402,-13.071101891144645,0.4216484481014402,0.04216484481014402,-573.6909095179885,0.04216484481014402,0.16865937924046648,0.2108242240506105,0.02108242240507201,0.010541211202536005,12.649453443043207,-0.04216484481014402,0.0,-46.59445666079231,-424.1124455436124,239.06620118194633,-4.216484481014402,8.432968962028804,2.108242240507201,-0.04216484481014402,63.24800662645237,0.06324726721521604,-0.04216484481014402,-8.432968962028804,13.071101891144645,261.1202108685604,0.02108242240507201,-54.892347430675805,-0.04216484481014402,-0.04216484481025771,-0.04216484481014402,0.02108242240507201,117.63991702030181,-8.432968962028804,0.04216484481014402,169.81548925856032,-0.010541211202536005,-0.04638132929115854,-169.81548925856032,6.3247267215216025,104.95704234804845,204.23559546974568,117.63991702030181,-0.03162363360760802,277.33668191814115,-276.2825607978876,0.04216484481014402,-0.010541211202536007,2.108242240507201,42.16484481014402,-0.02108242240507201,-0.04216484481014399,0.010541211202536005,0.0,0.0,-126.03919535240453,361.6346867461823,-255.0,0.0,-22.608444872179604,-140.0,208.51522021984113,332.135485968072,-255.0,278.9627794136431,-300.0,-166.067742984036,127.5,127.5,-208.51522021984113,70.0,-267.8495918358588,-197.0863889148004,300.0,-278.9627794136431,-197.0863889148004,22.608444872179604,120.07547726664603,0.0,1496.5981,hplb
162,0.0,0.0,0.0,0.0,0.0,0.0,0.0,0.0,-0.06696424442206948,0.0,0.0,0.0,0.0,0.0,0.0,0.0,738.1804703305709,-438.18047033057087,0.0,0.0,0.0,0.0,0.0,0.0,0.0,0.0,0.0,0.0,0.0,-367.41406265422347,10.96285549696534,-10.96285549696534,475.96370189939125,0.0,0.0,0.0,0.0,657.4054488149745,0.0,-1000.0,979.9107266733791,0.0,0.0,42.57520987834971,0.0,0.0,0.0,0.0,-588.2142419008967,0.0,0.0,0.0,0.0,0.07366066886446161,0.0,0.0,0.0,13.392848884413898,0.0,0.0,77.14535976470779,0.0,182.94552840268898,0.0,0.0,0.0,0.0,0.0,0.0,0.0,0.0,0.669642444220695,0.0,0.0,0.0,0.0,0.0,0.0,0.0,0.0,0.0,0.0,-150.8858248253642,0.0,40.178546653241696,0.0,0.0,736.1186064415218,302.061863889049,-1000.0,-0.01674106110551737,0.0,0.0,0.0,20.089273326620848,0.0,20.089273326620848,-387.1595987423168,56.56691122028344,0.0,0.0,3.3482122211034744,-1000.0,0.0,0.0,-73.4964837978519,747.2145041444812,0.0,0.0,0.0,0.0,0.0,0.0,0.0,0.0,0.0,0.0,0.0,0.0,0.0,0.0,0.0,0.0,0.0,-155.26759901182368,0.0,0.0,20.089273326620848,0.0,20.758915770841543,20.758915770841543,0.0,-287.35853156163574,0.0,287.35853156163574,-287.35853156163574,739.9091118326032,656.0054234798773,-656.0054234798773,-1000.0,0.0,0.0,0.0,0.0,0.0,156.04207164586356,0.06696424442206948,0.0,0.0,0.0,-1000.0,252.7854958555188,0.0,0.0,0.0,0.0,641.7280088541097,0.0,0.0,0.0,0.0,0.0,988.9701802586127,988.9701802586127,0.0,0.0,0.0,0.0,80.2098750191443,0.0,0.0,1000.0,0.0,0.0,0.0,-208.58195313004614,-805.3708892635792,0.0,0.0,0.0,0.0,0.0,0.0,0.0,0.0,0.0,-308.4492877489681,0.0,0.0,0.0,0.0,-1000.0,0.0,0.0,0.0,0.0,0.0,0.0,0.0,697.9381361109511,-697.9381361109511,260.09088816739677,0.0,0.0,0.0,0.0,0.0,0.0,632.5859373457765,-696.7633794371726,0.0,0.0,0.0,0.0,0.0,0.0,0.0,0.0,0.0,0.0,0.0,0.0,0.0,178.79085421470822,-73.21430223117221,217.4478342245494,0.0,0.0,0.0,0.0,-260.09088816739677,0.0,0.0,0.0,0.0,77.14535976470779,174.87262434619967,10.96285549696534,0.0,509.29101902974014,0.0,0.0,0.0,0.0,0.0,625.9595054250373,0.0,0.0,0.0,-261.91997603606234,-657.7962482579644,845.8425006515763,0.0,-217.4478342245494,0.0,0.0,260.09088816739677,411.2762074502541,0.0,0.0,0.0,-411.56595374518497,0.0,0.0,-1000.0,-967.7980301218128,0.0,-32.20196987818724,0.0,967.7980301218128,1000.0,0.0,111.85330123975507,0.0,0.0,228.34807347925698,0.0,0.0,0.0,-873.1639083435417,0.0,873.1639083435417,0.0,999.8660715111558,0.0,0.0,1000.0,0.0,0.0,0.0,77.14535976470779,-0.10044636663310423,0.0,0.0,0.0,0.0,0.06696424442206948,0.0,0.0,0.0,353.9512212483419,738.1804703305709,0.0,-621.0703960472945,-315.0888823682467,805.3708892635792,1000.0,0.0,-531.0206052911891,0.0,-73.4964837978519,0.0,0.0,0.0,565.164962676989,965.8556426142001,-1000.0,-1000.0,-1000.0,0.0,0.0,0.0,0.0,0.0,0.0,0.0,0.0,0.0,0.0,0.0,0.0,0.0,0.0,0.0,0.0,509.29101902974014,-342.3266942073378,0.0,-1000.0,0.0,0.0,1000.0,0.0,34.04088511861776,0.0,-771.0387215739355,0.0,207.45273604564764,0.0,504.17414744660374,0.0,0.0,820.2594610903127,278.66053019518995,0.0,-965.8556426142001,-695.9584885848013,0.0,0.0,-165.27208668264979,-820.2594610903127,-489.518697533533,1000.0,-1.6741061105517372,-3.3482122211034744,709.7255354479715,0.0,0.0,0.0,68.8774021366378,20.089273326620848,0.0,0.0,0.0,597.3997597694637,0.0,0.0,0.0,-178.79085421470822,178.79085421470822,178.79085421470822,-693.2362203549968,0.0,0.0,0.0,0.0,0.0,632.5859373457765,0.0,0.0,-105.80016863798119,0.0,0.0,0.0,0.0,0.0,0.0,0.0,-93.30357555779305,0.1339284888441837,0.0,0.0,0.0,0.0,0.0,0.0,0.0,0.0,0.0,0.0,0.0,0.0,0.0,0.0,0.0,0.0,0.0,0.0,0.0,0.07366066886446161,0.07366066886446161,10.96285549696534,201.87647160306122,0.0,40.178546653241696,0.0,0.0,0.0,1000.0,0.0,51.57198680330039,0.0,0.0,0.0,-131.27603073100255,-1000.0,0.0,0.0,531.8953885724279,0.0,0.0,0.0,0.0,0.0,0.0,0.0,0.0,0.0,0.0,51.75586633727454,-353.9512212483419,0.0,207.5099551172396,5.156246820499348,0.0,0.0,0.0,0.0,0.0,-131.27603073100255,0.0,0.0,-224.57960628879562,-281.2500000001217,281.2500000001217,178.79085421470822,0.0,0.0,0.0,0.0,0.0,0.0,0.0,0.0,0.0,0.0,0.0,0.0,0.0,40.178546653241696,260.09088816739677,260.09088816739677,0.0,0.0,0.0,0.0,0.0,0.0,0.0,0.0,0.0,0.0,0.669642444220695,0.0,10.96285549696534,0.0,0.0,10.96285549696534,0.0,0.0,0.0,20.089273326620848,-531.8953885724279,0.0,0.0,0.0,207.5099551172396,0.0,0.0,0.0,0.0,0.0,1000.0,-983.6952121027264,0.0,20.089273326620848,20.089273326620848,1000.0,-1000.0,0.0,0.0,0.0,0.0,0.0,0.0,0.0,1000.0,632.5859373457765,779.8170694546843,0.06696424442206948,0.0,0.0,5.4001879966083175,0.0,410.9400954989711,0.0,0.0,0.0,0.0,0.0,0.0,0.0,0.0,0.0,0.0,0.0,0.0,0.0,0.0,0.0,0.0,0.06696424442206948,0.0,0.0,0.0,0.0,0.0,0.0,0.0,0.0,0.0,0.0,778.74070867905,0.0,0.0,-1000.0,-5.022318331655212,-3.3482122211034744,0.0,0.0,906.2499999999999,906.25,-906.2499999999999,0.0,0.0,0.0,0.0,0.0,0.0,0.0,260.09088816739677,805.3708892635792,0.0,0.0,72.22561435774128,0.0,0.0,0.0,-0.06696424442206948,0.0,0.0,0.06696424442206948,0.0,0.06696424442206948,0.0,0.0,0.0,40.178546653241696,81.69637819492479,81.69637819492479,0.0,0.0,0.0,0.0,0.0,0.0,150.8858248253642,0.0,0.0,632.5859373457765,0.0,0.0,570.9305841217295,0.0,0.0,0.0,0.0,0.0,0.0,0.0,0.0,0.0,0.0,0.0,0.0,0.0,0.0,0.0,0.0,0.0,0.0,0.10044636663310423,0.0,0.0,0.0,-20.089273326620848,0.0,0.0,0.0,0.0,0.0,-201.87647160306122,3.3482122211034744,0.0,0.0,0.0,0.0,-80.2098750191443,876.1788990013625,0.0,0.0,0.0,0.0,0.0,0.0,0.0,0.0,260.09088816739677,0.0,531.8953885724279,0.0,23.085617388353,0.0,311.6071511155861,337.4436117011192,342.3266942073378,105.14017742742702,207.45273604564764,-654.9196076804126,0.0,329.5798292553293,0.0,3.3482122211034744,1000.0,0.0,0.0,-10.96285549696534,-105.80016863798119,0.0,0.0,-531.25,531.25,0.0,0.0,0.0,0.0,0.0,298.4046510856578,0.0,81.69637819492479,0.0,-906.25,-906.25,917.2128554969652,0.0,0.0,0.0,0.0,0.0,625.9595054250373,0.0,0.0,216.94342659802675,-5.4001879966083175,-81.51781530638885,0.0,20.089273326620848,0.0,0.0,0.0,0.0,109.72346004267379,0.0,0.0,0.07366066886446161,0.0,0.0,0.0,40.848189097462395,0.0,0.0,0.0,0.0,-73.21430223117221,0.0,747.2145041444812,0.0,0.0,0.0,0.0,0.0,0.0,0.0,0.0,0.00669642444220714,0.00669642444220714,0.0,0.0,0.0,0.0,0.0,0.0,0.0,0.0,0.0,5.4001879966083175,10.96285549696534,0.0,0.0,0.0,0.0,201.87647160306122,0.0,0.0,0.0,0.0,0.0,0.0,0.0,0.0,0.0,0.0,0.0,0.0,0.0,1000.0,-438.1804703305708,0.0,0.0,0.0,40.178546653241696,0.0,0.0,0.0,0.0,0.0,0.0,-40.178546653241696,0.0,0.0,0.0,0.0,0.0,0.0,0.0,0.0,0.0,10.96285549696534,10.96285549696534,0.0,-779.8170694546843,-1000.0,616.8010915508471,-731.9679309739455,711.8786576473246,0.0,657.4054488149745,0.0,0.0,0.0,0.0,0.0,0.0,0.0,0.0,0.0,921.875,0.0,-921.875,-921.875,0.0,0.0,0.0,0.0,-8.370530552758687,260.09088816739677,-5.022318331655212,565.9082657900742,0.0,0.0,0.0,0.0,0.0,0.0,-0.8370530552758687,105.80016863798119,0.0,0.0,0.0,0.0,0.0,0.0,0.0,1000.0,20.089273326620848,20.089273326620848,0.0,0.0,0.0,0.0,0.0,0.07366066886446161,201.87647160306122,0.0,0.0,-657.4054488149745,0.0,0.0,0.0,0.0,0.0,0.0,0.0,0.0,0.0,0.0,0.0,0.0,0.0,0.0,0.0,0.0,0.0,20.758915770841543,0.0,70.31245664317296,156.04207164586356,0.0,0.0,0.0,0.0,0.0,201.87647160306122,0.0,-266.68670996478284,0.0,0.0,0.0,-8.370530552758687,0.0,0.0,0.0,0.0,0.0,0.0,0.0,0.0,0.0,0.0,0.0,0.0,0.0,0.0,0.0,0.0,0.0,0.0,-0.06696424442206948,0.0,0.0,3.3482122211034744,131.27603073100255,0.0,0.0,0.0,0.0,260.09088816739677,0.0,0.0,0.0,-565.164962676989,1.6741061105517372,0.0,0.0,0.0,0.06696424442206948,0.0,66.96424442206948,0.0,13.3928488844139,0.4783160315862106,228.34807347925698,-0.050223183316552115,3.3482122211034646,1.33928488844139,-0.33482122210971244,-228.34807347925698,20.089273326620848,-0.0669642444220695,24.4988279326173,0.0,0.01674106110551737,0.4783160315862106,-73.4964837978519,-10.660707711991591,9.623570608523785,-300.0,-0.06696424442206948,0.01674106110551737,-228.34807347925698,6.696424442206949,0.0669642444220695,0.06696424442206948,-201.7358466897747,0.07366066886427662,-11.33421436250957,-0.050223183316552115,20.089273326620848,0.06696424442206948,20.089273326620848,-33.48212221103475,-0.03348212221103474,-483.4008268958964,253.32749948076773,-0.050223183316552115,-0.06696424442206948,0.0,0.06696424442206948,6.696424442206949,-1.33928488844139,0.0,0.0,-6.696424442206949,300.0,0.0,13.392848884413898,0.10044636663310423,-1000.0,6.696424442206949,-51.75586633727454,0.0,-13.392848884413898,0.03348212221103474,0.669642444220695,155.26759901182362,36.478466272766894,-0.06696424442206948,-216.94342659802675,201.7358466897747,20.758915770841543,0.06696424442206948,10.660707711991591,-80.3570933064832,0.0,-0.06696424442206948,-0.01674106110551737,0.0,-0.06696424442206948,-840.5180797022742,0.06696424442206948,-0.01674106110551737,-0.01674106110551737,-0.01674106110551737,26.785697768827795,33.48212221103475,0.669642444220695,49.612134586198295,-0.01674106110551737,286.03637009102994,3.3482122211034744,50.0,0.06696424442206948,0.03348212221103474,0.03348212221103474,6.696424442206949,0.0,0.06696424442206948,0.0,0.669642444220695,0.06696424442206948,-49.612134586198295,0.06696424442206948,0.267856977687637,0.33482122210971244,0.03348212221103474,0.01674106110551737,20.089273326620848,-0.06696424442206948,11.33421436250957,-4.8117853042618925,-99.22426917239659,1.6741061105517474,-6.696424442206949,13.392848884413898,3.3482122211034744,-0.06696424442206948,73.4964837978519,0.10044636663310423,-0.06696424442206948,-13.392848884413894,0.0,61.067100772045876,0.03348212221103474,-100.0,-0.06696424442206948,-0.06696424442206948,-0.06696424442206948,0.03348212221103474,228.34807347925698,-13.392848884413898,0.06696424442206948,310.53519802364724,-0.01674106110551737,-0.07366066886427662,-310.53519802364724,10.044636663310422,-253.32749948076773,105.43608845465228,228.34807347925698,-0.050223183316552115,216.94342659802675,-36.478466272766894,0.06696424442206948,-0.016741061105517367,507.52235966770724,66.96424442206948,-0.03348212221103474,-0.06696424442206948,0.01674106110551737,1000.0,0.0,999.966517877789,0.0,-255.0,0.0,368.8971122340067,-140.0,0.0,-80.0,-255.0,-325.0,0.0,40.0,127.5,127.5,0.0,70.0,-201.87647160306122,-170.79056081471967,0.0,325.0,-170.79056081471967,-368.8971122340067,221.2788905491415,0.0,1496.5981,hplb
163,0.0,0.0,0.0,0.0,0.0,0.0,0.0,0.0,109.45614390114744,0.0,0.0,0.0,0.0,0.0,0.0,0.0,442.83446000959015,-222.67837972338143,0.0,0.0,0.0,0.0,0.0,418.1581325306364,0.0,0.0,0.0,0.0,0.0,0.0,86.97762253081996,-86.97762253081996,69.79975927638712,0.0,0.0,0.0,0.0,983.625246106129,0.0,-1000.0,1000.0,0.0,0.0,-307.1628154582952,0.0,0.0,0.0,0.0,-442.83446000959015,0.0,0.0,0.0,0.0,0.026834546285648887,0.0,0.0,0.0,4.879008415568138,0.0,0.0,83.05035330122007,0.0,820.3893626064315,516.865558145737,0.0,0.0,0.0,0.0,304.9211576223486,0.0,0.0,0.2439504207784069,0.0,0.0,0.0,0.0,0.0,0.0,0.0,0.0,0.0,0.0,0.0,0.0,14.637025246704415,0.0,14.666768403489655,0.0,-105.78840774227233,0.0,-0.006098760519460173,0.0,0.0,-609.0094432992285,7.318512623352207,0.0,121.53764446295577,-87.76314288572644,0.0,0.0,0.0,933.4649707590831,-535.6199171651033,0.0,0.0,-69.66111029369256,0.0,0.0,0.0,0.0,0.0,0.0,0.0,0.0,0.0,0.0,0.0,0.0,0.0,0.0,0.0,0.0,0.0,0.0,-667.6175297850599,0.0,0.0,121.53764446295577,0.0,7.562463044130613,0.0,0.0,-1000.0,1000.0,0.0,0.0,0.0,0.0,0.0,-386.57415776191453,0.0,0.0,0.0,0.0,0.0,16.545186643483387,0.024395042077840687,0.0,0.0,0.0,0.0,-143.58005566976237,0.0,0.0,0.0,0.0,139.2337713714405,0.0,0.0,0.0,0.0,0.0,-167.61948124939832,-167.61948124939832,0.0,0.0,0.0,0.0,0.0,0.0,0.0,-80.61746367650052,0.0,0.0,0.0,-237.41104824675364,0.0,0.0,0.0,0.0,0.0,0.0,0.0,0.0,0.0,0.0,-1000.0,0.0,0.0,0.0,0.0,-813.6202820807314,0.0,0.0,0.0,0.0,0.0,0.0,0.0,337.0094597042011,-337.0094597042011,0.0,0.0,0.0,0.0,0.0,0.0,0.0,535.6199171651033,-539.3483330055359,0.0,0.0,0.0,0.0,0.0,0.0,0.0,0.0,0.0,0.0,0.0,0.0,0.0,440.44099529322386,167.55720434050215,0.0,0.0,0.0,0.0,81.65300013956596,0.0,0.0,0.0,0.0,0.0,83.05035330122007,307.1628154582952,86.97762253081996,0.0,0.0,0.0,0.0,0.0,0.0,0.0,0.0,0.0,114.21913183960356,0.0,442.7978674464734,0.0,-105.82500030538904,0.0,0.0,0.0,0.0,386.57415776191453,0.0,0.0,0.0,0.0,-420.95627945081634,0.0,0.0,-1000.0,0.0,0.0,-1000.0,0.0,0.0,231.22105196192877,0.0,557.1655399904098,0.0,0.0,68.06216739717551,0.0,0.0,0.0,199.14269428636533,0.0,-199.14269428636533,0.0,-124.66655897112517,304.9211576223486,81.65300013956596,0.0,0.0,0.0,0.0,83.05035330122007,-0.03659256311676103,0.0,0.0,0.0,0.0,0.024395042077840687,0.0,0.0,0.0,692.0826376177756,442.83446000959015,0.0,-535.2971392740789,858.5797456746727,0.0,902.6027715909682,0.0,755.5097883137762,0.0,-69.66111029369256,0.0,0.0,0.0,-2.1004131229021072,0.0,-753.4093751908741,-430.17619384691625,-1000.0,0.0,0.0,0.0,0.0,0.0,0.0,0.0,0.0,0.0,0.0,0.0,0.0,0.0,0.0,0.0,0.0,0.0,-16.277173725559557,0.0,-1000.0,0.0,0.0,0.0,1000.0,0.0,0.0,70.4324358873364,0.0,0.0,0.0,210.61937613979137,932.2452186551911,-725.7984656397387,0.0,0.0,999.390123948054,420.87730801739013,0.0,-139.43285691172161,920.5270859055231,-410.5850110122528,0.0,-967.3423614314876,0.0,-1000.0,138.21310480782958,-283.7256532849464,0.0,-948.4640180869736,0.0,1000.0,121.53764446295577,0.0,0.0,0.0,0.0,0.0,109.48053894322528,0.0,-440.44099529322386,440.44099529322386,440.44099529322386,319.7821018781244,0.0,0.0,0.0,0.0,0.0,535.6199171651033,0.0,0.0,-191.13991435249514,0.0,0.0,218.9348728719875,0.0,0.0,0.0,0.0,-97.56049579221593,0.048790084155654334,0.0,0.0,0.0,0.0,0.0,0.0,0.0,0.0,0.0,0.0,0.0,0.0,0.0,0.0,0.0,0.0,0.0,0.0,0.0,0.026834546285648887,0.026834546285648887,86.97762253081996,371.083085586958,0.0,14.637025246704415,0.0,0.0,0.0,1000.0,0.0,0.0,14.666768403489655,0.0,0.0,736.0000244047645,-1000.0,0.0,0.0,0.0,0.0,0.0,218.9348728719875,0.0,0.0,0.0,0.0,0.0,0.0,0.0,222.53917659501997,-692.0826376177756,143.58005566976237,0.0,16.545186643483387,0.0,-972.8430651101373,363.83362181090894,363.83362181090894,0.0,736.0000244047645,0.0,-343.9232342522961,982.3627628648447,0.0,0.0,440.44099529322386,0.0,0.0,0.0,0.0,0.0,0.0,0.0,0.0,0.0,0.0,0.0,0.0,0.0,14.637025246704415,386.57415776191453,386.57415776191453,0.0,0.0,0.0,0.0,0.0,0.0,0.0,0.0,0.0,0.0,0.2439504207784069,0.0,86.97762253081996,14.666768403489655,-14.666768403489655,86.97762253081996,0.0,0.0,0.0,121.53764446295577,0.0,0.0,0.0,0.0,0.0,0.0,0.0,0.0,0.0,0.0,612.4345044576265,0.0,0.0,7.318512623352207,7.318512623352207,1000.0,-1000.0,0.0,218.9348728719875,0.0,0.0,0.0,0.0,0.0,-34.20388898798046,535.6199171651033,-148.5625886762944,0.024395042077840687,0.0,0.0,0.0,32.217138069799745,0.0,0.0,609.0094432992285,0.0,-304.9211576223486,0.0,0.0,0.0,0.0,0.0,0.0,0.0,0.0,0.0,0.0,0.0,0.0,0.024395042077840687,0.0,0.0,0.0,0.0,0.0,0.0,0.0,0.0,0.0,0.0,87.76314288572644,0.0,-17.330706998390042,-983.7228262744404,-1.8296281558380518,0.0,-1.2197521038920345,0.0,0.0,0.0,0.0,0.0,0.0,0.0,0.0,0.0,0.0,0.0,386.57415776191453,0.0,0.0,0.0,52.75573401691841,0.0,0.0,0.0,109.45614390114744,0.0,0.0,0.024395042077840687,0.0,0.024395042077840687,0.0,0.0,0.0,14.637025246704415,29.76195133496564,29.76195133496564,0.0,0.0,0.0,0.0,0.0,0.0,0.0,143.58005566976237,0.0,535.6199171651033,0.0,0.0,0.0,0.0,0.0,0.0,0.0,0.0,0.0,0.0,0.0,0.0,0.0,0.0,0.0,0.0,0.0,0.0,0.0,-191.84699844513025,191.84699844513025,0.03659256311676103,0.0,0.0,0.0,-121.53764446295577,0.0,0.0,0.0,0.0,0.0,-371.083085586958,1.2197521038920345,0.0,0.0,0.0,0.0,0.0,-87.76314288572644,-1.2197521038920345,0.0,0.0,0.0,0.0,0.0,0.0,0.0,386.57415776191453,0.0,0.0,0.0,-69.35790970626584,0.0,463.70104725419424,-69.66111029369256,0.0,-17.330706998390042,17.330706998390042,0.0,0.0,-29.76195133496564,0.0,1.2197521038920345,1000.0,0.0,0.0,-86.97762253081996,-220.47345115947445,0.0,0.0,909.6055687149913,-909.6055687149913,0.0,0.0,0.0,0.0,0.0,996.340743688324,0.0,29.76195133496564,0.0,0.0,0.0,86.97762253081996,0.0,0.0,0.0,0.0,0.0,0.0,0.0,0.0,376.57197005447216,-32.21713806979972,-859.4643425081933,0.0,7.318512623352207,14.666768403489655,0.0,0.0,0.0,-65.52714859503646,0.0,0.0,0.026834546285648887,0.0,0.0,0.0,14.88097566748282,0.0,0.0,0.0,0.0,167.55720434050215,0.0,0.0,0.0,0.0,0.0,0.0,0.0,0.0,0.0,0.0,0.002439504207784069,0.002439504207784069,0.0,0.0,0.0,0.0,0.0,0.0,0.0,0.0,0.0,0.0,86.97762253081996,0.0,0.0,0.0,0.0,371.083085586958,0.0,0.0,0.0,0.0,0.0,0.0,0.0,0.0,0.0,0.0,0.0,29.33353680697931,0.0,1000.0,-222.67837972338143,0.0,0.0,0.0,14.637025246704415,0.0,0.0,0.0,0.0,0.0,0.0,-14.637025246704415,0.0,29.33353680697931,0.0,0.0,0.0,0.0,0.0,0.0,0.0,86.97762253081996,86.97762253081996,0.0,148.56258867629435,-1000.0,16.710603823320874,62.50000000000006,-184.03764446295583,0.0,983.625246106129,0.0,0.0,0.0,0.0,0.0,0.0,0.0,0.0,0.0,0.0,0.0,0.0,0.0,0.0,0.0,0.0,0.0,-3.0493802597300865,386.57415776191453,-934.0748468110291,-1.8296281558380088,0.0,0.0,0.0,0.0,0.0,0.0,-0.3049380259730086,191.13991435249514,0.0,0.0,0.0,0.0,0.0,0.0,0.0,1000.0,7.318512623352207,7.318512623352207,0.0,0.0,0.0,0.0,0.0,0.026834546285648887,371.083085586958,0.0,0.0,-983.625246106129,0.0,0.0,0.0,0.0,0.0,0.0,0.0,0.0,0.0,0.0,0.0,0.0,0.0,0.0,95.92349922256513,0.0,0.0,0.0,0.0,25.614794181732726,16.545186643483387,0.0,0.0,0.0,0.0,0.0,371.083085586958,0.0,0.0,0.0,0.0,0.0,-3.0493802597300865,0.0,0.0,0.0,0.0,0.0,0.0,0.0,0.0,0.0,0.0,0.0,0.0,0.0,0.0,0.0,0.0,0.0,0.0,-0.024395042077840687,0.0,0.0,1.2197521038920345,-736.0000244047645,0.0,0.0,0.0,0.0,386.57415776191453,0.0,0.0,0.0,2.1004131229021072,0.6098760519460172,0.0,0.0,0.0,0.024395042077840687,0.0,24.39504207784069,-7.562463044130613,4.879008415568138,0.17425030055600493,68.06216739717551,-0.018296281558380516,967.3423614314876,0.4879008415568138,-0.12197521038922332,-68.06216739717551,7.318512623352207,-0.02439504207784069,23.22037009789752,218.9348728719875,0.006098760519460173,0.17425030055600493,-69.66111029369256,-18.550459102282076,86.48972168926315,-220.15608028620872,-0.02439504207784069,0.006098760519460173,-68.06216739717551,107.24995931201445,0.02439504207784069,0.024395042077840687,-371.0318559985945,-14.639933857204031,-28.03803448121795,-0.018296281558380516,7.318512623352207,0.02439504207784069,121.53764446295577,102.02161080068322,-0.012197521038920345,28.12648369716257,-2.4638992498619094,-0.018296281558380516,-0.02439504207784069,-7.562463044130613,0.024395042077840687,2.439504207784069,-0.4879008415568138,0.0,0.0,-2.4395042077840685,220.15608028620872,0.0,4.879008415568138,0.03659256311676103,-1000.0,2.439504207784069,-222.53917659501997,218.9348728719875,-4.879008415568138,0.012197521038920345,0.2439504207784069,133.82428481851971,-64.4789012906977,-0.024395042077840687,-376.57197005447216,371.0318559985945,7.562463044130613,0.02439504207784069,18.550459102282076,-29.368764565255447,218.9348728719875,-0.024395042077840687,-0.006098760519460173,-218.9348728719875,-0.02439504207784069,-97.56049579221593,0.02439504207784069,-0.006098760519460173,-0.006098760519460173,-0.006098760519460173,9.758016831136276,-102.02161080068322,0.2439504207784069,18.07367679941983,-0.006098760519460173,244.4281995391419,1.2197521038920345,50.0,0.024395042077840687,0.012197521038920345,0.012197521038920345,-81.38013823717945,7.562463044130613,0.024395042077840687,-7.562463044130613,0.2439504207784069,0.02439504207784069,-18.07367679941983,0.02439504207784069,0.09758016831136729,0.12197521038922332,0.012197521038920345,0.006098760519460173,7.318512623352207,-0.02439504207784069,28.03803448121795,-43.244860844631575,-36.14735359883966,966.7324853795416,-2.439504207784069,4.879008415568138,1.2197521038920345,-0.02439504207784069,69.66111029369256,0.03659256311676103,-0.02439504207784069,162.7602764743589,7.562463044130613,145.6957960914787,0.012197521038920345,-100.0,-0.02439504207784069,-0.02439504207784069,-0.02439504207784069,0.012197521038920345,68.06216739717551,-4.879008415568138,0.024395042077840687,267.64856963703943,-0.006098760519460173,14.639933857204031,-267.64856963703943,3.659256311676103,2.4638992498619094,320.81033815854624,68.06216739717551,-0.018296281558380516,376.57197005447216,64.4789012906977,0.02439504207784069,-0.0060987605194601745,211.8391282436834,24.39504207784069,-0.012197521038920345,-0.02439504207784069,0.006098760519460173,470.7139134129129,0.0,768.7667505170323,0.0,-255.0,0.0,331.3839032867444,-140.0,104.81045510423039,-80.0,-255.0,-325.0,-231.22105196192877,40.0,127.5,127.5,-104.81045510423039,70.0,-371.083085586958,-80.16864749644225,231.22105196192877,325.0,-80.16864749644225,-331.3839032867444,179.15658182210788,0.0,1496.5981,hplb
164,0.0,0.0,0.0,0.0,0.0,0.0,0.0,0.0,-0.048987351394882986,0.0,0.0,0.0,0.0,0.0,0.0,0.0,-267.9404311060538,567.9404311060538,0.0,0.0,0.0,0.0,0.0,126.77440665068622,0.0,447.84300439222284,0.0,0.0,0.0,-471.6951952832984,0.0,0.0,83.72915058129831,0.0,0.0,0.0,0.0,-85.20134211445367,0.0,-1000.0,1000.0,0.0,-818.1711857812899,133.83694924769088,0.0,0.0,0.0,44.664791905306714,0.0,-190.36123061038214,0.0,-181.8288142187101,0.0,0.05388608653425386,0.0,0.0,0.0,0.0,0.0,0.0,87.69603935579843,0.0,188.33453695012892,0.0,0.0,0.0,0.0,0.0,0.0,392.8228765756331,0.0,0.4898735139488299,0.0,0.0,0.0,0.0,0.0,0.0,0.0,0.0,0.0,0.0,0.0,0.0,29.392410836929795,0.0,0.0,0.0,1000.0,13.424956145987059,-0.012246837848720746,0.0,0.0,426.3127021921394,14.696205418464897,0.0,14.696205418464897,-1.5773927149166953,0.0,0.0,0.0,2.4493675697441493,-1000.0,0.0,0.0,-8.341637511225679,637.0446026755914,0.0,0.0,0.0,0.0,0.0,0.0,0.0,0.0,0.0,0.0,0.0,0.0,0.0,0.0,0.0,0.0,0.0,-845.1194339717615,0.0,0.0,14.696205418464897,0.0,15.186078932413725,0.0,0.0,-596.9389753352916,0.0,596.9389753352916,-596.9389753352916,0.0,0.0,0.0,-276.03057630592735,0.0,0.0,0.0,0.0,0.0,3.7720260574060056,0.048987351394882986,0.0,0.0,0.0,0.0,-637.0446026755914,0.0,0.0,0.0,0.0,232.63806544740825,0.0,0.0,0.0,0.0,0.0,199.10845762854927,199.10845762854927,0.0,0.0,0.0,0.0,-217.51245733555157,0.0,0.0,199.1574449799442,0.0,0.0,0.0,-226.20804101313024,0.0,0.0,0.0,0.0,0.0,0.0,0.0,0.0,0.0,0.0,-13.810775413564723,0.0,0.0,0.0,0.0,-1000.0,0.0,0.0,0.0,0.0,0.0,190.36123061038214,1000.0,-713.424956145987,713.424956145987,276.03057630592735,0.0,0.0,0.0,0.0,0.0,0.0,528.3048047167016,15.122194363325207,0.0,0.0,0.0,0.0,0.0,0.0,0.0,0.0,0.0,0.0,0.0,0.0,0.0,108.49976584748435,81.74208097731186,-260.3643736106478,0.0,0.0,0.0,0.0,-276.03057630592735,0.0,0.0,0.0,0.0,87.69603935579843,-394.2013228583387,0.0,0.0,378.425341169962,0.0,0.0,0.0,0.0,0.0,0.0,54.46226218428331,0.0,0.0,-537.219748441277,358.03402192342014,286.57504385401296,0.0,260.3643736106478,0.0,0.0,276.03057630592735,0.0,0.0,0.0,0.0,-265.9190877198838,0.0,0.0,-1000.0,-937.5,0.0,-1000.0,937.5,0.0,286.57504385401296,0.0,-327.3133392586434,190.36123061038214,0.0,136.67471039172352,0.0,0.0,0.0,-147.7773405021408,0.0,147.7773405021408,0.0,1000.0,0.0,0.0,0.0,0.0,0.0,0.0,87.69603935579843,-0.07348102709232447,0.0,0.0,0.0,0.0,0.048987351394882986,0.0,0.0,0.0,985.3037945815352,-267.9404311060538,0.0,-511.7055555012208,137.81179843224365,0.0,880.021185066348,0.0,0.0,0.0,-8.341637511225679,0.0,0.0,0.0,-4.217810955099307,0.0,4.217810955099307,-1000.0,-883.3810432553894,0.0,0.0,0.0,0.0,0.0,0.0,0.0,0.0,0.0,0.0,0.0,0.0,0.0,0.0,0.0,0.0,378.425341169962,-582.1056332167595,0.0,-1000.0,0.0,502.8997594921129,0.0,0.0,0.0,0.0,-3.7720260574060056,0.0,0.0,0.0,0.0,0.0,132.45259428001705,1000.0,0.0,-1.2246837848720746,-132.45259428001705,-385.443285171227,0.0,0.0,-70.17927960830926,-1000.0,-2.4493675697441493,802.5759467154436,0.0,-2.4493675697441493,0.0,0.0,337.22475027380597,-684.5173859896851,0.0,14.696205418464842,0.0,0.0,0.0,0.0,0.0,0.0,0.0,-108.49976584748435,108.49976584748435,108.49976584748435,253.54416723224907,0.0,0.0,-800.9405297228456,0.0,0.0,528.3048047167016,0.0,0.0,-100.63849759433049,0.0,0.0,134.67502035211677,0.0,0.0,0.0,0.0,67.04587555884696,0.09797470278989498,0.0,0.0,0.0,0.0,0.0,0.0,0.0,0.0,0.0,392.8228765756331,0.0,0.0,0.0,0.0,0.0,0.0,0.0,0.0,0.0,0.05388608653425386,0.05388608653425386,0.0,326.0995502741641,0.0,29.392410836929795,0.0,0.0,0.0,1000.0,0.0,605.4764683027747,0.0,0.0,0.0,194.8696298902868,-1000.0,0.0,0.0,0.0,0.0,0.0,134.67502035211677,0.0,0.0,0.0,0.0,0.0,0.0,0.0,281.7064779905872,-985.3037945815352,0.0,0.0,3.7720260574060056,0.0,-573.6872978078607,1000.0,1000.0,0.0,194.8696298902868,0.0,-738.0844945508662,1000.0,0.0,0.0,108.49976584748435,0.0,0.0,0.0,0.0,0.0,0.0,0.0,0.0,0.0,0.0,0.0,0.0,0.0,29.392410836929795,276.03057630592735,276.03057630592735,0.0,0.0,0.0,0.0,0.0,0.0,0.0,0.0,0.0,0.0,0.4898735139488299,0.0,0.0,0.0,0.0,0.0,1000.0,0.0,0.0,14.696205418464897,0.0,0.0,0.0,0.0,0.0,0.0,0.0,0.0,0.0,0.0,186.23337867724757,0.0,0.0,14.696205418464897,14.696205418464897,293.9569164333378,-1000.0,0.0,134.67502035211677,0.0,0.0,0.0,0.0,0.0,1000.0,528.3048047167016,928.5878555060003,0.048987351394882986,0.0,0.0,-224.18103102007933,288.87582673007876,0.0,0.0,-426.3127021921394,0.0,0.0,0.0,0.0,0.0,0.0,0.0,0.0,0.0,0.0,0.0,0.0,0.0,0.0,0.048987351394882986,0.0,0.0,0.0,0.0,0.0,0.0,0.0,0.0,502.8997594921129,0.0,0.0,0.0,0.0,-421.66639284064644,-3.6740513546162243,-2.4493675697441493,0.0,0.0,0.0,0.0,0.0,0.0,0.0,0.0,0.0,0.0,0.0,0.0,276.03057630592735,0.0,0.0,0.0,339.6741178435501,0.0,0.0,0.0,-0.048987351394882986,0.0,0.0,0.048987351394882986,0.0,0.048987351394882986,0.0,0.0,0.0,29.392410836929795,59.76456870175725,59.76456870175725,0.0,0.0,0.0,0.0,0.0,0.0,0.0,0.0,0.0,528.3048047167016,0.0,0.0,0.0,0.0,0.0,0.0,0.0,0.0,0.0,0.0,0.0,0.0,0.0,0.0,0.0,0.0,0.0,0.0,0.0,-447.84300439222284,447.84300439222284,0.07348102709232447,0.0,0.0,0.0,-14.696205418464897,0.0,0.0,0.0,0.0,0.0,-326.0995502741641,2.4493675697441493,0.0,0.0,0.0,0.0,217.51245733555157,0.0,0.0,0.0,0.0,0.0,0.0,0.0,0.0,0.0,276.03057630592735,0.0,0.0,0.0,217.59978442667972,0.0,315.2025297210234,-8.341637511225679,3.7720260574060056,-3.7720260574060056,0.0,0.0,0.0,-59.76456870175725,0.0,2.4493675697441493,1000.0,0.0,0.0,0.0,-100.63849759433049,0.0,0.0,0.0,0.0,0.0,0.0,0.0,0.0,0.0,10.136724058948431,-3.674051354616438,59.76456870175725,0.0,0.0,0.0,0.0,0.0,0.0,0.0,0.0,0.0,0.0,0.0,0.0,333.44765298339655,-457.51767228563244,390.559664665024,-818.1711857812899,14.696205418464897,0.0,0.0,0.0,0.0,-15.579537110370268,0.0,0.0,0.05388608653425386,0.0,0.0,0.0,29.882284350878624,0.0,0.0,0.0,0.0,81.74208097731186,0.0,637.0446026755914,0.0,0.0,0.0,0.0,0.0,0.0,0.0,0.0,817.5238266314637,0.004898735139488299,0.0,0.0,0.0,0.0,0.0,0.0,0.0,0.0,0.0,-224.18103102007933,0.0,0.0,0.0,0.0,0.0,326.0995502741641,0.0,0.0,0.0,0.0,0.0,0.0,0.0,190.36123061038214,0.0,0.0,0.0,0.0,0.0,136.80579852924907,567.9404311060538,0.0,0.0,0.0,29.3924108369298,0.0,0.0,0.0,0.0,0.0,328.28960822556314,-357.68201906249294,0.0,0.0,0.0,0.0,0.0,0.0,0.0,0.0,0.0,0.0,0.0,0.0,-1000.0,-1000.0,33.55633570549485,-14.696205418464897,0.0,0.0,417.6984173776592,0.0,0.0,0.0,0.0,0.0,0.0,0.0,0.0,0.0,0.0,0.0,0.0,0.0,0.0,0.0,0.0,0.0,-6.123418924360374,276.03057630592735,-3.6740513546162243,0.0,0.0,0.0,0.0,0.0,0.0,-0.6123418924360373,0.0,100.63849759433049,0.0,0.0,0.0,0.0,0.0,0.0,0.0,811.9688987613897,14.696205418464897,14.696205418464897,0.0,0.0,0.0,0.0,0.0,0.05388608653425386,326.0995502741641,0.0,0.0,-417.6984173776592,817.5189278963243,0.0,0.0,0.0,0.0,0.0,0.0,0.0,0.0,0.0,0.0,0.0,0.0,0.0,0.0,0.0,0.0,0.0,0.0,51.43671896462714,3.7720260574060056,0.0,0.0,0.0,0.0,0.0,326.0995502741641,0.0,-4.026760284660845,0.0,0.0,0.0,-6.123418924360374,0.0,0.0,0.0,0.0,0.0,0.0,0.0,0.0,0.0,0.0,0.0,0.0,0.0,0.0,0.0,0.0,0.0,0.0,-0.048987351394882986,0.0,0.0,2.4493675697441493,-194.8696298902868,0.0,0.0,0.0,0.0,276.03057630592735,0.0,0.0,0.0,4.217810955099307,1.2246837848720746,0.0,0.0,447.84300439222284,0.048987351394882986,0.0,48.987351394882985,-15.186078932413725,9.797470278976599,0.3499096528205928,136.67471039172352,-0.036740513546162236,2.4493675697441493,0.9797470278976598,-0.24493675697610406,-136.67471039172352,14.696205418464897,-0.048987351394882986,2.7805458370752265,134.67502035211677,0.012246837848720746,0.3499096528205928,-8.341637511225679,-7.79878634206685,-0.9797470278976598,-300.0,-0.048987351394882986,0.012246837848720746,-136.67471039172352,4.8987351394882985,0.048987351394882986,0.048987351394882986,-325.99667683623494,0.053886086534360125,0.0,-0.036740513546162236,14.696205418464897,0.048987351394883,14.696205418464897,-24.493675697441496,-0.024493675697441493,-215.95479042495688,271.0828538150442,-0.036740513546162236,-0.048987351394882986,-15.186078932413725,0.048987351394882986,4.8987351394882985,-0.9797470278976598,0.0,0.0,-4.8987351394882985,300.0,0.0,9.797470278976597,0.07348102709232447,-867.5569572493,4.8987351394882985,-281.7064779905872,134.67502035211677,-9.797470278976597,0.024493675697441493,0.4898735139488299,127.9263888753052,227.3972547056563,-0.048987351394882986,-337.121704338013,325.99667683623494,15.186078932413725,0.048987351394882986,7.79878634206685,75.89019867825712,134.67502035211677,-0.048987351394882986,-0.012246837848720746,-134.67502035211677,-0.048987351394882986,-569.9987271167444,0.048987351394882986,-0.012246837848720746,-0.012246837848720746,-0.012246837848720746,19.594940557953194,24.493675697441496,0.4898735139488299,177.60890019174596,-0.012246837848720746,253.07223191353515,2.4493675697441493,-31.073570209679332,0.048987351394882986,0.024493675697441493,0.024493675697441493,72.23624531554668,15.186078932413725,0.048987351394882986,-15.186078932413725,0.4898735139488299,0.048987351394882986,-460.239692645864,0.048987351394882986,0.19594940558124563,0.24493675697610406,0.024493675697441493,0.012246837848720746,14.696205418464897,-0.048987351394882986,0.0,0.4898735139488299,-355.2178003834919,1.224683784872075,-4.8987351394882985,9.797470278976597,2.4493675697441493,-0.048987351394882986,8.341637511225679,0.07348102709232447,-0.048987351394882986,-144.47249063109336,15.186078932413725,155.7633297099777,0.024493675697441493,62.147140419358664,-0.048987351394883,-0.048987351394882986,-0.048987351394882986,0.024493675697441493,136.67471039172352,-9.797470278976597,0.048987351394882986,255.8527777506104,-0.012246837848720746,-0.053886086534360125,-255.8527777506104,7.348102709232448,-271.0828538150442,311.89428846600504,136.67471039172352,-0.036740513546162236,337.121704338013,-227.3972547056563,0.048987351394882986,-0.01224683784872075,2.4493675697441493,48.987351394882985,-0.024493675697441493,-0.048987351394882986,0.012246837848720746,1000.0,0.0,567.5324635736026,282.630792454118,-255.0,0.0,293.18651016196026,-93.15340855835079,0.0,421.08844089065724,-255.0,-325.0,-300.0,-210.54422044532862,127.5,127.5,0.0,46.576704279175395,-326.0995502741641,-140.18379259960744,300.0,325.0,-140.18379259960744,-293.18651016196026,106.19878817210743,0.0,1496.5981,hplb
165,0.0,0.0,0.0,0.0,0.0,0.0,0.0,0.0,-0.1135440424657522,0.0,0.0,0.0,0.0,0.0,0.0,0.0,0.0,0.0,0.0,300.0,0.0,0.0,0.0,827.7152975219941,0.0,0.0,0.0,0.0,0.0,-896.848376470562,58.01712601304295,-58.01712601304295,62.111919189862924,0.0,0.0,0.0,0.0,999.545823830139,0.0,-1000.0,0.05477708362559497,0.0,-955.1570327564194,269.26986009235225,0.0,0.0,0.0,0.0,-327.57851637820977,0.0,0.0,0.0,0.0,0.1248984467124397,0.0,0.0,0.0,22.70880849315044,0.0,0.0,51.28096757243816,0.0,190.57739717736922,0.0,0.0,0.0,0.0,0.0,0.0,0.0,0.0,1.135440424657522,0.0,0.0,0.0,0.0,0.0,0.0,0.0,3.1467173629341243,0.0,0.0,19.038339199120983,0.0,68.12642547945133,0.0,0.0,0.0,899.7603075700094,0.0,505.47476536802367,0.0,0.0,0.0,34.063212739725664,0.0,34.063212739725664,-61.673244180440406,0.0,0.0,19.038339199120983,5.67720212328761,-896.848376470562,0.0,0.0,-75.37875747164385,0.0,0.0,0.0,0.0,0.0,0.0,0.0,0.0,0.0,0.0,0.0,0.0,0.0,0.0,0.0,0.0,0.0,0.0,-1000.0,0.0,0.0,34.063212739725664,0.0,35.19865316438318,15.050123557769155,0.0,0.0,0.0,0.0,0.0,426.5071491460875,-343.687500000002,343.687500000002,-668.3655138958952,0.0,0.0,0.0,0.0,0.0,-10.295447929258065,0.1135440424657522,505.5031513786401,0.0,0.0,0.0,0.0,0.0,0.0,0.0,0.0,281.8971837382991,0.0,0.0,0.0,0.0,0.0,155.9884924258581,155.9884924258581,0.0,0.0,0.0,0.0,0.0,0.0,0.0,214.1191624813669,0.0,0.0,0.0,-701.7936906290545,0.0,0.0,0.0,0.0,0.0,0.0,0.0,0.0,0.0,0.0,-1000.0,0.0,0.0,0.0,0.0,-578.5762868148173,0.0,0.0,0.0,0.0,0.0,0.0,955.1570327564194,-627.5785163782098,627.5785163782098,241.85836474980772,0.0,0.0,0.0,0.0,0.0,0.0,0.0,280.631217987932,0.0,0.0,0.0,0.0,0.0,0.0,0.0,0.0,0.0,0.0,0.0,0.0,0.0,0.0,-54.58238301369912,269.26986009235225,0.0,0.0,0.0,0.0,158.53205171095902,0.0,0.0,0.0,0.0,51.28096757243816,0.0,58.01712601304295,0.0,471.40052256292915,0.0,0.0,0.0,0.0,0.0,0.0,0.0,0.0,0.0,-491.21000624921305,80.97178494258674,0.0,0.0,-269.26986009235225,0.0,0.0,241.85836474980772,-58.324644662344326,0.0,0.0,0.0,-101.73232299861604,0.0,0.0,528.2364822625373,0.0,1000.0,-471.76351773746273,1000.0,0.0,272.18179119179973,0.0,0.0,0.0,0.0,-53.5022908657798,0.0,0.0,0.0,0.0,0.0,0.0,0.0,1000.0,0.0,0.0,605.6428769770549,0.0,0.0,0.0,51.28096757243816,-0.17031606369862828,0.0,0.0,0.0,0.0,0.1135440424657522,0.0,0.0,0.0,144.1226576143249,0.0,0.0,-492.26960025722036,598.8380193660532,0.0,-3.9578936837294663,0.0,0.0,0.0,-75.37875747164385,0.0,0.0,0.0,-9.776142056301374,0.0,9.776142056301374,-1000.0,-1000.0,0.0,0.0,0.0,0.0,0.0,0.0,0.0,0.0,0.0,0.0,0.0,0.0,0.0,0.0,0.0,0.0,471.40052256292915,644.4734982483935,0.0,-355.5265017516065,0.0,0.0,0.0,0.0,0.0,448.32298132146934,68.31257394230101,0.0,0.0,0.0,0.0,0.0,0.0,0.0,-1000.0,0.0,0.0,305.65967855266933,-5.67720212328761,-31.79680276962314,-130.86639246681358,0.0,994.3227978767123,0.0,-2.838601061643805,0.0,-661.1771513750534,0.0,161.1671428976523,555.2486181607262,-718.6875000000067,34.063212739725664,0.0,0.0,0.0,68.30076858367353,0.0,0.0,0.0,0.0,0.0,0.0,239.36918039481986,0.0,0.0,-786.1079256035646,0.0,0.0,0.0,0.0,0.0,-139.29642960493106,0.0,968.7499999999905,38.075883507080725,0.0,0.0,0.0,0.0,-88.64559575342479,0.2270880849313785,0.0,0.0,0.0,0.0,0.0,0.0,0.0,0.0,0.0,0.0,0.0,0.0,0.0,0.0,0.0,0.0,0.0,0.0,0.0,0.1248984467124397,0.1248984467124397,58.01712601304295,257.29119150684954,0.0,68.12642547945133,0.0,0.0,0.0,1000.0,0.0,0.0,0.0,0.0,0.0,819.8728943100189,-1000.0,0.0,0.0,0.0,0.0,0.0,38.075883507080725,0.0,0.0,0.0,0.0,0.0,0.0,0.0,333.3333333333333,-144.1226576143249,0.0,0.0,8.742891269862918,0.0,0.0,0.0,-400.39041646076674,0.0,819.8728943100189,0.0,1000.0,-268.77270144340594,475.8081573292299,-475.8081573292299,0.0,0.0,0.0,0.0,0.0,0.0,0.0,0.0,0.0,0.0,0.0,0.0,0.0,0.0,68.12642547945133,241.85836474980772,241.85836474980772,0.0,0.0,0.0,0.0,0.0,0.0,0.0,0.0,0.0,0.0,1.135440424657522,0.0,58.01712601304295,0.0,0.0,58.01712601304295,955.1570327564194,0.0,0.0,34.063212739725664,0.0,0.0,0.0,0.0,0.0,0.0,0.0,0.0,0.0,0.0,1000.0,0.0,0.0,34.063212739725664,34.063212739725664,7.466968210698491,-1000.0,0.0,38.075883507080725,0.0,0.0,0.0,0.0,0.0,896.848376470562,0.0,1000.0,0.1135440424657522,0.0,0.0,0.0,89.75063442244429,0.0,0.0,0.0,0.0,0.0,0.0,0.0,0.0,0.0,0.0,0.0,0.0,0.0,0.0,0.0,0.0,0.0,0.1135440424657522,0.0,0.0,0.0,0.0,0.0,0.0,0.0,0.0,0.0,-699.8942654702623,768.2068394125633,0.0,0.0,-1000.0,-8.515803184931416,0.0,-5.67720212328761,0.0,0.0,0.0,0.0,0.0,0.0,0.0,0.0,0.0,0.0,0.0,241.85836474980772,0.0,0.0,0.0,-551.8431549790668,0.0,0.0,0.0,-0.1135440424657522,0.0,0.0,0.1135440424657522,0.0,0.1135440424657522,0.0,0.0,0.0,68.12642547945133,138.5237318082177,138.5237318082177,0.0,0.0,0.0,0.0,0.0,0.0,0.0,0.0,0.0,0.0,0.0,0.0,0.0,0.0,0.0,0.0,0.0,0.0,0.0,0.0,0.0,0.0,0.0,0.0,0.0,0.0,0.0,400.39041646076674,0.0,0.0,0.0,0.17031606369862828,0.0,0.0,0.0,-34.063212739725664,0.0,0.0,0.0,0.0,0.0,-257.29119150684954,5.67720212328761,0.0,0.0,0.0,0.0,0.0,0.0,-5.67720212328761,0.0,968.7499999999905,0.0,0.0,0.0,0.0,0.0,241.85836474980772,0.0,0.0,937.5609578091646,257.29119150684954,0.0,302.29119150684954,-75.37875747164385,0.0,768.2068394125633,0.0,-768.2068394125633,0.0,-196.84837647056202,0.0,5.67720212328761,1000.0,0.0,0.0,-58.01712601304295,-139.29642960493106,531.2500000000005,-531.2500000000005,0.0,0.0,0.0,0.0,0.0,0.0,0.0,991.4841968150686,-8.515803184931428,138.5237318082177,0.0,0.0,0.0,58.01712601304295,0.0,0.0,0.0,0.0,0.0,0.0,0.0,0.0,274.3227978767124,-89.75063442244429,-782.3335753293236,-955.1570327564194,34.063212739725664,0.0,0.0,0.0,0.0,16.7112412687097,0.0,0.0,0.1248984467124397,0.0,0.0,0.0,69.26186590410884,0.0,0.0,0.0,0.0,-54.58238301369912,0.0,0.0,0.0,0.0,0.0,0.0,0.0,0.0,0.0,0.0,0.01135440424657522,0.01135440424657522,0.0,0.0,0.0,0.0,0.0,0.0,0.0,0.0,0.0,0.0,58.01712601304295,0.0,0.0,0.0,0.0,257.29119150684954,0.0,0.0,0.0,0.0,0.0,0.0,0.0,0.0,0.0,0.0,0.0,0.0,927.5785163782098,0.0,0.0,0.0,0.0,0.0,68.12642547945133,0.0,0.0,0.0,0.0,0.0,931.8735745205487,-1000.0,0.0,0.0,0.0,0.0,0.0,0.0,0.0,0.0,0.0,58.01712601304295,58.01712601304295,0.0,-1000.0,-1000.0,77.77766908904027,-34.063212739725664,0.0,0.0,999.545823830139,0.0,0.0,0.0,0.0,0.0,0.0,0.0,0.0,0.0,0.0,0.0,0.0,0.0,0.0,0.0,0.0,0.0,-14.193005308219025,241.85836474980772,-8.515803184931416,0.0,0.0,0.0,0.0,0.0,0.0,-1.4193005308219027,0.0,139.29642960493106,0.0,0.0,0.0,0.0,0.0,0.0,0.0,1000.0,34.063212739725664,34.063212739725664,0.0,0.0,0.0,0.0,3.1467173629341243,0.1248984467124397,257.29119150684954,0.0,0.0,-999.545823830139,0.0,0.0,0.0,0.0,0.0,0.0,0.0,0.0,0.0,0.0,0.0,0.0,0.0,0.0,0.0,0.0,0.0,15.050123557769155,0.0,119.22124458903983,8.742891269862918,0.0,0.0,0.0,0.0,0.0,257.29119150684954,0.0,-61.673244180440406,0.0,0.0,0.0,-14.193005308219025,0.0,0.0,0.0,0.0,0.0,0.0,0.0,0.0,0.0,0.0,0.0,0.0,0.0,0.0,0.0,0.0,0.0,0.0,-0.1135440424657522,0.0,0.0,5.67720212328761,-819.8728943100189,0.0,0.0,0.0,0.0,241.85836474980772,0.0,0.0,0.0,9.776142056301374,2.838601061643805,0.0,0.0,0.0,0.1135440424657522,0.0,113.54404246575218,-20.148529606614034,22.708808493150443,0.8110288747553728,346.88812559498695,-0.08515803184931414,5.67720212328761,2.270880849315044,-0.5677202123266625,-346.88812559498695,34.063212739725664,-0.1135440424657522,25.12625249054795,38.075883507080725,0.02838601061643805,0.8110288747553728,-75.37875747164385,-18.07621156054797,55.746245163727906,-300.0,-0.1135440424657522,0.02838601061643805,-346.88812559498695,172.3651330423758,0.1135440424657522,0.1135440424657522,-257.0527490176713,0.12489844671232742,0.0,-0.08515803184931414,34.063212739725664,0.1135440424657522,34.063212739725664,-56.7720212328761,-0.0567720212328761,-131.13966879501137,-170.0,-0.08515803184931414,-0.1135440424657523,-20.148529606614034,0.1135440424657522,11.35440424657522,-2.270880849315044,400.39041646076674,400.39041646076674,-11.354404246575228,300.0,-400.39041646076674,22.70880849315044,0.17031606369862828,-1000.0,11.35440424657522,-333.3333333333333,38.075883507080725,-22.70880849315044,0.0567720212328761,1.135440424657522,123.06740006430509,280.0,-0.1135440424657522,-282.8386010616438,257.0527490176713,35.19865316438318,0.1135440424657522,18.07621156054797,-259.1876962476223,38.075883507080725,-0.1135440424657522,-0.02838601061643805,-38.075883507080725,-0.1135440424657522,-88.64559575342479,0.11354404246579558,-0.02838601061643805,-0.02838601061643805,-0.02838601061643805,45.41761698630088,56.7720212328761,1.135440424657522,329.64178755457027,-0.02838601061643805,221.00854763806223,5.67720212328761,50.0,0.1135440424657522,0.0567720212328761,0.0567720212328761,30.39234600011558,20.148529606614034,0.1135440424657522,-20.148529606614034,1.135440424657522,0.1135440424657522,-820.6814777400847,0.1135440424657522,0.45417616986097187,0.5677202123266625,0.0567720212328761,0.02838601061643805,34.063212739725664,-0.1135440424657522,0.0,-27.873122581863953,-659.2835751091405,2.838601061643806,-11.35440424657522,22.70880849315044,5.67720212328761,-0.1135440424657522,75.37875747164385,0.17031606369862828,-0.1135440424657522,-60.78469200023116,20.148529606614034,221.21720428806097,0.0567720212328761,-100.0,-0.1135440424657522,-0.11354404246579558,-0.1135440424657522,0.05677202123287615,346.88812559498695,-22.70880849315044,0.1135440424657522,246.13480012861018,-0.02838601061643805,-0.12489844671232742,-246.13480012861018,17.03160636986283,170.0,481.09572139876735,346.88812559498695,-0.08515803184931414,282.8386010616438,-280.0,0.1135440424657522,-0.028386010616438043,5.67720212328761,113.54404246575218,-0.0567720212328761,-0.1135440424657522,0.02838601061643805,0.0,0.0,727.7614367869675,491.0396901855144,-107.8791254921673,0.0,587.7410528422156,-140.0,161.01072879580056,-80.0,-255.0,-325.0,-272.18179119179973,40.0,53.939562746083645,127.5,-161.01072879580056,70.0,-257.29119150684954,-237.92844555677067,272.18179119179973,325.0,-237.92844555677067,-587.7410528422156,417.78717242163134,0.0,1496.5981,hplb
166,0.0,0.0,0.0,0.0,0.0,0.0,0.0,0.0,285.7981244202401,0.0,0.0,0.0,0.0,0.0,0.0,0.0,93.65427994706508,-272.6203122883707,0.0,328.5078850867383,0.0,0.0,0.0,169.01859577031544,0.0,0.0,0.0,0.0,0.0,937.5957200529343,0.0,0.0,131.97674492263397,0.0,0.0,0.0,0.0,0.0,0.0,-1000.0,826.5155019660081,0.0,0.0,-1000.0,0.0,0.0,0.0,0.0,-1000.0,-41.32495520997304,0.0,31.249999999999396,0.0,0.12177321612095306,0.0,0.0,0.0,22.140584749326965,0.0,0.0,-9.74923748462026,0.0,972.346170767401,962.5969332827807,0.0,0.0,0.0,0.0,0.0,0.0,0.0,1.1070292374663484,0.0,0.0,0.0,0.0,0.0,0.0,0.0,0.0,0.0,0.0,0.0,0.0,66.4217542479809,0.0,0.0,498.3393982270785,476.158338832911,-887.3601642616225,-0.027675730936658708,0.0,0.0,0.0,33.21087712399045,0.0,301.343913284665,0.0,0.0,0.0,0.0,359.6436633717592,937.5957200529343,0.0,0.0,-5.576720462565761,0.0,0.0,0.0,0.0,0.0,0.0,0.0,0.0,0.0,0.0,0.0,0.0,0.0,0.0,0.0,0.0,0.0,0.0,-493.93025939134805,0.0,0.0,301.343913284665,0.0,34.31790636145679,21.691712345734828,0.0,0.0,0.0,0.0,0.0,-1000.0,0.0,0.0,1000.0,0.0,0.0,0.0,0.0,0.0,8.524125128490876,0.11070292374663483,0.0,0.0,0.0,-399.117836115276,0.0,0.0,0.0,81.35432975959476,0.0,749.2673735530851,0.0,0.0,0.0,0.0,0.0,430.8881505210192,430.8881505210192,0.0,0.0,0.0,0.0,798.0833454766121,0.0,0.0,430.99885344476587,0.0,0.0,0.0,-440.646982722909,-229.45397808308098,0.0,0.0,0.0,0.0,0.0,0.0,0.0,0.0,0.0,-100.74210180508865,0.0,0.0,0.0,0.0,-1000.0,0.0,0.0,0.0,0.0,0.0,41.32495520997304,-31.249999999999396,411.2018254287115,-411.2018254287115,0.0,0.0,0.0,0.0,0.0,0.0,0.0,0.0,-311.8606141023803,0.0,0.0,0.0,0.0,0.0,0.0,0.0,0.0,0.0,0.0,0.0,0.0,0.0,4.766877452599179,611.5320417746045,0.0,0.0,0.0,0.0,0.0,0.0,0.0,0.0,0.0,0.0,-9.74923748462026,1000.0,0.0,0.0,187.73258078115487,0.0,0.0,0.0,0.0,0.0,159.81226261897427,0.0,268.1330361606746,0.0,-905.0302740485361,-840.0737606443367,-121.70877634420933,0.0,0.0,0.0,0.0,0.0,0.0,0.0,0.0,0.0,9.50546794005487,0.0,0.0,0.0,0.0,0.0,-1000.0,1000.0,-1000.0,887.3601642616225,0.0,1000.0,41.32495520997304,0.0,352.24458194458083,0.0,0.0,0.0,-348.2441148459055,0.0,348.2441148459055,0.0,1000.0,0.0,0.0,480.64601091166594,0.0,0.0,0.0,-9.74923748462026,-0.16605438561995223,0.0,0.0,0.0,0.0,0.11070292374663483,0.0,0.0,0.0,538.8438240963608,93.65427994706508,0.0,-952.8457155600078,516.7131487130692,229.45397808308098,1000.0,0.0,9.531521734584912,0.0,-5.576720462565761,0.0,0.0,0.0,-9.531521734584912,0.0,0.0,-245.80657824789273,-1000.0,0.0,0.0,0.0,0.0,0.0,0.0,0.0,0.0,0.0,0.0,0.0,0.0,0.0,0.0,0.0,0.0,187.73258078115487,-999.5571883050131,0.0,-1000.0,0.0,0.0,156.24762847433308,1000.0,0.0,0.0,-168.33638774746515,0.0,0.0,0.0,0.0,354.10851718442746,0.0,0.0,-1000.0,-136.22852893432486,0.0,-153.94343792943738,-5.535146187331741,-149.0614868248438,0.0,0.0,317.4105952204545,0.0,133.46095584065898,0.0,-18.282713992956587,0.0,0.0,1000.0,-71.95690043531263,301.343913284665,0.0,0.0,0.0,481.44895069304516,0.0,285.90882734398673,0.0,-4.766877452599179,4.766877452599179,4.766877452599179,-243.01281497980636,0.0,0.0,-569.2225524027274,0.0,0.0,0.0,0.0,0.0,-19.49847496924052,0.0,0.0,127.85941525067304,0.0,0.0,0.0,0.0,-88.92970762533652,0.22140584749322562,0.0,0.0,0.0,0.0,0.0,0.0,0.0,0.0,0.0,0.0,0.0,0.0,0.0,0.0,0.0,0.0,0.0,0.0,0.0,0.12177321612095306,0.12177321612095306,0.0,262.6262927032722,0.0,66.4217542479809,0.0,0.0,0.0,1000.0,0.0,0.0,0.0,0.0,0.0,525.3567529890146,-1000.0,0.0,0.0,0.0,0.0,0.0,127.85941525067304,0.0,0.0,0.0,0.0,0.0,0.0,0.0,164.64341979711602,-538.8438240963608,399.117836115276,0.0,8.524125128490876,0.0,0.0,0.0,0.0,0.0,525.3567529890146,0.0,436.4270453636781,0.0,0.0,0.0,4.766877452599179,0.0,0.0,0.0,0.0,0.0,0.0,0.0,0.0,0.0,0.0,0.0,0.0,0.0,66.4217542479809,0.0,0.0,0.0,0.0,0.0,0.0,0.0,0.0,0.0,0.0,0.0,0.0,1.1070292374663484,0.0,0.0,0.0,0.0,0.0,-31.249999999999396,0.0,0.0,301.343913284665,0.0,0.0,0.0,0.0,0.0,0.0,0.0,0.0,0.0,0.0,180.3102939924722,0.0,0.0,33.21087712399045,33.21087712399045,1000.0,-1000.0,0.0,127.85941525067304,0.0,0.0,0.0,0.0,0.0,-445.99171357439513,0.0,-412.788439757644,0.11070292374663483,0.0,0.0,0.0,59.43217612788416,0.0,0.0,0.0,0.0,0.0,0.0,0.0,0.0,0.0,0.0,0.0,0.0,0.0,0.0,0.0,0.0,0.0,0.11070292374663483,0.0,0.0,0.0,0.0,0.0,0.0,0.0,0.0,0.0,0.0,-12.08875927313207,-81.35432975959476,0.0,-0.4428116949868297,-8.302719280997612,-5.535146187331741,0.0,0.0,0.0,0.0,0.0,0.0,0.0,0.0,0.0,0.0,0.0,0.0,0.0,229.45397808308098,0.0,0.0,-66.4217542479809,0.0,0.0,0.0,285.7981244202401,0.0,0.0,0.11070292374663483,0.0,0.11070292374663483,0.0,0.0,0.0,66.4217542479809,135.05756697089447,135.05756697089447,0.0,0.0,0.0,0.0,0.0,0.0,0.0,399.117836115276,0.0,0.0,0.0,0.0,0.0,0.0,0.0,0.0,0.0,0.0,0.0,0.0,0.0,0.0,0.0,0.0,0.0,0.0,0.0,0.0,0.0,0.0,0.0,0.16605438561995223,0.0,0.0,0.0,-301.343913284665,0.0,0.0,0.0,0.0,0.0,-262.6262927032722,5.535146187331741,0.0,0.0,0.0,0.0,-798.0833454766121,168.33638774746515,0.0,0.0,0.0,0.0,0.0,0.0,0.0,0.0,0.0,0.0,0.0,308.16970924314523,257.859415250673,0.0,701.9772513659491,-5.576720462565761,0.0,0.0,0.0,0.0,81.35432975959476,-135.05756697089447,0.0,5.535146187331741,1000.0,0.0,0.0,0.0,-19.49847496924052,0.0,0.0,-468.7499999999987,468.7499999999987,0.0,0.0,0.0,0.0,0.0,371.6711137893585,-287.53445054626513,135.05756697089447,0.0,0.0,0.0,0.0,0.0,0.0,0.0,0.0,0.0,159.81226261897427,0.0,0.0,0.0,-59.43217612788416,0.0,0.0,33.21087712399045,0.0,0.0,0.0,0.0,295.65025480062803,0.0,0.0,0.12177321612095306,0.0,0.0,0.0,67.52878348544724,0.0,0.0,0.0,0.0,611.5320417746045,0.0,0.0,0.0,0.0,0.0,0.0,0.0,0.0,0.0,0.0,0.011070292374663492,0.011070292374663492,0.0,0.0,0.0,0.0,0.0,0.0,0.0,0.0,0.0,0.0,0.0,0.0,0.0,0.0,0.0,262.6262927032722,0.0,0.0,0.0,0.0,0.0,0.0,0.0,41.32495520997304,0.0,0.0,0.0,0.0,154.0012825630502,330.5651624178187,-272.6203122883707,0.0,0.0,0.0,66.4217542479809,0.0,0.0,0.0,0.0,0.0,391.87319491896903,-458.29494916694995,0.0,0.0,0.0,0.0,0.0,0.0,0.0,0.0,0.0,0.0,0.0,0.0,412.788439757644,245.79742823064646,75.83150276644486,-20.229901944205153,-281.11401134045985,0.0,0.0,0.0,0.0,0.0,0.0,0.0,0.0,0.0,0.0,0.0,0.0,0.0,0.0,0.0,0.0,0.0,0.0,0.0,-13.837865468329355,0.0,-362.4112364654251,279.23173126526746,0.0,0.0,0.0,0.0,0.0,0.0,-1.3837865468329353,100.85280472883528,0.0,0.0,0.0,0.0,0.0,0.0,0.0,1000.0,33.21087712399045,33.21087712399045,0.0,0.0,0.0,0.0,0.0,0.12177321612095306,262.6262927032722,0.0,0.0,0.0,0.0,0.0,0.0,0.0,0.0,0.0,0.0,0.0,0.0,0.0,0.0,0.0,0.0,0.0,0.0,0.0,0.0,21.691712345734828,0.0,116.23806993396657,8.524125128490876,0.0,0.0,0.0,0.0,0.0,262.6262927032722,0.0,-17.623905460463817,0.0,0.0,0.0,-13.837865468329355,0.0,0.0,0.0,0.0,0.0,0.0,0.0,0.0,0.0,0.0,0.0,0.0,0.0,0.0,0.0,0.0,0.0,0.0,-0.11070292374663483,0.0,0.0,5.535146187331741,-525.3567529890146,0.0,0.0,0.0,0.0,0.0,0.0,0.0,0.0,9.531521734584912,2.7675730936658707,0.0,0.0,0.0,0.11070292374663483,0.0,110.70292374663482,-12.626194015721921,22.140584749326965,0.7907351696188202,352.24458194458083,-0.08302719280997611,682.5894047795455,2.214058474932697,-0.5535146187334645,-352.24458194458083,33.21087712399045,-0.11070292374663483,1.8589068208552535,127.85941525067304,0.027675730936658708,0.7907351696188202,-5.576720462565761,-17.623905460463817,-2.214058474932697,-149.5418527454327,-0.11070292374663483,0.027675730936658708,-352.24458194458083,11.070292374663483,0.11070292374663483,0.11070292374663483,-262.3938165634046,0.12177321612129832,-209.753011622839,-0.08302719280997611,33.21087712399045,0.11070292374663483,301.343913284665,212.78157428735716,-0.055351461873317416,-528.3609210051146,-11.180995298410117,-0.08302719280997611,-0.11070292374663485,-12.626194015721921,0.11070292374663483,11.070292374663483,-2.214058474932697,0.0,0.0,-11.070292374663483,149.5418527454327,0.0,22.140584749326965,0.16605438561995223,338.39011165866395,11.070292374663483,-164.64341979711602,127.85941525067304,-22.140584749326965,0.055351461873317416,1.1070292374663484,238.21142889000194,280.0,-0.11070292374663483,-287.53445054626513,262.3938165634046,34.31790636145679,0.11070292374663483,17.623905460463817,-273.1171294059634,127.85941525067304,-0.11070292374663483,-0.027675730936658708,-127.85941525067304,-0.11070292374663483,-88.92970762533652,0.11070292374663483,-0.027675730936658708,-0.027675730936658708,-0.027675730936658708,44.28116949865393,-212.78157428735716,1.1070292374663484,137.5961963049665,-0.027675730936658708,474.5639509591486,5.535146187331741,50.0,0.11070292374663483,0.055351461873317416,0.055351461873317416,75.0,12.626194015721921,0.11070292374663483,-12.626194015721921,1.1070292374663484,0.11070292374663483,-248.75453165332536,0.11070292374663483,0.4428116949868297,0.5535146187334645,0.055351461873317416,0.027675730936658708,33.21087712399045,-0.11070292374663483,209.753011622839,1.1070292374663484,-275.192392609933,679.8218316858796,-11.070292374663483,22.140584749326965,5.535146187331741,-0.11070292374663483,5.576720462565761,0.16605438561995223,-0.11070292374663483,-150.0,12.626194015721921,17.90178138686713,0.055351461873317416,-100.0,-0.11070292374663483,-0.11070292374663483,-0.11070292374663483,0.05535146187331742,352.24458194458083,-22.140584749326965,0.11070292374663483,476.4228577800039,-0.027675730936658708,-0.12177321612129832,-476.4228577800039,16.60543856199522,11.180995298410117,-583.5675072882683,352.24458194458083,-0.08302719280997611,287.53445054626513,-280.0,0.11070292374663483,-0.02767573093665871,5.535146187331741,110.70292374663482,-0.055351461873317416,-0.11070292374663483,0.027675730936658708,0.0,0.0,-338.4454631205373,111.15833534835886,-255.0,0.0,184.37452610776722,-140.0,0.0,-80.0,-255.0,-325.0,0.0,40.0,127.5,127.5,0.0,70.0,-262.6262927032722,-313.55203618749516,0.0,325.0,-313.55203618749516,-184.37452610776722,223.21068156953356,0.0,1496.5981,hplb
167,0.0,0.0,0.0,0.0,0.0,0.0,0.0,0.0,440.3533590793503,0.0,0.0,0.0,0.0,0.0,0.0,0.0,-263.34113593228614,379.8164789451976,0.0,0.0,0.0,0.0,0.0,0.0,0.0,0.0,0.0,0.0,0.0,-955.9884489409058,129.3419992577459,-129.3419992577459,47.62811660658934,0.0,0.0,0.0,0.0,13.650014953590471,0.0,-1000.0,966.0011303984442,0.0,-246.7099937439615,0.0,0.0,0.0,184.73191733627414,0.0,291.47204835286664,0.0,0.0,318.85245722363624,0.0,0.12466252187268484,0.0,0.0,0.0,22.665913067703897,0.0,0.0,-43.47835655069025,0.0,1000.0,927.6730426811964,0.0,0.0,0.0,0.0,611.2098165795808,-299.33271624810277,0.0,1.133295653385195,0.0,0.0,0.0,0.0,0.0,0.0,0.0,0.0,0.0,0.0,0.0,0.0,67.99773920311168,0.0,0.0,0.0,546.353606855076,-722.7898560277755,-0.02833239133462987,0.0,0.0,-263.28473114960616,33.99886960155585,0.0,33.99886960155585,0.0,0.0,0.0,0.0,973.5108763709035,-955.9884489409058,0.0,0.0,0.0,0.0,0.0,0.0,0.0,0.0,0.0,0.0,0.0,0.0,0.0,0.0,0.0,0.0,0.0,0.0,0.0,0.0,0.0,-405.938550165739,0.0,0.0,33.99886960155585,0.0,35.13216525494105,0.0,0.0,-302.7877206213735,-613.5296982321069,916.3174188534804,-916.3174188534804,0.0,0.0,0.0,-28.84860076811333,0.0,0.0,0.0,0.0,0.0,8.726376531065995,0.11332956533851948,0.0,0.0,0.0,0.0,-405.5594251911372,0.0,0.0,0.0,0.0,720.2587085850746,0.0,0.0,0.0,0.0,0.0,686.0394129713185,686.0394129713185,0.0,0.0,0.0,843.75,0.0,0.0,0.0,815.4947417944029,0.0,0.0,0.0,374.927870492787,0.0,0.0,0.0,0.0,0.0,0.0,0.0,0.0,0.0,0.0,0.0,0.0,0.0,0.0,0.0,-1000.0,0.0,0.0,0.0,0.0,0.0,0.0,-72.14246347967475,241.73449213646632,-241.73449213646632,28.84860076811333,0.0,0.0,0.0,0.0,0.0,0.0,0.0,-306.27268354388167,0.0,0.0,0.0,0.0,0.0,0.0,0.0,0.0,0.0,0.0,0.0,0.0,0.0,21.200912797828437,350.891251326545,1000.0,0.0,0.0,0.0,0.0,-28.84860076811333,0.0,0.0,0.0,0.0,-43.47835655069025,1000.0,129.3419992577459,0.0,0.0,0.0,0.0,0.0,0.0,0.0,376.54010424411683,0.0,0.0,0.0,-986.3009863080695,-928.3918653334213,461.0640770096582,0.0,-1000.0,0.0,0.0,28.84860076811333,-140.9016149222749,0.0,0.0,0.0,-42.594931492362775,0.0,0.0,-998.6911925890852,0.0,0.0,-998.691192589085,0.0,0.0,788.0880989915423,0.0,648.9313799524334,0.0,0.0,316.1894872944695,0.0,0.0,0.0,-1000.0,0.0,1000.0,0.0,1000.0,0.0,0.0,0.0,843.75,0.0,0.0,-43.47835655069025,-0.1699943480077792,0.0,0.0,0.0,0.0,0.11332956533851948,0.0,0.0,0.0,589.4610261543273,-263.34113593228614,0.0,-1000.0,235.80934490082785,0.0,1000.0,0.0,181.93511213942676,0.0,0.0,0.0,0.0,0.0,-9.75767557564684,-19.579176835463414,-152.5982597283165,-1000.0,-1000.0,0.0,0.0,0.0,0.0,0.0,0.0,0.0,0.0,0.0,0.0,0.0,0.0,0.0,0.0,0.0,0.0,0.0,-635.7322668463578,0.0,-1000.0,0.0,350.1643999386979,243.54889298246903,696.0387347243823,0.0,0.0,-255.92448151743693,0.0,0.0,0.0,0.0,967.8443981039775,311.20067707142,0.0,0.0,0.0,-902.8313168155371,597.990077743789,748.9390788970319,0.0,0.0,0.0,-837.6080446811059,1000.0,-2.833239133462987,-754.6055571639579,0.0,0.0,0.0,-323.76792244261276,180.51568132521368,33.99886960155585,-62.37500000000006,62.37500000000006,0.0,761.639011521859,0.0,440.4666886446888,0.0,-21.200912797828437,21.200912797828437,21.200912797828437,-529.3049245895629,0.0,0.0,0.0,0.0,0.0,0.0,0.0,0.0,-115.80531386949394,0.0,0.0,0.0,0.0,0.0,0.0,0.0,-88.66704346614804,0.22665913067691335,0.0,0.0,0.0,0.0,0.0,0.0,0.0,0.0,0.0,0.0,0.0,0.0,0.0,0.0,0.0,0.0,0.0,0.0,0.0,0.12466252187268484,0.12466252187268484,129.3419992577459,278.5349997301245,0.0,67.99773920311168,0.0,0.0,0.0,816.1574772900644,0.0,0.0,0.0,0.0,0.0,197.009398751681,-816.1574772900644,0.0,0.0,42.987952394275396,0.0,0.0,0.0,0.0,0.0,0.0,0.0,0.0,0.0,0.0,135.31285005524634,-589.4610261543273,405.5594251911372,0.0,8.726376531065995,0.0,0.0,-263.28473114960616,-263.28473114960616,0.0,197.009398751681,0.0,108.34235528553296,0.0,0.0,0.0,21.200912797828437,0.0,0.0,0.0,0.0,0.0,0.0,0.0,0.0,0.0,0.0,0.0,0.0,0.0,67.9977392031117,28.84860076811333,28.84860076811333,0.0,0.0,0.0,0.0,0.0,0.0,0.0,0.0,0.0,0.0,1.133295653385195,0.0,129.3419992577459,0.0,0.0,129.3419992577459,-72.14246347967475,0.0,0.0,33.99886960155585,-42.987952394275396,0.0,0.0,0.0,0.0,0.0,0.0,0.0,0.0,0.0,0.0,0.0,0.0,33.99886960155585,33.99886960155585,1000.0,-816.1574772900644,0.0,0.0,0.0,0.0,0.0,0.0,0.0,955.9884489409058,0.0,1000.0,0.11332956533851948,0.0,0.0,-237.03339999549186,386.7012809629124,0.0,0.0,263.28473114960616,0.0,0.0,0.0,0.0,0.0,0.0,0.0,0.0,0.0,0.0,0.0,0.0,0.0,0.0,0.11332956533851948,0.0,0.0,0.0,-169.03139303816343,169.03139303816343,0.0,0.0,0.0,350.1643999386979,-18.042066801893867,5.666478266925974,0.0,0.0,-364.2677331536422,-8.499717400388963,-5.666478266925974,0.0,0.0,-468.75,-468.75,468.75,0.0,0.0,0.0,0.0,0.0,0.0,0.0,28.84860076811333,0.0,0.0,0.0,186.18215959213964,0.0,0.0,0.0,440.3533590793503,0.0,0.0,0.11332956533851948,0.0,0.11332956533851948,0.0,311.877100331478,0.0,67.99773920311168,138.2620697129938,138.2620697129938,0.0,0.0,0.0,0.0,0.0,0.0,0.0,405.5594251911372,0.0,0.0,0.0,0.0,0.0,0.0,0.0,0.0,0.0,0.0,0.0,0.0,0.0,0.0,0.0,0.0,0.0,0.0,0.0,0.0,0.0,0.0,0.0,0.1699943480077792,0.0,0.0,0.0,-33.99886960155585,0.0,0.0,0.0,0.0,0.0,-278.5349997301245,5.666478266925974,0.0,0.0,0.0,-843.75,0.0,237.88241471554306,0.0,0.0,0.0,0.0,0.0,0.0,0.0,0.0,28.84860076811333,0.0,42.987952394275396,0.0,257.3340869322961,0.0,707.8935121234333,0.0,0.0,0.0,0.0,0.0,0.0,-279.1636846352687,0.0,5.666478266925974,1000.0,0.0,0.0,-129.3419992577459,-115.80531386949394,0.0,0.0,0.0,0.0,0.0,0.0,0.0,0.0,0.0,-16.999434800777944,0.0,138.2620697129938,0.0,-31.250000000000004,-31.250000000000004,160.5919992577459,0.0,0.0,0.0,0.0,0.0,376.54010424411683,0.0,0.0,304.03415193129143,-149.66788096742053,0.0,-246.7099937439615,33.99886960155585,0.0,0.0,0.0,0.0,354.6236838562343,0.0,0.0,0.12466252187268484,0.0,0.0,0.0,69.1310348564969,0.0,0.0,0.0,0.0,350.891251326545,0.0,0.0,0.0,0.0,0.0,0.0,0.0,0.0,144.5971205955143,0.0,0.011332956533851949,0.011332956533851949,0.0,0.0,0.0,0.0,0.0,0.0,0.0,0.0,0.0,-237.03339999549186,129.3419992577459,0.0,0.0,0.0,0.0,278.5349997301245,0.0,0.0,0.0,0.0,0.0,0.0,0.0,0.0,0.0,0.0,0.0,0.0,-658.4213070389468,1000.0,379.8164789451976,0.0,0.0,0.0,67.99773920311168,0.0,0.0,0.0,0.0,0.0,932.0022607968883,-1000.0,0.0,0.0,0.0,0.0,0.0,0.0,0.0,0.0,0.0,129.3419992577459,129.3419992577459,0.0,-1000.0,-1000.0,77.63075225688587,0.0,-33.99886960155585,0.0,363.81441489228837,0.0,0.0,0.0,0.0,0.0,0.0,0.0,0.0,0.0,0.0,0.0,0.0,0.0,0.0,0.0,0.0,0.0,-14.166195667314938,28.84860076811333,-976.3441155043664,-8.49971740038896,0.0,0.0,0.0,0.0,0.0,-1.4166195667314938,0.0,115.80531386949394,0.0,0.0,0.0,0.0,0.0,0.0,0.0,1000.0,33.99886960155585,33.99886960155585,0.0,0.0,0.0,0.0,0.0,0.12466252187268484,278.5349997301245,0.0,0.0,-363.81441489228837,0.0,0.0,0.0,0.0,0.0,0.0,0.0,0.0,0.0,0.0,0.0,0.0,0.0,0.0,155.938550165739,0.0,0.0,0.0,0.0,118.9960436054455,8.726376531065995,0.0,0.0,0.0,0.0,0.0,278.5349997301245,0.0,0.0,0.0,0.0,0.0,-14.166195667314938,0.0,0.0,0.0,0.0,0.0,0.0,0.0,0.0,0.0,0.0,0.0,0.0,0.0,0.0,0.0,0.0,0.0,0.0,-0.11332956533851948,0.0,0.0,5.666478266925974,-197.009398751681,0.0,0.0,0.0,0.0,28.84860076811333,0.0,0.0,0.0,9.75767557564684,2.833239133462987,0.0,0.0,0.0,0.11332956533851948,0.0,113.32956533851949,-35.13216525494105,22.665913067703897,0.8094968952751392,316.1894872944695,-0.08499717400388962,837.6080446811059,2.26659130677039,-0.5666478266923605,-316.1894872944695,33.998869601555846,-0.11332956533851948,0.0,0.0,0.02833239133462987,0.8094968952751392,0.0,-18.042066801893867,127.07540795097552,-116.47534301291148,-0.11332956533851948,0.02833239133462987,-316.1894872944695,11.332956533851949,0.11332956533851948,0.11332956533851948,-278.29700764291334,0.12466252187237144,-136.29516007273753,-0.08499717400388962,33.99886960155585,0.11332956533851948,33.99886960155585,-56.66478266925975,-0.05666478266925974,-583.9635485123371,17.402314668922855,-0.08499717400388962,-0.11332956533851948,-35.13216525494105,0.11332956533851948,11.332956533851949,-2.26659130677039,0.0,0.0,-11.332956533851949,116.47534301291148,0.0,22.665913067703897,0.16999434800777924,-642.0949198081698,11.332956533851949,-135.31285005524634,0.0,-22.665913067703897,0.05666478266925974,1.133295653385195,250.0,280.0,-0.11332956533851948,-304.03415193129143,278.29700764291334,35.13216525494105,0.11332956533851948,18.042066801893867,-135.99547840622336,0.0,-0.11332956533851948,-0.02833239133462987,0.0,-0.11332956533851948,-88.66704346614804,0.11332956533829211,-0.02833239133462987,-0.02833239133462987,-0.02833239133462987,45.331826135407795,56.66478266925975,1.133295653385195,83.96304172017561,-0.02833239133462987,500.0,5.666478266925974,50.0,0.11332956533851948,0.05666478266925974,0.05666478266925974,11.332956533851949,35.13216525494105,0.11332956533851948,-35.13216525494105,1.133295653385195,0.11332956533851948,-83.96304172017561,0.11332956533851948,0.4533182613538429,0.5666478266923605,0.05666478266925974,0.02833239133462987,33.99886960155585,-0.11332956533851948,136.29516007273753,-63.53770397548776,-167.92608344035122,834.7748055476429,-11.332956533851949,22.665913067703897,5.666478266925974,-0.11332956533851948,0.0,0.16999434800777924,-0.11332956533851948,-22.665913067703897,35.13216525494105,-109.89481721030826,0.05666478266925974,-100.0,-0.11332956533851948,-0.11332956533829211,-0.11332956533851948,0.05666478266925974,316.1894872944695,-22.665913067703897,0.11332956533851948,500.0,-0.02833239133462987,-0.12466252187237144,-500.0,16.999434800777923,-17.402314668922862,280.7899838972325,316.1894872944695,-0.08499717400388962,304.03415193129143,-280.0,0.11332956533851948,-0.028332391334629878,5.666478266925974,113.32956533851949,-0.05666478266925974,-0.11332956533851948,0.02833239133462987,0.0,0.0,576.7400120617338,0.0,-255.0,0.0,-84.64028203754754,-50.13270000057093,0.0,-80.0,-255.0,-325.0,-65.29824296376682,40.0,127.5,127.5,0.0,25.066350000285464,-278.5349997301245,-244.72886664592608,65.29824296376682,325.0,-244.72886664592608,84.64028203754754,20.011119917411943,0.0,1496.5981,hplb
168,0.0,0.0,0.0,0.0,0.0,0.0,0.0,0.0,-0.09835517578676146,0.0,0.0,0.0,0.0,0.0,0.0,0.0,-83.19956790812228,-522.7211709737653,0.0,865.4336926258841,0.0,0.0,0.0,556.2153722508236,0.0,0.0,0.0,0.0,0.0,-1000.0,0.0,0.0,137.8263506151126,0.0,0.0,0.0,0.0,999.6065792968518,0.0,-1000.0,1000.0,0.0,0.0,-546.5918089507854,0.0,0.0,0.0,0.0,-94.57123895811173,-562.2016044608936,0.0,-724.3626158170196,0.0,0.10819069336539512,0.0,0.0,0.0,19.671035157352293,0.0,0.0,35.99750297324442,0.0,97.98044338935222,0.0,0.0,0.0,0.0,0.0,0.0,0.0,0.0,0.9835517578676147,0.0,0.0,0.0,0.0,0.0,0.0,0.0,0.0,0.0,0.0,376.05638244834796,0.0,59.01310547205688,0.0,0.0,41.56488396715156,588.009160154257,-916.6528993281976,137.730537690841,0.0,0.0,-744.8739627114521,29.50655273602844,0.0,29.50655273602844,0.0,0.0,0.0,376.05638244834796,4.917758789338073,-1000.0,0.0,0.0,0.0,0.0,0.0,0.0,0.0,0.0,0.0,0.0,0.0,0.0,0.0,0.0,0.0,0.0,0.0,0.0,0.0,0.0,0.0,-681.609229822075,0.0,0.0,29.50655273602844,0.0,30.49010449389605,0.0,0.0,-972.105806284495,0.0,972.105806284495,-972.105806284495,0.0,968.749999999869,-968.749999999869,-133.97794636259664,0.0,0.0,0.0,0.0,0.0,-368.4830339127673,0.09835517578676146,137.7551264847877,0.0,0.0,0.0,-408.69378845186407,0.0,0.0,0.0,0.0,473.93192828751444,0.0,0.0,0.0,0.0,0.0,657.354587021209,657.354587021209,0.0,0.0,0.0,0.0,0.0,0.0,0.0,657.4529421969958,0.0,0.0,0.0,0.0,-889.2055511568575,0.0,0.0,0.0,0.0,0.0,0.0,0.0,0.0,0.0,-685.4347820888249,0.0,0.0,0.0,0.0,-622.8625916161238,0.0,0.0,0.0,0.0,0.0,562.2016044608936,724.3626158170196,328.6437391739406,-328.6437391739406,0.0,0.0,0.0,0.0,0.0,0.0,0.0,0.0,-844.0171876400861,0.0,0.0,0.0,0.0,0.0,0.0,0.0,0.0,0.0,0.0,0.0,0.0,0.0,0.0,348.03585876656865,453.40819104921457,0.0,0.0,0.0,133.97794636259664,0.0,0.0,0.0,0.0,0.0,35.99750297324442,1000.0,0.0,0.0,0.0,0.0,0.0,0.0,0.0,0.0,66.18953840411024,0.0,0.0,0.0,-1000.0,-740.6345790196837,1000.0,0.0,-453.40819104921457,0.0,0.0,133.97794636259664,0.0,0.0,0.0,0.0,226.52892430987208,0.0,0.0,-989.9233817603055,0.0,0.0,-989.9233817603056,0.0,0.0,916.6528993281976,0.0,0.0,562.2016044608936,0.0,274.41094044506445,0.0,0.0,0.0,0.0,0.0,0.0,0.0,657.2562318454222,0.0,133.97794636259664,-99.14322492863403,0.0,0.0,0.0,35.99750297324442,-0.1475327636801422,0.0,0.0,0.0,0.0,0.09835517578676146,0.0,0.0,0.0,527.1665004759852,-83.19956790812228,0.0,-611.9816296463455,-193.1961706982786,889.2055511568575,765.1996415307841,0.0,8.468380635240118,0.0,0.0,0.0,0.0,0.0,-8.468380635240118,0.0,0.0,791.6816052543043,-708.7563146704016,0.0,0.0,0.0,0.0,0.0,0.0,0.0,0.0,0.0,0.0,0.0,0.0,0.0,0.0,0.0,0.0,0.0,0.0,0.0,-1000.0,0.0,0.0,63.0225017437758,0.0,0.0,0.0,302.2934955086571,0.0,0.0,0.0,0.0,0.0,0.0,0.0,0.0,338.7947487342225,0.0,0.0,0.0,-132.43524419687432,0.0,0.0,-4.917758789338073,154.0103646449656,-341.25362812889153,-4.917758789338073,-348.0754722089686,0.0,0.0,0.0,-331.88675698658824,29.50655273602844,187.37500000000017,-187.37500000000017,0.0,657.0329545410463,0.0,0.0,0.0,0.0,0.0,0.0,-421.7039896983986,0.0,0.0,0.0,0.0,0.0,0.0,0.0,0.0,-61.982940416107795,0.0,906.2499999999696,264.3069112052443,0.0,0.0,0.0,0.0,-90.16448242132385,0.19671035157362357,0.0,0.0,0.0,0.0,0.0,0.0,0.0,0.0,0.0,0.0,0.0,0.0,0.0,0.0,0.0,0.0,0.0,0.0,0.0,0.10819069336539512,0.10819069336539512,0.0,260.3289648426477,0.0,59.01310547205688,0.0,0.0,0.0,73.5166910725664,0.0,0.0,0.0,0.0,0.0,-132.62781458613023,-73.5166910725664,0.0,0.0,0.0,0.0,0.0,264.3069112052443,0.0,0.0,0.0,0.0,0.0,0.0,0.0,227.20307660735833,-527.1665004759852,408.69378845186407,0.0,7.573348535580664,0.0,-744.8739627114521,0.0,0.0,0.0,-132.62781458613023,0.0,-222.79229700745407,0.0,0.0,0.0,0.0,0.0,0.0,0.0,0.0,0.0,0.0,0.0,0.0,0.0,0.0,0.0,0.0,0.0,59.01310547205688,133.97794636259664,133.97794636259664,0.0,0.0,0.0,0.0,0.0,0.0,0.0,0.0,0.0,0.0,0.9835517578676147,0.0,0.0,0.0,0.0,0.0,724.3626158170196,0.0,0.0,29.50655273602844,0.0,0.0,0.0,0.0,0.0,0.0,0.0,0.0,0.0,0.0,573.820948716654,0.0,0.0,29.50655273602844,29.50655273602844,1000.0,-73.5166910725664,0.0,264.3069112052443,0.0,0.0,0.0,0.0,0.0,473.7915857672442,0.0,810.6937056156003,0.09835517578676146,0.0,0.0,0.0,129.8920603658166,0.0,0.0,744.8739627114521,0.0,0.0,0.0,0.0,0.0,0.0,0.0,0.0,0.0,0.0,0.0,0.0,0.0,0.0,0.09835517578676146,0.0,0.0,0.0,0.0,0.0,0.0,0.0,0.0,0.0,0.0,365.3159972524329,0.0,0.0,-1000.0,-7.37663818400711,-4.917758789338073,0.0,0.0,31.250000000000014,31.250000000000014,-31.250000000000014,0.0,0.0,0.0,0.0,0.0,0.0,0.0,133.97794636259664,889.2055511568575,0.0,0.0,-326.9689981972502,0.0,0.0,0.0,-0.09835517578676146,0.0,0.0,0.09835517578676146,0.0,0.09835517578676146,0.0,0.0,0.0,59.01310547205688,119.99331445984897,119.99331445984897,0.0,0.0,0.0,0.0,0.0,0.0,0.0,408.69378845186407,0.0,0.0,0.0,0.0,0.0,0.0,0.0,0.0,0.0,0.0,0.0,0.0,0.0,0.0,0.0,0.0,0.0,0.0,0.0,0.0,0.0,0.0,0.0,0.1475327636801422,0.0,0.0,0.0,-29.50655273602844,0.0,0.0,0.0,0.0,0.0,-260.3289648426477,4.917758789338073,0.0,0.0,0.0,0.0,0.0,0.0,0.0,0.0,906.2499999999696,0.0,0.0,0.0,0.0,0.0,133.97794636259664,0.0,0.0,0.0,260.3289648426477,0.0,168.27720933325904,0.0,0.0,302.2934955086571,0.0,-302.2934955086571,0.0,-119.99331445984897,0.0,4.917758789338073,617.7327737871726,0.0,0.0,0.0,-61.982940416107795,0.0,0.0,0.0,0.0,0.0,0.0,0.0,0.0,0.0,953.1403851154797,-282.4588793946682,119.99331445984897,0.0,0.0,0.0,0.0,0.0,0.0,0.0,0.0,0.0,66.18953840411024,0.0,0.0,0.0,-129.8920603658166,-638.6355614715692,0.0,29.50655273602844,0.0,0.0,0.0,0.0,100.56469905802538,0.0,0.0,0.10819069336539512,0.0,0.0,0.0,59.99665722992449,0.0,0.0,0.0,0.0,348.03585876656865,0.0,0.0,0.0,0.0,0.0,0.0,0.0,0.0,0.0,0.0,48.12425868691097,0.009835517578676147,0.0,0.0,0.0,0.0,0.0,0.0,0.0,0.0,0.0,0.0,0.0,0.0,0.0,0.0,0.0,260.3289648426477,0.0,0.0,0.0,0.0,0.0,0.0,0.0,562.2016044608936,0.0,0.0,0.0,0.0,1000.0,328.82593366854724,-522.7211709737653,0.0,0.0,0.0,59.01310547205688,0.0,0.0,0.0,0.0,0.0,-59.01310547205688,0.0,0.0,0.0,0.0,0.0,0.0,0.0,0.0,0.0,0.0,0.0,0.0,0.0,-519.4500202860019,265.4731910215485,67.37329541393161,468.6535766533884,-498.16012938941685,0.0,999.6065792968518,0.0,0.0,0.0,0.0,0.0,0.0,0.0,0.0,0.0,0.0,0.0,0.0,0.0,0.0,0.0,0.0,0.0,-12.294396973345183,133.97794636259664,-7.37663818400711,275.0822412106619,0.0,0.0,0.0,0.0,0.0,-1.2294396973345183,0.0,61.982940416107795,0.0,0.0,0.0,0.0,0.0,0.0,0.0,1000.0,29.50655273602844,29.50655273602844,0.0,0.0,0.0,0.0,0.0,0.10819069336539512,260.3289648426477,0.0,0.0,-999.6065792968518,48.11442316933229,0.0,0.0,0.0,0.0,0.0,0.0,0.0,0.0,0.0,0.0,0.0,0.0,0.0,0.0,0.0,0.0,0.0,0.0,103.27293457609954,0.0,0.0,7.573348535580664,0.0,0.0,0.0,260.3289648426477,0.0,58.104742954437725,0.0,0.0,0.0,-12.294396973345183,0.0,0.0,0.0,0.0,0.0,0.0,0.0,0.0,0.0,0.0,0.0,0.0,0.0,0.0,0.0,0.0,0.0,0.0,-0.09835517578676146,0.0,0.0,4.917758789338073,132.62781458613023,0.0,0.0,0.0,0.0,133.97794636259664,0.0,0.0,0.0,8.468380635240118,2.4588793946690366,0.0,0.0,0.0,0.09835517578676146,0.0,98.35517578676146,-30.49010449389605,19.671035157352293,0.702536969905439,274.41094044506445,-0.0737663818400711,4.917758789338073,1.9671035157352295,-0.4917758789349591,-274.41094044506445,29.50655273602844,-0.09835517578676146,0.0,264.3069112052443,0.024588793946690366,0.702536969905439,0.0,-15.658143985253162,-1.9671035157352295,-259.5129537439965,-0.09835517578676146,0.024588793946690366,-274.41094044506445,9.835517578676146,0.09835517578676146,0.09835517578676146,-260.12241897349554,0.10819069336544075,-227.99083303643647,-0.0737663818400711,29.50655273602844,0.09835517578676146,29.50655273602844,-49.17758789338073,-0.04917758789338073,-245.94109525107797,-9.933872754462897,-0.0737663818400711,-0.09835517578676146,-30.49010449389605,0.09835517578676146,9.835517578676146,-1.9671035157352295,0.0,0.0,-9.835517578676146,259.5129537439965,0.0,19.671035157352293,0.1475327636801422,353.87869635730704,9.835517578676146,-227.20307660735833,264.3069112052443,-19.671035157352293,0.04917758789338073,0.9835517578676147,152.99540741158637,280.0,-0.09835517578676146,-282.4588793946682,260.12241897349554,30.49010449389605,0.09835517578676146,15.658143985253162,146.28070026113045,264.3069112052443,-0.09835517578676146,-0.024588793946690366,-264.3069112052443,-0.09835517578676146,-90.16448242132385,0.09835517578687515,-0.024588793946690366,-0.024588793946690366,-0.024588793946690366,39.342070314704586,49.17758789338073,0.9835517578676147,72.86889086101542,-0.024588793946690366,305.99081482317274,4.917758789338073,50.0,0.09835517578676146,0.04917758789338073,0.04917758789338073,75.0,30.49010449389605,0.09835517578676146,-30.49010449389605,0.9835517578676147,0.09835517578676146,-72.86889086101542,0.09835517578676146,0.39342070314819466,0.4917758789349591,0.04917758789338073,0.024588793946690366,29.50655273602844,-0.09835517578676146,227.99083303643647,0.9835517578676147,-145.73778172203083,2.4588793946690366,-9.835517578676146,19.671035157352293,4.917758789338073,-0.09835517578676146,0.0,0.1475327636801422,-0.09835517578676146,-150.0,30.49010449389605,144.8353080417828,0.04917758789338073,-100.0,-0.09835517578676146,-0.09835517578687515,-0.09835517578676146,0.04917758789338073,274.41094044506445,-19.671035157352293,0.09835517578676146,305.99081482317274,-0.024588793946690366,-0.10819069336544075,-305.99081482317274,14.753276368014218,9.933872754462907,-564.5480147941372,274.41094044506445,-0.0737663818400711,282.4588793946682,-280.0,0.09835517578676146,-0.02458879394669037,4.917758789338073,98.35517578676146,-0.04917758789338073,-0.09835517578676146,0.024588793946690366,703.3687817932575,0.0,-353.9278739452004,0.0,-255.0,0.0,169.29512413074036,-140.0,0.0,-80.0,-255.0,220.74554396125274,0.0,40.0,127.5,127.5,0.0,70.0,-260.3289648426477,-245.4000070998082,0.0,-220.74554396125274,-245.4000070998082,-169.29512413074036,6.5894531454668765,0.0,1496.5981,hplb
169,0.0,0.0,0.0,0.0,0.0,0.0,0.0,0.0,-0.11816913232695839,0.0,0.0,0.0,0.0,0.0,0.0,0.0,-620.3967220052358,920.3967220052358,0.0,0.0,0.0,0.0,0.0,0.0,0.0,0.0,0.0,0.0,0.0,-518.0283591338446,0.0,0.0,69.41919066365286,0.0,0.0,0.0,0.0,453.5877267154175,0.0,-1000.0,1000.0,0.0,0.0,-960.4399930751468,0.0,0.0,556.9190698700952,0.0,439.5876019988926,0.0,0.0,-659.2774722153347,0.0,0.1299860455597711,0.0,0.0,0.0,23.633826465391678,0.0,0.0,40.11546028922562,0.0,1000.0,888.5487946607651,818.5779395452493,0.0,0.0,0.0,0.0,63.276393633108384,0.0,1.181691323269584,0.0,0.0,0.0,0.0,0.0,0.0,0.0,0.0,0.0,0.0,9.09902318917579,0.0,70.90147939617505,0.0,0.0,-888.0940180118112,-279.2020627642915,1000.0,-0.029542283081739597,0.0,0.0,0.0,35.450739698087524,0.0,35.450739698087524,-3.8050460609295413,0.0,0.0,9.09902318917579,5.9084566163479195,-1000.0,0.0,0.0,-67.96927151192124,0.0,0.0,0.0,0.0,0.0,0.0,0.0,0.0,0.0,0.0,0.0,0.0,0.0,0.0,0.0,0.0,0.0,0.0,-622.1969429502761,0.0,0.0,35.450739698087524,0.0,36.63243102135711,0.0,0.0,550.9206797009995,-550.9206797009995,0.0,0.0,-963.3847783715524,0.0,0.0,811.8181127430919,0.0,0.0,0.0,0.0,0.0,0.0,0.11816913232695839,0.0,0.0,0.0,-698.6338264653916,0.0,0.0,0.0,0.0,0.0,747.8200941003046,0.0,0.0,0.0,0.0,0.0,443.1990992622318,443.1990992622318,0.0,0.0,0.0,0.0,-616.4813996874454,0.0,0.0,443.31726839455877,0.0,0.0,0.0,-932.9400125864265,-866.3588649489138,0.0,0.0,0.0,0.0,0.0,0.0,0.0,0.0,0.0,0.0,0.0,0.0,0.0,0.0,-1000.0,0.0,0.0,0.0,0.0,0.0,0.0,659.2774722153347,-420.7979372357085,420.7979372357085,139.7311518708621,0.0,0.0,0.0,0.0,0.0,0.0,481.9716408661554,649.9970523197073,0.0,0.0,0.0,0.0,0.0,0.0,0.0,0.0,0.0,0.0,0.0,0.0,0.0,146.73554817030512,645.9014793961751,39.560006924853155,0.0,0.0,0.0,11.835513757598477,-105.27753299120295,0.0,0.0,0.0,0.0,40.11546028922562,1000.0,0.0,0.0,0.0,0.0,0.0,0.0,0.0,0.0,0.0,0.0,0.0,0.0,0.0,141.59587447141706,-210.0268810332925,0.0,-39.560006924853155,0.0,0.0,151.56666562846058,181.71133476064267,0.0,0.0,0.0,-303.4175213622501,0.0,0.0,-86.92439871856732,-1000.0,0.0,913.0756012814328,0.0,1000.0,-700.0,0.0,288.8277285671113,0.0,0.0,295.23826031255476,0.0,0.0,0.0,-401.9491268821712,0.0,401.9491268821712,0.0,1000.0,0.0,11.835513757598477,0.0,0.0,0.0,0.0,40.11546028922562,-0.17725369849043757,0.0,0.0,0.0,0.0,0.11816913232695839,0.0,0.0,0.0,930.0956414222533,-620.3967220052358,0.0,-980.99253515996,440.1666393303202,866.3588649489138,897.2490524058808,0.0,36.48084313169463,0.0,-67.96927151192124,0.0,0.0,0.0,99.56042159052424,0.0,-136.04126472221887,-1000.0,-1000.0,0.0,0.0,0.0,0.0,0.0,0.0,0.0,0.0,0.0,0.0,0.0,0.0,0.0,0.0,0.0,0.0,0.0,0.0,0.0,-1000.0,0.0,545.9395967552747,0.0,0.0,0.0,0.0,511.90123338299475,0.0,0.0,0.0,0.0,0.0,0.0,0.0,121.55169711657133,0.0,0.0,0.0,-5.9084566163479195,-132.8082558399061,0.0,0.0,-127.46015373291925,0.0,-2.9542283081739598,0.0,0.0,0.0,165.30476722981967,0.0,0.0,35.450739698087524,0.0,0.0,0.0,915.4168101184907,0.0,0.0,0.0,-146.73554817030512,146.73554817030512,146.73554817030512,-616.0813650719612,0.0,0.0,0.0,0.0,0.0,481.9716408661554,0.0,0.0,-71.33574505000935,0.0,0.0,138.2016872922068,0.0,0.0,0.0,0.0,-88.18308676730416,0.2363382646537858,0.0,0.0,0.0,0.0,0.0,0.0,0.0,0.0,0.0,0.0,0.0,0.0,0.0,0.0,0.0,0.0,0.0,0.0,0.0,0.1299860455597711,0.1299860455597711,0.0,293.8044570094248,0.0,70.90147939617505,0.0,0.0,0.0,1000.0,0.0,0.0,0.0,0.0,0.0,55.754546662122266,-1000.0,0.0,0.0,0.0,0.0,0.0,138.2016872922068,0.0,0.0,0.0,0.0,0.0,0.0,0.0,207.3989809834254,-930.0956414222533,698.6338264653916,0.0,9.09902318917579,0.0,0.0,0.0,-34.45361887965916,0.0,55.754546662122266,0.0,0.0,-32.428540105181895,0.0,0.0,146.73554817030512,0.0,0.0,0.0,0.0,0.0,0.0,0.0,0.0,0.0,0.0,0.0,0.0,0.0,70.90147939617505,151.56666562846058,151.56666562846058,0.0,0.0,0.0,0.0,0.0,0.0,0.0,0.0,0.0,0.0,1.181691323269584,0.0,0.0,0.0,0.0,0.0,659.2774722153347,0.0,0.0,35.450739698087524,0.0,0.0,0.0,0.0,0.0,0.0,0.0,0.0,0.0,0.0,193.76458625799242,0.0,0.0,35.450739698087524,35.450739698087524,335.23180613942276,-1000.0,0.0,138.2016872922068,0.0,0.0,0.0,0.0,0.0,1000.0,481.9716408661554,822.9229946501816,0.11816913232695839,0.0,0.0,-183.4208435618766,339.4800641042433,0.0,0.0,0.0,0.0,0.0,0.0,0.0,0.0,0.0,0.0,0.0,0.0,0.0,0.0,0.0,0.0,0.0,0.11816913232695839,0.0,0.0,0.0,0.0,0.0,0.0,0.0,0.0,545.9395967552747,0.0,511.90123338299475,0.0,0.0,-1000.0,-8.862684924521881,-5.9084566163479195,0.0,0.0,0.0,0.0,0.0,0.0,0.0,0.0,0.0,0.0,0.0,0.0,151.56666562846058,866.3588649489138,0.0,0.0,171.21322384616758,0.0,0.0,0.0,-0.11816913232695839,0.0,0.0,0.11816913232695839,0.0,0.11816913232695839,0.0,63.276393633108384,0.0,70.90147939617505,144.16634143888925,144.16634143888925,0.0,0.0,0.0,0.0,0.0,0.0,0.0,698.6338264653916,0.0,481.9716408661554,0.0,0.0,0.0,109.73478388387548,0.0,0.0,0.0,0.0,0.0,0.0,0.0,0.0,0.0,0.0,0.0,0.0,0.0,34.45361887965916,0.0,0.0,0.0,0.17725369849043757,0.0,0.0,0.0,-35.450739698087524,0.0,0.0,0.0,0.0,0.0,-293.8044570094248,5.9084566163479195,0.0,0.0,0.0,0.0,616.4813996874454,0.0,0.0,0.0,0.0,0.0,0.0,0.0,0.0,0.0,151.56666562846058,0.0,0.0,0.0,147.0689088391197,0.0,1000.0,-67.96927151192124,0.0,511.90123338299475,0.0,-511.90123338299475,0.0,37.544993321753424,0.0,5.9084566163479195,540.7238502980448,0.0,0.0,0.0,-71.33574505000935,0.0,0.0,1000.0,-1000.0,0.0,-511.90123338299475,0.0,0.0,0.0,302.6671419339467,-320.39251178299054,144.16634143888925,0.0,0.0,0.0,0.0,0.0,0.0,0.0,0.0,0.0,0.0,0.0,0.0,0.0,-156.05922054236672,734.494862867573,0.0,35.450739698087524,0.0,0.0,0.0,0.0,353.7750830372047,0.0,0.0,0.1299860455597711,0.0,0.0,0.0,72.08317071944462,0.0,0.0,0.0,0.0,645.9014793961751,0.0,0.0,0.0,0.0,0.0,0.0,0.0,0.0,-1000.0,0.0,0.011816913232696178,0.011816913232696178,0.0,0.0,0.0,0.0,0.0,0.0,0.0,0.0,0.0,-183.4208435618766,0.0,0.0,0.0,0.0,0.0,293.8044570094248,0.0,0.0,0.0,0.0,0.0,0.0,0.0,0.0,0.0,0.0,0.0,0.0,146.8993587708669,0.0,920.3967220052358,0.0,0.0,0.0,70.90147939617503,0.0,0.0,0.0,0.0,0.0,-455.26751335979054,384.3660339636155,0.0,0.0,0.0,0.0,0.0,0.0,0.0,0.0,0.0,0.0,0.0,0.0,-822.9229946501816,-1000.0,190.680639527842,-1000.0,964.5492603019125,0.0,999.5273234706922,0.0,0.0,0.0,0.0,0.0,0.0,0.0,0.0,0.0,671.875,0.0,-671.875,-671.875,0.0,0.0,0.0,0.0,-14.7711415408698,151.56666562846058,-8.862684924521881,421.2646107423441,0.0,0.0,0.0,0.0,0.0,-1.47711415408698,0.0,71.33574505000935,0.0,0.0,0.0,0.0,0.0,0.0,0.0,1000.0,35.450739698087524,35.450739698087524,0.0,0.0,0.0,0.0,0.0,0.1299860455597711,293.8044570094248,0.0,0.0,-999.5273234706922,0.0,0.0,0.0,0.0,0.0,0.0,0.0,0.0,0.0,0.0,0.0,0.0,0.0,0.0,31.638196816554192,0.0,0.0,0.0,0.0,124.07758894330634,9.09902318917579,0.0,0.0,0.0,0.0,0.0,293.8044570094248,0.0,-9.71350267727746,0.0,0.0,0.0,-14.7711415408698,0.0,0.0,0.0,0.0,0.0,0.0,0.0,0.0,0.0,0.0,0.0,0.0,0.0,0.0,0.0,0.0,0.0,0.0,-0.11816913232695839,0.0,0.0,5.9084566163479195,-55.754546662122266,0.0,0.0,0.0,0.0,151.56666562846058,0.0,0.0,0.0,-99.56042159052424,2.9542283081739598,0.0,0.0,0.0,0.11816913232695839,0.0,118.16913232695839,-36.63243102135711,23.633826465391678,0.8440652309068456,329.69187919221395,-0.08862684924521878,5.908456616347914,2.363382646539168,-0.5908456616347771,-329.69187919221395,35.45073969808752,-0.11816913232695839,22.656423837307077,138.2016872922068,0.029542283081739597,0.8440652309068456,-67.96927151192124,-18.812525866453257,-2.363382646539168,-300.0,-0.11816913232695839,0.029542283081739597,-329.69187919221395,11.816913232695839,0.11816913232695839,0.11816913232695839,-293.5563018315381,0.12998604555965457,-21.663734407114546,-0.08862684924521878,35.450739698087524,0.11816913232695839,35.450739698087524,-59.0845661634792,-0.059084566163479194,-590.2178166693476,93.34245062618015,-0.08862684924521878,-0.11816913232695839,-36.63243102135711,0.11816913232695839,11.816913232695839,-2.363382646539168,34.45361887965916,34.45361887965916,-11.816913232695839,300.0,-34.45361887965916,23.633826465391678,0.17725369849043757,-737.782273889594,11.816913232695839,-207.3989809834254,138.2016872922068,-23.633826465391678,0.059084566163479194,1.181691323269584,245.24813378999,170.70273530451138,-0.11816913232695839,-320.39251178299054,293.5563018315381,36.63243102135711,0.11816913232695839,18.812525866453257,-3.601271500143298,138.2016872922068,-0.11816913232695839,-0.029542283081739597,-138.2016872922068,-0.11816913232695839,-88.18308676730416,0.1181691323268447,-0.029542283081739597,-0.029542283081739597,-0.029542283081739597,47.267652930783356,59.0845661634792,1.181691323269584,277.26156806087505,-0.029542283081739597,467.8398437426729,5.9084566163479195,50.0,0.11816913232695839,0.059084566163479194,0.059084566163479194,75.0,36.63243102135711,0.11816913232695839,-36.63243102135711,1.181691323269584,0.11816913232695839,-656.6875923571488,0.11816913232695839,0.4726765293078188,0.5908456616347771,0.059084566163479194,0.029542283081739597,35.450739698087524,-0.11816913232695839,21.663734407114546,1.181691323269584,-554.5231361217501,2.954228308173967,-11.816913232695839,23.633826465391678,5.9084566163479195,-0.11816913232695839,67.96927151192124,0.17725369849043757,-0.11816913232695839,-150.0,36.63243102135711,-86.40505194528491,0.059084566163479194,-100.0,-0.11816913232695839,-0.1181691323268447,-0.11816913232695839,0.059084566163479194,329.69187919221395,-23.633826465391678,0.11816913232695839,490.49626757998,-0.029542283081739597,-0.12998604555965457,-490.49626757998,17.72536984904376,-93.34245062618015,75.68380636487711,329.69187919221395,-0.08862684924521878,320.39251178299054,-170.70273530451138,0.11816913232695839,-0.029542283081739604,5.9084566163479195,118.16913232695839,-0.059084566163479194,-0.11816913232695839,0.029542283081739597,1000.0,0.0,437.72318932343046,379.42602429627374,-255.0,0.0,243.5544740399332,-140.0,0.0,-80.0,-255.0,-325.0,-300.0,40.0,127.5,127.5,0.0,70.0,-293.8044570094248,-267.37003109191977,300.0,325.0,-267.37003109191977,-243.5544740399332,117.66941615369034,0.0,1496.5981,hplb
170,0.0,0.0,0.0,0.0,0.0,0.0,0.0,0.0,814.4004722511328,0.0,0.0,0.0,0.0,0.0,0.0,0.0,865.2094126725117,314.72774134322594,0.0,-1000.0,0.0,0.0,0.0,117.10583268972067,0.0,0.0,0.0,0.0,0.0,-1000.0,0.0,0.0,76.74663753561046,0.0,0.0,0.0,0.0,687.770483564605,0.0,-1000.0,-509.81601847702103,0.0,0.0,663.4209650077398,0.0,0.0,0.0,0.0,-732.4657878460876,-379.9973347420171,0.0,0.0,0.0,0.12367538782836363,0.0,0.0,0.0,22.486434150632686,0.0,0.0,-9.901526504328682,0.0,-535.4171782107239,-545.3187047150526,0.0,0.0,0.0,0.0,0.0,959.1129702999242,0.0,1.1243217075316343,0.0,0.0,0.0,0.0,0.0,0.0,0.0,0.0,0.0,0.0,0.0,0.0,67.45930245189805,0.0,0.0,479.7139113975045,-432.520382208191,0.0,-0.028108042688290858,0.0,0.0,597.4993670957282,33.72965122594903,0.0,33.72965122594903,-3.6203158982522154,0.0,0.0,0.0,5.6216085376581715,-1000.0,0.0,0.0,-60.76861149074475,841.5014089601849,0.0,0.0,0.0,0.0,0.0,0.0,0.0,0.0,0.0,0.0,0.0,0.0,0.0,0.0,0.0,0.0,0.0,-430.9266827122625,0.0,0.0,33.72965122594903,0.0,34.85397293348066,34.85397293348066,0.0,-379.3195131744741,379.3195131744741,0.0,0.0,0.0,0.0,0.0,0.0,0.0,0.0,0.0,0.0,0.0,8.657277147993579,0.11243217075316342,0.0,0.0,0.0,0.0,-841.5014089601849,0.0,0.0,0.0,0.0,626.470750303245,0.0,0.0,0.0,0.0,0.0,-93.00212548445275,-93.00212548445275,0.0,0.0,0.0,0.0,-289.7326945417064,0.0,0.0,-92.88969331369958,0.0,0.0,0.0,425.48629447099444,-545.8812984037872,0.0,0.0,0.0,0.0,0.0,0.0,0.0,0.0,0.0,0.0,0.0,0.0,0.0,0.0,-716.6764694667321,0.0,0.0,0.0,0.0,0.0,379.9973347420171,0.0,432.520382208191,-432.520382208191,0.0,0.0,0.0,0.0,0.0,0.0,0.0,0.0,-711.5404554947781,0.0,0.0,0.0,0.0,0.0,0.0,0.0,0.0,0.0,0.0,0.0,0.0,0.0,0.0,-55.02713169873463,867.2563751735759,0.0,0.0,0.0,0.0,158.6443507539305,0.0,0.0,0.0,0.0,-9.901526504328682,203.83541016583604,0.0,0.0,0.0,0.0,0.0,0.0,0.0,0.0,0.0,0.0,0.0,0.0,865.040764416382,0.0,179.76850575960793,0.0,-867.2563751735759,0.0,0.0,0.0,137.16724831885938,0.0,0.0,0.0,178.66737842860266,0.0,0.0,-734.2189496675879,0.0,0.0,-734.2189496675878,0.0,0.0,0.0,0.0,0.0,379.9973347420171,0.0,224.7493515143567,0.0,0.0,0.0,-351.0515175454518,0.0,351.0515175454518,0.0,-93.11455765520591,0.0,0.0,0.0,0.0,0.0,0.0,-9.901526504328682,-0.16864825612974513,0.0,0.0,0.0,0.0,0.11243217075316342,0.0,0.0,0.0,524.3024674868526,865.2094126725117,0.0,-454.55192481760616,653.1968768680936,545.8812984037872,-476.086367251072,0.0,959.927769618312,0.0,-60.76861149074475,0.0,0.0,0.0,51.79534599471477,-798.8574417973302,-212.86567381569657,0.0,-982.7771472580753,0.0,0.0,0.0,0.0,0.0,0.0,0.0,0.0,0.0,0.0,0.0,0.0,0.0,0.0,0.0,0.0,0.0,-311.7797877523825,0.0,-1000.0,0.0,0.0,0.0,328.23917993910885,0.0,0.0,695.1835113562634,0.0,0.0,0.0,0.0,0.0,0.0,0.0,568.1916456905602,0.0,798.8574417973302,-1000.0,-1000.0,0.0,0.0,0.0,-737.9328441977729,0.0,-2.8108042688290857,994.3783914623418,0.0,0.0,886.0320593103679,-489.8510641810237,0.0,33.72965122594903,0.0,0.0,0.0,0.0,0.0,814.512904421886,0.0,0.0,0.0,0.0,293.28217734011207,0.0,0.0,0.0,0.0,0.0,0.0,0.0,0.0,-19.803053008657365,0.0,0.0,0.0,0.0,0.0,0.0,0.0,-88.75678292468366,0.22486434150620221,0.0,0.0,0.0,0.0,0.0,0.0,0.0,0.0,0.0,959.1129702999242,0.0,0.0,0.0,0.0,0.0,0.0,0.0,0.0,0.0,0.12367538782836363,0.12367538782836363,0.0,130.11692843862699,0.0,67.45930245189805,0.0,0.0,0.0,1000.0,0.0,0.0,0.0,0.0,0.0,806.4951746721513,-1000.0,0.0,0.0,659.3953689088421,0.0,0.0,0.0,0.0,0.0,0.0,0.0,0.0,0.0,0.0,143.64222757075416,-524.3024674868526,0.0,0.0,8.657277147993579,0.0,-163.92411199328228,761.4234790890105,602.77912833508,0.0,806.4951746721513,0.0,717.7383917474676,0.0,0.0,0.0,0.0,0.0,0.0,0.0,0.0,0.0,0.0,0.0,0.0,0.0,0.0,0.0,0.0,0.0,67.45930245189805,0.0,0.0,0.0,0.0,0.0,0.0,0.0,0.0,0.0,0.0,0.0,0.0,1.1243217075316343,0.0,0.0,0.0,0.0,0.0,0.0,0.0,0.0,33.72965122594903,-659.3953689088421,0.0,0.0,0.0,0.0,0.0,0.0,0.0,0.0,0.0,335.8741954699583,0.0,0.0,33.72965122594903,33.72965122594903,1000.0,-1000.0,0.0,0.0,0.0,0.0,0.0,0.0,0.0,0.0,0.0,202.73535844782907,0.11243217075316342,0.0,0.0,9.066851484308678,0.0,0.0,0.0,-597.4993670957282,0.0,0.0,0.0,0.0,0.0,0.0,0.0,0.0,0.0,0.0,0.0,0.0,0.0,0.0,0.11243217075316342,0.0,0.0,0.0,409.86314894769225,-409.86314894769225,0.0,0.0,0.0,0.0,0.0,1000.0,0.0,0.0,-993.036700891354,-8.432412806487264,0.0,-5.621608537658176,0.0,0.0,0.0,0.0,0.0,0.0,0.0,0.0,0.0,0.0,0.0,0.0,545.8812984037872,0.0,0.0,891.6536678480261,0.0,0.0,0.0,814.4004722511328,0.0,0.0,0.11243217075316342,0.0,0.11243217075316342,0.0,0.0,0.0,67.45930245189805,137.16724831885938,137.16724831885938,0.0,0.0,0.0,0.0,0.0,0.0,0.0,0.0,0.0,0.0,0.0,0.0,61.47575589656203,0.0,0.0,0.0,0.0,0.0,0.0,0.0,0.0,0.0,0.0,0.0,0.0,0.0,0.0,158.6443507539305,0.0,0.0,0.0,0.16864825612974513,0.0,0.0,0.0,-33.72965122594903,0.0,0.0,0.0,0.0,0.0,-130.11692843862699,5.6216085376581715,0.0,0.0,0.0,0.0,289.7326945417064,-1000.0,-5.621608537658176,0.0,0.0,0.0,0.0,0.0,0.0,0.0,0.0,0.0,659.3953689088421,-202.08966845844625,130.11692843862699,0.0,302.5135658493673,-60.76861149074475,304.81648864373665,-304.81648864373665,0.0,0.0,0.0,0.0,0.0,5.621608537658176,1000.0,0.0,0.0,0.0,-19.803053008657365,-31.2500000000035,31.2500000000035,0.0,0.0,0.0,-703.8407885042569,0.0,0.0,0.0,-16.864825612974528,0.0,137.16724831885938,0.0,-218.75,-218.74999999999997,218.74999999999997,0.0,0.0,0.0,0.0,0.0,0.0,0.0,0.0,155.41416685808872,-968.1798217842329,0.0,0.0,33.72965122594903,0.0,0.0,0.0,0.0,53.82904908881337,0.0,0.0,0.12367538782836363,0.0,0.0,0.0,68.58362415942969,0.0,0.0,0.0,0.0,-55.02713169873463,0.0,841.5014089601849,0.0,0.0,0.0,0.0,0.0,0.0,0.0,0.0,0.011243217075316664,0.011243217075316664,0.0,0.0,0.0,0.0,0.0,0.0,0.0,0.0,0.0,9.066851484308678,0.0,0.0,0.0,0.0,0.0,130.11692843862699,0.0,0.0,0.0,0.0,0.0,0.0,0.0,379.9973347420171,0.0,0.0,0.0,0.0,0.0,-2.0469625010642156,314.72774134322594,0.0,0.0,0.0,67.45930245189805,0.0,0.0,0.0,0.0,0.0,932.5406975481019,-1000.0,0.0,0.0,0.0,0.0,0.0,0.0,0.0,0.0,0.0,0.0,0.0,0.0,-493.33858941158473,-1000.0,138.49179286247897,0.0,-33.72965122594903,0.0,687.770483564605,0.0,0.0,0.0,0.0,0.0,0.0,0.0,0.0,0.0,0.0,0.0,0.0,0.0,0.0,0.0,0.0,0.0,-14.05402134414544,0.0,-8.432412806487264,53.04334309007474,0.0,0.0,0.0,0.0,0.0,812.5000000000008,-813.9054021344153,19.803053008657365,0.0,0.0,0.0,0.0,0.0,0.0,0.0,692.1739162943196,33.72965122594903,33.72965122594903,0.0,0.0,0.0,0.0,0.0,0.12367538782836363,130.11692843862699,0.0,0.0,-687.770483564605,0.0,0.0,0.0,0.0,0.0,0.0,0.0,0.0,0.0,0.0,0.0,0.0,0.0,0.0,0.0,0.0,0.0,34.85397293348066,0.0,118.0537792908216,0.0,0.0,8.657277147993579,0.0,0.0,0.0,130.11692843862699,0.0,996.3796841017478,0.0,0.0,0.0,-14.05402134414544,0.0,0.0,0.0,0.0,0.0,0.0,0.0,0.0,0.0,0.0,0.0,0.0,0.0,0.0,0.0,0.0,0.0,0.0,-0.11243217075316342,0.0,0.0,5.6216085376581715,-806.4951746721513,0.0,0.0,0.0,0.0,0.0,0.0,0.0,0.0,-51.79534599471477,2.8108042688290857,0.0,0.0,0.0,0.11243217075316342,0.0,112.43217075316342,0.0,22.486434150632686,0.8030869339511674,383.39370226828726,-0.08432412806487256,169.74119850721263,2.2486434150632686,-0.5621608537655447,-383.39370226828726,33.72965122594903,-0.11243217075316343,20.25620383024825,0.0,0.028108042688290858,0.8030869339511674,-60.76861149074475,-17.89920158390396,-2.248643415063299,-179.93715401573763,-0.11243217075316343,0.028108042688290858,-383.39370226828726,11.243217075316343,0.11243217075316343,0.11243217075316342,-129.88082088004546,0.1236753878284801,-43.96619747880461,-0.08432412806487256,33.72965122594903,0.11243217075316343,33.72965122594903,-56.21608537658172,-0.056216085376581716,-460.9673298429509,-170.0,-0.08432412806487256,-0.11243217075316343,0.0,0.11243217075316342,11.243217075316343,-2.2486434150632686,158.6443507539305,158.6443507539305,-11.243217075316343,179.93715401573763,-158.6443507539305,22.486434150632686,0.16864825612974513,-296.554235593465,11.243217075316343,-143.64222757075416,0.0,-22.486434150632686,0.056216085376581716,1.1243217075316343,113.63798120440154,152.60336258925966,-0.11243217075316342,-155.41416685808872,129.88082088004546,34.85397293348066,0.11243217075316343,17.89920158390396,-134.91860490379588,0.0,-0.11243217075316342,-0.028108042688290858,0.0,-0.11243217075316343,-930.2581918848686,0.11243217075304975,-0.028108042688290858,-0.028108042688290858,-0.028108042688290858,44.97286830126537,56.21608537658172,1.1243217075316343,83.29818450675099,-0.028108042688290858,207.01975857855484,5.6216085376581715,50.0,0.11243217075316342,0.056216085376581716,0.056216085376581716,11.243217075316343,0.0,0.11243217075316342,0.0,1.1243217075316343,0.11243217075316343,-83.29818450675099,0.11243217075316343,0.4497286830124949,0.5621608537655447,0.056216085376581716,0.028108042688290858,33.72965122594903,-0.11243217075316343,43.96619747880461,1.1243217075316494,-166.59636901350197,166.93039423838354,-11.243217075316343,22.486434150632686,5.6216085376581715,-0.11243217075316343,60.76861149074475,0.16864825612974513,-0.11243217075316343,-22.486434150632686,0.0,183.49855219991738,0.056216085376581716,-100.0,-0.11243217075316343,-0.11243217075304975,-0.11243217075316343,0.056216085376581716,383.39370226828726,-22.486434150632686,0.11243217075316342,227.27596240880308,-0.028108042688290858,-0.1236753878284801,-227.27596240880308,16.864825612974514,170.0,-475.9281091190165,383.39370226828726,-0.08432412806487256,155.41416685808872,-152.60336258925966,0.11243217075316343,-0.02810804268829086,5.621608537658176,112.43217075316342,-0.056216085376581716,-0.11243217075316343,0.028108042688290858,847.7837970454468,0.0,296.4980195080884,0.0,-255.0,0.0,726.7307328642013,-140.0,0.0,-80.0,-255.0,-325.0,0.0,40.0,127.5,127.5,0.0,70.0,-130.11692843862699,-237.32760128873076,0.0,325.0,-237.32760128873076,-726.7307328642013,425.2030603463404,0.0,1496.5981,hplb
171,0.0,0.0,0.0,0.0,0.0,0.0,0.0,0.0,-0.1142121694627719,0.0,0.0,0.0,0.0,0.0,0.0,0.0,1000.0,-960.5924910692439,0.0,136.36934598153186,0.0,0.0,0.0,0.0,0.0,0.0,0.0,0.0,0.0,-555.3642574788753,23.69708564351369,-23.69708564351369,130.0615455605447,0.0,0.0,0.0,0.0,999.5431513221492,0.0,-1000.0,270.7531012020014,0.0,0.0,354.41240371768276,0.0,0.0,0.0,4.999099667372931,-909.4006709461016,0.0,0.0,535.2350715750231,0.0,0.12563338640916208,0.0,0.0,0.0,27.841533559927313,0.0,0.0,-81.65374083620117,0.0,1000.0,918.3462591637988,0.0,0.0,0.0,0.0,59.39422419447456,-59.39422419447456,0.0,1.1421216946277193,0.0,0.0,0.0,0.0,0.0,0.0,0.0,0.0,0.0,0.0,0.0,0.0,68.52730167766316,0.0,63.69642723100738,1000.0,-499.9143408729029,0.0,-0.028553042365692977,0.0,0.0,0.0,34.26365083883158,0.0,34.26365083883158,0.0,0.0,0.0,0.0,5.7106084731385955,-555.3642574788753,0.0,0.0,-7.414365494327934,0.0,0.0,0.0,0.0,0.0,0.0,0.0,0.0,0.0,0.0,0.0,0.0,0.0,0.0,0.0,0.0,0.0,0.0,-360.9329021137778,0.0,0.0,34.26365083883158,0.0,35.4057725334593,35.4057725334593,0.0,0.0,0.0,0.0,0.0,-155.52029055152397,906.2499999996049,-906.2499999996049,155.52029055152397,0.0,0.0,0.0,0.0,0.0,72.49076427964081,0.1142121694627719,0.0,0.0,0.0,0.0,-560.5987554997191,0.0,0.0,0.0,0.0,852.170497400643,0.0,0.0,0.0,0.0,0.0,468.15273673446256,468.15273673446256,0.0,0.0,0.0,0.0,103.46811401312083,0.0,0.0,491.96403454743904,0.0,0.0,0.0,-164.7373491256775,0.0,0.0,0.0,0.0,0.0,0.0,0.0,0.0,0.0,0.0,-188.6355334277203,0.0,0.0,0.0,0.0,-448.9791751525961,0.0,0.0,0.0,0.0,0.0,0.0,-535.2350715750231,499.9143408729029,-499.9143408729029,0.0,0.0,0.0,0.0,0.0,0.0,0.0,0.0,-151.52019957568177,0.0,0.0,0.0,0.0,0.0,0.0,0.0,0.0,0.0,0.0,0.0,0.0,0.0,0.0,506.28362328482785,1000.0,0.0,0.0,0.0,0.0,55.466451056888914,0.0,0.0,0.0,0.0,-81.65374083620117,645.5875962823172,23.69708564351369,0.0,0.0,0.0,0.0,0.0,0.0,0.0,33.08532597335716,0.0,0.0,0.0,999.8286817458059,0.0,55.27859835177827,0.0,-1000.0,0.0,0.0,0.0,-107.83749120835724,0.0,0.0,0.0,-47.308411035112954,0.0,0.0,-1000.0,0.0,0.0,-1000.0,0.0,0.0,0.0,0.0,120.32693830631558,0.0,0.0,333.9970468111634,0.0,0.0,0.0,-918.6230909364424,0.0,918.6230909364424,0.0,1000.0,0.0,0.0,0.0,0.0,0.0,0.0,-81.65374083620117,-0.17131825419415786,0.0,0.0,0.0,0.0,0.1142121694627719,0.0,0.0,0.0,326.1637472835185,1000.0,0.0,-1000.0,571.094129009412,0.0,305.0167520408328,0.0,1000.0,0.0,-7.414365494327934,0.0,0.0,0.0,-9.833667790744773,0.0,-990.1663322092552,-1000.0,-1000.0,0.0,0.0,0.0,0.0,0.0,0.0,0.0,0.0,0.0,0.0,0.0,0.0,0.0,0.0,0.0,0.0,0.0,666.0314366518892,0.0,-333.9685633481108,0.0,0.0,5.710608473138601,0.0,0.0,0.0,741.1319426823557,0.0,0.0,0.0,0.0,0.0,-1000.0,898.874544481937,-459.7201916695719,0.0,940.6057758055255,483.09193917932953,0.0,-69.87035397236798,906.2500000000008,-898.874544481937,454.00958319643325,-343.06663768714407,-2.8553042365692978,-5.7106084731385955,0.0,0.0,-74.23791015080175,-1000.0,0.0,34.26365083883158,0.0,0.0,0.0,90.44831861991901,0.0,0.0,581.7305256786627,581.7305256786627,-581.7305256786627,-581.7305256786627,-348.70554653573555,0.0,0.0,-699.3536714845086,0.0,0.0,0.0,0.0,0.0,-35.91462721038758,0.0,0.0,0.0,0.0,0.0,0.0,0.0,-88.57878305372282,0.22842433892551867,0.0,0.0,0.0,0.0,0.0,0.0,0.0,0.0,0.0,0.0,0.0,0.0,0.0,0.0,0.0,0.0,0.0,0.0,0.0,0.12563338640916208,0.12563338640916208,23.69708564351369,257.15756610744563,0.0,68.52730167766316,0.0,0.0,0.0,1000.0,0.0,0.0,63.69642723100738,0.0,0.0,516.2519276812776,-1000.0,0.0,0.0,0.0,0.0,0.0,0.0,0.0,0.0,0.0,0.0,0.0,0.0,0.0,120.31096737125927,-326.1637472835185,560.5987554997191,0.0,72.49076427964081,0.0,855.5095571161623,-855.5095571161623,-910.9760081730512,0.0,516.2519276812776,0.0,427.6731446275548,0.0,0.0,0.0,0.0,0.0,0.0,0.0,0.0,0.0,0.0,0.0,0.0,0.0,0.0,0.0,0.0,0.0,68.52730167766316,0.0,0.0,0.0,0.0,0.0,0.0,0.0,0.0,0.0,0.0,0.0,0.0,1.1421216946277193,0.0,23.69708564351369,63.69642723100738,-63.69642723100738,23.69708564351369,-535.2350715750231,0.0,0.0,34.26365083883158,0.0,0.0,0.0,0.0,0.0,0.0,0.0,0.0,0.0,0.0,0.0,-574.4444834502726,0.0,34.26365083883158,34.26365083883158,1000.0,-1000.0,0.0,0.0,0.0,0.0,0.0,0.0,0.0,555.3642574788753,0.0,604.1003206322729,0.1142121694627719,0.0,0.0,0.0,9.210395665962107,0.0,0.0,0.0,0.0,0.0,0.0,0.0,0.0,0.0,0.0,0.0,0.0,0.0,0.0,0.0,0.0,0.0,0.1142121694627719,0.0,0.0,0.0,-133.51063396157767,133.51063396157767,0.0,0.0,0.0,0.0,0.0,746.8425511554942,0.0,0.0,-1000.0,-8.565912709707895,-5.710608473138601,0.0,0.0,0.0,0.0,0.0,0.0,0.0,0.0,0.0,0.0,0.0,0.0,0.0,0.0,0.0,0.0,-68.52730167766316,0.0,0.0,0.0,-0.1142121694627719,0.0,0.0,0.1142121694627719,0.0,0.1142121694627719,0.0,0.0,0.0,68.52730167766316,139.33884674458176,139.33884674458176,0.0,0.0,0.0,0.0,0.0,0.0,0.0,560.5987554997191,0.0,0.0,0.0,0.0,0.0,0.0,0.0,0.0,0.0,0.0,0.0,0.0,0.0,0.0,0.0,0.0,0.0,0.0,0.0,55.466451056888914,0.0,0.0,0.0,0.17131825419415786,0.0,0.0,0.0,-34.26365083883158,0.0,0.0,0.0,0.0,0.0,-257.15756610744563,5.7106084731385955,0.0,0.0,0.0,0.0,-103.46811401312083,-1000.0,0.0,0.0,0.0,0.0,0.0,0.0,0.0,0.0,0.0,0.0,0.0,-606.2138488636479,257.15756610744563,0.0,862.7563216071648,-7.414365494327934,0.0,-258.8680573176443,0.0,258.8680573176443,0.0,-247.17633795293898,0.0,5.710608473138601,421.59500986806825,0.0,0.0,-23.69708564351369,-163.30748167240233,781.249999999999,-781.249999999999,0.0,0.0,0.0,-823.01094729184,0.0,0.0,0.0,171.50370800830456,0.0,139.33884674458176,0.0,0.0,0.0,23.69708564351369,0.0,0.0,0.0,0.0,0.0,33.08532597335716,0.0,0.0,282.8553042365693,-9.210395665962107,907.1931136344282,0.0,34.26365083883158,63.69642723100738,0.0,0.0,0.0,401.6243713895901,0.0,0.0,0.12563338640916208,0.0,0.0,0.0,69.66942337229088,0.0,0.0,0.0,0.0,506.28362328482785,0.0,0.0,0.0,0.0,0.0,0.0,0.0,0.0,0.0,0.0,0.011421216946277518,0.011421216946277518,0.0,0.0,0.0,0.0,0.0,0.0,0.0,0.0,0.0,0.0,23.69708564351369,0.0,0.0,0.0,0.0,257.15756610744563,0.0,0.0,0.0,0.0,0.0,0.0,0.0,0.0,0.0,0.0,0.0,127.39285446201475,350.3212544596183,461.7392873071044,-960.5924910692439,0.0,0.0,0.0,68.52730167766316,0.0,0.0,0.0,0.0,0.0,0.0,-68.52730167766316,0.0,127.39285446201475,0.0,0.0,0.0,0.0,0.0,0.0,0.0,23.69708564351369,23.69708564351369,0.0,-604.1003206322729,-1000.0,78.23533608199878,-34.26365083883158,0.0,0.0,999.5431513221492,0.0,0.0,0.0,0.0,0.0,0.0,0.0,0.0,0.0,984.375,0.0,-984.375,-984.375,0.0,0.0,0.0,0.0,-14.276521182846496,0.0,-8.565912709707895,-8.565912709707888,0.0,0.0,0.0,0.0,0.0,-388.83440535299076,387.4067532347061,35.91462721038758,0.0,0.0,0.0,0.0,0.0,0.0,0.0,1000.0,34.26365083883158,34.26365083883158,0.0,0.0,0.0,0.0,0.0,0.12563338640916208,257.15756610744563,0.0,0.0,-999.5431513221492,0.0,0.0,0.0,0.0,0.0,0.0,0.0,0.0,0.0,0.0,0.0,0.0,0.0,0.0,0.0,0.0,0.0,35.4057725334593,0.0,119.92277793591053,0.0,0.0,72.49076427964081,0.0,0.0,0.0,257.15756610744563,0.0,1000.0,0.0,0.0,0.0,-14.276521182846496,0.0,0.0,0.0,0.0,0.0,0.0,0.0,0.0,0.0,0.0,0.0,0.0,0.0,0.0,0.0,0.0,0.0,0.0,-0.1142121694627719,0.0,0.0,5.7106084731385955,-516.2519276812776,0.0,0.0,0.0,0.0,0.0,0.0,0.0,0.0,9.833667790744773,2.8553042365692978,0.0,0.0,0.0,0.1142121694627719,0.0,114.21216946277191,0.0,22.842433892554382,0.8158012104483708,389.4634978680523,-0.08565912709707893,5.71060847313862,2.284243389255438,-0.5710608473135296,-389.4634978680523,34.26365083883157,-0.1142121694627719,2.471455164775978,0.0,0.028553042365692977,0.8158012104483708,-7.414365494327933,-81.87900460948435,21.41284225425825,-175.77685491228794,-0.1142121694627719,0.028553042365692977,-389.4634978680523,11.421216946277191,0.1142121694627719,0.1142121694627719,-256.9177205515737,-63.57079384459833,-203.81159762561163,-0.08565912709707893,34.26365083883158,0.1142121694627719,34.26365083883158,-57.10608473138596,-0.05710608473138595,-633.5301687863755,-67.00188017262889,-0.08565912709707893,-0.1142121694627719,0.0,0.1142121694627719,11.421216946277191,-2.284243389255438,55.466451056888914,55.466451056888914,-11.421216946277191,175.77685491228794,-55.466451056888914,22.842433892554382,0.17131825419415786,284.1445263787115,11.421216946277191,-120.31096737125927,0.0,-22.842433892554382,0.05710608473138595,1.1421216946277193,250.0,280.0,-0.1142121694627719,-282.8553042365693,256.9177205515737,35.4057725334593,0.1142121694627719,81.87900460948435,-137.0546033553263,0.0,-0.1142121694627719,-0.028553042365692977,0.0,-0.1142121694627719,-88.57878305372282,0.1142121694628856,-0.028553042365692977,-0.028553042365692977,-0.028553042365692977,45.684867785108764,57.10608473138596,1.1421216946277193,84.61694105073508,-0.028553042365692977,497.528544835224,5.7106084731385955,50.0,0.1142121694627719,0.05710608473138595,0.05710608473138595,11.421216946277191,0.0,0.1142121694627719,0.0,1.1421216946277193,0.1142121694627719,-84.61694105073508,0.1142121694627719,0.4568486778508145,0.5710608473135296,0.05710608473138595,0.028553042365692977,34.26365083883158,-0.1142121694627719,203.81159762561163,-10.706421127129126,-169.23388210147016,2.8553042365692747,-11.421216946277191,22.842433892554382,5.7106084731385955,-0.1142121694627719,7.414365494327933,0.17131825419415786,-0.1142121694627719,-22.842433892554382,0.0,-196.11013364254694,0.05710608473138595,-100.0,-0.1142121694627719,-0.1142121694628856,-0.1142121694627719,0.05710608473138595,389.4634978680523,-22.842433892554382,0.1142121694627719,500.0,-0.028553042365692977,63.57079384459833,-500.0,17.131825419415787,67.00188017262889,-489.13235685313236,389.4634978680523,-0.08565912709707893,282.8553042365693,-280.0,0.1142121694627719,-0.028553042365692973,5.710608473138601,114.21216946277191,-0.05710608473138595,-0.1142121694627719,0.028553042365692977,719.0798742987197,0.0,-284.2016324634429,0.0,-255.0,0.0,-136.07464189069768,-140.0,0.0,-80.0,242.82915951759009,-325.0,0.0,40.0,127.5,-121.41457975879504,0.0,70.0,-257.15756610744563,-205.51423774704318,0.0,325.0,-205.51423774704318,136.07464189069768,-5.220627740824284,0.0,1496.5981,hplb
172,0.0,0.0,0.0,0.0,0.0,0.0,0.0,0.0,-0.08398040245816443,0.0,0.0,0.0,0.0,0.0,0.0,0.0,40.87275696785597,135.39596171061484,0.0,0.0,0.0,0.0,0.0,400.66719378488233,0.0,0.0,0.0,0.0,0.0,-510.09092492948116,0.0,0.0,66.18224245309702,0.0,0.0,0.0,0.0,-12.003598858019432,0.0,-1000.0,1000.0,0.0,0.0,62.96816796161147,0.0,0.0,0.0,0.0,1000.0,-561.391020148542,0.0,593.7499999999862,0.0,0.09237844270391163,0.0,0.0,0.0,0.0,0.0,0.0,-7.3958741098141445,0.0,-630.2468043277311,-637.6426784375452,0.0,0.0,0.0,0.0,853.234849373541,-292.7556829691611,0.0,0.8398040245816443,0.0,0.0,0.0,0.0,0.0,0.0,0.0,0.0,0.0,0.0,-39.644067435627946,0.0,50.388241474898656,0.0,0.0,-613.9715904671705,129.62660681791562,0.0,-0.020995100614541108,0.0,0.0,0.0,25.194120737449328,0.0,25.194120737449328,-2.7041689591506297,0.0,0.0,0.0,4.199020122908221,-1000.0,0.0,0.0,-71.9617906525776,0.0,0.0,0.0,0.0,0.0,0.0,0.0,0.0,0.0,0.0,0.0,0.0,0.0,0.0,0.0,0.0,0.0,0.0,-782.9395930011682,0.0,0.0,25.194120737449328,0.0,26.03392476203097,26.03392476203097,0.0,-156.92524437929666,0.0,156.92524437929666,-156.92524437929666,0.0,0.0,0.0,0.0,0.0,0.0,0.0,0.0,0.0,46.11055842490657,0.08398040245816443,0.0,0.0,0.0,-806.9504565099157,806.9504565099157,0.0,0.0,0.0,0.0,340.34130975950745,0.0,0.0,0.0,0.0,0.0,278.3108907469631,278.3108907469631,0.0,0.0,0.0,0.0,612.7374420997556,0.0,0.0,278.39487114942125,0.0,0.0,0.0,-151.49154450458636,0.0,0.0,0.0,0.0,0.0,0.0,0.0,0.0,0.0,0.0,0.0,0.0,0.0,0.0,0.0,-1000.0,0.0,0.0,0.0,0.0,0.0,561.391020148542,-593.7499999999862,170.37339318208438,-170.37339318208438,0.0,0.0,0.0,0.0,0.0,0.0,0.0,489.90907507051884,-702.2936307989035,0.0,0.0,0.0,0.0,0.0,0.0,0.0,0.0,0.0,0.0,0.0,0.0,0.0,851.3903910251117,-66.40783901673423,62.96816796161147,0.0,0.0,0.0,0.0,161.5179793517254,0.0,0.0,0.0,0.0,-7.3958741098141445,0.0,0.0,0.0,378.4660817179635,0.0,0.0,0.0,0.0,0.0,0.0,16.796080491632885,0.0,0.0,40.74678636416877,0.0,-37.34819728507233,0.0,-62.96816796161147,0.0,0.0,0.0,0.0,0.0,0.0,0.0,27.27714764460353,0.0,0.0,-1000.0,437.50000000000637,0.0,-1000.0,-437.50000000000637,0.0,300.0,0.0,513.490945359856,561.391020148542,0.0,124.85519303061528,0.0,0.0,0.0,0.0,0.0,0.0,0.0,278.2269103445049,0.0,0.0,0.0,0.0,0.0,0.0,-7.3958741098141445,-0.12597060368724664,0.0,0.0,0.0,0.0,0.08398040245816443,0.0,0.0,0.0,813.2878999108253,40.87275696785597,0.0,-773.9831811239329,681.4895687752208,0.0,891.9902012290822,0.0,286.4948373524368,0.0,-71.9617906525776,0.0,0.0,0.0,566.7400120211041,-853.234849373541,0.0,-375.66261048650136,-1000.0,0.0,0.0,0.0,0.0,0.0,0.0,0.0,0.0,0.0,0.0,0.0,0.0,0.0,0.0,0.0,0.0,378.4660817179635,-1000.0,0.0,-988.3323227518108,0.0,0.0,0.0,0.0,0.0,0.0,-46.11055842490657,0.0,39.644067435627946,0.0,0.0,0.0,0.0,0.0,0.0,708.5721047605468,0.0,0.0,-659.1682549849003,-327.220991522702,-359.82934505996843,0.0,-4.199020122908221,-285.65603261842614,-710.671614822001,654.969234861992,0.0,0.0,0.0,0.0,995.8009798770918,25.194120737449328,0.0,0.0,0.0,0.0,0.0,0.0,0.0,-851.3903910251117,851.3903910251117,851.3903910251117,310.16571016094474,0.0,0.0,0.0,0.0,0.0,489.90907507051884,0.0,0.0,-14.791748219628225,0.0,656.2500000000003,133.2039195083671,0.0,0.0,0.0,0.0,-91.60195975418355,0.16796080491629545,0.0,0.0,0.0,0.0,0.0,0.0,0.0,0.0,0.0,560.4791664043798,0.0,0.0,0.0,0.0,0.0,0.0,0.0,0.0,0.0,0.09237844270391163,0.09237844270391163,0.0,407.32758266079276,0.0,50.388241474898656,0.0,0.0,0.0,1000.0,0.0,501.2678168887618,0.0,0.0,0.0,950.0415266536112,-1000.0,0.0,0.0,0.0,0.0,0.0,133.2039195083671,0.0,0.0,0.0,0.0,0.0,0.0,0.0,260.97986433372273,-813.2878999108253,0.0,0.0,6.466490989278627,0.0,0.0,0.0,-161.5179793517254,0.0,950.0415266536112,0.0,0.0,858.4395668994276,0.0,0.0,851.3903910251117,0.0,0.0,0.0,0.0,0.0,0.0,0.0,0.0,0.0,0.0,0.0,0.0,0.0,50.388241474898656,0.0,0.0,0.0,0.0,0.0,0.0,0.0,0.0,0.0,0.0,0.0,0.0,0.8398040245816443,0.0,0.0,0.0,0.0,0.0,-593.7499999999862,0.0,0.0,25.194120737449328,0.0,0.0,0.0,0.0,0.0,0.0,0.0,0.0,0.0,0.0,1000.0,-265.70192563311673,0.0,25.194120737449328,25.194120737449328,1000.0,-1000.0,0.0,133.2039195083671,0.0,0.0,0.0,0.0,0.0,375.66261048650136,489.90907507051884,420.91716295064805,0.08398040245816443,0.0,0.0,0.0,6.772419598233403,0.0,0.0,0.0,0.0,0.0,0.0,0.0,0.0,0.0,0.0,0.0,0.0,0.0,0.0,0.0,0.0,0.0,0.08398040245816443,0.0,0.0,0.0,0.0,0.0,0.0,0.0,0.0,0.0,-46.11055842490657,834.7239862714566,0.0,-795.0799188358287,11.667677248189193,-6.298530184362332,-4.199020122908221,0.0,0.0,0.0,0.0,0.0,0.0,0.0,0.0,0.0,0.0,0.0,0.0,0.0,0.0,0.0,0.0,1000.0,0.0,0.0,0.0,-0.08398040245816443,0.0,0.0,0.08398040245816443,0.0,0.08398040245816443,0.0,0.0,0.0,50.388241474898656,102.45609099896059,102.45609099896059,0.0,0.0,0.0,0.0,0.0,0.0,39.644067435627946,0.0,0.0,489.90907507051884,0.0,0.0,573.970724672752,0.0,0.0,0.0,0.0,0.0,0.0,0.0,0.0,0.0,0.0,0.0,0.0,0.0,0.0,161.5179793517254,0.0,0.0,0.0,0.12597060368724664,0.0,0.0,0.0,-25.194120737449328,0.0,0.0,0.0,0.0,0.0,-407.32758266079276,4.199020122908221,0.0,0.0,0.0,0.0,-612.7374420997556,0.0,0.0,0.0,656.2500000000003,0.0,0.0,0.0,0.0,0.0,0.0,0.0,0.0,0.0,-444.062808364319,0.0,308.2039195083671,-71.9617906525776,0.0,0.0,834.7239862714566,-834.7239862714566,0.0,-102.45609099896059,0.0,4.199020122908221,1000.0,0.0,0.0,0.0,-14.791748219628225,-130.5326471826209,130.5326471826209,1000.0,-1000.0,0.0,0.0,0.0,0.0,0.0,413.6261128451551,-426.2231732138797,102.45609099896059,0.0,539.3967615550333,539.3967615550333,-539.3967615550333,0.0,0.0,0.0,0.0,0.0,0.0,0.0,0.0,0.0,-567.2515860026133,0.0,0.0,25.194120737449328,0.0,0.0,0.0,0.0,86.73219501124836,0.0,0.0,0.09237844270391163,0.0,0.0,0.0,51.228045499480295,0.0,0.0,0.0,0.0,-66.40783901673423,0.0,0.0,0.0,0.0,0.0,0.0,0.0,0.0,-549.0587701442284,0.0,0.008398040245816443,0.008398040245816443,0.0,0.0,0.0,0.0,0.0,0.0,0.0,0.0,0.0,0.0,0.0,0.0,0.0,0.0,0.0,407.32758266079276,0.0,0.0,0.0,0.0,0.0,0.0,0.0,561.391020148542,0.0,0.0,0.0,0.0,1000.0,1.4864592955816534,135.39596171061484,0.0,0.0,0.0,50.388241474898656,0.0,0.0,0.0,0.0,0.0,-50.388241474898656,0.0,0.0,0.0,0.0,0.0,0.0,0.0,0.0,0.0,0.0,0.0,0.0,0.0,-420.91716295064805,-1000.0,631.4973003565947,0.0,-25.194120737449328,0.0,-12.003598858019432,0.0,0.0,0.0,0.0,0.0,0.0,0.0,0.0,0.0,953.125,0.0,-953.125,-953.125,0.0,0.0,0.0,0.0,-10.497550307270554,0.0,-6.298530184362332,993.8953677022695,0.0,0.0,0.0,0.0,0.0,-1.0497550307270553,0.0,14.791748219628225,0.0,0.0,0.0,0.0,0.0,0.0,0.0,1000.0,25.194120737449328,25.194120737449328,0.0,0.0,0.0,0.0,0.0,0.09237844270391163,407.32758266079276,0.0,0.0,12.003598858019432,0.0,0.0,0.0,0.0,0.0,0.0,0.0,0.0,0.0,0.0,0.0,0.0,0.0,0.0,0.0,0.0,0.0,26.03392476203097,0.0,88.17942258107264,46.11055842490657,0.0,0.0,0.0,0.0,0.0,407.32758266079276,0.0,-6.9031890820588515,0.0,0.0,0.0,-10.497550307270554,0.0,0.0,0.0,0.0,0.0,0.0,0.0,0.0,0.0,0.0,0.0,0.0,0.0,0.0,0.0,0.0,0.0,0.0,-0.08398040245816443,0.0,0.0,4.199020122908221,-950.0415266536112,0.0,0.0,0.0,0.0,0.0,0.0,0.0,0.0,-566.7400120211041,2.0995100614541107,0.0,0.0,0.0,0.08398040245816443,0.0,83.98040245816442,0.0,16.796080491632885,0.5998600175583173,286.37317238234067,-0.06298530184362332,4.199020122908221,1.6796080491632885,-0.4199020122884036,-286.37317238234067,25.194120737449328,-0.08398040245816443,23.9872635508592,133.2039195083671,0.020995100614541108,0.5998600175583173,-71.9617906525776,-13.369680071337477,-1.6796080491632885,-176.2687186784708,-0.08398040245816443,0.020995100614541108,-286.37317238234067,8.398040245816443,0.08398040245816443,0.08398040245816443,-407.15122381563066,0.09237844270398088,-13.860620902125362,-0.06298530184362332,25.194120737449328,0.08398040245816443,25.194120737449328,-41.99020122908222,-0.041990201229082216,-182.55710755222685,-170.0,-0.06298530184362332,-0.08398040245816443,0.0,0.08398040245816443,8.398040245816443,-1.6796080491632885,161.5179793517254,161.5179793517254,-8.398040245816443,176.2687186784708,-161.5179793517254,16.796080491632885,0.12597060368724664,72.84221882087013,8.398040245816443,-260.97986433372273,133.2039195083671,-16.796080491632885,0.041990201229082216,0.8398040245816443,193.49579528098323,-427.2667278726861,-0.08398040245816443,-426.2231732138797,407.15122381563066,26.03392476203097,0.08398040245816443,13.369680071337477,32.42743655856992,133.2039195083671,-0.08398040245816443,-0.020995100614541108,-133.2039195083671,-0.08398040245816443,-91.60195975418355,0.08398040245816443,-0.020995100614541108,-0.020995100614541108,-0.020995100614541108,33.59216098326577,41.99020122908222,0.8398040245816443,62.21898067119042,-0.020995100614541108,363.00432701110725,4.199020122908221,50.0,0.08398040245816443,0.041990201229082216,0.041990201229082216,75.0,0.0,0.08398040245816443,0.0,0.8398040245816443,0.0839804024581644,-62.21898067119042,0.08398040245816443,0.3359216098302795,0.4199020122884036,0.041990201229082216,0.020995100614541108,25.194120737449328,-0.08398040245816443,13.860620902125362,0.8398040245816443,-124.43796134238085,2.0995100614541107,-8.398040245816443,16.796080491632885,4.199020122908221,-0.08398040245816443,71.9617906525776,0.12597060368724664,-0.0839804024581644,-150.0,0.0,22.40838784625516,0.041990201229082216,-100.0,-0.08398040245816443,-0.08398040245816443,-0.08398040245816443,0.041990201229082216,286.37317238234067,-16.796080491632885,0.08398040245816443,386.99159056196646,-0.020995100614541108,-0.09237844270398088,-386.99159056196646,12.597060368724662,170.0,-495.1528490551639,286.37317238234067,-0.06298530184362332,426.2231732138797,427.2667278726861,0.08398040245816443,-0.020995100614541115,4.199020122908221,83.98040245816442,-0.041990201229082216,-0.08398040245816443,0.020995100614541108,0.0,0.0,-372.8842090220992,0.0,-255.0,0.0,531.5478611447066,-140.0,0.0,-80.0,-255.0,-325.0,-300.0,40.0,127.5,127.5,0.0,70.0,-407.32758266079276,-109.14058285750353,300.0,325.0,-109.14058285750353,-531.5478611447066,245.36119217016014,0.0,1496.5981,hplb
173,0.0,0.0,0.0,0.0,0.0,0.0,0.0,0.0,-0.09314034059438785,0.0,0.0,0.0,0.0,0.0,0.0,0.0,726.8048838075714,-569.3049360427707,0.0,0.0,0.0,0.0,0.0,239.85928893513912,0.0,315.46983656409657,0.0,0.0,0.0,-243.2116311710447,0.0,0.0,89.4372457144231,0.0,0.0,0.0,0.0,999.6274386376224,0.0,-1000.0,1000.0,0.0,0.0,516.4067473634733,0.0,0.0,0.0,0.0,-1000.0,0.0,0.0,0.0,0.0,0.1024543746537533,0.0,0.0,0.0,18.62806811887757,0.0,0.0,-21.678909922121647,0.0,23.40286355758883,0.0,0.0,0.0,0.0,0.0,149.98638631602478,-22.380809804944164,0.0,0.9314034059438786,0.0,0.0,0.0,0.0,0.0,0.0,0.0,0.0,0.0,0.0,1000.0,0.0,55.884204356632715,0.0,14.051001805598146,914.2268449883628,483.5317810311335,-726.6651732966798,-0.023285085148596965,0.0,0.0,406.77680139753693,27.942102178316357,0.0,133.0958855165895,0.0,0.0,0.0,1000.0,4.657017029719393,-1000.0,0.0,0.0,-48.50435275844101,0.0,0.0,0.0,0.0,0.0,0.0,0.0,0.0,0.0,0.0,0.0,0.0,0.0,0.0,0.0,0.0,0.0,0.0,-1000.0,0.0,0.0,133.0958855165895,0.0,28.87350558426023,15.462665784512495,0.0,0.0,304.5310953035405,-304.5310953035405,304.5310953035405,0.0,0.0,0.0,-1.7239536354670761,0.0,0.0,0.0,0.0,0.0,-978.777191968634,0.09314034059438785,0.0,0.0,0.0,-63.89612280677841,0.0,0.0,0.0,0.0,0.0,495.6985782777497,0.0,0.0,0.0,0.0,0.0,251.82008772025875,251.82008772025875,0.0,0.0,0.0,0.0,1000.0,0.0,0.0,251.91322806085313,0.0,0.0,0.0,-469.7831631802509,0.0,0.0,0.0,0.0,0.0,0.0,0.0,0.0,0.0,0.0,0.0,0.0,0.0,0.0,0.0,-1000.0,0.0,0.0,0.0,0.0,0.0,0.0,0.0,483.5317810311335,-483.5317810311335,0.0,0.0,0.0,0.0,0.0,0.0,0.0,756.7883688289553,-641.3744878863977,0.0,0.0,0.0,0.0,0.0,0.0,0.0,0.0,0.0,0.0,0.0,0.0,0.0,515.5315026285901,106.30604238280671,516.4067473634733,0.0,0.0,0.0,0.0,96.65564204237555,0.0,0.0,0.0,0.0,-21.678909922121647,0.0,0.0,0.0,0.0,0.0,0.0,0.0,0.0,0.0,235.02836428161717,0.0,105.15378333827314,0.0,0.0,0.0,397.7586260194963,0.0,-516.4067473634733,0.0,0.0,1.7239536354670761,-45.08177347971048,0.0,0.0,0.0,-395.3813305220036,0.0,0.0,-1000.0,937.5000000000043,0.0,-1000.0,-937.5000000000043,0.0,967.063562062267,0.0,0.0,0.0,0.0,194.1312397849915,0.0,0.0,0.0,-443.8909357027163,0.0,443.8909357027163,0.0,767.5936135743375,1.7239536354670761,0.0,0.0,0.0,0.0,0.0,-21.678909922121647,-0.1397105108915818,0.0,0.0,0.0,0.0,0.09314034059438785,0.0,0.0,0.0,535.2201081594177,726.8048838075714,0.0,-900.1084332718932,716.4231308679923,0.0,1000.0,0.0,-1000.0,0.0,-48.50435275844101,0.0,0.0,0.0,580.6988778813017,-539.4525247904979,958.7536469091963,-1000.0,-1000.0,0.0,0.0,0.0,0.0,0.0,0.0,0.0,0.0,0.0,0.0,0.0,0.0,0.0,0.0,0.0,0.0,0.0,0.0,0.0,-1000.0,0.0,0.0,232.02924531447763,0.0,0.0,0.0,760.2628958525589,0.0,0.0,0.0,0.0,0.0,0.0,0.0,0.0,0.0,389.46613847447315,881.2116717848385,995.3429829702806,-1000.0,-672.8853767260179,0.0,-4.657017029719393,0.0,-2.3285085148596965,-1000.0,-961.8848400769338,0.0,0.0,569.3011835243472,820.4048166827496,133.0958855165895,0.0,0.0,0.0,0.0,0.0,0.0,0.0,-515.5315026285901,515.5315026285901,515.5315026285901,284.87628463956344,0.0,0.0,-558.0196716114675,0.0,0.0,756.7883688289553,0.0,0.0,-16.979769868514186,0.0,0.0,133.0958855165895,0.0,0.0,0.0,0.0,-90.68596594056122,0.18628068118883792,0.0,0.0,0.0,0.0,0.0,0.0,0.0,0.0,0.0,0.0,0.0,0.0,0.0,0.0,0.0,0.0,0.0,0.0,0.0,0.1024543746537533,0.1024543746537533,0.0,399.43348022163974,0.0,55.884204356632715,0.0,0.0,0.0,1000.0,0.0,0.0,14.051001805598146,0.0,0.0,939.7149719170166,-1000.0,0.0,0.0,0.0,0.0,0.0,133.0958855165895,0.0,0.0,0.0,0.0,0.0,0.0,0.0,333.3333333333333,-535.2201081594177,63.89612280677841,0.0,21.222808031366007,0.0,-593.2231986024631,1000.0,903.3443579576244,0.0,939.7149719170166,0.0,1000.0,-150.97099402354456,1000.0,-1000.0,515.5315026285901,0.0,0.0,0.0,0.0,0.0,0.0,0.0,0.0,0.0,0.0,0.0,0.0,0.0,55.884204356632715,1.7239536354670761,1.7239536354670761,0.0,0.0,0.0,0.0,0.0,0.0,0.0,0.0,0.0,0.0,0.9314034059438786,0.0,0.0,14.051001805598146,-14.051001805598146,0.0,0.0,0.0,0.0,133.0958855165895,0.0,0.0,0.0,0.0,0.0,0.0,0.0,0.0,0.0,0.0,225.5006382274222,0.0,0.0,27.942102178316357,27.942102178316357,1000.0,-1000.0,0.0,133.0958855165895,0.0,0.0,0.0,0.0,0.0,1000.0,756.7883688289553,639.7572159504782,0.09314034059438785,0.0,0.0,0.0,61.15446237978115,0.0,0.0,-406.77680139753693,0.0,-1.7239536354670761,0.0,0.0,0.0,0.0,0.0,0.0,0.0,0.0,0.0,0.0,0.0,0.0,0.09314034059438785,0.0,0.0,0.0,0.0,0.0,0.0,0.0,0.0,0.0,0.0,992.2921411670366,0.0,0.0,-1000.0,-6.98552554457909,0.0,-4.657017029719393,0.0,0.0,0.0,0.0,0.0,0.0,0.0,0.0,0.0,0.0,0.0,1.7239536354670761,0.0,0.0,0.0,825.061833712469,0.0,0.0,0.0,-0.09314034059438785,0.0,0.0,0.09314034059438785,0.0,0.09314034059438785,0.0,125.88162287561354,0.0,55.884204356632715,113.63121552515318,113.63121552515318,0.0,0.0,0.0,0.0,0.0,0.0,0.0,63.89612280677841,0.0,756.7883688289553,0.0,0.0,0.0,588.7182612064784,0.0,0.0,0.0,0.0,0.0,0.0,0.0,0.0,0.0,0.0,0.0,0.0,0.0,96.65564204237555,0.0,-189.58821368848302,189.58821368848302,0.1397105108915818,0.0,0.0,0.0,-133.0958855165895,0.0,0.0,0.0,0.0,0.0,-399.43348022163974,4.657017029719393,0.0,0.0,0.0,0.0,-1000.0,-760.2628958525589,-4.657017029719393,0.0,0.0,0.0,0.0,0.0,0.0,0.0,1.7239536354670761,0.0,0.0,966.6854878340264,-116.0980224069504,0.0,370.26805468790076,-48.50435275844101,0.0,0.0,0.0,0.0,0.0,-158.71298900486366,0.0,4.657017029719393,593.0244188712292,0.0,0.0,0.0,-45.08177347971048,843.75,-843.75,0.0,0.0,0.0,-16.5140681655422,0.0,0.0,0.0,-13.97105108915819,0.0,113.63121552515318,0.0,0.0,0.0,0.0,0.0,0.0,0.0,0.0,0.0,235.02836428161717,0.0,0.0,420.39005685537705,-61.15446237978115,-1000.0,0.0,27.942102178316357,14.051001805598146,0.0,0.0,0.0,182.61695346429286,0.0,0.0,0.1024543746537533,0.0,0.0,0.0,56.81560776257659,0.0,0.0,0.0,0.0,106.30604238280671,0.0,0.0,0.0,0.0,0.0,0.0,0.0,0.0,704.7446061323902,0.0,0.009314034059439051,0.009314034059439051,0.0,0.0,0.0,0.0,0.0,0.0,0.0,0.0,0.0,0.0,0.0,0.0,0.0,0.0,0.0,399.43348022163974,0.0,0.0,0.0,0.0,0.0,0.0,0.0,0.0,0.0,0.0,0.0,28.10200361119629,453.60976761514274,0.0,-569.3049360427707,0.0,0.0,0.0,55.884204356632715,0.0,0.0,0.0,0.0,0.0,944.1157956433673,-1000.0,0.0,28.10200361119629,0.0,0.0,0.0,0.0,0.0,0.0,0.0,0.0,0.0,0.0,-639.7572159504782,-1000.0,652.5193945136341,187.50000000000017,-320.59588551658965,0.0,999.6274386376224,0.0,0.0,0.0,0.0,0.0,0.0,0.0,0.0,0.0,0.0,0.0,0.0,0.0,0.0,0.0,0.0,0.0,-11.642542574298483,1.7239536354670761,-6.98552554457909,581.7327356618995,0.0,0.0,0.0,0.0,0.0,-1.1642542574298484,0.0,16.979769868514186,0.0,0.0,0.0,0.0,0.0,0.0,0.0,1000.0,27.942102178316357,27.942102178316357,0.0,0.0,0.0,0.0,0.0,0.1024543746537533,399.43348022163974,0.0,0.0,-999.6274386376224,0.0,0.0,0.0,0.0,0.0,0.0,0.0,0.0,0.0,0.0,0.0,0.0,0.0,0.0,0.0,0.0,0.0,15.462665784512495,0.0,97.79735762410725,0.0,0.0,21.222808031366007,0.0,0.0,0.0,399.43348022163974,0.0,992.2921411670366,0.0,0.0,0.0,-11.642542574298483,0.0,0.0,0.0,0.0,0.0,0.0,0.0,0.0,0.0,0.0,0.0,0.0,0.0,0.0,0.0,0.0,0.0,0.0,-0.09314034059438785,0.0,0.0,4.657017029719393,-939.7149719170166,0.0,0.0,0.0,0.0,1.7239536354670761,0.0,0.0,0.0,-580.6988778813017,2.3285085148596965,0.0,0.0,315.46983656409657,0.09314034059438785,0.0,93.14034059438785,-13.410839799747718,18.62806811887757,0.6652881471027704,290.78688182736704,-0.0698552554457909,4.657017029719393,1.8628068118877572,-0.4657017029719977,-290.78688182736704,27.942102178316357,-0.09314034059438786,16.168117586147,133.0958855165895,0.023285085148596965,0.6652881471027704,-48.50435275844101,-28.87894402822503,-1.8628068118877574,-157.4999477648007,-0.09314034059438786,0.023285085148596965,-290.78688182736704,9.314034059438786,0.09314034059438786,0.09314034059438785,-399.2378855063916,-13.948547430944318,-83.11450613810227,-0.0698552554457909,27.942102178316357,0.09314034059438786,133.0958855165895,58.58361304107922,-0.04657017029719393,-315.57536662276544,-106.06281644240872,-0.0698552554457909,-0.09314034059438786,-13.410839799747718,0.09314034059438785,9.314034059438786,-1.8628068118877572,96.65564204237555,96.65564204237555,-9.314034059438786,157.4999477648007,-96.65564204237555,18.62806811887757,0.1397105108915818,337.3203467169731,9.314034059438786,-333.3333333333333,133.0958855165895,-18.62806811887757,0.04657017029719393,0.9314034059438786,225.0271083179733,-97.46995428807284,-0.09314034059438785,-420.39005685537705,399.2378855063916,28.87350558426023,0.09314034059438786,28.87894402822503,-83.82630653494898,133.0958855165895,-0.09314034059438785,-0.023285085148596965,-133.0958855165895,-0.09314034059438785,-90.68596594056122,0.09314034059438786,-0.023285085148596965,-0.023285085148596965,-0.023285085148596965,37.25613623775514,-58.58361304107922,0.9314034059438786,69.00534983786754,-0.023285085148596965,433.8860990497996,4.657017029719393,50.0,0.09314034059438785,0.04657017029719393,0.04657017029719392,75.0,13.410839799747718,0.09314034059438785,-13.410839799747718,0.9314034059438786,0.09314034059438786,-69.00534983786754,0.09314034059438786,0.37256136237760984,0.4657017029719977,0.04657017029719393,0.023285085148596965,27.942102178316357,-0.09314034059438786,83.11450613810227,0.9314034059438787,-138.01069967573508,2.3285085148596973,-9.314034059438786,18.62806811887757,4.657017029719393,-0.09314034059438786,48.50435275844101,0.1397105108915818,-0.09314034059438786,-150.0,13.410839799747718,-57.04463339372917,0.04657017029719393,-100.0,-0.09314034059438786,-0.09314034059438786,-0.09314034059438786,0.04657017029719393,290.78688182736704,-18.62806811887757,0.09314034059438785,450.0542166359466,-0.023285085148596965,13.948547430944318,-450.0542166359466,13.971051089158177,106.06281644240872,-862.4429613094833,290.78688182736704,-0.0698552554457909,420.39005685537705,97.46995428807284,0.09314034059438786,-0.02328508514859696,4.657017029719393,93.14034059438785,-0.04657017029719393,-0.09314034059438786,0.023285085148596965,679.9788005689691,0.0,-577.7653056528575,0.0,-255.0,0.0,493.8038805867404,-140.0,0.0,-80.0,-255.0,-325.0,-240.39838876558719,40.0,127.5,127.5,0.0,70.0,-399.43348022163974,-125.57232007056368,240.39838876558719,325.0,-125.57232007056368,-493.8038805867404,284.1580765311253,0.0,1496.5981,hplb
174,0.0,0.0,0.0,0.0,0.0,0.0,0.0,0.0,-0.07185017972720617,0.0,0.0,0.0,0.0,0.0,0.0,0.0,412.9880136450342,-112.98801364503419,0.0,0.0,0.0,0.0,0.0,0.0,0.0,0.0,0.0,0.0,0.0,-247.42295886005252,0.0,0.0,61.33641334292595,0.0,0.0,0.0,0.0,486.12092544146736,0.0,-1000.0,1000.0,0.0,0.0,-165.56505478498167,0.0,0.0,0.0,0.0,0.0,-830.3036907543886,0.0,0.0,0.0,0.07903519770005119,0.0,0.0,0.0,14.370035945441234,0.0,0.0,-6.327605827976219,0.0,0.0,-6.327605827976219,0.0,0.0,0.0,0.0,0.0,0.0,0.0,0.7185017972720618,0.0,0.0,0.0,0.0,0.0,0.0,0.0,0.0,0.0,0.0,0.0,0.0,43.11010783632371,0.0,0.0,-143.5059931774829,-349.8781887452899,506.372195567807,-0.017962544931801543,0.0,0.0,0.0,21.555053918161853,0.0,21.555053918161853,-498.70428691769257,0.0,0.0,0.0,3.5925089863603086,-1000.0,0.0,0.0,-77.07569768510267,0.0,0.0,0.0,0.0,0.0,0.0,0.0,0.0,0.0,0.0,0.0,0.0,0.0,0.0,0.0,0.0,0.0,0.0,-468.307448315475,0.0,0.0,21.555053918161853,0.0,22.273555715433915,22.273555715433915,0.0,296.6284763756509,-296.6284763756509,0.0,0.0,-987.4739302772177,-156.2500000000036,156.2500000000036,987.4739302772177,0.0,0.0,0.0,0.0,0.0,5.532463838994872,0.07185017972720617,0.0,0.0,0.0,-596.089288075679,289.98302774473075,0.0,0.0,0.0,0.0,362.9392369140024,0.0,0.0,0.0,0.0,0.0,-12.589985996641744,-12.589985996641744,0.0,0.0,0.0,0.0,469.32074576549644,0.0,0.0,-12.518135816914537,0.0,0.0,0.0,-951.6967958907303,0.0,0.0,0.0,0.0,0.0,0.0,0.0,0.0,0.0,0.0,0.0,0.0,0.0,0.0,0.0,-1000.0,0.0,0.0,0.0,0.0,0.0,830.3036907543886,0.0,143.5059931774829,-143.5059931774829,0.0,0.0,0.0,0.0,0.0,0.0,0.0,752.5770411399475,-392.2450480803938,0.0,0.0,0.0,0.0,0.0,0.0,0.0,0.0,0.0,0.0,0.0,0.0,0.0,925.546585903581,234.84633222183066,-165.56505478498167,0.0,0.0,0.0,0.0,0.0,0.0,0.0,0.0,0.0,-6.327605827976219,0.0,0.0,0.0,344.68749931166565,0.0,0.0,0.0,0.0,0.0,163.5503348344556,0.0,0.0,0.0,919.2524339432504,425.86825202047766,0.0,0.0,165.56505478498167,0.0,0.0,0.0,804.8336014046771,0.0,0.0,0.0,31.622024193713287,0.0,0.0,606.0286353007726,562.4999999999807,749.9999999999591,856.0286353008137,-812.5000000000216,1000.0,-206.372195567807,0.0,174.02397270993163,830.3036907543886,0.0,245.00911286977305,0.0,0.0,0.0,0.0,0.0,0.0,0.0,987.338163823631,0.0,0.0,0.0,0.0,0.0,0.0,-6.327605827976219,-0.10777526959080926,0.0,0.0,0.0,0.0,0.07185017972720617,0.0,0.0,0.0,814.8946112473825,412.9880136450342,0.0,-788.1900808254301,1000.0,0.0,885.9250898636031,0.0,544.2085731795586,0.0,-77.07569768510267,0.0,0.0,0.0,-6.186300474512575,-538.022272705046,0.0,-385.2929552121757,-1000.0,0.0,0.0,0.0,0.0,0.0,0.0,0.0,0.0,0.0,0.0,0.0,0.0,0.0,0.0,0.0,0.0,344.68749931166565,532.19271036716,0.0,45.784384206783386,0.0,0.0,659.941045964932,0.0,0.0,0.0,-169.0827986734505,0.0,0.0,0.0,0.0,0.0,0.0,-396.03449397129964,709.9579612984182,0.0,538.022272705046,0.0,-3.5925089863603086,202.4950374378301,-299.2413044405132,396.03449397129964,-713.5504702847785,0.0,-1.7962544931801543,0.0,-414.0200613634963,0.0,0.0,-713.3715692311482,705.8744243172634,21.555053918161853,0.0,0.0,0.0,0.0,0.0,0.0,0.0,-925.546585903581,925.546585903581,925.546585903581,317.7056617396614,0.0,0.0,-1000.0,0.0,0.0,752.5770411399475,0.0,0.0,-12.655211655952439,0.0,0.0,135.62996405455877,0.0,0.0,0.0,0.0,-92.81498202727938,0.14370035945421478,0.0,0.0,0.0,0.0,0.0,0.0,0.0,0.0,0.0,0.0,0.0,0.0,0.0,0.0,0.0,0.0,0.0,0.0,0.0,0.07903519770005119,0.07903519770005119,0.0,484.2980338366906,0.0,43.11010783632371,0.0,0.0,0.0,1000.0,0.0,0.0,0.0,0.0,0.0,910.0401149472482,-1000.0,0.0,0.0,0.0,0.0,0.0,135.62996405455877,0.0,0.0,0.0,0.0,0.0,0.0,0.0,156.102482771825,-814.8946112473825,306.1062603309482,0.0,5.532463838994872,0.0,0.0,0.0,0.0,0.0,910.0401149472482,0.0,1000.0,-182.77486708003119,781.2500000000528,-781.2500000000528,925.546585903581,0.0,0.0,0.0,0.0,0.0,0.0,0.0,0.0,0.0,0.0,0.0,0.0,0.0,43.11010783632371,0.0,0.0,0.0,0.0,0.0,0.0,0.0,0.0,0.0,0.0,0.0,0.0,0.7185017972720618,0.0,0.0,0.0,0.0,0.0,0.0,0.0,0.0,21.555053918161853,0.0,0.0,0.0,0.0,0.0,0.0,0.0,0.0,0.0,0.0,812.1623197368522,733.1081818260943,0.0,21.555053918161853,21.555053918161853,1000.0,-1000.0,0.0,135.62996405455877,0.0,0.0,0.0,0.0,0.0,385.2929552121757,752.5770411399475,432.29570787949365,0.07185017972720617,0.0,0.0,0.0,5.794203779429697,0.0,0.0,0.0,0.0,0.0,0.0,0.0,0.0,0.0,0.0,0.0,0.0,0.0,0.0,0.0,0.0,0.0,0.07185017972720617,0.0,0.0,0.0,0.0,0.0,0.0,0.0,0.0,0.0,0.0,490.85824729148146,0.0,0.0,-486.4083261603766,-5.388763479540463,-3.5925089863603086,0.0,0.0,0.0,0.0,0.0,0.0,0.0,0.0,0.0,0.0,0.0,0.0,0.0,0.0,0.0,0.0,709.4669333036237,0.0,0.0,0.0,-0.07185017972720617,0.0,0.0,0.07185017972720617,0.0,0.07185017972720617,0.0,0.0,0.0,43.11010783632371,87.65721926719154,87.65721926719154,0.0,0.0,0.0,0.0,0.0,0.0,0.0,306.1062603309482,0.0,752.5770411399475,0.0,0.0,0.0,0.0,0.0,0.0,0.0,0.0,0.0,0.0,0.0,0.0,0.0,0.0,0.0,0.0,0.0,0.0,0.0,0.0,0.0,0.10777526959080926,0.0,0.0,0.0,-21.555053918161853,0.0,0.0,0.0,0.0,0.0,-484.2980338366906,3.5925089863603086,0.0,0.0,0.0,0.0,-469.32074576549644,1000.0,0.0,0.0,0.0,0.0,0.0,0.0,0.0,0.0,0.0,0.0,0.0,977.5289419931562,-441.2485520668904,0.0,616.736224385507,-77.07569768510267,0.0,830.9172013265495,0.0,-830.9172013265495,0.0,717.1763821374856,0.0,3.5925089863603086,1000.0,0.0,0.0,0.0,-12.655211655952439,0.0,0.0,-156.25000000000014,156.25000000000014,0.0,0.0,0.0,0.0,0.0,0.0,-10.777526959081092,87.65721926719154,0.0,0.0,0.0,0.0,0.0,0.0,0.0,0.0,0.0,163.5503348344556,0.0,0.0,489.68679731623104,-5.794203779429697,-1000.0,0.0,21.555053918161853,0.0,0.0,0.0,0.0,102.38754625066653,0.0,0.0,0.07903519770005119,0.0,0.0,0.0,43.82860963359577,0.0,0.0,0.0,0.0,234.84633222183066,0.0,0.0,0.0,0.0,0.0,0.0,0.0,0.0,-1000.0,0.0,0.007185017972720618,0.007185017972720618,0.0,0.0,0.0,0.0,0.0,0.0,0.0,0.0,0.0,0.0,0.0,0.0,0.0,0.0,0.0,484.2980338366906,0.0,0.0,0.0,0.0,0.0,0.0,0.0,830.3036907543886,0.0,0.0,0.0,0.0,0.0,1000.0,-112.98801364503419,0.0,0.0,0.0,43.11010783632372,0.0,0.0,0.0,0.0,0.0,-505.6174797214966,462.50737188517286,0.0,0.0,0.0,0.0,0.0,0.0,0.0,0.0,0.0,0.0,0.0,0.0,-453.1831872325315,-1000.0,49.217373113136226,-21.555053918161853,0.0,0.0,486.12092544146736,0.0,0.0,0.0,0.0,0.0,0.0,0.0,0.0,0.0,0.0,0.0,0.0,0.0,0.0,0.0,0.0,0.0,-8.981272465900773,0.0,-5.388763479540463,5.38876347954046,0.0,0.0,0.0,0.0,0.0,0.0,-0.8981272465900774,12.655211655952439,0.0,0.0,0.0,0.0,0.0,0.0,0.0,979.1125206469621,21.555053918161853,21.555053918161853,0.0,0.0,0.0,0.0,0.0,0.07903519770005119,484.2980338366906,0.0,0.0,-486.12092544146736,0.0,0.0,0.0,0.0,0.0,0.0,0.0,0.0,0.0,0.0,0.0,0.0,0.0,0.0,0.0,0.0,0.0,22.273555715433915,0.0,75.44268871356648,5.532463838994872,0.0,0.0,0.0,0.0,0.0,484.2980338366906,0.0,-842.3557499391209,0.0,0.0,0.0,-8.981272465900773,0.0,0.0,0.0,0.0,0.0,0.0,0.0,0.0,0.0,0.0,0.0,0.0,0.0,0.0,0.0,0.0,0.0,0.0,-0.07185017972720617,0.0,0.0,3.5925089863603086,-910.0401149472482,0.0,0.0,0.0,0.0,0.0,0.0,0.0,0.0,6.186300474512575,1.7962544931801543,0.0,0.0,0.0,0.07185017972720617,0.0,71.85017972720617,0.0,14.370035945441236,0.5132155694800441,245.00911286977305,-0.05388763479540463,3.592508986360258,1.4370035945441235,-0.35925089863644644,-245.00911286977305,21.555053918161853,-0.07185017972720617,25.691899228367557,135.62996405455877,0.017962544931801543,0.5132155694800441,-77.07569768510267,-11.438548612571367,-1.4370035945441235,-300.0,-0.07185017972720617,0.017962544931801543,-245.00911286977305,7.185017972720617,0.07185017972720617,0.07185017972720617,-484.14714845926335,0.07903519769992678,0.0,-0.05388763479540463,21.555053918161853,0.07185017972720617,21.555053918161853,-35.92508986360309,-0.035925089863603085,-208.78784154379704,-7.256868152447823,-0.05388763479540463,-0.07185017972720617,0.0,0.07185017972720617,7.185017972720617,-1.4370035945441235,0.0,0.0,-7.185017972720617,300.0,0.0,14.370035945441234,0.10777526959080926,-341.2679062591285,7.185017972720617,-156.102482771825,135.62996405455877,-14.370035945441234,0.035925089863603085,0.7185017972720618,197.04752020635752,-426.87851612144914,-0.07185017972720617,-500.46432427531215,484.14714845926335,22.273555715433915,0.07185017972720617,11.438548612571367,49.40974838191143,135.62996405455877,-0.07185017972720617,-0.017962544931801543,-135.62996405455877,-0.07185017972720617,-92.81498202727938,0.07185017972709248,-0.017962544931801543,-0.017962544931801543,-0.017962544931801543,28.74007189088247,35.92508986360309,0.7185017972720618,53.2320019053945,-0.017962544931801543,368.4031411843475,3.5925089863603086,50.0,0.07185017972720617,0.035925089863603085,0.035925089863603085,75.0,0.0,0.07185017972720617,0.0,0.7185017972720618,0.07185017972720617,-53.2320019053945,0.07185017972720617,0.28740071890922536,0.35925089863644644,0.035925089863603085,0.017962544931801543,21.555053918161853,-0.07185017972720617,0.0,0.7185017972720618,-106.464003810789,1.7962544931802054,-7.185017972720617,14.370035945441234,3.5925089863603086,-0.07185017972720617,77.07569768510267,0.10777526959080926,-0.07185017972720617,-150.0,0.0,21.610811350779244,0.035925089863603085,-100.0,-0.07185017972720617,-0.07185017972709248,-0.07185017972720617,0.035925089863603085,245.00911286977305,-14.370035945441234,0.07185017972720617,394.09504041271504,-0.017962544931801543,-0.07903519769992678,-394.09504041271504,10.777526959080925,7.256868152447823,-196.42843755971003,245.00911286977305,-0.05388763479540463,500.46432427531215,426.87851612144914,0.07185017972720617,-0.017962544931801543,3.5925089863603086,71.85017972720617,-0.035925089863603085,-0.07185017972720617,0.017962544931801543,0.0,0.0,41.23198116926489,0.0,-255.0,0.0,572.8632610528311,-140.0,0.0,-80.0,-255.0,-325.0,-300.0,40.0,127.5,127.5,0.0,70.0,-484.2980338366906,-123.99835760144578,300.0,325.0,-123.99835760144578,-572.8632610528311,258.13424734909955,0.0,1496.5981,hplb
175,0.0,0.0,0.0,0.0,0.0,0.0,0.0,0.0,-0.1140764903993783,0.0,0.0,0.0,0.0,0.0,0.0,0.0,-736.8822495042101,-92.7003975440183,0.0,898.4881924540229,0.0,0.0,0.0,0.0,0.0,0.0,0.0,0.0,0.0,753.3383196582896,0.0,0.0,803.2033003778176,0.0,0.0,0.0,0.0,999.543694038402,0.0,-1000.0,965.7770528801865,0.0,0.0,-16.456070154079498,0.0,0.0,0.0,0.0,0.0,-520.9413485425665,0.0,0.0,0.0,0.12548413943943615,0.0,0.0,0.0,0.0,0.0,0.0,-10.046336254505562,0.0,-989.9536637454944,-1000.0,0.0,0.0,0.0,0.0,650.6863028724838,-650.6863028724838,0.0,1.140764903993783,0.0,0.0,0.0,0.0,0.0,0.0,0.0,0.0,0.0,0.0,553.3194475452324,0.0,68.44589423962698,0.0,0.0,0.0,-899.1925510110398,1000.0,214.95351252204134,0.0,0.0,0.0,34.22294711981349,0.0,34.22294711981349,-3.6732629908606023,0.0,0.0,796.5851026241031,418.3488705779936,753.3383196582896,0.0,0.0,-6.705278105874464,0.0,161.75208925285085,0.0,0.0,0.0,0.0,0.0,0.0,0.0,0.0,0.0,0.0,0.0,0.0,0.0,0.0,0.0,0.0,-453.9532804115855,0.0,0.0,34.22294711981349,0.0,35.363712023807274,0.0,0.0,0.0,0.0,0.0,0.0,785.2868032271459,0.0,0.0,-785.2868032271459,0.0,0.0,0.0,0.0,0.0,-544.5355577844803,0.11407649039937828,214.98203164464118,0.0,0.0,0.0,-697.8152980798757,0.0,0.0,243.26565507887076,0.0,518.4740389855621,0.0,0.0,0.0,0.0,0.0,670.2907146238861,670.2907146238861,0.0,0.0,0.0,0.0,-1000.0,0.0,0.0,670.4047911142856,0.0,0.0,0.0,-381.6055285329063,-987.4815791510185,0.0,0.0,0.0,0.0,0.0,0.0,0.0,0.0,0.0,-462.529579520921,0.0,0.0,0.0,0.0,-1000.0,0.0,0.0,0.0,0.0,0.0,520.9413485425665,0.0,194.2122050899954,-194.2122050899954,0.0,0.0,0.0,0.0,0.0,0.0,0.0,0.0,361.7583865703036,0.0,0.0,0.0,0.0,0.0,0.0,0.0,0.0,0.0,0.0,0.0,0.0,0.0,0.0,643.445894239627,-16.456070154079498,0.0,0.0,0.0,0.0,158.47827446966278,0.0,0.0,0.0,0.0,-10.046336254505604,0.0,0.0,0.0,0.0,0.0,0.0,0.0,0.0,0.0,0.0,22.81529807987566,0.0,0.0,262.94663576019093,-830.4581203408443,194.2122050899954,0.0,16.456070154079498,0.0,0.0,0.0,883.6304212798834,0.0,0.0,0.0,248.97366531386592,0.0,0.0,-712.1403256047926,-1000.0,0.0,287.85967439520743,0.0,1000.0,-704.9803459210443,0.0,1000.0,520.9413485425665,0.0,159.7951337446027,0.0,0.0,0.0,323.7430813878655,0.0,-323.7430813878655,0.0,670.1766381334868,0.0,0.0,185.96105185561044,0.0,0.0,0.0,-10.046336254505562,-0.17111473559906745,0.0,0.0,0.0,0.0,0.11407649039937828,0.0,0.0,0.0,807.2987784105237,-736.8822495042101,0.0,-547.9869258890398,128.16632733756242,987.4815791510185,1000.0,0.0,163.4259801461494,0.0,-6.705278105874464,0.0,0.0,0.0,715.8818386965823,0.0,-879.3078188427316,0.0,-1000.0,0.0,0.0,0.0,0.0,0.0,0.0,0.0,0.0,0.0,0.0,0.0,0.0,0.0,0.0,0.0,0.0,0.0,0.0,0.0,-1000.0,243.26565507887076,0.0,0.0,1000.0,0.0,0.0,544.5355577844803,0.0,0.0,0.0,0.0,412.64504605802466,-825.576347234717,309.9799504782851,-712.0263475489812,0.0,174.89004436223325,0.0,-720.2066680429289,0.0,0.0,-309.9799504782851,0.0,1000.0,-2.8519122599844575,714.50284352296,0.0,0.0,-861.8515135810347,0.0,787.7017948214389,34.22294711981349,0.0,0.0,0.0,0.0,0.0,0.0,0.0,0.0,0.0,0.0,-928.9042980921625,0.0,0.0,0.0,0.0,0.0,0.0,0.0,0.0,-20.092672509011123,0.0,0.0,0.0,0.0,0.0,0.0,0.0,-88.59235096006216,0.2281529807986301,0.0,0.0,0.0,0.0,0.0,0.0,0.0,0.0,0.0,0.0,0.0,0.0,0.0,0.0,0.0,0.0,0.0,0.0,0.0,0.12548413943943615,0.12548413943943615,0.0,257.1847019201243,0.0,68.44589423962698,0.0,0.0,0.0,0.0,0.0,0.0,0.0,0.0,0.0,-304.74343161074506,0.0,0.0,0.0,0.0,0.0,0.0,0.0,0.0,0.0,0.0,0.0,0.0,0.0,0.0,151.31776013719517,-807.2987784105237,697.8152980798757,0.0,8.783889760752123,0.0,0.0,0.0,-158.47827446966278,0.0,-304.74343161074506,0.0,0.0,-393.3357825708072,0.0,0.0,0.0,0.0,0.0,0.0,0.0,0.0,0.0,0.0,0.0,0.0,0.0,0.0,0.0,0.0,68.44589423962698,0.0,0.0,0.0,0.0,0.0,0.0,0.0,0.0,0.0,0.0,0.0,0.0,1.140764903993783,0.0,0.0,0.0,0.0,0.0,0.0,0.0,0.0,34.22294711981349,0.0,0.0,0.0,0.0,0.0,0.0,0.0,0.0,0.0,0.0,765.113321888397,0.0,0.0,34.22294711981349,34.22294711981349,623.982052129774,0.0,0.0,0.0,0.0,0.0,0.0,0.0,0.0,-273.3936393586928,0.0,0.0,0.11407649039937828,0.0,0.0,-112.7698253713116,263.4241275851763,672.4296689215184,0.0,0.0,0.0,0.0,0.0,0.0,0.0,0.0,0.0,0.0,0.0,0.0,0.0,0.0,0.0,0.0,0.11407649039937828,0.0,0.0,0.0,0.0,0.0,0.0,0.0,0.0,0.0,0.0,841.9992482915259,0.0,-297.4636905070456,-1000.0,-8.555736779953406,-5.7038245199689195,0.0,0.0,-218.75,-218.74999999999997,218.75,0.0,0.0,0.0,0.0,0.0,0.0,0.0,0.0,987.4815791510185,0.0,0.0,-68.44589423962698,0.0,0.0,0.0,-0.11407649039937828,0.0,0.0,0.11407649039937828,0.0,0.11407649039937828,0.0,0.0,0.0,68.44589423962698,139.17331828724153,139.17331828724153,0.0,0.0,0.0,0.0,0.0,0.0,0.0,697.8152980798757,0.0,0.0,0.0,0.0,0.0,725.7038245199689,0.0,0.0,0.0,0.0,0.0,0.0,0.0,0.0,0.0,0.0,0.0,0.0,0.0,158.47827446966278,0.0,0.0,0.0,0.17111473559906745,0.0,0.0,0.0,-34.22294711981349,0.0,0.0,0.0,0.0,0.0,-257.1847019201243,5.703824519968915,0.0,0.0,0.0,0.0,1000.0,158.00075170847416,0.0,0.0,0.0,0.0,0.0,0.0,0.0,0.0,0.0,0.0,0.0,-393.3649525812658,257.1847019201243,0.0,1000.0,665.724390815644,0.0,702.5363094929544,297.4636905070456,-1000.0,243.26565507887076,744.4571029926419,0.0,5.7038245199689195,556.630312413776,0.0,0.0,0.0,-20.092672509011123,0.0,0.0,0.0,0.0,0.0,0.0,0.0,0.0,0.0,728.2700182209987,-282.85191225998454,139.17331828724153,0.0,0.0,0.0,0.0,0.0,0.0,0.0,0.0,0.0,0.0,0.0,0.0,0.0,-150.6543022138647,512.5393905929685,0.0,34.22294711981349,0.0,0.0,0.0,0.0,78.3609917580996,0.0,0.0,0.12548413943943615,0.0,0.0,0.0,69.58665914362076,0.0,0.0,0.0,0.0,643.445894239627,0.0,0.0,0.0,0.0,0.0,0.0,0.0,0.0,-1000.0,0.0,152.5320259124524,0.01140764903993783,0.0,0.0,0.0,0.0,0.0,0.0,0.0,0.0,0.0,-112.7698253713116,0.0,0.0,0.0,0.0,0.0,257.1847019201243,0.0,0.0,0.0,0.0,0.0,0.0,0.0,520.9413485425665,0.0,0.0,0.0,0.0,170.48715961546043,254.2365338301421,-92.7003975440183,0.0,0.0,0.0,68.44589423962698,0.0,0.0,0.0,0.0,0.0,0.0,-68.44589423962698,0.0,0.0,0.0,0.0,0.0,0.0,0.0,0.0,0.0,0.0,0.0,0.0,0.0,479.9446802995968,803.846220443543,-954.167543386025,919.9445962662115,0.0,999.543694038402,0.0,0.0,0.0,0.0,0.0,0.0,0.0,0.0,0.0,0.0,0.0,0.0,0.0,0.0,0.0,0.0,0.0,-14.259561299922325,0.0,-421.20078283797795,1000.0,0.0,0.0,0.0,0.0,0.0,0.0,-1.4259561299922288,263.3583275878819,0.0,0.0,0.0,0.0,0.0,0.0,0.0,1000.0,34.22294711981349,34.22294711981349,0.0,0.0,0.0,0.0,0.0,0.12548413943943615,257.1847019201243,0.0,0.0,-999.543694038402,152.52061826341247,0.0,0.0,0.0,0.0,0.0,0.0,0.0,0.0,0.0,0.0,0.0,0.0,0.0,0.0,0.0,0.0,0.0,0.0,119.78031491934722,0.0,0.0,8.783889760752123,0.0,0.0,0.0,257.1847019201243,0.0,-167.37783921930367,0.0,0.0,0.0,-14.259561299922325,0.0,0.0,0.0,0.0,0.0,0.0,0.0,0.0,0.0,0.0,0.0,0.0,0.0,0.0,0.0,0.0,0.0,0.0,-0.11407649039937828,0.0,0.0,5.703824519968915,304.74343161074506,0.0,0.0,0.0,0.0,0.0,0.0,0.0,0.0,-715.8818386965823,2.8519122599844575,0.0,0.0,0.0,0.11407649039937828,0.0,114.07649039937829,-35.363712023807274,22.81529807987566,0.8148320742812736,318.2734082142655,-0.08555736779953373,712.0263475489812,2.281529807987566,-0.570382451997375,-318.2734082142655,34.22294711981349,-0.11407649039937824,2.2350927019581546,0.0,0.028519122599844574,0.8148320742812736,-6.705278105874464,-18.160977271581714,-2.281529807987566,-68.90554540579444,-0.1140764903993783,0.028519122599844574,-318.2734082142655,11.40764903993783,0.11407649039937824,0.1140764903993783,-256.9451412902855,0.1254841394393167,-205.95542620461242,-0.08555736779953373,34.22294711981349,0.1140764903993783,34.22294711981349,-57.03824519968915,-0.05703824519968915,-299.1080565692007,-170.0,-0.08555736779953373,-0.1140764903993783,-35.363712023807274,0.11407649039937828,11.40764903993783,-2.281529807987566,158.47827446966278,158.47827446966278,-11.40764903993783,68.90554540579444,-158.47827446966278,22.81529807987566,0.17111473559906745,-263.2334706959191,11.40764903993783,-151.31776013719517,0.0,-22.81529807987566,0.05703824519968914,1.140764903993783,136.99673147225994,280.0,-0.1140764903993783,-282.85191225998454,256.9451412902855,35.363712023807274,0.1140764903993783,18.160977271581714,-136.89178847925416,0.0,-0.1140764903993783,-0.028519122599844574,0.0,-0.1140764903993783,-88.59235096006216,0.1140764903993783,-0.02851912259984457,-0.028519122599844574,-0.02851912259984457,45.63059615975132,57.03824519968915,1.140764903993783,84.51641982464116,-0.028519122599844574,271.75837024256174,5.703824519968915,50.0,0.11407649039937828,0.05703824519968915,0.05703824519968915,11.40764903993783,35.363712023807274,0.11407649039937828,-35.363712023807274,1.140764903993783,0.1140764903993783,-84.51641982464116,0.1140764903993783,0.4563059615979721,0.570382451997375,0.05703824519968915,0.028519122599844574,34.22294711981349,-0.1140764903993783,205.95542620461242,1.140764903993783,-169.03283964928232,709.1744352889967,-11.40764903993783,22.81529807987566,5.703824519968915,-0.1140764903993783,6.705278105874464,0.17111473559906745,-0.1140764903993783,-22.81529807987566,35.363712023807274,416.92685995704204,0.05703824519968915,-100.0,-0.1140764903993783,-0.1140764903993783,-0.1140764903993783,0.05703824519968915,318.2734082142655,-22.81529807987566,0.11407649039937828,273.9934629445199,-0.028519122599844574,-0.1254841394393167,-273.9934629445199,17.11147355990674,170.0,29.02333797164741,318.2734082142655,-0.08555736779953373,282.85191225998454,-280.0,0.1140764903993783,-0.028519122599844578,5.7038245199689195,114.07649039937829,-0.05703824519968915,-0.1140764903993783,0.028519122599844574,0.0,0.0,-31.843221628236275,0.0,-72.91716684002888,0.0,310.9235096006216,-140.0,0.0,-80.0,240.36460919664285,-325.0,-295.0196540789557,40.0,36.45858342001444,-120.18230459832142,0.0,70.0,-257.1847019201243,-495.28785171514164,295.0196540789557,325.0,-495.28785171514164,-310.9235096006216,218.20382451996898,0.0,1496.5981,hplb
176,0.0,0.0,0.0,0.0,0.0,0.0,0.0,0.0,344.92383619601674,0.0,0.0,0.0,0.0,0.0,0.0,0.0,0.0,0.0,0.0,231.27345670448193,0.0,0.0,0.0,446.91187451330563,0.0,311.06399734414856,0.0,0.0,0.0,736.717281772821,0.0,0.0,77.56374981558233,0.0,0.0,0.0,0.0,-12.142099522860917,0.0,-1000.0,-318.5787171492514,0.0,0.0,-257.7392058393342,0.0,0.0,122.7675882385629,0.0,263.282718227179,0.0,0.0,0.0,0.0,0.09344432935030622,0.0,0.0,0.0,0.0,0.0,0.0,-7.481209640717665,0.0,-111.71913803044443,-119.20034767116209,0.0,0.0,0.0,0.0,0.0,408.9260431409407,0.0,0.84949390318521,0.0,0.0,0.0,0.0,0.0,0.0,0.0,0.0,0.0,0.0,0.0,0.0,50.969634191112604,0.0,0.0,235.16287377418251,-48.049907616238954,0.0,-0.02123734757963025,0.0,0.0,-222.15499151847368,25.484817095556302,0.0,25.484817095556302,-2.735370368255886,0.0,0.0,0.0,4.24746951592605,681.5526202534414,0.0,0.0,-60.55886865837844,640.8362952451911,0.0,0.0,0.0,0.0,0.0,0.0,0.0,0.0,0.0,0.0,0.0,0.0,0.0,0.0,0.0,0.0,0.0,-433.44822686411317,0.0,0.0,25.484817095556302,0.0,26.334310998741508,7.42224258718538,0.0,415.26967541391895,0.0,-415.26967541391895,415.26967541391895,0.0,0.0,0.0,0.0,0.0,0.0,0.0,0.0,0.0,6.541103054526117,0.084949390318521,0.0,0.0,0.0,0.0,-996.3668301105487,0.0,0.0,0.0,0.0,572.0096223184212,0.0,0.0,0.0,0.0,0.0,-543.7989393078375,-543.7989393078375,0.0,0.0,0.0,0.0,-827.0493195569262,0.0,0.0,-543.7139899175189,0.0,0.0,0.0,0.0,-962.4447374530562,0.0,0.0,0.0,0.0,0.0,0.0,0.0,0.0,0.0,0.0,0.0,0.0,0.0,0.0,-1000.0,0.0,0.0,0.0,0.0,0.0,0.0,0.0,267.17213529687973,-267.17213529687973,0.0,0.0,0.0,0.0,0.0,0.0,0.0,55.16466151937961,-347.0780169881617,0.0,0.0,0.0,0.0,0.0,0.0,0.0,0.0,0.0,0.0,0.0,0.0,0.0,0.0,289.510290992766,-1000.0,0.0,0.0,0.0,0.0,0.0,0.0,0.0,0.0,0.0,-7.481209640717665,-742.2607941606658,0.0,0.0,0.0,0.0,0.0,0.0,0.0,0.0,0.0,16.9898780637042,0.0,0.0,-525.8627847599674,-841.0848276730861,765.6177272982413,0.0,1000.0,0.0,0.0,0.0,-479.10769344402513,0.0,0.0,0.0,-36.143813480624715,0.0,0.0,-1000.0,-997.7268823396382,2.273117660361777,-2.273117660361826,0.0,1000.0,219.12222768064078,0.0,0.0,0.0,0.0,251.85328416304435,0.0,0.0,0.0,-667.2354809681926,0.0,667.2354809681926,0.0,-421.11630045959305,0.0,0.0,-371.69491843980154,0.0,0.0,0.0,-7.481209640717665,-0.1274240854777815,0.0,0.0,0.0,0.0,0.084949390318521,0.0,0.0,0.0,974.5151829044437,0.0,0.0,-489.53691807985854,985.5852618089527,962.4447374530562,-293.0939000536951,0.0,263.0981952382501,0.0,-60.55886865837844,0.0,0.0,0.0,491.005309969172,0.0,-754.1035052074221,-1000.0,-1000.0,0.0,0.0,0.0,0.0,0.0,0.0,0.0,0.0,0.0,0.0,0.0,0.0,0.0,0.0,0.0,0.0,0.0,705.6501706666381,0.0,717.4524726282248,0.0,0.0,0.0,0.0,0.0,0.0,-6.541103054526117,0.0,0.0,0.0,141.399698667937,0.0,0.0,-484.6906694606992,0.0,0.0,0.0,0.0,0.0,0.0,0.0,484.6906694606992,-4.24746951592605,-972.3914481464807,-2.123734757963025,-4.24746951592605,0.0,0.0,0.0,0.0,995.752530484074,25.484817095556302,0.0,0.0,0.0,0.0,0.0,345.00878558633525,0.0,0.0,0.0,0.0,259.1194324613221,0.0,586.8789295307923,0.0,0.0,0.0,55.16466151937961,0.0,0.0,-14.962419281435322,0.0,0.0,0.0,0.0,0.0,0.0,0.0,-91.5050609681479,0.16989878063724964,0.0,0.0,0.0,0.0,0.0,0.0,0.0,0.0,0.0,408.9260431409407,0.0,0.0,0.0,0.0,0.0,0.0,0.0,0.0,0.0,0.09344432935030622,0.09344432935030622,0.0,26.276732755532922,0.0,50.969634191112604,0.0,0.0,0.0,1000.0,0.0,361.7260319388775,0.0,0.0,0.0,761.8866136591264,-1000.0,0.0,0.0,0.0,0.0,0.0,0.0,0.0,0.0,0.0,0.0,0.0,0.0,0.0,144.4827422880377,-974.5151829044437,355.5305348653576,0.0,6.541103054526117,0.0,-222.15499151847368,0.0,0.0,0.0,761.8866136591264,0.0,1000.0,-329.6184473090216,0.0,0.0,0.0,0.0,0.0,0.0,0.0,0.0,0.0,0.0,0.0,0.0,0.0,0.0,0.0,0.0,50.969634191112604,0.0,0.0,0.0,0.0,0.0,0.0,0.0,0.0,0.0,0.0,0.0,0.0,0.84949390318521,0.0,0.0,0.0,0.0,0.0,0.0,0.0,0.0,25.484817095556302,0.0,0.0,0.0,0.0,0.0,0.0,0.0,0.0,0.0,0.0,0.0,-333.9976050753761,0.0,25.484817095556302,25.484817095556302,1000.0,-1000.0,0.0,0.0,0.0,0.0,0.0,0.0,0.0,318.44737974655857,55.16466151937961,300.4883990867852,0.084949390318521,0.0,0.0,0.0,82.49883519405373,0.0,0.0,222.15499151847368,0.0,0.0,0.0,0.0,0.0,0.0,0.0,0.0,0.0,0.0,0.0,0.0,0.0,0.0,0.084949390318521,0.0,0.0,0.0,0.0,0.0,0.0,0.0,0.0,0.0,0.0,0.0,0.0,-6.541103054526117,11.802301961586636,-6.3712042738890755,0.0,-4.24746951592605,0.0,156.25,156.25,-156.25,0.0,0.0,0.0,0.0,0.0,0.0,0.0,0.0,962.4447374530562,0.0,0.0,1000.0,0.0,0.0,0.0,344.92383619601674,0.0,0.0,0.084949390318521,0.0,0.084949390318521,0.0,0.0,0.0,50.969634191112604,103.63825618859562,103.63825618859562,0.0,0.0,0.0,0.0,0.0,0.0,0.0,355.5305348653576,0.0,55.16466151937961,0.0,0.0,0.0,498.3194524755966,0.0,0.0,0.0,0.0,0.0,0.0,0.0,0.0,0.0,0.0,0.0,0.0,0.0,0.0,0.0,-311.06399734414856,311.06399734414856,0.1274240854777815,0.0,0.0,0.0,-25.484817095556302,0.0,0.0,0.0,0.0,0.0,-26.276732755532922,4.24746951592605,0.0,0.0,0.0,0.0,827.0493195569262,0.0,-4.24746951592605,0.0,0.0,0.0,0.0,0.0,0.0,0.0,0.0,0.0,0.0,1000.0,26.276732755532922,0.0,663.5406568016533,-60.55886865837844,0.0,-6.541103054526117,6.541103054526117,0.0,0.0,-582.7459496326207,0.0,4.24746951592605,1000.0,0.0,0.0,0.0,-14.962419281435322,0.0,0.0,0.0,0.0,0.0,0.0,0.0,0.0,0.0,-12.742408547778098,0.0,103.63825618859562,0.0,0.0,0.0,0.0,0.0,0.0,0.0,0.0,0.0,0.0,0.0,0.0,45.39034557720015,-491.42487833499445,-98.79898259061592,0.0,25.484817095556302,0.0,0.0,0.0,0.0,61.73920149615958,0.0,0.0,0.09344432935030622,0.0,0.0,0.0,51.81912809429781,0.0,0.0,0.0,0.0,289.510290992766,0.0,640.8362952451911,0.0,0.0,0.0,0.0,0.0,0.0,918.7279296614571,0.0,768.1766545036301,0.008494939031852344,0.0,0.0,0.0,0.0,0.0,0.0,0.0,0.0,0.0,0.0,0.0,0.0,0.0,0.0,0.0,26.276732755532922,0.0,0.0,0.0,0.0,0.0,0.0,0.0,0.0,0.0,0.0,0.0,0.0,494.5561749316609,0.0,0.0,0.0,0.0,0.0,50.969634191112604,0.0,0.0,0.0,0.0,0.0,949.0303658088874,-1000.0,0.0,0.0,0.0,0.0,0.0,0.0,0.0,0.0,0.0,0.0,0.0,0.0,-300.4883990867852,0.0,556.5097848437836,787.5795619226448,-813.0643790182011,0.0,-12.142099522860917,0.0,0.0,0.0,0.0,0.0,0.0,0.0,0.0,0.0,0.0,0.0,0.0,0.0,0.0,0.0,0.0,0.0,-10.618673789815126,0.0,-6.3712042738890755,491.94824820170754,0.0,0.0,0.0,0.0,0.0,-1.0618673789815125,0.0,14.962419281435322,0.0,0.0,0.0,0.0,0.0,0.0,0.0,1000.0,25.484817095556302,25.484817095556302,0.0,0.0,0.0,0.0,0.0,0.09344432935030622,26.276732755532922,0.0,0.0,12.142099522860917,768.1681595645982,0.0,0.0,0.0,0.0,0.0,0.0,0.0,0.0,0.0,0.0,0.0,0.0,0.0,0.0,0.0,0.0,7.42224258718538,0.0,89.19685983444705,0.0,0.0,6.541103054526117,0.0,0.0,0.0,26.276732755532922,0.0,-2.735370368255886,0.0,0.0,0.0,-10.618673789815126,0.0,0.0,0.0,0.0,0.0,0.0,0.0,0.0,0.0,0.0,0.0,0.0,0.0,0.0,0.0,0.0,0.0,0.0,-0.084949390318521,0.0,0.0,4.24746951592605,-761.8866136591264,0.0,0.0,0.0,0.0,0.0,0.0,0.0,0.0,-491.005309969172,2.123734757963025,0.0,0.0,311.06399734414856,0.084949390318521,0.0,84.949390318521,-18.912068411556106,16.9898780637042,0.6067813594180071,251.85328416304435,-0.06371204273889075,4.24746951592605,1.69898780637042,-0.4247469515928022,-251.85328416304435,25.484817095556302,-0.084949390318521,20.18628955279281,0.0,0.02123734757963025,0.6067813594180071,-60.55886865837844,-13.523942938708053,-1.69898780637042,-231.27345670448193,-0.084949390318521,0.02123734757963025,-251.85328416304435,8.4949390318521,0.084949390318521,0.084949390318521,-26.098339035864097,0.09344432935035529,-47.95107346697332,-0.06371204273889075,25.484817095556302,0.084949390318521,25.484817095556302,-42.474695159260506,-0.0424746951592605,-402.94081153469097,-8.579888422170626,-0.06371204273889075,-0.084949390318521,-18.912068411556106,0.084949390318521,8.4949390318521,-1.69898780637042,0.0,0.0,-8.4949390318521,231.27345670448193,0.0,16.9898780637042,0.1274240854777815,-1000.0,8.4949390318521,-144.4827422880377,0.0,-16.9898780637042,0.0424746951592605,0.84949390318521,122.38422951996463,43.26661081923712,-0.084949390318521,-45.39034557720015,26.098339035864097,26.334310998741508,0.084949390318521,13.523942938708053,-101.93926838222512,0.0,-0.084949390318521,-0.02123734757963025,0.0,-0.084949390318521,-732.3413562133389,0.084949390318521,-0.02123734757963025,-0.02123734757963025,-0.02123734757963025,33.9797561274084,42.474695159260506,0.84949390318521,325.8045598894779,-0.02123734757963025,224.58216948713647,4.24746951592605,50.0,0.084949390318521,0.0424746951592605,0.0424746951592605,8.4949390318521,18.912068411556106,0.084949390318521,-18.912068411556106,0.84949390318521,0.084949390318521,-851.5399205639676,0.084949390318521,0.3397975612742812,0.4247469515928022,0.0424746951592605,0.02123734757963025,25.484817095556302,-0.084949390318521,47.95107346697332,0.84949390318521,-651.6091197789558,2.1237347579630255,-8.4949390318521,16.9898780637042,4.24746951592605,-0.084949390318521,60.55886865837844,0.1274240854777815,-0.084949390318521,-16.9898780637042,18.912068411556106,167.78507090993602,0.0424746951592605,-100.0,-0.084949390318521,-0.084949390318521,-0.084949390318521,0.0424746951592605,251.85328416304435,-16.9898780637042,0.084949390318521,244.76845903992927,-0.02123734757963025,-0.09344432935035529,-244.76845903992927,12.74240854777815,8.57988842217062,350.4210593039572,251.85328416304435,-0.06371204273889075,45.39034557720015,-43.26661081923712,0.084949390318521,-0.02123734757963025,145.64716818386304,84.949390318521,-0.0424746951592605,-0.084949390318521,0.02123734757963025,918.1842685181516,0.0,780.8352976241999,525.7353606744897,-255.0,0.0,314.7839209409481,-140.0,0.0,-80.0,-215.55044186664787,-325.0,-219.12222768064078,40.0,127.5,107.77522093332394,0.0,70.0,-26.276732755532922,-229.5242724060956,219.12222768064078,325.0,-229.5242724060956,-314.7839209409481,204.11412514566058,0.0,1496.5981,hplb
177,0.0,0.0,0.0,0.0,0.0,0.0,0.0,0.0,573.0503241692693,0.0,0.0,0.0,0.0,0.0,0.0,0.0,201.2340287920366,98.76597120796337,0.0,0.0,0.0,0.0,0.0,1000.0,0.0,261.44511595870455,0.0,0.0,0.0,0.0,0.0,0.0,279.7763180495319,0.0,0.0,0.0,0.0,784.8593283512419,0.0,-1000.0,228.73714027113735,0.0,-417.5968548357887,-305.04828539573526,0.0,0.0,0.0,0.0,179.93508758013806,0.0,0.0,1000.0,0.0,0.09183064191244801,0.0,0.0,0.0,16.69648034772977,0.0,0.0,22.50772194392005,0.0,-645.0063354787984,-712.0778299059888,0.0,0.0,0.0,0.0,677.0995011536309,-677.0995011536309,0.0,0.8348240173864886,0.0,0.0,0.0,0.0,0.0,0.0,0.0,0.0,0.0,0.0,0.0,0.0,50.08944104318932,0.0,0.0,1000.0,-31.91491790991999,250.74580153774534,-0.020870600434662216,0.0,0.0,515.2468116669979,25.04472052159466,0.0,25.04472052159466,-2.688133335983842,0.0,0.0,0.0,499.9298084984393,-524.5819270635993,0.0,0.0,0.0,673.1098971383939,0.0,0.0,0.0,0.0,0.0,0.0,0.0,0.0,0.0,0.0,0.0,0.0,0.0,0.0,0.0,0.0,0.0,-987.9889018070801,0.0,0.0,25.04472052159466,0.0,25.879544538981147,25.879544538981147,0.0,-349.0218075966538,349.0218075966538,0.0,0.0,0.0,0.0,0.0,-89.5792163711104,0.0,0.0,0.0,0.0,0.0,6.4281449338759575,0.08348240173864885,0.0,0.0,0.0,-673.1098971383939,0.0,0.0,0.0,0.0,0.0,130.8779192843144,0.0,0.0,0.0,0.0,0.0,122.35248775171766,122.35248775171766,0.0,0.0,0.0,0.0,0.0,0.0,0.0,122.43597015345631,0.0,0.0,0.0,-73.1845780932722,0.0,0.0,0.0,0.0,0.0,0.0,0.0,0.0,0.0,0.0,-826.6514850967897,0.0,0.0,0.0,0.0,-1000.0,0.0,0.0,0.0,0.0,0.0,0.0,-582.4031451642113,81.16911637217468,-81.16911637217468,89.5792163711104,0.0,0.0,0.0,0.0,0.0,0.0,524.5819270635993,449.3681416051412,0.0,0.0,0.0,0.0,0.0,0.0,0.0,0.0,0.0,0.0,0.0,0.0,0.0,0.0,11.699944951618704,201.2340287920366,0.0,0.0,0.0,0.0,161.56827742439646,0.0,0.0,0.0,0.0,22.50772194392005,506.2823141877719,0.0,0.0,0.0,0.0,0.0,0.0,0.0,0.0,0.0,0.0,0.0,0.0,0.0,-530.6808891178833,678.7010587881015,0.0,-201.2340287920366,0.0,0.0,89.5792163711104,-503.1921915320487,0.0,0.0,0.0,-300.5643370440632,0.0,0.0,-1000.0,-1000.0,0.0,0.0,0.0,1000.0,49.254198462254664,0.0,0.0,0.0,0.0,33.52749613328575,0.0,0.0,0.0,0.0,0.0,0.0,0.0,1000.0,0.0,0.0,1000.0,0.0,0.0,0.0,22.50772194392005,-0.12522360260797327,0.0,0.0,0.0,0.0,0.08348240173864885,0.0,0.0,0.0,723.8077856828985,201.2340287920366,0.0,-36.89446465220726,36.382580781561046,0.0,146.26926974557702,0.0,-966.7062820039727,0.0,0.0,0.0,0.0,0.0,76.43744914440549,0.0,890.2688328595672,146.30767402465585,-1000.0,0.0,0.0,0.0,0.0,0.0,0.0,0.0,0.0,0.0,0.0,0.0,0.0,0.0,0.0,0.0,0.0,0.0,-214.80674204180355,0.0,-1000.0,0.0,0.0,0.0,0.0,0.0,0.0,-6.4281449338759575,0.0,0.0,0.0,0.0,495.75568841150687,0.0,599.2027978865121,-252.05196429268585,997.9129399565338,-677.0995011536309,0.0,-970.8122044336789,-86.3031707347609,-1000.0,-599.2027978865121,0.0,777.8128634599993,-1000.0,966.6380843467464,189.1678337970885,0.0,291.1599331912568,-50.55393897286072,0.0,25.04472052159466,0.0,0.0,0.0,0.0,0.0,573.1338065710079,0.0,0.0,0.0,0.0,96.68224052431425,0.0,0.0,-877.730994650021,0.0,0.0,524.5819270635993,0.0,0.0,-44.563772483270306,0.0,0.0,107.51259104715498,0.0,0.0,0.0,0.0,-13.344775569975923,0.16696480347735346,0.0,0.0,0.0,0.0,0.0,0.0,0.0,0.0,0.0,0.0,0.0,0.0,0.0,0.0,0.0,0.0,0.0,0.0,0.0,0.09183064191244801,0.09183064191244801,0.0,248.38076841141552,0.0,50.08944104318932,0.0,0.0,0.0,1000.0,0.0,0.0,0.0,0.0,0.0,16.207196129221074,-1000.0,0.0,0.0,0.0,0.0,0.0,107.51259104715498,0.0,0.0,0.0,0.0,0.0,0.0,0.0,329.3296339356934,-723.8077856828985,0.0,0.0,203.34015982948839,0.0,515.2468116669979,0.0,-251.14749379550688,0.0,16.207196129221074,0.0,567.5377794594021,-564.675358900157,0.0,0.0,0.0,0.0,0.0,0.0,0.0,0.0,0.0,0.0,0.0,0.0,0.0,0.0,0.0,0.0,50.08944104318932,89.5792163711104,89.5792163711104,0.0,0.0,0.0,0.0,0.0,0.0,0.0,0.0,0.0,0.0,0.8348240173864886,0.0,0.0,0.0,0.0,0.0,-582.4031451642113,0.0,0.0,25.04472052159466,0.0,0.0,0.0,196.91201489561243,0.0,0.0,0.0,0.0,0.0,0.0,745.5655574147399,0.0,0.0,25.04472052159466,25.04472052159466,-151.49992217020207,-1000.0,0.0,107.51259104715498,0.0,0.0,0.0,0.0,0.0,-621.7257469610565,524.5819270635993,-844.6998069588595,0.08348240173864885,0.0,0.0,0.0,6.732259397352468,141.62127912795597,0.0,-515.2468116669979,0.0,0.0,0.0,0.0,0.0,0.0,0.0,0.0,0.0,0.0,0.0,0.0,0.0,0.0,0.08348240173864885,0.0,0.0,0.0,0.0,0.0,0.0,0.0,0.0,0.0,-13.290398356792242,6.862253422916285,0.0,0.0,-785.1932579581965,-6.261180130398665,-4.174120086932443,0.0,0.0,0.0,0.0,0.0,0.0,0.0,0.0,0.0,0.0,0.0,0.0,89.5792163711104,0.0,0.0,0.0,295.33405327818923,0.0,0.0,0.0,573.0503241692693,0.0,0.0,0.08348240173864885,0.0,0.08348240173864885,0.0,0.0,0.0,50.08944104318932,101.84853012115161,101.84853012115161,0.0,0.0,0.0,0.0,0.0,0.0,0.0,0.0,0.0,524.5819270635993,0.0,0.0,83.6252839341031,0.0,0.0,0.0,0.0,0.0,0.0,0.0,0.0,0.0,0.0,0.0,0.0,0.0,0.0,251.14749379550688,0.0,-261.44511595870455,261.44511595870455,0.12522360260797327,0.0,0.0,0.0,-25.04472052159466,0.0,0.0,0.0,0.0,0.0,-248.38076841141552,4.174120086932443,0.0,0.0,0.0,0.0,0.0,-6.862253422916285,0.0,0.0,0.0,0.0,0.0,0.0,0.0,0.0,89.5792163711104,0.0,0.0,0.0,248.38076841141552,0.0,308.3035196522702,141.62127912795597,0.0,0.0,0.0,0.0,0.0,-605.0407216532003,0.0,4.174120086932443,1000.0,0.0,0.0,0.0,-44.563772483270306,0.0,0.0,-218.7500000000002,218.7500000000002,0.0,0.0,0.0,0.0,0.0,814.1291248359923,0.0,101.84853012115161,0.0,863.5342958435613,863.5342958435613,-863.5342958435613,0.0,0.0,0.0,0.0,0.0,0.0,0.0,0.0,267.16430880261134,-6.732259397352468,0.0,-417.5968548357887,25.04472052159466,0.0,0.0,0.0,0.0,-252.94719356088933,0.0,0.0,0.09183064191244801,0.0,0.0,0.0,50.924265060575806,0.0,0.0,0.0,0.0,11.699944951618704,0.0,673.1098971383939,0.0,0.0,0.0,0.0,0.0,0.0,-342.48806344084477,0.0,0.008348240173864886,0.008348240173864886,0.0,0.0,0.0,0.0,0.0,0.0,0.0,0.0,0.0,0.0,0.0,0.0,0.0,0.0,0.0,248.38076841141552,0.0,0.0,0.0,0.0,0.0,0.0,0.0,0.0,0.0,0.0,0.0,0.0,0.0,0.0,98.76597120796337,0.0,0.0,0.0,50.08944104318932,0.0,0.0,0.0,0.0,0.0,-889.5449035146336,839.4554624714442,0.0,0.0,0.0,0.0,0.0,0.0,0.0,0.0,0.0,0.0,0.0,0.0,844.6998069588595,-1000.0,140.81072912507756,868.7909469639746,-893.8356674855693,0.0,784.8593283512419,0.0,0.0,0.0,0.0,0.0,0.0,0.0,0.0,0.0,0.0,0.0,0.0,0.0,0.0,0.0,0.0,0.0,-10.435300217331108,89.5792163711104,-502.01686854190547,77.36410380370444,0.0,0.0,0.0,0.0,0.0,0.0,-1.0435300217331107,44.563772483270306,0.0,0.0,0.0,0.0,0.0,0.0,0.0,1000.0,25.04472052159466,25.04472052159466,0.0,0.0,0.0,0.0,0.0,0.09183064191244801,248.38076841141552,0.0,0.0,-784.8593283512419,0.0,0.0,0.0,0.0,0.0,0.0,0.0,0.0,0.0,0.0,0.0,0.0,0.0,0.0,0.0,0.0,0.0,25.879544538981147,0.0,87.65652182558131,6.4281449338759575,0.0,0.0,0.0,0.0,0.0,248.38076841141552,0.0,0.0,0.0,0.0,0.0,-10.435300217331108,0.0,0.0,0.0,0.0,0.0,0.0,0.0,0.0,0.0,0.0,0.0,0.0,0.0,0.0,0.0,0.0,0.0,0.0,-0.08348240173864885,0.0,0.0,4.174120086932443,-16.207196129221074,0.0,0.0,0.0,0.0,89.5792163711104,0.0,0.0,0.0,-76.43744914440549,2.0870600434662214,0.0,0.0,261.44511595870455,0.08348240173864885,0.0,83.48240173864885,0.0,16.69648034772977,0.5963028695617776,284.6749899287926,-0.06261180130398664,252.05196429268585,1.6696480347729772,-0.4174120086932469,-284.6749899287926,25.04472052159466,-0.08348240173864886,0.0,107.51259104715498,0.020870600434662216,0.5963028695617776,0.0,-13.290398356792242,-1.6696480347729772,-300.0,-0.08348240173864886,0.020870600434662216,-284.6749899287926,164.96550020920813,0.08348240173864886,0.08348240173864885,-248.20545536776442,0.09183064191251375,-151.49981449155229,-0.06261180130398664,25.04472052159466,0.08348240173864886,25.04472052159466,-41.74120086932443,-0.04174120086932443,20.621895207237873,-170.0,-0.06261180130398664,-0.08348240173864886,0.0,0.08348240173864885,8.348240173864886,-1.6696480347729772,251.14749379550688,251.14749379550688,-8.348240173864895,300.0,-251.14749379550688,16.69648034772977,0.12522360260797327,-358.9379146437781,8.348240173864886,-329.3296339356934,107.51259104715498,-16.69648034772977,0.04174120086932443,0.8348240173864886,9.223616163051815,265.0772487591453,-0.08348240173864885,-267.16430880261134,248.20545536776442,25.879544538981147,0.08348240173864886,13.290398356792242,-149.28355107456724,107.51259104715498,-0.08348240173864885,-0.020870600434662216,-107.51259104715498,-0.08348240173864886,-686.4546727083698,0.08348240173883888,-0.020870600434662216,-0.020870600434662216,-0.020870600434662216,33.39296069545954,41.74120086932443,0.8348240173864886,287.7773277517067,-0.020870600434662216,18.44723232610363,4.174120086932443,10.846507871920405,0.08348240173864885,0.04174120086932443,0.04174120086932443,62.10453569744238,0.0,0.08348240173864885,0.0,0.8348240173864886,0.08348240173864886,-739.6319344788807,0.08348240173864886,0.33392960695459806,0.4174120086932469,0.04174120086932443,0.020870600434662216,25.04472052159466,-0.08348240173864886,151.49981449155229,0.8348240173864886,-575.5546555034134,249.96490424921964,-8.348240173864886,16.69648034772977,4.174120086932443,-0.08348240173864886,0.0,0.12522360260797327,-0.08348240173864886,-124.20907139488476,0.0,516.4156094743634,0.04174120086932443,-21.693015743840817,-0.08348240173864886,-0.08348240173883888,-0.08348240173864886,0.04174120086932443,284.6749899287926,-16.69648034772977,0.08348240173864885,18.44723232610363,-0.020870600434662216,-0.09183064191251375,-18.44723232610363,12.522360260797326,170.0,-228.83026015677387,284.6749899287926,-0.06261180130398664,267.16430880261134,-265.0772487591453,0.08348240173864886,-0.02087060043466222,4.174120086932443,83.48240173864885,-0.04174120086932443,-0.08348240173864886,0.020870600434662216,1000.0,0.0,58.89617344290875,451.854606727174,-255.0,0.0,954.9070943529217,-140.0,156.61726003534324,351.82321664555496,-255.0,-325.0,-300.0,-175.91160832277748,127.5,127.5,-156.61726003534324,70.0,-248.38076841141552,-263.468415913474,300.0,325.0,-263.468415913474,-954.9070943529217,547.921202626812,0.0,1496.5981,hplb
178,0.0,0.0,0.0,0.0,0.0,0.0,0.0,0.0,470.1742312958141,0.0,0.0,0.0,0.0,0.0,0.0,0.0,18.145432577498298,-401.8064003397673,0.0,683.660967762269,0.0,0.0,0.0,355.7161268199129,0.0,0.0,0.0,0.0,0.0,-150.50383280701908,0.0,0.0,100.07316577345148,0.0,0.0,0.0,0.0,999.5168431171905,0.0,-971.3728316813488,963.7632337892604,0.0,0.0,0.0,0.0,0.0,326.04633534064743,0.0,280.0481670827344,0.0,0.0,0.0,0.0,0.13286814277283132,0.0,0.0,0.0,0.0,0.0,0.0,31.275606680078404,0.0,0.0,-96.97063147269114,0.0,0.0,0.0,0.0,44.68080991715409,0.0,0.0,1.2078922070246534,0.0,0.0,0.0,0.0,0.0,0.0,0.0,0.0,0.0,0.0,395.72255865204664,0.0,72.4735324214792,0.0,0.8356353343144178,0.0,0.0,96.64351108692324,-0.030197305175616328,0.0,0.0,0.0,36.2367662107396,0.0,36.2367662107396,-572.5546505979377,0.0,0.0,441.4711676370859,6.039461035123266,-1000.0,0.0,0.0,-37.257392449023946,619.9607215350679,867.6191512202766,0.0,0.0,0.0,0.0,0.0,0.0,0.0,0.0,0.0,0.0,0.0,0.0,0.0,0.0,0.0,0.0,-795.61049341581,0.0,0.0,36.2367662107396,0.0,37.44465841776425,0.0,0.0,0.0,0.0,0.0,0.0,-1000.0,-906.2500000000008,906.2500000000008,871.7537618472305,0.0,0.0,0.0,0.0,0.0,-385.5861533236424,0.12078922070246531,0.0,0.0,0.0,-20.819994426915457,-599.1407271081525,0.0,0.0,0.0,0.0,626.7431151691094,0.0,0.0,0.0,0.0,0.0,676.5813598829983,676.5813598829983,0.0,0.0,0.0,0.0,-950.6480552383679,0.0,0.0,676.7021491037008,0.0,0.0,0.0,110.43929439297813,0.0,0.0,0.0,0.0,0.0,0.0,0.0,0.0,0.0,0.0,-49.39398978544826,0.0,0.0,0.0,0.0,-1000.0,0.0,0.0,0.0,0.0,0.0,0.0,0.0,-1.8064003397673218,1.8064003397673218,128.24623815276948,0.0,0.0,0.0,0.0,0.0,0.0,849.4961671929809,-714.2564967283013,0.0,0.0,0.0,0.0,0.0,0.0,0.0,0.0,0.0,0.0,0.0,0.0,0.0,125.0440179915621,61.795147086143174,-147.6897668532136,0.0,0.0,0.0,0.0,157.800288709051,0.0,0.0,0.0,0.0,31.275606680078404,-147.6897668532136,0.0,0.0,0.0,0.0,0.0,0.0,0.0,0.0,3.889412906619377,24.157844140493065,0.0,0.0,114.60775983336788,116.4141601731352,278.24176674296706,0.0,147.6897668532136,0.0,0.0,128.24623815276948,1000.0,0.0,0.0,0.0,-480.088187607701,0.0,0.0,-1000.0,-460.57875670497964,0.0,-539.4212432950203,0.0,460.57875670497964,-1.8064003397673218,0.0,0.0,0.0,0.0,50.955398898057695,0.0,0.0,0.0,-160.04912591390934,0.0,160.04912591390934,0.0,1000.0,0.0,0.0,-796.1546960188047,0.0,0.0,0.0,31.275606680078404,-0.18118383105369798,0.0,0.0,0.0,0.0,0.12078922070246531,0.0,0.0,0.0,673.8272940208205,18.145432577498298,0.0,-804.7081389343672,222.2685877375362,0.0,1000.0,0.0,216.63171735650053,0.0,-37.257392449023946,0.0,0.0,0.0,-10.399951902482384,-1000.0,793.7682345459818,-1000.0,-1000.0,0.0,0.0,0.0,0.0,0.0,0.0,0.0,0.0,0.0,0.0,0.0,0.0,0.0,0.0,0.0,0.0,0.0,0.0,0.0,-1000.0,0.0,0.0,572.5546505979377,766.7978048819361,0.0,0.0,381.6967404170231,0.0,45.748608985039255,0.0,0.0,0.0,955.3191900828459,0.0,-407.55674658146114,-3.019730517561633,0.0,-190.85782886029006,-6.039461035123266,0.0,-956.4109202218515,0.0,18.118383105369798,0.0,0.0,0.0,0.0,0.0,0.0,0.0,559.1715073479935,36.2367662107396,0.0,0.0,0.0,402.39448306930615,0.0,470.29502051651656,0.0,-125.0440179915621,125.0440179915621,125.0440179915621,-134.29493476077522,0.0,0.0,0.0,0.0,0.0,849.4961671929809,0.0,0.0,-64.02375412398379,0.0,0.0,0.0,0.0,0.0,0.0,0.0,25.5583808754036,0.2415784414050113,0.0,0.0,0.0,0.0,0.0,0.0,0.0,0.0,0.0,0.0,0.0,0.0,0.0,0.0,0.0,0.0,0.0,0.0,0.0,0.13286814277283132,0.13286814277283132,0.0,380.88617385106903,0.0,72.4735324214792,0.0,0.0,0.0,1000.0,0.0,0.0,0.8356353343144178,0.0,0.0,352.0709970981634,-1000.0,0.0,0.0,0.0,0.0,0.0,0.0,0.0,0.0,0.0,0.0,0.0,0.0,0.0,265.20349780527,-673.8272940208205,0.0,0.0,10.136405328404244,0.0,0.0,0.0,-286.04652686182055,0.0,352.0709970981634,0.0,-205.48761603871753,583.1169940122845,0.0,0.0,125.0440179915621,0.0,0.0,0.0,0.0,0.0,0.0,0.0,0.0,0.0,0.0,0.0,0.0,0.0,72.4735324214792,128.24623815276948,128.24623815276948,0.0,0.0,0.0,0.0,0.0,0.0,0.0,0.0,0.0,0.0,1.2078922070246534,0.0,0.0,0.8356353343144178,-0.8356353343144178,0.0,0.0,0.0,0.0,36.236766210739574,0.0,0.0,0.0,0.0,0.0,0.0,0.0,0.0,0.0,0.0,580.4603345652242,0.0,0.0,36.2367662107396,36.2367662107396,1000.0,-1000.0,0.0,0.0,0.0,0.0,0.0,0.0,0.0,1000.0,849.4961671929809,632.1018856735009,0.12078922070246531,0.0,0.0,0.0,159.51942154056294,0.0,0.0,0.0,0.0,0.0,0.0,0.0,0.0,0.0,0.0,0.0,0.0,0.0,0.0,0.0,0.0,0.0,0.12078922070246531,0.0,0.0,0.0,0.0,0.0,0.0,0.0,0.0,0.0,0.0,1000.0,0.0,0.0,-1000.0,-9.0591915526849,0.0,-6.039461035123266,0.0,-968.75,-968.75,968.75,0.0,0.0,0.0,0.0,0.0,0.0,0.0,128.24623815276948,0.0,0.0,0.0,565.2109683831168,0.0,0.0,0.0,470.1742312958141,0.0,0.0,0.12078922070246531,0.0,0.12078922070246531,0.0,44.68080991715409,0.0,72.4735324214792,147.3628492570077,147.3628492570077,0.0,0.0,0.0,0.0,0.0,0.0,45.748608985039255,0.0,0.0,849.4961671929809,0.0,0.0,0.0,0.0,0.0,0.0,0.0,0.0,0.0,0.0,0.0,0.0,0.0,0.0,0.0,0.0,0.0,286.04652686182055,0.0,0.0,0.0,0.18118383105369798,0.0,0.0,0.0,-36.2367662107396,0.0,0.0,0.0,0.0,0.0,-380.88617385106903,6.039461035123266,0.0,0.0,0.0,0.0,950.6480552383679,-1000.0,-6.039461035123266,0.0,0.0,0.0,0.0,0.0,0.0,0.0,128.24623815276948,0.0,0.0,422.66004585617327,255.84215585950693,0.0,300.84215585950693,-37.257392449023946,0.0,-618.3032595829769,45.748608985039255,572.5546505979377,0.0,852.6371507429923,0.0,6.039461035123266,1000.0,0.0,0.0,0.0,-65.69502479261263,0.0,0.0,0.0,0.0,0.0,0.0,0.0,0.0,0.0,439.3393551892022,-408.0637485091238,147.3628492570077,0.0,0.0,0.0,0.0,0.0,0.0,0.0,0.0,0.0,3.889412906619377,0.0,0.0,0.0,-159.51942154056294,-135.15715907552473,0.0,36.2367662107396,0.8356353343144178,0.0,0.0,0.0,196.2086174195103,0.0,0.0,0.13286814277283132,0.0,0.0,0.0,73.68142462850385,0.0,0.0,0.0,0.0,61.795147086143174,0.0,619.9607215350679,0.0,0.0,0.0,0.0,0.0,0.0,0.0,0.0,0.012078922070246877,0.012078922070246877,0.0,0.0,0.0,0.0,0.0,0.0,0.0,0.0,0.0,0.0,0.0,0.0,0.0,0.0,0.0,380.88617385106903,0.0,0.0,0.0,0.0,0.0,0.0,0.0,0.0,0.0,0.0,0.0,1.6712706686288357,0.0,1000.0,-401.8064003397673,0.0,0.0,0.0,72.4735324214792,0.0,0.0,0.0,0.0,0.0,284.80665557622905,-357.28018799770825,0.0,1.6712706686288357,0.0,0.0,0.0,0.0,0.0,0.0,0.0,0.0,0.0,0.0,-632.1018856735009,-1000.0,82.74061618118877,-1000.0,963.7632337892604,0.0,999.5168431171905,0.0,0.0,0.0,0.0,0.0,0.0,0.0,0.0,0.0,0.0,0.0,0.0,0.0,0.0,0.0,0.0,0.0,-15.098652587808168,128.24623815276948,-9.0591915526849,399.0045569564389,0.0,0.0,0.0,0.0,0.0,0.0,-1.5098652587808168,64.02375412398379,0.0,0.0,0.0,0.0,0.0,0.0,0.0,1000.0,36.2367662107396,36.2367662107396,0.0,0.0,0.0,0.0,0.0,0.13286814277283132,380.88617385106903,0.0,0.0,-999.5168431171905,0.0,0.0,0.0,0.0,0.0,0.0,0.0,0.0,0.0,0.0,0.0,0.0,0.0,0.0,22.340404958577047,0.0,0.0,0.0,0.0,126.82868173758861,0.0,0.0,55.8850143134435,0.0,0.0,0.0,380.88617385106903,0.0,1000.0,0.0,0.0,0.0,-15.098652587808168,0.0,0.0,0.0,0.0,0.0,0.0,0.0,0.0,0.0,0.0,0.0,0.0,0.0,0.0,0.0,0.0,0.0,0.0,-0.12078922070246531,0.0,0.0,6.039461035123266,-352.0709970981634,0.0,0.0,0.0,0.0,128.24623815276948,0.0,0.0,0.0,10.399951902482384,3.019730517561633,0.0,0.0,0.0,0.12078922070246531,0.0,120.78922070246531,-37.44465841776425,24.15784414049307,0.8627801478747523,337.00192575987825,-0.09059191552684899,389.43836347609135,2.4157844140493068,-0.6039461035119302,-337.00192575987825,36.2367662107396,-0.12078922070246532,12.419130816341315,0.0,0.03019730517561633,0.8627801478747523,-37.257392449023946,-20.06527927014689,-2.4157844140493068,-300.0,-0.12078922070246532,0.03019730517561633,-337.00192575987825,12.078922070246533,0.12078922070246532,0.12078922070246531,-380.6325164875937,-0.7027671915417056,0.0,-0.09059191552684899,36.2367662107396,0.12078922070246532,36.236766210739574,-60.39461035123267,-0.06039461035123266,-552.2283302710615,-170.0,-0.09059191552684899,-0.12078922070246532,-37.44465841776425,0.12078922070246531,12.078922070246533,-2.4157844140493068,286.04652686182055,286.04652686182055,-12.078922070246533,300.0,-286.04652686182055,24.157844140493065,0.18118383105369798,-197.86523795373085,12.078922070246533,-265.20349780527,0.0,-24.157844140493065,0.060394610351232655,1.2078922070246534,201.1770347335918,280.0,-0.12078922070246531,-408.0637485091238,380.6325164875937,37.44465841776425,0.12078922070246524,20.06527927014689,-144.94706484295827,0.0,-0.12078922070246531,-0.030197305175616328,0.0,-0.12078922070246532,-594.4023406596643,0.12078922070240848,-0.030197305175616328,-0.030197305175616328,-0.030197305175616328,48.31568828098613,60.39461035123267,1.2078922070246534,89.48971388793865,-0.030197305175616328,389.9349386508423,6.039461035123266,-6.739729402578534,0.12078922070246531,0.060394610351232655,0.06039461035123266,12.078922070246533,37.444658417764245,0.12078922070246531,-37.44465841776425,1.2078922070246534,0.12078922070246532,-89.48971388793865,0.12078922070246532,0.48315688280945324,0.6039461035119302,0.06039461035123266,0.03019730517561633,36.2367662107396,-0.12078922070246532,0.0,1.2078922070246534,-178.9794277758773,386.4186329585297,-12.078922070246533,24.157844140493065,6.039461035123266,-0.12078922070246532,37.257392449023946,0.18118383105369798,-0.12078922070246532,-24.157844140493065,37.444658417764245,81.23956305596869,0.06039461035123266,13.479458805157067,-0.12078922070246532,-0.12078922070240848,-0.12078922070246532,0.06039461035123266,337.00192575987825,-24.157844140493065,0.12078922070246531,402.3540694671836,-0.030197305175616328,0.7027671915417056,-402.3540694671836,18.118383105369798,170.0,-574.1874849974453,337.00192575987825,-0.09059191552684899,408.0637485091238,-280.0,0.12078922070246532,-0.030197305175616328,6.039461035123266,120.78922070246531,-0.060394610351232655,-0.12078922070246524,0.030197305175616328,901.0073357560598,0.0,102.9677325962237,0.0,-255.0,0.0,841.3189418090974,-140.0,0.0,-80.0,-255.0,-325.0,-94.83711074715592,40.0,127.5,127.5,0.0,70.0,-380.88617385106903,-277.448180475479,94.83711074715592,325.0,-277.448180475479,-841.3189418090974,487.09354229090457,0.0,1496.5981,hplb
179,0.0,0.0,0.0,0.0,0.0,0.0,0.0,0.0,-0.033995014067440085,0.0,0.0,0.0,0.0,0.0,0.0,0.0,-402.577466266343,569.8945441509445,0.0,132.68292211539847,0.0,0.0,0.0,39.152441059775185,0.0,0.0,0.0,0.0,0.0,-1000.0,200.56547963310393,-200.56547963310393,139.2487101891096,0.0,0.0,0.0,0.0,999.8640199437257,0.0,-1000.0,434.14450427032216,0.0,0.0,430.1054558490555,0.0,0.0,0.0,0.0,1000.0,0.0,0.0,0.0,0.0,0.03739451547415733,0.0,0.0,0.0,0.0,0.0,0.0,163.04774382681381,0.0,535.6424500033577,0.0,0.0,0.0,0.0,0.0,285.6523744262943,0.0,0.0,0.3399501406744008,0.0,0.0,0.0,0.0,0.0,0.0,0.0,0.0,0.0,0.0,0.0,0.0,20.39700844046405,0.0,0.0,-340.8332683991634,-706.3531058319799,449.8148330185875,-0.008498753516860021,0.0,0.0,21.320772562556726,10.198504220232024,0.0,10.198504220232024,-678.8234778974922,0.0,0.0,0.0,496.4885796148181,-1000.0,0.0,0.0,0.0,0.0,0.0,0.0,0.0,0.0,0.0,0.0,0.0,0.0,0.0,0.0,0.0,0.0,0.0,0.0,0.0,0.0,0.0,-1000.0,0.0,0.0,10.198504220232024,0.0,10.538454360906425,0.0,0.0,39.65372031586976,-39.65372031586976,0.0,0.0,0.0,0.0,0.0,-698.6901938301716,0.0,0.0,0.0,0.0,0.0,2.6176160831928863,0.033995014067440085,0.0,0.0,0.0,-1000.0,1000.0,0.0,0.0,0.0,0.0,-7.7633266968389405,0.0,0.0,0.0,0.0,0.0,278.85672406064816,278.85672406064816,0.0,0.0,0.0,781.2499999999999,32.86190807914229,0.0,0.0,479.45619870781957,0.0,0.0,0.0,-418.97462930596885,0.0,0.0,0.0,0.0,0.0,0.0,0.0,0.0,0.0,0.0,-493.0357735756061,0.0,0.0,0.0,0.0,-311.5083372329084,0.0,0.0,0.0,0.0,0.0,0.0,0.0,340.8332683991634,-340.8332683991634,698.6901938301716,0.0,0.0,0.0,0.0,0.0,0.0,0.0,-491.40194496090635,0.0,0.0,0.0,0.0,0.0,0.0,0.0,0.0,0.0,0.0,0.0,0.0,0.0,10.759715450617534,-86.40199437302397,402.577466266343,0.0,0.0,0.0,0.0,-218.82938438585074,0.0,0.0,0.0,0.0,163.04774382681381,-27.527989582712507,200.56547963310393,0.0,0.0,0.0,0.0,0.0,0.0,0.0,0.0,6.799002813488016,0.0,0.0,47.18637423114331,-1000.0,1000.0,0.0,-402.577466266343,0.0,0.0,698.6901938301716,-958.5260828377232,0.0,0.0,0.0,-269.750442050006,0.0,0.0,-948.0860777449897,0.0,0.0,-948.0860777449897,0.0,0.0,-365.51983743281653,0.0,384.2440030646698,0.0,0.0,-385.014720196163,0.0,0.0,0.0,-371.091827243646,0.0,371.091827243646,0.0,479.3882086796847,0.0,0.0,0.0,781.2499999999999,0.0,0.0,163.04774382681381,-0.05099252110116012,0.0,0.0,0.0,0.0,0.033995014067440085,0.0,0.0,0.0,-178.55097643164444,-402.577466266343,0.0,-161.11352444543357,173.57036923014266,0.0,444.3430084905542,0.0,291.6514423468361,0.0,0.0,0.0,0.0,0.0,-2.9269707112065646,-1000.0,711.2755283643704,458.09434751015624,-1000.0,0.0,0.0,0.0,0.0,0.0,0.0,0.0,0.0,0.0,0.0,0.0,0.0,0.0,0.0,0.0,0.0,0.0,0.0,0.0,-1000.0,0.0,0.0,477.16335881141276,0.0,0.0,0.0,197.94786354991103,0.0,0.0,0.0,0.0,494.7888289114461,0.0,0.0,-249.09416515909507,0.0,714.3476255737057,802.0194529747351,0.0,0.0,-757.0498148061785,0.0,0.0,-181.74091276690342,-0.849875351686002,-1.699750703372004,-528.3573360483724,0.0,-1.699750703372004,716.1880055250483,-1000.0,10.198504220232024,0.0,0.0,0.0,0.0,0.0,0.0,0.0,-10.759715450617534,10.759715450617534,10.759715450617534,248.20099718651198,0.0,0.0,0.0,0.0,0.0,0.0,0.0,0.0,-372.5947061765439,0.0,0.0,0.0,0.0,0.0,0.0,0.0,-96.60049859325599,0.06799002813490287,0.0,0.0,0.0,0.0,0.0,0.0,0.0,0.0,0.0,285.6523744262942,0.0,0.0,0.0,0.0,0.0,0.0,0.0,0.0,0.0,0.03739451547415733,0.03739451547415733,200.56547963310393,283.9607126371295,0.0,20.39700844046405,0.0,0.0,0.0,1000.0,0.0,0.0,0.0,0.0,0.0,511.5681257300573,-1000.0,0.0,0.0,0.0,0.0,0.0,0.0,0.0,0.0,0.0,0.0,0.0,0.0,0.0,333.3333333333333,178.55097643164444,0.0,0.0,2.6176160831928863,0.0,-458.5400368817641,479.8608094443208,0.0,0.0,511.5681257300573,0.0,1000.0,-585.0323728631986,0.0,0.0,10.759715450617534,0.0,0.0,0.0,0.0,0.0,0.0,0.0,0.0,0.0,0.0,0.0,0.0,0.0,20.39700844046405,698.6901938301716,698.6901938301716,0.0,0.0,0.0,0.0,0.0,0.0,0.0,0.0,0.0,0.0,0.3399501406744008,0.0,200.56547963310393,0.0,0.0,200.56547963310393,0.0,0.0,0.0,10.198504220232024,0.0,0.0,0.0,0.0,0.0,0.0,0.0,0.0,0.0,0.0,-705.9240518132842,0.0,0.0,10.198504220232024,10.198504220232024,339.3549380736625,-1000.0,0.0,0.0,0.0,0.0,0.0,0.0,0.0,729.824620274151,0.0,1000.0,0.033995014067440085,0.0,0.0,44.895272506635685,0.0,0.0,0.0,-21.320772562556726,0.0,0.0,0.0,0.0,0.0,0.0,0.0,0.0,0.0,0.0,0.0,0.0,0.0,0.0,0.033995014067440085,0.0,0.0,0.0,0.0,0.0,0.0,0.0,0.0,0.0,-324.8887776386762,1000.0,0.0,0.0,-1000.0,-2.5496260550580065,-1.699750703372004,0.0,0.0,0.0,0.0,0.0,0.0,0.0,0.0,0.0,0.0,0.0,0.0,698.6901938301716,0.0,0.0,0.0,-1000.0,0.0,0.0,0.0,-0.033995014067440085,0.0,0.0,0.033995014067440085,0.0,0.033995014067440085,0.0,0.0,0.0,20.39700844046405,41.4739171622769,41.4739171622769,0.0,0.0,0.0,0.0,0.0,0.0,0.0,0.0,0.0,0.0,0.0,0.0,0.0,0.0,0.0,0.0,0.0,0.0,0.0,0.0,0.0,0.0,0.0,0.0,0.0,0.0,0.0,479.8608094443208,0.0,0.0,0.0,0.05099252110116012,0.0,0.0,0.0,-10.198504220232024,0.0,0.0,0.0,0.0,0.0,-283.9607126371295,1.699750703372004,0.0,0.0,0.0,-781.25,-32.86190807914229,0.0,0.0,0.0,0.0,0.0,0.0,0.0,0.0,0.0,698.6901938301716,0.0,0.0,0.0,273.200997186512,0.0,-147.79763012881386,0.0,0.0,522.8366411885872,0.0,-522.8366411885872,0.0,-1000.0,0.0,1.699750703372004,1000.0,0.0,132.1250216745131,-200.56547963310393,-372.5947061765439,0.0,0.0,-281.2499999999968,281.2499999999968,0.0,0.0,0.0,0.0,0.0,490.48614752054806,-2.54962605505807,41.4739171622769,0.0,200.56547963310393,200.56547963310393,0.0,0.0,0.0,0.0,0.0,0.0,0.0,0.0,0.0,289.05996474724554,-330.5476469329299,504.997936491685,0.0,10.198504220232024,0.0,0.0,0.0,0.0,-247.37893541597225,0.0,0.0,0.03739451547415733,0.0,0.0,0.0,20.73695858113845,0.0,0.0,0.0,0.0,-86.40199437302397,0.0,0.0,0.0,0.0,0.0,0.0,0.0,0.0,246.87546747845977,0.0,567.2105134902066,0.0033995014067440084,0.0,0.0,0.0,0.0,0.0,0.0,0.0,0.0,0.0,44.895272506635685,200.56547963310393,0.0,0.0,0.0,0.0,283.9607126371295,0.0,0.0,0.0,0.0,0.0,0.0,0.0,0.0,0.0,0.0,0.0,0.0,0.0,711.7719926473823,569.8945441509445,0.0,0.0,0.0,20.39700844046405,0.0,0.0,0.0,0.0,0.0,0.0,-20.39700844046405,0.0,0.0,0.0,0.0,0.0,0.0,0.0,0.0,0.0,200.56547963310393,200.56547963310393,0.0,-1000.0,187.91896778430726,23.286584636196455,0.0,-10.198504220232024,0.0,999.8640199437257,0.0,0.0,0.0,0.0,0.0,0.0,0.0,0.0,0.0,0.0,0.0,0.0,0.0,0.0,0.0,0.0,0.0,-4.24937675843001,698.6901938301716,-497.3384549665041,0.0,0.0,0.0,0.0,0.0,0.0,0.0,-0.424937675843001,372.5947061765439,0.0,0.0,0.0,0.0,0.0,0.0,0.0,1000.0,10.198504220232024,10.198504220232024,0.0,0.0,0.0,0.0,0.0,0.03739451547415733,283.9607126371295,0.0,0.0,-999.8640199437257,567.2071139887998,0.0,0.0,0.0,0.0,0.0,0.0,0.0,0.0,0.0,0.0,0.0,0.0,0.0,0.0,0.0,0.0,0.0,0.0,35.694764770812085,0.0,0.0,2.6176160831928863,0.0,0.0,0.0,283.9607126371295,0.0,-203.35986978945147,0.0,0.0,0.0,-4.24937675843001,0.0,0.0,0.0,0.0,0.0,0.0,0.0,0.0,0.0,0.0,0.0,0.0,0.0,0.0,0.0,0.0,0.0,0.0,-0.033995014067440085,0.0,0.0,1.699750703372004,-511.5681257300573,0.0,0.0,0.0,0.0,698.6901938301716,0.0,0.0,0.0,2.9269707112065646,0.849875351686002,0.0,0.0,0.0,0.033995014067440085,0.0,33.99501406744008,-10.538454360906425,6.799002813488016,0.24282152905314344,94.84608924815782,-0.02549626055058006,249.09416515909507,0.6799002813488016,-0.16997507034170667,-94.84608924815782,10.198504220232024,-0.033995014067440085,0.0,0.0,0.008498753516860021,0.24282152905314344,0.0,-5.41200623954046,199.88557935175513,-300.0,-0.033995014067440085,0.008498753516860021,-94.84608924815782,3.399501406744008,0.033995014067440085,0.033995014067440085,-283.8893231075879,0.03739451547420146,-235.8492087823657,-0.02549626055058006,10.198504220232024,0.033995014067440085,10.198504220232024,-16.99750703372004,-0.016997507033720043,243.61253547920464,215.3958879650393,-0.02549626055058006,-0.033995014067440085,-10.538454360906425,0.033995014067440085,3.399501406744008,-0.6799002813488016,479.8608094443208,479.8608094443208,-3.399501406744008,300.0,-479.8608094443208,6.799002813488016,0.05099252110116012,-1000.0,3.399501406744008,-333.3333333333333,0.0,-6.799002813488016,0.016997507033720043,0.3399501406744008,40.27838111135839,280.0,-0.033995014067440085,-291.6095908023036,283.8893231075879,10.538454360906425,0.033995014067440085,5.41200623954046,-40.79401688092844,0.0,-0.033995014067440085,-0.008498753516860021,0.0,-0.033995014067440085,-96.60049859325599,0.033995014067440085,-0.008498753516860021,-0.008498753516860021,-0.008498753516860021,13.598005626976033,16.99750703372004,0.3399501406744008,25.18605604721813,-0.008498753516860021,80.55676222271678,1.699750703372004,50.0,0.033995014067440085,0.016997507033720043,0.016997507033720043,3.399501406744008,10.538454360906425,0.033995014067440085,-10.538454360906425,0.3399501406744008,0.033995014067440085,-25.18605604721813,0.033995014067440085,0.1359800562743203,0.16997507034170667,0.016997507033720043,0.008498753516860021,10.198504220232024,-0.033995014067440085,235.8492087823657,-99.94278967587756,-50.37211209443626,248.24428980740905,-3.399501406744008,6.799002813488016,1.699750703372004,-0.033995014067440085,0.0,0.05099252110116012,-0.033995014067440085,-6.799002813488016,10.538454360906425,409.4565720489915,0.016997507033720043,-100.0,-0.033995014067440085,-0.033995014067440085,-0.033995014067440085,0.016997507033720043,94.84608924815782,-6.799002813488016,0.033995014067440085,80.55676222271678,-0.008498753516860021,-0.03739451547420146,-80.55676222271678,5.099252110116012,-215.3958879650393,334.1557807925162,94.84608924815782,-0.02549626055058006,291.6095908023036,-280.0,0.033995014067440085,-0.008498753516860021,1.699750703372004,33.99501406744008,-0.016997507033720043,-0.033995014067440085,0.008498753516860021,1000.0,0.0,915.6880069071954,0.0,-255.0,0.0,384.3123259789563,-140.0,0.0,-80.0,-255.0,140.99862731532585,-84.29499558577095,40.0,127.5,127.5,0.0,70.0,-283.9607126371295,-162.07763663301927,84.29499558577095,-140.99862731532585,-162.07763663301927,-384.3123259789563,210.8534207265704,0.0,1496.5981,hplb
180,0.0,0.0,0.0,0.0,0.0,0.0,0.0,0.0,518.0210947899704,0.0,0.0,0.0,0.0,0.0,0.0,0.0,730.7084016732216,453.1896638315235,0.0,-1000.0,0.0,0.0,0.0,195.71117597088062,0.0,0.0,0.0,0.0,0.0,451.43095105970394,0.0,0.0,991.6250618670828,0.0,0.0,0.0,0.0,654.9303492701144,0.0,-1000.0,963.3821909791717,0.0,0.0,0.0,0.0,0.0,0.24411872680552224,0.0,-1000.0,0.0,0.0,-817.8606472670746,0.0,0.13426529974287407,0.0,0.0,0.0,0.0,0.0,0.0,31.248088507205082,0.0,94.74426082541792,0.0,0.0,0.0,0.0,0.0,0.0,0.0,0.0,1.2205936340276113,0.0,0.0,0.0,0.0,0.0,0.0,0.0,962.6008698666943,0.0,0.0,0.0,0.0,73.23561804165668,0.0,0.0,-587.7024224272413,-476.9685610083098,0.0,-0.030514840850690284,0.0,0.0,0.0,36.61780902082834,0.0,36.61780902082834,0.0,0.0,0.0,0.0,6.102968170138056,451.43095105970394,0.0,0.0,-75.03218390950768,0.0,0.0,0.0,0.0,0.0,0.0,0.0,0.0,0.0,0.0,0.0,0.0,0.0,0.0,0.0,0.0,0.0,0.0,-838.6425504156352,0.0,0.0,36.61780902082834,0.0,37.83840265485595,21.873616176100455,0.0,440.00014706277284,-440.00014706277284,0.0,0.0,-125.99234933262301,0.0,0.0,0.0,0.0,0.0,0.0,0.0,0.0,9.398570982012606,0.12205936340276112,0.0,0.0,0.0,0.0,-176.2308668298981,0.0,0.0,0.0,0.0,774.2154261610079,0.0,0.0,0.0,0.0,0.0,999.8779406365973,999.8779406365973,0.0,0.0,0.0,0.0,-656.4980933419195,0.0,0.0,1000.0,0.0,0.0,0.0,448.77265397769315,0.0,0.0,0.0,0.0,0.0,0.0,0.0,0.0,0.0,0.0,-49.556993017619234,0.0,0.0,0.0,0.0,-428.4260174986612,0.0,0.0,0.0,0.0,0.0,0.0,817.8606472670746,776.9685610083097,-776.9685610083097,125.99234933262301,0.0,0.0,0.0,0.0,0.0,0.0,0.0,-538.4384262759993,0.0,0.0,0.0,0.0,0.0,0.0,0.0,0.0,0.0,0.0,0.0,0.0,0.0,0.0,125.05461219100255,-1000.0,0.0,0.0,0.0,0.0,51.68108777709213,0.0,0.0,0.0,0.0,31.248088507205082,-1000.0,0.0,0.0,0.0,0.0,0.0,0.0,0.0,0.0,3.9303115015674166,157.12621791220988,0.0,0.0,331.14560766166335,-922.7915143549561,7.1267858481429585,0.0,1000.0,0.0,0.0,125.99234933262301,-374.68601993218476,0.0,0.0,0.0,-54.298999285815626,0.0,0.0,-1000.0,0.0,0.0,-1000.0,0.0,0.0,300.0,0.0,1000.0,0.0,0.0,206.6194191361893,0.0,0.0,0.0,-397.4996793660817,0.0,397.4996793660817,0.0,1000.0,0.0,0.0,-162.94050870991998,0.0,0.0,0.0,31.248088507205082,-0.18308904510414167,0.0,0.0,0.0,0.0,0.12205936340276112,0.0,0.0,0.0,210.20445986655034,730.7084016732216,0.0,-1000.0,-91.44938437344493,0.0,1000.0,0.0,459.1242332693271,0.0,-75.03218390950768,0.0,0.0,0.0,-10.509311188977563,0.0,-448.6149220803495,-1000.0,-1000.0,0.0,0.0,0.0,0.0,0.0,0.0,0.0,0.0,0.0,0.0,0.0,0.0,0.0,0.0,0.0,0.0,0.0,-344.5814132762747,0.0,-1000.0,0.0,0.0,0.0,0.0,0.0,0.0,655.4185867237253,0.0,0.0,0.0,0.0,0.0,0.0,0.0,-6.102968170138056,0.0,0.0,0.0,689.1632876431388,0.0,284.2619892585316,0.0,0.0,0.0,-3.051484085069028,-695.2662558132769,0.0,0.0,-680.0088353879318,31.070627536649244,348.685550510891,36.61780902082834,0.0,0.0,0.0,0.0,0.0,518.1431541533732,0.0,0.0,0.0,0.0,-623.7344464788358,0.0,0.0,0.0,0.0,0.0,0.0,0.0,0.0,-63.49617231821285,0.0,531.1875000000003,0.0,0.0,0.0,0.0,0.0,-87.79406365972389,0.24411872680525448,0.0,0.0,0.0,0.0,0.0,0.0,0.0,0.0,0.0,0.0,0.0,0.0,0.0,0.0,0.0,0.0,0.0,0.0,0.0,0.13426529974287407,0.13426529974287407,0.0,247.03372053689003,0.0,73.23561804165668,0.0,0.0,0.0,1000.0,0.0,0.0,0.0,0.0,0.0,119.35148473701216,-1000.0,0.0,0.0,0.0,0.0,0.0,0.0,0.0,0.0,0.0,0.0,0.0,0.0,0.0,279.5475168052117,-210.20445986655034,176.2308668298981,0.0,9.398570982012606,0.0,722.6218730246549,-722.6218730246549,-900.29531013437,0.0,119.35148473701216,0.0,50.068303076672294,-18.510881999383912,-531.2500000000159,531.2500000000159,0.0,0.0,0.0,0.0,0.0,0.0,0.0,0.0,0.0,0.0,0.0,0.0,0.0,0.0,73.23561804165668,125.99234933262301,125.99234933262301,0.0,0.0,0.0,0.0,0.0,0.0,0.0,0.0,0.0,0.0,1.2205936340276113,0.0,0.0,0.0,0.0,0.0,817.8606472670746,0.0,0.0,36.61780902082834,0.0,0.0,0.0,0.0,0.0,0.0,0.0,0.0,0.0,0.0,0.0,-252.80486401729058,0.0,36.61780902082834,36.61780902082834,1000.0,-1000.0,0.0,0.0,0.0,0.0,0.0,0.0,0.0,944.1752586716499,0.0,1000.0,0.12205936340276112,0.0,0.0,0.0,73.70236172085902,929.3547577077912,0.0,0.0,0.0,0.0,0.0,0.0,0.0,0.0,0.0,0.0,0.0,0.0,0.0,0.0,0.0,0.0,0.12205936340276112,0.0,0.0,0.0,-784.0045429903694,784.0045429903694,0.0,0.0,0.0,0.0,0.0,1000.0,0.0,0.0,-1000.0,-9.154452255207085,-6.102968170138056,0.0,0.0,-843.75,-843.75,843.75,0.0,0.0,0.0,0.0,0.0,0.0,0.0,125.99234933262301,0.0,0.0,0.0,-325.2203167069027,0.0,0.0,0.0,518.0210947899704,0.0,0.0,0.12205936340276112,0.0,0.12205936340276112,0.0,0.0,0.0,73.23561804165668,148.91242335136857,148.91242335136857,0.0,0.0,0.0,0.0,0.0,0.0,0.0,176.2308668298981,0.0,0.0,0.0,0.0,0.0,0.0,0.0,0.0,0.0,0.0,0.0,0.0,0.0,0.0,0.0,0.0,0.0,0.0,0.0,177.67343710971514,0.0,-466.59135239240993,466.59135239240993,0.18308904510414167,0.0,0.0,0.0,-36.61780902082834,0.0,0.0,0.0,0.0,0.0,-247.03372053689003,6.102968170138056,0.0,0.0,0.0,0.0,656.4980933419195,-655.4185867237253,0.0,0.0,531.1875000000003,0.0,0.0,0.0,0.0,0.0,125.99234933262301,0.0,0.0,135.51419526839015,247.03372053689003,0.0,476.8189941493459,854.3225737982835,344.5814132762747,0.0,0.0,-344.5814132762747,0.0,-523.5984432835534,0.0,6.102968170138056,1000.0,0.0,0.0,0.0,-63.49617231821285,0.0,0.0,1000.0,-1000.0,0.0,-668.7474692073054,0.0,0.0,0.0,155.97775302457384,-124.72966451736878,148.91242335136857,0.0,0.0,0.0,0.0,0.0,0.0,0.0,0.0,0.0,3.9303115015674166,0.0,0.0,149.7674127851425,-73.70236172085902,580.8319093995673,0.0,36.61780902082834,0.0,0.0,0.0,0.0,364.658290535477,0.0,0.0,0.13426529974287407,0.0,0.0,0.0,74.45621167568429,0.0,0.0,0.0,0.0,125.05461219100255,0.0,0.0,0.0,0.0,0.0,0.0,0.0,0.0,0.0,0.0,0.012205936340276113,0.012205936340276113,0.0,0.0,0.0,0.0,0.0,0.0,0.0,0.0,0.0,0.0,0.0,0.0,0.0,0.0,0.0,247.03372053689003,0.0,0.0,0.0,0.0,0.0,0.0,0.0,0.0,0.0,0.0,0.0,0.0,279.27745061351766,1000.0,453.1896638315235,0.0,0.0,0.0,73.23561804165672,0.0,0.0,0.0,0.0,0.0,926.7643819583433,-1000.0,0.0,0.0,0.0,0.0,0.0,0.0,0.0,0.0,0.0,0.0,0.0,0.0,-1000.0,395.6062097313538,83.61066393089138,-36.61780902082834,0.0,0.0,654.9303492701144,0.0,0.0,0.0,0.0,0.0,0.0,0.0,0.0,0.0,0.0,0.0,0.0,0.0,0.0,0.0,0.0,0.0,-15.257420425345142,125.99234933262301,-9.154452255207085,115.5752122621617,0.0,0.0,0.0,0.0,0.0,-1.5257420425345143,0.0,63.49617231821285,0.0,0.0,0.0,0.0,0.0,0.0,0.0,1000.0,36.61780902082834,36.61780902082834,0.0,0.0,0.0,0.0,962.6008698666943,0.13426529974287407,247.03372053689003,0.0,0.0,-654.9303492701144,0.0,0.0,0.0,0.0,0.0,0.0,0.0,0.0,0.0,0.0,0.0,0.0,0.0,0.0,233.29567619620497,0.0,0.0,21.873616176100455,0.0,128.16233157289918,0.0,0.0,9.398570982012606,0.0,0.0,0.0,247.03372053689003,0.0,649.3156185535872,0.0,0.0,0.0,-15.257420425345142,0.0,0.0,0.0,0.0,0.0,0.0,0.0,0.0,0.0,0.0,0.0,0.0,0.0,0.0,0.0,0.0,0.0,0.0,-0.12205936340276112,0.0,0.0,6.102968170138056,-119.35148473701216,0.0,0.0,0.0,0.0,125.99234933262301,0.0,0.0,0.0,10.509311188977563,3.051484085069028,0.0,0.0,0.0,0.12205936340276112,0.0,122.05936340276112,-15.964786478755485,24.411872680552225,0.8718525957340081,384.29285624590443,-0.09154452255207084,6.102968170138056,2.4411872680552227,-0.610296817013591,-384.29285624590443,36.61780902082834,-0.12205936340276113,25.010727969835894,0.0,0.030514840850690284,0.8718525957340081,-75.03218390950768,-19.43185065371813,-2.4411872680552227,-183.8980655047451,-0.12205936340276113,0.030514840850690284,-384.29285624590443,12.205936340276113,0.12205936340276113,0.12205936340276112,-246.77739587374438,0.13426529974303725,0.0,-0.09154452255207084,36.61780902082834,0.12205936340276113,36.61780902082834,-61.02968170138057,-0.06102968170138057,-624.1510583419926,-64.009083480771,-0.09154452255207084,-0.12205936340276113,-15.964786478755485,0.12205936340276112,12.205936340276113,-2.4411872680552227,177.67343710971514,177.67343710971514,-12.205936340276113,183.8980655047451,-177.67343710971514,24.411872680552225,0.18308904510414167,-593.1170511125329,12.205936340276113,-279.5475168052117,0.0,-24.411872680552225,0.06102968170138056,1.2205936340276113,250.0,271.44559321744225,-0.12205936340276112,-274.4970773025113,246.77739587374438,37.83840265485595,0.12205936340276113,19.43185065371813,-146.47123608331339,0.0,-0.12205936340276112,-0.030514840850690284,0.0,-0.12205936340276113,-87.79406365972389,0.12205936340276113,-0.03051484085069028,-0.030514840850690284,-0.03051484085069028,48.82374536110445,61.02968170138057,1.2205936340276113,290.12058334424603,-0.030514840850690284,474.9892720301641,6.102968170138056,50.0,0.12205936340276112,0.06102968170138056,0.06102968170138057,12.205936340276113,15.964786478755485,0.12205936340276112,-15.964786478755485,1.2205936340276113,0.12205936340276113,-689.5002883107002,0.12205936340276113,0.4882374536108358,0.610296817013591,0.06102968170138057,0.030514840850690284,36.61780902082834,-0.12205936340276113,0.0,1.2205936340276113,-580.2411666884921,3.0514840850690286,-12.205936340276113,24.411872680552225,6.102968170138056,-0.12205936340276113,75.03218390950768,0.18308904510414167,-0.12205936340276113,-24.411872680552225,15.964786478755485,-38.632341311131256,0.06102968170138057,-100.0,-0.12205936340276113,-0.12205936340276113,-0.12205936340276113,0.06102968170138057,384.29285624590443,-24.411872680552225,0.12205936340276112,500.0,-0.030514840850690284,-0.13426529974303725,-500.0,18.308904510414166,64.009083480771,29.538084541361286,384.29285624590443,-0.09154452255207084,274.4970773025113,-271.44559321744225,0.12205936340276113,-0.030514840850690284,6.102968170138056,122.05936340276112,-0.06102968170138056,-0.12205936340276113,0.030514840850690284,1000.0,0.0,293.0560214308315,399.37970496645414,-255.0,132.71434523165766,117.90300321332916,-140.0,0.0,-80.0,-255.0,-325.0,-300.0,40.0,127.5,127.5,0.0,70.0,-247.03372053689003,-326.02594922434577,300.0,325.0,-326.02594922434577,-117.90300321332916,126.08415147818322,-132.71434523165766,1496.5981,hplb
181,0.0,0.0,0.0,0.0,0.0,0.0,0.0,0.0,-0.07417108865132975,0.0,0.0,0.0,0.0,0.0,0.0,0.0,239.3285154692751,-116.80137819689605,0.0,0.0,0.0,0.0,0.0,225.05826638188714,0.0,0.0,0.0,0.0,0.0,584.2256980870415,0.0,0.0,76.87951644100957,0.0,0.0,0.0,0.0,-95.42778739474412,0.0,-631.5374649050799,1000.0,0.0,0.0,23.638535222430505,0.0,0.0,0.0,0.0,-847.192748778747,0.0,0.0,0.0,0.0,0.08158819751664978,0.0,0.0,0.0,2.6757328440073342,0.0,0.0,78.29426591628662,0.0,176.18453345425564,0.0,0.0,0.0,0.0,0.0,0.0,0.0,0.0,0.7417108865132976,0.0,0.0,0.0,0.0,0.0,0.0,0.0,0.0,0.0,0.0,0.0,0.0,44.50265319079786,0.0,0.0,1000.0,658.557547796147,-628.1661772142961,0.0,0.0,0.0,-153.39708933530835,22.25132659539893,0.0,22.25132659539893,-2.3883090545735968,0.0,0.0,0.0,528.2042964427986,57.55488288112709,0.0,0.0,-61.48130249979584,0.0,956.3560357910724,0.0,0.0,0.0,0.0,0.0,0.0,0.0,0.0,0.0,0.0,0.0,0.0,0.0,0.0,0.0,0.0,-944.6457127798647,0.0,0.0,22.25132659539893,0.0,22.99303748191222,0.0,0.0,613.6220026874282,-613.6220026874282,0.0,0.0,745.5212006294577,0.0,0.0,-1000.0,0.0,0.0,0.0,0.0,0.0,5.7111738261523906,0.07417108865132975,0.01854277216283244,0.0,0.0,162.15489708097144,-162.15489708097144,0.0,0.0,0.0,0.0,161.42692722478063,0.0,0.0,0.0,0.0,0.0,27.77513975522561,27.77513975522561,0.0,0.0,0.0,0.0,0.0,0.0,0.0,27.84931084387694,0.0,0.0,0.0,-1000.0,-88.66436126023825,0.0,0.0,0.0,0.0,0.0,0.0,0.0,0.0,0.0,0.0,0.0,0.0,0.0,0.0,-254.12538595305963,0.0,0.0,0.0,0.0,0.0,0.0,0.0,269.6086294181491,-269.6086294181491,0.0,0.0,0.0,0.0,0.0,0.0,0.0,526.6708152059143,-134.74780698789388,0.0,0.0,0.0,0.0,0.0,0.0,0.0,0.0,0.0,0.0,0.0,0.0,0.0,249.72665177712256,-70.3315645394681,23.638535222430505,0.0,0.0,0.0,254.47879937054233,42.83202015238137,0.0,0.0,0.0,0.0,78.29426591628662,0.0,0.0,0.0,0.0,0.0,0.0,0.0,0.0,0.0,0.0,12.158484886258618,0.0,0.0,-388.94891837799787,0.0,422.4158806394021,0.0,-23.638535222430505,0.0,0.0,254.47879937054233,-238.76430951031415,0.0,0.0,0.0,-355.6368836110481,0.0,0.0,-491.102146247894,0.0,0.0,-491.1021462478937,0.0,0.0,928.1661772142961,0.0,0.0,0.0,0.0,164.10531718482864,0.0,0.0,0.0,0.0,0.0,0.0,0.0,1000.0,0.0,254.47879937054233,0.0,0.0,0.0,0.0,78.29426591628662,-0.11125663297699463,0.0,0.0,0.0,0.0,0.07417108865132975,0.0,0.0,0.0,189.04203920527934,239.3285154692751,0.0,-318.7700367781962,332.3522212453438,88.66436126023825,632.6067449551226,0.0,0.0,0.0,-61.48130249979584,0.0,0.0,0.0,613.6423172446856,46.00782943850231,-659.6501466831879,521.578655973412,-1000.0,0.0,0.0,0.0,0.0,0.0,0.0,0.0,0.0,0.0,0.0,0.0,0.0,0.0,0.0,0.0,0.0,0.0,-95.13110304013861,0.0,0.0,0.0,0.0,0.0,0.0,0.0,0.0,-5.7111738261523906,0.0,0.0,0.0,0.0,524.4957420102321,0.0,0.0,734.0435745623174,-1.854277216283244,-46.00782943850231,-212.57434007471107,-168.08027173476805,0.0,-60.249672163392916,0.0,-1000.0,631.9747532193726,0.0,164.37171730220155,0.0,0.0,-30.497991158534617,0.0,0.0,22.25132659539893,0.0,0.0,0.0,0.0,0.0,0.0,0.0,-249.72665177712256,249.72665177712256,249.72665177712256,301.6470847695299,0.0,0.0,-972.2990313334258,0.0,0.0,526.6708152059143,0.0,0.0,-97.89026753796904,0.0,0.0,389.6445816402764,0.0,0.0,0.0,0.0,-92.58289113486703,0.14834217730276578,0.0,0.0,0.0,0.0,0.0,0.0,0.0,0.0,0.0,0.0,0.0,0.0,0.0,0.0,0.0,0.0,0.0,0.0,0.0,0.08158819751664978,0.08158819751664978,0.0,200.72830356813807,0.0,44.50265319079786,0.0,0.0,0.0,-1000.0,0.0,0.0,0.0,0.0,0.0,549.9204789042615,1000.0,0.0,0.0,0.0,0.0,0.0,389.6445816402764,0.0,0.0,0.0,0.0,0.0,0.0,0.0,314.88190425995487,-189.04203920527934,0.0,0.0,5.7111738261523906,0.0,414.6527834752043,-568.0498728105126,-610.881892962894,0.0,549.9204789042615,0.0,457.3375877693944,0.0,31.250000000010438,-31.250000000010438,249.72665177712256,0.0,0.0,0.0,0.0,0.0,0.0,0.0,0.0,0.0,0.0,0.0,0.0,0.0,44.50265319079786,254.47879937054233,254.47879937054233,0.0,0.0,0.0,0.0,0.0,0.0,0.0,0.0,0.0,0.0,0.7417108865132976,0.0,0.0,0.0,0.0,0.0,0.0,0.0,0.0,22.25132659539893,0.0,0.0,0.0,0.0,0.0,0.0,0.0,0.0,0.0,0.0,-950.3381429908052,417.9060910070748,0.0,22.25132659539893,22.25132659539893,91.08994620120941,1000.0,0.0,389.6445816402764,0.0,0.0,0.0,0.0,0.0,170.1067929867246,526.6708152059143,0.0,0.07417108865132975,0.0,0.0,-390.6115137886775,488.5650322225658,0.0,0.0,153.39708933530835,0.0,0.0,0.0,0.0,0.0,0.0,0.0,0.0,0.0,0.0,0.0,0.0,0.0,0.0,0.07417108865132975,0.0,0.0,0.0,0.0,0.0,0.0,0.0,0.0,0.0,-246.2616157120764,778.9980438897478,0.0,-443.3164989636851,0.0,-5.562831648849732,-3.708554432566488,0.0,0.0,0.0,0.0,0.0,0.0,0.0,0.0,0.0,0.0,0.0,0.0,254.47879937054233,88.66436126023825,0.0,0.0,-26.78943672596813,0.0,0.0,0.0,-0.07417108865132975,0.0,0.0,0.07417108865132975,0.0,0.07417108865132975,0.0,0.0,0.0,44.50265319079786,90.4887281546223,90.4887281546223,0.0,0.0,0.0,0.0,0.0,0.0,0.0,0.0,0.0,526.6708152059143,0.0,0.0,0.0,620.0284479775653,0.0,0.0,0.0,0.0,0.0,0.0,0.0,0.0,0.0,0.0,0.0,0.0,0.0,42.83202015238137,0.0,0.0,0.0,0.11125663297699463,0.0,0.0,0.0,-22.25132659539893,0.0,0.0,0.0,0.0,0.0,-200.72830356813807,3.708554432566488,0.0,0.0,0.0,0.0,0.0,0.0,0.0,0.0,0.0,0.0,0.0,0.0,0.0,0.0,254.47879937054233,0.0,0.0,682.481311562135,-48.99834820898448,0.0,-34.38647470526824,-61.48130249979584,95.13110304013861,240.55044188592402,443.3164989636851,-778.9980438897478,0.0,-329.2530376649364,0.0,3.708554432566488,711.7266468477421,0.0,0.0,0.0,-97.89026753796904,0.0,0.0,-406.25000000000034,406.25000000000034,0.0,0.0,0.0,0.0,0.0,0.0,-11.125663297699703,90.4887281546223,0.0,0.0,0.0,0.0,0.0,0.0,0.0,0.0,0.0,0.0,0.0,0.0,206.2911352169878,-97.95351843388829,0.0,0.0,22.25132659539893,0.0,0.0,0.0,0.0,-112.54689850565552,0.0,0.0,0.08158819751664978,0.0,0.0,0.0,45.24436407731115,0.0,0.0,0.0,0.0,-70.3315645394681,0.0,0.0,0.0,0.0,0.0,0.0,0.0,0.0,0.0,0.0,0.007417108865132976,0.007417108865132976,0.0,0.0,0.0,0.0,0.0,0.0,0.0,0.0,0.0,-390.6115137886775,0.0,0.0,0.0,0.0,0.0,200.72830356813807,0.0,0.0,0.0,0.0,0.0,0.0,0.0,0.0,0.0,0.0,0.0,0.0,0.0,-368.53571784019687,-116.80137819689605,0.0,0.0,0.0,44.50265319079786,0.0,0.0,0.0,0.0,0.0,-44.50265319079786,0.0,0.0,0.0,0.0,0.0,0.0,0.0,0.0,0.0,0.0,0.0,0.0,0.0,0.0,749.2403318412637,670.8356437037262,0.0,-22.25132659539893,0.0,-95.42778739474412,0.0,0.0,0.0,0.0,0.0,0.0,0.0,0.0,0.0,0.0,0.0,0.0,0.0,0.0,0.0,0.0,0.0,-9.271386081416221,254.47879937054233,-530.0585736590818,625.591279626415,0.0,0.0,0.0,0.0,0.0,0.0,-0.927138608141622,97.89026753796904,0.0,0.0,0.0,0.0,0.0,0.0,0.0,1000.0,22.25132659539893,22.25132659539893,0.0,0.0,0.0,0.0,0.0,0.08158819751664978,200.72830356813807,0.0,0.0,95.42778739474412,0.0,0.0,0.0,0.0,0.0,0.0,0.0,0.0,0.0,0.0,0.0,0.0,0.0,0.0,0.0,0.0,0.0,0.0,0.0,77.87964308389626,5.7111738261523906,0.0,0.0,0.0,0.0,0.0,200.72830356813807,0.0,-6.096863487140085,0.0,0.0,0.0,-9.271386081416221,0.0,0.0,0.0,0.0,0.0,0.0,0.0,0.0,0.0,0.0,0.0,0.0,0.0,0.0,0.0,0.0,0.0,0.0,-0.07417108865132975,0.0,0.0,3.708554432566488,-549.9204789042615,0.0,0.0,0.0,0.0,254.47879937054233,0.0,0.0,0.0,-613.6423172446856,1.854277216283244,0.0,0.0,0.0,0.07417108865132975,0.0,74.17108865132975,-22.99303748191222,14.834217730265951,0.5297934903666411,206.93733733720998,-0.055628316488497316,265.9564254376825,1.4834217730265953,-0.3708554432568329,-206.93733733720998,22.25132659539893,-0.07417108865132976,20.493767499931945,389.6445816402764,0.01854277216283244,0.5297934903666411,-61.48130249979584,-11.808037313292488,-1.4834217730265953,-122.52713727237904,-0.07417108865132976,0.01854277216283244,-206.93733733720998,7.417108865132976,0.07417108865132976,0.07417108865132975,-200.5725442819701,0.08158819751646273,-46.499802576284914,-0.055628316488497316,22.25132659539893,0.07417108865132976,22.25132659539893,-37.085544325664884,-0.03708554432566488,8.03548035109597,-50.323300106165675,-0.055628316488497316,-0.07417108865132976,-22.99303748191222,0.07417108865132975,7.417108865132976,-1.4834217730265953,42.83202015238137,42.83202015238137,-7.417108865132976,122.52713727237904,-42.83202015238137,14.834217730265951,0.11125663297699463,-609.2490812214178,7.417108865132976,-314.88190425995487,389.6445816402764,-14.834217730265951,0.03708554432566488,0.7417108865132976,79.69250919454905,-34.16413047871853,-0.07417108865132975,-217.4167985146875,200.5725442819701,22.99303748191222,0.07417108865132976,11.808037313292488,300.6392752586806,389.6445816402764,-0.07417108865132975,-0.01854277216283244,-389.6445816402764,-0.07417108865132976,-92.58289113486703,0.07417108865104564,-0.01854277216283244,-0.01854277216283244,-0.01854277216283244,29.668435460531903,37.085544325664884,0.7417108865132976,54.951505304554644,-0.01854277216283244,138.89125088916614,3.708554432566488,50.0,0.07417108865132975,0.03708554432566488,0.03708554432566488,75.0,22.99303748191222,0.07417108865132975,-22.99303748191222,0.7417108865132976,0.07417108865132976,-54.951505304554644,0.07417108865132976,0.29668435460550313,0.3708554432568329,0.03708554432566488,0.01854277216283244,22.25132659539893,-0.07417108865132976,46.499802576284914,0.7417108865132976,-109.90301060910929,264.1021482213993,-7.417108865132976,14.834217730265951,3.708554432566488,-0.07417108865132976,61.48130249979584,0.11125663297699463,-0.07417108865132976,-150.0,22.99303748191222,446.04516034012266,0.03708554432566488,-100.0,-0.07417108865132976,-0.07417108865104564,-0.07417108865132976,0.03708554432566488,206.93733733720998,-14.834217730265951,0.07417108865132975,159.3850183890981,-0.01854277216283244,-0.08158819751646273,-159.3850183890981,11.125663297699463,50.323300106165675,236.3064533452128,206.93733733720998,-0.055628316488497316,217.4167985146875,34.16413047871853,0.07417108865132976,-0.01854277216283244,3.708554432566488,74.17108865132975,-0.03708554432566488,-0.07417108865132976,0.01854277216283244,0.0,0.0,309.2119956770921,0.0,-255.0,0.0,294.78851503199587,-140.0,0.0,-80.0,-255.0,19.552256975002308,-300.0,40.0,127.5,127.5,0.0,70.0,-200.72830356813807,-333.49826183446714,300.0,-19.55225697500229,-333.49826183446714,-294.78851503199587,-6.6339345459088435,0.0,1496.5981,hplb
182,0.0,0.0,0.0,0.0,0.0,0.0,0.0,0.0,-0.1013607899930079,0.0,0.0,0.0,0.0,0.0,0.0,0.0,830.5556239581024,0.0,0.0,-530.5556239581024,0.0,0.0,0.0,866.0010356292435,0.0,0.0,0.0,0.0,0.0,-178.97188121891955,0.0,0.0,137.7599265411546,0.0,0.0,0.0,0.0,899.5885063586194,0.0,-1000.0,1000.0,0.0,0.0,0.0,0.0,0.0,0.0,0.0,1000.0,0.0,0.0,824.4875537829464,0.0,0.1114968689922289,0.0,0.0,0.0,20.272157998601582,0.0,0.0,-87.79287370674167,0.0,4.176207645495574,-83.6166660612461,0.0,0.0,0.0,0.0,220.73499426104155,-220.73499426104155,0.0,1.013607899930079,0.0,0.0,0.0,0.0,0.0,0.0,0.0,0.0,0.0,0.0,0.0,0.0,60.81647399580475,0.0,78.8663668013578,-82.17103304202686,-317.82896695797314,300.0,-0.025340197498251976,0.0,0.0,159.7625602107062,30.408236997902375,0.0,30.408236997902375,-3.263817437771949,0.0,0.0,0.0,997.4659802501748,-374.3042038038147,0.0,0.0,0.0,0.0,0.0,0.0,0.0,0.0,0.0,0.0,0.0,0.0,0.0,0.0,0.0,0.0,0.0,0.0,0.0,0.0,0.0,-720.0787885363304,0.0,0.0,30.408236997902375,0.0,31.42184489783245,0.0,0.0,-314.6555938737803,314.6555938737803,0.0,0.0,0.0,0.0,0.0,0.0,0.0,0.0,0.0,0.0,0.0,86.6711476308194,0.1013607899930079,0.0,0.0,0.0,-1000.0,613.5870095658811,0.0,0.0,0.0,0.0,216.62384141110866,0.0,0.0,0.0,0.0,0.0,765.1820980971238,765.1820980971238,0.0,0.0,0.0,0.0,321.5292663136087,0.0,0.0,765.2834588871168,0.0,0.0,0.0,377.07292720469445,0.0,0.0,0.0,0.0,0.0,0.0,0.0,0.0,0.0,0.0,-914.0763419416221,0.0,0.0,0.0,0.0,-1000.0,0.0,0.0,0.0,0.0,0.0,0.0,-824.4875537829464,317.82896695797314,-317.82896695797314,0.0,0.0,0.0,0.0,0.0,0.0,0.0,195.33232258489514,-321.5292663136087,0.0,0.0,0.0,0.0,0.0,0.0,0.0,0.0,0.0,0.0,0.0,0.0,0.0,0.0,527.923978290057,-827.0961889562365,0.0,0.0,0.0,0.0,159.7625602107062,0.0,0.0,0.0,0.0,-87.79287370674167,-827.0961889562365,0.0,0.0,0.0,0.0,0.0,0.0,0.0,0.0,0.0,0.0,0.0,0.0,678.3833680158896,42.725434099943314,411.1703801329998,0.0,827.0961889562365,0.0,0.0,0.0,123.66016379146964,0.0,0.0,0.0,-147.31482297792155,0.0,0.0,754.8411209554108,94.40624798666765,1000.0,660.4348729687431,0.0,905.5937520133324,0.0,0.0,-306.068070175156,0.0,0.0,123.03404386978585,0.0,0.0,0.0,-148.6313966602769,0.0,148.6313966602769,0.0,1000.0,0.0,0.0,0.0,0.0,0.0,0.0,-87.79287370674167,-0.15204118498951186,0.0,0.0,0.0,0.0,0.1013607899930079,0.0,0.0,0.0,809.8292027913915,830.5556239581024,0.0,-564.3919364484846,-261.6425644925591,0.0,900.6803949965039,0.0,-900.1188460119187,0.0,0.0,0.0,0.0,0.0,-8.7271640183979,908.8460100303166,0.0,-1000.0,-4.88624387499733,0.0,0.0,0.0,0.0,0.0,0.0,0.0,0.0,0.0,0.0,0.0,0.0,0.0,0.0,0.0,0.0,0.0,-100.00605048140694,0.0,-1000.0,0.0,0.0,0.0,549.977526219148,0.0,0.0,-86.6711476308194,0.0,0.0,0.0,0.0,992.3979407505244,-1000.0,-1000.0,223.7442270155134,0.0,-129.5810042913581,0.0,-912.9201142581624,-949.8968222010039,813.4145184754188,1000.0,-1000.0,1000.0,-2.5340197498251977,907.852074758512,0.0,0.0,1000.0,0.0,-848.9510831917651,30.408236997902375,0.0,0.0,0.0,877.5520533508077,0.0,0.0,0.0,0.0,0.0,0.0,-642.8242113494093,0.0,21.60110771879488,-471.5183630969427,0.0,0.0,195.33232258489514,0.0,0.0,-17.85301381076776,0.0,281.2500000000001,129.72784200139841,0.0,0.0,0.0,0.0,111.1027508580358,0.20272157998783769,0.0,0.0,0.0,0.0,0.0,0.0,0.0,0.0,0.0,0.0,0.0,0.0,0.0,0.0,0.0,0.0,0.0,0.0,0.0,0.1114968689922289,0.1114968689922289,0.0,247.07169457085183,0.0,60.81647399580475,0.0,0.0,0.0,1000.0,0.0,0.0,78.8663668013578,0.0,0.0,-502.52716267338275,-1000.0,0.0,0.0,0.0,0.0,0.0,129.72784200139841,0.0,0.0,0.0,0.0,0.0,0.0,0.0,240.02626284544348,-809.8292027913915,386.4129904341189,0.0,86.6711476308194,0.0,0.0,159.7625602107062,0.0,0.0,-502.52716267338275,0.0,0.0,-391.42441181534696,0.0,0.0,0.0,0.0,0.0,0.0,0.0,0.0,0.0,0.0,0.0,0.0,0.0,0.0,0.0,0.0,60.81647399580475,0.0,0.0,0.0,0.0,0.0,0.0,0.0,0.0,0.0,0.0,0.0,0.0,1.013607899930079,0.0,0.0,78.8663668013578,-78.8663668013578,0.0,-824.4875537829464,0.0,0.0,30.408236997902375,0.0,0.0,0.0,0.0,0.0,0.0,0.0,0.0,0.0,0.0,1000.0,0.0,0.0,30.408236997902375,30.408236997902375,1000.0,-1000.0,0.0,129.72784200139841,0.0,0.0,0.0,0.0,0.0,374.3042038038147,195.33232258489514,327.55371407175375,0.1013607899930079,0.0,0.0,-355.9503409436816,489.8117442423047,0.0,0.0,-159.7625602107062,0.0,0.0,0.0,0.0,0.0,0.0,0.0,0.0,0.0,0.0,0.0,0.0,0.0,0.0,0.1013607899930079,0.0,0.0,0.0,1000.0,-1000.0,0.0,0.0,0.0,0.0,-95.00300456824175,8.331856937422344,0.0,0.0,-899.993949518593,-7.602059249475587,-5.0680394996503955,0.0,0.0,0.0,0.0,0.0,0.0,0.0,0.0,0.0,0.0,0.0,0.0,0.0,0.0,0.0,0.0,156.11695630788526,0.0,0.0,0.0,-0.1013607899930079,0.0,0.0,0.1013607899930079,0.0,0.1013607899930079,0.0,0.0,0.0,60.81647399580475,123.66016379146964,123.66016379146964,0.0,0.0,0.0,0.0,0.0,0.0,0.0,386.4129904341189,0.0,195.33232258489514,0.0,0.0,0.0,0.0,0.0,0.0,0.0,0.0,0.0,0.0,0.0,0.0,0.0,0.0,0.0,0.0,0.0,159.7625602107062,0.0,0.0,0.0,0.15204118498951186,0.0,0.0,0.0,-30.408236997902375,0.0,0.0,0.0,0.0,0.0,-247.07169457085183,5.0680394996503955,0.0,0.0,0.0,0.0,-321.5292663136087,-8.331856937422344,0.0,0.0,281.2500000000001,0.0,0.0,0.0,0.0,0.0,0.0,0.0,0.0,0.0,247.07169457085183,0.0,691.1408324355173,0.0,0.0,0.0,0.0,0.0,0.0,0.0,0.0,5.0680394996503955,527.184786811813,0.0,0.0,0.0,-175.58574741348335,0.0,0.0,642.9200916649052,-642.9200916649052,0.0,0.0,0.0,0.0,0.0,898.8722234426709,0.0,123.66016379146964,0.0,-93.75,-93.75,93.75,0.0,0.0,0.0,0.0,0.0,0.0,0.0,0.0,269.8778723192786,-133.8614032986231,0.0,0.0,30.408236997902375,78.8663668013578,0.0,0.0,0.0,111.10984767053628,0.0,0.0,0.1114968689922289,0.0,0.0,0.0,61.83008189573482,0.0,0.0,0.0,0.0,527.923978290057,0.0,0.0,0.0,0.0,0.0,0.0,0.0,0.0,-655.309687916912,0.0,0.010136078999300791,0.010136078999300791,0.0,0.0,0.0,0.0,0.0,0.0,0.0,0.0,0.0,-355.9503409436816,0.0,0.0,0.0,0.0,0.0,247.07169457085183,0.0,0.0,0.0,0.0,0.0,0.0,0.0,0.0,0.0,0.0,0.0,157.7327336027156,1000.0,0.0,0.0,0.0,0.0,0.0,60.8164739958047,0.0,0.0,0.0,0.0,0.0,939.1835260041953,-1000.0,0.0,157.7327336027156,0.0,0.0,0.0,0.0,0.0,0.0,0.0,0.0,0.0,0.0,667.5600420532489,-1000.0,69.43214114521042,-30.408236997902375,0.0,0.0,899.5885063586194,0.0,0.0,0.0,0.0,0.0,0.0,0.0,0.0,0.0,0.0,0.0,0.0,0.0,0.0,0.0,0.0,0.0,-12.670098749125984,0.0,-1000.0,-7.602059249475592,0.0,0.0,0.0,0.0,0.0,0.0,-1.2670098749125989,17.85301381076776,0.0,0.0,0.0,0.0,0.0,0.0,0.0,1000.0,30.408236997902375,30.408236997902375,0.0,0.0,0.0,0.0,0.0,0.1114968689922289,247.07169457085183,0.0,0.0,-899.5885063586194,0.0,0.0,0.0,0.0,0.0,0.0,0.0,0.0,0.0,0.0,0.0,0.0,0.0,0.0,0.0,0.0,0.0,0.0,0.0,106.42882949265831,86.6711476308194,0.0,0.0,0.0,0.0,0.0,247.07169457085183,0.0,0.0,0.0,0.0,0.0,-12.670098749125984,0.0,0.0,0.0,0.0,0.0,0.0,0.0,0.0,0.0,0.0,0.0,0.0,0.0,0.0,0.0,0.0,0.0,0.0,-0.1013607899930079,0.0,0.0,5.0680394996503955,502.52716267338275,0.0,0.0,0.0,0.0,0.0,0.0,0.0,0.0,8.7271640183979,2.5340197498251977,0.0,0.0,0.0,0.1013607899930079,0.0,101.3607899930079,-31.42184489783245,20.272157998601582,0.7240056428071994,282.79660408049205,-0.07602059249475593,776.2557729844866,2.027215799860158,-0.5068039499666384,-282.79660408049205,30.408236997902375,-0.1013607899930079,0.0,129.72784200139841,0.025340197498251976,0.7240056428071994,0.0,-95.00300456824175,-2.027215799860158,-300.0,-0.1013607899930079,0.025340197498251976,-282.79660408049205,10.136078999300791,0.1013607899930079,0.1013607899930079,-246.8588369118666,-78.7548699323655,-26.657175683118822,-0.07602059249475593,30.408236997902375,0.1013607899930079,30.408236997902375,-50.680394996503956,-0.05068039499650395,-189.96666572798983,-170.0,-0.07602059249475593,-0.1013607899930079,-31.42184489783245,0.1013607899930079,10.136078999300791,-2.027215799860158,159.7625602107062,159.7625602107062,-10.136078999300791,300.0,-159.7625602107062,20.272157998601582,0.15204118498951186,-742.3931516715543,10.136078999300791,-240.02626284544348,129.72784200139841,-20.272157998601582,0.05068039499650395,1.013607899930079,141.09798411212114,267.3438525694534,-0.1013607899930079,-269.8778723192786,246.8588369118666,31.42184489783245,0.1013607899930079,95.00300456824175,8.094894009788932,129.72784200139841,-0.1013607899930079,-0.025340197498251976,-129.72784200139841,-0.1013607899930079,111.1027508580358,0.10136078999312159,-0.025340197498251976,-0.025340197498251976,-0.025340197498251976,40.544315997203164,50.680394996503956,1.013607899930079,301.10578266467894,-0.025340197498251976,282.1959682242423,5.0680394996503955,-50.483335929367506,0.1013607899930079,0.05068039499650395,0.05068039499650395,75.0,31.42184489783245,0.1013607899930079,-31.42184489783245,1.013607899930079,0.1013607899930079,-753.1259974219023,0.1013607899930079,0.405443159973629,0.5068039499666384,0.05068039499650395,0.025340197498251976,30.408236997902375,-0.1013607899930079,26.657175683118822,1.013607899930079,-602.2115653293579,773.7217532346614,-10.136078999300791,20.272157998601582,5.0680394996503955,-0.1013607899930079,0.0,0.15204118498951186,-0.1013607899930079,-150.0,31.42184489783245,125.45350968932391,0.05068039499650395,100.96667185873501,-0.1013607899930079,-0.10136078999312159,-0.1013607899930079,0.05068039499650395,282.79660408049205,-20.272157998601582,0.1013607899930079,282.1959682242423,-0.025340197498251976,78.7548699323655,-282.1959682242423,15.204118498951184,170.0,459.2350501159694,282.79660408049205,-0.07602059249475593,269.8778723192786,-267.3438525694534,0.1013607899930079,-0.025340197498251976,5.0680394996503955,101.3607899930079,-0.05068039499650395,-0.1013607899930079,0.025340197498251976,0.0,0.0,442.3424712765578,452.02021475722336,-255.0,0.0,431.53170571273995,-140.0,0.0,289.5856667900724,-255.0,-325.0,-300.0,-144.7928333950362,127.5,127.5,0.0,70.0,-247.07169457085183,-236.56335735986016,300.0,325.0,-236.5633573598602,-431.53170571273995,206.6503663518251,0.0,1496.5981,hplb
183,0.0,0.0,0.0,0.0,0.0,0.0,0.0,0.0,548.34788919131,0.0,0.0,0.0,0.0,0.0,0.0,0.0,-102.7355931277574,61.4633249994273,0.0,0.0,0.0,0.0,0.0,1000.0,0.0,0.0,0.0,0.0,0.0,-897.2644068722426,0.0,0.0,76.36107950438962,0.0,0.0,0.0,0.0,419.2772155507927,0.0,-605.9541349239009,905.4078113760497,0.0,0.0,0.0,0.0,0.0,0.0,0.0,0.0,0.0,0.0,0.0,0.0,0.15523540202559616,0.0,0.0,0.0,28.224618550098185,0.0,0.0,-10.31312494068385,0.0,-599.2879472204663,-615.9464184437729,938.1996026464383,0.0,0.0,0.0,138.92372147352233,0.0,0.0,1.411230927504909,0.0,0.0,0.0,0.0,0.0,0.0,0.0,696.2326358317456,0.0,0.0,0.0,0.0,84.67385565029454,0.0,0.0,-98.52636111655846,0.0,201.47363888344154,503.55868364082716,0.0,0.0,0.0,42.33692782514727,0.0,126.39795708525847,-4.544163586561858,0.0,0.0,0.0,7.056154637524546,-897.2644068722426,0.0,0.0,-60.520100145824486,0.0,413.0539735937239,0.0,0.0,0.0,0.0,0.0,0.0,0.0,0.0,0.0,0.0,0.0,0.0,0.0,0.0,0.0,0.0,-1000.0,0.0,0.0,126.39795708525847,0.0,43.74815875265218,0.0,0.0,756.2925151931621,-756.2925151931621,0.0,0.0,-1000.0,-656.2499999986926,656.2499999986926,993.6546537173773,0.0,0.0,0.0,0.0,0.0,10.866478141787795,0.14112309275049092,503.5939644140148,0.0,0.0,-485.04478910831574,-77.02285937060265,0.0,0.0,0.0,0.0,738.9409029817025,0.0,0.0,0.0,0.0,0.0,-192.2407068054731,-192.2407068054731,0.0,0.0,0.0,-31.250000000000004,0.0,0.0,0.0,-192.09958371272262,0.0,0.0,0.0,-1000.0,-810.9697172476423,0.0,0.0,0.0,0.0,0.0,0.0,0.0,0.0,0.0,-441.5635250354708,0.0,0.0,0.0,0.0,-1000.0,0.0,0.0,0.0,0.0,0.0,0.0,0.0,98.52636111655846,-98.52636111655846,0.0,0.0,0.0,0.0,0.0,0.0,0.0,0.0,-158.79735666499116,0.0,0.0,0.0,0.0,0.0,0.0,0.0,0.0,0.0,0.0,0.0,0.0,0.0,0.0,602.577914839226,1000.0,0.0,0.0,0.0,0.0,155.74656763220042,0.0,0.0,0.0,0.0,-10.31312494068385,1000.0,0.0,0.0,0.0,0.0,0.0,0.0,0.0,0.0,0.0,0.0,84.06102926011118,0.0,98.52636111655846,0.0,0.0,0.0,-1000.0,0.0,0.0,6.345346282622714,0.0,0.0,0.0,0.0,-16.337971125243484,0.0,0.0,-1000.0,0.0,0.0,-1000.0,0.0,0.0,98.52636111655846,0.0,258.5160472325442,0.0,0.0,237.98686114166918,0.0,0.0,0.0,-296.1470565354218,0.0,296.1470565354218,0.0,62.57351648242286,6.345346282622714,0.0,-63.57088917861523,-31.25,0.0,0.0,-10.31312494068385,-0.21168463912573637,0.0,0.0,0.0,0.0,0.14112309275049092,0.0,0.0,0.0,717.8554752825412,-102.7355931277574,0.0,-914.4920548657519,1000.0,810.9697172476423,903.6850407287836,0.0,12.150698285817322,0.0,-60.520100145824486,0.0,0.0,0.0,-12.150698285817322,0.0,0.0,588.9748222797825,-1000.0,0.0,0.0,0.0,0.0,0.0,0.0,0.0,0.0,0.0,0.0,0.0,0.0,0.0,0.0,0.0,0.0,0.0,0.0,0.0,-1000.0,0.0,580.1582920782071,0.0,0.0,0.0,0.0,-10.866478141787795,0.0,0.0,0.0,0.0,0.0,-138.92372147352233,0.0,0.0,0.0,0.0,0.0,0.0,125.95211388129647,-315.9743582698325,0.0,-7.056154637524546,0.0,-3.528077318762273,-7.056154637524546,-108.3117272874851,0.0,0.0,0.0,34.50301862045784,126.39795708525847,0.0,0.0,0.0,0.0,0.0,548.4890122840604,0.0,0.0,0.0,0.0,264.720919134808,0.0,0.0,-254.95534638064646,0.0,0.0,0.0,0.0,0.0,-26.971596163990398,0.0,0.0,128.12072773252453,0.0,0.0,0.0,0.0,-85.88769072495091,0.2822461854999281,0.0,0.0,0.0,0.0,0.0,0.0,0.0,0.0,0.0,0.0,0.0,0.0,0.0,0.0,0.0,0.0,0.0,0.0,0.0,0.15523540202559616,0.15523540202559616,0.0,251.77538144990183,0.0,84.67385565029454,0.0,0.0,0.0,1000.0,0.0,0.0,0.0,0.0,0.0,899.5363669668594,-1000.0,0.0,0.0,0.0,0.0,0.0,128.12072773252453,0.0,0.0,0.0,0.0,0.0,0.0,0.0,333.3333333333333,-717.8554752825412,562.0676484789184,0.0,10.866478141787795,0.0,0.0,0.0,-155.74656763220042,0.0,899.5363669668594,0.0,0.0,813.6486762419086,0.0,0.0,0.0,0.0,0.0,0.0,0.0,0.0,0.0,0.0,0.0,0.0,0.0,0.0,0.0,0.0,84.67385565029454,6.3453462826227,6.345346282622714,0.0,0.0,0.0,0.0,0.0,0.0,0.0,0.0,0.0,0.0,1.411230927504909,0.0,0.0,0.0,0.0,0.0,0.0,0.0,0.0,126.39795708525847,0.0,0.0,0.0,0.0,0.0,0.0,0.0,0.0,0.0,0.0,612.207060008614,0.0,0.0,42.33692782514727,42.33692782514727,1000.0,-1000.0,0.0,128.12072773252453,0.0,0.0,0.0,0.0,0.0,-691.7104154075399,0.0,-673.6084056229153,0.14112309275049092,0.0,0.0,0.0,186.37320441884472,0.0,0.0,0.0,0.0,-6.345346282622714,0.0,0.0,0.0,0.0,0.0,0.0,0.0,0.0,0.0,0.0,0.0,0.0,0.14112309275049092,0.0,0.0,0.0,0.0,0.0,0.0,0.0,0.0,580.1582920782071,0.0,898.3563733020559,0.0,-909.2228514438436,-1000.0,-10.58423195628682,-7.056154637524546,0.0,0.0,0.0,0.0,0.0,0.0,0.0,0.0,0.0,0.0,0.0,0.0,6.3453462826227,810.9697172476423,0.0,0.0,41.55917325798238,0.0,0.0,0.0,548.34788919131,0.0,0.0,0.14112309275049092,0.0,0.14112309275049092,0.0,132.57837519089964,0.0,84.67385565029454,172.17017315559895,172.17017315559895,0.0,0.0,0.0,0.0,0.0,0.0,0.0,562.0676484789184,0.0,0.0,0.0,0.0,0.0,0.0,0.0,0.0,0.0,0.0,0.0,0.0,0.0,0.0,0.0,0.0,0.0,0.0,0.0,155.74656763220042,0.0,-274.70641591732453,274.70641591732453,0.21168463912573637,0.0,0.0,0.0,-126.39795708525847,0.0,0.0,0.0,0.0,0.0,-251.77538144990183,7.056154637524546,0.0,0.0,0.0,31.25,0.0,-11.600318224086404,0.0,0.0,0.0,0.0,0.0,0.0,0.0,0.0,6.3453462826227,0.0,0.0,1000.0,251.77538144990183,0.0,858.8430299288202,-60.520100145824486,0.0,-22.4667963658742,909.2228514438436,-886.7560550779694,0.0,-172.17017315559895,0.0,7.056154637524546,1000.0,0.0,0.0,0.0,-26.971596163990398,0.0,0.0,0.0,0.0,0.0,0.0,0.0,0.0,0.0,703.9231384416594,-283.5280773187623,172.17017315559895,0.0,0.0,0.0,0.0,0.0,0.0,0.0,0.0,0.0,0.0,0.0,0.0,0.0,-186.37320441884472,2.131298147406229,0.0,42.33692782514727,0.0,0.0,0.0,0.0,308.76248512547505,0.0,0.0,0.15523540202559616,0.0,0.0,0.0,86.08508657779944,0.0,0.0,0.0,0.0,602.577914839226,0.0,0.0,0.0,0.0,0.0,0.0,0.0,0.0,-340.8737353021001,0.0,575.8664007468896,0.014112309275049495,0.0,0.0,0.0,0.0,0.0,0.0,0.0,0.0,0.0,0.0,0.0,0.0,0.0,0.0,0.0,251.77538144990183,0.0,0.0,0.0,0.0,0.0,0.0,0.0,0.0,0.0,0.0,0.0,0.0,53.044860977029316,0.0,61.4633249994273,0.0,0.0,0.0,84.67385565029456,0.0,0.0,0.0,0.0,0.0,-120.12853934766137,35.45468369736682,0.0,0.0,0.0,0.0,0.0,0.0,0.0,0.0,0.0,0.0,0.0,0.0,673.6084056229153,-1000.0,96.66931853408633,0.0,-126.39795708525847,0.0,999.4355076289997,0.0,0.0,0.0,0.0,0.0,0.0,0.0,0.0,0.0,0.0,0.0,0.0,0.0,0.0,0.0,0.0,0.0,-17.640386593811364,6.345346282622714,-10.58423195628682,272.94384536247554,0.0,0.0,0.0,0.0,0.0,0.0,-1.7640386593811366,26.971596163990398,0.0,0.0,0.0,0.0,0.0,0.0,0.0,1000.0,42.33692782514727,42.33692782514727,0.0,0.0,0.0,0.0,696.2326358317456,0.15523540202559616,251.77538144990183,0.0,0.0,-999.4355076289997,575.8522884376144,0.0,0.0,0.0,0.0,0.0,0.0,0.0,0.0,0.0,0.0,0.0,0.0,0.0,203.64239555411208,0.0,0.0,0.0,0.0,148.17924738801545,0.0,0.0,10.866478141787795,0.0,0.0,0.0,251.77538144990183,0.0,0.0,0.0,0.0,0.0,-17.640386593811364,0.0,0.0,0.0,0.0,0.0,0.0,0.0,0.0,0.0,0.0,0.0,0.0,0.0,0.0,0.0,0.0,0.0,0.0,-0.14112309275049092,0.0,0.0,7.056154637524546,-899.5363669668594,0.0,0.0,0.0,0.0,6.345346282622714,0.0,0.0,0.0,12.150698285817322,3.528077318762273,0.0,0.0,0.0,0.14112309275049092,0.0,141.1230927504909,-43.74815875265218,28.224618550098178,1.0080220910749351,393.7334287738696,-0.10584231956286819,7.056154637524546,2.8224618550098186,-0.7056154637507468,-393.7334287738696,42.33692782514727,-0.14112309275049092,20.173366715274827,128.12072773252453,0.03528077318762273,1.0080220910749351,-60.520100145824486,-22.4667963658742,-2.8224618550098186,41.2722681283301,-0.14112309275049092,0.03528077318762273,-393.7334287738696,14.112309275049093,0.14112309275049092,0.14112309275049092,-251.47902295512574,0.1552354020255968,-41.208569937691536,-0.10584231956286819,42.33692782514727,0.14112309275049092,126.39795708525847,13.499482884865728,-0.07056154637524546,-576.692132752362,-170.0,-0.10584231956286819,-0.14112309275049092,-43.74815875265218,0.14112309275049092,14.112309275049093,-2.8224618550098186,155.74656763220042,155.74656763220042,-14.112309275049093,-41.2722681283301,-155.74656763220042,28.224618550098185,0.21168463912573637,-76.99720814500279,14.112309275049093,-333.3333333333333,128.12072773252453,-28.224618550098185,0.07056154637524546,1.411230927504909,228.62301371643798,280.0,-0.14112309275049092,-283.5280773187623,251.47902295512574,43.74815875265218,0.14112309275049092,22.4667963658742,-125.28801282817574,128.12072773252453,-0.14112309275049092,-0.03528077318762273,-128.12072773252453,-0.14112309275049092,-85.88769072495091,0.14112309275049092,-0.03528077318762273,-0.03528077318762273,-0.03528077318762273,56.44923710019637,-13.499482884865728,1.411230927504909,104.55457134151646,-0.03528077318762273,437.07266071760114,7.056154637524546,50.0,0.14112309275049092,0.07056154637524546,0.07056154637524546,75.0,43.74815875265218,0.14112309275049092,-43.74815875265218,1.411230927504909,0.14112309275049092,-104.55457134151646,0.14112309275049092,0.5644923710002558,0.7056154637507468,0.07056154637524546,0.03528077318762273,42.33692782514727,-0.14112309275049092,41.208569937691536,1.4112309275049093,-209.10914268303293,3.528077318762273,-14.112309275049093,28.224618550098185,7.056154637524546,-0.14112309275049092,60.520100145824486,0.21168463912573637,-0.14112309275049092,-150.0,43.74815875265218,100.37628190475958,0.07056154637524546,-100.0,-0.14112309275049092,-0.14112309275049092,-0.14112309275049092,0.07056154637524546,393.7334287738696,-28.224618550098185,0.14112309275049092,457.24602743287596,-0.03528077318762273,-0.1552354020255968,-457.24602743287596,21.168463912573635,170.0,-273.72061522286583,393.7334287738696,-0.10584231956286819,283.5280773187623,-280.0,0.14112309275049092,-0.035280773187622724,7.056154637524546,141.1230927504909,-0.07056154637524546,-0.14112309275049092,0.03528077318762273,0.0,0.0,-223.07335340137246,0.0,-255.0,0.0,202.0491265870554,-140.0,0.0,95.19820742077957,-232.4254375390817,-325.0,-300.0,-47.599103710389784,127.5,116.21271876954086,0.0,70.0,-251.77538144990183,-409.13876703023465,300.0,325.0,-409.13876703023465,-202.0491265870554,156.61241507009103,0.0,1496.5981,hplb
184,0.0,0.0,0.0,0.0,0.0,0.0,0.0,0.0,-0.051044888485696806,0.0,0.0,0.0,0.0,0.0,0.0,0.0,919.6281006133165,-478.14913121036557,0.0,-369.05287876283546,0.0,0.0,0.0,0.0,0.0,744.8278081311003,0.0,0.0,0.0,-720.1301870911716,0.0,0.0,84.99957013812484,0.0,0.0,0.0,0.0,-0.20417955394212584,0.0,-1000.0,661.4415663655996,0.0,0.0,768.4176858489363,0.0,0.0,223.7113532616445,0.0,-967.9155993710813,-159.31896604133783,0.0,0.0,0.0,0.05614937733422629,0.0,0.0,0.0,10.20897769713936,0.0,0.0,39.44215142519958,0.0,92.37036238831884,0.0,0.0,0.0,0.0,0.0,0.0,28.9708532595366,0.0,0.5104488848569682,0.0,0.0,0.0,0.0,0.0,0.0,0.0,0.0,0.0,0.0,0.0,0.0,30.626933091418085,0.0,0.0,544.3145943844808,-183.8592148215564,0.0,-0.012761222121424201,0.0,0.0,-490.2485896839044,15.313466545709042,0.0,15.313466545709042,-1.6436454092389567,0.0,0.0,0.0,2.55224442428484,-1000.0,0.0,0.0,-53.87233782634131,0.0,0.0,0.0,0.0,0.0,0.0,0.0,0.0,0.0,0.0,0.0,0.0,0.0,0.0,0.0,0.0,0.0,0.0,-1000.0,0.0,0.0,15.313466545709042,0.0,15.82391543056601,0.0,0.0,-180.88794168420122,180.88794168420122,0.0,0.0,-1000.0,-781.2499999999973,781.2499999999973,868.1874861864816,0.0,0.0,0.0,0.0,0.0,3.9304564133986517,0.051044888485696806,0.0,0.0,0.0,-424.42481728998064,0.0,0.0,0.0,0.0,0.0,33.37623985148989,0.0,0.0,0.0,0.0,0.0,-223.66030837315878,-223.66030837315878,0.0,0.0,0.0,-843.75,-1000.0,0.0,0.0,-223.60926348467308,0.0,0.0,0.0,8.308590166691147,-840.7591777885036,0.0,0.0,0.0,0.0,0.0,0.0,0.0,0.0,0.0,-51.02934111145248,0.0,0.0,0.0,0.0,-1000.0,0.0,0.0,0.0,0.0,0.0,159.31896604133783,0.0,423.6010049866005,-423.6010049866005,102.84166055398182,0.0,0.0,0.0,0.0,0.0,0.0,279.86981290882835,554.815988109681,0.0,0.0,0.0,0.0,0.0,0.0,0.0,0.0,0.0,0.0,0.0,0.0,0.0,0.0,416.9931783211319,768.4176858489363,0.0,0.0,0.0,0.0,-94.03390052122592,0.0,0.0,0.0,0.0,39.44215142519958,0.0,0.0,0.0,0.0,0.0,0.0,0.0,0.0,0.0,0.0,0.0,0.0,0.0,919.5515332805879,312.09131347243084,0.0,0.0,-768.4176858489363,0.0,0.0,131.81251381351842,761.4508256020279,0.0,0.0,0.0,-109.35740204946785,0.0,0.0,-1000.0,0.0,0.0,-1000.0,0.0,0.0,239.7417901650441,0.0,0.0,159.31896604133783,0.0,133.6074788423382,0.0,0.0,0.0,441.0892123911973,0.0,-441.0892123911973,0.0,0.0,28.9708532595366,0.0,0.0,-843.75,0.0,0.0,39.44215142519958,-0.0765673327285452,0.0,0.0,0.0,0.0,0.051044888485696806,0.0,0.0,0.0,975.878773421535,919.6281006133165,0.0,-439.88230347575234,553.9949520173857,840.7591777885036,676.7550329113086,0.0,-1000.0,0.0,-53.87233782634131,0.0,0.0,0.0,-1.698076038171998,598.2514557523488,403.4466202858232,-1000.0,-1000.0,0.0,0.0,0.0,0.0,0.0,0.0,0.0,0.0,0.0,0.0,0.0,0.0,0.0,0.0,0.0,0.0,0.0,-1000.0,0.0,-1000.0,0.0,0.0,0.0,0.0,0.0,0.0,-3.9304564133986517,0.0,0.0,0.0,557.937898096669,0.0,401.74854424765124,-665.3063371758576,-340.9296294486928,0.0,-1000.0,-616.354716050741,-2.55224442428484,-1000.0,-32.81334958892933,665.3063371758576,338.377385024408,1000.0,-1.27612221214242,0.0,0.0,0.0,0.0,1000.0,210.42752461413411,15.313466545709042,0.0,0.0,0.0,0.0,0.0,0.0,0.0,0.0,0.0,0.0,298.663360129202,0.0,0.0,0.0,0.0,0.0,279.86981290882835,0.0,0.0,-52.92821096311926,0.0,0.0,0.0,0.0,0.0,0.0,0.0,-22.745105514557782,0.1020897769714277,0.0,0.0,0.0,0.0,0.0,0.0,0.0,607.5171978930256,0.0,0.0,0.0,0.0,0.0,0.0,0.0,0.0,0.0,0.0,0.0,0.05614937733422629,0.05614937733422629,0.0,125.01584168924282,0.0,30.626933091418085,0.0,0.0,0.0,1000.0,0.0,420.7858099916059,0.0,0.0,0.0,524.1750231744589,-1000.0,0.0,0.0,0.0,0.0,0.0,0.0,0.0,0.0,0.0,0.0,0.0,0.0,0.0,333.3333333333333,-975.878773421535,424.42481728998064,0.0,3.9304564133986517,0.0,-752.0182410434925,261.769651359588,252.96189132683207,0.0,524.1750231744589,0.0,854.5952772801576,-353.1653596202564,0.0,0.0,0.0,0.0,0.0,0.0,0.0,0.0,0.0,0.0,0.0,0.0,0.0,0.0,0.0,0.0,30.626933091418085,131.81251381351842,131.81251381351842,0.0,0.0,0.0,0.0,0.0,0.0,0.0,0.0,0.0,0.0,0.5104488848569682,0.0,0.0,0.0,0.0,0.0,0.0,0.0,0.0,15.313466545709042,0.0,0.0,0.0,0.0,0.0,0.0,0.0,0.0,0.0,0.0,766.657404227569,-154.27165187799957,0.0,15.313466545709042,15.313466545709042,-375.6049846965842,-1000.0,0.0,0.0,0.0,0.0,0.0,0.0,0.0,1000.0,279.86981290882835,989.4446162880486,0.051044888485696806,0.0,0.0,0.0,67.41206737228917,0.0,607.5171978930256,490.2485896839044,0.0,-28.9708532595366,0.0,0.0,0.0,0.0,0.0,0.0,0.0,0.0,0.0,0.0,0.0,0.0,0.051044888485696806,0.0,0.0,0.0,0.0,0.0,0.0,0.0,0.0,0.0,-3.9304564133986517,0.0,0.0,0.0,0.0,-3.8283666364272606,0.0,-2.55224442428484,0.0,-781.25,-781.25,781.25,0.0,0.0,0.0,0.0,0.0,0.0,0.0,131.81251381351842,840.7591777885036,0.0,0.0,212.97976903841897,0.0,0.0,0.0,-0.051044888485696806,0.0,0.0,0.051044888485696806,0.0,0.051044888485696806,0.0,0.0,0.0,30.626933091418085,62.27476395255011,62.27476395255011,0.0,0.0,0.0,0.0,0.0,0.0,0.0,424.42481728998064,0.0,279.86981290882835,0.0,0.0,0.0,2.696888860446456,0.0,0.0,0.0,0.0,0.0,0.0,0.0,0.0,0.0,0.0,0.0,0.0,0.0,8.807760032755903,0.0,-1000.0,1000.0,0.0765673327285452,0.0,0.0,0.0,-15.313466545709042,0.0,0.0,0.0,0.0,0.0,-125.01584168924282,2.55224442428484,0.0,0.0,0.0,843.75,1000.0,0.0,-2.55224442428484,0.0,0.0,0.0,0.0,0.0,0.0,0.0,131.81251381351842,0.0,0.0,525.5317111865941,125.01584168924282,0.0,185.59161447380887,-53.87233782634131,0.0,0.0,0.0,0.0,0.0,699.1760616494778,0.0,2.55224442428484,1000.0,0.0,198.39106358850896,0.0,-52.92821096311926,0.0,0.0,0.0,0.0,0.0,0.0,0.0,0.0,0.0,179.87354943712256,-136.50094159852432,62.27476395255011,0.0,218.74999999999997,218.74999999999997,-218.75,0.0,0.0,0.0,0.0,0.0,0.0,0.0,0.0,0.0,-67.41206737228917,0.0,0.0,15.313466545709042,0.0,0.0,0.0,0.0,-68.2903460856931,0.0,0.0,0.05614937733422629,0.0,0.0,0.0,31.137381976275055,0.0,0.0,0.0,0.0,416.9931783211319,0.0,0.0,0.0,0.0,0.0,0.0,0.0,0.0,0.0,0.0,0.005104488848569681,0.005104488848569681,0.0,0.0,0.0,0.0,0.0,0.0,0.0,0.0,0.0,0.0,0.0,0.0,0.0,0.0,0.0,125.01584168924282,0.0,0.0,0.0,0.0,0.0,0.0,0.0,159.31896604133783,0.0,0.0,0.0,0.0,0.0,502.28772309271625,-478.14913121036557,0.0,0.0,0.0,30.626933091418085,0.0,0.0,0.0,0.0,0.0,0.0,-30.626933091418085,0.0,0.0,0.0,0.0,0.0,0.0,0.0,0.0,0.0,0.0,0.0,0.0,-989.4446162880486,-1000.0,37.66263747314878,0.0,-15.313466545709042,0.0,-0.20417955394212584,0.0,0.0,0.0,0.0,0.0,0.0,0.0,0.0,0.0,0.0,0.0,0.0,0.0,0.0,0.0,0.0,0.0,-6.3806110607121,131.81251381351842,-3.8283666364272606,135.36946382254348,0.0,0.0,0.0,0.0,0.0,625.495206835039,-626.1332679411101,52.92821096311926,0.0,0.0,0.0,0.0,0.0,0.0,0.0,1000.0,15.313466545709042,15.313466545709042,0.0,0.0,0.0,0.0,0.0,0.05614937733422629,125.01584168924282,0.0,0.0,0.20417955394212584,0.0,0.0,0.0,0.0,0.0,0.0,0.0,0.0,0.0,0.0,0.0,0.0,0.0,0.0,127.58609593444987,0.0,0.0,0.0,0.0,53.59713290998165,3.9304564133986517,0.0,0.0,0.0,0.0,0.0,125.01584168924282,0.0,-1.6436454092389567,0.0,0.0,0.0,-6.3806110607121,0.0,0.0,0.0,0.0,0.0,0.0,0.0,0.0,0.0,0.0,0.0,0.0,0.0,0.0,0.0,0.0,0.0,0.0,-0.051044888485696806,0.0,0.0,2.55224442428484,-524.1750231744589,0.0,0.0,0.0,0.0,131.81251381351842,0.0,0.0,0.0,1.698076038171998,1.27612221214242,0.0,0.0,744.8278081311003,0.051044888485696806,0.0,51.0448884856968,-15.82391543056601,10.20897769713936,0.3646063463264057,142.4152388750941,-0.0382836663642726,2.5522444242848494,1.020897769713936,-0.25522444242782266,-142.4152388750941,15.31346654570904,-0.051044888485696806,17.957445942113768,0.0,0.012761222121424201,0.3646063463264057,-53.87233782634131,-8.126346246922449,-1.020897769713936,-72.42609064011549,-0.051044888485696806,0.012761222121424201,-142.4152388750941,5.10448884856968,0.051044888485696806,0.051044888485696806,-124.9086474234229,0.05614937733426649,0.0,-0.0382836663642726,15.313466545709042,0.051044888485696806,15.313466545709042,-25.5224442428484,-0.025522444242848403,74.36843580119273,88.87836678417054,-0.0382836663642726,-0.051044888485696806,-15.82391543056601,0.051044888485696806,5.10448884856968,-1.020897769713936,8.807760032755903,8.807760032755903,-5.10448884856968,72.42609064011549,-8.807760032755903,10.20897769713936,0.0765673327285452,-1000.0,5.10448884856968,-333.3333333333333,0.0,-10.20897769713936,0.025522444242848403,0.5104488848569682,109.97057586893808,135.2248193863822,-0.051044888485696806,-136.50094159852432,124.9086474234229,15.82391543056601,0.051044888485696806,8.126346246922449,-61.25386618283665,0.0,-0.051044888485696806,-0.012761222121424201,0.0,-0.051044888485696806,-22.745105514557782,0.051044888485696806,-0.012761222121424201,-0.012761222121424201,-0.012761222121424201,20.41795539427872,25.5224442428484,0.5104488848569682,37.817881756840464,-0.012761222121424201,201.9837057957624,2.55224442428484,13.924797181563731,0.051044888485696806,0.025522444242848403,0.025522444242848403,-9.38093778119862,15.82391543056601,0.051044888485696806,-15.82391543056601,0.5104488848569682,0.051044888485696806,-37.817881756840464,0.051044888485696806,0.20417955394212584,0.25522444242782266,0.025522444242848403,0.012761222121424201,15.313466545709042,-0.051044888485696785,0.0,0.510448884856968,-75.63576351368093,1.2761222121424112,-5.10448884856968,10.20897769713936,2.55224442428484,-0.051044888485696806,53.87233782634131,0.0765673327285452,-0.051044888485696806,18.76187556239725,15.82391543056601,95.60131751032951,0.025522444242848403,-27.849594363127466,-0.051044888485696806,-0.051044888485696806,-0.051044888485696806,0.025522444242848403,142.4152388750941,-10.20897769713936,0.051044888485696806,219.94115173787617,-0.012761222121424201,-0.05614937733426649,-219.94115173787617,7.65673327285452,-88.87836678417054,582.2995618801458,142.4152388750941,-0.0382836663642726,136.50094159852432,-135.2248193863822,0.051044888485696806,-0.012761222121424203,560.4901425209538,51.0448884856968,-0.025522444242848403,-0.051044888485696806,0.012761222121424201,0.0,0.0,760.2326873907131,0.0,-255.0,0.0,112.8322030334468,-140.0,0.0,-80.0,-255.0,228.62422511903242,-239.7417901650441,40.0,127.5,127.5,0.0,70.0,-125.01584168924282,-27.3109714246364,239.7417901650441,-228.62422511903242,-27.3109714246364,-112.8322030334468,84.49079018385689,0.0,1496.5981,hplb
185,0.0,0.0,0.0,0.0,0.0,0.0,0.0,0.0,-0.11165985107060904,0.0,0.0,0.0,0.0,0.0,0.0,0.0,0.0,0.0,0.0,300.0,0.0,0.0,0.0,792.7700138256384,0.0,0.0,0.0,0.0,0.0,202.21965512679958,0.0,0.0,831.3159883138205,0.0,0.0,0.0,0.0,714.0291231151542,0.0,-1000.0,966.5020446788172,0.0,0.0,0.0,0.0,0.0,0.0,0.0,668.8913012415824,0.0,0.0,781.2499999998449,0.0,0.12282583617797872,0.0,0.0,0.0,22.33197021412181,0.0,0.0,-9.833510884285147,0.0,0.0,-9.833510884285147,0.0,0.0,0.0,0.0,523.4850799901717,272.29990030481235,0.0,1.1165985107060905,0.0,0.0,0.0,0.0,0.0,0.0,0.0,0.0,0.0,0.0,299.38651143237865,0.0,66.99591064236543,0.0,0.0,0.0,0.0,445.8546373938288,525.4371908930901,0.0,0.0,0.0,33.497955321182715,0.0,33.497955321182715,-427.282506823969,0.0,0.0,567.5776600079998,5.5829925535304525,202.21965512679958,0.0,0.0,0.0,0.0,0.0,0.0,0.0,0.0,0.0,0.0,0.0,0.0,0.0,0.0,0.0,0.0,0.0,0.0,0.0,0.0,0.0,-477.71494052430273,0.0,0.0,33.497955321182715,0.0,34.614553831888806,0.0,0.0,-571.7801059995548,0.0,571.7801059995548,-571.7801059995548,882.0483264141213,-93.74999999999662,93.74999999999662,-882.0483264141213,0.0,0.0,0.0,0.0,0.0,-290.78870289994177,0.11165985107060904,525.4651058558578,0.0,0.0,0.0,0.0,0.0,0.0,268.1911485756212,0.0,687.0306144943129,0.0,0.0,0.0,0.0,0.0,999.8883401489294,999.8883401489294,0.0,0.0,0.0,0.0,0.0,0.0,0.0,1000.0,0.0,0.0,0.0,637.9720072101948,0.0,0.0,0.0,0.0,0.0,0.0,0.0,0.0,0.0,0.0,-6.915466776306204,0.0,0.0,0.0,0.0,-512.4628082545182,0.0,0.0,0.0,0.0,0.0,0.0,-781.2499999998449,-412.3586987582625,412.3586987582625,0.0,0.0,0.0,0.0,0.0,0.0,0.0,0.0,71.44455795002352,0.0,0.0,0.0,0.0,0.0,0.0,0.0,0.0,0.0,0.0,0.0,0.0,0.0,37.226816459870484,52.451606227782875,-89.86095636853709,0.0,0.0,0.0,0.0,75.0275115395674,0.0,0.0,0.0,0.0,-9.833510884285147,-89.86095636853709,0.0,0.0,0.0,0.0,0.0,0.0,0.0,0.0,181.56842906158099,0.0,0.0,0.0,-19.10006103824162,393.2586377200206,-524.7173975165251,0.0,89.86095636853709,0.0,0.0,0.0,0.0,0.0,0.0,0.0,-11.25345199039964,0.0,0.0,-540.2876860206213,-1000.0,0.0,459.7123139793784,0.0,1000.0,-412.3586987582625,0.0,0.0,0.0,0.0,236.50347294743187,0.0,0.0,0.0,28.844070603500654,0.0,-28.844070603500654,0.0,999.7766802978588,0.0,0.0,840.2557405120722,0.0,0.0,0.0,-9.833510884285147,-0.16748977660591355,0.0,0.0,0.0,0.0,0.11165985107060904,0.0,0.0,0.0,222.368912332187,0.0,0.0,-1000.0,-100.89124151591727,0.0,1000.0,0.0,0.0,0.0,0.0,0.0,0.0,0.0,-9.613913177179747,9.613913177179747,0.0,-706.4358295328016,-1000.0,0.0,0.0,0.0,0.0,0.0,0.0,0.0,0.0,0.0,0.0,0.0,0.0,0.0,0.0,0.0,0.0,0.0,-285.52423748056367,0.0,-1000.0,268.1911485756212,0.0,605.2554886810756,0.0,0.0,0.0,109.22027383836075,0.0,0.0,0.0,0.0,0.0,11.862555919434044,0.0,0.0,0.0,-544.9615490867855,0.0,574.885132667662,0.0,-150.3499894665751,0.0,-5.5829925535304525,786.7634309412092,-2.7914962767652263,-580.4681252211924,-802.7295331382595,0.0,0.0,0.0,723.2060770990881,33.497955321182715,62.500000000003524,-62.500000000003524,0.0,0.0,0.0,0.0,0.0,-37.226816459870484,37.226816459870484,37.226816459870484,-461.1156412366031,0.0,0.0,0.0,0.0,0.0,0.0,0.0,0.0,-19.667021768570294,0.0,0.0,0.0,0.0,0.0,0.0,0.0,18.953650906600156,0.22331970214129265,0.0,0.0,0.0,0.0,0.0,0.0,0.0,0.0,0.0,640.4651454046482,0.0,0.0,0.0,0.0,0.0,0.0,0.0,0.0,0.0,0.12282583617797872,0.12282583617797872,0.0,242.84185616895655,0.0,66.99591064236543,0.0,0.0,0.0,1000.0,0.0,0.0,0.0,0.0,0.0,170.5029577673218,-1000.0,0.0,0.0,0.0,0.0,0.0,0.0,0.0,0.0,0.0,0.0,0.0,0.0,0.0,159.2383135081009,-222.368912332187,0.0,0.0,8.597808532436892,0.0,0.0,0.0,-75.0275115395674,0.0,170.5029577673218,0.0,189.45660867392195,0.0,0.0,0.0,37.226816459870484,0.0,0.0,0.0,0.0,0.0,0.0,0.0,0.0,0.0,0.0,0.0,0.0,0.0,66.99591064236543,0.0,0.0,0.0,0.0,0.0,0.0,0.0,0.0,0.0,0.0,0.0,0.0,1.1165985107060905,0.0,0.0,0.0,0.0,0.0,-781.2499999998449,0.0,0.0,33.497955321182715,0.0,0.0,0.0,0.0,0.0,0.0,0.0,0.0,0.0,0.0,1000.0,646.8076175391222,0.0,33.497955321182715,33.497955321182715,217.26599045202852,-1000.0,0.0,0.0,0.0,0.0,0.0,0.0,0.0,-495.783825593998,0.0,-483.1346254652158,0.1116598510706126,0.0,0.0,-466.8460808596633,614.3088656056983,693.7836710224813,0.0,0.0,0.0,0.0,0.0,0.0,0.0,0.0,0.0,0.0,0.0,0.0,0.0,0.0,0.0,0.0,0.11165985107060904,0.0,0.0,0.0,0.0,0.0,0.0,0.0,0.0,0.0,0.0,1000.0,0.0,0.0,-1000.0,-8.374488830295679,-5.5829925535304525,0.0,0.0,0.0,0.0,0.0,0.0,0.0,0.0,0.0,0.0,0.0,0.0,0.0,0.0,0.0,0.0,728.7890696526185,0.0,0.0,0.0,-0.11165985107060904,0.0,0.0,0.11165985107060904,0.0,0.11165985107060904,0.0,155.31983489033587,0.0,66.99591064236543,136.22501830614306,136.22501830614306,0.0,0.0,0.0,0.0,0.0,0.0,0.0,0.0,0.0,0.0,0.0,0.0,0.0,0.0,0.0,0.0,0.0,0.0,0.0,0.0,0.0,0.0,0.0,0.0,0.0,0.0,0.0,75.0275115395674,0.0,0.0,0.0,0.16748977660591355,0.0,0.0,0.0,-33.497955321182715,0.0,0.0,0.0,0.0,0.0,-242.84185616895655,5.5829925535304525,0.0,0.0,0.0,0.0,0.0,0.0,0.0,0.0,0.0,0.0,0.0,0.0,0.0,0.0,0.0,0.0,0.0,0.0,205.61503970908606,0.0,302.66802978587816,693.7836710224813,285.52423748056367,109.22027383836075,0.0,-394.7445113189244,268.1911485756212,-136.22501830614306,0.0,5.5829925535304525,566.0228228289711,0.0,0.0,0.0,-19.667021768570294,0.0,0.0,0.0,0.0,0.0,0.0,0.0,0.0,0.0,258.13181177555845,-267.9653226598436,136.22501830614306,0.0,0.0,0.0,0.0,0.0,0.0,0.0,0.0,0.0,181.56842906158099,0.0,0.0,0.0,-787.9279301506832,-317.6241309200249,0.0,33.497955321182715,0.0,0.0,0.0,0.0,357.87437469423264,0.0,0.0,0.12282583617797872,0.0,0.0,0.0,68.11250915307153,0.0,0.0,0.0,0.0,52.451606227782875,0.0,0.0,0.0,0.0,0.0,0.0,0.0,0.0,-1000.0,0.0,0.011165985107060905,0.011165985107060905,0.0,0.0,0.0,0.0,0.0,0.0,0.0,0.0,0.0,-466.8460808596633,0.0,0.0,0.0,0.0,0.0,242.84185616895655,0.0,0.0,0.0,0.0,0.0,0.0,0.0,0.0,0.0,0.0,0.0,0.0,187.6413012417375,0.0,0.0,0.0,0.0,0.0,66.99591064236543,0.0,0.0,0.0,0.0,0.0,-182.0084332622915,115.01252261992607,0.0,0.0,0.0,0.0,0.0,0.0,0.0,0.0,0.0,0.0,0.0,0.0,483.1346254652158,-1000.0,76.48699798336719,-1000.0,966.5020446788172,0.0,714.0291231151542,0.0,0.0,0.0,0.0,0.0,0.0,0.0,0.0,0.0,687.5,0.0,-687.5,-687.5,0.0,0.0,0.0,0.0,-13.957481383826131,0.0,-8.374488830295679,259.5908338295479,0.0,0.0,0.0,0.0,0.0,0.0,-1.3957481383826131,287.8581703441915,0.0,0.0,0.0,0.0,0.0,0.0,0.0,1000.0,33.497955321182715,33.497955321182715,0.0,0.0,0.0,0.0,0.0,0.12282583617797872,242.84185616895655,0.0,0.0,-714.0291231151542,0.0,0.0,0.0,0.0,0.0,0.0,0.0,0.0,0.0,0.0,0.0,0.0,0.0,0.0,77.65991744516793,0.0,0.0,0.0,0.0,117.24284362413952,8.597808532436892,0.0,0.0,0.0,0.0,0.0,242.84185616895655,0.0,172.38998930357616,0.0,0.0,0.0,-13.957481383826131,0.0,0.0,0.0,0.0,0.0,0.0,0.0,0.0,0.0,0.0,0.0,0.0,0.0,0.0,0.0,0.0,0.0,0.0,-0.11165985107060904,0.0,0.0,5.5829925535304525,-170.5029577673218,0.0,0.0,0.0,0.0,0.0,0.0,0.0,0.0,9.613913177179747,2.7914962767652263,0.0,0.0,0.0,0.11165985107060904,0.0,111.65985107060904,-34.614553831888806,22.33197021412181,0.7975703647900646,311.5309844869993,-0.08374488830295677,5.5829925535304525,2.233197021412181,-0.558299255352722,-311.5309844869993,33.497955321182715,-0.11165985107060905,0.0,0.0,0.027914962767652263,0.7975703647900646,0.0,-17.776248290441742,-2.233197021412181,-300.0,-0.11165985107060905,0.027914962767652263,-311.5309844869993,207.00666647222033,0.11165985107060905,0.11165985107060904,-242.60737048170796,0.12282583617766996,-118.57866638473922,-0.08374488830295677,33.497955321182715,0.11165985107060905,33.497955321182715,-55.829925535304525,-0.055829925535304525,-568.4519481095737,-86.30515649769892,-0.08374488830295679,-0.11165985107060905,-34.614553831888806,0.11165985107060904,11.165985107060905,-2.233197021412181,75.0275115395674,75.0275115395674,-11.16598510706092,300.0,-75.0275115395674,22.33197021412181,0.16748977660591355,-289.00727157486,11.165985107060905,-159.2383135081009,0.0,-22.33197021412181,0.05582992553530452,1.1165985107060905,250.0,227.94700992320787,-0.11165985107060904,-267.9653226598436,242.60737048170796,34.614553831888806,0.11165985107060905,17.776248290441742,-329.8325026498906,0.0,-0.11165985107060904,-0.027914962767652263,0.0,-0.11165985107060905,18.953650906600156,0.11165985107083642,-0.027914962767652263,-0.027914962767652263,-0.027914962767652263,44.66394042824362,55.829925535304525,1.1165985107060905,315.1195964896706,-0.027914962767652263,500.0,5.5829925535304525,-3.8938328997696257,0.11165985107060904,0.05582992553530452,0.055829925535304525,11.165985107060905,34.614553831888806,0.11165985107060904,-34.614553831888806,1.1165985107060905,0.11165985107060905,-779.9068051451352,0.11165985107060905,0.4466394042820845,0.558299255352722,0.055829925535304525,0.027914962767652263,33.497955321182715,-0.11165985107060905,118.57866638473922,1.1165985107060905,-630.2391929793412,2.7914962767652263,-11.165985107060905,22.33197021412181,5.5829925535304525,-0.11165985107060905,0.0,0.16748977660591355,-0.11165985107060905,-22.33197021412181,34.614553831888806,-65.06237823584195,0.055829925535304525,7.787665799539255,-0.11165985107060905,-0.11165985107083642,-0.11165985107060902,0.055829925535304525,311.5309844869993,-22.33197021412181,0.11165985107060904,500.0,-0.027914962767652263,-0.12282583617766996,-500.0,16.748977660591354,86.30515649769892,68.57505359442524,311.5309844869993,-0.08374488830295679,267.9653226598436,-227.94700992320787,0.11165985107060905,-0.027914962767652277,5.5829925535304525,111.65985107060904,-0.05582992553530452,-0.11165985107060905,0.027914962767652263,0.0,0.0,255.4555030137584,464.7872086554646,-255.0,0.0,78.45899764657479,-140.0,195.8406813651594,-80.0,-255.0,-325.0,-33.495938635566276,40.0,127.5,127.5,-195.8406813651594,70.0,-242.84185616895655,-292.8119964583907,33.495938635566276,325.0,-292.8119964583907,-78.45899764657479,198.56275759470225,0.0,1496.5981,hplb
186,0.0,0.0,0.0,0.0,0.0,0.0,0.0,0.0,-0.13673524810561113,0.0,0.0,0.0,0.0,0.0,0.0,0.0,0.0,428.2212642897057,0.0,-266.45312695533346,0.0,0.0,0.0,345.7240328311607,0.0,0.0,0.0,0.0,0.0,852.9403983494507,0.0,0.0,218.44343134628352,0.0,0.0,0.0,0.0,0.0,0.0,-1000.0,958.9794255683166,0.0,0.0,0.0,0.0,0.0,373.05107470163716,0.0,-733.5468730446665,-234.2916245146675,0.0,0.0,0.0,0.1504087729163446,0.0,0.0,0.0,27.347049621122228,0.0,0.0,-12.041817516500679,0.0,0.0,-12.041817516500679,0.0,0.0,0.0,0.0,0.0,321.06711716686124,0.0,1.3673524810561115,0.0,0.0,0.0,0.0,0.0,0.0,0.0,720.3075800755092,0.0,0.0,-68.82181567528464,0.0,82.04114886336669,0.0,0.0,0.0,-104.68498962096118,85.49497692258316,-0.034183812026402784,0.0,0.0,1000.0,41.02057443168334,0.0,41.02057443168334,0.0,0.0,0.0,0.0,6.836762405280557,852.9403983494507,0.0,0.0,0.0,786.759958219497,0.0,0.0,0.0,0.0,0.0,0.0,0.0,0.0,0.0,0.0,0.0,0.0,0.0,0.0,0.0,0.0,0.0,-589.7721166411129,0.0,0.0,41.02057443168334,0.0,42.38792691273945,39.875582283850775,0.0,0.0,0.0,0.0,0.0,0.0,0.0,0.0,0.0,0.0,0.0,0.0,0.0,0.0,79.3504297794167,0.13673524810561113,0.0,0.0,0.0,-1000.0,213.24004178050302,0.0,0.0,68.82181567528464,0.0,941.2990318162024,0.0,0.0,0.0,0.0,0.0,574.0332153701193,574.0332153701193,0.0,0.0,0.0,31.250000000000004,42.15548242224417,0.0,0.0,574.1699506182249,0.0,0.0,0.0,0.0,-333.40575862084165,0.0,0.0,0.0,0.0,0.0,0.0,0.0,0.0,0.0,-92.76871546018039,0.0,0.0,0.0,0.0,-1000.0,0.0,0.0,0.0,0.0,0.0,234.2916245146675,0.0,104.68498962096118,-104.68498962096118,0.0,0.0,0.0,0.0,0.0,0.0,0.0,0.0,0.0,0.0,0.0,0.0,0.0,0.0,0.0,0.0,0.0,0.0,0.0,0.0,0.0,0.0,0.0,1.6955339797665943,-119.39352530478413,0.0,0.0,0.0,0.0,89.61927902884119,0.0,0.0,0.0,0.0,-12.041817516500679,-119.39352530478413,0.0,0.0,392.308786745875,0.0,0.0,0.0,0.0,0.0,496.9332192465865,0.0,0.0,0.0,0.0,-209.36997924192235,-628.8618834237054,0.0,119.39352530478413,0.0,0.0,0.0,640.328971862067,0.0,0.0,0.0,103.3651781690902,0.0,0.0,172.7351701432358,607.7385615592957,0.0,-435.0033914160599,0.0,-607.7385615592957,0.0,0.0,1000.0,234.2916245146675,0.0,371.6232277535154,0.0,0.0,0.0,-1000.0,0.0,1000.0,0.0,946.9475548236509,0.0,0.0,0.0,31.25,0.0,0.0,-12.041817516500679,-0.20510287215841672,0.0,0.0,0.0,0.0,0.13673524810561113,0.0,0.0,0.0,372.426927292889,0.0,0.0,-1000.0,326.7257041721272,333.40575862084165,1000.0,0.0,-490.1240728963591,0.0,0.0,0.0,0.0,0.0,248.13347874346707,760.9894982994097,-518.9989041465176,-1000.0,-1000.0,0.0,0.0,0.0,0.0,0.0,0.0,0.0,0.0,0.0,0.0,0.0,0.0,0.0,0.0,0.0,0.0,392.308786745875,-999.453059007578,0.0,-1000.0,68.82181567528464,0.0,492.5303442575859,0.0,0.0,0.0,-576.2836490260032,0.0,0.0,0.0,581.7494536327023,0.0,-760.9894982994097,0.0,107.06276910578552,0.0,0.0,0.0,0.0,-846.1169864345427,339.34604176879236,0.0,-113.89953151106607,1000.0,-3.4183812026402784,-6.836762405280557,-289.63472205183075,0.0,0.0,270.0394368876394,232.189205898214,41.02057443168334,0.0,0.0,0.0,0.0,0.0,0.0,0.0,0.0,0.0,0.0,146.1876700494601,0.0,0.0,0.0,0.0,0.0,0.0,0.0,0.0,-24.083635033001357,0.0,0.0,0.0,0.0,0.0,0.0,0.0,-39.32504045191675,0.2734704962112225,0.0,0.0,0.0,0.0,0.0,0.0,0.0,0.0,0.0,0.0,0.0,0.0,0.0,0.0,0.0,0.0,0.0,0.0,0.0,0.1504087729163446,0.1504087729163446,0.0,252.65295037887776,0.0,82.04114886336669,0.0,0.0,0.0,0.0,0.0,0.0,0.0,0.0,0.0,826.7819172594652,0.0,0.0,0.0,0.0,0.0,0.0,0.0,0.0,0.0,0.0,0.0,0.0,0.0,0.0,196.59070554703763,-372.426927292889,0.0,0.0,10.528614104132057,0.0,910.3807209711588,89.61927902884119,0.0,0.0,826.7819172594652,0.0,787.4568768075483,0.0,0.0,0.0,0.0,0.0,0.0,0.0,0.0,0.0,0.0,0.0,0.0,0.0,0.0,0.0,0.0,0.0,82.04114886336669,0.0,0.0,0.0,0.0,0.0,0.0,0.0,0.0,0.0,0.0,0.0,0.0,1.3673524810561115,0.0,0.0,0.0,0.0,0.0,0.0,0.0,0.0,41.02057443168334,0.0,0.0,0.0,0.0,0.0,0.0,0.0,0.0,0.0,0.0,1000.0,-12.804965940302282,0.0,41.02057443168334,41.02057443168334,280.56104436567637,0.0,0.0,0.0,0.0,0.0,0.0,0.0,0.0,128.1938955758235,0.0,260.8295325227209,0.13673524810561113,0.0,0.0,0.0,21.076099594928664,81.4652803294177,0.0,-1000.0,0.0,0.0,0.0,0.0,0.0,0.0,0.0,0.0,0.0,0.0,0.0,0.0,0.0,0.0,0.13673524810561113,0.0,0.0,0.0,0.0,0.0,0.0,0.0,0.0,0.0,0.0,0.0,0.0,-83.75330476841728,-0.5469409924220372,-10.255143607920836,-6.836762405280581,0.0,0.0,0.0,0.0,0.0,0.0,0.0,0.0,0.0,0.0,0.0,0.0,0.0,333.40575862084165,0.0,0.0,239.02596830349455,0.0,0.0,0.0,-0.13673524810561113,0.0,0.0,0.13673524810561113,0.0,0.13673524810561113,0.0,321.06711716686124,0.0,82.04114886336669,166.81700268884558,166.81700268884558,0.0,0.0,0.0,0.0,0.0,0.0,0.0,0.0,0.0,0.0,0.0,0.0,0.0,259.90638360536036,0.0,0.0,0.0,0.0,0.0,0.0,0.0,0.0,0.0,0.0,0.0,0.0,0.0,89.61927902884119,0.0,0.0,0.0,0.20510287215841672,0.0,0.0,0.0,-41.02057443168334,0.0,0.0,0.0,0.0,0.0,-252.65295037887776,6.836762405280557,0.0,0.0,0.0,-31.25,-42.15548242224417,712.88806538822,0.0,0.0,0.0,0.0,0.0,0.0,0.0,0.0,0.0,0.0,0.0,-102.42424496914347,252.65295037887776,0.0,297.6529503788778,81.4652803294177,0.0,136.60441636221677,83.75330476841728,-220.35772113063405,68.82181567528464,473.51196917322136,0.0,6.836762405280557,781.122406890905,0.0,0.0,0.0,-24.083635033001357,0.0,0.0,0.0,0.0,0.0,0.0,0.0,0.0,0.0,72.25842824433875,0.0,166.81700268884558,0.0,0.0,0.0,0.0,0.0,0.0,0.0,0.0,0.0,496.9332192465865,0.0,0.0,283.4183812026402,-21.076099594928664,357.25372160074625,0.0,41.02057443168334,0.0,0.0,0.0,0.0,276.77983214652727,0.0,0.0,0.1504087729163446,0.0,0.0,0.0,83.40850134442279,0.0,0.0,0.0,0.0,1.6955339797665943,0.0,786.759958219497,0.0,0.0,0.0,0.0,0.0,0.0,-1000.0,0.0,0.013673524810561114,0.013673524810561114,0.0,0.0,0.0,0.0,0.0,0.0,0.0,0.0,0.0,0.0,0.0,0.0,0.0,0.0,0.0,252.65295037887776,0.0,0.0,0.0,0.0,0.0,0.0,0.0,234.2916245146675,0.0,0.0,0.0,0.0,0.0,0.0,428.2212642897057,0.0,0.0,0.0,82.04114886336669,0.0,0.0,0.0,0.0,0.0,0.0,-82.04114886336669,0.0,0.0,0.0,0.0,0.0,0.0,0.0,0.0,0.0,0.0,0.0,0.0,-260.8295325227209,-18.865706074725836,353.57002855770395,-41.02057443168334,0.0,0.0,0.0,0.0,0.0,0.0,0.0,0.0,0.0,0.0,0.0,0.0,0.0,0.0,0.0,0.0,0.0,0.0,0.0,0.0,-17.091906013201417,0.0,-10.255143607920836,249.65123999743952,0.0,0.0,0.0,0.0,0.0,0.0,-1.7091906013201394,92.905450708286,0.0,0.0,0.0,0.0,0.0,0.0,0.0,1000.0,41.02057443168334,41.02057443168334,0.0,0.0,0.0,0.0,720.3075800755092,0.1504087729163446,252.65295037887776,0.0,0.0,0.0,0.0,0.0,0.0,0.0,0.0,0.0,0.0,0.0,0.0,0.0,0.0,0.0,0.0,0.0,160.53355858343062,0.0,0.0,39.875582283850775,0.0,143.5720105108917,10.528614104132057,0.0,0.0,0.0,0.0,0.0,252.65295037887776,0.0,-227.1944835359146,0.0,0.0,0.0,-17.091906013201417,0.0,0.0,0.0,0.0,0.0,0.0,0.0,0.0,0.0,0.0,0.0,0.0,0.0,0.0,0.0,0.0,0.0,0.0,-0.13673524810561113,0.0,0.0,6.836762405280557,-826.7819172594652,0.0,0.0,0.0,0.0,0.0,0.0,0.0,0.0,-248.13347874346707,3.4183812026402784,0.0,0.0,0.0,0.13673524810561113,0.0,136.73524810561113,-2.512344628888684,27.347049621122228,0.9766803436115081,461.2425067823566,-0.10255143607920836,6.8367624052805525,2.734704962112223,-0.6836762405276483,-461.2425067823566,41.02057443168334,-0.13673524810561113,0.0,0.0,0.034183812026402784,0.9766803436115081,0.0,-21.768251498413193,-2.734704962112223,-161.76813733437223,-0.13673524810561113,0.034183812026402784,-461.2425067823566,13.673524810561114,0.13673524810561113,0.13673524810561113,-252.3658063578558,0.15040877291617225,-176.30319146878253,-0.10255143607920836,41.02057443168334,0.13673524810561113,41.02057443168334,-68.36762405280557,-0.06836762405280557,-764.9958403474199,-103.42953908750792,-0.10255143607920836,-0.13673524810561108,-2.512344628888684,0.13673524810561113,13.673524810561114,-2.734704962112223,89.61927902884119,89.61927902884119,-13.673524810561114,161.76813733437223,-89.61927902884119,27.347049621122228,0.20510287215841672,-288.7463760212917,13.673524810561114,-196.59070554703763,0.0,-27.347049621122228,0.06836762405280557,1.3673524810561115,250.0,280.0,-0.13673524810561113,-283.4183812026402,252.3658063578558,42.38792691273945,0.13673524810561113,21.768251498413193,-164.0822977267333,0.0,-0.13673524810561113,-0.034183812026402784,0.0,-0.13673524810561113,-826.0849986714137,0.1367352481056514,-0.034183812026402784,-0.034183812026402784,-0.034183812026402784,54.694099242244455,68.36762405280557,1.3673524810561115,143.94866396545646,-0.034183812026402784,500.0,6.836762405280557,26.49928263123893,0.13673524810561113,0.06836762405280557,0.06836762405280557,13.673524810561114,2.512344628888684,0.13673524810561113,-2.512344628888684,1.3673524810561115,0.13673524810561113,-229.2385380158812,0.13673524810561113,0.5469409924220372,0.6836762405276483,0.06836762405280557,0.034183812026402784,41.02057443168334,-0.13673524810561113,176.30319146878253,1.3673524810561115,-287.8973279309129,3.4183812026402833,-13.673524810561114,27.347049621122228,6.836762405280557,-0.13673524810561113,0.0,0.20510287215841672,-0.13673524810561113,-27.347049621122224,2.512344628888684,85.00336163820947,0.06836762405280557,-52.99856526247786,-0.13673524810561113,-0.1367352481056514,-0.13673524810561116,0.06836762405280554,461.2425067823566,-27.347049621122228,0.13673524810561113,500.0,-0.034183812026402784,-0.15040877291617225,-500.0,20.510287215841668,103.42953908750792,0.0,461.2425067823566,-0.10255143607920836,283.4183812026402,-280.0,0.13673524810561113,-0.03418381202640278,588.5862160379828,136.73524810561113,-0.06836762405280557,-0.13673524810561113,0.034183812026402784,0.0,0.0,203.18303147465576,85.28987405042474,-255.0,0.0,125.61003036454125,-140.0,0.0,89.63113138698282,-255.0,-325.0,-85.49497692258316,-44.81556569349141,127.5,127.5,0.0,70.0,-252.65295037887776,-361.78319378473674,85.49497692258316,325.0,-361.78319378473674,-125.61003036454125,138.0094016403567,0.0,1496.5981,hplb
187,0.0,0.0,0.0,0.0,0.0,0.0,0.0,0.0,-0.1580961144097074,0.0,0.0,0.0,0.0,0.0,0.0,0.0,0.0,0.0,0.0,164.57822097653712,0.0,0.0,0.0,0.0,0.0,0.0,0.0,0.0,0.0,164.57822097653712,0.0,0.0,94.59737675321354,0.0,0.0,0.0,0.0,568.6898195214277,0.0,-1000.0,921.1755361782939,0.0,-511.0194281204264,-917.4160312518628,0.0,0.0,0.0,0.0,-675.5976490969636,0.0,0.0,0.0,0.0,0.17390572584951236,0.0,0.0,0.0,0.0,0.0,0.0,-13.922997809014115,0.0,2.831966573714734,-11.09103123529951,1000.0,0.0,0.0,0.0,186.53140108622173,623.0677740966453,0.0,1.580961144097074,0.0,0.0,0.0,0.0,0.0,0.0,0.0,0.0,0.0,0.0,0.0,0.0,94.85766864582442,0.0,0.0,584.5475839274802,-630.3218394817098,885.9501256277304,-0.03952402860242685,0.0,0.0,92.36157902507304,47.42883432291221,0.0,47.42883432291221,-5.09069488399075,0.0,0.0,0.0,7.904805720485369,-15.994554535881264,0.0,0.0,-41.90869911833309,0.0,802.1037362222646,0.0,0.0,0.0,0.0,0.0,0.0,0.0,0.0,0.0,0.0,0.0,0.0,0.0,0.0,0.0,0.0,-683.4499832380011,0.0,0.0,47.42883432291221,0.0,49.00979546700928,4.596919855021696,0.0,-720.5654084310621,0.0,720.5654084310621,-720.5654084310621,-247.68695148079814,-406.24999999999693,406.24999999999693,247.68695148079814,0.0,0.0,0.0,0.0,0.0,12.173400809547466,0.1580961144097074,0.0,0.0,0.0,0.0,-706.6192228819415,0.0,0.0,0.0,0.0,849.0218861042949,0.0,0.0,0.0,0.0,0.0,319.7909045083147,319.7909045083147,0.0,0.0,0.0,718.75,0.0,0.0,0.0,319.94900062272444,0.0,0.0,0.0,-23.712837706848404,0.0,0.0,0.0,0.0,0.0,0.0,0.0,0.0,0.0,0.0,-9.791419352442004,0.0,0.0,0.0,0.0,-1000.0,0.0,0.0,0.0,0.0,0.0,0.0,511.0194281204264,-255.6282861460205,255.6282861460205,0.0,0.0,0.0,0.0,0.0,0.0,0.0,180.5727755124184,-19.76201430121342,0.0,0.0,0.0,0.0,0.0,0.0,0.0,0.0,0.0,0.0,0.0,0.0,0.0,0.0,669.8576686458244,0.0,0.0,0.0,0.0,0.0,154.03229244461954,0.0,0.0,0.0,0.0,-13.922997809014115,917.4160312518628,0.0,0.0,0.0,0.0,0.0,0.0,0.0,0.0,0.0,31.619222881941475,0.0,0.0,885.7129814561158,0.0,164.34107680492264,0.0,0.0,0.0,0.0,0.0,0.0,0.0,0.0,0.0,-106.2198411534672,0.0,0.0,0.0,0.0,1000.0,-1000.0,1000.0,0.0,-885.9501256277304,0.0,0.0,0.0,0.0,296.2497064685074,0.0,0.0,0.0,-85.36507770490994,0.0,85.36507770490994,0.0,1000.0,0.0,0.0,0.0,718.75,0.0,0.0,-13.922997809014115,-0.23714417161456106,0.0,0.0,0.0,0.0,0.1580961144097074,0.0,0.0,0.0,798.5388732324682,0.0,0.0,-1000.0,634.0919593533572,0.0,905.9116713268253,0.0,-250.9232941242006,0.0,-41.90869911833309,0.0,0.0,0.0,740.7466342198584,-489.8233400956578,0.0,0.0,-1000.0,0.0,0.0,0.0,0.0,0.0,0.0,0.0,0.0,0.0,0.0,0.0,0.0,0.0,0.0,0.0,0.0,0.0,1000.0,0.0,430.67779602093395,0.0,0.0,0.0,0.0,0.0,0.0,569.322203979066,0.0,0.0,0.0,0.0,0.0,303.29193900943613,0.0,0.0,0.0,0.0,0.0,0.0,-967.235127723204,0.0,0.0,-7.904805720485369,345.2289560249088,-3.9524028602426844,-7.904805720485369,-1000.0,0.0,887.4094763289755,464.989768470111,0.0,47.42883432291221,0.0,0.0,0.0,679.4201978866832,0.0,0.0,0.0,0.0,0.0,0.0,-414.13072165029166,0.0,0.0,-680.3671916060949,0.0,0.0,180.5727755124184,0.0,0.0,-27.84599561802823,0.0,0.0,62.692699174381005,0.0,0.0,0.0,0.0,-84.19038855902926,0.31619222881900555,0.0,0.0,0.0,0.0,0.0,0.0,0.0,0.0,0.0,809.599175182867,0.0,0.0,0.0,0.0,0.0,0.0,0.0,0.0,0.0,0.17390572584951236,0.17390572584951236,0.0,235.79853069723077,0.0,94.85766864582442,0.0,0.0,0.0,-409.8873720274406,0.0,0.0,0.0,0.0,0.0,380.23919435269346,409.8873720274406,0.0,0.0,0.0,0.0,0.0,62.692699174381005,0.0,0.0,0.0,0.0,0.0,0.0,0.0,227.8166610793337,-798.5388732324682,706.6192228819415,0.0,12.173400809547466,0.0,92.36157902507304,0.0,-154.03229244461954,0.0,380.23919435269346,0.0,0.0,296.0488057936642,0.0,0.0,0.0,0.0,0.0,0.0,0.0,0.0,0.0,0.0,0.0,0.0,0.0,0.0,0.0,0.0,94.85766864582442,0.0,0.0,0.0,0.0,0.0,0.0,0.0,0.0,0.0,0.0,0.0,0.0,1.580961144097074,0.0,0.0,0.0,0.0,0.0,511.0194281204264,0.0,0.0,47.42883432291221,0.0,0.0,0.0,0.0,0.0,0.0,0.0,0.0,0.0,0.0,0.0,811.9050017013005,0.0,47.42883432291221,47.42883432291221,1000.0,409.8873720274406,0.0,62.692699174381005,0.0,0.0,0.0,0.0,0.0,-884.6665123332527,180.5727755124184,-957.0432452620827,0.1580961144097074,0.0,0.0,0.0,190.40082481713296,0.0,0.0,-92.36157902507304,0.0,0.0,0.0,0.0,0.0,0.0,0.0,0.0,0.0,0.0,0.0,0.0,0.0,0.0,0.1580961144097074,0.0,0.0,0.0,0.0,0.0,0.0,0.0,0.0,0.0,0.0,1000.0,0.0,0.0,-1000.0,-11.857208580728052,-7.427578359981654,-0.47722736050371495,0.0,0.0,0.0,0.0,0.0,0.0,0.0,0.0,0.0,0.0,0.0,0.0,0.0,0.0,0.0,895.3142820494609,0.0,0.0,0.0,-0.1580961144097074,0.0,0.0,0.1580961144097074,0.0,0.1580961144097074,0.0,0.0,0.0,94.85766864582442,192.87725957984298,192.87725957984298,0.0,0.0,0.0,0.0,0.0,0.0,0.0,706.6192228819415,0.0,180.5727755124184,0.0,0.0,754.358709670533,0.0,0.0,0.0,0.0,0.0,0.0,0.0,0.0,0.0,0.0,0.0,0.0,0.0,0.0,154.03229244461954,0.0,0.0,0.0,0.23714417161456106,0.0,0.0,0.0,-47.42883432291221,0.0,0.0,0.0,0.0,0.0,-235.79853069723077,7.904805720485369,0.0,0.0,0.0,-718.75,0.0,-911.2345274127081,-0.47722736050371495,0.0,0.0,0.0,0.0,0.0,0.0,0.0,0.0,0.0,0.0,0.0,235.79853069723077,0.0,1000.0,-41.90869911833309,430.67779602093395,-341.9123234336421,0.0,-88.76547258729192,0.0,-192.87725957984298,0.0,7.904805720485369,376.34980202518904,0.0,0.0,0.0,-27.84599561802823,0.0,0.0,0.0,0.0,0.0,-581.4956047886135,0.0,0.0,0.0,-13.922997809014115,0.0,192.87725957984298,0.0,0.0,0.0,0.0,0.0,0.0,0.0,0.0,0.0,0.0,0.0,0.0,271.3701564394149,-1000.0,-522.0865932773802,-511.0194281204264,47.42883432291221,0.0,0.0,0.0,0.0,337.32315868362656,0.0,0.0,0.17390572584951236,0.0,0.0,0.0,96.43862978992149,0.0,0.0,0.0,0.0,669.8576686458244,0.0,0.0,0.0,0.0,0.0,0.0,0.0,0.0,0.0,0.0,0.01580961144097075,0.01580961144097075,0.0,0.0,0.0,0.0,0.0,0.0,0.0,0.0,0.0,0.0,0.0,0.0,0.0,0.0,0.0,235.79853069723077,0.0,0.0,0.0,0.0,0.0,0.0,0.0,0.0,0.0,0.0,0.0,0.0,0.0,0.0,0.0,0.0,0.0,0.0,94.85766864582442,0.0,0.0,0.0,0.0,0.0,-94.85766864582442,0.0,0.0,0.0,0.0,0.0,0.0,0.0,0.0,0.0,0.0,0.0,0.0,0.0,957.0432452620827,-900.6610668691341,862.6545480411826,0.0,-47.42883432291221,0.0,568.6898195214277,0.0,0.0,0.0,0.0,0.0,0.0,0.0,0.0,0.0,0.0,0.0,0.0,0.0,0.0,0.0,0.0,0.0,-19.76201430121342,0.0,-11.857208580728052,742.501501089805,0.0,0.0,0.0,0.0,0.0,937.499999999994,-939.4762014301153,27.84599561802823,0.0,0.0,0.0,0.0,0.0,0.0,0.0,1000.0,47.42883432291221,47.42883432291221,0.0,0.0,0.0,0.0,0.0,0.17390572584951236,235.79853069723077,0.0,0.0,-568.6898195214277,0.0,0.0,0.0,0.0,0.0,0.0,0.0,0.0,0.0,0.0,0.0,0.0,0.0,0.0,0.0,0.0,0.0,4.596919855021696,0.0,166.00092013019272,12.173400809547466,0.0,0.0,0.0,0.0,0.0,235.79853069723077,0.0,898.716254168736,0.0,0.0,0.0,-19.76201430121342,0.0,0.0,0.0,0.0,0.0,0.0,0.0,0.0,0.0,0.0,0.0,0.0,0.0,0.0,0.0,0.0,0.0,0.0,-0.1580961144097074,0.0,0.0,7.904805720485369,-380.23919435269346,0.0,0.0,0.0,0.0,0.0,0.0,0.0,0.0,-740.7466342198584,3.9524028602426844,0.0,0.0,0.0,0.1580961144097074,0.0,158.09611440970735,-44.41287561198754,31.619222881941475,1.1292579600693384,450.2819989131269,-0.11857208580728053,7.904805720485369,3.161922288194148,-0.7904805720479544,-450.2819989131269,47.42883432291221,-0.1580961144097074,13.969566372777697,62.692699174381005,0.03952402860242685,1.1292579600693384,-41.90869911833309,-25.168901414023306,-3.161922288194148,-164.57822097653712,-0.1580961144097074,0.03952402860242685,-450.2819989131269,15.809611440970738,0.1580961144097074,0.1580961144097074,-235.46652885697154,0.17390572585067815,-94.97036707557672,-0.11857208580728053,47.42883432291221,0.1580961144097074,47.42883432291221,-79.04805720485368,-0.0790480572048537,-670.2341207920521,-170.0,-0.11857208580728053,-0.1580961144097074,-44.41287561198754,0.1580961144097074,15.809611440970738,-3.161922288194148,154.03229244461954,154.03229244461954,-15.809611440970738,164.57822097653712,-154.03229244461954,31.619222881941475,0.23714417161456106,-82.84355574131314,15.809611440970738,-227.8166610793337,62.692699174381005,-31.619222881941475,0.0790480572048537,1.580961144097074,250.0,267.41775357917226,-0.1580961144097074,-271.3701564394149,235.46652885697154,49.00979546700928,0.1580961144097074,25.168901414023306,-127.02263811726772,62.692699174381005,-0.1580961144097074,-0.03952402860242685,-62.692699174381005,-0.1580961144097074,-84.19038855902926,0.15809611440920435,-0.03952402860242685,-0.03952402860242685,-0.03952402860242685,63.23844576388295,79.04805720485368,1.580961144097074,117.12945876328797,-0.03952402860242685,486.0304336272223,7.904805720485369,50.0,0.1580961144097074,0.0790480572048537,0.0790480572048537,47.155961028161244,44.41287561198754,0.1580961144097074,-44.41287561198754,1.580961144097074,0.1580961144097074,-117.12945876328797,0.1580961144097074,0.6323844576383522,0.7904805720479544,0.0790480572048537,0.03952402860242685,47.42883432291221,-0.1580961144097074,94.97036707557672,1.580961144097074,-234.25891752657594,3.9524028602426844,-15.809611440970738,31.619222881941475,7.904805720485369,-0.1580961144097074,41.90869911833309,0.23714417161456106,-0.1580961144097074,-94.31192205632249,44.41287561198754,239.89618039899432,0.0790480572048537,-100.0,-0.1580961144097074,-0.15809611440920435,-0.1580961144097074,0.0790480572048537,450.2819989131269,-31.619222881941475,0.1580961144097074,500.0,-0.03952402860242685,-0.17390572585067815,-500.0,23.714417161456105,170.0,-303.87738219360466,450.2819989131269,-0.11857208580728053,271.3701564394149,-267.41775357917226,0.1580961144097074,-0.03952402860242685,7.904805720485369,158.09611440970735,-0.0790480572048537,-0.1580961144097074,0.03952402860242685,0.0,0.0,82.76450768410828,0.0,-255.0,0.0,266.9038855902926,-140.0,0.0,-80.0,-255.0,-325.0,0.0,40.0,127.5,127.5,0.0,70.0,-235.79853069723077,-577.2193390826209,0.0,325.0,-577.2193390826209,-266.9038855902926,189.05845613329478,0.0,1496.5981,hplb
188,0.0,0.0,0.0,0.0,0.0,0.0,0.0,0.0,-0.02336852462853813,0.0,0.0,0.0,0.0,0.0,0.0,0.0,-538.6370694788772,0.0,0.0,648.1844414641132,0.0,0.0,0.0,0.0,0.0,562.64825517723,0.0,0.0,0.0,-933.219820662327,384.79748983602104,-384.79748983602104,697.5353040689782,0.0,0.0,0.0,0.0,470.7244001052383,0.0,-1000.0,992.9894426114386,0.0,0.0,628.5961747963602,0.0,0.0,0.0,0.0,471.8568901412042,0.0,0.0,0.0,0.0,0.025705377091415054,0.0,0.0,0.0,0.0,0.0,0.0,-130.32381801429347,0.0,0.0,-130.32381801429347,707.3914722805133,0.0,0.0,0.0,538.4921485712586,-538.4921485712586,0.0,0.23368524628538134,0.0,0.0,0.0,0.0,0.0,0.0,0.0,0.0,0.0,0.0,0.0,0.0,14.021114777122879,0.0,0.0,-31.477659731007915,0.0,337.7749232476837,-0.005842131157134532,0.0,0.0,993.164932735185,7.010557388561439,0.0,7.010557388561439,-346.5511777731757,0.0,0.0,0.0,999.4157868842865,-933.219820662327,0.0,0.0,-52.640750421190916,808.297268860881,1000.0,0.0,0.0,0.0,0.0,0.0,0.0,0.0,0.0,0.0,0.0,0.0,0.0,0.0,0.0,0.0,0.0,-571.4217135807618,0.0,0.0,7.010557388561439,0.0,7.244242634846821,0.0,0.0,0.0,0.0,0.0,0.0,0.0,822.4592673957837,-822.4592673957837,0.0,0.0,0.0,0.0,0.0,0.0,1.799376396397435,0.02336852462853813,0.0,0.0,0.0,-437.50766938881884,-1000.0,0.0,0.0,0.0,0.0,125.9608442947459,0.0,0.0,0.0,0.0,0.0,-417.2104847095258,-417.2104847095258,0.0,0.0,0.0,656.2499999999999,-1000.0,0.0,0.0,-32.389626348876234,0.0,0.0,0.0,514.4657649217603,0.0,0.0,0.0,0.0,0.0,0.0,0.0,0.0,0.0,0.0,0.0,0.0,0.0,0.0,0.0,-1000.0,0.0,0.0,0.0,0.0,0.0,0.0,0.0,-200.89719901813626,200.89719901813626,0.0,0.0,0.0,0.0,0.0,0.0,0.0,0.0,1000.0,0.0,0.0,0.0,0.0,0.0,0.0,0.0,0.0,0.0,0.0,0.0,0.0,0.0,226.12589788065853,538.5578103793532,1000.0,0.0,0.0,0.0,0.0,0.0,0.0,0.0,0.0,0.0,-130.32381801429347,371.4038252036398,384.79748983602104,0.0,0.0,0.0,0.0,0.0,0.0,0.0,38.998778555884094,4.673704925707626,0.0,0.0,-200.89719901813626,0.0,239.48203139206,0.0,-1000.0,0.0,0.0,0.0,290.7552118726901,0.0,0.0,0.0,-66.4880727798162,0.0,0.0,-1000.0,0.0,1000.0,-1000.0,0.0,1000.0,-200.89719901813626,0.0,6.908012035780615,0.0,0.0,65.19818371362139,0.0,0.0,0.0,546.5779146602715,0.0,-546.5779146602715,0.0,-32.43636339813331,0.0,0.0,1000.0,656.2499999999999,0.0,0.0,-130.32381801429347,-0.035052786942807196,0.0,0.0,0.0,0.0,0.02336852462853813,0.0,0.0,0.0,953.9906640555545,-538.6370694788772,0.0,-35.09383361412728,717.1141687629174,0.0,1000.0,0.0,552.317559817985,0.0,-52.640750421190916,0.0,0.0,0.0,-2.0120299705171556,-538.4921485712586,-11.813381276209384,-1000.0,-1000.0,0.0,0.0,0.0,0.0,0.0,0.0,0.0,0.0,0.0,0.0,0.0,0.0,0.0,0.0,0.0,0.0,0.0,-529.1821257962478,0.0,-1000.0,0.0,0.0,0.0,691.0987220515356,0.0,0.0,343.9993348837395,0.0,0.0,0.0,0.0,998.2473606528596,0.0,402.6724879357402,-845.8414675836245,-0.5842131157134532,0.0,0.0,519.0680766288814,0.0,-19.65233713611724,-402.6724879357402,0.0,0.0,0.0,-520.2365028603083,-114.05873623028737,0.0,0.0,1000.0,-15.189541008549785,7.010557388561439,0.0,0.0,0.0,0.0,0.0,0.0,820.7928559034546,594.666958022796,-594.666958022796,-594.666958022796,-307.7254533889766,0.0,0.0,0.0,0.0,0.0,0.0,0.0,0.0,-260.64763602858693,0.0,0.0,0.0,0.0,0.0,0.0,0.0,-97.66314753714619,0.046737049257050356,0.0,0.0,0.0,0.0,0.0,0.0,0.0,0.0,0.0,0.0,0.0,0.0,0.0,0.0,0.0,0.0,0.0,0.0,0.0,0.025705377091415054,0.025705377091415054,384.79748983602104,256.3383004659106,0.0,14.021114777122879,0.0,0.0,0.0,1000.0,0.0,0.0,0.0,0.0,0.0,-167.66534849577621,-1000.0,0.0,0.0,626.815915411035,0.0,0.0,0.0,0.0,0.0,0.0,0.0,0.0,0.0,0.0,190.4739045269206,-953.9906640555545,629.210400527938,0.0,1.799376396397435,0.0,993.164932735185,0.0,0.0,0.0,-167.66534849577621,0.0,0.0,-265.32849603292243,0.0,0.0,226.12589788065853,0.0,0.0,0.0,0.0,0.0,0.0,0.0,0.0,0.0,0.0,0.0,0.0,0.0,14.021114777122879,0.0,0.0,0.0,0.0,0.0,0.0,0.0,0.0,0.0,0.0,0.0,0.0,0.23368524628538134,0.0,384.79748983602104,0.0,0.0,384.79748983602104,0.0,0.0,0.0,7.010557388561439,-626.815915411035,0.0,0.0,0.0,0.0,0.0,0.0,0.0,0.0,0.0,-317.3900038534704,0.0,0.0,7.010557388561439,7.010557388561439,-53.38436997633702,-1000.0,0.0,0.0,0.0,0.0,0.0,0.0,0.0,933.219820662327,0.0,1000.0,0.02336852462853813,0.0,0.0,0.0,30.861475132645825,610.6924988844598,0.0,-993.164932735185,0.0,0.0,0.0,0.0,0.0,0.0,0.0,0.0,0.0,0.0,0.0,0.0,0.0,0.0,0.02336852462853813,0.0,0.0,0.0,0.0,0.0,0.0,0.0,0.0,0.0,0.0,547.115995908155,0.0,-203.1166610244155,-470.81787420375224,-1.7526393471404162,-1.1684262314269065,0.0,0.0,0.0,0.0,0.0,0.0,0.0,0.0,0.0,0.0,0.0,0.0,0.0,0.0,0.0,0.0,-14.021114777122879,0.0,0.0,0.0,-0.02336852462853813,0.0,0.0,0.02336852462853813,0.0,0.02336852462853813,0.0,0.0,0.0,14.021114777122879,28.509600046816523,28.509600046816523,0.0,0.0,0.0,0.0,0.0,0.0,0.0,629.210400527938,0.0,0.0,0.0,0.0,0.0,0.0,0.0,0.0,0.0,0.0,0.0,0.0,0.0,0.0,0.0,0.0,0.0,0.0,0.0,0.0,0.0,-562.64825517723,562.64825517723,0.035052786942807196,0.0,0.0,0.0,-7.010557388561439,0.0,0.0,0.0,0.0,0.0,-256.3383004659106,1.1684262314269065,0.0,0.0,0.0,-656.25,1000.0,0.0,0.0,0.0,0.0,0.0,0.0,0.0,0.0,0.0,0.0,0.0,626.815915411035,67.40748598255061,30.21240258525208,0.0,949.5366956022303,558.051748463269,0.0,343.9993348837395,203.1166610244155,-547.115995908155,0.0,262.2456118258736,0.0,1.1684262314269065,909.1758921787233,0.0,0.0,-384.79748983602104,-260.64763602858693,0.0,0.0,0.0,0.0,0.0,0.0,0.0,0.0,0.0,-1.7526393471403026,-1.7526393471403594,28.509600046816523,0.0,0.0,0.0,384.79748983602104,0.0,0.0,0.0,0.0,0.0,38.998778555884094,0.0,0.0,259.8435791601913,-30.861475132645825,174.59651456453446,0.0,7.010557388561439,0.0,0.0,0.0,0.0,-326.84513655386235,0.0,0.0,0.025705377091415054,0.0,0.0,0.0,14.254800023408261,0.0,0.0,0.0,0.0,538.5578103793532,0.0,808.297268860881,0.0,0.0,0.0,0.0,0.0,0.0,0.0,0.0,0.002336852462853813,0.002336852462853813,0.0,0.0,0.0,0.0,0.0,0.0,0.0,0.0,0.0,0.0,384.79748983602104,0.0,0.0,0.0,0.0,256.3383004659106,0.0,0.0,0.0,0.0,0.0,0.0,0.0,0.0,0.0,0.0,0.0,0.0,0.0,49.675204683343736,0.0,0.0,0.0,0.0,14.021114777122875,0.0,0.0,0.0,0.0,0.0,-262.20390063851335,248.18278586139047,0.0,0.0,0.0,0.0,0.0,0.0,0.0,0.0,0.0,384.79748983602104,384.79748983602104,0.0,-1000.0,-1000.0,16.00743937054862,0.0,-7.010557388561439,0.0,470.7244001052383,0.0,0.0,0.0,0.0,0.0,0.0,0.0,0.0,0.0,0.0,0.0,0.0,0.0,0.0,0.0,0.0,0.0,-2.9210655785672666,0.0,-1000.0,0.0,0.0,0.0,0.0,0.0,0.0,313.8363682182943,-314.12847477615105,260.64763602858693,0.0,0.0,0.0,0.0,0.0,0.0,0.0,1000.0,7.010557388561439,7.010557388561439,0.0,0.0,0.0,0.0,0.0,0.025705377091415054,256.3383004659106,0.0,0.0,-470.7244001052383,0.0,0.0,0.0,0.0,0.0,0.0,0.0,0.0,0.0,0.0,0.0,0.0,0.0,0.0,0.0,0.0,0.0,0.0,0.0,24.53695085996504,1.799376396397435,0.0,0.0,0.0,0.0,0.0,256.3383004659106,0.0,-347.7196040046026,0.0,0.0,0.0,-2.9210655785672666,0.0,0.0,0.0,0.0,0.0,0.0,0.0,0.0,0.0,0.0,0.0,0.0,0.0,0.0,0.0,0.0,0.0,0.0,-0.02336852462853813,0.0,0.0,1.1684262314269065,167.66534849577621,0.0,0.0,0.0,0.0,0.0,0.0,0.0,0.0,2.0120299705171556,0.5842131157134532,0.0,0.0,562.64825517723,0.02336852462853813,0.0,23.36852462853813,-7.244242634846821,4.673704925707626,0.16691803306098665,65.19818371362139,-0.017526393471403598,845.8414675836245,0.46737049257076263,-0.11684262314246098,-65.19818371362139,7.010557388561439,-0.023368524628538195,17.54691680706364,0.0,0.005842131157134532,0.16691803306098665,-52.640750421190916,-3.7202691208631222,384.3301193434503,-109.54737198523605,-0.02336852462853813,0.005842131157134532,-65.19818371362139,2.336852462853813,0.023368524628538195,0.02336852462853813,-256.28922656419064,0.025705377091391944,-79.22445187928273,-0.017526393471403598,7.010557388561439,0.02336852462853813,7.010557388561439,-11.684262314269066,-0.011684262314269065,58.54510842691866,-2.360220987482351,-0.017526393471403598,-0.02336852462853813,-7.244242634846821,0.02336852462853813,2.336852462853813,-0.46737049257076263,0.0,0.0,-2.336852462853813,109.54737198523605,0.0,4.673704925707626,0.035052786942807196,-1000.0,2.336852462853813,-190.4739045269206,0.0,-4.673704925707626,0.011684262314269065,0.23368524628538134,8.77345840353182,34.886107510959704,-0.02336852462853813,-261.5962185073317,256.28922656419064,7.244242634846821,0.02336852462853813,3.7202691208631222,-28.04222955424575,0.0,-0.02336852462853813,-0.005842131157134532,0.0,-0.02336852462853813,-905.9604163980272,0.02336852462853813,-0.005842131157134532,-0.005842131157134532,-0.005842131157134532,9.347409851415252,11.684262314269066,0.23368524628538134,17.31315568416899,-0.005842131157134532,0.0,1.1684262314269065,50.0,0.02336852462853813,0.011684262314269065,0.011684262314269065,2.336852462853813,7.244242634846821,0.02336852462853813,-7.244242634846821,0.23368524628538134,0.02336852462853813,-17.31315568416899,0.02336852462853813,0.0934740985139365,0.11684262314246098,0.011684262314269065,0.005842131157134532,7.010557388561439,-0.02336852462853813,79.22445187928273,-192.16505967172515,-34.62631136833798,845.257254467911,-2.336852462853813,4.673704925707626,1.1684262314269065,-0.02336852462853813,52.640750421190916,0.035052786942807196,-0.02336852462853813,-4.673704925707626,7.244242634846821,552.6299410905285,0.011684262314269065,-100.0,-0.02336852462853813,-0.02336852462853813,-0.02336852462853813,0.011684262314269065,65.19818371362139,-4.673704925707626,0.02336852462853813,17.54691680706364,-0.005842131157134532,-0.025705377091391944,-17.54691680706364,3.5052786942807193,2.360220987482351,215.04446601871024,65.19818371362139,-0.017526393471403598,261.5962185073317,-34.886107510959704,0.02336852462853813,-0.005842131157134533,1.1684262314269065,23.36852462853813,-0.011684262314269065,-0.02336852462853813,0.005842131157134532,1000.0,0.0,863.1105915081383,0.0,-255.0,0.0,413.09600121334745,-140.0,0.0,-80.0,-255.0,-325.0,-136.87772422954745,40.0,127.5,127.5,0.0,70.0,-256.3383004659106,-225.7848045366662,136.87772422954745,325.0,-225.7848045366662,-413.09600121334745,219.4006891523697,0.0,1496.5981,hplb
189,0.0,0.0,0.0,0.0,0.0,0.0,0.0,0.0,247.54803985122615,0.0,0.0,0.0,0.0,0.0,0.0,0.0,-299.96336882225205,599.963368822252,0.0,0.0,0.0,0.0,0.0,142.81672497316825,0.0,0.0,0.0,0.0,0.0,-441.09548420874705,0.0,0.0,95.11256537732622,0.0,0.0,0.0,0.0,0.0,0.0,-1000.0,980.8872730195162,0.0,0.0,0.0,0.0,0.0,312.36488797961124,0.0,1000.0,-851.5241015261524,0.0,400.0732623554959,0.0,0.07007999892861665,0.0,0.0,0.0,12.741817986989176,0.0,0.0,-5.610647186937837,0.0,0.0,-5.610647186937837,0.0,0.0,0.0,0.0,0.0,324.7526678687003,0.0,0.6370908993494588,0.0,0.0,0.0,0.0,0.0,0.0,0.0,0.0,0.0,0.0,0.0,0.0,38.22545396096753,0.0,0.0,93.44421757372783,206.59241360402012,0.0,-0.01592727248373647,0.0,0.0,0.0,19.112726980483764,0.0,19.112726980483764,-2.051432695905527,0.0,0.0,0.0,3.185454496747294,-692.9460581221726,0.0,0.0,-43.479463735111295,333.6605635711431,412.2485981131017,0.0,0.0,0.0,0.0,0.0,0.0,0.0,0.0,0.0,0.0,0.0,0.0,0.0,0.0,0.0,0.0,-267.65854497763144,0.0,0.0,19.112726980483764,0.0,19.74981787983322,0.0,0.0,-404.46007472329586,0.0,404.46007472329586,-404.46007472329586,0.0,0.0,0.0,0.0,0.0,0.0,0.0,0.0,0.0,4.905599924990832,0.06370908993494587,0.0,0.0,0.0,0.0,-788.1884432111171,0.0,0.0,0.0,0.0,653.0823575155134,0.0,0.0,0.0,0.0,0.0,107.04228641548275,107.04228641548275,0.0,0.0,0.0,0.0,-78.45673834794084,0.0,0.0,107.1059955054177,0.0,0.0,0.0,0.0,0.0,0.0,0.0,0.0,0.0,0.0,0.0,0.0,0.0,0.0,-9.1061525880352,0.0,0.0,0.0,0.0,-1000.0,0.0,0.0,0.0,0.0,0.0,851.5241015261524,-400.0732623554959,93.40758639597988,-93.40758639597988,0.0,0.0,0.0,0.0,0.0,0.0,0.0,251.85057391342556,-241.17757458888335,0.0,0.0,0.0,0.0,0.0,0.0,0.0,0.0,0.0,0.0,0.0,0.0,0.0,453.75485913596015,380.01151561395244,141.132115386495,0.0,0.0,0.0,0.0,29.453213100792382,0.0,0.0,0.0,0.0,-5.610647186937837,141.132115386495,0.0,0.0,0.0,0.0,0.0,0.0,0.0,0.0,0.0,0.0,0.0,0.0,-552.1124689364897,-438.9276417284493,786.7785416142119,0.0,-141.132115386495,0.0,0.0,0.0,-922.274910279366,0.0,0.0,0.0,293.4159493590863,0.0,0.0,-821.9433704003133,-821.943370400313,0.0,0.0,0.0,821.943370400313,300.0,0.0,0.0,851.5241015261524,0.0,148.2951478177066,0.0,0.0,0.0,492.6570803777448,0.0,-492.6570803777448,0.0,419.34346530515904,0.0,0.0,0.0,0.0,0.0,0.0,-5.610647186937837,-0.09556363490241881,0.0,0.0,0.0,0.0,0.06370908993494587,0.0,0.0,0.0,951.4340599187238,-299.96336882225205,0.0,-835.0084751041866,712.2202719512229,0.0,1000.0,0.0,0.0,0.0,-43.479463735111295,0.0,0.0,0.0,632.0640984996797,-632.0640984996797,0.0,-1000.0,-1000.0,0.0,0.0,0.0,0.0,0.0,0.0,0.0,0.0,0.0,0.0,0.0,0.0,0.0,0.0,0.0,0.0,0.0,-999.7451636402599,0.0,-1000.0,0.0,0.0,0.0,0.0,0.0,0.0,-4.905599924990832,0.0,0.0,0.0,436.44441920955165,0.0,0.0,101.2146014725007,996.8145455032527,-1.592727248373647,632.0640984996797,0.0,-3.185454496747294,-159.77815995003505,-1000.0,-101.2146014725007,-1000.0,0.9355752700192355,0.0,0.0,-1000.0,0.0,1000.0,1000.0,-464.80766667558896,19.112726980483764,0.0,0.0,0.0,0.0,0.0,247.6117489411611,0.0,-453.75485913596015,453.75485913596015,453.75485913596015,285.7376457481221,0.0,0.0,0.0,0.0,0.0,251.85057391342556,0.0,0.0,-11.221294373875674,0.0,0.0,0.0,0.0,0.0,0.0,0.0,-93.6290910065054,0.12741817987034665,0.0,0.0,0.0,0.0,0.0,0.0,0.0,0.0,0.0,324.7526678687003,0.0,0.0,0.0,0.0,0.0,0.0,0.0,0.0,0.0,0.07007999892861665,0.07007999892861665,0.0,721.013041148971,0.0,38.22545396096753,0.0,0.0,0.0,1000.0,0.0,0.0,0.0,0.0,0.0,474.43079947561506,-1000.0,0.0,0.0,0.0,0.0,0.0,0.0,0.0,0.0,0.0,0.0,0.0,0.0,0.0,89.21951499254381,-951.4340599187238,454.52787963997406,0.0,4.905599924990832,0.0,0.0,0.0,-29.453213100792382,0.0,474.43079947561506,0.0,1000.0,-619.1982915308904,0.0,0.0,453.75485913596015,0.0,0.0,0.0,0.0,0.0,0.0,0.0,0.0,0.0,0.0,0.0,0.0,0.0,38.22545396096753,0.0,0.0,0.0,0.0,0.0,0.0,0.0,0.0,0.0,0.0,0.0,0.0,0.6370908993494588,0.0,0.0,0.0,0.0,0.0,-400.0732623554959,0.0,0.0,19.112726980483764,0.0,0.0,0.0,0.0,0.0,0.0,0.0,0.0,0.0,0.0,215.89008697520876,0.0,0.0,19.112726980483764,19.112726980483764,1000.0,-1000.0,0.0,0.0,0.0,0.0,0.0,0.0,0.0,692.9460581221726,251.85057391342556,1000.0,0.06370908993494587,0.0,0.0,0.0,84.13695455765816,0.0,0.0,0.0,0.0,0.0,0.0,0.0,0.0,0.0,0.0,0.0,0.0,0.0,0.0,0.0,0.0,0.0,0.06370908993494587,0.0,0.0,0.0,-618.8687367504739,618.8687367504739,0.0,0.0,0.0,0.0,0.0,962.1490989089098,0.0,-967.0546988339007,-0.25483635974012486,-4.778181745120941,-3.185454496747294,0.0,0.0,0.0,0.0,0.0,0.0,0.0,0.0,0.0,0.0,0.0,0.0,0.0,0.0,0.0,0.0,538.3777878211583,0.0,0.0,0.0,247.54803985122615,0.0,0.0,0.06370908993494587,0.0,0.06370908993494587,0.0,0.0,0.0,38.22545396096753,77.72508972063397,77.72508972063397,0.0,0.0,0.0,0.0,0.0,0.0,0.0,454.52787963997406,0.0,251.85057391342556,0.0,0.0,637.5494511430787,0.0,0.0,0.0,0.0,0.0,0.0,0.0,0.0,0.0,0.0,0.0,0.0,0.0,0.0,29.453213100792382,0.0,0.0,0.0,0.09556363490241881,0.0,0.0,0.0,-19.112726980483764,0.0,0.0,0.0,0.0,0.0,-721.013041148971,3.185454496747294,0.0,0.0,0.0,0.0,78.45673834794084,0.0,0.0,0.0,0.0,0.0,0.0,0.0,0.0,0.0,0.0,0.0,0.0,0.0,267.2581820130108,0.0,766.7860616529849,-43.479463735111295,0.0,-4.905599924990832,967.0546988339007,-962.1490989089098,0.0,-1000.0,0.0,3.185454496747294,1000.0,0.0,0.0,0.0,-11.221294373875674,0.0,0.0,-343.7500000000038,343.7500000000038,0.0,0.0,0.0,0.0,0.0,-0.45021090220689697,0.0,77.72508972063397,0.0,0.0,0.0,0.0,0.0,0.0,0.0,0.0,0.0,0.0,0.0,0.0,735.347586384334,-408.88962242635847,0.0,0.0,19.112726980483764,0.0,0.0,0.0,0.0,194.34159726624847,0.0,0.0,0.07007999892861665,0.0,0.0,0.0,38.86254486031699,0.0,0.0,0.0,0.0,380.01151561395244,0.0,333.6605635711431,0.0,0.0,0.0,0.0,0.0,0.0,218.02320084887947,0.0,0.00637090899349477,0.00637090899349477,0.0,0.0,0.0,0.0,0.0,0.0,0.0,0.0,0.0,0.0,0.0,0.0,0.0,0.0,0.0,721.013041148971,0.0,0.0,0.0,0.0,0.0,0.0,0.0,851.5241015261524,0.0,0.0,0.0,0.0,0.0,0.0,599.963368822252,0.0,0.0,0.0,38.22545396096753,0.0,0.0,0.0,0.0,0.0,619.4223988216382,-657.6478527826058,0.0,0.0,0.0,0.0,0.0,0.0,0.0,0.0,0.0,0.0,0.0,0.0,-1000.0,-1000.0,681.1901777485167,-1000.0,980.8872730195162,0.0,0.0,0.0,0.0,0.0,0.0,0.0,0.0,0.0,0.0,0.0,0.0,0.0,0.0,0.0,0.0,0.0,0.0,0.0,-7.963636241868235,0.0,-4.778181745120941,632.7712693979578,0.0,0.0,0.0,0.0,0.0,438.2247193447899,-439.0210829689767,11.221294373875674,0.0,0.0,0.0,0.0,0.0,0.0,0.0,1000.0,19.112726980483764,19.112726980483764,0.0,0.0,0.0,0.0,0.0,0.07007999892861665,721.013041148971,0.0,0.0,0.0,0.0,0.0,0.0,0.0,0.0,0.0,0.0,0.0,0.0,0.0,0.0,0.0,0.0,0.0,0.0,0.0,0.0,0.0,0.0,66.89454443169318,4.905599924990832,0.0,0.0,0.0,0.0,0.0,721.013041148971,0.0,-5.236887192652821,0.0,0.0,0.0,-7.963636241868235,0.0,0.0,0.0,0.0,0.0,0.0,0.0,0.0,0.0,0.0,0.0,0.0,0.0,0.0,0.0,0.0,0.0,0.0,-0.06370908993494587,0.0,0.0,3.185454496747294,-474.43079947561506,0.0,0.0,0.0,0.0,0.0,0.0,0.0,0.0,-632.0640984996797,1.592727248373647,0.0,0.0,0.0,0.06370908993494587,0.0,63.70908993494587,-19.74981787983322,12.741817986989176,0.4550649281067563,177.74836091849897,-0.04778181745120941,3.185454496747294,1.2741817986989177,-0.31854544967507076,-177.74836091849897,19.112726980483764,-0.06370908993494588,14.493154578370431,0.0,0.01592727248373647,0.4550649281067563,-43.479463735111295,-10.142487117643654,-1.2741817986989177,-300.0,-0.06370908993494588,0.01592727248373647,-177.74836091849897,769.9200010715597,0.06370908993494588,0.06370908993494587,-720.8792520601074,0.07007999892844065,-101.7827289136091,-0.04778181745120941,19.112726980483764,0.06370908993494588,19.112726980483764,-31.85454496747294,-0.03185454496747294,-464.3407011316818,-35.887831184221916,-0.04778181745120941,-0.06370908993494588,-19.74981787983322,0.06370908993494587,6.370908993494588,-1.2741817986989177,29.453213100792382,29.453213100792382,-6.370908993494588,300.0,-29.453213100792382,12.741817986989176,0.09556363490241881,449.5168472302074,6.370908993494588,-89.21951499254381,0.0,-12.741817986989176,0.031854544967472934,0.6370908993494588,208.75211877604664,280.0,-0.06370908993494587,-735.347586384334,720.8792520601074,19.74981787983322,0.06370908993494588,10.142487117643654,-840.0,0.0,-0.06370908993494587,-0.01592727248373647,0.0,-0.06370908993494588,-427.2896545776485,0.06370908993471858,-0.01592727248373647,-0.01592727248373647,-0.01592727248373647,25.483635973978352,31.85454496747294,0.6370908993494588,173.2272402452209,-0.01592727248373647,403.01108297372286,3.185454496747294,50.0,0.06370908993494587,0.03185454496747294,0.03185454496747294,6.370908993494588,19.74981787983322,0.06370908993494587,-19.74981787983322,0.6370908993494588,0.06370908993494588,-425.28077672455606,0.06370908993494612,0.25483635974012486,0.31854544967507076,0.03185454496747294,0.01592727248373647,19.112726980483764,-0.06370908993494588,101.7827289136091,0.6370908993494588,-346.4544804904418,1.592727248373647,-6.370908993494588,12.741817986989176,3.185454496747294,-0.06370908993494612,43.479463735111295,0.09556363490241881,-0.06370908993494588,-12.741817986989176,19.74981787983322,-5.975537513845436,0.03185454496747294,-100.0,-0.06370908993494588,-0.06370908993471858,-0.06370908993494588,0.03185454496747294,177.74836091849897,-12.741817986989176,0.06370908993494587,417.5042375520933,-0.01592727248373647,-0.07007999892844065,-417.5042375520933,9.55636349024188,35.887831184221916,-1000.0,177.74836091849897,-0.04778181745120941,735.347586384334,-280.0,0.06370908993494588,-0.015927272483736467,439.62987370629895,63.70908993494587,-0.03185454496747294,-0.06370908993494588,0.01592727248373647,961.6418878233645,0.0,-749.5487017751749,252.05353647933515,-255.0,0.0,594.5048484120691,-140.0,763.5490920780651,327.49790837295996,-255.0,-325.0,-300.0,-163.74895418647998,127.5,127.5,-763.5490920780651,70.0,-721.013041148971,-188.36605975240303,300.0,325.0,-188.36605975240303,-594.5048484120691,714.0669697092873,0.0,1496.5981,hplb
190,0.0,0.0,0.0,0.0,0.0,0.0,0.0,0.0,-0.1496402707650713,0.0,0.0,0.0,0.0,0.0,0.0,0.0,1000.0,74.66773287882552,0.0,-1000.0,0.0,0.0,0.0,457.9246839795087,0.0,0.0,0.0,0.0,0.0,-553.5170266916164,0.0,0.0,136.6929500160919,0.0,0.0,0.0,0.0,-21.38858270135435,0.0,-585.5285788078726,1000.0,0.0,0.0,0.0,0.0,0.0,254.79535514656283,0.0,-346.6150622625082,0.0,0.0,0.0,0.0,0.1646042978415787,0.0,0.0,0.0,29.92805415301426,0.0,0.0,-13.178319845377375,0.0,1000.0,986.8216801546226,0.0,0.0,0.0,0.0,0.0,0.0,0.0,1.496402707650713,0.0,0.0,0.0,0.0,0.0,0.0,0.0,0.0,0.0,0.0,0.0,0.0,89.78416245904278,0.0,0.0,-985.3525505073666,-192.94940719959817,-100.41524715170164,-0.037410067691267826,0.0,0.0,1000.0,44.89208122952139,0.0,44.89208122952139,-4.81841671863533,0.0,0.0,0.0,7.482013538253565,-1000.0,0.0,0.0,0.0,887.0401561493411,0.0,0.0,0.0,0.0,0.0,0.0,0.0,0.0,0.0,0.0,0.0,0.0,0.0,0.0,0.0,0.0,0.0,-624.3071438894639,0.0,0.0,44.89208122952139,0.0,46.38848393717209,0.0,0.0,-454.1106298521428,0.0,454.1106298521428,-454.1106298521428,0.0,0.0,0.0,0.0,0.0,0.0,0.0,0.0,0.0,11.522300848910504,0.1496402707650713,0.0,0.0,0.0,-887.0401561493411,0.0,0.0,0.0,0.0,0.0,922.3072224777098,0.0,0.0,0.0,0.0,0.0,290.9793061973351,290.9793061973351,0.0,0.0,0.0,0.0,-758.544749563056,0.0,0.0,291.1289464681002,0.0,0.0,0.0,0.0,-139.52968778368438,0.0,0.0,0.0,0.0,0.0,0.0,0.0,0.0,0.0,0.0,0.0,0.0,0.0,0.0,-485.6503989557895,0.0,0.0,0.0,0.0,0.0,0.0,0.0,593.3646543512998,-593.3646543512998,0.0,0.0,0.0,0.0,0.0,0.0,0.0,446.4829733083836,1000.0,0.0,0.0,0.0,0.0,0.0,0.0,0.0,0.0,0.0,0.0,0.0,0.0,0.0,0.0,-5.011577967297766,-99.86791104587536,0.0,0.0,0.0,0.0,113.71926905468325,0.0,0.0,0.0,0.0,-13.178319845377375,-99.86791104587536,0.0,0.0,0.0,0.0,0.0,0.0,0.0,0.0,0.0,0.0,0.0,0.0,899.3602924421509,113.04623089125273,-738.602958418575,0.0,99.86791104587536,0.0,0.0,0.0,0.0,0.0,0.0,0.0,-238.32273194279833,0.0,0.0,-292.54231164276865,0.0,0.0,-292.54231164276865,0.0,0.0,400.41524715170164,0.0,1000.0,0.0,0.0,303.7770863798656,0.0,0.0,0.0,892.5467659810922,0.0,-892.5467659810922,0.0,545.6250210731329,0.0,0.0,242.21467564096838,0.0,0.0,0.0,-13.178319845377375,-0.22446040614760693,0.0,0.0,0.0,0.0,0.1496402707650713,0.0,0.0,0.0,327.03904867158485,1000.0,0.0,-830.3391646461492,570.0661972701921,139.52968778368438,950.2501739202414,0.0,12.884027312872636,0.0,0.0,0.0,0.0,0.0,-12.884027312872636,0.0,0.0,-1000.0,-1000.0,0.0,0.0,0.0,0.0,0.0,0.0,0.0,0.0,0.0,0.0,0.0,0.0,0.0,0.0,0.0,0.0,0.0,752.3313322897858,0.0,773.1213539080799,0.0,0.0,0.0,0.0,0.0,0.0,-11.522300848910504,0.0,0.0,0.0,0.0,0.0,0.0,0.0,398.62207004093136,168.0243843119927,0.0,-442.08972437339764,-7.482013538253565,0.0,-201.49062458516852,0.0,-406.10408357918493,1000.0,-171.76539108111947,0.0,-879.3260576203888,0.0,136.110790733215,214.84068372826238,213.10600657787225,44.89208122952139,0.0,0.0,0.0,0.0,0.0,0.0,940.2642853011515,940.2642853011515,-940.2642853011515,-940.2642853011515,225.07194584698573,0.0,0.0,0.0,0.0,0.0,446.4829733083836,0.0,0.0,-26.35663969075475,0.0,0.0,94.64190730928003,0.0,0.0,0.0,0.0,-49.90365919681926,0.2992805415301518,0.0,0.0,0.0,0.0,0.0,0.0,0.0,0.0,0.0,0.0,0.0,0.0,0.0,0.0,0.0,0.0,0.0,0.0,0.0,0.1646042978415787,0.1646042978415787,0.0,250.07194584698573,0.0,89.78416245904278,0.0,0.0,0.0,122.22253348668013,0.0,0.0,0.0,0.0,0.0,878.4671491260929,-122.22253348668013,0.0,0.0,0.0,0.0,0.0,94.64190730928003,0.0,0.0,0.0,0.0,0.0,0.0,0.0,208.10238129648795,-327.03904867158485,0.0,0.0,11.522300848910504,0.0,886.2807309453167,113.71926905468325,0.0,0.0,878.4671491260929,0.0,828.5634899292736,0.0,0.0,0.0,0.0,0.0,0.0,0.0,0.0,0.0,0.0,0.0,0.0,0.0,0.0,0.0,0.0,0.0,89.78416245904278,0.0,0.0,0.0,0.0,0.0,0.0,0.0,0.0,0.0,0.0,0.0,0.0,1.496402707650713,0.0,0.0,0.0,0.0,0.0,0.0,0.0,0.0,44.89208122952139,0.0,0.0,0.0,0.0,0.0,0.0,0.0,0.0,0.0,0.0,473.187991597546,0.0,0.0,44.89208122952139,44.89208122952139,-723.6330879986482,-122.22253348668013,0.0,94.64190730928003,0.0,0.0,0.0,0.0,0.0,1000.0,446.4829733083836,793.710262018978,0.1496402707650713,0.0,0.0,-701.8194514605121,899.4408061873266,0.0,0.0,-1000.0,0.0,0.0,0.0,0.0,0.0,0.0,0.0,0.0,0.0,0.0,0.0,0.0,0.0,0.0,0.1496402707650713,0.0,0.0,0.0,0.0,0.0,0.0,0.0,0.0,0.0,0.0,0.0,0.0,0.0,9.267720769383544,-11.223020307380347,0.0,-7.482013538253568,0.0,0.0,0.0,0.0,0.0,0.0,0.0,0.0,0.0,0.0,0.0,0.0,139.52968778368438,0.0,0.0,356.6988108493408,0.0,0.0,0.0,-0.1496402707650713,0.0,0.0,0.1496402707650713,0.0,0.1496402707650713,0.0,0.0,0.0,89.78416245904278,182.56113033338698,182.56113033338698,0.0,0.0,0.0,0.0,0.0,0.0,0.0,0.0,0.0,446.4829733083836,0.0,0.0,0.0,0.0,0.0,0.0,0.0,0.0,0.0,0.0,0.0,0.0,0.0,0.0,0.0,0.0,0.0,113.71926905468325,0.0,0.0,0.0,0.22446040614760693,0.0,0.0,0.0,-44.89208122952139,0.0,0.0,0.0,0.0,0.0,-250.07194584698573,7.482013538253565,0.0,0.0,0.0,0.0,758.544749563056,0.0,-7.482013538253568,0.0,0.0,0.0,0.0,0.0,0.0,0.0,0.0,0.0,0.0,0.0,250.07194584698573,0.0,295.0719458469857,0.0,11.522300848910504,-11.522300848910504,0.0,0.0,0.0,-182.56113033338698,0.0,7.482013538253568,418.408123644474,0.0,0.0,0.0,-26.35663969075475,0.0,0.0,0.0,0.0,0.0,0.0,0.0,0.0,0.0,167.58018130436903,-190.02622191912974,182.56113033338698,0.0,0.0,0.0,0.0,0.0,0.0,0.0,0.0,0.0,0.0,0.0,0.0,93.71478484999705,-197.6213547268144,-225.7235446497738,0.0,44.89208122952139,0.0,0.0,0.0,0.0,241.5638351418822,0.0,0.0,0.1646042978415787,0.0,0.0,0.0,91.28056516669348,0.0,0.0,0.0,0.0,-5.011577967297766,0.0,887.0401561493411,0.0,0.0,0.0,0.0,0.0,0.0,0.0,0.0,0.014964027076507236,0.014964027076507236,0.0,0.0,0.0,0.0,0.0,0.0,0.0,0.0,0.0,-701.8194514605121,0.0,0.0,0.0,0.0,0.0,250.07194584698573,0.0,0.0,0.0,0.0,0.0,0.0,0.0,0.0,0.0,0.0,0.0,0.0,653.3849377374918,1000.0,74.66773287882552,0.0,0.0,0.0,89.78416245904278,0.0,0.0,0.0,0.0,0.0,0.0,-89.78416245904278,0.0,0.0,0.0,0.0,0.0,0.0,0.0,0.0,0.0,0.0,0.0,0.0,-793.710262018978,-1000.0,102.50358547407386,0.0,-44.89208122952139,0.0,-21.38858270135435,0.0,0.0,0.0,0.0,0.0,0.0,0.0,0.0,0.0,890.6249999999998,0.0,-890.6249999999998,-890.6249999999999,0.0,0.0,0.0,0.0,-18.70503384563392,0.0,-11.223020307380347,178.8032016117494,0.0,0.0,0.0,0.0,0.0,0.0,-1.8705033845633912,26.35663969075475,0.0,0.0,0.0,0.0,0.0,0.0,0.0,1000.0,44.89208122952139,44.89208122952139,0.0,0.0,0.0,0.0,0.0,0.1646042978415787,250.07194584698573,0.0,0.0,21.38858270135435,0.0,0.0,0.0,0.0,0.0,0.0,0.0,0.0,0.0,0.0,0.0,0.0,0.0,0.0,0.0,0.0,0.0,0.0,0.0,157.12228430332485,11.522300848910504,0.0,0.0,0.0,0.0,0.0,250.07194584698573,0.0,-4.81841671863533,0.0,0.0,0.0,-18.70503384563392,0.0,0.0,0.0,0.0,0.0,0.0,0.0,0.0,0.0,0.0,0.0,0.0,0.0,0.0,0.0,0.0,0.0,0.0,-0.1496402707650713,0.0,0.0,7.482013538253565,-878.4671491260929,0.0,0.0,0.0,0.0,0.0,0.0,0.0,0.0,12.884027312872636,3.7410067691267823,0.0,0.0,0.0,0.1496402707650713,0.0,149.64027076507128,-46.38848393717209,29.92805415301426,1.0688590768933663,417.49635543454883,-0.11223020307380346,7.482013538253563,2.992805415301426,-0.7482013538253707,-417.49635543454883,44.89208122952139,-0.1496402707650713,0.0,94.64190730928003,0.037410067691267826,1.0688590768933663,0.0,-23.822731105799402,-2.992805415301426,-74.66773287882552,-0.1496402707650713,0.037410067691267826,-417.49635543454883,14.96402707650713,0.1496402707650713,0.1496402707650713,-249.75770127837907,0.16460429784157854,-186.59660921291106,-0.11223020307380346,44.89208122952139,0.1496402707650713,44.89208122952139,-74.82013538253565,-0.07482013538253565,-735.7106132647988,-128.83293640195546,-0.11223020307380346,-0.1496402707650713,-46.38848393717209,0.1496402707650713,14.96402707650713,-2.992805415301426,113.71926905468325,113.71926905468325,-14.96402707650713,74.66773287882552,-113.71926905468325,29.92805415301426,0.22446040614760693,-649.1044729893032,14.96402707650713,-208.10238129648795,94.64190730928003,-29.92805415301426,0.07482013538253564,1.496402707650713,207.5847911615373,280.0,-0.1496402707650713,-283.7410067691268,249.75770127837907,46.38848393717209,0.1496402707650713,23.822731105799402,-84.9264176088056,94.64190730928003,-0.1496402707650713,-0.037410067691267826,-94.64190730928003,-0.1496402707650713,-936.9438153461602,0.1496402707650713,-0.037410067691267826,-0.037410067691267826,-0.037410067691267826,59.85610830602852,74.82013538253565,1.496402707650713,110.86473560307178,-0.037410067691267826,415.1695823230746,7.482013538253565,32.4338431366632,0.1496402707650713,0.07482013538253565,0.07482013538253565,62.284980731147144,46.38848393717209,0.1496402707650713,-46.38848393717209,1.496402707650713,0.1496402707650713,-110.86473560307178,0.1496402707650713,0.5985610830602859,0.7482013538253707,0.07482013538253565,0.037410067691267826,44.89208122952139,-0.1496402707650713,186.59660921291106,1.496402707650713,-221.72947120614356,3.741006769126784,-14.96402707650713,29.92805415301426,7.482013538253565,-0.1496402707650713,0.0,0.22446040614760693,-0.1496402707650713,-124.56996146229429,46.38848393717209,62.36884873882527,0.07482013538253565,-64.8676862733264,-0.1496402707650713,-0.1496402707650713,-0.1496402707650713,0.07482013538253565,417.49635543454883,-29.92805415301426,0.1496402707650713,415.1695823230746,-0.037410067691267826,-0.16460429784157854,-415.1695823230746,22.44604061476069,128.83293640195546,116.6713518495725,417.49635543454883,-0.11223020307380346,283.7410067691268,-280.0,0.1496402707650713,-0.037410067691267826,7.482013538253568,149.64027076507128,-0.07482013538253565,-0.1496402707650713,0.037410067691267826,0.0,0.0,349.02965285392065,0.0,-255.0,0.0,430.8058686170587,-140.0,0.0,-80.0,-255.0,-325.0,-300.0,40.0,127.5,127.5,0.0,70.0,-250.07194584698573,-303.9326838807075,300.0,325.0,-303.9326838807075,-430.8058686170587,250.38412957467858,0.0,1496.5981,hplb
191,0.0,0.0,0.0,0.0,0.0,0.0,0.0,0.0,-0.08880763543106315,0.0,0.0,0.0,0.0,0.0,0.0,0.0,-446.6673591971921,-160.75919586661294,0.0,568.3163259099745,0.0,0.0,0.0,538.0298954513672,0.0,627.3303742990038,0.0,0.0,0.0,-861.3565985505514,0.0,0.0,138.03735125697344,0.0,0.0,0.0,0.0,848.679006811127,0.0,838.2629294858632,973.357709370681,0.0,0.0,-669.9659954915992,0.0,0.0,0.0,0.0,977.9899532393428,0.0,0.0,0.0,0.0,0.09768839897424185,0.0,0.0,0.0,17.76152708621263,0.0,0.0,-7.820992426961993,0.0,368.9579227875729,361.1369303606109,455.0325949959633,0.0,0.0,0.0,0.0,66.00493755609932,0.0,0.8880763543106315,0.0,0.0,0.0,0.0,0.0,0.0,0.0,0.0,0.0,0.0,0.0,0.0,53.2845812586379,0.0,0.0,0.0,82.53873755895174,281.72309553243525,-0.02220190885776579,0.0,0.0,0.0,26.64229062931895,0.0,26.64229062931895,-487.8304656724195,0.0,0.0,0.0,4.440381771553158,-1000.0,0.0,0.0,0.0,0.0,0.0,0.0,0.0,0.0,0.0,0.0,0.0,0.0,0.0,0.0,0.0,0.0,0.0,0.0,0.0,0.0,0.0,-986.5131731427455,0.0,0.0,26.64229062931895,0.0,27.53036698362958,0.0,0.0,-90.79468208796425,-707.7389029877683,798.5335850757325,-798.5335850757325,0.0,0.0,0.0,0.0,0.0,0.0,0.0,0.0,0.0,6.838187928191859,0.08880763543106315,0.0,0.0,0.0,0.0,0.0,0.0,0.0,0.0,0.0,465.49980979098785,0.0,0.0,0.0,0.0,0.0,-254.38323605299786,-254.38323605299786,0.0,0.0,0.0,0.0,0.0,0.0,0.0,-254.2944284175668,0.0,0.0,0.0,-1000.0,0.0,0.0,0.0,0.0,0.0,0.0,0.0,0.0,0.0,0.0,0.0,0.0,0.0,0.0,0.0,-1000.0,0.0,0.0,0.0,0.0,0.0,0.0,0.0,-82.53873755895174,82.53873755895174,0.0,0.0,0.0,0.0,0.0,0.0,0.0,138.6434014494486,-771.840303946838,0.0,0.0,0.0,0.0,0.0,0.0,0.0,0.0,0.0,0.0,0.0,0.0,0.0,0.0,-64.47694582757474,330.0340045084008,0.0,0.0,0.0,0.0,161.0304288214626,0.0,0.0,0.0,0.0,-7.820992426961993,1000.0,0.0,0.0,345.15975586637074,0.0,0.0,0.0,0.0,0.0,292.26282629982865,0.0,0.0,0.0,-165.07747511790348,0.0,895.451215680391,0.0,-330.0340045084008,0.0,0.0,0.0,0.0,0.0,0.0,0.0,-78.27203024891807,0.0,0.0,-801.8645840044405,198.13541599555953,92.91175266389064,-1000.0,0.0,-105.22366333166889,0.0,0.0,-652.971560754933,0.0,0.0,86.74287403120363,0.0,0.0,0.0,-1000.0,0.0,1000.0,0.0,-4.862690908155514,0.0,0.0,-610.8098751253755,0.0,0.0,0.0,-7.820992426961993,-0.13321145314659472,0.0,0.0,0.0,0.0,0.08880763543106315,0.0,0.0,0.0,520.0644542493898,-446.6673591971921,0.0,-148.487764803266,538.6487886741885,0.0,1000.0,0.0,0.0,0.0,0.0,0.0,0.0,0.0,-7.646337410614609,0.0,7.646337410614609,-1000.0,-1000.0,0.0,0.0,0.0,0.0,0.0,0.0,0.0,0.0,0.0,0.0,0.0,0.0,0.0,0.0,0.0,0.0,345.15975586637074,1000.0,0.0,150.96576264714872,0.0,0.0,777.2336861113688,0.0,0.0,332.57216560581253,77.30070412917996,0.0,0.0,0.0,16.44660145217859,0.0,0.0,-12.847168920950253,0.0,-879.2449382602529,0.0,-1000.0,0.0,-143.67241997071974,0.0,12.847168920950253,-4.440381771553158,577.6383544974153,877.0247473744763,-4.440381771553158,776.1049548473025,0.0,0.0,0.0,146.92337597535683,26.64229062931895,0.0,0.0,0.0,0.0,0.0,0.0,0.0,0.0,0.0,0.0,237.23847291378738,0.0,0.0,-249.6093527802734,0.0,0.0,138.6434014494486,0.0,0.0,-15.641984853923987,0.0,0.0,0.0,0.0,0.0,0.0,0.0,-91.11923645689369,0.17761527086190654,0.0,0.0,0.0,0.0,0.0,0.0,0.0,0.0,0.0,0.0,0.0,0.0,0.0,0.0,0.0,0.0,0.0,0.0,0.0,0.09768839897424185,0.09768839897424185,0.0,0.0,0.0,53.2845812586379,0.0,611.1045981513424,0.0,1000.0,0.0,0.0,0.0,0.0,0.0,608.1828802203186,-1000.0,0.0,0.0,0.0,0.0,0.0,0.0,0.0,0.0,0.0,0.0,0.0,0.0,0.0,328.8377243809152,-520.0644542493898,0.0,0.0,6.838187928191859,0.0,0.0,0.0,-161.0304288214626,0.0,608.1828802203186,0.0,1000.0,-482.93635623657514,-968.7499999999965,968.7499999999965,0.0,0.0,0.0,0.0,0.0,0.0,0.0,0.0,0.0,0.0,0.0,0.0,0.0,0.0,53.2845812586379,0.0,0.0,0.0,0.0,0.0,0.0,0.0,0.0,0.0,0.0,0.0,0.0,0.8880763543106315,0.0,0.0,0.0,0.0,0.0,0.0,0.0,0.0,26.64229062931895,0.0,0.0,0.0,0.0,0.0,0.0,0.0,0.0,0.0,0.0,547.0882742653357,0.0,0.0,26.64229062931895,26.64229062931895,1000.0,-1000.0,0.0,0.0,0.0,0.0,0.0,0.0,0.0,1000.0,138.6434014494486,940.7387242423578,0.08880763543106315,0.0,0.0,0.0,117.28316939178049,0.0,0.0,0.0,0.0,0.0,0.0,0.0,0.0,0.0,0.0,0.0,0.0,0.0,0.0,0.0,0.0,0.0,0.08880763543106315,0.0,0.0,0.0,-623.2210847854651,623.2210847854651,0.0,0.0,0.0,0.0,0.0,854.5343902405488,0.0,0.0,-849.0342373528513,-6.660572657329737,-2.6255795817764778,-1.814802189776679,0.0,-31.25,-31.25,31.250000000000004,0.0,0.0,0.0,0.0,0.0,0.0,0.0,0.0,0.0,0.0,0.0,151.36375774690998,0.0,0.0,0.0,-0.08880763543106315,0.0,0.0,0.08880763543106315,0.0,0.08880763543106315,0.0,66.00493755609932,0.0,53.2845812586379,108.34531522589705,108.34531522589705,0.0,0.0,0.0,0.0,0.0,0.0,0.0,0.0,0.0,138.6434014494486,0.0,0.0,0.0,0.0,0.0,0.0,0.0,0.0,0.0,0.0,0.0,0.0,0.0,0.0,0.0,0.0,0.0,161.0304288214626,0.0,-561.3254367429045,561.3254367429045,0.13321145314659472,0.0,0.0,0.0,-26.64229062931895,0.0,0.0,0.0,0.0,0.0,0.0,4.440381771553158,0.0,0.0,0.0,0.0,0.0,-150.24993760068187,-1.814802189776679,0.0,0.0,0.0,0.0,0.0,0.0,0.0,0.0,0.0,0.0,0.0,0.0,0.0,239.26065048204484,0.0,0.0,-72.94923347150191,0.0,72.94923347150191,0.0,-108.34531522589705,611.1045981513424,4.440381771553158,1000.0,0.0,0.0,0.0,-15.641984853923987,0.0,0.0,0.0,0.0,0.0,-376.4017183572005,0.0,0.0,0.0,-6.660572657329738,-6.660572657329737,108.34531522589705,0.0,0.0,0.0,0.0,0.0,0.0,0.0,0.0,0.0,292.26282629982865,0.0,0.0,13.321145314659475,-117.28316939178049,0.0,0.0,26.64229062931895,0.0,0.0,0.0,0.0,123.23898227504034,0.0,0.0,0.09768839897424185,0.0,0.0,0.0,54.17265761294853,0.0,0.0,0.0,0.0,-64.47694582757474,0.0,0.0,0.0,0.0,0.0,0.0,0.0,0.0,-295.2631633559089,0.0,0.008880763543106315,0.008880763543106315,0.0,0.0,0.0,0.0,0.0,0.0,0.0,0.0,0.0,0.0,0.0,0.0,0.0,0.0,0.0,0.0,0.0,0.0,0.0,0.0,0.0,0.0,0.0,0.0,0.0,0.0,0.0,0.0,0.0,0.0,-160.75919586661294,0.0,0.0,0.0,53.2845812586379,0.0,0.0,0.0,0.0,0.0,0.0,-53.2845812586379,0.0,0.0,0.0,0.0,0.0,0.0,0.0,0.0,0.0,0.0,0.0,0.0,-940.7387242423578,-1000.0,60.833230270278264,379.7931640358652,-406.4354546651841,0.0,848.679006811127,0.0,0.0,0.0,0.0,0.0,0.0,0.0,0.0,0.0,0.0,0.0,0.0,0.0,0.0,0.0,0.0,611.1045981513424,-11.100954428882893,0.0,-6.660572657329737,0.0,0.0,0.0,0.0,0.0,0.0,0.0,-1.1100954428882897,15.641984853923987,0.0,0.0,0.0,0.0,0.0,0.0,0.0,1000.0,26.64229062931895,26.64229062931895,0.0,0.0,0.0,0.0,0.0,0.09768839897424185,0.0,0.0,0.0,-848.679006811127,0.0,0.0,0.0,0.0,0.0,0.0,0.0,0.0,0.0,0.0,0.0,0.0,0.0,0.0,0.0,0.0,0.0,0.0,0.0,93.24801720261632,6.838187928191859,0.0,0.0,0.0,0.0,0.0,0.0,0.0,437.0275784578547,0.0,0.0,0.0,-11.100954428882893,0.0,0.0,0.0,0.0,0.0,0.0,0.0,0.0,0.0,0.0,0.0,0.0,0.0,0.0,0.0,0.0,0.0,0.0,-0.08880763543106315,0.0,0.0,4.440381771553158,-608.1828802203186,0.0,0.0,0.0,0.0,0.0,0.0,0.0,0.0,7.646337410614609,2.220190885776578,0.0,0.0,627.3303742990038,0.08880763543106315,0.0,88.80763543106315,-27.53036698362958,17.76152708621263,0.6343402530790225,247.77330285266623,-0.06660572657329736,4.440381771553158,1.7761527086212632,-0.4440381771553348,-247.77330285266623,26.642290629318946,-0.08880763543106315,0.0,0.0,0.02220190885776579,0.6343402530790225,0.0,-14.138175560624369,-1.7761527086212632,39.11022915383057,-0.08880763543106315,0.02220190885776579,-247.77330285266623,8.880763543106315,0.08880763543106315,0.08880763543106315,0.186496034405305,0.09768839897416946,-229.1565877138671,-0.06660572657329736,26.64229062931895,0.08880763543106315,26.64229062931895,-44.40381771553158,-0.04440381771553158,-236.34322207712074,-170.0,-0.06660572657329736,-0.08880763543106315,-27.53036698362958,0.08880763543106315,8.880763543106315,-1.7761527086212632,161.0304288214626,161.0304288214626,-8.880763543106315,-39.11022915383057,-161.0304288214626,17.76152708621263,0.13321145314659472,-741.1778040558105,8.880763543106315,-328.8377243809152,0.0,-17.76152708621263,0.04440381771553158,0.8880763543106315,37.1219412008165,17.76152708621263,-0.08880763543106315,-19.981717971989212,-0.186496034405305,27.53036698362958,0.08880763543106315,14.138175560624369,-106.5691625172758,0.0,-0.08880763543106315,-0.02220190885776579,0.0,-0.08880763543106315,-91.11923645689369,0.08880763543102477,-0.02220190885776579,-0.02220190885776579,-0.02220190885776579,35.52305417242526,44.40381771553158,0.8880763543106315,65.79535689998826,-0.02220190885776579,74.243882401633,4.440381771553158,50.0,0.08880763543106315,0.04440381771553158,0.04440381771553158,8.880763543106315,27.53036698362958,0.08880763543106315,-27.53036698362958,0.8880763543106315,0.08880763543106315,-65.79535689998826,0.08880763543106315,0.3552305417242135,0.4440381771553348,0.04440381771553158,0.02220190885776579,26.64229062931895,-0.08880763543106315,229.1565877138671,0.8880763543106316,-131.59071379997653,2.220190885776579,-8.880763543106315,17.76152708621263,4.440381771553158,-0.08880763543106315,0.0,0.13321145314659472,-0.08880763543106315,-17.76152708621263,27.53036698362958,1.7155183992666698,0.04440381771553158,-100.0,-0.08880763543106315,-0.08880763543102477,-0.08880763543106315,0.04440381771553158,247.77330285266623,-17.76152708621263,0.08880763543106315,74.243882401633,-0.02220190885776579,-0.09768839897416946,-74.243882401633,13.321145314659471,170.0,7.82107886114008,247.77330285266623,-0.06660572657329736,19.981717971989212,-17.76152708621263,0.08880763543106315,-0.02220190885776578,20.886983223731747,88.80763543106315,-0.04440381771553158,-0.08880763543106315,0.02220190885776579,594.5273320228893,0.0,459.4103047056597,0.0,-255.0,0.0,670.6861277992215,-140.0,0.0,-80.0,-255.0,-257.02217756825746,-281.72309553243525,40.0,127.5,127.5,0.0,70.0,0.0,-124.95450067430701,281.72309553243525,257.02217756825746,-124.95450067430701,-670.6861277992215,384.18726338669546,0.0,1496.5981,hplb
192,0.0,0.0,0.0,0.0,0.0,0.0,0.0,0.0,316.1344799048894,0.0,0.0,0.0,0.0,0.0,0.0,0.0,214.20981332141096,-643.6565393801311,0.0,496.1744121582733,0.0,0.0,0.0,0.0,0.0,0.0,0.0,0.0,0.0,-674.9554570544501,0.0,0.0,137.54548069187214,0.0,0.0,0.0,0.0,999.5557431116515,0.0,-113.08510381573963,993.0240414623474,0.0,0.0,827.5108992244792,0.0,0.0,0.0,0.0,-259.1943573103306,0.0,0.0,280.05999895663035,0.0,0.12217064429611568,0.0,0.0,0.0,22.21284441744499,0.0,0.0,41.781102427040004,0.0,112.905372329524,0.0,0.0,0.0,0.0,0.0,0.0,472.7650151284222,0.0,1.1106422208722497,0.0,0.0,0.0,0.0,0.0,0.0,0.0,0.0,0.0,0.0,0.0,0.0,66.63853325233504,0.0,0.0,1000.0,257.0216084941401,-214.04321698828014,-0.02776605552180624,0.0,0.0,0.0,33.31926662616749,0.0,212.16073872872326,-3.5762679512081985,673.8394398155483,0.0,0.0,109.02254625783371,-1000.0,0.0,0.0,0.0,0.0,0.0,0.0,0.0,0.0,0.0,0.0,0.0,0.0,0.0,0.0,0.0,0.0,0.0,0.0,0.0,0.0,0.0,-1000.0,0.0,0.0,212.16073872872326,0.0,34.42990884703974,0.0,0.0,-818.7925151931623,818.7925151931623,0.0,0.0,-747.2939391490886,0.0,0.0,592.6074643925247,0.0,0.0,0.0,0.0,0.0,8.551945100716317,0.11106422208722495,0.0,0.0,0.0,-888.8744356260974,888.8744356260974,0.0,0.0,0.0,0.0,427.7332649488161,0.0,0.0,0.0,0.0,0.0,97.05658951454174,97.05658951454174,0.0,0.0,0.0,0.0,0.0,0.0,0.0,97.16765373662896,0.0,0.0,0.0,-601.2854109224215,0.0,0.0,0.0,0.0,0.0,0.0,0.0,0.0,0.0,0.0,-393.15324102529166,0.0,0.0,0.0,0.0,-1000.0,0.0,0.0,0.0,0.0,0.0,0.0,-280.05999895663035,257.0216084941401,-257.0216084941401,77.28885014804823,0.0,0.0,0.0,0.0,0.0,0.0,325.04454294554995,695.7975965858245,0.0,0.0,0.0,0.0,0.0,0.0,0.0,0.0,0.0,0.0,0.0,0.0,0.0,0.0,186.43349816865663,1000.0,0.0,0.0,0.0,77.39762460851574,158.78251356919026,0.0,0.0,0.0,0.0,41.781102427040004,172.4891007755208,0.0,0.0,115.41666143723245,0.0,0.0,0.0,0.0,0.0,0.0,0.0,178.84147210255577,0.0,0.0,0.0,717.7672522271791,0.0,-1000.0,0.0,0.0,154.686474756564,135.49835094641446,0.0,0.0,0.0,-225.2778522409867,0.0,0.0,1000.0,841.3869784845411,895.167500702029,104.83249929797103,53.78052221748781,0.0,514.0432169882802,0.0,-351.2061624607567,0.0,0.0,73.79781590611915,0.0,0.0,0.0,-1000.0,0.0,1000.0,0.0,96.94552529245452,0.0,77.39762460851574,931.868960303063,0.0,0.0,0.0,41.781102427040004,-0.16659633313083744,0.0,0.0,0.0,0.0,0.11106422208722495,0.0,0.0,0.0,551.7678975540383,214.20981332141096,0.0,-469.95084873352585,593.2504025255777,0.0,1000.0,0.0,0.0,0.0,0.0,0.0,0.0,0.0,-9.562629521710235,-572.2343583076124,581.7969878293227,-1000.0,-1000.0,0.0,0.0,0.0,0.0,0.0,0.0,0.0,0.0,0.0,0.0,0.0,0.0,0.0,0.0,0.0,0.0,115.41666143723245,0.0,0.0,-1000.0,0.0,0.0,0.0,1000.0,0.0,0.0,-8.551945100716352,0.0,673.8394398155483,0.0,0.0,103.46933515347246,0.0,0.0,0.0,0.0,572.2343583076124,0.0,-5.553211104361248,0.0,-731.344962869771,0.0,-557.2878786810975,0.0,-2.776605552180624,0.0,208.92492436959105,0.0,-209.98837623520302,-276.9350963861491,626.233240439351,212.16073872872326,0.0,0.0,0.0,0.0,0.0,316.24554412697665,0.0,0.0,0.0,0.0,232.78715558255502,0.0,0.0,0.0,0.0,0.0,325.04454294554995,0.0,0.0,-71.12426990248399,0.0,0.0,205.18478019107076,0.0,0.0,0.0,0.0,-25.727240560066647,0.22212844417452407,0.0,0.0,0.0,0.0,0.0,0.0,0.0,0.0,0.0,472.7650151284222,0.0,0.0,0.0,0.0,0.0,0.0,0.0,0.0,0.0,0.12217064429611568,0.12217064429611568,0.0,256.89437100081494,0.0,66.63853325233504,0.0,0.0,0.0,34.678032323890086,0.0,10.393916826461817,0.0,0.0,0.0,686.373806077565,-34.678032323890086,0.0,0.0,0.0,0.0,0.0,205.18478019107076,0.0,0.0,0.0,0.0,0.0,0.0,0.0,333.3333333333333,-551.7678975540383,0.0,0.0,8.551945100716317,0.0,0.0,0.0,-236.07136371723848,0.0,686.373806077565,0.0,660.6465655174983,0.0,0.0,0.0,0.0,0.0,0.0,0.0,0.0,0.0,0.0,0.0,0.0,0.0,0.0,0.0,0.0,0.0,66.63853325233498,154.686474756564,154.686474756564,0.0,0.0,0.0,0.0,0.0,0.0,0.0,0.0,0.0,0.0,1.1106422208722497,0.0,0.0,0.0,0.0,0.0,-280.05999895663035,0.0,0.0,212.16073872872326,0.0,0.0,0.0,0.0,0.0,0.0,0.0,0.0,0.0,0.0,155.37884670002774,967.4180969913965,0.0,33.31926662616749,33.31926662616749,-406.89346876417267,-34.678032323890086,0.0,205.18478019107076,0.0,0.0,0.0,0.0,0.0,1000.0,325.04454294554995,901.6216120715271,0.11106422208722495,0.0,0.0,0.0,146.67617158362162,0.0,0.0,0.0,0.0,0.0,0.0,0.0,0.0,0.0,0.0,0.0,0.0,0.0,0.0,0.0,0.0,0.0,0.11106422208722495,0.0,0.0,0.0,0.0,0.0,0.0,0.0,0.0,0.0,0.0,665.287494714832,0.0,0.0,-1000.0,-8.329816656541873,0.0,-5.553211104361248,0.0,0.0,0.0,0.0,0.0,0.0,0.0,0.0,0.0,0.0,0.0,154.686474756564,0.0,0.0,0.0,421.7980753085092,0.0,0.0,0.0,316.1344799048894,0.0,0.0,0.11106422208722495,0.0,0.11106422208722495,0.0,0.0,0.0,66.63853325233504,135.49835094641446,135.49835094641446,0.0,0.0,0.0,0.0,0.0,0.0,0.0,0.0,0.0,325.04454294554995,0.0,0.0,0.0,0.0,0.0,0.0,0.0,0.0,0.0,0.0,0.0,0.0,0.0,0.0,0.0,0.0,0.0,236.07136371723848,0.0,0.0,0.0,0.16659633313083744,0.0,0.0,0.0,-212.16073872872326,0.0,0.0,0.0,0.0,0.0,-256.89437100081494,5.553211104361248,0.0,0.0,0.0,0.0,0.0,-991.4480548992836,-5.553211104361248,0.0,0.0,0.0,0.0,0.0,0.0,0.0,154.686474756564,0.0,0.0,0.0,256.89437100081494,0.0,302.787155582555,0.0,0.0,-1000.0,673.8394398155483,326.16056018445164,0.0,0.0,0.0,5.553211104361248,1000.0,0.0,0.0,0.0,-71.12426990248399,1000.0,-1000.0,-866.8842002779038,866.8842002779038,0.0,0.0,0.0,0.0,0.0,384.8234243687498,-8.329816656541823,135.49835094641446,0.0,0.0,0.0,0.0,0.0,0.0,0.0,0.0,0.0,0.0,0.0,0.0,273.5540043138987,-619.4411867120439,-501.8619740051645,0.0,33.31926662616749,0.0,0.0,0.0,0.0,114.26712965372042,0.0,0.0,0.12217064429611568,0.0,0.0,0.0,67.74917547320723,0.0,0.0,0.0,0.0,186.43349816865663,0.0,0.0,0.0,0.0,0.0,0.0,0.0,0.0,-427.80431972865813,0.0,595.4505228630198,0.011106422208722813,0.0,0.0,0.0,0.0,0.0,0.0,0.0,0.0,0.0,0.0,0.0,0.0,0.0,0.0,0.0,256.89437100081494,0.0,0.0,0.0,0.0,0.0,0.0,0.0,0.0,0.0,0.0,0.0,0.0,0.0,34.13352007337765,-643.6565393801311,0.0,0.0,0.0,66.63853325233504,0.0,0.0,0.0,0.0,0.0,933.361466747665,-1000.0,0.0,0.0,0.0,0.0,0.0,0.0,0.0,0.0,0.0,0.0,0.0,0.0,-901.6216120715271,-1000.0,76.07899212974911,0.0,-212.16073872872326,0.0,999.5557431116515,0.0,0.0,0.0,0.0,0.0,0.0,0.0,0.0,0.0,0.0,0.0,0.0,0.0,0.0,0.0,0.0,0.0,-13.88302776090312,154.686474756564,-111.79915181001434,0.0,0.0,0.0,0.0,0.0,0.0,-687.9014298535237,686.5131270774334,71.12426990248399,0.0,0.0,0.0,0.0,0.0,0.0,0.0,1000.0,33.31926662616749,33.31926662616749,0.0,0.0,0.0,0.0,0.0,0.12217064429611568,256.89437100081494,0.0,0.0,-999.5557431116515,595.4394164408111,0.0,0.0,0.0,0.0,0.0,0.0,0.0,0.0,0.0,0.0,0.0,0.0,0.0,0.0,0.0,0.0,0.0,0.0,116.61743319158622,0.0,0.0,8.551945100716317,0.0,0.0,0.0,256.89437100081494,0.0,987.8717869480754,0.0,0.0,0.0,-13.88302776090312,0.0,0.0,0.0,0.0,0.0,0.0,0.0,0.0,0.0,0.0,0.0,0.0,0.0,0.0,0.0,0.0,0.0,0.0,-0.11106422208722495,0.0,0.0,5.553211104361248,-686.373806077565,0.0,0.0,0.0,0.0,154.68647475656397,0.0,0.0,0.0,9.562629521710235,2.776605552180624,0.0,0.0,0.0,0.11106422208722495,0.0,111.06422208722495,-34.42990884703974,22.212844417444995,0.7933158720516068,309.86917962335764,-0.08329816656541872,557.2878786810975,2.221284441744499,-0.5553211104356706,-309.86917962335764,33.31926662616749,-0.11106422208722495,0.0,205.18478019107076,0.02776605552180624,0.7933158720516068,0.0,-17.68142415628585,-2.221284441744499,-66.72768609955315,-0.11106422208722495,0.02776605552180624,-309.86917962335764,11.106422208722496,0.11106422208722495,0.11106422208722495,-256.6611361344316,0.12217064429596565,-163.27272125193878,-0.08329816656541872,33.31926662616749,0.11106422208722495,212.16073872872326,123.3093610589433,-0.05553211104361248,-264.4605436968773,-170.0,-0.08329816656541872,-0.11106422208722495,-34.42990884703974,0.11106422208722495,11.106422208722496,-2.221284441744499,236.07136371723848,236.07136371723848,-11.106422208722496,66.72768609955315,-236.07136371723848,22.21284441744499,0.16659633313083744,-367.43096931102536,11.106422208722496,-333.3333333333333,205.18478019107076,-22.21284441744499,0.05553211104361248,1.1106422208722497,117.48771218338146,279.10721541825995,-0.11106422208722495,-281.8838209704405,256.6611361344316,34.42990884703974,0.11106422208722495,17.68142415628585,-106.9337584161551,205.18478019107076,-0.11106422208722495,-0.02776605552180624,-205.18478019107076,-0.11106422208722495,-25.727240560066647,0.11106422208722495,-0.02776605552180624,-0.02776605552180624,-0.02776605552180624,44.42568883488998,-123.3093610589433,1.1106422208722497,82.28470553887246,-0.02776605552180624,234.97542436676292,5.553211104361248,18.41683138439457,0.11106422208722495,0.05553211104361248,0.05553211104361248,75.0,34.42990884703974,0.11106422208722495,-34.42990884703974,1.1106422208722497,0.111064222087225,-82.28470553887246,0.11106422208722495,0.444256888348491,0.5553211104356706,0.05553211104361248,0.02776605552180624,33.31926662616749,-0.11106422208722495,163.27272125193878,1.1106422208722495,-164.56941107774492,554.5112731289169,-11.106422208722496,22.21284441744499,5.553211104361248,-0.11106422208722495,0.0,0.16659633313083744,-0.111064222087225,-150.0,34.42990884703974,196.31874226196334,0.05553211104361248,-36.83366276878914,-0.11106422208722495,-0.11106422208722495,-0.11106422208722495,0.05553211104361248,309.86917962335764,-22.21284441744499,0.11106422208722495,234.97542436676292,-0.02776605552180624,-0.12217064429596565,-234.97542436676292,16.65963331308374,170.0,-193.2409808064984,309.86917962335764,-0.08329816656541872,281.8838209704405,-279.10721541825995,0.11106422208722495,-0.027766055521806242,5.553211104361248,111.06422208722495,-0.05553211104361248,-0.11106422208722495,0.02776605552180624,0.0,0.0,67.37543719998175,0.0,-255.0,0.0,758.7468961699915,-140.0,0.0,-80.0,-255.0,-325.0,-300.0,40.0,127.5,127.5,0.0,70.0,-256.89437100081494,-310.58587191568375,300.0,325.0,-310.58587191568375,-758.7468961699915,427.28711618871205,0.0,1496.5981,hplb
193,0.0,0.0,0.0,0.0,0.0,0.0,0.0,0.0,-0.1193859173103488,0.0,0.0,0.0,0.0,0.0,0.0,0.0,924.8718884455807,-951.2736575983724,0.0,0.0,0.0,0.0,0.0,760.5297758521424,0.0,0.0,0.0,0.0,0.0,-1000.0,80.17714735790486,-80.17714735790486,77.15806549981048,0.0,0.0,0.0,0.0,999.5224563307581,0.0,-1000.0,623.3562767597418,0.0,-135.1516651318418,0.0,0.0,0.0,0.0,0.0,0.0,0.0,0.0,984.8954420230033,0.0,0.13132450904150175,0.0,0.0,0.0,23.87718346206976,0.0,0.0,-37.23963557043354,0.0,-15.45722695458388,-52.69686252501742,0.0,0.0,0.0,0.0,0.0,0.0,0.0,1.1938591731034882,0.0,0.0,0.0,0.0,0.0,0.0,0.0,0.0,0.0,0.0,-48.4280045393508,0.0,71.63155038620928,0.0,0.0,878.4389113666898,155.18287305794107,-700.0,-0.0298464793275872,0.0,0.0,0.0,35.81577519310464,0.0,35.81577519310464,-84.02137389529923,0.0,0.0,0.0,5.96929586551744,-1000.0,0.0,0.0,-60.20350572763068,0.0,0.0,0.0,0.0,0.0,0.0,0.0,0.0,0.0,0.0,0.0,0.0,0.0,0.0,0.0,0.0,0.0,0.0,-529.0987412343785,0.0,0.0,35.81577519310464,0.0,37.00963436620813,0.0,0.0,138.42322513797288,0.0,-138.42322513797288,138.42322513797288,0.0,1000.0,-1000.0,0.0,0.0,0.0,0.0,0.0,0.0,57.62072017224765,0.1193859173103488,0.0,0.0,0.0,0.0,0.0,0.0,0.0,48.4280045393508,0.0,602.0196500941026,0.0,0.0,0.0,0.0,0.0,919.7034667247848,919.7034667247848,0.0,0.0,0.0,93.75000000000001,619.1698195054917,0.0,0.0,1000.0,0.0,0.0,0.0,27.87325820612054,-482.3578801842126,0.0,0.0,0.0,0.0,0.0,0.0,0.0,0.0,0.0,-958.1118248404615,0.0,0.0,0.0,0.0,-1000.0,0.0,0.0,0.0,0.0,0.0,0.0,-849.7437768911615,844.817126942059,-844.817126942059,0.0,0.0,0.0,0.0,0.0,0.0,0.0,0.0,-713.8004231258634,0.0,0.0,0.0,0.0,0.0,0.0,0.0,0.0,0.0,0.0,0.0,0.0,0.0,39.02057202096802,-7.433170762346229,924.8718884455807,0.0,0.0,0.0,0.0,154.8341093480025,0.0,0.0,0.0,0.0,-37.23963557043354,924.8718884455807,80.17714735790486,0.0,0.0,0.0,0.0,0.0,0.0,0.0,0.0,0.0,0.0,0.0,224.69280956961512,-600.0931094463447,873.5122614175873,0.0,-924.8718884455807,0.0,0.0,0.0,-692.640922175571,0.0,0.0,0.0,-25.394968592579033,0.0,0.0,457.00385958494587,-157.23188515807604,1000.0,-385.76425525697823,1000.0,157.23188515807604,1000.0,0.0,0.0,0.0,0.0,178.25259994787066,0.0,0.0,0.0,17.494244157825733,0.0,-17.494244157825733,0.0,1000.0,0.0,0.0,0.0,93.75000000000001,0.0,0.0,-37.23963557043354,-0.1790788759655232,0.0,0.0,0.0,0.0,0.1193859173103488,0.0,0.0,0.0,809.3501154588929,924.8718884455807,0.0,-877.7220901534939,-222.3393649711731,482.3578801842126,659.1720519528465,0.0,-316.9933030202976,0.0,-60.20350572763068,0.0,0.0,0.0,-10.279127480421147,327.27243050071877,0.0,643.2745852507505,60.19738434198717,0.0,0.0,0.0,0.0,0.0,0.0,0.0,0.0,0.0,0.0,0.0,0.0,0.0,0.0,0.0,0.0,0.0,0.0,0.0,-1000.0,48.4280045393508,0.0,0.0,0.0,0.0,0.0,22.556427185657206,0.0,0.0,0.0,0.0,0.0,672.7275694992812,0.0,0.0,0.0,-1000.0,0.0,631.7668028353988,289.1615662494063,-449.91470390779097,0.0,-5.96929586551744,0.0,-2.98464793275872,-637.7360987009163,-359.6542831692854,0.0,453.649153748274,0.0,-531.2500000000007,35.81577519310464,0.0,0.0,0.0,503.6236949887068,0.0,0.0,0.0,-39.02057202096802,39.02057202096802,39.02057202096802,-212.29737272314588,0.0,0.0,-0.2387718346206976,0.0,0.0,0.0,0.0,0.0,-74.47927114086707,0.0,0.0,0.0,0.0,0.0,0.0,0.0,-43.24894595545087,0.23877183462056525,0.0,0.0,0.0,0.0,0.0,0.0,0.0,0.0,0.0,0.0,0.0,0.0,0.0,0.0,0.0,0.0,0.0,0.0,0.0,0.13132450904150175,0.13132450904150175,80.17714735790486,295.14338855889827,0.0,71.63155038620928,0.0,0.0,0.0,1000.0,0.0,890.151910006104,0.0,0.0,0.0,227.20299056150074,-1000.0,0.0,0.0,0.0,0.0,0.0,0.0,0.0,0.0,0.0,0.0,0.0,0.0,0.0,176.36624707812618,-809.3501154588929,0.0,0.0,9.192715632896851,0.0,0.0,0.0,-154.8341093480025,0.0,227.20299056150074,0.0,-816.0459553939501,1000.0,968.7499999999992,-968.7499999999992,39.02057202096802,0.0,0.0,0.0,0.0,0.0,0.0,0.0,0.0,0.0,0.0,0.0,0.0,0.0,71.63155038620928,0.0,0.0,0.0,0.0,0.0,0.0,0.0,0.0,0.0,0.0,0.0,0.0,1.1938591731034882,0.0,80.17714735790486,0.0,0.0,80.17714735790486,-849.7437768911615,0.0,0.0,35.81577519310464,0.0,0.0,0.0,0.0,0.0,0.0,0.0,0.0,0.0,0.0,169.43608023302863,12.49808104224141,0.0,35.81577519310464,35.81577519310464,1000.0,-1000.0,0.0,0.0,0.0,0.0,0.0,0.0,0.0,973.1127074410416,0.0,1000.0,0.1193859173103488,0.0,0.0,157.66615893935995,0.0,0.0,0.0,0.0,0.0,0.0,0.0,0.0,0.0,0.0,0.0,0.0,0.0,0.0,0.0,0.0,0.0,0.0,0.1193859173103488,0.0,0.0,0.0,-968.7499999999993,968.7499999999993,0.0,0.0,0.0,0.0,0.0,22.556427185657206,0.0,0.0,-1000.0,-8.95394379827616,0.0,-5.969295865517445,0.0,0.0,0.0,0.0,0.0,0.0,0.0,0.0,0.0,0.0,0.0,0.0,482.3578801842126,0.0,0.0,-71.63155038620928,0.0,0.0,0.0,-0.1193859173103488,0.0,0.0,0.1193859173103488,0.0,0.1193859173103488,0.0,0.0,0.0,71.63155038620928,145.65081911862555,145.65081911862555,0.0,0.0,0.0,0.0,0.0,0.0,0.0,0.0,0.0,0.0,0.0,0.0,0.0,0.0,0.0,0.0,0.0,0.0,0.0,0.0,0.0,0.0,0.0,0.0,0.0,0.0,0.0,154.8341093480025,0.0,0.0,0.0,0.1790788759655232,0.0,0.0,0.0,-35.81577519310464,0.0,0.0,0.0,0.0,0.0,-295.14338855889827,5.96929586551744,0.0,0.0,0.0,-93.75000000000001,-619.1698195054917,-22.556427185657206,-5.969295865517445,0.0,0.0,0.0,0.0,0.0,0.0,0.0,0.0,0.0,0.0,671.7288462344172,256.12281653793025,0.0,301.12281653793025,-60.20350572763068,0.0,0.0,0.0,0.0,48.4280045393508,-838.2917412941965,0.0,5.969295865517445,535.9946937815987,0.0,0.0,-80.17714735790486,-74.47927114086707,0.0,0.0,400.7742762581357,-400.7742762581357,0.0,0.0,0.0,0.0,0.0,940.2039372439093,0.0,145.65081911862555,0.0,0.0,0.0,80.17714735790486,0.0,0.0,0.0,0.0,0.0,0.0,0.0,0.0,322.0052199537265,-157.66615893935995,647.224544340755,-135.1516651318418,35.81577519310464,0.0,0.0,0.0,0.0,301.9716591999652,0.0,0.0,0.13132450904150175,0.0,0.0,0.0,72.82540955931277,0.0,0.0,0.0,0.0,-7.433170762346229,0.0,0.0,0.0,0.0,0.0,0.0,0.0,0.0,426.028421811272,0.0,0.01193859173103488,0.01193859173103488,0.0,0.0,0.0,0.0,0.0,0.0,0.0,0.0,0.0,157.66615893935995,80.17714735790486,0.0,0.0,0.0,0.0,295.14338855889827,0.0,0.0,0.0,0.0,0.0,0.0,0.0,0.0,0.0,0.0,0.0,0.0,1000.0,0.0,-951.2736575983724,0.0,0.0,0.0,71.63155038620928,0.0,0.0,0.0,0.0,0.0,0.0,-71.63155038620928,0.0,0.0,0.0,0.0,0.0,0.0,0.0,0.0,0.0,80.17714735790486,80.17714735790486,0.0,60.19738434198717,616.3872926917921,81.77935335758895,0.0,-35.81577519310464,0.0,999.5224563307581,0.0,0.0,0.0,0.0,0.0,0.0,0.0,0.0,0.0,0.0,0.0,0.0,0.0,0.0,0.0,0.0,0.0,-14.923239663793606,0.0,-8.95394379827616,-8.95394379827618,0.0,0.0,0.0,0.0,0.0,-1.4923239663793602,0.0,122.90727568021788,0.0,0.0,0.0,0.0,0.0,0.0,0.0,1000.0,35.81577519310464,35.81577519310464,0.0,0.0,0.0,0.0,0.0,0.13132450904150175,295.14338855889827,0.0,0.0,-999.5224563307581,0.0,0.0,0.0,0.0,0.0,0.0,0.0,0.0,0.0,0.0,0.0,0.0,0.0,0.0,0.0,0.0,0.0,0.0,0.0,125.35521317586625,0.0,0.0,9.192715632896851,0.0,0.0,0.0,295.14338855889827,0.0,-61.46494670964203,0.0,0.0,0.0,-14.923239663793606,0.0,0.0,0.0,0.0,0.0,0.0,0.0,0.0,0.0,0.0,0.0,0.0,0.0,0.0,0.0,0.0,0.0,0.0,-0.1193859173103488,0.0,0.0,5.96929586551744,-227.20299056150074,0.0,0.0,0.0,0.0,0.0,0.0,0.0,0.0,10.279127480421147,2.98464793275872,0.0,0.0,0.0,0.1193859173103488,0.0,119.38591731034879,-37.00963436620813,23.877183462069762,0.8527565522167772,333.0867092958732,-0.0895394379827616,5.96929586551744,2.387718346206976,-0.5969295865521644,-333.0867092958732,35.81577519310464,-0.1193859173103488,20.06783524254356,0.0,0.0298464793275872,0.8527565522167772,-60.20350572763068,-19.00623803580867,77.78942901169788,26.401769152791758,-0.1193859173103488,0.0298464793275872,-333.0867092958732,11.93859173103488,0.1193859173103488,0.1193859173103488,-294.8926781325464,0.13132450904138368,0.0,-0.0895394379827616,35.81577519310464,0.1193859173103488,35.81577519310464,-59.6929586551744,-0.0596929586551744,-481.61263863884125,-166.89208699634773,-0.0895394379827616,-0.1193859173103488,-37.00963436620813,0.1193859173103488,11.93859173103488,-2.387718346206976,154.8341093480025,154.8341093480025,-11.93859173103488,-26.401769152791758,-154.8341093480025,23.87718346206976,0.1790788759655232,-410.90438131596784,11.93859173103488,-176.36624707812618,0.0,-23.87718346206976,0.0596929586551744,1.1938591731034882,219.43052253837348,280.0,-0.1193859173103488,-322.0052199537265,294.8926781325464,37.00963436620813,0.1193859173103488,19.00623803580867,-143.26310077241845,0.0,-0.1193859173103488,-0.0298464793275872,0.0,-0.1193859173103488,-43.24894595545087,0.11938591731046248,-0.0298464793275872,-0.0298464793275872,-0.0298464793275872,47.75436692413952,59.6929586551744,1.1938591731034882,88.4500414873059,-0.0298464793275872,418.7932098342034,5.96929586551744,27.593768843242877,0.1193859173103488,0.0596929586551744,0.0596929586551744,11.93859173103488,37.00963436620813,0.1193859173103488,-37.00963436620813,1.1938591731034882,0.1193859173103488,-88.4500414873059,0.1193859173103488,0.477543669241868,0.5969295865521644,0.0596929586551744,0.0298464793275872,35.81577519310464,-0.1193859173103488,0.0,-38.89471450584894,-176.9000829746118,2.9846479327587208,-11.93859173103488,23.87718346206976,5.96929586551744,-0.1193859173103488,60.20350572763068,0.1790788759655232,-0.1193859173103488,-23.87718346206976,37.00963436620813,-108.26932603875284,0.0596929586551744,-55.187537686485754,-0.1193859173103488,-0.11938591731046248,-0.1193859173103488,0.0596929586551744,333.0867092958732,-23.87718346206976,0.1193859173103488,438.86104507674696,-0.0298464793275872,-0.13132450904138368,-438.86104507674696,17.907887596552317,166.89208699634773,96.82238940153925,333.0867092958732,-0.0895394379827616,322.0052199537265,-280.0,0.1193859173103488,-0.029846479327587196,5.969295865517445,119.38591731034879,-0.0596929586551744,-0.1193859173103488,0.0298464793275872,0.0,0.0,110.84468835731266,0.0,-255.0,0.0,69.52689383210272,-140.0,0.0,287.16823940657736,-255.0,-325.0,-300.0,-143.58411970328868,127.5,127.5,0.0,70.0,-295.14338855889827,-193.70233316121232,300.0,325.0,-193.70233316121232,-69.52689383210272,100.42570143674315,0.0,1496.5981,hplb
194,0.0,0.0,0.0,0.0,0.0,0.0,0.0,0.0,-0.11563789492339346,0.0,0.0,0.0,0.0,0.0,0.0,0.0,-657.4463270663825,-42.55367293361746,0.0,1000.0,0.0,0.0,0.0,878.6168290416643,0.0,0.0,0.0,0.0,0.0,-901.6136235657463,0.0,0.0,674.9345311083796,0.0,0.0,0.0,0.0,318.9491997454177,0.0,-1000.0,965.308631522982,0.0,0.0,0.0,0.0,0.0,0.0,0.0,894.5788134006295,0.0,0.0,335.5188627685007,0.0,0.12720168441569513,0.0,0.0,0.0,0.0,0.0,0.0,-180.75690442161758,0.0,473.17640682676495,292.4195024051474,0.0,0.0,0.0,0.0,0.0,0.0,0.0,1.156378949233935,0.0,0.0,0.0,0.0,0.0,0.0,0.0,0.0,0.0,0.0,339.2012497430026,0.0,69.38273695403609,0.0,170.5730604753634,0.0,754.3080749885895,1.151873926414055,-0.028909473730848366,0.0,0.0,330.08089879807505,34.691368477018045,0.0,34.691368477018045,0.0,0.0,0.0,339.2012497430026,289.83737253633655,-901.6136235657463,0.0,0.0,0.0,0.0,0.0,0.0,0.0,0.0,0.0,0.0,0.0,0.0,0.0,0.0,0.0,0.0,0.0,0.0,0.0,0.0,0.0,-304.39988412875533,0.0,0.0,34.691368477018045,0.0,35.84774742625198,0.0,0.0,0.0,0.0,0.0,0.0,0.0,231.91061560672608,-231.91061560672608,0.0,0.0,0.0,0.0,0.0,0.0,-159.7240713585379,0.11563789492339346,0.0,0.0,0.0,0.0,-698.1275789846787,0.0,0.0,0.0,0.0,670.2588315025251,0.0,0.0,0.0,0.0,0.0,750.5313074121301,750.5313074121301,0.0,0.0,0.0,0.0,-523.8973501509037,0.0,0.0,750.6469453070534,0.0,0.0,0.0,0.0,-1000.0,0.0,0.0,0.0,0.0,0.0,0.0,0.0,0.0,0.0,0.0,0.0,0.0,0.0,0.0,-998.5900863160407,0.0,0.0,0.0,0.0,0.0,0.0,-335.5188627685007,-754.3080749885895,754.3080749885895,0.0,0.0,0.0,0.0,0.0,0.0,0.0,0.0,-14.45473686542419,0.0,0.0,0.0,0.0,0.0,0.0,0.0,0.0,0.0,0.0,0.0,0.0,0.0,0.0,644.3827369540361,1000.0,0.0,0.0,0.0,0.0,51.98645484714658,0.0,0.0,0.0,0.0,-180.75690442161758,1000.0,0.0,0.0,0.0,0.0,0.0,0.0,0.0,0.0,3.7235402165351275,23.127578984678692,0.0,0.0,-656.4679099823536,852.1482399948254,-195.2481243564606,0.0,-1000.0,0.0,0.0,0.0,86.46052669147082,0.0,0.0,0.0,-96.94090274771133,0.0,0.0,0.0,0.0,999.9999999999999,-1000.0,999.9999999999999,0.0,0.0,0.0,-355.92169855433576,0.0,0.0,270.6432719891212,0.0,0.0,0.0,-466.1186981372896,0.0,466.1186981372896,0.0,331.79762139065963,0.0,0.0,-278.9564023810698,0.0,0.0,0.0,-180.75690442161758,-0.17345684238509018,0.0,0.0,0.0,0.0,0.11563789492339346,0.0,0.0,0.0,908.1887227753409,-657.4463270663825,0.0,-801.7078977378486,123.0830514525793,1000.0,1000.0,0.0,0.0,0.0,0.0,0.0,0.0,0.0,-9.956422752904139,0.0,9.956422752904139,-1000.0,298.1331101806351,0.0,0.0,0.0,0.0,0.0,0.0,0.0,0.0,0.0,0.0,0.0,0.0,0.0,0.0,0.0,0.0,0.0,-680.5882486748887,0.0,-1000.0,0.0,0.0,0.0,0.0,0.0,0.0,156.00053114200279,0.0,0.0,0.0,0.0,284.0554777901669,0.0,0.0,-456.40242454535746,0.0,0.0,960.4038905949453,0.0,245.82830184361958,-411.49115011087304,0.0,308.59279090410433,454.25174937153065,-2.8909473730848365,-5.781894746169673,-1000.0,0.0,0.0,0.0,-75.16463170020576,34.691368477018045,0.0,0.0,0.0,628.0560240969535,0.0,0.0,0.0,0.0,0.0,0.0,-933.6737316678186,0.0,0.0,-93.10113329954322,0.0,0.0,0.0,0.0,0.0,-20.367687892508343,0.0,0.0,0.0,0.0,0.0,0.0,0.0,-88.43621050766066,0.23127578984679076,0.0,0.0,0.0,0.0,0.0,0.0,0.0,0.0,0.0,0.0,0.0,0.0,0.0,0.0,0.0,0.0,0.0,0.0,0.0,0.12720168441569513,0.12720168441569513,0.0,152.466726673452,0.0,69.38273695403609,0.0,0.0,0.0,1000.0,0.0,0.0,170.5730604753634,0.0,0.0,-129.8717837150704,-1000.0,0.0,0.0,0.0,0.0,0.0,0.0,0.0,0.0,0.0,0.0,0.0,0.0,0.0,101.46662804291844,-908.1887227753409,698.1275789846787,0.0,179.4771783844647,0.0,409.19635741446064,-79.11545861638558,-131.10191346353216,0.0,-129.8717837150704,0.0,0.0,-218.30799422273105,531.2500000000005,-531.2500000000005,0.0,0.0,0.0,0.0,0.0,0.0,0.0,0.0,0.0,0.0,0.0,0.0,0.0,0.0,69.38273695403609,0.0,0.0,0.0,0.0,0.0,0.0,0.0,0.0,0.0,0.0,0.0,0.0,1.156378949233935,0.0,0.0,170.5730604753634,-170.5730604753634,0.0,-335.5188627685007,0.0,0.0,34.691368477018045,0.0,0.0,0.0,0.0,0.0,0.0,0.0,0.0,0.0,0.0,1000.0,0.0,0.0,34.691368477018045,34.691368477018045,1000.0,-1000.0,0.0,0.0,0.0,0.0,0.0,0.0,0.0,901.6136235657463,0.0,1000.0,0.11563789492339346,0.0,0.0,122.8295829676138,29.88677697800206,537.4901285861865,0.0,-330.08089879807505,0.0,0.0,0.0,0.0,0.0,0.0,0.0,0.0,0.0,0.0,0.0,0.0,0.0,0.0,0.11563789492339346,0.0,0.0,0.0,-1000.0,1000.0,0.0,0.0,0.0,0.0,0.0,156.00053114200279,0.0,0.0,-319.41175132511125,-8.672842119254511,0.0,-5.781894746169678,0.0,0.0,0.0,0.0,0.0,0.0,0.0,0.0,0.0,0.0,0.0,0.0,1000.0,0.0,0.0,-69.38273695403609,0.0,0.0,0.0,-0.11563789492339346,0.0,0.0,0.11563789492339346,0.0,0.11563789492339346,0.0,0.0,0.0,69.38273695403609,141.07823180654003,141.07823180654003,0.0,0.0,0.0,0.0,0.0,0.0,0.0,698.1275789846787,0.0,0.0,0.0,0.0,0.0,0.0,0.0,0.0,0.0,0.0,0.0,0.0,0.0,0.0,0.0,0.0,0.0,0.0,0.0,51.98645484714658,0.0,0.0,0.0,0.17345684238509018,0.0,0.0,0.0,-34.691368477018045,0.0,0.0,0.0,0.0,0.0,-152.466726673452,5.781894746169673,0.0,0.0,0.0,0.0,523.8973501509037,0.0,-5.781894746169678,0.0,0.0,0.0,0.0,0.0,0.0,0.0,0.0,0.0,0.0,948.0135451528535,152.466726673452,0.0,1000.0,537.4901285861865,0.0,156.00053114200279,0.0,-156.00053114200279,0.0,-54.617705115069214,0.0,5.781894746169678,379.98869711537736,0.0,0.0,0.0,-361.51380884323515,0.0,0.0,718.7500000000007,-718.7500000000007,0.0,0.0,0.0,0.0,0.0,161.1395687927065,-178.48525303121556,141.07823180654003,0.0,0.0,0.0,0.0,0.0,0.0,0.0,0.0,0.0,3.7235402165351275,0.0,0.0,0.0,-152.71635994561586,-754.3612861927561,0.0,34.691368477018045,170.5730604753634,0.0,0.0,0.0,246.85131732739745,0.0,0.0,0.12720168441569513,0.0,0.0,0.0,70.53911590327002,0.0,0.0,0.0,0.0,644.3827369540361,0.0,0.0,0.0,0.0,0.0,0.0,0.0,0.0,0.0,0.0,822.8041815796583,0.011563789492339346,0.0,0.0,0.0,0.0,0.0,0.0,0.0,0.0,0.0,122.8295829676138,0.0,0.0,0.0,0.0,0.0,152.466726673452,0.0,0.0,0.0,0.0,0.0,0.0,0.0,0.0,0.0,0.0,0.0,341.1461209507268,0.0,-111.75440205497205,-42.55367293361746,0.0,0.0,0.0,69.38273695403609,0.0,0.0,0.0,0.0,0.0,-69.38273695403609,0.0,0.0,341.1461209507268,0.0,0.0,0.0,0.0,0.0,0.0,0.0,0.0,0.0,0.0,298.1331101806351,-1000.0,79.21195802252454,956.2636489879907,-990.9550174650087,0.0,318.9491997454177,0.0,0.0,0.0,0.0,0.0,0.0,0.0,0.0,0.0,0.0,0.0,0.0,0.0,0.0,0.0,0.0,0.0,-14.45473686542419,0.0,-292.72831990942143,169.81241091196102,0.0,0.0,0.0,0.0,0.0,0.0,-1.4454736865424185,20.367687892508343,0.0,0.0,0.0,0.0,0.0,0.0,0.0,1000.0,34.691368477018045,34.691368477018045,0.0,0.0,0.0,0.0,0.0,0.12720168441569513,152.466726673452,0.0,0.0,-318.9491997454177,822.792617790166,0.0,0.0,0.0,0.0,0.0,0.0,0.0,0.0,0.0,0.0,0.0,0.0,0.0,0.0,0.0,0.0,0.0,0.0,121.41978966956316,179.4771783844647,0.0,0.0,0.0,0.0,0.0,152.466726673452,0.0,0.0,0.0,0.0,0.0,-14.45473686542419,0.0,0.0,0.0,0.0,0.0,0.0,0.0,0.0,0.0,0.0,0.0,0.0,0.0,0.0,0.0,0.0,0.0,0.0,-0.11563789492339346,0.0,0.0,5.781894746169673,129.8717837150704,0.0,0.0,0.0,0.0,0.0,0.0,0.0,0.0,9.956422752904139,2.8909473730848365,0.0,0.0,0.0,0.11563789492339346,0.0,115.63789492339346,-35.84774742625198,23.127578984678692,0.8259849637385247,322.6297268362678,-0.08672842119254509,147.80963364125313,2.3127578984678694,-0.5781894746169769,-322.6297268362678,34.69136847701804,-0.11563789492339346,0.0,0.0,0.028909473730848366,0.8259849637385247,0.0,-188.9826133471695,-2.3127578984678694,-300.0,-0.11563789492339346,0.028909473730848366,-322.6297268362678,11.563789492339346,0.11563789492339346,0.11563789492339346,-152.2238870941129,-170.4458587909477,-225.8806130298538,-0.08672842119254509,34.691368477018045,0.11563789492339346,34.691368477018045,-57.81894746169674,-0.05781894746169673,-444.37821847267134,-63.665882234409324,-0.08672842119254509,-0.11563789492339346,-35.84774742625198,0.11563789492339346,11.563789492339346,-2.3127578984678694,51.98645484714658,51.98645484714658,-11.563789492339346,300.0,-51.98645484714658,23.127578984678692,0.17345684238509018,-1000.0,11.563789492339346,-101.46662804291844,0.0,-23.127578984678692,0.05781894746169673,1.156378949233935,200.42697443446215,175.59430565813068,-0.11563789492339346,-178.48525303121556,152.2238870941129,35.84774742625198,0.11563789492339346,188.9826133471695,-138.76547390807215,0.0,-0.11563789492339346,-0.028909473730848366,0.0,-0.11563789492339346,-88.43621050766066,0.11563789492345222,-0.028909473730848366,-0.028909473730848366,-0.028909473730848366,46.255157969357384,57.81894746169674,1.156378949233935,85.67322540137201,-0.028909473730848366,400.8539488689243,5.781894746169673,50.0,0.11563789492339346,0.05781894746169673,0.05781894746169673,11.563789492339346,35.84774742625198,0.11563789492339346,-35.84774742625198,1.156378949233935,0.11563789492339346,-85.67322540137201,0.11563789492339346,0.4625515796935815,0.5781894746169769,0.05781894746169673,0.028909473730848366,34.691368477018045,-0.11563789492339346,225.8806130298538,1.1563789492339347,-171.34645080274402,144.9186862681683,-11.563789492339346,23.127578984678692,5.781894746169673,-0.11563789492339346,0.0,0.17345684238509018,-0.11563789492339346,-23.127578984678692,35.84774742625198,10.441858273366224,0.05781894746169673,-100.0,-0.11563789492339346,-0.11563789492345222,-0.11563789492339345,0.05781894746169673,322.6297268362678,-23.127578984678692,0.11563789492339346,400.8539488689243,-0.028909473730848366,170.4458587909477,-400.8539488689243,17.34568423850902,63.665882234409324,349.1784626653337,322.6297268362678,-0.08672842119254509,178.48525303121556,-175.59430565813068,0.11563789492339346,-0.028909473730848366,5.781894746169678,115.63789492339346,-0.05781894746169673,-0.11563789492339346,0.028909473730848366,279.87064578395166,0.0,998.7903071261243,0.0,-255.0,0.0,304.22865117611207,-140.0,0.0,-80.0,-255.0,-325.0,-1.151873926414055,40.0,127.5,127.5,0.0,70.0,-152.466726673452,-257.2931756007637,1.151873926414055,325.0,-257.2931756007637,-304.22865117611207,215.71516779592244,0.0,1496.5981,hplb
195,0.0,0.0,0.0,0.0,0.0,0.0,0.0,0.0,404.748490917956,0.0,0.0,0.0,0.0,0.0,0.0,0.0,-781.7263722354872,81.72637223548722,0.0,1000.0,0.0,0.0,0.0,797.3704755006747,0.0,0.0,0.0,0.0,0.0,26.191403936042175,0.0,0.0,72.63213291100445,0.0,0.0,0.0,0.0,-170.40327558826175,0.0,-1000.0,1000.0,0.0,0.0,0.0,0.0,0.0,0.0,0.0,1000.0,0.0,0.0,-456.5030547325022,0.0,0.11458290611761868,0.0,0.0,0.0,20.83325565770813,0.0,0.0,-9.173576907943357,0.0,-374.3079968930634,-383.48157380100673,62.996198802122244,0.0,0.0,0.0,0.0,0.0,0.0,1.0416627828854066,0.0,0.0,0.0,0.0,0.0,0.0,0.0,0.0,0.0,0.0,-155.5144422115523,0.0,62.49976697312439,0.0,0.0,-950.1782656937639,123.77917301975515,644.6727204385215,-0.026041569572135163,0.0,0.0,0.0,31.249883486562194,0.0,31.249883486562194,-3.354154160888754,0.0,0.0,0.0,586.5306040054234,-548.9931335951064,0.0,0.0,-24.959752857363355,0.0,0.0,0.0,0.0,0.0,0.0,0.0,0.0,0.0,0.0,0.0,0.0,0.0,0.0,0.0,0.0,0.0,0.0,-795.0763163047284,0.0,0.0,31.249883486562194,0.0,32.29154626944759,0.0,0.0,-321.5632957867802,321.5632957867802,0.0,0.0,0.0,0.0,0.0,0.0,0.0,0.0,0.0,0.0,0.0,163.53524563976993,0.10416627828854064,0.0,0.0,0.0,0.0,-367.1126122976732,0.0,0.0,155.5144422115523,0.0,109.9681204698772,0.0,0.0,0.0,0.0,0.0,981.5407663616088,981.5407663616088,0.0,0.0,0.0,0.0,-410.20561292028367,0.0,0.0,981.6449326398973,0.0,0.0,0.0,825.6518944447657,0.0,0.0,0.0,0.0,0.0,0.0,0.0,0.0,0.0,0.0,0.0,0.0,0.0,0.0,0.0,-1000.0,0.0,0.0,0.0,0.0,0.0,0.0,456.5030547325022,-468.4518934582767,468.4518934582767,0.0,0.0,0.0,0.0,0.0,0.0,0.0,575.1845375311486,-341.7414281461025,0.0,0.0,0.0,0.0,0.0,0.0,0.0,0.0,0.0,0.0,0.0,0.0,0.0,0.0,358.30455445550547,-700.9680864330571,0.0,0.0,0.0,0.0,159.47920589285738,0.0,0.0,0.0,0.0,-9.173576907943357,-700.9680864330571,0.0,0.0,0.0,0.0,0.0,0.0,0.0,0.0,0.0,0.0,0.0,0.0,-592.2310664780318,0.0,37.8728955804616,0.0,700.9680864330571,0.0,0.0,0.0,127.08285951201958,0.0,0.0,0.0,-298.0904935124207,0.0,0.0,274.78738378853,0.0,0.0,274.78738378853,0.0,0.0,-344.67272043852154,0.0,106.94968973847233,0.0,0.0,131.144710532171,0.0,0.0,0.0,-298.54055357495747,0.0,298.54055357495747,0.0,981.4366000833203,0.0,0.0,0.0,0.0,0.0,0.0,-9.173576907943357,-0.15624941743281096,0.0,0.0,0.0,0.0,0.10416627828854064,0.0,0.0,0.0,809.2709106205804,-781.7263722354872,0.0,-281.5866919839539,-636.5336203594798,0.0,902.0831391442704,0.0,0.0,0.0,-24.959752857363355,0.0,0.0,0.0,919.6773828117061,0.0,-919.6773828117061,-462.9165259599567,-1000.0,0.0,0.0,0.0,0.0,0.0,0.0,0.0,0.0,0.0,0.0,0.0,0.0,0.0,0.0,0.0,0.0,0.0,-1000.0,0.0,-830.0133895248923,155.5144422115523,0.0,0.0,0.0,0.0,0.0,-163.53524563976993,0.0,0.0,0.0,0.0,581.3222900909963,0.0,273.390938436229,0.0,955.6124409094278,0.0,0.0,-5.208313914427032,-816.0848004007983,666.8561901246346,-273.390938436229,-295.86945895992517,-38.9409747925869,-958.2165978666413,0.0,0.0,0.0,-446.9515829061704,0.0,954.4280395497678,31.249883486562194,812.5000000000008,-812.5000000000008,0.0,1000.0,0.0,404.85265719624454,0.0,0.0,0.0,0.0,-1000.0,0.0,0.0,0.0,0.0,0.0,575.1845375311486,0.0,0.0,-18.347153815886713,0.0,0.0,129.16674434229188,0.0,0.0,0.0,0.0,-40.05794132872995,0.2083325565769658,0.0,0.0,0.0,0.0,0.0,0.0,0.0,0.0,0.0,0.0,0.0,0.0,0.0,0.0,0.0,0.0,0.0,0.0,0.0,0.11458290611761868,0.11458290611761868,0.0,259.16674434229185,0.0,62.49976697312439,0.0,0.0,0.0,-603.0556795612079,0.0,0.0,0.0,0.0,0.0,-879.30997092586,603.0556795612079,0.0,0.0,554.6570195058845,0.0,0.0,129.16674434229188,0.0,0.0,0.0,0.0,0.0,0.0,0.0,265.0254387682428,-809.2709106205804,367.1126122976732,0.0,8.02080342821763,0.0,0.0,0.0,-159.47920589285738,0.0,-879.30997092586,0.0,0.0,-919.3679122545899,0.0,0.0,0.0,0.0,0.0,0.0,0.0,0.0,0.0,0.0,0.0,0.0,0.0,0.0,0.0,0.0,62.49976697312439,0.0,0.0,0.0,0.0,0.0,0.0,0.0,0.0,0.0,0.0,0.0,0.0,1.0416627828854066,0.0,0.0,0.0,0.0,0.0,456.5030547325022,0.0,0.0,31.249883486562194,-554.6570195058845,0.0,0.0,0.0,0.0,0.0,0.0,0.0,0.0,0.0,935.0782953981254,0.0,0.0,31.249883486562194,31.249883486562194,1000.0,603.0556795612079,0.0,129.16674434229188,0.0,0.0,0.0,0.0,0.0,11.909659555063172,575.1845375311486,-263.882305985058,0.10416627828854064,0.0,0.0,0.0,137.56645137691626,62.770568525007654,0.0,0.0,0.0,0.0,0.0,0.0,0.0,0.0,0.0,0.0,0.0,0.0,0.0,0.0,0.0,0.0,0.10416627828854064,0.0,0.0,0.0,0.0,0.0,0.0,0.0,0.0,0.0,-163.53524563976993,0.0,0.0,0.0,169.98661047510768,-7.812470871640549,0.0,-5.208313914427032,0.0,0.0,0.0,0.0,0.0,0.0,0.0,0.0,0.0,0.0,0.0,0.0,0.0,0.0,0.0,512.6847705580243,0.0,0.0,0.0,404.748490917956,0.0,0.0,0.10416627828854064,0.0,0.10416627828854064,0.0,0.0,0.0,62.49976697312439,127.08285951201958,127.08285951201958,0.0,0.0,0.0,0.0,0.0,0.0,0.0,367.1126122976732,0.0,575.1845375311486,0.0,0.0,0.0,928.6460993723497,0.0,0.0,0.0,0.0,0.0,0.0,0.0,0.0,0.0,0.0,0.0,0.0,0.0,159.47920589285738,0.0,-294.7754856768829,294.7754856768829,0.15624941743281096,0.0,0.0,0.0,-31.249883486562194,0.0,0.0,0.0,0.0,0.0,-259.16674434229185,5.208313914427032,0.0,0.0,0.0,0.0,410.20561292028367,0.0,-5.208313914427032,0.0,0.0,0.0,0.0,0.0,0.0,0.0,0.0,0.0,554.6570195058845,0.0,259.16674434229185,0.0,671.279356639965,37.8108156676443,0.0,0.0,0.0,0.0,155.5144422115523,0.0,0.0,5.208313914427032,1000.0,0.0,0.0,0.0,-18.347153815886713,0.0,0.0,0.0,0.0,0.0,0.0,0.0,0.0,0.0,-15.624941743281056,0.0,127.08285951201958,0.0,31.25,31.25,-31.250000000000004,0.0,0.0,0.0,0.0,0.0,0.0,0.0,0.0,282.6041569572135,-137.56645137691626,0.0,0.0,31.249883486562194,0.0,0.0,0.0,0.0,-53.89623464630206,0.0,0.0,0.11458290611761868,0.0,0.0,0.0,63.54142975600979,0.0,0.0,0.0,0.0,358.30455445550547,0.0,0.0,0.0,0.0,0.0,0.0,0.0,0.0,-583.2025380607797,0.0,0.010416627828854363,0.010416627828854363,0.0,0.0,0.0,0.0,0.0,0.0,0.0,0.0,0.0,0.0,0.0,0.0,0.0,0.0,0.0,259.16674434229185,0.0,0.0,0.0,0.0,0.0,0.0,0.0,0.0,0.0,0.0,0.0,0.0,0.0,1000.0,81.72637223548722,0.0,0.0,0.0,62.49976697312439,0.0,0.0,0.0,0.0,0.0,0.0,-62.49976697312439,0.0,0.0,0.0,0.0,0.0,0.0,0.0,0.0,0.0,0.0,0.0,0.0,263.882305985058,-1000.0,1000.0,-31.249883486562194,0.0,0.0,-170.40327558826175,0.0,0.0,0.0,0.0,0.0,0.0,0.0,0.0,0.0,859.375,0.0,-859.375,-859.375,0.0,0.0,0.0,0.0,-13.020784786067582,0.0,-589.1347609626368,920.8336285007092,0.0,0.0,0.0,0.0,0.0,0.0,-1.302078478606758,173.86159602743902,0.0,0.0,0.0,0.0,0.0,0.0,0.0,1000.0,31.249883486562194,31.249883486562194,0.0,0.0,0.0,0.0,0.0,0.11458290611761868,259.16674434229185,0.0,0.0,170.40327558826175,0.0,0.0,0.0,0.0,0.0,0.0,0.0,0.0,0.0,0.0,0.0,0.0,0.0,0.0,147.38774283844145,0.0,0.0,0.0,0.0,109.37459220296768,8.02080342821763,0.0,0.0,0.0,0.0,0.0,259.16674434229185,0.0,-3.354154160888754,0.0,0.0,0.0,-13.020784786067582,0.0,0.0,0.0,0.0,0.0,0.0,0.0,0.0,0.0,0.0,0.0,0.0,0.0,0.0,0.0,0.0,0.0,0.0,-0.10416627828854064,0.0,0.0,5.208313914427032,879.30997092586,0.0,0.0,0.0,0.0,0.0,0.0,0.0,0.0,-919.6773828117061,2.604156957213516,0.0,0.0,0.0,0.10416627828854064,0.0,104.16627828854064,-32.29154626944759,20.83325565770813,0.7440448449181475,290.62391642502837,-0.07812470871640548,295.86945895992517,2.083325565770813,-0.5208313914426081,-290.62391642502837,31.249883486562194,-0.10416627828854065,8.319917619121119,129.16674434229188,0.026041569572135163,0.7440448449181475,-24.959752857363355,-16.58327150353341,-2.083325565770813,-300.0,-0.10416627828854064,0.026041569572135163,-290.62391642502837,10.416627828854065,0.10416627828854065,0.10416627828854064,-258.9479951578857,0.11458290611739501,0.0,-0.07812470871640548,31.249883486562194,0.10416627828854065,31.249883486562194,-52.08313914427032,-0.052083139144270325,-60.048614755150496,-170.0,-0.07812470871640548,-0.10416627828854065,-32.29154626944759,0.10416627828854064,10.416627828854075,-2.083325565770813,159.47920589285738,159.47920589285738,-10.416627828854065,300.0,-159.47920589285738,20.83325565770813,0.15624941743281096,-583.9458568580412,10.416627828854065,-265.0254387682428,129.16674434229188,-20.83325565770813,0.052083139144270325,1.0416627828854066,70.39667299598848,280.0,-0.10416627828854064,-282.6041569572135,258.9479951578857,32.29154626944759,0.10416627828854065,16.58327150353341,4.167210396043288,129.16674434229188,-0.10416627828854064,-0.026041569572135163,-129.16674434229188,-0.10416627828854065,-40.057941328729925,0.10416627828854065,-0.026041569572135163,-0.026041569572135163,-0.026041569572135163,41.66651131541626,52.08313914427032,1.0416627828854066,304.6847740588387,-0.026041569572135163,132.47342837285584,5.208313914427032,25.237284578792007,0.10416627828854064,0.052083139144270325,0.052083139144270325,75.0,32.29154626944759,0.10416627828854064,-32.29154626944759,1.0416627828854066,0.10416627828854065,-759.705939322472,0.10416627828854065,0.4166651131540675,0.5208313914426081,0.052083139144270325,0.026041569572135163,31.249883486562194,-0.10416627828854065,0.0,1.0416627828854066,-609.3695481176774,293.2653020027117,-10.416627828854075,20.83325565770813,5.208313914427032,-0.10416627828854065,24.959752857363355,0.15624941743281096,-0.10416627828854065,-150.0,32.29154626944759,409.5690761682319,0.052083139144270325,-50.474569157584014,-0.10416627828854065,-0.10416627828854065,-0.10416627828854065,0.052083139144270325,290.62391642502837,-20.83325565770813,0.10416627828854064,140.79334599197696,-0.026041569572135163,-0.11458290611739501,-140.79334599197696,15.624941743281095,170.0,326.3803698015904,290.62391642502837,-0.07812470871640548,282.6041569572135,-280.0,0.10416627828854064,-0.026041569572135166,5.208313914427032,104.16627828854064,-0.052083139144270325,-0.10416627828854065,0.026041569572135163,0.0,0.0,283.89377371889697,455.0211652636333,-255.0,0.0,600.0289342290782,-37.123391993537126,0.0,286.8755550634482,-58.64407132535243,-325.0,-300.0,-143.4377775317241,127.5,29.322035662676214,0.0,18.561695996768563,-259.16674434229185,-355.67284152192985,300.0,325.0,-355.67284152192985,-600.0289342290782,292.72254800209043,0.0,1496.5981,hplb
196,0.0,0.0,0.0,0.0,0.0,0.0,0.0,0.0,-0.1059698616060759,0.0,0.0,0.0,0.0,0.0,0.0,0.0,0.0,0.0,0.0,300.0,0.0,0.0,0.0,959.8374224512972,0.0,0.0,0.0,0.0,0.0,-735.8628043674812,0.0,0.0,101.64814299844225,0.0,0.0,0.0,0.0,38.32197169816072,0.0,-1000.0,591.2610370796085,0.0,0.0,0.0,0.0,0.0,0.0,0.0,-264.1371956325188,-400.4313629436233,0.0,0.0,0.0,0.11656684776683335,0.0,0.0,0.0,0.0,0.0,0.0,42.5844825263228,0.0,113.16620248897217,0.0,0.0,0.0,0.0,0.0,155.75068501529498,0.0,0.0,1.059698616060759,0.0,0.0,0.0,0.0,0.0,0.0,0.0,0.0,0.0,0.0,0.0,0.0,63.58191696364555,0.0,0.0,-3.8617309901909778,867.9989266227097,0.0,-0.026492465401518978,0.0,0.0,613.7343765057341,31.790958481822774,0.0,31.790958481822774,-94.95856304807215,0.0,0.0,0.0,594.2819159587451,-735.8628043674812,0.0,0.0,-36.009923060063315,705.9862618417576,0.0,0.0,0.0,0.0,0.0,0.0,0.0,0.0,0.0,0.0,0.0,0.0,0.0,0.0,0.0,0.0,0.0,-760.5577454544118,0.0,0.0,31.790958481822774,0.0,32.850657097883534,19.740293996803132,0.0,-138.719283392943,-839.8585023199831,978.5777857129261,-978.5777857129261,-906.2500000000008,0.0,0.0,750.4993149847058,0.0,0.0,0.0,0.0,0.0,8.159679343667843,0.1059698616060759,0.0,0.0,0.0,-705.9862618417576,0.0,0.0,0.0,0.0,0.0,435.9790020429989,0.0,0.0,0.0,0.0,0.0,90.41583781493605,90.41583781493605,0.0,0.0,0.0,0.0,0.0,0.0,0.0,90.52180767654212,0.0,0.0,0.0,809.4403505961908,0.0,0.0,0.0,0.0,0.0,0.0,0.0,0.0,0.0,0.0,-13.8391587511319,0.0,0.0,0.0,0.0,-1000.0,0.0,0.0,0.0,0.0,0.0,400.4313629436233,0.0,-567.9989266227097,567.9989266227097,0.0,0.0,0.0,0.0,0.0,0.0,0.0,0.0,-992.1860816662376,0.0,0.0,0.0,0.0,0.0,0.0,0.0,0.0,0.0,0.0,0.0,0.0,0.0,0.0,-57.61205535756964,1000.0,0.0,0.0,0.0,0.0,46.308691839292464,0.0,0.0,0.0,0.0,42.5844825263228,1000.0,0.0,0.0,0.0,0.0,0.0,0.0,0.0,0.0,511.7388667183436,21.19397232121518,0.0,0.0,-435.9978532454195,1000.0,-835.9978532454195,0.0,-1000.0,0.0,0.0,155.75068501529498,0.0,0.0,0.0,0.0,137.61879058118046,0.0,0.0,917.3378762074939,48.83568904522073,0.0,707.1606205098097,161.34156665246343,-210.17725569768416,300.0,0.0,0.0,400.4313629436233,0.0,288.8278100352656,0.0,0.0,0.0,-1000.0,0.0,1000.0,0.0,90.30986795332998,155.75068501529498,0.0,-889.6354275509848,0.0,0.0,0.0,42.5844825263228,-0.15895479240911387,0.0,0.0,0.0,0.0,0.1059698616060759,0.0,0.0,0.0,410.1614829605411,0.0,0.0,-395.30774555066887,349.57615959054885,0.0,338.4952828673514,0.0,1000.0,0.0,-36.009923060063315,0.0,0.0,0.0,-9.124005084283283,-990.8759949157168,0.0,-1000.0,395.92919367733606,0.0,0.0,0.0,0.0,0.0,0.0,0.0,0.0,0.0,0.0,0.0,0.0,0.0,0.0,0.0,0.0,0.0,884.5565621544068,0.0,845.8107110098217,0.0,0.0,603.2852002226989,0.0,952.3637883941184,0.0,-519.8985460620115,0.0,0.0,0.0,449.2244085568213,588.9834228784414,0.0,0.0,46.67928845195388,-718.9862496202871,835.1253099004217,0.0,-5.298493080303795,0.0,-591.9128272094025,0.0,-346.46949297147836,98.50574346706662,716.3370030801352,0.0,145.0709219250366,0.0,0.0,1000.0,-224.63109505924433,31.790958481822774,937.5000000000009,-937.5000000000009,0.0,0.0,0.0,0.0,0.0,0.0,0.0,0.0,269.81595073884813,0.0,0.0,0.0,0.0,0.0,0.0,0.0,0.0,-70.58171996264937,0.0,0.0,284.5567126940798,0.0,0.0,0.0,0.0,-89.40301383939241,0.21193972321203433,0.0,0.0,0.0,0.0,0.0,0.0,0.0,0.0,0.0,0.0,0.0,0.0,0.0,0.0,0.0,0.0,0.0,0.0,0.0,0.11656684776683335,0.11656684776683335,0.0,159.99570643999022,0.0,63.58191696364555,0.0,0.0,0.0,-669.9437021854905,0.0,0.0,0.0,0.0,0.0,633.9167624634314,669.9437021854905,0.0,0.0,0.0,0.0,0.0,284.5567126940798,0.0,0.0,0.0,0.0,0.0,0.0,0.0,253.51924848480394,-410.1614829605411,0.0,0.0,8.159679343667843,0.0,0.0,613.7343765057341,567.4256846664416,0.0,633.9167624634314,0.0,-455.48625137596093,1000.0,281.2500000000003,-281.2500000000003,0.0,0.0,0.0,0.0,0.0,0.0,0.0,0.0,0.0,0.0,0.0,0.0,0.0,0.0,63.58191696364555,155.75068501529498,155.75068501529498,0.0,0.0,0.0,0.0,0.0,0.0,0.0,0.0,0.0,0.0,1.059698616060759,0.0,0.0,0.0,0.0,0.0,0.0,0.0,0.0,31.790958481822774,0.0,0.0,0.0,0.0,0.0,0.0,0.0,0.0,0.0,0.0,1000.0,0.0,0.0,31.790958481822774,31.790958481822774,1000.0,669.9437021854905,0.0,284.5567126940798,0.0,0.0,0.0,0.0,0.0,735.8628043674812,0.0,1000.0,0.1059698616060759,0.0,0.0,0.0,60.9871648152687,0.0,0.0,-613.7343765057341,0.0,-155.75068501529498,0.0,0.0,0.0,0.0,0.0,0.0,0.0,0.0,0.0,0.0,0.0,0.0,0.1059698616060759,0.0,0.0,0.0,-971.0674000138206,971.0674000138206,0.0,0.0,0.0,0.0,0.0,83.38665416068744,0.0,0.0,-38.74585114458512,-7.947739620455693,-5.2984930803038,0.0,0.0,-718.75,-718.75,718.75,0.0,0.0,0.0,0.0,0.0,0.0,0.0,155.75068501529498,0.0,0.0,0.0,-219.33260197894052,0.0,0.0,0.0,-0.1059698616060759,0.0,0.0,0.1059698616060759,0.0,0.1059698616060759,0.0,0.0,0.0,63.58191696364555,129.28323115941262,129.28323115941262,0.0,0.0,0.0,0.0,0.0,0.0,0.0,0.0,0.0,0.0,0.0,0.0,0.0,0.0,0.0,0.0,0.0,0.0,0.0,0.0,0.0,0.0,0.0,0.0,0.0,0.0,0.0,46.308691839292464,0.0,0.0,0.0,0.15895479240911387,0.0,0.0,0.0,-31.790958481822774,0.0,0.0,0.0,0.0,0.0,-159.99570643999022,5.298493080303795,0.0,0.0,0.0,0.0,0.0,-426.27872168702186,0.0,0.0,0.0,0.0,0.0,0.0,0.0,0.0,155.75068501529498,0.0,0.0,1000.0,159.99570643999022,0.0,21.060151034521937,-36.009923060063315,0.0,-946.1772677490334,0.0,946.1772677490334,0.0,-129.28323115941262,0.0,5.2984930803038,548.6569478882197,0.0,0.0,0.0,-70.58171996264937,343.75000000000034,-343.75000000000034,0.0,0.0,0.0,0.0,0.0,0.0,0.0,181.7826048115778,-183.83892530135734,129.28323115941262,0.0,0.0,0.0,0.0,0.0,0.0,0.0,0.0,0.0,511.7388667183436,0.0,0.0,0.0,-60.9871648152687,-919.6618510625872,0.0,31.790958481822774,0.0,0.0,0.0,0.0,-106.66641577987834,0.0,0.0,0.11656684776683335,0.0,0.0,0.0,64.64161557970631,0.0,0.0,0.0,0.0,-57.61205535756964,0.0,705.9862618417576,0.0,0.0,0.0,0.0,0.0,0.0,-99.52873746184432,0.0,0.010596986160607893,0.010596986160607893,0.0,0.0,0.0,0.0,0.0,0.0,0.0,0.0,0.0,0.0,0.0,0.0,0.0,0.0,0.0,159.99570643999022,0.0,0.0,0.0,0.0,0.0,0.0,0.0,400.4313629436233,0.0,0.0,0.0,0.0,994.2136843910112,-958.35088002353,0.0,0.0,0.0,0.0,63.58191696364555,0.0,0.0,0.0,0.0,0.0,-63.58191696364555,0.0,0.0,0.0,0.0,0.0,0.0,0.0,0.0,0.0,0.0,0.0,0.0,0.0,395.92919367733606,-1000.0,72.589355200162,0.0,-31.790958481822774,0.0,38.32197169816072,0.0,0.0,0.0,0.0,0.0,0.0,0.0,0.0,0.0,0.0,0.0,0.0,0.0,0.0,0.0,0.0,0.0,-13.246232700759492,155.75068501529498,-596.931162498897,175.8911856809016,0.0,0.0,0.0,0.0,0.0,0.0,-1.324623270075949,70.58171996264937,0.0,0.0,0.0,0.0,0.0,0.0,0.0,1000.0,31.790958481822774,31.790958481822774,0.0,0.0,0.0,0.0,0.0,0.11656684776683335,159.99570643999022,0.0,0.0,-38.32197169816072,0.0,0.0,0.0,0.0,0.0,0.0,0.0,0.0,0.0,0.0,0.0,0.0,0.0,0.0,0.0,0.0,0.0,19.740293996803132,0.0,111.26835468637971,0.0,0.0,8.159679343667843,0.0,0.0,0.0,159.99570643999022,0.0,929.3068657813449,0.0,0.0,0.0,-13.246232700759492,0.0,0.0,0.0,0.0,0.0,0.0,0.0,0.0,0.0,0.0,0.0,0.0,0.0,0.0,0.0,0.0,0.0,0.0,-0.1059698616060759,0.0,0.0,5.298493080303795,-633.9167624634314,0.0,0.0,0.0,0.0,155.75068501529498,0.0,0.0,0.0,9.124005084283283,2.6492465401518976,0.0,0.0,0.0,0.1059698616060759,0.0,105.9698616060759,-13.110363101080395,21.19397232121518,0.7569275829005422,335.13650187455806,-0.07947739620455693,299.7902045195245,2.119397232121518,-0.5298493080304697,-335.13650187455806,31.790958481822774,-0.10596986160607591,12.003307686687771,284.5567126940798,0.026492465401518978,0.7569275829005422,-36.009923060063315,-16.870401967688508,-2.119397232121518,-300.0,-0.10596986160607591,0.026492465401518978,-335.13650187455806,10.59698616060759,0.10596986160607591,0.1059698616060759,-159.77316973061733,0.1165668477666838,-119.03131071770805,-0.07947739620455693,31.790958481822774,0.10596986160607591,31.790958481822774,-52.984930803037955,-0.052984930803037955,-244.92784520516423,-57.011647861506134,-0.07947739620455693,-0.10596986160607591,-13.110363101080395,0.1059698616060759,10.59698616060759,-2.119397232121518,46.308691839292464,46.308691839292464,-10.59698616060759,300.0,-46.308691839292464,21.19397232121518,0.15895479240911387,-1000.0,10.59698616060759,-253.51924848480394,284.5567126940798,-21.19397232121518,0.052984930803037955,1.059698616060759,98.82693638766722,181.18967876120539,-0.1059698616060759,-183.83892530135734,159.77316973061733,32.850657097883534,0.10596986160607591,16.870401967688508,157.39287876678864,284.5567126940798,-0.1059698616060759,-0.026492465401518978,-284.5567126940798,-0.10596986160607591,-795.38927568115,0.10596986160599065,-0.026492465401518978,-0.026492465401518978,-0.026492465401518978,42.38794464243036,52.984930803037955,1.059698616060759,296.42987044390674,-0.026492465401518978,185.65056508864666,5.298493080303795,50.0,0.1059698616060759,0.052984930803037955,0.052984930803037955,75.0,13.110363101080395,0.1059698616060759,-13.110363101080395,1.059698616060759,0.10596986160607591,-732.2687688969171,0.10596986160607591,0.4238794464243938,0.5298493080304697,0.052984930803037955,0.026492465401518978,31.790958481822774,-0.10596986160607591,119.03131071770805,1.059698616060759,-592.8597408878135,297.14095797937256,-10.59698616060759,21.19397232121518,5.298493080303795,-0.10596986160607591,36.009923060063315,0.15895479240911387,-0.10596986160607591,-150.0,13.110363101080395,472.72633883373453,0.052984930803037955,-100.0,-0.10596986160607591,-0.10596986160599065,-0.10596986160607591,0.052984930803037955,335.13650187455806,-21.19397232121518,0.1059698616060759,197.65387277533443,-0.026492465401518978,-0.1165668477666838,-197.65387277533443,15.895479240911383,57.011647861506134,653.5027693575402,335.13650187455806,-0.07947739620455693,183.83892530135734,-181.18967876120539,0.10596986160607591,-0.026492465401518978,454.5229016371251,105.9698616060759,-0.052984930803037955,-0.10596986160607591,0.026492465401518978,0.0,0.0,699.9470150691969,435.83889845301036,-255.0,0.0,347.7345589815007,-140.0,0.0,-80.0,-255.0,-42.25412335573712,-300.0,40.0,127.5,127.5,0.0,70.0,-159.99570643999022,-366.0599230538562,300.0,42.25412335573712,-366.0599230538562,-347.7345589815007,89.87234702705223,0.0,1496.5981,hplb
197,0.0,0.0,0.0,0.0,0.0,0.0,0.0,0.0,-0.130129026253433,0.0,0.0,0.0,0.0,0.0,0.0,0.0,-134.20611626949002,335.7366336776827,0.0,0.0,0.0,0.0,0.0,121.14688555005338,0.0,465.332760171715,0.0,0.0,0.0,-82.61739369941552,0.0,0.0,0.0,0.0,0.0,0.0,0.0,159.18491963562656,0.0,-1000.0,367.22773128909836,0.0,0.0,-116.16039505355224,0.0,0.0,293.72603530209494,0.0,664.7107148458276,0.0,0.0,0.0,0.0,0.143141928878905,0.0,0.0,0.0,0.0,0.0,0.0,-11.460029578719087,0.0,223.57742940486318,212.1173998261441,0.0,0.0,0.0,0.0,132.93987682623424,0.0,0.0,1.3012902625343301,0.0,0.0,0.0,0.0,0.0,0.0,0.0,0.0,0.0,0.0,0.0,0.0,78.0774157520598,0.0,0.0,-270.0525446139183,941.0784634457733,-747.7556170826765,-0.03253225656335825,0.0,0.0,-706.0575322756201,39.0387078760299,0.0,39.0387078760299,0.0,0.0,0.0,0.0,996.7467743436641,-1000.0,0.0,0.0,-32.71267420113192,0.0,0.0,0.0,0.0,0.0,0.0,0.0,0.0,0.0,0.0,0.0,0.0,0.0,0.0,0.0,0.0,0.0,0.0,-759.5142096478975,0.0,0.0,39.0387078760299,0.0,40.339998138564226,27.779982490089985,0.0,27.6846450275946,0.0,-27.6846450275946,27.6846450275946,0.0,31.25000000000003,-31.25000000000003,0.0,0.0,0.0,0.0,0.0,0.0,10.019935021514335,0.130129026253433,0.0,0.0,0.0,279.1296451393532,-279.1296451393532,0.0,0.0,0.0,0.0,600.3335086450061,0.0,0.0,0.0,0.0,0.0,421.65928680265347,421.65928680265347,0.0,0.0,0.0,593.75,-571.072395260214,0.0,0.0,421.7894158289069,0.0,0.0,0.0,193.55811291505574,0.0,0.0,0.0,0.0,0.0,0.0,0.0,0.0,0.0,0.0,-181.9748497668112,0.0,0.0,0.0,0.0,-1000.0,0.0,0.0,0.0,0.0,0.0,0.0,0.0,58.92153655422665,-58.92153655422665,0.0,0.0,0.0,0.0,0.0,0.0,0.0,917.3826063005845,-717.2919335323658,0.0,0.0,0.0,0.0,0.0,0.0,0.0,0.0,0.0,0.0,0.0,0.0,0.0,120.6209197142463,-47.948389498626796,-447.88720487692206,0.0,0.0,0.0,0.0,22.09072473809124,0.0,0.0,0.0,0.0,-11.460029578719087,-331.7268098233698,0.0,0.0,0.0,0.0,0.0,0.0,0.0,0.0,559.1427356257831,26.025805250686602,0.0,0.0,-882.1569268915467,0.0,453.57970678613594,0.0,447.88720487692206,0.0,0.0,0.0,-170.46578650010449,0.0,0.0,0.0,-471.8061401795341,0.0,0.0,-1000.0,-1000.0,0.0,0.0,0.0,1000.0,1000.0,0.0,0.0,0.0,0.0,396.5292234891668,0.0,0.0,0.0,0.0,0.0,0.0,0.0,1000.0,0.0,0.0,0.0,593.75,0.0,0.0,-11.460029578719087,-0.19519353938014952,0.0,0.0,0.0,0.0,0.130129026253433,0.0,0.0,0.0,379.7278317600958,-134.20611626949002,0.0,-1000.0,592.9433804504258,0.0,406.26643916512825,0.0,0.0,0.0,-32.71267420113192,0.0,0.0,0.0,-11.204109160420709,297.9406771516785,-286.7365679912578,-1000.0,-1000.0,0.0,0.0,0.0,0.0,0.0,0.0,0.0,0.0,0.0,0.0,0.0,0.0,0.0,0.0,0.0,0.0,0.0,0.0,0.0,-1000.0,0.0,840.2945642593589,554.9525809804231,175.35611677925044,0.0,0.0,-569.1626706472974,0.0,0.0,0.0,0.0,990.2403230309925,337.24521503420146,0.0,-589.3046712177932,0.0,-768.1257690121142,-987.652489848302,0.0,0.0,111.51783414101024,0.0,0.0,777.8854459811217,-3.2532256563358253,-6.5064513126716506,0.0,0.0,0.0,0.0,965.7386160620873,39.0387078760299,0.0,0.0,0.0,0.0,0.0,0.0,0.0,-120.6209197142463,120.6209197142463,120.6209197142463,240.12511997805245,0.0,0.0,-284.7448069215051,0.0,0.0,917.3826063005845,0.0,0.0,-22.92005915743815,0.0,-636.3134570481321,0.0,0.0,0.0,0.0,0.0,-86.9870973746567,0.26025805250695294,0.0,0.0,0.0,0.0,0.0,0.0,0.0,0.0,0.0,132.93987682623424,0.0,0.0,0.0,0.0,0.0,0.0,0.0,0.0,0.0,0.143141928878905,0.143141928878905,0.0,374.5951144635597,0.0,78.0774157520598,0.0,0.0,0.0,1000.0,0.0,0.0,0.0,0.0,0.0,960.6133188295571,-1000.0,0.0,0.0,571.3669970076073,0.0,0.0,0.0,0.0,0.0,0.0,0.0,0.0,0.0,0.0,253.17140321596582,-379.7278317600958,0.0,0.0,10.019935021514335,0.0,-706.0575322756201,0.0,-22.09072473809124,0.0,960.6133188295571,0.0,873.6262214549004,0.0,0.0,0.0,120.6209197142463,0.0,0.0,0.0,0.0,0.0,0.0,0.0,0.0,0.0,0.0,0.0,0.0,0.0,78.0774157520598,0.0,0.0,0.0,0.0,0.0,0.0,0.0,0.0,0.0,0.0,0.0,0.0,1.3012902625343301,0.0,0.0,0.0,0.0,0.0,0.0,0.0,0.0,39.0387078760299,-571.3669970076073,0.0,0.0,0.0,0.0,0.0,0.0,0.0,0.0,0.0,0.0,0.0,0.0,39.0387078760299,39.0387078760299,1000.0,-1000.0,0.0,0.0,0.0,0.0,0.0,0.0,0.0,1000.0,917.3826063005845,556.0501467071175,0.130129026253433,0.0,0.0,0.0,60.73403906819167,21.561748972392863,0.0,706.0575322756201,0.0,0.0,0.0,0.0,0.0,0.0,0.0,0.0,0.0,0.0,0.0,0.0,0.0,0.0,0.130129026253433,0.0,0.0,0.0,0.0,0.0,0.0,0.0,0.0,840.2945642593589,0.0,-14.210089666874296,0.0,0.0,-1000.0,-9.7596769690075,-6.5064513126716506,0.0,0.0,0.0,0.0,0.0,0.0,0.0,0.0,0.0,0.0,0.0,0.0,0.0,0.0,0.0,0.0,972.245067374759,0.0,0.0,0.0,-0.130129026253433,0.0,0.0,0.130129026253433,0.0,0.130129026253433,0.0,0.0,0.0,78.0774157520598,158.75741202918826,158.75741202918826,0.0,0.0,0.0,0.0,0.0,0.0,0.0,0.0,0.0,917.3826063005845,0.0,0.0,0.0,0.0,0.0,0.0,0.0,0.0,0.0,0.0,0.0,0.0,0.0,0.0,0.0,0.0,0.0,22.09072473809124,0.0,-465.332760171715,465.332760171715,0.19519353938014952,0.0,0.0,0.0,-39.0387078760299,0.0,0.0,0.0,0.0,0.0,-374.5951144635597,6.5064513126716506,0.0,0.0,0.0,-593.75,571.072395260214,-275.97936268196247,0.0,0.0,-636.3134570481321,0.0,0.0,0.0,0.0,0.0,0.0,0.0,571.3669970076073,5.593920289503359,253.9741947493134,0.0,298.97419474931337,-11.150925228739084,0.0,-845.1420333292599,0.0,845.1420333292599,0.0,-329.22319852929274,0.0,6.5064513126716506,438.680561583226,0.0,0.0,0.0,-22.92005915743815,0.0,0.0,0.0,0.0,0.0,0.0,0.0,0.0,0.0,566.3296411993782,-403.874145370582,158.75741202918826,0.0,0.0,0.0,0.0,0.0,0.0,0.0,0.0,0.0,559.1427356257831,0.0,0.0,0.0,-193.6739158944259,290.45634994480696,0.0,39.0387078760299,0.0,0.0,0.0,0.0,334.0198687351681,0.0,0.0,0.143141928878905,0.0,0.0,0.0,79.37870601459413,0.0,0.0,0.0,0.0,-47.948389498626796,0.0,0.0,0.0,0.0,0.0,0.0,0.0,0.0,0.0,0.0,0.013012902625343674,0.013012902625343674,0.0,0.0,0.0,0.0,0.0,0.0,0.0,0.0,0.0,0.0,0.0,0.0,0.0,0.0,0.0,374.5951144635597,0.0,0.0,0.0,0.0,0.0,0.0,0.0,0.0,0.0,0.0,0.0,0.0,0.0,396.2984823068476,335.7366336776827,0.0,0.0,0.0,78.0774157520598,0.0,0.0,0.0,0.0,0.0,0.0,-78.0774157520598,0.0,0.0,0.0,0.0,0.0,0.0,0.0,0.0,0.0,0.0,0.0,0.0,-556.0501467071175,-1000.0,89.13838298360162,-39.0387078760299,0.0,0.0,999.4794838949855,0.0,0.0,0.0,0.0,0.0,0.0,0.0,0.0,0.0,515.625,0.0,-515.625,-515.625,0.0,0.0,0.0,0.0,-16.26612828167913,0.0,-1000.0,394.1144684015745,0.0,0.0,0.0,0.0,0.0,0.0,-1.6266128281679126,22.92005915743815,0.0,0.0,0.0,0.0,0.0,0.0,0.0,1000.0,39.0387078760299,39.0387078760299,0.0,0.0,0.0,0.0,0.0,0.143141928878905,374.5951144635597,0.0,0.0,-999.4794838949855,0.0,0.0,0.0,0.0,0.0,0.0,0.0,0.0,0.0,0.0,0.0,0.0,0.0,0.0,0.0,0.0,0.0,27.779982490089985,0.0,136.63547756610467,0.0,0.0,10.019935021514335,0.0,0.0,0.0,374.5951144635597,0.0,824.425492349714,0.0,0.0,0.0,-16.26612828167913,0.0,0.0,0.0,0.0,0.0,0.0,0.0,0.0,0.0,0.0,0.0,0.0,0.0,0.0,0.0,0.0,0.0,0.0,-0.130129026253433,0.0,0.0,6.5064513126716506,-960.6133188295571,0.0,0.0,0.0,0.0,0.0,0.0,0.0,0.0,11.204109160420709,3.2532256563358253,0.0,0.0,465.332760171715,0.130129026253433,0.0,130.129026253433,-12.560015648474241,26.025805250686602,0.9294930446673787,418.619948227258,-0.09759676969007476,589.3046712177932,2.6025805250686602,-0.650645131267941,-418.619948227258,39.0387078760299,-0.130129026253433,10.90422473371064,0.0,0.03253225656335825,0.9294930446673787,-32.71267420113192,-20.716540979545925,-2.6025805250686602,-201.53051740819265,-0.130129026253433,0.03253225656335825,-418.619948227258,13.012902625343301,0.130129026253433,0.130129026253433,-374.3218435084274,0.1431419288787767,0.0,-0.09759676969007476,39.0387078760299,0.130129026253433,39.0387078760299,-65.0645131267165,-0.0650645131267165,-534.9081602427423,-35.233756389687976,-0.09759676969007476,-0.130129026253433,-12.560015648474241,0.130129026253433,13.012902625343301,-2.6025805250686602,22.09072473809124,22.09072473809124,-13.012902625343301,201.53051740819265,-22.09072473809124,26.025805250686602,0.19519353938014952,-940.2904322441002,13.012902625343301,-253.17140321596582,0.0,-26.025805250686602,0.0650645131267165,1.3012902625343301,250.0,280.0,-0.130129026253433,-403.874145370582,374.3218435084274,40.339998138564226,0.130129026253433,20.716540979545925,-156.1548315041196,0.0,-0.130129026253433,-0.03253225656335825,0.0,-0.130129026253433,-86.9870973746567,0.130129026253433,-0.03253225656335825,-0.03253225656335825,-0.03253225656335825,52.051610501373204,65.0645131267165,1.3012902625343301,96.40934232551507,-0.03253225656335825,489.09577526628937,6.5064513126716506,50.0,0.130129026253433,0.0650645131267165,0.0650645131267165,13.012902625343301,12.560015648474241,0.130129026253433,-12.560015648474241,1.3012902625343301,0.130129026253433,-96.40934232551507,0.130129026253433,0.520516105014508,0.650645131267941,0.0650645131267165,0.03253225656335825,39.0387078760299,-0.130129026253433,0.0,1.3012902625343301,-192.81868465103014,586.0514455614573,-13.012902625343301,26.025805250686602,6.5064513126716506,-0.130129026253433,32.71267420113192,0.19519353938014952,-0.130129026253433,-26.025805250686602,12.560015648474241,-152.36196032227022,0.0650645131267165,-100.0,-0.130129026253433,-0.130129026253433,-0.130129026253433,0.0650645131267165,418.619948227258,-26.025805250686602,0.130129026253433,500.0,-0.03253225656335825,-0.1431419288787767,-500.0,19.51935393801495,35.233756389687976,310.70800164876,418.619948227258,-0.09759676969007476,403.874145370582,-280.0,0.130129026253433,-0.032532256563358244,6.5064513126716506,130.129026253433,-0.0650645131267165,-0.130129026253433,0.03253225656335825,0.0,0.0,687.98098481365,0.0,-255.0,0.0,436.75404337147046,-14.026776708940053,0.0,-80.0,-255.0,-325.0,-252.2443829173235,40.0,127.5,127.5,0.0,7.013388354470027,-374.5951144635597,-181.65790841289785,252.2443829173235,325.0,-181.65790841289785,-436.75404337147046,289.9479861251234,0.0,1496.5981,hplb
198,0.0,0.0,0.0,0.0,0.0,0.0,0.0,0.0,-0.08288293332754751,0.0,0.0,0.0,0.0,0.0,0.0,0.0,-634.2431168532186,0.0,0.0,934.2431168532186,0.0,0.0,0.0,716.228261858358,0.0,0.0,0.0,0.0,0.0,-53.00455769913316,0.0,0.0,75.22874750267299,0.0,0.0,0.0,0.0,884.3904253739529,0.0,-1000.0,1000.0,0.0,0.0,0.0,0.0,0.0,0.0,0.0,207.29225013173397,0.0,0.0,0.0,0.0,0.091171226660237,0.0,0.0,0.0,0.0,0.0,0.0,96.46361702738298,0.0,0.0,-214.82490503990496,0.0,0.0,0.0,0.0,0.0,810.0541713238692,0.0,0.8288293332754751,0.0,0.0,0.0,0.0,0.0,0.0,0.0,0.0,0.0,0.0,0.0,0.0,49.72975999652851,0.0,0.0,1000.0,387.60368092183415,68.58300965644196,716.6857863505054,0.0,0.0,289.09488421478466,24.864879998264254,0.0,24.864879998264254,-2.66883045314745,0.0,0.0,0.0,4.144146666377376,-216.85252833574032,0.0,0.0,-62.93953967078828,673.0350214602969,0.0,0.0,0.0,0.0,0.0,0.0,0.0,0.0,0.0,0.0,0.0,0.0,0.0,0.0,0.0,0.0,0.0,-1000.0,0.0,0.0,24.864879998264254,0.0,25.693709331539733,0.0,0.0,0.0,0.0,0.0,0.0,0.0,0.0,0.0,-311.28852206728794,0.0,0.0,0.0,0.0,0.0,6.381985866221155,0.08288293332754751,716.7065070838373,0.0,0.0,-4.162908989397579,-1000.0,0.0,0.0,0.0,0.0,125.19642061865515,0.0,0.0,0.0,0.0,0.0,48.71306639592463,48.71306639592463,0.0,0.0,0.0,0.0,1000.0,0.0,0.0,48.795949329252174,0.0,0.0,0.0,0.0,-618.9868619838988,0.0,0.0,0.0,0.0,0.0,0.0,0.0,0.0,0.0,-1000.0,0.0,0.0,0.0,0.0,-781.2374895042177,0.0,0.0,0.0,0.0,0.0,0.0,0.0,-207.29225013173397,207.29225013173397,0.0,0.0,0.0,0.0,0.0,0.0,0.0,163.84797063660716,-370.8090658023523,0.0,0.0,0.0,0.0,0.0,0.0,0.0,0.0,0.0,0.0,0.0,0.0,0.0,0.0,264.2810608601196,479.95542442061776,0.0,0.0,0.0,311.28852206728794,49.80846822762902,0.0,0.0,0.0,0.0,96.46361702738298,479.95542442061776,0.0,0.0,0.0,0.0,0.0,0.0,0.0,0.0,0.0,16.576586665509502,0.0,0.0,-1000.0,-405.1040689464318,1000.0,0.0,-479.95542442061776,0.0,0.0,311.28852206728794,-734.9350274984333,0.0,0.0,0.0,-194.04004430459437,0.0,0.0,-803.1353134406388,0.0,0.0,-803.1353134406388,0.0,0.0,180.3114307901002,0.0,-480.34138341024936,0.0,0.0,181.43491575622855,0.0,0.0,0.0,-462.42902279692123,0.0,462.42902279692123,0.0,48.63018346259708,0.0,311.28852206728794,1000.0,0.0,0.0,0.0,96.46361702738298,-0.12432439999132126,0.0,0.0,0.0,0.0,0.08288293332754751,0.0,0.0,0.0,706.5641412783245,-634.2431168532186,0.0,-43.83677096474049,21.328356445528648,618.9868619838988,580.1529445964858,0.0,183.2182617507192,0.0,-62.93953967078828,0.0,0.0,0.0,816.7817382492808,0.0,-1000.0,-1000.0,-1000.0,0.0,0.0,0.0,0.0,0.0,0.0,0.0,0.0,0.0,0.0,0.0,0.0,0.0,0.0,0.0,0.0,0.0,-115.27804289273624,0.0,-1000.0,0.0,0.0,0.0,0.0,0.0,0.0,-6.381985866221155,0.0,0.0,0.0,753.9709205198945,0.0,-359.3420350574833,466.7864657919045,-4.144146666377376,0.0,359.3420350574833,403.8997203692219,-4.144146666377376,-689.4907490542199,0.0,-466.7864657919045,0.0,0.0,-2.072073333188688,0.0,-989.067355812921,0.0,972.444943458723,0.0,-674.9937522957283,24.864879998264254,-437.4999999998686,437.4999999998686,0.0,730.609579370872,0.0,0.0,0.0,0.0,0.0,0.0,-429.2466263655932,0.0,0.0,0.0,0.0,0.0,163.84797063660716,0.0,0.0,-118.36128801252198,0.0,0.0,444.7119354017784,0.0,0.0,0.0,0.0,-91.71170666724525,0.16576586665566923,0.0,0.0,0.0,0.0,0.0,0.0,0.0,0.0,0.0,810.0541713238692,0.0,0.0,0.0,0.0,0.0,0.0,0.0,0.0,0.0,0.091171226660237,0.091171226660237,0.0,88.57454397763566,0.0,49.72975999652851,0.0,0.0,0.0,464.6551268217804,0.0,0.0,0.0,0.0,0.0,-360.2121875009077,-464.6551268217804,0.0,0.0,0.0,0.0,0.0,444.7119354017784,0.0,0.0,0.0,0.0,0.0,0.0,0.0,333.3333333333333,-706.5641412783245,331.12788752910063,0.0,6.381985866221155,0.0,239.28641598715564,49.80846822762902,0.0,0.0,-360.2121875009077,0.0,0.0,-451.92389416815297,0.0,0.0,0.0,0.0,0.0,0.0,0.0,0.0,0.0,0.0,0.0,0.0,0.0,0.0,0.0,0.0,49.72975999652851,311.28852206728794,311.28852206728794,0.0,0.0,0.0,0.0,0.0,0.0,0.0,0.0,0.0,0.0,0.8288293332754751,0.0,0.0,0.0,0.0,0.0,0.0,0.0,0.0,24.864879998264254,0.0,0.0,0.0,0.0,0.0,0.0,0.0,0.0,0.0,0.0,836.6238248998478,-735.5351053481841,0.0,24.864879998264254,24.864879998264254,1000.0,-464.6551268217804,0.0,444.7119354017784,0.0,0.0,0.0,0.0,0.0,216.85252833574032,163.84797063660716,248.08063867032186,0.08288293332754751,0.0,0.0,0.0,109.45875387807328,0.0,0.0,-289.09488421478466,0.0,0.0,0.0,0.0,0.0,0.0,0.0,0.0,0.0,0.0,0.0,0.0,0.0,0.0,0.08288293332754751,0.0,0.0,0.0,-906.2500000000019,906.2500000000019,0.0,0.0,0.0,0.0,-6.381985866221155,0.0,0.0,0.0,-884.7219571072637,-6.216219999566063,0.0,-4.144146666377376,0.0,0.0,0.0,0.0,0.0,0.0,0.0,0.0,0.0,0.0,0.0,311.28852206728794,618.9868619838988,0.0,0.0,301.59533782937206,0.0,0.0,0.0,-0.08288293332754751,0.0,0.0,0.08288293332754751,0.0,0.08288293332754751,0.0,0.0,0.0,49.72975999652851,101.11717865960797,101.11717865960797,0.0,0.0,0.0,0.0,0.0,0.0,0.0,331.12788752910063,0.0,163.84797063660716,0.0,0.0,823.9179588087826,0.0,0.0,0.0,0.0,0.0,0.0,0.0,0.0,0.0,0.0,0.0,0.0,0.0,0.0,49.80846822762902,0.0,0.0,0.0,0.12432439999132126,0.0,0.0,0.0,-24.864879998264254,0.0,0.0,0.0,0.0,0.0,-88.57454397763566,4.144146666377376,0.0,0.0,0.0,0.0,-1000.0,0.0,-4.144146666377376,0.0,0.0,0.0,0.0,0.0,0.0,0.0,311.28852206728794,0.0,0.0,0.0,88.57454397763566,0.0,639.5513008635912,-62.93953967078828,0.0,0.0,0.0,0.0,0.0,-836.0522061580413,0.0,4.144146666377376,677.8671913291538,0.0,0.0,0.0,-118.36128801252198,0.0,0.0,0.0,0.0,0.0,0.0,0.0,0.0,0.0,987.5675600008678,0.0,101.11717865960797,0.0,0.0,0.0,0.0,0.0,0.0,0.0,0.0,0.0,0.0,0.0,0.0,107.2232039763338,-919.5129252019425,190.32400025500027,0.0,24.864879998264254,0.0,0.0,0.0,0.0,-297.09589833883115,0.0,0.0,0.091171226660237,0.0,0.0,0.0,50.558589329803986,0.0,0.0,0.0,0.0,264.2810608601196,0.0,673.0350214602969,0.0,0.0,0.0,0.0,0.0,0.0,-807.2807087931011,0.0,965.9804795265052,0.008288293332754987,0.0,0.0,0.0,0.0,0.0,0.0,0.0,0.0,0.0,0.0,0.0,0.0,0.0,0.0,0.0,88.57454397763566,0.0,0.0,0.0,0.0,0.0,0.0,0.0,0.0,0.0,0.0,0.0,0.0,-607.2922501317339,0.0,0.0,0.0,0.0,0.0,49.72975999652851,0.0,0.0,0.0,0.0,0.0,0.0,-49.72975999652851,0.0,0.0,0.0,0.0,0.0,0.0,0.0,0.0,0.0,0.0,0.0,0.0,-248.08063867032186,-1000.0,880.6927681381526,0.0,-24.864879998264254,0.0,884.3904253739529,0.0,0.0,0.0,0.0,0.0,0.0,0.0,0.0,0.0,0.0,0.0,0.0,0.0,0.0,0.0,0.0,0.0,-10.360366665943438,311.28852206728794,-6.216219999566063,817.7017388092165,0.0,0.0,0.0,0.0,0.0,-1000.0,998.9639633334057,118.36128801252198,0.0,0.0,0.0,0.0,0.0,0.0,0.0,1000.0,24.864879998264254,24.864879998264254,0.0,0.0,0.0,0.0,0.0,0.091171226660237,88.57454397763566,0.0,0.0,-884.3904253739529,965.9721912331725,0.0,0.0,0.0,0.0,0.0,0.0,0.0,0.0,0.0,0.0,0.0,0.0,0.0,0.0,0.0,0.0,0.0,0.0,87.02707999392489,0.0,0.0,6.381985866221155,0.0,0.0,0.0,88.57454397763566,0.0,-2.66883045314745,0.0,0.0,0.0,-10.360366665943438,0.0,0.0,0.0,0.0,0.0,0.0,0.0,0.0,0.0,0.0,0.0,0.0,0.0,0.0,0.0,0.0,0.0,0.0,-0.08288293332754751,0.0,0.0,4.144146666377376,360.2121875009077,0.0,0.0,0.0,0.0,311.28852206728794,0.0,0.0,0.0,-816.7817382492808,2.072073333188688,0.0,0.0,0.0,0.08288293332754751,0.0,82.8829333275475,-25.693709331539733,16.576586665509502,0.592020952339625,231.24338398385757,-0.06216219999566063,4.144146666377376,1.6576586665509503,-0.41441466663843585,-231.24338398385757,24.864879998264254,-0.08288293332754751,20.979846556929427,444.7119354017784,0.020720733331886877,0.592020952339625,-62.93953967078828,-13.19496298574598,-1.6576586665509503,-300.0,-0.08288293332754751,0.020720733331886877,-231.24338398385757,8.288293332754751,0.08288293332754751,0.08288293332754751,-88.40048981764787,0.09117122666027302,-41.0613748283417,-0.06216219999566063,24.864879998264254,0.08288293332754751,24.864879998264254,-41.44146666377375,-0.041441466663773754,41.7440335512631,-58.17964449371132,-0.06216219999566063,-0.08288293332754751,-25.693709331539733,0.08288293332754751,8.288293332754737,-1.6576586665509503,49.80846822762902,49.80846822762902,-8.288293332754751,300.0,-49.80846822762902,16.576586665509502,0.12432439999132126,-1000.0,8.288293332754751,-333.3333333333333,444.7119354017784,-16.576586665509502,0.041441466663773754,0.8288293332754751,10.959192741185122,105.15113064314517,-0.08288293332754751,-107.2232039763338,88.40048981764787,25.693709331539733,0.08288293332754751,13.19496298574598,345.25241540872145,444.7119354017784,-0.08288293332754751,-0.020720733331886877,-444.7119354017784,-0.08288293332754751,-764.7467281275422,0.08288293332754751,-0.020720733331886877,-0.020720733331886877,-0.020720733331886877,33.153173331019005,41.44146666377375,0.8288293332754751,278.51367743066305,-0.020720733331886877,0.9385389254408167,4.144146666377376,50.0,0.08288293332754751,0.041441466663773754,0.041441466663773754,75.0,25.693709331539733,0.08288293332754751,-25.693709331539733,0.8288293332754751,0.08288293332754751,-712.729245833895,0.08288293332754751,0.3315317333107828,0.41441466663843585,0.041441466663773754,0.020720733331886877,24.864879998264254,-0.08288293332754751,41.0613748283417,0.8288293332754751,-557.0273548613261,2.072073333188688,-8.288293332754737,16.576586665509502,4.144146666377376,-0.08288293332754751,62.93953967078828,0.12432439999132126,-0.08288293332754751,-150.0,25.693709331539733,595.5006629128247,0.041441466663773754,-100.0,-0.08288293332754751,-0.08288293332754751,-0.08288293332754751,0.041441466663773754,231.24338398385757,-16.576586665509502,0.08288293332754751,21.918385482370244,-0.020720733331886877,-0.09117122666027302,-21.918385482370244,12.432439999132125,58.17964449371132,480.5221912141873,231.24338398385757,-0.06216219999566063,107.2232039763338,-105.15113064314517,0.08288293332754751,-0.020720733331886877,758.115067186272,82.8829333275475,-0.041441466663773754,-0.08288293332754751,0.020720733331886877,609.5627865318588,0.0,751.0641180867941,434.21556840323194,-255.0,0.0,483.8032553130791,-140.0,0.0,172.31684845363233,-255.0,-325.0,-248.89444044654215,-86.15842422681617,127.5,127.5,0.0,70.0,-88.57454397763566,-298.40476457399353,248.89444044654215,325.0,-298.40476457399353,-483.8032553130791,65.13127328580146,0.0,1496.5981,hplb
199,0.0,0.0,0.0,0.0,0.0,0.0,0.0,0.0,284.9669420016515,0.0,0.0,0.0,0.0,0.0,0.0,0.0,529.1785898239536,-525.5994519742715,0.0,0.0,0.0,0.0,0.0,637.0391518796997,0.0,0.0,0.0,0.0,0.0,-681.2034563077755,70.38811868066358,-70.38811868066358,119.39246802971512,0.0,0.0,0.0,0.0,460.3905943956157,0.0,-545.4350245818684,-778.7838178480264,0.0,0.0,0.0,0.0,0.0,0.0,0.0,1000.0,0.0,0.0,0.0,0.0,0.07732099024824468,0.0,0.0,0.0,14.058361863347947,0.0,0.0,-29.653071567382167,0.0,0.0,-29.653071567382167,0.0,0.0,0.0,0.0,26.786515689195085,-26.786515689195085,0.0,0.7029180931673974,0.0,0.0,0.0,0.0,0.0,0.0,0.0,0.0,0.0,0.0,-20.699151385067903,0.0,42.17508559004384,0.0,0.0,-262.79972598713573,440.6889727730186,-529.0731521099785,-0.017572952329184936,0.0,0.0,0.0,21.08754279502192,0.0,21.08754279502192,-449.2383270403997,0.0,0.0,0.0,3.5145904658369864,-714.6274374187815,0.0,0.0,0.0,0.0,0.0,0.0,0.0,0.0,0.0,0.0,0.0,0.0,0.0,0.0,0.0,0.0,0.0,0.0,0.0,0.0,0.0,-41.39198470936945,0.0,0.0,21.08754279502192,0.0,21.790460888189315,21.790460888189315,0.0,0.0,0.0,0.0,0.0,0.0,0.0,0.0,0.0,0.0,0.0,0.0,0.0,0.0,26.11162070245686,0.07029180931673973,0.0,0.0,0.0,0.0,-553.4903079391785,0.0,0.0,0.0,0.0,298.7799289158298,0.0,0.0,0.0,0.0,0.0,-677.8650482892898,-677.8650482892898,0.0,0.0,0.0,0.0,-44.80363675010007,0.0,0.0,-607.4066377993095,0.0,0.0,0.0,0.0,0.0,0.0,0.0,0.0,0.0,0.0,0.0,0.0,0.0,0.0,0.0,0.0,0.0,0.0,0.0,-1000.0,0.0,0.0,0.0,0.0,0.0,0.0,0.0,262.79972598713573,-262.79972598713573,0.0,0.0,0.0,0.0,0.0,0.0,0.0,33.42398111100596,-144.35453008876192,0.0,0.0,0.0,0.0,0.0,0.0,0.0,0.0,0.0,0.0,0.0,0.0,0.0,0.0,481.6070316658744,-847.9751335161782,0.0,0.0,0.0,0.0,0.0,0.0,0.0,0.0,0.0,-29.653071567382167,-847.9751335161782,70.38811868066358,0.0,85.94539041061557,0.0,0.0,0.0,0.0,0.0,218.96345910342285,0.0,0.0,0.0,0.0,177.88924678588285,1000.0,0.0,847.9751335161782,0.0,0.0,0.0,-641.38177864977,0.0,0.0,0.0,-35.52758651791919,0.0,0.0,-126.25338386687037,0.0,390.0343550062857,-516.2877388731561,390.0343550062857,0.0,703.4886987601543,0.0,-1000.0,0.0,0.0,239.69506977008245,0.0,0.0,0.0,-620.7325370035497,0.0,620.7325370035497,0.0,0.0,0.0,0.0,-189.15816683886197,0.0,0.0,0.0,-29.653071567382167,-0.1054377139751096,0.0,0.0,0.0,0.0,0.07029180931673973,0.0,0.0,0.0,759.9489981015553,529.1785898239536,0.0,-165.5679388374778,888.7506748289904,0.0,-757.6962750530045,0.0,0.0,0.0,0.0,0.0,0.0,0.0,-6.052124782171122,671.514165029391,-665.4620402472199,-1000.0,-1000.0,0.0,0.0,0.0,0.0,0.0,0.0,0.0,0.0,0.0,0.0,0.0,0.0,0.0,0.0,0.0,0.0,85.94539041061557,0.0,0.0,-1000.0,0.0,539.3282383671169,595.5502712031602,0.0,0.0,963.8823750155053,-174.68696112521613,0.0,20.699151385067903,0.0,0.0,0.0,0.0,0.0,-3.514590465836987,0.0,-698.3006807185861,0.0,544.4900621940068,1000.0,-429.18588099777014,0.0,0.0,122.96487923884008,-1.7572952329184934,-548.0046526598437,0.0,0.0,0.0,1000.0,-12.265694944874872,21.08754279502192,0.0,0.0,0.0,0.0,0.0,285.03723381096825,0.0,0.0,0.0,0.0,240.94163813665205,0.0,0.0,-607.547221417943,0.0,0.0,33.42398111100596,0.0,0.0,-59.30614313476433,0.0,0.0,0.0,0.0,0.0,0.0,0.0,-92.97081906832602,0.14058361863352642,0.0,0.0,0.0,0.0,0.0,0.0,0.0,0.0,0.0,0.0,0.0,0.0,0.0,0.0,0.0,0.0,0.0,0.0,0.0,0.07732099024824468,0.07732099024824468,70.38811868066358,44.684551270672955,0.0,42.17508559004384,0.0,183.51834631116716,0.0,1000.0,0.0,0.0,0.0,0.0,0.0,496.59894200816876,-1000.0,0.0,0.0,0.0,0.0,0.0,0.0,0.0,0.0,0.0,0.0,0.0,0.0,0.0,13.797328236456485,-759.9489981015553,553.4903079391785,0.0,5.4124693173889575,0.0,-969.6038202218755,969.6038202218755,969.6038202218756,0.0,496.59894200816876,0.0,403.62812293984274,0.0,593.7500000000006,-593.7500000000006,0.0,0.0,0.0,0.0,0.0,0.0,0.0,0.0,0.0,0.0,0.0,0.0,0.0,0.0,42.17508559004384,0.0,0.0,0.0,0.0,0.0,0.0,0.0,0.0,0.0,0.0,0.0,0.0,0.7029180931673974,0.0,70.38811868066358,0.0,0.0,70.38811868066358,0.0,0.0,0.0,21.08754279502192,0.0,0.0,0.0,0.0,0.0,0.0,0.0,0.0,0.0,0.0,99.32687716335761,0.0,0.0,21.08754279502192,21.08754279502192,1000.0,-1000.0,0.0,0.0,0.0,0.0,0.0,0.0,0.0,714.6274374187815,33.42398111100596,717.6096904421539,0.07029180931673973,0.0,0.0,-483.7087032331336,489.37723557017637,0.0,0.0,0.0,0.0,0.0,0.0,0.0,0.0,0.0,0.0,0.0,0.0,0.0,0.0,0.0,0.0,0.0,0.07029180931673973,0.0,0.0,0.0,0.0,0.0,0.0,0.0,0.0,539.3282383671169,0.0,595.5502712031602,0.0,-153.98780974014824,-1000.0,-5.271885698755479,-3.514590465836987,0.0,0.0,0.0,0.0,0.0,0.0,0.0,0.0,0.0,0.0,0.0,0.0,0.0,0.0,0.0,0.0,-8.751104479037885,0.0,0.0,0.0,284.9669420016515,0.0,0.0,0.07029180931673973,0.0,0.07029180931673973,0.0,0.0,0.0,42.17508559004384,85.75600736642248,85.75600736642248,0.0,0.0,0.0,0.0,0.0,0.0,20.699151385067903,553.4903079391785,0.0,33.42398111100596,0.0,0.0,0.0,0.0,0.0,0.0,0.0,0.0,0.0,0.0,0.0,0.0,0.0,0.0,0.0,0.0,0.0,0.0,0.0,0.0,0.0,0.1054377139751096,0.0,0.0,0.0,-21.08754279502192,0.0,0.0,0.0,0.0,0.0,-44.684551270672955,3.5145904658369864,0.0,0.0,0.0,0.0,44.80363675010007,0.0,0.0,0.0,0.0,0.0,0.0,0.0,0.0,0.0,0.0,0.0,0.0,169.71499584402116,44.684551270672955,0.0,864.4319460758305,0.0,0.0,-174.68696112521613,174.68696112521613,0.0,0.0,-727.1377860161925,183.51834631116716,3.514590465836987,771.8152467969179,0.0,0.0,-70.38811868066358,-59.30614313476433,718.7499999999972,-718.7499999999972,0.0,0.0,0.0,0.0,0.0,0.0,0.0,-10.543771397510977,0.0,85.75600736642248,0.0,-710.8618813193364,-710.8618813193364,781.25,0.0,0.0,0.0,0.0,0.0,218.96345910342285,0.0,0.0,60.50020836693941,-5.668532337042791,0.0,0.0,21.08754279502192,0.0,0.0,0.0,0.0,23.090307462623443,0.0,0.0,0.07732099024824468,0.0,0.0,0.0,42.87800368321124,0.0,0.0,0.0,0.0,481.6070316658744,0.0,0.0,0.0,0.0,0.0,0.0,0.0,0.0,0.0,0.0,0.0070291809316739735,0.0070291809316739735,0.0,0.0,0.0,0.0,0.0,0.0,0.0,0.0,0.0,-483.7087032331336,70.38811868066358,0.0,0.0,0.0,0.0,44.684551270672955,0.0,0.0,0.0,0.0,0.0,0.0,0.0,0.0,0.0,0.0,0.0,0.0,1000.0,58.35717964790729,-525.5994519742715,0.0,0.0,0.0,42.17508559004384,0.0,0.0,0.0,0.0,0.0,0.0,-42.17508559004384,0.0,0.0,0.0,0.0,0.0,0.0,0.0,0.0,0.0,70.38811868066358,70.38811868066358,0.0,-1000.0,-1000.0,48.149889381966716,0.0,-21.08754279502192,0.0,999.7188327627326,0.0,0.0,0.0,0.0,0.0,0.0,0.0,0.0,0.0,0.0,0.0,0.0,0.0,0.0,0.0,0.0,183.51834631116716,-8.786476164592466,0.0,-5.271885698755479,-5.271885698755479,0.0,0.0,0.0,0.0,0.0,-0.8786476164592467,0.0,59.30614313476433,0.0,0.0,0.0,0.0,0.0,0.0,0.0,717.6096904421539,21.08754279502192,21.08754279502192,0.0,0.0,0.0,0.0,0.0,0.07732099024824468,44.684551270672955,0.0,0.0,-999.7188327627326,0.0,0.0,0.0,0.0,0.0,0.0,0.0,0.0,0.0,0.0,0.0,0.0,0.0,0.0,0.0,0.0,0.0,21.790460888189315,0.0,73.80639978257672,0.0,0.0,26.11162070245686,0.0,0.0,0.0,44.684551270672955,0.0,142.79735369692344,0.0,0.0,0.0,-8.786476164592466,0.0,0.0,0.0,0.0,0.0,0.0,0.0,0.0,0.0,0.0,0.0,0.0,0.0,0.0,0.0,0.0,0.0,0.0,-0.07029180931673973,0.0,0.0,3.5145904658369864,-496.59894200816876,0.0,0.0,0.0,0.0,0.0,0.0,0.0,0.0,6.052124782171122,1.7572952329184934,0.0,0.0,0.0,0.07029180931673973,0.0,70.29180931673973,0.0,14.058361863347947,0.5020843522624266,239.69506977008245,-0.0527188569875548,3.514590465836987,1.4058361863347948,-0.3514590465841081,-239.69506977008245,21.08754279502192,-0.07029180931673974,0.0,0.0,0.017572952329184936,0.5020843522624266,0.0,-11.190456043224799,68.98228249432884,-3.5791378496821835,-0.07029180931673974,0.017572952329184936,-239.69506977008245,7.029180931673974,0.07029180931673974,0.07029180931673973,-44.536938471107966,0.07732099024841371,-212.36328709804116,-0.0527188569875548,21.08754279502192,0.07029180931673965,21.08754279502192,-35.14590465836987,-0.03514590465836987,-86.41664181778867,-7.099472740990714,-0.0527188569875548,-0.07029180931673974,0.0,0.07029180931673973,7.029180931673974,-1.4058361863347948,0.0,0.0,-7.029180931673974,3.5791378496821835,0.0,14.058361863347947,0.1054377139751096,-1000.0,7.029180931673974,-13.797328236456485,0.0,-14.058361863347947,0.03514590465836987,0.7029180931673974,41.39198470936945,58.7429131340209,-0.07029180931673973,-60.50020836693941,44.536938471107966,21.790460888189315,0.07029180931673974,11.190456043224799,-84.3501711800879,0.0,-0.07029180931673973,-0.017572952329184936,0.0,-0.07029180931673974,-92.97081906832602,0.07029180931671174,-0.017572952329184936,-0.017572952329184936,-0.017572952329184936,28.116723726695895,35.14590465836987,0.7029180931673974,52.077444227539026,-0.017572952329184936,82.7839694187389,3.514590465836987,50.0,0.07029180931673973,0.03514590465836987,0.03514590465836987,7.029180931673974,0.0,0.07029180931673973,0.0,0.7029180931673974,0.07029180931673974,-52.077444227539026,0.07029180931673974,0.28116723726736836,0.3514590465841081,0.03514590465836987,0.017572952329184936,21.08754279502192,-0.07029180931673974,212.36328709804116,-34.49114124716442,-104.15488845507805,1.7572952329184934,-7.029180931673974,14.058361863347947,3.514590465836987,-0.07029180931673974,0.0,0.1054377139751096,-0.07029180931673974,-14.058361863347947,0.0,50.82756907192278,0.03514590465836987,-100.0,-0.07029180931673965,-0.07029180931671174,-0.07029180931673974,0.03514590465836987,239.69506977008245,-14.058361863347947,0.07029180931673973,82.7839694187389,-0.017572952329184936,-0.07732099024841371,-82.7839694187389,10.543771397510959,7.099472740990714,525.8096064970838,239.69506977008245,-0.0527188569875548,60.50020836693941,-58.7429131340209,0.07029180931673974,-0.01757295232918494,3.514590465836987,70.29180931673973,-0.03514590465836987,-0.07029180931673974,0.017572952329184936,0.0,0.0,825.5493074451658,0.0,-255.0,0.0,271.3127855040069,-120.9459170156149,0.0,202.49425571082745,-255.0,-325.0,-174.41554665017577,-101.24712785541372,127.5,127.5,0.0,60.47295850780745,-44.684551270672955,-73.91787653454622,174.41554665017577,325.0,-73.91787653454622,-271.3127855040069,174.31688787621042,0.0,1496.5981,hplb
200,0.0,0.0,0.0,0.0,0.0,0.0,0.0,0.0,-0.07083740707195742,0.0,0.0,0.0,0.0,0.0,0.0,0.0,0.0,-181.37638941388423,0.0,173.99075853331976,0.0,0.0,0.0,1000.0,0.0,0.0,0.0,0.0,0.0,-1000.0,0.0,0.0,61.31757577153843,0.0,0.0,0.0,0.0,999.7166503717114,0.0,-1000.0,1000.0,0.0,0.0,0.0,0.0,0.0,0.1416748141439148,0.0,1000.0,0.0,0.0,0.0,0.0,0.07792114777910797,0.0,0.0,0.0,0.0,0.0,0.0,82.86124531906432,0.0,-573.6385247625684,-758.0762583491062,0.0,0.0,0.0,0.0,0.0,0.0,0.0,0.7083740707195741,0.0,0.0,0.0,0.0,0.0,0.0,0.0,0.0,0.0,0.0,0.0,0.0,42.502444243174445,0.0,0.0,-416.69743617362224,-817.0311827973355,700.3337466237133,-0.01770935176798935,0.0,0.0,781.9281291133891,21.251222121587222,0.0,21.251222121587222,-2.280964507714259,850.1519141376184,0.0,0.0,3.5418703535978704,-1000.0,0.0,0.0,-77.11691753217134,0.0,0.0,0.0,0.0,0.0,0.0,0.0,0.0,0.0,0.0,0.0,0.0,0.0,0.0,0.0,0.0,0.0,0.0,-629.1226410439917,0.0,0.0,21.251222121587222,0.0,21.959596192306797,21.959596192306797,0.0,-389.85415290955916,472.9080879923408,-83.05393508278163,83.05393508278163,578.8524090991607,93.75000000000355,-93.75000000000355,-846.1513880047628,0.0,0.0,0.0,0.0,0.0,5.454480344540717,0.0708374070719574,0.0,0.0,0.0,0.0,0.0,0.0,0.0,0.0,0.0,622.683261482915,0.0,0.0,0.0,0.0,0.0,999.929162592928,999.929162592928,0.0,0.0,0.0,-781.2499999999999,1000.0,0.0,0.0,1000.0,0.0,0.0,0.0,0.0,-339.8081433768813,0.0,0.0,0.0,0.0,0.0,0.0,0.0,0.0,0.0,-248.78942258678012,0.0,0.0,0.0,0.0,563.330074342434,0.0,0.0,0.0,0.0,0.0,0.0,0.0,416.69743617362224,-416.69743617362224,267.2989789056021,0.0,0.0,0.0,0.0,0.0,0.0,0.0,-1000.0,0.0,0.0,0.0,0.0,0.0,0.0,0.0,0.0,0.0,0.0,0.0,0.0,0.0,0.0,-71.66503717121704,0.0,0.0,0.0,0.0,0.0,-98.98888050519349,0.0,0.0,0.0,0.0,82.86124531906432,0.0,0.0,0.0,0.0,0.0,0.0,0.0,0.0,0.0,0.0,14.167481414391482,0.0,0.0,700.2274905131053,-533.5011284578525,1000.0,0.0,0.0,0.0,0.0,267.2989789056021,-26.847377280271854,0.0,0.0,0.0,-96.23888964460252,0.0,0.0,-593.6278082476812,0.0,0.0,-593.6278082476812,0.0,0.0,-400.3337466237133,0.0,-173.99075853331976,0.0,0.0,73.24545971496616,0.0,0.0,0.0,0.0,0.0,0.0,0.0,1000.0,0.0,0.0,-690.7349482451517,-781.25,0.0,0.0,82.86124531906432,-0.1062561106079361,0.0,0.0,0.0,0.0,0.0708374070719574,0.0,0.0,0.0,-752.8913948644299,0.0,0.0,-1000.0,-362.57558857449646,339.8081433768813,1000.0,0.0,-195.78374407428976,0.0,-77.11691753217134,0.0,0.0,0.0,564.7440973923909,297.26541344557586,-666.225766763677,332.1304580916187,-1000.0,0.0,0.0,0.0,0.0,0.0,0.0,0.0,0.0,0.0,0.0,0.0,0.0,0.0,0.0,0.0,0.0,0.0,0.0,0.0,-1000.0,0.0,0.0,0.0,0.0,607.6221711702841,0.0,-5.454480344540717,0.0,850.1519141376184,0.0,0.0,0.0,0.0,-18.717973184637344,0.0,-959.0195309702214,-297.26541344557586,0.0,0.0,0.0,0.0,18.717973184637344,-3.5418703535978704,503.1599224346879,957.2485957934224,-3.5418703535978704,-246.93920105284354,0.0,419.3577275920237,1000.0,-1000.0,21.251222121587222,0.0,0.0,0.0,0.0,0.0,0.0,0.0,0.0,0.0,0.0,233.83815219943358,0.0,0.0,0.0,0.0,0.0,0.0,0.0,0.0,-101.57648826747344,0.0,0.0,21.251222121587222,0.0,0.0,0.0,0.0,-92.91625929280426,0.1416748141439621,0.0,0.0,0.0,0.0,0.0,0.0,0.0,0.0,0.0,0.0,0.0,0.0,0.0,0.0,0.0,0.0,0.0,0.0,0.0,0.07792114777910797,0.07792114777910797,0.0,265.8325185856085,0.0,42.502444243174445,0.0,0.0,0.0,780.956563305537,0.0,0.0,0.0,0.0,0.0,694.733596571463,-780.956563305537,0.0,0.0,0.0,0.0,0.0,21.251222121587222,0.0,0.0,0.0,0.0,0.0,0.0,0.0,209.7075470146639,752.8913948644299,0.0,0.0,5.454480344540717,0.0,613.6180307129805,168.3100984004086,0.0,0.0,694.733596571463,0.0,1000.0,-398.1826627213412,0.0,0.0,0.0,0.0,0.0,0.0,0.0,0.0,0.0,0.0,0.0,0.0,0.0,0.0,0.0,0.0,42.502444243174445,267.2989789056021,267.2989789056021,0.0,0.0,0.0,0.0,0.0,0.0,0.0,0.0,0.0,0.0,0.7083740707195741,0.0,0.0,0.0,0.0,0.0,0.0,0.0,0.0,21.251222121587222,0.0,0.0,0.0,0.0,0.0,0.0,0.0,0.0,0.0,0.0,1000.0,0.0,0.0,21.251222121587222,21.251222121587222,399.40737737959125,-780.956563305537,0.0,21.251222121587222,0.0,0.0,0.0,0.0,0.0,-149.84601890405224,0.0,-52.72166167105024,0.0708374070719574,0.0,0.0,0.0,5.712530898874283,0.0,0.0,-781.9281291133891,0.0,0.0,0.0,0.0,0.0,0.0,0.0,0.0,0.0,0.0,0.0,0.0,0.0,0.0,0.0708374070719574,0.0,0.0,0.0,0.0,0.0,0.0,0.0,0.0,0.0,0.0,844.6974337930778,0.0,0.0,-1000.0,-5.312805530396806,-3.5418703535978704,0.0,0.0,0.0,0.0,0.0,0.0,0.0,0.0,0.0,0.0,0.0,0.0,267.2989789056021,339.8081433768813,0.0,0.0,-577.1004020543784,0.0,0.0,0.0,-0.07083740707195742,0.0,0.0,0.0708374070719574,0.0,0.0708374070719574,0.0,0.0,0.0,42.502444243174445,86.42163662778805,86.42163662778805,0.0,0.0,0.0,0.0,0.0,0.0,0.0,0.0,0.0,0.0,0.0,0.0,0.0,570.8431981412864,0.0,0.0,0.0,0.0,0.0,0.0,0.0,0.0,0.0,0.0,0.0,0.0,0.0,168.3100984004086,0.0,0.0,0.0,0.1062561106079361,0.0,0.0,0.0,-21.251222121587222,0.0,0.0,0.0,0.0,0.0,-265.8325185856085,3.5418703535978704,0.0,0.0,0.0,781.2499999999999,-1000.0,0.0,0.0,0.0,0.0,0.0,0.0,0.0,0.0,0.0,267.2989789056021,0.0,0.0,0.0,265.8325185856085,0.0,-591.7379467364141,-77.11691753217134,0.0,-5.454480344540717,850.1519141376184,-844.6974337930778,0.0,-113.2690139080599,0.0,3.5418703535978704,411.06913672040105,0.0,0.0,0.0,-101.57648826747344,0.0,0.0,0.0,0.0,0.0,0.0,0.0,0.0,0.0,238.1638115259866,0.0,86.42163662778805,0.0,0.0,0.0,0.0,0.0,0.0,0.0,0.0,0.0,0.0,0.0,0.0,281.7709351767989,-5.712530898874283,0.0,0.0,21.251222121587222,0.0,0.0,0.0,0.0,288.15830042856714,0.0,0.0,0.07792114777910797,0.0,0.0,0.0,43.21081831389402,0.0,0.0,0.0,0.0,-71.66503717121704,0.0,0.0,0.0,0.0,0.0,0.0,0.0,0.0,-730.3859497172215,0.0,0.007083740707195943,0.007083740707195943,0.0,0.0,0.0,0.0,0.0,0.0,0.0,0.0,0.0,0.0,0.0,0.0,0.0,0.0,0.0,265.8325185856085,0.0,0.0,0.0,0.0,0.0,0.0,0.0,0.0,0.0,0.0,0.0,0.0,0.0,1000.0,-181.37638941388423,0.0,0.0,0.0,42.502444243174445,0.0,0.0,0.0,0.0,0.0,-42.502444243174445,0.0,0.0,0.0,0.0,0.0,0.0,0.0,0.0,0.0,0.0,0.0,0.0,0.0,-216.9733428980619,-817.7155608124335,619.3668219855772,0.0,-21.251222121587222,0.0,999.7166503717114,0.0,0.0,0.0,0.0,0.0,0.0,0.0,0.0,0.0,0.0,0.0,0.0,0.0,0.0,0.0,0.0,0.0,-8.854675883994677,267.2989789056021,-5.312805530396806,565.5303926108896,0.0,0.0,0.0,0.0,0.0,-0.8854675883994677,0.0,101.57648826747344,0.0,0.0,0.0,0.0,0.0,0.0,0.0,730.3049954308879,21.251222121587222,21.251222121587222,0.0,0.0,0.0,0.0,0.0,0.07792114777910797,265.8325185856085,0.0,0.0,-999.7166503717114,0.0,0.0,0.0,0.0,0.0,0.0,0.0,0.0,0.0,0.0,0.0,0.0,0.0,0.0,0.0,0.0,0.0,21.959596192306797,0.0,74.37927742555527,0.0,0.0,5.454480344540717,0.0,0.0,0.0,265.8325185856085,0.0,-5.8228348613121295,0.0,0.0,0.0,-8.854675883994677,0.0,0.0,0.0,0.0,0.0,0.0,0.0,0.0,0.0,0.0,0.0,0.0,0.0,0.0,0.0,0.0,0.0,0.0,-0.0708374070719574,0.0,0.0,3.5418703535978704,-694.733596571463,0.0,0.0,0.0,0.0,267.2989789056021,0.0,0.0,0.0,-564.7440973923909,1.7709351767989352,0.0,0.0,0.0,0.0708374070719574,0.0,70.8374070719574,0.0,14.167481414391482,0.5059814790854105,241.55555811537477,-0.05312805530396805,3.5418703535978704,1.4167481414391483,-0.3541870353606046,-241.55555811537477,21.251222121587222,-0.07083740707195742,25.70563917739045,21.251222121587222,0.01770935176798935,0.5059814790854105,-77.11691753217134,-11.277315205852847,-1.4167481414391483,7.385630880564463,-0.07083740707195742,0.01770935176798935,-241.55555811537477,7.083740707195741,0.07083740707195742,0.0708374070719574,-265.6837600307574,0.07792114777915336,0.0,-0.05312805530396805,21.251222121587222,0.07083740707195742,21.251222121587222,-35.41870353597871,-0.0354187035359787,-468.44942641857233,91.8343023909258,-0.05312805530396805,-0.07083740707195742,0.0,0.0708374070719574,7.083740707195741,-1.4167481414391483,168.3100984004086,168.3100984004086,-7.083740707195741,-7.385630880564463,-168.3100984004086,14.167481414391483,0.1062561106079361,76.76613111529866,7.083740707195741,-209.7075470146639,21.251222121587222,-14.167481414391482,0.0354187035359787,0.7083740707195741,250.0,280.0,-0.0708374070719574,-281.7709351767989,265.6837600307574,21.959596192306797,0.07083740707195742,11.277315205852847,-63.75366636476173,21.251222121587222,-0.0708374070719574,-0.01770935176798935,-21.251222121587222,-0.07083740707195742,-92.91625929280426,0.0708374070719574,-0.01770935176798935,-0.01770935176798935,-0.01770935176798935,28.334962828782963,35.41870353597871,0.7083740707195741,52.48166396443369,-0.01770935176798935,474.2943608226096,3.5418703535978704,50.0,0.0708374070719574,0.0354187035359787,0.03541870353597871,17.709351767989354,0.0,0.0708374070719574,0.0,0.7083740707195741,0.07083740707195742,-52.481663964433665,0.07083740707195742,0.2833496282886472,0.3541870353606046,0.0354187035359787,0.01770935176798935,21.251222121587222,-0.07083740707195742,0.0,0.7083740707195741,-104.96332792886739,1.7709351767989352,-7.083740707195741,14.167481414391482,3.5418703535978704,-0.07083740707195742,77.11691753217134,0.1062561106079361,-0.07083740707195742,-35.41870353597871,0.0,-128.35948217992296,0.03541870353597871,-100.0,-0.07083740707195742,-0.0708374070719574,-0.07083740707195742,0.03541870353597871,241.55555811537477,-14.167481414391482,0.0708374070719574,500.0,-0.01770935176798935,-0.07792114777915336,-500.0,10.62561106079361,-91.8343023909258,-44.133639821283154,241.55555811537477,-0.05312805530396805,281.7709351767989,-280.0,0.07083740707195742,-0.017709351767989358,3.5418703535978704,70.8374070719574,-0.0354187035359787,-0.07083740707195742,0.01770935176798935,287.47626578509426,0.0,-376.8015498188346,0.0,-255.0,0.0,-520.0,-140.0,0.0,-9.562524783947168,-170.8887160816537,577.5704653220226,-300.0,4.781262391973584,127.5,85.44435804082686,0.0,70.0,-265.8325185856085,-159.79881824864418,300.0,-577.5704653220226,-159.79881824864418,520.0,-231.665037171217,0.0,1496.5981,hplb
201,0.0,0.0,0.0,0.0,0.0,0.0,0.0,0.0,439.4147157152252,0.0,0.0,0.0,0.0,0.0,0.0,0.0,1000.0,108.84570386036921,0.0,-808.8457038603692,0.0,0.0,0.0,917.8038393015148,0.0,448.54133184587727,0.0,0.0,0.0,-1000.0,48.04358602636282,-48.04358602636282,6.445350352974771,0.0,0.0,0.0,0.0,596.9474424074751,0.0,-1000.0,1000.0,0.0,0.0,869.1289273532068,0.0,0.0,0.0,0.0,-869.1289273532068,0.0,0.0,0.0,0.0,0.12439679516327061,0.0,0.0,0.0,0.0,0.0,0.0,-25.97381148823054,0.0,-835.1496812055636,-861.1234926937942,0.0,0.0,0.0,0.0,0.0,0.0,0.0,1.1308799560305425,0.0,0.0,0.0,0.0,0.0,0.0,0.0,0.0,0.0,0.0,-89.8955634591201,0.0,67.85279736183254,0.0,0.0,974.4955408791138,-985.465606340068,332.1050253956075,-0.02827199890076356,0.0,0.0,0.0,33.92639868091627,0.0,33.92639868091627,0.0,0.0,0.0,0.0,997.1728001099236,-1000.0,0.0,0.0,-47.56827539633467,0.0,0.0,0.0,0.0,0.0,0.0,0.0,0.0,0.0,0.0,0.0,0.0,0.0,0.0,0.0,0.0,0.0,0.0,-972.2095408118059,0.0,0.0,33.92639868091627,0.0,35.05727863694682,0.0,0.0,-1000.0,0.0,1000.0,-1000.0,0.0,0.0,0.0,0.0,0.0,0.0,0.0,0.0,0.0,98.60333912055526,0.11308799560305423,0.0,0.0,0.0,0.0,-895.657470613509,0.0,0.0,89.8955634591201,0.0,591.9603891590268,0.0,0.0,0.0,0.0,0.0,-246.9655418944303,-246.9655418944303,0.0,0.0,0.0,0.0,-897.0832411362195,0.0,0.0,-198.80886787246442,0.0,0.0,0.0,-510.71092961570866,0.0,0.0,0.0,0.0,0.0,0.0,0.0,0.0,0.0,0.0,-690.6339548210904,0.0,0.0,0.0,0.0,-1000.0,0.0,0.0,0.0,0.0,0.0,0.0,0.0,805.366613525907,-805.366613525907,0.0,0.0,0.0,0.0,0.0,0.0,0.0,0.0,117.33784602563202,0.0,0.0,0.0,0.0,0.0,0.0,0.0,0.0,0.0,0.0,0.0,0.0,0.0,43.50204462929133,840.8926688547307,869.1289273532068,0.0,0.0,0.0,0.0,102.90770580204804,0.0,0.0,0.0,0.0,-25.97381148823054,0.0,48.04358602636282,0.0,0.0,0.0,0.0,0.0,0.0,0.0,289.9706488516624,22.617599120610848,0.0,0.0,790.832219865975,-1000.0,910.7332270518141,0.0,-869.1289273532068,0.0,0.0,0.0,0.0,0.0,0.0,0.0,-19.40464949458851,0.0,0.0,-1000.0,0.0,0.0,-1000.0,0.0,0.0,-180.09899281416097,0.0,0.0,0.0,0.0,212.60780193047327,0.0,0.0,0.0,-575.5122836911862,0.0,575.5122836911862,0.0,800.9649561363295,0.0,0.0,-724.4059647048741,0.0,0.0,0.0,-25.97381148823054,-0.16963199340458135,0.0,0.0,0.0,0.0,0.11308799560305423,0.0,0.0,0.0,573.1952466653732,1000.0,0.0,-1000.0,1000.0,0.0,1000.0,0.0,568.8349154641602,0.0,-47.56827539633467,0.0,0.0,0.0,-9.73687642142288,-559.0980390427374,0.0,-979.1817505603733,-1000.0,0.0,0.0,0.0,0.0,0.0,0.0,0.0,0.0,0.0,0.0,0.0,0.0,0.0,0.0,0.0,0.0,0.0,-402.60020561011277,0.0,-1000.0,89.8955634591201,0.0,238.2856293668793,177.37963886035385,0.0,0.0,-340.5304019458547,0.0,0.0,0.0,369.835031697598,991.5184003297709,0.0,0.0,0.0,0.0,559.0980390427374,0.0,-179.12124597109477,28.165605039259106,-550.2736228163697,0.0,-590.1034193752151,0.0,-2.827199890076356,173.46684619094205,-38.56856055882963,0.0,229.01118149337208,0.0,-302.51837863535735,33.92639868091627,0.0,0.0,0.0,0.0,0.0,439.52780371082827,0.0,-43.50204462929133,43.50204462929133,43.50204462929133,177.99368560231173,0.0,0.0,-1000.0,0.0,0.0,0.0,0.0,0.0,-51.947622976461076,0.0,0.0,33.92639868091627,0.0,0.0,0.0,0.0,-88.69120043969457,0.22617599120598308,0.0,0.0,0.0,0.0,0.0,0.0,0.0,0.0,0.0,0.0,0.0,0.0,0.0,0.0,0.0,0.0,0.0,0.0,0.0,0.12439679516327061,0.12439679516327061,48.04358602636282,300.88444550868047,0.0,67.85279736183254,0.0,0.0,0.0,1000.0,0.0,0.0,0.0,0.0,0.0,713.1804988587428,-1000.0,0.0,0.0,0.0,0.0,0.0,33.92639868091627,0.0,0.0,0.0,0.0,0.0,0.0,0.0,324.06984693726866,-573.1952466653732,895.657470613509,0.0,8.707775661435171,0.0,0.0,0.0,-102.90770580204804,0.0,713.1804988587428,0.0,1000.0,-375.5107015809517,0.0,0.0,43.50204462929133,0.0,0.0,0.0,0.0,0.0,0.0,0.0,0.0,0.0,0.0,0.0,0.0,0.0,67.85279736183254,0.0,0.0,0.0,0.0,0.0,0.0,0.0,0.0,0.0,0.0,0.0,0.0,1.1308799560305425,0.0,48.04358602636282,0.0,0.0,48.04358602636282,0.0,0.0,0.0,33.92639868091627,0.0,0.0,0.0,0.0,0.0,0.0,0.0,0.0,0.0,0.0,1000.0,36.38960188245909,0.0,33.92639868091627,33.92639868091627,868.5261545239862,-1000.0,0.0,33.92639868091627,0.0,0.0,0.0,0.0,0.0,979.1817505603733,0.0,1000.0,0.11308799560305423,0.0,0.0,0.0,149.34885362177644,0.0,0.0,0.0,0.0,0.0,0.0,0.0,0.0,0.0,0.0,0.0,0.0,0.0,0.0,0.0,0.0,0.0,0.11308799560305423,0.0,0.0,0.0,889.6170109358695,-889.6170109358695,0.0,0.0,0.0,0.0,-475.9851492842028,1000.0,0.0,-626.2596232947724,-597.3997943898872,-8.481599670229116,-5.654399780152716,0.0,0.0,0.0,0.0,0.0,0.0,0.0,0.0,0.0,0.0,0.0,0.0,0.0,0.0,0.0,0.0,-67.85279736183254,0.0,0.0,0.0,439.4147157152252,0.0,0.0,0.11308799560305423,0.0,0.11308799560305423,0.0,0.0,0.0,67.85279736183254,137.96735463572617,137.96735463572617,0.0,0.0,0.0,0.0,0.0,0.0,0.0,895.657470613509,0.0,0.0,0.0,0.0,0.0,0.0,0.0,0.0,0.0,0.0,0.0,0.0,0.0,0.0,0.0,0.0,0.0,0.0,0.0,102.90770580204804,0.0,-448.54133184587727,448.54133184587727,0.16963199340458135,0.0,0.0,0.0,-33.92639868091627,0.0,0.0,0.0,0.0,0.0,-300.88444550868047,5.654399780152712,0.0,0.0,0.0,0.0,897.0832411362195,238.2856293668793,0.0,0.0,0.0,0.0,0.0,0.0,0.0,0.0,0.0,0.0,0.0,0.0,257.38240087938914,0.0,1000.0,-47.56827539633467,0.0,373.7403767052276,626.2596232947724,-1000.0,89.8955634591201,-137.96735463572617,0.0,5.654399780152716,1000.0,0.0,0.0,-48.04358602636282,-51.947622976461076,0.0,0.0,0.0,0.0,0.0,0.0,0.0,0.0,0.0,1000.0,-326.32924451936776,137.96735463572617,0.0,0.0,0.0,48.04358602636282,0.0,0.0,0.0,0.0,0.0,289.9706488516624,0.0,0.0,0.0,-149.34885362177644,-696.717302990658,0.0,33.92639868091627,0.0,0.0,0.0,0.0,285.85243764265715,0.0,0.0,0.12439679516327061,0.0,0.0,0.0,68.98367731786308,0.0,0.0,0.0,0.0,840.8926688547307,0.0,0.0,0.0,0.0,0.0,0.0,0.0,0.0,-15.45188078769013,0.0,0.011308799560305423,0.011308799560305423,0.0,0.0,0.0,0.0,0.0,0.0,0.0,0.0,0.0,0.0,48.04358602636282,0.0,0.0,0.0,0.0,300.88444550868047,0.0,0.0,0.0,0.0,0.0,0.0,0.0,0.0,0.0,0.0,0.0,0.0,1000.0,-677.974631213576,108.84570386036921,0.0,0.0,0.0,67.85279736183254,0.0,0.0,0.0,0.0,0.0,-67.85279736183254,0.0,0.0,0.0,0.0,0.0,0.0,0.0,0.0,0.0,0.0,48.04358602636282,48.04358602636282,0.0,-1000.0,-1000.0,77.46527698809216,703.1591224699874,-737.0855211509037,0.0,596.9474424074751,0.0,0.0,0.0,0.0,0.0,0.0,0.0,0.0,0.0,0.0,0.0,0.0,0.0,0.0,0.0,0.0,0.0,-14.13599945038186,0.0,-1000.0,317.84764484913865,0.0,0.0,0.0,0.0,0.0,-1.413599945038178,0.0,141.84318643558117,0.0,0.0,0.0,0.0,0.0,0.0,0.0,1000.0,33.92639868091627,33.92639868091627,0.0,0.0,0.0,0.0,0.0,0.12439679516327061,300.88444550868047,0.0,0.0,-596.9474424074751,0.0,0.0,0.0,0.0,0.0,0.0,0.0,0.0,0.0,0.0,0.0,0.0,0.0,0.0,0.0,0.0,0.0,0.0,0.0,118.74239538320695,8.707775661435171,0.0,0.0,0.0,0.0,0.0,300.88444550868047,0.0,-5.654399780152716,0.0,0.0,0.0,-14.13599945038186,0.0,0.0,0.0,0.0,0.0,0.0,0.0,0.0,0.0,0.0,0.0,0.0,0.0,0.0,0.0,0.0,0.0,0.0,-0.11308799560305423,0.0,0.0,5.654399780152712,-713.1804988587428,0.0,0.0,0.0,0.0,0.0,0.0,0.0,0.0,9.73687642142288,2.827199890076356,0.0,0.0,448.54133184587727,0.11308799560305423,0.0,113.08799560305422,-35.05727863694682,22.617599120610848,0.8077713971646732,315.51550773252137,-0.08481599670229067,590.1034193752151,2.261759912061085,-0.565439978015151,-315.51550773252137,33.92639868091627,-0.11308799560305424,15.856091798778223,33.92639868091627,0.02827199890076356,0.8077713971646732,-47.56827539633467,-18.003608900007862,45.78182611430173,-300.0,-0.11308799560305424,0.02827199890076356,-315.51550773252137,11.308799560305424,0.11308799560305424,0.11308799560305423,-300.64696071791417,0.12439679516335966,0.0,-0.08481599670229067,33.92639868091627,0.11308799560305424,33.92639868091635,-56.54399780152712,-0.05654399780152712,-496.82383836635745,-114.32959335795653,-0.08481599670229067,-0.11308799560305424,-35.05727863694682,0.11308799560305423,11.308799560305424,-2.261759912061085,102.90770580204804,102.90770580204804,-11.308799560305424,300.0,-102.90770580204804,22.617599120610848,0.16963199340458135,-126.90257345585496,11.308799560305424,-324.06984693726866,33.92639868091627,-22.617599120610848,0.05654399780152712,1.1308799560305425,250.0,280.0,-0.11308799560305423,-326.32924451936776,300.64696071791417,35.05727863694682,0.11308799560305424,18.003608900007862,-101.77919604274874,33.92639868091627,-0.11308799560305423,-0.02827199890076356,-33.92639868091627,-0.11308799560305424,-88.69120043969457,0.11308799560305424,-0.02827199890076356,-0.02827199890076356,-0.02827199890076356,45.235198241221696,56.54399780152712,1.1308799560305425,354.3356555105285,-0.02827199890076356,484.1439082012218,5.654399780152712,50.0,0.11308799560305423,0.05654399780152712,0.05654399780152712,28.27199890076356,35.05727863694682,0.11308799560305423,-35.05727863694682,1.1308799560305425,0.11308799560305424,-895.4388290467565,0.11308799560305424,0.45235198241209673,0.565439978015151,0.05654399780152712,0.02827199890076356,33.92639868091627,-0.11308799560305424,0.0,-22.890913057150865,-708.671311021057,587.2762194851388,-11.308799560305424,22.617599120610848,5.654399780152712,-0.11308799560305424,47.56827539633467,0.16963199340458135,-0.11308799560305424,-56.54399780152713,35.05727863694682,-27.481873553907747,0.05654399780152712,-100.0,-0.11308799560305424,-0.11308799560305424,-0.11308799560305424,0.05654399780152712,315.51550773252137,-22.617599120610848,0.11308799560305423,500.0,-0.02827199890076356,-0.12439679516335966,-500.0,16.963199340458132,114.32959335795653,194.07851711801254,315.51550773252137,-0.08481599670229067,326.32924451936776,-280.0,0.11308799560305424,-0.028271998900763554,375.48943147775077,113.08799560305422,-0.05654399780152712,-0.11308799560305424,0.02827199890076356,0.0,0.0,-25.160003123393125,541.1031735362279,-255.0,0.0,-176.09851594761483,-56.51287045213685,0.0,155.26299848609784,-153.04300932658793,-126.96012850710189,-152.00603258144656,-77.63149924304892,127.5,76.52150466329397,0.0,28.256435226068426,-300.88444550868047,-258.3705640887494,152.00603258144656,126.96012850710189,-258.3705640887494,176.09851594761483,-42.81405973258576,0.0,1496.5981,hplb
202,0.0,0.0,0.0,0.0,0.0,0.0,0.0,0.0,-0.0655997701758198,0.0,0.0,0.0,0.0,0.0,0.0,0.0,0.0,103.69318695114144,0.0,0.0,0.0,0.0,0.0,139.8434395255013,0.0,0.0,0.0,0.0,0.0,-545.6688704503185,0.0,0.0,868.5097009880012,0.0,0.0,0.0,0.0,-9.376393817130307,0.0,-1000.0,-264.5201242939707,0.0,0.0,0.0,0.0,0.0,863.0509103388555,0.0,0.0,0.0,0.0,0.0,0.0,0.07215974719379403,0.0,0.0,0.0,13.11995403516396,0.0,0.0,-5.777153093484287,0.0,-320.4649197859342,-326.2420728794185,0.0,0.0,0.0,0.0,959.4671292348053,-959.4671292348053,0.0,0.655997701758198,0.0,0.0,0.0,0.0,0.0,0.0,0.0,0.0,0.0,0.0,0.0,0.0,39.359862105491885,0.0,0.0,485.38154175014296,-381.68835479900156,118.8949769607081,-0.01639994254395495,0.0,0.0,737.8665254969361,19.679931052745943,0.0,19.679931052745943,-2.1123125996623457,0.0,0.0,0.0,444.5576892078756,-1000.0,0.0,0.0,0.0,0.0,0.0,0.0,0.0,0.0,0.0,0.0,0.0,0.0,0.0,0.0,0.0,0.0,0.0,0.0,0.0,0.0,0.0,-163.91554710962893,0.0,0.0,19.679931052745943,0.0,20.33592875450414,0.0,0.0,0.0,0.0,0.0,0.0,0.0,0.0,0.0,0.0,0.0,0.0,0.0,0.0,0.0,5.051182303538122,0.0655997701758198,0.0,0.0,0.0,0.0,-505.98257513452836,0.0,0.0,0.0,0.0,84.42685550646547,0.0,0.0,0.0,0.0,0.0,7.637302316597129,7.637302316597129,0.0,0.0,0.0,0.0,0.0,0.0,0.0,7.702902086772949,0.0,0.0,0.0,0.0,-506.179460298184,0.0,0.0,0.0,0.0,0.0,0.0,0.0,0.0,0.0,0.0,0.0,0.0,0.0,0.0,-1000.0,0.0,0.0,0.0,0.0,0.0,0.0,0.0,381.68835479900156,-381.68835479900156,0.0,0.0,0.0,0.0,0.0,0.0,0.0,454.3311295496815,-429.3688751271115,0.0,0.0,0.0,0.0,0.0,0.0,0.0,0.0,0.0,0.0,0.0,0.0,0.0,0.0,432.2224832048563,545.6688704503185,0.0,0.0,0.0,0.0,8.950488012779402,0.0,0.0,0.0,0.0,-5.777153093484287,545.6688704503185,0.0,0.0,124.2707493733792,0.0,0.0,0.0,0.0,0.0,0.0,0.0,0.0,0.0,118.79657730544437,-644.5801322925588,867.0698965491445,0.0,-545.6688704503185,0.0,0.0,0.0,-146.53461608343494,0.0,0.0,0.0,-233.7769282790607,0.0,0.0,-30.83239580135148,-30.83239580135148,0.0,0.0,0.0,30.83239580135148,0.0,0.0,0.0,0.0,0.0,174.07287077775788,0.0,0.0,0.0,0.0,0.0,0.0,0.0,870.6226128852768,0.0,0.0,-428.32545670238096,0.0,0.0,0.0,-5.777153093484287,-0.09839965526372971,0.0,0.0,0.0,0.0,0.0655997701758198,0.0,0.0,0.0,971.3695809344747,0.0,0.0,-17.310575787134127,157.56613239547482,506.179460298184,-244.84019324122477,0.0,1000.0,0.0,0.0,0.0,0.0,0.0,-5.648140212138476,-994.3518597878615,0.0,672.5196620678345,97.56525170922635,0.0,0.0,0.0,0.0,0.0,0.0,0.0,0.0,0.0,0.0,0.0,0.0,0.0,0.0,0.0,0.0,124.2707493733792,-1000.0,0.0,-990.8860052635731,0.0,0.0,0.0,0.0,0.0,0.0,-5.051182303538122,0.0,0.0,0.0,0.0,441.2777006990846,-965.1152694469438,0.0,0.0,-1.639994254395495,1000.0,208.06219793276216,0.0,-759.6098668841562,671.2797763424148,0.0,-936.6524471806891,-178.29171138737047,0.0,-3.27998850879099,563.3959899781435,0.0,317.7180124916543,0.0,93.97326644374436,19.679931052745943,0.0,0.0,0.0,0.0,0.0,0.0,0.0,0.0,0.0,0.0,-488.0794099440513,0.0,0.0,0.0,0.0,0.0,454.3311295496815,0.0,0.0,-11.554306186968574,0.0,0.0,0.0,0.0,0.0,0.0,0.0,-93.44002298241801,0.1311995403517271,0.0,0.0,0.0,0.0,0.0,0.0,0.0,0.0,0.0,0.0,0.0,0.0,0.0,0.0,0.0,0.0,0.0,0.0,0.0,0.07215974719379403,0.07215974719379403,0.0,0.0,0.0,39.359862105491885,0.0,0.0,0.0,430.0005602579024,0.0,0.0,0.0,0.0,0.0,-232.7159407583523,-430.0005602579024,0.0,0.0,0.0,0.0,0.0,0.0,0.0,0.0,0.0,0.0,0.0,0.0,0.0,54.63851570320964,-971.3695809344747,505.98257513452836,712.7336083223558,5.051182303538122,0.0,0.0,737.8665254969361,728.9160374841567,0.0,-232.7159407583523,0.0,-326.1559637407703,0.0,0.0,0.0,0.0,0.0,0.0,0.0,0.0,0.0,0.0,0.0,0.0,0.0,0.0,0.0,0.0,0.0,39.359862105491885,0.0,0.0,0.0,0.0,0.0,0.0,0.0,0.0,0.0,0.0,0.0,0.0,0.655997701758198,0.0,0.0,0.0,0.0,0.0,0.0,0.0,0.0,19.679931052745943,0.0,0.0,0.0,0.0,712.7336083223558,0.0,0.0,0.0,0.0,0.0,0.0,8.950488012779402,0.0,19.679931052745943,19.679931052745943,1000.0,-430.0005602579024,0.0,0.0,0.0,0.0,0.0,0.0,0.0,1000.0,454.3311295496815,780.2657958565769,0.0655997701758198,0.0,0.0,0.0,86.63386791290945,729.9594559088873,0.0,-737.8665254969361,0.0,0.0,0.0,0.0,0.0,0.0,0.0,0.0,0.0,0.0,0.0,0.0,0.0,0.0,0.0655997701758198,0.0,0.0,0.0,-362.3111209336445,362.3111209336445,0.0,0.0,0.0,0.0,0.0,-5.051182303538122,0.0,0.0,9.11399473642694,-4.919982763186486,-3.279988508790993,0.0,0.0,0.0,0.0,0.0,0.0,0.0,0.0,0.0,0.0,0.0,0.0,0.0,506.179460298184,0.0,0.0,414.9712674441896,0.0,0.0,0.0,-0.0655997701758198,0.0,0.0,0.0655997701758198,0.0,0.0655997701758198,0.0,0.0,0.0,39.359862105491885,80.03171961450016,80.03171961450016,0.0,0.0,0.0,0.0,0.0,0.0,0.0,505.98257513452836,0.0,454.3311295496815,0.0,0.0,0.0,0.0,0.0,0.0,0.0,0.0,0.0,0.0,0.0,0.0,0.0,0.0,0.0,0.0,0.0,8.950488012779402,0.0,-283.3738542745732,283.3738542745732,0.09839965526372971,0.0,0.0,0.0,-19.679931052745943,0.0,0.0,0.0,0.0,0.0,0.0,3.27998850879099,0.0,0.0,0.0,0.0,0.0,700.3189222233208,0.0,0.0,0.0,0.0,0.0,0.0,0.0,0.0,0.0,0.0,0.0,0.0,0.0,0.0,578.8310961448659,729.9594559088873,0.0,695.2677399197827,0.0,-695.2677399197827,0.0,-226.5663356979351,0.0,3.279988508790993,156.57707428568224,0.0,0.0,0.0,-11.554306186968574,-843.7500000000321,843.7500000000321,0.0,0.0,0.0,0.0,0.0,0.0,0.0,-4.919982763186507,-4.919982763186599,80.03171961450016,0.0,-968.75,-968.75,968.75,0.0,0.0,0.0,0.0,0.0,0.0,0.0,0.0,9.839965526372993,-86.63386791290945,84.43621650866595,0.0,19.679931052745943,0.0,0.0,0.0,0.0,-174.862560028109,0.0,0.0,0.07215974719379403,0.0,0.0,0.0,40.01585980725008,0.0,0.0,0.0,0.0,432.2224832048563,0.0,0.0,0.0,0.0,0.0,0.0,0.0,0.0,0.0,0.0,0.006559977017581981,0.006559977017581981,0.0,0.0,0.0,0.0,0.0,0.0,0.0,0.0,0.0,0.0,0.0,0.0,0.0,0.0,0.0,0.0,0.0,0.0,0.0,0.0,0.0,0.0,0.0,0.0,0.0,0.0,0.0,0.0,0.0,0.0,103.69318695114144,0.0,0.0,0.0,39.359862105491885,0.0,0.0,0.0,0.0,0.0,0.0,-39.359862105491885,0.0,0.0,0.0,0.0,0.0,0.0,0.0,0.0,0.0,0.0,0.0,0.0,317.29945585264926,672.5196620678345,44.93584257043658,-19.679931052745943,0.0,0.0,-9.376393817130307,0.0,0.0,0.0,0.0,0.0,0.0,0.0,0.0,0.0,0.0,0.0,0.0,0.0,0.0,0.0,0.0,0.0,-8.199971271977478,0.0,-446.19768346227113,0.0,0.0,0.0,0.0,0.0,0.0,-937.052595293529,936.2325981663312,11.554306186968574,0.0,0.0,0.0,0.0,0.0,0.0,0.0,1000.0,19.679931052745943,19.679931052745943,0.0,0.0,0.0,0.0,0.0,0.07215974719379403,0.0,0.0,0.0,9.376393817130307,0.0,0.0,0.0,0.0,0.0,0.0,0.0,0.0,0.0,0.0,0.0,0.0,0.0,0.0,141.6869271372866,0.0,0.0,0.0,0.0,68.8797586846108,5.051182303538122,0.0,0.0,0.0,0.0,0.0,0.0,0.0,-705.7112233317741,0.0,0.0,0.0,-8.199971271977478,0.0,0.0,0.0,0.0,0.0,0.0,0.0,0.0,0.0,0.0,0.0,0.0,0.0,0.0,0.0,0.0,0.0,0.0,-0.0655997701758198,0.0,0.0,3.27998850879099,232.7159407583523,0.0,0.0,0.0,0.0,0.0,0.0,0.0,0.0,5.648140212138476,1.639994254395495,0.0,0.0,0.0,0.0655997701758198,0.0,65.5997701758198,-20.33592875450414,13.119954035163962,0.46856978697014146,183.02335879053726,-0.049199827631864854,223.91883885833332,1.311995403516396,-0.3279988508791867,-183.02335879053726,19.679931052745943,-0.0655997701758198,0.0,0.0,0.01639994254395495,0.46856978697014146,0.0,-10.443483411991451,-1.311995403516396,-103.69318695114144,-0.0655997701758198,0.01639994254395495,-183.02335879053726,6.55997701758198,0.0655997701758198,0.0655997701758198,0.13775951736961384,0.07215974719340179,-231.99026806153188,-0.049199827631864854,19.679931052745943,0.0655997701758198,19.679931052745943,-32.7998850879099,-0.0327998850879099,147.5634125550664,-15.57606480053721,-0.049199827631864854,-0.0655997701758198,-20.33592875450414,0.0655997701758198,6.55997701758198,-1.311995403516396,8.950488012779402,8.950488012779402,-6.55997701758198,103.69318695114144,-8.950488012779402,13.11995403516396,0.09839965526372971,-1000.0,6.55997701758198,-54.63851570320964,0.0,-13.11995403516396,0.0327998850879099,0.655997701758198,4.327643946783532,13.11995403516396,-0.0655997701758198,-14.759948289559592,-0.13775951736961384,20.33592875450414,0.0655997701758198,10.443483411991451,-78.7197242109838,0.0,-0.0655997701758198,-0.01639994254395495,0.0,-0.0655997701758198,-93.44002298241801,0.0655997701757815,-0.01639994254395495,-0.01639994254395495,-0.01639994254395495,26.23990807032792,32.7998850879099,0.655997701758198,48.60122972901201,-0.01639994254395495,8.655287893567063,3.27998850879099,50.0,0.0655997701758198,0.0327998850879099,0.0327998850879099,6.55997701758198,20.33592875450414,0.0655997701758198,-20.33592875450414,0.655997701758198,0.0655997701758198,-48.60122972901201,0.0655997701758198,0.2623990807033668,0.3279988508791867,0.0327998850879099,0.01639994254395495,19.679931052745943,-0.0655997701758198,231.99026806153188,0.655997701758198,-97.20245945802402,222.2788446039378,-6.55997701758198,13.11995403516396,3.27998850879099,-0.0655997701758198,0.0,0.09839965526372971,-0.0655997701758198,-13.11995403516396,20.33592875450414,338.1825394929281,0.0327998850879099,-100.0,-0.0655997701758198,-0.0655997701757815,-0.0655997701758198,0.0327998850879099,183.02335879053726,-13.11995403516396,0.0655997701758198,8.655287893567063,-0.01639994254395495,-0.07215974719340179,-8.655287893567063,9.83996552637297,15.576064800537203,443.16499293294197,183.02335879053726,-0.049199827631864854,14.759948289559592,-13.11995403516396,0.0655997701758198,-0.01639994254395495,3.279988508790993,65.5997701758198,-0.0327998850879099,-0.0655997701758198,0.01639994254395495,0.0,0.0,881.0722231542039,0.0,-205.73019156375676,0.0,541.5376087248159,-140.0,0.0,-80.0,-255.0,-85.96847504550146,-118.8949769607081,40.0,102.86509578187838,127.5,0.0,70.0,0.0,-163.31997946481906,118.8949769607081,85.96847504550146,-163.31997946481906,-541.5376087248159,306.84867795910884,0.0,1496.5981,hplb
203,0.0,0.0,0.0,0.0,0.0,0.0,0.0,0.0,0.0,0.0,0.0,0.0,0.0,0.0,0.0,0.0,0.0,-141.15354989100555,0.0,205.69443621328492,0.0,0.0,0.0,13.451517091354503,0.0,0.0,0.0,0.0,0.0,0.0,0.0,0.0,79.29125048014892,0.0,0.0,0.0,0.0,532.8565309830786,0.0,-965.9675739028564,0.0,0.0,0.0,0.0,0.0,0.0,0.0,0.0,-898.4454233353604,0.0,0.0,-898.4454233353604,0.0,0.07895065611651506,0.0,0.0,0.0,14.354664748444376,0.0,0.0,-6.320837377564908,0.0,6.320837377564908,0.0,0.0,0.0,0.0,0.0,490.29477653708915,-490.29477653708915,0.0,0.7177332374222188,0.0,0.0,0.0,0.0,0.0,0.0,0.0,463.74045540845157,0.0,0.0,0.0,0.0,43.06399424533313,0.0,0.0,328.4952318797115,0.0,310.37296078299346,0.0,0.0,0.0,-0.5425349117455127,21.531997122666564,0.0,21.531997122666564,0.0,545.4264324144661,0.0,0.0,963.7536952443818,0.0,0.0,0.0,-59.12255906514791,0.0,0.0,0.0,0.0,0.0,0.0,0.0,0.0,0.0,0.0,0.0,0.0,0.0,0.0,0.0,0.0,0.0,0.0,-811.3897780522141,0.0,0.0,21.531997122666564,0.0,22.24973036008878,0.0,0.0,-796.8621627454936,796.8621627454936,0.0,0.0,31.24999999998268,0.0,0.0,-31.24999999998268,0.0,0.0,0.0,0.0,0.0,5.5265459281510845,0.07177332374222188,0.01794333093555547,0.0,0.0,-1000.0,379.909462065983,0.0,0.0,0.0,0.0,52.71043037374627,0.0,0.0,0.0,0.0,0.0,-653.9313932733535,-653.9313932733535,0.0,0.0,0.0,0.0,0.0,0.0,0.0,-653.8596199496112,0.0,0.0,0.0,0.0,-198.70153438651153,0.0,0.0,0.0,0.0,0.0,0.0,0.0,0.0,0.0,0.0,0.0,0.0,0.0,0.0,-1000.0,0.0,0.0,0.0,0.0,0.0,0.0,898.4454233353604,-10.37296078299346,10.37296078299346,0.0,0.0,0.0,0.0,0.0,0.0,0.0,0.0,-78.23579228220513,0.0,0.0,0.0,0.0,0.0,0.0,0.0,0.0,0.0,0.0,0.0,0.0,0.0,0.0,548.7998674309057,0.0,0.0,0.0,0.0,0.0,136.81581643560756,0.0,0.0,0.0,0.0,-6.320837377564908,0.0,0.0,0.0,701.9397532806336,0.0,0.0,0.0,0.0,0.0,2.3111010244989423,0.0,0.0,0.0,-10.37296078299346,0.0,318.12227109671807,0.0,0.0,0.0,0.0,0.0,-20.772396113061134,0.0,0.0,0.0,-7.233554811153594,0.0,0.0,384.86397401887865,0.0,-126.18150761231618,511.04548163119495,-126.18150761231618,0.0,-10.37296078299346,0.0,-274.3273063404256,0.0,0.0,63.43175680519147,0.0,0.0,0.0,-483.18834240152063,0.0,483.18834240152063,0.0,0.0,0.0,0.0,0.0,0.0,0.0,0.0,-6.320837377564908,-0.10765998561333308,0.0,0.0,0.0,0.0,0.07177332374222188,0.0,0.0,0.0,839.341085417227,0.0,0.0,-151.0325807239962,967.2207527142708,198.70153438651153,21.531997122666564,0.0,102.82246359310716,0.0,-59.12255906514791,0.0,0.0,0.0,657.6356009978508,0.0,-760.458064590958,-991.8692786420687,-1000.0,0.0,0.0,0.0,0.0,0.0,0.0,0.0,0.0,0.0,0.0,0.0,0.0,0.0,0.0,0.0,0.0,701.9397532806336,0.0,0.0,-748.1890379154855,0.0,215.04541363743775,0.0,1000.0,0.0,0.0,-7.837646952650027,0.0,545.4264324144661,0.0,0.0,960.1650290572707,0.0,0.0,-983.6711807157465,0.0,-490.29477653708915,79.77052517980633,-582.0706044564408,0.0,0.0,0.0,0.0,413.9330961021403,-1.794333093555547,578.4819382693297,0.0,0.0,0.0,1000.0,-3.588666187111094,21.531997122666564,687.5000000000076,-687.5000000000076,0.0,328.85657671581873,0.0,0.07177332374222188,0.0,0.0,0.0,0.0,-29.088682399115175,0.0,0.0,-654.0031665970957,0.0,0.0,0.0,0.0,0.0,-12.641674755129817,0.0,0.0,0.0,0.0,0.0,0.0,0.0,-92.82266762577781,0.1435466474844917,0.0,0.0,0.0,0.0,0.0,0.0,0.0,0.0,0.0,0.0,0.0,0.0,0.0,0.0,0.0,0.0,0.0,0.0,0.0,0.07895065611651506,0.07895065611651506,0.0,0.0,0.0,43.06399424533313,0.0,0.0,0.0,1000.0,0.0,0.0,0.0,0.0,0.0,373.4346784804689,-1000.0,0.0,0.0,0.0,0.0,0.0,0.0,0.0,0.0,0.0,0.0,0.0,0.0,0.0,270.46325935073804,-839.341085417227,620.090537934017,0.0,691.2256928172477,0.0,0.0,-0.5425349117455127,-137.35835134735308,0.0,373.4346784804689,0.0,280.6120108546911,0.0,0.0,0.0,0.0,0.0,0.0,0.0,0.0,0.0,0.0,0.0,0.0,0.0,0.0,0.0,0.0,0.0,43.06399424533313,0.0,0.0,0.0,0.0,0.0,0.0,0.0,0.0,0.0,0.0,0.0,0.0,0.7177332374222188,0.0,0.0,0.0,0.0,0.0,898.4454233353604,0.0,0.0,21.531997122666564,0.0,0.0,0.0,685.6991468890966,0.0,0.0,0.0,0.0,0.0,0.0,0.0,-32.90708592253822,0.0,21.531997122666564,21.531997122666564,1000.0,-1000.0,0.0,0.0,0.0,0.0,0.0,0.0,0.0,-8.13072135793132,0.0,0.0,0.07177332374222188,0.0,0.0,0.0,94.78692733356715,0.0,0.0,0.5425349117455127,0.0,0.0,0.0,0.0,0.0,0.0,0.0,0.0,0.0,0.0,0.0,0.0,0.0,0.0,0.07177332374222188,0.0,0.0,0.0,0.0,0.0,0.0,0.0,0.0,215.04541363743775,0.0,789.3997475463306,0.0,0.0,-1000.0,-5.382999280666642,0.0,-3.588666187111094,0.0,0.0,0.0,0.0,0.0,0.0,0.0,0.0,0.0,0.0,0.0,0.0,198.70153438651153,0.0,0.0,0.0,0.0,0.0,0.0,0.0,0.0,0.0,0.07177332374222188,0.0,0.07177332374222188,0.0,0.0,0.0,43.06399424533313,87.56345496551069,87.56345496551069,0.0,0.0,0.0,0.0,0.0,0.0,0.0,620.090537934017,0.0,0.0,0.0,0.0,0.0,663.8152841720562,0.0,0.0,0.0,0.0,0.0,0.0,0.0,0.0,0.0,0.0,0.0,0.0,0.0,136.81581643560756,0.0,-1000.0,1000.0,0.10765998561333281,0.0,0.0,0.0,-21.531997122666564,0.0,0.0,0.0,0.0,0.0,0.0,3.588666187111094,0.0,0.0,0.0,0.0,0.0,7.837646952650027,-3.588666187111094,0.0,0.0,0.0,0.0,0.0,0.0,0.0,0.0,0.0,0.0,-966.5850651036394,0.0,0.0,930.7358731855726,-59.12255906514791,251.8109620845145,0.0,545.4264324144661,-797.2373944989806,0.0,-108.33585107857182,0.0,3.588666187111094,780.4221739040918,0.0,43.06399424533313,0.0,-12.641674755129817,-218.75000000001756,218.75000000001756,0.0,0.0,0.0,0.0,0.0,0.0,0.0,0.0,-10.765998561333163,87.56345496551069,0.0,0.0,0.0,0.0,0.0,0.0,0.0,0.0,0.0,2.3111010244989423,0.0,0.0,5.382999280666642,-94.78692733356715,-101.68211424519822,0.0,21.531997122666564,0.0,0.0,0.0,0.0,-174.89679274277557,0.0,0.0,0.07895065611651506,0.0,0.0,0.0,43.78172748275534,0.0,0.0,0.0,0.0,548.7998674309057,0.0,0.0,0.0,0.0,0.0,0.0,0.0,0.0,0.0,0.0,347.2702988009746,0.007177332374222189,0.0,0.0,0.0,0.0,0.0,0.0,0.0,0.0,0.0,0.0,0.0,0.0,0.0,0.0,0.0,0.0,0.0,0.0,0.0,0.0,0.0,0.0,0.0,0.0,0.0,0.0,0.0,0.0,-68.63287012714068,0.0,-141.15354989100555,0.0,0.0,0.0,43.06399424533313,0.0,0.0,0.0,0.0,0.0,0.0,-43.06399424533313,0.0,0.0,0.0,0.0,0.0,0.0,0.0,0.0,0.0,0.0,0.0,0.0,0.0,-1000.0,712.9800109354783,0.0,-21.531997122666564,0.0,747.9019446205164,0.0,0.0,0.0,0.0,0.0,0.0,0.0,0.0,0.0,0.0,0.0,0.0,0.0,0.0,0.0,0.0,0.0,-8.971665467777736,0.0,-965.5480283379374,669.1982834527229,0.0,0.0,0.0,0.0,0.0,-563.3561338205716,562.4589672737939,12.641674755129817,0.0,0.0,0.0,0.0,0.0,0.0,0.0,1000.0,21.531997122666564,21.531997122666564,0.0,0.0,0.0,0.0,463.74045540845157,0.07895065611651506,0.0,0.0,0.0,-747.9019446205164,347.2631214686004,0.0,0.0,0.0,0.0,0.0,0.0,0.0,0.0,0.0,0.0,0.0,0.0,0.0,500.0,0.0,0.0,0.0,0.0,75.36198992933298,5.5265459281510845,0.0,0.0,0.0,0.0,0.0,0.0,0.0,-7.837646952650027,0.0,0.0,0.0,-8.971665467777736,0.0,0.0,0.0,0.0,0.0,0.0,0.0,0.0,0.0,0.0,0.0,0.0,0.0,0.0,0.0,0.0,0.0,0.0,-0.07177332374222188,0.0,0.0,3.588666187111094,-373.4346784804689,0.0,0.0,0.0,0.0,0.0,0.0,0.0,0.0,-657.6356009978508,1.794333093555547,0.0,0.0,0.0,0.07177332374222188,0.0,71.77332374222188,-22.24973036008878,14.354664748444376,0.5126665981587277,200.24757324079903,-0.05382999280666641,983.6711807157465,1.4354664748444377,-0.35886661871143133,-200.24757324079903,21.531997122666564,-0.07177332374222188,19.707519688382636,0.0,0.01794333093555547,0.5126665981587277,-59.12255906514791,-11.42631313976112,-1.4354664748444377,-64.54088632227936,-0.07177332374222153,0.01794333093555547,-200.24757324079903,7.177332374222188,0.07177332374222188,0.07177332374222188,0.15072397985873692,0.07895065611643304,-53.86879997563089,-0.05382999280666641,21.531997122666564,0.07177332374222188,21.531997122666564,-35.88666187111094,-0.03588666187111094,119.40348773218045,-144.06492213357197,-0.05382999280666641,-0.07177332374222188,-22.24973036008878,0.07177332374222188,7.177332374222146,-1.4354664748444377,136.81581643560756,136.81581643560756,-7.177332374222188,64.54088632227936,-136.81581643560756,14.354664748444376,0.10765998561333281,-1000.0,7.177332374222188,-270.46325935073804,0.0,-14.354664748444376,0.03588666187111094,0.7177332374222188,37.75814518099905,14.354664748444376,-0.07177332374222188,-16.148997841999805,-0.15072397985873692,22.24973036008878,0.07177332374222188,11.42631313976112,-86.12798849066576,0.0,-0.07177332374222188,-0.01794333093555547,0.0,-0.07177332374222188,-92.82266762577781,0.071773323742093,-0.01794333093555547,-0.01794333093555547,-0.01794333093555547,28.709329496888753,35.88666187111094,0.7177332374222188,213.4941920177053,-0.01794333093555547,55.80877067361547,3.588666187111094,50.0,0.07177332374222188,0.03588666187111094,0.03588666187111094,7.177332374222188,22.24973036008878,0.07177332374222188,-22.24973036008878,0.7177332374222188,0.07177332374222188,-534.1324535980789,0.07177332374222188,0.2870932949691394,0.35886661871143133,0.03588666187111094,0.01794333093555547,21.531997122666564,-0.07177332374222188,53.86879997563089,0.7177332374222188,-426.9883840354106,981.8768476221909,-7.177332374222146,14.354664748444376,3.588666187111094,-0.07177332374222188,59.12255906514791,0.10765998561333281,-0.07177332374222188,-14.354664748444376,22.24973036008878,423.4508328915588,0.03588666187111094,-100.0,-0.07177332374222188,-0.071773323742093,-0.07177332374222188,0.03588666187111094,200.24757324079903,-14.354664748444376,0.07177332374222188,75.5162903619981,-0.01794333093555547,-0.07895065611643304,-75.5162903619981,10.765998561333282,144.06492213357197,569.4331660210887,200.24757324079903,-0.05382999280666641,16.148997841999805,-14.354664748444376,0.07177332374222153,-0.017943330935555467,3.588666187111094,71.77332374222188,-0.03588666187111094,-0.07177332374222188,0.01794333093555547,0.0,0.0,699.9641133381289,320.6382615803736,138.6961410039757,0.0,420.17970204770654,-140.0,0.0,-80.0,-255.0,-325.0,-300.0,40.0,-69.34807050198785,127.5,0.0,70.0,0.0,-248.5540401487832,300.0,325.0,-248.5540401487832,-420.17970204770654,249.56517908207508,0.0,1496.5981,hplb
204,0.0,0.0,0.0,0.0,0.0,0.0,0.0,0.0,-0.12160705668237215,0.0,0.0,0.0,0.0,0.0,0.0,0.0,271.8133773430129,941.8355896912742,0.0,-1000.0,0.0,0.0,0.0,105.52964287700989,0.0,0.0,0.0,0.0,0.0,-658.700005025348,0.0,0.0,128.569789683079,0.0,0.0,0.0,0.0,747.0692425479335,0.0,-1000.0,818.5172622679678,0.0,0.0,-103.5505310463605,0.0,0.0,0.0,0.0,-37.04166313100387,0.0,0.0,-309.49600764938424,0.0,0.1337677623504612,0.0,0.0,0.0,24.32141133647443,0.0,0.0,-113.35200335499927,0.0,0.0,-113.35200335499927,0.0,0.0,0.0,0.0,0.0,0.0,0.0,1.2160705668237215,0.0,0.0,0.0,0.0,0.0,0.0,0.0,0.0,0.0,0.0,-6.509894365134301,0.0,72.9642340094233,0.0,102.64247522983806,698.4634503272567,346.77024674377805,-271.63096675798937,-0.030401764170593037,0.0,0.0,0.0,36.48211700471165,0.0,181.4827377320322,0.0,0.0,0.0,0.0,767.8808341430093,-841.0502098422596,0.0,0.0,-8.742694364240732,0.0,0.0,0.0,0.0,0.0,0.0,0.0,0.0,0.0,0.0,0.0,0.0,0.0,0.0,0.0,0.0,0.0,0.0,-516.959640636563,0.0,0.0,181.4827377320322,0.0,37.698187571535364,0.0,0.0,193.79251519316182,0.0,-193.79251519316182,193.79251519316182,0.0,0.0,0.0,0.0,0.0,0.0,0.0,0.0,0.0,118.51611295951506,0.12160705668237215,0.0,0.0,0.0,-64.31261578686036,0.0,0.0,0.0,6.509894365134301,0.0,617.2085674868305,0.0,0.0,0.0,0.0,0.0,999.8783929433176,999.8783929433176,0.0,0.0,0.0,0.0,-323.70309147898695,0.0,0.0,1000.0,0.0,0.0,0.0,382.08452624048914,0.0,0.0,0.0,0.0,0.0,0.0,0.0,0.0,0.0,0.0,-774.8765861067079,0.0,0.0,0.0,0.0,-1000.0,0.0,0.0,0.0,0.0,0.0,0.0,309.49600764938424,29.082205154362896,-29.082205154362896,0.0,0.0,0.0,0.0,0.0,0.0,0.0,182.35020481691168,116.57346068346921,0.0,0.0,0.0,0.0,0.0,0.0,0.0,0.0,0.0,0.0,0.0,0.0,0.0,0.0,157.9560591871298,114.43228316395466,0.0,0.0,0.0,0.0,157.7176872750804,0.0,0.0,0.0,0.0,-113.35200335499927,217.98281421031515,0.0,0.0,0.0,0.0,0.0,0.0,0.0,0.0,3.9157472251731313,0.0,145.00062072732055,0.0,0.0,317.68804158941515,1000.0,0.0,-114.43228316395466,0.0,0.0,0.0,-232.17075479646257,0.0,0.0,0.0,-154.75230455268002,0.0,0.0,-1000.0,-1000.0,-565.1251605504077,0.0,0.0,434.8748394495923,375.85245189814094,0.0,-1000.0,0.0,0.0,181.56600086873783,0.0,0.0,0.0,-455.08404690668976,0.0,455.08404690668976,0.0,1000.0,0.0,0.0,0.0,0.0,0.0,0.0,-113.35200335499927,-0.18241058502355822,0.0,0.0,0.0,0.0,0.12160705668237215,0.0,0.0,0.0,656.8838277677143,271.8133773430129,0.0,-806.0970643456087,-47.30658692360737,0.0,1000.0,0.0,0.0,0.0,-8.742694364240732,0.0,0.0,0.0,462.3377894991189,174.2142694031661,-636.552058902285,-1000.0,-25.014903457448725,0.0,0.0,0.0,0.0,0.0,0.0,0.0,0.0,0.0,0.0,0.0,0.0,0.0,0.0,0.0,0.0,0.0,-252.4443292253377,0.0,-1000.0,6.509894365134301,0.0,0.0,1000.0,0.0,0.0,-122.43186018468816,0.0,0.0,0.0,0.0,761.8004813088907,-174.2142694031661,0.0,-218.9990719292033,0.0,0.0,0.0,-6.0803528341186075,0.0,0.0,0.0,-667.9815215593607,210.37424656518613,-3.0401764170593037,0.0,0.0,0.0,0.0,0.0,103.30561797336979,181.4827377320322,0.0,0.0,0.0,707.2760560086028,0.0,0.0,0.0,0.0,0.0,0.0,-467.85477298083646,0.0,0.0,-308.1706398028789,0.0,0.0,182.35020481691168,0.0,0.0,-21.419056250322416,0.0,0.0,0.0,0.0,0.0,0.0,0.0,-87.83929433176279,0.24321411336478233,0.0,0.0,0.0,0.0,0.0,0.0,0.0,0.0,0.0,0.0,0.0,0.0,0.0,0.0,0.0,0.0,0.0,0.0,0.0,0.1337677623504612,0.1337677623504612,0.0,255.67858866352557,0.0,72.9642340094233,0.0,0.0,0.0,1000.0,0.0,245.19233010345397,102.64247522983806,0.0,0.0,310.79738587299244,-1000.0,0.0,0.0,58.15463788467805,0.0,0.0,0.0,0.0,0.0,0.0,0.0,0.0,0.0,0.0,172.31988021218766,-656.8838277677143,64.31261578686036,0.0,112.00621859438075,0.0,-498.0961633527645,498.0961633527645,340.3784760776841,0.0,310.79738587299244,0.0,1000.0,-777.0419084587704,0.0,0.0,0.0,0.0,0.0,0.0,0.0,0.0,0.0,0.0,0.0,0.0,0.0,0.0,0.0,0.0,72.9642340094233,0.0,0.0,0.0,0.0,0.0,0.0,0.0,0.0,0.0,0.0,0.0,0.0,1.2160705668237215,0.0,0.0,102.64247522983806,-102.64247522983806,0.0,309.49600764938424,0.0,0.0,181.4827377320322,-58.15463788467805,0.0,0.0,0.0,0.0,0.0,0.0,0.0,0.0,0.0,0.0,-36.074827918081404,0.0,36.48211700471165,36.48211700471165,233.21686168162023,-1000.0,0.0,0.0,0.0,0.0,0.0,0.0,0.0,841.0502098422596,182.35020481691168,814.9723977865576,0.12160705668237215,0.0,0.0,160.5994907857413,0.0,0.0,0.0,0.0,0.0,0.0,0.0,0.0,0.0,0.0,0.0,0.0,0.0,0.0,0.0,0.0,0.0,0.0,0.12160705668237215,0.0,0.0,0.0,-470.57070644559985,470.57070644559985,0.0,0.0,0.0,0.0,0.0,594.3528887993881,0.0,-716.7847489840763,-747.5556707746623,-9.120529251177912,-6.080352834118602,0.0,0.0,-93.75000000000001,-93.75000000000001,93.75000000000001,0.0,0.0,0.0,0.0,0.0,0.0,0.0,0.0,0.0,0.0,0.0,109.38597080748839,0.0,0.0,0.0,-0.12160705668237215,0.0,0.0,0.12160705668237215,0.0,0.12160705668237215,0.0,0.0,0.0,72.9642340094233,148.36060915249402,148.36060915249402,0.0,0.0,0.0,0.0,0.0,0.0,0.0,64.31261578686036,0.0,182.35020481691168,0.0,0.0,114.23719213785067,358.5709649416203,0.0,0.0,0.0,0.0,0.0,0.0,0.0,0.0,0.0,0.0,0.0,0.0,0.0,157.7176872750804,0.0,0.0,0.0,0.18241058502355822,0.0,0.0,0.0,-181.4827377320322,0.0,0.0,0.0,0.0,0.0,-255.67858866352557,6.0803528341186075,0.0,0.0,0.0,0.0,323.70309147898695,405.6471112006119,0.0,0.0,0.0,0.0,0.0,0.0,0.0,0.0,0.0,0.0,58.15463788467805,0.0,255.67858866352557,0.0,364.9912044503859,-8.742694364240732,0.0,283.21525101592374,716.7847489840763,-1000.0,6.509894365134301,-380.5313639489566,0.0,6.080352834118602,424.71953826845606,0.0,0.0,0.0,-226.70400670999854,-290.9845897182447,290.9845897182447,-593.7500000000006,593.7500000000006,0.0,0.0,0.0,0.0,0.0,1000.0,-243.36447239564788,148.36060915249402,0.0,-812.5,-812.5,812.5,0.0,0.0,0.0,0.0,0.0,3.9157472251731313,0.0,0.0,39.6757040214114,-160.5994907857413,724.8119861544352,0.0,36.48211700471165,102.64247522983806,0.0,0.0,0.0,213.4084672415866,0.0,0.0,0.1337677623504612,0.0,0.0,0.0,74.18030457624701,0.0,0.0,0.0,0.0,157.9560591871298,0.0,0.0,0.0,0.0,0.0,0.0,0.0,0.0,0.0,0.0,0.012160705668237215,0.012160705668237215,0.0,0.0,0.0,0.0,0.0,0.0,0.0,0.0,0.0,160.5994907857413,0.0,0.0,0.0,0.0,0.0,255.67858866352557,0.0,0.0,0.0,0.0,0.0,0.0,0.0,0.0,0.0,0.0,0.0,205.2849504596761,-1000.0,-183.9189007955938,941.8355896912742,0.0,0.0,0.0,72.96423400942331,0.0,0.0,0.0,0.0,0.0,927.0357659905767,-1000.0,0.0,205.2849504596761,0.0,0.0,0.0,0.0,0.0,0.0,0.0,0.0,0.0,0.0,160.0126987559936,-1000.0,556.1089909068959,0.0,-181.4827377320322,0.0,747.0692425479335,0.0,0.0,0.0,0.0,0.0,0.0,0.0,0.0,0.0,0.0,0.0,0.0,0.0,0.0,0.0,0.0,0.0,-15.200882085296513,0.0,-770.9210105600686,707.052100223941,0.0,0.0,0.0,0.0,0.0,-1.5200882085296517,0.0,27.928950615456717,0.0,0.0,0.0,0.0,0.0,0.0,0.0,1000.0,36.48211700471165,36.48211700471165,0.0,0.0,0.0,0.0,0.0,0.1337677623504612,255.67858866352557,0.0,0.0,-747.0692425479335,0.0,0.0,0.0,0.0,0.0,0.0,0.0,0.0,0.0,0.0,0.0,0.0,0.0,0.0,0.0,0.0,0.0,0.0,0.0,127.68740951649076,112.00621859438075,0.0,0.0,0.0,0.0,0.0,255.67858866352557,0.0,-411.72746403473053,0.0,0.0,0.0,-15.200882085296513,0.0,0.0,0.0,0.0,0.0,0.0,0.0,0.0,0.0,0.0,0.0,0.0,0.0,0.0,0.0,0.0,0.0,0.0,-0.12160705668237215,0.0,0.0,6.0803528341186075,-310.79738587299244,0.0,0.0,0.0,0.0,0.0,0.0,0.0,0.0,-462.3377894991189,3.0401764170593037,0.0,0.0,0.0,0.12160705668237215,0.0,121.60705668237215,-37.698187571535364,24.32141133647443,0.8686218334455154,339.28368814381827,-0.09120529251177911,886.980593488564,2.432141133647443,-0.6080352834111409,-339.28368814381827,36.48211700471165,-0.12160705668237215,2.914231454746911,0.0,0.030401764170593037,0.8686218334455154,-8.742694364240732,-122.00231865367249,-2.4321411336474057,-213.64896703428712,-0.12160705668237215,0.030401764170593037,-339.28368814381827,12.160705668237215,0.12160705668237215,0.12160705668237215,-255.42321384449275,-102.50870746748744,-198.92369528636038,-0.09120529251177911,36.48211700471165,0.12160705668237215,181.4827377320322,84.19709238613447,-0.060803528341186075,-400.79948347198865,-170.0,-0.09120529251177911,-0.12160705668237215,-37.698187571535364,0.12160705668237215,12.160705668237215,-2.432141133647443,157.7176872750804,157.7176872750804,-12.160705668237215,213.64896703428712,-157.7176872750804,24.32141133647443,0.18241058502355822,-559.7111415419024,12.160705668237215,-172.31988021218766,0.0,-24.32141133647443,0.060803528341186075,1.2160705668237215,201.52426608640218,280.0,-0.12160705668237215,-283.0401764170593,255.42321384449275,37.698187571535364,0.12160705668237215,122.00231865367249,-290.92908874616717,0.0,-0.12160705668237215,-0.030401764170593037,0.0,-0.12160705668237215,-87.83929433176279,0.12160705668236832,-0.030401764170593037,-0.030401764170593037,-0.030401764170593037,48.64282267294886,-84.19709238613447,1.2160705668237215,90.09562811955168,-0.030401764170593037,400.13430071805743,6.0803528341186075,50.0,0.12160705668237215,0.060803528341186075,0.060803528341186075,12.160705668237215,37.698187571535364,0.12160705668237215,-37.698187571535364,1.2160705668237215,0.12160705668237215,-90.09562811955168,0.12160705668237215,0.4864282267287372,0.6080352834111409,0.060803528341186075,0.030401764170593037,36.48211700471165,-0.12160705668237215,198.92369528636038,1.2160705668237028,-180.19125623910335,883.9404170715046,-12.160705668237215,24.32141133647443,6.0803528341186075,-0.12160705668237215,8.742694364240732,0.18241058502355822,-0.12160705668237215,-24.32141133647443,37.698187571535364,47.51681987627029,0.060803528341186075,-100.0,-0.12160705668237215,-0.12160705668236832,-0.12160705668237215,0.060803528341186075,339.28368814381827,-24.32141133647443,0.12160705668237215,403.04853217280436,-0.030401764170593037,102.50870746748744,-403.04853217280436,18.24105850235582,170.0,-15.966867338694367,339.28368814381827,-0.09120529251177911,283.0401764170593,-280.0,0.12160705668237215,-0.030401764170593037,6.080352834118602,121.60705668237215,-0.060803528341186075,-0.12160705668237215,0.030401764170593037,0.0,0.0,455.42885287340965,0.0,-255.0,0.0,544.2930408112943,-140.0,0.0,-80.0,-255.0,-325.0,-104.22148514015157,40.0,127.5,127.5,0.0,70.0,-255.67858866352557,-260.9252871178569,104.22148514015157,325.0,-260.9252871178569,-544.2930408112943,411.5307119446121,0.0,1496.5981,hplb
205,0.0,0.0,0.0,0.0,0.0,0.0,0.0,0.0,-0.13253335148422035,0.0,0.0,0.0,0.0,0.0,0.0,0.0,-928.7334193186051,44.82926582574719,0.0,1000.0,0.0,0.0,0.0,304.438635288176,0.0,0.0,0.0,0.0,0.0,0.0,0.0,0.0,74.18332364066649,0.0,0.0,0.0,0.0,-39.18342930706283,0.0,-591.6136258922096,704.1912476290663,0.0,0.0,0.0,0.0,0.0,0.0,0.0,0.0,0.0,0.0,0.0,0.0,0.14578668663253802,0.0,0.0,0.0,26.506670296844067,0.0,0.0,4.300651196412313,0.0,43.61661385495936,0.0,0.0,0.0,0.0,0.0,0.0,47.91726505137167,0.0,1.3253335148422034,0.0,0.0,0.0,0.0,0.0,0.0,0.0,99.64758976423889,0.0,0.0,0.0,0.0,79.5200108905322,0.0,0.0,93.68121359426846,-835.251005751563,928.9322193458314,0.0,0.0,0.0,36.463687810935994,39.7600054452661,0.0,173.77622126805224,0.0,0.0,0.0,0.0,996.6866662128945,0.0,0.0,0.0,-62.88768929153236,0.0,437.1289178374872,0.0,0.0,0.0,0.0,0.0,0.0,0.0,0.0,0.0,0.0,0.0,0.0,0.0,0.0,0.0,0.0,-772.3584545612932,0.0,0.0,173.77622126805224,0.0,41.08533896010831,0.0,0.0,693.4774830981462,-693.4774830981462,0.0,0.0,-47.91726505137167,0.0,0.0,0.0,0.0,0.0,0.0,0.0,0.0,10.205068064285019,0.13253335148422032,0.03313333787105509,0.0,0.0,0.0,0.0,0.0,0.0,0.0,0.0,775.9965408044037,0.0,0.0,0.0,0.0,0.0,248.4280241378461,248.4280241378461,0.0,0.0,0.0,0.0,0.0,0.0,0.0,248.56055748933034,0.0,0.0,0.0,0.0,0.0,0.0,0.0,0.0,0.0,0.0,0.0,0.0,0.0,0.0,0.0,0.0,0.0,0.0,0.0,-1000.0,0.0,0.0,0.0,0.0,0.0,0.0,0.0,-93.68121359426846,93.68121359426846,0.0,0.0,0.0,0.0,0.0,0.0,0.0,0.0,0.0,0.0,0.0,0.0,0.0,0.0,0.0,0.0,0.0,0.0,0.0,0.0,0.0,0.0,0.0,87.02955641647428,928.7334193186051,0.0,0.0,0.0,0.0,99.35137710246836,0.0,0.0,0.0,0.0,4.300651196412313,928.7334193186051,0.0,0.0,0.0,0.0,0.0,0.0,0.0,0.0,585.3107174255794,0.0,134.01621582278614,0.0,0.0,-741.5697921572945,0.0,0.0,-928.7334193186051,0.0,0.0,47.91726505137167,119.17188069792073,0.0,0.0,0.0,-29.32957462420923,0.0,0.0,-688.0380663734754,-688.0380663734754,0.0,0.0,0.0,688.0380663734754,-928.9322193458314,0.0,857.4668386372102,0.0,0.0,270.41667353850636,0.0,0.0,0.0,0.0,0.0,0.0,0.0,248.29549078636188,47.91726505137167,0.0,0.0,0.0,0.0,0.0,4.300651196412313,-0.1988000272263305,0.0,0.0,0.0,0.0,0.13253335148422032,0.0,0.0,0.0,141.56168420390003,-928.7334193186051,0.0,-923.3380433892056,627.7747221363661,0.0,706.5568741425909,0.0,583.8472811757214,0.0,-62.88768929153236,0.0,0.0,0.0,-11.411121562791266,0.0,-572.4361596129302,0.0,0.0,0.0,0.0,0.0,0.0,0.0,0.0,0.0,0.0,0.0,0.0,0.0,0.0,0.0,0.0,0.0,0.0,0.0,0.0,0.0,-462.2905778258987,0.0,500.9438737270245,581.0431435077838,191.56191007786214,0.0,0.0,-595.5157854898644,0.0,0.0,0.0,0.0,990.0599986386834,0.0,0.0,-597.4376219324839,0.0,0.0,-163.69918028236896,-6.626667574211017,0.0,393.9800018394274,0.0,0.0,1000.0,-3.3133337871055084,0.0,-849.3693875483575,0.0,-134.0639435161149,380.4101355238475,0.0,173.77622126805224,0.0,0.0,0.0,15.460422913149841,0.0,0.0,0.0,0.0,0.0,0.0,275.92059608153846,0.0,0.0,0.0,0.0,0.0,0.0,0.0,0.0,-39.31596265854704,0.0,343.749999999976,171.4105947545276,0.0,0.0,0.0,0.0,-86.74666485157796,0.2650667029685292,0.0,0.0,0.0,0.0,0.0,0.0,0.0,0.0,0.0,0.0,0.0,0.0,0.0,0.0,0.0,0.0,0.0,0.0,0.0,0.14578668663253802,0.14578668663253802,0.0,232.24333963311776,0.0,79.5200108905322,0.0,0.0,0.0,0.0,0.0,0.0,0.0,0.0,0.0,1000.0,0.0,0.0,0.0,0.0,0.0,0.0,171.4105947545276,0.0,0.0,0.0,0.0,0.0,0.0,0.0,257.45281818709776,-141.56168420390003,0.0,0.0,10.205068064285019,0.0,-628.7212697442345,665.1849575551705,565.8335804527021,0.0,1000.0,0.0,913.253335148422,0.0,0.0,0.0,0.0,0.0,0.0,0.0,0.0,0.0,0.0,0.0,0.0,0.0,0.0,0.0,0.0,0.0,79.5200108905322,47.91726505137167,47.91726505137167,0.0,0.0,0.0,0.0,0.0,0.0,0.0,0.0,0.0,0.0,1.3253335148422034,0.0,0.0,0.0,0.0,0.0,0.0,0.0,0.0,173.77622126805224,0.0,0.0,0.0,0.0,0.0,0.0,0.0,0.0,0.0,0.0,0.0,0.0,0.0,39.7600054452661,39.7600054452661,281.9266607676284,0.0,0.0,171.4105947545276,0.0,0.0,0.0,0.0,0.0,0.0,0.0,30.986241517761982,0.13253335148422032,0.0,0.0,-131.38080986170968,306.410033832549,0.0,0.0,-36.463687810935994,0.0,-47.91726505137167,0.0,0.0,0.0,0.0,0.0,0.0,0.0,0.0,0.0,0.0,0.0,0.0,0.13253335148422032,0.0,0.0,0.0,-28.675783804842922,28.675783804842922,0.0,0.0,0.0,500.9438737270245,0.0,581.0431435077838,0.0,-57.80636331576308,-1000.0,-9.940001361316604,-6.626667574211022,0.0,0.0,-656.25,-656.2499999999999,656.25,0.0,0.0,0.0,0.0,0.0,0.0,0.0,47.91726505137167,0.0,0.0,0.0,-127.43727594190388,0.0,0.0,0.0,-0.13253335148422032,0.0,0.0,0.13253335148422032,0.0,0.13253335148422032,0.0,0.0,0.0,79.5200108905322,161.6906888107488,161.6906888107488,0.0,0.0,0.0,0.0,0.0,0.0,0.0,0.0,0.0,0.0,0.0,0.0,0.0,0.0,0.0,0.0,0.0,0.0,0.0,0.0,0.0,0.0,0.0,0.0,0.0,0.0,0.0,99.35137710246836,0.0,0.0,0.0,0.1988000272263305,0.0,0.0,0.0,-173.77622126805224,0.0,0.0,0.0,0.0,0.0,-232.24333963311776,6.626667574211017,0.0,0.0,0.0,0.0,0.0,0.0,0.0,0.0,343.749999999976,0.0,0.0,0.0,0.0,0.0,47.91726505137167,0.0,0.0,765.5367007502055,232.24333963311776,0.0,298.49332970315595,-62.88768929153236,537.7094221741013,-595.5157854898644,57.80636331576308,0.0,0.0,-42.51880811282808,0.0,6.626667574211022,484.8958761214329,0.0,0.0,0.0,-39.31596265854704,0.0,0.0,0.0,0.0,0.0,0.0,0.0,0.0,0.0,-9.940001361316348,-9.940001361316519,161.6906888107488,0.0,0.0,0.0,0.0,0.0,0.0,0.0,0.0,0.0,585.3107174255794,0.0,0.0,252.12334235575062,-175.02922397083927,170.1299550867351,0.0,39.7600054452661,0.0,0.0,0.0,0.0,331.57622011521846,0.0,0.0,0.14578668663253802,0.0,0.0,0.0,80.8453444053744,0.0,0.0,0.0,0.0,87.02955641647428,0.0,0.0,0.0,0.0,0.0,0.0,0.0,0.0,0.0,0.0,478.9706810740831,0.013253335148422413,0.0,0.0,0.0,0.0,0.0,0.0,0.0,0.0,0.0,-131.38080986170968,0.0,0.0,0.0,0.0,0.0,232.24333963311776,0.0,0.0,0.0,0.0,0.0,0.0,0.0,0.0,0.0,0.0,0.0,0.0,0.0,0.0,44.82926582574719,0.0,0.0,0.0,79.5200108905322,0.0,0.0,0.0,0.0,0.0,0.0,-79.5200108905322,0.0,0.0,0.0,0.0,0.0,0.0,0.0,0.0,0.0,0.0,0.0,0.0,969.013758482238,0.0,90.78534576669094,0.0,-173.77622126805224,0.0,461.7604444199617,0.0,0.0,0.0,0.0,0.0,0.0,0.0,0.0,0.0,0.0,0.0,0.0,0.0,0.0,0.0,0.0,0.0,-16.566668935527627,47.91726505137167,-1000.0,0.0,0.0,0.0,0.0,0.0,0.0,-1.6566668935527544,0.0,39.31596265854704,0.0,0.0,0.0,0.0,0.0,0.0,0.0,1000.0,39.7600054452661,39.7600054452661,0.0,0.0,0.0,0.0,99.64758976423889,0.14578668663253802,232.24333963311776,0.0,0.0,-461.76044441996163,478.95742773893465,0.0,0.0,0.0,0.0,0.0,0.0,0.0,0.0,0.0,0.0,0.0,0.0,0.0,0.0,0.0,0.0,0.0,0.0,139.16001905843137,10.205068064285019,0.0,0.0,0.0,0.0,0.0,232.24333963311776,0.0,574.4164759335728,0.0,0.0,0.0,-16.566668935527627,0.0,0.0,0.0,0.0,0.0,0.0,0.0,0.0,0.0,0.0,0.0,0.0,0.0,0.0,0.0,0.0,0.0,0.0,-0.13253335148422032,0.0,0.0,6.626667574211017,-1000.0,0.0,0.0,0.0,0.0,47.91726505137167,0.0,0.0,0.0,11.411121562791266,3.3133337871055084,0.0,0.0,0.0,0.13253335148422032,0.0,132.53335148422033,-41.0853389601083,26.506670296844067,0.9466667963158596,369.76805064097476,-0.09940001361316525,597.4376219324839,2.650667029684407,-0.6626667574212992,-369.76805064097476,39.7600054452661,-0.13253335148422035,20.962563097177455,171.4105947545276,0.03313333787105509,0.9466667963158596,-62.88768929153237,-21.099309556291587,-2.650667029684407,-116.09584650714208,-0.13253335148422035,0.03313333787105509,-369.76805064097476,13.253335148422034,0.13253335148422035,0.13253335148422032,-231.965019595001,0.14578668663264022,-35.154609909179726,-0.09940001361316525,39.7600054452661,0.13253335148422035,173.77622126805224,67.74954008067597,-0.06626667574211018,-615.0665523121593,-112.73724560237461,-0.09940001361316525,-0.13253335148422035,-41.0853389601083,0.13253335148422032,13.253335148422034,-2.650667029684407,99.35137710246836,99.35137710246836,-13.253335148422034,116.09584650714208,-99.35137710246836,26.506670296844067,0.1988000272263305,166.97722750055073,13.253335148422034,-257.45281818709776,171.4105947545276,-26.506670296844067,0.06626667574211016,1.3253335148422034,230.8345108473014,258.75000992996183,-0.13253335148422032,-262.06334371706714,231.965019595001,41.08533896010831,0.13253335148422035,21.099309556291587,-121.64564284932295,171.4105947545276,-0.13253335148422032,-0.03313333787105509,-171.4105947545276,-0.1325333514842022,-86.74666485157796,0.13253335148425466,-0.03313333787105508,-0.03313333787105509,-0.03313333787105508,53.013340593688135,-67.74954008067597,1.3253335148422034,98.19064678086096,-0.03313333787105509,440.70645859742535,6.626667574211017,50.0,0.13253335148422032,0.06626667574211016,0.06626667574211018,75.0,41.0853389601083,0.13253335148422032,-41.0853389601083,1.3253335148422034,0.13253335148422035,-98.19064678086096,0.13253335148422035,0.5301334059370584,0.6626667574212992,0.06626667574211018,0.03313333787105509,39.7600054452661,-0.13253335148422035,35.154609909179726,1.3253335148422034,-196.38129356172192,594.1242881453783,-13.253335148422034,26.506670296844067,6.626667574211017,-0.13253335148422035,62.88768929153237,0.1988000272263305,-0.13253335148422035,-150.0,41.0853389601083,100.5718915088076,0.06626667574211018,-100.0,-0.13253335148422035,-0.13253335148425466,-0.13253335148422035,0.06626667574211018,369.76805064097476,-26.506670296844067,0.13253335148422032,461.6690216946028,-0.03313333787105509,-0.14578668663264022,-461.6690216946028,19.880002722633048,112.73724560237461,-514.4486552778085,369.76805064097476,-0.09940001361316525,262.06334371706714,-258.75000992996183,0.13253335148422035,-0.03313333787105508,6.626667574211022,132.53335148422033,-0.06626667574211016,-0.13253335148422035,0.03313333787105509,0.0,0.0,-167.04349417629282,0.0,-255.0,0.0,226.7291205128866,-140.0,0.0,-80.0,-255.0,-325.0,0.0,40.0,127.5,127.5,0.0,70.0,-232.24333963311776,-432.14811162402606,0.0,325.0,-432.14811162402606,-226.7291205128866,167.56071410689376,0.0,1496.5981,hplb
206,0.0,0.0,0.0,0.0,0.0,0.0,0.0,0.0,-0.12819332123054847,0.0,0.0,0.0,0.0,0.0,0.0,0.0,85.55130269610572,980.6118632304257,0.0,-766.1631659265314,0.0,0.0,0.0,188.28422959162899,0.0,144.923027026919,0.0,0.0,0.0,-163.71514953986173,0.0,0.0,1000.0,0.0,0.0,0.0,0.0,593.3204086617294,0.0,-1000.0,780.8277724652847,0.0,0.0,-60.08571811806987,0.0,0.0,0.0,0.0,0.0,0.0,0.0,-138.24956496182585,0.0,0.1410126533537301,0.0,0.0,0.0,0.0,0.0,0.0,50.85129822819046,0.0,0.0,-135.5712719254924,0.0,0.0,0.0,0.0,367.402058646752,-367.402058646752,0.0,1.281933212305485,0.0,0.0,0.0,0.0,0.0,0.0,0.0,781.5212412412632,0.0,0.0,-17.79106589843014,0.0,76.9159927383291,0.0,0.0,-531.0252163098787,-858.1118669041815,601.4497798245761,788.4367585786472,0.0,0.0,0.0,38.45799636916455,0.0,81.0581204208833,-4.127824943624233,0.0,0.0,0.0,996.7951669692363,-1000.0,0.0,0.0,0.0,0.0,0.0,0.0,0.0,0.0,0.0,0.0,0.0,0.0,0.0,0.0,0.0,0.0,0.0,0.0,0.0,0.0,0.0,-890.7273013907943,0.0,0.0,81.0581204208833,0.0,39.73992958147003,0.0,0.0,-272.33188479860615,682.992004211029,-410.66011941242283,410.66011941242283,93.74999999999662,782.6338943604321,-782.6338943604321,-280.1725701536795,0.0,0.0,0.0,0.0,0.0,27.66195163318237,0.12819332123054847,788.4688069089548,0.0,0.0,0.0,0.0,0.0,0.0,17.79106589843014,0.0,256.3709787630429,0.0,0.0,0.0,0.0,0.0,999.8718066787694,999.8718066787694,0.0,0.0,0.0,-718.75,619.1739450765876,0.0,0.0,1000.0,0.0,0.0,0.0,679.3532871681052,0.0,0.0,0.0,0.0,0.0,0.0,0.0,0.0,0.0,0.0,-691.5754299926066,0.0,0.0,0.0,0.0,-1000.0,0.0,0.0,0.0,0.0,0.0,0.0,138.24956496182585,392.77565134805286,-392.77565134805286,186.42257015368287,0.0,0.0,0.0,0.0,0.0,0.0,836.2848504601383,-716.6628293999282,0.0,0.0,0.0,0.0,0.0,0.0,0.0,0.0,0.0,0.0,0.0,0.0,0.0,0.0,-6.122547456061852,-60.08571811806987,0.0,0.0,0.0,0.0,48.233241770462456,0.0,0.0,0.0,0.0,50.85129822819046,0.0,0.0,0.0,0.0,0.0,0.0,0.0,0.0,0.0,0.0,25.638664246109695,42.60012405171875,0.0,686.808792538836,-564.0787257133983,0.0,0.0,60.08571811806987,0.0,0.0,186.42257015368287,0.0,0.0,0.0,0.0,-493.2030321726488,0.0,0.0,-1000.0,0.0,0.0,-1000.0,0.0,0.0,-465.33621555612865,0.0,1000.0,0.0,0.0,123.00355430908496,0.0,0.0,0.0,0.0,0.0,0.0,0.0,1000.0,0.0,0.0,1000.0,-718.75,0.0,0.0,50.85129822819046,-0.19228998184582272,0.0,0.0,0.0,0.0,0.12819332123054847,0.0,0.0,0.0,684.2860676549714,85.55130269610572,0.0,-349.78789979788377,-320.2086605647862,0.0,778.1902646551063,0.0,0.0,0.0,0.0,0.0,0.0,0.0,-11.037444957950349,479.091049627926,-468.05360466997564,-1000.0,-1000.0,0.0,0.0,0.0,0.0,0.0,0.0,0.0,0.0,0.0,0.0,0.0,0.0,0.0,0.0,0.0,0.0,0.0,-406.1668180533483,0.0,-1000.0,17.79106589843014,0.0,0.0,578.3391264910192,0.0,0.0,-27.66195163318237,0.0,0.0,0.0,0.0,990.3855009077089,0.0,0.0,0.0,996.7951669692363,-846.493108274678,0.0,375.2859151455441,295.4412976330421,0.0,0.0,-811.4147723808535,0.0,-1000.0,-381.69558120707154,0.0,0.0,0.0,319.62059895384004,380.114051352916,81.0581204208833,0.0,0.0,0.0,40.331402106031305,0.0,0.0,0.0,0.0,0.0,0.0,-673.8031387513363,0.0,0.0,-0.25638664246109694,0.0,0.0,836.2848504601383,0.0,0.0,-84.71997369730195,0.0,0.0,83.69562823106179,0.0,0.0,0.0,0.0,-87.18066787694515,0.25638664246095483,0.0,0.0,0.0,0.0,0.0,0.0,0.0,0.0,0.0,0.0,0.0,0.0,0.0,0.0,0.0,0.0,0.0,0.0,0.0,0.1410126533537301,0.1410126533537301,0.0,254.3613357538903,0.0,76.9159927383291,0.0,0.0,0.0,1000.0,0.0,0.0,0.0,0.0,0.0,-167.73032657582553,-1000.0,0.0,0.0,0.0,0.0,0.0,83.69562823106179,0.0,0.0,0.0,0.0,0.0,0.0,0.0,296.9091004635981,-684.2860676549714,0.0,20.642792619962055,9.870885734752227,0.0,493.25252907504074,-493.25252907504074,-727.9083409991861,0.0,-167.73032657582553,0.0,0.0,-254.9109944527707,0.0,0.0,0.0,0.0,0.0,0.0,0.0,0.0,0.0,0.0,0.0,0.0,0.0,0.0,0.0,0.0,76.9159927383291,186.42257015368287,186.42257015368287,0.0,0.0,0.0,0.0,0.0,0.0,0.0,0.0,0.0,0.0,1.281933212305485,0.0,0.0,0.0,0.0,0.0,138.24956496182585,0.0,0.0,81.0581204208833,0.0,0.0,0.0,0.0,20.642792619962055,0.0,0.0,0.0,0.0,0.0,236.86949833800685,0.0,0.0,38.45799636916455,38.45799636916455,1000.0,-1000.0,0.0,83.69562823106179,0.0,0.0,0.0,0.0,0.0,1000.0,836.2848504601383,658.5205982278923,0.12819332123054847,0.0,0.0,169.29759401654366,0.0,862.8330723991953,0.0,0.0,0.0,0.0,0.0,0.0,0.0,0.0,0.0,0.0,0.0,0.0,0.0,0.0,0.0,0.0,0.12819332123054847,0.0,0.0,0.0,0.0,0.0,0.0,0.0,0.0,0.0,0.0,807.378007784732,0.0,-835.0399594179144,-593.8331819466516,-9.614499092291112,-6.409666061527424,0.0,0.0,-593.75,-593.75,593.75,0.0,0.0,0.0,0.0,0.0,0.0,0.0,186.42257015368287,0.0,0.0,0.0,386.52371741444347,0.0,0.0,0.0,-0.12819332123054847,0.0,0.0,0.12819332123054847,0.0,0.12819332123054847,0.0,0.0,0.0,76.9159927383291,156.39585190126914,156.39585190126914,0.0,0.0,0.0,0.0,0.0,0.0,0.0,0.0,0.0,836.2848504601383,0.0,0.0,0.0,0.0,0.0,0.0,0.0,0.0,0.0,0.0,0.0,0.0,0.0,0.0,0.0,0.0,0.0,234.65581192414533,0.0,-188.23186523489935,188.23186523489935,0.19228998184582272,0.0,0.0,0.0,-81.0581204208833,0.0,0.0,0.0,0.0,0.0,-254.3613357538903,6.409666061527424,0.0,0.0,0.0,718.75,-619.1739450765876,-10.537491005151658,0.0,0.0,0.0,0.0,0.0,0.0,0.0,0.0,186.42257015368287,0.0,0.0,0.0,254.3613357538903,0.0,299.36133575389033,862.8330723991953,0.0,-38.19944263833406,835.0399594179144,-796.8405167795803,17.79106589843014,-156.39585190126914,0.0,6.409666061527424,481.1210450853886,0.0,0.0,0.0,-84.71997369730195,0.0,0.0,0.0,0.0,0.0,0.0,0.0,0.0,0.0,672.3464318080245,0.0,156.39585190126914,0.0,-812.5,-812.5,812.5,0.0,0.0,0.0,0.0,0.0,0.0,0.0,0.0,283.2048330307636,-169.29759401654366,0.0,0.0,38.45799636916455,0.0,0.0,0.0,0.0,-64.29625588776956,0.0,0.0,0.1410126533537301,0.0,0.0,0.0,78.19792595063457,0.0,0.0,0.0,0.0,-6.122547456061852,0.0,0.0,0.0,0.0,0.0,0.0,0.0,0.0,0.0,0.0,0.012819332123054847,0.012819332123054847,0.0,0.0,0.0,0.0,0.0,0.0,0.0,0.0,0.0,169.29759401654366,0.0,0.0,0.0,0.0,0.0,254.3613357538903,0.0,0.0,0.0,0.0,0.0,0.0,0.0,0.0,0.0,0.0,0.0,0.0,29.961576942298052,513.2274274852078,980.6118632304257,0.0,0.0,0.0,76.9159927383291,0.0,0.0,0.0,0.0,0.0,0.0,-76.9159927383291,0.0,0.0,0.0,0.0,0.0,0.0,0.0,0.0,0.0,0.0,0.0,0.0,-658.5205982278923,-1000.0,87.81242504292572,0.0,-81.0581204208833,0.0,593.3204086617294,0.0,0.0,0.0,0.0,0.0,0.0,0.0,0.0,0.0,0.0,0.0,0.0,0.0,0.0,0.0,0.0,0.0,-16.024165153818558,186.42257015368287,-1000.0,-9.614499092290998,0.0,0.0,0.0,0.0,0.0,-317.56316003754733,315.9607435221655,102.51103959573209,0.0,0.0,0.0,0.0,0.0,0.0,0.0,1000.0,38.45799636916455,38.45799636916455,0.0,0.0,0.0,0.0,781.5212412412632,0.1410126533537301,254.3613357538903,0.0,0.0,-593.3204086617294,0.0,0.0,0.0,0.0,0.0,0.0,0.0,0.0,0.0,0.0,0.0,0.0,0.0,0.0,21.654419103990183,0.0,0.0,0.0,0.0,134.6029872920759,0.0,0.0,9.870885734752227,0.0,0.0,0.0,254.3613357538903,0.0,0.0,0.0,0.0,0.0,-16.024165153818558,0.0,0.0,0.0,0.0,0.0,0.0,0.0,0.0,0.0,0.0,0.0,0.0,0.0,0.0,0.0,0.0,0.0,0.0,-0.12819332123054847,0.0,0.0,6.409666061527424,167.73032657582553,0.0,0.0,0.0,0.0,186.42257015368287,0.0,0.0,0.0,11.037444957950349,3.204833030763712,0.0,0.0,144.923027026919,0.12819332123054847,0.0,128.19332123054846,-39.73992958147003,25.6386642461097,0.9156665802182034,357.6593662332303,-0.09614499092291136,790.7719797608914,2.5638664246109695,-0.6409666061527669,-357.6593662332303,38.45799636916455,-0.12819332123054847,0.0,83.69562823106179,0.03204833030763712,0.9156665802182034,0.0,-20.40837673990392,-2.5638664246109784,-300.0,-0.12819332123054847,0.03204833030763712,-357.6593662332303,12.819332123054847,0.12819332123054847,0.12819332123054847,-254.09212977930602,0.1410126533536033,-224.3475954777499,-0.09614499092291136,38.45799636916455,0.12819332123054847,81.0581204208833,-21.49653656355549,-0.06409666061527423,-32.023383285292994,-61.180767214747846,-0.09614499092291136,-0.12819332123054847,-39.73992958147003,0.12819332123054847,12.819332123054847,-2.5638664246109695,234.65581192414533,234.65581192414533,-12.819332123054847,300.0,-234.65581192414533,25.638664246109695,0.19228998184582272,-1000.0,12.819332123054847,-296.9091004635981,83.69562823106179,-25.638664246109695,0.06409666061527423,1.281933212305485,87.44697494947094,280.0,-0.12819332123054847,-283.2048330307636,254.09212977930602,39.73992958147003,0.12819332123054847,20.40837673990392,-112.73648129731544,83.69562823106179,-0.12819332123054847,-0.03204833030763712,-83.69562823106179,-0.12819332123054847,-87.18066787694515,0.12819332123054847,-0.03204833030763712,-0.03204833030763712,-0.03204833030763712,51.27732849221939,21.49653656355549,1.281933212305485,94.97522686668331,-0.03204833030763712,174.89394989894188,6.409666061527424,50.0,0.12819332123054847,0.06409666061527423,0.06409666061527423,54.667146238585744,39.73992958147003,0.12819332123054847,-39.73992958147003,1.281933212305485,0.12819332123054847,-94.97522686668331,0.12819332123054847,0.5127732849222683,0.6409666061527669,0.06409666061527423,0.03204833030763712,38.45799636916455,-0.12819332123054847,224.3475954777499,1.2819332123054892,-189.95045373336663,787.5671467301278,-12.819332123054847,25.638664246109695,6.409666061527424,-0.12819332123054847,0.0,0.19228998184582272,-0.12819332123054847,-109.33429247717149,39.73992958147003,330.37076141778164,0.06409666061527423,-100.0,-0.12819332123054847,-0.12819332123054847,-0.12819332123054844,0.06409666061527423,357.6593662332303,-25.638664246109695,0.12819332123054847,174.89394989894188,-0.03204833030763712,-0.1410126533536033,-174.89394989894188,19.22899818458227,61.18076721474785,243.01391984718637,357.6593662332303,-0.09614499092291136,283.2048330307636,-280.0,0.12819332123054847,-0.03204833030763712,6.409666061527424,128.19332123054846,-0.06409666061527423,-0.12819332123054847,0.03204833030763712,0.0,0.0,863.8223390709372,0.0,-255.0,0.0,954.8452189638425,-140.0,0.0,-80.0,-255.0,-325.0,-136.11356426844748,40.0,127.5,127.5,0.0,70.0,-254.3613357538903,-266.07450553001206,136.11356426844748,325.0,-266.07450553001206,-954.8452189638425,527.3811840690515,0.0,1496.5981,hplb
207,0.0,0.0,0.0,0.0,0.0,0.0,0.0,0.0,-0.10558605330276838,0.0,0.0,0.0,0.0,0.0,0.0,0.0,-1000.0,876.9902851156128,0.0,423.0097148843872,0.0,0.0,0.0,453.15551288539854,0.0,0.0,0.0,0.0,0.0,-393.12653032162996,0.0,0.0,251.74116295718144,0.0,0.0,0.0,0.0,729.4870992279941,0.0,-1000.0,863.1902806979041,0.0,-694.9027600790394,-406.54961060226753,0.0,0.0,0.21117210660553676,38.856271432274845,1000.0,0.0,0.0,0.0,0.0,0.11614465863296207,0.0,0.0,0.0,0.0,0.0,0.0,-9.298611760864134,0.0,153.0305850941393,143.73197333327522,0.0,0.0,0.0,0.0,0.0,0.0,0.0,1.0558605330276838,0.0,0.0,0.0,0.0,0.0,0.0,0.0,0.0,0.0,0.0,0.0,0.0,63.35163198166106,0.0,0.0,-77.55742208282986,-197.6407758309297,1000.0,-0.02639651332569209,0.0,0.0,-333.2940341392067,31.675815990830515,0.0,31.675815990830515,-747.9787366964197,0.0,0.0,0.0,5.2793026651384185,-1000.0,0.0,0.0,-50.11134192779381,0.0,1000.0,0.0,0.0,0.0,0.0,0.0,0.0,0.0,0.0,0.0,0.0,0.0,0.0,0.0,0.0,0.0,0.0,-628.9255417217552,0.0,0.0,31.675815990830515,0.0,32.7316765238582,0.0,0.0,359.90038535872975,0.0,-359.90038535872975,359.90038535872975,0.0,0.0,0.0,0.0,0.0,0.0,0.0,0.0,0.0,8.130126104313183,0.10558605330276838,0.0,0.0,0.0,-1000.0,721.6238741828771,0.0,0.0,0.0,0.0,135.74097242487034,0.0,0.0,0.0,0.0,0.0,999.8944139466972,999.8944139466972,0.0,0.0,0.0,0.0,-1000.0,0.0,0.0,1000.0,0.0,0.0,0.0,973.2214843137164,0.0,0.0,0.0,0.0,0.0,0.0,0.0,0.0,0.0,0.0,0.0,0.0,0.0,0.0,0.0,-1000.0,0.0,0.0,0.0,0.0,0.0,0.0,694.9027600790394,-802.3592241690703,802.3592241690703,0.0,0.0,0.0,0.0,0.0,0.0,0.0,606.87346967837,1000.0,0.0,0.0,0.0,0.0,0.0,0.0,0.0,0.0,0.0,0.0,0.0,0.0,0.0,0.0,297.3844642465809,-301.7762297574094,0.0,0.0,0.0,0.0,159.3358086164204,0.0,0.0,0.0,0.0,-9.298611760864134,104.77338084485814,0.0,0.0,0.0,0.0,0.0,0.0,0.0,0.0,0.0,59.97348209282852,0.0,0.0,-137.18991653806063,-227.37422827895932,814.9861138271392,0.0,301.7762297574094,0.0,0.0,0.0,-871.1850149706225,0.0,0.0,0.0,-314.0780492445491,0.0,0.0,313.47630939293015,0.0,-172.79226406782124,486.26857346075207,-172.79226406782124,0.0,-1000.0,0.0,-424.8018020862405,0.0,0.0,135.24928009830342,0.0,0.0,0.0,697.3903712342658,0.0,-697.3903712342658,0.0,1000.0,0.0,0.0,606.7044574907997,0.0,0.0,0.0,-9.298611760864134,-0.15837907995415254,0.0,0.0,0.0,0.0,0.10558605330276838,0.0,0.0,0.0,808.988375392749,-1000.0,0.0,-209.95338324008694,-848.7853958880883,0.0,765.9833073492882,0.0,0.0,0.0,-50.11134192779381,0.0,0.0,0.0,661.4995845089315,0.0,-661.4995845089315,-1000.0,-1000.0,0.0,0.0,0.0,0.0,0.0,0.0,0.0,0.0,0.0,0.0,0.0,0.0,0.0,0.0,0.0,0.0,0.0,1000.0,0.0,270.0905565587943,0.0,0.0,744.5788657800699,14.25159215144609,0.0,0.0,-8.130126104313183,0.0,0.0,0.0,0.0,0.0,0.0,0.0,741.7470021036438,0.0,0.0,0.0,463.9632951518038,-151.2625799615459,0.0,0.0,-754.1521008445053,0.0,-2.6396513325692093,-469.2425978169422,-1000.0,0.0,778.7797959536553,538.1732278396311,-129.52848309775618,31.675815990830515,0.0,0.0,0.0,958.9568736535268,0.0,0.0,0.0,0.0,0.0,0.0,-839.1486990492531,0.0,111.0087778243285,0.0,0.0,0.0,606.87346967837,0.0,0.0,-18.597223521728267,0.0,0.0,128.88278933944633,0.0,0.0,0.0,0.0,-12.667477561372538,0.21117210660560726,0.0,0.0,0.0,0.0,0.0,0.0,0.0,0.0,0.0,0.0,0.0,0.0,0.0,0.0,0.0,0.0,0.0,0.0,0.0,0.11614465863296207,0.11614465863296207,0.0,258.88278933944633,0.0,63.35163198166106,0.0,0.0,0.0,-826.2635865306911,0.0,0.0,0.0,0.0,0.0,-939.5342954338558,826.2635865306911,0.0,0.0,0.0,0.0,0.0,128.88278933944633,0.0,0.0,0.0,0.0,0.0,0.0,0.0,209.64184724058507,-808.988375392749,278.3761258171229,0.0,8.130126104313183,0.0,0.0,-333.2940341392067,-492.6298427556271,0.0,-939.5342954338558,0.0,-890.2492355487485,-61.95253744647982,0.0,0.0,0.0,0.0,0.0,0.0,0.0,0.0,0.0,0.0,0.0,0.0,0.0,0.0,0.0,0.0,63.35163198166103,0.0,0.0,0.0,0.0,0.0,0.0,0.0,0.0,0.0,0.0,0.0,0.0,1.0558605330276838,0.0,0.0,0.0,0.0,0.0,694.9027600790394,0.0,0.0,31.675815990830515,0.0,0.0,0.0,0.0,0.0,0.0,0.0,0.0,0.0,0.0,-676.6956988572132,0.0,0.0,31.675815990830515,31.675815990830515,-430.93934150627683,826.2635865306911,0.0,128.88278933944633,0.0,0.0,0.0,0.0,0.0,1000.0,606.87346967837,708.5244052324637,0.10558605330276838,0.0,0.0,0.0,139.44146710820604,164.18595666296636,0.0,333.2940341392067,0.0,0.0,0.0,0.0,0.0,0.0,0.0,0.0,0.0,0.0,0.0,0.0,0.0,0.0,0.10558605330276838,0.0,0.0,0.0,-279.365643558704,279.365643558704,0.0,0.0,0.0,0.0,0.0,736.4487396757568,0.0,0.0,-729.9094434412057,-7.918953997707629,0.0,-5.279302665138423,0.0,0.0,0.0,0.0,0.0,0.0,0.0,0.0,0.0,0.0,0.0,0.0,0.0,0.0,0.0,654.5306155210375,0.0,0.0,0.0,-0.10558605330276838,0.0,0.0,0.10558605330276838,0.0,0.10558605330276838,0.0,0.0,0.0,63.35163198166106,128.81498502937743,128.81498502937743,0.0,0.0,0.0,0.0,0.0,0.0,0.0,278.3761258171229,0.0,606.87346967837,0.0,0.0,670.5905436982998,0.0,0.0,0.0,0.0,0.0,0.0,0.0,0.0,0.0,0.0,0.0,0.0,0.0,0.0,159.3358086164204,0.0,0.0,0.0,0.15837907995415254,0.0,0.0,0.0,-31.675815990830515,0.0,0.0,0.0,0.0,0.0,-258.88278933944633,5.2793026651384185,0.0,0.0,0.0,0.0,1000.0,8.130126104313183,-5.279302665138423,0.0,0.0,0.0,0.0,0.0,0.0,0.0,0.0,0.0,0.0,-321.44543785864266,258.88278933944633,0.0,582.2589151565692,114.07461473517256,0.0,0.0,0.0,0.0,0.0,-1000.0,0.0,5.279302665138423,589.6292452334606,0.0,0.0,0.0,-18.597223521728267,281.2500000000002,-281.2500000000002,843.7500000000005,-843.7500000000005,0.0,0.0,0.0,0.0,0.0,0.0,-15.837907995415208,128.81498502937743,0.0,93.75,93.75,-93.75,0.0,0.0,0.0,0.0,0.0,0.0,0.0,0.0,266.80174333715394,-139.44146710820604,1000.0,-694.9027600790394,31.675815990830515,0.0,0.0,0.0,0.0,-82.99196072794086,0.0,0.0,0.11614465863296207,0.0,0.0,0.0,64.40749251468871,0.0,0.0,0.0,0.0,297.3844642465809,0.0,0.0,0.0,0.0,0.0,0.0,0.0,0.0,25.802894916814807,0.0,0.010558605330276838,0.010558605330276838,0.0,0.0,0.0,0.0,0.0,0.0,0.0,0.0,0.0,0.0,0.0,0.0,0.0,0.0,0.0,258.88278933944633,0.0,0.0,0.0,0.0,0.0,0.0,0.0,0.0,0.0,0.0,0.0,0.0,0.0,-306.88932712281394,876.9902851156128,0.0,0.0,0.0,63.35163198166106,0.0,0.0,0.0,0.0,0.0,936.6483680183389,-1000.0,0.0,0.0,0.0,0.0,0.0,0.0,0.0,0.0,0.0,0.0,0.0,0.0,-708.5244052324637,-1000.0,742.9169902106961,0.0,-31.675815990830515,0.0,729.4870992279941,0.0,0.0,0.0,0.0,0.0,0.0,0.0,0.0,0.0,546.875,0.0,-546.875,-546.875,0.0,0.0,0.0,0.0,-13.198256662846052,0.0,-7.918953997707629,678.5094976960074,0.0,0.0,0.0,0.0,0.0,-843.5800765122026,842.260250845918,18.597223521728267,0.0,0.0,0.0,0.0,0.0,0.0,0.0,1000.0,31.675815990830515,31.675815990830515,0.0,0.0,0.0,0.0,0.0,0.11614465863296207,258.88278933944633,0.0,0.0,-729.4870992279941,0.0,0.0,0.0,0.0,0.0,0.0,0.0,0.0,0.0,0.0,0.0,0.0,0.0,0.0,0.0,0.0,0.0,0.0,0.0,110.86535596790681,8.130126104313183,0.0,0.0,0.0,0.0,0.0,258.88278933944633,0.0,-11.529997020662904,0.0,0.0,0.0,-13.198256662846052,0.0,0.0,0.0,0.0,0.0,0.0,0.0,0.0,0.0,0.0,0.0,0.0,0.0,0.0,0.0,0.0,0.0,0.0,-0.10558605330276838,0.0,0.0,5.2793026651384185,939.5342954338558,0.0,0.0,0.0,0.0,0.0,0.0,0.0,0.0,-661.4995845089315,2.6396513325692093,0.0,0.0,0.0,0.10558605330276838,0.0,105.58605330276836,-32.7316765238582,21.117210660553674,0.7541860950197741,294.5850887147238,-0.07918953997707627,12.405098740861463,2.1117210660553676,-0.5279302665143177,-294.5850887147238,31.67581599083051,-0.10558605330276838,16.703780642597938,128.88278933944633,0.026396513325692095,0.7541860950197741,-50.111341927793816,-16.809299685801328,-2.1117210660553676,-300.0,-0.10558605330276838,0.026396513325692095,-294.5850887147238,10.558605330276837,0.10558605330276838,0.10558605330276838,-258.6610586275106,0.11614465863304521,0.0,-0.07918953997707627,31.675815990830515,0.10558605330276838,31.675815990830515,-52.79302665138419,-0.05279302665138419,-35.51828856928272,-170.0,-0.07918953997707627,-0.10558605330276838,-32.7316765238582,0.10558605330276838,10.558605330276837,-2.1117210660553676,159.3358086164204,159.3358086164204,-10.558605330276837,300.0,-159.3358086164204,21.117210660553674,0.15837907995415254,-47.210498426049526,10.558605330276837,-209.64184724058507,128.88278933944633,-21.117210660553674,0.05279302665138418,1.0558605330276838,52.488345810021734,280.0,-0.10558605330276838,-282.63965133256914,258.6610586275106,32.7316765238582,0.10558605330276838,16.809299685801328,2.179525376124129,128.88278933944633,-0.10558605330276838,-0.026396513325692095,-128.88278933944633,-0.10558605330276838,-12.667477561372538,0.10558605330208626,-0.02639651332569209,-0.02639651332569209,-0.02639651332569209,42.23442132110735,52.79302665138419,1.0558605330276838,146.74183596974137,-0.026396513325692095,88.27291097744553,5.2793026651384185,11.613041445824688,0.10558605330276838,0.05279302665138419,0.05279302665138419,75.0,32.7316765238582,0.10558605330276838,-32.7316765238582,1.0558605330276838,0.10558605330276838,-283.77337342784784,0.10558605330276838,0.42234421321154514,0.5279302665143177,0.05279302665138419,0.026396513325692095,31.675815990830515,-0.10558605330276838,0.0,1.0558605330276838,-293.48367193948275,9.765447408292253,-10.558605330276837,21.117210660553674,5.2793026651384185,-0.10558605330276838,50.111341927793816,0.15837907995415254,-0.10558605330276838,-150.0,32.7316765238582,508.8471917861799,0.05279302665138419,-23.226082891649376,-0.10558605330276838,-0.10558605330208626,-0.10558605330276838,0.05279302665138419,294.5850887147238,-21.117210660553674,0.10558605330276838,104.97669162004347,-0.02639651332569209,-0.11614465863304521,-104.97669162004347,15.837907995415254,170.0,-209.9244246214743,294.5850887147238,-0.07918953997707627,282.63965133256914,-280.0,0.10558605330276838,-0.026396513325692095,5.279302665138423,105.58605330276836,-0.05279302665138419,-0.10558605330276838,0.026396513325692095,0.0,0.0,47.15770539939814,137.03153745810647,-255.0,0.0,660.3811144323117,-140.0,0.0,570.672815281548,-255.0,-325.0,0.0,-285.336407640774,127.5,127.5,0.0,70.0,-258.88278933944633,-425.85523105823904,0.0,325.0,-425.85523105823904,-660.3811144323117,323.8214918629554,0.0,1496.5981,hplb
208,0.0,0.0,0.0,0.0,0.0,0.0,0.0,0.0,-0.12325798609723126,0.0,0.0,0.0,0.0,0.0,0.0,0.0,-260.875877189627,391.11744599423383,0.0,0.0,0.0,0.0,0.0,0.0,0.0,277.7634931313456,0.0,0.0,0.0,-392.12970490258965,0.0,0.0,68.11695512414578,0.0,0.0,0.0,0.0,999.5069680556115,0.0,-1000.0,93.93636631053919,0.0,0.0,0.0,0.0,0.0,0.0,0.0,521.751754379254,0.0,0.0,0.0,0.0,0.13558378470690113,0.0,0.0,0.0,24.651597219446252,0.0,0.0,-10.85491997562925,0.0,10.85491997562925,0.0,0.0,0.0,0.0,0.0,0.0,0.0,0.0,1.2325798609723126,0.0,0.0,0.0,0.0,0.0,0.0,0.0,0.0,0.0,0.0,0.0,0.0,73.95479165833876,0.0,0.0,-831.7486422310997,0.0,1.1143338460796428,-0.030814496524307816,0.0,0.0,385.7588079378971,36.97739582916938,0.0,57.39118298462341,-159.38209391839598,778.1683849962523,0.0,0.0,996.9185503475692,-1000.0,0.0,0.0,-69.15904338310548,0.0,1000.0,0.0,0.0,0.0,0.0,0.0,0.0,0.0,0.0,0.0,0.0,0.0,0.0,0.0,0.0,0.0,0.0,-493.23253879202684,0.0,0.0,57.39118298462341,0.0,38.20997569014169,25.147402937565573,0.0,-1000.0,0.0,1000.0,-1000.0,-35.7374901577559,1000.0,-1000.0,35.7374901577559,0.0,0.0,0.0,0.0,0.0,9.490864929486808,0.12325798609723126,0.0,0.0,0.0,332.6810875191551,-1000.0,0.0,0.0,135.7826632030714,0.0,625.0743190086533,0.0,0.0,0.0,0.0,0.0,-113.6708310221085,-113.6708310221085,0.0,0.0,0.0,0.0,0.0,0.0,0.0,-113.54757303601127,0.0,0.0,0.0,860.7354638540706,0.0,0.0,0.0,0.0,0.0,0.0,0.0,0.0,0.0,0.0,-219.32573430919592,0.0,0.0,0.0,0.0,-1000.0,0.0,0.0,0.0,0.0,0.0,0.0,0.0,298.88566615392034,-298.88566615392034,0.0,0.0,0.0,0.0,0.0,0.0,0.0,607.8702950974103,-47.73993300075523,0.0,0.0,0.0,0.0,0.0,0.0,0.0,0.0,0.0,0.0,0.0,0.0,0.0,0.0,637.0358940751915,131.25382771296267,0.0,0.0,0.0,0.0,0.0,0.0,0.0,0.0,0.0,-10.85491997562925,131.25382771296267,0.0,0.0,0.0,0.0,0.0,0.0,0.0,0.0,0.0,0.0,20.41378715545403,0.0,-330.2618748891273,-629.1475410430476,-11.111221697925373,0.0,-131.25382771296267,0.0,0.0,0.0,480.3964467186565,0.0,0.0,0.0,-316.3574982475376,0.0,0.0,207.7933225739195,-629.0156439835293,370.98435601647066,-163.19103344255115,1000.0,0.0,298.88566615392034,0.0,1000.0,0.0,0.0,394.18458708640634,0.0,0.0,0.0,0.0,0.0,0.0,0.0,-113.79408900820573,0.0,0.0,-435.23682718742975,0.0,0.0,0.0,-10.85491997562925,-0.1848869791458469,0.0,0.0,0.0,0.0,0.12325798609723126,0.0,0.0,0.0,942.6088170153766,-260.875877189627,0.0,-810.310016244979,1000.0,0.0,144.88177849544437,0.0,766.3407985644042,0.0,-69.15904338310548,0.0,0.0,0.0,-10.612512602971556,-940.4921341154386,184.76384815400593,-1000.0,-1000.0,0.0,0.0,0.0,0.0,0.0,0.0,0.0,0.0,0.0,0.0,0.0,0.0,0.0,0.0,0.0,0.0,0.0,805.8207205478947,0.0,-194.17927945210533,0.0,0.0,155.41318676606562,808.0275607940564,0.0,0.0,-9.490864929486808,0.0,778.1683849962523,0.0,0.0,990.7556510427077,0.0,0.0,0.0,0.0,940.4921341154386,-206.9999356994728,-6.162899304861563,-350.7307264339278,0.0,0.0,-905.5545052232436,0.0,-3.0814496524307815,0.0,-196.55225833032313,0.0,527.7526041342101,0.0,0.0,57.39118298462341,0.0,0.0,0.0,74.18328893826049,0.0,0.0,0.0,0.0,0.0,0.0,-22.892460055855167,0.0,0.0,0.0,0.0,0.0,607.8702950974103,0.0,0.0,-21.7098399512585,0.0,0.0,6.445770799718231,0.0,0.0,0.0,0.0,-87.67420139027688,0.24651597219423832,0.0,0.0,0.0,0.0,0.0,0.0,0.0,0.0,0.0,0.0,0.0,0.0,0.0,0.0,0.0,0.0,0.0,0.0,0.0,0.13558378470690113,0.13558378470690113,0.0,255.34840278055376,0.0,73.95479165833876,0.0,0.0,0.0,1000.0,0.0,43.75290162426481,0.0,0.0,0.0,689.5996082268979,-1000.0,0.0,0.0,67.42095713432798,0.0,0.0,6.445770799718231,0.0,0.0,0.0,0.0,0.0,0.0,0.0,164.41084626400894,-942.6088170153766,667.3189124808449,0.0,9.490864929486808,0.0,385.7588079378971,0.0,0.0,0.0,689.5996082268979,0.0,-35.13755663862001,637.0629634752411,0.0,0.0,0.0,0.0,0.0,0.0,0.0,0.0,0.0,0.0,0.0,0.0,0.0,0.0,0.0,0.0,73.95479165833876,0.0,0.0,0.0,0.0,0.0,0.0,0.0,0.0,0.0,0.0,0.0,0.0,1.2325798609723126,0.0,0.0,0.0,0.0,0.0,0.0,0.0,0.0,57.39118298462341,-67.42095713432798,0.0,0.0,0.0,0.0,0.0,0.0,0.0,0.0,0.0,-507.03123869942596,1000.0,0.0,36.97739582916938,36.97739582916938,1000.0,-1000.0,0.0,6.445770799718231,0.0,0.0,0.0,0.0,0.0,1000.0,607.8702950974103,710.0279279763427,0.12325798609723126,0.0,0.0,0.0,62.1901671748597,0.0,0.0,-385.7588079378971,0.0,0.0,0.0,0.0,0.0,0.0,0.0,0.0,0.0,0.0,0.0,0.0,0.0,0.0,0.12325798609723126,0.0,0.0,0.0,0.0,0.0,0.0,0.0,0.0,0.0,0.0,924.0907068328311,-135.7826632030714,0.0,-1000.0,-9.244348957292345,0.0,-6.162899304861563,0.0,0.0,0.0,0.0,0.0,0.0,0.0,0.0,0.0,0.0,0.0,0.0,0.0,0.0,0.0,533.9155034390716,0.0,0.0,0.0,-0.12325798609723126,0.0,0.0,0.12325798609723126,0.0,0.12325798609723126,0.0,0.0,0.0,73.95479165833876,150.37474303862214,150.37474303862214,0.0,0.0,0.0,0.0,0.0,0.0,0.0,667.3189124808449,0.0,607.8702950974103,0.0,0.0,0.0,0.0,0.0,0.0,0.0,0.0,0.0,0.0,0.0,0.0,0.0,0.0,0.0,0.0,0.0,0.0,0.0,-277.7634931313456,277.7634931313456,0.1848869791458469,0.0,0.0,0.0,-57.39118298462341,0.0,0.0,0.0,0.0,0.0,-255.34840278055376,6.162899304861563,0.0,0.0,0.0,0.0,0.0,231.3224799332346,-6.162899304861563,0.0,0.0,0.0,0.0,0.0,0.0,0.0,0.0,0.0,67.42095713432798,-899.7551953109189,255.34840278055376,0.0,967.6673152613986,-69.15904338310548,0.0,221.83161500374774,778.1683849962523,-1000.0,135.7826632030714,330.0217036800343,0.0,6.162899304861563,458.2784602222741,0.0,0.0,0.0,-21.7098399512585,0.0,0.0,514.0890564685412,-514.0890564685412,0.0,0.0,0.0,0.0,0.0,210.08138535190358,-9.244348957292573,150.37474303862214,0.0,0.0,0.0,0.0,0.0,0.0,0.0,0.0,0.0,0.0,0.0,0.0,273.8371006951385,-62.1901671748597,225.9524834219569,0.0,36.97739582916938,0.0,0.0,0.0,0.0,259.7905153665546,0.0,0.0,0.13558378470690113,0.0,0.0,0.0,75.18737151931107,0.0,0.0,0.0,0.0,637.0358940751915,0.0,0.0,0.0,0.0,0.0,0.0,0.0,0.0,-399.16972741121117,0.0,0.012325798609723127,0.012325798609723127,0.0,0.0,0.0,0.0,0.0,0.0,0.0,0.0,0.0,0.0,0.0,0.0,0.0,0.0,0.0,255.34840278055376,0.0,0.0,0.0,0.0,0.0,0.0,0.0,0.0,0.0,0.0,0.0,0.0,0.0,1000.0,391.11744599423383,0.0,0.0,0.0,73.95479165833876,0.0,0.0,0.0,0.0,0.0,926.0452083416612,-1000.0,0.0,0.0,0.0,0.0,0.0,0.0,0.0,0.0,0.0,0.0,0.0,0.0,-722.4001731134384,-1000.0,84.43172047660342,-57.39118298462341,0.0,0.0,999.5069680556115,0.0,0.0,0.0,0.0,0.0,0.0,0.0,0.0,0.0,0.0,0.0,0.0,0.0,0.0,0.0,0.0,0.0,-15.407248262153908,0.0,-1000.0,0.0,0.0,0.0,0.0,0.0,0.0,-1.5407248262153908,0.0,157.49250315432988,0.0,0.0,0.0,0.0,0.0,0.0,0.0,987.6277548629042,36.97739582916938,36.97739582916938,0.0,0.0,0.0,0.0,0.0,0.13558378470690113,255.34840278055376,0.0,0.0,-999.5069680556115,0.0,0.0,0.0,0.0,0.0,0.0,0.0,0.0,0.0,0.0,0.0,0.0,0.0,0.0,0.0,0.0,0.0,25.147402937565573,0.0,129.42088540209284,9.490864929486808,0.0,0.0,0.0,0.0,0.0,255.34840278055376,0.0,-235.29138708556496,0.0,0.0,0.0,-15.407248262153908,0.0,0.0,0.0,0.0,0.0,0.0,0.0,0.0,0.0,0.0,0.0,0.0,0.0,0.0,0.0,0.0,0.0,0.0,-0.12325798609723126,0.0,0.0,6.162899304861563,-689.5996082268979,0.0,0.0,0.0,0.0,0.0,0.0,0.0,0.0,10.612512602971556,3.0814496524307815,0.0,0.0,277.7634931313456,0.12325798609723126,0.0,123.25798609723125,-13.062572752576102,24.651597219446252,0.8804141864087948,394.18458708640634,-0.09244348957292345,905.5545052232436,2.4651597219446253,-0.6162899304856637,-394.18458708640634,36.97739582916938,-0.12325798609723126,23.05301446103516,6.445770799718231,0.030814496524307816,0.8804141864087948,-69.15904338310548,-19.622671386678775,-2.4651597219446253,-130.24156880460686,-0.12325798609723126,0.030814496524307816,-394.18458708640634,12.325798609723126,0.12325798609723126,0.12325798609723126,-255.08956100974962,0.1355837847069544,-17.47306974821163,-0.09244348957292345,36.97739582916938,0.12325798609723126,57.39118298462341,-41.2152058931616,-0.06162899304861563,-469.2831624942307,-12.449056595820366,-0.09244348957292345,-0.12325798609723126,-13.062572752576102,0.12325798609723126,12.325798609723126,-2.4651597219446253,0.0,0.0,-12.325798609723126,130.24156880460686,0.0,24.651597219446252,0.1848869791458469,-1000.0,12.325798609723126,-164.41084626400894,6.445770799718231,-24.651597219446252,0.06162899304861563,1.2325798609723126,202.57750406124475,280.0,-0.12325798609723126,-283.08144965243105,255.08956100974962,38.20997569014169,0.12325798609723126,19.622671386678775,-161.87759967241308,6.445770799718231,-0.12325798609723126,-0.030814496524307816,-6.445770799718231,-0.12325798609723126,-87.67420139027688,0.12325798609728811,-0.030814496524307816,-0.030814496524307816,-0.030814496524307816,49.303194438892504,41.2152058931616,1.2325798609723126,126.47648273300256,-0.030814496524307816,382.10199366145434,6.162899304861563,50.0,0.12325798609723126,0.06162899304861563,0.06162899304861563,15.548684009582242,13.062572752576102,0.12325798609723126,-13.062572752576102,1.2325798609723126,0.12325798609723126,-196.79192729943668,0.12325798609723126,0.49303194438846276,0.6162899304856637,0.06162899304861563,0.030814496524307816,36.97739582916938,-0.12325798609723126,17.47306974821163,1.2325798609723126,-252.9529654660051,902.4730555708128,-12.325798609723126,24.651597219446252,6.162899304861563,-0.12325798609723126,69.15904338310548,0.1848869791458469,-0.12325798609723126,-31.09736801916449,13.062572752576102,21.222709259642386,0.06162899304861563,-100.0,-0.12325798609723126,-0.12325798609728811,-0.12325798609723126,0.06162899304861563,394.18458708640634,-24.651597219446252,0.12325798609723126,405.1550081224895,-0.030814496524307816,-0.1355837847069544,-405.1550081224895,18.488697914584687,12.449056595820357,451.6963696198738,394.18458708640634,-0.09244348957292345,283.08144965243105,-280.0,0.12325798609723126,-0.030814496524307816,6.162899304861563,123.25798609723125,-0.06162899304861563,-0.12325798609723126,0.030814496524307816,0.0,0.0,699.9383710069513,70.31544456643412,-255.0,0.0,269.9080098616512,-140.0,0.0,-80.0,-6.783382718746083,-325.0,-300.0,40.0,127.5,3.3916913593730413,0.0,70.0,-255.34840278055376,-281.013224626197,300.0,325.0,-281.013224626197,-269.9080098616512,209.72990546217056,0.0,1496.5981,hplb
209,0.0,0.0,0.0,0.0,0.0,0.0,0.0,0.0,-0.12521670246545863,0.0,0.0,0.0,0.0,0.0,0.0,0.0,-976.2444731062025,1000.0,0.0,252.38960764815926,0.0,0.0,0.0,228.00228572097126,0.0,0.0,0.0,0.0,0.0,0.0,3.8403448300756735,-3.8403448300756735,827.1308380988402,0.0,0.0,0.0,0.0,999.4991331901379,0.0,-1000.0,1000.0,0.0,0.0,113.7483053110051,0.0,0.0,0.0,0.0,183.22577687948058,-719.7959580508274,0.0,0.0,0.0,0.13773837271219136,0.0,0.0,0.0,0.0,0.0,0.0,-12.307532540483592,0.0,276.1042965297694,263.7967639892858,0.0,0.0,0.0,0.0,91.27982244769751,0.0,0.0,1.2521670246545862,0.0,0.0,0.0,0.0,0.0,0.0,0.0,840.0560038577519,0.0,0.0,928.3849256620636,0.0,75.13002147927517,0.0,0.0,162.09355490062444,345.319331780105,0.0,-0.03130417561636466,0.0,0.0,-78.35835601489134,37.565010739637586,0.0,37.565010739637586,-7.872322649464111,0.0,0.0,928.3849256620636,6.260835123272931,0.0,0.0,0.0,0.0,0.0,0.0,0.0,0.0,0.0,0.0,0.0,0.0,0.0,0.0,0.0,0.0,0.0,0.0,0.0,0.0,0.0,0.0,-576.6785309988295,0.0,0.0,37.565010739637586,0.0,38.81717776429217,0.0,0.0,-805.6836130870579,1000.0,-194.31638691294216,194.31638691294216,-106.41625179985476,0.0,0.0,106.41625179985476,0.0,0.0,0.0,0.0,0.0,-918.7432395722233,0.12521670246545863,0.0,0.0,0.0,373.92717134555255,-1000.0,0.0,0.0,0.0,0.0,595.6702850253538,0.0,0.0,0.0,0.0,0.0,813.9442327481013,813.9442327481013,0.0,0.0,0.0,0.0,0.0,0.0,0.0,817.9097942806425,0.0,0.0,0.0,448.11266425497865,0.0,0.0,0.0,0.0,0.0,0.0,0.0,0.0,0.0,0.0,-83.8913884270363,0.0,0.0,0.0,0.0,-1000.0,0.0,0.0,0.0,0.0,0.0,719.7959580508274,0.0,-345.319331780105,345.319331780105,0.0,0.0,0.0,0.0,0.0,0.0,0.0,0.0,148.0714759101799,0.0,0.0,0.0,0.0,0.0,0.0,0.0,0.0,0.0,0.0,0.0,0.0,0.0,65.35262585295854,576.1595096406309,793.0186962267219,0.0,0.0,0.0,0.0,83.67204085160178,0.0,0.0,0.0,0.0,-12.307532540483592,679.2703909157168,3.8403448300756735,0.0,0.0,0.0,0.0,0.0,0.0,0.0,0.0,25.043340493091723,0.0,0.0,-976.4322981599006,-285.79363459969056,0.0,0.0,-793.0186962267219,0.0,0.0,0.0,730.3419253043845,0.0,0.0,0.0,346.63816489025703,0.0,0.0,-195.98085236156066,-1000.0,0.0,804.0191476384392,0.0,1000.0,0.0,0.0,561.7509440879492,719.7959580508274,0.0,265.68255902702776,0.0,0.0,0.0,0.0,0.0,0.0,0.0,1000.0,0.0,0.0,1000.0,0.0,0.0,0.0,-12.307532540483592,-0.18782505369818792,0.0,0.0,0.0,0.0,0.12521670246545863,0.0,0.0,0.0,878.7629484087606,-976.2444731062025,0.0,-637.6845211272373,14.340578378226223,0.0,912.6083512327293,0.0,-102.84323323580355,0.0,0.0,0.0,0.0,0.0,467.4288954424616,-1000.0,635.4143377933419,-355.9347704273497,-1000.0,0.0,0.0,0.0,0.0,0.0,0.0,0.0,0.0,0.0,0.0,0.0,0.0,0.0,0.0,0.0,0.0,0.0,0.0,0.0,-1000.0,0.0,0.0,0.0,0.0,0.0,0.0,922.583584402299,0.0,0.0,0.0,0.0,0.0,908.7201775523025,266.45827199171964,993.739164876727,0.0,0.0,-358.8710692660044,406.8343405323738,-282.22868118781975,-1000.0,-266.45827199171964,-1000.0,673.0338118073371,-3.1304175616364653,-413.09517565564676,0.0,0.0,0.0,0.0,9.888965845149414,37.565010739637586,0.0,0.0,0.0,0.0,0.0,0.0,0.0,-65.35262585295854,65.35262585295854,65.35262585295854,-966.5203525875723,0.0,0.0,-182.34063912428846,0.0,0.0,0.0,0.0,0.0,-24.615065080967184,0.0,0.0,124.95665950690828,0.0,0.0,0.0,0.0,-87.47832975345413,0.2504334049308674,0.0,0.0,0.0,0.0,0.0,0.0,0.0,0.0,0.0,91.27982244769751,0.0,0.0,0.0,0.0,0.0,0.0,0.0,0.0,0.0,0.13773837271219136,0.13773837271219136,3.8403448300756735,320.3092853598668,0.0,75.13002147927517,0.0,0.0,0.0,1000.0,0.0,0.0,0.0,0.0,0.0,-377.32733219093046,-1000.0,0.0,0.0,0.0,0.0,0.0,124.95665950690828,0.0,0.0,0.0,0.0,0.0,0.0,0.0,192.22617699960983,-878.7629484087606,626.0728286544474,0.0,9.641686089840313,0.0,-78.35835601489134,0.0,-83.67204085160178,0.0,-377.32733219093046,0.0,411.761943088781,-876.5676050331656,0.0,0.0,65.35262585295854,0.0,0.0,0.0,0.0,0.0,0.0,0.0,0.0,0.0,0.0,0.0,0.0,0.0,75.13002147927517,0.0,0.0,0.0,0.0,0.0,0.0,0.0,0.0,0.0,0.0,0.0,0.0,1.2521670246545862,0.0,3.8403448300756735,0.0,0.0,3.8403448300756735,0.0,0.0,0.0,37.565010739637586,0.0,0.0,0.0,0.0,0.0,0.0,0.0,0.0,0.0,0.0,1000.0,727.7392385513326,0.0,37.565010739637586,37.565010739637586,762.3059244429935,-1000.0,0.0,124.95665950690828,0.0,0.0,0.0,0.0,0.0,625.2769980586114,0.0,1000.0,0.12521670246545863,0.0,0.0,0.0,165.36654370599027,689.898127223327,0.0,78.35835601489134,0.0,0.0,0.0,0.0,0.0,0.0,0.0,0.0,0.0,0.0,0.0,0.0,0.0,0.0,0.12521670246545863,0.0,0.0,0.0,0.0,0.0,0.0,0.0,0.0,0.0,0.0,922.583584402299,0.0,0.0,-1000.0,-9.391252684909396,0.0,-6.260835123272931,0.0,0.0,0.0,0.0,0.0,0.0,0.0,0.0,0.0,0.0,0.0,0.0,0.0,0.0,0.0,16.14980096842234,0.0,0.0,0.0,-0.12521670246545863,0.0,0.0,0.12521670246545863,0.0,0.12521670246545863,0.0,0.0,0.0,75.13002147927517,152.7643770078595,152.7643770078595,0.0,0.0,0.0,0.0,0.0,0.0,0.0,626.0728286544474,0.0,0.0,0.0,0.0,0.0,478.2100535247378,0.0,0.0,0.0,0.0,0.0,0.0,0.0,0.0,0.0,0.0,0.0,0.0,0.0,83.67204085160178,0.0,0.0,0.0,0.18782505369818792,0.0,0.0,0.0,-37.565010739637586,0.0,0.0,0.0,0.0,0.0,-320.3092853598668,6.260835123272931,0.0,0.0,0.0,0.0,0.0,0.0,-6.260835123272931,0.0,0.0,0.0,0.0,0.0,0.0,0.0,0.0,0.0,0.0,472.74736356121747,254.95665950690827,0.0,926.0294881613557,689.898127223327,0.0,922.583584402299,0.0,-922.583584402299,0.0,577.577548296525,0.0,6.260835123272931,513.3327641977488,0.0,0.0,-3.8403448300756735,-24.615065080967184,0.0,0.0,0.0,0.0,0.0,0.0,0.0,0.0,0.0,65.10888305721743,0.0,152.7643770078595,0.0,-839.9096551699243,-839.9096551699243,843.75,0.0,0.0,0.0,0.0,0.0,0.0,0.0,0.0,348.48304341459504,-256.6463661536878,-1000.0,0.0,37.565010739637586,0.0,0.0,0.0,0.0,150.42930736929435,0.0,0.0,0.13773837271219136,0.0,0.0,0.0,76.38218850392975,0.0,0.0,0.0,0.0,576.1595096406309,0.0,0.0,0.0,0.0,0.0,0.0,0.0,0.0,-494.43322538843955,0.0,833.3032995281085,0.012521670246545862,0.0,0.0,0.0,0.0,0.0,0.0,0.0,0.0,0.0,0.0,3.8403448300756735,0.0,0.0,0.0,0.0,320.3092853598668,0.0,0.0,0.0,0.0,0.0,0.0,0.0,719.7959580508274,0.0,0.0,0.0,0.0,-955.1226175968159,0.0,1000.0,0.0,0.0,0.0,75.13002147927517,0.0,0.0,0.0,0.0,0.0,0.0,-75.13002147927517,0.0,0.0,0.0,0.0,0.0,0.0,0.0,0.0,0.0,3.8403448300756735,3.8403448300756735,0.0,-1000.0,269.3422276312617,563.983494713577,-1000.0,962.4349892603624,0.0,999.4991331901379,0.0,0.0,0.0,0.0,0.0,0.0,0.0,0.0,0.0,0.0,0.0,0.0,0.0,0.0,0.0,0.0,0.0,-15.652087808182326,0.0,-9.391252684909396,468.81880083982844,0.0,0.0,0.0,0.0,0.0,-1.5652087808182327,0.0,24.615065080967184,0.0,0.0,0.0,0.0,0.0,0.0,0.0,1000.0,37.565010739637586,37.565010739637586,0.0,0.0,0.0,0.0,840.0560038577519,0.13773837271219136,320.3092853598668,0.0,0.0,-999.4991331901379,833.2907778578619,0.0,0.0,0.0,0.0,0.0,0.0,0.0,0.0,0.0,0.0,0.0,0.0,0.0,0.0,0.0,0.0,0.0,0.0,131.47753758873154,9.641686089840313,0.0,0.0,0.0,0.0,0.0,320.3092853598668,0.0,-7.872322649464111,0.0,0.0,0.0,-15.652087808182326,0.0,0.0,0.0,0.0,0.0,0.0,0.0,0.0,0.0,0.0,0.0,0.0,0.0,0.0,0.0,0.0,0.0,0.0,-0.12521670246545863,0.0,0.0,6.260835123272931,377.32733219093046,0.0,0.0,0.0,0.0,0.0,0.0,0.0,0.0,-467.4288954424616,3.1304175616364653,0.0,0.0,0.0,0.12521670246545863,0.0,125.21670246545861,-38.81717776429217,25.043340493091723,0.8944050176104187,349.35459987862953,-0.09391252684909396,6.260835123272931,2.5043340493091724,-0.6260835123275683,-349.35459987862953,37.565010739637586,-0.12521670246545863,0.0,124.95665950690828,0.03130417561636466,0.8944050176104187,0.0,-19.934499032501524,1.3360107807664785,-276.14513454195674,-0.12521670246545863,0.03130417561636466,-349.35459987862953,12.521670246545861,0.12521670246545863,0.12521670246545863,-320.04633028468913,0.13773837271196498,-224.7110406289674,-0.09391252684909396,37.565010739637586,0.12521670246545863,37.565010739637586,-62.608351232729305,-0.06260835123272931,-370.9592443963864,-96.3189278006131,-0.09391252684909396,-0.12521670246545863,-38.81717776429217,0.12521670246545863,12.521670246545861,-2.5043340493091724,83.67204085160178,83.67204085160178,-12.521670246545861,276.14513454195674,-83.67204085160178,25.043340493091723,0.18782505369818792,455.4338607951581,12.521670246545861,-192.22617699960983,124.95665950690828,-25.043340493091723,0.06260835123272931,1.2521670246545862,159.42113028180933,280.0,-0.12521670246545863,-348.48304341459504,320.04633028468913,38.81717776429217,0.12521670246545857,19.934499032501524,-25.30338345164205,124.95665950690828,-0.12521670246545863,-0.03130417561636466,-124.95665950690828,-0.12521670246545863,-87.47832975345413,0.12521670246556482,-0.03130417561636466,-0.03130417561636466,-0.03130417561636466,50.086680986183445,62.608351232729305,1.2521670246545862,92.76992443909663,-0.03130417561636466,318.84226056361865,6.260835123272931,50.0,0.12521670246545863,0.06260835123272931,0.06260835123272931,75.0,38.81717776429217,0.12521670246545863,-38.81717776429217,1.2521670246545862,0.12521670246545863,-92.76992443909663,0.12521670246545863,0.5008668098621456,0.6260835123275683,0.06260835123272931,0.03130417561636466,37.565010739637586,-0.12521670246545863,224.7110406289674,-0.6680053903832393,-185.53984887819325,3.130417561636466,-12.521670246545861,25.043340493091723,6.260835123272931,-0.12521670246545863,0.0,0.18782505369818792,-0.12521670246545863,-150.0,38.81717776429217,273.2528665892336,0.06260835123272931,-100.0,-0.12521670246545863,-0.12521670246556482,-0.12521670246545863,0.06260835123272931,349.35459987862953,-25.043340493091723,0.12521670246545863,318.84226056361865,-0.03130417561636466,-0.13773837271196498,-318.84226056361865,18.78250536981879,96.3189278006131,-705.2151603476963,349.35459987862953,-0.09391252684909396,348.48304341459504,-280.0,0.12521670246545863,-0.03130417561636466,6.260835123272931,125.21670246545861,-0.06260835123272931,-0.12521670246545857,0.03130417561636466,563.4073608295375,0.0,-455.49646914639084,0.0,-255.0,0.0,373.75380937318573,-140.0,0.0,-80.0,251.5788848711536,-325.0,0.0,40.0,127.5,-125.7894424355768,0.0,70.0,-320.3092853598668,-423.6821739585279,0.0,325.0,-423.6821739585279,-373.75380937318573,193.26776128914096,0.0,1496.5981,hplb
210,0.0,0.0,0.0,0.0,0.0,0.0,0.0,0.0,-0.07945248885313819,0.0,0.0,0.0,0.0,0.0,0.0,0.0,393.96771114803437,-130.00815362323533,0.0,0.0,0.0,0.0,0.0,2.755828373248164,0.0,360.13112967651455,0.0,0.0,0.0,-120.81564314707623,120.7641161581203,-120.7641161581203,73.92175357454357,0.0,0.0,0.0,0.0,999.6821900445892,0.0,-618.8989646880211,864.544172659835,0.0,0.0,-273.15206800095814,0.0,0.0,0.0,0.0,0.0,-346.15411978470263,0.0,0.0,0.0,0.0873977377385306,0.0,0.0,0.0,15.89049777062764,0.0,0.0,-47.25182123770468,0.0,47.25182123770468,0.0,0.0,0.0,0.0,0.0,985.4363432047326,-985.4363432047326,0.0,0.794524888531382,0.0,0.0,0.0,0.0,0.0,0.0,0.0,0.0,0.0,0.0,0.0,0.0,47.67149331188292,0.0,0.0,644.8235322523816,1000.0,-967.8693097401353,-0.01986312221328455,0.0,0.0,-454.2265516377445,23.83574665594146,0.0,255.26946312757593,-123.32248629918774,0.0,0.0,0.0,3.97262444265691,-453.3954278183995,0.0,0.0,-64.322346421802,0.0,0.0,0.0,0.0,0.0,0.0,0.0,0.0,0.0,0.0,0.0,0.0,0.0,0.0,0.0,0.0,0.0,0.0,-1000.0,0.0,0.0,255.26946312757593,0.0,24.63027154447284,0.0,0.0,-372.2018503399198,0.0,372.2018503399198,-372.2018503399198,0.0,1000.0,-1000.0,0.0,0.0,0.0,0.0,0.0,0.0,6.117841641691637,0.07945248885313819,0.0,0.0,0.0,-1.1399616449346013,0.0,0.0,0.0,0.0,0.0,124.68609750930725,0.0,0.0,0.0,0.0,0.0,201.1136566852618,201.1136566852618,0.0,0.0,0.0,406.25,1000.0,0.0,0.0,321.9572253322352,0.0,0.0,0.0,247.5698716791414,0.0,0.0,0.0,0.0,0.0,0.0,0.0,0.0,0.0,0.0,-850.0197775738375,0.0,0.0,0.0,0.0,-1000.0,0.0,0.0,0.0,0.0,0.0,346.15411978470263,0.0,0.0,0.0,0.0,0.0,0.0,0.0,0.0,0.0,0.0,332.5797846713233,-699.6820972323353,0.0,0.0,0.0,0.0,0.0,0.0,0.0,0.0,0.0,0.0,0.0,0.0,0.0,66.87483284216904,164.3546736578244,-273.15206800095814,0.0,0.0,0.0,0.0,0.0,0.0,0.0,0.0,0.0,-47.25182123770468,0.0,120.7641161581203,0.0,0.0,0.0,0.0,0.0,0.0,0.0,0.0,0.0,231.43371647163448,0.0,-574.0207773253808,425.9792226746192,644.8235322523816,0.0,273.15206800095814,0.0,0.0,0.0,0.0,0.0,0.0,0.0,-21.347671804578113,0.0,0.0,-200.34608459928694,-200.34608459928694,1000.0,-1000.0,1000.0,200.34608459928694,1000.0,0.0,-774.8316858756169,346.15411978470263,0.0,221.67244390025556,0.0,0.0,0.0,0.0,0.0,0.0,0.0,321.7983203545289,0.0,0.0,690.2221079836072,406.25,0.0,0.0,-47.25182123770468,-0.1191787332797073,0.0,0.0,0.0,0.0,0.07945248885313819,0.0,0.0,0.0,744.7305368724241,393.96771114803437,0.0,-321.2286543476834,406.48952957639415,0.0,1000.0,0.0,280.5907978198778,0.0,-64.322346421802,0.0,0.0,0.0,-6.840859290255277,14.563656795267434,-288.31359532489,-655.4206833803383,-1000.0,0.0,0.0,0.0,0.0,0.0,0.0,0.0,0.0,0.0,0.0,0.0,0.0,0.0,0.0,0.0,0.0,0.0,0.0,0.0,-1000.0,0.0,0.0,0.0,0.0,695.451117971422,26.55669633318007,114.64627451642866,0.0,0.0,0.0,326.1545249871835,0.0,0.0,530.198047789969,-491.67925033675704,321.2541691840527,-1000.0,0.0,-3.97262444265691,0.0,-144.82370590304407,-530.198047789969,487.7066258941001,0.0,-323.24048140538116,0.0,757.7255101516384,0.0,0.0,0.0,280.9356669167835,255.26946312757593,-937.5000000000356,937.5000000000356,0.0,271.22183268960646,0.0,0.0,0.0,-66.87483284216904,66.87483284216904,66.87483284216904,32.210015961567905,0.0,0.0,0.0,0.0,0.0,332.5797846713233,0.0,0.0,-94.50364247540936,0.0,0.0,119.81363578741093,0.0,0.0,0.0,0.0,-92.05475111468618,0.15890497770647058,0.0,0.0,0.0,0.0,0.0,0.0,0.0,0.0,0.0,0.0,0.0,0.0,0.0,0.0,0.0,0.0,0.0,0.0,0.0,0.0873977377385306,0.0873977377385306,120.7641161581203,330.9843350715414,0.0,47.67149331188292,0.0,0.0,0.0,1000.0,0.0,0.0,0.0,0.0,0.0,396.91099382371164,-1000.0,0.0,0.0,0.0,0.0,0.0,119.81363578741093,0.0,0.0,0.0,0.0,0.0,0.0,0.0,333.3333333333333,-744.7305368724241,1.1399616449346013,0.0,6.117841641691637,0.0,0.0,-454.2265516377445,-454.2265516377445,0.0,396.91099382371164,0.0,0.0,304.8562427090255,-218.68750000000017,218.68750000000017,66.87483284216904,0.0,0.0,0.0,0.0,0.0,0.0,0.0,0.0,0.0,0.0,0.0,0.0,0.0,47.67149331188292,0.0,0.0,0.0,0.0,0.0,0.0,0.0,0.0,0.0,0.0,0.0,0.0,0.794524888531382,0.0,120.7641161581203,0.0,0.0,120.7641161581203,0.0,0.0,0.0,255.26946312757593,0.0,0.0,0.0,0.0,0.0,0.0,0.0,0.0,0.0,0.0,131.62409839438857,0.0,0.0,23.83574665594146,23.83574665594146,1000.0,-1000.0,0.0,119.81363578741093,0.0,0.0,0.0,0.0,0.0,108.81611119873787,332.5797846713233,144.73127422735956,0.07945248885313819,0.0,0.0,0.0,104.92836188611943,0.0,0.0,454.2265516377445,0.0,0.0,0.0,0.0,0.0,0.0,0.0,0.0,0.0,0.0,0.0,0.0,0.0,0.0,0.07945248885313819,0.0,0.0,0.0,0.0,0.0,0.0,0.0,0.0,0.0,0.0,692.7308822849438,0.0,-578.0846077685152,-1000.0,-5.958936663985365,-3.972624442656909,0.0,0.0,0.0,0.0,0.0,0.0,0.0,0.0,0.0,0.0,0.0,0.0,0.0,0.0,0.0,0.0,284.9082913594404,0.0,0.0,0.0,-0.07945248885313819,0.0,0.0,0.07945248885313819,0.0,0.07945248885313819,0.0,0.0,0.0,47.67149331188292,96.93203640082861,96.93203640082861,0.0,0.0,0.0,0.0,0.0,0.0,0.0,1.1399616449346013,0.0,332.5797846713233,0.0,0.0,0.0,0.0,0.0,0.0,0.0,0.0,0.0,0.0,0.0,0.0,0.0,0.0,0.0,0.0,0.0,0.0,0.0,-1000.0,1000.0,0.1191787332797073,0.0,0.0,0.0,-255.26946312757593,0.0,0.0,0.0,0.0,0.0,-330.9843350715414,3.97262444265691,0.0,0.0,0.0,-406.25,-1000.0,-158.70334805125998,0.0,0.0,0.0,0.0,0.0,0.0,0.0,0.0,0.0,0.0,0.0,0.0,264.10950222937237,0.0,310.24946387430697,-64.322346421802,0.0,-44.05707353483132,578.0846077685152,-534.0275342336839,0.0,-96.93203640082861,0.0,3.97262444265691,691.1999568233912,0.0,0.0,-120.7641161581203,-94.50364247540936,0.0,0.0,0.0,0.0,0.0,0.0,0.0,0.0,0.0,844.0608409098521,-5.958936663985469,96.93203640082861,0.0,-781.25,-781.25,902.0141161581201,0.0,0.0,0.0,0.0,0.0,0.0,0.0,0.0,342.9022083995122,-104.92836188611943,0.0,0.0,23.83574665594146,0.0,0.0,0.0,0.0,-71.48514622168605,0.0,0.0,0.0873977377385306,0.0,0.0,0.0,48.4660182004143,0.0,0.0,0.0,0.0,164.3546736578244,0.0,0.0,0.0,0.0,0.0,0.0,0.0,0.0,0.0,0.0,0.007945248885314046,0.007945248885314046,0.0,0.0,0.0,0.0,0.0,0.0,0.0,0.0,0.0,0.0,120.7641161581203,0.0,0.0,0.0,0.0,330.9843350715414,0.0,0.0,0.0,0.0,0.0,0.0,0.0,346.15411978470263,0.0,0.0,0.0,0.0,0.0,13.103736420451805,-130.00815362323533,0.0,0.0,0.0,47.671493311882955,0.0,0.0,0.0,0.0,0.0,540.4420244580008,-588.1135177698837,0.0,0.0,0.0,0.0,0.0,0.0,0.0,0.0,0.0,120.7641161581203,120.7641161581203,0.0,-144.73127422735956,-1000.0,54.42495486439968,-255.26946312757593,0.0,0.0,999.6821900445892,0.0,0.0,0.0,0.0,0.0,0.0,0.0,0.0,0.0,0.0,0.0,0.0,0.0,0.0,0.0,0.0,0.0,-9.931561106642274,0.0,-5.958936663985365,0.0,0.0,0.0,0.0,0.0,0.0,-0.9931561106642275,0.0,94.50364247540936,0.0,0.0,0.0,0.0,0.0,0.0,0.0,1000.0,23.83574665594146,23.83574665594146,0.0,0.0,0.0,0.0,0.0,0.0873977377385306,330.9843350715414,0.0,0.0,-999.6821900445892,0.0,0.0,0.0,0.0,0.0,0.0,0.0,0.0,0.0,0.0,0.0,0.0,0.0,0.0,319.9344351617427,0.0,0.0,0.0,0.0,83.42511329579511,6.117841641691637,0.0,0.0,0.0,0.0,0.0,330.9843350715414,0.0,31.408237309415323,0.0,0.0,0.0,-9.931561106642274,0.0,0.0,0.0,0.0,0.0,0.0,0.0,0.0,0.0,0.0,0.0,0.0,0.0,0.0,0.0,0.0,0.0,0.0,-0.07945248885313819,0.0,0.0,3.97262444265691,-396.91099382371164,0.0,0.0,0.0,0.0,0.0,0.0,0.0,0.0,6.840859290255277,1.986312221328455,0.0,0.0,360.13112967651455,0.07945248885313819,0.0,79.45248885313819,-24.63027154447284,15.89049777062764,0.5675177775224157,221.67244390025556,-0.05958936663985365,3.972624442656932,1.589049777062764,-0.3972624442639185,-221.67244390025556,23.83574665594146,-0.0794524888531382,21.440782140600664,119.81363578741093,0.01986312221328455,0.5675177775224157,-64.322346421802,-12.648836225415995,119.17506638105738,-263.95955752479904,-0.0794524888531382,0.01986312221328455,-221.67244390025556,7.94524888531382,0.0794524888531382,0.07945248885313819,-330.8174848449498,0.08739773773845225,-37.33181184562574,-0.05958936663985365,23.83574665594146,0.0794524888531382,255.26946312757593,191.7074720450654,-0.0397262444265691,41.29040717992248,-8.024701374166957,-0.05958936663985365,-0.0794524888531382,-24.63027154447284,0.07945248885313819,7.945248885313845,-1.589049777062764,0.0,0.0,-7.94524888531382,263.95955752479904,0.0,15.89049777062764,0.1191787332797073,-526.5507381247578,7.94524888531382,-333.3333333333333,119.81363578741093,-15.89049777062764,0.0397262444265691,0.794524888531382,80.30716358692085,280.0,-0.07945248885313819,-348.86114506349764,330.8174848449498,24.63027154447284,0.0794524888531382,12.648836225415995,-206.9630673079896,119.81363578741093,-0.07945248885313819,-0.01986312221328455,-119.81363578741093,-0.0794524888531382,-92.05475111468618,0.0794524888531382,-0.01986312221328455,-0.01986312221328455,-0.01986312221328455,31.78099554125528,-191.7074720450654,0.794524888531382,58.86436267906549,-0.01986312221328455,139.17354503324103,3.97262444265691,50.0,0.07945248885313819,0.0397262444265691,0.0397262444265691,67.85206677901928,24.63027154447284,0.07945248885313819,-24.63027154447284,0.794524888531382,0.0794524888531382,-58.86436267906549,0.0794524888531382,0.3178099554107803,0.3972624442639185,0.0397262444265691,0.01986312221328455,23.83574665594146,-0.0794524888531382,37.33181184562574,-59.58753319052869,-117.72872535813099,1.9863122213284328,-7.945248885313845,15.89049777062764,3.97262444265691,-0.0794524888531382,64.322346421802,0.1191787332797073,-0.0794524888531382,-135.70413355803856,24.63027154447284,141.49975845397663,0.0397262444265691,-100.0,-0.0794524888531382,-0.0794524888531382,-0.0794524888531382,0.0397262444265691,221.67244390025556,-15.89049777062764,0.07945248885313819,160.6143271738417,-0.01986312221328455,-0.08739773773845225,-160.6143271738417,11.917873327970728,8.024701374166957,-133.96856107265688,221.67244390025556,-0.05958936663985365,348.86114506349764,-280.0,0.0794524888531382,-0.019863122213284547,330.1271494298404,79.45248885313819,-0.0397262444265691,-0.0794524888531382,0.01986312221328455,0.0,0.0,494.3803216204666,0.0,-255.0,0.0,803.8643308009202,-140.0,0.0,-80.0,-255.0,-325.0,-32.13069025986465,40.0,127.5,127.5,0.0,70.0,-330.9843350715414,-70.01461223229057,32.13069025986465,325.0,-70.01461223229057,-803.8643308009202,501.441074611798,0.0,1496.5981,hplb
211,0.0,0.0,0.0,0.0,0.0,0.0,0.0,0.0,-0.11804068114447351,0.0,0.0,0.0,0.0,0.0,0.0,0.0,102.7724952789712,-95.6500510560611,0.0,0.0,0.0,0.0,0.0,473.22576749238476,0.0,0.0,0.0,0.0,0.0,13.478605859232133,50.27696142091697,-50.27696142091697,87.42906726581036,0.0,0.0,0.0,0.0,285.8390677351106,0.0,-1000.0,958.2420477300391,0.0,0.0,0.0,0.0,0.0,0.0,0.0,0.0,0.0,0.0,0.0,0.0,0.12984474925882794,0.0,0.0,0.0,23.608136228894704,0.0,0.0,-5.140096586466903,0.0,101.70415648033025,30.521040273977235,0.0,0.0,0.0,0.0,0.0,495.2871568893404,0.0,1.1804068114447352,0.0,0.0,0.0,0.0,0.0,0.0,0.0,0.0,0.0,0.0,311.76727842586894,0.0,70.82440868668412,0.0,0.0,311.1926566305085,201.29771712862726,-102.59543425725451,-0.02951017028611838,0.0,0.0,112.4780300257828,35.41220434334206,0.0,35.41220434334206,0.0,0.0,0.0,311.76727842586894,290.02855097415414,-86.45961086595656,0.0,0.0,-49.962233680896865,512.8392049182994,0.0,0.0,0.0,0.0,0.0,0.0,0.0,0.0,0.0,0.0,0.0,0.0,0.0,0.0,0.0,0.0,0.0,-874.527952478011,0.0,0.0,35.41220434334206,0.0,36.592611154786795,0.0,0.0,-469.41690377756095,469.41690377756095,0.0,0.0,0.0,1000.0,-1000.0,-66.04301961988612,0.0,0.0,0.0,0.0,0.0,-302.67814597774446,0.11804068114447351,0.0,0.0,0.0,0.0,-747.1819330450102,0.0,0.0,0.0,0.0,406.6234354988744,0.0,0.0,0.0,0.0,0.0,586.4429288334361,586.4429288334361,0.0,0.0,0.0,0.0,-1000.0,0.0,0.0,636.8379309354975,0.0,0.0,0.0,0.0,-119.93385697662939,0.0,0.0,0.0,0.0,0.0,0.0,0.0,0.0,0.0,0.0,0.0,0.0,0.0,0.0,-1000.0,0.0,0.0,0.0,0.0,0.0,0.0,0.0,201.29771712862726,-201.29771712862726,0.0,0.0,0.0,0.0,0.0,0.0,0.0,99.9382167251887,-479.0204932452431,0.0,0.0,0.0,0.0,0.0,0.0,0.0,0.0,0.0,0.0,0.0,0.0,0.0,0.0,181.55900058450015,-116.25110113820334,0.0,0.0,0.0,66.04301961988612,158.07789120440816,0.0,0.0,0.0,0.0,-5.140096586466903,-116.25110113820334,50.27696142091697,0.0,0.0,0.0,0.0,0.0,0.0,0.0,235.3817926860983,0.0,0.0,0.0,0.0,0.0,512.4903737591358,0.0,116.25110113820334,0.0,0.0,66.04301961988612,-223.0953542050005,0.0,0.0,0.0,-92.25947512071996,0.0,0.0,804.0191476384427,0.0,1000.0,-195.98085236155725,1000.0,0.0,402.5954342572545,0.0,-205.5449905579424,0.0,0.0,171.25560918867296,0.0,0.0,0.0,0.0,0.0,0.0,0.0,1000.0,0.0,66.04301961988612,-970.5436608292151,0.0,0.0,0.0,-5.140096586466903,-0.1770610217167103,0.0,0.0,0.0,0.0,0.11804068114447351,0.0,0.0,0.0,571.1281117661515,102.7724952789712,0.0,-435.7603219484172,42.22885357606788,119.93385697662939,801.2193686823897,0.0,1000.0,0.0,-49.962233680896865,0.0,0.0,0.0,677.3891731684234,-677.3891731684234,-1000.0,-1000.0,-1000.0,0.0,0.0,0.0,0.0,0.0,0.0,0.0,0.0,0.0,0.0,0.0,0.0,0.0,0.0,0.0,0.0,0.0,-713.6887695403113,0.0,-1000.0,0.0,0.0,181.30392133232934,0.0,0.0,0.0,117.57331471256316,0.0,0.0,0.0,371.3097991242293,284.1265169169305,1000.0,925.2235524800435,-147.96529251568893,785.2220881419959,-322.61082683157656,-68.9735417354998,0.0,0.0,-217.80405210022542,-925.2235524800435,0.0,397.49997480964805,-788.1731051706078,-5.902034057223676,-1000.0,0.0,386.4128916308491,0.0,0.0,35.41220434334206,0.0,0.0,0.0,457.56517865199265,0.0,0.0,0.0,0.0,0.0,0.0,-549.779561411709,0.0,0.0,-363.3981504267914,0.0,0.0,99.9382167251887,0.0,0.0,-76.32321279281993,0.0,0.0,192.43488339099142,0.0,0.0,0.0,0.0,-88.19593188555265,0.23608136228881618,0.0,0.0,0.0,0.0,0.0,0.0,0.0,0.0,0.0,495.2871568893404,0.0,0.0,0.0,0.0,0.0,0.0,0.0,0.0,0.0,0.12984474925882794,0.12984474925882794,50.27696142091697,184.84670472682896,0.0,70.82440868668412,0.0,0.0,0.0,1000.0,0.0,247.8274184868636,0.0,0.0,0.0,-23.66058590070506,-1000.0,0.0,0.0,0.0,0.0,0.0,192.43488339099142,0.0,0.0,0.0,0.0,0.0,0.0,0.0,291.50931749267033,-571.1281117661515,234.34272812671074,0.0,9.089132448124456,0.0,0.0,112.4780300257828,-45.59986117862536,0.0,-23.66058590070506,0.0,211.12919510807131,-322.985712894329,-656.1875000000007,656.1875000000007,0.0,0.0,0.0,0.0,0.0,0.0,0.0,0.0,0.0,0.0,0.0,0.0,0.0,0.0,70.82440868668412,66.04301961988612,66.04301961988612,0.0,0.0,0.0,0.0,0.0,0.0,0.0,0.0,0.0,0.0,1.1804068114447352,0.0,50.27696142091697,0.0,0.0,50.27696142091697,0.0,0.0,0.0,35.41220434334206,0.0,0.0,0.0,0.0,0.0,0.0,0.0,0.0,0.0,0.0,1000.0,0.0,0.0,35.41220434334206,35.41220434334206,1000.0,-1000.0,0.0,192.43488339099142,0.0,0.0,0.0,0.0,0.0,86.45961086595656,99.9382167251887,80.25637777579374,0.11804068114447351,0.0,0.0,0.0,155.88958240572651,0.0,0.0,-112.4780300257828,0.0,0.0,0.0,0.0,0.0,0.0,0.0,0.0,0.0,0.0,0.0,0.0,0.0,0.0,0.11804068114447351,0.0,0.0,0.0,0.0,0.0,0.0,0.0,0.0,0.0,-592.6476204981169,1000.0,0.0,-108.47514345699062,-286.31123045968866,-8.853051085835514,-5.902034057223676,0.0,0.0,0.0,0.0,0.0,0.0,0.0,0.0,0.0,0.0,0.0,0.0,66.04301961988612,119.93385697662939,0.0,0.0,392.3149256880728,0.0,0.0,0.0,-0.11804068114447351,0.0,0.0,0.11804068114447351,0.0,0.11804068114447351,0.0,0.0,0.0,70.82440868668412,144.0096309962577,144.0096309962577,0.0,0.0,0.0,0.0,0.0,0.0,0.0,234.34272812671074,0.0,99.9382167251887,0.0,0.0,687.5524758149625,0.0,0.0,0.0,0.0,0.0,0.0,0.0,0.0,0.0,0.0,0.0,0.0,0.0,0.0,158.07789120440816,0.0,-129.12464560021496,129.12464560021496,0.1770610217167103,0.0,0.0,0.0,-35.41220434334206,0.0,0.0,0.0,0.0,0.0,-184.84670472682896,5.902034057223676,0.0,0.0,0.0,0.0,1000.0,-824.5981127248943,0.0,0.0,0.0,0.0,0.0,0.0,0.0,0.0,66.04301961988612,0.0,0.0,0.0,184.84670472682896,0.0,535.734591897816,-49.962233680896865,0.0,-114.3771775142143,108.47514345699062,5.902034057223676,0.0,-367.10498520125816,0.0,5.902034057223676,541.223088663889,0.0,0.0,-50.27696142091697,-76.32321279281993,0.0,0.0,0.0,0.0,0.0,0.0,0.0,0.0,0.0,-17.706102171670697,0.0,144.0096309962577,0.0,0.0,0.0,50.27696142091697,0.0,0.0,0.0,0.0,0.0,235.3817926860983,0.0,0.0,211.40585798433517,-651.1767392950669,0.0,0.0,35.41220434334206,0.0,0.0,0.0,0.0,-40.002441267353845,0.0,0.0,0.12984474925882794,0.0,0.0,0.0,72.00481549812885,0.0,0.0,0.0,0.0,181.55900058450015,0.0,512.8392049182994,0.0,0.0,0.0,0.0,0.0,0.0,-681.2600694498254,0.0,0.011804068114447688,0.011804068114447688,0.0,0.0,0.0,0.0,0.0,0.0,0.0,0.0,0.0,0.0,50.27696142091697,0.0,0.0,0.0,0.0,184.84670472682896,0.0,0.0,0.0,0.0,0.0,0.0,0.0,0.0,0.0,0.0,0.0,0.0,0.0,0.0,-95.6500510560611,0.0,0.0,0.0,70.82440868668411,0.0,0.0,0.0,0.0,0.0,895.0009871299037,-965.8253958165878,0.0,0.0,0.0,0.0,0.0,0.0,0.0,0.0,0.0,50.27696142091697,50.27696142091697,0.0,-80.25637777579374,-1000.0,768.4103423989268,-35.41220434334206,0.0,0.0,285.8390677351106,0.0,0.0,0.0,0.0,0.0,0.0,0.0,0.0,0.0,0.0,0.0,0.0,0.0,0.0,0.0,0.0,0.0,-14.755085143059189,66.04301961988612,-292.97956800276603,678.6994247291273,0.0,0.0,0.0,0.0,0.0,0.0,-1.4755085143059192,76.32321279281993,0.0,0.0,0.0,0.0,0.0,0.0,0.0,1000.0,35.41220434334206,35.41220434334206,0.0,0.0,0.0,0.0,0.0,0.12984474925882794,184.84670472682896,0.0,0.0,-285.8390677351106,0.0,0.0,0.0,0.0,0.0,0.0,0.0,0.0,0.0,0.0,0.0,0.0,0.0,0.0,64.56232280010748,0.0,0.0,0.0,0.0,123.94271520169721,9.089132448124456,0.0,0.0,0.0,0.0,0.0,184.84670472682896,0.0,1000.0,0.0,0.0,0.0,-14.755085143059189,0.0,0.0,0.0,0.0,0.0,0.0,0.0,0.0,0.0,0.0,0.0,0.0,0.0,0.0,0.0,0.0,0.0,0.0,-0.11804068114447351,0.0,0.0,5.902034057223676,23.66058590070506,0.0,0.0,0.0,0.0,66.04301961988612,0.0,0.0,0.0,-677.3891731684234,2.951017028611838,0.0,0.0,0.0,0.11804068114447351,0.0,118.04068114447351,-36.592611154786795,23.608136228894708,0.8431477224605252,329.3335003930812,-0.08853051085835514,147.96529251568893,2.3608136228894705,-0.5902034057225573,-329.3335003930812,35.41220434334206,-0.11804068114447352,16.654077893632287,192.43488339099142,0.02951017028611838,0.8431477224605252,-49.962233680896865,-18.792076438200084,47.916147798027495,-7.122444222910104,-0.11804068114447352,0.02951017028611838,-329.3335003930812,11.804068114447352,0.11804068114447352,0.11804068114447351,-184.59881929642566,0.1298447492589212,-75.70053178956925,-0.08853051085835514,35.41220434334206,0.11804068114447352,35.41220434334206,-59.02034057223676,-0.05902034057223676,-230.99843634751142,-170.0,-0.08853051085835514,-0.11804068114447352,-36.592611154786795,0.11804068114447351,11.804068114447352,-2.3608136228894705,158.07789120440816,158.07789120440816,-11.804068114447352,7.122444222910104,-158.07789120440816,23.608136228894704,0.1770610217167103,-396.06524766864237,11.804068114447352,-291.50931749267033,192.43488339099142,-23.608136228894704,0.05902034057223676,1.1804068114447352,108.9400804871043,208.45484095572365,-0.11804068114447351,-211.40585798433517,184.59881929642566,36.592611154786795,0.11804068114447352,18.792076438200084,50.786066017623476,192.43488339099142,-0.11804068114447351,-0.02951017028611838,-192.43488339099142,-0.11804068114447352,-601.0351368038521,0.11804068114447352,-0.02951017028611838,-0.02951017028611838,-0.02951017028611838,47.21627245778941,59.02034057223676,1.1804068114447352,87.45338964291184,-0.02951017028611838,201.2260830805763,5.902034057223676,50.0,0.11804068114447351,0.05902034057223676,0.05902034057223676,75.0,36.592611154786795,0.11804068114447351,-36.592611154786795,1.1804068114447352,0.11804068114447352,-87.45338964291184,0.11804068114447352,0.47216272457811215,0.5902034057225573,0.05902034057223676,0.02951017028611838,35.41220434334206,-0.11804068114447352,75.70053178956925,-23.958073899013748,-174.9067792858237,145.0142754870771,-11.804068114447352,23.608136228894704,5.902034057223676,-0.11804068114447352,49.962233680896865,0.1770610217167103,-0.11804068114447352,-150.0,36.592611154786795,291.97237857545144,0.05902034057223676,-100.0,-0.11804068114447352,-0.11804068114447352,-0.11804068114447352,0.05902034057223676,329.3335003930812,-23.608136228894704,0.11804068114447351,217.8801609742086,-0.02951017028611838,-0.1298447492589212,-217.8801609742086,17.706102171671027,170.0,50.544051710808915,329.3335003930812,-0.08853051085835514,211.40585798433517,-208.45484095572365,0.11804068114447352,-0.02951017028611838,377.21183318145296,118.04068114447351,-0.05902034057223676,-0.11804068114447352,0.02951017028611838,0.0,0.0,96.00622732807014,0.0,-255.0,0.0,288.0155157847486,-140.0,0.0,-80.0,118.5684802117185,-325.0,-300.0,40.0,127.5,-59.28424010585925,0.0,70.0,-184.84670472682896,-251.9699373080976,300.0,325.0,-251.9699373080976,-288.0155157847486,112.71269082633887,0.0,1496.5981,hplb
212,0.0,0.0,0.0,0.0,0.0,0.0,0.0,0.0,393.9507776249562,0.0,0.0,0.0,0.0,0.0,0.0,0.0,-1000.0,733.8759985157877,0.0,566.1240014842123,0.0,0.0,0.0,164.88094830854,0.0,0.0,0.0,0.0,0.0,-222.20320012900208,0.0,0.0,38.00023485375432,0.0,0.0,0.0,0.0,719.9426400703205,0.0,-1000.0,1000.0,0.0,0.0,222.20320012900208,0.0,0.0,0.0,0.0,1000.0,-963.1808628354246,0.0,0.0,0.0,0.09617938906846035,0.0,0.0,0.0,0.0,0.0,0.0,-7.700180179370876,0.0,7.700180179370876,0.0,0.0,0.0,0.0,0.0,0.0,0.0,0.0,0.8743580824417553,0.0,0.0,0.0,0.0,0.0,0.0,0.0,0.0,0.0,0.0,0.0,0.0,52.461484946505315,0.0,0.0,16.05842462802914,850.0655768561832,300.0,-0.021858952061043883,0.0,0.0,0.0,26.230742473252658,0.0,26.230742473252658,-735.2555646208181,0.0,0.0,0.0,4.371790412208776,-794.8058974143839,0.0,0.0,-64.62832701466839,0.0,0.0,0.0,0.0,0.0,0.0,0.0,0.0,0.0,0.0,0.0,0.0,0.0,0.0,0.0,0.0,0.0,0.0,-418.91048009821816,0.0,0.0,26.230742473252658,0.0,27.10510055569441,27.10510055569441,0.0,-372.5556969329623,-218.75000000000367,591.3056969329659,-591.3056969329659,0.0,0.0,0.0,0.0,0.0,0.0,0.0,0.0,0.0,6.73255723480148,0.08743580824417553,0.0,0.0,0.0,-1000.0,550.6961058486119,0.0,0.0,0.0,0.0,495.05067786311844,0.0,0.0,0.0,0.0,0.0,85.37499323009804,85.37499323009804,0.0,0.0,0.0,0.0,0.0,0.0,0.0,85.46242903834222,0.0,0.0,0.0,-831.5145322200711,-52.66879655507241,0.0,0.0,0.0,0.0,0.0,0.0,0.0,0.0,0.0,0.0,0.0,0.0,0.0,0.0,-1000.0,0.0,0.0,0.0,0.0,0.0,963.1808628354246,0.0,-850.0655768561832,850.0655768561832,0.0,0.0,0.0,0.0,0.0,0.0,0.0,572.6026972853819,-254.11274352796892,0.0,0.0,0.0,0.0,0.0,0.0,0.0,0.0,0.0,0.0,0.0,0.0,0.0,777.2341961466426,384.2782174490584,222.20320012900208,0.0,0.0,0.0,0.0,37.64505977797229,0.0,0.0,0.0,0.0,-7.700180179370876,0.0,0.0,0.0,0.0,0.0,0.0,0.0,0.0,0.0,2.0282316626764896,17.487161648835105,0.0,0.0,-700.1311537123663,1000.0,165.99284777184596,0.0,-222.20320012900208,0.0,0.0,0.0,-15.40036035874175,0.0,0.0,0.0,186.47701056747883,0.0,0.0,0.0,0.0,0.0,0.0,0.0,0.0,0.0,0.0,-566.1240014842123,963.1808628354246,0.0,260.5110463346662,0.0,0.0,0.0,0.0,0.0,0.0,0.0,1000.0,0.0,0.0,-281.09601076466504,0.0,0.0,0.0,-7.700180179370876,-0.13115371236626328,0.0,0.0,0.0,0.0,0.08743580824417553,0.0,0.0,0.0,934.0959660860985,-1000.0,0.0,-918.1059420966416,1000.0,52.66879655507241,969.183804964196,0.0,-353.9187459430243,0.0,-64.62832701466839,0.0,0.0,0.0,53.147062695257375,382.11492508263746,-81.34324183487053,-1000.0,-1000.0,0.0,0.0,0.0,0.0,0.0,0.0,0.0,0.0,0.0,0.0,0.0,0.0,0.0,0.0,0.0,0.0,0.0,0.0,0.0,-1000.0,0.0,279.7076166967021,734.4683632580313,0.0,812.4451116881402,0.0,-8.760788897477969,0.0,0.0,0.0,0.0,0.0,617.8850749173625,0.0,0.0,0.0,-1000.0,0.0,-258.68577247935457,0.0,-97.0643597509926,0.0,-4.371790412208776,1000.0,-2.185895206104388,254.3139820671458,-306.8294592018723,0.0,515.7694219266679,106.72928106412303,0.0,26.230742473252658,0.0,0.0,0.0,121.38330041130705,0.0,394.0382134332003,0.0,-777.2341961466426,777.2341961466426,777.2341961466426,180.75786495452627,0.0,0.0,-914.7124425781461,0.0,0.0,572.6026972853819,0.0,0.0,-15.400360358741752,0.0,0.0,57.04693750905661,0.0,0.0,0.0,0.0,-91.25641917558245,0.17487161648836036,0.0,0.0,0.0,0.0,0.0,0.0,0.0,0.0,0.0,0.0,0.0,0.0,0.0,0.0,0.0,0.0,0.0,0.0,0.0,0.09617938906846035,0.09617938906846035,0.0,505.85479530244294,0.0,52.461484946505315,0.0,0.0,0.0,1000.0,0.0,0.0,0.0,0.0,0.0,847.162691645555,-1000.0,0.0,0.0,0.0,0.0,0.0,57.04693750905661,0.0,0.0,0.0,0.0,0.0,0.0,0.0,139.63682669940604,-934.0959660860985,449.30389415138814,0.0,6.73255723480148,0.0,-815.9063631726378,815.9063631726378,778.2613033946656,0.0,847.162691645555,0.0,755.9062724699726,0.0,0.0,0.0,777.2341961466426,0.0,0.0,0.0,0.0,0.0,0.0,0.0,0.0,0.0,0.0,0.0,0.0,0.0,52.461484946505315,0.0,0.0,0.0,0.0,0.0,0.0,0.0,0.0,0.0,0.0,0.0,0.0,0.8743580824417553,0.0,0.0,0.0,0.0,0.0,0.0,0.0,0.0,26.230742473252658,0.0,0.0,0.0,0.0,0.0,0.0,0.0,0.0,0.0,0.0,236.56148782462003,127.11372099695899,0.0,26.230742473252658,26.230742473252658,1000.0,-1000.0,0.0,57.04693750905661,0.0,0.0,0.0,0.0,0.0,794.8058974143839,572.6026972853819,1000.0,0.08743580824417553,0.0,0.0,0.0,7.051073393405298,0.0,0.0,0.0,0.0,0.0,0.0,0.0,0.0,0.0,0.0,0.0,0.0,0.0,0.0,0.0,0.0,0.0,0.08743580824417553,0.0,0.0,0.0,0.0,0.0,0.0,0.0,0.0,279.7076166967021,-13.919780672473426,739.6273550330268,0.0,0.0,-1000.0,-6.557685618313164,-4.371790412208776,0.0,0.0,-343.75000000000006,-343.75000000000006,343.75000000000006,0.0,0.0,0.0,0.0,0.0,0.0,0.0,0.0,52.66879655507241,0.0,0.0,520.1412123388766,0.0,0.0,0.0,393.9507776249562,0.0,0.0,0.08743580824417553,0.0,0.08743580824417553,0.0,0.0,0.0,52.461484946505315,106.67168605789414,106.67168605789414,0.0,0.0,0.0,0.0,0.0,0.0,0.0,449.30389415138814,0.0,572.6026972853819,0.0,0.0,60.67528578508075,0.0,0.0,0.0,0.0,0.0,0.0,0.0,0.0,0.0,0.0,0.0,0.0,0.0,0.0,37.64505977797229,0.0,0.0,0.0,0.13115371236626328,0.0,0.0,0.0,-26.230742473252658,0.0,0.0,0.0,0.0,0.0,-505.85479530244294,4.371790412208776,0.0,0.0,0.0,0.0,0.0,-5.158991774995457,0.0,0.0,0.0,0.0,0.0,0.0,0.0,0.0,0.0,0.0,0.0,0.0,-271.3794008441998,0.0,756.816732502553,-64.62832701466839,0.0,0.0,0.0,0.0,0.0,-122.07204641663589,0.0,4.371790412208776,1000.0,0.0,0.0,0.0,-15.400360358741752,0.0,0.0,0.0,0.0,0.0,0.0,0.0,0.0,0.0,512.4124809207561,-525.5278521573823,106.67168605789414,0.0,0.0,0.0,0.0,0.0,0.0,0.0,0.0,0.0,2.0282316626764896,0.0,0.0,0.0,-7.051073393405298,-550.6039072206426,0.0,26.230742473252658,0.0,0.0,0.0,0.0,207.68412011678674,0.0,0.0,0.09617938906846035,0.0,0.0,0.0,53.33584302894707,0.0,0.0,0.0,0.0,384.2782174490584,0.0,0.0,0.0,0.0,0.0,0.0,0.0,0.0,-10.521389619701154,0.0,0.008743580824417552,0.008743580824417552,0.0,0.0,0.0,0.0,0.0,0.0,0.0,0.0,0.0,0.0,0.0,0.0,0.0,0.0,0.0,505.85479530244294,0.0,0.0,0.0,0.0,0.0,0.0,0.0,963.1808628354246,0.0,0.0,0.0,0.0,0.0,-1000.0,733.8759985157877,0.0,0.0,0.0,52.461484946505315,0.0,0.0,0.0,0.0,0.0,0.0,-52.461484946505315,0.0,0.0,0.0,0.0,0.0,0.0,0.0,0.0,0.0,0.0,0.0,0.0,-1000.0,-1000.0,120.56881443234101,-1000.0,973.7692575267473,0.0,999.6502567670226,0.0,0.0,0.0,0.0,0.0,0.0,0.0,0.0,0.0,828.125,0.0,-828.125,-828.125,0.0,0.0,0.0,0.0,-10.92947603052194,0.0,-6.557685618313164,579.64545232415,0.0,0.0,0.0,0.0,0.0,-1.092947603052194,0.0,15.400360358741752,0.0,0.0,0.0,0.0,0.0,0.0,0.0,1000.0,26.230742473252658,26.230742473252658,0.0,0.0,0.0,0.0,0.0,0.09617938906846035,505.85479530244294,0.0,0.0,-999.6502567670226,0.0,0.0,0.0,0.0,0.0,0.0,0.0,0.0,0.0,0.0,0.0,0.0,0.0,0.0,0.0,0.0,0.0,27.10510055569441,0.0,91.8075986563843,6.73255723480148,0.0,0.0,0.0,0.0,0.0,505.85479530244294,0.0,0.0,0.0,0.0,0.0,-10.92947603052194,0.0,0.0,0.0,0.0,0.0,0.0,0.0,0.0,0.0,0.0,0.0,0.0,0.0,0.0,0.0,0.0,0.0,0.0,-0.08743580824417553,0.0,0.0,4.371790412208776,-847.162691645555,0.0,0.0,0.0,0.0,0.0,0.0,0.0,0.0,-53.147062695257375,2.185895206104388,0.0,0.0,0.0,0.08743580824417553,0.0,87.43580824417552,0.0,17.487161648835105,0.6245414874583967,298.1561061126385,-0.06557685618313164,4.371790412208776,1.7487161648835106,-0.43717904122157836,-298.1561061126385,26.230742473252658,-0.08743580824417553,21.54277567155613,57.04693750905661,0.021858952061043883,0.6245414874583967,-64.62832701466839,-13.919780672473426,-1.7487161648835106,-300.0,-0.08743580824417549,0.021858952061043883,-298.1561061126385,8.743580824417553,0.08743580824417553,0.08743580824417553,-505.6711801051303,0.09617938906859308,0.0,-0.06557685618313164,26.230742473252658,0.08743580824417553,26.230742473252658,-43.71790412208776,-0.043717904122087765,-365.7940238337817,-46.47607641063402,-0.06557685618313164,-0.08743580824417553,0.0,0.08743580824417553,8.743580824417553,-1.7487161648835106,37.64505977797229,37.64505977797229,-8.743580824417553,300.0,-37.64505977797229,17.487161648835105,0.13115371236626328,-472.09151988761766,8.743580824417553,-139.63682669940604,57.04693750905661,-17.487161648835105,0.043717904122087765,0.8743580824417553,229.5264855241604,-253.89223919536468,-0.08743580824417553,-525.5278521573823,505.6711801051303,27.10510055569441,0.08743580824417553,13.919780672473426,-47.876032383953984,57.04693750905661,-0.08743580824417553,-0.021858952061043883,-57.04693750905661,-0.08743580824417553,-91.25641917558245,0.08743580824417553,-0.021858952061043883,-0.021858952061043883,-0.021858952061043883,34.97432329767021,43.71790412208776,0.8743580824417553,64.77900443290633,-0.021858952061043883,437.51019537676467,4.371790412208776,50.0,0.08743580824417553,0.043717904122087765,0.043717904122087765,37.26704957894586,0.0,0.08743580824417553,0.0,0.8743580824417553,0.08743580824417553,-64.77900443290633,0.08743580824417553,0.34974323297740284,0.43717904122157836,0.043717904122087765,0.021858952061043883,26.230742473252658,-0.08743580824417553,0.0,0.8743580824417553,-129.55800886581267,2.185895206104388,-8.743580824417553,17.487161648835105,4.371790412208776,-0.08743580824417553,64.62832701466839,0.13115371236626328,-0.08743580824417553,-74.53409915789172,0.0,-32.29494825817102,0.043717904122087765,-100.0,-0.08743580824417553,-0.08743580824417553,-0.08743580824417553,0.043717904122087765,298.1561061126385,-17.487161648835105,0.08743580824417553,459.0529710483208,-0.021858952061043883,-0.09617938906859308,-459.0529710483208,13.115371236626327,46.47607641063402,-92.91247549402408,298.1561061126385,-0.06557685618313164,525.5278521573823,253.89223919536468,0.08743580824417549,-0.021858952061043886,4.371790412208776,87.43580824417552,-0.043717904122087765,-0.08743580824417553,0.021858952061043883,0.0,0.0,172.0478019834956,0.0,-255.0,0.0,578.7192275905949,-104.56089323061884,0.0,-80.0,-255.0,-325.0,-300.0,40.0,127.5,127.5,0.0,52.28044661530942,-505.85479530244294,-175.38917185861573,300.0,325.0,-175.38917185861573,-578.7192275905949,308.92583957506565,0.0,1496.5981,hplb
213,0.0,0.0,0.0,0.0,0.0,0.0,0.0,0.0,-0.15386396888879192,0.0,0.0,0.0,0.0,0.0,0.0,0.0,-58.40744183252642,139.38589382477593,0.0,0.0,0.0,0.0,0.0,1000.0,0.0,0.0,0.0,0.0,0.0,133.2752436360276,0.0,0.0,136.59960628755738,0.0,0.0,0.0,0.0,999.3845441244442,0.0,-707.4037508668166,1000.0,0.0,-934.8288841954226,-9.696685998923755,0.0,0.0,0.0,0.0,0.0,0.0,0.0,1000.0,0.0,0.16925036577798136,0.0,0.0,0.0,30.772793777758384,0.0,0.0,-13.550286860140545,0.0,750.8040434054459,737.2537565453054,0.0,0.0,0.0,0.0,1000.0,-1000.0,0.0,1.5386396888879192,0.0,0.0,0.0,0.0,0.0,0.0,0.0,0.0,0.0,0.0,116.2511855065475,0.0,92.31838133327506,0.0,0.0,1000.0,1000.0,122.76774714559737,-0.03846599222219798,0.0,0.0,0.0,46.15919066663758,0.0,46.15919066663758,-315.35443326539473,0.0,0.0,116.2511855065475,7.693198444439595,-325.6872943458514,0.0,0.0,0.0,898.6751722962227,0.0,0.0,0.0,0.0,0.0,0.0,0.0,0.0,0.0,0.0,0.0,0.0,0.0,0.0,0.0,0.0,0.0,-678.8765622828362,0.0,0.0,46.15919066663758,0.0,47.69783035552549,0.0,0.0,-219.7327277468654,219.7327277468654,0.0,0.0,0.0,0.0,0.0,0.0,0.0,0.0,0.0,0.0,0.0,-104.40365990211049,0.15386396888879192,0.0,0.0,0.0,0.0,-898.6751722962227,0.0,0.0,0.0,0.0,939.5879220758858,0.0,0.0,0.0,0.0,0.0,318.78891004059415,318.78891004059415,0.0,0.0,0.0,0.0,-781.2591766649697,0.0,0.0,318.94277400948295,0.0,0.0,0.0,-180.11174027899378,-31.559978305720488,0.0,0.0,0.0,0.0,0.0,0.0,0.0,0.0,0.0,-594.7256351038943,0.0,0.0,0.0,0.0,-1000.0,0.0,0.0,0.0,0.0,0.0,0.0,-65.17111580457743,-822.7677471455974,822.7677471455974,0.0,0.0,0.0,0.0,0.0,0.0,0.0,458.962537981879,-725.0057898888574,0.0,0.0,0.0,0.0,0.0,0.0,0.0,0.0,0.0,0.0,0.0,0.0,0.0,0.0,-38.45441244448323,-9.696685998923755,0.0,0.0,0.0,0.0,103.54776789225431,0.0,0.0,0.0,0.0,-13.550286860140545,0.0,0.0,0.0,388.36854775044577,0.0,0.0,0.0,0.0,0.0,566.90129877576,0.0,0.0,0.0,64.12950935973777,952.0683723099125,112.06113704982522,0.0,9.696685998923755,0.0,0.0,0.0,-812.2859579556739,0.0,0.0,0.0,-244.9881926554487,0.0,0.0,-295.0243649980915,0.0,1000.0,-509.05267979792075,214.02831479982922,785.9716852001708,177.23225285440265,0.0,-683.3818533208214,0.0,0.0,325.732705307475,0.0,0.0,0.0,-7.875433611037579,0.0,7.875433611037579,0.0,1000.0,0.0,0.0,-504.0420263653499,0.0,0.0,0.0,-13.550286860140545,-0.23079595333318786,0.0,0.0,0.0,0.0,0.15386396888879192,0.0,0.0,0.0,283.39174266534815,-58.40744183252642,0.0,-853.1665954911274,567.527754697836,31.559978305720488,969.1684396219601,0.0,166.94881227813835,0.0,0.0,0.0,0.0,0.0,833.0511877218617,0.0,-1000.0,-1000.0,-1000.0,0.0,0.0,0.0,0.0,0.0,0.0,0.0,0.0,0.0,0.0,0.0,0.0,0.0,0.0,0.0,0.0,388.36854775044577,0.0,0.0,-1000.0,0.0,0.0,877.3013122429334,0.0,0.0,77.4989046019403,-462.4976388736495,0.0,0.0,0.0,0.0,0.0,-1000.0,0.0,-847.5526903606992,-1000.0,0.0,0.0,0.0,0.0,-53.47670955194526,0.0,839.8594919162596,-780.3883877097552,996.1534007777802,-7.693198444439595,0.0,0.0,183.2687226189085,1000.0,175.68223558525585,46.15919066663758,62.50000000000006,-62.50000000000006,0.0,0.0,0.0,0.0,489.48213975863615,489.48213975863615,-489.48213975863615,-489.48213975863615,224.22720622224162,0.0,0.0,-681.3649539282947,0.0,0.0,458.962537981879,0.0,0.0,-27.10057372028109,0.0,0.0,76.99075104467748,0.0,0.0,0.0,0.0,-84.61360311112081,0.30772793777759944,0.0,0.0,0.0,0.0,0.0,0.0,0.0,0.0,0.0,0.0,0.0,0.0,0.0,0.0,0.0,0.0,0.0,0.0,0.0,0.16925036577798136,0.16925036577798136,0.0,249.22720622224162,0.0,92.31838133327506,0.0,0.0,0.0,1000.0,0.0,0.0,0.0,0.0,0.0,938.2370694051114,-1000.0,0.0,0.0,0.0,0.0,0.0,76.99075104467748,0.0,0.0,0.0,0.0,0.0,0.0,0.0,226.29218742761208,-283.39174266534815,0.0,0.0,11.84752560443701,0.0,360.5681951967905,-360.5681951967905,-464.1159630890449,0.0,938.2370694051114,0.0,0.0,853.6234662939905,0.0,0.0,0.0,0.0,0.0,0.0,0.0,0.0,0.0,0.0,0.0,0.0,0.0,0.0,0.0,0.0,92.31838133327516,0.0,0.0,0.0,0.0,0.0,0.0,0.0,0.0,0.0,0.0,0.0,0.0,1.5386396888879192,0.0,0.0,0.0,0.0,0.0,-65.17111580457743,0.0,0.0,46.15919066663758,0.0,0.0,0.0,0.0,0.0,0.0,0.0,0.0,0.0,0.0,215.2556924754199,31.03405211902235,0.0,46.15919066663758,46.15919066663758,1000.0,-1000.0,0.0,76.99075104467748,0.0,0.0,0.0,0.0,0.0,325.6872943458514,458.962537981879,113.63624863053101,0.15386396888879192,0.0,0.0,203.1993514846338,0.0,0.0,0.0,0.0,0.0,0.0,0.0,0.0,0.0,0.0,0.0,0.0,0.0,0.0,0.0,0.0,0.0,0.0,0.15386396888879192,0.0,0.0,0.0,-1000.0,1000.0,0.0,0.0,0.0,0.0,-462.4976388736495,877.3013122429334,0.0,0.0,-1000.0,-11.539797666659396,-7.693198444439602,0.0,0.0,-156.25,-156.25,156.25,0.0,0.0,0.0,0.0,0.0,0.0,0.0,0.0,31.559978305720488,0.0,0.0,366.64415664860394,0.0,0.0,0.0,-0.15386396888879192,0.0,0.0,0.15386396888879192,0.0,0.15386396888879192,0.0,0.0,0.0,92.31838133327506,187.7140420443261,187.7140420443261,0.0,0.0,0.0,0.0,0.0,0.0,0.0,0.0,0.0,458.962537981879,0.0,0.0,0.0,846.298875443187,0.0,0.0,0.0,0.0,0.0,0.0,0.0,0.0,0.0,0.0,0.0,0.0,0.0,103.54776789225431,0.0,-209.01575107238153,209.01575107238153,0.23079595333318786,0.0,0.0,0.0,-46.15919066663758,0.0,0.0,0.0,0.0,0.0,-249.22720622224162,7.693198444439595,0.0,0.0,0.0,0.0,781.2591766649697,0.0,0.0,0.0,0.0,0.0,0.0,0.0,0.0,0.0,0.0,0.0,0.0,0.0,249.22720622224162,0.0,294.2272062222416,0.0,0.0,0.0,0.0,0.0,0.0,-1000.0,0.0,7.693198444439602,790.3608462672685,0.0,0.0,0.0,-27.10057372028109,0.0,0.0,0.0,0.0,0.0,0.0,0.0,0.0,0.0,736.8869619940479,-165.24092222347252,187.7140420443261,0.0,-284.9599040964748,-284.9599040964748,284.9599040964748,0.0,0.0,0.0,0.0,0.0,566.90129877576,0.0,0.0,118.60567699874741,-203.1993514846338,0.0,-934.8288841954226,46.15919066663758,0.0,0.0,0.0,0.0,220.74437522600243,0.0,0.0,0.16925036577798136,0.0,0.0,0.0,93.85702102216307,0.0,0.0,0.0,0.0,-38.45441244448323,0.0,898.6751722962227,0.0,0.0,0.0,0.0,0.0,0.0,0.0,0.0,0.015386396888879439,0.015386396888879439,0.0,0.0,0.0,0.0,0.0,0.0,0.0,0.0,0.0,203.1993514846338,0.0,0.0,0.0,0.0,0.0,249.22720622224162,0.0,0.0,0.0,0.0,0.0,0.0,0.0,0.0,0.0,0.0,0.0,0.0,-865.3678527904517,0.0,139.38589382477593,0.0,0.0,0.0,92.31838133327506,0.0,0.0,0.0,0.0,0.0,907.681618666725,-1000.0,0.0,0.0,0.0,0.0,0.0,0.0,0.0,0.0,0.0,0.0,0.0,0.0,-113.63624863053101,-1000.0,951.6956941320094,0.0,-46.15919066663758,0.0,999.3845441244442,0.0,0.0,0.0,0.0,0.0,0.0,0.0,0.0,0.0,0.0,0.0,0.0,0.0,0.0,0.0,0.0,0.0,-19.232996111099055,0.0,-11.539797666659396,1000.0,0.0,0.0,0.0,0.0,0.0,0.0,-1.923299611109899,27.10057372028109,0.0,0.0,0.0,0.0,0.0,0.0,0.0,1000.0,46.15919066663758,46.15919066663758,0.0,0.0,0.0,0.0,0.0,0.16925036577798136,249.22720622224162,0.0,0.0,-999.3845441244442,0.0,0.0,0.0,0.0,0.0,0.0,0.0,0.0,0.0,0.0,0.0,0.0,0.0,0.0,104.50787553619077,0.0,0.0,0.0,0.0,161.55716733323152,0.0,0.0,11.84752560443701,0.0,0.0,0.0,249.22720622224162,0.0,554.253680533099,0.0,0.0,0.0,-19.232996111099055,0.0,0.0,0.0,0.0,0.0,0.0,0.0,0.0,0.0,0.0,0.0,0.0,0.0,0.0,0.0,0.0,0.0,0.0,-0.15386396888879192,0.0,0.0,7.693198444439595,-938.2370694051114,0.0,0.0,0.0,0.0,0.0,0.0,0.0,0.0,-833.0511877218617,3.8465992222197656,0.0,0.0,0.0,0.15386396888879192,0.0,153.8639688887919,-47.69783035552549,30.772793777758384,1.0990283492056565,429.2804731997294,-0.11539797666659393,7.693198444439631,3.0772793777758385,-0.769319844444567,-429.2804731997294,46.15919066663758,-0.15386396888879192,0.0,76.99075104467748,0.03846599222219798,1.0990283492056565,0.0,-24.495143847098007,-3.0772793777758385,-80.97845199224952,-0.15386396888879192,0.03846599222219798,-429.2804731997294,15.386396888879192,0.15386396888879192,0.15386396888879192,-248.90409188757485,0.16925036577767136,-221.21320939867815,-0.11539797666659393,46.15919066663758,0.15386396888879192,46.15919066663758,-76.93198444439597,-0.07693198444439596,-718.3747126772076,-119.0880287500223,-0.11539797666659393,-0.15386396888879192,-47.69783035552549,0.15386396888879192,15.38639688887919,-3.0772793777758385,103.54776789225431,103.54776789225431,-15.386396888879192,80.97845199224952,-103.54776789225431,30.772793777758384,0.23079595333318786,-706.6767844927988,15.386396888879192,-226.29218742761208,76.99075104467748,-30.772793777758384,0.07693198444439596,1.5386396888879192,213.29164887278185,280.0,-0.15386396888879192,-283.84659922221994,248.90409188757485,47.69783035552549,0.15386396888879192,24.495143847098007,-107.64601162187269,76.99075104467748,-0.15386396888879192,-0.03846599222219798,-76.99075104467748,-0.15386396888879192,-983.2887754073436,0.15386396888879972,-0.03846599222219798,-0.03846599222219798,-0.03846599222219798,61.54558755551677,76.93198444439597,1.5386396888879192,113.99396795048835,-0.03846599222219798,426.5832977455637,7.693198444439596,50.0,0.15386396888879192,0.07693198444439596,0.07693198444439596,53.88177241121793,47.69783035552549,0.15386396888879192,-47.69783035552549,1.5386396888879192,0.15386396888879192,-113.99396795048835,0.15386396888879192,0.6154558755557673,0.769319844444567,0.07693198444439596,0.03846599222219798,46.15919066663758,-0.15386396888879192,221.21320939867815,1.5386396888879192,-227.9879359009767,3.8465992222197656,-15.38639688887919,30.772793777758384,7.693198444439595,-0.15386396888879192,0.0,0.23079595333318786,-0.15386396888879192,-107.76354482243586,47.69783035552549,68.11348649426661,0.07693198444439596,-100.0,-0.15386396888879192,-0.15386396888879972,-0.15386396888879192,0.07693198444439596,429.2804731997294,-30.772793777758384,0.15386396888879192,426.5832977455637,-0.03846599222219798,-0.16925036577767136,-426.5832977455637,23.079595333318785,119.0880287500223,164.0988094989037,429.2804731997294,-0.11539797666659393,283.84659922221994,-280.0,0.15386396888879192,-0.03846599222219797,7.693198444439602,153.8639688887919,-0.07693198444439596,-0.15386396888879192,0.03846599222219798,0.0,0.0,406.5998525083544,0.0,-255.0,0.0,410.00752611320644,-140.0,0.0,-80.0,-255.0,-325.0,-300.0,40.0,127.5,127.5,0.0,70.0,-249.22720622224162,-288.85786172026906,300.0,325.0,-288.85786172026906,-410.00752611320644,251.13357042309997,0.0,1496.5981,hplb
214,0.0,0.0,0.0,0.0,0.0,0.0,0.0,0.0,-0.040957623645498126,0.0,0.0,0.0,0.0,0.0,0.0,0.0,444.13671421691026,98.14614048319584,0.0,-242.2828547001061,0.0,0.0,0.0,421.7498845464949,0.0,0.0,0.0,0.0,0.0,-679.6080413844995,0.0,0.0,139.09483651743454,0.0,0.0,0.0,0.0,402.19451531771233,0.0,-1000.0,1000.0,0.0,0.0,-357.47838224113684,0.0,0.0,0.0,0.0,360.86155080009706,0.0,0.0,6.852124533810695,0.0,0.04505338600997204,0.0,0.0,0.0,8.191524729099624,0.0,0.0,312.1451410944791,0.0,635.1112863560996,0.0,0.0,0.0,0.0,0.0,1000.0,-265.4921976323453,0.0,0.40957623645498126,0.0,0.0,0.0,0.0,0.0,0.0,0.0,0.0,0.0,0.0,0.0,0.0,24.574574187298875,0.0,0.0,-271.4275120720172,-689.2555094696405,555.924722218558,760.8409313401653,0.0,0.0,0.0,12.287287093649438,0.0,12.287287093649438,0.0,0.0,0.0,0.0,2.047881182274906,-679.6080413844995,0.0,0.0,0.0,0.0,0.0,0.0,0.0,0.0,0.0,0.0,0.0,0.0,0.0,0.0,0.0,0.0,0.0,0.0,0.0,0.0,0.0,-1000.0,0.0,0.0,12.287287093649438,0.0,12.696863330104417,12.696863330104417,0.0,-736.0415364873339,0.0,736.0415364873339,-736.0415364873339,-947.2564274505787,0.0,0.0,0.0,0.0,0.0,0.0,0.0,0.0,3.1537370207033684,0.040957623645498126,760.8511707460767,0.0,0.0,0.0,0.0,0.0,0.0,0.0,0.0,223.72877713740175,0.0,0.0,0.0,0.0,0.0,807.9176467980863,807.9176467980863,0.0,0.0,0.0,0.0,0.0,0.0,0.0,807.9586044217317,0.0,0.0,0.0,-1000.0,0.0,0.0,0.0,0.0,0.0,0.0,0.0,0.0,0.0,0.0,-725.1197029556872,0.0,0.0,0.0,0.0,-1000.0,0.0,0.0,0.0,0.0,0.0,0.0,-6.852124533810695,226.71862841117945,-226.71862841117945,947.2564274505787,0.0,0.0,0.0,0.0,0.0,0.0,0.0,-688.3112276847869,0.0,0.0,0.0,0.0,0.0,0.0,0.0,0.0,0.0,0.0,0.0,0.0,0.0,0.0,-83.61695054180075,-118.5380990986963,0.0,0.0,0.0,0.0,-514.908076832488,0.0,0.0,0.0,0.0,312.1451410944791,238.94028314244053,0.0,0.0,0.0,0.0,0.0,0.0,0.0,0.0,853.9956542399628,0.0,0.0,0.0,1000.0,84.02586211918003,309.3005426054487,0.0,118.5380990986963,0.0,0.0,947.2564274505787,0.0,0.0,0.0,0.0,-319.8799883199317,0.0,0.0,49.64485966363341,-1000.0,0.0,49.64485966363341,1000.0,0.0,-462.53688105846106,0.0,0.0,0.0,0.0,-292.6828539869421,0.0,0.0,0.0,-816.6777210691594,0.0,816.6777210691594,0.0,970.5435158798193,0.0,0.0,-255.9628770666962,0.0,0.0,0.0,312.1451410944791,-0.06143643546824718,0.0,0.0,0.0,0.0,0.040957623645498126,0.0,0.0,0.0,-298.631291951703,444.13671421691026,0.0,-442.91489830607907,-251.14679110719504,0.0,1000.0,0.0,1000.0,0.0,0.0,0.0,0.0,0.0,-3.526451395877312,-988.8688121099599,-7.604736494162795,-1000.0,-1000.0,0.0,0.0,0.0,0.0,0.0,0.0,0.0,0.0,0.0,0.0,0.0,0.0,0.0,0.0,0.0,0.0,0.0,-597.6416541877054,0.0,-1000.0,0.0,0.0,852.6768187585774,0.0,362.75878729173405,0.0,-857.1493912606662,0.0,0.0,0.0,0.0,0.0,988.8688121099599,340.12212577843906,0.0,-1.023940591137453,-1000.0,-1000.0,970.4868124610374,-516.05022389019,468.5055201456896,-340.12212577843906,-2.047881182274906,3.8828874705850587,0.0,-972.5346936433123,889.9941744661064,0.0,-2.047881182274906,815.749141718683,-1000.0,12.287287093649438,0.0,0.0,0.0,0.0,0.0,0.0,820.7928559034546,820.7928559034546,-820.7928559034546,-820.7928559034546,-80.21069628865123,0.0,0.0,-162.66682670537853,0.0,0.0,0.0,0.0,0.0,-322.9661452616205,0.0,406.24999999999693,12.287287093649438,0.0,0.0,0.0,0.0,-95.90423763545019,0.0819152472913629,0.0,0.0,0.0,0.0,0.0,0.0,0.0,0.0,0.0,734.5078023676547,0.0,0.0,0.0,0.0,0.0,0.0,0.0,0.0,0.0,0.04505338600997204,0.04505338600997204,0.0,271.8084752709004,0.0,24.574574187298875,0.0,195.40181396722886,0.0,1000.0,0.0,284.96370733695954,0.0,0.0,0.0,298.60804058451487,-1000.0,0.0,0.0,0.0,0.0,0.0,12.287287093649438,0.0,0.0,0.0,0.0,0.0,0.0,0.0,333.3333333333333,298.631291951703,0.0,0.0,3.1537370207033684,0.0,0.0,0.0,-432.3483506180907,0.0,298.60804058451487,0.0,202.70380294906468,0.0,0.0,0.0,0.0,0.0,0.0,0.0,0.0,0.0,0.0,0.0,0.0,0.0,0.0,0.0,0.0,0.0,24.574574187298875,947.2564274505787,947.2564274505787,0.0,0.0,0.0,0.0,0.0,0.0,0.0,0.0,0.0,0.0,0.40957623645498126,0.0,0.0,0.0,0.0,0.0,-6.852124533810695,0.0,0.0,12.287287093649438,0.0,0.0,0.0,0.0,0.0,0.0,0.0,0.0,0.0,0.0,425.9275621583357,0.0,0.0,12.287287093649438,12.287287093649438,1000.0,-1000.0,0.0,12.287287093649438,0.0,0.0,0.0,0.0,0.0,679.6080413844995,0.0,1000.0,0.040957623645498126,0.0,0.0,3.302939792554813,0.0,0.0,0.0,0.0,0.0,0.0,0.0,0.0,0.0,0.0,0.0,0.0,0.0,0.0,0.0,0.0,0.0,0.0,0.040957623645498126,0.0,0.0,0.0,0.0,0.0,0.0,0.0,0.0,0.0,0.0,0.0,0.0,-4.472572502088781,-402.3583458122946,-3.0718217734123594,-2.047881182274906,0.0,0.0,0.0,0.0,0.0,0.0,0.0,0.0,0.0,0.0,0.0,0.0,947.2564274505787,0.0,0.0,0.0,-1000.0,0.0,0.0,0.0,-0.040957623645498126,0.0,0.0,0.040957623645498126,0.0,0.040957623645498126,0.0,0.0,0.0,24.574574187298875,49.96830084750771,49.96830084750771,0.0,0.0,0.0,0.0,0.0,0.0,0.0,0.0,0.0,0.0,0.0,0.0,0.0,0.0,0.0,0.0,0.0,0.0,0.0,0.0,0.0,0.0,0.0,0.0,0.0,0.0,0.0,432.3483506180907,0.0,0.0,0.0,0.06143643546824718,0.0,0.0,0.0,-12.287287093649438,0.0,0.0,0.0,0.0,0.0,-271.8084752709004,2.047881182274906,0.0,0.0,0.0,0.0,0.0,440.6988664375831,0.0,0.0,406.24999999999693,0.0,0.0,0.0,0.0,0.0,947.2564274505787,0.0,0.0,1000.0,271.8084752709004,0.0,316.8084752709004,0.0,0.0,-416.45052482308313,4.472572502088781,411.97795232099435,0.0,-49.96830084750771,195.40181396722886,2.047881182274906,1000.0,0.0,184.57962672080157,0.0,-322.9661452616205,0.0,0.0,974.9700432461304,-974.9700432461304,0.0,0.0,0.0,0.0,0.0,1000.0,-281.02394059113755,49.96830084750771,0.0,-656.25,-656.2499999999999,656.2499999999999,0.0,0.0,0.0,0.0,0.0,853.9956542399628,0.0,0.0,0.0,-737.8107421602095,-1000.0,0.0,12.287287093649438,0.0,0.0,0.0,0.0,-80.13983134350505,0.0,0.0,0.04505338600997204,0.0,0.0,0.0,24.984150423753857,0.0,0.0,0.0,0.0,-83.61695054180075,0.0,0.0,0.0,0.0,0.0,0.0,0.0,0.0,782.9186104028607,0.0,0.004095762364549812,0.004095762364549812,0.0,0.0,0.0,0.0,0.0,0.0,0.0,0.0,0.0,3.302939792554813,0.0,0.0,0.0,0.0,0.0,271.8084752709004,0.0,0.0,0.0,0.0,0.0,0.0,0.0,0.0,0.0,0.0,0.0,0.0,1000.0,0.0,98.14614048319584,0.0,0.0,0.0,24.574574187298875,0.0,0.0,0.0,0.0,0.0,0.0,-24.574574187298875,0.0,0.0,0.0,0.0,0.0,0.0,0.0,0.0,0.0,0.0,0.0,0.0,-1000.0,-1000.0,28.05597219716622,-12.287287093649438,0.0,0.0,402.19451531771233,0.0,0.0,0.0,0.0,0.0,0.0,0.0,0.0,0.0,0.0,0.0,0.0,0.0,0.0,0.0,0.0,195.40181396722886,-5.1197029556872655,947.2564274505787,-3.0718217734123594,277.9521188177251,0.0,0.0,0.0,0.0,0.0,-0.5119702955687265,0.0,322.9661452616205,0.0,0.0,0.0,0.0,0.0,0.0,0.0,1000.0,12.287287093649438,12.287287093649438,0.0,0.0,0.0,0.0,0.0,0.04505338600997204,271.8084752709004,0.0,0.0,-402.19451531771233,0.0,0.0,0.0,0.0,0.0,0.0,0.0,0.0,0.0,0.0,0.0,0.0,0.0,0.0,0.0,0.0,0.0,12.696863330104417,0.0,43.00550482777303,3.1537370207033684,0.0,0.0,0.0,0.0,0.0,271.8084752709004,0.0,409.9300711387194,0.0,0.0,0.0,-5.1197029556872655,0.0,0.0,0.0,0.0,0.0,0.0,0.0,0.0,0.0,0.0,0.0,0.0,0.0,0.0,0.0,0.0,0.0,0.0,-0.040957623645498126,0.0,0.0,2.047881182274906,-298.60804058451487,0.0,0.0,0.0,0.0,947.2564274505787,0.0,0.0,0.0,3.526451395877312,1.023940591137453,0.0,0.0,0.0,0.040957623645498126,0.0,40.95762364549812,0.0,8.191524729099624,0.2925544546107009,139.66549663114859,-0.03071821773412359,2.047881182274906,0.8191524729099625,-0.20478811822778198,-139.66549663114859,12.287287093649438,-0.040957623645498126,0.0,12.287287093649438,0.010239405911374531,0.2925544546107009,0.0,-6.5204536843637015,-0.8191524729099625,-300.0,-0.040957623645498126,0.010239405911374531,-139.66549663114859,4.095762364549812,0.040957623645498126,0.040957623645498126,-271.7224642612449,0.045053386010047936,-234.99907415288473,-0.03071821773412359,12.287287093649438,0.040957623645498126,12.287287093649438,-20.478811822749062,-0.020478811822749063,11.270297015482981,510.77135684429265,-0.03071821773412359,-0.040957623645498126,0.0,0.040957623645498126,4.095762364549812,-0.8191524729099625,432.3483506180907,432.3483506180907,-4.095762364549812,300.0,-432.3483506180907,8.191524729099624,0.06143643546824718,-1000.0,4.095762364549812,-333.3333333333333,12.287287093649438,-8.191524729099624,0.020478811822749063,0.40957623645498126,110.72872457651977,280.0,-0.040957623645498126,-281.02394059113755,271.7224642612449,12.696863330104417,0.040957623645498126,6.5204536843637015,-36.86186128094823,12.287287093649438,-0.040957623645498126,-0.010239405911374531,-12.287287093649438,-0.040957623645498126,-95.90423763545019,0.040957623645498126,-0.010239405911374531,-0.010239405911374531,-0.010239405911374531,16.38304945819925,20.478811822749062,0.40957623645498126,30.344479418359555,-0.010239405911374531,221.45744915303953,2.047881182274906,50.0,0.040957623645498126,0.020478811822749063,0.020478811822749063,10.239405911374531,0.0,0.040957623645498126,0.0,0.40957623645498126,0.040957623645498126,-30.344479418359555,0.040957623645498126,0.16383049458228563,0.20478811822778198,0.020478811822749063,0.010239405911374531,12.287287093649438,-0.040957623645498126,234.99907415288473,0.40957623645498126,-60.688958836719166,1.0239405911374533,-4.095762364549812,8.191524729099624,2.047881182274906,-0.040957623645498126,0.0,0.06143643546824718,-0.040957623645498126,-20.478811822749062,0.0,270.984028035626,0.020478811822749063,-100.0,-0.040957623645498126,-0.040957623645498126,-0.040957623645498126,0.020478811822749063,139.66549663114859,-8.191524729099624,0.040957623645498126,221.45744915303953,-0.010239405911374531,-0.045053386010047936,-221.45744915303953,6.143643546824717,-510.77135684429265,501.5887312063925,139.66549663114859,-0.03071821773412359,281.02394059113755,-280.0,0.040957623645498126,-0.010239405911374531,2.047881182274906,40.95762364549812,-0.020478811822749063,-0.040957623645498126,0.010239405911374531,1000.0,0.0,906.5916800280803,0.0,-255.0,0.0,-71.7254604933209,-140.0,0.0,479.51208773669913,72.01917155955164,-325.0,-93.38784116009697,-239.75604386834956,127.5,-36.00958577977582,0.0,70.0,-271.8084752709004,-190.84419669212096,93.38784116009697,325.0,-190.84419669212096,71.7254604933209,-19.479680788461238,0.0,1496.5981,hplb
215,0.0,0.0,0.0,0.0,0.0,0.0,0.0,0.0,-0.06723369535563356,0.0,0.0,0.0,0.0,0.0,0.0,0.0,-295.829915240079,595.829915240079,0.0,0.0,0.0,0.0,0.0,953.1083891802625,0.0,0.0,0.0,0.0,0.0,0.0,0.0,0.0,131.49946364902112,0.0,0.0,0.0,0.0,-255.378662796629,0.0,-1000.0,979.8298913933099,0.0,-74.31273669366578,221.51717854641322,0.0,0.0,0.0,0.0,0.0,0.0,0.0,0.0,0.0,0.07395706489126341,0.0,0.0,0.0,0.0,0.0,0.0,274.8090821354793,0.0,0.0,-567.3813065839167,0.0,0.0,0.0,0.0,0.0,305.1153793145562,0.0,0.6723369535563357,0.0,0.0,0.0,0.0,0.0,0.0,0.0,0.0,0.0,0.0,34.96140296600163,0.0,40.34021721338014,0.0,0.0,-57.76945098797011,-283.355863751271,1000.0,-0.01680842383890839,0.0,0.0,-675.2967062460323,20.17010860669007,0.0,20.17010860669007,-2.1649249904512518,0.0,0.0,34.96140296600163,3.361684767781678,0.0,0.0,0.0,0.0,125.67271111066934,320.29412079780496,0.0,0.0,0.0,0.0,0.0,0.0,0.0,0.0,0.0,0.0,0.0,0.0,0.0,0.0,0.0,0.0,-1000.0,0.0,0.0,20.17010860669007,0.0,20.8424455602464,0.0,0.0,0.0,0.0,0.0,0.0,-842.190388719396,0.0,0.0,0.0,0.0,0.0,0.0,0.0,0.0,-29.784408423617847,0.06723369535563356,0.0,0.0,0.0,-125.67271111066934,0.0,0.0,0.0,0.0,0.0,440.65038467508583,0.0,0.0,0.0,0.0,0.0,622.3370586966728,622.3370586966728,0.0,0.0,0.0,0.0,0.0,0.0,0.0,622.4042923920284,0.0,0.0,0.0,-1000.0,-10.505956754204572,0.0,0.0,0.0,0.0,0.0,0.0,0.0,0.0,0.0,0.0,0.0,0.0,0.0,0.0,0.0,0.0,0.0,0.0,0.0,0.0,0.0,74.31273669366578,-653.5993662280491,653.5993662280491,842.190388719396,0.0,0.0,0.0,0.0,0.0,0.0,0.0,-696.8509509905809,0.0,0.0,0.0,0.0,0.0,0.0,0.0,0.0,0.0,0.0,0.0,0.0,0.0,0.0,-73.10652185774657,221.51717854641322,0.0,0.0,0.0,0.0,-425.59881933278353,0.0,0.0,0.0,0.0,274.8090821354793,0.0,0.0,0.0,0.0,0.0,0.0,0.0,0.0,0.0,0.0,13.446739071126713,0.0,0.0,704.0692342168876,1000.0,-637.0560805223535,0.0,-221.51717854641322,0.0,0.0,842.190388719396,82.02510833387294,0.0,0.0,0.0,-287.50616550339055,0.0,0.0,0.0,0.0,0.0,0.0,0.0,0.0,-936.9552299793202,0.0,0.0,0.0,0.0,-229.00955934439486,0.0,0.0,0.0,-250.3396168453756,0.0,250.3396168453756,0.0,955.0078811923416,0.0,0.0,520.7100357527331,0.0,0.0,0.0,274.8090821354793,-0.10085054303345034,0.0,0.0,0.0,0.0,0.06723369535563356,0.0,0.0,0.0,-436.7616779933025,-295.829915240079,0.0,-667.2674449071006,124.19229495359514,10.505956754204572,1000.0,0.0,1000.0,0.0,0.0,0.0,0.0,0.0,259.06722611614805,-1000.0,-259.06722611614805,-513.6135251483877,-1000.0,0.0,0.0,0.0,0.0,0.0,0.0,0.0,0.0,0.0,0.0,0.0,0.0,0.0,0.0,0.0,0.0,0.0,-1000.0,0.0,-744.8902719847936,0.0,0.0,0.0,0.0,0.0,0.0,29.784408423617847,0.0,0.0,0.0,0.0,0.0,428.136969487119,0.0,63.33787987083883,-1000.0,571.863030512881,-269.56012503904253,-529.0937659867997,-96.3189919664807,0.0,0.0,-66.69956463862052,1000.0,998.3191576161091,525.732081219018,-136.20254328779407,0.0,-3.361684767781678,-476.0673887161018,-1000.0,20.17010860669007,0.0,0.0,0.0,0.0,0.0,0.0,0.0,0.0,0.0,0.0,79.1288455844757,0.0,0.0,-332.73805619102455,0.0,0.0,0.0,0.0,0.0,-292.5722244484374,0.0,0.0,0.0,0.0,0.0,0.0,0.0,-93.27663046443665,0.13446739071131203,0.0,0.0,0.0,0.0,0.0,0.0,0.0,0.0,0.0,305.1153793145562,0.0,0.0,0.0,0.0,0.0,0.0,0.0,0.0,0.0,0.07395706489126341,0.07395706489126341,0.0,266.55326092887327,0.0,40.34021721338014,0.0,0.0,0.0,1000.0,0.0,11.526135971006852,0.0,0.0,0.0,649.0198840025253,-1000.0,0.0,0.0,0.0,0.0,0.0,0.0,0.0,0.0,0.0,0.0,0.0,0.0,0.0,333.3333333333333,436.7616779933025,0.0,0.0,163.4721295107941,0.0,-675.2967062460323,0.0,-416.59156938661243,0.0,649.0198840025253,0.0,0.0,555.7432535380887,-468.7500000000039,468.7500000000039,0.0,0.0,0.0,0.0,0.0,0.0,0.0,0.0,0.0,0.0,0.0,0.0,0.0,0.0,40.34021721338014,842.190388719396,842.190388719396,0.0,0.0,0.0,0.0,0.0,0.0,0.0,0.0,0.0,0.0,0.6723369535563357,0.0,0.0,0.0,0.0,0.0,74.31273669366578,0.0,0.0,20.17010860669007,0.0,0.0,0.0,158.2951349684103,0.0,0.0,0.0,0.0,0.0,0.0,1000.0,-927.5152994237396,0.0,20.17010860669007,20.17010860669007,1000.0,-1000.0,0.0,0.0,0.0,0.0,0.0,0.0,0.0,-486.38647485161226,0.0,-198.03988815627628,0.06723369535563356,0.0,0.0,0.0,88.79169953073634,0.0,0.0,675.2967062460323,0.0,0.0,0.0,0.0,0.0,0.0,0.0,0.0,0.0,0.0,0.0,0.0,0.0,0.0,0.06723369535563356,0.0,0.0,0.0,0.0,0.0,0.0,0.0,0.0,0.0,0.0,470.74307991375423,0.0,0.0,-185.84894347492985,-5.042527151672518,-3.361684767781678,0.0,0.0,0.0,0.0,0.0,0.0,0.0,0.0,0.0,0.0,0.0,0.0,842.190388719396,10.505956754204572,0.0,0.0,-1000.0,0.0,0.0,0.0,-0.06723369535563356,0.0,0.0,0.06723369535563356,0.0,0.06723369535563356,0.0,0.0,0.0,40.34021721338014,82.02510833387294,82.02510833387294,0.0,0.0,0.0,0.0,0.0,0.0,0.0,0.0,0.0,0.0,0.0,0.0,264.85604728626816,0.0,0.0,0.0,0.0,0.0,0.0,0.0,0.0,0.0,0.0,0.0,0.0,0.0,0.0,416.59156938661243,0.0,0.0,0.0,0.10085054303345034,0.0,0.0,0.0,-20.17010860669007,0.0,0.0,0.0,0.0,0.0,-266.55326092887327,3.361684767781678,0.0,0.0,0.0,0.0,0.0,-5.526609758232929,0.0,0.0,0.0,0.0,0.0,0.0,0.0,0.0,842.190388719396,0.0,0.0,408.7642941873137,266.55326092887327,0.0,311.55326092887327,0.0,440.95867149013634,24.257798665384918,0.0,-465.2164701555213,0.0,0.0,0.0,3.361684767781678,1000.0,0.0,419.60561533761586,0.0,-292.5722244484374,-628.8642809005796,628.8642809005796,1000.0,-1000.0,0.0,0.0,0.0,0.0,0.0,271.5957880805458,-281.6808423838908,82.02510833387294,0.0,-468.75000000000006,-468.75000000000006,468.75000000000006,0.0,0.0,0.0,0.0,0.0,0.0,0.0,0.0,0.0,-393.9070788452925,0.0,-74.31273669366578,20.17010860669007,0.0,0.0,0.0,0.0,46.84436175584608,0.0,0.0,0.07395706489126341,0.0,0.0,0.0,41.01255416693647,0.0,0.0,0.0,0.0,-73.10652185774657,0.0,125.67271111066934,0.0,0.0,0.0,0.0,0.0,0.0,-89.31922572173016,0.0,902.1276868584386,0.006723369535563356,0.0,0.0,0.0,0.0,0.0,0.0,0.0,0.0,0.0,0.0,0.0,0.0,0.0,0.0,0.0,266.55326092887327,0.0,0.0,0.0,0.0,0.0,0.0,0.0,0.0,0.0,0.0,0.0,0.0,189.0504051635018,-706.3974989499941,595.829915240079,0.0,0.0,0.0,40.34021721338014,0.0,0.0,0.0,0.0,0.0,959.6597827866199,-1000.0,0.0,0.0,0.0,0.0,0.0,0.0,0.0,0.0,0.0,0.0,0.0,0.0,198.03988815627628,-1000.0,310.91112860487715,0.0,-20.17010860669007,0.0,-255.378662796629,0.0,0.0,0.0,0.0,0.0,0.0,0.0,0.0,0.0,796.875,0.0,-796.875,-796.875,0.0,0.0,0.0,0.0,-8.404211919454196,842.190388719396,-5.042527151672518,541.4943625184865,0.0,0.0,0.0,0.0,0.0,0.0,-0.8404211919454196,292.5722244484374,0.0,0.0,0.0,0.0,0.0,0.0,0.0,1000.0,20.17010860669007,20.17010860669007,0.0,0.0,0.0,0.0,0.0,0.07395706489126341,266.55326092887327,0.0,0.0,255.378662796629,902.120963488903,0.0,0.0,0.0,0.0,0.0,0.0,0.0,0.0,0.0,0.0,0.0,0.0,0.0,0.0,0.0,0.0,0.0,0.0,70.59538012341525,5.176994542383781,0.0,0.0,0.0,0.0,0.0,266.55326092887327,0.0,0.0,0.0,0.0,0.0,-8.404211919454196,0.0,0.0,0.0,0.0,0.0,0.0,0.0,0.0,0.0,0.0,0.0,0.0,0.0,0.0,0.0,0.0,0.0,0.0,-0.06723369535563356,0.0,0.0,3.361684767781678,-649.0198840025253,0.0,0.0,0.0,0.0,842.190388719396,0.0,0.0,0.0,-259.06722611614805,1.680842383890839,0.0,0.0,0.0,0.06723369535563356,0.0,67.23369535563356,-20.8424455602464,13.446739071126714,0.4802406811116683,187.5820100422176,-0.05042527151672517,3.361684767781684,1.3446739071126714,-0.33616847677813516,-187.5820100422176,20.17010860669007,-0.06723369535563356,0.0,0.0,0.01680842383890839,0.4802406811116683,0.0,-10.70360430061671,-1.3446739071126714,-300.0,-0.06723369535563356,0.01680842383890839,-187.5820100422176,6.723369535563356,0.06723369535563356,0.06723369535563356,-266.41207016862637,0.07395706489114068,-224.77609411345776,-0.05042527151672517,20.17010860669007,0.06723369535563356,20.17010860669007,-33.616847677816786,-0.03361684767781678,-215.87429056162807,418.80821610186456,-0.05042527151672517,-0.06723369535563356,-20.8424455602464,0.06723369535563356,6.723369535563356,-1.3446739071126714,416.59156938661243,416.59156938661243,-6.723369535563356,300.0,-416.59156938661243,13.446739071126713,0.10085054303345034,-1000.0,6.723369535563356,-333.3333333333333,0.0,-13.446739071126713,0.03361684767781678,0.6723369535563357,166.81686122677516,280.0,-0.06723369535563356,-281.6808423838908,266.41207016862637,20.8424455602464,0.06723369535563356,10.70360430061671,-80.68043442676046,0.0,-0.06723369535563356,-0.01680842383890839,0.0,-0.06723369535563356,-218.949341575106,0.06723369535563356,-0.01680842383890839,-0.01680842383890839,-0.01680842383890839,26.893478142253425,33.616847677816786,0.6723369535563357,49.811764046605845,-0.01680842383890839,333.6337224535503,3.361684767781678,50.0,0.06723369535563356,0.03361684767781678,0.03361684767781678,6.723369535563356,20.8424455602464,0.06723369535563356,-20.8424455602464,0.6723369535563357,0.06723369535563356,-49.811764046605845,0.06723369535563356,0.2689347814225016,0.33616847677813516,0.03361684767781678,0.01680842383890839,20.17010860669007,-0.06723369535563356,224.77609411345776,0.6723369535563357,-99.62352809321169,1.680842383890834,-6.723369535563356,13.446739071126713,3.361684767781678,-0.06723369535563356,0.0,0.10085054303345034,-0.06723369535563356,-13.4467390711267,20.8424455602464,194.45172133054734,0.03361684767781678,-100.0,-0.06723369535563356,-0.06723369535563356,-0.06723369535563352,0.03361684767781678,187.5820100422176,-13.446739071126713,0.06723369535563356,333.6337224535503,-0.01680842383890839,-0.07395706489114068,-333.6337224535503,10.085054303345034,-418.80821610186456,371.28436693003533,187.5820100422176,-0.05042527151672517,281.6808423838908,-280.0,0.06723369535563356,-0.01680842383890841,3.361684767781678,67.23369535563356,-0.03361684767781678,-0.06723369535563356,0.01680842383890839,1000.0,0.0,936.9216131316423,0.0,-255.0,0.0,34.68690774448629,-132.9853283163807,0.0,252.9758387932715,-92.57558465560241,-325.0,-63.04477002067989,-126.48791939663575,127.5,46.287792327801206,0.0,66.49266415819035,-266.55326092887327,-241.29608308639342,63.04477002067989,325.0,-241.29608308639342,-34.68690774448629,54.3219863178417,0.0,1496.5981,hplb
216,0.0,0.0,0.0,0.0,0.0,0.0,0.0,0.0,210.85873067952696,0.0,0.0,0.0,0.0,0.0,0.0,0.0,0.0,0.0,0.0,211.15738225660107,0.0,0.0,0.0,652.8515464782942,0.0,0.0,0.0,0.0,0.0,-596.7299754421031,0.0,0.0,73.50198281367196,0.0,0.0,0.0,0.0,-25.94610136380889,0.0,-1000.0,998.9837253592943,0.0,0.0,-797.37113148657,0.0,0.0,0.0,0.0,394.1011069286731,0.0,0.0,0.0,0.0,0.1599675220413701,0.0,0.0,0.0,29.085004007519373,0.0,0.0,-12.329763910088502,0.0,-313.89911586147116,-327.66087833522914,0.0,0.0,0.0,0.0,792.4837565465582,-792.4837565465582,0.0,1.4542502003759687,0.0,0.0,0.0,0.0,0.0,0.0,0.0,0.0,0.0,0.0,0.0,0.0,87.25501202255812,0.0,0.0,0.0,-499.8909312349718,0.0,-0.036356255009399215,0.0,0.0,-797.6882679683982,43.62750601127906,0.0,43.62750601127906,0.0,0.0,0.0,0.0,296.38302384851914,-1000.0,0.0,0.0,-63.284124243497125,758.886280118609,0.0,0.0,0.0,0.0,0.0,0.0,0.0,0.0,0.0,0.0,0.0,0.0,0.0,0.0,0.0,0.0,0.0,-648.7106058208908,0.0,0.0,43.62750601127906,0.0,45.081756211655026,0.0,0.0,-648.2590098143501,648.2590098143501,0.0,0.0,-466.3016729532966,632.6239359752909,-632.6239359752909,464.8696743896272,0.0,0.0,0.0,0.0,0.0,11.19772654289494,0.14542502003759686,0.0,0.0,0.0,241.11371988139103,-1000.0,0.0,0.0,0.0,0.0,891.1422476829433,0.0,0.0,0.0,0.0,0.0,761.5195410603842,761.5195410603842,0.0,0.0,0.0,0.0,-159.957759189297,0.0,0.0,761.6649660804218,0.0,0.0,0.0,206.03177049125554,0.0,0.0,0.0,0.0,0.0,0.0,0.0,0.0,0.0,0.0,0.0,0.0,0.0,0.0,0.0,-1000.0,0.0,0.0,0.0,0.0,0.0,0.0,0.0,499.8909312349718,-499.8909312349718,1.4319985636693673,0.0,0.0,0.0,0.0,0.0,0.0,403.2700245578969,-722.2631315122189,0.0,0.0,0.0,0.0,0.0,0.0,0.0,0.0,0.0,0.0,0.0,0.0,0.0,69.16919703622409,-41.829991984961225,202.62886851343,0.0,0.0,0.0,0.0,155.3120729762027,0.0,0.0,0.0,0.0,-12.329763910088502,1000.0,0.0,0.0,265.0163243195208,0.0,0.0,0.0,0.0,0.0,403.77450600032824,0.0,0.0,0.0,-0.2181375300563957,-1000.0,893.9920381636449,0.0,-202.62886851343,0.0,0.0,1.4319985636693673,0.0,0.0,0.0,0.0,-216.7687634029611,0.0,0.0,-1000.0,0.0,0.0,-1000.0,0.0,0.0,0.0,0.0,316.94720656289974,0.0,0.0,248.99173436502318,0.0,0.0,0.0,236.74516491385342,0.0,-236.74516491385342,0.0,1000.0,0.0,0.0,767.8136046818662,0.0,0.0,0.0,-12.329763910088502,-0.2181375300563953,0.0,0.0,0.0,0.0,0.14542502003759686,0.0,0.0,0.0,395.8539164485207,0.0,0.0,-1000.0,284.34517545941907,0.0,1000.0,0.0,1000.0,0.0,-63.284124243497125,0.0,0.0,0.0,319.79400725263395,-791.6641162941387,-528.1298909584953,-1000.0,-1000.0,0.0,0.0,0.0,0.0,0.0,0.0,0.0,0.0,0.0,0.0,0.0,0.0,0.0,0.0,0.0,0.0,265.0163243195208,-1000.0,0.0,-974.6355987163423,0.0,0.0,399.09182035511634,0.0,0.0,0.0,-414.9722325432232,0.0,0.0,0.0,0.0,289.1117728466393,751.6730124918431,-1000.0,-151.82713742519948,0.0,-752.4926527442626,-264.824021795376,0.0,0.0,0.0,1000.0,0.0,-568.9155722307887,-3.6356255009399217,-7.271251001879843,0.0,0.0,0.0,713.2272368061227,305.87976440612016,43.62750601127906,0.0,0.0,0.0,0.0,0.0,211.00415569956456,0.0,-69.16919703622409,69.16919703622409,69.16919703622409,-62.33939150550458,0.0,0.0,-238.62588395965338,0.0,0.0,403.2700245578969,0.0,0.0,-26.091526383846485,0.0,0.0,42.61123137057335,0.0,0.0,0.0,0.0,-85.4574979962403,0.29085004007538373,0.0,0.0,0.0,0.0,0.0,0.0,0.0,0.0,0.0,0.0,0.0,0.0,0.0,0.0,0.0,0.0,0.0,0.0,0.0,0.1599675220413701,0.1599675220413701,0.0,320.0841930287047,0.0,87.25501202255812,0.0,0.0,0.0,1000.0,0.0,411.23487587138607,0.0,0.0,0.0,741.6273789799545,-1000.0,0.0,0.0,0.0,0.0,0.0,42.61123137057335,0.0,0.0,0.0,0.0,0.0,0.0,0.0,216.2368686069636,-395.8539164485207,0.0,0.0,11.19772654289494,0.0,-797.6882679683982,0.0,-156.74407153987207,0.0,741.6273789799544,0.0,0.0,656.1698809837142,406.24999999999693,-406.24999999999693,69.16919703622409,0.0,0.0,0.0,0.0,0.0,0.0,0.0,0.0,0.0,0.0,0.0,0.0,0.0,87.25501202255812,1.4319985636693673,1.4319985636693673,0.0,0.0,0.0,0.0,0.0,0.0,0.0,0.0,0.0,0.0,1.4542502003759687,0.0,0.0,0.0,0.0,0.0,0.0,0.0,0.0,43.62750601127906,0.0,0.0,0.0,0.0,0.0,0.0,0.0,0.0,0.0,0.0,1000.0,-879.1921657062221,0.0,43.62750601127906,43.62750601127906,1000.0,-1000.0,0.0,42.61123137057335,0.0,0.0,0.0,0.0,0.0,1000.0,403.2700245578969,815.3165515955342,0.14542502003759686,0.0,0.0,192.0545139625092,0.0,0.0,0.0,797.6882679683982,0.0,0.0,0.0,0.0,0.0,0.0,0.0,0.0,0.0,0.0,0.0,0.0,0.0,0.0,0.14542502003759686,0.0,0.0,0.0,-223.7750476995567,223.7750476995567,0.0,0.0,0.0,0.0,0.0,798.705567219078,0.0,-814.5859794071848,25.364401283657724,-10.906876502819728,-7.271251001879843,0.0,0.0,0.0,0.0,0.0,0.0,0.0,0.0,0.0,0.0,0.0,0.0,1.4319985636693673,0.0,0.0,0.0,313.151015408,0.0,0.0,0.0,210.85873067952696,0.0,0.0,0.14542502003759686,0.0,0.14542502003759686,0.0,0.0,0.0,87.25501202255812,177.41852444586817,177.41852444586817,0.0,0.0,0.0,0.0,0.0,0.0,0.0,0.0,0.0,403.2700245578969,0.0,0.0,332.31510147787105,0.0,0.0,0.0,0.0,0.0,0.0,0.0,0.0,0.0,0.0,0.0,0.0,0.0,0.0,156.74407153987207,0.0,0.0,0.0,0.2181375300563953,0.0,0.0,0.0,-43.62750601127906,0.0,0.0,0.0,0.0,0.0,-320.0841930287047,7.271251001879843,0.0,0.0,0.0,0.0,159.957759189297,391.8205693532365,0.0,0.0,0.0,0.0,0.0,0.0,0.0,0.0,1.4319985636693673,0.0,0.0,0.0,250.9149959924806,0.0,295.9149959924806,-63.284124243497125,0.0,-23.151663189986664,814.5859794071848,-791.4343162171982,0.0,-177.41852444586817,0.0,7.271251001879843,910.8115971409618,0.0,0.0,0.0,-26.091526383846485,0.0,0.0,0.0,0.0,0.0,0.0,0.0,0.0,0.0,0.0,-21.813753005639455,177.41852444586817,0.0,0.0,0.0,0.0,0.0,0.0,0.0,0.0,0.0,403.77450600032824,0.0,0.0,330.99106953152443,-192.0545139625092,0.0,0.0,43.62750601127906,0.0,0.0,0.0,0.0,282.4236119575939,0.0,0.0,0.1599675220413701,0.0,0.0,0.0,88.70926222293409,0.0,0.0,0.0,0.0,-41.829991984961225,0.0,758.886280118609,0.0,0.0,0.0,0.0,0.0,0.0,640.1520171262015,0.0,0.01454250200375995,0.01454250200375995,0.0,0.0,0.0,0.0,0.0,0.0,0.0,0.0,0.0,192.0545139625092,0.0,0.0,0.0,0.0,0.0,320.0841930287047,0.0,0.0,0.0,0.0,0.0,0.0,0.0,0.0,0.0,0.0,0.0,0.0,1000.0,-77.79430425182616,0.0,0.0,0.0,0.0,87.25501202255812,0.0,0.0,0.0,0.0,0.0,230.76027139389674,-318.01528341645485,0.0,0.0,0.0,0.0,0.0,0.0,0.0,0.0,0.0,0.0,0.0,0.0,-815.3165515955342,-1000.0,431.9312402036249,0.0,-43.62750601127906,0.0,-25.94610136380889,0.0,0.0,0.0,0.0,0.0,0.0,0.0,0.0,0.0,0.0,0.0,0.0,0.0,0.0,0.0,0.0,0.0,-18.17812750469957,1.4319985636693673,-300.01864934945905,343.22197798069084,0.0,0.0,0.0,0.0,0.0,-1.8178127504699608,0.0,26.091526383846485,0.0,0.0,0.0,0.0,0.0,0.0,0.0,1000.0,43.62750601127906,43.62750601127906,0.0,0.0,0.0,0.0,0.0,0.1599675220413701,320.0841930287047,0.0,0.0,25.94610136380889,0.0,0.0,0.0,0.0,0.0,0.0,0.0,0.0,0.0,0.0,0.0,0.0,0.0,0.0,0.0,0.0,0.0,0.0,0.0,152.6962710394767,11.19772654289494,0.0,0.0,0.0,0.0,0.0,320.0841930287047,0.0,0.0,0.0,0.0,0.0,-18.17812750469957,0.0,0.0,0.0,0.0,0.0,0.0,0.0,0.0,0.0,0.0,0.0,0.0,0.0,0.0,0.0,0.0,0.0,0.0,-0.14542502003759686,0.0,0.0,7.271251001879843,-741.6273789799544,0.0,0.0,0.0,0.0,1.4319985636693673,0.0,0.0,0.0,-319.79400725263395,3.6356255009399217,0.0,0.0,0.0,0.14542502003759686,0.0,145.42502003759685,-45.081756211655026,29.085004007519373,1.0387501431256918,405.73580590489524,-0.10906876502819765,151.82713742519948,2.9085004007519375,-0.7271251001887613,-405.73580590489524,43.62750601127906,-0.14542502003759686,21.09470808116571,42.61123137057335,0.036356255009399215,1.0387501431256918,-63.28412424349713,-23.151663189986664,-2.9085004007519375,-211.15738225660107,-0.14542502003759686,0.036356255009399215,-405.73580590489524,14.542502003759687,0.14542502003759686,0.14542502003759686,-319.77880048662576,0.1599675220413568,-32.39123232291797,-0.10906876502819765,43.62750601127906,0.14542502003759686,43.62750601127906,-72.71251001879844,-0.07271251001879843,-732.1827668730311,-170.0,-0.10906876502819765,-0.14542502003759686,-45.081756211655026,0.14542502003759686,14.542502003759687,-2.9085004007519375,156.74407153987207,156.74407153987207,-14.542502003759687,211.15738225660107,-156.74407153987207,29.085004007519373,0.2181375300563953,222.97285553716523,14.542502003759687,-216.2368686069636,42.61123137057335,-29.085004007519373,0.07271251001879843,1.4542502003759687,250.0,280.0,-0.14542502003759686,-352.8048225371639,319.77880048662576,45.081756211655026,0.14542502003759686,23.151663189986664,-131.89879267454222,42.61123137057335,-0.14542502003759686,-0.036356255009399215,-42.61123137057335,-0.14542502003759686,-844.3437781148493,0.14542502003759686,-0.036356255009399215,-0.036356255009399215,-0.036356255009399215,58.170008015038746,72.71251001879844,1.4542502003759687,107.741761720357,-0.036356255009399215,478.9052919188343,7.271251001879843,50.0,0.14542502003759686,0.07271251001879843,0.07271251001879843,35.84811768904636,45.081756211655026,0.14542502003759686,-45.081756211655026,1.4542502003759687,0.14542502003759686,-107.741761720357,0.14542502003759686,0.5817000801511654,0.7271251001887613,0.07271251001879843,0.036356255009399215,43.62750601127906,-0.14542502003759686,32.39123232291797,1.4542502003759687,-215.483523440714,148.19151192425957,-14.542502003759687,29.085004007519373,7.271251001879843,-0.14542502003759686,63.28412424349713,0.2181375300563953,-0.14542502003759686,-71.69623537809272,45.081756211655026,-59.91353728372604,0.07271251001879843,-100.0,-0.14542502003759686,-0.14542502003759686,-0.14542502003759686,0.07271251001879843,405.73580590489524,-29.085004007519373,0.14542502003759686,500.0,-0.036356255009399215,-0.1599675220413568,-500.0,21.813753005639526,170.0,-435.75051130206236,405.73580590489524,-0.10906876502819765,352.8048225371639,-280.0,0.14542502003759686,-0.03635625500939922,7.271251001879843,145.42502003759688,-0.07271251001879843,-0.14542502003759686,0.036356255009399215,0.0,0.0,-223.04556804718402,0.0,-255.0,0.0,168.65060209820808,-140.0,0.0,-80.0,96.53851174148232,-325.0,0.0,40.0,127.5,-48.26925587074116,0.0,70.0,-320.0841930287047,-222.51007467386785,0.0,325.0,-222.51007467386785,-168.65060209820808,143.0034463844953,0.0,1496.5981,hplb
217,0.0,0.0,0.0,0.0,0.0,0.0,0.0,0.0,-0.007976422980289619,0.0,0.0,0.0,0.0,0.0,0.0,0.0,0.0,116.11724361874019,0.0,0.0,0.0,0.0,0.0,0.0,0.0,0.0,0.0,0.0,0.0,-741.0737254478648,299.7658862341836,-299.7658862341836,407.32797956881,0.0,0.0,0.0,0.0,42.11982538459067,0.0,-337.7679729292872,997.6070731059131,0.0,0.0,-816.7840338561848,0.0,0.0,0.0,0.0,741.0737254478648,0.0,0.0,0.0,0.0,0.008774065278326469,0.0,0.0,0.0,0.0,0.0,0.0,-55.460954331901185,0.0,224.67655177846856,0.0,0.0,0.0,0.0,0.0,0.0,61.16062685206496,0.0,0.07976422980289619,0.0,0.0,0.0,0.0,0.0,0.0,0.0,0.0,0.0,0.0,0.0,0.0,4.785853788173771,0.0,11.24173441889828,-474.9624641463598,-149.9940176827648,300.0,-0.0019941057450724047,0.0,0.0,-679.481727431153,2.3929268940868855,0.0,2.3929268940868855,0.0,0.0,0.0,0.0,0.3988211490144809,-1000.0,0.0,0.0,0.0,0.0,0.0,0.0,0.0,0.0,0.0,0.0,0.0,0.0,0.0,0.0,0.0,0.0,0.0,0.0,0.0,0.0,0.0,-404.13356862792284,0.0,0.0,2.3929268940868855,0.0,2.4726911238897817,0.0,0.0,-1000.0,0.0,1000.0,-1000.0,-169.2155974465674,0.0,0.0,0.0,0.0,0.0,0.0,0.0,0.0,11.85591898838058,0.007976422980289619,0.0,0.0,0.0,0.0,0.0,0.0,0.0,0.0,0.0,-88.9889065572351,0.0,0.0,0.0,0.0,0.0,700.2261373428361,700.2261373428361,0.0,0.0,0.0,0.0,-471.46043279319474,0.0,0.0,1000.0,0.0,0.0,0.0,-709.3721084904028,0.0,0.0,0.0,0.0,0.0,0.0,0.0,0.0,0.0,0.0,0.0,0.0,0.0,0.0,0.0,-747.9893840735759,0.0,0.0,0.0,0.0,0.0,0.0,0.0,149.9940176827648,-149.9940176827648,32.872403034970674,0.0,0.0,0.0,0.0,0.0,0.0,258.92627455213517,-677.5923374685941,0.0,0.0,0.0,0.0,0.0,0.0,0.0,0.0,0.0,0.0,0.0,0.0,0.0,108.16744226094585,55.95020418578578,0.0,0.0,0.0,0.0,136.3431944115967,169.19438127899076,0.0,0.0,0.0,0.0,-55.460954331901185,816.7840338561848,299.7658862341836,0.0,42.2428999740922,0.0,0.0,0.0,0.0,0.0,300.02272705414885,1.5952845960579236,0.0,0.0,299.9880353655296,0.0,416.10527898426983,0.0,0.0,0.0,0.0,169.2155974465674,536.6465277458151,0.0,0.0,0.0,-242.25407516943346,0.0,0.0,-129.8489269560747,-77.67176986312948,-765.8555072761094,-52.17715709294521,0.0,-688.1837374129799,0.0,0.0,0.0,0.0,0.0,-179.8125641989534,0.0,0.0,0.0,0.0,0.0,0.0,0.0,1000.0,0.0,136.3431944115967,0.0,0.0,0.0,0.0,-55.460954331901185,-0.011964634470434426,0.0,0.0,0.0,0.0,0.007976422980289619,0.0,0.0,0.0,243.50694581137867,0.0,0.0,0.0,-224.1084423740476,0.0,1000.0,0.0,-426.1455444372523,0.0,0.0,0.0,0.0,0.0,-0.686770018602944,-348.68754317501316,775.5198576308684,-1000.0,-1000.0,0.0,0.0,0.0,0.0,0.0,0.0,0.0,0.0,0.0,0.0,0.0,0.0,0.0,0.0,0.0,0.0,42.2428999740922,-387.5038897890413,0.0,-1000.0,0.0,570.3443791344471,0.0,0.0,0.0,0.0,-12.112759808345857,0.0,0.0,0.0,0.0,0.0,348.68754317501316,-793.9288720462002,-0.3988211490144809,0.0,0.0,0.0,-2.367708188578383,-672.3021551350009,-113.95795603882746,793.9288720462002,0.0,276.6247395875232,-0.19941057450724045,1.9688870395639022,-395.2855165866222,0.0,0.0,581.9558297436168,-23.528968426122884,2.3929268940868855,0.0,0.0,0.0,75.76843507371923,0.0,0.0,108.16744226094585,0.0,0.0,0.0,-625.9098967589515,0.0,0.0,-33.74115610265542,0.0,0.0,258.92627455213517,0.0,0.0,-257.6540372725732,0.0,0.0,0.0,0.0,0.0,0.0,0.0,53.557277291698895,0.015952845960584564,0.0,0.0,0.0,0.0,0.0,0.0,0.0,0.0,0.0,61.16062685206496,0.0,0.0,0.0,0.0,0.0,0.0,0.0,0.0,0.0,0.008774065278326469,0.008774065278326469,299.7658862341836,386.5721576648879,0.0,4.785853788173771,0.0,0.0,0.0,-836.629498663391,0.0,0.0,11.24173441889828,0.0,0.0,-590.3204578957643,836.629498663391,0.0,0.0,0.0,0.0,0.0,0.0,0.0,0.0,0.0,0.0,0.0,0.0,0.0,134.71118954264094,-243.50694581137867,0.0,0.0,11.85591898838058,0.0,-881.5485117451144,202.06678431396142,0.0,0.0,-590.3204578957643,0.0,-536.7631806040654,0.0,0.0,0.0,108.16744226094585,0.0,0.0,0.0,0.0,0.0,0.0,0.0,0.0,0.0,0.0,0.0,0.0,0.0,4.785853788173771,169.2155974465674,169.2155974465674,0.0,0.0,0.0,0.0,0.0,0.0,0.0,0.0,0.0,0.0,0.07976422980289619,0.0,299.7658862341836,11.24173441889828,-11.24173441889828,299.7658862341836,0.0,0.0,0.0,2.3929268940868855,0.0,0.0,0.0,0.0,0.0,0.0,0.0,0.0,0.0,0.0,838.8212937200461,0.0,0.0,2.3929268940868855,2.3929268940868855,1000.0,836.629498663391,0.0,0.0,0.0,0.0,0.0,0.0,0.0,1000.0,258.92627455213517,983.4275059045519,0.007976422980289619,0.0,0.0,0.0,10.534006034469627,267.50425851667444,0.0,679.481727431153,0.0,0.0,0.0,0.0,0.0,0.0,0.0,0.0,0.0,0.0,0.0,0.0,0.0,0.0,0.007976422980289619,0.0,0.0,0.0,0.0,0.0,0.0,0.0,0.0,570.3443791344471,0.0,375.39112998069544,0.0,0.0,-1000.0,-0.5982317235217214,-0.3988211490144809,0.0,0.0,0.0,0.0,0.0,0.0,0.0,0.0,0.0,0.0,0.0,0.0,169.2155974465674,0.0,0.0,0.0,-23.130147277108403,0.0,0.0,0.0,-0.007976422980289619,0.0,0.0,0.007976422980289619,0.0,0.007976422980289619,0.0,0.0,0.0,4.785853788173771,9.731236035953335,9.731236035953335,0.0,0.0,0.0,0.0,0.0,0.0,0.0,0.0,0.0,258.92627455213517,0.0,0.0,0.0,0.0,0.0,0.0,0.0,0.0,0.0,0.0,0.0,0.0,0.0,0.0,0.0,0.0,0.0,202.06678431396142,0.0,0.0,0.0,0.011964634470434426,0.0,0.0,0.0,-2.3929268940868855,0.0,0.0,0.0,0.0,0.0,-386.5721576648879,0.3988211490144809,0.0,0.0,0.0,0.0,471.46043279319474,0.0,0.0,0.0,0.0,0.0,0.0,0.0,0.0,0.0,169.2155974465674,0.0,0.0,105.73599308683572,278.4047154039421,0.0,323.4047154039421,267.50425851667444,387.5038897890413,-12.112759808345857,0.0,-375.39112998069544,0.0,526.9152917098618,0.0,0.3988211490144809,1000.0,0.0,0.0,-299.7658862341836,-280.13750611036977,0.0,0.0,0.0,0.0,0.0,0.0,0.0,0.0,0.0,0.0,-1.1964634470437048,9.731236035953335,0.0,0.0,0.0,299.7658862341836,0.0,0.0,0.0,0.0,0.0,300.02272705414885,0.0,0.0,387.17038938840966,-71.69463288653458,-811.0342659656019,0.0,2.3929268940868855,11.24173441889828,0.0,0.0,0.0,-135.3528201335904,0.0,0.0,0.008774065278326469,0.0,0.0,0.0,4.865618017976668,0.0,0.0,0.0,0.0,55.95020418578578,0.0,0.0,0.0,0.0,0.0,0.0,0.0,0.0,0.0,0.0,0.0007976422980289619,0.0007976422980289619,0.0,0.0,0.0,0.0,0.0,0.0,0.0,0.0,0.0,0.0,299.7658862341836,0.0,0.0,0.0,0.0,386.5721576648879,0.0,0.0,0.0,0.0,0.0,0.0,0.0,0.0,0.0,0.0,0.0,22.48346883779656,741.0737254478648,0.0,116.11724361874019,0.0,0.0,0.0,4.785853788173771,0.0,0.0,0.0,0.0,0.0,0.0,-4.785853788173771,0.0,22.48346883779656,0.0,0.0,0.0,0.0,0.0,0.0,0.0,299.7658862341836,299.7658862341836,0.0,-983.4275059045519,-1000.0,5.46384974149839,0.0,-2.3929268940868855,0.0,612.4642045190377,0.0,0.0,0.0,0.0,0.0,0.0,0.0,0.0,0.0,0.0,0.0,0.0,0.0,0.0,0.0,0.0,0.0,-0.9970528725362022,169.2155974465674,-0.5982317235217214,0.5982317235217234,0.0,0.0,0.0,0.0,0.0,-218.59708846278292,218.4973831755293,257.6540372725732,0.0,0.0,0.0,0.0,0.0,0.0,0.0,1000.0,2.3929268940868855,2.3929268940868855,0.0,0.0,0.0,0.0,0.0,0.008774065278326469,386.5721576648879,0.0,0.0,-612.4642045190377,0.0,0.0,0.0,0.0,0.0,0.0,0.0,0.0,0.0,0.0,0.0,0.0,0.0,0.0,0.0,0.0,0.0,0.0,0.0,8.3752441293041,11.85591898838058,0.0,0.0,0.0,0.0,0.0,386.5721576648879,0.0,-0.3988211490144809,0.0,0.0,0.0,-0.9970528725362022,0.0,0.0,0.0,0.0,0.0,0.0,0.0,0.0,0.0,0.0,0.0,0.0,0.0,0.0,0.0,0.0,0.0,0.0,-0.007976422980289619,0.0,0.0,0.3988211490144809,590.3204578957643,0.0,0.0,0.0,0.0,169.21559744656736,0.0,0.0,0.0,0.686770018602944,0.19941057450724045,0.0,0.0,0.0,0.007976422980289619,0.0,7.976422980289618,-2.4726911238897817,1.5952845960579236,0.05697444985921156,22.254220115008035,-0.005982317235217213,0.3988211490144809,0.15952845960579237,-0.03988211490128663,-22.254220115008035,2.3929268940868855,-0.007976422980289619,0.0,0.0,0.0019941057450724047,0.05697444985921156,0.0,-12.511580957360337,299.6063577745778,-116.11724361874019,-0.007976422980289619,0.0019941057450724047,-22.254220115008035,0.7976422980289618,0.007976422980289619,0.007976422980289619,-386.55540717662933,-11.232960353619962,-86.26644376043667,-0.005982317235217213,2.3929268940868855,0.007976422980289619,2.3929268940868855,-3.988211490144809,-0.0039882114901448095,175.25535031767177,-170.0,-0.005982317235217213,-0.00797642298028961,-2.4726911238897817,0.007976422980289619,0.7976422980289618,-0.15952845960579237,202.06678431396142,202.06678431396142,-0.7976422980289618,116.11724361874019,-202.06678431396142,1.5952845960579236,0.011964634470434426,-660.7959698481313,0.7976422980289618,-134.71118954264094,0.0,-1.5952845960579236,0.0039882114901448095,0.07976422980289619,0.0,280.0,-0.007976422980289619,-388.36685283545336,386.55540717662933,2.4726911238897817,0.007976422980289619,12.511580957360337,-9.571707576347478,0.0,-0.007976422980289619,-0.0019941057450724047,0.0,-0.007976422980289619,53.557277291698895,0.007976422980289619,-0.0019941057450724047,-0.0019941057450724047,-0.0019941057450724047,3.190569192115847,3.988211490144809,0.07976422980289619,5.909532375521721,-0.0019941057450724047,0.0,0.3988211490144809,-26.379817496834967,0.007976422980289619,0.0039882114901448095,0.0039882114901448095,-67.37395490776939,2.4726911238897817,0.007976422980289619,-2.4726911238897817,0.07976422980289619,0.007976422980289619,-5.909532375521721,0.007976422980289619,0.031905691920997015,0.03988211490128663,0.0039882114901448095,0.0019941057450724047,2.3929268940868855,-0.007976422980289619,86.26644376043667,-149.8031788872889,-11.819064751043442,0.19941057450724048,-0.7976422980289618,1.5952845960579236,0.3988211490144809,-0.007976422980289619,0.0,0.011964634470434426,-0.007976422980289619,134.74790981553878,2.4726911238897817,204.5553270066356,0.0039882114901448095,52.759634993669934,-0.007976422980289619,-0.007976422980289619,-0.007976422980289619,0.003988211490144805,22.254220115008035,-1.5952845960579236,0.007976422980289619,0.0,-0.0019941057450724047,11.232960353619962,0.0,1.1964634470434425,170.0,296.51042569882236,22.254220115008035,-0.005982317235217213,388.36685283545336,-280.0,0.007976422980289619,-0.001994105745072405,0.3988211490144809,7.976422980289618,-0.0039882114901448095,-0.007976422980289619,0.0019941057450724047,681.4393468233452,0.0,360.7919816366412,0.0,-31.04541780784723,0.0,388.8258836415255,-140.0,0.0,-80.0,281.0419185724999,-325.0,-300.0,40.0,15.522708903923615,-140.52095928624996,0.0,70.0,-386.5721576648879,-69.20250687304518,300.0,325.0,-69.20250687304518,-388.8258836415255,198.799974459922,0.0,1496.5981,hplb
218,0.0,0.0,0.0,0.0,0.0,0.0,0.0,0.0,277.0389113346111,0.0,0.0,0.0,0.0,0.0,0.0,0.0,-500.0,800.0,0.0,0.0,0.0,0.0,0.0,0.0,0.0,0.0,0.0,0.0,0.0,88.59798724361113,0.0,0.0,73.36016844842432,0.0,0.0,0.0,0.0,999.2646587342182,0.0,-1000.0,771.379724830521,0.0,0.0,-454.11802630844056,0.0,0.0,67.12052518629127,0.0,0.0,-72.48534377134125,0.0,0.0,0.0,0.005659109554583264,0.0,0.0,0.0,1.0289290099555102,0.0,0.0,-257.5019502699122,0.0,1000.0,742.4980497300878,0.0,0.0,0.0,0.0,0.0,0.0,0.0,0.05144645049777552,0.0,0.0,0.0,0.0,0.0,0.0,0.0,0.0,0.0,0.0,-163.75951377738602,0.0,3.0867870298665308,0.0,257.0488785291951,-35.060598616943764,-19.530172506215933,0.0,-0.0012861612624443877,0.0,0.0,-896.4497440746105,1.5433935149332654,0.0,228.620275169479,-0.16565757060254782,0.0,0.0,0.0,0.25723225248887754,-28.94447419316698,0.0,0.0,-66.52613489597577,0.0,0.0,0.0,0.0,0.0,0.0,0.0,0.0,0.0,0.0,0.0,0.0,0.0,0.0,0.0,0.0,0.0,0.0,-273.7634565734478,0.0,0.0,228.620275169479,0.0,1.594839965431041,0.0,0.0,0.0,249.16180524835124,-249.16180524835127,249.16180524835124,0.0,0.0,0.0,0.0,0.0,0.0,0.0,0.0,0.0,421.204529975414,0.005144645049777551,0.0,0.0,0.0,-1000.0,580.6874559672781,0.0,0.0,0.0,0.0,109.55301967794851,0.0,0.0,0.0,0.0,0.0,-248.51166286189456,-248.51166286189456,0.0,0.0,0.0,0.0,-417.7988419584083,0.0,0.0,-248.5065182168448,0.0,0.0,0.0,0.0,-448.4101797067042,0.0,0.0,0.0,0.0,0.0,0.0,0.0,0.0,0.0,-1000.0,0.0,0.0,0.0,0.0,-1000.0,0.0,0.0,0.0,0.0,0.0,72.48534377134125,0.0,164.9394013830563,-164.9394013830563,0.0,0.0,0.0,0.0,0.0,0.0,0.0,117.54246143677811,-400.10621286223704,0.0,0.0,0.0,0.0,0.0,0.0,0.0,0.0,0.0,0.0,0.0,0.0,0.0,507.49655320264844,548.4472837071786,411.4020127563889,0.0,0.0,0.0,0.0,5.076774919173848,0.0,0.0,0.0,0.0,-257.5019502699122,865.5200390648295,0.0,0.0,0.0,0.0,0.0,0.0,0.0,0.0,0.0,0.0,227.07688165454573,0.0,-500.0077169675746,-684.4772908568468,129.87880276611253,0.0,-411.4020127563889,0.0,0.0,0.0,-757.5014710802352,0.0,0.0,0.0,-151.57149257424928,0.0,0.0,-228.31434311638026,0.0,0.0,-228.31434311638026,0.0,0.0,145.4092288768403,0.0,1000.0,72.48534377134125,0.0,9.276784769705522,0.0,0.0,0.0,64.17655706587715,0.0,-64.17655706587715,0.0,-952.5429179082385,0.0,0.0,1000.0,0.0,0.0,0.0,-257.5019502699122,-0.007716967574666326,0.0,0.0,0.0,0.0,0.005144645049777551,0.0,0.0,0.0,766.3029499113471,-500.0,0.0,-489.61122587101954,1000.0,448.4101797067042,1000.0,0.0,0.0,0.0,-66.52613489597577,0.0,0.0,0.0,-0.442953938785675,696.8727890650281,-696.4298351262424,-1000.0,-1000.0,0.0,0.0,0.0,0.0,0.0,0.0,0.0,0.0,0.0,0.0,0.0,0.0,0.0,0.0,0.0,0.0,0.0,-0.7147626855825707,0.0,-1000.0,0.0,0.0,0.0,0.0,0.0,0.0,-421.204529975414,0.0,163.75951377738602,0.0,689.5025705667169,0.0,0.0,0.0,-113.42674539695608,0.0,-696.8727890650281,0.0,0.0,0.0,0.0,0.0,113.16951314446719,0.0,-0.12861612624443877,-0.25723225248887754,-415.9108757007058,0.0,1000.0,0.0,-885.8015578455772,228.620275169479,0.0,0.0,0.0,0.0,0.0,277.04405597966087,0.0,-507.49655320264844,507.49655320264844,507.49655320264844,320.49720588602025,0.0,0.0,0.0,0.0,0.0,117.54246143677811,0.0,0.0,-0.9061434814341283,0.0,0.0,0.0,0.0,0.0,0.0,0.0,-99.48553549502225,0.0102892900995494,0.0,0.0,0.0,0.0,0.0,0.0,0.0,0.0,0.0,0.0,0.0,0.0,0.0,0.0,0.0,0.0,0.0,0.0,0.0,0.005659109554583264,0.005659109554583264,0.0,219.67304912532072,0.0,3.0867870298665308,0.0,79.94088739297104,0.0,-871.5892115672397,0.0,0.0,257.0488785291951,0.0,0.0,951.5407971413383,871.5892115672397,0.0,0.0,982.9046707228367,0.0,0.0,0.0,0.0,0.0,0.0,0.0,0.0,0.0,0.0,91.2544855244826,-766.3029499113471,419.31254403272186,0.0,257.445016198028,0.0,-896.4497440746105,0.0,-5.076774919173848,0.0,951.5407971413383,0.0,852.055261646316,0.0,0.0,0.0,507.49655320264844,0.0,0.0,0.0,0.0,0.0,0.0,0.0,0.0,0.0,0.0,0.0,0.0,0.0,3.0867870298665308,0.0,0.0,0.0,0.0,0.0,0.0,0.0,0.0,0.0,0.0,0.0,0.0,0.05144645049777552,0.0,0.0,257.0488785291951,-257.0488785291951,0.0,0.0,0.0,0.0,228.620275169479,-982.9046707228367,0.0,0.0,0.0,0.0,0.0,0.0,0.0,0.0,0.0,-756.9767172851579,0.0,0.0,1.5433935149332654,1.5433935149332654,1000.0,871.5892115672397,0.0,0.0,0.0,0.0,0.0,0.0,0.0,28.94447419316698,117.54246143677811,135.52315716510162,0.005144645049777551,0.0,0.0,-450.8404468960988,457.6346856336229,0.0,0.0,896.4497440746105,0.0,0.0,0.0,0.0,0.0,0.0,0.0,0.0,0.0,0.0,0.0,0.0,0.0,0.0,0.005144645049777551,0.0,0.0,0.0,318.95773098169434,-318.95773098169434,0.0,0.0,0.0,0.0,-1000.0,742.554983801972,0.0,0.0,-999.2852373144174,-0.38584837873331634,0.0,-0.2572322524888775,0.0,218.75000000000003,218.75000000000003,-218.75000000000003,0.0,0.0,0.0,0.0,0.0,0.0,0.0,0.0,448.4101797067042,0.0,0.0,114.45567440691158,0.0,0.0,0.0,277.0389113346111,0.0,0.0,0.005144645049777551,0.0,0.005144645049777551,0.0,0.0,0.0,3.0867870298665308,6.276466960728613,6.276466960728613,0.0,0.0,0.0,0.0,0.0,0.0,163.75951377738602,419.31254403272186,0.0,117.54246143677811,0.0,0.0,0.0,0.0,0.0,0.0,0.0,0.0,0.0,0.0,0.0,0.0,0.0,0.0,0.0,0.0,0.0,5.076774919173848,0.0,-282.4142005346905,282.4142005346905,0.007716967574666326,0.0,0.0,0.0,-228.620275169479,0.0,0.0,0.0,0.0,0.0,-219.67304912532072,0.25723225248887754,0.0,0.0,0.0,0.0,417.7988419584083,8.685419652745338,-0.2572322524888775,0.0,0.0,0.0,0.0,0.0,0.0,0.0,0.0,0.0,982.9046707228367,-42.335952774366405,-287.8235040773277,0.0,600.5368677689852,-66.52613489597577,0.0,587.4808896773313,163.75951377738602,-751.2404034547174,0.0,-763.7779380409638,79.94088739297104,0.2572322524888775,1000.0,0.0,0.0,0.0,-515.0039005398244,0.0,0.0,0.0,0.0,0.0,0.0,0.0,0.0,0.0,1000.0,-0.7716967574667706,6.276466960728613,0.0,-411.14874491801055,-411.14874491801055,411.14874491801055,0.0,0.0,0.0,0.0,0.0,0.0,0.0,0.0,220.05889750405404,-6.794238737524097,0.0,0.0,1.5433935149332654,257.0488785291951,0.0,0.0,0.0,-98.15664584321775,0.0,0.0,0.005659109554583264,0.0,0.0,0.0,3.1382334803643066,0.0,0.0,0.0,0.0,548.4472837071786,0.0,0.0,0.0,0.0,0.0,0.0,0.0,0.0,719.7175394299653,0.0,0.0005144645049777551,0.0005144645049777551,0.0,0.0,0.0,0.0,0.0,0.0,0.0,0.0,0.0,-450.8404468960988,0.0,0.0,0.0,0.0,0.0,219.67304912532072,0.0,0.0,0.0,0.0,0.0,0.0,0.0,72.48534377134125,0.0,0.0,0.0,514.0977570583902,0.0,0.0,800.0,0.0,0.0,0.0,3.0867870298665308,0.0,0.0,0.0,0.0,0.0,0.0,-3.0867870298665308,0.0,514.0977570583902,0.0,0.0,0.0,0.0,0.0,0.0,0.0,0.0,0.0,0.0,-135.52315716510162,-1000.0,3.524081859097623,-228.620275169479,0.0,0.0,999.2646587342182,0.0,0.0,0.0,0.0,0.0,0.0,0.0,0.0,0.0,671.875,0.0,-671.875,-671.875,0.0,0.0,0.0,79.94088739297104,-0.6430806312221938,0.0,-0.38584837873331634,0.38584837873331695,0.0,0.0,0.0,0.0,0.0,-0.0643080631222194,0.0,0.9061434814340947,0.0,0.0,0.0,0.0,0.0,0.0,0.0,1000.0,1.5433935149332654,1.5433935149332654,0.0,0.0,0.0,0.0,0.0,0.005659109554583264,219.67304912532072,0.0,0.0,-999.2646587342182,0.0,0.0,0.0,0.0,0.0,0.0,0.0,0.0,0.0,0.0,0.0,0.0,0.0,0.0,141.20710026734525,0.0,0.0,0.0,0.0,5.401877302266429,421.204529975414,0.0,0.0,0.0,0.0,0.0,219.67304912532072,0.0,-8.85107722334786,0.0,0.0,0.0,-0.6430806312221938,0.0,0.0,0.0,0.0,0.0,0.0,0.0,0.0,0.0,0.0,0.0,0.0,0.0,0.0,0.0,0.0,0.0,0.0,-0.005144645049777551,0.0,0.0,0.25723225248887754,-951.5407971413383,0.0,0.0,0.0,0.0,0.0,0.0,0.0,0.0,0.442953938785675,0.12861612624443877,0.0,0.0,0.0,0.005144645049777551,0.0,5.144645049777551,-1.594839965431041,1.0289290099555102,0.03674746464126822,14.353559688879368,-0.003858483787333163,0.25723225248887616,0.10289290099555103,-0.025723225248952986,-14.353559688879368,1.5433935149332654,-0.005144645049777551,22.17537829865859,0.0,0.0012861612624443877,0.03674746464126822,-66.52613489597577,-257.8679060211194,-0.10289290099555103,-300.0,-0.005144645049777551,0.0012861612624443877,-14.353559688879368,0.5144645049777551,0.005144645049777551,0.005144645049777551,-219.66224537071636,-257.04321941964037,-39.79343415149502,-0.003858483787333163,1.5433935149332654,0.00514464504977755,228.620275169479,224.50455912965697,-0.0025723225248887754,63.29268426549805,-5.59638406920138,-0.003858483787333163,-0.005144645049777564,-1.594839965431041,0.005144645049777551,0.5144645049777551,-0.10289290099555103,5.076774919173848,5.076774919173848,-0.5144645049777551,300.0,-5.076774919173848,1.0289290099555102,0.007716967574666326,-1000.0,0.5144645049777551,-91.2544855244826,0.0,-1.0289290099555102,0.0025723225248887754,0.05144645049777552,122.40280646775489,-286.7945750673722,-0.005144645049777551,-220.83059426152082,219.66224537071636,1.594839965431041,0.005144645049777551,257.8679060211194,-233.25045571427887,0.0,-0.005144645049777551,-0.0012861612624443877,0.0,-0.005144645049777551,-99.48553549502225,0.005144645049777551,-0.0012861612624443877,-0.0012861612624443877,-0.0012861612624443877,2.0578580199110204,-224.50455912965697,0.05144645049777552,3.8115389012532095,-0.0012861612624443877,222.63023463685118,0.25723225248887754,50.0,0.005144645049777551,0.0025723225248887754,0.0025723225248887754,0.5144645049777551,1.594839965431041,0.005144645049777551,-1.594839965431041,0.05144645049777552,0.005144645049777551,-3.8115389012532095,0.005144645049777551,0.020578580199185126,0.025723225248952986,0.0025723225248887754,0.0012861612624443877,1.5433935149332654,-0.005144645049777551,39.79343415149502,0.05144645049777551,-7.623077802506419,0.1286161262444402,-0.5144645049777551,1.0289290099555102,0.25723225248887754,-0.005144645049777551,66.52613489597577,0.007716967574666326,-0.00514464504977755,-1.0289290099555102,1.594839965431041,201.41964092457226,0.0025723225248887754,-100.0,-0.00514464504977755,-0.005144645049777551,-0.005144645049777551,0.002572322524888782,14.353559688879368,-1.0289290099555102,0.005144645049777551,244.80561293550977,-0.0012861612624443877,257.04321941964037,-244.80561293550977,0.7716967574666326,5.59638406920138,331.1965069415038,14.353559688879368,-0.003858483787333163,220.83059426152082,286.7945750673722,0.005144645049777551,-0.001286161262444388,689.7598028192058,5.144645049777551,-0.0025723225248887754,-0.005144645049777551,0.0012861612624443877,0.0,0.0,854.5881988006348,0.0,-255.0,0.0,449.4948582729104,-140.0,0.0,-80.0,-255.0,-182.25325274621883,-145.4092288768403,40.0,127.5,127.5,0.0,70.0,-219.67304912532072,-103.2629950813545,145.4092288768403,182.25325274621883,-103.2629950813545,-449.4948582729104,341.11542474110576,0.0,1496.5981,hplb
219,0.0,0.0,0.0,0.0,0.0,0.0,0.0,0.0,374.2739050240192,0.0,0.0,0.0,0.0,0.0,0.0,0.0,591.0939045319833,235.53391292137013,0.0,-526.6278174533534,0.0,0.0,0.0,14.486298952855407,0.0,0.0,0.0,0.0,0.0,-820.8457815129564,0.0,0.0,68.83629912369756,0.0,0.0,0.0,0.0,769.9799073614428,0.0,-696.0877791525942,553.8275303869589,0.0,0.0,1000.0,0.0,0.0,761.2498913495469,0.0,0.0,0.0,0.0,196.8638622014663,0.0,0.008629722437812007,0.0,0.0,0.0,0.0,0.0,0.0,-339.6174627273447,0.0,-660.3825372726553,-1000.0,0.0,0.0,0.0,0.0,0.0,0.0,0.0,0.07845202216170577,0.0,0.0,0.0,0.0,0.0,0.0,0.0,0.0,0.0,0.0,0.0,0.0,4.707121329702346,0.0,338.926561918841,169.04582473794878,0.0,370.4729024112778,-0.0019613005540426443,0.0,0.0,0.0,2.353560664851173,0.0,2.353560664851173,-0.25261551136020444,0.0,0.0,0.0,0.39226011080852885,-838.4501952527596,0.0,0.0,-70.99032190732504,0.0,0.0,0.0,0.0,0.0,0.0,0.0,0.0,0.0,0.0,0.0,0.0,0.0,0.0,0.0,0.0,0.0,0.0,-121.06722228804097,0.0,0.0,2.3535606648512157,0.0,2.4320126870128784,2.4320126870128784,0.0,0.0,0.0,0.0,0.0,0.0,0.0,0.0,0.0,0.0,0.0,0.0,0.0,0.0,339.5306424894861,0.007845202216170577,0.0,0.0,0.0,-790.1664487088246,0.0,0.0,0.0,0.0,0.0,26.028880780038918,0.0,0.0,0.0,0.0,0.0,255.5376396091922,255.5376396091922,0.0,0.0,0.0,0.0,492.05386533877845,0.0,0.0,255.5454848114084,0.0,0.0,0.0,571.9117354894204,0.0,0.0,0.0,0.0,0.0,0.0,0.0,0.0,0.0,0.0,-771.1012482648737,0.0,0.0,0.0,0.0,-1000.0,0.0,0.0,0.0,0.0,0.0,0.0,-196.8638622014663,-70.4729024112778,70.4729024112778,0.0,0.0,0.0,0.0,0.0,0.0,0.0,17.60441373980324,-421.0635434314534,0.0,0.0,0.0,0.0,0.0,0.0,0.0,0.0,0.0,0.0,0.0,0.0,0.0,0.0,693.3045295952928,426.61573918243937,0.0,0.0,0.0,0.0,0.0,0.0,0.0,0.0,0.0,-339.6174627273447,-573.3842608175606,0.0,0.0,0.0,0.0,0.0,0.0,0.0,0.0,0.0,1.5690404432341154,0.0,0.0,929.5270975887222,1000.0,-98.29093987479533,0.0,-426.61573918243937,0.0,0.0,0.0,256.16215146243275,0.0,0.0,0.0,-179.05615345934154,0.0,0.0,-292.41127880368197,-250.86449169032352,0.0,-41.54678711335839,0.0,250.86449169032352,-70.4729024112778,0.0,-333.7487694797436,0.0,0.0,26.752139557141664,0.0,0.0,0.0,-341.72082900932696,0.0,341.72082900932696,0.0,0.0,0.0,0.0,0.0,0.0,0.0,0.0,-339.6174627273447,-0.011767803324255864,0.0,0.0,0.0,0.0,0.007845202216170577,0.0,0.0,0.0,997.6464393351488,591.0939045319833,0.0,-47.32688127155002,-370.8164741073209,0.0,501.5633400667333,0.0,0.0,0.0,-70.99032190732504,0.0,0.0,0.0,-0.675471910812311,0.675471910812311,0.0,-1000.0,-1000.0,0.0,0.0,0.0,0.0,0.0,0.0,0.0,0.0,0.0,0.0,0.0,0.0,0.0,0.0,0.0,0.0,0.0,392.59120662755106,0.0,-377.4200815427556,0.0,0.0,0.0,0.0,0.0,745.6557054247485,-339.5306424894861,0.0,0.0,0.0,0.0,0.0,-495.55548517656666,0.0,-1000.0,0.0,494.88001326575437,0.0,-0.39226011080852885,-723.2972896180913,712.7337248340176,0.0,999.6077398891915,0.0,-0.19613005540426443,0.0,-24.554107835084665,0.0,0.0,0.0,12.505032299292361,2.3535606648512157,0.0,0.0,0.0,553.6039889029433,0.0,374.2817502262354,0.0,0.0,0.0,0.0,-229.18270743885242,0.0,0.0,0.0,0.0,0.0,17.60441373980324,0.0,0.0,-1.381801617007227,0.0,0.0,54.61775098507673,0.0,0.0,0.0,0.0,-99.21547977838294,0.015690404432346393,0.0,0.0,0.0,0.0,0.0,0.0,0.0,0.0,0.0,0.0,0.0,0.0,0.0,0.0,0.0,0.0,0.0,0.0,0.0,0.008629722437812007,0.008629722437812007,0.0,228.3103615689135,0.0,4.707121329702346,0.0,0.0,0.0,340.8627805473433,0.0,0.0,338.926561918841,0.0,0.0,-473.9486838383202,-340.8627805473433,0.0,0.0,0.0,0.0,0.0,54.61775098507673,0.0,0.0,0.0,0.0,0.0,0.0,0.0,40.35574076268032,-997.6464393351488,790.1664487088246,0.0,339.5306424894861,0.0,0.0,0.0,0.0,0.0,-473.9486838383202,0.0,-109.65340915375515,-463.510754462948,0.0,0.0,0.0,0.0,0.0,0.0,0.0,0.0,0.0,0.0,0.0,0.0,0.0,0.0,0.0,0.0,4.707121329702346,0.0,0.0,0.0,0.0,0.0,0.0,0.0,0.0,0.0,0.0,0.0,0.0,0.07845202216170577,0.0,0.0,338.926561918841,-338.926561918841,0.0,-196.8638622014663,0.0,0.0,2.3535606648512157,0.0,0.0,0.0,0.0,0.0,0.0,0.0,0.0,0.0,0.0,414.1868316861374,0.0,0.0,2.353560664851173,2.353560664851173,1000.0,-340.8627805473433,0.0,54.61775098507673,0.0,0.0,0.0,0.0,0.0,838.4501952527596,17.60441373980324,1000.0,0.007845202216170577,0.0,0.0,0.0,0.63265952157547,0.0,0.0,0.0,0.0,0.0,0.0,0.0,0.0,0.0,0.0,0.0,0.0,0.0,0.0,0.0,0.0,0.0,0.007845202216170577,0.0,0.0,0.0,383.83397780527946,-383.83397780527946,0.0,0.0,0.0,0.0,-339.5306424894861,0.0,0.0,0.0,-770.0112881703067,-0.5883901662127933,0.0,-0.39226011080852885,0.0,0.0,0.0,0.0,0.0,0.0,0.0,0.0,0.0,0.0,0.0,0.0,0.0,0.0,0.0,12.89729241010089,0.0,0.0,0.0,374.2739050240192,0.0,0.0,0.007845202216170577,0.0,0.007845202216170577,0.0,0.0,0.0,4.707121329702346,9.571146703728104,9.571146703728104,0.0,0.0,0.0,0.0,0.0,0.0,0.0,790.1664487088246,0.0,17.60441373980324,0.0,0.0,0.0,0.0,0.0,0.0,0.0,0.0,0.0,0.0,0.0,0.0,0.0,0.0,0.0,0.0,0.0,0.0,0.0,0.0,0.0,0.011767803324255864,0.0,0.0,0.0,-2.3535606648512157,0.0,0.0,0.0,0.0,0.0,-228.3103615689135,0.39226011080852885,0.0,0.0,0.0,0.0,-492.05386533877845,0.0,-0.39226011080852885,0.0,0.0,0.0,0.0,0.0,0.0,0.0,0.0,0.0,0.0,468.8045826712141,228.3103615689135,0.0,579.917106845568,-70.99032190732504,0.0,0.0,0.0,0.0,0.0,246.59100475870463,0.0,0.39226011080852885,1000.0,0.0,0.0,0.0,-679.2349254546892,0.0,0.0,0.0,0.0,0.0,0.0,0.0,0.0,0.0,1000.0,-230.07553206755188,9.571146703728104,0.0,0.0,0.0,0.0,0.0,0.0,0.0,0.0,0.0,0.0,0.0,0.0,0.0,-0.63265952157547,0.0,0.0,2.353560664851173,338.926561918841,0.0,0.0,0.0,-148.51163965306586,0.0,0.0,0.008629722437812007,0.0,0.0,0.0,4.785573351864052,0.0,0.0,0.0,0.0,693.3045295952928,0.0,0.0,0.0,0.0,0.0,0.0,0.0,0.0,0.0,0.0,0.0007845202216170801,0.0007845202216170801,0.0,0.0,0.0,0.0,0.0,0.0,0.0,0.0,0.0,0.0,0.0,0.0,0.0,0.0,0.0,228.3103615689135,0.0,0.0,0.0,0.0,0.0,0.0,0.0,0.0,0.0,0.0,0.0,677.853123837682,1000.0,-875.0526400705967,235.53391292137013,0.0,0.0,0.0,4.707121329702346,0.0,0.0,0.0,0.0,0.0,-4.707121329702346,0.0,0.0,677.853123837682,0.0,0.0,0.0,0.0,0.0,0.0,0.0,0.0,0.0,0.0,-1000.0,-1000.0,5.373963518076847,-359.2748348167736,356.92127415192243,0.0,769.9799073614428,0.0,0.0,0.0,0.0,0.0,0.0,0.0,0.0,0.0,0.0,0.0,0.0,0.0,0.0,0.0,0.0,0.0,-0.9806502770213221,0.0,-0.5883901662127933,229.487141901339,0.0,0.0,0.0,0.0,0.0,0.0,-0.09806502770213223,1.3818016170072722,0.0,0.0,0.0,0.0,0.0,0.0,0.0,1000.0,2.353560664851173,2.353560664851173,0.0,0.0,0.0,0.0,0.0,0.008629722437812007,228.3103615689135,0.0,0.0,-769.9799073614428,0.0,0.0,0.0,0.0,0.0,0.0,0.0,0.0,0.0,0.0,0.0,0.0,0.0,0.0,0.0,0.0,0.0,2.4320126870128784,0.0,8.237462326979106,339.5306424894861,0.0,0.0,0.0,0.0,0.0,228.3103615689135,0.0,-0.25261551136020444,0.0,0.0,0.0,-0.9806502770213221,0.0,0.0,0.0,0.0,0.0,0.0,0.0,0.0,0.0,0.0,0.0,0.0,0.0,0.0,0.0,0.0,0.0,0.0,-0.007845202216170577,0.0,0.0,0.39226011080852885,473.9486838383202,0.0,0.0,0.0,0.0,0.0,0.0,0.0,0.0,0.675471910812311,0.19613005540426443,0.0,0.0,0.0,0.007845202216170577,0.0,7.845202216170576,0.0,1.5690404432341154,0.056037158686932695,26.752139557141664,-0.005883901662127932,0.39226011080852885,0.15690404432341154,-0.039226011080018,-26.752139557141664,2.353560664851173,-0.007845202216170577,23.663440635775014,54.61775098507673,0.0019613005540426443,0.056037158686932695,-70.99032190732504,-340.17551811165487,-0.15690404432341154,-300.0,-0.007845202216170577,0.0019613005540426443,-26.752139557141664,141.95365042318275,0.007845202216170577,0.007845202216170577,-228.29388664425952,-338.9179321964032,-26.071135087430434,-0.005883901662127932,2.353560664851173,0.007845202216170577,2.353560664851173,-3.9226011080852885,-0.0039226011080852885,142.0228981220416,-0.7923654238332283,-0.005883901662127932,-0.007845202216170577,0.0,0.007845202216170577,0.7845202216170577,-0.15690404432341154,0.0,0.0,-0.7845202216170435,300.0,0.0,1.5690404432341154,0.011767803324255864,-1000.0,0.7845202216170577,-40.35574076268032,54.61775098507673,-1.5690404432341154,0.0039226011080852885,0.07845202216170577,11.831720317887505,229.8794020121476,-0.007845202216170577,-230.07553206755188,228.29388664425952,2.4320126870128784,0.007845202216170577,340.17551811165487,-95.96562187589353,54.61775098507673,-0.007845202216170577,-0.0019613005540426443,-54.61775098507673,-0.007845202216170577,-99.21547977838294,0.007845202216117286,-0.0019613005540426443,-0.0019613005540426443,-0.0019613005540426443,3.138080886468231,3.9226011080852885,0.07845202216170577,21.82628496751202,-0.0019613005540426443,0.0,0.39226011080852885,50.0,0.007845202216170577,0.0039226011080852885,0.0039226011080852885,28.093395714155424,0.0,0.007845202216170577,0.0,0.07845202216170577,0.007845202216170577,-53.854226518726705,0.007845202216170577,0.03138080886387229,0.039226011080018,0.0039226011080852885,0.0019613005540426443,2.353560664851173,-0.007845202216170577,26.071135087430434,0.07845202216170577,-43.652569935024076,0.19613005540426443,-0.7845202216170577,1.5690404432341154,0.39226011080852885,-0.007845202216170577,70.99032190732504,0.011767803324255864,-0.007845202216170577,-56.18679142831084,0.0,217.2740241208216,0.0039226011080852885,-100.0,-0.007845202216170577,-0.007845202216117286,-0.007845202216170577,0.0039226011080852885,26.752139557141664,-1.5690404432341154,0.007845202216170577,23.66344063577501,-0.0019613005540426443,338.9179321964032,-23.66344063577501,1.1767803324255863,0.7923654238332283,444.56673611779024,26.752139557141664,-0.005883901662127932,230.07553206755188,-229.8794020121476,0.007845202216170577,-0.0019613005540426443,0.39226011080852885,7.845202216170576,-0.0039226011080852885,-0.007845202216170577,0.0019613005540426443,1000.0,0.0,699.9960773988919,32.02794155121468,-255.0,0.0,303.5573895182389,-140.0,141.1691302015657,719.9739878685863,-255.0,208.6803014200225,-300.0,-359.98699393429314,127.5,127.5,-141.1691302015657,70.0,-228.3103615689135,-68.76238446775574,300.0,-208.6803014200225,-68.76238446775574,-303.5573895182389,199.36924558625768,0.0,1496.5981,hplb
220,0.0,0.0,0.0,0.0,0.0,0.0,0.0,0.0,99.63392964075655,0.0,0.0,0.0,0.0,0.0,0.0,0.0,807.4453421170604,0.0,0.0,-559.2790417474299,0.0,0.0,0.0,0.0,0.0,0.0,0.0,0.0,0.0,-807.4453421170604,235.10896609634955,-235.10896609634955,345.2445713345345,0.0,0.0,0.0,0.0,446.65672075216753,0.0,-1000.0,852.2122214646222,0.0,0.0,-1000.0,0.0,0.0,0.0,0.0,1000.0,0.0,0.0,0.0,0.0,0.010847324694168492,0.0,0.0,0.0,1.9722408534854647,0.0,0.0,-79.23809875460124,0.0,-190.96037409856694,-270.1984728531682,0.0,0.0,0.0,0.0,1000.0,-1000.0,0.0,0.09861204267427325,0.0,0.0,0.0,0.0,0.0,0.0,0.0,0.0,0.0,0.0,0.0,0.0,5.916722560456394,0.0,0.0,-781.8792793876578,0.0,492.38682584199563,840.0349462384247,0.0,0.0,-1000.0,2.958361280228197,0.0,147.78777853537784,0.0,370.01409096075304,0.0,0.0,0.4930602133713662,-807.4453421170604,0.0,0.0,0.0,0.0,0.0,0.0,0.0,0.0,0.0,0.0,0.0,0.0,0.0,0.0,0.0,0.0,0.0,0.0,0.0,0.0,0.0,-24.951010341333046,0.0,0.0,147.78777853537784,0.0,3.05697332290247,0.0,0.0,-483.25444423423806,0.0,483.25444423423806,-483.25444423423806,530.3165916144721,156.25000000000014,-156.25000000000014,-530.3165916144721,0.0,0.0,0.0,0.0,0.0,0.7593127285919035,0.009861204267427323,840.0374115394916,0.0,0.0,0.0,-156.4845290420087,0.0,0.0,0.0,0.0,44.22862616592611,0.0,0.0,0.0,0.0,0.0,763.0806043080312,763.0806043080312,0.0,0.0,0.0,0.0,0.0,0.0,0.0,998.1994316086481,0.0,0.0,0.0,-61.80494622759505,-291.9785036000149,0.0,0.0,0.0,0.0,0.0,0.0,0.0,0.0,0.0,0.0,0.0,0.0,0.0,0.0,-692.7090948657507,0.0,0.0,0.0,0.0,0.0,0.0,0.0,-192.38682584199563,192.38682584199563,0.0,0.0,0.0,0.0,0.0,0.0,0.0,0.0,-521.7203623449052,0.0,0.0,0.0,0.0,0.0,0.0,0.0,0.0,0.0,0.0,0.0,0.0,0.0,71.37416988917005,205.25842800412926,-1000.0,0.0,0.0,0.0,0.0,0.0,0.0,0.0,0.0,0.0,-79.23809875460124,0.0,235.10896609634955,0.0,154.24959498091226,0.0,0.0,0.0,0.0,0.0,510.6811600280824,0.0,144.82941725514965,0.0,714.3083717080788,906.6951975500745,25.73389477034658,0.0,1000.0,0.0,0.0,0.0,12.030669206261335,0.0,0.0,0.0,-40.178672719477106,0.0,0.0,-735.0024011376953,-787.4273482797734,0.0,-735.0024011376953,787.4273482797734,0.0,-192.38682584199563,0.0,-969.7865882017677,0.0,0.0,27.512759906122227,0.0,0.0,0.0,938.4363234570184,0.0,-938.4363234570184,0.0,998.1797092001133,0.0,0.0,683.7421416039394,0.0,0.0,0.0,-79.23809875460124,-0.014791806401140984,0.0,0.0,0.0,0.0,0.009861204267427323,0.0,0.0,0.0,34.240156302290416,807.4453421170604,0.0,-99.80404136533218,-533.3730003938624,291.9785036000149,1000.0,0.0,129.4585174171055,0.0,0.0,0.0,0.0,0.0,-0.8490496874254909,-115.33135618358912,-13.27811154609089,124.76479249820639,-1000.0,0.0,0.0,0.0,0.0,0.0,0.0,0.0,0.0,0.0,0.0,0.0,0.0,0.0,0.0,0.0,0.0,154.24959498091226,429.88146840970916,0.0,-16.814697159528123,0.0,0.0,275.25466315432186,0.0,0.0,0.0,-276.33150666032475,0.0,370.01409096075304,0.0,0.0,0.0,-28.21925644875276,0.0,-720.2934895305632,0.0,-856.4493873676581,-692.9465242357002,0.0,0.0,0.0,0.0,719.8004293171919,1000.0,-0.2465301066856831,-0.4930602133713662,0.0,0.0,-862.6114516294766,586.7367819994813,856.201668855649,147.78777853537784,-93.68750000000176,93.68750000000176,0.0,499.9240969878524,0.0,99.64379084502397,0.0,-71.37416988917005,71.37416988917005,71.37416988917005,-575.3294692073697,0.0,0.0,0.0,0.0,0.0,0.0,0.0,0.0,-158.47619750920248,0.0,0.0,0.0,0.0,0.0,0.0,0.0,-99.01387957325727,0.019722408534861235,0.0,0.0,0.0,0.0,0.0,0.0,0.0,0.0,0.0,0.0,0.0,0.0,0.0,0.0,0.0,0.0,0.0,0.0,0.0,0.010847324694168492,0.010847324694168492,235.10896609634955,349.4019290356846,0.0,5.916722560456394,0.0,0.0,0.0,1000.0,0.0,0.0,0.0,0.0,0.0,-596.5029749689996,-1000.0,0.0,0.0,0.0,0.0,0.0,0.0,0.0,0.0,0.0,0.0,0.0,0.0,0.0,8.317003447111015,-34.240156302290416,156.4845290420087,0.0,216.3261420487447,0.0,-1000.0,0.0,0.0,0.0,-596.5029749689996,0.0,0.0,-695.5168545422569,0.0,0.0,71.37416988917005,0.0,0.0,0.0,0.0,0.0,0.0,0.0,0.0,0.0,0.0,0.0,0.0,0.0,5.916722560456394,0.0,0.0,0.0,0.0,0.0,0.0,0.0,0.0,0.0,0.0,0.0,0.0,0.09861204267427325,0.0,235.10896609634955,0.0,0.0,235.10896609634955,0.0,0.0,0.0,147.78777853537784,0.0,0.0,0.0,215.5668293201528,0.0,0.0,0.0,0.0,0.0,0.0,248.14547813788846,0.0,0.0,2.958361280228197,2.958361280228197,1000.0,-1000.0,0.0,0.0,0.0,0.0,0.0,0.0,0.0,-317.319450381146,0.0,-277.01751260832606,0.009861204267427323,0.0,0.0,13.023128978604554,0.0,205.46250394884464,0.0,1000.0,0.0,0.0,0.0,0.0,0.0,0.0,0.0,0.0,0.0,0.0,0.0,0.0,0.0,0.0,0.009861204267427323,0.0,0.0,0.0,-416.5504562155843,416.5504562155843,0.0,0.0,0.0,0.0,0.0,368.93724745475015,0.0,0.0,-446.6961655692373,-0.7395903200570494,0.0,-0.4930602133713662,0.0,0.0,0.0,0.0,0.0,0.0,0.0,0.0,0.0,0.0,0.0,0.0,291.9785036000149,0.0,0.0,-5.916722560456394,0.0,0.0,0.0,99.63392964075655,0.0,0.0,0.009861204267427323,0.0,0.009861204267427323,0.0,0.0,0.0,5.916722560456394,12.030669206261335,12.030669206261335,0.0,0.0,0.0,0.0,0.0,0.0,0.0,156.4845290420087,0.0,0.0,0.0,0.0,0.0,0.0,0.0,0.0,0.0,0.0,0.0,0.0,0.0,0.0,0.0,0.0,0.0,0.0,0.0,0.0,0.0,0.0,0.0,0.014791806401140984,0.0,0.0,0.0,-147.78777853537784,0.0,0.0,0.0,0.0,0.0,-349.4019290356846,0.4930602133713662,0.0,0.0,0.0,0.0,0.0,276.33150666032475,-0.4930602133713662,0.0,0.0,0.0,0.0,0.0,0.0,0.0,0.0,0.0,0.0,0.0,278.02775914651454,0.0,479.51228818852326,205.46250394884464,0.0,0.0,370.01409096075304,-370.01409096075304,0.0,0.0,0.0,0.4930602133713662,1000.0,0.0,0.0,-235.10896609634955,-158.47619750920248,0.0,0.0,0.0,0.0,0.0,0.0,0.0,0.0,0.0,350.14151935574165,-351.6206999958556,12.030669206261335,0.0,0.0,0.0,235.10896609634955,0.0,0.0,0.0,0.0,0.0,510.6811600280824,0.0,0.0,0.0,-13.023128978604554,-491.33922845684515,0.0,2.958361280228197,0.0,0.0,0.0,0.0,-207.11062478795364,0.0,0.0,0.010847324694168492,0.0,0.0,0.0,6.015334603130667,0.0,0.0,0.0,0.0,205.25842800412926,0.0,0.0,0.0,0.0,0.0,0.0,0.0,0.0,0.0,0.0,0.0009861204267427605,0.0009861204267427605,0.0,0.0,0.0,0.0,0.0,0.0,0.0,0.0,0.0,13.023128978604554,235.10896609634955,0.0,0.0,0.0,0.0,349.4019290356846,0.0,0.0,0.0,0.0,0.0,0.0,0.0,0.0,0.0,0.0,0.0,0.0,550.8966092589112,534.9284450260118,0.0,0.0,0.0,0.0,5.916722560456394,0.0,0.0,0.0,0.0,0.0,0.0,-5.916722560456394,0.0,0.0,0.0,0.0,0.0,0.0,0.0,0.0,0.0,235.10896609634955,235.10896609634955,0.0,277.01751260832606,-1000.0,6.754924923187716,0.0,-147.78777853537784,0.0,446.65672075216753,0.0,0.0,0.0,0.0,0.0,0.0,0.0,0.0,0.0,0.0,0.0,0.0,0.0,0.0,0.0,0.0,0.0,-1.2326505334284157,0.0,-0.7395903200570494,350.8811096757987,0.0,0.0,0.0,0.0,0.0,0.0,-0.12326505334284153,158.47619750920248,0.0,0.0,0.0,0.0,0.0,0.0,0.0,1000.0,2.958361280228197,2.958361280228197,0.0,0.0,0.0,0.0,0.0,0.010847324694168492,349.4019290356846,0.0,0.0,-446.65672075216753,0.0,0.0,0.0,0.0,0.0,0.0,0.0,0.0,0.0,0.0,0.0,0.0,0.0,0.0,0.0,0.0,0.0,0.0,0.0,10.35426448079869,0.7593127285919035,0.0,0.0,0.0,0.0,0.0,349.4019290356846,0.0,-1.0768435060028878,0.0,0.0,0.0,-1.2326505334284157,0.0,0.0,0.0,0.0,0.0,0.0,0.0,0.0,0.0,0.0,0.0,0.0,0.0,0.0,0.0,0.0,0.0,0.0,-0.009861204267427323,0.0,0.0,0.4930602133713662,596.5029749689996,0.0,0.0,0.0,0.0,0.0,0.0,0.0,0.0,0.8490496874254909,0.2465301066856831,0.0,0.0,0.0,0.009861204267427323,0.0,9.861204267427324,-3.05697332290247,1.9722408534854647,0.0704371733387666,27.512759906122227,-0.007395903200570492,0.49306021337133643,0.1972240853485465,-0.04930602133717744,-27.512759906122227,2.958361280228197,-0.009861204267427323,0.0,0.0,0.002465301066856831,0.0704371733387666,0.0,-1.569903719374254,234.911742011001,-248.16630036963045,-0.009861204267427323,0.002465301066856831,-27.512759906122227,0.9861204267427324,0.009861204267427323,0.009861204267427323,-349.38122050672297,0.010847324694170084,-238.79594695894713,-0.007395903200570492,2.958361280228197,0.009861204267427323,147.78777853537784,139.898815121436,-0.004930602133713662,194.56732079302103,-0.9959816310101597,-0.007395903200570492,-0.009861204267427323,-3.05697332290247,0.009861204267427323,0.9861204267427297,-0.1972240853485465,0.0,0.0,-0.9861204267427324,248.16630036963045,0.0,1.9722408534854647,0.014791806401140984,-441.79622613614924,0.9861204267427324,-8.317003447111015,0.0,-1.9722408534854647,0.004930602133713662,0.09861204267427325,24.951010341333046,280.0,-0.009861204267427323,-351.6206999958556,349.38122050672297,3.05697332290247,0.009861204267427323,1.569903719374254,-156.6628623760625,0.0,-0.009861204267427323,-0.002465301066856831,0.0,-0.009861204267427323,-99.01387957325727,0.009861204267427323,-0.002465301066856831,-0.002465301066856831,-0.002465301066856831,3.9444817069709295,-139.898815121436,0.09861204267427325,300.06042193391727,-0.002465301066856831,49.90202068266609,0.4930602133713662,50.0,0.009861204267427323,0.004930602133713662,0.004930602133713662,0.9861204267427324,3.05697332290247,0.009861204267427323,-3.05697332290247,0.09861204267427325,0.009861204267427323,-885.5694263784933,0.009861204267427323,0.039444817069750115,0.04930602133717744,0.004930602133713662,0.002465301066856831,2.958361280228197,-0.009861204267427323,238.79594695894713,-117.4558710055005,-600.1208438678345,0.24653010668571296,-0.9861204267427297,1.9722408534854647,0.4930602133713662,-0.009861204267427323,0.0,0.014791806401140984,-0.009861204267427323,-1.9722408534854647,3.05697332290247,352.837281987448,0.004930602133713662,-100.0,-0.009861204267427323,-0.009861204267427323,-0.009861204267427323,0.004930602133713662,27.512759906122227,-1.9722408534854647,0.009861204267427323,49.90202068266609,-0.002465301066856831,-0.010847324694170084,-49.90202068266609,1.4791806401140986,0.9959816310101597,639.6613829220491,27.512759906122227,-0.007395903200570492,351.6206999958556,-280.0,0.009861204267427323,-0.0024653010668568313,0.4930602133713662,9.861204267427324,-0.004930602133713662,-0.009861204267427323,0.002465301066856831,0.0,0.0,141.79129553401552,585.509004444576,267.87917667864855,0.0,-27.174974873431893,-140.0,0.0,435.57371731726306,-132.02937258281287,-325.0,-300.0,-217.78685865863153,-133.93958833932427,66.01468629140643,0.0,70.0,-349.4019290356846,-145.72665719949435,300.0,325.0,-145.72665719949435,27.174974873431893,64.25088353794393,0.0,1496.5981,hplb
221,0.0,0.0,0.0,0.0,0.0,0.0,0.0,0.0,-0.017733669392784413,0.0,0.0,0.0,0.0,0.0,0.0,0.0,-464.03023996320616,687.0630485444389,0.0,76.9671914187673,0.0,0.0,0.0,0.0,0.0,553.343009447408,0.0,0.0,0.0,-25.746163636554343,0.0,0.0,117.05401410140337,0.0,0.0,0.0,0.0,808.7710419104328,0.0,-1000.0,937.8677036991462,0.0,-130.99917676955226,0.0,0.0,0.0,0.0,0.0,1000.0,0.0,0.0,279.9058882619072,0.0,0.019507036332100824,0.0,0.0,0.0,3.546733878556883,0.0,0.0,-32.636428437077164,0.0,-444.8655458949766,-477.50197433205375,0.0,0.0,0.0,0.0,624.6718558800293,-624.6718558800293,0.0,0.17733669392784415,0.0,0.0,0.0,0.0,0.0,0.0,0.0,0.0,0.0,0.0,-438.3040355473649,0.0,10.64020163567065,0.0,0.0,-811.9521953115784,855.8883235366918,105.89439364514283,-0.004433417348196104,0.0,0.0,-857.6215088943613,5.320100817835325,0.0,68.13994634270416,-0.5710241544476418,0.0,0.0,0.0,784.9774888979717,-643.5072194541369,0.0,0.0,-22.554071805016065,0.0,0.0,0.0,0.0,0.0,0.0,0.0,0.0,0.0,0.0,0.0,0.0,0.0,0.0,0.0,0.0,0.0,0.0,-853.8743037098886,0.0,0.0,68.13994634270416,0.0,5.4974375117631675,5.4974375117631675,0.0,-897.357701401717,897.357701401717,0.0,0.0,439.7132241503628,-31.25000000000003,31.25000000000003,-439.7132241503628,0.0,0.0,0.0,0.0,0.0,439.6695280906093,0.017733669392784413,0.0,0.0,0.0,-972.2731504883089,972.2731504883089,0.0,0.0,0.0,0.0,-347.0549454581774,0.0,0.0,0.0,0.0,0.0,119.21287064340424,119.21287064340424,0.0,0.0,0.0,-656.2499999999999,0.0,0.0,0.0,119.23060431279703,0.0,0.0,0.0,0.0,-371.6762137926362,0.0,0.0,0.0,0.0,0.0,0.0,0.0,0.0,0.0,-640.3950163166022,0.0,0.0,0.0,0.0,-1000.0,0.0,0.0,0.0,0.0,0.0,0.0,-148.9067114923549,-855.8883235366918,855.8883235366918,0.0,0.0,0.0,0.0,0.0,0.0,0.0,617.7610558175827,-680.763442552655,0.0,0.0,0.0,0.0,0.0,0.0,0.0,0.0,0.0,0.0,0.0,0.0,0.0,81.82169235749585,140.0858168340754,-361.31688490788457,0.0,0.0,0.0,0.0,142.37849110563863,0.0,0.0,0.0,0.0,-32.636428437077164,-361.31688490788457,0.0,0.0,0.0,0.0,0.0,0.0,0.0,0.0,0.0,0.0,62.81984552486884,0.0,-580.7774703038314,1000.0,-816.7472303406252,0.0,361.31688490788457,0.0,0.0,0.0,558.5216376313267,0.0,0.0,0.0,-256.2870904721269,0.0,0.0,-61.96081120932092,0.0,0.0,-61.96081120932081,0.0,0.0,0.0,0.0,0.0,0.0,0.0,-81.90667847624378,0.0,0.0,0.0,0.0,0.0,0.0,0.0,119.19513697401146,0.0,0.0,296.68248564232897,-656.25,0.0,0.0,-32.636428437077164,-0.02660050408917662,0.0,0.0,0.0,0.0,0.017733669392784413,0.0,0.0,0.0,789.4815625516571,-464.03023996320616,0.0,-15.036047870010709,134.55417065149484,371.6762137926362,1000.0,0.0,0.0,0.0,-22.554071805016065,0.0,0.0,0.0,-1.5268689347187758,1.5268689347187758,0.0,-1000.0,-1000.0,0.0,0.0,0.0,0.0,0.0,0.0,0.0,0.0,0.0,0.0,0.0,0.0,0.0,0.0,0.0,0.0,0.0,-330.99409819848273,0.0,-1000.0,0.0,0.0,0.0,0.0,447.4810851144082,0.0,-439.6695280906093,0.0,438.30403554736495,0.0,855.8776492983827,784.0908054283326,0.0,0.0,-392.9320861838055,22.18126277657319,-626.1987248147481,562.8522843767828,-0.8866834696392207,0.0,-879.756035135767,0.0,0.0,0.0,-22.6246045113928,0.0,0.0,0.0,606.2341707122729,540.8765354564473,0.0,68.13994634270416,218.68750000000014,-218.68750000000014,0.0,0.0,0.0,0.0,0.0,-81.82169235749585,81.82169235749585,81.82169235749585,274.0073379264592,0.0,0.0,0.0,0.0,0.0,617.7610558175827,0.0,0.0,-65.27285687415433,0.0,-718.7500000000007,6.007650041850365,0.0,0.0,0.0,0.0,71.94587049137124,0.035467338785565516,0.0,0.0,0.0,0.0,0.0,0.0,0.0,0.0,0.0,0.0,0.0,0.0,0.0,0.0,0.0,0.0,0.0,0.0,0.0,0.019507036332100824,0.019507036332100824,0.0,358.27495847893897,0.0,10.64020163567065,0.0,0.0,0.0,1000.0,0.0,0.0,0.0,0.0,0.0,96.66686678140888,-1000.0,0.0,0.0,0.0,0.0,0.0,6.007650041850365,0.0,0.0,0.0,0.0,0.0,0.0,0.0,284.62476790329623,-789.4815625516571,0.0,0.0,1.365492543244386,0.0,0.0,-857.6215088943613,-1000.0,0.0,-509.28945729336704,0.0,0.0,168.61273727278012,-406.2500000000004,406.2500000000004,81.82169235749585,0.0,0.0,0.0,0.0,0.0,0.0,0.0,0.0,0.0,0.0,0.0,0.0,0.0,10.64020163567065,0.0,0.0,0.0,0.0,0.0,0.0,0.0,0.0,0.0,0.0,0.0,0.0,0.17733669392784415,0.0,0.0,0.0,0.0,0.0,-148.9067114923549,0.0,0.0,68.13994634270416,0.0,0.0,0.0,0.0,0.0,0.0,0.0,0.0,0.0,0.0,1000.0,0.0,0.0,5.320100817835325,5.320100817835325,1000.0,-1000.0,0.0,6.007650041850365,0.0,0.0,0.0,0.0,0.0,643.5072194541369,617.7610558175827,422.09099976257767,0.017733669392784413,0.0,0.0,0.0,1.4300937674609717,0.0,0.0,857.6215088943613,0.0,0.0,0.0,0.0,0.0,0.0,46.612024928828916,0.0,0.0,0.0,0.0,0.0,0.0,0.0,0.017733669392784413,0.0,0.0,0.0,-492.39059491868824,492.39059491868824,0.0,0.0,0.0,0.0,0.0,22.34117879076956,0.0,-23.70667133401389,-669.0059018015172,-1.3300252044588206,0.0,-0.8866834696392215,0.0,0.0,0.0,0.0,0.0,0.0,0.0,0.0,0.0,0.0,0.0,0.0,371.6762137926362,0.0,0.0,607.120854181912,0.0,0.0,0.0,-0.017733669392784413,0.0,0.0,0.017733669392784413,0.0,0.017733669392784413,139.83607478648673,0.0,0.0,10.64020163567065,21.635076659196983,21.635076659196983,0.0,0.0,0.0,0.0,0.0,0.0,438.3040355473649,0.0,0.0,617.7610558175827,0.0,0.0,0.0,0.0,0.0,0.0,0.0,0.0,0.0,0.0,0.0,0.0,0.0,0.0,0.0,0.0,0.0,142.37849110563863,0.0,-413.5069346609213,413.5069346609213,0.02660050408917662,0.0,0.0,0.0,-68.13994634270416,0.0,0.0,0.0,0.0,0.0,-358.27495847893897,0.8866834696392207,0.0,0.0,0.0,656.2499999999999,0.0,439.6695280906093,-0.8866834696392215,0.0,-718.7500000000007,0.0,0.0,0.0,0.0,0.0,0.0,0.0,0.0,-832.9253255181958,276.4532661214431,0.0,321.4532661214431,-22.554071805016065,0.0,0.0,462.01070688137884,-462.01070688137884,0.0,536.8865609721297,0.0,0.8866834696392215,873.4694205856488,0.0,0.0,0.0,-65.27285687415433,0.0,0.0,781.2500000000007,-781.2500000000007,0.0,0.0,0.0,0.0,0.0,1000.0,-362.2650340923155,21.635076659196983,0.0,974.2521761555033,974.2521761555033,-974.2521761555033,0.0,0.0,0.0,0.0,0.0,0.0,0.0,0.0,0.0,-1.4300937674609717,0.0,-130.99917676955226,5.320100817835325,0.0,0.0,0.0,0.0,-292.2952448982143,0.0,0.0,0.019507036332100824,0.0,0.0,0.0,10.817538329598491,0.0,0.0,0.0,0.0,140.0858168340754,0.0,0.0,0.0,0.0,0.0,0.0,0.0,0.0,-799.1967830526905,0.0,927.4088565194259,0.0017733669392784922,0.0,0.0,0.0,0.0,0.0,139.83607478648673,0.0,0.0,0.0,0.0,0.0,0.0,0.0,0.0,0.0,358.27495847893897,0.0,0.0,0.0,0.0,0.0,0.0,0.0,0.0,0.0,0.0,0.0,0.0,0.0,0.0,687.0630485444389,0.0,0.0,0.0,10.64020163567065,0.0,0.0,0.0,0.0,0.0,0.0,-10.64020163567065,0.0,0.0,0.0,0.0,0.0,0.0,0.0,0.0,0.0,0.0,0.0,0.0,-422.09099976257767,-1000.0,12.147563534057324,0.0,-68.13994634270416,0.0,668.9349671239461,0.0,0.0,0.0,0.0,0.0,0.0,0.0,0.0,0.0,0.0,0.0,0.0,0.0,0.0,0.0,0.0,0.0,-2.216708674098042,0.0,-785.4208306327914,360.9350088878566,0.0,0.0,0.0,0.0,0.0,-0.22167086740980518,0.0,65.27285687415433,0.0,0.0,0.0,0.0,0.0,0.0,0.0,1000.0,5.320100817835325,5.320100817835325,0.0,0.0,0.0,0.0,0.0,0.019507036332100824,358.27495847893897,0.0,0.0,-808.7710419104328,927.4070831524866,0.0,0.0,0.0,0.0,0.0,0.0,0.0,0.0,0.0,0.0,0.0,0.0,0.0,0.0,0.0,0.0,5.4974375117631675,0.0,18.620352862423637,0.0,0.0,439.6695280906093,0.0,0.0,0.0,358.27495847893897,0.0,-440.2405522450569,0.0,0.0,0.0,-2.216708674098042,0.0,0.0,0.0,0.0,0.0,0.0,0.0,0.0,0.0,0.0,0.0,0.0,0.0,0.0,0.0,0.0,0.0,0.0,-0.017733669392784413,0.0,0.0,0.8866834696392207,-96.66686678140888,0.0,0.0,0.0,0.0,0.0,0.0,0.0,0.0,1.5268689347187758,0.44334173481961037,0.0,0.0,553.343009447408,0.017733669392784413,0.0,17.733669392784414,0.0,3.546733878556883,0.12666906709131726,60.47181262939485,-0.01330025204458831,392.9320861838055,0.3546733878556883,139.74740643952282,-60.47181262939485,5.320100817835325,-0.017733669392784417,7.518023935005354,6.007650041850365,0.004433417348196104,0.12666906709131726,-22.554071805016065,-2.823200167331235,-0.3546733878556883,-300.0,-0.017733669392784417,0.004433417348196104,-60.47181262939485,1.7733669392784415,0.017733669392784417,0.017733669392784413,-358.23771777321406,0.019507036332017218,0.0,-0.01330025204458831,5.320100817835325,0.017733669392784417,68.13994634270416,53.95301082847663,-0.008866834696392208,392.1630890682095,-144.16959171430986,-0.01330025204458831,-0.017733669392784417,0.0,0.017733669392784413,1.7733669392784464,-0.3546733878556883,142.37849110563863,142.37849110563863,-1.7733669392784415,300.0,-142.37849110563863,3.546733878556883,0.02660050408917662,0.0,1.7733669392784415,-284.62476790329623,6.007650041850365,-3.546733878556883,0.008866834696392208,0.17733669392784415,3.759011967502677,280.0,-0.017733669392784413,-362.2650340923155,358.23771777321406,5.4974375117631675,0.017733669392784417,2.823200167331235,-78.0925987543597,6.007650041850365,-0.017733669392784413,-0.004433417348196104,-6.007650041850365,-0.017733669392784417,71.94587049137124,0.01773366939267073,-0.004433417348196104,-0.004433417348196104,-0.004433417348196104,7.093467757113766,-53.95301082847663,0.17733669392784415,124.44594405221773,-0.004433417348196104,0.0,0.8866834696392207,-35.086251776046396,0.017733669392784413,0.008866834696392208,0.008866834696392208,4.7771919602036235,0.0,0.017733669392784413,0.0,0.17733669392784415,0.017733669392784417,-347.06096753389653,0.01773366939278441,0.07093467757115945,-139.74740643952282,0.008866834696392208,0.004433417348196104,5.320100817835325,-0.017733669392784417,0.0,0.17733669392784415,-248.89188810443545,392.48874444898587,-1.7733669392784464,3.546733878556883,0.8866834696392207,-0.01773366939278441,22.554071805016065,0.02660050408917662,-0.017733669392784417,-9.554383920407247,0.0,356.9328277778145,0.008866834696392208,70.17250355209279,-0.017733669392784417,-0.01773366939267073,-0.017733669392784417,0.008866834696392208,60.47181262939485,-3.546733878556883,0.017733669392784413,7.518023935005354,-0.004433417348196104,-0.019507036332017218,-7.518023935005354,2.660050408917662,144.16959171430986,-369.1166204191929,60.47181262939485,-0.01330025204458831,362.2650340923155,-280.0,0.017733669392784417,-0.004433417348196104,856.764332768022,17.733669392784414,-0.008866834696392208,-0.017733669392784417,0.004433417348196104,1000.0,0.0,-105.90326047983922,222.6150234816788,179.2313355306635,0.0,712.9846406223242,-140.0,0.0,457.3419658484579,-255.0,-325.0,-105.89439364514283,-228.67098292422895,-89.61566776533175,127.5,0.0,70.0,-358.27495847893897,-64.63758287960017,105.89439364514283,325.0,-64.63758287960017,-712.9846406223242,394.6519362187027,0.0,1496.5981,hplb
222,0.0,0.0,0.0,0.0,0.0,0.0,0.0,0.0,213.39978822681837,0.0,0.0,0.0,0.0,0.0,0.0,0.0,-40.08247653189392,0.0,0.0,-15.732960068422699,0.0,0.0,0.0,0.0,0.0,0.0,0.0,0.0,0.0,-1000.0,39.19762412305685,-39.19762412305685,203.92054336691936,0.0,0.0,0.0,0.0,424.8177634288404,0.0,-1000.0,515.538400110862,0.0,-942.6091570590178,-752.342494039141,0.0,0.0,335.7570488137858,0.0,708.0912425359369,0.0,0.0,91.27402931226588,0.0,0.0,0.0,0.0,0.0,0.0,0.0,0.0,-13.065874707685566,0.0,0.0,-13.065874707685566,0.0,0.0,0.0,0.0,0.0,715.3980996823908,0.0,0.0,0.0,0.0,0.0,0.0,0.0,0.0,0.0,0.0,0.0,0.0,-291.2708382347539,0.0,0.0,0.0,0.0,-551.748210102626,1000.0,219.19803681053224,0.0,0.0,0.0,373.62614301561183,0.0,0.0,634.461599889138,-39.197624123056585,0.0,0.0,0.0,0.0,-1000.0,0.0,0.0,-80.0,0.0,318.5245953014217,0.0,0.0,0.0,0.0,0.0,0.0,0.0,0.0,0.0,0.0,0.0,0.0,0.0,0.0,0.0,0.0,-336.50285061234433,0.0,0.0,634.461599889138,0.0,0.0,0.0,0.0,-141.9170840433908,141.9170840433908,0.0,0.0,540.5555547681095,0.0,0.0,-540.5555547681095,0.0,0.0,0.0,0.0,0.0,291.2708382347539,0.0,0.0,0.0,0.0,0.0,0.0,0.0,0.0,291.2708382347539,0.0,-25.252186509504966,0.0,0.0,0.0,0.0,0.0,625.0453270631574,625.0453270631574,0.0,0.0,0.0,0.0,0.0,0.0,0.0,664.2429511862142,0.0,0.0,0.0,-541.0794566330808,0.0,0.0,0.0,0.0,0.0,0.0,0.0,0.0,0.0,0.0,-663.8251028328519,0.0,0.0,0.0,0.0,-1000.0,0.0,0.0,0.0,0.0,0.0,0.0,851.3351277467519,-919.1980368105322,919.1980368105322,0.0,0.0,0.0,0.0,0.0,0.0,0.0,0.0,47.88563093937595,0.0,0.0,0.0,0.0,0.0,0.0,0.0,0.0,0.0,0.0,0.0,0.0,0.0,0.0,534.461599889138,-519.3438937507948,0.0,0.0,0.0,0.0,0.0,0.0,0.0,0.0,0.0,-13.065874707685566,232.9986002883462,39.19762412305685,0.0,0.0,0.0,0.0,0.0,0.0,0.0,0.0,0.0,634.461599889138,0.0,23.41112024848553,1000.0,88.48012336953059,0.0,519.3438937507948,0.0,0.0,0.0,1000.0,0.0,0.0,0.0,-6.532937353842726,0.0,0.0,-633.5708197041379,0.0,0.0,-633.5708197041379,0.0,0.0,80.80196318946776,0.0,-1000.0,0.0,0.0,0.0,0.0,0.0,0.0,0.0,0.0,0.0,0.0,1000.0,0.0,0.0,0.0,0.0,0.0,0.0,-13.065874707685566,0.0,0.0,0.0,0.0,0.0,0.0,0.0,0.0,0.0,365.53840011086197,-40.08247653189392,0.0,-146.01140244937733,-61.98293521503835,0.0,1000.0,0.0,0.0,0.0,-80.0,0.0,0.0,0.0,0.0,0.0,0.0,-780.0672744193394,-1000.0,0.0,0.0,0.0,0.0,0.0,0.0,0.0,0.0,0.0,0.0,0.0,0.0,0.0,0.0,0.0,0.0,0.0,343.82574197206407,0.0,-656.1742580279359,291.2708382347539,575.1822365711596,0.0,0.0,0.0,0.0,-252.07321411169707,0.0,0.0,0.0,0.0,0.0,0.0,0.0,51.572996849538846,0.0,0.0,-715.3980996823908,0.0,0.0,0.0,0.0,-51.57299684953887,-663.8251028328519,0.0,0.0,0.0,0.0,715.3980996823908,0.0,0.0,634.461599889138,0.0,0.0,0.0,0.0,0.0,213.39978822681837,0.0,0.0,0.0,0.0,-466.98293521503837,0.0,0.0,0.0,0.0,0.0,0.0,0.0,0.0,-26.131749415371132,0.0,-1000.0,150.0,0.0,0.0,0.0,0.0,-100.0,0.0,0.0,0.0,0.0,0.0,0.0,0.0,0.0,0.0,0.0,715.3980996823908,0.0,0.0,0.0,0.0,0.0,0.0,0.0,0.0,0.0,0.0,0.0,39.19762412305685,280.0,0.0,0.0,0.0,0.0,0.0,1000.0,0.0,0.0,0.0,0.0,0.0,-83.9205433669193,-1000.0,0.0,0.0,261.8199687093165,0.0,0.0,150.0,0.0,0.0,0.0,0.0,0.0,0.0,0.0,112.16761687078144,-365.53840011086197,0.0,0.0,0.0,0.0,785.9682221585296,-412.3420791429177,-412.3420791429177,0.0,-83.9205433669193,0.0,-183.9205433669193,0.0,-93.75000000000009,93.75000000000009,0.0,0.0,0.0,0.0,0.0,0.0,0.0,0.0,0.0,0.0,0.0,0.0,0.0,0.0,0.0,0.0,0.0,0.0,0.0,0.0,0.0,0.0,0.0,0.0,0.0,0.0,0.0,0.0,0.0,39.19762412305685,0.0,0.0,39.19762412305685,851.3351277467519,0.0,0.0,634.461599889138,-261.8199687093165,0.0,0.0,0.0,0.0,0.0,0.0,0.0,0.0,0.0,720.6730288216352,0.0,0.0,0.0,0.0,277.114369060624,-1000.0,0.0,150.0,0.0,0.0,0.0,0.0,0.0,780.0672744193394,0.0,786.6002117731821,0.0,0.0,0.0,-147.21077984726168,147.21077984726168,143.92054336691933,0.0,-373.62614301561183,0.0,0.0,0.0,0.0,0.0,0.0,0.0,0.0,0.0,0.0,0.0,0.0,0.0,0.0,0.0,0.0,0.0,0.0,0.0,0.0,0.0,0.0,0.0,575.1822365711596,0.0,-252.07321411169707,0.0,0.0,-1000.0,0.0,0.0,0.0,0.0,968.75,968.75,-968.75,0.0,0.0,0.0,0.0,0.0,0.0,0.0,0.0,0.0,0.0,0.0,715.3980996823908,0.0,0.0,0.0,213.39978822681837,0.0,0.0,0.0,0.0,0.0,0.0,0.0,0.0,0.0,0.0,0.0,0.0,0.0,0.0,0.0,0.0,0.0,0.0,0.0,0.0,0.0,0.0,0.0,0.0,0.0,0.0,0.0,0.0,0.0,0.0,0.0,0.0,0.0,0.0,0.0,0.0,0.0,0.0,0.0,0.0,0.0,0.0,0.0,0.0,0.0,0.0,-634.461599889138,0.0,0.0,0.0,0.0,0.0,-280.0,0.0,0.0,0.0,0.0,0.0,0.0,252.07321411169707,0.0,0.0,-1000.0,0.0,0.0,0.0,0.0,0.0,0.0,0.0,261.8199687093165,1000.0,280.0,0.0,325.0,63.92054336691933,0.0,0.0,0.0,0.0,291.2708382347539,1000.0,0.0,0.0,1000.0,0.0,0.0,-39.19762412305685,-26.131749415371132,0.0,0.0,-968.7500000000009,968.7500000000009,0.0,0.0,0.0,0.0,0.0,943.8251028328519,-280.0,0.0,0.0,0.0,0.0,39.19762412305685,0.0,0.0,0.0,0.0,0.0,0.0,0.0,0.0,0.0,-715.3980996823908,-606.9170840433908,-942.6091570590178,0.0,0.0,0.0,0.0,0.0,-194.4436802559598,0.0,0.0,0.0,0.0,0.0,0.0,0.0,0.0,0.0,0.0,0.0,534.461599889138,0.0,0.0,0.0,0.0,0.0,0.0,0.0,0.0,232.0464310986987,0.0,0.0,0.0,0.0,0.0,0.0,0.0,0.0,0.0,0.0,0.0,0.0,-147.21077984726168,39.19762412305685,0.0,0.0,0.0,0.0,280.0,0.0,0.0,0.0,0.0,0.0,0.0,0.0,0.0,0.0,0.0,0.0,0.0,463.52845715047806,0.0,0.0,0.0,0.0,0.0,0.0,0.0,0.0,0.0,0.0,0.0,1000.0,-1000.0,0.0,0.0,0.0,0.0,0.0,0.0,0.0,0.0,0.0,39.19762412305685,39.19762412305685,0.0,-1000.0,-1000.0,0.0,-634.461599889138,0.0,0.0,1000.0,0.0,0.0,0.0,0.0,0.0,0.0,0.0,0.0,0.0,734.375,0.0,-734.375,-734.375,0.0,0.0,0.0,0.0,0.0,0.0,0.0,280.0,0.0,0.0,0.0,0.0,0.0,0.0,0.0,317.40258765012504,0.0,0.0,0.0,0.0,0.0,0.0,0.0,786.6002117731821,0.0,0.0,0.0,0.0,0.0,0.0,0.0,0.0,280.0,0.0,0.0,-1000.0,0.0,0.0,0.0,0.0,0.0,0.0,0.0,0.0,0.0,0.0,0.0,0.0,0.0,0.0,0.0,0.0,0.0,0.0,0.0,0.0,0.0,0.0,0.0,0.0,0.0,0.0,280.0,0.0,-291.2708382347537,0.0,0.0,0.0,0.0,0.0,0.0,0.0,0.0,0.0,0.0,0.0,0.0,0.0,0.0,0.0,0.0,0.0,0.0,0.0,0.0,0.0,0.0,0.0,0.0,0.0,0.0,83.9205433669193,0.0,0.0,0.0,0.0,0.0,0.0,0.0,0.0,0.0,0.0,0.0,0.0,0.0,0.0,0.0,0.0,0.0,0.0,0.0,0.0,0.0,0.0,0.0,0.0,0.0,0.0,0.0,26.666666666666668,150.0,0.0,0.0,-80.0,0.0,39.19762412305685,55.815436600316616,0.0,0.0,0.0,0.0,0.0,0.0,-280.0,0.0,0.0,0.0,0.0,0.0,634.461599889138,634.461599889138,0.0,185.25218650950495,0.0,0.0,0.0,0.0,0.0,0.0,0.0,0.0,0.0,0.0,-55.815436600316616,0.0,0.0,0.0,700.0,0.0,-112.16761687078144,150.0,0.0,0.0,0.0,36.50285061234433,280.0,0.0,-280.0,280.0,0.0,0.0,0.0,-484.46159988913803,150.0,0.0,0.0,-150.0,0.0,-100.0,0.0,0.0,0.0,0.0,0.0,-634.461599889138,0.0,77.85222001507574,0.0,46.33903455802199,0.0,50.0,0.0,0.0,0.0,75.0,0.0,0.0,0.0,0.0,0.0,-233.55666004522854,0.0,0.0,0.0,0.0,0.0,0.0,0.0,0.0,-19.598812061528424,-155.7044400301515,0.0,0.0,0.0,0.0,0.0,80.0,0.0,0.0,-150.0,0.0,316.46184175128434,0.0,-100.0,0.0,0.0,0.0,0.0,0.0,0.0,0.0,73.00570122468866,0.0,0.0,-73.00570122468866,0.0,0.0,-862.7124976625655,0.0,0.0,280.0,-280.0,0.0,0.0,0.0,0.0,0.0,0.0,0.0,0.0,0.0,-1000.0,155.7044400301528,-255.0,0.0,465.53840011086197,-140.0,0.0,-80.0,403.06239184811903,-325.0,-300.0,40.0,127.5,-201.53119592405952,0.0,70.0,-280.0,-122.01816149532452,300.0,325.0,-122.01816149532452,-465.53840011086197,475.0,0.0,1496.5981,hplb
223,0.0,0.0,0.0,0.0,0.0,0.0,0.0,0.0,-0.01482119170948948,0.0,0.0,0.0,0.0,0.0,0.0,0.0,-188.33652537398802,488.336525373988,0.0,0.0,0.0,0.0,0.0,375.6024902289629,0.0,312.0128172053672,0.0,0.0,0.0,-811.663474626012,77.48416696437802,-77.48416696437802,60.27567416579652,0.0,0.0,0.0,0.0,999.940715233162,0.0,-1000.0,725.3566972403926,0.0,0.0,669.8518181499472,0.0,0.0,0.0,0.0,1000.0,0.0,0.0,0.0,0.0,0.016303310880431354,0.0,0.0,0.0,2.964238341897896,0.0,0.0,-197.0223634469751,0.0,0.0,-279.4284548186176,0.0,0.0,0.0,0.0,82.40609137164247,0.0,0.0,0.1482119170948948,0.0,0.0,0.0,0.0,0.0,0.0,0.0,0.0,0.0,0.0,0.0,0.0,8.892715025693688,0.0,197.3577519661808,35.131845482198514,256.9833488704094,0.0,397.680325628608,0.0,0.0,-54.059050705927405,4.446357512846844,0.0,274.6433027596074,0.0,915.1001160900337,0.0,0.0,808.9805038152862,-811.663474626012,0.0,0.0,-79.39677749742378,0.0,0.0,0.0,0.0,0.0,0.0,0.0,0.0,0.0,0.0,0.0,0.0,0.0,0.0,0.0,0.0,0.0,0.0,-414.9909087049541,0.0,0.0,274.6433027596074,0.0,4.594569429941738,4.594569429941738,0.0,0.0,975.5896255799956,-975.5896255799956,975.5896255799956,-1000.0,0.0,0.0,917.5939086283576,0.0,0.0,0.0,0.0,0.0,198.4989837278115,0.01482119170948948,397.68403092653534,0.0,0.0,0.0,0.0,0.0,0.0,0.0,0.0,82.03078102235695,0.0,0.0,0.0,0.0,0.0,452.9938823357289,452.9938823357289,0.0,0.0,0.0,-593.75,-271.4240784219818,0.0,0.0,530.4928704918165,0.0,0.0,0.0,701.99642639853,0.0,0.0,0.0,0.0,0.0,0.0,0.0,0.0,0.0,0.0,-89.07692532027184,0.0,0.0,0.0,0.0,-1000.0,0.0,0.0,0.0,0.0,0.0,0.0,0.0,-76.53162914381346,76.53162914381346,0.0,0.0,0.0,0.0,0.0,0.0,0.0,0.0,-1000.0,0.0,0.0,0.0,0.0,0.0,0.0,0.0,0.0,0.0,0.0,0.0,0.0,0.0,29.484922916939638,176.12542193055637,0.0,0.0,0.0,0.0,0.0,0.0,0.0,0.0,0.0,0.0,-197.0223634469751,-669.8518181499472,77.48416696437802,0.0,332.21350402952675,0.0,0.0,0.0,0.0,0.0,502.7985813363594,0.0,270.1969452467606,0.0,-333.51497801422283,0.0,958.600216338385,0.0,0.0,0.0,0.0,82.40609137164245,-866.8741815969223,0.0,0.0,0.0,-140.55533003882226,0.0,0.0,-1000.0,-1000.0,-859.5694765750375,-247.6405649547366,247.6405649547366,-107.21004152977406,180.4517197265959,0.0,-623.326949252024,0.0,0.0,50.54026372935912,0.0,0.0,0.0,-751.8230076018206,0.0,751.8230076018206,0.0,-61.610027790144954,82.40609137164247,0.0,-1000.0,-593.75,0.0,0.0,-197.0223634469751,-0.02223178756423422,0.0,0.0,0.0,0.0,0.01482119170948948,0.0,0.0,0.0,222.55811590403317,-188.33652537398802,0.0,-411.9123659983479,-39.76816871713809,0.0,1000.0,0.0,0.0,0.0,-79.39677749742378,0.0,0.0,0.0,287.73971468588735,0.0,-287.73971468588735,-1000.0,-979.5333609334367,0.0,0.0,0.0,0.0,0.0,0.0,0.0,0.0,0.0,0.0,0.0,0.0,0.0,0.0,0.0,0.0,332.21350402952675,0.0,0.0,-1000.0,0.0,0.0,424.8371719989361,0.0,0.0,0.0,-623.8133980997927,0.0,915.1001160900337,0.0,0.0,808.2394442298117,858.9416669181412,0.0,-543.50688896409,0.0,-941.3477582897837,0.0,0.0,0.0,-21.232839243014666,0.0,138.6461072637096,514.7974211122114,-0.370529792737237,-0.741059585474474,0.0,0.0,0.0,0.0,-92.03986598281064,274.6433027596074,0.0,0.0,0.0,0.0,0.0,0.0,0.0,-29.484922916939638,29.484922916939638,29.484922916939638,331.4325391555259,0.0,0.0,0.0,0.0,0.0,0.0,0.0,0.0,-81.73531433323109,0.0,0.0,0.0,0.0,0.0,0.0,0.0,-98.51788082905105,0.029642383418994125,0.0,0.0,0.0,0.0,0.0,0.0,0.0,0.0,0.0,0.0,0.0,0.0,0.0,0.0,0.0,0.0,0.0,0.0,0.0,0.016303310880431354,0.016303310880431354,77.48416696437802,306.52068457504174,0.0,8.892715025693688,0.0,0.0,0.0,1000.0,0.0,0.0,197.3577519661808,0.0,0.0,535.9143894426516,-1000.0,0.0,0.0,296.76180521347817,0.0,0.0,0.0,0.0,0.0,0.0,0.0,0.0,0.0,0.0,138.33030290165138,-222.55811590403317,0.0,0.0,198.4989837278115,0.0,0.0,-54.059050705927405,-54.059050705927405,0.0,535.9143894426516,0.0,0.0,437.39650861360053,343.75000000000034,-343.75000000000034,29.484922916939638,0.0,0.0,0.0,0.0,0.0,0.0,0.0,0.0,0.0,0.0,0.0,0.0,0.0,8.892715025693688,82.40609137164245,82.40609137164245,0.0,0.0,0.0,0.0,0.0,0.0,0.0,0.0,0.0,0.0,0.1482119170948948,0.0,77.48416696437802,197.3577519661808,-197.3577519661808,77.48416696437802,0.0,0.0,0.0,274.6433027596074,-296.76180521347817,0.0,0.0,0.0,0.0,0.0,0.0,0.0,0.0,0.0,-412.2757628492135,839.4229740720916,0.0,4.446357512846844,4.446357512846844,993.8168503904838,-1000.0,0.0,0.0,0.0,0.0,0.0,0.0,0.0,811.663474626012,0.0,952.4040695612028,0.01482119170948948,0.0,0.0,0.0,1.1952232457152587,0.0,0.0,54.059050705927405,0.0,-82.40609137164247,0.0,0.0,0.0,0.0,0.0,0.0,0.0,0.0,0.0,0.0,0.0,0.0,0.01482119170948948,0.0,0.0,0.0,0.0,0.0,0.0,0.0,0.0,0.0,0.0,716.1238899891771,0.0,0.0,-1000.0,-1.111589378211711,0.0,-0.741059585474474,0.0,0.0,0.0,0.0,0.0,0.0,0.0,0.0,0.0,0.0,0.0,82.40609137164245,0.0,0.0,0.0,-91.29880639733616,0.0,0.0,0.0,-0.01482119170948948,0.0,0.0,0.01482119170948948,0.0,0.01482119170948948,0.0,0.0,0.0,8.892715025693688,18.081853885577164,18.081853885577164,0.0,0.0,0.0,0.0,0.0,0.0,0.0,0.0,0.0,0.0,0.0,0.0,0.0,289.0158192920744,0.0,0.0,0.0,0.0,0.0,0.0,0.0,0.0,0.0,0.0,0.0,0.0,0.0,0.0,0.0,-312.0128172053672,312.0128172053672,0.02223178756423422,0.0,0.0,0.0,-274.6433027596074,0.0,0.0,0.0,0.0,0.0,-306.52068457504174,0.741059585474474,0.0,0.0,0.0,593.75,271.4240784219818,708.713282009759,-0.741059585474474,0.0,0.0,0.0,0.0,0.0,0.0,0.0,82.40609137164245,0.0,296.76180521347817,504.6313781872562,277.0357616581021,0.0,-4.330500645830087,-79.39677749742378,0.0,84.89988390996632,915.1001160900337,-1000.0,0.0,-884.9560354824994,0.0,0.741059585474474,1000.0,0.0,0.0,-77.48416696437802,-476.4508182655927,0.0,0.0,0.0,0.0,0.0,0.0,0.0,0.0,0.0,396.70919927352526,-309.8554527096775,18.081853885577164,0.0,0.0,0.0,77.48416696437802,0.0,0.0,0.0,0.0,0.0,502.7985813363594,0.0,0.0,0.0,-1.1952232457152587,0.0,0.0,4.446357512846844,197.3577519661808,0.0,0.0,0.0,-98.72461133661957,0.0,0.0,0.016303310880431354,0.0,0.0,0.0,9.040926942788582,0.0,0.0,0.0,0.0,176.12542193055637,0.0,0.0,0.0,0.0,0.0,0.0,0.0,0.0,0.0,0.0,636.2564740037674,0.0014821191709489493,0.0,0.0,0.0,0.0,0.0,0.0,0.0,0.0,0.0,0.0,77.48416696437802,0.0,0.0,0.0,0.0,306.52068457504174,0.0,0.0,0.0,0.0,0.0,0.0,0.0,0.0,0.0,0.0,0.0,394.7155039323616,0.0,0.0,488.336525373988,0.0,0.0,0.0,8.89271502569369,0.0,0.0,0.0,0.0,0.0,51.9106338473876,-60.80334887308129,0.0,394.7155039323616,0.0,0.0,0.0,0.0,0.0,0.0,0.0,77.48416696437802,77.48416696437802,0.0,-1000.0,-1000.0,299.1683356130747,0.0,-274.6433027596074,0.0,999.940715233162,0.0,0.0,0.0,0.0,0.0,0.0,0.0,0.0,0.0,0.0,0.0,0.0,0.0,0.0,0.0,0.0,0.0,-1.852648963686185,82.40609137164245,-809.3510336080235,597.7596826235396,0.0,0.0,0.0,0.0,0.0,-0.1852648963686185,0.0,81.73531433323109,0.0,0.0,0.0,0.0,0.0,0.0,0.0,931.9374304946397,4.446357512846844,4.446357512846844,0.0,0.0,0.0,0.0,0.0,0.016303310880431354,306.52068457504174,0.0,0.0,-999.940715233162,636.2549918845964,0.0,0.0,0.0,0.0,0.0,0.0,0.0,0.0,0.0,0.0,0.0,0.0,0.0,0.0,0.0,0.0,4.594569429941738,0.0,15.562251294963954,198.4989837278115,0.0,0.0,0.0,0.0,0.0,306.52068457504174,0.0,-283.8761100108229,0.0,0.0,0.0,-1.852648963686185,0.0,0.0,0.0,0.0,0.0,0.0,0.0,0.0,0.0,0.0,0.0,0.0,0.0,0.0,0.0,0.0,0.0,0.0,-0.01482119170948948,0.0,0.0,0.741059585474474,-535.9143894426516,0.0,0.0,0.0,0.0,82.40609137164247,0.0,0.0,0.0,-287.73971468588735,0.370529792737237,0.0,0.0,312.0128172053672,0.01482119170948948,0.0,14.82119170948948,0.0,2.964238341897896,0.105865655067782,50.54026372935912,-0.01111589378211711,404.86078170038036,0.2964238341897896,-0.07410595854749402,-50.54026372935912,4.446357512846844,-0.01482119170948948,26.465592499141263,0.0,0.00370529792737237,0.105865655067782,-79.39677749742378,-199.71728568633108,77.18774313018822,-300.0,-0.01482119170948948,0.00370529792737237,-50.54026372935912,1.482119170948948,0.01482119170948948,0.01482119170948948,-306.48956007245187,-197.34144865530033,0.0,-0.01111589378211711,4.446357512846844,0.014821191709489485,274.6433027596074,262.7863493920159,-0.00741059585474474,76.76277397249062,-1.4969403626584377,-0.01111589378211711,-0.01482119170948948,0.0,0.01482119170948948,1.482119170948948,-0.2964238341897896,0.0,0.0,-1.482119170948948,300.0,0.0,2.964238341897896,0.02223178756423422,-1000.0,1.482119170948948,-138.33030290165138,0.0,-2.964238341897896,0.00741059585474474,0.1482119170948948,102.97809149958698,280.0,-0.01482119170948948,-309.8554527096775,306.48956007245187,4.594569429941738,0.01482119170948948,199.71728568633108,-287.9823752981478,0.0,-0.01482119170948948,-0.00370529792737237,0.0,-0.01482119170948948,-98.51788082905105,0.01482119170948948,-0.00370529792737237,-0.00370529792737237,-0.00370529792737237,5.928476683795792,-262.7863493920159,0.1482119170948948,83.55876083410294,-0.00370529792737237,179.4905905000327,0.741059585474474,50.0,0.01482119170948948,0.00741059585474474,0.00741059585474474,-39.72092651487229,0.0,0.01482119170948948,0.0,0.1482119170948948,0.01482119170948948,-228.7149816867735,0.01482119170948948,0.059284766837995356,0.07410595854749402,0.00741059585474474,0.00370529792737237,4.446357512846844,-0.01482119170948948,0.0,-38.59387156509411,-167.11752166820588,404.49025190764314,-1.482119170948948,2.964238341897896,0.741059585474474,-0.01482119170948948,79.39677749742378,0.02223178756423422,-0.01482119170948948,79.44185302974458,0.0,164.816853936575,0.00741059585474474,-100.0,-0.014821191709489485,-0.01482119170948948,-0.01482119170948948,0.00741059585474474,50.54026372935912,-2.964238341897896,0.01482119170948948,205.95618299917396,-0.00370529792737237,197.34144865530033,-205.95618299917396,2.223178756423422,1.4969403626584377,612.9835443739771,50.54026372935912,-0.01111589378211711,309.8554527096775,-280.0,0.01482119170948948,-0.0037052979273723705,0.741059585474474,14.82119170948948,-0.00741059585474474,-0.01482119170948948,0.00370529792737237,0.0,0.0,819.5408696775494,145.15622085267057,-255.0,0.0,232.74142867764598,-140.0,0.0,363.8911476932265,-255.0,1.3662623039321908,-180.4517197265959,-181.94557384661326,127.5,127.5,0.0,70.0,-306.52068457504174,-66.09224259995541,180.4517197265959,-1.3662623039321908,-66.09224259995541,-232.74142867764598,259.62084240242245,0.0,1496.5981,hplb
224,0.0,0.0,0.0,0.0,0.0,0.0,0.0,0.0,616.0586660905044,0.0,0.0,0.0,0.0,0.0,0.0,0.0,46.29435728193274,229.48031041713296,0.0,0.0,0.0,0.0,0.0,0.0,0.0,0.0,0.0,0.0,0.0,46.29435728193274,0.0,0.0,139.20531858219368,0.0,0.0,0.0,0.0,464.2785480971963,0.0,-543.9692972023129,0.0,0.0,0.0,0.0,0.0,0.0,0.0,0.0,0.0,0.0,0.0,92.58871456386548,0.0,0.03955427871441941,0.0,0.0,0.0,7.191687038970629,0.0,0.0,-3.166739526160171,0.0,3.166739526160171,0.0,0.0,0.0,0.0,0.0,0.0,952.5117494058828,0.0,0.3595843519485315,0.0,0.0,0.0,0.0,0.0,0.0,0.0,0.0,0.0,0.0,0.0,0.0,21.57506111691189,0.0,0.0,-225.41630103939485,96.5066092945595,523.4617265866364,-0.008989608798713286,0.0,0.0,0.0,10.787530558455945,0.0,10.787530558455945,-470.5760687143218,0.0,0.0,0.0,21.620713187868926,46.29435728193274,0.0,0.0,0.0,0.0,312.9075461592124,0.0,0.0,0.0,0.0,0.0,0.0,0.0,0.0,0.0,0.0,0.0,0.0,0.0,0.0,0.0,0.0,-141.47457447845326,0.0,0.0,10.787530558455945,0.0,11.147114910404477,0.0,0.0,115.50929865117931,-343.7500000000029,228.2407013488236,-228.2407013488236,0.0,-593.749999999997,593.749999999997,0.0,0.0,0.0,0.0,0.0,0.0,2.7687995100036904,0.035958435194853144,0.0,0.0,0.0,0.0,0.0,0.0,0.0,0.0,0.0,359.70380216853806,0.0,0.0,0.0,0.0,0.0,213.2776037921011,213.2776037921011,0.0,0.0,0.0,0.0,0.0,0.0,0.0,213.31356222729596,0.0,0.0,0.0,0.0,0.0,0.0,0.0,0.0,0.0,0.0,0.0,0.0,0.0,0.0,0.0,0.0,0.0,0.0,0.0,86.9710150037046,0.0,0.0,0.0,0.0,0.0,0.0,-92.58871456386548,-547.4853260203934,547.4853260203934,0.0,0.0,0.0,0.0,0.0,0.0,0.0,0.0,0.0,0.0,0.0,0.0,0.0,0.0,0.0,0.0,0.0,0.0,0.0,0.0,0.0,0.0,0.0,-85.61662592205874,0.0,0.0,0.0,0.0,0.0,40.968977130581294,0.0,0.0,0.0,0.0,-3.166739526160171,0.0,0.0,0.0,366.19670229405364,0.0,0.0,0.0,0.0,0.0,0.0,0.0,0.0,0.0,0.0,643.9919353149528,-865.4903416236536,0.0,0.0,0.0,0.0,0.0,163.3946225296744,0.0,0.0,0.0,-3.624010960388091,0.0,0.0,-136.10963935628604,-898.2559492173309,0.0,140.86160747428522,621.2847023867596,276.97124683057126,-450.9787167258338,0.0,0.0,0.0,0.0,59.35505706305896,0.0,0.0,0.0,-898.1038972657693,0.0,898.1038972657693,0.0,1000.0,0.0,0.0,40.96897713058133,0.0,0.0,0.0,-3.166739526160171,-0.05393765279227972,0.0,0.0,0.0,0.0,0.035958435194853144,0.0,0.0,0.0,-138.72752269274187,46.29435728193274,0.0,-238.1464808691624,-183.50076619520587,0.0,10.787530558455945,0.0,0.0,0.0,0.0,0.0,0.0,0.0,68.20882044878806,-68.20882044878806,0.0,-1000.0,0.0,0.0,0.0,0.0,0.0,0.0,0.0,0.0,0.0,0.0,0.0,0.0,0.0,0.0,0.0,0.0,0.0,366.19670229405364,-286.1715833045506,0.0,-1000.0,0.0,249.4060348574738,469.418207101047,0.0,0.0,0.0,-2.7687995100036904,0.0,0.0,0.0,857.8247468764339,19.82279142812627,68.20882044878806,0.0,-11.709317473805791,0.0,0.0,0.0,-68.607959079451,0.0,-977.5476215853687,0.0,0.0,1000.0,-0.8989608798713287,66.81003731970834,-1000.0,0.0,0.0,0.0,929.1387665292283,10.787530558455945,0.0,0.0,0.0,21.983558308597964,0.0,616.0946245256993,0.0,0.0,0.0,0.0,225.8247546524314,0.0,0.0,-786.7583546430938,0.0,0.0,0.0,0.0,0.0,-6.333479052320342,0.0,0.0,0.0,0.0,0.0,0.0,0.0,-96.40415648051469,0.07191687038966643,0.0,0.0,0.0,0.0,0.0,0.0,0.0,0.0,0.0,952.5117494058828,0.0,0.0,0.0,0.0,0.0,0.0,0.0,0.0,0.0,0.03955427871441941,0.03955427871441941,0.0,0.0,0.0,21.57506111691189,0.0,0.0,0.0,0.0,0.0,0.0,0.0,0.0,0.0,350.20782697009867,0.0,0.0,0.0,0.0,0.0,0.0,0.0,0.0,0.0,0.0,0.0,0.0,0.0,0.0,47.15819149281776,138.72752269274187,0.0,0.0,845.304072101441,0.0,0.0,0.0,-40.96897713058133,0.0,350.20782697009867,0.0,253.80367048958396,0.0,0.0,0.0,0.0,0.0,0.0,0.0,0.0,0.0,0.0,0.0,0.0,0.0,0.0,0.0,0.0,0.0,21.57506111691189,0.0,0.0,0.0,0.0,0.0,0.0,0.0,0.0,0.0,0.0,0.0,0.0,0.3595843519485315,0.0,0.0,0.0,0.0,0.0,-92.58871456386548,0.0,0.0,10.787530558455945,0.0,0.0,0.0,842.5352725914373,0.0,0.0,0.0,0.0,0.0,0.0,-74.54032152059801,0.0,0.0,10.787530558455945,10.787530558455945,-486.59267977282843,0.0,0.0,0.0,0.0,0.0,0.0,0.0,0.0,204.88621123279052,0.0,208.95970263311426,0.035958435194853144,0.0,0.0,0.0,47.488250594117176,0.0,0.0,0.0,0.0,0.0,0.0,0.0,0.0,0.0,0.0,0.0,0.0,0.0,0.0,0.0,0.0,0.0,0.035958435194853144,0.0,0.0,0.0,-725.4444022476814,725.4444022476814,0.0,0.0,0.0,249.4060348574738,0.0,752.8209908955939,0.0,0.0,-1000.0,-2.696882639613986,-1.7979217597426589,0.0,0.0,406.25000000000006,406.25000000000006,-406.25000000000006,0.0,0.0,0.0,0.0,0.0,0.0,0.0,0.0,0.0,0.0,0.0,930.936688288971,0.0,0.0,0.0,616.0586660905044,0.0,0.0,0.035958435194853144,0.0,0.035958435194853144,0.0,0.0,0.0,21.57506111691189,43.86929093772084,43.86929093772084,0.0,0.0,0.0,0.0,0.0,0.0,0.0,0.0,0.0,0.0,0.0,0.0,71.304841719065,0.0,0.0,0.0,0.0,0.0,0.0,0.0,0.0,0.0,0.0,0.0,0.0,0.0,0.0,40.96897713058133,0.0,0.0,0.0,0.05393765279227972,0.0,0.0,0.0,-10.787530558455945,0.0,0.0,0.0,0.0,0.0,0.0,1.7979217597426573,0.0,0.0,0.0,0.0,0.0,-283.4027837945469,0.0,0.0,0.0,0.0,0.0,0.0,0.0,0.0,0.0,0.0,0.0,0.0,0.0,0.0,-482.0978753734718,0.0,286.1715833045506,-286.1715833045506,0.0,0.0,0.0,119.52533159195355,0.0,1.7979217597426589,1000.0,0.0,0.0,0.0,-6.333479052320342,218.74999999999673,-218.74999999999673,-718.7500000000874,718.7500000000874,0.0,0.0,0.0,0.0,0.0,-5.393765279227982,0.0,43.86929093772084,0.0,-343.75000000000006,-343.75000000000006,343.75000000000006,0.0,0.0,0.0,0.0,0.0,0.0,0.0,0.0,8.090647918841968,-1000.0,304.02215197589584,0.0,10.787530558455945,0.0,0.0,0.0,0.0,-1.15844201996876,0.0,0.0,0.03955427871441941,0.0,0.0,0.0,21.93464546886042,0.0,0.0,0.0,0.0,-85.61662592205874,0.0,0.0,0.0,0.0,0.0,0.0,0.0,0.0,0.0,0.0,0.0035958435194853146,0.0035958435194853146,0.0,0.0,0.0,0.0,0.0,0.0,0.0,0.0,0.0,0.0,0.0,0.0,0.0,0.0,0.0,0.0,0.0,0.0,0.0,0.0,0.0,0.0,0.0,0.0,0.0,0.0,0.0,0.0,0.0,0.0,229.48031041713296,0.0,0.0,0.0,21.57506111691189,0.0,0.0,0.0,0.0,0.0,0.0,-21.57506111691189,0.0,0.0,0.0,0.0,0.0,0.0,0.0,0.0,0.0,0.0,0.0,0.0,791.0402973668857,-748.8194314852767,95.93636982753941,-10.787530558455945,0.0,0.0,713.6845829546701,0.0,0.0,0.0,0.0,0.0,0.0,0.0,0.0,0.0,0.0,0.0,0.0,0.0,0.0,0.0,0.0,0.0,-4.494804399356645,0.0,-22.519674067740254,68.607959079451,0.0,0.0,0.0,0.0,0.0,-0.4494804399356644,0.0,6.333479052320342,0.0,0.0,0.0,0.0,0.0,0.0,0.0,1000.0,10.787530558455945,10.787530558455945,0.0,0.0,0.0,0.0,0.0,0.03955427871441941,0.0,0.0,0.0,-713.6845829546701,0.0,0.0,0.0,0.0,0.0,0.0,0.0,0.0,0.0,0.0,0.0,0.0,0.0,0.0,0.0,0.0,0.0,0.0,0.0,37.75635695459581,2.7687995100036904,0.0,0.0,0.0,0.0,0.0,0.0,0.0,280.44700042152954,0.0,0.0,0.0,-4.494804399356645,0.0,0.0,0.0,0.0,0.0,0.0,0.0,0.0,0.0,0.0,0.0,0.0,0.0,0.0,0.0,0.0,0.0,0.0,-0.035958435194853144,0.0,0.0,1.7979217597426573,-350.20782697009867,0.0,0.0,0.0,0.0,0.0,0.0,0.0,0.0,-68.20882044878806,0.8989608798713287,0.0,0.0,0.0,0.035958435194853144,0.0,35.958435194853145,-11.147114910404477,7.19168703897063,0.2568459656775225,100.3240341936403,-0.02696882639613986,11.709317473805791,0.719168703897063,-0.17979217597416736,-100.3240341936403,10.787530558455945,-0.035958435194853144,0.0,0.0,0.008989608798713286,0.2568459656775225,0.0,-5.724582883021071,-0.719168703897063,-275.7746676990657,-0.035958435194853144,0.008989608798713286,-100.3240341936403,3.5958435194853147,0.035958435194853144,0.035958435194853144,0.07551271390927256,0.03955427871433846,-235.60947506270833,-0.02696882639613986,10.787530558455945,0.035958435194853144,10.787530558455945,-17.979217597426576,-0.017979217597426572,-124.09432710582973,-44.60077908526146,-0.02696882639613986,-0.035958435194853144,-11.147114910404477,0.035958435194853144,3.5958435194853147,-0.719168703897063,40.96897713058133,40.96897713058133,-3.5958435194853147,275.7746676990657,-40.96897713058133,7.191687038970629,0.05393765279227972,26.14142933210913,3.5958435194853147,-47.15819149281776,0.0,-7.191687038970629,0.017979217597426572,0.3595843519485315,59.5366202172906,7.191687038970629,-0.035958435194853144,-8.090647918841968,-0.07551271390927256,11.147114910404477,0.035958435194853144,5.724582883021071,-43.1501222338238,0.0,-0.035958435194853144,-0.008989608798713286,0.0,-0.035958435194853144,-96.40415648051469,0.03595843519485811,-0.008989608798713286,-0.008989608798713286,-0.008989608798713286,14.383374077941259,17.979217597426576,0.3595843519485315,311.49177878287605,-0.008989608798713286,119.0732404345812,1.7979217597426573,50.0,0.035958435194853144,0.017979217597426572,0.017979217597426572,3.5958435194853147,11.147114910404477,0.035958435194853144,-11.147114910404477,0.3595843519485315,0.035958435194853144,-881.1939249986528,0.035958435194853144,0.14383374077925737,0.17979217597416736,0.017979217597426572,0.008989608798713286,10.787530558455945,-0.03595843519485315,235.60947506270833,0.3595843519485315,-622.9835575657521,10.810356593934463,-3.5958435194853147,7.191687038970629,1.7979217597426573,-0.035958435194853144,0.0,0.05393765279227972,-0.035958435194853144,-7.191687038970629,11.147114910404477,281.67103493681816,0.017979217597426572,-100.0,-0.035958435194853144,-0.03595843519485811,-0.035958435194853144,0.017979217597426572,100.3240341936403,-7.191687038970629,0.035958435194853144,119.0732404345812,-0.008989608798713286,-0.03955427871433846,-119.0732404345812,5.3937652792279716,44.60077908526146,0.0,100.3240341936403,-0.02696882639613986,8.090647918841968,-7.191687038970629,0.035958435194853144,-0.008989608798713286,859.6226686361765,35.958435194853145,-0.017979217597426572,-0.035958435194853144,0.008989608798713286,644.3752316717441,0.0,-98.6424184105091,569.7021462157768,-255.0,0.0,-15.737763159587104,-140.0,0.0,-80.0,-255.0,474.90618833450117,-72.48300986080254,40.0,127.5,127.5,0.0,70.0,0.0,-280.5125929168494,72.48300986080254,-474.90618833450117,-280.5125929168494,15.737763159587104,11.908257777375692,0.0,1496.5981,hplb
225,0.0,0.0,0.0,0.0,0.0,0.0,0.0,0.0,907.2002361255663,0.0,0.0,0.0,0.0,0.0,0.0,0.0,-10.048212913790938,-34.33239531123506,0.0,0.0,0.0,0.0,0.0,0.0,0.0,840.8304616528098,0.0,0.0,0.0,382.92352863101377,0.0,0.0,177.3529382322354,0.0,0.0,0.0,0.0,574.9458891831711,0.0,-768.922878629437,353.24640177328797,0.0,-20.096425827581875,-392.97174154480473,0.0,0.0,715.3832666570252,0.0,0.0,0.0,0.0,0.0,0.0,0.034219204702973585,0.0,0.0,0.0,6.2216735823632865,0.0,0.0,-2.7396102674339318,0.0,0.0,-2.7396102674339318,0.0,0.0,0.0,0.0,0.0,429.91726946500864,0.0,0.31108367911816437,0.0,0.0,0.0,0.0,0.0,0.0,0.0,0.0,0.0,0.0,0.0,0.0,18.66502074708986,0.0,0.0,100.57195404214474,-681.8677943271682,846.9634449737885,-0.007777091977954108,0.0,0.0,-555.5226388347099,9.33251037354493,0.0,9.33251037354493,0.0,0.0,0.0,0.0,1.5554183955908216,54.450264632641336,0.0,0.0,0.0,0.0,1000.0,0.0,0.0,0.0,0.0,0.0,0.0,0.0,0.0,0.0,0.0,0.0,0.0,0.0,0.0,0.0,0.0,-840.8304616528098,0.0,0.0,9.33251037354493,0.0,9.643594052663094,0.0,0.0,0.0,0.0,0.0,0.0,0.0,0.0,0.0,0.0,0.0,0.0,0.0,0.0,0.0,2.395344329209865,0.03110836791181643,0.0,0.0,0.0,527.1826458631659,-527.1826458631659,0.0,0.0,0.0,0.0,-225.74972727603523,0.0,0.0,0.0,0.0,0.0,77.1921924452343,77.1921924452343,0.0,0.0,0.0,0.0,0.0,0.0,0.0,77.22330081314611,0.0,0.0,0.0,0.0,0.0,0.0,0.0,0.0,0.0,0.0,0.0,0.0,0.0,0.0,0.0,0.0,0.0,0.0,0.0,-1000.0,0.0,0.0,0.0,0.0,0.0,0.0,20.096425827581875,134.9043493533798,-134.9043493533798,0.0,0.0,0.0,0.0,0.0,0.0,0.0,328.47326399837243,-593.5630719977964,0.0,0.0,0.0,0.0,0.0,0.0,0.0,0.0,0.0,0.0,0.0,0.0,0.0,0.0,91.41447408302447,-392.97174154480473,0.0,0.0,0.0,0.0,0.0,0.0,0.0,0.0,0.0,-2.7396102674339318,0.0,0.0,0.0,0.0,0.0,0.0,0.0,0.0,0.0,116.54915105889685,0.0,0.0,0.0,836.8685695081299,0.0,255.57272922310642,0.0,392.97174154480473,0.0,0.0,0.0,268.31984436090477,0.0,0.0,0.0,-167.37183701189878,0.0,0.0,-906.6822519260866,0.0,0.0,-906.6822519260869,0.0,0.0,-546.9634449737885,0.0,0.0,0.0,0.0,86.79234647396784,0.0,0.0,0.0,193.3469045458109,0.0,-193.3469045458109,0.0,1000.0,0.0,0.0,0.0,0.0,0.0,0.0,-2.7396102674339318,-0.046662551867724646,0.0,0.0,0.0,0.0,0.03110836791181643,0.0,0.0,0.0,874.1183385675582,-10.048212913790938,0.0,0.0,104.05831707521588,0.0,362.5789121468329,0.0,1000.0,0.0,0.0,0.0,0.0,0.0,-2.6784304772073697,2.6784304772073697,-1000.0,-271.0594546283387,-1000.0,0.0,0.0,0.0,0.0,0.0,0.0,0.0,0.0,0.0,0.0,0.0,0.0,0.0,0.0,0.0,0.0,0.0,-424.9296773451812,0.0,-1000.0,0.0,0.0,115.547461612137,0.0,0.0,0.0,461.44950596202045,0.0,0.0,0.0,0.0,0.0,121.79798943777689,0.0,-857.634956165091,-0.7777091977954108,-124.47641991498426,0.0,-1.5554183955908216,-41.88741739326082,1000.0,0.0,0.0,0.0,0.0,0.0,-828.9699075049823,0.0,1000.0,0.0,-261.8299056792996,9.33251037354493,0.0,0.0,0.0,0.0,0.0,907.2313444934781,0.0,0.0,0.0,0.0,-172.22945139485216,0.0,0.0,-207.45564926565223,0.0,0.0,328.47326399837243,0.0,0.0,-5.4792205348678635,0.0,0.0,0.0,0.0,0.0,0.0,0.0,82.08196370947954,0.06221673582376752,0.0,0.0,0.0,0.0,0.0,0.0,0.0,0.0,0.0,0.0,0.0,0.0,0.0,0.0,0.0,0.0,0.0,0.0,0.0,0.034219204702973585,0.034219204702973585,0.0,7.694548983290546,0.0,18.66502074708986,0.0,0.0,0.0,249.7508079260603,0.0,0.0,0.0,0.0,0.0,-82.3108729627632,-249.7508079260603,0.0,0.0,0.0,0.0,0.0,0.0,0.0,0.0,0.0,0.0,0.0,0.0,0.0,280.27682055093663,-874.1183385675582,0.0,856.0795377695002,2.395344329209865,0.0,-477.9681597996251,-77.55447903508482,-77.55447903508482,0.0,-82.3108729627632,0.0,-0.22890925328366052,0.0,0.0,0.0,0.0,0.0,0.0,0.0,0.0,0.0,0.0,0.0,0.0,0.0,0.0,0.0,0.0,0.0,18.66502074708986,0.0,0.0,0.0,0.0,0.0,0.0,0.0,0.0,0.0,0.0,0.0,0.0,0.31108367911816437,0.0,0.0,0.0,0.0,0.0,20.096425827581875,0.0,0.0,9.33251037354493,0.0,0.0,0.0,0.0,856.0795377695002,0.0,0.0,0.0,0.0,0.0,-726.1117577828801,1000.0,0.0,9.33251037354493,9.33251037354493,792.2150764291625,-249.7508079260603,0.0,0.0,0.0,0.0,0.0,0.0,0.0,216.60918999569736,328.47326399837243,55.8966176081214,0.03110836791181643,0.0,0.0,41.08304388011243,0.0,38.040433163086504,0.0,555.5226388347099,0.0,0.0,0.0,0.0,0.0,0.0,0.0,0.0,0.0,0.0,0.0,0.0,0.0,0.0,0.03110836791181643,0.0,0.0,0.0,0.0,0.0,0.0,0.0,0.0,0.0,0.0,986.155217056,0.0,-409.1582494818425,-575.0703226548188,-2.3331275933862328,-1.5554183955908216,0.0,0.0,0.0,0.0,0.0,0.0,0.0,0.0,0.0,0.0,0.0,0.0,0.0,0.0,0.0,0.0,739.7255127162912,0.0,0.0,0.0,907.2002361255663,0.0,0.0,0.03110836791181643,0.0,0.03110836791181643,0.0,429.91726946500864,0.0,18.66502074708986,37.95220885241604,37.95220885241604,0.0,0.0,0.0,0.0,0.0,0.0,0.0,0.0,0.0,328.47326399837243,0.0,0.0,0.0,0.0,0.0,0.0,0.0,0.0,0.0,0.0,0.0,0.0,0.0,0.0,0.0,0.0,0.0,0.0,0.0,-410.9131921878012,410.9131921878012,0.046662551867724646,0.0,0.0,0.0,-9.33251037354493,0.0,0.0,0.0,0.0,0.0,-7.694548983290546,1.5554183955908216,0.0,0.0,0.0,0.0,0.0,-461.44950596202045,0.0,0.0,0.0,0.0,0.0,0.0,0.0,0.0,0.0,0.0,0.0,273.8882422171199,7.694548983290546,0.0,202.54055042034315,38.040433163086504,0.0,0.0,409.1582494818425,-409.1582494818425,0.0,230.36763550848872,0.0,1.5554183955908216,930.2460239979113,0.0,0.0,0.0,-5.4792205348678635,0.0,0.0,0.0,0.0,0.0,-580.3940013501272,0.0,0.0,0.0,10.027676576676779,-14.693931763449314,37.95220885241604,0.0,0.0,0.0,0.0,0.0,0.0,0.0,0.0,0.0,116.54915105889685,0.0,0.0,0.0,-41.08304388011243,-68.71306550277791,-20.096425827581875,9.33251037354493,0.0,0.0,0.0,0.0,-226.09766075867483,0.0,0.0,0.034219204702973585,0.0,0.0,0.0,18.97610442620802,0.0,0.0,0.0,0.0,91.41447408302447,0.0,0.0,0.0,0.0,0.0,0.0,0.0,0.0,0.0,0.0,0.003110836791181732,0.003110836791181732,0.0,0.0,0.0,0.0,0.0,0.0,0.0,0.0,0.0,41.08304388011243,0.0,0.0,0.0,0.0,0.0,7.694548983290546,0.0,0.0,0.0,0.0,0.0,0.0,0.0,0.0,0.0,0.0,0.0,0.0,0.0,0.0,-34.33239531123506,0.0,0.0,0.0,18.66502074708986,0.0,0.0,0.0,0.0,0.0,0.0,-18.66502074708986,0.0,0.0,0.0,0.0,0.0,0.0,0.0,0.0,0.0,0.0,0.0,0.0,-55.8966176081214,0.0,21.309232019594255,0.0,-9.33251037354493,0.0,574.9458891831711,0.0,0.0,0.0,0.0,0.0,0.0,0.0,0.0,0.0,765.6249999999999,0.0,-765.6249999999999,-765.625,0.0,0.0,0.0,0.0,-3.8885459889770546,0.0,-2.3331275933862328,12.360804170063012,0.0,0.0,0.0,0.0,0.0,0.0,-0.38885459889770546,5.4792205348678635,0.0,0.0,0.0,0.0,0.0,0.0,0.0,1000.0,9.33251037354493,9.33251037354493,0.0,0.0,0.0,0.0,0.0,0.034219204702973585,7.694548983290546,0.0,0.0,-574.9458891831711,0.0,0.0,0.0,0.0,0.0,0.0,0.0,0.0,0.0,0.0,0.0,0.0,0.0,0.0,0.0,0.0,0.0,0.0,0.0,32.66378630740725,0.0,0.0,2.395344329209865,0.0,0.0,0.0,7.694548983290546,0.0,575.4415491785667,0.0,0.0,0.0,-3.8885459889770546,0.0,0.0,0.0,0.0,0.0,0.0,0.0,0.0,0.0,0.0,0.0,0.0,0.0,0.0,0.0,0.0,0.0,0.0,-0.03110836791181643,0.0,0.0,1.5554183955908216,82.3108729627632,0.0,0.0,0.0,0.0,0.0,0.0,0.0,0.0,2.6784304772073697,0.7777091977954108,0.0,0.0,840.8304616528098,0.03110836791181643,0.0,31.10836791181643,-9.643594052663094,6.2216735823632865,0.22220262794154594,86.79234647396784,-0.023331275933862323,1.5554183955908216,0.6221673582363287,-0.1555418395595325,-86.79234647396784,9.33251037354493,-0.03110836791181644,0.0,0.0,0.007777091977954108,0.22220262794154594,0.0,-4.952452171560481,-0.6221673582363287,44.380608225025995,-0.031108367911816433,0.007777091977954108,-86.79234647396784,3.1108367911816432,0.03110836791181644,0.03110836791181643,-7.629221410675756,0.03421920470299816,-57.23054135966936,-0.023331275933862323,9.33251037354493,0.031108367911816433,9.33251037354493,-15.554183955908215,-0.015554183955908216,282.9802686357046,-3.1419451590934595,-0.023331275933862323,-0.031108367911816433,-9.643594052663094,0.03110836791181643,3.1108367911816432,-0.6221673582363287,0.0,0.0,-3.1108367911816432,-44.380608225025995,0.0,6.2216735823632865,0.046662551867724646,-980.4674381934585,3.1108367911816432,-280.27682055093663,0.0,-6.2216735823632865,0.015554183955908216,0.31108367911816437,0.0,13.916222565653833,-0.03110836791181643,-14.693931763449314,7.629221410675756,9.643594052663094,0.031108367911816433,4.952452171560481,-37.33004149417977,0.0,-0.03110836791181643,-0.007777091977954108,0.0,-0.031108367911816433,82.08196370947954,0.031108367912157493,-0.007777091977954108,-0.007777091977954108,-0.007777091977954108,12.443347164726573,15.554183955908215,0.31108367911816437,23.04741207666669,-0.007777091977954108,0.0,1.5554183955908216,-39.48556345914895,0.03110836791181643,0.015554183955908216,0.015554183955908216,3.1108367911816432,9.643594052663094,0.03110836791181643,-9.643594052663094,0.31108367911816437,0.031108367911816433,-23.04741207666669,0.031108367911816433,0.12443347164776242,0.1555418395595325,0.015554183955908216,0.007777091977954108,9.33251037354493,-0.031108367911816433,57.23054135966936,0.31108367911816437,-46.09482415333338,0.7777091977954108,-3.1108367911816432,6.2216735823632865,1.5554183955908216,-0.031108367911816433,0.0,0.046662551867724646,-0.031108367911816433,-6.2216735823632865,9.643594052663094,363.62946159573994,0.015554183955908216,78.9711269182979,-0.031108367911816433,-0.031108367912157493,-0.031108367911816433,0.015554183955908216,86.79234647396784,-6.2216735823632865,0.03110836791181643,0.0,-0.007777091977954108,-0.03421920470299816,0.0,4.666255186772465,3.1419451590934595,536.9759538048451,86.79234647396784,-0.023331275933862323,14.693931763449314,-13.916222565653833,0.031108367911816433,-0.00777709197795411,1.5554183955908216,31.10836791181643,-0.015554183955908216,-0.031108367911816433,0.007777091977954108,0.0,0.0,680.4518840095026,0.0,-255.0,0.0,349.67575822834334,-140.0,0.0,-80.0,127.96734464940238,-208.76222400270643,-300.0,40.0,127.5,-63.98367232470119,0.0,70.0,-7.694548983290546,-137.5318008370651,300.0,208.76222400270643,-137.5318008370651,-349.67575822834334,191.94748146567073,0.0,1496.5981,hplb
226,0.0,0.0,0.0,0.0,0.0,0.0,0.0,0.0,-0.06925159856030347,0.0,0.0,0.0,0.0,0.0,0.0,0.0,269.6149066918661,30.385093308133875,0.0,0.0,0.0,0.0,0.0,47.968947474327955,0.0,0.0,0.0,0.0,0.0,-423.20327130030694,19.531577906237604,-19.531577906237604,791.4611760521598,0.0,0.0,0.0,0.0,999.7229936057585,0.0,-1000.0,929.6441305155993,0.0,0.0,0.0,0.0,0.0,0.0,0.0,-1.4586418117554558,-629.9500975179749,0.0,0.0,0.0,0.07617675841652533,0.0,0.0,0.0,13.850319712060694,0.0,0.0,-41.876949155394485,0.0,1000.0,940.9317996706345,304.395574805911,0.0,0.0,0.0,213.5980484006758,407.35159993200455,0.0,0.6925159856030347,0.0,0.0,0.0,0.0,0.0,0.0,0.0,0.0,0.0,0.0,0.0,0.0,41.55095913618209,0.0,34.99808279809492,785.5367742518108,84.07813244005531,0.0,-0.017312899640075867,0.0,0.0,69.42674365025705,20.775479568091043,0.0,184.34847002838043,-21.761479379879013,0.0,0.0,0.0,3.4625799280151734,-878.1870844517507,0.0,0.0,0.0,0.0,0.0,0.0,0.0,0.0,0.0,0.0,0.0,0.0,0.0,0.0,0.0,0.0,0.0,0.0,0.0,0.0,0.0,-384.50850214861657,0.0,0.0,184.34847002838043,0.0,21.467995553694077,21.467995553694077,0.0,0.0,926.7688767399869,-926.7688767399869,926.768876739987,-17.191251173971004,0.0,0.0,0.0,0.0,0.0,0.0,0.0,0.0,40.33045588723829,0.06925159856030347,0.0,0.0,0.0,0.0,0.0,0.0,0.0,0.0,0.0,204.10446654684924,0.0,0.0,0.0,0.0,0.0,980.399170495202,980.399170495202,0.0,0.0,0.0,0.0,0.0,0.0,0.0,1000.0,0.0,0.0,0.0,0.0,-417.8542152763158,0.0,0.0,0.0,0.0,0.0,0.0,0.0,0.0,0.0,-989.3096686096517,0.0,0.0,0.0,0.0,-1000.0,0.0,0.0,0.0,0.0,0.0,629.9500975179749,0.0,215.9218675599447,-215.9218675599447,17.191251173971004,0.0,0.0,0.0,0.0,0.0,0.0,454.98381315144377,-697.5067695320987,0.0,0.0,0.0,0.0,0.0,0.0,0.0,0.0,0.0,0.0,0.0,0.0,0.0,254.74597631228852,208.8761328981845,155.04700642019628,0.0,0.0,0.0,0.0,-17.191251173971004,0.0,0.0,0.0,0.0,-41.876949155394485,155.04700642019628,19.531577906237604,0.0,0.0,0.0,0.0,0.0,0.0,0.0,0.0,0.0,163.5729904602894,0.0,131.8437351198894,0.0,1000.0,0.0,-155.04700642019628,0.0,0.0,17.191251173971004,-915.5130497564297,0.0,0.0,0.0,54.01901380028562,0.0,0.0,-656.2500000000014,343.7499999999986,0.0,-1000.0,0.0,-343.7499999999986,300.0,0.0,-537.7711715719768,629.9500975179749,0.0,236.14795109063485,0.0,0.0,0.0,979.4787744856728,0.0,-979.4787744856728,0.0,1000.0,0.0,0.0,0.0,0.0,0.0,0.0,-41.876949155394485,-0.1038773978404552,0.0,0.0,0.0,0.0,0.06925159856030347,0.0,0.0,0.0,815.6515299716195,269.6149066918661,0.0,-626.093204242629,-148.55372391709807,417.8542152763158,1000.0,0.0,-939.4860923065329,0.0,0.0,0.0,0.0,0.0,-5.962562636042319,886.1342902435607,59.31436469901446,-1000.0,-1000.0,0.0,0.0,0.0,0.0,0.0,0.0,0.0,0.0,0.0,0.0,0.0,0.0,0.0,0.0,0.0,0.0,0.0,0.0,0.0,-1000.0,0.0,0.0,0.0,0.0,0.0,0.0,-20.798877981000683,0.0,0.0,0.0,0.0,0.0,-99.73233864423652,0.0,-3.462579928015174,0.0,-1000.0,-1000.0,-34.41412983147733,706.3101094485053,-858.8717516089685,0.0,0.0,0.0,-1.7312899640075867,30.95154990346216,-663.23952979699,0.0,996.5374200719848,948.7306115241365,0.0,184.34847002838043,0.0,0.0,0.0,0.0,0.0,0.0,0.0,-254.74597631228852,254.74597631228852,254.74597631228852,-525.7838328944164,0.0,0.0,-105.13275159140538,0.0,0.0,454.98381315144377,0.0,0.0,-30.948983888570137,0.0,0.0,113.99260054397968,0.0,0.0,0.0,0.0,24.527662869804075,0.13850319712065318,0.0,0.0,0.0,0.0,0.0,0.0,0.0,0.0,0.0,620.9496483326803,0.0,0.0,0.0,0.0,0.0,0.0,0.0,0.0,0.0,0.07617675841652533,0.07617675841652533,19.531577906237604,431.53416944288165,0.0,41.55095913618209,0.0,0.0,0.0,-378.1128076560243,0.0,0.0,34.99808279809492,0.0,0.0,-153.46279855701326,378.1128076560243,0.0,0.0,0.0,0.0,0.0,113.99260054397968,0.0,0.0,0.0,0.0,0.0,0.0,0.0,128.16950071620553,-815.6515299716195,0.0,0.0,40.33045588723829,0.0,0.0,69.42674365025705,69.42674365025705,0.0,-153.46279855701326,0.0,-128.9351356872092,0.0,0.0,0.0,254.74597631228852,0.0,0.0,0.0,0.0,0.0,0.0,0.0,0.0,0.0,0.0,0.0,0.0,0.0,41.55095913618209,17.191251173971004,17.191251173971004,0.0,0.0,0.0,0.0,0.0,0.0,0.0,0.0,0.0,0.0,0.6925159856030347,0.0,19.531577906237604,34.99808279809492,-34.99808279809492,19.531577906237604,0.0,0.0,0.0,184.34847002838043,0.0,0.0,0.0,0.0,0.0,0.0,0.0,0.0,0.0,0.0,-840.9488613227132,148.34677133217713,0.0,20.775479568091043,20.775479568091043,1000.0,378.1128076560243,0.0,113.99260054397968,0.0,0.0,0.0,0.0,0.0,878.1870844517507,454.98381315144377,1000.0,0.06925159856030347,0.0,0.0,-728.7956848382246,734.3803316078377,766.9335131823557,0.0,-69.42674365025705,0.0,0.0,0.0,0.0,0.0,0.0,0.0,0.0,0.0,0.0,0.0,0.0,0.0,0.0,0.06925159856030347,0.0,0.0,0.0,-28.68310702123165,28.68310702123165,0.0,0.0,0.0,0.0,-46.022937288894866,25.224059307894187,0.0,0.0,-1000.0,-5.193869892022761,-3.4625799280151734,0.0,0.0,0.0,0.0,0.0,0.0,0.0,0.0,0.0,0.0,0.0,0.0,17.191251173971004,417.8542152763158,0.0,0.0,1000.0,0.0,0.0,0.0,-0.06925159856030347,0.0,0.0,0.06925159856030347,0.0,0.06925159856030347,0.0,0.0,0.0,41.55095913618209,84.48695024357023,84.48695024357023,0.0,0.0,0.0,0.0,0.0,0.0,0.0,0.0,0.0,454.98381315144377,0.0,0.0,0.0,0.0,0.0,0.0,0.0,0.0,0.0,0.0,0.0,0.0,0.0,0.0,0.0,0.0,0.0,0.0,0.0,0.0,0.0,0.1038773978404552,0.0,0.0,0.0,-184.34847002838043,0.0,0.0,0.0,0.0,0.0,-431.53416944288165,3.4625799280151734,0.0,0.0,0.0,0.0,0.0,-25.224059307894187,0.0,0.0,0.0,0.0,0.0,0.0,0.0,0.0,17.191251173971004,0.0,0.0,303.7419873925919,176.78819313059313,0.0,311.1496802879393,766.9335131823557,0.0,0.0,0.0,0.0,0.0,-1000.0,0.0,3.4625799280151734,652.9126631300403,0.0,0.0,-19.531577906237604,-100.94514948475998,0.0,0.0,0.0,0.0,0.0,0.0,0.0,0.0,0.0,1000.0,-21.078071174393806,84.48695024357023,0.0,0.0,0.0,19.531577906237604,0.0,0.0,0.0,0.0,0.0,0.0,0.0,0.0,426.03770794455613,-626.5342951022934,0.0,0.0,20.775479568091043,34.99808279809492,0.0,0.0,0.0,122.54723668714851,0.0,0.0,0.07617675841652533,0.0,0.0,0.0,42.24347512178512,0.0,0.0,0.0,0.0,208.8761328981845,0.0,0.0,0.0,0.0,0.0,0.0,0.0,0.0,845.6286477589396,0.0,0.006925159856030347,0.006925159856030347,0.0,0.0,0.0,0.0,0.0,0.0,0.0,0.0,0.0,-728.7956848382246,19.531577906237604,0.0,0.0,0.0,0.0,431.53416944288165,0.0,0.0,0.0,0.0,0.0,0.0,0.0,629.9500975179749,0.0,0.0,0.0,69.99616559618984,0.0,0.0,30.385093308133875,0.0,0.0,0.0,41.55095913618209,0.0,0.0,0.0,0.0,0.0,-41.55095913618209,0.0,0.0,69.99616559618984,0.0,0.0,0.0,0.0,0.0,0.0,0.0,19.531577906237604,19.531577906237604,0.0,-1000.0,-1000.0,47.437345013807885,-344.5149140877721,160.16644405939167,0.0,999.7229936057585,0.0,0.0,0.0,0.0,0.0,0.0,0.0,0.0,0.0,0.0,0.0,0.0,0.0,0.0,0.0,0.0,0.0,-8.656449820037935,17.191251173971004,-5.193869892022761,15.884201282371048,0.0,0.0,0.0,0.0,0.0,-968.5262976467649,967.6606526647611,30.948983888570137,0.0,0.0,0.0,0.0,0.0,0.0,0.0,1000.0,20.775479568091043,20.775479568091043,0.0,0.0,0.0,0.0,0.0,0.07617675841652533,431.53416944288165,0.0,0.0,-999.7229936057585,0.0,0.0,0.0,0.0,0.0,0.0,0.0,0.0,0.0,0.0,0.0,0.0,0.0,0.0,0.0,0.0,0.0,21.467995553694077,0.0,72.71417848831865,40.33045588723829,0.0,0.0,0.0,0.0,0.0,431.53416944288165,0.0,0.0,0.0,0.0,0.0,-8.656449820037935,0.0,0.0,0.0,0.0,0.0,0.0,0.0,0.0,0.0,0.0,0.0,0.0,0.0,0.0,0.0,0.0,0.0,0.0,-0.06925159856030347,0.0,0.0,3.4625799280151734,153.46279855701326,0.0,0.0,0.0,0.0,17.191251173971004,0.0,0.0,0.0,5.962562636042319,1.7312899640075867,0.0,0.0,0.0,0.06925159856030347,0.0,69.25159856030346,0.0,13.850319712060696,0.4946542754307391,236.14795109063485,-0.0519386989202276,3.462579928015174,1.3850319712060695,-0.34625799280184255,-236.14795109063485,20.775479568091043,-0.06925159856030347,0.0,113.99260054397968,0.017312899640075867,0.4946542754307391,0.0,-46.022937288894866,18.146545935031536,-300.0,-0.06925159856030347,0.017312899640075867,-236.14795109063485,6.925159856030347,0.06925159856030347,0.06925159856030347,-431.3887410859048,-34.92190603967858,0.0,-0.0519386989202276,20.775479568091043,0.06925159856030347,184.34847002838043,128.94719118013765,-0.034625799280151734,-204.10446654684924,10.196839719380364,-0.0519386989202276,-0.06925159856030347,0.0,0.06925159856030347,6.925159856030347,-1.3850319712060695,0.0,0.0,-6.925159856030347,300.0,0.0,13.850319712060694,0.1038773978404552,-802.520752000423,6.925159856030347,-128.16950071620553,113.99260054397968,-13.850319712060694,0.034625799280151734,0.6925159856030347,156.52330106065725,190.63851284265382,-0.06925159856030347,-447.11577911894994,431.3887410859048,21.467995553694077,0.06925159856030347,46.022937288894866,-132.68230818867363,113.99260054397968,-0.06925159856030347,-0.017312899640075867,-113.99260054397968,-0.06925159856030347,24.527662869804075,0.06925159856037562,-0.017312899640075867,-0.017312899640075867,-0.017312899640075867,27.700639424121388,-128.94719118013765,0.6925159856030347,120.14042517043191,-0.017312899640075867,313.0466021213145,3.4625799280151734,-8.801251506886864,0.06925159856030347,0.034625799280151734,0.034625799280151734,63.921460128020186,0.0,0.06925159856030347,0.0,0.6925159856030347,0.06925159856030347,-257.80771934456817,0.06925159856030347,0.27700639424153906,0.34625799280184255,0.034625799280151734,0.017312899640075867,20.775479568091043,-0.06925159856030347,0.0,-9.073272967515768,-240.28085034086382,1.7312899640075872,-6.925159856030347,13.850319712060694,3.4625799280151734,-0.06925159856030347,0.0,0.1038773978404552,-0.06925159856030347,-127.84292025604037,0.0,24.104879074609187,0.034625799280151734,17.602503013773728,-0.06925159856030347,-0.06925159856037562,-0.06925159856030347,0.034625799280151734,236.14795109063485,-13.850319712060694,0.06925159856030347,313.0466021213145,-0.017312899640075867,34.92190603967858,-313.0466021213145,10.38773978404552,-10.196839719380353,182.3011495044642,236.14795109063485,-0.0519386989202276,447.11577911894994,-190.63851284265382,0.06925159856030347,-0.017312899640075867,3.4625799280151734,69.25159856030346,-0.034625799280151734,-0.06925159856030347,0.017312899640075867,0.0,0.0,502.4861262011429,137.66729417413626,-255.0,0.0,763.4232276776941,-26.05812319798698,0.0,-80.0,-255.0,-325.0,-300.0,40.0,127.5,127.5,0.0,13.02906159899349,-431.53416944288165,-146.6521157617577,300.0,325.0,-146.6521157617577,-763.4232276776941,444.59018800516867,0.0,1496.5981,hplb
227,0.0,0.0,0.0,0.0,0.0,0.0,0.0,0.0,-0.07512416770755197,0.0,0.0,0.0,0.0,0.0,0.0,0.0,-759.3043108698479,900.7829658738929,0.0,158.52134499595513,0.0,0.0,0.0,528.5444285892357,0.0,592.8296478110066,0.0,0.0,0.0,0.0,0.0,0.0,0.0,0.0,0.0,0.0,0.0,690.4859877418339,0.0,-713.5539606991518,1000.0,0.0,0.0,0.0,0.0,0.0,381.1938904655301,0.0,759.3043108698479,-766.4054543361866,0.0,0.0,0.0,0.08263658447838146,0.0,0.0,0.0,15.024833541510393,0.0,0.0,-45.65322435699805,0.0,0.0,-114.26323399300516,0.0,0.0,0.0,0.0,0.0,0.0,0.0,0.7512416770755197,0.0,0.0,0.0,0.0,0.0,0.0,0.0,0.0,0.0,0.0,0.0,0.0,45.07450062453118,0.0,61.907292532884156,-1000.0,1000.0,-203.56564389077084,-0.018781041926887992,0.0,0.0,371.67439091939366,22.53725031226559,0.0,22.53725031226559,0.0,319.72376796062355,0.0,0.0,296.20504125655617,0.0,0.0,0.0,0.0,687.1010525200151,342.75125445418007,0.0,0.0,0.0,0.0,0.0,0.0,0.0,0.0,0.0,0.0,0.0,0.0,0.0,0.0,0.0,0.0,-1000.0,0.0,0.0,22.53725031226559,0.0,23.288491989341107,0.0,0.0,579.2837134498478,-579.2837134498478,0.0,0.0,-1000.0,0.0,0.0,931.3899903639929,0.0,0.0,0.0,0.0,0.0,67.69185344636566,0.07512416770755197,0.0,0.0,0.0,-1000.0,312.89894747998494,0.0,0.0,0.0,0.0,67.17191211527546,0.0,0.0,0.0,0.0,0.0,412.92371661321135,412.92371661321135,0.0,0.0,0.0,0.0,518.0307248827088,0.0,0.0,412.9988407809189,0.0,0.0,0.0,-81.66070402474855,-311.5275938013894,0.0,0.0,0.0,0.0,0.0,0.0,0.0,0.0,0.0,-406.7889688977376,0.0,0.0,0.0,0.0,-1000.0,0.0,0.0,0.0,0.0,0.0,766.4054543361866,0.0,-699.2170341261071,699.2170341261071,0.0,0.0,0.0,0.0,0.0,0.0,0.0,0.0,144.79226755040906,0.0,0.0,0.0,0.0,0.0,0.0,0.0,0.0,0.0,0.0,0.0,0.0,0.0,0.0,-69.95033291697922,0.0,0.0,0.0,0.0,68.6100096360071,0.0,0.0,0.0,0.0,0.0,-45.65322435699805,0.0,0.0,0.0,0.0,0.0,0.0,0.0,0.0,0.0,2.4189982001947783,0.0,0.0,0.0,-962.98264101218,736.234393113927,-939.9127232562593,0.0,0.0,0.0,0.0,68.6100096360071,-42.82394680312932,0.0,0.0,0.0,321.80781365418704,0.0,0.0,141.04068077135275,0.0,0.0,141.04068077135287,0.0,0.0,300.78296587389286,0.0,600.7829658738927,766.4054543361866,0.0,209.59642790406997,0.0,0.0,0.0,-1000.0,0.0,1000.0,0.0,1000.0,0.0,68.6100096360071,1000.0,0.0,0.0,0.0,-45.65322435699805,-0.11268625156132794,0.0,0.0,0.0,0.0,0.07512416770755197,0.0,0.0,0.0,975.0437514875397,-759.3043108698479,0.0,0.0,-183.18100982136013,311.5275938013894,818.9520742177688,0.0,163.23590086442755,0.0,0.0,0.0,0.0,0.0,836.7640991355725,0.0,-1000.0,-266.59488443994167,-1000.0,0.0,0.0,0.0,0.0,0.0,0.0,0.0,0.0,0.0,0.0,0.0,0.0,0.0,0.0,0.0,0.0,0.0,0.0,0.0,-1000.0,0.0,309.213515587334,0.0,0.0,883.7595330583501,0.0,-70.11085164656043,0.0,319.72376796062355,0.0,0.0,292.4488328711786,0.0,0.0,508.60444756921527,0.0,0.0,720.3678446170773,-3.7562083853775983,0.0,55.61301820658855,0.0,-833.8417690117487,0.0,-1.8781041926887991,0.0,0.0,0.0,0.0,229.18068879560258,-186.050728281923,22.53725031226559,0.0,0.0,0.0,776.2810390628607,0.0,0.0,0.0,0.0,0.0,0.0,-558.0562185706318,0.0,0.0,-391.6793946876187,0.0,0.0,0.0,0.0,0.0,-36.1018732842349,0.0,-1000.0,203.58517609449672,0.0,0.0,0.0,0.0,-92.4875832292448,0.15024833541502064,0.0,0.0,0.0,0.0,0.0,0.0,0.0,0.0,0.0,0.0,0.0,0.0,0.0,0.0,0.0,0.0,0.0,0.0,0.0,0.08263658447838146,0.08263658447838146,0.0,145.49908486867443,0.0,45.07450062453118,0.0,0.0,0.0,1000.0,0.0,37.48166763376366,61.907292532884156,0.0,0.0,-385.08122180358777,-1000.0,0.0,0.0,0.0,0.0,0.0,203.58517609449672,0.0,0.0,0.0,0.0,0.0,0.0,0.0,333.3333333333333,-975.0437514875397,0.0,175.25669662156656,67.69185344636566,0.0,371.67439091939366,0.0,0.0,0.0,-385.08122180358777,0.0,0.0,-477.5688050328326,0.0,0.0,0.0,0.0,0.0,0.0,0.0,0.0,0.0,0.0,0.0,0.0,0.0,0.0,0.0,0.0,45.07450062453118,68.61000963600713,68.6100096360071,0.0,0.0,0.0,0.0,0.0,0.0,0.0,0.0,0.0,0.0,0.7512416770755197,0.0,0.0,61.907292532884156,-61.907292532884156,0.0,0.0,0.0,0.0,22.53725031226559,0.0,0.0,0.0,0.0,175.25669662156656,0.0,0.0,0.0,0.0,0.0,150.63189243809666,-830.9173551224276,0.0,22.53725031226559,22.53725031226559,155.79237794463654,-1000.0,0.0,203.58517609449672,0.0,0.0,0.0,0.0,0.0,-733.4051155600583,0.0,-287.86842278171434,0.07512416770755197,0.0,0.0,0.0,99.21219548178058,21.750345966260785,0.0,-371.67439091939366,0.0,0.0,0.0,0.0,0.0,0.0,0.0,0.0,0.0,0.0,0.0,0.0,0.0,0.0,0.07512416770755197,0.0,0.0,0.0,0.0,0.0,0.0,0.0,0.0,309.213515587334,0.0,249.6129163140631,0.0,0.0,-1000.0,-5.634312578066397,-3.7562083853775983,0.0,0.0,281.25,281.25,-281.25,0.0,0.0,0.0,0.0,0.0,0.0,0.0,68.61000963600713,311.5275938013894,0.0,0.0,-182.2945198965454,0.0,0.0,0.0,-0.07512416770755197,0.0,0.0,0.07512416770755197,0.0,0.07512416770755197,0.0,0.0,0.0,45.07450062453118,91.6514846032134,91.6514846032134,0.0,0.0,0.0,0.0,0.0,0.0,0.0,0.0,0.0,0.0,0.0,0.0,0.0,843.2322899751928,0.0,0.0,0.0,0.0,0.0,0.0,0.0,0.0,0.0,0.0,0.0,0.0,0.0,0.0,0.0,-592.8296478110066,592.8296478110066,0.11268625156132794,0.0,0.0,0.0,-22.53725031226559,0.0,0.0,0.0,0.0,0.0,-145.49908486867443,3.7562083853775983,0.0,0.0,0.0,0.0,-518.0307248827088,-249.6129163140631,0.0,0.0,-1000.0,0.0,0.0,0.0,0.0,0.0,68.61000963600713,0.0,0.0,0.0,145.49908486867443,0.0,309.9751664584896,21.750345966260785,0.0,-319.72376796062355,319.72376796062355,0.0,0.0,-134.47543140634272,0.0,3.7562083853775983,470.858420633388,0.0,0.0,0.0,-159.9164583500032,0.0,0.0,0.0,0.0,0.0,0.0,0.0,0.0,0.0,557.9223663444784,-162.40202260287367,91.6514846032134,0.0,0.0,0.0,0.0,0.0,0.0,0.0,0.0,0.0,2.4189982001947783,0.0,0.0,0.0,-99.21219548178058,878.3598798610224,0.0,22.53725031226559,61.907292532884156,0.0,0.0,0.0,-255.25333744933948,0.0,0.0,0.08263658447838146,0.0,0.0,0.0,45.8257423016067,0.0,0.0,0.0,0.0,-69.95033291697922,0.0,687.1010525200151,0.0,0.0,0.0,0.0,0.0,0.0,-171.1934364960208,0.0,0.007512416770755411,0.007512416770755411,0.0,0.0,0.0,0.0,0.0,0.0,0.0,0.0,0.0,0.0,0.0,0.0,0.0,0.0,0.0,145.49908486867443,0.0,0.0,0.0,0.0,0.0,0.0,0.0,766.4054543361866,0.0,0.0,0.0,123.81458506576831,0.0,0.0,900.7829658738929,0.0,0.0,0.0,45.07450062453118,0.0,0.0,0.0,0.0,0.0,0.0,-45.07450062453118,0.0,123.81458506576831,0.0,0.0,0.0,0.0,0.0,0.0,0.0,0.0,0.0,0.0,287.86842278171434,-1000.0,894.6923448548658,-587.7735713315257,565.2363210192601,0.0,999.6995033291678,0.0,0.0,0.0,0.0,0.0,0.0,0.0,0.0,0.0,703.125,0.0,-703.125,-703.125,0.0,0.0,0.0,0.0,-9.390520963443995,68.6100096360071,-298.08314544924497,1000.0,0.0,0.0,0.0,0.0,0.0,-0.9390520963443997,0.0,36.1018732842349,0.0,0.0,0.0,0.0,0.0,0.0,0.0,1000.0,22.53725031226559,22.53725031226559,0.0,0.0,0.0,0.0,0.0,0.08263658447838146,145.49908486867443,0.0,0.0,-999.6995033291679,0.0,0.0,0.0,0.0,0.0,0.0,0.0,0.0,0.0,0.0,0.0,0.0,0.0,0.0,0.0,0.0,0.0,0.0,0.0,78.88037609292957,67.69185344636566,0.0,0.0,0.0,0.0,0.0,145.49908486867443,0.0,245.85670792868552,0.0,0.0,0.0,-9.390520963443995,0.0,0.0,0.0,0.0,0.0,0.0,0.0,0.0,0.0,0.0,0.0,0.0,0.0,0.0,0.0,0.0,0.0,0.0,-0.07512416770755197,0.0,0.0,3.7562083853775983,385.08122180358777,0.0,0.0,0.0,0.0,68.6100096360071,0.0,0.0,0.0,-836.7640991355725,1.8781041926887991,0.0,0.0,592.8296478110066,0.07512416770755197,0.0,75.12416770755196,-23.288491989341107,15.024833541510395,0.5366011979110855,209.59642790406997,-0.05634312578066397,149.9806248209669,1.5024833541510394,-0.3756208385396555,-209.59642790406997,22.53725031226559,-0.07512416770755197,0.0,203.58517609449672,0.018781041926887992,0.5366011979110855,0.0,-73.86706003193802,-1.5024833541510394,-300.0,-0.07512416770755197,0.018781041926887992,-209.59642790406997,7.5124167707551965,0.07512416770755197,0.07512416770755197,-145.3413241164885,-61.82465594840585,-70.73723726298402,-0.05634312578066397,22.53725031226559,0.07512416770755197,22.537250312265584,-37.56208385377599,-0.037562083853775984,3.565325147708558,-7.587540938462752,-0.05634312578066397,-0.07512416770755197,-23.288491989341107,0.07512416770755197,7.5124167707551965,-1.5024833541510394,0.0,0.0,-7.5124167707551965,300.0,0.0,15.024833541510393,0.11268625156132794,-1000.0,7.5124167707551965,-333.3333333333333,203.58517609449672,-15.024833541510393,0.037562083853775984,0.7512416770755197,0.0,160.52391841018482,-0.07512416770755197,-162.40202260287367,145.3413241164885,23.288491989341107,0.07512416770755197,73.86706003193802,113.43617484543438,203.58517609449672,-0.07512416770755197,-0.018781041926887992,-203.58517609449672,-0.07512416770755197,-779.5886357492599,0.07512416770743828,-0.018781041926887992,-0.018781041926887992,-0.018781041926887992,30.049667083020786,37.56208385377599,0.7512416770755197,55.65761775034663,-0.018781041926887992,0.0,3.7562083853775983,50.0,0.07512416770755197,0.037562083853775984,0.037562083853775984,75.0,23.288491989341107,0.07512416770755197,-23.288491989341107,0.7512416770755197,0.07512416770755197,-55.65761775034663,0.07512416770755197,0.30049667083216036,0.3756208385396555,0.037562083853775984,0.018781041926887992,22.53725031226559,-0.07512416770755197,70.73723726298402,0.7512416770755197,-111.31523550069326,148.10252062827806,-7.5124167707551965,15.024833541510393,3.7562083853775983,-0.07512416770755197,0.0,0.11268625156132794,-0.07512416770755197,-150.0,23.288491989341107,485.98207605431196,0.037562083853775984,-100.0,-0.07512416770755197,-0.07512416770743828,-0.07512416770755195,0.037562083853775984,209.59642790406997,-15.024833541510393,0.07512416770755197,0.0,-0.018781041926887992,61.82465594840585,0.0,11.268625156132794,7.587540938462748,44.443132837015696,209.59642790406997,-0.05634312578066397,162.40202260287367,-160.52391841018482,0.07512416770755197,-0.018781041926887992,3.7562083853775983,75.12416770755196,-0.037562083853775984,-0.07512416770755197,0.018781041926887992,908.1524812876467,0.0,902.7451159330242,0.0,-255.0,0.0,1000.0,20.09010185992381,0.0,-80.0,-255.0,-325.0,-97.21732198312202,40.0,127.5,127.5,0.0,-10.045050929961905,-145.49908486867443,-230.72873860497248,97.21732198312202,325.0,-230.72873860497248,-1000.0,439.5257041919052,0.0,1496.5981,hplb
228,0.0,0.0,0.0,0.0,0.0,0.0,0.0,0.0,-0.09049567343111817,0.0,0.0,0.0,0.0,0.0,0.0,0.0,954.1809867408226,72.90260700693311,0.0,-947.4658730970339,0.0,0.0,0.0,0.0,0.0,0.0,0.0,0.0,0.0,-954.1809867408226,96.12446097085883,-96.12446097085883,138.0000456171723,0.0,0.0,0.0,0.0,600.6852173651239,0.0,0.0,968.6442283314965,0.0,0.0,-1000.0,0.0,0.0,0.0,0.0,0.0,-484.80060515485906,0.0,0.0,0.0,0.0995452407741908,0.0,0.0,0.0,0.0,0.0,0.0,-40.01113929711924,0.0,-164.40361137652667,-204.41475067364593,0.0,0.0,0.0,0.0,655.1805946068076,0.0,0.0,0.9049567343111816,0.0,0.0,0.0,0.0,0.0,0.0,0.0,0.0,0.0,0.0,-214.85256003698453,0.0,54.2974040586709,0.0,0.0,-437.2816330450504,-137.2816330450504,0.0,0.0,0.0,0.0,0.0,27.14870202933545,0.0,27.14870202933545,-99.0384216553385,0.0,0.0,0.0,303.463437612731,-954.1809867408226,0.0,0.0,0.0,0.0,164.0332141595658,0.0,0.0,0.0,0.0,0.0,0.0,0.0,0.0,0.0,0.0,0.0,0.0,0.0,0.0,0.0,0.0,-177.57683268898757,0.0,0.0,27.14870202933545,0.0,28.053658763646627,0.0,0.0,0.0,0.0,0.0,0.0,0.0,-531.2500000000005,531.2500000000005,0.0,0.0,0.0,0.0,0.0,0.0,221.8207268911806,0.09049567343111817,0.022623918357779542,0.0,0.0,0.0,0.0,0.0,0.0,214.85256003698453,0.0,608.025287481066,0.0,0.0,0.0,0.0,0.0,903.7850433557101,903.7850433557101,0.0,0.0,0.0,0.0,0.0,0.0,0.0,1000.0,0.0,0.0,0.0,-460.8264731954812,-568.6536241517118,0.0,0.0,0.0,0.0,0.0,0.0,0.0,0.0,0.0,0.0,0.0,0.0,0.0,0.0,-519.1460094478653,0.0,0.0,0.0,0.0,0.0,484.80060515485906,0.0,437.2816330450504,-437.2816330450504,0.0,0.0,0.0,0.0,0.0,0.0,0.0,0.0,0.0,0.0,0.0,0.0,0.0,0.0,0.0,0.0,0.0,0.0,0.0,0.0,0.0,0.0,0.0,-63.80173062755273,0.0,0.0,0.0,0.0,0.0,0.0,0.0,0.0,0.0,0.0,-40.01113929711924,1000.0,96.12446097085883,0.0,351.72048435738617,0.0,0.0,0.0,0.0,0.0,0.0,18.099134686223632,0.0,0.0,954.0452432306756,379.4819771405749,0.0,0.0,0.0,0.0,0.0,0.0,0.0,0.0,0.0,0.0,217.25910346165392,0.0,0.0,1000.0,718.7499999999972,0.0,366.42918029586303,-85.17918029586042,-633.5708197041367,300.0,0.0,0.0,484.80060515485906,0.0,252.48292887281966,0.0,0.0,0.0,273.9410144339077,0.0,-273.9410144339077,0.0,999.8190086531378,0.0,0.0,0.0,0.0,0.0,0.0,-40.01113929711924,-0.13574351014667724,0.0,0.0,0.0,0.0,0.09049567343111817,0.0,0.0,0.0,491.99730741852983,954.1809867408226,0.0,-323.74139531334833,-465.19425594757803,568.6536241517118,947.4721884305068,0.0,1000.0,0.0,0.0,0.0,0.0,0.0,156.34749347271082,-156.34749347271082,-1000.0,503.8744492199823,-1000.0,0.0,0.0,0.0,0.0,0.0,0.0,0.0,0.0,0.0,0.0,0.0,0.0,0.0,0.0,0.0,0.0,351.72048435738617,1000.0,0.0,0.0,214.85256003698453,398.9527999411518,0.0,1000.0,0.0,0.0,574.6104117763964,0.0,0.0,0.0,0.0,298.9386539411751,0.0,0.0,0.0,0.0,-498.8331011340968,-533.3016144874923,-4.524783671555908,0.0,714.0084047698695,0.0,-653.9941106421435,1000.0,-2.262391835777954,0.0,0.0,0.0,0.0,-603.8764588607163,596.3584068765808,27.14870202933545,0.0,0.0,0.0,970.7059181914417,0.0,0.0,0.0,0.0,0.0,0.0,-733.8050528776654,0.0,0.0,0.0,0.0,0.0,0.0,0.0,0.0,-80.02227859423851,0.0,0.0,48.32074193032525,0.0,0.0,0.0,0.0,-90.95043265688818,0.1809913468623563,0.0,0.0,0.0,0.0,0.0,0.0,0.0,0.0,0.0,655.1805946068076,0.0,0.0,0.0,0.0,0.0,0.0,0.0,0.0,0.0,0.0995452407741908,0.0995452407741908,96.12446097085883,180.33181421794228,0.0,54.2974040586709,0.0,0.0,0.0,-470.0738888796675,0.0,0.0,0.0,0.0,0.0,-389.1204307021436,470.0738888796675,0.0,0.0,0.0,0.0,0.0,48.32074193032525,0.0,0.0,0.0,0.0,0.0,0.0,0.0,59.192277562995855,-491.99730741852983,0.0,0.0,6.968166854196085,0.0,0.0,0.0,0.0,0.0,-389.1204307021436,0.0,0.0,-480.0708633590318,1000.0,-1000.0,0.0,0.0,0.0,0.0,0.0,0.0,0.0,0.0,0.0,0.0,0.0,0.0,0.0,0.0,54.2974040586709,0.0,0.0,0.0,0.0,0.0,0.0,0.0,0.0,0.0,0.0,0.0,0.0,0.9049567343111816,0.0,96.12446097085883,0.0,0.0,96.12446097085883,0.0,0.0,0.0,27.14870202933545,0.0,0.0,0.0,0.0,0.0,0.0,0.0,0.0,0.0,0.0,123.56011114262076,0.0,0.0,27.14870202933545,27.14870202933545,195.4884681108523,470.0738888796675,0.0,48.32074193032525,0.0,0.0,0.0,0.0,0.0,-549.6934624791597,0.0,-281.02076486806556,0.09049567343111817,0.0,0.0,0.0,119.51246471913883,0.0,0.0,0.0,0.0,0.0,0.0,0.0,0.0,0.0,0.0,0.0,0.0,0.0,0.0,0.0,0.0,0.0,0.09049567343111817,0.0,0.0,0.0,0.0,0.0,0.0,0.0,0.0,398.9527999411518,0.0,574.6104117763964,0.0,0.0,-1000.0,-6.787175507333927,0.0,-4.524783671555908,0.0,0.0,0.0,0.0,0.0,0.0,0.0,0.0,0.0,0.0,0.0,0.0,568.6536241517118,0.0,0.0,600.8831905481368,0.0,0.0,0.0,-0.09049567343111817,0.0,0.0,0.09049567343111817,0.0,0.09049567343111817,0.0,0.0,0.0,54.2974040586709,110.40472158596415,110.40472158596415,0.0,0.0,0.0,0.0,0.0,0.0,0.0,0.0,0.0,0.0,0.0,0.0,164.13917095513006,0.0,0.0,0.0,0.0,0.0,0.0,0.0,0.0,0.0,0.0,0.0,0.0,0.0,0.0,0.0,0.0,0.0,0.0,0.13574351014667724,0.0,0.0,0.0,-27.14870202933545,0.0,0.0,0.0,0.0,0.0,-180.33181421794228,4.524783671555908,0.0,0.0,0.0,0.0,0.0,-99.0384216553385,-4.524783671555908,0.0,0.0,0.0,0.0,0.0,0.0,0.0,0.0,0.0,0.0,268.0053140438048,180.33181421794228,0.0,206.80042728974212,0.0,0.0,475.5719901210579,0.0,-475.5719901210579,214.85256003698453,-110.40472158596415,0.0,4.524783671555908,1000.0,0.0,0.0,-96.12446097085883,-80.02227859423851,-754.6921026069975,754.6921026069975,1000.0,-1000.0,0.0,-700.3066776967185,0.0,0.0,0.0,187.1189897252762,-200.69334073994366,110.40472158596415,0.0,96.12446097085883,96.12446097085883,0.0,0.0,0.0,0.0,0.0,0.0,0.0,0.0,0.0,0.0,-774.6930593259465,0.0,0.0,27.14870202933545,0.0,0.0,0.0,0.0,170.3655717813421,0.0,0.0,0.0995452407741908,0.0,0.0,0.0,55.20236079298208,0.0,0.0,0.0,0.0,-63.80173062755273,0.0,0.0,0.0,0.0,0.0,0.0,0.0,0.0,0.0,0.0,0.00904956734311213,0.00904956734311213,0.0,0.0,0.0,0.0,0.0,0.0,0.0,0.0,0.0,0.0,96.12446097085883,0.0,0.0,0.0,0.0,180.33181421794228,0.0,0.0,0.0,0.0,0.0,0.0,0.0,484.80060515485906,0.0,0.0,0.0,0.0,960.8961003846114,0.0,72.90260700693311,0.0,0.0,0.0,54.2974040586709,0.0,0.0,0.0,0.0,0.0,0.0,-54.2974040586709,0.0,0.0,0.0,0.0,0.0,0.0,0.0,0.0,0.0,96.12446097085883,96.12446097085883,0.0,281.02076486806556,-1000.0,226.1287072554457,0.0,-27.14870202933545,0.0,999.6380173062757,0.0,0.0,0.0,0.0,0.0,0.0,0.0,0.0,0.0,0.0,0.0,0.0,0.0,0.0,0.0,0.0,0.0,-11.311959178889836,0.0,-305.725829448509,358.04533618773985,0.0,0.0,0.0,0.0,0.0,0.0,-1.1311959178889768,294.87483863122304,0.0,0.0,0.0,0.0,0.0,0.0,0.0,1000.0,27.14870202933545,27.14870202933545,0.0,0.0,0.0,0.0,0.0,0.0995452407741908,180.33181421794228,0.0,0.0,-999.6380173062757,0.0,0.0,0.0,0.0,0.0,0.0,0.0,0.0,0.0,0.0,0.0,0.0,0.0,0.0,0.0,0.0,0.0,0.0,0.0,95.02045710267407,6.968166854196085,0.0,0.0,0.0,0.0,0.0,180.33181421794228,0.0,0.0,0.0,0.0,0.0,-11.311959178889836,0.0,0.0,0.0,0.0,0.0,0.0,0.0,0.0,0.0,0.0,0.0,0.0,0.0,0.0,0.0,0.0,0.0,0.0,-0.09049567343111817,0.0,0.0,4.524783671555908,389.1204307021436,0.0,0.0,0.0,0.0,0.0,0.0,0.0,0.0,-156.34749347271082,2.262391835777954,0.0,0.0,0.0,0.09049567343111817,0.0,90.49567343111815,-28.053658763646627,18.099134686223632,0.6463976673651297,252.48292887281966,-0.06787175507333862,653.9941106421435,1.8099134686223632,-0.4524783671553223,-252.48292887281966,27.14870202933545,-0.09049567343111817,0.0,48.32074193032525,0.022623918357779542,0.6463976673651297,0.0,-14.406911210231897,94.31454750223646,-79.61772065072182,-0.09049567343111817,0.022623918357779542,-252.48292887281966,9.049567343111816,0.09049567343111817,0.09049567343111817,-180.14177330373695,0.0995452407742303,-228.95047827406052,-0.06787175507333862,27.14870202933545,0.09049567343111817,27.14870202933545,-45.24783671555908,-0.045247836715559084,-379.0748092070055,-9.140063016542934,-0.06787175507333862,-0.09049567343111817,-28.053658763646627,0.09049567343111817,9.049567343111816,-1.8099134686223632,0.0,0.0,-9.049567343111816,79.61772065072182,0.0,18.099134686223632,0.13574351014667724,-1000.0,9.049567343111816,-59.192277562995855,48.32074193032525,-18.099134686223632,0.045247836715559084,0.9049567343111816,80.93534882833708,198.43094890416592,-0.09049567343111817,-200.69334073994366,180.14177330373695,28.053658763646627,0.09049567343111817,14.406911210231897,-60.274066187016615,48.32074193032525,-0.09049567343111817,-0.022623918357779542,-48.32074193032525,-0.09049567343111817,-90.95043265688818,0.09049567343129183,-0.022623918357779542,-0.022623918357779542,-0.022623918357779542,36.198269372447264,45.24783671555908,0.9049567343111816,67.04598205327729,-0.022623918357779542,161.87069765667417,4.524783671555908,50.0,0.09049567343111817,0.045247836715559084,0.045247836715559084,33.20993830827444,28.053658763646627,0.09049567343111817,-28.053658763646627,0.9049567343111816,0.09049567343111817,-67.04598205327729,0.09049567343111817,0.36198269372425784,0.4524783671553223,0.045247836715559084,0.022623918357779542,27.14870202933545,-0.09049567343111817,228.95047827406052,-47.15727375111823,-134.09196410655457,651.7317188063655,-9.049567343111816,18.099134686223632,4.524783671555908,-0.09049567343111817,0.0,0.13574351014667724,-0.09049567343111817,-66.41987661654888,28.053658763646627,194.4461360574178,0.045247836715559084,-100.0,-0.09049567343111817,-0.09049567343129183,-0.09049567343111817,0.045247836715559084,252.48292887281966,-18.099134686223632,0.09049567343111817,161.87069765667417,-0.022623918357779542,-0.0995452407742303,-161.87069765667417,13.574351014667721,9.140063016542934,240.51987891891588,252.48292887281966,-0.06787175507333862,200.69334073994366,-198.43094890416592,0.09049567343111817,-0.022623918357779535,4.524783671555908,90.49567343111816,-0.045247836715559084,-0.09049567343111817,0.022623918357779542,690.8615732466544,0.0,699.9547521632844,0.0,-255.0,0.0,546.7494707029707,-140.0,0.0,-80.0,-255.0,-224.89956197596575,-300.0,40.0,127.5,127.5,0.0,70.0,-180.33181421794228,-364.8117078387599,300.0,224.89956197596575,-364.8117078387599,-546.7494707029707,298.98698477343777,0.0,1496.5981,hplb
229,0.0,0.0,0.0,0.0,0.0,0.0,0.0,0.0,229.19258736847624,0.0,0.0,0.0,0.0,0.0,0.0,0.0,300.0,1000.0,0.0,-1000.0,0.0,0.0,0.0,263.8388255987363,0.0,0.0,0.0,0.0,0.0,-506.8453722805289,0.0,0.0,138.95097267844585,0.0,0.0,0.0,0.0,175.64934524762964,0.0,-1000.0,1000.0,0.0,-970.3411410561841,-800.7563837717566,0.0,0.0,0.0,0.0,37.26061499610137,-636.4980805130648,0.0,0.0,0.0,0.05221402958022736,0.0,0.0,0.0,0.005353940654906353,0.0,0.0,98.21757472459211,0.0,1000.0,656.7630460711888,0.0,0.0,0.0,0.0,0.0,602.5901102037824,0.0,0.47467299617805486,0.0,0.0,0.0,0.0,0.0,0.0,0.0,0.0,0.0,0.0,-184.49179547243637,0.0,28.480379770683292,0.0,44.753647973533326,-117.67858588090547,688.0197269370896,196.15531340683964,-0.011866824904451373,0.0,0.0,-466.2170742337936,14.240189885341646,0.0,91.22317793145942,-1.528447047696261,0.0,0.0,0.0,2.3733649808902744,-506.8453722805289,0.0,0.0,0.0,0.0,0.0,0.0,0.0,0.0,0.0,0.0,0.0,0.0,0.0,0.0,0.0,0.0,0.0,0.0,0.0,0.0,0.0,-1000.0,0.0,0.0,91.22317793145942,0.0,14.714862881519704,0.0,0.0,0.0,0.0,0.0,0.0,-441.4545286534033,0.0,0.0,0.0,0.0,0.0,0.0,0.0,0.0,232.90042551654074,0.04746729961780549,0.0,0.0,0.0,0.0,0.0,0.0,0.0,184.49179547243637,0.0,-219.2034486986664,0.0,0.0,0.0,0.0,0.0,602.2504895862438,602.2504895862438,0.0,0.0,0.0,0.0,676.3336127537982,0.0,0.0,602.2979568858616,0.0,0.0,0.0,-631.34393778501,-930.252614060878,0.0,0.0,0.0,0.0,0.0,0.0,0.0,0.0,0.0,-514.0773096299044,0.0,0.0,0.0,0.0,-1000.0,0.0,0.0,0.0,0.0,0.0,636.4980805130648,970.3411410561841,-688.0197269370896,688.0197269370896,217.15775634473331,0.0,0.0,0.0,0.0,0.0,0.0,0.0,-1000.0,0.0,0.0,0.0,0.0,0.0,0.0,0.0,0.0,0.0,0.0,0.0,0.0,0.0,0.0,145.25109715542524,-800.7563837717566,0.0,0.0,0.0,224.29677230867003,165.20580273860165,0.0,0.0,0.0,0.0,98.21757472459211,0.0,0.0,0.0,0.0,0.0,0.0,0.0,0.0,0.0,0.0,9.488105982906191,76.98298804611777,0.0,496.0841124574129,901.7824252754078,201.90344323429053,0.0,800.7563837717566,0.0,0.0,441.4545286534033,0.0,0.0,0.0,0.0,143.93679403881623,0.0,0.0,-678.6485196092212,-1000.0,0.0,321.351480390779,0.0,1000.0,0.0,0.0,-607.6017560522855,636.4980805130648,0.0,-249.9297931496576,0.0,0.0,0.0,0.0,0.0,0.0,0.0,467.94207836602607,0.0,224.29677230867003,1000.0,0.0,0.0,0.0,98.21757472459211,-0.07120094942670824,0.0,0.0,0.0,0.0,0.04746729961780549,0.0,0.0,0.0,526.4132629852056,300.0,0.0,-137.25202837020436,-200.68656274679637,930.252614060878,990.7432405610698,0.0,687.248809143596,0.0,0.0,0.0,0.0,0.0,-4.086934497093694,-683.1618746465023,0.0,-1000.0,-1000.0,0.0,0.0,0.0,0.0,0.0,0.0,0.0,0.0,0.0,0.0,0.0,0.0,0.0,0.0,0.0,0.0,0.0,1000.0,0.0,291.8997774832189,184.49179547243637,532.2610080706804,0.0,0.0,0.0,0.0,-232.90042551654074,0.0,0.0,0.0,62.56105673425816,0.0,0.0,0.0,0.0,0.0,683.1618746465023,0.0,-385.82967674067004,0.0,-126.47577566963325,0.0,-2.3733649808902744,1000.0,-1.1866824904451372,383.45631175977974,-783.3850388819462,0.0,-508.01374657166025,-963.1521704753328,196.84105471706243,91.22317793145942,0.0,0.0,0.0,353.24208373747854,0.0,229.24005466809405,0.0,0.0,0.0,0.0,-107.73554366103963,0.0,0.0,0.0,0.0,0.0,0.0,0.0,0.0,-155.51208325715243,0.0,0.0,100.47993737038951,0.0,0.0,0.0,0.0,54.02791922396582,0.09493459923515957,0.0,0.0,0.0,0.0,0.0,0.0,0.0,0.0,0.0,602.5901102037824,0.0,0.0,0.0,0.0,0.0,0.0,0.0,0.0,0.0,0.05221402958022736,0.05221402958022736,0.0,270.5065400764389,0.0,28.480379770683292,0.0,0.0,0.0,732.7187493402313,0.0,0.0,44.753647973533326,0.0,0.0,-33.079441102887195,-732.7187493402313,0.0,0.0,475.08575392907323,0.0,0.0,100.47993737038951,0.0,0.0,0.0,0.0,0.0,0.0,0.0,333.3333333333333,-526.4132629852056,0.0,0.0,48.40863004410436,0.0,151.41936668287144,-617.636440916665,-1000.0,0.0,-33.079441102887195,0.0,673.4144157439671,-652.4659376228884,0.0,0.0,0.0,0.0,0.0,0.0,0.0,0.0,0.0,0.0,0.0,0.0,0.0,0.0,0.0,0.0,28.480379770683292,441.4545286534033,441.4545286534033,0.0,0.0,0.0,0.0,0.0,0.0,0.0,0.0,0.0,0.0,0.47467299617805486,0.0,0.0,44.753647973533326,-44.753647973533326,0.0,970.3411410561841,0.0,0.0,91.22317793145942,-475.08575392907323,0.0,0.0,0.0,0.0,0.0,0.0,0.0,0.0,0.0,278.16859614265866,0.0,0.0,14.240189885341646,14.240189885341646,830.6564956851962,-732.7187493402313,0.0,100.47993737038951,0.0,0.0,0.0,0.0,0.0,506.8453722805289,0.0,1000.0,0.04746729961780549,0.0,0.0,-736.9304165970814,799.6177667851962,0.0,0.0,466.2170742337936,0.0,0.0,0.0,0.0,0.0,0.0,0.0,0.0,0.0,0.0,0.0,0.0,0.0,0.0,0.04746729961780549,0.0,0.0,0.0,0.0,0.0,0.0,0.0,0.0,532.2610080706804,-232.90042551654074,0.0,0.0,0.0,-708.1002225167811,-3.5600474713354116,-2.3733649808902726,0.0,0.0,0.0,0.0,0.0,0.0,0.0,0.0,0.0,0.0,0.0,0.0,441.4545286534033,930.252614060878,0.0,0.0,-308.7993268737075,0.0,0.0,0.0,229.19258736847624,0.0,0.0,0.04746729961780549,0.0,0.04746729961780549,0.0,0.0,0.0,28.480379770683292,57.9101055337227,57.9101055337227,0.0,0.0,0.0,0.0,0.0,0.0,0.0,0.0,0.0,0.0,0.0,0.0,0.0,0.0,0.0,0.0,0.0,0.0,0.0,0.0,0.0,0.0,0.0,0.0,0.0,0.0,0.0,382.36355908333496,0.0,0.0,0.0,0.07120094942670824,0.0,0.0,0.0,-91.22317793145942,0.0,0.0,0.0,0.0,0.0,-270.5065400764389,2.3733649808902744,0.0,0.0,0.0,0.0,-676.3336127537982,0.0,0.0,0.0,0.0,0.0,0.0,0.0,0.0,0.0,441.4545286534033,0.0,475.08575392907323,437.7395030831166,270.5065400764389,0.0,-163.41009186257807,0.0,0.0,0.0,0.0,0.0,184.49179547243637,-57.9101055337227,0.0,2.3733649808902726,1000.0,0.0,0.0,0.0,-245.0193792042191,0.0,0.0,0.0,0.0,0.0,0.0,0.0,0.0,0.0,788.1438971776788,-281.18668249044526,57.9101055337227,0.0,0.0,0.0,0.0,0.0,0.0,0.0,0.0,0.0,0.0,0.0,0.0,0.0,-665.2774603918971,0.0,-970.3411410561841,14.240189885341646,44.753647973533326,0.0,0.0,0.0,-267.9260485844858,0.0,0.0,0.05221402958022736,0.0,0.0,0.0,28.95505276686135,0.0,0.0,0.0,0.0,145.25109715542524,0.0,0.0,0.0,0.0,0.0,0.0,0.0,0.0,0.0,0.0,0.004746729961780716,0.004746729961780716,0.0,0.0,0.0,0.0,0.0,0.0,0.0,0.0,0.0,-736.9304165970814,0.0,0.0,0.0,0.0,0.0,270.5065400764389,0.0,0.0,0.0,0.0,0.0,0.0,0.0,636.4980805130648,0.0,0.0,0.0,89.50729594706665,0.0,0.0,1000.0,0.0,0.0,0.0,28.480379770683292,0.0,0.0,0.0,0.0,0.0,222.59362076298586,-251.07400053366916,0.0,89.50729594706665,0.0,0.0,0.0,0.0,0.0,0.0,0.0,0.0,0.0,0.0,-1000.0,-1000.0,32.51510023819676,0.0,-91.22317793145942,0.0,707.9103533183101,0.0,0.0,0.0,0.0,0.0,0.0,0.0,0.0,0.0,0.0,0.0,0.0,0.0,0.0,0.0,0.0,0.0,-5.933412452225684,441.4545286534033,-3.5600474713354116,277.6266350191097,0.0,0.0,0.0,0.0,0.0,-0.5933412452225686,0.0,340.00387872958873,0.0,0.0,0.0,0.0,0.0,0.0,0.0,1000.0,14.240189885341646,14.240189885341646,0.0,0.0,0.0,0.0,0.0,0.05221402958022736,270.5065400764389,0.0,0.0,-707.9103533183101,0.0,0.0,0.0,0.0,0.0,0.0,0.0,0.0,0.0,0.0,0.0,0.0,0.0,0.0,0.0,0.0,0.0,0.0,0.0,49.84066459869576,48.40863004410436,0.0,0.0,0.0,0.0,0.0,270.5065400764389,0.0,-3.9018120285865336,0.0,0.0,0.0,-5.933412452225684,0.0,0.0,0.0,0.0,0.0,0.0,0.0,0.0,0.0,0.0,0.0,0.0,0.0,0.0,0.0,0.0,0.0,0.0,-0.04746729961780549,0.0,0.0,2.3733649808902744,33.079441102887195,0.0,0.0,0.0,0.0,441.4545286534033,0.0,0.0,0.0,4.086934497093694,1.1866824904451372,0.0,0.0,0.0,0.04746729961780549,0.0,47.46729961780549,-14.714862881519704,9.493459923561097,0.3390521401271859,132.43376593367734,-0.03560047471335412,2.3733649808902744,0.9493459923561098,-0.23733649808878,-132.43376593367734,14.240189885341646,-0.04746729961780549,0.0,100.47993737038951,0.011866824904451373,0.3390521401271859,0.0,-52.310442072690904,-0.9493459923561098,-300.0,-0.04746729961780549,0.011866824904451373,-132.43376593367734,4.746729961780549,0.04746729961780549,0.04746729961780549,-270.4068587472409,-44.70143394395374,-84.92305345448003,-0.03560047471335412,14.240189885341646,0.04746729961780549,91.22317793145942,53.24933823721503,-0.023733649808902746,304.1265021531464,-170.0,-0.03560047471335412,-0.04746729961780549,-14.714862881519704,0.04746729961780549,4.746729961780549,-0.9493459923561098,382.36355908333496,382.36355908333496,-4.746729961780549,300.0,-382.36355908333496,9.493459923561097,0.07120094942670824,-1000.0,4.746729961780549,-333.3333333333333,100.47993737038951,-9.493459923561097,0.023733649808902746,0.47467299617805486,34.31300709255109,280.0,-0.04746729961780549,-281.18668249044526,270.4068587472409,14.714862881519704,0.04746729961780549,52.310442072690904,-33.463810217094476,100.47993737038951,-0.04746729961780549,-0.011866824904451373,-100.47993737038951,-0.04746729961780549,54.02791922396582,0.04746729961755136,-0.011866824904451373,-0.011866824904451373,-0.011866824904451373,18.986919847122195,-53.24933823721503,0.47467299617805486,35.16733560434733,-0.011866824904451373,68.62601418510218,2.3733649808902744,-24.640594631092632,0.04746729961780549,0.023733649808902746,0.023733649808902746,-57.161687507359716,14.714862881519704,0.04746729961780549,-14.714862881519704,0.47467299617805486,0.04746729961780549,-35.16733560434733,0.04746729961780549,0.1898691984710581,0.23733649808878,0.023733649808902746,0.011866824904451373,14.240189885341646,-0.04746729961780549,84.92305345448003,0.4746729961780549,-70.33467120869466,1.1866824904451372,-4.746729961780549,9.493459923561097,2.3733649808902744,-0.04746729961780549,0.0,0.07120094942670824,-0.04746729961780549,114.32337501471943,14.714862881519704,481.27865568695574,0.023733649808902746,49.281189262185265,-0.04746729961780549,-0.04746729961755136,-0.04746729961780549,0.023733649808902746,132.43376593367734,-9.493459923561097,0.04746729961780549,68.62601418510218,-0.011866824904451373,44.70143394395374,-68.62601418510218,7.120094942670822,170.0,458.17539573274234,132.43376593367734,-0.03560047471335412,281.18668249044526,-280.0,0.04746729961780549,-0.011866824904451373,64.93442171514843,47.46729961780549,-0.023733649808902746,-0.04746729961780549,0.011866824904451373,0.0,0.0,803.8209529433514,0.0,-255.0,0.0,835.7619829974526,-140.0,0.0,-80.0,-255.0,153.91663193901698,-196.15531340683964,40.0,127.5,127.5,0.0,70.0,-270.5065400764389,-213.35260710247,196.15531340683964,-153.91663193901698,-213.35260710247,-835.7619829974526,432.23953162638327,0.0,1496.5981,hplb
230,0.0,0.0,0.0,0.0,0.0,0.0,0.0,0.0,-0.0381297387339905,0.0,0.0,0.0,0.0,0.0,0.0,0.0,-825.6427468497321,715.1092994545725,0.0,410.53344739515967,0.0,0.0,0.0,0.0,0.0,0.0,0.0,0.0,0.0,0.0,0.0,0.0,139.15733277397885,0.0,0.0,0.0,0.0,210.34712698767925,0.0,-761.4472720545913,643.6532726531773,0.0,-640.8092409124057,0.0,0.0,0.0,697.6528515564833,0.0,0.0,0.0,0.0,0.0,0.0,0.041942712607359524,0.0,0.0,0.0,0.0,0.0,0.0,-214.31261981601415,0.0,214.31261981601415,0.0,0.0,0.0,0.0,0.0,0.0,0.0,0.0,0.381297387339905,0.0,0.0,0.0,0.0,0.0,0.0,0.0,0.0,0.0,0.0,0.0,0.0,22.8778432403943,0.0,210.9546608248409,-57.55464972728623,106.35284087228035,776.901750312839,-0.009532434683497624,0.0,0.0,0.0,11.43892162019715,0.0,174.48110506262188,0.0,217.0249152312918,0.0,0.0,1.9064869366995247,-630.0049803781328,0.0,0.0,0.0,0.0,31.338506805808088,0.0,0.0,0.0,0.0,0.0,0.0,0.0,0.0,0.0,0.0,0.0,0.0,0.0,0.0,0.0,0.0,-158.10235123725906,0.0,0.0,174.48110506262188,0.0,11.820219007537055,0.0,0.0,-860.5290314224668,0.0,860.5290314224668,-860.5290314224668,0.0,0.0,0.0,0.0,0.0,0.0,0.0,0.0,0.0,213.89065070735813,0.0381297387339905,0.0,0.0,0.0,0.0,0.0,0.0,0.0,0.0,0.0,98.21411237719353,0.0,0.0,0.0,0.0,0.0,935.2492606567733,935.2492606567733,0.0,0.0,0.0,0.0,-1000.0,0.0,0.0,935.2873903955074,0.0,0.0,0.0,0.0,0.0,0.0,0.0,0.0,0.0,0.0,0.0,0.0,0.0,0.0,0.0,0.0,0.0,0.0,0.0,-718.2794469668682,0.0,0.0,0.0,0.0,0.0,0.0,640.8092409124057,-583.2545911851195,583.2545911851195,0.0,0.0,0.0,0.0,0.0,0.0,0.0,630.0049803781328,1000.0,0.0,0.0,0.0,0.0,0.0,0.0,0.0,0.0,0.0,0.0,0.0,0.0,0.0,78.13818690817072,78.29407893602092,184.83350593732644,0.0,0.0,0.0,0.0,65.70721370824099,0.0,0.0,0.0,0.0,-214.31261981601415,184.83350593732644,0.0,0.0,511.7512468222561,0.0,0.0,0.0,0.0,0.0,3.134264523933666,7.625947746798099,163.04218344242474,0.0,-48.79819114499412,0.0,0.0,0.0,-184.83350593732644,0.0,0.0,0.0,-668.591018199104,0.0,0.0,0.0,-424.3226627702275,0.0,0.0,-568.8929057449668,0.0,1000.0,-954.4117291914432,385.5188234464764,614.4811765535236,-476.901750312839,0.0,599.9428053918989,0.0,0.0,40.674757359592505,0.0,0.0,0.0,0.0,0.0,0.0,0.0,1000.0,0.0,0.0,664.8507939362836,0.0,0.0,0.0,-214.31261981601415,-0.05719460810098574,0.0,0.0,0.0,0.0,0.0381297387339905,0.0,0.0,0.0,474.95686367207173,-825.6427468497321,0.0,-106.75169528310839,-319.02289464690364,0.0,818.1343777157991,0.0,-307.49339218421284,0.0,0.0,0.0,0.0,0.0,0.0,0.0,307.49339218421284,0.0,-1000.0,0.0,0.0,0.0,0.0,0.0,0.0,0.0,0.0,0.0,0.0,0.0,0.0,0.0,0.0,0.0,0.0,511.7512468222561,210.49964594261508,0.0,0.0,0.0,0.0,1.9064869366995263,0.0,0.0,0.0,-217.0249152312918,0.0,217.0249152312918,0.0,0.0,0.0,0.0,-970.5612674351713,129.08317777291302,0.0,0.0,0.0,-1.9064869366995247,-362.1180558945276,0.0,970.5612674351713,-130.98966470961255,0.0,-0.9532434683497624,0.0,-475.970299994279,0.0,0.0,243.353383839615,605.220650201039,174.48110506262188,-468.7499999999345,468.7499999999345,0.0,113.52261724260865,0.0,0.0,0.0,-78.13818690817072,78.13818690817072,78.13818690817072,-463.38001388281646,0.0,0.0,0.0,0.0,0.0,630.0049803781328,0.0,0.0,-6.715917982346525,0.0,218.7500000000002,0.0,0.0,0.0,0.0,0.0,-96.18702612660095,0.07625947746800646,0.0,0.0,0.0,0.0,0.0,0.0,0.0,0.0,0.0,0.0,0.0,0.0,0.0,0.0,0.0,0.0,0.0,0.0,0.0,0.041942712607359524,0.041942712607359524,0.0,258.5161038773356,0.0,22.8778432403943,0.0,0.0,0.0,0.0,0.0,0.0,210.9546608248409,0.0,0.0,-11.389212560380798,0.0,0.0,0.0,599.1435802280427,0.0,0.0,0.0,0.0,0.0,0.0,0.0,0.0,0.0,0.0,52.70078374575302,-474.95686367207173,0.0,0.0,366.4921941412458,0.0,0.0,0.0,-65.70721370824099,0.0,-11.389212560380798,0.0,0.0,-107.57623868698175,0.0,0.0,78.13818690817072,0.0,0.0,0.0,0.0,0.0,0.0,0.0,0.0,0.0,0.0,0.0,0.0,0.0,22.8778432403943,0.0,0.0,0.0,0.0,0.0,0.0,0.0,0.0,0.0,0.0,0.0,0.0,0.381297387339905,0.0,0.0,210.9546608248409,-210.9546608248409,0.0,640.8092409124057,0.0,0.0,174.48110506262188,-599.1435802280427,0.0,0.0,152.60154343388766,0.0,0.0,0.0,0.0,0.0,0.0,-643.9292232567323,1000.0,0.0,11.43892162019715,11.43892162019715,-932.7450206203039,0.0,0.0,0.0,0.0,0.0,0.0,0.0,0.0,205.20569587373046,630.0049803781328,0.0,0.0381297387339905,0.0,0.0,0.0,50.35576710376788,0.0,0.0,0.0,0.0,0.0,0.0,0.0,0.0,0.0,0.0,0.0,0.0,0.0,0.0,0.0,0.0,0.0,0.0381297387339905,0.0,0.0,0.0,0.0,0.0,0.0,0.0,0.0,0.0,0.0,1.9064869366995263,0.0,0.0,-210.49964594261508,-2.8597304050492873,-1.9064869366995263,0.0,0.0,0.0,0.0,0.0,0.0,0.0,0.0,0.0,0.0,0.0,0.0,0.0,0.0,0.0,0.0,607.1271371377385,0.0,0.0,0.0,-0.0381297387339905,0.0,0.0,0.0381297387339905,0.0,0.0381297387339905,0.0,0.0,0.0,22.8778432403943,46.51828125546841,46.51828125546841,0.0,0.0,0.0,0.0,0.0,0.0,0.0,0.0,0.0,630.0049803781328,0.0,0.0,0.0,3.282970504996551,0.0,0.0,0.0,0.0,0.0,0.0,0.0,0.0,0.0,0.0,0.0,0.0,0.0,65.70721370824099,0.0,0.0,0.0,0.05719460810098574,0.0,0.0,0.0,-174.48110506262188,0.0,0.0,0.0,0.0,0.0,-258.5161038773356,1.9064869366995247,0.0,0.0,0.0,0.0,1000.0,0.0,0.0,0.0,218.7500000000002,0.0,0.0,0.0,0.0,0.0,0.0,0.0,599.1435802280427,-570.16546838744,180.37791696916486,0.0,72.02119672144494,0.0,0.0,-217.0249152312918,217.0249152312918,0.0,0.0,-715.1092994545725,0.0,1.9064869366995263,1000.0,0.0,0.0,0.0,-428.6252396320283,0.0,0.0,-31.249999999824823,31.249999999824823,0.0,0.0,0.0,0.0,0.0,261.37583428238486,-267.09529509248347,46.51828125546841,0.0,0.0,0.0,0.0,0.0,0.0,0.0,0.0,0.0,3.134264523933666,0.0,0.0,0.0,-50.35576710376788,74.51246701498962,-640.8092409124057,11.43892162019715,210.9546608248409,0.0,0.0,0.0,-189.33105406291614,0.0,0.0,0.041942712607359524,0.0,0.0,0.0,23.259140627734205,0.0,0.0,0.0,0.0,78.29407893602092,0.0,0.0,0.0,0.0,0.0,0.0,0.0,0.0,0.0,0.0,0.00381297387339905,0.00381297387339905,0.0,0.0,0.0,0.0,0.0,0.0,0.0,0.0,0.0,0.0,0.0,0.0,0.0,0.0,0.0,258.5161038773356,0.0,0.0,0.0,0.0,0.0,0.0,0.0,0.0,0.0,0.0,0.0,421.9093216496818,0.0,0.0,715.1092994545725,0.0,0.0,0.0,22.8778432403943,0.0,0.0,0.0,0.0,0.0,-22.8778432403943,0.0,0.0,421.9093216496818,0.0,0.0,0.0,0.0,0.0,0.0,0.0,0.0,0.0,0.0,0.0,-424.79928450440235,29.401841537780044,0.0,-174.48110506262188,0.0,210.34712698767925,0.0,0.0,0.0,0.0,0.0,0.0,0.0,0.0,0.0,0.0,0.0,0.0,0.0,0.0,0.0,0.0,0.0,-4.766217341748813,0.0,-2.8597304050492873,267.5185351924307,0.0,0.0,0.0,0.0,0.0,282.40456142969265,-282.88118316386755,6.715917982346525,0.0,0.0,0.0,0.0,0.0,0.0,0.0,1000.0,11.43892162019715,11.43892162019715,0.0,0.0,0.0,0.0,0.0,0.041942712607359524,258.5161038773356,0.0,0.0,-210.34712698767925,0.0,0.0,0.0,0.0,0.0,0.0,0.0,0.0,0.0,0.0,0.0,0.0,0.0,0.0,0.0,0.0,0.0,0.0,0.0,40.03622567069002,169.40553005684336,0.0,44.48512065051479,0.0,0.0,0.0,258.5161038773356,0.0,0.0,0.0,0.0,0.0,-4.766217341748813,0.0,0.0,0.0,0.0,0.0,0.0,0.0,0.0,0.0,0.0,0.0,0.0,0.0,0.0,0.0,0.0,0.0,0.0,-0.0381297387339905,0.0,0.0,1.9064869366995247,11.389212560380798,0.0,0.0,0.0,0.0,0.0,0.0,0.0,0.0,0.0,0.9532434683497624,0.0,0.0,0.0,0.0381297387339905,0.0,38.12973873399049,-11.820219007537055,7.6259477467981,0.27235527667136067,106.3819710678335,-0.02859730405049287,1.9064869366995367,0.76259477467981,-0.1906486936698193,-106.3819710678335,11.43892162019715,-0.0381297387339905,0.0,0.0,0.009532434683497624,0.27235527667136067,0.0,-217.0249152312918,-0.76259477467981,-300.0,-0.0381297387339905,0.009532434683497624,-106.3819710678335,3.8129738733990495,0.0381297387339905,0.0381297387339905,-258.43603142599426,-210.91271811223348,-235.34435890057983,-0.02859730405049287,11.43892162019715,0.0381297387339905,174.48110506262188,143.9773140754295,-0.01906486936699525,137.1302465233863,-69.55831732037403,-0.02859730405049287,-0.0381297387339905,-11.820219007537055,0.0381297387339905,3.8129738733990495,-0.76259477467981,65.70721370824099,65.70721370824099,-3.8129738733990495,300.0,-65.70721370824099,7.625947746798099,0.05719460810098574,-1000.0,3.8129738733990495,-52.70078374575302,0.0,-7.625947746798099,0.01906486936699525,0.381297387339905,26.687923820777097,188.00386471596295,-0.0381297387339905,-267.09529509248347,258.43603142599426,11.820219007537055,0.0381297387339905,217.0249152312918,-208.79786992321283,0.0,-0.0381297387339905,-0.009532434683497624,0.0,-0.0381297387339905,-96.18702612660095,0.0381297387339905,-0.009532434683497624,-0.009532434683497624,-0.009532434683497624,15.251895493596198,-143.9773140754295,0.381297387339905,28.249370184545455,-0.009532434683497624,53.375847641554195,1.9064869366995247,50.0,0.0381297387339905,0.01906486936699525,0.01906486936699525,3.8129738733990495,11.820219007537055,0.0381297387339905,-11.820219007537055,0.381297387339905,0.0381297387339905,-28.249370184545455,0.0381297387339905,0.1525189549358288,0.1906486936698193,0.01906486936699525,0.009532434683497624,11.43892162019715,-0.0381297387339905,235.34435890057983,0.381297387339905,-56.49874036909091,0.9532434683497506,-3.8129738733990495,7.625947746798099,1.9064869366995247,-0.0381297387339905,0.0,0.05719460810098574,-0.0381297387339905,-7.625947746798099,11.820219007537055,439.07750461782064,0.01906486936699525,-100.0,-0.0381297387339905,-0.0381297387339905,-0.03812973873399049,0.01906486936699525,106.3819710678335,-7.625947746798099,0.0381297387339905,53.375847641554195,-0.009532434683497624,210.91271811223348,-53.375847641554195,5.719460810098574,69.55831732037403,527.1472429033921,106.3819710678335,-0.02859730405049287,267.09529509248347,-188.00386471596295,0.0381297387339905,-0.009532434683497624,1.9064869366995263,38.12973873399049,-0.01906486936699525,-0.0381297387339905,0.009532434683497624,0.0,0.0,699.980935130633,0.0,-255.0,0.0,621.5992080133174,-140.0,0.0,-80.0,342.2314488934097,-79.64714446824304,-300.0,40.0,127.5,-171.11572444670486,0.0,70.0,-258.5161038773356,-249.7464505549045,300.0,79.64714446824304,-249.7464505549045,-621.5992080133174,413.29205203156556,0.0,1496.5981,hplb
231,0.0,0.0,0.0,0.0,0.0,0.0,0.0,0.0,-0.030118717895837116,0.0,0.0,0.0,0.0,0.0,0.0,0.0,192.4714231664608,1000.0,0.0,-892.4714231664608,0.0,0.0,0.0,548.0996485282067,0.0,0.0,0.0,0.0,0.0,-855.6712868971538,0.0,0.0,95.85359178571126,0.0,0.0,0.0,0.0,455.2147849286593,0.0,-1000.0,355.9478879424397,0.0,0.0,0.0,0.0,0.0,297.0900825916035,42.45990915775459,0.0,0.0,0.0,0.0,0.0,0.03313058968540781,0.0,0.0,0.0,0.0,0.0,0.0,-106.65940732213467,0.0,0.0,-284.4859837771192,0.0,0.0,0.0,0.0,104.6009264823939,-104.6009264823939,0.0,0.30118717895837116,0.0,0.0,0.0,0.0,0.0,0.0,0.0,14.360461110966256,0.0,0.0,0.0,0.0,18.07123073750227,0.0,163.28247771776927,189.87375843428026,847.0096044228362,-629.3547860235772,-0.007529679473959279,0.0,0.0,141.66363497321063,9.035615368751134,0.0,309.3638639211573,-519.7651018744788,0.0,0.0,0.0,1.5059358947918557,-855.6712868971538,0.0,0.0,-43.48078454879075,696.2227656670558,0.0,0.0,0.0,0.0,0.0,0.0,0.0,0.0,0.0,0.0,0.0,0.0,0.0,0.0,0.0,0.0,0.0,-687.7341254351664,0.0,0.0,309.3638639211573,0.0,9.336802547709505,0.0,0.0,0.0,0.0,0.0,0.0,-659.2475061659451,0.0,0.0,481.42092971096054,0.0,0.0,0.0,0.0,0.0,165.60161899574874,0.030118717895837116,0.0,0.0,0.0,-696.2227656670558,0.0,0.0,0.0,0.0,0.0,58.073047696355744,0.0,0.0,0.0,0.0,0.0,192.78746927960015,192.78746927960015,0.0,0.0,0.0,-500.00000000000006,-68.4017837523093,0.0,0.0,192.817587997496,0.0,0.0,0.0,-327.20411147906805,-390.27732648322,0.0,0.0,0.0,0.0,0.0,0.0,0.0,0.0,0.0,0.0,0.0,0.0,0.0,0.0,-1000.0,0.0,0.0,0.0,0.0,0.0,0.0,0.0,82.34518160074106,-82.34518160074106,123.22280384384376,0.0,0.0,0.0,0.0,0.0,0.0,0.0,-684.7885833161471,0.0,0.0,0.0,0.0,0.0,0.0,0.0,0.0,0.0,0.0,0.0,0.0,0.0,0.0,212.37573571074103,663.199863730693,0.0,0.0,0.0,54.60377261114079,18.44083112936687,0.0,0.0,0.0,0.0,-106.65940732213467,663.199863730693,0.0,0.0,0.0,0.0,0.0,0.0,0.0,0.0,0.0,48.48365273692201,300.3282485524062,0.0,-764.6644228220952,0.0,272.2189400350213,0.0,-663.199863730693,0.0,0.0,177.82657645498455,0.0,0.0,0.0,0.0,-143.95222912914812,0.0,0.0,-343.7500000000098,656.2499999999902,0.0,-1000.0,0.0,-656.2499999999902,929.3547860235772,0.0,0.0,0.0,0.0,-57.632412043825084,0.0,0.0,0.0,633.2167260485242,0.0,-633.2167260485242,0.0,0.0,0.0,54.60377261114079,0.0,-500.0,0.0,0.0,-106.65940732213467,-0.045178076843755674,0.0,0.0,0.0,0.0,0.030118717895837116,0.0,0.0,0.0,548.9725011056321,192.4714231664608,0.0,-28.987189699193834,278.4475949021575,390.27732648322,466.73172283162364,0.0,1000.0,0.0,-43.48078454879075,0.0,0.0,0.0,-2.5932216108315624,-1000.0,2.5932216108315624,-1000.0,-1000.0,0.0,0.0,0.0,0.0,0.0,0.0,0.0,0.0,0.0,0.0,0.0,0.0,0.0,0.0,0.0,0.0,0.0,-544.6647401997573,0.0,-1000.0,0.0,0.0,518.7952791582323,0.0,0.0,0.0,-165.60161899574874,0.0,0.0,0.0,0.0,0.0,0.0,-911.6838023055143,-212.33528137279183,0.0,895.3990735176061,0.0,-1000.0,-43.14807525757624,0.0,911.6838023055143,210.82934547799996,0.0,-0.7529679473959279,998.4940641052082,-844.7973677243432,0.0,-127.70787447701309,376.0593364279318,-247.5224450652501,309.3638639211573,0.0,0.0,0.0,0.0,0.0,0.0,0.0,0.0,0.0,0.0,-114.47479922161182,0.0,0.0,0.0,0.0,0.0,0.0,0.0,0.0,-64.58043566371535,0.0,0.0,198.58002903197337,0.0,0.0,0.0,0.0,-96.98812821041629,0.06023743579170505,0.0,0.0,0.0,0.0,0.0,0.0,0.0,0.0,0.0,0.0,0.0,0.0,0.0,0.0,0.0,0.0,0.0,0.0,0.0,0.03313058968540781,0.03313058968540781,0.0,174.64857551343434,0.0,18.07123073750227,0.0,66.57884495097446,0.0,703.8269400256148,0.0,0.0,163.28247771776927,0.0,0.0,277.59388176233597,-703.8269400256148,0.0,0.0,100.44838595019137,0.0,0.0,198.58002903197337,0.0,0.0,0.0,0.0,0.0,0.0,0.0,229.24470847838882,-548.9725011056321,0.0,0.0,165.60161899574874,0.0,0.0,141.66363497321063,0.0,0.0,277.59388176233597,0.0,0.0,180.6057535519197,0.0,0.0,0.0,0.0,0.0,0.0,0.0,0.0,0.0,0.0,0.0,0.0,0.0,0.0,0.0,0.0,18.07123073750227,177.82657645498455,177.82657645498455,0.0,0.0,0.0,0.0,0.0,0.0,0.0,0.0,0.0,0.0,0.30118717895837116,0.0,0.0,163.28247771776927,-163.28247771776927,0.0,0.0,0.0,0.0,309.3638639211573,-100.44838595019137,0.0,0.0,0.0,0.0,0.0,0.0,0.0,0.0,0.0,765.2570294862527,0.0,0.0,9.035615368751134,9.035615368751134,1000.0,-703.8269400256148,0.0,198.58002903197337,0.0,0.0,0.0,0.0,0.0,855.6712868971538,0.0,1000.0,0.030118717895837116,0.0,0.0,0.0,39.77606965543802,0.0,0.0,-141.66363497321063,0.0,0.0,0.0,0.0,0.0,0.0,0.0,0.0,0.0,0.0,0.0,0.0,0.0,0.0,0.030118717895837116,0.0,0.0,0.0,0.0,0.0,0.0,0.0,0.0,0.0,0.0,779.4310343852474,0.0,-426.2373742227638,-455.33525980024274,-2.2589038421877836,-1.5059358947918327,0.0,0.0,0.0,0.0,0.0,0.0,0.0,0.0,0.0,0.0,0.0,0.0,177.82657645498455,390.27732648322,0.0,0.0,-373.72438364747137,0.0,0.0,0.0,-0.030118717895837116,0.0,0.0,0.030118717895837116,0.0,0.030118717895837116,0.0,0.0,0.0,18.07123073750227,36.744835832921275,36.744835832921275,0.0,0.0,0.0,0.0,0.0,0.0,0.0,0.0,0.0,0.0,0.0,0.0,0.0,0.0,0.0,0.0,0.0,0.0,0.0,0.0,0.0,0.0,0.0,0.0,0.0,0.0,0.0,141.66363497321063,0.0,0.0,0.0,0.045178076843755674,0.0,0.0,0.0,-309.3638639211573,0.0,0.0,0.0,0.0,0.0,-174.64857551343434,1.5059358947918557,0.0,0.0,0.0,500.0,68.4017837523093,165.60161899574874,0.0,0.0,0.0,0.0,0.0,0.0,0.0,0.0,177.82657645498455,0.0,100.44838595019137,1000.0,174.64857551343434,0.0,318.97625642083256,-43.48078454879075,0.0,0.0,426.2373742227638,-426.2373742227638,0.0,-36.744835832921275,66.57884495097446,1.5059358947918327,719.6581133082708,0.0,0.0,0.0,-391.14539109925386,0.0,0.0,0.0,0.0,0.0,0.0,0.0,0.0,0.0,0.0,-4.517807684375612,36.744835832921275,0.0,0.0,0.0,0.0,0.0,0.0,0.0,0.0,0.0,0.0,0.0,0.0,176.90747935562212,-39.77606965543802,-626.0409338759684,0.0,9.035615368751134,163.28247771776927,0.0,0.0,0.0,-307.45232893870156,0.0,0.0,0.03313058968540781,0.0,0.0,0.0,18.372417916460638,0.0,0.0,0.0,0.0,212.37573571074103,0.0,696.2227656670558,0.0,0.0,0.0,0.0,0.0,0.0,0.0,0.0,0.0030118717895837115,0.0030118717895837115,0.0,0.0,0.0,0.0,0.0,0.0,0.0,0.0,0.0,0.0,0.0,0.0,0.0,0.0,0.0,174.64857551343434,0.0,0.0,0.0,0.0,0.0,0.0,0.0,0.0,0.0,0.0,0.0,326.56495543553854,49.011879575019066,-556.5404564085583,1000.0,0.0,0.0,0.0,18.07123073750222,0.0,0.0,0.0,0.0,0.0,-733.942322573344,715.8710918358418,0.0,326.56495543553854,0.0,0.0,0.0,0.0,0.0,0.0,0.0,0.0,0.0,0.0,-1000.0,-1000.0,20.631321758648426,-309.3638639211573,0.0,0.0,455.2147849286593,0.0,0.0,0.0,0.0,0.0,0.0,0.0,0.0,0.0,0.0,0.0,0.0,0.0,0.0,0.0,0.0,66.57884495097446,-3.7648397369796385,177.82657645498455,-2.2589038421877836,2.258903842187789,0.0,0.0,0.0,0.0,0.0,-582.8502209218426,582.4737369481446,64.58043566371535,0.0,0.0,0.0,0.0,0.0,0.0,0.0,1000.0,9.035615368751134,9.035615368751134,0.0,0.0,0.0,0.0,14.360461110966256,0.03313058968540781,174.64857551343434,0.0,0.0,-455.2147849286593,0.0,0.0,0.0,0.0,0.0,0.0,0.0,0.0,0.0,0.0,0.0,0.0,0.0,0.0,0.0,0.0,0.0,0.0,0.0,31.62465379062897,0.0,0.0,165.60161899574874,0.0,0.0,0.0,174.64857551343434,0.0,-168.07737760678702,0.0,0.0,0.0,-3.7648397369796385,0.0,0.0,0.0,0.0,0.0,0.0,0.0,0.0,0.0,0.0,0.0,0.0,0.0,0.0,0.0,0.0,0.0,0.0,-0.030118717895837116,0.0,0.0,1.5059358947918327,-277.59388176233597,0.0,0.0,0.0,0.0,177.82657645498455,0.0,0.0,0.0,2.5932216108315624,0.7529679473959279,0.0,0.0,0.0,0.030118717895837116,0.0,30.118717895837115,-9.336802547709505,6.023743579167423,0.2151336992559794,84.03122292938555,-0.022589038421877837,1.5059358947918673,0.6023743579167423,-0.15059358947928558,-84.03122292938555,9.035615368751134,-0.030118717895837116,14.493594849596917,198.58002903197337,0.007529679473959279,0.2151336992559794,-43.48078454879075,-168.07737760678702,-0.6023743579167423,-300.0,-0.030118717895837123,0.007529679473959279,-84.03122292938555,3.0118717895837115,0.030118717895837116,0.030118717895837116,-174.58532620585308,-163.24934712808385,-105.88015089854606,-0.022589038421877837,9.035615368751134,0.030118717895837116,309.3638639211573,285.26888960448764,-0.015059358947918558,134.76867229977182,-21.48282163684642,-0.022589038421877837,-0.030118717895837116,-9.336802547709505,0.030118717895837116,3.0118717895837115,-0.6023743579167423,141.66363497321063,141.66363497321063,-3.0118717895837115,300.0,-141.66363497321063,6.023743579167423,0.045178076843755674,-612.6545458312048,3.0118717895837115,-229.24470847838882,198.58002903197337,-6.023743579167423,0.015059358947918558,0.30118717895837116,7.246797424798459,180.67231909260175,-0.030118717895837116,-181.42528703999773,174.58532620585308,9.336802547709505,0.030118717895837116,168.07737760678702,-137.8906809954371,198.58002903197337,-0.030118717895837116,-0.007529679473959279,-198.58002903197337,-0.030118717895837116,-793.2108938774721,0.030118717895837116,-0.007529679473959279,-0.007529679473959279,-0.007529679473959279,12.047487158334846,-285.26888960448764,0.30118717895837116,186.18214606514655,-0.007529679473959279,0.0,1.5059358947918557,50.0,0.030118717895837116,0.015059358947918558,0.015059358947918558,75.0,9.336802547709505,0.030118717895837116,-9.336802547709505,0.30118717895837116,0.030118717895837116,-513.9180279532816,0.030118717895837116,0.12047487158343984,0.15059358947928558,0.015059358947918558,0.007529679473959279,9.035615368751134,-0.030118717895837116,105.88015089854606,0.30118717895837116,-372.3642921302931,0.7529679473959163,-3.0118717895837115,6.023743579167423,1.5059358947918557,-0.030118717895837116,43.48078454879075,0.045178076843755674,-0.030118717895837116,-150.0,9.336802547709505,339.7447339167202,0.015059358947918558,-100.0,-0.030118717895837116,-0.030118717895837116,-0.03011871789583712,0.015059358947918558,84.03122292938555,-6.023743579167423,0.030118717895837116,14.493594849596917,-0.007529679473959279,163.24934712808385,-14.493594849596917,4.517807684375566,21.48282163684642,-92.96852822682685,84.03122292938555,-0.022589038421877837,181.42528703999773,-180.67231909260175,0.030118717895837123,-0.007529679473959277,1.5059358947918327,30.118717895837115,-0.015059358947918558,-0.030118717895837116,0.007529679473959279,1000.0,0.0,312.6394864722569,327.73588188813505,-255.0,0.0,775.5767771309241,-140.0,0.0,-80.0,151.93184019123515,-325.0,-300.0,40.0,127.5,-75.96592009561758,0.0,70.0,-174.64857551343434,-32.292404978018645,300.0,325.0,-32.292404978018645,-775.5767771309241,455.22779316838876,0.0,1496.5981,hplb
232,0.0,0.0,0.0,0.0,0.0,0.0,0.0,0.0,-0.036792341294114156,0.0,0.0,0.0,0.0,0.0,0.0,0.0,-229.74766538819586,527.6995237713804,0.0,0.0,0.0,0.0,0.0,27.748359355163707,0.0,0.0,0.0,0.0,0.0,809.7157636617549,0.0,0.0,60.68433754807063,0.0,0.0,0.0,0.0,486.9456210528293,0.0,-1000.0,325.4579243097595,0.0,-822.2946824469396,0.0,0.0,0.0,0.0,0.0,-641.0418240649469,0.0,0.0,0.0,0.0,0.04047157542336777,0.0,0.0,0.0,7.358468258822831,0.0,0.0,-9.580752708659812,0.0,0.0,-339.10377685435896,0.0,0.0,0.0,0.0,996.8321794145769,-420.83450993809765,0.0,0.3679234129411416,0.0,0.0,0.0,0.0,0.0,0.0,0.0,0.0,0.0,0.0,-47.06787419694749,0.0,22.075404776468496,0.0,102.76932223357207,833.760171554709,0.0,973.0660122701773,-0.009198085323528539,0.0,0.0,-257.34611108685357,11.037702388234248,0.0,11.037702388234248,0.0,0.0,0.0,0.0,130.95764422716897,809.7157636617549,0.0,0.0,-78.50255170932961,0.0,0.0,0.0,0.0,0.0,0.0,0.0,0.0,0.0,0.0,0.0,0.0,0.0,0.0,0.0,0.0,0.0,0.0,-752.9665200044598,0.0,0.0,11.037702388234248,0.0,11.405625801175388,0.0,0.0,919.3309042734008,-919.3309042734008,0.0,0.0,0.0,0.0,0.0,-329.52302414569914,0.0,0.0,0.0,0.0,0.0,152.67020671016635,0.036792341294114156,0.0,0.0,0.0,37.08221382007798,-338.9816489540081,0.0,0.0,47.06787419694749,0.0,-10.820270218786419,0.0,0.0,0.0,0.0,0.0,-599.0840556411624,-599.0840556411624,0.0,0.0,0.0,0.0,206.21451640913284,0.0,0.0,-599.0472632998683,0.0,0.0,0.0,300.3490022324196,0.0,0.0,0.0,0.0,0.0,0.0,0.0,0.0,0.0,0.0,0.0,0.0,0.0,0.0,0.0,-1000.0,0.0,0.0,0.0,0.0,0.0,0.0,822.2946824469396,-973.0660122701773,973.0660122701773,97.5658516816051,0.0,0.0,0.0,0.0,0.0,0.0,0.0,-385.0580757866569,0.0,0.0,0.0,0.0,0.0,0.0,0.0,0.0,0.0,0.0,0.0,0.0,0.0,264.6239267395996,216.61637165157578,-761.2209566555517,0.0,0.0,0.0,231.95717246409404,-97.5658516816051,0.0,0.0,0.0,0.0,-9.580752708659812,-761.2209566555517,0.0,0.0,0.0,0.0,0.0,0.0,0.0,0.0,355.67098794235335,0.0,0.0,0.0,743.2631583700403,894.034488193278,41.947017666524516,0.0,761.2209566555517,0.0,0.0,329.52302414569914,-955.1133436211808,0.0,0.0,0.0,-141.46226954482813,0.0,0.0,-1000.0,0.0,0.0,-1000.0,0.0,0.0,-973.0660122701773,0.0,-638.084835988559,0.0,0.0,102.6506322105785,0.0,0.0,0.0,-143.05265038675896,0.0,143.05265038675896,0.0,-907.4288146831727,0.0,231.95717246409404,0.0,0.0,0.0,0.0,-9.580752708659812,-0.05518851194117123,0.0,0.0,0.0,0.0,0.036792341294114156,0.0,0.0,0.0,633.2913096694124,-229.74766538819586,0.0,-195.19126862881365,1000.0,0.0,-0.4999326002380826,0.0,1000.0,0.0,-78.50255170932961,0.0,0.0,0.0,-3.1678205854230757,-996.8321794145769,0.0,162.0188140672889,-1000.0,0.0,0.0,0.0,0.0,0.0,0.0,0.0,0.0,0.0,0.0,0.0,0.0,0.0,0.0,0.0,0.0,0.0,415.6428174577991,0.0,-286.2715672047706,47.06787419694749,275.1767627461486,354.4862745526826,0.0,0.0,0.0,68.18944584919583,0.0,0.0,0.0,451.47538195575817,129.11802716246325,0.0,0.0,111.56244331785751,-0.9198085323528539,0.0,0.0,0.0,-501.01626950828285,0.0,0.0,-177.96107396379486,682.6565776014891,0.0,-1.8396170647057077,0.0,0.0,0.0,0.0,-106.96340065609324,11.037702388234248,0.0,0.0,0.0,0.0,0.0,0.0,0.0,-264.6239267395996,264.6239267395996,264.6239267395996,326.1440834505068,0.0,0.0,0.0,0.0,0.0,0.0,0.0,0.0,-143.14588509587463,0.0,0.0,336.99555929823185,0.0,0.0,0.0,0.0,-96.32076587058859,0.07358468258825288,0.0,0.0,0.0,0.0,0.0,0.0,0.0,0.0,0.0,575.9976694764792,0.0,0.0,0.0,0.0,0.0,0.0,0.0,0.0,0.0,0.04047157542336777,0.04047157542336777,0.0,92.49753940161418,0.0,22.075404776468496,0.0,0.0,0.0,1000.0,0.0,0.0,102.76932223357207,0.0,0.0,729.0436372136131,-1000.0,0.0,0.0,0.0,0.0,0.0,336.99555929823185,0.0,0.0,0.0,0.0,0.0,0.0,0.0,250.98884000148658,-633.2913096694124,301.8994351339301,0.0,105.60233251321885,0.0,-257.34611108685357,0.0,0.0,0.0,467.5045737067441,0.0,974.1852655161427,-341.46239417311824,0.0,0.0,264.6239267395996,0.0,0.0,0.0,0.0,0.0,0.0,0.0,0.0,0.0,0.0,0.0,0.0,0.0,22.075404776468496,329.52302414569914,329.52302414569914,0.0,0.0,0.0,0.0,0.0,0.0,0.0,0.0,0.0,0.0,0.3679234129411416,0.0,0.0,102.76932223357207,-102.76932223357207,0.0,822.2946824469396,0.0,0.0,11.037702388234248,0.0,0.0,0.0,0.0,0.0,0.0,0.0,0.0,0.0,0.0,-923.6121654540174,0.0,0.0,11.037702388234248,11.037702388234248,1000.0,-1000.0,0.0,336.99555929823185,0.0,0.0,0.0,0.0,0.0,-971.7345777290437,0.0,-769.4572354164541,0.036792341294114156,0.0,0.0,-817.176085817938,865.7656285455721,0.0,0.0,257.34611108685357,0.0,0.0,0.0,0.0,0.0,0.0,20.118389500528384,0.0,0.0,0.0,0.0,0.0,0.0,0.0,0.036792341294114156,0.0,0.0,0.0,0.0,0.0,0.0,0.0,0.0,275.1767627461486,0.0,422.6757204018784,0.0,0.0,-701.9143846625697,-2.7594255970585504,-1.839617064705708,0.0,0.0,0.0,0.0,0.0,0.0,0.0,0.0,0.0,0.0,0.0,0.0,329.52302414569914,0.0,0.0,0.0,-105.12378359138754,0.0,0.0,0.0,-0.036792341294114156,0.0,0.0,0.036792341294114156,0.0,0.036792341294114156,60.355168501585155,0.0,0.0,22.075404776468496,44.886656378819275,44.886656378819275,0.0,0.0,0.0,0.0,0.0,0.0,0.0,301.8994351339301,0.0,0.0,0.0,0.0,0.0,0.0,0.0,0.0,0.0,0.0,0.0,0.0,0.0,0.0,0.0,0.0,0.0,0.0,0.0,0.0,0.0,0.0,0.0,0.05518851194117123,0.0,0.0,0.0,-11.037702388234248,0.0,0.0,0.0,0.0,0.0,-92.49753940161418,1.8396170647057077,0.0,0.0,0.0,0.0,-206.21451640913284,0.0,0.0,0.0,0.0,0.0,0.0,0.0,0.0,0.0,329.52302414569914,0.0,0.0,0.0,-172.12638733798542,0.0,619.5409668751073,-78.50255170932961,0.0,68.18944584919583,0.0,-68.18944584919583,47.06787419694749,-1000.0,0.0,1.8396170647057077,734.1151745921958,0.0,0.0,0.0,-348.68452956301877,0.0,0.0,91.50723096885278,-91.50723096885278,0.0,-576.5306405017155,0.0,0.0,0.0,-2.7594255970585664,-2.75942559705853,44.886656378819275,0.0,0.0,0.0,0.0,0.0,0.0,0.0,0.0,0.0,355.67098794235335,0.0,0.0,98.0163905957313,-624.5872122041133,934.1754778825983,-822.2946824469396,11.037702388234248,102.76932223357207,0.0,0.0,0.0,-202.72686078045274,0.0,0.0,0.04047157542336777,0.0,0.0,0.0,22.443328189409637,0.0,0.0,0.0,0.0,216.61637165157578,0.0,0.0,0.0,0.0,0.0,0.0,0.0,0.0,-662.2373222633145,0.0,0.0036792341294115205,0.0036792341294115205,0.0,0.0,0.0,0.0,0.0,60.355168501585155,0.0,0.0,0.0,-817.176085817938,0.0,0.0,0.0,0.0,0.0,92.49753940161418,0.0,0.0,0.0,0.0,0.0,0.0,0.0,0.0,0.0,0.0,0.0,205.53864446714414,0.0,-916.327308382958,527.6995237713804,0.0,0.0,0.0,22.075404776468496,0.0,0.0,0.0,0.0,0.0,0.0,-22.075404776468496,0.0,205.53864446714414,0.0,0.0,0.0,0.0,0.0,0.0,0.0,0.0,0.0,0.0,769.4572354164541,0.0,25.2027537864682,-494.00881620060613,482.97111381237187,0.0,701.7672152973929,0.0,0.0,0.0,0.0,0.0,0.0,0.0,0.0,0.0,0.0,0.0,0.0,0.0,0.0,0.0,0.0,0.0,-4.599042661764258,329.52302414569914,-131.87745275952182,0.0,0.0,0.0,0.0,0.0,0.0,0.0,-0.459904266176427,190.21375929282212,0.0,0.0,0.0,0.0,0.0,0.0,0.0,1000.0,11.037702388234248,11.037702388234248,0.0,0.0,0.0,0.0,0.0,0.04047157542336777,92.49753940161418,0.0,0.0,-762.1223837989779,0.0,0.0,0.0,0.0,0.0,0.0,0.0,0.0,0.0,0.0,0.0,0.0,0.0,0.0,30.177584250792577,0.0,0.0,0.0,0.0,38.631958358819865,105.60233251321885,0.0,0.0,0.0,0.0,0.0,92.49753940161418,0.0,352.6466574879769,0.0,0.0,0.0,-4.599042661764258,0.0,0.0,0.0,0.0,0.0,0.0,0.0,0.0,0.0,0.0,0.0,0.0,0.0,0.0,0.0,0.0,0.0,0.0,-0.036792341294114156,0.0,0.0,1.8396170647057077,-729.0436372136131,0.0,0.0,0.0,0.0,329.52302414569914,0.0,0.0,0.0,3.1678205854230757,0.9198085323528539,0.0,0.0,0.0,0.036792341294114156,0.0,36.79234129411415,-11.405625801175388,7.358468258822832,0.2628024378151011,102.6506322105785,-0.027594255970585613,66.39863064593735,0.7358468258822831,60.171206795114145,-102.6506322105785,11.037702388234248,-0.036792341294114156,26.167517236443203,336.99555929823185,0.009198085323528539,0.2628024378151011,-78.50255170932961,-108.62666296759534,-0.7358468258822831,-297.9518583831846,-0.036792341294114156,0.009198085323528539,-102.6506322105785,3.6792341294114155,0.036792341294114156,0.036792341294114156,-92.42027548489669,-102.72885065814854,0.0,-0.027594255970585613,11.037702388234248,0.036792341294114156,11.037702388234248,-18.39617064705708,-0.018396170647057078,167.82537363744564,93.84982521089957,-0.027594255970585613,-0.036792341294114156,-11.405625801175388,0.036792341294114156,3.6792341294114155,-0.7358468258822831,0.0,0.0,-3.6792341294114155,297.9518583831846,0.0,7.358468258822831,0.05518851194117123,-1000.0,3.6792341294114155,-250.98884000148658,336.99555929823185,-7.358468258822831,0.018396170647057078,0.3679234129411416,48.79781715720341,-164.7679190791626,-0.036792341294114156,-100.77581619278982,92.42027548489669,11.405625801175388,0.036792341294114156,108.62666296759534,292.8447497452947,336.99555929823185,-0.036792341294114156,-0.009198085323528539,-336.99555929823185,-0.036792341294114156,-96.32076587058859,0.036792341294114156,-0.009198085323528539,-0.009198085323528539,-0.009198085323528539,14.716936517645662,18.39617064705708,0.3679234129411416,27.25852585627763,-0.009198085323528539,71.42811707796362,1.8396170647057077,50.0,0.036792341294114156,0.018396170647057078,0.018396170647057078,56.19842754648032,11.405625801175388,0.036792341294114156,-11.405625801175388,0.3679234129411416,0.036792341294114156,-27.25852585627763,0.03679234129411414,0.14716936517675094,-60.171206795114145,0.018396170647057078,0.009198085323528539,11.037702388234248,-0.036792341294114156,0.0,0.36792341294114156,-54.51705171255526,65.47882211358449,-3.6792341294114155,7.358468258822831,1.8396170647057077,-0.03679234129411414,78.50255170932961,0.05518851194117123,-0.036792341294114156,-112.39685509296064,11.405625801175388,413.83741711933806,0.018396170647057078,-100.0,-0.036792341294114156,-0.036792341294114156,-0.036792341294114156,0.018396170647057078,102.6506322105785,-7.358468258822831,0.036792341294114156,97.59563431440682,-0.009198085323528539,102.72885065814854,-97.59563431440682,5.518851194117123,-93.84982521089957,171.94556868521386,102.6506322105785,-0.027594255970585613,100.77581619278982,164.7679190791626,0.036792341294114156,-0.009198085323528539,453.31499902046386,36.79234129411415,-0.018396170647057078,-0.036792341294114156,0.009198085323528539,1000.0,0.0,999.9816038293529,0.0,-255.0,0.0,352.64053538683993,-140.0,0.0,-61.710210274502856,-255.0,-325.0,0.0,30.855105137251428,127.5,127.5,0.0,70.0,-92.49753940161418,-211.11055633888535,0.0,325.0,-211.11055633888535,-352.64053538683993,28.058275756066898,0.0,1496.5981,hplb
233,0.0,0.0,0.0,0.0,0.0,0.0,0.0,0.0,-0.016716965327873423,0.0,0.0,0.0,0.0,0.0,0.0,0.0,-252.9190246348069,717.8231626854164,0.0,-164.90413805060948,0.0,0.0,0.0,845.2898826364221,0.0,0.0,0.0,0.0,0.0,464.77446708706566,183.3279557775565,-183.3279557775565,139.630555066254,0.0,0.0,0.0,0.0,999.9331321386886,0.0,0.0,808.6125640454815,0.0,-575.0980644475509,-1000.0,0.0,0.0,0.0,0.0,86.42790835399471,0.0,0.0,873.3814152538043,0.0,0.018388661860647606,0.0,0.0,0.0,3.343393065574685,0.0,0.0,-152.21039324195164,0.0,-847.7896067580484,-1000.0,0.0,0.0,0.0,0.0,461.37494012047034,-461.37494012047034,0.0,0.16716965327873426,0.0,0.0,0.0,0.0,0.0,0.0,0.0,222.4189519801638,0.0,0.0,0.0,0.0,10.030179196724056,0.0,89.62886723622495,562.2907950312684,-66.94194220051669,0.0,479.6624972974702,0.0,0.0,0.0,5.015089598362028,0.0,5.015089598362028,-183.86624206111378,44.108724028677784,0.0,0.0,0.8358482663936713,-7.166622846505999,0.0,0.0,0.0,0.0,0.0,0.0,0.0,0.0,0.0,0.0,0.0,0.0,0.0,0.0,0.0,0.0,0.0,0.0,0.0,0.0,0.0,-293.31321386885065,0.0,0.0,5.015089598362028,0.0,5.182259251640761,5.182259251640761,0.0,-1000.0,1000.0,0.0,0.0,0.0,0.0,0.0,0.0,0.0,0.0,0.0,0.0,0.0,90.9160735664712,0.016716965327873423,479.6666765388022,0.0,0.0,0.0,0.0,0.0,0.0,0.0,0.0,190.59918600692995,0.0,0.0,0.0,0.0,0.0,498.01981757695177,498.01981757695177,0.0,0.0,0.0,0.0,-356.51725626211663,0.0,0.0,681.3644903198361,0.0,0.0,0.0,270.17970564557277,0.0,0.0,0.0,0.0,0.0,0.0,0.0,0.0,0.0,0.0,-713.7765453174663,0.0,0.0,0.0,0.0,-126.36476892342172,0.0,0.0,0.0,0.0,0.0,0.0,-298.28335080625345,105.01589326913398,-105.01589326913398,0.0,0.0,0.0,0.0,0.0,0.0,0.0,471.9410899335717,0.0,0.0,0.0,0.0,0.0,0.0,0.0,0.0,0.0,0.0,0.0,0.0,0.0,0.0,8.313075348517884,-93.31321386885064,0.0,0.0,0.0,0.0,0.0,0.0,0.0,0.0,0.0,0.0,-152.21039324195164,1000.0,183.3279557775565,0.0,0.0,0.0,0.0,0.0,0.0,0.0,0.0,0.0,0.0,0.0,-252.94410008279846,-1000.0,455.45124584814357,0.0,0.0,0.0,0.0,0.0,-221.99085175701106,0.0,0.0,0.0,-313.02442937011847,0.0,0.0,736.9111845245554,0.0,0.0,736.9111845245566,0.0,0.0,38.07395106861729,0.0,882.597629772482,0.0,0.0,57.00485176804837,0.0,0.0,0.0,673.6727828447572,0.0,-673.6727828447572,0.0,412.44445468050554,0.0,0.0,-356.51725626211663,0.0,0.0,0.0,-152.21039324195164,-0.025075447991810138,0.0,0.0,0.0,0.0,0.016716965327873423,0.0,0.0,0.0,121.3496793250597,-252.9190246348069,0.0,0.0,-507.93656301067233,0.0,666.9710467094181,0.0,-489.694269762914,0.0,0.0,0.0,0.0,0.0,-1.4393307147298888,538.6250598795297,-47.49145940188566,0.0,-986.3250657071987,0.0,0.0,0.0,0.0,0.0,0.0,0.0,0.0,0.0,0.0,0.0,0.0,0.0,0.0,0.0,0.0,0.0,0.0,0.0,-1000.0,0.0,0.0,0.0,0.0,0.0,0.0,92.4118822110853,0.0,44.108724028677784,0.0,0.0,0.0,0.0,0.0,-904.7515434161498,0.0,-1000.0,-360.20205109347853,-423.1460328382432,520.4841100880775,-495.50204450017344,0.0,903.9156951497562,0.0,-0.41792413319683563,422.3101845718495,0.0,0.0,0.0,0.0,626.0406056532734,5.015089598362028,343.7499999999691,-343.7499999999691,0.0,0.0,0.0,0.0,0.0,-8.313075348517884,8.313075348517884,8.313075348517884,193.6419574160724,0.0,0.0,0.0,0.0,0.0,471.9410899335717,0.0,0.0,-125.16305201145337,0.0,0.0,146.65660693442533,0.0,0.0,0.0,0.0,-98.32830346721266,0.03343393065575801,0.0,0.0,0.0,0.0,0.0,0.0,0.0,0.0,0.0,0.0,0.0,0.0,0.0,0.0,0.0,0.0,0.0,0.0,0.0,0.018388661860647606,0.018388661860647606,183.3279557775565,284.9696822829432,0.0,10.030179196724056,0.0,0.0,0.0,0.0,0.0,0.0,89.62886723622495,0.0,0.0,-3.75201509977137,0.0,0.0,0.0,0.0,0.0,0.0,146.65660693442533,0.0,0.0,0.0,0.0,0.0,0.0,0.0,97.77107128961688,-121.3496793250597,0.0,0.0,90.9160735664712,0.0,0.0,0.0,0.0,0.0,-3.75201509977137,0.0,857.6036375603107,-959.6839561272948,0.0,0.0,8.313075348517884,0.0,0.0,0.0,0.0,0.0,0.0,0.0,0.0,0.0,0.0,0.0,0.0,0.0,10.030179196724056,0.0,0.0,0.0,0.0,0.0,0.0,0.0,0.0,0.0,0.0,0.0,0.0,0.16716965327873426,0.0,183.3279557775565,89.62886723622495,-89.62886723622495,183.3279557775565,-298.28335080625345,0.0,0.0,5.015089598362028,0.0,0.0,0.0,0.0,0.0,0.0,0.0,0.0,0.0,0.0,899.2481906868818,0.0,0.0,5.015089598362028,5.015089598362028,-780.3080310618263,0.0,0.0,146.65660693442533,0.0,0.0,0.0,0.0,0.0,-58.81967349901949,471.9410899335717,-217.52737199587432,0.016716965327873423,0.0,0.0,0.0,1.3481038467977926,0.0,0.0,0.0,0.0,0.0,0.0,0.0,0.0,0.0,0.0,0.0,0.0,0.0,0.0,0.0,0.0,0.0,0.016716965327873423,0.0,0.0,0.0,-851.5837689275822,851.5837689275822,0.0,0.0,0.0,0.0,-518.3491011001714,654.8697073399346,0.0,0.0,-1000.0,-1.253772399590507,0.0,-0.8358482663936713,0.0,0.0,0.0,0.0,0.0,0.0,0.0,0.0,0.0,0.0,0.0,0.0,0.0,0.0,0.0,626.876453919667,0.0,0.0,0.0,-0.016716965327873423,0.0,0.0,0.016716965327873423,0.0,0.016716965327873423,0.0,0.0,0.0,10.030179196724056,20.394697700005576,20.394697700005576,0.0,0.0,0.0,0.0,0.0,0.0,0.0,0.0,0.0,471.9410899335717,0.0,0.0,0.0,0.0,0.0,0.0,0.0,0.0,0.0,0.0,0.0,0.0,0.0,0.0,0.0,0.0,0.0,0.0,0.0,0.0,0.0,0.025075447991810138,0.0,0.0,0.0,-5.015089598362028,0.0,0.0,0.0,0.0,0.0,-284.9696822829432,0.8358482663936713,0.0,0.0,0.0,0.0,356.5172562621167,-1000.0,-0.8358482663936713,0.0,0.0,0.0,0.0,0.0,0.0,0.0,0.0,0.0,0.0,229.2327533988637,276.6566069344253,0.0,-778.2184103958422,0.0,0.0,-389.2390166887432,44.108724028677784,345.13029266006544,0.0,-242.38554945701662,0.0,0.8358482663936713,1000.0,0.0,164.96554318281937,-183.3279557775565,-304.42078648390327,0.0,0.0,0.0,0.0,0.0,0.0,0.0,0.0,0.0,1000.0,-288.7309994817148,20.394697700005576,0.0,-156.25,-156.25,339.5779557775565,0.0,0.0,0.0,0.0,0.0,0.0,0.0,0.0,0.0,-1.3481038467977926,-728.4858153556763,-575.0980644475509,5.015089598362028,89.62886723622495,0.0,0.0,0.0,-100.60756861821375,0.0,0.0,0.018388661860647606,0.0,0.0,0.0,10.197348850002788,0.0,0.0,0.0,0.0,-93.31321386885064,0.0,0.0,0.0,0.0,0.0,0.0,0.0,0.0,0.0,0.0,0.0016716965327873425,0.0016716965327873425,0.0,0.0,0.0,0.0,0.0,0.0,0.0,0.0,0.0,0.0,183.3279557775565,0.0,0.0,0.0,0.0,284.9696822829432,0.0,0.0,0.0,0.0,0.0,0.0,0.0,0.0,0.0,0.0,0.0,179.2577344724499,0.0,0.0,717.8231626854164,0.0,0.0,0.0,10.030179196724056,0.0,0.0,0.0,0.0,0.0,-10.030179196724056,0.0,0.0,179.2577344724499,0.0,0.0,0.0,0.0,0.0,0.0,0.0,183.3279557775565,183.3279557775565,0.0,231.20230628867557,-65.98629634552549,11.451121249593294,0.0,-5.015089598362028,0.0,999.9331321386886,0.0,0.0,0.0,0.0,0.0,0.0,0.0,0.0,0.0,0.0,0.0,0.0,0.0,0.0,0.0,0.0,0.0,-2.089620665984178,0.0,-1.253772399590507,287.4772270821242,0.0,0.0,0.0,0.0,0.0,0.0,-0.20896206659841782,125.16305201145337,0.0,0.0,0.0,0.0,0.0,0.0,0.0,1000.0,5.015089598362028,5.015089598362028,0.0,0.0,0.0,0.0,222.4189519801638,0.018388661860647606,284.9696822829432,0.0,0.0,-999.9331321386886,0.0,0.0,0.0,0.0,0.0,0.0,0.0,0.0,0.0,0.0,0.0,0.0,0.0,0.0,0.0,0.0,0.0,5.182259251640761,0.0,17.5528135942671,0.0,0.0,90.9160735664712,0.0,0.0,0.0,284.9696822829432,0.0,816.1337579388862,0.0,0.0,0.0,-2.089620665984178,0.0,0.0,0.0,0.0,0.0,0.0,0.0,0.0,0.0,0.0,0.0,0.0,0.0,0.0,0.0,0.0,0.0,0.0,-0.016716965327873423,0.0,0.0,0.8358482663936713,3.75201509977137,0.0,0.0,0.0,0.0,0.0,0.0,0.0,0.0,1.4393307147298888,0.41792413319683563,0.0,0.0,0.0,0.016716965327873423,0.0,16.716965327873424,0.0,3.343393065574685,0.11940689519909589,57.00485176804837,-0.012537723995905069,0.8358482663936684,0.3343393065574685,-0.0835848266392532,-57.00485176804837,5.015089598362028,-0.016716965327873447,0.0,146.65660693442533,0.004179241331968357,0.11940689519909589,0.0,-92.2902081164221,182.99361647099903,-300.0,-0.016716965327873427,0.004179241331968357,-57.00485176804837,1.6716965327873425,0.016716965327873427,0.016716965327873423,-284.9345766557547,-89.6104785743643,-237.95885853346667,-0.012537723995905069,5.015089598362028,0.016716965327873427,5.015089598362028,-8.358482663936712,-0.008358482663936713,47.35967252653671,-1.688413498115216,-0.012537723995905069,-0.016716965327873427,0.0,0.016716965327873423,1.6716965327873368,-0.3343393065574685,0.0,0.0,-1.6716965327873425,300.0,0.0,3.343393065574685,0.025075447991810138,320.66437360866234,1.6716965327873425,-97.77107128961688,146.65660693442533,-3.343393065574685,0.008358482663936713,0.16716965327873426,0.0,280.0,-0.016716965327873423,-288.7309994817148,284.9345766557547,5.182259251640761,0.016716965327873427,92.2902081164221,126.59624854097723,146.65660693442533,-0.016716965327873423,-0.004179241331968357,-146.65660693442533,-0.016716965327873427,-98.32830346721266,0.016716965326736558,-0.004179241331968357,-0.004179241331968357,-0.004179241331968357,6.68678613114937,8.358482663936712,0.16716965327873426,12.3851816872875,-0.004179241331968357,0.0,0.8358482663936713,50.0,0.016716965327873423,0.008358482663936713,0.008358482663936713,75.0,0.0,0.016716965327873423,0.0,0.16716965327873426,0.016716965327873427,-12.3851816872875,0.016716965327873427,0.06686786131137978,0.0835848266392532,0.008358482663936713,0.004179241331968357,5.015089598362028,-0.016716965327873427,237.95885853346667,-91.49680823549951,-24.770363374575,0.41792413319683863,-1.6716965327873368,3.343393065574685,0.8358482663936713,-0.016716965327873427,0.0,0.025075447991810138,-0.016716965327873427,-150.0,0.0,262.63052204424605,0.008358482663936713,-100.0,-0.016716965327873427,-0.016716965326736558,-0.016716965327873427,0.008358482663936713,57.00485176804837,-3.343393065574685,0.016716965327873423,0.0,-0.004179241331968357,89.6104785743643,0.0,2.5075447991810136,1.688413498115216,-440.9570656743035,57.00485176804837,-0.012537723995905069,288.7309994817148,-280.0,0.016716965327873427,-0.0041792413319683575,0.8358482663936713,16.716965327873424,-0.008358482663936713,-0.016716965327873427,0.004179241331968357,1000.0,0.0,-358.7466831599436,0.0,-255.0,0.0,212.99119666112298,-140.0,0.0,-80.0,-196.98535048164706,774.8750173302675,-38.07395106861729,40.0,127.5,98.49267524082353,0.0,70.0,-284.9696822829432,-162.0229534260323,38.07395106861729,-774.8750173302675,-162.0229534260323,-212.99119666112298,42.36162579367921,0.0,1496.5981,hplb
234,0.0,0.0,0.0,0.0,0.0,0.0,0.0,0.0,-0.017572373124221073,0.0,0.0,0.0,0.0,0.0,0.0,0.0,-700.0,0.0,0.0,1000.0,0.0,0.0,0.0,1000.0,0.0,0.0,0.0,0.0,0.0,-41.39131424340712,0.0,0.0,139.6116505539547,0.0,0.0,0.0,0.0,795.1041158840945,0.0,-1000.0,994.7282880627337,0.0,0.0,437.3021042977107,0.0,0.0,0.0,0.0,0.0,0.0,0.0,-784.8914132858503,0.0,0.01932961043666056,0.0,0.0,0.0,3.5144746248442145,0.0,0.0,75.31263097931412,0.0,598.8687610133129,293.261277388974,0.0,0.0,0.0,0.0,1000.0,-186.22503267475417,0.0,0.17572373124221075,0.0,0.0,0.0,0.0,0.0,0.0,0.0,639.3409249957285,0.0,0.0,622.3223909322658,0.0,10.543423874532643,0.0,50.11320022876229,269.14296262105887,-84.0848432351661,700.0263585596863,-0.004393093281055268,0.0,0.0,0.0,5.271711937266321,0.0,5.271711937266321,0.0,0.0,0.0,622.3223909322658,223.61652469103254,-1000.0,0.0,0.0,0.0,0.0,0.0,0.0,0.0,0.0,0.0,0.0,0.0,0.0,0.0,0.0,0.0,0.0,0.0,0.0,0.0,0.0,0.0,-498.89768532716187,0.0,0.0,5.271711937266321,0.0,5.447435668508532,0.0,0.0,0.0,0.0,0.0,0.0,619.079885396347,-468.75000000000045,468.75000000000045,-1000.0,0.0,0.0,0.0,0.0,0.0,-570.8561179729385,0.017572373124221073,0.0,0.0,0.0,-1000.0,1000.0,0.0,0.0,417.6828616851632,0.0,-8.333651213896472,0.0,0.0,0.0,0.0,0.0,633.174707767482,633.174707767482,0.0,0.0,0.0,0.0,808.5595851923408,0.0,0.0,633.1922801406063,0.0,0.0,0.0,20.823524719027887,0.0,0.0,0.0,0.0,0.0,0.0,0.0,0.0,0.0,0.0,-720.515466451368,0.0,0.0,0.0,0.0,-1000.0,0.0,0.0,0.0,0.0,0.0,0.0,784.8914132858503,-330.85703737894113,330.85703737894113,380.920114603653,0.0,0.0,0.0,0.0,0.0,0.0,958.6086857565929,-1000.0,0.0,0.0,0.0,0.0,0.0,0.0,0.0,0.0,0.0,0.0,0.0,0.0,0.0,261.06803186839363,-92.97105075031158,-43.50009904244314,0.0,0.0,0.0,0.0,-189.47969979599384,0.0,0.0,0.0,0.0,75.31263097931412,-480.80220334015377,0.0,0.0,0.0,0.0,0.0,0.0,0.0,0.0,686.8167592798375,0.0,0.0,0.0,0.0,246.77219414377504,723.177338527968,0.0,43.50009904244311,0.0,0.0,380.920114603653,-948.0813508643538,0.0,0.0,0.0,-633.1053168652654,0.0,0.0,-156.24999999999773,-156.24999999999784,0.0,-1000.0,1000.0,-843.7500000000022,-414.94188061410716,0.0,-384.89141328585026,0.0,0.0,-142.4134937910824,0.0,0.0,0.0,398.932651792137,0.0,-398.932651792137,0.0,1000.0,0.0,0.0,0.0,0.0,0.0,0.0,75.31263097931412,-0.026358559686331606,0.0,0.0,0.0,0.0,0.017572373124221073,0.0,0.0,0.0,116.471113975237,-700.0,0.0,-231.3181800085362,-290.5819189375097,0.0,1000.0,0.0,832.390632516488,0.0,0.0,0.0,0.0,0.0,489.84674448925983,-1000.0,-322.2373770057479,190.49521163397614,-1000.0,0.0,0.0,0.0,0.0,0.0,0.0,0.0,0.0,0.0,0.0,0.0,0.0,0.0,0.0,0.0,0.0,0.0,-204.82559462340595,0.0,-1000.0,0.0,0.0,686.2509288652353,0.0,0.0,0.0,-115.96064130689899,0.0,0.0,0.0,0.0,222.7379060348215,0.0,-6.2427621146771735,0.0,-1000.0,0.0,-1000.0,26.614954675320025,0.0,-192.7835492212712,6.2427621146771735,-112.24757167362179,-410.65194294731407,999.5606906718945,-27.493573331531078,0.0,0.0,1000.0,0.0,-0.8786186562110536,5.271711937266321,-281.25000000002456,281.25000000002456,0.0,0.0,0.0,0.0,0.0,-261.06803186839363,261.06803186839363,261.06803186839363,251.4855253751558,0.0,0.0,-517.182465291929,0.0,0.0,958.6086857565929,0.0,0.0,-130.06845218750016,0.0,156.25000000000014,0.0,0.0,0.0,0.0,0.0,-98.2427626875779,0.0351447462508645,0.0,0.0,0.0,0.0,0.0,0.0,0.0,0.0,0.0,697.400345905827,0.0,0.0,0.0,0.0,0.0,0.0,0.0,0.0,0.0,0.01932961043666056,0.01932961043666056,0.0,278.1666055643155,0.0,10.543423874532643,0.0,0.0,0.0,-72.98825136578883,0.0,0.0,50.11320022876229,0.0,0.0,413.27585267217944,72.98825136578883,0.0,0.0,0.0,0.0,0.0,0.0,0.0,0.0,0.0,0.0,0.0,0.0,0.0,166.2992284423873,-116.471113975237,0.0,0.0,51.466272959327306,0.0,0.0,0.0,-191.44041480765918,0.0,413.27585267217944,0.0,1000.0,-684.9669100153984,-31.25000000000003,31.25000000000003,261.06803186839363,0.0,0.0,0.0,0.0,0.0,0.0,0.0,0.0,0.0,0.0,0.0,0.0,0.0,10.543423874532643,380.920114603653,380.920114603653,0.0,0.0,0.0,0.0,0.0,0.0,0.0,0.0,0.0,0.0,0.17572373124221075,0.0,0.0,50.11320022876229,-50.11320022876229,0.0,784.8914132858503,0.0,0.0,5.271711937266321,0.0,0.0,0.0,0.0,0.0,0.0,0.0,0.0,0.0,0.0,53.711031194316824,312.25014897095343,0.0,5.271711937266321,5.271711937266321,379.26805604477534,72.98825136578883,0.0,0.0,0.0,0.0,0.0,0.0,0.0,809.5047883660238,958.6086857565929,484.2210741387492,0.017572373124221073,0.0,0.0,23.20682904955167,0.0,0.0,0.0,0.0,0.0,0.0,0.0,0.0,0.0,0.0,0.0,0.0,0.0,0.0,0.0,0.0,0.0,0.0,0.017572373124221073,0.0,0.0,0.0,0.0,0.0,0.0,0.0,0.0,0.0,0.0,686.2509288652353,-417.6828616851632,0.0,-911.135046683493,-1.3179279843165803,0.0,-0.8786186562110536,0.0,0.0,0.0,0.0,0.0,0.0,0.0,0.0,0.0,0.0,0.0,380.920114603653,0.0,0.0,0.0,1000.0,0.0,0.0,0.0,-0.017572373124221073,0.0,0.0,0.017572373124221073,0.0,0.017572373124221073,0.0,116.37462141941887,0.0,10.543423874532643,21.438295211549708,21.438295211549708,0.0,0.0,0.0,0.0,0.0,0.0,0.0,0.0,0.0,958.6086857565929,0.0,0.0,0.0,491.3597258152553,0.0,0.0,0.0,0.0,0.0,0.0,0.0,0.0,0.0,0.0,0.0,0.0,0.0,191.44041480765918,0.0,0.0,0.0,0.026358559686331606,0.0,0.0,0.0,-5.271711937266321,0.0,0.0,0.0,0.0,0.0,-278.1666055643155,0.8786186562110536,0.0,0.0,0.0,0.0,-808.5595851923408,0.0,-0.8786186562110536,0.0,156.25000000000014,0.0,0.0,0.0,0.0,0.0,380.920114603653,0.0,0.0,555.4408799612642,17.098573695921857,0.0,-618.5353973146971,0.0,115.96064130689899,-115.96064130689899,0.0,0.0,417.6828616851632,-969.5196460759034,0.0,0.8786186562110536,881.5900143866397,0.0,0.0,0.0,-230.29485264502472,0.0,0.0,0.0,0.0,0.0,0.0,0.0,0.0,0.0,1000.0,-282.12038951726515,21.438295211549708,0.0,0.0,0.0,0.0,0.0,0.0,0.0,0.0,0.0,686.8167592798375,0.0,0.0,0.0,-720.6071749553786,-315.83362417202704,0.0,5.271711937266321,50.11320022876229,0.0,0.0,0.0,-252.51188258546202,0.0,0.0,0.01932961043666056,0.0,0.0,0.0,10.719147605774854,0.0,0.0,0.0,0.0,-92.97105075031158,0.0,0.0,0.0,0.0,0.0,0.0,0.0,0.0,0.0,0.0,0.0017572373124221073,0.0017572373124221073,0.0,0.0,0.0,0.0,0.0,0.0,0.0,0.0,0.0,23.20682904955167,0.0,0.0,0.0,0.0,0.0,278.1666055643155,0.0,0.0,0.0,0.0,0.0,0.0,0.0,0.0,0.0,0.0,0.0,100.22640045752458,0.0,0.0,0.0,0.0,0.0,0.0,10.543423874532643,0.0,0.0,0.0,0.0,0.0,0.0,-10.543423874532643,0.0,100.22640045752458,0.0,0.0,0.0,0.0,0.0,0.0,0.0,0.0,0.0,0.0,-484.2210741387492,0.0,503.3968014053467,627.9895578590323,-633.2612697962986,0.0,795.1041158840945,0.0,0.0,0.0,0.0,0.0,0.0,0.0,0.0,0.0,578.125,0.0,-578.125,-578.125,0.0,0.0,0.0,0.0,-2.196546640527634,380.920114603653,-224.05583401913808,772.1621873482039,0.0,0.0,0.0,0.0,0.0,94.94331763559015,-95.16297229964292,547.7513138726633,0.0,0.0,0.0,0.0,0.0,0.0,0.0,1000.0,5.271711937266321,5.271711937266321,0.0,0.0,0.0,0.0,639.3409249957285,0.01932961043666056,278.1666055643155,0.0,0.0,-795.1041158840945,0.0,0.0,0.0,0.0,0.0,0.0,0.0,0.0,0.0,0.0,0.0,0.0,0.0,0.0,58.187310709709436,0.0,0.0,0.0,0.0,18.450991780432123,51.466272959327306,0.0,0.0,0.0,0.0,0.0,278.1666055643155,0.0,686.2509288652353,0.0,0.0,0.0,-2.196546640527634,0.0,0.0,0.0,0.0,0.0,0.0,0.0,0.0,0.0,0.0,0.0,0.0,0.0,0.0,0.0,0.0,0.0,0.0,-0.017572373124221073,0.0,0.0,0.8786186562110536,-413.27585267217944,0.0,0.0,0.0,0.0,380.920114603653,0.0,0.0,0.0,-489.84674448925983,0.4393093281055268,0.0,0.0,0.0,0.017572373124221073,0.0,17.57237312422107,-5.447435668508532,3.514474624844215,0.12551695088729337,49.026921016576786,-0.013179279843165803,112.24757167362179,0.3514474624844215,-0.08786186562367634,-49.026921016576786,5.271711937266322,-0.017572373124221073,0.0,0.0,0.004393093281055268,0.12551695088729337,0.0,-52.910722030140484,-0.3514474624844215,-300.0,-0.017572373124221073,0.004393093281055268,-49.026921016576786,1.7572373124221072,0.017572373124221073,0.017572373124221073,-278.1297035807546,-50.09387061832564,-237.85441324153257,-0.013179279843165803,5.271711937266321,0.017572373124221073,5.271711937266318,-8.786186562110537,-0.008786186562110537,246.18806445542904,187.7048901104475,-0.013179279843165803,-0.017572373124221073,-5.447435668508532,0.017572373124221073,1.7572373124220917,-0.3514474624844215,191.44041480765918,191.44041480765918,-1.7572373124221072,300.0,-191.44041480765918,3.5144746248442145,0.026358559686331606,-1000.0,1.7572373124221072,-166.2992284423873,0.0,-3.5144746248442145,0.008786186562110537,0.17572373124221075,57.82954500213405,20.613048320766072,-0.017572373124221073,-282.12038951726515,278.1297035807546,5.447435668508532,0.017572373124221073,52.910722030140484,-21.08684774906527,0.0,-0.017572373124221073,-0.004393093281055268,0.0,-0.017572373124221056,-98.2427626875779,0.01757237312433476,-0.004393093281055268,-0.004393093281055268,-0.004393093281055268,7.028949249688429,8.786186562110537,0.17572373124221075,13.01893193841093,-0.004393093281055268,115.6590900042681,0.8786186562110536,50.0,0.017572373124221073,0.008786186562110537,0.008786186562110537,1.7572373124221072,5.447435668508532,0.017572373124221073,-5.447435668508532,0.17572373124221075,0.017572373124221073,-13.01893193841093,0.017572373124221073,0.07028949249944105,0.08786186562367634,0.008786186562110537,0.004393093281055268,5.271711937266321,-0.017572373124221073,237.85441324153257,0.17572373124221075,-26.03786387682186,111.80826234551627,-1.7572373124220917,3.5144746248442145,0.8786186562110536,-0.017572373124221073,0.0,0.026358559686331606,-0.017572373124221073,-3.5144746248442145,5.447435668508532,425.75245687344494,0.008786186562110537,-100.0,-0.017572373124221073,-0.01757237312433476,-0.017572373124221073,0.008786186562110537,49.026921016576786,-3.5144746248442145,0.017572373124221073,115.6590900042681,-0.004393093281055268,50.09387061832564,-115.6590900042681,2.6358559686331606,-187.7048901104475,681.6094832532236,49.026921016576786,-0.013179279843165803,282.12038951726515,-20.613048320766072,0.017572373124221073,-0.004393093281055267,0.8786186562110536,17.57237312422107,-0.008786186562110537,-0.017572373124221073,0.004393093281055268,0.0,0.0,714.9067358678587,0.0,-255.0,0.0,282.7507208013668,-140.0,0.0,-80.0,-255.0,615.0209226898529,-285.0844779455791,40.0,127.5,127.5,0.0,70.0,-278.1666055643155,-173.24057428798292,285.0844779455791,-615.0209226898529,-173.24057428798292,-282.7507208013668,151.040165619005,0.0,1496.5981,hplb
235,0.0,0.0,0.0,0.0,0.0,0.0,0.0,0.0,-0.03129423394342664,0.0,0.0,0.0,0.0,0.0,0.0,0.0,970.1621409451334,0.0,0.0,-728.7708938057182,0.0,0.0,0.0,0.0,0.0,0.0,0.0,0.0,0.0,513.4383405555825,0.0,0.0,110.96294129110098,0.0,0.0,0.0,0.0,477.53949607245534,0.0,-1000.0,863.3512166924857,0.0,0.0,-1000.0,0.0,0.0,0.0,0.0,516.399518499284,0.0,0.0,1000.0,0.0,0.03442365733774467,0.0,0.0,0.0,6.258846788685329,0.0,0.0,169.71476829174435,0.0,1000.0,652.3025268086582,0.0,0.0,0.0,0.0,646.6026345703985,103.21991656636283,0.0,0.31294233943426647,0.0,0.0,0.0,0.0,0.0,0.0,0.0,0.0,0.0,0.0,-281.413660610527,0.0,18.776540366055986,0.0,0.0,619.215034597857,-864.385446902859,0.0,-0.007823558485856662,0.0,0.0,0.0,9.388270183027993,0.0,136.6487833075144,0.0,0.0,0.0,0.0,1.5647116971713322,332.3222999134142,0.0,0.0,-28.34545613874933,0.0,0.0,0.0,0.0,0.0,0.0,0.0,0.0,0.0,0.0,0.0,0.0,0.0,0.0,0.0,0.0,0.0,0.0,-242.56071199360414,0.0,0.0,136.6487833075144,0.0,9.701212522462258,9.701212522462258,0.0,0.0,0.0,0.0,0.0,0.0,-718.7500000000002,718.7500000000002,-517.4122414830862,0.0,0.0,0.0,0.0,0.0,283.8233166241709,0.03129423394342664,0.0,0.0,0.0,0.0,-330.46237846125007,0.0,0.0,0.0,0.0,520.7162369722995,0.0,0.0,0.0,0.0,0.0,20.226575361033067,20.226575361033067,0.0,0.0,0.0,-468.75000000000006,-306.27806403767045,0.0,0.0,20.257869594976494,0.0,0.0,0.0,-288.92038704297767,-71.20238276727689,0.0,0.0,0.0,0.0,0.0,0.0,0.0,0.0,0.0,-148.53171272548906,0.0,0.0,0.0,0.0,-402.2496648645849,0.0,0.0,0.0,0.0,0.0,0.0,-1000.0,864.385446902859,-864.385446902859,459.76656911753014,0.0,0.0,0.0,0.0,0.0,0.0,181.11604064216831,-354.7082475703636,0.0,0.0,0.0,0.0,0.0,0.0,0.0,0.0,0.0,0.0,0.0,0.0,0.0,115.93217921135357,461.760114438396,-1000.0,0.0,0.0,0.0,57.64567236555604,-459.76656911753014,0.0,0.0,0.0,0.0,169.71476829174435,0.0,0.0,0.0,0.0,0.0,0.0,0.0,0.0,0.0,1.0076743329788087,0.0,127.26051312448641,0.0,970.1151995942182,-758.6556942115,1000.0,0.0,1000.0,0.0,0.0,517.4122414830862,327.15507340146917,0.0,0.0,0.0,-266.18270469304446,0.0,0.0,-375.3236629179918,0.0,0.0,-375.323662917992,0.0,0.0,0.0,0.0,0.0,0.0,0.0,106.71333774708486,0.0,0.0,0.0,-1000.0,0.0,1000.0,0.0,20.19528112708964,0.0,57.64567236555604,0.0,-468.75000000000006,0.0,0.0,169.71476829174435,-0.046941350915139964,0.0,0.0,0.0,0.0,0.03129423394342664,0.0,0.0,0.0,264.59320722409166,970.1621409451334,0.0,-970.2428479744166,1000.0,71.20238276727689,1000.0,0.0,163.43045604057613,0.0,-28.34545613874933,0.0,0.0,0.0,112.7729968017186,-646.6026345703985,370.3991817281039,-916.0959993212248,-1000.0,0.0,0.0,0.0,0.0,0.0,0.0,0.0,0.0,0.0,0.0,0.0,0.0,0.0,0.0,0.0,0.0,0.0,-522.335326991771,0.0,-1000.0,0.0,0.0,0.0,0.0,0.0,0.0,222.12820305547098,0.0,281.413660610527,0.0,274.3750666372746,0.0,-1000.0,0.0,-1.5647116971713322,-800.3825683893609,1000.0,786.6807095738732,489.6415703053202,-802.37936471445,0.0,0.0,0.0,0.0,799.6002125407753,-491.20628200249155,0.0,0.0,0.0,0.0,-124.22714325047002,136.6487833075144,0.0,0.0,0.0,0.0,0.0,0.0,0.0,-115.93217921135357,115.93217921135357,115.93217921135357,277.086609350064,0.0,0.0,0.0,0.0,0.0,181.11604064216831,0.0,0.0,-177.98270489959737,0.0,0.0,0.0,0.0,0.0,0.0,0.0,-5.351047330368487,0.06258846788681859,0.0,0.0,0.0,0.0,0.0,0.0,0.0,0.0,0.0,749.8225511367614,0.0,0.0,0.0,0.0,0.0,0.0,0.0,0.0,0.0,0.03442365733774467,0.03442365733774467,0.0,389.67333242266824,0.0,18.776540366055986,0.0,0.0,0.0,-323.7629255970791,0.0,0.0,0.0,0.0,0.0,911.4261879216258,323.7629255970791,0.0,0.0,689.3317677467834,0.0,0.0,0.0,0.0,0.0,0.0,0.0,0.0,0.0,0.0,80.85357066453471,-264.59320722409166,330.46237846125007,0.0,2.4096560136438825,0.0,0.0,0.0,0.0,0.0,911.4261879216258,0.0,906.0751405912573,0.0,0.0,0.0,115.93217921135357,0.0,0.0,0.0,0.0,0.0,0.0,0.0,0.0,0.0,0.0,0.0,0.0,0.0,18.776540366055986,517.4122414830862,517.4122414830862,0.0,0.0,0.0,0.0,0.0,0.0,0.0,0.0,0.0,0.0,0.31294233943426647,0.0,0.0,0.0,0.0,0.0,-1000.0,0.0,0.0,136.6487833075144,-689.3317677467834,0.0,0.0,0.0,0.0,0.0,0.0,0.0,0.0,0.0,958.2737142969933,-475.68595578007944,0.0,9.388270183027993,9.388270183027993,1000.0,323.7629255970791,0.0,0.0,0.0,0.0,0.0,0.0,0.0,-416.2263005921893,181.11604064216831,-330.76845861702037,0.03129423394342664,0.0,0.0,0.0,2.5236564372949055,0.0,0.0,0.0,0.0,0.0,0.0,0.0,0.0,0.0,0.0,0.0,0.0,0.0,0.0,0.0,0.0,0.0,0.03129423394342664,0.0,0.0,0.0,1000.0,-1000.0,0.0,0.0,0.0,0.0,0.0,503.541863665998,0.0,0.0,-477.664673008229,-2.3470675457569983,-1.5647116971713322,0.0,0.0,531.25,531.2499999999999,-531.25,0.0,0.0,0.0,0.0,0.0,0.0,0.0,517.4122414830862,71.20238276727689,0.0,0.0,-122.66243155329869,0.0,0.0,0.0,-0.03129423394342664,0.0,0.0,0.03129423394342664,0.0,0.03129423394342664,0.0,0.0,0.0,18.776540366055986,38.1789654109805,38.1789654109805,0.0,0.0,0.0,0.0,0.0,0.0,281.413660610527,330.46237846125007,0.0,181.11604064216831,0.0,0.0,115.46743034424762,0.0,0.0,0.0,0.0,0.0,0.0,0.0,0.0,0.0,0.0,0.0,0.0,0.0,0.0,0.0,0.0,0.0,0.0,0.046941350915139964,0.0,0.0,0.0,-136.6487833075144,0.0,0.0,0.0,0.0,0.0,-389.67333242266824,1.5647116971713322,0.0,0.0,0.0,468.75000000000006,306.27806403767045,496.458136334002,0.0,0.0,0.0,0.0,0.0,0.0,0.0,0.0,517.4122414830862,0.0,689.3317677467834,1000.0,273.74115321131467,0.0,649.2035316725647,-28.34545613874933,0.0,718.586339389473,281.413660610527,-1000.0,0.0,288.9761079904887,0.0,1.5647116971713322,858.9694053105537,0.0,0.0,0.0,-177.98270489959737,0.0,0.0,0.0,0.0,0.0,-506.9591940126206,0.0,0.0,0.0,540.5521126939143,-396.7145350599392,38.1789654109805,0.0,617.5217615550333,617.5217615550333,-617.5217615550333,0.0,0.0,0.0,0.0,0.0,1.0076743329788087,0.0,0.0,0.0,-752.3462075740563,-529.1218853500812,0.0,9.388270183027993,0.0,0.0,0.0,0.0,255.83496040404847,0.0,0.0,0.03442365733774467,0.0,0.0,0.0,19.08948270549025,0.0,0.0,0.0,0.0,461.760114438396,0.0,0.0,0.0,0.0,0.0,0.0,0.0,0.0,0.0,0.0,0.0031294233943426645,0.0031294233943426645,0.0,0.0,0.0,0.0,0.0,0.0,0.0,0.0,0.0,0.0,0.0,0.0,0.0,0.0,0.0,389.67333242266824,0.0,0.0,0.0,0.0,0.0,0.0,0.0,0.0,0.0,0.0,0.0,0.0,-272.0470934161672,1000.0,0.0,0.0,0.0,0.0,18.776540366055997,0.0,0.0,0.0,0.0,0.0,803.4475376748757,-822.2240780409317,0.0,0.0,0.0,0.0,0.0,0.0,0.0,0.0,0.0,0.0,0.0,0.0,330.7684586170203,-1000.0,136.90398059549486,0.0,-136.6487833075144,0.0,477.53949607245534,0.0,0.0,0.0,0.0,0.0,0.0,0.0,0.0,0.0,0.0,0.0,0.0,0.0,0.0,0.0,0.0,0.0,-3.9117792429283305,517.4122414830862,-2.3470675457569983,509.8348978584298,0.0,0.0,0.0,0.0,0.0,0.0,-0.39117792429283305,177.98270489959737,0.0,0.0,0.0,0.0,0.0,0.0,0.0,1000.0,9.388270183027993,9.388270183027993,0.0,0.0,0.0,0.0,0.0,0.03442365733774467,389.67333242266824,0.0,0.0,-477.53949607245534,0.0,0.0,0.0,0.0,0.0,0.0,0.0,0.0,0.0,0.0,0.0,0.0,0.0,0.0,0.0,0.0,0.0,9.701212522462258,0.0,32.85894564059797,204.37186301524966,0.0,79.45145360892123,0.0,0.0,0.0,389.67333242266824,0.0,-498.02284803117334,0.0,0.0,0.0,-3.9117792429283305,0.0,0.0,0.0,0.0,0.0,0.0,0.0,0.0,0.0,0.0,0.0,0.0,0.0,0.0,0.0,0.0,0.0,0.0,-0.03129423394342664,0.0,0.0,1.5647116971713322,-911.4261879216258,0.0,0.0,0.0,0.0,517.4122414830862,0.0,0.0,0.0,-112.7729968017186,0.7823558485856661,0.0,0.0,0.0,0.03129423394342664,0.0,31.29423394342664,0.0,6.258846788685329,0.22353024245304745,106.71333774708486,-0.023470675457569982,1.5647116971713322,0.6258846788685329,-0.1564711697170651,-106.71333774708486,9.388270183027993,-0.03129423394342665,9.44848537958311,0.0,0.007823558485856662,0.22353024245304745,-28.34545613874933,-4.982042043793967,-0.6258846788684878,-241.3912471394152,-0.03129423394342665,0.007823558485856662,-106.71333774708486,436.13716847446835,0.03129423394342665,0.03129423394342664,-389.60761453138707,0.03442365733776931,-59.623076343970766,-0.023470675457569982,9.388270183027993,0.03129423394342665,136.6487833075144,111.61339615277309,-0.015647116971713323,-404.40224835083006,456.60585148924406,-0.023470675457569982,-0.03129423394342665,0.0,0.03129423394342664,3.1294233943426644,-0.6258846788685329,0.0,0.0,-3.129423394342666,241.3912471394152,0.0,6.258846788685329,0.046941350915139964,-1000.0,3.1294233943426644,-80.85357066453471,0.0,-6.258846788685329,0.015647116971713323,0.31294233943426647,242.56071199360414,280.0,-0.03129423394342664,-396.7145350599392,389.60761453138707,9.701212522462258,0.03129423394342665,4.982042043793967,-597.821338936724,0.0,-0.03129423394342664,-0.007823558485856662,0.0,-0.03129423394342665,-5.351047330368487,0.03129423394365402,-0.007823558485856662,-0.007823558485856662,-0.007823558485856662,12.517693577370657,-111.61339615277309,0.31294233943426647,23.18511557283466,-0.007823558485856662,475.67293860762516,1.5647116971713322,4.240235362355577,0.03129423394342664,0.015647116971713323,0.015647116971713323,-25.693412788435353,0.0,0.03129423394342664,0.0,0.31294233943426647,0.03129423394342665,-23.18511557283466,0.03129423394342665,0.1251769357736714,0.1564711697170651,0.015647116971713323,0.007823558485856662,9.388270183027993,-0.03129423394342665,59.623076343970766,0.3129423394342439,-46.37023114566932,0.7823558485856661,-3.1294233943426644,6.258846788685329,1.5647116971713322,-0.03129423394342665,28.34545613874933,0.046941350915139964,-0.03129423394342665,51.386825576870706,0.0,-71.31910429812095,0.015647116971713323,-8.480470724711154,-0.03129423394342665,-0.03129423394365402,-0.03129423394342665,0.015647116971713323,106.71333774708486,-6.258846788685329,0.03129423394342664,485.1214239872083,-0.007823558485856662,-0.03442365733776931,-485.1214239872083,4.694135091513996,-456.60585148924406,368.9057075212809,106.71333774708486,-0.023470675457569982,396.7145350599392,-280.0,0.03129423394342665,-0.007823558485856662,275.9397783344459,31.29423394342664,-0.015647116971713323,-0.03129423394342665,0.007823558485856662,57.110225336969506,0.0,999.9843528830282,0.0,-255.0,0.0,-73.03581748416059,-140.0,433.0077450801257,-80.0,-255.0,-325.0,0.0,40.0,127.5,127.5,-433.0077450801257,70.0,-389.67333242266824,-184.51585610592753,0.0,325.0,-184.51585610592753,73.03581748416059,260.8280490291104,0.0,1496.5981,hplb
236,0.0,0.0,0.0,0.0,0.0,0.0,0.0,0.0,-0.027540427276112688,0.0,0.0,0.0,0.0,0.0,0.0,0.0,-679.4436344171531,507.91408783097535,0.0,275.5072458221225,0.0,0.0,0.0,0.0,0.0,0.0,0.0,0.0,0.0,-1000.0,0.0,0.0,60.5122519473355,0.0,0.0,0.0,0.0,-0.1101617091044318,0.0,-232.71090561837082,990.6109778038112,0.0,0.0,0.0,0.0,0.0,0.0,0.0,679.4436344171531,-598.3646524974475,0.0,0.0,0.0,0.030294470004037066,0.0,0.0,0.0,5.508085455222537,0.0,0.0,81.15549719350008,0.0,344.81687803071827,175.2297027573693,0.0,0.0,0.0,0.0,711.362899130216,0.0,0.0,0.2754042727611269,0.0,0.0,0.0,0.0,0.0,0.0,0.0,0.0,0.0,0.0,0.0,0.0,16.52425636566761,0.0,0.0,-489.7011618881195,189.74247252903365,300.0,-0.006885106819028172,0.0,0.0,-209.26482573132375,8.262128182833806,0.0,9.389022196188781,0.0,0.0,0.0,0.0,816.6480669331299,-1000.0,0.0,0.0,-78.87910460986211,0.0,0.0,0.0,0.0,0.0,0.0,0.0,0.0,0.0,0.0,0.0,0.0,0.0,0.0,0.0,0.0,0.0,0.0,-163.14781578300182,0.0,0.0,9.389022196188781,0.0,8.537532455594931,0.0,0.0,-1000.0,0.0,1000.0,-1000.0,-250.74267246684923,-843.7500000000008,843.7500000000008,0.0,0.0,0.0,0.0,0.0,0.0,2.1206129002606673,0.027540427276112688,0.0,0.0,0.0,-1000.0,446.4350822567251,0.0,0.0,320.6273505046636,0.0,310.5875691119123,0.0,0.0,0.0,0.0,0.0,786.7567028182424,786.7567028182424,0.0,0.0,0.0,0.0,0.0,0.0,0.0,786.7842432455185,0.0,0.0,0.0,-451.4836974151874,0.0,0.0,0.0,0.0,0.0,0.0,0.0,0.0,0.0,0.0,-408.921326448132,0.0,0.0,0.0,0.0,-1000.0,0.0,0.0,0.0,0.0,0.0,598.3646524974475,0.0,-189.74247252903365,189.74247252903365,250.74267246684923,0.0,0.0,0.0,0.0,0.0,0.0,0.0,-130.38572112146164,0.0,0.0,0.0,0.0,0.0,0.0,0.0,0.0,0.0,0.0,0.0,0.0,0.0,0.0,465.70798266707493,1000.0,0.0,0.0,0.0,0.0,-250.74267246684923,0.0,0.0,0.0,0.0,81.15549719350008,1000.0,0.0,0.0,0.0,0.0,0.0,0.0,0.0,0.0,757.6170466727996,0.0,1.1268940133549759,0.0,-379.4849450580673,0.0,0.0,0.0,-1000.0,0.0,0.0,250.74267246684923,383.22782462918406,0.0,0.0,0.0,212.82581936412998,0.0,0.0,-827.6759771118274,0.0,0.0,-827.6759771118274,0.0,0.0,0.0,0.0,403.9363885950306,598.3646524974475,0.0,76.83779210035438,0.0,0.0,0.0,0.0,0.0,0.0,0.0,786.7291623909663,0.0,0.0,0.0,0.0,0.0,0.0,81.15549719350008,-0.04131064091416903,0.0,0.0,0.0,0.0,0.027540427276112688,0.0,0.0,0.0,232.99393113101164,-679.4436344171531,0.0,-204.30432522702324,-353.07228632541955,0.0,1000.0,0.0,876.6272512068397,0.0,-78.87910460986211,0.0,0.0,0.0,-2.3712307884736155,0.0,-874.256020418366,-614.116911525731,-1000.0,0.0,0.0,0.0,0.0,0.0,0.0,0.0,0.0,0.0,0.0,0.0,0.0,0.0,0.0,0.0,0.0,0.0,-1000.0,0.0,-1000.0,0.0,0.0,756.7302449145092,0.0,0.0,0.0,-759.7376595730602,0.0,0.0,0.0,0.0,815.2710455693243,-643.0048066189665,0.0,0.0,0.0,-68.35809251124942,0.0,-1.3770213638056343,0.0,837.1728350910803,0.0,-409.0125441484678,317.36110131536987,-0.6885106819028172,0.0,-836.5479112461385,0.0,1000.0,0.0,-600.3353121926345,9.389022196188781,0.0,0.0,0.0,0.0,0.0,0.0,0.0,0.0,0.0,0.0,-926.6289808453604,0.0,207.68841134032124,0.0,0.0,0.0,0.0,0.0,0.0,-88.43167807984895,0.0,0.0,0.0,0.0,0.0,0.0,0.0,-97.24595727238874,0.0550808545522159,0.0,0.0,0.0,0.0,0.0,0.0,0.0,0.0,0.0,711.362899130216,0.0,0.0,0.0,0.0,0.0,0.0,0.0,0.0,0.0,0.030294470004037066,0.030294470004037066,0.0,267.5017179723657,0.0,16.52425636566761,0.0,0.0,0.0,1000.0,0.0,0.0,0.0,0.0,0.0,-664.5773464163201,-1000.0,0.0,0.0,0.0,0.0,0.0,0.0,0.0,0.0,0.0,0.0,0.0,0.0,0.0,54.382605261000606,-232.99393113101164,553.5649177432749,0.0,2.1206129002606673,0.0,0.0,-209.26482573132375,-209.26482573132375,0.0,-664.5773464163201,0.0,0.0,-761.8233036887088,0.0,0.0,0.0,0.0,0.0,0.0,0.0,0.0,0.0,0.0,0.0,0.0,0.0,0.0,0.0,0.0,16.52425636566761,250.74267246684923,250.74267246684923,0.0,0.0,0.0,0.0,0.0,0.0,0.0,0.0,0.0,0.0,0.2754042727611269,0.0,0.0,0.0,0.0,0.0,0.0,0.0,0.0,9.389022196188781,0.0,0.0,0.0,0.0,0.0,0.0,0.0,0.0,0.0,0.0,386.0369482113475,0.0,0.0,8.262128182833806,8.262128182833806,1000.0,-1000.0,0.0,0.0,0.0,0.0,0.0,0.0,0.0,614.116911525731,0.0,1000.0,0.027540427276112688,0.0,0.0,0.0,36.37106856486053,0.0,0.0,209.26482573132375,0.0,0.0,0.0,0.0,0.0,0.0,0.0,0.0,0.0,0.0,0.0,0.0,0.0,0.0,0.027540427276112688,0.0,0.0,0.0,32.772293940671375,-32.772293940671375,0.0,0.0,0.0,0.0,-4.384436022356681,190.2788324386214,-320.6273505046636,-188.90181107481578,0.0,-2.0655320457084514,-1.3770213638056248,0.0,0.0,0.0,0.0,0.0,0.0,0.0,0.0,0.0,0.0,0.0,0.0,250.74267246684923,0.0,0.0,0.0,401.0417091711711,0.0,0.0,0.0,-0.027540427276112688,0.0,0.0,0.027540427276112688,0.0,0.027540427276112688,0.0,0.0,0.0,16.52425636566761,33.59932127685748,33.59932127685748,0.0,0.0,0.0,0.0,0.0,0.0,0.0,553.5649177432749,0.0,0.0,0.0,0.0,0.0,0.0,0.0,0.0,0.0,0.0,0.0,0.0,0.0,0.0,0.0,0.0,0.0,0.0,0.0,0.0,0.0,-224.14346895249201,224.14346895249201,0.04131064091416903,0.0,0.0,0.0,-9.389022196188781,0.0,0.0,0.0,0.0,0.0,-267.5017179723657,1.3770213638056343,0.0,0.0,0.0,0.0,0.0,755.3532235507035,0.0,0.0,0.0,0.0,0.0,0.0,0.0,0.0,250.74267246684923,0.0,0.0,-766.0954557254745,267.5017179723657,0.0,873.0568322880524,-78.87910460986211,0.0,0.0,188.9018110748158,-188.90181107481578,320.6273505046636,349.62850335232656,0.0,1.3770213638056248,892.9613753486597,0.0,0.0,0.0,-88.43167807984895,31.25000000000003,-31.25000000000003,0.0,0.0,0.0,0.0,0.0,0.0,0.0,404.79026235671495,0.0,33.59932127685748,0.0,0.0,0.0,0.0,0.0,0.0,0.0,0.0,0.0,757.6170466727996,0.0,0.0,273.6983141094912,-747.7339676950764,237.67492366430787,0.0,8.262128182833806,0.0,0.0,0.0,0.0,54.296313592238334,0.0,0.0,0.030294470004037066,0.0,0.0,0.0,16.799660638428737,0.0,0.0,0.0,0.0,465.70798266707493,0.0,0.0,0.0,0.0,0.0,0.0,0.0,0.0,-402.87507640367124,0.0,225.94287270573088,0.002754042727611372,0.0,0.0,0.0,0.0,0.0,0.0,0.0,0.0,0.0,0.0,0.0,0.0,0.0,0.0,0.0,267.5017179723657,0.0,0.0,0.0,0.0,0.0,0.0,0.0,598.3646524974475,0.0,0.0,0.0,0.0,0.0,0.0,507.91408783097535,0.0,0.0,0.0,16.52425636566761,0.0,0.0,0.0,0.0,0.0,0.0,-16.52425636566761,0.0,0.0,0.0,0.0,0.0,0.0,0.0,0.0,0.0,0.0,0.0,0.0,-1000.0,-1000.0,18.865192684137195,0.0,-9.389022196188781,0.0,-0.1101617091044318,0.0,0.0,0.0,0.0,0.0,0.0,0.0,0.0,0.0,0.0,0.0,0.0,0.0,0.0,0.0,0.0,0.0,-3.442553409514076,250.74267246684923,-817.3365776150328,-2.065532045708551,0.0,0.0,0.0,0.0,0.0,-0.34425534095140853,0.0,409.05902858451253,0.0,0.0,0.0,0.0,0.0,0.0,0.0,1000.0,8.262128182833806,8.262128182833806,0.0,0.0,0.0,0.0,0.0,0.030294470004037066,267.5017179723657,0.0,0.0,0.1101617091044318,225.94011866300326,0.0,0.0,0.0,0.0,0.0,0.0,0.0,0.0,0.0,0.0,0.0,0.0,0.0,112.07173447624601,0.0,0.0,0.0,0.0,28.91744863991832,2.1206129002606673,0.0,0.0,0.0,0.0,0.0,267.5017179723657,0.0,0.0,0.0,0.0,0.0,-3.442553409514076,0.0,0.0,0.0,0.0,0.0,0.0,0.0,0.0,0.0,0.0,0.0,0.0,0.0,0.0,0.0,0.0,0.0,0.0,-0.027540427276112688,0.0,0.0,1.3770213638056343,664.5773464163201,0.0,0.0,0.0,0.0,250.74267246684923,0.0,0.0,0.0,2.3712307884736155,0.6885106819028172,0.0,0.0,0.0,0.027540427276112688,0.0,27.540427276112684,-8.537532455594931,5.508085455222537,0.19671733768651917,76.83779210035438,-0.020655320457084514,409.0125441484678,0.5508085455222538,-0.1377021363805445,-76.83779210035438,8.262128182833806,-0.027540427276112688,26.293034869954038,0.0,0.006885106819028172,0.1967173376865192,-78.87910460986211,-4.384436022356681,-0.5508085455222538,-103.97769923594473,-0.027540427276112688,0.006885106819028172,-76.83779210035438,2.7540427276112687,0.027540427276112688,0.027540427276112688,-267.4438830750856,0.030294470003724427,0.0,-0.020655320457084514,8.262128182833806,0.027540427276112688,9.389022196188781,-12.643319624701368,-0.013770213638056344,-152.82935989218805,247.96108931196184,-0.020655320457084514,-0.027540427276112688,-8.537532455594931,0.027540427276112688,2.7540427276112687,-0.5508085455222538,0.0,0.0,-2.7540427276112687,103.97769923594473,0.0,5.508085455222537,0.04131064091416903,-270.9349616513466,2.7540427276112687,-54.382605261000606,0.0,-5.508085455222537,0.013770213638056344,0.2754042727611269,51.07608130675581,273.0098034275883,-0.027540427276112688,-273.6983141094912,267.4438830750856,8.537532455594931,0.027540427276112688,4.384436022356681,-34.17540674469012,0.0,-0.027540427276112688,-0.006885106819028172,0.0,-0.027540427276112688,-97.24595727238874,0.027540427276089862,-0.006885106819028172,-0.006885106819028172,-0.006885106819028172,11.016170910445075,12.643319624701368,0.2754042727611269,20.404014058189546,-0.006885106819028172,75.85912774355758,1.3770213638056343,50.0,0.027540427276112688,0.013770213638056344,0.013770213638056344,2.7540427276112687,8.537532455594931,0.027540427276112688,-8.537532455594931,0.2754042727611269,0.027540427276112688,-20.404014058189546,0.027540427276112688,0.1101617091044318,0.1377021363805445,0.013770213638056344,0.006885106819028172,8.262128182833806,-0.027540427276112688,0.0,0.2754042727611269,-40.80802811637909,408.32403346656497,-2.7540427276112687,5.508085455222537,1.3770213638056343,-0.027540427276112688,78.87910460986211,0.04131064091416903,-0.027540427276112688,-5.508085455222537,8.537532455594931,89.76055444298359,0.013770213638056344,-100.0,-0.027540427276112688,-0.027540427276089862,-0.027540427276112688,0.013770213638056344,76.83779210035438,-5.508085455222537,0.027540427276112688,102.15216261351162,-0.006885106819028172,-0.030294470003724427,-102.15216261351162,4.131064091416903,-247.96108931196184,188.8381842506553,76.83779210035438,-0.020655320457084514,273.6983141094912,-273.0098034275883,0.027540427276112688,-0.00688510681902817,1.3770213638056248,27.540427276112688,-0.013770213638056344,-0.027540427276112688,0.006885106819028172,716.8873809093594,0.0,-29.078808562291442,0.0,-255.0,0.0,-234.3412002503195,-140.0,0.0,293.964511885613,1000.0,-325.0,-300.0,-146.9822559428065,127.5,-500.0,0.0,70.0,-267.5017179723657,-144.05686803522192,300.0,325.0,-144.05686803522192,234.3412002503195,-101.45991811662033,0.0,1496.5981,hplb
237,0.0,0.0,0.0,0.0,0.0,0.0,0.0,0.0,353.4689601733212,0.0,0.0,0.0,0.0,0.0,0.0,0.0,-354.277201339372,31.763449606116637,0.0,513.8145858083872,0.0,0.0,0.0,562.9161625397691,0.0,0.0,0.0,0.0,0.0,0.0,0.0,0.0,61.45918915554509,0.0,0.0,0.0,0.0,-145.77374016697718,0.0,-1000.0,1000.0,0.0,-188.16979813113124,0.0,0.0,0.0,50.986660524280204,0.0,846.7935677825392,0.0,0.0,0.0,0.0,0.08629613285475557,0.0,0.0,0.0,15.690205973602694,0.0,0.0,125.12542910571437,0.0,0.0,-270.97762030255967,0.0,0.0,0.0,0.0,0.0,110.79537640241699,0.0,0.7845102986801347,0.0,0.0,0.0,0.0,0.0,0.0,0.0,0.0,0.0,0.0,0.0,0.0,47.07061792080808,0.0,0.0,-572.4978703756881,271.28233800765264,0.0,-0.019612757467003368,0.0,0.0,-607.304098928305,23.53530896040404,0.0,23.53530896040404,0.0,0.0,0.0,0.0,599.7995450634128,0.0,0.0,0.0,-76.80704308437187,0.0,0.0,0.0,0.0,0.0,0.0,0.0,0.0,0.0,0.0,0.0,0.0,0.0,0.0,0.0,0.0,0.0,0.0,-1000.0,0.0,0.0,23.53530896040404,0.0,24.319819259084174,24.319819259084174,0.0,-374.25383980044035,374.25383980044035,0.0,0.0,-396.10304940827405,0.0,0.0,0.0,0.0,0.0,0.0,0.0,0.0,6.040729299837033,0.07845102986801347,0.0,0.0,0.0,0.0,-687.2306120805174,0.0,0.0,0.0,0.0,533.696977548058,0.0,0.0,0.0,0.0,0.0,-50.90820949441219,-50.90820949441219,0.0,0.0,0.0,0.0,0.0,0.0,0.0,-50.82975846454418,0.0,0.0,0.0,0.0,-83.43483566931377,0.0,0.0,0.0,0.0,0.0,0.0,0.0,0.0,0.0,0.0,0.0,0.0,0.0,0.0,-1000.0,0.0,0.0,0.0,0.0,0.0,0.0,188.16979813113124,-271.28233800765264,271.28233800765264,285.30767300585705,0.0,0.0,0.0,0.0,0.0,0.0,0.0,-718.2221282125064,0.0,0.0,0.0,0.0,0.0,0.0,0.0,0.0,0.0,0.0,0.0,0.0,0.0,8.07063412852903,618.6110240277228,-680.6861645742985,0.0,0.0,0.0,0.0,-97.58260063728386,0.0,0.0,0.0,0.0,125.12542910571437,-680.6861645742985,0.0,0.0,0.0,0.0,0.0,0.0,0.0,0.0,469.00758799301764,0.0,0.0,0.0,-354.39487788417404,0.0,191.1831575303297,0.0,680.6861645742985,0.0,0.0,396.10304940827405,-633.2495551552449,0.0,0.0,0.0,-139.94090609628958,0.0,0.0,-1000.0,-300.7226111607022,699.2773888392978,-699.277388839298,0.0,1000.0,0.0,0.0,0.0,0.0,0.0,79.79293948135268,0.0,0.0,0.0,-1000.0,0.0,1000.0,0.0,0.0,110.79537640241699,0.0,0.0,0.0,0.0,0.0,125.12542910571437,-0.11767654480202021,0.0,0.0,0.0,0.0,0.07845102986801347,0.0,0.0,0.0,319.7320306780051,-354.277201339372,0.0,-870.9790489650835,671.9324306282938,83.43483566931377,820.1327624496126,0.0,652.3710734471084,0.0,-76.80704308437187,0.0,0.0,0.0,927.5205472459339,-579.8916206930423,-1000.0,-646.557529652692,-1000.0,0.0,0.0,0.0,0.0,0.0,0.0,0.0,0.0,0.0,0.0,0.0,0.0,0.0,0.0,0.0,0.0,0.0,-1000.0,0.0,-854.5400639524955,0.0,0.0,466.4814648312667,0.0,263.2778748256047,0.0,-475.0483172928547,0.0,0.0,0.0,0.0,595.876993570012,579.8916206930423,0.0,480.7510682989635,-1.9612757467003368,0.0,146.71674548467047,0.0,-39.909492634849926,0.0,0.0,-782.6121165773702,628.4954231097915,0.0,-3.9225514934006736,0.0,0.0,-732.4038918283399,0.0,0.0,23.53530896040404,0.0,0.0,0.0,0.0,0.0,353.5474112031892,0.0,-8.07063412852903,8.07063412852903,8.07063412852903,316.11683711076915,0.0,0.0,0.0,0.0,0.0,0.0,0.0,0.0,-145.85219119684518,0.0,0.0,203.40254651079138,0.0,0.0,0.0,0.0,-92.15489701319865,0.15690205973673638,0.0,0.0,0.0,0.0,0.0,0.0,0.0,0.0,0.0,0.0,0.0,0.0,0.0,0.0,0.0,0.0,0.0,0.0,0.0,0.08629613285475557,0.08629613285475557,0.0,272.38042815492634,0.0,47.07061792080808,0.0,0.0,0.0,335.4214857048186,0.0,0.0,0.0,0.0,0.0,752.9929756095222,-335.4214857048186,0.0,0.0,0.0,0.0,0.0,203.40254651079138,0.0,0.0,0.0,0.0,0.0,0.0,0.0,333.3333333333333,-319.7320306780051,687.2306120805174,0.0,6.040729299837033,0.0,0.0,-607.304098928305,-795.0291712968783,0.0,752.9929756095222,0.0,1000.0,-339.1619214036765,-718.7500000000007,718.7500000000007,8.07063412852903,0.0,0.0,0.0,0.0,0.0,0.0,0.0,0.0,0.0,0.0,0.0,0.0,0.0,47.07061792080808,396.10304940827405,396.10304940827405,0.0,0.0,0.0,0.0,0.0,0.0,0.0,0.0,0.0,0.0,0.7845102986801347,0.0,0.0,0.0,0.0,0.0,188.16979813113124,0.0,0.0,23.53530896040404,0.0,0.0,0.0,0.0,0.0,0.0,0.0,0.0,0.0,0.0,0.0,73.26869265236512,0.0,23.53530896040404,23.53530896040404,1000.0,-335.4214857048186,0.0,203.40254651079138,0.0,0.0,0.0,0.0,0.0,-353.442470347308,0.0,-212.52092637766827,0.07845102986801347,0.0,0.0,-639.798299066917,646.1248142612733,0.0,0.0,607.304098928305,0.0,-110.79537640241699,0.0,0.0,0.0,0.0,0.0,0.0,0.0,0.0,0.0,0.0,0.0,0.0,0.07845102986801347,0.0,0.0,0.0,-564.4698983826665,564.4698983826665,0.0,0.0,0.0,0.0,0.0,481.7121601381757,0.0,-344.8190765522593,0.0,-5.88382724010101,-3.9225514934006736,0.0,0.0,0.0,0.0,0.0,0.0,0.0,0.0,0.0,0.0,0.0,0.0,396.10304940827405,83.43483566931377,0.0,0.0,-728.4813403349392,0.0,0.0,0.0,353.4689601733212,0.0,0.0,0.07845102986801347,0.0,0.07845102986801347,0.0,0.0,0.0,47.07061792080808,95.71025643897643,95.71025643897643,0.0,0.0,0.0,0.0,0.0,0.0,0.0,687.2306120805174,0.0,0.0,0.0,0.0,0.0,934.2751809175699,0.0,0.0,0.0,0.0,0.0,0.0,0.0,0.0,0.0,0.0,0.0,0.0,0.0,187.7250723685732,0.0,0.0,0.0,0.11767654480202021,0.0,0.0,0.0,-23.53530896040404,0.0,0.0,0.0,0.0,0.0,-272.38042815492634,3.9225514934006736,0.0,0.0,0.0,0.0,0.0,0.0,0.0,0.0,0.0,0.0,0.0,0.0,0.0,0.0,396.10304940827405,0.0,0.0,0.0,264.3097940263973,0.0,291.5842505209953,-76.80704308437187,145.4599360475044,-475.0483172928547,344.8190765522593,-15.230695306909013,0.0,-728.9598115942214,0.0,3.9225514934006736,1000.0,0.0,0.0,0.0,-145.85219119684518,0.0,0.0,0.0,0.0,0.0,0.0,0.0,0.0,0.0,-11.767654480202054,0.0,95.71025643897643,0.0,922.75652846651,922.75652846651,-922.75652846651,0.0,0.0,0.0,0.0,0.0,469.00758799301764,0.0,0.0,290.0319098752294,-6.326515194356261,0.0,-188.16979813113124,23.53530896040404,0.0,0.0,0.0,0.0,184.11016477262234,0.0,0.0,0.08629613285475557,0.0,0.0,0.0,47.855128219488215,0.0,0.0,0.0,0.0,618.6110240277228,0.0,0.0,0.0,0.0,0.0,0.0,0.0,0.0,0.0,0.0,0.00784510298680157,0.00784510298680157,0.0,0.0,0.0,0.0,0.0,0.0,0.0,0.0,0.0,-639.798299066917,0.0,0.0,0.0,0.0,0.0,272.38042815492634,0.0,0.0,0.0,0.0,0.0,0.0,0.0,0.0,0.0,0.0,0.0,0.0,0.0,840.2235490433136,31.763449606116637,0.0,0.0,0.0,47.07061792080808,0.0,0.0,0.0,0.0,0.0,0.0,-47.07061792080808,0.0,0.0,0.0,0.0,0.0,0.0,0.0,0.0,0.0,0.0,0.0,0.0,212.52092637766827,-1000.0,988.014136377159,561.9920503757562,-585.5273593361602,0.0,-145.77374016697718,0.0,0.0,0.0,0.0,0.0,0.0,0.0,0.0,0.0,609.375,0.0,-609.375,-609.375,0.0,0.0,0.0,0.0,-9.806378733501685,396.10304940827405,-601.760820810113,928.3913536774688,0.0,0.0,0.0,0.0,0.0,-0.9806378733501684,0.0,145.85219119684518,0.0,0.0,0.0,0.0,0.0,0.0,0.0,1000.0,23.53530896040404,23.53530896040404,0.0,0.0,0.0,0.0,0.0,0.08629613285475557,272.38042815492634,0.0,0.0,145.77374016697718,0.0,0.0,0.0,0.0,0.0,0.0,0.0,0.0,0.0,0.0,0.0,0.0,0.0,0.0,0.0,0.0,0.0,24.319819259084174,0.0,82.37358136141414,0.0,0.0,6.040729299837033,0.0,0.0,0.0,272.38042815492634,0.0,462.55891333786604,0.0,0.0,0.0,-9.806378733501685,0.0,0.0,0.0,0.0,0.0,0.0,0.0,0.0,0.0,0.0,0.0,0.0,0.0,0.0,0.0,0.0,0.0,0.0,-0.07845102986801347,0.0,0.0,3.9225514934006736,-752.9929756095222,0.0,0.0,0.0,0.0,396.10304940827405,0.0,0.0,0.0,-927.5205472459339,1.9612757467003368,0.0,0.0,0.0,0.07845102986801347,0.0,78.45102986801346,0.0,15.690205973602694,0.5603644990572391,267.5180118499259,-0.058838272401010104,301.8610482784067,1.5690205973602696,-0.39225514934076955,-267.5180118499259,23.53530896040404,-0.07845102986801347,25.602347694790623,203.40254651079138,0.019612757467003368,0.5603644990572391,-76.80704308437187,-12.489403954988632,-1.569020597360236,-191.30083407513177,-0.07845102986801347,0.019612757467003368,-267.5180118499259,64.13576125590286,0.07845102986801347,0.07845102986801347,-272.2156809922036,0.08629613285481505,0.0,-0.058838272401010104,23.53530896040404,0.07845102986801347,23.53530896040404,-39.22551493400674,-0.039225514934006736,-380.08289137931433,89.6590466206145,-0.058838272401010104,-0.07845102986801347,0.0,0.07845102986801347,7.845102986801347,-1.5690205973602696,187.7250723685732,187.7250723685732,-7.845102986801351,191.30083407513177,-187.7250723685732,15.690205973602694,0.11767654480202021,415.9823486298636,7.845102986801347,-333.3333333333333,203.40254651079138,-15.690205973602694,0.039225514934006736,0.7845102986801347,217.74476224127088,280.0,-0.07845102986801347,-290.0319098752294,272.2156809922036,24.319819259084174,0.07845102986801347,12.489403954988632,52.97065240007379,203.40254651079138,-0.07845102986801347,-0.019612757467003368,-203.40254651079138,-0.07845102986801354,-92.15489701319865,0.07845102986823699,-0.019612757467003368,-0.019612757467003368,-0.019612757467003368,31.38041194720539,39.22551493400674,0.7845102986801347,58.12240675346442,-0.019612757467003368,409.8871767877511,3.9225514934006736,50.0,0.07845102986801347,0.039225514934006736,0.03922551493400677,54.148688040988546,0.0,0.07845102986801347,0.0,0.7845102986801347,0.07845102986801347,-58.12240675346442,0.07845102986801347,0.31380411947276343,0.39225514934076955,0.039225514934006736,0.019612757467003368,23.53530896040404,-0.07845102986801347,0.0,0.784510298680118,-116.24481350692884,299.8997725317064,-7.845102986801347,15.690205973602694,3.9225514934006736,-0.07845102986801347,76.80704308437187,0.11767654480202021,-0.07845102986801347,-108.29737608197709,0.0,127.5429532616322,0.039225514934006736,-100.0,-0.07845102986801347,-0.07845102986823699,-0.07845102986801347,0.039225514934006736,267.5180118499259,-15.690205973602694,0.07845102986801347,435.48952448254175,-0.019612757467003368,-0.08629613285481505,-435.48952448254175,11.767654480202019,-89.65904662061449,-559.4330081762236,267.5180118499259,-0.058838272401010104,290.0319098752294,-280.0,0.07845102986801347,-0.019612757467003368,3.9225514934006736,78.45102986801346,-0.039225514934006736,-0.07845102986801347,0.019612757467003368,737.3343673216618,0.0,-416.0215741447976,0.0,-255.0,0.0,-229.79440037036284,-140.0,56.29065826910151,-80.0,-255.0,379.9561555859194,0.0,40.0,127.5,127.5,-56.29065826910151,70.0,-272.38042815492634,-311.65311803425453,0.0,-379.9561555859194,-311.65311803425453,229.79440037036284,-145.305077878619,0.0,1496.5981,hplb
238,0.0,0.0,0.0,0.0,0.0,0.0,0.0,0.0,-0.04939067142929338,0.0,0.0,0.0,0.0,0.0,0.0,0.0,0.0,-7.260017199571394,0.0,0.0,0.0,0.0,0.0,0.0,0.0,0.0,0.0,0.0,0.0,-833.3344591006445,123.81890344827988,-123.81890344827988,79.88293381399872,0.0,0.0,0.0,0.0,949.947287811447,0.0,41.7404666584944,985.182798571212,0.0,0.0,0.0,0.0,0.0,0.0,0.0,0.0,0.0,0.0,0.0,0.0,0.05432973857227157,0.0,0.0,0.0,9.878134285858678,0.0,0.0,-43.42717797973884,0.0,50.01356288042291,0.0,0.0,0.0,0.0,0.0,20.86609480042341,855.2755369591653,0.0,0.4939067142929339,0.0,0.0,0.0,0.0,0.0,0.0,0.0,0.0,0.0,0.0,-205.88954851640446,0.0,29.634402857576035,0.0,0.0,395.61986012668814,-122.90262703684931,0.07408600714394008,-0.012347667857323347,0.0,0.0,0.0,14.817201428788017,0.0,14.817201428788017,-125.40928306830409,0.0,0.0,0.0,190.37815441361474,-1000.0,0.0,0.0,-59.025532347413844,0.0,0.0,0.0,0.0,0.0,0.0,0.0,0.0,0.0,0.0,0.0,0.0,0.0,0.0,0.0,0.0,0.0,0.0,-400.34066682456864,0.0,0.0,14.817201428788017,0.0,15.311108143080949,0.0,0.0,221.26797657554204,-221.26797657554204,0.0,0.0,-428.50270505413613,0.0,0.0,421.91632015345203,0.0,0.0,0.0,0.0,0.0,209.69263021646006,0.04939067142929338,0.0,0.0,0.0,0.0,0.0,0.0,0.0,205.88954851640446,0.0,305.4076083751431,0.0,0.0,0.0,0.0,0.0,343.9394717353239,343.9394717353239,0.0,0.0,0.0,0.0,585.0659583762929,0.0,0.0,467.80776585503304,0.0,0.0,0.0,-825.025832624641,0.0,0.0,0.0,0.0,0.0,0.0,0.0,0.0,0.0,0.0,-1000.0,0.0,0.0,0.0,0.0,-228.60452515164638,0.0,0.0,0.0,0.0,0.0,0.0,0.0,402.87987732625953,-402.87987732625953,0.0,0.0,0.0,0.0,0.0,0.0,0.0,166.6655408993555,-691.0519682145203,0.0,0.0,0.0,0.0,0.0,0.0,0.0,0.0,0.0,0.0,0.0,0.0,0.0,309.67597919909224,-80.24373142828264,833.3344591006445,0.0,0.0,0.0,6.58638490068407,165.01154218564136,0.0,0.0,0.0,0.0,-43.42717797973884,833.3344591006445,123.81890344827988,0.0,0.0,0.0,0.0,0.0,0.0,0.0,0.0,0.0,0.0,0.0,0.0,-525.7825043631088,798.4997374529477,0.0,-833.3344591006445,0.0,0.0,6.58638490068407,-307.3787522501816,0.0,0.0,0.0,-111.1424724935016,0.0,0.0,-593.7499999999949,406.2500000000051,406.2500000000051,-1000.0,0.0,0.0,279.9772502894102,0.0,0.0,0.0,0.0,-27.211568897912798,0.0,0.0,0.0,592.7606692523691,0.0,-592.7606692523691,0.0,467.7089845121744,0.0,6.58638490068407,0.0,0.0,0.0,0.0,-43.42717797973884,-0.07408600714394008,0.0,0.0,0.0,0.0,0.04939067142929338,0.0,0.0,0.0,48.775781537217,0.0,0.0,-281.27032981314346,56.95260175764163,0.0,1000.0,0.0,-801.8710555537929,0.0,-59.025532347413844,0.0,0.0,0.0,113.65329093248918,688.2177646213037,0.0,-1000.0,-1000.0,0.0,0.0,0.0,0.0,0.0,0.0,0.0,0.0,0.0,0.0,0.0,0.0,0.0,0.0,0.0,0.0,0.0,-49.8551495028356,0.0,-1000.0,205.88954851640446,0.0,0.0,0.0,0.0,0.0,-85.87372676818018,0.0,0.0,0.0,0.0,187.90862084215007,0.0,0.0,-285.09570101516545,0.0,-709.083859421727,-589.5898705278892,0.0,-184.41036682209494,0.0,0.0,188.67185702262574,593.0903754073064,-1.2347667857323348,-2.4695335714646696,-1000.0,0.0,997.5304664285353,0.0,0.0,14.817201428788017,0.0,0.0,0.0,0.0,0.0,0.0,0.0,-309.67597919909224,309.67597919909224,309.67597919909224,103.98144852290211,0.0,0.0,0.0,0.0,0.0,166.6655408993555,0.0,0.0,-93.44074086016175,0.0,0.0,0.0,0.0,0.0,0.0,0.0,-95.06093285707067,0.09878134285868491,0.0,0.0,0.0,0.0,0.0,0.0,0.0,0.0,0.0,876.1416317595887,0.0,0.0,0.0,0.0,0.0,0.0,0.0,0.0,0.0,0.05432973857227157,0.05432973857227157,123.81890344827988,369.2646374819152,0.0,29.634402857576035,0.0,0.0,0.0,1000.0,0.0,0.0,0.0,0.0,0.0,228.20028381955834,-1000.0,0.0,0.0,0.0,0.0,0.0,0.0,0.0,0.0,0.0,0.0,0.0,0.0,0.0,133.44688894152287,-48.775781537217,0.0,0.0,3.8030817000555883,0.0,265.937304971112,-265.937304971112,-430.9488471567533,0.0,228.20028381955834,0.0,0.0,133.13935096248767,-156.2500000000001,156.2500000000001,309.67597919909224,0.0,0.0,0.0,0.0,0.0,0.0,0.0,0.0,0.0,0.0,0.0,0.0,0.0,29.634402857576035,6.586384900684095,6.58638490068407,0.0,0.0,0.0,0.0,0.0,0.0,0.0,0.0,0.0,0.0,0.4939067142929339,0.0,123.81890344827988,0.0,0.0,123.81890344827988,0.0,0.0,0.0,14.817201428788017,0.0,0.0,0.0,0.0,0.0,0.0,0.0,0.0,0.0,0.0,257.87156064673684,0.0,0.0,14.817201428788017,14.817201428788017,1000.0,-1000.0,0.0,0.0,0.0,0.0,0.0,0.0,0.0,1000.0,166.6655408993555,945.0943149870122,0.04939067142929338,0.0,0.0,-139.84585222382987,205.07328965641597,0.0,0.0,0.0,0.0,0.0,0.0,0.0,0.0,0.0,0.0,0.0,0.0,0.0,0.0,0.0,0.0,0.0,0.04939067142929338,0.0,0.0,0.0,-521.4899661275556,521.4899661275556,0.0,0.0,0.0,0.0,-664.3115053966147,578.4377786284346,0.0,0.0,-950.1448504971644,-3.7043003571970097,0.0,-2.4695335714646696,0.0,593.75,593.75,-593.75,0.0,0.0,0.0,0.0,0.0,0.0,0.0,6.586384900684095,0.0,0.0,0.0,1000.0,0.0,0.0,0.0,-0.04939067142929338,0.0,0.0,0.04939067142929338,0.0,0.04939067142929338,0.0,0.0,0.0,29.634402857576035,60.256619143737936,60.256619143737936,0.0,0.0,0.0,0.0,0.0,0.0,0.0,0.0,0.0,166.6655408993555,0.0,0.0,117.9058277425514,0.0,0.0,0.0,0.0,0.0,0.0,0.0,0.0,0.0,0.0,0.0,0.0,0.0,0.0,165.01154218564136,0.0,0.0,0.0,0.07408600714394008,0.0,0.0,0.0,-14.817201428788017,0.0,0.0,0.0,0.0,0.0,-369.2646374819152,2.4695335714646696,0.0,0.0,0.0,0.0,-585.0659583762929,-578.4377786284346,-2.4695335714646696,0.0,0.0,0.0,0.0,0.0,0.0,0.0,6.586384900684095,0.0,0.0,444.5332833856016,59.58865828282296,0.0,315.12186571414134,-59.025532347413844,0.0,0.0,0.0,0.0,205.88954851640446,-367.63537139391957,0.0,2.4695335714646696,808.038216422909,0.0,0.0,-123.81890344827988,-93.44074086016175,0.0,0.0,30.502410322950926,-30.502410322950926,0.0,0.0,0.0,0.0,0.0,992.591399285606,0.0,60.256619143737936,0.0,819.7652330885232,819.7652330885232,-695.9463296402432,0.0,0.0,0.0,0.0,0.0,0.0,0.0,0.0,380.37753855350604,-941.3690691921748,0.0,0.0,14.817201428788017,0.0,0.0,0.0,0.0,69.71497872563491,0.0,0.0,0.05432973857227157,0.0,0.0,0.0,30.128309571868968,0.0,0.0,0.0,0.0,-80.24373142828264,0.0,0.0,0.0,0.0,0.0,0.0,0.0,0.0,0.0,0.0,0.00493906714292948,0.00493906714292948,0.0,0.0,0.0,0.0,0.0,0.0,0.0,0.0,0.0,-139.84585222382987,123.81890344827988,0.0,0.0,0.0,0.0,369.2646374819152,0.0,0.0,0.0,0.0,0.0,0.0,0.0,0.0,0.0,0.0,0.0,0.0,0.0,0.0,-7.260017199571394,0.0,0.0,0.0,29.634402857576035,0.0,0.0,0.0,0.0,0.0,0.0,-29.634402857576035,0.0,0.0,0.0,0.0,0.0,0.0,0.0,0.0,0.0,123.81890344827988,123.81890344827988,0.0,-945.0943149870122,-1000.0,151.73843767161736,0.0,-14.817201428788017,0.0,949.947287811447,0.0,0.0,0.0,0.0,0.0,0.0,0.0,0.0,0.0,0.0,0.0,0.0,0.0,0.0,0.0,0.0,0.0,-6.173833928661679,6.58638490068407,-191.61292119934706,114.20152738535444,0.0,0.0,0.0,0.0,0.0,0.0,-0.6173833928661674,299.3302893765662,0.0,0.0,0.0,0.0,0.0,0.0,0.0,1000.0,14.817201428788017,14.817201428788017,0.0,0.0,0.0,0.0,0.0,0.05432973857227157,369.2646374819152,0.0,0.0,-949.947287811447,0.0,0.0,0.0,0.0,0.0,0.0,0.0,0.0,0.0,0.0,0.0,0.0,0.0,0.0,0.0,0.0,0.0,0.0,0.0,51.86020500075806,3.8030817000555883,0.0,0.0,0.0,0.0,0.0,369.2646374819152,0.0,453.02849556013047,0.0,0.0,0.0,-6.173833928661679,0.0,0.0,0.0,0.0,0.0,0.0,0.0,0.0,0.0,0.0,0.0,0.0,0.0,0.0,0.0,0.0,0.0,0.0,-0.04939067142929338,0.0,0.0,2.4695335714646696,-228.20028381955834,0.0,0.0,0.0,0.0,6.58638490068407,0.0,0.0,0.0,-113.65329093248918,1.2347667857323348,0.0,0.0,0.0,0.04939067142929338,0.0,49.390671429293384,-15.311108143080949,9.878134285858678,0.3527905102092385,137.79997328772853,-0.03704300357197004,96.4238439925397,0.9878134285858678,-0.2469533571466372,-137.79997328772853,14.817201428788017,-0.04939067142929339,19.675177449137948,0.0,0.012347667857323347,0.3527905102092385,-59.025532347413844,-7.862994891544478,122.83109001969416,7.260017199571394,-0.04939067142929339,0.012347667857323347,-137.79997328772853,323.42680036322855,0.04939067142929339,0.04939067142929338,-369.1609170719136,0.05432973857222287,-56.89280197624166,-0.03704300357197004,14.817201428788017,0.04939067142929339,14.817201428788017,-24.695335714646696,-0.024695335714646695,-130.46374170407378,-170.0,-0.03704300357197004,-0.04939067142929339,-15.311108143080949,0.04939067142929338,4.939067142929339,-0.9878134285858678,165.01154218564136,165.01154218564136,-4.939067142929314,-7.260017199571394,-165.01154218564136,9.878134285858678,0.07408600714394008,-28.337540475191986,4.939067142929339,-133.44688894152287,0.0,-9.878134285858678,0.024695335714646695,0.4939067142929339,70.31758245328587,69.46679256868164,-0.04939067142929338,-380.37753855350604,369.1609170719136,15.311108143080949,0.04939067142929339,7.862994891544478,-377.75653893545103,0.0,-0.04939067142929338,-0.012347667857323347,0.0,-0.04939067142929339,-95.06093285707067,0.04939067142929339,-0.012347667857323347,-0.012347667857323347,-0.012347667857323347,19.756268571717357,24.695335714646696,0.4939067142929339,36.59231369517936,-0.012347667857323347,120.95998745743378,2.4695335714646696,50.0,0.04939067142929338,0.024695335714646695,0.024695335714646695,1.645874692587304,15.311108143080949,0.04939067142929338,-15.311108143080949,0.4939067142929339,0.04939067142929339,-36.59231369517936,0.04939067142929339,0.19756268571735802,0.2469533571466372,0.024695335714646695,0.012347667857323347,14.817201428788017,-0.04939067142929339,56.89280197624166,-61.41554500984708,-73.18462739035871,95.18907720680737,-4.939067142929339,9.878134285858678,2.4695335714646696,-0.04939067142929339,59.025532347413844,0.07408600714394008,-0.04939067142929339,-3.291749385174608,15.311108143080949,-52.244601373023826,0.024695335714646695,-100.0,-0.04939067142929339,-0.04939067142929339,-0.04939067142929339,0.024695335714646695,137.79997328772853,-9.878134285858678,0.04939067142929338,140.63516490657173,-0.012347667857323347,-0.05432973857222287,-140.63516490657173,7.408600714394007,170.0,-229.00605226889738,137.79997328772853,-0.03704300357197004,380.37753855350604,-69.46679256868164,0.04939067142929339,-0.012347667857323351,2.4695335714646696,49.390671429293384,-0.024695335714646695,-0.04939067142929339,0.012347667857323347,0.0,0.0,-251.73849115707682,0.0,-255.0,0.0,289.09198800821173,-140.0,318.4877332202992,352.22318752211385,-54.83405046134695,-325.0,-280.05133629655415,-176.11159376105692,127.5,27.417025230673474,-318.4877332202992,70.0,-369.2646374819152,-17.470377352611077,280.05133629655415,325.0,-17.470377352611077,-289.09198800821173,330.9547299003667,0.0,1496.5981,hplb
239,0.0,0.0,0.0,0.0,0.0,0.0,0.0,0.0,24.671660933967758,0.0,0.0,0.0,0.0,0.0,0.0,0.0,-644.3269493689314,662.2391732052469,0.0,0.0,0.0,0.0,0.0,741.4929723864441,0.0,0.0,0.0,0.0,0.0,-268.4250396426867,0.0,0.0,1000.0,0.0,0.0,0.0,0.0,349.34346970499445,0.0,-1000.0,772.2540914072026,0.0,0.0,0.0,0.0,0.0,0.1520184369519638,0.0,572.4722697269988,0.0,0.0,0.0,0.0,0.08361014032354724,0.0,0.0,0.0,15.201843695196379,0.0,0.0,85.35822144183187,0.0,-372.9972664044874,-563.7953448095054,0.0,0.0,0.0,0.0,260.2337776411335,-260.2337776411335,0.0,0.760092184759819,0.0,0.0,0.0,0.0,0.0,0.0,0.0,575.0485499517281,0.0,0.0,-362.0628439260345,0.0,45.605531085589135,0.0,0.0,0.0,172.2204815983227,300.0,-0.019002304618995474,0.0,0.0,0.0,22.802765542794567,0.0,22.802765542794567,-2.4474968349264214,0.0,0.0,0.0,3.8004609237990947,-342.17834516081103,0.0,0.0,-32.23026836272646,0.0,0.0,0.0,0.0,0.0,0.0,0.0,0.0,0.0,0.0,0.0,0.0,0.0,0.0,0.0,0.0,0.0,0.0,-1000.0,0.0,0.0,22.802765542794567,0.0,23.562857727554384,0.0,0.0,-240.09278826788045,0.0,240.09278826788045,-240.09278826788045,0.0,0.0,0.0,-276.15629984684983,0.0,0.0,0.0,0.0,0.0,367.9155537486851,0.0760092184759819,0.0,0.0,0.0,-5.276687085146705,0.0,0.0,0.0,117.16146641967937,0.0,-121.16030995271878,0.0,0.0,0.0,0.0,0.0,999.923990781524,999.923990781524,0.0,0.0,0.0,0.0,-625.8621028793918,0.0,0.0,1000.0,0.0,0.0,0.0,404.6447941716899,0.0,0.0,0.0,0.0,0.0,0.0,0.0,0.0,0.0,0.0,0.0,0.0,0.0,0.0,0.0,-1000.0,0.0,0.0,0.0,0.0,0.0,0.0,0.0,-172.2204815983227,172.2204815983227,276.15629984684983,0.0,0.0,0.0,0.0,0.0,0.0,73.75330551812431,-694.4263089195474,0.0,0.0,0.0,0.0,0.0,0.0,0.0,0.0,0.0,0.0,0.0,0.0,0.0,0.0,-64.31962552446053,340.27971928461943,0.0,0.0,0.0,0.0,111.75564670321268,0.0,0.0,0.0,0.0,85.35822144183187,340.27971928461943,0.0,0.0,265.23018089302514,0.0,0.0,0.0,0.0,0.0,0.0,0.0,0.0,0.0,-344.4409631966454,0.0,400.2517881286761,0.0,-340.27971928461943,0.0,0.0,276.15629984684983,0.0,0.0,0.0,0.0,-136.58921511008305,0.0,0.0,-1000.0,0.0,0.0,-1000.0,0.0,0.0,0.0,0.0,-82.45357812007461,0.0,0.0,-175.84622700207302,0.0,0.0,0.0,-676.7246504468563,0.0,676.7246504468563,0.0,1000.0,0.0,0.0,0.0,0.0,0.0,0.0,85.35822144183187,-0.11401382771397284,0.0,0.0,0.0,0.0,0.0760092184759819,0.0,0.0,0.0,589.2852879071429,-644.3269493689314,0.0,-21.486845575150973,-905.7428818604429,0.0,795.0568569499972,0.0,108.8908063886916,0.0,-32.23026836272646,0.0,0.0,0.0,176.72774867019683,0.0,-285.61855505888843,-1000.0,-1000.0,0.0,0.0,0.0,0.0,0.0,0.0,0.0,0.0,0.0,0.0,0.0,0.0,0.0,0.0,0.0,0.0,265.23018089302514,-650.3524934211017,0.0,-1000.0,117.16146641967937,0.0,0.0,0.0,0.0,0.0,201.50573328577246,0.0,244.90137750635512,0.0,0.0,0.0,0.0,-90.2632484934515,0.0,0.0,-260.2337776411335,717.9999678016814,-3.8004609237990947,0.0,0.0,90.2632484934515,-3.8004609237990947,0.0,-1.9002304618995474,0.0,0.0,0.0,0.0,0.0,-436.86365507965286,22.802765542794567,0.0,0.0,0.0,0.0,0.0,24.74767015244374,0.0,0.0,0.0,0.0,-692.5783089440733,0.0,0.0,0.0,0.0,0.0,73.75330551812431,0.0,0.0,-105.43985696318607,0.0,0.0,0.0,0.0,0.0,0.0,0.0,-92.39907815240181,0.15201843695193354,0.0,0.0,0.0,0.0,0.0,0.0,0.0,0.0,0.0,0.0,0.0,0.0,0.0,0.0,0.0,0.0,0.0,0.0,0.0,0.08361014032354724,0.08361014032354724,0.0,127.37284361811233,0.0,45.605531085589135,0.0,0.0,0.0,1000.0,0.0,426.5147270633581,0.0,0.0,0.0,-637.1714264125018,-1000.0,0.0,0.0,0.0,0.0,0.0,0.0,0.0,0.0,0.0,0.0,0.0,0.0,0.0,333.3333333333333,-589.2852879071429,5.276687085146705,0.0,6.9687499567950075,0.0,0.0,0.0,-387.9119465500625,0.0,-637.1714264125018,0.0,-45.43834901330604,-684.1321555515975,0.0,0.0,0.0,0.0,0.0,0.0,0.0,0.0,0.0,0.0,0.0,0.0,0.0,0.0,0.0,0.0,45.605531085589135,276.15629984684983,276.15629984684983,0.0,0.0,0.0,0.0,0.0,0.0,0.0,0.0,0.0,0.0,0.760092184759819,0.0,0.0,0.0,0.0,0.0,0.0,0.0,0.0,22.802765542794567,0.0,0.0,0.0,1.1160401341443782,0.0,0.0,0.0,0.0,0.0,0.0,1000.0,-539.746871862144,0.0,22.802765542794567,22.802765542794567,1000.0,-1000.0,0.0,0.0,0.0,0.0,0.0,0.0,0.0,342.178345160811,73.75330551812431,405.9643699837195,0.0760092184759819,0.0,0.0,100.38103145731635,0.0,964.6067336116033,0.0,0.0,0.0,0.0,0.0,0.0,0.0,0.0,0.0,0.0,0.0,0.0,0.0,0.0,0.0,0.0,0.0760092184759819,0.0,0.0,0.0,0.0,0.0,0.0,0.0,0.0,0.0,0.0,446.4071107921276,0.0,0.0,-349.6475065788983,-5.700691385698642,-3.8004609237990947,0.0,0.0,0.0,0.0,0.0,0.0,0.0,0.0,0.0,0.0,0.0,0.0,276.15629984684983,0.0,0.0,0.0,-433.06319415585375,0.0,0.0,0.0,24.671660933967758,0.0,0.0,0.0760092184759819,0.0,0.0760092184759819,0.0,0.0,0.0,45.605531085589135,92.73124654069791,92.73124654069791,0.0,0.0,0.0,0.0,0.0,0.0,244.90137750635512,5.276687085146705,0.0,73.75330551812431,0.0,0.0,0.0,183.2721423809788,0.0,0.0,0.0,0.0,0.0,0.0,0.0,0.0,0.0,0.0,0.0,0.0,0.0,387.9119465500625,0.0,-437.6087910121745,437.6087910121745,0.11401382771397284,0.0,0.0,0.0,-22.802765542794567,0.0,0.0,0.0,0.0,0.0,-127.37284361811233,3.8004609237990947,0.0,0.0,0.0,0.0,625.8621028793918,553.5928892078724,0.0,0.0,0.0,0.0,0.0,0.0,0.0,0.0,276.15629984684983,0.0,0.0,1000.0,127.37284361811233,0.0,315.07484338995033,932.3764652488769,0.0,755.0986224936448,244.90137750635512,-1000.0,117.16146641967937,-92.73124654069791,0.0,3.8004609237990947,1000.0,0.0,91.10163110531072,0.0,-105.43985696318607,0.0,0.0,0.0,0.0,0.0,-569.4212870344576,0.0,0.0,0.0,133.07353500381097,-144.4749177752082,92.73124654069791,0.0,0.0,0.0,0.0,0.0,0.0,0.0,0.0,0.0,0.0,0.0,0.0,0.0,-100.38103145731635,-571.7462625485005,0.0,22.802765542794567,0.0,0.0,0.0,0.0,-250.77019894297436,0.0,0.0,0.08361014032354724,0.0,0.0,0.0,46.365623270348955,0.0,0.0,0.0,0.0,-64.31962552446053,0.0,0.0,0.0,0.0,0.0,0.0,0.0,0.0,891.595306833237,0.0,0.0076009218475981966,0.0076009218475981966,0.0,0.0,0.0,0.0,0.0,0.0,0.0,0.0,0.0,100.38103145731635,0.0,0.0,0.0,0.0,0.0,127.37284361811233,0.0,0.0,0.0,0.0,0.0,0.0,0.0,0.0,0.0,0.0,0.0,0.0,0.0,-798.6352071309387,662.2391732052469,0.0,0.0,0.0,45.605531085589135,0.0,0.0,0.0,0.0,0.0,-45.605531085589135,0.0,0.0,0.0,0.0,0.0,0.0,0.0,0.0,0.0,0.0,0.0,0.0,0.0,-490.5103834716033,-1000.0,235.33845703702642,0.0,-22.802765542794567,0.0,349.34346970499445,0.0,0.0,0.0,0.0,0.0,0.0,0.0,0.0,0.0,0.0,0.0,0.0,0.0,0.0,0.0,0.0,0.0,-9.501152309497737,276.15629984684983,-5.700691385698642,322.0463687704884,0.0,0.0,0.0,0.0,0.0,-0.9501152309497737,0.0,222.60132338286544,0.0,0.0,0.0,0.0,0.0,0.0,0.0,915.4539865121162,22.802765542794567,22.802765542794567,0.0,0.0,0.0,0.0,575.0485499517281,0.08361014032354724,127.37284361811233,0.0,0.0,-349.34346970499445,0.0,0.0,0.0,0.0,0.0,0.0,0.0,0.0,0.0,0.0,0.0,0.0,0.0,0.0,218.80439550608725,0.0,0.0,0.0,0.0,79.80967939978099,0.0,0.0,250.75408732900576,0.0,0.0,0.0,127.37284361811233,0.0,-559.840846966598,0.0,0.0,0.0,-9.501152309497737,0.0,0.0,0.0,0.0,0.0,0.0,0.0,0.0,0.0,0.0,0.0,0.0,0.0,0.0,0.0,0.0,0.0,0.0,-0.0760092184759819,0.0,0.0,3.8004609237990947,637.1714264125018,0.0,0.0,0.0,0.0,276.15629984684983,0.0,0.0,0.0,-176.72774867019683,1.9002304618995474,0.0,0.0,0.0,0.0760092184759819,0.0,76.0092184759819,-23.562857727554384,15.201843695196379,0.5429229891141564,212.06571954798946,-0.05700691385698642,3.8004609237990947,1.520184369519638,-0.3800460923798141,-212.06571954798946,22.802765542794567,-0.0760092184759819,10.743422787575486,0.0,0.019002304618995474,0.5429229891141564,-32.23026836272646,-12.100667581376229,-1.520184369519638,-17.912223836315434,-0.0760092184759819,0.019002304618995474,-212.06571954798946,7.6009218475981895,0.0760092184759819,0.0760092184759819,-127.2132242593128,0.08361014032358009,-63.331807815345584,-0.05700691385698642,22.802765542794567,0.0760092184759819,22.802765542794567,-38.00460923799095,-0.03800460923799095,248.9526544935173,-119.43257776928685,-0.05700691385698642,-0.0760092184759819,-23.562857727554384,0.0760092184759819,7.6009218475981895,-1.520184369519638,387.9119465500625,387.9119465500625,-7.6009218475981895,17.912223836315434,-387.9119465500625,15.201843695196379,0.11401382771397284,-899.546610901981,7.6009218475981895,-333.3333333333333,0.0,-15.201843695196379,0.03800460923799095,0.760092184759819,5.371711393787743,142.57468731330871,-0.0760092184759819,-144.4749177752082,127.2132242593128,23.562857727554384,0.0760092184759819,12.100667581376229,-91.21106217117824,0.0,-0.0760092184759819,-0.019002304618995474,0.0,-0.0760092184759819,-92.39907815240181,0.0760092184759819,-0.019002304618995474,-0.019002304618995474,-0.019002304618995474,30.403687390392758,38.00460923799095,0.760092184759819,56.313329738391104,-0.019002304618995474,0.0,3.8004609237990947,50.0,0.0760092184759819,0.03800460923799095,0.03800460923799095,7.6009218475981895,23.562857727554384,0.0760092184759819,-23.562857727554384,0.760092184759819,0.0760092184759819,-56.313329738391104,0.0760092184759819,0.3040368739038671,0.3800460923798141,0.03800460923799095,0.019002304618995474,22.802765542794567,-0.0760092184759819,63.331807815345584,0.760092184759819,-112.62665947678221,1.9002304618995471,-7.6009218475981895,15.201843695196379,3.8004609237990947,-0.0760092184759819,32.23026836272646,0.11401382771397284,-0.0760092184759819,-15.201843695196379,23.562857727554384,414.59395308191813,0.03800460923799095,-100.0,-0.0760092184759819,-0.0760092184759819,-0.0760092184759819,0.03800460923799095,212.06571954798946,-15.201843695196379,0.0760092184759819,10.743422787575486,-0.019002304618995474,-0.08361014032358009,-10.743422787575486,11.401382771397282,119.43257776928685,398.3208878839317,212.06571954798946,-0.05700691385698642,144.4749177752082,-142.57468731330871,0.0760092184759819,-0.01900230461899547,3.8004609237990947,76.0092184759819,-0.03800460923799095,-0.0760092184759819,0.019002304618995474,0.0,0.0,599.508606292743,0.0,-255.0,0.0,607.4012110707096,-69.30333847944232,0.0,512.9615633926476,-255.0,-325.0,-300.0,-256.4807816963238,127.5,127.5,0.0,34.65166923972116,-127.37284361811233,-163.8237541389438,300.0,325.0,-163.8237541389438,-607.4012110707096,345.5056756971448,0.0,1496.5981,hplb
240,0.0,0.0,0.0,0.0,0.0,0.0,0.0,0.0,-0.04490305153476053,0.0,0.0,0.0,0.0,0.0,0.0,0.0,757.675003905762,-682.5494698179664,0.0,0.0,0.0,0.0,0.0,563.9011906386387,0.0,605.2140596318416,0.0,0.0,0.0,-286.38151201159474,0.0,0.0,0.0,0.0,0.0,0.0,0.0,389.6687919035073,0.0,317.7452552786397,734.8830981365796,0.0,0.0,0.0,0.0,0.0,0.0,0.0,52.19435658670193,0.0,0.0,917.7491037886397,0.0,0.049393356688162506,0.0,0.0,0.0,8.980610306952105,0.0,0.0,-3.954462071828013,0.0,0.0,-3.954462071828013,394.53979516675463,0.0,0.0,0.0,151.28297581289323,0.0,0.0,0.4490305153476053,0.0,0.0,0.0,0.0,0.0,0.0,0.0,0.0,0.0,0.0,0.0,0.0,26.941830920856315,0.0,0.0,1000.0,-943.5308833697678,126.53616075373903,662.8617676395188,0.0,0.0,582.3207910817548,13.470915460428158,0.0,176.80861853307727,0.0,0.0,0.0,0.0,2.2451525767380263,-286.38151201159474,0.0,0.0,0.0,0.0,0.0,0.0,0.0,0.0,0.0,0.0,0.0,0.0,0.0,0.0,0.0,0.0,0.0,0.0,0.0,0.0,0.0,-860.8571711906548,0.0,0.0,176.80861853307727,0.0,13.91994597577576,0.0,0.0,-1000.0,1000.0,0.0,0.0,0.0,0.0,0.0,0.0,0.0,0.0,0.0,0.0,0.0,3.4575349681765744,0.04490305153476053,662.8729934024025,0.0,0.0,-414.8016884577,414.8016884577,0.0,0.0,0.0,0.0,133.48729790582416,0.0,0.0,0.0,0.0,0.0,-379.7355536329934,-379.7355536329934,0.0,0.0,0.0,0.0,0.0,0.0,0.0,-379.6906505814586,0.0,0.0,0.0,-718.9693844312735,-159.14469014716855,0.0,0.0,0.0,0.0,0.0,0.0,0.0,0.0,0.0,-397.53281299562855,0.0,0.0,0.0,0.0,-850.5405372230537,0.0,0.0,0.0,0.0,0.0,0.0,-917.7491037886397,816.9947226160288,-816.9947226160288,0.0,0.0,0.0,0.0,0.0,0.0,0.0,0.0,0.0,0.0,0.0,0.0,0.0,0.0,0.0,0.0,0.0,0.0,0.0,0.0,0.0,0.0,0.0,81.29892368655332,394.2612553077705,0.0,0.0,0.0,0.0,57.35197167906608,0.0,0.0,0.0,0.0,-3.954462071828013,394.2612553077705,0.0,0.0,0.0,0.0,0.0,0.0,0.0,0.0,3.691030836157662,0.0,163.3377030726491,0.0,801.7375108546698,-958.7880951311267,951.439975414091,0.0,-394.2612553077705,0.0,0.0,0.0,-568.4813018951843,0.0,0.0,0.0,-4.525479210511605,0.0,0.0,95.47499792077576,0.0,0.0,95.47499792077579,0.0,0.0,-126.53616075373903,0.0,0.0,0.0,0.0,67.92754210291578,0.0,0.0,0.0,0.0,0.0,0.0,0.0,-251.14759614963472,0.0,0.0,0.0,0.0,0.0,0.0,-3.954462071828013,-0.06735457730214078,0.0,0.0,0.0,0.0,0.04490305153476053,0.0,0.0,0.0,612.6889161747526,757.675003905762,0.0,-85.36604235923105,621.5293753918694,159.14469014716855,911.6917166696569,0.0,0.0,0.0,0.0,0.0,0.0,0.0,-3.8661527371428064,0.0,3.8661527371428064,0.0,-708.5317206337091,0.0,0.0,0.0,0.0,0.0,0.0,0.0,0.0,0.0,0.0,0.0,0.0,0.0,0.0,0.0,0.0,0.0,0.0,0.0,-1000.0,0.0,610.1515958903535,2.2451525767380076,0.0,0.0,0.0,-7.148565804334236,0.0,0.0,0.0,0.0,0.0,-910.3246491774562,0.0,595.0363990191117,661.3249519808716,759.0416733645629,0.0,0.0,-64.32811162869784,0.0,0.0,-597.2815515958498,-159.286202162496,-662.4475282692406,-2.2451525767380263,-132.38317653478134,0.0,-463.7198545585027,0.0,585.8158468738015,176.80861853307727,0.0,0.0,0.0,0.0,0.0,0.0,0.0,0.0,0.0,0.0,234.53549905730836,0.0,0.0,-128.6328605348934,0.0,0.0,0.0,0.0,0.0,-7.908924143656026,0.0,0.0,0.0,0.0,0.0,0.0,0.0,-95.50969484652394,0.08980610306956699,0.0,0.0,0.0,0.0,0.0,0.0,0.0,803.3661161444047,0.0,0.0,0.0,0.0,0.0,0.0,0.0,0.0,0.0,0.0,0.0,0.049393356688162506,0.049393356688162506,0.0,0.0,0.0,26.941830920856315,0.0,0.0,0.0,0.0,0.0,0.0,0.0,0.0,0.0,569.5938630859703,0.0,0.0,0.0,513.4849287669492,0.0,0.0,0.0,0.0,0.0,0.0,0.0,0.0,0.0,0.0,286.95239039688494,-612.6889161747526,0.0,0.0,3.4575349681765744,0.0,582.3207910817548,0.0,-57.35197167906608,0.0,569.5938630859703,0.0,474.08416823944634,0.0,0.0,0.0,0.0,0.0,0.0,0.0,0.0,0.0,0.0,0.0,0.0,0.0,0.0,0.0,0.0,0.0,26.941830920856315,0.0,0.0,0.0,0.0,0.0,0.0,0.0,0.0,0.0,0.0,0.0,0.0,0.4490305153476053,0.0,0.0,0.0,0.0,0.0,-917.7491037886397,0.0,0.0,176.80861853307727,-513.4849287669492,0.0,0.0,0.0,0.0,0.0,0.0,0.0,0.0,0.0,0.0,204.12689277666618,0.0,13.470915460428158,13.470915460428158,310.40650825120287,0.0,0.0,0.0,0.0,0.0,0.0,0.0,0.0,286.38151201159474,0.0,291.46827936629086,0.04490305153476053,0.0,0.0,0.0,59.300894273299086,11.483890635739531,803.3661161444047,-582.3207910817548,0.0,0.0,0.0,0.0,0.0,0.0,0.0,0.0,0.0,0.0,0.0,0.0,0.0,0.0,0.04490305153476053,0.0,0.0,0.0,0.0,0.0,0.0,0.0,0.0,610.1515958903535,0.0,290.432717772842,0.0,-295.33613100043783,-1000.0,-3.3677288651070394,-2.2451525767380263,0.0,0.0,0.0,0.0,0.0,0.0,0.0,0.0,0.0,0.0,0.0,0.0,0.0,159.14469014716855,0.0,0.0,124.34114489203691,0.0,0.0,0.0,-0.04490305153476053,0.0,0.0,0.04490305153476053,0.0,0.04490305153476053,0.0,151.28297581289323,0.0,26.941830920856315,54.78172287240784,54.78172287240784,0.0,0.0,0.0,0.0,0.0,0.0,0.0,0.0,0.0,0.0,0.0,0.0,0.0,0.0,0.0,0.0,0.0,0.0,0.0,0.0,0.0,0.0,0.0,0.0,0.0,0.0,0.0,57.35197167906608,0.0,-693.1263990406951,693.1263990406951,0.06735457730214078,0.0,0.0,0.0,-176.80861853307727,0.0,0.0,0.0,0.0,0.0,0.0,2.2451525767380263,0.0,0.0,0.0,0.0,0.0,0.0,0.0,0.0,0.0,0.0,0.0,0.0,0.0,0.0,0.0,0.0,513.4849287669492,146.7749210976001,0.0,0.0,316.0193896930479,11.483890635739531,0.0,-7.148565804334236,295.33613100043783,-288.187565196104,0.0,-623.2630247675921,0.0,2.2451525767380263,825.4797999050002,0.0,0.0,0.0,-7.908924143656026,0.0,0.0,0.0,0.0,0.0,0.0,0.0,0.0,0.0,400.9005418607356,-10.103186595321233,54.78172287240784,0.0,0.0,0.0,0.0,0.0,0.0,0.0,0.0,0.0,3.691030836157662,0.0,0.0,0.0,-59.300894273299086,-974.8006633853723,0.0,13.470915460428158,0.0,0.0,0.0,0.0,-19.598774563735503,0.0,0.0,0.049393356688162506,0.0,0.0,0.0,27.39086143620392,0.0,0.0,0.0,0.0,81.29892368655332,0.0,0.0,0.0,0.0,0.0,0.0,0.0,0.0,1000.0,0.0,0.0044903051534760565,0.0044903051534760565,0.0,0.0,0.0,0.0,0.0,0.0,0.0,0.0,0.0,0.0,0.0,0.0,0.0,0.0,0.0,0.0,0.0,0.0,0.0,0.0,0.0,0.0,0.0,0.0,0.0,0.0,0.0,0.0,649.7952606095862,0.0,-682.5494698179664,0.0,0.0,0.0,26.941830920856315,0.0,0.0,0.0,0.0,0.0,0.0,-26.941830920856315,0.0,0.0,0.0,0.0,0.0,0.0,0.0,0.0,0.0,0.0,0.0,0.0,0.0,0.0,30.758590301310967,-176.80861853307727,0.0,0.0,999.8203877938608,0.0,0.0,0.0,0.0,0.0,0.0,0.0,0.0,0.0,0.0,0.0,0.0,0.0,0.0,0.0,0.0,0.0,-5.6128814418450474,0.0,-3.3677288651070394,6.735457730214087,0.0,0.0,0.0,0.0,0.0,0.0,-0.5612881441845066,7.908924143656026,0.0,0.0,0.0,0.0,0.0,0.0,0.0,1000.0,13.470915460428158,13.470915460428158,0.0,0.0,0.0,0.0,0.0,0.049393356688162506,0.0,0.0,0.0,-999.8203877938608,0.0,0.0,0.0,0.0,0.0,0.0,0.0,0.0,0.0,0.0,0.0,0.0,0.0,0.0,119.5976576108734,0.0,0.0,0.0,0.0,47.14820411149855,3.4575349681765744,0.0,0.0,0.0,0.0,0.0,0.0,0.0,0.0,0.0,0.0,0.0,-5.6128814418450474,0.0,0.0,0.0,0.0,0.0,0.0,0.0,0.0,0.0,0.0,0.0,0.0,0.0,0.0,0.0,0.0,0.0,0.0,-0.04490305153476053,0.0,0.0,2.2451525767380263,-569.5938630859703,0.0,0.0,0.0,0.0,0.0,0.0,0.0,0.0,3.8661527371428064,1.1225762883690131,0.0,0.0,605.2140596318416,0.04490305153476053,0.0,44.90305153476052,-13.91994597577576,8.980610306952105,0.3207360823911466,125.27951378198185,-0.03367728865107039,2.2451525767380645,0.8980610306952106,-0.22451525767391484,-125.27951378198185,13.470915460428158,-0.04490305153476058,0.0,0.0,0.011225762883690132,0.3207360823911466,0.0,-7.148565804334236,-0.8980610306952106,-75.12553408779559,-0.04490305153476053,0.011225762883690132,-125.27951378198185,4.4903051534760525,0.04490305153476053,0.04490305153476053,0.09429640822292304,0.049393356688236585,-84.02580421078443,-0.03367728865107039,13.470915460428158,0.04490305153476053,176.80861853307727,140.88617730526883,-0.022451525767380263,-49.461493695039735,-61.88717988407689,-0.03367728865107039,-0.04490305153476053,-13.91994597577576,0.04490305153476053,4.4903051534760525,-0.8980610306952106,57.35197167906608,57.35197167906608,-4.4903051534760525,75.12553408779559,-57.35197167906608,8.980610306952105,0.06735457730214078,-535.8979020552496,4.4903051534760525,-286.95239039688494,0.0,-8.980610306952105,0.022451525767380263,0.4490305153476053,21.34151058980776,8.980610306952105,-0.04490305153476053,-10.103186595321233,-0.09429640822292304,13.91994597577576,0.04490305153476053,7.148565804334236,-217.22136491436177,0.0,-0.04490305153476053,-0.011225762883690132,0.0,-0.04490305153476053,-95.50969484652394,0.044903051534732105,-0.011225762883690132,-0.011225762883690132,-0.011225762883690132,17.96122061390421,-140.88617730526883,0.4490305153476053,74.47069791958008,-0.011225762883690132,42.68302117961552,2.2451525767380263,50.0,0.04490305153476053,0.022451525767380263,0.022451525767380263,4.4903051534760525,13.91994597577576,0.04490305153476053,-13.91994597577576,0.4490305153476053,0.04490305153476053,-156.87699714710917,0.04490305153476053,0.1796122061391543,0.22451525767391484,0.022451525767380263,0.011225762883690132,13.470915460428158,-0.04490305153476053,84.02580421078443,0.4490305153476053,-148.94139583916015,1.122576288368975,-4.4903051534760525,8.980610306952105,2.2451525767380263,-0.04490305153476053,0.0,0.06735457730214078,-0.04490305153476053,-8.980610306952105,13.91994597577576,150.8686590572728,0.022451525767380263,-100.0,-0.04490305153476053,-0.044903051534732105,-0.04490305153476053,0.022451525767380263,125.27951378198185,-8.980610306952105,0.04490305153476053,42.68302117961552,-0.011225762883690132,-0.049393356688236585,-42.68302117961552,6.735457730214078,61.88717988407689,0.0,125.27951378198185,-0.03367728865107039,10.103186595321233,-8.980610306952105,0.04490305153476053,-0.01122576288369013,2.2451525767380263,44.90305153476052,-0.022451525767380263,-0.04490305153476053,0.011225762883690132,16.20253880431691,0.0,535.8754505294822,82.40629922752909,-255.0,0.0,596.3063862735452,10.491533196821399,0.0,-80.0,-255.0,-325.0,0.0,40.0,127.5,127.5,0.0,-5.245766598410699,0.0,-131.2698844935373,0.0,325.0,-131.2698844935373,-596.3063862735452,404.51872301721545,0.0,1496.5981,hplb
241,0.0,0.0,0.0,0.0,0.0,0.0,0.0,0.0,-0.07322250739573788,0.0,0.0,0.0,0.0,0.0,0.0,0.0,695.5269240344031,-7.158012257769617,0.0,-618.131200362338,0.0,0.0,0.0,437.37530030325684,0.0,262.5361632880161,0.0,0.0,0.0,266.6853864065782,157.1542831045795,-157.1542831045795,0.0,0.0,0.0,0.0,0.0,999.7071099704173,0.0,-1000.0,959.2849626155939,0.0,0.0,-174.1042593378594,0.0,0.0,0.0,0.0,-788.108051103122,0.0,0.0,0.0,0.0,0.08054475813538409,0.0,0.0,0.0,0.0,0.0,0.0,-42.558982988918046,0.0,0.0,-91.38170358069723,962.9045605703714,0.0,0.0,0.0,141.57894562100108,1000.0,0.0,0.7322250739573789,0.0,0.0,0.0,0.0,0.0,0.0,0.0,0.0,0.0,0.0,0.0,0.0,43.933504437442735,0.0,0.0,939.1862019347611,-1000.0,451.07815083163916,-0.01830562684893447,0.0,0.0,-776.1446875475843,21.966752218721368,0.0,150.28817259750429,0.0,0.0,0.0,0.0,3.661125369786894,266.6853864065782,0.0,0.0,-39.789115366301466,0.0,0.0,0.0,0.0,0.0,0.0,0.0,0.0,0.0,0.0,0.0,0.0,0.0,0.0,0.0,0.0,0.0,0.0,-1000.0,0.0,0.0,150.28817259750429,0.0,22.698977292678745,0.0,0.0,0.0,0.0,0.0,0.0,-48.82272059177918,0.0,0.0,0.0,0.0,0.0,0.0,0.0,0.0,5.638133069471814,0.07322250739573788,0.0,0.0,0.0,0.0,0.0,0.0,0.0,0.0,0.0,63.191437470946646,0.0,0.0,0.0,0.0,0.0,778.7194567661772,778.7194567661772,0.0,0.0,0.0,0.0,-1000.0,0.0,0.0,935.9469623781524,0.0,0.0,0.0,246.51634118151588,0.0,0.0,0.0,0.0,0.0,0.0,0.0,0.0,0.0,0.0,-976.4202909280575,0.0,0.0,0.0,0.0,-896.1610019147963,0.0,0.0,0.0,0.0,0.0,0.0,0.0,848.9218491683608,-848.9218491683608,48.82272059177918,0.0,0.0,0.0,0.0,0.0,0.0,0.0,-1000.0,0.0,0.0,0.0,0.0,0.0,0.0,0.0,0.0,0.0,0.0,0.0,0.0,0.0,26.22638215084794,57.61042333707803,-174.1042593378594,0.0,0.0,0.0,0.0,162.60452675303048,0.0,0.0,0.0,0.0,-42.558982988918046,0.0,157.1542831045795,0.0,0.0,0.0,0.0,0.0,0.0,0.0,159.5120478427226,14.644501479147577,128.32142037878293,0.0,980.1633080573702,-868.7585411109906,1000.0,0.0,174.1042593378594,0.0,0.0,48.82272059177918,-910.6685409771998,0.0,0.0,0.0,-49.84622908505682,0.0,0.0,-1000.0,0.0,781.079184003285,-1000.0,0.0,781.079184003285,-151.07815083163916,0.0,72.55448571661407,0.0,0.0,-7.136451710700953,0.0,0.0,0.0,-208.30132018797894,0.0,208.30132018797894,0.0,1000.0,0.0,0.0,-872.594237794698,0.0,0.0,0.0,-42.558982988918046,-0.10983376109360682,0.0,0.0,0.0,0.0,0.07322250739573788,0.0,0.0,0.0,374.93353412975983,695.5269240344031,0.0,-381.85228638467294,-286.2436271244615,0.0,1000.0,0.0,71.11803009289089,0.0,-39.789115366301466,0.0,0.0,0.0,184.69712375759553,-116.63797752410392,-139.1771763263824,-1000.0,-1000.0,0.0,0.0,0.0,0.0,0.0,0.0,0.0,0.0,0.0,0.0,0.0,0.0,0.0,0.0,0.0,0.0,0.0,0.0,0.0,-1000.0,0.0,0.0,0.0,0.0,0.0,0.0,-7.9958978076150515,0.0,0.0,0.0,0.0,0.0,-1000.0,2.828163226870032,0.0,0.0,975.0590319031029,-161.06643385092843,-1000.0,849.5814884736527,-1000.0,-2.828163226870032,-3.661125369786894,0.0,-1.830562684893447,996.3388746302131,-1000.0,0.0,-3.661125369786894,-616.19706255027,1000.0,150.28817259750429,0.0,0.0,0.0,607.9516695183198,0.0,0.0,0.0,-26.22638215084794,26.22638215084794,26.22638215084794,-340.90657415898914,0.0,0.0,-64.19948263663906,0.0,0.0,0.0,0.0,0.0,-133.94068656961528,0.0,468.7500000000002,109.57313521309821,0.0,0.0,0.0,0.0,-92.67774926042621,0.1464450147913946,0.0,0.0,0.0,0.0,0.0,0.0,0.0,0.0,0.0,903.2992186257287,0.0,0.0,0.0,0.0,0.0,0.0,0.0,0.0,0.0,0.08054475813538409,0.08054475813538409,157.1542831045795,291.5818806717004,0.0,43.933504437442735,0.0,0.0,0.0,1000.0,0.0,0.0,0.0,0.0,0.0,-50.99600129833441,-1000.0,0.0,0.0,166.52342415138605,0.0,0.0,109.57313521309821,0.0,0.0,0.0,0.0,0.0,0.0,0.0,333.3333333333333,-374.93353412975983,0.0,0.0,5.638133069471814,0.0,-987.571934892394,211.42724734480967,0.0,0.0,-50.99600129833441,0.0,-143.67375055876062,0.0,0.0,0.0,26.22638215084794,0.0,0.0,0.0,0.0,0.0,0.0,0.0,0.0,0.0,0.0,0.0,0.0,0.0,43.933504437442735,48.82272059177918,48.82272059177918,0.0,0.0,0.0,0.0,0.0,0.0,0.0,0.0,0.0,0.0,0.7322250739573789,0.0,157.1542831045795,0.0,0.0,157.1542831045795,0.0,0.0,0.0,150.28817259750429,-166.52342415138605,0.0,0.0,0.0,0.0,0.0,0.0,0.0,0.0,0.0,-288.38762726637884,0.0,0.0,21.966752218721368,21.966752218721368,980.2278575966037,-1000.0,0.0,109.57313521309821,0.0,0.0,0.0,0.0,0.0,-266.6853864065782,0.0,-215.92387597907464,0.07322250739573788,0.0,0.0,0.0,96.70078137427129,13.099518527823285,0.0,776.1446875475843,0.0,0.0,0.0,0.0,0.0,0.0,0.0,0.0,0.0,0.0,0.0,0.0,0.0,0.0,0.07322250739573788,0.0,0.0,0.0,0.0,0.0,0.0,0.0,0.0,0.0,-543.8584941120267,535.8625963044117,0.0,0.0,-1000.0,-5.491688054680342,-3.661125369786894,0.0,0.0,656.2499999999999,656.25,-656.2499999999999,0.0,0.0,0.0,0.0,0.0,0.0,0.0,48.82272059177918,0.0,0.0,0.0,1000.0,0.0,0.0,0.0,-0.07322250739573788,0.0,0.0,0.07322250739573788,0.0,0.07322250739573788,0.0,238.27972699527237,0.0,43.933504437442735,89.33145902280023,89.33145902280023,0.0,0.0,0.0,0.0,0.0,0.0,0.0,0.0,0.0,0.0,0.0,0.0,0.0,191.00158164436863,0.0,0.0,0.0,0.0,0.0,0.0,0.0,0.0,0.0,0.0,0.0,0.0,0.0,211.42724734480967,0.0,-24.25643629274373,24.25643629274373,0.10983376109360682,0.0,0.0,0.0,-150.28817259750429,0.0,0.0,0.0,0.0,0.0,-291.5818806717004,3.661125369786894,0.0,0.0,0.0,0.0,1000.0,464.13740369558826,0.0,0.0,468.7500000000002,0.0,0.0,0.0,0.0,0.0,48.82272059177918,0.0,166.52342415138605,384.96708234613305,265.35549852085245,0.0,-10.619328978929047,-26.68959683847818,0.0,1000.0,0.0,-1000.0,0.0,-1000.0,0.0,3.661125369786894,715.4134027557254,0.0,0.0,-157.1542831045795,-133.94068656961528,0.0,0.0,0.0,0.0,0.0,0.0,0.0,0.0,0.0,965.4369148186969,0.0,89.33145902280023,0.0,-603.0427694078901,-603.0427694078901,760.1970525124696,0.0,0.0,0.0,0.0,0.0,159.5120478427226,0.0,0.0,308.05694483574143,-1000.0,0.0,0.0,21.966752218721368,0.0,0.0,0.0,0.0,-77.14690537615272,0.0,0.0,0.08054475813538409,0.0,0.0,0.0,44.665729511400116,0.0,0.0,0.0,0.0,57.61042333707803,0.0,0.0,0.0,0.0,0.0,0.0,0.0,0.0,569.2318180478646,0.0,0.007322250739573997,0.007322250739573997,0.0,0.0,0.0,0.0,0.0,0.0,0.0,0.0,0.0,0.0,157.1542831045795,0.0,0.0,0.0,0.0,291.5818806717004,0.0,0.0,0.0,0.0,0.0,0.0,0.0,0.0,0.0,0.0,0.0,0.0,56.72009919725166,0.6489831227087848,-7.158012257769617,0.0,0.0,0.0,43.933504437442735,0.0,0.0,0.0,0.0,0.0,0.0,-43.933504437442735,0.0,0.0,0.0,0.0,0.0,0.0,0.0,0.0,0.0,157.1542831045795,157.1542831045795,0.0,215.92387597907464,-1000.0,241.15899921044908,-1000.0,849.7118274024957,0.0,999.7071099704173,0.0,0.0,0.0,0.0,0.0,0.0,0.0,0.0,0.0,640.6249999999999,0.0,-640.6249999999999,-640.625,0.0,0.0,0.0,0.0,-9.152813424467237,48.82272059177918,-5.491688054680342,185.5098935896883,0.0,0.0,0.0,0.0,0.0,-0.9152813424467237,0.0,133.94068656961528,0.0,0.0,0.0,0.0,0.0,0.0,0.0,1000.0,21.966752218721368,21.966752218721368,0.0,0.0,0.0,0.0,0.0,0.08054475813538409,291.5818806717004,0.0,0.0,-999.7071099704173,0.0,0.0,0.0,0.0,0.0,0.0,0.0,0.0,0.0,0.0,0.0,0.0,0.0,0.0,0.0,0.0,0.0,0.0,0.0,76.8836327655248,0.0,0.0,5.638133069471814,0.0,0.0,0.0,291.5818806717004,0.0,-467.79852906537513,0.0,0.0,0.0,-9.152813424467237,0.0,0.0,0.0,0.0,0.0,0.0,0.0,0.0,0.0,0.0,0.0,0.0,0.0,0.0,0.0,0.0,0.0,0.0,-0.07322250739573788,0.0,0.0,3.661125369786894,50.99600129833441,0.0,0.0,0.0,0.0,48.82272059177918,0.0,0.0,0.0,-184.69712375759553,1.830562684893447,0.0,0.0,262.5361632880161,0.07322250739573788,0.0,73.22250739573788,-22.698977292678745,14.644501479147578,0.5230179099695563,204.2907956341087,-0.05491688054680341,3.661125369786894,1.4644501479147578,-0.366112536978474,-204.2907956341087,21.966752218721368,-0.07322250739573788,13.263038455433822,109.57313521309821,0.01830562684893447,0.5230179099695563,-39.789115366301466,-11.657023177401811,155.6898329566647,-70.23771141429556,-0.07322250739573788,0.01830562684893447,-204.2907956341087,7.322250739573788,0.07322250739573788,0.07322250739573788,-291.4281134061693,0.08054475813531188,0.0,-0.05491688054680341,21.966752218721368,0.07322250739573788,150.28817259750429,91.71016668091399,-0.03661125369786894,16.386793261656287,-170.0,-0.05491688054680341,-0.07322250739573788,-22.698977292678745,0.07322250739573788,7.322250739573788,-1.4644501479147578,211.42724734480967,211.42724734480967,-7.322250739573788,70.23771141429556,-211.42724734480967,14.644501479147577,0.10983376109360682,-318.99918616537354,7.322250739573788,-333.3333333333333,109.57313521309821,-14.644501479147577,0.03661125369786894,0.7322250739573789,95.46307159616823,280.0,-0.07322250739573788,-308.05694483574143,291.4281134061693,22.698977292678745,0.07322250739573788,11.657023177401811,-106.61529404056988,109.57313521309821,-0.07322250739573788,-0.01830562684893447,-109.57313521309821,-0.07322250739573788,-92.67774926042621,0.07322250739579182,-0.01830562684893447,-0.01830562684893447,-0.01830562684893447,29.289002958295153,-91.71016668091399,0.7322250739573789,137.41469169060656,-0.01830562684893447,177.66310473690265,3.661125369786894,50.0,0.07322250739573788,0.03661125369786894,0.03661125369786894,62.108818346122895,22.698977292678745,0.07322250739573788,-22.698977292678745,0.7322250739573789,0.07322250739573788,-303.7466247381851,0.07322250739573788,0.2928900295827267,0.366112536978474,0.03661125369786894,0.01830562684893447,21.966752218721368,-0.07322250739573788,0.0,-77.84491647833235,-274.8293833812131,1.8305626848934478,-7.322250739573788,14.644501479147577,3.661125369786894,-0.07322250739573788,39.789115366301466,0.10983376109360682,-0.07322250739573788,-124.21763669224579,22.698977292678745,243.89639783536853,0.03661125369786894,-100.0,-0.07322250739573788,-0.07322250739579182,-0.07322250739573788,0.03661125369786894,204.2907956341087,-14.644501479147577,0.07322250739573788,190.92614319233647,-0.01830562684893447,-0.08054475813531188,-190.92614319233647,10.983376109360682,170.0,7.807828589106331,204.2907956341087,-0.05491688054680341,308.05694483574143,-280.0,0.07322250739573788,-0.01830562684893447,3.661125369786894,73.22250739573788,-0.03661125369786894,-0.07322250739573788,0.01830562684893447,0.0,0.0,18.962574911675674,166.33193304757856,-255.0,0.0,411.4698007814282,-28.30781425192406,0.0,-80.0,-255.0,-4.025172500218529,-300.0,40.0,127.5,127.5,0.0,14.15390712596203,-291.5818806717004,-166.74949245921582,300.0,4.025172500218529,-166.74949245921582,-411.4698007814282,255.38142204121215,0.0,1496.5981,hplb
242,0.0,0.0,0.0,0.0,0.0,0.0,0.0,0.0,-0.03982095614668349,0.0,0.0,0.0,0.0,0.0,0.0,0.0,664.1758527314585,635.8241472685415,0.0,-1000.0,0.0,0.0,0.0,207.19235445080392,0.0,0.0,0.0,0.0,0.0,-715.0655346774133,0.0,0.0,139.1199568691584,0.0,0.0,0.0,0.0,-258.33392059623554,0.0,-1000.0,1000.0,0.0,-787.6209784613067,263.2687034846482,0.0,0.0,0.0,0.0,-1000.0,0.0,0.0,0.0,0.0,0.04380305176127805,0.0,0.0,0.0,7.9641912293366985,0.0,0.0,247.85304493842844,0.0,458.7708944162652,-47.45589207454549,0.0,0.0,0.0,0.0,754.0798314292391,0.0,0.0,0.39820956146683495,0.0,0.0,0.0,0.0,0.0,0.0,0.0,0.0,0.0,0.0,-36.180215728267726,0.0,23.892573688010096,0.0,0.0,242.72103591343716,-721.4548168180213,335.8838787027616,-0.009955239036670872,0.0,0.0,165.97808342918498,11.946286844005048,0.0,11.946286844005048,0.0,0.0,0.0,0.0,1.9910478073341746,-1000.0,0.0,0.0,0.0,0.0,0.0,0.0,0.0,0.0,0.0,0.0,0.0,0.0,0.0,0.0,0.0,0.0,0.0,0.0,0.0,0.0,0.0,-1000.0,0.0,0.0,11.946286844005048,0.0,12.344496405471881,12.344496405471881,0.0,0.0,881.5485412151806,-881.5485412151806,881.5485412151806,0.0,0.0,0.0,-754.0798314292391,0.0,0.0,0.0,0.0,0.0,39.24642935156237,0.03982095614668349,0.0,0.0,0.0,0.0,0.0,0.0,0.0,0.0,0.0,63.415663452314355,0.0,0.0,0.0,0.0,0.0,455.27333290808366,455.27333290808366,0.0,0.0,0.0,0.0,0.0,0.0,0.0,455.31315386423034,0.0,0.0,0.0,-328.8573474330302,0.0,0.0,0.0,0.0,0.0,0.0,0.0,0.0,0.0,0.0,0.0,0.0,0.0,0.0,0.0,-868.297401901332,0.0,0.0,0.0,0.0,0.0,0.0,787.6209784613067,490.92420472067204,-490.92420472067204,0.0,0.0,0.0,0.0,0.0,0.0,0.0,284.9344653225866,-687.9418107476722,0.0,0.0,0.0,0.0,0.0,0.0,0.0,0.0,0.0,0.0,0.0,0.0,0.0,0.0,-84.0716175413266,263.2687034846482,0.0,0.0,0.0,0.0,165.97808342918498,0.0,0.0,0.0,0.0,247.85304493842844,0.0,0.0,0.0,0.0,0.0,0.0,0.0,0.0,0.0,1.2822347879227,0.0,0.0,0.0,1000.0,-1000.0,521.2662190954159,0.0,-263.2687034846482,0.0,0.0,754.0798314292391,-83.08106793535121,0.0,0.0,0.0,-397.840465168023,0.0,0.0,-1000.0,0.0,0.0,-1000.0,0.0,0.0,-230.53061209734926,0.0,884.0273160757763,0.0,0.0,-30.18862296899428,0.0,0.0,0.0,715.8736196366222,0.0,-715.8736196366222,0.0,455.233511951937,754.0798314292391,0.0,-687.9418107476722,0.0,0.0,0.0,247.85304493842844,-0.059731434220025234,0.0,0.0,0.0,0.0,0.03982095614668349,0.0,0.0,0.0,689.0907968402194,664.1758527314585,0.0,-261.53275845682515,67.90345126854777,0.0,710.6159650802931,0.0,734.5191219186518,0.0,0.0,0.0,0.0,0.0,806.0235749137663,-720.3093056596879,-820.2333911727303,-886.5962382027301,-1000.0,0.0,0.0,0.0,0.0,0.0,0.0,0.0,0.0,0.0,0.0,0.0,0.0,0.0,0.0,0.0,0.0,0.0,86.49258060463221,0.0,344.6672173762809,0.0,0.0,0.0,0.0,0.0,0.0,-40.528664139485066,0.0,36.180215728267726,0.0,0.0,0.0,-33.77052576955123,-852.8063371758574,998.0089521926658,95.41403598337313,0.0,-1000.0,-334.12878668559,-1000.0,957.1623144832253,852.8063371758574,-1000.0,971.7783447698615,-96.40955988704022,332.13773887825585,144.02829244811653,0.0,-536.3638112186127,466.7813246106831,41.334823616615836,11.946286844005048,0.0,0.0,0.0,0.0,0.0,0.0,0.0,0.0,0.0,0.0,-321.12834531663214,0.0,0.0,0.0,0.0,0.0,284.9344653225866,0.0,0.0,-258.3737415523822,0.0,0.0,301.33032176371194,0.0,0.0,0.0,0.0,-96.01790438533165,0.07964191229337944,0.0,0.0,0.0,0.0,0.0,0.0,0.0,0.0,0.0,0.0,0.0,0.0,0.0,0.0,0.0,0.0,0.0,0.0,0.0,0.04380305176127805,0.04380305176127805,0.0,212.06152494339213,0.0,23.892573688010096,0.0,0.0,0.0,566.0324844776574,0.0,0.0,0.0,0.0,0.0,84.01377049460461,-566.0324844776574,0.0,0.0,0.0,0.0,0.0,301.33032176371194,0.0,0.0,0.0,0.0,0.0,0.0,0.0,333.3333333333333,-689.0907968402194,0.0,0.0,3.0662136232946438,0.0,0.0,165.97808342918498,0.0,0.0,84.01377049460461,0.0,-12.004133890727033,0.0,0.0,0.0,0.0,0.0,0.0,0.0,0.0,0.0,0.0,0.0,0.0,0.0,0.0,0.0,0.0,0.0,23.892573688010096,754.0798314292391,754.0798314292391,0.0,0.0,0.0,0.0,0.0,0.0,0.0,0.0,0.0,0.0,0.39820956146683495,0.0,0.0,0.0,0.0,0.0,787.6209784613067,0.0,0.0,11.946286844005048,0.0,0.0,0.0,0.0,0.0,0.0,0.0,0.0,0.0,0.0,128.17302404241443,0.0,0.0,11.946286844005048,11.946286844005048,1000.0,-566.0324844776574,0.0,301.33032176371194,0.0,0.0,0.0,0.0,0.0,886.5962382027301,284.9344653225866,1000.0,0.03982095614668349,0.0,0.0,0.0,3.2112756778289757,0.0,0.0,-165.97808342918498,0.0,-754.0798314292391,0.0,0.0,0.0,0.0,0.0,0.0,0.0,0.0,0.0,0.0,0.0,0.0,0.03982095614668349,0.0,0.0,0.0,241.24054333975545,-241.24054333975545,0.0,0.0,0.0,0.0,0.0,253.8261883604314,0.0,0.0,0.0,-2.986571711001262,0.0,-1.9910478073341729,0.0,0.0,0.0,0.0,0.0,0.0,0.0,0.0,0.0,0.0,0.0,754.0798314292391,0.0,0.0,0.0,-493.0379397946626,0.0,0.0,0.0,-0.03982095614668349,0.0,0.0,0.03982095614668349,0.0,0.03982095614668349,0.0,0.0,0.0,23.892573688010096,48.58156649895386,48.58156649895386,0.0,0.0,0.0,0.0,0.0,0.0,36.180215728267726,0.0,0.0,284.9344653225866,0.0,0.0,0.0,809.4521592379957,0.0,0.0,0.0,0.0,0.0,0.0,0.0,0.0,0.0,0.0,0.0,0.0,0.0,165.97808342918498,0.0,0.0,0.0,0.059731434220025234,0.0,0.0,0.0,-11.946286844005048,0.0,0.0,0.0,0.0,0.0,-212.06152494339213,1.9910478073341746,0.0,0.0,0.0,0.0,0.0,-867.0229779725985,-1.9910478073341729,0.0,0.0,0.0,0.0,0.0,0.0,0.0,754.0798314292391,0.0,0.0,0.0,212.06152494339213,0.0,317.0358087706633,0.0,258.1746367716487,-907.5516421120835,36.180215728267726,613.1967896121671,0.0,-131.66263443430506,0.0,1.9910478073341729,820.5428790293557,0.0,0.0,0.0,-258.3737415523822,0.0,0.0,0.0,0.0,0.0,0.0,0.0,0.0,0.0,187.5612690510032,-193.53441247300614,48.58156649895386,0.0,0.0,0.0,0.0,0.0,0.0,0.0,0.0,0.0,1.2822347879227,0.0,0.0,27.4868276033902,-3.2112756778289757,393.43257702817436,-787.6209784613067,11.946286844005048,0.0,0.0,0.0,0.0,-189.35215246920671,0.0,0.0,0.04380305176127805,0.0,0.0,0.0,24.29078324947693,0.0,0.0,0.0,0.0,-84.0716175413266,0.0,0.0,0.0,0.0,0.0,0.0,0.0,0.0,-263.5252623769413,0.0,0.003982095614668349,0.003982095614668349,0.0,0.0,0.0,0.0,0.0,0.0,0.0,0.0,0.0,0.0,0.0,0.0,0.0,0.0,0.0,212.06152494339213,0.0,0.0,0.0,0.0,0.0,0.0,0.0,0.0,0.0,0.0,0.0,0.0,0.0,1000.0,635.8241472685415,0.0,0.0,0.0,23.892573688010096,0.0,0.0,0.0,0.0,0.0,0.0,-23.892573688010096,0.0,0.0,0.0,0.0,0.0,0.0,0.0,0.0,0.0,0.0,0.0,0.0,-1000.0,-1000.0,836.7295141984739,-1.947954393147036,-9.998332450858012,0.0,-258.33392059623554,0.0,0.0,0.0,0.0,0.0,0.0,0.0,0.0,0.0,0.0,0.0,0.0,0.0,0.0,0.0,0.0,0.0,-4.977619518335435,754.0798314292391,-2.986571711001262,1000.0,0.0,0.0,0.0,0.0,0.0,0.0,-0.49776195183354366,258.3737415523822,0.0,0.0,0.0,0.0,0.0,0.0,0.0,1000.0,11.946286844005048,11.946286844005048,0.0,0.0,0.0,0.0,0.0,0.04380305176127805,212.06152494339213,0.0,0.0,258.33392059623554,0.0,0.0,0.0,0.0,0.0,0.0,0.0,0.0,0.0,0.0,0.0,0.0,0.0,0.0,0.0,0.0,0.0,12.344496405471881,0.0,41.81200395401767,39.24642935156237,0.0,0.0,0.0,0.0,0.0,212.06152494339213,0.0,867.0229779725985,0.0,0.0,0.0,-4.977619518335435,0.0,0.0,0.0,0.0,0.0,0.0,0.0,0.0,0.0,0.0,0.0,0.0,0.0,0.0,0.0,0.0,0.0,0.0,-0.03982095614668349,0.0,0.0,1.9910478073341746,-84.01377049460461,0.0,0.0,0.0,0.0,754.0798314292391,0.0,0.0,0.0,-806.0235749137663,0.9955239036670873,0.0,0.0,0.0,0.03982095614668349,0.0,39.82095614668349,0.0,7.9641912293366985,0.28443540104773923,135.7894604601907,-0.029865717110012617,1.9910478073341746,0.7964191229336699,-0.19910478073353488,-135.7894604601907,11.946286844005048,-0.039820956146683496,0.0,301.33032176371194,0.009955239036670874,0.28443540104773923,0.0,-6.339496218551492,-0.7964191229336699,-300.0,-0.039820956146683496,0.009955239036670874,-135.7894604601907,3.9820956146683493,0.039820956146683496,0.03982095614668349,-211.97790093548417,0.043803051761351845,-235.13786125449002,-0.029865717110012617,11.946286844005048,0.039820956146683496,11.946286844005044,-19.910478073341746,-0.019910478073341748,171.72219780217566,-170.0,-0.029865717110012617,-0.039820956146683496,0.0,0.03982095614668349,3.9820956146683493,-0.7964191229336699,165.97808342918498,165.97808342918498,-3.9820956146683493,300.0,-165.97808342918498,7.9641912293366985,0.05973143422002523,-1000.0,3.9820956146683493,-333.3333333333333,301.33032176371194,-7.9641912293366985,0.019910478073341745,0.39820956146683495,65.38318961420629,220.02571617272883,-0.03982095614668349,-221.02124007639634,211.97790093548417,12.344496405471881,0.039820956146683496,6.339496218551492,253.54517438769173,301.33032176371194,-0.03982095614668349,-0.009955239036670874,-301.33032176371194,-0.039820956146683496,-96.01790438533165,0.039820956146683496,-0.009955239036670872,-0.009955239036670872,-0.009955239036670872,15.928382458673397,19.910478073341746,0.39820956146683495,29.502350885173882,-0.009955239036670874,130.76637922841257,1.9910478073341746,50.0,0.03982095614668349,0.019910478073341748,0.019910478073341748,-222.39265921809522,0.0,0.03982095614668349,0.0,0.39820956146683495,0.039820956146683496,-29.502350885173882,0.039820956146683496,0.1592838245868407,0.19910478073353488,0.019910478073341748,0.009955239036670874,11.946286844005048,-0.039820956146683496,235.13786125449002,0.39820956146683495,-59.004701770347765,0.9955239036670873,-3.9820956146683493,7.9641912293366985,1.9910478073341746,-0.039820956146683496,0.0,0.05973143422002523,-0.039820956146683496,444.78531843619044,0.0,335.5762645541749,0.019910478073341748,-100.0,-0.039820956146683496,-0.039820956146683496,-0.039820956146683496,0.019910478073341748,135.7894604601907,-7.9641912293366985,0.03982095614668349,130.76637922841257,-0.009955239036670872,-0.043803051761351845,-130.76637922841257,5.973143422002524,170.0,547.5719321963633,135.7894604601907,-0.029865717110012614,221.02124007639634,-220.02571617272883,0.039820956146683496,-0.009955239036670876,1.9910478073341729,39.82095614668349,-0.019910478073341748,-0.039820956146683496,0.009955239036670874,1000.0,0.0,894.6268229165144,0.0,-255.0,0.0,181.07857076682342,-140.0,0.0,-80.0,313.1641540872954,-325.0,-105.35326660541233,40.0,127.5,-156.5820770436477,0.0,70.0,-212.06152494339213,-146.22411208496817,105.35326660541233,325.0,-146.22411208496817,-181.07857076682342,-38.224349617768326,0.0,1496.5981,hplb
243,0.0,0.0,0.0,0.0,0.0,0.0,0.0,0.0,532.4785209968085,0.0,0.0,0.0,0.0,0.0,0.0,0.0,610.4407836734197,-322.56393736043185,0.0,-93.90381187994093,0.0,0.0,0.0,932.4973336137812,0.0,277.31097354251705,0.0,0.0,0.0,-556.0416250634239,0.0,0.0,0.0,0.0,0.0,0.0,0.0,325.57566538824096,0.0,-1000.0,977.1146325707052,0.0,0.0,0.0,0.0,0.0,0.0,0.0,-643.7065445518979,-261.8394586403713,0.0,-236.82675410385147,0.0,0.08391301390748973,0.0,0.0,0.0,15.25691161952987,0.0,0.0,-68.34278753702586,0.0,907.294839158282,838.9520516212561,0.0,0.0,0.0,0.0,10.748960800079566,764.2745371415891,0.0,0.7628455809764936,0.0,0.0,0.0,0.0,0.0,0.0,0.0,0.0,0.0,0.0,0.0,0.0,45.77073485858961,0.0,0.0,-411.0842251496547,-837.2269673739422,389.6736431637267,415.1681497548049,0.0,0.0,0.0,22.885367429294806,0.0,22.885367429294806,0.0,0.0,0.0,0.0,3.8142279048824674,-556.0416250634239,0.0,0.0,-41.0832791152986,0.0,0.0,0.0,0.0,0.0,0.0,0.0,0.0,0.0,0.0,0.0,0.0,0.0,0.0,0.0,0.0,0.0,0.0,-668.7680745326024,0.0,0.0,22.885367429294806,0.0,23.6482130102713,23.6482130102713,0.0,0.0,0.0,0.0,0.0,0.0,-968.7500000000009,968.7500000000009,0.0,0.0,0.0,0.0,0.0,0.0,5.87391097351897,0.07628455809764935,415.1872208943293,0.0,0.0,0.0,0.0,0.0,0.0,0.0,0.0,14.565207232616666,0.0,0.0,0.0,0.0,0.0,294.1464281257422,294.1464281257422,0.0,0.0,0.0,0.0,173.6336507715962,0.0,0.0,294.22271268383986,0.0,0.0,0.0,-565.8423003300318,0.0,0.0,0.0,0.0,0.0,0.0,0.0,0.0,0.0,0.0,0.0,0.0,0.0,0.0,0.0,-1000.0,0.0,0.0,0.0,0.0,0.0,261.8394586403713,236.82675410385147,598.5037336426716,-598.5037336426716,0.0,0.0,0.0,0.0,0.0,0.0,0.0,0.0,-699.7924813817361,0.0,0.0,0.0,0.0,0.0,0.0,0.0,0.0,0.0,0.0,0.0,0.0,0.0,41.884455926080534,-69.48617676094027,352.4806318380506,0.0,0.0,0.0,0.0,162.2952596321374,0.0,0.0,0.0,0.0,-68.34278753702586,352.4806318380506,0.0,0.0,0.0,0.0,0.0,0.0,0.0,0.0,25.68906058886137,0.0,0.0,0.0,1000.0,-435.73070101661386,-219.46028195502953,0.0,-352.4806318380506,0.0,0.0,0.0,-399.2901584496875,0.0,0.0,0.0,231.07467365088974,0.0,0.0,-1000.0,0.0,0.0,-1000.0,0.0,0.0,-238.72323373127062,0.0,1000.0,261.8394586403713,0.0,97.83508348084689,0.0,0.0,0.0,-55.89156725885607,0.0,55.89156725885607,0.0,1000.0,0.0,0.0,-42.276807849202555,0.0,0.0,0.0,-68.34278753702586,-0.11442683714647402,0.0,0.0,0.0,0.0,0.07628455809764935,0.0,0.0,0.0,789.1303123497064,610.4407836734197,0.0,-267.46632690324236,469.9408386516372,0.0,1000.0,0.0,154.65891274075102,0.0,-41.0832791152986,0.0,0.0,0.0,845.341087259249,0.0,-1000.0,0.0,-1000.0,0.0,0.0,0.0,0.0,0.0,0.0,0.0,0.0,0.0,0.0,0.0,0.0,0.0,0.0,0.0,0.0,0.0,-951.4301699218856,0.0,-1000.0,0.0,0.0,23.232697818116403,0.0,0.0,633.8764335424304,-31.56297156238034,0.0,0.0,0.0,0.0,0.0,456.9358095970382,0.0,-816.2183095352474,-1.9071139524412337,-467.68477039711775,0.0,0.0,45.3736548100585,0.0,0.0,812.4040816303649,399.50273559743295,0.0,-3.8142279048824674,-1000.0,0.0,0.0,495.2887222336754,725.4385351781965,22.885367429294806,0.0,0.0,0.0,0.0,0.0,532.5548055549061,0.0,-41.884455926080534,41.884455926080534,41.884455926080534,270.62138153613085,0.0,0.0,-705.9298564323555,0.0,0.0,0.0,0.0,0.0,-136.6855750740517,0.0,0.0,0.0,0.0,0.0,0.0,0.0,-92.37154419023507,0.15256911619537675,0.0,0.0,0.0,0.0,0.0,0.0,0.0,0.0,0.0,775.0234979416687,0.0,0.0,0.0,0.0,0.0,0.0,0.0,0.0,0.0,0.08391301390748973,0.08391301390748973,0.0,306.62754430655065,0.0,45.77073485858961,0.0,0.0,0.0,413.0133526541303,0.0,0.0,0.0,0.0,0.0,816.6384202923123,-413.0133526541303,0.0,0.0,352.4650562844606,0.0,0.0,0.0,0.0,0.0,0.0,0.0,0.0,0.0,0.0,222.92269151086748,-789.1303123497064,0.0,0.0,5.87391097351897,0.0,26.389804148831445,-26.389804148831445,-188.68506378096885,0.0,-385.04246505859487,0.0,1000.0,-275.7331238979227,0.0,0.0,41.884455926080534,0.0,0.0,0.0,0.0,0.0,0.0,0.0,0.0,0.0,0.0,0.0,0.0,0.0,45.77073485858961,0.0,0.0,0.0,0.0,0.0,0.0,0.0,0.0,0.0,0.0,0.0,0.0,0.7628455809764936,0.0,0.0,0.0,0.0,0.0,236.82675410385147,0.0,0.0,22.885367429294806,-352.4650562844606,0.0,0.0,0.0,0.0,0.0,0.0,0.0,0.0,0.0,540.9882000900539,0.0,0.0,22.885367429294806,22.885367429294806,1000.0,-413.0133526541303,0.0,0.0,0.0,0.0,0.0,0.0,0.0,-443.9583749365761,0.0,-134.92905942835685,0.07628455809764935,0.0,0.0,0.0,6.151804720874722,10.204985959637861,0.0,0.0,0.0,0.0,0.0,0.0,0.0,0.0,92.43699118083902,0.0,0.0,0.0,0.0,0.0,0.0,0.0,0.07628455809764935,0.0,0.0,0.0,659.597537424184,-659.597537424184,0.0,0.0,0.0,0.0,-938.5707391282688,930.2404653840048,0.0,0.0,-48.569830078114364,-5.721341857323701,-3.8142279048824674,0.0,0.0,0.0,0.0,0.0,0.0,0.0,0.0,0.0,0.0,0.0,0.0,0.0,0.0,0.0,0.0,729.252763083079,0.0,0.0,0.0,532.4785209968085,0.0,0.0,0.07628455809764935,0.0,0.07628455809764935,277.31097354251705,0.0,0.0,45.77073485858961,93.0671608791322,93.0671608791322,0.0,0.0,0.0,0.0,0.0,0.0,0.0,0.0,0.0,0.0,0.0,0.0,0.0,851.9091877114566,0.0,0.0,0.0,0.0,0.0,0.0,0.0,0.0,0.0,0.0,0.0,0.0,0.0,162.2952596321374,0.0,0.0,0.0,0.11442683714647402,0.0,0.0,0.0,-22.885367429294806,0.0,0.0,0.0,0.0,0.0,-306.62754430655065,3.8142279048824674,0.0,0.0,0.0,0.0,-173.6336507715962,0.0,0.0,0.0,0.0,0.0,0.0,0.0,0.0,0.0,0.0,0.0,352.4650562844606,378.69294045791645,264.7430883804701,0.0,309.7430883804701,-30.878293155660735,0.0,907.0077675658885,0.0,-907.0077675658885,0.0,-492.3573193288197,0.0,3.8142279048824674,1000.0,0.0,0.0,0.0,-136.6855750740517,-49.49734153732277,49.49734153732277,-839.6921001389522,839.6921001389522,0.0,0.0,0.0,0.0,0.0,142.36947043121972,-153.81215414586723,93.0671608791322,0.0,0.0,0.0,0.0,0.0,0.0,0.0,0.0,0.0,25.68906058886137,0.0,0.0,169.97941573265462,-781.1753026625433,0.0,0.0,22.885367429294806,0.0,0.0,0.0,0.0,-123.40927576158202,0.0,0.0,0.08391301390748973,0.0,0.0,0.0,46.5335804395661,0.0,0.0,0.0,0.0,-69.48617676094027,0.0,0.0,0.0,0.0,0.0,0.0,0.0,0.0,0.0,0.0,0.007628455809764935,0.007628455809764935,0.0,0.0,0.0,0.0,0.0,277.31097354251705,0.0,0.0,0.0,0.0,0.0,0.0,0.0,0.0,0.0,306.62754430655065,0.0,0.0,0.0,0.0,0.0,0.0,0.0,261.8394586403713,0.0,0.0,0.0,0.0,720.097965018852,1000.0,-322.56393736043185,0.0,0.0,0.0,45.77073485858966,0.0,0.0,0.0,0.0,0.0,-1000.0,954.2292651414103,0.0,0.0,0.0,0.0,0.0,0.0,0.0,0.0,0.0,0.0,0.0,0.0,38.59523457715518,-1000.0,904.1641100083465,0.0,-22.885367429294806,0.0,48.26469184572392,0.0,0.0,0.0,0.0,0.0,0.0,0.0,0.0,0.0,0.0,0.0,0.0,0.0,0.0,0.0,0.0,0.0,-9.535569762206169,0.0,-5.721341857323701,1000.0,0.0,0.0,0.0,0.0,0.0,-1000.0,999.0464430237794,136.6855750740517,0.0,0.0,0.0,0.0,0.0,0.0,0.0,903.6661751487983,22.885367429294806,22.885367429294806,0.0,0.0,0.0,0.0,0.0,0.08391301390748973,306.62754430655065,0.0,0.0,-325.57566538824096,0.0,0.0,0.0,0.0,0.0,0.0,0.0,0.0,0.0,0.0,0.0,0.0,0.0,0.0,0.0,0.0,0.0,23.6482130102713,0.0,80.09878600253182,5.87391097351897,0.0,0.0,0.0,0.0,0.0,306.62754430655065,0.0,19.418469913233935,0.0,0.0,0.0,-9.535569762206169,0.0,0.0,0.0,0.0,0.0,0.0,0.0,0.0,0.0,0.0,0.0,0.0,0.0,0.0,0.0,0.0,0.0,0.0,-0.07628455809764935,0.0,0.0,3.8142279048824674,-816.6384202923123,0.0,0.0,0.0,0.0,0.0,0.0,0.0,0.0,-845.341087259249,1.9071139524412337,0.0,0.0,277.31097354251705,0.07628455809764935,0.0,76.28455809764934,0.0,15.256911619529872,0.5448897006974953,260.1303431129843,-0.05721341857323701,3.8142279048825003,1.5256911619529872,276.92955075202894,-260.1303431129843,22.885367429294806,-0.07628455809764935,13.6944263717662,0.0,0.019071139524412337,0.5448897006974953,-41.0832791152986,-12.144501649146378,-1.5256911619529872,-193.9730344330469,-0.07628455809764935,0.019071139524412337,-260.1303431129843,7.628455809764935,0.07628455809764935,0.07628455809764935,-306.4673467345455,0.08391301390741429,0.0,-0.05721341857323701,22.885367429294806,0.07628455809764935,22.885367429294806,-38.142279048824676,-0.038142279048824675,67.60135099798053,-170.0,-0.05721341857323701,-0.07628455809764935,0.0,0.07628455809764935,7.628455809764935,-1.5256911619529872,162.2952596321374,162.2952596321374,-7.628455809764935,193.9730344330469,-162.2952596321374,15.25691161952987,0.11442683714647402,-1000.0,7.628455809764935,-222.92269151086748,0.0,-15.25691161952987,0.038142279048824675,0.7628455809764936,66.86658172581059,280.0,-0.07628455809764935,-323.79156987852184,306.4673467345455,23.6482130102713,0.07628455809764935,12.144501649146378,-91.54146971717921,0.0,-0.07628455809764935,-0.019071139524412337,0.0,-0.07628455809764935,-92.37154419023507,0.07628455809787672,-0.019071139524412337,-0.019071139524412337,-0.019071139524412337,30.51382323905974,38.142279048824676,0.7628455809764936,56.51732198059818,-0.019071139524412337,120.03873707985498,3.8142279048824674,50.0,0.07628455809764935,0.038142279048824675,0.038142279048824675,7.628455809764935,0.0,0.07628455809764935,0.0,0.7628455809764936,0.07628455809764935,-56.51732198059818,0.07628455809764935,0.3051382323905045,-276.92955075202894,0.038142279048824675,0.019071139524412337,22.885367429294806,-0.07628455809764935,0.0,0.7628455809764936,-113.03464396119637,1.9071139524412501,-7.628455809764935,15.25691161952987,3.8142279048824674,-0.07628455809764935,41.0832791152986,0.11442683714647402,-0.07628455809764935,-15.25691161952987,0.0,321.87078162373336,0.038142279048824675,-100.0,-0.07628455809764935,-0.07628455809787672,-0.07628455809764935,0.038142279048824675,260.1303431129843,-15.25691161952987,0.07628455809764935,133.73316345162118,-0.019071139524412337,-0.08391301390741429,-133.73316345162118,11.4426837146474,170.0,79.61084306178617,260.1303431129843,-0.05721341857323701,323.79156987852184,-280.0,0.07628455809764935,-0.01907113952441234,3.8142279048824674,76.28455809764934,-0.038142279048824675,-0.07628455809764935,0.019071139524412337,1000.0,0.0,849.0114482884951,0.0,-255.0,0.0,735.972319390502,-32.564181889618865,0.0,95.09043508733623,-255.0,-325.0,-150.95040943245607,-47.545217543668116,127.5,127.5,0.0,16.282090944809433,-306.62754430655065,-198.46150586215137,150.95040943245607,325.0,-198.46150586215137,-735.972319390502,409.94266664895815,0.0,1496.5981,hplb
244,0.0,0.0,0.0,0.0,0.0,0.0,0.0,0.0,-0.0946338541910763,0.0,0.0,0.0,0.0,0.0,0.0,0.0,0.0,0.0,0.0,226.43288082173126,0.0,0.0,0.0,0.0,0.0,0.0,0.0,0.0,0.0,-172.3836271672403,13.246496551148995,-13.246496551148995,532.1591742427412,0.0,0.0,0.0,0.0,999.6214645832355,0.0,-1000.0,971.6098437426771,0.0,0.0,0.0,0.0,0.0,0.0,0.0,172.3836271672403,-709.4434210714367,0.0,0.0,0.0,0.10409723961041456,0.0,0.0,0.0,0.0,0.0,0.0,69.43421198771728,0.0,632.3520789442715,455.23489414040495,0.0,0.0,0.0,0.0,0.0,0.0,0.0,0.9463385419107629,0.0,0.0,0.0,0.0,0.0,0.0,0.0,0.0,0.0,0.0,-127.0032651977008,0.0,56.78031251464577,0.0,0.0,0.0,0.0,110.1940560943783,-0.023658463547769074,0.0,0.0,0.0,28.390156257322886,0.0,28.390156257322886,-507.56425219510146,0.0,0.0,0.0,4.731692709553815,-172.3836271672403,0.0,0.0,0.0,0.0,0.0,0.0,0.0,0.0,0.0,0.0,0.0,0.0,0.0,0.0,0.0,0.0,0.0,0.0,0.0,0.0,0.0,-547.4777503838606,0.0,0.0,28.390156257322886,0.0,29.336494799233648,0.0,0.0,-588.1090266172982,588.1090266172982,0.0,0.0,-1000.0,0.0,0.0,753.4486032084162,0.0,0.0,0.0,0.0,0.0,134.2900719704137,0.0946338541910763,0.0,0.0,0.0,0.0,-413.3789144021635,0.0,0.0,127.0032651977008,0.0,478.2463890205899,0.0,0.0,0.0,0.0,0.0,333.0940426508924,333.0940426508924,0.0,0.0,0.0,0.0,-1000.0,0.0,0.0,346.4351730562325,0.0,0.0,0.0,-430.2222586036224,-736.4556056628822,0.0,0.0,0.0,0.0,0.0,0.0,0.0,0.0,0.0,-713.402319996644,0.0,0.0,0.0,0.0,-1000.0,0.0,0.0,0.0,0.0,0.0,709.4434210714367,0.0,110.05210531309169,-110.05210531309169,246.55139679158384,0.0,0.0,0.0,0.0,0.0,0.0,0.0,-292.3770882099363,0.0,0.0,0.0,0.0,0.0,0.0,0.0,0.0,0.0,0.0,0.0,0.0,0.0,93.25335475693288,453.5340492958711,0.0,0.0,0.0,0.0,0.0,-111.34044695751032,0.0,0.0,0.0,0.0,69.43421198771728,0.0,13.246496551148995,0.0,0.0,0.0,0.0,0.0,0.0,0.0,212.20472127727453,18.92677083821526,0.0,0.0,110.05210531309169,0.0,282.435732480332,0.0,0.0,0.0,0.0,246.55139679158384,0.0,0.0,0.0,0.0,260.7926469084415,0.0,0.0,-907.5939671505583,0.0,0.0,-907.5939671505583,0.0,0.0,110.05210531309169,0.0,164.10135896758266,709.4434210714367,0.0,128.8175033590294,0.0,0.0,0.0,143.1800078186107,0.0,-143.1800078186107,0.0,346.24590534785034,0.0,0.0,-762.9155559554986,0.0,0.0,0.0,69.43421198771728,-0.14195078128661442,0.0,0.0,0.0,0.0,0.0946338541910763,0.0,0.0,0.0,624.194172631329,0.0,0.0,-837.8453392223508,622.2533856129625,736.4556056628822,1000.0,0.0,0.0,0.0,0.0,0.0,0.0,0.0,-8.147974845851898,8.147974845851898,0.0,-1000.0,204.79599941603757,0.0,0.0,0.0,0.0,0.0,0.0,0.0,0.0,0.0,0.0,0.0,0.0,0.0,0.0,0.0,0.0,0.0,483.7031792488383,0.0,-516.2968207511617,127.0032651977008,0.0,703.4752668162738,0.0,0.0,0.0,-333.248296696539,0.0,0.0,0.0,521.680375756529,0.0,0.0,0.0,0.0,902.9896082176255,-8.147974845851898,0.0,0.0,0.0,-649.1048604248132,0.0,-4.731692709553815,151.09497919144437,-905.3554545724023,-4.731692709553815,-626.6053552075099,0.0,-407.50202558182355,1000.0,-147.11277322554383,28.390156257322886,0.0,0.0,0.0,0.0,0.0,0.0,0.0,-93.25335475693288,93.25335475693288,93.25335475693288,-158.17735325857944,0.0,0.0,0.0,0.0,0.0,0.0,0.0,0.0,-107.68297281614927,0.0,0.0,0.0,0.0,0.0,0.0,0.0,11.764978636384752,0.189267708382431,0.0,0.0,0.0,0.0,0.0,0.0,0.0,0.0,0.0,0.0,0.0,0.0,0.0,0.0,0.0,0.0,0.0,0.0,0.0,0.10409723961041456,0.10409723961041456,13.246496551148995,354.32658391871763,0.0,56.78031251464577,0.0,0.0,0.0,1000.0,0.0,0.0,0.0,0.0,0.0,426.3468197406192,-1000.0,0.0,0.0,0.0,0.0,0.0,0.0,0.0,0.0,0.0,0.0,0.0,0.0,0.0,182.49258346128684,-624.194172631329,413.3789144021635,0.0,7.286806772712907,0.0,864.7890501659265,-864.7890501659265,-1000.0,0.0,426.3468197406192,0.0,438.11179837700394,0.0,0.0,0.0,93.25335475693288,0.0,0.0,0.0,0.0,0.0,0.0,0.0,0.0,0.0,0.0,0.0,0.0,0.0,56.78031251464577,246.55139679158378,246.55139679158384,0.0,0.0,0.0,0.0,0.0,0.0,0.0,0.0,0.0,0.0,0.9463385419107629,0.0,13.246496551148995,0.0,0.0,13.246496551148995,0.0,0.0,0.0,28.390156257322886,0.0,0.0,0.0,0.0,0.0,0.0,0.0,0.0,0.0,0.0,41.82592051685403,-423.21893844690027,0.0,28.390156257322886,28.390156257322886,1000.0,-1000.0,0.0,0.0,0.0,0.0,0.0,0.0,0.0,172.3836271672403,0.0,622.217324507624,0.0946338541910763,0.0,0.0,0.0,124.97752358134353,394.2505824203642,0.0,0.0,0.0,0.0,0.0,0.0,0.0,0.0,0.0,0.0,0.0,0.0,0.0,0.0,0.0,0.0,0.0946338541910763,0.0,0.0,0.0,0.0,0.0,0.0,0.0,0.0,0.0,0.0,1000.0,0.0,-629.7730298802652,-1000.0,-7.0975390643307215,-4.731692709553812,0.0,0.0,718.75,718.75,-718.75,0.0,0.0,0.0,0.0,0.0,0.0,0.0,246.55139679158378,736.4556056628822,0.0,0.0,-549.8831060978135,0.0,0.0,0.0,-0.0946338541910763,0.0,0.0,0.0946338541910763,0.0,0.0946338541910763,0.0,0.0,0.0,56.78031251464577,115.45330211311307,115.45330211311307,0.0,0.0,0.0,0.0,0.0,0.0,0.0,413.3789144021635,0.0,0.0,0.0,0.0,0.0,0.0,0.0,0.0,0.0,0.0,0.0,0.0,0.0,0.0,0.0,0.0,0.0,0.0,0.0,135.21094983407352,0.0,-135.18903182025167,135.18903182025167,0.14195078128661442,0.0,0.0,0.0,-28.390156257322886,0.0,0.0,0.0,0.0,0.0,-354.32658391871763,4.731692709553815,0.0,0.0,0.0,0.0,1000.0,333.248296696539,0.0,0.0,0.0,0.0,0.0,0.0,0.0,0.0,246.55139679158378,0.0,0.0,-527.090362008059,261.07322916178475,0.0,719.4521435639483,394.2505824203642,0.0,0.0,629.7730298802652,-629.7730298802652,127.0032651977008,-115.45330211311307,0.0,4.731692709553812,632.1960623009629,0.0,0.0,-13.246496551148995,-107.68297281614927,0.0,0.0,0.0,0.0,0.0,0.0,0.0,0.0,0.0,699.2072418679825,0.0,115.45330211311307,0.0,313.38152846650996,313.38152846650996,-300.13503191536097,0.0,0.0,0.0,0.0,0.0,212.20472127727453,0.0,0.0,375.61920111170986,-124.97752358134353,0.0,0.0,28.390156257322886,0.0,0.0,0.0,0.0,203.6394214813511,0.0,0.0,0.10409723961041456,0.0,0.0,0.0,57.726651056556534,0.0,0.0,0.0,0.0,453.5340492958711,0.0,0.0,0.0,0.0,0.0,0.0,0.0,0.0,317.8247390306262,0.0,0.009463385419107517,0.009463385419107517,0.0,0.0,0.0,0.0,0.0,0.0,0.0,0.0,0.0,0.0,13.246496551148995,0.0,0.0,0.0,0.0,354.32658391871763,0.0,0.0,0.0,0.0,0.0,0.0,0.0,709.4434210714367,0.0,0.0,0.0,0.0,0.0,562.9178669565542,0.0,0.0,0.0,0.0,56.78031251464577,0.0,0.0,0.0,0.0,0.0,-56.78031251464577,0.0,0.0,0.0,0.0,0.0,0.0,0.0,0.0,0.0,0.0,13.246496551148995,13.246496551148995,0.0,582.5786749084136,-1000.0,64.82419012088724,-875.12292062062,846.7327643632971,0.0,999.6214645832355,0.0,0.0,0.0,0.0,0.0,0.0,0.0,0.0,0.0,0.0,0.0,0.0,0.0,0.0,0.0,0.0,0.0,-11.829231773884533,246.55139679158384,-7.0975390643307215,-7.097539064330704,0.0,0.0,0.0,0.0,0.0,0.0,-1.1829231773884537,234.68623801385007,0.0,0.0,0.0,0.0,0.0,0.0,0.0,1000.0,28.390156257322886,28.39015625732289,0.0,0.0,0.0,0.0,0.0,0.10409723961041456,354.32658391871763,0.0,0.0,-999.6214645832355,0.0,0.0,0.0,0.0,0.0,0.0,0.0,0.0,0.0,0.0,0.0,0.0,0.0,0.0,67.59451591012584,0.0,0.0,0.0,0.0,99.3655469006301,7.286806772712907,0.0,0.0,0.0,0.0,0.0,354.32658391871763,0.0,-142.0689747849205,0.0,0.0,0.0,-11.829231773884533,0.0,0.0,0.0,0.0,0.0,0.0,0.0,0.0,0.0,0.0,0.0,0.0,0.0,0.0,0.0,0.0,0.0,0.0,-0.0946338541910763,0.0,0.0,4.731692709553815,-426.3468197406192,0.0,0.0,0.0,0.0,246.55139679158384,0.0,0.0,0.0,8.147974845851898,2.3658463547769073,0.0,0.0,0.0,0.0946338541910763,0.0,94.63385419107628,-29.336494799233648,18.92677083821526,0.6759561013648306,264.02845319310285,-0.07097539064330723,4.731692709553815,1.8926770838215259,-0.47316927095559724,-264.02845319310285,28.39015625732289,-0.0946338541910763,0.0,0.0,0.023658463547769074,0.6759561013648306,0.0,-15.0657095872197,11.353819467327469,-226.43288082173126,-0.0946338541910763,0.023658463547769074,-264.02845319310285,9.46338541910763,0.0946338541910763,0.0946338541910763,-354.1278528249161,0.10409723961018381,-126.14361318599225,-0.07097539064330723,28.390156257322886,0.0946338541910763,28.390156257322886,-47.31692709553815,-0.04731692709553815,-352.10277583459765,101.7824276842116,-0.07097539064330723,-0.0946338541910763,-29.336494799233648,0.0946338541910763,9.46338541910763,-1.8926770838215259,135.21094983407352,135.21094983407352,-9.46338541910763,226.43288082173126,-135.21094983407352,18.92677083821526,0.14195078128661445,-1000.0,9.46338541910763,-182.49258346128684,0.0,-18.92677083821526,0.04731692709553815,0.9463385419107629,209.4613348055877,280.0,-0.0946338541910763,-375.61920111170986,354.1278528249161,29.336494799233648,0.0946338541910763,15.0657095872197,-113.56062502929154,0.0,-0.0946338541910763,-0.023658463547769074,0.0,-0.0946338541910763,11.764978636384752,0.0946338541910763,-0.023658463547769074,-0.023658463547769074,-0.023658463547769074,37.85354167643052,47.31692709553815,0.9463385419107629,70.11185672381521,-0.023658463547769074,418.9226696111754,4.731692709553815,-1.1507966086385615,0.0946338541910763,0.04731692709553815,0.04731692709553815,9.46338541910763,29.336494799233648,0.0946338541910763,-29.336494799233648,0.9463385419107629,0.0946338541910763,-70.11185672381521,0.0946338541910763,0.37853541676452096,0.47316927095559724,0.04731692709553815,0.023658463547769074,28.390156257322886,-0.0946338541910763,126.14361318599225,-5.676909733663734,-140.22371344763042,2.365846354776907,-9.46338541910763,18.92677083821526,4.731692709553815,-0.0946338541910763,0.0,0.14195078128661445,-0.0946338541910763,-18.926770838215248,29.336494799233648,49.87619873342214,0.04731692709553815,2.301593217277116,-0.0946338541910763,-0.0946338541910763,-0.0946338541910763,0.04731692709553815,264.02845319310285,-18.92677083821526,0.0946338541910763,418.9226696111754,-0.023658463547769074,-0.10409723961018381,-418.9226696111754,14.195078128661441,-101.78242768421163,499.1631600435418,264.02845319310285,-0.07097539064330723,375.61920111170986,-280.0,0.0946338541910763,-0.023658463547769078,526.4120684660828,94.63385419107628,-0.04731692709553815,-0.0946338541910763,0.023658463547769074,0.0,0.0,779.7065216654345,0.0,25.076568153245375,0.0,296.40768775042386,-140.0,0.0,-80.0,-255.0,-325.0,-220.24616140746997,40.0,-12.538284076622688,127.5,0.0,70.0,-354.32658391871763,-253.51562021477324,220.24616140746997,325.0,-253.51562021477324,-296.40768775042386,200.2524636803039,0.0,1496.5981,hplb
245,0.0,0.0,0.0,0.0,0.0,0.0,0.0,0.0,-0.01611524943010887,0.0,0.0,0.0,0.0,0.0,0.0,0.0,-182.90684958339898,385.9432323320425,0.0,0.0,0.0,0.0,0.0,718.2760406901073,0.0,0.0,0.0,0.0,0.0,-1000.0,148.09581391947475,-148.09581391947475,107.81816671483568,0.0,0.0,0.0,0.0,999.9355390022804,0.0,-1000.0,1000.0,0.0,0.0,1000.0,0.0,0.0,0.0,0.0,0.0,-412.43668324312324,0.0,-365.81369916679796,0.0,0.01772677437316391,0.0,0.0,0.0,3.223049886021774,0.0,0.0,-191.62146626952497,0.0,-589.5859713400315,-781.2074376095565,0.0,0.0,0.0,0.0,0.0,0.0,0.0,0.1611524943010887,0.0,0.0,0.0,0.0,0.0,0.0,0.0,0.0,0.0,0.0,649.014825945181,0.0,9.669149658065322,0.0,140.83697866322245,327.1579169992233,-307.02838383397875,300.0,-0.004028812357527217,0.0,0.0,0.0,4.834574829032661,0.0,100.67306406950003,-148.6147249511232,0.0,0.0,649.014825945181,226.10421169499782,-1000.0,0.0,0.0,-31.825686272758873,0.0,0.0,0.0,0.0,0.0,0.0,0.0,0.0,0.0,0.0,0.0,0.0,0.0,0.0,0.0,0.0,0.0,0.0,-221.94231103782988,0.0,0.0,100.67306406950003,0.0,4.995727323333749,0.0,0.0,-157.07584826829992,157.07584826829992,0.0,0.0,-640.1389024647082,0.0,0.0,640.1389024647082,0.0,0.0,0.0,0.0,0.0,-506.9369730758401,0.01611524943010887,0.0,0.0,0.0,-678.2230498860217,0.0,0.0,0.0,0.0,0.0,-112.02422689258192,0.0,0.0,0.0,0.0,0.0,516.2075664839492,516.2075664839492,0.0,0.0,0.0,0.0,141.21121692299695,0.0,0.0,664.3194956528541,0.0,0.0,0.0,-1000.0,-751.5152853393613,0.0,0.0,0.0,0.0,0.0,0.0,0.0,0.0,0.0,-155.7630341496765,0.0,0.0,0.0,0.0,-1000.0,0.0,0.0,0.0,0.0,0.0,412.43668324312324,365.81369916679796,307.02838383397875,-307.02838383397875,0.0,0.0,0.0,0.0,0.0,0.0,0.0,0.0,-2.0144061787636094,0.0,0.0,0.0,0.0,0.0,0.0,0.0,0.0,0.0,0.0,0.0,0.0,0.0,360.73782159736834,680.5076388985327,817.093150416601,0.0,0.0,0.0,0.0,0.0,0.0,0.0,0.0,0.0,-191.62146626952497,-182.90684958339898,148.09581391947475,0.0,0.0,0.0,0.0,0.0,0.0,0.0,0.0,0.0,95.83848924046737,0.0,117.06897754245574,-496.98779012550176,1000.0,0.0,-817.093150416601,0.0,0.0,0.0,32.64540930118704,0.0,0.0,0.0,109.49306808164056,0.0,0.0,-1000.0,0.0,0.0,-1000.0,0.0,0.0,0.0,0.0,0.0,412.43668324312324,0.0,44.961545910003736,0.0,0.0,0.0,-476.64738742019244,0.0,476.64738742019244,0.0,815.8958486104465,0.0,0.0,475.7042041411338,0.0,0.0,0.0,-191.62146626952497,-0.024172874145163302,0.0,0.0,0.0,0.0,0.01611524943010887,0.0,0.0,0.0,899.3269359305,-182.90684958339898,0.0,-21.217124181839246,76.76083486454812,751.5152853393613,992.354049073315,0.0,-294.7446013717836,0.0,-31.825686272758873,0.0,0.0,0.0,423.53048303717384,-128.78588166539026,0.0,-696.8549442206408,-1000.0,0.0,0.0,0.0,0.0,0.0,0.0,0.0,0.0,0.0,0.0,0.0,0.0,0.0,0.0,0.0,0.0,0.0,0.0,0.0,-1000.0,0.0,0.0,0.0,0.0,0.0,0.0,655.0327869953148,0.0,0.0,0.0,0.0,225.29844922349236,128.78588166539026,0.0,63.48892041664101,593.053458766669,0.0,-94.19173595032454,-777.0175640424791,-446.61718937074784,0.0,0.0,-176.94390749989265,0.0,-593.4563400024217,776.2118015709736,383.8158398406025,0.0,0.0,0.0,-10.474912129570766,100.67306406950003,-906.2500000000186,906.2500000000186,0.0,553.1142882903523,0.0,0.0,0.0,-360.73782159736834,360.73782159736834,360.73782159736834,-1000.0,0.0,0.0,-574.11951944612,0.0,0.0,0.0,0.0,0.0,-101.56897521260504,0.0,0.0,108.31901499618503,0.0,0.0,0.0,0.0,-98.38847505698911,0.0322304988602285,0.0,0.0,0.0,0.0,0.0,0.0,0.0,0.0,0.0,0.0,0.0,0.0,0.0,0.0,0.0,0.0,0.0,0.0,0.0,0.01772677437316391,0.01772677437316391,148.09581391947475,292.61076606193956,0.0,9.669149658065322,0.0,0.0,0.0,1000.0,0.0,0.0,140.83697866322245,0.0,0.0,-602.0596521279584,-1000.0,0.0,0.0,368.3330796696593,0.0,0.0,108.31901499618503,0.0,0.0,0.0,0.0,0.0,0.0,0.0,73.9807703459433,-899.3269359305,678.2230498860217,0.0,142.07785286934083,0.0,0.0,0.0,0.0,0.0,-602.0596521279584,0.0,-700.4481271849476,0.0,0.0,0.0,360.73782159736834,0.0,0.0,0.0,0.0,0.0,0.0,0.0,0.0,0.0,0.0,0.0,0.0,0.0,9.669149658065322,0.0,0.0,0.0,0.0,0.0,0.0,0.0,0.0,0.0,0.0,0.0,0.0,0.1611524943010887,0.0,148.09581391947475,140.83697866322245,-140.83697866322245,148.09581391947475,365.81369916679796,0.0,0.0,100.67306406950003,-368.3330796696593,0.0,0.0,0.0,0.0,0.0,0.0,0.0,0.0,0.0,900.6610193526402,0.0,0.0,4.834574829032661,4.834574829032661,1000.0,-1000.0,0.0,108.31901499618503,0.0,0.0,0.0,0.0,0.0,696.8549442206408,0.0,1000.0,0.01611524943010887,0.0,0.0,-299.70139953939355,320.9838885903423,0.0,0.0,0.0,0.0,0.0,0.0,0.0,0.0,0.0,0.0,0.0,0.0,0.0,0.0,0.0,0.0,0.0,0.01611524943010887,0.0,0.0,0.0,617.7205997189403,-617.7205997189403,0.0,0.0,0.0,0.0,0.0,655.0327869953148,0.0,0.0,-1000.0,-1.2086437072581653,0.0,-0.8057624715054441,0.0,0.0,0.0,0.0,0.0,0.0,0.0,0.0,0.0,0.0,0.0,0.0,751.5152853393613,0.0,0.0,-9.669149658065322,0.0,0.0,0.0,-0.01611524943010887,0.0,0.0,0.01611524943010887,0.0,0.01611524943010887,0.0,0.0,0.0,9.669149658065322,19.66060430473282,19.66060430473282,0.0,0.0,0.0,0.0,0.0,0.0,0.0,678.2230498860217,0.0,0.0,0.0,0.0,0.0,424.91800601310626,0.0,0.0,0.0,0.0,0.0,0.0,0.0,0.0,0.0,0.0,0.0,0.0,0.0,0.0,0.0,0.0,0.0,0.024172874145163302,0.0,0.0,0.0,-100.67306406950003,0.0,0.0,0.0,0.0,0.0,-292.61076606193956,0.8057624715054434,0.0,0.0,0.0,0.0,-141.21121692299695,-655.0327869953148,-0.8057624715054441,0.0,0.0,0.0,0.0,0.0,0.0,0.0,0.0,0.0,368.3330796696593,0.0,-68.12705553542884,0.0,1000.0,-31.825686272758873,0.0,0.0,0.0,0.0,0.0,12.984804996454217,0.0,0.8057624715054441,796.5294929017161,0.0,0.0,-148.09581391947475,-383.24293253904995,0.0,0.0,0.0,0.0,0.0,0.0,0.0,0.0,0.0,153.34574673516022,0.0,19.66060430473282,0.0,0.0,0.0,148.09581391947475,0.0,0.0,0.0,0.0,0.0,0.0,0.0,0.0,296.23669718371406,-21.282489050948776,0.0,0.0,4.834574829032661,140.83697866322245,0.0,0.0,0.0,-283.82970034762576,0.0,0.0,0.01772677437316391,0.0,0.0,0.0,9.83030215236641,0.0,0.0,0.0,0.0,680.5076388985327,0.0,0.0,0.0,0.0,0.0,0.0,0.0,0.0,-1000.0,0.0,0.0016115249430108869,0.0016115249430108869,0.0,0.0,0.0,0.0,0.0,0.0,0.0,0.0,0.0,-299.70139953939355,148.09581391947475,0.0,0.0,0.0,0.0,292.61076606193956,0.0,0.0,0.0,0.0,0.0,0.0,0.0,412.43668324312324,0.0,0.0,0.0,281.6739573264449,0.0,0.0,385.9432323320425,0.0,0.0,0.0,9.669149658065322,0.0,0.0,0.0,0.0,0.0,0.0,-9.669149658065322,0.0,281.6739573264449,0.0,0.0,0.0,0.0,0.0,0.0,0.0,148.09581391947475,148.09581391947475,0.0,-1000.0,-1000.0,435.9569518727308,-100.67306406950003,0.0,0.0,999.9355390022804,0.0,0.0,0.0,0.0,0.0,0.0,0.0,0.0,0.0,403.64583333333326,0.0,-403.64583333333337,-403.6458333333333,0.0,0.0,0.0,0.0,-2.0144061787636094,0.0,-226.50709293075053,423.70936230584806,0.0,0.0,0.0,0.0,0.0,0.0,-0.20144061787636092,101.56897521260504,0.0,0.0,0.0,0.0,0.0,0.0,0.0,1000.0,4.834574829032661,4.834574829032661,0.0,0.0,0.0,0.0,0.0,0.01772677437316391,292.61076606193956,0.0,0.0,-999.9355390022804,0.0,0.0,0.0,0.0,0.0,0.0,0.0,0.0,0.0,0.0,0.0,0.0,0.0,0.0,0.0,0.0,0.0,0.0,0.0,16.921011901614314,142.07785286934083,0.0,0.0,0.0,0.0,0.0,292.61076606193956,0.0,506.41806204419163,0.0,0.0,0.0,-2.0144061787636094,0.0,0.0,0.0,0.0,0.0,0.0,0.0,0.0,0.0,0.0,0.0,0.0,0.0,0.0,0.0,0.0,0.0,0.0,-0.01611524943010887,0.0,0.0,0.8057624715054434,602.0596521279584,0.0,0.0,0.0,0.0,0.0,0.0,0.0,0.0,-423.53048303717384,0.4028812357527217,0.0,0.0,0.0,0.01611524943010887,0.0,16.115249430108868,-4.995727323333749,3.2230498860217742,0.11510892450077763,44.961545910003736,-0.012086437072581651,113.45498708325164,0.3223049886021774,-0.08057624714967915,-44.961545910003736,4.834574829032661,-0.01611524943010887,10.608562090919625,108.31901499618503,0.004028812357527218,0.11510892450077763,-31.825686272758873,-143.40252637249478,147.77350893087257,-203.03638274864352,-0.01611524943010887,0.004028812357527218,-44.961545910003736,1.611524943010887,0.01611524943010887,0.01611524943010887,-292.57692403813627,-140.81925188884932,-142.5552692263071,-0.012086437072581651,4.834574829032661,0.01611524943010887,100.67306406950003,87.78086452541294,-0.008057624715054435,318.2308686644068,-1.6276401924409958,-0.012086437072581651,-0.01611524943010887,-4.995727323333749,0.01611524943010887,1.6115249430108634,-0.3223049886021774,0.0,0.0,-1.611524943010887,203.03638274864352,0.0,3.223049886021774,0.024172874145163302,-755.8245625705317,1.611524943010887,-73.9807703459433,108.31901499618503,-3.223049886021774,0.008057624715054433,0.1611524943010887,5.3042810454598115,-64.90400564940707,-0.01611524943010887,-296.23669718371406,292.57692403813627,4.995727323333749,0.01611524943010887,143.40252637249478,-6.857773560413079,108.31901499618503,-0.01611524943010887,-0.004028812357527217,-108.31901499618503,-0.01611524943010887,-98.38847505698911,0.01611524943010887,-0.004028812357527217,-0.004028812357527217,-0.004028812357527217,6.446099772043548,-87.78086452541294,0.1611524943010887,11.939385421530886,-0.004028812357527217,0.0,0.8057624715054434,50.0,0.01611524943010887,0.008057624715054433,0.008057624715054435,55.7710324411034,4.995727323333749,0.01611524943010887,-4.995727323333749,0.1611524943010887,0.01611524943010887,-11.939385421530886,0.01611524943010887,0.0644609977196069,0.08057624714967915,0.008057624715054435,0.004028812357527218,4.834574829032661,-0.01611524943010887,142.5552692263071,-73.88675446543628,-23.878770843061773,113.05210584749892,-1.6115249430108634,3.223049886021774,0.8057624715054434,-0.01611524943010887,31.825686272758873,0.024172874145163302,-0.01611524943010887,-111.5420648822068,4.995727323333749,366.0674206879194,0.008057624715054435,-100.0,-0.01611524943010887,-0.01611524943010887,-0.01611524943010887,0.008057624715054435,44.961545910003736,-3.223049886021774,0.01611524943010887,10.608562090919623,-0.004028812357527217,140.81925188884932,-10.608562090919623,2.41728741451633,1.6276401924409958,425.39201034826846,44.961545910003736,-0.012086437072581651,296.23669718371406,64.90400564940707,0.01611524943010887,-0.004028812357527218,0.8057624715054441,16.115249430108868,-0.008057624715054433,-0.01611524943010887,0.004028812357527217,0.0,0.0,455.8165049458167,0.0,-255.0,0.0,313.0462613294238,-140.0,0.0,-80.0,475.4883480963848,-325.0,-300.0,40.0,127.5,-237.7441740481924,0.0,70.0,-292.61076606193956,-82.23772034029365,300.0,325.0,-82.23772034029365,-313.0462613294238,159.14625497341302,0.0,1496.5981,hplb
246,0.0,0.0,0.0,0.0,0.0,0.0,0.0,0.0,-0.005047695979897987,0.0,0.0,0.0,0.0,0.0,0.0,0.0,653.0694702605458,646.9305297394542,0.0,-1000.0,0.0,0.0,0.0,0.0,0.0,0.0,0.0,0.0,0.0,16.639118835309365,0.0,0.0,101.50577783184342,0.0,0.0,0.0,0.0,375.01639234393144,0.0,-852.4853193646599,998.4856912060307,0.0,0.0,1000.0,0.0,0.0,0.0,0.0,-669.7085890958552,-750.3479640678995,0.0,0.0,0.0,0.005552465577899568,0.0,0.0,0.0,191.32336030153107,0.0,0.0,-27.762426572476603,0.0,-591.741140228524,-918.7733254335374,0.0,0.0,0.0,0.0,0.0,0.0,0.0,0.05047695979897987,0.0,0.0,0.0,0.0,0.0,0.0,0.0,0.0,0.0,0.0,0.0,0.0,3.0286175879387924,0.0,127.07447902402583,693.1776397375672,-828.5586028600896,152.0276535018016,-0.0012619239949744968,0.0,0.0,-431.7588850965674,1.5143087939693962,0.0,1.5143087939693962,-0.16253581055273075,0.0,0.0,0.0,365.21834965509953,16.639118835309365,0.0,0.0,-38.38266808700083,0.0,560.6661480387645,0.0,0.0,0.0,0.0,0.0,0.0,0.0,0.0,0.0,0.0,0.0,0.0,0.0,0.0,0.0,0.0,-453.5529731412296,0.0,0.0,1.5143087939693962,0.0,1.5647857537683756,1.5647857537683756,0.0,-551.1995747751727,551.1995747751727,0.0,0.0,0.0,-218.75000000000503,218.75000000000503,-299.26975863253693,0.0,0.0,0.0,0.0,0.0,127.46315161447798,0.005047695979897987,0.0,0.0,0.0,-676.0095391959796,0.0,0.0,0.0,0.0,0.0,91.37640236544632,0.0,0.0,0.0,0.0,0.0,201.40621095502448,201.40621095502448,0.0,0.0,0.0,0.0,0.0,0.0,0.0,201.41125865100437,0.0,0.0,0.0,-515.9610012650346,-631.0378479282564,0.0,0.0,0.0,0.0,0.0,0.0,0.0,0.0,0.0,-475.49446256683746,0.0,0.0,0.0,0.0,-1000.0,0.0,0.0,0.0,0.0,0.0,750.3479640678995,0.0,976.530949358288,-976.530949358288,299.26975863253693,0.0,0.0,0.0,0.0,0.0,0.0,0.0,-0.6309619974872487,0.0,0.0,0.0,0.0,0.0,0.0,0.0,0.0,0.0,0.0,0.0,0.0,0.0,151.55635704166014,702.2642896477907,0.0,0.0,0.0,0.0,0.0,-299.26975863253693,0.0,0.0,0.0,0.0,-27.762426572476603,-1000.0,0.0,0.0,0.0,0.0,0.0,0.0,0.0,0.0,0.0,0.0,0.0,0.0,805.0895522183777,-1000.0,1000.0,0.0,0.0,0.0,0.0,299.26975863253693,-993.8418109045244,0.0,0.0,0.0,211.37143268458385,0.0,0.0,-1000.0,0.0,0.0,-1000.0,0.0,0.0,147.9723464981984,0.0,599.9924284560301,750.3479640678995,0.0,17.21264329145213,0.0,0.0,0.0,0.0,0.0,0.0,0.0,-69.7568718979631,0.0,0.0,776.2600971499829,0.0,0.0,0.0,-27.762426572476603,-0.0075715439698469805,0.0,0.0,0.0,0.0,0.005047695979897987,0.0,0.0,0.0,998.4856912060307,653.0694702605458,0.0,-401.19334760533496,591.4469895837198,631.0378479282564,1000.0,0.0,-537.9007676215533,0.0,-38.38266808700083,0.0,0.0,0.0,899.5236774766547,-361.6229098551014,0.0,-1000.0,-1000.0,0.0,0.0,0.0,0.0,0.0,0.0,0.0,0.0,0.0,0.0,0.0,0.0,0.0,0.0,0.0,0.0,0.0,-624.9634168721489,0.0,-1000.0,0.0,0.0,0.0,0.0,0.0,0.0,-127.46315161447798,0.0,0.0,0.0,0.0,364.9659648561046,0.0,0.0,0.0,-331.9759826681278,361.6229098551014,0.0,0.0,-1000.0,93.2449932625434,0.0,-182.73536722704722,1000.0,331.8497902686304,-0.25238479899489935,-144.6707472099502,0.0,-601.8205196520075,0.0,0.0,1.5143087939693962,0.0,0.0,0.0,0.0,0.0,0.0,0.0,-151.55635704166014,151.55635704166014,151.55635704166014,-471.5797951820693,0.0,0.0,-110.06540191506983,0.0,0.0,0.0,0.0,0.0,-100.64565372943844,0.0,0.0,0.0,0.0,0.0,0.0,0.0,24.74044165784176,0.010095391959905988,0.0,0.0,0.0,0.0,0.0,0.0,0.0,0.0,0.0,0.0,0.0,0.0,0.0,0.0,0.0,0.0,0.0,0.0,0.0,0.005552465577899568,0.005552465577899568,0.0,430.54681784568055,0.0,3.0286175879387924,0.0,0.0,0.0,345.39113502356645,0.0,0.0,127.07447902402583,0.0,0.0,-134.2662389458426,-345.39113502356645,0.0,0.0,383.51484213790366,0.0,0.0,0.0,0.0,0.0,0.0,0.0,0.0,0.0,0.0,151.18432438040986,-998.4856912060307,676.0095391959796,0.0,127.46315161447798,0.0,-432.4930217125356,0.7341366159681687,0.7341366159681687,0.0,-134.2662389458426,0.0,0.0,-109.52579728800083,0.0,0.0,151.55635704166014,0.0,0.0,0.0,0.0,0.0,0.0,0.0,0.0,0.0,0.0,0.0,0.0,0.0,3.0286175879387924,299.26975863253693,299.26975863253693,0.0,0.0,0.0,0.0,0.0,0.0,0.0,0.0,0.0,0.0,0.05047695979897987,0.0,0.0,127.07447902402583,-127.07447902402583,0.0,0.0,0.0,0.0,1.5143087939693962,-383.51484213790366,0.0,0.0,0.0,0.0,0.0,0.0,0.0,0.0,0.0,-461.17411263635574,713.1039287789915,0.0,1.5143087939693962,1.5143087939693962,1000.0,-345.39113502356645,0.0,0.0,0.0,0.0,0.0,0.0,0.0,-16.639118835309365,0.0,522.4005087477551,0.005047695979897987,0.0,0.0,0.0,0.40706062580748764,0.0,0.0,431.75888509656744,0.0,0.0,0.0,0.0,0.0,0.0,0.0,0.0,0.0,0.0,0.0,0.0,0.0,0.0,0.005047695979897987,0.0,0.0,0.0,450.38018930847664,-450.38018930847664,0.0,0.0,0.0,0.0,0.0,1000.0,0.0,-502.4997347423291,-1000.0,-0.3785771984923491,0.0,-0.2523847989948996,0.0,781.2499999999999,781.2500000000001,-781.2499999999999,0.0,0.0,0.0,0.0,0.0,0.0,0.0,299.26975863253693,631.0378479282564,0.0,0.0,-601.5681348530127,0.0,0.0,0.0,-0.005047695979897987,0.0,0.0,0.005047695979897987,0.0,0.005047695979897987,0.0,0.0,0.0,3.0286175879387924,6.158189095475545,6.158189095475545,0.0,0.0,0.0,0.0,0.0,0.0,0.0,676.0095391959796,0.0,0.0,0.0,0.0,899.958284100524,0.0,0.0,0.0,0.0,0.0,0.0,0.0,0.0,0.0,0.0,0.0,0.0,0.0,0.0,0.0,0.0,-706.5092724797917,706.5092724797917,0.0075715439698469805,0.0,0.0,0.0,-1.5143087939693962,0.0,0.0,0.0,0.0,0.0,-430.54681784568055,0.25238479899489935,0.0,0.0,0.0,0.0,0.0,0.0,-0.2523847989948996,0.0,0.0,0.0,0.0,0.0,0.0,0.0,299.26975863253693,0.0,383.51484213790366,0.0,278.9904608040204,0.0,1000.0,-38.38266808700083,624.9634168721489,-127.46315161447798,502.4997347423291,-1000.0,0.0,-1000.0,0.0,0.2523847989948996,850.1775742729658,0.0,0.0,0.0,-354.7946117774901,156.25000000000014,-156.25000000000014,473.34321442484617,-473.34321442484617,0.0,0.0,0.0,0.0,0.0,575.1576012678211,-100.42029309796868,6.158189095475545,0.0,0.0,0.0,0.0,0.0,0.0,0.0,0.0,0.0,0.0,0.0,0.0,331.26225634318916,-0.40706062580748764,-26.542303837983688,0.0,1.5143087939693962,127.07447902402583,0.0,0.0,0.0,-20.253750669687264,0.0,0.0,0.005552465577899568,0.0,0.0,0.0,3.079094547737772,0.0,0.0,0.0,0.0,702.2642896477907,0.0,0.0,0.0,0.0,0.0,0.0,0.0,0.0,0.0,0.0,0.0005047695979897987,0.0005047695979897987,0.0,0.0,0.0,0.0,0.0,0.0,0.0,0.0,0.0,0.0,0.0,0.0,0.0,0.0,0.0,430.54681784568055,0.0,0.0,0.0,0.0,0.0,0.0,0.0,750.3479640678995,0.0,0.0,0.0,254.14895804805167,244.62349375031516,-8.200713869048458,646.9305297394542,0.0,0.0,0.0,3.0286175879387924,0.0,0.0,0.0,0.0,0.0,0.0,-3.0286175879387924,0.0,254.14895804805167,0.0,0.0,0.0,0.0,0.0,0.0,0.0,0.0,0.0,0.0,-522.4005087477551,-1000.0,903.4159558467542,-1.5143087939693962,0.0,0.0,375.01639234393144,0.0,0.0,0.0,0.0,0.0,0.0,0.0,0.0,0.0,0.0,0.0,0.0,0.0,0.0,0.0,0.0,0.0,-0.6309619974872487,299.26975863253693,-365.344542054597,1000.0,0.0,0.0,0.0,0.0,0.0,406.8478029897269,-406.91089918947563,100.64565372943844,0.0,0.0,0.0,0.0,0.0,0.0,0.0,1000.0,1.5143087939693962,1.5143087939693962,0.0,0.0,0.0,0.0,0.0,0.005552465577899568,430.54681784568055,0.0,0.0,-375.01639234393144,0.0,0.0,0.0,0.0,0.0,0.0,0.0,0.0,0.0,0.0,0.0,0.0,0.0,0.0,353.25463623989583,0.0,0.0,1.5647857537683756,0.0,5.3000807788928865,127.46315161447798,0.0,0.0,0.0,0.0,0.0,430.54681784568055,0.0,-0.16253581055273075,0.0,0.0,0.0,-0.6309619974872487,0.0,0.0,0.0,0.0,0.0,0.0,0.0,0.0,0.0,0.0,0.0,0.0,0.0,0.0,0.0,0.0,0.0,0.0,-0.005047695979897987,0.0,0.0,0.25238479899489935,134.2662389458426,0.0,0.0,0.0,0.0,299.26975863253693,0.0,0.0,0.0,-899.5236774766547,0.12619239949744968,0.0,0.0,0.0,0.005047695979897987,0.0,5.047695979897987,0.0,1.0095391959795974,0.036054971284985624,17.21264329145213,-0.0037857719849234903,182.73536722704722,0.10095391959795974,-0.025238479899599042,-17.21264329145213,1.5143087939693962,-0.005047695979897987,12.794222695666944,0.0,0.0012619239949744968,0.036054971284985624,-38.38266808700083,-127.87807222402562,-0.10095391959795974,-300.0,-0.005047695979897987,0.0012619239949744968,-17.21264329145213,193.36546681444926,0.005047695979897987,0.005047695979897987,-430.53621768412273,-127.06892655844794,0.0,-0.0037857719849234903,1.5143087939693962,0.005047695979897987,1.5143087939693962,-2.523847989948994,-0.0025238479899489935,-14.611066191444664,298.7599413385672,-0.0037857719849234903,-0.005047695979897987,0.0,0.005047695979897987,0.5047695979897987,-0.10095391959795974,0.0,0.0,-0.5047695979897924,300.0,0.0,1.0095391959795974,0.0075715439698469805,-1000.0,0.5047695979897987,-151.18432438040986,0.0,-1.0095391959795974,0.0025238479899489935,0.05047695979897987,100.29833690133374,280.0,-0.005047695979897987,-431.68254944115785,430.53621768412273,1.5647857537683756,0.005047695979897987,127.87807222402562,-198.91793239233752,0.0,-0.005047695979897987,-0.0012619239949744968,0.0,-0.005047695979897987,24.74044165784176,0.005047695979897987,-0.0012619239949744968,-0.0012619239949744968,-0.0012619239949744968,2.019078391959195,2.523847989948994,0.05047695979897987,3.7397117591072515,-0.0012619239949744968,187.80245110700054,0.25238479899489935,-12.11783602992598,0.005047695979897987,0.0025238479899489935,0.0025238479899489935,0.5047695979897987,0.0,0.005047695979897987,0.0,0.05047695979897987,0.005047695979897987,-3.7397117591072515,0.005047695979897987,0.02019078391970197,0.025238479899599042,0.0025238479899489935,0.0012619239949744968,1.5143087939693962,-0.005047695979897987,0.0,0.05047695979897987,-7.479423518214503,182.60917482754977,-0.5047695979897987,1.0095391959795974,0.25238479899489935,-0.005047695979897987,38.38266808700083,0.0075715439698469805,-0.005047695979897987,-1.0095391959795974,0.0,169.842393580612,0.0025238479899489935,24.23567205985196,-0.005047695979897987,-0.005047695979897987,-0.005047695979912501,0.0025238479899489935,17.21264329145213,-1.0095391959795974,0.005047695979897987,200.59667380266748,-0.0012619239949744968,127.06892655844794,-200.59667380266748,0.757154396984698,-298.7599413385672,406.11794765189427,17.21264329145213,-0.0037857719849234903,431.68254944115785,-280.0,0.005047695979897987,-0.0012619239949744965,0.2523847989948996,5.047695979897987,-0.0025238479899489935,-0.005047695979897987,0.0012619239949744968,1000.0,0.0,699.99747615201,0.0,-255.0,190.31382110555148,105.4028108546986,-140.0,192.86069721645947,-64.0413716577486,508.9529240730905,-325.0,-300.0,32.0206858288743,127.5,-254.47646203654526,-192.86069721645947,70.0,-430.54681784568055,-149.58864291092473,300.0,325.0,-149.58864291092473,-105.4028108546986,151.90798682452316,-190.31382110555148,1496.5981,hplb
247,0.0,0.0,0.0,0.0,0.0,0.0,0.0,0.0,-0.010555330421934227,0.0,0.0,0.0,0.0,0.0,0.0,0.0,452.9456899590332,182.71481845957985,0.0,-625.0049725769437,0.0,0.0,0.0,559.8053006427915,0.0,0.0,0.0,0.0,0.0,-897.7217152239431,0.0,0.0,50.52763479105291,0.0,0.0,0.0,0.0,27.782950840284776,0.0,-1000.0,1000.0,0.0,0.0,444.7760252649099,0.0,0.0,0.0,0.0,0.0,0.0,0.0,0.0,0.0,0.01161086346410809,0.0,0.0,0.0,0.0,0.0,0.0,-3.044794508212817,0.0,0.0,-203.09465628867585,0.0,0.0,0.0,0.0,0.0,200.04986178046303,0.0,0.10555330421934227,0.0,0.0,0.0,0.0,0.0,0.0,0.0,0.0,0.0,0.0,70.47891760571436,0.0,6.333198253160536,0.0,68.79850900254155,-784.9388182945411,-623.5350715182999,547.0701430365997,-0.0026388326054835563,0.0,0.0,-664.8729784467674,3.166599126580268,0.0,239.74720195399874,0.0,151.814111127931,0.0,158.456515913946,811.6643359479563,-897.7217152239431,0.0,0.0,-58.431984411244386,0.0,0.0,0.0,0.0,0.0,0.0,0.0,0.0,0.0,0.0,0.0,0.0,0.0,0.0,0.0,0.0,0.0,0.0,-556.4084486429897,0.0,0.0,239.74720195399874,0.0,3.2721524307996095,3.2721524307996095,0.0,0.0,-68.44947930130678,68.44947930130678,-68.44947930130678,-200.04986178046303,1000.0,-1000.0,0.0,0.0,0.0,0.0,0.0,0.0,-0.8676481606838728,0.010555330421934227,0.0,0.0,0.0,-677.1110660843868,0.0,0.0,0.0,213.9557987402085,0.0,33.94894253704962,0.0,0.0,0.0,0.0,0.0,-147.19375940528764,-147.19375940528764,0.0,0.0,0.0,-406.25000000000006,0.0,0.0,0.0,-147.1832040748657,0.0,0.0,0.0,-1000.0,0.0,0.0,0.0,0.0,0.0,0.0,0.0,0.0,0.0,0.0,0.0,0.0,0.0,0.0,0.0,-1000.0,0.0,0.0,0.0,0.0,0.0,0.0,0.0,376.46492848170016,-376.46492848170016,0.0,0.0,0.0,0.0,0.0,0.0,0.0,0.0,-1.319416302741778,0.0,0.0,0.0,0.0,0.0,0.0,0.0,0.0,0.0,0.0,0.0,0.0,0.0,0.0,817.9138010805791,444.7760252649099,0.0,0.0,0.0,0.0,0.0,0.0,0.0,0.0,0.0,-3.044794508212817,0.0,0.0,0.0,0.0,0.0,0.0,0.0,0.0,0.0,0.339881639587162,2.111066084386845,236.58060282741846,0.0,1000.0,0.0,-408.4738898128409,0.0,-444.7760252649099,0.0,0.0,200.04986178046303,-3.044794508212817,0.0,0.0,0.0,-102.1463431457828,0.0,0.0,0.0,0.0,389.0121817418541,0.0,0.0,389.0121817418541,-247.0701430365997,0.0,719.1135926588775,0.0,0.0,35.993676738795706,0.0,0.0,0.0,-1000.0,0.0,1000.0,0.0,493.3956663335075,200.04986178046303,0.0,1000.0,-406.25000000000006,0.0,0.0,-3.044794508212817,-0.015832995632901338,0.0,0.0,0.0,0.0,0.010555330421934227,0.0,0.0,0.0,759.9129164064142,452.9456899590332,0.0,-307.65617893996875,776.2204183188959,0.0,1000.0,0.0,0.0,0.0,-58.431984411244386,0.0,0.0,0.0,369.53170068363806,0.0,-369.53170068363806,-1000.0,-1000.0,0.0,0.0,0.0,0.0,0.0,0.0,0.0,0.0,0.0,0.0,0.0,0.0,0.0,0.0,0.0,0.0,0.0,1000.0,0.0,0.0,87.97759830823163,972.1748278380265,0.0,1000.0,0.0,0.0,0.5277665210967109,0.0,151.814111127931,0.0,0.0,811.1365694268595,0.0,-583.8633068520156,0.0,128.28400825245194,0.0,694.0158657265455,-0.5277665210967113,0.0,-15.121566362462953,583.8633068520156,-906.0960512345265,31.73846435455428,-128.5478915130003,0.0,0.0,0.0,-206.91082655472027,404.74906341554515,0.0,239.74720195399874,0.0,0.0,0.0,0.0,0.0,0.0,0.0,0.0,0.0,0.0,-301.6579602662954,0.0,0.0,-846.9955080768417,0.0,0.0,0.0,0.0,0.0,-68.54243279180568,0.0,0.0,239.74720195399874,0.0,0.0,0.0,0.0,-98.94446695780658,0.02111066084489721,0.0,0.0,0.0,0.0,0.0,0.0,0.0,13.047822605826083,0.0,0.0,0.0,0.0,0.0,0.0,0.0,0.0,0.0,0.0,0.0,0.01161086346410809,0.01161086346410809,0.0,276.2019704398251,0.0,6.333198253160536,0.0,0.0,0.0,1000.0,0.0,97.62452160960152,68.79850900254155,0.0,0.0,149.58342864419765,-1000.0,0.0,0.0,394.87842226721875,0.0,0.0,239.74720195399874,0.0,0.0,0.0,0.0,0.0,0.0,0.0,185.46948288099657,-759.9129164064142,677.1110660843868,0.0,69.61126944503049,0.0,-332.08718501146586,-332.78579343530157,-332.78579343530157,0.0,149.58342864419765,0.0,50.63896168639107,0.0,-843.7500000000005,843.7500000000005,0.0,0.0,0.0,0.0,0.0,0.0,0.0,0.0,0.0,0.0,0.0,0.0,0.0,0.0,6.333198253160536,200.04986178046303,200.04986178046303,0.0,0.0,0.0,0.0,0.0,0.0,0.0,0.0,0.0,0.0,0.10555330421934227,0.0,0.0,68.79850900254155,-68.79850900254155,0.0,0.0,0.0,0.0,239.74720195399874,-394.87842226721875,0.0,0.0,0.0,0.0,0.0,0.0,0.0,0.0,0.0,1000.0,685.37653375274,0.0,3.166599126580268,3.166599126580268,1000.0,-1000.0,0.0,239.74720195399874,0.0,0.0,0.0,0.0,0.0,897.7217152239431,0.0,1000.0,0.010555330421934227,0.0,0.0,0.0,0.8512120033116958,0.0,13.047822605826083,664.8729784467674,0.0,-200.04986178046303,0.0,0.0,0.0,0.0,0.0,0.0,0.0,0.0,0.0,0.0,0.0,0.0,0.010555330421934227,0.0,0.0,0.0,0.0,0.0,0.0,0.0,0.0,972.1748278380265,0.0,152.3418776490277,-125.97820043197687,0.0,-1000.0,-0.7916497816450672,-0.5277665210967109,0.0,0.0,93.75000000000001,93.75000000000001,-93.75000000000001,0.0,0.0,0.0,0.0,0.0,0.0,0.0,200.04986178046303,0.0,0.0,0.0,-206.38306003362356,0.0,0.0,0.0,-0.010555330421934227,0.0,0.0,0.010555330421934227,0.0,0.010555330421934227,0.0,0.0,0.0,6.333198253160536,12.877503114759756,12.877503114759756,0.0,0.0,0.0,0.0,0.0,0.0,0.0,677.1110660843868,0.0,0.0,0.0,0.0,370.4405146329666,0.0,0.0,0.0,0.0,0.0,0.0,0.0,0.0,0.0,0.0,0.0,0.0,0.0,0.0,0.0,0.0,0.0,0.0,0.015832995632901338,0.0,0.0,0.0,-239.74720195399874,0.0,0.0,0.0,0.0,0.0,-276.2019704398251,0.5277665210967113,0.0,0.0,0.0,406.25000000000006,0.0,-0.5277665210967109,0.0,0.0,0.0,0.0,0.0,0.0,0.0,0.0,200.04986178046303,0.0,394.87842226721875,925.1237357067387,276.2019704398251,0.0,1000.0,-58.431984411244386,0.0,0.0,151.814111127931,-151.814111127931,213.9557987402085,-15.922297622972573,0.0,0.5277665210967109,883.6328389179682,0.0,0.0,0.0,-206.13945079688878,0.0,0.0,0.0,0.0,0.0,0.0,0.0,0.0,0.0,276.99362022147017,-278.5769197847604,12.877503114759756,0.0,0.0,0.0,0.0,0.0,0.0,0.0,0.0,0.0,0.339881639587162,0.0,0.0,0.0,-0.8512120033116958,-1000.0,0.0,3.166599126580268,68.79850900254155,0.0,0.0,0.0,-162.95579437554815,0.0,0.0,0.01161086346410809,0.0,0.0,0.0,6.438751557379878,0.0,0.0,0.0,0.0,817.9138010805791,0.0,0.0,0.0,0.0,0.0,0.0,0.0,0.0,-1000.0,0.0,0.0010555330421933944,0.0010555330421933944,0.0,0.0,0.0,0.0,0.0,0.0,0.0,0.0,0.0,0.0,0.0,0.0,0.0,0.0,0.0,276.2019704398251,0.0,0.0,0.0,0.0,0.0,0.0,0.0,0.0,0.0,0.0,0.0,137.5970180050831,1000.0,0.0,182.71481845957985,0.0,0.0,0.0,6.3331982531605036,0.0,0.0,0.0,0.0,0.0,-840.9330451811569,834.5998469279964,0.0,137.5970180050831,0.0,0.0,0.0,0.0,0.0,0.0,0.0,0.0,0.0,0.0,-1000.0,-1000.0,377.6709159719915,0.0,-239.74720195399874,0.0,999.9577786783113,0.0,0.0,0.0,0.0,0.0,0.0,0.0,0.0,0.0,0.0,0.0,0.0,0.0,0.0,0.0,0.0,0.0,-1.319416302741778,200.04986178046303,-811.9282192085046,648.2257846360818,0.0,0.0,0.0,0.0,0.0,-0.13194163027417782,0.0,282.4982315320142,0.0,0.0,0.0,0.0,0.0,0.0,0.0,1000.0,3.166599126580268,3.166599126580268,0.0,0.0,0.0,0.0,0.0,0.01161086346410809,276.2019704398251,0.0,0.0,-999.9577786783113,0.0,0.0,0.0,0.0,0.0,0.0,0.0,0.0,0.0,0.0,0.0,0.0,0.0,0.0,0.0,0.0,0.0,3.2721524307996095,0.0,11.083096943030938,0.0,0.0,69.61126944503049,0.0,0.0,0.0,276.2019704398251,0.0,0.0,0.0,0.0,0.0,-1.319416302741778,0.0,0.0,0.0,0.0,0.0,0.0,0.0,0.0,0.0,0.0,0.0,0.0,0.0,0.0,0.0,0.0,0.0,0.0,-0.010555330421934227,0.0,0.0,0.5277665210967113,-149.58342864419765,0.0,0.0,0.0,0.0,200.04986178046303,0.0,0.0,0.0,-369.53170068363806,0.26388326054835565,0.0,0.0,0.0,0.010555330421934227,0.0,10.555330421934226,0.0,2.1110660843868456,0.07539521729953018,35.993676738795706,-0.007916497816450669,906.0960512345265,0.21110660843868453,-0.052776652110537725,-35.993676738795706,3.166599126580268,-0.010555330421934225,19.47732813708146,239.74720195399874,0.0026388326054835563,0.07539521729953018,-58.431984411244386,-70.47891760571436,-0.21110660843868453,-10.655535841669348,-0.010555330421934225,0.0026388326054835563,-35.993676738795706,1.0555330421934226,0.010555330421934225,0.010555330421934227,-276.17980424593907,-68.78689813907742,-32.60813292637073,-0.007916497816450669,3.166599126580268,0.010555330421934225,239.74720195399874,231.30293761645135,-0.005277665210967113,115.52315921180988,-1.0660883726153567,-0.007916497816450669,-0.010555330421934225,0.0,0.010555330421934227,1.0555330421934226,-0.21110660843868453,0.0,0.0,-1.0555330421934226,10.655535841669348,0.0,2.111066084386845,0.015832995632901338,189.6887679888287,1.0555330421934226,-185.46948288099657,239.74720195399874,-2.111066084386845,0.005277665210967113,0.10555330421934227,76.91404473499219,278.31303652421195,-0.010555330421934227,-278.5769197847604,276.17980424593907,3.2721524307996095,0.010555330421934225,70.47891760571436,-9.499797379741011,239.74720195399874,-0.010555330421934227,-0.0026388326054835563,-239.74720195399874,-0.010555330421934225,-98.94446695780658,0.010555330421934225,-0.0026388326054835563,-0.0026388326054835563,-0.0026388326054835563,4.22213216877369,-231.30293761645135,0.10555330421934227,7.820180426350234,-0.0026388326054835563,134.35076133290292,0.5277665210967113,50.0,0.010555330421934227,0.005277665210967113,0.005277665210967113,20.90420312896127,0.0,0.010555330421934227,0.0,0.10555330421934227,0.010555330421934225,-7.820180426350234,0.010555330421934225,0.04222132168868048,0.052776652110537725,0.005277665210967113,0.0026388326054835563,3.166599126580268,-0.010555330421934225,32.60813292637073,0.10555330421934227,-15.640360852700468,905.8321679739781,-1.0555330421934226,2.111066084386845,0.5277665210967113,-0.010555330421934225,58.431984411244386,0.015832995632901338,-0.010555330421934225,-41.80840625792254,0.0,369.2650272845046,0.005277665210967113,-100.0,-0.010555330421934225,-0.010555330421934225,-0.010555330421934225,0.005277665210967113,35.993676738795706,-2.111066084386845,0.010555330421934227,153.82808946998438,-0.0026388326054835563,68.78689813907742,-153.82808946998438,1.5832995632901337,1.0660883726153567,-93.82226932856406,35.993676738795706,-0.007916497816450669,278.5769197847604,-278.31303652421195,0.010555330421934225,-0.0026388326054835563,0.5277665210967109,10.555330421934226,-0.005277665210967113,-0.010555330421934225,0.0026388326054835563,67.72368936778639,0.0,-489.6940456540396,0.0,429.1859503925315,0.0,-120.15019827900451,-109.19289200462202,0.0,-80.0,357.9788785931528,-325.0,-300.0,40.0,-214.59297519626574,-178.9894392965764,0.0,54.59644600231101,-276.2019704398251,-206.30923290895643,300.0,325.0,-206.30923290895643,120.15019827900451,-55.85296697072846,0.0,1496.5981,hplb
248,0.0,0.0,0.0,0.0,0.0,0.0,0.0,0.0,-0.03662697140135308,0.0,0.0,0.0,0.0,0.0,0.0,0.0,484.5627979439969,551.7298494172046,0.0,-1000.0,0.0,0.0,0.0,816.3385701507151,0.0,323.85487708612914,0.0,0.0,0.0,-1000.0,0.0,0.0,167.0602299783883,0.0,0.0,0.0,0.0,-0.1465078856054447,0.0,-1000.0,876.7897631503388,0.0,-904.7349889188037,0.0,0.0,0.0,327.1054755090024,0.0,779.4305965353735,-538.2101810295028,0.0,168.72838339817406,0.0,0.04028966854158966,0.0,0.0,0.0,0.0,0.0,0.0,20.8443360524994,0.0,51.365517949236434,0.0,0.0,0.0,0.0,0.0,206.11746227722216,496.82656133009385,0.0,0.3662697140135308,0.0,0.0,0.0,0.0,0.0,0.0,0.0,0.0,0.0,0.0,-448.52924715172674,0.0,21.97618284081185,0.0,0.0,-1000.0,634.745509733922,-274.63194401796756,425.0359020031688,0.0,0.0,-392.68245854653867,10.988091420405924,0.0,10.988091420405924,0.0,0.0,0.0,0.0,1.8313485700676537,-1000.0,0.0,0.0,0.0,541.3905332501494,0.0,0.0,0.0,0.0,0.0,0.0,0.0,0.0,0.0,0.0,0.0,0.0,0.0,0.0,0.0,0.0,0.0,-589.523029543986,0.0,0.0,10.988091420405924,0.0,11.354361134419454,0.0,0.0,671.6889993959087,0.0,-671.6889993959087,671.6889993959087,-1000.0,0.0,0.0,927.7901459982642,0.0,0.0,0.0,0.0,0.0,451.3495239496309,0.03662697140135308,425.04505874601915,0.0,0.0,0.0,-541.3905332501494,0.0,0.0,448.52924715172674,0.0,161.99691108529223,0.0,0.0,0.0,0.0,0.0,137.80630978503675,137.80630978503675,0.0,0.0,0.0,0.0,0.0,0.0,0.0,137.8429367564381,0.0,0.0,0.0,-251.55531269088345,0.0,0.0,0.0,0.0,0.0,0.0,0.0,0.0,0.0,0.0,-177.56650626876495,0.0,0.0,0.0,0.0,-985.9442425009963,0.0,0.0,0.0,0.0,0.0,538.2101810295028,736.0066055206296,-60.113565715954394,60.113565715954394,0.0,0.0,0.0,0.0,0.0,0.0,0.0,0.0,-722.9082704705437,0.0,0.0,0.0,0.0,0.0,0.0,0.0,0.0,0.0,0.0,0.0,0.0,0.0,347.9245526737156,-85.34921143945877,-1000.0,0.0,0.0,0.0,0.0,0.0,0.0,0.0,0.0,0.0,20.8443360524994,-1000.0,0.0,0.0,0.0,0.0,0.0,0.0,0.0,0.0,1.179388479123702,7.325394280270615,0.0,0.0,209.87591346892725,0.0,455.3236363400487,0.0,1000.0,0.0,0.0,72.20985400173583,-470.11145363389966,0.0,0.0,0.0,241.3437509131063,0.0,0.0,-918.9580391552403,468.75000000000654,-953.1898255250122,-434.51821363022725,-953.1898255250201,-468.7499999999987,574.6319440179675,0.0,-119.08592943594925,538.2101810295028,0.0,102.1892502097751,0.0,0.0,0.0,-798.3264631979373,0.0,798.3264631979373,0.0,1000.0,72.20985400173583,0.0,474.5622541643973,0.0,0.0,0.0,20.8443360524994,-0.05494045710202961,0.0,0.0,0.0,0.0,0.03662697140135308,0.0,0.0,0.0,973.7767626014667,484.5627979439969,0.0,-448.9140247925254,338.5851525844299,0.0,887.7778545707447,0.0,3.1535822376566007,0.0,0.0,0.0,0.0,0.0,-3.1535822376566007,0.0,0.0,-702.6757327410866,-1000.0,0.0,0.0,0.0,0.0,0.0,0.0,0.0,0.0,0.0,0.0,0.0,0.0,0.0,0.0,0.0,0.0,0.0,537.1776450130017,0.0,537.1776450130017,448.52924715172674,0.0,0.0,0.0,553.4843124290937,0.0,-151.22812450606258,0.0,0.0,0.0,0.0,0.0,-206.11746227722216,0.0,-1.8313485700676537,-0.9156742850338269,0.0,0.0,0.0,-531.0540870528296,481.7358700609076,0.0,0.0,0.0,0.0,-1.8313485700676537,0.0,0.0,534.7167841929648,106.70911837188015,0.0,10.988091420405924,0.0,0.0,0.0,0.0,0.0,0.0,0.0,-347.9245526737156,347.9245526737156,347.9245526737156,-15.722927118523586,0.0,0.0,-535.1248416773622,0.0,0.0,0.0,0.0,0.0,-30.521181896737033,0.0,0.0,0.0,0.0,0.0,0.0,0.0,-96.33730285986469,0.07325394280266555,0.0,0.0,0.0,0.0,0.0,0.0,0.0,0.0,0.0,0.0,0.0,0.0,0.0,0.0,0.0,0.0,0.0,0.0,0.0,0.04028966854158966,0.04028966854158966,0.0,171.6608897690015,0.0,21.97618284081185,0.0,195.34761335244178,0.0,340.37981496648064,0.0,0.0,0.0,0.0,0.0,383.51359977173837,-340.37981496648064,0.0,0.0,0.0,0.0,0.0,0.0,0.0,0.0,0.0,0.0,0.0,0.0,0.0,196.507676514662,-973.7767626014667,0.0,0.0,2.820276797904185,0.0,0.0,-392.68245854653867,-392.68245854653867,0.0,383.51359977173837,0.0,287.1762969118737,0.0,0.0,0.0,347.9245526737156,0.0,0.0,0.0,0.0,0.0,0.0,0.0,0.0,0.0,0.0,0.0,0.0,0.0,21.97618284081185,72.20985400173583,72.20985400173583,0.0,0.0,0.0,0.0,0.0,0.0,0.0,0.0,0.0,0.0,0.3662697140135308,0.0,0.0,0.0,0.0,0.0,736.0066055206296,0.0,0.0,10.988091420405924,0.0,0.0,0.0,0.0,0.0,0.0,0.0,0.0,0.0,0.0,360.1087386779282,-783.8582390655604,0.0,10.988091420405924,10.988091420405924,1000.0,-340.37981496648064,0.0,0.0,0.0,0.0,0.0,0.0,0.0,702.6757327410866,0.0,1000.0,0.03662697140135308,0.0,0.0,0.0,48.371148159972655,263.39753283825297,0.0,392.68245854653867,0.0,-72.20985400173583,0.0,0.0,0.0,0.0,0.0,0.0,0.0,0.0,0.0,0.0,0.0,0.0,0.03662697140135308,0.0,0.0,0.0,492.2571270137029,-492.2571270137029,0.0,0.0,0.0,0.0,-849.7176489027571,1000.0,0.0,-301.5104756033055,0.0,-2.747022855101481,-1.8313485700676537,0.0,0.0,-531.2499999999999,-531.25,531.2499999999999,0.0,0.0,0.0,0.0,0.0,0.0,0.0,72.20985400173583,0.0,0.0,0.0,536.5481327630325,0.0,0.0,0.0,-0.03662697140135308,0.0,0.0,0.03662697140135308,0.0,0.03662697140135308,0.0,630.7341696055802,0.0,21.97618284081185,44.68490510965076,44.68490510965076,0.0,0.0,0.0,0.0,0.0,0.0,0.0,0.0,0.0,0.0,0.0,0.0,0.0,0.0,0.0,0.0,0.0,0.0,0.0,0.0,0.0,0.0,0.0,0.0,0.0,0.0,0.0,0.0,0.0,0.0,0.0,0.05494045710202961,0.0,0.0,0.0,-10.988091420405924,0.0,0.0,0.0,0.0,0.0,-171.6608897690015,1.8313485700676537,0.0,0.0,0.0,0.0,0.0,-1.8313485700676537,0.0,0.0,0.0,0.0,0.0,0.0,0.0,0.0,72.20985400173583,0.0,0.0,0.0,-176.2636629047141,0.0,281.67010095462547,263.39753283825297,0.0,696.6581758266268,301.5104756033055,-998.1686514299323,448.52924715172674,-514.7963587435504,195.34761335244178,1.8313485700676537,857.6456129515009,0.0,0.0,0.0,-30.521181896737033,0.0,0.0,1000.0,-1000.0,0.0,-301.30078792269205,0.0,0.0,0.0,276.3833886155375,-104.31092805697551,44.68490510965076,0.0,0.0,0.0,0.0,0.0,0.0,0.0,0.0,0.0,1.179388479123702,0.0,0.0,75.59103027733039,-48.371148159972655,682.7020663700928,-904.7349889188037,10.988091420405924,0.0,0.0,0.0,0.0,-70.85240177086557,0.0,0.0,0.04028966854158966,0.0,0.0,0.0,22.34245255482538,0.0,0.0,0.0,0.0,-85.34921143945877,0.0,541.3905332501494,0.0,0.0,0.0,0.0,0.0,0.0,-247.93949900827653,0.0,0.0036626971401354123,0.0036626971401354123,0.0,0.0,0.0,0.0,0.0,0.0,0.0,0.0,0.0,0.0,0.0,0.0,0.0,0.0,0.0,171.6608897690015,0.0,0.0,0.0,0.0,0.0,0.0,0.0,538.2101810295028,0.0,0.0,0.0,0.0,1000.0,365.47686850804763,551.7298494172046,0.0,0.0,0.0,21.97618284081185,0.0,0.0,0.0,0.0,0.0,0.0,-21.97618284081185,0.0,0.0,0.0,0.0,0.0,0.0,0.0,0.0,0.0,0.0,0.0,0.0,-1000.0,-1000.0,25.08947540992687,0.0,-10.988091420405924,0.0,-0.1465078856054447,0.0,0.0,0.0,0.0,0.0,0.0,0.0,0.0,0.0,351.5625,0.0,-351.5625,-351.5625,0.0,0.0,0.0,195.34761335244178,-4.578371425169134,72.20985400173583,-2.747022855101481,101.56390520187408,0.0,0.0,0.0,0.0,0.0,31.371594330138148,-31.829431472655063,479.0504290484638,0.0,0.0,0.0,0.0,0.0,0.0,0.0,1000.0,10.988091420405924,10.988091420405924,0.0,0.0,0.0,0.0,0.0,0.04028966854158966,171.6608897690015,0.0,0.0,0.1465078856054447,0.0,0.0,0.0,0.0,0.0,0.0,0.0,0.0,0.0,0.0,0.0,0.0,0.0,0.0,153.43964625972552,0.0,0.0,0.0,0.0,38.458319971420735,0.0,0.0,2.820276797904185,0.0,0.0,0.0,171.6608897690015,0.0,0.0,0.0,0.0,0.0,-4.578371425169134,0.0,0.0,0.0,0.0,0.0,0.0,0.0,0.0,0.0,0.0,0.0,0.0,0.0,0.0,0.0,0.0,0.0,0.0,-0.03662697140135308,0.0,0.0,1.8313485700676537,-383.51359977173837,0.0,0.0,0.0,0.0,72.20985400173583,0.0,0.0,0.0,3.1535822376566007,0.9156742850338269,0.0,0.0,323.85487708612914,0.03662697140135308,0.0,36.626971401353074,-11.354361134419454,7.325394280270615,0.2616212242953791,102.18925020977508,-0.027470228551014806,1.8313485700676537,0.7325394280270615,-0.18313485700679777,-102.18925020977508,10.988091420405922,-0.03662697140135308,0.0,0.0,0.00915674285033827,0.2616212242953791,0.0,-5.831013847095562,-0.7325394280270616,-36.29264736120149,-0.03662697140135308,0.00915674285033827,-102.18925020977508,3.6626971401353074,0.03662697140135308,0.03662697140135308,-171.58397312905856,0.04028966854148849,0.0,-0.027470228551014806,10.988091420405924,0.03662697140135308,10.988091420405924,-18.313485700676537,-0.01831348570067654,-161.99691108529223,-3.6993241115366606,-0.027470228551014806,-0.03662697140135308,-11.354361134419454,0.03662697140135308,3.6626971401353074,-0.7325394280270615,0.0,0.0,-3.6626971401353074,36.29264736120149,0.0,7.325394280270615,0.05494045710202961,-1000.0,3.6626971401353074,-196.507676514662,0.0,-7.325394280270615,0.01831348570067654,0.3662697140135308,112.22850619813136,-168.93826862444348,-0.03662697140135308,-179.9019583343059,171.58397312905856,11.354361134419454,0.03662697140135308,5.831013847095562,-43.95236568162362,0.0,-0.03662697140135308,-0.00915674285033827,0.0,-0.03662697140135308,-637.7278361100141,0.036626971401807824,-0.00915674285033827,-0.00915674285033827,-0.00915674285033827,14.65078856054123,18.313485700676537,0.3662697140135308,27.136007436977053,-0.00915674285033827,224.4570123962627,1.8313485700676537,50.0,0.03662697140135308,0.01831348570067654,0.01831348570067654,-32.44222986073261,11.354361134419454,0.03662697140135308,-11.354361134419454,0.3662697140135308,0.03662697140135308,-27.136007436977053,0.03662697140135308,0.1465078856054447,0.18313485700679777,0.01831348570067654,0.00915674285033827,10.988091420405924,-0.03662697140135308,0.0,0.3662697140135308,-54.272014873954106,0.9156742850338273,-3.6626971401353074,7.325394280270615,1.8313485700676537,-0.03662697140135308,0.0,0.05494045710202961,-0.03662697140135308,64.88445972146522,11.354361134419454,202.52490600019053,0.01831348570067654,-100.0,-0.03662697140135308,-0.036626971401807824,-0.036626971401353084,0.01831348570067654,102.18925020977508,-7.325394280270615,0.03662697140135308,224.4570123962627,-0.00915674285033827,-0.04028966854148849,-224.4570123962627,5.494045710202961,3.6993241115366606,394.5688012455582,102.18925020977508,-0.027470228551014806,179.9019583343059,168.93826862444348,0.03662697140135308,-0.009156742850338268,1.8313485700676537,36.626971401353074,-0.01831348570067654,-0.03662697140135308,0.00915674285033827,229.41991493279852,0.0,699.9816865142993,0.0,-255.0,0.0,352.519253293474,95.52784679189472,0.0,-80.0,-255.0,-288.9954952348961,-300.0,40.0,127.5,127.5,0.0,-47.76392339594736,-171.6608897690015,-131.67250422932494,300.0,288.9954952348961,-131.67250422932494,-352.519253293474,196.40446091748115,0.0,1496.5981,hplb
249,0.0,0.0,0.0,0.0,0.0,0.0,0.0,0.0,0.0,0.0,0.0,0.0,0.0,0.0,0.0,0.0,432.768349201365,-132.76834920136506,0.0,0.0,0.0,0.0,0.0,0.0,0.0,0.0,0.0,0.0,0.0,-181.09366396499627,0.0,0.0,60.0,0.0,0.0,0.0,0.0,367.3134933608853,0.0,-1000.0,-128.2100394944586,0.0,0.0,0.0,0.0,0.0,0.0,0.0,-251.67468523636876,-737.022407742618,0.0,0.0,0.0,0.0,0.0,0.0,0.0,0.0,0.0,0.0,38.189673564563975,0.0,-820.309731004296,-1000.0,0.0,0.0,0.0,0.0,348.1166556230904,-348.1166556230904,0.0,0.0,0.0,0.0,0.0,0.0,0.0,0.0,0.0,0.0,0.0,0.0,-603.3326140555432,0.0,0.0,0.0,27.120506414943247,0.0,-165.5366984027301,0.0,79.39328985329402,0.0,0.0,-725.4657474935361,0.0,0.0,129.26362192573765,0.0,5.164440200526229,0.0,0.0,0.0,-351.8455972235846,0.0,0.0,-80.0,0.0,0.0,0.0,0.0,0.0,0.0,0.0,0.0,0.0,0.0,0.0,0.0,0.0,0.0,0.0,0.0,0.0,0.0,-78.56646199223499,0.0,0.0,129.26362192573765,0.0,0.0,0.0,0.0,0.0,-430.1662760939364,430.1662760939364,-430.1662760939364,0.0,0.0,0.0,-217.8799425602679,0.0,0.0,0.0,0.0,0.0,630.4531204704865,0.0,79.39328985329402,0.0,0.0,0.0,-180.64057387862988,0.0,0.0,603.3326140555432,0.0,15.710710599874892,0.0,0.0,0.0,0.0,0.0,-412.7798713234098,-412.7798713234098,0.0,0.0,0.0,-343.75000000000006,0.0,0.0,0.0,-412.7798713234098,0.0,0.0,0.0,-204.30918723140644,0.0,0.0,0.0,0.0,0.0,0.0,0.0,0.0,0.0,0.0,-997.8677432627902,0.0,0.0,0.0,0.0,-1000.0,0.0,0.0,0.0,0.0,0.0,737.022407742618,0.0,267.231650798635,-267.231650798635,0.0,0.0,0.0,0.0,0.0,0.0,0.0,170.75193325858834,-494.3594261213701,0.0,0.0,0.0,0.0,0.0,0.0,0.0,0.0,0.0,0.0,0.0,0.0,0.0,495.6618215560387,209.90419580436753,0.0,0.0,0.0,0.0,217.8799425602679,0.0,0.0,0.0,0.0,0.0,38.189673564563975,0.0,0.0,0.0,0.0,0.0,0.0,0.0,0.0,0.0,0.0,0.0,129.26362192573765,0.0,432.768349201365,0.0,15.556965562266214,0.0,0.0,0.0,0.0,217.8799425602679,905.8366019805582,0.0,0.0,0.0,209.75215471047238,0.0,0.0,-816.1143309412212,-816.1143309412213,0.0,0.0,0.0,816.1143309412213,101.6949523959048,0.0,386.1379868336387,737.022407742618,0.0,0.0,0.0,0.0,0.0,0.0,0.0,0.0,0.0,0.0,0.0,217.8799425602679,151.1063213721659,-343.75000000000006,0.0,0.0,38.189673564563975,0.0,0.0,0.0,0.0,0.0,0.0,0.0,0.0,0.0,870.7363780742625,432.768349201365,0.0,-248.41764010370125,920.6405738786299,0.0,1.0535824312790283,0.0,0.0,0.0,-80.0,0.0,0.0,0.0,0.0,0.0,0.0,-47.337197411698185,-1000.0,0.0,0.0,0.0,0.0,0.0,0.0,0.0,0.0,0.0,0.0,0.0,0.0,0.0,0.0,0.0,0.0,0.0,-665.610610571734,0.0,-1000.0,603.3326140555432,0.0,0.0,0.0,0.0,0.0,-630.4531204704864,0.0,5.164440200526229,0.0,0.0,0.0,-348.1166556230904,0.0,0.0,530.3327995156609,0.0,-119.4182881240389,0.0,0.0,0.0,0.0,0.0,-705.7392849858995,-530.3327995156609,0.0,440.4144373321862,0.0,-265.00795186194745,0.0,0.0,129.26362192573765,0.0,0.0,0.0,0.0,0.0,0.0,0.0,-495.6618215560387,495.6618215560387,495.6618215560387,335.0,0.0,0.0,-494.14139056823956,0.0,0.0,170.75193325858834,0.0,0.0,-87.25958260125347,0.0,593.7500000000006,0.0,0.0,0.0,0.0,0.0,-100.0,0.0,0.0,0.0,0.0,0.0,0.0,0.0,0.0,0.0,0.0,0.0,0.0,0.0,0.0,0.0,0.0,0.0,0.0,0.0,0.0,0.0,0.0,0.0,244.19208920244353,0.0,0.0,0.0,0.0,0.0,1000.0,0.0,0.0,27.120506414943247,0.0,0.0,698.6686133527766,-1000.0,0.0,0.0,0.0,0.0,0.0,0.0,0.0,0.0,0.0,0.0,0.0,0.0,0.0,26.18882066407833,-870.7363780742625,180.64057387862988,0.0,27.120506414943247,0.0,-725.4657474935361,0.0,0.0,0.0,555.9974963114261,0.0,0.0,598.6686133527766,0.0,0.0,495.6618215560387,0.0,0.0,0.0,0.0,0.0,0.0,0.0,0.0,0.0,0.0,0.0,0.0,0.0,0.0,217.8799425602679,217.8799425602679,0.0,0.0,0.0,0.0,0.0,0.0,0.0,0.0,0.0,0.0,0.0,0.0,0.0,27.120506414943247,-27.120506414943247,0.0,0.0,0.0,0.0,129.26362192573765,0.0,0.0,0.0,0.0,0.0,0.0,0.0,0.0,0.0,0.0,932.9571083955015,0.0,0.0,0.0,0.0,1000.0,-1000.0,0.0,0.0,0.0,0.0,0.0,0.0,0.0,-600.8172053647172,170.75193325858834,-211.3747816585409,0.0,0.0,0.0,0.0,0.0,0.0,0.0,725.4657474935361,0.0,0.0,0.0,0.0,0.0,0.0,10.974701310873117,0.0,0.0,0.0,0.0,0.0,0.0,0.0,0.0,0.0,0.0,0.0,0.0,0.0,0.0,0.0,0.0,0.0,0.0,-625.2886802699602,0.0,0.0,-334.389389428266,0.0,0.0,0.0,0.0,0.0,0.0,0.0,0.0,0.0,0.0,0.0,0.0,0.0,0.0,217.8799425602679,0.0,0.0,0.0,-265.00795186194745,0.0,0.0,0.0,0.0,0.0,0.0,0.0,0.0,0.0,32.92410393261935,0.0,0.0,0.0,0.0,0.0,0.0,0.0,0.0,0.0,0.0,0.0,0.0,180.64057387862988,0.0,170.75193325858834,0.0,0.0,0.0,0.0,0.0,0.0,0.0,0.0,0.0,0.0,0.0,0.0,0.0,0.0,0.0,0.0,0.0,0.0,0.0,0.0,0.0,0.0,0.0,0.0,0.0,-129.26362192573765,0.0,0.0,0.0,0.0,0.0,-244.19208920244353,0.0,0.0,0.0,0.0,343.75000000000006,0.0,503.3412390563346,0.0,0.0,593.7500000000006,0.0,0.0,0.0,0.0,0.0,217.8799425602679,0.0,0.0,673.6682501712193,-251.4697323535952,0.0,505.6405738786299,-80.0,0.0,-127.11188141415187,5.164440200526229,121.94744121362561,603.3326140555432,905.8366019805582,0.0,0.0,961.9047922741834,0.0,0.0,0.0,-141.50059543113997,0.0,0.0,0.0,0.0,0.0,0.0,0.0,0.0,0.0,1000.0,-2.1322567372098433,0.0,0.0,0.0,0.0,0.0,0.0,0.0,0.0,0.0,0.0,0.0,0.0,0.0,242.05983246523374,0.0,-670.1379825248144,0.0,0.0,27.120506414943247,0.0,0.0,0.0,-117.16020202434501,0.0,0.0,0.0,0.0,0.0,0.0,0.0,0.0,0.0,0.0,0.0,209.90419580436753,0.0,0.0,0.0,0.0,0.0,0.0,0.0,0.0,-477.16880078454994,0.0,0.0,0.0,0.0,0.0,0.0,0.0,0.0,32.92410393261935,0.0,0.0,0.0,0.0,0.0,0.0,0.0,0.0,0.0,244.19208920244353,0.0,0.0,0.0,0.0,0.0,0.0,0.0,737.022407742618,0.0,0.0,0.0,54.24101282988649,0.0,1000.0,-132.76834920136506,0.0,0.0,0.0,0.0,0.0,0.0,0.0,0.0,0.0,0.0,0.0,0.0,54.24101282988649,0.0,0.0,0.0,0.0,0.0,0.0,0.0,0.0,0.0,0.0,211.3747816585409,-1000.0,0.0,-129.26362192573765,0.0,0.0,334.38938942826593,0.0,0.0,0.0,0.0,0.0,0.0,0.0,0.0,0.0,325.52083333333337,0.0,-325.52083333333337,-325.52083333333337,0.0,0.0,0.0,0.0,0.0,217.8799425602679,0.0,2.1322567372097865,0.0,0.0,0.0,0.0,0.0,0.0,0.0,690.5921966567967,0.0,0.0,0.0,0.0,0.0,0.0,0.0,1000.0,0.0,0.0,0.0,0.0,0.0,0.0,0.0,0.0,244.19208920244353,0.0,0.0,-367.3134933608853,0.0,0.0,0.0,0.0,0.0,0.0,0.0,0.0,0.0,0.0,0.0,0.0,0.0,0.0,16.462051966309676,0.0,0.0,0.0,0.0,0.0,0.0,0.0,27.120506414943247,0.0,0.0,0.0,244.19208920244353,0.0,-503.3412390563346,0.0,0.0,0.0,0.0,0.0,0.0,0.0,0.0,0.0,0.0,0.0,0.0,0.0,0.0,0.0,0.0,0.0,0.0,0.0,0.0,0.0,0.0,0.0,0.0,0.0,0.0,-698.6686133527766,0.0,0.0,0.0,0.0,217.8799425602679,0.0,0.0,0.0,0.0,0.0,0.0,0.0,0.0,0.0,0.0,0.0,0.0,0.0,0.0,0.0,0.0,0.0,0.0,32.92410393261929,0.0,0.0,0.0,26.666666666666668,0.0,0.0,0.0,-80.0,-27.120506414943236,0.0,-300.0,0.0,0.0,0.0,0.0,0.0,0.0,-244.19208920244353,-27.120506414943247,0.0,0.0,0.0,0.0,129.26362192573765,129.26362192573765,0.0,144.2892894001251,0.0,0.0,0.0,0.0,0.0,0.0,0.0,0.0,0.0,0.0,300.0,0.0,0.0,0.0,-1000.0,0.0,-26.18882066407833,0.0,0.0,0.0,0.0,62.10441002592531,-251.4697323535952,0.0,-244.19208920244358,244.19208920244353,0.0,0.0,27.120506414943236,-129.26362192573743,0.0,0.0,0.0,0.0,0.0,-100.0,0.0,0.0,0.0,0.0,0.0,-129.26362192573765,0.0,0.0,0.0,97.54215338518395,0.0,50.0,0.0,0.0,0.0,-108.93997128013395,0.0,0.0,0.0,0.0,0.0,0.0,0.0,0.0,-32.92410393261929,0.0,0.0,0.0,0.0,0.0,0.0,0.0,0.0,0.0,0.0,0.0,0.0,80.0,0.0,0.0,217.8799425602679,0.0,52.933141921349765,0.0,-100.0,0.0,0.0,0.0,0.0,0.0,0.0,0.0,124.20882005185062,0.0,27.120506414943247,-124.20882005185062,0.0,0.0,37.4444884262127,0.0,0.0,244.19208920244358,251.4697323535952,0.0,0.0,0.0,0.0,0.0,0.0,0.0,1000.0,0.0,898.3050476040952,0.0,-255.0,0.0,757.1717002630131,-140.0,0.0,-80.0,-255.0,-325.0,-101.6949523959048,40.0,127.5,127.5,0.0,70.0,-244.19208920244353,64.22706010299525,101.6949523959048,325.0,64.22706010299525,-757.1717002630131,443.2176610943753,0.0,1496.5981,hplb
250,0.0,0.0,0.0,0.0,0.0,0.0,0.0,0.0,44.2336043304552,0.0,0.0,0.0,0.0,0.0,0.0,0.0,261.7439238400816,-304.05418244729833,0.0,0.0,0.0,0.0,0.0,833.5546766713544,0.0,0.0,0.0,0.0,0.0,-261.7439238400816,14.216899452600456,-14.216899452600456,588.1962061936014,0.0,0.0,0.0,0.0,-719.3607657420085,0.0,-517.8393048627507,14.785118815708605,0.0,0.0,0.0,0.0,0.0,0.0,0.0,0.0,0.0,0.0,0.0,0.0,0.012522381295930123,0.0,0.0,0.0,0.0,0.0,0.0,87.42439254637128,0.0,192.07333285296835,0.0,0.0,0.0,0.0,0.0,32.62649526741948,-32.62649526741948,0.0,0.11383982996308262,0.0,0.0,0.0,0.0,0.0,0.0,0.0,0.0,0.0,0.0,0.0,0.0,6.8303897977849575,0.0,0.0,-279.46532594679127,-279.46532594679127,300.0,-0.0028459957490770656,0.0,0.0,0.0,3.4151948988924787,0.0,124.76478746238953,-14.583463705081918,0.0,0.0,0.0,139.16750819554082,-261.7439238400816,0.0,0.0,-79.53667189205025,0.0,676.2804893548323,0.0,0.0,0.0,0.0,0.0,0.0,0.0,0.0,0.0,0.0,0.0,0.0,0.0,0.0,0.0,0.0,-354.10591314081114,0.0,0.0,124.76478746238953,0.0,3.529034728855561,0.0,0.0,0.0,0.0,0.0,0.0,-279.49772539933963,0.0,0.0,0.0,0.0,0.0,0.0,0.0,0.0,0.8765666907157356,0.01138398299630826,0.0,0.0,0.0,0.0,-306.4032423674841,0.0,0.0,735.6096428675403,0.0,70.47549927845108,0.0,0.0,0.0,0.0,0.0,-225.4944294305158,-225.4944294305158,0.0,0.0,0.0,0.0,-246.57614069090516,0.0,0.0,-211.26614599491904,0.0,0.0,0.0,-202.7974814448005,0.0,0.0,0.0,0.0,0.0,0.0,0.0,0.0,0.0,0.0,-92.0860702914506,0.0,0.0,0.0,0.0,-1000.0,0.0,0.0,0.0,0.0,0.0,0.0,0.0,279.46532594679127,-279.46532594679127,279.49772539933963,0.0,0.0,0.0,0.0,0.0,0.0,0.0,-372.2965521063161,0.0,0.0,0.0,0.0,0.0,0.0,0.0,0.0,0.0,0.0,0.0,0.0,0.0,179.33029895091562,332.30642812950447,0.0,0.0,0.0,0.0,0.0,-109.07282481993823,0.0,0.0,0.0,0.0,87.42439254637128,0.0,14.216899452600456,0.0,0.0,0.0,0.0,0.0,0.0,0.0,0.0,2.2767965992616523,121.34959256349705,0.0,561.726847865587,2.7961959720044742,0.0,0.0,0.0,0.0,0.0,279.49772539933963,13.888459255496079,0.0,0.0,0.0,-96.68270746152541,0.0,0.0,-407.4108320786988,0.0,0.0,-407.41083207869883,0.0,0.0,0.0,0.0,254.8764694462842,0.0,0.0,-138.66358801970134,0.0,0.0,0.0,0.0,0.0,0.0,0.0,-211.28891396091166,0.0,0.0,0.0,0.0,0.0,0.0,87.42439254637128,-0.017075974494462392,0.0,0.0,0.0,0.0,0.01138398299630826,0.0,0.0,0.0,704.810311958209,261.7439238400816,0.0,-53.0244479280335,511.113676368883,0.0,139.54990627809815,0.0,0.0,0.0,-79.53667189205025,0.0,0.0,0.0,-0.9801609359821322,16.308694040511206,-15.328533104529074,-1000.0,-1000.0,0.0,0.0,0.0,0.0,0.0,0.0,0.0,0.0,0.0,0.0,0.0,0.0,0.0,0.0,0.0,0.0,0.0,-1000.0,0.0,-280.68477018997726,0.0,0.0,0.0,0.0,0.0,0.0,13.34033276188472,0.0,0.0,0.0,0.0,138.59830904572541,-48.935189307930685,0.0,240.42506723949572,0.0,0.0,0.0,-284.5266889727103,0.0,0.0,0.0,-310.2934209121738,595.6739086096072,-0.28459957490770654,283.9574898228949,0.0,0.0,0.0,0.0,-566.3950397462796,124.76478746238953,0.0,0.0,0.0,0.0,0.0,44.24498831345151,32.632142650575744,-146.69815630033986,146.69815630033986,146.69815630033986,-195.7245888170815,0.0,0.0,0.0,0.0,0.0,0.0,0.0,0.0,-104.64894030659707,0.0,0.0,0.0,0.0,0.0,0.0,0.0,-98.86160170036918,0.022767965993352846,0.0,0.0,0.0,0.0,0.0,0.0,0.0,0.0,0.0,0.0,0.0,0.0,0.0,0.0,0.0,0.0,0.0,0.0,0.0,0.012522381295930123,0.012522381295930123,14.216899452600456,97.67828735309254,0.0,6.8303897977849575,0.0,0.0,0.0,1000.0,0.0,0.0,0.0,0.0,0.0,90.50877331874688,-1000.0,0.0,0.0,0.0,0.0,0.0,0.0,0.0,0.0,0.0,0.0,0.0,0.0,0.0,118.03530438027038,-704.810311958209,306.4032423674841,0.0,0.8765666907157356,0.0,829.5750994205986,-829.5750994205986,-1000.0,0.0,90.50877331874688,0.0,25.034151538336147,-33.38697991995845,0.0,0.0,179.33029895091562,0.0,0.0,0.0,0.0,0.0,0.0,0.0,0.0,0.0,0.0,0.0,0.0,0.0,6.8303897977849575,279.49772539933963,279.49772539933963,0.0,0.0,0.0,0.0,0.0,0.0,0.0,0.0,0.0,0.0,0.11383982996308262,0.0,14.216899452600456,0.0,0.0,14.216899452600456,0.0,0.0,0.0,124.76478746238953,0.0,0.0,0.0,0.0,0.0,0.0,0.0,0.0,0.0,0.0,440.69665122728395,0.0,0.0,3.4151948988924787,3.4151948988924787,1000.0,-1000.0,0.0,0.0,0.0,0.0,0.0,0.0,0.0,261.7439238400816,0.0,358.56893108906087,0.01138398299630826,0.0,0.0,-984.9658241700898,1000.0,527.98446410987,0.0,0.0,0.0,0.0,0.0,0.0,0.0,0.0,0.0,0.0,0.0,0.0,0.0,0.0,0.0,0.0,0.01138398299630826,0.0,0.0,0.0,115.74120359008867,-115.74120359008867,0.0,0.0,0.0,0.0,0.0,732.6555625719075,-735.6096428675403,0.0,0.0,-0.8537987247231197,0.0,-0.5691991498154135,0.0,843.75,843.75,-843.75,0.0,0.0,0.0,0.0,0.0,0.0,0.0,279.49772539933963,0.0,0.0,0.0,-565.8258405964642,0.0,0.0,0.0,44.2336043304552,0.0,0.0,0.01138398299630826,0.0,0.01138398299630826,0.0,0.0,0.0,6.8303897977849575,13.888459255496079,13.888459255496079,0.0,0.0,0.0,0.0,0.0,0.0,0.0,306.4032423674841,0.0,0.0,0.0,0.0,0.0,0.0,0.0,0.0,0.0,0.0,0.0,0.0,0.0,0.0,0.0,0.0,0.0,0.0,0.0,170.4249005794014,0.0,0.0,0.0,0.017075974494462392,0.0,0.0,0.0,-124.76478746238953,0.0,0.0,0.0,0.0,0.0,-97.67828735309254,0.5691991498154131,0.0,0.0,0.0,0.0,246.57614069090516,-13.34033276188472,-0.5691991498154135,0.0,0.0,0.0,0.0,0.0,0.0,0.0,279.49772539933963,0.0,0.0,563.9863754998227,-81.65201159782308,0.0,629.1264457682224,448.4477922178198,719.3152298100227,0.0,0.0,-719.3152298100227,735.6096428675403,0.0,0.0,0.5691991498154135,1000.0,0.0,0.0,-14.216899452600456,-104.64894030659707,0.0,0.0,348.345058239157,-348.345058239157,0.0,0.0,0.0,0.0,0.0,90.3784728420041,0.0,13.888459255496079,0.0,-673.6552420850489,-673.6552420850489,687.8721415376494,0.0,0.0,0.0,0.0,0.0,0.0,0.0,0.0,100.23968352726217,-15.034175829910168,-411.68737165781965,0.0,3.4151948988924787,0.0,0.0,0.0,0.0,-102.85322678646949,0.0,0.0,0.012522381295930123,0.0,0.0,0.0,6.944229627748039,0.0,0.0,0.0,0.0,332.30642812950447,0.0,0.0,0.0,0.0,0.0,0.0,0.0,0.0,0.0,0.0,277.7083936244721,0.0011383982996308261,0.0,0.0,0.0,0.0,0.0,0.0,0.0,0.0,0.0,-984.9658241700898,14.216899452600456,0.0,0.0,0.0,0.0,97.67828735309254,0.0,0.0,0.0,0.0,0.0,0.0,0.0,0.0,0.0,0.0,0.0,0.0,778.3643171264479,0.0,-304.05418244729833,0.0,0.0,0.0,6.8303897977849575,0.0,0.0,0.0,0.0,0.0,0.0,-6.8303897977849575,0.0,0.0,0.0,0.0,0.0,0.0,0.0,0.0,0.0,14.216899452600456,14.216899452600456,0.0,-358.56893108906087,-1000.0,7.798028352471159,-124.76478746238953,0.0,0.0,-719.3607657420085,0.0,0.0,0.0,0.0,0.0,0.0,0.0,0.0,0.0,0.0,0.0,0.0,0.0,0.0,0.0,0.0,0.0,-1.4229978745385332,279.49772539933963,-139.45210777044852,-0.8537987247231194,0.0,0.0,0.0,0.0,0.0,-0.14229978745385327,0.0,840.2585831741374,0.0,0.0,0.0,0.0,0.0,0.0,0.0,1000.0,3.4151948988924787,3.4151948988924787,0.0,0.0,0.0,0.0,0.0,0.012522381295930123,97.67828735309254,0.0,0.0,719.3607657420085,277.70725522617244,0.0,0.0,0.0,0.0,0.0,0.0,0.0,0.0,0.0,0.0,0.0,0.0,0.0,0.0,0.0,0.0,0.0,0.0,11.953182146123675,0.0,0.0,0.8765666907157356,0.0,0.0,0.0,97.67828735309254,0.0,-1.2431309431972295,0.0,0.0,0.0,-1.4229978745385332,0.0,0.0,0.0,0.0,0.0,0.0,0.0,0.0,0.0,0.0,0.0,0.0,0.0,0.0,0.0,0.0,0.0,0.0,-0.01138398299630826,0.0,0.0,0.5691991498154131,-90.50877331874688,0.0,0.0,0.0,0.0,279.49772539933963,0.0,0.0,0.0,0.9801609359821322,0.28459957490770654,0.0,0.0,0.0,0.01138398299630826,0.0,11.38398299630826,-3.529034728855561,2.2767965992616523,0.08131416425934472,31.76131255970005,-0.008537987247231196,69.86835367267811,0.22767965992616523,-0.05691991498213156,-31.76131255970005,3.4151948988924787,-0.011383982996308262,26.51222396401675,0.0,0.0028459957490770656,0.08131416425934472,-79.53667189205025,-1.8123300930126431,13.989219792674335,42.310258607216724,-0.011383982996308262,0.0028459957490770656,-31.76131255970005,252.14097394669508,0.011383982996308262,0.01138398299630826,-97.6543809888003,0.012522381295953167,0.0,-0.008537987247231196,3.4151948988924787,0.011383982996308262,124.76478746238953,115.65760106534292,-0.005691991498154131,88.59784450564942,107.92304253731112,-0.008537987247231196,-0.011383982996308262,-3.529034728855561,0.01138398299630826,1.1383982996308262,-0.22767965992616523,170.4249005794014,170.4249005794014,-1.1383982996308362,-42.310258607216724,-170.4249005794014,2.2767965992616523,0.017075974494462392,-870.025524719492,1.1383982996308262,-118.03530438027038,0.0,-2.2767965992616523,0.005691991498154131,0.11383982996308262,13.256111982008376,-79.37521499856142,-0.01138398299630826,-100.23968352726217,97.6543809888003,3.529034728855561,0.011383982996308262,1.8123300930126431,-386.0129478061317,0.0,-0.01138398299630826,-0.0028459957490770656,0.0,-0.011383982996308262,-98.86160170036918,0.011383982996359194,-0.0028459957490770656,-0.0028459957490770656,-0.0028459957490770656,4.553593198523305,-115.65760106534292,0.11383982996308262,8.434108402390962,-0.0028459957490770656,0.0,0.5691991498154131,50.0,0.01138398299630826,0.005691991498154131,0.005691991498154131,1.1383982996308262,3.529034728855561,0.01138398299630826,-3.529034728855561,0.11383982996308262,0.011383982996308259,-8.434108402390962,0.011383982996308262,0.045535931985796196,0.05691991498213156,0.005691991498154131,0.0028459957490770656,3.4151948988924787,-0.011383982996308262,0.0,-6.994609896337168,-16.868216804781923,69.58375409777041,-1.1383982996308262,2.2767965992616523,0.5691991498154131,-0.011383982996308262,79.53667189205025,0.017075974494462392,-0.011383982996308259,-2.2767965992616523,3.529034728855561,149.61099871503006,0.005691991498154131,-100.0,-0.011383982996308262,-0.011383982996359194,-0.011383982996308262,0.005691991498154131,31.76131255970005,-2.2767965992616523,0.01138398299630826,26.51222396401675,-0.0028459957490770656,-0.012522381295953167,-26.51222396401675,1.707597449446239,-107.9230425373111,-150.39439924793072,31.76131255970005,-0.008537987247231196,100.23968352726217,79.37521499856142,0.011383982996308262,-0.0028459957490770665,0.5691991498154135,11.38398299630826,-0.005691991498154131,-0.011383982996308262,0.0028459957490770656,1000.0,0.0,570.0198327279938,0.0,-255.0,0.0,663.1399786719724,-140.0,251.00257564706425,-80.0,-255.0,-325.0,-300.0,40.0,127.5,127.5,-251.00257564706425,70.0,-97.67828735309254,-46.757771928560565,300.0,325.0,-46.757771928560565,-663.1399786719724,524.0072640892366,0.0,1496.5981,hplb
251,0.0,0.0,0.0,0.0,0.0,0.0,0.0,0.0,-0.023017155057712582,0.0,0.0,0.0,0.0,0.0,0.0,0.0,-349.6452292425831,-350.3547707574169,0.0,1000.0,0.0,0.0,0.0,0.0,0.0,0.0,0.0,0.0,0.0,-808.5696749443467,0.0,0.0,0.0,0.0,0.0,0.0,0.0,286.8601358549814,0.0,-854.5174495002245,1000.0,0.0,0.0,1000.0,0.0,0.0,483.50653052838624,0.0,158.21490418692986,-645.7166981165263,0.0,0.0,0.0,0.025318870563467044,0.0,0.0,0.0,4.603431011542517,0.0,0.0,-65.7904030545925,0.0,-742.7155383542832,-1000.0,0.0,0.0,0.0,0.0,0.0,0.0,0.0,0.23017155057712588,0.0,0.0,0.0,0.0,0.0,0.0,0.0,0.0,0.0,0.0,0.0,0.0,13.810293034627552,0.0,127.59471179621822,-324.5235995360571,730.3710861025404,0.0,-0.005754288764428146,0.0,0.0,828.0110940991067,6.905146517313776,0.0,6.905146517313776,-533.6446274945669,0.0,0.0,0.0,1.1508577528856292,-1000.0,0.0,0.0,-30.490765854721435,679.6217424024426,0.0,0.0,0.0,0.0,0.0,0.0,0.0,0.0,0.0,0.0,0.0,0.0,0.0,0.0,0.0,0.0,0.0,-785.4209992410742,0.0,0.0,6.905146517313776,0.0,7.135318067890902,7.135318067890902,0.0,-549.0619971596326,0.0,549.0619971596326,-549.0619971596326,-191.49405859112426,0.0,0.0,0.0,0.0,0.0,0.0,0.0,0.0,129.3670327356621,0.023017155057712582,0.0,0.0,0.0,-679.6217424024426,0.0,0.0,0.0,178.92206768677033,0.0,-172.5415208120212,0.0,0.0,0.0,0.0,0.0,-100.69937798467387,-100.69937798467387,0.0,0.0,0.0,0.0,689.4618937093825,0.0,0.0,-100.67636082961616,0.0,0.0,0.0,-467.553835323499,0.0,0.0,0.0,0.0,0.0,0.0,0.0,0.0,0.0,0.0,0.0,0.0,0.0,0.0,0.0,-864.3908342960892,0.0,0.0,0.0,0.0,0.0,645.7166981165263,0.0,-430.3710861025404,430.3710861025404,102.97934437044671,0.0,0.0,0.0,0.0,0.0,0.0,191.43032505565327,-781.2363878676146,0.0,0.0,0.0,0.0,0.0,0.0,0.0,0.0,0.0,0.0,0.0,0.0,0.0,619.5622386603746,-90.79313797691496,1000.0,0.0,0.0,0.0,88.51471422067755,167.67526733917103,0.0,0.0,0.0,0.0,-65.7904030545925,0.0,0.0,0.0,0.0,0.0,0.0,0.0,0.0,0.0,0.0,0.0,0.0,0.0,-349.6797549751697,811.062417229911,-596.6797814516676,0.0,-1000.0,0.0,0.0,191.49405859112426,997.6522501841133,0.0,0.0,0.0,97.19473215805272,0.0,0.0,-1000.0,0.0,0.0,-1000.0,0.0,0.0,300.0,0.0,385.58283848916983,645.7166981165263,0.0,-192.1661129628178,0.0,0.0,0.0,-937.9834212698552,0.0,937.9834212698552,0.0,0.0,0.0,88.51471422067755,0.0,0.0,0.0,0.0,-65.7904030545925,-0.03452573258656887,0.0,0.0,0.0,0.0,0.023017155057712582,0.0,0.0,0.0,586.8310760691577,-349.6452292425831,0.0,-20.327177236480956,577.9016431911783,0.0,887.3901557609546,0.0,0.0,0.0,-30.490765854721435,0.0,0.0,0.0,-1.9817770504690364,1.9817770504690364,0.0,-642.6206446589583,-1000.0,0.0,0.0,0.0,0.0,0.0,0.0,0.0,0.0,0.0,0.0,0.0,0.0,0.0,0.0,0.0,0.0,0.0,-713.0477955247882,0.0,-1000.0,0.0,0.0,532.9034751017086,0.0,0.0,649.8377282518164,-129.3670327356621,0.0,0.0,0.0,0.0,0.0,0.0,0.0,-45.42569209759063,0.0,-1.9817770504690364,730.1509069424509,-1.1508577528856292,0.0,-30.992599285209998,0.0,44.274834344705,0.0,-0.5754288764428146,0.0,0.0,0.0,610.4218153397946,165.50985820002393,-816.9407582539031,6.905146517313776,0.0,0.0,0.0,0.0,0.0,0.0,0.0,-619.5622386603746,619.5622386603746,619.5622386603746,280.8873348431789,0.0,0.0,0.0,0.0,0.0,191.43032505565327,0.0,0.0,-67.8854411078728,0.0,0.0,119.51499075635927,0.0,0.0,0.0,0.0,-97.69828449422874,0.04603431011544054,0.0,0.0,0.0,0.0,0.0,0.0,0.0,0.0,0.0,0.0,0.0,0.0,0.0,0.0,0.0,0.0,0.0,0.0,0.0,0.025318870563467044,0.025318870563467044,0.0,267.4776532792171,0.0,13.810293034627552,0.0,0.0,0.0,1000.0,0.0,0.0,127.59471179621822,0.0,0.0,587.1593735118093,-1000.0,0.0,0.0,0.0,0.0,0.0,119.51499075635927,0.0,0.0,0.0,0.0,0.0,0.0,0.0,261.80699974702475,-586.8310760691577,0.0,0.0,129.3670327356621,0.0,0.0,828.0110940991067,557.356482389489,0.0,587.1593735118093,0.0,-510.5389109824194,1000.0,0.0,0.0,619.5622386603746,0.0,0.0,0.0,0.0,0.0,0.0,0.0,0.0,0.0,0.0,0.0,0.0,0.0,13.810293034627552,191.49405859112426,191.49405859112426,0.0,0.0,0.0,0.0,0.0,0.0,0.0,0.0,0.0,0.0,0.23017155057712588,0.0,0.0,127.59471179621822,-127.59471179621822,0.0,0.0,0.0,0.0,6.905146517313776,0.0,0.0,0.0,0.0,0.0,0.0,0.0,0.0,0.0,0.0,1000.0,-491.29244047823283,0.0,6.905146517313776,6.905146517313776,1000.0,-1000.0,0.0,119.51499075635927,0.0,0.0,0.0,0.0,0.0,642.6206446589583,191.43032505565327,1000.0,0.023017155057712582,0.0,0.0,0.0,1.8561691471541075,0.0,0.0,-828.0110940991067,0.0,0.0,0.0,0.0,0.0,0.0,0.0,0.0,0.0,0.0,0.0,0.0,0.0,0.0,0.023017155057712582,0.0,0.0,0.0,-132.95594700444713,132.95594700444713,0.0,0.0,0.0,0.0,0.0,630.0478895392787,-178.92206768677033,-226.51144717323217,-286.95220447521183,-1.726286629328444,0.0,-1.15085775288563,0.0,0.0,0.0,0.0,0.0,0.0,0.0,0.0,0.0,0.0,0.0,191.49405859112426,0.0,0.0,0.0,-205.36808516122278,0.0,0.0,0.0,-0.023017155057712582,0.0,0.0,0.023017155057712582,0.0,0.023017155057712582,0.0,0.0,0.0,13.810293034627552,28.080929170409355,28.080929170409355,0.0,0.0,0.0,0.0,0.0,0.0,0.0,0.0,0.0,191.43032505565327,0.0,0.0,0.0,0.0,0.0,0.0,0.0,0.0,0.0,0.0,0.0,0.0,0.0,0.0,0.0,0.0,0.0,270.6546117096177,0.0,0.0,0.0,0.03452573258656887,0.0,0.0,0.0,-6.905146517313776,0.0,0.0,0.0,0.0,0.0,-267.4776532792171,1.1508577528856292,0.0,0.0,0.0,0.0,-689.4618937093825,0.0,-1.15085775288563,0.0,0.0,0.0,0.0,0.0,0.0,0.0,191.49405859112426,0.0,0.0,0.0,-352.0845853811575,0.0,221.64075651459953,-30.490765854721435,0.0,-129.3670327356621,226.51144717323217,-97.14441443757008,178.92206768677033,969.5713210137039,0.0,1.15085775288563,768.6761772206946,0.0,0.0,0.0,-323.07486470030926,93.75000000000009,-93.75000000000009,529.4049704819854,-529.4049704819854,0.0,0.0,0.0,0.0,0.0,-3.452573258656912,0.0,28.080929170409355,0.0,0.0,0.0,0.0,0.0,0.0,0.0,0.0,0.0,0.0,0.0,0.0,272.6565131672025,-1.8561691471541075,-830.682763257539,0.0,6.905146517313776,127.59471179621822,0.0,0.0,0.0,-396.7789011366716,0.0,0.0,0.025318870563467044,0.0,0.0,0.0,14.040464585204678,0.0,0.0,0.0,0.0,-90.79313797691496,0.0,679.6217424024426,0.0,0.0,0.0,0.0,0.0,0.0,0.0,0.0,0.0023017155057713243,0.0023017155057713243,0.0,0.0,0.0,0.0,0.0,0.0,0.0,0.0,0.0,0.0,0.0,0.0,0.0,0.0,0.0,267.4776532792171,0.0,0.0,0.0,0.0,0.0,0.0,0.0,645.7166981165263,0.0,0.0,0.0,255.18942359243644,844.5072841909335,0.0,-350.3547707574169,0.0,0.0,0.0,13.810293034627552,0.0,0.0,0.0,0.0,0.0,0.0,-13.810293034627552,0.0,255.18942359243644,0.0,0.0,0.0,0.0,0.0,0.0,0.0,0.0,0.0,0.0,-1000.0,-1000.0,15.766751214533125,-408.1492615317617,401.2441150144479,0.0,286.8601358549814,0.0,0.0,0.0,0.0,0.0,0.0,0.0,0.0,0.0,0.0,0.0,0.0,0.0,0.0,0.0,0.0,0.0,-2.877144382214074,191.49405859112426,-1.726286629328444,-1.726286629328444,0.0,0.0,0.0,0.0,0.0,219.60116031096226,-219.88887474918366,246.80750879464313,0.0,0.0,0.0,0.0,0.0,0.0,0.0,1000.0,6.905146517313776,6.905146517313776,0.0,0.0,0.0,0.0,0.0,0.025318870563467044,267.4776532792171,0.0,0.0,-286.8601358549814,0.0,0.0,0.0,0.0,0.0,0.0,0.0,0.0,0.0,0.0,0.0,0.0,0.0,0.0,0.0,0.0,0.0,7.135318067890902,0.0,24.168012810598217,129.3670327356621,0.0,0.0,0.0,0.0,0.0,267.4776532792171,0.0,-0.7411523928582255,0.0,0.0,0.0,-2.877144382214074,0.0,0.0,0.0,0.0,0.0,0.0,0.0,0.0,0.0,0.0,0.0,0.0,0.0,0.0,0.0,0.0,0.0,0.0,-0.023017155057712582,0.0,0.0,1.1508577528856292,-587.1593735118093,0.0,0.0,0.0,0.0,191.49405859112426,0.0,0.0,0.0,1.9817770504690364,0.5754288764428146,0.0,0.0,0.0,0.023017155057712582,0.0,23.017155057712582,0.0,4.603431011542517,0.16440825041223275,78.48849874679992,-0.017262866293284437,1.1508577528856279,0.4603431011542517,-0.11508577528811943,-78.48849874679992,6.905146517313775,-0.023017155057712586,10.163588618240478,119.51499075635927,0.005754288764428146,0.16440825041223275,-30.490765854721435,-131.25904288140595,-0.4603431011542517,-300.0,-0.023017155057712586,0.005754288764428146,-78.48849874679992,2.301715505771258,0.023017155057712586,0.023017155057712582,-267.42931725359597,-127.56939292565474,-36.71675278478588,-0.017262866293284437,6.905146517313776,0.023017155057712586,6.905146517313781,-11.508577528856293,-0.011508577528856291,270.23980530624993,-170.0,-0.017262866293284437,-0.023017155057712575,0.0,0.023017155057712582,2.3017155057712584,-0.4603431011542517,270.6546117096177,270.6546117096177,-2.301715505771258,300.0,-270.6546117096177,4.603431011542517,0.03452573258656887,-1000.0,2.3017155057712584,-261.80699974702475,119.51499075635927,-4.603431011542517,0.011508577528856293,0.23017155057712588,5.081794309120239,-347.481154369615,-0.023017155057712582,-272.6565131672025,267.42931725359597,7.135318067890902,0.023017155057712586,131.25904288140595,91.89440468710399,119.51499075635927,-0.023017155057712582,-0.005754288764428146,-119.51499075635927,-0.023017155057712586,-777.3200268966714,0.023017155057712586,-0.005754288764428146,-0.005754288764428146,-0.005754288764428146,9.206862023085034,11.508577528856293,0.23017155057712588,17.052834753382683,-0.005754288764428146,0.0,1.1508577528856292,50.0,0.023017155057712582,0.011508577528856291,0.011508577528856293,17.801853773612116,0.0,0.023017155057712582,0.0,0.23017155057712588,0.023017155057712586,-17.052834753382683,0.023017155057712586,0.09206862023040685,0.11508577528811943,0.011508577528856291,0.005754288764428146,6.905146517313776,-0.023017155057712586,36.71675278478588,0.23017155057712585,-34.105669506765366,0.5754288764428162,-2.3017155057712584,4.603431011542517,1.1508577528856292,-0.023017155057712586,30.490765854721435,0.03452573258656887,-0.023017155057712586,-35.60370754722423,0.0,395.85506286793697,0.011508577528856293,-100.0,-0.023017155057712586,-0.023017155057712586,-0.023017155057712586,0.011508577528856288,78.48849874679992,-4.603431011542517,0.023017155057712582,10.163588618240478,-0.005754288764428146,127.56939292565474,-10.163588618240478,3.452573258656887,170.0,298.7319197717789,78.48849874679992,-0.017262866293284437,272.6565131672025,347.48115436961507,0.023017155057712586,-0.005754288764428147,1.15085775288563,23.017155057712582,-0.011508577528856291,-0.023017155057712586,0.0057542887644281455,150.9694309120114,0.0,699.9884914224712,0.0,-113.02253898496167,0.0,945.9771102499192,-30.999444981496865,0.0,-80.0,-255.0,-226.24418752614204,-300.0,40.0,56.511269492480835,127.5,0.0,15.499722490748432,-267.4776532792171,0.9238382687346699,300.0,226.24418752614204,0.9238382687346699,-945.9771102499192,425.89049502852197,0.0,1496.5981,hplb
252,0.0,0.0,0.0,0.0,0.0,0.0,0.0,0.0,-0.0010816836395563488,0.0,0.0,0.0,0.0,0.0,0.0,0.0,0.0016225254593345232,0.0,0.0,231.48575147256363,0.0,0.0,0.0,0.0,0.0,0.0,0.0,0.0,0.0,-469.4957784619761,0.0,0.0,116.68472343004804,0.0,0.0,0.0,0.0,-637.2652445446345,0.0,-1000.0,352.5056255473051,0.0,0.0,0.0,0.0,0.0,0.0,0.0,469.4941559365168,0.0,0.0,0.0,0.0,0.0011898520035060756,0.0,0.0,0.0,0.0,0.0,0.0,97.9488914214611,0.0,0.0,-196.18356366049187,0.0,0.0,0.0,0.0,0.0,130.5628609415677,0.0,0.01081683639556349,0.0,0.0,0.0,0.0,0.0,0.0,0.0,970.9512888127526,0.0,0.0,-510.7731073071363,0.0,0.6490101837338094,0.0,0.0,-353.751280200235,115.74287573628183,0.0,-0.0002704209098890872,0.0,0.0,0.0,0.3245050918669047,0.0,0.3245050918669047,0.0,0.0,0.0,0.0,0.05408418197781744,-1000.0,0.0,0.0,-23.29137136151776,0.0,279.63056444202186,0.0,0.0,0.0,0.0,0.0,0.0,0.0,0.0,0.0,0.0,0.0,0.0,0.0,0.0,0.0,0.0,-390.46047956498575,0.0,0.0,0.3245050918669047,0.0,0.33532192826246815,0.0,0.0,-209.02644513352698,0.0,209.02644513352698,-209.02644513352698,640.0693197490971,-281.18750000000193,281.18750000000193,-934.20177483105,0.0,0.0,0.0,0.0,0.0,510.8563969473821,0.0010816836395563488,0.0,0.0,0.0,0.0,0.0,0.0,0.0,539.0316539892434,0.0,-52.13344048366897,0.0,0.0,0.0,0.0,0.0,66.20427118515349,66.20427118515349,0.0,0.0,0.0,0.0,0.0,0.0,0.0,66.20535286879304,0.0,0.0,0.0,-625.8298075557619,-585.8588088990518,0.0,0.0,0.0,0.0,0.0,0.0,0.0,0.0,0.0,0.0,0.0,0.0,0.0,0.0,-1000.0,0.0,0.0,0.0,0.0,0.0,0.0,0.0,-115.74287573628183,115.74287573628183,0.0,0.0,0.0,0.0,0.0,0.0,0.0,530.5042215380239,892.9644765580277,0.0,0.0,0.0,0.0,0.0,0.0,0.0,0.0,0.0,0.0,0.0,0.0,0.0,326.8685881084634,70.42648579887943,0.0,0.0,0.0,0.0,163.56959414038522,84.30511074724393,0.0,0.0,0.0,0.0,97.9488914214611,0.0,0.0,0.0,0.0,0.0,0.0,0.0,0.0,0.0,489.1436030526179,0.21633672791126976,0.0,0.0,0.0,231.4857514725636,0.0,0.0,0.0,0.0,0.0,294.1324550819529,1000.0,0.0,0.0,0.0,-363.40527814580264,0.0,0.0,-1000.0,0.0,0.0,-1000.0,0.0,0.0,0.0,0.0,0.0,0.0,0.0,-81.28721339288171,0.0,0.0,0.0,0.0,0.0,0.0,0.0,401.5193070684657,130.5628609415677,163.56959414038522,953.9782159437539,0.0,0.0,0.0,97.9488914214611,-0.0016225254593345232,0.0,0.0,0.0,0.0,0.0010816836395563488,0.0,0.0,0.0,426.2267811082713,0.0016225254593345232,0.0,-285.06220865291266,15.460379617668318,585.8588088990518,277.53777768553715,0.0,1000.0,0.0,-23.29137136151776,0.0,0.0,0.0,-0.09313296136579571,0.0,-999.9068670386342,-1000.0,-1000.0,0.0,0.0,0.0,0.0,0.0,0.0,0.0,0.0,0.0,0.0,0.0,0.0,0.0,0.0,0.0,0.0,0.0,-1000.0,0.0,-362.7390821899231,510.7731073071363,0.0,489.1087728394248,0.0,624.8604110518395,0.0,-1000.0,0.0,0.0,0.0,0.0,0.0,0.0,-527.954435617338,708.6144232066414,0.0,0.0,0.0,-0.05408418197781744,998.4503800179716,0.0,527.954435617338,-708.6685073886192,177.4149853899258,-0.02704209098890872,0.0,-622.8065693051541,0.0,-372.2095138765176,0.0,444.30859182649175,0.3245050918669047,0.0,0.0,0.0,0.0,0.0,0.0,0.0,-326.8685881084634,326.8685881084634,326.8685881084634,278.0750346336065,0.0,0.0,-335.3161175669518,0.0,0.0,530.5042215380239,0.0,0.0,-98.23467223903077,0.0,718.7500000000007,75.29235295363486,0.0,0.0,0.0,0.0,70.10198070701252,0.0021633672791114985,0.0,0.0,0.0,0.0,0.0,0.0,0.0,0.0,0.0,0.0,0.0,0.0,0.0,0.0,0.0,0.0,0.0,0.0,0.0,0.0011898520035060756,0.0011898520035060756,0.0,282.8950662915301,0.0,0.6490101837338094,0.0,0.0,0.0,1000.0,0.0,0.0,0.0,0.0,0.0,6.68855425590786,-1000.0,0.0,0.0,0.0,0.0,0.0,75.29235295363486,0.0,0.0,0.0,0.0,0.0,0.0,0.0,130.15349318832858,-426.2267811082713,0.0,0.0,0.0832896402458388,0.0,915.6948892527561,-915.6948892527561,-1000.0,0.0,6.68855425590786,0.0,1000.0,-923.2094650370796,0.0,0.0,326.8685881084634,0.0,0.0,0.0,0.0,0.0,0.0,0.0,0.0,0.0,0.0,0.0,0.0,0.0,0.6490101837338094,294.1324550819529,294.1324550819529,0.0,0.0,0.0,0.0,0.0,0.0,0.0,0.0,0.0,0.0,0.01081683639556349,0.0,0.0,0.0,0.0,0.0,0.0,0.0,0.0,0.3245050918669047,0.0,0.0,0.0,0.0,0.0,0.0,0.0,0.0,0.0,0.0,758.63737811856,-704.1677693318092,0.0,0.3245050918669047,0.3245050918669047,-568.3160237408836,-1000.0,0.0,75.29235295363486,0.0,0.0,0.0,0.0,0.0,1000.0,530.5042215380239,832.9145776532732,0.0010816836395563488,0.0,0.0,0.0,1.428517772268381,0.0,0.0,0.0,0.0,-130.5628609415677,0.0,0.0,0.0,0.0,0.0,0.0,0.0,0.0,0.0,0.0,0.0,0.0,0.0010816836395563488,0.0,0.0,0.0,0.0,0.0,0.0,0.0,0.0,0.0,-802.9750010278185,292.0837738672433,-28.258546682107124,0.0,637.2609178100769,-0.08112627296672617,-0.05408418197781744,0.0,0.0,0.0,0.0,0.0,0.0,0.0,0.0,0.0,0.0,0.0,0.0,294.1324550819529,585.8588088990518,0.0,0.0,72.15316213195207,0.0,0.0,0.0,-0.0010816836395563488,0.0,0.0,0.0010816836395563488,0.0,0.0010816836395563488,0.0,0.0,0.0,0.6490101837338094,1.3196540402587456,1.3196540402587456,0.0,0.0,0.0,0.0,0.0,0.0,0.0,0.0,0.0,530.5042215380239,0.0,0.0,0.0,0.0,0.0,0.0,0.0,0.0,0.0,0.0,0.0,0.0,0.0,0.0,0.0,0.0,0.0,84.30511074724393,0.0,0.0,0.0,0.0016225254593345232,0.0,0.0,0.0,-0.3245050918669047,0.0,0.0,0.0,0.0,0.0,-282.8950662915301,0.05408418197781744,0.0,0.0,0.0,0.0,0.0,0.0,0.0,0.0,718.7500000000007,0.0,0.0,0.0,0.0,0.0,294.1324550819529,0.0,0.0,0.0,-43.97352181693333,0.0,324.78366327208875,-23.29137136151776,0.0,-197.0249989721815,0.0,197.0249989721815,539.0316539892434,998.6803459597412,0.0,0.05408418197781744,995.7959283665003,0.0,0.0,0.0,-98.23467223903077,593.7500000000051,-593.7500000000051,0.0,0.0,0.0,0.0,0.0,0.0,0.0,-0.1622525459334427,0.0,1.3196540402587456,0.0,397.89023308852336,397.89023308852336,-397.89023308852336,0.0,0.0,0.0,0.0,0.0,489.1436030526179,0.0,0.0,283.13844511043027,-1.428517772268381,0.0,0.0,0.3245050918669047,0.0,0.0,0.0,0.0,-81.10261598571714,0.0,0.0,0.0011898520035060756,0.0,0.0,0.0,0.6598270201293728,0.0,0.0,0.0,0.0,70.42648579887943,0.0,0.0,0.0,0.0,0.0,0.0,0.0,0.0,0.0,0.0,0.00010816836395563489,0.00010816836395563489,0.0,0.0,0.0,0.0,0.0,0.0,0.0,0.0,0.0,0.0,0.0,0.0,0.0,0.0,0.0,282.8950662915301,0.0,0.0,0.0,0.0,0.0,0.0,0.0,0.0,0.0,0.0,0.0,0.0,30.417795354023724,670.5653571059753,0.0,0.0,0.0,0.0,0.6490101837338216,0.0,0.0,0.0,0.0,0.0,999.3509898162662,-1000.0,0.0,0.0,0.0,0.0,0.0,0.0,0.0,0.0,0.0,0.0,0.0,0.0,-832.9145776532732,-1000.0,0.7409532930960989,-0.3245050918669047,0.0,0.0,-637.2652445446345,0.0,0.0,0.0,0.0,0.0,0.0,0.0,0.0,0.0,299.4791666666666,0.0,-299.47916666666663,-299.4791666666666,0.0,0.0,0.0,0.0,-0.13521045494454362,294.1324550819529,-0.08112627296672617,-0.08112627296672618,0.0,0.0,0.0,0.0,0.0,-0.013521045494454362,0.0,637.266326228274,0.0,0.0,0.0,0.0,0.0,0.0,0.0,1000.0,0.3245050918669047,0.3245050918669047,0.0,0.0,0.0,0.0,970.9512888127526,0.0011898520035060756,282.8950662915301,0.0,0.0,637.2652445446345,0.0,0.0,0.0,0.0,0.0,0.0,0.0,0.0,0.0,0.0,0.0,0.0,0.0,0.0,0.0,0.0,0.0,0.0,0.0,1.1357678215341664,0.0,0.0,0.0832896402458388,0.0,0.0,0.0,282.8950662915301,0.0,489.05468865744695,0.0,0.0,0.0,-0.13521045494454362,0.0,0.0,0.0,0.0,0.0,0.0,0.0,0.0,0.0,0.0,0.0,0.0,0.0,0.0,0.0,0.0,0.0,0.0,-0.0010816836395563488,0.0,0.0,0.05408418197781744,-6.68855425590786,0.0,0.0,0.0,0.0,294.1324550819529,0.0,0.0,0.0,0.09313296136579571,0.02704209098890872,0.0,0.0,0.0,0.0010816836395563488,0.0,1.0816836395563487,-0.33532192826246815,0.2163367279112698,0.007726311711116777,3.0178973543622134,-0.0008112627296672616,0.054084181977869045,0.021633672791126976,-0.005408418197134779,-3.0178973543622134,0.3245050918669047,-0.0010816836395563488,7.7637904538392535,75.29235295363486,0.0002704209098890872,0.007726311711116777,-23.29137136151776,-0.17220403541682572,-0.021633672791126976,-231.48737399802297,-0.0010816836395563488,0.0002704209098890872,-3.0178973543622134,37.966152825145684,0.0010816836395563488,0.0010816836395563488,-282.89279475588705,0.0011898520035119836,0.0,-0.0008112627296672616,0.3245050918669047,0.0010816836395563488,0.3245050918669047,-0.5408418197781745,-0.0005408418197781744,98.7161832067045,-84.41436079483913,-0.0008112627296672616,-0.0010816836395563488,-0.33532192826246815,0.0010816836395563488,0.10816836395563488,-0.021633672791126976,84.30511074724393,84.30511074724393,-0.10816836395563456,231.48737399802297,-84.30511074724393,0.21633672791126976,0.0016225254593345232,-17.01253148857677,0.10816836395563488,-130.15349318832858,75.29235295363486,-0.21633672791126976,0.0005408418197781744,0.01081683639556349,71.26555216322816,-43.75718508902206,-0.0010816836395563488,-283.13844511043027,282.89279475588705,0.33532192826246815,0.0010816836395563488,0.17220403541682572,36.13634812497727,75.29235295363486,-0.0010816836395563488,-0.0002704209098890872,-75.29235295363486,-0.0010816836395563488,70.10198070701252,0.0010816836395563488,-0.0002704209098890872,-0.0002704209098890872,-0.0002704209098890872,0.4326734558225395,0.5408418197781745,0.01081683639556349,0.8013923664565255,-0.0002704209098890872,134.76731387261708,0.05408418197781744,-34.99690617152844,0.0010816836395563488,0.0005408418197781744,0.0005408418197781744,-109.31188270020337,0.33532192826246815,0.0010816836395563488,-0.33532192826246815,0.01081683639556349,0.0010816836395563488,-0.8013923664565255,0.0010816836395563488,0.004326734557594136,0.005408418197134779,0.0005408418197781744,0.0002704209098890872,0.3245050918669047,-0.0010816836395563488,0.0,0.010816836395563488,-1.602784732913051,0.027042090988857126,-0.10816836395563488,0.21633672791126976,0.05408418197781744,-0.0010816836395563488,23.29137136151776,0.0016225254593345232,-0.0010816836395563488,218.62376540040674,0.33532192826246815,179.46651101548468,0.0005408418197781744,69.99381234305687,-0.0010816836395563488,-0.0010816836395563488,-0.0010816836395563488,0.0005408418197781744,3.0178973543622134,-0.21633672791126976,0.0010816836395563488,142.53110432645633,-0.0002704209098890872,-0.0011898520035119836,-142.53110432645633,0.1622525459334523,84.41436079483913,-332.1384715609212,3.0178973543622134,-0.0008112627296672616,283.13844511043027,43.75718508902206,0.0010816836395563488,-0.0002704209098890872,0.05408418197781744,1.0816836395563487,-0.0005408418197781744,-0.0010816836395563488,0.0002704209098890872,1000.0,0.0,17.011990646756992,0.0,-255.0,0.0,309.4343767511125,-140.0,37.85798446119005,587.1808998764761,-255.0,-325.0,0.0,-293.59044993823807,127.5,127.5,-37.85798446119005,70.0,-282.8950662915301,-98.36389502976755,0.0,325.0,-98.36389502976755,-309.4343767511125,136.5949301310898,0.0,1496.5981,hplb
253,0.0,0.0,0.0,0.0,0.0,0.0,0.0,0.0,-0.06136808843366666,0.0,0.0,0.0,0.0,0.0,0.0,0.0,-215.11649245612523,-630.1831779487319,0.0,978.7597768595651,0.0,0.0,0.0,289.45453555244956,0.0,328.4541668153906,0.0,0.0,0.0,-74.13658537172512,11.06378629011476,-11.06378629011476,386.63152903156197,0.0,0.0,0.0,0.0,560.7537706796705,0.0,-1000.0,1000.0,0.0,0.0,0.0,0.0,0.0,0.0,0.0,759.6931512097299,0.0,0.0,0.0,0.0,0.06750489727687636,0.0,0.0,0.0,12.273617686733331,0.0,0.0,66.84591710206587,0.0,0.0,-209.79858340188747,576.400946629529,0.0,0.0,0.0,109.73339946402211,0.0,0.0,0.6136808843366666,0.0,0.0,0.0,0.0,0.0,0.0,0.0,0.0,0.0,0.0,0.0,0.0,36.820853060199994,0.0,0.0,-247.24716653151336,391.7449051752881,0.0,-0.015342022108416663,0.0,0.0,113.64553022441956,18.410426530099997,0.0,84.0565973660561,-13.039838737678679,0.0,0.0,0.0,3.068404421683333,-375.3957995535695,0.0,0.0,0.0,0.0,0.0,0.0,0.0,0.0,0.0,0.0,0.0,0.0,0.0,0.0,0.0,0.0,0.0,0.0,0.0,0.0,0.0,-1000.0,0.0,0.0,84.0565973660561,0.0,19.024107414436664,19.024107414436664,0.0,162.9616125689878,0.0,-162.9616125689878,162.9616125689878,0.0,0.0,0.0,-276.64450050395334,0.0,0.0,0.0,0.0,0.0,4.7253428093923295,0.06136808843366665,0.0,0.0,0.0,-374.06914560245264,0.0,0.0,0.0,0.0,0.0,27.794365229891525,0.0,0.0,0.0,0.0,0.0,147.69205531897074,147.69205531897074,0.0,0.0,0.0,0.0,-28.78102334697158,0.0,0.0,158.81720969751916,0.0,0.0,0.0,264.80893172373453,0.0,0.0,0.0,0.0,0.0,0.0,0.0,0.0,0.0,0.0,-557.4676590045979,0.0,0.0,0.0,0.0,-1000.0,0.0,0.0,0.0,0.0,0.0,0.0,0.0,-144.3505573896614,144.3505573896614,150.72341271040887,0.0,0.0,0.0,0.0,0.0,0.0,301.25921418184436,-320.875483138489,0.0,0.0,0.0,0.0,0.0,0.0,0.0,0.0,0.0,0.0,0.0,0.0,0.0,19.562724993535852,364.26255181187537,-470.44007338187953,0.0,0.0,0.0,16.18768832952235,-37.077882485989306,0.0,0.0,0.0,0.0,66.84591710206587,-470.44007338187953,11.06378629011476,0.0,333.7329894714249,0.0,0.0,0.0,0.0,0.0,0.0,0.0,65.6461708359561,0.0,-215.20854458877568,320.8869179761738,368.0954272885552,0.0,470.44007338187953,0.0,0.0,276.64450050395334,74.86906788907332,0.0,0.0,0.0,-222.38940235287623,0.0,0.0,-935.1301098704924,0.0,0.0,-935.1301098704924,0.0,0.0,247.39434778562674,0.0,-308.21994315704444,0.0,0.0,95.61965133438375,0.0,0.0,0.0,0.0,0.0,0.0,0.0,158.69447352065183,109.73339946402211,16.18768832952235,0.0,0.0,0.0,0.0,66.84591710206587,-0.09205213265049998,0.0,0.0,0.0,0.0,0.06136808843366665,0.0,0.0,0.0,802.2978724095244,-215.11649245612523,0.0,-132.6343373484025,17.43139481378057,0.0,878.5085031667212,0.0,808.7376950118062,0.0,0.0,0.0,0.0,0.0,-5.283792414138541,-109.73339946402211,-693.7205031336455,-1000.0,-1000.0,0.0,0.0,0.0,0.0,0.0,0.0,0.0,0.0,0.0,0.0,0.0,0.0,0.0,0.0,0.0,0.0,333.7329894714249,1000.0,0.0,512.2450278817955,0.0,0.0,0.0,0.0,0.0,546.670225034576,6.33844348072243,0.0,0.0,0.0,390.14222440254747,0.0,0.0,0.0,-33.5314925384674,0.0,0.0,0.0,-232.50429500539175,1000.0,-779.053852344834,0.0,30.463088116784064,0.0,-1.5342022108416664,229.4358905837084,-246.68596144429142,0.0,0.0,214.00424898228528,-182.18564484392357,84.0565973660561,656.2500000000041,-656.2500000000041,0.0,0.0,0.0,0.0,0.0,-19.562724993535852,19.562724993535852,19.562724993535852,-5.261381472679176,0.0,0.0,0.0,0.0,0.0,301.25921418184436,0.0,0.0,-142.9526662998216,0.0,0.0,205.54809419933483,0.0,0.0,0.0,0.0,-93.86319115663333,0.12273617686742,0.0,0.0,0.0,0.0,0.0,0.0,0.0,0.0,0.0,0.0,0.0,0.0,0.0,0.0,0.0,0.0,0.0,0.0,0.0,0.06750489727687636,0.06750489727687636,11.06378629011476,287.2891073068025,0.0,36.820853060199994,0.0,0.0,0.0,1000.0,0.0,0.0,0.0,0.0,0.0,-36.63225191178037,-1000.0,0.0,0.0,101.66874269951481,0.0,0.0,205.54809419933483,0.0,0.0,0.0,0.0,0.0,0.0,0.0,333.3333333333333,-802.2978724095244,374.06914560245264,0.0,37.48214797392177,0.0,0.0,113.64553022441956,0.0,0.0,-354.02409254431575,0.0,-130.4954430684137,0.0,0.0,0.0,19.562724993535852,0.0,0.0,0.0,0.0,0.0,0.0,0.0,0.0,0.0,0.0,0.0,0.0,0.0,36.820853060199994,276.64450050395334,276.64450050395334,0.0,0.0,0.0,0.0,0.0,0.0,0.0,0.0,0.0,0.0,0.6136808843366666,0.0,11.06378629011476,0.0,0.0,11.06378629011476,0.0,0.0,0.0,84.0565973660561,-101.66874269951481,0.0,0.0,32.75680516452944,0.0,0.0,0.0,0.0,0.0,0.0,381.64693475187164,0.0,0.0,18.410426530099997,18.410426530099997,1000.0,-1000.0,0.0,205.54809419933483,0.0,0.0,0.0,0.0,0.0,375.3957995535695,301.25921418184436,370.53735974522266,0.06136808843366665,0.0,0.0,0.0,4.9488979886864035,247.98776378594584,0.0,-113.64553022441956,0.0,-109.73339946402211,0.0,0.0,0.0,0.0,24.414756971733492,0.0,0.0,0.0,0.0,0.0,0.0,0.0,0.06136808843366665,0.0,0.0,0.0,157.57630619271322,-157.57630619271322,0.0,0.0,0.0,0.0,0.0,6.33844348072243,0.0,0.0,-487.7549721182045,-4.602606632524999,-3.068404421683333,0.0,0.0,-281.25,-281.25,281.25,0.0,0.0,0.0,0.0,0.0,0.0,0.0,276.64450050395334,0.0,0.0,0.0,-179.11724042224023,0.0,0.0,0.0,-0.06136808843366665,0.0,0.0,0.06136808843366665,0.0,0.06136808843366665,73.24427091520047,0.0,0.0,36.820853060199994,74.86906788907332,74.86906788907332,0.0,0.0,0.0,0.0,0.0,0.0,0.0,374.06914560245264,0.0,301.25921418184436,0.0,0.0,0.0,0.0,0.0,0.0,0.0,0.0,0.0,0.0,0.0,0.0,0.0,0.0,0.0,0.0,0.0,113.64553022441956,0.0,-255.2098959001901,255.2098959001901,0.09205213265049998,0.0,0.0,0.0,-84.0565973660561,0.0,0.0,0.0,0.0,0.0,-287.2891073068025,3.068404421683333,0.0,0.0,0.0,0.0,28.78102334697158,0.0,0.0,0.0,0.0,0.0,0.0,0.0,0.0,0.0,276.64450050395334,0.0,101.66874269951481,814.4859986258205,267.72638231326664,0.0,686.7955279157193,247.98776378594584,0.0,6.33844348072243,0.0,-6.33844348072243,0.0,0.0,0.0,3.068404421683333,1000.0,0.0,0.0,-11.06378629011476,-142.9526662998216,0.0,0.0,0.0,0.0,0.0,0.0,0.0,0.0,0.0,849.3593729439253,-301.09692720437744,74.86906788907332,0.0,0.0,0.0,11.06378629011476,0.0,0.0,0.0,0.0,0.0,0.0,0.0,0.0,0.0,-4.9488979886864035,-242.26759925741584,0.0,18.410426530099997,0.0,0.0,0.0,0.0,-231.27123542065863,0.0,0.0,0.06750489727687636,0.0,0.0,0.0,37.43453394453666,0.0,0.0,0.0,0.0,364.26255181187537,0.0,0.0,0.0,0.0,0.0,0.0,0.0,0.0,0.0,0.0,0.006136808843366666,0.006136808843366666,0.0,0.0,0.0,0.0,0.0,73.24427091520047,0.0,0.0,0.0,0.0,11.06378629011476,0.0,0.0,0.0,0.0,287.2891073068025,0.0,0.0,0.0,0.0,0.0,0.0,0.0,0.0,0.0,0.0,0.0,0.0,1000.0,0.0,-630.1831779487319,0.0,0.0,0.0,36.820853060199994,0.0,0.0,0.0,0.0,0.0,0.0,-36.820853060199994,0.0,0.0,0.0,0.0,0.0,0.0,0.0,0.0,0.0,11.06378629011476,11.06378629011476,0.0,-370.53735974522266,-1000.0,42.037140577061564,0.0,-84.0565973660561,0.0,487.5094997644701,0.0,0.0,0.0,0.0,0.0,0.0,0.0,0.0,0.0,0.0,0.0,0.0,0.0,0.0,0.0,0.0,0.0,-7.671011054208332,276.64450050395334,-4.602606632524999,296.4943205718524,0.0,0.0,0.0,0.0,0.0,-0.7671011054208333,0.0,142.9526662998216,0.0,0.0,0.0,0.0,0.0,0.0,0.0,1000.0,18.410426530099997,18.410426530099997,0.0,0.0,0.0,0.0,0.0,0.06750489727687636,287.2891073068025,0.0,0.0,-560.7537706796705,0.0,0.0,0.0,0.0,0.0,0.0,0.0,0.0,0.0,0.0,0.0,0.0,0.0,0.0,0.0,0.0,0.0,19.024107414436664,0.0,64.43649285535,4.7253428093923295,0.0,0.0,0.0,0.0,0.0,287.2891073068025,0.0,-16.10824315936201,0.0,0.0,0.0,-7.671011054208332,0.0,0.0,0.0,0.0,0.0,0.0,0.0,0.0,0.0,0.0,0.0,0.0,0.0,0.0,0.0,0.0,0.0,0.0,-0.06136808843366665,0.0,0.0,3.068404421683333,36.63225191178037,0.0,0.0,0.0,0.0,276.64450050395334,0.0,0.0,0.0,5.283792414138541,1.5342022108416664,0.0,0.0,328.4541668153906,0.06136808843366665,0.0,61.36808843366665,0.0,12.273617686733331,0.4383434888119047,209.2651815588033,-0.04602606632524999,3.068404421683333,1.2273617686733331,72.9374304730324,-209.2651815588033,18.410426530099997,-0.06136808843366666,0.0,205.54809419933483,0.015342022108416665,0.4383434888119047,0.0,-9.769799678639583,9.836424521441426,-133.460106454708,-0.06136808843366666,0.015342022108416665,-209.2651815588033,6.136808843366666,0.06136808843366666,0.06136808843366665,-287.160234321092,0.06750489727703332,-232.50695640224944,-0.04602606632524999,18.410426530099997,0.06136808843366666,84.0565973660561,34.96212661912277,-0.03068404421683333,204.71259117235792,30.879705554188973,-0.04602606632524999,-0.06136808843366666,0.0,0.06136808843366665,6.13680884336668,-1.2273617686733331,113.64553022441956,113.64553022441956,-6.136808843366666,133.460106454708,-113.64553022441956,12.273617686733331,0.09205213265049998,-374.5475637718723,6.136808843366666,-333.3333333333333,205.54809419933483,-12.273617686733331,0.030684044216833326,0.6136808843366666,33.15858433710063,280.0,-0.06136808843366665,-301.09692720437744,287.160234321092,19.024107414436664,0.06136808843366666,9.769799678639583,66.26021724297902,205.54809419933483,-0.06136808843366665,-0.015342022108416665,-205.54809419933483,-0.06136808843366666,-93.86319115663333,0.06136808843366666,-0.015342022108416663,-0.015342022108416663,-0.015342022108416663,24.547235373466663,-34.96212661912277,0.6136808843366666,45.46608251829315,-0.015342022108416665,66.31716867420126,3.068404421683333,50.0,0.06136808843366665,0.03068404421683333,0.03068404421683333,45.95031204626185,0.0,0.06136808843366665,0.0,0.6136808843366666,0.06136808843366666,-45.46608251829315,0.06136808843366666,0.24547235373438525,-72.9374304730324,0.03068404421683333,0.015342022108416665,18.410426530099997,-0.06136808843366666,232.50695640224944,-4.918212260720713,-90.9321650365863,1.5342022108416664,-6.13680884336668,12.273617686733331,3.068404421683333,-0.06136808843366666,0.0,0.09205213265049998,-0.06136808843366666,-91.9006240925237,0.0,448.3552124295862,0.03068404421683333,-100.0,-0.06136808843366666,-0.06136808843366666,-0.06136808843366666,0.03068404421683333,209.2651815588033,-12.273617686733331,0.06136808843366665,66.31716867420126,-0.015342022108416663,-0.06750489727703332,-66.31716867420126,9.205213265049997,-30.879705554188973,-117.93862387363623,209.2651815588033,-0.04602606632524999,301.09692720437744,-280.0,0.06136808843366666,-0.015342022108416668,393.2106288242308,61.36808843366665,-0.03068404421683333,-0.06136808843366666,0.015342022108416665,1000.0,0.0,127.12253194202876,0.0,-255.0,0.0,428.21254243543535,-140.0,0.0,651.7677658540925,-255.0,-325.0,-247.39434778562674,-325.8838829270463,127.5,127.5,0.0,70.0,-287.2891073068025,-217.08397700892755,247.39434778562674,325.0,-217.08397700892755,-428.21254243543535,177.90775817454482,0.0,1496.5981,hplb
254,0.0,0.0,0.0,0.0,0.0,0.0,0.0,0.0,-0.09146629413654388,0.0,0.0,0.0,0.0,0.0,0.0,0.0,-889.6967084851647,1000.0,0.0,76.38295638917907,0.0,0.0,0.0,731.631561776636,0.0,0.0,0.0,0.0,0.0,-813.3137520959856,0.0,0.0,101.46590152542117,0.0,0.0,0.0,0.0,90.26178061698761,0.0,-1000.0,738.5796954000663,0.0,0.0,1000.0,0.0,0.0,0.0,0.0,703.0104605811503,0.0,0.0,0.0,0.0,0.10061292355030105,0.0,0.0,0.0,18.293258827308776,0.0,0.0,-2.6282266771232656,0.0,-717.981106789065,-835.4432223639277,0.0,0.0,0.0,0.0,0.0,0.0,0.0,0.9146629413654388,0.0,0.0,0.0,0.0,0.0,0.0,0.0,0.0,0.0,0.0,-95.60565345043764,0.0,54.87977648192633,0.0,32.851058006078155,-725.4358326320323,-601.1916715599389,1000.0,-0.02286657353413597,0.0,0.0,0.0,27.439888240963164,0.0,188.83434691264833,-2.9452146711964815,246.7021972880224,0.0,0.0,4.573314706827194,-920.0244471883316,0.0,0.0,-36.5126933741611,0.0,0.0,0.0,0.0,0.0,0.0,0.0,0.0,0.0,0.0,0.0,0.0,0.0,0.0,0.0,0.0,0.0,0.0,-729.6947006563696,0.0,0.0,188.83434691264833,0.0,28.3545511823286,0.0,0.0,877.9481278999446,-877.9481278999446,0.0,0.0,0.0,0.0,0.0,-114.83388889773941,0.0,0.0,0.0,0.0,0.0,135.49961610502976,0.09146629413654388,0.0,0.0,0.0,0.0,0.0,0.0,0.0,105.08887139653822,0.0,335.90555767736504,0.0,0.0,0.0,0.0,0.0,788.1649528532956,788.1649528532956,0.0,0.0,0.0,281.25,0.0,0.0,0.0,788.2564191474322,0.0,0.0,0.0,331.1520708864774,0.0,0.0,0.0,0.0,0.0,0.0,0.0,0.0,0.0,0.0,0.0,0.0,0.0,0.0,0.0,-1000.0,0.0,0.0,0.0,0.0,0.0,0.0,0.0,-98.80832844006113,98.80832844006113,114.83388889773941,0.0,0.0,0.0,0.0,0.0,0.0,106.71069509234594,-820.6271744674259,0.0,0.0,0.0,0.0,0.0,0.0,0.0,0.0,0.0,0.0,0.0,0.0,0.0,0.0,217.2748616897473,1000.0,0.0,0.0,0.0,0.0,160.76190429220907,0.0,0.0,0.0,0.0,-2.6282266771232656,0.0,0.0,0.0,0.0,0.0,0.0,0.0,0.0,0.0,0.0,0.0,161.39445867168516,0.0,-212.96953699206404,-715.3528801119418,-121.23370049094319,0.0,-1000.0,0.0,0.0,114.83388889773941,0.0,0.0,0.0,0.0,-117.2771175258531,0.0,0.0,-1000.0,-1000.0,0.0,0.0,0.0,1000.0,-700.0,0.0,1000.0,0.0,0.0,-20.404832548991095,0.0,0.0,0.0,-294.9934570014129,0.0,294.9934570014129,0.0,689.5203125409246,0.0,0.0,-581.5440746516387,281.25,0.0,0.0,-2.6282266771232656,-0.1371994412048158,0.0,0.0,0.0,0.0,0.09146629413654388,0.0,0.0,0.0,535.5698598974031,-889.6967084851647,0.0,-714.0124571058905,9.013310956099957,0.0,927.4140423127146,0.0,0.0,0.0,-36.5126933741611,0.0,0.0,0.0,-7.87524792515653,7.87524792515653,0.0,-1000.0,-450.9612186766615,0.0,0.0,0.0,0.0,0.0,0.0,0.0,0.0,0.0,0.0,0.0,0.0,0.0,0.0,0.0,0.0,0.0,789.7968074079616,0.0,549.1964086177755,0.0,149.97275299665242,0.0,0.0,0.0,0.0,-135.49961610502976,0.0,342.30785073845993,0.0,0.0,0.0,0.0,0.0,-4.573314706827194,0.0,-7.87524792515653,0.0,0.0,0.0,-123.15936505485632,0.0,0.0,0.0,-2.286657353413597,-4.573314706827194,0.0,0.0,14.735219985397318,294.3080729952495,-152.8554491130844,188.83434691264833,0.0,0.0,0.0,516.627510768949,0.0,0.0,152.00096245925852,152.00096245925852,-152.00096245925852,-152.00096245925852,-243.40807622209675,0.0,44.28994476419933,0.0,0.0,0.0,106.71069509234594,0.0,0.0,-54.388226239829635,0.0,0.0,0.0,0.0,0.0,0.0,0.0,28.44051477709897,0.18293258827307568,0.0,0.0,0.0,0.0,0.0,0.0,0.0,0.0,0.0,0.0,0.0,0.0,0.0,0.0,0.0,0.0,0.0,0.0,0.0,0.10061292355030105,0.10061292355030105,0.0,250.49758052632376,0.0,54.87977648192633,0.0,0.0,0.0,1000.0,0.0,219.03268128074853,32.851058006078155,0.0,0.0,270.25877757704893,-1000.0,0.0,0.0,0.0,0.0,0.0,0.0,0.0,0.0,0.0,0.0,0.0,0.0,0.0,243.23156688545654,-535.5698598974031,0.0,0.0,39.89396265459201,0.0,689.3679353839937,-689.3679353839937,-964.9637285739421,0.0,270.25877757704893,0.0,298.69929235414793,0.0,-781.2500000001777,781.2500000001777,0.0,0.0,0.0,0.0,0.0,0.0,0.0,0.0,0.0,0.0,0.0,0.0,0.0,0.0,54.87977648192633,114.83388889773941,114.83388889773941,0.0,0.0,0.0,0.0,0.0,0.0,0.0,0.0,0.0,0.0,0.9146629413654388,0.0,0.0,32.851058006078155,-32.851058006078155,0.0,0.0,0.0,0.0,188.83434691264833,0.0,0.0,0.0,0.0,0.0,0.0,0.0,0.0,0.0,0.0,740.9611237785634,507.11988124444406,0.0,27.439888240963164,27.439888240963164,1000.0,-1000.0,0.0,0.0,0.0,0.0,0.0,0.0,0.0,920.0244471883316,106.71069509234594,931.7341982985456,0.09146629413654388,0.0,0.0,0.0,120.79430802075424,0.0,0.0,0.0,0.0,0.0,0.0,0.0,0.0,0.0,0.0,0.0,0.0,0.0,0.0,0.0,0.0,0.0,0.09146629413654388,0.0,0.0,0.0,0.0,0.0,0.0,0.0,0.0,149.97275299665242,0.0,746.0779942482394,-105.08887139653822,-539.2697596148092,-240.60039879018612,-6.859972060240791,-4.573314706827194,0.0,0.0,0.0,0.0,0.0,0.0,0.0,0.0,0.0,0.0,0.0,0.0,114.83388889773941,0.0,0.0,0.0,-133.54691442085988,0.0,0.0,0.0,-0.09146629413654388,0.0,0.0,0.09146629413654388,0.0,0.09146629413654388,0.0,0.0,0.0,54.87977648192633,111.58887884658353,111.58887884658353,0.0,0.0,0.0,0.0,0.0,0.0,95.60565345043764,0.0,0.0,106.71069509234594,0.0,0.0,0.0,0.0,0.0,0.0,0.0,0.0,0.0,0.0,0.0,0.0,0.0,0.0,0.0,0.0,0.0,275.5957931899485,0.0,0.0,0.0,0.1371994412048158,0.0,0.0,0.0,-188.83434691264833,0.0,0.0,0.0,0.0,0.0,-250.49758052632376,4.573314706827194,0.0,0.0,0.0,-281.25,0.0,0.0,0.0,0.0,0.0,0.0,0.0,0.0,0.0,0.0,114.83388889773941,0.0,0.0,1000.0,250.49758052632376,0.0,190.80611229964208,-36.5126933741611,0.0,-135.49961610502976,881.5776103532692,-746.0779942482394,105.08887139653822,-111.58887884658353,0.0,4.573314706827194,611.6560432028299,0.0,0.0,0.0,-120.09034225198594,-117.70016441636108,117.70016441636108,226.34467931581526,-226.34467931581526,0.0,0.0,0.0,0.0,0.0,257.35755258656457,-271.0774967070461,111.58887884658353,0.0,0.0,0.0,0.0,0.0,0.0,0.0,0.0,0.0,0.0,0.0,0.0,0.0,-120.79430802075424,433.3572118485473,0.0,27.439888240963164,32.851058006078155,0.0,0.0,0.0,159.40453370727846,0.0,0.0,0.10061292355030105,0.0,0.0,0.0,55.79443942329176,0.0,0.0,0.0,0.0,217.2748616897473,0.0,0.0,0.0,0.0,0.0,0.0,0.0,0.0,-965.267228630743,0.0,518.0077228293836,0.009146629413654388,0.0,0.0,0.0,0.0,0.0,0.0,0.0,0.0,0.0,0.0,0.0,0.0,0.0,0.0,0.0,250.49758052632376,0.0,0.0,0.0,0.0,0.0,0.0,0.0,0.0,0.0,0.0,0.0,65.70211601215631,0.0,0.0,1000.0,0.0,0.0,0.0,54.87977648192633,0.0,0.0,0.0,0.0,0.0,0.0,-54.87977648192633,0.0,65.70211601215631,0.0,0.0,0.0,0.0,0.0,0.0,0.0,0.0,0.0,0.0,-382.695416975207,-1000.0,62.65441148353256,-188.83434691264833,0.0,0.0,240.23453361364002,0.0,0.0,0.0,0.0,0.0,0.0,0.0,0.0,0.0,0.0,0.0,0.0,0.0,0.0,0.0,0.0,0.0,-11.433286767067985,114.83388889773941,-6.859972060240791,264.2175246468053,0.0,0.0,0.0,0.0,0.0,-1.1433286767067985,0.0,159.47709763636786,0.0,0.0,0.0,0.0,0.0,0.0,0.0,1000.0,27.439888240963164,27.439888240963164,0.0,0.0,0.0,0.0,0.0,0.10061292355030105,250.49758052632376,0.0,0.0,-240.23453361364002,517.99857619997,0.0,0.0,0.0,0.0,0.0,0.0,0.0,0.0,0.0,0.0,0.0,0.0,0.0,0.0,0.0,0.0,0.0,0.0,96.03960884337107,135.49961610502976,0.0,0.0,0.0,0.0,0.0,250.49758052632376,0.0,-7.5185293780236755,0.0,0.0,0.0,-11.433286767067985,0.0,0.0,0.0,0.0,0.0,0.0,0.0,0.0,0.0,0.0,0.0,0.0,0.0,0.0,0.0,0.0,0.0,0.0,-0.09146629413654388,0.0,0.0,4.573314706827194,-270.25877757704893,0.0,0.0,0.0,0.0,114.83388889773941,0.0,0.0,0.0,7.87524792515653,2.286657353413597,0.0,0.0,0.0,0.09146629413654388,0.0,91.46629413654388,-28.3545511823286,18.293258827308776,0.6533306724038849,255.1909606409574,-0.0685997206024079,4.573314706827194,1.8293258827308776,-0.45733147068264657,-255.1909606409574,27.439888240963164,-0.09146629413654388,12.170897791387034,0.0,0.02286657353413597,0.6533306724038849,-36.5126933741611,-47.41249203261579,-1.8293258827308776,-186.6862479040144,-0.09146629413654388,0.02286657353413597,-255.1909606409574,9.146629413654388,0.09146629413654388,0.09146629413654388,-250.3055013086369,-32.75044508252794,0.0,-0.0685997206024079,27.439888240963164,0.09146629413654388,188.83434691264833,115.6613116034132,-0.04573314706827194,-262.88017092904283,-170.0,-0.0685997206024079,-0.09146629413654388,-28.3545511823286,0.09146629413654388,9.146629413654388,-1.8293258827308776,275.5957931899485,275.5957931899485,-9.146629413654388,186.6862479040144,-275.5957931899485,18.293258827308776,0.1371994412048158,-657.9828232197797,9.146629413654388,-243.23156688545654,0.0,-18.293258827308776,0.04573314706827194,0.9146629413654388,178.50311427647262,268.7908393536325,-0.09146629413654388,-271.0774967070461,250.3055013086369,28.3545511823286,0.09146629413654388,47.41249203261579,-271.15401163553815,0.0,-0.09146629413654388,-0.02286657353413597,0.0,-0.09146629413654388,28.44051477709897,0.09146629413654388,-0.02286657353413597,-0.02286657353413597,-0.02286657353413597,36.58651765461755,-115.6613116034132,0.9146629413654388,229.33290520125837,-0.02286657353413597,344.8353307615582,4.573314706827194,-9.64694268172229,0.09146629413654388,0.04573314706827194,0.04573314706827194,9.146629413654388,28.3545511823286,0.09146629413654388,-28.3545511823286,0.9146629413654388,0.09146629413654388,-552.4685342669529,0.09146629413654388,0.3658651765460945,0.45733147068264657,0.04573314706827194,0.02286657353413597,27.439888240963164,-0.09146629413654388,0.0,0.9146629413654388,-458.66581040251674,2.286657353413597,-9.146629413654388,18.293258827308776,4.573314706827194,-0.09146629413654388,36.5126933741611,0.1371994412048158,-0.09146629413654388,-18.29325882730876,28.3545511823286,20.058359027835195,0.04573314706827194,19.293885363444588,-0.09146629413654388,-0.09146629413654388,-0.09146629413654388,0.04573314706827194,255.1909606409574,-18.293258827308776,0.09146629413654388,357.00622855294523,-0.02286657353413597,32.75044508252794,-357.00622855294523,13.71994412048158,170.0,191.73358045270356,255.1909606409574,-0.0685997206024079,271.0774967070461,-268.7908393536325,0.09146629413654388,-0.022866573534135966,4.573314706827194,91.46629413654388,-0.04573314706827194,-0.09146629413654388,0.02286657353413597,0.0,0.0,357.9370900727114,323.13562906569456,-255.0,0.0,527.1059393748865,-140.0,0.0,-80.0,-255.0,-209.09937112695087,-300.0,40.0,127.5,127.5,0.0,70.0,-250.49758052632376,-179.46289273511366,300.0,209.09937112695087,-179.46289273511366,-527.1059393748865,394.5566607983851,0.0,1496.5981,hplb
255,0.0,0.0,0.0,0.0,0.0,0.0,0.0,0.0,-0.15491988919602592,0.0,0.0,0.0,0.0,0.0,0.0,0.0,0.0,0.0,0.0,40.45248275961197,0.0,0.0,0.0,508.52456918935104,0.0,0.0,0.0,0.0,0.0,346.0018211214038,0.0,0.0,521.8141798978581,0.0,0.0,0.0,0.0,975.4631974633053,0.0,-254.8408853042148,962.8486710636664,0.0,0.0,119.4133100975584,0.0,0.0,583.4320168003557,0.0,52.202404568550264,0.0,0.0,517.6175357875125,0.0,0.17041187811582859,0.0,0.0,0.0,0.0,0.0,0.0,-11.24969186758824,0.0,18.430450990414094,0.0,639.4628416606381,0.0,0.0,0.0,743.2169614402817,-743.2169614402817,0.0,1.549198891960259,0.0,0.0,0.0,0.0,0.0,0.0,0.0,584.4364935845056,0.0,0.0,0.0,0.0,92.95193351761554,0.0,0.0,0.0,0.0,150.116189916897,-0.03872997229900648,0.0,0.0,304.601419991815,46.47596675880777,0.0,46.47596675880777,-4.988420432111667,0.0,0.0,0.0,116.28019513039735,61.908320748915116,0.0,0.0,-48.1553232442387,0.0,0.0,0.0,0.0,0.0,0.0,0.0,0.0,0.0,0.0,0.0,0.0,0.0,0.0,0.0,0.0,0.0,0.0,-591.7169762730027,0.0,0.0,46.47596675880777,0.0,48.025165650768024,30.4298777164636,0.0,-217.56914703734293,0.0,217.56914703734293,-217.56914703734293,0.0,0.0,0.0,-7.180759122825854,0.0,0.0,0.0,0.0,0.0,11.928831468093904,0.15491988919602592,0.0,0.0,0.0,-420.0745837407011,0.0,0.0,0.0,0.0,0.0,970.4040697493057,0.0,0.0,0.0,0.0,0.0,416.7229030888404,416.7229030888404,0.0,0.0,0.0,0.0,0.0,0.0,0.0,416.8778229780364,0.0,0.0,0.0,-663.8799327493797,0.0,0.0,0.0,0.0,0.0,0.0,0.0,0.0,0.0,0.0,-1000.0,0.0,0.0,0.0,0.0,-768.3088062914862,0.0,0.0,0.0,0.0,0.0,0.0,-517.6175357875125,149.883810083103,-149.883810083103,7.180759122825854,0.0,0.0,0.0,0.0,0.0,0.0,284.0935003724887,-305.27438024800733,0.0,0.0,0.0,0.0,0.0,0.0,0.0,0.0,0.0,0.0,0.0,0.0,0.0,0.0,382.04253941911145,119.4133100975584,0.0,0.0,0.0,0.0,154.35309119120137,0.0,0.0,0.0,0.0,-11.24969186758824,0.0,0.0,0.0,0.0,0.0,0.0,0.0,0.0,0.0,0.0,30.98397783920518,0.0,0.0,149.883810083103,0.0,-315.53132113585923,0.0,-119.4133100975584,0.0,0.0,7.180759122825854,-269.74116752595546,0.0,0.0,0.0,-160.05367939332564,0.0,0.0,-932.0852627249596,0.0,0.0,-932.0852627249596,0.0,0.0,149.883810083103,0.0,655.7514240616772,0.0,0.0,331.5523959758122,0.0,0.0,0.0,-841.7037076538523,0.0,841.7037076538523,0.0,1000.0,0.0,0.0,-63.1040404767046,0.0,0.0,0.0,-11.24969186758824,-0.2323798337940275,0.0,0.0,0.0,0.0,0.15491988919602592,0.0,0.0,0.0,560.2989892186512,0.0,0.0,-1000.0,580.6681164553663,0.0,1000.0,0.0,0.0,0.0,-48.1553232442387,0.0,0.0,0.0,-13.338602459778029,-589.8135303056342,603.1521327654123,199.0412539088415,-1000.0,0.0,0.0,0.0,0.0,0.0,0.0,0.0,0.0,0.0,0.0,0.0,0.0,0.0,0.0,0.0,0.0,0.0,8.026715680619532,0.0,-968.0561613394709,0.0,0.0,0.0,0.0,0.0,705.9662303965424,-11.928831468093904,0.0,0.0,0.0,0.0,108.53420067059605,0.0,0.0,0.0,0.0,-153.40343113464746,1000.0,0.0,0.0,-811.7517635678612,0.0,-62.01309479509932,0.0,-3.8729972299006477,-7.745994459801295,80.06051122539694,0.0,852.9412367905941,-481.1030704115611,-683.9071826411739,46.47596675880777,-656.2500000000023,656.2500000000023,0.0,21.06170442943261,0.0,0.0,0.0,0.0,0.0,0.0,-182.2835917177283,0.0,0.0,0.0,0.0,0.0,284.0935003724887,0.0,0.0,-29.680142858002334,0.0,0.0,9.32463782247415,0.0,0.0,0.0,0.0,-84.50801108039741,0.30983977839196086,0.0,0.0,0.0,0.0,0.0,0.0,0.0,0.0,0.0,0.0,0.0,0.0,0.0,0.0,0.0,0.0,0.0,0.0,0.0,0.17041187811582859,0.17041187811582859,0.0,249.01602216079482,0.0,92.95193351761554,0.0,0.0,0.0,338.27549504150767,0.0,0.0,0.0,0.0,0.0,642.8534222862795,-338.27549504150767,0.0,0.0,0.0,0.0,0.0,9.32463782247415,0.0,0.0,0.0,0.0,0.0,0.0,0.0,197.2389920910009,-560.2989892186512,420.0745837407011,0.0,11.928831468093904,0.0,0.0,304.601419991815,143.0675696777878,0.0,642.8534222862795,0.0,558.3454112058821,0.0,0.0,0.0,0.0,0.0,0.0,0.0,0.0,0.0,0.0,0.0,0.0,0.0,0.0,0.0,0.0,0.0,92.95193351761554,7.180759122825854,7.180759122825854,0.0,0.0,0.0,0.0,0.0,0.0,0.0,0.0,0.0,0.0,1.549198891960259,0.0,0.0,0.0,0.0,0.0,-517.6175357875125,0.0,0.0,46.47596675880777,0.0,0.0,0.0,0.0,0.0,0.0,0.0,0.0,0.0,0.0,297.4980396686894,0.0,0.0,46.47596675880777,46.47596675880777,1000.0,-338.27549504150767,0.0,9.32463782247415,0.0,0.0,0.0,0.0,0.0,-877.8966776357872,284.0935003724887,-1000.0,0.15491988919602592,0.0,0.0,0.0,82.87433423024007,433.3932326933292,0.0,-304.601419991815,0.0,0.0,0.0,0.0,0.0,0.0,0.0,0.0,0.0,0.0,0.0,0.0,0.0,0.0,0.15491988919602592,0.0,0.0,0.0,575.9273322189191,-575.9273322189191,0.0,0.0,0.0,0.0,0.0,-11.928831468093904,0.0,0.0,-976.0828770200905,-11.618991689701943,0.0,-7.745994459801281,0.0,0.0,0.0,0.0,0.0,0.0,0.0,0.0,0.0,0.0,0.0,7.180759122825854,0.0,0.0,0.0,176.78004860922144,0.0,0.0,0.0,-0.15491988919602592,0.0,0.0,0.15491988919602592,0.0,0.15491988919602592,0.0,0.0,0.0,92.95193351761554,189.0022648191516,189.0022648191516,0.0,0.0,0.0,0.0,0.0,0.0,0.0,420.0745837407011,0.0,284.0935003724887,0.0,0.0,0.0,0.0,0.0,0.0,0.0,0.0,0.0,0.0,0.0,0.0,0.0,0.0,0.0,0.0,0.0,161.53385031402723,0.0,0.0,0.0,0.2323798337940275,0.0,0.0,0.0,-46.47596675880777,0.0,0.0,0.0,0.0,0.0,-249.01602216079482,7.745994459801295,0.0,0.0,0.0,0.0,0.0,-4.988420432111667,-7.745994459801281,0.0,0.0,0.0,0.0,0.0,0.0,0.0,7.180759122825854,0.0,0.0,0.0,249.01602216079482,0.0,714.0906059014959,385.2379094490905,0.0,-16.91725190020557,0.0,16.91725190020557,0.0,-458.74343234510707,0.0,7.745994459801281,337.02860321779656,0.0,0.0,0.0,-29.680142858002334,0.0,0.0,179.0340379496519,-179.0340379496519,0.0,0.0,0.0,0.0,0.0,1000.0,-23.237983379403886,189.0022648191516,0.0,271.12717615550326,271.1271761555033,-271.12717615550326,0.0,0.0,0.0,0.0,0.0,0.0,0.0,0.0,260.63501385049676,-82.87433423024007,0.0,0.0,46.47596675880777,0.0,0.0,0.0,0.0,485.57701700520306,0.0,0.0,0.17041187811582859,0.0,0.0,0.0,94.5011324095758,0.0,0.0,0.0,0.0,382.04253941911145,0.0,0.0,0.0,0.0,0.0,0.0,0.0,0.0,65.09956073738078,0.0,0.015491988919603034,0.015491988919603034,0.0,0.0,0.0,0.0,0.0,0.0,0.0,0.0,0.0,0.0,0.0,0.0,0.0,0.0,0.0,249.01602216079482,0.0,0.0,0.0,0.0,0.0,0.0,0.0,0.0,0.0,0.0,0.0,0.0,230.78877560232692,0.0,0.0,0.0,0.0,0.0,92.95193351761554,0.0,0.0,0.0,0.0,0.0,-92.95193351761554,0.0,0.0,0.0,0.0,0.0,0.0,0.0,0.0,0.0,0.0,0.0,0.0,0.0,1000.0,-616.9471029780307,106.12012409927775,0.0,-46.47596675880777,0.0,975.4631974633053,0.0,0.0,0.0,0.0,0.0,0.0,0.0,0.0,0.0,0.0,0.0,0.0,0.0,0.0,0.0,0.0,0.0,-19.364986149503224,7.180759122825854,-120.153192360298,11.618991689701943,0.0,0.0,0.0,0.0,0.0,0.0,-1.9364986149503238,29.680142858002334,0.0,0.0,0.0,0.0,0.0,0.0,0.0,1000.0,46.47596675880777,46.47596675880777,0.0,0.0,0.0,0.0,584.4364935845056,0.17041187811582859,249.01602216079482,0.0,0.0,-975.4631974633053,0.0,0.0,0.0,0.0,0.0,0.0,0.0,0.0,0.0,0.0,0.0,0.0,0.0,0.0,0.0,0.0,0.0,30.4298777164636,0.0,162.6658836558272,0.0,0.0,11.928831468093904,0.0,0.0,0.0,249.01602216079482,0.0,0.0,0.0,0.0,0.0,-19.364986149503224,0.0,0.0,0.0,0.0,0.0,0.0,0.0,0.0,0.0,0.0,0.0,0.0,0.0,0.0,0.0,0.0,0.0,0.0,-0.15491988919602592,0.0,0.0,7.745994459801295,-642.8534222862795,0.0,0.0,0.0,0.0,7.180759122825854,0.0,0.0,0.0,13.338602459778029,3.8729972299006477,0.0,0.0,0.0,0.15491988919602592,0.0,154.9198891960259,-17.595287934304423,30.98397783920518,1.1065706371144708,493.0862462898394,-0.11618991689701942,62.01309479509932,3.098397783920518,-0.7745994459811982,-493.0862462898394,46.47596675880777,-0.1549198891960259,16.051774414746234,9.32463782247415,0.03872997229900648,1.1065706371144708,-48.1553232442387,-24.663246360006852,-3.098397783920518,-40.45248275961197,-0.15491988919602592,0.03872997229900648,-493.0862462898394,15.49198891960259,0.15491988919602592,0.15491988919602592,-248.69069039348295,0.17041187811562897,-76.61831179644881,-0.11618991689701942,46.47596675880777,0.15491988919602592,46.47596675880777,-77.45994459801295,-0.07745994459801296,-797.4751114643794,-170.0,-0.11618991689701942,-0.15491988919602592,-17.595287934304423,0.15491988919602592,15.49198891960259,-3.098397783920518,161.53385031402723,161.53385031402723,-15.49198891960259,40.45248275961197,-161.53385031402723,30.98397783920518,0.23237983379403884,-699.055722127318,15.49198891960259,-197.2389920910009,9.32463782247415,-30.98397783920518,0.07745994459801296,1.549198891960259,250.0,280.0,-0.15491988919602592,-283.87299722990065,248.69069039348295,48.025165650768024,0.15491988919602592,24.663246360006852,-176.579229212757,9.32463782247415,-0.15491988919602592,-0.03872997229900648,-9.32463782247415,-0.15491988919602592,-84.50801108039741,0.15491988919602592,-0.03872997229900648,-0.03872997229900648,-0.03872997229900648,61.96795567841036,77.45994459801295,1.549198891960259,114.7762729081048,-0.03872997229900648,483.9482255852538,7.745994459801295,50.0,0.15491988919602592,0.07745994459801296,0.07745994459801296,20.154307830839667,17.595287934304423,0.15491988919602592,-17.595287934304423,1.549198891960259,0.15491988919602592,-114.7762729081048,0.15491988919602592,0.6196795567851368,0.7745994459811982,0.07745994459801296,0.03872997229900648,46.47596675880777,-0.15491988919602592,76.61831179644881,1.549198891960259,-229.5525458162096,58.14009756519867,-15.49198891960259,30.98397783920518,7.745994459801295,-0.15491988919602592,48.1553232442387,0.23237983379403884,-0.15491988919602592,-40.30861566167933,17.595287934304423,-119.9677617132743,0.07745994459801296,-100.0,-0.15491988919602592,-0.15491988919602592,-0.15491988919602592,0.07745994459801296,493.0862462898394,-30.98397783920518,0.15491988919602592,500.0,-0.03872997229900648,-0.17041187811562897,-500.0,23.237983379403886,170.0,139.4430409680341,493.0862462898394,-0.11618991689701942,283.87299722990065,-280.0,0.15491988919602592,-0.038729972299006474,7.745994459801281,154.9198891960259,-0.07745994459801296,-0.15491988919602592,0.03872997229900648,0.0,0.0,398.97826218271996,0.0,-255.0,0.0,324.2983111939644,-140.0,0.0,-80.0,-255.0,-325.0,-300.0,40.0,127.5,127.5,0.0,70.0,-249.01602216079482,-365.6092552919288,300.0,325.0,-365.6092552919288,-324.2983111939644,242.69277574355942,0.0,1496.5981,hplb
256,0.0,0.0,0.0,0.0,0.0,0.0,0.0,0.0,-0.0421849558168821,0.0,0.0,0.0,0.0,0.0,0.0,0.0,-859.1343406058894,101.60482548404025,0.0,1000.0,0.0,0.0,0.0,331.6529820948869,0.0,0.0,0.0,0.0,0.0,-693.1972307681164,0.0,0.0,60.784640178193996,0.0,0.0,0.0,0.0,90.29717953924,0.0,-1000.0,1000.0,0.0,0.0,1000.0,0.0,0.0,0.0,0.0,1000.0,-483.33003105464775,0.0,447.66842862599435,0.0,0.04640345139858937,0.0,0.0,0.0,8.43699116337642,0.0,0.0,35.04753486404758,0.0,312.2450429997551,0.0,0.0,0.0,0.0,0.0,0.0,0.0,0.0,0.4218495581688211,0.0,0.0,0.0,0.0,0.0,0.0,0.0,0.0,0.0,0.0,0.0,0.0,25.310973490129264,0.0,77.00156931494672,75.9844888160782,-307.35165545618344,873.2853506504157,-0.010546238954220527,0.0,0.0,0.0,12.655486745064632,0.0,30.10166999682739,0.0,0.0,0.0,0.0,357.5336636683685,-693.1972307681164,0.0,0.0,-78.28307229825289,738.9667631402364,0.0,0.0,0.0,0.0,0.0,0.0,0.0,0.0,0.0,0.0,0.0,0.0,0.0,0.0,0.0,0.0,0.0,-575.2014979370387,0.0,0.0,30.10166999682739,0.0,13.077336303233452,13.077336303233452,0.0,0.0,0.0,0.0,0.0,-250.78185449009962,0.0,0.0,-96.51072337370309,0.0,0.0,0.0,0.0,0.0,80.24981091284663,0.04218495581688211,0.0,0.0,0.0,0.0,-738.9667631402364,0.0,0.0,1.0456087848794293,0.0,352.91124954273556,0.0,0.0,0.0,0.0,0.0,737.9965122053273,737.9965122053273,0.0,0.0,0.0,0.0,0.0,0.0,0.0,738.0386971611442,0.0,0.0,0.0,-467.66485391156783,0.0,0.0,0.0,0.0,0.0,0.0,0.0,0.0,0.0,0.0,-214.49497287411657,0.0,0.0,0.0,0.0,-240.9494411142814,0.0,0.0,0.0,0.0,0.0,483.33003105464775,-447.66842862599435,-307.35165545618344,307.35165545618344,347.2925778638027,0.0,0.0,0.0,0.0,0.0,0.0,0.0,-688.7101106404867,0.0,0.0,0.0,0.0,0.0,0.0,0.0,0.0,0.0,0.0,0.0,0.0,0.0,48.43069000700132,-65.6798344214844,1000.0,0.0,0.0,0.0,0.0,-137.80316232365223,0.0,0.0,0.0,0.0,35.04753486404758,0.0,0.0,0.0,435.31817410235004,0.0,0.0,0.0,0.0,0.0,1.3583555773035414,0.0,17.446183251762758,0.0,0.0,0.0,320.96440473390015,0.0,-1000.0,0.0,0.0,347.2925778638027,-371.1035841213442,0.0,0.0,0.0,83.14849778483847,0.0,0.0,-1000.0,0.0,0.0,-1000.0,0.0,0.0,-614.7033109123668,0.0,165.93710983777305,483.33003105464775,0.0,-65.63871620458252,0.0,0.0,0.0,0.0,0.0,0.0,0.0,949.420971599909,0.0,0.0,181.4629957416472,0.0,0.0,0.0,35.04753486404758,-0.06327743372532316,0.0,0.0,0.0,0.0,0.04218495581688211,0.0,0.0,0.0,0.0,-859.1343406058894,0.0,-384.0773074523316,44.18975373631127,0.0,1000.0,0.0,549.0752483671342,0.0,-78.28307229825289,0.0,0.0,0.0,863.610779516822,-412.6860278839562,-1000.0,-906.0939240143633,-1000.0,0.0,0.0,0.0,0.0,0.0,0.0,0.0,0.0,0.0,0.0,0.0,0.0,0.0,0.0,0.0,0.0,435.31817410235004,810.0382586771058,0.0,-189.96174132289423,0.0,909.5340806374928,0.0,0.0,0.0,0.0,-81.60816649015017,0.0,0.0,0.0,460.9478873613601,355.4244158775243,0.0,0.0,-1000.0,0.0,412.6860278839562,0.0,-381.0810517196502,-384.9928345814474,0.0,0.0,820.1785442703937,62.75284539330198,-1.0546238954220526,378.9718039288061,-393.6225637729436,0.0,-1000.0,1000.0,277.99462299142124,30.10166999682739,0.0,0.0,0.0,0.0,0.0,0.0,0.0,-48.43069000700132,48.43069000700132,48.43069000700132,-343.894078981119,0.0,0.0,-442.47135229523866,0.0,0.0,0.0,0.0,0.0,-123.19436950581411,0.0,0.0,30.10166999682739,0.0,0.0,0.0,0.0,-95.78150441831178,0.08436991163375751,0.0,0.0,0.0,0.0,0.0,0.0,0.0,0.0,0.0,0.0,0.0,0.0,0.0,0.0,0.0,0.0,0.0,0.0,0.0,0.04640345139858937,0.04640345139858937,0.0,319.9936988436249,0.0,25.310973490129264,0.0,0.0,0.0,1000.0,0.0,76.23878442261062,77.00156931494672,0.0,0.0,211.97074474436252,-1000.0,0.0,0.0,0.0,0.0,0.0,30.10166999682739,0.0,0.0,0.0,0.0,0.0,0.0,0.0,191.73383264567954,0.0,0.0,0.0,248.455693815889,0.0,0.0,0.0,-209.48941554015047,0.0,211.97074474436252,0.0,116.18924032605074,0.0,0.0,0.0,48.43069000700132,0.0,0.0,0.0,0.0,0.0,0.0,0.0,0.0,0.0,0.0,0.0,0.0,0.0,25.310973490129264,347.2925778638027,347.2925778638027,0.0,0.0,0.0,0.0,0.0,0.0,0.0,0.0,0.0,0.0,0.4218495581688211,0.0,0.0,77.00156931494672,-77.00156931494672,0.0,-447.66842862599435,0.0,0.0,30.10166999682739,0.0,0.0,0.0,168.20588290304238,0.0,0.0,0.0,0.0,0.0,0.0,832.0951676795203,0.0,0.0,12.655486745064632,12.655486745064632,1000.0,-1000.0,0.0,30.10166999682739,0.0,0.0,0.0,0.0,0.0,599.2911547824797,0.0,1000.0,0.04218495581688211,0.0,0.0,-959.2048463463836,962.6067617119022,0.0,0.0,0.0,0.0,0.0,0.0,0.0,0.0,0.0,0.0,0.0,0.0,0.0,0.0,0.0,0.0,0.0,0.04218495581688211,0.0,0.0,0.0,0.0,0.0,0.0,0.0,0.0,909.5340806374928,0.0,813.7920644084062,-1.0456087848794293,-895.4002308985564,-1000.0,-3.1638716862662477,-2.109247790844105,0.0,0.0,468.75000000000006,468.75000000000006,-468.75000000000006,0.0,0.0,0.0,0.0,0.0,0.0,0.0,347.2925778638027,0.0,0.0,0.0,-719.8961292177347,0.0,0.0,0.0,-0.04218495581688211,0.0,0.0,0.04218495581688211,0.0,0.04218495581688211,0.0,0.0,0.0,25.310973490129264,51.46564609659617,51.46564609659617,0.0,0.0,0.0,0.0,0.0,0.0,0.0,0.0,0.0,0.0,0.0,0.0,867.2429042126556,0.0,0.0,0.0,0.0,0.0,0.0,0.0,0.0,0.0,0.0,0.0,0.0,0.0,0.0,209.48941554015047,0.0,0.0,0.0,0.06327743372532316,0.0,0.0,0.0,-30.10166999682739,0.0,0.0,0.0,0.0,0.0,-319.9936988436249,2.109247790844105,0.0,0.0,0.0,0.0,0.0,81.60816649015017,0.0,0.0,0.0,0.0,0.0,0.0,0.0,0.0,347.2925778638027,0.0,0.0,1000.0,271.56300883662357,0.0,316.56300883662357,-78.28307229825289,0.0,0.0,895.4002308985564,-895.4002308985564,1.0456087848794293,-422.5692302179404,0.0,2.1092477908440515,1000.0,0.0,0.0,0.0,-277.19750813570755,406.25000000000045,-406.25000000000045,572.4705635449211,-572.4705635449211,0.0,0.0,0.0,0.0,0.0,208.16722950158396,0.0,51.46564609659617,0.0,0.0,0.0,0.0,0.0,0.0,0.0,0.0,0.0,1.3583555773035414,0.0,0.0,329.48531390242374,-3.401915365518562,-943.8941805234954,0.0,12.655486745064632,77.00156931494672,0.0,0.0,0.0,-113.43836250379661,0.0,0.0,0.04640345139858937,0.0,0.0,0.0,25.732823048298084,0.0,0.0,0.0,0.0,-65.6798344214844,0.0,738.9667631402364,0.0,0.0,0.0,0.0,0.0,0.0,0.0,0.0,0.004218495581688211,0.004218495581688211,0.0,0.0,0.0,0.0,0.0,0.0,0.0,0.0,0.0,-959.2048463463836,0.0,0.0,0.0,0.0,0.0,319.9936988436249,0.0,0.0,0.0,0.0,0.0,0.0,0.0,483.33003105464775,0.0,0.0,0.0,154.00313862989344,0.0,0.0,101.60482548404025,0.0,0.0,0.0,25.310973490129264,0.0,0.0,0.0,0.0,0.0,0.0,-25.310973490129264,0.0,154.00313862989344,0.0,0.0,0.0,0.0,0.0,0.0,0.0,0.0,0.0,0.0,-1000.0,-1000.0,896.1395989472198,0.0,-30.10166999682739,0.0,999.8312601767328,0.0,0.0,0.0,0.0,0.0,0.0,0.0,0.0,0.0,0.0,0.0,0.0,0.0,0.0,0.0,0.0,0.0,-5.2731194771103524,347.2925778638027,-358.5882875637906,864.0790325263893,0.0,0.0,0.0,0.0,0.0,593.9283926635791,-594.4557046112901,124.2399782906935,0.0,0.0,0.0,0.0,0.0,0.0,0.0,1000.0,12.655486745064632,12.655486745064632,0.0,0.0,0.0,0.0,0.0,0.04640345139858937,319.9936988436249,0.0,0.0,-999.8312601767328,0.0,0.0,0.0,0.0,0.0,0.0,0.0,0.0,0.0,0.0,0.0,0.0,0.0,0.0,0.0,0.0,0.0,13.077336303233452,0.0,44.29420360772621,80.24981091284663,0.0,0.0,0.0,0.0,0.0,319.9936988436249,0.0,-83.71741428099428,0.0,0.0,0.0,-5.2731194771103524,0.0,0.0,0.0,0.0,0.0,0.0,0.0,0.0,0.0,0.0,0.0,0.0,0.0,0.0,0.0,0.0,0.0,0.0,-0.04218495581688211,0.0,0.0,2.109247790844105,-211.97074474436252,0.0,0.0,0.0,0.0,347.2925778638027,0.0,0.0,0.0,-863.610779516822,1.0546238954220526,0.0,0.0,0.0,0.04218495581688211,0.0,42.1849558168821,0.0,8.43699116337642,0.3013211129777293,143.85069933556795,-0.03163871686266158,179.82145572960633,0.8436991163376422,-0.21092477908405607,-143.85069933556795,12.655486745064632,-0.04218495581688211,26.094357432750964,30.10166999682739,0.010546238954220527,0.3013211129777293,-78.28307229825289,-83.71741428099428,-0.8436991163376422,-242.47048487815084,-0.04218495581688211,0.010546238954220527,-143.85069933556795,4.21849558168821,0.04218495581688211,0.04218495581688211,-319.9051104364094,-76.95516586354816,0.0,-0.03163871686266158,12.655486745064632,0.04218495581688211,30.10166999682739,-3.646294656678295,-0.021092477908441053,-196.34510494622978,133.54248178614714,-0.03163871686266158,-0.04218495581688211,0.0,0.04218495581688211,4.21849558168821,-0.8436991163376422,209.48941554015047,209.48941554015047,-4.21849558168821,242.47048487815084,-209.48941554015047,8.43699116337642,0.06327743372532316,-457.7945329712135,4.21849558168821,-191.73383264567954,30.10166999682739,-8.43699116337642,0.021092477908441053,0.4218495581688211,96.0193268630829,280.0,-0.04218495581688211,-329.48531390242374,319.9051104364094,13.077336303233452,0.04218495581688211,83.71741428099428,-37.96646023519386,30.10166999682739,-0.04218495581688211,-0.010546238954220527,-30.10166999682739,-0.04218495581688211,-834.7482675585482,0.04218495581688211,-0.010546238954220527,-0.010546238954220527,-0.010546238954220527,16.87398232675284,3.646294656678295,0.4218495581688211,38.29764544623188,-0.010546238954220527,165.94429629341482,2.109247790844105,50.0,0.04218495581688211,0.021092477908441053,0.021092477908441053,19.269330580101904,0.0,0.04218495581688211,0.0,0.4218495581688211,0.04218495581688211,-52.385378057032845,0.04218495581688211,0.16873982326717396,0.21092477908405607,0.021092477908441053,0.010546238954220527,12.655486745064632,-0.04218495581688211,0.0,0.4218495581688211,-76.59529089246377,178.76683183418425,-4.21849558168821,8.43699116337642,2.109247790844105,-0.04218495581688211,78.28307229825289,0.06327743372532316,-0.04218495581688211,-38.538661160203816,0.0,321.47885979912394,0.021092477908441053,-100.0,-0.04218495581688211,-0.04218495581688211,-0.0421849558168821,0.021092477908441053,143.85069933556795,-8.43699116337642,0.04218495581688211,192.0386537261658,-0.010546238954220527,76.95516586354816,-192.0386537261658,6.327743372532314,-133.54248178614714,22.098961766916087,143.85069933556795,-0.03163871686266158,329.48531390242374,-280.0,0.04218495581688211,-0.010546238954220528,463.0571351522042,42.1849558168821,-0.021092477908441053,-0.04218495581688211,0.010546238954220527,1000.0,0.0,199.1914007552562,14.087732610800963,213.69599047731458,0.0,212.1581532090988,-140.0,0.0,-80.0,413.7401601159954,-325.0,-258.5820397380489,40.0,-106.84799523865729,-206.8700800579977,0.0,70.0,-319.9936988436249,-208.04049729532736,258.5820397380489,325.0,-208.04049729532736,-212.1581532090988,122.95305893130222,0.0,1496.5981,hplb
257,0.0,0.0,0.0,0.0,0.0,0.0,0.0,0.0,-0.007502939576666037,0.0,0.0,0.0,0.0,0.0,0.0,0.0,241.27807143766677,58.72192856233323,0.0,0.0,0.0,0.0,0.0,0.0,0.0,372.19433453180386,0.0,0.0,0.0,-758.7219285623332,68.46341439748139,-68.46341439748139,486.3736473579165,0.0,0.0,0.0,0.0,999.9699882416934,0.0,-1000.0,1000.0,0.0,0.0,1000.0,0.0,0.0,0.0,0.0,0.0,-239.2853198473994,0.0,482.55614287533353,0.0,0.008253233534340062,0.0,0.0,0.0,0.0,0.0,0.0,7.604636437022805,0.0,0.0,-261.67583636132105,0.0,0.0,0.0,0.0,0.0,0.0,0.0,0.07502939576666039,0.0,0.0,0.0,0.0,0.0,0.0,0.0,390.23266252379426,0.0,0.0,0.0,0.0,4.501763745999623,0.0,58.67362415121335,634.6093005450466,0.0,206.66877089262016,33.08386325502303,0.0,0.0,66.94940512189108,2.2508818729998117,0.0,2.2508818729998117,-889.0023547296154,0.0,0.0,0.0,999.8124265105834,-821.0408163607683,0.0,0.0,-34.56050438305157,0.0,0.0,0.0,0.0,0.0,0.0,0.0,0.0,0.0,0.0,0.0,0.0,0.0,0.0,0.0,0.0,0.0,0.0,-765.716465838992,0.0,0.0,2.2508818729998117,0.0,2.325911268766472,2.325911268766472,0.0,975.5896255799962,-975.5896255799962,0.0,0.0,-269.28047279834385,531.1684744932842,-531.1684744932842,0.0,0.0,0.0,0.0,0.0,0.0,59.25135049861664,0.007502939576666037,33.085738989917196,0.0,0.0,-1000.0,521.4392372918935,0.0,0.0,38.884199550096014,0.0,-174.027247139747,0.0,0.0,0.0,0.0,0.0,495.6994860325465,495.6994860325465,0.0,0.0,0.0,0.0,-1000.0,0.0,0.0,564.1704033696045,0.0,0.0,0.0,110.74203245823674,0.0,0.0,0.0,0.0,0.0,0.0,0.0,0.0,0.0,0.0,-218.10486734698736,0.0,0.0,0.0,0.0,-1000.0,0.0,0.0,0.0,0.0,0.0,239.2853198473994,-482.55614287533353,93.33122910737984,-93.33122910737984,269.28047279834385,0.0,0.0,0.0,0.0,0.0,0.0,62.318887798435114,860.3318559216802,0.0,0.0,0.0,0.0,0.0,0.0,0.0,0.0,0.0,0.0,0.0,0.0,0.0,0.0,381.56193853877295,1000.0,0.0,0.0,0.0,0.0,-155.27874492031836,0.0,0.0,0.0,0.0,7.604636437022805,0.0,68.46341439748139,0.0,336.50260110837075,0.0,0.0,0.0,0.0,0.0,73.69732577148648,1.5005879153332076,0.0,0.0,93.33122910737984,0.0,245.3843867770929,0.0,-1000.0,0.0,0.0,269.28047279834385,-33.27689269457255,0.0,0.0,0.0,-42.78049397715438,0.0,0.0,334.72340732934174,499.98181910368976,781.2943191036649,553.4290882256768,-718.6875000000249,1000.0,93.33122910737984,0.0,0.0,239.2853198473994,0.0,-88.4167039215943,0.0,0.0,0.0,-607.5509055038112,0.0,607.5509055038112,0.0,1000.0,0.0,0.0,389.32601892890943,0.0,0.0,0.0,7.604636437022805,-0.011254409364999057,0.0,0.0,0.0,0.0,0.007502939576666037,0.0,0.0,0.0,810.0500644774883,241.27807143766677,0.0,-23.040336255367716,-324.5150978299082,0.0,922.3715861293522,0.0,-43.22017355799835,0.0,-34.56050438305157,0.0,0.0,0.0,994.214483292433,-190.59646335955927,-760.3978463748754,-959.1184708684046,-1000.0,0.0,0.0,0.0,0.0,0.0,0.0,0.0,0.0,0.0,0.0,0.0,0.0,0.0,0.0,0.0,0.0,336.50260110837075,0.0,0.0,-1000.0,0.0,0.0,893.994671449252,772.4870892696271,0.0,0.0,-64.48526187262172,0.0,0.0,0.0,0.0,999.43727953175,0.0,1000.0,0.0,-406.5267698429344,190.59646335955927,205.00847875589955,-0.3751469788333019,755.4346518449108,-1000.0,-1000.0,-886.3373313795219,1000.0,406.33919635351765,0.0,0.0,0.0,-647.0896329249148,0.0,165.97066440182914,2.2508818729998117,0.0,0.0,0.0,485.4339841978591,0.0,0.0,0.0,0.0,0.0,0.0,-713.8764123642875,0.0,0.0,-611.8654749631888,0.0,0.0,62.318887798435114,0.0,0.0,-136.72395162187158,0.0,0.0,79.8792957436476,0.0,0.0,0.0,0.0,-99.2497060423334,0.015005879153337086,0.0,0.0,0.0,0.0,0.0,0.0,0.0,0.0,0.0,0.0,0.0,0.0,0.0,0.0,0.0,0.0,0.0,0.0,0.0,0.008253233534340062,0.008253233534340062,68.46341439748139,278.4994120846668,0.0,4.501763745999623,0.0,0.0,0.0,1000.0,0.0,0.0,58.67362415121335,0.0,0.0,-722.3168771828159,-1000.0,0.0,0.0,0.0,0.0,0.0,79.8792957436476,0.0,0.0,0.0,0.0,0.0,0.0,0.0,255.23882194633066,-810.0500644774883,478.56076270810655,0.0,303.26757995957064,0.0,-933.0505948781089,1000.0,885.9982721219745,0.0,-722.3168771828159,0.0,178.43341677485068,-1000.0,0.0,0.0,0.0,0.0,0.0,0.0,0.0,0.0,0.0,0.0,0.0,0.0,0.0,0.0,0.0,0.0,4.501763745999623,269.28047279834385,269.28047279834385,0.0,0.0,0.0,0.0,0.0,0.0,0.0,0.0,0.0,0.0,0.07502939576666039,0.0,68.46341439748139,58.67362415121335,-58.67362415121335,68.46341439748139,-482.55614287533353,0.0,0.0,2.2508818729998117,0.0,0.0,0.0,244.016229460954,0.0,0.0,0.0,0.0,0.0,0.0,881.4263915063099,-160.63747214775356,0.0,2.2508818729998117,2.2508818729998117,-550.4003179794743,-1000.0,0.0,79.8792957436476,0.0,0.0,0.0,0.0,0.0,780.159287229173,62.318887798435114,1000.0,0.007502939576666037,0.0,0.0,0.6050584844325683,0.0,516.5023446341468,0.0,-66.94940512189108,0.0,0.0,0.0,0.0,0.0,0.0,0.0,0.0,0.0,0.0,0.0,0.0,0.0,0.0,0.007502939576666037,0.0,0.0,0.0,0.0,0.0,0.0,0.0,0.0,0.0,-59.4929451529851,889.0023547296154,-38.884199550096014,0.0,-1000.0,-0.5627204682499496,0.0,-0.37514697883330217,0.0,-406.1875,-406.1875,406.1875,0.0,0.0,0.0,0.0,0.0,0.0,0.0,269.28047279834385,0.0,0.0,0.0,-480.74382154425217,0.0,0.0,0.0,-0.007502939576666037,0.0,0.0,0.007502939576666037,0.0,0.007502939576666037,0.0,0.0,0.0,4.501763745999623,9.153586283532567,9.153586283532567,0.0,0.0,0.0,0.0,0.0,0.0,0.0,478.56076270810655,0.0,62.318887798435114,0.0,0.0,478.6572681597455,516.2032182302385,0.0,0.0,0.0,0.0,0.0,0.0,0.0,0.0,0.0,0.0,0.0,0.0,0.0,114.00172787802549,0.0,-372.19433453180386,372.19433453180386,0.011254409364999057,0.0,0.0,0.0,-2.2508818729998117,0.0,0.0,0.0,0.0,0.0,-278.4994120846668,0.3751469788333019,0.0,0.0,0.0,0.0,1000.0,4.992316719636619,-0.37514697883330217,0.0,0.0,0.0,0.0,0.0,0.0,0.0,269.28047279834385,0.0,0.0,1000.0,278.4994120846668,0.0,310.8694053892892,481.9418402510952,0.0,0.0,0.0,0.0,38.884199550096014,-42.43047897810516,0.0,0.37514697883330217,1000.0,0.0,0.0,-68.46341439748139,-254.0711999242983,0.0,0.0,0.0,0.0,0.0,0.0,0.0,0.0,0.0,216.97942641048803,0.0,9.153586283532567,0.0,0.0,0.0,68.46341439748139,0.0,0.0,0.0,0.0,0.0,73.69732577148648,0.0,0.0,280.1875734894161,-0.6050584844325683,446.79038955404224,0.0,2.2508818729998117,58.67362415121335,0.0,0.0,0.0,-267.4301381606222,0.0,0.0,0.008253233534340062,0.0,0.0,0.0,4.5767931417662835,0.0,0.0,0.0,0.0,381.56193853877295,0.0,0.0,0.0,0.0,0.0,0.0,0.0,0.0,-1000.0,0.0,0.0007502939576666252,0.0007502939576666252,0.0,0.0,0.0,0.0,0.0,0.0,0.0,0.0,0.0,0.6050584844325683,68.46341439748139,0.0,0.0,0.0,0.0,278.4994120846668,0.0,0.0,0.0,0.0,0.0,0.0,0.0,239.2853198473994,0.0,0.0,0.0,117.3472483024267,0.0,0.0,58.72192856233323,0.0,0.0,0.0,4.501763745999623,0.0,0.0,0.0,0.0,0.0,0.0,-4.501763745999623,0.0,117.3472483024267,0.0,0.0,0.0,0.0,0.0,0.0,0.0,68.46341439748139,68.46341439748139,0.0,-1000.0,-1000.0,1000.0,-2.2508818729998117,0.0,0.0,999.9699882416934,0.0,0.0,0.0,0.0,0.0,0.0,0.0,0.0,0.0,0.0,0.0,0.0,0.0,0.0,0.0,0.0,0.0,-0.9378674470832518,269.28047279834385,-1000.0,994.2977659217345,0.0,0.0,0.0,0.0,0.0,-0.09378674470832549,0.0,175.6081511719676,0.0,0.0,0.0,0.0,0.0,0.0,0.0,1000.0,2.2508818729998117,2.2508818729998117,0.0,0.0,0.0,0.0,390.23266252379426,0.008253233534340062,278.4994120846668,0.0,0.0,-999.9699882416934,0.0,0.0,0.0,0.0,0.0,0.0,0.0,0.0,0.0,0.0,0.0,0.0,0.0,0.0,0.0,0.0,0.0,2.325911268766472,0.0,7.8780865554993404,59.25135049861664,0.0,0.0,0.0,0.0,0.0,278.4994120846668,0.0,0.0,0.0,0.0,0.0,-0.9378674470832518,0.0,0.0,0.0,0.0,0.0,0.0,0.0,0.0,0.0,0.0,0.0,0.0,0.0,0.0,0.0,0.0,0.0,0.0,-0.007502939576666037,0.0,0.0,0.3751469788333019,722.3168771828159,0.0,0.0,0.0,0.0,269.28047279834385,0.0,0.0,0.0,-994.214483292433,0.18757348941664986,0.0,0.0,372.19433453180386,0.007502939576666037,0.0,7.502939576666037,0.0,1.5005879153332078,0.05359242554761456,25.58502395643119,-0.0056272046824995285,886.3373313795219,0.15005879153332077,-0.03751469788327999,-25.58502395643119,2.2508818729998117,-0.007502939576666038,11.520168127683858,79.8792957436476,0.0018757348941665095,0.05359242554761456,-34.56050438305157,-59.8680921318184,68.31335560594806,-300.0,-0.007502939576666038,0.0018757348941665095,-25.58502395643119,366.06700784916893,0.007502939576666038,0.007502939576666037,-278.4836559115558,-58.66537091767902,0.0,-0.0056272046824995285,2.2508818729998117,0.007502939576666038,2.2508818729998117,-3.7514697883330195,-0.003751469788333019,243.14825590585014,154.5209480230751,-0.0056272046824995285,-0.007502939576666038,0.0,0.007502939576666037,0.7502939576666038,-0.15005879153332077,114.00172787802549,114.00172787802549,-0.7502939576665995,300.0,-114.00172787802549,1.5005879153332076,0.011254409364999057,-1000.0,0.7502939576666038,-255.23882194633066,79.8792957436476,-1.5005879153332076,0.003751469788333019,0.07502939576666039,5.760084063841929,280.0,-0.007502939576666037,-280.1875734894161,278.4836559115558,2.325911268766472,0.007502939576666038,59.8680921318184,-294.440945639854,79.8792957436476,-0.007502939576666037,-0.0018757348941665095,-79.8792957436476,-0.00750293957666604,-99.2497060423334,0.007502939576779725,-0.0018757348941665095,-0.0018757348941665095,-0.0018757348941665095,3.001175830666415,3.7514697883330195,0.07502939576666039,182.86091976563154,-0.0018757348941665095,0.0,0.3751469788333019,50.0,0.007502939576666037,0.003751469788333019,0.00375146978833302,40.68994182949041,0.0,0.007502939576666037,0.0,0.07502939576666039,0.007502939576666038,-537.4652785791735,0.007502939576666038,0.030011758306668336,0.03751469788327999,0.003751469788333019,0.0018757348941665095,2.2508818729998117,-0.007502939576666038,0.0,-34.15667780297403,-365.7218395312631,886.1497578901052,-0.7502939576666038,1.5005879153332076,0.3751469788333019,-0.007502939576666038,34.56050438305157,0.011254409364999057,-0.007502939576666038,-81.37988365898082,0.0,508.4562170432272,0.003751469788333019,-100.0,-0.007502939576666038,-0.007502939576779725,-0.007502939576666038,0.003751469788333019,25.58502395643119,-1.5005879153332076,0.007502939576666037,11.520168127683858,-0.0018757348941665095,58.66537091767902,-11.520168127683858,1.1254409364999056,-154.5209480230751,298.992129710535,25.58502395643119,-0.0056272046824995285,280.1875734894161,-280.0,0.007502939576666038,-0.0018757348941665095,0.37514697883330217,7.502939576666037,-0.003751469788333019,-0.007502939576666038,0.0018757348941665095,1000.0,0.0,699.9962485302117,354.604358813542,-206.57428716663463,0.0,541.7395598590742,-4.597622071465654,365.31671389150233,-80.0,-255.0,166.19076940348413,-300.0,40.0,103.28714358331732,127.5,-365.31671389150233,2.298811035732827,-278.4994120846668,-241.02607888260502,300.0,-166.19076940348413,-241.02607888260502,-541.7395598590742,417.7151057706308,0.0,1496.5981,hplb
258,0.0,0.0,0.0,0.0,0.0,0.0,0.0,0.0,-0.07852582042446578,0.0,0.0,0.0,0.0,0.0,0.0,0.0,155.75210377255317,1000.0,0.0,-855.7521037725531,0.0,0.0,0.0,0.0,0.0,0.0,0.0,0.0,0.0,-645.3790564144944,0.0,0.0,61.132779370525896,0.0,0.0,0.0,0.0,-43.89798550877653,0.0,-1000.0,-135.86525039073993,0.0,0.0,-720.039514486177,0.0,0.0,0.0,0.0,209.66646712811814,-556.9686337142845,0.0,-1000.0,0.0,0.08637840246707285,0.0,0.0,0.0,15.705164084893156,0.0,0.0,-73.84930919242163,0.0,364.4414195060463,282.82211030554487,0.0,0.0,0.0,0.0,168.72122520824178,43.48644914033227,0.0,0.785258204244658,0.0,0.0,0.0,0.0,0.0,0.0,0.0,0.0,0.0,0.0,-90.86574295190367,0.0,47.115492254679474,0.0,58.01284810134108,-742.5505894716986,80.82158333441505,138.3568333311699,-0.019631455106116445,0.0,0.0,-218.4191391702097,23.557746127339737,0.0,23.557746127339737,0.0,0.0,0.0,0.0,3.926291021223289,-653.3578822541651,0.0,0.0,-63.020916274107655,0.0,0.0,0.0,0.0,0.0,0.0,0.0,0.0,0.0,0.0,0.0,0.0,0.0,0.0,0.0,0.0,0.0,0.0,-437.4023528711924,0.0,0.0,23.557746127339737,0.0,24.343004331584396,0.0,0.0,0.0,-161.6288671742224,161.6288671742224,-161.6288671742224,216.83529509950935,0.0,0.0,-224.60529510758917,0.0,0.0,0.0,0.0,0.0,154.9250792259286,0.07852582042446578,0.0,0.0,0.0,0.0,0.0,0.0,0.0,90.86574295190367,0.0,-4.008863529523159,0.0,0.0,0.0,0.0,0.0,380.7348461478534,380.7348461478534,0.0,0.0,0.0,0.0,-454.87733125815066,0.0,0.0,380.81337196827786,0.0,0.0,0.0,227.45724387564007,0.0,0.0,0.0,0.0,0.0,0.0,0.0,0.0,0.0,0.0,0.0,0.0,0.0,0.0,0.0,-1000.0,0.0,0.0,0.0,0.0,0.0,556.9686337142845,1000.0,80.82158333441505,-80.82158333441505,0.0,0.0,0.0,0.0,0.0,0.0,0.0,7.978825839670766,-700.5208916379513,0.0,0.0,0.0,0.0,0.0,0.0,0.0,0.0,0.0,0.0,0.0,0.0,0.0,0.0,-68.58967183021369,-720.039514486177,0.0,0.0,0.0,7.77000000807982,0.0,0.0,0.0,0.0,0.0,-73.84930919242163,0.0,0.0,0.0,0.0,0.0,0.0,0.0,0.0,0.0,342.09759065868576,0.0,0.0,0.0,0.0,0.0,547.9374609908347,0.0,720.039514486177,0.0,0.0,7.77000000807982,95.80150091784826,0.0,0.0,0.0,255.12855517185085,0.0,0.0,-398.7852591283364,-398.7852591283364,0.0,0.0,0.0,398.7852591283364,161.6431666688301,0.0,-242.04639809455767,556.9686337142845,0.0,219.08703898425955,0.0,0.0,0.0,-668.6518892368779,0.0,668.6518892368779,0.0,1000.0,0.0,7.77000000807982,-1000.0,0.0,0.0,0.0,-73.84930919242163,-0.11778873063669866,0.0,0.0,0.0,0.0,0.07852582042446578,0.0,0.0,0.0,634.3446632139744,155.75210377255317,0.0,-85.07679082659588,-272.20879156221713,0.0,-254.37234018658685,0.0,149.20719926887728,0.0,-63.020916274107655,0.0,0.0,0.0,512.0054854357735,0.0,-661.2126847046508,-1000.0,-1000.0,0.0,0.0,0.0,0.0,0.0,0.0,0.0,0.0,0.0,0.0,0.0,0.0,0.0,0.0,0.0,0.0,0.0,-1000.0,0.0,-904.6168254851547,90.86574295190367,0.0,339.5690592410171,0.0,0.0,0.0,-497.0226698846144,0.0,0.0,0.0,0.0,0.0,0.0,1000.0,-663.6966852082032,0.0,-168.72122520824178,0.0,-3.926291021223289,0.0,36.71110892878744,-1000.0,659.77039418698,0.0,-1.9631455106116444,0.0,0.0,0.0,0.0,0.0,153.6047168961824,23.557746127339737,0.0,0.0,0.0,0.0,0.0,0.0,0.0,0.0,0.0,0.0,133.4579928095124,0.0,0.0,-793.3822239765943,0.0,0.0,7.978825839670766,0.0,0.0,-39.44292219024092,0.0,0.0,142.06483592318665,0.0,0.0,0.0,0.0,-92.14741795755342,0.15705164084884451,0.0,0.0,0.0,0.0,0.0,0.0,0.0,0.0,0.0,0.0,0.0,0.0,0.0,0.0,0.0,0.0,0.0,0.0,0.0,0.08637840246707285,0.08637840246707285,0.0,264.29483591510683,0.0,47.115492254679474,0.0,0.0,0.0,1000.0,0.0,0.0,58.01284810134108,0.0,0.0,65.91033841637193,-1000.0,0.0,0.0,0.0,0.0,0.0,142.06483592318665,0.0,0.0,0.0,0.0,0.0,0.0,0.0,145.80078429039747,-634.3446632139744,0.0,0.0,64.05933627402494,0.0,0.0,-218.4191391702097,-218.4191391702097,0.0,-158.55326149728145,0.0,0.0,-26.237079541181487,906.2499999999991,-906.2499999999991,0.0,0.0,0.0,0.0,0.0,0.0,0.0,0.0,0.0,0.0,0.0,0.0,0.0,0.0,47.115492254679474,7.770000008079819,7.77000000807982,0.0,0.0,0.0,0.0,0.0,0.0,0.0,0.0,0.0,0.0,0.785258204244658,0.0,0.0,58.01284810134108,-58.01284810134108,0.0,1000.0,0.0,0.0,23.557746127339737,0.0,0.0,0.0,0.0,0.0,0.0,0.0,0.0,0.0,0.0,103.81113460114376,0.0,0.0,23.557746127339737,23.557746127339737,1000.0,-1000.0,0.0,142.06483592318665,0.0,0.0,0.0,0.0,0.0,653.3578822541651,7.978825839670766,1000.0,0.07852582042446578,0.0,0.0,0.0,103.70456384485344,0.0,0.0,218.4191391702097,0.0,0.0,0.0,0.0,0.0,0.0,17.266430762588723,0.0,0.0,0.0,0.0,0.0,0.0,0.0,0.07852582042446578,0.0,0.0,0.0,534.0922296163162,-534.0922296163162,0.0,0.0,0.0,0.0,0.0,0.0,0.0,-62.070436128751965,0.0,-5.889436531834934,-3.303467758164269,-0.62282326305902,0.0,-421.84375,-421.84374999999994,421.84375,0.0,0.0,0.0,0.0,0.0,0.0,0.0,7.770000008079819,0.0,0.0,0.0,157.53100791740567,0.0,0.0,0.0,-0.07852582042446578,0.0,0.0,0.07852582042446578,0.0,0.07852582042446578,51.79929228776617,212.20767434857405,0.0,47.115492254679474,95.80150091784826,95.80150091784826,0.0,0.0,0.0,0.0,0.0,0.0,0.0,0.0,0.0,7.978825839670766,0.0,0.0,0.0,518.7665585743201,0.0,0.0,0.0,0.0,0.0,0.0,0.0,0.0,0.0,0.0,0.0,0.0,0.0,0.0,0.0,0.0,0.0,0.11778873063669866,0.0,0.0,0.0,-23.557746127339737,0.0,0.0,0.0,0.0,0.0,-264.29483591510683,3.926291021223289,0.0,0.0,0.0,0.0,454.87733125815066,339.5690592410171,-0.62282326305902,0.0,0.0,0.0,0.0,0.0,0.0,0.0,7.770000008079819,0.0,0.0,253.64597053241027,264.29483591510683,0.0,309.29483591510683,-63.020916274107655,95.38317451484531,-157.45361064359727,62.070436128751965,0.0,90.86574295190367,0.0,0.0,3.926291021223289,619.5222674743426,0.0,0.0,0.0,-155.46861839292308,0.0,0.0,0.0,0.0,0.0,0.0,0.0,0.0,0.0,270.18427244694175,-281.96314551061164,95.80150091784826,0.0,0.0,0.0,0.0,0.0,0.0,0.0,0.0,0.0,342.09759065868576,0.0,0.0,0.0,-103.70456384485344,120.45462341785935,0.0,23.557746127339737,58.01284810134108,0.0,0.0,0.0,-149.39009289405044,0.0,0.0,0.08637840246707285,0.0,0.0,0.0,47.90075045892413,0.0,0.0,0.0,0.0,-68.58967183021369,0.0,0.0,0.0,0.0,0.0,0.0,0.0,0.0,0.0,0.0,0.007852582042446803,0.007852582042446803,0.0,0.0,0.0,0.0,0.0,51.79929228776617,0.0,0.0,0.0,0.0,0.0,0.0,0.0,0.0,0.0,264.29483591510683,0.0,0.0,0.0,0.0,0.0,0.0,0.0,556.9686337142845,0.0,0.0,0.0,116.02569620268216,423.3721728061137,0.0,1000.0,0.0,0.0,0.0,47.115492254679474,0.0,0.0,0.0,0.0,0.0,0.0,-47.115492254679474,0.0,116.02569620268216,0.0,0.0,0.0,0.0,0.0,0.0,0.0,0.0,0.0,0.0,-1000.0,-1000.0,572.5567455650792,-23.557746127339737,0.0,0.0,-95.69727779654269,0.0,0.0,0.0,0.0,0.0,0.0,0.0,0.0,0.0,0.0,0.0,0.0,0.0,0.0,0.0,0.0,0.0,-9.815727553058196,7.77000000807982,-5.889436531834934,794.8402675530967,0.0,0.0,0.0,0.0,0.0,156.8579716507007,-157.83954440600652,130.3086651421446,0.0,0.0,0.0,0.0,0.0,0.0,0.0,1000.0,23.557746127339737,23.557746127339737,0.0,0.0,0.0,0.0,0.0,0.08637840246707285,264.29483591510683,0.0,0.0,43.89798550877653,0.0,0.0,0.0,0.0,0.0,0.0,0.0,0.0,0.0,0.0,0.0,0.0,0.0,0.0,132.0034833181701,0.0,0.0,0.0,0.0,82.45211144568908,64.05933627402494,0.0,0.0,0.0,0.0,0.0,264.29483591510683,0.0,-3.303467758164269,0.0,0.0,0.0,-9.815727553058196,0.0,0.0,0.0,0.0,0.0,0.0,0.0,0.0,0.0,0.0,0.0,0.0,0.0,0.0,0.0,0.0,0.0,0.0,-0.07852582042446578,0.0,0.0,3.926291021223289,-65.91033841637193,0.0,0.0,0.0,0.0,7.77000000807982,0.0,0.0,0.0,-512.0054854357735,1.9631455106116444,0.0,0.0,0.0,0.07852582042446578,0.0,78.52582042446578,-24.343004331584396,15.705164084893156,0.5608987173176126,219.08703898425955,-0.05889436531834933,3.9262910212232893,1.5705164084893157,51.40666318564431,-219.08703898425955,23.557746127339733,-0.07852582042446578,21.006972091369217,142.06483592318665,0.019631455106116445,0.5608987173176126,-63.02091627410765,-70.5141587129169,-1.5705164084893157,-300.0,-0.07852582042446578,0.019631455106116445,-219.08703898425955,7.852582042446578,0.07852582042446578,0.07852582042446578,-264.1299316922153,-57.926469698874165,-27.238364779864,-0.05889436531834933,23.557746127339737,0.07852582042446578,23.557746127339737,-39.262910212232896,-0.03926291021223289,157.28906085760246,-7.931107862871045,-0.05889436531834933,-0.07852582042446578,-24.343004331584396,0.07852582042446578,7.852582042446578,-1.5705164084893157,0.0,0.0,-7.852582042446578,300.0,0.0,15.705164084893156,0.11778873063669866,-1000.0,7.852582042446578,-145.80078429039747,142.06483592318665,-15.705164084893156,0.03926291021223289,0.785258204244658,21.26919770664897,280.0,-0.07852582042446578,-281.96314551061164,264.1299316922153,24.343004331584396,0.07852582042446767,70.5141587129169,47.83385141382786,142.06483592318665,-0.07852582042446578,-0.019631455106116445,-142.06483592318665,-0.07852582042446578,-92.14741795755342,0.07852582042446395,-0.019631455106116445,-0.019631455106116445,-0.019631455106116445,31.41032816978631,39.262910212232896,0.785258204244658,205.1733913935196,-0.019631455106116445,21.531423321928724,3.926291021223289,50.0,0.07852582042446578,0.03926291021223289,0.03926291021223289,75.0,24.343004331584396,0.07852582042446578,-24.343004331584396,0.785258204244658,0.07852582042446578,-499.164539766606,0.07852582042446578,0.3141032816973848,-51.40666318564431,0.03926291021223289,0.019631455106116445,23.557746127339737,-0.07852582042446578,27.238364779864,0.7852582042446579,-410.3467827870392,1.9631455106116449,-7.852582042446578,15.705164084893156,3.926291021223289,-0.07852582042446578,63.02091627410765,0.11778873063669866,-0.07852582042446578,-150.0,24.343004331584396,182.93586393989125,0.03926291021223289,-100.0,-0.07852582042446578,-0.07852582042446395,-0.07852582042446578,0.03926291021223289,219.08703898425955,-15.705164084893156,0.07852582042446578,42.53839541329794,-0.019631455106116445,57.926469698874165,-42.53839541329794,11.778873063669867,7.931107862871044,652.9786704124665,219.08703898425955,-0.05889436531834933,281.96314551061164,-280.0,0.07852582042446578,-0.019631455106116448,3.926291021223289,78.52582042446578,-0.03926291021223289,-0.07852582042446767,0.019631455106116445,157.98342234303846,0.0,699.9607370897878,293.9911483730864,-255.0,0.0,431.0747863654014,-125.8891162760144,0.0,699.1779303815188,-86.1422406202979,-325.0,-300.0,-349.5889651907594,127.5,43.07112031014895,0.0,62.9445581380072,-264.29483591510683,-33.545771045840816,300.0,325.0,-33.545771045840816,-431.0747863654014,187.6941764545635,0.0,1496.5981,hplb
259,0.0,0.0,0.0,0.0,0.0,0.0,0.0,0.0,-0.061886982783570105,0.0,0.0,0.0,0.0,0.0,0.0,0.0,-608.7894874160904,0.0,0.0,908.7894874160904,0.0,0.0,0.0,901.0427145290714,0.0,0.0,0.0,0.0,0.0,224.75052683355614,0.0,0.0,88.94254422209599,0.0,0.0,0.0,0.0,999.7524520688658,0.0,-1000.0,981.433905164929,0.0,0.0,564.5751510102264,0.0,0.0,0.0,0.0,819.4638095723079,0.0,0.0,0.0,0.0,0.06807568106187839,0.0,0.0,0.0,0.0,0.0,0.0,212.9762324967104,0.0,1000.0,557.6969941551597,0.0,0.0,0.0,0.0,571.9788726553172,-147.46951886366548,0.0,0.6188698278357012,0.0,0.0,0.0,0.0,0.0,0.0,0.0,396.87745598143005,0.0,0.0,0.0,0.0,37.13218967014207,0.0,0.0,-523.1350790135374,296.32873055877053,16.224856772724706,-0.015471745695892528,0.0,0.0,0.0,18.566094835071034,0.0,18.566094835071034,-1.9927608456310077,570.5789205498836,0.0,0.0,3.0943491391785054,53.01861188499288,0.0,0.0,-49.68975345838715,0.0,0.0,0.0,0.0,0.0,0.0,0.0,0.0,0.0,0.0,0.0,0.0,0.0,0.0,0.0,0.0,0.0,0.0,-665.288882811503,0.0,0.0,18.566094835071034,0.0,19.184964662906737,19.184964662906737,0.0,-1000.0,490.5699098622665,509.43009013773354,-509.4300901377335,-718.3961382965354,0.0,0.0,63.11689995498466,0.0,0.0,0.0,0.0,0.0,4.765297674334896,0.061886982783570105,0.0,0.0,0.0,0.0,-99.00637484322112,0.0,0.0,152.1091988995463,0.0,663.9506798860231,0.0,0.0,0.0,0.0,0.0,494.1270366471959,494.1270366471959,0.0,0.0,0.0,0.0,0.0,0.0,0.0,494.18892362997946,0.0,0.0,0.0,-183.068170687225,0.0,0.0,0.0,0.0,0.0,0.0,0.0,0.0,0.0,0.0,-808.5548559382437,0.0,0.0,0.0,0.0,-1000.0,0.0,0.0,0.0,0.0,0.0,0.0,0.0,-296.32873055877053,296.32873055877053,543.579158451659,0.0,0.0,0.0,0.0,0.0,0.0,171.73191494856326,-596.1068945614392,0.0,0.0,0.0,0.0,0.0,0.0,0.0,0.0,0.0,0.0,0.0,0.0,0.0,52.46404274289523,23.76116795664916,-435.42484898977364,0.0,0.0,0.0,111.7000798898916,-442.06205549382054,0.0,0.0,0.0,0.0,212.9762324967104,-1000.0,0.0,0.0,0.0,0.0,0.0,0.0,0.0,0.0,0.0,12.377396556714022,0.0,0.0,-592.6574611175411,0.0,0.0,0.0,435.42484898977364,0.0,0.0,655.2792383415507,75.50211899595554,0.0,0.0,0.0,-310.5295466696698,0.0,0.0,271.2907399720042,0.0,-297.7825573502457,569.0732973222499,-297.7825573502457,0.0,0.0,0.0,316.13202629854936,0.0,0.0,109.51750833413551,0.0,0.0,0.0,0.0,0.0,0.0,0.0,494.06514966441233,0.0,111.7000798898916,-544.2795450619877,0.0,0.0,0.0,212.9762324967104,-0.09283047417535516,0.0,0.0,0.0,0.0,0.061886982783570105,0.0,0.0,0.0,879.9168022070904,-608.7894874160904,0.0,-1000.0,235.3447981132404,0.0,1000.0,0.0,-308.08552160963524,0.0,-49.68975345838715,0.0,0.0,0.0,-5.3284692176653365,313.41399082730055,0.0,-1000.0,655.3463702640271,0.0,0.0,0.0,0.0,0.0,0.0,0.0,0.0,0.0,0.0,0.0,0.0,0.0,0.0,0.0,0.0,0.0,804.7149649631787,0.0,-195.28503503682134,0.0,0.0,0.0,0.0,0.0,0.0,-4.765297674334896,0.0,570.5789205498836,0.0,0.0,0.0,-885.3928634826177,628.4054102325168,996.9056508608215,-1.5471745695892527,0.0,-916.5428769067984,-3.0943491391785054,789.414083863114,-872.7449061811911,-628.4054102325168,-1000.0,1000.0,0.0,0.0,848.2743737869384,0.0,-1000.0,0.0,245.45625324779297,18.566094835071034,0.0,0.0,0.0,0.0,0.0,0.0,0.0,-52.46404274289523,52.46404274289523,52.46404274289523,292.3123569016731,0.0,0.0,0.0,0.0,0.0,171.73191494856326,0.0,0.0,-229.3267733481298,0.0,-1000.0,0.0,0.0,0.0,0.0,0.0,-93.81130172164299,0.12377396556718154,0.0,0.0,0.0,0.0,0.0,0.0,0.0,0.0,0.0,0.0,0.0,0.0,0.0,0.0,0.0,0.0,0.0,0.0,0.0,0.06807568106187839,0.06807568106187839,0.0,320.0866461861812,0.0,37.13218967014207,0.0,0.0,0.0,349.34192283705977,0.0,836.4057330456762,0.0,0.0,0.0,792.4144980583927,-349.34192283705977,0.0,0.0,0.0,0.0,0.0,0.0,0.0,0.0,0.0,0.0,0.0,0.0,0.0,221.76296093716766,-879.9168022070904,99.00637484322112,0.0,4.765297674334896,0.0,0.0,0.0,-101.51710295783859,0.0,792.4144980583927,0.0,0.0,698.6031963367498,0.0,0.0,52.46404274289523,0.0,0.0,0.0,0.0,0.0,0.0,0.0,0.0,0.0,0.0,0.0,0.0,0.0,37.13218967014207,655.2792383415507,655.2792383415507,0.0,0.0,0.0,0.0,0.0,0.0,0.0,0.0,0.0,0.0,0.6188698278357012,0.0,0.0,0.0,0.0,0.0,0.0,0.0,0.0,18.566094835071034,0.0,0.0,0.0,0.0,0.0,0.0,0.0,0.0,0.0,0.0,1000.0,-113.9134076695716,0.0,18.566094835071034,18.566094835071034,1000.0,-349.34192283705977,0.0,0.0,0.0,0.0,0.0,0.0,0.0,783.295485422355,171.73191494856326,922.8667044282562,0.061886982783570105,0.0,0.0,0.0,4.9907431116179035,0.0,0.0,0.0,0.0,0.0,0.0,0.0,0.0,0.0,0.0,0.0,0.0,0.0,0.0,0.0,0.0,0.0,0.061886982783570105,0.0,0.0,0.0,199.40544073713033,-199.40544073713033,0.0,0.0,0.0,0.0,0.0,565.8136228755487,-152.1091988995463,0.0,-1000.0,-4.6415237087677585,0.0,-3.0943491391785054,0.0,0.0,0.0,0.0,0.0,0.0,0.0,0.0,0.0,0.0,0.0,655.2792383415507,0.0,0.0,0.0,-751.4493976130285,0.0,0.0,0.0,-0.061886982783570105,0.0,0.0,0.061886982783570105,0.0,0.061886982783570105,0.0,424.5093537916517,0.0,37.13218967014207,75.50211899595554,75.50211899595554,0.0,0.0,0.0,0.0,0.0,0.0,0.0,99.00637484322112,0.0,171.73191494856326,0.0,0.0,0.0,0.0,0.0,0.0,0.0,0.0,0.0,0.0,0.0,0.0,0.0,0.0,0.0,0.0,0.0,101.51710295783859,0.0,0.0,0.0,0.09283047417535516,0.0,0.0,0.0,-18.566094835071034,0.0,0.0,0.0,0.0,0.0,-320.0866461861812,3.0943491391785054,0.0,0.0,0.0,0.0,0.0,-1.9927608456310077,-3.0943491391785054,0.0,-1000.0,0.0,0.0,0.0,0.0,0.0,655.2792383415507,0.0,0.0,-462.4531107500423,267.622603443286,0.0,411.6289782865071,-49.68975345838715,0.0,-6.758058519965857,570.5789205498836,-563.8208620299177,152.1091988995463,0.0,0.0,3.0943491391785054,721.1001233875627,0.0,0.0,0.0,-229.3267733481298,0.0,0.0,0.0,0.0,0.0,0.0,0.0,0.0,0.0,799.2718085207081,0.0,75.50211899595554,0.0,0.0,0.0,0.0,0.0,0.0,0.0,0.0,0.0,0.0,0.0,0.0,334.01121731248475,-4.9907431116179035,707.0524160721835,0.0,18.566094835071034,0.0,0.0,0.0,0.0,278.26894959708477,0.0,0.0,0.06807568106187839,0.0,0.0,0.0,37.75105949797777,0.0,0.0,0.0,0.0,23.76116795664916,0.0,0.0,0.0,0.0,0.0,0.0,0.0,0.0,-902.3018384641828,0.0,0.006188698278357187,0.006188698278357187,0.0,0.0,0.0,0.0,0.0,0.0,0.0,0.0,0.0,0.0,0.0,0.0,0.0,0.0,0.0,320.0866461861812,0.0,0.0,0.0,0.0,0.0,0.0,0.0,0.0,0.0,0.0,0.0,0.0,0.0,826.806348454767,0.0,0.0,0.0,0.0,37.13218967014207,0.0,0.0,0.0,0.0,0.0,962.8678103298579,-1000.0,0.0,0.0,0.0,0.0,0.0,0.0,0.0,0.0,0.0,0.0,0.0,0.0,732.4796658357708,-163.68590269265212,42.392583206745535,0.0,-18.566094835071034,0.0,999.7524520688658,0.0,0.0,0.0,0.0,0.0,0.0,0.0,0.0,0.0,0.0,0.0,0.0,0.0,0.0,0.0,0.0,0.0,-7.735872847946264,655.2792383415507,-4.6415237087677585,-4.641523708767757,0.0,0.0,0.0,0.0,0.0,-0.7735872847946265,0.0,381.4359722476761,0.0,0.0,0.0,0.0,0.0,0.0,0.0,1000.0,18.566094835071034,18.566094835071034,0.0,0.0,0.0,0.0,396.87745598143005,0.06807568106187839,320.0866461861812,0.0,0.0,-999.7524520688658,0.0,0.0,0.0,0.0,0.0,0.0,0.0,0.0,0.0,0.0,0.0,0.0,0.0,0.0,212.25467689582584,0.0,0.0,19.184964662906737,0.0,64.98133192274862,0.0,0.0,4.765297674334896,0.0,0.0,0.0,320.0866461861812,0.0,0.0,0.0,0.0,0.0,-7.735872847946264,0.0,0.0,0.0,0.0,0.0,0.0,0.0,0.0,0.0,0.0,0.0,0.0,0.0,0.0,0.0,0.0,0.0,0.0,-0.061886982783570105,0.0,0.0,3.0943491391785054,-792.4144980583927,0.0,0.0,0.0,0.0,655.2792383415507,0.0,0.0,0.0,5.3284692176653365,1.5471745695892527,0.0,0.0,0.0,0.061886982783570105,0.0,61.886982783570105,0.0,12.377396556714023,0.44204987702550075,211.0346112919741,-0.04641523708767758,3.094349139178462,1.2377396556714022,-0.3094349139178198,-211.0346112919741,18.566094835071034,-0.06188698278357011,16.56325115279572,0.0,0.015471745695892528,0.44204987702550075,-49.68975345838715,-9.852407659144362,-1.2377396556714022,-300.0,-0.06188698278357011,0.015471745695892528,-211.0346112919741,6.188698278357011,0.06188698278357011,0.061886982783570105,-319.95668352233577,0.0680756810619273,-83.37433902696466,-0.04641523708767758,18.566094835071034,0.06188698278357011,18.566094835071034,-30.943491391785056,-0.030943491391785056,-481.1968339422841,435.81147023267994,-0.04641523708767758,-0.06188698278357011,0.0,0.061886982783570105,6.188698278357011,-1.2377396556714022,101.51710295783859,101.51710295783859,-6.188698278357011,300.0,-101.51710295783859,12.377396556714022,0.09283047417535516,-1000.0,6.188698278357011,-221.76296093716766,0.0,-12.377396556714022,0.030943491391785056,0.6188698278357012,250.0,280.0,-0.061886982783570105,-334.01121731248475,319.95668352233577,19.184964662906737,0.06188698278357011,9.852407659144362,-74.264379340284,0.0,-0.061886982783570105,-0.015471745695892528,0.0,-0.06188698278357011,-93.81130172164299,0.06188698278357011,-0.015471745695892528,-0.015471745695892528,-0.015471745695892528,24.754793113428043,30.943491391785056,0.6188698278357012,45.85051836977789,-0.015471745695892528,483.4367488472043,3.0943491391785054,50.0,0.061886982783570105,0.030943491391785052,0.030943491391785056,-49.66134166658879,0.0,0.061886982783570105,0.0,0.6188698278357012,0.06188698278357011,-45.85051836977789,0.06188698278357006,0.24754793113428147,0.3094349139178198,0.030943491391785056,0.015471745695892528,18.566094835071034,-0.06188698278357011,83.37433902696466,0.6188698278357011,-91.70103673955578,1.5471745695892878,-6.188698278357011,12.377396556714022,3.0943491391785054,-0.06188698278357006,49.68975345838715,0.09283047417535516,-0.06188698278357011,99.32268333317758,0.0,-41.56554788021471,0.030943491391785056,-100.0,-0.06188698278357011,-0.06188698278357011,-0.06188698278357011,0.030943491391785056,211.0346112919741,-12.377396556714022,0.061886982783570105,500.0,-0.015471745695892528,-0.0680756810619273,-500.0,9.283047417535515,-435.81147023267994,456.6433618698366,211.0346112919741,-0.04641523708767758,334.01121731248475,-280.0,0.06188698278357011,-0.01547174569589253,3.0943491391785054,61.886982783570105,-0.030943491391785052,-0.06188698278357011,0.015471745695892526,994.3237980120089,0.0,983.7441997358835,0.0,-255.0,0.0,-309.43104790740506,-140.0,0.0,456.1572535354423,-255.0,-325.0,-16.224856772724706,-228.07862676772115,127.5,127.5,0.0,70.0,-320.0866461861812,-236.70340171687008,16.224856772724706,325.0,-236.70340171687008,309.43104790740506,-120.67768342273904,0.0,1496.5981,hplb
260,0.0,0.0,0.0,0.0,0.0,0.0,0.0,0.0,368.90018209150827,0.0,0.0,0.0,0.0,0.0,0.0,0.0,-850.1352044936118,1000.0,0.0,0.0,0.0,0.0,0.0,249.5627129210202,0.0,0.0,0.0,0.0,0.0,827.9223397824228,0.0,0.0,2.761934952443359,0.0,0.0,0.0,0.0,238.04000514605696,0.0,-1000.0,974.4996568014262,0.0,-828.9080748099959,-791.5980505924492,0.0,0.0,0.0,0.0,-15.097159506357855,-418.24234615739755,0.0,0.0,0.0,0.09350125839486623,0.0,0.0,0.0,0.0,0.0,0.0,64.46149907042013,0.0,151.3803003843846,0.0,0.0,0.0,0.0,0.0,657.2484059720064,307.7349143288607,0.0,0.8500114399524604,0.0,0.0,0.0,0.0,0.0,0.0,0.0,0.0,0.0,0.0,-171.95053050017523,0.0,51.00068639714762,0.0,0.0,-483.3645652443022,689.5853905098003,300.0,-0.02125028599881151,0.0,0.0,0.0,25.50034319857381,0.0,25.50034319857381,-324.87380531602616,0.0,0.0,0.0,370.8828934386343,591.3538601503078,0.0,0.0,0.0,0.0,0.0,0.0,0.0,0.0,0.0,0.0,0.0,0.0,0.0,0.0,0.0,0.0,0.0,0.0,0.0,0.0,0.0,-690.98308774869,0.0,0.0,25.50034319857381,0.0,26.35035463852627,19.30986849179004,0.0,-1000.0,1000.0,0.0,0.0,0.0,0.0,0.0,-215.84179945480474,0.0,0.0,0.0,0.0,0.0,178.49561858780916,0.08500114399524603,0.0,0.0,0.0,-399.41161717886825,399.41161717886825,0.0,0.0,0.0,0.0,309.63757185072126,0.0,0.0,0.0,0.0,0.0,999.9149988560048,999.9149988560048,0.0,0.0,0.0,0.0,0.0,0.0,0.0,1000.0,0.0,0.0,0.0,-216.19529200955964,-600.9034288957596,0.0,0.0,0.0,0.0,0.0,0.0,0.0,0.0,0.0,0.0,0.0,0.0,0.0,0.0,-1000.0,0.0,0.0,0.0,0.0,0.0,418.24234615739755,828.9080748099959,-689.5853905098003,689.5853905098003,215.84179945480474,0.0,0.0,0.0,0.0,0.0,0.0,236.56847963211504,-1000.0,0.0,0.0,0.0,0.0,0.0,0.0,0.0,0.0,0.0,0.0,0.0,0.0,0.0,82.25620899753824,28.262278151017167,-791.5980505924492,0.0,0.0,0.0,0.0,37.95155591530127,0.0,0.0,0.0,0.0,64.46149907042013,0.0,0.0,0.0,0.0,0.0,0.0,0.0,0.0,0.0,542.2104317189035,17.000228799049207,0.0,0.0,-550.2627062096046,0.0,-359.1390404504645,0.0,791.5980505924492,0.0,0.0,215.84179945480474,505.19746230084183,0.0,0.0,0.0,10.322968148719212,0.0,0.0,-1000.0,0.0,0.0,-999.9999999999998,0.0,0.0,0.0,0.0,808.8763342408599,418.24234615739755,0.0,21.97957336021048,0.0,0.0,0.0,0.0,0.0,0.0,0.0,1000.0,0.0,0.0,-746.206644629894,0.0,0.0,0.0,64.46149907042013,-0.12750171599286905,0.0,0.0,0.0,0.0,0.08500114399524603,0.0,0.0,0.0,178.4958697124167,-850.1352044936118,0.0,-733.585508033912,-248.8996582223315,600.9034288957596,1000.0,0.0,575.4967579450579,0.0,0.0,0.0,0.0,0.0,-7.318598497990778,-657.2484059720064,89.07024652493934,-1000.0,-1000.0,0.0,0.0,0.0,0.0,0.0,0.0,0.0,0.0,0.0,0.0,0.0,0.0,0.0,0.0,0.0,0.0,0.0,0.0,0.0,-1000.0,0.0,761.619990277962,864.3472001982825,0.0,0.0,0.0,-720.7060503067127,0.0,171.95053050017523,0.0,0.0,366.632836238872,0.0,0.0,-187.5664753191983,0.0,0.0,-1000.0,0.0,-997.9270815250923,794.4027946105543,0.0,0.0,827.7769239279235,-2.125028599881151,-4.250057199762302,-132.17836172171937,0.0,308.7036051185317,0.0,405.913852307931,25.50034319857381,-843.7500000000008,843.7500000000008,0.0,480.5804087482736,0.0,368.98518323550354,0.0,-82.25620899753824,82.25620899753824,82.25620899753824,-242.5806375473228,0.0,0.0,-0.17000228799049205,0.0,0.0,236.56847963211504,0.0,0.0,-86.91880131396448,0.0,0.0,0.0,0.0,0.0,0.0,0.0,2.761934952443359,0.17000228799042816,0.0,0.0,0.0,0.0,0.0,0.0,0.0,0.0,0.0,964.983320300867,0.0,0.0,0.0,0.0,0.0,0.0,0.0,0.0,0.0,0.09350125839486623,0.09350125839486623,0.0,345.25598019848906,0.0,51.00068639714762,0.0,0.0,0.0,1000.0,0.0,0.0,0.0,0.0,0.0,156.16673073565573,-1000.0,0.0,0.0,0.0,0.0,0.0,0.0,0.0,0.0,0.0,0.0,0.0,0.0,0.0,230.32769591623,-178.4958697124167,0.0,0.0,6.545088087633928,0.0,0.0,0.0,-253.793355370106,0.0,156.16673073565573,0.0,-780.2805766649967,939.2092423530959,1000.0,-1000.0,82.25620899753824,0.0,0.0,0.0,0.0,0.0,0.0,0.0,0.0,0.0,0.0,0.0,0.0,0.0,51.00068639714762,215.84179945480474,215.84179945480474,0.0,0.0,0.0,0.0,0.0,0.0,0.0,0.0,0.0,0.0,0.8500114399524604,0.0,0.0,0.0,0.0,0.0,828.9080748099959,0.0,0.0,25.50034319857381,0.0,0.0,0.0,0.0,0.0,0.0,0.0,0.0,0.0,0.0,780.4305207084263,618.3536911606158,0.0,25.50034319857381,25.50034319857381,920.14106626863,-1000.0,0.0,0.0,0.0,0.0,0.0,0.0,0.0,156.01628415456298,236.56847963211504,328.42969683106685,0.08500114399524603,0.0,0.0,0.0,35.016679699132965,0.0,0.0,0.0,0.0,0.0,0.0,0.0,0.0,0.0,0.0,0.0,0.0,0.0,0.0,0.0,0.0,0.0,0.08500114399524603,0.0,0.0,0.0,-77.67072124733892,77.67072124733892,0.0,0.0,0.0,761.619990277962,0.0,864.3472001982825,0.0,-548.7555198065374,-1000.0,-6.375085799643453,-4.250057199762302,0.0,0.0,0.0,0.0,0.0,0.0,0.0,0.0,0.0,0.0,0.0,0.0,215.84179945480474,600.9034288957596,0.0,0.0,718.867514626225,0.0,0.0,0.0,368.90018209150827,0.0,0.0,0.08500114399524603,0.0,0.08500114399524603,0.0,0.0,0.0,51.00068639714762,103.70139567420016,103.70139567420016,0.0,0.0,0.0,0.0,0.0,0.0,171.95053050017523,0.0,0.0,236.56847963211504,0.0,0.0,0.0,0.0,0.0,0.0,0.0,0.0,0.0,0.0,0.0,0.0,0.0,0.0,0.0,0.0,0.0,253.793355370106,0.0,0.0,0.0,0.12750171599286905,0.0,0.0,0.0,-25.50034319857381,0.0,0.0,0.0,0.0,0.0,-345.25598019848906,4.250057199762302,0.0,0.0,0.0,0.0,0.0,0.0,0.0,0.0,0.0,0.0,0.0,0.0,0.0,0.0,215.84179945480474,0.0,0.0,360.8326559537409,262.9997712009508,0.0,-69.23379073196428,0.0,0.0,-720.7060503067127,720.7060503067127,0.0,0.0,401.49606662664166,0.0,4.250057199762302,1000.0,0.0,0.0,0.0,-86.91880131396448,0.0,0.0,0.0,0.0,0.0,0.0,0.0,0.0,0.0,-6.375085799643671,-6.3750857996434505,103.70139567420016,0.0,0.0,0.0,0.0,0.0,0.0,0.0,0.0,0.0,542.2104317189035,0.0,0.0,358.00615179777594,-1000.0,-1000.0,-828.9080748099959,25.50034319857381,0.0,0.0,0.0,0.0,158.85583258329876,0.0,0.0,0.09350125839486623,0.0,0.0,0.0,51.85069783710008,0.0,0.0,0.0,0.0,28.262278151017167,0.0,0.0,0.0,0.0,0.0,0.0,0.0,0.0,0.0,0.0,0.008500114399524847,0.008500114399524847,0.0,0.0,0.0,0.0,0.0,0.0,0.0,0.0,0.0,0.0,0.0,0.0,0.0,0.0,0.0,345.25598019848906,0.0,0.0,0.0,0.0,0.0,0.0,0.0,418.24234615739755,0.0,0.0,0.0,0.0,0.0,-77.58315944272552,1000.0,0.0,0.0,0.0,51.00068639714762,0.0,0.0,0.0,0.0,0.0,0.0,-51.00068639714762,0.0,0.0,0.0,0.0,0.0,0.0,0.0,0.0,0.0,0.0,0.0,0.0,-328.42969683106685,-252.6298556951292,58.22578363674353,0.0,-25.50034319857381,0.0,999.6599954240189,0.0,0.0,0.0,0.0,0.0,0.0,0.0,0.0,0.0,0.0,0.0,0.0,0.0,0.0,0.0,0.0,0.0,-10.625142999405755,215.84179945480474,-373.00792203851546,0.0,0.0,0.0,0.0,0.0,0.0,-1.0625142999405754,0.0,86.91880131396448,0.0,0.0,0.0,0.0,0.0,0.0,0.0,1000.0,25.50034319857381,25.50034319857381,0.0,0.0,0.0,0.0,0.0,0.09350125839486623,345.25598019848906,0.0,0.0,-999.6599954240189,0.0,0.0,0.0,0.0,0.0,0.0,0.0,0.0,0.0,0.0,0.0,0.0,0.0,0.0,0.0,0.0,0.0,19.30986849179004,0.0,89.25120119500833,178.49561858780916,0.0,0.0,0.0,0.0,0.0,345.25598019848906,0.0,535.223337682494,0.0,0.0,0.0,-10.625142999405755,0.0,0.0,0.0,0.0,0.0,0.0,0.0,0.0,0.0,0.0,0.0,0.0,0.0,0.0,0.0,0.0,0.0,0.0,-0.08500114399524603,0.0,0.0,4.250057199762302,-156.16673073565573,0.0,0.0,0.0,0.0,215.84179945480474,0.0,0.0,0.0,7.318598497990778,2.125028599881151,0.0,0.0,0.0,0.08500114399524603,0.0,85.00114399524603,-7.040486146736228,17.000228799049207,0.6071510285374717,275.7729287303165,-0.06375085799643453,187.5664753191983,1.7000228799049208,-0.42500571997632974,-275.7729287303165,25.50034319857381,-0.08500114399524604,0.0,0.0,0.02125028599881151,0.6071510285374717,0.0,-13.532182124043402,-1.7000228799049208,-149.8647955063882,-0.08500114399524604,0.02125028599881151,-275.7729287303165,8.500114399524604,0.08500114399524604,0.08500114399524604,-345.0774777960989,0.09350125839477089,0.0,-0.06375085799643453,25.50034319857381,0.08500114399524604,25.50034319857381,-42.50057199762301,-0.04250057199762302,-309.63757185072126,-46.53667145882112,-0.06375085799643453,-0.08500114399524604,-7.040486146736228,0.08500114399524603,8.500114399524591,-1.7000228799049208,253.793355370106,253.793355370106,-8.500114399524604,149.8647955063882,-253.793355370106,17.000228799049207,0.12750171599286905,-671.722591149336,8.500114399524604,-230.32769591623,0.0,-17.000228799049207,0.04250057199762302,0.8500114399524604,183.396377008478,280.0,-0.08500114399524604,-364.3812375974194,345.0774777960989,26.35035463852627,0.08500114399524604,13.532182124043402,-102.00137279429526,0.0,-0.08500114399524604,-0.02125028599881151,0.0,-0.08500114399524604,2.761934952443359,0.08500114399501867,-0.02125028599881151,-0.02125028599881151,-0.02125028599881151,34.000457598098414,42.50057199762301,0.8500114399524604,62.97522255747654,-0.02125028599881151,366.792754016956,4.250057199762302,2.8690897235406223,0.08500114399524604,0.04250057199762302,0.04250057199762302,8.500114399524604,7.040486146736228,0.08500114399524604,-7.040486146736228,0.8500114399524604,0.08500114399524604,-62.97522255747654,0.08500114399524604,0.3400045759810837,0.42500571997632974,0.04250057199762302,0.02125028599881151,25.50034319857381,-0.08500114399524604,0.0,0.8500114399524604,-125.95044511495308,185.44144671931716,-8.500114399524591,17.000228799049207,4.250057199762302,-0.08500114399524604,0.0,0.12750171599286905,-0.08500114399524604,-17.000228799049207,7.040486146736228,137.39548758811333,0.04250057199762302,-5.738179447081251,-0.08500114399524604,-0.08500114399501867,-0.08500114399524604,0.04250057199762302,275.7729287303165,-17.000228799049207,0.08500114399524603,366.792754016956,-0.02125028599881151,-0.09350125839477089,-366.792754016956,12.750171599286903,46.53667145882112,251.32264928445602,275.7729287303165,-0.06375085799643453,364.3812375974194,-280.0,0.08500114399524604,-0.021250285998811506,4.250057199762302,85.00114399524603,-0.04250057199762302,-0.08500114399524604,0.02125028599881151,0.0,0.0,371.68009057733843,0.0,-255.0,0.0,395.52683253198103,-4.640460234738392,0.0,-80.0,-255.0,52.233561932915066,-300.0,40.0,127.5,127.5,0.0,2.320230117369196,-345.25598019848906,-296.2513201714121,300.0,-52.233561932915066,-296.2513201714121,-395.52683253198103,244.51404546337585,0.0,1496.5981,hplb
261,0.0,0.0,0.0,0.0,0.0,0.0,0.0,0.0,-0.06029207683228296,0.0,0.0,0.0,0.0,0.0,0.0,0.0,-198.63296081153288,-501.3670391884671,0.0,1000.0,0.0,0.0,0.0,0.0,0.0,0.0,0.0,0.0,0.0,-1000.0,0.0,0.0,138.66754510200644,0.0,0.0,0.0,0.0,717.1784966126631,0.0,-1000.0,1000.0,0.0,0.0,1000.0,0.0,0.0,899.6070120789918,0.0,198.63296081153288,-522.7870510492162,0.0,0.0,0.0,0.0663212845156238,0.0,0.0,0.0,12.058415366456591,0.0,0.0,115.73150880180276,0.0,328.66084065301567,0.0,0.0,0.0,0.0,0.0,0.0,0.0,0.0,0.6029207683228297,0.0,0.0,0.0,0.0,0.0,0.0,0.0,0.0,0.0,0.0,0.0,0.0,36.17524609936978,0.0,27.089552116770903,671.6292367201773,-772.5731762669624,759.3106496722703,-0.015073019208070738,0.0,0.0,-646.5820164115084,18.08762304968489,0.0,18.44513441850876,-1.9414048740036378,0.0,0.0,0.0,3.014603841614148,-1000.0,0.0,0.0,0.0,0.0,0.0,0.0,0.0,0.0,0.0,0.0,0.0,0.0,0.0,0.0,0.0,0.0,0.0,0.0,0.0,0.0,0.0,-970.2570918089705,0.0,0.0,18.44513441850876,0.0,18.690543818007715,0.0,0.0,829.1273790599357,-829.1273790599357,0.0,0.0,555.6076505451815,593.5054234798517,-593.5054234798517,-1000.0,0.0,0.0,0.0,0.0,0.0,31.732042032856768,0.06029207683228296,0.0,0.0,0.0,-884.1777030435957,884.1777030435957,0.0,0.0,0.0,0.0,14.67619666494704,0.0,0.0,0.0,0.0,0.0,128.9672539243074,128.9672539243074,0.0,0.0,0.0,0.0,-938.7721568687249,0.0,0.0,129.0275460011397,0.0,0.0,0.0,-989.2456804566947,0.0,0.0,0.0,0.0,0.0,0.0,0.0,0.0,0.0,0.0,-873.9270272794982,0.0,0.0,0.0,0.0,-1000.0,0.0,0.0,0.0,0.0,0.0,522.7870510492162,0.0,129.73780246828971,-129.73780246828971,0.0,0.0,0.0,0.0,0.0,0.0,0.0,0.0,-694.594924970492,0.0,0.0,0.0,0.0,0.0,0.0,0.0,0.0,0.0,0.0,0.0,0.0,0.0,260.2620314816813,71.31128552953598,1000.0,0.0,0.0,0.0,444.39234945481843,163.9105002399394,0.0,0.0,0.0,0.0,115.73150880180276,0.0,0.0,0.0,0.0,0.0,0.0,0.0,0.0,0.0,0.0,0.0,0.3575113688238716,0.0,560.587250745489,-341.72372798976295,1000.0,0.0,-1000.0,0.0,0.0,444.39234945481843,0.0,0.0,0.0,0.0,93.64152983786835,0.0,0.0,-439.5958205282839,0.0,-391.27325525012327,-439.5958205282842,0.0,-391.27325525012327,-642.8353737986725,0.0,-241.8914342518877,522.7870510492162,0.0,4.304394122130039,0.0,0.0,0.0,-1000.0,0.0,1000.0,0.0,1000.0,0.0,444.39234945481843,-822.8745651877691,0.0,0.0,0.0,115.73150880180276,-0.09043811524842443,0.0,0.0,0.0,0.0,0.06029207683228296,0.0,0.0,0.0,817.6443653415517,-198.63296081153288,0.0,-516.2763643024565,550.3569556664236,0.0,761.76163429177,0.0,-753.6545722859792,0.0,0.0,0.0,0.0,0.0,927.2025866688354,-173.5480143828562,0.0,-570.1008278282486,-1000.0,0.0,0.0,0.0,0.0,0.0,0.0,0.0,0.0,0.0,0.0,0.0,0.0,0.0,0.0,0.0,0.0,0.0,-282.5803350800039,0.0,-1000.0,0.0,0.0,0.0,0.0,0.0,0.0,-31.732042032856768,0.0,0.0,0.0,0.0,0.0,173.5480143828562,0.0,-3.014603841614148,-1.507301920807074,0.0,687.248407131428,-111.25492650072408,-1000.0,-13.577015938764049,0.0,0.0,1000.0,0.0,108.24032265910994,112.86494855047803,0.0,-927.9745488506209,-889.4565114259977,0.0,18.44513441850876,0.0,0.0,0.0,0.0,0.0,0.0,0.0,-260.2620314816813,260.2620314816813,260.2620314816813,169.53407847616904,0.0,0.0,-52.75468242384566,0.0,0.0,0.0,0.0,0.0,-158.7502276176711,0.0,0.0,256.6835001267388,0.0,0.0,0.0,0.0,52.866151111027214,0.12058415366300324,0.0,0.0,0.0,0.0,0.0,0.0,0.0,0.0,0.0,0.0,0.0,0.0,0.0,0.0,0.0,0.0,0.0,0.0,0.0,0.0663212845156238,0.0663212845156238,0.0,276.983014357492,0.0,36.17524609936978,0.0,0.0,0.0,1000.0,0.0,487.4135732642369,27.089552116770903,0.0,0.0,515.9945187567664,-1000.0,0.0,0.0,0.0,0.0,0.0,256.6835001267388,0.0,0.0,0.0,0.0,0.0,0.0,0.0,323.4190306029902,-817.6443653415517,0.0,0.0,31.732042032856768,0.0,-262.31754878883817,-384.2644676226703,-548.1749678626097,0.0,515.9945187567664,0.0,-431.1393301322064,1000.0,0.0,0.0,260.2620314816813,0.0,0.0,0.0,0.0,0.0,0.0,0.0,0.0,0.0,0.0,0.0,0.0,0.0,36.17524609936978,444.39234945481843,444.39234945481843,0.0,0.0,0.0,0.0,0.0,0.0,0.0,0.0,0.0,0.0,0.6029207683228297,0.0,0.0,27.089552116770903,-27.089552116770903,0.0,0.0,0.0,0.0,18.44513441850876,0.0,0.0,0.0,0.0,0.0,0.0,0.0,0.0,0.0,0.0,970.2755683538445,-336.5682967553983,0.0,18.08762304968489,18.08762304968489,1000.0,-1000.0,0.0,256.6835001267388,0.0,0.0,0.0,0.0,0.0,570.1008278282486,0.0,1000.0,0.06029207683228296,0.0,0.0,79.62430061086283,0.0,0.0,0.0,646.5820164115084,0.0,0.0,0.0,0.0,0.0,0.0,0.0,0.0,0.0,0.0,0.0,0.0,0.0,0.0,0.06029207683228296,0.0,0.0,0.0,-15.447767987272925,15.447767987272925,0.0,0.0,0.0,0.0,0.0,0.0,0.0,-31.732042032856725,-717.4196649199961,-4.521905762421284,0.0,-3.014603841614148,0.0,0.0,0.0,0.0,0.0,0.0,0.0,0.0,0.0,0.0,0.0,444.39234945481843,0.0,0.0,0.0,-924.9599450090067,0.0,0.0,0.0,-0.06029207683228296,0.0,0.0,0.06029207683228296,0.0,0.06029207683228296,0.0,0.0,0.0,36.17524609936978,73.55633373538521,73.55633373538521,0.0,0.0,0.0,0.0,0.0,0.0,0.0,0.0,0.0,0.0,0.0,0.0,932.393734484095,0.0,0.0,0.0,0.0,0.0,0.0,0.0,0.0,0.0,0.0,0.0,0.0,0.0,0.0,163.9105002399394,0.0,0.0,0.0,0.09043811524842443,0.0,0.0,0.0,-18.44513441850876,0.0,0.0,0.0,0.0,0.0,-276.983014357492,3.014603841614148,0.0,0.0,0.0,0.0,938.7721568687249,789.5353688170067,-3.014603841614148,0.0,0.0,0.0,0.0,0.0,0.0,0.0,444.39234945481843,0.0,0.0,1000.0,16.720982875810712,0.0,312.9415846335434,0.0,0.0,757.8033267841499,31.732042032856725,-789.5353688170067,0.0,-73.55633373538521,0.0,3.014603841614148,738.5792620668782,0.0,0.0,0.0,-212.9293318512129,-1000.0,1000.0,1000.0,-1000.0,0.0,0.0,0.0,0.0,0.0,864.8832157546558,0.0,73.55633373538521,0.0,0.0,0.0,0.0,0.0,0.0,0.0,0.0,0.0,0.0,0.0,0.0,290.54873164475566,-79.62430061086283,476.781885137092,0.0,18.08762304968489,27.089552116770903,0.0,0.0,0.0,-52.292041617753476,0.0,0.0,0.0663212845156238,0.0,0.0,0.0,36.778166867692605,0.0,0.0,0.0,0.0,71.31128552953598,0.0,0.0,0.0,0.0,0.0,0.0,0.0,0.0,-1000.0,0.0,0.006029207683228296,0.006029207683228296,0.0,0.0,0.0,0.0,0.0,0.0,0.0,0.0,0.0,79.62430061086283,0.0,0.0,0.0,0.0,0.0,276.983014357492,0.0,0.0,0.0,0.0,0.0,0.0,0.0,522.7870510492162,0.0,0.0,0.0,54.17910423354181,-440.52439506342057,1000.0,-501.3670391884671,0.0,0.0,0.0,36.175246099369815,0.0,0.0,0.0,0.0,0.0,-387.4345985747283,351.2593524753585,0.0,54.17910423354181,0.0,0.0,0.0,0.0,0.0,0.0,0.0,0.0,0.0,0.0,-1000.0,-1000.0,973.6938071142089,-18.44513441850876,0.0,0.0,717.1784966126631,0.0,0.0,0.0,0.0,0.0,0.0,0.0,0.0,0.0,0.0,0.0,0.0,0.0,0.0,0.0,0.0,0.0,-7.536509604035432,444.39234945481843,-4.521905762421284,927.8718287216739,0.0,0.0,0.0,0.0,0.0,0.0,-0.7536509604035371,158.7502276176711,0.0,0.0,0.0,0.0,0.0,0.0,0.0,1000.0,18.08762304968489,18.08762304968489,0.0,0.0,0.0,0.0,0.0,0.0663212845156238,276.983014357492,0.0,0.0,-717.1784966126631,0.0,0.0,0.0,0.0,0.0,0.0,0.0,0.0,0.0,0.0,0.0,0.0,0.0,0.0,0.0,0.0,0.0,0.0,0.0,63.30668067389711,0.0,0.0,31.732042032856768,0.0,0.0,0.0,276.983014357492,0.0,-791.4767736910103,0.0,0.0,0.0,-7.536509604035432,0.0,0.0,0.0,0.0,0.0,0.0,0.0,0.0,0.0,0.0,0.0,0.0,0.0,0.0,0.0,0.0,0.0,0.0,-0.06029207683228296,0.0,0.0,3.014603841614148,-515.9945187567664,0.0,0.0,0.0,0.0,444.39234945481843,0.0,0.0,0.0,-927.2025866688354,1.507301920807074,0.0,0.0,0.0,0.06029207683228296,0.0,60.29207683228295,-18.690543818007715,12.058415366456593,0.43065769165916395,168.21489436206943,-0.04521905762421222,3.014603841614148,1.2058415366456592,-0.3014603841652388,-168.21489436206943,18.08762304968489,-0.06029207683228296,0.0,256.6835001267388,0.01507301920807074,0.43065769165916395,0.0,-36.68805074847451,-1.2058415366456592,-300.0,-0.06029207683228296,0.01507301920807074,-168.21489436206943,6.029207683228296,0.06029207683228296,0.06029207683228296,-276.8564009961441,-27.023230832255393,-85.80139399097922,-0.04521905762421222,18.08762304968489,0.06029207683228296,18.44513441850876,-29.788527047317608,-0.03014603841614148,71.12519732603218,-170.0,-0.04521905762421222,-0.06029207683228296,-18.690543818007715,0.06029207683228296,6.029207683228296,-1.2058415366456592,163.9105002399394,163.9105002399394,-6.029207683228296,300.0,-163.9105002399394,12.058415366456591,0.09043811524842443,-1000.0,6.029207683228296,-323.4190306029902,256.6835001267388,-12.058415366456591,0.030146038416141475,0.6029207683228297,129.06909107561412,28.779398242267305,-0.06029207683228296,-290.54873164475566,276.8564009961441,18.690543818007715,0.06029207683228296,36.68805074847451,183.9754965591762,256.6835001267388,-0.06029207683228296,-0.015073019208070738,-256.6835001267388,-0.06029207683228296,52.866151111027214,0.060292076832567175,-0.015073019208070738,-0.015073019208070738,-0.015073019208070738,24.116830732913183,29.788527047317608,0.6029207683228297,44.668892423122344,-0.01507301920807074,258.13818215122825,3.014603841614148,-23.41847171389946,0.06029207683228296,0.03014603841614148,0.03014603841614148,-87.82521698081152,18.690543818007715,0.06029207683228296,-18.690543818007715,0.6029207683228297,0.06029207683228296,-44.668892423122344,0.06029207683228296,0.24116830733292302,0.3014603841652388,0.03014603841614148,0.01507301920807074,18.08762304968489,-0.06029207683228296,85.80139399097922,0.6029207683228296,-89.33778484624469,1.5073019208070746,-6.029207683228296,12.058415366456591,3.014603841614148,-0.06029207683228296,0.0,0.09043811524842443,-0.06029207683228296,175.65043396162304,18.690543818007715,100.95076722169799,0.03014603841614148,46.83694342779892,-0.06029207683228296,-0.060292076832567175,-0.06029207683228296,0.03014603841614148,168.21489436206943,-12.058415366456591,0.06029207683228296,258.13818215122825,-0.015073019208070738,27.023230832255393,-258.13818215122825,9.043811524842443,170.0,528.5474350087758,168.21489436206943,-0.04521905762421222,290.54873164475566,-28.779398242267305,0.06029207683228296,-0.015073019208070738,3.014603841614148,60.29207683228295,-0.03014603841614148,-0.06029207683228296,0.01507301920807074,16.772639810991677,0.0,883.4945780879862,0.0,-255.0,0.0,417.1583104733139,-140.0,0.0,-80.0,-181.59249384262563,-325.0,-116.47527587359775,40.0,127.5,90.79624692131281,0.0,70.0,-276.983014357492,-48.65872560394451,116.47527587359775,325.0,-48.65872560394451,-417.1583104733139,113.5768031154547,0.0,1496.5981,hplb
262,0.0,0.0,0.0,0.0,0.0,0.0,0.0,0.0,721.836163703337,0.0,0.0,0.0,0.0,0.0,0.0,0.0,75.2751734581272,-726.9624778028287,0.0,708.7176793883623,0.0,0.0,0.0,75.9665616054445,0.0,0.0,0.0,0.0,0.0,-895.0716133174554,0.0,0.0,760.0649400111149,0.0,0.0,0.0,0.0,-106.89911124642957,0.0,-1000.0,913.5266809907856,0.0,0.0,0.0,0.0,0.0,255.36617792422285,0.0,902.6393356849295,0.0,0.0,0.0,0.0,0.07311288432631434,0.0,0.0,0.0,0.0,0.0,0.0,91.5454055379173,0.0,831.0478056244563,630.3966090586266,895.3664470138793,0.0,0.0,0.0,0.0,0.0,0.0,0.6646625847840784,0.0,0.0,0.0,0.0,0.0,0.0,0.0,0.0,0.0,0.0,0.0,0.0,39.8797550870447,0.0,0.0,-530.8080538973896,-628.1687182124601,181.16196235451065,-0.016616564619601957,0.0,0.0,0.0,19.93987754352235,0.0,77.9803008254763,-2.1402135230044195,0.0,0.0,0.0,840.9830393547745,-895.0716133174554,0.0,0.0,-54.58098263887564,0.0,0.0,0.0,0.0,0.0,0.0,0.0,0.0,0.0,0.0,0.0,0.0,0.0,0.0,0.0,0.0,0.0,0.0,-449.76318663638904,0.0,0.0,77.9803008254763,0.0,20.604540128306425,0.0,0.0,-984.297341912851,984.297341912851,0.0,0.0,0.0,848.7296336976415,-848.7296336976415,-292.19660210374695,0.0,0.0,0.0,0.0,0.0,5.117901902837402,0.06646625847840783,0.0,0.0,0.0,-48.974702325321786,0.0,0.0,0.0,0.0,0.0,328.1831572463289,0.0,0.0,0.0,0.0,0.0,744.7002883342556,744.7002883342556,0.0,0.0,0.0,0.0,-137.19392053700784,0.0,0.0,744.766754592734,0.0,0.0,0.0,89.72880323002356,0.0,0.0,0.0,0.0,0.0,0.0,0.0,0.0,0.0,0.0,0.0,0.0,0.0,0.0,0.0,-1000.0,0.0,0.0,0.0,0.0,0.0,0.0,0.0,628.1687182124601,-628.1687182124601,0.0,0.0,0.0,0.0,0.0,0.0,0.0,0.0,-647.6268316801608,0.0,0.0,0.0,0.0,0.0,0.0,0.0,0.0,0.0,0.0,0.0,0.0,0.0,45.61550813498881,33.60162899863887,-82.84289582560126,0.0,0.0,0.0,292.19660210374695,163.2869078936808,0.0,0.0,0.0,0.0,91.5454055379173,-82.84289582560126,0.0,0.0,0.0,0.0,0.0,0.0,0.0,0.0,0.0,13.293251695681565,58.040423281953956,0.0,256.33743642492027,-1000.0,1000.0,0.0,82.84289582560126,0.0,0.0,292.19660210374695,0.0,0.0,0.0,0.0,-104.0975584515644,0.0,0.0,-470.32666554038695,0.0,0.0,-470.32666554038695,0.0,0.0,0.0,0.0,238.0926380104537,0.0,0.0,22.15395326107705,0.0,0.0,0.0,-438.5585704930926,0.0,438.5585704930926,0.0,1000.0,0.0,292.19660210374695,0.0,0.0,0.0,0.0,91.5454055379173,-0.09969938771761173,0.0,0.0,0.0,0.0,0.06646625847840783,0.0,0.0,0.0,758.7327912808429,75.2751734581272,0.0,-492.75748339610993,-333.31841329407354,0.0,991.5069818162619,0.0,1000.0,0.0,-54.58098263887564,0.0,0.0,0.0,-5.72274485499098,5.72274485499098,-1000.0,-1000.0,-1000.0,0.0,0.0,0.0,0.0,0.0,0.0,0.0,0.0,0.0,0.0,0.0,0.0,0.0,0.0,0.0,0.0,0.0,846.8193147082166,0.0,846.5534496743028,0.0,106.89911124642957,0.0,1000.0,0.0,0.0,-5.117901902837402,0.0,0.0,0.0,0.0,837.6597264308541,-5.72274485499098,0.0,-173.50525388717108,0.0,0.0,0.0,0.0,969.1414877037164,-58.63830474489248,0.0,-1000.0,0.0,-1.6616564619601957,-3.3233129239203913,35.843481682164224,0.0,0.0,875.4325144772748,-627.596272218459,77.9803008254763,0.0,0.0,0.0,0.0,0.0,721.9026299618154,0.0,-45.61550813498881,45.61550813498881,45.61550813498881,-379.82709601916935,0.0,0.0,0.0,0.0,0.0,0.0,0.0,0.0,-109.10579102791239,0.0,0.0,0.0,0.0,0.0,0.0,0.0,-93.35337415215922,0.13293251695686004,0.0,0.0,0.0,0.0,0.0,0.0,0.0,0.0,0.0,0.0,0.0,0.0,0.0,0.0,0.0,0.0,0.0,0.0,0.0,0.07311288432631434,0.07311288432631434,0.0,147.96545289961736,0.0,39.8797550870447,0.0,0.0,0.0,0.0,0.0,749.8435090747986,0.0,0.0,0.0,-26.380612650365816,0.0,0.0,0.0,0.0,0.0,0.0,0.0,0.0,0.0,0.0,0.0,0.0,0.0,0.0,149.92106221212967,-758.7327912808429,48.974702325321786,251.35207774782364,217.34069391464888,0.0,0.0,0.0,-163.2869078936808,0.0,-26.380612650365816,0.0,-580.9885020288119,461.2545152262869,0.0,0.0,45.61550813498881,0.0,0.0,0.0,0.0,0.0,0.0,0.0,0.0,0.0,0.0,0.0,0.0,0.0,39.8797550870447,292.19660210374695,292.19660210374695,0.0,0.0,0.0,0.0,0.0,0.0,0.0,0.0,0.0,0.0,0.6646625847840784,0.0,0.0,0.0,0.0,0.0,0.0,0.0,0.0,77.9803008254763,0.0,0.0,0.0,212.2227920118115,251.35207774782364,0.0,0.0,0.0,0.0,0.0,101.15727356876107,754.2303741340239,0.0,19.93987754352235,19.93987754352235,1000.0,0.0,0.0,0.0,0.0,0.0,0.0,0.0,0.0,895.0716133174554,0.0,1000.0,0.06646625847840783,0.0,0.0,-146.44977258209033,234.22796208261053,676.1148269623634,0.0,0.0,0.0,0.0,0.0,0.0,0.0,0.0,0.0,0.0,0.0,0.0,0.0,0.0,0.0,0.0,0.06646625847840783,0.0,0.0,0.0,822.3452959121403,-822.3452959121403,0.0,0.0,0.0,106.89911124642957,0.0,967.9707319716803,0.0,0.0,-973.3544989084314,-4.984969385880588,-3.3233129239203913,0.0,0.0,0.0,0.0,0.0,0.0,0.0,0.0,0.0,0.0,0.0,0.0,292.19660210374695,0.0,0.0,0.0,-624.2729592945386,0.0,0.0,0.0,721.836163703337,0.0,0.0,0.06646625847840783,0.0,0.06646625847840783,0.0,0.0,0.0,39.8797550870447,81.08883534365755,81.08883534365755,0.0,0.0,0.0,0.0,0.0,0.0,0.0,48.974702325321786,0.0,0.0,0.0,0.0,0.0,0.0,0.0,0.0,0.0,0.0,0.0,0.0,0.0,0.0,0.0,0.0,0.0,0.0,0.0,163.2869078936808,0.0,0.0,0.0,0.09969938771761173,0.0,0.0,0.0,-77.9803008254763,0.0,0.0,0.0,0.0,0.0,-147.96545289961736,3.3233129239203913,0.0,0.0,0.0,0.0,137.19392053700784,-967.9707319716803,0.0,0.0,0.0,0.0,0.0,0.0,0.0,0.0,292.19660210374695,0.0,0.0,0.0,102.34994476462856,0.0,360.6814506296402,621.5338443234878,973.0886338745177,-973.0886338745177,0.0,0.0,0.0,-81.08883534365755,0.0,3.3233129239203913,1000.0,0.0,0.0,0.0,-109.10579102791239,0.0,0.0,0.0,0.0,0.0,0.0,0.0,0.0,0.0,152.95042228549795,-162.92036105725913,81.08883534365755,0.0,0.0,0.0,0.0,0.0,0.0,0.0,0.0,0.0,0.0,0.0,0.0,0.0,-87.77818950052017,0.0,0.0,19.93987754352235,0.0,0.0,0.0,0.0,8.674854004530005,0.0,0.0,0.07311288432631434,0.0,0.0,0.0,40.544417671828775,0.0,0.0,0.0,0.0,33.60162899863887,0.0,0.0,0.0,0.0,0.0,0.0,0.0,0.0,0.0,0.0,0.006646625847840783,0.006646625847840783,0.0,0.0,0.0,0.0,0.0,0.0,0.0,0.0,0.0,-146.44977258209033,0.0,0.0,0.0,0.0,0.0,147.96545289961736,0.0,0.0,0.0,0.0,0.0,0.0,0.0,0.0,0.0,0.0,0.0,0.0,1000.0,1000.0,-726.9624778028287,0.0,0.0,0.0,39.8797550870447,0.0,0.0,0.0,0.0,0.0,0.0,-39.8797550870447,0.0,0.0,0.0,0.0,0.0,0.0,0.0,0.0,0.0,0.0,0.0,0.0,-1000.0,-1000.0,45.529387057709364,0.0,-77.9803008254763,0.0,0.0,0.0,0.0,0.0,0.0,0.0,0.0,0.0,0.0,0.0,0.0,0.0,0.0,0.0,0.0,0.0,0.0,0.0,-8.30828230980098,292.19660210374695,-842.6446958167347,157.93539167137854,0.0,0.0,0.0,0.0,0.0,656.8217451626834,-657.6525733936635,109.10579102791239,0.0,0.0,0.0,0.0,0.0,0.0,0.0,1000.0,19.93987754352235,19.93987754352235,0.0,0.0,0.0,0.0,0.0,0.07311288432631434,147.96545289961736,0.0,0.0,0.0,0.0,0.0,0.0,0.0,0.0,0.0,0.0,0.0,0.0,0.0,0.0,0.0,0.0,0.0,0.0,0.0,0.0,0.0,0.0,69.78957140232822,0.0,0.0,5.117901902837402,0.0,0.0,0.0,147.96545289961736,0.0,962.5072055247554,0.0,0.0,0.0,-8.30828230980098,0.0,0.0,0.0,0.0,0.0,0.0,0.0,0.0,0.0,0.0,0.0,0.0,0.0,0.0,0.0,0.0,0.0,0.0,-0.06646625847840783,0.0,0.0,3.3233129239203913,26.380612650365816,0.0,0.0,0.0,0.0,292.19660210374695,0.0,0.0,0.0,5.72274485499098,1.6616564619601957,0.0,0.0,0.0,0.06646625847840783,0.0,66.46625847840782,-20.604540128306425,13.293251695681567,0.47475898913148445,185.44086115475784,-0.04984969385880587,922.1531761393475,1.3293251695681567,-0.3323312923921772,-185.44086115475784,19.93987754352235,-0.06646625847840783,18.193660879625213,0.0,0.016616564619601957,0.47475898913148445,-54.58098263887564,-10.581428349762291,-1.3293251695681567,-57.03037504366074,-0.06646625847840783,0.016616564619601957,-185.44086115475784,6.646625847840783,0.06646625847840783,0.06646625847840783,-147.82587375681263,0.07311288432624861,-68.14152192315942,-0.04984969385880587,19.93987754352235,0.06646625847840783,77.9803008254763,24.807294042750037,-0.033233129239203914,-150.8796700454182,-170.0,-0.04984969385880587,-0.06646625847840783,-20.604540128306425,0.06646625847840783,6.646625847840783,-1.3293251695681567,163.2869078936808,163.2869078936808,-6.646625847840783,57.03037504366074,-163.2869078936808,13.293251695681565,0.09969938771761173,-1000.0,6.646625847840783,-149.92106221212967,0.0,-13.293251695681565,0.033233129239203914,0.6646625847840784,123.18937084902748,115.64319646031012,-0.06646625847840783,-162.92036105725913,147.82587375681263,20.604540128306425,0.06646625847840783,10.581428349762291,-137.79993345604353,0.0,-0.06646625847840783,-0.016616564619601957,0.0,-0.06646625847840783,-93.35337415215922,0.06646625847840783,-0.016616564619601957,-0.016616564619601957,-0.016616564619601957,26.58650339136313,-24.807294042750037,0.6646625847840784,49.243189250190795,-0.016616564619601957,228.18508081842975,3.3233129239203913,50.0,0.06646625847840783,0.033233129239203914,0.033233129239203914,-139.45167520403268,20.604540128306425,0.06646625847840783,-20.604540128306425,0.6646625847840784,0.06646625847840783,-49.243189250190795,0.06646625847840783,0.2658650339137201,0.3323312923921772,0.033233129239203914,0.016616564619601957,19.93987754352235,-0.06646625847840783,68.14152192315942,0.6646625847840784,-98.48637850038159,920.4915196773873,-6.646625847840783,13.293251695681565,3.3233129239203913,-0.06646625847840783,54.58098263887564,0.09969938771761173,-0.06646625847840783,278.90335040806536,20.604540128306425,315.91136596144537,0.033233129239203914,-100.0,-0.06646625847840783,-0.06646625847840783,-0.06646625847840783,0.033233129239203914,185.44086115475784,-13.293251695681565,0.06646625847840783,246.37874169805497,-0.016616564619601957,-0.07311288432624861,-246.37874169805497,9.969938771761173,170.0,567.0449560520357,185.44086115475784,-0.04984969385880587,162.92036105725913,-115.64319646031012,0.06646625847840783,-0.01661656461960196,3.3233129239203913,66.46625847840782,-0.033233129239203914,-0.06646625847840787,0.016616564619601957,0.0,0.0,818.8048045162502,0.0,-255.0,0.0,189.9683585351994,-140.0,0.0,300.8130499503844,-255.0,-325.0,-181.16196235451065,-150.4065249751922,127.5,127.5,0.0,70.0,-147.96545289961736,-324.5862199659754,181.16196235451065,325.0,-324.5862199659754,-189.9683585351994,160.56083307170107,0.0,1496.5981,hplb
263,0.0,0.0,0.0,0.0,0.0,0.0,0.0,0.0,365.3695148751496,0.0,0.0,0.0,0.0,0.0,0.0,0.0,-821.3453841358541,174.97516027114267,0.0,809.1923893425021,0.0,0.0,0.0,1000.0,0.0,0.0,0.0,0.0,0.0,-670.2118491337607,0.0,0.0,107.7767503463117,0.0,0.0,0.0,0.0,219.03608625952893,0.0,-249.2904417025136,1000.0,0.0,0.0,0.0,0.0,0.0,0.0,0.0,833.4983789292063,-332.52758615367077,0.0,0.0,0.0,0.08980725939522927,0.0,0.0,0.0,0.0,0.0,0.0,73.15298599331993,0.0,931.2863611276358,763.4103182935265,0.0,0.0,0.0,0.0,198.30993677321987,82.559457845103,0.0,0.8164296308655544,0.0,0.0,0.0,0.0,0.0,0.0,0.0,0.0,0.0,0.0,0.0,0.0,48.985777851933264,0.0,0.0,0.0,-650.7370731538865,1000.0,-0.02041074077163886,0.0,0.0,0.0,24.492888925966632,0.0,24.492888925966632,0.0,0.0,0.0,0.0,378.4410062375489,-818.0769714909713,0.0,0.0,-30.418940169475402,0.0,0.0,0.0,0.0,0.0,0.0,0.0,0.0,0.0,0.0,0.0,0.0,0.0,0.0,0.0,0.0,0.0,0.0,-547.2301187266928,0.0,0.0,24.492888925966632,0.0,25.30931855683219,24.0688087530159,0.0,0.0,0.0,0.0,0.0,-612.135455043337,473.9321431821847,-473.9321431821847,371.1064262159078,0.0,0.0,0.0,0.0,0.0,6.286508157664684,0.08164296308655544,0.0,0.0,0.0,-567.2158183545349,0.0,0.0,0.0,0.0,0.0,458.5467085642069,0.0,0.0,0.0,0.0,0.0,-146.45583551665845,-146.45583551665845,0.0,0.0,0.0,0.0,0.0,0.0,0.0,-146.3741925535719,0.0,0.0,0.0,-401.89320439925956,0.0,0.0,0.0,0.0,0.0,0.0,0.0,0.0,0.0,0.0,-313.67750013723173,0.0,0.0,0.0,0.0,-1000.0,0.0,0.0,0.0,0.0,0.0,332.52758615367077,0.0,-150.66917068443843,150.66917068443843,183.37267649825677,0.0,0.0,0.0,0.0,0.0,0.0,147.86512235721068,-134.31814464859565,0.0,0.0,0.0,0.0,0.0,0.0,0.0,0.0,0.0,0.0,0.0,0.0,0.0,58.99945001801245,638.6475772878625,658.0588543404085,0.0,0.0,0.0,57.65635232917245,-183.37267649825677,0.0,0.0,0.0,0.0,73.15298599331993,658.0588543404085,0.0,0.0,0.0,0.0,0.0,0.0,0.0,0.0,305.72911229397766,16.328592617311088,0.0,0.0,178.53215141951603,-321.53575104993206,682.8292082447679,0.0,-658.0588543404085,0.0,0.0,241.0290288274292,-447.00287530054504,0.0,0.0,0.0,3.759972326013326,0.0,0.0,-42.190717541786135,-42.190717541786164,0.0,0.0,0.0,42.190717541786164,-801.4062438383249,0.0,0.0,332.52758615367077,0.0,275.9214845175215,0.0,0.0,0.0,0.0,0.0,0.0,0.0,0.0,0.0,57.65635232917245,-164.73708481807103,0.0,0.0,0.0,73.15298599331993,-0.12246444462983316,0.0,0.0,0.0,0.0,0.08164296308655544,0.0,0.0,0.0,669.7779987800557,-821.3453841358541,0.0,-658.2983972118803,589.7610553571973,0.0,833.1651292141051,0.0,0.0,0.0,-30.418940169475402,0.0,0.0,0.0,-7.029459121752441,733.4478734784242,-726.4184143566717,-1000.0,-1000.0,0.0,0.0,0.0,0.0,0.0,0.0,0.0,0.0,0.0,0.0,0.0,0.0,0.0,0.0,0.0,0.0,0.0,-780.6373418881248,0.0,-1000.0,0.0,0.0,303.1002088825887,0.0,0.0,469.4240660874896,-312.01562045164235,0.0,0.0,0.0,0.0,374.3588580832211,0.0,-251.58444853802098,0.0,0.0,-931.7578102516441,-670.4149198511802,-4.082148154327772,0.0,616.4861645606248,251.58444853802098,-191.26157719593834,457.4558420684564,-2.041074077163886,0.0,0.0,0.0,893.6085333144141,1000.0,-1000.0,24.492888925966632,0.0,0.0,0.0,0.0,0.0,365.45115783823616,358.9535691563332,299.9541191383207,-299.9541191383207,-299.9541191383207,269.0903475521643,0.0,0.0,-146.537478479745,0.0,0.0,147.86512235721068,0.0,0.0,-94.72305684078935,0.0,0.0,191.32775971186138,0.0,0.0,0.0,0.0,46.938870007360904,0.1632859261737849,0.0,0.0,0.0,0.0,0.0,0.0,0.0,0.0,0.0,280.8693946183229,0.0,0.0,0.0,0.0,0.0,0.0,0.0,0.0,0.0,0.08980725939522927,0.08980725939522927,0.0,322.6708574007014,0.0,48.985777851933264,0.0,0.0,0.0,326.18727138500856,0.0,0.0,0.0,0.0,0.0,338.7036918303131,-326.18727138500856,0.0,0.0,0.0,0.0,0.0,191.32775971186138,0.0,0.0,0.0,0.0,0.0,0.0,0.0,182.41003957556427,-669.7779987800557,567.2158183545349,0.0,6.286508157664684,0.0,341.0649259013451,-341.064925901345,-341.064925901345,0.0,338.7036918303131,0.0,1000.0,-614.3574381623259,0.0,0.0,58.99945001801245,0.0,0.0,0.0,0.0,0.0,0.0,0.0,0.0,0.0,0.0,0.0,0.0,0.0,48.985777851933264,241.02902882742916,241.0290288274292,0.0,0.0,0.0,0.0,0.0,0.0,0.0,0.0,0.0,0.0,0.8164296308655544,0.0,0.0,0.0,0.0,0.0,0.0,0.0,0.0,24.492888925966632,0.0,0.0,0.0,0.0,0.0,0.0,0.0,0.0,0.0,0.0,577.6532995515948,0.0,0.0,24.492888925966632,24.492888925966632,1000.0,-326.18727138500856,0.0,191.32775971186138,0.0,0.0,0.0,0.0,0.0,818.0769714909713,147.86512235721068,1000.0,0.08164296308655544,0.0,0.0,0.0,11.54596102417377,0.0,0.0,0.0,0.0,0.0,0.0,0.0,0.0,0.0,0.0,0.0,0.0,0.0,0.0,0.0,0.0,0.0,0.08164296308655544,0.0,0.0,0.0,74.60739654329439,-74.60739654329439,0.0,0.0,0.0,0.0,-8.915411569053674,0.0,0.0,0.0,-219.36265811187525,-6.123222231491658,0.0,-4.082148154327797,0.0,0.0,0.0,0.0,0.0,0.0,0.0,0.0,0.0,0.0,0.0,241.02902882742916,0.0,0.0,0.0,-102.3093185312581,0.0,0.0,0.0,365.3695148751496,0.0,0.0,0.08164296308655544,0.0,0.08164296308655544,0.0,0.0,0.0,48.985777851933264,99.60441496559764,99.60441496559764,0.0,0.0,0.0,0.0,0.0,0.0,0.0,567.2158183545349,0.0,147.86512235721068,0.0,0.0,0.0,0.0,0.0,0.0,0.0,0.0,0.0,0.0,0.0,0.0,0.0,0.0,0.0,0.0,0.0,0.0,0.0,0.0,0.0,0.12246444462983316,0.0,0.0,0.0,-24.492888925966632,0.0,0.0,0.0,0.0,0.0,-322.6708574007014,4.082148154327772,0.0,0.0,0.0,0.0,0.0,710.8828673940586,-4.082148154327797,0.0,0.0,0.0,0.0,0.0,0.0,0.0,241.02902882742916,0.0,0.0,367.71356863564785,263.6714073826889,0.0,875.8872257372238,-30.418940169475377,0.0,407.78265851146995,0.0,-407.78265851146995,0.0,-546.6072902661426,0.0,4.082148154327797,1000.0,0.0,0.0,0.0,-94.72305684078935,0.0,0.0,0.0,0.0,0.0,0.0,0.0,0.0,0.0,642.4715797694248,-341.0405240951761,99.60441496559764,0.0,0.0,0.0,0.0,0.0,0.0,0.0,0.0,0.0,305.72911229397766,0.0,0.0,0.0,-292.41535564249665,0.0,0.0,24.492888925966632,0.0,0.0,0.0,0.0,264.06322600449266,0.0,0.0,0.08980725939522927,0.0,0.0,0.0,49.80220748279882,0.0,0.0,0.0,0.0,638.6475772878625,0.0,0.0,0.0,0.0,0.0,0.0,0.0,0.0,-642.2965194552374,0.0,0.008164296308655544,0.008164296308655544,0.0,0.0,0.0,0.0,0.0,0.0,0.0,0.0,0.0,0.0,0.0,0.0,0.0,0.0,0.0,322.6708574007014,0.0,0.0,0.0,0.0,0.0,0.0,0.0,332.52758615367077,0.0,0.0,0.0,0.0,0.0,0.0,174.97516027114267,0.0,0.0,0.0,48.985777851933264,0.0,0.0,0.0,0.0,0.0,-48.985777851933264,0.0,0.0,0.0,0.0,0.0,0.0,0.0,0.0,0.0,0.0,0.0,0.0,0.0,-1000.0,-1000.0,55.925429714290466,0.0,-24.492888925966632,0.0,219.03608625952893,0.0,0.0,0.0,0.0,0.0,0.0,0.0,0.0,0.0,0.0,0.0,0.0,0.0,0.0,0.0,0.0,0.0,-10.205370385819455,241.0290288274292,-380.4820803147128,334.91730186368454,0.0,0.0,0.0,0.0,0.0,906.7931081524441,-907.813645191026,94.72305684078935,0.0,0.0,0.0,0.0,0.0,0.0,0.0,1000.0,24.492888925966632,24.492888925966632,0.0,0.0,0.0,0.0,0.0,0.08980725939522927,322.6708574007014,0.0,0.0,-219.03608625952893,0.0,0.0,0.0,0.0,0.0,0.0,0.0,0.0,0.0,0.0,0.0,0.0,0.0,0.0,0.0,0.0,0.0,24.0688087530159,0.0,85.72511124088321,6.286508157664684,0.0,0.0,0.0,0.0,0.0,322.6708574007014,0.0,-407.78265851146995,0.0,0.0,0.0,-10.205370385819455,0.0,0.0,0.0,0.0,0.0,0.0,0.0,0.0,0.0,0.0,0.0,0.0,0.0,0.0,0.0,0.0,0.0,0.0,-0.08164296308655544,0.0,0.0,4.082148154327772,-338.7036918303131,0.0,0.0,0.0,0.0,241.02902882742922,0.0,0.0,0.0,7.029459121752441,2.041074077163886,0.0,0.0,0.0,0.08164296308655544,0.0,81.64296308655544,-1.2405098038162805,16.328592617311088,0.5831640220468245,275.9214845175215,-0.06123222231491658,191.26157719593834,1.6328592617311088,-0.40821481543287064,-275.9214845175215,24.492888925966632,-0.08164296308655544,10.139646723158467,191.32775971186138,0.02041074077163886,0.5831640220468246,-30.418940169475402,-12.997559723381471,-1.6328592617311088,-162.82216547779058,-0.08164296308655544,0.02041074077163886,-275.9214845175215,8.164296308655544,0.08164296308655544,0.08164296308655544,-322.4994071782196,0.08980725939521099,0.0,-0.06123222231491658,24.492888925966632,0.08164296308655544,24.492888925966632,-40.82148154327772,-0.04082148154327772,-397.70882822525607,175.1267372265147,-0.06123222231491658,-0.08164296308655544,-1.2405098038162805,0.08164296308655544,8.164296308655544,-1.6328592617311088,0.0,0.0,-8.164296308655544,162.82216547779058,0.0,16.328592617311088,0.12246444462983315,-634.797319071771,8.164296308655544,-182.41003957556427,191.32775971186138,-16.328592617311088,0.04082148154327772,0.8164296308655544,164.57459930297009,280.0,-0.08164296308655544,-341.0405240951761,322.4994071782196,25.30931855683219,0.08164296308655544,12.997559723381471,93.35620400799453,191.32775971186138,-0.08164296308655544,-0.02041074077163886,-191.32775971186138,-0.08164296308655544,46.938870007360904,0.08164296308658388,-0.02041074077163886,-0.02041074077163886,-0.02041074077163886,32.657185234622176,40.82148154327772,0.8164296308655544,60.48723027675405,-0.02041074077163886,319.0095518827817,4.082148154327772,-19.38728684935268,0.08164296308655544,0.04082148154327772,0.04082148154327772,75.0,1.2405098038162805,0.08164296308655544,-1.2405098038162805,0.8164296308655544,0.08164296308655544,-60.48723027675405,0.08164296308655544,0.32657185234631925,0.40821481543287064,0.04082148154327772,0.02041074077163886,24.492888925966632,-0.08164296308655544,0.0,0.8164296308655544,-120.9744605535081,189.22050311877445,-8.164296308655544,16.328592617311088,4.082148154327772,-0.08164296308655544,30.418940169475402,0.12246444462983316,-0.08164296308655544,-150.0,1.2405098038162805,-80.25077533933415,0.04082148154327772,38.77457369870535,-0.08164296308655544,-0.08164296308658388,-0.08164296308655544,0.04082148154327772,275.9214845175215,-16.328592617311088,0.08164296308655544,329.14919860594017,-0.02041074077163886,-0.08980725939521099,-329.14919860594017,12.246444462983314,-175.12673722651468,366.98343270356224,275.9214845175215,-0.061232222314916575,341.0405240951761,-280.0,0.08164296308655544,-0.020410740771638857,4.082148154327797,81.64296308655544,-0.04082148154327772,-0.08164296308655544,0.02041074077163886,0.0,0.0,436.16274142855264,0.0,-255.0,0.0,22.966125183537628,-140.0,0.0,538.8062823517932,-255.0,-325.0,-198.59375616167506,-269.4031411758966,127.5,127.5,0.0,70.0,-322.6708574007014,-183.81245066515854,198.59375616167506,325.0,-183.81245066515854,-22.966125183537628,-39.27718756655623,0.0,1496.5981,hplb
264,0.0,0.0,0.0,0.0,0.0,0.0,0.0,0.0,-0.019937052605740746,0.0,0.0,0.0,0.0,0.0,0.0,0.0,61.693758969761575,-890.4062500000006,0.0,1000.0,0.0,0.0,0.0,139.31236370077397,0.0,0.0,0.0,0.0,0.0,-1000.0,201.0980990626984,-201.0980990626984,82.54359053380784,0.0,0.0,0.0,0.0,695.2378055301559,0.0,-1000.0,1000.0,0.0,0.0,938.3062410302384,0.0,0.0,0.0,0.0,1000.0,0.0,0.0,0.0,0.0,0.021930757867266948,0.0,0.0,0.0,0.0,0.0,0.0,3.646532373479573,0.0,213.6585331080944,0.0,0.0,0.0,0.0,0.0,0.0,755.1288982387605,0.0,0.19937052605740746,0.0,0.0,0.0,0.0,0.0,0.0,0.0,0.0,0.0,0.0,0.0,0.0,11.962231563444448,0.0,0.0,-631.2827638515232,469.1680733045735,0.0,-0.0049842631514351865,0.0,0.0,890.1442041118908,5.981115781722224,0.0,5.981115781722224,-132.37577373612942,0.0,0.0,0.0,662.956476429215,-1000.0,0.0,0.0,-57.01580060360434,706.7846349526094,0.0,0.0,0.0,0.0,0.0,0.0,0.0,0.0,0.0,0.0,0.0,0.0,0.0,0.0,0.0,0.0,0.0,-672.3021675160129,0.0,0.0,5.981115781722224,0.0,6.180486307779631,0.0,0.0,0.0,0.0,0.0,0.0,0.0,0.0,0.0,-217.30506548157413,0.0,0.0,0.0,0.0,0.0,1.5351530506420659,0.019937052605732405,0.0,0.0,0.0,0.0,-706.7846349526094,0.0,0.0,0.0,0.0,2.732807017920853,0.0,0.0,0.0,0.0,0.0,-26.42272082176791,-26.42272082176791,0.0,0.0,0.0,-218.75000000000003,1000.0,0.0,0.0,174.69531529353623,0.0,0.0,0.0,335.40043806042416,0.0,0.0,0.0,0.0,0.0,0.0,0.0,0.0,0.0,0.0,-571.7559964133374,0.0,0.0,0.0,0.0,-541.346118265331,0.0,0.0,0.0,0.0,0.0,0.0,0.0,-469.1680733045735,469.1680733045735,0.0,0.0,0.0,0.0,0.0,0.0,0.0,0.0,-1000.0,0.0,0.0,0.0,0.0,0.0,0.0,0.0,0.0,0.0,0.0,0.0,0.0,0.0,232.56818962630766,-92.0251789577037,-61.693758969761575,0.0,0.0,0.0,217.30506548157413,16.54208894884698,0.0,0.0,0.0,0.0,3.646532373479573,-1000.0,201.0980990626984,0.0,0.0,0.0,0.0,0.0,0.0,0.0,69.36429842047494,3.987410521148149,0.0,0.0,61.663853390853035,1000.0,-100.45083715609672,0.0,61.693758969761575,0.0,0.0,217.30506548157413,-303.2292885489159,0.0,0.0,0.0,-107.96069428942303,0.0,0.0,-526.1484215920752,0.0,0.0,-526.1484215920752,0.0,0.0,0.0,0.0,-728.2915594530509,0.0,0.0,39.08228782116964,0.0,0.0,0.0,-936.6603330689778,0.0,936.6603330689778,0.0,174.65544118832477,0.0,217.30506548157413,-223.83328081403874,-218.75000000000003,0.0,0.0,3.646532373479573,-0.02990557890861112,0.0,0.0,0.0,0.0,0.019937052605732405,0.0,0.0,0.0,449.4586151142869,61.693758969761575,0.0,-68.29245255149067,129.64665085464944,0.0,694.9086775414991,0.0,1000.0,0.0,-57.01580060360434,0.0,0.0,0.0,-1.7165802293552301,1.7165802293552301,-1000.0,-511.68675369922653,-1000.0,0.0,0.0,0.0,0.0,0.0,0.0,0.0,0.0,0.0,0.0,0.0,0.0,0.0,0.0,0.0,0.0,0.0,3.25656799388379,0.0,-692.0609857466942,0.0,0.0,0.0,0.0,0.0,761.521867591138,130.1986475915814,0.0,0.0,0.0,794.1445340677597,661.9596237989279,-1.7165802293552301,0.0,-1000.0,-467.24611623653266,0.0,-944.9724563583106,626.8454236860023,-372.16517946503075,551.1754040636412,0.0,668.023335470249,0.0,466.7476899213891,-627.8422763162893,1000.0,0.0,-692.4403169181194,-13.652498548982123,1000.0,5.981115781722224,0.0,0.0,0.0,0.0,0.0,0.0,0.0,-232.56818962630766,232.56818962630766,232.56818962630766,308.0283900824562,0.0,0.0,0.0,0.0,0.0,0.0,0.0,0.0,-210.012000734615,0.0,0.0,311.07243824022316,0.0,0.0,0.0,0.0,-98.00629473942593,0.03987410521086865,0.0,0.0,0.0,0.0,0.0,0.0,0.0,0.0,0.0,755.1288982387605,0.0,0.0,0.0,0.0,0.0,0.0,0.0,0.0,0.0,0.021930757867266948,0.021930757867266948,201.0980990626984,194.02316912068278,0.0,11.962231563444448,0.0,0.0,0.0,530.6055436400961,0.0,576.5443087107784,0.0,0.0,0.0,314.2385931037938,-530.6055436400961,0.0,0.0,0.0,0.0,0.0,311.07243824022316,0.0,0.0,0.0,0.0,0.0,0.0,0.0,224.10072250533764,-449.4586151142869,0.0,0.0,1.5351530506420659,0.0,0.0,890.1442041118908,873.6021151630438,0.0,314.2385931037938,0.0,1000.0,-783.767701635632,0.0,0.0,232.56818962630766,0.0,0.0,0.0,0.0,0.0,0.0,0.0,0.0,0.0,0.0,0.0,0.0,0.0,11.962231563444448,217.30506548157413,217.30506548157413,0.0,0.0,0.0,0.0,0.0,0.0,0.0,0.0,0.0,0.0,0.19937052605740746,0.0,201.0980990626984,0.0,0.0,201.0980990626984,0.0,0.0,0.0,5.981115781722224,0.0,0.0,0.0,0.0,0.0,0.0,0.0,0.0,0.0,0.0,43.202164101490155,0.0,0.0,5.981115781722224,5.981115781722224,743.1334767702294,-530.6055436400961,0.0,311.07243824022316,0.0,0.0,0.0,0.0,0.0,511.68675369922653,0.0,619.8966611462213,0.019937052605732405,0.0,0.0,-780.9048127768518,807.2345388931049,0.0,0.0,-890.1442041118908,0.0,0.0,0.0,0.0,0.0,0.0,0.0,0.0,0.0,0.0,0.0,0.0,0.0,0.0,0.019937052605732405,0.0,0.0,0.0,0.0,0.0,0.0,0.0,0.0,0.0,0.0,130.1986475915814,0.0,0.0,-695.317553740578,-1.4952789454305275,0.0,-0.9968526302870941,0.0,0.0,0.0,0.0,0.0,0.0,0.0,0.0,0.0,0.0,0.0,217.30506548157413,0.0,0.0,0.0,308.5565357121677,0.0,0.0,0.0,-0.019937052605732405,0.0,0.0,0.019937052605732405,0.0,0.019937052605732405,0.0,0.0,0.0,11.962231563444448,24.32320417900371,24.32320417900371,0.0,0.0,0.0,0.0,0.0,0.0,0.0,0.0,0.0,0.0,0.0,0.0,0.0,0.0,0.0,0.0,0.0,0.0,0.0,0.0,0.0,0.0,0.0,0.0,0.0,0.0,0.0,16.54208894884698,0.0,0.0,0.0,0.02990557890861112,0.0,0.0,0.0,-5.981115781722224,0.0,0.0,0.0,0.0,0.0,-194.02316912068278,0.9968526302870373,0.0,0.0,0.0,218.75000000000003,-1000.0,-130.1986475915814,-0.9968526302870941,0.0,0.0,0.0,0.0,0.0,0.0,0.0,217.30506548157413,0.0,0.0,756.1356779371389,-38.545020505624876,0.0,-254.37439165405294,-57.01580060360436,0.0,0.0,0.0,0.0,0.0,-327.5524927279196,0.0,0.9968526302870941,922.5126513425279,0.0,0.0,-201.0980990626984,-210.012000734615,0.0,0.0,0.0,0.0,0.0,0.0,0.0,0.0,0.0,767.2744444794506,-198.50900595697442,24.32320417900371,0.0,0.0,0.0,201.0980990626984,0.0,0.0,0.0,0.0,0.0,69.36429842047494,0.0,0.0,0.0,-781.4586243550135,0.0,0.0,5.981115781722224,0.0,0.0,0.0,0.0,-363.06048472435623,0.0,0.0,0.021930757867266948,0.0,0.0,0.0,12.161602089501855,0.0,0.0,0.0,0.0,-92.0251789577037,0.0,706.7846349526094,0.0,0.0,0.0,0.0,0.0,0.0,0.0,0.0,0.0019937052605740746,0.0019937052605740746,0.0,0.0,0.0,0.0,0.0,0.0,0.0,0.0,0.0,-780.9048127768518,201.0980990626984,0.0,0.0,0.0,0.0,194.02316912068278,0.0,0.0,0.0,0.0,0.0,0.0,0.0,0.0,0.0,0.0,0.0,0.0,1000.0,395.09595848647257,-890.4062500000006,0.0,0.0,0.0,11.962231563444448,0.0,0.0,0.0,0.0,0.0,0.0,-11.962231563444448,0.0,0.0,0.0,0.0,0.0,0.0,0.0,0.0,0.0,201.0980990626984,201.0980990626984,0.0,-619.8966611462213,-1000.0,13.656881034932326,0.0,-5.981115781722224,0.0,695.2378055301559,0.0,0.0,0.0,0.0,0.0,0.0,0.0,0.0,0.0,169.27083333333334,0.0,-169.27083333333334,-169.27083333333334,0.0,0.0,0.0,0.0,-2.4921315757176217,217.30506548157413,-663.4549027443584,197.01372701154372,0.0,0.0,0.0,0.0,0.0,0.0,-0.24921315757175933,210.012000734615,0.0,0.0,0.0,0.0,0.0,0.0,0.0,1000.0,5.981115781722224,5.981115781722224,0.0,0.0,0.0,0.0,0.0,0.021930757867266948,194.02316912068278,0.0,0.0,-695.2378055301559,0.0,0.0,0.0,0.0,0.0,0.0,0.0,0.0,0.0,0.0,0.0,0.0,0.0,0.0,0.0,0.0,0.0,0.0,0.0,20.933905236027783,1.5351530506420659,0.0,0.0,0.0,0.0,0.0,194.02316912068278,0.0,-2.1771261445480263,0.0,0.0,0.0,-2.4921315757176217,0.0,0.0,0.0,0.0,0.0,0.0,0.0,0.0,0.0,0.0,0.0,0.0,0.0,0.0,0.0,0.0,0.0,0.0,-0.019937052605732405,0.0,0.0,0.9968526302870373,-314.2385931037938,0.0,0.0,0.0,0.0,217.30506548157413,0.0,0.0,0.0,1.7165802293552301,0.49842631514351865,0.0,0.0,0.0,0.019937052605732405,0.0,19.937052605740746,-6.180486307779631,3.987410521148149,0.1424075186124339,55.62437677001668,-0.01495278945430556,331.976664529751,0.3987410521148149,-0.09968526302779424,-55.62437677001668,5.981115781722224,-0.019937052605740746,19.005266867868112,311.07243824022316,0.0049842631514351865,0.1424075186124339,-57.01580060360433,-3.1739787748351205,200.69935801058358,-171.287508969761,-0.019937052605740746,0.0049842631514351865,-55.62437677001668,1.9937052605740746,0.019937052605740746,0.019937052605732405,-193.98130131020977,0.02193075786631482,-66.5182840660251,-0.01495278945430556,5.981115781722224,0.019937052605740746,5.981115781722224,-9.968526302870373,-0.009968526302870373,177.81707825531294,-18.55573126202679,-0.01495278945430556,-0.019937052605740746,-6.180486307779631,0.019937052605732405,1.9937052605740746,-0.3987410521148149,16.54208894884698,16.54208894884698,-1.9937052605740746,171.287508969761,-16.54208894884698,3.987410521148149,0.02990557890861112,-141.8981575001523,1.9937052605740746,-224.10072250533764,311.07243824022316,-3.987410521148149,0.009968526302870373,0.19937052605740746,17.073113137872667,-34.55760998447673,-0.019937052605732405,-198.50900595697442,193.98130131020977,6.180486307779631,0.019937052605740746,3.1739787748351205,287.1479751133342,311.07243824022316,-0.019937052605732405,-0.0049842631514351865,-311.07243824022316,-0.019937052605740746,-804.7909296920353,0.019937052605740746,-0.0049842631514351865,-0.0049842631514351865,-0.0049842631514351865,7.974821042296298,9.968526302870373,0.19937052605740746,14.77086384928009,-0.0049842631514351865,15.140959407877222,0.9968526302870373,50.0,0.019937052605732405,0.009968526302870373,0.009968526302870373,48.87739163989859,6.180486307779631,0.019937052605732405,-6.180486307779631,0.19937052605740746,0.019937052605740746,-14.77086384928009,0.019937052605740746,0.07974821042208191,0.09968526302779424,0.009968526302870373,0.0049842631514351865,5.981115781722224,-0.019937052605740746,66.5182840660251,-100.34967900529179,-29.54172769856018,331.4782382146075,-1.9937052605740746,3.987410521148149,0.9968526302870373,-0.019937052605740746,57.01580060360433,0.02990557890861112,-0.019937052605740746,-97.75478327979718,6.180486307779631,477.0602591638069,0.009968526302870373,-100.0,-0.019937052605740746,-0.019937052605740746,-0.019937052605740746,0.009968526302870373,55.62437677001668,-3.987410521148149,0.019937052605732405,34.146226275745335,-0.0049842631514351865,-0.02193075786631482,-34.146226275745335,2.990557890861112,18.55573126202679,41.87885466711066,55.62437677001668,-0.01495278945430556,198.50900595697442,34.55760998447673,0.019937052605740746,-0.0049842631514351865,795.1413866980467,19.937052605740746,-0.009968526302870373,-0.019937052605740746,0.0049842631514351865,149.4658758095692,0.0,141.88818897384942,0.0,-255.0,0.0,-20.512130950514916,-140.0,0.0,-80.0,-255.0,250.3869811329048,0.0,40.0,127.5,127.5,0.0,70.0,-194.02316912068278,-113.99977443945069,0.0,-250.3869811329048,-113.99977443945069,20.512130950514916,-154.8269056622116,0.0,1496.5981,hplb
265,0.0,0.0,0.0,0.0,0.0,0.0,0.0,0.0,-0.0835484828089752,0.0,0.0,0.0,0.0,0.0,0.0,0.0,255.4351268760694,44.56487312393059,0.0,0.0,0.0,0.0,0.0,975.3632828577059,0.0,0.0,0.0,0.0,0.0,-760.0571645625946,0.0,0.0,61.55400178024708,0.0,0.0,0.0,0.0,1000.0,0.0,-1000.0,1000.0,0.0,0.0,381.001537715479,0.0,0.0,0.0,0.0,123.62049997104616,-68.30650551419049,0.0,0.0,0.0,0.09190333108966797,0.0,0.0,0.0,16.709696561795038,0.0,0.0,-79.44486830909341,0.0,-446.8685203215284,-526.3133886306218,0.0,0.0,0.0,0.0,0.0,0.0,0.0,0.8354848280897521,0.0,0.0,0.0,0.0,0.0,0.0,0.0,0.0,0.0,0.0,0.0,0.0,50.129089685385125,0.0,0.0,0.0,374.13847688275786,-453.1941037298733,-0.020887120702243796,0.0,0.0,63.12198558583111,25.064544842692563,0.0,25.064544842692563,-618.1534487125052,0.0,0.0,0.0,4.1774241404487595,-760.0571645625946,0.0,0.0,-76.59957674967478,0.0,0.0,0.0,0.0,0.0,0.0,0.0,0.0,0.0,0.0,0.0,0.0,0.0,0.0,0.0,0.0,0.0,0.0,-589.4824683752245,0.0,0.0,25.064544842692563,0.0,25.900029670782313,0.0,0.0,523.7001926793703,-523.7001926793703,0.0,0.0,0.0,0.0,0.0,0.0,0.0,0.0,0.0,0.0,0.0,6.433233176291086,0.0835484828089752,0.0,0.0,0.0,46.82598813149585,-46.82598813149585,0.0,0.0,0.0,0.0,10.119130338409605,0.0,0.0,0.0,0.0,0.0,249.58260501033902,249.58260501033902,0.0,0.0,0.0,218.75000000000003,359.37499999853645,0.0,0.0,249.666153493148,0.0,0.0,0.0,-1000.0,-631.230272552393,0.0,0.0,0.0,0.0,0.0,0.0,0.0,0.0,0.0,0.0,0.0,0.0,0.0,0.0,-1000.0,0.0,0.0,0.0,0.0,0.0,68.30650551419049,0.0,79.05562684711543,-79.05562684711543,0.0,0.0,0.0,0.0,0.0,0.0,0.0,0.0,-702.153256912917,0.0,0.0,0.0,0.0,0.0,0.0,0.0,0.0,0.0,0.0,0.0,0.0,0.0,0.0,-66.58060687640992,381.001537715479,0.0,0.0,0.0,0.0,161.5616032362935,0.0,0.0,0.0,0.0,-79.44486830909341,0.0,0.0,0.0,526.3254493391732,0.0,0.0,0.0,0.0,0.0,10.41082439403094,0.0,0.0,0.0,-295.0828500356424,0.0,202.6761268181616,0.0,-381.001537715479,0.0,0.0,0.0,0.0,0.0,0.0,0.0,151.88526403000083,0.0,0.0,85.67654415781908,0.0,0.0,85.67654415781908,0.0,0.0,453.1941037298733,0.0,0.0,68.30650551419049,0.0,71.53866380074732,0.0,0.0,0.0,850.5757382719303,0.0,-850.5757382719303,0.0,720.9088794903798,0.0,0.0,0.0,218.75000000000003,0.0,0.0,-79.44486830909341,-0.12532272421346277,0.0,0.0,0.0,0.0,0.0835484828089752,0.0,0.0,0.0,802.9630275269831,255.4351268760694,0.0,-216.13740156156223,521.1813553841396,631.230272552393,1000.0,0.0,0.0,0.0,-76.59957674967478,0.0,0.0,0.0,-7.193524369852559,0.0,7.193524369852559,233.4685508983245,-1000.0,0.0,0.0,0.0,0.0,0.0,0.0,0.0,0.0,0.0,0.0,0.0,0.0,0.0,0.0,0.0,0.0,526.3254493391732,-324.05744972248795,0.0,-1000.0,0.0,0.0,625.8740119600869,0.0,0.0,0.0,-16.844057570322025,0.0,0.0,0.0,83.41470519851856,0.0,0.0,329.92835420373547,0.0,-2.0887120702243798,0.0,-193.9118825657207,172.55113083675855,695.6090049536442,-898.7152666243004,-329.92835420373547,-4.1774241404487595,474.30049083467895,0.0,-176.7285549772073,-1000.0,0.0,0.0,1000.0,-54.306513825833896,25.064544842692563,0.0,0.0,0.0,0.0,0.0,0.0,426.8926736924501,426.8926736924501,-426.8926736924501,-426.8926736924501,314.8898801878797,0.0,0.0,-471.4098229628498,0.0,0.0,0.0,0.0,0.0,-158.88973661818676,0.0,0.0,25.064544842692563,0.0,0.0,0.0,0.0,-91.64515171910249,0.16709696561787268,0.0,0.0,0.0,0.0,0.0,0.0,0.0,0.0,0.0,0.0,0.0,0.0,0.0,0.0,0.0,0.0,0.0,0.0,0.0,0.09190333108966797,0.09190333108966797,0.0,263.29030343820494,0.0,50.129089685385125,0.0,0.0,0.0,1000.0,0.0,0.0,0.0,0.0,0.0,909.831264722807,-1000.0,0.0,0.0,320.9382160135929,0.0,0.0,25.064544842692563,0.0,0.0,0.0,0.0,0.0,0.0,0.0,196.49415612507482,-802.9630275269831,0.0,0.0,99.9086013455277,0.0,901.5603823495376,-838.4383967637065,-1000.0,0.0,-495.86585777666136,0.0,610.2463815495529,207.93973145415157,1000.0,-1000.0,0.0,0.0,0.0,0.0,0.0,0.0,0.0,0.0,0.0,0.0,0.0,0.0,0.0,0.0,50.129089685385125,0.0,0.0,0.0,0.0,0.0,0.0,0.0,0.0,0.0,0.0,0.0,0.0,0.8354848280897521,0.0,0.0,0.0,0.0,0.0,0.0,0.0,0.0,25.064544842692563,-320.9382160135929,0.0,0.0,93.47536816923662,0.0,0.0,0.0,0.0,0.0,0.0,983.8852281042214,0.0,0.0,25.064544842692563,25.064544842692563,1000.0,-1000.0,0.0,25.064544842692563,0.0,0.0,0.0,0.0,0.0,758.1427588269746,0.0,1000.0,0.0835484828089752,0.0,0.0,-861.9449387222674,972.2826457690634,0.0,0.0,-63.12198558583111,0.0,0.0,0.0,0.0,0.0,0.0,108.13054788457451,0.0,0.0,0.0,0.0,0.0,0.0,0.0,0.0835484828089752,0.0,0.0,0.0,-1000.0,1000.0,0.0,0.0,0.0,0.0,-13.300918463189124,622.330872852954,0.0,0.0,-675.942550277512,-6.266136210673139,-4.177424140448763,0.0,0.0,-890.625,-890.6249999999999,890.625,0.0,0.0,0.0,0.0,0.0,0.0,0.0,0.0,631.230272552393,0.0,0.0,-50.12908968538513,0.0,0.0,0.0,-0.0835484828089752,0.0,0.0,0.0835484828089752,0.0,0.0835484828089752,324.3916436537235,0.0,0.0,50.129089685385125,101.92914902694976,101.92914902694976,0.0,0.0,0.0,0.0,0.0,0.0,0.0,0.0,0.0,0.0,0.0,0.0,0.0,0.0,0.0,0.0,0.0,0.0,0.0,0.0,0.0,0.0,0.0,0.0,0.0,0.0,0.0,161.5616032362935,0.0,0.0,0.0,0.12532272421346277,0.0,0.0,0.0,-25.064544842692563,0.0,0.0,0.0,0.0,0.0,-263.29030343820494,4.1774241404487595,0.0,0.0,0.0,-218.75000000000003,-359.37499999853645,3.5431391071329017,0.0,0.0,0.0,0.0,0.0,0.0,0.0,0.0,0.0,0.0,320.9382160135929,1000.0,263.29030343820494,0.0,308.29030343820494,-76.59957674967478,0.0,0.0,0.0,0.0,0.0,-101.92914902694976,0.0,4.177424140448763,1000.0,0.0,0.0,0.0,-158.88973661818676,0.0,0.0,1000.0,-1000.0,0.0,0.0,0.0,0.0,0.0,269.5564396488781,-282.08871207022446,101.92914902694976,0.0,0.0,0.0,0.0,0.0,0.0,0.0,0.0,0.0,10.41082439403094,0.0,0.0,0.0,-110.33770704679603,-112.49064859621996,0.0,25.064544842692563,0.0,0.0,0.0,0.0,-150.91371660674565,0.0,0.0,0.09190333108966797,0.0,0.0,0.0,50.96457451347488,0.0,0.0,0.0,0.0,-66.58060687640992,0.0,0.0,0.0,0.0,0.0,0.0,0.0,0.0,-371.08836238999066,0.0,0.008354848280897519,0.008354848280897519,0.0,0.0,0.0,0.0,0.0,324.3916436537235,0.0,0.0,0.0,-861.9449387222674,0.0,0.0,0.0,0.0,0.0,263.29030343820494,0.0,0.0,0.0,0.0,0.0,0.0,0.0,68.30650551419049,0.0,0.0,0.0,0.0,0.0,634.490753723185,44.56487312393059,0.0,0.0,0.0,50.12908968538513,0.0,0.0,0.0,0.0,0.0,-956.3790896853751,906.24999999999,0.0,0.0,0.0,0.0,0.0,0.0,0.0,0.0,0.0,0.0,0.0,0.0,-1000.0,231.55414516270454,57.230710724148025,-25.064544842692563,0.0,0.0,675.6083563462764,0.0,0.0,0.0,0.0,0.0,0.0,0.0,0.0,0.0,0.0,0.0,0.0,0.0,0.0,0.0,0.0,0.0,-10.443560351121903,0.0,-6.266136210673139,275.82257585955125,0.0,0.0,0.0,0.0,0.0,0.0,-1.04435603511219,158.88973661818676,0.0,0.0,0.0,0.0,0.0,0.0,0.0,1000.0,25.064544842692563,25.064544842692563,0.0,0.0,0.0,0.0,0.0,0.09190333108966797,263.29030343820494,0.0,0.0,-1000.0,0.0,0.0,0.0,0.0,0.0,0.0,0.0,0.0,0.0,0.0,0.0,0.0,0.0,0.0,162.19582182686176,0.0,0.0,0.0,0.0,87.72590694942397,6.433233176291086,0.0,0.0,0.0,0.0,0.0,263.29030343820494,0.0,0.0,0.0,0.0,0.0,-10.443560351121903,0.0,0.0,0.0,0.0,0.0,0.0,0.0,0.0,0.0,0.0,0.0,0.0,0.0,0.0,0.0,0.0,0.0,0.0,-0.0835484828089752,0.0,0.0,4.1774241404487595,-909.831264722807,0.0,0.0,0.0,0.0,0.0,0.0,0.0,0.0,7.193524369852559,2.0887120702243798,0.0,0.0,0.0,0.0835484828089752,0.0,83.5484828089752,-25.900029670782313,16.709696561795038,0.5967748772069656,233.10026703704082,-0.06266136210673139,4.1774241404487595,1.670969656179504,323.973901239679,-233.10026703704082,25.06454484269256,-0.08354848280897519,25.533192249891595,25.064544842692563,0.020887120702243796,0.5967748772069656,-76.59957674967478,-13.300918463189124,-1.670969656179504,-300.0,-0.08354848280897519,0.020887120702243796,-233.10026703704082,8.354848280897519,0.08354848280897519,0.0835484828089752,-263.1148516243063,0.0919033310898727,0.0,-0.06266136210673139,25.064544842692563,0.08354848280897519,25.064544842692563,-41.7742414044876,-0.04177424140448759,143.08002316093996,-170.0,-0.06266136210673139,-0.08354848280897519,-25.900029670782313,0.0835484828089752,8.354848280897519,-1.670969656179504,161.5616032362935,161.5616032362935,-8.354848280897519,300.0,-161.5616032362935,16.709696561795038,0.12532272421346277,-1000.0,8.354848280897519,-196.49415612507482,25.064544842692563,-16.709696561795038,0.04177424140448759,0.8354848280897521,54.03435039039056,280.0,-0.0835484828089752,-282.08871207022446,263.1148516243063,25.900029670782313,0.08354848280897519,13.300918463189124,-75.19363452807772,25.064544842692563,-0.0835484828089752,-0.020887120702243796,-25.064544842692563,-0.08354848280897519,-91.64515171910249,0.08354848280897519,-0.020887120702243796,-0.020887120702243796,-0.020887120702243796,33.419393123590076,41.7742414044876,0.8354848280897521,110.4982574299114,-0.020887120702243796,82.53550853088952,4.1774241404487595,50.0,0.0835484828089752,0.04177424140448759,0.04177424140448759,20.8871207022438,25.900029670782313,0.0835484828089752,-25.900029670782313,0.8354848280897521,0.08354848280897519,-207.6968078875365,0.08354848280897519,0.3341939312356317,-323.973901239679,0.04177424140448759,0.020887120702243796,25.064544842692563,-0.08354848280897519,0.0,0.835484828089752,-220.9965148598228,2.0887120702243793,-8.354848280897519,16.709696561795038,4.1774241404487595,-0.08354848280897519,76.59957674967478,0.12532272421346277,-0.08354848280897519,-41.7742414044876,25.900029670782313,233.68336183180594,0.04177424140448759,-100.0,-0.08354848280897519,-0.08354848280897519,-0.08354848280897519,0.04177424140448759,233.10026703704082,-16.709696561795038,0.0835484828089752,108.06870078078111,-0.020887120702243796,-0.0919033310898727,-108.06870078078111,12.53227242134628,170.0,91.7594115952451,233.10026703704082,-0.06266136210673139,282.08871207022446,-280.0,0.08354848280897519,-0.020887120702243793,87.59212933896733,83.5484828089752,-0.04177424140448759,-0.08354848280897519,0.020887120702243796,1000.0,0.0,999.9582257585955,97.19855045762509,-255.0,0.0,698.3587457050654,-140.0,0.0,85.2055831973411,-255.0,-325.0,0.0,-42.60279159867055,127.5,127.5,0.0,70.0,-263.29030343820494,-82.7696452250603,0.0,325.0,-82.7696452250603,-698.3587457050654,382.5987659761228,0.0,1496.5981,hplb
266,0.0,0.0,0.0,0.0,0.0,0.0,0.0,0.0,-0.07131463384946578,0.0,0.0,0.0,0.0,0.0,0.0,0.0,-254.10337285414744,557.4836058452977,0.0,-3.380232991150251,0.0,0.0,0.0,104.56006453611525,0.0,0.0,0.0,0.0,0.0,-461.2680047291671,75.65340227911759,-75.65340227911759,138.4239465919266,0.0,0.0,0.0,0.0,538.255511141296,0.0,-1000.0,1000.0,0.0,0.0,715.3713775833144,0.0,0.0,0.0,0.0,0.0,-360.9140669917497,0.0,0.0,0.0,0.07844609723460956,0.0,0.0,0.0,0.0,0.0,0.0,63.0102545173977,0.0,1000.0,727.1450165713879,0.0,0.0,0.0,0.0,1000.0,4.462278058365655,0.0,0.7131463384946578,0.0,0.0,0.0,0.0,0.0,0.0,0.0,0.0,0.0,0.0,559.5326257493592,0.0,42.78878030967947,0.0,17.446581950557178,-662.8622175493783,826.6431275517563,-470.7267273385414,-0.017828658462366444,0.0,0.0,551.0957613321342,21.394390154839733,0.0,21.394390154839733,-77.94973348906971,0.0,0.0,559.5326257493592,3.5657316924732885,-461.2680047291671,0.0,0.0,0.0,0.0,0.0,0.0,0.0,0.0,0.0,0.0,0.0,0.0,0.0,0.0,0.0,0.0,0.0,0.0,0.0,0.0,0.0,-1000.0,0.0,0.0,21.394390154839733,0.0,22.10753649333439,0.0,0.0,-824.2187499999998,0.0,824.2187499999998,-824.2187499999998,0.0,0.0,0.0,-335.86523794600976,0.0,0.0,0.0,0.0,0.0,-536.5948169923931,0.07131463384946578,0.0,0.0,0.0,-648.3279401325714,648.3279401325714,0.0,0.0,0.0,0.0,174.97173301193752,0.0,0.0,0.0,0.0,0.0,163.94964885961951,163.94964885961951,0.0,0.0,0.0,0.0,1000.0,0.0,0.0,239.67436577258655,0.0,0.0,0.0,-708.0095188508321,-902.1120821032237,0.0,0.0,0.0,0.0,0.0,0.0,0.0,0.0,0.0,0.0,0.0,0.0,0.0,0.0,-1000.0,0.0,0.0,0.0,0.0,0.0,360.9140669917497,0.0,-337.13778245062167,337.13778245062167,216.7861009367488,0.0,0.0,0.0,0.0,0.0,0.0,0.0,-739.8639838253677,0.0,0.0,0.0,0.0,0.0,0.0,0.0,0.0,0.0,0.0,0.0,0.0,0.0,246.69482673103775,-71.47414646021369,715.3713775833144,0.0,0.0,0.0,84.88539359592767,-166.20012736741938,0.0,0.0,0.0,0.0,63.0102545173977,0.0,75.65340227911759,0.0,0.0,0.0,0.0,0.0,0.0,0.0,0.0,14.262926769893154,0.0,0.0,-724.937072143463,438.843837858915,-1000.0,0.0,-715.3713775833144,0.0,0.0,335.86523794600976,87.00385329634824,0.0,0.0,0.0,39.98243631061166,0.0,0.0,-602.4364971230884,0.0,0.0,-602.4364971230887,0.0,0.0,489.5053451011346,0.0,879.827807952904,360.9140669917497,0.0,148.38185487068012,0.0,0.0,0.0,-226.2966006214918,0.0,226.2966006214918,0.0,187.1919906532161,34.193743413333294,84.88539359592767,-240.37377158817253,0.0,0.0,0.0,63.0102545173977,-0.10697195077419865,0.0,0.0,0.0,0.0,0.07131463384946578,0.0,0.0,0.0,928.0196362758309,-254.10337285414744,0.0,-479.015145768979,484.27727571473804,902.1120821032237,835.6067116883904,0.0,939.891654427468,0.0,0.0,0.0,0.0,0.0,-6.140189974439199,-933.7514644530288,0.0,92.11617720886537,-1000.0,0.0,0.0,0.0,0.0,0.0,0.0,0.0,0.0,0.0,0.0,0.0,0.0,0.0,0.0,0.0,0.0,0.0,41.1347661037521,0.0,-958.8652338962479,0.0,461.459230323307,0.0,0.0,0.0,0.0,612.2482192715107,0.0,0.0,0.0,0.0,0.0,933.7514644530288,645.9991835486423,-968.4914376498832,0.0,-1000.0,0.0,0.0,640.4852760518235,-736.5104305301292,-645.9991835486423,964.92570595741,45.93679907811884,-1.7828658462366442,-3.5657316924732885,0.0,0.0,0.0,-150.42887490843236,286.37729016419337,21.394390154839733,0.0,0.0,0.0,67.01998665215908,0.0,0.0,0.0,-246.69482673103775,246.69482673103775,246.69482673103775,173.71708657794778,0.0,0.0,0.0,0.0,0.0,0.0,0.0,0.0,-174.9515650101,0.0,0.0,185.7876784664493,0.0,0.0,0.0,0.0,-92.86853661505343,0.14262926769897916,0.0,0.0,0.0,0.0,0.0,0.0,0.0,0.0,0.0,155.27071567263673,0.0,0.0,0.0,0.0,0.0,0.0,0.0,0.0,0.0,0.07844609723460956,0.07844609723460956,75.65340227911759,228.982859395849,0.0,42.78878030967947,0.0,0.0,0.0,492.7273455301922,0.0,0.0,17.446581950557178,0.0,0.0,682.2639566790365,-492.7273455301922,0.0,0.0,0.0,0.0,0.0,185.7876784664493,0.0,0.0,0.0,0.0,0.0,0.0,0.0,333.3333333333333,-928.0196362758309,0.0,0.0,22.937808756966056,0.0,500.50978776280476,50.58597356932942,0.0,0.0,682.2639566790365,0.0,0.0,589.395420063983,0.0,0.0,246.69482673103775,0.0,0.0,0.0,0.0,0.0,0.0,0.0,0.0,0.0,0.0,0.0,0.0,0.0,42.78878030967947,335.86523794600976,335.86523794600976,0.0,0.0,0.0,0.0,0.0,0.0,0.0,0.0,0.0,0.0,0.7131463384946578,0.0,75.65340227911759,17.446581950557178,-17.446581950557178,75.65340227911759,0.0,0.0,0.0,21.394390154839733,0.0,0.0,0.0,0.0,0.0,0.0,0.0,0.0,0.0,0.0,311.6921482910858,0.0,0.0,21.394390154839733,21.394390154839733,1000.0,-492.7273455301922,0.0,185.7876784664493,0.0,0.0,0.0,0.0,0.0,678.1769363957436,0.0,1000.0,0.07131463384946578,0.0,0.0,-835.8348161669136,930.0159779699688,0.0,0.0,-551.0957613321342,0.0,-34.193743413333294,0.0,0.0,0.0,0.0,0.0,0.0,0.0,0.0,0.0,0.0,0.0,0.0,0.07131463384946578,0.0,0.0,0.0,0.0,0.0,0.0,0.0,0.0,461.459230323307,0.0,612.2482192715107,0.0,0.0,-1000.0,-5.348597538709933,0.0,-3.5657316924732885,0.0,-921.875,-921.875,921.875,0.0,0.0,0.0,0.0,0.0,0.0,0.0,335.86523794600976,902.1120821032237,0.0,0.0,289.94302185666663,0.0,0.0,0.0,-0.07131463384946578,0.0,0.0,0.07131463384946578,0.0,0.07131463384946578,0.0,814.9978189723956,0.0,42.78878030967947,87.00385329634824,87.00385329634824,0.0,0.0,0.0,0.0,0.0,0.0,0.0,0.0,0.0,0.0,0.0,0.0,0.0,0.0,0.0,0.0,0.0,0.0,0.0,0.0,0.0,0.0,0.0,0.0,0.0,0.0,0.0,50.58597356932942,0.0,0.0,0.0,0.10697195077419865,0.0,0.0,0.0,-21.394390154839733,0.0,0.0,0.0,0.0,0.0,-228.982859395849,3.5657316924732885,0.0,0.0,0.0,0.0,-1000.0,0.0,-3.5657316924732885,0.0,0.0,0.0,0.0,0.0,0.0,0.0,335.86523794600976,0.0,0.0,0.0,-17.711967335188746,0.0,269.05034540581556,0.0,0.0,612.2482192715107,0.0,-612.2482192715107,0.0,0.0,0.0,3.5657316924732885,705.3819621301092,0.0,0.0,-75.65340227911759,-209.84472891121436,0.0,0.0,293.90490815090277,-293.90490815090277,0.0,0.0,0.0,0.0,0.0,-10.697195077419869,0.0,87.00385329634824,0.0,75.65340227911759,75.65340227911759,0.0,0.0,0.0,0.0,0.0,0.0,0.0,0.0,0.0,245.0286520119788,-249.45187747569193,-718.7914753228507,0.0,21.394390154839733,17.446581950557178,0.0,0.0,0.0,-101.02163525814535,0.0,0.0,0.07844609723460956,0.0,0.0,0.0,43.50192664817412,0.0,0.0,0.0,0.0,-71.47414646021369,0.0,0.0,0.0,0.0,0.0,0.0,0.0,0.0,0.0,0.0,440.5837827406918,0.007131463384946577,0.0,0.0,0.0,0.0,0.0,0.0,0.0,0.0,0.0,-835.8348161669136,75.65340227911759,0.0,0.0,0.0,0.0,228.982859395849,0.0,0.0,0.0,0.0,0.0,0.0,0.0,360.9140669917497,0.0,0.0,0.0,34.893163901114356,0.0,368.2408292534591,557.4836058452977,0.0,0.0,0.0,42.78878030967947,0.0,0.0,0.0,0.0,0.0,0.0,-42.78878030967947,0.0,34.893163901114356,0.0,0.0,0.0,0.0,0.0,0.0,0.0,75.65340227911759,75.65340227911759,0.0,-1000.0,309.0251088754419,48.85052418688406,0.0,-21.394390154839733,0.0,999.714741464603,0.0,0.0,0.0,0.0,0.0,0.0,0.0,0.0,0.0,0.0,0.0,0.0,0.0,0.0,0.0,0.0,0.0,-8.914329231183222,335.86523794600976,-5.348597538709933,-5.348597538709931,0.0,0.0,0.0,0.0,0.0,0.0,-0.8914329231183222,174.9515650101,0.0,0.0,0.0,0.0,0.0,0.0,0.0,1000.0,21.394390154839733,21.394390154839733,0.0,0.0,0.0,0.0,0.0,0.07844609723460956,228.982859395849,0.0,0.0,-999.714741464603,440.57665127730684,0.0,0.0,0.0,0.0,0.0,0.0,0.0,0.0,0.0,0.0,0.0,0.0,0.0,407.4989094861978,0.0,0.0,0.0,0.0,74.88036554193907,0.0,0.0,22.937808756966056,0.0,0.0,0.0,228.982859395849,0.0,-77.94973348906971,0.0,0.0,0.0,-8.914329231183222,0.0,0.0,0.0,0.0,0.0,0.0,0.0,0.0,0.0,0.0,0.0,0.0,0.0,0.0,0.0,0.0,0.0,0.0,-0.07131463384946578,0.0,0.0,3.5657316924732885,-682.2639566790365,0.0,0.0,0.0,0.0,335.86523794600976,0.0,0.0,0.0,6.140189974439199,1.7828658462366442,0.0,0.0,0.0,0.07131463384946578,0.0,71.31463384946576,-22.10753649333439,14.262926769893156,0.5093902417818984,198.9678284400095,-0.05348597538709932,3.565731692473264,1.4262926769893154,-0.3565731692465306,-198.9678284400095,21.394390154839733,-0.07131463384946578,0.0,185.7876784664493,0.017828658462366444,0.5093902417818984,0.0,-28.799871659391467,74.22710960212827,-300.0,-0.07131463384946578,0.017828658462366444,-198.9678284400095,7.131463384946577,0.07131463384946578,0.07131463384946578,-228.83309866476495,-17.368135853322773,-231.29248320697997,-0.05348597538709932,21.394390154839733,0.07131463384946578,21.394390154839733,-35.65731692473289,-0.03565731692473289,56.32075019504244,158.99734934862335,-0.05348597538709932,-0.07131463384946578,-22.10753649333439,0.07131463384946578,7.131463384946577,-1.4262926769893154,50.58597356932942,50.58597356932942,-7.131463384946577,300.0,-50.58597356932942,14.262926769893154,0.10697195077419865,-1000.0,7.131463384946577,-333.3333333333333,185.7876784664493,-14.262926769893154,0.03565731692473289,0.7131463384946578,119.75378644224475,-3.4490405652955918,-0.07131463384946578,-245.0286520119788,228.83309866476495,22.10753649333439,0.07131463384946582,28.799871659391467,100.21011784709067,185.7876784664493,-0.07131463384946578,-0.017828658462366444,-185.7876784664493,-0.07131463384946578,-92.86853661505343,0.07131463384969315,-0.017828658462366444,-0.017828658462366444,-0.017828658462366444,28.525853539786308,35.65731692473289,0.7131463384946578,52.83522935322263,-0.017828658462366444,239.5075728844895,3.5657316924732885,50.0,0.07131463384946578,0.03565731692473289,0.03565731692473289,40.48573411354075,22.10753649333439,0.07131463384946578,-22.10753649333439,0.7131463384946578,0.07131463384946578,-52.83522935322263,0.07131463384946578,0.28525853539701984,0.3565731692465306,0.03565731692473289,0.017828658462366444,21.394390154839733,-0.07131463384946578,231.29248320697997,-37.11355480106413,-105.67045870644526,1.7828658462366693,-7.131463384946577,14.262926769893154,3.5657316924732885,-0.07131463384946578,0.0,0.10697195077419865,-0.07131463384946578,-80.9714682270815,22.10753649333439,243.27738909054597,0.03565731692473289,-100.0,-0.07131463384946578,-0.07131463384969315,-0.07131463384946578,0.03565731692473289,198.9678284400095,-14.262926769893154,0.07131463384946578,239.5075728844895,-0.017828658462366444,17.368135853322773,-239.5075728844895,10.697195077419865,-158.99734934862335,521.8914373026828,198.9678284400095,-0.05348597538709932,245.0286520119788,3.4490405652955918,0.07131463384946578,-0.01782865846236644,3.5657316924732885,71.31463384946576,-0.03565731692473289,-0.07131463384946582,0.017828658462366444,0.0,0.0,981.1857249204821,0.0,-255.0,0.0,193.75673053469848,-140.0,0.0,-55.844085134717375,-255.0,-283.31327217570873,-18.77861776259317,27.922042567358687,127.5,127.5,0.0,70.0,-228.982859395849,-142.25575383240061,18.77861776259317,283.31327217570873,-142.25575383240061,-193.75673053469848,43.20757465133062,0.0,1496.5981,hplb
267,0.0,0.0,0.0,0.0,0.0,0.0,0.0,0.0,-0.09724204297851038,0.0,0.0,0.0,0.0,0.0,0.0,0.0,874.7119732985514,313.29299828585533,0.0,-1000.0,0.0,0.0,0.0,451.7577776215103,0.0,0.0,0.0,0.0,0.0,-329.72862670959597,0.0,0.0,127.71727734480142,0.0,0.0,0.0,0.0,471.60401131893593,0.0,-1000.0,1000.0,0.0,0.0,-870.567967505558,0.0,0.0,0.19448408595702077,0.0,325.5846209166026,0.0,0.0,0.0,0.0,0.10696624727620474,0.0,0.0,0.0,0.0,0.0,0.0,62.71494943061367,0.0,62.71494943061367,-88.40629718553436,319.9576189998803,0.0,0.0,0.0,40.43546168073141,0.0,0.0,0.9724204297851039,0.0,0.0,0.0,0.0,0.0,0.0,0.0,178.75576829858724,0.0,0.0,0.0,0.0,58.34522578710623,0.0,0.0,-1000.0,-62.716944882958245,-874.5661102340835,37.79111117792805,0.0,0.0,698.6921524261182,29.172612893553115,0.0,29.172612893553115,-197.5217423669862,7.384481951409794,0.0,0.0,664.5622665583858,-502.7843381109813,0.0,0.0,-10.133673505373666,0.0,0.0,0.0,0.0,0.0,0.0,0.0,0.0,0.0,0.0,0.0,0.0,0.0,0.0,0.0,0.0,0.0,0.0,-591.9741061700587,0.0,0.0,29.172612893553115,0.0,30.145033323338225,0.0,0.0,-1000.0,1000.0,0.0,0.0,-213.8361960467617,0.0,0.0,0.0,0.0,0.0,0.0,0.0,0.0,7.487637309345246,0.09724204297851038,37.81542168867268,0.0,0.0,0.0,0.0,0.0,0.0,0.0,0.0,677.7133748056664,0.0,0.0,0.0,0.0,0.0,999.9027579570214,999.9027579570214,0.0,0.0,0.0,0.0,1000.0,0.0,0.0,1000.0,0.0,0.0,0.0,432.76690419209547,0.0,0.0,0.0,0.0,0.0,0.0,0.0,0.0,0.0,0.0,-77.30125587738996,0.0,0.0,0.0,0.0,-94.27761112758847,0.0,0.0,0.0,0.0,0.0,0.0,0.0,937.2830551170417,-937.2830551170417,173.4007343660303,0.0,0.0,0.0,0.0,0.0,0.0,173.0557114013853,-706.6036639680158,0.0,0.0,0.0,0.0,0.0,0.0,0.0,0.0,0.0,0.0,0.0,0.0,0.0,0.0,48.59952149632337,-870.567967505558,0.0,0.0,0.0,0.0,-173.4007343660303,0.0,0.0,0.0,0.0,62.71494943061367,0.0,0.0,0.0,0.0,0.0,0.0,0.0,0.0,0.0,0.0,19.448408595702077,0.0,0.0,0.0,-1000.0,262.86767603364433,0.0,870.567967505558,0.0,0.0,213.8361960467617,0.0,0.0,0.0,0.0,-167.60696494779745,0.0,0.0,-1000.0,593.7499999999903,0.0,-1000.0,-593.7499999999903,0.0,874.5661102340835,0.0,924.9914324862945,0.0,0.0,271.305299910044,0.0,0.0,0.0,-1000.0,0.0,1000.0,0.0,1000.0,40.43546168073141,0.0,-87.62289380123582,0.0,0.0,0.0,62.71494943061367,-0.14586306446776556,0.0,0.0,0.0,0.0,0.09724204297851038,0.0,0.0,0.0,65.10499823403535,874.7119732985514,0.0,-1000.0,-165.5972127227723,0.0,858.1855598085237,0.0,501.2615406619775,0.0,-10.133673505373666,0.0,0.0,0.0,468.74462110887083,0.0,-970.0061617708484,-1000.0,-1000.0,0.0,0.0,0.0,0.0,0.0,0.0,0.0,0.0,0.0,0.0,0.0,0.0,0.0,0.0,0.0,0.0,0.0,-528.0070205091507,0.0,-1000.0,0.0,0.0,194.39054858307884,1000.0,0.0,0.0,270.2179489563606,0.0,7.384481951409794,0.0,0.0,659.7001644094603,0.0,0.0,0.0,0.0,-40.43546168073141,692.5569016662977,858.8557876786222,0.0,361.9525898909637,0.0,-834.7121843536556,0.0,-2.4310510744627596,-863.7178898275477,0.0,0.0,-453.53214943016724,0.0,218.7485077000676,29.172612893553115,0.0,0.0,0.0,776.2967519375836,0.0,0.0,0.0,0.0,0.0,0.0,-531.6031534883897,0.0,42.60490521733877,0.0,0.0,0.0,173.0557114013853,0.0,0.0,-88.40629718553436,0.0,0.0,170.98705308502934,0.0,0.0,0.0,0.0,19.426908602770254,0.19448408595690125,0.0,0.0,0.0,0.0,0.0,0.0,0.0,0.0,0.0,0.0,0.0,0.0,0.0,0.0,0.0,0.0,0.0,0.0,0.0,0.10696624727620474,0.10696624727620474,0.0,260.55159140429794,0.0,58.34522578710623,0.0,28.74740315729159,0.0,1000.0,0.0,0.0,0.0,0.0,0.0,17.861789589865808,-1000.0,0.0,0.0,327.8065960982718,0.0,0.0,170.98705308502934,0.0,0.0,0.0,0.0,0.0,0.0,0.0,197.32470205668622,-65.10499823403535,0.0,0.0,7.487637309345246,0.0,698.6921524261182,0.0,0.0,0.0,17.861789589865808,0.0,153.29668962892063,-116.00799143628458,0.0,0.0,0.0,0.0,0.0,0.0,0.0,0.0,0.0,0.0,0.0,0.0,0.0,0.0,0.0,0.0,58.34522578710623,213.8361960467617,213.8361960467617,0.0,0.0,0.0,0.0,0.0,0.0,0.0,0.0,0.0,0.0,0.9724204297851039,0.0,0.0,0.0,0.0,0.0,0.0,0.0,0.0,29.172612893553115,-327.8065960982718,0.0,0.0,0.0,0.0,0.0,0.0,0.0,0.0,0.0,958.2420356103408,0.0,0.0,29.172612893553115,29.172612893553115,1000.0,-1000.0,0.0,170.98705308502934,0.0,0.0,0.0,0.0,0.0,502.7843381109813,173.0557114013853,498.5511171946248,0.09724204297851038,0.0,0.0,-587.2649972165007,715.6870066900492,0.0,0.0,-698.6921524261182,0.0,-40.43546168073141,0.0,0.0,0.0,0.0,0.0,0.0,0.0,0.0,0.0,0.0,0.0,0.0,0.09724204297851038,0.0,0.0,0.0,0.0,0.0,0.0,0.0,0.0,0.0,0.0,1000.0,0.0,0.0,-1000.0,-7.293153223388231,-4.862102148925519,0.0,0.0,-671.875,-671.875,671.875,0.0,0.0,0.0,0.0,0.0,0.0,0.0,213.8361960467617,0.0,0.0,0.0,-229.92153958117413,0.0,0.0,0.0,-0.09724204297851038,0.0,0.0,0.09724204297851038,0.0,0.09724204297851038,0.0,0.0,0.0,58.34522578710623,118.63529243378267,118.63529243378267,0.0,0.0,0.0,0.0,0.0,0.0,0.0,0.0,0.0,173.0557114013853,0.0,0.0,477.1171610093204,0.0,0.0,0.0,0.0,0.0,0.0,0.0,0.0,0.0,0.0,0.0,0.0,0.0,0.0,0.0,0.0,0.0,0.0,0.14586306446776556,0.0,0.0,0.0,-29.172612893553115,0.0,0.0,0.0,0.0,0.0,-260.55159140429794,4.862102148925519,0.0,0.0,0.0,0.0,-1000.0,-7.993295932832893,0.0,0.0,0.0,0.0,0.0,0.0,0.0,0.0,213.8361960467617,0.0,327.8065960982718,156.20576428308823,260.55159140429794,0.0,305.55159140429794,-10.133673505373666,528.0070205091507,262.2246530235277,7.384481951409794,-797.6161554840883,0.0,-118.63529243378267,28.74740315729159,4.862102148925519,622.0590757597218,0.0,0.0,0.0,-88.40629718553436,0.0,0.0,0.0,0.0,0.0,-277.70558626570585,0.0,0.0,0.0,345.14600050507613,-282.43105107446246,118.63529243378267,0.0,355.6358807775167,355.6358807775167,-355.6358807775167,0.0,0.0,0.0,0.0,0.0,0.0,0.0,0.0,0.0,-128.42200947354854,-1000.0,0.0,29.172612893553115,0.0,0.0,0.0,0.0,372.76727630126675,0.0,0.0,0.10696624727620474,0.0,0.0,0.0,59.31764621689133,0.0,0.0,0.0,0.0,48.59952149632337,0.0,0.0,0.0,0.0,0.0,0.0,0.0,0.0,-146.42405877831231,0.0,0.009724204297850925,0.009724204297850925,0.0,0.0,0.0,0.0,0.0,0.0,0.0,0.0,0.0,-587.2649972165007,0.0,0.0,0.0,0.0,0.0,260.55159140429794,0.0,0.0,0.0,0.0,0.0,0.0,0.0,0.0,0.0,0.0,0.0,0.0,1000.0,1000.0,313.29299828585533,0.0,0.0,0.0,58.34522578710623,0.0,0.0,0.0,0.0,0.0,0.0,-58.34522578710623,0.0,0.0,0.0,0.0,0.0,0.0,0.0,0.0,0.0,0.0,0.0,0.0,-498.5511171946248,-1000.0,543.7279604496,0.0,-29.172612893553115,0.0,471.60401131893593,0.0,0.0,0.0,0.0,0.0,0.0,0.0,0.0,0.0,0.0,0.0,0.0,0.0,0.0,0.0,0.0,28.74740315729159,-12.155255372313718,213.8361960467617,-666.9933176328485,752.2550588603947,0.0,0.0,0.0,0.0,0.0,0.0,-1.2155255372313798,88.40629718553436,0.0,0.0,0.0,0.0,0.0,0.0,0.0,1000.0,29.172612893553115,29.172612893553115,0.0,0.0,0.0,0.0,178.75576829858724,0.10696624727620474,260.55159140429794,0.0,0.0,-471.60401131893593,0.0,0.0,0.0,0.0,0.0,0.0,0.0,0.0,0.0,0.0,0.0,0.0,0.0,0.0,0.0,0.0,0.0,0.0,0.0,102.1041451274359,7.487637309345246,0.0,0.0,0.0,0.0,0.0,260.55159140429794,0.0,0.0,0.0,0.0,0.0,-12.155255372313718,0.0,0.0,0.0,0.0,0.0,0.0,0.0,0.0,0.0,0.0,0.0,0.0,0.0,0.0,0.0,0.0,0.0,0.0,-0.09724204297851038,0.0,0.0,4.862102148925519,-17.861789589865808,0.0,0.0,0.0,0.0,213.8361960467617,0.0,0.0,0.0,-468.74462110887083,2.4310510744627596,0.0,0.0,0.0,0.09724204297851038,0.0,97.24204297851037,-30.145033323338225,19.448408595702077,0.6945860212750742,271.305299910044,-0.07293153223388278,834.7121843536556,1.9448408595702078,-0.4862102148918581,-271.305299910044,29.172612893553115,-0.09724204297851038,3.377891168457889,170.98705308502934,0.024310510744627596,0.6945860212750742,-10.133673505373666,-15.48093324217814,-1.9448408595702078,-188.0049715844067,-0.09724204297851038,0.024310510744627596,-271.305299910044,9.724204297851038,0.09724204297851038,0.09724204297851038,-260.3473831140432,0.10696624727636131,-88.02302173128392,-0.07293153223388278,29.172612893553115,0.09724204297851038,29.172612893553115,-48.62102148925519,-0.04862102148925519,-569.4230060636352,163.57928802520075,-0.07293153223388278,-0.09724204297851038,-30.14503332333822,0.09724204297851038,9.724204297851038,-1.9448408595702078,0.0,0.0,-9.724204297851038,188.0049715844067,0.0,19.448408595702077,0.14586306446776556,21.152368366720566,9.724204297851038,-197.32470205668622,170.98705308502934,-19.448408595702077,0.04862102148925519,0.9724204297851039,250.0,280.0,-0.09724204297851038,-282.43105107446246,260.3473831140432,30.145033323338225,0.09724204297851038,15.48093324217814,54.29660151081699,170.98705308502934,-0.09724204297851038,-0.024310510744627596,-170.98705308502934,-0.09724204297851038,19.426908602770254,0.09724204297851038,-0.024310510744627596,-0.024310510744627596,-0.024310510744627596,38.89681719140415,48.62102148925519,0.9724204297851039,72.04419859170167,-0.024310510744627596,496.6221088315421,4.862102148925519,-4.851352152459608,0.09724204297851038,0.04862102148925519,0.04862102148925519,75.0,30.14503332333822,0.09724204297851038,-30.14503332333822,0.9724204297851039,0.09724204297851038,-72.04419859170167,0.09724204297851038,0.38896817191334776,0.4862102148918581,0.04862102148925519,0.024310510744627596,29.172612893553115,-0.09724204297851038,88.02302173128392,0.9724204297851039,-144.08839718340334,832.2811332791929,-9.724204297851038,19.448408595702077,4.862102148925519,-0.09724204297851038,10.133673505373666,0.14586306446776556,-0.09724204297851038,-150.0,30.14503332333822,-136.14045471265808,0.04862102148925519,9.702704304919223,-0.09724204297851038,-0.09724204297851038,-0.09724204297851038,0.04862102148925519,271.305299910044,-19.448408595702077,0.09724204297851038,500.0,-0.024310510744627596,-0.10696624727636131,-500.0,14.586306446776554,-163.57928802520075,-461.30551485532055,271.305299910044,-0.07293153223388278,282.43105107446246,-280.0,0.09724204297851038,-0.024310510744627603,4.862102148925519,97.24204297851037,-0.04862102148925519,-0.09724204297851038,0.024310510744627596,1000.0,0.0,-21.20098938820982,0.0,-75.454710346056,0.0,-33.65418924087046,-140.0,0.0,-80.0,-254.0083335395223,-325.0,0.0,40.0,37.72735517302801,127.00416676976116,0.0,70.0,-260.55159140429794,-236.62682158860866,0.0,325.0,-236.62682158860866,33.65418924087046,-48.83749752476925,0.0,1496.5981,hplb
268,0.0,0.0,0.0,0.0,0.0,0.0,0.0,0.0,353.2839630212576,0.0,0.0,0.0,0.0,0.0,0.0,0.0,502.70363466516454,-411.64787129862293,0.0,0.0,0.0,0.0,0.0,320.8941916690419,0.0,472.41026370147176,0.0,0.0,0.0,-340.39538458769357,0.0,0.0,22.693540345704807,0.0,0.0,0.0,0.0,10.641474618243308,0.0,-1000.0,999.3440226039029,0.0,-760.2003901687312,0.0,0.0,0.0,52.40869495437687,0.0,0.0,-833.4501573292505,0.0,0.0,0.0,0.002405250452738983,0.0,0.0,0.0,0.43731826406470653,0.0,0.0,30.84877959075152,0.0,-413.88249369311416,-476.1577503014488,0.0,0.0,0.0,0.0,0.0,93.12403619908616,0.0,0.021865913203235277,0.0,0.0,0.0,0.0,0.0,0.0,0.0,0.0,0.0,0.0,-251.94553727386005,0.0,1.3119547921941197,0.0,0.0,345.2441514984915,944.8342863840988,-539.3897447168762,270.5203902304602,0.0,0.0,0.0,0.6559773960970599,0.0,0.6559773960970599,0.0,0.0,0.0,0.0,671.6682745612999,-340.39538458769357,0.0,0.0,0.0,0.0,0.0,0.0,0.0,0.0,0.0,0.0,0.0,0.0,0.0,0.0,0.0,0.0,0.0,0.0,0.0,0.0,0.0,-472.41026370147176,0.0,0.0,0.6559773960970599,0.0,0.6778433093002951,0.0,0.0,319.9427145634752,-319.94271456347514,0.0,0.0,-1000.0,0.0,0.0,906.8759638009138,0.0,0.0,0.0,0.0,0.0,252.11390480552495,0.0021865913203235328,270.5209368782903,0.0,0.0,-1000.0,1000.0,0.0,0.0,251.94553727386005,0.0,-282.90964232654045,0.0,0.0,0.0,0.0,0.0,947.5934916369434,947.5934916369434,0.0,0.0,0.0,0.0,0.0,0.0,0.0,947.5956782282638,0.0,0.0,0.0,0.0,-571.379127285386,0.0,0.0,0.0,0.0,0.0,0.0,0.0,0.0,0.0,-294.0113023183662,0.0,0.0,0.0,0.0,-134.5118244930187,0.0,0.0,0.0,0.0,0.0,833.4501573292505,760.2003901687312,-105.44454166722267,105.44454166722267,0.0,0.0,0.0,0.0,0.0,0.0,0.0,0.0,934.7690126474915,0.0,0.0,0.0,0.0,0.0,0.0,0.0,0.0,0.0,0.0,0.0,0.0,0.0,83.08744181436691,23.34951774180187,-922.5086402462023,0.0,0.0,0.0,0.0,0.0,0.0,0.0,0.0,0.0,30.84877959075152,-922.5086402462023,0.0,0.0,0.0,0.0,0.0,0.0,0.0,0.0,0.07040824051614436,0.0,0.0,0.0,-36.68938993869212,253.3890479438985,1000.0,0.0,922.5086402462023,0.0,0.0,93.12403619908616,678.8827760162851,0.0,0.0,0.0,385.4633613030295,0.0,0.0,1000.0,906.250000000006,588.4931197990558,411.50688020094424,-317.75688020095026,0.0,839.3897447168762,0.0,-862.3365644643372,833.4501573292505,0.0,6.100589783702656,0.0,0.0,0.0,494.52248835256506,0.0,-494.52248835256506,0.0,1000.0,93.12403619908616,0.0,934.7690126474915,0.0,0.0,0.0,30.84877959075152,-0.003279886980485299,0.0,0.0,0.0,0.0,0.0021865913203235328,0.0,0.0,0.0,133.7854388564055,502.70363466516454,0.0,0.0,-1000.0,571.379127285386,1000.0,0.0,-87.36041375791649,0.0,0.0,0.0,0.0,0.0,898.0350552769956,-1000.0,189.3253584809209,0.0,-1000.0,0.0,0.0,0.0,0.0,0.0,0.0,0.0,0.0,0.0,0.0,0.0,0.0,0.0,0.0,0.0,0.0,0.0,-197.79237502557703,0.0,-1000.0,251.94553727386005,791.5574039908987,0.0,0.0,0.0,0.0,-252.1843130460411,0.0,0.0,0.0,0.0,671.5589449952837,0.0,0.0,0.0,0.0,1000.0,61.228552696776035,-543.3114544725822,-90.49292448341237,-1000.0,0.0,-335.88880206365803,166.17917513629763,-0.054664783008088316,543.202124906566,-1000.0,0.0,-94.54532055729645,1000.0,0.0,0.6559773960970599,0.0,0.0,0.0,0.0,0.0,353.2861496125779,0.0,-83.08744181436691,83.08744181436691,83.08744181436691,-433.3891314158277,0.0,0.0,0.0,0.0,0.0,0.0,0.0,0.0,-31.426477017583125,0.0,0.0,0.0,0.0,0.0,0.0,0.0,22.693540345704807,0.00437318264039277,0.0,0.0,0.0,0.0,0.0,0.0,0.0,0.0,0.0,0.0,0.0,0.0,0.0,0.0,0.0,0.0,0.0,0.0,0.0,0.002405250452738983,0.002405250452738983,0.0,362.6501235503022,0.0,1.3119547921941197,0.0,0.0,0.0,1000.0,0.0,0.0,0.0,0.0,0.0,-871.2486332409076,-1000.0,0.0,0.0,0.0,0.0,0.0,0.0,0.0,0.0,0.0,0.0,0.0,0.0,0.0,157.4700879004906,-133.7854388564055,0.0,0.0,344.9561113186743,0.0,0.0,0.0,0.0,0.0,-871.2486332409076,0.0,151.44490710479724,-1000.0,1000.0,-1000.0,83.08744181436691,0.0,0.0,0.0,0.0,0.0,0.0,0.0,0.0,0.0,0.0,0.0,0.0,0.0,1.3119547921941197,93.12403619908616,93.12403619908616,0.0,0.0,0.0,0.0,0.0,0.0,0.0,0.0,0.0,0.0,0.021865913203235277,0.0,0.0,0.0,0.0,0.0,760.2003901687312,0.0,0.0,0.6559773960970599,0.0,0.0,0.0,344.7877437870094,0.0,0.0,0.0,0.0,0.0,0.0,1000.0,0.0,0.0,0.6559773960970599,0.6559773960970599,-610.4796548265967,-1000.0,0.0,0.0,0.0,0.0,0.0,0.0,0.0,-659.6046154123064,0.0,-211.5904869945814,0.0021865913203235328,0.0,0.0,-749.8923042607045,752.7800104693803,0.0,0.0,0.0,0.0,-93.12403619908616,0.0,0.0,0.0,0.0,0.0,0.0,0.0,0.0,0.0,0.0,0.0,0.0,0.0021865913203235328,0.0,0.0,0.0,1000.0,-1000.0,0.0,0.0,0.0,791.5574039908987,-252.1843130460411,0.0,0.0,0.0,-802.207624974423,-0.16399434902426496,0.0,-0.10932956601617663,0.0,0.0,0.0,0.0,0.0,0.0,0.0,0.0,0.0,0.0,0.0,93.12403619908616,571.379127285386,0.0,0.0,-94.43599099128028,0.0,0.0,0.0,353.2839630212576,0.0,0.0,0.0021865913203235328,0.0,0.0021865913203235328,0.0,0.0,0.0,1.3119547921941197,2.66764141079471,2.66764141079471,0.0,0.0,0.0,0.0,0.0,0.0,0.0,0.0,0.0,0.0,0.0,0.0,0.0,898.2233207896759,0.0,0.0,0.0,0.0,0.0,0.0,0.0,0.0,0.0,0.0,0.0,0.0,0.0,0.0,0.0,-472.41026370147176,472.41026370147176,0.003279886980485299,0.0,0.0,0.0,-0.6559773960970599,0.0,0.0,0.0,0.0,0.0,-362.6501235503022,0.10932956601617663,0.0,0.0,0.0,0.0,0.0,0.0,-0.10932956601617663,0.0,0.0,0.0,0.0,0.0,0.0,0.0,93.12403619908616,0.0,0.0,319.94271456347514,279.5626817359353,0.0,324.5626817359353,0.0,0.0,0.0,0.0,0.0,251.94553727386005,676.2151346054904,0.0,0.10932956601617663,1000.0,0.0,0.0,0.0,-31.426477017583125,0.0,0.0,0.0,0.0,0.0,0.0,0.0,0.0,0.0,293.6833136203175,0.0,2.66764141079471,0.0,461.2717615550333,461.2717615550333,-461.2717615550333,0.0,0.0,0.0,0.0,0.0,0.07040824051614436,0.0,0.0,363.1421065973751,-2.8877062086758425,389.8525888102031,-760.2003901687312,0.6559773960970599,0.0,0.0,0.0,0.0,-266.0119236703744,0.0,0.0,0.002405250452738983,0.0,0.0,0.0,1.333820705397355,0.0,0.0,0.0,0.0,23.34951774180187,0.0,0.0,0.0,0.0,0.0,0.0,0.0,0.0,-1000.0,0.0,14.86341358636063,0.00021865913203235332,0.0,0.0,0.0,0.0,0.0,0.0,0.0,0.0,0.0,-749.8923042607045,0.0,0.0,0.0,0.0,0.0,362.6501235503022,0.0,0.0,0.0,0.0,0.0,0.0,0.0,833.4501573292505,0.0,0.0,0.0,0.0,0.0,903.2710950347231,-411.64787129862293,0.0,0.0,0.0,1.3119547921941197,0.0,0.0,0.0,0.0,0.0,0.0,-1.3119547921941197,0.0,0.0,0.0,0.0,0.0,0.0,0.0,0.0,0.0,0.0,0.0,0.0,211.5904869945814,-1000.0,899.7211358440975,31.25000000000003,-31.90597739609709,0.0,802.198878609142,0.0,0.0,0.0,0.0,0.0,0.0,0.0,0.0,0.0,0.0,0.0,0.0,0.0,0.0,0.0,0.0,0.0,-0.2733239150404416,93.12403619908616,-671.722939344308,898.0593264406515,0.0,0.0,0.0,0.0,0.0,-44.96040394463398,44.933071553129935,283.3720142914432,0.0,0.0,0.0,0.0,0.0,0.0,0.0,1000.0,0.6559773960970599,0.6559773960970599,0.0,0.0,0.0,0.0,0.0,0.002405250452738983,362.6501235503022,0.0,0.0,-802.198878609142,14.863194927228598,0.0,0.0,0.0,0.0,0.0,0.0,0.0,0.0,0.0,0.0,0.0,0.0,0.0,0.0,0.0,0.0,0.0,0.0,2.2959208863397094,0.1683675316648987,0.0,0.0,0.0,0.0,0.0,362.6501235503022,0.0,0.0,0.0,0.0,0.0,-0.2733239150404416,0.0,0.0,0.0,0.0,0.0,0.0,0.0,0.0,0.0,0.0,0.0,0.0,0.0,0.0,0.0,0.0,0.0,0.0,-0.0021865913203235328,0.0,0.0,0.10932956601617663,871.2486332409076,0.0,0.0,0.0,0.0,93.12403619908616,0.0,0.0,0.0,-898.0350552769956,0.054664783008088316,0.0,0.0,472.41026370147176,0.0021865913203235328,0.0,2.1865913203235325,-0.6778433093002951,0.4373182640647066,0.015618509430882376,6.100589783702656,-0.0016399434902426495,335.88880206365803,0.04373182640647066,-0.010932956601336447,-6.100589783702656,0.6559773960970599,-0.0021865913203235328,0.0,0.0,0.0005466478300808832,0.015618509430882376,0.0,-0.3481053381972288,-0.04373182640648565,-91.05576336654161,-0.0021865913203235328,0.0005466478300808832,-6.100589783702656,0.21865913203235327,0.0021865913203235328,0.0021865913203235328,-362.6455317085292,0.0024052504523563163,0.0,-0.0016399434902426495,0.6559773960970599,0.0021865913203235328,0.6559773960970599,-1.0932956601617665,-0.0010932956601617664,282.90964232654045,-0.2208457233526768,-0.0016399434902426495,-0.0021865913203235328,-0.6778433093002951,0.0021865913203235328,0.21865913203235327,-0.04373182640647066,0.0,0.0,-0.21865913203235327,91.05576336654161,0.0,0.43731826406470653,0.003279886980485299,-73.77007927967585,0.21865913203235327,-157.4700879004906,0.0,-0.43731826406470653,0.0010932956601617664,0.021865913203235277,0.0,280.0,-0.0021865913203235328,-363.1421065973751,362.6455317085292,0.6778433093002951,0.0021865913203235323,0.3481053381972288,-2.623909584388325,0.0,-0.0021865913203235328,-0.0005466478300808832,0.0,-0.0021865913203235328,22.693540345704807,0.0021865913203235328,-0.0005466478300808832,-0.0005466478300808832,-0.0005466478300808832,0.8746365281294131,1.0932956601617665,0.021865913203235277,1.619990844444942,-0.0005466478300808832,0.0,0.10932956601617663,-11.237440606836227,0.0021865913203235328,0.0010932956601617664,0.0010932956601617664,-46.34335896751073,0.6778433093002951,0.0021865913203235328,-0.6778433093002951,0.021865913203235277,0.0021865913203235328,-1.619990844444942,0.0021865913203235328,0.008746365281240287,0.010932956601336447,0.0010932956601617664,0.0005466478300808832,0.6559773960970599,-0.0021865913203235328,0.0,0.021865913203242826,-3.239981688889884,335.83413728064994,-0.21865913203235327,0.43731826406470653,0.10932956601617663,-0.0021865913203235328,0.0,0.003279886980485299,-0.0021865913203235328,92.68671793502146,0.6778433093002951,504.0242317179558,0.0010932956601617664,22.474881213672454,-0.0021865913203235328,-0.0021865913203235328,-0.0021865913203235328,0.0010932956601617664,6.100589783702656,-0.43731826406470653,0.0021865913203235328,0.0,-0.0005466478300808832,-0.0024052504523563163,0.0,0.3279886980485298,0.2208457233526768,294.93098208268486,6.100589783702656,-0.0016399434902426495,363.1421065973751,-280.0,0.0021865913203235328,-0.0005466478300808831,0.10932956601617663,2.1865913203235325,-0.0010932956601617664,-0.0021865913203235323,0.0005466478300808832,0.0,0.0,-226.2310140159843,0.0,-114.332914425546,0.0,17.09322578348514,-22.741864013884342,0.0,890.7340454647226,432.951813151763,-325.0,-300.0,-445.3670227323613,57.166457212773,-216.4759065758815,0.0,11.370932006942171,-362.6501235503022,-238.01230804758137,300.0,325.0,-238.01230804758137,-17.09322578348514,9.749238117920555,0.0,1496.5981,hplb
269,0.0,0.0,0.0,0.0,0.0,0.0,0.0,0.0,-0.1422222478336312,0.0,0.0,0.0,0.0,0.0,0.0,0.0,242.3679374353219,-921.7187500000028,0.0,979.3508125646808,0.0,0.0,0.0,938.984718779947,0.0,124.12123724493983,0.0,0.0,0.0,877.7761254527943,0.0,0.0,108.13801358641624,0.0,0.0,0.0,0.0,-90.0990204382427,0.0,-1000.0,705.2891460465162,0.0,0.0,0.0,0.0,0.0,450.5986238524767,0.0,-1000.0,-95.16014040413597,0.0,0.0,0.0,0.15644447261684036,0.0,0.0,0.0,28.444449566726234,0.0,0.0,52.666124808428194,0.0,172.73518014900907,29.827812654504555,0.0,0.0,0.0,0.0,196.35347395310907,-196.35347395310907,0.0,1.422222478336312,0.0,0.0,0.0,0.0,0.0,0.0,0.0,0.0,0.0,0.0,0.0,0.0,85.3333487001787,0.0,0.0,271.2461659786502,549.0046601477461,0.0,442.4559586468781,0.0,0.0,0.0,42.66667435008936,0.0,42.66667435008936,0.0,0.0,0.0,0.0,996.4444438041593,877.7761254527943,0.0,0.0,-28.718874736460656,0.0,886.9524795954956,0.0,0.0,0.0,0.0,0.0,0.0,0.0,0.0,0.0,0.0,0.0,0.0,0.0,0.0,0.0,0.0,-1000.0,0.0,0.0,42.66667435008936,0.0,44.08889682842567,0.0,0.0,0.0,0.0,0.0,0.0,0.0,0.0,0.0,-195.57349230293272,0.0,0.0,0.0,0.0,0.0,10.951113083189625,0.1422222478336312,442.4915142088365,0.0,0.0,-469.96367456020664,469.96367456020664,0.0,0.0,0.0,0.0,685.4544463841182,0.0,0.0,0.0,0.0,0.0,403.0636671524674,403.0636671524674,0.0,0.0,0.0,343.75,296.8749999978839,0.0,0.0,403.20588940030103,0.0,0.0,0.0,-169.8385371602473,0.0,0.0,0.0,0.0,0.0,0.0,0.0,0.0,0.0,0.0,0.0,0.0,0.0,0.0,0.0,-307.67772558261095,0.0,0.0,0.0,0.0,0.0,95.16014040413597,0.0,-250.47258402135265,250.47258402135265,195.57349230293272,0.0,0.0,0.0,0.0,0.0,0.0,0.0,-721.2222305459301,0.0,0.0,0.0,0.0,0.0,0.0,0.0,0.0,0.0,0.0,0.0,0.0,0.0,0.0,14.411640733990907,-120.1440628881162,0.0,0.0,0.0,0.0,56.91466285310969,0.0,0.0,0.0,0.0,52.666124808428194,-120.1440628881162,0.0,0.0,8.659177095883706,0.0,0.0,0.0,0.0,0.0,4.579556380244668,0.0,0.0,0.0,-263.5291090361658,535.948135132933,-979.2264180427024,0.0,120.1440628881162,0.0,0.0,195.57349230293272,173.51114235703005,0.0,0.0,0.0,-31.944726109742874,0.0,0.0,740.8843291938545,0.0,0.0,740.8843291938545,0.0,0.0,298.53207612639346,0.0,535.9133125646752,95.16014040413597,0.0,144.3119162997886,0.0,0.0,0.0,784.1649552816774,0.0,-784.1649552816774,0.0,853.5200687571105,0.0,0.0,140.21381415496836,343.75,0.0,0.0,52.666124808428194,-0.21333337175044675,0.0,0.0,0.0,0.0,0.1422222478336312,0.0,0.0,0.0,7.943339696234517,242.3679374353219,0.0,-1000.0,587.6584203375518,0.0,687.5045941751177,0.0,1000.0,0.0,-28.718874736460656,0.0,0.0,0.0,209.47317818669612,-209.47317818669612,-1000.0,-877.7761254527943,-1000.0,0.0,0.0,0.0,0.0,0.0,0.0,0.0,0.0,0.0,0.0,0.0,0.0,0.0,0.0,0.0,0.0,8.659177095883706,-89.53013144690706,0.0,0.0,0.0,0.0,0.0,723.2336142585505,0.0,0.0,-15.530669463434293,0.0,0.0,0.0,0.0,989.3333314124777,0.0,0.0,-639.2230358559592,0.0,13.119704233587186,0.0,0.0,0.0,586.7792295668439,0.0,-224.17154937123647,1000.0,-3.5555561958407793,-7.111112391681559,-1000.0,0.0,0.0,234.9852915527507,60.51036563658067,42.66667435008936,906.2500000000008,-906.2500000000008,0.0,15.584883450896541,0.0,0.0,0.0,0.0,0.0,0.0,239.68954171883786,0.0,0.0,0.0,0.0,0.0,0.0,0.0,0.0,-90.24124268607633,0.0,0.0,60.451226221487694,0.0,0.0,0.0,0.0,-28.255033616098444,0.2844444956672305,0.0,0.0,0.0,0.0,0.0,0.0,0.0,0.0,0.0,0.0,0.0,0.0,0.0,0.0,0.0,0.0,0.0,0.0,0.0,0.15644447261684036,0.15644447261684036,0.0,251.55555043327377,0.0,85.3333487001787,0.0,0.0,0.0,-525.922737276988,0.0,0.0,0.0,0.0,0.0,1000.0,525.922737276988,0.0,0.0,340.79176428343277,0.0,0.0,60.451226221487694,0.0,0.0,0.0,0.0,0.0,0.0,0.0,333.3333333333333,-7.943339696234517,0.0,0.0,10.951113083189625,0.0,0.0,0.0,-252.4881551560424,0.0,1000.0,0.0,971.7449663839016,0.0,0.0,0.0,0.0,0.0,0.0,0.0,0.0,0.0,0.0,0.0,0.0,0.0,0.0,0.0,0.0,0.0,85.33334870017872,195.57349230293272,195.57349230293272,0.0,0.0,0.0,0.0,0.0,0.0,0.0,0.0,0.0,0.0,1.422222478336312,0.0,0.0,0.0,0.0,0.0,0.0,0.0,0.0,42.66667435008936,-340.79176428343277,0.0,0.0,0.0,0.0,0.0,0.0,0.0,0.0,0.0,240.0500508205118,0.0,0.0,42.66667435008936,42.66667435008936,1000.0,525.922737276988,0.0,60.451226221487694,0.0,0.0,0.0,0.0,0.0,-1000.0,0.0,-871.1173553882007,0.1422222478336312,0.0,0.0,0.0,187.8247957282862,0.0,0.0,0.0,0.0,0.0,0.0,0.0,0.0,0.0,0.0,0.0,0.0,0.0,0.0,0.0,0.0,0.0,0.1422222478336312,0.0,0.0,0.0,-1000.0,1000.0,0.0,0.0,0.0,0.0,0.0,-15.530669463434293,0.0,0.0,89.53013144690706,-10.666668587522281,-7.111112391681559,0.0,0.0,0.0,0.0,0.0,0.0,0.0,0.0,0.0,0.0,0.0,0.0,195.57349230293272,0.0,0.0,0.0,67.62147802826223,0.0,0.0,0.0,-0.1422222478336312,0.0,0.0,0.1422222478336312,0.0,0.1422222478336312,0.0,0.0,0.0,85.3333487001787,173.51114235703005,173.51114235703005,0.0,0.0,0.0,0.0,0.0,0.0,0.0,0.0,0.0,0.0,0.0,0.0,0.0,221.71851372517162,0.0,0.0,0.0,0.0,0.0,0.0,0.0,0.0,0.0,0.0,0.0,0.0,0.0,252.4881551560424,0.0,-124.12123724493983,124.12123724493983,0.21333337175044675,0.0,0.0,0.0,-42.66667435008936,0.0,0.0,0.0,0.0,0.0,-251.55555043327377,7.111112391681559,0.0,0.0,0.0,-343.75,-296.8749999978839,877.6371933784017,0.0,0.0,0.0,0.0,0.0,0.0,0.0,0.0,195.57349230293272,0.0,340.79176428343277,243.58661418888974,251.55555043327377,0.0,296.55555043327377,-28.718874736460656,0.0,862.1065239149674,0.0,-862.1065239149674,0.0,0.0,0.0,7.111112391681559,1000.0,0.0,544.1018113343064,0.0,-90.24124268607633,0.0,0.0,956.2350216230642,-956.2350216230642,0.0,0.0,0.0,0.0,0.0,262.22221902079605,-283.5555561958407,173.51114235703005,0.0,0.0,0.0,0.0,0.0,0.0,0.0,0.0,0.0,4.579556380244668,0.0,0.0,0.0,-187.8247957282862,0.0,0.0,42.66667435008936,0.0,0.0,0.0,0.0,286.8388567441855,0.0,0.0,0.15644447261684036,0.0,0.0,0.0,86.75557117851503,0.0,0.0,0.0,0.0,14.411640733990907,0.0,0.0,0.0,0.0,0.0,0.0,0.0,0.0,0.0,0.0,0.014222224783363118,0.014222224783363118,0.0,0.0,0.0,0.0,0.0,0.0,0.0,0.0,0.0,0.0,0.0,0.0,0.0,0.0,0.0,251.55555043327377,0.0,0.0,0.0,0.0,0.0,0.0,0.0,95.16014040413597,0.0,0.0,0.0,0.0,0.0,1000.0,-921.7187500000028,0.0,0.0,0.0,85.3333487001787,0.0,0.0,0.0,0.0,0.0,-85.3333487001787,0.0,0.0,0.0,0.0,0.0,0.0,0.0,0.0,0.0,0.0,0.0,0.0,0.0,871.1173553882007,-1000.0,319.140753491209,0.0,-42.66667435008936,0.0,-90.0990204382427,0.0,0.0,0.0,0.0,0.0,0.0,0.0,0.0,0.0,0.0,0.0,0.0,0.0,0.0,0.0,0.0,0.0,-17.77778097920384,195.57349230293272,-1000.0,494.60740133349,0.0,0.0,0.0,0.0,0.0,0.0,-1.77777809792039,90.24124268607633,0.0,0.0,0.0,0.0,0.0,0.0,0.0,1000.0,42.66667435008936,42.66667435008936,0.0,0.0,0.0,0.0,0.0,0.15644447261684036,251.55555043327377,0.0,0.0,90.0990204382427,0.0,0.0,0.0,0.0,0.0,0.0,0.0,0.0,0.0,0.0,0.0,0.0,0.0,0.0,0.0,0.0,0.0,0.0,0.0,149.33336022531276,10.951113083189625,0.0,0.0,0.0,0.0,0.0,251.55555043327377,0.0,-884.7483057700832,0.0,0.0,0.0,-17.77778097920384,0.0,0.0,0.0,0.0,0.0,0.0,0.0,0.0,0.0,0.0,0.0,0.0,0.0,0.0,0.0,0.0,0.0,0.0,-0.1422222478336312,0.0,0.0,7.111112391681559,-1000.0,0.0,0.0,0.0,0.0,195.57349230293272,0.0,0.0,0.0,-209.47317818669612,3.5555561958407793,0.0,0.0,124.12123724493983,0.1422222478336312,0.0,142.22224783363117,-44.08889682842567,28.444449566726238,1.0158731988116512,396.800071455831,-0.10666668587522338,863.3945852271956,2.8444449566726235,-0.71111123916927,-396.800071455831,42.66667435008936,-0.1422222478336312,9.572958245486886,60.451226221487694,0.0355555619584078,1.0158731988116512,-28.718874736460656,-22.641781855115823,-2.8444449566726235,-300.0,-0.1422222478336312,0.0355555619584078,-396.800071455831,14.222224783363117,0.1422222478336312,0.1422222478336312,-251.25688371282328,0.15644447261699432,-78.95529772959318,-0.10666668587522338,42.66667435008936,0.1422222478336312,42.66667435008936,-71.11112391681559,-0.0711111239168156,-549.0613991816037,-71.27910988430644,-0.10666668587522338,-0.1422222478336312,-44.08889682842567,0.1422222478336312,14.222224783363117,-2.8444449566726235,252.4881551560424,252.4881551560424,-14.222224783363117,300.0,-252.4881551560424,28.444449566726234,0.21333337175044675,-1000.0,14.222224783363117,-333.3333333333333,60.451226221487694,-28.444449566726234,0.0711111239168156,1.422222478336312,250.0,280.0,-0.1422222478336312,-283.5555561958407,251.25688371282328,44.08889682842567,0.1422222478336312,22.641781855115823,-110.2154711788695,60.451226221487694,-0.1422222478336312,-0.0355555619584078,-60.451226221487694,-0.1422222478336312,-28.255033616098444,0.1422222478336312,-0.0355555619584078,-0.0355555619584078,-0.0355555619584078,56.88889913345247,71.11112391681559,1.422222478336312,358.2107644136123,-0.0355555619584078,490.42704175451314,7.111112391681559,21.23862919973078,0.1422222478336312,0.0711111239168156,0.0711111239168156,44.44783789410697,44.08889682842567,0.1422222478336312,-44.08889682842567,1.422222478336312,0.1422222478336312,-863.8944775133496,0.1422222478336312,0.5688889913356405,0.71111123916927,0.0711111239168156,0.0355555619584078,42.66667435008936,-0.1422222478336312,78.95529772959318,1.4222224783363118,-716.4215288272246,859.8390290313548,-14.222224783363117,28.444449566726234,7.111112391681559,-0.1422222478336312,28.718874736460656,0.21333337175044675,-0.1422222478336312,-88.89567578821394,44.08889682842567,184.73488020778535,0.0711111239168156,-42.47725839946156,-0.1422222478336312,-0.1422222478336312,-0.1422222478336312,0.0711111239168156,396.800071455831,-28.444449566726234,0.1422222478336312,500.0,-0.0355555619584078,-0.15644447261699432,-500.0,21.333337175044676,71.27910988430644,596.9649170294775,396.800071455831,-0.10666668587522338,283.5555561958407,-280.0,0.1422222478336312,-0.0355555619584078,7.111112391681559,142.22224783363117,-0.0711111239168156,-0.1422222478336312,0.0355555619584078,0.0,0.0,701.3968127496897,505.68371309973725,-255.0,0.0,231.79762933492293,-140.0,0.0,-80.0,-255.0,-325.0,-298.53207612639346,40.0,127.5,127.5,0.0,70.0,-251.55555043327377,-471.57373695197083,298.53207612639346,325.0,-471.57373695197083,-231.79762933492293,163.89543786521466,0.0,1496.5981,hplb
270,0.0,0.0,0.0,0.0,0.0,0.0,0.0,0.0,138.02585530412668,0.0,0.0,0.0,0.0,0.0,0.0,0.0,89.71677936121507,0.0,0.0,0.0,0.0,0.0,0.0,0.0,0.0,0.0,0.0,0.0,0.0,117.15876914339022,0.0,0.0,139.21495485839486,0.0,0.0,0.0,0.0,825.1004726220226,0.0,-1000.0,-873.000395218013,0.0,0.0,442.6806817468813,0.0,0.0,0.0,0.0,1000.0,0.0,0.0,649.5562302514867,0.0,0.03907464505720683,0.0,0.0,0.0,7.104480919504118,0.0,0.0,-3.128339764888042,0.0,0.0,-3.128339764888042,0.0,0.0,0.0,0.0,0.0,853.3818396516267,0.0,0.3552240459752059,0.0,0.0,0.0,0.0,0.0,0.0,0.0,0.0,0.0,0.0,-844.4446837985363,0.0,21.313442758512355,0.0,0.0,151.13657782721725,-738.4324867275366,985.364520820068,947.7572025190367,0.0,0.0,-547.5336501074902,10.656721379256178,0.0,10.656721379256178,-831.3216297472012,0.0,0.0,0.0,1.7761202298760295,-50.77283396349536,0.0,0.0,0.0,0.0,919.4669838358863,0.0,0.0,0.0,0.0,0.0,0.0,0.0,0.0,0.0,0.0,0.0,0.0,0.0,0.0,0.0,0.0,-210.56322262685632,0.0,0.0,10.656721379256178,0.0,11.011945425231382,0.0,0.0,172.8990503953537,-172.8990503953537,0.0,0.0,-318.26435059563454,0.0,0.0,318.26435059563454,0.0,0.0,0.0,0.0,0.0,847.1799089525454,0.035522404597520596,947.7660831201861,0.0,0.0,0.0,-361.3489651631099,0.0,0.0,0.0,0.0,-107.43614866011539,0.0,0.0,0.0,0.0,0.0,-799.0398165182493,-799.0398165182493,0.0,0.0,0.0,0.0,0.0,0.0,0.0,-799.0042941136517,0.0,0.0,0.0,-547.3614911495533,-646.0975276046388,0.0,0.0,0.0,0.0,0.0,0.0,0.0,0.0,0.0,0.0,0.0,0.0,0.0,0.0,-1000.0,0.0,0.0,0.0,0.0,0.0,0.0,-649.5562302514867,53.06796590746853,-53.06796590746853,0.0,0.0,0.0,0.0,0.0,0.0,0.0,167.93160310688558,348.2310891115499,0.0,0.0,0.0,0.0,0.0,0.0,0.0,0.0,0.0,0.0,0.0,0.0,0.0,103.16208992794841,404.38179601554776,-557.3193182531187,0.0,0.0,0.0,0.0,104.23526078095989,0.0,0.0,0.0,0.0,-3.128339764888042,-1000.0,0.0,0.0,0.0,0.0,0.0,0.0,0.0,0.0,0.0,0.0,0.0,0.0,733.2316525518693,-58.26880008313577,554.6483134831991,0.0,557.3193182531187,0.0,0.0,0.0,0.0,0.0,0.0,0.0,-87.5458678967961,0.0,0.0,137.10939011916372,-706.6406098808405,0.0,0.0,843.7500000000042,-137.10939011916363,-685.364520820068,0.0,-448.5123816682619,0.0,0.0,-5.12775195387745,0.0,0.0,0.0,-1000.0,0.0,1000.0,0.0,0.0,0.0,0.0,1000.0,0.0,0.0,0.0,-3.128339764888042,-0.05328360689628088,0.0,0.0,0.0,0.0,0.035522404597520596,0.0,0.0,0.0,885.108017839784,89.71677936121507,0.0,0.0,1000.0,646.0975276046388,-862.3436738387568,0.0,-836.4412784140947,0.0,0.0,0.0,0.0,0.0,-3.0584790358464566,839.4997574499411,0.0,-1000.0,-1000.0,0.0,0.0,0.0,0.0,0.0,0.0,0.0,0.0,0.0,0.0,0.0,0.0,0.0,0.0,0.0,0.0,0.0,0.0,0.0,-825.2425622404128,0.0,0.0,830.1778083191618,0.0,0.0,0.0,-847.1799089525454,0.0,844.4446837985363,0.0,105.6695573789311,0.0,0.0,0.0,-1.7761202298760295,-527.4564976795251,-839.4997574499411,-450.0488987250923,0.0,0.0,-153.50047516949257,0.0,0.0,-123.46329179281513,526.568437564587,-1.7761202298760295,494.8598474969715,0.0,998.223879770124,83.19735713456382,0.0,10.656721379256178,781.2499999999973,-781.2499999999973,0.0,0.0,0.0,138.06137770872422,611.6581187427857,508.49602881483736,-508.49602881483736,-508.49602881483736,247.8955190804959,0.0,0.0,-799.0753389228466,0.0,0.0,167.93160310688558,0.0,0.0,-6.256679529776084,0.0,0.0,0.0,0.0,0.0,0.0,0.0,32.37610947318168,0.0710448091950523,0.0,0.0,0.0,0.0,0.0,0.0,0.0,0.0,0.0,849.1964375217536,0.0,0.0,0.0,0.0,0.0,0.0,0.0,0.0,0.0,0.03907464505720683,0.03907464505720683,0.0,0.0,0.0,21.313442758512355,0.0,0.0,0.0,649.1335812871622,0.0,80.5430128216683,0.0,0.0,0.0,414.70347285918893,-649.1335812871622,0.0,0.0,0.0,0.0,0.0,0.0,0.0,0.0,0.0,0.0,0.0,0.0,0.0,70.18774087561877,-885.108017839784,361.3489651631099,0.0,2.735225154009072,0.0,-547.5336501074902,0.0,-104.23526078095989,0.0,414.70347285918893,0.0,0.0,447.0795823323705,656.2499999999972,-656.2499999999972,103.16208992794841,0.0,0.0,0.0,0.0,0.0,0.0,0.0,0.0,0.0,0.0,0.0,0.0,0.0,21.313442758512355,0.0,0.0,0.0,0.0,0.0,0.0,0.0,0.0,0.0,0.0,0.0,0.0,0.3552240459752059,0.0,0.0,0.0,0.0,0.0,-649.5562302514867,0.0,0.0,10.656721379256178,0.0,0.0,0.0,0.0,0.0,0.0,0.0,0.0,0.0,0.0,-68.66378961439375,-1000.0,0.0,10.656721379256178,10.656721379256178,326.57309455736583,-649.1335812871622,0.0,0.0,0.0,0.0,0.0,0.0,0.0,50.77283396349536,167.93160310688558,-29.168871189125106,0.035522404597520596,0.0,0.0,-612.4216657382798,659.3340756385339,0.0,0.0,547.5336501074902,0.0,0.0,0.0,0.0,0.0,0.0,0.0,0.0,0.0,0.0,0.0,0.0,0.0,0.0,0.035522404597520596,0.0,0.0,0.0,980.0321930453424,-980.0321930453424,0.0,0.0,0.0,0.0,-172.55741683484723,1000.0,0.0,0.0,-825.2425622404128,-2.6641803448140444,-1.7761202298760295,0.0,0.0,0.0,0.0,0.0,0.0,0.0,0.0,0.0,0.0,0.0,0.0,0.0,646.0975276046388,0.0,0.0,1000.0,0.0,0.0,0.0,138.02585530412668,0.0,0.0,0.035522404597520596,0.0,0.035522404597520596,0.0,4.185402129873069,0.0,21.313442758512355,43.33733360897512,43.33733360897512,0.0,0.0,0.0,0.0,0.0,0.0,844.4446837985363,361.3489651631099,0.0,167.93160310688558,0.0,0.0,0.0,0.0,0.0,0.0,0.0,0.0,0.0,0.0,0.0,0.0,0.0,0.0,0.0,0.0,0.0,104.23526078095989,0.0,0.0,0.0,0.05328360689628088,0.0,0.0,0.0,-10.656721379256178,0.0,0.0,0.0,0.0,0.0,0.0,1.7761202298760295,0.0,0.0,0.0,0.0,0.0,0.5789565358500088,0.0,0.0,0.0,0.0,0.0,0.0,0.0,0.0,0.0,0.0,0.0,-1000.0,-103.16208992794841,0.0,679.2444842436057,0.0,0.0,-674.0435355818481,844.4446837985363,-170.40114821668817,0.0,-43.33733360897512,0.0,1.7761202298760295,1000.0,0.0,0.0,0.0,-6.256679529776084,468.7500000000039,-468.7500000000039,0.0,0.0,0.0,0.0,0.0,0.0,0.0,-2.6641803448140444,-2.6641803448139854,43.33733360897512,0.0,482.39893771053664,482.39893771053664,-482.39893771053664,0.0,0.0,0.0,0.0,0.0,0.0,0.0,0.0,5.328360689628089,-896.1088474220078,980.578921065384,0.0,10.656721379256178,0.0,0.0,0.0,0.0,-192.712884705147,0.0,0.0,0.03907464505720683,0.0,0.0,0.0,21.66866680448756,0.0,0.0,0.0,0.0,404.38179601554776,0.0,0.0,0.0,0.0,0.0,0.0,0.0,0.0,0.0,0.0,0.0035522404597520593,0.0035522404597520593,0.0,0.0,0.0,0.0,0.0,0.0,0.0,0.0,0.0,-612.4216657382798,0.0,0.0,0.0,0.0,0.0,0.0,0.0,0.0,0.0,0.0,0.0,0.0,0.0,0.0,0.0,0.0,0.0,0.0,0.0,81.3649468026814,0.0,0.0,0.0,0.0,21.313442758512355,0.0,0.0,0.0,0.0,0.0,0.0,-21.313442758512355,0.0,0.0,0.0,0.0,0.0,0.0,0.0,0.0,0.0,0.0,0.0,0.0,29.168871189125106,-1000.0,24.332847149301603,0.0,-10.656721379256178,0.0,825.1004726220226,0.0,0.0,0.0,0.0,0.0,0.0,0.0,0.0,0.0,0.0,0.0,0.0,0.0,0.0,0.0,0.0,0.0,-4.440300574690074,0.0,-2.6641803448140444,0.0,0.0,0.0,0.0,0.0,0.0,-0.44403005746900737,0.0,6.256679529776084,0.0,0.0,0.0,0.0,0.0,0.0,0.0,1000.0,10.656721379256178,10.656721379256178,0.0,0.0,0.0,0.0,0.0,0.03907464505720683,0.0,0.0,0.0,-825.1004726220226,0.0,0.0,0.0,0.0,0.0,0.0,0.0,0.0,0.0,0.0,0.0,0.0,0.0,0.0,2.0927010649365343,0.0,0.0,0.0,0.0,37.29852482739662,0.0,0.0,847.1799089525454,0.0,0.0,0.0,0.0,0.0,-3.498898193765399,0.0,0.0,0.0,-4.440300574690074,0.0,0.0,0.0,0.0,0.0,0.0,0.0,0.0,0.0,0.0,0.0,0.0,0.0,0.0,0.0,0.0,0.0,0.0,-0.035522404597520596,0.0,0.0,1.7761202298760295,-414.70347285918893,0.0,0.0,0.0,0.0,0.0,0.0,0.0,0.0,3.0584790358464566,0.8880601149380709,0.0,0.0,0.0,0.035522404597520596,0.0,35.522404597520584,-11.011945425231382,7.104480919504119,0.25373146141086134,99.10750882708244,-0.02664180344814044,1.7761202298760295,0.7104480919504118,-0.1776120229876938,-99.10750882708244,10.656721379256178,-0.03552240459752059,0.0,0.0,0.008880601149380147,0.25373146141086134,0.0,-5.65516681192446,-0.7104480919504113,-89.71677936121507,-0.03552240459752059,0.008880601149380147,-99.10750882708244,3.552240459752059,0.03552240459752059,0.035522404597520596,0.07459704965472741,0.03907464505727265,-106.83884538521319,-0.02664180344814044,10.656721379256178,0.03552240459752059,10.656721379256178,-17.761202298760296,-0.017761202298760295,214.27499404532858,-107.82302364530948,-0.02664180344814044,-0.03552240459752059,-11.011945425231382,0.035522404597520596,3.5522404597520563,-0.7104480919504118,104.23526078095989,104.23526078095989,-3.552240459752059,89.71677936121507,-104.23526078095989,7.104480919504118,0.05328360689628088,-1000.0,3.552240459752059,-70.18774087561877,0.0,-7.104480919504118,0.017761202298760295,0.3552240459752059,0.0,-96.0576090084443,-0.035522404597520596,-7.992541034442074,-0.07459704965472741,11.011945425231382,0.03552240459752059,5.65516681192446,-42.626885517024846,0.0,-0.035522404597520596,-0.008880601149380147,0.0,-0.03552240459752059,32.37610947318168,0.035522404597634276,-0.008880601149380147,-0.008880601149380147,-0.008880601149380147,14.208961839008236,17.761202298760296,0.3552240459752059,197.2158435174457,-0.008880601149380147,0.0,1.7761202298760295,-14.41193450671481,0.035522404597520596,0.017761202298760295,0.017761202298760295,3.552240459752059,11.011945425231382,0.035522404597520596,-11.011945425231382,0.3552240459752059,0.03552240459752059,-539.0122075399631,0.03552240459752059,0.1420896183901732,0.1776120229876938,0.017761202298760295,0.008880601149380147,10.656721379256178,-0.03552240459752059,106.83884538521319,0.3552240459752056,-394.4316870348914,0.8880601149380147,-3.5522404597520563,7.104480919504118,1.7761202298760295,-0.03552240459752059,0.0,0.05328360689628088,-0.03552240459752059,-7.104480919504118,11.011945425231382,353.11555086293083,0.017761202298760295,28.82386901342962,-0.03552240459752059,-0.035522404597634276,-0.03552240459752059,0.017761202298760295,99.10750882708244,-7.104480919504118,0.035522404597520596,0.0,-0.008880601149380147,-0.03907464505727265,0.0,5.328360689628087,107.82302364530948,607.0072616201236,99.10750882708244,-0.02664180344814044,7.992541034442074,96.0576090084443,0.03552240459752059,-0.008880601149380146,107.44567760880713,35.522404597520584,-0.017761202298760295,-0.03552240459752059,0.008880601149380147,0.0,0.0,699.9822387977013,341.7963640225174,104.0201261228741,0.0,496.68082719390264,-140.0,0.0,-80.0,-255.0,-325.0,-300.0,40.0,-52.01006306143705,127.5,0.0,70.0,0.0,-160.40266615778384,300.0,325.0,-160.40266615778384,-496.68082719390264,267.8777361255877,0.0,1496.5981,hplb
271,0.0,0.0,0.0,0.0,0.0,0.0,0.0,0.0,-0.10921598201927118,0.0,0.0,0.0,0.0,0.0,0.0,0.0,-587.6721716230666,0.0,0.0,805.6186468093671,0.0,0.0,0.0,370.5309396397366,0.0,0.0,0.0,0.0,0.0,-1000.0,0.0,0.0,121.43379049756734,0.0,0.0,0.0,0.0,591.5292948042356,0.0,-1000.0,1000.0,0.0,0.0,-412.32782837693344,0.0,0.0,0.0,0.0,1000.0,0.0,0.0,0.0,0.0,0.1201375802209183,0.0,0.0,0.0,21.843196403854236,0.0,0.0,-9.618287483163869,0.0,-136.3251844087799,-145.94347189194377,0.0,0.0,0.0,0.0,335.35973333549146,-335.35973333549146,0.0,1.0921598201927118,0.0,0.0,0.0,0.0,0.0,0.0,0.0,0.0,0.0,0.0,-148.69905129373393,0.0,65.52958921156271,0.0,0.0,0.0,150.6690982131391,578.6872510215671,-0.027303995504817796,0.0,0.0,428.6387858905309,32.764794605781354,0.0,32.764794605781354,0.0,0.0,0.0,0.0,5.460799100963559,-1000.0,0.0,0.0,-16.152536299807046,299.4741341266933,0.0,0.0,0.0,0.0,0.0,0.0,0.0,0.0,0.0,0.0,0.0,0.0,0.0,0.0,0.0,0.0,0.0,-571.8574038864667,0.0,0.0,32.764794605781354,0.0,33.85695442597406,0.0,0.0,0.0,529.9927078725312,-529.9927078725312,529.9927078725314,0.0,0.0,0.0,0.0,0.0,0.0,0.0,0.0,0.0,157.1086819092178,0.10921598201927118,0.0,0.0,0.0,-266.4257821361686,-1000.0,0.0,0.0,148.69905129373393,0.0,688.4294007763939,0.0,0.0,0.0,0.0,0.0,-103.94228007401304,-103.94228007401304,0.0,0.0,0.0,531.25,0.0,0.0,0.0,-103.83306409199378,0.0,0.0,0.0,-144.9137080840951,0.0,0.0,0.0,0.0,0.0,0.0,0.0,0.0,0.0,0.0,0.0,0.0,0.0,0.0,0.0,-1000.0,0.0,0.0,0.0,0.0,0.0,0.0,0.0,-429.3563492347063,429.3563492347063,0.0,0.0,0.0,0.0,0.0,0.0,0.0,0.0,-13.651997752408898,0.0,0.0,0.0,0.0,0.0,0.0,0.0,0.0,0.0,0.0,0.0,0.0,0.0,0.0,910.6380408171839,587.6721716230666,0.0,0.0,0.0,0.0,158.96918581605362,0.0,0.0,0.0,0.0,-9.618287483163869,1000.0,0.0,0.0,507.7011613515288,0.0,0.0,0.0,0.0,0.0,146.90090257961057,0.0,0.0,0.0,-580.0254474478454,0.0,570.6436507652937,0.0,-587.6721716230666,0.0,0.0,0.0,133.24349806351083,0.0,0.0,0.0,-11.007150721175574,0.0,0.0,0.0,0.0,262.3031262303894,-262.30312623038935,262.3031262303894,0.0,-278.68725102156714,0.0,-623.7377024253391,0.0,0.0,145.74340401771298,0.0,0.0,0.0,683.8703009654744,0.0,-683.8703009654744,0.0,638.2401364576966,0.0,0.0,0.0,531.25,0.0,0.0,-9.618287483163869,-0.16382397302890678,0.0,0.0,0.0,0.0,0.10921598201927118,0.0,0.0,0.0,661.3651169985544,-587.6721716230666,0.0,-753.5577721711871,588.1333210828446,0.0,1000.0,0.0,-19.649231744904682,0.0,-16.152536299807046,0.0,0.0,0.0,889.043694127592,130.60553761731273,-1000.0,597.5450298523422,-1000.0,0.0,0.0,0.0,0.0,0.0,0.0,0.0,0.0,0.0,0.0,0.0,0.0,0.0,0.0,0.0,0.0,507.7011613515288,-408.0338412676875,0.0,-1000.0,148.69905129373393,0.0,143.3841479585897,991.71327079743,0.0,0.0,455.34612059344965,0.0,0.0,0.0,0.0,0.0,-465.9652709528042,1000.0,-501.3174344996786,469.189924392217,0.0,108.35319968774456,0.0,-45.50650996839954,0.0,-1000.0,0.0,1000.0,-471.92032394269876,-5.460799100963559,-1000.0,0.0,-313.9394059518231,1000.0,242.94901763929684,32.764794605781354,0.0,0.0,0.0,0.0,0.0,0.0,0.0,0.0,0.0,0.0,45.82177400540556,0.0,0.0,-742.2916325137289,0.0,0.0,0.0,0.0,0.0,-19.236574966327737,0.0,0.0,32.764794605781354,0.0,0.0,0.0,0.0,-89.07840179807289,0.21843196403835918,0.0,0.0,0.0,0.0,0.0,0.0,0.0,0.0,0.0,0.0,0.0,0.0,0.0,0.0,0.0,0.0,0.0,0.0,0.0,0.1201375802209183,0.1201375802209183,0.0,257.0487219849887,0.0,65.52958921156271,0.0,0.0,0.0,-89.84091435771823,0.0,78.60170542758453,0.0,0.0,0.0,356.58169572635785,89.84091435771823,0.0,0.0,0.0,0.0,0.0,32.764794605781354,0.0,0.0,0.0,0.0,0.0,0.0,0.0,190.61913462882225,-661.3651169985544,966.9516480094753,0.0,91.63195625091458,0.0,428.6387858905309,0.0,-158.96918581605362,0.0,356.58169572635785,0.0,0.0,267.50329392828496,718.7499999999993,-718.7499999999993,0.0,0.0,0.0,0.0,0.0,0.0,0.0,0.0,0.0,0.0,0.0,0.0,0.0,0.0,65.52958921156271,0.0,0.0,0.0,0.0,0.0,0.0,0.0,0.0,0.0,0.0,0.0,0.0,1.0921598201927118,0.0,0.0,0.0,0.0,0.0,0.0,0.0,0.0,32.764794605781354,0.0,0.0,0.0,83.2223256354307,0.0,0.0,0.0,0.0,0.0,0.0,514.914467869213,0.0,0.0,32.764794605781354,32.764794605781354,1000.0,89.84091435771823,0.0,32.764794605781354,0.0,0.0,0.0,0.0,0.0,0.0,0.0,12.372350496416463,0.10921598201927118,0.0,0.0,0.0,144.23530653959318,0.0,0.0,-428.6387858905309,0.0,0.0,0.0,0.0,0.0,0.0,0.0,0.0,0.0,0.0,0.0,0.0,0.0,0.0,0.10921598201927118,0.0,0.0,0.0,0.0,0.0,0.0,0.0,0.0,0.0,0.0,598.7302685520393,0.0,0.0,-591.9661587323126,-8.19119865144534,-5.460799100963557,0.0,0.0,546.875,546.875,-546.875,0.0,0.0,0.0,0.0,0.0,0.0,0.0,0.0,0.0,0.0,0.0,-65.52958921156271,0.0,0.0,0.0,-0.10921598201927118,0.0,0.0,0.10921598201927118,0.0,0.10921598201927118,0.0,0.0,0.0,65.52958921156271,133.24349806351083,133.24349806351083,0.0,0.0,0.0,0.0,0.0,0.0,0.0,966.9516480094753,0.0,0.0,0.0,0.0,0.0,898.4471901794509,0.0,0.0,0.0,0.0,0.0,0.0,0.0,0.0,0.0,0.0,0.0,0.0,0.0,158.96918581605362,0.0,0.0,0.0,0.16382397302890678,0.0,0.0,0.0,-32.764794605781354,0.0,0.0,0.0,0.0,0.0,-257.0487219849887,5.460799100963559,0.0,0.0,0.0,-531.25,0.0,544.6538794065503,0.0,0.0,0.0,0.0,0.0,0.0,0.0,0.0,0.0,0.0,0.0,388.7100766589408,257.0487219849887,0.0,1000.0,-16.152536299807046,0.0,1000.0,0.0,-1000.0,148.69905129373393,0.0,0.0,5.460799100963557,1000.0,0.0,0.0,0.0,-19.236574966327737,0.0,0.0,0.0,0.0,0.0,-759.3557050822781,0.0,0.0,0.0,-16.382397302890695,0.0,133.24349806351083,0.0,0.0,0.0,0.0,0.0,0.0,0.0,0.0,0.0,146.90090257961057,0.0,0.0,281.6223179393247,-144.23530653959318,0.0,0.0,32.764794605781354,0.0,0.0,0.0,0.0,145.5956171625957,0.0,0.0,0.1201375802209183,0.0,0.0,0.0,66.62174903175541,0.0,0.0,0.0,0.0,910.6380408171839,0.0,299.4741341266933,0.0,0.0,0.0,0.0,0.0,0.0,0.0,0.0,956.7424628610844,0.010921598201927118,0.0,0.0,0.0,0.0,0.0,0.0,0.0,0.0,0.0,0.0,0.0,0.0,0.0,0.0,0.0,257.0487219849887,0.0,0.0,0.0,0.0,0.0,0.0,0.0,0.0,0.0,0.0,0.0,0.0,0.0,6.5366011378948,0.0,0.0,0.0,0.0,65.52958921156271,0.0,0.0,0.0,0.0,0.0,0.0,-65.52958921156271,0.0,0.0,0.0,0.0,0.0,0.0,0.0,0.0,0.0,0.0,0.0,0.0,-12.372350496416463,-402.45497014765783,973.2601378626516,0.0,-32.764794605781354,0.0,591.5292948042356,0.0,0.0,0.0,0.0,0.0,0.0,0.0,0.0,0.0,0.0,0.0,0.0,0.0,0.0,0.0,0.0,0.0,-13.651997752408898,0.0,-8.19119865144534,890.2559915280056,0.0,0.0,0.0,0.0,0.0,-1.3651997752408898,0.0,167.93562626006167,0.0,0.0,0.0,0.0,0.0,0.0,0.0,1000.0,32.764794605781354,32.764794605781354,0.0,0.0,0.0,0.0,0.0,0.1201375802209183,257.0487219849887,0.0,0.0,-591.5292948042356,956.7315412628825,0.0,0.0,0.0,0.0,0.0,0.0,0.0,0.0,0.0,0.0,0.0,0.0,0.0,0.0,0.0,0.0,0.0,0.0,114.67678112023474,8.409630615483875,0.0,0.0,0.0,0.0,0.0,257.0487219849887,0.0,-406.7305305489242,0.0,0.0,0.0,-13.651997752408898,0.0,0.0,0.0,0.0,0.0,0.0,0.0,0.0,0.0,0.0,0.0,0.0,0.0,0.0,0.0,0.0,0.0,0.0,-0.10921598201927118,0.0,0.0,5.460799100963559,-356.58169572635785,0.0,0.0,0.0,0.0,0.0,0.0,0.0,0.0,-889.043694127592,2.7303995504817795,0.0,0.0,0.0,0.10921598201927118,0.0,109.21598201927118,-33.85695442597406,21.843196403854236,0.7801141572805085,304.7125898337665,-0.08191198651445339,501.3174344996786,2.1843196403854237,-0.5460799100961822,-304.7125898337665,32.764794605781354,-0.10921598201927118,5.384178766602349,32.764794605781354,0.027303995504817796,0.7801141572805085,-16.152536299807046,-17.38718433746834,-2.1843196403854237,-217.94647518630052,-0.10921598201927118,0.027303995504817796,-304.7125898337665,10.921598201927118,0.10921598201927118,0.10921598201927118,-256.8193684227485,0.12013758022112597,-178.20711969602607,-0.08191198651445339,32.764794605781354,0.10921598201927118,32.764794605781354,-54.60799100963559,-0.05460799100963559,-477.91720848075374,-170.0,-0.08191198651445339,-0.10921598201927118,-33.85695442597406,0.10921598201927118,10.921598201927118,-2.1843196403854237,158.96918581605362,158.96918581605362,-10.921598201927118,217.94647518630052,-158.96918581605362,21.843196403854236,0.16382397302890678,88.18804242303474,10.921598201927118,-190.61913462882225,32.764794605781354,-21.843196403854236,0.05460799100963559,1.0921598201927118,188.38944304279678,278.8919183888429,-0.10921598201927118,-281.6223179393247,256.8193684227485,33.85695442597406,0.10921598201927118,17.38718433746834,-98.29438381734388,32.764794605781354,-0.10921598201927118,-0.027303995504817796,-32.764794605781354,-0.10921598201927118,-388.5525359247662,0.10921598201923644,-0.027303995504817796,-0.027303995504817796,-0.027303995504817796,43.68639280770847,54.60799100963559,1.0921598201927118,366.3537421151874,-0.027303995504817796,371.3947073189912,5.460799100963559,50.0,0.10921598201927118,0.05460799100963559,0.05460799100963559,27.303995504817795,33.85695442597406,0.10921598201927118,-33.85695442597406,1.0921598201927118,0.10921598201927118,-937.2304449885046,0.10921598201927118,0.436863928076911,0.5460799100961822,0.05460799100963559,0.027303995504817796,32.764794605781354,-0.10921598201927118,178.20711969602607,1.0921598201927118,-732.7074842303748,498.58703494919683,-10.921598201927118,21.843196403854236,5.460799100963559,-0.10921598201927118,16.152536299807046,0.16382397302890678,-0.10921598201927118,-54.60799100963558,33.85695442597406,317.22100370451665,0.05460799100963559,-100.0,-0.10921598201927118,-0.10921598201923644,-0.10921598201927118,0.05460799100963559,304.7125898337665,-21.843196403854236,0.10921598201927118,376.77888608559357,-0.027303995504817796,-0.12013758022112597,-376.77888608559357,16.382397302890677,170.0,173.416842409995,304.7125898337665,-0.08191198651445339,281.6223179393247,-278.8919183888429,0.10921598201927118,-0.027303995504817796,5.460799100963557,109.21598201927118,-0.05460799100963559,-0.10921598201927118,0.027303995504817796,0.0,0.0,-388.24265041404436,570.8767028733172,-255.0,0.0,-179.82704163208746,-140.0,0.0,435.7360405366874,-51.512434109452755,-54.891548394378916,-300.0,-217.8680202683437,127.5,25.756217054726374,0.0,70.0,-257.0487219849887,-462.81662086711236,300.0,54.891548394378916,-462.81662086711236,179.82704163208746,-46.22712800833534,0.0,1496.5981,hplb
272,0.0,0.0,0.0,0.0,0.0,0.0,0.0,0.0,533.7477533428846,0.0,0.0,0.0,0.0,0.0,0.0,0.0,-63.80946426655947,363.8094642665595,0.0,0.0,0.0,0.0,0.0,0.0,0.0,0.0,0.0,0.0,0.0,793.4158299842835,0.0,0.0,759.9546974230714,0.0,0.0,0.0,0.0,372.2421264096993,0.0,-1000.0,1000.0,0.0,0.0,0.0,0.0,0.0,96.51380063093038,0.0,-106.3015050731634,0.0,0.0,-97.90580412069248,0.0,0.13924900242461283,0.0,0.0,0.0,25.318000440783223,0.0,0.0,-53.01800030677342,0.0,0.0,-53.01800030677342,0.0,0.0,0.0,0.0,0.0,0.0,0.0,1.2659000220391612,0.0,0.0,0.0,0.0,0.0,0.0,0.0,146.66237276537376,0.0,0.0,0.0,0.0,75.95400132234967,0.0,41.869640779348366,0.0,-496.6485245250071,300.0,-0.03164750055097903,0.0,0.0,33.8331557420608,37.977000661174834,0.0,37.977000661174834,0.0,0.0,0.0,0.0,6.329500110195806,70.70512556780128,0.0,0.0,0.0,803.05708127754,0.0,0.0,0.0,0.0,0.0,0.0,0.0,0.0,0.0,0.0,0.0,0.0,0.0,0.0,0.0,0.0,0.0,-665.5230936483315,0.0,0.0,37.977000661174834,0.0,39.24290068321399,0.0,0.0,0.0,0.0,0.0,0.0,0.0,0.0,0.0,0.0,0.0,0.0,0.0,0.0,0.0,51.617070949049946,0.1265900022039161,0.0,0.0,0.0,-127.2225699865553,-1000.0,0.0,0.0,0.0,0.0,699.2716677786482,0.0,0.0,0.0,0.0,0.0,388.73104360028685,388.73104360028685,0.0,0.0,0.0,0.0,0.0,0.0,0.0,388.85763360249075,0.0,0.0,0.0,-244.6207924463115,-676.2168869572372,0.0,0.0,0.0,0.0,0.0,0.0,0.0,0.0,0.0,0.0,0.0,0.0,0.0,0.0,-1000.0,0.0,0.0,0.0,0.0,0.0,0.0,97.90580412069248,496.6485245250071,-496.6485245250071,0.0,0.0,0.0,0.0,0.0,0.0,0.0,722.7107044164823,-391.97626200725745,0.0,0.0,0.0,0.0,0.0,0.0,0.0,0.0,0.0,0.0,0.0,0.0,0.0,0.0,274.8014895905817,-721.2106647652532,0.0,0.0,0.0,0.0,0.0,0.0,0.0,0.0,0.0,-53.01800030677342,-721.2106647652532,0.0,0.0,0.0,0.0,0.0,0.0,0.0,0.0,4.076198070966484,0.0,0.0,0.0,-6.702950949985848,-1000.0,488.25282357253616,0.0,721.2106647652532,0.0,0.0,0.0,-64.52925117384939,0.0,0.0,0.0,-395.04833498670007,0.0,0.0,-1000.0,-999.9999999999997,0.0,0.0,0.0,999.9999999999997,0.0,0.0,868.8536897440374,0.0,0.0,353.18610614892594,0.0,0.0,0.0,-609.8736712600955,0.0,609.8736712600955,0.0,1000.0,0.0,0.0,1000.0,0.0,0.0,0.0,-53.01800030677342,-0.18988500330587416,0.0,0.0,0.0,0.0,0.1265900022039161,0.0,0.0,0.0,957.9468012678586,-63.80946426655947,0.0,-584.8669537355071,285.3325609126835,676.2168869572372,913.2950011019581,0.0,181.35283715733053,0.0,0.0,0.0,0.0,0.0,-10.899399189757482,0.0,-170.45343796757302,-1000.0,-1000.0,0.0,0.0,0.0,0.0,0.0,0.0,0.0,0.0,0.0,0.0,0.0,0.0,0.0,0.0,0.0,0.0,0.0,0.0,0.0,-1000.0,0.0,627.2515135814851,0.0,831.7462465728695,390.862715184782,0.0,338.71898644232886,0.0,0.0,0.0,0.0,0.0,0.0,0.0,0.0,0.0,0.0,201.12088609335694,0.0,0.0,0.0,0.0,-422.20262339663054,0.0,-3.164750055097903,-6.329500110195806,0.0,0.0,431.69687356192424,0.0,208.73032942201257,37.977000661174834,0.0,0.0,0.0,0.0,0.0,533.8743433450885,0.0,0.0,0.0,0.0,-393.07033691256146,0.0,0.0,-640.4906681090317,0.0,0.0,722.7107044164823,0.0,0.0,-22.296719054850115,0.0,0.0,124.68199955921678,0.0,0.0,0.0,0.0,-87.34099977960838,0.2531800044077819,0.0,0.0,0.0,0.0,0.0,0.0,0.0,0.0,0.0,0.0,0.0,0.0,0.0,0.0,0.0,0.0,0.0,0.0,0.0,0.13924900242461283,0.13924900242461283,0.0,237.23145427858833,0.0,75.95400132234967,0.0,0.0,0.0,1000.0,0.0,0.0,41.869640779348366,0.0,0.0,124.77331299123341,-1000.0,0.0,0.0,0.0,0.0,0.0,124.68199955921678,0.0,0.0,0.0,0.0,0.0,0.0,0.0,221.84103121611048,-957.9468012678586,324.1654887090153,0.0,51.617070949049946,0.0,0.0,33.8331557420608,33.8331557420608,0.0,124.77331299123341,0.0,446.6115086636906,-409.1791954520655,0.0,0.0,0.0,0.0,0.0,0.0,0.0,0.0,0.0,0.0,0.0,0.0,0.0,0.0,0.0,0.0,75.95400132234967,0.0,0.0,0.0,0.0,0.0,0.0,0.0,0.0,0.0,0.0,0.0,0.0,1.2659000220391612,0.0,0.0,41.869640779348366,-41.869640779348366,0.0,97.90580412069248,0.0,0.0,37.977000661174834,0.0,0.0,0.0,0.0,0.0,0.0,0.0,0.0,0.0,0.0,0.0,0.0,0.0,37.977000661174834,37.977000661174834,1000.0,-1000.0,0.0,124.68199955921678,0.0,0.0,0.0,0.0,0.0,906.1552280719284,722.7107044164823,580.0752336696952,0.1265900022039161,0.0,0.0,0.0,167.18018219630034,622.7523364717782,0.0,-33.8331557420608,0.0,0.0,0.0,0.0,0.0,0.0,0.0,0.0,0.0,0.0,0.0,0.0,0.0,0.0,0.1265900022039161,0.0,0.0,0.0,0.0,0.0,0.0,0.0,0.0,627.2515135814851,0.0,1000.0,0.0,-661.2810135576711,-1000.0,-9.494250165293709,-6.329500110195806,0.0,0.0,0.0,0.0,0.0,0.0,0.0,0.0,0.0,0.0,0.0,0.0,0.0,676.2168869572372,0.0,0.0,646.7567030941325,0.0,0.0,0.0,533.7477533428846,0.0,0.0,0.1265900022039161,0.0,0.1265900022039161,0.0,0.0,0.0,75.95400132234967,154.43980268877766,154.43980268877766,0.0,0.0,0.0,0.0,0.0,0.0,0.0,324.1654887090153,0.0,722.7107044164823,0.0,0.0,0.0,0.0,0.0,0.0,0.0,0.0,0.0,0.0,0.0,0.0,0.0,0.0,0.0,0.0,0.0,0.0,0.0,-539.8847121920423,539.8847121920423,0.18988500330587416,0.0,0.0,0.0,-37.977000661174834,0.0,0.0,0.0,0.0,0.0,-237.23145427858833,6.329500110195806,0.0,0.0,0.0,0.0,0.0,-1000.0,0.0,0.0,0.0,0.0,0.0,0.0,0.0,0.0,0.0,0.0,0.0,610.9098900847519,237.23145427858833,0.0,623.8474882682322,622.7523364717782,0.0,-661.2810135576711,661.2810135576711,0.0,0.0,-218.96905386262702,0.0,6.329500110195806,1000.0,0.0,0.0,0.0,-106.03600061354685,0.0,0.0,0.0,0.0,0.0,-394.4122554623453,0.0,0.0,0.0,-9.494250165293733,-9.494250165293693,154.43980268877766,0.0,0.0,0.0,0.0,0.0,0.0,0.0,0.0,0.0,4.076198070966484,0.0,0.0,256.2199546091758,-167.18018219630034,-352.7433498812044,0.0,37.977000661174834,41.869640779348366,0.0,0.0,0.0,48.05355117772615,0.0,0.0,0.13924900242461283,0.0,0.0,0.0,77.21990134438883,0.0,0.0,0.0,0.0,274.8014895905817,0.0,803.05708127754,0.0,0.0,0.0,0.0,0.0,0.0,486.22789052553503,0.0,0.012659000220391611,0.012659000220391611,0.0,0.0,0.0,0.0,0.0,0.0,0.0,0.0,0.0,0.0,0.0,0.0,0.0,0.0,0.0,237.23145427858833,0.0,0.0,0.0,0.0,0.0,0.0,0.0,0.0,0.0,0.0,0.0,83.73928155869673,0.0,732.8390602584476,363.8094642665595,0.0,0.0,0.0,75.95400132234977,0.0,0.0,0.0,0.0,0.0,312.3227356699933,-388.27673699234293,0.0,83.73928155869673,0.0,0.0,0.0,0.0,0.0,0.0,0.0,0.0,0.0,0.0,-580.0752336696952,-23.139646360270376,86.71415150968255,0.0,-37.977000661174834,0.0,999.4936399911844,0.0,0.0,0.0,0.0,0.0,0.0,0.0,0.0,0.0,0.0,0.0,0.0,0.0,0.0,0.0,0.0,0.0,-15.823750275489514,0.0,-9.494250165293709,0.0,0.0,0.0,0.0,0.0,0.0,0.0,-1.5823750275489514,22.296719054850115,0.0,0.0,0.0,0.0,0.0,0.0,0.0,1000.0,37.977000661174834,37.977000661174834,0.0,0.0,0.0,0.0,146.66237276537376,0.13924900242461283,237.23145427858833,0.0,0.0,-999.4936399911844,0.0,0.0,0.0,0.0,0.0,0.0,0.0,0.0,0.0,0.0,0.0,0.0,0.0,0.0,269.9423560960212,0.0,0.0,0.0,0.0,132.91950231411192,0.0,0.0,51.617070949049946,0.0,0.0,0.0,237.23145427858833,0.0,993.6704998898042,0.0,0.0,0.0,-15.823750275489514,0.0,0.0,0.0,0.0,0.0,0.0,0.0,0.0,0.0,0.0,0.0,0.0,0.0,0.0,0.0,0.0,0.0,0.0,-0.1265900022039161,0.0,0.0,6.329500110195806,-124.77331299123341,0.0,0.0,0.0,0.0,0.0,0.0,0.0,0.0,10.899399189757482,3.164750055097903,0.0,0.0,0.0,0.1265900022039161,0.0,126.59000220391611,-39.24290068321399,25.318000440783223,0.9042143014565437,353.1861061489259,-0.09494250165293708,422.20262339663054,2.5318000440783224,-0.632950011019507,-353.1861061489259,37.977000661174834,-0.1265900022039161,0.0,124.68199955921678,0.03164750055097903,0.9042143014565437,0.0,-62.02276913021228,-2.5318000440783224,-300.0,-0.1265900022039161,0.03164750055097903,-353.1861061489259,12.659000220391611,0.1265900022039161,0.1265900022039161,-236.9656152739598,-41.73039177692406,-224.54336073090184,-0.09494250165293708,37.977000661174834,0.12659000220388564,37.977000661174834,-63.29500110195806,-0.06329500110195806,-474.72830704774634,-12.785590222595516,-0.09494250165293708,-0.1265900022039161,-39.24290068321399,0.1265900022039161,12.659000220391611,-2.5318000440783224,0.0,0.0,-12.659000220391611,300.0,0.0,25.318000440783223,0.18988500330587416,-1000.0,12.659000220391611,-221.84103121611048,124.68199955921678,-25.318000440783223,0.06329500110195806,1.2659000220391612,146.21673843387677,262.54945471937157,-0.1265900022039161,-265.71420477446947,236.9656152739598,39.24290068321399,0.1265900022039161,62.02276913021228,-27.22600308548251,124.68199955921678,-0.1265900022039161,-0.03164750055097903,-124.68199955921678,-0.1265900022039161,-890.3980810571484,0.12659000220355665,-0.03164750055097903,-0.03164750055097903,-0.03164750055097903,50.636000881566446,63.29500110195806,1.2659000220391612,215.13916872288775,-0.03164750055097903,292.43347686775354,6.329500110195806,50.0,0.1265900022039161,0.06329500110195806,0.06329500110195806,75.0,39.24290068321399,0.1265900022039161,-39.24290068321399,1.2659000220391612,0.1265900022039161,-457.8427704030082,0.1265900022039161,0.5063600088156407,0.632950011019507,0.06329500110195806,0.03164750055097903,37.977000661174834,-0.1265900022039161,224.54336073090184,1.2659000220391612,-430.2783374457755,419.03787334153265,-12.659000220391611,25.318000440783223,6.329500110195806,-0.1265900022039161,0.0,0.18988500330587416,-0.1265900022039161,-150.0,39.24290068321399,293.5190841974598,0.06329500110195806,-100.0,-0.12659000220388564,-0.12659000220355665,-0.1265900022039161,0.06329500110195806,353.1861061489259,-25.318000440783223,0.1265900022039161,292.43347686775354,-0.03164750055097903,41.73039177692406,-292.43347686775354,18.988500330587414,12.785590222595527,205.78921539462175,353.1861061489259,-0.09494250165293708,265.71420477446947,-262.54945471937157,0.1265900022039161,-0.03164750055097902,6.329500110195806,126.59000220391611,-0.06329500110195806,-0.1265900022039161,0.03164750055097903,841.3578022491361,0.0,699.936704998898,242.70360168012047,-255.0,0.0,670.4863114568855,-140.0,0.0,-80.0,-255.0,-325.0,-300.0,40.0,127.5,127.5,0.0,70.0,-237.23145427858833,-341.57263537518594,300.0,325.0,-341.57263537518594,-670.4863114568855,342.5266571609882,0.0,1496.5981,hplb
273,0.0,0.0,0.0,0.0,0.0,0.0,0.0,0.0,-0.10805372791000684,0.0,0.0,0.0,0.0,0.0,0.0,0.0,868.1235211359972,-796.4687499999986,0.0,90.8143575875888,0.0,0.0,0.0,0.0,0.0,0.0,0.0,0.0,0.0,-524.9641245045656,0.0,0.0,635.4991455757184,0.0,0.0,0.0,0.0,-74.3567338383068,0.0,-1000.0,1000.0,0.0,0.0,-42.61284066132009,0.0,0.0,0.0,74.5294128971048,-1000.0,0.0,0.0,0.0,0.0,0.11885910070092244,0.0,0.0,0.0,43.328703218427535,0.0,0.0,45.66546604960245,0.0,0.0,-119.87872701302743,0.0,0.0,0.0,0.0,0.0,0.0,0.0,1.0805372791000685,0.0,0.0,0.0,0.0,0.0,0.0,0.0,280.99216006589734,0.0,0.0,-0.25152660279182676,0.0,64.83223674600411,0.0,0.0,944.4745230890508,349.87108449853935,-813.7973459296776,-0.02701343197750171,0.0,0.0,-143.2900137575885,32.41611837300206,0.0,32.41611837300206,0.0,0.0,0.0,0.0,5.402686395500342,-1000.0,0.0,0.0,0.0,0.0,0.0,0.0,0.0,0.0,0.0,0.0,0.0,0.0,0.0,0.0,0.0,0.0,0.0,0.0,0.0,0.0,0.0,-1000.0,0.0,0.0,32.41611837300206,0.0,33.49665565210212,0.0,0.0,0.0,0.0,0.0,0.0,-165.5441930626299,0.0,0.0,0.0,0.0,0.0,0.0,0.0,0.0,8.571663651862353,0.10805372791000684,0.0,0.0,0.0,0.0,0.0,0.0,0.0,0.25152660279182676,0.0,283.5260468643789,0.0,0.0,0.0,0.0,0.0,798.173375879339,798.173375879339,0.0,0.0,0.0,0.0,-173.9335426604468,0.0,0.0,798.281429607249,0.0,0.0,0.0,0.0,-347.81463043084227,0.0,0.0,0.0,0.0,0.0,0.0,0.0,0.0,0.0,0.0,0.0,0.0,0.0,0.0,-483.2487773957264,0.0,0.0,0.0,0.0,0.0,0.0,0.0,650.1289155014606,-650.1289155014606,165.5441930626299,0.0,0.0,0.0,0.0,0.0,0.0,475.0358754954344,-710.1174615707523,0.0,0.0,0.0,0.0,0.0,0.0,0.0,0.0,0.0,0.0,0.0,0.0,0.0,13.606786392738343,42.60465955283246,656.8406033685683,0.0,0.0,0.0,0.0,-50.09380698490733,0.0,0.0,0.0,0.0,45.66546604960245,699.4534440298884,0.0,0.0,0.0,0.0,0.0,0.0,0.0,0.0,3.479330038701021,52.81145526067864,0.0,0.0,54.16409461445471,-246.09373638846654,594.6034385905114,0.0,-656.8406033685683,0.0,0.0,165.5441930626299,-673.9134264493925,0.0,0.0,0.0,-303.58935031312353,0.0,0.0,-877.5651514993417,0.0,0.0,-877.5651514993415,0.0,0.0,1000.0,0.0,0.0,0.0,0.0,186.0195147911965,0.0,0.0,0.0,-313.1613142287806,0.0,313.1613142287806,0.0,1000.0,0.0,0.0,0.0,0.0,0.0,0.0,45.66546604960245,-0.16208059186501025,0.0,0.0,0.0,0.0,0.10805372791000684,0.0,0.0,0.0,331.9029429063007,868.1235211359972,0.0,-734.3459873256375,-30.25089486980205,347.81463043084227,907.5500035540815,0.0,110.79997955045746,0.0,0.0,0.0,0.0,0.0,849.0602708553158,0.0,-959.8602504057733,-1000.0,-1000.0,0.0,0.0,0.0,0.0,0.0,0.0,0.0,0.0,0.0,0.0,0.0,0.0,0.0,0.0,0.0,0.0,0.0,-535.3217522785609,0.0,-1000.0,0.25152660279182676,538.6027666481061,0.0,0.0,0.0,0.0,-12.050993690563374,0.0,0.0,0.0,0.0,0.0,0.0,0.0,-5.402686395500342,-845.2415748259405,0.0,0.0,-5.402686395500342,-43.997791053418325,0.0,0.0,0.0,0.0,842.5402316281903,0.0,0.0,0.0,44.382385039742466,0.0,29.33018118892773,32.41611837300206,0.0,0.0,0.0,0.0,0.0,0.0,0.0,-13.606786392738343,13.606786392738343,13.606786392738343,-391.9213499778893,0.0,0.0,-201.93467784857103,0.0,0.0,475.0358754954344,0.0,0.0,-74.21326096342497,0.0,0.0,124.8661148189205,0.0,0.0,0.0,0.0,10.188541179830406,0.21610745582008584,0.0,0.0,0.0,0.0,0.0,0.0,0.0,0.0,0.0,0.0,0.0,0.0,0.0,0.0,0.0,0.0,0.0,0.0,0.0,0.11885910070092244,0.11885910070092244,0.0,271.996040810737,0.0,64.83223674600411,0.0,0.0,0.0,-168.07552556537232,0.0,0.0,0.0,0.0,0.0,88.41386264558007,168.07552556537232,0.0,0.0,0.0,0.0,0.0,124.8661148189205,0.0,0.0,0.0,0.0,0.0,0.0,0.0,333.3333333333333,-331.9029429063007,0.0,0.0,8.320137049070526,0.0,741.2596001646889,-884.5496139222774,-1000.0,0.0,88.41386264558007,0.0,98.60240382541048,0.0,-906.2500000000008,906.2500000000008,13.606786392738343,0.0,0.0,0.0,0.0,0.0,0.0,0.0,0.0,0.0,0.0,0.0,0.0,0.0,64.83223674600411,165.5441930626299,165.5441930626299,0.0,0.0,0.0,0.0,0.0,0.0,0.0,0.0,0.0,0.0,1.0805372791000685,0.0,0.0,0.0,0.0,0.0,0.0,0.0,0.0,32.41611837300206,0.0,0.0,0.0,0.0,0.0,0.0,0.0,0.0,0.0,0.0,108.27025263781354,0.0,0.0,32.41611837300206,32.41611837300206,1000.0,168.07552556537232,0.0,124.8661148189205,0.0,0.0,0.0,0.0,0.0,1000.0,475.0358754954344,829.9041464165642,0.10805372791000684,0.0,0.0,-857.2996160479918,1000.0,625.310604395888,0.0,143.2900137575885,0.0,0.0,0.0,0.0,0.0,0.0,0.0,0.0,0.0,0.0,0.0,0.0,0.0,0.0,0.10805372791000684,0.0,0.0,0.0,-1000.0,1000.0,0.0,0.0,0.0,538.6027666481061,-17.45368008606372,5.402686395500346,0.0,0.0,-464.6782477214391,-8.104029593250512,-5.402686395500346,0.0,0.0,-546.875,-546.875,546.875,0.0,0.0,0.0,0.0,0.0,0.0,0.0,165.5441930626299,347.81463043084227,0.0,0.0,79.11525262417058,0.0,0.0,0.0,-0.10805372791000684,0.0,0.0,0.10805372791000684,0.0,0.10805372791000684,0.0,0.0,0.0,64.83223674600411,131.82554805020837,131.82554805020837,0.0,0.0,0.0,0.0,0.0,0.0,0.0,0.0,0.0,475.0358754954344,0.0,0.0,710.0306065306362,148.33309029773113,0.0,0.0,0.0,0.0,0.0,0.0,0.0,0.0,0.0,0.0,0.0,0.0,0.0,115.45038607772256,0.0,-671.5610027506091,671.5610027506091,0.16208059186501025,0.0,0.0,0.0,-32.41611837300206,0.0,0.0,0.0,0.0,0.0,-271.996040810737,5.402686395500342,0.0,0.0,0.0,0.0,173.9335426604468,-5.402686395500346,0.0,0.0,0.0,0.0,0.0,0.0,0.0,0.0,165.5441930626299,0.0,0.0,283.23017444164157,258.38925441799864,0.0,303.38925441799864,625.310604395888,0.0,0.0,0.0,0.0,0.25152660279182676,-805.7389744996009,0.0,5.402686395500346,580.0383811049663,0.0,0.0,0.0,-74.21326096342497,0.0,0.0,0.0,0.0,0.0,0.0,0.0,0.0,0.0,133.53227357838225,-149.74033276488345,131.82554805020837,0.0,440.14458539952994,440.14458539952994,-440.14458539953,0.0,0.0,0.0,0.0,0.0,3.479330038701021,0.0,0.0,146.56779682560526,-142.70038395200822,0.0,0.0,32.41611837300206,0.0,0.0,0.0,0.0,164.70775766353057,0.0,0.0,0.11885910070092244,0.0,0.0,0.0,65.91277402510418,0.0,0.0,0.0,0.0,42.60465955283246,0.0,0.0,0.0,0.0,0.0,0.0,0.0,0.0,0.0,0.0,0.010805372791000993,0.010805372791000993,0.0,0.0,0.0,0.0,0.0,0.0,0.0,0.0,0.0,-857.2996160479918,0.0,0.0,0.0,0.0,0.0,271.996040810737,0.0,0.0,0.0,0.0,0.0,0.0,0.0,0.0,0.0,0.0,0.0,0.0,1000.0,-172.93860014041672,-796.4687499999986,0.0,0.0,0.0,64.83223674600411,0.0,0.0,0.0,0.0,0.0,0.0,-64.83223674600411,0.0,0.0,0.0,0.0,0.0,0.0,0.0,0.0,0.0,0.0,0.0,0.0,-829.9041464165642,-1000.0,932.380500446722,0.0,-32.41611837300206,0.0,464.2460328097993,0.0,0.0,0.0,0.0,0.0,0.0,0.0,0.0,0.0,0.0,0.0,0.0,0.0,0.0,0.0,0.0,0.0,-13.506715988750859,165.5441930626299,-8.104029593250512,1000.0,0.0,0.0,0.0,0.0,0.0,-470.52625964444786,469.1755880455728,74.4647875662168,0.0,0.0,0.0,0.0,0.0,0.0,0.0,1000.0,32.41611837300206,32.41611837300206,0.0,0.0,0.0,0.0,280.99216006589734,0.11885910070092244,271.996040810737,0.0,0.0,-464.2460328097993,0.0,0.0,0.0,0.0,0.0,0.0,0.0,0.0,0.0,0.0,0.0,0.0,0.0,0.0,335.78050137530454,0.0,0.0,0.0,0.0,113.4564143055072,0.0,0.0,8.320137049070526,0.0,0.0,0.0,271.996040810737,0.0,0.0,0.0,0.0,0.0,-13.506715988750859,0.0,0.0,0.0,0.0,0.0,0.0,0.0,0.0,0.0,0.0,0.0,0.0,0.0,0.0,0.0,0.0,0.0,0.0,-0.10805372791000684,0.0,0.0,5.402686395500342,-88.41386264558007,0.0,0.0,0.0,0.0,165.5441930626299,0.0,0.0,0.0,-849.0602708553158,2.7013431977501714,0.0,0.0,0.0,0.10805372791000684,0.0,108.05372791000683,-33.49665565210212,21.61074558200137,0.7718123422143346,301.46990086891907,-0.08104029593250513,5.402686395500342,2.161074558200137,-0.5402686395497964,-301.46990086891907,32.41611837300206,-0.10805372791000684,0.0,124.8661148189205,0.02701343197750171,0.7718123422143346,0.0,-17.202153483271893,-2.161074558200137,-162.46912872358735,-0.10805372791000684,0.02701343197750171,-301.46990086891907,10.805372791000684,0.10805372791000684,0.10805372791000684,-271.769127982126,0.11885910070100783,0.0,-0.08104029593250513,32.41611837300206,0.10805372791000689,32.41611837300206,-54.02686395500342,-0.05402686395500342,-283.5260468643789,39.18038046599664,-0.08104029593250513,-0.10805372791000684,-33.49665565210212,0.10805372791000684,10.805372791000684,-2.161074558200137,115.45038607772256,115.45038607772256,-10.805372791000684,162.46912872358735,-115.45038607772256,21.610745582001368,0.16208059186501025,-805.4802033525262,10.805372791000684,-333.3333333333333,124.8661148189205,-21.610745582001368,0.05402686395500342,1.0805372791000685,183.58649683140936,280.0,-0.10805372791000684,-296.3081295904887,271.769127982126,33.49665565210212,0.10805372791000684,17.202153483271893,-4.798358673087511,124.8661148189205,-0.10805372791000684,-0.02701343197750171,-124.8661148189205,-0.10805372791000684,10.188541179830406,0.10805372790977946,-0.02701343197750171,-0.02701343197750171,-0.02701343197750171,43.221491164002735,54.02686395500342,1.0805372791000685,80.05430566532415,-0.02701343197750171,367.1729936628187,5.402686395500342,0.30841580558513915,0.10805372791000684,0.05402686395500342,0.05402686395500342,73.23843020046093,33.49665565210212,0.10805372791000684,-33.49665565210212,1.0805372791000685,0.10805372791000684,-80.05430566532415,0.10805372791000684,0.43221491163978953,0.5402686395497964,0.05402686395500342,0.02701343197750171,32.41611837300206,-0.10805372791000684,0.0,1.0805372791000685,-160.1086113306483,2.701343197750171,-10.805372791000684,21.610745582001368,5.402686395500342,-0.10805372791000684,0.0,0.16208059186501025,-0.10805372791000684,-146.47686040092185,33.49665565210212,37.22789345531422,0.05402686395500342,-0.6168316111702836,-0.10805372791000689,-0.10805372790977946,-0.10805372791000684,0.05402686395500342,301.46990086891907,-21.610745582001368,0.10805372791000684,367.1729936628187,-0.02701343197750171,-0.11885910070100783,-367.1729936628187,16.208059186501025,-39.18038046599664,260.12783574610575,301.46990086891907,-0.08104029593250513,296.3081295904887,-280.0,0.10805372791000684,-0.02701343197750171,5.402686395500346,108.05372791000683,-0.05402686395500342,-0.10805372791000684,0.02701343197750171,0.0,0.0,619.2235224182489,0.0,-224.63226292924554,0.0,393.94329664019017,-12.576528566641425,0.0,-80.0,-255.0,-325.0,-186.2026540703224,40.0,112.31613146462277,127.5,0.0,6.2882642833207125,-271.996040810737,-201.9356511188448,186.2026540703224,325.0,-201.9356511188448,-393.94329664019017,193.9681412611385,0.0,1496.5981,hplb
274,0.0,0.0,0.0,0.0,0.0,0.0,0.0,0.0,555.8608154938253,0.0,0.0,0.0,0.0,0.0,0.0,0.0,0.0,62.128495385644754,0.0,0.0,0.0,0.0,0.0,583.8810041869318,0.0,714.2428544848068,0.0,0.0,0.0,605.307593069519,64.74276905919436,-64.74276905919436,83.17030567598431,0.0,0.0,0.0,0.0,15.344926564466732,0.0,-1000.0,1000.0,0.0,0.0,0.0,0.0,0.0,332.80747926780265,0.0,-605.307593069519,0.0,0.0,0.0,0.0,0.03916784983312027,0.0,0.0,0.0,0.0,0.0,0.0,-24.716724815469824,0.0,0.0,-24.716724815469824,0.0,0.0,0.0,0.0,1000.0,-858.4483601296738,0.0,0.3560713621201703,0.0,0.0,0.0,0.0,0.0,0.0,0.0,519.6564709838768,0.0,0.0,0.0,0.0,21.36428172721022,0.0,0.0,241.79605977922762,-325.7189278890915,0.05341070431802554,-0.008901784053004257,0.0,0.0,69.22094662649124,10.68214086360511,0.0,10.68214086360511,0.0,0.0,0.0,0.0,697.8276596346236,74.9081494570305,0.0,0.0,0.0,0.0,0.0,0.0,0.0,0.0,0.0,0.0,0.0,0.0,0.0,0.0,0.0,0.0,0.0,0.0,0.0,0.0,0.0,-1000.0,0.0,0.0,10.68214086360511,0.0,11.038212225725278,11.038212225725278,0.0,-207.62134181679096,207.62134181679096,0.0,0.0,0.0,317.5250022752953,-317.5250022752953,0.0,0.0,0.0,0.0,0.0,0.0,2.7417494883253255,0.035607136212017026,0.0,0.0,0.0,0.0,0.0,0.0,0.0,0.0,0.0,-302.5278763544966,0.0,0.0,0.0,0.0,0.0,602.485358809215,602.485358809215,0.0,0.0,0.0,-531.2499999999999,421.8749999991868,0.0,0.0,667.2637350046214,0.0,0.0,0.0,578.0108875823792,0.0,0.0,0.0,0.0,0.0,0.0,0.0,0.0,0.0,0.0,0.0,0.0,0.0,0.0,0.0,-1000.0,0.0,0.0,0.0,0.0,0.0,0.0,0.0,574.3599713240638,-574.3599713240638,0.0,0.0,0.0,0.0,0.0,0.0,0.0,530.3994436124885,-402.29416206876476,0.0,0.0,0.0,0.0,0.0,0.0,0.0,0.0,0.0,0.0,0.0,0.0,0.0,223.09357668950372,44.212337843520245,0.0,0.0,0.0,0.0,0.0,0.0,0.0,0.0,0.0,0.0,-24.716724815469824,0.0,64.74276905919436,0.0,0.0,0.0,0.0,0.0,0.0,0.0,65.88931884522118,7.121427242403406,0.0,0.0,0.0,-900.0788992131554,210.84843803377248,0.0,0.0,0.0,0.0,0.0,-659.3771283821553,0.0,0.0,0.0,-279.57878919401116,0.0,0.0,-88.80246976071501,-88.80246976071494,0.0,0.0,0.0,88.80246976071494,248.6410434349723,0.0,1000.0,0.0,0.0,121.42033448297806,0.0,0.0,0.0,0.0,0.0,0.0,0.0,1000.0,0.0,0.0,0.0,-531.2499999999999,0.0,0.0,-24.716724815469824,-0.05341070431802554,0.0,0.0,0.0,0.0,0.035607136212017026,0.0,0.0,0.0,923.4285402911737,0.0,0.0,0.0,-411.0399975594915,0.0,867.8035681060085,0.0,903.8477356037604,0.0,0.0,0.0,0.0,0.0,972.5433372669138,-1000.0,-876.3910728706742,-1000.0,-327.39462920254175,0.0,0.0,0.0,0.0,0.0,0.0,0.0,0.0,0.0,0.0,0.0,0.0,0.0,0.0,0.0,0.0,0.0,-130.5905474603229,0.0,-1000.0,0.0,853.9220974303618,0.0,0.0,0.0,596.0243293818733,-3.888299274352221,0.0,0.0,0.0,0.0,696.0473028240228,0.0,1000.0,591.6740019927406,0.0,0.0,-194.91239861399436,129.2685311329771,-211.8137126693731,64.65066493579803,-1000.0,-941.4780102153529,0.0,-0.8901784053004258,-131.04888794357797,647.1089446547551,0.0,1000.0,0.0,-351.1935550549963,10.68214086360511,0.0,0.0,0.0,1000.0,0.0,555.8964226300373,0.0,-223.09357668950372,223.09357668950372,223.09357668950372,-801.7615359384727,0.0,0.0,0.0,0.0,0.0,530.3994436124885,0.0,0.0,-49.43344963093965,0.0,0.0,142.8785727575966,0.0,0.0,0.0,0.0,33.53019697991514,0.07121427242373102,0.0,0.0,0.0,0.0,0.0,0.0,0.0,0.0,0.0,141.55163987032617,0.0,0.0,0.0,0.0,0.0,0.0,0.0,0.0,0.0,0.03916784983312027,0.03916784983312027,64.74276905919436,122.87027590787027,0.0,21.36428172721022,0.0,52.91444681037759,0.0,-146.04414206792842,0.0,176.97645654713432,0.0,0.0,0.0,-768.4970043871353,146.04414206792842,0.0,0.0,0.0,0.0,0.0,142.8785727575966,0.0,0.0,0.0,0.0,0.0,0.0,0.0,333.3333333333333,-923.4285402911737,0.0,0.0,166.0633210865482,0.0,69.22094662649124,0.0,0.0,0.0,-768.4970043871353,0.0,0.0,-734.9668074072202,0.0,0.0,223.09357668950372,0.0,0.0,0.0,0.0,0.0,0.0,0.0,0.0,0.0,0.0,0.0,0.0,0.0,21.36428172721022,0.0,0.0,0.0,0.0,0.0,0.0,0.0,0.0,0.0,0.0,0.0,0.0,0.3560713621201703,0.0,64.74276905919436,0.0,0.0,64.74276905919436,0.0,0.0,0.0,10.68214086360511,0.0,0.0,0.0,163.32157159822287,0.0,0.0,0.0,0.0,0.0,0.0,0.0,0.0,0.0,10.68214086360511,10.68214086360511,715.7218427998592,146.04414206792842,0.0,142.8785727575966,0.0,0.0,0.0,0.0,0.0,190.5103461894394,530.3994436124885,-59.86521902638776,0.035607136212017026,0.0,0.0,-697.0252704894215,699.8967316882333,49.640108696069255,0.0,-69.22094662649124,0.0,0.0,0.0,0.0,0.0,0.0,0.0,0.0,0.0,0.0,0.0,0.0,0.0,0.0,0.035607136212017026,0.0,0.0,0.0,0.0,0.0,0.0,0.0,0.0,853.9220974303618,0.0,-3.888299274352221,0.0,0.0,-869.4094525396771,-2.6705352159012774,-1.7803568106008516,0.0,0.0,0.0,0.0,0.0,0.0,0.0,0.0,0.0,0.0,0.0,0.0,0.0,0.0,0.0,0.0,650.5868017556045,0.0,0.0,0.0,555.8608154938253,0.0,0.0,0.035607136212017026,0.0,0.035607136212017026,0.0,0.0,0.0,21.36428172721022,43.440706178660776,43.440706178660776,0.0,0.0,0.0,0.0,0.0,0.0,0.0,0.0,0.0,530.3994436124885,0.0,0.0,0.0,975.6091116947683,0.0,0.0,0.0,0.0,0.0,0.0,0.0,0.0,0.0,0.0,0.0,0.0,0.0,0.0,0.0,-714.2428544848068,714.2428544848068,0.05341070431802554,0.0,0.0,0.0,-10.68214086360511,0.0,0.0,0.0,0.0,0.0,-122.87027590787027,1.7803568106008516,0.0,0.0,0.0,531.25,-421.8749999991868,-1.7803568106008516,0.0,0.0,0.0,0.0,0.0,0.0,0.0,0.0,0.0,0.0,0.0,0.0,-100.22330078163345,0.0,317.8785727575966,49.640108696069255,0.0,-5.6686560849530725,0.0,5.6686560849530725,0.0,-702.8178345608161,52.91444681037759,1.7803568106008516,1000.0,0.0,0.0,-64.74276905919436,-49.43344963093965,0.0,0.0,892.3027843574949,-892.3027843574949,0.0,0.0,0.0,0.0,0.0,21.720353089330384,-27.061423521132838,43.440706178660776,0.0,-560.814154111835,-560.814154111835,625.5569231710294,0.0,0.0,0.0,0.0,0.0,65.88931884522118,0.0,0.0,103.82045803444116,-144.42310106913806,58.29421909269041,0.0,10.68214086360511,0.0,0.0,0.0,0.0,-278.9378744516081,0.0,0.0,0.03916784983312027,0.0,0.0,0.0,21.720353089330388,0.0,0.0,0.0,0.0,44.212337843520245,0.0,0.0,0.0,0.0,0.0,0.0,0.0,0.0,0.0,0.0,0.0035607136212017034,0.0035607136212017034,0.0,0.0,0.0,0.0,0.0,0.0,0.0,0.0,0.0,-697.0252704894215,64.74276905919436,0.0,0.0,0.0,0.0,122.87027590787027,0.0,0.0,0.0,0.0,0.0,0.0,0.0,0.0,0.0,0.0,0.0,0.0,394.69240693048096,0.0,62.128495385644754,0.0,0.0,0.0,21.36428172721022,0.0,0.0,0.0,0.0,0.0,0.0,-21.36428172721022,0.0,0.0,0.0,0.0,0.0,0.0,0.0,0.0,0.0,64.74276905919436,64.74276905919436,0.0,500.3628588451078,-734.5815043535301,1000.0,0.0,-10.68214086360511,0.0,869.2670239948285,0.0,0.0,0.0,0.0,0.0,0.0,0.0,0.0,0.0,247.39583333333334,0.0,-247.39583333333337,-247.39583333333334,0.0,0.0,0.0,52.91444681037759,-4.450892026502129,0.0,-698.7178380399241,1000.0,0.0,0.0,0.0,0.0,0.0,-0.4450892026502129,0.0,49.43344963093965,0.0,0.0,0.0,0.0,0.0,0.0,0.0,767.8922690212618,10.68214086360511,10.68214086360511,0.0,0.0,0.0,0.0,519.6564709838768,0.03916784983312027,122.87027590787027,0.0,0.0,-869.2670239948285,0.0,0.0,0.0,0.0,0.0,0.0,0.0,0.0,0.0,0.0,0.0,0.0,0.0,0.0,0.0,0.0,0.0,11.038212225725278,0.0,37.38749302261788,2.7417494883253255,0.0,0.0,0.0,0.0,0.0,122.87027590787027,0.0,0.0,0.0,0.0,0.0,-4.450892026502129,0.0,0.0,0.0,0.0,0.0,0.0,0.0,0.0,0.0,0.0,0.0,0.0,0.0,0.0,0.0,0.0,0.0,0.0,-0.035607136212017026,0.0,0.0,1.7803568106008516,768.4970043871353,0.0,0.0,0.0,0.0,0.0,0.0,0.0,0.0,-972.5433372669138,0.8901784053004258,0.0,0.0,714.2428544848068,0.035607136212017026,0.0,35.60713621201703,0.0,7.121427242403406,0.25433668722869307,121.42033448297806,-0.02670535215901277,349.80400822261225,0.7121427242403406,-0.1780356810605781,-121.42033448297806,10.68214086360511,-0.03560713621201703,0.0,142.8785727575966,0.008901784053004258,0.25433668722869307,0.0,-5.6686560849530725,64.03062633495408,-62.128495385644754,-0.035607136212017026,0.008901784053004258,-121.42033448297806,3.560713621201703,0.03560713621201703,0.035607136212017026,-122.79550092182512,0.039167849833218735,0.0,-0.02670535215901277,10.68214086360511,0.03560713621201703,10.68214086360511,-17.803568106008516,-0.017803568106008517,302.5278763544966,-3.59632075741372,-0.026705352159012773,-0.03560713621201703,0.0,0.035607136212017026,3.560713621201703,-0.7121427242403406,0.0,0.0,-3.560713621201703,62.128495385644754,0.0,7.121427242403406,0.05341070431802555,-849.5089400244294,3.560713621201703,-333.3333333333333,142.8785727575966,-7.121427242403406,0.017803568106008513,0.3560713621201703,0.0,-93.10187353923004,-0.035607136212017026,-130.881881555574,122.79550092182512,11.038212225725278,0.03560713621201703,5.6686560849530725,100.15000930317603,142.8785727575966,-0.035607136212017026,-0.008901784053004258,-142.8785727575966,-0.03560713621201701,33.53019697991514,0.035607136211950774,-0.008901784053004257,-0.008901784053004257,-0.008901784053004257,14.242854484806813,17.803568106008516,0.3560713621201703,26.380437041078494,-0.008901784053004258,0.0,1.7803568106008516,-14.984741679356718,0.035607136212017026,0.017803568106008517,0.017803568106008506,75.0,0.0,0.035607136212017026,0.0,0.3560713621201703,0.03560713621201697,-26.380437041078494,0.03560713621201703,0.1424285448485989,0.1780356810605781,0.017803568106008517,0.008901784053004258,10.68214086360511,-0.03560713621201703,0.0,-32.01531316747704,-52.76087408215699,348.9138298173118,-3.560713621201703,7.121427242403406,1.7803568106008516,-0.03560713621201703,0.0,0.05341070431802554,-0.03560713621201697,-150.0,0.0,520.6359401744658,0.017803568106008517,29.969483358713436,-0.03560713621201703,-0.035607136211950774,-0.03560713621201703,0.017803568106008517,121.42033448297806,-7.121427242403406,0.035607136212017026,0.0,-0.008901784053004257,-0.039167849833218735,0.0,5.341070431802554,3.59632075741372,136.13988169329298,121.42033448297806,-0.026705352159012773,130.881881555574,93.10187353923004,0.035607136212017026,-0.00890178405300426,1.7803568106008516,35.60713621201703,-0.017803568106008517,-0.03560713621201703,0.008901784053004258,422.94989053137135,0.0,600.7966823170331,0.0,-255.0,0.0,698.6790322793174,-34.31711469020053,0.0,-80.0,-255.0,-325.0,-248.69445413929031,40.0,127.5,127.5,0.0,17.158557345100267,-122.87027590787027,-241.69806572285768,248.69445413929031,325.0,-241.69806572285768,-698.6790322793174,297.48415467746986,0.0,1496.5981,hplb
275,0.0,0.0,0.0,0.0,0.0,0.0,0.0,0.0,362.0254534570083,0.0,0.0,0.0,0.0,0.0,0.0,0.0,-386.5134112428972,142.4849367873119,0.0,544.0284744555853,0.0,0.0,0.0,0.0,0.0,0.0,0.0,0.0,0.0,509.9316280299037,0.0,0.0,137.46974297195501,0.0,0.0,0.0,0.0,0.0,0.0,-517.2865399358691,643.5360092277352,0.0,0.0,-585.435721812849,0.0,0.0,0.0,0.0,-123.41821678700649,0.0,0.0,0.0,0.0,0.12594039506147509,0.0,0.0,0.0,22.898253647462173,0.0,0.0,17.961345030059512,0.0,-376.59212567037196,-656.2514663046603,1000.0,0.0,0.0,0.0,602.2464159325968,-602.2464159325968,0.0,1.1449126823731086,0.0,0.0,0.0,0.0,0.0,0.0,0.0,0.0,0.0,0.0,0.0,0.0,68.69476094238652,0.0,71.16268583529062,780.1166940844435,-383.16323957322015,264.83469311509856,0.0,0.0,0.0,1000.0,34.34738047119326,0.0,63.585505614634904,-3.6866188372411717,0.0,0.0,0.0,681.8231641246298,0.0,0.0,0.0,0.0,0.0,72.3900144182849,0.0,0.0,0.0,0.0,0.0,0.0,0.0,0.0,0.0,0.0,0.0,0.0,0.0,0.0,0.0,0.0,-1000.0,0.0,0.0,63.585505614634904,0.0,35.49229315356637,0.0,0.0,-24.910652099120746,24.910652099120746,0.0,0.0,0.0,1000.0,-1000.0,-297.6206856643479,0.0,0.0,0.0,0.0,0.0,79.97851348956355,0.11449126823731086,0.028622817059327718,0.0,0.0,0.0,0.0,0.0,0.0,0.0,0.0,363.1489856152441,0.0,0.0,0.0,0.0,0.0,290.7604819609131,290.7604819609131,0.0,0.0,0.0,-921.875,453.1249999995125,0.0,0.0,290.87497322915044,0.0,0.0,0.0,-1000.0,0.0,0.0,0.0,0.0,0.0,0.0,0.0,0.0,0.0,0.0,-115.57151382816899,0.0,0.0,0.0,0.0,-1000.0,0.0,0.0,0.0,0.0,0.0,0.0,0.0,322.6016308717555,-322.6016308717555,297.6206856643479,0.0,0.0,0.0,0.0,0.0,0.0,509.9316280299037,187.7630682161505,0.0,0.0,0.0,0.0,0.0,0.0,0.0,0.0,0.0,0.0,0.0,0.0,0.0,0.0,-24.965367561634004,0.0,0.0,0.0,0.0,0.0,158.4363819080316,0.0,0.0,0.0,0.0,17.961345030059512,585.435721812849,0.0,0.0,0.0,0.0,0.0,0.0,0.0,0.0,0.0,0.0,29.238125143441643,0.0,-121.85045503015458,-827.6153254751302,979.3001081691925,0.0,0.0,0.0,0.0,297.6206856643479,1000.0,0.0,0.0,0.0,-401.29286380456335,0.0,0.0,69.32770484403527,968.7500000000009,0.0,-899.4222951559657,0.0,-968.7500000000009,-60.56160870146465,0.0,352.4165648172156,0.0,0.0,-136.62642919028212,0.0,0.0,0.0,0.0,0.0,0.0,0.0,1000.0,0.0,0.0,96.94513578804253,-921.875,0.0,0.0,17.961345030059512,-0.17173690235596628,0.0,0.0,0.0,0.0,0.11449126823731086,0.0,0.0,0.0,480.3574268129856,-386.5134112428972,0.0,-351.54345942096415,419.31225335329214,0.0,707.1215148423702,0.0,1000.0,0.0,0.0,0.0,0.0,0.0,602.2464159325968,-602.2464159325968,-1000.0,-107.20762337237397,0.0,0.0,0.0,0.0,0.0,0.0,0.0,0.0,0.0,0.0,0.0,0.0,0.0,0.0,0.0,0.0,0.0,0.0,-487.43484195468983,0.0,-487.89280702763904,0.0,0.0,0.0,0.0,0.0,0.0,-79.97851348956355,0.0,0.0,0.0,233.73339319063112,676.0986007127642,0.0,-196.393257366728,656.2261362317523,-2.8622817059327716,0.0,0.0,0.0,0.0,0.0,196.393257366728,-1000.0,0.0,0.0,-5.724563411865543,202.95175532917324,0.0,0.0,56.73569337616584,-5.724563411865543,63.58550561463488,-593.7500000000006,593.7500000000006,0.0,0.0,0.0,362.13994472524564,0.0,0.0,0.0,0.0,232.10174635253782,0.0,0.0,-922.8420668131961,0.0,0.0,509.9316280299037,0.0,0.0,-119.37262393364747,0.0,0.0,0.0,0.0,0.0,0.0,0.0,-88.55087317626891,0.22898253647469818,0.0,0.0,0.0,0.0,0.0,0.0,0.0,0.0,0.0,0.0,0.0,0.0,0.0,0.0,0.0,0.0,0.0,0.0,0.0,0.12594039506147509,0.12594039506147509,0.0,257.1017463525378,0.0,68.69476094238652,0.0,0.0,0.0,-194.83202196639294,0.0,0.0,71.16268583529062,0.0,0.0,767.8990450786087,194.83202196639294,0.0,0.0,0.0,0.0,0.0,0.0,0.0,0.0,0.0,0.0,0.0,0.0,0.0,333.3333333333333,-480.3574268129856,0.0,0.0,79.97851348956355,0.0,1000.0,0.0,-456.0570675723795,0.0,767.8990450786087,0.0,679.3481719023397,0.0,0.0,0.0,0.0,0.0,0.0,0.0,0.0,0.0,0.0,0.0,0.0,0.0,0.0,0.0,0.0,0.0,68.69476094238652,297.6206856643479,297.6206856643479,0.0,0.0,0.0,0.0,0.0,0.0,0.0,0.0,0.0,0.0,1.1449126823731086,0.0,0.0,71.16268583529062,-71.16268583529062,0.0,0.0,0.0,0.0,63.585505614634904,0.0,0.0,0.0,0.0,0.0,0.0,0.0,0.0,0.0,0.0,1000.0,-633.9011464724185,0.0,34.34738047119326,34.34738047119326,-71.85122482936053,194.83202196639294,0.0,0.0,0.0,0.0,0.0,0.0,0.0,107.20762337237397,509.9316280299037,0.0,0.11449126823731086,0.0,0.0,0.0,151.2020756028315,0.0,0.0,-1000.0,0.0,0.0,0.0,0.0,0.0,0.0,0.0,0.0,0.0,0.0,0.0,0.0,0.0,0.0,0.11449126823731086,0.0,0.0,0.0,740.4185095894758,-740.4185095894758,0.0,0.0,0.0,0.0,-89.38969573867027,9.411182249106716,0.0,0.0,-0.4579650729492073,-8.586845117798315,-5.724563411865543,0.0,0.0,0.0,0.0,0.0,0.0,0.0,0.0,0.0,0.0,0.0,0.0,297.6206856643479,0.0,0.0,0.0,0.0,0.0,0.0,0.0,362.0254534570083,0.0,0.0,0.11449126823731086,0.0,0.11449126823731086,0.0,0.0,0.0,68.69476094238652,139.67934724951928,139.67934724951928,0.0,0.0,0.0,0.0,0.0,0.0,0.0,0.0,0.0,509.9316280299037,0.0,0.0,60.711905058079196,551.3922090697505,0.0,0.0,0.0,0.0,0.0,0.0,0.0,0.0,0.0,0.0,0.0,0.0,0.0,456.0570675723795,0.0,0.0,0.0,0.17173690235596628,0.0,0.0,0.0,-63.585505614634904,0.0,0.0,0.0,0.0,0.0,-257.1017463525378,5.724563411865543,0.0,0.0,0.0,921.875,-453.1249999995125,-9.411182249106716,0.0,0.0,0.0,0.0,0.0,0.0,0.0,0.0,297.6206856643479,0.0,0.0,275.4967392826293,257.1017463525378,0.0,130.22325191645382,0.0,0.0,0.0,0.0,0.0,0.0,860.3206527504807,0.0,5.724563411865543,1000.0,0.0,154.00450424117855,0.0,-261.6979956042287,0.0,0.0,138.69417927900653,-138.69417927900653,0.0,0.0,0.0,0.0,0.0,381.2601052985051,-282.8622817059327,139.67934724951928,0.0,0.0,0.0,0.0,0.0,0.0,0.0,0.0,0.0,0.0,0.0,0.0,0.0,-151.2020756028315,0.0,0.0,34.34738047119326,71.16268583529062,0.0,0.0,0.0,-42.09342220653713,0.0,0.0,0.12594039506147509,0.0,0.0,0.0,69.83967362475964,0.0,0.0,0.0,0.0,-24.965367561634004,0.0,0.0,0.0,0.0,0.0,0.0,0.0,0.0,92.7449197622002,0.0,982.992576821873,0.011449126823731413,0.0,0.0,0.0,0.0,0.0,0.0,0.0,0.0,0.0,0.0,0.0,0.0,0.0,0.0,0.0,257.1017463525378,0.0,0.0,0.0,0.0,0.0,0.0,0.0,0.0,0.0,0.0,0.0,142.32537167058123,0.0,0.0,142.4849367873119,0.0,0.0,0.0,68.69476094238652,0.0,0.0,0.0,0.0,0.0,-322.00503329695914,253.31027235457262,0.0,142.32537167058123,0.0,0.0,0.0,0.0,0.0,0.0,0.0,0.0,0.0,0.0,1000.0,0.0,690.5306328703878,0.0,-63.585505614634904,0.0,0.0,0.0,0.0,0.0,0.0,0.0,0.0,0.0,0.0,0.0,117.1875,0.0,-117.1875,-117.1875,0.0,0.0,0.0,0.0,-14.311408529663858,297.6206856643479,-684.6854458305626,886.3795507159642,0.0,0.0,0.0,0.0,0.0,-1.431140852966386,0.0,119.37262393364747,0.0,0.0,0.0,0.0,0.0,0.0,0.0,1000.0,34.34738047119326,34.34738047119326,0.0,0.0,0.0,0.0,0.0,0.12594039506147509,257.1017463525378,0.0,0.0,0.0,982.9811276950492,0.0,0.0,0.0,0.0,0.0,0.0,0.0,0.0,0.0,0.0,0.0,0.0,0.0,0.0,0.0,0.0,0.0,0.0,120.21583164917641,79.97851348956355,0.0,0.0,0.0,0.0,0.0,257.1017463525378,0.0,0.0,0.0,0.0,0.0,-14.311408529663858,0.0,0.0,0.0,0.0,0.0,0.0,0.0,0.0,0.0,0.0,0.0,0.0,0.0,0.0,0.0,0.0,0.0,0.0,-0.11449126823731086,0.0,0.0,5.724563411865543,-767.8990450786087,0.0,0.0,0.0,0.0,297.6206856643479,0.0,0.0,0.0,-602.2464159325968,2.8622817059327716,0.0,0.0,0.0,0.11449126823731086,0.0,114.49126823731086,-35.49229315356637,22.898253647462173,0.817794773123649,319.43063838209736,-0.08586845117798314,343.7738637682477,2.2898253647462172,-0.5724563411865182,-319.43063838209736,34.34738047119326,-0.11449126823731087,0.0,0.0,0.028622817059327718,0.817794773123649,0.0,-89.38969573867027,-2.2898253647462172,-300.0,-0.11449126823731087,0.028622817059327718,-319.43063838209736,11.449126823731087,0.11449126823731087,0.11449126823731086,-256.861314689239,-71.03674544022952,-226.02061614822392,-0.08586845117798314,34.34738047119326,0.11449126823731087,63.585505614634904,-28.00750897521379,-0.057245634118655436,-137.12836946702018,-170.0,-0.08586845117798314,-0.11449126823731087,-35.49229315356637,0.11449126823731086,11.449126823731035,-2.2898253647462172,456.0570675723795,456.0570675723795,-11.449126823731087,300.0,-456.0570675723795,22.898253647462173,0.17173690235596628,-1000.0,11.449126823731087,-333.3333333333333,0.0,-22.898253647462173,0.057245634118655436,1.1449126823731086,87.88586485524104,280.0,-0.11449126823731086,-282.8622817059327,256.861314689239,35.49229315356637,0.11449126823731087,89.38969573867027,-166.62764702821437,0.0,-0.11449126823731086,-0.028622817059327718,0.0,-0.11449126823731087,-88.55087317626891,0.11449126823731087,-0.028622817059327718,-0.028622817059327718,-0.028622817059327718,45.796507294924346,28.00750897521379,1.1449126823731086,84.82371835531785,-0.028622817059327718,175.77172971048208,5.724563411865543,50.0,0.11449126823731086,0.057245634118655436,0.057245634118655436,11.449126823731087,35.49229315356637,0.11449126823731086,-35.49229315356637,1.1449126823731086,0.11449126823731087,-84.82371835531785,0.11449126823731087,0.45796507294919303,0.5724563411865182,0.057245634118655436,0.028622817059327718,34.34738047119326,-0.11449126823731087,226.02061614822392,1.1449126823731086,-169.6474367106357,340.9115820623149,-11.449126823731035,22.898253647462173,5.724563411865543,-0.11449126823731087,0.0,0.17173690235596628,-0.11449126823731087,-22.898253647462173,35.49229315356637,533.3013462574775,0.057245634118655436,-100.0,-0.11449126823731087,-0.11449126823731087,-0.11449126823731087,0.057245634118655436,319.43063838209736,-22.898253647462173,0.11449126823731086,175.77172971048208,-0.028622817059327718,71.03674544022952,-175.77172971048208,17.173690235596627,170.0,211.98547518065607,319.43063838209736,-0.08586845117798314,282.8622817059327,-280.0,0.11449126823731087,-0.028622817059327718,239.45795660249667,114.49126823731086,-0.057245634118655436,-0.11449126823731087,0.028622817059327718,297.37583790319695,0.0,795.6696699522474,0.0,-255.0,0.0,979.1688602667097,-140.0,0.0,-80.0,-255.0,-153.121505563916,-204.2730844136339,40.0,127.5,127.5,0.0,70.0,-257.1017463525378,-491.20792405094033,204.2730844136339,153.121505563916,-491.20792405094033,-979.1688602667097,567.1736902355965,0.0,1496.5981,hplb
276,0.0,0.0,0.0,0.0,0.0,0.0,0.0,0.0,-0.11466525614367482,0.0,0.0,0.0,0.0,0.0,0.0,0.0,-1000.0,242.76690252565746,0.0,1000.0,0.0,0.0,0.0,0.0,0.0,0.0,0.0,0.0,0.0,-439.1497891649111,38.80851435151856,-38.80851435151856,62.13277376427236,0.0,0.0,0.0,0.0,999.5413389754256,0.0,-537.9776541232321,965.6004231568976,0.0,0.0,0.0,0.0,0.0,0.0,0.0,476.2920053801284,-599.0372488248487,0.0,0.0,0.0,0.1261317817580334,0.0,0.0,0.0,22.933051228734964,0.0,0.0,-23.034358341559145,0.0,0.0,-23.034358341559145,0.0,0.0,0.0,0.0,1000.0,-1000.0,0.0,1.1466525614367482,0.0,0.0,0.0,0.0,0.0,0.0,0.0,0.0,0.0,0.0,0.0,0.0,68.79915368620489,0.0,0.0,0.0,-223.7079946198716,1000.0,-0.028666314035918707,0.0,0.0,-787.5993323216468,34.399576843102444,0.0,34.399576843102444,-405.87640422268913,397.6292630055671,0.0,0.0,616.9680388393379,-1000.0,0.0,0.0,-75.33312407495244,0.0,0.0,0.0,0.0,0.0,0.0,0.0,0.0,0.0,0.0,0.0,0.0,0.0,0.0,0.0,0.0,0.0,0.0,-675.5095225139771,0.0,0.0,34.399576843102444,0.0,35.54622940453919,0.0,0.0,0.0,0.0,0.0,0.0,-1000.0,0.0,0.0,1000.0,0.0,0.0,0.0,0.0,0.0,8.829224723062998,0.11466525614367483,0.0,0.0,0.0,-300.09112570706,300.09112570706,0.0,0.0,0.0,0.0,647.3110776848088,0.0,0.0,0.0,0.0,0.0,661.1163954081112,661.1163954081112,0.0,0.0,0.0,0.0,0.0,0.0,0.0,700.0395750157735,0.0,0.0,0.0,-55.00525618645664,0.0,0.0,0.0,0.0,0.0,0.0,0.0,0.0,0.0,0.0,-203.18120882262542,0.0,0.0,0.0,0.0,-1000.0,0.0,0.0,0.0,0.0,0.0,599.0372488248487,0.0,-476.2920053801284,476.2920053801284,0.0,0.0,0.0,0.0,0.0,0.0,0.0,560.8502108350889,-712.2662082466943,0.0,0.0,0.0,0.0,0.0,0.0,0.0,0.0,0.0,0.0,0.0,0.0,0.0,176.12430092258407,-54.13389754253007,962.8577837847827,0.0,0.0,0.0,0.0,0.0,0.0,0.0,0.0,0.0,-23.034358341559145,962.8577837847827,38.80851435151856,0.0,0.0,0.0,0.0,0.0,0.0,0.0,0.0,0.0,0.0,0.0,-0.17199788421551224,252.41201287604156,0.0,0.0,-962.8577837847827,0.0,0.0,0.0,-50.50437047817339,0.0,0.0,0.0,1.0690865379467596,0.0,0.0,0.0,281.2499999999968,93.75,-1000.0,718.7500000000032,-906.25,-700.0,0.0,290.1828917654008,599.0372488248487,0.0,319.9160646408527,0.0,0.0,0.0,-160.58751554130652,0.0,160.58751554130652,0.0,1000.0,0.0,0.0,0.0,0.0,0.0,0.0,-23.034358341559145,-0.17199788421551224,0.0,0.0,0.0,0.0,0.11466525614367483,0.0,0.0,0.0,965.6004231568976,-1000.0,0.0,-838.9325474949942,317.06228708130936,0.0,1000.0,0.0,979.963884809156,0.0,-75.33312407495244,0.0,0.0,0.0,350.2054076471935,-1000.0,-330.16929245634947,662.8483672483057,-1000.0,0.0,0.0,0.0,0.0,0.0,0.0,0.0,0.0,0.0,0.0,0.0,0.0,0.0,0.0,0.0,0.0,0.0,82.29098286004992,0.0,-917.7090171399501,0.0,0.0,363.375668623344,0.0,0.0,0.0,29.97928962845556,0.0,397.6292630055671,0.0,0.0,611.2347760321541,603.6514401668234,753.5709093188133,688.6493491767392,0.0,-603.6514401668234,0.0,687.4694717200135,0.0,-184.3055611422726,-753.5709093188133,-1000.0,0.0,-2.8666314035918705,-693.2027345271973,831.9568914335345,0.0,486.3177943417003,-1000.0,0.0,34.399576843102444,0.0,0.0,0.0,0.0,0.0,0.0,0.0,-176.12430092258407,176.12430092258407,176.12430092258407,-41.956945205077034,0.0,0.0,-300.18975549651384,0.0,0.0,560.8502108350889,0.0,0.0,-46.06871668311829,0.0,0.0,0.0,0.0,0.0,0.0,0.0,-88.53347438563252,0.22933051228746695,0.0,0.0,0.0,0.0,0.0,0.0,0.0,0.0,0.0,0.0,0.0,0.0,0.0,0.0,0.0,0.0,0.0,0.0,0.0,0.1261317817580334,0.1261317817580334,38.80851435151856,433.1912496938491,0.0,68.79915368620489,0.0,0.0,0.0,1000.0,0.0,563.1753356632724,0.0,0.0,0.0,585.8306991689434,-1000.0,0.0,0.0,0.0,0.0,0.0,0.0,0.0,0.0,0.0,0.0,0.0,0.0,0.0,225.16984083799238,-965.6004231568976,0.0,0.0,8.829224723062998,0.0,-787.5993323216468,0.0,0.0,0.0,585.8306991689434,0.0,1000.0,-502.70277521668913,0.0,0.0,176.12430092258407,0.0,0.0,0.0,0.0,0.0,0.0,0.0,0.0,0.0,0.0,0.0,0.0,0.0,68.79915368620489,0.0,0.0,0.0,0.0,0.0,0.0,0.0,0.0,0.0,0.0,0.0,0.0,1.1466525614367482,0.0,38.80851435151856,0.0,0.0,38.80851435151856,0.0,0.0,0.0,34.399576843102444,0.0,0.0,0.0,0.0,0.0,0.0,0.0,0.0,0.0,0.0,0.0,1000.0,0.0,34.399576843102444,34.399576843102444,1000.0,-1000.0,0.0,0.0,0.0,0.0,0.0,0.0,0.0,337.15163275169425,560.8502108350889,375.7028999053032,0.11466525614367483,0.0,0.0,0.0,151.43185148860027,0.0,0.0,787.5993323216468,0.0,0.0,0.0,0.0,0.0,0.0,0.0,0.0,0.0,0.0,0.0,0.0,0.0,0.0,0.11466525614367483,0.0,0.0,0.0,0.0,0.0,0.0,0.0,0.0,0.0,-209.01577874263347,1000.0,0.0,0.0,-1000.0,-8.599894210775574,0.0,-5.733262807183741,0.0,671.875,671.875,-671.875,0.0,0.0,0.0,0.0,0.0,0.0,0.0,0.0,0.0,0.0,0.0,492.051057148884,0.0,0.0,0.0,-0.11466525614367483,0.0,0.0,0.11466525614367483,0.0,0.11466525614367483,0.0,0.0,0.0,68.79915368620489,139.89161249528328,139.89161249528328,0.0,0.0,0.0,0.0,0.0,0.0,0.0,0.0,0.0,560.8502108350889,0.0,0.0,0.0,360.0780862011639,0.0,0.0,0.0,0.0,0.0,0.0,0.0,0.0,0.0,0.0,0.0,0.0,0.0,0.0,0.0,-931.5527712804571,931.5527712804571,0.17199788421551224,0.0,0.0,0.0,-34.399576843102444,0.0,0.0,0.0,0.0,0.0,-433.1912496938491,5.733262807183741,0.0,0.0,0.0,0.0,0.0,-42.50073559934517,-5.733262807183741,0.0,0.0,0.0,0.0,0.0,0.0,0.0,0.0,0.0,0.0,1000.0,257.06694877126506,0.0,302.06694877126506,-75.33312407495244,0.0,196.4943327717437,397.6292630055671,-594.1235957773108,0.0,-190.39598297345665,0.0,5.733262807183741,554.3420154719939,0.0,0.0,-38.80851435151856,-46.06871668311829,656.2499999999998,-656.2499999999998,0.0,0.0,0.0,0.0,0.0,0.0,0.0,644.9723527272502,-458.9909323261758,139.89161249528328,0.0,-520.2713847039449,-520.2713847039449,559.0798990554634,0.0,0.0,0.0,0.0,0.0,0.0,0.0,0.0,0.0,-151.43185148860027,-136.77377417511718,0.0,34.399576843102444,0.0,0.0,0.0,0.0,300.77610679970746,0.0,0.0,0.1261317817580334,0.0,0.0,0.0,69.94580624764164,0.0,0.0,0.0,0.0,-54.13389754253007,0.0,0.0,0.0,0.0,0.0,0.0,0.0,0.0,-38.80851435151856,0.0,0.011466525614367482,0.011466525614367482,0.0,0.0,0.0,0.0,0.0,0.0,0.0,0.0,0.0,0.0,38.80851435151856,0.0,0.0,0.0,0.0,433.1912496938491,0.0,0.0,0.0,0.0,0.0,0.0,0.0,599.0372488248487,0.0,0.0,0.0,0.0,346.3663386946615,-579.8914415491325,242.76690252565746,0.0,0.0,0.0,68.79915368620487,0.0,0.0,0.0,0.0,0.0,-68.00454456989745,-0.794609116307448,0.0,0.0,0.0,0.0,0.0,0.0,0.0,0.0,0.0,38.80851435151856,38.80851435151856,0.0,-375.7028999053032,0.0,438.6237866595811,-34.399576843102444,0.0,0.0,999.5413389754256,0.0,0.0,0.0,0.0,0.0,0.0,0.0,0.0,0.0,0.0,0.0,0.0,0.0,0.0,0.0,0.0,0.0,-14.333157017959316,0.0,-619.8346702429297,810.4691243165641,0.0,0.0,0.0,0.0,0.0,718.7189253067584,-720.1522410085543,46.06871668311829,0.0,0.0,0.0,0.0,0.0,0.0,0.0,1000.0,34.399576843102444,34.399576843102444,0.0,0.0,0.0,0.0,0.0,0.1261317817580334,433.1912496938491,0.0,0.0,-999.5413389754256,0.0,0.0,0.0,0.0,0.0,0.0,0.0,0.0,0.0,0.0,0.0,0.0,0.0,0.0,465.77638564022857,0.0,0.0,0.0,0.0,120.39851895085856,8.829224723062998,0.0,0.0,0.0,0.0,0.0,433.1912496938491,0.0,0.0,0.0,0.0,0.0,-14.333157017959316,0.0,0.0,0.0,0.0,0.0,0.0,0.0,0.0,0.0,0.0,0.0,0.0,0.0,0.0,0.0,0.0,0.0,0.0,-0.11466525614367483,0.0,0.0,5.733262807183741,-585.8306991689434,0.0,0.0,0.0,0.0,0.0,0.0,0.0,0.0,-350.2054076471935,2.8666314035918705,0.0,0.0,0.0,0.11466525614367483,0.0,114.66525614367481,-35.54622940453919,22.933051228734964,0.8190375438833916,319.9160646408527,-0.08599894210775612,311.3506508232608,2.2933051228734964,-0.5733262807181144,-319.9160646408527,34.399576843102444,-0.11466525614367483,25.11104135831748,0.0,0.028666314035918707,0.8190375438833916,-75.33312407495244,-18.254708778073514,36.51520922864506,-242.76690252565746,-0.11466525614367483,0.028666314035918707,-319.9160646408527,11.466525614367482,0.11466525614367483,0.11466525614367483,-432.9504526559474,0.12613178175804232,0.0,-0.08599894210775612,34.399576843102444,0.11466525614367483,34.399576843102444,-57.332628071837405,-0.057332628071837415,-496.6448295349039,-11.581190870511165,-0.08599894210775612,-0.11466525614367483,-35.54622940453919,0.11466525614367483,11.466525614367482,-2.2933051228734964,0.0,0.0,-11.466525614367482,242.76690252565746,0.0,22.933051228734964,0.17199788421551224,-741.7427697844287,11.466525614367482,-225.16984083799238,0.0,-22.933051228734964,0.057332628071837415,1.1466525614367482,209.73313687374855,280.0,-0.11466525614367483,-458.9909323261758,432.9504526559474,35.54622940453919,0.11466525614367483,18.254708778073514,-137.5983073724098,0.0,-0.11466525614367483,-0.028666314035918707,0.0,-0.11466525614367483,-88.53347438563252,0.11466525614361564,-0.028666314035918707,-0.028666314035918707,-0.028666314035918707,45.86610245746993,57.332628071837405,1.1466525614367482,84.95262164544596,-0.028666314035918707,394.3552323891796,5.733262807183741,50.0,0.11466525614367483,0.057332628071837415,0.057332628071837415,11.466525614367482,35.54622940453919,0.11466525614367483,-35.54622940453919,1.1466525614367482,0.11466525614367483,-84.95262164544596,0.11466525614367483,0.45866102457438274,0.5733262807181144,0.057332628071837415,0.028666314035918707,34.399576843102444,-0.11466525614367483,0.0,-18.25760461432253,-169.90524329089192,308.4840194196689,-11.466525614367482,22.933051228734964,5.733262807183741,-0.11466525614367483,75.33312407495244,0.17199788421551224,-0.11466525614367483,-22.933051228734964,35.54622940453919,-102.47951977945823,0.057332628071837415,-100.0,-0.11466525614367483,-0.11466525614361564,-0.11466525614367483,0.057332628071837415,319.9160646408527,-22.933051228734964,0.11466525614367483,419.4662737474971,-0.028666314035918707,-0.12613178175804232,-419.4662737474971,17.199788421551222,11.581190870511158,115.33123868952511,319.9160646408527,-0.08599894210775612,458.9909323261758,-280.0,0.11466525614367483,-0.028666314035918704,5.733262807183741,114.66525614367481,-0.057332628071837415,-0.11466525614367483,0.028666314035918707,437.5554848389896,0.0,441.68543715635684,0.0,-255.0,0.0,445.09245942178774,-140.0,0.0,-80.0,94.35701805129452,-325.0,-300.0,40.0,127.5,-47.17850902564725,0.0,70.0,-433.1912496938491,-198.29658702024923,300.0,325.0,-198.29658702024923,-445.09245942178774,285.61212058991504,0.0,1496.5981,hplb
277,0.0,0.0,0.0,0.0,0.0,0.0,0.0,0.0,-0.10857964807483253,0.0,0.0,0.0,0.0,0.0,0.0,0.0,504.54458765827684,-352.36741903878163,0.0,-93.47033254806311,0.0,0.0,0.0,0.0,0.0,392.0268008097581,0.0,0.0,0.0,-837.5685856328301,25.324950225154407,-25.324950225154407,62.01958145419198,0.0,0.0,0.0,0.0,898.4031851108426,0.0,-194.64822129817998,967.4261055775503,0.0,-290.9725242260571,0.0,0.0,0.0,0.0,0.0,1000.0,-223.61403690841064,0.0,0.0,0.0,0.11943761288216592,0.0,0.0,0.0,21.715929614966505,0.0,0.0,-2.3742007283353814,0.0,-947.1626180645787,-996.7154555826319,518.6790734455395,0.0,0.0,0.0,878.7763063355052,-878.7763063355052,0.0,1.0857964807483254,0.0,0.0,0.0,0.0,0.0,0.0,0.0,0.0,0.0,0.0,-212.31950169908868,0.0,65.14778884489952,0.0,0.0,-1000.0,750.7232611437504,-504.38171818616456,-0.027144912018708132,0.0,0.0,425.3263007589839,32.57389442244976,0.0,32.57389442244976,0.0,0.0,0.0,0.0,5.428982403741626,-837.5685856328301,0.0,0.0,-75.58080832335436,0.0,0.0,0.0,0.0,0.0,0.0,0.0,0.0,0.0,0.0,0.0,0.0,0.0,0.0,0.0,0.0,0.0,0.0,-596.7919019084243,0.0,0.0,32.57389442244976,0.0,33.65969090319808,0.0,0.0,-308.16591136770046,308.16591136770046,0.0,0.0,0.0,0.0,0.0,-47.17863678971772,0.0,0.0,0.0,0.0,0.0,220.6801346008508,0.10857964807483253,0.0,0.0,0.0,-557.4960633817744,0.0,0.0,0.0,212.31950169908868,0.0,726.1303397819457,0.0,0.0,0.0,0.0,0.0,-161.9846074184468,-161.9846074184468,0.0,0.0,0.0,0.0,265.624999997556,0.0,0.0,-136.55107754521757,0.0,0.0,0.0,-685.4902859863319,-691.2765666335364,0.0,0.0,0.0,0.0,0.0,0.0,0.0,0.0,0.0,-678.5613928440055,0.0,0.0,0.0,0.0,-1000.0,0.0,0.0,0.0,0.0,0.0,223.61403690841064,290.9725242260571,-34.87839959208907,34.87839959208907,47.17863678971772,0.0,0.0,0.0,0.0,0.0,0.0,0.0,-152.7923222425461,0.0,0.0,0.0,0.0,0.0,0.0,0.0,0.0,0.0,0.0,0.0,0.0,0.0,0.0,500.92792261170746,-957.9485262515037,0.0,0.0,0.0,0.0,-47.17863678971772,0.0,0.0,0.0,0.0,-2.3742007283353814,-957.9485262515037,25.324950225154407,0.0,422.1504330717443,0.0,0.0,0.0,0.0,0.0,494.11361550783,0.0,0.0,0.0,0.0,494.62913650978237,256.094124633968,0.0,957.9485262515037,0.0,0.0,47.17863678971772,225.4559206387412,0.0,0.0,0.0,81.08586396308158,0.0,0.0,981.679920086627,0.0,1000.0,-18.320079913373057,1000.0,0.0,715.8448615516613,0.0,-480.71615117893384,223.61403690841064,0.0,302.9372181287828,0.0,0.0,0.0,750.9595637865509,0.0,-750.9595637865509,0.0,-136.76823684136724,0.0,0.0,-193.34285997846143,0.0,0.0,0.0,-2.3742007283353814,-0.16286947211224878,0.0,0.0,0.0,0.0,0.10857964807483253,0.0,0.0,0.0,473.3124900697203,504.54458765827684,0.0,-819.0604043946648,714.3763660139682,691.2765666335364,1000.0,0.0,228.04570971350597,0.0,-75.58080832335436,0.0,0.0,0.0,720.4346644314663,0.0,-948.4803741449723,-1000.0,-1000.0,0.0,0.0,0.0,0.0,0.0,0.0,0.0,0.0,0.0,0.0,0.0,0.0,0.0,0.0,0.0,0.0,422.1504330717443,0.0,0.0,-1000.0,212.31950169908868,101.59681488915737,465.2924006146666,0.0,0.0,0.0,-231.53786186494006,0.0,0.0,0.0,0.0,0.0,0.0,0.0,-167.18207350938772,-71.68220677299723,-878.7763063355052,-677.4861443413458,-5.428982403741626,72.49450588150103,0.0,0.0,161.7530911056461,1000.0,68.96771557112642,0.0,0.0,0.0,-1000.0,0.0,835.0659551719234,32.57389442244976,0.0,0.0,0.0,0.0,0.0,0.0,0.0,0.0,0.0,0.0,308.86487870838783,0.0,0.0,0.0,0.0,0.0,0.0,0.0,0.0,-51.927038246388804,0.0,0.0,0.0,0.0,0.0,0.0,0.0,-89.14203519251674,0.2171592961501574,0.0,0.0,0.0,0.0,0.0,0.0,0.0,0.0,0.0,0.0,0.0,0.0,0.0,0.0,0.0,0.0,0.0,0.0,0.0,0.11943761288216592,0.11943761288216592,25.324950225154407,253.92968065806585,0.0,65.14778884489952,0.0,0.0,0.0,1000.0,0.0,0.0,0.0,0.0,0.0,691.0400094346184,-1000.0,0.0,0.0,194.7315713488669,0.0,0.0,0.0,0.0,0.0,0.0,0.0,0.0,0.0,0.0,198.93063396947477,-473.3124900697203,557.4960633817744,0.0,8.36063290176214,0.0,0.0,425.3263007589839,425.3263007589839,0.0,689.1579622013205,0.0,0.0,601.8979742421016,0.0,0.0,0.0,0.0,0.0,0.0,0.0,0.0,0.0,0.0,0.0,0.0,0.0,0.0,0.0,0.0,65.14778884489952,47.17863678971772,47.17863678971772,0.0,0.0,0.0,0.0,0.0,0.0,0.0,0.0,0.0,0.0,1.0857964807483254,0.0,25.324950225154407,0.0,0.0,25.324950225154407,290.9725242260571,0.0,0.0,32.57389442244976,-194.7315713488669,0.0,0.0,0.0,0.0,0.0,0.0,0.0,0.0,0.0,1000.0,680.1295388542783,0.0,32.57389442244976,32.57389442244976,1000.0,-1000.0,0.0,0.0,0.0,0.0,0.0,0.0,0.0,855.6802628614361,0.0,1000.0,0.10857964807483253,0.0,0.0,0.0,143.39493666111275,0.0,0.0,-425.3263007589839,0.0,0.0,0.0,0.0,0.0,0.0,0.14477286409983725,0.0,0.0,0.0,0.0,0.0,0.0,0.0,0.10857964807483253,0.0,0.0,0.0,-1000.0,1000.0,0.0,0.0,0.0,101.59681488915737,-231.53786186494006,465.2924006146666,0.0,0.0,-1000.0,-8.14347360561244,-5.428982403741626,0.0,0.0,859.3749999999999,859.3749999999999,-859.3749999999999,0.0,0.0,0.0,0.0,0.0,0.0,0.0,47.17863678971772,691.2765666335364,0.0,0.0,-159.50506242433497,0.0,0.0,0.0,-0.10857964807483253,0.0,0.0,0.10857964807483253,0.0,0.10857964807483253,0.43431859229951175,0.0,0.0,65.14778884489952,132.4671706512957,132.4671706512957,0.0,0.0,0.0,0.0,0.0,0.0,0.0,557.4960633817744,0.0,0.0,0.0,0.0,729.7833721307093,0.0,0.0,0.0,0.0,0.0,0.0,0.0,0.0,0.0,0.0,0.0,0.0,0.0,0.0,0.0,0.0,-391.59248221745855,391.59248221745855,0.16286947211224878,0.0,0.0,0.0,-32.57389442244976,0.0,0.0,0.0,0.0,0.0,-253.92968065806585,5.428982403741626,0.0,0.0,0.0,0.0,-265.624999997556,0.0,0.0,0.0,0.0,0.0,0.0,0.0,0.0,0.0,47.17863678971772,0.0,194.7315713488669,1000.0,253.92968065806585,0.0,860.7801337668079,-75.58080832335436,0.0,0.0,0.0,0.0,212.31950169908868,92.98874998744549,0.0,5.428982403741626,1000.0,0.0,0.0,-25.324950225154407,-51.927038246388804,0.0,0.0,0.0,0.0,0.0,-457.9309380185863,0.0,0.0,0.0,940.6345471076838,-278.36010147490305,132.4671706512957,0.0,0.0,0.0,25.324950225154407,0.0,0.0,0.0,0.0,0.0,494.11361550783,0.0,0.0,0.0,-143.39493666111275,-1000.0,-290.9725242260571,32.57389442244976,0.0,0.0,0.0,0.0,358.5602394990947,0.0,0.0,0.11943761288216592,0.0,0.0,0.0,66.23358532564785,0.0,0.0,0.0,0.0,500.92792261170746,0.0,0.0,0.0,0.0,0.0,0.0,0.0,0.0,-444.4672145014499,0.0,0.010857964807428289,0.010857964807482962,0.0,0.0,0.0,0.0,0.0,0.43431859229951175,0.0,0.0,0.0,0.0,25.324950225154407,0.0,0.0,0.0,0.0,253.92968065806585,0.0,0.0,0.0,0.0,0.0,0.0,0.0,223.61403690841064,0.0,0.0,0.0,0.0,1000.0,725.8752158156137,-352.36741903878163,0.0,0.0,0.0,65.14778884489954,0.0,0.0,0.0,0.0,0.0,934.8522111551005,-1000.0,0.0,0.0,0.0,0.0,0.0,0.0,0.0,0.0,0.0,25.324950225154407,25.324950225154407,0.0,-1000.0,-981.888322771394,804.1604310619696,-140.12292134303334,107.54902692058357,0.0,999.5656814077005,0.0,0.0,0.0,0.0,0.0,0.0,0.0,0.0,0.0,91.14583333333334,0.0,-91.14583333333334,-91.14583333333334,0.0,0.0,0.0,0.0,-13.572456009354067,47.17863678971772,-8.14347360561244,1000.0,0.0,0.0,0.0,0.0,0.0,0.0,-1.3572456009354066,264.2465399454775,0.0,0.0,0.0,0.0,0.0,0.0,0.0,1000.0,32.57389442244976,32.57389442244976,0.0,0.0,0.0,0.0,0.0,0.11943761288216592,253.92968065806585,0.0,0.0,-1000.0,0.0,0.0,0.0,0.0,0.0,0.0,0.0,0.0,0.0,0.0,0.0,0.0,0.0,0.0,0.0,0.0,0.0,0.0,0.0,114.00863047857416,0.0,0.0,8.36063290176214,0.0,0.0,0.0,253.92968065806585,0.0,459.863418210925,0.0,0.0,0.0,-13.572456009354067,0.0,0.0,0.0,0.0,0.0,0.0,0.0,0.0,0.0,0.0,0.0,0.0,0.0,0.0,0.0,0.0,0.0,0.0,-0.10857964807483253,0.0,0.0,5.428982403741626,-691.0400094346184,0.0,0.0,0.0,0.0,47.17863678971772,0.0,0.0,0.0,-720.4346644314663,2.714491201870813,0.0,0.0,392.0268008097581,0.10857964807483253,0.0,108.57964807483252,-33.65969090319808,21.71592961496651,0.7755689148202324,302.9372181287828,-0.08143473605612439,5.4289824037416405,2.1715929614966507,-0.10857964807483253,-302.9372181287828,32.57389442244976,-0.10857964807483253,25.193602774451453,0.0,0.027144912018708132,0.7755689148202324,-75.58080832335436,-17.285879973512692,23.153357263657757,-58.706836071432065,-0.10857964807483253,0.027144912018708132,-302.9372181287828,10.857964807483253,0.10857964807483253,0.10857964807483253,-253.70166339710886,0.11943761288227961,0.0,-0.08143473605612439,32.57389442244976,0.10857964807483253,32.57389442244976,-54.28982403741627,-0.054289824037416265,-574.968723135237,36.21209233415965,-0.08143473605612439,-0.10857964807483306,-33.65969090319808,0.10857964807483253,10.857964807483253,-2.1715929614966507,0.0,0.0,-10.857964807483253,58.706836071432065,0.0,21.715929614966505,0.16286947211224878,-714.2865046903034,10.857964807483253,-198.93063396947477,0.0,-21.715929614966505,0.054289824037416265,1.0857964807483254,204.7651010986662,275.64561027303233,-0.10857964807483253,-278.36010147490305,253.70166339710886,33.65969090319808,0.10857964807483253,17.285879973512692,-130.29557768979885,0.0,-0.10857964807483253,-0.027144912018708132,0.0,-0.10857964807483253,-89.14203519251674,0.10857964807490358,-0.027144912018708132,-0.027144912018708132,-0.027144912018708132,43.43185922993301,54.28982403741627,1.0857964807483254,80.44394676744034,-0.027144912018708132,384.33659942288097,5.428982403741626,50.0,0.10857964807483253,0.054289824037416265,0.054289824037416265,10.857964807483253,33.65969090319808,0.10857964807483253,-33.65969090319808,1.0857964807483254,0.10857964807483253,-80.44394676744034,0.10857964807483253,0.43431859229951175,0.10857964807483253,0.054289824037416265,0.027144912018708132,32.57389442244976,-0.10857964807483253,0.0,-11.576678631828878,-160.88789353488067,2.7144912018708,-10.857964807483253,21.715929614966505,5.428982403741626,-0.10857964807483253,75.58080832335436,0.16286947211224878,-0.10857964807483253,-21.715929614966505,33.65969090319808,-157.03706328227895,0.054289824037416265,-100.0,-0.10857964807483253,-0.10857964807490358,-0.10857964807483253,0.05428982403741653,302.9372181287828,-21.715929614966505,0.10857964807483253,409.5302021973324,-0.027144912018708132,-0.11943761288227961,-409.5302021973324,16.286947211224877,-36.212092334159635,363.94318531682086,302.9372181287828,-0.08143473605612439,278.36010147490305,-275.64561027303233,0.10857964807483253,-0.027144912018708126,5.428982403741626,108.57964807483252,-0.054289824037416265,-0.10857964807483253,0.027144912018708132,0.0,0.0,502.76907150076926,0.0,-255.0,0.0,-38.907715941769986,-140.0,0.0,433.44413719818624,-255.0,-325.0,-211.46314336549676,-216.72206859909312,127.5,127.5,0.0,70.0,-253.92968065806585,-201.52317621681573,211.46314336549676,325.0,-201.52317621681573,38.907715941769986,40.2649484702728,0.0,1496.5981,hplb
278,0.0,0.0,0.0,0.0,0.0,0.0,0.0,0.0,-0.14002393766689264,0.0,0.0,0.0,0.0,0.0,0.0,0.0,132.9787457297832,58.64073872216517,0.0,0.0,0.0,0.0,0.0,519.0470619783205,0.0,0.0,0.0,0.0,0.0,-290.09999145610317,0.0,0.0,625.0238367874998,0.0,0.0,0.0,0.0,999.439904249333,0.0,-1000.0,1000.0,0.0,0.0,-842.87875427368,0.0,0.0,93.91672061597876,0.0,0.0,0.0,0.0,0.0,0.0,0.15402633143366984,0.0,0.0,0.0,0.0,0.0,0.0,-12.331441443864216,0.0,948.8840239112886,936.5525824674244,0.0,0.0,0.0,0.0,0.0,0.0,0.0,1.4002393766689263,0.0,0.0,0.0,0.0,0.0,0.0,0.0,23.043856771504807,0.0,0.0,0.0,0.0,84.01436260013557,0.0,0.0,162.29911509086583,0.0,162.29911509086583,-0.03500598441672315,0.0,0.0,-1000.0,42.007181300067785,0.0,42.007181300067785,-4.508770792874529,0.0,0.0,0.0,7.001196883344631,-633.4489269574924,0.0,0.0,-10.502514633578336,0.0,0.0,0.0,0.0,0.0,0.0,0.0,0.0,0.0,0.0,0.0,0.0,0.0,0.0,0.0,0.0,0.0,0.0,-980.854197069749,0.0,0.0,42.007181300067785,0.0,43.407420676736706,0.0,0.0,-156.6690973758242,1000.0,-843.3309026241758,843.3309026241758,0.0,0.0,0.0,0.0,0.0,0.0,0.0,0.0,0.0,10.78184320035075,0.14002393766689264,0.0,0.0,0.0,0.0,0.0,0.0,0.0,0.0,0.0,567.3456720389323,0.0,0.0,0.0,0.0,0.0,906.2233033216881,906.2233033216881,0.0,0.0,0.0,0.0,-1000.0,0.0,0.0,906.3633272593551,0.0,0.0,0.0,0.0,-633.9444886326354,0.0,0.0,0.0,0.0,0.0,0.0,0.0,0.0,0.0,-884.0144045712196,0.0,0.0,0.0,0.0,-1000.0,0.0,0.0,0.0,0.0,0.0,0.0,0.0,-162.29911509086583,162.29911509086583,0.0,0.0,0.0,0.0,0.0,0.0,0.0,343.34893550138924,-720.50777974174,0.0,0.0,0.0,0.0,0.0,0.0,0.0,0.0,0.0,0.0,0.0,0.0,0.0,12.834083532945954,-43.99042493324295,157.12124572632,0.0,0.0,0.0,0.0,64.50588324296415,0.0,0.0,0.0,0.0,-12.331441443864216,1000.0,0.0,0.0,0.0,0.0,0.0,0.0,0.0,0.0,0.0,28.004787533378526,0.0,0.0,295.0678249141487,457.3669400050145,0.0,0.0,-157.12124572632,0.0,0.0,0.0,438.66570884627794,0.0,0.0,0.0,-185.78654693522276,0.0,0.0,-407.54033178652253,-638.7364123673176,-919.9864123673144,231.196080580795,0.0,-281.2499999999968,-162.29911509086583,0.0,-265.9574914595665,0.0,0.0,326.16090284766625,0.0,0.0,0.0,0.0,0.0,0.0,0.0,1000.0,0.0,0.0,-33.06049297521794,0.0,0.0,0.0,-12.331441443864216,-0.21003590650033893,0.0,0.0,0.0,0.0,0.14002393766689264,0.0,0.0,0.0,893.486935456968,132.9787457297832,0.0,-920.4316836156439,-47.09579006136045,633.9444886326354,920.0119688334463,0.0,1000.0,0.0,-10.502514633578336,0.0,0.0,0.0,334.60538041723026,-457.33536629861965,-877.2700141186106,-2.417655060383677,-1000.0,0.0,0.0,0.0,0.0,0.0,0.0,0.0,0.0,0.0,0.0,0.0,0.0,0.0,0.0,0.0,0.0,0.0,92.77352165663154,0.0,-907.2264783433684,0.0,0.0,0.0,0.0,0.0,0.0,124.65774463494965,0.0,0.0,0.0,761.7488667612347,0.0,-15.819857072435752,0.0,992.9988031166554,-585.2739718666746,473.1552233710554,-268.1614833519867,0.0,580.3174738385552,-1000.0,0.0,-1000.0,-467.7616616209947,581.7733734250023,-7.001196883344631,-133.1471220013275,0.0,796.5504121540531,-810.6408070297434,0.0,42.007181300067785,0.0,0.0,0.0,0.0,0.0,0.0,0.0,-12.834083532945954,12.834083532945954,12.834083532945954,-395.94619105693647,0.0,0.0,0.0,0.0,0.0,343.34893550138924,0.0,0.0,-24.662882887728433,0.0,-1000.0,121.99521246662147,0.0,0.0,0.0,0.0,-85.99760623331073,0.28004787533382114,0.0,0.0,0.0,0.0,0.0,0.0,0.0,0.0,0.0,0.0,0.0,0.0,0.0,0.0,0.0,0.0,0.0,0.0,0.0,0.15402633143366984,0.15402633143366984,0.0,264.8292959995674,0.0,84.01436260013557,0.0,0.0,0.0,1000.0,0.0,714.7926474505607,0.0,0.0,0.0,277.34843555378995,-1000.0,0.0,0.0,0.0,0.0,0.0,121.99521246662147,0.0,0.0,0.0,0.0,0.0,0.0,0.0,326.9513990232497,-893.486935456968,0.0,0.0,10.78184320035075,0.0,-433.1914510579251,-566.8085489420748,-631.3144321850391,0.0,277.34843555378995,0.0,1000.0,-808.6491706795208,0.0,0.0,12.834083532945954,0.0,0.0,0.0,0.0,0.0,0.0,0.0,0.0,0.0,0.0,0.0,0.0,0.0,84.01436260013557,0.0,0.0,0.0,0.0,0.0,0.0,0.0,0.0,0.0,0.0,0.0,0.0,1.4002393766689263,0.0,0.0,0.0,0.0,0.0,0.0,0.0,0.0,42.007181300067785,0.0,0.0,0.0,0.0,0.0,0.0,0.0,0.0,0.0,0.0,1000.0,0.0,0.0,42.00718130006779,42.00718130006779,1000.0,-1000.0,0.0,121.99521246662147,0.0,0.0,0.0,0.0,0.0,-364.1334179821239,343.34893550138924,-519.9455073274542,0.14002393766689264,0.0,0.0,0.0,184.92161310879834,633.4439181571363,0.0,1000.0,0.0,0.0,0.0,0.0,0.0,0.0,0.0,0.0,0.0,0.0,0.0,0.0,0.0,0.0,0.14002393766689264,0.0,0.0,0.0,940.0965791360327,-940.0965791360327,0.0,0.0,0.0,0.0,-584.0758002884753,1000.0,0.0,-291.2664550765751,-1000.0,-10.50179532501694,-7.001196883344619,0.0,0.0,0.0,0.0,0.0,0.0,0.0,0.0,0.0,0.0,0.0,0.0,0.0,633.9444886326354,0.0,0.0,803.5516090373977,0.0,0.0,0.0,-0.14002393766689264,0.0,0.0,0.14002393766689264,0.0,0.14002393766689264,0.0,0.0,0.0,84.01436260013557,170.829203953609,170.829203953609,0.0,0.0,0.0,0.0,0.0,0.0,0.0,0.0,0.0,343.34893550138924,0.0,0.0,0.0,346.6614414503498,0.0,0.0,0.0,0.0,0.0,0.0,0.0,0.0,0.0,0.0,0.0,0.0,0.0,64.50588324296415,0.0,-755.4881694933338,755.4881694933338,0.21003590650033893,0.0,0.0,0.0,-42.007181300067785,0.0,0.0,0.0,0.0,0.0,-264.8292959995674,7.001196883344631,0.0,0.0,0.0,0.0,1000.0,-708.7335449234249,0.0,0.0,-1000.0,0.0,0.0,0.0,0.0,0.0,0.0,0.0,0.0,-25.155501030362302,251.99521246662147,0.0,296.99521246662147,622.9414035235579,0.0,0.0,291.2664550765751,-291.2664550765751,0.0,267.8365048926689,0.0,7.001196883344631,1000.0,0.0,544.2170361361441,0.0,-24.662882887728433,0.0,0.0,0.0,0.0,0.0,-135.43958783530047,0.0,0.0,0.0,1000.0,-136.98918607881387,170.829203953609,0.0,0.0,0.0,0.0,0.0,0.0,0.0,0.0,0.0,0.0,0.0,0.0,159.345495895804,-184.92161310879834,831.3700028256359,0.0,42.007181300067785,0.0,0.0,0.0,0.0,280.65520826750907,0.0,0.0,0.15402633143366984,0.0,0.0,0.0,85.41460197680449,0.0,0.0,0.0,0.0,-43.99042493324295,0.0,0.0,0.0,0.0,0.0,0.0,0.0,0.0,-925.9757328781953,0.0,0.014002393766689263,0.014002393766689263,0.0,0.0,0.0,0.0,0.0,0.0,0.0,0.0,0.0,0.0,0.0,0.0,0.0,0.0,0.0,264.8292959995674,0.0,0.0,0.0,0.0,0.0,0.0,0.0,0.0,0.0,0.0,0.0,0.0,0.0,0.0,58.64073872216517,0.0,0.0,0.0,84.01436260013557,0.0,0.0,0.0,0.0,0.0,0.0,-84.01436260013557,0.0,0.0,0.0,0.0,0.0,0.0,0.0,0.0,0.0,0.0,0.0,0.0,519.9455073274542,-1000.0,442.57783875217143,0.0,-42.007181300067785,0.0,999.439904249333,0.0,0.0,0.0,0.0,0.0,0.0,0.0,0.0,0.0,39.0625,0.0,-39.0625,-39.0625,0.0,0.0,0.0,0.0,-17.502992208361547,0.0,-10.50179532501694,473.1488322041472,0.0,0.0,0.0,0.0,0.0,-95.64617797635945,93.8958787555233,24.662882887728433,0.0,0.0,0.0,0.0,0.0,0.0,0.0,1000.0,42.00718130006779,42.00718130006779,0.0,0.0,0.0,0.0,23.043856771504807,0.15402633143366984,264.8292959995674,0.0,0.0,-999.439904249333,0.0,0.0,0.0,0.0,0.0,0.0,0.0,0.0,0.0,0.0,0.0,0.0,0.0,0.0,377.7440847466669,0.0,0.0,0.0,0.0,147.02513455023725,10.78184320035075,0.0,0.0,0.0,0.0,0.0,264.8292959995674,0.0,697.2235772472058,0.0,0.0,0.0,-17.502992208361547,0.0,0.0,0.0,0.0,0.0,0.0,0.0,0.0,0.0,0.0,0.0,0.0,0.0,0.0,0.0,0.0,0.0,0.0,-0.14002393766689264,0.0,0.0,7.001196883344631,-277.34843555378995,0.0,0.0,0.0,0.0,0.0,0.0,0.0,0.0,-334.60538041723026,3.5005984416723095,0.0,0.0,0.0,0.14002393766689264,0.0,140.0239376668926,-43.407420676736706,28.00478753337853,1.0001709833349473,390.66678609063035,-0.10501795325016947,7.001196883344628,2.8004787533378526,-0.7001196883338707,-390.66678609063035,42.00718130006779,-0.14002393766689264,3.5008382111927787,121.99521246662147,0.03500598441672315,1.0001709833349473,-10.502514633578336,-22.291810876570025,-2.8004787533378526,-191.61948445194838,-0.14002393766689264,0.03500598441672315,-390.66678609063035,14.002393766689263,0.14002393766689264,0.14002393766689264,-264.53524573046684,0.1540263314335819,-56.57249559651757,-0.10501795325016947,42.007181300067785,0.14002393766689264,42.007181300067785,-70.0119688334463,-0.0700119688334463,-489.76814717525804,-78.64830094732031,-0.10501795325016947,-0.14002393766689264,-43.407420676736706,0.14002393766689264,14.002393766689263,-2.8004787533378526,64.50588324296415,64.50588324296415,-14.002393766689263,191.61948445194838,-64.50588324296415,28.004787533378526,0.21003590650033893,-142.6922395116596,14.002393766689263,-326.9513990232497,121.99521246662147,-28.004787533378526,0.0700119688334463,1.4002393766689263,230.10792090391098,280.0,-0.14002393766689264,-296.33468197461787,264.53524573046684,43.407420676736706,0.14002393766689264,22.291810876570025,-46.03351273364976,121.99521246662147,-0.14002393766689264,-0.03500598441672315,-121.99521246662147,-0.14002393766689264,-85.99760623331073,0.14002393766689264,-0.03500598441672315,-0.03500598441672315,-0.03500598441672315,56.00957506675705,70.0119688334463,1.4002393766689263,103.74023481896108,-0.03500598441672315,456.7150035966292,7.0011968833446305,50.0,0.14002393766689264,0.07001196883344632,0.07001196883344632,75.0,43.407420676736706,0.14002393766689264,-43.407420676736706,1.4002393766689263,0.14002393766689264,-103.74023481896108,0.14002393766689264,0.5600957506669602,0.7001196883338707,0.0700119688334463,0.03500598441672315,42.007181300067785,-0.14002393766689264,56.57249559651757,1.4002393766689263,-207.48046963792217,3.500598441672312,-14.002393766689263,28.004787533378526,7.001196883344631,-0.14002393766689264,10.502514633578336,0.21003590650033893,-0.14002393766689264,-150.0,43.407420676736706,-19.96920604508182,0.07001196883344632,-100.0,-0.14002393766689264,-0.14002393766689264,-0.14002393766689264,0.07001196883344632,390.66678609063035,-28.004787533378526,0.14002393766689264,460.21584180782196,-0.03500598441672315,-0.1540263314335819,-460.21584180782196,21.003590650033892,78.64830094732031,-230.31948330807523,390.66678609063035,-0.10501795325016947,296.33468197461787,-280.0,0.14002393766689264,-0.03500598441672315,768.7500636445793,140.0239376668926,-0.07001196883344632,-0.14002393766689264,0.03500598441672315,0.0,0.0,142.62222754282615,0.0,-255.0,0.0,273.18820241592516,-5.176962286380302,0.0,-80.0,-255.0,-325.0,0.0,40.0,127.5,127.5,0.0,2.5884811431901475,-264.8292959995674,-260.68600222242725,0.0,325.0,-260.68600222242725,-273.18820241592516,152.60966069144283,0.0,1496.5981,hplb
279,0.0,0.0,0.0,0.0,0.0,0.0,0.0,0.0,-0.07227934365304482,0.0,0.0,0.0,0.0,0.0,0.0,0.0,576.9182595826322,0.0,0.0,-276.91825958263223,0.0,0.0,0.0,694.857872762923,0.0,0.0,0.0,0.0,0.0,-541.0180163762515,0.0,0.0,100.87292041814032,0.0,0.0,0.0,0.0,-15.93034517786059,0.0,-1000.0,615.1073985793321,0.0,0.0,0.0,0.0,0.0,0.0,0.0,-950.235044876088,-122.88427693247166,0.0,-914.3348016697073,0.0,0.0795072780182924,0.0,0.0,0.0,14.455868730608964,0.0,0.0,-3.093578071619296,0.0,12.90904644989434,0.0,0.0,0.0,0.0,0.0,0.0,395.4121201547819,0.0,0.7227934365304483,0.0,0.0,0.0,0.0,0.0,0.0,0.0,0.0,0.0,0.0,-204.0233254664673,0.0,43.367606191826894,0.0,0.0,-1000.0,-63.94643200317353,28.300429560133352,962.201080361421,0.0,0.0,0.0,21.683803095913447,0.0,520.436732690059,0.0,0.0,0.0,0.0,645.0802602924537,-541.0180163762515,0.0,0.0,-37.529706087127444,0.0,0.0,0.0,0.0,0.0,0.0,0.0,0.0,0.0,0.0,0.0,0.0,0.0,0.0,0.0,0.0,0.0,0.0,-593.9644639150808,0.0,0.0,520.436732690059,0.0,22.406596532443892,0.0,0.0,0.0,808.5155476517699,-808.5155476517699,808.51554765177,-9.815468378275044,1000.0,-1000.0,0.0,0.0,0.0,0.0,0.0,0.0,209.58883492775175,0.07227934365304482,962.2191501973342,0.0,0.0,0.0,0.0,0.0,0.0,0.0,0.0,475.5568908891358,0.0,0.0,0.0,0.0,0.0,241.20359097620334,241.20359097620334,0.0,0.0,0.0,0.0,0.0,0.0,0.0,241.27587031985638,0.0,0.0,0.0,-125.7135939882649,0.0,0.0,0.0,0.0,0.0,0.0,0.0,0.0,0.0,0.0,0.0,0.0,0.0,0.0,0.0,-1000.0,0.0,0.0,0.0,0.0,0.0,122.88427693247166,914.3348016697073,217.95012160319027,-217.95012160319027,9.815468378275044,0.0,0.0,0.0,0.0,0.0,0.0,0.0,-698.4907866872396,0.0,0.0,0.0,0.0,0.0,0.0,0.0,0.0,0.0,0.0,0.0,0.0,0.0,75.09983634769871,441.0594268121701,0.0,0.0,0.0,0.0,0.0,54.17187271799632,0.0,0.0,0.0,0.0,-3.093578071619296,0.0,0.0,0.0,0.0,0.0,0.0,0.0,0.0,0.0,2.3273948656266725,0.0,498.75292959414554,0.0,0.0,-281.8965536063638,-817.9501216031903,0.0,0.0,0.0,0.0,9.815468378275044,88.18079925671468,0.0,0.0,0.0,50.88576248897829,0.0,0.0,-468.75000000000625,531.2499999999937,531.2499999999937,-1000.0,0.0,0.0,154.0036896000167,0.0,976.9321052269388,122.88427693247166,0.0,137.67202769572367,0.0,0.0,0.0,-866.4425130883322,0.0,866.4425130883322,0.0,323.87052589886804,0.0,0.0,-672.0331516780957,0.0,0.0,0.0,-3.093578071619296,-0.10841901547956723,0.0,0.0,0.0,0.0,0.07227934365304482,0.0,0.0,0.0,413.24853134804295,576.9182595826322,0.0,-779.6060767350239,654.0898205516476,0.0,1000.0,0.0,1000.0,0.0,-37.529706087127444,0.0,0.0,0.0,-6.223251488527102,6.223251488527102,-1000.0,-386.0799773845921,-532.3590059538499,0.0,0.0,0.0,0.0,0.0,0.0,0.0,0.0,0.0,0.0,0.0,0.0,0.0,0.0,0.0,0.0,0.0,-1000.0,0.0,-984.3587721967514,0.0,0.0,0.0,322.90164970073573,0.0,800.1014015345223,-211.91622979337845,0.0,204.0233254664673,0.0,0.0,641.4662931098014,0.0,0.0,514.2020614120793,0.0,-6.223251488527102,261.5503991582973,-3.613967182652241,1000.0,-97.32413622882484,0.0,-1000.0,815.3595709796799,-1.8069835913261205,0.0,0.0,0.0,0.0,-1000.0,328.7996100237527,520.436732690059,0.0,0.0,0.0,0.0,0.0,0.0,0.0,-75.09983634769871,75.09983634769871,75.09983634769871,278.0738373565185,0.0,0.0,-82.73921426631779,0.0,0.0,0.0,0.0,0.0,-16.002624521513635,0.0,0.0,135.54413126939104,0.0,0.0,0.0,0.0,-79.37730587788889,0.14455868730624388,0.0,0.0,0.0,0.0,0.0,0.0,0.0,0.0,0.0,395.4121201547819,0.0,0.0,0.0,0.0,0.0,0.0,0.0,0.0,0.0,0.0795072780182924,0.0795072780182924,0.0,340.64396761708974,0.0,43.367606191826894,0.0,0.0,0.0,1000.0,0.0,0.0,0.0,0.0,0.0,908.4866199625161,-1000.0,0.0,0.0,0.0,0.0,0.0,135.54413126939104,0.0,0.0,0.0,0.0,0.0,0.0,0.0,197.98815463836027,-413.24853134804295,0.0,0.0,5.565509461284449,0.0,0.0,0.0,-63.987341096271365,0.0,908.4866199625161,0.0,0.0,829.1093140846272,0.0,0.0,75.09983634769871,0.0,0.0,0.0,0.0,0.0,0.0,0.0,0.0,0.0,0.0,0.0,0.0,0.0,43.367606191826894,9.815468378275044,9.815468378275044,0.0,0.0,0.0,0.0,0.0,0.0,0.0,0.0,0.0,0.0,0.7227934365304483,0.0,0.0,0.0,0.0,0.0,914.3348016697073,0.0,0.0,520.436732690059,0.0,0.0,0.0,0.0,0.0,0.0,0.0,0.0,0.0,0.0,1000.0,0.0,0.0,21.683803095913447,21.683803095913447,1000.0,-1000.0,0.0,135.54413126939104,0.0,0.0,0.0,0.0,0.0,-72.90200623915644,0.0,0.0,0.07227934365304482,0.0,0.0,0.0,95.45519891436754,0.0,0.0,0.0,0.0,0.0,0.0,0.0,0.0,0.0,0.0,0.0,0.0,0.0,0.0,0.0,0.0,0.0,0.07227934365304482,0.0,0.0,0.0,0.0,0.0,0.0,0.0,0.0,0.0,-215.53019697603068,207.63729264911953,0.0,0.0,15.641227803248592,-5.420950773978461,-3.613967182652241,0.0,0.0,765.6249999999999,765.625,-765.6249999999999,0.0,0.0,0.0,0.0,0.0,0.0,0.0,9.815468378275044,0.0,0.0,0.0,332.4135772064049,0.0,0.0,0.0,-0.07227934365304482,0.0,0.0,0.07227934365304482,0.0,0.07227934365304482,0.0,0.0,0.0,43.367606191826894,88.18079925671468,88.18079925671468,0.0,0.0,0.0,0.0,0.0,0.0,204.0233254664673,0.0,0.0,0.0,0.0,0.0,0.0,0.0,0.0,0.0,0.0,0.0,0.0,0.0,0.0,0.0,0.0,0.0,0.0,0.0,0.0,63.987341096271365,0.0,0.0,0.0,0.10841901547956723,0.0,0.0,0.0,-520.436732690059,0.0,0.0,0.0,0.0,0.0,-340.64396761708974,3.613967182652241,0.0,0.0,0.0,0.0,0.0,-3.613967182652241,0.0,0.0,0.0,0.0,0.0,0.0,0.0,0.0,9.815468378275044,0.0,0.0,386.8996248549111,265.544131269391,0.0,310.544131269391,-37.529706087127444,0.0,0.0,204.0233254664673,-204.0233254664673,0.0,0.0,0.0,3.613967182652241,719.079102958075,0.0,0.0,0.0,-16.002624521513635,0.0,0.0,0.0,0.0,0.0,0.0,0.0,0.0,0.0,346.0649183910682,-356.9068199390248,88.18079925671468,0.0,0.0,0.0,0.0,0.0,0.0,0.0,0.0,0.0,2.3273948656266725,0.0,0.0,0.0,-490.8673190691494,0.0,0.0,21.683803095913447,0.0,0.0,0.0,0.0,144.255305233537,0.0,0.0,0.0795072780182924,0.0,0.0,0.0,44.09039962835734,0.0,0.0,0.0,0.0,441.0594268121701,0.0,0.0,0.0,0.0,0.0,0.0,0.0,0.0,-694.4726336964836,0.0,0.007227934365304482,0.007227934365304482,0.0,0.0,0.0,0.0,0.0,0.0,0.0,0.0,0.0,0.0,0.0,0.0,0.0,0.0,0.0,340.64396761708974,0.0,0.0,0.0,0.0,0.0,0.0,0.0,122.88427693247166,0.0,0.0,0.0,0.0,817.9501216031903,1000.0,0.0,0.0,0.0,0.0,43.367606191826894,0.0,0.0,0.0,0.0,0.0,0.0,-43.367606191826894,0.0,0.0,0.0,0.0,0.0,0.0,0.0,0.0,0.0,0.0,0.0,0.0,467.6409940461501,-1000.0,49.5113504023357,0.0,-520.436732690059,0.0,-15.93034517786059,0.0,0.0,0.0,0.0,0.0,0.0,0.0,0.0,0.0,0.0,0.0,0.0,0.0,0.0,0.0,0.0,0.0,-9.034917956630702,9.815468378275044,-646.8872438837798,351.48586916504644,0.0,0.0,0.0,0.0,0.0,0.0,-0.9034917956630603,16.002624521513635,0.0,0.0,0.0,0.0,0.0,0.0,0.0,1000.0,21.683803095913447,21.683803095913447,0.0,0.0,0.0,0.0,0.0,0.0795072780182924,340.64396761708974,0.0,0.0,15.93034517786059,0.0,0.0,0.0,0.0,0.0,0.0,0.0,0.0,0.0,0.0,0.0,0.0,0.0,0.0,0.0,0.0,0.0,0.0,0.0,75.89331083569706,0.0,0.0,209.58883492775175,0.0,0.0,0.0,340.64396761708974,0.0,0.0,0.0,0.0,0.0,-9.034917956630702,0.0,0.0,0.0,0.0,0.0,0.0,0.0,0.0,0.0,0.0,0.0,0.0,0.0,0.0,0.0,0.0,0.0,0.0,-0.07227934365304482,0.0,0.0,3.613967182652241,-908.4866199625161,0.0,0.0,0.0,0.0,9.815468378275044,0.0,0.0,0.0,6.223251488527102,1.8069835913261205,0.0,0.0,0.0,0.07227934365304482,0.0,72.27934365304482,-22.406596532443892,14.455868730608964,0.5162810260931773,201.65936879199504,-0.05420950773978361,485.7979385879207,1.4455868730608965,-0.36139671826504305,-201.65936879199504,21.683803095913447,-0.07227934365304482,12.50990202904248,135.54413126939104,0.018069835913261206,0.5162810260931773,-37.529706087127444,-11.506871509563382,-1.4455868730608965,-300.0,-0.07227934365304482,0.018069835913261206,-201.65936879199504,7.227934365304482,0.07227934365304482,0.07227934365304482,-340.4921809954184,0.07950727801834931,-105.19081412177431,-0.05420950773978361,21.683803095913447,0.07227934365304482,520.436732690059,462.6132577676231,-0.03613967182652241,-295.3066645931066,-61.47208642695385,-0.05420950773978361,-0.07227934365304493,-22.406596532443892,0.07227934365304482,7.227934365304482,-1.4455868730608965,63.987341096271365,63.987341096271365,-7.227934365304482,300.0,-63.987341096271365,14.455868730608964,0.10841901547956723,290.2062752734745,7.227934365304482,-197.98815463836027,135.54413126939104,-14.455868730608964,0.03613967182652241,0.7227934365304483,194.90151918375597,280.0,-0.07227934365304482,-356.9068199390248,340.4921809954184,22.406596532443892,0.07227934365304482,11.506871509563382,-449.94401070840854,135.54413126939104,-0.07227934365304482,-0.018069835913261206,-135.54413126939104,-0.07227934365304482,-79.37730587788889,0.07227934365304482,-0.018069835913261206,-0.018069835913261206,-0.018069835913261206,28.91173746121793,-462.6132577676231,0.7227934365304483,356.10509379259094,-0.018069835913261206,377.2931363384694,3.613967182652241,43.30262012159668,0.07227934365304482,0.03613967182652241,0.03613967182652241,75.0,22.406596532443892,0.07227934365304482,-22.406596532443892,0.7227934365304483,0.07227934365304482,-961.2153639198771,0.07227934365304482,0.2891173746119982,0.36139671826504305,0.03613967182652241,0.018069835913261206,21.683803095913447,-0.07227934365304482,105.19081412177431,0.7227934365304483,-712.2101875851819,483.9909549965946,-7.227934365304482,14.455868730608964,3.613967182652241,-0.07227934365304482,37.529706087127444,0.10841901547956723,-0.07227934365304482,-150.0,22.406596532443892,85.266161733746,0.03613967182652241,-86.60524024319336,-0.07227934365304482,-0.07227934365304482,-0.07227934365304482,0.03613967182652247,201.65936879199504,-14.455868730608964,0.07227934365304482,389.80303836751193,-0.018069835913261206,-0.07950727801834931,-389.80303836751193,10.841901547956722,61.47208642695385,-523.6571732557136,201.65936879199504,-0.05420950773978361,356.9068199390248,-280.0,0.07227934365304482,-0.018069835913261202,3.613967182652241,72.27934365304482,-0.03613967182652241,-0.07227934365304482,0.018069835913261206,0.0,0.0,-472.5465341054511,605.1102701272862,-255.0,0.0,527.7014408609853,-140.0,0.0,-80.0,-255.0,-325.0,-182.30411916015007,40.0,127.5,127.5,0.0,70.0,-340.64396761708974,-229.521466967283,182.30411916015007,325.0,-229.521466967283,-527.7014408609853,485.20875860204467,0.0,1496.5981,hplb
280,0.0,0.0,0.0,0.0,0.0,0.0,0.0,0.0,151.02324767492007,0.0,0.0,0.0,0.0,0.0,0.0,0.0,851.7303539397627,0.0,0.0,-551.7303539397627,0.0,0.0,0.0,267.1615399180047,0.0,0.0,0.0,0.0,0.0,0.0,0.0,0.0,0.0,0.0,0.0,0.0,0.0,565.6348840805642,0.0,-1000.0,989.6989021526605,0.0,0.0,-347.89630171548083,0.0,0.0,0.0,0.0,0.0,-696.2393305166007,0.0,0.0,0.0,0.037770692106884364,0.0,0.0,0.0,6.867398564892982,0.0,0.0,-3.0239445014086135,0.0,688.8853407887179,685.8613962873093,0.0,0.0,0.0,0.0,0.0,0.0,0.0,0.3433699282446491,0.0,0.0,0.0,0.0,0.0,0.0,0.0,0.0,0.0,0.0,0.0,0.0,20.602195694678947,0.0,0.0,724.1348230301187,241.29982195477427,-217.1649989246556,-0.008584248206116227,0.0,0.0,0.0,10.301097847339474,0.0,10.301097847339474,-571.648436090557,0.0,0.0,0.0,1.7168496412232455,-1000.0,0.0,0.0,-48.28315035877675,390.69653630644325,0.0,0.0,0.0,0.0,0.0,0.0,0.0,0.0,0.0,0.0,0.0,0.0,0.0,0.0,0.0,0.0,0.0,-132.52521192567193,0.0,0.0,10.301097847339474,0.0,10.64446777558412,8.80171417808966,0.0,0.0,0.0,0.0,0.0,0.0,0.0,0.0,0.0,0.0,0.0,0.0,0.0,0.0,2.643948447483798,0.03433699282446491,0.0,0.0,0.0,0.0,-390.69653630644325,0.0,0.0,0.0,0.0,325.1158828763131,0.0,0.0,0.0,0.0,0.0,643.6765050994337,643.6765050994337,0.0,0.0,0.0,0.0,828.1250000000007,0.0,0.0,643.7108420922582,0.0,0.0,0.0,0.0,-35.41089010055407,0.0,0.0,0.0,0.0,0.0,0.0,0.0,0.0,0.0,0.0,0.0,0.0,0.0,0.0,-1000.0,0.0,0.0,0.0,0.0,0.0,696.2393305166007,0.0,275.8651769698813,-275.8651769698813,0.0,0.0,0.0,0.0,0.0,0.0,0.0,1000.0,-686.1595226679511,0.0,0.0,0.0,0.0,0.0,0.0,0.0,0.0,0.0,0.0,0.0,0.0,0.0,558.899662478545,-86.26520287021403,-851.7303539397627,0.0,0.0,0.0,0.0,0.0,0.0,0.0,0.0,0.0,-3.0239445014086135,-503.8340522242819,0.0,0.0,0.0,0.0,0.0,0.0,0.0,0.0,126.7720593985157,0.0,0.0,0.0,634.5138495258705,599.9484945107635,1000.0,0.0,851.7303539397627,0.0,0.0,0.0,-958.1088687541528,0.0,0.0,0.0,-155.3409313351924,0.0,0.0,0.0,0.0,1000.0,-1000.0,1000.0,0.0,517.1649989246556,0.0,-1000.0,696.2393305166007,0.0,113.40363833643642,0.0,0.0,0.0,263.6465851354764,0.0,-263.6465851354764,0.0,1000.0,0.0,0.0,484.3788632797161,0.0,0.0,0.0,-3.0239445014086135,-0.051505489236697365,0.0,0.0,0.0,0.0,0.03433699282446491,0.0,0.0,0.0,862.9268427541448,851.7303539397627,0.0,-530.1008477026877,-159.88356144688495,35.41089010055407,1000.0,0.0,2.956415082186401,0.0,-48.28315035877675,0.0,0.0,0.0,-2.956415082186401,0.0,0.0,-750.1195727290807,0.0,0.0,0.0,0.0,0.0,0.0,0.0,0.0,0.0,0.0,0.0,0.0,0.0,0.0,0.0,0.0,0.0,0.0,-434.22776794813694,0.0,-1000.0,0.0,0.0,697.3148443201237,0.0,0.0,0.0,-129.4160078459995,0.0,0.0,0.0,0.0,0.0,0.0,0.0,-573.8151787792457,0.0,0.0,0.0,0.0,-63.09116035109976,16.85639951295775,0.0,572.0983291380225,0.0,-0.8584248206116227,-1.7168496412232455,-506.43189432508785,0.0,0.0,-415.57162647414015,977.6809546640978,10.301097847339474,0.0,0.0,0.0,0.0,0.0,151.05758466774455,0.0,-558.899662478545,558.899662478545,558.899662478545,296.41575179388377,0.0,0.0,-356.35783189339077,0.0,0.0,1000.0,0.0,0.0,-6.047889002817227,0.0,0.0,0.0,0.0,0.0,0.0,0.0,-96.5663007175535,0.06867398565044057,0.0,0.0,0.0,0.0,0.0,0.0,0.0,0.0,0.0,0.0,0.0,0.0,0.0,0.0,0.0,0.0,0.0,0.0,0.0,0.037770692106884364,0.037770692106884364,0.0,832.0322639136521,0.0,20.602195694678947,0.0,0.0,0.0,345.4531144487163,0.0,159.32445756246662,0.0,0.0,0.0,43.02588260911072,-345.4531144487163,0.0,0.0,0.0,0.0,0.0,0.0,0.0,0.0,0.0,0.0,0.0,0.0,0.0,44.17507064189064,-862.9268427541448,0.0,0.0,2.643948447483798,0.0,0.0,0.0,0.0,0.0,43.02588260911072,0.0,-53.54041810844279,0.0,0.0,0.0,558.899662478545,0.0,0.0,0.0,0.0,0.0,0.0,0.0,0.0,0.0,0.0,0.0,0.0,0.0,20.602195694678947,0.0,0.0,0.0,0.0,0.0,0.0,0.0,0.0,0.0,0.0,0.0,0.0,0.3433699282446491,0.0,0.0,0.0,0.0,0.0,0.0,0.0,0.0,10.301097847339474,0.0,0.0,0.0,0.0,0.0,0.0,0.0,0.0,0.0,0.0,0.0,0.0,0.0,10.301097847339474,10.301097847339474,1000.0,-345.4531144487163,0.0,0.0,0.0,0.0,0.0,0.0,0.0,750.1195727290807,1000.0,602.1290469911796,0.03433699282446491,0.0,0.0,0.0,10.140047597036464,0.0,0.0,0.0,0.0,0.0,0.0,0.0,0.0,0.0,0.0,0.0,0.0,0.0,0.0,0.0,0.0,0.0,0.03433699282446491,0.0,0.0,0.0,-1000.0,1000.0,0.0,0.0,0.0,0.0,-5.466449257655995,573.3652857317802,0.0,0.0,-565.772232051863,-2.5752744618348684,-1.7168496412232455,0.0,0.0,921.875,921.875,-921.875,0.0,0.0,0.0,0.0,0.0,0.0,0.0,0.0,35.41089010055407,0.0,0.0,979.3978043053211,0.0,0.0,0.0,151.02324767492007,0.0,0.0,0.03433699282446491,0.0,0.03433699282446491,0.0,0.0,0.0,20.602195694678947,41.89113124584719,41.89113124584719,0.0,0.0,0.0,0.0,0.0,0.0,0.0,0.0,0.0,1000.0,0.0,0.0,0.0,0.0,0.0,0.0,0.0,0.0,0.0,0.0,0.0,0.0,0.0,0.0,0.0,0.0,0.0,0.0,0.0,0.0,0.0,0.051505489236697365,0.0,0.0,0.0,-10.301097847339474,0.0,0.0,0.0,0.0,0.0,-832.0322639136521,1.7168496412232455,0.0,0.0,0.0,0.0,-828.1250000000007,123.9495585883435,0.0,0.0,0.0,0.0,0.0,0.0,0.0,0.0,0.0,0.0,0.0,0.0,273.132601435107,0.0,318.132601435107,-48.28315035877675,0.0,0.0,0.0,0.0,0.0,-1000.0,0.0,1.7168496412232455,1000.0,0.0,0.0,0.0,-6.047889002817227,0.0,0.0,158.65876760359126,-158.65876760359126,0.0,0.0,0.0,0.0,0.0,834.6075383754869,-839.7580872991565,41.89113124584719,0.0,-625.3511626818065,-625.3511626818065,625.3511626818065,0.0,0.0,0.0,0.0,0.0,126.7720593985157,0.0,0.0,0.0,-10.140047597036464,623.967959265138,0.0,10.301097847339474,0.0,0.0,0.0,0.0,18.48503768179441,0.0,0.0,0.037770692106884364,0.0,0.0,0.0,20.945565622923592,0.0,0.0,0.0,0.0,-86.26520287021403,0.0,390.69653630644325,0.0,0.0,0.0,0.0,0.0,0.0,0.0,0.0,0.0034336992824465892,0.0034336992824465892,0.0,0.0,0.0,0.0,0.0,0.0,0.0,0.0,0.0,0.0,0.0,0.0,0.0,0.0,0.0,832.0322639136521,0.0,0.0,0.0,0.0,0.0,0.0,0.0,696.2393305166007,0.0,0.0,0.0,0.0,-735.8360475806489,887.5664015204115,0.0,0.0,0.0,0.0,20.602195694678926,0.0,0.0,0.0,0.0,0.0,586.8018277353124,-607.4040234299913,0.0,0.0,0.0,0.0,0.0,0.0,0.0,0.0,0.0,0.0,0.0,0.0,397.87095300882044,-1000.0,23.520840084758472,0.0,-10.301097847339474,0.0,565.6348840805642,0.0,0.0,0.0,0.0,0.0,0.0,0.0,0.0,0.0,0.0,0.0,0.0,0.0,0.0,0.0,0.0,0.0,-4.292124103058114,0.0,-2.5752744618348684,837.1828128373216,0.0,0.0,0.0,0.0,0.0,531.3094096031834,-531.7386220134892,6.047889002817227,0.0,0.0,0.0,0.0,0.0,0.0,0.0,1000.0,10.301097847339474,10.301097847339474,0.0,0.0,0.0,0.0,0.0,0.037770692106884364,832.0322639136521,0.0,0.0,-565.6348840805642,0.0,0.0,0.0,0.0,0.0,0.0,0.0,0.0,0.0,0.0,0.0,0.0,0.0,0.0,0.0,0.0,0.0,8.80171417808966,0.0,36.053842465688156,2.643948447483798,0.0,0.0,0.0,0.0,0.0,832.0322639136521,0.0,0.0,0.0,0.0,0.0,-4.292124103058114,0.0,0.0,0.0,0.0,0.0,0.0,0.0,0.0,0.0,0.0,0.0,0.0,0.0,0.0,0.0,0.0,0.0,0.0,-0.03433699282446491,0.0,0.0,1.7168496412232455,-43.02588260911072,0.0,0.0,0.0,0.0,0.0,0.0,0.0,0.0,2.956415082186401,0.8584248206116227,0.0,0.0,0.0,0.03433699282446491,0.0,34.33699282446491,-1.8427535974944576,6.867398564892982,0.24526423446046364,113.40363833643642,-0.025752744618348682,1.7168496412232344,0.6867398564892983,-0.1716849641232877,-113.40363833643642,10.301097847339474,-0.03433699282446491,16.094383452925584,0.0,0.008584248206116227,0.24526423446046364,-48.28315035877675,-5.466449257655995,-0.6867398564893392,-300.0,-0.03433699282446491,0.008584248206116227,-113.40363833643642,690.8786548504992,0.03433699282446491,0.03433699282446491,-831.9601562287207,0.0377706921069115,0.0,-0.025752744618348682,10.301097847339474,0.03433699282446491,10.301097847339474,-17.168496412232457,-0.017168496412232455,-228.5495821587596,-3.4680362752709755,-0.025752744618348682,-0.03433699282446491,-1.8427535974944576,0.03433699282446491,3.433699282446491,-0.6867398564892983,0.0,0.0,-3.4336992824464687,300.0,0.0,6.867398564892982,0.051505489236697365,498.2009474195345,3.433699282446491,-44.17507064189064,0.0,-6.867398564892982,0.017168496412232455,0.3433699282446491,132.52521192567193,280.0,-0.03433699282446491,-839.7580872991565,831.9601562287207,10.64446777558412,0.03433699282446491,5.466449257655995,-728.6493469574104,0.0,-0.03433699282446491,-0.008584248206116227,0.0,-0.03433699282446491,-487.2628370239968,0.03433699282446491,-0.008584248206116227,-0.008584248206116227,-0.008584248206116227,13.734797129785964,17.168496412232457,0.3433699282446491,25.43941955882775,-0.008584248206116227,248.95604039841828,1.7168496412232455,50.0,0.03433699282446491,0.017168496412232455,0.017168496412232455,3.433699282446491,1.8427535974944576,0.03433699282446491,-1.8427535974944576,0.3433699282446491,0.03433699282446491,-25.43941955882775,0.034336992824464896,0.1373479712988228,0.1716849641232877,0.017168496412232455,0.008584248206116227,10.301097847339474,-0.03433699282446491,0.0,0.3433699282446696,-50.8788391176555,0.858424820611634,-3.433699282446491,6.867398564892982,1.7168496412232455,-0.034336992824464896,48.28315035877675,0.051505489236697365,-0.03433699282446491,-6.867398564892994,1.8427535974944576,105.96072104331,0.017168496412232455,-100.0,-0.03433699282446491,-0.03433699282446491,-0.03433699282446491,0.017168496412232455,113.40363833643642,-6.867398564892982,0.03433699282446491,265.05042385134385,-0.008584248206116227,-0.0377706921069115,-265.05042385134385,5.150548923669736,3.4680362752709755,-1000.0,113.40363833643642,-0.025752744618348682,839.7580872991565,-280.0,0.03433699282446491,-0.008584248206116227,1.7168496412232455,34.33699282446491,-0.017168496412232455,-0.03433699282446491,0.008584248206116227,772.1678858727809,0.0,-798.2181159159468,0.0,-255.0,0.0,786.4338887794459,-49.0419979001974,687.4449555680527,767.5301791181582,-255.0,-325.0,-300.0,-383.7650895590791,127.5,127.5,-687.4449555680527,24.520998950098697,-832.0322639136521,-124.44575872510441,300.0,325.0,-124.44575872510441,-786.4338887794459,755.8247682272049,0.0,1496.5981,hplb
281,0.0,0.0,0.0,0.0,0.0,0.0,0.0,0.0,-0.13783001534445297,0.0,0.0,0.0,0.0,0.0,0.0,0.0,60.29956475763822,144.8575777404241,0.0,0.0,0.0,0.0,0.0,9.582746081010091,0.0,0.0,0.0,0.0,0.0,654.0954729679913,0.0,0.0,136.95395666088748,0.0,0.0,0.0,0.0,853.061084967117,0.0,-1000.0,980.4108466822274,0.0,0.0,0.0,0.0,0.0,0.0,0.0,-1000.0,-404.12923529053603,0.0,0.0,0.0,0.1516130168789872,0.0,0.0,0.0,27.56600306889059,0.0,0.0,-12.1382300180016,0.0,-102.21839702983897,-114.35662704784056,0.0,0.0,0.0,0.0,0.0,0.0,0.0,1.3783001534445298,0.0,0.0,0.0,0.0,0.0,0.0,0.0,0.0,0.0,0.0,0.0,0.0,82.69800920667177,0.0,0.0,174.90398760773488,711.3020583757356,-741.3484682430463,-0.03445750383611324,0.0,0.0,0.0,41.349004603335885,0.0,41.349004603335885,-163.41033261925077,0.0,0.0,0.0,710.0246296092417,654.0954729679913,0.0,0.0,0.0,0.0,0.0,0.0,0.0,0.0,0.0,0.0,0.0,0.0,0.0,0.0,0.0,0.0,0.0,0.0,0.0,0.0,0.0,-594.8061282211469,0.0,0.0,41.349004603335885,0.0,42.72730475678041,0.0,0.0,-252.58629855921583,747.7636514593376,-495.1773529001218,495.1773529001217,0.0,0.0,0.0,0.0,0.0,0.0,0.0,0.0,0.0,10.612911181522804,0.13783001534445297,0.0,0.0,0.0,0.0,0.0,0.0,0.0,0.0,0.0,762.0941636892936,0.0,0.0,0.0,0.0,0.0,999.8621699846556,999.8621699846556,0.0,0.0,0.0,0.0,0.0,0.0,0.0,1000.0,0.0,0.0,0.0,-148.6885046379861,-661.157207280938,0.0,0.0,0.0,0.0,0.0,0.0,0.0,0.0,0.0,-713.789382368525,0.0,0.0,0.0,0.0,-1000.0,0.0,0.0,0.0,0.0,0.0,404.12923529053603,0.0,30.046409867310786,-30.046409867310786,0.0,0.0,0.0,0.0,0.0,0.0,0.0,0.0,-156.07916845021023,0.0,0.0,0.0,0.0,0.0,0.0,0.0,0.0,0.0,0.0,0.0,0.0,0.0,122.23801325546519,-44.867993862218825,285.60496227437045,0.0,0.0,0.0,0.0,156.07916845021023,0.0,0.0,0.0,0.0,-12.1382300180016,285.60496227437045,0.0,0.0,0.0,0.0,0.0,0.0,0.0,0.0,583.3758108630547,0.0,0.0,0.0,-681.2556485084248,0.0,-795.0496025249544,0.0,-285.60496227437045,0.0,0.0,0.0,691.9964315621372,0.0,0.0,0.0,188.17364926546952,0.0,0.0,-1000.0,-579.7241547640815,-672.2351583261371,-1000.0,579.7241547640815,-672.235158326137,741.3484682430463,0.0,1000.0,404.12923529053603,0.0,228.4665743608135,0.0,0.0,0.0,817.370346776804,0.0,-817.370346776804,0.0,1000.0,0.0,0.0,0.0,0.0,0.0,0.0,-12.1382300180016,-0.20674502301667946,0.0,0.0,0.0,0.0,0.13783001534445297,0.0,0.0,0.0,219.1960160833993,60.29956475763822,0.0,-956.5123549983999,18.074065294880192,661.157207280938,1000.0,0.0,479.1088471360454,0.0,0.0,0.0,0.0,0.0,-11.867164321157485,-248.2214645866071,-219.02021822828084,-253.59126449551366,-691.5541002468867,0.0,0.0,0.0,0.0,0.0,0.0,0.0,0.0,0.0,0.0,0.0,0.0,0.0,0.0,0.0,0.0,0.0,0.0,0.0,-1000.0,0.0,146.38759497150522,742.3480169882133,0.0,0.0,0.0,-593.9887220445775,0.0,0.0,0.0,33.432102566974955,703.1331288420191,806.7743621232811,0.0,-358.4580651882322,0.0,-558.5528975366739,-795.7669816170608,122.78952102365187,0.0,0.0,0.0,0.0,1000.0,-3.445750383611324,-129.68102179087452,-1000.0,0.0,446.10062766385596,-222.87467436119329,0.0,41.349004603335885,0.0,0.0,0.0,559.0900954831037,0.0,0.0,0.0,-122.23801325546519,122.23801325546519,122.23801325546519,-331.6560985519942,0.0,0.0,-0.27566003068890593,0.0,0.0,0.0,0.0,0.0,-24.2764600360032,0.0,0.0,21.75985128556323,0.0,0.0,0.0,0.0,-86.21699846555471,0.2756600306888686,0.0,0.0,0.0,0.0,0.0,0.0,0.0,0.0,0.0,0.0,0.0,0.0,0.0,0.0,0.0,0.0,0.0,0.0,0.0,0.1516130168789872,0.1516130168789872,0.0,374.6720101865746,0.0,82.69800920667177,0.0,0.0,0.0,1000.0,0.0,0.0,0.0,0.0,0.0,390.93362423929904,-1000.0,0.0,0.0,0.0,0.0,0.0,21.75985128556323,0.0,0.0,0.0,0.0,0.0,0.0,0.0,198.26870940704896,-219.1960160833993,0.0,0.0,10.612911181522804,0.0,0.0,0.0,-156.07916845021023,0.0,390.93362423929904,0.0,-695.2833742262558,1000.0,0.0,0.0,122.23801325546519,0.0,0.0,0.0,0.0,0.0,0.0,0.0,0.0,0.0,0.0,0.0,0.0,0.0,82.69800920667177,0.0,0.0,0.0,0.0,0.0,0.0,0.0,0.0,0.0,0.0,0.0,0.0,1.3783001534445298,0.0,0.0,0.0,0.0,0.0,0.0,0.0,0.0,41.349004603335885,0.0,0.0,0.0,0.0,0.0,0.0,0.0,0.0,0.0,0.0,1000.0,0.0,0.0,41.34900460333589,41.34900460333589,436.28441346326304,-1000.0,0.0,21.759851285563286,0.0,0.0,0.0,0.0,0.0,-458.3833002073384,0.0,-240.70483899046616,0.13783001534445297,0.0,0.0,0.0,182.02422526454217,0.0,0.0,0.0,0.0,0.0,0.0,0.0,0.0,0.0,0.0,0.0,0.0,0.0,0.0,0.0,0.0,0.0,0.13783001534445297,0.0,0.0,0.0,0.0,0.0,0.0,0.0,0.0,146.38759497150522,-127.78343602757207,742.3480169882133,0.0,-466.2052860170054,-1000.0,-10.337251150833936,-6.891500767222648,0.0,0.0,890.6249999999999,890.625,-890.6249999999999,0.0,0.0,0.0,0.0,0.0,0.0,0.0,0.0,661.157207280938,0.0,0.0,452.9921284310786,0.0,0.0,0.0,-0.13783001534445297,0.0,0.0,0.13783001534445297,0.0,0.13783001534445297,0.0,0.0,0.0,82.69800920667177,168.1526187202326,168.1526187202326,0.0,0.0,0.0,0.0,0.0,0.0,0.0,0.0,0.0,0.0,0.0,0.0,0.0,0.0,0.0,0.0,0.0,0.0,0.0,0.0,0.0,0.0,0.0,0.0,0.0,0.0,0.0,156.07916845021023,0.0,0.0,0.0,0.20674502301667946,0.0,0.0,0.0,-41.349004603335885,0.0,0.0,0.0,0.0,0.0,-374.6720101865746,6.891500767222648,0.0,0.0,0.0,0.0,0.0,0.0,0.0,0.0,0.0,0.0,0.0,0.0,0.0,0.0,0.0,0.0,0.0,0.0,252.43399693110942,0.0,297.4339969311094,0.0,0.0,-466.2052860170054,466.2052860170054,0.0,0.0,523.8438128419047,0.0,6.891500767222648,1000.0,0.0,535.6901376377504,0.0,-24.2764600360032,0.0,0.0,0.0,0.0,0.0,0.0,0.0,0.0,0.0,693.1148800668573,0.0,168.1526187202326,0.0,0.0,0.0,0.0,0.0,0.0,0.0,0.0,0.0,583.3758108630547,0.0,0.0,405.6837636390763,-182.02422526454217,0.0,0.0,41.349004603335885,0.0,0.0,0.0,0.0,295.96620738360906,0.0,0.0,0.1516130168789872,0.0,0.0,0.0,84.07630936011631,0.0,0.0,0.0,0.0,-44.867993862218825,0.0,0.0,0.0,0.0,0.0,0.0,0.0,0.0,-613.0943842761372,0.0,64.89453337563695,0.013783001534445297,0.0,0.0,0.0,0.0,0.0,0.0,0.0,0.0,0.0,0.0,0.0,0.0,0.0,0.0,0.0,374.6720101865746,0.0,0.0,0.0,0.0,0.0,0.0,0.0,404.12923529053603,0.0,0.0,0.0,0.0,0.0,120.59912951527645,144.8575777404241,0.0,0.0,0.0,82.69800920667177,0.0,0.0,0.0,0.0,0.0,0.0,-82.69800920667177,0.0,0.0,0.0,0.0,0.0,0.0,0.0,0.0,0.0,0.0,0.0,0.0,549.1507387435794,-57.87909173486071,94.41356051095026,-1000.0,958.6509953966641,0.0,999.4486799386223,0.0,0.0,0.0,0.0,0.0,0.0,0.0,0.0,0.0,13.020833333333334,0.0,-13.020833333333334,-13.020833333333334,0.0,0.0,0.0,0.0,-17.228751918056584,0.0,-713.470379992853,-10.337251150833978,0.0,0.0,0.0,0.0,0.0,0.0,-1.7228751918056622,24.2764600360032,0.0,0.0,0.0,0.0,0.0,0.0,0.0,1000.0,41.34900460333589,41.34900460333589,0.0,0.0,0.0,0.0,0.0,0.1516130168789872,374.6720101865746,0.0,0.0,-999.4486799386223,64.8807503741025,0.0,0.0,0.0,0.0,0.0,0.0,0.0,0.0,0.0,0.0,0.0,0.0,0.0,0.0,0.0,0.0,0.0,0.0,144.72151611167558,10.612911181522804,0.0,0.0,0.0,0.0,0.0,374.6720101865746,0.0,572.0461836017399,0.0,0.0,0.0,-17.228751918056584,0.0,0.0,0.0,0.0,0.0,0.0,0.0,0.0,0.0,0.0,0.0,0.0,0.0,0.0,0.0,0.0,0.0,0.0,-0.13783001534445297,0.0,0.0,6.891500767222648,-390.93362423929904,0.0,0.0,0.0,0.0,0.0,0.0,0.0,0.0,11.867164321157485,3.445750383611324,0.0,0.0,0.0,0.13783001534445297,0.0,137.83001534445296,-42.72730475678041,27.566003068890595,0.9845001096032353,384.54574281102373,-0.10337251150833973,358.4580651882322,2.756600306889059,-0.6891500767221901,-384.54574281102373,41.34900460333589,-0.13783001534445297,0.0,21.75985128556323,0.03445750383611324,0.9845001096032354,0.0,-21.94253844283753,-2.756600306889059,-205.1571424980623,-0.13783001534445297,0.03445750383611324,-384.54574281102373,298.1451623261638,0.13783001534445297,0.13783001534445297,-374.3825671543512,0.15161301687890208,-223.1709551264422,-0.10337251150833973,41.349004603335885,0.13783001534445297,41.349004603335885,-68.91500767222648,-0.06891500767222648,-538.9232085628514,-170.0,-0.10337251150833973,-0.13783001534445297,-42.72730475678041,0.13783001534445297,13.783001534445296,-2.756600306889059,156.07916845021023,156.07916845021023,-13.783001534445305,205.1571424980623,-156.07916845021023,27.56600306889059,0.20674502301667946,178.71720961789168,13.783001534445296,-198.26870940704896,21.75985128556323,-27.56600306889059,0.06891500767222648,1.3783001534445298,239.12808874959998,280.0,-0.13783001534445297,-405.6837636390763,374.3825671543512,42.72730475678041,0.13783001534445297,21.94253844283753,-427.9983279194985,21.75985128556323,-0.13783001534445297,-0.03445750383611324,-21.759851285563286,-0.13783001534445297,-86.21699846555471,0.13783001534445297,-0.03445750383611324,-0.03445750383611324,-0.03445750383611324,55.13200613778118,68.91500767222648,1.3783001534445298,102.11481261832517,-0.03445750383611324,478.25617749919996,6.891500767222648,50.0,0.13783001534445297,0.06891500767222648,0.06891500767222648,24.662927177226912,42.72730475678041,0.13783001534445297,-42.72730475678041,1.3783001534445298,0.13783001534445297,-102.11481261832517,0.13783001534445297,0.5513200613777371,0.6891500767221901,0.06891500767222648,0.03445750383611324,41.349004603335885,-0.13783001534445297,223.1709551264422,1.3783001534445296,-204.22962523665035,355.01231480462087,-13.783001534445296,27.56600306889059,6.891500767222648,-0.13783001534445297,0.0,0.20674502301667946,-0.13783001534445297,-49.325854354453824,42.72730475678041,50.72159030495473,0.06891500767222648,-100.0,-0.13783001534445297,-0.13783001534445297,-0.13783001534445297,0.06891500767222648,384.54574281102373,-27.56600306889059,0.13783001534445297,478.25617749919996,-0.03445750383611324,-0.15161301687890208,-478.25617749919996,20.67450230166794,170.0,-566.5138411454353,384.54574281102373,-0.10337251150833973,405.6837636390763,-280.0,0.13783001534445297,-0.03445750383611325,40.3236033341976,137.83001534445296,-0.06891500767222648,-0.13783001534445297,0.03445750383611324,0.0,0.0,-178.7861246255639,0.0,-255.0,0.0,406.36017686138297,-140.0,284.3621607917185,-80.0,-255.0,-325.0,0.0,40.0,127.5,127.5,-284.3621607917185,70.0,-374.6720101865746,-346.68779768856376,0.0,325.0,-346.6877976885638,-406.36017686138297,410.28775162321807,0.0,1496.5981,hplb
282,0.0,0.0,0.0,0.0,0.0,0.0,0.0,0.0,-0.08601603220567038,0.0,0.0,0.0,0.0,0.0,0.0,0.0,0.12902404830850556,401.4139018480889,0.0,-426.45699960596795,0.0,0.0,0.0,89.60352087456674,0.0,433.81310628762213,0.0,0.0,0.0,-1000.0,0.0,0.0,0.0,0.0,0.0,0.0,0.0,610.5285802284989,0.0,-1000.0,899.2167598568955,0.0,0.0,0.0,0.0,0.0,360.93472258175296,0.0,702.902225951693,0.0,0.0,703.0312500000016,0.0,0.09461763542632248,0.0,0.0,0.0,17.203206441134075,0.0,0.0,49.71640375110008,0.0,166.05848816030982,41.399934751112994,0.0,0.0,0.0,0.0,0.0,0.0,0.0,0.8601603220567039,0.0,0.0,0.0,0.0,0.0,0.0,0.0,0.0,0.0,0.0,0.0,0.0,51.60961932340223,0.0,0.0,-246.3584828874674,-858.6666094263354,1000.0,-0.021504008051417594,0.0,0.0,0.0,25.804809661701114,0.0,25.804809661701114,0.0,0.0,0.0,0.0,4.300801610283519,-1000.0,0.0,0.0,-31.90422601032261,0.0,0.0,0.0,0.0,0.0,0.0,0.0,0.0,0.0,0.0,0.0,0.0,0.0,0.0,0.0,0.0,0.0,0.0,-1000.0,0.0,0.0,25.804809661701114,0.0,26.66496998375782,26.66496998375782,0.0,273.3142381878273,-273.3142381878273,0.0,0.0,-174.3749571602969,0.0,0.0,0.0,0.0,0.0,0.0,0.0,0.0,6.623234479836615,0.08601603220567038,0.0,0.0,0.0,-412.44666883373134,41.63109485202813,0.0,0.0,0.0,0.0,502.72533414315245,0.0,0.0,0.0,0.0,0.0,-62.7828307674844,-62.7828307674844,0.0,0.0,0.0,921.84375,277.0043498497961,0.0,0.0,-62.69681473527873,0.0,0.0,0.0,0.0,0.0,0.0,0.0,0.0,0.0,0.0,0.0,0.0,0.0,0.0,-679.1339383587402,0.0,0.0,0.0,0.0,-1000.0,0.0,0.0,0.0,0.0,0.0,0.0,-703.0312500000016,158.6666094263354,-158.6666094263354,100.36156446314885,0.0,0.0,0.0,0.0,0.0,0.0,0.0,-332.1396364851397,0.0,0.0,0.0,0.0,0.0,0.0,0.0,0.0,0.0,0.0,0.0,0.0,0.0,51.618065666968505,305.2219868639713,1000.0,0.0,0.0,0.0,74.01339269714805,-100.36156446314885,0.0,0.0,0.0,0.0,49.71640375110008,1000.0,0.0,0.0,0.0,0.0,0.0,0.0,0.0,0.0,2.7697162370214787,0.0,0.0,0.0,1000.0,-17.333218852670825,-87.82089750944039,0.0,-1000.0,0.0,0.0,174.3749571602969,-250.05337979884365,0.0,0.0,0.0,-65.33545388357527,0.0,0.0,-611.8705580352059,-1000.0,-211.91473623399793,600.044178198792,-211.91473623399793,1000.0,-700.0,0.0,380.11101860423224,0.0,0.0,293.314669821336,0.0,0.0,0.0,0.0,0.0,0.0,0.0,298.0658757820629,0.0,74.01339269714805,0.0,921.84375,0.0,0.0,49.71640375110008,-0.12902404830850556,0.0,0.0,0.0,0.0,0.08601603220567038,0.0,0.0,0.0,971.4254741012774,0.12902404830850556,0.0,-1000.0,1000.0,0.0,898.6270603930162,0.0,640.0005730268492,0.0,-31.90422601032261,0.0,0.0,0.0,-7.405980372908304,0.0,-632.5945926539409,690.9270669863931,-1000.0,0.0,0.0,0.0,0.0,0.0,0.0,0.0,0.0,0.0,0.0,0.0,0.0,0.0,0.0,0.0,0.0,0.0,-22.894233250132558,0.0,-1000.0,0.0,369.98358768993575,0.0,0.0,0.0,0.0,-9.392950716858094,0.0,0.0,0.0,0.0,0.0,0.0,698.8088891674385,-183.20822382528863,848.6856715829022,0.0,-302.62160450598844,0.0,0.0,516.7740052890058,-698.8088891674385,178.9074222150051,82.32733303923598,-850.8360723880439,-4.300801610283519,0.0,0.0,-404.6603352542796,-547.2989280701547,0.0,25.804809661701114,0.0,0.0,0.0,0.0,0.0,0.0,0.0,-51.618065666968505,51.618065666968505,51.618065666968505,258.67685493277065,0.0,0.0,0.0,0.0,0.0,0.0,0.0,0.0,-74.94214965809674,0.0,0.0,26.394509125580328,0.0,0.0,0.0,0.0,-91.39839677943296,0.17203206441124538,0.0,0.0,0.0,0.0,0.0,0.0,0.0,168.14791876525055,0.0,0.0,0.0,0.0,0.0,0.0,0.0,0.0,0.0,0.0,0.0,0.09461763542632248,0.09461763542632248,0.0,314.41485922583445,0.0,51.60961932340223,0.0,0.0,0.0,1000.0,0.0,703.0214841034641,0.0,0.0,0.0,968.5767601086011,-1000.0,0.0,0.0,76.01534800924817,0.0,0.0,26.394509125580328,0.0,0.0,0.0,0.0,0.0,0.0,0.0,333.3333333333333,-971.4254741012774,370.8155739817032,0.0,6.623234479836615,0.0,0.0,0.0,0.0,0.0,952.3247438199137,0.0,0.0,877.1783633291682,0.0,0.0,51.618065666968505,0.0,0.0,0.0,0.0,0.0,0.0,0.0,0.0,0.0,0.0,0.0,0.0,0.0,51.60961932340223,174.3749571602969,174.3749571602969,0.0,0.0,0.0,0.0,0.0,0.0,0.0,0.0,0.0,0.0,0.8601603220567039,0.0,0.0,0.0,0.0,0.0,-703.0312500000016,0.0,0.0,25.804809661701114,-76.01534800924817,0.0,0.0,0.0,0.0,0.0,0.0,0.0,0.0,0.0,240.2629993585224,866.8716978085523,0.0,25.804809661701114,25.804809661701114,1000.0,-1000.0,0.0,26.394509125580328,0.0,0.0,0.0,0.0,0.0,-70.16111958353599,0.0,0.0,0.08601603220567038,0.0,0.0,6.936578597157275,0.0,11.024164636417936,168.14791876525055,0.0,0.0,0.0,0.0,0.0,0.0,0.0,1.2501550991299366,0.0,0.0,0.0,0.0,0.0,0.0,0.0,0.08601603220567038,0.0,0.0,0.0,0.0,0.0,0.0,0.0,0.0,369.98358768993575,0.0,-9.392950716858094,0.0,0.0,-977.1057667498675,-6.4512024154252785,-4.300801610283522,0.0,0.0,0.0,0.0,0.0,0.0,0.0,0.0,0.0,0.0,0.0,0.0,174.3749571602969,0.0,0.0,0.0,-400.35953364399603,0.0,0.0,0.0,-0.08601603220567038,0.0,0.0,0.08601603220567038,0.0,0.08601603220567038,3.75046529738981,0.0,0.0,51.60961932340223,104.93955929091787,104.93955929091787,0.0,0.0,0.0,0.0,0.0,0.0,0.0,370.8155739817032,0.0,0.0,0.0,0.0,0.0,0.0,0.0,0.0,0.0,0.0,0.0,0.0,0.0,0.0,0.0,0.0,0.0,0.0,0.0,0.0,0.0,-956.8583919126668,956.8583919126668,0.12902404830850556,0.0,0.0,0.0,-25.804809661701114,0.0,0.0,0.0,0.0,0.0,-314.41485922583445,4.300801610283519,0.0,0.0,0.0,-921.84375,-277.0043498497961,9.392950716858094,0.0,0.0,0.0,0.0,0.0,0.0,0.0,0.0,174.3749571602969,0.0,76.01534800924817,581.2184016407791,262.79679355886594,0.0,678.6123675405692,-20.88006137390471,0.0,0.0,0.0,0.0,0.0,-354.99293908976153,0.0,4.300801610283522,611.1099941627948,0.0,0.0,0.0,-74.94214965809674,-343.75000000000193,343.75000000000193,0.0,0.0,0.0,0.0,0.0,0.0,0.0,1000.0,-333.76846647211016,104.93955929091787,0.0,0.0,0.0,0.0,0.0,0.0,0.0,0.0,0.0,2.7697162370214787,0.0,0.0,0.0,-6.936578597157275,753.8704706610937,0.0,25.804809661701114,0.0,0.0,0.0,0.0,268.55731204039887,0.0,0.0,0.09461763542632248,0.0,0.0,0.0,52.469779645458935,0.0,0.0,0.0,0.0,305.2219868639713,0.0,0.0,0.0,0.0,0.0,0.0,0.0,0.0,-1000.0,0.0,0.008601603220567284,0.008601603220567284,0.0,0.0,0.0,0.0,0.0,3.75046529738981,0.0,0.0,0.0,6.936578597157275,0.0,0.0,0.0,0.0,0.0,314.41485922583445,0.0,0.0,0.0,0.0,0.0,0.0,0.0,0.0,0.0,0.0,0.0,0.0,0.0,-46.21695695342719,401.4139018480889,0.0,0.0,0.0,51.60961932340223,0.0,0.0,0.0,0.0,0.0,0.0,-51.60961932340223,0.0,0.0,0.0,0.0,0.0,0.0,0.0,0.0,0.0,0.0,0.0,0.0,0.0,-379.23405259714286,58.92098206088422,0.0,-25.804809661701114,0.0,976.7617026210448,0.0,0.0,0.0,0.0,0.0,0.0,0.0,0.0,0.0,0.0,0.0,0.0,0.0,0.0,0.0,0.0,0.0,-10.7520040257088,174.3749571602969,-6.4512024154252785,327.317264056685,0.0,0.0,0.0,0.0,0.0,-719.174661502303,718.0994610997321,74.94214965809674,0.0,0.0,0.0,0.0,0.0,0.0,0.0,1000.0,25.804809661701114,25.804809661701114,0.0,0.0,0.0,0.0,0.0,0.09461763542632248,314.41485922583445,0.0,0.0,-980.5121679184347,0.0,0.0,0.0,0.0,0.0,0.0,0.0,0.0,0.0,0.0,0.0,0.0,0.0,0.0,263.3978754612172,0.0,0.0,26.66496998375782,0.0,90.3168338159539,6.623234479836615,0.0,0.0,0.0,0.0,0.0,314.41485922583445,0.0,-13.693752327141617,0.0,0.0,0.0,-10.7520040257088,0.0,0.0,0.0,0.0,0.0,0.0,0.0,0.0,0.0,0.0,0.0,0.0,0.0,0.0,0.0,0.0,0.0,0.0,-0.08601603220567038,0.0,0.0,4.300801610283519,-968.5767601086011,0.0,0.0,0.0,0.0,174.3749571602969,0.0,0.0,0.0,7.405980372908304,2.1504008051417594,0.0,0.0,433.81310628762213,0.08601603220567038,0.0,86.01603220567037,0.0,17.203206441134075,0.6144002300405027,293.314669821336,-0.06451202415425278,4.300801610283507,1.7203206441134076,3.3203851363615153,-293.314669821336,25.804809661701114,-0.08601603220567038,10.63474200344087,26.394509125580328,0.021504008051417594,0.6144002300405027,-31.90422601032261,-13.693752327141617,-1.7203206441134076,24.91407370957052,-0.08601603220567038,0.021504008051417594,-293.314669821336,400.5408262183879,0.08601603220567038,0.08601603220567038,-314.2342255582024,0.09461763542623766,-16.565780122369837,-0.06451202415425278,25.804809661701114,0.08601603220567038,25.804809661701114,-43.008016102835185,-0.04300801610283519,-422.3511020001374,91.67394521037613,-0.06451202415425278,-0.08601603220567039,0.0,0.08601603220567038,8.601603220567037,-1.7203206441134076,0.0,0.0,-8.601603220567029,-24.91407370957052,0.0,17.203206441134075,0.12902404830850556,-891.3406489336622,8.601603220567037,-333.3333333333333,26.394509125580328,-17.203206441134075,0.04300801610283519,0.8601603220567039,250.0,280.0,-0.08601603220567038,-333.76846647211016,314.2342255582024,26.66496998375782,0.08601603220567038,13.693752327141617,-468.7639525190452,26.394509125580328,-0.08601603220567038,-0.021504008051417594,-26.394509125580328,-0.08601603220567038,-91.39839677943296,0.08601603220567038,-0.021504008051417594,-0.021504008051417594,-0.021504008051417594,34.40641288226815,43.008016102835185,0.8601603220567039,63.72712786037326,-0.021504008051417594,489.36525799655914,4.300801610283519,50.0,0.08601603220567038,0.04300801610283519,0.04300801610283519,-15.207838565216823,0.0,0.08601603220567038,0.0,0.8601603220567039,0.08601603220567038,-63.72712786037326,0.08601603220567038,0.3440641288226516,-3.3203851363615153,0.04300801610283519,0.021504008051417594,25.804809661701114,-0.08601603220567038,16.565780122369837,0.8601603220567038,-127.45425572074652,2.1504008051417713,-8.601603220567037,17.203206441134075,4.300801610283519,-0.08601603220567038,31.90422601032261,0.12902404830850556,-0.08601603220567038,30.415677130433636,0.0,-167.13165098101496,0.04300801610283519,-100.0,-0.08601603220567038,-0.08601603220567038,-0.08601603220567038,0.043008016102835195,293.314669821336,-17.203206441134075,0.08601603220567038,500.0,-0.021504008051417594,-0.09461763542623766,-500.0,12.902404830850555,-91.67394521037613,326.6051168083783,293.314669821336,-0.06451202415425278,333.76846647211016,-280.0,0.08601603220567038,-0.02150400805141759,4.300801610283522,86.01603220567037,-0.04300801610283519,-0.08601603220567038,0.021504008051417594,0.0,0.0,591.2976409175594,0.0,-255.0,0.0,-49.170065384114885,-22.781015685650072,391.9392229978209,-80.0,-255.0,-325.0,-300.0,40.0,127.5,127.5,-391.9392229978209,11.390507842825036,-314.41485922583445,-101.42566105938391,300.0,325.0,-101.42566105938391,49.170065384114885,205.49614195718164,0.0,1496.5981,hplb
283,0.0,0.0,0.0,0.0,0.0,0.0,0.0,0.0,-0.10737152465938705,0.0,0.0,0.0,0.0,0.0,0.0,0.0,113.12518009861128,574.8787378217455,0.0,-388.0039179203568,0.0,0.0,0.0,546.1053619381494,0.0,0.0,0.0,0.0,0.0,-594.9817327486786,0.0,0.0,90.62037074164114,0.0,0.0,0.0,0.0,585.9905728232744,0.0,-410.35332172396454,1000.0,0.0,0.0,0.0,0.0,0.0,0.0,0.0,0.0,-92.01319241933237,0.0,0.0,0.0,0.11810867712589834,0.0,0.0,0.0,0.0,0.0,0.0,-19.875131016975274,0.0,104.39541979445914,84.52028877748387,0.0,0.0,0.0,0.0,0.0,659.4046475443108,0.0,1.0737152465938706,0.0,0.0,0.0,0.0,0.0,0.0,0.0,0.0,0.0,0.0,-183.78168249353317,0.0,64.42291479563221,0.0,10.41927874530509,0.0,0.0,325.12126217825454,976.1545805837245,0.0,0.0,-794.5125611116678,32.21145739781612,0.0,32.21145739781612,-3.457363094032881,0.0,0.0,0.0,189.97666668099572,-1000.0,0.0,0.0,-47.00671856338584,0.0,0.0,0.0,0.0,0.0,0.0,0.0,0.0,0.0,0.0,0.0,0.0,0.0,0.0,0.0,0.0,0.0,0.0,-388.7477970511229,0.0,0.0,32.21145739781612,0.0,33.28517264440998,0.0,0.0,-1000.0,1000.0,0.0,0.0,-783.5975337275149,0.0,0.0,783.5975337275149,0.0,0.0,0.0,0.0,0.0,202.46856863761104,0.10737152465938705,976.1814234648893,0.0,0.0,-49.51263658124871,0.0,0.0,0.0,183.78168249353317,0.0,515.3504991856731,0.0,0.0,0.0,0.0,0.0,999.8926284753406,999.8926284753406,0.0,0.0,0.0,0.0,859.3437500000007,0.0,0.0,1000.0,0.0,0.0,0.0,317.5952731409337,0.0,0.0,0.0,0.0,0.0,0.0,0.0,0.0,0.0,0.0,-785.1192252414556,0.0,0.0,0.0,0.0,-1000.0,0.0,0.0,0.0,0.0,0.0,92.01319241933237,0.0,-25.12126217825454,25.12126217825454,0.0,0.0,0.0,0.0,0.0,0.0,0.0,405.0182672513214,-660.3831089330521,0.0,0.0,0.0,0.0,0.0,0.0,0.0,0.0,0.0,0.0,0.0,0.0,0.0,0.0,78.33102759393428,481.85655265006733,0.0,0.0,0.0,0.0,53.53351638476944,0.0,0.0,0.0,0.0,-19.875131016975274,481.85655265006733,0.0,0.0,0.0,0.0,0.0,0.0,0.0,0.0,0.0,21.474304931877413,0.0,0.0,-25.12126217825454,0.0,-25.12126217825454,0.0,-481.85655265006733,0.0,0.0,0.0,0.0,0.0,0.0,0.0,-172.5334369489022,0.0,0.0,981.6799200866346,0.0,0.0,981.6799200866346,0.0,0.0,-25.12126217825454,0.0,161.75355772313418,92.01319241933237,0.0,246.03303741492044,0.0,0.0,0.0,0.0,0.0,0.0,0.0,1000.0,0.0,0.0,1000.0,0.0,0.0,0.0,-19.875131016975274,-0.1610572869890806,0.0,0.0,0.0,0.0,0.10737152465938705,0.0,0.0,0.0,914.2550262174144,113.12518009861128,0.0,-593.395234912867,-505.39259634630497,0.0,965.5454796211325,0.0,9.244688273173796,0.0,-47.00671856338584,0.0,0.0,0.0,-9.244688273173796,0.0,0.0,357.5860018386329,-1000.0,0.0,0.0,0.0,0.0,0.0,0.0,0.0,0.0,0.0,0.0,0.0,0.0,0.0,0.0,0.0,0.0,0.0,0.0,0.0,-1000.0,183.78168249353317,413.57994107808815,0.0,0.0,0.0,0.0,-202.46856863761104,0.0,0.0,0.0,0.0,184.60809044802636,0.0,0.0,28.81477604630794,0.0,0.0,-977.5507159634192,-860.0911619142862,0.0,-144.5757579538647,0.0,-126.48739750329048,0.0,-2.6842881164846766,854.7225856813169,0.0,0.0,994.6314237670307,-535.7929605858578,0.0,32.21145739781612,-781.2500000000059,781.2500000000059,0.0,725.4864659615182,0.0,0.0,0.0,0.0,0.0,0.0,-522.1314706238629,0.0,0.0,-31.472579285234044,0.0,0.0,405.0182672513214,0.0,0.0,-18.911704543340367,0.0,0.0,66.66597777668368,0.0,0.0,0.0,0.0,-3.3930663851305356,0.21474304931916777,0.0,0.0,0.0,0.0,0.0,0.0,0.0,0.0,0.0,659.4046475443108,0.0,0.0,0.0,0.0,0.0,0.0,0.0,0.0,0.0,0.11810867712589834,0.11810867712589834,0.0,258.52569506812256,0.0,64.42291479563221,0.0,0.0,0.0,207.00365452756483,0.0,548.6303740738849,10.41927874530509,0.0,0.0,-288.1326434107887,-207.00365452756483,0.0,0.0,0.0,0.0,0.0,66.66597777668368,0.0,0.0,0.0,0.0,0.0,0.0,0.0,129.58259901704096,-914.2550262174144,49.51263658124871,0.0,18.68688614407789,0.0,-834.134630079476,39.62206896780818,-13.91144741696126,0.0,-288.1326434107887,0.0,0.0,-291.5257097959192,0.0,0.0,0.0,0.0,0.0,0.0,0.0,0.0,0.0,0.0,0.0,0.0,0.0,0.0,0.0,0.0,64.42291479563224,0.0,0.0,0.0,0.0,0.0,0.0,0.0,0.0,0.0,0.0,0.0,0.0,1.0737152465938706,0.0,0.0,10.41927874530509,-10.41927874530509,0.0,0.0,0.0,0.0,32.21145739781612,0.0,0.0,0.0,0.0,0.0,0.0,0.0,0.0,0.0,0.0,597.2184485293621,1000.0,0.0,32.21145739781612,32.21145739781612,1000.0,-207.00365452756483,0.0,66.66597777668368,0.0,0.0,0.0,0.0,0.0,642.4139981613671,405.0182672513214,503.2845043365226,0.10737152465938705,0.0,0.0,141.79943710195764,0.0,0.0,0.0,794.5125611116678,0.0,0.0,0.0,0.0,0.0,0.0,0.0,0.0,0.0,0.0,0.0,0.0,0.0,0.0,0.10737152465938705,0.0,0.0,0.0,0.0,0.0,0.0,0.0,0.0,413.57994107808815,0.0,-202.46856863761104,0.0,0.0,-1000.0,-8.05286434945403,-5.368576232969353,0.0,0.0,0.0,0.0,0.0,0.0,0.0,0.0,0.0,0.0,0.0,0.0,0.0,0.0,0.0,0.0,1000.0,0.0,0.0,0.0,-0.10737152465938705,0.0,0.0,0.10737152465938705,0.0,0.10737152465938705,0.0,0.0,0.0,64.42291479563221,130.99326008445223,130.99326008445223,0.0,0.0,0.0,0.0,0.0,0.0,0.0,49.51263658124871,0.0,405.0182672513214,0.0,0.0,0.0,0.0,0.0,0.0,0.0,0.0,0.0,0.0,0.0,0.0,0.0,0.0,0.0,0.0,0.0,53.53351638476944,0.0,0.0,0.0,0.1610572869890806,0.0,0.0,0.0,-32.21145739781612,0.0,0.0,0.0,0.0,0.0,-258.52569506812256,5.368576232969353,0.0,0.0,0.0,0.0,-859.3437500000007,-472.1905790074817,0.0,0.0,0.0,0.0,0.0,0.0,0.0,0.0,0.0,0.0,0.0,610.3509099212764,258.52569506812256,0.0,353.03833164937134,-47.00671856338584,0.0,-674.6591476450927,0.0,674.6591476450927,183.78168249353317,-130.99326008445223,0.0,5.368576232969353,572.2705535135208,0.0,0.0,0.0,-39.75026203395055,-593.7500000000093,593.7500000000093,418.5337652779283,-418.5337652779283,0.0,0.0,0.0,0.0,0.0,769.0134965425476,0.0,130.99326008445223,0.0,0.0,0.0,0.0,0.0,0.0,0.0,0.0,0.0,0.0,0.0,0.0,282.6842881164846,-801.2040846462685,-746.7247898744756,0.0,32.21145739781612,10.41927874530509,0.0,0.0,0.0,253.47467618000766,0.0,0.0,0.11810867712589834,0.0,0.0,0.0,65.4966300422261,0.0,0.0,0.0,0.0,78.33102759393428,0.0,0.0,0.0,0.0,0.0,0.0,0.0,0.0,0.0,0.0,0.010737152465938706,0.010737152465938706,0.0,0.0,0.0,0.0,0.0,0.0,0.0,0.0,0.0,141.79943710195764,0.0,0.0,0.0,0.0,0.0,258.52569506812256,0.0,0.0,0.0,0.0,0.0,0.0,0.0,92.01319241933237,0.0,0.0,0.0,20.83855749061018,0.0,0.0,574.8787378217455,0.0,0.0,0.0,64.42291479563221,0.0,0.0,0.0,0.0,0.0,935.5770852043678,-1000.0,0.0,20.83855749061018,0.0,0.0,0.0,0.0,0.0,0.0,0.0,0.0,0.0,0.0,-503.2845043365226,0.0,73.54949439168016,-32.21145739781612,0.0,0.0,999.5705139013626,0.0,0.0,0.0,0.0,0.0,0.0,0.0,0.0,0.0,0.0,0.0,0.0,0.0,0.0,0.0,0.0,0.0,-13.421440582423383,0.0,-192.6609547974804,-8.052864349454028,0.0,0.0,0.0,0.0,0.0,-1.3421440582423383,0.0,202.69338703687353,0.0,0.0,0.0,0.0,0.0,0.0,0.0,1000.0,32.21145739781612,32.21145739781612,0.0,0.0,0.0,0.0,0.0,0.11810867712589834,258.52569506812256,0.0,0.0,-999.5705139013626,0.0,0.0,0.0,0.0,0.0,0.0,0.0,0.0,0.0,0.0,0.0,0.0,0.0,0.0,0.0,0.0,0.0,0.0,0.0,112.74010089235642,0.0,0.0,18.68688614407789,0.0,0.0,0.0,258.52569506812256,0.0,463.36463968047946,0.0,0.0,0.0,-13.421440582423383,0.0,0.0,0.0,0.0,0.0,0.0,0.0,0.0,0.0,0.0,0.0,0.0,0.0,0.0,0.0,0.0,0.0,0.0,-0.10737152465938705,0.0,0.0,5.368576232969353,288.1326434107887,0.0,0.0,0.0,0.0,0.0,0.0,0.0,0.0,9.244688273173796,2.6842881164846766,0.0,0.0,0.0,0.10737152465938705,0.0,107.37152465938705,-33.28517264440998,21.474304931877413,0.7669394618527647,299.56655379968987,-0.0805286434945403,97.67262145698254,2.1474304931877413,-0.5368576232968131,-299.56655379968987,32.21145739781612,-0.10737152465938707,15.66890618779528,66.66597777668368,0.026842881164846767,0.7669394618527647,-47.00671856338584,-27.512825471080077,-2.1474304931877413,-300.0,-0.10737152465938707,0.026842881164846767,-299.56655379968987,10.737152465938706,0.10737152465938707,0.10737152465938705,-258.3002148663372,-10.301170068179765,0.0,-0.0805286434945403,32.21145739781612,0.10737152465938707,32.21145739781612,-53.68576232969353,-0.053685762329693534,-421.33706205890144,-64.37804037536753,-0.0805286434945403,-0.10737152465938707,-33.28517264440998,0.10737152465938705,10.73715246593872,-2.1474304931877413,53.53351638476944,53.53351638476944,-10.737152465938706,300.0,-53.53351638476944,21.474304931877413,0.1610572869890806,-908.6915676079359,10.737152465938706,-129.58259901704096,66.66597777668368,-21.474304931877413,0.053685762329693534,1.0737152465938706,148.34880872821674,280.0,-0.10737152465938705,-282.6842881164846,258.3002148663372,33.28517264440998,0.10737152465938707,27.512825471080077,-62.1798518145805,66.66597777668368,-0.10737152465938705,-0.026842881164846767,-66.66597777668368,-0.10737152465938704,-3.3930663851305356,0.10737152465938707,-0.026842881164846767,-0.026842881164846767,-0.026842881164846767,42.948609863754825,53.68576232969353,1.0737152465938706,311.15220191609035,-0.026842881164846767,281.0287112686382,5.368576232969353,7.0651094255346205,0.10737152465938705,0.053685762329693534,0.053685762329693534,44.070141354280544,33.28517264440998,0.10737152465938705,-33.28517264440998,1.0737152465938706,0.10737152465938707,-774.3588490842217,0.10737152465938707,0.42948609863742604,0.5368576232968131,0.053685762329693534,0.026842881164846767,32.21145739781612,-0.10737152465938707,0.0,1.0737152465938706,-622.3044038321807,94.98833334049786,-10.73715246593872,21.474304931877413,5.368576232969353,-0.10737152465938707,47.00671856338584,0.1610572869890806,-0.10737152465938707,-88.14028270856109,33.28517264440998,-6.755261108464488,0.053685762329693534,-14.130218851069241,-0.10737152465938707,-0.10737152465938707,-0.10737152465938707,0.053685762329693534,299.56655379968987,-21.474304931877413,0.10737152465938705,296.6976174564335,-0.026842881164846767,10.301170068179765,-296.6976174564335,16.105728698908056,64.37804037536753,598.5654407521913,299.56655379968987,-0.0805286434945403,282.6842881164846,-280.0,0.10737152465938707,-0.026842881164846774,5.368576232969353,107.37152465938705,-0.053685762329693534,-0.10737152465938707,0.026842881164846767,0.0,0.0,608.6378818456062,463.2066471681313,-255.0,0.0,330.08998846842593,-140.0,0.0,314.7177809152766,-177.82258170614685,-325.0,-300.0,-157.3588904576383,127.5,88.91129085307342,0.0,70.0,-258.52569506812256,-246.71941507154318,300.0,325.0,-246.71941507154318,-330.08998846842593,190.76634390853386,0.0,1496.5981,hplb
284,0.0,0.0,0.0,0.0,0.0,0.0,0.0,0.0,530.4306549702831,0.0,0.0,0.0,0.0,0.0,0.0,0.0,906.4002683854723,0.0,0.0,-606.4002683854723,0.0,0.0,0.0,90.47670177837927,0.0,332.1796430444043,0.0,0.0,0.0,-752.9632426889965,0.0,0.0,546.8688415919006,0.0,0.0,0.0,0.0,-21.18096988593279,0.0,-1000.0,1000.0,0.0,0.0,231.99247340656586,0.0,0.0,0.0,0.0,0.0,-466.67209621418834,0.0,-488.4640919505985,0.0,0.13303616411024693,0.0,0.0,0.0,0.0,0.0,0.0,-10.650955926652841,0.0,-786.9184586438832,-797.569414570536,0.0,0.0,0.0,0.0,695.5710133086955,-695.5710133086955,0.0,1.2094196737303833,0.0,0.0,0.0,0.0,0.0,0.0,0.0,0.0,0.0,0.0,0.0,0.0,72.565180423823,0.0,0.0,-87.66897529576079,0.0,-12.331024704239212,-0.03023549184325958,0.0,0.0,0.0,36.2825902119115,0.0,36.2825902119115,0.0,0.0,0.0,0.0,97.40244776909228,-752.9632426889965,0.0,0.0,-5.540781178033646,0.0,133.1015777741991,0.0,0.0,0.0,0.0,0.0,0.0,0.0,0.0,0.0,0.0,0.0,0.0,0.0,0.0,0.0,0.0,-1000.0,0.0,0.0,36.2825902119115,0.0,37.49200988564188,0.0,0.0,-23.413358816008667,0.0,23.413358816008667,-23.413358816008667,644.8159401768946,0.0,0.0,-644.8159401768946,0.0,0.0,0.0,0.0,0.0,9.31253148772395,0.1209419673730383,0.0,0.0,0.0,-1000.0,500.3223620549697,0.0,0.0,0.0,0.0,409.1531208734775,0.0,0.0,0.0,0.0,0.0,136.48306660922015,136.48306660922015,0.0,0.0,0.0,-671.875,0.0,0.0,0.0,136.60400857659317,0.0,0.0,0.0,-220.42341835766348,0.0,0.0,0.0,0.0,0.0,0.0,0.0,0.0,0.0,0.0,0.0,0.0,0.0,0.0,0.0,-1000.0,0.0,0.0,0.0,0.0,0.0,466.67209621418834,488.4640919505985,312.3310247042392,-312.3310247042392,0.0,0.0,0.0,0.0,0.0,0.0,0.0,0.0,-214.62850145120711,0.0,0.0,0.0,0.0,0.0,0.0,0.0,0.0,0.0,0.0,0.0,0.0,0.0,34.09200751301938,563.7361799344008,-641.9011176470742,0.0,0.0,0.0,0.0,117.14405287100297,0.0,0.0,0.0,0.0,-10.650955926652841,-873.8935910536401,0.0,0.0,0.0,0.0,0.0,0.0,0.0,0.0,22.15997609186246,24.188393474607665,0.0,0.0,409.9571130406489,97.62608833640968,713.1261413590769,0.0,641.9011176470742,0.0,0.0,0.0,1000.0,0.0,0.0,0.0,221.14711349534775,0.0,0.0,945.0397602598807,0.0,1000.0,0.0,945.0397602598807,54.96023974011928,312.3310247042392,0.0,-694.8643603360707,466.67209621418834,0.0,220.28403609977394,0.0,0.0,0.0,0.0,0.0,0.0,0.0,1000.0,0.0,0.0,312.05721049064044,-671.875,0.0,0.0,-10.650955926652841,-0.1814129510595575,0.0,0.0,0.0,0.0,0.1209419673730383,0.0,0.0,0.0,824.4133808252232,906.4002683854723,0.0,-774.2590075474744,677.4498564829896,0.0,916.2988405485509,0.0,82.25611191314118,0.0,-5.540781178033646,0.0,0.0,0.0,648.6856662476655,269.0582218391933,-1000.0,-1000.0,-1000.0,0.0,0.0,0.0,0.0,0.0,0.0,0.0,0.0,0.0,0.0,0.0,0.0,0.0,0.0,0.0,0.0,0.0,-1000.0,0.0,-979.3027979835608,0.0,0.0,18.265644742450036,1000.0,0.0,0.0,-31.472507579586363,0.0,0.0,0.0,0.0,91.35534940044036,0.0,214.38708106539218,-225.8708909033785,0.0,-964.6292351478888,326.79135872570527,-6.047098368651916,0.0,178.05287129371993,-214.38708106539218,-386.35242871109836,1000.0,-3.023549184325958,0.0,0.0,0.0,-78.61227879247491,177.83254619434894,0.0,36.2825902119115,0.0,0.0,0.0,0.0,0.0,530.5515969376561,0.0,-34.09200751301938,34.09200751301938,34.09200751301938,-178.73005254545228,0.0,0.0,-863.6378753581529,0.0,0.0,0.0,0.0,0.0,-21.30191185330583,0.0,0.0,119.9837496633606,0.0,0.0,0.0,0.0,27.775951777458925,0.24188393474753056,0.0,0.0,0.0,0.0,0.0,0.0,0.0,0.0,0.0,0.0,0.0,0.0,0.0,0.0,0.0,0.0,0.0,0.0,0.0,0.13303616411024693,0.13303616411024693,0.0,289.9036140384117,0.0,72.565180423823,0.0,0.0,0.0,1000.0,0.0,0.0,0.0,0.0,0.0,311.47620636223513,-1000.0,0.0,0.0,0.0,0.0,0.0,119.9837496633606,0.0,0.0,0.0,0.0,0.0,0.0,0.0,333.3333333333333,-824.4133808252232,499.6776379450303,60.498546545604725,9.31253148772395,0.0,0.0,0.0,-117.14405287100297,0.0,311.47620636223513,0.0,1000.0,-660.7478418603059,0.0,0.0,34.09200751301938,0.0,0.0,0.0,0.0,0.0,0.0,0.0,0.0,0.0,0.0,0.0,0.0,0.0,72.565180423823,0.0,0.0,0.0,0.0,0.0,0.0,0.0,0.0,0.0,0.0,0.0,0.0,1.2094196737303833,0.0,0.0,0.0,0.0,0.0,488.4640919505985,0.0,0.0,36.2825902119115,0.0,0.0,0.0,0.0,60.498546545604725,0.0,0.0,0.0,0.0,0.0,1000.0,20.57366202365091,0.0,36.2825902119115,36.2825902119115,1000.0,-1000.0,0.0,119.9837496633606,0.0,0.0,0.0,0.0,0.0,752.9632426889965,0.0,1000.0,0.1209419673730383,0.0,0.0,0.0,159.72114534000752,415.08244024887824,0.0,0.0,0.0,0.0,0.0,0.0,0.0,0.0,0.0,0.0,0.0,0.0,0.0,0.0,0.0,0.0,0.1209419673730383,0.0,0.0,0.0,0.0,0.0,0.0,0.0,0.0,0.0,0.0,7.49033917930282,0.0,0.0,0.0,-9.070647552977874,-6.047098368651916,0.0,0.0,0.0,0.0,0.0,0.0,0.0,0.0,0.0,0.0,0.0,0.0,0.0,0.0,0.0,0.0,-72.565180423823,0.0,0.0,0.0,530.4306549702831,0.0,0.0,0.1209419673730383,0.0,0.1209419673730383,0.0,0.0,0.0,72.565180423823,147.54920019510675,147.54920019510675,0.0,0.0,0.0,0.0,0.0,0.0,0.0,499.6776379450303,0.0,0.0,0.0,0.0,0.0,659.098769638484,0.0,0.0,0.0,0.0,0.0,0.0,0.0,0.0,0.0,0.0,0.0,0.0,0.0,117.14405287100297,0.0,-332.1796430444043,332.1796430444043,0.1814129510595575,0.0,0.0,0.0,-36.2825902119115,0.0,0.0,0.0,0.0,0.0,-289.9036140384117,6.047098368651916,0.0,0.0,0.0,671.875,0.0,968.7985670561721,0.0,0.0,0.0,0.0,0.0,0.0,0.0,0.0,0.0,0.0,0.0,1000.0,255.81160652539234,0.0,800.4892444704226,409.5416590708446,20.697202016439196,937.3260594765858,0.0,-958.023261493025,0.0,852.4507998048932,0.0,6.047098368651916,1000.0,0.0,0.0,0.0,-21.30191185330583,0.0,0.0,553.4837657512405,-553.4837657512405,0.0,0.0,0.0,0.0,0.0,298.97426159138956,-317.11555669734526,147.54920019510675,0.0,0.0,0.0,0.0,0.0,0.0,0.0,0.0,0.0,22.15997609186246,0.0,0.0,0.0,-159.72114534000752,-1000.0,0.0,36.2825902119115,0.0,0.0,0.0,0.0,166.75972986532642,0.0,0.0,0.13303616411024693,0.0,0.0,0.0,73.77460009755337,0.0,0.0,0.0,0.0,563.7361799344008,0.0,0.0,0.0,0.0,0.0,0.0,0.0,0.0,0.0,0.0,0.012094196737303832,0.012094196737303832,0.0,0.0,0.0,0.0,0.0,0.0,0.0,0.0,0.0,0.0,0.0,0.0,0.0,0.0,0.0,289.9036140384117,0.0,0.0,0.0,0.0,0.0,0.0,0.0,466.67209621418834,0.0,0.0,0.0,0.0,0.0,1000.0,0.0,0.0,0.0,0.0,72.565180423823,0.0,0.0,0.0,0.0,0.0,0.0,-72.565180423823,0.0,0.0,0.0,0.0,0.0,0.0,0.0,0.0,0.0,0.0,0.0,0.0,-1000.0,-1000.0,741.9440172890153,0.0,-36.2825902119115,0.0,-21.18096988593279,0.0,0.0,0.0,0.0,0.0,0.0,0.0,0.0,0.0,0.0,0.0,0.0,0.0,0.0,0.0,0.0,0.0,-15.11774592162979,0.0,-100.42599695341823,967.1436787828516,0.0,0.0,0.0,0.0,0.0,-1.511774592162979,0.0,21.30191185330583,0.0,0.0,0.0,0.0,0.0,0.0,0.0,1000.0,36.2825902119115,36.2825902119115,0.0,0.0,0.0,0.0,0.0,0.13303616411024693,289.9036140384117,0.0,0.0,21.18096988593279,0.0,0.0,0.0,0.0,0.0,0.0,0.0,0.0,0.0,0.0,0.0,0.0,0.0,0.0,0.0,0.0,0.0,0.0,0.0,126.98906574169024,9.31253148772395,0.0,0.0,0.0,0.0,0.0,289.9036140384117,0.0,-956.580020682374,0.0,0.0,0.0,-15.11774592162979,0.0,0.0,0.0,0.0,0.0,0.0,0.0,0.0,0.0,0.0,0.0,0.0,0.0,0.0,0.0,0.0,0.0,0.0,-0.1209419673730383,0.0,0.0,6.047098368651916,-311.47620636223513,0.0,0.0,0.0,0.0,0.0,0.0,0.0,0.0,-648.6856662476655,3.023549184325958,0.0,0.0,332.1796430444043,0.1209419673730383,0.0,120.94196737303831,-37.49200988564188,24.188393474607665,0.8638711955217023,337.4280889707769,-0.09070647552977874,551.7247730688721,2.4188393474607666,-0.6047098368666326,-337.4280889707769,36.2825902119115,-0.12094196737303832,1.8469270593445486,119.9837496633606,0.03023549184325958,0.8638711955217023,-5.540781178033646,-19.253961205788187,-2.4188393474607666,-300.0,-0.12094196737303832,0.03023549184325958,-337.4280889707769,18.19459858646608,0.12094196737303832,0.12094196737303832,-289.64963590692844,0.13303616411034216,-92.92888720949604,-0.09070647552977874,36.2825902119115,0.12094196737303832,36.2825902119115,-60.47098368651916,-0.06047098368651916,-305.1426713079142,-129.35919157567983,-0.09070647552977874,-0.12094196737303832,-37.49200988564188,0.1209419673730383,12.094196737303832,-2.4188393474607666,117.14405287100297,117.14405287100297,-12.094196737303832,300.0,-117.14405287100297,24.188393474607665,0.1814129510595575,-563.0718261966283,12.094196737303832,-333.3333333333333,119.9837496633606,-24.188393474607665,0.06047098368651916,1.2094196737303833,193.5647518868686,280.0,-0.12094196737303832,-317.11555669734526,289.64963590692844,37.49200988564188,0.12094196737303832,19.253961205788187,-31.2470130334475,119.9837496633606,-0.12094196737303832,-0.03023549184325958,-119.9837496633606,-0.12094196737303832,27.775951777458925,0.12094196737310507,-0.03023549184325958,-0.03023549184325958,-0.03023549184325958,48.37678694921533,60.47098368651916,1.2094196737303833,331.5682389222625,-0.03023549184325958,385.2825767143927,6.047098368651916,-7.840877520077546,0.1209419673730383,0.06047098368651916,0.06047098368651916,72.08607156898412,37.49200988564188,0.1209419673730383,-37.49200988564188,1.2094196737303833,0.12094196737303832,-815.4989566117871,0.12094196737303832,0.48376786949359385,0.6047098368666326,0.06047098368651916,0.03023549184325958,36.2825902119115,-0.12094196737303832,92.92888720949604,1.2094196737303833,-663.136477844525,548.7012238845462,-12.094196737303832,24.188393474607665,6.047098368651916,-0.12094196737303832,5.540781178033646,0.1814129510595575,-0.12094196737303832,-144.17214313796825,37.49200988564188,109.40531637456931,0.06047098368651916,15.681755040155096,-0.12094196737303832,-0.12094196737310507,-0.12094196737303832,0.06047098368651916,337.4280889707769,-24.188393474607665,0.1209419673730383,387.1295037737372,-0.03023549184325958,-0.13303616411034216,-387.1295037737372,18.141295105955745,129.35919157567983,316.1564216599389,337.4280889707769,-0.09070647552977874,317.11555669734526,-280.0,0.12094196737303832,-0.030235491843259583,6.047098368651916,120.94196737303831,-0.06047098368651916,-0.12094196737303832,0.03023549184325958,0.0,0.0,263.0113552129418,483.9307176895246,8.776550036635797,0.0,365.7270570245214,-140.0,6.100401849162246,-80.0,-255.0,-325.0,-300.0,40.0,-4.3882750183178985,127.5,-6.100401849162246,70.0,-289.9036140384117,-276.16504623989573,300.0,325.0,-276.16504623989573,-365.7270570245214,192.43993666033253,0.0,1496.5981,hplb
285,0.0,0.0,0.0,0.0,0.0,0.0,0.0,0.0,-0.1081333605719315,0.0,0.0,0.0,0.0,0.0,0.0,0.0,986.9257444825103,148.5339379573145,0.0,-1000.0,0.0,0.0,0.0,1000.0,0.0,0.0,0.0,0.0,0.0,-668.0823183593394,67.83320103996466,-67.83320103996466,134.86240573894233,0.0,0.0,0.0,0.0,3.6733111318237803,0.0,-1000.0,967.5599918284205,0.0,0.0,-358.75362815217017,0.0,0.0,0.0,0.0,23.325617530829277,-370.10471963041516,0.0,0.0,0.0,0.1189466966292316,0.0,0.0,0.0,21.626672114386302,0.0,0.0,-32.134011634356405,0.0,0.0,-32.134011634356405,0.0,0.0,0.0,0.0,211.33144155153036,-211.33144155153036,0.0,1.0813336057193152,0.0,0.0,0.0,0.0,0.0,0.0,0.0,0.0,0.0,0.0,0.0,0.0,64.88001634315891,0.0,0.0,-984.0720530145888,-343.3817722208262,0.0,-0.02703334014298288,0.0,0.0,552.4033748534691,32.44000817157946,0.0,32.44000817157946,0.0,0.0,0.0,0.0,88.30740816264854,-1000.0,0.0,0.0,-2.7478469924178968,0.0,726.9554538579297,0.0,0.0,0.0,0.0,0.0,0.0,0.0,0.0,0.0,0.0,0.0,0.0,0.0,0.0,0.0,0.0,-620.5761134113199,0.0,0.0,32.44000817157946,0.0,33.52134177729877,0.0,0.0,0.0,0.0,0.0,0.0,0.0,369.6607159109254,-369.6607159109254,0.0,0.0,0.0,0.0,0.0,0.0,8.326268764038721,0.1081333605719315,0.0,0.0,0.0,0.0,-178.47709332654793,0.0,0.0,0.0,0.0,590.6147598516905,0.0,0.0,0.0,0.0,0.0,426.56833682975815,426.56833682975815,0.0,0.0,0.0,0.0,86.81747070521685,0.0,0.0,494.50967123029466,0.0,0.0,0.0,-581.4645065537748,-721.5625496507976,0.0,0.0,0.0,0.0,0.0,0.0,0.0,0.0,0.0,0.0,0.0,0.0,0.0,0.0,-772.7736043815812,0.0,0.0,0.0,0.0,0.0,370.10471963041516,0.0,643.3817722208262,-643.3817722208262,0.0,0.0,0.0,0.0,0.0,0.0,0.0,331.9176816406606,-531.6662488593298,0.0,0.0,0.0,0.0,0.0,0.0,0.0,0.0,0.0,0.0,0.0,0.0,0.0,197.92557109197637,121.73043755532053,-342.1690436540001,0.0,0.0,0.0,0.0,0.0,0.0,0.0,0.0,0.0,-32.134011634356405,16.584584498170045,67.83320103996466,0.0,420.27111919886755,0.0,0.0,0.0,0.0,0.0,481.76471605377066,0.0,0.0,0.0,986.7635444416524,0.0,-317.3646632629334,0.0,342.1690436540001,0.0,0.0,0.0,-351.90734996037196,0.0,0.0,0.0,-3.110055034758034,0.0,0.0,-833.9448782660656,-833.9448782660656,0.0,0.0,0.0,833.9448782660656,300.0,0.0,752.6621456619001,370.10471963041516,0.0,301.6920759956889,0.0,0.0,0.0,419.656514098604,0.0,-419.656514098604,0.0,1000.0,0.0,0.0,-1000.0,0.0,0.0,0.0,-32.134011634356405,-0.16220004085789727,0.0,0.0,0.0,0.0,0.1081333605719315,0.0,0.0,0.0,258.56888015623093,986.9257444825103,0.0,-836.4342694509405,266.152509264309,721.5625496507976,1000.0,0.0,351.27812596068975,0.0,-2.7478469924178968,0.0,0.0,0.0,860.0533155908406,-211.33144155153036,-1000.0,336.3579228241856,-1000.0,0.0,0.0,0.0,0.0,0.0,0.0,0.0,0.0,0.0,0.0,0.0,0.0,0.0,0.0,0.0,0.0,420.27111919886755,-995.8941554258893,0.0,-1000.0,0.0,0.0,410.4496208033889,1000.0,0.0,0.0,-422.25778377784474,0.0,0.0,0.0,0.0,82.90074013405197,0.0,513.7209932443967,-615.8755572906313,-2.703334014298288,0.0,0.0,0.0,0.0,-14.965167946189922,-513.7209932443967,69.01851919500872,324.52121490159186,0.0,-5.406668028596576,-1000.0,0.0,261.6309972689051,1000.0,0.0,32.44000817157946,0.0,0.0,0.0,0.0,0.0,0.0,0.0,-197.92557109197637,197.92557109197637,197.92557109197637,236.1211748780316,0.0,0.0,-505.70659549084917,0.0,0.0,331.9176816406606,0.0,0.0,-64.26802326871281,0.0,0.0,0.0,0.0,0.0,0.0,0.0,-89.18666394280685,0.21626672114374315,0.0,0.0,0.0,0.0,0.0,0.0,0.0,0.0,0.0,0.0,0.0,0.0,0.0,0.0,0.0,0.0,0.0,0.0,0.0,0.1189466966292316,0.1189466966292316,67.83320103996466,413.4204402566705,0.0,64.88001634315891,0.0,0.0,0.0,1000.0,0.0,0.0,0.0,0.0,0.0,599.2015766296383,-1000.0,0.0,0.0,0.0,0.0,0.0,0.0,0.0,0.0,0.0,0.0,0.0,0.0,0.0,206.85870447043996,-258.56888015623093,178.47709332654793,0.0,8.326268764038721,0.0,552.4033748534691,0.0,0.0,0.0,599.2015766296383,0.0,510.0149126868315,0.0,0.0,0.0,197.92557109197637,0.0,0.0,0.0,0.0,0.0,0.0,0.0,0.0,0.0,0.0,0.0,0.0,0.0,64.88001634315891,0.0,0.0,0.0,0.0,0.0,0.0,0.0,0.0,0.0,0.0,0.0,0.0,1.0813336057193152,0.0,67.83320103996466,0.0,0.0,67.83320103996466,0.0,0.0,0.0,32.44000817157946,0.0,0.0,0.0,0.0,0.0,0.0,0.0,0.0,0.0,0.0,0.0,202.72308442722812,0.0,32.44000817157946,32.44000817157946,1000.0,-1000.0,0.0,0.0,0.0,0.0,0.0,0.0,0.0,-336.3579228241856,331.9176816406606,-293.70916279252384,0.1081333605719315,0.0,0.0,0.0,142.80555025817443,0.0,0.0,-552.4033748534691,0.0,0.0,0.0,0.0,0.0,0.0,0.0,0.0,0.0,0.0,0.0,0.0,0.0,0.0,0.1081333605719315,0.0,0.0,0.0,0.0,0.0,0.0,0.0,0.0,0.0,-12.335532549701838,0.5273695752459728,0.0,0.0,-4.1058445741107334,-8.110002042894864,-0.5273695752459728,-4.879298453350607,0.0,0.0,0.0,0.0,0.0,0.0,0.0,0.0,0.0,0.0,0.0,0.0,721.5625496507976,0.0,0.0,267.0376652975017,0.0,0.0,0.0,-0.1081333605719315,0.0,0.0,0.1081333605719315,0.0,0.1081333605719315,0.0,0.0,0.0,64.88001634315891,131.92269989775644,131.92269989775644,0.0,0.0,0.0,0.0,0.0,0.0,0.0,178.47709332654793,0.0,331.9176816406606,0.0,0.0,0.0,869.3635979360841,0.0,0.0,0.0,0.0,0.0,0.0,0.0,0.0,0.0,0.0,0.0,0.0,0.0,0.0,0.0,-822.9350920971694,822.9350920971694,0.16220004085789727,0.0,0.0,0.0,-32.44000817157946,0.0,0.0,0.0,0.0,0.0,-413.4204402566705,5.406668028596576,0.0,0.0,0.0,0.0,-86.81747070521685,409.9222512281429,-4.879298453350607,0.0,0.0,0.0,0.0,0.0,0.0,0.0,0.0,0.0,0.0,270.55628546719277,215.4948691646941,0.0,481.8504212121616,-2.7478469924178968,0.0,0.0,0.0,0.0,0.0,-483.8300498581284,0.0,5.40666802859658,1000.0,0.0,0.0,-67.83320103996466,-64.26802326871281,0.0,0.0,-78.12499999973699,78.12499999973699,0.0,0.0,0.0,0.0,0.0,122.526400021021,-138.74640410681081,131.92269989775644,0.0,-730.4309406596682,-730.4309406596682,798.2641416996328,0.0,0.0,0.0,0.0,0.0,481.76471605377066,0.0,0.0,299.0040422785442,-142.80555025817443,0.0,0.0,32.44000817157946,0.0,0.0,0.0,0.0,181.48050603094805,0.0,0.0,0.1189466966292316,0.0,0.0,0.0,65.96134994887822,0.0,0.0,0.0,0.0,121.73043755532053,0.0,0.0,0.0,0.0,0.0,0.0,0.0,0.0,0.0,0.0,521.7229765015624,0.01081333605719346,0.0,0.0,0.0,0.0,0.0,0.0,0.0,0.0,0.0,0.0,67.83320103996466,0.0,0.0,0.0,0.0,413.4204402566705,0.0,0.0,0.0,0.0,0.0,0.0,0.0,370.10471963041516,0.0,0.0,0.0,0.0,749.83925215775,1000.0,148.5339379573145,0.0,0.0,0.0,64.88001634315891,0.0,0.0,0.0,0.0,0.0,0.0,-64.88001634315891,0.0,0.0,0.0,0.0,0.0,0.0,0.0,0.0,0.0,67.83320103996466,67.83320103996466,0.0,293.70916279252384,-1000.0,943.4349499278572,-32.44000817157946,0.0,0.0,3.6733111318237803,0.0,0.0,0.0,0.0,0.0,0.0,0.0,0.0,0.0,0.0,0.0,0.0,0.0,0.0,0.0,0.0,0.0,-13.516670071491443,0.0,-91.01074217694682,1000.0,0.0,0.0,0.0,0.0,0.0,0.0,-1.3516670071491441,64.26802326871281,0.0,0.0,0.0,0.0,0.0,0.0,0.0,1000.0,32.44000817157946,32.44000817157946,0.0,0.0,0.0,0.0,0.0,0.1189466966292316,413.4204402566705,0.0,0.0,-3.6733111318237803,521.7121631655052,0.0,0.0,0.0,0.0,0.0,0.0,0.0,0.0,0.0,0.0,0.0,0.0,0.0,411.4675460485847,0.0,0.0,0.0,0.0,113.5400286005281,8.326268764038721,0.0,0.0,0.0,0.0,0.0,413.4204402566705,0.0,0.0,0.0,0.0,0.0,-13.516670071491443,0.0,0.0,0.0,0.0,0.0,0.0,0.0,0.0,0.0,0.0,0.0,0.0,0.0,0.0,0.0,0.0,0.0,0.0,-0.1081333605719315,0.0,0.0,5.406668028596576,-599.2015766296383,0.0,0.0,0.0,0.0,0.0,0.0,0.0,0.0,-860.0533155908406,2.703334014298288,0.0,0.0,0.0,0.1081333605719315,0.0,108.1333605719315,-33.52134177729877,21.626672114386306,0.7723811469423679,301.6920759956889,-0.08110002042894864,546.8570380956226,2.1626672114386305,-0.5406668028588846,-301.6920759956889,32.44000817157946,-0.10813336057193151,0.9159489974726323,0.0,0.02703334014298288,0.7723811469423679,-2.7478469924178968,-17.214831003052446,65.670533828526,-135.45968243982475,-0.10813336057193151,0.02703334014298288,-301.6920759956889,10.813336057193151,0.10813336057193151,0.1081333605719315,-413.19336019946934,0.11894669662907159,-218.5533756969133,-0.08110002042894864,32.44000817157946,0.10813336057193151,32.44000817157946,-54.06668028596576,-0.05406668028596576,-366.5656901699413,-10.921469417765083,-0.08110002042894864,-0.10813336057193151,-33.52134177729877,0.1081333605719315,10.813336057193151,-2.1626672114386305,0.0,0.0,-10.813336057193151,135.45968243982475,0.0,21.626672114386302,0.16220004085789727,-557.9307317875864,10.813336057193151,-206.85870447043996,0.0,-21.626672114386302,0.05406668028596576,1.0813336057193152,209.10856736273513,237.12154127908042,-0.1081333605719315,-437.750446385355,413.19336019946934,33.52134177729877,0.10813336057193151,17.214831003052446,-129.76003268631794,0.0,-0.1081333605719315,-0.02703334014298288,0.0,-0.1081333605719315,-89.18666394280685,0.10813336057193151,-0.02703334014298288,-0.02703334014298288,-0.02703334014298288,43.253344228772605,54.06668028596576,1.0813336057193152,80.1133035137297,-0.02703334014298288,417.3011857279976,5.406668028596576,50.0,0.1081333605719315,0.05406668028596576,0.05406668028596575,10.813336057193151,33.52134177729877,0.1081333605719315,-33.52134177729877,1.0813336057193152,0.10813336057193151,-80.1133035137297,0.10813336057193151,0.4325334422869531,0.5406668028588846,0.05406668028596576,0.02703334014298288,32.44000817157946,-0.10813336057193151,218.5533756969133,-32.835266914263,-160.2266070274594,544.1537040813242,-10.813336057193151,21.626672114386302,5.406668028596576,-0.10813336057193151,2.7478469924178968,0.16220004085789727,-0.10813336057193151,-21.626672114386302,33.52134177729877,103.10787641227707,0.05406668028596576,-100.0,-0.10813336057193151,-0.10813336057193151,-0.10813336057193151,0.05406668028596576,301.6920759956889,-21.626672114386302,0.1081333605719315,418.21713472547026,-0.02703334014298288,-0.11894669662907159,-418.21713472547026,16.220004085789725,10.921469417765083,272.8919913270191,301.6920759956889,-0.08110002042894864,437.750446385355,-237.12154127908042,0.10813336057193151,-0.027033340142982875,5.40666802859658,108.1333605719315,-0.05406668028596576,-0.10813336057193151,0.02703334014298288,12.531661385833544,0.0,257.8766651073004,0.0,-255.0,0.0,126.0251065437173,-140.0,0.0,430.08428135092606,-255.0,-325.0,-300.0,-215.04214067546303,127.5,127.5,0.0,70.0,-413.4204402566705,-284.5883824432251,300.0,325.0,-284.5883824432251,-126.0251065437173,122.48590158642105,0.0,1496.5981,hplb
286,0.0,0.0,0.0,0.0,0.0,0.0,0.0,0.0,358.5392571706918,0.0,0.0,0.0,0.0,0.0,0.0,0.0,-451.50061149895396,0.0,0.0,652.0309080826787,0.0,0.0,0.0,197.99690307355496,0.0,0.0,0.0,0.0,0.0,-548.499388501046,50.68738617379155,-50.68738617379155,415.9160647915145,0.0,0.0,0.0,0.0,-22.301783276665276,0.0,-1000.0,1000.0,0.0,0.0,1000.0,0.0,0.0,0.0,0.0,0.0,-241.1559903605486,0.0,0.0,0.0,0.10150123092660124,0.0,0.0,0.0,0.0,0.0,0.0,-25.02204545513036,0.0,25.02204545513036,0.0,0.0,0.0,0.0,0.0,809.2634190393483,-809.2634190393483,0.0,0.9227384629676048,0.0,0.0,0.0,0.0,0.0,0.0,0.0,0.0,0.0,0.0,0.0,0.0,55.36430777805628,0.0,0.0,372.89690763555143,-1000.0,820.4360149836258,-0.023068461574190114,0.0,0.0,231.10918115787527,27.68215388902814,0.0,27.68215388902814,-53.65860402454541,0.0,0.0,0.0,73.82638413810707,-746.1494229846578,0.0,0.0,-21.38868255969336,0.0,0.0,0.0,0.0,0.0,0.0,0.0,0.0,0.0,0.0,0.0,0.0,0.0,0.0,0.0,0.0,0.0,0.0,-844.8840772946282,0.0,0.0,27.68215388902814,0.0,28.604892351995744,0.0,0.0,0.0,0.0,0.0,0.0,0.0,0.0,0.0,0.0,0.0,0.0,0.0,0.0,0.0,7.105086164850551,0.09227384629676046,0.0,0.0,0.0,0.0,-114.86162229816796,0.0,0.0,78.44573414931985,0.0,303.25022001405006,0.0,0.0,0.0,0.0,0.0,524.7411472262568,524.7411472262568,0.0,0.0,0.0,0.0,470.86692653558,0.0,0.0,575.520807246345,0.0,0.0,0.0,838.7498026936598,0.0,0.0,0.0,0.0,0.0,0.0,0.0,0.0,0.0,0.0,-1.7497777382814093,0.0,0.0,0.0,0.0,-1000.0,0.0,0.0,0.0,0.0,0.0,241.1559903605486,0.0,179.5639850163742,-179.5639850163742,0.0,0.0,0.0,0.0,0.0,0.0,0.0,197.6500344836117,-517.7130621723778,0.0,0.0,0.0,0.0,0.0,0.0,0.0,0.0,0.0,0.0,0.0,0.0,0.0,39.91062409126728,216.33847650495744,1000.0,0.0,0.0,0.0,0.0,0.0,0.0,0.0,0.0,0.0,-25.02204545513036,0.0,50.68738617379155,0.0,0.0,0.0,0.0,0.0,0.0,0.0,0.0,18.45476925935209,0.0,0.0,368.7969927152267,-810.7669923011475,552.4608926519256,0.0,-1000.0,0.0,0.0,0.0,-283.6560769938187,0.0,0.0,0.0,4.005414433562237,0.0,0.0,-1000.0,-1000.0,0.0,0.0,0.0,1000.0,-820.4360149836258,0.0,458.6979854635015,241.1559903605486,0.0,257.4440311679617,0.0,0.0,0.0,0.0,0.0,0.0,0.0,575.3362595537516,0.0,0.0,0.0,0.0,0.0,0.0,-25.02204545513036,-0.13841076944514066,0.0,0.0,0.0,0.0,0.09227384629676046,0.0,0.0,0.0,972.3178461109719,-451.50061149895396,0.0,-724.312922204303,37.91954571114263,0.0,896.1369231483802,0.0,817.2081972054995,0.0,-21.38868255969336,0.0,0.0,0.0,-7.944778166151239,-809.2634190393483,0.0,-577.1550062175895,363.9583937243315,0.0,0.0,0.0,0.0,0.0,0.0,0.0,0.0,0.0,0.0,0.0,0.0,0.0,0.0,0.0,0.0,0.0,-867.0428489097902,0.0,-1000.0,0.0,154.88983898169073,0.0,1000.0,0.0,0.0,43.58230000894093,0.0,0.0,0.0,0.0,69.21269182326897,0.0,-138.20822252826974,0.0,-2.3068461574190113,0.0,0.0,-4.613692314838023,-267.62571730083334,143.37898326224536,138.20822252826974,-539.2200382264725,0.0,0.0,0.0,544.8065755528328,0.0,137.67203439071739,0.0,0.0,27.68215388902814,593.7500000000006,-593.7500000000006,0.0,0.0,0.0,358.63153101698856,0.0,-39.91062409126728,39.91062409126728,39.91062409126728,-41.41008605402514,0.0,0.0,0.0,0.0,0.0,197.6500344836117,0.0,0.0,-50.04409091026072,0.0,781.31249999999,131.54523074064792,0.0,0.0,0.0,0.0,73.79470031776135,0.18454769259341863,0.0,0.0,0.0,0.0,0.0,0.0,0.0,0.0,0.0,0.0,0.0,0.0,0.0,0.0,0.0,0.0,0.0,0.0,0.0,0.10150123092660124,0.10150123092660124,50.68738617379155,301.4558548319152,0.0,55.36430777805628,0.0,0.0,0.0,1000.0,0.0,610.256144221335,0.0,0.0,0.0,141.38635941885968,-1000.0,0.0,0.0,0.0,0.0,0.0,131.54523074064792,0.0,0.0,0.0,0.0,0.0,0.0,0.0,281.6280257648761,-972.3178461109719,114.86162229816796,0.0,7.105086164850551,0.0,-195.00753551240877,426.116716670284,426.116716670284,0.0,141.38635941885968,0.0,-758.9718200346572,974.1528797712782,0.0,0.0,39.91062409126728,0.0,0.0,0.0,0.0,0.0,0.0,0.0,0.0,0.0,0.0,0.0,0.0,0.0,55.36430777805628,0.0,0.0,0.0,0.0,0.0,0.0,0.0,0.0,0.0,0.0,0.0,0.0,0.9227384629676048,0.0,50.68738617379155,0.0,0.0,50.68738617379155,0.0,0.0,0.0,27.68215388902814,0.0,0.0,0.0,0.0,0.0,0.0,0.0,0.0,0.0,0.0,0.0,91.83750704624936,0.0,27.68215388902814,27.68215388902814,729.6644944670321,-1000.0,0.0,131.54523074064792,0.0,0.0,0.0,0.0,0.0,323.3044292022473,197.6500344836117,363.9583937243315,0.09227384629676046,0.0,0.0,0.0,121.8607960129146,299.3439993543664,0.0,-231.10918115787527,0.0,0.0,0.0,0.0,0.0,0.0,0.0,0.0,0.0,0.0,0.0,0.0,0.0,0.0,0.09227384629676046,0.0,0.0,0.0,0.0,0.0,0.0,0.0,0.0,154.88983898169073,0.0,43.58230000894093,-78.44573414931985,0.0,-132.95715109020978,-6.920538472257035,-4.613692314838027,0.0,0.0,796.875,796.875,-796.875,0.0,0.0,0.0,0.0,0.0,0.0,0.0,0.0,0.0,0.0,0.0,142.28572670555542,0.0,0.0,0.0,358.5392571706918,0.0,0.0,0.09227384629676046,0.0,0.09227384629676046,0.0,0.0,0.0,55.36430777805628,112.57409248204777,112.57409248204777,0.0,0.0,0.0,0.0,0.0,0.0,0.0,114.86162229816796,0.0,197.6500344836117,0.0,0.0,0.0,0.0,0.0,0.0,0.0,0.0,0.0,0.0,0.0,0.0,0.0,0.0,0.0,0.0,0.0,0.0,0.0,-801.4307705245134,801.4307705245134,0.13841076944514066,0.0,0.0,0.0,-27.68215388902814,0.0,0.0,0.0,0.0,0.0,-301.4558548319152,4.613692314838023,0.0,0.0,0.0,0.0,-470.86692653558,-862.2957557129477,0.0,0.0,781.31249999999,0.0,0.0,0.0,0.0,0.0,0.0,0.0,0.0,956.1870331592729,261.5452307406479,0.0,223.48566308174935,277.9553167946731,0.0,-818.7134557040067,0.0,818.7134557040067,78.44573414931985,-396.2301694758665,0.0,4.613692314838027,1000.0,0.0,0.0,-50.68738617379155,-50.04409091026072,-893.8414506934358,893.8414506934358,-109.37499999991164,109.37499999991164,0.0,0.0,0.0,0.0,0.0,-5.170760733975612,-6.920538472256794,112.57409248204777,0.0,775.641321166275,775.641321166275,-724.9539349924835,0.0,0.0,0.0,0.0,0.0,0.0,0.0,0.0,315.2969317764293,-121.8607960129146,0.0,0.0,27.68215388902814,0.0,0.0,0.0,0.0,150.56139672586986,0.0,0.0,0.10150123092660124,0.0,0.0,0.0,56.28704624102389,0.0,0.0,0.0,0.0,216.33847650495744,0.0,0.0,0.0,0.0,0.0,0.0,0.0,0.0,682.116909198584,0.0,718.696172762624,0.00922738462967631,0.0,0.0,0.0,0.0,0.0,0.0,0.0,0.0,0.0,0.0,50.68738617379155,0.0,0.0,0.0,0.0,301.4558548319152,0.0,0.0,0.0,0.0,0.0,0.0,0.0,241.1559903605486,0.0,0.0,0.0,0.0,-792.2723294517277,1000.0,0.0,0.0,0.0,0.0,55.36430777805628,0.0,0.0,0.0,0.0,0.0,944.6356922219437,-1000.0,0.0,0.0,0.0,0.0,0.0,0.0,0.0,0.0,0.0,50.68738617379155,50.68738617379155,0.0,1000.0,-1000.0,63.20758471328092,-27.68215388902814,0.0,0.0,132.58805570502545,0.0,0.0,0.0,0.0,0.0,0.0,0.0,0.0,0.0,0.0,0.0,0.0,0.0,0.0,0.0,0.0,0.0,-11.534230787095062,0.0,-76.133230295526,0.0,0.0,0.0,0.0,0.0,0.0,-1.153423078709506,0.0,128.48982505958057,0.0,0.0,0.0,0.0,0.0,0.0,0.0,1000.0,27.68215388902814,27.68215388902814,0.0,0.0,0.0,0.0,0.0,0.10150123092660124,301.4558548319152,0.0,0.0,-132.58805570502545,718.6869453779943,0.0,0.0,0.0,0.0,0.0,0.0,0.0,0.0,0.0,0.0,0.0,0.0,0.0,400.7153852622567,0.0,0.0,0.0,0.0,96.88753861159849,0.0,0.0,7.105086164850551,0.0,0.0,0.0,301.4558548319152,0.0,804.0234593735643,0.0,0.0,0.0,-11.534230787095062,0.0,0.0,0.0,0.0,0.0,0.0,0.0,0.0,0.0,0.0,0.0,0.0,0.0,0.0,0.0,0.0,0.0,0.0,-0.09227384629676046,0.0,0.0,4.613692314838023,-141.38635941885968,0.0,0.0,0.0,0.0,0.0,0.0,0.0,0.0,7.944778166151239,2.3068461574190113,0.0,0.0,0.0,0.09227384629676046,0.0,92.27384629676045,-28.604892351995744,18.45476925935209,0.6590989021197176,257.4440311679617,-0.06920538472257033,539.2200382264725,1.845476925935209,-0.4613692314810837,-257.4440311679617,27.682153889028136,-0.09227384629676046,7.12956085323112,131.54523074064792,0.023068461574190114,0.6590989021197176,-21.38868255969336,-14.689996330442455,48.84190924785633,-200.53029658372475,-0.09227384629676046,0.023068461574190114,-257.4440311679617,9.227384629676045,0.09227384629676046,0.09227384629676046,-301.26207975469185,0.1015012309263998,0.0,-0.06920538472257033,27.68215388902814,0.09227384629676046,27.68215388902814,-46.136923148380234,-0.04613692314838023,-260.4728548946633,-9.319658475972806,-0.06920538472257033,-0.09227384629676046,-28.604892351995744,0.09227384629676046,9.227384629676045,-1.845476925935209,0.0,0.0,-9.227384629676045,200.53029658372475,0.0,18.45476925935209,0.13841076944514066,-6.370372988025338,9.227384629676045,-281.6280257648761,131.54523074064792,-18.45476925935209,0.04613692314838023,0.9227384629676048,181.07823055107576,280.0,-0.09227384629676046,-322.2174702486861,301.26207975469185,28.604892351995744,0.09227384629676046,14.689996330442455,20.816615184535486,131.54523074064792,-0.09227384629676046,-0.023068461574190114,-131.54523074064792,-0.09227384629676046,73.79470031776135,0.09227384629687414,-0.023068461574190114,-0.023068461574190114,-0.023068461574190114,36.90953851870418,46.136923148380234,0.9227384629676048,68.36338587511135,-0.023068461574190114,355.0269002489204,4.613692314838023,-32.28365784404265,0.09227384629676046,0.04613692314838023,0.04613692314838023,75.0,28.604892351995744,0.09227384629676046,-28.604892351995744,0.9227384629676048,0.09227384629676046,-68.36338587511135,0.09227384629676046,0.3690953851843233,0.4613692314810837,0.04613692314838023,0.023068461574190114,27.68215388902814,-0.09227384629676046,0.0,-24.420954623928164,-136.7267717502227,536.9131920690535,-9.227384629676045,18.45476925935209,4.613692314838023,-0.09227384629676046,21.38868255969336,0.13841076944514066,-0.09227384629676046,-150.0,28.604892351995744,102.4062813724021,0.04613692314838023,64.5673156880853,-0.09227384629676046,-0.09227384629687414,-0.09227384629676046,0.04613692314838023,257.4440311679617,-18.45476925935209,0.09227384629676046,362.1564611021515,-0.023068461574190114,-0.1015012309263998,-362.1564611021515,13.841076944514068,9.319658475972806,-183.14979866216822,257.4440311679617,-0.06920538472257033,322.2174702486861,-280.0,0.09227384629676046,-0.023068461574190118,4.613692314838027,92.27384629676045,-0.04613692314838023,-0.09227384629676046,0.023068461574190114,0.0,0.0,6.324236064876957,0.0,-255.0,0.0,136.49584075500337,-140.0,0.0,125.60898821093271,-255.0,-127.07881004293348,0.0,-62.804494105466354,127.5,127.5,0.0,70.0,-301.4558548319152,-252.96767809827196,0.0,127.07881004293348,-252.96767809827196,-136.49584075500337,53.22592047039592,0.0,1496.5981,hplb
287,0.0,0.0,0.0,0.0,0.0,0.0,0.0,0.0,-0.02731129071540978,0.0,0.0,0.0,0.0,0.0,0.0,0.0,103.55739147297638,196.44260852702362,0.0,0.0,0.0,0.0,0.0,0.0,0.0,0.0,0.0,0.0,0.0,-1000.0,0.0,0.0,139.39642047518993,0.0,0.0,0.0,0.0,610.9793686074036,0.0,-1000.0,1000.0,0.0,0.0,889.7023561223264,0.0,0.0,0.0,0.0,6.740252404697287,0.0,0.0,0.0,0.0,0.0300424197864686,0.0,0.0,0.0,5.462258143081956,0.0,0.0,322.1199423819095,0.0,0.0,-651.4555277708305,0.0,0.0,0.0,0.0,59.62429772968041,903.9134170050453,0.0,0.27311290715409786,0.0,0.0,0.0,0.0,0.0,0.0,0.0,0.0,0.0,0.0,-42.56020258174614,0.0,16.386774429245868,0.0,0.0,1000.0,-566.5713191479381,846.5890730355159,-0.006827822678852445,0.0,0.0,240.82840021372516,8.193387214622934,0.0,8.193387214622934,0.0,0.0,0.0,0.0,826.3877885743583,-1000.0,0.0,0.0,0.0,0.0,410.9821957876117,0.0,0.0,0.0,0.0,0.0,0.0,0.0,0.0,0.0,0.0,0.0,0.0,0.0,0.0,0.0,0.0,-1000.0,0.0,0.0,8.193387214622934,0.0,8.466500121777033,8.466500121777033,0.0,-91.80094945764444,0.0,91.80094945764444,-91.80094945764444,-1000.0,0.0,0.0,26.424529847260033,0.0,0.0,0.0,0.0,0.0,44.66317196683269,0.02731129071540978,0.0,0.0,0.0,-680.462258143082,0.0,0.0,0.0,0.0,0.0,84.34267379344976,0.0,0.0,0.0,0.0,0.0,-186.40883717839196,-186.40883717839196,0.0,0.0,0.0,0.0,0.0,0.0,0.0,-186.38152588767656,0.0,0.0,0.0,-1000.0,0.0,0.0,0.0,0.0,0.0,0.0,0.0,0.0,0.0,0.0,-940.287642705609,0.0,0.0,0.0,0.0,-1000.0,0.0,0.0,0.0,0.0,0.0,0.0,0.0,-189.70235612232634,189.70235612232634,896.2675363124797,0.0,0.0,0.0,0.0,0.0,0.0,0.0,-3.4139113394262233,0.0,0.0,0.0,0.0,0.0,0.0,0.0,0.0,0.0,0.0,0.0,0.0,0.0,0.0,591.3867744292459,889.7023561223264,0.0,0.0,0.0,77.3079338402602,-652.0252247593284,0.0,0.0,0.0,0.0,322.1199423819095,0.0,0.0,0.0,0.0,0.0,0.0,0.0,0.0,0.0,0.8794235610362193,0.0,0.0,0.0,950.1054975724192,573.2365345468074,817.0378962823709,0.0,-889.7023561223264,0.0,0.0,973.57547015274,-218.4075584880905,0.0,0.0,0.0,-327.2776796335148,0.0,0.0,-634.0499970447861,0.0,0.0,-634.0499970447859,0.0,0.0,-756.2736752702644,0.0,-1000.0,0.0,0.0,-151.11081021360403,0.0,0.0,0.0,-1000.0,0.0,1000.0,0.0,238.21633716466278,0.0,77.3079338402602,0.0,0.0,0.0,0.0,322.1199423819095,-0.04096693607311467,0.0,0.0,0.0,0.0,0.02731129071540978,0.0,0.0,0.0,746.6848776711895,103.55739147297638,0.0,-271.29610199736294,262.0061252912815,0.0,786.3477115174447,0.0,-252.55064161631162,0.0,0.0,0.0,0.0,0.0,764.8746156530116,0.0,-512.3239740367,-672.3809292325426,-1000.0,0.0,0.0,0.0,0.0,0.0,0.0,0.0,0.0,0.0,0.0,0.0,0.0,0.0,0.0,0.0,0.0,0.0,-388.91138622973494,0.0,-1000.0,0.0,0.0,0.0,0.0,0.0,0.0,-45.54259552786891,0.0,42.56020258174614,0.0,0.0,825.0222240385879,0.0,0.0,0.0,0.0,-59.62429772968041,0.0,0.0,708.3232033047929,-1000.0,0.0,-413.8766765550644,0.0,-0.6827822678852445,-1.365564535770489,0.0,0.0,-1000.0,832.4007332210808,-1.365564535770489,8.193387214622934,0.0,0.0,0.0,0.0,0.0,0.0,0.0,0.0,0.0,0.0,249.53774185691805,0.0,0.0,-424.65248563377014,0.0,0.0,0.0,0.0,0.0,-329.335585388921,0.0,0.0,221.84567569717825,0.0,0.0,0.0,0.0,-97.26887092845902,0.0546225814308378,0.0,0.0,0.0,0.0,0.0,0.0,0.0,0.0,0.0,963.5377147347257,0.0,0.0,0.0,0.0,0.0,0.0,0.0,0.0,0.0,0.0300424197864686,0.0300424197864686,0.0,274.53774185691805,0.0,16.386774429245868,0.0,0.0,0.0,1000.0,0.0,612.7617841335191,0.0,0.0,0.0,146.50059450557802,-1000.0,0.0,0.0,0.0,0.0,0.0,221.84567569717825,0.0,0.0,0.0,0.0,0.0,0.0,0.0,333.3333333333333,-746.6848776711895,680.462258143082,0.0,2.102969385086552,0.0,996.5860886605738,-755.7576884468486,-1000.0,0.0,146.50059450557802,0.0,0.0,49.231723577119,0.0,0.0,0.0,0.0,0.0,0.0,0.0,0.0,0.0,0.0,0.0,0.0,0.0,0.0,0.0,0.0,16.386774429245868,973.57547015274,973.57547015274,0.0,0.0,0.0,0.0,0.0,0.0,0.0,0.0,0.0,0.0,0.27311290715409786,0.0,0.0,0.0,0.0,0.0,0.0,0.0,0.0,8.193387214622934,0.0,0.0,0.0,0.0,0.0,0.0,0.0,0.0,0.0,0.0,140.62211516087757,0.0,0.0,8.193387214622934,8.193387214622936,1000.0,-1000.0,0.0,221.84567569717825,0.0,0.0,0.0,0.0,0.0,672.3809292325426,0.0,1000.0,0.02731129071540978,0.0,0.0,0.0,2.2024605155498316,0.0,0.0,-240.82840021372516,0.0,0.0,0.0,0.0,0.0,0.0,0.0,0.0,0.0,0.0,0.0,0.0,0.0,0.0,0.02731129071540978,0.0,0.0,0.0,0.0,0.0,0.0,0.0,0.0,0.0,0.0,92.32055794535813,0.0,0.0,-706.3915646617461,-2.0483468036557344,-1.365564535770489,0.0,0.0,-46.874999999999986,-46.874999999999986,46.87499999999999,0.0,0.0,0.0,0.0,0.0,0.0,0.0,973.57547015274,0.0,0.0,0.0,-1000.0,0.0,0.0,0.0,-0.02731129071540978,0.0,0.0,0.02731129071540978,0.0,0.02731129071540978,0.0,0.0,0.0,16.386774429245868,33.31977467279994,33.31977467279994,0.0,0.0,0.0,0.0,0.0,0.0,42.56020258174614,680.462258143082,0.0,0.0,0.0,0.0,767.2261177836078,0.0,0.0,0.0,0.0,0.0,0.0,0.0,0.0,0.0,0.0,0.0,0.0,0.0,0.0,244.24231155315138,0.0,0.0,0.0,0.04096693607311467,0.0,0.0,0.0,-8.193387214622934,0.0,0.0,0.0,0.0,0.0,-274.53774185691805,1.365564535770489,0.0,0.0,0.0,0.0,0.0,907.6794420546419,0.0,0.0,0.0,0.0,0.0,0.0,0.0,0.0,973.57547015274,0.0,0.0,1000.0,274.53774185691805,0.0,1000.0,0.0,95.30295089148103,862.1368465267728,42.56020258174614,-1000.0,0.0,-251.72733316089045,0.0,1.365564535770489,876.9189372619352,0.0,0.0,0.0,-329.335585388921,0.0,0.0,0.0,0.0,0.0,0.0,0.0,0.0,0.0,936.1909490982976,0.0,33.31977467279994,0.0,0.0,0.0,0.0,0.0,0.0,0.0,0.0,0.0,0.8794235610362193,0.0,0.0,280.6827822678853,-965.7401752502756,0.0,0.0,8.193387214622934,0.0,0.0,0.0,0.0,-189.84049781517507,0.0,0.0,0.0300424197864686,0.0,0.0,0.0,16.65988733639997,0.0,0.0,0.0,0.0,591.3867744292459,0.0,0.0,0.0,0.0,0.0,0.0,0.0,0.0,0.0,0.0,0.002731129071541056,0.002731129071541056,0.0,0.0,0.0,0.0,0.0,0.0,0.0,0.0,0.0,0.0,0.0,0.0,0.0,0.0,0.0,274.53774185691805,0.0,0.0,0.0,0.0,0.0,0.0,0.0,0.0,0.0,0.0,0.0,0.0,0.0,-786.14496464935,196.44260852702362,0.0,0.0,0.0,16.386774429245868,0.0,0.0,0.0,0.0,0.0,-16.386774429245868,0.0,0.0,0.0,0.0,0.0,0.0,0.0,0.0,0.0,0.0,0.0,0.0,0.0,-1000.0,-1000.0,785.9343519236635,0.0,-8.193387214622934,0.0,610.9793686074036,0.0,0.0,0.0,0.0,0.0,0.0,0.0,0.0,0.0,0.0,0.0,0.0,0.0,0.0,0.0,0.0,0.0,-3.4139113394262233,973.57547015274,-827.0705708422436,765.177770979952,0.0,0.0,0.0,0.0,0.0,0.0,-0.3413911339426223,329.335585388921,0.0,0.0,0.0,0.0,0.0,0.0,0.0,1000.0,8.193387214622936,8.193387214622934,0.0,0.0,0.0,0.0,0.0,0.0300424197864686,274.53774185691805,0.0,0.0,-610.9793686074036,0.0,0.0,0.0,0.0,0.0,0.0,0.0,0.0,0.0,0.0,0.0,0.0,0.0,0.0,0.0,0.0,0.0,8.466500121777033,0.0,28.676855251180267,44.66317196683269,0.0,0.0,0.0,0.0,0.0,274.53774185691805,0.0,-909.0450065904123,0.0,0.0,0.0,-3.4139113394262233,0.0,0.0,0.0,0.0,0.0,0.0,0.0,0.0,0.0,0.0,0.0,0.0,0.0,0.0,0.0,0.0,0.0,0.0,-0.02731129071540978,0.0,0.0,1.365564535770489,-146.50059450557802,0.0,0.0,0.0,0.0,973.57547015274,0.0,0.0,0.0,-764.8746156530116,0.6827822678852445,0.0,0.0,0.0,0.02731129071540978,0.0,27.31129071540978,0.0,5.462258143081957,0.19508064796721272,93.13150133954736,-0.020483468036557335,413.8766765550644,0.5462258143081956,-0.13655645357687263,-93.13150133954736,8.193387214622936,-0.027311290715409782,0.0,221.84567569717825,0.0068278226788524455,0.19508064796721272,0.0,-4.347957481893317,-0.5462258143081956,-300.0,-0.027311290715409782,0.0068278226788524455,-93.13150133954736,2.731129071540978,0.027311290715409782,0.02731129071540978,-274.48038814641615,0.03004241978695084,-236.6652914036489,-0.020483468036557335,8.193387214622934,0.027311290715409782,8.193387214622934,-13.655645357704891,-0.01365564535770489,152.32261761019913,649.266784397072,-0.020483468036557335,-0.027311290715409775,0.0,0.02731129071540978,2.731129071540978,-0.5462258143081956,244.24231155315138,244.24231155315138,-2.731129071540978,300.0,-244.24231155315138,5.462258143081956,0.04096693607311467,-1000.0,2.731129071540978,-333.3333333333333,221.84567569717825,-5.462258143081956,0.01365564535770489,0.27311290715409786,67.82402549934073,280.0,-0.02731129071540978,-280.6827822678853,274.48038814641615,8.466500121777033,0.027311290715409782,4.347957481893317,189.07212683868636,221.84567569717825,-0.02731129071540978,-0.006827822678852445,-221.84567569717825,-0.027311290715409782,-97.26887092845902,0.02731129071518241,-0.006827822678852445,-0.006827822678852445,-0.006827822678852445,10.924516286163913,13.655645357704891,0.27311290715409786,20.23425250877917,-0.006827822678852445,135.64805099868147,1.365564535770489,50.0,0.02731129071540978,0.01365564535770489,0.013655645357704891,75.0,0.0,0.02731129071540978,0.0,0.27311290715409786,0.027311290715409782,-20.23425250877917,0.027311290715409782,0.10924516286157654,0.13655645357687263,0.01365564535770489,0.006827822678852445,8.193387214622934,-0.027311290715409782,236.6652914036489,0.2731129071540978,-40.46850501755834,413.19389428717915,-2.731129071540978,5.462258143081956,1.365564535770489,-0.027311290715409782,0.0,0.04096693607311467,-0.027311290715409782,-150.0,0.0,394.9657653168189,0.013655645357704891,-100.0,-0.027311290715409782,-0.02731129071518241,-0.027311290715409782,0.013655645357704888,93.13150133954736,-5.462258143081956,0.02731129071540978,135.64805099868147,-0.006827822678852445,-0.03004241978695084,-135.64805099868147,4.096693607311467,-649.266784397072,603.9239223074371,93.13150133954736,-0.020483468036557335,280.6827822678853,-280.0,0.027311290715409782,-0.006827822678852447,1.365564535770489,27.31129071540978,-0.01365564535770489,-0.027311290715409782,0.006827822678852445,1000.0,0.0,909.6709465893908,0.0,-255.0,0.0,-215.95249840996507,-140.0,0.0,982.0420471318391,-255.0,-325.0,-90.31539776525142,-491.02102356591956,127.5,127.5,0.0,70.0,-274.53774185691805,-205.12526750164383,90.31539776525142,325.0,-205.12526750164383,215.95249840996507,-203.8778771600962,0.0,1496.5981,hplb
288,0.0,0.0,0.0,0.0,0.0,0.0,0.0,0.0,-0.11987353751786199,0.0,0.0,0.0,0.0,0.0,0.0,0.0,690.4748183898178,0.0,0.0,-575.590125255726,0.0,0.0,0.0,1000.0,0.0,0.0,0.0,0.0,0.0,-765.0057622278237,0.0,0.0,107.93451366187179,0.0,0.0,0.0,0.0,828.1587584696332,0.0,-1000.0,188.9588483606724,0.0,-89.01314954259422,-612.7564859862516,0.0,0.0,0.0,0.0,598.2742802816633,0.0,0.0,0.0,0.0,0.1318608912696817,0.0,0.0,0.0,0.0,0.0,0.0,-10.556862870741156,0.0,556.1440224916184,545.5871596208773,0.0,0.0,0.0,0.0,985.6880711158185,-985.6880711158185,0.0,1.1987353751786198,0.0,0.0,0.0,0.0,0.0,0.0,0.0,0.0,0.0,0.0,-18.692467733441305,0.0,71.92412251071718,0.0,0.0,-699.6441126006617,0.0,-459.14166642947896,848.7033600174742,0.0,0.0,182.11713090849145,35.96206125535859,0.0,35.96206125535859,0.0,849.1526106735976,0.0,0.0,5.993676875893099,-1000.0,0.0,0.0,-29.416281158983434,0.0,0.0,0.0,0.0,0.0,0.0,0.0,0.0,0.0,0.0,0.0,0.0,0.0,0.0,0.0,0.0,0.0,0.0,-1000.0,0.0,0.0,35.96206125535859,0.0,37.16079663053721,37.16079663053721,0.0,0.0,460.3619979277163,-460.3619979277163,460.3619979277163,711.4528575744044,0.0,0.0,-711.4528575744044,0.0,0.0,0.0,0.0,0.0,27.922730122316676,0.11987353751786199,848.7333284018537,0.0,0.0,-1000.0,648.7079363802627,0.0,0.0,0.0,0.0,346.2798052414014,0.0,0.0,0.0,0.0,0.0,-107.15597087338963,-107.15597087338963,0.0,0.0,0.0,0.0,-126.94596697787598,0.0,0.0,-107.03609733587177,0.0,0.0,0.0,-27.48784111714383,-706.836117303111,0.0,0.0,0.0,0.0,0.0,0.0,0.0,0.0,0.0,0.0,0.0,0.0,0.0,0.0,-1000.0,0.0,0.0,0.0,0.0,0.0,0.0,89.01314954259422,759.141666429479,-759.141666429479,0.0,0.0,0.0,0.0,0.0,0.0,0.0,234.99423777217635,-362.6668360735679,0.0,0.0,0.0,0.0,0.0,0.0,0.0,0.0,0.0,0.0,0.0,0.0,0.0,0.0,436.35607621900084,-612.7564859862516,0.0,0.0,0.0,0.0,157.89277271069594,0.0,0.0,0.0,0.0,-10.556862870741156,0.0,0.0,0.0,0.0,0.0,0.0,0.0,0.0,0.0,3.85992790807714,23.974707503572397,0.0,0.0,0.0,-848.1548159720732,746.7849836530747,0.0,612.7564859862516,0.0,0.0,0.0,-414.85570133443275,0.0,0.0,0.0,-129.57837357559742,0.0,0.0,-1000.0,781.2499999999418,983.6495585588357,-983.6495585588357,-797.6004414411061,1000.0,759.141666429479,0.0,284.9213734927514,0.0,0.0,250.87599022521337,0.0,0.0,0.0,354.2468847927743,0.0,-354.2468847927743,0.0,-107.2758444109075,0.0,0.0,0.0,0.0,0.0,0.0,-10.556862870741156,-0.17981030627679298,0.0,0.0,0.0,0.0,0.11987353751786199,0.0,0.0,0.0,802.2852381258683,690.4748183898178,0.0,-676.9759867676203,862.5832020894853,706.836117303111,98.89561711960337,0.0,896.2320032645707,0.0,-29.416281158983434,0.0,0.0,0.0,-10.32111158028795,-885.9108916842828,0.0,-1000.0,-1000.0,0.0,0.0,0.0,0.0,0.0,0.0,0.0,0.0,0.0,0.0,0.0,0.0,0.0,0.0,0.0,0.0,0.0,1000.0,0.0,171.36174738029354,0.0,0.0,0.0,371.45479824825566,0.0,0.0,-31.782658030393815,0.0,867.8450784070388,0.0,886.8990253723895,0.0,0.0,0.0,808.278923999979,0.0,-99.77717943153577,209.70210662770023,0.0,-48.30874364019064,-1000.0,0.0,-1000.0,1000.0,-2.9968384379465496,-5.993676875893099,0.0,0.0,157.07643838556606,0.0,0.0,35.96206125535859,0.0,0.0,0.0,106.08114664100037,0.0,0.0,0.0,0.0,0.0,0.0,154.36042701441067,0.0,0.0,0.0,0.0,0.0,234.99423777217635,0.0,0.0,-21.113725741482273,0.0,0.0,126.0252924964276,0.0,0.0,0.0,0.0,49.101951343904915,0.23974707503765558,0.0,0.0,0.0,0.0,0.0,0.0,0.0,0.0,0.0,0.0,0.0,0.0,0.0,0.0,0.0,0.0,0.0,0.0,0.0,0.1318608912696817,0.1318608912696817,0.0,256.0252924964276,0.0,71.92412251071718,0.0,0.0,0.0,1000.0,0.0,0.0,0.0,0.0,0.0,598.666737514281,-1000.0,0.0,0.0,543.2534424082228,0.0,0.0,126.0252924964276,0.0,0.0,0.0,0.0,0.0,0.0,0.0,333.3333333333333,-802.2852381258683,351.2920636197373,0.0,9.23026238887537,0.0,24.22435819779551,157.89277271069594,0.0,0.0,598.666737514281,0.0,439.3062967840898,208.46239207409613,0.0,0.0,0.0,0.0,0.0,0.0,0.0,0.0,0.0,0.0,0.0,0.0,0.0,0.0,0.0,0.0,71.92412251071718,0.0,0.0,0.0,0.0,0.0,0.0,0.0,0.0,0.0,0.0,0.0,0.0,1.1987353751786198,0.0,0.0,0.0,0.0,0.0,89.01314954259422,0.0,0.0,35.96206125535859,-543.2534424082228,0.0,0.0,0.0,0.0,0.0,0.0,0.0,0.0,0.0,807.2897442884055,1000.0,0.0,35.96206125535859,35.96206125535859,1000.0,-1000.0,0.0,126.0252924964276,0.0,0.0,0.0,0.0,0.0,1000.0,234.99423777217635,896.0825550223943,0.11987353751786199,0.0,0.0,0.0,9.66694456126187,0.0,0.0,-182.11713090849145,0.0,0.0,0.0,0.0,0.0,0.0,0.0,0.0,0.0,0.0,0.0,0.0,0.0,0.0,0.11987353751786199,0.0,0.0,0.0,0.0,0.0,0.0,0.0,0.0,0.0,0.0,836.062420376645,0.0,0.0,-828.6382526197065,-8.990515313839648,-5.993676875893099,0.0,0.0,0.0,0.0,0.0,0.0,0.0,0.0,0.0,0.0,0.0,0.0,0.0,706.836117303111,0.0,0.0,163.07011526145916,0.0,0.0,0.0,-0.11987353751786199,0.0,0.0,0.11987353751786199,0.0,0.11987353751786199,0.0,0.0,0.0,71.92412251071718,146.24571577179162,146.24571577179162,0.0,0.0,0.0,0.0,0.0,0.0,18.692467733441305,351.2920636197373,0.0,234.99423777217635,0.0,0.0,0.0,0.0,0.0,0.0,0.0,0.0,0.0,0.0,0.0,0.0,0.0,0.0,0.0,0.0,0.0,157.89277271069594,0.0,-525.8397457876957,525.8397457876957,0.17981030627679298,0.0,0.0,0.0,-35.96206125535859,0.0,0.0,0.0,0.0,0.0,-256.0252924964276,5.993676875893099,0.0,0.0,0.0,0.0,126.94596697787598,-5.993676875893099,0.0,0.0,0.0,0.0,0.0,0.0,0.0,0.0,0.0,0.0,543.2534424082228,775.4222640741372,256.0252924964276,0.0,652.3173561161649,-29.416281158983434,0.0,-37.776334906286934,867.8450784070388,-830.0687435007519,0.0,-561.1014171062244,0.0,5.993676875893099,459.77791582200274,0.0,0.0,0.0,-21.113725741482273,968.7500000001093,-968.7500000001093,-671.8750000001307,671.8750000001307,0.0,0.0,0.0,0.0,0.0,22.831102237463284,-40.812132865142644,146.24571577179162,0.0,0.0,0.0,0.0,0.0,0.0,0.0,0.0,0.0,3.85992790807714,0.0,0.0,242.18470557280398,-9.66694456126187,-486.0431424482364,-89.01314954259422,35.96206125535859,0.0,0.0,0.0,0.0,159.27879184134602,0.0,0.0,0.1318608912696817,0.0,0.0,0.0,73.12285788589581,0.0,0.0,0.0,0.0,436.35607621900084,0.0,0.0,0.0,0.0,0.0,0.0,0.0,0.0,-1000.0,0.0,0.011987353751786198,0.011987353751786198,0.0,0.0,0.0,0.0,0.0,0.0,0.0,0.0,0.0,0.0,0.0,0.0,0.0,0.0,0.0,256.0252924964276,0.0,0.0,0.0,0.0,0.0,0.0,0.0,0.0,0.0,0.0,0.0,0.0,777.5683148409183,1000.0,0.0,0.0,0.0,0.0,71.92412251071718,0.0,0.0,0.0,0.0,0.0,0.0,-71.92412251071718,0.0,0.0,0.0,0.0,0.0,0.0,0.0,0.0,0.0,0.0,0.0,0.0,-896.0825550223943,-1000.0,82.11337319973546,0.0,-35.96206125535859,0.0,828.1587584696332,0.0,0.0,0.0,0.0,0.0,0.0,0.0,0.0,0.0,65.10416666666667,0.0,-65.10416666666667,-65.10416666666667,0.0,0.0,0.0,0.0,-14.984192189732747,0.0,-8.990515313839648,31.821617551302943,0.0,0.0,0.0,0.0,0.0,-1.4984192189732748,0.0,21.113725741482273,0.0,0.0,0.0,0.0,0.0,0.0,0.0,1000.0,35.96206125535859,35.96206125535859,0.0,0.0,0.0,0.0,0.0,0.1318608912696817,256.0252924964276,0.0,0.0,-828.1587584696332,0.0,0.0,0.0,0.0,0.0,0.0,0.0,0.0,0.0,0.0,0.0,0.0,0.0,0.0,262.91987289384787,0.0,0.0,37.16079663053721,0.0,125.86721439375506,27.922730122316676,0.0,0.0,0.0,0.0,0.0,256.0252924964276,0.0,0.0,0.0,0.0,0.0,-14.984192189732747,0.0,0.0,0.0,0.0,0.0,0.0,0.0,0.0,0.0,0.0,0.0,0.0,0.0,0.0,0.0,0.0,0.0,0.0,-0.11987353751786199,0.0,0.0,5.993676875893099,-598.666737514281,0.0,0.0,0.0,0.0,0.0,0.0,0.0,0.0,10.32111158028795,2.9968384379465496,0.0,0.0,0.0,0.11987353751786199,0.0,119.87353751786198,0.0,23.974707503572397,0.8562395536990142,408.7687629359093,-0.08990515313839649,191.72107600002096,2.3974707503572397,-0.5993676875910978,-408.7687629359093,35.96206125535859,-0.11987353751786199,9.805427052994478,126.0252924964276,0.029968384379465498,0.8562395536990142,-29.416281158983434,-19.08386717284563,-2.3974707503572397,-114.88469313409178,-0.11987353751786199,0.029968384379465498,-408.7687629359093,197.9309910442301,0.11987353751786199,0.11987353751786199,-255.77355806764007,0.1318608912696482,0.0,-0.08990515313839649,35.96206125535859,0.11987353751786199,35.96206125535859,-59.93676875893099,-0.059936768758930996,-287.44724292343454,-170.0,-0.08990515313839649,-0.11987353751786199,0.0,0.11987353751786199,11.987353751786198,-2.3974707503572397,157.89277271069594,157.89277271069594,-11.987353751786202,114.88469313409178,-157.89277271069594,23.974707503572397,0.17981030627679298,-514.3006194407692,11.987353751786198,-333.3333333333333,126.0252924964276,-23.974707503572397,0.059936768758930996,1.1987353751786198,169.24399669190507,280.0,-0.11987353751786199,-282.9968384379466,255.77355806764007,37.16079663053721,0.11987353751786199,19.08386717284563,-203.7665898174506,126.0252924964276,-0.11987353751786199,-0.029968384379465498,-126.0252924964276,-0.11987353751786196,49.101951343904915,0.11987353751785854,-0.029968384379465498,-0.029968384379465498,-0.029968384379465498,47.94941500714479,59.93676875893099,1.1987353751786198,204.38797793558055,-0.029968384379465498,328.68256633081563,5.993676875893099,-18.557298796059357,0.11987353751786199,0.059936768758930996,0.059936768758930996,75.0,0.0,0.11987353751786199,0.0,1.1987353751786198,0.11987353751786199,-435.54131958964257,0.11987353751786199,0.4794941500732648,0.5993676875910978,0.059936768758930996,0.029968384379465498,35.96206125535859,-0.11987353751786199,0.0,1.1987353751786198,-408.7759558711611,188.72423756207445,-11.987353751786198,23.974707503572397,5.993676875893099,-0.11987353751786199,29.416281158983434,0.17981030627679298,-0.11987353751786199,-150.0,0.0,115.04972090747825,0.059936768758930996,37.11459759211871,-0.11987353751786199,-0.11987353751785854,-0.11987353751786199,0.059936768758930996,408.7687629359093,-23.974707503572397,0.11987353751786199,338.48799338381014,-0.029968384379465498,-0.1318608912696482,-338.48799338381014,17.981030627679296,170.0,17.69908041252064,408.7687629359093,-0.08990515313839649,282.9968384379466,-280.0,0.11987353751786199,-0.029968384379465494,892.8927022482826,119.87353751786198,-0.059936768758930996,-0.11987353751786199,0.029968384379465498,0.0,0.0,214.24068267201025,231.15334165406202,-255.0,0.0,511.83458086577724,-140.0,185.9436372924439,-80.0,-255.0,-325.0,-300.0,40.0,127.5,127.5,-185.9436372924439,70.0,-256.0252924964276,-274.32851274882427,300.0,325.0,-274.32851274882427,-511.83458086577724,351.8069084657208,0.0,1496.5981,hplb
289,0.0,0.0,0.0,0.0,0.0,0.0,0.0,0.0,331.62519459172984,0.0,0.0,0.0,0.0,0.0,0.0,0.0,-71.03615243229342,371.0361524322934,0.0,0.0,0.0,0.0,0.0,0.0,0.0,0.0,0.0,0.0,0.0,-389.6009815011787,0.0,0.0,125.13372825773395,0.0,0.0,0.0,0.0,999.5009430927862,0.0,-91.66188954841152,962.5707319590044,0.0,0.0,-681.4351709311147,0.0,0.0,0.0,0.0,0.0,0.0,0.0,-142.07230486458684,0.0,0.13724064948377396,0.0,0.0,0.0,24.952845360663737,0.0,0.0,-10.987569573812259,0.0,0.0,-10.987569573812259,0.0,0.0,0.0,0.0,830.4839617335183,-572.2014637852803,0.0,1.247642268033187,0.0,0.0,0.0,0.0,0.0,0.0,0.0,0.0,0.0,0.0,-161.49360937031483,0.0,74.85853608199122,0.0,0.0,-150.27452695348995,976.6985295708481,-297.4601550496516,-0.03119105670082967,0.0,0.0,0.0,37.42926804099561,0.0,37.42926804099561,-515.1439071931252,117.42834727690638,0.0,0.0,6.238211340165934,-657.2042713400593,0.0,0.0,-12.108982329912598,0.0,0.0,0.0,0.0,0.0,0.0,0.0,0.0,0.0,0.0,0.0,0.0,0.0,0.0,0.0,0.0,0.0,0.0,-337.4526773964024,0.0,0.0,37.42926804099561,0.0,38.67691030902879,0.0,0.0,-189.96496188531057,928.8497995922701,-738.8848377069595,738.8848377069595,0.0,0.0,0.0,0.0,0.0,0.0,0.0,0.0,0.0,171.10045483417036,0.12476422680331868,0.0,0.0,0.0,-320.7109507272546,0.0,0.0,0.0,0.0,0.0,935.9109774195897,0.0,0.0,0.0,0.0,0.0,255.03823336596062,255.03823336596062,0.0,0.0,0.0,0.0,0.0,0.0,0.0,255.16299759276393,0.0,0.0,0.0,-1000.0,-92.78105080843837,0.0,0.0,0.0,0.0,0.0,0.0,0.0,0.0,0.0,-388.7790635435759,0.0,0.0,0.0,0.0,-1000.0,0.0,0.0,0.0,0.0,0.0,0.0,142.07230486458684,-379.23837452119653,379.23837452119653,0.0,0.0,0.0,0.0,0.0,0.0,0.0,267.60328983888064,-411.42174342041534,0.0,0.0,0.0,0.0,0.0,0.0,0.0,0.0,0.0,0.0,0.0,0.0,0.0,37.10718097276442,270.6166414485821,318.5648290688853,0.0,0.0,0.0,0.0,54.25183325346368,0.0,0.0,0.0,0.0,-10.987569573812259,1000.0,0.0,0.0,0.0,0.0,0.0,0.0,0.0,0.0,95.45736555083842,0.0,0.0,0.0,-946.3734592217955,409.5634448702491,-387.44059661009965,0.0,-318.5648290688853,0.0,0.0,0.0,757.4866880275451,0.0,0.0,0.0,-146.3757995774347,0.0,0.0,-498.97960075176155,0.0,0.0,-498.97960075176155,0.0,0.0,597.4601550496516,0.0,0.0,0.0,0.0,293.84035952779544,0.0,0.0,0.0,119.16982421613056,0.0,-119.16982421613056,0.0,1000.0,0.0,0.0,-369.2788924968642,0.0,0.0,0.0,-10.987569573812259,-0.18714634020497803,0.0,0.0,0.0,0.0,0.12476422680331868,0.0,0.0,0.0,812.8615331547023,-71.03615243229342,0.0,-915.7960435579001,408.8403998903134,92.78105080843837,1000.0,0.0,-752.0810606117185,0.0,-12.108982329912598,0.0,0.0,0.0,251.8976722200188,197.6948004383892,302.4885879533105,-358.9108127311083,-1000.0,0.0,0.0,0.0,0.0,0.0,0.0,0.0,0.0,0.0,0.0,0.0,0.0,0.0,0.0,0.0,0.0,0.0,0.0,0.0,-1000.0,0.0,0.0,606.5838646408971,0.0,0.0,0.0,-266.5578203850087,0.0,278.92195664722124,0.0,677.8266028780514,0.0,-28.178762171907465,0.0,0.0,759.1938675427962,-1000.0,0.0,-6.238211340165934,-1000.0,-410.950094369815,0.0,-6.238211340165934,1000.0,-762.3129732128791,0.0,0.0,0.0,0.0,486.7122299288519,597.9477254402071,37.42926804099561,0.0,0.0,0.0,0.0,0.0,331.7499588185332,0.0,-37.10718097276442,37.10718097276442,37.10718097276442,242.15613696924885,0.0,0.0,-745.0865308608428,0.0,0.0,267.60328983888064,0.0,0.0,-21.975139147624517,0.0,0.0,0.0,0.0,0.0,0.0,0.0,-87.52357731966814,0.24952845360649906,0.0,0.0,0.0,0.0,0.0,0.0,0.0,0.0,0.0,258.28249794823796,0.0,0.0,0.0,0.0,0.0,0.0,0.0,0.0,0.0,0.13724064948377396,0.13724064948377396,0.0,292.1543356121007,0.0,74.85853608199122,0.0,0.0,0.0,1000.0,0.0,583.5596619727708,0.0,0.0,0.0,695.1658005929244,-1000.0,0.0,0.0,0.0,0.0,0.0,0.0,0.0,0.0,0.0,0.0,0.0,0.0,0.0,112.48422579880081,-812.8615331547023,320.7109507272546,0.0,9.606845463855535,0.0,0.0,0.0,-54.25183325346368,0.0,695.1658005929244,0.0,0.0,607.6422232732563,0.0,0.0,37.10718097276442,0.0,0.0,0.0,0.0,0.0,0.0,0.0,0.0,0.0,0.0,0.0,0.0,0.0,74.85853608199122,0.0,0.0,0.0,0.0,0.0,0.0,0.0,0.0,0.0,0.0,0.0,0.0,1.247642268033187,0.0,0.0,0.0,0.0,0.0,142.07230486458684,0.0,0.0,37.42926804099561,0.0,0.0,0.0,0.0,0.0,0.0,0.0,0.0,0.0,0.0,966.1802833322523,-1000.0,0.0,37.42926804099561,37.42926804099561,1000.0,-1000.0,0.0,0.0,0.0,0.0,0.0,0.0,0.0,16.115084071167644,267.60328983888064,-103.55285335523683,0.12476422680331868,0.0,0.0,0.0,164.76898495475422,0.0,0.0,0.0,0.0,0.0,0.0,0.0,0.0,0.0,0.0,0.0,0.0,0.0,0.0,0.0,0.0,0.0,0.12476422680331868,0.0,0.0,0.0,0.0,0.0,0.0,0.0,0.0,0.0,-381.05199909689037,1000.0,0.0,0.0,-1000.0,-9.357317010248902,-6.238211340165934,0.0,0.0,0.0,0.0,0.0,0.0,0.0,0.0,0.0,0.0,0.0,0.0,0.0,92.78105080843837,0.0,0.0,604.185936780373,0.0,0.0,0.0,331.62519459172984,0.0,0.0,0.12476422680331868,0.0,0.12476422680331868,0.0,0.0,0.0,74.85853608199122,152.21235670004882,152.21235670004882,0.0,0.0,0.0,0.0,0.0,0.0,161.49360937031483,320.7109507272546,0.0,267.60328983888064,0.0,0.0,0.0,262.6398721477847,0.0,0.0,0.0,0.0,0.0,0.0,0.0,0.0,0.0,0.0,0.0,0.0,0.0,54.25183325346368,0.0,0.0,0.0,0.18714634020497803,0.0,0.0,0.0,-37.42926804099561,0.0,0.0,0.0,0.0,0.0,-292.1543356121007,6.238211340165934,0.0,0.0,0.0,0.0,0.0,0.0,0.0,0.0,0.0,0.0,0.0,0.0,0.0,0.0,0.0,0.0,0.0,-278.03651180652196,255.04715463933627,0.0,604.1737849299996,-12.108982329912598,0.0,114.49417871188166,278.92195664722124,-393.4161353591029,0.0,605.2743313274964,0.0,6.238211340165934,1000.0,0.0,153.15868507524584,0.0,-21.975139147624517,0.0,0.0,1000.0,-1000.0,0.0,0.0,0.0,0.0,0.0,370.0644295230781,0.0,152.21235670004882,0.0,0.0,0.0,0.0,0.0,0.0,0.0,0.0,0.0,95.45736555083842,0.0,0.0,320.22628664284736,-423.05148290299223,950.9893111739822,0.0,37.42926804099561,0.0,0.0,0.0,0.0,456.7144937123311,0.0,0.0,0.13724064948377396,0.0,0.0,0.0,76.10617835002441,0.0,0.0,0.0,0.0,270.6166414485821,0.0,0.0,0.0,0.0,0.0,0.0,0.0,0.0,0.0,0.0,0.012476422680332225,0.012476422680332225,0.0,0.0,0.0,0.0,0.0,0.0,0.0,0.0,0.0,0.0,0.0,0.0,0.0,0.0,0.0,292.1543356121007,0.0,0.0,0.0,0.0,0.0,0.0,0.0,0.0,0.0,0.0,0.0,0.0,0.0,0.0,371.0361524322934,0.0,0.0,0.0,74.85853608199122,0.0,0.0,0.0,0.0,0.0,0.0,-74.85853608199122,0.0,0.0,0.0,0.0,0.0,0.0,0.0,0.0,0.0,0.0,0.0,0.0,103.55285335523683,-1000.0,348.10336750805794,93.75000000000009,-131.17926804099568,0.0,999.5009430927862,0.0,0.0,0.0,0.0,0.0,0.0,0.0,0.0,0.0,0.0,0.0,0.0,0.0,0.0,0.0,0.0,0.0,-15.595528350414952,0.0,-9.357317010248902,253.28255513753575,0.0,0.0,0.0,0.0,0.0,-1.5595528350414836,0.0,21.975139147624517,0.0,0.0,0.0,0.0,0.0,0.0,0.0,1000.0,37.42926804099561,37.42926804099561,0.0,0.0,0.0,0.0,0.0,0.13724064948377396,292.1543356121007,0.0,0.0,-999.5009430927862,0.0,0.0,0.0,0.0,0.0,0.0,0.0,0.0,0.0,0.0,0.0,0.0,0.0,0.0,0.0,0.0,0.0,0.0,0.0,131.00243814348462,0.0,0.0,171.10045483417036,0.0,0.0,0.0,292.1543356121007,0.0,85.20174610760598,0.0,0.0,0.0,-15.595528350414952,0.0,0.0,0.0,0.0,0.0,0.0,0.0,0.0,0.0,0.0,0.0,0.0,0.0,0.0,0.0,0.0,0.0,0.0,-0.12476422680331868,0.0,0.0,6.238211340165934,-695.1658005929244,0.0,0.0,0.0,0.0,0.0,0.0,0.0,0.0,-251.8976722200188,3.119105670082967,0.0,0.0,0.0,0.12476422680331868,0.0,124.76422680331868,-38.67691030902879,24.95284536066374,0.8911730485951335,348.09219278125914,-0.09357317010248901,6.238211340165934,2.495284536066374,-0.6238211340171347,-348.09219278125914,37.42926804099561,-0.12476422680331868,4.0363274433042,0.0,0.03119105670082967,0.8911730485951335,-12.108982329912598,-19.86246490708791,-2.495284536066374,-300.0,-0.12476422680331868,0.03119105670082967,-348.09219278125914,37.34361201693017,0.12476422680331868,0.12476422680331868,-291.8923307358136,0.13724064948365092,-188.43934091757671,-0.09357317010248901,37.42926804099561,0.1247642268033187,37.42926804099561,-62.382113401659346,-0.06238211340165934,-723.2536718421878,-66.85302016059887,-0.09357317010248901,-0.12476422680331868,-38.67691030902879,0.12476422680331868,12.476422680331869,-2.495284536066374,54.25183325346368,54.25183325346368,-12.476422680331869,300.0,-54.25183325346368,24.952845360663737,0.18714634020497803,-653.9722723172652,12.476422680331869,-112.48422579880081,0.0,-24.952845360663737,0.06238211340165934,1.247642268033187,228.94901088947503,280.0,-0.12476422680331868,-320.22628664284736,291.8923307358136,38.67691030902879,0.12476422680331868,19.86246490708791,-174.58426150058077,0.0,-0.12476422680331868,-0.03119105670082967,0.0,-0.12476422680331868,-87.52357731966814,0.12476422680331868,-0.03119105670082967,-0.03119105670082967,-0.03119105670082967,49.905690721327474,62.382113401659346,1.247642268033187,381.2796992327344,-0.03119105670082967,453.8616943356459,6.238211340165934,50.0,0.12476422680331868,0.06238211340165934,0.06238211340165934,12.476422680331869,38.67691030902879,0.12476422680331868,-38.67691030902879,1.247642268033187,0.12476422680331868,-958.96970463238,0.12476422680331868,0.4990569072137987,0.6238211340171347,0.06238211340165934,0.03119105670082967,37.42926804099561,-0.12476422680331868,188.43934091757671,1.247642268033187,-762.5593984654688,3.119105670082968,-12.476422680331869,24.952845360663737,6.238211340165934,-0.12476422680331868,12.108982329912598,0.18714634020497803,-0.12476422680331868,-24.95284536066373,38.67691030902879,-201.33503035476036,0.06238211340165934,-100.0,-0.1247642268033187,-0.12476422680331868,-0.1247642268033187,0.06238211340165934,348.09219278125914,-24.952845360663737,0.12476422680331868,457.89802177895007,-0.03119105670082967,-0.13724064948365092,-457.89802177895007,18.7146340204978,66.85302016059887,561.0868761472709,348.09219278125914,-0.09357317010248901,320.22628664284736,-280.0,0.12476422680331868,-0.031191056700829667,684.0648142182173,124.76422680331868,-0.06238211340165934,-0.12476422680331868,0.03119105670082967,0.0,0.0,353.9098902038635,577.6900053996455,-255.0,0.0,0.4606403064813094,-140.0,24.867189336598305,412.41191242146795,-255.0,-308.4156795634087,-300.0,-206.20595621073397,127.5,127.5,-24.867189336598305,70.0,-292.1543356121007,-255.37946335757073,300.0,308.4156795634087,-255.37946335757073,-0.4606403064813094,81.2842395633651,0.0,1496.5981,hplb
290,0.0,0.0,0.0,0.0,0.0,0.0,0.0,0.0,-0.035348077274397365,0.0,0.0,0.0,0.0,0.0,0.0,0.0,1000.0,58.62015777234461,0.0,-1000.0,0.0,0.0,0.0,0.0,0.0,0.0,0.0,0.0,0.0,-402.73993546444734,0.0,0.0,60.65747423730376,0.0,0.0,0.0,0.0,410.07922492441685,0.0,-1000.0,755.8233021184484,0.0,0.0,-885.0814595339136,0.0,0.0,0.0,87.72335820559853,287.82139499836103,-727.6646329123613,0.0,0.0,0.0,0.03888288500189674,0.0,0.0,0.0,0.0,0.0,0.0,-3.112987338632063,0.0,-727.5736304344634,-730.6866177730956,0.0,0.0,0.0,0.0,384.2553122148088,-384.2553122148088,0.0,0.35348077274397366,0.0,0.0,0.0,0.0,0.0,0.0,0.0,0.0,0.0,0.0,-397.0586999335885,0.0,21.20884636463842,0.0,0.0,-209.52482127345945,-621.75644839101,0.05302211591159604,-0.008837019318599341,0.0,0.0,0.0,10.60442318231921,0.0,10.60442318231921,-1.1382080882356718,0.0,0.0,0.0,1.7674038637198681,-402.73993546444734,0.0,0.0,-78.56133325493201,0.0,326.33623748656066,0.0,0.0,0.0,0.0,0.0,0.0,0.0,0.0,0.0,0.0,0.0,0.0,0.0,0.0,0.0,0.0,-895.0863911225479,0.0,0.0,10.60442318231921,0.0,10.957903955063184,10.957903955063184,0.0,-147.54289553337904,147.54289553337904,0.0,0.0,0.0,0.0,0.0,0.0,0.0,0.0,0.0,0.0,0.0,399.7805018837171,0.035348077274397365,0.0,0.0,0.0,0.0,-282.68286118698086,0.0,0.0,204.2702029358651,0.0,-110.46368890353517,0.0,0.0,0.0,0.0,0.0,-499.21550466430506,-499.21550466430506,0.0,0.0,0.0,0.0,315.93675298684445,0.0,0.0,-499.18015658703064,0.0,0.0,0.0,-36.33328556694727,0.0,0.0,0.0,0.0,0.0,0.0,0.0,0.0,0.0,0.0,-619.4018463720361,0.0,0.0,0.0,0.0,-824.6227146818716,0.0,0.0,0.0,0.0,0.0,727.6646329123613,0.0,921.7034262750984,-921.7034262750984,0.0,0.0,0.0,0.0,0.0,0.0,0.0,0.0,-403.8052639271983,0.0,0.0,0.0,0.0,0.0,0.0,0.0,0.0,0.0,0.0,0.0,0.0,0.0,917.0552928246661,196.82209209673974,-885.0814595339136,0.0,0.0,0.0,0.0,166.42984419528585,0.0,0.0,0.0,0.0,-3.112987338632063,0.0,0.0,0.0,0.0,0.0,0.0,0.0,0.0,0.0,0.0,94.792973660478,0.0,0.0,1000.0,-543.4598746661085,1000.0,0.0,885.0814595339136,0.0,0.0,0.0,-956.8753457252352,0.0,0.0,0.0,360.26981940154315,0.0,0.0,-1000.0,31.249999999999943,185.01985465390518,-1000.0,-31.25000000000003,185.01985465390527,299.9469778840884,0.0,-97.97298967745883,727.6646329123613,0.0,-45.89290068959083,0.0,0.0,0.0,-1000.0,0.0,1000.0,0.0,-499.2508527415794,0.0,0.0,0.0,0.0,0.0,0.0,-3.112987338632063,-0.05302211591159604,0.0,0.0,0.0,0.0,0.035348077274397365,0.0,0.0,0.0,647.5884473042665,1000.0,0.0,-232.93327870140422,1000.0,0.0,623.4973407556471,0.0,-412.8418220113675,0.0,-78.56133325493201,0.0,0.0,0.0,776.4541079437807,623.3247181168533,-986.9370040492665,383.8144546515086,-1000.0,0.0,0.0,0.0,0.0,0.0,0.0,0.0,0.0,0.0,0.0,0.0,0.0,0.0,0.0,0.0,0.0,0.0,-589.7793827664852,0.0,-1000.0,204.2702029358651,0.0,0.0,0.0,0.0,0.0,-399.7805018837171,0.0,192.78849699772343,0.0,0.0,0.0,-7.580030331662144,0.0,-1.7674038637198681,497.31227608556617,-1000.0,284.5279983796336,-1000.0,0.0,159.8432406021841,0.0,0.0,-1000.0,-498.1959780174261,998.2325961362801,976.503916456626,0.0,749.3373358562811,0.0,-772.3135860846394,10.60442318231921,0.0,0.0,0.0,0.0,0.0,0.0,255.58715650334938,-661.4681363213168,661.4681363213168,661.4681363213168,326.49171780005247,0.0,0.0,0.0,0.0,0.0,0.0,0.0,0.0,-6.225974677264134,0.0,0.0,142.93038454512052,0.0,0.0,0.0,0.0,-96.46519227256026,0.07069615454881834,0.0,0.0,0.0,0.0,0.0,0.0,0.0,0.0,0.0,0.0,0.0,0.0,0.0,0.0,0.0,0.0,0.0,0.0,0.0,0.03888288500189674,0.03888288500189674,0.0,195.57982583414247,0.0,21.20884636463842,0.0,0.0,0.0,-843.7625113124844,0.0,0.0,0.0,0.0,0.0,726.3941757104453,843.7625113124844,0.0,0.0,0.0,0.0,0.0,142.93038454512052,0.0,0.0,0.0,0.0,0.0,0.0,0.0,298.36213037418264,-647.5884473042665,282.68286118698086,0.0,2.7218019501285937,0.0,0.0,0.0,-166.42984419528585,0.0,726.3941757104453,0.0,0.0,629.9289834378851,0.0,0.0,917.0552928246661,0.0,0.0,0.0,0.0,0.0,0.0,0.0,0.0,0.0,0.0,0.0,0.0,0.0,21.20884636463842,0.0,0.0,0.0,0.0,0.0,0.0,0.0,0.0,0.0,0.0,0.0,0.0,0.35348077274397366,0.0,0.0,0.0,0.0,0.0,0.0,0.0,0.0,10.60442318231921,0.0,0.0,0.0,0.0,0.0,0.0,0.0,0.0,0.0,0.0,-405.31552827222316,-423.6421165442325,0.0,10.60442318231921,10.60442318231921,1000.0,843.7625113124844,0.0,142.93038454512052,0.0,0.0,0.0,0.0,0.0,-981.0745191870612,0.0,-613.2378547103131,0.035348077274397365,0.0,0.0,0.0,2.8505699459139016,0.0,0.0,0.0,0.0,0.0,0.0,0.0,0.0,0.0,0.0,0.0,0.0,0.0,0.0,0.0,0.0,0.0,0.035348077274397365,0.0,0.0,0.0,56.08993517564841,-56.08993517564841,0.0,0.0,0.0,0.0,-399.7805018837171,192.78849699772343,0.0,0.0,-410.22061723351476,-2.6511057955798023,-1.7674038637198697,0.0,0.0,0.0,0.0,0.0,0.0,0.0,0.0,0.0,0.0,0.0,0.0,0.0,0.0,0.0,0.0,-21.20884636463842,0.0,0.0,0.0,-0.035348077274397365,0.0,0.0,0.035348077274397365,0.0,0.035348077274397365,0.0,0.0,0.0,21.20884636463842,43.12465427476479,43.12465427476479,0.0,0.0,0.0,0.0,0.0,0.0,192.78849699772343,282.68286118698086,0.0,0.0,0.0,0.0,779.4975773971064,0.0,0.0,0.0,0.0,0.0,0.0,0.0,0.0,0.0,0.0,0.0,0.0,0.0,0.0,166.42984419528585,0.0,-436.265227932768,436.265227932768,0.05302211591159604,0.0,0.0,0.0,-10.60442318231921,0.0,0.0,0.0,0.0,0.0,-195.57982583414247,1.7674038637198681,0.0,0.0,0.0,0.0,-315.93675298684445,0.0,0.0,0.0,0.0,0.0,0.0,0.0,0.0,0.0,0.0,0.0,0.0,-1000.0,-721.4754669905237,0.0,600.6132457321014,-78.56133325493201,0.0,0.0,192.78849699772343,-192.78849699772343,204.2702029358651,-1000.0,0.0,1.7674038637198697,840.7003549552036,0.0,0.0,0.0,-6.225974677264134,0.0,0.0,0.0,0.0,0.0,0.0,0.0,0.0,0.0,614.0996347808764,0.0,43.12465427476479,0.0,-520.271384703945,-520.271384703945,520.271384703945,0.0,0.0,0.0,0.0,0.0,0.0,0.0,0.0,203.5331432208819,-2.8505699459139016,320.6230425957365,0.0,10.60442318231921,0.0,0.0,0.0,0.0,-260.5772257025586,0.0,0.0,0.03888288500189674,0.0,0.0,0.0,21.562327137382393,0.0,0.0,0.0,0.0,196.82209209673974,0.0,0.0,0.0,0.0,0.0,0.0,0.0,0.0,0.0,0.0,0.0035348077274398376,0.0035348077274398376,0.0,0.0,0.0,0.0,0.0,0.0,0.0,0.0,0.0,0.0,0.0,0.0,0.0,0.0,0.0,195.57982583414247,0.0,0.0,0.0,0.0,0.0,0.0,0.0,727.6646329123613,0.0,0.0,0.0,0.0,1000.0,189.84840532090223,58.62015777234461,0.0,0.0,0.0,21.20884636463842,0.0,0.0,0.0,0.0,0.0,0.0,-21.20884636463842,0.0,0.0,0.0,0.0,0.0,0.0,0.0,0.0,0.0,0.0,0.0,0.0,613.2378547103131,-1000.0,803.7110103300686,156.25000000000014,-166.85442318231935,0.0,410.07922492441685,0.0,0.0,0.0,0.0,0.0,0.0,0.0,0.0,0.0,0.0,0.0,0.0,0.0,0.0,0.0,0.0,0.0,-4.418509659299672,0.0,-2.6511057955798023,776.8464716015267,0.0,0.0,0.0,0.0,0.0,0.0,-0.4418509659299671,210.49617761312922,0.0,0.0,0.0,0.0,0.0,0.0,0.0,1000.0,10.60442318231921,10.60442318231921,0.0,0.0,0.0,0.0,0.0,0.03888288500189674,195.57982583414247,0.0,0.0,-410.07922492441685,0.0,0.0,0.0,0.0,0.0,0.0,0.0,0.0,0.0,0.0,0.0,0.0,0.0,0.0,218.132613966384,0.0,0.0,10.957903955063184,0.0,37.11548113811723,195.51029894785202,0.0,0.0,0.0,0.0,0.0,195.57982583414247,0.0,-2.9056119519555414,0.0,0.0,0.0,-4.418509659299672,0.0,0.0,0.0,0.0,0.0,0.0,0.0,0.0,0.0,0.0,0.0,0.0,0.0,0.0,0.0,0.0,0.0,0.0,-0.035348077274397365,0.0,0.0,1.7674038637198681,-726.3941757104453,0.0,0.0,0.0,0.0,0.0,0.0,0.0,0.0,-776.4541079437807,0.8837019318599341,0.0,0.0,0.0,0.035348077274397365,0.0,35.34807727439736,0.0,7.0696154548794725,0.2524862662456954,120.53694350569502,-0.02651105795579802,1.7674038637198681,0.7069615454879473,-0.17674038637233025,-120.53694350569502,10.60442318231921,-0.035348077274397365,26.187111084977335,142.93038454512052,0.008837019318599341,0.2524862662456954,-78.56133325493201,-5.627413902084129,-0.7069615454879473,-58.62015777234461,-0.035348077274397365,0.008837019318599341,-120.53694350569502,3.5348077274397363,0.035348077274397365,0.035348077274397365,-195.50559487186618,0.0388828850018372,0.0,-0.02651105795579802,10.60442318231921,0.035348077274397365,10.60442318231921,-17.67403863719868,-0.017674038637198682,267.5863554133992,-170.0,-0.02651105795579802,-0.035348077274397365,0.0,0.035348077274397365,3.5348077274397363,-0.7069615454879473,166.42984419528585,166.42984419528585,-3.5348077274397363,58.62015777234461,-166.42984419528585,7.0696154548794725,0.05302211591159604,-76.09953572485662,3.5348077274397363,-298.36213037418264,142.93038454512052,-7.0696154548794725,0.017674038637198682,0.35348077274397366,58.233319675351055,-714.4058515356443,-0.035348077274397365,-203.5331432208819,195.50559487186618,10.957903955063184,0.035348077274397365,5.627413902084129,100.51269181584387,142.93038454512052,-0.035348077274397365,-0.008837019318599341,-142.93038454512052,-0.035348077274397365,-96.46519227256026,0.03534807727448263,-0.008837019318599341,-0.008837019318599341,-0.008837019318599341,14.139230909758945,17.67403863719868,0.35348077274397366,26.188506750672673,-0.008837019318599341,90.27952826572478,1.7674038637198681,50.0,0.035348077274397365,0.017674038637198682,0.017674038637198682,75.0,0.0,0.035348077274397365,0.0,0.35348077274397366,0.035348077274397365,-26.188506750672673,0.035348077274397365,0.14139230909790967,0.17674038637233025,0.017674038637198682,0.008837019318599341,10.60442318231921,-0.03534807727439737,0.0,0.35348077274397366,-52.377013501345346,0.8837019318599341,-3.5348077274397363,7.0696154548794725,1.7674038637198681,-0.035348077274397365,78.56133325493201,0.05302211591159604,-0.035348077274397365,-150.0,0.0,403.66187000003515,0.017674038637198682,-100.0,-0.035348077274397365,-0.03534807727448263,-0.035348077274397365,0.017674038637198682,120.53694350569502,-7.0696154548794725,0.035348077274397365,116.46663935070211,-0.008837019318599341,-0.0388828850018372,-116.46663935070211,5.302211591159604,170.0,-398.52040731821825,120.53694350569502,-0.02651105795579802,203.5331432208819,714.4058515356443,0.035348077274397365,-0.00883701931859934,1.7674038637198697,35.34807727439736,-0.017674038637198682,-0.035348077274397365,0.008837019318599341,0.0,0.0,-223.9181383137806,0.0,-255.0,0.0,613.6613916753729,-140.0,0.0,-80.0,-255.0,-325.0,-300.0,40.0,127.5,127.5,0.0,70.0,-195.57982583414247,-143.08464429747653,300.0,325.0,-143.08464429747653,-613.6613916753729,254.80694606604465,0.0,1496.5981,hplb
291,0.0,0.0,0.0,0.0,0.0,0.0,0.0,0.0,229.85733601018495,0.0,0.0,0.0,0.0,0.0,0.0,0.0,325.88794758195775,668.7825905864913,0.0,-694.6705381684491,0.0,0.0,0.0,244.05528808872086,0.0,0.0,0.0,0.0,0.0,146.45464611586365,0.0,0.0,88.35706535897472,0.0,0.0,0.0,0.0,232.98070049272047,0.0,-1000.0,1000.0,0.0,0.0,0.0,0.0,0.0,290.2026558633392,0.0,-472.3425936978215,-221.27074118438048,0.0,0.0,0.0,0.06842348017366362,0.0,0.0,0.0,0.0,0.0,0.0,9.259554643551592,0.0,0.0,-34.953185161540375,0.0,0.0,0.0,0.0,591.3245944453807,-547.1118546402888,0.0,0.6220316379423655,0.0,0.0,0.0,0.0,0.0,0.0,0.0,0.0,0.0,0.0,-193.5978520792493,0.0,37.32189827654193,0.0,0.0,0.0,-644.4821817524502,875.6995911659589,131.86908886824992,0.0,0.0,638.8262473764506,18.660949138270965,0.0,18.660949138270965,0.0,0.0,0.0,0.0,3.1101581897118273,-208.89777584084894,0.0,0.0,-50.26824472117264,387.6696939237043,0.0,0.0,0.0,0.0,0.0,0.0,0.0,0.0,0.0,0.0,0.0,0.0,0.0,0.0,0.0,0.0,0.0,-791.7290737392124,0.0,0.0,18.660949138270965,0.0,19.28298077621333,19.28298077621333,0.0,385.06704511529375,388.6331475640714,-773.7001926793652,773.7001926793652,-617.2048539296053,0.0,0.0,572.9921141245134,0.0,0.0,0.0,0.0,0.0,198.38749569140555,0.06220316379423654,131.88463965919848,0.0,0.0,-387.6696939237043,0.0,0.0,0.0,193.5978520792493,0.0,173.67453947992968,0.0,0.0,0.0,0.0,0.0,709.859547300455,709.859547300455,0.0,0.0,0.0,0.0,0.0,0.0,0.0,709.9217504642493,0.0,0.0,0.0,704.0171477601369,0.0,0.0,0.0,0.0,0.0,0.0,0.0,0.0,0.0,0.0,-452.20997992616424,0.0,0.0,0.0,0.0,-984.6825744043362,0.0,0.0,0.0,0.0,0.0,221.27074118438048,0.0,68.78259058649132,-68.78259058649132,0.0,0.0,0.0,0.0,0.0,0.0,0.0,355.3524219567126,-1000.0,0.0,0.0,0.0,0.0,0.0,0.0,0.0,0.0,0.0,0.0,0.0,0.0,0.0,0.0,6.481525054900374,0.0,0.0,0.0,0.0,0.0,163.7174804567821,0.0,0.0,0.0,0.0,9.259554643551592,0.0,0.0,0.0,0.0,0.0,0.0,0.0,0.0,0.0,801.6125043085945,12.44063275884731,0.0,0.0,713.2647723389415,0.0,-403.56000311133016,0.0,0.0,0.0,0.0,44.212739805091964,9.259554643551592,0.0,0.0,0.0,-88.0474625122591,0.0,0.0,-1000.0,-140.28676295965022,859.7132370403498,-859.7132370403499,0.0,1000.0,-575.6995911659589,0.0,515.237236702355,221.27074118438048,0.0,48.39530808156451,0.0,0.0,0.0,0.0,0.0,0.0,0.0,1000.0,44.212739805091964,0.0,-429.5303631662549,0.0,0.0,0.0,9.259554643551592,-0.09330474569135482,0.0,0.0,0.0,0.0,0.06220316379423654,0.0,0.0,0.0,0.6916405006885498,325.88794758195775,0.0,-402.99959493263606,-528.5626475686331,0.0,836.8888420920264,0.0,445.96598998390226,0.0,-50.26824472117264,0.0,0.0,0.0,717.754465787028,-591.3245944453807,-572.3958613255495,-1000.0,-1000.0,0.0,0.0,0.0,0.0,0.0,0.0,0.0,0.0,0.0,0.0,0.0,0.0,0.0,0.0,0.0,0.0,0.0,0.0,0.0,-1000.0,193.5978520792493,766.7704868521027,799.6095624344202,0.0,0.0,0.0,-1000.0,0.0,0.0,0.0,0.0,0.0,0.0,0.0,-3.1101581897118273,273.166481512041,0.0,0.0,0.0,0.0,-234.47085691310176,0.0,0.0,0.0,-274.7215606068969,-3.1101581897118273,-471.3408786550143,0.0,-520.2705237621707,0.0,790.9781494475376,18.660949138270965,-531.2500000000005,531.2500000000005,0.0,0.0,0.0,229.9195391739792,0.0,0.0,0.0,0.0,292.82761196232536,0.0,0.0,0.0,0.0,0.0,355.3524219567126,0.0,0.0,-25.69363051798878,0.0,0.0,181.77210704624466,0.0,0.0,0.0,0.0,-12.179424083370577,0.12440632758842625,0.0,0.0,0.0,0.0,0.0,0.0,0.0,0.0,0.0,0.0,0.0,0.0,0.0,0.0,0.0,0.0,0.0,0.0,0.0,0.06842348017366362,0.06842348017366362,0.0,267.5593672411527,0.0,37.32189827654193,0.0,0.0,0.0,1000.0,0.0,0.0,0.0,0.0,0.0,215.6344103466532,-1000.0,0.0,0.0,708.176954550882,0.0,0.0,181.77210704624466,0.0,0.0,0.0,0.0,0.0,0.0,0.0,263.9096912464041,-0.6916405006885498,0.0,0.0,4.789643612156283,0.0,0.0,638.8262473764506,475.10876691966854,0.0,215.6344103466532,0.0,-625.0967390562002,828.5517253194828,0.0,0.0,0.0,0.0,0.0,0.0,0.0,0.0,0.0,0.0,0.0,0.0,0.0,0.0,0.0,0.0,37.32189827654193,44.212739805091964,44.212739805091964,0.0,0.0,0.0,0.0,0.0,0.0,0.0,0.0,0.0,0.0,0.6220316379423655,0.0,0.0,0.0,0.0,0.0,0.0,0.0,0.0,18.660949138270965,-708.176954550882,0.0,0.0,0.0,0.0,0.0,0.0,0.0,0.0,0.0,1000.0,-1000.0,0.0,18.660949138270965,18.660949138270965,103.33718091740343,-1000.0,0.0,181.77210704624466,0.0,0.0,0.0,0.0,0.0,208.89777584084894,355.3524219567126,163.6410971282039,0.06220316379423654,0.0,0.0,0.0,5.016240851692361,0.0,0.0,-638.8262473764506,0.0,-44.212739805091964,0.0,0.0,0.0,0.0,0.0,0.0,0.0,0.0,0.0,0.0,0.0,0.0,0.06220316379423654,0.0,0.0,0.0,0.0,0.0,0.0,0.0,0.0,766.7704868521027,-1000.0,799.6095624344202,0.0,0.0,-1000.0,-4.665237284567741,-3.1101581897118162,0.0,0.0,0.0,0.0,0.0,0.0,0.0,0.0,0.0,0.0,0.0,0.0,44.212739805091964,0.0,0.0,0.0,273.8177838750787,0.0,0.0,0.0,229.85733601018495,0.0,0.0,0.06220316379423654,0.0,0.06220316379423654,0.0,0.0,0.0,37.32189827654193,75.88785982896859,75.88785982896859,0.0,0.0,0.0,0.0,0.0,0.0,0.0,0.0,0.0,355.3524219567126,0.0,0.0,723.1101581897118,0.0,0.0,0.0,0.0,0.0,0.0,0.0,0.0,0.0,0.0,0.0,0.0,0.0,0.0,163.7174804567821,0.0,0.0,0.0,0.09330474569135482,0.0,0.0,0.0,-18.660949138270965,0.0,0.0,0.0,0.0,0.0,-267.5593672411527,3.1101581897118273,0.0,0.0,0.0,0.0,0.0,0.0,0.0,0.0,0.0,0.0,0.0,0.0,0.0,0.0,44.212739805091964,0.0,708.176954550882,0.0,267.5593672411527,0.0,-888.8874236083169,-50.26824472117264,0.0,0.0,0.0,0.0,193.5978520792493,-66.62830518541699,0.0,3.1101581897118162,918.2200226166084,0.0,0.0,0.0,-25.69363051798878,0.0,0.0,-640.625000000044,640.625000000044,0.0,0.0,0.0,0.0,0.0,724.4345844518847,-281.555079094856,75.88785982896859,0.0,0.0,0.0,0.0,0.0,0.0,0.0,0.0,0.0,801.6125043085945,0.0,0.0,0.0,-5.016240851692361,792.612762500903,0.0,18.660949138270965,0.0,0.0,0.0,0.0,-99.70460509385461,0.0,0.0,0.06842348017366362,0.0,0.0,0.0,37.94392991448429,0.0,0.0,0.0,0.0,6.481525054900374,0.0,387.6696939237043,0.0,0.0,0.0,0.0,0.0,0.0,-403.1216717047562,0.0,0.0062203163794234875,0.0062203163794234875,0.0,0.0,0.0,0.0,0.0,0.0,0.0,0.0,0.0,0.0,0.0,0.0,0.0,0.0,0.0,267.5593672411527,0.0,0.0,0.0,0.0,0.0,0.0,0.0,221.27074118438048,0.0,0.0,0.0,0.0,0.0,0.0,668.7825905864913,0.0,0.0,0.0,37.32189827654193,0.0,0.0,0.0,0.0,0.0,0.0,-37.32189827654193,0.0,0.0,0.0,0.0,0.0,0.0,0.0,0.0,0.0,0.0,0.0,0.0,-195.01583573046878,-1000.0,765.7193253887639,0.0,-18.660949138270965,0.0,999.7511873448232,0.0,0.0,0.0,0.0,0.0,0.0,0.0,0.0,0.0,0.0,0.0,0.0,0.0,0.0,0.0,0.0,0.0,-7.775395474279549,44.212739805091964,-4.665237284567741,1000.0,0.0,0.0,0.0,0.0,0.0,-780.9312687030307,780.1537291556027,219.2914825972381,0.0,0.0,0.0,0.0,0.0,0.0,0.0,968.6252613977351,18.660949138270965,18.660949138270965,0.0,0.0,0.0,0.0,0.0,0.06842348017366362,267.5593672411527,0.0,0.0,-999.7511873448232,0.0,0.0,0.0,0.0,0.0,0.0,0.0,0.0,0.0,0.0,0.0,0.0,0.0,0.0,0.0,0.0,0.0,19.28298077621333,0.0,65.31332198394838,0.0,0.0,4.789643612156283,0.0,0.0,0.0,267.5593672411527,0.0,796.4994042447084,0.0,0.0,0.0,-7.775395474279549,0.0,0.0,0.0,0.0,0.0,0.0,0.0,0.0,0.0,0.0,0.0,0.0,0.0,0.0,0.0,0.0,0.0,0.0,-0.06220316379423654,0.0,0.0,3.1101581897118273,-215.6344103466532,0.0,0.0,0.0,0.0,44.212739805091964,0.0,0.0,0.0,-717.754465787028,1.5550790948559134,0.0,0.0,0.0,0.06220316379423654,0.0,62.203163794236545,0.0,12.44063275884731,0.4443083128159753,212.11278853834662,-0.04665237284567741,3.1101581897118273,1.244063275884731,-0.31101581897107117,-212.11278853834662,18.660949138270965,-0.06220316379423655,16.756081573724213,181.77210704624466,0.015550790948559138,0.4443083128159753,-50.268244721172636,-9.902743676042263,-1.244063275884731,-300.0,-0.06220316379423655,0.015550790948559138,-212.11278853834662,6.220316379423655,0.06220316379423655,0.06220316379423654,-267.4287405971848,0.06842348017366004,0.0,-0.04665237284567741,18.660949138270965,0.06220316379423655,18.660949138270965,-31.101581897118272,-0.031101581897118275,-73.13805003758439,-170.0,-0.04665237284567741,-0.06220316379423674,0.0,0.06220316379423654,6.220316379423655,-1.244063275884731,163.7174804567821,163.7174804567821,-6.220316379423655,300.0,-163.7174804567821,12.44063275884731,0.09330474569135482,280.17273478328536,6.220316379423655,-263.9096912464041,181.77210704624466,-12.44063275884731,0.031101581897118275,0.6220316379423655,100.74989873315901,280.0,-0.06220316379423654,-281.555079094856,267.4287405971848,19.28298077621333,0.06220316379423655,9.902743676042263,107.1283104931609,181.77210704624466,-0.06220316379423654,-0.015550790948559138,-181.77210704624466,-0.06220316379423655,-399.8491180070749,0.06220316379435024,-0.015550790948559138,-0.015550790948559138,-0.015550790948559138,24.88126551769462,31.101581897118272,0.6220316379423655,290.19949980769644,-0.015550790948559138,184.74371589259383,3.1101581897118273,9.199870231397115,0.06220316379423654,0.031101581897118275,0.031101581897118275,75.0,0.0,0.06220316379423654,0.0,0.6220316379423655,0.06220316379423655,-778.4289614709802,0.06220316379423655,0.2488126551768346,0.31101581897107117,0.031101581897118275,0.015550790948559138,18.660949138270965,-0.06220316379423656,0.0,0.6220316379423655,-580.3989996153929,1.5550790948559137,-6.220316379423655,12.44063275884731,3.1101581897118273,-0.06220316379423655,50.268244721172636,0.09330474569135482,-0.06220316379423655,-150.0,0.0,318.0880575749512,0.031101581897118275,-18.399740462794227,-0.06220316379423655,-0.06220316379435024,-0.06220316379423655,0.03110158189711837,212.11278853834662,-12.44063275884731,0.06220316379423654,201.49979746631803,-0.015550790948559138,-0.06842348017366004,-201.49979746631803,9.33047456913548,170.0,-27.153333038794617,212.11278853834662,-0.04665237284567741,281.555079094856,-280.0,0.06220316379423655,-0.01555079094855914,3.1101581897118162,62.203163794236545,-0.031101581897118275,-0.06220316379423655,0.015550790948559138,0.0,0.0,-580.2038363651825,488.22946166328376,-255.0,0.0,107.49453971805471,-140.0,0.0,-80.0,-255.0,876.4467908494696,-300.0,40.0,127.5,127.5,0.0,70.0,-267.5593672411527,-218.3834524810966,300.0,-876.4467908494696,-218.3834524810966,-107.49453971805471,-2.927043577264918,0.0,1496.5981,hplb
292,0.0,0.0,0.0,0.0,0.0,0.0,0.0,0.0,343.7959795624872,0.0,0.0,0.0,0.0,0.0,0.0,0.0,-470.70970594756216,770.7097059475622,0.0,0.0,0.0,0.0,0.0,711.6824712563551,0.0,0.0,0.0,0.0,0.0,-533.0550976444788,91.90753608597481,-91.90753608597481,955.1764299005633,0.0,0.0,0.0,0.0,999.6460819646251,0.0,-1000.0,973.456147346936,0.0,0.0,729.4769658080579,0.0,0.0,0.0,0.0,274.28783778398304,-503.61999242323674,0.0,0.0,0.0,0.0973274597281464,0.0,0.0,0.0,17.6959017687094,0.0,0.0,-17.314849601486006,0.0,80.65412311946841,0.0,0.0,0.0,0.0,0.0,0.0,0.0,0.0,0.8847950884354701,0.0,0.0,0.0,0.0,0.0,0.0,0.0,0.0,0.0,0.0,0.0,0.0,53.087705306128214,0.0,0.0,0.0,769.4180865750048,34.89482988534684,-0.022119877210886752,0.0,0.0,0.0,26.543852653064107,0.0,26.543852653064107,-898.3013535134261,0.0,0.0,0.0,4.42397544217735,-1000.0,0.0,0.0,0.0,0.0,0.0,0.0,0.0,0.0,0.0,0.0,0.0,0.0,0.0,0.0,0.0,0.0,0.0,0.0,0.0,0.0,0.0,-172.4157956585676,0.0,0.0,26.543852653064107,0.0,27.428647741499578,0.0,0.0,-920.9117518390758,920.9117518390758,0.0,0.0,-63.3392735179824,0.0,0.0,0.0,0.0,0.0,0.0,0.0,0.0,6.812922180953116,0.08847950884354701,0.0,0.0,0.0,-1000.0,837.4612331139576,0.0,0.0,0.0,0.0,446.5759492649702,0.0,0.0,0.0,0.0,0.0,908.0039844051817,908.0039844051817,0.0,0.0,0.0,-796.875,-275.91475355789555,0.0,0.0,1000.0,0.0,0.0,0.0,0.0,-694.8643363077686,0.0,0.0,0.0,0.0,0.0,0.0,0.0,0.0,0.0,0.0,0.0,0.0,0.0,0.0,-1000.0,0.0,0.0,0.0,0.0,0.0,503.61999242323674,0.0,-666.5295087504759,666.5295087504759,0.0,0.0,0.0,0.0,0.0,0.0,0.0,466.9449023555212,-541.2170734881104,0.0,0.0,0.0,0.0,0.0,0.0,0.0,0.0,0.0,0.0,0.0,0.0,0.0,175.9450732642851,192.32459127180948,729.4769658080579,0.0,0.0,0.0,63.3392735179824,0.0,0.0,0.0,0.0,0.0,-17.314849601486006,0.0,91.90753608597481,0.0,0.0,0.0,0.0,0.0,0.0,0.0,0.0,0.0,0.0,0.0,-435.94759532548073,1000.0,-392.24167096649285,0.0,-729.4769658080579,0.0,0.0,63.3392735179824,0.0,0.0,0.0,0.0,-27.010728652747616,0.0,0.0,-218.75000000004457,0.0,0.0,-1000.0,781.2499999999557,-781.2499999999557,102.88857782452902,0.0,-170.10764058689676,503.61999242323674,0.0,246.8578296734962,0.0,0.0,0.0,-942.2834258817993,0.0,942.2834258817993,0.0,1000.0,0.0,63.3392735179824,0.0,-796.875,0.0,0.0,-17.314849601486006,-0.13271926326532052,0.0,0.0,0.0,0.0,0.08847950884354701,0.0,0.0,0.0,973.456147346936,-470.70970594756216,0.0,-689.6631826342704,-47.769244974935305,694.8643363077686,1000.0,0.0,0.0,0.0,0.0,0.0,0.0,0.0,-7.618085711429641,7.618085711429641,0.0,-935.2081874189925,441.91680515049904,0.0,0.0,0.0,0.0,0.0,0.0,0.0,0.0,0.0,0.0,0.0,0.0,0.0,0.0,0.0,0.0,0.0,0.0,0.0,-1000.0,0.0,0.0,803.5447772426891,0.0,0.0,820.3682188062031,192.41229948235699,0.0,0.0,0.0,0.0,0.0,0.0,36.04951675912673,0.0,190.8185817881868,-7.618085711429641,0.0,-4.42397544217735,0.0,-119.13765865783606,-36.04951675912673,-4.42397544217735,0.0,-193.03056950927547,0.0,688.7011535361935,0.0,0.0,0.0,282.75467457125086,26.543852653064107,0.0,0.0,0.0,0.0,0.0,343.88445907133075,0.0,-175.9450732642851,175.9450732642851,175.9450732642851,-579.8277288147153,0.0,0.0,-0.17695901768709402,0.0,0.0,466.9449023555212,0.0,0.0,-97.96897272095441,0.0,0.0,0.0,0.0,0.0,0.0,0.0,3.2419717327029782,0.1769590176871531,0.0,0.0,0.0,0.0,0.0,0.0,0.0,0.0,0.0,0.0,0.0,0.0,0.0,0.0,0.0,0.0,0.0,0.0,0.0,0.0973274597281464,0.0973274597281464,91.90753608597481,438.2491714955757,0.0,53.087705306128214,0.0,0.0,0.0,1000.0,0.0,209.46650185967235,0.0,0.0,0.0,-165.5081080549249,-1000.0,0.0,0.0,0.0,0.0,0.0,0.0,0.0,0.0,0.0,0.0,0.0,0.0,0.0,57.471931886189196,-973.456147346936,162.53876688604237,0.0,6.812922180953116,0.0,-92.43327785534859,92.43327785534859,92.43327785534859,0.0,-165.5081080549249,0.0,-674.7923077978779,512.526171475656,0.0,0.0,175.9450732642851,0.0,0.0,0.0,0.0,0.0,0.0,0.0,0.0,0.0,0.0,0.0,0.0,0.0,53.087705306128214,63.3392735179824,63.3392735179824,0.0,0.0,0.0,0.0,0.0,0.0,0.0,0.0,0.0,0.0,0.8847950884354701,0.0,91.90753608597481,0.0,0.0,91.90753608597481,0.0,0.0,0.0,26.543852653064107,0.0,0.0,0.0,0.0,0.0,0.0,0.0,0.0,0.0,0.0,1000.0,349.69667034090435,0.0,26.543852653064103,26.543852653064107,1000.0,-1000.0,0.0,0.0,0.0,0.0,0.0,0.0,0.0,935.2081874189925,466.9449023555212,1000.0,0.08847950884354701,0.0,0.0,0.0,116.84983135773865,817.1318270460059,0.0,0.0,0.0,0.0,0.0,0.0,0.0,0.0,0.0,0.0,0.0,0.0,0.0,0.0,0.0,0.0,0.08847950884354701,0.0,0.0,0.0,0.0,0.0,0.0,0.0,0.0,0.0,-4.042923274953921,1000.0,0.0,0.0,-1000.0,-6.635963163266027,-4.42397544217735,0.0,0.0,-453.125,-453.125,453.125,0.0,0.0,0.0,0.0,0.0,0.0,0.0,63.3392735179824,694.8643363077686,0.0,0.0,287.1786500134282,0.0,0.0,0.0,343.7959795624872,0.0,0.0,0.08847950884354701,0.0,0.08847950884354701,0.0,0.0,0.0,53.087705306128214,107.94500078912736,107.94500078912736,0.0,0.0,0.0,0.0,0.0,0.0,0.0,162.53876688604237,0.0,466.9449023555212,0.0,0.0,0.0,0.0,0.0,0.0,0.0,0.0,0.0,0.0,0.0,0.0,0.0,0.0,0.0,0.0,0.0,0.0,0.0,0.0,0.0,0.13271926326532052,0.0,0.0,0.0,-26.543852653064107,0.0,0.0,0.0,0.0,0.0,-438.2491714955757,4.42397544217735,0.0,0.0,0.0,796.875,275.91475355789555,-196.4552227573109,0.0,0.0,0.0,0.0,0.0,0.0,0.0,0.0,63.3392735179824,0.0,0.0,-366.58502429665066,262.3040982312906,0.0,469.8428651173331,817.1318270460059,0.0,0.0,0.0,0.0,0.0,-107.94500078912736,0.0,4.42397544217735,1000.0,0.0,0.0,-91.90753608597481,-97.96897272095441,0.0,0.0,0.0,0.0,0.0,-107.31768557733528,0.0,0.0,0.0,-13.271926326532077,0.0,107.94500078912736,0.0,0.0,0.0,91.90753608597481,0.0,0.0,0.0,0.0,0.0,0.0,0.0,0.0,458.1570609853738,-116.84983135773865,8.84526069681931,0.0,26.543852653064107,0.0,0.0,0.0,0.0,166.25388206420138,0.0,0.0,0.0973274597281464,0.0,0.0,0.0,53.97250039456368,0.0,0.0,0.0,0.0,192.32459127180948,0.0,0.0,0.0,0.0,0.0,0.0,0.0,0.0,-950.6167524024365,0.0,733.6227122795573,0.0088479508843547,0.0,0.0,0.0,0.0,0.0,0.0,0.0,0.0,0.0,0.0,91.90753608597481,0.0,0.0,0.0,0.0,438.2491714955757,0.0,0.0,0.0,0.0,0.0,0.0,0.0,503.61999242323674,0.0,0.0,0.0,0.0,0.0,-837.239214698038,770.7097059475622,0.0,0.0,0.0,53.087705306128214,0.0,0.0,0.0,0.0,0.0,156.25000000078182,-209.33770530691004,0.0,0.0,0.0,0.0,0.0,0.0,0.0,0.0,0.0,91.90753608597481,91.90753608597481,0.0,441.91680515049904,-1000.0,60.608463557829694,0.0,-26.543852653064107,0.0,999.6460819646251,0.0,0.0,0.0,0.0,0.0,0.0,0.0,0.0,0.0,0.0,0.0,0.0,0.0,0.0,0.0,0.0,0.0,-11.059938605443378,63.3392735179824,-6.635963163266027,-6.635963163266055,0.0,0.0,0.0,0.0,0.0,0.0,-1.1059938605443378,97.96897272095441,0.0,0.0,0.0,0.0,0.0,0.0,0.0,1000.0,26.543852653064107,26.543852653064103,0.0,0.0,0.0,0.0,0.0,0.0973274597281464,438.2491714955757,0.0,0.0,-999.6460819646251,733.6138643286729,0.0,0.0,0.0,0.0,0.0,0.0,0.0,0.0,0.0,0.0,0.0,0.0,0.0,0.0,0.0,0.0,0.0,0.0,92.90348428572437,0.0,0.0,6.812922180953116,0.0,0.0,0.0,438.2491714955757,0.0,97.27467104439654,0.0,0.0,0.0,-11.059938605443378,0.0,0.0,0.0,0.0,0.0,0.0,0.0,0.0,0.0,0.0,0.0,0.0,0.0,0.0,0.0,0.0,0.0,0.0,-0.08847950884354701,0.0,0.0,4.42397544217735,165.5081080549249,0.0,0.0,0.0,0.0,63.3392735179824,0.0,0.0,0.0,7.618085711429641,2.211987721088675,0.0,0.0,0.0,0.08847950884354701,0.0,88.47950884354701,-27.428647741499578,17.6959017687094,0.6319964917396215,246.8578296734962,-0.06635963163266026,4.42397544217735,1.7695901768709401,-0.44239754421846555,-246.8578296734962,26.543852653064103,-0.08847950884354701,0.0,0.0,0.022119877210886752,0.6319964917396215,0.0,-14.085937807892662,90.13794590910388,-300.0,-0.08847950884354701,0.022119877210886752,-246.8578296734962,189.4201114590299,0.08847950884354701,0.08847950884354701,-438.063364527004,0.09732745972793451,-134.80263112185435,-0.06635963163266026,26.543852653064103,0.08847950884354701,26.543852653064107,-44.239754421773505,-0.044239754421773504,-311.77331814311583,-8.936430393198247,-0.06635963163266026,-0.08847950884354701,-27.428647741499578,0.08847950884354701,8.8479508843547,-1.7695901768709401,0.0,0.0,-8.847950884354702,300.0,0.0,17.6959017687094,0.13271926326532052,-1000.0,8.8479508843547,-57.471931886189196,0.0,-17.6959017687094,0.044239754421773504,0.8847950884354701,172.4157956585676,280.0,-0.08847950884354701,-458.1570609853738,438.063364527004,27.428647741499578,0.08847950884354701,14.085937807892662,-286.7475711869318,0.0,-0.08847950884354701,-0.022119877210886752,0.0,-0.08847950884354701,3.2419717327029782,0.08847950884330658,-0.022119877210886752,-0.022119877210886752,-0.022119877210886752,35.3918035374188,44.239754421773505,0.8847950884354701,65.5522561144628,-0.022119877210886752,344.8315913171352,4.42397544217735,2.802989575825861,0.08847950884354701,0.044239754421773504,0.044239754421773504,-22.8216858746365,27.428647741499578,0.08847950884354701,-27.428647741499578,0.8847950884354701,0.08847950884354701,-65.5522561144628,0.08847950884354701,0.35391803537489086,0.44239754421846555,0.044239754421773504,0.022119877210886752,26.543852653064103,-0.08847950884354701,134.80263112185435,-45.06897295455194,-131.1045122289256,2.2119877210886765,-8.8479508843547,17.6959017687094,4.42397544217735,-0.08847950884354701,0.0,0.13271926326532052,-0.08847950884354701,45.643371749273,27.428647741499578,107.29251584104344,0.044239754421773504,-5.605979151651724,-0.08847950884354701,-0.08847950884330658,-0.08847950884354702,0.044239754421773504,246.8578296734962,-17.6959017687094,0.08847950884354701,344.8315913171352,-0.022119877210886752,-0.09732745972793451,-344.8315913171352,13.271926326532052,8.936430393198247,354.2849300544668,246.8578296734962,-0.06635963163266026,458.1570609853738,-280.0,0.08847950884354701,-0.02211987721088675,4.42397544217735,88.47950884354701,-0.044239754421773504,-0.08847950884354701,0.022119877210886752,0.0,0.0,862.1723525357023,0.0,-255.0,0.0,562.8171033310994,-140.0,180.5721605746752,-80.0,-255.0,-325.0,-137.78340770987586,40.0,127.5,127.5,-180.5721605746752,70.0,-438.2491714955757,-273.5463979052448,137.78340770987586,325.0,-273.5463979052448,-562.8171033310994,420.3583618168382,0.0,1496.5981,hplb
293,0.0,0.0,0.0,0.0,0.0,0.0,0.0,0.0,-0.10798149111037883,0.0,0.0,0.0,0.0,0.0,0.0,0.0,-66.91156048176666,0.07381476976055978,0.0,366.8377457120061,0.0,0.0,0.0,0.0,0.0,0.0,0.0,0.0,0.0,-723.6969976617378,0.0,0.0,62.00845573465308,0.0,0.0,0.0,0.0,183.64103262237649,0.0,-1000.0,3.5210823024698,0.0,0.0,524.9523081435057,0.0,0.0,0.0,0.0,1000.0,-456.6825668495435,0.0,734.3437500000013,0.0,0.11877964022139054,0.0,0.0,0.0,0.0,0.0,0.0,26.219645678416427,0.0,80.96800130819338,0.0,0.0,0.0,0.0,0.0,931.58483594029,-495.8587048423343,0.0,1.0798149111037885,0.0,0.0,0.0,0.0,0.0,0.0,0.0,0.0,0.0,0.0,-83.67239616423896,0.0,64.78889466622729,0.0,0.0,-904.220235407727,1000.0,-372.44532070482023,-0.026995372777594707,0.0,0.0,880.1959925372616,32.394447333113646,0.0,32.394447333113646,-166.91432959826372,0.0,0.0,0.0,65.25889437947023,-723.6969976617378,0.0,0.0,-75.6051533118076,0.0,0.0,0.0,0.0,0.0,0.0,0.0,0.0,0.0,0.0,0.0,0.0,0.0,0.0,0.0,0.0,0.0,0.0,-617.9373217248649,0.0,0.0,32.394447333113646,0.0,33.474262244217435,7.131189236169405,0.0,-740.2121053308895,740.2121053308895,0.0,0.0,0.0,421.79642954655446,-421.79642954655446,-107.1876469866098,0.0,0.0,0.0,0.0,0.0,91.98697097973813,0.10798149111037883,0.0,0.0,0.0,-1000.0,582.5338327497121,0.0,0.0,83.67239616423896,0.0,382.7814983988721,0.0,0.0,0.0,0.0,0.0,-110.92044292209054,-110.92044292209054,0.0,0.0,0.0,0.0,765.6250000000007,0.0,0.0,-110.81246143098016,0.0,0.0,0.0,-144.63388476496232,0.0,0.0,0.0,0.0,0.0,0.0,0.0,0.0,0.0,0.0,-42.41686934497324,0.0,0.0,0.0,0.0,-1000.0,0.0,0.0,0.0,0.0,0.0,456.6825668495435,-734.3437500000013,-361.4360145922716,361.4360145922716,107.1876469866098,0.0,0.0,0.0,0.0,0.0,0.0,0.0,-292.6278173605852,0.0,0.0,0.0,0.0,0.0,0.0,0.0,0.0,0.0,0.0,0.0,0.0,0.0,0.0,360.6587636944394,524.9523081435057,0.0,0.0,0.0,0.0,-107.1876469866098,0.0,0.0,0.0,0.0,26.219645678416427,0.0,0.0,0.0,433.9432418219368,0.0,0.0,0.0,0.0,0.0,0.0,21.596298222075767,0.0,0.0,-842.6867687667934,518.749245825478,-1000.0,0.0,-524.9523081435057,0.0,0.0,107.1876469866098,927.6588547914857,0.0,0.0,0.0,181.72933315016098,0.0,0.0,-35.11017018162232,323.2905909364531,0.0,-358.4007611180754,0.0,-323.2905909364531,638.5639854077284,0.0,644.0395312972231,456.6825668495435,0.0,315.53073867029576,0.0,0.0,0.0,-529.2901514240733,0.0,529.2901514240733,0.0,875.1210912534668,0.0,0.0,-482.8039632096538,0.0,0.0,0.0,26.219645678416427,-0.16197223666556823,0.0,0.0,0.0,0.0,0.10798149111037883,0.0,0.0,0.0,967.6055526668863,-66.91156048176666,0.0,-573.0674104801544,494.91420254995194,0.0,-92.48817214234079,0.0,-242.4178920355413,0.0,-75.6051533118076,0.0,0.0,0.0,-9.297206384603589,251.7150984201449,0.0,-1000.0,-1000.0,0.0,0.0,0.0,0.0,0.0,0.0,0.0,0.0,0.0,0.0,0.0,0.0,0.0,0.0,0.0,0.0,433.9432418219368,-815.9270414131828,0.0,-1000.0,83.67239616423896,0.0,163.43732558451026,1000.0,0.0,0.0,20.635633002306953,0.0,0.0,0.0,0.0,59.85981982395129,-183.2999343604348,-8.09861183327841,-535.3289844674946,0.0,-1000.0,694.7420948599267,0.0,0.0,-145.3970777801251,8.09861183327841,0.0,0.0,-2.699537277759471,-5.399074555518942,0.0,0.0,1000.0,1000.0,-848.8371320970102,32.394447333113646,0.0,0.0,0.0,0.0,0.0,0.0,0.0,0.0,0.0,0.0,309.0088550897318,0.0,0.0,-986.1495156666678,0.0,0.0,0.0,0.0,0.0,-54.74835562977695,0.0,0.0,128.40370177792423,0.0,0.0,0.0,0.0,-89.20185088896211,0.21596298222026888,0.0,0.0,0.0,0.0,0.0,0.0,0.0,0.0,0.0,0.0,0.0,0.0,0.0,0.0,0.0,0.0,0.0,0.0,0.0,0.11877964022139054,0.11877964022139054,0.0,258.40370177792425,0.0,64.78889466622729,0.0,6.669429411796323,0.0,1000.0,0.0,0.0,0.0,0.0,0.0,518.4016892731122,-1000.0,0.0,0.0,0.0,0.0,0.0,128.40370177792423,0.0,0.0,0.0,0.0,0.0,0.0,0.0,205.97910724162162,-967.6055526668863,417.46616725028787,0.0,8.314574815499165,0.0,1000.0,-119.8040074627383,-119.8040074627383,0.0,518.4016892731122,0.0,0.0,429.1998383841501,0.0,0.0,0.0,0.0,0.0,0.0,0.0,0.0,0.0,0.0,0.0,0.0,0.0,0.0,0.0,0.0,64.78889466622729,107.1876469866098,107.1876469866098,0.0,0.0,0.0,0.0,0.0,0.0,0.0,0.0,0.0,0.0,1.0798149111037885,0.0,0.0,0.0,0.0,0.0,-734.3437500000013,0.0,0.0,32.394447333113646,0.0,0.0,0.0,0.0,0.0,0.0,0.0,0.0,0.0,0.0,960.2692651068201,-455.64850854046443,0.0,32.394447333113646,32.394447333113646,1000.0,-1000.0,0.0,128.40370177792423,0.0,0.0,0.0,0.0,0.0,723.6969976617378,0.0,1000.0,0.10798149111037883,0.0,0.0,-885.9197720061209,1000.0,0.0,0.0,-880.1959925372616,0.0,0.0,0.0,0.0,0.0,0.0,0.0,0.0,0.0,0.0,0.0,0.0,0.0,0.0,0.10798149111037883,0.0,0.0,0.0,320.94755855008975,-320.94755855008975,0.0,0.0,0.0,0.0,0.0,1000.0,0.0,0.0,-1000.0,-8.098611833278413,-5.399074555518942,0.0,0.0,0.0,0.0,0.0,0.0,0.0,0.0,0.0,0.0,0.0,0.0,107.1876469866098,0.0,0.0,0.0,156.56194245850872,0.0,0.0,0.0,-0.10798149111037883,0.0,0.0,0.10798149111037883,0.0,0.10798149111037883,0.0,435.72613109795566,0.0,64.78889466622729,131.73741915466218,131.73741915466218,0.0,0.0,0.0,0.0,0.0,0.0,0.0,417.46616725028787,0.0,0.0,0.0,0.0,0.0,0.0,0.0,0.0,0.0,0.0,0.0,0.0,0.0,0.0,0.0,0.0,0.0,0.0,0.0,0.0,0.0,0.0,0.0,0.16197223666556823,0.0,0.0,0.0,-32.394447333113646,0.0,0.0,0.0,0.0,0.0,-258.40370177792425,5.399074555518942,0.0,0.0,0.0,0.0,-765.6250000000007,-8.876078569272408,0.0,0.0,0.0,0.0,0.0,0.0,0.0,0.0,107.1876469866098,0.0,0.0,0.0,258.40370177792425,0.0,720.8698690282122,-75.6051533118076,815.9270414131828,11.75955443303451,0.0,-827.6865958462173,83.67239616423896,795.9214356368235,6.669429411796323,5.399074555518942,1000.0,0.0,0.0,0.0,-54.74835562977695,-658.1821404502884,658.1821404502884,0.0,0.0,0.0,-112.62260398204509,0.0,0.0,0.0,26.219645678416427,0.0,131.73741915466218,0.0,738.8891450107716,738.8891450107716,-738.8891450107716,0.0,0.0,0.0,0.0,0.0,0.0,0.0,0.0,282.6995372777594,-114.08022799387913,-426.4661806160558,0.0,32.394447333113646,0.0,0.0,0.0,0.0,114.56021141316802,0.0,0.0,0.11877964022139054,0.0,0.0,0.0,65.86870957733109,0.0,0.0,0.0,0.0,360.6587636944394,0.0,0.0,0.0,0.0,0.0,0.0,0.0,0.0,0.0,0.0,0.010798149111038192,0.010798149111038192,0.0,0.0,0.0,0.0,0.0,0.0,0.0,0.0,0.0,-885.9197720061209,0.0,0.0,0.0,0.0,0.0,258.40370177792425,0.0,0.0,0.0,0.0,0.0,0.0,0.0,456.6825668495435,0.0,0.0,0.0,0.0,1000.0,142.71040604569478,0.07381476976055978,0.0,0.0,0.0,64.78889466622729,0.0,0.0,0.0,0.0,0.0,0.0,-64.78889466622729,0.0,0.0,0.0,0.0,0.0,0.0,0.0,0.0,0.0,0.0,0.0,0.0,-1000.0,-1000.0,73.9673214106095,0.0,-32.394447333113646,0.0,183.64103262237649,0.0,0.0,0.0,0.0,0.0,0.0,0.0,0.0,0.0,0.0,0.0,0.0,0.0,0.0,0.0,0.0,6.669429411796323,-13.497686388797355,107.1876469866098,-67.95843165722977,-8.09861183327841,0.0,0.0,0.0,0.0,0.0,718.8222331891535,-720.1720018280332,138.42075179401593,0.0,0.0,0.0,0.0,0.0,0.0,0.0,1000.0,32.394447333113646,32.394447333113646,0.0,0.0,0.0,0.0,0.0,0.11877964022139054,258.40370177792425,0.0,0.0,-183.64103262237649,0.0,0.0,0.0,0.0,0.0,0.0,0.0,0.0,0.0,0.0,0.0,0.0,0.0,0.0,217.86306554897783,0.0,0.0,7.131189236169405,0.0,113.38056566589778,8.314574815499165,0.0,0.0,0.0,0.0,0.0,258.40370177792425,0.0,0.0,0.0,0.0,0.0,-13.497686388797355,0.0,0.0,0.0,0.0,0.0,0.0,0.0,0.0,0.0,0.0,0.0,0.0,0.0,0.0,0.0,0.0,0.0,0.0,-0.10798149111037883,0.0,0.0,5.399074555518942,-518.4016892731122,0.0,0.0,0.0,0.0,107.1876469866098,0.0,0.0,0.0,9.297206384603589,2.699537277759471,0.0,0.0,0.0,0.10798149111037883,0.0,107.98149111037883,-26.343073008048048,21.596298222075767,0.7712963650741346,315.53073867029576,-0.08098611833278412,535.3289844674946,2.159629822207577,-0.5399074555511013,-315.53073867029576,32.394447333113646,-0.10798149111037883,25.20171777060253,128.40370177792423,0.026995372777594707,0.7712963650741346,-75.6051533118076,-17.190653384771622,-2.1596298222075347,-300.0,-0.10798149111037883,0.026995372777594707,-315.53073867029576,10.798149111037883,0.10798149111037883,0.10798149111037883,-258.1769406465925,0.11877964022141702,0.0,-0.08098611833278412,32.394447333113646,0.10798149111037883,32.394447333113646,-53.99074555518941,-0.053990745555189415,-231.5711917752569,96.28151638446155,-0.08098611833278412,-0.10798149111037883,-26.343073008048048,0.10798149111037883,10.798149111037883,-2.159629822207577,0.0,0.0,-10.798149111037883,300.0,0.0,21.596298222075767,0.16197223666556823,-1000.0,10.798149111037883,-205.97910724162162,128.40370177792423,-21.596298222075767,0.053990745555189415,1.0798149111037885,143.2668526200386,280.0,-0.10798149111037883,-282.6995372777594,258.1769406465925,33.474262244217435,0.10798149111037883,17.190653384771622,-1.174087554530427,128.40370177792423,-0.10798149111037883,-0.026995372777594707,-128.40370177792423,-0.10798149111037883,-89.20185088896211,0.10798149111037883,-0.026995372777594707,-0.026995372777594707,-0.026995372777594707,43.19259644415153,53.99074555518941,1.0798149111037885,281.58474489817115,-0.026995372777594707,261.33198746947465,5.399074555518942,50.0,0.10798149111037883,0.053990745555189415,0.053990745555189415,75.0,26.343073008048048,0.10798149111037883,-26.343073008048048,1.0798149111037885,0.10798149111037883,-684.7526602417121,0.10798149111037883,0.4319259644407225,0.5399074555511013,0.053990745555189415,0.026995372777594707,32.394447333113646,-0.10798149111037883,0.0,1.0798149111037674,-563.1694897963423,532.6294471897352,-10.798149111037883,21.596298222075767,5.399074555518942,-0.10798149111037883,75.6051533118076,0.16197223666556823,-0.10798149111037883,-150.0,26.343073008048048,32.71066737096831,0.053990745555189415,-100.0,-0.10798149111037883,-0.10798149111037883,-0.10798149111037883,0.053990745555189415,315.53073867029576,-21.596298222075767,0.10798149111037883,286.5337052400772,-0.026995372777594707,-0.11877964022141702,-286.5337052400772,16.197223666556823,-96.28151638446154,693.320951111866,315.53073867029576,-0.08098611833278412,282.6995372777594,-280.0,0.10798149111037883,-0.026995372777594714,5.399074555518942,107.98149111037883,-0.053990745555189415,-0.10798149111037883,0.026995372777594707,0.0,0.0,733.8273445515366,403.1679153435409,-255.0,0.0,160.42250876345338,-140.0,0.0,513.2602418548058,-255.0,-325.0,-266.1186647029082,-256.6301209274029,127.5,127.5,0.0,70.0,-258.40370177792425,-147.27087878413633,266.1186647029082,325.0,-147.27087878413633,-160.42250876345338,75.39922360347296,0.0,1496.5981,hplb
294,0.0,0.0,0.0,0.0,0.0,0.0,0.0,0.0,374.1306475064931,0.0,0.0,0.0,0.0,0.0,0.0,0.0,-105.82309780155106,304.37101033130205,0.0,0.0,0.0,0.0,0.0,1000.0,0.0,0.0,0.0,0.0,0.0,-607.4408865214475,75.39602330362628,-75.39602330362628,511.28783663015116,0.0,0.0,0.0,0.0,598.5748259638301,0.0,-1000.0,966.8711741931743,0.0,0.0,956.5053367847868,0.0,0.0,0.0,0.0,333.1772942931761,0.0,0.0,0.0,0.0,0.12147236129177605,0.0,0.0,0.0,22.08588387121714,0.0,0.0,-34.85715863250208,0.0,0.0,-34.85715863250208,0.0,0.0,0.0,0.0,314.76848590502743,303.97614788655727,0.0,1.104294193560857,0.0,0.0,0.0,0.0,0.0,0.0,0.0,0.0,0.0,0.0,0.0,0.0,66.25765161365142,0.0,0.0,0.0,0.0,271.19371603812596,-0.027607354839021422,0.0,0.0,-178.31460584777173,33.12882580682571,0.0,33.12882580682571,-592.7826905058515,0.0,0.0,0.0,227.09720186079295,-1000.0,0.0,0.0,0.0,0.0,0.0,0.0,0.0,0.0,0.0,0.0,0.0,0.0,0.0,0.0,0.0,0.0,0.0,0.0,0.0,0.0,0.0,-697.1643260143878,0.0,0.0,33.12882580682571,0.0,34.23312000038656,0.0,0.0,-265.6985700800543,0.0,265.6985700800543,-265.6985700800543,-290.60003244159924,270.7285727287408,-270.7285727287408,290.60003244159924,0.0,0.0,0.0,0.0,0.0,8.503065290418633,0.11042941935608569,0.0,0.0,0.0,0.0,0.0,0.0,0.0,0.0,0.0,522.0451403453076,0.0,0.0,0.0,0.0,0.0,893.0475402502111,893.0475402502111,0.0,0.0,0.0,0.0,0.0,0.0,0.0,968.5539929731935,0.0,0.0,0.0,425.15514260325386,0.0,0.0,0.0,0.0,0.0,0.0,0.0,0.0,0.0,0.0,0.0,0.0,0.0,0.0,0.0,-648.3519495433803,0.0,0.0,0.0,0.0,0.0,0.0,0.0,28.80628396187407,-28.80628396187407,0.0,0.0,0.0,0.0,0.0,0.0,0.0,392.55911347855255,-710.8895612907278,0.0,0.0,0.0,0.0,0.0,0.0,0.0,0.0,0.0,0.0,0.0,0.0,0.0,132.84700400149185,29.51891264784137,380.0866900298223,0.0,0.0,0.0,0.0,158.84662864503534,0.0,0.0,0.0,0.0,-34.85715863250208,-576.4186467549645,75.39602330362628,0.0,0.0,0.0,0.0,0.0,0.0,0.0,0.0,0.0,0.0,0.0,-105.93162459756164,-134.7379085594357,361.98357825505013,0.0,-380.0866900298223,0.0,0.0,0.0,-746.0137139469023,0.0,0.0,0.0,-219.9750056039851,0.0,0.0,-489.2139638465604,-489.2139638465604,-21.998165436490638,-1000.0,1000.0,-532.7842015899303,28.806283961874044,0.0,0.0,0.0,0.0,149.25145135844377,0.0,0.0,0.0,-620.4668637610989,0.0,620.4668637610989,0.0,1000.0,0.0,0.0,0.0,0.0,0.0,0.0,-34.85715863250208,-0.16564412903412853,0.0,0.0,0.0,0.0,0.11042941935608569,0.0,0.0,0.0,456.3764950915193,-105.82309780155106,0.0,-847.7019779420389,-158.24373487581025,0.0,1000.0,0.0,0.0,0.0,0.0,0.0,0.0,0.0,-9.507973006559059,9.507973006559059,0.0,-1000.0,-1000.0,0.0,0.0,0.0,0.0,0.0,0.0,0.0,0.0,0.0,0.0,0.0,0.0,0.0,0.0,0.0,0.0,0.0,-400.9834563587445,0.0,-1000.0,0.0,0.0,513.8308398989589,0.0,0.0,0.0,66.89295801320765,0.0,0.0,0.0,0.0,221.57573089298867,-846.5630427195333,0.0,-116.30933641429863,0.0,522.2865838079468,0.0,0.0,0.0,-148.69321316296939,0.0,0.0,-514.0043773562404,-2.7607354839021423,-5.521470967804285,0.0,0.0,0.0,133.65147616801846,994.4785290321958,33.12882580682571,0.0,0.0,0.0,0.0,0.0,374.2410769258492,0.0,-132.84700400149185,132.84700400149185,132.84700400149185,-140.8142106691379,0.0,0.0,-31.666865865518627,0.0,0.0,392.55911347855255,0.0,0.0,-69.71431726500415,0.0,0.0,0.0,0.0,0.0,0.0,0.0,-3.609913158984341,0.22085883871328205,0.0,0.0,0.0,0.0,0.0,0.0,0.0,0.0,0.0,283.65348531396984,0.0,0.0,0.0,0.0,0.0,0.0,0.0,0.0,0.0,0.12147236129177605,0.12147236129177605,75.39602330362628,390.7611201302747,0.0,66.25765161365142,0.0,0.0,0.0,1000.0,0.0,0.0,0.0,0.0,0.0,201.3169167661684,-1000.0,0.0,0.0,0.0,0.0,0.0,0.0,0.0,0.0,0.0,0.0,0.0,0.0,0.0,232.38810867146262,-456.3764950915193,0.0,0.0,8.503065290418633,0.0,-146.01548526302355,-32.29912058474818,-191.14574922978352,0.0,201.3169167661684,0.0,197.70700360718405,0.0,0.0,0.0,132.84700400149185,0.0,0.0,0.0,0.0,0.0,0.0,0.0,0.0,0.0,0.0,0.0,0.0,0.0,66.25765161365142,0.0,0.0,0.0,0.0,0.0,0.0,0.0,0.0,0.0,0.0,0.0,0.0,1.104294193560857,0.0,75.39602330362628,0.0,0.0,75.39602330362628,0.0,0.0,0.0,33.12882580682571,0.0,0.0,0.0,0.0,0.0,0.0,0.0,0.0,0.0,0.0,349.1491754214633,0.0,0.0,33.12882580682571,33.12882580682571,1000.0,-1000.0,0.0,0.0,0.0,0.0,0.0,0.0,0.0,1000.0,392.55911347855255,828.7962598673836,0.11042941935608569,0.0,0.0,0.0,145.83782389104772,373.7283267979208,0.0,178.31460584777173,0.0,0.0,0.0,0.0,0.0,0.0,0.0,0.0,0.0,0.0,0.0,0.0,0.0,0.0,0.11042941935608569,0.0,0.0,0.0,0.0,0.0,0.0,0.0,0.0,0.0,-419.2762020878335,1000.0,0.0,0.0,-599.0165436412556,-8.282206451706426,-5.521470967804285,0.0,0.0,0.0,0.0,0.0,0.0,0.0,0.0,0.0,0.0,0.0,0.0,0.0,0.0,0.0,0.0,1000.0,0.0,0.0,0.0,374.1306475064931,0.0,0.0,0.11042941935608569,0.0,0.11042941935608569,0.0,335.09114847761487,0.0,66.25765161365142,134.72389161442453,134.72389161442453,0.0,0.0,0.0,0.0,0.0,0.0,0.0,0.0,0.0,392.55911347855255,0.0,0.0,0.0,0.0,0.0,0.0,0.0,0.0,0.0,0.0,0.0,0.0,0.0,0.0,0.0,0.0,0.0,158.84662864503534,0.0,0.0,0.0,0.16564412903412853,0.0,0.0,0.0,-33.12882580682571,0.0,0.0,0.0,0.0,0.0,-390.7611201302747,5.521470967804285,0.0,0.0,0.0,0.0,0.0,487.5040705911324,0.0,0.0,0.0,0.0,0.0,0.0,0.0,0.0,0.0,0.0,0.0,0.0,257.91411612878284,0.0,302.91411612878284,373.7283267979208,0.0,973.6732306921735,0.0,-973.6732306921735,0.0,-880.7376055613267,0.0,5.521470967804248,1000.0,0.0,54.953904343514225,-75.39602330362628,-69.71431726500415,0.0,0.0,0.0,0.0,0.0,0.0,0.0,0.0,0.0,-8.282206451706429,-8.282206451706429,134.72389161442453,0.0,0.0,0.0,75.39602330362628,0.0,0.0,0.0,0.0,0.0,0.0,0.0,0.0,407.3255330336877,-429.49130920501756,0.0,0.0,33.12882580682571,0.0,0.0,0.0,0.0,239.7529720866113,0.0,0.0,0.12147236129177605,0.0,0.0,0.0,67.36194580721227,0.0,0.0,0.0,0.0,29.51891264784137,0.0,0.0,0.0,0.0,0.0,0.0,0.0,0.0,0.0,0.0,0.011042941935608274,0.011042941935608274,0.0,0.0,0.0,0.0,0.0,0.0,0.0,0.0,0.0,0.0,75.39602330362628,0.0,0.0,0.0,0.0,390.7611201302747,0.0,0.0,0.0,0.0,0.0,0.0,0.0,0.0,0.0,0.0,0.0,0.0,121.53109869007416,0.0,304.37101033130205,0.0,0.0,0.0,66.25765161365142,0.0,0.0,0.0,0.0,0.0,0.0,-66.25765161365142,0.0,0.0,0.0,0.0,0.0,0.0,0.0,0.0,0.0,75.39602330362628,75.39602330362628,0.0,-828.7962598673836,-1000.0,75.64415225891871,0.0,-33.12882580682571,0.0,598.5748259638301,0.0,0.0,0.0,0.0,0.0,0.0,0.0,0.0,0.0,0.0,0.0,0.0,0.0,0.0,0.0,0.0,0.0,-13.803677419510711,0.0,-229.8579373446951,0.0,0.0,0.0,0.0,0.0,0.0,-1.3803677419510711,0.0,69.71431726500415,0.0,0.0,0.0,0.0,0.0,0.0,0.0,1000.0,33.12882580682571,33.12882580682571,0.0,0.0,0.0,0.0,0.0,0.12147236129177605,390.7611201302747,0.0,0.0,-598.5748259638301,0.0,0.0,0.0,0.0,0.0,0.0,0.0,0.0,0.0,0.0,0.0,0.0,0.0,0.0,167.54557423880743,0.0,0.0,0.0,0.0,115.95089032388998,0.0,0.0,8.503065290418633,0.0,0.0,0.0,390.7611201302747,0.0,-571.9773921658293,0.0,0.0,0.0,-13.803677419510711,0.0,0.0,0.0,0.0,0.0,0.0,0.0,0.0,0.0,0.0,0.0,0.0,0.0,0.0,0.0,0.0,0.0,0.0,-0.11042941935608569,0.0,0.0,5.521470967804285,-201.3169167661684,0.0,0.0,0.0,0.0,0.0,0.0,0.0,0.0,9.507973006559059,2.7607354839021423,0.0,0.0,0.0,0.11042941935608569,0.0,110.42941935608569,-34.23312000038656,22.08588387121714,0.7887815668291835,308.0980800034791,-0.08282206451706427,116.30933641429863,2.208588387121714,-0.5521470967815958,-308.0980800034791,33.12882580682571,-0.11042941935608569,0.0,0.0,0.027607354839021422,0.7887815668291835,0.0,-17.580363561489264,73.18743491650457,-198.547912529751,-0.11042941935608569,0.027607354839021422,-308.0980800034791,11.04294193560857,0.11042941935608569,0.11042941935608569,-390.5292183496269,0.12147236129169396,-141.16942299121456,-0.08282206451706427,33.12882580682571,0.11042941935608569,33.12882580682571,-55.21470967804285,-0.055214709678042845,-380.875717354093,-170.0,-0.08282206451706427,-0.11042941935608569,-34.23312000038656,0.11042941935608569,11.04294193560857,-2.208588387121714,158.84662864503534,158.84662864503534,-11.04294193560857,198.547912529751,-158.84662864503534,22.08588387121714,0.16564412903412853,-298.7775149161514,11.04294193560857,-232.38810867146262,0.0,-22.08588387121714,0.055214709678042845,1.104294193560857,211.92549448550972,280.0,-0.11042941935608569,-415.6077394853941,390.5292183496269,34.23312000038656,0.11042941935608569,17.580363561489264,-132.51530322730278,0.0,-0.11042941935608569,-0.027607354839021422,0.0,-0.11042941935608569,-3.609913158984341,0.1104294193560937,-0.027607354839021422,-0.027607354839021422,-0.027607354839021422,44.17176774243428,55.21470967804285,1.104294193560857,217.38269541799076,-0.027607354839021422,423.85098897101943,5.521470967804285,7.326427547296455,0.11042941935608569,0.055214709678042845,0.055214709678042845,11.04294193560857,34.23312000038656,0.11042941935608569,-34.23312000038656,1.104294193560857,0.11042941935608569,-488.5192941230931,0.11042941935608569,0.44171767742545853,0.5521470967815958,0.055214709678042845,0.027607354839021422,33.12882580682571,-0.11042941935608569,141.16942299121456,-36.593717458252286,-434.7653908359815,113.54860093039647,-11.04294193560857,22.08588387121714,5.521470967804285,-0.11042941935608569,0.0,0.16564412903412853,-0.11042941935608569,-22.085883871217135,34.23312000038656,-59.74762152976197,0.055214709678042845,-14.652855094592908,-0.11042941935608569,-0.1104294193560937,-0.11042941935608569,0.055214709678042845,308.0980800034791,-22.08588387121714,0.11042941935608569,423.85098897101943,-0.027607354839021422,-0.12147236129169396,-423.85098897101943,16.56441290341285,170.0,77.49514772277963,308.0980800034791,-0.08282206451706427,415.6077394853941,-280.0,0.11042941935608569,-0.027607354839021422,5.521470967804285,110.42941935608569,-0.055214709678042845,-0.11042941935608569,0.027607354839021422,235.5674851429839,0.0,-1.2776997935266392,271.13659870510236,-211.96845034067394,0.0,239.57012067548976,-140.0,0.0,298.14732704488193,-255.0,-325.0,-300.0,-149.07366352244097,105.98422517033697,127.5,0.0,70.0,-390.7611201302747,-180.00535055684932,300.0,325.0,-180.00535055684932,-239.57012067548976,180.52124098359198,0.0,1496.5981,hplb
295,0.0,0.0,0.0,0.0,0.0,0.0,0.0,0.0,-0.09050055237786933,0.0,0.0,0.0,0.0,0.0,0.0,0.0,-455.2286361650813,124.93813992083483,0.0,630.2904962442465,0.0,0.0,0.0,208.5098864089526,0.0,420.73578355948115,0.0,0.0,0.0,-118.93406300716447,109.29849383938581,-109.29849383938581,137.9999377924487,0.0,0.0,0.0,0.0,136.59792425544788,0.0,-1000.0,123.54856778472276,0.0,0.0,340.4019929992993,0.0,0.0,0.0,0.0,847.1091023911675,0.0,0.0,0.0,0.0,0.0995506076160666,0.0,0.0,0.0,0.0,0.0,0.0,-6.304178041833097,0.0,1000.0,879.3996163060478,0.0,0.0,0.0,0.0,0.0,0.0,0.0,0.9050055237786934,0.0,0.0,0.0,0.0,0.0,0.0,0.0,0.0,0.0,0.0,-107.05194635804737,0.0,54.300331426721606,0.0,0.0,-24.419474656893954,769.4180865750046,300.0,-0.022625138094467336,0.0,0.0,939.3480381056961,27.150165713360803,0.0,27.150165713360803,-63.550158484755315,0.0,0.0,0.0,140.85138003797368,-543.9538075654501,0.0,0.0,0.0,0.0,0.0,0.0,0.0,0.0,0.0,0.0,0.0,0.0,0.0,0.0,0.0,0.0,0.0,0.0,0.0,0.0,0.0,-1000.0,0.0,0.0,27.150165713360803,0.0,28.055171237139493,0.0,0.0,0.0,0.0,0.0,0.0,-246.77483097131665,0.0,0.0,132.4786253191976,0.0,0.0,0.0,0.0,0.0,114.02048889114334,0.09050055237786933,0.0,0.0,0.0,-289.48893901296873,0.0,0.0,0.0,107.05194635804737,0.0,-58.28446348153048,0.0,0.0,0.0,0.0,0.0,-42.355413238741335,-42.355413238741335,0.0,0.0,0.0,0.0,79.11612875358054,0.0,0.0,67.03358115302235,0.0,0.0,0.0,70.85036226830499,-553.8160784072963,0.0,0.0,0.0,0.0,0.0,0.0,0.0,0.0,0.0,-197.6152794727618,0.0,0.0,0.0,0.0,-1000.0,0.0,0.0,0.0,0.0,0.0,0.0,0.0,-769.4180865750046,769.4180865750046,114.29620565211904,0.0,0.0,0.0,0.0,0.0,0.0,425.01974455828565,-414.9237405098388,0.0,0.0,0.0,0.0,0.0,0.0,0.0,0.0,0.0,0.0,0.0,0.0,0.0,0.0,225.68915996411647,-272.9464032189218,0.0,0.0,0.0,0.0,160.8594442098352,0.0,0.0,0.0,0.0,-6.304178041833097,-613.3483962182211,109.29849383938581,0.0,351.7394468718285,0.0,0.0,0.0,0.0,0.0,48.66245314119746,18.100110475573867,0.0,0.0,-538.8361731500092,1000.0,53.27154115926896,0.0,272.9464032189218,0.0,0.0,114.29620565211904,-889.5893260989994,0.0,0.0,0.0,-277.945970473563,0.0,0.0,-1000.0,-431.9435495633989,0.0,-568.0564504366012,0.0,431.9435495633989,0.0,0.0,-836.8790781441967,0.0,0.0,-22.65910872769885,0.0,0.0,0.0,0.0,0.0,0.0,0.0,66.85258004826662,0.0,0.0,-1000.0,0.0,0.0,0.0,-6.304178041833097,-0.135750828566804,0.0,0.0,0.0,0.0,0.09050055237786933,0.0,0.0,0.0,649.0317312834875,-455.2286361650813,0.0,0.0,247.936959310896,553.8160784072963,136.2222751397783,0.0,0.0,0.0,0.0,0.0,0.0,0.0,-7.792097559734959,129.651091336536,-121.85899377680106,-1000.0,398.0112903854509,0.0,0.0,0.0,0.0,0.0,0.0,0.0,0.0,0.0,0.0,0.0,0.0,0.0,0.0,0.0,0.0,351.7394468718285,0.0,0.0,-1000.0,107.05194635804737,863.0400735350404,0.0,0.0,0.0,0.0,-53.38444819295499,0.0,0.0,0.0,0.0,136.32635241908022,-129.651091336536,0.0,17.200592644306553,-246.7630280178672,0.0,0.0,318.35272594171914,0.0,0.0,0.0,-89.88879647274013,195.52170202496683,244.50051420842047,-322.87775356061263,-308.03703625617095,0.0,137.6019742084325,0.0,0.0,27.150165713360803,0.0,0.0,0.0,0.0,0.0,0.0,0.0,0.0,0.0,0.0,124.7440986104489,0.0,0.0,0.0,0.0,0.0,425.01974455828565,0.0,0.0,-126.90456173578546,0.0,0.0,14.476458358305171,0.0,0.0,0.0,0.0,-90.94994476221306,0.18100110475576697,0.0,0.0,0.0,0.0,0.0,0.0,0.0,0.0,0.0,0.0,0.0,0.0,0.0,0.0,0.0,0.0,0.0,0.0,0.0,0.0995506076160666,0.0995506076160666,109.29849383938581,261.89988952442616,0.0,54.300331426721606,0.0,0.0,0.0,1000.0,0.0,0.0,0.0,0.0,0.0,154.85067230149704,-1000.0,0.0,0.0,0.0,0.0,0.0,14.476458358305171,0.0,0.0,0.0,0.0,0.0,0.0,0.0,333.3333333333333,-649.0317312834875,289.48893901296873,0.0,6.968542533095968,0.0,0.0,939.3480381056961,664.1923882437418,0.0,154.85067230149704,0.0,63.90072753928398,0.0,0.0,0.0,0.0,0.0,0.0,0.0,0.0,0.0,0.0,0.0,0.0,0.0,0.0,0.0,0.0,0.0,54.300331426721606,114.29620565211904,114.29620565211904,0.0,0.0,0.0,0.0,0.0,0.0,0.0,0.0,0.0,0.0,0.9050055237786934,0.0,109.29849383938581,0.0,0.0,109.29849383938581,0.0,0.0,0.0,27.150165713360803,0.0,0.0,0.0,0.0,0.0,0.0,0.0,0.0,0.0,0.0,-537.4812364994484,574.5657285115927,0.0,27.150165713360803,27.150165713360803,1000.0,-1000.0,0.0,14.476458358305171,0.0,0.0,0.0,0.0,0.0,543.9538075654501,425.01974455828565,398.0112903854509,0.09050055237786933,0.0,0.0,0.0,119.51890806531614,0.0,0.0,-939.3480381056961,0.0,0.0,0.0,0.0,0.0,0.0,0.0,0.0,0.0,0.0,0.0,0.0,0.0,0.0,0.09050055237786933,0.0,0.0,0.0,0.0,0.0,0.0,0.0,0.0,863.0400735350404,0.0,900.3231001534164,0.0,-953.7075483463714,-1000.0,-6.787541428340201,-4.525027618893467,0.0,0.0,0.0,0.0,0.0,0.0,0.0,0.0,0.0,0.0,0.0,0.0,114.29620565211904,553.8160784072963,0.0,0.0,142.12700182732596,0.0,0.0,0.0,-0.09050055237786933,0.0,0.0,0.09050055237786933,0.0,0.09050055237786933,0.0,0.0,0.0,54.300331426721606,110.41067390100059,110.41067390100059,0.0,0.0,0.0,0.0,0.0,0.0,0.0,289.48893901296873,0.0,425.01974455828565,0.0,0.0,0.0,0.0,0.0,0.0,0.0,0.0,0.0,0.0,0.0,0.0,0.0,0.0,0.0,0.0,0.0,275.1556498619542,0.0,-420.73578355948115,420.73578355948115,0.135750828566804,0.0,0.0,0.0,-27.150165713360803,0.0,0.0,0.0,0.0,0.0,-261.89988952442616,4.525027618893467,0.0,0.0,0.0,0.0,-79.11612875358054,0.0,0.0,0.0,0.0,0.0,0.0,0.0,0.0,0.0,114.29620565211904,0.0,0.0,0.0,261.89988952442616,0.0,596.3888285373949,0.0,0.0,-53.384448192955006,953.7075483463714,-900.3231001534164,107.05194635804737,-1000.0,0.0,4.525027618893467,1000.0,0.0,0.0,-109.29849383938581,-126.90456173578546,0.0,0.0,0.0,0.0,0.0,0.0,0.0,0.0,0.0,190.8277380444216,-6.787541428340205,110.41067390100059,0.0,0.0,0.0,109.29849383938581,0.0,0.0,0.0,0.0,0.0,48.66245314119746,0.0,0.0,275.4749723811065,-119.51890806531614,349.56436817774573,0.0,27.150165713360803,0.0,0.0,0.0,0.0,-284.7999050107775,0.0,0.0,0.0995506076160666,0.0,0.0,0.0,55.205336950500296,0.0,0.0,0.0,0.0,225.68915996411647,0.0,0.0,0.0,0.0,0.0,0.0,0.0,0.0,0.0,0.0,0.009050055237786934,0.009050055237786934,0.0,0.0,0.0,0.0,0.0,0.0,0.0,0.0,0.0,0.0,109.29849383938581,0.0,0.0,0.0,0.0,261.89988952442616,0.0,0.0,0.0,0.0,0.0,0.0,0.0,0.0,0.0,0.0,0.0,0.0,0.0,-269.9367518389454,124.93813992083483,0.0,0.0,0.0,54.300331426721606,0.0,0.0,0.0,0.0,0.0,773.1618256968532,-827.4621571235748,0.0,0.0,0.0,0.0,0.0,0.0,0.0,0.0,0.0,109.29849383938581,109.29849383938581,0.0,1000.0,-1000.0,61.992878378840494,218.7500000000002,-245.900165713361,0.0,999.6379977904883,0.0,0.0,0.0,0.0,0.0,0.0,0.0,0.0,0.0,0.0,0.0,0.0,0.0,0.0,0.0,0.0,0.0,-11.312569047233668,114.29620565211904,-143.1138938474204,0.0,0.0,0.0,0.0,0.0,0.0,0.0,-1.131256904723367,233.95650809383284,0.0,0.0,0.0,0.0,0.0,0.0,0.0,1000.0,27.150165713360803,27.150165713360803,0.0,0.0,0.0,0.0,0.0,0.0995506076160666,261.89988952442616,0.0,0.0,-999.6379977904883,0.0,0.0,0.0,0.0,0.0,0.0,0.0,0.0,0.0,0.0,0.0,0.0,0.0,0.0,0.0,0.0,0.0,0.0,0.0,95.02557999676281,0.0,0.0,6.968542533095968,0.0,0.0,0.0,261.89988952442616,0.0,-68.07518610364878,0.0,0.0,0.0,-11.312569047233668,0.0,0.0,0.0,0.0,0.0,0.0,0.0,0.0,0.0,0.0,0.0,0.0,0.0,0.0,0.0,0.0,0.0,0.0,-0.09050055237786933,0.0,0.0,4.525027618893467,-154.85067230149704,0.0,0.0,0.0,0.0,114.29620565211904,0.0,0.0,0.0,7.792097559734959,2.2625138094467334,0.0,0.0,420.73578355948115,0.09050055237786933,0.0,90.50055237786933,-28.055171237139493,18.100110475573867,0.646432516984781,252.49654113425544,-0.06787541428340199,72.68820382843357,1.8100110475573867,-0.4525027618895986,-252.49654113425544,27.150165713360803,-0.09050055237786934,0.0,14.476458358305171,0.022625138094467336,0.646432516984781,0.0,-14.407687938556407,107.48848279182843,-300.0,-0.09050055237786934,0.022625138094467336,-252.49654113425544,9.050055237786934,0.09050055237786934,0.09050055237786933,-261.70983836443224,0.09955060761565628,-228.94988255466174,-0.06787541428340199,27.150165713360803,0.09050055237786934,27.150165713360803,-45.25027618893467,-0.04525027618893467,287.2343460361922,-170.0,-0.06787541428340199,-0.09050055237786934,-28.055171237139493,0.09050055237786933,9.050055237786934,-1.8100110475573867,275.1556498619542,275.1556498619542,-9.050055237786934,300.0,-275.1556498619542,18.100110475573867,0.13575082856680398,-1000.0,9.050055237786934,-333.3333333333333,14.476458358305171,-18.100110475573867,0.04525027618893467,0.9050055237786934,0.0,280.0,-0.09050055237786933,-282.2625138094467,261.70983836443224,28.055171237139493,0.09050055237786934,14.407687938556407,-94.12420449513839,14.476458358305171,-0.09050055237786933,-0.022625138094467333,-14.476458358305171,-0.09050055237786934,-90.94994476221306,0.09050055237793231,-0.022625138094467336,-0.022625138094467336,-0.022625138094467336,36.200220951147735,45.25027618893467,0.9050055237786934,258.78548982113466,-0.022625138094467336,0.0,4.525027618893467,50.0,0.09050055237786933,0.04525027618893467,0.04525027618893467,16.28828441693952,28.055171237139493,0.09050055237786933,-28.055171237139493,0.9050055237786934,0.09050055237786934,-642.2572759774959,0.09050055237786934,0.36200220951172923,0.4525027618895986,0.04525027618893467,0.022625138094467336,27.150165713360803,-0.09050055237786934,228.94988255466174,-53.744241395914216,-517.5709796422693,70.42569001898684,-9.050055237786934,18.100110475573867,4.525027618893467,-0.09050055237786934,0.0,0.13575082856680398,-0.09050055237786934,-32.57656883387904,28.055171237139493,471.34654218309754,0.04525027618893467,-100.0,-0.09050055237786934,-0.09050055237793231,-0.09050055237786934,0.04525027618893467,252.49654113425544,-18.100110475573867,0.09050055237786933,0.0,-0.022625138094467336,-0.09955060761565628,0.0,13.575082856680398,170.0,661.4201049186778,252.49654113425544,-0.06787541428340199,282.2625138094467,-280.0,0.09050055237786934,-0.022625138094467333,4.525027618893467,90.50055237786933,-0.04525027618893467,-0.09050055237786934,0.022625138094467336,0.0,0.0,699.9547497238111,383.4717861563612,-255.0,0.0,689.4481659435384,-140.0,0.0,455.0053568089961,-142.84420908602277,-325.0,-300.0,-227.50267840449806,127.5,71.42210454301139,0.0,70.0,-261.89988952442616,-186.54663717232006,300.0,325.0,-186.54663717232006,-689.4481659435384,387.2611576004449,0.0,1496.5981,hplb
296,0.0,0.0,0.0,0.0,0.0,0.0,0.0,0.0,-0.08960358502241125,0.0,0.0,0.0,0.0,0.0,0.0,0.0,-201.4757614004023,304.5616895787405,0.0,0.0,0.0,0.0,0.0,0.0,0.0,0.0,0.0,0.0,0.0,-578.6535286864873,0.0,0.0,0.0,0.0,0.0,0.0,0.0,299.00679324896805,0.0,-1000.0,102.71919575591517,0.0,0.0,0.0,0.0,0.0,0.0,0.0,0.0,-2.159387800631184,0.0,0.0,0.0,0.09856394352458182,0.0,0.0,0.0,17.92071700448225,0.0,0.0,5.1763220922062985,0.0,512.5604657475543,389.9341847314654,133.00783820499163,0.0,0.0,0.0,913.828479771553,-341.89155394437734,0.0,0.8960358502241125,0.0,0.0,0.0,0.0,0.0,0.0,0.0,0.0,0.0,0.0,0.0,0.0,53.762151013446754,0.0,29.53345655625171,-49.194916611032,-749.194916611032,1000.0,150.95862384493404,0.0,0.0,0.0,26.881075506723377,0.0,26.881075506723377,-2.8852354377216898,354.4150000376032,0.0,0.0,747.4239461320208,-1000.0,0.0,0.0,0.0,0.0,0.0,0.0,0.0,0.0,0.0,0.0,0.0,0.0,0.0,0.0,0.0,0.0,0.0,0.0,0.0,0.0,0.0,-746.417497609493,0.0,0.0,26.881075506723377,0.0,27.777111356947483,27.777111356947483,0.0,304.3927452239219,260.41531762101476,-564.8080628449367,564.8080628449367,0.0,0.0,0.0,-127.80260310829522,0.0,0.0,0.0,0.0,0.0,36.432932602977374,0.08960358502241124,150.98102474118963,0.0,0.0,-453.85653769377063,0.0,0.0,0.0,0.0,0.0,409.9048542239261,0.0,0.0,0.0,0.0,0.0,34.602314667546636,34.602314667546636,0.0,0.0,0.0,0.0,-487.8565216398398,0.0,0.0,34.691918252569046,0.0,0.0,0.0,601.6645286658757,0.0,0.0,0.0,0.0,0.0,0.0,0.0,0.0,0.0,0.0,0.0,0.0,0.0,0.0,0.0,-1000.0,0.0,0.0,0.0,0.0,0.0,2.159387800631184,0.0,49.194916611032,-49.194916611032,71.56409838144424,0.0,0.0,0.0,0.0,0.0,0.0,421.34647131351267,-250.26462743851303,0.0,0.0,0.0,0.0,0.0,0.0,0.0,0.0,0.0,0.0,0.0,0.0,0.0,0.0,389.6979717027351,780.1292900868896,0.0,0.0,0.0,56.238504726850984,-71.56409838144424,0.0,0.0,0.0,0.0,5.1763220922062985,780.1292900868896,0.0,0.0,0.0,0.0,0.0,0.0,0.0,0.0,0.0,0.0,0.0,0.0,798.389833222064,0.0,0.0,0.0,-780.1292900868896,0.0,0.0,127.80260310829522,0.0,0.0,0.0,0.0,-275.9916857145072,0.0,0.0,534.6932823388114,0.0,0.0,534.6932823388114,0.0,0.0,-700.0,0.0,402.9515228008045,2.159387800631184,0.0,305.54822492642234,0.0,0.0,0.0,0.0,0.0,0.0,0.0,-54.08765858623091,0.0,56.238504726850984,0.0,0.0,0.0,0.0,5.1763220922062985,-0.13440537753361687,0.0,0.0,0.0,0.0,0.08960358502241124,0.0,0.0,0.0,973.1189244932766,-201.4757614004023,0.0,-611.6150835531614,659.1825684912419,0.0,-58.717516459730184,0.0,0.0,0.0,0.0,0.0,0.0,0.0,452.81459286833615,-290.71509365809374,-162.0994992102424,-268.3800367698669,-1000.0,0.0,0.0,0.0,0.0,0.0,0.0,0.0,0.0,0.0,0.0,0.0,0.0,0.0,0.0,0.0,0.0,0.0,-700.6347924109422,0.0,-1000.0,0.0,0.0,0.0,0.0,0.0,0.0,-36.43293260297736,0.0,354.4150000376032,0.0,0.0,742.9437668809001,0.0,0.0,624.0479373084294,0.0,-623.1133861134592,0.0,-4.480179251120562,494.3485120429644,-913.4297016041644,0.0,-1000.0,0.0,-2.240089625560281,0.0,0.0,0.0,679.4358606595306,758.8715843367419,0.0,26.881075506723377,0.0,0.0,0.0,0.0,0.0,0.0,0.0,0.0,0.0,0.0,-163.74293160854188,0.0,0.0,0.0,0.0,0.0,421.34647131351267,0.0,0.0,-58.3830458113792,0.0,0.0,188.31778772236873,0.0,0.0,0.0,0.0,-91.03964149775888,0.17920717004488232,0.0,0.0,0.0,0.0,0.0,0.0,0.0,0.0,0.0,571.9369258271757,0.0,0.0,0.0,0.0,0.0,0.0,0.0,0.0,0.0,0.09856394352458182,0.09856394352458182,0.0,262.07928299551776,0.0,53.762151013446754,0.0,0.0,0.0,-946.8464088577215,0.0,344.20500048699876,29.53345655625171,0.0,0.0,354.52213080136727,946.8464088577215,0.0,0.0,723.6264563906709,0.0,0.0,188.31778772236873,0.0,0.0,0.0,0.0,0.0,0.0,0.0,248.8058325364977,-973.1189244932766,453.85653769377063,0.0,36.432932602977374,0.0,0.0,0.0,0.0,0.0,354.52213080136727,0.0,234.80675850634515,28.67573079726327,0.0,0.0,0.0,0.0,0.0,0.0,0.0,0.0,0.0,0.0,0.0,0.0,0.0,0.0,0.0,0.0,53.762151013446754,127.80260310829522,127.80260310829522,0.0,0.0,0.0,0.0,0.0,0.0,0.0,0.0,0.0,0.0,0.8960358502241125,0.0,0.0,29.53345655625171,-29.53345655625171,0.0,0.0,0.0,0.0,26.881075506723377,-723.6264563906709,0.0,0.0,0.0,0.0,0.0,0.0,0.0,0.0,0.0,469.6690272110516,-90.18216326563757,0.0,26.881075506723374,26.881075506723374,1000.0,946.8464088577215,0.0,188.31778772236873,0.0,0.0,0.0,0.0,0.0,268.3800367698669,421.34647131351267,126.3046837842727,0.08960358502241124,0.0,0.0,-912.5368865495124,919.7627756559625,14.494692687681887,0.0,0.0,0.0,0.0,0.0,0.0,0.0,0.0,0.0,0.0,0.0,0.0,0.0,0.0,0.0,0.0,0.08960358502241124,0.0,0.0,0.0,458.87481679859144,-458.87481679859144,0.0,0.0,0.0,0.0,0.0,317.98206743462583,0.0,0.0,-299.36520758905783,-6.720268876680844,-4.480179251120562,0.0,0.0,0.0,0.0,0.0,0.0,0.0,0.0,0.0,0.0,0.0,0.0,127.80260310829522,0.0,0.0,0.0,683.9160399106512,0.0,0.0,0.0,-0.08960358502241124,0.0,0.0,0.08960358502241124,0.0,0.08960358502241124,0.0,0.0,0.0,53.762151013446754,109.31637372734173,109.31637372734173,0.0,0.0,0.0,0.0,0.0,0.0,0.0,453.85653769377063,0.0,421.34647131351267,0.0,0.0,460.5294615387657,0.0,0.0,0.0,0.0,0.0,0.0,0.0,0.0,0.0,0.0,0.0,0.0,0.0,0.0,0.0,0.0,-433.75630255293026,433.75630255293026,0.13440537753361687,0.0,0.0,0.0,-26.881075506723377,0.0,0.0,0.0,0.0,0.0,-262.07928299551776,4.480179251120562,0.0,0.0,0.0,0.0,487.8565216398398,-362.8592781389083,0.0,0.0,0.0,0.0,0.0,0.0,0.0,0.0,127.80260310829522,0.0,723.6264563906709,1000.0,262.07928299551776,0.0,760.9358206892883,14.494692687681887,0.0,-399.29221074188564,354.4150000376032,44.87721070428245,0.0,-109.31637372734173,0.0,4.480179251120562,566.65902718175,0.0,0.0,0.0,-117.44995892388262,0.0,0.0,0.0,0.0,0.0,0.0,0.0,0.0,0.0,268.7995518721986,-282.2400896255603,109.31637372734173,0.0,-393.0743724590053,-393.0743724590053,393.0743724590053,0.0,0.0,0.0,0.0,0.0,0.0,0.0,0.0,0.0,-579.1628149336259,0.0,0.0,26.881075506723377,29.53345655625171,0.0,0.0,0.0,151.55614684521072,0.0,0.0,0.09856394352458182,0.0,0.0,0.0,54.658186863670856,0.0,0.0,0.0,0.0,389.6979717027351,0.0,0.0,0.0,0.0,0.0,0.0,0.0,0.0,0.0,0.0,0.008960358502241125,0.008960358502241125,0.0,0.0,0.0,0.0,0.0,0.0,0.0,0.0,0.0,-912.5368865495124,0.0,0.0,0.0,0.0,0.0,262.07928299551776,0.0,0.0,0.0,0.0,0.0,0.0,0.0,2.159387800631184,0.0,0.0,0.0,59.06691311250342,0.0,0.0,304.5616895787405,0.0,0.0,0.0,53.76215101344678,0.0,0.0,0.0,0.0,0.0,831.568044749393,-885.3301957628398,0.0,59.06691311250342,0.0,0.0,0.0,0.0,0.0,0.0,0.0,0.0,0.0,0.0,-126.3046837842727,-1000.0,521.9079172791174,-26.881075506723377,0.0,0.0,299.00679324896805,0.0,0.0,0.0,0.0,0.0,0.0,0.0,0.0,0.0,273.43749999999994,0.0,-273.43749999999994,-273.43749999999994,0.0,0.0,0.0,0.0,-11.200448127801407,127.80260310829522,-749.6640357575809,736.0492822876452,0.0,0.0,0.0,0.0,0.0,0.0,-1.1200448127801408,58.3830458113792,0.0,0.0,0.0,0.0,0.0,0.0,0.0,1000.0,26.881075506723374,26.881075506723374,0.0,0.0,0.0,0.0,0.0,0.09856394352458182,262.07928299551776,0.0,0.0,-299.00679324896805,0.0,0.0,0.0,0.0,0.0,0.0,0.0,0.0,0.0,0.0,0.0,0.0,0.0,0.0,216.87815127646513,0.0,0.0,27.777111356947483,0.0,94.08376427353183,36.432932602977374,0.0,0.0,0.0,0.0,0.0,262.07928299551776,0.0,355.49386345006604,0.0,0.0,0.0,-11.200448127801407,0.0,0.0,0.0,0.0,0.0,0.0,0.0,0.0,0.0,0.0,0.0,0.0,0.0,0.0,0.0,0.0,0.0,0.0,-0.08960358502241124,0.0,0.0,4.480179251120562,-354.52213080136727,0.0,0.0,0.0,0.0,127.80260310829522,0.0,0.0,0.0,-452.81459286833615,2.240089625560281,0.0,0.0,0.0,0.08960358502241124,0.0,89.60358502241124,0.0,17.92071700448225,0.6400256073029374,305.54822492642234,-0.06720268876680843,375.95206269157063,1.792071700448225,-0.44801792511219674,-305.54822492642234,26.881075506723374,-0.08960358502241125,0.0,188.31778772236873,0.022400896255602813,0.6400256073029374,0.0,-43.798347291819596,-1.792071700448225,-103.08592817833824,-0.08960358502241125,0.022400896255602813,-305.54822492642234,8.960358502241125,0.08960358502241125,0.08960358502241124,-261.89111546697075,-29.434892612727058,-76.54494881007702,-0.06720268876680843,26.881075506723377,0.08960358502241125,26.881075506723377,-44.801792511205626,-0.044801792511205626,-333.3599054138491,62.5141362941807,-0.06720268876680843,-0.08960358502241125,0.0,0.08960358502241124,8.960358502241125,-1.792071700448225,0.0,0.0,-8.960358502241125,103.08592817833824,0.0,17.92071700448225,0.13440537753361687,-374.1655780011698,8.960358502241125,-248.8058325364977,188.31778772236873,-17.92071700448225,0.04480179251120562,0.8960358502241125,152.90377088829035,280.0,-0.08960358502241124,-282.2400896255603,261.89111546697075,27.777111356947483,0.08960358502241125,43.798347291819596,80.79348569547551,188.31778772236873,-0.08960358502241124,-0.02240089625560281,-188.31778772236873,-0.08960358502241125,-91.03964149775888,0.08960358502241125,-0.02240089625560281,-0.022400896255602813,-0.02240089625560281,35.8414340089645,44.801792511205626,0.8960358502241125,66.38505605347828,-0.02240089625560281,305.8075417765807,4.480179251120562,50.0,0.08960358502241124,0.04480179251120562,0.044801792511205626,75.0,0.0,0.08960358502241124,0.0,0.8960358502241125,0.08960358502241125,-66.38505605347828,0.08960358502241125,0.3584143400897801,0.44801792511219674,0.044801792511205626,0.022400896255602813,26.881075506723377,-0.08960358502241125,76.54494881007702,0.8960358502241125,-132.77011210695656,373.7119730660104,-8.960358502241125,17.92071700448225,4.480179251120562,-0.08960358502241125,0.0,0.13440537753361687,-0.08960358502241125,-150.0,0.0,151.25934051773487,0.044801792511205626,-100.0,-0.08960358502241125,-0.08960358502241125,-0.08960358502241125,0.044801792511205626,305.54822492642234,-17.92071700448225,0.08960358502241124,305.8075417765807,-0.022400896255602813,29.434892612727058,-305.8075417765807,13.440537753361685,-62.5141362941807,-165.23085579253262,305.54822492642234,-0.06720268876680843,282.2400896255603,-280.0,0.08960358502241125,-0.022400896255602806,4.480179251120562,89.60358502241124,-0.04480179251120562,-0.08960358502241125,0.02240089625560281,1000.0,0.0,74.12077620865861,0.0,-255.0,0.0,230.25559380130153,12.514453458686669,0.0,-80.0,131.3275219163778,-325.0,-300.0,40.0,127.5,-65.6637609581889,0.0,-6.257226729343334,-262.07928299551776,-302.8154873629456,300.0,325.0,-302.8154873629456,-230.25559380130153,70.25087480179245,0.0,1496.5981,hplb
297,0.0,0.0,0.0,0.0,0.0,0.0,0.0,0.0,-0.030248290543891443,0.0,0.0,0.0,0.0,0.0,0.0,0.0,-95.15380396072567,-705.5845128842903,0.0,1000.0,0.0,0.0,0.0,322.42438172671723,0.0,0.0,0.0,0.0,0.0,-183.25045204008185,0.0,0.0,60.56261820411636,0.0,0.0,0.0,0.0,-794.4478886306312,0.0,-1000.0,60.724578833382765,0.0,0.0,0.0,0.0,0.0,0.0,0.0,425.26844769989486,-112.262718072648,0.0,146.8641916990873,0.0,0.0332731195983105,0.0,0.0,0.0,6.049658108778289,0.0,0.0,-2.6638661205656717,0.0,1000.0,997.3361338794343,0.0,0.0,0.0,0.0,0.0,282.11736318060207,0.0,0.30248290543891443,0.0,0.0,0.0,0.0,0.0,0.0,0.0,0.0,0.0,0.0,-867.5404310766382,0.0,18.14897432633487,0.0,0.0,803.5695494302406,-536.8790678176232,989.6447791289386,-0.007562072635972861,0.0,0.0,0.0,9.074487163167435,0.0,9.074487163167435,-0.9739949555135042,0.0,0.0,0.0,999.2437927364027,-183.25045204008185,0.0,0.0,-78.76889457486361,0.0,0.0,0.0,0.0,0.0,0.0,0.0,0.0,0.0,0.0,0.0,0.0,0.0,0.0,0.0,0.0,0.0,0.0,-64.31701327580294,0.0,0.0,9.074487163167435,0.0,9.376970068606349,0.0,0.0,0.0,0.0,0.0,0.0,0.0,733.2346621431088,-733.2346621431088,0.0,0.0,0.0,0.0,0.0,0.0,869.8695494485179,0.030248290543891443,0.0,0.0,0.0,-681.0496581087783,0.0,0.0,0.0,867.5404310766382,0.0,126.8777441791569,0.0,0.0,0.0,0.0,0.0,-330.42932107595556,-330.42932107595556,0.0,0.0,0.0,0.0,-185.82565315064815,0.0,0.0,-330.39907278541165,0.0,0.0,0.0,336.1705512570568,0.0,0.0,0.0,0.0,0.0,0.0,0.0,0.0,0.0,0.0,-77.41603144108105,0.0,0.0,0.0,0.0,-797.7013738171663,0.0,0.0,0.0,0.0,0.0,112.262718072648,-146.8641916990873,-212.44168168466126,212.44168168466126,0.0,0.0,0.0,0.0,0.0,0.0,0.0,0.0,264.0525065402592,0.0,0.0,0.0,0.0,0.0,0.0,0.0,0.0,0.0,0.0,0.0,0.0,0.0,375.07802279182005,593.1489743263348,0.0,0.0,0.0,0.0,0.0,0.5420411852526829,0.0,0.0,0.0,0.0,-2.6638661205656717,0.0,0.0,0.0,0.0,0.0,0.0,0.0,0.0,0.0,0.0,0.0,0.0,0.0,357.4322121530413,32.994826020079245,869.5321237463868,0.0,0.0,0.0,0.0,0.0,-266.45517421804647,0.0,0.0,0.0,53.08283548767531,0.0,0.0,19.698316030833865,172.20312399333568,0.0,-152.50480796250181,0.0,-172.20312399333568,-749.3207495022845,0.0,-1000.0,112.262718072648,0.0,83.85068943220446,0.0,0.0,0.0,-1000.0,0.0,1000.0,0.0,0.0,0.0,0.0,0.0,0.0,0.0,0.0,-2.6638661205656717,-0.045372435815837164,0.0,0.0,0.0,0.0,0.030248290543891443,0.0,0.0,0.0,788.0848454687462,-95.15380396072567,0.0,-252.93172362119026,656.6129848714106,0.0,69.7990659965502,0.0,-508.41411753089716,0.0,-78.76889457486361,0.0,0.0,0.0,-2.604377815829083,32.050669936692714,478.9678254100335,-1000.0,-1000.0,0.0,0.0,0.0,0.0,0.0,0.0,0.0,0.0,0.0,0.0,0.0,0.0,0.0,0.0,0.0,0.0,0.0,-1000.0,0.0,-205.673104531545,867.5404310766382,0.0,0.0,72.50899139101523,0.0,0.0,-869.8695494485179,0.0,0.0,0.0,0.0,997.7313782092082,-32.050669936692714,15.501630031884972,-536.6325993273063,0.0,0.0,0.0,0.0,0.0,-519.6971486273834,-15.501630031884972,0.0,124.12324137499918,-0.7562072635972861,-1.5124145271945721,631.1910361206051,0.0,-737.5440256729273,0.0,1000.0,9.074487163167435,-218.7500000000002,218.7500000000002,0.0,745.0263451953524,0.0,0.0,0.0,-375.07802279182005,375.07802279182005,375.07802279182005,-417.3071087292672,0.0,0.0,-330.4595693664994,0.0,0.0,0.0,0.0,0.0,-5.3277322411313435,0.0,0.0,0.0,0.0,0.0,0.0,0.0,-96.97517094561086,0.06049658108780309,0.0,0.0,0.0,0.0,0.0,0.0,0.0,0.0,0.0,282.11736318060207,0.0,0.0,0.0,0.0,0.0,0.0,0.0,0.0,0.0,0.0332731195983105,0.0332731195983105,0.0,0.0,0.0,18.14897432633487,0.0,0.0,0.0,1000.0,0.0,0.0,0.0,0.0,0.0,4.3393114846041385,-1000.0,0.0,0.0,0.0,0.0,0.0,0.0,0.0,0.0,0.0,0.0,0.0,0.0,0.0,21.439004425267644,-788.0848454687462,681.0496581087783,0.0,2.3291183718796398,0.0,0.0,0.0,-0.5420411852526829,0.0,4.3393114846041385,0.0,0.0,-92.63585946100672,0.0,0.0,375.07802279182005,0.0,0.0,0.0,0.0,0.0,0.0,0.0,0.0,0.0,0.0,0.0,0.0,0.0,18.14897432633487,0.0,0.0,0.0,0.0,0.0,0.0,0.0,0.0,0.0,0.0,0.0,0.0,0.30248290543891443,0.0,0.0,0.0,0.0,0.0,-146.8641916990873,0.0,0.0,9.074487163167435,0.0,0.0,0.0,0.0,0.0,0.0,0.0,0.0,0.0,0.0,59.05453314414768,0.0,0.0,9.074487163167433,9.074487163167435,732.1664571417544,-1000.0,0.0,0.0,0.0,0.0,0.0,0.0,0.0,624.9344700337863,0.0,684.4924562505576,0.030248290543891443,0.0,0.0,0.0,39.94718884757207,0.0,0.0,0.0,0.0,0.0,0.0,0.0,0.0,0.0,0.0,0.0,0.0,0.0,0.0,0.0,0.0,0.0,0.030248290543891443,0.0,0.0,0.0,0.0,0.0,0.0,0.0,0.0,0.0,-75.54265398006288,0.0,0.0,0.0,0.0,-2.2686217907918587,0.0,-1.5124145271945735,0.0,0.0,0.0,0.0,0.0,0.0,0.0,0.0,0.0,0.0,0.0,0.0,0.0,0.0,0.0,263.9683888542672,0.0,0.0,0.0,-0.030248290543891443,0.0,0.0,0.030248290543891443,0.0,0.030248290543891443,0.0,0.0,0.0,18.14897432633487,36.90291446354757,36.90291446354757,0.0,0.0,0.0,0.0,0.0,0.0,0.0,681.0496581087783,0.0,0.0,0.0,0.0,0.0,0.0,0.0,0.0,0.0,0.0,0.0,0.0,0.0,0.0,0.0,0.0,0.0,0.0,0.0,0.5420411852526829,0.0,0.0,0.0,0.045372435815837164,0.0,0.0,0.0,-9.074487163167435,0.0,0.0,0.0,0.0,0.0,0.0,1.5124145271945721,0.0,0.0,0.0,0.0,185.82565315064815,794.326895468455,-1.5124145271945735,0.0,0.0,0.0,0.0,0.0,0.0,0.0,0.0,0.0,0.0,58.512491958895,-375.07802279182005,0.0,1000.0,-78.76889457486361,794.326895468455,0.0,0.0,-794.326895468455,867.5404310766382,-303.35808868159404,0.0,1.5124145271945735,882.4369939721116,0.0,0.0,0.0,-5.3277322411313435,0.0,0.0,0.0,0.0,0.0,0.0,0.0,0.0,0.0,79.6846532318729,-6.805865372375692,36.90291446354757,0.0,0.0,0.0,0.0,0.0,0.0,0.0,0.0,0.0,0.0,0.0,0.0,0.0,-322.06455202817415,-449.7770441333438,0.0,9.074487163167435,0.0,0.0,0.0,0.0,-68.43419357385567,0.0,0.0,0.0332731195983105,0.0,0.0,0.0,18.451457231773784,0.0,0.0,0.0,0.0,593.1489743263348,0.0,0.0,0.0,0.0,0.0,0.0,0.0,0.0,0.0,0.0,0.0030248290543891444,0.0030248290543891444,0.0,0.0,0.0,0.0,0.0,0.0,0.0,0.0,0.0,0.0,0.0,0.0,0.0,0.0,0.0,0.0,0.0,0.0,0.0,0.0,0.0,0.0,0.0,112.262718072648,0.0,0.0,0.0,0.0,-173.4331998093793,261.5298478887355,-705.5845128842903,0.0,0.0,0.0,18.14897432633487,0.0,0.0,0.0,0.0,0.0,-18.14897432633487,0.0,0.0,0.0,0.0,0.0,0.0,0.0,0.0,0.0,0.0,0.0,0.0,0.0,-684.4924562505576,-558.3159820062956,20.72007902256564,-760.355360136879,751.2808729737116,0.0,-794.4478886306312,0.0,0.0,0.0,0.0,0.0,0.0,0.0,0.0,0.0,182.29166666666669,0.0,-182.29166666666669,-182.29166666666669,0.0,0.0,0.0,0.0,-3.781036317986432,0.0,-1000.0,4.5372435815837235,0.0,0.0,0.0,0.0,0.0,0.0,-0.3781036317986431,872.8681633177696,0.0,0.0,0.0,0.0,0.0,0.0,0.0,1000.0,9.074487163167435,9.074487163167433,0.0,0.0,0.0,0.0,0.0,0.0332731195983105,0.0,0.0,0.0,794.4478886306312,0.0,0.0,0.0,0.0,0.0,0.0,0.0,0.0,0.0,0.0,0.0,0.0,0.0,0.0,0.0,0.0,0.0,0.0,0.0,31.760705071086022,2.3291183718796398,0.0,0.0,0.0,0.0,0.0,0.0,0.0,-795.3008904239684,0.0,0.0,0.0,-3.781036317986432,0.0,0.0,0.0,0.0,0.0,0.0,0.0,0.0,0.0,0.0,0.0,0.0,0.0,0.0,0.0,0.0,0.0,0.0,-0.030248290543891443,0.0,0.0,1.5124145271945721,-4.3393114846041385,0.0,0.0,0.0,0.0,0.0,0.0,0.0,0.0,2.604377815829083,0.7562072635972861,0.0,0.0,0.0,0.030248290543891443,0.0,30.248290543891443,-9.376970068606349,6.049658108778289,0.21605921817065316,84.39273061745715,-0.022686217907918582,536.6325993273063,0.6049658108778289,-0.15124145272011447,-84.39273061745715,9.074487163167433,-0.030248290543891443,26.2562981916212,0.0,0.007562072635972861,0.21605921817065316,-78.76889457486361,-4.815527854587652,-0.6049658108778289,-199.26168315498398,-0.030248290543891443,0.007562072635972861,-84.39273061745715,3.0248290543891443,0.030248290543891443,0.030248290543891443,0.06352141014220195,0.03327311959828059,0.0,-0.022686217907918582,9.074487163167433,0.030248290543891443,9.074487163167419,-15.124145271945721,-0.015124145271945721,30.660044970570308,-3.5971185301857185,-0.022686217907918582,-0.030248290543891443,-9.376970068606349,0.030248290543891443,3.02482905438913,-0.6049658108778289,0.5420411852526829,0.5420411852526829,-3.0248290543891443,199.26168315498398,-0.5420411852526829,6.049658108778289,0.045372435815837164,-1000.0,3.0248290543891443,-21.439004425267644,0.0,-6.049658108778289,0.015124145271945721,0.30248290543891443,63.232930905297565,-369.0283646830418,-0.030248290543891443,-6.805865372375692,-0.06352141014220195,9.376970068606349,0.030248290543891443,4.815527854587652,-36.29794865266976,0.0,-0.030248290543891443,-0.007562072635972861,0.0,-0.030248290543891443,-96.97517094561086,0.030248290543891443,-0.007562072635972861,-0.007562072635972861,-0.007562072635972861,12.099316217556577,15.124145271945721,0.30248290543891443,290.9168975463841,-0.007562072635972861,100.20956361897393,1.5124145271945721,50.0,0.030248290543891443,0.015124145271945721,0.015124145271945721,3.0248290543891443,9.376970068606349,0.030248290543891443,-9.376970068606349,0.30248290543891443,0.030248290543891443,-827.9302881257399,0.030248290543891443,0.12099316217614842,0.15124145272011447,0.015124145271945721,0.007562072635972861,9.074487163167433,-0.030248290543891443,0.0,0.30248290543891443,-581.8337950927682,535.876392063709,-3.02482905438913,6.049658108778289,1.5124145271945721,-0.030248290543891443,78.76889457486361,0.045372435815837164,-0.030248290543891443,-6.049658108778289,9.376970068606349,153.21566201195657,0.015124145271945721,-100.0,-0.030248290543891443,-0.030248290543891443,-0.030248290543891443,0.015124145271945721,84.39273061745715,-6.049658108778289,0.030248290543891443,126.46586181059513,-0.007562072635972861,-0.03327311959828059,-126.46586181059513,4.537243581583716,3.5971185301857185,618.1994222955377,84.39273061745715,-0.022686217907918582,6.805865372375692,369.0283646830418,0.030248290543891443,-0.007562072635972861,1.5124145271945735,30.248290543891443,-0.015124145271945721,-0.030248290543891443,0.007562072635972861,150.71081809158804,0.0,759.660846228074,537.0133905793558,-39.742559833026576,0.0,192.45308327327484,-140.0,0.0,-80.0,-255.0,-325.0,-240.32402962665412,40.0,19.871279916513288,127.5,0.0,70.0,0.0,-84.78146843810089,240.32402962665412,325.0,-84.78146843810089,-192.45308327327484,112.86310143577774,0.0,1496.5981,hplb
298,0.0,0.0,0.0,0.0,0.0,0.0,0.0,0.0,-0.10031024805624841,0.0,0.0,0.0,0.0,0.0,0.0,0.0,-856.7284276753414,-37.547733171227485,0.0,1000.0,0.0,0.0,0.0,0.0,0.0,0.0,0.0,0.0,0.0,-350.7315417665202,0.0,0.0,992.2913149441064,0.0,0.0,0.0,0.0,211.80528407626716,0.0,-1000.0,983.5413214015271,0.0,-713.4568553506829,95.89990807007582,0.0,0.0,0.0,0.0,0.0,0.0,0.0,0.0,0.0,0.11034127286131934,0.0,0.0,0.0,20.062049611249684,0.0,0.0,8.792522603413843,0.0,0.0,-44.08701274328845,0.0,0.0,0.0,0.0,0.0,0.0,0.0,1.0031024805624842,0.0,0.0,0.0,0.0,0.0,0.0,0.0,0.0,0.0,0.0,246.9994639680855,0.0,60.18614883374905,0.0,0.0,223.25420342659845,182.31917035474817,856.8788930474258,-0.025077562014062107,0.0,0.0,0.0,30.093074416874526,0.0,79.52984377909067,0.0,0.0,0.0,393.2919517843372,997.4922437985938,-1000.0,0.0,0.0,-50.22810807903568,0.0,0.0,0.0,0.0,0.0,0.0,0.0,0.0,0.0,0.0,0.0,0.0,0.0,0.0,0.0,0.0,0.0,0.0,-313.63226044324983,0.0,0.0,79.52984377909067,0.0,31.096176897437005,31.096176897437005,0.0,645.2389029877681,-10.90457626294915,-634.334326724819,634.334326724819,0.0,0.0,0.0,-52.87953534670229,0.0,0.0,0.0,0.0,0.0,-239.2755748677544,0.10031024805624841,0.0,0.0,0.0,0.0,-388.1542195104285,0.0,0.0,146.29248781625168,0.0,588.8761580817581,0.0,0.0,0.0,0.0,0.0,999.8996897519437,999.8996897519437,0.0,0.0,0.0,0.0,-86.7396991571934,0.0,0.0,1000.0,0.0,0.0,0.0,302.65192392631883,-611.7664688217998,0.0,0.0,0.0,0.0,0.0,0.0,0.0,0.0,0.0,0.0,0.0,0.0,0.0,0.0,-1000.0,0.0,0.0,0.0,0.0,0.0,0.0,713.4568553506829,-739.1980634021741,739.1980634021741,52.87953534670229,0.0,0.0,0.0,0.0,0.0,0.0,649.2684582334798,-767.7684722689555,0.0,0.0,0.0,0.0,0.0,0.0,0.0,0.0,0.0,0.0,0.0,0.0,0.0,11.613312113394784,377.715088095144,494.00311409117876,0.0,0.0,0.0,0.0,-52.87953534670229,0.0,0.0,0.0,0.0,8.792522603413843,398.10320602110295,0.0,0.0,0.0,0.0,0.0,0.0,0.0,0.0,392.403801732423,0.0,49.43676936221614,0.0,0.0,208.06037840623947,197.51299537510727,0.0,-494.00311409117876,0.0,0.0,52.87953534670229,614.9561070307562,0.0,0.0,0.0,-352.370342065577,0.0,0.0,206.94319955014555,206.94319955014555,0.0,0.0,0.0,-206.94319955014555,-556.8788930474258,0.0,0.0,0.0,0.0,342.05794587180714,0.0,0.0,0.0,-734.5095339554734,0.0,734.5095339554734,0.0,999.7993795038875,0.0,0.0,0.0,0.0,0.0,0.0,8.792522603413843,-0.15046537208437263,0.0,0.0,0.0,0.0,0.10031024805624841,0.0,0.0,0.0,528.0663544884862,-856.7284276753414,0.0,-749.9597203280579,-314.96227215862905,611.7664688217998,1000.0,0.0,-707.2531437039535,0.0,-50.22810807903568,0.0,0.0,0.0,657.5057828587303,677.1072035222298,-627.3598426770067,-1000.0,-1000.0,0.0,0.0,0.0,0.0,0.0,0.0,0.0,0.0,0.0,0.0,0.0,0.0,0.0,0.0,0.0,0.0,0.0,-787.7934749315073,0.0,-1000.0,146.29248781625168,0.0,389.1738117450125,139.13056836601004,0.0,0.0,-153.12822686466862,0.0,0.0,0.0,0.0,992.4767313957814,-1000.0,0.0,0.0,0.0,322.89279647777016,0.0,-5.015512402812421,-924.8452333015058,750.9948317544014,0.0,-570.8191622837081,973.6146393632162,-2.5077562014062105,0.0,-7.575792501031515,0.0,-446.87096196408254,0.0,925.1786882675962,79.52984377909067,-156.25000000000014,156.25000000000014,0.0,0.0,0.0,0.0,0.0,-11.613312113394784,11.613312113394784,11.613312113394784,-619.5702210373986,0.0,0.0,0.0,0.0,0.0,649.2684582334798,0.0,0.0,-35.2944901398746,0.0,-1000.0,63.0711651806177,0.0,0.0,0.0,0.0,-89.96897519437516,0.20062049611256383,0.0,0.0,0.0,0.0,0.0,0.0,0.0,0.0,0.0,0.0,0.0,0.0,0.0,0.0,0.0,0.0,0.0,0.0,0.0,0.11034127286131934,0.11034127286131934,0.0,271.5512625021451,0.0,60.18614883374905,0.0,0.0,0.0,-975.565753336525,0.0,0.0,0.0,0.0,0.0,-121.23060315466644,975.565753336525,0.0,0.0,0.0,0.0,0.0,63.0711651806177,0.0,0.0,0.0,0.0,0.0,0.0,0.0,104.54408681441662,-528.0663544884862,388.1542195104285,0.0,7.723889100331121,0.0,653.1572160925195,-653.1572160925195,-653.1572160925195,0.0,-121.23060315466644,0.0,0.0,-211.1995783490416,0.0,0.0,11.613312113394784,0.0,0.0,0.0,0.0,0.0,0.0,0.0,0.0,0.0,0.0,0.0,0.0,0.0,60.18614883374905,52.87953534670229,52.87953534670229,0.0,0.0,0.0,0.0,0.0,0.0,0.0,0.0,0.0,0.0,1.0031024805624842,0.0,0.0,0.0,0.0,0.0,713.4568553506829,0.0,0.0,79.52984377909067,0.0,0.0,0.0,0.0,0.0,0.0,0.0,0.0,0.0,0.0,625.1877523324936,0.0,0.0,30.093074416874526,30.093074416874526,1000.0,975.565753336525,0.0,63.0711651806177,0.0,0.0,0.0,0.0,0.0,1000.0,649.2684582334798,704.3557619328003,0.10031024805624841,0.0,0.0,8.089305003964604,0.0,904.7362795051846,0.0,0.0,0.0,0.0,0.0,0.0,0.0,0.0,0.0,0.0,0.0,0.0,0.0,0.0,0.0,0.0,0.10031024805624841,0.0,0.0,0.0,0.0,0.0,0.0,0.0,0.0,0.0,0.0,236.04558488034385,0.0,0.0,-212.20652506849274,-7.523268604218632,-5.015512402812425,0.0,0.0,0.0,0.0,0.0,0.0,0.0,0.0,0.0,0.0,0.0,0.0,52.87953534670229,611.7664688217998,0.0,0.0,483.32323870632615,0.0,0.0,0.0,-0.10031024805624841,0.0,0.0,0.10031024805624841,0.0,0.10031024805624841,0.0,0.0,0.0,60.18614883374905,122.37850262862307,122.37850262862307,0.0,0.0,0.0,0.0,0.0,0.0,0.0,388.1542195104285,0.0,649.2684582334798,0.0,0.0,0.0,666.1424952163727,0.0,0.0,0.0,0.0,0.0,0.0,0.0,0.0,0.0,0.0,0.0,0.0,0.0,0.0,0.0,0.0,0.0,0.15046537208437263,0.0,0.0,0.0,-79.52984377909067,0.0,0.0,0.0,0.0,0.0,-271.5512625021451,5.015512402812421,0.0,0.0,0.0,0.0,86.7396991571934,153.12822686466862,0.0,0.0,-1000.0,0.0,0.0,0.0,0.0,0.0,52.87953534670229,0.0,0.0,974.7032047205151,259.9379503887503,0.0,244.77030873807553,854.5081714261489,0.0,0.0,0.0,0.0,146.29248781625168,492.57760440213315,0.0,5.015512402812425,547.9418361097107,0.0,0.0,0.0,-35.2944901398746,0.0,0.0,0.0,0.0,0.0,0.0,0.0,0.0,0.0,-15.046537208437314,0.0,122.37850262862307,0.0,0.0,0.0,0.0,0.0,0.0,0.0,0.0,0.0,392.403801732423,0.0,0.0,294.12106831480105,-8.089305003964604,0.0,-713.4568553506829,30.093074416874526,0.0,0.0,0.0,0.0,204.68095046518584,0.0,0.0,0.11034127286131934,0.0,0.0,0.0,61.189251314311534,0.0,0.0,0.0,0.0,377.715088095144,0.0,0.0,0.0,0.0,0.0,0.0,0.0,0.0,-411.6741511270666,0.0,0.010031024805625129,0.010031024805625129,0.0,0.0,0.0,0.0,0.0,0.0,0.0,0.0,0.0,8.089305003964604,0.0,0.0,0.0,0.0,0.0,271.5512625021451,0.0,0.0,0.0,0.0,0.0,0.0,0.0,0.0,0.0,0.0,0.0,0.0,0.0,0.0,-37.547733171227485,0.0,0.0,0.0,60.18614883374905,0.0,0.0,0.0,0.0,0.0,0.0,-60.18614883374905,0.0,0.0,0.0,0.0,0.0,0.0,0.0,0.0,0.0,0.0,0.0,0.0,-704.3557619328003,-1000.0,734.8550151349028,0.0,-79.52984377909067,0.0,211.80528407626716,0.0,0.0,0.0,0.0,0.0,0.0,0.0,0.0,0.0,0.0,0.0,0.0,0.0,0.0,0.0,0.0,0.0,-12.538781007031059,52.87953534670229,-1000.0,658.6192266121541,0.0,0.0,0.0,0.0,0.0,-1.2538781007031052,0.0,181.58697795612628,0.0,0.0,0.0,0.0,0.0,0.0,0.0,1000.0,30.093074416874526,30.093074416874526,0.0,0.0,0.0,0.0,0.0,0.11034127286131934,271.5512625021451,0.0,0.0,-211.80528407626716,0.0,0.0,0.0,0.0,0.0,0.0,0.0,0.0,0.0,0.0,0.0,0.0,0.0,0.0,0.0,0.0,0.0,31.096176897437005,0.0,105.32576045906085,7.723889100331121,0.0,0.0,0.0,0.0,0.0,271.5512625021451,0.0,231.03007247753146,0.0,0.0,0.0,-12.538781007031059,0.0,0.0,0.0,0.0,0.0,0.0,0.0,0.0,0.0,0.0,0.0,0.0,0.0,0.0,0.0,0.0,0.0,0.0,-0.10031024805624841,0.0,0.0,5.015512402812421,121.23060315466644,0.0,0.0,0.0,0.0,52.87953534670229,0.0,0.0,0.0,-657.5057828587303,2.5077562014062105,0.0,0.0,0.0,0.10031024805624841,0.0,100.31024805624841,0.0,20.062049611249684,0.7165017718303458,342.05794587180714,-0.07523268604218632,570.8191622837081,2.0062049611249684,-0.5015512402818297,-342.05794587180714,30.093074416874526,-0.10031024805624843,16.742702693011893,63.0711651806177,0.025077562014062107,0.7165017718303458,-50.22810807903568,-15.969391490554045,-2.0062049611249684,-105.72383915343107,-0.10031024805624843,0.025077562014062107,-342.05794587180714,10.031024805624842,0.10031024805624843,0.10031024805624841,-271.34061098122754,0.11034127286187356,-77.06779447522558,-0.07523268604218632,30.093074416874526,0.10031024805624843,79.52984377909067,-0.7183546659080697,-0.050155124028124214,-411.3521474484612,42.7482002930212,-0.07523268604218632,-0.10031024805624843,0.0,0.10031024805624841,10.031024805624838,-2.0062049611249684,0.0,0.0,-10.031024805624842,105.72383915343107,0.0,20.062049611249684,0.15046537208437263,-664.7682332116274,10.031024805624842,-104.54408681441662,63.0711651806177,-20.062049611249684,0.050155124028124214,1.0031024805624842,187.48993008201447,280.0,-0.10031024805624841,-294.12106831480105,271.34061098122754,31.096176897437005,0.10031024805624843,15.969391490554045,-106.73790184909643,63.0711651806177,-0.10031024805624841,-0.025077562014062107,-63.0711651806177,-0.10031024805624843,-89.96897519437516,0.10031024805624843,-0.025077562014062107,-0.025077562014062107,-0.025077562014062107,40.12409922249937,0.7183546659080697,1.0031024805624842,74.31735502867328,-0.025077562014062107,358.23715747101704,5.015512402812421,50.0,0.10031024805624841,0.050155124028124214,0.050155124028124214,41.56660739593369,0.0,0.10031024805624841,0.0,1.0031024805624842,0.10031024805624844,-74.31735502867328,0.10031024805624843,0.4012409922255529,0.5015512402818297,0.050155124028124214,0.025077562014062107,30.093074416874526,-0.10031024805624843,77.06779447522558,1.0031024805624842,-148.63471005734655,568.3114060823019,-10.031024805624838,20.062049611249684,5.015512402812421,-0.10031024805624843,50.22810807903568,0.15046537208437263,-0.10031024805624844,-83.13321479186737,0.0,120.68271482507936,0.050155124028124214,-100.0,-0.10031024805624843,-0.10031024805624843,-0.10031024805624843,0.050155124028124214,342.05794587180714,-20.062049611249684,0.10031024805624841,374.97986016402893,-0.025077562014062107,-0.11034127286187356,-374.97986016402893,15.046537208437261,-42.7482002930212,257.6571819528098,342.05794587180714,-0.07523268604218632,294.12106831480105,-280.0,0.10031024805624843,-0.025077562014062103,5.015512402812425,100.31024805624841,-0.050155124028124214,-0.10031024805624843,0.025077562014062107,0.0,0.0,364.7180780875992,0.0,-255.0,0.0,189.7570109499336,-140.0,0.0,-80.0,-255.0,123.3218611611033,-300.0,40.0,127.5,127.5,0.0,70.0,-271.5512625021451,-325.3636652902652,300.0,-123.3218611611033,-325.3636652902652,-189.7570109499336,143.2319439967026,0.0,1496.5981,hplb
299,0.0,0.0,0.0,0.0,0.0,0.0,0.0,0.0,-0.044492625350962475,0.0,0.0,0.0,0.0,0.0,0.0,0.0,0.0,0.0,0.0,243.18075187713455,0.0,0.0,0.0,0.0,0.0,0.0,0.0,0.0,0.0,-118.01795779972063,0.0,0.0,139.0167129797436,0.0,0.0,0.0,0.0,845.3781445070639,0.0,-1000.0,-295.91487285141767,0.0,0.0,0.0,0.0,0.0,1000.0,0.0,0.0,0.0,0.0,-620.9628261211752,0.0,0.048941887886181756,0.0,0.0,0.0,8.898525070192495,0.0,0.0,-3.918317205908231,0.0,3.918317205908231,0.0,0.0,0.0,0.0,0.0,770.5988790428612,0.0,0.0,0.4449262535096247,0.0,0.0,0.0,0.0,0.0,0.0,0.0,0.0,0.0,0.0,0.0,0.0,26.695575210577484,0.0,0.0,-872.3886708323192,17.171493937021335,4.450468958686187,-0.011123156337740617,0.0,0.0,-967.7517279636259,13.347787605288742,0.0,13.347787605288742,-853.1702862935294,0.0,0.0,0.0,2.2246312675481237,-118.01795779972063,0.0,0.0,-54.09856824136898,0.0,516.6533091244725,0.0,0.0,0.0,0.0,0.0,0.0,0.0,0.0,0.0,0.0,0.0,0.0,0.0,0.0,0.0,0.0,-101.84297712143217,0.0,0.0,13.347787605288742,0.0,13.792713858798365,0.0,0.0,0.0,0.0,0.0,0.0,0.0,766.3169471802123,-766.3169471802123,0.0,0.0,0.0,0.0,0.0,0.0,3.42593215202411,0.04449262535096246,0.0,0.0,0.0,0.0,-733.362255993802,0.0,0.0,0.0,0.0,198.29833002723112,0.0,0.0,0.0,0.0,0.0,-622.6777433736961,-622.6777433736961,0.0,0.0,0.0,-546.875,-962.1901497947555,0.0,0.0,-622.6332507483452,0.0,0.0,0.0,-807.451362201862,0.0,0.0,0.0,0.0,0.0,0.0,0.0,0.0,0.0,0.0,0.0,0.0,0.0,0.0,0.0,-839.3916266822665,0.0,0.0,0.0,0.0,0.0,0.0,620.9628261211752,203.93219999861856,-203.93219999861856,0.0,0.0,0.0,0.0,0.0,0.0,0.0,0.0,-5.561578168870309,0.0,0.0,0.0,0.0,0.0,0.0,0.0,0.0,0.0,0.0,0.0,0.0,0.0,145.1837531186465,704.0456985784124,-502.9448683214546,0.0,0.0,0.0,0.0,0.0,0.0,0.0,0.0,0.0,-3.918317205908231,-502.9448683214546,0.0,0.0,0.0,0.0,0.0,0.0,0.0,0.0,0.0,0.0,0.0,0.0,-640.3072874414102,-827.0679935030074,-47.493644712525565,0.0,502.9448683214546,0.0,0.0,0.0,508.6891291866501,0.0,0.0,0.0,-4.4841150916212404,0.0,0.0,0.0,120.33853998888456,0.0,-130.07892400748474,9.740384018600182,-130.07892400748474,221.10369393563985,0.0,698.5387965868971,0.0,0.0,124.13442472918528,0.0,0.0,0.0,-37.57508145711027,0.0,37.57508145711027,0.0,1000.0,0.0,0.0,0.0,-546.875,0.0,0.0,-3.918317205908231,-0.0667389380264437,0.0,0.0,0.0,0.0,0.04449262535096246,0.0,0.0,0.0,826.0438390769777,0.0,0.0,-294.82219474430156,981.6007961076518,0.0,-282.56708524612895,0.0,0.0,0.0,-54.09856824136898,0.0,0.0,0.0,770.5988790428612,-770.5988790428612,0.0,0.0,-1000.0,0.0,0.0,0.0,0.0,0.0,0.0,0.0,0.0,0.0,0.0,0.0,0.0,0.0,0.0,0.0,0.0,0.0,1000.0,0.0,154.44388499153249,0.0,0.0,851.7376237572279,0.0,0.0,0.0,-3.42593215202411,0.0,0.0,0.0,0.0,0.0,0.0,0.0,881.837860108645,-201.48911550910142,0.0,68.48169692122087,278.0447430948294,0.0,-834.3390141206501,0.0,-884.0624913761932,1000.0,200.37679987532735,-280.26937436237756,-963.5858833937916,0.0,0.0,0.0,741.6786725647356,13.347787605288742,0.0,0.0,0.0,112.00533994942484,0.0,0.0,0.0,-145.1837531186465,145.1837531186465,145.1837531186465,-89.45618619680477,0.0,0.0,-622.7222359990471,0.0,0.0,0.0,0.0,0.0,-7.836634411816462,0.0,0.0,0.0,0.0,0.0,0.0,0.0,-42.66434502067838,0.08898525070187563,0.0,0.0,0.0,0.0,0.0,0.0,0.0,0.0,0.0,714.3240221721477,0.0,0.0,0.0,0.0,0.0,0.0,0.0,0.0,0.0,0.048941887886181756,0.048941887886181756,0.0,0.0,0.0,26.695575210577484,0.0,805.1634036738226,0.0,0.0,0.0,0.0,0.0,0.0,0.0,309.9065802902813,0.0,0.0,0.0,0.0,0.0,0.0,0.0,0.0,0.0,0.0,0.0,0.0,0.0,0.0,33.94765904047739,-826.0438390769777,733.362255993802,0.0,3.42593215202411,0.0,0.0,-967.7517279636259,-967.7517279636259,0.0,309.9065802902813,0.0,267.24223526960293,0.0,0.0,0.0,145.1837531186465,0.0,0.0,0.0,0.0,0.0,0.0,0.0,0.0,0.0,0.0,0.0,0.0,0.0,26.695575210577484,0.0,0.0,0.0,0.0,0.0,0.0,0.0,0.0,0.0,0.0,0.0,0.0,0.4449262535096247,0.0,0.0,0.0,0.0,0.0,620.9628261211752,0.0,0.0,13.347787605288742,0.0,0.0,0.0,0.0,0.0,0.0,0.0,0.0,0.0,0.0,0.0,-591.7328182225151,0.0,13.347787605288742,13.347787605288742,1000.0,0.0,0.0,0.0,0.0,0.0,0.0,0.0,0.0,-5.040272908508271,0.0,0.0,0.04449262535096246,0.0,0.0,-35.3174754077756,94.0763432730574,54.09856824136898,0.0,967.7517279636259,0.0,0.0,0.0,0.0,0.0,0.0,0.0,0.0,0.0,0.0,0.0,0.0,0.0,0.0,0.04449262535096246,0.0,0.0,0.0,1000.0,-1000.0,0.0,0.0,0.0,0.0,0.0,848.3116916052038,0.0,0.0,-845.5561150084675,-3.336946901322186,-1.4190611810710898,-0.8055700864770339,0.0,0.0,0.0,0.0,0.0,0.0,0.0,0.0,0.0,0.0,0.0,0.0,0.0,0.0,0.0,743.9033038322838,0.0,0.0,0.0,-0.04449262535096246,0.0,0.0,0.04449262535096246,0.0,0.04449262535096246,0.0,56.274856870713506,0.0,26.695575210577484,54.28100292817422,54.28100292817422,0.0,0.0,0.0,0.0,0.0,0.0,0.0,733.362255993802,0.0,0.0,0.0,0.0,0.0,774.4296940855792,0.0,0.0,0.0,0.0,0.0,0.0,0.0,0.0,0.0,0.0,0.0,0.0,0.0,0.0,0.0,0.0,0.0,0.0667389380264437,0.0,0.0,0.0,-13.347787605288742,0.0,0.0,0.0,0.0,0.0,0.0,2.2246312675481237,0.0,0.0,0.0,546.875,962.1901497947555,-2.851723717372706,-0.8055700864770339,0.0,0.0,0.0,0.0,0.0,0.0,0.0,0.0,0.0,0.0,0.0,-145.1837531186465,0.0,1000.0,0.0,0.0,-6.277655869396816,0.0,6.277655869396816,0.0,454.40812625847593,805.1634036738226,2.2246312675481237,827.0749623109498,0.0,0.0,0.0,-7.836634411816462,-159.01632359130448,159.01632359130448,0.0,0.0,0.0,0.0,0.0,0.0,0.0,-6.673893802644376,0.0,54.28100292817422,0.0,0.0,0.0,0.0,0.0,0.0,0.0,0.0,0.0,0.0,0.0,0.0,10.010840703966561,-773.0828900374295,-103.4328243649027,0.0,13.347787605288742,0.0,0.0,0.0,0.0,-30.632317371631757,0.0,0.0,0.048941887886181756,0.0,0.0,0.0,27.14050146408711,0.0,0.0,0.0,0.0,704.0456985784124,0.0,0.0,0.0,0.0,0.0,0.0,0.0,0.0,591.7328182225151,0.0,0.0044492625350962475,0.0044492625350962475,0.0,0.0,0.0,0.0,0.0,0.0,0.0,0.0,0.0,-35.3174754077756,0.0,0.0,0.0,0.0,0.0,0.0,0.0,0.0,0.0,0.0,0.0,0.0,0.0,0.0,0.0,0.0,0.0,0.0,593.0855184540496,969.5968561311572,0.0,0.0,0.0,0.0,26.695575210577484,0.0,0.0,0.0,0.0,0.0,-680.7073383994745,654.011763188897,0.0,0.0,0.0,0.0,0.0,0.0,0.0,0.0,0.0,0.0,0.0,0.0,0.0,-123.0582307082289,804.9071424509884,-815.3267718845059,801.9789842792171,0.0,845.3781445070639,0.0,0.0,0.0,0.0,0.0,0.0,0.0,0.0,0.0,0.0,0.0,0.0,0.0,0.0,0.0,0.0,805.1634036738226,-5.561578168870309,0.0,-3.336946901322186,771.092747184257,0.0,0.0,0.0,0.0,0.0,0.0,-0.5561578168870309,7.836634411816462,0.0,0.0,0.0,0.0,0.0,0.0,0.0,1000.0,13.347787605288742,13.347787605288742,0.0,0.0,0.0,0.0,0.0,0.048941887886181756,0.0,0.0,0.0,-845.3781445070639,0.0,0.0,0.0,0.0,0.0,0.0,0.0,0.0,0.0,0.0,0.0,0.0,0.0,0.0,28.137428435356753,0.0,0.0,0.0,0.0,46.717256618510596,0.0,0.0,3.42593215202411,0.0,0.0,0.0,0.0,0.0,0.0,0.0,0.0,0.0,-5.561578168870309,0.0,0.0,0.0,0.0,0.0,0.0,0.0,0.0,0.0,0.0,0.0,0.0,0.0,0.0,0.0,0.0,0.0,0.0,-0.04449262535096246,0.0,0.0,2.2246312675481237,-309.9065802902813,0.0,0.0,0.0,0.0,0.0,0.0,0.0,0.0,-770.5988790428612,1.1123156337740618,0.0,0.0,0.0,0.04449262535096246,0.0,44.49262535096247,-13.792713858798365,8.898525070192495,0.3178044667925891,124.13442472918528,-0.03336946901322185,2.224631267548112,0.8898525070192496,-0.22246312675451918,-124.13442472918528,13.347787605288742,-0.044492625350962475,18.032856080456327,0.0,0.011123156337740619,0.3178044667925891,-54.09856824136898,-7.08322595587385,-0.8898525070192496,-243.18075187713455,-0.044492625350962475,0.011123156337740619,-124.13442472918528,4.449262535096247,0.044492625350962475,0.04449262535096246,0.09343451323714423,0.04894188788605872,-19.385353276315044,-0.03336946901322185,13.347787605288742,0.044492625350962475,13.347787605288742,-22.246312675481235,-0.022246312675481234,-70.71584026817811,-4.4937551604472095,-0.03336946901322185,-0.044492625350962475,-13.792713858798365,0.04449262535096246,4.449262535096247,-0.8898525070192496,0.0,0.0,-4.449262535096247,243.18075187713455,0.0,8.898525070192495,0.0667389380264437,-1000.0,4.449262535096247,-33.94765904047739,0.0,-8.898525070192495,0.022246312675481234,0.4449262535096247,73.70554868607539,-136.285228048454,-0.04449262535096246,-10.010840703966561,-0.09343451323714423,13.792713858798365,0.044492625350962475,7.08322595587385,-53.391150421154926,0.0,-0.04449262535096246,-0.011123156337740617,0.0,-0.044492625350962475,-42.66434502067838,0.044492625350962475,-0.011123156337740617,-0.011123156337740617,-0.011123156337740617,17.79705014038499,22.246312675481235,0.4449262535096247,355.30898253793015,-0.011123156337740617,129.37824129169445,2.2246312675481237,23.556803777887314,0.04449262535096246,0.022246312675481234,0.022246312675481238,4.449262535096247,13.792713858798365,0.04449262535096246,-13.792713858798365,0.4449262535096247,0.044492625350962475,-1000.0,0.044492625350962475,0.17797050140359255,0.22246312675451918,0.022246312675481238,0.011123156337740619,13.347787605288742,-0.044492625350962475,19.385353276315044,0.4449262535096248,-710.6179650758603,1.1123156337740738,-4.449262535096247,8.898525070192495,2.2246312675481237,-0.044492625350962475,54.09856824136898,0.0667389380264437,-0.044492625350962475,-8.898525070192495,13.792713858798365,322.6447626420148,0.022246312675481238,-47.11360755577463,-0.044492625350962475,-0.044492625350962475,-0.044492625350962475,0.022246312675481238,124.13442472918528,-8.898525070192495,0.04449262535096246,147.41109737215078,-0.011123156337740617,-0.04894188788605872,-147.41109737215078,6.67389380264437,4.4937551604472095,793.5863650608316,124.13442472918528,-0.03336946901322185,10.010840703966561,136.285228048454,0.044492625350962475,-0.011123156337740615,2.2246312675481237,44.49262535096247,-0.022246312675481234,-0.044492625350962475,0.011123156337740617,0.0,0.0,774.4235907929984,644.6910174620698,-124.0177930276734,0.0,61.274021092755675,-140.0,0.0,-80.0,-31.447678822812566,-275.53626907639045,-225.55416289432605,40.0,62.0088965138367,15.723839411406283,0.0,70.0,0.0,-292.01244527038307,225.55416289432605,275.53626907639045,-292.01244527038307,-61.274021092755675,55.10795448940718,0.0,1496.5981,hplb
300,0.0,0.0,0.0,0.0,0.0,0.0,0.0,0.0,-0.13564048086700412,0.0,0.0,0.0,0.0,0.0,0.0,0.0,154.52619419872005,-765.1562499999985,0.0,687.5613560835252,0.0,0.0,0.0,1000.0,0.0,0.0,0.0,0.0,0.0,170.17356231283102,71.26927908005224,-71.26927908005224,64.05096223407944,0.0,0.0,0.0,0.0,999.4574380765308,0.0,-1000.0,394.4384125322699,0.0,-675.3002434884489,0.0,0.0,0.0,0.0,0.0,-1000.0,0.0,0.0,0.0,0.0,0.14920452895376002,0.0,0.0,0.0,27.12809617340082,0.0,0.0,-35.70183137503869,0.0,0.0,-35.70183137503869,0.0,0.0,0.0,0.0,422.2469403997888,-93.72851454201395,0.0,1.356404808670041,0.0,0.0,0.0,0.0,0.0,0.0,0.0,0.0,0.0,0.0,0.0,0.0,81.38428852020246,0.0,0.0,711.2758631878565,-116.95676913491577,300.0,-0.03391012021675103,0.0,0.0,-372.162798004929,40.69214426010123,0.0,40.69214426010123,-37.68063145253359,259.1864538486526,0.0,0.0,334.4266101548221,-208.88658058279137,0.0,0.0,-72.95138313875972,81.47140185640835,0.0,0.0,0.0,0.0,0.0,0.0,0.0,0.0,0.0,0.0,0.0,0.0,0.0,0.0,0.0,0.0,0.0,-1000.0,0.0,0.0,40.69214426010123,0.0,42.048549068771266,0.0,0.0,-535.1928581552215,-464.8071418447785,1000.0,-1000.0,277.10188916433776,0.0,0.0,-277.10188916433776,0.0,0.0,0.0,0.0,0.0,10.444317026759336,0.13564048086700412,0.0,0.0,0.0,-263.5714299831745,0.0,0.0,0.0,0.0,0.0,515.4896134679493,0.0,0.0,0.0,0.0,0.0,58.19144461683574,58.19144461683574,0.0,0.0,0.0,0.0,0.0,0.0,0.0,129.596364177755,0.0,0.0,0.0,0.0,-690.5099239034192,0.0,0.0,0.0,0.0,0.0,0.0,0.0,0.0,0.0,-702.5890959645027,0.0,0.0,0.0,0.0,-1000.0,0.0,0.0,0.0,0.0,0.0,0.0,675.3002434884489,116.95676913491577,-116.95676913491577,0.0,0.0,0.0,0.0,0.0,0.0,0.0,379.0601428956224,-536.9831281550103,0.0,0.0,0.0,0.0,0.0,0.0,0.0,0.0,0.0,0.0,0.0,0.0,0.0,34.36596414387276,136.35622047356776,0.0,0.0,0.0,0.0,0.0,156.30031143243258,0.0,0.0,0.0,0.0,-35.70183137503869,0.0,71.26927908005224,0.0,350.6544213627066,0.0,0.0,0.0,0.0,0.0,37.956271111436536,0.0,0.0,0.0,454.32273347741955,-454.89104828086073,503.53287581122123,0.0,0.0,0.0,0.0,0.0,-447.2056371733829,0.0,0.0,0.0,-215.07858442453318,0.0,0.0,-1000.0,-604.8619292134316,395.1380707865684,-395.1380707865684,0.0,1000.0,0.0,0.0,328.08601203058583,0.0,0.0,222.1366301865088,0.0,0.0,0.0,-332.9733747342563,0.0,332.9733747342563,0.0,129.32508321602097,0.0,0.0,0.0,0.0,0.0,0.0,-35.70183137503869,-0.20346072130050613,0.0,0.0,0.0,0.0,0.13564048086700412,0.0,0.0,0.0,765.0512731960296,154.52619419872005,0.0,-785.6138919585733,767.9495970117342,690.5099239034192,435.1305567923712,0.0,433.9255858024379,0.0,-72.95138313875972,0.0,0.0,0.0,-11.678645402649106,-422.2469403997888,0.0,-1000.0,-1000.0,0.0,0.0,0.0,0.0,0.0,0.0,0.0,0.0,0.0,0.0,0.0,0.0,0.0,0.0,0.0,0.0,350.6544213627066,109.9941830688192,0.0,-890.0058169311808,0.0,0.0,0.0,0.0,0.0,0.0,22.868690941856357,0.0,259.1864538486526,0.0,973.1176771993406,327.64458611147177,0.0,0.0,0.0,0.0,0.0,0.0,819.5866491543343,-155.75758468676167,-1000.0,0.0,-170.60431709908613,-300.287204575553,-3.3910120216751025,-826.3686731976845,0.0,0.0,-182.7645067279081,158.6409908271372,978.7026344927451,40.69214426010123,0.0,0.0,0.0,0.0,0.0,0.0,0.0,-34.36596414387276,34.36596414387276,34.36596414387276,300.82328696535893,0.0,0.0,0.0,0.0,0.0,379.0601428956224,0.0,0.0,-71.40366275007737,0.0,0.0,0.0,0.0,0.0,0.0,0.0,-86.43595191329959,0.2712809617341918,0.0,0.0,0.0,0.0,0.0,0.0,0.0,0.0,0.0,0.0,0.0,0.0,0.0,0.0,0.0,0.0,0.0,0.0,0.0,0.14920452895376002,0.14920452895376002,71.26927908005224,287.23786797047194,0.0,81.38428852020246,0.0,0.0,0.0,1000.0,0.0,0.0,0.0,0.0,0.0,919.3803884934064,-1000.0,0.0,0.0,0.0,0.0,0.0,0.0,0.0,0.0,0.0,0.0,0.0,0.0,0.0,333.3333333333333,-765.0512731960296,182.10002812676612,0.0,10.444317026759336,0.0,0.0,-372.162798004929,-528.4631094373616,0.0,919.3803884934064,0.0,1000.0,-167.05556341989325,0.0,0.0,34.36596414387276,0.0,0.0,0.0,0.0,0.0,0.0,0.0,0.0,0.0,0.0,0.0,0.0,0.0,81.38428852020246,0.0,0.0,0.0,0.0,0.0,0.0,0.0,0.0,0.0,0.0,0.0,0.0,1.356404808670041,0.0,71.26927908005224,0.0,0.0,71.26927908005224,675.3002434884489,0.0,0.0,40.69214426010123,0.0,0.0,0.0,0.0,0.0,0.0,0.0,0.0,0.0,0.0,637.8989709551038,0.0,0.0,40.69214426010123,40.69214426010123,1000.0,-1000.0,0.0,0.0,0.0,0.0,0.0,0.0,0.0,252.27382306530785,379.0601428956224,89.9877706050562,0.13564048086700412,0.0,0.0,0.0,179.13263219643133,0.0,0.0,372.162798004929,0.0,0.0,0.0,0.0,0.0,0.0,0.0,0.0,0.0,0.0,0.0,0.0,0.0,0.0,0.13564048086700412,0.0,0.0,0.0,-1000.0,1000.0,0.0,0.0,0.0,0.0,0.0,1000.0,0.0,-717.944855209491,-1000.0,-10.173036065025371,0.0,-6.782024043350205,0.0,359.375,359.375,-359.375,0.0,0.0,0.0,0.0,0.0,0.0,0.0,0.0,690.5099239034192,0.0,0.0,802.7201518081872,0.0,0.0,0.0,-0.13564048086700412,0.0,0.0,0.13564048086700412,0.0,0.13564048086700412,0.0,328.51842585777484,0.0,81.38428852020246,165.481386657745,165.481386657745,0.0,0.0,0.0,0.0,0.0,0.0,0.0,182.10002812676612,0.0,379.0601428956224,0.0,0.0,0.0,0.0,0.0,0.0,0.0,0.0,0.0,0.0,0.0,0.0,0.0,0.0,0.0,0.0,0.0,156.30031143243258,0.0,-653.4733824332081,653.4733824332081,0.20346072130050613,0.0,0.0,0.0,-40.69214426010123,0.0,0.0,0.0,0.0,0.0,-287.23786797047194,6.782024043350205,0.0,0.0,0.0,0.0,0.0,-22.868690941856357,-6.782024043350205,0.0,0.0,0.0,0.0,0.0,0.0,0.0,0.0,0.0,0.0,-225.78268768041113,252.87190382659918,0.0,479.9719319533653,-72.95138313875972,0.0,0.0,977.1313090581436,-977.1313090581436,0.0,-612.6870238311279,0.0,6.782024043350205,1000.0,0.0,176.52587157499232,-71.26927908005224,-71.40366275007737,0.0,0.0,-328.12500000000205,328.12500000000205,0.0,0.0,0.0,0.0,0.0,1000.0,-317.75697616554754,165.481386657745,0.0,845.8484529611576,845.8484529611576,-774.5791738811052,0.0,0.0,0.0,0.0,0.0,37.956271111436536,0.0,0.0,0.0,-179.13263219643133,-52.33751577130177,-675.3002434884489,40.69214426010123,0.0,0.0,0.0,0.0,174.98306884072053,0.0,0.0,0.14920452895376002,0.0,0.0,0.0,82.7406933288725,0.0,0.0,0.0,0.0,136.35622047356776,0.0,81.47140185640835,0.0,0.0,0.0,0.0,0.0,0.0,-243.45776812791303,0.0,0.013564048086700411,0.013564048086700411,0.0,0.0,0.0,0.0,0.0,0.0,0.0,0.0,0.0,0.0,71.26927908005224,0.0,0.0,0.0,0.0,287.23786797047194,0.0,0.0,0.0,0.0,0.0,0.0,0.0,0.0,0.0,0.0,0.0,0.0,0.0,1000.0,-765.1562499999985,0.0,0.0,0.0,81.38428852020246,0.0,0.0,0.0,0.0,0.0,0.0,-81.38428852020246,0.0,0.0,0.0,0.0,0.0,0.0,0.0,0.0,0.0,71.26927908005224,71.26927908005224,0.0,-89.9877706050562,-956.6127575174835,92.91372939389781,0.0,-40.69214426010123,0.0,999.4574380765308,0.0,0.0,0.0,0.0,0.0,0.0,0.0,0.0,0.0,221.35416666666669,0.0,-221.35416666666669,-221.35416666666669,0.0,0.0,0.0,0.0,-16.955060108375577,0.0,-337.81762217649714,307.58394010052257,0.0,0.0,0.0,0.0,0.0,468.5487290063521,-470.2442350171897,71.40366275007737,0.0,0.0,0.0,0.0,0.0,0.0,0.0,1000.0,40.69214426010123,40.69214426010123,0.0,0.0,0.0,0.0,0.0,0.14920452895376002,287.23786797047194,0.0,0.0,-999.4574380765308,0.0,0.0,0.0,0.0,0.0,0.0,0.0,0.0,0.0,0.0,0.0,0.0,0.0,0.0,490.9959041454915,0.0,0.0,0.0,0.0,142.4225049103543,10.444317026759336,0.0,0.0,0.0,0.0,0.0,287.23786797047194,0.0,-14.811940510677248,0.0,0.0,0.0,-16.955060108375577,0.0,0.0,0.0,0.0,0.0,0.0,0.0,0.0,0.0,0.0,0.0,0.0,0.0,0.0,0.0,0.0,0.0,0.0,-0.13564048086700412,0.0,0.0,6.782024043350205,-919.3803884934064,0.0,0.0,0.0,0.0,0.0,0.0,0.0,0.0,11.678645402649106,3.3910120216751025,0.0,0.0,0.0,0.13564048086700412,0.0,135.6404808670041,-42.048549068771266,27.12809617340082,0.9688605776214578,378.4369416189414,-0.10173036065025307,170.60431709908613,2.712809617340082,-0.6782024043361616,-378.4369416189414,40.69214426010123,-0.13564048086700412,24.31712771291991,0.0,0.03391012021675103,0.9688605776214578,-72.95138313875972,-21.59396455402745,68.55646946271224,-76.93130028224672,-0.13564048086700412,0.03391012021675103,-378.4369416189414,13.56404808670041,0.13564048086700412,0.13564048086700412,-286.9530229606512,0.14920452895370453,-4.5841478698595495,-0.10173036065025307,40.69214426010123,0.13564048086700412,40.69214426010123,-67.82024043350205,-0.06782024043350206,-365.0026993205703,-170.0,-0.10173036065025307,-0.13564048086700412,-42.048549068771266,0.13564048086700412,13.56404808670041,-2.712809617340082,156.30031143243258,156.30031143243258,-13.56404808670041,76.93130028224672,-156.30031143243258,27.12809617340082,0.20346072130050613,-900.8822780596026,13.56404808670041,-333.3333333333333,0.0,-27.12809617340082,0.06782024043350206,1.356404808670041,196.40347298964332,280.0,-0.13564048086700412,-317.75697616554754,286.9530229606512,42.048549068771266,0.13564048086700412,21.59396455402745,-162.76857704040506,0.0,-0.13564048086700412,-0.03391012021675103,0.0,-0.13564048086700412,-167.90735376970792,0.13564048086693853,-0.03391012021675103,-0.03391012021675103,-0.03391012021675103,54.25619234680164,67.82024043350205,1.356404808670041,100.49264126234279,-0.03391012021675103,368.48981826636674,6.782024043350205,50.0,0.13564048086700412,0.06782024043350206,0.06782024043350206,13.56404808670041,42.048549068771266,0.13564048086700412,-42.048549068771266,1.356404808670041,0.13564048086700412,-100.49264126234279,0.13564048086700412,0.5425619234691794,0.6782024043361616,0.06782024043350206,0.03391012021675103,40.69214426010123,-0.13564048086700412,4.5841478698595495,-34.27823473135612,-200.98528252468557,167.21330507741104,-13.56404808670041,27.12809617340082,6.782024043350205,-0.13564048086700412,72.95138313875972,0.20346072130050613,-0.13564048086700412,-27.12809617340082,42.048549068771266,52.18539998840038,0.06782024043350206,-100.0,-0.13564048086700412,-0.13564048086693853,-0.13564048086700412,0.06782024043350206,378.4369416189414,-27.12809617340082,0.13564048086700412,392.80694597928664,-0.03391012021675103,-0.14920452895370453,-392.80694597928664,20.34607213005061,170.0,279.05128723070396,378.4369416189414,-0.10173036065025307,317.75697616554754,-280.0,0.13564048086700412,-0.033910120216751036,979.8997012426909,135.6404808670041,-0.06782024043350206,-0.13564048086700412,0.03391012021675103,0.0,0.0,600.8144578191691,0.0,-255.0,0.0,442.9128902104193,-140.0,0.0,-14.418114747277855,-255.0,-325.0,-300.0,7.209057373638927,127.5,127.5,0.0,70.0,-287.23786797047194,-227.1684688291209,300.0,325.0,-227.1684688291209,-442.9128902104193,296.05870958206197,0.0,1496.5981,hplb
301,0.0,0.0,0.0,0.0,0.0,0.0,0.0,0.0,-0.014730450193581738,0.0,0.0,0.0,0.0,0.0,0.0,0.0,-700.0,1000.0,0.0,0.0,0.0,0.0,0.0,152.52453278865596,0.0,0.0,0.0,0.0,0.0,-795.9555228060932,0.0,0.0,0.0,0.0,0.0,0.0,0.0,570.3304094882051,0.0,-1000.0,-233.80104125639627,0.0,0.0,-131.6341469388467,0.0,0.0,468.0404036112199,0.0,648.8910061628599,-236.38326576098981,0.0,-1000.0,0.0,0.01620349521298065,0.0,0.0,0.0,2.946090038716348,0.0,0.0,-22.146732811803428,0.0,154.1260735623833,0.0,0.0,0.0,0.0,0.0,539.1279804385176,-396.42070399397284,0.0,0.1473045019358174,0.0,0.0,0.0,0.0,0.0,0.0,0.0,0.0,0.0,0.0,262.2359329489283,0.0,8.838270116149044,0.0,64.84258474828178,-684.3390757318132,0.0,335.44806956895326,-0.003682612548395435,0.0,0.0,0.0,4.419135058074522,0.0,4.419135058074522,0.0,0.0,0.0,262.2359329489283,0.736522509679087,-1000.0,0.0,0.0,0.0,0.0,0.0,0.0,0.0,0.0,0.0,0.0,0.0,0.0,0.0,0.0,0.0,0.0,0.0,0.0,0.0,0.0,0.0,-701.0981677112774,0.0,0.0,4.419135058074522,0.0,4.566439560010339,0.0,0.0,0.0,0.0,0.0,0.0,0.0,0.0,0.0,-131.9793407505799,0.0,0.0,0.0,0.0,0.0,-196.2591035357407,0.014730450193581738,0.0,0.0,0.0,0.0,0.0,0.0,0.0,0.0,0.0,-195.708556315693,0.0,0.0,0.0,0.0,0.0,59.31690198222347,59.31690198222347,0.0,0.0,0.0,0.0,0.0,0.0,0.0,59.33163243241705,0.0,0.0,0.0,53.59682724244581,0.0,0.0,0.0,0.0,0.0,0.0,0.0,0.0,0.0,0.0,-354.6673829667065,0.0,0.0,0.0,0.0,-1000.0,0.0,0.0,0.0,0.0,0.0,236.38326576098981,1000.0,-35.44806956895326,35.44806956895326,131.9793407505799,0.0,0.0,0.0,0.0,0.0,0.0,204.0444771939068,746.3077379729526,0.0,0.0,0.0,0.0,0.0,0.0,0.0,0.0,0.0,0.0,0.0,0.0,0.0,17.694545450562316,-94.1078199225673,-152.93548335676672,0.0,0.0,0.0,0.0,-67.10707600607738,0.0,0.0,0.0,0.0,-22.146732811803428,-21.301336417920027,0.0,0.0,0.0,0.0,0.0,0.0,0.0,0.0,0.47432049623372824,0.0,0.0,0.0,-772.0109828861448,-736.5629133171915,929.1038608620935,0.0,152.93548335676672,0.0,0.0,131.9793407505799,-779.4985646870771,0.0,0.0,0.0,-61.7295955461359,0.0,0.0,-125.20628272360636,-857.7803503500268,0.0,732.5740676264204,0.0,857.7803503500268,-35.44806956895326,0.0,0.0,236.38326576098981,0.0,-23.774308704409457,0.0,0.0,0.0,288.88632849465205,0.0,-288.88632849465205,0.0,1000.0,0.0,0.0,824.932214994181,0.0,0.0,0.0,-22.146732811803428,-0.022095675290372607,0.0,0.0,0.0,0.0,0.014730450193581738,0.0,0.0,0.0,930.2342797011892,-700.0,0.0,0.0,-121.4358955449186,0.0,-229.3819061983218,0.0,700.2215837830989,0.0,0.0,0.0,0.0,0.0,457.8243054534188,-158.04588923651772,-1000.0,-905.7474852593613,-926.2356563804351,0.0,0.0,0.0,0.0,0.0,0.0,0.0,0.0,0.0,0.0,0.0,0.0,0.0,0.0,0.0,0.0,0.0,-429.6106687110202,0.0,-1000.0,0.0,0.0,0.0,0.0,0.0,0.0,195.78478303950703,0.0,0.0,0.0,0.0,0.0,0.0,-334.1900415920421,0.0,417.5677962274254,-381.0820912019999,0.0,-0.736522509679087,-337.42153688435593,858.4943884836118,334.1900415920421,-564.5620715818703,0.0,-417.9360574822649,0.0,0.0,0.0,74.05657090787025,0.0,-0.8382913964065892,4.419135058074522,0.0,0.0,0.0,0.0,0.0,0.0,0.0,-17.694545450562316,17.694545450562316,17.694545450562316,238.3016976845579,0.0,0.0,-667.1851791015954,0.0,0.0,204.0444771939068,0.0,0.0,-46.5876368776232,0.0,0.0,0.0,0.0,0.0,0.0,0.0,-98.52695498064183,0.02946090038714715,0.0,0.0,0.0,0.0,0.0,0.0,0.0,0.0,0.0,0.0,0.0,0.0,0.0,0.0,0.0,0.0,0.0,0.0,0.0,0.01620349521298065,0.01620349521298065,0.0,124.2260605104436,0.0,8.838270116149044,0.0,0.0,0.0,169.44265012016115,0.0,485.5525979788274,64.84258474828178,0.0,0.0,149.74707608238188,-169.44265012016115,0.0,0.0,0.0,0.0,0.0,0.0,0.0,0.0,0.0,0.0,0.0,0.0,0.0,233.69938923709245,-930.2342797011892,0.0,563.8255490721913,65.97682941318757,0.0,-610.9722341733489,610.9722341733489,546.0999694288462,0.0,149.74707608238188,0.0,0.0,51.22012110174005,0.0,0.0,17.694545450562316,0.0,0.0,0.0,0.0,0.0,0.0,0.0,0.0,0.0,0.0,0.0,0.0,0.0,8.838270116149044,131.9793407505799,131.9793407505799,0.0,0.0,0.0,0.0,0.0,0.0,0.0,0.0,0.0,0.0,0.1473045019358174,0.0,0.0,64.84258474828178,-64.84258474828178,0.0,1000.0,0.0,0.0,4.419135058074522,0.0,0.0,0.0,0.0,563.8255490721913,0.0,0.0,0.0,0.0,0.0,-166.3789287635896,99.27185275751216,0.0,4.419135058074522,4.419135058074522,-914.8865030248645,-169.44265012016115,0.0,0.0,0.0,0.0,0.0,0.0,0.0,905.7474852593613,204.0444771939068,1000.0,0.014730450193581738,0.0,0.0,19.453663830652346,0.0,13.75221227672577,0.0,0.0,0.0,0.0,0.0,0.0,0.0,0.0,0.0,0.0,0.0,0.0,0.0,0.0,0.0,0.0,0.014730450193581738,0.0,0.0,0.0,0.0,0.0,0.0,0.0,0.0,0.0,0.0,389.27688727411044,0.0,0.0,-763.8814355235831,-1.1047837645186305,0.0,-0.7365225096790876,0.0,0.0,0.0,0.0,0.0,0.0,0.0,0.0,0.0,0.0,0.0,131.9793407505799,0.0,0.0,0.0,73.95480202114277,0.0,0.0,0.0,-0.014730450193581738,0.0,0.0,0.014730450193581738,0.0,0.014730450193581738,0.0,142.7072764445448,0.0,8.838270116149044,17.971149236169722,17.971149236169722,0.0,0.0,0.0,0.0,0.0,0.0,0.0,0.0,0.0,204.0444771939068,0.0,0.0,459.09259721508624,0.0,0.0,0.0,0.0,0.0,0.0,0.0,0.0,0.0,0.0,0.0,0.0,0.0,0.0,64.87226474450252,0.0,-1000.0,1000.0,0.022095675290372607,0.0,0.0,0.0,-4.419135058074522,0.0,0.0,0.0,0.0,0.0,-124.2260605104436,0.736522509679087,0.0,0.0,0.0,0.0,0.0,0.0,-0.7365225096790876,0.0,0.0,0.0,0.0,0.0,0.0,0.0,131.9793407505799,0.0,0.0,0.0,106.53151505988129,0.0,-166.73745877771418,13.75221227672577,193.4921042346034,195.78478303950703,0.0,-389.27688727411044,0.0,-797.4697139232468,0.0,0.7365225096790876,240.31615483758716,0.0,0.0,0.0,-176.27280637418676,0.0,0.0,0.0,0.0,0.0,0.0,0.0,0.0,0.0,479.9982272416687,-127.5404118039994,17.971149236169722,0.0,0.0,0.0,0.0,0.0,0.0,0.0,0.0,0.0,0.47432049623372824,0.0,0.0,0.0,-19.453663830652346,819.847510630776,0.0,4.419135058074522,64.84258474828178,0.0,0.0,0.0,-239.49325435324818,0.0,0.0,0.01620349521298065,0.0,0.0,0.0,8.985574618084861,0.0,0.0,0.0,0.0,-94.1078199225673,0.0,0.0,0.0,0.0,0.0,0.0,0.0,0.0,0.0,0.0,0.001473045019358216,0.001473045019358216,0.0,0.0,0.0,0.0,0.0,0.0,0.0,0.0,0.0,19.453663830652346,0.0,0.0,0.0,0.0,0.0,124.2260605104436,0.0,0.0,0.0,0.0,0.0,0.0,0.0,236.38326576098981,0.0,0.0,0.0,129.68516949656356,0.0,248.89100616285992,1000.0,0.0,0.0,0.0,8.838270116149044,0.0,0.0,0.0,0.0,0.0,0.0,-8.838270116149044,0.0,129.68516949656356,0.0,0.0,0.0,0.0,0.0,0.0,0.0,0.0,0.0,0.0,-1000.0,-1000.0,469.1829555976897,0.0,-4.419135058074522,0.0,570.3304094882051,0.0,0.0,0.0,0.0,0.0,0.0,0.0,0.0,0.0,0.0,0.0,0.0,0.0,0.0,0.0,0.0,0.0,-1.8413062741977182,131.9793407505799,-1.1047837645186305,585.5282252545671,0.0,0.0,0.0,0.0,0.0,0.0,-0.18413062741977176,46.5876368776232,0.0,0.0,0.0,0.0,0.0,0.0,0.0,926.2356563804351,4.419135058074522,4.419135058074522,0.0,0.0,0.0,0.0,0.0,0.01620349521298065,124.2260605104436,0.0,0.0,-570.3304094882051,0.0,0.0,0.0,0.0,0.0,0.0,0.0,0.0,0.0,0.0,0.0,0.0,0.0,0.0,571.3536382222724,0.0,0.0,0.0,0.0,15.466972703260826,65.97682941318757,0.0,0.0,0.0,0.0,0.0,124.2260605104436,0.0,0.0,0.0,0.0,0.0,-1.8413062741977182,0.0,0.0,0.0,0.0,0.0,0.0,0.0,0.0,0.0,0.0,0.0,0.0,0.0,0.0,0.0,0.0,0.0,0.0,-0.014730450193581738,0.0,0.0,0.736522509679087,-149.74707608238188,0.0,0.0,0.0,0.0,131.9793407505799,0.0,0.0,0.0,-457.8243054534188,0.3682612548395435,0.0,0.0,0.0,0.014730450193581738,0.0,14.730450193581738,-4.566439560010339,2.946090038716348,0.1052175013827267,41.09795604009305,-0.011047837645186303,0.7365225096790482,0.2946090038716348,-0.0736522509682512,-41.09795604009305,4.419135058074522,-0.01473045019358174,0.0,0.0,0.003682612548395435,0.1052175013827267,0.0,-67.18767241910034,-0.2946090038716348,-300.0,-0.014730450193581743,0.003682612548395435,-41.09795604009305,1.473045019358174,0.01473045019358174,0.014730450193581738,-124.19512656503704,-64.82638125306885,-84.77474270391605,-0.011047837645186303,4.419135058074522,0.01473045019358174,4.419135058074522,-7.365225096790869,-0.00736522509679087,280.48329901960903,65.61930053652563,-0.011047837645186303,-0.01473045019358174,-4.566439560010339,0.014730450193581738,1.473045019358174,-0.2946090038716348,64.87226474450252,64.87226474450252,-1.473045019358174,300.0,-64.87226474450252,2.946090038716348,0.022095675290372607,-1000.0,1.473045019358174,-233.69938923709245,0.0,-2.946090038716348,0.00736522509679087,0.1473045019358174,0.0,109.47760509859764,-0.014730450193581738,-127.5404118039994,124.19512656503704,4.566439560010339,0.01473045019358174,67.18767241910034,-17.676540232297803,0.0,-0.014730450193581738,-0.003682612548395435,0.0,-0.01473045019358174,-98.52695498064183,0.01473045019358174,-0.003682612548395435,-0.003682612548395435,-0.003682612548395435,5.892180077432696,7.365225096790869,0.1473045019358174,214.63190067707387,-0.003682612548395435,0.0,0.736522509679087,50.0,0.014730450193581738,0.00736522509679087,0.00736522509679087,1.473045019358174,4.566439560010339,0.014730450193581738,-4.566439560010339,0.1473045019358174,0.01473045019358174,-622.0688574568815,0.01473045019358174,0.0589218007746414,0.0736522509682512,0.00736522509679087,0.003682612548395435,4.419135058074522,-0.01473045019358174,84.77474270391605,0.1473045019358174,-429.26380135414774,0.3682612548395823,-1.473045019358174,2.946090038716348,0.736522509679087,-0.01473045019358174,0.0,0.022095675290372607,-0.01473045019358174,-2.946090038716348,4.566439560010339,257.489419726772,0.00736522509679087,-100.0,-0.01473045019358174,-0.01473045019358174,-0.01473045019358174,0.00736522509679087,41.09795604009305,-2.946090038716348,0.014730450193581738,0.0,-0.003682612548395435,64.82638125306885,0.0,2.2095675290372605,-65.61930053652563,495.55822639571784,41.09795604009305,-0.011047837645186303,127.5404118039994,-109.47760509859764,0.014730450193581743,-0.003682612548395435,0.7365225096790876,14.730450193581738,-0.00736522509679087,-0.01473045019358174,0.003682612548395435,1000.0,0.0,699.9926347749032,407.4369567798076,-255.0,0.0,459.48144492552865,13.426669327447572,0.0,190.0393139628524,-255.0,163.79136873899785,-300.0,-95.0196569814262,127.5,127.5,0.0,-6.713334663723786,-124.2260605104436,-17.99616537352378,300.0,-163.79136873899785,-17.99616537352378,-459.48144492552865,237.84247006923414,0.0,1496.5981,hplb
302,0.0,0.0,0.0,0.0,0.0,0.0,0.0,0.0,-0.001766738199828378,0.0,0.0,0.0,0.0,0.0,0.0,0.0,0.0,49.561397446222884,0.0,0.0,0.0,0.0,0.0,72.64431862317792,0.0,0.0,0.0,0.0,0.0,-298.7703286674851,0.0,0.0,96.74770163113776,0.0,0.0,0.0,0.0,828.1428815675786,0.0,-1000.0,999.4699785400514,0.0,0.0,298.7703286674851,0.0,0.0,222.16352471131165,0.0,0.0,0.0,0.0,0.0,0.0,0.0019434120198127403,0.0,0.0,0.0,0.3533476399656756,0.0,0.0,-106.41179414816895,0.0,193.62038894189885,0.0,0.0,0.0,0.0,0.0,0.0,401.6503971003236,0.0,0.01766738199828378,0.0,0.0,0.0,0.0,0.0,0.0,0.0,0.0,0.0,0.0,0.0,0.0,1.060042919897027,0.0,135.32573500194738,199.560072392573,149.99867494635012,0.0026501072997575648,-0.0004416845499570944,0.0,0.0,0.0,0.5300214599485135,0.0,0.5300214599485135,-857.5218279155517,0.0,0.0,0.0,0.0883369099914189,-298.7703286674851,0.0,0.0,-43.21325345464603,526.582854769271,0.0,0.0,0.0,0.0,0.0,0.0,0.0,0.0,0.0,0.0,0.0,0.0,0.0,0.0,0.0,0.0,0.0,-671.4171760250217,0.0,0.0,0.5300214599485135,0.0,0.5476888419467972,0.5476888419467972,0.0,251.02091059135665,-251.02091059135665,0.0,0.0,-381.01273090462354,0.0,0.0,293.80413611089364,0.0,0.0,0.0,0.0,0.0,135.46177384333416,0.001766738199828378,0.0,0.0,0.0,63.037088461000735,-1000.0,0.0,0.0,0.0,0.0,-9.37929259654247,0.0,0.0,0.0,0.0,0.0,274.6102673173191,274.6102673173191,0.0,0.0,0.0,0.0,-1000.0,0.0,0.0,274.6120340555189,0.0,0.0,0.0,1000.0,0.0,0.0,0.0,0.0,0.0,0.0,0.0,0.0,0.0,0.0,0.0,0.0,0.0,0.0,0.0,-1000.0,0.0,0.0,0.0,0.0,0.0,0.0,0.0,149.99867494635012,-149.99867494635012,87.20859479372992,0.0,0.0,0.0,0.0,0.0,0.0,0.0,705.1267128908207,0.0,0.0,0.0,0.0,0.0,0.0,0.0,0.0,0.0,0.0,0.0,0.0,0.0,0.0,421.23127295152256,298.7703286674851,0.0,0.0,0.0,0.0,23.81325342084932,0.0,0.0,0.0,0.0,-106.41179414816895,0.0,0.0,0.0,0.0,0.0,0.0,0.0,0.0,0.0,0.0,0.0,0.0,0.0,0.0,0.0,349.5587473389231,0.0,-298.7703286674851,0.0,0.0,87.20859479372992,699.9678169099323,0.0,0.0,0.0,-96.9104568637897,0.0,0.0,-93.75000000000261,0.0,322.2216781808181,-1000.0,906.2499999999974,-584.0283218191793,299.99734989270024,0.0,0.0,0.0,0.0,-104.9972709531645,0.0,0.0,0.0,175.359462949231,0.0,-175.359462949231,0.0,90.79482028458874,0.0,0.0,403.74228518451037,0.0,0.0,0.0,-106.41179414816895,-0.0026501072997425668,0.0,0.0,0.0,0.0,0.001766738199828378,0.0,0.0,0.0,888.4481303254722,0.0,0.0,-165.44840133957746,-207.9935409749484,0.0,1000.0,0.0,0.0,0.0,-43.21325345464603,0.0,0.0,0.0,-0.15211615900522485,0.15211615900522485,0.0,-1000.0,-1000.0,0.0,0.0,0.0,0.0,0.0,0.0,0.0,0.0,0.0,0.0,0.0,0.0,0.0,0.0,0.0,0.0,0.0,1000.0,0.0,171.85005147962218,0.0,0.0,857.4649389455175,0.0,0.0,0.0,-135.46177384333416,0.0,0.0,0.0,0.0,0.0,0.0,-720.3622049050123,-24.747185737587067,0.0,-0.15211615900522485,0.0,0.0,0.0,-2.378912986068911,720.3622049050123,24.658848827595648,0.0,-0.04416845499570945,-0.0883369099914189,-744.7364322086155,0.0,0.0,-252.15834873136612,999.9116630900086,0.5300214599485135,0.0,0.0,0.0,405.12057151558736,0.0,0.0,344.6081967347084,344.6081967347084,-344.6081967347084,-344.6081967347084,-202.2287825914482,0.0,0.0,0.0,0.0,0.0,0.0,0.0,0.0,-29.380713086173085,0.0,-593.7500000000109,0.0,0.0,0.0,0.0,0.0,10.3211947218457,0.0035334763997525442,0.0,0.0,0.0,0.0,0.0,0.0,0.0,0.0,0.0,0.0,0.0,0.0,0.0,0.0,0.0,0.0,0.0,0.0,0.0,0.0019434120198127403,0.0019434120198127403,0.0,60.907821494889205,0.0,1.060042919897027,0.0,0.0,0.0,1000.0,0.0,0.0,135.32573500194738,0.0,0.0,-206.92940937580386,-1000.0,0.0,0.0,104.22412276448547,0.0,0.0,0.0,0.0,0.0,0.0,0.0,0.0,0.0,0.0,223.8057253416739,-888.4481303254722,410.38005676972836,0.0,161.703761635846,0.0,-709.9213959564418,709.9213959564418,598.8995477418625,0.0,-206.92940937580386,0.0,-491.9117277915608,295.30351313760264,0.0,0.0,0.0,0.0,0.0,0.0,0.0,0.0,0.0,0.0,0.0,0.0,0.0,0.0,0.0,0.0,1.060042919897027,87.2085947937299,87.20859479372992,0.0,0.0,0.0,0.0,0.0,0.0,0.0,0.0,0.0,0.0,0.01766738199828378,0.0,0.0,135.32573500194738,-135.32573500194738,0.0,0.0,0.0,0.0,0.5300214599485135,-104.22412276448547,0.0,0.0,26.24198779251185,0.0,0.0,0.0,0.0,0.0,0.0,772.7923428294927,0.0,0.0,0.5300214599485135,0.5300214599485135,-790.757199171134,-1000.0,0.0,0.0,0.0,0.0,0.0,0.0,0.0,298.7703286674851,0.0,395.70286975877264,0.001766738199828378,0.0,0.0,0.14247481625758845,0.0,0.0,0.0,0.0,0.0,0.0,0.0,0.0,0.0,0.0,0.0,0.0,0.0,0.0,0.0,0.0,0.0,0.0,0.001766738199828378,0.0,0.0,0.0,1000.0,-1000.0,0.0,0.0,0.0,0.0,0.0,893.8532165818056,0.0,0.0,-1000.0,-0.13250536498712837,-0.0883369099914189,0.0,0.0,0.0,0.0,0.0,0.0,0.0,0.0,0.0,0.0,0.0,0.0,87.2085947937299,0.0,0.0,0.0,1000.0,0.0,0.0,0.0,-0.001766738199828378,0.0,0.0,0.001766738199828378,0.0,0.001766738199828378,0.0,401.6503971003236,0.0,1.060042919897027,2.1554206037906214,2.1554206037906214,0.0,0.0,0.0,0.0,0.0,0.0,0.0,410.38005676972836,0.0,0.0,0.0,0.0,0.0,0.0,0.0,0.0,0.0,0.0,0.0,0.0,0.0,0.0,0.0,0.0,0.0,0.0,0.0,111.02184821457924,0.0,-414.37236142161413,414.37236142161413,0.0026501072997425668,0.0,0.0,0.0,-0.5300214599485135,0.0,0.0,0.0,0.0,0.0,-60.907821494889205,0.0883369099914189,0.0,0.0,0.0,0.0,1000.0,0.0,0.0,0.0,-593.7500000000109,0.0,0.0,0.0,0.0,0.0,87.2085947937299,0.0,104.22412276448547,0.0,60.907821494889205,0.0,-85.40964400533467,-43.21325345464603,171.85005147962218,-135.46177384333416,0.0,-36.388277636288024,0.0,697.8123963061416,0.0,0.0883369099914189,1000.0,0.0,773.8268354070333,0.0,-300.03218309006786,-90.10008220818045,90.10008220818045,0.0,0.0,0.0,0.0,0.0,0.0,0.0,-0.2650107299742539,0.0,2.1554206037906214,0.0,0.0,0.0,0.0,0.0,0.0,0.0,0.0,0.0,0.0,0.0,0.0,61.30533758985059,-0.14247481625758845,563.6620331547632,0.0,0.5300214599485135,135.32573500194738,0.0,0.0,0.0,-224.98127014084787,0.0,0.0,0.0019434120198127403,0.0,0.0,0.0,1.0777103018953107,0.0,0.0,0.0,0.0,421.23127295152256,0.0,526.582854769271,0.0,0.0,0.0,0.0,0.0,0.0,-1000.0,0.0,0.0001766738199828378,0.0001766738199828378,0.0,0.0,0.0,0.0,0.0,0.0,0.0,0.0,0.0,0.14247481625758845,0.0,0.0,0.0,0.0,0.0,60.907821494889205,0.0,0.0,0.0,0.0,0.0,0.0,0.0,0.0,0.0,0.0,0.0,270.65147000389476,0.0,0.0,49.561397446222884,0.0,0.0,0.0,1.060042919897027,0.0,0.0,0.0,0.0,0.0,0.0,-1.060042919897027,0.0,270.65147000389476,0.0,0.0,0.0,0.0,0.0,0.0,0.0,0.0,0.0,0.0,-1000.0,-1000.0,1.2102156668824393,0.0,-0.5300214599485135,0.0,828.1428815675786,0.0,0.0,0.0,0.0,0.0,0.0,0.0,0.0,0.0,0.0,0.0,0.0,0.0,0.0,0.0,0.0,0.0,-0.22084227497854725,87.20859479372992,-0.13250536498712837,-0.13250536498712825,0.0,0.0,0.0,0.0,0.0,0.0,-0.022084227497854728,29.380713086173085,0.0,0.0,0.0,0.0,0.0,0.0,0.0,395.70286975877264,0.5300214599485135,0.5300214599485135,0.0,0.0,0.0,0.0,0.0,0.0019434120198127403,60.907821494889205,0.0,0.0,-828.1428815675786,0.0,0.0,0.0,0.0,0.0,0.0,0.0,0.0,0.0,0.0,0.0,0.0,0.0,0.0,408.01137926096885,0.0,0.0,0.5476888419467972,0.0,1.855075109819797,135.46177384333416,0.0,0.0,0.0,0.0,0.0,60.907821494889205,0.0,-0.14522588002569137,0.0,0.0,0.0,-0.22084227497854725,0.0,0.0,0.0,0.0,0.0,0.0,0.0,0.0,0.0,0.0,0.0,0.0,0.0,0.0,0.0,0.0,0.0,0.0,-0.001766738199828378,0.0,0.0,0.0883369099914189,206.92940937580386,0.0,0.0,0.0,0.0,87.20859479372992,0.0,0.0,0.0,0.15211615900522485,0.04416845499570945,0.0,0.0,0.0,0.001766738199828378,0.0,1.7667381998283778,0.0,0.35334763996567564,0.012619558570202699,6.02457726141477,-0.0013250536498712834,0.0883369099914189,0.03533476399656756,-0.008833690999106093,-6.02457726141477,0.5300214599485135,-0.001766738199828378,14.404417818215343,0.0,0.0004416845499570945,0.012619558570202699,-43.21325345464603,-135.60699972335985,-0.03533476399656756,-49.561397446222884,-0.0017667381998283781,0.0004416845499570945,-6.02457726141477,0.1766738199828378,0.001766738199828378,0.001766738199828378,-60.904111344669566,-135.32379158992757,0.0,-0.0013250536498712834,0.5300214599485135,0.001766738199828378,0.5300214599485135,-0.883369099914189,-0.0008833690999141889,95.80579950583453,-23.991693979031986,-0.0013250536498712834,-0.0017667381998283781,0.0,0.001766738199828378,0.1766738199828378,-0.03533476399656756,111.02184821457924,111.02184821457924,-0.1766738199828378,49.561397446222884,-111.02184821457924,0.3533476399656756,0.0026501072997425668,-487.38643787524495,0.1766738199828378,-223.8057253416739,0.0,-0.3533476399656756,0.0008833690999141889,0.01766738199828378,41.362100334894365,61.26116913485488,-0.001766738199828378,-61.30533758985059,60.904111344669566,0.5476888419467972,0.001766738199828378,135.60699972335985,-2.120085839794043,0.0,-0.001766738199828378,-0.0004416845499570944,0.0,-0.001766738199828378,-516.2616600474253,0.001766738199828378,-0.0004416845499570944,-0.0004416845499570944,-0.0004416845499570944,0.7066952799313512,0.883369099914189,0.01766738199828378,1.308932163797877,-0.0004416845499570944,68.3197828515734,0.0883369099914189,-5.072260450931431,0.001766738199828378,0.0008833690999141889,0.000883369099914189,0.1766738199828378,0.0,0.001766738199828378,0.0,0.01766738199828378,0.001766738199828378,-1.308932163797877,0.001766738199828378,0.007066952799277715,0.008833690999106093,0.0008833690999141889,0.0004416845499570944,0.5300214599485135,-0.001766738199828378,0.0,0.01766738199828378,-2.617864327595754,0.04416845499570945,-0.1766738199828378,0.3533476399656756,0.0883369099914189,-0.001766738199828378,43.21325345464603,0.0026501072997425668,-0.001766738199828378,-0.3533476399656756,0.0,321.22729213931063,0.000883369099914189,10.144520901862862,-0.001766738199828378,-0.001766738199828378,-0.0017667381998283781,0.0008833690999141891,6.02457726141477,-0.3533476399656756,0.001766738199828378,82.72420066978873,-0.0004416845499570944,135.32379158992757,-82.72420066978873,0.2650107299742567,23.991693979031986,35.129045962851755,6.02457726141477,-0.0013250536498712834,61.30533758985059,-61.26116913485488,0.0017667381998283781,-0.0004416845499570943,0.0883369099914189,1.7667381998283778,-0.0008833690999141889,-0.001766738199828378,0.00044168454995709453,1000.0,0.0,187.38555450614504,0.0,-255.0,0.0,176.41163466822252,-140.0,0.0,-80.0,-160.0318831094588,495.43635313509736,-300.0,40.0,127.5,80.0159415547294,0.0,70.0,-60.907821494889205,-96.24602199846275,300.0,-495.43635313509736,-96.24602199846275,-176.41163466822252,89.17752334401686,0.0,1496.5981,hplb
303,0.0,0.0,0.0,0.0,0.0,0.0,0.0,0.0,-0.0005899176016839396,0.0,0.0,0.0,0.0,0.0,0.0,0.0,208.38863748601182,-607.6943505558872,0.0,449.614903506106,0.0,0.0,0.0,0.0,0.0,343.9622721953735,0.0,0.0,0.0,-932.250187744642,406.09790653828145,-406.09790653828145,309.24101029265483,0.0,0.0,0.0,0.0,999.9976403295924,0.0,-1000.0,1000.0,0.0,0.0,476.6295837172657,0.0,0.0,0.0,0.0,-742.3247765193065,0.0,0.0,-562.5342903174298,0.0,0.0006489093623040371,0.0,0.0,0.0,0.0,0.0,0.0,-135.41792092288276,0.0,135.41792092288276,0.0,0.0,0.0,0.0,0.0,0.0,0.0,0.0,0.005899176016839397,0.0,0.0,0.0,0.0,0.0,0.0,0.0,0.0,0.0,0.0,0.0,0.0,0.35395056101036376,0.0,0.0,735.6547958672772,-865.1677538272538,659.719921071774,-0.00014747940042098492,0.0,0.0,-555.2454318520879,0.17697528050518188,0.0,0.17697528050518188,0.0,0.0,0.0,0.0,0.02949588008419698,-932.250187744642,0.0,0.0,-18.84415482710279,0.0,0.0,0.0,0.0,0.0,0.0,0.0,0.0,0.0,0.0,0.0,0.0,0.0,0.0,0.0,0.0,0.0,0.0,-687.8838817079566,0.0,0.0,0.17697528050518188,0.0,0.18287445652202125,0.0,0.0,0.0,0.0,0.0,0.0,0.0,0.0,0.0,0.0,0.0,0.0,0.0,0.0,0.0,0.045423655329663346,0.0005899176016839396,0.0,0.0,0.0,0.0,-369.8165275655371,0.0,0.0,0.0,0.0,-331.561285740526,0.0,0.0,0.0,0.0,0.0,416.78862312928993,416.78862312928993,0.0,0.0,0.0,-109.37500000000001,0.0,0.0,0.0,822.8871195851731,0.0,0.0,0.0,-63.075372117143615,-770.9149212646608,0.0,0.0,0.0,0.0,0.0,0.0,0.0,0.0,0.0,-864.7349857194748,0.0,0.0,0.0,0.0,-1000.0,0.0,0.0,0.0,0.0,0.0,0.0,562.5342903174298,444.1356903345995,-444.1356903345995,0.0,0.0,0.0,0.0,0.0,0.0,0.0,0.0,-813.5117674002668,0.0,0.0,0.0,0.0,0.0,0.0,0.0,0.0,0.0,0.0,0.0,0.0,0.0,34.32381859644477,364.4357131092099,903.6520364605067,0.0,0.0,0.0,0.0,0.0,0.0,0.0,0.0,0.0,-135.41792092288276,427.0224527432409,406.09790653828145,0.0,2.292773750705253,0.0,0.0,0.0,0.0,0.0,500.76920185926764,0.11798352033678793,0.0,0.0,868.1076736813833,-441.19577048046995,1000.0,0.0,-903.6520364605067,0.0,0.0,0.0,-285.0091595829946,0.0,0.0,0.0,-67.74243828533702,0.0,0.0,-339.5508994803621,0.0,0.0,-339.5508994803621,0.0,0.0,-421.0320634926543,0.0,-269.80806638058255,0.0,0.0,1.6458701086981913,0.0,0.0,0.0,384.7659719556813,0.0,-384.7659719556813,0.0,822.8859397499697,0.0,0.0,0.0,-109.37499999999999,0.0,0.0,-135.41792092288276,-0.0008848764025259095,0.0,0.0,0.0,0.0,0.0005899176016839396,0.0,0.0,0.0,499.05382286022717,208.38863748601182,0.0,-12.562769884735193,-282.5276289543125,770.9149212646608,993.7959487109622,0.0,-1000.0,0.0,-18.84415482710279,0.0,0.0,0.0,291.6220140689605,948.7834639212972,-240.40547799025762,-1000.0,-1000.0,0.0,0.0,0.0,0.0,0.0,0.0,0.0,0.0,0.0,0.0,0.0,0.0,0.0,0.0,0.0,0.0,2.292773750705253,0.0,0.0,-1000.0,0.0,0.0,94.65229997421073,267.7242058496455,0.0,0.0,-94.71671897631586,0.0,0.0,0.0,0.0,0.0,0.0,155.2831061178775,-833.9389307922116,0.0,-948.7834639212972,0.0,0.0,0.0,-52.06165203487569,-155.2831061178775,700.0473319873047,1000.0,-0.01474794004209849,-0.02949588008419698,-887.2258776613752,0.0,-0.3834464410945607,157.74378460445348,0.0,0.17697528050518188,0.0,0.0,0.0,535.8082120625796,0.0,0.0,34.32381859644477,0.0,0.0,0.0,-548.9710278163179,0.0,0.0,0.0,0.0,0.0,0.0,0.0,0.0,-270.8358418457655,0.0,0.0,6.381026569543012,0.0,0.0,0.0,0.0,-5.557789736832189,0.0011798352033672254,0.0,0.0,0.0,0.0,0.0,0.0,0.0,0.0,0.0,0.0,0.0,0.0,0.0,0.0,0.0,0.0,0.0,0.0,0.0,0.0006489093623040371,0.0006489093623040371,406.09790653828145,314.205835076108,0.0,0.35395056101036376,0.0,0.0,0.0,170.69384349449103,0.0,0.0,0.0,0.0,0.0,-723.3875748607004,-170.69384349449103,0.0,0.0,0.0,0.0,0.0,6.381026569543012,0.0,0.0,0.0,0.0,0.0,0.0,0.0,229.29462723598553,-499.05382286022717,369.8165275655371,0.0,0.045423655329663346,0.0,0.0,-555.2454318520879,-555.2454318520879,0.0,-723.3875748607004,0.0,126.99527916866032,-855.9406437661929,0.0,0.0,34.32381859644477,0.0,0.0,0.0,0.0,0.0,0.0,0.0,0.0,0.0,0.0,0.0,0.0,0.0,0.35395056101036376,0.0,0.0,0.0,0.0,0.0,0.0,0.0,0.0,0.0,0.0,0.0,0.0,0.005899176016839397,0.0,406.09790653828145,0.0,0.0,406.09790653828145,562.5342903174298,0.0,0.0,0.17697528050518188,0.0,0.0,0.0,0.0,0.0,0.0,0.0,0.0,0.0,0.0,121.31232572632514,0.0,0.0,0.17697528050518188,0.17697528050518188,1000.0,-170.69384349449103,0.0,6.381026569543012,0.0,0.0,0.0,0.0,0.0,932.250187744642,0.0,1000.0,0.0005899176016839396,0.0,0.0,-213.65101881178757,214.43008927875428,277.1104903752815,0.0,555.2454318520879,0.0,0.0,0.0,0.0,0.0,0.0,0.0,0.0,0.0,0.0,0.0,0.0,0.0,0.0,0.0005899176016839396,0.0,0.0,0.0,0.0,0.0,0.0,0.0,0.0,0.0,0.0,-0.06441900210512586,0.0,0.0,-1000.0,-0.04424382012629735,0.0,-0.02949588008419698,0.0,0.0,0.0,0.0,0.0,0.0,0.0,0.0,0.0,0.0,0.0,0.0,770.9149212646608,0.0,0.0,-0.35395056101036376,0.0,0.0,0.0,-0.0005899176016839396,0.0,0.0,0.0005899176016839396,0.0,0.0005899176016839396,0.0,0.0,0.0,0.35395056101036376,0.7196994740544063,0.7196994740544063,0.0,0.0,0.0,0.0,0.0,0.0,0.0,369.8165275655371,0.0,0.0,0.0,0.0,0.0,291.67280597446586,0.0,0.0,0.0,0.0,0.0,0.0,0.0,0.0,0.0,0.0,0.0,0.0,0.0,0.0,0.0,-1000.0,1000.0,0.0008848764025259095,0.0,0.0,0.0,-0.17697528050518188,0.0,0.0,0.0,0.0,0.0,-314.205835076108,0.02949588008419698,0.0,0.0,0.0,109.37499999999999,0.0,94.71671897631586,-0.02949588008419698,0.0,0.0,0.0,0.0,0.0,0.0,0.0,0.0,0.0,0.0,533.7912588341496,279.8820164796632,0.0,186.56197229994373,258.2663355481787,0.0,0.0,0.0,0.0,0.0,-285.72885905704896,0.0,0.02949588008419698,1000.0,0.0,0.0,-406.09790653828145,-270.8358418457655,-972.4925375373298,972.4925375373298,-296.87499999999847,296.87499999999847,0.0,0.0,0.0,0.0,0.0,1000.0,-135.35350192077763,0.7196994740544063,0.0,0.0,0.0,406.09790653828145,0.0,0.0,0.0,0.0,0.0,500.76920185926764,0.0,0.0,178.9850646157091,-0.7790704669666866,0.0,0.0,0.17697528050518188,0.0,0.0,0.0,0.0,-275.15447572886103,0.0,0.0,0.0006489093623040371,0.0,0.0,0.0,0.35984973702720313,0.0,0.0,0.0,0.0,364.4357131092099,0.0,0.0,0.0,0.0,0.0,0.0,0.0,0.0,0.0,0.0,5.899176016839396e-05,5.899176016839396e-05,0.0,0.0,0.0,0.0,0.0,0.0,0.0,0.0,0.0,-213.65101881178757,406.09790653828145,0.0,0.0,0.0,0.0,314.205835076108,0.0,0.0,0.0,0.0,0.0,0.0,0.0,0.0,0.0,0.0,0.0,0.0,416.7936258956705,0.0,-607.6943505558872,0.0,0.0,0.0,0.35395056101036376,0.0,0.0,0.0,0.0,0.0,0.0,-0.35395056101036376,0.0,0.0,0.0,0.0,0.0,0.0,0.0,0.0,0.0,406.09790653828145,406.09790653828145,0.0,-1000.0,-1000.0,292.0768995316194,-0.17697528050518188,0.0,0.0,999.9976403295924,0.0,0.0,0.0,0.0,0.0,0.0,0.0,0.0,0.0,0.0,0.0,0.0,0.0,0.0,0.0,0.0,0.0,-0.07373970021049434,0.0,-0.04424382012629735,426.98206407511736,0.0,0.0,0.0,0.0,0.0,-0.007373970021049246,0.0,270.8358418457655,0.0,0.0,0.0,0.0,0.0,0.0,0.0,1000.0,0.17697528050518188,0.17697528050518188,0.0,0.0,0.0,0.0,0.0,0.0006489093623040371,314.205835076108,0.0,0.0,-999.9976403295924,0.0,0.0,0.0,0.0,0.0,0.0,0.0,0.0,0.0,0.0,0.0,0.0,0.0,0.0,328.0188639023132,0.0,0.0,0.0,0.0,0.6194134817681366,0.0,0.0,0.045423655329663346,0.0,0.0,0.0,314.205835076108,0.0,-0.06441900210512586,0.0,0.0,0.0,-0.07373970021049434,0.0,0.0,0.0,0.0,0.0,0.0,0.0,0.0,0.0,0.0,0.0,0.0,0.0,0.0,0.0,0.0,0.0,0.0,-0.0005899176016839396,0.0,0.0,0.02949588008419698,723.3875748607004,0.0,0.0,0.0,0.0,0.0,0.0,0.0,0.0,-291.6220140689605,0.01474794004209849,0.0,0.0,343.9622721953735,0.0005899176016839396,0.0,0.5899176016839396,-0.18287445652202125,0.11798352033678793,0.004213697154885283,1.6458701086981913,-0.00044243820126295473,133.89159880490695,0.011798352033678794,-0.0029495880093008964,-1.6458701086981913,0.17697528050518188,-0.0005899176016839397,6.2813849423675965,6.381026569543012,0.00014747940042098492,0.004213697154885283,-18.84415482710279,-0.09391488218932284,406.08610818624777,-50.30919043623055,-0.0005899176016839397,0.00014747940042098492,-1.6458701086981913,0.05899176016839396,0.0005899176016839397,0.0005899176016839396,-314.20459624914395,0.0006489093618523336,0.0,-0.00044243820126295473,0.17697528050518188,0.0005899176016839393,0.17697528050518188,-0.2949588008419698,-0.00029495880084196984,369.24959539473156,-0.059581677770077904,-0.00044243820126295473,-0.0005899176016839397,-0.18287445652202125,0.0005899176016839396,0.05899176016839396,-0.011798352033678794,0.0,0.0,-0.05899176016839396,50.30919043623055,0.0,0.11798352033678793,0.0008848764025259095,-1000.0,0.05899176016839396,-229.29462723598553,6.381026569543012,-0.11798352033678793,0.00029495880084196984,0.005899176016839397,3.1406924711837982,280.0,-0.0005899176016839396,-314.3385665364867,314.20459624914395,0.18287445652202125,0.0005899176016839397,0.09391488218932284,5.673125447522239,6.381026569543012,-0.0005899176016839396,-0.00014747940042098492,-6.381026569543012,-0.0005899176016839397,-5.557789736832189,0.0005899176016839397,-0.00014747940042098492,-0.00014747940042098492,-0.00014747940042098492,0.23596704067357585,0.2949588008419698,0.005899176016839397,0.43705520314837604,-0.00014747940042098492,0.0,0.02949588008419698,2.8083907485002912,0.0005899176016839396,0.00029495880084196984,0.00029495880084196984,3.2495050449399,0.18287445652202125,0.0005899176016839396,-0.18287445652202125,0.005899176016839397,0.0005899176016839393,-0.43705520314837604,0.0005899176016839397,0.0023596704075998787,0.0029495880093008964,0.00029495880084196984,0.00014747940042098492,0.17697528050518188,-0.0005899176016839397,0.0,-203.04305409312389,-0.8741104062967521,133.87685086486485,-0.05899176016839396,0.11798352033678793,0.02949588008419698,-0.0005899176016839397,18.84415482710279,0.0008848764025259095,-0.0005899176016839393,-6.4990100898798,0.18287445652202125,262.4658027232784,0.00029495880084196984,-5.6167814970005825,-0.0005899176016839393,-0.0005899176016839397,-0.0005899176016839398,0.00029495880084196984,1.6458701086981913,-0.11798352033678793,0.0005899176016839396,6.2813849423675965,-0.00014747940042098492,-0.0006489093618523336,-6.2813849423675965,0.08848764025259094,0.059581677770077904,639.143253870042,1.6458701086981913,-0.00044243820126295473,314.3385665364867,-280.0,0.0005899176016839397,-0.00014747940042098484,0.02949588008419698,0.5899176016839396,-0.00029495880084196984,-0.0005899176016839397,0.00014747940042098492,254.5354910628912,0.0,761.3118474620794,0.0,-255.0,0.0,134.55911799084885,-50.98771192347385,0.0,-80.0,-245.22150331477718,183.1365717452566,-238.68785757911974,40.0,127.5,122.61075165738859,0.0,25.493855961736923,-314.205835076108,12.688673005582638,238.68785757911974,-183.1365717452566,12.68867300558264,-134.55911799084885,64.4135003915791,0.0,1496.5981,hplb
304,0.0,0.0,0.0,0.0,0.0,0.0,0.0,0.0,123.53003177578827,0.0,0.0,0.0,0.0,0.0,0.0,0.0,0.006709487045611695,299.9932905129544,0.0,0.0,0.0,0.0,0.0,757.7371971619646,0.0,0.0,0.0,0.0,0.0,901.9590854478572,0.0,0.0,22.31052311721808,0.0,0.0,0.0,0.0,371.8616265202693,0.0,-1000.0,1000.0,0.0,0.0,-901.9657949349029,0.0,0.0,0.0,0.0,0.0,0.0,0.0,0.0,0.0,0.0049202905001338535,0.0,0.0,0.0,0.8945982727508053,0.0,0.0,-118.79987466627892,0.0,783.1592107815783,295.19078364406175,0.0,0.0,0.0,0.0,181.69870367888507,0.0,0.0,0.04472991363754027,0.0,0.0,0.0,0.0,0.0,0.0,0.0,0.0,0.0,0.0,495.7011805648542,0.0,2.6837948182524163,0.0,241.46213738392342,0.0,128.26301448765963,0.0,-0.0011182478409385067,0.0,0.0,-446.5918724841997,1.3418974091262081,0.0,145.95730353189475,0.0,0.0,0.0,495.7011805648542,0.22364956818770132,901.9590854478572,0.0,0.0,0.0,0.0,0.0,0.0,0.0,0.0,0.0,0.0,0.0,0.0,0.0,0.0,0.0,0.0,0.0,0.0,0.0,0.0,0.0,-727.804519007057,0.0,0.0,145.95730353189475,0.0,1.3866273227637484,0.0,0.0,-297.18090003149877,297.18090003149877,0.0,0.0,-47.579465459932635,0.0,0.0,-321.589087011305,0.0,0.0,0.0,0.0,0.0,-253.89462284592173,0.004472991363754027,0.0,0.0,0.0,0.0,0.0,0.0,0.0,0.0,0.0,-263.38999913438255,0.0,0.0,0.0,0.0,0.0,971.9662403190741,971.9662403190741,0.0,0.0,0.0,-890.6249999999999,0.0,0.0,0.0,971.9707133104379,0.0,0.0,0.0,-659.6202387773315,0.0,0.0,0.0,0.0,0.0,0.0,0.0,0.0,0.0,0.0,0.0,0.0,0.0,0.0,0.0,-405.7238144044238,0.0,0.0,0.0,0.0,0.0,0.0,0.0,128.26301448765963,-128.26301448765963,48.396728099372886,0.0,0.0,0.0,0.0,0.0,0.0,0.0,-797.3159499469025,0.0,0.0,0.0,0.0,0.0,0.0,0.0,0.0,0.0,0.0,0.0,0.0,0.0,0.0,46.40460266827016,-901.9657949349029,0.0,0.0,0.0,320.7718243718648,169.54822787226084,0.0,0.0,0.0,0.0,-118.79987466627892,0.0,0.0,0.0,135.31236085113704,0.0,0.0,0.0,0.0,0.0,0.14403032191339094,0.0,144.61540612276855,0.0,0.0,0.0,128.26301448765963,0.0,901.9657949349029,0.0,0.0,369.16855247123766,0.0,0.0,0.0,0.0,-244.23805582865134,0.0,0.0,871.7594406063811,71.6209685159456,657.2343408908833,-199.86152790956453,1000.0,-414.38662762506226,256.52602897531926,0.0,428.256305000614,0.0,0.0,-205.46531006676,0.0,0.0,0.0,0.0,0.0,0.0,0.0,1000.0,0.0,320.7718243718648,0.0,-890.6249999999999,0.0,0.0,-118.79987466627892,-0.006709487045611695,0.0,0.0,0.0,0.0,0.004472991363754027,0.0,0.0,0.0,41.67752457898189,0.006709487045611695,0.0,0.0,-390.6952420377593,0.0,1000.0,0.0,1000.0,0.0,0.0,0.0,0.0,0.0,537.0078792125655,-537.0078792125655,-1000.0,-1000.0,-1000.0,0.0,0.0,0.0,0.0,0.0,0.0,0.0,0.0,0.0,0.0,0.0,0.0,0.0,0.0,0.0,0.0,135.31236085113704,-437.81879607250875,0.0,-1000.0,0.0,190.30168544176718,0.0,0.0,0.0,0.0,253.75059252400834,0.0,0.0,0.0,705.693866211539,0.0,0.0,-38.59422190715441,834.573004152104,216.65849286765402,355.30917553368045,0.0,0.0,-477.2336889410226,228.123936089204,38.59422190715441,-834.7966537202917,0.0,-216.77031765174786,-0.22364956818770132,-254.42576095435587,0.0,418.8366838904782,709.0022565475567,-978.3825295405086,145.95730353189475,0.0,0.0,0.0,0.0,0.0,123.53450476715203,0.0,0.0,0.0,0.0,-673.0393447472114,0.0,0.0,-752.42464482406,0.0,0.0,0.0,0.0,0.0,-123.84402703594861,0.0,0.0,145.95730353189475,0.0,0.0,0.0,0.0,-99.5527008636246,0.008945982727254886,0.0,0.0,0.0,0.0,0.0,0.0,0.0,0.0,0.0,181.69870367888507,0.0,0.0,0.0,0.0,0.0,0.0,0.0,0.0,0.0,0.0049202905001338535,0.0049202905001338535,0.0,228.47466756195837,0.0,2.6837948182524163,0.0,0.0,0.0,1000.0,0.0,0.0,241.46213738392342,0.0,0.0,-220.91396273241804,-1000.0,0.0,0.0,132.77912149106916,0.0,0.0,145.95730353189475,0.0,0.0,0.0,0.0,0.0,0.0,0.0,242.60150633568568,-41.67752457898189,0.0,0.0,241.80655771893248,0.0,-664.5368284558334,217.94495597163373,0.0,0.0,-220.91396273241804,0.0,-320.4666635960426,0.0,156.25000000003138,-156.25000000003138,0.0,0.0,0.0,0.0,0.0,0.0,0.0,0.0,0.0,0.0,0.0,0.0,0.0,0.0,2.6837948182524163,369.16855247123766,369.16855247123766,0.0,0.0,0.0,0.0,0.0,0.0,0.0,0.0,0.0,0.0,0.04472991363754027,0.0,0.0,241.46213738392342,-241.46213738392342,0.0,0.0,0.0,0.0,145.95730353189475,-132.77912149106916,0.0,0.0,0.0,0.0,0.0,0.0,0.0,0.0,0.0,1000.0,0.0,0.0,1.341897409126208,1.3418974091262081,1000.0,-1000.0,0.0,145.95730353189475,0.0,0.0,0.0,0.0,0.0,0.0,0.0,244.29396822069828,0.004472991363754027,0.0,0.0,0.0,5.9072240946034436,0.0,0.0,446.5918724841997,0.0,0.0,0.0,0.0,0.0,0.0,0.0,0.0,0.0,0.0,0.0,0.0,0.0,0.0,0.004472991363754027,0.0,0.0,0.0,0.0,0.0,0.0,0.0,0.0,190.30168544176718,0.0,691.5693885965171,0.0,0.0,-1000.0,-0.33547435228155204,-0.22364956818770132,0.0,0.0,-234.375,-234.375,234.375,0.0,0.0,0.0,0.0,0.0,0.0,0.0,369.16855247123766,0.0,0.0,0.0,-559.3221960818427,0.0,0.0,0.0,123.53003177578827,0.0,0.0,0.004472991363754027,0.0,0.004472991363754027,0.0,0.0,0.0,2.6837948182524163,5.457049463779913,5.457049463779913,0.0,0.0,0.0,0.0,0.0,0.0,0.0,0.0,0.0,0.0,0.0,0.0,0.0,537.3930037689847,0.0,0.0,0.0,0.0,0.0,0.0,0.0,0.0,0.0,0.0,0.0,0.0,0.0,217.94495597163373,0.0,0.0,0.0,0.006709487045611695,0.0,0.0,0.0,-145.95730353189475,0.0,0.0,0.0,0.0,0.0,-228.47466756195837,0.22364956818770132,0.0,0.0,0.0,890.625,0.0,-0.22364956818770132,0.0,0.0,0.0,0.0,0.0,0.0,0.0,0.0,369.16855247123766,0.0,132.77912149106916,0.0,228.47466756195837,0.0,203.24317397356683,0.0,437.81879607250875,253.52694295582063,0.0,-691.3457390283294,0.0,-5.457049463779913,0.0,0.22364956818770132,1000.0,0.0,0.0,0.0,-606.7683018037955,-919.4132628840478,919.4132628840478,-484.37499999999955,484.37499999999955,0.0,0.0,0.0,0.0,0.0,-0.6709487045632159,0.0,5.457049463779913,0.0,557.33208539953,557.33208539953,-557.33208539953,0.0,0.0,0.0,0.0,0.0,0.14403032191339094,0.0,0.0,229.48109061880302,-187.6059277734885,178.02320649887844,0.0,1.3418974091262081,241.46213738392342,0.0,0.0,0.0,-347.38575465844775,0.0,0.0,0.0049202905001338535,0.0,0.0,0.0,2.7285247318899564,0.0,0.0,0.0,0.0,46.40460266827016,0.0,0.0,0.0,0.0,0.0,0.0,0.0,0.0,-1000.0,0.0,0.0004472991363754155,0.0004472991363754155,0.0,0.0,0.0,0.0,0.0,0.0,0.0,0.0,0.0,0.0,0.0,0.0,0.0,0.0,0.0,228.47466756195837,0.0,0.0,0.0,0.0,0.0,0.0,0.0,0.0,0.0,0.0,0.0,482.92427476784684,428.26972397470524,0.0,299.9932905129544,0.0,0.0,0.0,2.6837948182524163,0.0,0.0,0.0,0.0,0.0,0.0,-2.6837948182524163,0.0,482.92427476784684,0.0,0.0,0.0,0.0,0.0,0.0,0.0,0.0,0.0,0.0,-244.29396822069828,-98.0409145521428,540.4570028531563,-1000.0,854.0426964681053,0.0,562.1633119620365,0.0,0.0,0.0,0.0,0.0,0.0,0.0,0.0,0.0,0.0,0.0,0.0,0.0,0.0,0.0,0.0,0.0,-0.5591239204692533,369.16855247123766,-0.33547435228155204,537.0575294167031,0.0,0.0,0.0,0.0,0.0,0.0,-0.055912392046925344,123.84402703594861,0.0,0.0,0.0,0.0,0.0,0.0,0.0,1000.0,1.3418974091262081,1.341897409126208,0.0,0.0,0.0,0.0,0.0,0.0049202905001338535,228.47466756195837,0.0,0.0,-562.1633119620365,0.0,0.0,0.0,0.0,0.0,0.0,0.0,0.0,0.0,0.0,0.0,0.0,0.0,0.0,0.0,0.0,0.0,0.0,0.0,4.696640931941729,0.0,0.0,241.80655771893248,0.0,0.0,0.0,228.47466756195837,0.0,0.0,0.0,0.0,0.0,-0.5591239204692533,0.0,0.0,0.0,0.0,0.0,0.0,0.0,0.0,0.0,0.0,0.0,0.0,0.0,0.0,0.0,0.0,0.0,0.0,-0.004472991363754027,0.0,0.0,0.22364956818770132,220.91396273241804,0.0,0.0,0.0,0.0,369.16855247123766,0.0,0.0,0.0,-537.0078792125655,0.11182478409385066,0.0,0.0,0.0,0.004472991363754027,0.0,4.472991363754026,-1.3866273227637484,0.8945982727508053,0.03194993831252876,12.479645904873736,-0.00335474352281552,0.22364956818773862,0.08945982727508053,-0.022364956818491172,-12.479645904873736,1.341897409126208,-0.004472991363754027,0.0,145.95730353189475,0.0011182478409385067,0.03194993831252876,0.0,-242.17423760903358,-0.08945982727508053,-300.0,-0.004472991363754027,0.0011182478409385067,-12.479645904873736,0.44729913637540264,0.004472991363754027,0.004472991363754027,-228.4652742800945,-241.45721709342328,-121.8632239808428,-0.00335474352281552,1.341897409126208,0.004472991363754027,145.9573035318947,142.37891044089153,-0.0022364956818770134,385.25322311522535,-170.0,-0.00335474352281552,-0.004472991363754027,-1.3866273227637484,0.004472991363754027,0.44729913637540264,-0.08945982727508053,217.94495597163373,217.94495597163373,-0.44729913637540264,300.0,-217.94495597163373,0.8945982727508053,0.00670948704563104,-1000.0,0.44729913637540264,-242.60150633568568,145.95730353189475,-0.8945982727508053,0.0022364956818770134,0.04472991363754027,0.0,229.36926583470918,-0.004472991363754027,-229.48109061880302,228.4652742800945,1.3866273227637484,0.004472991363754027,242.17423760903358,-4.025692227378311,145.95730353189475,-0.004472991363754027,-0.0011182478409385067,-145.95730353189475,-0.004472991363754027,-99.5527008636246,0.004472991363754027,-0.0011182478409385067,-0.0011182478409385067,-0.0011182478409385067,1.7891965455016106,-142.37891044089153,0.04472991363754027,3.3139274766215863,-0.0011182478409385067,0.0,0.22364956818770132,50.0,0.004472991363754027,0.0022364956818770134,0.0022364956818770134,-86.95996128360963,1.3866273227637484,0.004472991363754027,-1.3866273227637484,0.04472991363754027,0.004472991363754027,-3.3139274766215863,0.004472991363754027,0.017891965454737147,0.022364956818491172,0.0022364956818770134,0.0011182478409385067,1.341897409126208,-0.004472991363754027,121.8632239808428,0.04472991363754027,-6.6278549532431725,0.11182478409381341,-0.44729913637540264,0.8945982727508053,0.22364956818770132,-0.004472991363754027,0.0,0.00670948704563104,-0.004472991363754027,173.91992256721926,1.3866273227637484,481.6164030829383,0.0022364956818770134,-100.0,-0.004472991363754027,-0.004472991363754027,-0.004472991363754028,0.0022364956818770134,12.479645904873736,-0.8945982727508053,0.004472991363754027,0.0,-0.0011182478409385067,241.45721709342328,0.0,0.670948704563104,170.0,662.8727237297401,12.479645904873736,-0.00335474352281552,229.48109061880302,-229.36926583470918,0.004472991363754027,-0.0011182478409385065,705.9175157797267,4.472991363754026,-0.0022364956818770134,-0.004472991363754027,0.0011182478409385067,296.25645929558306,0.0,743.4717345289988,0.0,-255.0,0.0,357.38598486873866,-22.409376226357047,0.0,-80.0,672.1447464744606,-204.13777224631764,-256.52602897531926,40.0,127.5,-336.0723732372303,0.0,11.204688113178523,-228.47466756195837,-134.23064842449057,256.52602897531926,204.13777224631764,-134.23064842449057,-357.38598486873866,180.48218897987078,0.0,1496.5981,hplb
305,0.0,0.0,0.0,0.0,0.0,0.0,0.0,0.0,262.1890210305235,0.0,0.0,0.0,0.0,0.0,0.0,0.0,0.0,300.0,0.0,0.0,0.0,0.0,0.0,458.2666848245663,0.0,0.0,0.0,0.0,0.0,-392.4753797851202,57.43358248220227,-57.43358248220227,114.47731290068737,0.0,0.0,0.0,0.0,-14.63660100687071,0.0,-1000.0,996.3001427707554,0.0,0.0,392.4753797851202,0.0,0.0,0.0,0.0,0.0,-600.9624322345753,0.0,0.0,0.0,0.013566143173887216,0.0,0.0,0.0,2.466571486163078,0.0,0.0,69.22129342255462,0.0,199.13451026053295,0.0,217.2396342914225,0.0,0.0,0.0,0.0,0.0,0.0,0.12332857430815389,0.0,0.0,0.0,0.0,0.0,0.0,0.0,0.0,0.0,0.0,0.0,0.0,7.399714458489234,0.0,0.0,555.2740976197574,205.5370253098261,-350.26292769006864,-0.003083214357703847,0.0,0.0,0.0,3.699857229244617,0.0,3.699857229244617,-57.83070049147452,0.0,0.0,0.0,0.6166428715407695,-392.4753797851202,0.0,0.0,-25.25013095009162,589.490516266534,0.0,0.0,0.0,0.0,0.0,0.0,0.0,0.0,0.0,0.0,0.0,0.0,0.0,0.0,0.0,0.0,0.0,-155.29343885427144,0.0,0.0,3.699857229244617,0.0,3.8231858035527697,3.8231858035527697,0.0,1000.0,-564.640424515763,-435.3595754842369,435.3595754842369,-268.3558036830876,0.0,0.0,0.0,0.0,0.0,0.0,0.0,0.0,0.9496300221727844,0.012332857430815388,0.0,0.0,0.0,-1000.0,-517.2938043290533,0.0,0.0,0.0,0.0,371.3416774700793,0.0,0.0,0.0,0.0,0.0,-420.592215009205,-420.592215009205,0.0,0.0,0.0,0.0,0.0,0.0,0.0,-363.14629966957193,0.0,0.0,0.0,0.0,0.0,0.0,0.0,0.0,0.0,0.0,0.0,0.0,0.0,0.0,0.0,0.0,0.0,0.0,0.0,-1000.0,0.0,0.0,0.0,0.0,0.0,600.9624322345753,0.0,444.72590238024253,-444.72590238024253,268.3558036830876,0.0,0.0,0.0,0.0,0.0,0.0,0.0,-132.1232228096627,0.0,0.0,0.0,0.0,0.0,0.0,0.0,0.0,0.0,0.0,0.0,0.0,0.0,152.99839726828895,995.4801962922681,392.4753797851202,0.0,0.0,0.0,0.0,-268.3558036830876,0.0,0.0,0.0,0.0,69.22129342255462,0.0,57.43358248220227,0.0,0.0,0.0,0.0,0.0,0.0,0.0,0.0,0.0,0.0,0.0,-704.4011031618575,-943.589980232274,1000.0,0.0,-392.4753797851202,0.0,0.0,268.3558036830876,-743.708929605558,0.0,0.0,0.0,200.21407132782247,0.0,0.0,-485.07326091172945,21.270831991111738,0.0,-506.34409290284106,0.0,-21.270831991111738,650.2629276900686,0.0,189.45180476048517,600.9624322345753,0.0,42.055043839080476,0.0,0.0,0.0,-208.56944606213148,0.0,208.56944606213148,0.0,97.51584252701218,0.0,0.0,574.7216084127235,0.0,0.0,0.0,69.22129342255462,-0.018499286146223082,0.0,0.0,0.0,0.0,0.012332857430815388,0.0,0.0,0.0,996.3001427707554,0.0,0.0,-621.1737554170858,814.0980930729967,0.0,1000.0,0.0,0.0,0.0,-25.25013095009162,0.0,0.0,0.0,547.4031538686962,-547.4031538686962,0.0,-1000.0,-1000.0,0.0,0.0,0.0,0.0,0.0,0.0,0.0,0.0,0.0,0.0,0.0,0.0,0.0,0.0,0.0,0.0,0.0,-1000.0,0.0,-1000.0,0.0,14.587269577147454,0.0,0.0,0.0,0.0,56.48395246002951,0.0,0.0,0.0,715.8081626665833,0.0,0.0,0.0,321.9102527391441,0.0,547.4031538686962,462.2145651993158,233.8098764303482,-280.8793680906656,-1000.0,0.0,-322.52689561068485,0.0,-0.30832143577038473,-234.42651930188896,-296.6374601410068,0.0,-428.7093550428655,1000.0,0.0,3.6998572292445715,0.0,0.0,0.0,0.0,0.0,262.2013538879543,0.0,-152.99839726828895,152.99839726828895,152.99839726828895,277.78355946392855,0.0,116.01860965333964,-460.6868079114457,0.0,0.0,0.0,0.0,0.0,-129.91321683797833,0.0,0.0,0.0,0.0,0.0,0.0,0.0,63.97705100050413,0.024665714862067034,0.0,0.0,0.0,0.0,0.0,0.0,0.0,0.0,0.0,0.0,0.0,0.0,0.0,0.0,0.0,0.0,0.0,0.0,0.0,0.013566143173887216,0.013566143173887216,57.43358248220227,430.53182578212585,0.0,7.399714458489234,0.0,0.0,0.0,1000.0,0.0,0.0,0.0,0.0,0.0,176.16391787354954,-1000.0,0.0,0.0,142.60444590594386,0.0,0.0,0.0,0.0,0.0,0.0,0.0,0.0,0.0,0.0,51.76447961809048,-996.3001427707554,927.8032880625193,0.0,0.9496300221727844,0.0,0.0,0.0,0.0,0.0,176.16391787354954,0.0,1000.0,-759.8590311259463,0.0,0.0,152.99839726828895,0.0,0.0,0.0,0.0,0.0,0.0,0.0,0.0,0.0,0.0,0.0,0.0,0.0,7.399714458489234,268.3558036830876,268.3558036830876,0.0,0.0,0.0,0.0,0.0,0.0,0.0,0.0,0.0,0.0,0.12332857430815389,0.0,57.43358248220227,0.0,0.0,57.43358248220227,0.0,0.0,0.0,3.699857229244617,-142.60444590594386,0.0,0.0,0.0,0.0,0.0,0.0,0.0,0.0,0.0,0.0,-285.13795818976666,0.0,3.699857229244617,3.699857229244617,1000.0,-1000.0,0.0,0.0,0.0,0.0,0.0,0.0,0.0,392.4753797851202,0.0,793.3779014097584,0.012332857430815388,0.0,0.0,0.0,0.9945568599564695,0.0,0.0,0.0,0.0,0.0,0.0,0.0,0.0,0.0,0.0,0.0,0.0,0.0,0.0,0.0,0.0,0.0,0.012332857430815388,0.0,0.0,0.0,0.0,0.0,0.0,0.0,0.0,14.587269577147454,0.0,56.48395246002951,0.0,0.0,0.0,-0.9249643073111542,0.0,-0.6166428715407695,0.0,0.0,0.0,0.0,0.0,0.0,0.0,0.0,0.0,0.0,0.0,268.3558036830876,0.0,0.0,0.0,-428.09271217132476,0.0,0.0,0.0,262.1890210305235,0.0,0.0,0.012332857430815388,0.0,0.012332857430815388,0.0,0.0,0.0,7.399714458489234,15.046086065594775,15.046086065594775,0.0,0.0,0.0,0.0,0.0,0.0,0.0,927.8032880625193,0.0,0.0,0.0,0.0,0.0,548.4650128934894,0.0,0.0,0.0,0.0,0.0,0.0,0.0,0.0,0.0,0.0,0.0,0.0,0.0,0.0,0.0,0.0,0.0,0.018499286146223082,0.0,0.0,0.0,-3.699857229244617,0.0,0.0,0.0,0.0,0.0,-430.53182578212585,0.6166428715407695,0.0,0.0,0.0,0.0,0.0,-919.5875837920412,-0.6166428715407695,0.0,0.0,0.0,0.0,0.0,0.0,0.0,268.3558036830876,0.0,142.60444590594386,1000.0,277.5334285138369,0.0,869.4183843691892,-25.25013095009162,0.0,-863.1036313320117,0.0,863.1036313320117,0.0,-758.7550156711527,0.0,0.6166428715407619,1000.0,0.0,0.0,-57.43358248220227,-129.91321683797833,-431.1269459488534,431.1269459488534,0.0,0.0,0.0,0.0,0.0,0.0,0.0,-1.8499286146223994,0.0,15.046086065594775,0.0,0.0,0.0,57.43358248220227,0.0,0.0,0.0,0.0,0.0,0.0,0.0,0.0,433.3067187040593,-0.9945568599564695,509.7299751242593,0.0,3.699857229244617,0.0,0.0,0.0,0.0,69.32230898227618,0.0,0.0,0.013566143173887216,0.0,0.0,0.0,7.523043032797387,0.0,0.0,0.0,0.0,995.4801962922681,0.0,589.490516266534,0.0,0.0,0.0,0.0,0.0,0.0,-40.65142797552318,0.0,841.5796200241799,0.001233285743081539,0.0,0.0,0.0,0.0,0.0,0.0,0.0,0.0,0.0,0.0,57.43358248220227,0.0,0.0,0.0,0.0,430.53182578212585,0.0,0.0,0.0,0.0,0.0,0.0,0.0,600.9624322345753,0.0,0.0,0.0,0.0,-140.3424627042092,329.79426746469426,300.0,0.0,0.0,0.0,7.399714458489234,0.0,0.0,0.0,0.0,0.0,-7.399714458489234,0.0,0.0,0.0,0.0,0.0,0.0,0.0,0.0,0.0,0.0,57.43358248220227,57.43358248220227,0.0,-1000.0,-1000.0,556.913020233598,-39.54953286943914,35.849675640194526,0.0,-0.04933142972325612,0.0,0.0,0.0,0.0,0.0,0.0,0.0,0.0,0.0,0.0,0.0,0.0,0.0,0.0,0.0,0.0,0.0,-1.5416071788519234,268.3558036830876,-0.9249643073111542,547.5400485861783,0.0,0.0,0.0,0.0,0.0,-0.15416071788519237,0.0,129.91321683797833,0.0,0.0,0.0,0.0,0.0,0.0,0.0,793.3779014097584,3.699857229244617,3.699857229244617,0.0,0.0,0.0,0.0,0.0,0.013566143173887216,430.53182578212585,0.0,0.0,0.04933142972325655,841.5783867384368,0.0,0.0,0.0,0.0,0.0,0.0,0.0,0.0,0.0,0.0,0.0,0.0,0.0,0.0,0.0,0.0,3.8231858035527697,0.0,12.949500302356158,0.9496300221727844,0.0,0.0,0.0,0.0,0.0,430.53182578212585,0.0,861.7568833005666,0.0,0.0,0.0,-1.5416071788519234,0.0,0.0,0.0,0.0,0.0,0.0,0.0,0.0,0.0,0.0,0.0,0.0,0.0,0.0,0.0,0.0,0.0,0.0,-0.012332857430815388,0.0,0.0,0.6166428715407695,-176.16391787354954,0.0,0.0,0.0,0.0,268.3558036830876,0.0,0.0,0.0,-547.4031538686962,0.30832143577038473,0.0,0.0,0.0,0.012332857430815388,0.0,12.332857430815388,0.0,2.466571486163078,0.0880918387915385,42.055043839080476,-0.009249643073111541,0.6166428715407695,0.2466571486163078,-0.061664287154071934,-42.055043839080476,3.699857229244617,-0.01233285743081539,8.416710316697207,0.0,0.003083214357703847,0.0880918387915385,-25.25013095009162,-1.9633909029858008,57.18692533358596,-300.0,-0.01233285743081539,0.0030832143577038474,-42.055043839080476,227.9839965839278,0.01233285743081539,0.012332857430815388,-430.50592678152117,0.013566143173884635,0.0,-0.009249643073111541,3.699857229244617,0.01233285743081539,3.699857229244617,-6.166428715407695,-0.006166428715407695,-320.841415569896,267.11018508257524,-0.009249643073111541,-0.01233285743081539,0.0,0.012332857430815388,1.233285743081539,-0.2466571486163078,0.0,0.0,-1.2332857430815523,300.0,0.0,2.466571486163078,0.018499286146223082,-651.9988485366716,1.233285743081539,-51.76447961809048,0.0,-2.466571486163078,0.006166428715407694,0.12332857430815389,155.29343885427144,280.0,-0.012332857430815388,-433.3067187040593,430.50592678152117,3.8231858035527697,0.01233285743081539,1.9633909029858008,-241.55013975782467,0.0,-0.012332857430815388,-0.003083214357703847,0.0,-0.01233285743081539,-525.5134652660298,0.012332857430685351,-0.003083214357703847,-0.003083214357703847,-0.003083214357703847,4.933142972326156,6.166428715407695,0.12332857430815389,186.19694384187662,-0.0030832143577038474,302.17016739184567,0.6166428715407695,-31.371882628711298,0.012332857430815388,0.006166428715407694,0.006166428715407695,1.233285743081539,0.0,0.012332857430815388,0.0,0.12332857430815389,0.01233285743081539,-540.3166200275192,0.01233285743081539,0.04933142972325612,0.061664287154071934,0.006166428715407695,0.0030832143577038474,3.699857229244617,-0.01233285743081539,0.0,-28.59346266679298,-372.39388768375323,0.30832143577038473,-1.233285743081539,2.466571486163078,0.6166428715407695,-0.01233285743081539,25.25013095009162,0.018499286146223082,-0.01233285743081539,-2.466571486163076,0.0,90.39923653227731,0.006166428715407695,62.743765257422595,-0.01233285743081539,-0.012332857430685351,-0.01233285743081539,0.006166428715407695,42.05504383908047,-2.466571486163078,0.012332857430815388,310.5868777085429,-0.003083214357703847,-0.013566143173884635,-310.5868777085429,1.849928614622308,-267.11018508257524,323.1350477623245,42.05504383908047,-0.009249643073111541,433.3067187040593,-280.0,0.01233285743081539,-0.0030832143577038482,716.424805538124,12.332857430815388,-0.006166428715407694,-0.01233285743081539,0.003083214357703847,806.9966589781236,0.0,351.9926821079562,354.1196761856426,-255.0,0.0,-0.4133392645942422,-140.0,226.75071084084624,330.6249464165271,-255.0,55.918332207167055,-300.0,-165.31247320826355,127.5,127.5,-226.75071084084624,70.0,-430.53182578212585,-159.7215455145535,300.0,-55.918332207167055,-159.7215455145535,0.4133392645942422,119.95175737507444,0.0,1496.5981,hplb
306,0.0,0.0,0.0,0.0,0.0,0.0,0.0,0.0,72.10408957644384,0.0,0.0,0.0,0.0,0.0,0.0,0.0,164.46067167387287,-70.47367028041245,0.0,0.0,0.0,0.0,0.0,364.60900603821244,0.0,0.0,0.0,0.0,0.0,-984.7073085160757,169.3306726458036,-169.3306726458036,60.15070521151243,0.0,0.0,0.0,0.0,757.0431831778511,0.0,-1000.0,868.0147087647722,0.0,0.0,1000.0,0.0,0.0,0.0,0.0,-39.69339729836778,-362.12533830065246,0.0,-60.28927748274625,0.0,0.008912673799159165,0.0,0.0,0.0,1.6204861452950117,0.0,0.0,19.623059455394557,0.0,-482.7515882843542,-693.4690420388819,0.0,0.0,0.0,0.0,0.0,24.57016908286564,0.0,0.08102430726475059,0.0,0.0,0.0,0.0,0.0,0.0,0.0,0.0,0.0,0.0,264.23581865131507,0.0,4.8614584358850355,0.0,0.0,444.1672846754153,-235.2368351402062,0.0,720.1821485948782,0.0,0.0,138.18267475749246,2.4307292179425177,0.0,69.86254390172826,0.0,0.0,0.0,567.2499729342506,0.4051215363237529,-984.7073085160757,0.0,0.0,-79.67023106943246,630.2868660158503,0.0,0.0,0.0,0.0,0.0,0.0,0.0,0.0,0.0,0.0,0.0,0.0,0.0,0.0,0.0,0.0,0.0,-596.9999317334428,0.0,0.0,69.86254390172826,0.0,2.5117535252072685,2.5117535252072685,0.0,-271.1305485061149,-728.8694514938851,1000.0,-1000.0,-230.3405132099222,671.671186233222,-671.671186233222,0.0,0.0,0.0,0.0,0.0,0.0,-263.6119314853765,0.008102430726475058,720.1841742025598,0.0,0.0,-1000.0,-283.48438641747885,0.0,0.0,303.0141542829356,0.0,209.44217642306955,0.0,0.0,0.0,0.0,0.0,-621.9508984172998,-621.9508984172998,0.0,0.0,0.0,671.875,0.0,0.0,0.0,-452.6121233407697,0.0,0.0,0.0,-14.770948864755724,-424.8348959156601,0.0,0.0,0.0,0.0,0.0,0.0,0.0,0.0,0.0,0.0,0.0,0.0,0.0,0.0,-1000.0,0.0,0.0,0.0,0.0,0.0,362.12533830065246,60.28927748274625,535.2368351402063,-535.2368351402063,230.3405132099222,0.0,0.0,0.0,0.0,0.0,0.0,0.0,-412.43396018892537,0.0,0.0,0.0,0.0,0.0,0.0,0.0,0.0,0.0,0.0,0.0,0.0,0.0,216.7350914809188,623.8703073760043,799.6507566578244,0.0,0.0,0.0,0.0,-230.3405132099222,0.0,0.0,0.0,0.0,19.623059455394557,-200.34924334217558,169.3306726458036,0.0,0.0,0.0,0.0,0.0,0.0,0.0,169.59157091519694,0.0,67.43181468378575,0.0,164.44851802778317,-606.0251522526294,1000.0,0.0,-799.6507566578244,0.0,0.0,230.3405132099222,-845.6032982373462,0.0,0.0,0.0,75.2441293293349,0.0,0.0,-162.95418064247644,228.47159977507255,0.0,-391.4257804175492,0.0,-228.47159977507255,300.0,0.0,0.0,362.12533830065246,0.0,27.629288777279953,0.0,0.0,0.0,-222.4068135105548,0.0,222.4068135105548,0.0,-452.62832820222263,0.0,0.0,0.0,671.875,0.0,0.0,19.623059455394557,-0.012153646089712587,0.0,0.0,0.0,0.0,0.008102430726475058,0.0,0.0,0.0,760.5458851830748,164.46067167387287,0.0,-338.8593887680398,1000.0,424.8348959156601,937.8772526665005,0.0,0.0,0.0,-79.67023106943246,0.0,0.0,0.0,562.6668211909309,-562.6668211909309,0.0,-692.7124244332875,-1000.0,0.0,0.0,0.0,0.0,0.0,0.0,0.0,0.0,0.0,0.0,0.0,0.0,0.0,0.0,0.0,0.0,0.0,0.0,0.0,-1000.0,303.0141542829356,242.92440709924313,0.0,22.966972180750012,0.0,0.0,777.9140169651228,0.0,0.0,0.0,0.0,0.0,576.4684127121504,0.0,-11.888607626698759,0.0,-13.801591521219507,0.0,0.0,-574.2743634496791,0.0,0.0,0.0,466.6966341080915,-0.20256076816187646,-0.4051215363237529,0.0,0.0,-441.37743730918754,0.0,0.0,69.86254390172826,0.0,0.0,0.0,0.0,0.0,72.11219200717032,0.0,-216.7350914809188,216.7350914809188,216.7350914809188,333.0497449241374,0.0,0.0,0.0,0.0,0.0,0.0,0.0,0.0,-191.0943942991331,0.0,0.0,0.0,0.0,0.0,0.0,0.0,-99.18975692735249,0.016204861452955528,0.0,0.0,0.0,0.0,0.0,0.0,0.0,0.0,0.0,0.0,0.0,0.0,0.0,0.0,0.0,0.0,0.0,0.0,0.0,0.008912673799159165,0.008912673799159165,169.3306726458036,261.885440679142,0.0,4.8614584358850355,0.0,0.0,0.0,197.89366230982785,0.0,0.0,0.0,0.0,0.0,547.9980412187243,-197.89366230982785,0.0,0.0,0.0,0.0,0.0,0.0,0.0,0.0,0.0,0.0,0.0,0.0,0.0,198.99997724448096,-760.5458851830748,653.1975204016286,0.0,0.6238871659385791,0.0,138.18267475749246,0.0,0.0,0.0,547.9980412187243,0.0,448.8082842913718,0.0,0.0,0.0,216.7350914809188,0.0,0.0,0.0,0.0,0.0,0.0,0.0,0.0,0.0,0.0,0.0,0.0,0.0,4.8614584358850355,230.3405132099222,230.3405132099222,0.0,0.0,0.0,0.0,0.0,0.0,0.0,0.0,0.0,0.0,0.08102430726475059,0.0,169.3306726458036,0.0,0.0,169.3306726458036,60.28927748274625,0.0,0.0,69.86254390172826,0.0,0.0,0.0,0.0,0.0,0.0,0.0,0.0,0.0,0.0,-128.54063734961082,0.0,0.0,2.4307292179425177,2.4307292179425177,1000.0,-197.89366230982785,0.0,0.0,0.0,0.0,0.0,0.0,0.0,677.4197329493633,0.0,964.4022223047617,0.008102430726475058,0.0,0.0,0.0,0.6534031635850244,0.0,0.0,-138.18267475749246,0.0,0.0,0.0,0.0,0.0,0.0,0.0,0.0,0.0,0.0,0.0,0.0,0.0,0.0,0.008102430726475058,0.0,0.0,0.0,-583.8331983477019,583.8331983477019,0.0,0.0,0.0,242.92440709924313,0.0,777.9140169651228,0.0,0.0,-1000.0,-0.6076823044856294,-0.4051215363237529,0.0,0.0,171.875,171.875,-171.875,0.0,0.0,0.0,0.0,0.0,0.0,0.0,230.3405132099222,424.8348959156601,0.0,0.0,-440.9723157728638,0.0,0.0,0.0,72.10408957644384,0.0,0.0,0.008102430726475058,0.0,0.008102430726475058,0.0,24.57016908286564,0.0,4.8614584358850355,9.884965486299572,9.884965486299572,0.0,0.0,0.0,0.0,0.0,0.0,0.0,653.1975204016286,0.0,0.0,0.0,0.0,182.29653426961892,381.06790620686144,0.0,0.0,0.0,0.0,0.0,0.0,0.0,0.0,0.0,0.0,0.0,0.0,0.0,0.0,0.0,-1000.0,1000.0,0.012153646089712587,0.0,0.0,0.0,-69.86254390172826,0.0,0.0,0.0,0.0,0.0,-261.885440679142,0.4051215363237529,0.0,0.0,0.0,-671.875,0.0,-777.9140169651228,0.0,0.0,0.0,0.0,0.0,0.0,0.0,0.0,230.3405132099222,0.0,0.0,0.0,45.15034919822318,0.0,588.578843651884,-79.67023106943246,0.0,0.0,0.0,0.0,303.0141542829356,-855.4882637236458,0.0,0.4051215363237529,1000.0,0.0,0.0,-169.3306726458036,-191.0943942991331,-477.01172546327535,477.01172546327535,-546.8750000000001,546.8750000000001,0.0,-514.5629837491391,0.0,0.0,0.0,-1.2153646089712993,0.0,9.884965486299572,0.0,0.0,0.0,169.3306726458036,0.0,0.0,0.0,0.0,0.0,169.59157091519694,0.0,0.0,263.7084875925989,-0.6534031635850244,14.038406278855831,0.0,2.4307292179425177,0.0,0.0,0.0,0.0,-172.85705217190718,0.0,0.0,0.008912673799159165,0.0,0.0,0.0,4.942482743149786,0.0,0.0,0.0,0.0,623.8703073760043,0.0,630.2868660158503,0.0,0.0,0.0,0.0,0.0,0.0,0.0,0.0,0.0008102430726475058,0.0008102430726475058,0.0,0.0,0.0,0.0,0.0,0.0,0.0,0.0,0.0,0.0,169.3306726458036,0.0,0.0,0.0,0.0,261.885440679142,0.0,0.0,0.0,0.0,0.0,0.0,0.0,362.12533830065246,0.0,0.0,0.0,0.0,0.0,349.51722353212415,-70.47367028041245,0.0,0.0,0.0,4.8614584358850355,0.0,0.0,0.0,0.0,0.0,0.0,-4.8614584358850355,0.0,0.0,0.0,0.0,0.0,0.0,0.0,0.0,0.0,169.3306726458036,169.3306726458036,0.0,-1000.0,-1000.0,568.9146055241158,0.0,-69.86254390172826,0.0,999.9675902770942,0.0,0.0,0.0,0.0,0.0,0.0,0.0,0.0,0.0,0.0,0.0,0.0,0.0,0.0,0.0,0.0,0.0,-1.0128038408093825,230.3405132099222,-0.6076823044856294,562.7567581719948,0.0,0.0,0.0,0.0,0.0,-0.10128038408093824,0.0,494.1085485820687,0.0,0.0,0.0,0.0,0.0,0.0,0.0,964.4022223047617,2.4307292179425177,2.4307292179425177,0.0,0.0,0.0,0.0,0.0,0.008912673799159165,261.885440679142,0.0,0.0,-999.9675902770942,0.0,0.0,0.0,0.0,0.0,0.0,0.0,0.0,0.0,0.0,0.0,0.0,0.0,0.0,512.2850845414329,0.0,0.0,2.5117535252072685,0.0,8.507552262798812,0.6238871659385791,0.0,0.0,0.0,0.0,0.0,261.885440679142,0.0,777.508895428799,0.0,0.0,0.0,-1.0128038408093825,0.0,0.0,0.0,0.0,0.0,0.0,0.0,0.0,0.0,0.0,0.0,0.0,0.0,0.0,0.0,0.0,0.0,0.0,-0.008102430726475058,0.0,0.0,0.4051215363237529,-547.9980412187243,0.0,0.0,0.0,0.0,230.3405132099222,0.0,0.0,0.0,-562.6668211909309,0.20256076816187646,0.0,0.0,0.0,0.008102430726475058,0.0,8.102430726475058,0.0,1.620486145295012,0.05787450518910756,27.629288777279953,-0.0060768230448562935,11.888607626698759,0.16204861452950117,-0.040512153632229334,-27.629288777279953,2.4307292179425177,-0.008102430726475058,26.55674368981082,0.0,0.0020256076816187645,0.05787450518910756,-79.67023106943246,-1.2899069716552276,169.16862403127408,-93.98700139346042,-0.008102430726475058,0.0020256076816187645,-27.629288777279953,0.8102430726475058,0.008102430726475058,0.008102430726475058,-261.86842557461637,0.008912673799122564,0.0,-0.0060768230448562935,2.4307292179425177,0.008102430726475058,69.86254390172826,63.38059932054821,-0.004051215363237529,-50.10171428420463,229.5221677065482,-0.0060768230448562935,-0.008102430726475058,0.0,0.008102430726475058,0.8102430726475058,-0.16204861452950117,0.0,0.0,-0.8102430726475058,93.98700139346042,0.0,1.6204861452950117,0.012153646089712587,-1000.0,0.8102430726475058,-198.99997724448096,0.0,-1.6204861452950117,0.004051215363237529,0.08102430726475059,84.71484719200996,46.77083534351819,-0.008102430726475058,-263.7084875925989,261.86842557461637,2.5117535252072685,0.008102430726475058,1.2899069716552276,-77.15473155555568,0.0,-0.008102430726475058,-0.0020256076816187645,0.0,-0.008102430726475058,-729.4766229432028,0.008102430726702432,-0.0020256076816187645,-0.0020256076816187645,-0.0020256076816187645,3.2409722905900233,-63.38059932054821,0.08102430726475059,6.002888364477641,-0.0020256076816187645,142.8729506942091,0.4051215363237529,50.0,0.008102430726475058,0.004051215363237529,0.004051215363237529,0.8102430726475058,0.0,0.008102430726475058,0.0,0.08102430726475059,0.008102430726475058,-6.002888364477641,0.008102430726475058,0.032409722905746216,0.040512153632229334,0.004051215363237529,0.0020256076816187645,2.4307292179425177,-0.008102430726475058,0.0,-84.58431201563704,-12.005776728955283,11.686046858536882,-0.8102430726475058,1.6204861452950117,0.4051215363237529,-0.008102430726475058,79.67023106943246,0.012153646089712587,-0.008102430726475058,-1.6204861452950117,0.0,285.11378076894704,0.004051215363237529,-100.0,-0.008102430726475058,-0.008102430726702432,-0.008102430726475058,0.004051215363237529,27.629288777279953,-1.6204861452950117,0.008102430726475058,169.4296943840199,-0.0020256076816187645,-0.008912673799122564,-169.4296943840199,1.2153646089712586,-229.5221677065482,280.82563595230766,27.629288777279953,-0.0060768230448562935,263.7084875925989,-46.7708353435182,0.008102430726475058,-0.0020256076816187645,0.4051215363237529,8.102430726475058,-0.004051215363237529,-0.008102430726475058,0.0020256076816187645,1000.0,0.0,699.9959487846368,0.0,-255.0,0.0,178.7269803353431,-140.0,0.0,-80.0,-255.0,62.99819060444963,-300.0,40.0,127.5,127.5,0.0,70.0,-261.885440679142,-112.25672859703984,300.0,-62.99819060444963,-112.25672859703984,-178.7269803353431,127.53573440912564,0.0,1496.5981,hplb
307,0.0,0.0,0.0,0.0,0.0,0.0,0.0,0.0,70.48407346632331,0.0,0.0,0.0,0.0,0.0,0.0,0.0,0.0,-383.0839049672821,0.0,555.8402202219129,0.0,0.0,0.0,0.0,0.0,0.0,0.0,0.0,0.0,-855.3407844127096,0.0,0.0,139.59911004127912,0.0,0.0,0.0,0.0,999.9274407314531,0.0,-1000.0,1000.0,0.0,0.0,0.0,0.0,0.0,0.0,0.0,333.33333333333337,0.0,0.0,0.0,0.0,0.019953798850398413,0.0,0.0,0.0,3.6279634273380297,0.0,0.0,141.00676340681753,0.0,286.8060665011492,0.0,0.0,0.0,0.0,0.0,100.89755528141502,0.0,0.0,0.1813981713669015,0.0,0.0,0.0,0.0,0.0,0.0,0.0,0.0,0.0,0.0,-314.06607139638425,0.0,10.88389028201409,0.0,0.0,0.0,-160.57701807870245,300.0,-0.004534954284172537,0.0,0.0,-160.3783173374427,5.441945141007045,0.0,148.28131225099176,-0.5841021118017977,0.0,0.0,0.0,0.9069908568345074,-855.3407844127096,0.0,0.0,0.0,0.0,0.0,0.0,0.0,0.0,0.0,0.0,0.0,0.0,0.0,0.0,0.0,0.0,0.0,0.0,0.0,0.0,0.0,-571.4903845455005,0.0,0.0,148.28131225099176,0.0,5.623343312373946,0.0,0.0,59.48058047380505,540.1080219885537,-599.5886024623587,599.5886024623587,-427.8128299079667,0.0,0.0,0.0,0.0,0.0,0.0,0.0,0.0,315.4628373159094,0.018139817136690148,0.0,0.0,0.0,292.66948706659093,-1000.0,0.0,0.0,314.06607139638425,0.0,71.21936744245491,0.0,0.0,0.0,0.0,0.0,-348.39898910220217,-348.39898910220217,0.0,0.0,0.0,0.0,-490.3208580134808,0.0,0.0,-348.3808492850655,0.0,0.0,0.0,-793.4256101261044,0.0,0.0,0.0,0.0,0.0,0.0,0.0,0.0,0.0,0.0,-725.3207358368295,0.0,0.0,0.0,0.0,-1000.0,0.0,0.0,0.0,0.0,0.0,0.0,0.0,160.57701807870245,-160.57701807870245,326.91527462655165,0.0,0.0,0.0,0.0,0.0,0.0,0.0,329.94254067603816,0.0,0.0,0.0,0.0,0.0,0.0,0.0,0.0,0.0,0.0,0.0,0.0,0.0,253.04781510215741,757.4258068980698,522.0074510793762,0.0,0.0,0.0,0.0,-326.91527462655165,0.0,0.0,0.0,0.0,141.00676340681753,522.0074510793762,0.0,0.0,0.0,0.0,0.0,0.0,0.0,0.0,0.0,0.0,142.83936710998472,0.0,-32.92353492087756,-354.0775710782826,493.9103514120358,0.0,-522.0074510793762,0.0,0.0,427.8128299079667,22.13057690676198,0.0,0.0,0.0,-144.4324678730818,0.0,0.0,-751.9779197654311,-751.9779197654311,0.0,0.0,0.0,751.9779197654311,0.0,0.0,0.0,0.0,0.0,50.61008981136551,0.0,0.0,0.0,0.0,0.0,0.0,0.0,290.9187328866224,100.89755528141502,0.0,0.0,0.0,0.0,0.0,141.00676340681753,-0.027209725705035222,0.0,0.0,0.0,0.0,0.018139817136690148,0.0,0.0,0.0,851.7186877490083,0.0,0.0,-307.8048033493861,878.459462837439,0.0,901.0117203969147,0.0,225.06007277431866,0.0,0.0,0.0,0.0,0.0,-1.5618382554690609,0.0,-223.49823451884959,-1000.0,-1000.0,0.0,0.0,0.0,0.0,0.0,0.0,0.0,0.0,0.0,0.0,0.0,0.0,0.0,0.0,0.0,0.0,0.0,0.0,0.0,-1000.0,314.06607139638425,0.0,0.0,0.0,0.0,0.0,418.4070001404915,0.0,0.0,0.0,0.0,0.0,0.0,0.0,0.0,155.15374833725525,-100.89755528141502,0.0,0.0,0.0,199.0729707442963,0.0,-0.9069908568345074,0.0,-155.6072437656725,-0.9069908568345074,-51.988715913753964,0.0,0.0,0.0,-766.518985673367,148.28131225099176,0.0,0.0,0.0,408.16029944296315,0.0,70.50221328346,0.0,-253.04781510215741,253.04781510215741,253.04781510215741,-197.89443391808626,0.0,0.0,-639.3358618059613,0.0,0.0,0.0,0.0,0.0,-145.79930309433166,0.0,0.0,247.269591854077,0.0,0.0,0.0,0.0,-98.18601828633099,0.03627963427337308,0.0,0.0,0.0,0.0,0.0,0.0,0.0,0.0,0.0,0.0,0.0,0.0,0.0,0.0,0.0,0.0,0.0,0.0,0.0,0.019953798850398413,0.019953798850398413,0.0,216.62441879067723,0.0,10.88389028201409,0.0,0.0,0.0,146.68861108390897,0.0,0.0,0.0,0.0,0.0,212.82064845596986,-146.68861108390897,0.0,0.0,0.0,0.0,0.0,247.269591854077,0.0,0.0,0.0,0.0,0.0,0.0,0.0,190.49679484850017,-851.7186877490083,707.3305129334091,0.0,1.3967659195251472,0.0,0.0,-160.3783173374427,-160.3783173374427,0.0,212.82064845596986,0.0,114.63463016963887,0.0,0.0,0.0,253.04781510215741,0.0,0.0,0.0,0.0,0.0,0.0,0.0,0.0,0.0,0.0,0.0,0.0,0.0,10.88389028201409,427.8128299079667,427.8128299079667,0.0,0.0,0.0,0.0,0.0,0.0,0.0,0.0,0.0,0.0,0.1813981713669015,0.0,0.0,0.0,0.0,0.0,0.0,0.0,0.0,148.28131225099176,0.0,0.0,0.0,0.0,0.0,0.0,0.0,0.0,0.0,0.0,406.9139946588527,794.5343688344367,0.0,5.441945141007045,5.441945141007045,667.7899821818755,-146.68861108390897,0.0,247.269591854077,0.0,0.0,0.0,0.0,0.0,855.3407844127096,0.0,1000.0,0.018139817136690148,0.0,0.0,0.0,23.956219931447436,0.0,0.0,160.3783173374427,0.0,-100.89755528141502,0.0,0.0,0.0,0.0,0.0,0.0,0.0,0.0,0.0,0.0,0.0,0.0,0.018139817136690148,0.0,0.0,0.0,0.0,0.0,0.0,0.0,0.0,0.0,-581.5929998595085,1000.0,0.0,0.0,-1000.0,-1.3604862852517612,-0.9069908568345074,0.0,0.0,0.0,0.0,0.0,0.0,0.0,0.0,0.0,0.0,0.0,0.0,427.8128299079667,0.0,0.0,0.0,-765.6119948165325,0.0,0.0,0.0,70.48407346632331,0.0,0.0,0.018139817136690148,0.0,0.018139817136690148,0.0,0.0,0.0,10.88389028201409,22.13057690676198,22.13057690676198,0.0,0.0,0.0,0.0,0.0,0.0,0.0,707.3305129334091,0.0,0.0,0.0,0.0,0.0,0.0,0.0,0.0,0.0,0.0,0.0,0.0,0.0,0.0,0.0,0.0,0.0,0.0,0.0,0.0,0.0,0.0,0.0,0.027209725705035222,0.0,0.0,0.0,-148.28131225099176,0.0,0.0,0.0,0.0,0.0,-216.62441879067723,0.9069908568345074,0.0,0.0,0.0,0.0,490.3208580134808,-113.29394097976058,0.0,0.0,0.0,0.0,0.0,0.0,0.0,0.0,427.8128299079667,0.0,0.0,1000.0,-36.42339631148019,0.0,1000.0,0.0,0.0,886.7060590202394,0.0,-886.7060590202394,314.06607139638425,0.0,0.0,0.9069908568345074,1000.0,0.0,0.0,0.0,-145.79930309433166,0.0,0.0,-890.5937500000009,890.5937500000009,0.0,-733.8698374564009,0.0,0.0,0.0,943.3056409127586,-220.70587764643255,22.13057690676198,0.0,0.0,0.0,0.0,0.0,0.0,0.0,0.0,0.0,0.0,0.0,0.0,0.0,-23.956219931447436,-755.4833377234153,0.0,5.441945141007045,0.0,0.0,0.0,0.0,-170.74897854495669,0.0,0.0,0.019953798850398413,0.0,0.0,0.0,11.06528845338099,0.0,0.0,0.0,0.0,757.4258068980698,0.0,0.0,0.0,0.0,0.0,0.0,0.0,0.0,-835.113810447723,0.0,0.0018139817136690148,0.0018139817136690148,0.0,0.0,0.0,0.0,0.0,0.0,0.0,0.0,0.0,0.0,0.0,0.0,0.0,0.0,0.0,216.62441879067723,0.0,0.0,0.0,0.0,0.0,0.0,0.0,0.0,0.0,0.0,0.0,0.0,889.1735535552463,0.0,-383.0839049672821,0.0,0.0,0.0,10.88389028201409,0.0,0.0,0.0,0.0,0.0,0.0,-10.88389028201409,0.0,0.0,0.0,0.0,0.0,0.0,0.0,0.0,0.0,0.0,0.0,0.0,-1000.0,-1000.0,12.425774738632752,-148.28131225099176,0.0,0.0,999.9274407314531,0.0,0.0,0.0,0.0,0.0,0.0,0.0,0.0,0.0,195.31249999999997,0.0,-195.31249999999997,-195.3125,0.0,0.0,0.0,0.0,-2.2674771420862685,427.8128299079667,-1.3604862852517612,219.34539136118076,0.0,0.0,0.0,0.0,0.0,345.124879110151,-345.35162682435964,459.8653744907159,0.0,0.0,0.0,0.0,0.0,0.0,0.0,1000.0,5.441945141007045,5.441945141007045,0.0,0.0,0.0,0.0,0.0,0.019953798850398413,216.62441879067723,0.0,0.0,-999.9274407314531,0.0,0.0,0.0,0.0,0.0,0.0,0.0,0.0,0.0,0.0,0.0,0.0,0.0,0.0,0.0,0.0,0.0,0.0,0.0,19.046807993524656,0.0,0.0,1.3967659195251472,0.0,0.0,0.0,216.62441879067723,0.0,111.80284801112425,0.0,0.0,0.0,-2.2674771420862685,0.0,0.0,0.0,0.0,0.0,0.0,0.0,0.0,0.0,0.0,0.0,0.0,0.0,0.0,0.0,0.0,0.0,0.0,-0.018139817136690148,0.0,0.0,0.9069908568345074,-212.82064845596986,0.0,0.0,0.0,0.0,427.81282990796666,0.0,0.0,0.0,1.5618382554690609,0.4534954284172537,0.0,0.0,0.0,0.018139817136690148,0.0,18.139817136690148,-5.623343312373946,3.6279634273380297,0.12957012240492963,50.61008981136551,-0.013604862852517611,0.9069908568345074,0.362796342733803,-0.09069908568358187,-50.61008981136551,5.441945141007045,-0.018139817136690148,0.0,247.269591854077,0.004534954284172537,0.12957012240492963,0.0,-2.887858888161418,-0.362796342733803,-172.7563152546308,-0.018139817136690148,0.004534954284172537,-50.61008981136551,383.35037219829223,0.018139817136690148,0.018139817136690148,-216.58632517469013,0.019953798850359163,-237.78512832761012,-0.013604862852517611,5.441945141007045,0.018139817136690148,148.28131225099176,133.76945854163966,-0.009069908568345074,166.5657608851552,325.08315309574596,-0.013604862852517611,-0.018139817136690148,-5.623343312373946,0.018139817136690148,1.8139817136690148,-0.362796342733803,0.0,0.0,-1.8139817136690226,172.7563152546308,0.0,3.6279634273380297,0.027209725705035222,-1000.0,1.8139817136690148,-190.49679484850017,247.269591854077,-3.6279634273380297,0.009069908568345074,0.1813981713669015,76.95120083734652,-32.79543288414216,-0.018139817136690148,-220.70587764643255,216.58632517469013,5.623343312373946,0.018139817136690148,2.887858888161418,-298.87394630455907,247.269591854077,-0.018139817136690148,-0.004534954284172537,-247.269591854077,-0.018139817136690148,-98.18601828633099,0.0181398171366542,-0.004534954284172537,-0.004534954284172537,-0.004534954284172537,7.255926854676059,-133.76945854163966,0.1813981713669015,179.88749961873168,-0.004534954284172537,153.90240167469304,0.9069908568345074,50.0,0.018139817136690148,0.009069908568345074,0.009069908568345074,75.0,5.623343312373946,0.018139817136690148,-5.623343312373946,0.1813981713669015,0.018139817136690148,-512.7838248139042,0.018139817136690148,0.0725592685469231,0.09069908568358187,0.009069908568345074,0.004534954284172537,5.441945141007045,-0.018139817136690148,237.78512832761012,0.1813981713669015,-359.77499923746336,0.45349542841725377,-1.8139817136690148,3.6279634273380297,0.9069908568345074,-0.018139817136690148,0.0,0.027209725705035222,-0.018139817136690148,-150.0,5.623343312373946,255.8615917829867,0.009069908568345074,-100.0,-0.018139817136690148,-0.0181398171366542,-0.01813981713669014,0.009069908568345074,50.61008981136551,-3.6279634273380297,0.018139817136690148,153.90240167469304,-0.004534954284172537,-0.019953798850359163,-153.90240167469304,2.720972570503522,-325.08315309574596,519.9776933307134,50.61008981136551,-0.013604862852517611,220.70587764643255,32.79543288414216,0.018139817136690148,-0.00453495428417254,0.9069908568345074,18.139817136690148,-0.009069908568345074,-0.018139817136690148,0.004534954284172537,0.0,0.0,699.9909300914317,332.8963251951725,-255.0,0.0,134.42071096583908,-140.0,381.5363904846232,-80.0,-213.8938289522149,-296.297450493929,-300.0,40.0,127.5,106.94691447610745,-381.5363904846232,70.0,-216.62441879067723,-85.11261323803002,300.0,296.297450493929,-85.11261323803002,-134.42071096583908,215.74033777836456,0.0,1496.5981,hplb
308,0.0,0.0,0.0,0.0,0.0,0.0,0.0,0.0,139.58438263955452,0.0,0.0,0.0,0.0,0.0,0.0,0.0,-102.46437323681957,294.98724068243405,0.0,0.0,0.0,0.0,0.0,274.2777614817147,0.0,0.0,0.0,0.0,0.0,-145.44050499140374,136.27157412365747,-136.27157412365747,87.46936685996715,0.0,0.0,0.0,0.0,58.83027928599222,0.0,-1000.0,809.6112401547966,0.0,0.0,109.73301317387106,0.0,0.0,0.0,0.0,0.0,0.0,0.0,0.0,0.0,0.023126698855947803,0.0,0.0,0.0,0.0,0.0,0.0,72.58468807792053,0.0,1000.0,713.0044371407414,0.0,0.0,0.0,0.0,595.4000921034224,-557.8891896653244,0.0,0.21024271687206375,0.0,0.0,0.0,0.0,0.0,0.0,0.0,344.52343125502824,0.0,0.0,0.0,0.0,12.614563012323826,0.0,0.0,853.9152512924287,-632.3209808173351,868.4642237337013,-0.005256067921801593,0.0,0.0,0.0,6.307281506161913,0.0,157.956359534303,-136.94855567198562,0.0,0.0,0.0,1.0512135843603188,-145.44050499140374,0.0,0.0,-52.06599673574556,0.0,0.0,0.0,0.0,0.0,0.0,0.0,0.0,0.0,0.0,0.0,0.0,0.0,0.0,0.0,0.0,0.0,0.0,-636.2173651574514,0.0,0.0,157.956359534303,0.0,6.517524223033976,6.517524223033976,0.0,-1000.0,1000.0,0.0,0.0,331.3056674930128,0.0,0.0,-690.8859184301919,0.0,0.0,0.0,0.0,0.0,1.6188689199148898,0.021024271687206372,0.0,0.0,0.0,0.0,0.0,0.0,0.0,0.0,0.0,60.37837236037632,0.0,0.0,0.0,0.0,0.0,376.62859782974976,376.62859782974976,0.0,0.0,0.0,0.0,459.70512131171574,0.0,0.0,512.9211962250945,0.0,0.0,0.0,-1000.0,0.0,0.0,0.0,0.0,0.0,0.0,0.0,0.0,0.0,0.0,0.0,0.0,0.0,0.0,0.0,-1000.0,0.0,0.0,0.0,0.0,0.0,0.0,0.0,-236.14324291636615,236.14324291636615,322.06934849908106,0.0,0.0,0.0,0.0,0.0,0.0,0.0,-681.832888298342,0.0,0.0,0.0,0.0,0.0,0.0,0.0,0.0,0.0,0.0,0.0,0.0,0.0,227.26612034632538,60.05878670302364,247.9048782282233,0.0,0.0,0.0,0.0,-47.87558477670922,0.0,0.0,0.0,0.0,72.58468807792053,138.17186505435225,136.27157412365747,0.0,0.0,0.0,0.0,0.0,0.0,0.0,0.0,4.204854337441275,151.6490780281411,0.0,765.968314089351,369.790576188382,617.7720083760626,0.0,-247.9048782282233,0.0,0.0,359.58025093717913,25.649611458391778,0.0,0.0,0.0,-144.69090884787818,0.0,0.0,-375.48155158997326,-375.48155158997326,0.0,0.0,0.0,375.48155158997326,-868.4642237337013,0.0,-795.0712535263608,0.0,0.0,-202.5009972689981,0.0,0.0,0.0,-515.4014214362771,0.0,515.4014214362771,0.0,1000.0,37.51090243809807,0.0,0.0,0.0,0.0,0.0,72.58468807792053,-0.03153640753080956,0.0,0.0,0.0,0.0,0.021024271687206372,0.0,0.0,0.0,567.8498767433251,-102.46437323681957,0.0,-351.3193508508305,101.48711781326415,0.0,967.5675996890997,0.0,1000.0,0.0,-52.06599673574556,0.0,0.0,0.0,-1.8101897922684893,-868.0867313768799,-130.1030788308516,-1000.0,-1000.0,0.0,0.0,0.0,0.0,0.0,0.0,0.0,0.0,0.0,0.0,0.0,0.0,0.0,0.0,0.0,0.0,0.0,-941.0856236272589,0.0,-1000.0,0.0,0.0,0.0,0.0,0.0,0.0,134.65270520374258,0.0,0.0,0.0,0.0,0.0,0.0,800.6056902424065,-318.95895204903593,0.0,272.6866392734575,0.0,-1.0512135843603188,101.79389700402812,0.0,-800.6056902424065,317.9077384646756,-889.154550538854,-0.5256067921801594,0.0,1000.0,0.0,0.0,215.7710650082945,-695.3153760329445,157.956359534303,0.0,0.0,0.0,0.0,0.0,139.60540691124172,0.0,-227.26612034632538,227.26612034632538,227.26612034632538,302.8611423983043,0.0,0.0,-487.1208523182799,0.0,0.0,0.0,0.0,0.0,-214.41087478133807,0.0,843.7499999999695,0.0,0.0,0.0,0.0,0.0,-97.89757283127936,0.042048543374408116,0.0,0.0,0.0,0.0,0.0,0.0,0.0,0.0,0.0,0.0,0.0,0.0,0.0,0.0,0.0,0.0,0.0,0.0,0.0,0.023126698855947803,0.023126698855947803,136.27157412365747,503.0612660088841,0.0,12.614563012323826,0.0,0.0,0.0,318.930277897974,0.0,571.0281751802277,0.0,0.0,0.0,374.7619512793532,-318.930277897974,0.0,0.0,0.0,0.0,0.0,0.0,0.0,0.0,0.0,0.0,0.0,0.0,0.0,212.07245505248378,-567.8498767433251,0.0,0.0,1.6188689199148898,0.0,-537.4850025419632,537.4850025419632,263.2912388195914,0.0,374.7619512793532,0.0,169.54112122533385,107.32325722273995,1000.0,-1000.0,227.26612034632538,0.0,0.0,0.0,0.0,0.0,0.0,0.0,0.0,0.0,0.0,0.0,0.0,0.0,12.614563012323826,359.58025093717913,359.58025093717913,0.0,0.0,0.0,0.0,0.0,0.0,0.0,0.0,0.0,0.0,0.21024271687206375,0.0,136.27157412365747,0.0,0.0,136.27157412365747,0.0,0.0,0.0,157.956359534303,0.0,0.0,0.0,0.0,0.0,0.0,0.0,0.0,0.0,0.0,878.802283592775,0.0,0.0,6.307281506161913,6.307281506161913,1000.0,-318.930277897974,0.0,0.0,0.0,0.0,0.0,0.0,0.0,810.1888636303543,0.0,955.1425758743226,0.021024271687206372,0.0,0.0,0.0,1.6954573382039995,0.0,0.0,0.0,0.0,-37.51090243809807,0.0,0.0,0.0,0.0,0.0,0.0,0.0,0.0,0.0,0.0,0.0,0.0,0.021024271687206372,0.0,0.0,0.0,780.3541234987865,-780.3541234987865,0.0,0.0,0.0,0.0,0.0,134.65270520374258,0.0,0.0,-58.914376372741096,-1.5768203765404782,0.0,-1.0512135843603188,0.0,0.0,0.0,0.0,0.0,0.0,0.0,0.0,0.0,0.0,0.0,359.58025093717913,0.0,0.0,0.0,-694.2641624485842,0.0,0.0,0.0,139.58438263955452,0.0,0.0,0.021024271687206372,0.0,0.021024271687206372,0.0,0.0,0.0,12.614563012323826,25.649611458391778,25.649611458391778,0.0,0.0,0.0,0.0,0.0,0.0,0.0,0.0,0.0,0.0,0.0,0.0,0.0,0.0,0.0,0.0,0.0,0.0,0.0,0.0,0.0,0.0,0.0,0.0,0.0,0.0,0.0,274.19376372237184,0.0,0.0,0.0,0.03153640753080956,0.0,0.0,0.0,-157.956359534303,0.0,0.0,0.0,0.0,0.0,-503.0612660088841,1.0512135843603188,0.0,0.0,0.0,0.0,-459.70512131171574,-21.778099956545205,-1.0512135843603188,0.0,843.7499999999695,0.0,0.0,0.0,0.0,0.0,359.58025093717913,0.0,0.0,62.94944249314187,275.79514566255875,0.0,320.79514566255875,-52.06599673574556,0.0,112.87460524719738,0.0,-112.87460524719738,0.0,0.0,0.0,1.0512135843603188,1000.0,0.0,0.0,-136.27157412365747,-214.41087478133807,0.0,0.0,-796.8437500000007,796.8437500000007,0.0,0.0,0.0,0.0,0.0,0.0,-3.153640753080964,25.649611458391778,0.0,0.0,0.0,136.27157412365747,0.0,0.0,0.0,0.0,0.0,0.0,0.0,0.0,504.6380863854246,-1.6954573382039995,0.0,0.0,6.307281506161913,0.0,0.0,0.0,0.0,-134.55713579114584,0.0,0.0,0.023126698855947803,0.0,0.0,0.0,12.824805729195889,0.0,0.0,0.0,0.0,60.05878670302364,0.0,0.0,0.0,0.0,0.0,0.0,0.0,0.0,0.0,0.0,0.0021024271687206976,0.0021024271687206976,0.0,0.0,0.0,0.0,0.0,0.0,0.0,0.0,0.0,0.0,136.27157412365747,0.0,0.0,0.0,0.0,503.0612660088841,0.0,0.0,0.0,0.0,0.0,0.0,0.0,0.0,0.0,0.0,0.0,0.0,0.0,-1000.0,294.98724068243405,0.0,0.0,0.0,12.614563012323826,0.0,0.0,0.0,0.0,0.0,0.0,-12.614563012323826,0.0,0.0,0.0,0.0,0.0,0.0,0.0,0.0,0.0,136.27157412365747,136.27157412365747,0.0,-1000.0,-335.2516413610495,14.401626105736366,-1000.0,842.043640465697,0.0,58.83027928599222,0.0,0.0,0.0,0.0,0.0,0.0,0.0,0.0,0.0,0.0,0.0,0.0,0.0,0.0,0.0,0.0,0.0,-2.628033960900797,359.58025093717913,-1.5768203765404782,1.5768203765404865,0.0,0.0,0.0,0.0,0.0,-0.2628033960900797,0.0,214.41087478133807,0.0,0.0,0.0,0.0,0.0,0.0,0.0,955.1425758743226,6.307281506161913,6.307281506161913,0.0,0.0,0.0,0.0,344.52343125502824,0.023126698855947803,503.0612660088841,0.0,0.0,-58.83027928599222,0.0,0.0,0.0,0.0,0.0,0.0,0.0,0.0,0.0,0.0,0.0,0.0,0.0,0.0,0.0,0.0,0.0,6.517524223033976,0.0,22.075485271566695,0.0,0.0,1.6188689199148898,0.0,0.0,0.0,503.0612660088841,0.0,-115.17045571544041,0.0,0.0,0.0,-2.628033960900797,0.0,0.0,0.0,0.0,0.0,0.0,0.0,0.0,0.0,0.0,0.0,0.0,0.0,0.0,0.0,0.0,0.0,0.0,-0.021024271687206372,0.0,0.0,1.0512135843603188,-374.7619512793532,0.0,0.0,0.0,0.0,359.58025093717913,0.0,0.0,0.0,1.8101897922684893,0.5256067921801594,0.0,0.0,0.0,0.021024271687206372,0.0,21.024271687206372,0.0,4.204854337441275,0.15017336919433125,71.69276645337374,-0.01576820376540478,1.0512135843603223,0.4204854337441275,-0.1051213584360795,-71.69276645337374,6.307281506161913,-0.021024271687206376,17.35533224524852,0.0,0.005256067921801594,0.15017336919433125,-52.06599673574556,-3.3470640526033435,135.85108868991335,-192.52286744561448,-0.021024271687206376,0.005256067921801594,-71.69276645337374,436.73756472828035,0.021024271687206376,0.021024271687206372,-503.01711503834093,0.023126698855927073,-81.23494621975539,-0.01576820376540478,6.307281506161913,0.021024271687206376,157.956359534303,141.13694218453793,-0.010512135843603186,124.98856733087018,45.75213333630138,-0.01576820376540478,-0.021024271687206376,0.0,0.021024271687206372,2.1024271687206375,-0.4204854337441275,274.19376372237184,274.19376372237184,-2.1024271687206237,192.52286744561448,-274.19376372237184,4.204854337441275,0.03153640753080956,147.77668957394485,2.1024271687206375,-212.07245505248378,0.0,-4.204854337441275,0.010512135843603186,0.21024271687206375,87.82983771270763,280.0,-0.021024271687206372,-507.7917271385055,503.01711503834093,6.517524223033976,0.021024271687206376,3.3470640526033435,-611.5133416123481,0.0,-0.021024271687206372,-0.005256067921801593,0.0,-0.021024271687206376,-97.89757283127936,0.021024271687224427,-0.005256067921801593,-0.005256067921801593,-0.005256067921801593,8.40970867488255,-141.13694218453793,0.21024271687206375,15.576357286259054,-0.005256067921801593,158.30434318016674,1.0512135843603188,50.0,0.021024271687206372,0.010512135843603186,0.010512135843603188,-16.653024050328398,0.0,0.021024271687206372,0.0,0.21024271687206375,0.021024271687206376,-15.576357286259054,0.021024271687206376,0.08409708674887639,0.1051213584360795,0.010512135843603186,0.005256067921801594,6.307281506161913,-0.021024271687206376,81.23494621975539,-67.92554434495668,-31.152714572518107,0.5256067921801559,-2.1024271687206375,4.204854337441275,1.0512135843603188,-0.021024271687206376,52.06599673574556,0.03153640753080956,-0.021024271687206376,33.306048100656795,0.0,199.92240413183927,0.010512135843603188,-100.0,-0.021024271687206376,-0.021024271687224427,-0.02102427168720638,0.010512135843603188,71.69276645337374,-4.204854337441275,0.021024271687206372,175.65967542541526,-0.005256067921801593,-0.023126698855927073,-175.65967542541526,3.1536407530809556,-45.75213333630138,-454.42076926982713,71.69276645337374,-0.01576820376540478,507.7917271385055,-280.0,0.021024271687206376,-0.005256067921801593,1.0512135843603188,21.024271687206372,-0.010512135843603186,-0.021024271687206376,0.005256067921801593,129.30646833036553,0.0,-147.78720170978846,0.0,-255.0,0.0,322.9924270037681,-140.0,434.6351375595597,517.9432916384704,-255.0,-325.0,0.0,-258.9716458192352,127.5,127.5,-434.6351375595597,70.0,-503.0612660088841,-65.36526834069343,0.0,325.0,-65.36526834069343,-322.9924270037681,466.20167072369776,0.0,1496.5981,hplb
309,0.0,0.0,0.0,0.0,0.0,0.0,0.0,0.0,-0.00163447725787207,0.0,0.0,0.0,0.0,0.0,0.0,0.0,112.99497494926975,-29.53884499045232,0.0,0.0,0.0,0.0,0.0,215.41984047840901,0.0,0.0,0.0,0.0,0.0,358.40285672439677,82.24740632840503,-82.24740632840503,0.0,0.0,0.0,0.0,0.0,674.1553407597385,0.0,-1000.0,900.1634477257873,0.0,0.0,-274.6935067046521,0.0,0.0,0.0,0.0,528.6021683263335,-66.1253254295417,0.0,0.0,0.0,0.0017979249836608932,0.0,0.0,0.0,0.32689545157441396,0.0,0.0,49.34572187530873,0.0,0.0,-289.7285649876014,0.0,0.0,0.0,0.0,0.0,347.1967637042473,0.0,0.0163447725787207,0.0,0.0,0.0,0.0,0.0,0.0,0.0,0.0,0.0,0.0,-243.46164823469073,0.0,0.980686354723242,0.0,27.535496073016926,0.0,-417.73559358620344,887.0074767666171,-0.0004086193144680174,0.0,0.0,603.3807184545973,0.490343177361621,0.0,99.83655227421279,0.0,0.0,0.0,0.0,936.0546289532667,358.40285672439677,0.0,0.0,-23.279810789606277,0.0,0.0,0.0,0.0,0.0,0.0,0.0,0.0,0.0,0.0,0.0,0.0,0.0,0.0,0.0,0.0,0.0,0.0,-174.3718644634698,0.0,0.0,99.83655227421279,0.0,0.5066879499403416,0.5066879499403416,0.0,-125.67920646487478,0.0,125.67920646487478,-125.67920646487478,0.0,0.0,0.0,-339.0742868629101,0.0,0.0,0.0,0.0,0.0,271.1229990565638,0.00163447725787207,0.0,0.0,0.0,-1000.0,0.0,0.0,0.0,198.48882816787318,0.0,217.25916365910652,0.0,0.0,0.0,0.0,0.0,-353.023573218516,-353.023573218516,0.0,0.0,0.0,0.0,1000.0,0.0,0.0,-270.7745324128531,0.0,0.0,0.0,0.0,-296.6806411116596,0.0,0.0,0.0,0.0,0.0,0.0,0.0,0.0,0.0,0.0,0.0,0.0,0.0,0.0,-1000.0,0.0,0.0,0.0,0.0,0.0,66.1253254295417,0.0,-196.45110490808725,196.45110490808725,339.0742868629101,0.0,0.0,0.0,0.0,0.0,0.0,0.0,-460.4108606091135,0.0,0.0,0.0,0.0,0.0,0.0,0.0,0.0,0.0,0.0,0.0,0.0,0.0,0.0,1000.0,-1000.0,0.0,0.0,0.0,0.0,-339.0742868629101,0.0,0.0,0.0,0.0,49.34572187530873,-725.3064932953479,82.24740632840503,0.0,181.25343864351248,0.0,0.0,0.0,0.0,0.0,82.30003649610865,0.0,99.34620909685117,0.0,1000.0,778.7155113218838,332.1510634182463,0.0,1000.0,0.0,0.0,339.0742868629101,-297.833963487117,0.0,0.0,0.0,-92.58082801491537,0.0,0.0,-1000.0,0.0,0.0,-999.9999999999999,0.0,0.0,-614.1866984942908,0.0,-754.592118224873,66.1253254295417,0.0,5.5735674493437575,0.0,0.0,0.0,108.9075870812942,0.0,-108.9075870812942,0.0,-353.38428958641964,0.0,0.0,-33.794459158316954,0.0,0.0,0.0,49.34572187530873,-0.0024517158868081045,0.0,0.0,0.0,0.0,0.00163447725787207,0.0,0.0,0.0,817.8634112296786,112.99497494926975,0.0,-620.2332644598844,844.1409037623198,296.6806411116596,1000.0,0.0,873.2518608266316,0.0,-23.279810789606277,0.0,0.0,0.0,-0.1407284919027868,0.0,-873.1111323347288,516.4898803342354,-1000.0,0.0,0.0,0.0,0.0,0.0,0.0,0.0,0.0,0.0,0.0,0.0,0.0,0.0,0.0,0.0,0.0,181.25343864351248,-38.620558787965805,0.0,-1000.0,198.48882816787318,325.84465924026154,0.0,0.0,0.0,0.0,640.1528553689444,0.0,44.97282006681755,0.0,0.0,935.9729050903732,0.0,0.0,-182.41309220359813,0.0,0.0,-571.637671075609,-86.31015510707766,870.9103087070041,0.0,0.0,-285.655084204482,-498.822483601104,-0.040861931446801746,86.22843124418407,0.0,0.0,0.0,1000.0,-332.01422023918985,99.83655227421279,0.0,0.0,0.0,0.0,0.0,0.0,0.0,0.0,0.0,0.0,224.67598464303165,0.0,0.0,0.0,0.0,0.0,0.0,0.0,0.0,-185.3118509662588,0.0,0.0,0.0,0.0,0.0,0.0,0.0,-99.83655227421279,0.003268954515745231,0.0,0.0,0.0,0.0,0.0,0.0,0.0,0.0,0.0,347.1967637042473,0.0,0.0,0.0,0.0,0.0,0.0,0.0,0.0,0.0,0.0017979249836608932,0.0017979249836608932,82.24740632840503,279.6731045484256,0.0,0.980686354723242,0.0,0.0,0.0,911.6352136233172,0.0,222.0240326071965,27.535496073016926,0.0,0.0,535.8750390497291,-911.6352136233172,0.0,0.0,0.0,0.0,0.0,0.0,0.0,0.0,0.0,0.0,0.0,0.0,0.0,58.123954821156595,-817.8634112296786,1000.0,0.0,27.66135082187307,0.0,-0.8271145219394685,604.2078329765367,604.2078329765367,0.0,368.49095336274036,0.0,0.0,436.03848677551633,0.0,0.0,0.0,0.0,0.0,0.0,0.0,0.0,0.0,0.0,0.0,0.0,0.0,0.0,0.0,0.0,0.980686354723242,339.0742868629101,339.0742868629101,0.0,0.0,0.0,0.0,0.0,0.0,0.0,0.0,0.0,0.0,0.0163447725787207,0.0,82.24740632840503,27.535496073016926,-27.535496073016926,82.24740632840503,0.0,0.0,0.0,99.83655227421279,0.0,0.0,0.0,0.0,0.0,0.0,0.0,0.0,0.0,0.0,0.0,-295.6424867264404,0.0,0.490343177361621,0.490343177361621,1000.0,-911.6352136233172,0.0,0.0,0.0,0.0,0.0,0.0,0.0,-758.9915601133584,0.0,-561.6378790061806,0.00163447725787207,0.0,0.0,-11.772491802591869,11.904300718601695,53.27693069500024,0.0,-603.3807184545973,0.0,0.0,0.0,0.0,0.0,0.0,12.875698898999136,0.0,0.0,0.0,0.0,0.0,0.0,0.0,0.00163447725787207,0.0,0.0,0.0,0.0,0.0,0.0,0.0,0.0,325.84465924026154,-314.874324564238,1000.0,0.0,0.0,-961.3794412120342,-0.12258579434040524,0.0,-0.08172386289360349,0.0,0.0,0.0,0.0,0.0,0.0,0.0,0.0,0.0,0.0,0.0,339.0742868629101,296.6806411116596,0.0,0.0,-331.9324963762962,0.0,0.0,0.0,-0.00163447725787207,0.0,0.0,0.00163447725787207,0.0,0.00163447725787207,38.62709669699741,0.0,0.0,0.980686354723242,1.9940622546039253,1.9940622546039253,0.0,0.0,0.0,0.0,0.0,0.0,44.97282006681755,1000.0,0.0,0.0,0.0,0.0,0.0,0.0,0.0,0.0,0.0,0.0,0.0,0.0,0.0,0.0,0.0,0.0,0.0,0.0,0.0,0.0,0.0,0.0,0.0,0.0024517158868081045,0.0,0.0,0.0,-99.83655227421279,0.0,0.0,0.0,0.0,0.0,-279.6731045484256,0.08172386289360349,0.0,0.0,0.0,0.0,-1000.0,0.0,-0.08172386289360349,0.0,0.0,0.0,0.0,0.0,0.0,0.0,339.0742868629101,0.0,0.0,0.0,279.6731045484256,0.0,539.7934490481205,29.99711990539393,0.0,955.0271799331824,44.97282006681755,-1000.0,198.48882816787318,-299.8280257417209,0.0,0.08172386289360349,1000.0,0.0,0.0,-82.24740632840503,-240.38284311229265,0.0,0.0,808.2732744302083,-808.2732744302083,0.0,-911.3284845932119,0.0,0.0,0.0,279.795690342766,-280.0408619314466,1.9940622546039253,0.0,0.0,0.0,82.24740632840503,0.0,0.0,0.0,0.0,0.0,82.30003649610865,0.0,0.0,0.0,-347.32857262025715,627.9957822409418,0.0,0.490343177361621,27.535496073016926,0.0,0.0,0.0,56.59314820884734,0.0,0.0,0.0017979249836608932,0.0,0.0,0.0,0.9970311273019626,0.0,0.0,0.0,0.0,1000.0,0.0,0.0,0.0,0.0,0.0,0.0,0.0,0.0,0.0,0.0,0.00016344772578720697,0.00016344772578720697,0.0,0.0,0.0,0.0,0.0,38.62709669699741,0.0,0.0,0.0,-11.772491802591869,82.24740632840503,0.0,0.0,0.0,0.0,279.6731045484256,0.0,0.0,0.0,0.0,0.0,0.0,0.0,66.1253254295417,0.0,0.0,0.0,55.07099214603385,0.0,0.0,-29.53884499045232,0.0,0.0,0.0,0.980686354723242,0.0,0.0,0.0,0.0,0.0,-0.980686354723242,0.0,0.0,55.07099214603385,0.0,0.0,0.0,0.0,0.0,0.0,0.0,82.24740632840503,82.24740632840503,0.0,428.1615705450105,115.90117694527373,1.1196169216423681,0.0,-99.83655227421279,0.0,961.3729033030025,0.0,0.0,0.0,0.0,0.0,0.0,0.0,0.0,0.0,143.22916666666666,0.0,-143.2291666666667,-143.22916666666666,0.0,0.0,0.0,0.0,-0.20430965723400873,339.0742868629101,-936.0954908847135,279.9182761371062,0.0,0.0,0.0,0.0,0.0,0.0,-0.020430965723400876,383.800679134132,0.0,0.0,0.0,0.0,0.0,0.0,0.0,866.5236915388299,0.490343177361621,0.490343177361621,0.0,0.0,0.0,0.0,0.0,0.0017979249836608932,279.6731045484256,0.0,0.0,-1000.0,0.0,0.0,0.0,0.0,0.0,0.0,0.0,0.0,0.0,0.0,0.0,0.0,0.0,0.0,19.313548348498706,0.0,0.0,0.5066879499403416,0.0,1.7162011207656735,72.63417088869062,0.0,0.0,0.0,0.0,0.0,279.6731045484256,0.0,0.0,0.0,0.0,0.0,-0.20430965723400873,0.0,0.0,0.0,0.0,0.0,0.0,0.0,0.0,0.0,0.0,0.0,0.0,0.0,0.0,0.0,0.0,0.0,0.0,-0.00163447725787207,0.0,0.0,0.08172386289360349,-535.8750390497291,0.0,0.0,0.0,0.0,339.0742868629101,0.0,0.0,0.0,0.1407284919027868,0.040861931446801746,0.0,0.0,0.0,0.00163447725787207,0.0,1.6344772578720697,0.0,0.32689545157441396,0.01167483755622907,5.5735674493437575,-0.0012258579434040523,468.06817640808015,0.0326895451574414,38.61892431070793,-5.5735674493437575,0.490343177361621,-0.00163447725787207,7.759936929868759,0.0,0.0004086193144680175,0.01167483755622907,-23.279810789606277,-27.795704852470216,82.2147167832476,-83.45612995881743,-0.0016344772578720697,0.0004086193144680175,-5.5735674493437575,0.16344772578720698,0.00163447725787207,0.00163447725787207,-279.6696721461841,-27.533698148033267,0.0,-0.0012258579434040523,0.490343177361621,0.00163447725787207,99.83655227421279,98.52897046791513,-0.000817238628936035,-170.69954207989397,338.90920465986505,-0.0012258579434040523,-0.00163447725787207,0.0,0.00163447725787207,0.16344772578720698,-0.0326895451574414,0.0,0.0,-0.16344772578720698,83.45612995881743,0.0,0.32689545157441396,0.0024517158868081045,-1000.0,0.16344772578720698,-58.123954821156595,0.0,-0.32689545157441396,0.0008172386289360348,0.0163447725787207,155.0583161149711,280.0,-0.00163447725787207,-280.0408619314466,279.6696721461841,0.5066879499403416,0.00163447725787207,27.795704852470216,-101.30758180629762,0.0,-0.00163447725787207,-0.0004086193144680174,0.0,-0.00163447725787207,-99.83655227421279,0.001634477257758383,-0.0004086193144680174,-0.0004086193144680174,-0.0004086193144680174,0.6537909031488279,-98.52897046791513,0.0163447725787207,1.210943338426091,-0.0004086193144680174,302.3566953000734,0.08172386289360349,50.0,0.00163447725787207,0.0008172386289360348,0.000817238628936035,0.16344772578720698,0.0,0.00163447725787207,0.0,0.0163447725787207,0.00163447725787207,-1.210943338426091,0.00163447725787207,0.006537909031607114,-38.61892431070793,0.000817238628936035,0.0004086193144680175,0.490343177361621,-0.00163447725787207,0.0,-41.1073583916238,-2.421886676852182,468.02731447663336,-0.16344772578720698,0.32689545157441396,0.08172386289360349,-0.00163447725787207,23.279810789606277,0.0024517158868081045,-0.00163447725787207,-0.3268954515744156,0.0,129.29633292123228,0.000817238628936035,-100.0,-0.00163447725787207,-0.001634477257758383,-0.001634477257872074,0.000817238628936035,5.5735674493437575,-0.32689545157441396,0.00163447725787207,310.1166322299422,-0.0004086193144680174,27.533698148033267,-310.1166322299422,0.24517158868081043,-338.90920465986505,729.206923310441,5.5735674493437575,-0.0012258579434040523,280.0408619314466,-280.0,0.0016344772578720697,-0.00040861931446801525,0.08172386289360349,1.6344772578720697,-0.0008172386289360348,-0.00163447725787207,0.0004086193144680174,200.48612374744897,0.0,727.1784044890447,0.0,-255.0,0.0,-343.6049567034513,29.960997957994987,0.0,-80.0,-255.0,459.87965550030515,-272.8207782723263,40.0,127.5,127.5,0.0,-14.980498978997494,-279.6731045484256,-185.88948113007962,272.8207782723263,-459.87965550030515,-185.88948113007962,343.6049567034513,-121.23041131147045,0.0,1496.5981,hplb
310,0.0,0.0,0.0,0.0,0.0,0.0,0.0,0.0,276.2473938312667,0.0,0.0,0.0,0.0,0.0,0.0,0.0,-550.8612270216033,606.3527892486799,0.0,235.98483661441043,0.0,0.0,0.0,0.0,0.0,0.0,0.0,0.0,0.0,-493.7744166032929,0.0,0.0,60.43936100235618,0.0,0.0,0.0,0.0,642.0523328771559,0.0,-1000.0,95.47532101890427,0.0,0.0,0.0,0.0,0.0,0.0,0.0,475.63489019608767,-839.4245543507755,0.0,0.0,0.0,0.025983715193092394,0.0,0.0,0.0,4.724311853292067,0.0,0.0,-169.75502648423407,0.0,292.70343522080094,122.94840873656688,0.0,0.0,0.0,0.0,0.0,0.0,0.0,0.23621559266460337,0.0,0.0,0.0,0.0,0.0,0.0,0.0,0.0,0.0,0.0,0.0,0.0,14.172935559876201,0.0,167.67475449816774,750.4825591191033,-33.142636719129655,550.896659360503,-0.005905389816615084,0.0,0.0,-79.03860253785507,7.086467779938101,0.0,7.086467779938101,0.0,0.0,0.0,0.0,240.91109155425167,-493.7744166032929,0.0,0.0,-79.03860253785507,0.0,0.0,0.0,0.0,0.0,0.0,0.0,0.0,0.0,0.0,0.0,0.0,0.0,0.0,0.0,0.0,0.0,0.0,-420.776875743883,0.0,0.0,7.086467779938101,0.0,7.322683372602704,7.322683372602704,0.0,0.0,0.0,0.0,0.0,0.0,-328.0312500000011,328.0312500000011,0.0,0.0,0.0,0.0,0.0,0.0,169.49361456168518,0.023621559266460337,0.0,0.0,0.0,715.3836427723242,-715.3836427723242,0.0,0.0,0.0,0.0,22.157768087709034,0.0,0.0,0.0,0.0,0.0,614.1525201668474,614.1525201668474,0.0,0.0,0.0,0.0,1000.0,0.0,0.0,614.1761417261138,0.0,0.0,0.0,801.3361257195876,0.0,0.0,0.0,0.0,0.0,0.0,0.0,0.0,0.0,0.0,-646.1892552900221,0.0,0.0,0.0,0.0,-296.4155836390965,0.0,0.0,0.0,0.0,0.0,839.4245543507755,0.0,-226.1174493151909,226.1174493151909,0.0,0.0,0.0,0.0,0.0,0.0,0.0,0.0,-1000.0,0.0,0.0,0.0,0.0,0.0,0.0,0.0,0.0,0.0,0.0,0.0,0.0,0.0,0.0,-90.55137629341586,569.0007534288085,0.0,0.0,0.0,0.0,0.0,0.0,0.0,0.0,0.0,-169.75502648423407,569.0007534288085,0.0,0.0,0.0,0.0,0.0,0.0,0.0,0.0,0.760614208380156,0.0,0.0,0.0,0.0,192.97481259606124,1000.0,0.0,-569.0007534288085,0.0,0.0,0.0,0.0,0.0,0.0,0.0,333.49424044489905,0.0,0.0,0.0,0.0,751.9217680189211,-751.9217680189211,751.9217680189211,0.0,-259.2600860343206,0.0,-609.8972727672915,839.4245543507755,0.0,80.54951709862974,0.0,0.0,0.0,0.0,0.0,0.0,0.0,1000.0,0.0,0.0,0.0,0.0,0.0,0.0,-169.75502648423407,-0.0354323388996905,0.0,0.0,0.0,0.0,0.023621559266460337,0.0,0.0,0.0,288.5685016507782,-550.8612270216033,0.0,-219.40416895918622,-572.0937327251121,0.0,102.56178879884237,0.0,0.0,0.0,-79.03860253785507,0.0,0.0,0.0,-2.0338162528422288,0.0,2.0338162528422288,-1000.0,-1000.0,0.0,0.0,0.0,0.0,0.0,0.0,0.0,0.0,0.0,0.0,0.0,0.0,0.0,0.0,0.0,0.0,0.0,-357.8531808857782,0.0,-1000.0,0.0,0.0,0.0,0.0,0.0,0.0,-170.25422877006534,0.0,0.0,0.0,0.0,239.73001359092865,-594.5690568768407,0.0,-620.8524805932766,-520.1595458191905,594.5690568768407,0.0,-1.1810779633230168,-33.840245805131076,0.0,0.0,228.5175674884162,0.0,519.569006837529,0.0,-250.78012430942863,0.0,-15.354013523199217,51.43489228755084,0.0,7.086467779938101,0.0,0.0,0.0,0.0,0.0,276.2710153905332,0.0,0.0,0.0,0.0,329.314290684563,0.0,0.0,-888.8953648869224,0.0,0.0,0.0,0.0,0.0,-4.160543972132643,0.0,0.0,0.0,0.0,0.0,0.0,0.0,-97.63784407335396,0.047243118533060624,0.0,0.0,0.0,0.0,0.0,0.0,0.0,0.0,0.0,0.0,0.0,0.0,0.0,0.0,0.0,0.0,0.0,0.0,0.0,0.025983715193092394,0.025983715193092394,0.0,275.2756881467079,0.0,14.172935559876201,0.0,0.0,0.0,1000.0,0.0,0.0,167.67475449816774,0.0,0.0,192.5541560896213,-1000.0,0.0,0.0,0.0,0.0,0.0,0.0,0.0,0.0,0.0,0.0,0.0,0.0,0.0,140.25895858129434,-288.5685016507782,0.0,271.288828346073,169.49361456168518,0.0,-79.03860253785507,0.0,0.0,0.0,192.5541560896213,0.0,0.0,94.91631201626734,0.0,0.0,0.0,0.0,0.0,0.0,0.0,0.0,0.0,0.0,0.0,0.0,0.0,0.0,0.0,0.0,14.172935559876201,0.0,0.0,0.0,0.0,0.0,0.0,0.0,0.0,0.0,0.0,0.0,0.0,0.23621559266460337,0.0,0.0,167.67475449816774,-167.67475449816774,0.0,0.0,0.0,0.0,7.086467779938101,0.0,0.0,0.0,0.0,271.288828346073,0.0,0.0,0.0,0.0,0.0,2.4093990451789544,0.0,0.0,7.086467779938101,7.086467779938101,277.23797545122295,-1000.0,0.0,0.0,0.0,0.0,0.0,0.0,0.0,493.7744166032929,0.0,1000.0,0.023621559266460337,0.0,0.0,-82.40744261814287,84.31235264755956,0.0,0.0,79.03860253785507,0.0,0.0,0.0,0.0,0.0,0.0,0.0,0.0,0.0,0.0,0.0,0.0,0.0,0.0,0.023621559266460337,0.0,0.0,0.0,700.4828956801651,-700.4828956801651,0.0,0.0,0.0,0.0,0.0,187.5989521157129,0.0,0.0,-1000.0,-1.7716169449845256,0.0,-1.1810779633230168,0.0,0.0,0.0,0.0,0.0,0.0,0.0,0.0,0.0,0.0,0.0,0.0,0.0,0.0,0.0,-14.172935559876201,0.0,0.0,0.0,276.2473938312667,0.0,0.0,0.023621559266460337,0.0,0.023621559266460337,0.0,0.0,0.0,14.172935559876201,28.81830230508161,28.81830230508161,0.0,0.0,0.0,0.0,0.0,0.0,0.0,0.0,0.0,0.0,0.0,0.0,0.0,0.0,0.0,0.0,0.0,0.0,0.0,0.0,0.0,0.0,0.0,0.0,0.0,0.0,0.0,0.0,0.0,-731.851667008173,731.851667008173,0.0354323388996905,0.0,0.0,0.0,-7.086467779938101,0.0,0.0,0.0,0.0,0.0,-275.2756881467079,1.1810779633230168,0.0,0.0,0.0,0.0,-1000.0,528.371026978466,-1.1810779633230168,0.0,0.0,0.0,0.0,0.0,0.0,0.0,0.0,0.0,0.0,0.0,275.2756881467079,0.0,-719.8093296404695,-79.03860253785507,357.8531808857782,358.1167982084007,0.0,-715.9699790941789,0.0,-28.81830230508161,0.0,1.1810779633230168,730.854513556063,0.0,0.0,0.0,-339.51005296846813,-773.2782495441533,773.2782495441533,0.0,0.0,0.0,0.0,0.0,0.0,0.0,923.2365603817145,-280.5905389816615,28.81830230508161,0.0,521.4614377105366,521.4614377105366,-521.4614377105366,0.0,0.0,0.0,0.0,0.0,0.760614208380156,0.0,0.0,0.0,-1.9049100294166976,486.5994250630228,0.0,7.086467779938101,167.67475449816774,0.0,0.0,0.0,-121.45055791917603,0.0,0.0,0.025983715193092394,0.0,0.0,0.0,14.409151152540804,0.0,0.0,0.0,0.0,-90.55137629341586,0.0,0.0,0.0,0.0,0.0,0.0,0.0,0.0,-2.4093990451789544,0.0,396.96459561709577,0.0023621559266461013,0.0,0.0,0.0,0.0,0.0,0.0,0.0,0.0,0.0,-82.40744261814287,0.0,0.0,0.0,0.0,0.0,275.2756881467079,0.0,0.0,0.0,0.0,0.0,0.0,0.0,839.4245543507755,0.0,0.0,0.0,335.3495089963355,0.0,-1000.0,606.3527892486799,0.0,0.0,0.0,14.172935559876201,0.0,0.0,0.0,0.0,0.0,0.0,-14.172935559876201,0.0,335.3495089963355,0.0,0.0,0.0,0.0,0.0,0.0,0.0,0.0,0.0,0.0,-1000.0,-1000.0,16.180768097525334,-7.086467779938101,0.0,0.0,642.0523328771559,0.0,0.0,0.0,0.0,0.0,0.0,0.0,0.0,0.0,0.0,0.0,0.0,0.0,0.0,0.0,0.0,0.0,-2.952694908307542,0.0,-241.50163053591316,278.818922036677,0.0,0.0,0.0,0.0,0.0,-0.2952694908307542,0.0,4.160543972132643,0.0,0.0,0.0,0.0,0.0,0.0,0.0,1000.0,7.086467779938101,7.086467779938101,0.0,0.0,0.0,0.0,0.0,0.025983715193092394,275.2756881467079,0.0,0.0,-642.0523328771559,396.96223346116915,0.0,0.0,0.0,0.0,0.0,0.0,0.0,0.0,0.0,0.0,0.0,0.0,0.0,365.9258335040865,0.0,0.0,7.322683372602704,0.0,24.80263722978335,169.49361456168518,0.0,0.0,0.0,0.0,0.0,275.2756881467079,0.0,-528.371026978466,0.0,0.0,0.0,-2.952694908307542,0.0,0.0,0.0,0.0,0.0,0.0,0.0,0.0,0.0,0.0,0.0,0.0,0.0,0.0,0.0,0.0,0.0,0.0,-0.023621559266460337,0.0,0.0,1.1810779633230168,-192.5541560896213,0.0,0.0,0.0,0.0,0.0,0.0,0.0,0.0,2.0338162528422288,0.5905389816615084,0.0,0.0,0.0,0.023621559266460337,0.0,23.621559266460338,0.0,4.724311853292067,0.16872542333185955,80.54951709862974,-0.01771616944984525,121.04608475878734,0.47243118532920675,-0.11810779633235421,-80.54951709862974,7.086467779938101,-0.023621559266460337,26.34620084595169,0.0,0.005905389816615084,0.16872542333185955,-79.03860253785507,-171.43530673338833,-0.472431185329242,-291.476398841487,-0.023621559266460337,0.005905389816615084,-80.54951709862974,2.3621559266460337,0.023621559266460337,0.023621559266460337,-275.22608287224836,-167.64877078297465,0.0,-0.01771616944984525,7.086467779938101,0.023621559266460337,7.086467779938101,-11.810779633230169,-0.011810779633230168,135.9194369880011,-2.385777485912494,-0.01771616944984525,-0.023621559266460337,0.0,0.023621559266460337,2.3621559266460337,-0.47243118532920675,0.0,0.0,-2.3621559266460337,291.476398841487,0.0,4.724311853292067,0.0354323388996905,-576.9842275556864,2.3621559266460337,-140.25895858129434,0.0,-4.724311853292067,0.011810779633230168,0.23621559266460337,54.851042239796556,280.0,-0.023621559266460337,-280.5905389816615,275.22608287224836,7.322683372602704,0.023621559266460337,171.43530673338833,-28.34587111975241,0.0,-0.023621559266460337,-0.005905389816615084,0.0,-0.023621559266460337,-97.63784407335396,0.023621559266460337,-0.005905389816615084,-0.005905389816615084,-0.005905389816615084,9.448623706584135,11.810779633230169,0.23621559266460337,17.500622721539912,-0.005905389816615084,83.35588363364143,1.1810779633230168,50.0,0.023621559266460337,0.011810779633230168,0.011810779633230168,2.3621559266460337,0.0,0.023621559266460337,0.0,0.23621559266460337,0.023621559266460337,-17.500622721539912,0.023621559266460337,0.09448623706587567,0.11810779633235421,0.011810779633230168,0.005905389816615084,7.086467779938101,-0.023621559266460337,0.0,0.236215592664621,-35.001245443079824,120.45554577712583,-2.3621559266460337,4.724311853292067,1.1810779633230168,-0.023621559266460337,79.03860253785507,0.0354323388996905,-0.023621559266460337,-4.724311853292067,0.0,101.85663455852287,0.011810779633230168,-100.0,-0.023621559266460337,-0.023621559266460337,-0.023621559266460337,0.011810779633230168,80.54951709862974,-4.724311853292067,0.023621559266460337,109.70208447959311,-0.005905389816615084,167.64877078297465,-109.70208447959311,3.5432338899690508,2.385777485912494,112.84657399343018,80.54951709862974,-0.01771616944984525,280.5905389816615,-280.0,0.023621559266460337,-0.005905389816615083,1.1810779633230168,23.621559266460338,-0.011810779633230168,-0.023621559266460337,0.005905389816615084,1000.0,0.0,285.33584344987077,0.0,-255.0,0.0,376.757722017548,-140.0,0.0,176.85076035664702,-255.0,715.0850177871774,-291.63657332618243,-88.42538017832351,127.5,127.5,0.0,70.0,-275.2756881467079,19.59392336065316,291.63657332618243,-715.0850177871774,19.59392336065316,-376.757722017548,201.3707186053272,0.0,1496.5981,hplb
311,0.0,0.0,0.0,0.0,0.0,0.0,0.0,0.0,-0.0033966565029446712,0.0,0.0,0.0,0.0,0.0,0.0,0.0,295.52567014166266,-73.46530086164341,0.0,-61.218821598231386,0.0,0.0,0.0,31.492793817541212,0.0,0.0,0.0,0.0,0.0,-271.98273506204123,167.00732783352265,-167.00732783352265,0.0,0.0,0.0,0.0,0.0,55.07424150229167,0.0,-1000.0,1000.0,0.0,-341.4101166131636,-288.0358830405178,0.0,0.0,0.0,0.0,-76.91716865226724,0.0,0.0,0.0,0.0,0.0037363221532586977,0.0,0.0,0.0,0.6793313005889343,0.0,0.0,-55.96824149386691,0.0,0.0,-55.96824149386691,0.0,0.0,0.0,0.0,0.0,0.0,0.0,0.03396656502944672,0.0,0.0,0.0,0.0,0.0,0.0,0.0,0.0,0.0,0.0,0.0,0.0,2.0379939017668027,0.0,0.0,-487.39653692511183,911.7805334956594,-182.15095037815507,-0.0008491641257361679,0.0,0.0,-468.06403929366235,1.0189969508834014,0.0,1.0189969508834014,0.0,0.0,0.0,0.0,0.16983282514723358,-1000.0,0.0,0.0,-19.139577634352843,0.0,407.43060675288433,0.0,0.0,0.0,0.0,0.0,0.0,0.0,0.0,0.0,0.0,0.0,0.0,0.0,0.0,0.0,0.0,-431.08939815730025,0.0,0.0,1.0189969508834014,0.0,1.052963515912848,1.052963515912848,0.0,-1000.0,567.8664217181198,432.1335782818802,-432.13357828188026,0.0,0.0,0.0,0.0,0.0,0.0,0.0,0.0,0.0,0.26154255072673954,0.0033966565029446712,0.0,0.0,0.0,0.0,0.0,0.0,0.0,0.0,0.0,165.3435496674652,0.0,0.0,0.0,0.0,0.0,507.6086866648889,507.6086866648889,0.0,0.0,0.0,0.0,0.0,0.0,0.0,674.6194111549145,0.0,0.0,0.0,-194.39918570035775,0.0,0.0,0.0,0.0,0.0,0.0,0.0,0.0,0.0,0.0,0.0,0.0,0.0,0.0,0.0,-214.8797386098452,0.0,0.0,0.0,0.0,0.0,0.0,341.4101166131636,-429.6295831175043,429.6295831175043,0.0,0.0,0.0,0.0,0.0,0.0,0.0,728.0172649379588,-676.103913363457,0.0,0.0,0.0,0.0,0.0,0.0,0.0,0.0,0.0,0.0,0.0,0.0,0.0,402.24382308055397,-98.64133739882213,-288.0358830405178,0.0,0.0,0.0,0.0,0.0,0.0,0.0,0.0,0.0,-55.96824149386691,0.0,167.00732783352265,0.0,0.0,0.0,0.0,0.0,0.0,0.0,167.11670017291738,0.0,0.0,0.0,0.0,1000.0,-652.5331720817198,0.0,288.0358830405178,0.0,0.0,0.0,738.3572251521234,0.0,0.0,0.0,-392.185513472455,0.0,0.0,-166.5001507319152,0.0,0.0,-166.5001507319153,0.0,0.0,482.1509503781551,0.0,0.0,0.0,0.0,11.582598675041329,0.0,0.0,0.0,454.90147423458626,0.0,-454.90147423458626,0.0,674.6126178419086,0.0,0.0,0.0,0.0,0.0,0.0,-55.96824149386691,-0.0050949847544170075,0.0,0.0,0.0,0.0,0.0033966565029446712,0.0,0.0,0.0,46.74404148604442,295.52567014166266,0.0,-606.1409197819875,333.3804572680376,0.0,977.90917977115,0.0,-317.63355761968967,0.0,-19.139577634352843,0.0,0.0,0.0,317.63355761968967,0.0,0.0,-1000.0,-1000.0,0.0,0.0,0.0,0.0,0.0,0.0,0.0,0.0,0.0,0.0,0.0,0.0,0.0,0.0,0.0,0.0,0.0,-944.9121718716963,0.0,-1000.0,0.0,0.0,0.0,0.0,0.0,0.0,-0.3709148901215258,0.0,0.0,0.0,0.0,0.0,0.0,839.9132319382181,-0.16983282514723358,-247.03910725197485,0.0,0.0,-0.16983282514723358,677.5003922741918,-1000.0,-839.9132319382181,0.0,0.0,246.95419083940124,0.0,-633.8589189767688,0.0,725.8094382110448,231.48316902984203,0.0,1.0189969508834014,0.0,0.0,0.0,0.0,0.0,0.0,671.4535691563331,269.2097460757791,-269.2097460757791,-269.2097460757791,-70.25748347428157,0.0,0.0,0.0,0.0,0.0,728.0172649379588,0.0,0.0,-111.93648298773383,0.0,0.0,23.109817179733433,0.0,0.0,0.0,0.0,-99.66033434970554,0.0067933130058893485,0.0,0.0,0.0,0.0,0.0,0.0,0.0,0.0,0.0,0.0,0.0,0.0,0.0,0.0,0.0,0.0,0.0,0.0,0.0,0.0037363221532586977,0.0037363221532586977,167.00732783352265,681.564491779965,0.0,2.0379939017668027,0.0,0.0,0.0,1000.0,0.0,0.0,0.0,0.0,0.0,188.65767020323827,-1000.0,0.0,0.0,173.2351195817959,0.0,0.0,23.109817179733433,0.0,0.0,0.0,0.0,0.0,0.0,0.0,143.6964660524334,-46.74404148604442,0.0,0.0,0.26154255072673954,0.0,0.0,-468.06403929366235,-468.06403929366235,0.0,188.65767020323827,0.0,88.99733585353273,0.0,0.0,0.0,402.24382308055397,0.0,0.0,0.0,0.0,0.0,0.0,0.0,0.0,0.0,0.0,0.0,0.0,0.0,2.0379939017668027,0.0,0.0,0.0,0.0,0.0,0.0,0.0,0.0,0.0,0.0,0.0,0.0,0.03396656502944672,0.0,167.00732783352265,0.0,0.0,167.00732783352265,341.4101166131636,0.0,0.0,1.0189969508834014,-173.2351195817959,0.0,0.0,0.0,0.0,0.0,0.0,0.0,0.0,0.0,1000.0,0.0,0.0,1.0189969508834014,1.0189969508834014,1000.0,-1000.0,0.0,23.109817179733433,0.0,0.0,0.0,0.0,0.0,1000.0,728.0172649379588,664.210706740783,0.0033966565029446712,0.0,0.0,0.0,0.27391608513032384,53.94433212235157,0.0,468.06403929366235,0.0,0.0,0.0,0.0,0.0,0.0,0.0,0.0,0.0,0.0,0.0,0.0,0.0,0.0,0.0033966565029446712,0.0,0.0,0.0,-1000.0,1000.0,0.0,0.0,0.0,0.0,-639.1746463458472,734.9179555684296,0.0,-96.11422411270395,-55.08782812830373,-0.2547492377208504,-0.16983282514723358,0.0,0.0,0.0,0.0,0.0,0.0,0.0,0.0,0.0,0.0,0.0,0.0,0.0,0.0,0.0,0.0,725.979271036192,0.0,0.0,0.0,-0.0033966565029446712,0.0,0.0,0.0033966565029446712,0.0,0.0033966565029446712,0.0,0.0,0.0,2.0379939017668027,4.143920933592499,4.143920933592499,0.0,0.0,0.0,0.0,0.0,0.0,0.0,0.0,0.0,728.0172649379588,0.0,0.0,41.7438051135378,276.1822046310554,0.0,0.0,0.0,0.0,0.0,0.0,0.0,0.0,0.0,0.0,0.0,0.0,0.0,0.0,0.0,-466.66906770467295,466.66906770467295,0.0050949847544170075,0.0,0.0,0.0,-1.0189969508834014,0.0,0.0,0.0,0.0,0.0,-681.564491779965,0.16983282514723358,0.0,0.0,0.0,0.0,0.0,0.0,0.0,0.0,0.0,0.0,0.0,0.0,0.0,0.0,0.0,0.0,173.2351195817959,-114.19108894069129,279.32066869941104,0.0,324.32066869941104,34.80475448799872,0.0,638.8037314557257,96.11422411270395,-734.9179555684296,0.0,734.2133042185309,0.0,0.16983282514723358,984.6926278038293,0.0,0.0,-167.00732783352265,-111.93648298773383,0.0,0.0,1000.0,-1000.0,0.0,0.0,0.0,0.0,0.0,681.8192410176858,-682.3287394931277,4.143920933592499,0.0,167.00732783352265,167.00732783352265,0.0,0.0,0.0,0.0,0.0,0.0,167.11670017291738,0.0,0.0,0.0,-0.27391608513032384,-1000.0,-341.4101166131636,1.0189969508834014,0.0,0.0,0.0,0.0,56.02348106108583,0.0,0.0,0.0037363221532586977,0.0,0.0,0.0,2.0719604667962495,0.0,0.0,0.0,0.0,-98.64133739882213,0.0,0.0,0.0,0.0,0.0,0.0,0.0,0.0,-304.30823395394737,0.0,750.079332484761,0.00033966565029447686,0.0,0.0,0.0,0.0,0.0,0.0,0.0,0.0,0.0,0.0,167.00732783352265,0.0,0.0,0.0,0.0,681.564491779965,0.0,0.0,0.0,0.0,0.0,0.0,0.0,0.0,0.0,0.0,0.0,0.0,0.0,794.3254666459903,-73.46530086164341,0.0,0.0,0.0,2.0379939017668027,0.0,0.0,0.0,0.0,0.0,0.0,-2.0379939017668027,0.0,0.0,0.0,0.0,0.0,0.0,0.0,0.0,0.0,167.00732783352265,167.00732783352265,0.0,-664.210706740783,-1000.0,320.2527194491104,0.0,-1.0189969508834014,0.0,55.07424150229167,0.0,0.0,0.0,0.0,0.0,0.0,0.0,0.0,0.0,0.0,0.0,0.0,0.0,0.0,0.0,0.0,0.0,-0.424582062868084,0.0,-0.2547492377208504,1000.0,0.0,0.0,0.0,0.0,0.0,-0.042458206286808395,0.0,111.93648298773383,0.0,0.0,0.0,0.0,0.0,0.0,0.0,1000.0,1.0189969508834014,1.0189969508834014,0.0,0.0,0.0,0.0,0.0,0.0037363221532586977,681.564491779965,0.0,0.0,-55.07424150229167,750.0789928191108,0.0,0.0,0.0,0.0,0.0,0.0,0.0,0.0,0.0,0.0,0.0,0.0,0.0,233.33453385233648,0.0,0.0,1.052963515912848,0.0,3.566489328091905,0.26154255072673954,0.0,0.0,0.0,0.0,0.0,681.564491779965,0.0,-0.16983282514723358,0.0,0.0,0.0,-0.424582062868084,0.0,0.0,0.0,0.0,0.0,0.0,0.0,0.0,0.0,0.0,0.0,0.0,0.0,0.0,0.0,0.0,0.0,0.0,-0.0033966565029446712,0.0,0.0,0.16983282514723358,-188.65767020323827,0.0,0.0,0.0,0.0,0.0,0.0,0.0,0.0,-317.63355761968967,0.08491641257361682,0.0,0.0,0.0,0.0033966565029446712,0.0,3.3966565029446714,0.0,0.6793313005889343,0.024261832163890513,11.582598675041329,-0.0025474923772085037,0.16983282514723358,0.06793313005889344,-0.016983282515001183,-11.582598675041329,1.0189969508834014,-0.0033966565029446717,6.379859211450948,23.109817179733433,0.0008491641257361679,0.024261832163890513,-19.139577634352843,-0.5407477152687594,166.93939470346376,-160.84154768178786,-0.0033966565029446717,0.0008491641257361679,-11.582598675041329,428.82266152315344,0.0033966565029446717,0.0033966565029446712,-681.5573588013089,0.003736322153189241,-7.436846958648278,-0.0025474923772085037,1.0189969508834014,0.0033966565029446717,1.0189969508834014,-1.6983282514723357,-0.0016983282514723358,-119.62754744011124,-0.34306230679741184,-0.0025474923772085037,-0.0033966565029446717,0.0,0.0033966565029446712,0.33966565029446716,-0.06793313005889344,0.0,0.0,-0.3396656502944779,160.84154768178786,0.0,0.6793313005889343,0.0050949847544170075,658.8602344634469,0.33966565029446716,-143.6964660524334,23.109817179733433,-0.6793313005889343,0.0016983282514723358,0.03396656502944672,151.53522994549687,280.0,-0.0033966565029446712,-682.3287394931277,681.5573588013089,1.052963515912848,0.0033966565029446717,0.5407477152687594,-409.44916649665913,23.109817179733433,-0.0033966565029446712,-0.0008491641257361679,-23.109817179733433,-0.0033966565029446717,-99.66033434970554,0.0033966565030583585,-0.0008491641257361679,-0.0008491641257361679,-0.0008491641257361679,1.3586626011778686,1.6983282514723357,0.03396656502944672,59.20131027599604,-0.0008491641257361679,296.6906006795428,0.16983282514723358,50.0,0.0033966565029446712,0.0016983282514723358,0.0016983282514723358,11.894574240161184,0.0,0.0033966565029446712,0.0,0.03396656502944672,0.0033966565029446717,-172.57093505474924,0.0033966565029446717,0.013586626012056513,0.016983282515001183,0.0016983282514723358,0.0008491641257361679,1.0189969508834014,-0.0033966565029446717,7.436846958648278,-83.46969735173188,-118.40262055199209,0.08491641257361682,-0.33966565029446716,0.6793313005889343,0.16983282514723358,-0.0033966565029446717,19.139577634352843,0.0050949847544170075,-0.0033966565029446717,-23.789148480322368,0.0,-20.895097334800944,0.0016983282514723358,-100.0,-0.0033966565029446717,-0.0033966565030583585,-0.0033966565029446717,0.0016983282514723358,11.582598675041329,-0.6793313005889343,0.0033966565029446712,303.07045989099373,-0.0008491641257361679,-0.003736322153189241,-303.07045989099373,0.5094984754417007,0.34306230679741184,-815.7254511878793,11.582598675041329,-0.0025474923772085037,682.3287394931277,-280.0,0.0033966565029446717,-0.0008491641257361679,0.16983282514723358,3.3966565029446714,-0.0016983282514723358,-0.0033966565029446717,0.0008491641257361679,1000.0,0.0,-958.8619327916983,113.3696247787532,387.2313397661575,0.0,145.04571323457208,34.72968837928363,428.48299587285896,-80.0,34.773397685693965,-325.0,-300.0,40.0,-193.61566988307874,-17.386698842846982,-428.48299587285896,-17.364844189641815,-681.564491779965,-35.12838372628489,300.0,325.0,-35.12838372628489,-145.04571323457208,277.07760704046837,0.0,1496.5981,hplb
312,0.0,0.0,0.0,0.0,0.0,0.0,0.0,0.0,-0.006437399721078795,0.0,0.0,0.0,0.0,0.0,0.0,0.0,500.0,-200.0,0.0,0.0,0.0,0.0,0.0,131.53030320550442,0.0,353.08165490430827,0.0,0.0,0.0,500.0,0.0,0.0,100.21692237295011,0.0,0.0,0.0,0.0,819.8798021686837,0.0,-1000.0,1000.0,0.0,0.0,-3.1463160393501255,0.0,0.0,0.0,0.0,-1000.0,-535.800529904289,0.0,0.0,0.0,0.007081139693013938,0.0,0.0,0.0,0.0,0.0,0.0,178.63315849574684,0.0,0.0,-358.96707799780336,0.0,0.0,0.0,0.0,0.0,79.06291281974757,0.0,0.06437399721078796,0.0,0.0,0.0,0.0,0.0,0.0,0.0,0.0,0.0,0.0,0.0,0.0,3.8624398326472775,0.0,0.0,-100.0,-63.97320285691484,0.0,-0.001609349930269699,0.0,0.0,-690.6039165694195,1.9312199163236388,0.0,1.9312199163236388,-0.2072842710190912,0.0,0.0,0.0,0.3218699860539398,500.0,0.0,0.0,-13.51176166006897,0.0,0.0,0.0,0.0,0.0,0.0,0.0,0.0,0.0,0.0,0.0,0.0,0.0,0.0,0.0,0.0,0.0,0.0,-866.4334973169938,0.0,0.0,1.9312199163236388,0.0,1.9955939135344267,1.9955939135344267,0.0,-964.6153314204382,260.58262720490745,704.0327042155308,-704.0327042155308,0.0,-359.3437500000012,359.3437500000012,-537.6002364935501,0.0,0.0,0.0,0.0,0.0,0.49567977852306694,0.006437399721078795,0.0,0.0,0.0,0.0,0.0,0.0,0.0,0.0,0.0,-329.9831286960853,0.0,0.0,0.0,0.0,0.0,287.65110806398496,287.65110806398496,0.0,0.0,0.0,0.0,0.0,0.0,0.0,287.657545463706,0.0,0.0,0.0,0.0,0.0,0.0,0.0,0.0,0.0,0.0,0.0,0.0,0.0,0.0,-1000.0,0.0,0.0,0.0,0.0,-1000.0,0.0,0.0,0.0,0.0,0.0,535.800529904289,0.0,100.0,-100.0,0.0,0.0,0.0,0.0,0.0,0.0,0.0,0.0,-677.0921549093506,0.0,0.0,0.0,0.0,0.0,0.0,0.0,0.0,0.0,0.0,0.0,0.0,0.0,0.0,75.12461896913581,0.0,0.0,0.0,0.0,522.9490947356874,0.0,0.0,0.0,0.0,0.0,178.63315849574684,3.1463160393501255,0.0,0.0,163.83418595292423,0.0,0.0,0.0,0.0,0.0,0.0,1.2874799442157592,0.0,0.0,499.9903439004184,336.01714104350356,-1000.0,0.0,0.0,0.0,0.0,537.6002364935501,866.5256020787299,0.0,0.0,0.0,88.05140351907153,0.0,0.0,-251.40247547282092,-178.4643452555223,0.0,-72.93813021729864,0.0,178.4643452555223,36.02679714308516,0.0,1000.0,535.800529904289,0.0,21.951533048878694,0.0,0.0,0.0,0.0,0.0,0.0,0.0,602.580755589333,14.65114175786276,522.9490947356874,0.0,0.0,0.0,0.0,178.63315849574684,-0.009656099581618194,0.0,0.0,0.0,0.0,0.006437399721078795,0.0,0.0,0.0,998.0687800836764,500.0,0.0,-85.60607381641042,-278.1227260915888,0.0,755.9560579370321,0.0,527.2579736733405,0.0,-13.51176166006897,0.0,0.0,0.0,149.05007555641222,0.0,-676.3080492297527,-500.0,-1000.0,0.0,0.0,0.0,0.0,0.0,0.0,0.0,0.0,0.0,0.0,0.0,0.0,0.0,0.0,0.0,0.0,163.83418595292423,-180.09444823243172,0.0,-1000.0,0.0,0.0,0.0,0.0,0.0,0.0,-0.49567977852306694,0.0,0.0,0.0,144.2548488848739,0.0,0.0,0.0,0.0,223.21096031749062,0.0,0.0,0.0,0.0,373.7809059480493,0.0,-0.3218699860539398,-270.1850627912704,-223.37189531051757,-0.3218699860539398,-101.50368824742824,0.0,-0.3218699860539398,0.0,-1000.0,1.9312199163235846,0.0,0.0,0.0,0.0,0.0,0.0,0.0,0.0,0.0,0.0,-25.896943977104797,0.0,0.0,-314.93608492506905,0.0,0.0,0.0,0.0,0.0,-180.3339195020565,0.0,31.24999999992717,245.97516197929147,0.0,0.0,0.0,0.0,73.19339905281217,0.012874799442442963,0.0,0.0,0.0,0.0,0.0,0.0,0.0,0.0,0.0,64.4117710618848,0.0,0.0,0.0,0.0,0.0,0.0,0.0,0.0,0.0,0.007081139693013938,0.007081139693013938,0.0,253.6666195964483,0.0,3.8624398326472775,0.0,0.0,0.0,-825.793854797321,0.0,787.8842638579742,0.0,0.0,0.0,-343.550450640023,825.793854797321,0.0,0.0,0.0,0.0,0.0,245.97516197929147,0.0,0.0,0.0,0.0,0.0,0.0,0.0,288.81116577233126,-998.0687800836764,0.0,0.0,0.49567977852306694,0.0,-690.6039165694195,0.0,0.0,0.0,-343.550450640023,0.0,0.0,-270.3570515872108,0.0,0.0,0.0,0.0,0.0,0.0,0.0,0.0,0.0,0.0,0.0,0.0,0.0,0.0,0.0,0.0,3.8624398326472775,537.6002364935501,537.6002364935501,0.0,0.0,0.0,0.0,0.0,0.0,0.0,0.0,0.0,0.0,0.06437399721078796,0.0,0.0,0.0,0.0,0.0,0.0,0.0,0.0,1.9312199163236388,0.0,0.0,0.0,0.0,0.0,0.0,0.0,0.0,0.0,0.0,1000.0,0.0,0.0,1.9312199163236388,1.9312199163236388,1000.0,825.793854797321,0.0,245.97516197929147,0.0,0.0,0.0,0.0,0.0,-1000.0,0.0,-552.170406118269,0.006437399721078795,0.0,0.0,0.0,0.5191303060784257,0.0,0.0,690.6039165694195,0.0,-14.65114175786276,0.0,0.0,0.0,0.0,0.0,0.0,0.0,0.0,0.0,0.0,0.0,0.0,0.006437399721078795,0.0,0.0,0.0,-151.27101349987052,151.27101349987052,0.0,0.0,0.0,0.0,-1.0248340355960979,0.529154257073031,0.0,0.0,-819.9055517675683,-0.4828049790809097,-0.3218699860539398,0.0,0.0,0.0,0.0,0.0,0.0,0.0,0.0,0.0,0.0,0.0,0.0,537.6002364935501,0.0,0.0,0.0,-1000.0,0.0,0.0,0.0,-0.006437399721078795,0.0,0.0,0.006437399721078795,0.0,0.006437399721078795,0.0,0.0,0.0,3.8624398326472775,7.853627659716131,7.853627659716131,0.0,0.0,0.0,0.0,0.0,0.0,0.0,0.0,0.0,0.0,0.0,0.0,0.0,149.60433567239693,0.0,0.0,0.0,0.0,0.0,0.0,0.0,0.0,0.0,0.0,0.0,0.0,0.0,0.0,0.0,-353.08165490430827,353.08165490430827,0.009656099581618194,0.0,0.0,0.0,-1.9312199163236388,0.0,0.0,0.0,0.0,0.0,-253.6666195964483,0.3218699860539398,0.0,0.0,0.0,0.0,0.0,-0.529154257073031,0.0,0.0,31.24999999992717,0.0,0.0,0.0,0.0,0.0,537.6002364935501,0.0,0.0,1000.0,253.6666195964483,0.0,323.71252005578424,-13.51176166006897,0.0,0.0,0.0,0.0,0.0,858.6719744190137,0.0,0.3218699860539398,845.8463124510574,0.0,0.0,0.0,-180.3339195020565,0.0,0.0,0.0,0.0,0.0,0.0,0.0,0.0,0.0,999.0343900418382,0.0,7.853627659716131,0.0,0.0,0.0,0.0,0.0,0.0,0.0,0.0,0.0,0.0,0.0,0.0,255.1150345336912,-64.93090136796323,-679.9672000502904,0.0,1.9312199163236388,0.0,0.0,0.0,0.0,-267.8516383076893,0.0,0.0,0.007081139693013938,0.0,0.0,0.0,3.9268138298580655,0.0,0.0,0.0,0.0,75.12461896913581,0.0,0.0,0.0,0.0,0.0,0.0,0.0,0.0,195.69107470545927,0.0,0.0006437399721078979,0.0006437399721078979,0.0,0.0,0.0,0.0,0.0,0.0,0.0,0.0,0.0,0.0,0.0,0.0,0.0,0.0,0.0,253.6666195964483,0.0,0.0,0.0,0.0,0.0,0.0,0.0,535.800529904289,0.0,0.0,0.0,0.0,0.0,1000.0,-200.0,0.0,0.0,0.0,3.8624398326472775,0.0,0.0,0.0,0.0,0.0,-652.7955544956988,648.9331146630515,0.0,0.0,0.0,0.0,0.0,0.0,0.0,0.0,0.0,0.0,0.0,0.0,263.1933181994157,-1000.0,154.01395448133584,0.0,-1.9312199163236388,0.0,819.8798021686837,0.0,0.0,0.0,0.0,0.0,0.0,0.0,0.0,0.0,0.0,0.0,0.0,0.0,0.0,0.0,0.0,0.0,-0.8046749651348495,537.6002364935501,-0.4828049790809097,149.121530693316,0.0,0.0,0.0,0.0,0.0,0.0,-0.08046749651348495,180.3339195020565,0.0,0.0,0.0,0.0,0.0,0.0,0.0,711.0229120811466,1.9312199163236388,1.9312199163236388,0.0,0.0,0.0,0.0,0.0,0.007081139693013938,253.6666195964483,0.0,0.0,-819.8798021686837,0.0,0.0,0.0,0.0,0.0,0.0,0.0,0.0,0.0,0.0,0.0,0.0,0.0,0.0,0.0,0.0,0.0,1.9955939135344267,0.0,6.759269707132736,0.49567977852306694,0.0,0.0,0.0,0.0,0.0,253.6666195964483,0.0,0.0,0.0,0.0,0.0,-0.8046749651348495,0.0,0.0,0.0,0.0,0.0,0.0,0.0,0.0,0.0,0.0,0.0,0.0,0.0,0.0,0.0,0.0,0.0,0.0,-0.006437399721078795,0.0,0.0,0.3218699860539398,343.550450640023,0.0,0.0,0.0,0.0,537.6002364935501,0.0,0.0,0.0,-149.05007555641222,0.1609349930269699,0.0,0.0,353.08165490430827,0.006437399721078795,0.0,6.437399721078795,0.0,1.2874799442157592,0.04598142657913425,21.951533048878694,-0.004828049790809096,0.3218699860539398,0.12874799442157592,-0.03218699860576635,-21.951533048878694,1.9312199163236388,-0.006437399721078796,4.503920553356323,245.97516197929147,0.001609349930269699,0.04598142657913425,-13.51176166006897,-1.0248340355960979,-0.12874799442157592,-300.0,-0.006437399721078796,0.001609349930269699,-21.951533048878694,0.6437399721078796,0.006437399721078796,0.006437399721078795,-253.6531010570342,0.007081139693186694,0.0,-0.004828049790809096,1.9312199163236388,0.006437399721078796,1.9312199163236388,-3.218699860539398,-0.003218699860539398,357.00665201622326,-0.6501773718289584,-0.004828049790809097,-0.006437399721078796,0.0,0.006437399721078795,0.6437399721078796,-0.12874799442157592,0.0,0.0,-0.6437399721078796,300.0,0.0,1.2874799442157592,0.009656099581618194,-1000.0,0.6437399721078796,-288.81116577233126,245.97516197929147,-1.2874799442157592,0.003218699860539398,0.06437399721078796,21.401518454102604,254.95409954066406,-0.006437399721078795,-255.1150345336912,253.6531010570342,1.9955939135344267,0.006437399721078796,1.0248340355960979,238.250282313997,245.97516197929147,-0.006437399721078795,-0.001609349930269699,-245.97516197929147,-0.006437399721078796,73.19339905281217,0.006437399721079373,-0.001609349930269699,-0.001609349930269699,-0.001609349930269699,2.5749598884315184,3.218699860539398,0.06437399721078796,4.7693085183547765,-0.001609349930269699,38.299116354848884,0.3218699860539398,-36.274829540352144,0.006437399721078795,0.003218699860539398,0.003218699860539398,-145.16879728502147,0.0,0.006437399721078795,0.0,0.06437399721078796,0.006437399721078796,-4.7693085183547765,0.006437399721078796,0.025749598884658553,0.03218699860576635,0.003218699860539398,0.001609349930269699,1.9312199163236388,-0.006437399721078796,0.0,0.06437399721078796,-9.538617036709553,0.1609349930269699,-0.6437399721078796,1.2874799442157592,0.3218699860539398,-0.006437399721078796,13.51176166006897,0.009656099581618192,-0.006437399721078796,290.33759457004294,0.0,341.4316345425889,0.003218699860539398,72.54965908070429,-0.006437399721078796,-0.006437399721079373,-0.006437399721078797,0.003218699860539398,21.951533048878694,-1.2874799442157592,0.006437399721078795,42.80303690820521,-0.001609349930269699,-0.007081139693186694,-42.80303690820521,0.9656099581618192,0.6501773718289584,788.2218190732701,21.951533048878694,-0.004828049790809097,255.1150345336912,-254.95409954066406,0.006437399721078796,-0.0016093499302696987,144.57671887092783,6.437399721078795,-0.003218699860539398,-0.006437399721078796,0.001609349930269699,246.87441344590206,0.0,963.9699841570543,0.0,-255.0,0.0,119.76501552659565,-113.87095056685475,0.0,574.6443848263315,38.12122569295798,-325.0,-36.02679714308516,-287.32219241316574,127.5,-19.060612846479003,0.0,56.93547528342737,-253.6666195964483,-73.57999623489958,36.02679714308516,325.0,-73.57999623489958,-119.76501552659565,-59.564503379754605,0.0,1496.5981,hplb
313,0.0,0.0,0.0,0.0,0.0,0.0,0.0,0.0,-0.12141336489530055,0.0,0.0,0.0,0.0,0.0,0.0,0.0,1000.0,0.0,0.0,-700.0,0.0,0.0,0.0,1000.0,0.0,318.2787768196981,0.0,0.0,0.0,492.661347647313,0.0,0.0,122.96917803753084,0.0,0.0,0.0,0.0,999.5143465404192,0.0,-1000.0,388.2710511740659,0.0,0.0,-207.29941447224843,0.0,0.0,911.3212987994679,38.09830934029726,-1000.0,-671.7409541136511,0.0,285.36193317506456,0.0,0.13355470138495068,0.0,0.0,0.0,62.38098231935737,0.0,0.0,-10.692470335112981,0.0,0.0,-10.692470335112981,0.0,0.0,0.0,0.0,0.0,525.6865487000194,0.0,1.2141336489530055,0.0,0.0,0.0,0.0,0.0,0.0,0.0,0.0,0.0,0.0,0.0,0.0,72.84801893718033,0.0,0.0,161.73427579902966,0.0,-276.3723426239651,-0.030353341223825138,0.0,0.0,0.0,36.424009468590164,0.0,36.424009468590164,-636.6658898245115,0.0,0.0,0.0,6.070668244765027,492.661347647313,0.0,0.0,-14.347586598282904,664.6682587865757,479.08526309348275,0.0,0.0,0.0,0.0,0.0,0.0,0.0,0.0,0.0,0.0,0.0,0.0,0.0,0.0,0.0,0.0,-1000.0,0.0,0.0,36.424009468590164,0.0,37.63814311754317,37.63814311754317,0.0,-773.6238985732208,-8.455393964645282,782.0792925378661,-782.0792925378661,0.0,-671.8749999993466,671.8749999993466,0.0,0.0,0.0,0.0,0.0,0.0,9.348829096938136,0.12141336489530055,0.0,0.0,0.0,335.33174121342427,-1000.0,0.0,0.0,0.0,0.0,319.43676809349006,0.0,0.0,0.0,0.0,0.0,42.035014463552926,42.035014463552926,0.0,0.0,0.0,0.0,906.4014212571053,0.0,0.0,42.15642782844823,0.0,0.0,0.0,0.0,0.0,0.0,0.0,0.0,0.0,0.0,0.0,0.0,0.0,0.0,-384.1119840212383,0.0,0.0,0.0,0.0,-956.7497384051449,0.0,0.0,0.0,0.0,0.0,671.7409541136511,-285.36193317506456,576.3723426239651,-576.3723426239651,0.0,0.0,0.0,0.0,0.0,0.0,0.0,0.0,-714.4593435909726,0.0,0.0,0.0,0.0,0.0,0.0,0.0,0.0,0.0,0.0,0.0,0.0,0.0,0.0,101.70382998966352,-207.29941447224843,0.0,0.0,0.0,0.0,157.73725014557465,0.0,0.0,0.0,0.0,-10.692470335112981,0.0,0.0,0.0,0.0,0.0,0.0,0.0,0.0,0.0,0.0,0.0,0.0,0.0,342.761490961909,-233.61085166205612,-547.2553147520698,0.0,207.29941447224843,0.0,0.0,0.0,262.9960924750794,0.0,0.0,0.0,323.6340334314608,0.0,0.0,-801.371006988941,-727.6117086543301,0.0,-801.3710069889402,727.6117086543301,0.0,576.3723426239651,0.0,1000.0,671.7409541136511,0.0,256.28232414740023,0.0,0.0,0.0,0.0,0.0,0.0,0.0,953.2348998981255,0.0,0.0,1000.0,0.0,0.0,0.0,-10.692470335112981,-0.1821200473429508,0.0,0.0,0.0,0.0,0.12141336489530055,0.0,0.0,0.0,762.58847879098,1000.0,0.0,-459.2482753890913,601.3781542962072,0.0,298.9777336217162,0.0,-546.2297158735024,0.0,-14.347586598282904,0.0,0.0,0.0,-10.453690717485495,0.0,556.6834065909879,-1000.0,-1000.0,0.0,0.0,0.0,0.0,0.0,0.0,0.0,0.0,0.0,0.0,0.0,0.0,0.0,0.0,0.0,0.0,0.0,0.0,0.0,-1000.0,0.0,0.0,632.7563794748819,0.0,0.0,0.0,-9.348829096938136,0.0,0.0,0.0,0.0,0.0,0.0,0.0,-6.070668244765027,0.0,0.0,-948.9335387250371,-6.070668244765027,-720.1665024225101,0.0,0.0,0.0,324.44740071728165,-3.0353341223825137,0.0,0.0,0.0,410.895772317141,0.0,583.033559438094,36.424009468590164,0.0,0.0,0.0,0.0,0.0,0.0,0.0,0.0,0.0,0.0,245.0649136192228,0.0,0.0,0.0,0.0,0.0,0.0,0.0,0.0,-21.384940670225962,0.0,0.0,125.71732702093989,0.0,0.0,0.0,0.0,65.27982052107336,0.24282672979029485,0.0,0.0,0.0,0.0,0.0,0.0,0.0,0.0,0.0,525.6865487000194,0.0,0.0,0.0,0.0,0.0,0.0,0.0,0.0,0.0,0.13355470138495068,0.13355470138495068,0.0,229.22970198506758,0.0,72.84801893718033,0.0,0.0,0.0,-873.3508314586027,0.0,0.0,0.0,0.0,0.0,587.8978916280779,873.3508314586027,0.0,0.0,0.0,0.0,0.0,125.71732702093989,0.0,0.0,0.0,0.0,0.0,0.0,0.0,333.3333333333333,-762.58847879098,0.0,0.0,9.348829096938136,0.0,0.0,0.0,-157.73725014557465,0.0,587.8978916280779,0.0,1000.0,-346.82228785084874,0.0,0.0,0.0,0.0,0.0,0.0,0.0,0.0,0.0,0.0,0.0,0.0,0.0,0.0,0.0,0.0,72.84801893718033,0.0,0.0,0.0,0.0,0.0,0.0,0.0,0.0,0.0,0.0,0.0,0.0,1.2141336489530055,0.0,0.0,0.0,0.0,0.0,-285.36193317506456,0.0,0.0,36.424009468590164,0.0,0.0,0.0,0.0,0.0,0.0,0.0,0.0,0.0,0.0,805.6438216978556,0.0,0.0,36.424009468590164,36.424009468590164,1000.0,873.3508314586027,0.0,125.71732702093989,0.0,0.0,0.0,0.0,0.0,0.0,0.0,349.62458774338154,0.12141336489530055,0.0,0.0,0.0,9.791120640485307,0.0,0.0,0.0,0.0,0.0,0.0,0.0,0.0,0.0,0.0,0.0,0.0,0.0,0.0,0.0,0.0,0.0,0.12141336489530055,0.0,0.0,0.0,0.0,0.0,0.0,0.0,0.0,0.0,0.0,1000.0,0.0,-376.5924496220562,-1000.0,-9.106002367147541,-6.070668244765027,0.0,0.0,0.0,0.0,0.0,0.0,0.0,0.0,0.0,0.0,0.0,0.0,0.0,0.0,0.0,0.0,1000.0,0.0,0.0,0.0,-0.12141336489530055,0.0,0.0,0.12141336489530055,0.0,0.12141336489530055,0.0,0.0,0.0,72.84801893718033,148.12430517226667,148.12430517226667,0.0,0.0,0.0,0.0,0.0,0.0,0.0,0.0,0.0,0.0,0.0,0.0,0.0,0.0,0.0,0.0,0.0,0.0,0.0,0.0,0.0,0.0,0.0,0.0,0.0,0.0,0.0,157.73725014557465,0.0,-318.2787768196981,318.2787768196981,0.1821200473429508,0.0,0.0,0.0,-36.424009468590164,0.0,0.0,0.0,0.0,0.0,-229.22970198506758,6.070668244765027,0.0,0.0,0.0,0.0,-906.4014212571053,-367.2436205251181,0.0,0.0,0.0,0.0,0.0,0.0,0.0,0.0,0.0,0.0,0.0,0.0,229.22970198506758,0.0,300.7173270209399,-14.347586598282904,0.0,-376.5924496220562,376.5924496220562,0.0,0.0,114.87178730281282,0.0,6.070668244765027,1000.0,0.0,547.1614702371609,0.0,-21.384940670225962,0.0,0.0,0.0,0.0,0.0,0.0,0.0,0.0,0.0,458.7777808041453,-92.8778015172021,148.12430517226667,0.0,-857.419737240132,-857.419737240132,857.419737240132,0.0,0.0,0.0,0.0,0.0,0.0,0.0,0.0,163.6699075693081,-535.4776693405048,-513.887508279564,0.0,36.424009468590164,0.0,0.0,0.0,0.0,-27.584911308449534,0.0,0.0,0.13355470138495068,0.0,0.0,0.0,74.06215258613334,0.0,0.0,0.0,0.0,101.70382998966352,0.0,664.6682587865757,0.0,0.0,0.0,0.0,0.0,0.0,0.0,0.0,0.012141336489530054,0.012141336489530054,0.0,0.0,0.0,0.0,0.0,0.0,0.0,0.0,0.0,0.0,0.0,0.0,0.0,0.0,0.0,229.22970198506758,0.0,0.0,0.0,0.0,0.0,0.0,0.0,671.7409541136511,0.0,0.0,0.0,0.0,1000.0,14.638066824935436,0.0,0.0,0.0,0.0,72.84801893718031,0.0,0.0,0.0,0.0,0.0,-660.9714174328329,588.1233984956526,0.0,0.0,0.0,0.0,0.0,0.0,0.0,0.0,0.0,0.0,0.0,0.0,-349.62458774338154,-507.338652352687,83.16815495328089,0.0,-36.424009468590164,0.0,999.5143465404192,0.0,0.0,0.0,0.0,0.0,0.0,0.0,0.0,0.0,0.0,0.0,0.0,0.0,0.0,0.0,0.0,0.0,-15.176670611912568,0.0,-9.106002367147541,83.77179915005456,0.0,0.0,0.0,0.0,0.0,781.1654495651096,-782.6831166263008,21.384940670225962,0.0,0.0,0.0,0.0,0.0,0.0,0.0,1000.0,36.424009468590164,36.424009468590164,0.0,0.0,0.0,0.0,0.0,0.13355470138495068,229.22970198506758,0.0,0.0,-999.5143465404192,0.0,0.0,0.0,0.0,0.0,0.0,0.0,0.0,0.0,0.0,0.0,0.0,0.0,0.0,0.0,0.0,0.0,37.63814311754317,0.0,127.48403314006558,0.0,0.0,9.348829096938136,0.0,0.0,0.0,229.22970198506758,0.0,357.26344193072345,0.0,0.0,0.0,-15.176670611912568,0.0,0.0,0.0,0.0,0.0,0.0,0.0,0.0,0.0,0.0,0.0,0.0,0.0,0.0,0.0,0.0,0.0,0.0,-0.12141336489530055,0.0,0.0,6.070668244765027,-587.8978916280779,0.0,0.0,0.0,0.0,0.0,0.0,0.0,0.0,10.453690717485495,3.0353341223825137,0.0,0.0,318.2787768196981,0.12141336489530055,0.0,121.41336489530053,0.0,24.28267297906011,0.8672383206807182,414.0195742929749,-0.0910600236714754,6.070668244765027,2.428267297906011,-0.6070668244760782,-414.0195742929749,36.424009468590164,-0.12141336489530055,4.782528866094301,125.71732702093989,0.030353341223825138,0.8672383206807182,-14.347586598282904,-19.329007691332777,-2.428267297906011,-300.0,-0.12141336489530055,0.030353341223825138,-414.0195742929749,12.141336489530055,0.12141336489530055,0.12141336489530055,-228.97473391878734,0.1335547013848306,-28.994184319891616,-0.0910600236714754,36.424009468590164,0.12141336489530055,36.424009468590164,-60.70668244765027,-0.060706682447650276,-261.7474105770326,-170.0,-0.0910600236714754,-0.12141336489530055,0.0,0.12141336489530055,12.141336489530055,-2.428267297906011,157.73725014557465,157.73725014557465,-12.141336489530055,300.0,-157.73725014557465,24.28267297906011,0.1821200473429508,-993.8236475706138,12.141336489530055,-333.3333333333333,125.71732702093989,-24.28267297906011,0.060706682447650276,1.2141336489530055,114.81206884727283,253.51237496412767,-0.12141336489530055,-256.54770908651017,228.97473391878734,37.63814311754317,0.12141336489530055,19.329007691332777,-19.978710853421113,125.71732702093989,-0.12141336489530055,-0.030353341223825138,-125.71732702093989,-0.12141336489530055,-599.3884382655024,0.1214133648944653,-0.030353341223825138,-0.030353341223825138,-0.030353341223825138,48.56534595812022,60.70668244765027,1.2141336489530055,280.29414990019814,-0.030353341223825138,224.84160882845134,6.070668244765027,-26.569242015771653,0.12141336489530055,0.060706682447650276,0.060706682447650276,75.0,0.0,0.12141336489530055,0.0,1.2141336489530055,0.12141336489530055,-660.9781962669811,0.12141336489530055,0.4856534595808345,0.6070668244760782,0.060706682447650276,0.030353341223825138,36.424009468590164,-0.12141336489530055,28.994184319891616,1.2141336489530055,-560.5882998003963,3.0353341223825137,-12.141336489530055,24.28267297906011,6.070668244765027,-0.12141336489530055,14.347586598282904,0.1821200473429508,-0.12141336489530055,-150.0,0.0,323.7783500078429,0.060706682447650276,53.1384840315433,-0.12141336489530055,-0.1214133648944653,-0.12141336489530055,0.060706682447650276,414.0195742929749,-24.28267297906011,0.12141336489530055,229.62413769454565,-0.030353341223825138,-0.1335547013848306,-229.62413769454565,18.21200473429508,170.0,418.4501886767922,414.0195742929749,-0.0910600236714754,256.54770908651017,-253.51237496412767,0.12141336489530055,-0.030353341223825145,6.070668244765027,121.41336489530053,-0.060706682447650276,-0.12141336489530055,0.030353341223825138,0.0,0.0,693.7629408881662,380.6840463667829,-255.0,0.0,806.4805624573611,-140.0,0.0,-80.0,-255.0,-325.0,-300.0,40.0,127.5,127.5,0.0,70.0,-229.22970198506758,-296.19343869939337,300.0,325.0,-296.19343869939337,-806.4805624573611,407.1589684106261,0.0,1496.5981,hplb
314,0.0,0.0,0.0,0.0,0.0,0.0,0.0,0.0,-0.13156862250747417,0.0,0.0,0.0,0.0,0.0,0.0,0.0,25.4167741640845,949.8100127154423,0.0,-1000.0,0.0,0.0,0.0,511.854248684921,0.0,219.78857023605275,0.0,0.0,0.0,-959.26329327921,0.0,0.0,0.0,0.0,0.0,0.0,0.0,-48.87422602287654,0.0,-1000.0,1000.0,0.0,0.0,-486.66735063436505,0.0,0.0,0.0,0.0,420.51386974949054,0.0,0.0,0.0,0.0,0.14472548475851,0.0,0.0,0.0,26.313724501494836,0.0,0.0,14.245364578911001,0.0,1000.0,936.7488407757049,0.0,0.0,0.0,0.0,0.0,482.21393213373057,0.0,1.315686225074742,0.0,0.0,0.0,0.0,0.0,0.0,0.0,0.0,0.0,0.0,0.0,0.0,78.94117350448451,0.0,0.0,-1000.0,450.5863597077244,-25.219421230323288,-0.03289215562686854,0.0,0.0,0.0,39.470586752242255,0.0,39.470586752242255,0.0,0.0,0.0,0.0,6.578431125373709,-959.26329327921,0.0,0.0,-43.42156887462629,543.1083211542596,0.0,0.0,0.0,0.0,0.0,0.0,0.0,0.0,0.0,0.0,0.0,0.0,0.0,0.0,0.0,0.0,0.0,-1000.0,0.0,0.0,39.470586752242255,0.0,40.786272977317005,0.0,0.0,-208.56562084467177,208.56562084467177,0.0,0.0,0.0,0.0,0.0,-77.49652380320602,0.0,0.0,0.0,0.0,0.0,10.130783933075506,0.13156862250747417,0.0,0.0,0.0,-543.1083211542596,0.0,0.0,0.0,0.0,0.0,705.1595090505194,0.0,0.0,0.0,0.0,0.0,313.7916332523004,313.7916332523004,0.0,0.0,0.0,0.0,890.6250000000007,0.0,0.0,313.9232018748079,0.0,0.0,0.0,45.49857638682761,0.0,0.0,0.0,0.0,0.0,0.0,0.0,0.0,0.0,0.0,0.0,0.0,0.0,0.0,0.0,-1000.0,0.0,0.0,0.0,0.0,0.0,0.0,0.0,-125.3669384774011,125.3669384774011,0.0,0.0,0.0,0.0,0.0,0.0,0.0,0.0,-717.7598023149291,0.0,0.0,0.0,0.0,0.0,0.0,0.0,0.0,0.0,0.0,0.0,0.0,0.0,0.0,-47.37255099701033,513.332649365635,0.0,0.0,0.0,77.49652380320602,0.0,0.0,0.0,0.0,0.0,14.245364578911001,1000.0,0.0,0.0,0.0,0.0,0.0,0.0,0.0,0.0,545.6335398790259,0.0,0.0,0.0,0.0,575.9532981851257,-704.8530687279106,0.0,-513.332649365635,0.0,0.0,77.49652380320602,-525.2742481806833,0.0,0.0,0.0,-39.0920989394466,0.0,0.0,-1000.0,399.37176436370964,930.6217643637062,-930.6217643637063,-468.7500000000034,1000.0,325.2194212303233,0.0,403.9292044885507,0.0,0.0,367.07645679585306,0.0,0.0,0.0,-729.1732451929554,0.0,729.1732451929554,0.0,874.4484494002121,0.0,77.49652380320602,852.2416553087933,0.0,0.0,0.0,14.245364578911001,-0.19735293376121127,0.0,0.0,0.0,0.0,0.13156862250747417,0.0,0.0,0.0,414.8958733687319,25.4167741640845,0.0,-986.5326008467438,509.91310022362705,0.0,838.2877874505311,0.0,11.328058397893814,0.0,-43.42156887462629,0.0,0.0,0.0,-11.328058397893814,0.0,0.0,-1000.0,600.3168379856056,0.0,0.0,0.0,0.0,0.0,0.0,0.0,0.0,0.0,0.0,0.0,0.0,0.0,0.0,0.0,0.0,0.0,-415.1424922942577,0.0,-1000.0,0.0,633.2054592385899,541.3970302342859,0.0,0.0,0.0,-555.7643238121013,0.0,0.0,0.0,0.0,0.0,0.0,879.220773634031,-6.578431125373709,0.0,0.0,-675.7498989262222,0.0,0.0,-177.157150206314,-879.220773634031,0.0,647.3871404246312,-3.2892155626868544,-6.578431125373709,0.0,0.0,241.70127989746044,0.0,0.0,39.470586752242255,0.0,0.0,0.0,114.4357265240073,0.0,0.0,0.0,0.0,0.0,0.0,157.67211784912422,0.0,0.0,-560.7883847704192,0.0,0.0,0.0,0.0,0.0,-49.005794645384015,0.0,0.0,201.18279930171119,0.0,0.0,0.0,0.0,-86.84313774925258,0.26313724501341085,0.0,0.0,0.0,0.0,0.0,0.0,0.0,0.0,0.0,0.0,0.0,0.0,0.0,0.0,0.0,0.0,0.0,0.0,0.0,0.14472548475851,0.14472548475851,0.0,196.8360038609916,0.0,78.94117350448451,0.0,0.0,0.0,1000.0,0.0,0.0,0.0,0.0,0.0,864.805554087939,-1000.0,0.0,0.0,179.6897053440884,0.0,0.0,201.18279930171119,0.0,0.0,0.0,0.0,0.0,0.0,0.0,333.3333333333333,-414.8958733687319,0.0,0.0,10.130783933075506,0.0,0.0,0.0,0.0,0.0,864.805554087939,0.0,0.0,777.9624163386864,0.0,0.0,0.0,0.0,0.0,0.0,0.0,0.0,0.0,0.0,0.0,0.0,0.0,0.0,0.0,0.0,78.94117350448451,77.49652380320602,77.49652380320602,0.0,0.0,0.0,0.0,0.0,0.0,0.0,0.0,0.0,0.0,1.315686225074742,0.0,0.0,0.0,0.0,0.0,0.0,0.0,0.0,39.470586752242255,-179.6897053440884,0.0,0.0,0.0,0.0,0.0,0.0,0.0,0.0,0.0,0.0,-70.11370226024542,0.0,39.470586752242255,39.470586752242255,1000.0,-1000.0,0.0,201.18279930171119,0.0,0.0,0.0,0.0,0.0,959.26329327921,0.0,1000.0,0.13156862250747417,0.0,0.0,0.0,173.75516153862077,0.0,0.0,0.0,0.0,0.0,0.0,0.0,0.0,0.0,0.0,0.0,0.0,0.0,0.0,0.0,0.0,0.0,0.13156862250747417,0.0,0.0,0.0,-115.47291094471998,115.47291094471998,0.0,0.0,0.0,633.2054592385899,-55.228327359761956,40.86103378194654,0.0,0.0,-584.8575077057424,-9.867646688060564,0.0,-6.578431125373709,0.0,0.0,0.0,0.0,0.0,0.0,0.0,0.0,0.0,0.0,0.0,77.49652380320602,0.0,0.0,0.0,248.27971102283414,0.0,0.0,0.0,-0.13156862250747417,0.0,0.0,0.13156862250747417,0.0,0.13156862250747417,0.0,482.21393213373057,0.0,78.94117350448451,160.5137194591185,160.5137194591185,0.0,0.0,0.0,0.0,0.0,0.0,0.0,0.0,0.0,0.0,0.0,0.0,0.0,0.0,0.0,0.0,0.0,0.0,0.0,0.0,0.0,0.0,0.0,0.0,0.0,0.0,0.0,0.0,0.0,0.0,0.0,0.19735293376121127,0.0,0.0,0.0,-39.470586752242255,0.0,0.0,0.0,0.0,0.0,-196.8360038609916,6.578431125373709,0.0,0.0,0.0,0.0,-890.6250000000007,541.3970302342859,-6.578431125373709,0.0,0.0,0.0,0.0,0.0,0.0,0.0,77.49652380320602,0.0,179.6897053440884,0.0,196.8360038609916,0.0,298.68627549850515,-43.42156887462629,0.0,40.86103378194654,0.0,-40.86103378194654,0.0,-685.7879676398019,0.0,6.578431125373709,488.6453917624504,0.0,0.0,0.0,-49.005794645384015,0.0,0.0,0.0,0.0,0.0,0.0,0.0,0.0,0.0,0.0,-19.735293376121263,160.5137194591185,0.0,880.2715002327873,880.2715002327873,-880.2715002327873,0.0,0.0,0.0,0.0,0.0,545.6335398790259,0.0,0.0,206.70365054905218,-173.75516153862077,0.0,0.0,39.470586752242255,0.0,0.0,0.0,0.0,256.7987563740655,0.0,0.0,0.14472548475851,0.0,0.0,0.0,80.25685972955925,0.0,0.0,0.0,0.0,-47.37255099701033,0.0,543.1083211542596,0.0,0.0,0.0,0.0,0.0,0.0,0.0,0.0,0.013156862250747794,0.013156862250747794,0.0,0.0,0.0,0.0,0.0,0.0,0.0,0.0,0.0,0.0,0.0,0.0,0.0,0.0,0.0,196.8360038609916,0.0,0.0,0.0,0.0,0.0,0.0,0.0,0.0,0.0,0.0,0.0,0.0,875.2766225662103,-1000.0,949.8100127154423,0.0,0.0,0.0,78.94117350448451,0.0,0.0,0.0,0.0,0.0,0.0,-78.94117350448451,0.0,0.0,0.0,0.0,0.0,0.0,0.0,0.0,0.0,0.0,0.0,0.0,600.3168379856056,-1000.0,90.12450641761983,0.0,-39.470586752242255,0.0,584.3312332157134,0.0,0.0,0.0,0.0,0.0,0.0,0.0,0.0,0.0,0.0,0.0,0.0,0.0,0.0,0.0,0.0,0.0,-16.44607781343427,77.49652380320602,-9.867646688060564,9.867646688060587,0.0,0.0,0.0,0.0,0.0,0.0,-1.6446077813434274,49.005794645384015,0.0,0.0,0.0,0.0,0.0,0.0,0.0,1000.0,39.470586752242255,39.470586752242255,0.0,0.0,0.0,0.0,0.0,0.14472548475851,196.8360038609916,0.0,0.0,-584.3312332157134,0.0,0.0,0.0,0.0,0.0,0.0,0.0,0.0,0.0,0.0,0.0,0.0,0.0,0.0,131.2126809488389,0.0,0.0,0.0,0.0,138.1470536328479,10.130783933075506,0.0,0.0,0.0,0.0,0.0,196.8360038609916,0.0,0.0,0.0,0.0,0.0,-16.44607781343427,0.0,0.0,0.0,0.0,0.0,0.0,0.0,0.0,0.0,0.0,0.0,0.0,0.0,0.0,0.0,0.0,0.0,0.0,-0.13156862250747417,0.0,0.0,6.578431125373709,-864.805554087939,0.0,0.0,0.0,0.0,77.49652380320602,0.0,0.0,0.0,11.328058397893814,3.2892155626868544,0.0,0.0,219.78857023605275,0.13156862250747417,0.0,131.56862250747417,-40.786272977317005,26.313724501494836,0.939775875053387,367.07645679585306,-0.09867646688060563,6.578431125373709,2.6313724501494837,-0.6578431125364559,-367.07645679585306,39.470586752242255,-0.13156862250747417,14.473856291542097,201.18279930171119,0.03289215562686854,0.939775875053387,-43.42156887462629,-20.945724703189125,-2.6313724501494837,24.7732131204732,-0.13156862250747417,0.03289215562686854,-367.07645679585306,13.156862250747418,0.13156862250747417,0.13156862250747417,-196.55970975372563,0.14472548475822197,0.0,-0.09867646688060563,39.470586752242255,0.13156862250747417,39.470586752242255,-65.78431125373709,-0.06578431125373708,-618.3163713012668,-13.288430873254896,-0.09867646688060563,-0.13156862250747417,-40.786272977317005,0.13156862250747417,13.156862250747418,-2.6313724501494837,0.0,0.0,-13.156862250747418,-24.7732131204732,0.0,26.313724501494836,0.19735293376121127,-675.2505665357571,13.156862250747418,-333.3333333333333,201.18279930171119,-26.313724501494836,0.06578431125373708,1.315686225074742,246.63315021168594,223.14972836248646,-0.13156862250747417,-226.43894392517345,196.55970975372563,40.786272977317005,0.13156862250747417,20.945724703189125,43.30045229274216,201.18279930171119,-0.13156862250747417,-0.03289215562686854,-201.18279930171119,-0.13156862250747417,-629.9514589035122,0.13156862250758786,-0.03289215562686854,-0.03289215562686854,-0.03289215562686854,52.62744900298967,65.78431125373709,1.315686225074742,97.47590320022499,-0.03289215562686854,478.79244413182977,6.578431125373709,50.0,0.13156862250747417,0.06578431125373708,0.06578431125373708,75.0,40.786272977317005,0.13156862250747417,-40.786272977317005,1.315686225074742,0.13156862250747414,-97.47590320022499,0.13156862250747417,0.5262744900288681,0.6578431125364559,0.06578431125373708,0.03289215562686854,39.470586752242255,-0.13156862250747417,0.0,1.3156862250747419,-194.95180640044998,3.289215562686855,-13.156862250747418,26.313724501494836,6.578431125373709,-0.13156862250747417,43.42156887462629,0.19735293376121127,-0.13156862250747414,-150.0,40.786272977317005,-58.996126870039305,0.06578431125373708,-100.0,-0.13156862250747417,-0.13156862250758786,-0.13156862250747417,0.06578431125373708,367.07645679585306,-26.313724501494836,0.13156862250747417,493.2663004233719,-0.03289215562686854,-0.14472548475822197,-493.2663004233719,19.735293376121124,13.288430873254892,239.5179977125301,367.07645679585306,-0.09867646688060563,226.43894392517345,-223.14972836248646,0.13156862250747417,-0.03289215562686855,6.578431125373709,131.56862250747417,-0.06578431125373708,-0.13156862250747417,0.03289215562686854,0.0,0.0,375.18478222450335,0.0,-255.0,0.0,-33.10237001873584,-46.329235432041756,0.0,-80.0,-255.0,-325.0,-300.0,40.0,127.5,127.5,0.0,23.164617716020878,-196.8360038609916,-197.80262950402619,300.0,325.0,-197.80262950402619,33.10237001873584,-44.77984228111271,0.0,1496.5981,hplb
315,0.0,0.0,0.0,0.0,0.0,0.0,0.0,0.0,-0.13644804987031783,0.0,0.0,0.0,0.0,0.0,0.0,0.0,1000.0,-826.7782585323553,0.0,126.77825853235527,0.0,0.0,0.0,0.0,0.0,0.0,0.0,0.0,0.0,0.0,0.0,0.0,195.97616807198636,0.0,0.0,0.0,0.0,-23.89660180062266,0.0,-946.4609111028274,1000.0,0.0,0.0,1000.0,0.0,0.0,0.0,0.0,-1000.0,-582.49992525436,0.0,0.0,0.0,0.1500928548574112,0.0,0.0,0.0,27.289609974063563,0.0,0.0,-12.016524925246488,0.0,352.4519678071017,340.43544288185524,0.0,0.0,0.0,0.0,0.0,302.70036592885486,0.0,1.3644804987031782,0.0,0.0,0.0,0.0,0.0,0.0,0.0,0.0,0.0,0.0,0.0,0.0,81.86882992219068,0.0,0.0,1000.0,948.6034616178017,-597.2069232356034,596.8662708368754,0.0,0.0,0.0,40.93441496109534,0.0,40.93441496109534,0.0,0.0,0.0,0.0,6.822402493515891,0.0,0.0,0.0,-9.180292067869578,869.6931872100888,1000.0,0.0,0.0,0.0,0.0,0.0,0.0,0.0,0.0,0.0,0.0,0.0,0.0,0.0,0.0,0.0,0.0,-740.1115519632773,0.0,0.0,40.93441496109534,0.0,42.298895459798516,0.0,0.0,-839.7655476517705,839.7655476517705,0.0,0.0,0.0,953.1249999997762,-953.1249999997762,0.0,0.0,0.0,0.0,0.0,0.0,10.506499840014515,0.1364480498703178,596.900382849343,0.0,0.0,130.3068127899112,-1000.0,0.0,0.0,0.0,0.0,684.8866994055215,0.0,0.0,0.0,0.0,0.0,275.40150157009185,275.40150157009185,0.0,0.0,0.0,0.0,-1000.0,0.0,0.0,275.53794961996215,0.0,0.0,0.0,0.0,0.0,0.0,0.0,0.0,0.0,0.0,0.0,0.0,0.0,0.0,0.0,0.0,0.0,0.0,0.0,-752.1260293676002,0.0,0.0,0.0,0.0,0.0,582.49992525436,0.0,-51.39653838219829,51.39653838219829,0.0,0.0,0.0,0.0,0.0,0.0,0.0,0.0,773.7804251966782,0.0,0.0,0.0,0.0,0.0,0.0,0.0,0.0,0.0,0.0,0.0,0.0,0.0,27.062813524109043,85.66200830893894,0.0,0.0,0.0,0.0,0.0,156.2187469630979,0.0,0.0,0.0,0.0,-12.016524925246488,-1000.0,0.0,0.0,0.0,0.0,0.0,0.0,0.0,0.0,4.39362720582537,0.0,0.0,0.0,0.0,1000.0,-51.39653838219829,0.0,0.0,0.0,0.0,0.0,10.913227417808798,0.0,0.0,0.0,277.49827333441635,0.0,0.0,-1000.0,0.0,397.89893223647914,-1000.0,0.0,397.89893223647925,897.2069232356034,0.0,-751.3965383821983,582.49992525436,0.0,224.47131217508883,0.0,0.0,0.0,0.0,0.0,0.0,0.0,1000.0,0.0,0.0,858.6840293439852,0.0,0.0,0.0,-12.016524925246488,-0.20467207480547672,0.0,0.0,0.0,0.0,0.1364480498703178,0.0,0.0,0.0,550.5792402375815,1000.0,0.0,-729.0131119408343,519.0030520538186,0.0,918.2240249351589,0.0,0.0,0.0,-9.180292067869578,0.0,0.0,0.0,199.9158745343598,800.0841254656402,-1000.0,0.0,-1000.0,0.0,0.0,0.0,0.0,0.0,0.0,0.0,0.0,0.0,0.0,0.0,0.0,0.0,0.0,0.0,0.0,0.0,581.6007272647981,0.0,604.9515368659393,0.0,0.0,0.0,0.0,0.0,0.0,-14.900127045839884,0.0,0.0,0.0,657.4051521272855,0.0,0.0,0.0,0.0,-114.08376173529557,-800.0841254656402,0.0,673.3858217304173,0.0,-52.79650290586278,0.0,-6.822402493515891,0.0,110.67256048853763,-680.2082242239333,-698.1541040630111,0.0,744.3281241391248,844.2298220097266,0.0,40.93441496109534,0.0,0.0,0.0,0.0,0.0,0.0,731.1892838551814,704.1264703310724,-704.1264703310724,-704.1264703310724,168.718720051816,0.0,0.0,-724.7349464797785,0.0,0.0,0.0,0.0,0.0,-24.033049850492976,0.0,0.0,122.71039002593643,0.0,0.0,0.0,0.0,44.727593347843595,0.272896099740655,0.0,0.0,0.0,0.0,0.0,0.0,0.0,0.0,0.0,302.70036592885486,0.0,0.0,0.0,0.0,0.0,0.0,0.0,0.0,0.0,0.1500928548574112,0.1500928548574112,0.0,279.7732035500455,0.0,81.86882992219068,0.0,0.0,0.0,-1000.0,0.0,0.0,0.0,0.0,0.0,631.8000742843213,1000.0,0.0,0.0,0.0,0.0,0.0,122.71039002593643,0.0,0.0,0.0,0.0,0.0,0.0,0.0,246.70385065442576,-550.5792402375815,0.0,0.0,10.506499840014515,0.0,0.0,0.0,-156.2187469630979,0.0,631.8000742843213,0.0,0.0,676.5276676321649,0.0,0.0,27.062813524109043,0.0,0.0,0.0,0.0,0.0,0.0,0.0,0.0,0.0,0.0,0.0,0.0,0.0,81.86882992219068,0.0,0.0,0.0,0.0,0.0,0.0,0.0,0.0,0.0,0.0,0.0,0.0,1.3644804987031782,0.0,0.0,0.0,0.0,0.0,0.0,0.0,0.0,40.93441496109534,0.0,0.0,0.0,0.0,0.0,0.0,0.0,0.0,0.0,0.0,-975.1690714954187,0.0,0.0,40.93441496109534,40.93441496109534,-493.12604140453146,1000.0,0.0,122.71039002593643,0.0,0.0,0.0,0.0,0.0,0.0,0.0,306.7072525433226,0.1364480498703178,0.0,0.0,0.0,180.19914243230755,68.17196204199,0.0,0.0,0.0,0.0,0.0,0.0,0.0,0.0,0.0,0.0,0.0,0.0,0.0,0.0,0.0,0.0,0.1364480498703178,0.0,0.0,0.0,0.0,0.0,0.0,0.0,0.0,0.0,0.0,0.0,0.0,0.0,8.450682555301187,-10.233603740273836,-6.822402493515891,0.0,0.0,0.0,0.0,0.0,0.0,0.0,0.0,0.0,0.0,0.0,0.0,0.0,0.0,0.0,0.0,751.1505266326408,0.0,0.0,0.0,-0.1364480498703178,0.0,0.0,0.1364480498703178,0.0,0.1364480498703178,0.0,0.0,0.0,81.86882992219068,166.46662084178772,166.46662084178772,0.0,0.0,0.0,0.0,0.0,0.0,0.0,0.0,0.0,0.0,0.0,0.0,0.0,211.66405162819422,0.0,0.0,0.0,0.0,0.0,0.0,0.0,0.0,0.0,0.0,0.0,0.0,0.0,156.2187469630979,0.0,0.0,0.0,0.20467207480547672,0.0,0.0,0.0,-40.93441496109534,0.0,0.0,0.0,0.0,0.0,-279.7732035500455,6.822402493515891,0.0,0.0,0.0,0.0,1000.0,0.0,0.0,0.0,0.0,0.0,0.0,0.0,0.0,0.0,0.0,0.0,0.0,-848.4429760843506,252.71039002593645,0.0,297.7103900259364,58.99166997412043,14.900127045839884,-14.900127045839884,0.0,0.0,0.0,-155.55339342397892,0.0,6.822402493515891,1000.0,0.0,530.3189906259765,0.0,-24.033049850492976,0.0,0.0,0.0,0.0,0.0,0.0,0.0,0.0,0.0,-20.467207480547675,0.0,166.46662084178772,0.0,665.3480405236096,665.3480405236096,-665.3480405236096,0.0,0.0,0.0,0.0,0.0,4.39362720582537,0.0,0.0,310.474014770867,-482.8995083611624,264.095374248299,0.0,40.93441496109534,0.0,0.0,0.0,0.0,106.16959689437874,0.0,0.0,0.1500928548574112,0.0,0.0,0.0,83.23331042089386,0.0,0.0,0.0,0.0,85.66200830893894,0.0,869.6931872100888,0.0,0.0,0.0,0.0,0.0,0.0,1000.0,0.0,0.013644804987031781,0.013644804987031781,0.0,0.0,0.0,0.0,0.0,0.0,0.0,0.0,0.0,0.0,0.0,0.0,0.0,0.0,0.0,279.7732035500455,0.0,0.0,0.0,0.0,0.0,0.0,0.0,582.49992525436,0.0,0.0,0.0,0.0,0.0,375.381720150157,-826.7782585323553,0.0,0.0,0.0,81.86882992219068,0.0,0.0,0.0,0.0,0.0,0.0,-81.86882992219068,0.0,0.0,0.0,0.0,0.0,0.0,0.0,0.0,0.0,0.0,0.0,0.0,-306.7072525433226,0.0,305.130965789362,275.73691885107723,-316.6713338121726,0.0,-23.89660180062266,0.0,0.0,0.0,0.0,0.0,0.0,0.0,0.0,0.0,377.60416666666663,0.0,-377.60416666666663,-377.60416666666663,0.0,0.0,0.0,0.0,-17.056006233789727,0.0,-10.233603740273836,201.43044788792037,0.0,0.0,0.0,0.0,0.0,968.7499999999627,-970.4556006233416,24.033049850492976,0.0,0.0,0.0,0.0,0.0,0.0,0.0,1000.0,40.93441496109534,40.93441496109534,0.0,0.0,0.0,0.0,0.0,0.1500928548574112,279.7732035500455,0.0,0.0,23.89660180062266,0.0,0.0,0.0,0.0,0.0,0.0,0.0,0.0,0.0,0.0,0.0,0.0,0.0,0.0,0.0,0.0,0.0,0.0,0.0,143.2704523638337,10.506499840014515,0.0,0.0,0.0,0.0,0.0,279.7732035500455,0.0,-6.822402493515891,0.0,0.0,0.0,-17.056006233789727,0.0,0.0,0.0,0.0,0.0,0.0,0.0,0.0,0.0,0.0,0.0,0.0,0.0,0.0,0.0,0.0,0.0,0.0,-0.1364480498703178,0.0,0.0,6.822402493515891,-631.8000742843213,0.0,0.0,0.0,0.0,0.0,0.0,0.0,0.0,-199.9158745343598,3.4112012467579453,0.0,0.0,0.0,0.1364480498703178,0.0,136.44804987031782,-42.298895459798516,27.289609974063563,0.9746289276451272,380.69005913818665,-0.10233603740273836,6.822402493515891,2.7289609974063564,-0.6822402493519051,-380.69005913818665,40.93441496109534,-0.13644804987031783,3.060097355956526,122.71039002593643,0.03411201246757945,0.9746289276451272,-9.180292067869578,-21.722529539355776,-2.7289609974063564,-300.0,-0.13644804987031783,0.03411201246757945,-380.69005913818665,13.644804987031781,0.13644804987031783,0.1364480498703178,-279.4866626453178,0.1500928548573496,-64.71602854641355,-0.10233603740273836,40.93441496109534,0.13644804987031783,40.93441496109534,-68.22402493515891,-0.0682240249351589,-601.8100867233688,-170.0,-0.10233603740273836,-0.13644804987031783,-42.298895459798516,0.1364480498703178,13.644804987031781,-2.7289609974063564,156.2187469630979,156.2187469630979,-13.644804987031781,300.0,-156.2187469630979,27.289609974063566,0.20467207480547672,-777.9316130575828,13.644804987031781,-246.70385065442576,122.71039002593643,-27.289609974063563,0.0682240249351589,1.3644804987031782,182.25327798520857,280.0,-0.1364480498703178,-310.474014770867,279.4866626453178,42.298895459798516,0.13644804987031783,21.722529539355776,-41.0272698184448,122.71039002593643,-0.1364480498703178,-0.03411201246757945,-122.71039002593643,-0.13644804987031783,-824.9655938622452,0.13644804987031783,-0.03411201246757945,-0.03411201246757945,-0.03411201246757945,54.579219948127125,68.22402493515891,1.3644804987031782,302.38515129246645,-0.03411201246757945,361.4464586144606,6.822402493515891,-15.541394180405906,0.1364480498703178,0.0682240249351589,0.06822402493515892,75.0,42.298895459798516,0.1364480498703178,-42.298895459798516,1.3644804987031782,0.13644804987031783,-704.9735559820576,0.13644804987031783,0.5457921994815873,0.6822402493519051,0.0682240249351589,0.03411201246757945,40.93441496109534,-0.13644804987031783,64.71602854641355,1.3644804987031782,-604.7703025849329,3.4112012467579453,-13.644804987031781,27.289609974063563,6.822402493515891,-0.13644804987031783,9.180292067869578,0.20467207480547672,-0.13644804987031783,-150.0,42.298895459798516,449.61668183596794,0.06822402493515892,31.08278836081181,-0.13644804987031783,-0.13644804987031783,-0.13644804987031783,0.06822402493515892,380.69005913818665,-27.289609974063563,0.1364480498703178,364.50655597041714,-0.03411201246757945,-0.1500928548573496,-364.50655597041714,20.467207480547668,170.0,315.4122542527377,380.69005913818665,-0.10233603740273836,310.474014770867,-280.0,0.13644804987031783,-0.03411201246757946,664.2275546208015,136.44804987031782,-0.0682240249351589,-0.13644804987031783,0.03411201246757945,0.0,0.0,477.86338903264766,402.5884046895912,-255.0,0.0,607.4911739047088,-140.0,0.0,-80.0,-255.0,-325.0,-300.0,40.0,127.5,127.5,0.0,70.0,-279.7732035500455,-555.7862787303467,300.0,325.0,-555.7862787303467,-607.4911739047088,317.4368193680609,0.0,1496.5981,hplb
316,0.0,0.0,0.0,0.0,0.0,0.0,0.0,0.0,-0.12206486814495542,0.0,0.0,0.0,0.0,0.0,0.0,0.0,6.998024340759315,-4.8952212240719115,0.0,0.0,0.0,0.0,0.0,679.937193823752,0.0,0.0,0.0,0.0,0.0,0.0,0.0,0.0,531.6778061432906,0.0,0.0,0.0,0.0,669.4253372237204,0.0,-1000.0,924.0752411250858,0.0,0.0,0.0,0.0,0.0,0.0,0.0,5.58260924331023,0.0,0.0,0.0,0.0,0.13427135495976472,0.0,0.0,0.0,24.412973628991082,0.0,0.0,48.42615472612998,0.0,0.0,-130.0510216009357,75.1633903642218,0.0,0.0,0.0,0.0,638.4898391636873,0.0,1.2206486814495543,0.0,0.0,0.0,0.0,0.0,0.0,0.0,0.0,0.0,0.0,0.0,0.0,73.23892088697326,0.0,0.3163913282596033,-303.29325363853036,0.0,612.3940810959771,-0.030516217036238854,0.0,0.0,0.0,36.61946044348663,0.0,36.61946044348663,0.0,0.0,0.0,0.0,169.52731574834286,0.0,0.0,0.0,-48.29281094957321,0.0,0.0,0.0,0.0,0.0,0.0,0.0,0.0,0.0,0.0,0.0,0.0,0.0,0.0,0.0,0.0,0.0,0.0,-785.8674839727643,0.0,0.0,36.61946044348663,0.0,37.840109124936184,0.0,0.0,0.0,0.0,0.0,0.0,-178.4771763270657,231.9293031789698,-231.9293031789698,0.0,0.0,0.0,0.0,0.0,0.0,9.715386175421166,0.12206486814495542,0.0,0.0,0.0,0.0,0.0,0.0,0.0,0.0,0.0,618.1831681525267,0.0,0.0,0.0,0.0,0.0,705.7666311461562,705.7666311461562,0.0,0.0,0.0,0.0,-137.472923507006,0.0,0.0,705.8886960143012,0.0,0.0,0.0,0.0,-152.82985410178435,0.0,0.0,0.0,0.0,0.0,0.0,0.0,0.0,0.0,-750.2953565738619,0.0,0.0,0.0,0.0,-1000.0,0.0,0.0,0.0,0.0,0.0,0.0,0.0,-312.39408109597707,312.39408109597707,103.00805211124806,0.0,0.0,0.0,0.0,0.0,0.0,0.0,-328.82365351071815,0.0,0.0,0.0,0.0,0.0,0.0,0.0,0.0,0.0,0.0,0.0,0.0,0.0,0.0,29.043394008763144,-12.580633584069545,0.0,0.0,0.0,75.46912421581764,-31.086914822818343,0.0,0.0,0.0,0.0,48.42615472612998,-12.580633584069545,0.0,0.0,0.0,0.0,0.0,0.0,0.0,0.0,950.2441902793363,0.0,0.0,0.0,619.2090081345191,931.6030892304962,-610.1047254911972,0.0,12.580633584069545,0.0,0.0,178.4771763270657,0.0,0.0,0.0,0.0,-71.95269206769407,0.0,0.0,-1000.0,-545.0387569656684,0.0,-454.9612430343316,0.0,545.0387569656684,-312.39408109597707,0.0,-19.57865792482886,0.0,0.0,268.639844835996,0.0,0.0,0.0,-1000.0,0.0,1000.0,0.0,1000.0,0.0,75.46912421581764,0.0,0.0,0.0,0.0,48.42615472612998,-0.18309730221743312,0.0,0.0,0.0,0.0,0.12206486814495542,0.0,0.0,0.0,-58.784788011252644,6.998024340759315,0.0,-959.6516328890071,116.10347514917953,152.82985410178435,759.6385509817458,0.0,779.8521134774758,0.0,-48.29281094957321,0.0,0.0,0.0,220.1478865225242,0.0,-1000.0,662.5263363232078,-1000.0,0.0,0.0,0.0,0.0,0.0,0.0,0.0,0.0,0.0,0.0,0.0,0.0,0.0,0.0,0.0,0.0,0.0,-330.08640330370014,0.0,-1000.0,0.0,0.0,946.3137015250687,1000.0,0.0,0.0,-959.9595764547574,0.0,0.0,0.0,583.1061288111958,163.424072341095,-245.39905422526263,1000.0,-587.8152795777953,-270.77471199546983,245.39905422526263,-938.8883328747254,0.0,21.87585456181654,0.0,-1000.0,0.0,579.8036744341225,267.72309029184595,-6.103243407247771,0.0,0.0,202.1933222153349,0.0,0.0,36.61946044348663,0.0,0.0,0.0,0.0,0.0,0.0,0.0,0.0,0.0,0.0,-163.78841335828554,0.0,0.0,-295.30460770676757,0.0,0.0,0.0,0.0,0.0,-80.99208421828655,0.0,0.0,201.05615058682656,0.0,0.0,0.0,0.0,-7.5760664347234865,0.24412973628867352,0.0,0.0,0.0,0.0,0.0,0.0,0.0,0.0,0.0,638.4898391636873,0.0,0.0,0.0,0.0,0.0,0.0,0.0,0.0,0.0,0.13427135495976472,0.13427135495976472,0.0,204.28731686044225,0.0,73.23892088697326,0.0,0.0,0.0,1000.0,0.0,0.0,0.3163913282596033,0.0,0.0,455.2671991040836,-1000.0,0.0,0.0,0.0,0.0,0.0,201.05615058682656,0.0,0.0,0.0,0.0,0.0,0.0,0.0,261.9558279909214,58.784788011252644,0.0,0.0,9.715386175421166,0.0,-71.92113728842972,71.92113728842972,0.0,0.0,455.2671991040836,0.0,0.0,447.6911326693601,0.0,0.0,0.0,0.0,0.0,0.0,0.0,0.0,0.0,0.0,0.0,0.0,0.0,0.0,0.0,0.0,73.23892088697326,178.4771763270657,178.4771763270657,0.0,0.0,0.0,0.0,0.0,0.0,0.0,0.0,0.0,0.0,1.2206486814495543,0.0,0.0,0.3163913282596033,-0.3163913282596033,0.0,0.0,0.0,0.0,36.61946044348663,0.0,0.0,0.0,0.0,0.0,0.0,0.0,0.0,0.0,0.0,692.3878103745374,0.0,0.0,36.61946044348663,36.61946044348663,537.9924719971998,-1000.0,0.0,201.05615058682656,0.0,0.0,0.0,0.0,0.0,-166.4417958870024,0.0,-92.96329296749639,0.12206486814495542,0.0,0.0,-137.3095818880767,298.5136781117969,442.66825067886765,0.0,0.0,0.0,0.0,0.0,0.0,0.0,0.0,0.0,0.0,0.0,0.0,0.0,0.0,0.0,0.0,0.12206486814495542,0.0,0.0,0.0,-801.0068144855541,801.0068144855541,0.0,0.0,0.0,0.0,0.0,681.8266377088187,0.0,-695.4725126385074,-669.9135966962999,-9.154865110871658,-2.802424016379945,-3.3008193908678254,0.0,0.0,0.0,0.0,0.0,0.0,0.0,0.0,0.0,0.0,0.0,178.4771763270657,152.82985410178435,0.0,0.0,208.29656562258265,0.0,0.0,0.0,-0.12206486814495542,0.0,0.0,0.12206486814495542,0.0,0.12206486814495542,0.0,0.0,0.0,73.23892088697326,148.91913913684562,148.91913913684562,0.0,0.0,0.0,0.0,0.0,0.0,0.0,0.0,0.0,0.0,0.0,0.0,0.0,230.65767166980518,0.0,0.0,0.0,0.0,0.0,0.0,0.0,0.0,0.0,0.0,0.0,0.0,0.0,71.92113728842972,0.0,0.0,0.0,0.18309730221743312,0.0,0.0,0.0,-36.61946044348663,0.0,0.0,0.0,0.0,0.0,-204.28731686044225,6.103243407247771,0.0,0.0,0.0,0.0,137.472923507006,943.5112775086887,-3.3008193908678254,0.0,0.0,0.0,0.0,0.0,0.0,0.0,178.4771763270657,0.0,0.0,1000.0,204.28731686044225,0.0,224.42692700460105,394.37543972929444,0.0,-16.44829894606871,695.4725126385074,-679.0242136924387,0.0,-148.91913913684562,0.0,6.103243407247771,525.2662921395562,0.0,0.0,0.0,-81.62486687480576,0.0,0.0,-421.87500000000034,421.87500000000034,0.0,0.0,0.0,0.0,0.0,731.9856263521186,0.0,148.91913913684562,0.0,0.0,0.0,0.0,0.0,0.0,0.0,0.0,0.0,950.2441902793363,0.0,0.0,231.75191219305722,-799.6939353874074,-766.4106243395803,0.0,36.61946044348663,0.3163913282596033,0.0,0.0,0.0,297.3209196381092,0.0,0.0,0.13427135495976472,0.0,0.0,0.0,74.45956956842281,0.0,0.0,0.0,0.0,29.043394008763144,0.0,0.0,0.0,0.0,0.0,0.0,0.0,0.0,0.0,0.0,0.012206486814495892,0.012206486814495892,0.0,0.0,0.0,0.0,0.0,0.0,0.0,0.0,0.0,-137.3095818880767,0.0,0.0,0.0,0.0,0.0,204.28731686044225,0.0,0.0,0.0,0.0,0.0,0.0,0.0,0.0,0.0,0.0,0.0,0.6327826565192066,0.0,0.0,-4.8952212240719115,0.0,0.0,0.0,73.23892088697326,0.0,0.0,0.0,0.0,0.0,0.0,-73.23892088697326,0.0,0.6327826565192066,0.0,0.0,0.0,0.0,0.0,0.0,0.0,0.0,0.0,0.0,92.96329296749639,496.08454043620543,314.27210634909966,0.0,-36.61946044348663,0.0,669.4253372237204,0.0,0.0,0.0,0.0,0.0,0.0,0.0,0.0,0.0,0.0,0.0,0.0,0.0,0.0,0.0,0.0,0.0,-15.258108518119428,178.4771763270657,-172.57893745196668,221.50280655893351,0.0,0.0,0.0,0.0,0.0,-1.5258108518119429,0.0,80.99208421828655,0.0,0.0,0.0,0.0,0.0,0.0,0.0,1000.0,36.61946044348663,36.61946044348663,0.0,0.0,0.0,0.0,0.0,0.13427135495976472,204.28731686044225,0.0,0.0,-669.4253372237204,0.0,0.0,0.0,0.0,0.0,0.0,0.0,0.0,0.0,0.0,0.0,0.0,0.0,0.0,0.0,0.0,0.0,0.0,0.0,128.16811155220321,9.715386175421166,0.0,0.0,0.0,0.0,0.0,204.28731686044225,0.0,0.0,0.0,0.0,0.0,-15.258108518119428,0.0,0.0,0.0,0.0,0.0,0.0,0.0,0.0,0.0,0.0,0.0,0.0,0.0,0.0,0.0,0.0,0.0,0.0,-0.12206486814495542,0.0,0.0,6.103243407247771,-455.2671991040836,0.0,0.0,0.0,0.0,178.4771763270657,0.0,0.0,0.0,-220.1478865225242,3.0516217036238853,0.0,0.0,0.0,0.12206486814495542,0.0,122.06486814495541,-37.840109124936184,24.412973628991082,0.8718919153211101,340.56098212442566,-0.09154865110871656,587.8152795777953,2.4412973628991086,-0.6103243407245125,-340.56098212442566,36.61946044348662,-0.12206486814495542,16.097603649857735,201.05615058682656,0.030516217036238854,0.8718919153211101,-48.29281094957321,-19.749118336936537,-2.4412973628991086,-2.1028031166874035,-0.12206486814495542,0.030516217036238854,-340.56098212442566,12.206486814495541,0.12206486814495542,0.12206486814495542,-204.03098063733754,-0.182119973300152,0.0,-0.09154865110871656,36.61946044348663,0.12206486814495542,36.61946044348663,-61.03243407247771,-0.06103243407247771,-521.5975462533803,18.758363140177845,-0.09154865110871656,-0.12206486814495542,-37.840109124936184,0.12206486814495542,12.206486814495541,-2.4412973628991086,71.92113728842972,71.92113728842972,-12.206486814495541,2.1028031166874035,-71.92113728842972,24.412973628991082,0.18309730221743312,-709.5847159157363,12.206486814495541,-261.9558279909214,201.05615058682656,-24.412973628991082,0.06103243407247771,1.2206486814495543,239.9129082222518,228.7002904894333,-0.12206486814495542,-231.75191219305722,204.03098063733754,37.840109124936184,0.12206486814495542,19.749118336936537,54.57830881288016,201.05615058682656,-0.12206486814495542,-0.030516217036238854,-201.05615058682656,-0.12206486814495542,-7.5760664347234865,0.12206486814495542,-0.030516217036238854,-0.030516217036238854,-0.030516217036238854,48.825947257982165,61.03243407247771,1.2206486814495543,90.4348091868938,-0.030516217036238854,463.72821279464586,6.103243407247771,9.891276624609514,0.12206486814495542,0.06103243407247771,0.06103243407247771,75.0,37.840109124936184,0.12206486814495542,-37.840109124936184,1.2206486814495543,0.12206486814495542,-90.4348091868938,0.12206486814495542,0.48825947257955704,0.6103243407245125,0.06103243407247771,0.030516217036238854,36.61946044348663,-0.12206486814495542,0.0,1.2206486814495543,-180.8696183737876,584.7636578741714,-12.206486814495541,24.412973628991082,6.103243407247771,-0.12206486814495542,48.29281094957321,0.18309730221743312,-0.12206486814495542,-150.0,37.840109124936184,70.61197413487122,0.06103243407247771,-19.782553249219035,-0.12206486814495542,-0.12206486814495542,-0.12206486814495542,0.06103243407247771,340.56098212442566,-24.412973628991082,0.12206486814495542,479.8258164445036,-0.030516217036238854,0.182119973300152,-479.8258164445036,18.30973022174331,-18.758363140177845,280.6358679500092,340.56098212442566,-0.09154865110871656,231.75191219305722,-228.7002904894333,0.12206486814495542,-0.03051621703623885,589.2093722184436,122.06486814495541,-0.06103243407247771,-0.12206486814495542,0.030516217036238854,0.0,0.0,409.5236834816638,0.0,-255.0,0.0,-28.113531546081603,-140.0,0.0,-80.0,-255.0,-248.83990063359215,-300.0,40.0,127.5,127.5,0.0,70.0,-204.28731686044225,-367.93289377298044,300.0,248.83990063359215,-367.93289377298044,28.113531546081603,-47.44916358672865,0.0,1496.5981,hplb
317,0.0,0.0,0.0,0.0,0.0,0.0,0.0,0.0,-0.09153007527687507,0.0,0.0,0.0,0.0,0.0,0.0,0.0,1000.0,-778.3077262404656,0.0,78.30772624046563,0.0,0.0,0.0,97.71819492733005,0.0,0.0,0.0,0.0,0.0,-227.92548420946798,0.0,0.0,29.84686303897784,0.0,0.0,0.0,0.0,403.60066123414566,0.0,-923.487079149912,972.5409774169375,0.0,0.0,937.2803372250614,0.0,0.0,0.0,0.0,-772.074515790532,-822.2485767027266,0.0,0.0,0.0,0.10068308280449051,0.0,0.0,0.0,18.306015055375013,0.0,0.0,-8.060748629382545,0.0,-623.0057189927925,-631.066467622175,0.0,0.0,0.0,0.0,19.805161762226135,-19.805161762226135,0.0,0.9153007527687509,0.0,0.0,0.0,0.0,0.0,0.0,0.0,0.0,0.0,0.0,0.0,0.0,54.91804516612504,0.0,0.0,1000.0,131.94094251779066,-309.1070434507173,-0.022882518819218767,0.0,0.0,0.0,27.45902258306252,0.0,27.45902258306252,0.0,0.0,0.0,0.0,782.9090340940394,-929.0882750325756,0.0,0.0,0.0,0.0,0.0,0.0,0.0,0.0,0.0,0.0,0.0,0.0,0.0,0.0,0.0,0.0,0.0,0.0,0.0,0.0,0.0,-544.4808396413699,0.0,0.0,27.45902258306252,0.0,28.374323335831274,0.0,0.0,0.0,0.0,0.0,0.0,-1000.0,0.0,0.0,1000.0,0.0,0.0,0.0,0.0,0.0,7.047815796319377,0.09153007527687507,0.0,0.0,0.0,0.0,0.0,0.0,0.0,0.0,0.0,531.0791833764822,0.0,0.0,0.0,0.0,0.0,835.1382377196707,835.1382377196707,0.0,0.0,0.0,0.0,0.0,0.0,0.0,835.2297677949475,0.0,0.0,0.0,0.0,-548.6530186987322,0.0,0.0,0.0,0.0,0.0,0.0,0.0,0.0,0.0,-419.6306284176339,0.0,0.0,0.0,0.0,-1000.0,0.0,0.0,0.0,0.0,0.0,822.2485767027266,0.0,477.1661009329267,-477.1661009329267,0.0,0.0,0.0,0.0,0.0,0.0,0.0,701.1627908231076,-704.7472744649845,0.0,0.0,0.0,0.0,0.0,0.0,0.0,0.0,0.0,0.0,0.0,0.0,0.0,337.48884169792007,-63.38796988924997,0.0,0.0,0.0,0.0,0.0,0.0,0.0,0.0,0.0,0.0,-8.060748629382545,-937.2803372250614,0.0,0.0,0.0,0.0,0.0,0.0,0.0,0.0,551.1807844525857,0.0,0.0,0.0,690.7556614363673,345.53050302123125,705.0915851423947,0.0,0.0,0.0,0.0,0.0,-888.3333081622125,0.0,0.0,0.0,51.31818685315557,0.0,0.0,-1000.0,-38.24741468945945,0.0,-1000.0,38.24741468945945,0.0,609.1070434507174,0.0,-450.75938327654126,822.2485767027266,0.0,255.3689100224815,0.0,0.0,0.0,-297.6701315932268,0.0,297.6701315932268,0.0,835.0467076443938,0.0,0.0,-511.2303668648663,0.0,0.0,0.0,-8.060748629382545,-0.1372951129153126,0.0,0.0,0.0,0.0,0.09153007527687507,0.0,0.0,0.0,421.36019296435177,1000.0,0.0,-827.4709605132649,-156.84658279992425,548.6530186987322,1000.0,0.0,0.0,0.0,0.0,0.0,0.0,0.0,196.4941553172901,-624.6634094150575,428.1692540977673,-1000.0,-1000.0,0.0,0.0,0.0,0.0,0.0,0.0,0.0,0.0,0.0,0.0,0.0,0.0,0.0,0.0,0.0,0.0,0.0,923.8006680169125,0.0,519.8338864816595,0.0,0.0,548.233516028673,0.0,0.0,0.0,-558.2286002489051,0.0,0.0,0.0,0.0,778.3325303301957,0.0,0.0,-1000.0,-157.5403440945223,604.8582476528313,503.96931315934324,504.7041214744778,-755.7893952567086,0.0,0.0,606.2572310710584,0.0,155.25209221260045,-509.28062523832153,-1000.0,0.0,0.0,0.0,641.6682418931388,27.459022583062524,0.0,0.0,0.0,0.0,0.0,0.0,337.48884169792007,0.0,0.0,0.0,101.36319097824133,0.0,0.0,0.0,0.0,0.0,701.1627908231076,0.0,0.0,-16.12149725876509,0.0,0.0,0.0,0.0,0.0,0.0,0.0,-90.8469924723125,0.18306015055350144,0.0,0.0,0.0,0.0,0.0,0.0,0.0,0.0,0.0,0.0,0.0,0.0,0.0,0.0,0.0,0.0,0.0,0.0,0.0,0.10068308280449051,0.10068308280449051,0.0,599.182826642545,0.0,54.91804516612504,0.0,0.0,0.0,1000.0,0.0,0.0,0.0,0.0,0.0,266.7425079639114,-1000.0,0.0,0.0,193.51690760011803,0.0,0.0,0.0,0.0,0.0,0.0,0.0,0.0,0.0,0.0,181.49361321378998,-421.36019296435177,0.0,0.0,7.047815796319377,0.0,0.0,0.0,0.0,0.0,266.7425079639114,0.0,175.89551549159893,0.0,0.0,0.0,337.48884169792007,0.0,0.0,0.0,0.0,0.0,0.0,0.0,0.0,0.0,0.0,0.0,0.0,0.0,54.91804516612504,0.0,0.0,0.0,0.0,0.0,0.0,0.0,0.0,0.0,0.0,0.0,0.0,0.9153007527687509,0.0,0.0,0.0,0.0,0.0,0.0,0.0,0.0,27.459022583062524,-193.51690760011803,0.0,0.0,0.0,0.0,0.0,0.0,0.0,0.0,0.0,-781.2790455566411,983.7090484956981,0.0,27.45902258306252,27.45902258306252,1000.0,-1000.0,0.0,0.0,0.0,0.0,0.0,0.0,0.0,929.0882750325756,701.1627908231076,1000.0,0.09153007527687507,0.0,0.0,0.0,120.87854012815309,0.0,0.0,0.0,0.0,0.0,0.0,0.0,0.0,0.0,0.0,0.0,0.0,0.0,0.0,0.0,0.0,0.0,0.09153007527687507,0.0,0.0,0.0,-767.0022714951847,767.0022714951847,0.0,0.0,0.0,0.0,0.0,-9.995084220232116,0.0,0.0,-403.96678153525295,-6.864755645765631,-4.576503763843758,0.0,0.0,0.0,0.0,0.0,0.0,0.0,0.0,0.0,0.0,0.0,0.0,0.0,548.6530186987322,0.0,0.0,646.2447456569826,0.0,0.0,0.0,-0.09153007527687507,0.0,0.0,0.09153007527687507,0.0,0.09153007527687507,0.0,0.0,0.0,54.91804516612504,111.6666918377876,111.6666918377876,0.0,0.0,0.0,0.0,0.0,0.0,0.0,0.0,0.0,701.1627908231076,0.0,0.0,0.0,204.37489479862904,0.0,0.0,0.0,0.0,0.0,0.0,0.0,0.0,0.0,0.0,0.0,0.0,0.0,0.0,0.0,-675.2261990261075,675.2261990261075,0.1372951129153126,0.0,0.0,0.0,-27.459022583062524,0.0,0.0,0.0,0.0,0.0,-599.182826642545,4.576503763843753,0.0,0.0,0.0,0.0,0.0,1000.0,0.0,0.0,0.0,0.0,0.0,0.0,0.0,0.0,0.0,0.0,193.51690760011803,202.43000293905698,261.69398494462496,0.0,306.69398494462496,0.0,0.0,441.7713997510949,0.0,-441.7713997510949,0.0,-1000.0,0.0,4.576503763843758,644.259209428895,0.0,0.0,0.0,-16.12149725876509,0.0,0.0,0.0,0.0,0.0,0.0,0.0,0.0,0.0,405.90111712610263,0.0,111.6666918377876,0.0,0.0,0.0,0.0,0.0,0.0,0.0,0.0,0.0,551.1807844525857,0.0,0.0,619.7770935798419,-120.87854012815309,145.02487281862597,0.0,27.45902258306252,0.0,0.0,0.0,0.0,234.8210149248646,0.0,0.0,0.10068308280449051,0.0,0.0,0.0,55.8333459188938,0.0,0.0,0.0,0.0,-63.38796988924997,0.0,0.0,0.0,0.0,0.0,0.0,0.0,0.0,0.0,0.0,0.009153007527687508,0.009153007527687508,0.0,0.0,0.0,0.0,0.0,0.0,0.0,0.0,0.0,0.0,0.0,0.0,0.0,0.0,0.0,599.182826642545,0.0,0.0,0.0,0.0,0.0,0.0,0.0,822.2485767027266,0.0,0.0,0.0,0.0,1000.0,-144.52617282660768,-778.3077262404656,0.0,0.0,0.0,54.91804516612504,0.0,0.0,0.0,0.0,0.0,945.081954833875,-1000.0,0.0,0.0,0.0,0.0,0.0,0.0,0.0,0.0,0.0,0.0,0.0,0.0,-1000.0,-1000.0,267.0729963632885,355.84803375884024,-383.3070563419027,0.0,403.60066123414566,0.0,0.0,0.0,0.0,0.0,0.0,0.0,0.0,0.0,0.0,0.0,0.0,0.0,0.0,0.0,0.0,0.0,-11.441259409609389,0.0,-785.1972859759613,197.51013915286336,0.0,0.0,0.0,0.0,0.0,843.7500000000008,-844.8941259409618,16.12149725876509,0.0,0.0,0.0,0.0,0.0,0.0,0.0,1000.0,27.45902258306252,27.45902258306252,0.0,0.0,0.0,0.0,0.0,0.10068308280449051,599.182826642545,0.0,0.0,-403.60066123414566,0.0,0.0,0.0,0.0,0.0,0.0,0.0,0.0,0.0,0.0,0.0,0.0,0.0,0.0,337.6130995130537,0.0,0.0,0.0,0.0,96.10657904071883,7.047815796319377,0.0,0.0,0.0,0.0,0.0,599.182826642545,0.0,-456.3429877351708,0.0,0.0,0.0,-11.441259409609389,0.0,0.0,0.0,0.0,0.0,0.0,0.0,0.0,0.0,0.0,0.0,0.0,0.0,0.0,0.0,0.0,0.0,0.0,-0.09153007527687507,0.0,0.0,4.576503763843753,-266.7425079639114,0.0,0.0,0.0,0.0,0.0,0.0,0.0,0.0,-196.4941553172901,2.2882518819218767,0.0,0.0,0.0,0.09153007527687507,0.0,91.53007527687507,-28.374323335831274,18.306015055375013,0.653786251977679,255.3689100224815,-0.0686475564576563,393.7427689289416,1.8306015055375013,-0.45765037638416217,-255.3689100224815,27.45902258306252,-0.09153007527687507,0.0,0.0,0.022882518819218767,0.653786251977679,0.0,-14.571587984075904,-1.8306015055375013,-300.0,-0.09153007527687507,0.022882518819218767,-255.3689100224815,9.153007527687507,0.09153007527687507,0.09153007527687507,-598.9906134844637,0.10068308280456258,-120.6938555112904,-0.0686475564576563,27.45902258306252,0.09153007527687507,27.459022583062524,-45.76503763843753,-0.045765037638437533,-410.3853278651918,-9.244537602964382,-0.0686475564576563,-0.09153007527687507,-28.374323335831274,0.09153007527687507,9.153007527687507,-1.8306015055375013,0.0,0.0,-9.153007527687507,300.0,0.0,18.306015055375013,0.1372951129153126,27.145427076926865,9.153007527687507,-181.49361321378998,0.0,-18.306015055375013,0.045765037638437533,0.9153007527687509,206.86774012831623,280.0,-0.09153007527687507,-619.7770935798419,598.9906134844637,28.374323335831274,0.09153007527687507,14.571587984075904,-109.83609033224995,0.0,-0.09153007527687507,-0.022882518819218767,0.0,-0.09153007527687507,-90.8469924723125,0.09153007527687505,-0.022882518819218767,-0.022882518819218767,-0.022882518819218767,36.61203011075003,45.76503763843753,0.9153007527687509,67.81234452075168,-0.022882518819218767,413.73548025663246,4.576503763843753,50.0,0.09153007527687507,0.045765037638437533,0.045765037638437533,9.153007527687507,28.374323335831274,0.09153007527687507,-28.374323335831274,0.9153007527687509,0.09153007527687507,-67.81234452075168,0.09153007527687507,0.3661203011072871,0.45765037638416217,0.045765037638437533,0.022882518819218767,27.45902258306252,-0.09153007527687507,120.6938555112904,0.9153007527687507,-135.62468904150336,391.4545170470197,-9.153007527687507,18.306015055375013,4.576503763843753,-0.09153007527687507,0.0,0.1372951129153126,-0.09153007527687507,-18.306015055375013,28.374323335831274,-33.79608350106005,0.045765037638437533,-100.0,-0.09153007527687507,-0.09153007527687505,-0.09153007527687507,0.045765037638437533,255.3689100224815,-18.306015055375013,0.09153007527687507,413.73548025663246,-0.022882518819218767,-0.10068308280456258,-413.73548025663246,13.72951129153126,9.244537602964382,-415.5253778355473,255.3689100224815,-0.0686475564576563,619.7770935798419,-280.0,0.09153007527687507,-0.022882518819218767,4.576503763843758,91.53007527687507,-0.045765037638437533,-0.09153007527687507,0.022882518819218767,869.4407727714315,0.0,-327.1911921145653,0.0,-255.0,0.0,475.5951553259142,-31.869677702596707,0.0,546.5062135921387,-119.66920603361635,-325.0,-300.0,-273.25310679606935,127.5,59.834603016808174,0.0,15.934838851298354,-599.182826642545,-201.02493142380456,300.0,325.0,-201.02493142380456,-475.5951553259142,288.13911906523833,0.0,1496.5981,hplb
318,0.0,0.0,0.0,0.0,0.0,0.0,0.0,0.0,496.41857854080337,0.0,0.0,0.0,0.0,0.0,0.0,0.0,14.78995872443511,-856.0847755969764,0.0,1000.0,0.0,0.0,0.0,1000.0,0.0,0.0,0.0,0.0,0.0,0.0,0.0,0.0,443.9871883845231,0.0,0.0,0.0,0.0,124.32489365073316,0.0,-1000.0,962.5306793896792,0.0,0.0,-232.24448424468986,0.0,0.0,0.0,0.0,217.4545255202546,-291.4225434030487,0.0,0.0,0.0,0.13738750890441107,0.0,0.0,0.0,0.0,0.0,0.0,-10.999327228051294,0.0,10.999327228051294,0.0,0.0,0.0,0.0,0.0,109.54978982188427,0.0,0.0,1.2489773536773583,0.0,0.0,0.0,0.0,0.0,0.0,0.0,0.0,0.0,0.0,0.0,0.0,74.9386412206415,0.0,0.0,125.24416841905361,642.6986939393082,0.0,-0.031224433841933952,0.0,0.0,1000.0,37.46932061032075,0.0,37.46932061032075,0.0,0.0,0.0,0.0,6.244886768386791,-565.9780491147219,0.0,0.0,0.0,266.7061357928269,0.0,0.0,0.0,0.0,0.0,0.0,0.0,0.0,0.0,0.0,0.0,0.0,0.0,0.0,0.0,0.0,0.0,-562.3956663019103,0.0,0.0,37.46932061032075,0.0,38.718297963998104,0.0,0.0,-279.0845402315093,279.0845402315093,0.0,0.0,0.0,921.8749999996695,-921.8749999996695,0.0,0.0,0.0,0.0,0.0,0.0,9.617125623315651,0.12489773536773581,0.0,0.0,0.0,474.2082906731421,-740.914426465969,0.0,0.0,0.0,0.0,614.4825504074697,0.0,0.0,0.0,0.0,0.0,824.2825499677183,824.2825499677183,0.0,0.0,0.0,0.0,0.0,0.0,0.0,824.4074477030861,0.0,0.0,0.0,-206.6909514875494,-798.4144119536861,0.0,0.0,0.0,0.0,0.0,0.0,0.0,0.0,0.0,0.0,0.0,0.0,0.0,0.0,-1000.0,0.0,0.0,0.0,0.0,0.0,291.4225434030487,0.0,-342.6986939393082,342.6986939393082,0.0,0.0,0.0,0.0,0.0,0.0,0.0,565.9780491147219,-715.5917639945142,0.0,0.0,0.0,0.0,0.0,0.0,0.0,0.0,0.0,0.0,0.0,0.0,0.0,151.12758867418967,78.39506423741759,-232.24448424468986,0.0,0.0,0.0,0.0,157.38532872785868,0.0,0.0,0.0,0.0,-10.999327228051294,0.0,0.0,0.0,35.79932121018344,0.0,0.0,0.0,0.0,0.0,310.3626320676677,24.979547073547163,0.0,0.0,14.602612121383572,1000.0,0.0,0.0,232.24448424468986,0.0,0.0,0.0,-627.2152080234574,0.0,0.0,0.0,-149.86536295198124,0.0,0.0,-721.4166838028893,-721.4166838028893,0.0,0.0,0.0,721.4166838028893,300.0,0.0,-541.4821634755929,291.4225434030487,0.0,191.07935294812427,0.0,0.0,0.0,-443.7156526259618,0.0,443.7156526259618,0.0,824.1576522323506,0.0,0.0,-684.6242831945256,0.0,0.0,0.0,-10.999327228051294,-0.18734660305160372,0.0,0.0,0.0,0.0,0.12489773536773581,0.0,0.0,0.0,494.7827185941529,14.78995872443511,0.0,-990.5000353847718,181.87501628656452,798.4144119536861,1000.0,0.0,0.0,0.0,0.0,0.0,0.0,0.0,-10.753695015161952,10.753695015161952,0.0,-219.5009692461114,-1000.0,0.0,0.0,0.0,0.0,0.0,0.0,0.0,0.0,0.0,0.0,0.0,0.0,0.0,0.0,0.0,0.0,35.79932121018344,-875.1755154077962,0.0,-1000.0,0.0,0.0,306.3409249888283,0.0,0.0,0.0,-173.78110731951534,0.0,0.0,0.0,0.0,0.0,0.0,0.0,-439.93327180884614,0.0,-120.30348483704623,-271.519148211748,-898.3618809984108,0.0,-168.1748006726563,0.0,433.68838504045937,0.0,-3.1224433841933954,892.116994230024,0.0,0.0,594.3443109475779,0.0,0.0,37.46932061032075,0.0,0.0,0.0,0.0,0.0,496.5434762761711,0.0,-151.12758867418967,151.12758867418967,151.12758867418967,-173.04099183097344,0.0,0.0,0.0,0.0,0.0,565.9780491147219,0.0,0.0,-21.99865445610259,0.0,0.0,0.0,0.0,0.0,0.0,0.0,40.925743627096836,0.24979547073533317,0.0,0.0,0.0,0.0,0.0,0.0,0.0,0.0,0.0,109.54978982188427,0.0,0.0,0.0,0.0,0.0,0.0,0.0,0.0,0.0,0.13738750890441107,0.13738750890441107,0.0,406.1480416006425,0.0,74.9386412206415,0.0,0.0,0.0,-888.883565084273,0.0,0.0,0.0,0.0,0.0,379.79790242718326,888.883565084273,0.0,0.0,203.8145715218768,0.0,0.0,0.0,0.0,0.0,0.0,0.0,0.0,0.0,0.0,187.46522210063677,-494.7827185941529,0.0,0.0,56.53238482942703,0.0,1000.0,0.0,-157.38532872785868,0.0,379.79790242718326,0.0,-579.2763539457198,1000.0,0.0,0.0,151.12758867418967,0.0,0.0,0.0,0.0,0.0,0.0,0.0,0.0,0.0,0.0,0.0,0.0,0.0,74.9386412206415,0.0,0.0,0.0,0.0,0.0,0.0,0.0,0.0,0.0,0.0,0.0,0.0,1.2489773536773583,0.0,0.0,0.0,0.0,0.0,0.0,0.0,0.0,37.46932061032075,-203.8145715218768,0.0,0.0,46.91525920611138,0.0,0.0,0.0,0.0,0.0,0.0,420.1210336809145,16.34883527845352,0.0,37.46932061032075,37.46932061032075,1000.0,888.883565084273,0.0,0.0,0.0,0.0,0.0,0.0,0.0,-214.5209816391667,565.9780491147219,-337.64990270676196,0.12489773536773581,0.0,0.0,164.94530208671912,0.0,403.0614447574263,0.0,-1000.0,0.0,0.0,0.0,0.0,0.0,0.0,0.0,0.0,0.0,0.0,0.0,0.0,0.0,0.0,0.12489773536773581,0.0,0.0,0.0,-602.4143006303478,602.4143006303478,0.0,0.0,0.0,0.0,0.0,132.55981766931296,0.0,0.0,-124.82448459220379,-9.367330152580188,-6.244886768386796,0.0,0.0,0.0,0.0,0.0,0.0,0.0,0.0,0.0,0.0,0.0,0.0,0.0,798.4144119536861,0.0,0.0,600.5891977159647,0.0,0.0,0.0,496.41857854080337,0.0,0.0,0.12489773536773581,0.0,0.12489773536773581,0.0,0.0,0.0,74.9386412206415,152.3752371486377,152.3752371486377,0.0,0.0,0.0,0.0,0.0,0.0,0.0,0.0,0.0,565.9780491147219,0.0,0.0,0.0,0.0,0.0,0.0,0.0,0.0,0.0,0.0,0.0,0.0,0.0,0.0,0.0,0.0,0.0,157.38532872785868,0.0,0.0,0.0,0.18734660305160372,0.0,0.0,0.0,-37.46932061032075,0.0,0.0,0.0,0.0,0.0,-406.1480416006425,6.244886768386791,0.0,0.0,0.0,0.0,0.0,173.78110731951534,0.0,0.0,0.0,0.0,0.0,0.0,0.0,0.0,0.0,0.0,203.8145715218768,0.0,255.02045292645283,0.0,300.02045292645283,403.0614447574263,0.0,0.0,0.0,0.0,0.0,-779.5904451720951,0.0,6.244886768386796,1000.0,0.0,0.0,0.0,-21.99865445610259,0.0,0.0,0.0,0.0,0.0,-146.19865037146798,0.0,0.0,0.0,-9.367330152580202,-9.367330152580166,152.3752371486377,0.0,0.0,0.0,0.0,0.0,0.0,0.0,0.0,0.0,310.3626320676677,0.0,0.0,424.8827019058029,-274.4950919086034,0.0,0.0,37.46932061032075,0.0,0.0,0.0,0.0,325.083953811471,0.0,0.0,0.13738750890441107,0.0,0.0,0.0,76.18761857431885,0.0,0.0,0.0,0.0,78.39506423741759,0.0,266.7061357928269,0.0,0.0,0.0,0.0,0.0,0.0,0.0,0.0,0.012489773536773581,0.012489773536773581,0.0,0.0,0.0,0.0,0.0,0.0,0.0,0.0,0.0,164.94530208671912,0.0,0.0,0.0,0.0,0.0,406.1480416006425,0.0,0.0,0.0,0.0,0.0,0.0,0.0,291.4225434030487,0.0,0.0,0.0,0.0,927.8555016766516,-222.30322218311835,-856.0847755969764,0.0,0.0,0.0,74.9386412206415,0.0,0.0,0.0,0.0,0.0,0.0,-74.9386412206415,0.0,0.0,0.0,0.0,0.0,0.0,0.0,0.0,0.0,0.0,0.0,0.0,337.64990270676196,-1000.0,85.55494872689903,0.0,-37.46932061032075,0.0,124.32489365073316,0.0,0.0,0.0,0.0,0.0,0.0,0.0,0.0,0.0,0.0,0.0,0.0,0.0,0.0,0.0,0.0,0.0,-15.612216920966983,0.0,-9.367330152580188,0.0,0.0,0.0,0.0,0.0,0.0,0.0,-1.561221692096698,21.99865445610259,0.0,0.0,0.0,0.0,0.0,0.0,0.0,1000.0,37.46932061032075,37.46932061032075,0.0,0.0,0.0,0.0,0.0,0.13738750890441107,406.1480416006425,0.0,0.0,-124.32489365073316,0.0,0.0,0.0,0.0,0.0,0.0,0.0,0.0,0.0,0.0,0.0,0.0,0.0,0.0,0.0,0.0,0.0,0.0,0.0,131.1426221361226,0.0,0.0,9.617125623315651,0.0,0.0,0.0,406.1480416006425,0.0,126.31493090092614,0.0,0.0,0.0,-15.612216920966983,0.0,0.0,0.0,0.0,0.0,0.0,0.0,0.0,0.0,0.0,0.0,0.0,0.0,0.0,0.0,0.0,0.0,0.0,-0.12489773536773581,0.0,0.0,6.244886768386791,-379.79790242718326,0.0,0.0,0.0,0.0,0.0,0.0,0.0,0.0,10.753695015161952,3.1224433841933954,0.0,0.0,0.0,0.12489773536773581,0.0,124.8977353677358,-38.718297963998104,24.979547073547167,0.892126681198113,348.46468167598294,-0.09367330152580186,6.244886768386799,2.4979547073547166,-0.624488676838368,-348.46468167598294,37.46932061032075,-0.12489773536773582,0.0,0.0,0.031224433841933956,0.892126681198113,0.0,-19.883719470541834,-2.4979547073547166,-158.70518312745867,-0.12489773536773582,0.031224433841933956,-348.46468167598294,12.489773536773582,0.12489773536773582,0.12489773536773581,-405.8857563563704,0.1373875089045094,0.0,-0.09367330152580186,37.46932061032075,0.12489773536773582,37.46932061032075,-62.44886768386792,-0.06244886768386791,-614.4825504074697,-170.0,-0.09367330152580186,-0.12489773536773582,-38.718297963998104,0.12489773536773581,12.489773536773582,-2.4979547073547166,157.38532872785868,157.38532872785868,-12.489773536773582,158.70518312745867,-157.38532872785868,24.979547073547163,0.18734660305160372,-601.2668445408108,12.489773536773582,-187.46522210063677,0.0,-24.979547073547163,0.062448867683867905,1.2489773536773583,247.62500884619294,280.0,-0.12489773536773581,-434.25003205838306,405.8857563563704,38.718297963998104,0.12489773536773582,19.883719470541834,-149.87728244128323,0.0,-0.12489773536773581,-0.031224433841933956,0.0,-0.1248977353677358,-225.78039216573006,0.12489773536776738,-0.031224433841933952,-0.031224433841933952,-0.031224433841933952,49.959094147094326,62.44886768386792,1.2489773536773583,92.53360969056814,-0.031224433841933952,495.2500176923859,6.244886768386791,-14.217985045161626,0.12489773536773581,0.062448867683867905,0.06244886768386791,12.489773536773582,38.718297963998104,0.12489773536773581,-38.718297963998104,1.2489773536773583,0.12489773536773582,-92.53360969056814,0.12489773536773582,0.499590941470629,0.624488676838368,0.06244886768386791,0.031224433841933956,37.46932061032075,-0.12489773536773582,0.0,1.2489773536773583,-185.06721938113628,3.1224433841933887,-12.489773536773582,24.979547073547163,6.244886768386791,-0.12489773536773582,0.0,0.18734660305160372,-0.12489773536773582,-24.979547073547167,38.718297963998104,-7.752510000675882,0.06244886768386791,28.435970090323252,-0.12489773536773582,-0.12489773536776738,-0.12489773536773582,0.06244886768386791,348.46468167598294,-24.979547073547163,0.12489773536773581,495.2500176923859,-0.031224433841933952,-0.1373875089045094,-495.2500176923859,18.73466030516037,170.0,53.74689673791573,348.46468167598294,-0.09367330152580186,434.25003205838306,-280.0,0.12489773536773582,-0.03122443384193395,6.244886768386796,124.8977353677358,-0.062448867683867905,-0.12489773536773582,0.031224433841933952,0.0,0.0,301.2043956731269,0.0,-255.0,0.0,561.2832095478205,-43.685983578723665,0.0,-80.0,-255.0,-325.0,-300.0,40.0,127.5,127.5,0.0,21.842991789361832,-406.1480416006425,-317.3314438107951,300.0,325.0,-317.3314438107951,-561.2832095478205,349.3353592261651,0.0,1496.5981,hplb
319,0.0,0.0,0.0,0.0,0.0,0.0,0.0,0.0,-0.12213757284982871,0.0,0.0,0.0,0.0,0.0,0.0,0.0,153.87868672645936,-191.07787107947172,0.0,0.0,0.0,0.0,0.0,0.0,0.0,664.516505068511,0.0,0.0,0.0,-960.7103571047542,23.4126679970729,-23.4126679970729,129.25747803491913,0.0,0.0,0.0,0.0,774.1004316219789,0.0,-1000.0,963.3587281450514,0.0,0.0,0.0,0.0,0.0,0.0,69.99216845012906,1000.0,-3.8131174742127314,0.0,984.374999999922,0.0,0.13435133013471542,0.0,0.0,0.0,0.0,0.0,0.0,-18.560471581331797,0.0,18.560471581331797,0.0,0.0,0.0,0.0,0.0,815.9714866150458,0.0,0.0,1.2213757284982871,0.0,0.0,0.0,0.0,0.0,0.0,0.0,849.039311249912,0.0,0.0,-61.73961391969169,0.0,73.28254370989723,0.0,0.0,0.0,93.29712892045029,0.0,-0.030534393212457177,0.0,0.0,0.0,36.64127185494861,0.0,36.64127185494861,0.0,375.6630014908776,0.0,0.0,196.01271290849718,-1000.0,0.0,0.0,-8.04328160509976,0.0,172.6956212043751,0.0,0.0,0.0,0.0,0.0,0.0,0.0,0.0,0.0,0.0,0.0,0.0,0.0,0.0,0.0,0.0,-1000.0,0.0,0.0,36.64127185494861,0.0,37.86264758344689,0.0,0.0,-232.12474621758514,232.12474621758514,0.0,0.0,0.0,0.0,0.0,0.0,0.0,0.0,0.0,0.0,0.0,71.1442070291285,0.12213757284982871,0.0,0.0,0.0,0.0,0.0,0.0,0.0,61.73961391969169,0.0,679.7311271131205,0.0,0.0,0.0,0.0,0.0,413.88545867215004,413.88545867215004,0.0,0.0,0.0,640.6249999999999,984.3750000000026,0.0,0.0,437.4202642420728,0.0,0.0,0.0,68.52181941181527,0.0,0.0,0.0,0.0,0.0,0.0,0.0,0.0,0.0,0.0,-473.76318164353387,0.0,0.0,0.0,0.0,-1000.0,0.0,0.0,0.0,0.0,0.0,3.8131174742127314,-984.374999999922,206.7028710795497,-206.7028710795497,0.0,0.0,0.0,0.0,0.0,0.0,0.0,39.289642895245805,-226.0306726716973,0.0,0.0,0.0,0.0,0.0,0.0,0.0,0.0,0.0,0.0,0.0,0.0,0.0,38.82488164245672,-51.14497086006852,791.2066703782168,0.0,0.0,0.0,0.0,42.741747465744496,0.0,0.0,0.0,0.0,-18.560471581331797,791.2066703782168,23.4126679970729,0.0,0.0,0.0,0.0,0.0,0.0,0.0,676.7689400405031,94.4196830200948,0.0,0.0,153.69548036718462,40.28973820808511,222.3278710796277,0.0,-791.2066703782168,0.0,0.0,0.0,794.3754654236384,0.0,0.0,0.0,-33.949805760410214,0.0,0.0,-645.6272292302139,0.0,0.0,-645.6272292302139,0.0,0.0,300.0,0.0,0.0,3.8131174742127314,0.0,298.0220807852776,0.0,0.0,0.0,-927.8249503154782,0.0,927.8249503154782,0.0,1000.0,0.0,0.0,793.0427931889501,640.6249999999999,0.0,0.0,-18.560471581331797,-0.18320635927474305,0.0,0.0,0.0,0.0,0.12213757284982871,0.0,0.0,0.0,243.84804063880375,153.87868672645936,0.0,-1000.0,484.93858771245846,0.0,1000.0,0.0,0.0,0.0,-8.04328160509976,0.0,0.0,0.0,-10.516045022370154,0.0,10.516045022370154,-1000.0,-1000.0,0.0,0.0,0.0,0.0,0.0,0.0,0.0,0.0,0.0,0.0,0.0,0.0,0.0,0.0,0.0,0.0,0.0,0.0,0.0,-1000.0,61.73961391969169,225.41101808662265,649.4234421976666,1000.0,0.0,0.0,-724.5004790725583,0.0,375.6630014908776,0.0,0.0,189.90583426600574,0.0,-415.5570710597988,0.0,996.9465606787543,-815.9714866150458,901.0097264873659,-6.106878642491435,-174.97428686466452,0.0,415.5570710597988,-601.0597957754943,1000.0,-1000.0,0.0,-1000.0,0.0,194.76913412288013,-531.1580921423866,581.1025730350228,36.64127185494861,0.0,0.0,0.0,0.0,0.0,0.0,0.0,-38.82488164245672,38.82488164245672,38.82488164245672,238.615767035134,0.0,0.0,-562.8240109036268,0.0,0.0,39.289642895245805,0.0,0.0,-37.12094316266359,0.0,0.0,0.0,0.0,0.0,0.0,0.0,-87.78624271501712,0.24427514569940834,0.0,0.0,0.0,0.0,0.0,0.0,0.0,0.0,0.0,815.9714866150458,0.0,0.0,0.0,0.0,0.0,0.0,0.0,0.0,0.0,0.13435133013471542,0.13435133013471542,23.4126679970729,294.39736707249097,0.0,73.28254370989723,0.0,0.0,0.0,1000.0,0.0,298.53771026818345,0.0,0.0,0.0,924.7218104197773,-1000.0,0.0,0.0,0.0,0.0,0.0,0.0,0.0,0.0,0.0,0.0,0.0,0.0,0.0,333.3333333333333,-243.84804063880375,0.0,0.0,9.404593109436801,0.0,0.0,0.0,-42.741747465744496,0.0,924.7218104197773,0.0,836.9355677047602,0.0,0.0,0.0,38.82488164245672,0.0,0.0,0.0,0.0,0.0,0.0,0.0,0.0,0.0,0.0,0.0,0.0,0.0,73.28254370989723,0.0,0.0,0.0,0.0,0.0,0.0,0.0,0.0,0.0,0.0,0.0,0.0,1.2213757284982871,0.0,23.4126679970729,0.0,0.0,23.4126679970729,-984.374999999922,0.0,0.0,36.64127185494861,0.0,0.0,0.0,0.0,0.0,0.0,0.0,0.0,0.0,0.0,1000.0,-926.9428235502246,0.0,36.64127185494861,36.64127185494861,511.33596149550294,-1000.0,0.0,0.0,0.0,0.0,0.0,0.0,0.0,1000.0,39.289642895245805,1000.0,0.12213757284982871,0.0,0.0,-190.65309008439795,351.9532032572896,0.0,0.0,0.0,0.0,0.0,0.0,0.0,0.0,0.0,0.0,0.0,0.0,0.0,0.0,0.0,0.0,0.0,0.12213757284982871,0.0,0.0,0.0,0.0,0.0,0.0,0.0,0.0,225.41101808662265,0.0,924.9229631251084,0.0,-624.3369985091224,-1000.0,-9.160317963737153,0.0,-6.1068786424914405,0.0,0.0,0.0,0.0,0.0,0.0,0.0,0.0,0.0,0.0,0.0,0.0,0.0,0.0,0.0,781.9785858003944,0.0,0.0,0.0,-0.12213757284982871,0.0,0.0,0.12213757284982871,0.0,0.12213757284982871,0.0,0.0,0.0,73.28254370989723,149.00783887679103,149.00783887679103,0.0,0.0,0.0,0.0,0.0,0.0,0.0,0.0,0.0,39.289642895245805,0.0,0.0,0.0,0.0,0.0,0.0,0.0,0.0,0.0,0.0,0.0,0.0,0.0,0.0,0.0,0.0,0.0,42.741747465744496,0.0,-664.516505068511,664.516505068511,0.18320635927474305,0.0,0.0,0.0,-36.64127185494861,0.0,0.0,0.0,0.0,0.0,-294.39736707249097,6.106878642491435,0.0,0.0,0.0,-640.625,-984.3750000000026,724.5004790725583,-6.1068786424914405,0.0,0.0,0.0,0.0,0.0,0.0,0.0,0.0,0.0,0.0,-178.39664923648135,255.57248543003425,0.0,300.57248543003425,-8.04328160509976,0.0,0.0,1000.0,-1000.0,61.73961391969169,645.3676265468473,0.0,6.1068786424914405,525.300109361856,0.0,0.0,-23.4126679970729,-37.12094316266359,-391.61522048557913,391.61522048557913,0.0,0.0,0.0,0.0,0.0,0.0,0.0,455.44254571605967,0.0,149.00783887679103,0.0,704.6631355040267,704.6631355040267,-681.2504675069538,0.0,0.0,0.0,0.0,0.0,676.7689400405031,0.0,0.0,321.87832096370227,-977.2715997879375,529.5497265177805,0.0,36.64127185494861,0.0,0.0,0.0,0.0,263.9899326793964,0.0,0.0,0.13435133013471542,0.0,0.0,0.0,74.50391943839551,0.0,0.0,0.0,0.0,-51.14497086006852,0.0,0.0,0.0,0.0,0.0,0.0,0.0,0.0,0.0,0.0,0.012213757284982871,0.012213757284982871,0.0,0.0,0.0,0.0,0.0,0.0,0.0,0.0,0.0,-190.65309008439795,23.4126679970729,0.0,0.0,0.0,0.0,294.39736707249097,0.0,0.0,0.0,0.0,0.0,0.0,0.0,3.8131174742127314,0.0,0.0,0.0,0.0,323.3823734529967,0.0,-191.07787107947172,0.0,0.0,0.0,73.28254370989723,0.0,0.0,0.0,0.0,0.0,0.0,-73.28254370989723,0.0,0.0,0.0,0.0,0.0,0.0,0.0,0.0,0.0,23.4126679970729,23.4126679970729,0.0,-1000.0,-1000.0,83.6642374021327,-431.71335762949224,395.0720857745436,0.0,999.5114497086016,0.0,0.0,0.0,0.0,0.0,0.0,0.0,0.0,0.0,0.0,0.0,0.0,0.0,0.0,0.0,0.0,0.0,-15.267196606228595,0.0,-199.0661522297429,-9.160317963737231,0.0,0.0,0.0,0.0,0.0,-1.526719660622859,0.0,98.86055708235529,0.0,0.0,0.0,0.0,0.0,0.0,0.0,1000.0,36.64127185494861,36.64127185494861,0.0,0.0,0.0,0.0,849.039311249912,0.13435133013471542,294.39736707249097,0.0,0.0,-999.5114497086016,0.0,0.0,0.0,0.0,0.0,0.0,0.0,0.0,0.0,0.0,0.0,0.0,0.0,0.0,0.0,0.0,0.0,0.0,0.0,128.24445149232017,9.404593109436801,0.0,0.0,0.0,0.0,0.0,294.39736707249097,0.0,-75.07703687489168,0.0,0.0,0.0,-15.267196606228595,0.0,0.0,0.0,0.0,0.0,0.0,0.0,0.0,0.0,0.0,0.0,0.0,0.0,0.0,0.0,0.0,0.0,0.0,-0.12213757284982871,0.0,0.0,6.106878642491435,-924.7218104197773,0.0,0.0,0.0,0.0,0.0,0.0,0.0,0.0,10.516045022370154,3.0534393212457176,0.0,0.0,664.516505068511,0.12213757284982871,0.0,122.1375728498287,-37.86264758344689,24.42751456996574,0.8724112346416336,340.76382825102206,-0.09160317963737152,601.0597957754943,2.4427514569965743,-0.6106878642482115,-340.76382825102206,36.64127185494861,-0.12213757284982871,2.681093868366587,0.0,0.030534393212457177,0.8724112346416336,-8.04328160509976,-19.444301597691425,20.969916540076383,37.199184353012356,-0.12213757284982871,0.030534393212457177,-340.76382825102206,260.2435296178692,0.12213757284982871,0.12213757284982871,-294.1408781695064,0.13435133013481157,-200.95715753973667,-0.09160317963737152,36.64127185494861,0.12213757284982871,36.641271854948606,-61.06878642491435,-0.061068786424914354,-462.68740636318427,-55.077642323577194,-0.09160317963737152,-0.12213757284982871,-37.86264758344689,0.12213757284982871,12.21375728498287,-2.4427514569965743,42.741747465744496,42.741747465744496,-12.213757284982876,-37.199184353012356,-42.741747465744496,24.42751456996574,0.18320635927474305,-456.57857818909304,12.21375728498287,-333.3333333333333,0.0,-24.42751456996574,0.061068786424914354,1.2213757284982871,250.0,280.0,-0.12213757284982871,-321.87832096370227,294.1408781695064,37.86264758344689,0.12213757284982871,19.444301597691425,-394.59485975268086,0.0,-0.12213757284982871,-0.030534393212457177,0.0,-0.12213757284982871,-87.78624271501712,0.12213757284982871,-0.030534393212457177,-0.030534393212457177,-0.030534393212457177,48.85502913993148,61.06878642491435,1.2213757284982871,90.48867428511562,-0.030534393212457177,497.3189061316334,6.106878642491435,50.0,0.12213757284982871,0.061068786424914354,0.061068786424914354,12.21375728498287,37.86264758344689,0.12213757284982871,-37.86264758344689,1.2213757284982871,0.12213757284982871,-90.48867428511562,0.12213757284982871,0.48855029139836403,0.6106878642482115,0.061068786424914354,0.030534393212457177,36.64127185494861,-0.12213757284982871,200.95715753973667,-10.484958270038192,-180.97734857023124,598.0063564542486,-12.21375728498287,24.42751456996574,6.106878642491435,-0.12213757284982871,8.04328160509976,0.18320635927474305,-0.12213757284982871,-24.42751456996574,37.86264758344689,-19.673687022446273,0.061068786424914354,-100.0,-0.12213757284982871,-0.12213757284982871,-0.12213757284982871,0.061068786424914354,340.76382825102206,-24.42751456996574,0.12213757284982871,500.0,-0.030534393212457177,-0.13435133013481157,-500.0,18.320635927474303,55.077642323577194,43.99537826196697,340.76382825102206,-0.09160317963737152,321.87832096370227,-280.0,0.12213757284982871,-0.03053439321245717,6.1068786424914405,122.1375728498287,-0.061068786424914354,-0.12213757284982871,0.030534393212457177,0.0,0.0,156.5175094026681,0.0,-255.0,0.0,26.983291411450455,-140.0,248.02977233288635,29.70001260989426,-255.0,-325.0,-300.0,-14.85000630494713,127.5,127.5,-248.02977233288635,70.0,-294.39736707249097,-244.31624565695014,300.0,325.0,-244.31624565695014,-26.983291411450455,204.68219693957423,0.0,1496.5981,hplb
320,0.0,0.0,0.0,0.0,0.0,0.0,0.0,0.0,-0.12890899908003076,0.0,0.0,0.0,0.0,0.0,0.0,0.0,136.70339615412632,163.29660384587368,0.0,0.0,0.0,0.0,0.0,1000.0,0.0,0.0,0.0,0.0,0.0,-752.4118516955037,0.0,0.0,485.330255241777,0.0,0.0,0.0,0.0,-0.5156359963200856,0.0,-1000.0,1000.0,0.0,-373.4204999943823,0.0,0.0,0.0,0.0,0.0,644.4416232721035,-56.54715622849773,0.0,373.4204999943823,0.0,0.14179989898816134,0.0,0.0,0.0,0.0,0.0,0.0,-39.88322136358083,0.0,0.0,-39.88322136358083,0.0,0.0,0.0,0.0,740.3486521099811,89.40859903354108,0.0,1.2890899908003077,0.0,0.0,0.0,0.0,0.0,0.0,0.0,0.0,0.0,0.0,0.0,0.0,77.34539944801847,0.0,28.530635511266293,0.0,-139.624194596281,0.0,-0.03222724977000769,0.0,0.0,1000.0,38.67269972400923,0.0,38.672699724009235,0.0,0.0,0.0,0.0,6.445449954001538,-1000.0,0.0,0.0,0.0,0.0,806.4210183087638,0.0,0.0,0.0,0.0,0.0,0.0,0.0,0.0,0.0,0.0,0.0,0.0,0.0,0.0,0.0,0.0,-752.2580958352326,0.0,0.0,38.672699724009235,0.0,39.961789714809534,0.0,0.0,-417.96506904674516,0.0,417.96506904674516,-417.96506904674516,0.0,890.6249999995392,-890.6249999995392,0.0,0.0,0.0,0.0,0.0,0.0,38.45662844042866,0.12890899908003076,0.0,0.0,0.0,-281.2769647932389,0.0,0.0,0.0,0.0,0.0,424.952920395608,0.0,0.0,0.0,0.0,0.0,999.8710910009199,999.8710910009199,0.0,0.0,0.0,484.375,873.230347103232,0.0,0.0,1000.0,0.0,0.0,0.0,0.0,-646.0087274404056,0.0,0.0,0.0,0.0,0.0,0.0,0.0,0.0,0.0,-22.060626709228956,0.0,0.0,0.0,0.0,-1000.0,0.0,0.0,0.0,0.0,0.0,56.54715622849773,0.0,189.87610385149145,-189.87610385149145,0.0,0.0,0.0,0.0,0.0,0.0,0.0,247.58814830449623,-435.6184599077711,0.0,0.0,0.0,0.0,0.0,0.0,0.0,0.0,0.0,0.0,0.0,0.0,0.0,0.0,314.0640267518522,-28.733167730726063,0.0,0.0,0.0,0.0,156.9801910929169,0.0,0.0,0.0,0.0,-39.88322136358083,-28.733167730726063,0.0,0.0,0.0,0.0,0.0,0.0,0.0,0.0,4.1508697703764685,25.781799816006153,0.0,0.0,-95.57688036170532,-798.4976788038601,834.317727123595,0.0,28.733167730726063,0.0,0.0,0.0,-820.239067898166,0.0,0.0,0.0,-122.77769241758142,0.0,0.0,-714.9666348026153,-437.2218615088382,0.0,-277.74477329377714,0.0,437.2218615088382,50.25190925521046,0.0,82.15158441964394,56.54715622849773,0.0,202.67591634036893,0.0,0.0,0.0,0.0,0.0,0.0,0.0,1000.0,0.0,0.0,1000.0,484.375,0.0,0.0,-39.88322136358083,-0.19336349862004615,0.0,0.0,0.0,0.0,0.12890899908003076,0.0,0.0,0.0,800.1962394126973,136.70339615412632,0.0,-759.4452531256441,-221.81998541342364,646.0087274404056,914.4544995400154,0.0,0.0,0.0,0.0,0.0,0.0,0.0,-11.099064820790774,184.6750320820522,-173.57596726126144,-1000.0,-1000.0,0.0,0.0,0.0,0.0,0.0,0.0,0.0,0.0,0.0,0.0,0.0,0.0,0.0,0.0,0.0,0.0,0.0,-1000.0,0.0,-1000.0,0.0,0.0,0.0,0.0,0.0,0.0,-42.607498210805126,0.0,0.0,0.0,0.0,0.0,-1000.0,0.0,928.2711579170992,0.0,74.97631580796663,0.0,-823.4040892485898,1000.0,-1000.0,0.0,-934.7166078711008,436.4017778623665,-3.222724977000769,816.9586392945882,-491.54329567855194,0.0,747.9540740589117,0.0,245.60047598708672,38.672699724009235,31.25000000000003,-31.25000000000003,0.0,609.1395463866877,0.0,0.0,0.0,0.0,0.0,0.0,-856.4044415755702,0.0,0.0,-85.84972453195894,0.0,0.0,247.58814830449623,0.0,0.0,-22.705171704629073,0.0,0.0,124.21820018399384,0.0,0.0,0.0,0.0,-5.885637765395962,0.25781799816003675,0.0,0.0,0.0,0.0,0.0,0.0,0.0,0.0,0.0,829.7572511435222,0.0,0.0,0.0,0.0,0.0,0.0,0.0,0.0,0.0,0.14179989898816134,0.14179989898816134,0.0,254.21820018399384,0.0,77.34539944801847,0.0,0.0,0.0,916.5482212240541,0.0,147.09960816172824,28.530635511266293,0.0,0.0,-333.1313483606733,-916.5482212240541,0.0,0.0,928.9248263387451,0.0,0.0,124.21820018399384,0.0,0.0,0.0,0.0,0.0,0.0,0.0,250.7526986117442,-800.1962394126973,281.2769647932389,0.0,38.45662844042866,0.0,1000.0,0.0,-156.9801910929169,0.0,-333.1313483606733,0.0,0.0,-339.0169861260693,0.0,0.0,0.0,0.0,0.0,0.0,0.0,0.0,0.0,0.0,0.0,0.0,0.0,0.0,0.0,0.0,77.34539944801845,0.0,0.0,0.0,0.0,0.0,0.0,0.0,0.0,0.0,0.0,0.0,0.0,1.2890899908003077,0.0,0.0,28.530635511266293,-28.530635511266293,0.0,0.0,0.0,0.0,38.672699724009235,-928.9248263387451,0.0,0.0,0.0,0.0,0.0,0.0,0.0,0.0,0.0,-549.2729400443318,1000.0,0.0,38.67269972400923,38.67269972400923,1000.0,-916.5482212240541,0.0,124.21820018399384,0.0,0.0,0.0,0.0,0.0,1000.0,247.58814830449623,933.3480628300832,0.12890899908003076,0.0,0.0,0.0,170.24274885647776,476.48309537287633,0.0,-1000.0,0.0,0.0,0.0,0.0,0.0,0.0,0.0,0.0,0.0,0.0,0.0,0.0,0.0,0.0,0.12890899908003076,0.0,0.0,0.0,-953.1249999999989,953.1249999999989,0.0,0.0,0.0,0.0,-456.01087237283923,1000.0,0.0,0.0,-586.5966258379659,-9.668174931002309,-6.445449954001538,0.0,0.0,0.0,0.0,0.0,0.0,0.0,0.0,0.0,0.0,0.0,0.0,0.0,646.0087274404056,0.0,0.0,1000.0,0.0,0.0,0.0,-0.12890899908003076,0.0,0.0,0.12890899908003076,0.0,0.12890899908003076,0.0,0.0,0.0,77.34539944801847,157.26897887763755,157.26897887763755,0.0,0.0,0.0,0.0,0.0,0.0,0.0,281.2769647932389,0.0,247.58814830449623,0.0,0.0,0.0,0.0,0.0,0.0,0.0,0.0,0.0,0.0,0.0,0.0,0.0,0.0,0.0,0.0,0.0,156.9801910929169,0.0,0.0,0.0,0.19336349862004615,0.0,0.0,0.0,-38.672699724009235,0.0,0.0,0.0,0.0,0.0,-254.21820018399384,6.445449954001538,0.0,0.0,0.0,-484.375,-873.230347103232,0.0,0.0,0.0,0.0,0.0,0.0,0.0,0.0,0.0,0.0,0.0,928.9248263387451,0.0,254.21820018399384,0.0,580.4951649772328,476.48309537287633,586.5966258379659,413.4033741620341,0.0,-1000.0,0.0,-977.5080467758036,0.0,6.445449954001538,470.45164866428536,0.0,0.0,0.0,-79.76644272716166,0.0,0.0,0.0,0.0,0.0,0.0,0.0,0.0,0.0,2.7242768472242958,0.0,157.26897887763755,0.0,-731.7866027218694,-731.7866027218694,731.7866027218694,0.0,0.0,0.0,0.0,0.0,4.1508697703764685,0.0,0.0,283.22272497700084,-1000.0,0.0,-373.4204999943823,38.672699724009235,28.530635511266293,0.0,0.0,0.0,236.2253583893172,0.0,0.0,0.14179989898816134,0.0,0.0,0.0,78.63448943881876,0.0,0.0,0.0,0.0,314.0640267518522,0.0,0.0,0.0,0.0,0.0,0.0,0.0,0.0,0.0,0.0,0.012890899908003076,0.012890899908003076,0.0,0.0,0.0,0.0,0.0,0.0,0.0,0.0,0.0,0.0,0.0,0.0,0.0,0.0,0.0,254.21820018399384,0.0,0.0,0.0,0.0,0.0,0.0,0.0,56.54715622849773,0.0,0.0,0.0,57.06127102253259,0.0,1000.0,163.29660384587368,0.0,0.0,0.0,77.34539944801847,0.0,0.0,0.0,0.0,0.0,0.0,-77.34539944801847,0.0,57.06127102253259,0.0,0.0,0.0,0.0,0.0,0.0,0.0,0.0,0.0,0.0,-933.3480628300832,-1000.0,88.3026643698211,0.0,-38.672699724009235,0.0,-0.5156359963200856,0.0,0.0,0.0,0.0,0.0,0.0,0.0,0.0,0.0,489.5833333333333,0.0,-489.5833333333333,-489.5833333333333,0.0,0.0,0.0,0.0,-16.113624885003848,0.0,-9.668174931002309,-9.668174931002312,0.0,0.0,0.0,0.0,0.0,0.0,-1.6113624885003848,22.705171704629073,0.0,0.0,0.0,0.0,0.0,0.0,0.0,1000.0,38.67269972400923,38.67269972400923,0.0,0.0,0.0,0.0,0.0,0.14179989898816134,254.21820018399384,0.0,0.0,0.5156359963200856,0.0,0.0,0.0,0.0,0.0,0.0,0.0,0.0,0.0,0.0,0.0,0.0,0.0,0.0,0.0,0.0,0.0,0.0,0.0,135.35444903403229,0.0,0.0,38.45662844042866,0.0,0.0,0.0,254.21820018399384,0.0,-6.445449954001538,0.0,0.0,0.0,-16.113624885003848,0.0,0.0,0.0,0.0,0.0,0.0,0.0,0.0,0.0,0.0,0.0,0.0,0.0,0.0,0.0,0.0,0.0,0.0,-0.12890899908003076,0.0,0.0,6.445449954001538,333.1313483606733,0.0,0.0,0.0,0.0,0.0,0.0,0.0,0.0,11.099064820790774,3.222724977000769,0.0,0.0,0.0,0.12890899908003076,0.0,128.90899908003075,-39.961789714809534,25.781799816006153,0.9207785648573626,359.6561074332858,-0.09668174931002307,6.44544995400156,2.5781799816006155,-0.6445449954001532,-359.6561074332858,38.67269972400923,-0.12890899908003076,0.0,124.21820018399384,0.03222724977000769,0.9207785648573626,0.0,-49.05294816480671,-2.5781799816006155,-300.0,-0.12890899908003076,0.03222724977000769,-359.6561074332858,12.890899908003076,0.12890899908003076,0.12890899908003076,-253.94749128592565,-28.38883561227826,-14.732797634296617,-0.09668174931002307,38.67269972400923,0.12890899908003076,38.672699724009235,-64.45449954001538,-0.06445449954001538,-410.22012276131136,-170.0,-0.09668174931002307,-0.12890899908003076,-39.961789714809534,0.12890899908003076,12.890899908003078,-2.5781799816006155,156.9801910929169,156.9801910929169,-12.890899908003076,300.0,-156.9801910929169,25.781799816006153,0.19336349862004615,-326.86129524365373,12.890899908003076,-250.7526986117442,124.21820018399384,-25.781799816006153,0.06445449954001538,1.2890899908003077,189.86131328141101,280.0,-0.12890899908003076,-283.22272497700084,253.94749128592565,39.961789714809534,0.12890899908003076,49.05294816480671,-30.472598712043194,124.21820018399384,-0.12890899908003076,-0.03222724977000769,-124.21820018399384,-0.12890899908003076,-5.885637765395962,0.12890899908001074,-0.03222724977000769,-0.03222724977000769,-0.03222724977000769,51.563599632012306,64.45449954001538,1.2890899908003077,211.54891120202478,-0.03222724977000769,379.72262656282203,6.445449954001538,9.388268836699519,0.12890899908003076,0.06445449954001538,0.06445449954001538,75.0,39.961789714809534,0.12890899908003076,-39.961789714809534,1.2890899908003077,0.12890899908003076,-443.63582421923655,0.1289089990800309,0.5156359963200856,0.6445449954001532,0.06445449954001538,0.03222724977000769,38.67269972400923,-0.12890899908003076,14.732797634296617,1.2890899908003077,-423.09782240404957,3.2227249770007482,-12.890899908003078,25.781799816006153,6.445449954001538,-0.1289089990800309,0.0,0.19336349862004615,-0.12890899908003076,-150.0,39.961789714809534,43.647938571952125,0.06445449954001538,-18.776537673399037,-0.12890899908003076,-0.12890899908001074,-0.12890899908003078,0.06445449954001538,359.6561074332858,-25.781799816006153,0.12890899908003076,379.72262656282203,-0.03222724977000769,28.38883561227826,-379.72262656282203,19.336349862004614,170.0,-46.38785646834545,359.6561074332858,-0.09668174931002307,283.22272497700084,-280.0,0.12890899908003076,-0.03222724977000769,6.445449954001538,128.90899908003075,-0.06445449954001538,-0.12890899908003076,0.03222724977000769,0.0,0.0,276.5449314889032,232.08691301721177,-255.0,0.0,483.12189568403073,-11.696048748569474,0.0,-80.0,-255.0,-325.0,-50.25190925521045,40.0,127.5,127.5,0.0,5.848024374284737,-254.21820018399384,-279.8732969612693,50.25190925521046,325.0,-279.8732969612693,-483.12189568403073,250.35179724403542,0.0,1496.5981,hplb
321,0.0,0.0,0.0,0.0,0.0,0.0,0.0,0.0,-0.1591562668619884,0.0,0.0,0.0,0.0,0.0,0.0,0.0,0.0,112.90978531237164,0.0,-139.9074167287814,0.0,0.0,0.0,0.0,0.0,0.0,0.0,0.0,0.0,-976.4373666080286,0.0,0.0,181.44889633217767,0.0,0.0,0.0,0.0,297.0982897867666,0.0,-1000.0,882.3468173042002,0.0,0.0,0.0,0.0,0.0,0.0,0.0,976.4373666080286,0.0,0.0,0.0,0.0,0.17507189354796537,0.0,0.0,0.0,0.0,0.0,0.0,-14.01636190164518,0.0,0.0,-14.01636190164518,0.0,0.0,0.0,0.0,0.0,379.50354836396343,0.0,1.5915626686198838,0.0,0.0,0.0,0.0,0.0,0.0,0.0,0.0,0.0,0.0,0.0,0.0,95.49376011719303,0.0,0.0,-1000.0,133.09495185480884,0.0,-0.0397890667154971,0.0,0.0,940.1603997548597,47.74688005859652,0.0,47.74688005859652,0.0,324.9718573231951,0.0,0.0,7.957813343099419,-987.5031285299407,0.0,0.0,0.0,514.869719608239,0.0,0.0,0.0,0.0,0.0,0.0,0.0,0.0,0.0,0.0,0.0,0.0,0.0,0.0,0.0,0.0,0.0,-1000.0,0.0,0.0,47.74688005859652,0.0,49.3384427272164,0.0,0.0,0.0,0.0,0.0,0.0,0.0,0.0,0.0,0.0,0.0,0.0,0.0,0.0,0.0,12.255032548373038,0.1591562668619884,0.0,0.0,0.0,-514.869719608239,0.0,0.0,0.0,0.0,0.0,849.7948507365239,0.0,0.0,0.0,0.0,0.0,419.39693769110056,419.39693769110056,0.0,0.0,0.0,0.0,953.1250000000003,0.0,0.0,419.55609395796256,0.0,0.0,0.0,0.0,-601.26756896341,0.0,0.0,0.0,0.0,0.0,0.0,0.0,0.0,0.0,0.0,0.0,0.0,0.0,0.0,-1000.0,0.0,0.0,0.0,0.0,0.0,0.0,0.0,166.90504814519116,-166.90504814519116,0.0,0.0,0.0,0.0,0.0,0.0,0.0,11.065761921912127,-726.7257867301463,0.0,0.0,0.0,0.0,0.0,0.0,0.0,0.0,0.0,0.0,0.0,0.0,0.0,0.0,-36.33749325520466,0.0,0.0,0.0,0.0,0.0,153.92521704693917,0.0,0.0,0.0,0.0,-14.01636190164518,0.0,0.0,0.0,618.5767467858041,0.0,0.0,0.0,0.0,0.0,429.4947805345276,31.831253372397676,0.0,0.0,-0.23873440029298365,-34.0488306906753,143.34241475321974,0.0,0.0,0.0,0.0,0.0,-48.065192592320486,0.0,0.0,0.0,-21.57318005619652,0.0,0.0,-1000.0,0.0,0.0,-1000.0,0.0,0.0,300.0,0.0,163.47005012075272,0.0,0.0,290.12076749800843,0.0,0.0,0.0,-385.7995136137343,0.0,385.7995136137343,0.0,419.23778142423856,0.0,0.0,0.0,0.0,0.0,0.0,-14.01636190164518,-0.2387344002929826,0.0,0.0,0.0,0.0,0.1591562668619884,0.0,0.0,0.0,368.8331223599367,0.0,0.0,-1000.0,519.3808337861176,601.26756896341,834.8393828503949,0.0,1000.0,0.0,0.0,0.0,0.0,0.0,-13.703354576816977,13.703354576816977,-1000.0,-1000.0,-1000.0,0.0,0.0,0.0,0.0,0.0,0.0,0.0,0.0,0.0,0.0,0.0,0.0,0.0,0.0,0.0,0.0,618.5767467858041,-61.104070920752584,0.0,-1000.0,0.0,641.1610142250336,424.3699487415725,0.0,0.0,0.0,-441.7498130829006,0.0,324.9718573231951,0.0,136.00181942083628,0.0,0.0,-376.5119168828007,0.0,-94.02548285460753,-13.703354576816977,120.65932388878457,-7.957813343099419,-240.93073275052816,890.6250000000244,376.5119168828007,-7.957813343099419,1000.0,90.04657618305782,0.0,-1000.0,0.0,0.0,-1000.0,287.1177368255831,47.74688005859652,468.74999999999005,-468.74999999999005,0.0,0.0,0.0,0.0,0.0,0.0,0.0,0.0,178.2024967977749,0.0,0.0,0.0,0.0,0.0,11.065761921912127,0.0,0.0,-28.03272380329036,0.0,-420.20579386159443,95.25431451240173,0.0,0.0,0.0,0.0,-84.08437331380117,0.31831253372411084,0.0,0.0,0.0,0.0,0.0,0.0,0.0,0.0,0.0,0.0,0.0,0.0,0.0,0.0,0.0,0.0,0.0,0.0,0.0,0.17507189354796537,0.17507189354796537,0.0,207.78826670719263,0.0,95.49376011719303,0.0,0.0,0.0,1000.0,0.0,0.0,0.0,0.0,0.0,985.3185615385021,-1000.0,0.0,0.0,0.0,0.0,0.0,95.25431451240173,0.0,0.0,0.0,0.0,0.0,0.0,0.0,333.3333333333333,-368.8331223599367,0.0,0.0,12.255032548373038,0.0,940.1603997548597,0.0,-153.92521704693917,0.0,985.3185615385021,0.0,0.0,901.2341882247009,0.0,0.0,0.0,0.0,0.0,0.0,0.0,0.0,0.0,0.0,0.0,0.0,0.0,0.0,0.0,0.0,95.49376011719303,0.0,0.0,0.0,0.0,0.0,0.0,0.0,0.0,0.0,0.0,0.0,0.0,1.5915626686198838,0.0,0.0,0.0,0.0,0.0,0.0,0.0,0.0,47.74688005859652,0.0,0.0,0.0,0.0,0.0,0.0,0.0,0.0,0.0,0.0,0.0,-370.4207599441552,0.0,47.74688005859652,47.74688005859652,1000.0,-1000.0,0.0,95.25431451240173,0.0,0.0,0.0,0.0,0.0,987.5031285299407,11.065761921912127,1000.0,0.1591562668619884,0.0,0.0,-58.86245901295927,269.05104601376667,44.96624982982743,0.0,-940.1603997548597,0.0,0.0,0.0,0.0,0.0,0.0,0.0,0.0,0.0,0.0,0.0,0.0,0.0,0.0,0.1591562668619884,0.0,0.0,0.0,0.0,0.0,0.0,0.0,0.0,641.1610142250336,0.0,307.591992981867,0.0,0.0,-938.8959290792474,-11.93672001464913,0.0,-7.957813343099419,0.0,0.0,0.0,0.0,0.0,0.0,0.0,0.0,0.0,0.0,0.0,0.0,601.26756896341,0.0,0.0,295.0755501686825,0.0,0.0,0.0,-0.1591562668619884,0.0,0.0,0.1591562668619884,0.0,0.1591562668619884,0.0,379.50354836396343,0.0,95.49376011719303,194.17064557162584,194.17064557162584,0.0,0.0,0.0,0.0,0.0,0.0,0.0,0.0,0.0,11.065761921912127,0.0,0.0,0.0,0.0,0.0,0.0,0.0,0.0,0.0,0.0,0.0,0.0,0.0,0.0,0.0,0.0,0.0,153.92521704693917,0.0,-123.77832539867296,123.77832539867296,0.2387344002929826,0.0,0.0,0.0,-47.74688005859652,0.0,0.0,0.0,0.0,0.0,-207.78826670719263,7.957813343099419,0.0,0.0,0.0,0.0,-953.1250000000003,849.5804477725374,-7.957813343099419,0.0,-420.20579386159443,0.0,0.0,0.0,0.0,0.0,0.0,0.0,0.0,-429.0916624786927,207.78826670719263,0.0,293.16874662760233,44.96624982982743,0.0,407.8306346896368,324.9718573231951,-732.8024920128319,0.0,-242.2358381639463,0.0,7.957813343099419,1000.0,0.0,0.0,0.0,-28.03272380329036,0.0,0.0,0.0,0.0,0.0,0.0,0.0,0.0,0.0,219.72498672184176,-243.59842675114018,194.17064557162584,0.0,0.0,0.0,0.0,0.0,0.0,0.0,0.0,0.0,429.4947805345276,0.0,0.0,0.0,-210.1885870008074,597.5999917580688,0.0,47.74688005859652,0.0,0.0,0.0,0.0,266.54182764466225,0.0,0.0,0.17507189354796537,0.0,0.0,0.0,97.08532278581292,0.0,0.0,0.0,0.0,-36.33749325520466,0.0,514.869719608239,0.0,0.0,0.0,0.0,0.0,0.0,0.0,0.0,0.015915626686198614,0.015915626686198614,0.0,0.0,0.0,0.0,0.0,0.0,0.0,0.0,0.0,-58.86245901295927,0.0,0.0,0.0,0.0,0.0,207.78826670719263,0.0,0.0,0.0,0.0,0.0,0.0,0.0,0.0,0.0,0.0,0.0,0.0,1000.0,0.0,112.90978531237164,0.0,0.0,0.0,95.49376011719303,0.0,0.0,0.0,0.0,0.0,530.1591034493488,-625.6528635665418,0.0,0.0,0.0,0.0,0.0,0.0,0.0,0.0,0.0,0.0,0.0,0.0,-1000.0,-1000.0,109.02204280046215,0.0,-47.74688005859652,0.0,938.2593040118002,0.0,0.0,0.0,0.0,0.0,0.0,0.0,0.0,0.0,0.0,0.0,0.0,0.0,0.0,0.0,0.0,0.0,-19.894533357748628,0.0,-11.93672001464913,231.661706736491,0.0,0.0,0.0,0.0,0.0,0.0,-1.9894533357748554,28.03272380329036,0.0,0.0,0.0,0.0,0.0,0.0,0.0,1000.0,47.74688005859652,47.74688005859652,0.0,0.0,0.0,0.0,0.0,0.17507189354796537,207.78826670719263,0.0,0.0,-938.2593040118002,0.0,0.0,0.0,0.0,0.0,0.0,0.0,0.0,0.0,0.0,0.0,0.0,0.0,0.0,251.6409368813182,0.0,0.0,0.0,0.0,167.11408020508782,12.255032548373038,0.0,0.0,0.0,0.0,0.0,207.78826670719263,0.0,-425.21049903096485,0.0,0.0,0.0,-19.894533357748628,0.0,0.0,0.0,0.0,0.0,0.0,0.0,0.0,0.0,0.0,0.0,0.0,0.0,0.0,0.0,0.0,0.0,0.0,-0.1591562668619884,0.0,0.0,7.957813343099419,-985.3185615385021,0.0,0.0,0.0,0.0,0.0,0.0,0.0,0.0,13.703354576816977,3.9789066715497095,0.0,0.0,0.0,0.1591562668619884,0.0,159.15626686198837,-49.3384427272164,31.83125337239768,1.1368304775856313,444.0459845449476,-0.1193672001464913,7.957813343099419,3.1831253372397676,-0.7957813343092397,-444.0459845449476,47.74688005859652,-0.1591562668619884,0.0,95.25431451240173,0.0397890667154971,1.1368304775856313,0.0,-25.33767768442749,-3.1831253372397676,26.997631416409774,-0.1591562668619884,0.0397890667154971,-444.0459845449476,15.915626686198838,0.1591562668619884,0.1591562668619884,-207.45403854678267,0.175071893548187,-220.5670198161514,-0.1193672001464913,47.74688005859652,0.1591562668619884,47.74688005859652,-79.5781334309942,-0.0795781334309942,-629.2278309203725,-170.0,-0.1193672001464913,-0.1591562668619884,-49.3384427272164,0.1591562668619884,15.915626686198834,-3.1831253372397676,153.92521704693917,153.92521704693917,-15.915626686198838,-26.997631416409774,-153.92521704693917,31.831253372397676,0.2387344002929826,-322.9907661093355,15.915626686198838,-333.3333333333333,95.25431451240173,-31.831253372397676,0.0795781334309942,1.5915626686198838,250.0,239.6195200795903,-0.1591562668619884,-243.59842675114018,207.45403854678267,49.3384427272164,0.1591562668619884,25.33767768442749,-95.73320572198463,95.25431451240173,-0.1591562668619884,-0.0397890667154971,-95.25431451240173,-0.1591562668619884,-598.9540929220402,0.1591562668619884,-0.0397890667154971,-0.0397890667154971,-0.0397890667154971,63.66250674479535,79.5781334309942,1.5915626686198838,117.91489921137409,-0.0397890667154971,500.0,7.957813343099419,50.0,0.1591562668619884,0.0795781334309942,0.0795781334309942,63.54278394239971,49.3384427272164,0.1591562668619884,-49.3384427272164,1.5915626686198838,0.1591562668619884,-117.91489921137409,0.1591562668619884,0.6366250674472482,0.7957813343092397,0.0795781334309942,0.0397890667154971,47.74688005859652,-0.1591562668619884,220.5670198161514,1.5915626686198838,-235.82979842274818,3.9789066715497095,-15.915626686198834,31.831253372397676,7.957813343099419,-0.1591562668619884,0.0,0.2387344002929826,-0.1591562668619884,-127.08556788479942,49.3384427272164,-43.9797383842338,0.0795781334309942,-100.0,-0.1591562668619884,-0.1591562668619884,-0.1591562668619884,0.0795781334309942,444.0459845449476,-31.831253372397676,0.1591562668619884,500.0,-0.0397890667154971,-0.175071893548187,-500.0,23.873440029298255,170.0,-63.27504420497331,444.0459845449476,-0.1193672001464913,243.59842675114018,-239.6195200795903,0.1591562668619884,-0.039789066715497104,143.9596327639357,159.15626686198837,-0.0795781334309942,-0.1591562668619884,0.0397890667154971,0.0,0.0,22.91118797590451,0.0,-255.0,0.0,163.6766576119183,-140.0,0.0,-80.0,-255.0,-325.0,-300.0,40.0,127.5,127.5,0.0,70.0,-207.78826670719263,-222.56208926042845,300.0,325.0,-222.56208926042845,-163.6766576119183,121.74711832385205,0.0,1496.5981,hplb
322,0.0,0.0,0.0,0.0,0.0,0.0,0.0,0.0,-0.05738019014254133,0.0,0.0,0.0,0.0,0.0,0.0,0.0,-127.39683411996052,172.60316588003948,0.0,254.79366823992103,0.0,0.0,0.0,0.6776001291496527,0.0,489.00761333886527,0.0,0.0,0.0,-872.6031658800395,0.0,0.0,472.05759509167086,0.0,0.0,0.0,0.0,999.7704792394301,0.0,-1000.0,588.2096928847559,0.0,0.0,0.0,0.0,0.0,0.0,0.0,1000.0,0.0,0.0,0.0,0.0,0.06311820915686894,0.0,0.0,0.0,11.476038028508267,0.0,0.0,-304.6988841203729,0.0,803.4664440114229,498.7675598910501,0.0,0.0,0.0,0.0,891.1014008721229,-891.1014008721229,0.0,0.5738019014254134,0.0,0.0,0.0,0.0,0.0,0.0,0.0,0.0,0.0,0.0,0.0,0.0,34.428114085524804,0.0,299.6456020418204,-518.439272718918,54.16389316112158,127.48290440517431,-0.014345047535635334,0.0,0.0,-210.65651487920388,17.214057042762402,0.0,17.214057042762402,-703.9972219552652,0.0,0.0,0.0,2.8690095071270667,-872.6031658800395,0.0,0.0,0.0,0.0,0.0,0.0,0.0,0.0,0.0,0.0,0.0,0.0,0.0,0.0,0.0,0.0,0.0,0.0,0.0,0.0,0.0,-882.0640883610615,0.0,0.0,17.214057042762402,0.0,17.787858944187814,0.0,0.0,0.0,0.0,0.0,0.0,-522.0804981472008,0.0,0.0,522.0804981472008,0.0,0.0,0.0,0.0,0.0,304.06387668279604,0.05738019014254133,0.0,0.0,0.0,-1000.0,571.9156464863524,0.0,0.0,0.0,0.0,84.11536773861913,0.0,0.0,0.0,0.0,0.0,281.8851459781845,281.8851459781845,0.0,0.0,0.0,0.0,0.0,0.0,0.0,281.94252616832705,0.0,0.0,0.0,0.0,-797.5345020774586,0.0,0.0,0.0,0.0,0.0,0.0,0.0,0.0,0.0,-305.8224412511272,0.0,0.0,0.0,0.0,-953.1462279605894,0.0,0.0,0.0,0.0,0.0,0.0,0.0,54.16389316112158,-54.16389316112158,0.0,0.0,0.0,0.0,0.0,0.0,0.0,0.0,-686.7733659193888,0.0,0.0,0.0,0.0,0.0,0.0,0.0,0.0,0.0,0.0,0.0,0.0,0.0,0.0,351.0364295706641,0.0,0.0,0.0,0.0,0.0,164.2046007956033,0.0,0.0,0.0,0.0,-304.6988841203729,0.0,0.0,0.0,0.0,0.0,0.0,0.0,0.0,0.0,0.0,0.0,0.0,0.0,0.0,0.0,535.7246204422036,0.0,0.0,0.0,0.0,0.0,-137.09151423939272,0.0,0.0,0.0,-155.6057678507757,0.0,0.0,-1000.0,-156.24999999998204,0.0,0.0,-843.750000000018,1000.0,108.32778632224316,0.0,0.0,0.0,0.0,-4.1138702979129675,0.0,0.0,0.0,-59.1652068100874,0.0,59.1652068100874,0.0,0.0,0.0,0.0,21.41344704923955,0.0,0.0,0.0,-304.6988841203729,-0.08607028521381199,0.0,0.0,0.0,0.0,0.05738019014254133,0.0,0.0,0.0,771.7275701222236,-127.39683411996054,0.0,-258.58909372395857,67.61181508631238,797.5345020774586,605.4237499275184,0.0,0.0,0.0,0.0,0.0,0.0,0.0,821.556823661635,-99.27665834691925,-722.2801653147158,-971.0738138924031,-1000.0,0.0,0.0,0.0,0.0,0.0,0.0,0.0,0.0,0.0,0.0,0.0,0.0,0.0,0.0,0.0,0.0,0.0,0.0,0.0,-1000.0,0.0,0.0,702.1495798326772,0.0,0.0,0.0,-304.06387668279604,0.0,0.0,0.0,0.0,0.0,-1000.0,580.5533183377568,0.0,-24.524110885323623,208.17525747479638,486.1693806918664,-2.8690095071270667,-181.47951874512412,0.0,-580.5533183377568,-2.8690095071270667,0.0,23.08960613176009,0.0,0.0,0.0,-238.07403426455517,0.0,435.16602588108816,17.214057042762402,0.0,0.0,0.0,0.0,0.0,0.0,0.0,0.0,0.0,0.0,-89.80173532232939,0.0,0.0,-617.1090403374192,0.0,0.0,0.0,0.0,0.0,-10.106564157104913,0.0,0.0,0.0,0.0,0.0,0.0,0.0,-94.26198098574586,0.11476038028501906,0.0,0.0,0.0,0.0,0.0,0.0,0.0,0.0,0.0,0.0,0.0,0.0,0.0,0.0,0.0,0.0,0.0,0.0,0.0,0.06311820915686894,0.06311820915686894,0.0,149.43657145816107,0.0,34.428114085524804,0.0,0.0,0.0,1000.0,0.0,0.0,299.6456020418204,0.0,0.0,201.6516257626252,-1000.0,0.0,0.0,0.0,0.0,0.0,0.0,0.0,0.0,0.0,0.0,0.0,0.0,0.0,294.0213627870205,-771.7275701222236,428.08435351364756,0.0,304.06387668279604,0.0,-374.8611156748072,164.2046007956033,0.0,0.0,201.6516257626252,0.0,107.38964477687934,0.0,0.0,0.0,0.0,0.0,0.0,0.0,0.0,0.0,0.0,0.0,0.0,0.0,0.0,0.0,0.0,0.0,34.428114085524804,0.0,0.0,0.0,0.0,0.0,0.0,0.0,0.0,0.0,0.0,0.0,0.0,0.5738019014254134,0.0,0.0,299.6456020418204,-299.6456020418204,0.0,0.0,0.0,0.0,17.214057042762402,0.0,0.0,0.0,0.0,0.0,0.0,0.0,0.0,0.0,0.0,1000.0,0.0,0.0,17.214057042762402,17.214057042762402,1000.0,-1000.0,0.0,0.0,0.0,0.0,0.0,0.0,0.0,843.6769797724426,0.0,1000.0,0.05738019014254133,0.0,0.0,-511.58965905907394,587.3683973123201,333.3256972938211,0.0,210.65651487920388,0.0,0.0,0.0,0.0,0.0,0.0,0.0,0.0,0.0,0.0,0.0,0.0,0.0,0.0,0.05738019014254133,0.0,0.0,0.0,0.0,0.0,0.0,0.0,0.0,0.0,-304.06387668279604,702.1495798326772,0.0,0.0,-1000.0,-4.3035142606906005,0.0,-2.869009507127069,0.0,0.0,0.0,0.0,0.0,0.0,0.0,0.0,0.0,0.0,0.0,0.0,797.5345020774586,0.0,0.0,199.96100112366005,0.0,0.0,0.0,-0.05738019014254133,0.0,0.0,0.05738019014254133,0.0,0.05738019014254133,0.0,0.0,0.0,34.428114085524804,70.00383197390043,70.00383197390043,0.0,0.0,0.0,0.0,0.0,0.0,0.0,428.08435351364756,0.0,0.0,0.0,0.0,826.4972580329079,0.0,0.0,0.0,0.0,0.0,0.0,0.0,0.0,0.0,0.0,0.0,0.0,0.0,0.0,164.2046007956033,0.0,-489.00761333886527,489.00761333886527,0.08607028521381199,0.0,0.0,0.0,-17.214057042762402,0.0,0.0,0.0,0.0,0.0,-149.43657145816107,2.8690095071270667,0.0,0.0,0.0,0.0,0.0,0.0,-2.869009507127069,0.0,0.0,0.0,0.0,0.0,0.0,0.0,0.0,0.0,0.0,835.7953992043967,149.43657145816107,0.0,320.3991578484289,333.3256972938211,0.0,0.0,0.0,0.0,0.0,-207.09534621329317,0.0,2.869009507127069,711.7296661593614,0.0,234.38911520918487,0.0,-609.3977682407457,890.6250000000543,-890.6250000000543,0.0,0.0,0.0,0.0,0.0,0.0,0.0,459.5625269699789,-162.34711424023294,70.00383197390043,0.0,0.0,0.0,0.0,0.0,0.0,0.0,0.0,0.0,0.0,0.0,0.0,0.0,-75.77873825324616,-537.4547993197946,0.0,17.214057042762402,299.6456020418204,0.0,0.0,0.0,-154.7908445379537,0.0,0.0,0.06311820915686894,0.0,0.0,0.0,35.001915986950216,0.0,0.0,0.0,0.0,351.0364295706641,0.0,0.0,0.0,0.0,0.0,0.0,0.0,0.0,0.0,0.0,0.005738019014302154,0.005738019014254297,0.0,0.0,0.0,0.0,0.0,0.0,0.0,0.0,0.0,-511.58965905907394,0.0,0.0,0.0,0.0,0.0,149.43657145816107,0.0,0.0,0.0,0.0,0.0,0.0,0.0,0.0,0.0,0.0,0.0,599.2912040836408,0.0,1000.0,172.60316588003948,0.0,0.0,0.0,34.428114085524804,0.0,0.0,0.0,0.0,0.0,0.0,-34.428114085524804,0.0,599.2912040836408,0.0,0.0,0.0,0.0,0.0,0.0,0.0,0.0,0.0,0.0,-1000.0,-1000.0,865.8026882805488,-17.214057042762402,0.0,0.0,999.7704792394301,0.0,0.0,0.0,0.0,0.0,0.0,0.0,0.0,0.0,0.0,0.0,0.0,0.0,0.0,0.0,0.0,0.0,-7.172523767817669,0.0,-4.3035142606906005,984.5408580124501,0.0,0.0,0.0,0.0,0.0,0.0,-0.7172523767817668,10.106564157104913,0.0,0.0,0.0,0.0,0.0,0.0,0.0,1000.0,17.214057042762402,17.214057042762402,0.0,0.0,0.0,0.0,0.0,0.06311820915686894,149.43657145816107,0.0,0.0,-999.7704792394301,0.0,0.0,0.0,0.0,0.0,0.0,0.0,0.0,0.0,0.0,0.0,0.0,0.0,0.0,0.0,0.0,0.0,0.0,0.0,60.249199649668405,0.0,0.0,304.06387668279604,0.0,0.0,0.0,149.43657145816107,0.0,-1.847642122588013,0.0,0.0,0.0,-7.172523767817669,0.0,0.0,0.0,0.0,0.0,0.0,0.0,0.0,0.0,0.0,0.0,0.0,0.0,0.0,0.0,0.0,0.0,0.0,-0.05738019014254133,0.0,0.0,2.8690095071270667,-201.6516257626252,0.0,0.0,0.0,0.0,0.0,0.0,0.0,0.0,-821.556823661635,1.434504753563533,0.0,0.0,489.00761333886527,0.05738019014254133,0.0,57.38019014254133,-17.787858944187814,11.476038028508269,0.4098585010181524,160.09073049769032,-0.043035142606905996,2.8690095071270667,1.1476038028508266,-0.28690095071246746,-160.09073049769032,17.214057042762402,-0.05738019014254135,0.0,0.0,0.014345047535635334,0.4098585010181524,0.0,-308.78052831251114,-1.1476038028508266,-300.0,-0.05738019014254134,0.014345047535635334,-160.09073049769032,5.738019014254133,0.05738019014254134,0.05738019014254133,-149.31607305886166,-299.58248383266357,-232.99387878359562,-0.043035142606905996,17.214057042762402,0.05738019014254134,17.214057042762402,-28.69009507127067,-0.02869009507127067,148.8785110449765,-170.0,-0.043035142606905996,-0.05738019014254134,-17.787858944187814,0.05738019014254133,5.738019014254133,-1.1476038028508266,164.2046007956033,164.2046007956033,-5.738019014254133,300.0,-164.2046007956033,11.476038028508267,0.08607028521381199,-1000.0,5.738019014254133,-294.0213627870205,0.0,-11.476038028508267,0.02869009507127067,0.5738019014254134,64.64727343098964,160.91260948666934,-0.05738019014254133,-162.34711424023294,149.31607305886166,17.787858944187814,0.05738019014254134,308.78052831251114,-68.85622817104941,0.0,-0.05738019014254133,-0.014345047535635334,0.0,-0.05738019014254134,-94.26198098574586,0.05738019014254134,-0.014345047535635334,-0.014345047535635334,-0.014345047535635334,22.952076057016534,28.69009507127067,0.5738019014254134,42.511548371852236,-0.014345047535635334,129.29454686197928,2.8690095071270667,50.0,0.05738019014254133,0.02869009507127067,0.02869009507127067,5.738019014254133,17.787858944187814,0.05738019014254133,-17.787858944187814,0.5738019014254134,0.05738019014254134,-42.511548371852236,0.05738019014254134,0.2295207605699261,0.28690095071246746,0.02869009507127067,0.014345047535635334,17.214057042762402,-0.05738019014254134,232.99387878359562,0.5738019014254133,-85.02309674370447,1.4345047535635334,-5.738019014254133,11.476038028508267,2.8690095071270667,-0.05738019014254134,0.0,0.08607028521381199,-0.05738019014254134,-11.476038028508267,17.787858944187814,233.05670856909322,0.02869009507127067,-100.0,-0.05738019014254134,-0.05738019014254134,-0.05738019014254134,0.02869009507127067,160.09073049769032,-11.476038028508267,0.05738019014254133,129.29454686197928,-0.014345047535635334,299.58248383266357,-129.29454686197928,8.6070285213812,170.0,276.7013769278147,160.09073049769032,-0.043035142606905996,162.34711424023294,-160.91260948666934,0.05738019014254134,-0.014345047535635334,2.869009507127069,57.38019014254133,-0.02869009507127067,-0.05738019014254134,0.014345047535635334,1000.0,0.0,764.1606191775112,0.0,-255.0,0.0,579.1577223329089,-140.0,0.0,151.45218922113634,-255.0,96.20915763671039,-235.81069072741747,-75.72609461056817,127.5,127.5,0.0,70.0,-149.43657145816107,-78.26586403113953,235.81069072741747,-96.20915763671039,-78.26586403113953,-579.1577223329089,321.13796574485207,0.0,1496.5981,hplb
323,0.0,0.0,0.0,0.0,0.0,0.0,0.0,0.0,-0.12231746489161119,0.0,0.0,0.0,0.0,0.0,0.0,0.0,1000.0,-424.9141708145988,0.0,-599.0722590173707,0.0,0.0,0.0,196.64458000961645,0.0,0.0,0.0,0.0,0.0,-972.7003410508131,80.65877280829625,-80.65877280829625,0.0,0.0,0.0,0.0,0.0,121.96167406427344,0.0,489.0816827238839,963.3047605325166,0.0,0.0,479.4365834499673,0.0,0.0,0.0,0.0,-526.8326682267392,0.0,0.0,-20.096425827585048,0.0,0.13454921138045872,0.0,0.0,0.0,24.463492978322236,0.0,0.0,-37.65834901088556,0.0,0.0,-37.65834901088556,820.2132962321923,0.0,0.0,0.0,0.0,0.0,0.0,1.223174648916112,0.0,0.0,0.0,0.0,0.0,0.0,0.0,0.0,0.0,0.0,0.0,0.0,73.39047893496672,0.0,0.0,103.8560408914746,87.68928906085188,-408.79551738514186,-0.030579366222902797,0.0,0.0,588.6424918892988,36.69523946748336,0.0,36.69523946748336,-116.4972818128567,0.0,0.0,0.0,6.115873244580559,-972.7003410508131,0.0,0.0,-27.546774390235555,0.0,0.0,0.0,0.0,0.0,0.0,0.0,0.0,0.0,0.0,0.0,0.0,0.0,0.0,0.0,0.0,0.0,0.0,-433.70298577405663,0.0,0.0,36.69523946748336,0.0,37.918414116399475,31.28330157120888,0.0,97.4083696414566,-97.4083696414566,0.0,0.0,0.0,0.0,0.0,0.0,0.0,0.0,0.0,0.0,0.0,9.418444796654061,0.12231746489161119,0.0,0.0,0.0,-266.66232885645894,0.0,0.0,0.0,0.0,0.0,981.9643549654241,0.0,0.0,0.0,0.0,0.0,86.18418003381893,86.18418003381893,0.0,0.0,0.0,0.0,0.0,0.0,0.0,166.9652703070068,0.0,0.0,0.0,-1000.0,0.0,0.0,0.0,0.0,0.0,0.0,0.0,0.0,0.0,0.0,0.0,0.0,0.0,0.0,0.0,-1000.0,0.0,0.0,0.0,0.0,0.0,0.0,20.096425827585048,621.10622832429,-621.10622832429,0.0,0.0,0.0,0.0,0.0,0.0,0.0,0.0,-448.0908472333147,0.0,0.0,0.0,0.0,0.0,0.0,0.0,0.0,0.0,0.0,0.0,0.0,0.0,11.828103635819687,215.5893148131034,479.4365834499673,0.0,0.0,0.0,0.0,91.85149288702831,0.0,0.0,0.0,0.0,-37.65834901088556,0.0,80.65877280829625,0.0,0.0,0.0,0.0,0.0,0.0,0.0,664.292985868445,0.0,0.0,0.0,591.0210064175207,57.604067154082486,218.22602681661044,0.0,-479.4365834499673,0.0,0.0,0.0,-773.882409904747,0.0,0.0,0.0,-25.770690638041742,0.0,0.0,0.0,0.0,208.5267122653005,-208.52671226530072,208.5267122653005,0.0,708.7955173851419,0.0,0.0,0.0,0.0,311.9808373029847,0.0,0.0,0.0,457.5743789740536,0.0,-457.5743789740536,0.0,198.72879977550275,0.0,0.0,0.0,0.0,0.0,0.0,-37.65834901088556,-0.18347619733741677,0.0,0.0,0.0,0.0,0.12231746489161119,0.0,0.0,0.0,207.16028177704328,1000.0,0.0,-1000.0,848.0216021164686,0.0,1000.0,0.0,77.60217185537539,0.0,-27.546774390235555,0.0,0.0,0.0,-10.531533727167407,932.929361871792,-1000.0,-1000.0,-1000.0,0.0,0.0,0.0,0.0,0.0,0.0,0.0,0.0,0.0,0.0,0.0,0.0,0.0,0.0,0.0,0.0,0.0,-877.5490560761617,0.0,-1000.0,0.0,0.0,696.1928725034973,0.0,0.0,254.23069426263896,-593.0526578568029,0.0,0.0,0.0,0.0,0.0,0.0,0.0,-157.60278222524263,996.9420633777097,-932.929361871792,-534.9958223642741,0.0,0.0,835.2995335234455,0.0,151.48690898066207,1000.0,-1000.0,-6.115873244580559,-1000.0,0.0,47.90489364293015,1000.0,-127.41124582247743,36.69523946748336,0.0,0.0,0.0,0.0,0.0,0.0,0.0,-11.828103635819687,11.828103635819687,11.828103635819687,225.40857668154558,0.0,0.0,-32.00816439827918,0.0,0.0,0.0,0.0,0.0,-75.31669802177112,0.0,-367.0096564359446,0.0,0.0,0.0,0.0,0.0,-87.76825351083889,0.2446349297830868,0.0,0.0,0.0,0.0,0.0,0.0,0.0,0.0,0.0,0.0,0.0,0.0,0.0,0.0,0.0,0.0,0.0,0.0,0.0,0.13454921138045872,0.13454921138045872,80.65877280829625,267.36461065749745,0.0,73.39047893496672,0.0,0.0,0.0,979.172515887298,0.0,0.0,0.0,0.0,0.0,973.9021284405937,-979.172515887298,0.0,0.0,939.753915895453,0.0,0.0,0.0,0.0,0.0,0.0,0.0,0.0,0.0,0.0,144.56766192468555,-207.16028177704328,266.66232885645894,0.0,9.418444796654061,0.0,588.6424918892988,0.0,-91.85149288702831,0.0,973.9021284405937,0.0,0.0,886.1338749297548,0.0,0.0,11.828103635819687,0.0,0.0,0.0,0.0,0.0,0.0,0.0,0.0,0.0,0.0,0.0,0.0,0.0,73.39047893496672,0.0,0.0,0.0,0.0,0.0,0.0,0.0,0.0,0.0,0.0,0.0,0.0,1.223174648916112,0.0,80.65877280829625,0.0,0.0,80.65877280829625,20.096425827585048,0.0,0.0,36.69523946748336,-939.753915895453,0.0,0.0,0.0,0.0,0.0,0.0,0.0,0.0,0.0,-484.10267566788986,951.1271454870949,0.0,36.69523946748336,36.69523946748336,1000.0,-979.172515887298,0.0,0.0,0.0,0.0,0.0,0.0,0.0,972.7003410508131,0.0,1000.0,0.12231746489161119,0.0,0.0,-672.8011309517943,709.2056109798874,32.674704730367736,0.0,-588.6424918892988,0.0,0.0,0.0,0.0,0.0,0.0,0.0,0.0,0.0,0.0,0.0,0.0,0.0,0.0,0.12231746489161119,0.0,0.0,0.0,-793.8281280479439,793.8281280479439,0.0,0.0,0.0,0.0,0.0,103.1402146466944,0.0,0.0,-122.45094392383828,-9.17380986687084,-6.115873244580564,0.0,0.0,-78.125,-78.125,78.125,0.0,0.0,0.0,0.0,0.0,0.0,0.0,0.0,0.0,0.0,0.0,-73.39047893496672,0.0,0.0,0.0,-0.12231746489161119,0.0,0.0,0.12231746489161119,0.0,0.12231746489161119,0.0,0.0,0.0,73.39047893496672,149.22730716776567,149.22730716776567,0.0,0.0,0.0,0.0,0.0,0.0,0.0,266.66232885645894,0.0,0.0,0.0,0.0,0.0,0.0,0.0,0.0,0.0,0.0,0.0,0.0,0.0,0.0,0.0,0.0,0.0,0.0,0.0,91.85149288702831,0.0,0.0,0.0,0.18347619733741677,0.0,0.0,0.0,-36.69523946748336,0.0,0.0,0.0,0.0,0.0,-267.36461065749745,6.115873244580559,0.0,0.0,0.0,0.0,0.0,573.5797174460599,0.0,0.0,-367.0096564359446,0.0,0.0,0.0,0.0,0.0,0.0,0.0,939.753915895453,0.0,255.53650702167778,0.0,567.1988358781367,5.127930340132183,0.0,-19.472940410742922,0.0,19.472940410742922,0.0,-923.1097170725126,0.0,6.115873244580564,462.03433780984665,0.0,0.0,-80.65877280829625,-75.31669802177112,921.8750000001639,-921.8750000001639,1000.0,-1000.0,0.0,0.0,0.0,0.0,0.0,-18.34761973374168,0.0,149.22730716776567,0.0,0.0,0.0,80.65877280829625,0.0,0.0,0.0,0.0,0.0,664.292985868445,0.0,0.0,294.88604025811,-36.404480028093076,381.77988407854525,0.0,36.69523946748336,0.0,0.0,0.0,0.0,630.1195595593322,0.0,0.0,0.13454921138045872,0.0,0.0,0.0,74.61365358388284,0.0,0.0,0.0,0.0,215.5893148131034,0.0,0.0,0.0,0.0,0.0,0.0,0.0,0.0,-553.2401193819297,0.0,0.012231746489161468,0.012231746489161468,0.0,0.0,0.0,0.0,0.0,0.0,0.0,0.0,0.0,-672.8011309517943,80.65877280829625,0.0,0.0,0.0,0.0,267.36461065749745,0.0,0.0,0.0,0.0,0.0,0.0,0.0,0.0,0.0,0.0,0.0,0.0,894.1914985834751,0.0,-424.9141708145988,0.0,0.0,0.0,73.39047893496672,0.0,0.0,0.0,0.0,0.0,0.0,-73.39047893496672,0.0,0.0,0.0,0.0,0.0,0.0,0.0,0.0,0.0,80.65877280829625,80.65877280829625,0.0,-1000.0,-1000.0,83.78746345075368,0.0,-36.69523946748336,0.0,121.96167406427344,0.0,0.0,0.0,0.0,0.0,0.0,0.0,0.0,0.0,468.75,0.0,-468.75,-468.75,0.0,0.0,0.0,0.0,-15.289683111451405,0.0,-9.17380986687084,-9.173809866870807,0.0,0.0,0.0,0.0,0.0,-1000.0,998.4710316888549,75.31669802177112,0.0,0.0,0.0,0.0,0.0,0.0,0.0,1000.0,36.69523946748336,36.69523946748336,0.0,0.0,0.0,0.0,0.0,0.13454921138045872,267.36461065749745,0.0,0.0,-121.96167406427344,0.0,0.0,0.0,0.0,0.0,0.0,0.0,0.0,0.0,0.0,0.0,0.0,0.0,0.0,0.0,0.0,0.0,31.28330157120888,0.0,128.43333813619176,9.418444796654061,0.0,0.0,0.0,0.0,0.0,267.36461065749745,0.0,0.0,0.0,0.0,0.0,-15.289683111451405,0.0,0.0,0.0,0.0,0.0,0.0,0.0,0.0,0.0,0.0,0.0,0.0,0.0,0.0,0.0,0.0,0.0,0.0,-0.12231746489161119,0.0,0.0,6.115873244580559,-973.9021284405937,0.0,0.0,0.0,0.0,0.0,0.0,0.0,0.0,10.531533727167407,3.0579366222902795,0.0,0.0,0.0,0.12231746489161119,0.0,122.31746489161118,-6.635112545190594,24.463492978322236,0.8736961777972228,403.832330190013,-0.09173809866870838,6.115873244580559,2.446349297832224,-0.6115873244564538,-403.832330190013,36.695239467483354,-0.12231746489161119,9.182258130078518,0.0,0.030579366222902797,0.8736961777972228,-27.546774390235555,-19.472940410742922,78.21242351046402,23.986429831969474,-0.12231746489161119,0.030579366222902797,-403.832330190013,12.231746489161118,0.12231746489161119,0.12231746489161119,-267.1077439812254,0.13454921138077267,0.0,-0.09173809866870838,36.69523946748336,0.12231746489161119,36.69523946748336,-61.1587324458056,-0.061158732445805594,-926.8708061849529,-104.20555684108105,-0.09173809866870838,-0.12231746489161119,-6.635112545190594,0.12231746489161119,12.231746489161083,-2.446349297832224,91.85149288702831,91.85149288702831,-12.231746489161118,-23.986429831969474,-91.85149288702831,24.463492978322236,0.18347619733741677,-750.8963078374143,12.231746489161118,-144.56766192468555,0.0,-24.463492978322236,0.061158732445805594,1.223174648916112,250.0,280.0,-0.12231746489161119,-294.88604025811,267.1077439812254,37.918414116399475,0.12231746489161119,19.472940410742922,-146.78095786993333,0.0,-0.12231746489161119,-0.030579366222902797,0.0,-0.12231746489161119,-87.76825351083889,0.12231746489183856,-0.030579366222902797,-0.030579366222902797,-0.030579366222902797,48.92698595664447,61.1587324458056,1.223174648916112,90.62195180156905,-0.030579366222902797,490.81774186992146,6.115873244580559,50.0,0.12231746489161119,0.061158732445805594,0.061158732445805594,12.231746489161118,6.635112545190594,0.12231746489161119,-6.635112545190594,1.223174648916112,0.12231746489161119,-90.62195180156905,0.12231746489161119,0.4892698595648426,0.6115873244564538,0.061158732445805594,0.030579366222902797,36.69523946748336,-0.12231746489161119,0.0,-39.10621175523201,-181.2439036031381,3.0579366222902813,-12.231746489161083,24.463492978322236,6.115873244580559,-0.12231746489161119,27.546774390235555,0.18347619733741677,-0.12231746489161119,-24.463492978322236,6.635112545190594,-457.75363275264067,0.061158732445805594,-100.0,-0.12231746489161119,-0.12231746489183856,-0.12231746489161119,0.061158732445805594,403.832330190013,-24.463492978322236,0.12231746489161119,500.0,-0.030579366222902797,-0.13454921138077267,-500.0,18.347619733741677,104.20555684108105,286.28235593180614,403.832330190013,-0.09173809866870838,294.88604025811,-280.0,0.12231746489161119,-0.03057936622290279,6.115873244580564,122.31746489161118,-0.061158732445805594,-0.12231746489161119,0.030579366222902797,0.0,0.0,450.8351491049685,0.0,-255.0,0.0,71.19071336180707,2.4247143660278865,0.0,-80.0,-255.0,-325.0,-300.0,40.0,127.5,127.5,0.0,-1.2123571830139432,-267.36461065749745,-172.3659268066915,300.0,325.0,-172.3659268066915,-71.19071336180707,102.86996237128962,0.0,1496.5981,hplb
324,0.0,0.0,0.0,0.0,0.0,0.0,0.0,0.0,-0.15703596195605227,0.0,0.0,0.0,0.0,0.0,0.0,0.0,270.8794976693306,-235.5459606244812,0.0,227.85258294313607,0.0,0.0,0.0,922.5991220133535,0.0,0.0,0.0,0.0,0.0,901.3133999425869,0.0,0.0,127.84455909612838,0.0,0.0,0.0,0.0,483.17658798381086,0.0,-859.8517830609715,990.7683540297267,0.0,-827.8071023880825,0.0,0.0,0.0,475.5223052064534,0.0,-1000.0,0.0,0.0,0.0,0.0,0.1727395581514581,0.0,0.0,0.0,0.0,0.0,0.0,-13.829633716262533,0.0,0.0,-13.829633716262533,0.0,0.0,0.0,0.0,0.0,72.23034561817892,0.0,1.570359619560523,0.0,0.0,0.0,0.0,0.0,0.0,0.0,0.0,0.0,0.0,0.0,0.0,94.22157717363137,0.0,0.0,60.33439747059623,0.0,829.3909055179383,-0.03925899048901307,0.0,0.0,1000.0,47.11078858681569,0.0,47.11078858681569,-510.6788194543799,0.0,0.0,0.0,967.4003623958631,901.3133999425869,0.0,0.0,-8.68494614464308,0.0,0.0,0.0,0.0,0.0,0.0,0.0,0.0,0.0,0.0,0.0,0.0,0.0,0.0,0.0,0.0,0.0,0.0,-816.3623080648808,0.0,0.0,47.11078858681569,0.0,48.68114820637621,0.0,0.0,-158.37525668419818,158.37525668419818,0.0,0.0,0.0,0.0,0.0,0.0,0.0,0.0,0.0,0.0,0.0,12.091769070616024,0.15703596195605227,0.0,0.0,0.0,-1000.0,293.5928076087896,0.0,0.0,0.0,0.0,813.4333246665819,0.0,0.0,0.0,0.0,0.0,185.30204397019713,185.30204397019713,0.0,0.0,0.0,0.0,0.0,0.0,0.0,185.45907993215317,0.0,0.0,0.0,0.0,0.0,0.0,0.0,0.0,0.0,0.0,0.0,0.0,0.0,0.0,0.0,0.0,0.0,0.0,0.0,-1000.0,0.0,0.0,0.0,0.0,0.0,0.0,827.8071023880825,-529.3909055179383,529.3909055179383,0.0,0.0,0.0,0.0,0.0,0.0,0.0,0.0,-19.629495244506536,0.0,0.0,0.0,0.0,0.0,0.0,0.0,0.0,0.0,0.0,0.0,0.0,0.0,0.0,670.4187895710512,-1000.0,0.0,0.0,0.0,0.0,154.13936784243873,0.0,0.0,0.0,0.0,-13.829633716262533,-1000.0,0.0,0.0,0.0,0.0,0.0,0.0,0.0,0.0,0.0,31.407192391210454,0.0,0.0,510.9308614537948,212.51466458365076,-641.2494056592595,0.0,1000.0,0.0,0.0,0.0,-808.4161264136162,0.0,0.0,0.0,-15.82660769913728,0.0,0.0,-1000.0,406.2500000000103,601.3831272990799,-1000.0,-406.2500000000103,601.3831272990798,-529.3909055179383,0.0,402.5813193301202,0.0,0.0,283.9909660149471,0.0,0.0,0.0,-757.1893681063261,0.0,757.1893681063261,0.0,660.6673132146944,0.0,0.0,79.31085850235901,0.0,0.0,0.0,-13.829633716262533,-0.2355539429340784,0.0,0.0,0.0,0.0,0.15703596195605227,0.0,0.0,0.0,798.7498435707456,270.8794976693306,0.0,-939.1311374133388,704.374161010961,0.0,919.2863350077528,0.0,542.8779649163387,0.0,-8.68494614464308,0.0,0.0,0.0,-13.520796324415901,0.0,-529.3571685919228,-1000.0,-1000.0,0.0,0.0,0.0,0.0,0.0,0.0,0.0,0.0,0.0,0.0,0.0,0.0,0.0,0.0,0.0,0.0,0.0,1000.0,0.0,516.1952681683651,0.0,0.0,505.6222614793961,0.0,0.0,0.0,-12.091769070616024,0.0,0.0,0.0,0.0,959.5485642980605,-294.3528515246905,0.0,0.0,0.0,294.3528515246905,0.0,0.0,0.0,317.9082458180984,0.0,-487.6260802468329,0.0,-3.925899048901307,-7.851798097802614,234.8939555221014,0.0,-29.843029653255073,0.0,0.0,47.11078858681569,0.0,0.0,0.0,576.3393643893052,0.0,0.0,0.0,0.0,0.0,0.0,-344.0616106358725,0.0,0.0,0.0,0.0,0.0,0.0,0.0,0.0,-27.659267432525066,0.0,0.0,118.59280760878954,0.0,0.0,0.0,0.0,-83.09919140697492,0.31407192391191074,0.0,0.0,0.0,0.0,0.0,0.0,0.0,0.0,0.0,0.0,0.0,0.0,0.0,0.0,0.0,0.0,0.0,0.0,0.0,0.1727395581514581,0.1727395581514581,0.0,193.73475034093886,0.0,94.22157717363137,0.0,0.0,0.0,957.9866813146983,0.0,0.0,0.0,0.0,0.0,427.1272373135189,-957.9866813146983,0.0,0.0,953.4859320490699,0.0,0.0,118.59280760878954,0.0,0.0,0.0,0.0,0.0,0.0,0.0,272.12076935496026,-798.7498435707456,706.4071923912104,0.0,12.091769070616024,0.0,1000.0,0.0,-154.13936784243873,0.0,427.1272373135189,0.0,1000.0,-655.971954093456,-593.7500000000109,593.7500000000109,0.0,0.0,0.0,0.0,0.0,0.0,0.0,0.0,0.0,0.0,0.0,0.0,0.0,0.0,94.22157717363137,0.0,0.0,0.0,0.0,0.0,0.0,0.0,0.0,0.0,0.0,0.0,0.0,1.570359619560523,0.0,0.0,0.0,0.0,0.0,827.8071023880825,0.0,0.0,47.11078858681569,-953.4859320490699,0.0,0.0,0.0,0.0,0.0,0.0,0.0,0.0,0.0,161.6078561104652,-967.6860391926178,0.0,47.11078858681569,47.11078858681569,1000.0,-957.9866813146983,0.0,118.59280760878954,0.0,0.0,0.0,0.0,0.0,-17.789557223587934,0.0,0.0,0.15703596195605227,0.0,0.0,-735.4014659717449,942.7898874435627,0.0,0.0,-1000.0,0.0,0.0,0.0,0.0,0.0,0.0,0.0,0.0,0.0,0.0,0.0,0.0,0.0,0.0,0.15703596195605227,0.0,0.0,0.0,-890.6250000000034,890.6250000000034,0.0,0.0,0.0,0.0,0.0,1000.0,0.0,-506.4695075912199,-483.80473183163485,-11.777697146703922,0.0,-7.851798097802614,0.0,46.87500000000002,46.87500000000002,-46.87500000000002,0.0,0.0,0.0,0.0,0.0,0.0,0.0,0.0,0.0,0.0,0.0,-21.99123155545246,0.0,0.0,0.0,-0.15703596195605227,0.0,0.0,0.15703596195605227,0.0,0.15703596195605227,0.0,72.23034561817892,0.0,94.22157717363137,191.5838735863838,191.5838735863838,0.0,0.0,0.0,0.0,0.0,0.0,0.0,706.4071923912104,0.0,0.0,0.0,0.0,0.0,0.0,0.0,0.0,0.0,0.0,0.0,0.0,0.0,0.0,0.0,0.0,0.0,0.0,0.0,154.13936784243873,0.0,0.0,0.0,0.2355539429340784,0.0,0.0,0.0,-47.11078858681569,0.0,0.0,0.0,0.0,0.0,-193.73475034093886,7.851798097802614,0.0,0.0,0.0,0.0,0.0,0.0,-7.851798097802614,0.0,0.0,0.0,0.0,0.0,0.0,0.0,0.0,0.0,953.4859320490699,0.0,193.73475034093886,0.0,1000.0,-8.68494614464308,0.0,-12.091769070616024,506.4695075912199,-494.3777385206039,0.0,-1000.0,0.0,7.851798097802614,389.66403026160697,0.0,0.0,0.0,-27.659267432525066,-828.1250000000164,828.1250000000164,0.0,0.0,0.0,0.0,0.0,0.0,0.0,0.0,-23.555394293407744,191.5838735863838,0.0,0.0,0.0,0.0,0.0,0.0,0.0,0.0,0.0,0.0,0.0,0.0,205.5124474876428,-207.38842147181788,0.0,-827.8071023880825,47.11078858681569,0.0,0.0,0.0,0.0,312.14845837685556,0.0,0.0,0.1727395581514581,0.0,0.0,0.0,95.7919367931919,0.0,0.0,0.0,0.0,670.4187895710512,0.0,0.0,0.0,0.0,0.0,0.0,0.0,0.0,1000.0,0.0,0.015703596195605678,0.015703596195605678,0.0,0.0,0.0,0.0,0.0,0.0,0.0,0.0,0.0,-735.4014659717449,0.0,0.0,0.0,0.0,0.0,193.73475034093886,0.0,0.0,0.0,0.0,0.0,0.0,0.0,0.0,0.0,0.0,0.0,0.0,1000.0,0.0,-235.5459606244812,0.0,0.0,0.0,94.22157717363137,0.0,0.0,0.0,0.0,0.0,0.0,-94.22157717363137,0.0,0.0,0.0,0.0,0.0,0.0,0.0,0.0,0.0,0.0,0.0,0.0,0.0,-116.47615728100104,107.56963393989581,0.0,-47.11078858681569,0.0,483.17658798381086,0.0,0.0,0.0,0.0,0.0,0.0,0.0,0.0,0.0,0.0,0.0,0.0,0.0,0.0,0.0,0.0,0.0,-19.629495244506536,0.0,-971.3262614447644,11.777697146703922,0.0,0.0,0.0,0.0,0.0,0.0,-1.9629495244506536,27.659267432525066,0.0,0.0,0.0,0.0,0.0,0.0,0.0,1000.0,47.11078858681569,47.11078858681569,0.0,0.0,0.0,0.0,0.0,0.1727395581514581,193.73475034093886,0.0,0.0,-483.17658798381086,0.0,0.0,0.0,0.0,0.0,0.0,0.0,0.0,0.0,0.0,0.0,0.0,0.0,0.0,36.11517280908946,0.0,0.0,0.0,0.0,164.8877600538549,12.091769070616024,0.0,0.0,0.0,0.0,0.0,193.73475034093886,0.0,-5.056557974983775,0.0,0.0,0.0,-19.629495244506536,0.0,0.0,0.0,0.0,0.0,0.0,0.0,0.0,0.0,0.0,0.0,0.0,0.0,0.0,0.0,0.0,0.0,0.0,-0.15703596195605227,0.0,0.0,7.851798097802614,-427.1272373135189,0.0,0.0,0.0,0.0,0.0,0.0,0.0,0.0,13.520796324415901,3.925899048901307,0.0,0.0,0.0,0.15703596195605227,0.0,157.03596195605226,-48.68114820637621,31.407192391210458,1.1216854425432303,438.1303338573859,-0.1177769714670392,487.6260802468329,3.1407192391210454,-0.7851798097800611,-438.1303338573859,47.11078858681569,-0.15703596195605227,2.89498204821436,118.59280760878954,0.03925899048901307,1.1216854425432305,-8.68494614464308,-25.000125143402414,-3.1407192391210454,-263.1861199879854,-0.1570359619560525,0.03925899048901307,-438.1303338573859,15.703596195605227,0.15703596195605227,0.15703596195605227,-193.40497482083137,0.17273955815165795,-193.57385821381715,-0.1177769714670392,47.11078858681569,0.15703596195605227,47.11078858681569,-78.51798097802615,-0.07851798097802613,-602.4895741634787,-170.0,-0.1177769714670392,-0.15703596195605227,-48.68114820637621,0.15703596195605227,15.703596195605227,-3.1407192391210454,154.13936784243873,154.13936784243873,-15.703596195605227,263.1861199879854,-154.13936784243873,31.407192391210454,0.2355539429340784,-618.0158057299647,15.703596195605227,-272.12076935496026,118.59280760878954,-31.407192391210454,0.07851798097802613,1.570359619560523,234.7827843533347,225.14194273214932,-0.15703596195605227,-229.06784178105053,193.40497482083137,48.68114820637621,0.15703596195605227,25.000125143402414,-69.85034673847326,118.59280760878954,-0.15703596195605227,-0.03925899048901307,-118.59280760878954,-0.15703596195605227,-83.09919140697492,0.15703596195605227,-0.03925899048901307,-0.03925899048901307,-0.03925899048901307,62.81438478242091,78.51798097802615,1.570359619560523,410.89601220945997,-0.03925899048901307,466.670586658455,7.851798097802614,49.40139380129008,0.15703596195605227,0.07851798097802613,0.07851798097802613,75.0,48.68114820637621,0.15703596195605227,-48.68114820637621,1.570359619560523,0.15703596195605227,-1000.0,0.15703596195605227,0.628143847823992,0.7851798097800611,0.07851798097802613,0.03925899048901307,47.11078858681569,-0.15703596195605227,193.57385821381715,1.5703596195605227,-821.7920244189199,483.70018119793156,-15.703596195605227,31.407192391210454,7.851798097802614,-0.15703596195605227,8.68494614464308,0.2355539429340784,-0.15703596195605227,-150.0,48.68114820637621,163.62723919918295,0.07851798097802613,-98.80278760258015,-0.15703596195605227,-0.15703596195605227,-0.15703596195605227,0.07851798097802613,438.1303338573859,-31.407192391210454,0.15703596195605227,469.5655687066694,-0.03925899048901307,-0.17273955815165795,-469.5655687066694,23.55539429340784,170.0,364.4329056354643,438.1303338573859,-0.1177769714670392,229.06784178105053,-225.14194273214932,0.1570359619560525,-0.03925899048901306,7.851798097802614,157.03596195605226,-0.07851798097802613,-0.15703596195605227,0.03925899048901307,0.0,0.0,317.93728774898665,589.10398779054,-255.0,0.0,194.53648002834905,-140.0,0.0,-80.0,-255.0,-325.0,-300.0,40.0,127.5,127.5,0.0,70.0,-193.73475034093886,-475.7756975760385,300.0,325.0,-475.7756975760385,-194.53648002834905,124.34161528560854,0.0,1496.5981,hplb
325,0.0,0.0,0.0,0.0,0.0,0.0,0.0,0.0,-0.15069619107230364,0.0,0.0,0.0,0.0,0.0,0.0,0.0,0.0,0.0,0.0,271.67426962355466,0.0,0.0,0.0,0.0,0.0,0.0,0.0,0.0,0.0,533.6663333320162,0.0,0.0,127.3925380333286,0.0,0.0,0.0,0.0,999.3972152357111,0.0,-1000.0,1000.0,0.0,0.0,0.0,0.0,0.0,0.0,0.0,-611.5087094390676,0.0,0.0,0.0,0.0,0.1657658101794368,0.0,0.0,0.0,0.0,0.0,0.0,-1.5593880971456855,0.0,-963.3048425129887,-1000.0,0.0,0.0,0.0,0.0,35.13576938986574,0.0,0.0,1.5069619107230363,0.0,0.0,0.0,0.0,0.0,0.0,0.0,0.0,0.0,0.0,0.0,0.0,90.41771464338217,0.0,0.0,757.7393847288073,315.85122916425297,130.37944612548665,15.983939954869129,0.0,0.0,977.4147196074629,45.20885732169108,0.0,45.20885732169108,-258.805863539587,0.0,0.0,0.0,223.28595732521626,533.6663333320162,0.0,0.0,-9.277076143973567,802.2009613714847,717.6316199361244,0.0,0.0,0.0,0.0,0.0,0.0,0.0,0.0,0.0,0.0,0.0,0.0,0.0,0.0,0.0,0.0,-911.6351469275945,0.0,0.0,45.20885732169108,0.0,46.71581923241412,0.0,0.0,0.0,-330.9536656087818,330.9536656087818,-330.9536656087819,0.0,984.3749999999333,-984.3749999999333,-35.13576938986574,0.0,0.0,0.0,0.0,0.0,11.603606712567284,0.15069619107230364,16.021614002637204,0.0,0.0,-802.2009613714847,0.0,0.0,0.0,0.0,0.0,849.8361428392024,0.0,0.0,0.0,0.0,0.0,233.69601615899876,233.69601615899876,0.0,0.0,0.0,0.0,0.0,0.0,0.0,233.84671235007107,0.0,0.0,0.0,238.4919306102551,-364.80499429887846,0.0,0.0,0.0,0.0,0.0,0.0,0.0,0.0,0.0,-778.6952010892088,0.0,0.0,0.0,0.0,-1000.0,0.0,0.0,0.0,0.0,0.0,0.0,0.0,-146.23067528973962,146.23067528973962,0.0,0.0,0.0,0.0,0.0,0.0,0.0,0.0,0.0,0.0,0.0,0.0,0.0,0.0,0.0,0.0,0.0,0.0,0.0,0.0,0.0,0.0,0.0,-39.72152357107859,77.84237610705159,0.0,0.0,0.0,0.0,154.77968470169733,0.0,0.0,0.0,0.0,-1.5593880971456855,77.84237610705159,0.0,0.0,0.0,0.0,0.0,0.0,0.0,0.0,704.0114596590438,30.139238214460725,0.0,0.0,-462.0819044539926,0.0,0.0,0.0,-77.84237610705159,0.0,0.0,35.13576938986574,821.6487098403563,0.0,0.0,0.0,-26.899587586859013,0.0,0.0,863.812716400615,0.0,0.0,863.812716400615,0.0,0.0,169.62055387451335,0.0,-20.787080955924637,0.0,0.0,265.66268839002976,0.0,0.0,0.0,0.0,0.0,0.0,0.0,233.54531996792647,35.13576938986574,0.0,607.5231198294099,0.0,0.0,0.0,-1.5593880971456855,-0.22604428660845544,0.0,0.0,0.0,0.0,0.15069619107230364,0.0,0.0,0.0,95.99999831756787,0.0,0.0,-829.8276705111601,578.7086653095191,364.80499429887846,890.212326146286,0.0,0.0,0.0,-9.277076143973567,0.0,0.0,0.0,828.2041173309972,171.79588266900282,-1000.0,-1000.0,-362.20064326785405,0.0,0.0,0.0,0.0,0.0,0.0,0.0,0.0,0.0,0.0,0.0,0.0,0.0,0.0,0.0,0.0,0.0,0.0,0.0,-1000.0,0.0,0.0,957.9649058461017,1000.0,0.0,0.0,-715.615066371611,0.0,0.0,0.0,154.05677669321986,215.75114777160104,0.0,0.0,0.0,0.0,-206.93165205886868,-135.90674327226589,992.4651904463848,0.0,-198.148257354399,0.0,-615.4103834394157,0.0,-3.7674047768075902,-1000.0,-1000.0,0.0,0.0,959.000955392258,452.6075226347508,45.20885732169108,406.24999999999693,-406.24999999999693,0.0,0.0,0.0,0.0,0.0,0.0,0.0,0.0,234.13783792951284,0.0,0.0,0.0,0.0,0.0,0.0,0.0,0.0,-38.25454558415703,0.0,0.0,154.996531175405,0.0,0.0,0.0,0.0,-84.93038089276963,0.30139238214451325,0.0,0.0,0.0,0.0,0.0,0.0,0.0,0.0,0.0,0.0,0.0,0.0,0.0,0.0,0.0,0.0,0.0,0.0,0.0,0.1657658101794368,0.1657658101794368,0.0,173.38144337446474,0.0,90.41771464338217,0.0,0.0,0.0,0.0,0.0,0.0,0.0,0.0,0.0,950.5566473627205,0.0,0.0,0.0,637.2342695076643,0.0,0.0,154.996531175405,0.0,0.0,0.0,0.0,0.0,0.0,0.0,303.8783823091982,-95.99999831756787,0.0,0.0,11.603606712567284,0.0,822.6350349057656,154.77968470169733,0.0,0.0,950.5566473627205,0.0,865.6262664699508,0.0,0.0,0.0,0.0,0.0,0.0,0.0,0.0,0.0,0.0,0.0,0.0,0.0,0.0,0.0,0.0,0.0,90.41771464338217,35.13576938986574,35.13576938986574,0.0,0.0,0.0,0.0,0.0,0.0,0.0,0.0,0.0,0.0,1.5069619107230363,0.0,0.0,0.0,0.0,0.0,0.0,0.0,0.0,45.20885732169108,-637.2342695076643,0.0,0.0,0.0,0.0,0.0,0.0,0.0,0.0,0.0,149.5273396080677,0.0,0.0,45.20885732169109,45.208857321691085,276.02373790150136,0.0,0.0,154.996531175405,0.0,0.0,0.0,0.0,0.0,-390.9839332431167,0.0,-362.20064326785405,0.15069619107230364,0.0,0.0,199.015848338273,0.0,0.0,0.0,-977.4147196074629,0.0,-35.13576938986574,0.0,0.0,0.0,0.0,0.0,0.0,0.0,0.0,0.0,0.0,0.0,0.0,0.15069619107230364,0.0,0.0,0.0,0.0,0.0,0.0,0.0,0.0,0.0,0.0,1000.0,0.0,-757.6501605255092,-1000.0,-11.302214330422771,-7.534809553615181,0.0,0.0,0.0,0.0,0.0,0.0,0.0,0.0,0.0,0.0,0.0,0.0,35.13576938986574,364.80499429887846,0.0,0.0,460.14233218836597,0.0,0.0,0.0,-0.15069619107230364,0.0,0.0,0.15069619107230364,0.0,0.15069619107230364,0.0,0.0,0.0,90.41771464338217,183.84935310821044,183.84935310821044,0.0,0.0,0.0,0.0,0.0,0.0,0.0,0.0,0.0,0.0,0.0,0.0,0.0,841.1790593823223,0.0,0.0,0.0,0.0,0.0,0.0,0.0,0.0,0.0,0.0,0.0,0.0,0.0,154.77968470169733,0.0,-169.25159509119953,169.25159509119953,0.22604428660845544,0.0,0.0,0.0,-45.20885732169108,0.0,0.0,0.0,0.0,0.0,-173.38144337446474,7.534809553615219,0.0,0.0,0.0,0.0,0.0,715.615066371611,0.0,0.0,0.0,0.0,0.0,0.0,0.0,0.0,35.13576938986574,0.0,637.2342695076643,149.74418608177535,173.38144337446474,0.0,294.8607617855393,-9.277076143973567,0.0,0.0,757.6501605255092,-757.6501605255092,0.0,637.799356732146,0.0,7.534809553615181,1000.0,0.0,585.6958162216139,0.0,-38.25454558415703,-203.12500000001234,203.12500000001234,-140.6249999999984,140.6249999999984,0.0,0.0,0.0,0.0,0.0,756.0907724283636,0.0,183.84935310821044,0.0,140.74604198113167,140.74604198113164,-140.74604198113164,0.0,0.0,0.0,0.0,0.0,704.0114596590438,0.0,0.0,207.28808636573274,-199.015848338273,0.0,0.0,45.20885732169108,0.0,0.0,0.0,0.0,128.55117196303004,0.0,0.0,0.1657658101794368,0.0,0.0,0.0,91.92467655410522,0.0,0.0,0.0,0.0,-39.72152357107859,0.0,802.2009613714847,0.0,0.0,0.0,0.0,0.0,0.0,0.0,0.0,0.015069619107229926,0.015069619107229926,0.0,0.0,0.0,0.0,0.0,0.0,0.0,0.0,0.0,199.015848338273,0.0,0.0,0.0,0.0,0.0,173.38144337446474,0.0,0.0,0.0,0.0,0.0,0.0,0.0,0.0,0.0,0.0,0.0,0.0,0.0,-360.62152077143764,0.0,0.0,0.0,0.0,90.41771464338217,0.0,0.0,0.0,0.0,0.0,0.0,-90.41771464338217,0.0,0.0,0.0,0.0,0.0,0.0,0.0,0.0,0.0,0.0,0.0,0.0,1000.0,-857.3175999111006,944.4059502668503,0.0,-45.20885732169108,0.0,999.3972152357111,0.0,0.0,0.0,0.0,0.0,0.0,0.0,0.0,0.0,0.0,0.0,0.0,0.0,0.0,0.0,0.0,0.0,-18.837023884037954,35.13576938986574,-227.0533621020238,829.8768450518996,0.0,0.0,0.0,0.0,0.0,-1000.0,998.1162976115963,38.25454558415703,0.0,0.0,0.0,0.0,0.0,0.0,0.0,1000.0,45.208857321691085,45.20885732169109,0.0,0.0,0.0,0.0,0.0,0.1657658101794368,173.38144337446474,0.0,0.0,-999.3972152357111,0.0,0.0,0.0,0.0,0.0,0.0,0.0,0.0,0.0,0.0,0.0,0.0,0.0,0.0,84.62579754559977,0.0,0.0,0.0,0.0,158.2310006259188,11.603606712567284,0.0,0.0,0.0,0.0,0.0,173.38144337446474,0.0,-23.990833618711463,0.0,0.0,0.0,-18.837023884037954,0.0,0.0,0.0,0.0,0.0,0.0,0.0,0.0,0.0,0.0,0.0,0.0,0.0,0.0,0.0,0.0,0.0,0.0,-0.15069619107230364,0.0,0.0,7.534809553615219,-950.5566473627205,0.0,0.0,0.0,0.0,35.13576938986574,0.0,0.0,0.0,-828.2041173309972,3.7674047768075902,0.0,0.0,0.0,0.15069619107230364,0.0,150.6961910723036,-46.71581923241412,30.13923821446073,1.076401364802174,420.44237309172706,-0.11302214330422772,615.4103834394157,3.0139238214460726,-0.7534809553612165,-420.44237309172706,45.20885732169109,-0.15069619107230364,3.0923587146578555,154.996531175405,0.03767404776807591,1.0764013648021742,-9.277076143973567,-23.990833618711463,-3.0139238214460726,-271.67426962355466,-0.15069619107230364,0.03767404776807591,-420.44237309172706,15.069619107230363,0.15069619107230364,0.15069619107230364,-173.064981373213,0.16576581017953357,-193.76876663815116,-0.11302214330422772,45.2088573216911,0.15069619107230364,45.20885732169108,-75.34809553615182,-0.07534809553615182,-637.5132239131041,-170.0,-0.11302214330422773,-0.15069619107230364,-46.71581923241412,0.15069619107230364,15.06961910723038,-3.0139238214460726,154.77968470169733,154.77968470169733,-15.069619107230363,271.67426962355466,-154.77968470169733,30.139238214460725,0.22604428660845546,-700.4550484207575,15.069619107230363,-303.8783823091982,154.996531175405,-30.139238214460725,0.07534809553615182,1.5069619107230363,207.45691762779003,203.52068158892547,-0.15069619107230364,-207.28808636573274,173.064981373213,46.71581923241412,0.15069619107230364,23.990833618711463,-25.838898111359413,154.996531175405,-0.15069619107230364,-0.03767404776807591,-154.996531175405,-0.15069619107230364,-887.1313422642544,0.15069619107230364,-0.03767404776807591,-0.03767404776807591,-0.03767404776807591,60.27847642892145,75.34809553615182,1.5069619107230363,407.76469370712937,-0.03767404776807591,411.8214765409222,7.534809553615181,50.0,0.15069619107230364,0.07534809553615182,0.07534809553615182,75.0,46.71581923241412,0.15069619107230364,-46.71581923241412,1.5069619107230363,0.15069619107230364,-1000.0,0.15069619107230364,0.6027847642889128,0.7534809553612165,0.07534809553615182,0.03767404776807591,45.2088573216911,-0.15069619107230364,193.76876663815116,1.5069619107230363,-815.5293874142587,611.6429786626081,-15.06961910723038,30.139238214460725,7.5348095536151805,-0.15069619107230364,9.277076143973567,0.22604428660845544,-0.15069619107230364,-150.0,46.71581923241412,382.65246965990775,0.07534809553615182,-100.0,-0.15069619107230364,-0.15069619107230364,-0.15069619107230364,0.07534809553615182,420.44237309172706,-30.139238214460725,0.15069619107230364,414.91383525558007,-0.03767404776807591,-0.16576581017953357,-414.91383525558007,22.604428660845542,170.0,425.7152420250627,420.44237309172706,-0.11302214330422773,207.28808636573274,-203.52068158892547,0.15069619107230364,-0.03767404776807591,161.59158624683505,150.6961910723036,-0.07534809553615182,-0.15069619107230364,0.03767404776807591,0.0,0.0,400.3797003252214,592.2353062928706,-255.0,0.0,240.2958180932476,-140.0,0.0,-80.0,-255.0,-325.0,-300.0,40.0,127.5,127.5,0.0,70.0,-173.38144337446474,-511.2036416229378,300.0,325.0,-511.2036416229378,-240.2958180932476,125.53254854868831,0.0,1496.5981,hplb
326,0.0,0.0,0.0,0.0,0.0,0.0,0.0,0.0,531.243428020661,0.0,0.0,0.0,0.0,0.0,0.0,0.0,1000.0,270.09838128482625,0.0,-1000.0,0.0,0.0,0.0,305.3646556060829,0.0,0.0,0.0,0.0,0.0,523.0248833649447,0.0,0.0,442.9036818989585,0.0,0.0,0.0,0.0,487.3122239088026,0.0,-1000.0,1000.0,0.0,0.0,0.0,0.0,0.0,0.0,0.0,-1000.0,-252.33819182257125,0.0,0.0,0.0,0.10811714769138794,0.0,0.0,0.0,19.657663216566572,0.0,0.0,97.11601948166282,0.0,422.4023582213531,202.20254614894037,0.0,0.0,0.0,0.0,456.0576660643545,-456.0576660643545,0.0,0.9828831608283287,0.0,0.0,0.0,0.0,0.0,0.0,0.0,0.0,0.0,0.0,0.0,0.0,58.97298964969972,0.0,0.0,-269.3316495677984,475.05025801841344,-683.1150534053107,-0.024572079020708217,0.0,0.0,-278.88427820327985,29.48649482484986,0.0,29.48649482484986,0.0,0.0,0.0,0.0,778.1611816632336,292.53452690815357,0.0,0.0,-12.052112070896715,0.0,758.0758023161136,0.0,0.0,0.0,0.0,0.0,0.0,0.0,0.0,0.0,0.0,0.0,0.0,0.0,0.0,0.0,0.0,-513.1960219589504,0.0,0.0,29.48649482484986,0.0,30.46937798567819,30.46937798567819,0.0,-936.3376409785392,264.46264097853907,671.8750000000002,-671.8750000000002,385.5094458216878,0.0,0.0,-702.8252773757633,0.0,0.0,0.0,0.0,0.0,7.568200338378126,0.09828831608283285,0.0,0.0,0.0,0.0,-1000.0,0.0,0.0,0.0,0.0,686.1546468792027,0.0,0.0,0.0,0.0,0.0,-118.59063297251582,-118.59063297251582,0.0,0.0,0.0,796.875,0.0,0.0,0.0,-118.49234465643299,0.0,0.0,0.0,-462.59228984457246,0.0,0.0,0.0,0.0,0.0,0.0,0.0,0.0,0.0,0.0,-610.2977281834696,0.0,0.0,0.0,0.0,-1000.0,0.0,0.0,0.0,0.0,0.0,252.33819182257125,0.0,269.3316495677984,-269.3316495677984,317.31583155407554,0.0,0.0,0.0,0.0,0.0,0.0,230.49035645679112,-12.28603951035411,0.0,0.0,0.0,0.0,0.0,0.0,0.0,0.0,0.0,0.0,0.0,0.0,0.0,0.0,952.9742763992509,-523.0248833649447,0.0,0.0,0.0,0.0,-317.31583155407554,0.0,0.0,0.0,0.0,97.11601948166282,-523.0248833649447,0.0,0.0,0.0,0.0,0.0,0.0,0.0,0.0,113.42459619959916,0.0,0.0,0.0,316.73751412056504,522.45612257118,-1000.0,0.0,523.0248833649447,0.0,0.0,317.31583155407554,0.0,0.0,0.0,0.0,-104.75385029101699,0.0,0.0,651.1178429264367,0.0,1000.0,-348.88215707356335,1000.0,0.0,744.3819075862119,0.0,808.7616804204231,252.33819182257125,0.0,335.16315784246007,0.0,0.0,0.0,0.0,0.0,0.0,0.0,881.3110787114013,0.0,0.0,571.674092377315,796.875,0.0,0.0,97.11601948166282,-0.14743247412424929,0.0,0.0,0.0,0.0,0.09828831608283285,0.0,0.0,0.0,857.088908975551,1000.0,0.0,-934.7776969101287,990.5105315663947,0.0,975.3471472691826,0.0,140.80784162026663,0.0,-12.052112070896715,0.0,0.0,0.0,-8.46262401473218,0.0,-132.34521760553446,1000.0,-1000.0,0.0,0.0,0.0,0.0,0.0,0.0,0.0,0.0,0.0,0.0,0.0,0.0,0.0,0.0,0.0,0.0,0.0,-512.2946228268659,0.0,-1000.0,0.0,0.0,110.25971242172989,0.0,0.0,272.5586801615888,-120.99279653797728,0.0,0.0,0.0,0.0,773.246765859092,-456.0576660643545,-279.9303038678013,-391.5377987336876,0.0,0.0,0.0,0.0,0.0,0.0,279.9303038678013,0.0,0.0,-2.4572079020708215,-4.914415804141643,0.0,0.0,0.0,1000.0,-468.0287121052013,29.48649482484986,0.0,0.0,0.0,0.0,0.0,531.3417163367438,0.0,0.0,0.0,0.0,-69.73351690095592,0.0,0.0,-1000.0,0.0,0.0,230.49035645679112,0.0,0.0,-123.08379259074988,0.0,0.0,54.13934755566721,0.0,0.0,0.0,0.0,-76.51221842559893,0.19657663216573135,0.0,0.0,0.0,0.0,0.0,0.0,0.0,0.0,0.0,0.0,0.0,0.0,0.0,0.0,0.0,0.0,0.0,0.0,0.0,0.10811714769138794,0.10811714769138794,0.0,260.34233678343344,0.0,58.97298964969972,0.0,0.0,0.0,1000.0,0.0,0.0,0.0,0.0,0.0,613.4418475309467,-1000.0,0.0,0.0,0.0,0.0,0.0,54.13934755566721,0.0,0.0,0.0,0.0,0.0,0.0,0.0,171.06534065298345,-857.088908975551,1000.0,0.0,7.568200338378126,0.0,-278.88427820327985,0.0,0.0,0.0,613.4418475309467,0.0,1000.0,-463.0703708946522,0.0,0.0,0.0,0.0,0.0,0.0,0.0,0.0,0.0,0.0,0.0,0.0,0.0,0.0,0.0,0.0,58.97298964969972,317.31583155407554,317.31583155407554,0.0,0.0,0.0,0.0,0.0,0.0,0.0,0.0,0.0,0.0,0.9828831608283287,0.0,0.0,0.0,0.0,0.0,0.0,0.0,0.0,29.48649482484986,0.0,0.0,0.0,0.0,0.0,0.0,0.0,0.0,0.0,0.0,-435.11753813120356,1000.0,0.0,29.48649482484986,29.48649482484986,1000.0,-1000.0,0.0,54.13934755566721,0.0,0.0,0.0,0.0,0.0,-807.8770420494473,230.49035645679112,-680.0467524416147,0.09828831608283285,0.0,0.0,-805.7615340990468,813.6877847317267,317.1279657552861,0.0,278.88427820327985,0.0,0.0,0.0,0.0,0.0,0.0,0.0,0.0,0.0,0.0,0.0,0.0,0.0,0.0,0.09828831608283285,0.0,0.0,0.0,32.43593425432519,-32.43593425432519,0.0,0.0,0.0,0.0,-759.0146312289057,748.2815471126584,0.0,0.0,-487.70537717313414,-7.371623706212467,0.0,-4.914415804141643,0.0,0.0,0.0,0.0,0.0,0.0,0.0,0.0,0.0,0.0,0.0,317.31583155407554,0.0,0.0,0.0,-463.11429630105965,0.0,0.0,0.0,531.243428020661,0.0,0.0,0.09828831608283285,0.0,0.09828831608283285,0.0,0.0,0.0,58.97298964969972,119.9117456210561,119.9117456210561,0.0,0.0,0.0,0.0,0.0,0.0,0.0,1000.0,0.0,230.49035645679112,0.0,0.0,0.0,0.0,0.0,0.0,0.0,0.0,0.0,0.0,0.0,0.0,0.0,0.0,0.0,0.0,0.0,0.0,0.0,-342.44580524016754,342.44580524016754,0.14743247412424929,0.0,0.0,0.0,-29.48649482484986,0.0,0.0,0.0,0.0,0.0,-260.34233678343344,4.914415804141643,0.0,0.0,0.0,-796.875,0.0,-638.0218346909285,-4.914415804141643,0.0,0.0,0.0,0.0,0.0,0.0,0.0,317.31583155407554,0.0,0.0,0.0,260.34233678343344,0.0,1000.0,305.07585368438936,0.0,0.0,0.0,0.0,0.0,-119.9117456210561,0.0,4.914415804141643,1000.0,0.0,0.0,0.0,-123.08379259074988,0.0,0.0,1000.0,-1000.0,0.0,0.0,0.0,0.0,0.0,878.0116886731155,-282.4572079020708,119.9117456210561,0.0,0.0,0.0,0.0,0.0,0.0,0.0,0.0,0.0,113.42459619959916,0.0,0.0,0.0,-7.926250632679878,-602.7304006322637,0.0,29.48649482484986,0.0,0.0,0.0,0.0,249.40304174122815,0.0,0.0,0.10811714769138794,0.0,0.0,0.0,59.95587281052805,0.0,0.0,0.0,0.0,952.9742763992509,0.0,0.0,0.0,0.0,0.0,0.0,0.0,0.0,0.0,0.0,0.009828831608283567,0.009828831608283567,0.0,0.0,0.0,0.0,0.0,0.0,0.0,0.0,0.0,-805.7615340990468,0.0,0.0,0.0,0.0,0.0,260.34233678343344,0.0,0.0,0.0,0.0,0.0,0.0,0.0,252.33819182257125,0.0,0.0,0.0,0.0,0.0,808.7616804204231,270.09838128482625,0.0,0.0,0.0,58.97298964969972,0.0,0.0,0.0,0.0,0.0,0.0,-58.97298964969972,0.0,0.0,0.0,0.0,0.0,0.0,0.0,0.0,0.0,0.0,0.0,0.0,591.6511613637642,484.65748485870637,67.32749651674052,0.0,-29.48649482484986,0.0,487.3122239088026,0.0,0.0,0.0,0.0,0.0,0.0,0.0,0.0,0.0,0.0,0.0,0.0,0.0,0.0,0.0,0.0,0.0,-12.28603951035411,317.31583155407554,-780.6183895653044,275.08558419585836,0.0,0.0,0.0,0.0,0.0,-89.81920805083016,88.59060409979475,123.08379259074988,0.0,0.0,0.0,0.0,0.0,0.0,0.0,911.6044089221496,29.48649482484986,29.48649482484986,0.0,0.0,0.0,0.0,0.0,0.10811714769138794,260.34233678343344,0.0,0.0,-487.3122239088026,0.0,0.0,0.0,0.0,0.0,0.0,0.0,0.0,0.0,0.0,0.0,0.0,0.0,0.0,171.22290262008377,0.0,0.0,30.46937798567819,0.0,103.2027318869745,0.0,0.0,7.568200338378126,0.0,0.0,0.0,260.34233678343344,0.0,748.2815471126584,0.0,0.0,0.0,-12.28603951035411,0.0,0.0,0.0,0.0,0.0,0.0,0.0,0.0,0.0,0.0,0.0,0.0,0.0,0.0,0.0,0.0,0.0,0.0,-0.09828831608283285,0.0,0.0,4.914415804141643,-613.4418475309467,0.0,0.0,0.0,0.0,317.31583155407554,0.0,0.0,0.0,8.46262401473218,2.4572079020708215,0.0,0.0,0.0,0.09828831608283285,0.0,98.28831608283285,0.0,19.657663216566572,0.7020594005916633,335.16315784246007,-0.07371623706212464,391.5377987336876,1.9657663216566572,-0.4914415804143778,-335.16315784246007,29.48649482484986,-0.09828831608283287,4.017370690298905,54.13934755566721,0.024572079020708217,0.7020594005916633,-12.052112070896715,-15.647499920389013,-1.9657663216566574,-270.09838128482625,-0.09828831608283287,0.024572079020708217,-335.16315784246007,9.828831608283286,0.09828831608283287,0.09828831608283285,-260.1359313196592,0.10811714769111644,-178.18371042747782,-0.07371623706212464,29.48649482484986,0.09828831608283287,29.48649482484986,-49.14415804141643,-0.04914415804141643,-483.8667123099314,307.3887116297094,-0.07371623706212464,-0.09828831608283012,0.0,0.09828831608283285,9.828831608283286,-1.9657663216566572,0.0,0.0,-9.828831608283286,270.09838128482625,0.0,19.657663216566572,0.14743247412424929,-1000.0,9.828831608283286,-171.06534065298345,54.13934755566721,-19.657663216566572,0.04914415804141643,0.9828831608283287,233.69442422753218,280.0,-0.09828831608283285,-282.4572079020708,260.1359313196592,30.46937798567819,0.09828831608283287,15.647499920389013,-63.80663174373228,54.13934755566721,-0.09828831608283285,-0.024572079020708217,-54.13934755566721,-0.09828831608283285,-76.51221842559893,0.09828831608283287,-0.024572079020708217,-0.024572079020708217,-0.024572079020708217,39.315326433133144,49.14415804141643,0.9828831608283287,72.81935617787157,-0.024572079020708217,463.3714777647655,4.914415804141643,43.17052501694111,0.09828831608283285,0.04914415804141643,0.049144158041416426,36.89850538611689,0.0,0.09828831608283285,0.0,0.9828831608283287,0.09828831608283287,-72.81935617787157,0.09828831608283287,0.39315326433154496,0.4914415804143778,0.04914415804141643,0.024572079020708217,29.48649482484986,-0.09828831608283287,178.18371042747782,0.9828831608283287,-145.63871235574314,389.0805908316168,-9.828831608283286,19.657663216566572,4.914415804141643,-0.09828831608283287,12.052112070896715,0.14743247412424929,-0.09828831608283287,-73.79701077223378,0.0,128.07270979805446,0.04914415804141643,-86.34105003388223,-0.09828831608283287,-0.09828831608283287,-0.0982883160828329,0.04914415804141506,335.16315784246007,-19.657663216566572,0.09828831608283285,467.38884845506436,-0.024572079020708217,-0.10811714769111644,-467.38884845506436,14.743247412424926,-307.3887116297094,591.8318783324249,335.16315784246007,-0.07371623706212464,282.4572079020708,-280.0,0.09828831608283287,-0.024572079020708213,4.914415804141643,98.28831608283285,-0.04914415804141643,-0.09828831608283287,0.024572079020708217,0.0,0.0,938.6840016610574,0.0,-255.0,0.0,-105.71419903198324,-140.0,0.0,-80.0,-255.0,-19.657663216566572,-61.26685418090121,40.0,127.5,127.5,0.0,70.0,-260.34233678343344,-377.4757515392826,61.26685418090121,19.657663216566572,-377.4757515392826,105.71419903198324,-25.868199448267124,0.0,1496.5981,hplb
327,0.0,0.0,0.0,0.0,0.0,0.0,0.0,0.0,-0.11775538721322282,0.0,0.0,0.0,0.0,0.0,0.0,0.0,-526.4129119361515,803.5622960671251,0.0,-129.32708459593516,0.0,0.0,0.0,627.011462354018,0.0,0.0,0.0,0.0,0.0,-247.0348021455047,35.97350839239807,-35.97350839239807,133.82926940570835,0.0,0.0,0.0,0.0,999.5289784511465,0.0,-1000.0,1000.0,0.0,-838.0005227479149,0.0,0.0,0.0,360.0046773788736,0.0,344.1523857203232,-663.8899256297148,0.0,0.0,0.0,0.12953092593466156,0.0,0.0,0.0,0.0,0.0,0.0,-22.361493898044046,0.0,-804.8935240948498,-827.2550179928938,836.5208535786282,0.0,0.0,0.0,17.072178692899797,-17.072178692899797,0.0,1.1775538721322283,0.0,0.0,0.0,0.0,0.0,0.0,0.0,0.0,0.0,0.0,0.0,0.0,70.6532323279337,0.0,0.0,-543.2003579587855,1000.0,117.48004824501052,622.0950673048451,0.0,0.0,927.917807849679,35.32661616396685,0.0,35.32661616396685,-39.765231860663775,0.0,0.0,0.0,5.8877693606611405,-247.0348021455047,0.0,0.0,-3.568336536879306,955.5798937942586,0.0,0.0,0.0,0.0,0.0,0.0,0.0,0.0,0.0,0.0,0.0,0.0,0.0,0.0,0.0,0.0,0.0,-407.82427124149956,0.0,0.0,35.32661616396685,0.0,36.504170036099076,0.0,0.0,-853.8044406198862,213.17944061988516,640.6250000000011,-640.6250000000011,-178.56195578385206,0.0,0.0,178.56195578385206,0.0,0.0,0.0,0.0,0.0,9.06716481541815,0.11775538721322282,622.1245061516483,0.0,0.0,0.0,-955.5798937942586,0.0,0.0,0.0,0.0,643.4099264708643,0.0,0.0,0.0,0.0,0.0,604.1395696159415,604.1395696159415,0.0,0.0,0.0,0.0,215.34705452185,0.0,0.0,640.2308333955528,0.0,0.0,0.0,577.4258857311762,0.0,0.0,0.0,0.0,0.0,0.0,0.0,0.0,0.0,0.0,-968.3954706069594,0.0,0.0,0.0,0.0,-1000.0,0.0,0.0,0.0,0.0,0.0,663.8899256297148,838.0005227479149,-873.2831837096523,873.2831837096523,0.0,0.0,0.0,0.0,0.0,0.0,0.0,0.0,-713.2705008442974,0.0,0.0,0.0,0.0,0.0,0.0,0.0,0.0,0.0,0.0,0.0,0.0,0.0,41.4864951188967,-9.09349004177453,-408.70519438658204,0.0,0.0,0.0,0.0,7.165088014676652,0.0,0.0,0.0,0.0,-22.361493898044046,-408.70519438658204,35.97350839239807,0.0,457.66808794291205,0.0,0.0,0.0,0.0,0.0,0.0,23.551077442644562,0.0,0.0,-409.1094967719609,626.1731641897762,-234.33063320019963,0.0,408.70519438658204,0.0,0.0,0.0,0.0,0.0,0.0,0.0,314.0815976414849,0.0,0.0,-1000.0,0.0,-471.63446265045127,-1000.0,0.0,-471.6344626504512,126.71681629034765,0.0,0.0,663.8899256297148,0.0,321.372442310215,0.0,0.0,0.0,0.0,0.0,0.0,0.0,1000.0,0.0,0.0,-208.75771849799418,0.0,0.0,0.0,-22.361493898044046,-0.1766330808198342,0.0,0.0,0.0,0.0,0.11775538721322282,0.0,0.0,0.0,957.5082958213566,-526.4129119361515,0.0,-562.3850003897413,-67.1149269411887,0.0,908.8776936066114,0.0,-211.39341544448698,0.0,-3.568336536879306,0.0,0.0,0.0,228.46559413738677,982.9278213071002,-1000.0,0.0,-1000.0,0.0,0.0,0.0,0.0,0.0,0.0,0.0,0.0,0.0,0.0,0.0,0.0,0.0,0.0,0.0,0.0,457.66808794291205,0.0,0.0,-1000.0,0.0,0.0,0.0,0.0,0.0,0.0,26.90634357698002,0.0,0.0,0.0,0.0,0.0,0.0,0.0,-5.8877693606611405,0.0,-1000.0,-320.41476106019684,0.0,53.515748647096956,549.3222894938531,0.0,0.0,-141.89501451548153,-2.9438846803305703,-5.8877693606611405,0.0,0.0,858.6065869329309,0.0,-935.1475886215258,35.32661616396685,0.0,0.0,0.0,328.93006257148625,0.0,0.0,0.0,-41.4864951188967,41.4864951188967,41.4864951188967,-93.91280347725146,0.0,0.0,0.0,0.0,0.0,0.0,0.0,0.0,-44.72298779608809,0.0,0.0,126.44892255735544,0.0,0.0,0.0,0.0,-44.42010620574138,0.23551077442652427,0.0,0.0,0.0,0.0,0.0,0.0,0.0,0.0,0.0,0.0,0.0,0.0,0.0,0.0,0.0,0.0,0.0,0.0,0.0,0.12953092593466156,0.12953092593466156,35.97350839239807,297.93541767625214,0.0,70.6532323279337,0.0,0.0,0.0,1000.0,0.0,560.0852290197798,0.0,0.0,0.0,183.70875836632948,-1000.0,0.0,0.0,257.90689040207633,0.0,0.0,126.44892255735544,0.0,0.0,0.0,0.0,0.0,0.0,0.0,135.9414237471665,-957.5082958213566,0.0,0.0,9.06716481541815,0.0,1000.0,-72.08219215032105,-79.2472801649977,0.0,183.70875836632948,0.0,139.2886521605881,0.0,0.0,0.0,41.4864951188967,0.0,0.0,0.0,0.0,0.0,0.0,0.0,0.0,0.0,0.0,0.0,0.0,0.0,70.6532323279337,0.0,0.0,0.0,0.0,0.0,0.0,0.0,0.0,0.0,0.0,0.0,0.0,1.1775538721322283,0.0,35.97350839239807,0.0,0.0,35.97350839239807,838.0005227479149,0.0,0.0,35.32661616396685,-257.90689040207633,0.0,0.0,0.0,0.0,0.0,0.0,0.0,0.0,0.0,698.5470976848094,0.0,0.0,35.32661616396685,35.32661616396685,1000.0,-1000.0,0.0,126.44892255735544,0.0,0.0,0.0,0.0,0.0,-752.9651978544953,0.0,-401.6849275261002,0.11775538721322282,0.0,0.0,0.0,155.51281101323406,0.0,0.0,-927.917807849679,0.0,0.0,0.0,0.0,0.0,0.0,0.0,0.0,0.0,0.0,0.0,0.0,0.0,0.0,0.11775538721322282,0.0,0.0,0.0,0.0,0.0,0.0,0.0,0.0,0.0,0.0,26.90634357698002,0.0,0.0,-1000.0,-8.831654040991712,-5.887769360661145,0.0,0.0,15.625000000000007,15.625000000000007,-15.625000000000007,0.0,0.0,0.0,0.0,0.0,0.0,0.0,0.0,0.0,0.0,0.0,-70.6532323279337,0.0,0.0,0.0,-0.11775538721322282,0.0,0.0,0.11775538721322282,0.0,0.11775538721322282,0.0,0.0,0.0,70.6532323279337,143.66157240013183,143.66157240013183,0.0,0.0,0.0,0.0,0.0,0.0,0.0,0.0,0.0,0.0,0.0,0.0,0.0,238.60433297644536,0.0,0.0,0.0,0.0,0.0,0.0,0.0,0.0,0.0,0.0,0.0,0.0,0.0,7.165088014676652,0.0,0.0,0.0,0.1766330808198342,0.0,0.0,0.0,-35.32661616396685,0.0,0.0,0.0,0.0,0.0,-297.93541767625214,5.8877693606611405,0.0,0.0,0.0,0.0,-215.34705452185,0.0,0.0,0.0,0.0,0.0,0.0,0.0,0.0,0.0,0.0,0.0,257.90689040207633,0.0,256.44892255735544,0.0,301.44892255735544,-3.568336536879306,0.0,26.90634357698002,0.0,-26.90634357698002,0.0,-143.66157240013183,0.0,5.887769360661145,1000.0,0.0,0.0,-35.97350839239807,-44.72298779608809,-310.7047574201022,310.7047574201022,0.0,0.0,0.0,0.0,0.0,0.0,0.0,950.7321625249759,0.0,143.66157240013183,0.0,0.0,0.0,35.97350839239807,0.0,0.0,0.0,0.0,0.0,0.0,0.0,0.0,324.43037979922724,-155.51281101323406,0.0,-838.0005227479149,35.32661616396685,0.0,0.0,0.0,0.0,23.82515549651481,0.0,0.0,0.12953092593466156,0.0,0.0,0.0,71.83078620006592,0.0,0.0,0.0,0.0,-9.09349004177453,0.0,955.5798937942586,0.0,0.0,0.0,0.0,0.0,0.0,0.0,0.0,0.011775538721322282,0.011775538721322282,0.0,0.0,0.0,0.0,0.0,0.0,0.0,0.0,0.0,0.0,35.97350839239807,0.0,0.0,0.0,0.0,297.93541767625214,0.0,0.0,0.0,0.0,0.0,0.0,0.0,663.8899256297148,0.0,0.0,0.0,0.0,0.0,0.0,803.5622960671251,0.0,0.0,0.0,70.6532323279337,0.0,0.0,0.0,0.0,0.0,0.0,-70.6532323279337,0.0,0.0,0.0,0.0,0.0,0.0,0.0,0.0,0.0,35.97350839239807,35.97350839239807,0.0,401.6849275261002,-1000.0,319.266773217503,-35.32661616396685,0.0,0.0,999.5289784511465,0.0,0.0,0.0,0.0,0.0,0.0,0.0,0.0,0.0,0.0,0.0,0.0,0.0,0.0,0.0,0.0,0.0,-14.719423401652858,0.0,-8.831654040991712,229.77267893545368,0.0,0.0,0.0,0.0,0.0,-532.1259600613686,530.6540177212033,44.72298779608809,0.0,0.0,0.0,0.0,0.0,0.0,0.0,1000.0,35.32661616396685,35.32661616396685,0.0,0.0,0.0,0.0,0.0,0.12953092593466156,297.93541767625214,0.0,0.0,-999.5289784511465,0.0,0.0,0.0,0.0,0.0,0.0,0.0,0.0,0.0,0.0,0.0,0.0,0.0,0.0,0.0,0.0,0.0,0.0,0.0,123.64315657388397,9.06716481541815,0.0,0.0,0.0,0.0,0.0,297.93541767625214,0.0,-45.65300122132492,0.0,0.0,0.0,-14.719423401652858,0.0,0.0,0.0,0.0,0.0,0.0,0.0,0.0,0.0,0.0,0.0,0.0,0.0,0.0,0.0,0.0,0.0,0.0,-0.11775538721322282,0.0,0.0,5.8877693606611405,-183.70875836632948,0.0,0.0,0.0,0.0,0.0,0.0,0.0,0.0,-228.46559413738677,2.9438846803305703,0.0,0.0,0.0,0.11775538721322282,0.0,117.7553872132228,-36.504170036099076,23.551077442644566,0.8411099086658772,328.5375303248917,-0.0883165404099171,5.8877693606611405,2.355107744264456,-0.5887769360667789,-328.5375303248917,35.32661616396685,-0.11775538721322282,1.189445512293102,126.44892255735544,0.029438846803305704,0.8411099086658772,-3.568336536879306,-18.7466576443449,33.61840064813361,-147.82229953503838,-0.11775538721322282,0.029438846803305704,-328.5375303248917,11.775538721322281,0.11775538721322282,0.11775538721322282,-297.6881313631043,0.1295309259345451,-171.11270253769112,-0.0883165404099171,35.32661616396685,0.11775538721322282,35.32661616396685,-58.87769360661141,-0.05887769360661141,-465.16055085941457,-19.05838212321214,-0.0883165404099171,-0.11775538721322282,-36.504170036099076,0.11775538721322282,11.775538721322281,-2.355107744264456,7.165088014676652,7.165088014676652,-11.775538721322281,147.82229953503838,-7.165088014676652,23.551077442644562,0.1766330808198342,-644.8573204925042,11.775538721322281,-135.9414237471665,126.44892255735544,-23.551077442644562,0.05887769360661141,1.1775538721322283,140.59625009743533,280.0,-0.11775538721322282,-324.43037979922724,297.6881313631043,36.504170036099076,0.11775538721322282,18.7466576443449,-14.857542098511885,126.44892255735544,-0.11775538721322282,-0.029438846803305704,-126.44892255735544,-0.11775538721322282,-1000.0,0.11775538721322282,-0.029438846803305704,-0.029438846803305704,-0.029438846803305704,47.102154885289124,58.87769360661141,1.1775538721322283,87.24202250159686,-0.029438846803305704,280.00305468257756,5.8877693606611405,28.097822463531827,0.11775538721322282,0.05887769360661141,0.05887769360661141,75.0,36.504170036099076,0.11775538721322282,-36.504170036099076,1.1775538721322283,0.11775538721322282,-87.24202250159686,0.11775538721322282,0.4710215488535141,0.5887769360667789,0.05887769360661141,0.029438846803305704,35.32661616396685,-0.11775538721322282,171.11270253769112,-16.809200324066804,-174.48404500319373,2.943884680330571,-11.775538721322281,23.551077442644562,5.8877693606611405,-0.11775538721322282,3.568336536879306,0.1766330808198342,-0.11775538721322282,-150.0,36.504170036099076,276.35587509566983,0.05887769360661141,-56.195644927063654,-0.11775538721322282,-0.11775538721322282,-0.11775538721322282,0.05887769360661141,328.5375303248917,-23.551077442644562,0.11775538721322282,281.19250019487066,-0.029438846803305704,-0.1295309259345451,-281.19250019487066,17.66330808198342,19.058382123212155,216.65811545181896,328.5375303248917,-0.0883165404099171,324.43037979922724,-280.0,0.11775538721322282,-0.029438846803305704,5.887769360661145,117.7553872132228,-0.05887769360661141,-0.11775538721322282,0.029438846803305704,0.0,0.0,400.60157826353935,0.0,-255.0,0.0,401.9061061367056,-140.0,0.0,250.98221319143502,-255.0,-325.0,-244.1968645353582,-125.49110659571751,127.5,127.5,0.0,70.0,-297.93541767625214,-300.18103059218464,244.1968645353582,325.0,-300.18103059218464,-401.9061061367056,202.4940547569476,0.0,1496.5981,hplb
328,0.0,0.0,0.0,0.0,0.0,0.0,0.0,0.0,-0.125097499275288,0.0,0.0,0.0,0.0,0.0,0.0,0.0,-511.74432123904523,777.2387734770166,0.0,-230.929415964081,0.0,0.0,0.0,781.4724757597503,0.0,0.0,0.0,0.0,0.0,929.5500126750529,28.129130343261345,-28.129130343261345,771.775294590506,0.0,0.0,0.0,0.0,999.4996100028986,0.0,-1000.0,962.4707502174136,0.0,-460.165126848414,0.0,0.0,0.0,0.0,0.0,0.0,0.0,0.0,0.0,0.0,0.1376072492029405,0.0,0.0,0.0,0.0,0.0,0.0,-22.069161963414267,0.0,0.0,-123.72754226319256,0.0,0.0,0.0,0.0,0.0,0.0,0.0,1.2509749927528802,0.0,0.0,0.0,0.0,0.0,0.0,0.0,0.0,0.0,0.0,0.0,0.0,75.05849956517281,0.0,35.56199217940924,0.0,124.11657968022791,511.93196748795816,-0.031274374818822,0.0,0.0,0.0,37.529249782586405,0.0,37.529249782586405,-709.8107984647895,0.0,0.0,0.0,6.2548749637644,929.5500126750529,0.0,0.0,-74.90853177949573,0.0,0.0,0.0,0.0,0.0,0.0,0.0,0.0,0.0,0.0,0.0,0.0,0.0,0.0,0.0,0.0,0.0,0.0,-738.9947171194813,0.0,0.0,37.529249782586405,0.0,38.780224775339285,0.0,0.0,0.0,0.0,0.0,0.0,0.0,0.0,0.0,-101.6583802997783,0.0,0.0,0.0,0.0,0.0,45.194499623606404,0.125097499275288,0.0,0.0,0.0,0.0,0.0,0.0,0.0,0.0,0.0,619.0136858012876,0.0,0.0,0.0,0.0,0.0,971.7457721574634,971.7457721574634,0.0,0.0,0.0,-296.875,0.0,0.0,0.0,1000.0,0.0,0.0,0.0,0.0,-229.45397808308095,0.0,0.0,0.0,0.0,0.0,0.0,0.0,0.0,0.0,-336.10730356336086,0.0,0.0,0.0,0.0,-615.5053025438194,0.0,0.0,0.0,0.0,0.0,0.0,460.165126848414,-336.0485471681861,336.0485471681861,101.6583802997783,0.0,0.0,0.0,0.0,0.0,0.0,0.0,-715.6566872644686,0.0,0.0,0.0,0.0,0.0,0.0,0.0,0.0,0.0,0.0,0.0,0.0,0.0,133.20636339920637,-49.9610002898848,-877.9708182844217,0.0,0.0,0.0,0.0,157.3651525731959,0.0,0.0,0.0,0.0,-22.069161963414267,-877.9708182844217,28.129130343261345,0.0,0.0,0.0,0.0,0.0,0.0,0.0,322.34647135513677,25.0194998550576,0.0,0.0,0.0,0.0,124.11657968022791,0.0,877.9708182844217,0.0,0.0,101.6583802997783,152.61894911585136,0.0,0.0,0.0,-68.9630542154689,0.0,0.0,-993.3754428628116,-993.3754428628117,0.0,0.0,0.0,993.3754428628117,-211.93196748795816,0.0,210.26081034474947,0.0,0.0,89.99849010507933,0.0,0.0,0.0,-1000.0,0.0,1000.0,0.0,986.9676575692919,0.0,0.0,177.90679493299547,-296.875,0.0,0.0,-22.069161963414267,-0.187646248912932,0.0,0.0,0.0,0.0,0.125097499275288,0.0,0.0,0.0,-3.393951466878434,-511.74432123904523,0.0,-883.7906054941311,-49.72354638893796,229.45397808308095,1000.0,0.0,0.0,0.0,-74.90853177949573,0.0,0.0,0.0,519.6462722327157,-519.6462722327157,0.0,-1000.0,-1000.0,0.0,0.0,0.0,0.0,0.0,0.0,0.0,0.0,0.0,0.0,0.0,0.0,0.0,0.0,0.0,0.0,0.0,0.0,0.0,-1000.0,0.0,0.0,1000.0,0.0,503.90548579312855,0.0,-339.41184063548184,0.0,0.0,0.0,942.1601753968607,0.0,696.9360650263372,0.0,-86.13010544326977,0.0,-177.2897927936216,0.0,0.0,-1000.0,-641.0211250913542,0.0,0.0,657.3229699049652,-3.1274374818822,-6.2548749637644,283.56210354247855,0.0,-284.6301351284938,747.1951395496656,0.0,37.529249782586405,0.0,0.0,0.0,0.0,0.0,0.0,0.0,-133.20636339920637,133.20636339920637,133.20636339920637,-404.55944917954747,0.0,0.0,-93.90382910607013,0.0,0.0,0.0,0.0,0.0,-74.67271986778837,0.0,0.0,0.0,0.0,0.0,0.0,0.0,-87.4902500724712,0.2501949985504373,0.0,0.0,0.0,0.0,0.0,0.0,0.0,0.0,0.0,0.0,0.0,0.0,0.0,0.0,0.0,0.0,0.0,0.0,0.0,0.1376072492029405,0.1376072492029405,28.129130343261345,220.42129392512066,0.0,75.05849956517281,0.0,0.0,0.0,929.750068582238,0.0,0.0,35.56199217940924,0.0,0.0,378.2768577725641,-929.750068582238,0.0,0.0,0.0,0.0,0.0,0.0,0.0,0.0,0.0,0.0,0.0,0.0,0.0,246.3315723731604,3.393951466878434,0.0,79.87523047950538,45.194499623606404,0.0,0.0,0.0,-259.0235328729742,0.0,378.2768577725641,0.0,0.0,290.7866077000929,0.0,0.0,133.20636339920637,0.0,0.0,0.0,0.0,0.0,0.0,0.0,0.0,0.0,0.0,0.0,0.0,0.0,75.05849956517281,101.6583802997783,101.6583802997783,0.0,0.0,0.0,0.0,0.0,0.0,0.0,0.0,0.0,0.0,1.2509749927528802,0.0,28.129130343261345,35.56199217940924,-35.56199217940924,28.129130343261345,460.165126848414,0.0,0.0,37.529249782586405,0.0,0.0,0.0,0.0,79.87523047950538,0.0,0.0,0.0,0.0,0.0,1000.0,-1000.0,0.0,37.529249782586405,37.529249782586405,1000.0,-929.750068582238,0.0,0.0,0.0,0.0,0.0,0.0,0.0,331.27951700651977,0.0,401.8062899629298,0.125097499275288,0.0,0.0,0.0,165.20911886434286,709.4484811039856,0.0,0.0,0.0,0.0,0.0,0.0,0.0,0.0,0.0,0.0,0.0,0.0,0.0,0.0,0.0,0.0,0.125097499275288,0.0,0.0,0.0,0.0,0.0,0.0,0.0,0.0,0.0,0.0,660.5881593645181,0.0,0.0,-1000.0,-9.382312445646601,-6.254874963764405,0.0,0.0,0.0,0.0,0.0,0.0,0.0,0.0,0.0,0.0,0.0,0.0,101.6583802997783,229.45397808308095,0.0,0.0,-278.3752601647294,0.0,0.0,0.0,-0.125097499275288,0.0,0.0,0.125097499275288,0.0,0.125097499275288,0.0,0.0,0.0,75.05849956517281,152.61894911585136,152.61894911585136,0.0,0.0,0.0,0.0,0.0,0.0,0.0,0.0,0.0,0.0,0.0,0.0,0.0,530.4171669203181,0.0,0.0,0.0,0.0,0.0,0.0,0.0,0.0,0.0,0.0,0.0,0.0,0.0,259.0235328729742,0.0,0.0,0.0,0.187646248912932,0.0,0.0,0.0,-37.529249782586405,0.0,0.0,0.0,0.0,0.0,-220.42129392512066,6.2548749637644,0.0,0.0,0.0,296.875,0.0,0.0,0.0,0.0,0.0,0.0,0.0,0.0,0.0,0.0,101.6583802997783,0.0,0.0,811.3996001919157,87.2149305259143,0.0,299.9805001449424,634.5399493244898,0.0,-339.41184063548184,0.0,339.41184063548184,0.0,0.0,0.0,6.254874963764405,398.35883665775145,0.0,0.0,-28.129130343261345,-145.79670422660683,0.0,0.0,0.0,0.0,0.0,0.0,0.0,0.0,0.0,565.9109099341281,-248.56823126206052,152.61894911585136,0.0,-234.37500000000023,-234.37500000000023,262.5041303432615,0.0,0.0,0.0,0.0,0.0,322.34647135513677,0.0,0.0,0.0,-165.20911886434286,-700.489945826009,-460.165126848414,37.529249782586405,35.56199217940924,0.0,0.0,0.0,245.2495031218511,0.0,0.0,0.1376072492029405,0.0,0.0,0.0,76.30947455792568,0.0,0.0,0.0,0.0,-49.9610002898848,0.0,0.0,0.0,0.0,0.0,0.0,0.0,0.0,940.6356224218504,0.0,0.012509749927529156,0.012509749927529156,0.0,0.0,0.0,0.0,0.0,0.0,0.0,0.0,0.0,0.0,28.129130343261345,0.0,0.0,0.0,0.0,220.42129392512066,0.0,0.0,0.0,0.0,0.0,0.0,0.0,0.0,0.0,0.0,0.0,71.12398435881848,-375.82152093112177,-208.17060031788606,777.2387734770166,0.0,0.0,0.0,75.05849956517281,0.0,0.0,0.0,0.0,0.0,924.9415004348272,-1000.0,0.0,71.12398435881848,0.0,0.0,0.0,0.0,0.0,0.0,0.0,28.129130343261345,28.129130343261345,0.0,-401.8062899629298,260.8295296815727,616.1089539238905,-37.529249782586405,0.0,0.0,999.4996100028986,0.0,0.0,0.0,0.0,0.0,0.0,0.0,0.0,0.0,447.91666666666663,0.0,-447.91666666666663,-447.91666666666663,0.0,0.0,0.0,0.0,-15.637187409411005,101.6583802997783,-9.382312445646601,769.6030857367319,0.0,0.0,0.0,0.0,0.0,-1.5637187409411002,0.0,74.67271986778837,0.0,0.0,0.0,0.0,0.0,0.0,0.0,1000.0,37.529249782586405,37.529249782586405,0.0,0.0,0.0,0.0,0.0,0.1376072492029405,220.42129392512066,0.0,0.0,-999.4996100028986,0.0,0.0,0.0,0.0,0.0,0.0,0.0,0.0,0.0,0.0,0.0,0.0,0.0,0.0,0.0,0.0,0.0,0.0,0.0,131.3523742390524,45.194499623606404,0.0,0.0,0.0,0.0,0.0,220.42129392512066,0.0,283.93432657144604,0.0,0.0,0.0,-15.637187409411005,0.0,0.0,0.0,0.0,0.0,0.0,0.0,0.0,0.0,0.0,0.0,0.0,0.0,0.0,0.0,0.0,0.0,0.0,-0.125097499275288,0.0,0.0,6.2548749637644,-378.2768577725641,0.0,0.0,0.0,0.0,101.6583802997783,0.0,0.0,0.0,-519.6462722327157,3.1274374818822,0.0,0.0,0.0,0.125097499275288,0.0,125.09749927528799,-38.780224775339285,25.019499855057603,0.8935535662520572,349.02202297805354,-0.093823124456466,6.2548749637644,2.5019499855057603,-0.6254874963766532,-349.02202297805354,37.529249782586405,-0.125097499275288,24.969510593165243,0.0,0.031274374818822,0.8935535662520572,-74.90853177949573,-55.4775140640358,25.627180357755584,-34.56503627389043,-0.125097499275288,0.031274374818822,-349.02202297805354,12.5097499275288,0.125097499275288,0.125097499275288,-220.15858917664244,-35.42438493020642,0.0,-0.093823124456466,37.529249782586405,0.125097499275288,37.529249782586405,-62.54874963764401,-0.062548749637644,-469.19662224229614,-170.0,-0.093823124456466,-0.125097499275288,-38.780224775339285,0.125097499275288,12.5097499275288,-2.5019499855057603,259.0235328729742,259.0235328729742,-12.5097499275288,34.56503627389043,-259.0235328729742,25.0194998550576,0.187646248912932,-797.9495615641947,12.5097499275288,-246.3315723731604,0.0,-25.0194998550576,0.062548749637644,1.2509749927528802,220.94765137353278,112.2344303809719,-0.125097499275288,-248.56823126206052,220.15858917664244,38.780224775339285,0.125097499275288,55.4775140640358,-150.11699913034545,0.0,-0.125097499275288,-0.031274374818822,0.0,-0.125097499275288,-87.4902500724712,0.12509749927540167,-0.031274374818822,-0.031274374818822,-0.031274374818822,50.0389997101152,62.54874963764401,1.2509749927528802,92.68160977558026,-0.031274374818822,416.9257921539003,6.2548749637644,50.0,0.125097499275288,0.062548749637644,0.062548749637644,12.5097499275288,38.780224775339285,0.125097499275288,-38.780224775339285,1.2509749927528802,0.125097499275288,-92.68160977558026,0.125097499275288,0.500389997101319,0.6254874963766532,0.062548749637644,0.031274374818822,37.529249782586405,-0.125097499275288,0.0,-12.813590178877792,-185.3632195511605,3.1274374818822,-12.5097499275288,25.0194998550576,6.2548749637644,-0.125097499275288,74.90853177949573,0.187646248912932,-0.125097499275288,-25.019499855057603,38.780224775339285,93.85210104516159,0.062548749637644,-100.0,-0.125097499275288,-0.12509749927540167,-0.12509749927528796,0.062548749637644,349.02202297805354,-25.0194998550576,0.125097499275288,441.89530274706556,-0.031274374818822,35.42438493020642,-441.89530274706556,18.7646248912932,170.0,201.60402392028527,349.02202297805354,-0.093823124456466,248.56823126206052,-112.2344303809719,0.125097499275288,-0.031274374818822,948.4150503606252,125.09749927528799,-0.062548749637644,-0.125097499275288,0.031274374818822,45.07606224504852,0.0,497.88701281455707,0.0,-255.0,0.0,293.0808317684523,-140.0,0.0,-80.0,-255.0,-325.0,-300.0,40.0,127.5,127.5,0.0,70.0,-220.42129392512066,-339.1016041670127,300.0,325.0,-339.1016041670127,-293.0808317684523,215.34404048563448,0.0,1496.5981,hplb
329,0.0,0.0,0.0,0.0,0.0,0.0,0.0,0.0,-0.11822463956149927,0.0,0.0,0.0,0.0,0.0,0.0,0.0,0.0,988.9307977134932,0.0,-730.0929373133083,0.0,0.0,0.0,0.0,0.0,668.428520888808,0.0,0.0,0.0,-347.5589762720973,0.0,0.0,137.38723546569113,0.0,0.0,0.0,0.0,-0.4728985582444878,0.0,-1000.0,1000.0,0.0,0.0,1000.0,0.0,0.0,0.0,0.0,1000.0,-654.6418460553241,0.0,953.1249999997674,0.0,0.13004710351737328,0.0,0.0,0.0,0.0,0.0,0.0,-10.411649924047902,0.0,10.411649924047902,0.0,0.0,0.0,0.0,0.0,0.0,0.0,0.0,1.1822463956149927,0.0,0.0,0.0,0.0,0.0,0.0,0.0,0.0,0.0,0.0,0.0,0.0,70.93478373689956,0.0,0.0,0.0,953.7598728245441,-386.88409280732,-0.029556159890374818,0.0,0.0,0.0,35.46739186844978,0.0,35.46739186844978,-3.8068333938773495,0.0,0.0,0.0,5.911231978074963,-971.0134151692631,0.0,0.0,0.0,0.0,0.0,0.0,0.0,0.0,0.0,0.0,0.0,0.0,0.0,0.0,0.0,0.0,0.0,0.0,0.0,0.0,0.0,-899.3129687817867,0.0,0.0,35.46739186844978,0.0,36.64963826406477,25.842553304311558,0.0,738.8848377069594,-32.31085262870033,-706.573985078259,706.573985078259,0.0,0.0,0.0,0.0,0.0,0.0,0.0,0.0,0.0,9.103297246235481,0.11822463956149927,0.0,0.0,0.0,-1000.0,459.3720359237718,0.0,0.0,0.0,0.0,404.20661317813693,0.0,0.0,0.0,0.0,0.0,445.9129174345466,445.9129174345466,0.0,0.0,0.0,890.625,0.0,0.0,0.0,446.03114207410806,0.0,0.0,0.0,200.32140231930725,0.0,0.0,0.0,0.0,0.0,0.0,0.0,0.0,0.0,0.0,-16.425343256412468,0.0,0.0,0.0,0.0,-1000.0,0.0,0.0,0.0,0.0,0.0,654.6418460553241,-953.1249999997674,-266.8757800172241,266.8757800172241,0.0,0.0,0.0,0.0,0.0,0.0,0.0,623.4544388971658,-172.79504378125915,0.0,0.0,0.0,0.0,0.0,0.0,0.0,0.0,0.0,0.0,0.0,0.0,0.0,138.77772520384104,487.91781990082785,300.6839762718647,0.0,0.0,0.0,0.0,0.0,0.0,0.0,0.0,0.0,-10.411649924047902,-699.3160237281353,0.0,0.0,0.0,0.0,0.0,0.0,0.0,0.0,0.0,23.644927912299853,0.0,0.0,-387.0614297666623,833.5742230751059,-220.00078001699148,0.0,-300.6839762718647,0.0,0.0,0.0,-624.6959574314726,0.0,0.0,0.0,3.678630321939977,0.0,0.0,-1000.0,-1000.0,0.0,0.0,0.0,1000.0,686.88409280732,0.0,-54.91291961727177,654.6418460553241,0.0,381.53185098520606,0.0,0.0,0.0,-1000.0,0.0,1000.0,0.0,1000.0,0.0,0.0,-172.79504378125915,890.6249999999999,0.0,0.0,-10.411649924047902,-0.17733695934224888,0.0,0.0,0.0,0.0,0.11822463956149927,0.0,0.0,0.0,964.5326081315502,0.0,0.0,-639.7986566243167,506.4438225277369,0.0,1000.0,0.0,-464.3978467800411,0.0,0.0,0.0,0.0,0.0,-10.17914146624481,0.0,474.5769882462859,-1000.0,-1000.0,0.0,0.0,0.0,0.0,0.0,0.0,0.0,0.0,0.0,0.0,0.0,0.0,0.0,0.0,0.0,0.0,0.0,-1000.0,0.0,-1000.0,0.0,0.0,0.0,0.0,53.79436850789943,0.0,-9.103297246235481,0.0,0.0,0.0,0.0,0.0,0.0,757.2853469836159,-404.52753243184674,0.0,0.0,-303.5663253441322,-5.911231978074963,366.2335345841553,-1000.0,-757.2853469836159,398.61630045377177,-452.44423304356724,-2.9556159890374816,0.0,913.0494017522522,0.0,-453.39157681780875,0.0,1000.0,35.46739186844978,0.0,0.0,0.0,97.0436992344815,0.0,0.0,0.0,-138.77772520384104,138.77772520384104,138.77772520384104,-391.77606108433,0.0,0.0,-554.2053072050148,0.0,0.0,623.4544388971658,0.0,0.0,-20.823299848095804,0.0,0.0,35.46739186844978,0.0,0.0,0.0,0.0,-88.17753604385007,0.23644927912212602,0.0,0.0,0.0,0.0,0.0,0.0,0.0,0.0,0.0,0.0,0.0,0.0,0.0,0.0,0.0,0.0,0.0,0.0,0.0,0.13004710351737328,0.13004710351737328,0.0,395.1327972915412,0.0,70.93478373689956,0.0,0.0,0.0,1000.0,0.0,0.0,0.0,0.0,0.0,247.7141856521873,-1000.0,0.0,0.0,0.0,0.0,0.0,35.46739186844978,0.0,0.0,0.0,0.0,0.0,0.0,0.0,299.7709895939289,-964.5326081315502,540.6279640762282,0.0,9.103297246235481,0.0,0.0,0.0,0.0,0.0,247.7141856521873,0.0,159.53664960833723,0.0,0.0,0.0,138.77772520384104,0.0,0.0,0.0,0.0,0.0,0.0,0.0,0.0,0.0,0.0,0.0,0.0,0.0,70.93478373689956,0.0,0.0,0.0,0.0,0.0,0.0,0.0,0.0,0.0,0.0,0.0,0.0,1.1822463956149927,0.0,0.0,0.0,0.0,0.0,-953.1249999997674,0.0,0.0,35.46739186844978,0.0,0.0,0.0,0.0,0.0,0.0,0.0,0.0,0.0,0.0,-588.9921162838999,425.9990908943935,0.0,35.46739186844978,35.46739186844978,1000.0,-1000.0,0.0,35.46739186844978,0.0,0.0,0.0,0.0,0.0,971.0134151692631,623.4544388971658,1000.0,0.11822463956149927,0.0,0.0,-505.5690582748441,558.3313708327807,0.0,0.0,0.0,0.0,0.0,0.0,0.0,0.0,0.0,0.0,0.0,0.0,0.0,0.0,0.0,0.0,0.0,0.11822463956149927,0.0,0.0,0.0,0.0,0.0,0.0,0.0,0.0,0.0,0.0,0.0,0.0,0.0,-9.103297246235481,-8.866847967112445,0.0,-5.911231978074958,0.0,0.0,0.0,0.0,0.0,0.0,0.0,0.0,0.0,0.0,0.0,0.0,0.0,0.0,0.0,552.5196551602662,0.0,0.0,0.0,-0.11822463956149927,0.0,0.0,0.11822463956149927,0.0,0.11822463956149927,0.0,0.0,0.0,70.93478373689956,144.2340602650291,144.2340602650291,0.0,0.0,0.0,0.0,0.0,0.0,0.0,540.6279640762282,0.0,623.4544388971658,0.0,0.0,0.0,0.0,0.0,0.0,0.0,0.0,0.0,0.0,0.0,0.0,0.0,0.0,0.0,0.0,0.0,0.0,0.0,-668.428520888808,668.428520888808,0.17733695934224888,0.0,0.0,0.0,-35.46739186844978,0.0,0.0,0.0,0.0,0.0,-395.1327972915412,5.911231978074963,0.0,0.0,0.0,-890.6249999999999,0.0,0.0,-5.911231978074958,0.0,0.0,0.0,0.0,0.0,0.0,0.0,0.0,0.0,0.0,611.3592041859027,256.35507208770014,0.0,841.9830361639283,0.0,9.103297246235481,-9.103297246235481,0.0,0.0,0.0,-768.9300176965017,0.0,5.911231978074958,488.823009271653,0.0,0.0,0.0,-20.823299848095804,-1000.0,1000.0,-203.1250000000002,203.1250000000002,0.0,0.0,0.0,0.0,0.0,420.4249885150661,-421.7333411928785,144.2340602650291,0.0,0.0,0.0,0.0,0.0,0.0,0.0,0.0,0.0,0.0,0.0,0.0,0.0,-52.76231255793664,420.28334705954467,0.0,35.46739186844978,0.0,0.0,0.0,0.0,73.88471926171411,0.0,0.0,0.13004710351737328,0.0,0.0,0.0,72.11703013251454,0.0,0.0,0.0,0.0,487.91781990082785,0.0,0.0,0.0,0.0,0.0,0.0,0.0,0.0,0.0,0.0,782.1016342181466,0.011822463956149927,0.0,0.0,0.0,0.0,0.0,0.0,0.0,0.0,0.0,-505.5690582748441,0.0,0.0,0.0,0.0,0.0,395.1327972915412,0.0,0.0,0.0,0.0,0.0,0.0,0.0,654.6418460553241,0.0,0.0,0.0,0.0,0.0,-738.1308569303475,988.9307977134932,0.0,0.0,0.0,70.93478373689956,0.0,0.0,0.0,0.0,0.0,0.0,-70.93478373689956,0.0,0.0,0.0,0.0,0.0,0.0,0.0,0.0,0.0,0.0,0.0,0.0,-1000.0,-1000.0,80.983878099627,0.0,-35.46739186844978,0.0,-0.4728985582444878,0.0,0.0,0.0,0.0,0.0,0.0,0.0,0.0,0.0,0.0,0.0,0.0,0.0,0.0,0.0,0.0,0.0,-14.778079945187404,0.0,-8.866847967112445,412.8664932257661,0.0,0.0,0.0,0.0,0.0,0.0,-1.477807994518741,20.823299848095804,0.0,0.0,0.0,0.0,0.0,0.0,0.0,1000.0,35.46739186844978,35.46739186844978,0.0,0.0,0.0,0.0,0.0,0.13004710351737328,395.1327972915412,0.0,0.0,0.4728985582444878,782.0898117541905,0.0,0.0,0.0,0.0,0.0,0.0,0.0,0.0,0.0,0.0,0.0,0.0,0.0,0.0,0.0,0.0,25.842553304311558,0.0,124.13587153957423,9.103297246235481,0.0,0.0,0.0,0.0,0.0,395.1327972915412,0.0,-3.8068333938773495,0.0,0.0,0.0,-14.778079945187404,0.0,0.0,0.0,0.0,0.0,0.0,0.0,0.0,0.0,0.0,0.0,0.0,0.0,0.0,0.0,0.0,0.0,0.0,-0.11822463956149927,0.0,0.0,5.911231978074963,-247.7141856521873,0.0,0.0,0.0,0.0,0.0,0.0,0.0,0.0,10.17914146624481,2.9556159890374816,0.0,0.0,668.428520888808,0.11822463956149927,0.0,118.22463956149926,-10.80708495975321,23.644927912299853,0.8444617111535662,381.53185098520606,-0.08866847967112444,5.911231978074966,2.3644927912299853,-0.5911231978059863,-381.53185098520606,35.46739186844978,-0.11822463956149927,0.0,35.46739186844978,0.029556159890374818,0.8444617111535662,0.0,-18.821362618187788,-2.3644927912299853,-258.8378604001849,-0.11822463956149927,0.029556159890374818,-381.53185098520606,11.822463956149926,0.11822463956149927,0.11822463956149927,-394.8845255484623,0.13004710351765425,-225.56477150954123,-0.08866847967112444,35.46739186844978,0.11822463956149927,35.46739186844978,-59.11231978074963,-0.059112319780749635,-178.6418416685957,-11.940688595711425,-0.08866847967112444,-0.11822463956149927,-10.80708495975321,0.11822463956149927,11.822463956149926,-2.3644927912299853,0.0,0.0,-11.822463956149926,258.8378604001849,0.0,23.644927912299853,0.17733695934224888,-680.7879526497603,11.822463956149926,-299.7709895939289,35.46739186844978,-23.644927912299853,0.05911231978074963,1.1822463956149927,159.94966415607917,280.0,-0.11822463956149927,-421.7333411928785,394.8845255484623,36.64963826406477,0.11822463956149927,18.821362618187788,-106.40217560534921,35.46739186844978,-0.11822463956149927,-0.029556159890374814,-35.46739186844978,-0.11822463956149927,-88.17753604385007,0.11822463956149927,-0.029556159890374818,-0.029556159890374818,-0.029556159890374818,47.289855824599705,59.11231978074963,1.1822463956149927,87.58967983512406,-0.029556159890374818,319.89932831215833,5.911231978074963,50.0,0.11822463956149927,0.059112319780749635,0.059112319780749635,29.556159890374815,10.80708495975321,0.11822463956149927,-10.80708495975321,1.1822463956149927,0.11822463956149927,-87.58967983512406,0.11822463956149927,0.4728985582444878,0.5911231978059863,0.059112319780749635,0.029556159890374818,35.46739186844978,-0.11822463956149927,225.56477150954123,1.1822463956149927,-175.17935967024812,2.9556159890374794,-11.822463956149926,23.644927912299853,5.911231978074963,-0.11822463956149927,0.0,0.17733695934224888,-0.11822463956149927,-59.11231978074963,10.80708495975321,78.32439265336646,0.059112319780749635,-100.0,-0.11822463956149927,-0.11822463956149927,-0.11822463956149927,0.059112319780749635,381.53185098520606,-23.644927912299853,0.11822463956149927,319.89932831215833,-0.029556159890374818,-0.13004710351765425,-319.89932831215833,17.733695934224887,11.940688595711425,270.5353807458335,381.53185098520606,-0.08866847967112444,421.7333411928785,-280.0,0.11822463956149927,-0.02955615989037482,5.911231978074958,118.22463956149926,-0.059112319780749635,-0.11822463956149927,0.029556159890374818,0.0,0.0,380.72884032997956,0.0,-255.0,0.0,464.7923242745724,-140.0,0.0,-80.0,271.08743393754867,-325.0,-300.0,40.0,127.5,-135.54371696877433,0.0,70.0,-395.1327972915412,-152.20911191508057,300.0,325.0,-152.20911191508057,-464.7923242745724,279.68601796188585,0.0,1496.5981,hplb
330,0.0,0.0,0.0,0.0,0.0,0.0,0.0,0.0,-0.1485843504578395,0.0,0.0,0.0,0.0,0.0,0.0,0.0,569.9602721301003,498.0104634956598,0.0,-1000.0,0.0,0.0,0.0,1000.0,0.0,0.0,0.0,0.0,0.0,-836.6967811693711,0.0,0.0,136.71628585488114,0.0,0.0,0.0,0.0,999.4056625981677,0.0,-1000.0,552.1946577594541,0.0,-984.1918792074791,0.0,0.0,0.0,0.0,0.0,-717.4553701682083,0.0,0.0,0.0,0.0,0.16344278550423041,0.0,0.0,0.0,29.7168700915679,0.0,0.0,-13.085328463654491,0.0,-194.3582360222187,-207.4435644858732,0.0,0.0,0.0,0.0,69.1407628973168,-69.1407628973168,0.0,1.4858435045783953,0.0,0.0,0.0,0.0,0.0,0.0,0.0,0.0,0.0,0.0,341.0496317244377,0.0,89.15061027470371,0.0,0.0,0.0,622.1228869633395,-829.7912903236136,-0.03714608761445987,0.0,0.0,181.2739221639365,44.575305137351855,0.0,44.575305137351855,-342.6543681555449,0.0,0.0,341.0496317244377,391.2166394028336,-1000.0,0.0,0.0,0.0,0.0,0.0,0.0,0.0,0.0,0.0,0.0,0.0,0.0,0.0,0.0,0.0,0.0,0.0,0.0,0.0,0.0,0.0,-683.0234698690891,0.0,0.0,44.575305137351855,0.0,46.06114864193025,0.0,0.0,0.0,0.0,0.0,0.0,-224.64528624848788,0.0,0.0,224.64528624848788,0.0,0.0,0.0,0.0,0.0,-329.6086367391841,0.1485843504578395,0.0,0.0,0.0,-443.9559776035868,22.30121443904079,0.0,0.0,0.0,0.0,808.7742091449655,0.0,0.0,0.0,0.0,0.0,221.7965557769797,221.7965557769797,0.0,0.0,0.0,0.0,158.84935229137162,0.0,0.0,221.94514012743753,0.0,0.0,0.0,516.6868631758946,0.0,0.0,0.0,0.0,0.0,0.0,0.0,0.0,0.0,0.0,-9.202324105021603,0.0,0.0,0.0,0.0,-532.5741432781805,0.0,0.0,0.0,0.0,0.0,0.0,984.1918792074791,377.8771130366605,-377.8771130366605,0.0,0.0,0.0,0.0,0.0,0.0,0.0,163.3032188306289,867.4315892688066,0.0,0.0,0.0,0.0,0.0,0.0,0.0,0.0,0.0,0.0,0.0,0.0,0.0,37.535924393482276,389.6758465976484,0.0,0.0,0.0,0.0,0.0,154.9929806037582,0.0,0.0,0.0,0.0,-13.085328463654491,0.0,0.0,0.0,0.0,0.0,0.0,0.0,0.0,0.0,0.0,0.0,0.0,0.0,-260.0538947191999,-1000.0,644.6136220759313,0.0,0.0,0.0,0.0,0.0,-818.7270924414358,0.0,0.0,0.0,-96.62643553562418,0.0,0.0,-1000.0,0.0,0.0,-999.9999999999995,0.0,0.0,1000.0,0.0,593.3429467005286,0.0,0.0,259.55735717361404,0.0,0.0,0.0,0.0,0.0,0.0,0.0,221.64797142652185,0.0,0.0,1000.0,0.0,0.0,0.0,-13.085328463654491,-0.22287652568675922,0.0,0.0,0.0,0.0,0.1485843504578395,0.0,0.0,0.0,333.00585753707037,569.9602721301003,0.0,-1000.0,666.0516528367749,0.0,535.2512085660196,0.0,834.4682585887442,0.0,0.0,0.0,0.0,0.0,165.53174141125572,0.0,-1000.0,-1000.0,-1000.0,0.0,0.0,0.0,0.0,0.0,0.0,0.0,0.0,0.0,0.0,0.0,0.0,0.0,0.0,0.0,0.0,0.0,0.0,0.0,-1000.0,0.0,0.0,337.8699520708012,1000.0,0.0,0.0,662.1300479291988,0.0,0.0,0.0,722.2310646151786,383.78742187994163,0.0,-681.8369708934437,0.0,-619.1713624558481,-69.1407628973168,-356.70198551485123,357.6719134214491,-100.62474649233593,0.0,681.8369708934437,-699.3229284628628,281.5698882921322,615.4567536944021,-365.1011309443411,0.0,0.0,0.0,901.7262987901936,66.72339103303322,44.575305137351855,0.0,0.0,0.0,0.0,0.0,0.0,0.0,-37.535924393482276,37.535924393482276,37.535924393482276,120.51271368270022,0.0,0.0,0.0,0.0,0.0,163.3032188306289,0.0,0.0,-26.170656927308983,0.0,-313.81351901032247,61.51875433078633,0.0,0.0,0.0,0.0,-76.55422170424947,0.2971687009157904,0.0,0.0,0.0,0.0,0.0,0.0,0.0,0.0,0.0,0.0,0.0,0.0,0.0,0.0,0.0,0.0,0.0,0.0,0.0,0.16344278550423041,0.16344278550423041,0.0,287.8190543019144,0.0,89.15061027470371,0.0,0.0,0.0,1000.0,0.0,0.0,0.0,0.0,0.0,789.6668721758981,-1000.0,0.0,0.0,0.0,0.0,0.0,61.51875433078633,0.0,0.0,0.0,0.0,0.0,0.0,0.0,227.67448995636303,-333.00585753707037,421.654763164546,0.0,11.44099498525361,0.0,-203.89289026349957,385.16681242743607,230.17383182367786,0.0,789.6668721758981,0.0,713.1126504716486,0.0,0.0,0.0,37.535924393482276,0.0,0.0,0.0,0.0,0.0,0.0,0.0,0.0,0.0,0.0,0.0,0.0,0.0,89.15061027470371,0.0,0.0,0.0,0.0,0.0,0.0,0.0,0.0,0.0,0.0,0.0,0.0,1.4858435045783953,0.0,0.0,0.0,0.0,0.0,984.1918792074791,0.0,0.0,44.575305137351855,0.0,0.0,0.0,0.0,0.0,0.0,0.0,0.0,0.0,0.0,207.86950629051745,116.15538589434126,0.0,44.575305137351855,44.575305137351855,-169.0667400030585,-1000.0,0.0,61.51875433078633,0.0,0.0,0.0,0.0,0.0,1000.0,163.3032188306289,935.1805210857183,0.1485843504578395,0.0,0.0,-315.27591607355794,511.50277718891476,0.0,0.0,-181.2739221639365,0.0,0.0,0.0,0.0,0.0,0.0,0.0,0.0,0.0,0.0,0.0,0.0,0.0,0.0,0.1485843504578395,0.0,0.0,0.0,0.0,0.0,0.0,0.0,0.0,0.0,0.0,1000.0,0.0,0.0,-1000.0,-11.14382628433799,-7.429217522891975,0.0,0.0,0.0,0.0,0.0,0.0,0.0,0.0,0.0,0.0,0.0,0.0,0.0,0.0,0.0,0.0,74.1526085559252,0.0,0.0,0.0,-0.1485843504578395,0.0,0.0,0.1485843504578395,0.0,0.1485843504578395,0.0,0.0,0.0,89.15061027470371,181.2729075585642,181.2729075585642,0.0,0.0,0.0,0.0,0.0,0.0,0.0,421.654763164546,0.0,163.3032188306289,0.0,0.0,0.0,178.3248539856763,0.0,0.0,0.0,0.0,0.0,0.0,0.0,0.0,0.0,0.0,0.0,0.0,0.0,154.9929806037582,0.0,0.0,0.0,0.22287652568675922,0.0,0.0,0.0,-44.575305137351855,0.0,0.0,0.0,0.0,0.0,-287.8190543019144,7.429217522891975,0.0,0.0,0.0,0.0,-158.84935229137162,-12.213633607635586,0.0,0.0,-313.81351901032247,0.0,0.0,0.0,0.0,0.0,0.0,0.0,0.0,230.55066591188688,250.2831299084321,0.0,716.9378930729781,0.0,0.0,649.9164143215633,0.0,-649.9164143215633,0.0,-1000.0,0.0,7.429217522891975,422.5120635105594,0.0,0.0,0.0,-26.170656927308983,0.0,0.0,0.0,0.0,0.0,-332.52141119001465,0.0,0.0,0.0,-13.085328463654491,0.0,181.2729075585642,0.0,234.375,234.375,-234.375,0.0,0.0,0.0,0.0,0.0,0.0,0.0,0.0,321.25053315492846,-196.22686111535677,0.0,-984.1918792074791,44.575305137351855,0.0,0.0,0.0,0.0,332.26730875808107,0.0,0.0,0.16344278550423041,0.0,0.0,0.0,90.6364537792821,0.0,0.0,0.0,0.0,389.6758465976484,0.0,0.0,0.0,0.0,0.0,0.0,0.0,0.0,0.0,0.0,0.01485843504578395,0.01485843504578395,0.0,0.0,0.0,0.0,0.0,0.0,0.0,0.0,0.0,-315.27591607355794,0.0,0.0,0.0,0.0,0.0,287.8190543019144,0.0,0.0,0.0,0.0,0.0,0.0,0.0,0.0,0.0,0.0,0.0,0.0,1000.0,0.0,498.0104634956598,0.0,0.0,0.0,89.15061027470371,0.0,0.0,0.0,0.0,0.0,0.0,-89.15061027470371,0.0,0.0,0.0,0.0,0.0,0.0,0.0,0.0,0.0,0.0,0.0,0.0,-935.1805210857183,-1000.0,280.10513404929645,445.60220518189493,-490.1775103192468,0.0,999.4056625981677,0.0,0.0,0.0,0.0,0.0,0.0,0.0,0.0,0.0,0.0,0.0,0.0,0.0,0.0,0.0,0.0,0.0,-18.573043807229965,0.0,-394.9312481642796,167.18102770133837,0.0,0.0,0.0,0.0,0.0,-1.857304380722994,0.0,26.170656927308983,0.0,0.0,0.0,0.0,0.0,0.0,0.0,1000.0,44.575305137351855,44.575305137351855,0.0,0.0,0.0,0.0,0.0,0.16344278550423041,287.8190543019144,0.0,0.0,-999.4056625981677,0.0,0.0,0.0,0.0,0.0,0.0,0.0,0.0,0.0,0.0,0.0,0.0,0.0,0.0,0.0,0.0,0.0,0.0,0.0,156.0135679807315,0.0,0.0,11.44099498525361,0.0,0.0,0.0,287.8190543019144,0.0,0.0,0.0,0.0,0.0,-18.573043807229965,0.0,0.0,0.0,0.0,0.0,0.0,0.0,0.0,0.0,0.0,0.0,0.0,0.0,0.0,0.0,0.0,0.0,0.0,-0.1485843504578395,0.0,0.0,7.429217522891975,-789.6668721758981,0.0,0.0,0.0,0.0,0.0,0.0,0.0,0.0,-165.53174141125572,3.7146087614459873,0.0,0.0,0.0,0.1485843504578395,0.0,148.5843504578395,-46.06114864193025,29.7168700915679,1.0613167889845678,414.55033777737225,-0.11143826284337961,699.3229284628628,2.97168700915679,-0.7429217522901024,-414.55033777737225,44.57530513735185,-0.1485843504578395,0.0,61.51875433078633,0.03714608761445987,1.0613167889845678,0.0,-23.65462859288914,-2.97168700915679,-67.97073562576008,-0.1485843504578395,0.03714608761445987,-414.55033777737225,14.85843504578395,0.1485843504578395,0.1485843504578395,-287.5070271659523,0.16344278550362346,-213.27050755913058,-0.11143826284337961,44.575305137351855,0.1485843504578395,44.575305137351855,-74.29217522891975,-0.07429217522891975,-595.503701585835,-170.0,-0.11143826284337961,-0.1485843504578395,-46.06114864193025,0.1485843504578395,14.85843504578395,-2.97168700915679,154.9929806037582,154.9929806037582,-14.85843504578395,67.97073562576008,-154.9929806037582,29.7168700915679,0.22287652568675922,109.98137992835859,14.85843504578395,-227.67448995636303,61.51875433078633,-29.7168700915679,0.07429217522891975,1.4858435045783953,250.0,280.0,-0.1485843504578395,-321.25053315492846,287.5070271659523,46.06114864193025,0.1485843504578395,23.65462859288914,-116.78246621862087,61.51875433078633,-0.1485843504578395,-0.03714608761445987,-61.51875433078633,-0.14858435045783955,-76.55422170424947,0.14858435045738475,-0.03714608761445987,-0.03714608761445987,-0.03714608761445987,59.4337401831358,74.29217522891975,1.4858435045783953,110.08243064545401,-0.03714608761445987,500.0,7.429217522891975,45.70632837501671,0.1485843504578395,0.07429217522891975,0.07429217522891975,45.61781221117711,46.06114864193025,0.1485843504578395,-46.06114864193025,1.4858435045783953,0.1485843504578395,-110.08243064545401,0.1485843504578395,0.5943374018322629,0.7429217522901024,0.07429217522891975,0.03714608761445987,44.575305137351855,-0.1485843504578395,213.27050755913058,1.485843504578395,-220.16486129090802,695.6083197014168,-14.85843504578395,29.7168700915679,7.429217522891975,-0.1485843504578395,0.0,0.22287652568675922,-0.1485843504578395,-91.23562442235422,46.06114864193025,48.620339262849996,0.07429217522891975,-91.41265675003342,-0.1485843504578395,-0.14858435045738475,-0.1485843504578395,0.07429217522891975,414.55033777737225,-29.7168700915679,0.1485843504578395,500.0,-0.03714608761445987,-0.16344278550362346,-500.0,22.287652568675924,170.0,-283.9938914334031,414.55033777737225,-0.11143826284337961,321.25053315492846,-280.0,0.1485843504578395,-0.03714608761445988,729.6602821380707,148.5843504578395,-0.07429217522891975,-0.1485843504578395,0.03714608761445987,0.0,0.0,-280.264381779974,0.0,-255.0,0.0,83.4645564973963,-140.0,0.0,141.5334994768777,-150.22958377426812,-325.0,-170.20870967638643,-70.76674973843885,127.5,75.11479188713406,0.0,70.0,-287.8190543019144,-380.88764802093107,170.20870967638643,325.0,-380.88764802093107,-83.4645564973963,92.69429383511661,0.0,1496.5981,hplb
331,0.0,0.0,0.0,0.0,0.0,0.0,0.0,0.0,525.3992142677833,0.0,0.0,0.0,0.0,0.0,0.0,0.0,160.30460144321054,0.0,0.0,0.0,0.0,0.0,0.0,757.6914238357019,0.0,0.0,0.0,0.0,0.0,837.4917659578615,0.0,0.0,82.0319141139887,0.0,0.0,0.0,0.0,1000.0,0.0,-1000.0,1000.0,0.0,0.0,0.0,0.0,0.0,0.0,0.0,143.13284417608867,0.0,0.0,609.3749999999941,0.0,0.1196007080924062,0.0,0.0,0.0,0.0,0.0,0.0,-60.73759482655951,0.0,0.0,-60.73759482655951,0.0,0.0,0.0,0.0,0.0,0.0,0.0,1.0872791644765427,0.0,0.0,0.0,0.0,0.0,0.0,0.0,29.154801574979338,0.0,0.0,0.0,0.0,65.23674986859255,0.0,0.0,0.0,0.0,176.11851723128382,-0.027181979111913564,0.0,0.0,45.911074565421586,32.61837493429628,0.0,32.61837493429628,-3.501038909617399,608.3578458144734,0.0,0.0,761.4128707609409,837.4917659578615,0.0,0.0,-55.56519893251814,0.0,742.0329963362377,0.0,0.0,0.0,0.0,0.0,0.0,0.0,0.0,0.0,0.0,0.0,0.0,0.0,0.0,0.0,0.0,-699.7267051935419,0.0,0.0,32.61837493429628,0.0,33.705654098772825,13.091293820840036,0.0,773.7001926793662,-773.7001926793662,0.0,0.0,0.0,0.0,0.0,0.0,0.0,0.0,0.0,0.0,0.0,8.372049566469373,0.10872791644765425,0.0,0.0,0.0,0.0,-244.3853903319027,0.0,0.0,0.0,0.0,302.2757802102676,0.0,0.0,0.0,0.0,0.0,93.44414538244928,93.44414538244928,0.0,0.0,0.0,453.125,0.0,0.0,0.0,93.55287329889693,0.0,0.0,0.0,-745.4554170796202,0.0,0.0,0.0,0.0,0.0,0.0,0.0,0.0,0.0,0.0,-125.79040462706527,0.0,0.0,0.0,0.0,-1000.0,0.0,0.0,0.0,0.0,0.0,0.0,-609.3749999999941,28.349257214528677,-28.349257214528677,0.0,0.0,0.0,0.0,0.0,0.0,0.0,0.0,-465.9511825135849,0.0,0.0,0.0,0.0,0.0,0.0,0.0,0.0,0.0,0.0,0.0,0.0,0.0,0.0,240.42665790945054,-531.5542115771666,0.0,0.0,0.0,0.0,159.01848043878692,0.0,0.0,0.0,0.0,-60.73759482655951,-531.5542115771666,0.0,0.0,0.0,0.0,0.0,0.0,0.0,0.0,0.0,21.745583289530853,0.0,0.0,218.48274640445237,190.1334891899237,-437.89289860937674,0.0,531.5542115771666,0.0,0.0,0.0,268.0848282143585,0.0,0.0,0.0,78.57604504397051,0.0,0.0,-571.1936048774962,0.0,0.0,-571.1936048774961,0.0,0.0,28.349257214528677,0.0,494.5914130384341,0.0,0.0,170.51499409184856,0.0,0.0,0.0,-848.7818840194323,0.0,848.7818840194323,0.0,1000.0,0.0,0.0,0.0,453.12499999999994,0.0,0.0,-60.73759482655951,-0.1630918746714814,0.0,0.0,0.0,0.0,0.10872791644765425,0.0,0.0,0.0,808.3631446269168,160.30460144321054,0.0,-583.3611567057579,869.7275278150237,0.0,972.2512232223593,0.0,9.361473606143017,0.0,-55.56519893251814,0.0,0.0,0.0,-9.361473606143017,0.0,0.0,-670.2431454281609,-1000.0,0.0,0.0,0.0,0.0,0.0,0.0,0.0,0.0,0.0,0.0,0.0,0.0,0.0,0.0,0.0,0.0,0.0,-229.79539176551947,0.0,-1000.0,0.0,0.0,0.0,0.0,0.0,0.0,-8.372049566469373,0.0,608.3578458144734,0.0,0.0,755.9764749385582,527.8303428485631,0.0,0.0,0.0,-527.8303428485631,0.0,-5.436395822382713,413.86087785740654,-560.263017354173,0.0,-383.4246332916618,0.0,-2.7181979111913566,0.0,510.98508783877514,0.0,0.0,-11.811792785714658,-70.67314569097528,32.61837493429628,0.0,0.0,0.0,24.877583664356962,0.0,525.507942184231,0.0,0.0,0.0,0.0,263.9420319786303,0.0,0.0,-906.6645825339984,0.0,0.0,0.0,0.0,0.0,-121.47518965311902,0.0,0.0,60.367151711937034,0.0,0.0,0.0,0.0,-36.577107356748435,0.2174558328943874,0.0,0.0,0.0,0.0,0.0,0.0,0.0,0.0,0.0,0.0,0.0,0.0,0.0,0.0,0.0,0.0,0.0,0.0,0.0,0.1196007080924062,0.1196007080924062,0.0,258.2544167104692,0.0,65.23674986859255,0.0,0.0,0.0,1000.0,0.0,0.0,0.0,0.0,0.0,1000.0,-1000.0,0.0,0.0,408.4089755727376,0.0,0.0,60.367151711937034,0.0,0.0,0.0,0.0,0.0,0.0,0.0,233.24223506451395,-808.3631446269168,244.3853903319027,0.0,8.372049566469373,0.0,-113.10740587336534,159.01848043878692,0.0,0.0,2.335351797660337,0.0,963.4228926432515,0.0,0.0,0.0,0.0,0.0,0.0,0.0,0.0,0.0,0.0,0.0,0.0,0.0,0.0,0.0,0.0,0.0,65.23674986859255,0.0,0.0,0.0,0.0,0.0,0.0,0.0,0.0,0.0,0.0,0.0,0.0,1.0872791644765427,0.0,0.0,0.0,0.0,0.0,-609.3749999999941,0.0,0.0,32.61837493429628,-408.4089755727376,0.0,0.0,0.0,0.0,0.0,0.0,0.0,0.0,0.0,324.9511360474837,0.0,0.0,32.618374934296284,32.618374934296284,1000.0,-1000.0,0.0,60.367151711937034,0.0,0.0,0.0,0.0,0.0,-167.2486205297006,0.0,-14.235263186766247,0.10872791644765425,0.0,0.0,0.0,91.22557094525982,0.0,0.0,-45.911074565421586,0.0,0.0,0.0,0.0,0.0,0.0,76.74343447710307,0.0,0.0,0.0,0.0,0.0,0.0,0.0,0.10872791644765425,0.0,0.0,0.0,0.0,0.0,0.0,0.0,0.0,0.0,0.0,599.985796248004,0.0,0.0,-770.2046082344805,-8.15459373357407,0.0,-5.436395822382718,0.0,0.0,0.0,0.0,0.0,0.0,0.0,0.0,0.0,0.0,0.0,0.0,0.0,0.0,0.0,-65.23674986859255,0.0,0.0,0.0,525.3992142677833,0.0,0.0,0.10872791644765425,0.0,0.10872791644765425,230.23030343130918,0.0,0.0,65.23674986859255,132.64805806613822,132.64805806613822,0.0,0.0,0.0,0.0,0.0,0.0,0.0,244.3853903319027,0.0,0.0,0.0,0.0,0.0,0.0,0.0,0.0,0.0,0.0,0.0,0.0,0.0,0.0,0.0,0.0,0.0,0.0,0.0,159.01848043878692,0.0,0.0,0.0,0.1630918746714814,0.0,0.0,0.0,-32.61837493429628,0.0,0.0,0.0,0.0,0.0,-258.2544167104692,5.436395822382713,0.0,0.0,0.0,-453.12499999999994,0.0,-3.501038909617399,-5.436395822382718,0.0,0.0,0.0,0.0,0.0,0.0,0.0,0.0,0.0,408.4089755727376,1000.0,258.2544167104692,0.0,547.6398070423719,-55.56519893251814,0.0,-11.873088476086764,608.3578458144734,-596.4847573383867,0.0,135.43677014822023,0.0,5.436395822382718,1000.0,0.0,0.0,0.0,-121.47518965311902,0.0,0.0,0.0,0.0,0.0,0.0,0.0,0.0,0.0,392.19941507110855,-282.7181979111916,132.64805806613822,0.0,0.0,0.0,0.0,0.0,0.0,0.0,0.0,0.0,0.0,0.0,0.0,0.0,-91.22557094525982,85.91669187812262,0.0,32.61837493429628,0.0,0.0,0.0,0.0,62.22894855461095,0.0,0.0,0.1196007080924062,0.0,0.0,0.0,66.32402903306911,0.0,0.0,0.0,0.0,240.42665790945054,0.0,0.0,0.0,0.0,0.0,0.0,0.0,0.0,0.0,0.0,0.010872791644765737,0.010872791644765737,0.0,0.0,0.0,0.0,0.0,230.23030343130918,0.0,0.0,0.0,0.0,0.0,0.0,0.0,0.0,0.0,258.2544167104692,0.0,0.0,0.0,0.0,0.0,0.0,0.0,0.0,0.0,0.0,0.0,0.0,348.95846010094976,0.0,0.0,0.0,0.0,0.0,65.23674986859255,0.0,0.0,0.0,0.0,0.0,0.0,-65.23674986859255,0.0,0.0,0.0,0.0,0.0,0.0,0.0,0.0,0.0,0.0,0.0,0.0,14.235263186766247,0.0,74.4786227666432,0.0,-32.61837493429628,0.0,769.7696965686908,0.0,0.0,0.0,0.0,0.0,0.0,0.0,0.0,0.0,0.0,0.0,0.0,0.0,0.0,0.0,0.0,0.0,-13.590989555956787,0.0,-764.1310686721322,274.5636041776173,0.0,0.0,0.0,0.0,0.0,0.0,-1.3590989555956785,121.47518965311902,0.0,0.0,0.0,0.0,0.0,0.0,0.0,1000.0,32.618374934296284,32.618374934296284,0.0,0.0,0.0,0.0,29.154801574979338,0.1196007080924062,258.2544167104692,0.0,0.0,-1000.0,0.0,0.0,0.0,0.0,0.0,0.0,0.0,0.0,0.0,0.0,0.0,0.0,0.0,0.0,115.11515171565459,0.0,0.0,13.091293820840036,0.0,114.16431227003696,0.0,0.0,8.372049566469373,0.0,0.0,0.0,258.2544167104692,0.0,0.0,0.0,0.0,0.0,-13.590989555956787,0.0,0.0,0.0,0.0,0.0,0.0,0.0,0.0,0.0,0.0,0.0,0.0,0.0,0.0,0.0,0.0,0.0,0.0,-0.10872791644765425,0.0,0.0,5.436395822382713,-1000.0,0.0,0.0,0.0,0.0,0.0,0.0,0.0,0.0,9.361473606143017,2.7181979111913566,0.0,0.0,0.0,0.10872791644765425,0.0,108.72791644765425,-20.614360277932782,21.745583289530856,0.7766279746261019,329.5334745306355,-0.0815459373357407,383.4246332916618,2.1745583289530854,229.68666384907192,-329.5334745306355,32.618374934296284,-0.10872791644765427,18.521732977506048,60.367151711937034,0.027181979111913567,0.7766279746261019,-55.56519893251814,-17.30948429846948,-2.1745583289530854,-160.30460144321054,-0.10872791644765427,0.027181979111913567,-329.5334745306355,10.872791644765426,0.10872791644765427,0.10872791644765425,-258.02608808592913,0.11960070809242,-7.478623605700847,-0.0815459373357407,32.618374934296284,0.10872791644765434,32.61837493429628,-54.36395822382714,-0.054363958223827134,-183.66675873953048,-170.0,-0.0815459373357407,-0.10872791644765427,-20.614360277932782,0.10872791644765425,10.872791644765426,-2.1745583289530854,159.01848043878692,159.01848043878692,-10.872791644765426,160.30460144321054,-159.01848043878692,21.745583289530853,0.1630918746714814,-1000.0,10.872791644765426,-233.24223506451395,60.367151711937034,-21.745583289530853,0.05436395822382713,1.0872791644765427,145.84028917643948,280.0,-0.10872791644765425,-282.7181979111916,258.02608808592913,33.705654098772825,0.10872791644765427,17.30948429846948,-70.10634802524811,60.367151711937034,-0.10872791644765425,-0.027181979111913567,-60.367151711937034,-0.10872791644765427,-36.577107356748435,0.10872791644754058,-0.027181979111913564,-0.027181979111913564,-0.027181979111913564,43.491166579061705,54.36395822382714,1.0872791644765427,139.44243529583667,-0.027181979111913567,273.15884537537295,5.436395822382713,23.72494950075693,0.10872791644765425,0.054363958223827134,0.054363958223827134,41.05636750073394,20.614360277932782,0.10872791644765425,-20.614360277932782,1.0872791644765427,0.10872791644765427,-257.21971569120717,0.10872791644765427,0.4349116657896843,-229.68666384907192,0.054363958223827134,0.027181979111913567,32.618374934296284,-0.10872791644765427,7.478623605700847,1.0872791644765427,-278.88487059167335,380.70643538047045,-10.872791644765426,21.745583289530853,5.436395822382713,-0.10872791644765427,55.56519893251814,0.1630918746714814,-0.10872791644765427,-82.11273500146788,20.614360277932782,203.27842608878797,0.054363958223827134,-47.44989900151386,-0.10872791644765434,-0.10872791644754058,-0.10872791644765427,0.054363958223827134,329.5334745306355,-21.745583289530853,0.10872791644765425,291.68057835287897,-0.027181979111913564,-0.11960070809242,-291.68057835287897,16.30918746714814,170.0,218.31653565816146,329.5334745306355,-0.0815459373357407,282.7181979111916,-280.0,0.10872791644765427,-0.027181979111913564,5.436395822382718,108.72791644765425,-0.054363958223827134,-0.10872791644765427,0.027181979111913567,619.3694415837415,0.0,795.4778615959638,117.7772803953705,-255.0,0.0,485.8518720801786,-140.0,0.0,-80.0,-255.0,-325.0,-204.4677744458125,40.0,127.5,127.5,0.0,70.0,-258.2544167104692,-265.5073746433989,204.4677744458125,325.0,-265.5073746433989,-485.8518720801786,272.54271423033066,0.0,1496.5981,hplb
332,0.0,0.0,0.0,0.0,0.0,0.0,0.0,0.0,-0.12201710672210901,0.0,0.0,0.0,0.0,0.0,0.0,0.0,0.0,348.3719119505576,0.0,-48.3719119505576,0.0,0.0,0.0,0.0,0.0,0.0,0.0,0.0,0.0,-742.850717896316,0.0,0.0,329.53230891922664,0.0,0.0,0.0,0.0,15.31198476601449,0.0,-1000.0,836.9902395907061,0.0,-32.729670608377866,0.0,0.0,0.0,0.0,0.0,842.291945492643,-435.26244472864744,0.0,0.0,0.0,0.13421881739444058,0.0,0.0,0.0,24.4034213444218,0.0,0.0,-19.000107720350297,0.0,0.0,-21.39672257225069,0.0,0.0,0.0,0.0,0.0,0.0,0.0,1.2201710672210904,0.0,0.0,0.0,0.0,0.0,0.0,0.0,0.0,0.0,0.0,0.0,0.0,73.21026403326542,0.0,0.0,-68.95963880605154,373.07467591066666,375.8078985435805,-0.030504276680527253,0.0,0.0,0.0,36.60513201663271,0.0,36.60513201663271,-3.9289508364501224,0.0,0.0,0.0,6.10085533610545,-742.850717896316,0.0,0.0,-1.9964976867121607,0.0,0.0,0.0,0.0,0.0,0.0,0.0,0.0,0.0,0.0,0.0,0.0,0.0,0.0,0.0,0.0,0.0,0.0,-590.5157879586634,0.0,0.0,36.60513201663271,0.0,37.8253030838538,24.11207127316571,0.0,-219.42160360637692,0.0,219.42160360637692,-219.42160360637692,0.0,-109.3749999999984,109.3749999999984,-2.3966148519003942,0.0,0.0,0.0,0.0,0.0,9.395317217602388,0.12201710672210901,0.0,0.0,0.0,-391.3547042132235,0.0,0.0,0.0,16.242198926985402,0.0,596.6933260058386,0.0,0.0,0.0,0.0,0.0,508.1455652224272,508.1455652224272,0.0,0.0,0.0,171.875,-203.2722992631723,0.0,0.0,508.2675823291493,0.0,0.0,0.0,-434.6615259838208,-236.27987808964605,0.0,0.0,0.0,0.0,0.0,0.0,0.0,0.0,0.0,0.0,0.0,0.0,0.0,0.0,-717.1248315558211,0.0,0.0,0.0,0.0,0.0,435.26244472864744,32.729670608377866,-526.6676933134086,526.6676933134086,2.3966148519003942,0.0,0.0,0.0,0.0,0.0,0.0,0.0,-323.30085547146194,0.0,0.0,0.0,0.0,0.0,0.0,0.0,0.0,0.0,0.0,0.0,0.0,0.0,178.69465794311364,340.16154690206713,-132.17089820470468,0.0,0.0,0.0,0.0,157.676272221067,0.0,0.0,0.0,0.0,-19.000107720350297,-132.17089820470468,0.0,0.0,0.0,0.0,0.0,0.0,0.0,0.0,0.0,0.0,0.0,0.0,0.0,867.0126986156974,279.39428398156076,0.0,132.17089820470468,0.0,0.0,2.3966148519003942,715.8416926906424,0.0,0.0,0.0,220.37840408444697,0.0,0.0,-708.2310418720322,0.0,0.0,-708.2310418720322,0.0,0.0,-153.5930174027419,0.0,-1000.0,435.26244472864744,0.0,228.57898322804823,0.0,0.0,0.0,507.5728384093684,0.0,-507.5728384093684,0.0,1000.0,0.0,0.0,0.0,171.875,0.0,0.0,-19.000107720350297,-0.1830256600831635,0.0,0.0,0.0,0.0,0.12201710672210901,0.0,0.0,0.0,520.446812466221,0.0,0.0,-1000.0,503.12243003602964,236.27987808964605,873.5953716073388,0.0,197.95876933310944,0.0,-1.9964976867121607,0.0,0.0,0.0,864.2896374384703,-101.28206224301562,-960.9663445285643,-1000.0,-1000.0,0.0,0.0,0.0,0.0,0.0,0.0,0.0,0.0,0.0,0.0,0.0,0.0,0.0,0.0,0.0,0.0,0.0,-1000.0,0.0,-975.0600255674459,0.0,0.0,0.0,0.0,0.0,0.0,-9.39531721760239,0.0,0.0,0.0,0.0,0.0,-681.3945140082888,0.0,0.0,117.6117009178331,782.6765762513044,-905.4980088212643,0.0,-1000.0,921.8750000000005,0.0,-6.10085533610545,0.0,-120.66212858588582,-6.10085533610545,0.0,0.0,-759.8314491561179,1000.0,675.7271000829462,36.60513201663271,0.0,0.0,0.0,0.0,0.0,0.0,0.0,-178.69465794311364,178.69465794311364,178.69465794311364,-135.90368900608865,0.0,0.0,-491.9764518842949,0.0,0.0,0.0,0.0,0.0,-40.39683029260099,0.0,-473.4019312872262,0.0,0.0,0.0,0.0,0.0,-87.79828932778909,0.244034213444138,0.0,0.0,0.0,0.0,0.0,0.0,0.0,0.0,0.0,0.0,0.0,0.0,0.0,0.0,0.0,0.0,0.0,0.0,0.0,0.13421881739444058,0.13421881739444058,0.0,368.72589187867015,0.0,73.21026403326542,0.0,0.0,0.0,1000.0,0.0,0.0,0.0,0.0,0.0,588.3358483653817,-1000.0,0.0,0.0,0.0,0.0,0.0,0.0,0.0,0.0,0.0,0.0,0.0,0.0,0.0,196.83859598622112,-520.446812466221,391.3547042132235,0.0,9.395317217602388,0.0,0.0,0.0,-160.07288707296738,0.0,411.79572865506725,0.0,0.0,500.5375590375926,218.7500000000104,-218.7500000000104,178.69465794311364,0.0,0.0,0.0,0.0,0.0,0.0,0.0,0.0,0.0,0.0,0.0,0.0,0.0,73.21026403326542,2.3966148519003942,2.3966148519003942,0.0,0.0,0.0,0.0,0.0,0.0,0.0,0.0,0.0,0.0,1.2201710672210904,0.0,0.0,0.0,0.0,0.0,32.729670608377866,0.0,0.0,36.60513201663271,0.0,0.0,0.0,0.0,0.0,0.0,0.0,0.0,0.0,0.0,728.2874375762975,0.0,0.0,36.60513201663271,36.60513201663271,1000.0,-1000.0,0.0,0.0,0.0,0.0,0.0,0.0,0.0,742.850717896316,0.0,1000.0,0.12201710672210901,0.0,0.0,-935.3072646508718,1000.0,368.496765348379,0.0,0.0,0.0,0.0,0.0,0.0,0.0,0.0,13.580009208485729,0.0,0.0,0.0,0.0,0.0,0.0,0.0,0.12201710672210901,0.0,0.0,0.0,0.0,0.0,0.0,0.0,0.0,0.0,0.0,15.544657214951709,-16.242198926985402,0.0,0.0,-9.151283004158177,0.0,-6.100855336105456,0.0,0.0,0.0,0.0,0.0,0.0,0.0,0.0,0.0,0.0,0.0,2.3966148519003942,236.27987808964605,0.0,0.0,-78.00349373706621,0.0,0.0,0.0,-0.12201710672210901,0.0,0.0,0.12201710672210901,0.0,0.12201710672210901,40.74002762545719,0.0,0.0,73.21026403326542,148.860870200973,148.860870200973,0.0,0.0,0.0,0.0,0.0,0.0,0.0,391.3547042132235,0.0,0.0,0.0,0.0,0.0,874.795310327244,0.0,0.0,0.0,0.0,0.0,0.0,0.0,0.0,0.0,0.0,0.0,0.0,0.0,160.07288707296738,0.0,0.0,0.0,0.1830256600831635,0.0,0.0,0.0,-36.60513201663271,0.0,0.0,0.0,0.0,0.0,-368.72589187867015,6.10085533610545,0.0,0.0,0.0,-171.875,203.2722992631723,-3.9289508364501224,-6.100855336105456,0.0,-473.4019312872262,0.0,0.0,0.0,0.0,0.0,2.3966148519003942,0.0,0.0,0.0,190.03123393555651,0.0,691.9512828688017,366.50026766166684,24.9399744325541,-13.324268054052512,0.0,-11.615706378501587,16.242198926985402,566.9808224896694,0.0,6.100855336105456,463.96416125903164,0.0,0.0,0.0,-40.39683029260099,0.0,0.0,0.0,0.0,0.0,0.0,0.0,0.0,0.0,116.05340666859756,-134.35597267691418,148.860870200973,0.0,812.0386481545678,812.0386481545678,-812.0386481545679,0.0,0.0,0.0,0.0,0.0,0.0,0.0,0.0,261.82376821423077,-64.69273534912816,0.0,-32.729670608377866,36.60513201663271,0.0,0.0,0.0,0.0,343.90175396927833,0.0,0.0,0.13421881739444058,0.0,0.0,0.0,74.4304351004865,0.0,0.0,0.0,0.0,340.16154690206713,0.0,0.0,0.0,0.0,0.0,0.0,0.0,0.0,-351.1895617488535,0.0,0.0122017106722109,0.0122017106722109,0.0,0.0,0.0,0.0,0.0,40.74002762545719,0.0,0.0,0.0,-935.3072646508718,0.0,0.0,0.0,0.0,0.0,368.72589187867015,0.0,0.0,0.0,0.0,0.0,0.0,0.0,435.26244472864744,0.0,0.0,0.0,0.0,-173.35029584953688,0.0,348.3719119505576,0.0,0.0,0.0,73.21026403326542,0.0,0.0,0.0,0.0,0.0,0.0,-73.21026403326542,0.0,0.0,0.0,0.0,0.0,0.0,0.0,0.0,0.0,0.0,0.0,0.0,-1000.0,-1000.0,958.3770284318887,-36.60513201663271,0.0,0.0,-25.428042859442698,0.0,0.0,0.0,0.0,0.0,0.0,0.0,0.0,0.0,0.0,0.0,0.0,0.0,0.0,0.0,0.0,0.0,-15.252138340263633,2.3966148519003942,-9.151283004158177,1000.0,0.0,0.0,0.0,0.0,0.0,-1.5252138340263628,0.0,56.63902921958639,0.0,0.0,0.0,0.0,0.0,0.0,0.0,1000.0,36.60513201663271,36.60513201663271,0.0,0.0,0.0,0.0,0.0,0.13421881739444058,368.72589187867015,0.0,0.0,-15.31198476601449,0.0,0.0,0.0,0.0,0.0,0.0,0.0,0.0,0.0,0.0,0.0,0.0,0.0,0.0,20.370013812728594,0.0,0.0,24.11207127316571,0.0,128.1179620582145,9.395317217602388,0.0,0.0,0.0,0.0,0.0,368.72589187867015,0.0,0.0,0.0,0.0,0.0,-15.252138340263633,0.0,0.0,0.0,0.0,0.0,0.0,0.0,0.0,0.0,0.0,0.0,0.0,0.0,0.0,0.0,0.0,0.0,0.0,-0.12201710672210901,0.0,0.0,6.10085533610545,-588.3358483653817,0.0,0.0,0.0,0.0,2.3966148519003942,0.0,0.0,0.0,-864.2896374384703,3.050427668052725,0.0,0.0,0.0,0.12201710672210901,0.0,122.017106722109,-13.713231810688091,24.4034213444218,0.8715507623007785,388.6518703010156,-0.09151283004158176,6.10085533610545,2.4403421344421803,40.12994209184647,-388.6518703010156,36.6051320166327,-0.12201710672210901,0.6654992289040536,0.0,0.030504276680527253,0.8715507623007787,-1.9964976867121607,-19.425123390157967,-2.4403421344421803,-300.0,-0.12201710672210901,0.030504276680527253,-388.6518703010156,12.2017106722109,0.12201710672210901,0.12201710672210901,-368.4696559545536,0.1342188173943199,-44.840837525212436,-0.09151283004158176,36.60513201663271,0.12201710672210901,36.60513201663271,-61.00855336105451,-0.061008553361054506,-547.8594931072018,-170.0,-0.09151283004158176,-0.12201710672210901,-13.713231810688091,0.12201710672210901,12.2017106722109,-2.4403421344421803,160.07288707296738,160.07288707296738,-12.2017106722109,300.0,-160.07288707296738,24.4034213444218,0.1830256600831635,-530.8455281798795,12.2017106722109,-196.83859598622112,0.0,-24.4034213444218,0.061008553361054506,1.2201710672210904,250.0,214.4346552799783,-0.12201710672210901,-396.17974089114495,368.4696559545536,37.8253030838538,0.12201710672210901,19.425123390157967,-146.42052806653092,0.0,-0.12201710672210901,-0.030504276680527253,0.0,-0.12201710672210901,-87.79828932778909,0.1220171067220868,-0.030504276680527253,-0.030504276680527253,-0.030504276680527253,48.8068426888436,61.00855336105451,1.2201710672210904,278.2118603844886,-0.030504276680527253,499.3345007710959,6.10085533610545,50.0,0.12201710672210901,0.061008553361054506,0.061008553361054506,12.2017106722109,13.713231810688091,0.12201710672210901,-13.713231810688091,1.2201710672210904,0.12201710672210901,-653.8367332679859,0.12201710672210901,0.488068426888599,-40.12994209184647,0.061008553361054506,0.030504276680527253,36.60513201663271,-0.12201710672210901,44.840837525212436,1.2201710672210901,-556.4237207689772,3.050427668052727,-12.2017106722109,24.4034213444218,6.10085533610545,-0.12201710672210901,1.9964976867121607,0.1830256600831635,-0.12201710672210901,-24.4034213444218,13.713231810688091,-163.7285798525749,0.061008553361054506,-100.0,-0.12201710672210901,-0.1220171067220868,-0.12201710672210901,0.061008553361054506,388.6518703010156,-24.4034213444218,0.12201710672210901,500.0,-0.030504276680527253,-0.1342188173943199,-500.0,18.30256600831635,170.0,236.34196247074382,388.6518703010156,-0.09151283004158176,396.17974089114495,-214.4346552799783,0.12201710672210901,-0.03050427668052725,6.100855336105456,122.017106722109,-0.061008553361054506,-0.12201710672210901,0.030504276680527253,0.0,0.0,308.56963848567983,375.6248728834973,-255.0,0.0,287.4164143394531,34.27138068388144,0.0,28.399725375539475,-255.0,-325.0,-222.2148811408386,-14.199862687769738,127.5,127.5,0.0,-17.13569034194072,-368.72589187867015,-180.17317411670342,222.2148811408386,325.0,-180.17317411670342,-287.4164143394531,210.81761586688657,0.0,1496.5981,hplb
333,0.0,0.0,0.0,0.0,0.0,0.0,0.0,0.0,121.4648958908904,0.0,0.0,0.0,0.0,0.0,0.0,0.0,-940.6111827654469,1000.0,0.0,129.37274797872314,0.0,0.0,0.0,200.5638886521772,0.0,0.0,0.0,0.0,0.0,-977.1541369013012,363.4970731337606,-363.4970731337606,103.59439993623893,0.0,0.0,0.0,0.0,678.0622679237845,0.0,-1000.0,-765.4590525769794,0.0,-917.765319666748,0.0,0.0,0.0,642.937650181678,0.0,1000.0,0.0,0.0,0.0,0.0,0.03438629438956662,0.0,0.0,0.0,0.0,0.0,0.0,-123.91867861359172,0.0,0.0,-123.91867861359172,0.0,0.0,0.0,0.0,0.0,0.0,0.0,0.3126026762685064,0.0,0.0,0.0,0.0,0.0,0.0,0.0,0.0,0.0,0.0,0.0,0.0,18.756160576110386,0.0,0.0,-415.19479759450525,0.0,544.5675455732284,-0.00781506690671266,0.0,0.0,0.0,9.378080288055193,0.0,9.378080288055193,0.0,562.3712917495805,0.0,0.0,1.563013381342532,-977.1541369013012,0.0,0.0,0.0,0.0,0.0,0.0,0.0,0.0,0.0,0.0,0.0,0.0,0.0,0.0,0.0,0.0,0.0,0.0,0.0,0.0,0.0,-45.048622826793306,0.0,0.0,9.378080288055193,0.0,9.690682964323699,0.0,0.0,-454.4802162623631,64.75017890071592,389.7300373616472,-389.7300373616472,0.0,0.0,0.0,0.0,0.0,0.0,0.0,0.0,0.0,2.407040607267498,0.031260267626850635,0.0,0.0,0.0,-188.4686841940983,0.0,0.0,0.0,0.0,0.0,-82.9286640578417,0.0,0.0,0.0,0.0,0.0,-233.41939651966248,-233.41939651966248,0.0,0.0,0.0,0.0,56.812616930402,0.0,0.0,130.10893688172496,0.0,0.0,0.0,0.0,0.0,0.0,0.0,0.0,0.0,0.0,0.0,0.0,0.0,0.0,0.0,0.0,0.0,0.0,0.0,-1000.0,0.0,0.0,0.0,0.0,0.0,0.0,917.765319666748,-544.5675455732284,544.5675455732284,0.0,0.0,0.0,0.0,0.0,0.0,0.0,0.0,-496.6909027846282,0.0,0.0,0.0,0.0,0.0,0.0,0.0,0.0,0.0,0.0,0.0,0.0,0.0,0.0,202.9428164172563,0.0,0.0,0.0,0.0,0.0,0.0,0.0,0.0,0.0,0.0,-123.91867861359172,0.0,363.4970731337606,0.0,0.0,0.0,0.0,0.0,0.0,0.0,490.9773222776944,6.252053525370128,0.0,0.0,-423.46777104687465,-796.6655451403943,958.0029764990146,0.0,0.0,0.0,0.0,0.0,-961.8624734952422,0.0,0.0,0.0,-63.73335949461932,0.0,0.0,73.84431533189961,-824.7824934909561,0.0,898.6268088228555,0.0,824.7824934909561,-544.5675455732284,0.0,0.0,0.0,0.0,87.21614667891329,0.0,0.0,0.0,533.6005515632347,0.0,-533.6005515632347,0.0,772.9840665281492,0.0,0.0,0.0,0.0,0.0,0.0,-123.91867861359172,-0.04689040144027596,0.0,0.0,0.0,0.0,0.031260267626850635,0.0,0.0,0.0,499.6445974342504,-940.6111827654469,0.0,0.0,575.556867464698,0.0,-756.0809722889242,0.0,187.86900781654617,0.0,0.0,0.0,0.0,0.0,-2.6915090426718704,762.8544373920143,-948.0319361658886,-958.7217502587439,697.2380189203611,0.0,0.0,0.0,0.0,0.0,0.0,0.0,0.0,0.0,0.0,0.0,0.0,0.0,0.0,0.0,0.0,0.0,-321.8126910057081,0.0,-1000.0,0.0,0.0,126.47366852634866,0.0,0.0,0.0,-129.8872897512013,0.0,562.3712917495805,0.0,0.0,0.0,237.14556260798562,0.0,-118.07733431283927,0.0,-1000.0,-1000.0,0.0,0.0,905.9399858063342,0.0,116.51432093149674,1000.0,-0.781506690671266,-1.563013381342532,-114.16980085948295,0.0,0.0,0.0,-20.319173957452918,9.378080288055193,0.0,0.0,0.0,0.0,0.0,121.49615615851725,790.9249985540303,790.9249985540303,-790.9249985540303,-790.9249985540303,-5.376449411033223,0.0,0.0,0.0,0.0,0.0,0.0,0.0,0.0,-247.83735722718345,0.0,0.0,0.0,0.0,0.0,0.0,0.0,5.096051935102793,0.06252053525366663,0.0,0.0,0.0,0.0,0.0,0.0,0.0,0.0,0.0,0.0,0.0,0.0,0.0,0.0,0.0,0.0,0.0,0.0,0.0,0.03438629438956662,0.03438629438956662,363.4970731337606,257.28045110440996,0.0,18.756160576110386,0.0,0.0,0.0,895.9310741735103,0.0,0.0,0.0,0.0,0.0,72.82150511314694,-895.9310741735103,0.0,0.0,439.8782858542262,0.0,0.0,0.0,0.0,0.0,0.0,0.0,0.0,0.0,0.0,15.016207608931103,-499.6445974342504,188.4686841940983,0.0,2.407040607267498,0.0,0.0,0.0,0.0,0.0,72.82150511314694,0.0,1000.0,-922.0824429517503,0.0,0.0,0.0,0.0,0.0,0.0,0.0,0.0,0.0,0.0,0.0,0.0,0.0,0.0,0.0,0.0,18.756160576110386,0.0,0.0,0.0,0.0,0.0,0.0,0.0,0.0,0.0,0.0,0.0,0.0,0.3126026762685064,0.0,363.4970731337606,0.0,0.0,363.4970731337606,917.765319666748,0.0,0.0,9.378080288055193,-439.8782858542262,0.0,0.0,0.0,0.0,0.0,0.0,0.0,0.0,0.0,-385.9538702787281,955.1896753726095,0.0,9.378080288055193,9.378080288055193,1000.0,-895.9310741735103,0.0,0.0,0.0,0.0,0.0,0.0,0.0,935.8758871600451,0.0,1000.0,0.031260267626850635,0.0,0.0,0.0,41.2836491537744,0.0,0.0,0.0,0.0,0.0,0.0,0.0,0.0,0.0,0.0,0.0,0.0,0.0,0.0,0.0,0.0,0.0,0.031260267626850635,0.0,0.0,0.0,0.0,0.0,0.0,0.0,0.0,0.0,0.0,558.9576705247277,0.0,0.0,-678.1873089942919,-2.344520072013798,-1.5630133813425333,0.0,0.0,0.0,0.0,0.0,0.0,0.0,0.0,0.0,0.0,0.0,0.0,0.0,0.0,0.0,0.0,-18.756160576110386,0.0,0.0,0.0,121.4648958908904,0.0,0.0,0.031260267626850635,0.0,0.031260267626850635,0.0,0.0,0.0,18.756160576110386,38.13752650475779,38.13752650475779,0.0,0.0,0.0,0.0,0.0,0.0,0.0,188.4686841940983,0.0,0.0,0.0,0.0,0.0,0.0,0.0,0.0,0.0,0.0,0.0,0.0,0.0,0.0,0.0,0.0,0.0,0.0,0.0,0.0,0.0,-90.09724565358663,90.09724565358663,0.04689040144027596,0.0,0.0,0.0,-9.378080288055193,0.0,0.0,0.0,0.0,0.0,-257.28045110440996,1.563013381342532,0.0,0.0,0.0,0.0,-56.812616930402,0.0,0.0,0.0,0.0,0.0,0.0,0.0,0.0,0.0,0.0,0.0,439.8782858542262,1000.0,257.28045110440996,0.0,507.21663066872816,0.0,0.0,-129.8872897512013,562.3712917495805,-432.48400199837914,0.0,-1000.0,0.0,1.5630133813425333,1000.0,0.0,0.0,-363.4970731337606,-247.83735722718345,0.0,0.0,0.0,0.0,0.0,0.0,0.0,0.0,0.0,-4.6890401440276,0.0,38.13752650475779,0.0,0.0,0.0,363.4970731337606,0.0,0.0,0.0,0.0,0.0,490.9773222776944,0.0,0.0,264.31401132045136,-41.2836491537744,-1000.0,-917.765319666748,9.378080288055193,0.0,0.0,0.0,0.0,-163.42030656702096,0.0,0.0,0.03438629438956662,0.0,0.0,0.0,19.068763252378893,0.0,0.0,0.0,0.0,202.9428164172563,0.0,0.0,0.0,0.0,0.0,0.0,0.0,0.0,521.7473380347212,0.0,607.9136660644292,0.003126026762685064,0.0,0.0,0.0,0.0,0.0,0.0,0.0,0.0,0.0,0.0,363.4970731337606,0.0,0.0,0.0,0.0,257.28045110440996,0.0,0.0,0.0,0.0,0.0,0.0,0.0,0.0,0.0,0.0,0.0,0.0,165.91570211457736,0.0,1000.0,0.0,0.0,0.0,18.756160576110386,0.0,0.0,0.0,0.0,0.0,-18.756160576110386,0.0,0.0,0.0,0.0,0.0,0.0,0.0,0.0,0.0,0.0,363.4970731337606,363.4970731337606,0.0,697.2380189203611,-1000.0,21.41328332439269,0.0,-9.378080288055193,0.0,678.0622679237845,0.0,0.0,0.0,0.0,0.0,0.0,0.0,0.0,0.0,0.0,0.0,0.0,0.0,0.0,0.0,0.0,0.0,-3.9075334533563315,0.0,-2.344520072013798,-2.3445200720137973,0.0,0.0,0.0,0.0,0.0,-157.02597306481766,156.63521971948202,247.83735722718345,0.0,0.0,0.0,0.0,0.0,0.0,0.0,1000.0,9.378080288055193,9.378080288055193,0.0,0.0,0.0,0.0,0.0,0.03438629438956662,257.28045110440996,0.0,0.0,-678.0622679237845,607.9105400376666,0.0,0.0,0.0,0.0,0.0,0.0,0.0,0.0,0.0,0.0,0.0,0.0,0.0,45.04862282679331,0.0,0.0,0.0,0.0,32.82328100819318,0.0,0.0,2.407040607267498,0.0,0.0,0.0,257.28045110440996,0.0,124.91065514500622,0.0,0.0,0.0,-3.9075334533563315,0.0,0.0,0.0,0.0,0.0,0.0,0.0,0.0,0.0,0.0,0.0,0.0,0.0,0.0,0.0,0.0,0.0,0.0,-0.031260267626850635,0.0,0.0,1.563013381342532,-72.82150511314694,0.0,0.0,0.0,0.0,0.0,0.0,0.0,0.0,2.6915090426718704,0.781506690671266,0.0,0.0,0.0,0.031260267626850635,0.0,31.260267626850638,-9.690682964323699,6.252053525370129,0.22328762590607598,87.21614667891329,-0.02344520072013798,1.5630133813425338,0.6252053525370128,-0.15630133813431257,-87.21614667891329,9.378080288055193,-0.03126026762685064,0.0,0.0,0.00781506690671266,0.223287625906076,0.0,-4.976634606195091,362.87186778122356,-188.76156521327619,-0.03126026762685064,0.00781506690671266,-87.21614667891329,3.126026762685064,0.03126026762685064,0.031260267626850635,-257.21480454239355,0.03438629438948005,-98.49834800113615,-0.02344520072013798,9.378080288055193,0.03126026762685064,9.378080288055193,-15.63013381342532,-0.01563013381342532,181.42701205897785,-3.1572870303119145,-0.02344520072013798,-0.03126026762685064,-9.690682964323699,0.031260267626850635,3.126026762685064,-0.6252053525370128,0.0,0.0,-3.126026762685064,188.76156521327619,0.0,6.252053525370128,0.04689040144027596,-1000.0,3.126026762685064,-15.016207608931104,0.0,-6.252053525370128,0.01563013381342532,0.3126026762685064,0.0,263.5325046297801,-0.031260267626850635,-264.31401132045136,257.21480454239355,9.690682964323699,0.03126026762685064,4.976634606195091,-37.51232115222075,0.0,-0.031260267626850635,-0.00781506690671266,0.0,-0.03126026762685064,5.096051935102793,0.0312602676269762,-0.00781506690671266,-0.00781506690671266,-0.00781506690671266,12.504107050740256,15.63013381342532,0.3126026762685064,36.84857250465177,-0.00781506690671266,0.0,1.563013381342532,-0.9850125862088643,0.031260267626850635,0.01563013381342532,0.01563013381342532,3.126026762685064,9.690682964323699,0.031260267626850635,-9.690682964323699,0.3126026762685064,0.03126026762685064,-64.22581595786761,0.03126026762685064,0.12504107050745006,0.15630133813431257,0.01563013381342532,0.00781506690671266,9.378080288055193,-0.03126026762685064,98.49834800113615,-181.43593389061178,-73.69714500930354,0.7815066906712644,-3.126026762685064,6.252053525370128,1.563013381342532,-0.03126026762685064,0.0,0.04689040144027596,-0.03126026762685064,-6.252053525370128,9.690682964323699,277.916548593274,0.01563013381342532,1.970025172417735,-0.03126026762685064,-0.0312602676269762,-0.03126026762685064,0.01563013381342532,87.21614667891329,-6.252053525370128,0.031260267626850635,0.0,-0.00781506690671266,-0.03438629438948005,0.0,4.6890401440275955,3.1572870303119145,562.100788975571,87.21614667891329,-0.02344520072013798,264.31401132045136,-263.5325046297801,0.03126026762685064,-0.007815066906712662,1.5630133813425333,31.260267626850638,-0.01563013381342532,-0.03126026762685064,0.00781506690671266,173.54370441755282,0.0,999.9843698661866,27.37724345321584,-255.0,0.0,293.5757542543091,-104.28525185079235,0.0,-80.0,-0.875604114336852,-325.0,0.0,40.0,127.5,0.437802057168426,0.0,52.142625925396175,-257.28045110440996,-114.49624202625307,0.0,325.0,-114.49624202625307,-293.5757542543091,163.9810243219224,0.0,1496.5981,hplb
334,0.0,0.0,0.0,0.0,0.0,0.0,0.0,0.0,99.68675904915904,0.0,0.0,0.0,0.0,0.0,0.0,0.0,-537.9600966044904,-162.03990339550955,0.0,1000.0,0.0,0.0,0.0,63.53488804918697,0.0,0.0,0.0,0.0,0.0,295.15997445420305,0.0,0.0,0.0,0.0,0.0,0.0,0.0,999.8973782591628,0.0,-1000.0,992.3033694372174,0.0,0.0,0.0,0.0,0.0,298.09724438355,0.0,242.8001221502874,-807.1152558484737,0.0,0.0,0.0,0.02822097873027378,0.0,0.0,0.0,0.0,0.0,0.0,-2.2593886607637614,0.0,-84.1692206445087,-86.42860930527246,0.0,0.0,0.0,0.0,41.331449290060775,-41.331449290060775,0.0,0.25655435209275307,0.0,0.0,0.0,0.0,0.0,0.0,0.0,0.0,0.0,0.0,0.0,0.0,15.393261125565182,0.0,0.0,378.0555572599907,-79.14432058972187,0.0,-0.006413858802318826,0.0,0.0,-542.6561227456364,7.696630562782591,0.0,7.696630562782591,-936.5850553498317,0.0,0.0,0.0,1.2827717604637652,-612.7727622742567,0.0,0.0,-48.71722823953623,0.0,0.0,0.0,0.0,0.0,0.0,0.0,0.0,0.0,0.0,0.0,0.0,0.0,0.0,0.0,0.0,0.0,0.0,-126.00827953370653,0.0,0.0,7.696630562782591,0.0,7.953184914875345,0.0,0.0,0.0,0.0,0.0,0.0,0.0,0.0,0.0,0.0,0.0,0.0,0.0,0.0,0.0,1.975468511114197,0.0256554352092753,0.0,0.0,0.0,0.0,0.0,0.0,0.0,0.0,0.0,194.6665932310511,0.0,0.0,0.0,0.0,0.0,701.9284110516593,701.9284110516593,0.0,0.0,0.0,-171.875,0.0,0.0,0.0,701.9540664868686,0.0,0.0,0.0,2.525988985331935,0.0,0.0,0.0,0.0,0.0,0.0,0.0,0.0,0.0,0.0,-67.80544479564924,0.0,0.0,0.0,0.0,-679.098224207652,0.0,0.0,0.0,0.0,0.0,807.1152558484737,0.0,379.1443205897219,-379.1443205897219,0.0,0.0,0.0,0.0,0.0,0.0,0.0,907.9327367284598,-683.3380164430145,0.0,0.0,0.0,0.0,0.0,0.0,0.0,0.0,0.0,0.0,0.0,0.0,0.0,612.7839815606123,-89.73782591628988,0.0,0.0,0.0,0.0,0.0,0.0,0.0,0.0,0.0,0.0,-2.2593886607637614,0.0,0.0,0.0,0.0,0.0,0.0,0.0,0.0,0.0,0.0,5.131087041855061,0.0,0.0,-541.7113588205561,-1000.0,1000.0,0.0,0.0,0.0,0.0,0.0,-379.15311665669867,0.0,0.0,0.0,-52.99438071850125,0.0,0.0,-841.2458783598261,0.0,0.0,-841.2458783598261,0.0,0.0,300.0,0.0,596.2487377839343,807.1152558484737,0.0,71.5786642338781,0.0,0.0,0.0,-32.197028019722254,0.0,32.197028019722254,0.0,1000.0,0.0,0.0,-189.39912193691424,-171.875,0.0,0.0,-2.2593886607637614,-0.03848315281391295,0.0,0.0,0.0,0.0,0.0256554352092753,0.0,0.0,0.0,671.4015936448693,-537.9600966044904,0.0,-504.0331181348261,-241.68141457432267,0.0,1000.0,0.0,0.0,0.0,-48.71722823953623,0.0,0.0,0.0,532.9348231485384,36.75397648080775,-569.6887996293461,-538.9370513595563,104.20740641244413,0.0,0.0,0.0,0.0,0.0,0.0,0.0,0.0,0.0,0.0,0.0,0.0,0.0,0.0,0.0,0.0,0.0,0.0,0.0,-1000.0,0.0,0.0,935.7589503360925,0.0,185.32351215821637,0.0,-1.975468511114197,0.0,0.0,0.0,0.0,0.0,-78.08542577086853,0.0,0.0,-0.6413858802318826,0.0,0.0,0.0,0.0,0.0,0.0,-1.2827717604637652,-688.5979660264445,0.0,-1.2827717604637652,0.0,0.0,157.30252518777877,0.0,733.9541786546521,7.696630562782591,0.0,0.0,0.0,0.0,0.0,99.71241448436831,0.0,-612.7839815606123,612.7839815606123,612.7839815606123,298.5861411976812,0.0,0.0,0.0,0.0,0.0,907.9327367284598,0.0,0.0,-4.518777321527523,0.0,0.0,0.0,0.0,0.0,0.0,0.0,-97.43445647907247,0.051310870418613305,0.0,0.0,0.0,0.0,0.0,0.0,0.0,0.0,0.0,0.0,0.0,0.0,0.0,0.0,0.0,0.0,0.0,0.0,0.0,0.02822097873027378,0.02822097873027378,0.0,887.6528945187573,0.0,15.393261125565182,0.0,0.0,0.0,1000.0,0.0,0.0,0.0,0.0,0.0,-32.668072125130834,-1000.0,0.0,0.0,0.0,0.0,0.0,0.0,0.0,0.0,0.0,0.0,0.0,0.0,0.0,42.00275984456884,-671.4015936448693,0.0,0.0,1.975468511114197,0.0,457.3438772543636,-1000.0,-1000.0,0.0,-32.668072125130834,0.0,0.0,-130.10252860420331,0.0,0.0,612.7839815606123,0.0,0.0,0.0,0.0,0.0,0.0,0.0,0.0,0.0,0.0,0.0,0.0,0.0,15.393261125565182,0.0,0.0,0.0,0.0,0.0,0.0,0.0,0.0,0.0,0.0,0.0,0.0,0.25655435209275307,0.0,0.0,0.0,0.0,0.0,0.0,0.0,0.0,7.696630562782591,0.0,0.0,0.0,0.0,0.0,0.0,0.0,0.0,0.0,0.0,1000.0,0.0,0.0,7.696630562782591,7.696630562782591,1000.0,-1000.0,0.0,0.0,0.0,0.0,0.0,0.0,0.0,151.70981363381304,907.9327367284598,104.20740641244413,0.0256554352092753,0.0,0.0,33.8816672560208,0.0,0.0,0.0,542.6561227456364,0.0,0.0,0.0,0.0,0.0,0.0,0.0,0.0,0.0,0.0,0.0,0.0,0.0,0.0,0.0256554352092753,0.0,0.0,0.0,1000.0,-1000.0,0.0,0.0,0.0,0.0,0.0,933.7834818249784,0.0,0.0,-1000.0,-1.9241576406956478,-1.2827717604637883,0.0,0.0,0.0,0.0,0.0,0.0,0.0,0.0,0.0,0.0,0.0,0.0,0.0,0.0,0.0,0.0,892.5394756028945,0.0,0.0,0.0,99.68675904915904,0.0,0.0,0.0256554352092753,0.0,0.0256554352092753,0.0,0.0,0.0,15.393261125565182,31.29963095531587,31.29963095531587,0.0,0.0,0.0,0.0,0.0,0.0,0.0,0.0,0.0,907.9327367284598,0.0,0.0,498.65680942544094,36.48694669461605,0.0,0.0,0.0,0.0,0.0,0.0,0.0,0.0,0.0,0.0,0.0,0.0,0.0,0.0,0.0,0.0,0.0,0.03848315281391295,0.0,0.0,0.0,-7.696630562782591,0.0,0.0,0.0,0.0,0.0,-887.6528945187573,1.2827717604637652,0.0,0.0,0.0,171.875,0.0,1.975468511114197,0.0,0.0,0.0,0.0,0.0,0.0,0.0,0.0,0.0,0.0,0.0,482.43201325619486,274.86891295814496,0.0,319.86891295814496,-48.71722823953623,0.0,0.0,0.0,0.0,0.0,-410.45274761201455,0.0,1.2827717604637883,1000.0,0.0,0.0,0.0,-4.518777321527523,0.0,0.0,-171.874999999988,171.874999999988,0.0,0.0,0.0,0.0,0.0,63.95712951425788,0.0,31.29963095531587,0.0,0.0,0.0,0.0,0.0,0.0,0.0,0.0,0.0,0.0,0.0,0.0,893.4253674408443,-33.8816672560208,0.0,0.0,7.696630562782591,0.0,0.0,0.0,0.0,8.070426437108775,0.0,0.0,0.02822097873027378,0.0,0.0,0.0,15.649815477657935,0.0,0.0,0.0,0.0,-89.73782591628988,0.0,0.0,0.0,0.0,0.0,0.0,0.0,0.0,-517.5679867438051,0.0,506.22721833743947,0.0025655435209276036,0.0,0.0,0.0,0.0,0.0,0.0,0.0,0.0,0.0,33.8816672560208,0.0,0.0,0.0,0.0,0.0,887.6528945187573,0.0,0.0,0.0,0.0,0.0,0.0,0.0,807.1152558484737,0.0,0.0,0.0,0.0,763.1286667252408,0.0,-162.03990339550955,0.0,0.0,0.0,15.393261125565182,0.0,0.0,0.0,0.0,0.0,-544.7677272907819,529.3744661652166,0.0,0.0,0.0,0.0,0.0,0.0,0.0,0.0,0.0,0.0,0.0,0.0,1000.0,-1000.0,552.7177292384106,0.0,-7.696630562782591,0.0,999.8973782591628,0.0,0.0,0.0,0.0,0.0,0.0,0.0,0.0,0.0,427.08333333333337,0.0,-427.08333333333337,-427.08333333333337,0.0,0.0,0.0,0.0,-3.206929401159414,0.0,-1.9241576406956478,533.2195984793613,0.0,0.0,0.0,0.0,0.0,-1000.0,999.6793070598841,4.518777321527523,0.0,0.0,0.0,0.0,0.0,0.0,0.0,1000.0,7.696630562782591,7.696630562782591,0.0,0.0,0.0,0.0,0.0,0.02822097873027378,887.6528945187573,0.0,0.0,-999.8973782591628,506.22465279391855,0.0,0.0,0.0,0.0,0.0,0.0,0.0,0.0,0.0,0.0,0.0,0.0,0.0,0.0,0.0,0.0,0.0,0.0,26.93820696973907,1.975468511114197,0.0,0.0,0.0,0.0,0.0,887.6528945187573,0.0,-4.084345285317227,0.0,0.0,0.0,-3.206929401159414,0.0,0.0,0.0,0.0,0.0,0.0,0.0,0.0,0.0,0.0,0.0,0.0,0.0,0.0,0.0,0.0,0.0,0.0,-0.0256554352092753,0.0,0.0,1.2827717604637652,32.668072125130834,0.0,0.0,0.0,0.0,0.0,0.0,0.0,0.0,-532.9348231485384,0.6413858802318826,0.0,0.0,0.0,0.0256554352092753,0.0,25.6554352092753,-7.953184914875344,5.131087041855061,0.1832531086376807,71.5786642338781,-0.019241576406956475,1.2827717604637652,0.5131087041855061,-0.12827717604648115,-71.5786642338781,7.696630562782591,-0.025655435209275303,16.23907607984541,0.0,0.006413858802318826,0.18325310863768074,-48.71722823953623,-4.084345285317227,-0.5131087041855061,-300.0,-0.025655435209275303,0.006413858802318826,-71.5786642338781,811.7790212697972,0.025655435209275303,0.0256554352092753,-887.5990181048178,0.028220978730191283,0.0,-0.019241576406956475,7.696630562782591,0.025655435209275303,7.696630562782591,-12.827717604637652,-0.012827717604637651,-97.23213675197864,-2.5911989561368056,-0.019241576406956475,-0.025655435209275296,-7.953184914875344,0.0256554352092753,2.5655435209275304,-0.5131087041855061,0.0,0.0,-2.5655435209275765,300.0,0.0,5.131087041855061,0.03848315281391295,591.799360563707,2.5655435209275304,-42.00275984456884,0.0,-5.131087041855061,0.012827717604637651,0.25655435209275307,126.00827953370653,280.0,-0.0256554352092753,-893.4253674408443,887.5990181048178,7.953184914875345,0.025655435209275303,4.084345285317227,-840.0,0.0,-0.0256554352092753,-0.006413858802318826,0.0,-0.025655435209275303,-97.43445647907247,0.025655435209275303,-0.006413858802318826,-0.006413858802318826,-0.006413858802318826,10.262174083710121,12.827717604637652,0.25655435209275307,20.863860092300285,-0.006413858802318826,235.77748298756765,1.2827717604637652,50.0,0.0256554352092753,0.012827717604637651,0.012827717604637651,2.5655435209275304,7.953184914875345,0.0256554352092753,-7.953184914875344,0.25655435209275307,0.025655435209275303,-24.57663915555213,0.025655435209275303,0.10262174083720765,0.12827717604648115,0.012827717604637651,0.006413858802318826,7.696630562782591,-0.025655435209275303,0.0,0.25655435209275307,-41.72772018460057,0.6413858802318826,-2.5655435209275304,5.131087041855061,1.2827717604637652,-0.025655435209275303,48.71722823953623,0.03848315281391295,-0.025655435209275303,-5.131087041855061,7.953184914875345,153.90982159131954,0.012827717604637651,-100.0,-0.025655435209275303,-0.025655435209275303,-0.025655435209275303,0.012827717604637648,71.5786642338781,-5.131087041855061,0.0256554352092753,252.01655906741306,-0.006413858802318826,-0.028220978730191283,-252.01655906741306,3.8483152813912946,2.5911989561368056,-1000.0,71.5786642338781,-0.019241576406956475,893.4253674408443,-280.0,0.025655435209275303,-0.006413858802318827,1.2827717604637883,25.6554352092753,-0.012827717604637651,-0.025655435209275303,0.006413858802318826,496.8577928316115,0.0,-891.8121882813116,3.712779063251844,-255.0,0.0,758.5738760402319,-49.28421335766129,809.2134777488696,854.9797262530844,-255.0,-325.0,-300.0,-427.4898631265422,127.5,127.5,-809.2134777488696,24.642106678830643,-887.6528945187573,-161.98024802842832,300.0,325.0,-161.98024802842832,-758.5738760402319,798.0041662596522,0.0,1496.5981,hplb
335,0.0,0.0,0.0,0.0,0.0,0.0,0.0,0.0,-0.11824617610433044,0.0,0.0,0.0,0.0,0.0,0.0,0.0,631.9883367910396,-284.72369766976567,0.0,-118.80736359542698,0.0,0.0,0.0,0.0,0.0,0.0,0.0,0.0,0.0,239.65648209765055,0.0,0.0,126.53020987312459,0.0,0.0,0.0,0.0,500.5796957100117,0.0,-380.91426205865923,896.559795861755,0.0,-148.67526637558828,0.0,0.0,0.0,0.0,0.0,-1000.0,-916.8523835144681,0.0,0.0,0.0,0.13007079371481112,0.0,0.0,0.0,0.0,0.0,0.0,-10.413546575588157,0.0,-989.5864534244118,-1000.0,0.0,0.0,0.0,0.0,831.2912235649477,0.0,0.0,1.1824617610433046,0.0,0.0,0.0,0.0,0.0,0.0,0.0,0.0,0.0,0.0,251.34551286125225,0.0,70.94770566259827,0.0,0.0,781.8813656726953,-591.5678505756474,0.0,0.0,0.0,0.0,54.14149881113493,35.47385283129913,0.0,35.47385283129913,-269.94302982383164,0.0,0.0,251.34551286125225,5.912308805216522,0.0,0.0,0.0,-10.85654963496965,0.0,272.308858352306,0.0,0.0,0.0,0.0,0.0,0.0,0.0,0.0,0.0,0.0,0.0,0.0,0.0,0.0,0.0,0.0,-365.6761586537503,0.0,0.0,35.47385283129913,0.0,36.65631459234243,8.962762266150975,0.0,898.6395160866733,-898.6395160866733,0.0,0.0,164.5121858456124,0.0,0.0,-164.5121858456124,0.0,0.0,0.0,0.0,0.0,-242.24055730121881,0.11824617610433044,0.02956154402608261,0.0,0.0,0.0,-304.2555220132213,0.0,0.0,0.0,0.0,567.5020845167088,0.0,0.0,0.0,0.0,0.0,658.3813609873009,658.3813609873009,0.0,0.0,0.0,-78.125,-1000.0,0.0,0.0,658.4996071634052,0.0,0.0,0.0,0.0,-222.62807807651652,0.0,0.0,0.0,0.0,0.0,0.0,0.0,0.0,0.0,0.0,0.0,0.0,0.0,0.0,-1000.0,0.0,0.0,0.0,0.0,0.0,916.8523835144681,148.67526637558828,891.5678505756474,-891.5678505756474,0.0,0.0,0.0,0.0,0.0,0.0,0.0,239.65648209765055,785.6056088258906,0.0,0.0,0.0,0.0,0.0,0.0,0.0,0.0,0.0,0.0,0.0,0.0,0.0,81.56393151610183,251.5539924549535,-20.32008526427842,0.0,0.0,0.0,0.0,0.0,0.0,0.0,0.0,0.0,-10.413546575588157,-20.32008526427842,0.0,0.0,0.0,0.0,0.0,0.0,0.0,0.0,0.0,23.64923522086609,0.0,0.0,631.8109675268831,-1000.0,822.124482623931,0.0,20.32008526427842,0.0,0.0,0.0,144.26033484728313,0.0,0.0,0.0,326.6807069266945,0.0,0.0,-1000.0,0.0,0.0,-1000.0,0.0,0.0,300.0,0.0,706.1554236377594,916.8523835144681,0.0,347.8323558633839,0.0,0.0,0.0,-356.819065247313,0.0,356.819065247313,0.0,658.2631148111966,0.0,0.0,-279.39243962021385,-78.125,0.0,0.0,-10.413546575588157,-0.17736926415649565,0.0,0.0,0.0,0.0,0.11824617610433044,0.0,0.0,0.0,964.5261471687008,631.9883367910396,0.0,-451.89851638192994,122.57057447582349,222.62807807651652,805.6828839139203,0.0,414.2315895202306,0.0,-10.85654963496965,0.0,0.0,0.0,113.41700639404112,151.6707420995374,-679.3193380138091,0.0,0.0,0.0,0.0,0.0,0.0,0.0,0.0,0.0,0.0,0.0,0.0,0.0,0.0,0.0,0.0,0.0,0.0,0.0,0.0,0.0,-501.05268041442883,0.0,0.0,266.1355029532715,0.0,349.56933942212106,25.541547412190653,242.24055730121876,0.0,0.0,0.0,0.0,0.0,0.0,0.0,0.0,-2.956154402608261,-982.9619656644851,0.0,-487.9481135917864,396.5028597327041,0.0,0.0,-5.912308805216522,0.0,0.0,482.0358047865699,0.0,0.0,994.0876911947835,0.0,0.0,35.47385283129913,0.0,0.0,0.0,231.64641097587037,0.0,0.0,0.0,-81.56393151610183,81.56393151610183,81.56393151610183,-539.2682309195612,0.0,0.0,0.0,0.0,0.0,239.65648209765055,0.0,0.0,-20.827093151176403,0.0,0.0,126.35076477913391,0.0,0.0,0.0,0.0,-88.17538238956695,0.23649235220864284,0.0,0.0,0.0,0.0,0.0,0.0,0.0,0.0,0.0,831.2912235649477,0.0,0.0,0.0,0.0,0.0,0.0,0.0,0.0,0.0,0.13007079371481112,0.13007079371481112,0.0,337.91469629523573,0.0,70.94770566259827,0.0,0.0,0.0,-169.37366336573984,0.0,183.12243885575407,0.0,0.0,0.0,-13.967918167322068,169.37366336573984,0.0,0.0,0.0,0.0,0.0,126.35076477913391,0.0,0.0,0.0,0.0,0.0,0.0,0.0,121.89205288458344,-964.5261471687008,304.2555220132213,0.0,9.104955560033444,0.0,54.14149881113493,0.0,0.0,0.0,-13.967918167322068,0.0,-834.8943591387942,732.7510585819052,843.7500000000524,-843.7500000000524,81.56393151610183,0.0,0.0,0.0,0.0,0.0,0.0,0.0,0.0,0.0,0.0,0.0,0.0,0.0,70.94770566259827,0.0,0.0,0.0,0.0,0.0,0.0,0.0,0.0,0.0,0.0,0.0,0.0,1.1824617610433046,0.0,0.0,0.0,0.0,0.0,148.67526637558828,0.0,0.0,35.47385283129913,0.0,0.0,0.0,0.0,0.0,0.0,0.0,0.0,0.0,0.0,-92.33817832151507,67.3478974557079,0.0,35.47385283129913,35.47385283129913,-194.78009404657683,169.37366336573984,0.0,126.35076477913391,0.0,0.0,0.0,0.0,0.0,107.28251326273812,239.65648209765055,459.2757849541654,0.11824617610433044,0.0,0.0,-275.1312653428406,395.4411841348772,0.0,0.0,-54.14149881113493,0.0,0.0,0.0,0.0,0.0,0.0,0.0,0.0,0.0,0.0,0.0,0.0,0.0,0.0,0.11824617610433044,0.0,0.0,0.0,-921.8750000000002,921.8750000000002,0.0,0.0,0.0,0.0,0.0,1000.0,0.0,-491.62393974550974,-501.05268041442883,-8.868463207824785,0.0,-5.912308805216522,0.0,-15.625,-15.625,15.625000000000002,0.0,0.0,0.0,0.0,0.0,0.0,0.0,0.0,222.62807807651652,0.0,0.0,1000.0,0.0,0.0,0.0,-0.11824617610433044,0.0,0.0,0.11824617610433044,0.0,0.11824617610433044,0.0,0.0,0.0,70.94770566259827,144.26033484728313,144.26033484728313,0.0,0.0,0.0,0.0,0.0,0.0,0.0,304.2555220132213,0.0,239.65648209765055,0.0,0.0,0.0,123.59800215662402,0.0,0.0,0.0,0.0,0.0,0.0,0.0,0.0,0.0,0.0,0.0,0.0,0.0,0.0,0.0,0.0,0.0,0.17736926415649565,0.0,0.0,0.0,-35.47385283129913,0.0,0.0,0.0,0.0,0.0,-337.91469629523573,5.912308805216522,0.0,0.0,0.0,78.125,1000.0,-3.807526870560139,-5.912308805216522,0.0,0.0,0.0,0.0,0.0,0.0,0.0,0.0,0.0,0.0,1000.0,256.3507647791339,0.0,605.6062867923551,-10.85654963496965,0.0,238.43303043065862,491.62393974550974,-730.0569701761683,0.0,0.0,0.0,5.912308805216522,522.4988874206081,0.0,0.0,0.0,-20.827093151176403,0.0,0.0,0.0,0.0,0.0,0.0,0.0,0.0,0.0,346.7831595030605,-364.5200859187102,144.26033484728313,0.0,0.0,0.0,0.0,0.0,0.0,0.0,0.0,0.0,0.0,0.0,0.0,0.0,-951.6011423569843,374.4755401046542,-148.67526637558828,35.47385283129913,0.0,0.0,0.0,0.0,133.37133705997852,0.0,0.0,0.13007079371481112,0.0,0.0,0.0,72.13016742364157,0.0,0.0,0.0,0.0,251.5539924549535,0.0,0.0,0.0,0.0,0.0,0.0,0.0,0.0,0.0,0.0,0.011824617610433045,0.011824617610433045,0.0,0.0,0.0,0.0,0.0,0.0,0.0,0.0,0.0,-275.1312653428406,0.0,0.0,0.0,0.0,0.0,337.91469629523573,0.0,0.0,0.0,0.0,0.0,0.0,0.0,916.8523835144681,0.0,0.0,0.0,0.0,0.0,1000.0,-284.72369766976567,0.0,0.0,0.0,70.94770566259827,0.0,0.0,0.0,0.0,0.0,-70.94770566259827,0.0,0.0,0.0,0.0,0.0,0.0,0.0,0.0,0.0,0.0,0.0,0.0,0.0,540.7242150458346,107.28251326273812,204.59663278809037,-35.47385283129913,0.0,0.0,500.5796957100117,0.0,0.0,0.0,0.0,0.0,0.0,0.0,0.0,0.0,0.0,0.0,0.0,0.0,0.0,0.0,0.0,0.0,-14.780772013041306,0.0,-8.868463207824785,479.24962486750934,0.0,0.0,0.0,0.0,0.0,0.0,-1.4780772013041308,20.827093151176403,0.0,0.0,0.0,0.0,0.0,0.0,0.0,1000.0,35.47385283129913,35.47385283129913,0.0,0.0,0.0,0.0,0.0,0.13007079371481112,337.91469629523573,0.0,0.0,-500.5796957100117,0.0,0.0,0.0,0.0,0.0,0.0,0.0,0.0,0.0,0.0,0.0,0.0,0.0,0.0,0.0,0.0,0.0,8.962762266150975,0.0,124.15848490954697,9.104955560033444,0.0,0.0,0.0,0.0,0.0,337.91469629523573,0.0,0.0,0.0,0.0,0.0,-14.780772013041306,0.0,0.0,0.0,0.0,0.0,0.0,0.0,0.0,0.0,0.0,0.0,0.0,0.0,0.0,0.0,0.0,0.0,0.0,-0.11824617610433044,0.0,0.0,5.912308805216522,13.967918167322068,0.0,0.0,0.0,0.0,0.0,0.0,0.0,0.0,-113.41700639404112,2.956154402608261,0.0,0.0,0.0,0.11824617610433044,0.0,118.24617610433044,-27.693552326191476,23.64923522086609,0.8446155436023604,347.8323558633839,-0.08868463207824782,5.912308805216522,2.364923522086609,-0.5912308805214456,-347.8323558633839,35.47385283129913,-0.1182461761043305,3.6188498783232164,126.35076477913391,0.02956154402608261,0.8446155436023604,-10.85654963496965,-18.82479123581015,-2.364923522086609,-228.45727552584697,-0.11824617610433044,0.02956154402608261,-347.8323558633839,11.824617610433044,0.1182461761043305,0.11824617610433044,-337.6663793254166,0.1300707937147635,-192.9924929927523,-0.08868463207824782,35.47385283129913,0.11824617610433044,35.47385283129913,-59.12308805216522,-0.05912308805216522,-352.79649225401727,-11.942863786537375,-0.08868463207824782,-0.11824617610433044,-27.693552326191476,0.11824617610433044,11.824617610433044,-2.364923522086609,0.0,0.0,-11.824617610433044,228.45727552584697,0.0,23.64923522086609,0.17736926415649565,-619.0525658483798,11.824617610433044,-121.89205288458344,126.35076477913391,-23.64923522086609,0.05912308805216522,1.1824617610433046,112.97462909548248,280.0,-0.11824617610433044,-364.5200859187102,337.6663793254166,36.65631459234243,0.11824617610433044,18.82479123581015,-15.544646546062836,126.35076477913391,-0.11824617610433044,-0.02956154402608261,-126.35076477913391,-0.11824617610433044,-88.17538238956695,0.11824617610433044,-0.02956154402608261,-0.02956154402608261,-0.02956154402608261,47.29847044173218,59.12308805216522,1.1824617610433046,87.60563572129641,-0.02956154402608261,222.33040831264177,5.912308805216522,50.0,0.11824617610433044,0.05912308805216522,0.05912308805216522,75.0,27.693552326191476,0.11824617610433044,-27.693552326191476,1.1824617610433046,0.11824617610433044,-87.60563572129641,0.11824617610433044,0.47298470441711515,0.5912308805214456,0.05912308805216522,0.02956154402608261,35.47385283129913,-0.11824617610433044,192.9924929927523,1.1824617610433046,-175.21127144259282,2.956154402608263,-11.824617610433044,23.64923522086609,5.912308805216522,-0.11824617610433044,10.85654963496965,0.17736926415649565,-0.11824617610433044,-150.0,27.693552326191476,303.3574090725922,0.05912308805216522,-100.0,-0.11824617610433044,-0.11824617610433044,-0.11824617610433044,0.05912308805216522,347.8323558633839,-23.64923522086609,0.11824617610433044,225.94925819096497,-0.02956154402608261,-0.1300707937147635,-225.94925819096497,17.736926415649567,11.942863786537375,207.80909658913566,347.8323558633839,-0.08868463207824782,364.5200859187102,-280.0,0.11824617610433044,-0.029561544026082617,5.912308805216522,118.24617610433044,-0.05912308805216522,-0.11824617610433044,0.02956154402608261,0.0,0.0,318.99344276032764,0.0,-255.0,0.0,518.0250982475602,-140.0,0.0,-80.0,294.8291343577944,-325.0,-300.0,40.0,127.5,-147.4145671788972,0.0,70.0,-337.91469629523573,-436.72874613257073,300.0,325.0,-436.72874613257073,-518.0250982475602,260.872563591595,0.0,1496.5981,hplb
336,0.0,0.0,0.0,0.0,0.0,0.0,0.0,0.0,-0.08808344032846854,0.0,0.0,0.0,0.0,0.0,0.0,0.0,1000.0,-150.3603247082182,0.0,-549.6396752917818,0.0,0.0,0.0,296.03511866976396,0.0,0.0,0.0,0.0,0.0,-438.2897875620982,0.0,0.0,631.8703112012215,0.0,0.0,0.0,0.0,570.4152215791336,0.0,-1000.0,183.06972131853883,0.0,0.0,353.67265626803623,0.0,0.0,0.0,0.0,0.0,0.0,0.0,46.87499999999984,0.0,0.09689178436133994,0.0,0.0,0.0,0.0,0.0,0.0,-190.977642800463,0.0,0.0,-190.977642800463,0.0,0.0,0.0,0.0,0.0,0.0,0.0,0.8808344032846855,0.0,0.0,0.0,0.0,0.0,0.0,0.0,0.0,0.0,0.0,0.0,0.0,52.85006419708113,0.0,183.22042782220282,196.87499999999983,-290.5152377394552,-259.4847622605448,-0.022020860082117136,0.0,0.0,1000.0,26.425032098540566,0.0,26.425032098540566,0.0,0.0,0.0,0.0,984.2714774168332,-438.2897875620982,0.0,0.0,0.0,0.0,0.0,0.0,0.0,0.0,0.0,0.0,0.0,0.0,0.0,0.0,0.0,0.0,0.0,0.0,0.0,0.0,0.0,-583.791072957435,0.0,0.0,26.425032098540566,0.0,27.30586650182525,0.0,0.0,-245.76436695546283,245.76436695546283,0.0,0.0,0.0,91.91492504989628,-91.91492504989628,0.0,0.0,0.0,0.0,0.0,0.0,190.00285272749494,0.08808344032846854,0.0,0.0,0.0,622.001167226438,-977.1853864907187,0.0,0.0,0.0,0.0,255.53912509006105,0.0,0.0,0.0,0.0,0.0,286.71458220854765,286.71458220854765,0.0,0.0,0.0,78.12500000000001,921.9507106285538,0.0,0.0,286.80266564887614,0.0,0.0,0.0,142.59331672588212,0.0,0.0,0.0,0.0,0.0,0.0,0.0,0.0,0.0,0.0,0.0,0.0,0.0,0.0,0.0,-1000.0,0.0,0.0,0.0,0.0,0.0,0.0,-46.87499999999984,850.0,-850.0,0.0,0.0,0.0,0.0,0.0,0.0,0.0,0.0,-348.4428988424716,0.0,0.0,0.0,0.0,0.0,0.0,0.0,0.0,0.0,0.0,0.0,0.0,0.0,0.0,368.2920643183133,-514.835212437902,0.0,0.0,0.0,0.0,161.10357252682468,0.0,0.0,0.0,0.0,-190.977642800463,-868.5078687059382,0.0,0.0,0.0,0.0,0.0,0.0,0.0,0.0,2.8362867785757446,17.616688065693708,0.0,0.0,431.52092018409076,-708.9943175553644,1000.0,0.0,514.835212437902,0.0,0.0,0.0,0.0,0.0,0.0,0.0,-100.48755663887232,0.0,0.0,-72.47560626002978,-1000.0,0.0,927.5243937399703,0.0,1000.0,559.4847622605448,0.0,0.0,0.0,0.0,84.64922598960254,0.0,0.0,0.0,-1000.0,0.0,1000.0,0.0,682.4396468941519,0.0,0.0,691.3839076818115,78.12500000000001,0.0,0.0,-190.977642800463,-0.13212516049270281,0.0,0.0,0.0,0.0,0.08808344032846854,0.0,0.0,0.0,809.635108596059,1000.0,0.0,-372.48273694853356,140.8648803566563,0.0,125.26313158375329,0.0,308.44931020568697,0.0,0.0,0.0,0.0,0.0,667.0246356742241,24.52605412008892,-1000.0,0.0,-1000.0,0.0,0.0,0.0,0.0,0.0,0.0,0.0,0.0,0.0,0.0,0.0,0.0,0.0,0.0,0.0,0.0,0.0,-429.23244465955247,0.0,-1000.0,0.0,0.0,0.0,367.2806084568996,0.0,0.0,393.00242858925475,0.0,0.0,0.0,0.0,979.8673054004098,209.08231917412047,0.0,-677.9781289450781,0.0,-233.6083732942094,561.4961454178306,0.0,0.0,206.78702771121186,0.0,0.0,11.29402022353462,-2.2020860082117135,-4.404172016423427,0.0,0.0,-445.68800879119533,0.0,388.4337725776908,26.425032098540566,0.0,0.0,0.0,0.0,0.0,0.0,0.0,0.0,0.0,0.0,-256.43364329817445,0.0,0.0,-945.4744315925412,0.0,0.0,0.0,0.0,0.0,-15.514429956520338,0.0,0.0,84.23162183332609,0.0,0.0,0.0,0.0,-13.317187044507955,0.17616688065701627,0.0,0.0,0.0,0.0,0.0,0.0,0.0,0.0,0.0,0.0,0.0,0.0,0.0,0.0,0.0,0.0,0.0,0.0,0.0,0.09689178436133994,0.09689178436133994,0.0,163.60342620464124,0.0,52.85006419708113,0.0,0.0,0.0,1000.0,0.0,0.0,183.22042782220282,0.0,0.0,16.455408090472776,-1000.0,0.0,0.0,462.95556813642384,0.0,0.0,84.23162183332609,0.0,0.0,0.0,0.0,0.0,0.0,0.0,194.597024319145,-809.635108596059,355.18421926428067,0.0,190.00285272749494,0.0,0.0,1000.0,838.8964274731753,0.0,16.455408090472776,0.0,1000.0,-996.8617789540352,0.0,0.0,0.0,0.0,0.0,0.0,0.0,0.0,0.0,0.0,0.0,0.0,0.0,0.0,0.0,0.0,52.85006419708113,0.0,0.0,0.0,0.0,0.0,0.0,0.0,0.0,0.0,0.0,0.0,0.0,0.8808344032846855,0.0,0.0,183.22042782220282,-183.22042782220282,0.0,-46.87499999999984,0.0,0.0,26.425032098540566,-462.95556813642384,0.0,0.0,0.0,0.0,0.0,0.0,0.0,0.0,0.0,322.63631764896144,0.0,0.0,26.425032098540566,26.425032098540566,1000.0,-1000.0,0.0,84.23162183332609,0.0,0.0,0.0,0.0,0.0,898.4114003570219,0.0,1000.0,0.08808344032846854,0.0,0.0,0.0,116.32676630236107,493.8169552324807,0.0,-1000.0,0.0,0.0,0.0,0.0,0.0,0.0,0.0,0.0,0.0,0.0,0.0,0.0,0.0,0.0,0.08808344032846854,0.0,0.0,0.0,904.8728915586235,-904.8728915586235,0.0,0.0,0.0,0.0,0.0,393.00242858925475,0.0,0.0,-570.7675553404475,-6.6062580246351414,0.0,-4.4041720164234235,0.0,0.0,0.0,0.0,0.0,0.0,0.0,0.0,0.0,0.0,0.0,0.0,0.0,0.0,0.0,-52.85006419708113,0.0,0.0,0.0,-0.08808344032846854,0.0,0.0,0.08808344032846854,0.0,0.08808344032846854,0.0,0.0,0.0,52.85006419708113,107.46179720073162,107.46179720073162,0.0,0.0,0.0,0.0,0.0,0.0,0.0,355.18421926428067,0.0,0.0,0.0,0.0,0.0,674.6086198865053,0.0,0.0,0.0,0.0,0.0,0.0,0.0,0.0,0.0,0.0,0.0,0.0,0.0,161.10357252682468,0.0,0.0,0.0,0.13212516049270281,0.0,0.0,0.0,-26.425032098540566,0.0,0.0,0.0,0.0,0.0,-163.60342620464124,4.404172016423427,0.0,0.0,0.0,-78.12500000000001,-921.9507106285538,-393.00242858925475,-4.4041720164234235,0.0,0.0,0.0,0.0,0.0,0.0,0.0,0.0,0.0,462.95556813642384,0.0,163.60342620464124,0.0,662.5675311985871,493.8169552324807,0.0,0.0,0.0,0.0,0.0,-107.46179720073162,0.0,4.4041720164234235,474.43447299716973,0.0,0.0,0.0,-381.955285600926,0.0,0.0,1000.0,-1000.0,0.0,-585.8415680953254,0.0,0.0,0.0,170.20968422927638,-183.4222002785467,107.46179720073162,0.0,593.2027330885232,593.2027330885232,-593.2027330885234,0.0,0.0,0.0,0.0,0.0,2.8362867785757446,0.0,0.0,0.0,-116.32676630236107,0.0,0.0,26.425032098540566,183.22042782220282,0.0,0.0,0.0,4.421411535273705,0.0,0.0,0.09689178436133994,0.0,0.0,0.0,53.73089860036581,0.0,0.0,0.0,0.0,368.2920643183133,0.0,0.0,0.0,0.0,0.0,0.0,0.0,0.0,0.0,0.0,512.9724344103342,0.008808344032846855,0.0,0.0,0.0,0.0,0.0,0.0,0.0,0.0,0.0,0.0,0.0,0.0,0.0,0.0,0.0,163.60342620464124,0.0,0.0,0.0,0.0,0.0,0.0,0.0,0.0,0.0,0.0,0.0,366.44085564440564,1000.0,403.4853247082184,-150.3603247082182,0.0,0.0,0.0,52.85006419708113,0.0,0.0,0.0,0.0,0.0,0.0,-52.85006419708113,0.0,366.44085564440564,0.0,0.0,0.0,0.0,0.0,0.0,0.0,0.0,0.0,0.0,-1000.0,460.12161279492375,734.9457765115062,0.0,-26.425032098540566,0.0,570.4152215791336,0.0,0.0,0.0,0.0,0.0,0.0,0.0,0.0,0.0,0.0,0.0,0.0,0.0,0.0,0.0,0.0,0.0,-11.010430041058566,0.0,-986.4735634250449,851.4245621404168,0.0,0.0,0.0,0.0,0.0,0.0,-1.101043004105857,15.514429956520338,0.0,0.0,0.0,0.0,0.0,0.0,0.0,1000.0,26.425032098540566,26.425032098540566,0.0,0.0,0.0,0.0,0.0,0.09689178436133994,163.60342620464124,0.0,0.0,-570.4152215791336,512.9636260663013,0.0,0.0,0.0,0.0,0.0,0.0,0.0,0.0,0.0,0.0,0.0,0.0,0.0,0.0,0.0,0.0,0.0,0.0,92.48761234489199,190.00285272749494,0.0,0.0,0.0,0.0,0.0,163.60342620464124,0.0,393.00242858925475,0.0,0.0,0.0,-11.010430041058566,0.0,0.0,0.0,0.0,0.0,0.0,0.0,0.0,0.0,0.0,0.0,0.0,0.0,0.0,0.0,0.0,0.0,0.0,-0.08808344032846854,0.0,0.0,4.404172016423427,-16.455408090472776,0.0,0.0,0.0,0.0,0.0,0.0,0.0,0.0,-667.0246356742241,2.2020860082117135,0.0,0.0,0.0,0.08808344032846854,0.0,88.08344032846854,-27.30586650182525,17.61668806569371,0.6291674309176324,245.75279851642725,-0.06606258024635141,677.9781289450781,1.7616688065693709,-0.44041720164238995,-245.75279851642725,26.425032098540566,-0.08808344032846854,0.0,84.23162183332609,0.022020860082117136,0.6291674309176324,0.0,-197.2433115224941,-1.7616688065694461,-300.0,-0.08808344032846854,0.022020860082117136,-245.75279851642725,8.808344032846854,0.08808344032846854,0.08808344032846854,-163.41845097995144,-183.12353603784152,-151.3705430132489,-0.06606258024635141,26.425032098540566,0.08808344032846854,26.425032098540566,-44.04172016423428,-0.04404172016423427,-104.16858207681217,-170.0,-0.06606258024635141,-0.08808344032846854,-27.30586650182525,0.08808344032846854,8.808344032846854,-1.7616688065693709,161.10357252682468,161.10357252682468,-8.808344032846854,300.0,-161.10357252682468,17.616688065693708,0.13212516049270281,-1000.0,8.808344032846854,-194.597024319145,84.23162183332609,-17.616688065693708,0.04404172016423427,0.8808344032846855,93.12068423713339,181.22011427033493,-0.08808344032846854,-183.4222002785467,163.41845097995144,27.30586650182525,0.08808344032846854,197.2433115224941,-21.468506560836204,84.23162183332609,-0.08808344032846854,-0.022020860082117136,-84.23162183332609,-0.08808344032846854,-13.317187044507955,0.08808344032845211,-0.022020860082117136,-0.022020860082117136,-0.022020860082117136,35.233376131387416,44.04172016423428,0.8808344032846855,219.68991505078907,-0.022020860082117136,186.24136847426678,4.404172016423427,11.062765538677404,0.08808344032846854,0.04404172016423427,0.04404172016423427,50.9241549495099,27.30586650182525,0.08808344032846854,-27.30586650182525,0.8808344032846855,0.08808344032846854,-528.5521074456608,0.08808344032846854,0.35233376131395744,0.44041720164238995,0.04404172016423427,0.022020860082117136,26.425032098540566,-0.08808344032846854,151.3705430132489,0.8808344032847231,-439.37983010157814,675.7760429368664,-8.808344032846854,17.616688065693708,4.404172016423427,-0.08808344032846854,0.0,0.13212516049270281,-0.08808344032846854,-101.8483098990198,27.30586650182525,277.08150150956004,0.04404172016423427,-22.125531077354808,-0.08808344032846854,-0.08808344032845211,-0.08808344032846854,0.04404172016423427,245.75279851642725,-17.616688065693708,0.08808344032846854,186.24136847426678,-0.022020860082117136,183.12353603784152,-186.24136847426678,13.212516049270281,170.0,367.9711462718533,245.75279851642725,-0.06606258024635141,183.4222002785467,-181.22011427033493,0.08808344032846854,-0.022020860082117136,4.4041720164234235,88.08344032846854,-0.04404172016423427,-0.08808344032846854,0.022020860082117136,740.9464672028021,0.0,699.9559582798357,308.8621923948717,-245.02722191815994,0.0,593.6382727717237,-140.0,0.0,247.56423603773408,-255.0,-325.0,-300.0,-123.78211801886704,122.51361095907997,127.5,0.0,70.0,-163.60342620464124,-281.50291304483375,300.0,325.0,-281.50291304483375,-593.6382727717237,303.1492176498565,0.0,1496.5981,hplb
337,0.0,0.0,0.0,0.0,0.0,0.0,0.0,0.0,-0.12692670102769038,0.0,0.0,0.0,0.0,0.0,0.0,0.0,380.4549285154305,-241.42471789232332,0.0,0.0,0.0,0.0,0.0,137.94013407232129,0.0,448.7463647670715,0.0,0.0,0.0,-609.5162736200157,0.0,0.0,11.71872189131656,0.0,0.0,0.0,0.0,999.4922931958904,0.0,-1000.0,961.9219896916929,0.0,0.0,635.3654361152448,0.0,0.0,0.0,0.0,0.0,-382.085780056941,0.0,0.0,0.0,0.13961937113043793,0.0,0.0,0.0,25.385340205538075,0.0,0.0,-11.178011470503758,0.0,11.178011470503758,0.0,0.0,0.0,0.0,0.0,0.0,193.22475804133765,0.0,1.2692670102769037,0.0,0.0,0.0,0.0,0.0,0.0,0.0,0.0,0.0,0.0,0.0,0.0,76.15602061661423,0.0,0.0,879.2876410538383,338.09658760634034,-158.80894655250205,-0.031731675256922595,0.0,0.0,0.0,38.078010308307114,0.0,38.078010308307114,0.0,957.4625203773714,0.0,0.0,151.49853874698718,-1000.0,0.0,0.0,0.0,0.0,0.0,0.0,0.0,0.0,0.0,0.0,0.0,0.0,0.0,0.0,0.0,0.0,0.0,0.0,0.0,0.0,0.0,-1000.0,0.0,0.0,38.078010308307114,0.0,39.34727731858401,13.378440567346331,0.0,-468.6825370431901,0.0,468.6825370431901,-468.6825370431901,935.3863582320952,0.0,0.0,-935.3863582320952,0.0,0.0,0.0,0.0,0.0,9.7733559791322,0.12692670102769038,0.0,0.0,0.0,0.0,0.0,0.0,0.0,0.0,0.0,580.3041577757748,0.0,0.0,0.0,0.0,0.0,473.87337014760675,473.87337014760675,0.0,0.0,0.0,984.375,-150.62681761646425,0.0,0.0,474.00029684863443,0.0,0.0,0.0,-104.85127276534752,0.0,0.0,0.0,0.0,0.0,0.0,0.0,0.0,0.0,0.0,-64.25886905849883,0.0,0.0,0.0,0.0,-397.3754179812499,0.0,0.0,0.0,0.0,0.0,382.085780056941,0.0,120.71235894616166,-120.71235894616166,0.0,0.0,0.0,0.0,0.0,0.0,0.0,390.4837263799844,1000.0,0.0,0.0,0.0,0.0,0.0,0.0,0.0,0.0,0.0,0.0,0.0,0.0,0.0,162.80676466480074,-49.22931958892385,229.0613451045852,0.0,0.0,0.0,0.0,150.62681761646425,0.0,0.0,0.0,0.0,-11.178011470503758,-406.3040910106597,0.0,0.0,520.0701973489164,0.0,0.0,0.0,0.0,0.0,4.087039773088236,0.0,0.0,0.0,221.4555919113869,438.83982057156504,1000.0,0.0,-229.0613451045852,0.0,0.0,0.0,0.0,0.0,0.0,0.0,-16.99106918009511,0.0,0.0,-463.90134172422154,0.0,0.0,-463.90134172422154,0.0,0.0,458.80894655250205,0.0,-1000.0,382.085780056941,0.0,230.25555938548453,0.0,0.0,0.0,0.0,0.0,0.0,0.0,1000.0,0.0,0.0,1000.0,984.375,0.0,0.0,-11.178011470503758,-0.19039005154153554,0.0,0.0,0.0,0.0,0.12692670102769038,0.0,0.0,0.0,204.5835502833903,380.4549285154305,0.0,-1000.0,583.717052682358,0.0,1000.0,0.0,685.4421493536402,0.0,0.0,0.0,0.0,0.0,-10.928388958484119,-674.513760395156,0.0,-989.8202933801022,-1000.0,0.0,0.0,0.0,0.0,0.0,0.0,0.0,0.0,0.0,0.0,0.0,0.0,0.0,0.0,0.0,0.0,520.0701973489164,0.0,0.0,-1000.0,0.0,0.0,0.0,0.0,214.44811840287812,159.3022881454195,-13.860395752220436,0.0,957.4625203773714,0.0,0.0,145.15220369560268,0.0,0.0,0.0,0.0,674.513760395156,0.0,161.07107132100532,0.0,-170.9068029337851,0.0,-78.92243689918585,0.0,-3.1731675256922593,-167.41740637238985,-587.8406040944792,0.0,0.0,0.0,501.20612875332324,38.078010308307114,0.0,0.0,0.0,0.0,0.0,0.0,0.0,-162.80676466480074,162.80676466480074,162.80676466480074,229.61465979446191,0.0,0.0,-526.2535565534209,0.0,0.0,390.4837263799844,0.0,0.0,-22.356022941007517,0.0,-661.9067285240665,0.0,0.0,0.0,0.0,0.0,-87.30732989723096,0.25385340205542045,0.0,0.0,0.0,0.0,0.0,0.0,0.0,0.0,0.0,193.22475804133765,0.0,0.0,0.0,0.0,0.0,0.0,0.0,0.0,0.0,0.13961937113043793,0.13961937113043793,0.0,417.42142445926265,0.0,76.15602061661423,0.0,0.0,0.0,-789.8591688466051,0.0,0.0,0.0,0.0,0.0,950.7446530110105,789.8591688466051,0.0,0.0,0.0,0.0,0.0,0.0,0.0,0.0,0.0,0.0,0.0,0.0,0.0,333.3333333333333,-204.5835502833903,0.0,0.0,9.7733559791322,0.0,0.0,0.0,-150.62681761646425,0.0,950.7446530110105,0.0,0.0,863.4373231137796,0.0,0.0,162.80676466480074,0.0,0.0,0.0,0.0,0.0,0.0,0.0,0.0,0.0,0.0,0.0,0.0,0.0,76.15602061661423,0.0,0.0,0.0,0.0,0.0,0.0,0.0,0.0,0.0,0.0,0.0,0.0,1.2692670102769037,0.0,0.0,0.0,0.0,0.0,0.0,0.0,0.0,38.078010308307114,0.0,0.0,0.0,0.0,0.0,0.0,0.0,0.0,0.0,0.0,160.66001355627787,0.0,0.0,38.078010308307114,38.078010308307114,-716.2511778339993,789.8591688466051,0.0,0.0,0.0,0.0,0.0,0.0,0.0,989.8202933801022,390.4837263799843,1000.0,0.12692670102769038,0.0,0.0,-254.75117161372594,368.8622504372669,0.0,0.0,0.0,0.0,0.0,0.0,0.0,0.0,0.0,0.0,0.0,0.0,0.0,0.0,0.0,0.0,0.0,0.12692670102769038,0.0,0.0,0.0,0.0,0.0,0.0,0.0,0.0,0.0,0.0,943.6021246251511,0.0,0.0,-1000.0,-9.519502577076764,0.0,-6.346335051384519,0.0,0.0,0.0,0.0,0.0,0.0,0.0,0.0,0.0,0.0,0.0,0.0,0.0,0.0,0.0,507.55246380470777,0.0,0.0,0.0,-0.12692670102769038,0.0,0.0,0.12692670102769038,0.0,0.12692670102769038,0.0,0.0,0.0,76.15602061661423,154.85057525378227,154.85057525378227,0.0,0.0,0.0,0.0,0.0,0.0,0.0,0.0,0.0,390.4837263799844,0.0,0.0,0.0,0.0,0.0,0.0,0.0,0.0,0.0,0.0,0.0,0.0,0.0,0.0,0.0,0.0,0.0,150.62681761646425,0.0,-448.7463647670715,448.7463647670715,0.19039005154153554,0.0,0.0,0.0,-38.078010308307114,0.0,0.0,0.0,0.0,0.0,-417.42142445926265,6.346335051384519,0.0,0.0,0.0,-984.375,150.62681761646425,0.0,-6.346335051384519,0.0,-661.9067285240665,0.0,0.0,0.0,0.0,0.0,0.0,0.0,0.0,-458.6493411033765,254.61465979446191,0.0,299.61465979446194,0.0,0.0,-13.860395752220436,957.4625203773714,-943.6021246251511,0.0,-154.85057525378227,0.0,6.346335051384519,1000.0,0.0,0.0,0.0,-22.356022941007517,-531.2500000000109,531.2500000000109,-234.37500000000023,234.37500000000023,0.0,0.0,0.0,0.0,0.0,491.19979609483823,-445.979932190493,154.85057525378227,0.0,0.0,0.0,0.0,0.0,0.0,0.0,0.0,0.0,4.087039773088236,0.0,0.0,0.0,-307.3358368648786,0.0,0.0,38.078010308307114,0.0,0.0,0.0,0.0,260.91666966216206,0.0,0.0,0.13961937113043793,0.0,0.0,0.0,77.42528762689113,0.0,0.0,0.0,0.0,-49.22931958892385,0.0,0.0,0.0,0.0,0.0,0.0,0.0,0.0,0.0,0.0,0.012692670102769038,0.012692670102769038,0.0,0.0,0.0,0.0,0.0,0.0,0.0,0.0,0.0,-254.75117161372594,0.0,0.0,0.0,0.0,0.0,417.42142445926265,0.0,0.0,0.0,0.0,0.0,0.0,0.0,382.085780056941,0.0,0.0,0.0,0.0,-239.09014296913912,0.0,-241.42471789232332,0.0,0.0,0.0,76.15602061661423,0.0,0.0,0.0,0.0,0.0,0.0,-76.15602061661423,0.0,0.0,0.0,0.0,0.0,0.0,0.0,0.0,0.0,0.0,0.0,0.0,-1000.0,-1000.0,86.94479020396791,-361.90811650856267,323.83010620025556,0.0,999.4922931958904,0.0,0.0,0.0,0.0,0.0,0.0,0.0,0.0,0.0,0.0,0.0,0.0,0.0,0.0,0.0,0.0,0.0,-15.865837628461282,0.0,-154.67170627267944,436.4604296134162,0.0,0.0,0.0,0.0,0.0,-1.5865837628461297,0.0,22.356022941007517,0.0,0.0,0.0,0.0,0.0,0.0,0.0,1000.0,38.078010308307114,38.078010308307114,0.0,0.0,0.0,0.0,0.0,0.13961937113043793,417.42142445926265,0.0,0.0,-999.4922931958904,0.0,0.0,0.0,0.0,0.0,0.0,0.0,0.0,0.0,0.0,0.0,0.0,0.0,0.0,0.0,0.0,0.0,13.378440567346331,0.0,133.2730360790749,0.0,0.0,9.7733559791322,0.0,0.0,0.0,417.42142445926265,0.0,0.0,0.0,0.0,0.0,-15.865837628461282,0.0,0.0,0.0,0.0,0.0,0.0,0.0,0.0,0.0,0.0,0.0,0.0,0.0,0.0,0.0,0.0,0.0,0.0,-0.12692670102769038,0.0,0.0,6.346335051384519,-950.7446530110105,0.0,0.0,0.0,0.0,0.0,0.0,0.0,0.0,10.928388958484119,3.1731675256922593,0.0,0.0,448.7463647670715,0.12692670102769038,0.0,126.92670102769037,-25.96883675123769,25.385340205538075,0.9066192930549313,380.8823770019488,-0.09519502577076777,78.92243689918585,2.538534020553808,-0.6346335051373444,-380.8823770019488,38.078010308307114,-0.12692670102769038,0.0,0.0,0.031731675256922595,0.9066192930549313,0.0,-20.206730803604955,-2.538534020553808,-139.03021062310717,-0.12692670102769038,0.031731675256922595,-380.8823770019488,12.692670102769037,0.12692670102769038,0.12692670102769038,-417.15487838710453,0.1396193711304594,-99.02605178854753,-0.09519502577076777,38.078010308307114,0.12692670102769038,38.07801030830711,-63.463350513845185,-0.06346335051384519,-481.27810598722726,-163.44641442026096,-0.09519502577076777,-0.12692670102769038,-25.96883675123769,0.12692670102769038,12.692670102769037,-2.538534020553808,150.62681761646425,150.62681761646425,-12.692670102769037,139.03021062310717,-150.62681761646425,25.385340205538075,0.19039005154153554,-339.51969350191115,12.692670102769037,-333.3333333333333,0.0,-25.385340205538075,0.06346335051384519,1.2692670102769037,250.0,280.0,-0.12692670102769038,-445.979932190493,417.15487838710453,39.34727731858401,0.12692670102769038,20.206730803604955,-152.31204123322846,0.0,-0.12692670102769038,-0.031731675256922595,0.0,-0.12692670102769038,-87.30732989723096,0.12692670102769038,-0.031731675256922595,-0.031731675256922595,-0.031731675256922595,50.77068041107615,63.463350513845185,1.2692670102769037,94.03681962388745,-0.031731675256922595,500.0,6.346335051384519,50.0,0.12692670102769038,0.06346335051384519,0.06346335051384519,12.692670102769037,25.96883675123769,0.12692670102769038,-25.96883675123769,1.2692670102769037,0.12692670102769038,-94.03681962388745,0.12692670102769038,0.5077068041096027,0.6346335051373444,0.06346335051384519,0.031731675256922595,38.078010308307114,-0.12692670102769038,99.02605178854753,1.269267010276904,-188.0736392477749,75.74926937349359,-12.692670102769037,25.385340205538075,6.346335051384519,-0.12692670102769038,0.0,0.19039005154153554,-0.12692670102769038,-25.38534020553807,25.96883675123769,51.94363975364064,0.06346335051384519,-100.0,-0.12692670102769038,-0.12692670102769038,-0.12692670102769038,0.06346335051384519,380.8823770019488,-25.385340205538075,0.12692670102769038,500.0,-0.031731675256922595,-0.1396193711304594,-500.0,19.039005154153553,163.44641442026096,-34.41293192106327,380.8823770019488,-0.09519502577076777,445.979932190493,-280.0,0.12692670102769038,-0.031731675256922595,6.346335051384519,126.92670102769037,-0.06346335051384519,-0.12692670102769038,0.031731675256922595,0.0,0.0,39.45623015139731,0.0,9.893993654448849,0.0,391.74701738600936,-14.523801984028495,0.0,-80.0,-255.0,-325.0,-300.0,40.0,-4.9469968272244245,127.5,0.0,7.261900992014248,-417.42142445926265,-312.8603094158027,300.0,325.0,-312.8603094158027,-391.74701738600936,265.6831942582344,0.0,1496.5981,hplb
338,0.0,0.0,0.0,0.0,0.0,0.0,0.0,0.0,-0.10539014547083744,0.0,0.0,0.0,0.0,0.0,0.0,0.0,-43.21056701044347,1000.0,0.0,-656.7894329895565,0.0,0.0,0.0,0.0,0.0,0.0,0.0,0.0,0.0,215.9315134892169,0.0,0.0,122.87362899217162,0.0,0.0,0.0,0.0,596.4164772719886,0.0,-929.0900871284449,838.6227792445488,0.0,0.0,-1000.0,0.0,0.0,0.0,0.0,-459.93799773417834,-702.3781565734101,0.0,-602.4486599021458,0.0,0.11592916001807119,0.0,0.0,0.0,0.0,0.0,0.0,105.94031344028119,0.0,-64.07344777224992,-303.7981510862069,0.0,0.0,0.0,0.0,845.6320268040877,-845.6320268040877,0.0,1.0539014547083745,0.0,0.0,0.0,0.0,0.0,0.0,0.0,0.0,0.0,0.0,0.0,0.0,63.234087282502465,0.0,0.0,967.7028136729825,1000.0,-748.9183740752073,0.0,0.0,0.0,0.0,31.617043641251232,0.0,31.617043641251232,-3.393562684160713,641.1843693316247,0.0,0.0,794.3228385525125,215.9315134892169,0.0,0.0,-14.797248792922721,0.0,634.8880824074668,0.0,0.0,0.0,0.0,0.0,0.0,0.0,0.0,0.0,0.0,0.0,0.0,0.0,0.0,0.0,0.0,-1000.0,0.0,0.0,31.617043641251232,0.0,32.6709450959596,1.913323414937313,0.0,-42.33772028752249,0.0,42.33772028752249,-42.33772028752249,0.0,0.0,0.0,-345.66501675423814,0.0,0.0,0.0,0.0,0.0,8.115041201254478,0.10539014547083743,0.026347536367709357,0.0,0.0,0.0,-614.6482625975582,0.0,0.0,0.0,0.0,283.9924427179526,0.0,0.0,0.0,0.0,0.0,-71.96364848831928,-71.96364848831928,0.0,0.0,0.0,0.0,0.0,0.0,0.0,-71.85825834284844,0.0,0.0,0.0,0.0,0.0,0.0,0.0,0.0,0.0,0.0,0.0,0.0,0.0,0.0,-85.51754498440812,0.0,0.0,0.0,0.0,-1000.0,0.0,0.0,0.0,0.0,0.0,702.3781565734101,602.4486599021458,-110.21347584094997,110.21347584094997,304.3493560049624,0.0,0.0,0.0,0.0,0.0,0.0,0.0,-94.60353468046398,0.0,0.0,0.0,0.0,0.0,0.0,0.0,0.0,0.0,0.0,0.0,0.0,0.0,0.0,556.8043207858932,-315.2316086467408,0.0,0.0,0.0,41.31566074927575,-164.33991797258122,0.0,0.0,0.0,0.0,105.94031344028119,684.7683913532592,0.0,0.0,413.4359862168315,0.0,0.0,0.0,0.0,0.0,0.0,21.078029094167487,0.0,0.0,-792.287026303857,317.92644953709294,1000.0,0.0,315.2316086467408,0.0,0.0,345.66501675423814,0.0,0.0,0.0,0.0,225.34583587425664,0.0,0.0,-534.092650202794,0.0,0.0,-534.092650202794,0.0,0.0,889.78652415905,0.0,-877.2163846714564,702.3781565734101,0.0,157.8557146611299,0.0,0.0,0.0,559.5552777573204,0.0,-559.5552777573204,0.0,199.8154208143779,0.0,41.31566074927575,30.608654558994452,0.0,0.0,0.0,105.94031344028119,-0.15808521820625615,0.0,0.0,0.0,0.0,0.10539014547083743,0.0,0.0,0.0,828.3735183263676,-43.21056701044347,0.0,-407.8436066994116,812.9071409500597,0.0,709.7215896150857,0.0,414.12887425101985,0.0,-14.797248792922721,0.0,0.0,0.0,585.8711257489801,-1000.0,0.0,-69.4051964963233,-301.32627898149394,0.0,0.0,0.0,0.0,0.0,0.0,0.0,0.0,0.0,0.0,0.0,0.0,0.0,0.0,0.0,0.0,413.4359862168315,0.0,0.0,-596.8380378538714,0.0,0.0,0.0,599.7836632376096,0.0,0.0,-8.115041201254478,0.0,641.1843693316247,0.0,0.0,789.0533312789706,0.0,0.0,-1000.0,592.7640455600806,154.36797319591233,980.2019452974727,-5.269507273541872,-869.3818352498049,132.52878709930297,0.0,300.311995468168,1000.0,-595.3987991968515,0.0,-1000.0,0.0,-759.8336280645207,1000.0,0.0,31.617043641251232,531.2500000000005,-531.2500000000005,0.0,0.0,0.0,0.0,850.6607132528788,850.6607132528787,-850.6607132528787,-850.6607132528787,-164.47967331369264,0.0,0.0,-271.884459448168,0.0,0.0,0.0,0.0,0.0,-133.78438987367576,0.0,-822.2682859934348,160.51823327071438,0.0,0.0,0.0,0.0,-89.46098545291626,0.21078029094165163,0.0,0.0,0.0,0.0,0.0,0.0,0.0,0.0,0.0,0.0,0.0,0.0,0.0,0.0,0.0,0.0,0.0,0.0,0.0,0.11592916001807119,0.11592916001807119,0.0,258.9219709058325,0.0,63.234087282502465,0.0,0.0,0.0,-280.2430038023111,0.0,0.0,0.0,0.0,0.0,401.7333264215897,280.2430038023111,0.0,0.0,0.0,0.0,0.0,160.51823327071438,0.0,0.0,0.0,0.0,0.0,0.0,0.0,333.3333333333333,-828.3735183263676,614.6482625975582,0.0,8.115041201254478,0.0,0.0,0.0,-140.00943803238115,0.0,401.7333264215897,0.0,312.27234096867346,0.0,0.0,0.0,0.0,0.0,0.0,0.0,0.0,0.0,0.0,0.0,0.0,0.0,0.0,0.0,0.0,0.0,63.234087282502465,345.66501675423814,345.66501675423814,0.0,0.0,0.0,0.0,0.0,0.0,0.0,0.0,0.0,0.0,1.0539014547083745,0.0,0.0,0.0,0.0,0.0,602.4486599021458,0.0,0.0,31.617043641251232,0.0,0.0,0.0,0.0,0.0,0.0,0.0,0.0,0.0,0.0,0.0,-47.118220062317306,0.0,31.617043641251232,31.617043641251232,1000.0,280.2430038023111,0.0,160.51823327071438,0.0,0.0,0.0,0.0,0.0,-779.6759764990329,0.0,-301.32627898149394,0.10539014547083743,0.0,0.0,0.0,131.52944916955883,0.0,0.0,0.0,0.0,0.0,0.0,0.0,0.0,0.0,0.0,0.0,0.0,0.0,0.0,0.0,0.0,0.0,0.10539014547083743,0.0,0.0,0.0,0.0,0.0,0.0,0.0,0.0,0.0,-8.115041201254478,641.1843693316247,0.0,0.0,-596.8380378538714,-7.904260910312865,0.0,-5.269507273541872,0.0,0.0,0.0,0.0,0.0,0.0,0.0,0.0,0.0,0.0,0.0,345.66501675423814,0.0,0.0,0.0,-754.5641207909788,0.0,0.0,0.0,-0.10539014547083743,0.0,0.0,0.10539014547083743,0.0,0.10539014547083743,0.0,0.0,0.0,63.234087282502465,128.57597747442168,128.57597747442168,0.0,0.0,0.0,0.0,0.0,0.0,0.0,614.6482625975582,0.0,0.0,0.0,0.0,594.9452172740193,0.0,0.0,0.0,0.0,0.0,0.0,0.0,0.0,0.0,0.0,0.0,0.0,0.0,0.0,140.00943803238115,0.0,-593.9675114379122,593.9675114379122,0.15808521820625615,0.0,0.0,0.0,-31.617043641251232,0.0,0.0,0.0,0.0,0.0,-258.9219709058325,5.269507273541872,0.0,0.0,0.0,0.0,0.0,0.0,-5.269507273541872,0.0,-822.2682859934348,0.0,0.0,0.0,0.0,0.0,345.66501675423814,0.0,0.0,276.7178716427316,258.9219709058325,0.0,918.5702335033907,-14.797248792922721,0.0,0.0,641.1843693316247,-641.1843693316247,0.0,-128.57597747442168,0.0,5.269507273541872,1000.0,0.0,0.0,0.0,-133.78438987367576,0.0,0.0,0.0,0.0,0.0,0.0,0.0,0.0,0.0,69.7090231637822,0.0,128.57597747442168,0.0,0.0,0.0,0.0,0.0,0.0,0.0,0.0,0.0,0.0,0.0,0.0,282.63475363677105,-131.52944916955883,0.0,0.0,31.617043641251232,0.0,0.0,0.0,0.0,-81.43432996581987,0.0,0.0,0.11592916001807119,0.0,0.0,0.0,64.28798873721084,0.0,0.0,0.0,0.0,556.8043207858932,0.0,0.0,0.0,0.0,0.0,0.0,0.0,0.0,0.0,0.0,0.010539014547084044,0.010539014547084044,0.0,0.0,0.0,0.0,0.0,0.0,0.0,0.0,0.0,0.0,0.0,0.0,0.0,0.0,0.0,258.9219709058325,0.0,0.0,0.0,0.0,0.0,0.0,0.0,702.3781565734101,0.0,0.0,0.0,0.0,-868.9521504208653,-608.9641390930672,1000.0,0.0,0.0,0.0,63.234087282502514,0.0,0.0,0.0,0.0,0.0,-599.6981394294221,536.4640521469196,0.0,0.0,0.0,0.0,0.0,0.0,0.0,0.0,0.0,0.0,0.0,0.0,1000.0,-633.1496595061393,667.137466921543,0.0,-31.617043641251232,0.0,596.4164772719886,0.0,0.0,0.0,0.0,0.0,0.0,0.0,0.0,0.0,898.4374999999997,0.0,-898.4374999999998,-898.4374999999997,0.0,0.0,0.0,0.0,-13.173768183854737,345.66501675423814,-796.9575921892834,587.0409563637064,0.0,0.0,0.0,0.0,0.0,0.0,-1.3173768183854682,133.78438987367576,0.0,0.0,0.0,0.0,0.0,0.0,0.0,1000.0,31.617043641251232,31.617043641251232,0.0,0.0,0.0,0.0,0.0,0.11592916001807119,258.9219709058325,0.0,0.0,-596.4164772719886,0.0,0.0,0.0,0.0,0.0,0.0,0.0,0.0,0.0,0.0,0.0,0.0,0.0,0.0,296.9837557189561,0.0,0.0,1.913323414937313,0.0,110.65965274437931,0.0,0.0,8.115041201254478,0.0,0.0,0.0,258.9219709058325,0.0,-3.393562684160713,0.0,0.0,0.0,-13.173768183854737,0.0,0.0,0.0,0.0,0.0,0.0,0.0,0.0,0.0,0.0,0.0,0.0,0.0,0.0,0.0,0.0,0.0,0.0,-0.10539014547083743,0.0,0.0,5.269507273541872,-401.7333264215897,0.0,0.0,0.0,0.0,345.66501675423814,0.0,0.0,0.0,-585.8711257489801,2.634753636770936,0.0,0.0,0.0,0.10539014547083743,0.0,105.39014547083742,-30.75762168102229,21.078029094167487,0.7527867533631245,297.86515269351105,-0.07904260910312808,699.688004531832,2.107802909416749,-0.5269507273536647,-297.86515269351105,31.617043641251232,-0.10539014547083744,4.932416264307574,160.51823327071438,0.02634753636770936,0.7527867533631245,-14.797248792922723,-16.778111158957064,-2.107802909416749,-300.0,-0.10539014547083744,0.02634753636770936,-297.86515269351105,10.539014547083744,0.10539014547083744,0.10539014547083743,-258.7006516003436,0.11592916001792149,-182.74011685924245,-0.07904260910312808,31.617043641251232,0.10539014547083744,31.617043641251232,-52.69507273541872,-0.052695072735418715,-71.65782827286473,153.6955132800266,-0.07904260910312808,-0.10539014547083744,-30.75762168102229,0.10539014547083743,10.539014547083752,-2.107802909416749,140.00943803238115,140.00943803238115,-10.539014547083744,300.0,-140.00943803238115,21.078029094167487,0.15808521820625615,-1000.0,10.539014547083744,-333.3333333333333,160.51823327071438,-21.078029094167487,0.052695072735418715,1.0539014547083745,101.9609016748529,280.0,-0.10539014547083743,-282.63475363677105,258.7006516003436,32.6709450959596,0.10539014547083744,16.778111158957064,34.05005870570926,160.51823327071438,-0.10539014547083743,-0.026347536367709357,-160.51823327071438,-0.10539014547083744,-89.46098545291626,0.10539014547083744,-0.026347536367709357,-0.026347536367709357,-0.026347536367709357,42.156058188334974,52.69507273541872,1.0539014547083745,78.08092402570375,-0.026347536367709357,198.98938708539825,5.269507273541872,50.0,0.10539014547083743,0.052695072735418715,0.05269507273541872,70.14030080780304,30.75762168102229,0.10539014547083743,-30.75762168102229,1.0539014547083745,0.10539014547083744,-78.08092402570375,0.10539014547083744,0.42156058188277257,0.5269507273536647,0.052695072735418715,0.026347536367709357,31.617043641251232,-0.10539014547083744,182.74011685924245,1.0539014547083745,-156.1618480514075,697.0532508950611,-10.539014547083752,21.078029094167487,5.269507273541872,-0.10539014547083744,14.797248792922723,0.15808521820625615,-0.10539014547083744,-140.2806016156061,30.75762168102229,532.6841491947771,0.05269507273541872,-100.0,-0.10539014547083744,-0.10539014547083744,-0.10539014547083744,0.05269507273541872,297.86515269351105,-21.078029094167487,0.10539014547083743,203.9218033497058,-0.026347536367709357,-0.11592916001792149,-203.9218033497058,15.808521820625613,-153.69551328002663,498.54922094432123,297.86515269351105,-0.07904260910312808,282.63475363677105,-280.0,0.10539014547083744,-0.026347536367709354,5.269507273541872,105.39014547083742,-0.052695072735418715,-0.10539014547083744,0.02634753636770936,0.0,0.0,859.0791548434219,0.0,-255.0,0.0,401.0396210257718,-140.0,0.0,-80.0,158.1988930124479,-325.0,-140.8681500838427,40.0,127.5,-79.09944650622394,0.0,70.0,-258.9219709058325,-451.2498192289572,140.8681500838427,325.0,-451.2498192289572,-401.0396210257718,178.2252738864894,0.0,1496.5981,hplb
339,0.0,0.0,0.0,0.0,0.0,0.0,0.0,0.0,436.38327881365115,0.0,0.0,0.0,0.0,0.0,0.0,0.0,0.0,-260.49272013621294,0.0,560.4927201362129,0.0,0.0,0.0,0.0,0.0,0.0,0.0,0.0,0.0,-274.8275950607441,0.0,0.0,28.62077040496419,0.0,0.0,0.0,0.0,999.550768706183,0.0,-1000.0,1000.0,0.0,0.0,0.0,0.0,0.0,0.0,0.0,274.8275950607441,-644.052701257153,0.0,0.0,0.0,0.12353860579953486,0.0,0.0,0.0,22.4615646908406,0.0,0.0,-9.890575652200148,0.0,9.890575652200148,0.0,0.0,0.0,0.0,0.0,0.0,0.0,0.0,1.12307823454203,0.0,0.0,0.0,0.0,0.0,0.0,0.0,0.0,0.0,0.0,560.7182487216368,0.0,67.3846940725218,0.0,0.0,-600.8370064472033,-103.60309748971795,957.8302719160139,-0.02807695586355075,0.0,0.0,-581.8274361732447,33.6923470362609,0.0,33.6923470362609,0.0,0.0,0.0,560.7182487216368,5.61539117271015,-274.8275950607441,0.0,0.0,-41.97070820319754,0.0,0.0,0.0,0.0,0.0,0.0,0.0,0.0,0.0,0.0,0.0,0.0,0.0,0.0,0.0,0.0,0.0,0.0,-1000.0,0.0,0.0,33.6923470362609,0.0,34.815425270802926,0.0,0.0,596.4528580686415,-596.4528580686415,0.0,0.0,0.0,0.0,0.0,0.0,0.0,0.0,0.0,0.0,0.0,-552.0705463156631,0.112307823454203,0.0,0.0,0.0,-1000.0,616.9200260446485,0.0,0.0,83.62814748157955,0.0,236.41999711466852,0.0,0.0,0.0,0.0,0.0,389.72085351271835,389.72085351271835,0.0,0.0,0.0,953.125,234.60704290111357,0.0,0.0,389.83316133617257,0.0,0.0,0.0,37.270187349217565,0.0,0.0,0.0,0.0,0.0,0.0,0.0,0.0,0.0,0.0,-542.1295109470719,0.0,0.0,0.0,0.0,-1000.0,0.0,0.0,0.0,0.0,0.0,644.052701257153,0.0,-554.227174426296,554.227174426296,0.0,0.0,0.0,0.0,0.0,0.0,0.0,0.0,0.0,0.0,0.0,0.0,0.0,0.0,0.0,0.0,0.0,0.0,0.0,0.0,0.0,0.0,39.490466207597876,361.4516749901815,0.0,0.0,0.0,0.0,0.0,158.6569098311255,0.0,0.0,0.0,0.0,-9.890575652200148,0.0,0.0,0.0,0.0,0.0,0.0,0.0,0.0,0.0,3.616311915225287,0.0,0.0,0.0,549.3759230634221,1000.0,-880.2365858127552,0.0,0.0,0.0,0.0,0.0,-92.40075791648852,0.0,0.0,0.0,310.70759382145013,0.0,0.0,211.24008928625642,0.0,0.0,211.24008928625648,0.0,0.0,-657.8302719160139,0.0,71.78223696016335,644.052701257153,0.0,154.6819176061009,0.0,0.0,0.0,0.0,0.0,0.0,0.0,1000.0,0.0,0.0,933.1206807022862,953.125,0.0,0.0,-9.890575652200148,-0.1684617351813045,0.0,0.0,0.0,0.0,0.112307823454203,0.0,0.0,0.0,804.0344312173883,0.0,0.0,-517.2262987805334,286.83014664977526,0.0,906.1539117271016,0.0,0.0,0.0,-41.97070820319754,0.0,0.0,0.0,550.8962991784133,-707.7145427664601,156.81824358804684,72.61960661208819,-769.7995161694558,0.0,0.0,0.0,0.0,0.0,0.0,0.0,0.0,0.0,0.0,0.0,0.0,0.0,0.0,0.0,0.0,0.0,0.0,0.0,-1000.0,0.0,0.0,0.0,0.0,0.0,0.0,548.4542344004378,0.0,0.0,0.0,0.0,0.0,707.7145427664601,0.0,-383.9054305966307,0.0,0.0,123.34216442308224,-5.61539117271015,-524.1228134754401,-344.4839171715112,0.0,378.2900394239206,48.13794756352809,-2.807695586355075,0.0,-448.83269835805334,0.0,0.0,0.0,-73.00008524523194,33.6923470362609,0.0,0.0,0.0,730.7235336127977,0.0,436.49558663710536,0.0,-39.490466207597876,39.490466207597876,39.490466207597876,-456.2143901004408,0.0,0.0,-610.3914543107359,0.0,0.0,0.0,0.0,0.0,-19.781151304400296,0.0,0.0,127.5384353091594,0.0,0.0,0.0,0.0,-55.32064600143089,0.224615646908481,0.0,0.0,0.0,0.0,0.0,0.0,0.0,0.0,0.0,0.0,0.0,0.0,0.0,0.0,0.0,0.0,0.0,0.0,0.0,0.12353860579953486,0.12353860579953486,0.0,297.0289015167573,0.0,67.3846940725218,0.0,0.0,0.0,-239.66282477937102,0.0,0.0,0.0,0.0,0.0,-26.987036625983762,239.66282477937102,0.0,0.0,0.0,0.0,0.0,127.5384353091594,0.0,0.0,0.0,0.0,0.0,0.0,0.0,333.3333333333333,-804.0344312173883,383.0799739553515,0.0,8.64770240597363,0.0,0.0,-581.8274361732447,-740.4843460043702,0.0,-26.987036625983762,0.0,-82.30768262741465,0.0,0.0,0.0,39.490466207597876,0.0,0.0,0.0,0.0,0.0,0.0,0.0,0.0,0.0,0.0,0.0,0.0,0.0,67.3846940725218,0.0,0.0,0.0,0.0,0.0,0.0,0.0,0.0,0.0,0.0,0.0,0.0,1.12307823454203,0.0,0.0,0.0,0.0,0.0,0.0,0.0,0.0,33.6923470362609,0.0,0.0,0.0,0.0,0.0,0.0,0.0,0.0,0.0,0.0,-72.29765751818618,0.0,0.0,33.6923470362609,33.6923470362609,671.5799313327356,239.66282477937102,0.0,127.5384353091594,0.0,0.0,0.0,0.0,0.0,-797.7920115513441,0.0,-463.0430563224637,0.112307823454203,0.0,0.0,0.0,148.31852484605423,0.0,0.0,581.8274361732447,0.0,0.0,0.0,0.0,0.0,0.0,0.0,0.0,0.0,0.0,0.0,0.0,0.0,0.0,0.112307823454203,0.0,0.0,0.0,0.0,0.0,0.0,0.0,0.0,0.0,0.0,1000.0,-83.62814748157955,-451.5457655995622,-1000.0,-8.423086759065226,0.0,-5.61539117271015,0.0,0.0,0.0,0.0,0.0,0.0,0.0,0.0,0.0,0.0,0.0,0.0,0.0,0.0,0.0,-67.3846940725218,0.0,0.0,0.0,436.38327881365115,0.0,0.0,0.112307823454203,0.0,0.112307823454203,0.0,0.0,0.0,67.3846940725218,137.01554461412766,137.01554461412766,0.0,0.0,0.0,0.0,0.0,0.0,0.0,383.0799739553515,0.0,0.0,0.0,0.0,0.0,560.5660027778201,0.0,0.0,0.0,0.0,0.0,0.0,0.0,0.0,0.0,0.0,0.0,0.0,0.0,158.6569098311255,0.0,-596.6054700485937,596.6054700485937,0.1684617351813045,0.0,0.0,0.0,-33.6923470362609,0.0,0.0,0.0,0.0,0.0,-297.0289015167573,5.61539117271015,0.0,0.0,0.0,-953.125,-234.60704290111357,-548.4542344004378,-5.61539117271015,0.0,0.0,0.0,0.0,0.0,0.0,0.0,0.0,0.0,0.0,0.0,257.5384353091594,0.0,685.6184092645109,-41.97070820319754,0.0,0.0,451.5457655995622,-451.5457655995622,83.62814748157955,-229.41630253061618,0.0,5.61539117271015,1000.0,0.0,0.0,0.0,-19.781151304400296,0.0,0.0,828.1249999999991,-828.1249999999991,0.0,0.0,0.0,0.0,0.0,847.5814992228944,-322.29816179395294,137.01554461412766,0.0,0.0,0.0,0.0,0.0,0.0,0.0,0.0,0.0,3.616311915225287,0.0,0.0,0.0,-148.31852484605423,472.06918801692484,0.0,33.6923470362609,0.0,0.0,0.0,0.0,16.29310366364802,0.0,0.0,0.12353860579953486,0.0,0.0,0.0,68.50777230706383,0.0,0.0,0.0,0.0,361.4516749901815,0.0,0.0,0.0,0.0,0.0,0.0,0.0,0.0,-493.0367260284893,0.0,0.01123078234542062,0.01123078234542062,0.0,0.0,0.0,0.0,0.0,0.0,0.0,0.0,0.0,0.0,0.0,0.0,0.0,0.0,0.0,297.0289015167573,0.0,0.0,0.0,0.0,0.0,0.0,0.0,644.052701257153,0.0,0.0,0.0,0.0,907.1025521571204,0.0,-260.49272013621294,0.0,0.0,0.0,67.3846940725218,0.0,0.0,0.0,0.0,0.0,0.0,-67.3846940725218,0.0,0.0,0.0,0.0,0.0,0.0,0.0,0.0,0.0,0.0,0.0,0.0,693.2435401530079,-1000.0,637.4968618439492,0.0,-33.6923470362609,0.0,999.550768706183,0.0,0.0,0.0,0.0,0.0,0.0,0.0,0.0,0.0,0.0,0.0,0.0,0.0,0.0,0.0,0.0,0.0,-14.038477931775375,0.0,-8.423086759065226,874.4410778127078,0.0,0.0,0.0,0.0,0.0,-1.4038477931775375,0.0,103.40929878597984,0.0,0.0,0.0,0.0,0.0,0.0,0.0,1000.0,33.6923470362609,33.6923470362609,0.0,0.0,0.0,0.0,0.0,0.12353860579953486,297.0289015167573,0.0,0.0,-999.550768706183,0.0,0.0,0.0,0.0,0.0,0.0,0.0,0.0,0.0,0.0,0.0,0.0,0.0,0.0,298.30273502429685,0.0,0.0,0.0,0.0,117.92321462691315,0.0,0.0,8.64770240597363,0.0,0.0,0.0,297.0289015167573,0.0,548.4542344004378,0.0,0.0,0.0,-14.038477931775375,0.0,0.0,0.0,0.0,0.0,0.0,0.0,0.0,0.0,0.0,0.0,0.0,0.0,0.0,0.0,0.0,0.0,0.0,-0.112307823454203,0.0,0.0,5.61539117271015,26.987036625983762,0.0,0.0,0.0,0.0,0.0,0.0,0.0,0.0,-550.8962991784133,2.807695586355075,0.0,0.0,0.0,0.112307823454203,0.0,112.30782345420299,-34.815425270802926,22.4615646908406,0.8021987389585928,313.3388274372263,-0.08423086759065225,5.61539117271016,2.24615646908406,-0.5615391172711819,-313.3388274372263,33.6923470362609,-0.112307823454203,13.990236067732512,127.5384353091594,0.02807695586355075,0.8021987389585928,-41.97070820319754,-17.879405493909076,-2.24615646908406,-300.0,-0.112307823454203,0.02807695586355075,-313.3388274372263,11.2307823454203,0.112307823454203,0.112307823454203,-296.79305508750355,0.12353860579962361,0.0,-0.08423086759065225,33.6923470362609,0.112307823454203,33.6923470362609,-56.1539117271015,-0.0561539117271015,-152.47858070827346,-170.0,-0.08423086759065225,-0.112307823454203,-34.815425270802926,0.112307823454203,11.2307823454203,-2.24615646908406,158.6569098311255,158.6569098311255,-11.2307823454203,300.0,-158.6569098311255,22.4615646908406,0.1684617351813045,-571.3673087116667,11.2307823454203,-333.3333333333333,127.5384353091594,-22.4615646908406,0.0561539117271015,1.12307823454203,129.30657469513335,280.0,-0.112307823454203,-322.29816179395294,296.79305508750355,34.815425270802926,0.112307823454203,17.879405493909076,-7.2309528358842154,127.5384353091594,-0.112307823454203,-0.02807695586355075,-127.5384353091594,-0.112307823454203,-55.32064600143089,0.11230782345414615,-0.02807695586355075,-0.02807695586355075,-0.02807695586355075,44.9231293816812,56.1539117271015,1.12307823454203,287.34900226033875,-0.02807695586355075,244.62291332253417,5.61539117271015,33.27571417342559,0.112307823454203,0.0561539117271015,0.0561539117271015,75.0,34.815425270802926,0.112307823454203,-34.815425270802926,1.12307823454203,0.112307823454203,-695.6348893777493,0.112307823454203,0.44923129381696203,0.5615391172711819,0.0561539117271015,0.02807695586355075,33.6923470362609,-0.112307823454203,0.0,1.12307823454203,-574.6980045206775,2.8076955863550666,-11.2307823454203,22.4615646908406,5.61539117271015,-0.112307823454203,41.97070820319754,0.1684617351813045,-0.112307823454203,-150.0,34.815425270802926,320.6495778051494,0.0561539117271015,-66.55142834685118,-0.112307823454203,-0.11230782345414615,-0.112307823454203,0.0561539117271015,313.3388274372263,-22.4615646908406,0.112307823454203,258.6131493902667,-0.02807695586355075,-0.12353860579962361,-258.6131493902667,16.84617351813045,170.0,252.42447774457096,313.3388274372263,-0.08423086759065225,322.29816179395294,-280.0,0.112307823454203,-0.028076955863550752,5.61539117271015,112.30782345420299,-0.0561539117271015,-0.112307823454203,0.02807695586355075,0.0,0.0,271.31115479993963,408.2858871174106,174.26493979405473,0.0,590.0088837129119,-73.07348150649952,0.0,-80.0,-255.0,-325.0,-300.0,40.0,-87.13246989702736,127.5,0.0,36.53674075324976,-297.0289015167573,-336.94268146879745,300.0,325.0,-336.94268146879745,-590.0088837129119,293.0045271016879,0.0,1496.5981,hplb
340,0.0,0.0,0.0,0.0,0.0,0.0,0.0,0.0,-0.14647672509410173,0.0,0.0,0.0,0.0,0.0,0.0,0.0,56.751940835991434,-864.8255613863977,0.0,825.4280090972619,0.0,0.0,0.0,0.0,0.0,0.0,0.0,0.0,0.0,962.1056536613598,0.0,0.0,72.88692675186523,0.0,0.0,0.0,0.0,581.1123459294961,0.0,-1000.0,1000.0,0.0,0.0,0.0,0.0,0.0,0.0,0.0,-621.5687869390368,0.0,0.0,0.0,0.0,0.1611243976031379,0.0,0.0,0.0,29.295345018820345,0.0,0.0,-12.899716923289208,0.0,299.4758396342954,286.5761227110062,0.0,0.0,0.0,0.0,0.0,0.0,0.0,1.4647672509410172,0.0,0.0,0.0,0.0,0.0,0.0,0.0,0.0,0.0,0.0,0.0,0.0,87.88603505646104,0.0,0.0,1000.0,342.19949647978916,-777.1629352891027,-0.03661918127352543,0.0,0.0,0.0,43.94301752823052,0.0,50.62472065610503,-177.73712041421248,0.0,0.0,0.0,259.33872392511626,962.1056536613598,0.0,0.0,-63.87593762355551,0.0,0.0,0.0,0.0,0.0,0.0,0.0,0.0,0.0,0.0,0.0,0.0,0.0,0.0,0.0,0.0,0.0,0.0,-680.8271593050638,0.0,0.0,50.62472065610503,0.0,45.40778477917154,8.20608924274029,0.0,-234.8691902821855,0.0,234.8691902821855,-234.8691902821855,978.4621194106951,0.0,0.0,-978.4621194106951,0.0,0.0,0.0,0.0,0.0,11.2787078322458,0.14647672509410173,0.0,0.0,0.0,-613.4518695596023,0.0,0.0,0.0,0.0,0.0,813.2238648074807,0.0,0.0,0.0,0.0,0.0,479.6515443343484,479.6515443343484,0.0,0.0,0.0,0.0,-1000.0,0.0,0.0,479.7980210594425,0.0,0.0,0.0,68.47235993478812,0.0,0.0,0.0,0.0,0.0,0.0,0.0,0.0,0.0,0.0,-429.02818263676784,0.0,0.0,0.0,0.0,-1000.0,0.0,0.0,0.0,0.0,0.0,0.0,0.0,621.5687869390368,-621.5687869390368,0.0,0.0,0.0,0.0,0.0,0.0,0.0,0.0,972.7654238605444,0.0,0.0,0.0,0.0,0.0,0.0,0.0,0.0,0.0,0.0,0.0,0.0,0.0,0.0,578.7242627251176,-397.2888075583145,0.0,0.0,0.0,0.0,123.96315243770277,0.0,0.0,0.0,0.0,-12.899716923289208,-397.2888075583145,0.0,0.0,0.0,0.0,0.0,0.0,0.0,0.0,334.66324553297056,0.0,6.681703127874513,0.0,-720.6307095407523,-1000.0,1000.0,0.0,397.2888075583145,0.0,0.0,0.0,252.44128954546082,0.0,0.0,0.0,-14.762412610734788,0.0,0.0,-3.849979902915953,0.0,0.0,-3.849979902915953,0.0,0.0,963.7682834188261,0.0,203.7400215889379,0.0,0.0,301.1190890603217,0.0,0.0,0.0,0.0,0.0,0.0,0.0,1000.0,0.0,0.0,32.85263867469166,0.0,0.0,0.0,-12.899716923289208,-0.21971508764115258,0.0,0.0,0.0,0.0,0.14647672509410173,0.0,0.0,0.0,490.74888137322165,56.751940835991434,0.0,-1000.0,298.18274044880866,0.0,959.174293441276,0.0,-186.80949358156172,0.0,-63.87593762355551,0.0,0.0,0.0,-12.611646030601783,209.12121258643538,-9.700072974271848,-161.32671535792085,0.0,0.0,0.0,0.0,0.0,0.0,0.0,0.0,0.0,0.0,0.0,0.0,0.0,0.0,0.0,0.0,0.0,0.0,0.0,0.0,-581.698252829871,0.0,0.0,507.68381539914583,0.0,0.0,0.0,-345.94195336521636,0.0,0.0,0.0,0.0,252.01488767041116,-209.12121258643538,0.0,0.0,0.0,0.0,-937.4157221273467,-739.4802608411295,-187.53083736493613,0.0,0.0,-133.33128008991068,1000.0,-3.661918127352543,732.1564245864245,166.53800398919998,0.0,-95.20987131116617,0.0,0.0,50.62472065610503,0.0,0.0,0.0,640.8270116927989,0.0,0.0,0.0,0.0,0.0,0.0,-351.24641908806376,0.0,0.0,-520.4949323907457,0.0,0.0,0.0,0.0,0.0,-25.799433846578417,0.0,-873.0487757096367,91.45042721482909,0.0,0.0,0.0,0.0,-85.35232749058983,0.29295345018670105,0.0,0.0,0.0,0.0,0.0,0.0,0.0,0.0,0.0,0.0,0.0,0.0,0.0,0.0,0.0,0.0,0.0,0.0,0.0,0.1611243976031379,0.1611243976031379,0.0,250.70465498117966,0.0,87.88603505646104,0.0,0.0,0.0,-1000.0,0.0,0.0,0.0,0.0,0.0,253.91170194979833,1000.0,0.0,0.0,0.0,0.0,0.0,91.45042721482909,0.0,0.0,0.0,0.0,0.0,0.0,0.0,226.94238643502126,-490.74888137322165,613.4518695596023,0.0,11.2787078322458,0.0,0.0,0.0,-123.96315243770277,0.0,253.91170194979833,0.0,168.5593744592085,0.0,0.0,0.0,0.0,0.0,0.0,0.0,0.0,0.0,0.0,0.0,0.0,0.0,0.0,0.0,0.0,0.0,87.88603505646104,0.0,0.0,0.0,0.0,0.0,0.0,0.0,0.0,0.0,0.0,0.0,0.0,1.4647672509410172,0.0,0.0,0.0,0.0,0.0,0.0,0.0,0.0,50.62472065610503,0.0,0.0,0.0,0.0,0.0,0.0,0.0,0.0,0.0,0.0,267.38191550505917,0.0,0.0,43.94301752823052,43.94301752823052,-81.91848995652515,1000.0,0.0,91.45042721482909,0.0,0.0,0.0,0.0,0.0,0.0,0.0,16.59337167441106,0.14647672509410173,0.0,0.0,0.0,160.61908376224224,0.0,0.0,0.0,0.0,0.0,0.0,0.0,0.0,0.0,0.0,0.0,0.0,0.0,0.0,0.0,0.0,0.0,0.14647672509410173,0.0,0.0,0.0,0.0,0.0,0.0,0.0,0.0,0.0,0.0,580.0436092040585,0.0,0.0,-1000.0,-10.98575438205763,-7.3238362547050855,0.0,0.0,-984.375,-984.375,984.375,0.0,0.0,0.0,0.0,0.0,0.0,0.0,0.0,0.0,0.0,0.0,-87.88603505646108,0.0,0.0,0.0,-0.14647672509410173,0.0,0.0,0.14647672509410173,0.0,0.14647672509410173,0.0,0.0,0.0,87.88603505646104,178.70160461480413,178.70160461480413,0.0,0.0,0.0,0.0,0.0,0.0,0.0,613.4518695596023,0.0,0.0,0.0,0.0,0.0,0.0,0.0,0.0,0.0,0.0,0.0,0.0,0.0,0.0,0.0,0.0,0.0,0.0,0.0,123.96315243770277,0.0,0.0,0.0,0.21971508764115258,0.0,0.0,0.0,-50.62472065610503,0.0,0.0,0.0,0.0,0.0,-250.70465498117966,7.323836254705086,0.0,0.0,0.0,0.0,1000.0,0.0,0.0,0.0,-873.0487757096367,0.0,0.0,0.0,0.0,0.0,0.0,0.0,0.0,0.0,250.70465498117966,0.0,909.1565245407819,-63.87593762355551,418.30174717012903,-345.94195336521636,0.0,-72.35979380491267,0.0,73.7396849306567,0.0,7.3238362547050855,414.29138176379126,0.0,0.0,0.0,-25.799433846578417,0.0,0.0,0.0,0.0,0.0,0.0,0.0,0.0,0.0,690.7185920000052,-283.6619181273529,178.70160461480413,0.0,-46.87500000000001,-46.87500000000001,46.87500000000001,0.0,0.0,0.0,0.0,0.0,334.66324553297056,0.0,0.0,0.0,-160.61908376224224,0.0,0.0,43.94301752823052,0.0,0.0,0.0,0.0,343.2610372562752,0.0,0.0,0.1611243976031379,0.0,0.0,0.0,89.35080230740206,0.0,0.0,0.0,0.0,578.7242627251176,0.0,0.0,0.0,0.0,0.0,0.0,0.0,0.0,0.0,0.0,0.014647672509410015,0.014647672509410015,0.0,0.0,0.0,0.0,0.0,0.0,0.0,0.0,0.0,0.0,0.0,0.0,0.0,0.0,0.0,250.70465498117966,0.0,0.0,0.0,0.0,0.0,0.0,0.0,0.0,0.0,0.0,0.0,0.0,-478.89687458085416,1000.0,-864.8255613863977,0.0,0.0,0.0,87.88603505646104,0.0,0.0,0.0,0.0,0.0,0.0,-87.88603505646104,0.0,0.0,0.0,0.0,0.0,0.0,0.0,0.0,0.0,0.0,0.0,0.0,983.4066283255889,800.778938303439,100.33655668945968,0.0,-50.62472065610503,0.0,581.1123459294961,0.0,0.0,0.0,0.0,0.0,0.0,0.0,0.0,0.0,0.0,0.0,0.0,0.0,0.0,0.0,0.0,0.0,-18.309590636762714,0.0,-263.00064205246883,272.67616374529496,0.0,0.0,0.0,0.0,0.0,-1.8309590636762716,0.0,25.799433846578417,0.0,0.0,0.0,0.0,0.0,0.0,0.0,1000.0,43.94301752823052,43.94301752823052,0.0,0.0,0.0,0.0,0.0,0.1611243976031379,250.70465498117966,0.0,0.0,-581.1123459294961,0.0,0.0,0.0,0.0,0.0,0.0,0.0,0.0,0.0,0.0,0.0,0.0,0.0,0.0,0.0,0.0,0.0,8.20608924274029,0.0,153.8005613488068,11.2787078322458,0.0,0.0,0.0,0.0,0.0,250.70465498117966,0.0,322.62285873022824,0.0,0.0,0.0,-18.309590636762714,0.0,0.0,0.0,0.0,0.0,0.0,0.0,0.0,0.0,0.0,0.0,0.0,0.0,0.0,0.0,0.0,0.0,0.0,-0.14647672509410173,0.0,0.0,7.323836254705086,-253.91170194979833,0.0,0.0,0.0,0.0,0.0,0.0,0.0,0.0,12.611646030601783,3.661918127352543,0.0,0.0,0.0,0.14647672509410173,0.0,146.4767250941017,-37.20169553643126,29.295345018820345,1.0462623221007266,425.0822414980245,-0.10985754382057629,133.33128008991068,2.929534501882035,-0.7323836254689695,-425.0822414980245,43.94301752823052,-0.14647672509410173,21.291979207851835,91.45042721482909,0.036619181273525425,1.0462623221007266,-63.8759376235555,-23.31909463498812,-2.929534501882035,-17.35438854685566,-0.14647672509410173,0.036619181273525425,-425.0822414980245,14.647672509410173,0.14647672509410173,0.14647672509410173,-250.39705385848242,0.16112439760351174,-30.487378995343988,-0.10985754382057629,43.94301752823052,0.14647672509410173,50.62472065610503,-66.55665941917636,-0.07323836254705085,-654.9846105650257,-138.75730167220706,-0.10985754382057629,-0.14647672509410173,-37.20169553643126,0.14647672509410173,14.647672509410173,-2.929534501882035,123.96315243770277,123.96315243770277,-14.647672509410173,17.35438854685566,-123.96315243770277,29.295345018820345,0.21971508764115258,-46.577470854574585,14.647672509410173,-226.94238643502126,91.45042721482909,-29.295345018820345,0.07323836254705086,1.4647672509410172,250.0,280.0,-0.14647672509410173,-283.6619181273529,250.39705385848242,45.40778477917154,0.14647672509410173,23.31909463498812,-91.00334602596749,91.45042721482909,-0.14647672509410173,-0.036619181273525425,-91.45042721482909,-0.14647672509410173,-85.35232749058983,0.14647672509410173,-0.03661918127352543,-0.03661918127352543,-0.03661918127352543,58.59069003764069,66.55665941917636,1.4647672509410172,108.52094370410151,-0.036619181273525425,478.70802079214815,7.3238362547050855,50.0,0.14647672509410173,0.07323836254705085,0.07323836254705086,60.372886116824716,37.20169553643126,0.14647672509410173,-37.20169553643126,1.4647672509410172,0.14647672509410173,-108.52094370410151,0.14647672509410173,0.58590690037488,0.7323836254689695,0.07323836254705085,0.036619181273525425,43.94301752823052,-0.14647672509410173,30.487378995343988,1.4647672509410175,-217.04188740820302,129.66936196255813,-14.647672509410173,29.295345018820345,7.323836254705086,-0.14647672509410173,63.8759376235555,0.21971508764115258,-0.14647672509410173,-120.74577223364943,37.20169553643126,163.29631792311176,0.07323836254705086,-100.0,-0.14647672509410173,-0.14647672509410173,-0.14647672509410173,0.07323836254705086,425.0822414980245,-29.295345018820345,0.14647672509410173,500.0,-0.03661918127352543,-0.16112439760351174,-500.0,21.971508764115256,138.75730167220706,-211.14430211964856,425.0822414980245,-0.10985754382057629,283.6619181273529,-280.0,0.14647672509410173,-0.03661918127352544,7.3238362547050855,146.4767250941017,-0.07323836254705085,-0.14647672509410173,0.036619181273525425,0.0,0.0,-140.10111563769578,0.0,-255.0,0.0,28.02180170427107,-140.0,0.0,230.285543259995,-255.0,-325.0,-186.60534812972332,-115.1427716299975,127.5,127.5,0.0,70.0,-250.70465498117966,-506.55735517938695,186.60534812972332,325.0,-506.55735517938695,-28.02180170427107,52.188737610414194,0.0,1496.5981,hplb
341,0.0,0.0,0.0,0.0,0.0,0.0,0.0,0.0,-0.11938139836072391,0.0,0.0,0.0,0.0,0.0,0.0,0.0,-656.4608844955862,705.2609042716698,0.0,0.0,0.0,0.0,0.0,0.0,0.0,0.0,0.0,0.0,0.0,0.0,0.0,0.0,137.3616710962281,0.0,0.0,0.0,0.0,-20.907662232908145,0.0,-955.2347961424009,11.9739178251736,0.0,0.0,0.0,0.0,0.0,819.498667682148,0.0,35.59653163964795,0.0,0.0,0.0,0.0,0.1313195381967023,0.0,0.0,0.0,23.876279672144783,0.0,0.0,-97.40339984722517,0.0,874.2057593561278,776.8023595089027,0.0,0.0,0.0,0.0,567.0952086100336,0.0,0.0,1.1938139836072394,0.0,0.0,0.0,0.0,0.0,0.0,0.0,61.98132509213053,0.0,0.0,0.0,0.0,71.62883901643436,0.0,86.88987803159074,0.0,-30.33562736797815,1000.0,0.0,0.0,0.0,0.0,35.81441950821718,0.0,35.81441950821718,0.0,0.0,0.0,0.0,5.969069918036196,0.0,0.0,0.0,0.0,0.0,951.8190225595894,0.0,0.0,0.0,0.0,0.0,0.0,0.0,0.0,0.0,0.0,0.0,0.0,0.0,0.0,0.0,0.0,-698.428457199798,0.0,0.0,35.81441950821718,0.0,37.00823349182441,11.297550842127961,0.0,0.0,0.0,0.0,0.0,0.0,0.0,0.0,0.0,0.0,0.0,0.0,0.0,0.0,96.08224570536647,0.11938139836072391,0.02984534959018098,0.0,0.0,0.0,0.0,0.0,0.0,0.0,0.0,413.96517624559095,0.0,0.0,0.0,0.0,0.0,192.17391710320874,192.17391710320874,0.0,0.0,0.0,0.0,-359.50489890303857,0.0,0.0,192.29329850156947,0.0,0.0,0.0,0.0,0.0,0.0,0.0,0.0,0.0,0.0,0.0,0.0,0.0,0.0,0.0,0.0,0.0,0.0,0.0,-1000.0,0.0,0.0,0.0,0.0,0.0,0.0,0.0,-669.6643726320218,669.6643726320218,0.0,0.0,0.0,0.0,0.0,0.0,0.0,0.0,-713.7989544672353,0.0,0.0,0.0,0.0,0.0,0.0,0.0,0.0,0.0,0.0,0.0,0.0,0.0,0.0,-4.282309427417964,620.8643528559383,0.0,0.0,0.0,0.0,157.94247876556688,0.0,0.0,0.0,0.0,-97.40339984722517,620.8643528559383,0.0,0.0,0.0,0.0,0.0,0.0,0.0,0.0,491.0569207541862,0.0,0.0,0.0,343.3600434068727,982.6887886709164,-634.0678409923738,0.0,-620.8643528559383,0.0,0.0,0.0,0.0,0.0,0.0,0.0,-55.47659428058387,0.0,0.0,0.0,0.0,0.0,0.0,0.0,0.0,-700.0,0.0,0.0,0.0,0.0,197.72672434510878,0.0,0.0,0.0,-1000.0,0.0,1000.0,0.0,750.8835692922238,0.0,0.0,-915.361374604707,0.0,0.0,0.0,-97.40339984722517,-0.17907209754108586,0.0,0.0,0.0,0.0,0.11938139836072391,0.0,0.0,0.0,315.1861809720298,-656.4608844955862,0.0,-521.1842360518156,473.6953968599892,0.0,-78.33538299446445,0.0,101.6826067608381,0.0,0.0,0.0,0.0,0.0,907.9450037240458,-9.627610484883917,-1000.0,978.449296341763,-1000.0,0.0,0.0,0.0,0.0,0.0,0.0,0.0,0.0,0.0,0.0,0.0,0.0,0.0,0.0,0.0,0.0,0.0,875.2890415390958,0.0,895.7191781785612,0.0,0.0,487.2128397269707,0.0,0.0,0.0,-587.1391664595527,0.0,0.0,0.0,0.0,0.0,0.0,0.0,-5.969069918036196,547.3972778805143,-557.4675981251497,0.0,0.0,-78.97079501561886,0.0,0.0,0.0,-844.8163707543955,-550.3818128395324,-5.969069918036196,24.587348768800098,0.0,0.0,1000.0,489.4972996755631,35.81441950821718,0.0,0.0,0.0,114.5563827252157,0.0,0.0,0.0,0.0,0.0,0.0,116.56733760263951,0.0,0.0,0.0,0.0,0.0,0.0,0.0,0.0,-21.027043631268867,0.0,0.0,126.12372032785521,0.0,0.0,0.0,0.0,-40.09672893563514,0.23876279672094824,0.0,0.0,0.0,0.0,0.0,0.0,0.0,0.0,0.0,567.0952086100336,0.0,0.0,0.0,0.0,0.0,0.0,0.0,0.0,0.0,0.1313195381967023,0.1313195381967023,0.0,121.99751971817591,0.0,71.62883901643436,0.0,32.723663059332345,0.0,-407.9096913418057,0.0,0.0,86.88987803159074,0.0,0.0,694.5667908652605,407.9096913418057,0.0,0.0,0.0,0.0,0.0,126.12372032785521,0.0,0.0,0.0,0.0,0.0,0.0,0.0,232.809485733266,-315.1861809720298,0.0,0.0,96.08224570536647,0.0,0.0,0.0,-157.94247876556688,0.0,694.5667908652605,0.0,654.4700619296253,0.0,0.0,0.0,0.0,0.0,0.0,0.0,0.0,0.0,0.0,0.0,0.0,0.0,0.0,0.0,0.0,0.0,71.62883901643436,0.0,0.0,0.0,0.0,0.0,0.0,0.0,0.0,0.0,0.0,0.0,0.0,1.1938139836072394,0.0,0.0,86.88987803159074,-86.88987803159074,0.0,0.0,0.0,0.0,35.81441950821718,0.0,0.0,0.0,0.0,0.0,0.0,0.0,0.0,0.0,0.0,0.0,31.818758437711665,0.0,35.81441950821718,35.81441950821718,1000.0,407.9096913418057,0.0,126.12372032785521,0.0,0.0,0.0,0.0,0.0,-978.449296341763,0.0,-921.4804345816701,0.11938139836072391,0.0,0.0,112.46998765230418,0.0,0.0,0.0,0.0,0.0,0.0,0.0,0.0,0.0,0.0,0.0,0.0,0.0,0.0,0.0,0.0,0.0,0.0,0.11938139836072391,0.0,0.0,0.0,874.3611303131162,-874.3611303131162,0.0,0.0,0.0,0.0,0.0,487.2128397269707,0.0,-587.1391664595527,20.43013663946538,-8.953604877054294,-5.969069918036201,0.0,0.0,0.0,0.0,0.0,0.0,0.0,0.0,0.0,0.0,0.0,0.0,0.0,0.0,0.0,0.0,495.46636959359927,0.0,0.0,0.0,-0.11938139836072391,0.0,0.0,0.11938139836072391,0.0,0.11938139836072391,0.0,0.0,0.0,71.62883901643436,145.64530600008317,145.64530600008317,0.0,0.0,0.0,0.0,0.0,0.0,0.0,0.0,0.0,0.0,0.0,0.0,843.559874221429,74.66386790147507,0.0,0.0,0.0,0.0,0.0,0.0,0.0,0.0,0.0,0.0,0.0,0.0,0.0,157.94247876556688,0.0,0.0,0.0,0.17907209754108586,0.0,0.0,0.0,-35.81441950821718,0.0,0.0,0.0,0.0,0.0,-121.99751971817591,5.969069918036196,0.0,0.0,0.0,0.0,359.50489890303857,0.0,0.0,0.0,0.0,0.0,0.0,0.0,0.0,0.0,0.0,0.0,0.0,0.0,121.99751971817591,0.0,301.1237203278552,0.0,0.0,-587.1391664595527,587.1391664595527,0.0,0.0,-145.64530600008317,32.723663059332345,5.969069918036201,426.5272774153642,0.0,0.0,0.0,-194.80679969445035,-515.6249999999795,515.6249999999795,0.0,0.0,0.0,0.0,0.0,0.0,0.0,-17.907209754108884,0.0,145.64530600008317,0.0,0.0,0.0,0.0,0.0,0.0,0.0,0.0,0.0,491.0569207541862,0.0,0.0,148.8583343493391,-679.5651962623378,88.477059941597,0.0,35.81441950821718,86.88987803159074,0.0,0.0,0.0,63.76188941695722,0.0,0.0,0.1313195381967023,0.0,0.0,0.0,72.82265300004158,0.0,0.0,0.0,0.0,-4.282309427417964,0.0,0.0,0.0,0.0,0.0,0.0,0.0,0.0,0.0,0.0,0.011938139836072732,0.011938139836072732,0.0,0.0,0.0,0.0,0.0,0.0,0.0,0.0,0.0,112.46998765230418,0.0,0.0,0.0,0.0,0.0,121.99751971817591,0.0,0.0,0.0,0.0,0.0,0.0,0.0,0.0,0.0,0.0,0.0,173.77975606318148,-749.4694210566694,-527.8558162948551,705.2609042716698,0.0,0.0,0.0,71.62883901643436,0.0,0.0,0.0,0.0,0.0,25.903406289846412,-97.53224530628077,0.0,173.77975606318148,0.0,0.0,0.0,0.0,0.0,0.0,0.0,0.0,0.0,0.0,921.4804345816701,0.0,1000.0,0.0,-35.81441950821718,0.0,-20.907662232908145,0.0,0.0,0.0,0.0,0.0,0.0,0.0,0.0,0.0,0.0,0.0,0.0,0.0,0.0,0.0,0.0,32.723663059332345,-14.922674795090495,0.0,-8.953604877054294,909.2701372458497,0.0,0.0,0.0,0.0,0.0,0.0,-1.492267479509049,21.027043631268867,0.0,0.0,0.0,0.0,0.0,0.0,0.0,1000.0,35.81441950821718,35.81441950821718,0.0,0.0,0.0,0.0,61.98132509213053,0.1313195381967023,121.99751971817591,0.0,0.0,20.907662232908145,0.0,0.0,0.0,0.0,0.0,0.0,0.0,0.0,0.0,0.0,0.0,0.0,0.0,0.0,0.0,0.0,0.0,11.297550842127961,0.0,125.35046827876012,0.0,0.0,96.08224570536647,0.0,0.0,0.0,121.99751971817591,0.0,481.2437698089345,0.0,0.0,0.0,-14.922674795090495,0.0,0.0,0.0,0.0,0.0,0.0,0.0,0.0,0.0,0.0,0.0,0.0,0.0,0.0,0.0,0.0,0.0,0.0,-0.11938139836072391,0.0,0.0,5.969069918036196,-694.5667908652605,0.0,0.0,0.0,0.0,0.0,0.0,0.0,0.0,-907.9450037240458,2.984534959018097,0.0,0.0,0.0,0.11938139836072391,0.0,119.3813983607239,-25.71068264969645,23.876279672144786,0.8527242740051708,355.66920311067565,-0.08953604877054293,5.969069918036196,2.3876279672144785,-0.5969069918034873,-355.66920311067565,35.81441950821718,-0.11938139836072392,0.0,126.12372032785521,0.02984534959018098,0.8527242740051708,0.0,-105.89539665061824,-2.3876279672144785,-48.80001977608356,-0.11938139836072392,0.02984534959018098,-355.66920311067565,11.938139836072391,0.11938139836072392,0.11938139836072391,-121.74681878161847,-86.75855849339393,-177.45840003186322,-0.08953604877054293,35.81441950821718,0.11938139836072392,35.81441950821718,-59.69069918036196,-0.05969069918036196,-236.50677621372773,-170.0,-0.08953604877054293,-0.11938139836072392,-25.71068264969645,0.11938139836072391,11.938139836072391,-2.3876279672144785,157.94247876556688,157.94247876556688,-11.938139836072391,48.80001977608356,-157.94247876556688,23.876279672144783,0.17907209754108586,-834.1848248668135,11.938139836072391,-232.809485733266,126.12372032785521,-23.876279672144783,0.05969069918036196,1.1938139836072394,130.2960590129539,145.8737993903207,-0.11938139836072391,-148.8583343493391,121.74681878161847,37.00823349182441,0.11938139836072392,105.89539665061824,-17.13395770501361,126.12372032785521,-0.11938139836072391,-0.02984534959018098,-126.12372032785521,-0.1193813983607319,-40.09672893563514,0.11938139836072392,-0.02984534959018098,-0.02984534959018098,-0.02984534959018098,47.752559344289566,59.69069918036196,1.1938139836072394,88.44669351050018,-0.02984534959018098,260.5921180259078,5.969069918036196,26.017434385853768,0.11938139836072391,0.05969069918036196,0.05969069918036595,75.0,25.71068264969645,0.11938139836072391,-25.71068264969645,1.1938139836072394,0.11938139836072392,-88.44669351050018,0.11938139836072392,0.47752559344275625,0.5969069918034873,0.05969069918036196,0.02984534959018098,35.81441950821718,-0.11938139836072392,177.45840003186322,1.1938139836072392,-176.89338702100036,2.984534959018098,-11.938139836072391,23.876279672144783,5.969069918036196,-0.11938139836072392,0.0,0.17907209754108586,-0.11938139836072392,-150.0,25.71068264969645,350.6141526207621,0.05969069918036196,-52.034868771707536,-0.11938139836072392,-0.11938139836072392,-0.11938139836072392,0.05969069918036196,355.66920311067565,-23.876279672144783,0.11938139836072391,260.5921180259078,-0.02984534959018098,86.75855849339393,-260.5921180259078,17.907209754108585,170.0,270.5765610227611,355.66920311067565,-0.08953604877054293,148.8583343493391,-145.8737993903207,0.11938139836072392,-0.02984534959018098,5.969069918036201,119.3813983607239,-0.05969069918036196,-0.11938139836072392,0.02984534959018098,0.0,0.0,534.1251341676332,0.0,-187.21574579239962,0.0,465.47282932894217,-140.0,0.0,-80.0,-255.0,-325.0,-300.0,40.0,93.60787289619981,127.5,0.0,70.0,-121.99751971817591,-414.37604203771934,300.0,325.0,-414.37604203771934,-465.47282932894217,235.3343235989417,0.0,1496.5981,hplb
342,0.0,0.0,0.0,0.0,0.0,0.0,0.0,0.0,250.56440192305374,0.0,0.0,0.0,0.0,0.0,0.0,0.0,1000.0,300.0,0.0,-1000.0,0.0,0.0,0.0,176.5822422015997,0.0,0.0,0.0,0.0,0.0,34.74600807832496,0.0,0.0,115.81435758862858,0.0,0.0,0.0,0.0,999.5082115212363,0.0,-755.530699288291,0.0,0.0,-850.4261300549813,-1000.0,0.0,0.0,48.56413828967288,0.0,-200.31814093923833,-933.8278147078585,0.0,684.8539971940679,0.0,0.13524183166014606,0.0,0.0,0.0,24.589423938186265,0.0,0.0,-6.9375971799950396,0.0,0.0,-18.607434662354237,0.0,0.0,0.0,0.0,0.0,792.4885884837483,0.0,1.2294711969093135,0.0,0.0,0.0,0.0,0.0,0.0,0.0,654.5799669023826,0.0,0.0,0.0,0.0,73.7682718145588,0.0,0.0,0.0,0.0,-544.4663989984789,0.0,0.0,0.0,0.0,36.8841359072794,0.0,36.8841359072794,-982.941350177095,0.0,0.0,0.0,6.147355984546566,34.74600807832496,0.0,0.0,0.0,0.0,774.8595198533887,0.0,0.0,0.0,0.0,0.0,0.0,0.0,0.0,0.0,0.0,0.0,0.0,0.0,0.0,0.0,0.0,-454.4092659282712,0.0,0.0,36.8841359072794,0.0,38.11360710418871,13.69150045881824,0.0,-704.0327042155308,704.0327042155308,0.0,0.0,0.0,0.0,0.0,-11.669837482359199,0.0,0.0,0.0,0.0,0.0,9.466928216201707,0.12294711969093132,0.03073677992273283,0.0,0.0,0.0,-50.82115212362747,0.0,0.0,0.0,0.0,523.441752181827,0.0,0.0,0.0,0.0,0.0,134.70404624607136,134.70404624607136,0.0,0.0,0.0,0.0,0.0,0.0,0.0,134.8269933657623,0.0,0.0,0.0,0.0,0.0,0.0,0.0,0.0,0.0,0.0,0.0,0.0,0.0,0.0,-41.9889460667996,0.0,0.0,0.0,0.0,-782.8484709642994,0.0,0.0,0.0,0.0,0.0,933.8278147078585,165.57213286091337,604.9230502670035,-604.9230502670035,0.0,0.0,0.0,0.0,0.0,0.0,0.0,0.0,-105.3512437992714,0.0,0.0,0.0,0.0,0.0,0.0,0.0,0.0,0.0,0.0,0.0,0.0,0.0,0.0,0.0,-1000.0,0.0,0.0,0.0,11.669837482359199,47.235717587022236,0.0,0.0,0.0,0.0,-6.9375971799950396,0.0,0.0,0.0,245.47850543305526,0.0,0.0,0.0,0.0,0.0,0.0,0.0,0.0,0.0,455.3491803219848,-1000.0,570.1770421886786,0.0,1000.0,0.0,0.0,11.669837482359199,1000.0,0.0,0.0,0.0,450.63294098029223,0.0,0.0,546.3675576539864,0.0,0.0,546.3675576539863,0.0,0.0,604.9230502670035,0.0,790.0951884003098,933.8278147078585,0.0,323.1697472683126,0.0,0.0,0.0,-1000.0,0.0,1000.0,0.0,1000.0,0.0,11.669837482359199,0.0,0.0,0.0,0.0,-6.9375971799950396,-0.184420679536397,0.0,0.0,0.0,0.0,0.12294711969093132,0.0,0.0,0.0,698.7286174699977,1000.0,0.0,-549.7954228003107,578.8144069771286,0.0,36.8841359072794,0.0,-983.353141001985,0.0,0.0,0.0,0.0,0.0,378.32602344106283,605.0271175609222,0.0,0.0,0.0,0.0,0.0,0.0,0.0,0.0,0.0,0.0,0.0,0.0,0.0,0.0,0.0,0.0,0.0,0.0,0.0,245.47850543305526,1000.0,0.0,0.0,0.0,0.0,978.9824529230468,0.0,0.0,0.0,-9.466928216201707,0.0,0.0,0.0,597.2669051300466,0.0,0.0,0.0,0.0,0.0,-605.0271175609222,-1000.0,-644.8043565297461,-776.5521992919108,-375.1747729484269,0.0,-6.147355984546566,1000.0,-3.073677992273283,638.6570005451995,652.8402928974933,0.0,0.0,222.51692853252575,873.2183802194472,36.8841359072794,0.0,0.0,0.0,0.0,0.0,250.68734904274467,0.0,0.0,0.0,0.0,172.29504984956458,0.0,0.0,-816.8547625839467,0.0,0.0,0.0,0.0,0.0,-25.545031842349278,0.0,0.0,0.0,0.0,0.0,0.0,0.0,-87.70528803090687,0.24589423938172636,0.0,0.0,0.0,0.0,0.0,0.0,0.0,0.0,0.0,792.4885884837483,0.0,0.0,0.0,0.0,0.0,0.0,0.0,0.0,0.0,0.13524183166014606,0.13524183166014606,0.0,255.41057606181374,0.0,73.7682718145588,0.0,0.0,0.0,0.0,0.0,0.0,0.0,0.0,0.0,711.9608590573109,0.0,0.0,0.0,0.0,0.0,0.0,0.0,0.0,0.0,0.0,0.0,0.0,0.0,0.0,151.46975530942373,-698.7286174699977,50.82115212362747,0.0,184.3886008831143,0.0,0.0,0.0,-47.235717587022236,0.0,711.9608590573109,0.0,624.255571026404,0.0,-343.7500000000801,343.7500000000801,0.0,0.0,0.0,0.0,0.0,0.0,0.0,0.0,0.0,0.0,0.0,0.0,0.0,0.0,73.7682718145588,11.669837482359199,11.669837482359199,0.0,0.0,0.0,0.0,0.0,0.0,0.0,0.0,0.0,0.0,1.2294711969093135,0.0,0.0,0.0,0.0,0.0,165.57213286091337,0.0,0.0,36.8841359072794,0.0,0.0,0.0,174.9216726669126,0.0,0.0,0.0,0.0,0.0,0.0,812.6420272193398,0.0,0.0,36.8841359072794,36.8841359072794,441.21458202334617,0.0,0.0,0.0,0.0,0.0,0.0,0.0,0.0,515.2682872762971,0.0,1000.0,0.12294711969093132,0.0,0.0,-427.3138404199762,534.9170740108195,58.115526212249165,0.0,0.0,0.0,0.0,0.0,0.0,0.0,0.0,0.0,0.0,0.0,0.0,0.0,0.0,0.0,0.0,0.12294711969093132,0.0,0.0,0.0,456.923301825373,-456.923301825373,0.0,0.0,0.0,0.0,0.0,969.5155247068451,0.0,0.0,-1000.0,-9.22103397681985,-6.147355984546564,0.0,0.0,0.0,0.0,0.0,0.0,0.0,0.0,0.0,0.0,0.0,0.0,11.669837482359199,0.0,0.0,0.0,879.3657362039938,0.0,0.0,0.0,250.56440192305374,0.0,0.0,0.12294711969093132,0.0,0.12294711969093132,0.0,0.0,0.0,73.7682718145588,149.99548602293623,149.99548602293623,0.0,0.0,0.0,0.0,0.0,0.0,0.0,50.82115212362747,0.0,0.0,0.0,0.0,388.9117704464521,0.0,0.0,0.0,0.0,0.0,0.0,0.0,0.0,0.0,0.0,0.0,0.0,0.0,0.0,47.235717587022236,0.0,-444.97795010829816,444.97795010829816,0.184420679536397,0.0,0.0,0.0,-36.8841359072794,0.0,0.0,0.0,0.0,0.0,-255.41057606181374,6.147355984546566,0.0,0.0,0.0,0.0,0.0,673.0172002973085,0.0,0.0,0.0,0.0,0.0,0.0,0.0,0.0,11.669837482359199,0.0,0.0,73.04344289914593,255.41057606181374,0.0,351.2317281854412,58.115526212249165,0.0,663.5502720811068,0.0,-663.5502720811068,0.0,850.0045139770638,0.0,6.147355984546566,1000.0,0.0,183.9850944995227,0.0,-25.545031842349278,0.0,0.0,0.0,0.0,0.0,0.0,0.0,0.0,0.0,306.6205561054332,-283.0736779922734,149.99548602293623,0.0,-890.625,-890.6249999999999,890.6249999999999,0.0,0.0,0.0,0.0,0.0,0.0,0.0,0.0,0.0,-900.0918220745916,-493.994795361395,-850.4261300549813,36.8841359072794,0.0,0.0,0.0,0.0,134.46878489599635,0.0,0.0,0.13524183166014606,0.0,0.0,0.0,74.99774301146812,0.0,0.0,0.0,0.0,0.0,0.0,0.0,0.0,0.0,0.0,0.0,0.0,0.0,0.0,0.0,0.012294711969093132,0.012294711969093132,0.0,0.0,0.0,0.0,0.0,0.0,0.0,0.0,0.0,-427.3138404199762,0.0,0.0,0.0,0.0,0.0,255.41057606181374,0.0,0.0,0.0,0.0,0.0,0.0,0.0,933.8278147078585,0.0,0.0,0.0,0.0,755.3491803219848,1000.0,300.0,0.0,0.0,0.0,73.7682718145588,0.0,0.0,0.0,0.0,0.0,97.3478351758034,-171.1161069903622,0.0,0.0,0.0,0.0,0.0,0.0,0.0,0.0,0.0,0.0,0.0,0.0,0.0,550.014295354622,473.1305474347401,0.0,-36.8841359072794,0.0,999.5082115212363,0.0,0.0,0.0,0.0,0.0,0.0,0.0,0.0,0.0,0.0,0.0,0.0,0.0,0.0,0.0,0.0,0.0,-15.368389961366415,11.669837482359199,-9.22103397681985,662.7644144619055,0.0,0.0,0.0,0.0,0.0,-656.7866347900724,655.2497957939357,25.545031842349278,0.0,0.0,0.0,0.0,0.0,0.0,0.0,1000.0,36.8841359072794,36.8841359072794,0.0,0.0,0.0,0.0,654.5799669023826,0.13524183166014606,255.41057606181374,0.0,0.0,-999.5082115212363,0.0,0.0,0.0,0.0,0.0,0.0,0.0,0.0,0.0,0.0,0.0,0.0,0.0,0.0,222.48897505414908,0.0,0.0,13.69150045881824,0.0,129.0944756754779,0.0,0.0,9.466928216201707,0.0,0.0,0.0,255.41057606181374,0.0,-683.1234535359033,0.0,0.0,0.0,-15.368389961366415,0.0,0.0,0.0,0.0,0.0,0.0,0.0,0.0,0.0,0.0,0.0,0.0,0.0,0.0,0.0,0.0,0.0,0.0,-0.12294711969093132,0.0,0.0,6.147355984546566,-711.9608590573109,0.0,0.0,0.0,0.0,11.669837482359199,0.0,0.0,0.0,-378.32602344106283,3.073677992273283,0.0,0.0,0.0,0.12294711969093132,0.0,122.94711969093132,-24.42210664537045,24.58942393818627,0.8781937120780808,370.40546485533486,-0.0922103397681985,6.147355984546566,2.4589423938186266,-0.614735598454669,-370.40546485533486,36.8841359072794,-0.12294711969093132,0.0,0.0,0.03073677992273283,0.8781937120780808,0.0,-19.573181454796554,-2.4589423938186266,-300.0,-0.12294711969093132,0.03073677992273283,-370.40546485533486,12.294711969093132,0.12294711969093132,0.12294711969093132,-255.15238711046266,0.13524183166002446,-145.4041194072862,-0.0922103397681985,36.8841359072794,0.12294711969093132,36.8841359072794,-61.473559845465665,-0.06147355984546566,-378.03763277454084,-59.6533766758063,-0.0922103397681985,-0.12294711969093132,-24.42210664537045,0.12294711969093132,12.294711969093132,-2.4589423938186266,47.235717587022236,47.235717587022236,-12.294711969093132,300.0,-47.235717587022236,24.589423938186265,0.184420679536397,-1000.0,12.294711969093132,-151.46975530942373,0.0,-24.589423938186265,0.06147355984546566,1.2294711969093135,137.44885570007767,280.0,-0.12294711969093132,-283.0736779922734,255.15238711046266,38.11360710418871,0.12294711969093132,19.573181454796554,-147.53654362911757,0.0,-0.12294711969093132,-0.03073677992273283,0.0,-0.12294711969093132,-87.70528803090687,0.122947119691045,-0.03073677992273283,-0.03073677992273283,-0.03073677992273283,49.17884787637253,61.473559845465665,1.2294711969093135,91.08844730101777,-0.03073677992273283,274.89771140015534,6.147355984546566,50.0,0.12294711969093132,0.06147355984546566,0.06147355984546566,6.459793227913533,24.42210664537045,0.12294711969093132,-24.42210664537045,1.2294711969093135,0.12294711969093132,-91.08844730101777,0.12294711969093132,0.49178847876373766,0.614735598454669,0.06147355984546566,0.03073677992273283,36.8841359072794,-0.12294711969093132,145.4041194072862,1.2294711969093133,-182.17689460203553,3.073677992273284,-12.294711969093132,24.589423938186265,6.147355984546566,-0.12294711969093132,0.0,0.184420679536397,-0.12294711969093132,-12.919586455827066,24.42210664537045,374.06368581273364,0.06147355984546566,-100.0,-0.12294711969093132,-0.122947119691045,-0.12294711969093132,0.06147355984546566,370.40546485533486,-24.589423938186265,0.12294711969093132,274.89771140015534,-0.03073677992273283,-0.13524183166002446,-274.89771140015534,18.442067953639697,59.6533766758063,313.0569833077236,370.40546485533486,-0.0922103397681985,283.0736779922734,-280.0,0.12294711969093132,-0.030736779922732833,603.4142611145932,122.94711969093132,-0.06147355984546566,-0.12294711969093132,0.03073677992273283,0.0,0.0,939.4818751716299,0.0,-255.0,0.0,733.6696230879269,-60.415962721549135,0.0,-80.0,-255.0,-325.0,-60.45665126852464,40.0,127.5,127.5,0.0,30.207981360774568,-255.41057606181374,-508.53247070873,60.45665126852464,325.0,-508.53247070873,-733.6696230879269,434.45572737397566,0.0,1496.5981,hplb
343,0.0,0.0,0.0,0.0,0.0,0.0,0.0,0.0,510.7881244694114,0.0,0.0,0.0,0.0,0.0,0.0,0.0,-337.5618704878085,0.0,0.0,637.5618704878085,0.0,0.0,0.0,0.0,0.0,0.0,0.0,0.0,0.0,568.3798449275862,0.0,0.0,266.75672755985227,0.0,0.0,0.0,0.0,979.8443684674522,0.0,-722.1758065152079,981.3484731581831,0.0,0.0,855.9405419257885,0.0,0.0,0.0,0.0,-86.75851636556615,0.0,0.0,1000.0,0.0,0.06838893175327962,0.0,0.0,0.0,0.0,0.0,0.0,-274.6888081382075,0.0,274.6888081382075,0.0,22.587698474955086,0.0,0.0,0.0,0.0,0.0,0.0,0.6217175613938961,0.0,0.0,0.0,0.0,0.0,0.0,0.0,0.0,0.0,0.0,0.0,0.0,37.30305368363377,0.0,269.21354881419876,1000.0,-689.0972715527815,1000.0,0.0,0.0,0.0,-519.8759452359029,18.651526841816885,0.0,18.651526841816885,-276.00270458461966,0.0,0.0,0.0,3.1085878069694806,568.3798449275862,0.0,0.0,-55.562064080323125,0.0,478.44711302041935,0.0,0.0,0.0,0.0,0.0,0.0,0.0,0.0,0.0,0.0,0.0,0.0,0.0,0.0,0.0,0.0,-471.1306417469312,0.0,0.0,18.651526841816885,0.0,19.27324440321078,0.0,0.0,389.03051233235294,-1000.0,610.9694876676471,-610.9694876676471,0.0,0.0,0.0,0.0,0.0,0.0,0.0,0.0,0.0,274.0007740369317,0.062171756139389606,0.015542939034847403,0.0,0.0,0.0,0.0,0.0,0.0,0.0,0.0,399.2724499489568,0.0,0.0,0.0,0.0,0.0,999.9378282438606,999.9378282438606,0.0,0.0,0.0,0.0,0.0,0.0,0.0,1000.0,0.0,0.0,0.0,0.0,0.0,0.0,0.0,0.0,0.0,0.0,0.0,0.0,0.0,0.0,-714.7300107747106,0.0,0.0,0.0,0.0,-1000.0,0.0,0.0,0.0,0.0,0.0,0.0,-1000.0,-85.34245676979083,85.34245676979083,0.0,0.0,0.0,0.0,0.0,0.0,0.0,0.0,-877.4499575707686,0.0,0.0,0.0,0.0,0.0,0.0,0.0,0.0,0.0,0.0,0.0,0.0,0.0,206.42009798317997,-75.13129754424415,855.9405419257885,0.0,0.0,0.0,0.0,163.72065262992163,0.0,0.0,0.0,0.0,-274.6888081382075,0.0,0.0,0.0,0.0,0.0,0.0,0.0,0.0,0.0,519.3840235334317,12.434351227877922,0.0,0.0,603.7548147829907,0.0,-172.10097313535698,0.0,-855.9405419257885,0.0,0.0,0.0,108.29343461090514,0.0,0.0,0.0,-140.87265123001418,0.0,0.0,-789.3875227292608,-789.3875227292608,0.0,0.0,0.0,789.3875227292608,-774.4397283225724,0.0,638.9779300835838,0.0,0.0,9.73854699897538,0.0,0.0,0.0,-1000.0,0.0,1000.0,0.0,863.9241264270834,0.0,0.0,0.0,0.0,0.0,0.0,-274.6888081382075,-0.09325763420908441,0.0,0.0,0.0,0.0,0.062171756139389606,0.0,0.0,0.0,298.2437969948298,-337.5618704878085,0.0,-574.7573459483515,-300.4372627775255,0.0,1000.0,0.0,-1000.0,0.0,-55.562064080323125,0.0,0.0,0.0,562.8744812173246,242.1104802057553,195.0150385769201,-380.548422508253,953.8183757624233,0.0,0.0,0.0,0.0,0.0,0.0,0.0,0.0,0.0,0.0,0.0,0.0,0.0,0.0,0.0,0.0,0.0,0.0,0.0,-980.0930554920096,0.0,0.0,793.3847975703636,0.0,0.0,352.55150683694615,-793.3847975703636,0.0,0.0,0.0,0.0,0.0,-678.2643509526291,0.0,996.8914121930305,0.0,436.1538707468738,-695.7200856116684,-335.6935702983438,0.0,-846.9567776395342,0.0,-1000.0,0.0,-1.5542939034847403,332.5849824913743,728.9382601685475,0.0,-40.41164149060325,751.1794537795811,0.0,18.651526841816885,0.0,0.0,0.0,502.0479146965342,0.0,510.8502962255508,0.0,-206.42009798317997,206.42009798317997,206.42009798317997,-498.2622517401634,0.0,0.0,-671.6891163819585,0.0,0.0,0.0,0.0,0.0,-10.950518648017464,0.0,0.0,0.0,0.0,0.0,0.0,0.0,-93.78282438606104,0.12434351227864227,0.0,0.0,0.0,0.0,0.0,0.0,0.0,0.0,0.0,0.0,0.0,0.0,0.0,0.0,0.0,0.0,0.0,0.0,0.0,0.06838893175327962,0.06838893175327962,0.0,189.31804534151024,0.0,37.30305368363377,0.0,0.0,0.0,585.5795220196491,0.0,0.0,269.21354881419876,0.0,0.0,102.59450496375302,-585.5795220196491,0.0,0.0,0.0,0.0,0.0,0.0,0.0,0.0,0.0,0.0,0.0,0.0,0.0,157.04354724897706,-298.2437969948298,0.0,0.0,274.0007740369317,0.0,-874.1180933370711,354.242148101168,190.52149547124642,0.0,102.59450496375302,0.0,8.811680577691988,0.0,0.0,0.0,206.42009798317997,0.0,0.0,0.0,0.0,0.0,0.0,0.0,0.0,0.0,0.0,0.0,0.0,0.0,37.30305368363377,0.0,0.0,0.0,0.0,0.0,0.0,0.0,0.0,0.0,0.0,0.0,0.0,0.6217175613938961,0.0,0.0,269.21354881419876,-269.21354881419876,0.0,-1000.0,0.0,0.0,18.651526841816885,0.0,0.0,0.0,0.0,0.0,0.0,0.0,0.0,0.0,0.0,0.0,0.0,0.0,18.651526841816885,18.651526841816885,1000.0,-585.5795220196491,0.0,0.0,0.0,0.0,0.0,0.0,0.0,812.1685775806668,0.0,953.8183757624233,0.062171756139389606,0.0,0.0,0.0,82.10668566151246,249.41542378526708,0.0,519.8759452359029,0.0,0.0,0.0,0.0,0.0,0.0,0.0,0.0,0.0,0.0,0.0,0.0,0.0,0.0,0.062171756139389606,0.0,0.0,0.0,277.1226283790671,-277.1226283790671,0.0,0.0,0.0,0.0,0.0,0.0,0.0,0.0,-980.0930554920096,-4.662881710454221,-3.1085878069694832,0.0,0.0,-953.125,-953.125,953.125,0.0,0.0,0.0,0.0,0.0,0.0,0.0,0.0,0.0,0.0,0.0,-37.30305368363377,0.0,0.0,0.0,510.7881244694114,0.0,0.0,0.062171756139389606,0.0,0.062171756139389606,0.0,0.0,0.0,37.30305368363377,75.84954249005533,75.84954249005533,0.0,0.0,0.0,0.0,0.0,0.0,0.0,0.0,0.0,0.0,0.0,0.0,351.37780805541854,216.84966136550736,0.0,0.0,0.0,0.0,0.0,0.0,0.0,0.0,0.0,0.0,0.0,0.0,0.0,163.72065262992163,0.0,0.0,0.0,0.09325763420908441,0.0,0.0,0.0,-18.651526841816885,0.0,0.0,0.0,0.0,0.0,-189.31804534151024,3.1085878069694806,0.0,0.0,0.0,0.0,0.0,1000.0,0.0,0.0,0.0,0.0,0.0,0.0,0.0,0.0,0.0,0.0,0.0,-151.67989686389757,-17.10205264166973,0.0,130.32151194665514,193.85335970494395,0.0,206.61520242963638,0.0,-206.61520242963638,0.0,32.44389212084981,0.0,3.1085878069694832,1000.0,0.0,0.0,0.0,-549.377616276415,0.0,0.0,0.0,0.0,0.0,0.0,0.0,0.0,0.0,908.7109378266751,-203.3066904728729,75.84954249005533,0.0,-109.375,-109.37499999999999,109.37499999999999,0.0,0.0,0.0,0.0,0.0,519.3840235334317,0.0,0.0,0.0,-82.10668566151246,663.6527794528495,0.0,18.651526841816885,269.21354881419876,0.0,0.0,0.0,115.03118556721964,0.0,0.0,0.06838893175327962,0.0,0.0,0.0,37.924771245027664,0.0,0.0,0.0,0.0,-75.13129754424415,0.0,0.0,0.0,0.0,0.0,0.0,0.0,0.0,-376.9897565663289,0.0,0.006217175613938961,0.006217175613938961,0.0,0.0,0.0,0.0,0.0,0.0,0.0,0.0,0.0,0.0,0.0,0.0,0.0,0.0,0.0,189.31804534151024,0.0,0.0,0.0,0.0,0.0,0.0,0.0,0.0,0.0,0.0,0.0,538.4270976283975,514.6575432302092,-1000.0,0.0,0.0,0.0,0.0,37.30305368363377,0.0,0.0,0.0,0.0,0.0,0.0,-37.30305368363377,0.0,538.4270976283975,0.0,0.0,0.0,0.0,0.0,0.0,0.0,0.0,0.0,0.0,1000.0,1000.0,610.8151223764078,-18.651526841816885,0.0,0.0,979.8443684674522,0.0,0.0,0.0,0.0,0.0,0.0,0.0,0.0,0.0,0.0,0.0,0.0,0.0,0.0,0.0,0.0,0.0,-7.7714695174237045,0.0,-4.662881710454221,766.8712781833447,0.0,0.0,0.0,0.0,0.0,-0.7771469517423703,0.0,10.950518648017464,0.0,0.0,0.0,0.0,0.0,0.0,0.0,1000.0,18.651526841816885,18.651526841816885,0.0,0.0,0.0,0.0,0.0,0.06838893175327962,189.31804534151024,0.0,0.0,-979.8443684674522,0.0,0.0,0.0,0.0,0.0,0.0,0.0,0.0,0.0,0.0,0.0,0.0,0.0,0.0,0.0,0.0,0.0,0.0,0.0,65.2803439463591,274.0007740369317,0.0,0.0,0.0,0.0,0.0,189.31804534151024,0.0,-485.7264948212255,0.0,0.0,0.0,-7.7714695174237045,0.0,0.0,0.0,0.0,0.0,0.0,0.0,0.0,0.0,0.0,0.0,0.0,0.0,0.0,0.0,0.0,0.0,0.0,-0.062171756139389606,0.0,0.0,3.1085878069694806,-102.59450496375302,0.0,0.0,0.0,0.0,0.0,0.0,0.0,0.0,-562.8744812173246,1.5542939034847403,0.0,0.0,0.0,0.062171756139389606,0.0,62.17175613938961,-19.27324440321078,12.434351227877924,0.4440839724242115,173.459199628897,-0.046628817104542204,3.1085878069694806,1.2434351227877922,-0.31085878069678785,-173.459199628897,18.651526841816885,-0.06217175613938961,18.520688026774376,0.0,0.015542939034847403,0.4440839724242115,-55.562064080323125,-279.11129239158913,-1.2434351227877922,-300.0,-0.06217175613938961,0.015542939034847403,-173.459199628897,6.217175613938961,0.06217175613938961,0.062171756139389606,-189.1874846536176,-269.14515988244545,0.0,-0.046628817104542204,18.651526841816885,0.06217175613938961,18.651526841816885,-31.085878069694807,-0.031085878069694806,-288.14832178831057,-170.0,-0.046628817104542204,-0.06217175613938961,-19.27324440321078,0.062171756139389606,6.217175613938961,-1.2434351227877922,163.72065262992163,163.72065262992163,-6.217175613938961,300.0,-163.72065262992163,12.434351227877922,0.09325763420908441,-1000.0,6.217175613938961,-157.04354724897706,0.0,-12.434351227877922,0.031085878069694803,0.6217175613938961,143.68933648708787,-4.667701413791807,-0.062171756139389606,-203.3066904728729,189.1874846536176,19.27324440321078,0.06217175613938961,279.11129239158913,-74.6061073672677,0.0,-0.062171756139389606,-0.015542939034847401,0.0,-0.06217175613938961,-93.78282438606104,0.062171756139377976,-0.015542939034847403,-0.015542939034847403,-0.015542939034847403,24.868702455755844,31.085878069694807,0.6217175613938961,75.3565283772654,-0.015542939034847401,268.85798494740135,3.1085878069694806,50.0,0.062171756139389606,0.031085878069694803,0.031085878069694806,6.217175613938961,19.27324440321078,0.062171756139389606,-19.27324440321078,0.6217175613938961,0.06217175613938961,-133.9465854722572,0.06217175613938961,0.24868702455739822,0.31085878069678785,0.031085878069694806,0.015542939034847403,18.651526841816885,-0.06217175613938961,0.0,0.6217175613938961,-150.7130567545308,1.5542939034847407,-6.217175613938961,12.434351227877922,3.1085878069694806,-0.06217175613938961,55.562064080323125,0.09325763420908441,-0.06217175613938961,-12.434351227877922,19.27324440321078,195.5062131427728,0.031085878069694806,-100.0,-0.06217175613938961,-0.062171756139377976,-0.06217175613938961,0.031085878069694806,173.459199628897,-12.434351227877922,0.062171756139389606,287.37867297417574,-0.015542939034847403,269.14515988244545,-287.37867297417574,9.32576342090844,170.0,156.98879969206857,173.459199628897,-0.046628817104542204,203.3066904728729,4.667701413791807,0.06217175613938961,-0.015542939034847405,3.1085878069694832,62.17175613938961,-0.031085878069694803,-0.06217175613938961,0.015542939034847401,1000.0,0.0,774.4086424445027,58.59005709499179,-255.0,0.0,530.8785715550566,-74.27736366558877,0.0,-80.0,-210.07337388919268,-142.75586317453306,-225.5602716774277,40.0,127.5,105.03668694459634,0.0,37.13868183279438,-189.31804534151024,-310.53739870999243,225.5602716774277,142.75586317453306,-310.53739870999243,-530.8785715550566,299.6337516541927,0.0,1496.5981,hplb
344,0.0,0.0,0.0,0.0,0.0,0.0,0.0,0.0,-0.053640351492700945,0.0,0.0,0.0,0.0,0.0,0.0,0.0,-436.58844879322317,610.8536957199974,0.0,0.0,0.0,0.0,0.0,873.5160765688876,0.0,0.0,0.0,0.0,0.0,-940.4265636262616,320.98127133284186,-320.98127133284186,383.0864779334713,0.0,0.0,0.0,0.0,999.7854385940292,0.0,154.64155634758734,983.9078945521898,0.0,-873.1768975864463,412.29974551965506,0.0,0.0,0.0,0.0,0.0,0.0,0.0,0.0,0.0,0.05900438664177443,0.0,0.0,0.0,0.0,0.0,0.0,-111.71768406573779,0.0,537.2441461897437,425.5264621240059,0.0,0.0,0.0,0.0,0.0,521.0193354226126,0.0,0.5364035149270094,0.0,0.0,0.0,0.0,0.0,0.0,0.0,0.0,0.0,0.0,0.0,0.0,32.18421089562057,0.0,0.0,-44.069207733457006,159.09594617635787,495.8269572770966,52.61607371277589,0.0,0.0,0.0,16.092105447810283,0.0,16.092105447810287,-95.30763716830091,0.0,0.0,0.0,568.0769756084883,-940.4265636262616,0.0,0.0,-59.756368318814445,0.0,541.4314682905558,0.0,0.0,0.0,0.0,0.0,0.0,0.0,0.0,0.0,0.0,0.0,0.0,0.0,0.0,0.0,0.0,-121.33492655161503,0.0,0.0,16.092105447810287,0.0,16.628508962737296,0.0,0.0,0.0,0.0,0.0,0.0,0.0,0.0,0.0,0.0,0.0,0.0,0.0,0.0,0.0,4.130307064937971,0.053640351492700945,52.62948380064907,0.0,0.0,-1000.0,704.4154017541981,0.0,0.0,0.0,0.0,367.13343515017186,0.0,0.0,0.0,0.0,0.0,678.9650883156654,678.9650883156654,0.0,0.0,0.0,0.0,-253.97178293855876,0.0,0.0,1000.0,0.0,0.0,0.0,-364.7780394697358,0.0,0.0,0.0,0.0,0.0,0.0,0.0,0.0,0.0,0.0,-806.8782578728693,0.0,0.0,0.0,0.0,-1000.0,0.0,0.0,0.0,0.0,0.0,0.0,873.1768975864463,-654.9229034534544,654.9229034534544,0.0,0.0,0.0,0.0,0.0,0.0,0.0,0.0,469.11314813837674,0.0,0.0,0.0,0.0,0.0,0.0,0.0,0.0,0.0,0.0,0.0,0.0,0.0,0.0,217.04073884288226,503.8381148330384,0.0,0.0,0.0,0.0,55.68776591590631,0.0,0.0,0.0,0.0,-111.71768406573779,91.53836931338333,320.98127133284186,0.0,0.0,0.0,0.0,0.0,0.0,0.0,227.40085348260584,10.728070298540189,0.0,0.0,59.15804795663405,0.0,174.18478639953491,0.0,-503.8381148330384,0.0,0.0,0.0,-934.5587711789049,0.0,0.0,0.0,-58.90293198007953,0.0,0.0,684.7646278740975,684.7646278740975,0.0,0.0,0.0,-684.7646278740975,-495.8269572770966,0.0,0.0,0.0,0.0,93.96881474872936,0.0,0.0,0.0,-61.47923052236888,0.0,61.47923052236888,0.0,999.8927192970147,0.0,0.0,1000.0,0.0,0.0,0.0,-111.71768406573779,-0.08046052723905141,0.0,0.0,0.0,0.0,0.053640351492700945,0.0,0.0,0.0,700.8192751536776,-436.58844879322317,0.0,-39.83757887920963,-446.0108137638258,0.0,1000.0,0.0,-644.7050595806526,0.0,-59.756368318814445,0.0,0.0,0.0,700.2795776933565,778.9941465386083,-834.5686646513122,-1000.0,-1000.0,0.0,0.0,0.0,0.0,0.0,0.0,0.0,0.0,0.0,0.0,0.0,0.0,0.0,0.0,0.0,0.0,0.0,0.0,0.0,-1000.0,0.0,0.0,0.0,0.0,0.0,0.0,89.45011078529805,0.0,0.0,0.0,833.2822497687871,565.3949580338533,0.0,0.0,-285.3794965915617,0.0,-778.9941465386083,0.0,0.0,224.16166964072534,-1000.0,0.0,0.0,1000.0,-1.3410087873175236,-2.682017574635047,-840.6742057609305,0.0,-305.36830293611195,191.4453033994754,1000.0,16.092105447810287,0.0,0.0,0.0,1000.0,0.0,0.0,0.0,0.0,0.0,0.0,-1000.0,0.0,0.0,0.0,0.0,0.0,0.0,0.0,0.0,-223.43536813147557,0.0,-974.6097551419357,0.0,0.0,0.0,0.0,0.0,-94.6359648507299,0.10728070298534242,0.0,0.0,0.0,0.0,0.0,0.0,0.0,0.0,0.0,521.0193354226126,0.0,0.0,0.0,0.0,0.0,0.0,0.0,0.0,0.0,0.05900438664177443,0.05900438664177443,320.98127133284186,230.13602837480346,0.0,32.18421089562057,0.0,0.0,0.0,1000.0,0.0,0.0,0.0,0.0,0.0,-905.2278065468689,-1000.0,0.0,0.0,484.89893918281587,0.0,0.0,0.0,0.0,0.0,0.0,0.0,0.0,0.0,0.0,40.44497551720501,-700.8192751536776,295.5845982458019,0.0,4.130307064937971,0.0,0.0,0.0,-55.68776591590631,0.0,-905.2278065468689,0.0,-542.2032385247073,-457.6605328728915,0.0,0.0,0.0,0.0,0.0,0.0,0.0,0.0,0.0,0.0,0.0,0.0,0.0,0.0,0.0,0.0,32.18421089562057,0.0,0.0,0.0,0.0,0.0,0.0,0.0,0.0,0.0,0.0,0.0,0.0,0.5364035149270094,0.0,320.98127133284186,0.0,0.0,320.98127133284186,873.1768975864463,0.0,0.0,16.092105447810287,-484.89893918281587,0.0,0.0,0.0,0.0,0.0,0.0,0.0,0.0,0.0,-265.29350541693555,0.0,0.0,16.092105447810287,16.092105447810283,134.0383358722973,-1000.0,0.0,0.0,0.0,0.0,0.0,0.0,0.0,940.4265636262616,0.0,1000.0,0.053640351492700945,0.0,0.0,0.0,70.83974705346772,304.0282980202743,0.0,0.0,0.0,0.0,0.0,0.0,0.0,0.0,0.0,0.0,0.0,0.0,0.0,0.0,0.0,0.0,0.053640351492700945,0.0,0.0,0.0,-377.13531023680673,377.13531023680673,0.0,0.0,0.0,0.0,0.0,89.45011078529805,0.0,0.0,-1000.0,-4.023026361952572,-2.682017574635047,0.0,0.0,0.0,0.0,0.0,0.0,0.0,0.0,0.0,0.0,0.0,0.0,0.0,0.0,0.0,0.0,697.3137146385232,0.0,0.0,0.0,-0.053640351492700945,0.0,0.0,0.053640351492700945,0.0,0.053640351492700945,0.0,0.0,0.0,32.18421089562057,65.44122882109517,65.44122882109517,0.0,0.0,0.0,0.0,0.0,0.0,0.0,295.5845982458019,0.0,0.0,0.0,0.0,0.0,704.8980119568779,0.0,0.0,0.0,0.0,0.0,0.0,0.0,0.0,0.0,0.0,0.0,0.0,0.0,55.68776591590631,0.0,0.0,0.0,0.08046052723905141,0.0,0.0,0.0,-16.092105447810287,0.0,0.0,0.0,0.0,0.0,-230.13602837480346,2.682017574635047,0.0,0.0,0.0,0.0,253.97178293855876,0.0,0.0,0.0,-974.6097551419357,0.0,0.0,0.0,0.0,0.0,0.0,0.0,484.89893918281587,0.0,230.13602837480346,0.0,609.8565279472617,244.2719297014598,0.0,89.45011078529805,0.0,-89.45011078529805,0.0,-1000.0,0.0,2.682017574635047,1000.0,0.0,208.47859011153108,-320.98127133284186,-223.43536813147557,0.0,0.0,765.6250000000007,-765.6250000000007,0.0,0.0,0.0,0.0,0.0,1000.0,-201.16779485103584,65.44122882109517,0.0,320.98127133284186,320.98127133284186,0.0,0.0,0.0,0.0,0.0,0.0,227.40085348260584,0.0,0.0,41.03731260962536,-591.8590824760803,385.9550184647994,-873.1768975864463,16.092105447810287,0.0,0.0,0.0,0.0,58.70356224563896,0.0,0.0,0.05900438664177443,0.0,0.0,0.0,32.72061441054758,0.0,0.0,0.0,0.0,217.04073884288226,0.0,0.0,0.0,0.0,0.0,0.0,0.0,0.0,0.0,0.0,0.005364035149270248,0.005364035149270248,0.0,0.0,0.0,0.0,0.0,0.0,0.0,0.0,0.0,0.0,320.98127133284186,0.0,0.0,0.0,0.0,230.13602837480346,0.0,0.0,0.0,0.0,0.0,0.0,0.0,0.0,0.0,0.0,0.0,0.0,0.0,0.0,610.8536957199974,0.0,0.0,0.0,32.18421089562057,0.0,0.0,0.0,0.0,0.0,0.0,-32.18421089562057,0.0,0.0,0.0,0.0,0.0,0.0,0.0,0.0,0.0,320.98127133284186,320.98127133284186,0.0,-1000.0,-1000.0,741.641652729378,0.0,-16.092105447810287,0.0,999.7854385940292,0.0,0.0,0.0,0.0,0.0,0.0,0.0,0.0,0.0,0.0,0.0,0.0,0.0,0.0,0.0,0.0,0.0,-6.705043936587619,0.0,-569.4179843958059,902.0427804459611,0.0,0.0,0.0,0.0,0.0,-905.7647523330783,905.0942479394195,223.43536813147557,0.0,0.0,0.0,0.0,0.0,0.0,0.0,1000.0,16.092105447810283,16.092105447810283,0.0,0.0,0.0,0.0,0.0,0.05900438664177443,230.13602837480346,0.0,0.0,-999.7854385940292,0.0,0.0,0.0,0.0,0.0,0.0,0.0,0.0,0.0,0.0,0.0,0.0,0.0,0.0,0.0,0.0,0.0,0.0,0.0,56.322369067336005,4.130307064937971,0.0,0.0,0.0,0.0,0.0,230.13602837480346,0.0,-97.98965474293595,0.0,0.0,0.0,-6.705043936587619,0.0,0.0,0.0,0.0,0.0,0.0,0.0,0.0,0.0,0.0,0.0,0.0,0.0,0.0,0.0,0.0,0.0,0.0,-0.053640351492700945,0.0,0.0,2.682017574635047,905.2278065468689,0.0,0.0,0.0,0.0,0.0,0.0,0.0,0.0,-700.2795776933565,1.3410087873175236,0.0,0.0,0.0,0.053640351492700945,0.0,53.640351492700944,-16.628508962737296,10.728070298540189,0.38314536780500674,149.65658066463567,-0.040230263619525704,285.3794965915617,1.0728070298540189,-0.26820175746351327,-149.65658066463567,16.092105447810283,-0.053640351492700945,19.918789439604815,0.0,0.013410087873175236,0.38314536780500674,-59.756368318814445,-8.539543957637903,319.90846430298785,-174.26524692677424,-0.053640351492700945,0.013410087873175236,-149.65658066463567,5.364035149270094,0.053640351492700945,0.053640351492700945,-230.023383636669,0.05900438664197119,-54.181408126298045,-0.040230263619525704,16.092105447810287,0.053640351492700945,16.092105447810287,-26.820175746350476,-0.026820175746350473,-193.43929038624492,-61.10544141666911,-0.040230263619525704,-0.053640351492700945,-16.628508962737296,0.053640351492700945,5.364035149270094,-1.0728070298540189,55.68776591590631,55.68776591590631,-5.364035149270094,174.26524692677424,-55.68776591590631,10.728070298540189,0.08046052723905141,-766.375025515583,5.364035149270094,-40.44497551720501,0.0,-10.728070298540189,0.026820175746350473,0.5364035149270094,9.959394719802408,240.86409867334365,-0.053640351492700945,-242.2051074606612,230.023383636669,16.628508962737296,0.053640351492700945,8.539543957637903,-64.36842179124098,0.0,-0.053640351492700945,-0.013410087873175236,0.0,-0.053640351492700945,-94.6359648507299,0.0536403514927315,-0.013410087873175236,-0.013410087873175236,-0.013410087873175236,21.456140597080378,26.820175746350476,0.5364035149270094,39.740795412154924,-0.013410087873175236,0.0,2.682017574635047,50.0,0.053640351492700945,0.026820175746350473,0.026820175746350473,5.364035149270094,16.628508962737296,0.053640351492700945,-16.628508962737296,0.5364035149270094,0.05364035149270094,-39.740795412154924,0.053640351492700945,0.21456140597078013,0.26820175746351327,0.026820175746350473,0.013410087873175236,16.092105447810287,-0.053640351492700945,54.181408126298045,-159.95423215149393,-79.48159082430985,284.03848780424414,-5.364035149270094,10.728070298540189,2.682017574635047,-0.053640351492700945,59.756368318814445,0.08046052723905141,-0.05364035149270094,-10.728070298540189,16.628508962737296,192.16409507980984,0.026820175746350473,-100.0,-0.053640351492700945,-0.0536403514927315,-0.053640351492700945,0.026820175746350473,149.65658066463567,-10.728070298540189,0.053640351492700945,19.918789439604815,-0.013410087873175236,-0.05900438664197119,-19.918789439604815,8.046052723905142,61.10544141666911,12.143300445257566,149.65658066463567,-0.040230263619525704,242.2051074606612,-240.86409867334365,0.053640351492700945,-0.013410087873175238,835.9642673434222,53.640351492700944,-0.026820175746350473,-0.053640351492700945,0.013410087873175236,1000.0,0.0,766.3482053398367,0.0,-255.0,0.0,534.1022670774316,-140.0,0.0,45.08563106105467,-255.0,-325.0,0.0,-22.542815530527335,127.5,127.5,0.0,70.0,-230.13602837480346,-250.86765732544882,0.0,325.0,-250.86765732544882,-534.1022670774316,296.55332685970126,0.0,1496.5981,hplb
345,0.0,0.0,0.0,0.0,0.0,0.0,0.0,0.0,-0.06270518331961872,0.0,0.0,0.0,0.0,0.0,0.0,0.0,186.68016006844107,-15.614817338845512,0.0,0.0,0.0,0.0,0.0,0.0,0.0,782.8090025455206,0.0,0.0,0.0,-931.2085030114359,278.55050113552534,-278.55050113552534,1000.0,0.0,0.0,0.0,0.0,415.53184977389674,0.0,-1000.0,946.0938205626292,0.0,-200.37054226613205,0.0,0.0,0.0,0.0,0.0,0.0,0.0,0.0,0.0,0.0,0.06897570165153122,0.0,0.0,0.0,1.5291423108364341,0.0,0.0,-98.37240352285647,0.0,190.48754451163683,92.11514098878034,0.0,0.0,0.0,0.0,910.1685543763142,-385.3937181887577,0.0,0.6270518331961872,0.0,0.0,0.0,0.0,0.0,0.0,0.0,0.0,0.0,0.0,0.0,0.0,37.62310999177123,0.0,0.0,892.007320197511,865.9927451741539,-773.6148827105106,-0.01567629582990468,0.0,0.0,311.1294766977025,18.811554995885615,0.0,18.811554995885615,-280.5696080384178,0.0,0.0,0.0,437.52677072663596,-961.7344255759402,0.0,0.0,-56.56110402601976,0.0,0.0,0.0,0.0,0.0,0.0,0.0,0.0,0.0,0.0,0.0,0.0,0.0,0.0,0.0,0.0,0.0,0.0,-1000.0,0.0,0.0,18.811554995885615,0.0,19.4386068290818,19.4386068290818,0.0,0.0,0.0,0.0,0.0,0.0,0.0,0.0,0.0,0.0,0.0,0.0,0.0,0.0,4.828299115610638,0.06270518331961872,0.0,0.0,0.0,-784.5093943474741,784.5093943474741,0.0,0.0,0.0,0.0,-92.34188712993881,0.0,0.0,0.0,0.0,0.0,666.9798616105458,666.9798616105458,0.0,0.0,0.0,-46.87500000000001,-641.556192285021,0.0,0.0,945.5930679293907,0.0,0.0,0.0,0.0,-672.4077499853155,0.0,0.0,0.0,0.0,0.0,0.0,0.0,0.0,0.0,-53.09384246234691,0.0,0.0,0.0,0.0,-1000.0,0.0,0.0,0.0,0.0,0.0,0.0,200.37054226613205,-92.37786246364328,92.37786246364328,0.0,0.0,0.0,0.0,0.0,0.0,0.0,30.525922564504334,1000.0,0.0,0.0,0.0,0.0,0.0,0.0,0.0,0.0,0.0,0.0,0.0,0.0,0.0,0.0,-12.257541633537205,544.1578006768628,0.0,0.0,0.0,0.0,91.29988443135997,0.0,0.0,0.0,0.0,-98.37240352285647,544.1578006768628,278.55050113552534,0.0,282.587179148193,0.0,0.0,0.0,0.0,0.0,0.0,11.011894353087309,0.0,0.0,-587.028780417049,170.97128495461618,1000.0,0.0,-544.1578006768628,0.0,0.0,0.0,0.0,0.0,0.0,0.0,-68.0076821970689,0.0,0.0,-902.9676960785437,3.2823039214679284,0.0,0.0,-906.2500000000113,902.9676960785433,773.6148827105106,0.0,-1000.0,0.0,0.0,122.52479068853984,0.0,0.0,0.0,0.0,0.0,0.0,0.0,945.4676575627515,0.0,0.0,1000.0,-46.87500000000001,0.0,0.0,-98.37240352285647,-0.09405777497942806,0.0,0.0,0.0,0.0,0.06270518331961872,0.0,0.0,0.0,889.8885605727544,186.68016006844107,0.0,-138.3649143670384,-239.0715997264544,672.4077499853155,964.9053755585148,0.0,0.0,0.0,-56.56110402601976,0.0,0.0,0.0,-5.398916283819122,-910.1685543763142,915.5674706601335,-1000.0,-1000.0,0.0,0.0,0.0,0.0,0.0,0.0,0.0,0.0,0.0,0.0,0.0,0.0,0.0,0.0,0.0,0.0,282.587179148193,267.0269155396275,0.0,-148.75575496754777,0.0,0.0,0.0,1000.0,0.0,0.0,273.7222020199147,0.0,0.0,0.0,0.0,434.391511560655,0.0,0.0,0.0,494.4692638820744,0.0,861.4136170823142,925.1748077589526,0.0,-1000.0,0.0,-720.3310149463084,0.0,-496.0368934650649,-928.3100669249336,-694.6101679457472,0.0,0.0,1000.0,514.5423895943086,18.811554995885615,0.0,0.0,0.0,0.0,0.0,0.0,0.0,0.0,0.0,0.0,-618.9268212152873,0.0,0.0,0.0,0.0,0.0,30.525922564504334,0.0,0.0,-196.74480704571295,0.0,0.0,0.0,0.0,0.0,0.0,0.0,-31.06909662942282,0.1254103666392236,0.0,0.0,0.0,0.0,0.0,0.0,0.0,0.0,0.0,0.0,0.0,0.0,0.0,0.0,0.0,0.0,0.0,0.0,0.0,0.06897570165153122,0.06897570165153122,278.55050113552534,222.2811758215732,0.0,37.62310999177123,0.0,0.0,0.0,303.89900155400386,0.0,0.0,0.0,0.0,0.0,-385.3658976893272,-303.89900155400386,0.0,0.0,0.0,0.0,0.0,0.0,0.0,0.0,0.0,0.0,0.0,0.0,0.0,333.3333333333333,-889.8885605727544,0.0,0.0,4.828299115610638,0.0,311.1294766977025,0.0,-91.29988443135997,0.0,-385.3658976893272,0.0,-416.43499431875,0.0,456.65407866461385,-456.65407866461385,0.0,0.0,0.0,0.0,0.0,0.0,0.0,0.0,0.0,0.0,0.0,0.0,0.0,0.0,37.62310999177123,0.0,0.0,0.0,0.0,0.0,0.0,0.0,0.0,0.0,0.0,0.0,0.0,0.6270518331961872,0.0,278.55050113552534,0.0,0.0,278.55050113552534,200.37054226613205,0.0,0.0,18.811554995885615,0.0,0.0,0.0,0.0,0.0,0.0,0.0,0.0,0.0,0.0,295.95832418721375,0.0,0.0,18.811554995885615,18.811554995885615,-695.3791845788761,-303.89900155400386,0.0,0.0,0.0,0.0,0.0,0.0,0.0,961.7344255759402,30.525922564504334,1000.0,0.06270518331961872,0.0,0.0,-173.2307966973451,178.28752183790579,917.9468885773833,0.0,-311.1294766977025,0.0,0.0,0.0,0.0,0.0,0.0,0.0,0.0,0.0,0.0,0.0,0.0,0.0,0.0,0.06270518331961872,0.0,0.0,0.0,0.0,0.0,0.0,0.0,0.0,0.0,0.0,273.7222020199147,0.0,0.0,-415.7826705071753,-4.702888748971418,0.0,-3.1352591659809357,0.0,0.0,0.0,0.0,0.0,0.0,0.0,0.0,0.0,0.0,0.0,0.0,672.4077499853155,0.0,0.0,517.6776487602896,0.0,0.0,0.0,-0.06270518331961872,0.0,0.0,0.06270518331961872,0.0,0.06270518331961872,0.0,524.7748361875565,0.0,37.62310999177123,76.50032364993483,76.50032364993483,0.0,0.0,0.0,0.0,0.0,0.0,0.0,0.0,0.0,30.525922564504334,0.0,0.0,0.0,0.0,0.0,0.0,0.0,0.0,0.0,0.0,0.0,0.0,0.0,0.0,0.0,0.0,0.0,91.29988443135997,0.0,-258.03416635796407,258.03416635796407,0.09405777497942806,0.0,0.0,0.0,-18.811554995885615,0.0,0.0,0.0,0.0,0.0,-222.2811758215732,3.1352591659809357,0.0,0.0,0.0,46.87500000000001,641.556192285021,0.0,-3.1352591659809357,0.0,0.0,0.0,0.0,0.0,0.0,0.0,0.0,0.0,0.0,483.20894089137914,222.2811758215732,0.0,312.45896333607624,861.3857845513635,0.0,273.7222020199147,0.0,-273.7222020199147,0.0,-76.50032364993483,0.0,3.1352591659809357,1000.0,0.0,0.0,-278.55050113552534,-196.74480704571295,0.0,0.0,0.0,0.0,0.0,0.0,0.0,0.0,0.0,280.0779070328915,-236.38984206848738,76.50032364993483,0.0,0.0,0.0,278.55050113552534,0.0,0.0,0.0,0.0,0.0,0.0,0.0,0.0,0.0,-5.056725140560673,-251.96718553006895,-200.37054226613205,18.811554995885615,0.0,0.0,0.0,0.0,-216.31730458388395,0.0,0.0,0.06897570165153122,0.0,0.0,0.0,38.250161824967414,0.0,0.0,0.0,0.0,-12.257541633537205,0.0,0.0,0.0,0.0,0.0,0.0,0.0,0.0,0.0,0.0,0.006270518331961871,0.006270518331961871,0.0,0.0,0.0,0.0,0.0,0.0,0.0,0.0,0.0,-173.2307966973451,278.55050113552534,0.0,0.0,0.0,0.0,222.2811758215732,0.0,0.0,0.0,0.0,0.0,0.0,0.0,0.0,0.0,0.0,0.0,0.0,0.0,-426.26913759698584,-15.614817338845512,0.0,0.0,0.0,37.62310999177123,0.0,0.0,0.0,0.0,0.0,0.0,-37.62310999177123,0.0,0.0,0.0,0.0,0.0,0.0,0.0,0.0,0.0,278.55050113552534,278.55050113552534,0.0,-1000.0,-1000.0,42.95305057393882,-18.811554995885615,0.0,0.0,415.53184977389674,0.0,0.0,0.0,0.0,0.0,0.0,0.0,0.0,0.0,0.0,0.0,0.0,0.0,0.0,0.0,0.0,0.0,-7.838147914952353,0.0,-439.0944003096264,231.68695331951602,0.0,0.0,0.0,0.0,0.0,-0.783814791495234,0.0,196.74480704571295,0.0,0.0,0.0,0.0,0.0,0.0,0.0,1000.0,18.811554995885615,18.811554995885615,0.0,0.0,0.0,0.0,0.0,0.06897570165153122,222.2811758215732,0.0,0.0,-415.53184977389674,0.0,0.0,0.0,0.0,0.0,0.0,0.0,0.0,0.0,0.0,0.0,0.0,0.0,0.0,0.0,0.0,0.0,19.4386068290818,0.0,65.84044248559965,4.828299115610638,0.0,0.0,0.0,0.0,0.0,222.2811758215732,0.0,-280.5696080384178,0.0,0.0,0.0,-7.838147914952353,0.0,0.0,0.0,0.0,0.0,0.0,0.0,0.0,0.0,0.0,0.0,0.0,0.0,0.0,0.0,0.0,0.0,0.0,-0.06270518331961872,0.0,0.0,3.1352591659809357,385.3658976893272,0.0,0.0,0.0,0.0,0.0,0.0,0.0,0.0,5.398916283819122,1.5676295829904678,0.0,0.0,782.8090025455206,0.06270518331961872,0.0,62.70518331961871,0.0,12.541036663923743,0.4478941665687051,213.8246751198998,-0.04702888748971403,720.3310149463084,1.2541036663923744,-0.3135259165981633,-213.8246751198998,18.811554995885615,-0.06270518331961872,18.853701342006588,0.0,0.01567629582990468,0.4478941665687051,-56.56110402601976,-9.982665184484063,277.29639746913296,-171.06534272959556,-0.06270518331961872,0.01567629582990468,-213.8246751198998,6.270518331961871,0.06270518331961872,0.06270518331961872,-222.14949493660205,0.0689757016515806,0.0,-0.04702888748971403,18.811554995885615,0.06270518331961872,18.811554995885615,-31.352591659809356,-0.03135259165980936,205.46409518197834,-97.63310794664146,-0.04702888748971403,-0.06270518331961872,0.0,0.06270518331961872,6.270518331961871,-1.2541036663923744,91.29988443135997,91.29988443135997,-6.270518331961871,171.06534272959556,-91.29988443135997,12.541036663923743,0.09405777497942806,-1000.0,6.270518331961871,-333.3333333333333,0.0,-12.541036663923743,0.03135259165980936,0.6270518331961872,34.5912285917596,234.82221248549695,-0.06270518331961872,-236.38984206848738,222.14949493660205,19.4386068290818,0.06270518331961872,9.982665184484063,-75.24621998354242,0.0,-0.06270518331961872,-0.01567629582990468,0.0,-0.06270518331961872,-31.06909662942282,0.0627051833193345,-0.01567629582990468,-0.01567629582990468,-0.01567629582990468,25.082073327847485,31.352591659809356,0.6270518331961872,46.45670269192445,-0.01567629582990468,50.32875584151262,3.1352591659809357,18.669807480692345,0.06270518331961872,0.03135259165980936,0.03135259165980936,6.270518331961871,0.0,0.06270518331961872,0.0,0.6270518331961872,0.06270518331961872,-46.45670269192445,0.06270518331961872,0.25082073327856896,0.3135259165981633,0.03135259165980936,0.01567629582990468,18.811554995885615,-0.06270518331961872,0.0,-138.64819873456648,-92.9134053838489,718.763385363318,-6.270518331961871,12.541036663923743,3.1352591659809357,-0.06270518331961872,56.56110402601976,0.09405777497942806,-0.06270518331961872,-12.541036663923743,0.0,434.1251407440619,0.03135259165980936,-37.33961496138469,-0.06270518331961872,-0.0627051833193345,-0.06270518331961872,0.03135259165980936,213.8246751198998,-12.541036663923743,0.06270518331961872,69.1824571835192,-0.01567629582990468,-0.0689757016515806,-69.1824571835192,9.405777497942806,97.63310794664146,446.55364738955586,213.8246751198998,-0.04702888748971403,236.38984206848738,-234.82221248549695,0.06270518331961872,-0.01567629582990468,3.1352591659809357,62.70518331961871,-0.03135259165980936,-0.06270518331961872,0.01567629582990468,0.0,0.0,999.9686474083402,0.0,-124.90246349771198,0.0,462.40063211813316,-140.0,0.0,-80.0,-255.0,-325.0,0.0,40.0,62.45123174885599,127.5,0.0,70.0,-222.2811758215732,-217.80783616017797,0.0,325.0,-217.80783616017797,-462.40063211813316,265.68816688485686,0.0,1496.5981,hplb
346,0.0,0.0,0.0,0.0,0.0,0.0,0.0,0.0,-0.10818528748810025,0.0,0.0,0.0,0.0,0.0,0.0,0.0,-574.1143191430975,737.284441061874,0.0,0.0,0.0,0.0,0.0,528.9370767624287,0.0,492.3173591510742,0.0,0.0,0.0,-168.71710052047743,0.0,0.0,90.83089389842488,0.0,0.0,0.0,0.0,684.3349450749394,0.0,-1000.0,1000.0,0.0,0.0,742.8314196635749,0.0,0.0,0.0,0.0,0.0,0.0,0.0,0.0,0.0,0.11900381623709677,0.0,0.0,0.0,0.0,0.0,0.0,-17.449687004371356,0.0,0.0,-204.86036438394606,0.0,0.0,0.0,0.0,324.54083123654243,-324.54083123654243,0.0,1.0818528748810023,0.0,0.0,0.0,0.0,0.0,0.0,0.0,978.8305745133291,0.0,0.0,0.0,0.0,64.91117249286015,0.0,70.3923951461108,299.678053726158,437.7182032941609,0.0,-0.02704632187202506,0.0,0.0,0.0,32.45558624643007,0.0,32.45558624643007,0.0,313.73145110181025,0.0,0.0,5.409264374405012,-168.71710052047743,0.0,0.0,-46.778211248087935,24.81440140694121,0.0,0.0,0.0,0.0,0.0,0.0,0.0,0.0,0.0,0.0,0.0,0.0,0.0,0.0,0.0,0.0,0.0,-1000.0,0.0,0.0,32.45558624643007,0.0,33.537439121311074,0.0,0.0,-608.1490009762953,608.1490009762953,0.0,0.0,175.05483452102814,-796.874999999999,796.874999999999,-362.46551190060285,0.0,0.0,0.0,0.0,0.0,78.72266228269451,0.10818528748810025,0.0,0.0,0.0,-462.38217558618123,0.0,0.0,0.0,0.0,0.0,486.8968594296002,0.0,0.0,0.0,0.0,0.0,94.96218963614845,94.96218963614845,0.0,0.0,0.0,0.0,0.0,0.0,0.0,95.07037492363655,0.0,0.0,0.0,525.941353251801,0.0,0.0,0.0,0.0,0.0,0.0,0.0,0.0,0.0,0.0,0.0,0.0,0.0,0.0,0.0,-416.1487939784934,0.0,0.0,0.0,0.0,0.0,0.0,0.0,-299.678053726158,299.678053726158,187.4106773795747,0.0,0.0,0.0,0.0,0.0,0.0,0.0,-272.5924442543926,0.0,0.0,0.0,0.0,0.0,0.0,0.0,0.0,0.0,0.0,0.0,0.0,0.0,0.0,414.95631959539185,742.8314196635749,0.0,0.0,0.0,0.0,-168.65488631886635,0.0,0.0,0.0,0.0,-17.449687004371356,0.0,0.0,0.0,0.0,0.0,0.0,0.0,0.0,0.0,3.483566257117104,21.63705749762005,0.0,0.0,-574.2765970743296,163.11965994598933,0.0,0.0,-742.8314196635749,0.0,0.0,187.4106773795747,-329.2005237114804,0.0,0.0,0.0,-108.56969725692275,0.0,0.0,-1000.0,-999.9999999999998,0.0,0.0,0.0,999.9999999999998,138.0401495680029,0.0,137.92833360955797,0.0,0.0,283.0811610310913,0.0,0.0,0.0,-1000.0,0.0,1000.0,0.0,0.0,0.0,0.0,-275.80046303483095,0.0,0.0,0.0,-17.449687004371356,-0.16227793123215037,0.0,0.0,0.0,0.0,0.10818528748810025,0.0,0.0,0.0,361.4538504142379,-574.1143191430975,0.0,-853.7806948909965,644.3914246333127,0.0,904.0926437440501,0.0,-883.4719870139049,0.0,-46.778211248087935,0.0,0.0,0.0,-9.314753252725618,526.2377965879582,366.54894367867234,-1000.0,-1000.0,0.0,0.0,0.0,0.0,0.0,0.0,0.0,0.0,0.0,0.0,0.0,0.0,0.0,0.0,0.0,0.0,0.0,-315.2323137751081,0.0,-1000.0,0.0,0.0,0.0,0.0,0.0,0.0,369.81434124192526,0.0,313.73145110181025,0.0,0.0,0.0,0.0,0.0,-5.409264374405013,-292.2706258138945,-850.7786278245006,940.6058358924193,-5.409264374405012,267.4949340465129,-779.7153673279122,0.0,0.0,0.0,289.56599362669203,0.0,0.0,0.0,889.0774805278949,563.0666987448134,-1000.0,32.45558624643007,0.0,0.0,0.0,213.89520511903913,0.0,0.0,0.0,0.0,0.0,0.0,66.24594863142875,0.0,0.0,-116.32318108967205,0.0,0.0,0.0,0.0,0.0,-81.52526109609582,0.0,0.0,128.36294250237995,0.0,0.0,0.0,0.0,-55.06704083027818,0.2163705749767275,0.0,0.0,0.0,0.0,0.0,0.0,0.0,0.0,0.0,0.0,0.0,0.0,0.0,0.0,0.0,0.0,0.0,0.0,0.0,0.11900381623709677,0.11900381623709677,0.0,194.63042481324447,0.0,64.91117249286015,0.0,0.0,0.0,394.17879248012736,0.0,0.0,70.3923951461108,0.0,0.0,660.6269145435186,-394.17879248012736,0.0,0.0,0.0,0.0,0.0,128.36294250237995,0.0,0.0,0.0,0.0,0.0,0.0,0.0,333.3333333333333,-361.4538504142379,437.56777417924,0.0,78.72266228269451,0.0,0.0,0.0,-18.755791060708372,0.0,660.6269145435186,0.0,419.85087434959667,185.70899936364378,0.0,0.0,0.0,0.0,0.0,0.0,0.0,0.0,0.0,0.0,0.0,0.0,0.0,0.0,0.0,0.0,64.91117249286015,187.4106773795747,187.4106773795747,0.0,0.0,0.0,0.0,0.0,0.0,0.0,0.0,0.0,0.0,1.0818528748810023,0.0,0.0,70.3923951461108,-70.3923951461108,0.0,0.0,0.0,0.0,32.45558624643007,0.0,0.0,0.0,0.0,0.0,0.0,0.0,0.0,0.0,0.0,311.13117215504906,0.0,0.0,32.45558624643007,32.45558624643007,1000.0,-394.17879248012736,0.0,128.36294250237995,0.0,0.0,0.0,0.0,0.0,168.71710052047743,0.0,278.6391138710014,0.10818528748810025,0.0,0.0,0.0,142.8741271691061,0.0,0.0,0.0,0.0,0.0,0.0,0.0,0.0,0.0,0.0,0.0,0.0,0.0,0.0,0.0,0.0,0.0,0.10818528748810025,0.0,0.0,0.0,0.0,0.0,0.0,0.0,0.0,0.0,0.0,683.5457923437356,0.0,0.0,-684.7676862248919,-8.11389656160752,-5.409264374405012,0.0,0.0,0.0,0.0,0.0,0.0,0.0,0.0,0.0,0.0,0.0,0.0,187.4106773795747,0.0,0.0,0.0,-105.51325509770015,0.0,0.0,0.0,-0.10818528748810025,0.0,0.0,0.10818528748810025,0.0,0.10818528748810025,0.0,0.0,0.0,64.91117249286015,131.98605073548228,131.98605073548228,0.0,0.0,0.0,0.0,0.0,0.0,0.0,437.56777417924,0.0,0.0,0.0,0.0,0.0,0.0,0.0,0.0,0.0,0.0,0.0,0.0,0.0,0.0,0.0,0.0,0.0,0.0,0.0,18.755791060708372,0.0,-492.3173591510742,492.3173591510742,0.16227793123215037,0.0,0.0,0.0,-32.45558624643007,0.0,0.0,0.0,0.0,0.0,-194.63042481324447,5.409264374405012,0.0,0.0,0.0,0.0,0.0,316.45420765626443,0.0,0.0,0.0,0.0,0.0,0.0,0.0,0.0,187.4106773795747,0.0,0.0,0.0,194.63042481324447,0.0,740.93071668162,-46.778211248087935,0.0,686.2685488981897,313.73145110181025,-1000.0,0.0,-461.1865744469627,0.0,5.409264374405012,843.3539386569478,0.0,334.21927215430935,0.0,-222.31005138831742,0.0,0.0,0.0,0.0,0.0,-452.0205697817371,0.0,0.0,0.0,-16.227793123215008,0.0,131.98605073548228,0.0,0.0,0.0,0.0,0.0,0.0,0.0,0.0,0.0,3.483566257117104,0.0,0.0,218.97211449806707,-142.8741271691061,-358.55317272854825,0.0,32.45558624643007,70.3923951461108,0.0,0.0,0.0,182.75715685030758,0.0,0.0,0.11900381623709677,0.0,0.0,0.0,65.99302536774114,0.0,0.0,0.0,0.0,414.95631959539185,0.0,24.81440140694121,0.0,0.0,0.0,0.0,0.0,0.0,0.0,0.0,0.010818528748810025,0.010818528748810025,0.0,0.0,0.0,0.0,0.0,0.0,0.0,0.0,0.0,0.0,0.0,0.0,0.0,0.0,0.0,194.63042481324447,0.0,0.0,0.0,0.0,0.0,0.0,0.0,0.0,0.0,0.0,0.0,140.7847902922216,-535.4298080235387,-474.87049665309837,737.284441061874,0.0,0.0,0.0,64.91117249286015,0.0,0.0,0.0,0.0,0.0,0.0,-64.91117249286015,0.0,140.7847902922216,0.0,0.0,0.0,0.0,0.0,0.0,0.0,0.0,0.0,0.0,-278.6391138710015,-1000.0,74.10692192934866,-1000.0,967.5444137535699,0.0,684.3349450749394,0.0,0.0,0.0,0.0,0.0,0.0,0.0,0.0,0.0,0.0,0.0,0.0,0.0,0.0,0.0,0.0,0.0,-13.523160936012532,187.4106773795747,-8.11389656160752,-8.11389656160752,0.0,0.0,0.0,0.0,0.0,-1.3523160936012533,0.0,81.52526109609582,0.0,0.0,0.0,0.0,0.0,0.0,0.0,1000.0,32.45558624643007,32.45558624643007,0.0,0.0,0.0,0.0,978.8305745133291,0.11900381623709677,194.63042481324447,0.0,0.0,-684.3349450749394,0.0,0.0,0.0,0.0,0.0,0.0,0.0,0.0,0.0,0.0,0.0,0.0,0.0,0.0,0.0,0.0,0.0,0.0,0.0,113.59455186250526,0.0,0.0,78.72266228269451,0.0,0.0,0.0,194.63042481324447,0.0,-321.8634720306694,0.0,0.0,0.0,-13.523160936012532,0.0,0.0,0.0,0.0,0.0,0.0,0.0,0.0,0.0,0.0,0.0,0.0,0.0,0.0,0.0,0.0,0.0,0.0,-0.10818528748810025,0.0,0.0,5.409264374405012,-660.6269145435186,0.0,0.0,0.0,0.0,187.4106773795747,0.0,0.0,0.0,9.314753252725618,2.704632187202506,0.0,0.0,492.3173591510742,0.10818528748810025,0.0,108.18528748810024,-33.537439121311074,21.63705749762005,0.7727520534864303,301.8369520917997,-0.08113896561607518,5.409264374405013,2.163705749762005,-0.540926437440703,-301.8369520917997,32.45558624643007,-0.10818528748810025,15.592737082695978,128.36294250237995,0.02704632187202506,0.7727520534864303,-46.778211248087935,-87.61549291421682,-2.163705749762005,-163.17012191877643,-0.10818528748810025,0.02704632187202506,-301.8369520917997,10.818528748810024,0.10818528748810025,0.10818528748810025,-194.40323570951927,-70.27339132987389,-52.34151223252717,-0.08113896561607518,32.45558624643007,0.10818528748810025,32.45558624643007,-54.09264374405012,-0.05409264374405012,-340.9989247008972,157.7281722825682,-0.08113896561607518,-0.10818528748810025,-33.537439121311074,0.10818528748810025,10.818528748810024,-2.163705749762005,18.755791060708372,18.755791060708372,-10.818528748810024,163.17012191877643,-18.755791060708372,21.63705749762005,0.16227793123215037,-1000.0,10.818528748810024,-333.3333333333333,128.36294250237995,-21.63705749762005,0.05409264374405012,1.0818528748810023,213.44517372274913,216.26748231086452,-0.10818528748810025,-218.97211449806707,194.40323570951927,33.537439121311074,0.10818528748810025,87.61549291421682,-1.459402483340341,128.36294250237995,-0.10818528748810025,-0.02704632187202506,-128.36294250237995,-0.10818528748810025,-79.88144223721939,0.10818528748791323,-0.02704632187202506,-0.02704632187202506,-0.02704632187202506,43.2741149952401,54.09264374405012,1.0818528748810023,80.15177486774611,-0.02704632187202506,411.2976103628023,5.409264374405012,32.942784789544106,0.10818528748810025,0.05409264374405012,0.05409264374405012,75.0,33.537439121311074,0.10818528748810025,-33.537439121311074,1.0818528748810023,0.10818528748810025,-80.15177486774611,0.10818528748810025,0.4327411499525624,0.540926437440703,0.05409264374405012,0.02704632187202506,32.45558624643007,-0.10818528748810025,52.34151223252717,1.0818528748810026,-160.30354973549223,2.704632187202507,-10.818528748810024,21.63705749762005,5.409264374405012,-0.10818528748810025,46.778211248087935,0.16227793123215037,-0.10818528748810025,-150.0,33.537439121311074,29.329547613934334,0.05409264374405012,-65.88556957908821,-0.10818528748810025,-0.10818528748791323,-0.10818528748810025,0.05409264374405012,301.8369520917997,-21.63705749762005,0.10818528748810025,426.89034744549826,-0.02704632187202506,70.27339132987389,-426.89034744549826,16.227793123215037,-157.7281722825682,524.551398635583,301.8369520917997,-0.08113896561607518,218.97211449806707,-216.26748231086452,0.10818528748810025,-0.02704632187202506,5.409264374405012,108.18528748810024,-0.05409264374405012,-0.10818528748810025,0.02704632187202506,0.0,0.0,861.905757788253,0.0,-255.0,0.0,-45.56520686925563,-140.0,0.0,141.03999789462785,-255.0,-325.0,-138.0401495680029,-70.51999894731392,127.5,127.5,0.0,70.0,-194.63042481324447,-212.0867044642419,138.0401495680029,325.0,-212.0867044642419,45.56520686925563,-27.462166567362658,0.0,1496.5981,hplb
347,0.0,0.0,0.0,0.0,0.0,0.0,0.0,0.0,11.950918157664432,0.0,0.0,0.0,0.0,0.0,0.0,0.0,-153.7627221198946,0.0,0.0,394.0444466682286,0.0,0.0,0.0,767.7225792958056,0.0,0.0,0.0,0.0,0.0,153.7627221198946,0.0,0.0,137.093727797226,0.0,0.0,0.0,0.0,999.4739778818507,0.0,-710.3023593549851,775.0786947513795,0.0,0.0,0.0,0.0,0.0,790.2290582563787,0.0,0.0,0.0,0.0,0.0,0.0,0.14465608249091685,0.0,0.0,0.0,26.301105907458254,0.0,0.0,-88.80328267221645,0.0,88.80328267221645,0.0,477.516297497983,0.0,0.0,0.0,0.0,17.105400112170724,0.0,1.3150552953729127,0.0,0.0,0.0,0.0,0.0,0.0,0.0,0.0,0.0,0.0,0.0,0.0,78.90331772237477,0.0,77.22202903763223,394.0444466682286,1000.0,-846.0400195857994,565.0707298602588,0.0,0.0,79.61712019014162,39.45165886118738,0.0,39.45165886118738,-4.234478051100861,0.0,0.0,0.0,125.40139039339537,-331.7861990402428,0.0,0.0,0.0,190.94114873336008,1000.0,0.0,0.0,0.0,0.0,0.0,0.0,0.0,0.0,0.0,0.0,0.0,0.0,0.0,0.0,0.0,0.0,-534.183210767841,0.0,0.0,39.45165886118738,0.0,40.76671415656029,0.0,0.0,0.0,0.0,0.0,0.0,0.0,-171.87500000000537,171.87500000000537,0.0,0.0,0.0,0.0,0.0,0.0,87.34795481200365,0.13150552953729128,565.1036062426431,0.0,0.0,-1000.0,525.0556571006775,0.0,0.0,0.0,0.0,571.1473967312814,0.0,0.0,0.0,0.0,0.0,441.5685343860552,441.5685343860552,0.0,0.0,0.0,0.0,-232.04429901322837,0.0,0.0,441.70003991559247,0.0,0.0,0.0,0.0,0.0,0.0,0.0,0.0,0.0,0.0,0.0,0.0,0.0,0.0,-522.4356406799692,0.0,0.0,0.0,0.0,-1000.0,0.0,0.0,0.0,0.0,0.0,0.0,0.0,0.0,0.0,0.0,0.0,0.0,0.0,0.0,0.0,0.0,485.5489211601374,1000.0,0.0,0.0,0.0,0.0,0.0,0.0,0.0,0.0,0.0,0.0,0.0,0.0,0.0,0.0,236.60540598087883,0.0,0.0,0.0,0.0,0.0,120.72027047000991,0.0,0.0,0.0,0.0,-88.80328267221645,0.0,0.0,0.0,0.0,0.0,0.0,0.0,0.0,0.0,0.0,0.0,0.0,0.0,-1000.0,0.0,394.0444466682286,0.0,0.0,0.0,0.0,0.0,-839.5632539645046,0.0,0.0,0.0,-294.6390407174182,0.0,0.0,0.0,0.0,0.0,-101.00277399471307,101.00277399471307,-101.00277399471307,1000.0,0.0,0.0,0.0,0.0,246.18015693903268,0.0,0.0,0.0,-528.3950166882796,0.0,528.3950166882796,0.0,1000.0,0.0,0.0,1000.0,0.0,0.0,0.0,-88.80328267221645,-0.1972582943059369,0.0,0.0,0.0,0.0,0.13150552953729128,0.0,0.0,0.0,839.8280706688026,-153.7627221198946,0.0,-471.914465632824,246.60778778486792,0.0,727.1483269027594,0.0,-260.1158803841611,0.0,0.0,0.0,0.0,0.0,898.5960861737949,361.5197942103661,-1000.0,1000.0,-964.2258925410501,0.0,0.0,0.0,0.0,0.0,0.0,0.0,0.0,0.0,0.0,0.0,0.0,0.0,0.0,0.0,0.0,0.0,0.0,0.0,-1000.0,0.0,0.0,0.0,392.4508979069021,0.0,96.96635242464032,408.4869060784082,0.0,0.0,0.0,0.0,118.82611391653082,0.0,0.0,-733.0718869338477,0.0,-361.5197942103661,1000.0,-6.5752764768645635,0.0,-86.99090778891818,0.0,470.85810454526666,-931.9935051533947,-3.2876382384322818,0.0,-942.8272601154,0.0,968.9682862837403,196.23998202408626,24.456437239395086,39.45165886118738,0.0,0.0,0.0,613.5232685840052,0.0,12.082423687201723,0.0,0.0,0.0,0.0,-389.6616890366406,0.0,0.0,0.0,0.0,0.0,485.5489211601374,0.0,0.0,-23.162507269168447,0.0,0.0,87.38202670980752,0.0,0.0,0.0,0.0,-86.84944704627087,0.2630110590747563,0.0,0.0,0.0,0.0,0.0,0.0,0.0,0.0,0.0,17.105400112170724,0.0,0.0,0.0,0.0,0.0,0.0,0.0,0.0,0.0,0.14465608249091685,0.14465608249091685,0.0,182.30118190221225,0.0,78.90331772237477,0.0,0.0,0.0,-1000.0,0.0,0.0,77.22202903763223,0.0,0.0,196.48762180147656,1000.0,0.0,0.0,0.0,0.0,0.0,87.38202670980752,0.0,0.0,0.0,0.0,0.0,0.0,0.0,178.06107025594702,-839.8280706688026,284.0031941659623,0.0,87.34795481200365,0.0,0.0,79.61712019014162,-41.10315027986829,0.0,196.48762180147656,0.0,109.6381747552057,0.0,0.0,0.0,0.0,0.0,0.0,0.0,0.0,0.0,0.0,0.0,0.0,0.0,0.0,0.0,0.0,0.0,78.90331772237477,0.0,0.0,0.0,0.0,0.0,0.0,0.0,0.0,0.0,0.0,0.0,0.0,1.3150552953729127,0.0,0.0,77.22202903763223,-77.22202903763223,0.0,0.0,0.0,0.0,39.45165886118738,0.0,0.0,0.0,0.0,0.0,0.0,0.0,0.0,0.0,0.0,-858.7034817984538,892.0417255586563,0.0,39.45165886118738,39.45165886118738,-433.7361029336573,1000.0,0.0,87.38202670980752,0.0,0.0,0.0,0.0,0.0,225.0401687824529,485.5489211601374,35.77410745894982,0.13150552953729128,0.0,0.0,-515.8549468982557,689.5267851564685,0.0,0.0,-79.61712019014162,0.0,0.0,0.0,0.0,0.0,0.0,0.0,0.0,0.0,0.0,0.0,0.0,0.0,0.0,0.13150552953729128,0.0,0.0,0.0,-641.7296607907213,641.7296607907213,0.0,0.0,0.0,0.0,0.0,408.4869060784082,0.0,0.0,-1000.0,-9.862914715296846,-6.5752764768645635,0.0,0.0,0.0,0.0,0.0,0.0,0.0,0.0,0.0,0.0,0.0,0.0,0.0,0.0,0.0,0.0,1000.0,0.0,0.0,0.0,11.950918157664432,0.0,0.0,0.13150552953729128,0.0,0.13150552953729128,0.0,0.0,0.0,78.90331772237477,160.43674603549536,160.43674603549536,0.0,0.0,0.0,0.0,0.0,0.0,0.0,284.0031941659623,0.0,485.5489211601374,0.0,0.0,199.72362885744147,710.195083409514,0.0,0.0,0.0,0.0,0.0,0.0,0.0,0.0,0.0,0.0,0.0,0.0,0.0,120.72027047000991,0.0,0.0,0.0,0.1972582943059369,0.0,0.0,0.0,-39.45165886118738,0.0,0.0,0.0,0.0,0.0,-182.30118190221225,6.5752764768645635,0.0,0.0,0.0,0.0,232.04429901322837,-1000.0,0.0,0.0,0.0,0.0,0.0,0.0,0.0,0.0,0.0,0.0,0.0,0.0,182.30118190221225,0.0,582.7020882585041,0.0,0.0,-591.5130939215918,0.0,591.5130939215918,0.0,-1000.0,0.0,6.5752764768645635,1000.0,0.0,576.2489964500667,0.0,-177.6065653444329,0.0,0.0,0.0,0.0,0.0,-495.83486089041185,0.0,0.0,0.0,602.6540136977169,-99.94420244834157,160.43674603549536,0.0,0.0,0.0,0.0,0.0,0.0,0.0,0.0,0.0,0.0,0.0,0.0,111.94572359976144,-190.77723837038354,194.14745778776066,0.0,39.45165886118738,77.22202903763223,0.0,0.0,0.0,54.914469816764694,0.0,0.0,0.14465608249091685,0.0,0.0,0.0,80.21837301774768,0.0,0.0,0.0,0.0,236.60540598087883,0.0,190.94114873336008,0.0,0.0,0.0,0.0,0.0,0.0,0.0,0.0,0.013150552953729128,0.013150552953729128,0.0,0.0,0.0,0.0,0.0,0.0,0.0,0.0,0.0,-515.8549468982557,0.0,0.0,0.0,0.0,0.0,182.30118190221225,0.0,0.0,0.0,0.0,0.0,0.0,0.0,0.0,0.0,0.0,0.0,154.44405807526445,0.0,86.51900242843942,0.0,0.0,0.0,0.0,78.90331772237477,0.0,0.0,0.0,0.0,0.0,0.0,-78.90331772237477,0.0,154.44405807526445,0.0,0.0,0.0,0.0,0.0,0.0,0.0,0.0,0.0,0.0,0.0,893.2539697422101,1000.0,-39.45165886118738,0.0,0.0,999.4739778818507,0.0,0.0,0.0,0.0,0.0,0.0,0.0,0.0,0.0,0.0,0.0,0.0,0.0,0.0,0.0,0.0,0.0,-16.43819119216141,0.0,-128.68902863182765,1000.0,0.0,0.0,0.0,0.0,0.0,-1.6438191192161409,0.0,23.162507269168447,0.0,0.0,0.0,0.0,0.0,0.0,0.0,1000.0,39.45165886118738,39.45165886118738,0.0,0.0,0.0,0.0,0.0,0.14465608249091685,182.30118190221225,0.0,0.0,-999.4739778818507,0.0,0.0,0.0,0.0,0.0,0.0,0.0,0.0,0.0,0.0,0.0,0.0,0.0,0.0,0.0,0.0,0.0,0.0,0.0,138.08080601415583,87.34795481200365,0.0,0.0,0.0,0.0,0.0,182.30118190221225,0.0,989.1902454720346,0.0,0.0,0.0,-16.43819119216141,0.0,0.0,0.0,0.0,0.0,0.0,0.0,0.0,0.0,0.0,0.0,0.0,0.0,0.0,0.0,0.0,0.0,0.0,-0.13150552953729128,0.0,0.0,6.5752764768645635,-196.48762180147656,0.0,0.0,0.0,0.0,0.0,0.0,0.0,0.0,-898.5960861737949,3.2876382384322818,0.0,0.0,0.0,0.13150552953729128,0.0,131.50552953729127,-40.76671415656029,26.301105907458254,0.9393252109806519,366.9004274090426,-0.09862914715296846,262.2137823885811,2.6301105907458258,-0.6575276476866065,-366.9004274090426,39.45165886118738,-0.13150552953729128,0.0,87.38202670980752,0.03287638238432282,0.9393252109806519,0.0,-98.15770933996907,-2.6301105907458258,-240.281724548334,-0.13150552953729128,0.03287638238432282,-366.9004274090426,13.150552953729127,0.13150552953729128,0.13150552953729128,-182.02502029018405,-77.0773729551412,-223.94317484349688,-0.09862914715296846,39.45165886118738,0.13150552953729128,39.45165886118738,-65.75276476864563,-0.06575276476864564,-347.20422188778457,-134.00232895327633,-0.09862914715296846,-0.13150552953729128,-40.76671415656029,0.13150552953729128,13.150552953729127,-2.6301105907458258,120.72027047000991,120.72027047000991,-13.150552953729127,240.281724548334,-120.72027047000991,26.301105907458254,0.19725829430593692,-1000.0,13.150552953729127,-178.06107025594702,87.38202670980752,-26.301105907458254,0.06575276476864564,1.3150552953729127,117.978616408206,208.6022878096705,-0.13150552953729128,-211.889926048103,182.02502029018405,40.76671415656029,0.13150552953729128,98.15770933996907,-70.42460873494197,87.38202670980752,-0.13150552953729128,-0.03287638238432282,-87.38202670980752,-0.13150552953729128,-277.79059577963096,0.1315055295372929,-0.03287638238432282,-0.03287638238432282,-0.03287638238432282,52.60221181491651,65.75276476864563,1.3150552953729127,97.42915919594165,-0.03287638238432282,235.957232816412,6.5752764768645635,50.0,0.13150552953729128,0.06575276476864564,0.06575276476864564,56.841566308632885,40.76671415656029,0.13150552953729128,-40.76671415656029,1.3150552953729127,0.13150552953729128,-97.42915919594165,0.13150552953729128,0.5260221181492852,0.6575276476866065,0.06575276476864564,0.03287638238432282,39.45165886118738,-0.1315055295372912,223.94317484349688,1.3150552953729129,-194.8583183918833,258.9261441501488,-13.150552953729127,26.301105907458254,6.5752764768645635,-0.13150552953729128,0.0,0.19725829430593692,-0.13150552953729128,-113.68313261726577,40.76671415656029,489.2497207998998,0.06575276476864564,-100.0,-0.13150552953729128,-0.1315055295372929,-0.13150552953729128,0.06575276476864564,366.9004274090426,-26.301105907458254,0.13150552953729128,235.957232816412,-0.03287638238432282,77.0773729551412,-235.957232816412,19.725829430593688,134.00232895327633,315.1404344665282,366.9004274090426,-0.09862914715296846,211.889926048103,-208.6022878096705,0.13150552953729128,-0.03287638238432282,6.5752764768645635,131.50552953729127,-0.06575276476864564,-0.13150552953729128,0.03287638238432282,0.0,0.0,845.9742668210308,0.0,-255.0,0.0,710.7923822042047,-140.0,0.0,-80.0,-250.16268545482285,-325.0,-153.95998041420057,40.0,127.5,125.08134272741142,0.0,70.0,-182.30118190221225,-544.1641906166645,153.95998041420057,325.0,-544.1641906166645,-710.7923822042047,384.0332189927088,0.0,1496.5981,hplb
348,0.0,0.0,0.0,0.0,0.0,0.0,0.0,0.0,-0.11235872467798369,0.0,0.0,0.0,0.0,0.0,0.0,0.0,-298.15817559723325,-518.4645640311064,0.0,1000.0,0.0,0.0,0.0,0.0,0.0,0.0,0.0,0.0,0.0,193.10785344552403,37.35923191302405,-37.35923191302405,1000.0,0.0,0.0,0.0,0.0,-7.224680677596837,0.0,-811.7715454634897,1000.0,0.0,-715.1021824546182,1000.0,0.0,0.0,0.0,0.0,-230.35440897281438,0.0,0.0,1000.0,0.0,0.12359459714589319,0.0,0.0,0.0,22.47174493559674,0.0,0.0,-22.348135657649433,0.0,0.0,-22.348135657649433,0.0,0.0,0.0,0.0,0.0,0.0,0.0,1.1235872467798371,0.0,0.0,0.0,0.0,0.0,0.0,0.0,0.0,0.0,0.0,0.0,0.0,67.41523480679022,0.0,0.0,1000.0,833.3469841110349,298.32671368425025,0.0,0.0,0.0,21.134896622907263,33.70761740339511,0.0,119.50888227649459,0.0,0.0,0.0,0.0,5.617936233899185,-638.443460900058,0.0,0.0,-17.81463384250125,0.0,158.80457480958745,0.0,0.0,0.0,0.0,0.0,0.0,0.0,0.0,0.0,0.0,0.0,0.0,0.0,0.0,0.0,0.0,-651.9101062057763,0.0,0.0,119.50888227649459,0.0,34.831204650174946,0.0,0.0,0.0,0.0,0.0,0.0,268.7601732108147,0.0,0.0,-268.7601732108147,0.0,0.0,0.0,0.0,0.0,8.651621800204738,0.11235872467798369,0.028089681169495923,0.0,0.0,0.0,0.0,0.0,0.0,0.0,0.0,306.65130509402695,0.0,0.0,0.0,0.0,0.0,962.528409362298,962.528409362298,0.0,0.0,0.0,0.0,-1000.0,0.0,0.0,1000.0,0.0,0.0,0.0,0.0,-481.85085623675803,0.0,0.0,0.0,0.0,0.0,0.0,0.0,0.0,0.0,0.0,0.0,0.0,0.0,0.0,-1000.0,0.0,0.0,0.0,0.0,0.0,0.0,-284.8978175453818,-881.7551983435834,881.7551983435834,0.0,0.0,0.0,0.0,0.0,0.0,0.0,831.551314345582,0.0,0.0,0.0,0.0,0.0,0.0,0.0,0.0,0.0,0.0,0.0,0.0,0.0,0.0,60.650687319857866,30.74475474429296,620.3025486699055,0.0,0.0,0.0,0.0,158.65176880752364,0.0,0.0,0.0,0.0,-22.348135657649433,-379.69745133009457,37.35923191302405,0.0,0.0,0.0,0.0,0.0,0.0,0.0,40.977182847655854,0.0,85.80126487309948,0.0,0.0,1000.0,-397.0074248617795,0.0,-620.3025486699055,0.0,0.0,0.0,137.07764410714012,0.0,0.0,0.0,-433.32608262709164,0.0,0.0,-1000.0,-348.7097494774082,-493.5248254216479,-506.475174578352,-144.8150759442397,0.0,-48.40821423254857,0.0,-169.86535340187544,0.0,0.0,154.82907304405092,0.0,0.0,0.0,-1000.0,0.0,1000.0,0.0,999.7752825506441,0.0,0.0,0.0,0.0,0.0,0.0,-22.348135657649433,-0.16853808701697554,0.0,0.0,0.0,0.0,0.11235872467798369,0.0,0.0,0.0,680.8621660683259,-298.15817559723325,0.0,-318.2002338476899,-321.7136626079551,481.85085623675803,991.9806272120913,0.0,0.0,0.0,-17.81463384250125,0.0,0.0,0.0,495.3088068066956,0.0,-495.3088068066956,179.44283779057832,62.179875449464134,0.0,0.0,0.0,0.0,0.0,0.0,0.0,0.0,0.0,0.0,0.0,0.0,0.0,0.0,0.0,0.0,0.0,-1000.0,0.0,-993.2247542211152,0.0,0.0,0.0,0.0,838.3737088811667,0.0,-12.269572734836546,0.0,0.0,0.0,365.2833883888434,0.0,0.0,0.0,994.3820637661008,-899.9535853425126,0.0,637.0027122252428,0.0,403.3975966918913,-929.6460940544143,0.0,-1000.0,0.0,897.144617225563,-5.617936233899185,0.0,0.0,1000.0,0.0,-241.48185669510747,119.50888227649459,0.0,0.0,0.0,51.70294126110338,0.0,0.0,0.0,-60.650687319857866,60.650687319857866,60.650687319857866,-681.6578140120837,0.0,0.0,0.0,0.0,0.0,831.551314345582,0.0,0.0,-44.696271315298866,0.0,-923.8292654258071,127.52825506440325,0.0,0.0,0.0,0.0,-88.76412753220163,0.22471744935591853,0.0,0.0,0.0,0.0,0.0,0.0,0.0,0.0,0.0,0.0,0.0,0.0,0.0,0.0,0.0,0.0,0.0,0.0,0.0,0.12359459714589319,0.12359459714589319,37.35923191302405,318.1789423842611,0.0,67.41523480679022,0.0,0.0,0.0,0.0,0.0,0.0,0.0,0.0,0.0,-275.87581834369934,0.0,0.0,0.0,0.0,0.0,0.0,127.52825506440325,0.0,0.0,0.0,0.0,0.0,0.0,0.0,217.30336873525877,-680.8621660683259,0.0,0.0,8.651621800204738,0.0,0.0,21.134896622907263,-137.51687218461637,0.0,-275.87581834369934,0.0,-364.63994587590093,0.0,81.08547557535624,-81.08547557535624,60.650687319857866,0.0,0.0,0.0,0.0,0.0,0.0,0.0,0.0,0.0,0.0,0.0,0.0,0.0,67.41523480679022,0.0,0.0,0.0,0.0,0.0,0.0,0.0,0.0,0.0,0.0,0.0,0.0,1.1235872467798371,0.0,37.35923191302405,0.0,0.0,37.35923191302405,-284.8978175453818,0.0,0.0,119.50888227649459,0.0,0.0,0.0,0.0,0.0,0.0,0.0,0.0,0.0,0.0,27.092891127731075,0.0,0.0,33.70761740339511,33.70761740339511,288.48341447965527,0.0,0.0,127.52825506440325,0.0,0.0,0.0,0.0,0.0,459.00062310947965,831.551314345582,62.179875449464134,0.11235872467798369,0.0,0.0,0.0,148.38574718366007,880.2977616578848,0.0,-21.134896622907263,0.0,0.0,0.0,0.0,0.0,0.0,0.0,0.0,0.0,0.0,0.0,0.0,0.0,0.0,0.11235872467798369,0.0,0.0,0.0,0.0,0.0,0.0,0.0,0.0,0.0,-359.34119667209507,347.0716239372585,0.0,0.0,6.775245778884823,-8.426904350848778,-5.617936233899189,0.0,0.0,0.0,0.0,0.0,0.0,0.0,0.0,0.0,0.0,0.0,0.0,0.0,481.85085623675803,0.0,0.0,764.1360795387918,0.0,0.0,0.0,-0.11235872467798369,0.0,0.0,0.11235872467798369,0.0,0.11235872467798369,0.0,0.0,0.0,67.41523480679022,137.07764410714012,137.07764410714012,0.0,0.0,0.0,0.0,0.0,0.0,0.0,0.0,0.0,831.551314345582,0.0,0.0,0.0,504.98289300147013,0.0,0.0,0.0,0.0,0.0,0.0,0.0,0.0,0.0,0.0,0.0,0.0,0.0,158.65176880752364,0.0,0.0,0.0,0.16853808701697554,0.0,0.0,0.0,-119.50888227649459,0.0,0.0,0.0,0.0,0.0,-318.1789423842611,5.617936233899185,0.0,0.0,0.0,0.0,1000.0,-5.617936233899189,0.0,0.0,-923.8292654258071,0.0,0.0,0.0,0.0,0.0,0.0,0.0,0.0,33.32860929763472,257.52825506440325,0.0,302.52825506440325,862.4831278153836,0.0,341.4536877033593,0.0,-341.4536877033593,0.0,0.0,0.0,5.617936233899189,563.306580666549,0.0,0.0,-37.35923191302405,-44.696271315298866,0.0,0.0,0.0,0.0,0.0,0.0,0.0,0.0,0.0,326.6058467351099,-343.45965543680757,137.07764410714012,0.0,-288.53246620550016,-288.53246620550016,325.89169811852423,0.0,0.0,0.0,0.0,0.0,40.977182847655854,0.0,0.0,0.0,-148.38574718366007,0.0,-715.1021824546182,33.70761740339511,0.0,0.0,0.0,0.0,-54.80823368714255,0.0,0.0,0.12359459714589319,0.0,0.0,0.0,68.53882205357006,0.0,0.0,0.0,0.0,30.74475474429296,0.0,0.0,0.0,0.0,0.0,0.0,0.0,0.0,0.0,0.0,535.4480325786934,0.01123587246779837,0.0,0.0,0.0,0.0,0.0,0.0,0.0,0.0,0.0,0.0,37.35923191302405,0.0,0.0,0.0,0.0,318.1789423842611,0.0,0.0,0.0,0.0,0.0,0.0,0.0,0.0,0.0,0.0,0.0,0.0,0.0,-281.43393111453753,-518.4645640311064,0.0,0.0,0.0,67.41523480679022,0.0,0.0,0.0,0.0,0.0,0.0,-67.41523480679022,0.0,0.0,0.0,0.0,0.0,0.0,0.0,0.0,0.0,37.35923191302405,37.35923191302405,0.0,1000.0,0.0,581.948619405889,0.0,-119.50888227649459,0.0,-7.224680677596837,0.0,0.0,0.0,0.0,0.0,0.0,0.0,0.0,0.0,0.0,0.0,0.0,0.0,0.0,0.0,0.0,0.0,-14.044840584747966,0.0,-8.426904350848778,840.0156440874289,0.0,0.0,0.0,0.0,0.0,-1.4044840584747964,0.0,44.696271315298866,0.0,0.0,0.0,0.0,0.0,0.0,0.0,1000.0,33.70761740339511,33.70761740339511,0.0,0.0,0.0,0.0,0.0,0.12359459714589319,318.1789423842611,0.0,0.0,7.224680677596837,535.4367967062257,0.0,0.0,0.0,0.0,0.0,0.0,0.0,0.0,0.0,0.0,0.0,0.0,0.0,0.0,0.0,0.0,0.0,0.0,117.97666091188289,8.651621800204738,0.0,0.0,0.0,0.0,0.0,318.1789423842611,0.0,0.0,0.0,0.0,0.0,-14.044840584747966,0.0,0.0,0.0,0.0,0.0,0.0,0.0,0.0,0.0,0.0,0.0,0.0,0.0,0.0,0.0,0.0,0.0,0.0,-0.11235872467798369,0.0,0.0,5.617936233899185,275.87581834369934,0.0,0.0,0.0,0.0,0.0,0.0,0.0,0.0,-495.3088068066956,2.8089681169495933,0.0,0.0,0.0,0.11235872467798369,0.0,112.35872467798369,-34.831204650174946,22.471744935596742,0.802562319128455,313.4808418515745,-0.08426904350848777,5.617936233899172,2.247174493559674,-0.5617936233899972,-313.4808418515745,33.70761740339511,-0.11235872467798369,5.938211280833751,127.52825506440325,0.028089681169495923,0.802562319128455,-17.81463384250125,-17.887508968735744,35.112057419464406,-183.37726037166033,-0.11235872467798369,0.028089681169495923,-313.4808418515745,11.23587246779837,0.11235872467798369,0.11235872467798369,-317.9429890624373,0.12359459714573429,-172.8370981893143,-0.08426904350848777,33.70761740339511,0.11235872467798369,119.50888227649459,29.621902534107633,-0.056179362338991845,-98.18493921971015,-170.0,-0.08426904350848777,-0.11235872467798369,-34.831204650174946,0.11235872467798369,11.23587246779837,-2.247174493559674,158.65176880752364,158.65176880752364,-11.23587246779837,183.37726037166033,-158.65176880752364,22.47174493559674,0.16853808701697554,-442.4805174267258,11.23587246779837,-217.30336873525877,127.52825506440325,-22.47174493559674,0.056179362338991845,1.1235872467798371,79.55005846192248,280.0,-0.11235872467798369,-343.45965543680757,317.9429890624373,34.831204650174946,0.11235872467798369,17.887508968735744,-93.10347942227682,127.52825506440325,-0.11235872467798369,-0.028089681169495923,-127.52825506440325,-0.11235872467798369,-88.76412753220163,0.11235872467787,-0.028089681169495923,-0.028089681169495923,-0.028089681169495923,44.94348987119348,-29.621902534107633,1.1235872467798371,83.24377014580347,-0.028089681169495923,153.1619056430112,5.617936233899185,50.0,0.11235872467798369,0.056179362338991845,0.056179362338991845,75.0,34.831204650174946,0.11235872467798369,-34.831204650174946,1.1235872467798371,0.11235872467798369,-83.24377014580347,0.11235872467798369,0.44943489871201336,0.5617936233899972,0.056179362338991845,0.028089681169495923,33.70761740339511,-0.11235872467798369,172.8370981893143,-17.556028709732203,-166.48754029160693,2.8089681169496057,-11.23587246779837,22.47174493559674,5.617936233899185,-0.11235872467798369,17.81463384250125,0.16853808701697554,-0.11235872467798369,-150.0,34.831204650174946,479.83185856264157,0.056179362338991845,-100.0,-0.11235872467798369,-0.11235872467787,-0.11235872467798369,0.056179362338991845,313.4808418515745,-22.47174493559674,0.11235872467798369,159.10011692384495,-0.028089681169495923,-0.12359459714573429,-159.10011692384495,16.853808701697552,170.0,-102.12530103866526,313.4808418515745,-0.08426904350848777,343.45965543680757,-280.0,0.11235872467798369,-0.028089681169495923,370.90132462274255,112.35872467798369,-0.056179362338991845,-0.11235872467798369,0.028089681169495923,0.0,0.0,192.50583861268512,0.0,16.448363837176633,0.0,883.3345725368578,-140.0,0.0,-80.0,-255.0,-325.0,-249.91849945170168,40.0,-8.224181918588316,127.5,0.0,70.0,-318.1789423842611,-425.023624875499,249.91849945170168,325.0,-425.023624875499,-883.3345725368578,482.6010897456681,0.0,1496.5981,hplb
349,0.0,0.0,0.0,0.0,0.0,0.0,0.0,0.0,194.69926402210214,0.0,0.0,0.0,0.0,0.0,0.0,0.0,0.0,32.65686254655431,0.0,0.0,0.0,0.0,0.0,672.823666721852,0.0,337.93804495543674,0.0,0.0,0.0,-684.074553168889,0.0,0.0,69.96844520908498,0.0,0.0,0.0,0.0,608.2491613535133,0.0,-1000.0,798.4494217279527,0.0,0.0,1000.0,0.0,0.0,0.0,0.0,0.0,0.0,0.0,0.0,0.0,0.13057274853226955,0.0,0.0,0.0,23.740499733080238,0.0,0.0,6.008033408429758,0.0,555.1097692310665,511.7325022668099,0.0,0.0,0.0,0.0,340.20136117503984,-340.20136117503984,0.0,1.1870249866540121,0.0,0.0,0.0,0.0,0.0,0.0,0.0,0.0,0.0,0.0,0.0,0.0,71.22149919924072,0.0,0.0,182.56783567255525,150.08902687399905,0.0,-0.0296756246663503,0.0,0.0,-984.5121272656831,35.61074959962036,0.0,35.61074959962036,-3.8222204570244993,0.0,0.0,0.0,5.9351249332700595,-990.1557689744628,0.0,0.0,-67.40822957040932,0.0,0.0,0.0,0.0,0.0,0.0,0.0,0.0,0.0,0.0,0.0,0.0,0.0,0.0,0.0,0.0,0.0,0.0,-731.7485432566377,0.0,0.0,35.61074959962036,0.0,36.79777458627437,0.0,0.0,0.0,0.0,0.0,0.0,-49.385300372686345,0.0,0.0,0.0,0.0,0.0,0.0,0.0,0.0,9.140092397235886,0.11870249866540118,0.0,0.0,0.0,0.0,-435.07669430051465,0.0,0.0,0.0,0.0,633.0201024412463,0.0,0.0,0.0,0.0,0.0,398.7067818733809,398.7067818733809,0.0,0.0,0.0,421.875,-1000.0,0.0,0.0,398.82548437204633,0.0,0.0,0.0,547.8582564286711,0.0,0.0,0.0,0.0,0.0,0.0,0.0,0.0,0.0,0.0,-641.6774719536503,0.0,0.0,0.0,0.0,-1000.0,0.0,0.0,0.0,0.0,0.0,0.0,0.0,149.91097312600095,-149.91097312600095,0.0,0.0,0.0,0.0,0.0,0.0,0.0,306.0812158055739,1000.0,0.0,0.0,0.0,0.0,0.0,0.0,0.0,0.0,0.0,0.0,0.0,0.0,0.0,0.0,382.55769376667513,684.074553168889,0.0,0.0,0.0,49.385300372686345,0.0,0.0,0.0,0.0,0.0,6.008033408429758,-315.925446831111,0.0,0.0,201.98915995707637,0.0,0.0,0.0,0.0,0.0,0.0,0.0,0.0,0.0,-0.17805374799809215,0.0,332.4788087985562,0.0,-684.074553168889,0.0,0.0,49.385300372686345,-855.1829516282105,0.0,0.0,0.0,-181.46560818417674,0.0,0.0,-355.3077660463125,-355.3077660463124,0.0,0.0,0.0,355.3077660463124,300.0,0.0,0.0,0.0,0.0,331.17997127646936,0.0,0.0,0.0,0.0,0.0,0.0,0.0,398.5880793747155,0.0,49.385300372686345,917.1038976952739,421.875,0.0,0.0,6.008033408429758,-0.17805374799810178,0.0,0.0,0.0,0.0,0.11870249866540118,0.0,0.0,0.0,964.3892504003796,0.0,0.0,-890.0342630040149,526.4732973298562,0.0,748.4092050524744,0.0,-228.93371498526133,0.0,-67.40822957040932,0.0,0.0,0.0,908.4685032791089,-679.5347882938474,0.0,898.4244825873199,-1000.0,0.0,0.0,0.0,0.0,0.0,0.0,0.0,0.0,0.0,0.0,0.0,0.0,0.0,0.0,0.0,0.0,201.98915995707637,-391.27602865182564,0.0,-1000.0,0.0,0.0,0.0,0.0,0.0,0.0,-9.140092397235886,0.0,0.0,0.0,0.0,0.0,0.0,0.0,0.0,-288.88156632708996,339.33342711880766,0.0,-5.9351249332700595,-78.52170286716289,-1000.0,0.0,-5.9351249332700595,0.0,285.91400386045495,0.0,0.0,0.0,-869.8460090723096,0.0,1000.0,35.61074959962036,0.0,0.0,0.0,0.0,0.0,194.81796652076756,535.7624837710237,535.7624837710237,-535.7624837710237,-535.7624837710237,-266.0036950058325,0.0,0.0,0.0,0.0,0.0,306.0812158055739,0.0,0.0,-37.36923355582683,0.0,-25.29266778631444,85.65096627509868,0.0,0.0,0.0,0.0,-88.12975013345988,0.23740499733082743,0.0,0.0,0.0,0.0,0.0,0.0,0.0,0.0,0.0,0.0,0.0,0.0,0.0,0.0,0.0,0.0,0.0,0.0,0.0,0.13057274853226955,0.13057274853226955,0.0,254.94815489023708,0.0,71.22149919924072,0.0,0.0,0.0,417.11866109189776,0.0,704.9883972643333,0.0,0.0,0.0,486.4228545073574,-417.11866109189776,0.0,0.0,0.0,0.0,0.0,85.65096627509868,0.0,0.0,0.0,0.0,0.0,0.0,0.0,243.9161810855459,-964.3892504003796,435.07669430051465,0.0,9.140092397235886,0.0,0.0,-984.5121272656831,-984.5121272656831,0.0,486.4228545073574,0.0,398.2931043738975,0.0,0.0,0.0,0.0,0.0,0.0,0.0,0.0,0.0,0.0,0.0,0.0,0.0,0.0,0.0,0.0,0.0,71.22149919924072,49.385300372686345,49.385300372686345,0.0,0.0,0.0,0.0,0.0,0.0,0.0,0.0,0.0,0.0,1.1870249866540121,0.0,0.0,0.0,0.0,0.0,0.0,0.0,0.0,35.61074959962036,0.0,0.0,0.0,0.0,0.0,0.0,0.0,0.0,0.0,0.0,748.4371583717125,111.9822071027462,0.0,35.61074959962036,35.61074959962036,-278.5016177657408,-417.11866109189776,0.0,85.65096627509868,0.0,0.0,0.0,0.0,0.0,1000.0,306.0812158055739,876.8681736119204,0.11870249866540118,0.0,0.0,0.0,156.76360698747163,0.0,0.0,984.5121272656831,0.0,0.0,0.0,0.0,0.0,0.0,0.0,0.0,0.0,0.0,0.0,0.0,0.0,0.0,0.11870249866540118,0.0,0.0,0.0,0.0,0.0,0.0,0.0,0.0,0.0,0.0,0.0,0.0,0.0,-617.8640637454102,-8.90268739990509,0.0,-5.9351249332700595,0.0,0.0,0.0,0.0,0.0,0.0,0.0,0.0,0.0,0.0,0.0,49.385300372686345,0.0,0.0,0.0,136.08911586096042,0.0,0.0,0.0,194.69926402210214,0.0,0.0,0.11870249866540118,0.0,0.11870249866540118,0.0,0.0,0.0,71.22149919924072,144.81704837178947,144.81704837178947,0.0,0.0,0.0,0.0,0.0,0.0,0.0,435.07669430051465,0.0,306.0812158055739,0.0,0.0,918.6887884142002,0.0,0.0,0.0,0.0,0.0,0.0,0.0,0.0,0.0,0.0,0.0,0.0,0.0,0.0,0.0,0.0,-337.93804495543674,337.93804495543674,0.17805374799810178,0.0,0.0,0.0,-35.61074959962036,0.0,0.0,0.0,0.0,0.0,-254.94815489023708,5.9351249332700595,0.0,0.0,0.0,-421.875,1000.0,0.0,-5.9351249332700595,0.0,-25.29266778631444,0.0,0.0,0.0,0.0,0.0,49.385300372686345,0.0,0.0,995.4556321222436,254.94815489023708,0.0,736.3361945674344,-67.40822957040932,9.140092397235886,-9.140092397235886,0.0,0.0,0.0,-1000.0,0.0,5.9351249332700595,812.3261687768146,0.0,0.0,0.0,-37.36923355582683,0.0,0.0,0.0,0.0,0.0,0.0,0.0,0.0,0.0,714.085996139545,-90.21389898570499,144.81704837178947,0.0,0.0,0.0,0.0,0.0,0.0,0.0,0.0,0.0,0.0,0.0,0.0,191.44231810424742,-156.76360698747163,0.0,0.0,35.61074959962036,0.0,0.0,0.0,0.0,256.91666272359737,0.0,0.0,0.13057274853226955,0.0,0.0,0.0,72.40852418589473,0.0,0.0,0.0,0.0,382.55769376667513,0.0,0.0,0.0,0.0,0.0,0.0,0.0,0.0,0.0,0.0,0.011870249866540119,0.011870249866540119,0.0,0.0,0.0,0.0,0.0,0.0,0.0,0.0,0.0,0.0,0.0,0.0,0.0,0.0,0.0,254.94815489023708,0.0,0.0,0.0,0.0,0.0,0.0,0.0,0.0,0.0,0.0,0.0,0.0,0.0,0.0,32.65686254655431,0.0,0.0,0.0,71.22149919924072,0.0,0.0,0.0,0.0,0.0,0.0,-71.22149919924072,0.0,0.0,0.0,0.0,0.0,0.0,0.0,0.0,0.0,0.0,0.0,0.0,-1000.0,908.268713612857,1000.0,-977.0379392363985,941.4271896367782,0.0,608.2491613535133,0.0,0.0,0.0,0.0,0.0,0.0,0.0,0.0,0.0,0.0,0.0,0.0,0.0,0.0,0.0,0.0,0.0,-14.837812333175151,49.385300372686345,-8.90268739990509,1000.0,0.0,0.0,0.0,0.0,0.0,-1.483781233317515,0.0,37.36923355582683,0.0,0.0,0.0,0.0,0.0,0.0,0.0,876.8681736119204,35.61074959962036,35.61074959962036,0.0,0.0,0.0,0.0,0.0,0.13057274853226955,254.94815489023708,0.0,0.0,-608.2491613535133,0.0,0.0,0.0,0.0,0.0,0.0,0.0,0.0,0.0,0.0,0.0,0.0,0.0,0.0,0.0,0.0,0.0,0.0,0.0,124.63762359867127,9.140092397235886,0.0,0.0,0.0,0.0,0.0,254.94815489023708,0.0,-3.8222204570244993,0.0,0.0,0.0,-14.837812333175151,0.0,0.0,0.0,0.0,0.0,0.0,0.0,0.0,0.0,0.0,0.0,0.0,0.0,0.0,0.0,0.0,0.0,0.0,-0.11870249866540118,0.0,0.0,5.9351249332700595,-486.4228545073574,0.0,0.0,0.0,0.0,49.385300372686345,0.0,0.0,0.0,-908.4685032791089,2.9675624666350298,0.0,0.0,337.93804495543674,0.11870249866540118,0.0,118.70249866540118,-36.79777458627437,23.74049973308024,0.8478749904671513,331.17997127646936,-0.08902687399905089,5.9351249332700595,2.374049973308024,-0.5935124933264911,-331.17997127646936,35.61074959962036,-0.1187024986654012,22.469409856803107,85.65096627509868,0.0296756246663503,0.8478749904671513,-67.40822957040932,-18.897437787530446,-2.374049973308024,-32.65686254655431,-0.1187024986654012,0.0296756246663503,-331.17997127646936,11.870249866540119,0.1187024986654012,0.11870249866540118,-254.6988796430394,0.1305727485319413,-23.281736201726247,-0.08902687399905089,35.61074959962036,0.1187024986654012,35.61074959962036,-59.351249332700604,-0.0593512493327006,-474.92190709870147,-11.988952365205535,-0.08902687399905089,-0.1187024986654012,-36.79777458627437,0.11870249866540118,11.870249866540119,-2.374049973308024,0.0,0.0,-11.870249866540119,32.65686254655431,0.0,23.740499733080238,0.17805374799810178,-455.6302225034585,11.870249866540119,-243.9161810855459,85.65096627509868,-23.740499733080238,0.0593512493327006,1.1870249866540121,222.50856575100372,278.6886546233173,-0.11870249866540118,-281.6562170899524,254.6988796430394,36.79777458627437,0.1187024986654012,18.897437787530446,-56.792032123382796,85.65096627509868,-0.11870249866540118,-0.0296756246663503,-85.65096627509868,-0.1187024986654012,-88.12975013345988,0.11870249866530003,-0.0296756246663503,-0.0296756246663503,-0.0296756246663503,47.480999466160476,59.351249332700604,1.1870249866540121,87.943713698728,-0.0296756246663503,422.5477216452043,5.9351249332700595,50.0,0.11870249866540118,0.0593512493327006,0.0593512493327006,30.00308281774629,36.79777458627437,0.11870249866540118,-36.79777458627437,1.1870249866540121,0.1187024986654012,-87.943713698728,0.1187024986654012,0.4748099946611184,0.5935124933264911,0.0593512493327006,0.0296756246663503,35.61074959962036,-0.1187024986654012,23.281736201726247,1.187024986654012,-175.887427397456,2.967562466635031,-11.870249866540119,23.740499733080238,5.9351249332700595,-0.1187024986654012,67.40822957040932,0.17805374799810178,-0.1187024986654012,-60.00616563549258,36.79777458627437,52.05265754465762,0.0593512493327006,-100.0,-0.1187024986654012,-0.11870249866530003,-0.1187024986654012,0.0593512493327006,331.17997127646936,-23.740499733080238,0.11870249866540118,445.01713150200743,-0.0296756246663503,-0.1305727485319413,-445.01713150200743,17.805374799810178,11.98895236520552,217.33310023007505,331.17997127646936,-0.08902687399905089,281.6562170899524,-278.6886546233173,0.1187024986654012,-0.029675624666350306,5.9351249332700595,118.70249866540118,-0.0593512493327006,-0.1187024986654012,0.0296756246663503,0.0,0.0,155.57087125412582,0.0,-255.0,0.0,-135.02709049716896,-140.0,0.0,-80.0,309.6714248431616,-325.0,-300.0,40.0,127.5,-154.8357124215808,0.0,70.0,-254.94815489023708,-308.969320268255,300.0,325.0,-308.969320268255,135.02709049716896,-45.05265412016314,0.0,1496.5981,hplb
350,0.0,0.0,0.0,0.0,0.0,0.0,0.0,0.0,-0.11680489206173462,0.0,0.0,0.0,0.0,0.0,0.0,0.0,606.899380081127,-972.2012366038628,0.0,665.3018565227358,0.0,0.0,0.0,492.1437302507392,0.0,511.2453733137487,0.0,0.0,0.0,654.5747153120174,65.31034390661137,-65.31034390661137,117.04667512966392,0.0,0.0,0.0,0.0,-57.153358095054685,0.0,-1000.0,964.9585323814796,0.0,0.0,0.0,0.0,0.0,0.0,0.0,-791.1675872671085,0.0,0.0,0.0,0.0,0.1284853812680236,0.0,0.0,0.0,0.0,0.0,0.0,-4.738771788897907,0.0,0.0,-86.69265281152636,0.0,0.0,0.0,0.0,613.0560298865846,-613.0560298865846,0.0,1.1680489206173463,0.0,0.0,0.0,0.0,0.0,0.0,0.0,0.0,0.0,0.0,-31.149082293303522,0.0,70.08293523704079,0.0,0.0,1000.0,-491.1675872671085,0.0,-0.029201223015433656,0.0,0.0,-952.9001185131798,35.04146761852039,0.0,35.04146761852039,0.0,0.0,0.0,0.0,447.96155730859067,74.4400425993951,0.0,0.0,-20.37193675577161,245.88578698826677,0.0,0.0,0.0,0.0,0.0,0.0,0.0,0.0,0.0,0.0,0.0,0.0,0.0,0.0,0.0,0.0,0.0,-1000.0,0.0,0.0,35.04146761852039,0.0,36.20951653913774,0.0,0.0,0.0,0.0,0.0,0.0,-81.95388102262845,-421.87499999999864,421.87499999999864,0.0,0.0,0.0,0.0,0.0,0.0,40.143058982057084,0.11680489206173462,0.0,0.0,0.0,-614.752786682061,0.0,0.0,0.0,31.149082293303522,0.0,495.0611642491157,0.0,0.0,0.0,0.0,0.0,84.64567766714342,84.64567766714342,0.0,0.0,0.0,0.0,0.0,0.0,0.0,150.07282646581652,0.0,0.0,0.0,0.0,-110.03036660427439,0.0,0.0,0.0,0.0,0.0,0.0,0.0,0.0,0.0,0.0,0.0,0.0,0.0,0.0,-1000.0,0.0,0.0,0.0,0.0,0.0,0.0,0.0,791.1675872671085,-791.1675872671085,81.95388102262845,0.0,0.0,0.0,0.0,0.0,0.0,580.1346727126223,-611.044787720243,0.0,0.0,0.0,0.0,0.0,0.0,0.0,0.0,0.0,0.0,0.0,0.0,0.0,64.54584084179754,315.5889565184881,-470.30650812603585,0.0,0.0,0.0,0.0,69.43900426654153,0.0,0.0,0.0,0.0,-4.738771788897907,-470.30650812603585,65.31034390661137,0.0,257.7336522103346,0.0,0.0,0.0,0.0,0.0,278.29320923765306,23.360978412346924,0.0,0.0,282.335174534217,-1000.0,1000.0,0.0,470.30650812603585,0.0,0.0,81.95388102262845,-111.67645604396262,0.0,0.0,0.0,-340.04234038657773,0.0,0.0,-892.7088694090413,-892.7088694090422,0.0,0.0,0.0,892.7088694090422,300.0,0.0,275.43579445309,0.0,0.0,174.49276356306964,0.0,0.0,0.0,0.0,0.0,0.0,0.0,692.6656464847348,0.0,0.0,718.762066314602,0.0,0.0,0.0,-4.738771788897907,-0.17520733809260192,0.0,0.0,0.0,0.0,0.11680489206173462,0.0,0.0,0.0,535.2724378546566,606.899380081127,0.0,-743.8754244316456,712.0889988264898,110.03036660427439,1000.0,0.0,623.1129310931,0.0,-20.37193675577161,0.0,0.0,0.0,-10.056901206515464,-613.0560298865846,0.0,-1000.0,-1000.0,0.0,0.0,0.0,0.0,0.0,0.0,0.0,0.0,0.0,0.0,0.0,0.0,0.0,0.0,0.0,0.0,257.7336522103346,-1000.0,0.0,-943.3138614731921,31.149082293303522,0.0,209.2217478066533,0.0,105.87939998075575,0.0,-253.12592431309884,0.0,0.0,0.0,0.0,442.12131270550395,0.0,0.0,-226.9009009558387,396.7011537069563,0.0,0.0,-5.840244603086731,0.0,-157.27778716112567,0.0,0.0,-20.204783292430392,-399.62127600849965,0.0,0.0,0.0,-361.8957589068091,0.0,898.43973101085,35.04146761852039,0.0,0.0,0.0,0.0,0.0,0.0,0.0,-64.54584084179754,64.54584084179754,64.54584084179754,252.0109583434247,0.0,0.0,-542.8264298030417,0.0,0.0,580.1346727126223,0.0,0.0,-91.43142460042426,0.0,0.0,0.0,0.0,0.0,0.0,0.0,-88.31951079382654,0.23360978412354724,0.0,0.0,0.0,0.0,0.0,0.0,0.0,0.0,0.0,0.0,0.0,0.0,0.0,0.0,0.0,0.0,0.0,0.0,0.0,0.1284853812680236,0.1284853812680236,65.31034390661137,321.1848624294506,0.0,70.08293523704079,0.0,0.0,0.0,1000.0,0.0,0.0,0.0,0.0,0.0,810.0400385983462,-1000.0,0.0,0.0,0.0,0.0,0.0,0.0,0.0,0.0,0.0,0.0,0.0,0.0,0.0,333.3333333333333,-535.2724378546566,368.86699969379424,0.0,8.99397668875356,0.0,-104.29300380234974,-848.60711471083,-1000.0,0.0,810.0400385983462,0.0,721.7205278045196,0.0,-234.3437500000002,234.3437500000002,64.54584084179754,0.0,0.0,0.0,0.0,0.0,0.0,0.0,0.0,0.0,0.0,0.0,0.0,0.0,70.08293523704079,81.95388102262845,81.95388102262845,0.0,0.0,0.0,0.0,0.0,0.0,0.0,0.0,0.0,0.0,1.1680489206173463,0.0,65.31034390661137,0.0,0.0,65.31034390661137,0.0,0.0,0.0,35.04146761852039,0.0,0.0,0.0,0.0,0.0,0.0,0.0,0.0,0.0,0.0,490.0466722047854,0.0,0.0,35.04146761852039,35.04146761852039,1000.0,-1000.0,0.0,0.0,0.0,0.0,0.0,0.0,0.0,925.5599574006048,580.1346727126223,686.9276862253321,0.11680489206173462,0.0,0.0,0.0,154.25754638067227,0.0,0.0,952.9001185131798,0.0,0.0,0.0,0.0,0.0,0.0,0.0,0.0,0.0,0.0,0.0,0.0,0.0,0.0,0.11680489206173462,0.0,0.0,0.0,0.0,0.0,0.0,0.0,0.0,0.0,0.0,-43.90417650644554,0.0,0.0,56.686138526807895,-8.760366904630098,0.0,-5.840244603086731,0.0,984.375,984.375,-984.375,0.0,0.0,0.0,0.0,0.0,0.0,0.0,81.95388102262845,110.03036660427439,0.0,0.0,542.3842167071276,0.0,0.0,0.0,-0.11680489206173462,0.0,0.0,0.11680489206173462,0.0,0.11680489206173462,0.0,0.0,0.0,70.08293523704079,142.50196831531625,142.50196831531625,0.0,0.0,0.0,0.0,0.0,0.0,0.0,368.86699969379424,0.0,580.1346727126223,0.0,0.0,0.0,0.0,0.0,0.0,0.0,0.0,0.0,0.0,0.0,0.0,0.0,0.0,0.0,0.0,0.0,151.39288528916998,0.0,-511.2453733137487,511.2453733137487,0.17520733809260192,0.0,0.0,0.0,-35.04146761852039,0.0,0.0,0.0,0.0,0.0,-321.1848624294506,5.840244603086731,0.0,0.0,0.0,0.0,0.0,817.5888609810985,-5.840244603086731,0.0,0.0,0.0,0.0,0.0,0.0,0.0,81.95388102262845,0.0,0.0,485.91801184485524,256.6390215876531,0.0,403.55582378747386,-20.37193675577161,0.0,564.4629366679997,0.0,-564.4629366679997,31.149082293303522,-254.17842435927886,0.0,5.840244603086731,1000.0,0.0,196.24024127680292,-65.31034390661137,-91.43142460042426,0.0,0.0,0.0,0.0,0.0,0.0,0.0,0.0,0.0,0.0,-17.52073380926018,142.50196831531625,0.0,-533.488820417413,-533.488820417413,598.7991643240243,0.0,0.0,0.0,0.0,0.0,278.29320923765306,0.0,0.0,329.9452293340807,-154.25754638067227,-190.25123567934958,0.0,35.04146761852039,0.0,0.0,0.0,0.0,86.03174695125597,0.0,0.0,0.1284853812680236,0.0,0.0,0.0,71.25098415765812,0.0,0.0,0.0,0.0,315.5889565184881,0.0,245.88578698826677,0.0,0.0,0.0,0.0,0.0,0.0,0.0,0.0,0.011680489206173462,0.011680489206173462,0.0,0.0,0.0,0.0,0.0,0.0,0.0,0.0,0.0,0.0,65.31034390661137,0.0,0.0,0.0,0.0,321.1848624294506,0.0,0.0,0.0,0.0,0.0,0.0,0.0,0.0,0.0,0.0,0.0,0.0,1000.0,363.36882387097114,-972.2012366038628,0.0,0.0,0.0,70.08293523704079,0.0,0.0,0.0,0.0,0.0,0.0,-70.08293523704079,0.0,0.0,0.0,0.0,0.0,0.0,0.0,0.0,0.0,65.31034390661137,65.31034390661137,0.0,-686.9276862253321,0.0,80.01135106228823,-651.8686340564998,616.8271664379794,0.0,-57.153358095054685,0.0,0.0,0.0,0.0,0.0,0.0,0.0,0.0,0.0,0.0,0.0,0.0,0.0,0.0,0.0,0.0,0.0,-14.60061150771683,81.95388102262845,-450.88167961013403,8.760366904630065,0.0,0.0,0.0,0.0,0.0,0.0,-1.460061150771683,122.58050689372779,0.0,0.0,0.0,0.0,0.0,0.0,0.0,1000.0,35.04146761852039,35.04146761852039,0.0,0.0,0.0,0.0,0.0,0.1284853812680236,321.1848624294506,0.0,0.0,57.153358095054685,0.0,0.0,0.0,0.0,0.0,0.0,0.0,0.0,0.0,0.0,0.0,0.0,0.0,0.0,0.0,0.0,0.0,0.0,0.0,122.64513666482138,0.0,0.0,8.99397668875356,0.0,0.0,0.0,321.1848624294506,0.0,-608.3671131744452,0.0,0.0,0.0,-14.60061150771683,0.0,0.0,0.0,0.0,0.0,0.0,0.0,0.0,0.0,0.0,0.0,0.0,0.0,0.0,0.0,0.0,0.0,0.0,-0.11680489206173462,0.0,0.0,5.840244603086731,-810.0400385983462,0.0,0.0,0.0,0.0,81.95388102262845,0.0,0.0,0.0,10.056901206515464,2.9201223015433655,0.0,0.0,511.2453733137487,0.11680489206173462,0.0,116.80489206173462,-36.20951653913774,23.360978412346924,0.8343206575838187,325.8856488522396,-0.08760366904630096,226.9009009558387,2.3360978412346927,-0.5840244603085267,-325.8856488522396,35.041467618520386,-0.11680489206173462,6.790645585257203,0.0,0.029201223015433656,0.8343206575838187,-20.37193675577161,-18.59533881622872,62.97424606537663,-300.0,-0.11680489206173462,0.029201223015433656,-325.8856488522396,11.680489206173462,0.11680489206173462,0.11680489206173462,-320.93957215612085,0.1284853812679081,-164.6223124119472,-0.08760366904630096,35.04146761852039,0.11680489206173462,35.04146761852039,-58.40244603086732,-0.05840244603086731,-289.69497832562524,-81.23629836477673,-0.08760366904630096,-0.11680489206173462,-36.20951653913774,0.11680489206173462,11.680489206173462,-2.3360978412346927,151.39288528916998,151.39288528916998,-11.680489206173462,300.0,-151.39288528916998,23.360978412346924,0.17520733809260192,-973.2511761578028,11.680489206173462,-333.3333333333333,0.0,-23.360978412346924,0.05840244603086731,1.1680489206173463,185.9688561079114,280.0,-0.11680489206173462,-347.4659631433409,320.93957215612085,36.20951653913774,0.11680489206173462,18.59533881622872,-140.16587047408154,0.0,-0.11680489206173462,-0.029201223015433656,0.0,-0.11680489206173462,-334.20529778209334,0.1168048920626461,-0.029201223015433656,-0.029201223015433656,-0.029201223015433656,46.72195682469385,58.40244603086732,1.1680489206173463,248.73232351064644,-0.029201223015433656,365.1470666305656,5.840244603086731,50.0,0.11680489206173462,0.05840244603086731,0.05840244603086731,11.680489206173462,36.20951653913774,0.11680489206173462,-36.20951653913774,1.1680489206173463,0.11680489206173462,-573.1213217194638,0.11680489206173464,0.4672195682467901,0.5840244603085267,0.05840244603086731,0.029201223015433656,35.04146761852039,-0.11680489206173462,164.6223124119472,-31.487123032688316,-497.4646470212929,223.98077865429534,-11.680489206173462,23.360978412346924,5.840244603086731,-0.11680489206173464,20.37193675577161,0.17520733809260192,-0.11680489206173462,-23.360978412346924,36.20951653913774,104.7209024385028,0.05840244603086731,-100.0,-0.11680489206173462,-0.1168048920626461,-0.11680489206173462,0.05840244603086731,325.8856488522396,-23.360978412346924,0.11680489206173462,371.9377122158228,-0.029201223015433656,-0.1284853812679081,-371.9377122158228,17.520733809260193,81.23629836477673,572.7642365725403,325.8856488522396,-0.08760366904630096,347.4659631433409,-280.0,0.11680489206173462,-0.02920122301543366,5.840244603086731,116.80489206173462,-0.05840244603086731,-0.11680489206173462,0.029201223015433656,0.0,0.0,673.1927737117719,324.3889982088174,-255.0,0.0,359.395877419165,-140.0,0.0,-80.0,-255.0,-58.04980250602654,-300.0,40.0,127.5,127.5,0.0,70.0,-321.1848624294506,-190.75264938975877,300.0,58.04980250602654,-190.75264938975877,-359.395877419165,243.94062934353653,0.0,1496.5981,hplb
351,0.0,0.0,0.0,0.0,0.0,0.0,0.0,0.0,76.50149778327233,0.0,0.0,0.0,0.0,0.0,0.0,0.0,-347.1835090685395,469.38767363525426,0.0,0.0,0.0,0.0,0.0,735.318749049844,0.0,0.0,0.0,0.0,0.0,310.34543981265756,0.0,0.0,77.26855827749168,0.0,0.0,0.0,0.0,-897.0183922039462,0.0,550.456227082926,992.6510698673452,0.0,-675.2411755149815,0.0,0.0,0.0,0.0,0.0,792.3891186603892,0.0,0.0,1000.0,0.0,0.026946077153135455,0.0,0.0,0.0,0.0,0.0,0.0,101.54081026622288,0.0,0.0,-209.55357833593672,0.0,0.0,0.0,0.0,0.0,0.0,0.0,0.24496433775516105,0.0,0.0,0.0,0.0,0.0,0.0,0.0,0.0,0.0,0.0,0.0,0.0,14.697860265309663,0.0,0.0,-712.5399726163461,42.31827387200854,347.22025371920273,-0.006124108443879026,0.0,0.0,-843.6896424756658,7.348930132654831,0.0,7.348930132654831,0.0,0.0,0.0,0.0,562.9274849708834,310.34543981265756,0.0,0.0,-62.19007053606934,0.0,0.0,0.0,0.0,0.0,0.0,0.0,0.0,0.0,0.0,0.0,0.0,0.0,0.0,0.0,0.0,0.0,0.0,-444.3440657200915,0.0,0.0,7.348930132654831,0.0,7.593894470409992,0.0,0.0,0.0,0.0,0.0,0.0,688.9056113978404,-140.62500000000534,140.62500000000534,-1000.0,0.0,0.0,0.0,0.0,0.0,1.8862254007147399,0.024496433775516108,0.0,0.0,0.0,762.8042407954326,-1000.0,0.0,0.0,789.0301205680079,0.0,235.7456266516235,0.0,0.0,0.0,0.0,0.0,-192.38623606865391,-192.38623606865391,0.0,0.0,0.0,0.0,0.0,0.0,0.0,-192.3617396348784,0.0,0.0,0.0,-1000.0,0.0,0.0,0.0,0.0,0.0,0.0,0.0,0.0,0.0,0.0,0.0,0.0,0.0,0.0,0.0,-1000.0,0.0,0.0,0.0,0.0,0.0,0.0,-324.7588244850185,-389.5385275912113,389.5385275912113,311.0943886021596,0.0,0.0,0.0,0.0,0.0,0.0,0.0,-1000.0,0.0,0.0,0.0,0.0,0.0,0.0,0.0,0.0,0.0,0.0,0.0,0.0,0.0,69.2483475943149,146.9943327147738,-430.7922249194886,0.0,0.0,0.0,0.0,-94.1048616201196,0.0,0.0,0.0,0.0,101.54081026622288,-430.7922249194886,0.0,0.0,0.0,0.0,0.0,0.0,0.0,0.0,698.9111802113642,4.899286755103221,0.0,0.0,0.0,-243.3843740517617,-634.4482060321868,0.0,430.7922249194886,0.0,0.0,311.0943886021596,29.885649206129646,0.0,0.0,0.0,-106.16696178472887,0.0,0.0,-1000.0,0.0,0.0,-999.9999999999998,0.0,0.0,-347.22025371920273,0.0,1000.0,0.0,0.0,-148.6444767483501,0.0,0.0,0.0,-211.22901523165,0.0,211.22901523165,0.0,-122.98869675499378,0.0,0.0,0.0,0.0,0.0,0.0,101.54081026622288,-0.036744650663274155,0.0,0.0,0.0,0.0,0.024496433775516108,0.0,0.0,0.0,76.75036267394107,-347.1835090685395,0.0,-41.460047024046226,236.34324696376424,0.0,1000.0,0.0,1000.0,0.0,-62.19007053606934,0.0,0.0,0.0,-2.1091429480720043,0.0,-997.890857051928,-829.2581618728655,-1000.0,0.0,0.0,0.0,0.0,0.0,0.0,0.0,0.0,0.0,0.0,0.0,0.0,0.0,0.0,0.0,0.0,0.0,-1000.0,0.0,-103.07959353115564,0.0,0.0,698.1223950437928,1000.0,0.0,0.0,-700.7974056120789,0.0,0.0,0.0,0.0,561.7026632821076,0.0,0.0,0.0,-179.76820142142648,0.0,442.1110558196566,-1.2248216887758052,964.9064089731957,0.0,0.0,-782.0761533298296,1000.0,179.15579057703857,0.0,-1000.0,0.0,0.0,0.0,-619.4296138635315,7.348930132654831,0.0,0.0,0.0,0.0,0.0,76.52599421704784,910.3964279517272,841.1480803574124,-841.1480803574124,-841.1480803574124,312.29078378096614,0.0,0.0,-69.42203574743566,0.0,0.0,0.0,0.0,0.0,-108.01276806971381,0.0,-75.51216862600185,0.0,0.0,0.0,0.0,0.0,-97.55035662244839,0.04899286755100475,0.0,0.0,0.0,0.0,0.0,0.0,0.0,0.0,0.0,0.0,0.0,0.0,0.0,0.0,0.0,0.0,0.0,0.0,0.0,0.026946077153135455,0.026946077153135455,0.0,0.0,0.0,14.697860265309663,0.0,0.0,0.0,1000.0,0.0,0.0,0.0,0.0,0.0,452.57332960974907,-1000.0,0.0,0.0,1.51090107836354,0.0,0.0,0.0,0.0,0.0,0.0,0.0,0.0,0.0,0.0,148.11468857336385,-76.75036267394107,237.19575920456737,0.0,1.8862254007147399,0.0,-60.67916945770571,-783.0104730179601,-1000.0,0.0,452.57332960974907,0.0,0.0,355.0229729873007,0.0,0.0,69.2483475943149,0.0,0.0,0.0,0.0,0.0,0.0,0.0,0.0,0.0,0.0,0.0,0.0,0.0,14.697860265309663,311.0943886021596,311.0943886021596,0.0,0.0,0.0,0.0,0.0,0.0,0.0,0.0,0.0,0.0,0.24496433775516105,0.0,0.0,0.0,0.0,0.0,-324.7588244850185,0.0,0.0,7.348930132654831,-1.51090107836354,0.0,0.0,0.0,0.0,0.0,0.0,0.0,0.0,0.0,772.6023212561795,273.7505634784565,0.0,7.348930132654831,7.348930132654831,959.5562585032027,-1000.0,0.0,0.0,0.0,0.0,0.0,0.0,0.0,-481.0872779397921,0.0,-374.6141107328693,0.024496433775516108,0.0,0.0,32.35104029110837,0.0,0.0,0.0,843.6896424756658,0.0,0.0,0.0,0.0,0.0,0.0,0.0,0.0,0.0,0.0,0.0,0.0,0.0,0.0,0.024496433775516108,0.0,0.0,0.0,0.0,0.0,0.0,0.0,0.0,0.0,-2.6750105682860976,0.0,-789.0301205680079,0.0,896.9204064688444,-1.837232533163708,0.0,-1.2248216887758052,0.0,0.0,0.0,0.0,0.0,0.0,0.0,0.0,0.0,0.0,0.0,311.0943886021596,0.0,0.0,0.0,-618.2047921747557,0.0,0.0,0.0,76.50149778327233,0.0,0.0,0.024496433775516108,0.0,0.024496433775516108,0.0,0.0,0.0,14.697860265309663,29.885649206129646,29.885649206129646,0.0,0.0,0.0,0.0,0.0,0.0,0.0,237.19575920456737,0.0,0.0,0.0,0.0,0.0,0.0,0.0,0.0,0.0,0.0,0.0,0.0,0.0,0.0,0.0,0.0,0.0,0.0,0.0,216.98952698204,0.0,0.0,0.0,0.036744650663274155,0.0,0.0,0.0,-7.348930132654831,0.0,0.0,0.0,0.0,0.0,0.0,1.2248216887758052,0.0,0.0,0.0,0.0,0.0,698.1223950437928,-1.2248216887758052,0.0,-75.51216862600185,0.0,0.0,0.0,0.0,0.0,311.0943886021596,0.0,1.51090107836354,140.45774635475584,-69.2483475943149,0.0,-37.3816872748578,-62.19007053606934,0.0,0.0,0.0,0.0,789.0301205680079,0.0,0.0,1.2248216887758052,1000.0,0.0,18.6818452948732,0.0,-108.01276806971381,-546.8750000000161,546.8750000000161,25.631200627285153,-25.631200627285153,0.0,0.0,0.0,0.0,0.0,1.837232533163708,-5.5116975994912,29.885649206129646,0.0,-15.625000000000002,-15.625,15.625,0.0,0.0,0.0,0.0,0.0,698.9111802113642,0.0,0.0,0.0,-32.35104029110837,0.0,-675.2411755149815,7.348930132654831,0.0,0.0,0.0,0.0,-11.943957895870597,0.0,0.0,0.026946077153135455,0.0,0.0,0.0,14.942824603064823,0.0,0.0,0.0,0.0,146.9943327147738,0.0,0.0,0.0,0.0,0.0,0.0,0.0,0.0,-1000.0,0.0,0.0024496433775516805,0.0024496433775516805,0.0,0.0,0.0,0.0,0.0,0.0,0.0,0.0,0.0,32.35104029110837,0.0,0.0,0.0,0.0,0.0,0.0,0.0,0.0,0.0,0.0,0.0,0.0,0.0,0.0,0.0,0.0,0.0,0.0,0.0,773.2632760382916,469.38767363525426,0.0,0.0,0.0,14.697860265309657,0.0,0.0,0.0,0.0,0.0,-326.06453856963253,311.3666783043229,0.0,0.0,0.0,0.0,0.0,0.0,0.0,0.0,0.0,0.0,0.0,0.0,374.6141107328693,-1000.0,16.780057136228532,0.0,-7.348930132654831,0.0,-897.0183922039462,0.0,0.0,0.0,0.0,0.0,0.0,0.0,0.0,0.0,0.0,0.0,0.0,0.0,0.0,0.0,0.0,0.0,-3.0620542219395133,311.0943886021596,-563.5398958152713,3.674465066327418,0.0,0.0,0.0,0.0,0.0,-0.3062054221939513,0.0,897.0428886377217,0.0,0.0,0.0,0.0,0.0,0.0,0.0,1000.0,7.348930132654831,7.348930132654831,0.0,0.0,0.0,0.0,0.0,0.026946077153135455,0.0,0.0,0.0,897.0183922039462,0.0,0.0,0.0,0.0,0.0,0.0,0.0,0.0,0.0,0.0,0.0,0.0,0.0,0.0,0.0,0.0,0.0,0.0,0.0,25.72125546429191,1.8862254007147399,0.0,0.0,0.0,0.0,0.0,0.0,0.0,0.0,0.0,0.0,0.0,-3.0620542219395133,0.0,0.0,0.0,0.0,0.0,0.0,0.0,0.0,0.0,0.0,0.0,0.0,0.0,0.0,0.0,0.0,0.0,0.0,-0.024496433775516108,0.0,0.0,1.2248216887758052,-452.57332960974907,0.0,0.0,0.0,0.0,311.0943886021596,0.0,0.0,0.0,2.1091429480720043,0.6124108443879026,0.0,0.0,0.0,0.024496433775516108,0.0,24.496433775516103,-7.593894470409992,4.899286755103221,0.17497452696797217,68.34505023368993,-0.018372325331637077,782.0761533298296,0.4899286755103221,-0.12248216887735452,-68.34505023368993,7.348930132654831,-0.024496433775516104,20.730023512023113,0.0,0.006124108443879026,0.17497452696797217,-62.19007053606934,-3.899832257061903,-0.4899286755103221,-122.20416456671478,-0.024496433775516104,0.006124108443879026,-68.34505023368993,2.4496433775516104,0.024496433775516104,0.024496433775516108,0.051442510928651555,0.026946077153067786,-50.4387738278014,-0.018372325331637077,7.348930132654831,0.024496433775516104,7.348930132654831,-12.248216887758051,-0.012248216887758052,-60.92671175168343,91.63072180879249,-0.018372325331637077,-0.024496433775516104,-7.593894470409992,0.024496433775516108,2.4496433775516104,-0.4899286755103221,216.98952698204,216.98952698204,-2.4496433775516104,122.20416456671478,-216.98952698204,4.899286755103221,0.036744650663274155,-575.2855204305945,2.4496433775516104,-148.11468857336385,0.0,-4.899286755103221,0.012248216887758052,0.24496433775516105,10.365011756011556,-64.34906083921167,-0.024496433775516108,-5.5116975994912,-0.051442510928651555,7.593894470409992,0.024496433775516104,3.899832257061903,-29.395720530619172,0.0,-0.024496433775516108,-0.006124108443879026,0.0,-0.024496433775516104,-97.55035662244839,0.02449643377528873,-0.006124108443879026,-0.006124108443879026,-0.006124108443879026,9.798573510206442,12.248216887758051,0.24496433775516105,18.14879537343475,-0.006124108443879026,0.0,1.2248216887758052,50.0,0.024496433775516108,0.012248216887758052,0.012248216887758052,2.4496433775516104,7.593894470409992,0.024496433775516108,-7.593894470409992,0.24496433775516105,0.02449643377551619,-18.14879537343475,0.024496433775516104,0.09798573510181541,0.12248216887735452,0.012248216887758052,0.006124108443879026,7.348930132654831,-0.024496433775516104,50.4387738278014,0.24496433775516105,-36.2975907468695,781.4637424854417,-2.4496433775516104,4.899286755103221,1.2248216887758052,-0.024496433775516104,62.19007053606934,0.036744650663274155,-0.02449643377551619,-4.899286755103221,7.593894470409992,144.9495681119549,0.012248216887758052,-100.0,-0.024496433775516104,-0.02449643377528873,-0.024496433775516104,0.012248216887758052,68.34505023368993,-4.899286755103221,0.024496433775516108,20.730023512023113,-0.006124108443879026,-0.026946077153067786,-20.730023512023113,3.674465066327415,-91.63072180879249,286.3774910661969,68.34505023368993,-0.018372325331637077,5.5116975994912,64.34906083921167,0.024496433775516104,-0.006124108443879025,1.2248216887758052,24.496433775516103,-0.012248216887758052,-0.024496433775516104,0.006124108443879026,0.0,0.0,575.2732722137067,0.0,-255.0,0.0,144.29591356365552,-140.0,0.0,33.642066353465324,-255.0,269.678159724322,0.0,-16.821033176732662,127.5,127.5,0.0,70.0,0.0,-133.0056102160843,0.0,-269.678159724322,-133.0056102160843,-144.29591356365552,85.62099535836154,0.0,1496.5981,hplb
352,0.0,0.0,0.0,0.0,0.0,0.0,0.0,0.0,-0.1190517496399318,0.0,0.0,0.0,0.0,0.0,0.0,0.0,-863.7968944781275,-64.94041361540478,0.0,1000.0,0.0,0.0,0.0,936.926212277248,0.0,0.0,0.0,0.0,0.0,-392.38686691568444,0.0,0.0,68.04746338515382,0.0,0.0,0.0,0.0,1000.0,0.0,-1000.0,106.97197311303663,0.0,0.0,1000.0,0.0,0.0,0.0,0.0,1000.0,-485.75703835829427,0.0,743.8162386061882,0.0,0.13095692460404273,0.0,0.0,0.0,23.810349927986362,0.0,0.0,-14.646510100462892,0.0,179.9128369963025,165.2663268958396,0.0,0.0,0.0,0.0,0.0,594.2505616737747,0.0,1.1905174963993181,0.0,0.0,0.0,0.0,0.0,0.0,0.0,0.0,0.0,0.0,0.0,0.0,71.4310497839591,0.0,0.0,0.0,0.0,581.9877360512937,-0.029762937409982954,0.0,0.0,571.5455059611685,35.71552489197955,0.0,35.71552489197955,-3.8334663384053265,804.110433268336,0.0,0.0,5.9525874819965905,-392.38686691568444,0.0,0.0,-69.32149294780356,0.0,0.0,0.0,0.0,0.0,0.0,0.0,0.0,0.0,0.0,0.0,0.0,0.0,0.0,0.0,0.0,0.0,0.0,-689.0492757756086,0.0,0.0,35.71552489197955,0.0,36.906042388378864,5.500330785795327,0.0,0.0,0.0,0.0,0.0,0.0,0.0,0.0,0.0,0.0,0.0,0.0,0.0,0.0,9.166984722274744,0.1190517496399318,0.0,0.0,0.0,0.0,-607.6068593094292,0.0,0.0,70.71628828068548,0.0,352.2567643619193,0.0,0.0,0.0,0.0,0.0,142.71672000987923,142.71672000987923,0.0,0.0,0.0,0.0,0.0,0.0,0.0,142.83577175951916,0.0,0.0,0.0,532.5058201517426,0.0,0.0,0.0,0.0,0.0,0.0,0.0,0.0,0.0,0.0,-260.7312120089315,0.0,0.0,0.0,0.0,-1000.0,0.0,0.0,0.0,0.0,0.0,485.75703835829427,-743.8162386061882,-281.98773605129367,281.98773605129367,0.0,0.0,0.0,0.0,0.0,0.0,0.0,0.0,-106.08495932354866,0.0,0.0,0.0,0.0,0.0,0.0,0.0,0.0,0.0,0.0,0.0,0.0,0.0,0.0,555.2275591654019,1000.0,0.0,0.0,0.0,0.0,157.9757732863669,0.0,0.0,0.0,0.0,-14.646510100462892,0.0,0.0,0.0,0.0,0.0,0.0,0.0,0.0,0.0,0.0,0.0,0.0,0.0,-281.98773605129367,0.0,-25.803974657481888,0.0,-1000.0,0.0,0.0,0.0,-854.7568654392832,0.0,0.0,0.0,238.1636208717391,0.0,0.0,-1000.0,0.0,0.0,-999.9999999999999,0.0,0.0,-281.9877360512937,0.0,396.88808893948976,485.75703835829427,0.0,185.1792697806335,0.0,0.0,0.0,0.0,0.0,0.0,0.0,142.5976682602393,0.0,0.0,-588.9761849461538,0.0,0.0,0.0,-14.646510100462892,-0.17857762445989772,0.0,0.0,0.0,0.0,0.1190517496399318,0.0,0.0,0.0,806.3087018216536,-863.7968944781275,0.0,-445.4155420958322,596.9593475856503,0.0,16.497847933002532,0.0,10.250355643998244,0.0,-69.32149294780356,0.0,0.0,0.0,-10.250355643998244,0.0,0.0,-1000.0,-1000.0,0.0,0.0,0.0,0.0,0.0,0.0,0.0,0.0,0.0,0.0,0.0,0.0,0.0,0.0,0.0,0.0,0.0,-18.252880071219675,0.0,-1000.0,0.0,0.0,0.0,0.0,0.0,0.0,-9.166984722274744,0.0,804.110433268336,0.0,0.0,0.0,-850.2413043764207,894.8588854400159,-5.9525874819965905,0.0,850.2413043764207,0.0,0.0,0.0,-160.3031808901682,-894.8588854400159,0.0,0.0,-2.9762937409982952,-5.9525874819965905,-946.4535377134099,0.0,1000.0,361.8978133378089,-483.13307559218106,35.71552489197955,0.0,0.0,0.0,0.0,0.0,0.0,0.0,0.0,0.0,0.0,-367.90776011816615,0.0,0.0,0.0,0.0,0.0,0.0,0.0,0.0,-29.29302020092578,0.0,-125.36583473273271,126.18965007201363,0.0,0.0,0.0,0.0,-88.09482503600682,0.23810349927930474,0.0,0.0,0.0,0.0,0.0,0.0,0.0,0.0,0.0,594.2505616737747,0.0,0.0,0.0,0.0,0.0,0.0,0.0,0.0,0.0,0.13095692460404273,0.13095692460404273,0.0,256.18965007201365,0.0,71.4310497839591,0.0,0.0,0.0,394.12789360469134,0.0,0.0,0.0,0.0,0.0,197.72089495936004,-394.12789360469134,0.0,0.0,0.0,0.0,0.0,126.18965007201363,0.0,0.0,0.0,0.0,0.0,0.0,0.0,229.6830919252029,-806.3087018216536,607.6068593094292,0.0,9.166984722274744,0.0,0.0,571.5455059611685,413.56973267480157,0.0,116.56151765698378,0.0,109.62606992335321,0.0,0.0,0.0,0.0,0.0,0.0,0.0,0.0,0.0,0.0,0.0,0.0,0.0,0.0,0.0,0.0,0.0,71.4310497839591,0.0,0.0,0.0,0.0,0.0,0.0,0.0,0.0,0.0,0.0,0.0,0.0,1.1905174963993181,0.0,0.0,0.0,0.0,0.0,-743.8162386061882,0.0,0.0,35.71552489197955,0.0,0.0,0.0,0.0,0.0,0.0,0.0,0.0,0.0,0.0,103.47961002351269,908.086119252536,0.0,35.71552489197955,35.71552489197955,1000.0,-394.12789360469134,0.0,126.18965007201363,0.0,0.0,0.0,0.0,0.0,732.1893485731666,0.0,1000.0,0.1190517496399318,0.0,0.0,135.22351964915435,0.0,0.0,0.0,-571.5455059611685,0.0,0.0,0.0,0.0,0.0,0.0,6.243029023259712,0.0,0.0,0.0,0.0,0.0,0.0,0.0,0.1190517496399318,0.0,0.0,0.0,0.0,0.0,0.0,0.0,0.0,0.0,0.0,794.9434485460613,-70.71628828068548,0.0,-981.7471199287803,-8.928881222994887,-5.952587481996595,0.0,0.0,0.0,0.0,0.0,0.0,0.0,0.0,0.0,0.0,0.0,0.0,0.0,0.0,0.0,0.0,522.8195118898155,0.0,0.0,0.0,-0.1190517496399318,0.0,0.0,0.1190517496399318,0.0,0.1190517496399318,18.729087069779137,0.0,0.0,71.4310497839591,145.2431345607168,145.2431345607168,0.0,0.0,0.0,0.0,0.0,0.0,0.0,607.6068593094292,0.0,0.0,0.0,0.0,0.0,0.0,0.0,0.0,0.0,0.0,0.0,0.0,0.0,0.0,0.0,0.0,0.0,0.0,0.0,157.9757732863669,0.0,0.0,0.0,0.17857762445989772,0.0,0.0,0.0,-35.71552489197955,0.0,0.0,0.0,0.0,0.0,-256.18965007201365,5.9525874819965905,0.0,0.0,0.0,0.0,0.0,0.0,0.0,0.0,-125.36583473273271,0.0,0.0,0.0,0.0,0.0,0.0,0.0,0.0,979.7796060616955,256.18965007201365,0.0,908.7965093814428,-69.32149294780356,0.0,-9.166984722274744,804.110433268336,-794.9434485460613,70.71628828068548,-1000.0,0.0,5.952587481996595,520.0497792545902,0.0,0.0,0.0,-29.29302020092578,578.1250000000028,-578.1250000000028,0.0,0.0,0.0,0.0,0.0,0.0,0.0,525.8497433039399,-282.97629374099824,145.2431345607168,0.0,317.3218682686871,317.3218682686871,-317.3218682686871,0.0,0.0,0.0,0.0,0.0,0.0,0.0,0.0,0.0,-729.474081322929,-688.7166410739158,0.0,35.71552489197955,0.0,0.0,0.0,0.0,56.11997022562157,0.0,0.0,0.13095692460404273,0.0,0.0,0.0,72.6215672803584,0.0,0.0,0.0,0.0,555.2275591654019,0.0,0.0,0.0,0.0,0.0,0.0,0.0,0.0,0.0,0.0,927.7265190798263,0.011905174963993521,0.0,0.0,0.0,0.0,0.0,18.729087069779137,0.0,0.0,0.0,135.22351964915435,0.0,0.0,0.0,0.0,0.0,256.18965007201365,0.0,0.0,0.0,0.0,0.0,0.0,0.0,485.75703835829427,0.0,0.0,0.0,0.0,925.4780613770467,-1000.0,-64.94041361540478,0.0,0.0,0.0,71.4310497839591,0.0,0.0,0.0,0.0,0.0,0.0,-71.4310497839591,0.0,0.0,0.0,0.0,0.0,0.0,0.0,0.0,0.0,0.0,0.0,0.0,-1000.0,-660.1975183425179,81.55044850335331,0.0,-35.71552489197955,0.0,981.2709129302209,0.0,0.0,0.0,0.0,0.0,0.0,0.0,0.0,0.0,648.453125,0.0,-648.453125,-648.453125,0.0,0.0,0.0,0.0,-14.881468704991482,0.0,-8.928881222994887,274.04741251800345,0.0,0.0,0.0,0.0,0.0,0.0,-1.4881468704991478,100.00930848161126,0.0,0.0,0.0,0.0,0.0,0.0,0.0,1000.0,35.71552489197955,35.71552489197955,0.0,0.0,0.0,0.0,0.0,0.13095692460404273,256.18965007201365,0.0,0.0,-1000.0,927.7146139048623,0.0,0.0,0.0,0.0,0.0,0.0,0.0,0.0,0.0,0.0,0.0,0.0,0.0,9.364543534889568,0.0,0.0,5.500330785795327,0.0,125.00433712192842,0.0,0.0,9.166984722274744,0.0,0.0,0.0,256.18965007201365,0.0,-9.786053820401921,0.0,0.0,0.0,-14.881468704991482,0.0,0.0,0.0,0.0,0.0,0.0,0.0,0.0,0.0,0.0,0.0,0.0,0.0,0.0,0.0,0.0,0.0,0.0,-0.1190517496399318,0.0,0.0,5.9525874819965905,-197.72089495936004,0.0,0.0,0.0,0.0,0.0,0.0,0.0,0.0,10.250355643998244,2.9762937409982952,0.0,0.0,0.0,0.1190517496399318,0.0,119.0517496399318,-31.405711602583537,23.810349927986366,0.8503696402852272,343.1550430670004,-0.08928881222994886,5.9525874819965905,2.3810349927986363,18.133828321579813,-343.1550430670004,35.71552489197955,-0.11905174963993181,23.107164315934522,126.18965007201363,0.029762937409982954,0.8503696402852272,-69.32149294780356,-18.953038542676666,-2.381034992798618,-71.26269190646781,-0.11905174963993181,0.029762937409982954,-343.1550430670004,11.905174963993181,0.11905174963993181,0.1190517496399318,-255.93964139776966,0.13095692460393116,-17.499302525553503,-0.08928881222994886,35.71552489197955,0.11905174963993181,35.71552489197955,-59.52587481996591,-0.05952587481996591,-196.11447594075867,-170.0,-0.08928881222994886,-0.11905174963993181,-31.405711602583537,0.1190517496399318,11.905174963993181,-2.3810349927986363,157.9757732863669,157.9757732863669,-11.905174963993181,71.26269190646781,-157.9757732863669,23.810349927986362,0.17857762445989772,-103.45323682791036,11.905174963993181,-229.6830919252029,126.18965007201363,-23.810349927986362,0.05952587481996591,1.1905174963993181,111.35388552395806,280.0,-0.1190517496399318,-282.97629374099824,255.93964139776966,36.906042388378864,0.11905174963993181,18.953038542676666,-16.672449495904687,126.18965007201363,-0.1190517496399318,-0.029762937409982954,-126.18965007201363,-0.11905174963993181,-88.09482503600682,0.11905174963981813,-0.029762937409982954,-0.029762937409982954,-0.029762937409982954,47.620699855972724,59.52587481996591,1.1905174963993181,88.20246501448452,-0.029762937409982954,199.6006067319816,5.9525874819965905,50.0,0.1190517496399318,0.05952587481996591,0.05952587481996591,75.0,31.405711602583537,0.1190517496399318,-31.405711602583537,1.1905174963993181,0.11905174963993181,-88.20246501448452,0.11905174963993181,0.47620699855946214,-18.133828321579813,0.05952587481996591,0.029762937409982954,35.71552489197955,-0.11905174963993181,17.499302525553503,1.190517496399309,-176.40493002896903,2.9762937409982966,-11.905174963993181,23.810349927986362,5.9525874819965905,-0.11905174963993181,69.32149294780356,0.17857762445989772,-0.11905174963993181,-150.0,31.405711602583537,219.64875165816125,0.05952587481996591,-100.0,-0.11905174963993181,-0.11905174963981813,-0.11905174963993181,0.05952587481996591,343.1550430670004,-23.810349927986362,0.1190517496399318,222.7077710479161,-0.029762937409982954,-0.13095692460393116,-222.7077710479161,17.85776244598977,170.0,-222.96902029992566,343.1550430670004,-0.08928881222994886,282.97629374099824,-280.0,0.11905174963993181,-0.029762937409982954,5.952587481996595,119.0517496399318,-0.05952587481996591,-0.11905174963993181,0.029762937409982954,238.8977476213879,0.0,-196.6062890469096,0.0,-255.0,0.0,378.42265390884614,-140.0,0.0,-80.0,413.4189031379833,-325.0,-300.0,40.0,127.5,-206.70945156899168,0.0,70.0,-256.18965007201365,-275.7687218837828,300.0,325.0,-275.7687218837828,-378.42265390884614,191.5949642203788,0.0,1496.5981,hplb
353,0.0,0.0,0.0,0.0,0.0,0.0,0.0,0.0,576.6557227978033,0.0,0.0,0.0,0.0,0.0,0.0,0.0,-395.469366139763,695.469366139763,0.0,0.0,0.0,0.0,0.0,68.46018974325261,0.0,465.1014829929991,0.0,0.0,0.0,-395.469366139763,0.0,0.0,611.3098140673419,0.0,0.0,0.0,0.0,724.2671448306205,0.0,-148.37741515348478,1000.0,0.0,-790.938732279526,0.0,0.0,0.0,697.2792870748099,0.0,0.0,-507.7270727802468,0.0,0.0,0.0,0.12865785770384264,0.0,0.0,0.0,0.0,0.0,0.0,-23.663862924549903,0.0,0.0,-35.997309247899466,0.0,0.0,0.0,0.0,0.0,0.0,0.0,1.1696168882167806,0.0,0.0,0.0,0.0,0.0,0.0,0.0,307.20633442060085,0.0,0.0,0.0,0.0,70.17701329300682,0.0,17.47458563677062,175.16218350478005,0.0,666.2763583175386,724.028221533124,0.0,0.0,0.0,35.08850664650341,0.0,35.08850664650341,-181.41627704650944,0.0,0.0,0.0,853.8863351433271,-922.4243914386666,0.0,0.0,0.0,0.0,0.0,0.0,0.0,0.0,0.0,0.0,0.0,0.0,0.0,0.0,0.0,0.0,0.0,0.0,0.0,0.0,0.0,-1000.0,0.0,0.0,35.08850664650341,0.0,36.25812353472019,10.25241778593022,0.0,0.0,0.0,0.0,0.0,806.6638383828276,0.0,0.0,-818.9972847061772,0.0,0.0,0.0,0.0,0.0,26.480635676039828,0.11696168882167803,724.0574619553295,0.0,0.0,-24.442785152024044,0.0,0.0,0.0,0.0,0.0,246.56405060875605,0.0,0.0,0.0,0.0,0.0,355.26143152432365,355.26143152432365,0.0,0.0,0.0,0.0,140.262368258393,0.0,0.0,355.37839321314533,0.0,0.0,0.0,-366.86428709144786,0.0,0.0,0.0,0.0,0.0,0.0,0.0,0.0,0.0,0.0,-567.4459069941971,0.0,0.0,0.0,0.0,-1000.0,0.0,0.0,0.0,0.0,0.0,507.7270727802468,790.938732279526,-520.307182634983,520.307182634983,12.333446323349563,0.0,0.0,0.0,0.0,0.0,0.0,526.9550252989036,-688.5697637150213,0.0,0.0,0.0,0.0,0.0,0.0,0.0,0.0,0.0,0.0,0.0,0.0,0.0,0.0,-28.77253931930474,0.0,0.0,0.0,0.0,0.0,62.079281742977784,0.0,0.0,0.0,0.0,-23.663862924549903,0.0,0.0,0.0,0.0,0.0,0.0,0.0,0.0,0.0,0.0,23.392337764335608,0.0,0.0,270.63154964454304,0.0,445.7937331493231,0.0,0.0,0.0,0.0,12.333446323349563,-23.663862924549903,0.0,0.0,0.0,-34.250206723908946,0.0,0.0,-1000.0,0.0,0.0,-1000.0,0.0,0.0,-520.307182634983,0.0,0.0,507.7270727802468,0.0,272.4152193180148,0.0,0.0,0.0,-373.1916213715603,0.0,373.1916213715603,0.0,1000.0,0.0,0.0,0.0,0.0,0.0,0.0,-23.663862924549903,-0.17544253323251705,0.0,0.0,0.0,0.0,0.11696168882167803,0.0,0.0,0.0,890.4987652871692,-395.469366139763,0.0,-143.1242376996591,140.2541427798946,0.0,908.480844410839,0.0,0.0,0.0,0.0,0.0,0.0,0.0,909.810841749604,0.0,-909.810841749604,-1000.0,-976.8813697421508,0.0,0.0,0.0,0.0,0.0,0.0,0.0,0.0,0.0,0.0,0.0,0.0,0.0,0.0,0.0,0.0,0.0,-275.26500841409296,0.0,-1000.0,0.0,0.0,177.6501106664515,0.0,0.0,0.0,-26.480635676039828,0.0,0.0,0.0,0.0,848.0382507022432,0.0,0.0,0.0,0.0,0.0,0.0,-5.848084441083902,0.0,-167.559315405936,0.0,-429.8672097922055,-475.3938222622353,-2.924042220541951,0.0,0.0,0.0,0.0,105.42778553294357,426.2630349181137,35.08850664650341,0.0,0.0,0.0,0.0,0.0,576.7726844866249,0.0,0.0,0.0,0.0,-242.28700515463657,0.0,0.0,0.0,0.0,0.0,526.9550252989036,0.0,0.0,-24.712000898907718,0.0,-773.439020567666,126.60766223566439,0.0,0.0,0.0,0.0,-88.3038311178322,0.23392337764343415,0.0,0.0,0.0,0.0,0.0,0.0,0.0,0.0,0.0,0.0,0.0,0.0,0.0,0.0,0.0,0.0,0.0,0.0,0.0,0.12865785770384264,0.12865785770384264,0.0,217.43307192392888,0.0,70.17701329300682,0.0,0.0,0.0,1000.0,0.0,0.0,17.47458563677062,0.0,0.0,118.25124390240097,-1000.0,0.0,0.0,0.0,0.0,0.0,126.60766223566439,0.0,0.0,0.0,0.0,0.0,0.0,0.0,333.3333333333333,-890.4987652871692,24.442785152024044,0.0,26.480635676039828,0.0,-31.450898623389698,31.450898623389698,-42.961829442937656,0.0,118.25124390240097,0.0,0.0,29.947412784568776,0.0,0.0,0.0,0.0,0.0,0.0,0.0,0.0,0.0,0.0,0.0,0.0,0.0,0.0,0.0,0.0,70.17701329300682,12.333446323349563,12.333446323349563,0.0,0.0,0.0,0.0,0.0,0.0,0.0,0.0,0.0,0.0,1.1696168882167806,0.0,0.0,17.47458563677062,-17.47458563677062,0.0,790.938732279526,0.0,0.0,35.08850664650341,0.0,0.0,0.0,0.0,0.0,0.0,0.0,0.0,0.0,0.0,1000.0,648.3081902365137,0.0,35.08850664650341,35.08850664650341,1000.0,-1000.0,0.0,126.60766223566439,0.0,0.0,0.0,0.0,0.0,922.4243914386666,526.9550252989036,938.9086667541897,0.11696168882167803,0.0,0.0,-534.3576274406394,647.8125751986331,473.894667390301,0.0,0.0,0.0,0.0,0.0,0.0,0.0,0.0,0.0,0.0,0.0,0.0,0.0,0.0,0.0,0.0,0.11696168882167803,0.0,0.0,0.0,0.0,0.0,0.0,0.0,0.0,0.0,0.0,1000.0,0.0,-573.5655165954953,-1000.0,-8.772126661625853,-5.848084441083902,0.0,0.0,0.0,0.0,0.0,0.0,0.0,0.0,0.0,0.0,0.0,0.0,12.333446323349563,0.0,0.0,0.0,432.11111935919763,0.0,0.0,0.0,576.6557227978033,0.0,0.0,0.11696168882167803,0.0,0.11696168882167803,0.0,0.0,0.0,70.17701329300682,142.6932603624473,142.6932603624473,0.0,0.0,0.0,0.0,0.0,0.0,0.0,24.442785152024044,0.0,526.9550252989036,0.0,0.0,919.8812431571505,0.0,0.0,0.0,0.0,0.0,0.0,0.0,0.0,0.0,0.0,0.0,0.0,0.0,0.0,74.41272806632735,0.0,-659.2548369492042,659.2548369492042,0.17544253323251705,0.0,0.0,0.0,-35.08850664650341,0.0,0.0,0.0,0.0,0.0,-217.43307192392888,5.848084441083902,0.0,0.0,0.0,0.0,-140.262368258393,177.6501106664515,0.0,0.0,-773.439020567666,0.0,0.0,0.0,0.0,0.0,12.333446323349563,0.0,0.0,981.4397103032148,217.43307192392888,0.0,326.05044738768845,473.894667390301,275.26500841409296,151.16947499041166,573.5655165954953,-1000.0,0.0,-166.3571232869971,0.0,5.848084441083902,1000.0,0.0,0.0,0.0,-59.66117217244896,0.0,0.0,0.0,0.0,0.0,0.0,0.0,0.0,0.0,549.9016536709454,0.0,142.6932603624473,0.0,0.0,0.0,0.0,0.0,0.0,0.0,0.0,0.0,0.0,0.0,0.0,243.74945190880646,-113.45494775799375,-904.6921132085107,-790.938732279526,35.08850664650341,17.47458563677062,0.0,0.0,0.0,-69.53258100142699,0.0,0.0,0.12865785770384264,0.0,0.0,0.0,71.3466301812236,0.0,0.0,0.0,0.0,-28.77253931930474,0.0,0.0,0.0,0.0,0.0,0.0,0.0,0.0,-731.3968604259856,0.0,0.011696168882168137,0.011696168882168137,0.0,0.0,0.0,0.0,0.0,0.0,0.0,0.0,0.0,-534.3576274406394,0.0,0.0,0.0,0.0,0.0,217.43307192392888,0.0,0.0,0.0,0.0,0.0,0.0,0.0,507.7270727802468,0.0,0.0,0.0,34.94917127354124,0.0,0.0,695.469366139763,0.0,0.0,0.0,70.17701329300678,0.0,0.0,0.0,0.0,0.0,-847.1324757644513,776.9554624714445,0.0,34.94917127354124,0.0,0.0,0.0,0.0,0.0,0.0,0.0,0.0,0.0,0.0,-1000.0,-1000.0,1000.0,-35.08850664650341,0.0,0.0,724.2671448306205,0.0,0.0,0.0,0.0,0.0,0.0,0.0,0.0,0.0,664.0624999999999,0.0,-664.0624999999999,-664.0625,0.0,0.0,0.0,0.0,-14.620211102709755,12.333446323349563,-856.8103773638691,911.1091164955247,0.0,0.0,0.0,0.0,0.0,-1.4620211102709755,0.0,24.712000898907718,0.0,0.0,0.0,0.0,0.0,0.0,0.0,915.7900364963405,35.08850664650341,35.08850664650341,0.0,0.0,0.0,0.0,307.20633442060085,0.12865785770384264,217.43307192392888,0.0,0.0,-724.2671448306205,0.0,0.0,0.0,0.0,0.0,0.0,0.0,0.0,0.0,0.0,0.0,0.0,0.0,0.0,97.07667697810257,0.0,0.0,10.25241778593022,0.0,122.80977326276194,26.480635676039828,0.0,0.0,0.0,0.0,0.0,217.43307192392888,0.0,-187.26436148759333,0.0,0.0,0.0,-14.620211102709755,0.0,0.0,0.0,0.0,0.0,0.0,0.0,0.0,0.0,0.0,0.0,0.0,0.0,0.0,0.0,0.0,0.0,0.0,-0.11696168882167803,0.0,0.0,5.848084441083902,-118.25124390240097,0.0,0.0,0.0,0.0,12.333446323349563,0.0,0.0,0.0,-909.810841749604,2.924042220541951,0.0,0.0,465.1014829929991,0.11696168882167803,0.0,116.96168882167802,-26.00570574878998,23.392337764335608,0.8354406344405574,346.82794738434217,-0.08772126661625852,429.8672097922055,2.3392337764335607,-0.584808444108208,-346.82794738434217,35.08850664650341,-0.11696168882167804,0.0,126.60766223566439,0.02924042220541951,0.8354406344405574,0.0,-36.094886497181676,-2.3392337764335607,-300.0,-0.11696168882167804,0.02924042220541951,-346.82794738434217,11.696168882167804,0.11696168882167804,0.11696168882167803,-217.18745237740336,-17.345927779066773,-225.71897779487318,-0.08772126661625852,35.08850664650341,0.11696168882167804,35.08850664650341,-58.48084441083902,-0.05848084441083902,-20.845072813882865,-73.89241231396727,-0.08772126661625852,-0.11696168882167807,-26.00570574878998,0.11696168882167803,11.696168882167804,-2.3392337764335607,74.41272806632735,74.41272806632735,-11.696168882167804,300.0,-74.41272806632735,23.392337764335608,0.17544253323251705,-1000.0,11.696168882167804,-333.3333333333333,126.60766223566439,-23.392337764335608,0.05848084441083902,1.1696168882167806,35.78105942491477,240.82540968826447,-0.11696168882167803,-243.74945190880646,217.18745237740336,36.25812353472019,0.11696168882167804,36.094886497181676,-13.746364350349275,126.60766223566439,-0.11696168882167803,-0.02924042220541951,-126.60766223566439,-0.11696168882167804,-88.3038311178322,0.11696168882167804,-0.02924042220541951,-0.02924042220541951,-0.02924042220541951,46.784675528671215,58.48084441083902,1.1696168882167806,86.6539912057581,-0.02924042220541951,71.56211884982955,5.848084441083902,50.0,0.11696168882167803,0.05848084441083902,0.05848084441083902,75.0,26.00570574878998,0.11696168882167803,-26.00570574878998,1.1696168882167806,0.11696168882167804,-86.6539912057581,0.11696168882167804,0.4678467552864731,0.584808444108208,0.05848084441083902,0.02924042220541951,35.08850664650341,-0.11696168882167804,225.71897779487318,1.1696168882167803,-173.3079824115162,426.94316757166354,-11.696168882167804,23.392337764335608,5.848084441083902,-0.11696168882167804,0.0,0.17544253323251705,-0.11696168882167804,-150.0,26.00570574878998,321.8942923309519,0.05848084441083902,-100.0,-0.11696168882167804,-0.11696168882167804,-0.11696168882167804,0.058480844410839034,346.82794738434217,-23.392337764335608,0.11696168882167803,71.56211884982955,-0.02924042220541951,17.345927779066773,-71.56211884982955,17.544253323251702,73.89241231396727,294.26397270529867,346.82794738434217,-0.08772126661625852,243.74945190880646,-240.82540968826447,0.11696168882167804,-0.029240422205419517,5.848084441083902,116.96168882167802,-0.05848084441083902,-0.11696168882167804,0.02924042220541951,0.0,0.0,853.9723434730336,0.0,-75.5766878020579,0.0,981.9878637906336,-140.0,0.0,-80.0,-255.0,-325.0,-145.9691756825556,40.0,37.78834390102895,127.5,0.0,70.0,-217.43307192392888,-252.3617113295249,145.9691756825556,325.0,-252.3617113295249,-981.9878637906336,492.0190296294075,0.0,1496.5981,hplb
354,0.0,0.0,0.0,0.0,0.0,0.0,0.0,0.0,-0.12169287020135312,0.0,0.0,0.0,0.0,0.0,0.0,0.0,-522.755774212683,657.7797757596234,0.0,17.636472571048557,0.0,0.0,0.0,398.75025178374113,0.0,0.0,0.0,0.0,0.0,494.8806983583655,0.0,0.0,137.3105875685502,0.0,0.0,0.0,0.0,742.9145598492473,0.0,-1000.0,963.492138939594,0.0,0.0,0.0,0.0,0.0,721.7702687702783,0.0,-303.5919575560249,-549.6314903446206,0.0,668.5329665896577,0.0,0.1338621572213926,0.0,0.0,0.0,24.338574040270625,0.0,0.0,-26.399903504620113,0.0,0.0,-26.399903504620113,0.0,0.0,0.0,0.0,0.0,639.35099483968,0.0,1.2169287020135313,0.0,0.0,0.0,0.0,0.0,0.0,0.0,0.0,0.0,0.0,-69.57078044248048,0.0,73.01572212081189,0.0,0.0,1000.0,-647.5411724763544,522.9383135179851,-0.03042321755033828,0.0,0.0,0.0,36.50786106040594,0.0,36.50786106040594,-244.2401624756188,97.3115909979424,0.0,0.0,6.084643510067656,494.8806983583655,0.0,0.0,0.0,0.0,196.00903428653854,0.0,0.0,0.0,0.0,0.0,0.0,0.0,0.0,0.0,0.0,0.0,0.0,0.0,0.0,0.0,0.0,-285.28634065499693,0.0,0.0,36.50786106040594,0.0,37.72478976241947,10.72434220077136,0.0,-1000.0,41.841290573259016,958.158709426741,-958.158709426741,-1000.0,0.0,0.0,1000.0,0.0,0.0,0.0,0.0,0.0,78.94113144798467,0.12169287020135312,0.0,0.0,0.0,-607.8716943217454,0.0,0.0,0.0,0.0,0.0,695.0759142297156,0.0,0.0,0.0,0.0,0.0,278.351424099923,278.351424099923,0.0,0.0,0.0,-984.375,106.67848849369436,0.0,0.0,278.47311697012435,0.0,0.0,0.0,-864.4993053868457,-784.8278758843658,0.0,0.0,0.0,0.0,0.0,0.0,0.0,0.0,0.0,-336.4197849980685,0.0,0.0,0.0,0.0,-1000.0,0.0,0.0,0.0,0.0,0.0,549.6314903446206,-668.5329665896577,352.4588275236456,-352.4588275236456,0.0,0.0,0.0,0.0,0.0,0.0,0.0,0.0,-106.67848849369436,0.0,0.0,0.0,0.0,0.0,0.0,0.0,0.0,0.0,0.0,0.0,0.0,0.0,65.52689550568627,649.5378540133235,1000.0,0.0,0.0,0.0,0.0,0.0,0.0,0.0,0.0,0.0,-26.399903504620113,1000.0,0.0,0.0,0.0,0.0,0.0,0.0,0.0,0.0,0.0,0.0,0.0,0.0,0.0,-1000.0,380.333903377963,0.0,-1000.0,0.0,0.0,0.0,-210.73540561779834,0.0,0.0,0.0,289.9960636910703,0.0,0.0,-158.0460552309195,-1000.0,0.0,841.9539447690819,0.0,1000.0,-295.0823449527088,0.0,1000.0,549.6314903446206,0.0,360.971792263318,0.0,0.0,0.0,-320.70377618726246,0.0,320.70377618726246,0.0,1000.0,0.0,0.0,0.0,-984.375,0.0,0.0,-26.399903504620113,-0.1825393053020297,0.0,0.0,0.0,0.0,0.12169287020135312,0.0,0.0,0.0,963.492138939594,-522.755774212683,0.0,-1000.0,787.1464637416955,784.8278758843658,1000.0,0.0,0.0,0.0,0.0,0.0,0.0,0.0,906.1626277877367,93.83737221226329,-1000.0,-1000.0,-1000.0,0.0,0.0,0.0,0.0,0.0,0.0,0.0,0.0,0.0,0.0,0.0,0.0,0.0,0.0,0.0,0.0,0.0,917.7732936278296,0.0,244.9446436077709,0.0,0.0,240.32165205513527,0.0,0.0,0.0,-78.94113144798467,0.0,166.8823714404229,0.0,0.0,0.0,0.0,0.0,847.9550147620404,-3.042321755033828,-93.83737221226329,0.0,732.2736026434719,0.0,-80.49983363819511,0.0,-854.039658272108,0.0,0.0,-738.3582461535395,-688.8676690510383,0.0,0.0,0.0,560.2506292088004,36.50786106040594,0.0,0.0,0.0,407.58781558903695,0.0,0.0,0.0,-65.52689550568627,65.52689550568627,65.52689550568627,-176.92638962930747,0.0,0.0,0.0,0.0,0.0,0.0,0.0,0.0,-52.799807009240226,0.0,0.0,0.0,0.0,0.0,0.0,0.0,5.158298631172144,0.24338574040265717,0.0,0.0,0.0,0.0,0.0,0.0,0.0,0.0,0.0,639.35099483968,0.0,0.0,0.0,0.0,0.0,0.0,0.0,0.0,0.0,0.1338621572213926,0.1338621572213926,0.0,321.18832146541564,0.0,73.01572212081189,0.0,0.0,0.0,1000.0,0.0,0.0,0.0,0.0,0.0,556.140234605657,-1000.0,0.0,0.0,0.0,0.0,0.0,0.0,0.0,0.0,0.0,0.0,0.0,0.0,0.0,95.09544688499898,-963.492138939594,607.8716943217454,0.0,9.37035100550419,0.0,0.0,0.0,0.0,0.0,250.32528226235036,0.0,884.9485639782492,-323.65003074142004,0.0,0.0,65.52689550568627,0.0,0.0,0.0,0.0,0.0,0.0,0.0,0.0,0.0,0.0,0.0,0.0,0.0,73.01572212081189,0.0,0.0,0.0,0.0,0.0,0.0,0.0,0.0,0.0,0.0,0.0,0.0,1.2169287020135315,0.0,0.0,0.0,0.0,0.0,-668.5329665896577,0.0,0.0,36.50786106040594,0.0,0.0,0.0,0.0,0.0,0.0,0.0,0.0,0.0,0.0,1000.0,0.0,0.0,36.50786106040594,36.50786106040594,1000.0,-1000.0,0.0,0.0,0.0,0.0,0.0,0.0,0.0,668.2707311589389,0.0,1000.0,0.12169287020135312,0.0,0.0,0.0,117.81545099354446,0.0,0.0,0.0,0.0,0.0,0.0,0.0,0.0,0.0,23.524227103331288,0.0,0.0,0.0,0.0,0.0,0.0,0.0,0.12169287020135312,0.0,0.0,0.0,-347.48693163048273,347.48693163048273,0.0,0.0,0.0,0.0,-344.56575797248564,1000.0,0.0,0.0,-1000.0,-9.126965265101486,0.0,-6.084643510067661,0.0,0.0,0.0,0.0,0.0,0.0,0.0,0.0,0.0,0.0,0.0,0.0,784.8278758843658,0.0,0.0,566.335272718868,0.0,0.0,0.0,-0.12169287020135312,0.0,0.0,0.12169287020135312,0.0,0.12169287020135312,70.57268130999387,0.0,0.0,73.01572212081189,148.46530164565084,148.46530164565084,0.0,0.0,0.0,0.0,0.0,0.0,69.57078044248048,607.8716943217454,0.0,0.0,0.0,0.0,916.640383912073,0.0,0.0,0.0,0.0,0.0,0.0,0.0,0.0,0.0,0.0,0.0,0.0,0.0,0.0,0.0,0.0,0.0,0.0,0.1825393053020297,0.0,0.0,0.0,-36.50786106040594,0.0,0.0,0.0,0.0,0.0,-321.18832146541564,6.084643510067656,0.0,0.0,0.0,984.375,-106.67848849369436,-3.9185104204835284,-6.084643510067661,0.0,0.0,0.0,0.0,0.0,0.0,0.0,0.0,0.0,0.0,0.0,255.66142595972937,0.0,908.5331202814748,0.0,327.1713499799413,261.706116104017,166.8823714404229,-755.7598375243812,0.0,-359.2007072634492,0.0,6.084643510067661,482.0555791705472,0.0,0.0,0.0,-52.799807009240226,0.0,0.0,0.0,0.0,0.0,0.0,0.0,0.0,0.0,318.16585446786553,0.0,148.46530164565084,0.0,0.0,0.0,0.0,0.0,0.0,0.0,0.0,0.0,0.0,0.0,0.0,348.5692172607201,-757.1664458332244,-714.3486910425727,0.0,36.50786106040594,0.0,0.0,0.0,0.0,348.27282234975695,0.0,0.0,0.1338621572213926,0.0,0.0,0.0,74.23265082282542,0.0,0.0,0.0,0.0,649.5378540133235,0.0,0.0,0.0,0.0,0.0,0.0,0.0,0.0,0.0,0.0,0.012169287020135313,0.012169287020135313,0.0,0.0,0.0,0.0,0.0,70.57268130999387,0.0,0.0,0.0,0.0,0.0,0.0,0.0,0.0,0.0,321.18832146541564,0.0,0.0,0.0,0.0,0.0,0.0,0.0,549.6314903446206,0.0,0.0,0.0,0.0,0.0,-1000.0,657.7797757596234,0.0,0.0,0.0,73.01572212081189,0.0,0.0,0.0,0.0,0.0,0.0,-73.01572212081189,0.0,0.0,0.0,0.0,0.0,0.0,0.0,0.0,0.0,0.0,0.0,0.0,-1000.0,163.15142951730445,1000.0,0.0,-36.50786106040594,0.0,672.3418785392535,0.0,0.0,0.0,0.0,0.0,0.0,0.0,0.0,0.0,992.171875,0.0,-992.171875,-992.171875,0.0,0.0,0.0,0.0,-15.211608775169147,0.0,-9.126965265101486,907.5134186469717,0.0,0.0,0.0,0.0,0.0,-1.5211608775169145,0.0,52.799807009240226,0.0,0.0,0.0,0.0,0.0,0.0,0.0,1000.0,36.50786106040594,36.50786106040594,0.0,0.0,0.0,0.0,0.0,0.1338621572213926,321.18832146541564,0.0,0.0,-742.9145598492473,0.0,0.0,0.0,0.0,0.0,0.0,0.0,0.0,0.0,0.0,0.0,0.0,0.0,0.0,35.286340654996934,0.0,0.0,10.72434220077136,0.0,127.77751371142081,0.0,0.0,78.94113144798467,0.0,0.0,0.0,321.18832146541564,0.0,0.0,0.0,0.0,0.0,-15.211608775169147,0.0,0.0,0.0,0.0,0.0,0.0,0.0,0.0,0.0,0.0,0.0,0.0,0.0,0.0,0.0,0.0,0.0,0.0,-0.12169287020135312,0.0,0.0,6.084643510067656,-556.140234605657,0.0,0.0,0.0,0.0,0.0,0.0,0.0,0.0,-906.1626277877367,3.042321755033828,0.0,0.0,0.0,0.12169287020135312,0.0,121.69287020135312,-27.000447561648116,24.33857404027063,0.8692347871525223,360.971792263318,-0.09126965265101485,6.084643510067618,2.4338574040270626,69.96421695898725,-360.971792263318,36.50786106040594,-0.12169287020135312,0.0,0.0,0.03042321755033828,0.8692347871525223,0.0,-19.373504936055834,-2.4338574040270626,-152.66047411798888,-0.12169287020135312,0.03042321755033828,-360.971792263318,12.169287020135313,0.12169287020135312,0.12169287020135312,-320.9327664379929,0.13386215722148845,-132.152288937378,-0.09126965265101485,36.50786106040594,0.12169287020135312,36.50786106040594,-60.84643510067657,-0.06084643510067656,-562.9236252923376,-12.290979890336672,-0.09126965265101485,-0.12169287020135312,-27.000447561648116,0.12169287020135312,12.169287020135313,-2.4338574040270626,0.0,0.0,-12.169287020135313,152.66047411798888,0.0,24.338574040270625,0.1825393053020297,-1000.0,12.169287020135313,-95.09544688499898,0.0,-24.338574040270625,0.06084643510067656,1.2169287020135315,250.0,280.0,-0.12169287020135312,-348.5692172607201,320.9327664379929,37.72478976241947,0.12169287020135312,19.373504936055834,-146.0314442416239,0.0,-0.12169287020135312,-0.03042321755033828,0.0,-0.12169287020135312,5.158298631172144,0.12169287019996046,-0.03042321755033828,-0.03042321755033828,-0.03042321755033828,48.67714808054125,60.84643510067657,1.2169287020135315,90.15920521042801,-0.03042321755033828,500.0,6.084643510067656,3.5054941944815843,0.12169287020135312,0.06084643510067656,0.06084643510067656,12.169287020135313,27.000447561648116,0.12169287020135312,-27.000447561648116,1.2169287020135315,0.12169287020135532,-90.15920521042801,0.12169287020135312,0.48677148080525967,-69.96421695898725,0.06084643510067656,0.03042321755033828,36.50786106040594,-0.12169287020135312,132.152288937378,1.2169287020135313,-180.31841042085603,3.0423217550338677,-12.169287020135313,24.338574040270625,6.084643510067656,-0.12169287020135312,0.0,0.1825393053020297,-0.12169287020135532,-24.338574040270625,27.000447561648116,-47.43493724059976,0.06084643510067656,-7.010988388963169,-0.12169287020135312,-0.12169287019996046,-0.12169287020135312,0.06084643510067656,360.971792263318,-24.338574040270625,0.12169287020135312,500.0,-0.03042321755033828,-0.13386215722148845,-500.0,18.253930530202968,12.290979890336667,436.0363624185486,360.971792263318,-0.09126965265101485,348.5692172607201,-280.0,0.12169287020135312,-0.030423217550338284,6.084643510067661,121.69287020135312,-0.06084643510067656,-0.12169287020135312,0.03042321755033828,0.0,0.0,772.0831849996231,0.0,-255.0,0.0,231.21231659614148,-140.0,0.0,-80.0,-255.0,-325.0,-227.85596856527627,40.0,127.5,127.5,0.0,70.0,-321.18832146541564,-300.8378851091572,227.85596856527627,325.0,-300.8378851091572,-231.21231659614148,182.53723690881503,0.0,1496.5981,hplb
355,0.0,0.0,0.0,0.0,0.0,0.0,0.0,0.0,-0.06674463909037012,0.0,0.0,0.0,0.0,0.0,0.0,0.0,-172.87353656922414,472.87353656922414,0.0,0.0,0.0,0.0,0.0,94.68618112170095,0.0,0.0,0.0,0.0,0.0,-715.8274760799119,0.0,0.0,624.5639748202932,0.0,0.0,0.0,0.0,-122.3196796058623,0.0,-1000.0,537.1596387942583,0.0,0.0,0.0,0.0,0.0,670.9297325078538,0.0,0.0,-331.96200048392944,0.0,0.0,0.0,0.07341910299947314,0.0,0.0,0.0,13.348927818074024,0.0,0.0,104.75249059727783,0.0,379.83777829485825,152.6988634526277,0.0,0.0,0.0,0.0,391.5841161497117,692.4195940821069,0.0,0.6674463909037012,0.0,0.0,0.0,0.0,0.0,0.0,0.0,0.0,0.0,0.0,0.0,0.0,40.04678345422207,0.0,0.0,63.56323171538793,281.30654024159105,0.0,-0.01668615977259253,0.0,0.0,-739.5461250765475,20.023391727111036,0.0,20.023391727111036,0.0,0.0,0.0,0.0,330.807832926728,-715.8274760799119,0.0,0.0,-16.364649739477887,0.0,0.0,0.0,0.0,0.0,0.0,0.0,0.0,0.0,0.0,0.0,0.0,0.0,0.0,0.0,0.0,0.0,0.0,-489.254059643912,0.0,0.0,20.023391727111036,0.0,20.69083811801474,0.0,0.0,-311.6330413306415,-590.7372806650854,902.370321995727,-902.370321995727,-601.0348974007088,1000.0,-1000.0,269.1434919612004,0.0,0.0,0.0,0.0,0.0,5.139337209958496,0.06674463909037012,0.0,0.0,0.0,-356.6548956904524,0.0,0.0,0.0,0.0,0.0,419.0438211439202,0.0,0.0,0.0,0.0,0.0,329.1370121312366,329.1370121312366,0.0,0.0,0.0,0.0,-1000.0,0.0,0.0,329.20375677032695,0.0,0.0,0.0,-103.53068986680978,0.0,0.0,0.0,0.0,0.0,0.0,0.0,0.0,0.0,0.0,0.0,0.0,0.0,0.0,0.0,-840.6325176026598,0.0,0.0,0.0,0.0,0.0,331.96200048392944,0.0,-63.56323171538793,63.56323171538793,13.378613178593724,0.0,0.0,0.0,0.0,0.0,0.0,0.0,-664.7864581982088,0.0,0.0,0.0,0.0,0.0,0.0,0.0,0.0,0.0,0.0,0.0,0.0,0.0,0.0,283.35275132660047,888.701012649136,0.0,0.0,0.0,144.4163451880388,163.25879145187264,0.0,0.0,0.0,0.0,104.75249059727783,888.701012649136,0.0,0.0,259.40971428863355,0.0,0.0,0.0,0.0,0.0,2.1491773787089983,0.0,0.0,0.0,-502.62943724013485,-157.75966528315587,0.0,0.0,-888.701012649136,0.0,0.0,331.89140543950833,0.0,0.0,0.0,0.0,48.623784552470966,0.0,0.0,-1000.0,-1000.0,0.0,0.0,0.0,1000.0,217.74330852620312,0.0,345.7470731384483,331.96200048392944,0.0,9.580138431666313,0.0,0.0,0.0,-1000.0,0.0,1000.0,0.0,1000.0,174.09644707287586,144.4163451880388,0.0,0.0,0.0,0.0,104.75249059727783,-0.10011695863555517,0.0,0.0,0.0,0.0,0.06674463909037012,0.0,0.0,0.0,641.8225438663735,-172.87353656922414,0.0,-543.9170015319173,165.7529900686587,0.0,557.1830305213693,0.0,277.7090157604065,0.0,-16.364649739477887,0.0,0.0,0.0,-5.746713425680933,-271.96230233472556,0.0,-1000.0,-1000.0,0.0,0.0,0.0,0.0,0.0,0.0,0.0,0.0,0.0,0.0,0.0,0.0,0.0,0.0,0.0,0.0,259.40971428863355,-1000.0,0.0,-877.9472989504992,0.0,0.0,0.0,1000.0,0.0,220.18870953229109,-7.2885145886674945,0.0,0.0,0.0,0.0,327.47060097220947,-1000.0,-648.7757034582716,332.92746755937674,-303.9593321792165,880.3781861850139,697.095300277321,0.0,0.0,-89.87165653518338,648.7757034582716,-1000.0,1000.0,302.29071620195725,-3.337231954518506,-1000.0,0.0,0.0,37.84007189703465,376.8368839440611,20.023391727111036,0.0,0.0,0.0,0.0,0.0,0.0,0.0,0.0,0.0,0.0,-244.38795916226448,0.0,0.0,0.0,0.0,0.0,0.0,0.0,0.0,-122.38642424495268,0.0,0.0,0.0,0.0,0.0,0.0,0.0,-93.32553609096298,0.13348927818078482,0.0,0.0,0.0,0.0,0.0,0.0,0.0,0.0,0.0,909.9072631589426,0.0,0.0,0.0,0.0,0.0,0.0,0.0,0.0,0.0,0.07341910299947314,0.07341910299947314,0.0,180.04387900873587,0.0,40.04678345422207,0.0,417.0457926288622,0.0,409.35415417340045,0.0,0.0,0.0,0.0,0.0,160.44646816533947,-409.35415417340045,0.0,0.0,262.56389714700464,0.0,0.0,0.0,0.0,0.0,0.0,0.0,0.0,0.0,0.0,163.08468654797068,-641.8225438663735,356.6548956904524,0.0,5.139337209958496,0.0,-739.5461250765475,0.0,-176.63740463046634,0.0,160.44646816533947,0.0,-932.8790679256235,1000.0,0.0,0.0,0.0,0.0,0.0,0.0,0.0,0.0,0.0,0.0,0.0,0.0,0.0,0.0,0.0,0.0,40.04678345422207,331.8914054395084,331.89140543950833,0.0,0.0,0.0,0.0,0.0,0.0,0.0,0.0,0.0,0.0,0.6674463909037012,0.0,0.0,0.0,0.0,0.0,0.0,0.0,0.0,20.023391727111036,-262.56389714700464,0.0,0.0,0.0,0.0,0.0,0.0,0.0,0.0,0.0,101.49413430891872,-139.2607523385131,0.0,20.023391727111036,20.023391727111036,1000.0,-409.35415417340045,0.0,0.0,0.0,0.0,0.0,0.0,0.0,715.8274760799119,0.0,1000.0,0.06674463909037012,0.0,0.0,0.0,88.14583086727524,502.40368108366835,0.0,739.5461250765475,0.0,-174.09644707287586,0.0,0.0,0.0,0.0,0.0,0.0,0.0,0.0,0.0,0.0,0.0,0.0,0.06674463909037012,0.0,0.0,0.0,-455.85605966839967,455.85605966839967,0.0,0.0,0.0,0.0,0.0,0.0,0.0,0.0,114.76418646083332,-5.005847931777759,0.0,-3.337231954518506,0.0,46.874999999999986,46.874999999999986,-46.87499999999999,0.0,0.0,0.0,0.0,0.0,0.0,0.0,331.8914054395084,0.0,0.0,0.0,380.17411589857966,0.0,0.0,0.0,-0.06674463909037012,0.0,0.0,0.06674463909037012,0.0,0.06674463909037012,0.0,0.0,0.0,40.04678345422207,81.42845969025156,81.42845969025156,0.0,0.0,0.0,0.0,0.0,0.0,0.0,356.6548956904524,0.0,0.0,0.0,0.0,0.0,0.0,0.0,0.0,0.0,0.0,0.0,0.0,0.0,0.0,0.0,0.0,0.0,0.0,0.0,176.63740463046634,0.0,0.0,0.0,0.10011695863555517,0.0,0.0,0.0,-20.023391727111036,0.0,0.0,0.0,0.0,0.0,-180.04387900873587,3.337231954518506,0.0,0.0,0.0,0.0,1000.0,597.3593308562207,-3.337231954518506,0.0,0.0,0.0,0.0,0.0,0.0,0.0,331.8914054395084,0.0,262.56389714700464,0.0,180.04387900873587,0.0,343.55662168808743,486.03903134419045,7.2885145886674945,590.0708162675533,0.0,-597.3593308562207,0.0,-81.42845969025156,417.0457926288622,3.337231954518506,1000.0,0.0,0.0,0.0,-122.38642424495268,0.0,0.0,0.0,0.0,0.0,0.0,0.0,0.0,0.0,185.04972694051364,-195.06142280406914,81.42845969025156,0.0,-984.375,-984.375,984.375,0.0,0.0,0.0,0.0,0.0,2.1491773787089983,0.0,0.0,0.0,-998.0530940262178,0.0,0.0,20.023391727111036,0.0,0.0,0.0,0.0,70.73698777898827,0.0,0.0,0.07341910299947314,0.0,0.0,0.0,40.71422984512578,0.0,0.0,0.0,0.0,283.35275132660047,0.0,0.0,0.0,0.0,0.0,0.0,0.0,0.0,368.2421056240698,0.0,0.006674463909037013,0.006674463909037013,0.0,0.0,0.0,0.0,0.0,0.0,0.0,0.0,0.0,0.0,0.0,0.0,0.0,0.0,0.0,180.04387900873587,0.0,0.0,0.0,0.0,0.0,0.0,0.0,331.96200048392944,0.0,0.0,0.0,0.0,0.0,0.0,472.87353656922414,0.0,0.0,0.0,40.04678345422207,0.0,0.0,0.0,0.0,0.0,-913.5224517573051,873.475668303083,0.0,0.0,0.0,0.0,0.0,0.0,0.0,0.0,0.0,0.0,0.0,0.0,-1000.0,-1000.0,45.72007777690354,-37.58913386414176,17.565742137030725,0.0,-122.3196796058623,0.0,0.0,0.0,0.0,0.0,0.0,0.0,0.0,0.0,0.0,0.0,0.0,0.0,0.0,0.0,0.0,417.0457926288622,-8.343079886296266,331.89140543950833,-332.47644890398726,190.05557487229134,0.0,0.0,0.0,0.0,0.0,-0.8343079886296267,0.0,122.38642424495268,0.0,0.0,0.0,0.0,0.0,0.0,0.0,1000.0,20.023391727111036,20.023391727111036,0.0,0.0,0.0,0.0,0.0,0.07341910299947314,180.04387900873587,0.0,0.0,122.3196796058623,0.0,0.0,0.0,0.0,0.0,0.0,0.0,0.0,0.0,0.0,0.0,0.0,0.0,0.0,0.0,0.0,0.0,0.0,0.0,70.08187104488863,5.139337209958496,0.0,0.0,0.0,0.0,0.0,180.04387900873587,0.0,-597.3593308562207,0.0,0.0,0.0,-8.343079886296266,0.0,0.0,0.0,0.0,0.0,0.0,0.0,0.0,0.0,0.0,0.0,0.0,0.0,0.0,0.0,0.0,0.0,0.0,-0.06674463909037012,0.0,0.0,3.337231954518506,-160.44646816533947,0.0,0.0,0.0,0.0,331.89140543950833,0.0,0.0,0.0,5.746713425680933,1.668615977259253,0.0,0.0,0.0,0.06674463909037012,0.0,66.74463909037011,-20.69083811801474,13.348927818074024,0.4767474220740723,186.21754306213265,-0.050058479317777585,667.0725324406233,1.3348927818074026,-0.3337231954518638,-186.21754306213265,20.023391727111036,-0.06674463909037012,5.454883246492629,0.0,0.01668615977259253,0.4767474220740723,-16.364649739477887,-10.62574654318596,-1.3348927818074026,-300.0,-0.06674463909037012,0.01668615977259253,-186.21754306213265,6.674463909037012,0.06674463909037012,0.06674463909037012,-179.90371526664603,0.07341910299940714,-182.75653034863205,-0.050058479317777585,20.023391727111036,0.06674463909037012,20.023391727111036,-33.372319545185064,-0.03337231954518506,-203.55799131633233,-170.0,-0.050058479317777585,-0.06674463909037012,-20.69083811801474,0.06674463909037012,6.674463909037012,-1.3348927818074026,176.63740463046634,176.63740463046634,-6.674463909037012,300.0,-176.63740463046634,13.348927818074024,0.10011695863555517,-1000.0,6.674463909037012,-163.08468654797068,0.0,-13.348927818074024,0.03337231954518506,0.6674463909037012,135.97925038297933,193.3928068268099,-0.06674463909037012,-195.06142280406914,179.90371526664603,20.69083811801474,0.06674463909037012,10.62574654318596,-80.09356690844409,0.0,-0.06674463909037012,-0.01668615977259253,0.0,-0.06674463909037012,-93.32553609096298,0.06674463909052974,-0.01668615977259253,-0.01668615977259253,-0.01668615977259253,26.69785563614805,33.372319545185064,0.6674463909037012,214.27732634221405,-0.01668615977259253,266.50361751946605,3.337231954518506,50.0,0.06674463909037012,0.03337231954518506,0.03337231954518506,-152.58193222142032,20.69083811801474,0.06674463909037012,-20.69083811801474,0.6674463909037012,0.06674463909037012,-543.9331100544892,0.06674463909037012,0.26697855636149703,0.3337231954518638,0.03337231954518506,0.01668615977259253,20.023391727111036,-0.06674463909037012,182.75653034863205,0.6674463909037013,-428.5546526844281,665.403916463364,-6.674463909037012,13.348927818074024,3.337231954518506,-0.06674463909037012,16.364649739477887,0.10011695863555517,-0.06674463909037012,305.16386444284063,20.69083811801474,163.6634989630926,0.03337231954518506,-100.0,-0.06674463909037012,-0.06674463909052974,-0.06674463909037012,0.03337231954518506,186.21754306213265,-13.348927818074024,0.06674463909037012,271.95850076595866,-0.01668615977259253,-0.07341910299940714,-271.95850076595866,10.011695863555516,170.0,438.4313610389794,186.21754306213265,-0.050058479317777585,195.06142280406914,-193.3928068268099,0.06674463909037012,-0.016686159772592527,3.337231954518506,66.74463909037011,-0.03337231954518506,-0.06674463909037012,0.01668615977259253,1000.0,0.0,782.2233191542517,329.6557837122752,-255.0,0.0,354.33628618832654,-140.0,0.0,-80.0,-255.0,-0.250653815709029,-217.74330852620312,40.0,127.5,127.5,0.0,70.0,-180.04387900873587,-234.40048674208086,217.74330852620312,0.250653815709029,-234.40048674208086,-354.33628618832654,213.8776945938668,0.0,1496.5981,hplb
356,0.0,0.0,0.0,0.0,0.0,0.0,0.0,0.0,-0.1528080485815608,0.0,0.0,0.0,0.0,0.0,0.0,0.0,0.0,0.0,0.0,218.55684329486525,0.0,0.0,0.0,274.6144655904083,0.0,0.0,0.0,0.0,0.0,-1000.0,0.0,0.0,136.6229421263475,0.0,0.0,0.0,0.0,999.3887678056733,0.0,-1000.0,75.27886021083286,0.0,0.0,0.0,0.0,0.0,886.3238396217873,0.0,0.0,-500.4730305290522,0.0,0.0,0.0,0.1680888534397127,0.0,0.0,0.0,0.0,0.0,0.0,-6.387713875633385,0.0,0.0,-27.596458683985464,0.0,0.0,0.0,0.0,416.00569116466534,250.89308268311456,0.0,1.5280804858156083,0.0,0.0,0.0,0.0,0.0,0.0,0.0,0.0,0.0,0.0,0.0,0.0,91.68482914893649,0.0,0.0,380.5632463205747,438.47625353075915,179.71220664322223,-0.0382020121453902,0.0,0.0,-223.43168132989484,45.84241457446824,0.0,45.84241457446824,0.0,240.78159942951913,0.0,0.0,7.640402429078041,-1000.0,0.0,0.0,0.0,0.0,0.0,0.0,0.0,0.0,0.0,0.0,0.0,0.0,0.0,0.0,0.0,0.0,0.0,0.0,0.0,0.0,0.0,-631.2825546112795,0.0,0.0,45.84241457446824,0.0,47.37049506028386,15.199980655029293,0.0,0.0,0.0,0.0,0.0,-1000.0,0.0,0.0,978.7912551916479,0.0,0.0,0.0,0.0,0.0,11.766219740780116,0.1528080485815608,0.0,0.0,0.0,0.0,-420.3648198986376,0.0,0.0,0.0,0.0,665.0102996527474,0.0,0.0,0.0,0.0,0.0,113.82896842679426,113.82896842679426,0.0,0.0,0.0,0.0,-1000.0,0.0,0.0,113.98177647537582,0.0,0.0,0.0,-120.21626620708109,0.0,0.0,0.0,0.0,0.0,0.0,0.0,0.0,0.0,0.0,-792.4385328871915,0.0,0.0,0.0,0.0,-1000.0,0.0,0.0,0.0,0.0,0.0,500.4730305290522,0.0,-380.5632463205747,380.5632463205747,21.20874480835208,0.0,0.0,0.0,0.0,0.0,0.0,0.0,-304.2977958903696,0.0,0.0,0.0,0.0,0.0,0.0,0.0,0.0,0.0,0.0,0.0,0.0,0.0,0.0,381.4880393312619,1000.0,0.0,0.0,0.0,0.0,154.56638709326236,0.0,0.0,0.0,0.0,-6.387713875633385,1000.0,0.0,0.0,0.0,0.0,0.0,0.0,0.0,0.0,4.920419164329816,30.561609716312162,0.0,0.0,0.0,819.0394998513339,0.0,0.0,-1000.0,0.0,0.0,21.20874480835208,0.0,0.0,0.0,0.0,227.76642916552987,0.0,0.0,173.53462434019912,0.0,0.0,173.53462434019946,0.0,0.0,57.913007210184475,0.0,-542.5696493462842,500.4730305290522,0.0,280.95928495099884,0.0,0.0,0.0,387.92596845914625,0.0,-387.92596845914625,0.0,1000.0,0.0,0.0,-638.4417908955047,0.0,0.0,0.0,-6.387713875633385,-0.22921207287234122,0.0,0.0,0.0,0.0,0.1528080485815608,0.0,0.0,0.0,773.4620343595875,0.0,0.0,-767.4573268576069,764.7377639880162,0.0,77.18729523847665,0.0,471.4334282336884,0.0,0.0,0.0,0.0,0.0,-13.15677298287238,-416.00569116466534,-42.27096408615057,812.6517859757005,-813.5006511203078,0.0,0.0,0.0,0.0,0.0,0.0,0.0,0.0,0.0,0.0,0.0,0.0,0.0,0.0,0.0,0.0,0.0,0.0,0.0,-1000.0,0.0,0.0,0.0,0.0,0.0,0.0,-16.68663890510993,0.0,240.78159942951913,0.0,0.0,0.0,0.0,0.0,785.9773221086377,976.2038039393319,0.0,-112.08729885140252,-7.640402429078041,-163.4850733289211,0.0,0.0,-793.6177245377157,0.0,-980.0240051538709,0.0,-1000.0,0.0,1000.0,0.0,-474.8439473469389,45.84241457446824,843.7499999999973,-843.7499999999973,0.0,223.78941871310332,0.0,0.0,0.0,0.0,0.0,0.0,0.6489715705845356,0.0,0.0,0.0,0.0,0.0,0.0,0.0,0.0,-33.98417255961885,0.0,-1000.0,43.93397954682445,0.0,0.0,0.0,0.0,-84.71919514184393,0.305616097163238,0.0,0.0,0.0,0.0,0.0,0.0,0.0,0.0,0.0,666.8987738477799,0.0,0.0,0.0,0.0,0.0,0.0,0.0,0.0,0.0,0.1680888534397127,0.1680888534397127,0.0,249.43839028368785,0.0,91.68482914893649,0.0,0.0,0.0,380.3057443079485,0.0,0.0,0.0,0.0,0.0,706.8561064144733,-380.3057443079485,0.0,0.0,266.64919176335565,0.0,0.0,43.93397954682445,0.0,0.0,0.0,0.0,0.0,0.0,0.0,210.42751820375983,-773.4620343595875,420.3648198986376,0.0,11.766219740780116,0.0,0.0,-223.43168132989484,-399.2068132315093,0.0,706.8561064144733,0.0,-377.8630887273707,1000.0,0.0,0.0,0.0,0.0,0.0,0.0,0.0,0.0,0.0,0.0,0.0,0.0,0.0,0.0,0.0,0.0,91.68482914893649,21.20874480835208,21.20874480835208,0.0,0.0,0.0,0.0,0.0,0.0,0.0,0.0,0.0,0.0,1.5280804858156083,0.0,0.0,0.0,0.0,0.0,0.0,0.0,0.0,45.84241457446824,-266.64919176335565,0.0,0.0,0.0,0.0,0.0,0.0,0.0,0.0,0.0,332.5287160028198,0.0,0.0,45.84241457446824,45.84241457446824,1000.0,-380.3057443079485,0.0,43.93397954682445,0.0,0.0,0.0,0.0,0.0,-812.6517859757005,0.0,-538.0350840049086,0.1528080485815608,0.0,0.0,0.0,141.0049352530599,0.0,0.0,223.43168132989484,0.0,0.0,0.0,0.0,0.0,0.0,0.0,0.0,0.0,0.0,0.0,0.0,0.0,0.0,0.1528080485815608,0.0,0.0,0.0,0.0,0.0,0.0,0.0,0.0,0.0,0.0,224.0949605244092,0.0,0.0,-1000.0,-11.460603643617016,0.0,-7.640402429078041,0.0,0.0,0.0,0.0,0.0,0.0,0.0,0.0,0.0,0.0,0.0,21.20874480835208,0.0,0.0,0.0,532.7964550821391,0.0,0.0,0.0,-0.1528080485815608,0.0,0.0,0.1528080485815608,0.0,0.1528080485815608,0.0,0.0,0.0,91.68482914893649,186.4258192695042,186.4258192695042,0.0,0.0,0.0,0.0,0.0,0.0,0.0,420.3648198986376,0.0,0.0,0.0,0.0,0.0,0.0,0.0,0.0,0.0,0.0,0.0,0.0,0.0,0.0,0.0,0.0,0.0,0.0,0.0,175.77513190161443,0.0,0.0,0.0,0.22921207287234122,0.0,0.0,0.0,-45.84241457446824,0.0,0.0,0.0,0.0,0.0,-249.43839028368785,7.640402429078041,0.0,0.0,0.0,0.0,1000.0,-251.39539870745307,-7.640402429078041,0.0,-1000.0,0.0,0.0,0.0,0.0,0.0,21.20874480835208,0.0,266.64919176335565,221.89630845638186,249.43839028368785,0.0,714.8032101823255,0.0,0.0,-268.082037612563,240.78159942951913,27.300438183043845,0.0,-186.4258192695042,0.0,7.640402429078041,375.6962770728501,0.0,0.0,0.0,-33.98417255961885,0.0,0.0,0.0,0.0,0.0,0.0,0.0,0.0,0.0,1000.0,-230.48267440004258,186.4258192695042,0.0,0.0,0.0,0.0,0.0,0.0,0.0,0.0,0.0,4.920419164329816,0.0,0.0,53.337526814496414,-807.9037091008398,0.0,0.0,45.84241457446824,0.0,0.0,0.0,0.0,227.82612431504188,0.0,0.0,0.1680888534397127,0.0,0.0,0.0,93.2129096347521,0.0,0.0,0.0,0.0,381.4880393312619,0.0,0.0,0.0,0.0,0.0,0.0,0.0,0.0,0.0,0.0,934.8014726207995,0.015280804858156517,0.0,0.0,0.0,0.0,0.0,0.0,0.0,0.0,0.0,0.0,0.0,0.0,0.0,0.0,0.0,249.43839028368785,0.0,0.0,0.0,0.0,0.0,0.0,0.0,500.4730305290522,0.0,0.0,0.0,0.0,-324.0128060514189,0.0,0.0,0.0,0.0,0.0,91.68482914893649,0.0,0.0,0.0,0.0,0.0,0.0,-91.68482914893649,0.0,0.0,0.0,0.0,0.0,0.0,0.0,0.0,0.0,0.0,0.0,0.0,724.5344328846008,-1000.0,104.67351327836917,0.0,-45.84241457446824,0.0,999.3887678056733,0.0,0.0,0.0,0.0,0.0,0.0,0.0,0.0,0.0,0.0,0.0,0.0,0.0,0.0,0.0,0.0,0.0,-19.101006072695057,21.20874480835208,-11.460603643617016,219.02207075642553,0.0,0.0,0.0,0.0,0.0,-346.7251878185584,344.8150872112889,33.98417255961885,0.0,0.0,0.0,0.0,0.0,0.0,0.0,1000.0,45.84241457446824,45.84241457446824,0.0,0.0,0.0,0.0,0.0,0.1680888534397127,249.43839028368785,0.0,0.0,-999.3887678056733,934.7861918159413,0.0,0.0,0.0,0.0,0.0,0.0,0.0,0.0,0.0,0.0,0.0,0.0,0.0,0.0,0.0,0.0,15.199980655029293,0.0,160.44845101063885,0.0,0.0,11.766219740780116,0.0,0.0,0.0,249.43839028368785,0.0,251.39539870745307,0.0,0.0,0.0,-19.101006072695057,0.0,0.0,0.0,0.0,0.0,0.0,0.0,0.0,0.0,0.0,0.0,0.0,0.0,0.0,0.0,0.0,0.0,0.0,-0.1528080485815608,0.0,0.0,7.640402429078041,-706.8561064144733,0.0,0.0,0.0,0.0,21.20874480835208,0.0,0.0,0.0,13.15677298287238,3.820201214538976,0.0,0.0,0.0,0.1528080485815608,0.0,152.8080485815608,-32.17051440525458,30.561609716312162,1.0914860612968629,456.73441685261326,-0.11460603643617061,7.640402429078019,3.0561609716312166,-0.7640402429082642,-456.73441685261326,45.84241457446824,-0.1528080485815608,0.0,43.93397954682445,0.0382020121453902,1.0914860612968629,0.0,-24.32704133418797,-3.0561609716312166,-218.55684329486525,-0.1528080485815608,0.0382020121453902,-456.73441685261326,15.280804858156081,0.1528080485815608,0.1528080485815608,-249.11749338166658,0.16808885343976818,-221.34213726819144,-0.11460603643617061,45.84241457446824,0.1528080485815608,45.84241457446824,-76.4040242907804,-0.0764040242907804,-443.668162384556,-170.0,-0.11460603643617061,-0.1528080485815608,-32.17051440525458,0.1528080485815608,15.280804858156081,-3.0561609716312166,175.77513190161443,175.77513190161443,-15.280804858156081,218.55684329486525,-175.77513190161443,30.561609716312162,0.22921207287234122,-751.50646540659,15.280804858156081,-210.42751820375983,43.93397954682445,-30.561609716312162,0.0764040242907804,1.5280804858156083,191.86433171440171,280.0,-0.1528080485815608,-283.820201214539,249.11749338166658,47.37049506028386,0.1528080485815608,24.32704133418797,-139.4356787510485,43.93397954682445,-0.1528080485815608,-0.0382020121453902,-43.93397954682445,-0.1528080485815608,-84.71919514184393,0.15280804858121974,-0.0382020121453902,-0.0382020121453902,-0.0382020121453902,61.123219432624325,76.4040242907804,1.5280804858156083,202.95316027804267,-0.0382020121453902,383.72866342880343,7.640402429078041,50.0,0.1528080485815608,0.0764040242907804,0.0764040242907804,37.24779463156831,32.17051440525458,0.1528080485815608,-32.17051440525458,1.5280804858156083,0.1528080485815608,-382.43615484839256,0.1528080485815608,0.6112321943267034,0.7640402429082642,0.0764040242907804,0.0382020121453902,45.84241457446824,-0.1528080485815608,221.34213726819144,1.5280804858156083,-405.90632055608535,3.820201214538997,-15.280804858156081,30.561609716312162,7.640402429078041,-0.1528080485815608,0.0,0.22921207287234122,-0.1528080485815608,-74.49558926313662,32.17051440525458,107.15467043661502,0.0764040242907804,-100.0,-0.1528080485815608,-0.15280804858121974,-0.1528080485815608,0.0764040242907804,456.73441685261326,-30.561609716312162,0.1528080485815608,383.72866342880343,-0.0382020121453902,-0.16808885343976818,-383.72866342880343,22.921207287234118,170.0,229.6498336081858,456.73441685261326,-0.11460603643617061,283.820201214539,-280.0,0.1528080485815608,-0.03820201214539019,7.640402429078041,152.8080485815608,-0.0764040242907804,-0.1528080485815608,0.0382020121453902,0.0,0.0,513.8048475288925,179.4829945703499,-255.0,0.0,552.4683220717839,-140.0,0.0,-80.0,-255.0,-325.0,-237.6252138534067,40.0,127.5,127.5,0.0,70.0,-249.43839028368785,-334.9807947516569,237.6252138534067,325.0,-334.9807947516569,-552.4683220717839,338.3115979823381,0.0,1496.5981,hplb
357,0.0,0.0,0.0,0.0,0.0,0.0,0.0,0.0,-0.06433331108737414,0.0,0.0,0.0,0.0,0.0,0.0,0.0,0.0,-557.8736389951468,0.0,857.8736389951468,0.0,0.0,0.0,0.0,0.0,0.0,0.0,0.0,0.0,898.4373691384408,0.0,0.0,138.57823382496886,0.0,0.0,0.0,0.0,999.7426667556524,0.0,-1000.0,1000.0,0.0,0.0,0.0,0.0,0.0,0.0,0.0,-560.2760243762438,0.0,0.0,0.0,0.0,0.07076664219626658,0.0,0.0,0.0,0.0,0.0,0.0,283.80250153118175,0.0,584.6018638516443,0.0,0.0,0.0,0.0,0.0,994.8119779844538,0.0,0.0,0.6433331108737413,0.0,0.0,0.0,0.0,0.0,0.0,0.0,0.0,0.0,0.0,0.0,0.0,38.59998665242449,0.0,0.0,872.8583343534882,312.58230997724445,76.13851553231304,880.0026803030411,0.0,0.0,0.0,19.299993326212242,0.0,19.299993326212242,0.0,402.2764281914036,0.0,0.0,3.216665554368707,898.4373691384408,0.0,0.0,0.0,0.0,0.0,0.0,0.0,0.0,0.0,0.0,0.0,0.0,0.0,0.0,0.0,0.0,0.0,0.0,0.0,0.0,0.0,-1000.0,0.0,0.0,19.299993326212242,0.0,19.943326437085982,19.943326437085982,0.0,-1000.0,1000.0,0.0,0.0,0.0,0.0,0.0,-868.4043653828261,0.0,0.0,0.0,0.0,0.0,4.953664953727809,0.06433331108737414,880.0187636308129,0.0,0.0,909.069161783016,-909.069161783016,0.0,0.0,0.0,0.0,452.47788500473456,0.0,0.0,0.0,0.0,0.0,567.0099944899935,567.0099944899935,0.0,0.0,0.0,0.0,0.0,0.0,0.0,567.0743278010808,0.0,0.0,0.0,-1000.0,-372.4818044055729,0.0,0.0,0.0,0.0,0.0,0.0,0.0,0.0,0.0,-898.2012675736242,0.0,0.0,0.0,0.0,169.55184956900405,0.0,0.0,0.0,0.0,0.0,0.0,0.0,-312.58230997724445,312.58230997724445,868.4043653828261,0.0,0.0,0.0,0.0,0.0,0.0,0.0,-695.9083261033966,0.0,0.0,0.0,0.0,0.0,0.0,0.0,0.0,0.0,0.0,0.0,0.0,0.0,22.462673191254225,-74.26667556505035,-338.161344762197,0.0,0.0,0.0,0.0,-554.8278264971046,0.0,0.0,0.0,0.0,283.80250153118175,-338.161344762197,0.0,0.0,0.0,0.0,0.0,0.0,0.0,0.0,2.0715326170120116,12.866662217474827,0.0,0.0,76.04201556568194,701.2066355201708,0.0,0.0,338.161344762197,0.0,0.0,868.4043653828261,34.67892310192538,0.0,0.0,0.0,-295.95184733003066,0.0,0.0,-998.882377745368,0.0,0.0,-998.8823777453681,0.0,0.0,0.0,0.0,-325.164619954489,0.0,0.0,-94.19994807777564,0.0,0.0,0.0,0.0,0.0,0.0,0.0,566.9456611789061,0.0,0.0,-382.3317872176751,0.0,0.0,0.0,283.80250153118175,-0.0964999666310612,0.0,0.0,0.0,0.0,0.06433331108737414,0.0,0.0,0.0,-504.49991439794974,0.0,0.0,-696.7577407497555,59.19071573160372,372.4818044055729,919.9712498056531,0.0,1000.0,0.0,0.0,0.0,0.0,0.0,-5.539098084623068,-994.4609019153769,0.0,-1000.0,-1000.0,0.0,0.0,0.0,0.0,0.0,0.0,0.0,0.0,0.0,0.0,0.0,0.0,0.0,0.0,0.0,0.0,0.0,0.0,0.0,-1000.0,0.0,0.0,0.0,0.0,940.2513423176299,0.0,-7.025197570740033,0.0,402.2764281914036,0.0,0.0,0.0,0.0,0.0,990.242774709295,0.0,-0.351076069076953,0.0,767.1557222337993,0.0,-86.62480337914927,0.0,-993.4594402636636,0.0,-1.6083327771843534,-770.372387788168,-226.33745506759826,0.0,457.8172474980925,915.2378223107655,-1000.0,19.299993326212242,0.0,0.0,0.0,0.0,0.0,0.0,0.0,-22.462673191254225,22.462673191254225,22.462673191254225,242.13333778252516,0.0,0.0,0.0,0.0,0.0,0.0,0.0,0.0,-300.79936232046265,0.0,0.0,99.3287435205591,0.0,0.0,0.0,0.0,-93.56666889126258,0.1286666221727728,0.0,0.0,0.0,0.0,0.0,0.0,0.0,0.0,0.0,994.8119779844538,0.0,0.0,0.0,0.0,0.0,0.0,0.0,0.0,0.0,0.07076664219626658,0.07076664219626658,0.0,289.5960109737794,0.0,38.59998665242449,0.0,0.0,0.0,235.09802456791823,0.0,0.0,0.0,0.0,0.0,669.0880403672368,-235.09802456791823,0.0,0.0,0.0,0.0,0.0,99.3287435205591,0.0,0.0,0.0,0.0,0.0,0.0,0.0,333.3333333333333,504.49991439794974,0.0,0.0,4.953664953727809,0.0,0.0,0.0,-313.57653888572145,0.0,669.0880403672368,0.0,0.0,575.5213714759742,0.0,0.0,22.462673191254225,0.0,0.0,0.0,0.0,0.0,0.0,0.0,0.0,0.0,0.0,0.0,0.0,0.0,38.599986652424484,868.4043653828261,868.4043653828261,0.0,0.0,0.0,0.0,0.0,0.0,0.0,0.0,0.0,0.0,0.6433331108737413,0.0,0.0,0.0,0.0,0.0,0.0,0.0,0.0,19.299993326212242,0.0,0.0,0.0,0.0,0.0,0.0,0.0,0.0,0.0,0.0,59.06124800404006,371.66489283757545,0.0,19.299993326212242,19.299993326212242,1000.0,-235.09802456791823,0.0,99.3287435205591,0.0,0.0,0.0,0.0,0.0,-898.4373691384408,0.0,-601.6813554198179,0.06433331108737414,0.0,0.0,0.0,5.188022015546153,0.0,0.0,0.0,0.0,0.0,0.0,0.0,0.0,0.0,0.0,0.0,0.0,0.0,0.0,0.0,0.0,0.0,0.06433331108737414,0.0,0.0,0.0,0.0,0.0,0.0,0.0,0.0,0.0,-604.7487693793364,1000.0,0.0,0.0,-1000.0,-4.8249983315530605,0.0,-3.216665554368707,0.0,0.0,0.0,0.0,0.0,0.0,0.0,0.0,0.0,0.0,0.0,868.4043653828261,372.4818044055729,0.0,0.0,-538.9660869475388,0.0,0.0,0.0,-0.06433331108737414,0.0,0.0,0.06433331108737414,0.0,0.06433331108737414,0.0,0.0,0.0,38.59998665242449,78.48663952659645,78.48663952659645,0.0,0.0,0.0,0.0,0.0,0.0,0.0,0.0,0.0,0.0,0.0,0.0,0.0,0.0,0.0,0.0,0.0,0.0,0.0,0.0,0.0,0.0,0.0,0.0,0.0,0.0,0.0,313.57653888572145,0.0,0.0,0.0,0.0964999666310612,0.0,0.0,0.0,-19.299993326212242,0.0,0.0,0.0,0.0,0.0,-289.5960109737794,3.216665554368707,0.0,0.0,0.0,0.0,0.0,0.0,-3.216665554368707,0.0,0.0,0.0,0.0,0.0,0.0,0.0,868.4043653828261,0.0,0.0,84.88271085927923,267.1333377825252,0.0,312.1333377825252,0.0,0.0,597.7235718085964,402.2764281914036,-1000.0,0.0,-43.80771642467107,0.0,3.216665554368707,951.7061527397238,0.0,241.630652486084,0.0,-300.79936232046265,0.0,0.0,0.0,0.0,0.0,0.0,0.0,0.0,0.0,888.5512709105182,0.0,78.48663952659645,0.0,0.0,0.0,0.0,0.0,0.0,0.0,0.0,0.0,2.0715326170120116,0.0,0.0,304.0710059684386,-1000.0,-681.7016652773088,0.0,19.299993326212242,0.0,0.0,0.0,0.0,63.932300516412,0.0,0.0,0.07076664219626658,0.0,0.0,0.0,39.243319763298224,0.0,0.0,0.0,0.0,-74.26667556505035,0.0,0.0,0.0,0.0,0.0,0.0,0.0,0.0,0.0,0.0,0.006433331108737414,0.006433331108737414,0.0,0.0,0.0,0.0,0.0,0.0,0.0,0.0,0.0,0.0,0.0,0.0,0.0,0.0,0.0,289.5960109737794,0.0,0.0,0.0,0.0,0.0,0.0,0.0,0.0,0.0,0.0,0.0,0.0,0.0,-27.567005335585918,-557.8736389951468,0.0,0.0,0.0,38.59998665242449,0.0,0.0,0.0,0.0,0.0,961.4000133475755,-1000.0,0.0,0.0,0.0,0.0,0.0,0.0,0.0,0.0,0.0,0.0,0.0,0.0,601.6813554198179,-1000.0,44.068318094851286,-19.299993326212242,0.0,0.0,999.7426667556524,0.0,0.0,0.0,0.0,0.0,0.0,0.0,0.0,0.0,0.0,0.0,0.0,0.0,0.0,0.0,0.0,0.0,-8.041663885921768,868.4043653828261,-4.8249983315530605,-4.8249983315530605,0.0,0.0,0.0,0.0,0.0,0.0,-0.8041663885921767,300.79936232046265,0.0,0.0,0.0,0.0,0.0,0.0,0.0,1000.0,19.299993326212242,19.299993326212242,0.0,0.0,0.0,0.0,0.0,0.07076664219626658,289.5960109737794,0.0,0.0,-999.7426667556524,0.0,0.0,0.0,0.0,0.0,0.0,0.0,0.0,0.0,0.0,0.0,0.0,0.0,0.0,0.0,0.0,0.0,19.943326437085982,0.0,67.54997664174284,0.0,0.0,4.953664953727809,0.0,0.0,0.0,289.5960109737794,0.0,0.0,0.0,0.0,0.0,-8.041663885921768,0.0,0.0,0.0,0.0,0.0,0.0,0.0,0.0,0.0,0.0,0.0,0.0,0.0,0.0,0.0,0.0,0.0,0.0,-0.06433331108737414,0.0,0.0,3.216665554368707,-669.0880403672368,0.0,0.0,0.0,0.0,868.4043653828261,0.0,0.0,0.0,5.539098084623068,1.6083327771843534,0.0,0.0,0.0,0.06433331108737414,0.0,64.33331108737413,0.0,12.866662217474827,0.459523650624101,219.3765908079458,-0.0482499833155306,3.2166655543686735,1.2866662217474831,-0.3216665554349447,-219.3765908079458,19.299993326212242,-0.06433331108737414,0.0,99.3287435205591,0.016083327771843535,0.459523650624101,0.0,-10.24186312510874,-1.286666221747483,-300.0,-0.06433331108737407,0.016083327771843535,-219.3765908079458,6.433331108737414,0.06433331108737414,0.06433331108737414,-289.4609110204958,0.07076664219611155,-232.14490271623146,-0.0482499833155306,19.299993326212242,0.06433331108737414,19.299993326212242,-32.16665554368707,-0.03216665554368707,-220.3329822885031,548.3301620772799,-0.0482499833155306,-0.06433331108737414,0.0,0.06433331108737414,6.433331108737414,-1.2866662217474831,313.57653888572145,313.57653888572145,-6.433331108737414,300.0,-313.57653888572145,12.866662217474827,0.0964999666310612,-1000.0,6.433331108737414,-333.3333333333333,99.3287435205591,-12.866662217474827,0.03216665554368707,0.6433331108737413,174.18943518743887,280.0,-0.06433331108737414,-304.0710059684386,289.4609110204958,19.943326437085982,0.06433331108737414,10.24186312510874,22.128770215710112,99.3287435205591,-0.06433331108737414,-0.016083327771843535,-99.3287435205591,-0.06433331108737414,-93.56666889126258,0.06433331108739725,-0.016083327771843535,-0.016083327771843535,-0.016083327771843535,25.733324434949655,32.16665554368707,0.6433331108737413,47.662941851856544,-0.016083327771843535,348.37887037487775,3.216665554368707,50.0,0.06433331108737414,0.03216665554368707,0.03216665554368707,56.09770286901696,0.0,0.06433331108737414,0.0,0.6433331108737413,0.06433331108737414,-47.662941851856544,0.06433331108737414,0.25733324434753513,0.3216665554349447,0.03216665554368707,0.016083327771843535,19.299993326212242,-0.06433331108737414,232.14490271623146,0.6433331108737415,-95.32588370371309,1.608332777184387,-6.433331108737414,12.866662217474827,3.216665554368707,-0.06433331108737414,0.0,0.0964999666310612,-0.06433331108737414,-112.19540573803393,0.0,247.77077539218658,0.03216665554368707,-100.0,-0.06433331108737414,-0.06433331108739725,-0.06433331108737414,0.03216665554368707,219.3765908079458,-12.866662217474827,0.06433331108737414,348.37887037487775,-0.016083327771843535,-0.07076664219611155,-348.37887037487775,9.64999666310612,-548.3301620772799,428.0680726009627,219.3765908079458,-0.0482499833155306,304.0710059684386,-280.0,0.06433331108737407,-0.016083327771843535,3.216665554368707,64.33331108737413,-0.03216665554368707,-0.06433331108737414,0.016083327771843535,1000.0,0.0,923.8293178121432,0.0,-255.0,0.0,-123.09003105591538,-140.0,0.0,482.1449643048844,-255.0,-325.0,-76.13851553231304,-241.0724821524422,127.5,127.5,0.0,70.0,-289.5960109737794,-311.7030759085986,76.13851553231304,325.0,-311.7030759085986,123.09003105591538,-75.82606619018145,0.0,1496.5981,hplb
358,0.0,0.0,0.0,0.0,0.0,0.0,0.0,0.0,-0.10083630569478676,0.0,0.0,0.0,0.0,0.0,0.0,0.0,163.32905581130996,-153.09622026256983,0.0,289.7671644512599,0.0,0.0,0.0,510.510932795631,0.0,0.0,0.0,0.0,0.0,83.57472392612021,73.52224226058212,-73.52224226058212,137.77151764414495,0.0,0.0,0.0,0.0,336.7247491103161,0.0,-245.20314591628943,1000.0,0.0,0.0,0.0,0.0,0.0,0.0,0.0,549.9712202623368,-580.0036609367374,0.0,796.8749999997669,0.0,0.11091993626454427,0.0,0.0,0.0,20.16726113895735,0.0,0.0,-35.60519462558154,0.0,35.60519462558154,0.0,0.0,0.0,0.0,0.0,0.0,0.0,0.0,1.0083630569478677,0.0,0.0,0.0,0.0,0.0,0.0,0.0,257.4515368681719,0.0,0.0,0.0,0.0,60.50178341687206,0.0,0.0,1000.0,317.8119888980387,-496.64765380223037,915.92859430056,0.0,0.0,-154.81363954323004,30.25089170843603,0.0,30.25089170843603,0.0,0.0,0.0,0.0,865.1019662471886,-224.24436404721774,0.0,0.0,0.0,0.0,0.0,0.0,0.0,0.0,0.0,0.0,0.0,0.0,0.0,0.0,0.0,0.0,0.0,0.0,0.0,0.0,0.0,-771.110642919173,0.0,0.0,30.25089170843603,0.0,31.259254765383897,0.0,0.0,0.0,0.0,0.0,0.0,0.0,0.0,0.0,0.0,0.0,0.0,0.0,0.0,0.0,7.764395538498575,0.10083630569478676,915.9538033769837,0.0,0.0,0.0,0.0,0.0,0.0,0.0,0.0,339.76280044286085,0.0,0.0,0.0,0.0,0.0,293.68018117573604,293.68018117573604,0.0,0.0,0.0,0.0,0.0,0.0,0.0,367.303259742013,0.0,0.0,0.0,0.0,-432.5919085880173,0.0,0.0,0.0,0.0,0.0,0.0,0.0,0.0,0.0,-317.681085666199,0.0,0.0,0.0,0.0,-1000.0,0.0,0.0,0.0,0.0,0.0,580.0036609367374,-796.8749999997669,246.90377973743017,-246.90377973743017,0.0,0.0,0.0,0.0,0.0,0.0,0.0,307.81908797333796,308.57286108336694,0.0,0.0,0.0,0.0,0.0,0.0,0.0,0.0,0.0,0.0,0.0,0.0,0.0,0.0,-59.6654777220853,0.0,0.0,0.0,0.0,0.0,0.0,0.0,0.0,0.0,0.0,-35.60519462558154,0.0,73.52224226058212,0.0,0.0,0.0,0.0,0.0,0.0,0.0,394.3480370549622,0.0,0.0,0.0,-333.46985244946256,-262.56164328885404,1000.0,0.0,0.0,0.0,0.0,0.0,-469.2870497273242,0.0,0.0,0.0,117.55652105943089,0.0,0.0,-166.6449571856183,-813.3413390484718,0.0,646.6963818628537,0.0,813.3413390484718,564.7157686354689,0.0,-369.5214963364496,580.0036609367374,0.0,281.33329288845505,0.0,0.0,0.0,-721.8113543560122,0.0,721.8113543560122,0.0,367.1015871306234,0.0,0.0,577.4700274617968,0.0,0.0,0.0,-35.60519462558154,-0.15125445854218011,0.0,0.0,0.0,0.0,0.10083630569478676,0.0,0.0,0.0,575.4010712366018,163.32905581130996,0.0,-252.0000701017329,132.79923939083136,432.5919085880173,900.4181528473933,0.0,276.78330101054735,0.0,0.0,0.0,0.0,0.0,-8.682005920321417,-1000.0,731.8987049097741,135.51501718730708,-745.4035629375338,0.0,0.0,0.0,0.0,0.0,0.0,0.0,0.0,0.0,0.0,0.0,0.0,0.0,0.0,0.0,0.0,0.0,0.0,0.0,-327.1495098556931,0.0,0.0,317.5788657510093,732.169745720179,0.0,65.7001327435504,-328.59019033287865,0.0,0.0,0.0,0.0,860.0601509624493,0.0,386.4683945071666,0.0,-739.1119861961206,1000.0,0.0,0.0,0.0,-867.6747905278045,-386.4683945071666,-801.1567636260535,0.0,736.5910785537508,-5.041815284739338,0.0,0.0,1000.0,197.26328074080993,-757.7245107282735,30.25089170843603,0.0,0.0,0.0,126.59699514539616,0.0,0.0,0.0,0.0,0.0,0.0,108.23574371564649,0.0,0.0,0.0,0.0,0.0,307.81908797333796,0.0,0.0,-71.21038925116308,0.0,-209.92230722928844,129.83273886104266,0.0,0.0,0.0,0.0,-89.91636943052133,0.20167261138964085,0.0,0.0,0.0,0.0,0.0,0.0,0.0,0.0,0.0,0.0,0.0,0.0,0.0,0.0,0.0,0.0,0.0,0.0,0.0,0.11091993626454427,0.11091993626454427,73.52224226058212,259.8327388610426,0.0,60.50178341687206,0.0,38.466465179791044,0.0,-1000.0,0.0,0.0,0.0,0.0,0.0,359.7569795669536,1000.0,0.0,0.0,114.08352683519978,0.0,0.0,129.83273886104266,0.0,0.0,0.0,0.0,0.0,0.0,0.0,257.03688097305763,-575.4010712366018,0.0,0.0,7.764395538498575,0.0,-850.3062357498071,695.4925962065771,695.4925962065771,0.0,316.51644683154507,0.0,0.0,269.84061013643225,-671.8437500000007,671.8437500000007,0.0,0.0,0.0,0.0,0.0,0.0,0.0,0.0,0.0,0.0,0.0,0.0,0.0,0.0,60.50178341687206,0.0,0.0,0.0,0.0,0.0,0.0,0.0,0.0,0.0,0.0,0.0,0.0,1.0083630569478677,0.0,73.52224226058212,0.0,0.0,73.52224226058212,-796.8749999997669,0.0,0.0,30.25089170843603,-114.08352683519978,0.0,0.0,0.0,0.0,0.0,0.0,0.0,0.0,0.0,125.03142850975715,0.0,0.0,30.25089170843603,30.25089170843603,-356.34580617537847,1000.0,0.0,129.83273886104266,0.0,0.0,0.0,0.0,0.0,-911.2706531400894,307.81908797333796,-745.4035629375338,0.10083630569478676,0.0,0.0,0.0,133.16874685649375,0.0,0.0,154.81363954323004,0.0,0.0,0.0,0.0,0.0,0.0,3.326194825800656,0.0,0.0,0.0,0.0,0.0,0.0,0.0,0.10083630569478676,0.0,0.0,0.0,1000.0,-1000.0,0.0,0.0,0.0,0.0,0.0,0.0,0.0,-11.01132458186936,-327.1495098556931,-7.562722927109007,-5.041815284739342,0.0,0.0,0.0,0.0,0.0,0.0,0.0,0.0,0.0,0.0,0.0,0.0,0.0,432.5919085880173,0.0,0.0,247.3173045564659,0.0,0.0,0.0,-0.10083630569478676,0.0,0.0,0.10083630569478676,0.0,0.10083630569478676,9.978584477401968,0.0,0.0,60.50178341687206,123.02029294763985,123.02029294763985,0.0,0.0,0.0,0.0,0.0,0.0,0.0,0.0,0.0,307.81908797333796,0.0,0.0,0.0,0.0,0.0,0.0,0.0,0.0,0.0,0.0,0.0,0.0,0.0,0.0,0.0,0.0,0.0,0.0,0.0,-886.9117108659068,886.9117108659068,0.15125445854218011,0.0,0.0,0.0,-30.25089170843603,0.0,0.0,0.0,0.0,0.0,-259.8327388610426,5.041815284739338,0.0,0.0,0.0,0.0,0.0,0.0,0.0,0.0,-209.92230722928844,0.0,0.0,0.0,0.0,0.0,0.0,0.0,114.08352683519978,328.3864096313819,259.8327388610426,0.0,-35.168406880163175,0.0,0.0,-328.59019033287865,11.01132458186936,317.5788657510093,0.0,-592.307342674964,38.466465179791044,5.041815284739342,604.7634194608396,0.0,0.0,-73.52224226058212,-71.21038925116308,0.0,0.0,0.0,0.0,0.0,0.0,0.0,0.0,0.0,585.0765474543507,-282.5209076423698,123.02029294763985,0.0,73.52224226058212,73.52224226058212,0.0,0.0,0.0,0.0,0.0,0.0,394.3480370549622,0.0,0.0,0.0,-133.16874685649375,0.0,0.0,30.25089170843603,0.0,0.0,0.0,0.0,-36.86528975671587,0.0,0.0,0.11091993626454427,0.0,0.0,0.0,61.51014647381992,0.0,0.0,0.0,0.0,-59.6654777220853,0.0,0.0,0.0,0.0,0.0,0.0,0.0,0.0,0.0,0.0,0.010083630569478964,0.010083630569478964,0.0,0.0,0.0,0.0,0.0,9.978584477401968,0.0,0.0,0.0,0.0,73.52224226058212,0.0,0.0,0.0,0.0,259.8327388610426,0.0,0.0,0.0,0.0,0.0,0.0,0.0,580.0036609367374,0.0,0.0,0.0,0.0,0.0,0.0,-153.09622026256983,0.0,0.0,0.0,60.50178341687206,0.0,0.0,0.0,0.0,0.0,0.0,-60.50178341687206,0.0,0.0,0.0,0.0,0.0,0.0,0.0,0.0,0.0,73.52224226058212,73.52224226058212,0.0,1000.0,-1000.0,69.07286940092894,-30.25089170843603,0.0,0.0,326.74616463291414,0.0,0.0,0.0,0.0,0.0,0.0,0.0,0.0,0.0,976.5625,0.0,-976.5625,-976.5625,0.0,0.0,0.0,38.466465179791044,-12.60453821184835,0.0,-867.6228738895583,274.9581847152608,0.0,0.0,0.0,0.0,0.0,-288.32888064805815,287.0684268268733,71.21038925116308,0.0,0.0,0.0,0.0,0.0,0.0,0.0,1000.0,30.25089170843603,30.25089170843603,0.0,0.0,0.0,0.0,257.4515368681719,0.11091993626454427,259.8327388610426,0.0,0.0,-336.7247491103161,0.0,0.0,0.0,0.0,0.0,0.0,0.0,0.0,0.0,0.0,0.0,0.0,0.0,0.0,448.4451476716544,0.0,0.0,0.0,0.0,105.8781209795261,7.764395538498575,0.0,0.0,0.0,0.0,0.0,259.8327388610426,0.0,312.53705046626993,0.0,0.0,0.0,-12.60453821184835,0.0,0.0,0.0,0.0,0.0,0.0,0.0,0.0,0.0,0.0,0.0,0.0,0.0,0.0,0.0,0.0,0.0,0.0,-0.10083630569478676,0.0,0.0,5.041815284739338,-359.7569795669536,0.0,0.0,0.0,0.0,0.0,0.0,0.0,0.0,8.682005920321417,2.520907642369707,0.0,0.0,0.0,0.10083630569478676,0.0,100.83630569478674,-31.259254765383897,20.16726113895735,0.7202593263913339,281.33329288845505,-0.07562722927109006,801.1567636260535,2.0167261138957353,9.47440294892823,-281.33329288845505,30.250891708436026,-0.10083630569478676,0.0,129.83273886104266,0.02520907642369669,0.7202593263913339,0.0,-16.053139866608717,71.50551614668639,-300.0,-0.10083630569478684,0.02520907642369669,-281.33329288845505,10.083630569478675,0.10083630569478676,0.10083630569478676,-259.6209826190833,0.11091993626426572,-227.68788707466626,-0.07562722927109006,30.25089170843603,0.10083630569478676,30.25089170843603,-50.41815284739338,-0.05041815284739338,-112.07491336819459,-10.184466875173461,-0.07562722927109006,-0.10083630569478676,-31.259254765383897,0.10083630569478676,10.083630569478675,-2.0167261138957353,0.0,0.0,-10.083630569478675,300.0,0.0,20.16726113895735,0.15125445854218011,-677.7073590549098,10.083630569478675,-257.03688097305763,129.83273886104266,-20.16726113895735,0.05041815284739338,1.0083630569478677,63.00001752543322,280.0,-0.10083630569478676,-282.5209076423698,259.6209826190833,31.259254765383897,0.10083630569478676,16.053139866608717,8.829172027298721,129.83273886104266,-0.10083630569478676,-0.02520907642369669,-129.83273886104266,-0.10083630569478676,-89.91636943052133,0.10083630569454272,-0.02520907642369669,-0.02520907642369669,-0.02520907642369669,40.3345222779147,50.41815284739338,1.0083630569478677,74.7070979816254,-0.02520907642369669,126.00003505086644,5.041815284739338,50.0,0.10083630569478676,0.05041815284739338,0.05041815284739338,75.0,31.259254765383897,0.10083630569478676,-31.259254765383897,1.0083630569478677,0.10083630569478676,-74.7070979816254,0.10083630569478676,0.40334522277896667,-9.47440294892823,0.05041815284739338,0.02520907642369669,30.25089170843603,-0.10083630569478676,227.68788707466626,-35.752758073343195,-149.4141959632508,798.6358559836838,-10.083630569478675,20.16726113895735,5.041815284739338,-0.10083630569478676,0.0,0.15125445854218011,-0.10083630569478676,-150.0,31.259254765383897,430.6348194576417,0.05041815284739338,-100.0,-0.10083630569478676,-0.10083630569454272,-0.10083630569478676,0.05041815284739338,281.33329288845505,-20.16726113895735,0.10083630569478676,126.00003505086644,-0.02520907642369669,-0.11091993626426572,-126.00003505086644,15.125445854218011,10.184466875173461,206.44753518283767,281.33329288845505,-0.07562722927109006,282.5209076423698,-280.0,0.10083630569478684,-0.025209076423696693,5.041815284739342,100.83630569478674,-0.05041815284739338,-0.10083630569478676,0.02520907642369669,0.0,0.0,609.5888260688239,0.0,-255.0,0.0,615.0043339118064,-140.0,0.0,-80.0,-255.0,15.001145741205825,-68.0681148332385,40.0,127.5,127.5,0.0,70.0,-259.8327388610426,-393.76952970092583,68.0681148332385,-15.001145741205825,-393.76952970092583,-615.0043339118064,298.0457656575145,0.0,1496.5981,hplb
359,0.0,0.0,0.0,0.0,0.0,0.0,0.0,0.0,-0.11553000010917046,0.0,0.0,0.0,0.0,0.0,0.0,0.0,-310.6409965071957,-580.7362330903902,0.0,1000.0,0.0,0.0,0.0,58.45818005524027,0.0,0.0,0.0,0.0,0.0,101.62287598635432,0.0,0.0,29.920869609849433,0.0,0.0,0.0,0.0,942.3547985368081,0.0,-1000.0,1000.0,0.0,-81.10447744580063,625.2906108076098,0.0,0.0,0.0,0.0,-497.376967732569,0.0,0.0,0.0,0.0,0.12708300012020177,0.0,0.0,0.0,23.10600002183409,0.0,0.0,11.170327060326578,0.0,1000.0,947.1363198505047,0.0,0.0,0.0,0.0,0.0,0.0,0.0,1.1553000010917045,0.0,0.0,0.0,0.0,0.0,0.0,0.0,0.0,0.0,0.0,0.0,0.0,69.31800006550228,0.0,0.0,-41.12931313148444,1000.0,-606.6577059837164,-0.02888250002729261,0.0,0.0,363.5341703735181,34.65900003275114,0.0,154.1149834905292,0.0,0.0,0.0,0.0,5.776500005458523,101.62287598635432,0.0,0.0,0.0,0.0,0.0,0.0,0.0,0.0,0.0,0.0,0.0,0.0,0.0,0.0,0.0,0.0,0.0,0.0,0.0,0.0,0.0,-689.4798740925489,0.0,0.0,154.1149834905292,0.0,35.81430003384284,8.996257656023857,0.0,0.0,0.0,0.0,0.0,-1000.0,0.0,0.0,935.9659927901781,0.0,0.0,0.0,0.0,0.0,8.895810008406125,0.11553000010917046,0.0,0.0,0.0,-141.69536085755948,0.0,0.0,0.0,0.0,0.0,646.9779253591265,0.0,0.0,0.0,0.0,0.0,824.6654031090924,824.6654031090924,0.0,0.0,0.0,0.0,0.0,0.0,0.0,824.7809331092016,0.0,0.0,0.0,0.0,-115.3678631079145,0.0,0.0,0.0,0.0,0.0,0.0,0.0,0.0,0.0,-983.9326216258676,0.0,0.0,0.0,0.0,-1000.0,0.0,0.0,0.0,0.0,0.0,0.0,81.10447744580063,-393.34229401628363,393.34229401628363,0.0,0.0,0.0,0.0,0.0,0.0,0.0,0.0,-570.8518891779208,0.0,0.0,0.0,0.0,0.0,0.0,0.0,0.0,0.0,0.0,0.0,0.0,0.0,6.926135688078489,207.3633443590057,625.2906108076098,0.0,0.0,0.0,64.0340072098219,35.47416071254934,0.0,0.0,0.0,0.0,11.170327060326578,0.0,0.0,0.0,0.0,0.0,0.0,0.0,0.0,0.0,757.6195638344487,0.0,119.45598345777806,0.0,-917.4719974910759,394.7658190794069,-850.7440974345365,0.0,-625.2906108076098,0.0,0.0,64.0340072098219,0.0,0.0,0.0,0.0,-32.98816758094301,0.0,0.0,405.43767097412245,-268.7356931005101,0.0,674.1733640746324,0.0,268.7356931005101,606.6577059837164,0.0,564.4277537573796,0.0,0.0,304.8470549040839,0.0,0.0,0.0,74.82171906658252,0.0,-74.82171906658252,0.0,1000.0,0.0,64.0340072098219,0.0,0.0,0.0,0.0,11.170327060326578,-0.17329500016375568,0.0,0.0,0.0,0.0,0.11553000010917046,0.0,0.0,0.0,52.79129196247272,-310.6409965071957,0.0,-946.7021531658987,79.38352626574081,115.3678631079145,963.1869763025413,0.0,0.0,0.0,0.0,0.0,0.0,0.0,910.9148169158185,0.0,-910.9148169158185,-191.55409226932034,-1000.0,0.0,0.0,0.0,0.0,0.0,0.0,0.0,0.0,0.0,0.0,0.0,0.0,0.0,0.0,0.0,0.0,0.0,-57.18308146275558,0.0,-1000.0,0.0,0.0,753.8994978309338,0.0,0.0,0.0,-766.5153738428548,0.0,0.0,0.0,401.94830042288197,0.0,1000.0,418.87658136430684,-5.776500005458523,-108.61532553615734,-1000.0,-1000.0,0.0,0.0,-567.4565785792796,-418.87658136430684,0.0,1000.0,105.72707553342808,-5.776500005458523,-181.54277852596147,0.0,-203.1625144906046,0.0,0.0,154.1149834905292,0.0,0.0,0.0,462.3220550143354,0.0,0.0,0.0,-6.926135688078489,6.926135688078489,6.926135688078489,-420.98430454804134,0.0,0.0,-175.4501268910168,0.0,0.0,0.0,0.0,0.0,-41.69335308916874,0.0,0.0,190.92800718798782,0.0,0.0,0.0,0.0,-88.44699998908295,0.23106000021841805,0.0,0.0,0.0,0.0,0.0,0.0,0.0,0.0,0.0,0.0,0.0,0.0,0.0,0.0,0.0,0.0,0.0,0.0,0.0,0.12708300012020177,0.12708300012020177,0.0,263.82013566624437,0.0,69.31800006550228,0.0,0.0,0.0,1000.0,0.0,0.0,0.0,0.0,0.0,301.9149891441719,-1000.0,0.0,0.0,898.9118988388897,0.0,0.0,190.92800718798782,0.0,0.0,0.0,0.0,0.0,0.0,0.0,229.8266246975163,-52.79129196247272,141.69536085755948,0.0,8.895810008406125,0.0,363.5341703735181,0.0,-35.47416071254934,0.0,301.9149891441719,0.0,213.46798915508896,0.0,0.0,0.0,6.926135688078489,0.0,0.0,0.0,0.0,0.0,0.0,0.0,0.0,0.0,0.0,0.0,0.0,0.0,69.31800006550228,64.03400720982188,64.0340072098219,0.0,0.0,0.0,0.0,0.0,0.0,0.0,0.0,0.0,0.0,1.1553000010917045,0.0,0.0,0.0,0.0,0.0,81.10447744580063,0.0,0.0,154.1149834905292,-898.9118988388897,0.0,0.0,0.0,0.0,0.0,0.0,0.0,0.0,0.0,1000.0,-319.2857979108966,0.0,34.65900003275114,34.65900003275114,1000.0,-1000.0,0.0,190.92800718798782,0.0,0.0,0.0,0.0,0.0,965.5677074176923,0.0,1000.0,0.11553000010917046,0.0,0.0,116.58883880579404,0.0,0.0,0.0,-363.5341703735181,0.0,0.0,0.0,0.0,0.0,0.0,0.0,0.0,0.0,0.0,0.0,0.0,0.0,0.0,0.11553000010917046,0.0,0.0,0.0,-1000.0,1000.0,0.0,0.0,0.0,0.0,0.0,-12.615876011921085,0.0,0.0,-942.8169185372444,-8.664750008187784,-5.776500005458523,0.0,0.0,953.125,953.125,-953.125,0.0,0.0,0.0,0.0,0.0,0.0,0.0,64.03400720982188,115.3678631079145,0.0,0.0,-197.38601448514606,0.0,0.0,0.0,-0.11553000010917046,0.0,0.0,0.11553000010917046,0.0,0.11553000010917046,0.0,0.0,0.0,69.31800006550228,140.94660013318796,140.94660013318796,0.0,0.0,0.0,0.0,0.0,0.0,0.0,141.69536085755948,0.0,0.0,0.0,0.0,920.8619499252183,0.0,0.0,0.0,0.0,0.0,0.0,0.0,0.0,0.0,0.0,0.0,0.0,0.0,0.0,35.47416071254934,0.0,0.0,0.0,0.17329500016375568,0.0,0.0,0.0,-154.1149834905292,0.0,0.0,0.0,0.0,0.0,-263.82013566624437,5.776500005458523,0.0,0.0,0.0,0.0,0.0,0.0,0.0,0.0,0.0,0.0,0.0,0.0,0.0,0.0,64.03400720982188,0.0,898.9118988388897,298.2790297763097,256.8939999781659,0.0,443.58936083572536,0.0,0.0,-766.5153738428548,0.0,766.5153738428548,0.0,-140.94660013318796,0.0,5.776500005458523,532.9885862636501,0.0,0.0,0.0,-41.69335308916874,-838.6628439902761,838.6628439902761,0.0,0.0,0.0,0.0,0.0,0.0,0.0,1000.0,-33.396878390507936,140.94660013318796,0.0,0.0,0.0,0.0,0.0,0.0,0.0,0.0,0.0,757.6195638344487,0.0,0.0,256.4175073002997,-116.58883880579404,0.0,-81.10447744580063,34.65900003275114,0.0,0.0,0.0,0.0,297.2872412314025,0.0,0.0,0.12708300012020177,0.0,0.0,0.0,70.47330006659398,0.0,0.0,0.0,0.0,207.3633443590057,0.0,0.0,0.0,0.0,0.0,0.0,0.0,0.0,-601.9230259980541,0.0,0.011553000010917046,0.011553000010917046,0.0,0.0,0.0,0.0,0.0,0.0,0.0,0.0,0.0,116.58883880579404,0.0,0.0,0.0,0.0,0.0,263.82013566624437,0.0,0.0,0.0,0.0,0.0,0.0,0.0,0.0,0.0,0.0,0.0,0.0,0.0,526.8732704562198,-580.7362330903902,0.0,0.0,0.0,69.31800006550228,0.0,0.0,0.0,0.0,0.0,0.0,-69.31800006550228,0.0,0.0,0.0,0.0,0.0,0.0,0.0,0.0,0.0,0.0,0.0,0.0,-1000.0,875.6364911347263,1000.0,-931.2513150790384,777.1363315885092,0.0,942.3547985368081,0.0,0.0,0.0,0.0,0.0,0.0,0.0,0.0,0.0,0.0,0.0,0.0,0.0,0.0,0.0,0.0,0.0,-14.441250013646307,64.0340072098219,-8.664750008187784,945.5940783075383,0.0,0.0,0.0,0.0,0.0,0.0,-1.4441250013646307,41.69335308916874,0.0,0.0,0.0,0.0,0.0,0.0,0.0,1000.0,34.65900003275114,34.65900003275114,0.0,0.0,0.0,0.0,0.0,0.12708300012020177,263.82013566624437,0.0,0.0,-942.3547985368081,0.0,0.0,0.0,0.0,0.0,0.0,0.0,0.0,0.0,0.0,0.0,0.0,0.0,0.0,0.0,0.0,0.0,8.996257656023857,0.0,121.30650011462899,0.0,0.0,8.895810008406125,0.0,0.0,0.0,263.82013566624437,0.0,748.1229978254753,0.0,0.0,0.0,-14.441250013646307,0.0,0.0,0.0,0.0,0.0,0.0,0.0,0.0,0.0,0.0,0.0,0.0,0.0,0.0,0.0,0.0,0.0,0.0,-0.11553000010917046,0.0,0.0,5.776500005458523,-301.9149891441719,0.0,0.0,0.0,0.0,64.0340072098219,0.0,0.0,0.0,-910.9148169158185,2.8882500027292615,0.0,0.0,0.0,0.11553000010917046,0.0,115.53000010917044,-26.818042377818983,23.10600002183409,0.8252142864940747,340.32121561663325,-0.08664750008187784,5.776500005458523,2.3106000021834094,-0.5776500005455318,-340.32121561663325,34.65900003275114,-0.11553000010917046,0.0,190.92800718798782,0.028882500027292615,0.8252142864940747,0.0,-18.392376017379547,-2.3106000021834094,-108.62277040241406,-0.11553000010917046,0.028882500027292615,-340.32121561663325,11.553000010917046,0.11553000010917046,0.11553000010917046,-263.577522666015,0.1270830001200875,-118.36786959893243,-0.08664750008187784,34.65900003275114,0.11553000010917046,154.1149834905292,61.69098340319283,-0.05776500005458522,-528.6100557601941,-47.142690723575555,-0.08664750008187784,-0.11553000010917046,-26.818042377818983,0.11553000010917046,11.553000010917046,-2.3106000021834094,35.47416071254934,35.47416071254934,-11.553000010917046,108.62277040241406,-35.47416071254934,23.10600002183409,0.17329500016375568,382.1516443794133,11.553000010917046,-229.8266246975163,190.92800718798782,-23.10600002183409,0.05776500005458522,1.1553000010917045,236.67553829147468,280.0,-0.11553000010917046,-289.8143856908076,263.577522666015,35.81430003384284,0.11553000010917046,18.392376017379547,-67.16397640079447,190.92800718798782,-0.11553000010917046,-0.028882500027292615,-190.92800718798782,-0.11553000010917046,-88.44699998908295,0.11553000010928827,-0.02888250002729261,-0.02888250002729261,-0.02888250002729261,46.21200004366818,-61.69098340319283,1.1553000010917045,85.59328883088196,-0.028882500027292615,473.35107658294936,5.776500005458523,50.0,0.11553000010917046,0.05776500005458523,0.05776500005458523,75.0,26.818042377818983,0.11553000010917046,-26.818042377818983,1.1553000010917045,0.11553000010917046,-85.59328883088196,0.11553000010917046,0.46212000043634305,0.5776500005455318,0.05776500005458522,0.02888250002729261,34.65900003275114,-0.11553000010917046,118.36786959893243,1.1553000010917047,-171.18657766176392,2.8882500027292615,-11.553000010917046,23.10600002183409,5.776500005458523,-0.11553000010917046,0.0,0.17329500016375568,-0.11553000010917046,-150.0,26.818042377818983,10.946961134486855,0.05776500005458523,-100.0,-0.11553000010917046,-0.11553000010928827,-0.11553000010917046,0.05776500005458523,340.32121561663325,-23.10600002183409,0.11553000010917046,473.35107658294936,-0.02888250002729261,-0.1270830001200875,-473.35107658294936,17.329500016375565,47.142690723575555,-504.80384837139025,340.32121561663325,-0.08664750008187784,289.8143856908076,-280.0,0.11553000010917046,-0.02888250002729261,407.7248004283405,115.53000010917044,-0.05776500005458523,-0.11553000010917046,0.028882500027292615,0.0,0.0,-382.2094093794679,0.0,-255.0,0.0,-11.194908237122632,-32.474082612262215,0.0,-80.0,-64.44375048812816,-325.0,0.0,40.0,127.5,32.22187524406408,0.0,16.237041306131108,-263.82013566624437,-308.23420236588936,0.0,325.0,-308.23420236588936,11.194908237122632,22.20803407637739,0.0,1496.5981,hplb
360,0.0,0.0,0.0,0.0,0.0,0.0,0.0,0.0,-0.10883670102093042,0.0,0.0,0.0,0.0,0.0,0.0,0.0,-683.4159696436975,-211.33918986169073,0.0,881.9609425399535,0.0,0.0,0.0,85.83788485532106,0.0,0.0,0.0,0.0,0.0,-59.769452031610754,0.0,0.0,137.5947089074377,0.0,0.0,0.0,0.0,108.27087482093452,0.0,-1000.0,698.7796017427971,0.0,0.0,-26.364806006928234,0.0,0.0,0.0,0.0,535.1752276821595,0.0,0.0,765.624999999923,0.0,0.11972037112274445,0.0,0.0,0.0,21.767340204186084,0.0,0.0,-32.7361234807712,0.0,730.9430855233309,698.2069620425596,0.0,0.0,0.0,0.0,0.0,536.4548177101578,0.0,1.0883670102093042,0.0,0.0,0.0,0.0,0.0,0.0,0.0,0.0,0.0,0.0,0.0,0.0,65.30202061255825,0.0,0.0,0.0,491.7896123476144,0.0,0.0,0.0,0.0,0.0,32.651010306279126,0.0,32.651010306279126,0.0,0.0,0.0,0.0,5.441835051046521,-59.769452031610754,0.0,0.0,0.0,0.0,0.0,0.0,0.0,0.0,0.0,0.0,0.0,0.0,0.0,0.0,0.0,0.0,0.0,0.0,0.0,0.0,0.0,-733.9669966069324,0.0,0.0,32.651010306279126,0.0,33.73937731648843,33.73937731648843,0.0,-66.16439495838384,66.16439495838384,0.0,0.0,0.0,0.0,0.0,0.0,0.0,0.0,0.0,0.0,0.0,8.380425978611637,0.10883670102093042,0.027209175255232605,0.0,0.0,-696.7673402041861,0.0,0.0,0.0,0.0,0.0,316.0844902262991,0.0,0.0,0.0,0.0,0.0,-279.7708778658287,-279.7708778658287,0.0,0.0,0.0,-15.625000000000002,0.0,0.0,0.0,-279.66204116480776,0.0,0.0,0.0,-925.6227534697617,-872.9407137688582,0.0,0.0,0.0,0.0,0.0,0.0,0.0,0.0,0.0,0.0,0.0,0.0,0.0,0.0,-1000.0,0.0,0.0,0.0,0.0,0.0,0.0,-765.624999999923,-191.78961234761442,191.78961234761442,0.0,0.0,0.0,0.0,0.0,0.0,0.0,0.0,575.7698643886798,0.0,0.0,0.0,0.0,0.0,0.0,0.0,0.0,0.0,0.0,0.0,0.0,0.0,0.0,640.3020206125583,973.6351939930718,0.0,0.0,0.0,0.0,159.00749319688603,0.0,0.0,0.0,0.0,-32.7361234807712,1000.0,0.0,0.0,525.2103338372129,0.0,0.0,0.0,0.0,0.0,3.5045417728753128,0.0,0.0,0.0,-683.5792246952288,0.0,-422.23938466537794,0.0,-973.6351939930718,0.0,0.0,0.0,0.0,0.0,0.0,0.0,29.545741001113413,0.0,0.0,-622.6526141611816,-622.6526141611815,0.0,0.0,0.0,622.6526141611815,300.0,0.0,709.2819126484119,0.0,0.0,212.12565728448666,0.0,0.0,0.0,-1000.0,0.0,1000.0,0.0,106.887274780442,0.0,0.0,1000.0,-15.625,0.0,0.0,-32.7361234807712,-0.16325505153139563,0.0,0.0,0.0,0.0,0.10883670102093042,0.0,0.0,0.0,804.8369547239595,-683.4159696436975,0.0,-429.58562038838267,843.6654705465368,872.9407137688582,603.1979522532623,0.0,0.0,0.0,0.0,0.0,0.0,0.0,-9.370839957901829,155.91945788258465,-146.5486179246828,0.0,-1000.0,0.0,0.0,0.0,0.0,0.0,0.0,0.0,0.0,0.0,0.0,0.0,0.0,0.0,0.0,0.0,0.0,525.2103338372129,4.525650576144741,0.0,0.0,0.0,0.0,0.0,0.0,0.0,0.0,-11.88496775148695,0.0,0.0,0.0,0.0,0.0,0.0,0.0,225.12197219110624,0.0,-155.91945788258465,80.63590075800346,0.0,0.0,0.0,0.0,-230.56380724215276,394.6460177013072,-2.7209175255232605,-5.441835051046521,0.0,0.0,0.0,-755.1433298425234,465.71096204655305,32.651010306279126,0.0,0.0,0.0,0.0,0.0,0.0,0.0,0.0,0.0,0.0,233.2326597958139,0.0,0.0,-386.76698934729166,0.0,0.0,0.0,0.0,0.0,-65.4722469615424,0.0,0.0,128.2326597958139,0.0,0.0,0.0,0.0,-89.11632989790695,0.21767340204178254,0.0,0.0,0.0,0.0,0.0,0.0,0.0,0.0,0.0,536.4548177101578,0.0,0.0,0.0,0.0,0.0,0.0,0.0,0.0,0.0,0.11972037112274445,0.11972037112274445,0.0,246.65504644246545,0.0,65.30202061255825,0.0,0.0,0.0,91.37581705020212,0.0,0.0,0.0,0.0,0.0,634.1467008809171,-91.37581705020212,0.0,0.0,265.2226424144342,0.0,0.0,128.2326597958139,0.0,0.0,0.0,0.0,0.0,0.0,0.0,244.65566553564415,-804.8369547239595,696.7673402041861,0.0,8.380425978611637,0.0,-777.7075732793677,777.7075732793677,618.7000800824817,0.0,182.69755966913158,0.0,-454.96962901698987,1000.0,0.0,0.0,0.0,0.0,0.0,0.0,0.0,0.0,0.0,0.0,0.0,0.0,0.0,0.0,0.0,0.0,65.30202061255825,0.0,0.0,0.0,0.0,0.0,0.0,0.0,0.0,0.0,0.0,0.0,0.0,1.0883670102093042,0.0,0.0,0.0,0.0,0.0,-765.624999999923,0.0,0.0,32.651010306279126,-265.2226424144342,0.0,0.0,0.0,0.0,0.0,0.0,0.0,0.0,0.0,96.93922835945597,0.0,0.0,32.651010306279126,32.651010306279126,410.6255479837039,-91.37581705020212,0.0,128.2326597958139,0.0,0.0,0.0,0.0,0.0,-940.2305479683893,0.0,-864.2352591578675,0.10883670102093042,0.0,0.0,0.0,8.776902532330746,0.0,0.0,0.0,0.0,0.0,0.0,0.0,0.0,0.0,34.7268570162912,0.0,0.0,0.0,0.0,0.0,0.0,0.0,0.10883670102093042,0.0,0.0,0.0,322.97950613517514,-322.97950613517514,0.0,0.0,0.0,0.0,-525.2963154592497,1000.0,0.0,-486.58865229223716,-4.525650576144741,-8.162752576569783,-5.441835051046521,0.0,0.0,0.0,0.0,0.0,0.0,0.0,0.0,0.0,0.0,0.0,0.0,0.0,872.9407137688582,0.0,0.0,471.15279709759955,0.0,0.0,0.0,-0.10883670102093042,0.0,0.0,0.10883670102093042,0.0,0.10883670102093042,104.18057104887359,0.0,0.0,65.30202061255825,132.7807752455351,132.7807752455351,0.0,0.0,0.0,0.0,0.0,0.0,0.0,696.7673402041861,0.0,0.0,0.0,0.0,0.0,0.0,0.0,0.0,0.0,0.0,0.0,0.0,0.0,0.0,0.0,0.0,0.0,0.0,0.0,159.00749319688603,0.0,0.0,0.0,0.16325505153139563,0.0,0.0,0.0,-32.651010306279126,0.0,0.0,0.0,0.0,0.0,-246.65504644246545,5.441835051046521,0.0,0.0,0.0,15.625,0.0,-1000.0,0.0,0.0,0.0,0.0,0.0,0.0,0.0,0.0,0.0,0.0,265.2226424144342,0.0,246.65504644246545,0.0,1000.0,0.0,0.0,-486.58865229223716,486.58865229223716,0.0,0.0,-132.7807752455351,0.0,5.441835051046521,1000.0,0.0,0.0,0.0,-65.4722469615424,0.0,0.0,0.0,0.0,0.0,0.0,0.0,0.0,0.0,-16.325505153139506,0.0,132.7807752455351,0.0,-53.16395427283236,-53.16395427283236,53.16395427283236,0.0,0.0,0.0,0.0,0.0,3.5045417728753128,0.0,0.0,271.14330417217474,-545.2317202424886,0.0,0.0,32.651010306279126,0.0,0.0,0.0,0.0,-37.99542988520413,0.0,0.0,0.11972037112274445,0.0,0.0,0.0,66.39038762276755,0.0,0.0,0.0,0.0,640.3020206125583,0.0,0.0,0.0,0.0,0.0,0.0,0.0,0.0,0.0,0.0,0.010883670102093042,0.010883670102093042,0.0,0.0,0.0,0.0,0.0,104.18057104887359,0.0,0.0,0.0,0.0,0.0,0.0,0.0,0.0,0.0,246.65504644246545,0.0,0.0,0.0,0.0,0.0,0.0,0.0,0.0,0.0,0.0,0.0,0.0,-446.7385592857197,440.6997028689269,-211.33918986169073,0.0,0.0,0.0,65.30202061255825,0.0,0.0,0.0,0.0,0.0,0.0,-65.30202061255825,0.0,0.0,0.0,0.0,0.0,0.0,0.0,0.0,0.0,0.0,0.0,0.0,864.2352591578675,-1000.0,74.55314019933734,-32.651010306279126,0.0,0.0,4.090303772060935,0.0,0.0,0.0,0.0,0.0,0.0,0.0,0.0,0.0,0.0,0.0,0.0,0.0,0.0,0.0,0.0,0.0,-13.604587627616304,0.0,-8.162752576569783,-8.162752576569776,0.0,0.0,0.0,0.0,0.0,-413.8692297668634,412.50877100410173,65.4722469615424,0.0,0.0,0.0,0.0,0.0,0.0,0.0,1000.0,32.651010306279126,32.651010306279126,0.0,0.0,0.0,0.0,0.0,0.11972037112274445,246.65504644246545,0.0,0.0,-108.27087482093452,0.0,0.0,0.0,0.0,0.0,0.0,0.0,0.0,0.0,0.0,0.0,0.0,0.0,0.0,52.090285524436794,0.0,0.0,33.73937731648843,0.0,114.27853607197694,8.380425978611637,0.0,0.0,0.0,0.0,0.0,246.65504644246545,0.0,994.5581649489535,0.0,0.0,0.0,-13.604587627616304,0.0,0.0,0.0,0.0,0.0,0.0,0.0,0.0,0.0,0.0,0.0,0.0,0.0,0.0,0.0,0.0,0.0,0.0,-0.10883670102093042,0.0,0.0,5.441835051046521,-634.1467008809171,0.0,0.0,0.0,0.0,0.0,0.0,0.0,0.0,9.370839957901829,2.7209175255232605,0.0,0.0,0.0,0.10883670102093042,0.0,108.83670102093042,0.0,21.767340204186084,0.7774050072923602,371.1331504813727,-0.08162752576569782,5.441835051046535,2.1767340204186083,103.63638754376885,-371.1331504813727,32.651010306279126,-0.10883670102093042,0.0,128.2326597958139,0.027209175255232605,0.7774050072923602,0.0,-17.326802802533393,-2.176734020418607,12.79421696543477,-0.10883670102093042,0.027209175255232605,-371.1331504813727,10.883670102093042,0.10883670102093042,0.10883670102093042,-246.42648937032178,0.11972037112302346,-226.71103880534469,-0.08162752576569782,32.651010306279126,0.10883670102093042,32.651010306279126,-54.41835051046521,-0.05441835051046521,-89.37345142095445,-170.0,-0.08162752576569782,-0.10883670102093042,0.0,0.10883670102093042,10.883670102093042,-2.1767340204186083,159.00749319688603,159.00749319688603,-10.883670102093042,-12.79421696543477,-159.00749319688603,21.767340204186084,0.16325505153139563,-240.5287624626389,10.883670102093042,-244.65566553564415,128.2326597958139,-21.767340204186084,0.05441835051046521,1.0883670102093042,107.39640509709567,268.42238664665155,-0.10883670102093042,-271.14330417217474,246.42648937032178,33.73937731648843,0.10883670102093042,17.326802802533393,-2.37138142930268,128.2326597958139,-0.10883670102093042,-0.027209175255232605,-128.2326597958139,-0.10883670102093042,-89.11632989790695,0.10883670102077944,-0.027209175255232605,-0.027209175255232605,-0.027209175255232605,43.53468040837217,54.41835051046521,1.0883670102093042,80.63439086888341,-0.027209175255232605,214.79281019419133,5.441835051046521,50.0,0.10883670102093042,0.05441835051046521,0.05441835051046521,75.0,0.0,0.10883670102093042,0.0,1.0883670102093042,0.10883670102093042,-80.63439086888341,0.10883670102093042,0.43534680408380666,-103.63638754376885,0.05441835051046521,0.027209175255232605,32.651010306279126,-0.10883670102093042,226.71103880534469,1.0883670102093035,-161.26878173776683,2.720917525523248,-10.883670102093042,21.767340204186084,5.441835051046521,-0.10883670102093042,0.0,0.16325505153139563,-0.10883670102093042,-150.0,0.0,368.98117379097704,0.05441835051046521,-100.0,-0.10883670102093042,-0.10883670102077944,-0.10883670102093042,0.05441835051046521,371.1331504813727,-21.767340204186084,0.10883670102093042,214.79281019419133,-0.027209175255232605,-0.11972037112302346,-214.79281019419133,16.325505153139563,170.0,45.49788954217909,371.1331504813727,-0.08162752576569782,271.14330417217474,-268.42238664665155,0.10883670102093042,-0.027209175255232608,5.441835051046521,108.83670102093042,-0.05441835051046521,-0.10883670102093042,0.027209175255232605,0.0,0.0,-59.52565588787157,0.0,-20.748408703618736,0.0,208.4781861573206,-140.0,0.0,367.6910123440701,-255.0,-325.0,-300.0,-183.84550617203504,10.374204351809366,127.5,0.0,70.0,-246.65504644246545,-330.9857439057729,300.0,325.0,-330.9857439057729,-208.4781861573206,99.98294874226512,0.0,1496.5981,hplb
361,0.0,0.0,0.0,0.0,0.0,0.0,0.0,0.0,-0.10581879024353537,0.0,0.0,0.0,0.0,0.0,0.0,0.0,-590.7667221305145,885.6860530346506,0.0,-21.22919040868146,0.0,0.0,0.0,586.413804130583,0.0,462.2442535397389,0.0,0.0,0.0,-1000.0,0.0,0.0,61.968229498529794,0.0,0.0,0.0,0.0,902.3490126706481,0.0,-913.0653323535837,629.6376676203536,0.0,0.0,-125.79076215618647,0.0,0.0,0.0,0.0,0.0,-743.944315411001,0.0,-982.5560450010123,0.0,0.11640066926784698,0.0,0.0,0.0,21.163758048707074,0.0,0.0,69.79948173725197,0.0,167.55628785684746,0.0,0.0,0.0,0.0,0.0,1000.0,-614.5477026039321,0.0,1.0581879024353538,0.0,0.0,0.0,0.0,0.0,0.0,0.0,0.0,0.0,0.0,0.0,0.0,63.49127414612123,0.0,0.0,-660.4309085223766,322.1251364786356,142.71243026945365,-0.026454697560883842,0.0,0.0,0.0,31.745637073060614,0.0,31.745637073060614,0.0,0.0,0.0,0.0,186.42491885758338,-1000.0,0.0,0.0,-75.69317523708813,0.0,0.0,0.0,0.0,0.0,0.0,0.0,0.0,0.0,0.0,0.0,0.0,0.0,0.0,0.0,0.0,0.0,0.0,-1000.0,0.0,0.0,31.745637073060614,0.0,32.80382497549597,5.839623280800499,0.0,-1000.0,1000.0,0.0,0.0,0.0,0.0,0.0,-237.3557695940994,0.0,0.0,0.0,0.0,0.0,8.148046848752218,0.10581879024353537,0.0,0.0,0.0,0.0,0.0,0.0,0.0,0.0,0.0,279.18877291359274,0.0,0.0,0.0,0.0,0.0,437.88872612291357,437.88872612291357,0.0,0.0,0.0,0.0,-914.9295786714624,0.0,0.0,437.9945449131571,0.0,0.0,0.0,525.915764343361,0.0,0.0,0.0,0.0,0.0,0.0,0.0,0.0,0.0,0.0,-1000.0,0.0,0.0,0.0,0.0,-1000.0,0.0,0.0,0.0,0.0,0.0,743.944315411001,982.5560450010123,-322.1251364786356,322.1251364786356,179.21463478344725,0.0,0.0,0.0,0.0,0.0,0.0,0.0,972.8089856065174,0.0,0.0,0.0,0.0,0.0,0.0,0.0,0.0,0.0,0.0,0.0,0.0,0.0,0.0,-57.67248390258585,608.2106771295022,0.0,0.0,0.0,58.14113481065214,-161.40086648141403,0.0,0.0,0.0,0.0,69.79948173725197,734.0014392856887,0.0,0.0,0.0,0.0,0.0,0.0,0.0,0.0,705.8746013957439,0.0,0.0,0.0,-448.21302004642615,196.0372529108451,0.0,0.0,-608.2106771295022,0.0,0.0,237.3557695940994,369.20363321864886,0.0,0.0,0.0,282.18879743075604,0.0,0.0,-1000.0,0.0,0.0,-1000.0,0.0,0.0,0.0,0.0,220.20658966869814,743.944315411001,0.0,289.09990303903146,0.0,0.0,0.0,-163.1694386865048,0.0,163.1694386865048,0.0,437.78290733267,0.0,58.14113481065214,0.0,0.0,0.0,0.0,69.79948173725197,-0.15872818536530303,0.0,0.0,0.0,0.0,0.10581879024353537,0.0,0.0,0.0,244.5659932291623,-590.7667221305145,0.0,-512.6938253292182,268.0931747883004,0.0,474.40592793146914,0.0,0.0,0.0,-75.69317523708813,0.0,0.0,0.0,599.3715816030964,63.66650313595653,-663.0380847390529,-536.9217471417109,-1000.0,0.0,0.0,0.0,0.0,0.0,0.0,0.0,0.0,0.0,0.0,0.0,0.0,0.0,0.0,0.0,0.0,0.0,-97.22771216837751,0.0,-1000.0,0.0,0.0,702.467236349901,0.0,0.0,0.0,-714.022648244496,0.0,0.0,0.0,196.3632162523095,181.1339793454066,-1000.0,0.0,-233.40612039544567,0.0,-63.66650313595653,756.8866404951197,-674.4278582494087,0.0,-284.2927120192418,0.0,137.54819121056562,1000.0,-2.645469756088384,669.1369187372319,-1000.0,0.0,0.0,-131.21881289981712,-158.04145545042883,31.745637073060614,968.75,-968.75,0.0,0.0,0.0,0.0,0.0,0.0,0.0,0.0,-41.90210036316952,0.0,0.0,0.0,0.0,0.0,0.0,0.0,0.0,-97.7568061195955,0.0,-170.16921426715737,186.97737676194507,0.0,0.0,0.0,0.0,-89.41812097564646,0.2116375804871414,0.0,0.0,0.0,0.0,0.0,0.0,0.0,0.0,0.0,385.452297396068,0.0,0.0,0.0,0.0,0.0,0.0,0.0,0.0,0.0,0.11640066926784698,0.11640066926784698,0.0,258.83624195129295,0.0,63.49127414612123,0.0,0.0,0.0,894.5345669322171,0.0,0.0,0.0,0.0,0.0,489.37074006022124,-894.5345669322171,0.0,0.0,0.0,0.0,0.0,186.97737676194507,0.0,0.0,0.0,0.0,0.0,0.0,0.0,333.3333333333333,-244.5659932291623,0.0,0.0,8.148046848752218,0.0,0.0,0.0,-17.813768302033214,0.0,489.37074006022124,0.0,0.0,399.9526190845748,0.0,0.0,0.0,0.0,0.0,0.0,0.0,0.0,0.0,0.0,0.0,0.0,0.0,0.0,0.0,0.0,63.49127414612123,237.3557695940994,237.3557695940994,0.0,0.0,0.0,0.0,0.0,0.0,0.0,0.0,0.0,0.0,1.0581879024353538,0.0,0.0,0.0,0.0,0.0,982.5560450010123,0.0,0.0,31.745637073060614,0.0,0.0,0.0,0.0,0.0,0.0,0.0,0.0,0.0,0.0,974.5590008028246,0.0,0.0,31.745637073060614,31.745637073060614,-734.7714823965387,-894.5345669322171,0.0,186.97737676194507,0.0,0.0,0.0,0.0,0.0,536.9217471417109,0.0,1000.0,0.10581879024353537,0.0,0.0,0.0,116.39033636342127,0.0,0.0,0.0,0.0,0.0,0.0,0.0,0.0,0.0,0.0,0.0,0.0,0.0,0.0,0.0,0.0,0.0,0.10581879024353537,0.0,0.0,0.0,0.0,0.0,0.0,0.0,0.0,0.0,-11.555411894595068,521.6067768216454,0.0,-521.6067768216454,-902.7722878316225,-7.936409268265152,0.0,-5.290939512176768,0.0,0.0,0.0,0.0,0.0,0.0,0.0,0.0,0.0,0.0,0.0,237.3557695940994,0.0,0.0,0.0,-152.75051593825205,0.0,0.0,0.0,-0.10581879024353537,0.0,0.0,0.10581879024353537,0.0,0.10581879024353537,0.0,0.0,0.0,63.49127414612123,129.09892409711316,129.09892409711316,0.0,0.0,0.0,0.0,0.0,0.0,0.0,0.0,0.0,0.0,0.0,0.0,0.0,608.4825794430648,0.0,0.0,0.0,0.0,0.0,0.0,0.0,0.0,0.0,0.0,0.0,0.0,0.0,17.813768302033214,0.0,-462.2442535397389,462.2442535397389,0.15872818536530303,0.0,0.0,0.0,-31.745637073060614,0.0,0.0,0.0,0.0,0.0,-258.83624195129295,5.290939512176768,0.0,0.0,0.0,0.0,914.9295786714624,702.467236349901,-5.290939512176768,0.0,-170.16921426715737,0.0,0.0,0.0,0.0,0.0,237.3557695940994,0.0,0.0,-549.9731580370765,258.83624195129295,0.0,251.26485199042054,-75.69317523708813,0.0,0.0,521.6067768216454,-521.6067768216454,0.0,240.10470912153573,0.0,5.290939512176768,577.0454432778753,0.0,0.0,0.0,-97.7568061195955,0.0,0.0,-953.1250000000009,953.1250000000009,0.0,0.0,0.0,0.0,0.0,984.1271814634696,0.0,129.09892409711316,0.0,0.0,0.0,0.0,0.0,0.0,0.0,0.0,0.0,705.8746013957439,0.0,0.0,282.6454697560884,-501.8426337594893,-131.84954317192754,0.0,31.745637073060614,0.0,0.0,0.0,0.0,16.377984948445814,0.0,0.0,0.11640066926784698,0.0,0.0,0.0,64.54946204855658,0.0,0.0,0.0,0.0,-57.67248390258585,0.0,0.0,0.0,0.0,0.0,0.0,0.0,0.0,-931.0515368939123,0.0,386.30233934652136,0.010581879024353537,0.0,0.0,0.0,0.0,0.0,0.0,0.0,0.0,0.0,0.0,0.0,0.0,0.0,0.0,0.0,258.83624195129295,0.0,0.0,0.0,0.0,0.0,0.0,0.0,743.944315411001,0.0,0.0,0.0,0.0,0.0,0.0,885.6860530346506,0.0,0.0,0.0,63.49127414612123,0.0,0.0,0.0,0.0,0.0,0.0,-63.49127414612123,0.0,0.0,0.0,0.0,0.0,0.0,0.0,0.0,0.0,0.0,0.0,0.0,-1000.0,-1000.0,680.9684507598865,0.0,-31.745637073060614,0.0,902.3490126706481,0.0,0.0,0.0,0.0,0.0,0.0,0.0,0.0,0.0,0.0,0.0,0.0,0.0,0.0,0.0,0.0,0.0,-13.22734878044192,237.3557695940994,-189.07038861367175,600.5461701747996,0.0,0.0,0.0,0.0,0.0,-23.789270654621834,22.466535776577643,97.7568061195955,0.0,0.0,0.0,0.0,0.0,0.0,0.0,1000.0,31.745637073060614,31.745637073060614,0.0,0.0,0.0,0.0,0.0,0.11640066926784698,258.83624195129295,0.0,0.0,-902.3490126706481,386.291757467497,0.0,0.0,0.0,0.0,0.0,0.0,0.0,0.0,0.0,0.0,0.0,0.0,0.0,0.0,0.0,0.0,5.839623280800499,0.0,111.10972975571215,0.0,0.0,8.148046848752218,0.0,0.0,0.0,258.83624195129295,0.0,0.0,0.0,0.0,0.0,-13.22734878044192,0.0,0.0,0.0,0.0,0.0,0.0,0.0,0.0,0.0,0.0,0.0,0.0,0.0,0.0,0.0,0.0,0.0,0.0,-0.10581879024353537,0.0,0.0,5.290939512176768,-489.37074006022124,0.0,0.0,0.0,0.0,237.3557695940994,0.0,0.0,0.0,-599.3715816030964,2.645469756088384,0.0,0.0,462.2442535397389,0.10581879024353537,0.0,105.81879024353536,-26.964201694695472,21.163758048707074,0.7558485017395383,306.9136713410647,-0.07936409268265152,95.85792918488005,2.1163758048707075,-0.5290939512179875,-306.9136713410647,31.74563707306061,-0.10581879024353537,25.23105841236271,186.97737676194507,0.026454697560883842,0.7558485017395383,-75.69317523708813,-16.846351406771838,-2.1163758048707075,-273.69014049545467,-0.10581879024353537,0.026454697560883842,-306.9136713410647,10.581879024353537,0.10581879024353537,0.10581879024353537,-258.6140224917816,0.11640066926789285,0.0,-0.07936409268265152,31.745637073060614,0.10581879024353537,31.745637073060614,-52.90939512176769,-0.052909395121767684,-127.80242243941647,150.71316866681696,-0.07936409268265152,-0.10581879024353537,-26.964201694695472,0.10581879024353537,10.581879024353498,-2.1163758048707075,17.813768302033214,17.813768302033214,-10.581879024353537,273.69014049545467,-17.813768302033214,21.163758048707074,0.15872818536530303,-1000.0,10.581879024353537,-333.3333333333333,186.97737676194507,-21.163758048707074,0.052909395121767684,1.0581879024353538,128.17345633230454,280.0,-0.10581879024353537,-282.6454697560884,258.6140224917816,32.80382497549597,0.10581879024353537,16.846351406771838,59.994828469702895,186.97737676194507,-0.10581879024353537,-0.026454697560883842,-186.97737676194507,-0.10581879024353537,-89.41812097564646,0.10581879024387643,-0.026454697560883842,-0.026454697560883842,-0.026454697560883842,42.32751609741415,52.90939512176769,1.0581879024353538,78.39849622168032,-0.026454697560883842,231.11585425224638,5.290939512176768,50.0,0.10581879024353537,0.052909395121767684,0.052909395121767684,75.0,26.964201694695472,0.10581879024353537,-26.964201694695472,1.0581879024353538,0.10581879024353537,-78.39849622168032,0.10581879024353537,0.4232751609744554,0.5290939512179875,0.052909395121767684,0.026454697560883842,31.745637073060614,-0.10581879024353537,0.0,1.0581879024353538,-156.79699244336064,93.2124594287917,-10.581879024353498,21.163758048707074,5.290939512176768,-0.10581879024353537,75.69317523708813,0.15872818536530303,-0.10581879024353537,-150.0,26.964201694695472,212.099221600374,0.052909395121767684,-100.0,-0.10581879024353537,-0.10581879024387643,-0.10581879024353537,0.052909395121767684,306.9136713410647,-21.163758048707074,0.10581879024353537,256.3469126646091,-0.026454697560883842,-0.11640066926789285,-256.3469126646091,15.872818536530303,-150.71316866681696,472.5057518125881,306.9136713410647,-0.07936409268265152,282.6454697560884,-280.0,0.10581879024353537,-0.026454697560883846,201.6541557644863,105.81879024353536,-0.052909395121767684,-0.10581879024353537,0.026454697560883842,0.0,0.0,857.2346603354246,0.0,-255.0,0.0,309.47036640942787,-140.0,0.0,-80.0,96.43151755155057,-272.4286100391276,-142.71243026945365,40.0,127.5,-48.215758775775285,0.0,70.0,-258.83624195129295,-228.47720654881982,142.71243026945365,272.4286100391276,-228.47720654881982,-309.47036640942787,119.44682945768574,0.0,1496.5981,hplb
362,0.0,0.0,0.0,0.0,0.0,0.0,0.0,0.0,-0.012272713321533535,0.0,0.0,0.0,0.0,0.0,0.0,0.0,484.3568974556703,783.5187186584594,0.0,-968.7137949113406,0.0,0.0,0.0,0.0,0.0,561.1474132203698,0.0,0.0,0.0,-962.1224131549458,0.0,0.0,93.72644164552783,0.0,0.0,0.0,0.0,-658.1875887614566,0.0,-1000.0,971.2798399638162,0.0,0.0,-522.2344843007245,0.0,0.0,0.0,0.0,0.0,0.0,0.0,0.0,0.0,0.013499984653698505,0.0,0.0,0.0,2.4545426643067074,0.0,0.0,35.40647601776328,0.0,827.7438787896116,753.6884758945355,0.0,0.0,0.0,0.0,35.17359637951512,-35.17359637951512,0.0,0.12272713321533538,0.0,0.0,0.0,0.0,0.0,0.0,0.0,0.0,0.0,0.0,-787.2852929779651,0.0,7.363627992920122,0.0,0.0,-92.59753812644061,755.6551942113384,-697.2694093010567,-0.0030681783303833842,0.0,0.0,197.11010288998682,3.681813996460061,0.0,28.720160036183806,-0.3951813689534376,0.0,0.0,0.0,211.64452123148632,-962.1224131549458,0.0,0.0,-46.002331390066274,0.0,0.0,0.0,0.0,0.0,0.0,0.0,0.0,0.0,0.0,0.0,0.0,0.0,0.0,0.0,0.0,0.0,0.0,-963.0346742320212,0.0,0.0,28.720160036183806,0.0,3.8045411296753966,0.0,0.0,113.28661168476486,-113.28661168476486,0.0,0.0,0.0,0.0,0.0,-109.4618789128393,0.0,0.0,0.0,0.0,0.0,788.2302919037232,0.012272713321533535,0.0,0.0,0.0,0.0,0.0,0.0,0.0,909.7695603301859,0.0,-301.5134515017516,0.0,0.0,0.0,0.0,0.0,545.7672263893505,545.7672263893505,0.0,0.0,0.0,0.0,0.0,0.0,0.0,545.779499102672,0.0,0.0,0.0,-134.45084797396353,0.0,0.0,0.0,0.0,0.0,0.0,0.0,0.0,0.0,0.0,-289.82344436376707,0.0,0.0,0.0,0.0,-362.9179584740682,0.0,0.0,0.0,0.0,0.0,0.0,0.0,92.59753812644061,-92.59753812644061,109.4618789128393,0.0,0.0,0.0,0.0,0.0,0.0,0.0,1000.0,0.0,0.0,0.0,0.0,0.0,0.0,0.0,0.0,0.0,0.0,0.0,0.0,0.0,345.59436475324935,30.441938901579082,477.7655156992755,0.0,0.0,0.0,0.0,87.64822397714752,0.0,0.0,0.0,0.0,35.40647601776328,1000.0,0.0,0.0,47.69912759547219,0.0,0.0,0.0,0.0,0.0,0.0,0.0,25.038346039723745,0.0,-870.7202533130494,-207.6625972281517,0.0,0.0,-477.7655156992755,0.0,0.0,109.4618789128393,0.0,0.0,0.0,0.0,-37.72417792853503,0.0,0.0,-974.2720919493513,-232.99329028013693,0.0,-741.2788016692143,0.0,232.99329028013693,848.252732337779,0.0,0.0,0.0,0.0,-162.86923272290824,0.0,0.0,0.0,0.0,0.0,0.0,0.0,1000.0,0.0,0.0,953.9976686099337,0.0,0.0,0.0,35.40647601776328,-0.018409069982300304,0.0,0.0,0.0,0.0,0.012272713321533535,0.0,0.0,0.0,137.0876955478976,484.3568974556703,0.0,-30.66822092671085,-293.5361167507193,0.0,1000.0,0.0,0.0,0.0,-46.002331390066274,0.0,0.0,0.0,-1.0566806169840488,0.0,1.0566806169840488,-1000.0,-1000.0,0.0,0.0,0.0,0.0,0.0,0.0,0.0,0.0,0.0,0.0,0.0,0.0,0.0,0.0,0.0,0.0,47.69912759547219,-999.9509091467139,0.0,-1000.0,787.2852929779651,658.1875887614566,0.0,0.0,0.0,0.0,-788.2302919037232,0.0,0.0,0.0,0.0,211.03088556540965,-945.5935572297144,883.8984056827761,0.0,0.0,910.4199608501993,0.0,-0.6136356660766769,-17.581889104428956,0.0,-883.8984056827761,-106.1290784487815,98.72350155097901,-0.30681783303833843,0.0,0.0,0.0,0.0,0.0,-226.9010214846754,28.720160036183806,0.0,0.0,0.0,622.8112009345245,0.0,0.0,0.0,-345.59436475324935,345.59436475324935,345.59436475324935,-620.5215408454103,0.0,0.0,-454.245046323971,0.0,0.0,0.0,0.0,0.0,-38.64892687731276,0.0,0.0,0.0,0.0,0.0,0.0,0.0,1.721778865395276,0.024545426643053467,0.0,0.0,0.0,0.0,0.0,0.0,0.0,0.0,0.0,0.0,0.0,0.0,0.0,0.0,0.0,0.0,0.0,0.0,0.0,0.013499984653698505,0.013499984653698505,0.0,0.0,0.0,7.363627992920122,0.0,0.0,0.0,1000.0,0.0,0.0,0.0,0.0,0.0,-370.6258457382511,-1000.0,0.0,0.0,0.0,0.0,0.0,0.0,0.0,0.0,0.0,0.0,0.0,0.0,0.0,321.0115580773404,-137.0876955478976,0.0,0.0,0.9449989257580816,0.0,0.0,197.11010288998682,0.0,0.0,-370.6258457382511,0.0,-368.9040668728558,0.0,0.0,0.0,345.59436475324935,0.0,0.0,0.0,0.0,0.0,0.0,0.0,0.0,0.0,0.0,0.0,0.0,0.0,7.363627992920122,109.4618789128393,109.4618789128393,0.0,0.0,0.0,0.0,0.0,0.0,0.0,0.0,0.0,0.0,0.12272713321533538,0.0,0.0,0.0,0.0,0.0,0.0,0.0,0.0,28.720160036183806,0.0,0.0,0.0,0.0,0.0,0.0,0.0,0.0,0.0,0.0,1.2518167587964206,-26.89020446641379,0.0,3.681813996460061,3.681813996460061,-752.0818496928724,-1000.0,0.0,0.0,0.0,0.0,0.0,0.0,0.0,962.1224131549458,0.0,1000.0,0.012272713321533535,0.0,0.0,0.0,16.207871185845256,0.0,0.0,-197.11010288998682,0.0,0.0,0.0,0.0,0.0,0.0,0.0,0.0,0.0,0.0,0.0,0.0,0.0,0.0,0.012272713321533535,0.0,0.0,0.0,0.0,0.0,0.0,0.0,0.0,658.1875887614566,-898.6299072096914,1000.0,-122.48426735222074,0.0,-889.6494755473179,-0.9204534991150153,-0.6136356660766773,0.0,0.0,-828.125,-828.125,828.125,0.0,0.0,0.0,0.0,0.0,0.0,0.0,109.4618789128393,0.0,0.0,0.0,-226.28738581859872,0.0,0.0,0.0,-0.012272713321533535,0.0,0.0,0.012272713321533535,0.0,0.012272713321533535,0.0,0.0,0.0,7.363627992920122,14.972710252270916,14.972710252270916,0.0,0.0,0.0,0.0,0.0,0.0,0.0,0.0,0.0,0.0,0.0,0.0,0.0,0.0,0.0,0.0,0.0,0.0,0.0,0.0,0.0,0.0,0.0,0.0,0.0,0.0,0.0,197.11010288998682,0.0,-561.1474132203698,561.1474132203698,0.018409069982300304,0.0,0.0,0.0,-28.720160036183806,0.0,0.0,0.0,0.0,0.0,0.0,0.6136356660766769,0.0,0.0,0.0,0.0,0.0,-110.39961530596818,0.0,0.0,0.0,0.0,0.0,0.0,0.0,0.0,109.4618789128393,0.0,0.0,0.0,-345.59436475324935,0.0,249.45223947231932,-46.002331390066274,889.6003846940318,0.0,0.0,-889.6003846940318,909.7695603301859,-14.972710252270916,0.0,0.6136356660766773,1000.0,0.0,0.0,0.0,-38.64892687731276,0.0,0.0,0.0,0.0,0.0,0.0,0.0,0.0,0.0,288.902990864652,-0.9204534991150943,14.972710252270916,0.0,0.0,0.0,0.0,0.0,0.0,0.0,0.0,0.0,0.0,0.0,0.0,1.840906998230082,-16.207871185845256,0.0,0.0,3.681813996460061,0.0,0.0,0.0,0.0,-302.08058358316254,0.0,0.0,0.013499984653698505,0.0,0.0,0.0,7.486355126135458,0.0,0.0,0.0,0.0,30.441938901579082,0.0,0.0,0.0,0.0,0.0,0.0,0.0,0.0,0.0,0.0,0.0012272713321533886,0.0012272713321533886,0.0,0.0,0.0,0.0,0.0,0.0,0.0,0.0,0.0,0.0,0.0,0.0,0.0,0.0,0.0,0.0,0.0,0.0,0.0,0.0,0.0,0.0,0.0,0.0,0.0,0.0,0.0,0.0,0.0,0.0,783.5187186584594,0.0,0.0,0.0,7.363627992920122,0.0,0.0,0.0,0.0,0.0,0.0,-7.363627992920122,0.0,0.0,0.0,0.0,0.0,0.0,0.0,0.0,0.0,0.0,0.0,0.0,-1000.0,-1000.0,8.406808625250473,0.0,-28.720160036183806,0.0,0.0,0.0,0.0,0.0,0.0,0.0,0.0,0.0,0.0,0.0,0.0,0.0,0.0,0.0,0.0,0.0,0.0,0.0,-1.5340891651916926,109.4618789128393,-211.95133906452466,0.0,0.0,0.0,0.0,0.0,0.0,-604.2610303242327,604.1076214077135,948.4184872074986,0.0,0.0,0.0,0.0,0.0,0.0,0.0,1000.0,3.681813996460061,3.681813996460061,0.0,0.0,0.0,0.0,0.0,0.013499984653698505,0.0,0.0,0.0,0.0,0.0,0.0,0.0,0.0,0.0,0.0,0.0,0.0,0.0,0.0,0.0,0.0,0.0,0.0,0.0,0.0,0.0,0.0,0.0,12.886348987610214,0.9449989257580816,0.0,0.0,0.0,0.0,0.0,0.0,0.0,109.39079827093806,0.0,0.0,0.0,-1.5340891651916926,0.0,0.0,0.0,0.0,0.0,0.0,0.0,0.0,0.0,0.0,0.0,0.0,0.0,0.0,0.0,0.0,0.0,0.0,-0.012272713321533535,0.0,0.0,0.6136356660766769,370.6258457382511,0.0,0.0,0.0,0.0,109.4618789128393,0.0,0.0,0.0,1.0566806169840488,0.30681783303833843,0.0,0.0,561.1474132203698,0.012272713321533535,0.0,12.272713321533535,-3.8045411296753966,2.4545426643067074,0.08766223801095384,34.24087016707857,-0.009204534991150152,106.1290784487815,0.24545426643067075,-0.06136356660762207,-34.24087016707857,3.681813996460061,-0.012272713321533537,15.334110463355424,0.0,0.0030681783303833842,0.08766223801095384,-46.002331390066274,-1.9538159607882335,-0.24545426643067075,-299.1618212027891,-0.01227271332153354,0.0030681783303833842,-34.24087016707857,1.2272713321533537,0.012272713321533537,0.012272713321533535,0.02577269797523204,0.013499984653686925,0.0,-0.009204534991150152,3.681813996460061,0.012272713321533537,28.720160036183806,18.901989378956976,-0.0061363566607667685,393.51811428188415,-88.88776802262241,-0.009204534991150152,-0.012272713321533537,-3.8045411296753966,0.012272713321533535,1.2272713321533537,-0.24545426643067075,197.11010288998682,197.11010288998682,-1.2272713321533537,299.1618212027891,-197.11010288998682,2.4545426643067074,0.018409069982300304,-597.6591916108957,1.2272713321533537,-321.0115580773404,0.0,-2.4545426643067074,0.0061363566607667685,0.12272713321533538,7.667055231677712,-343.13982208894265,-0.012272713321533535,-2.7613604973451764,-0.02577269797523204,3.8045411296753966,0.012272713321533537,1.9538159607882335,-39.76560202556402,0.0,-0.012272713321533535,-0.0030681783303833842,0.0,-0.012272713321533535,1.721778865395276,0.012272713321476694,-0.0030681783303833842,-0.0030681783303833842,-0.0030681783303833842,4.909085328613415,-18.901989378956976,0.12272713321533538,337.98721268093135,-0.0030681783303833842,0.0,0.6136356660766769,-0.2472537666209611,0.012272713321533535,0.0061363566607667685,0.006136356660766768,1.2272713321533537,3.8045411296753966,0.012272713321533535,-3.8045411296753966,0.12272713321533538,0.012272713321533537,-995.7765450786121,0.012272713321533537,0.04909085328611695,0.06136356660762207,0.0061363566607667685,0.0030681783303833842,3.681813996460061,-0.012272713321533537,0.0,0.12272713321533538,-675.9744253618627,105.82226061574316,-1.2272713321533537,2.4545426643067074,0.6136356660766769,-0.012272713321533537,46.002331390066274,0.018409069982300304,-0.012272713321533537,-2.4545426643067074,3.8045411296753966,331.5703539355552,0.0061363566607667685,0.4945075332419222,-0.012272713321533537,-0.012272713321476694,-0.012272713321533537,0.0061363566607667685,34.24087016707857,-2.4545426643067074,0.012272713321533535,15.334110463355424,-0.0030681783303833842,-0.013499984653686925,-15.334110463355424,1.8409069982300301,88.88776802262241,394.1725999627415,34.24087016707857,-0.009204534991150152,2.7613604973451764,343.13982208894265,0.01227271332153354,-0.003068178330383384,0.6136356660766773,12.272713321533535,-0.0061363566607667685,-0.012272713321533537,0.0030681783303833842,140.31872727623903,0.0,446.6697322175127,657.7893323976807,-255.0,0.0,327.5669342438757,-140.0,0.0,-80.0,41.258128636645324,-251.90678213662602,-150.98332303672228,40.0,127.5,-20.629064318322662,0.0,70.0,0.0,-29.489770352392686,150.98332303672228,251.90678213662602,-29.489770352392686,-327.5669342438757,183.0526324686432,0.0,1496.5981,hplb
363,0.0,0.0,0.0,0.0,0.0,0.0,0.0,0.0,-0.02523120611511903,0.0,0.0,0.0,0.0,0.0,0.0,0.0,547.2760564084566,-738.140566991106,0.0,483.5447403020084,0.0,0.0,0.0,851.9823782275572,0.0,0.0,0.0,0.0,0.0,-107.6310988229733,0.0,0.0,650.0128433393722,0.0,0.0,0.0,0.0,556.9578385460683,0.0,-1000.0,-513.6172667744647,0.0,0.0,0.0,0.0,0.0,0.0,0.0,397.89070365072496,0.0,0.0,0.0,0.0,0.027754326726655884,0.0,0.0,0.0,0.0,0.0,0.0,-2.2220282185378895,0.0,2.2220282185378895,0.0,0.0,0.0,0.0,0.0,0.0,959.6010955167312,0.0,0.2523120611511903,0.0,0.0,0.0,0.0,0.0,0.0,0.0,0.0,0.0,0.0,0.0,0.0,15.138723669071418,0.0,0.0,21.508576185227522,279.5285348530156,0.0,301.39084338145864,0.0,0.0,723.3956930604675,7.569361834535709,0.0,7.569361834535709,-561.3766637770289,0.0,0.0,0.0,1.2615603057559515,-107.6310988229733,0.0,0.0,0.0,0.0,0.0,0.0,0.0,0.0,0.0,0.0,0.0,0.0,0.0,0.0,0.0,0.0,0.0,0.0,0.0,0.0,0.0,-82.02946120951457,0.0,0.0,7.569361834535709,0.0,7.821673895686899,0.0,0.0,0.0,-410.27621679634893,410.27621679634893,-410.27621679634893,0.0,0.0,0.0,0.0,0.0,0.0,0.0,0.0,0.0,1.9428028708641638,0.025231206115119025,301.39715118298744,0.0,0.0,0.0,0.0,0.0,0.0,0.0,0.0,14.503114949899668,0.0,0.0,0.0,0.0,0.0,708.3118039482814,708.3118039482814,0.0,0.0,0.0,-953.125,-1000.0,0.0,0.0,708.3370351543965,0.0,0.0,0.0,574.9442045861792,0.0,0.0,0.0,0.0,0.0,0.0,0.0,0.0,0.0,0.0,0.0,0.0,0.0,0.0,0.0,-175.47238713846554,0.0,0.0,0.0,0.0,0.0,0.0,0.0,-279.5285348530156,279.5285348530156,0.0,0.0,0.0,0.0,0.0,0.0,0.0,0.0,1000.0,0.0,0.0,0.0,0.0,0.0,0.0,0.0,0.0,0.0,0.0,0.0,0.0,0.0,0.0,-89.90751755395239,-837.5356612362083,0.0,0.0,0.0,0.0,41.01473060475728,0.0,0.0,0.0,0.0,-2.2220282185378895,-837.5356612362083,0.0,0.0,943.4179812287413,0.0,0.0,0.0,0.0,0.0,0.0,5.046241223023806,0.0,0.0,0.0,559.0570697060313,139.8707449829368,0.0,837.5356612362083,0.0,0.0,0.0,-260.4587325756713,0.0,0.0,0.0,-2.542885056301998,0.0,0.0,-546.0102025701949,-741.2247731384808,0.0,195.21457056828618,0.0,741.2247731384808,0.0,0.0,-953.5236413780656,0.0,0.0,29.380334456424812,0.0,0.0,0.0,-368.43378031169715,0.0,368.43378031169715,0.0,1000.0,0.0,0.0,0.0,-953.125,0.0,0.0,-2.2220282185378895,-0.03784680917267854,0.0,0.0,0.0,0.0,0.025231206115119025,0.0,0.0,0.0,126.88829469917255,547.2760564084566,0.0,0.0,-550.8181252989036,0.0,-506.04790493992897,0.0,-109.95084396445401,0.0,0.0,0.0,0.0,0.0,-2.1724068465117727,112.12325081096577,0.0,-1000.0,-1000.0,0.0,0.0,0.0,0.0,0.0,0.0,0.0,0.0,0.0,0.0,0.0,0.0,0.0,0.0,0.0,0.0,943.4179812287413,478.83913855822556,0.0,-78.21962481230292,0.0,0.0,560.5642189401225,0.0,0.0,0.0,-1.9428028708641638,0.0,0.0,0.0,0.0,0.0,-487.66777497575225,117.28042102814376,998.738439694244,0.0,375.5445241647865,-1000.0,-1.2615603057559515,-408.14585389888407,374.1720348648763,-117.28042102814376,-1000.0,873.3147919156928,-0.6307801528779757,0.0,336.5200480690348,0.0,-56.79918845809618,-1000.0,1000.0,7.569361834535709,0.0,0.0,0.0,0.0,0.0,0.0,0.0,0.0,0.0,0.0,-945.7004116467409,0.0,0.0,-291.7134272578337,0.0,0.0,0.0,0.0,0.0,-4.444056437075779,0.0,0.0,0.0,0.0,0.0,0.0,0.0,-97.4768793884881,0.050462412230254904,0.0,0.0,0.0,0.0,0.0,0.0,0.0,0.0,0.0,959.6010955167312,0.0,0.0,0.0,0.0,0.0,0.0,0.0,0.0,0.0,0.027754326726655884,0.027754326726655884,0.0,0.0,0.0,15.138723669071418,0.0,0.0,0.0,1000.0,0.0,0.0,0.0,0.0,0.0,-691.9914139146308,-1000.0,0.0,0.0,0.0,0.0,0.0,0.0,0.0,0.0,0.0,0.0,0.0,0.0,0.0,27.343153736504856,-126.88829469917255,0.0,0.0,1.9428028708641638,0.0,723.3956930604675,0.0,-41.01473060475728,0.0,-691.9914139146308,0.0,0.0,-789.4682933031189,-765.6250000014353,765.6250000014353,0.0,0.0,0.0,0.0,0.0,0.0,0.0,0.0,0.0,0.0,0.0,0.0,0.0,0.0,15.138723669071418,0.0,0.0,0.0,0.0,0.0,0.0,0.0,0.0,0.0,0.0,0.0,0.0,0.2523120611511903,0.0,0.0,0.0,0.0,0.0,0.0,0.0,0.0,7.569361834535709,0.0,0.0,0.0,0.0,0.0,0.0,0.0,0.0,0.0,0.0,601.086272769516,-189.68782164170284,0.0,7.569361834535709,7.569361834535709,-683.2001419874138,-1000.0,0.0,0.0,0.0,0.0,0.0,0.0,0.0,107.6310988229733,0.0,110.48937395571429,0.025231206115119025,0.0,0.0,33.321412133031124,0.0,682.3809624557102,0.0,-723.3956930604675,0.0,0.0,0.0,0.0,0.0,0.0,0.0,0.0,0.0,0.0,0.0,0.0,0.0,0.0,0.025231206115119025,0.0,0.0,0.0,0.0,0.0,0.0,0.0,0.0,0.0,0.0,1000.0,0.0,-441.3785839307417,-557.0587633705285,-1.8923404586339272,0.0,-1.2615603057559523,0.0,-859.375,-859.375,859.375,0.0,0.0,0.0,0.0,0.0,0.0,0.0,0.0,0.0,0.0,0.0,944.4623718476598,0.0,0.0,0.0,-0.025231206115119025,0.0,0.0,0.025231206115119025,0.0,0.025231206115119025,0.0,0.0,0.0,15.138723669071418,30.782071460445216,30.782071460445216,0.0,0.0,0.0,0.0,0.0,0.0,0.0,0.0,0.0,0.0,0.0,0.0,0.0,0.0,0.0,0.0,0.0,0.0,0.0,0.0,0.0,0.0,0.0,0.0,0.0,0.0,0.0,41.01473060475728,0.0,0.0,0.0,0.03784680917267854,0.0,0.0,0.0,-7.569361834535709,0.0,0.0,0.0,0.0,0.0,0.0,1.2615603057559515,0.0,0.0,0.0,953.125,1000.0,560.5642189401225,-1.2615603057559523,0.0,0.0,0.0,0.0,0.0,0.0,0.0,0.0,0.0,0.0,-629.6162794769441,0.0,0.0,319.9537587769762,682.3809624557102,0.0,558.6214160692583,441.3785839307417,-1000.0,0.0,-291.2408040361165,0.0,1.2615603057559523,955.8437494974337,0.0,0.0,0.0,-4.444056437075779,0.0,0.0,0.0,0.0,0.0,0.0,0.0,0.0,0.0,-3.784680917267685,0.0,30.782071460445216,0.0,-953.125,-953.125,953.125,0.0,0.0,0.0,0.0,0.0,0.0,0.0,0.0,5.677021375901612,-992.9225076497623,704.1692521326469,0.0,7.569361834535709,0.0,0.0,0.0,0.0,-99.29891491386306,0.0,0.0,0.027754326726655884,0.0,0.0,0.0,15.391035730222608,0.0,0.0,0.0,0.0,-89.90751755395239,0.0,0.0,0.0,0.0,0.0,0.0,0.0,0.0,-1000.0,0.0,0.002523120611511903,0.002523120611511903,0.0,0.0,0.0,0.0,0.0,0.0,0.0,0.0,0.0,33.321412133031124,0.0,0.0,0.0,0.0,0.0,0.0,0.0,0.0,0.0,0.0,0.0,0.0,0.0,0.0,0.0,0.0,0.0,0.0,1000.0,22.463915391581455,-738.140566991106,0.0,0.0,0.0,15.138723669071418,0.0,0.0,0.0,0.0,0.0,0.0,-15.138723669071418,0.0,0.0,0.0,0.0,0.0,0.0,0.0,0.0,0.0,0.0,0.0,0.0,-1000.0,-1000.0,17.283376188856533,-7.569361834535709,0.0,0.0,556.9578385460683,0.0,0.0,0.0,0.0,0.0,0.0,0.0,0.0,0.0,0.0,0.0,0.0,0.0,0.0,0.0,0.0,0.0,-3.1539007643898795,0.0,-1.8923404586339272,-1.8923404586337593,0.0,0.0,0.0,0.0,0.0,-0.31539007643898787,0.0,4.444056437075779,0.0,0.0,0.0,0.0,0.0,0.0,0.0,110.48937395571429,7.569361834535709,7.569361834535709,0.0,0.0,0.0,0.0,0.0,0.027754326726655884,0.0,0.0,0.0,-556.9578385460683,0.0,0.0,0.0,0.0,0.0,0.0,0.0,0.0,0.0,0.0,0.0,0.0,0.0,0.0,0.0,0.0,0.0,0.0,0.0,26.49276642087498,0.0,0.0,1.9428028708641638,0.0,0.0,0.0,0.0,0.0,-561.3766637770289,0.0,0.0,0.0,-3.1539007643898795,0.0,0.0,0.0,0.0,0.0,0.0,0.0,0.0,0.0,0.0,0.0,0.0,0.0,0.0,0.0,0.0,0.0,0.0,-0.025231206115119025,0.0,0.0,1.2615603057559515,691.9914139146308,0.0,0.0,0.0,0.0,0.0,0.0,0.0,0.0,2.1724068465117727,0.6307801528779757,0.0,0.0,0.0,0.025231206115119025,0.0,25.231206115119026,-7.821673895686899,5.046241223023806,0.1802229008222788,70.3950650611821,-0.01892340458633927,1.2615603057559515,0.5046241223023806,-0.12615603057531644,-70.3950650611821,7.569361834535709,-0.02523120611511903,0.0,0.0,0.006307801528779758,0.1802229008222788,0.0,-4.016808013526543,-0.5046241223023806,-292.68022971935903,-0.02523120611511903,0.006307801528779758,-70.3950650611821,2.523120611511903,0.02523120611511903,0.025231206115119025,0.052985532841774916,0.027754326726630935,-65.10876027215014,-0.01892340458633927,7.569361834535709,0.02523120611511903,7.569361834535709,-12.615603057559515,-0.012615603057559516,50.60564532225046,-43.563082422384305,-0.01892340458633927,-0.02523120611511903,-7.821673895686899,0.025231206115119025,2.523120611511903,-0.5046241223023806,41.01473060475728,41.01473060475728,-2.523120611511903,292.68022971935903,-41.01473060475728,5.046241223023806,0.03784680917267854,-63.940387740716645,2.523120611511903,-27.343153736504856,0.0,-5.046241223023806,0.012615603057559512,0.2523120611511903,0.0,5.046241223023806,-0.025231206115119025,-5.677021375901612,-0.052985532841774916,7.821673895686899,0.02523120611511903,4.016808013526543,-30.277447338142768,0.0,-0.025231206115119025,-0.006307801528779758,0.0,-0.02523120611511903,-97.4768793884881,0.025231206114881388,-0.006307801528779758,-0.006307801528779758,-0.006307801528779758,10.092482446047612,12.615603057559515,0.2523120611511903,292.3122746301803,-0.006307801528779758,0.0,1.2615603057559515,50.0,0.025231206115119025,0.012615603057559516,0.012615603057559516,2.523120611511903,7.821673895686899,0.025231206115119025,-7.821673895686899,0.2523120611511903,0.02523120611511903,-839.5504842294642,0.02523120611511903,0.10092482446023023,0.12615603057531644,0.012615603057559516,0.006307801528779758,7.569361834535709,-0.02523120611511903,65.10876027215014,0.2523120611511903,-584.6245492603606,0.6307801528779757,-2.523120611511903,5.046241223023806,1.2615603057559515,-0.02523120611511903,0.0,0.03784680917267854,-0.02523120611511903,-5.046241223023806,7.821673895686899,247.20075921407582,0.012615603057559516,-100.0,-0.02523120611511903,-0.025231206114881388,-0.02523120611511903,0.012615603057559516,70.3950650611821,-5.046241223023806,0.025231206115119025,0.0,-0.006307801528779758,-0.027754326726630935,0.0,3.7846809172678535,43.563082422384305,-133.31847383735376,70.3950650611821,-0.01892340458633927,5.677021375901612,-5.046241223023806,0.02523120611511903,-0.006307801528779758,1.2615603057559523,25.231206115119026,-0.012615603057559516,-0.02523120611511903,0.006307801528779758,1000.0,0.0,63.92777213765908,547.2382095992839,-121.20547276255786,0.0,255.2874222463703,31.81050946119384,0.0,-80.0,258.2732079680069,-325.0,0.0,40.0,60.60273638127893,-129.13660398400344,0.0,-15.90525473059692,0.0,-147.90184430021276,0.0,325.0,-147.90184430021276,-255.2874222463703,141.5208744865006,0.0,1496.5981,hplb
364,0.0,0.0,0.0,0.0,0.0,0.0,0.0,0.0,-0.144373314981092,0.0,0.0,0.0,0.0,0.0,0.0,0.0,1000.0,-289.00108854404067,0.0,-454.2517474547407,0.0,0.0,0.0,1000.0,0.0,0.0,0.0,0.0,0.0,-680.1775210974288,0.0,0.0,136.80934973891775,0.0,0.0,0.0,0.0,578.5779576190803,0.0,-1000.0,767.8931337924134,0.0,0.0,0.0,0.0,0.0,0.0,0.0,0.0,0.0,0.0,415.14891692841144,0.0,0.15881064647930998,0.0,0.0,0.0,0.0,0.0,0.0,-12.714476606000687,0.0,-987.2855233939993,-1000.0,0.0,0.0,0.0,0.0,661.3869083304944,-374.8142732985981,0.0,1.44373314981092,0.0,0.0,0.0,0.0,0.0,0.0,0.0,533.76513562014,0.0,0.0,0.0,0.0,86.6239889886552,0.0,0.0,608.8221667374446,193.67324980903322,-700.0,355.39187998926405,0.0,0.0,121.3198364796927,43.3119944943276,0.0,43.3119944943276,0.0,0.0,0.0,0.0,7.218665749054599,-680.1775210974288,0.0,0.0,-66.48407398304228,0.0,0.0,0.0,0.0,0.0,0.0,0.0,0.0,0.0,0.0,0.0,0.0,0.0,0.0,0.0,0.0,0.0,0.0,-786.2710384590314,0.0,0.0,43.3119944943276,0.0,44.75572764413851,5.514051775882194,0.0,459.2278924945151,-459.2278924945151,0.0,0.0,0.0,-609.374999999998,609.374999999998,0.0,0.0,0.0,0.0,0.0,0.0,11.116745253543968,0.144373314981092,355.4279733180093,0.0,0.0,-852.3113319023902,148.43666890617183,0.0,0.0,0.0,0.0,743.1532796717224,0.0,0.0,0.0,0.0,0.0,257.2743727590055,257.2743727590055,0.0,0.0,0.0,15.625000000000002,0.0,0.0,0.0,257.41874607398654,0.0,0.0,0.0,392.5460902109206,0.0,0.0,0.0,0.0,0.0,0.0,0.0,0.0,0.0,0.0,-603.8625375161006,0.0,0.0,0.0,0.0,-703.471942025157,0.0,0.0,0.0,0.0,0.0,0.0,-415.14891692841144,806.3267501909668,-806.3267501909668,0.0,0.0,0.0,0.0,0.0,0.0,0.0,0.0,-18.046664372636492,0.0,0.0,0.0,0.0,0.0,0.0,0.0,0.0,0.0,0.0,0.0,0.0,0.0,0.0,661.6239889886551,95.32643802584022,0.0,0.0,0.0,0.0,155.41829518690972,0.0,0.0,0.0,0.0,-12.714476606000744,95.32643802584022,0.0,0.0,0.0,0.0,0.0,0.0,0.0,0.0,4.648820742389091,28.874662996218397,0.0,0.0,-295.5748401480627,-908.2283405299963,1000.0,0.0,-95.32643802584022,0.0,0.0,0.0,-823.8645557230677,0.0,0.0,0.0,-14.550423928177167,0.0,0.0,-1000.0,-1000.0,0.0,0.0,0.0,1000.0,1000.0,0.0,-130.59933561684787,0.0,0.0,258.41135716210124,0.0,0.0,0.0,-54.63657173136494,0.0,54.63657173136494,0.0,257.12999944402435,0.0,0.0,16.051794334580528,15.625,0.0,0.0,-12.714476606000687,-0.216559972471638,0.0,0.0,0.0,0.0,0.144373314981092,0.0,0.0,0.0,500.09283160153063,1000.0,0.0,-932.7350963105948,692.0729726343109,0.0,690.0797912829594,0.0,111.32626318192013,0.0,-66.48407398304228,0.0,0.0,0.0,888.6737368180799,0.0,-1000.0,0.0,-553.5184928524377,0.0,0.0,0.0,0.0,0.0,0.0,0.0,0.0,0.0,0.0,0.0,0.0,0.0,0.0,0.0,0.0,0.0,0.0,0.0,-579.1554508790045,0.0,0.0,0.0,0.0,0.0,1000.0,-15.76556599593306,0.0,0.0,0.0,0.0,0.0,0.0,137.44689631411393,84.22381022070715,0.0,-661.3869083304944,0.0,0.0,0.0,-95.50294785999236,-137.44689631411393,-91.44247596976174,0.0,-3.6093328745272997,-7.218665749054599,0.0,0.0,1000.0,1000.0,-807.2700197058135,43.3119944943276,0.0,0.0,0.0,154.98618771556107,0.0,0.0,0.0,0.0,0.0,0.0,-358.9079910544897,0.0,0.0,0.0,0.0,0.0,0.0,0.0,0.0,-25.428953212001375,0.0,0.0,121.1253370037816,0.0,0.0,0.0,0.0,-85.5626685018908,0.28874662996213374,0.0,0.0,0.0,0.0,0.0,0.0,0.0,0.0,0.0,286.5726350318963,0.0,0.0,0.0,0.0,0.0,0.0,0.0,0.0,0.0,0.15881064647930998,0.15881064647930998,0.0,235.62481327063634,0.0,86.6239889886552,0.0,0.0,0.0,-143.6536794330599,0.0,0.0,0.0,0.0,0.0,433.15854382102634,143.6536794330599,0.0,0.0,0.0,0.0,0.0,121.1253370037816,0.0,0.0,0.0,0.0,0.0,0.0,0.0,262.09034615301044,-500.09283160153063,703.8746629962184,0.0,11.116745253543968,0.0,121.3198364796927,0.0,-155.41829518690972,0.0,433.15854382102634,0.0,0.0,347.59587531913553,0.0,0.0,0.0,0.0,0.0,0.0,0.0,0.0,0.0,0.0,0.0,0.0,0.0,0.0,0.0,0.0,86.6239889886552,0.0,0.0,0.0,0.0,0.0,0.0,0.0,0.0,0.0,0.0,0.0,0.0,1.44373314981092,0.0,0.0,0.0,0.0,0.0,-415.14891692841144,0.0,0.0,43.3119944943276,0.0,0.0,0.0,0.0,0.0,0.0,0.0,0.0,0.0,0.0,219.73618540122197,38.235326652503346,0.0,43.3119944943276,43.3119944943276,1000.0,143.6536794330599,0.0,121.1253370037816,0.0,0.0,0.0,0.0,0.0,-319.8224789025712,0.0,-303.4673885371304,0.144373314981092,0.0,0.0,0.0,168.60938008828634,66.48407398304228,0.0,-121.3198364796927,0.0,0.0,0.0,0.0,0.0,0.0,0.0,0.0,0.0,0.0,0.0,0.0,0.0,0.0,0.144373314981092,0.0,0.0,0.0,-985.5337000069102,985.5337000069102,0.0,0.0,0.0,0.0,-16.010074514613372,421.08905763967584,0.0,0.0,-1000.0,-10.827998623581898,-0.24450851868031265,-6.974157230374281,0.0,828.125,828.125,-828.125,0.0,0.0,0.0,0.0,0.0,0.0,0.0,0.0,0.0,0.0,0.0,199.94864604324107,0.0,0.0,0.0,-0.144373314981092,0.0,0.0,0.144373314981092,0.0,0.144373314981092,0.0,0.0,0.0,86.6239889886552,176.13544427693222,176.13544427693222,0.0,0.0,0.0,0.0,0.0,0.0,0.0,703.8746629962184,0.0,0.0,0.0,0.0,0.0,901.104279237952,0.0,0.0,0.0,0.0,0.0,0.0,0.0,0.0,0.0,0.0,0.0,0.0,0.0,155.41829518690972,0.0,0.0,0.0,0.216559972471638,0.0,0.0,0.0,-43.3119944943276,0.0,0.0,0.0,0.0,0.0,-235.62481327063634,7.218665749054599,0.0,0.0,0.0,-15.625,0.0,-0.24450851868031265,-6.974157230374281,0.0,0.0,0.0,0.0,0.0,0.0,0.0,0.0,0.0,0.0,682.9064463651123,235.62481327063634,0.0,1000.0,0.0,420.8445491209955,0.0,0.0,-420.8445491209955,0.0,-1000.0,0.0,7.218665749054594,427.85057044272145,0.0,0.0,0.0,-25.428953212001375,0.0,0.0,0.0,0.0,0.0,0.0,0.0,0.0,0.0,691.9302596545667,-109.72371938562992,176.13544427693222,0.0,0.0,0.0,0.0,0.0,0.0,0.0,0.0,0.0,4.648820742389091,0.0,0.0,158.38508975575215,-455.18201512018265,0.0,0.0,43.3119944943276,0.0,0.0,0.0,0.0,299.4198625312662,0.0,0.0,0.15881064647930998,0.0,0.0,0.0,88.06772213846611,0.0,0.0,0.0,0.0,661.6239889886551,0.0,0.0,0.0,0.0,0.0,0.0,0.0,0.0,0.0,0.0,410.30482839221264,0.014437331498108996,0.0,0.0,0.0,0.0,0.0,0.0,0.0,0.0,0.0,0.0,0.0,0.0,0.0,0.0,0.0,235.62481327063634,0.0,0.0,0.0,0.0,0.0,0.0,0.0,0.0,0.0,0.0,0.0,0.0,0.0,1000.0,-289.00108854404067,0.0,0.0,0.0,86.6239889886552,0.0,0.0,0.0,0.0,0.0,0.0,-86.6239889886552,0.0,0.0,0.0,0.0,0.0,0.0,0.0,0.0,0.0,0.0,0.0,0.0,749.9488956846927,-1000.0,1000.0,0.0,-43.3119944943276,0.0,578.5779576190803,0.0,0.0,0.0,0.0,0.0,0.0,0.0,0.0,0.0,0.0,0.0,0.0,0.0,0.0,0.0,0.0,0.0,-18.046664372636492,0.0,-10.827998623581898,1000.0,0.0,0.0,0.0,0.0,0.0,0.0,-1.8046664372636498,25.428953212001375,0.0,0.0,0.0,0.0,0.0,0.0,0.0,1000.0,43.3119944943276,43.3119944943276,0.0,0.0,0.0,0.0,533.76513562014,0.15881064647930998,235.62481327063634,0.0,0.0,-578.5779576190803,410.2903910607145,0.0,0.0,0.0,0.0,0.0,0.0,0.0,0.0,0.0,0.0,0.0,0.0,0.0,0.0,0.0,0.0,5.514051775882194,0.0,151.5919807301466,11.116745253543968,0.0,0.0,0.0,0.0,0.0,235.62481327063634,0.0,0.0,0.0,0.0,0.0,-18.046664372636492,0.0,0.0,0.0,0.0,0.0,0.0,0.0,0.0,0.0,0.0,0.0,0.0,0.0,0.0,0.0,0.0,0.0,0.0,-0.144373314981092,0.0,0.0,7.218665749054599,-433.15854382102634,0.0,0.0,0.0,0.0,0.0,0.0,0.0,0.0,-888.6737368180799,3.6093328745272997,0.0,0.0,0.0,0.144373314981092,0.0,144.37331498109197,-39.24167586825632,28.8746629962184,1.031237964150657,413.829652349011,-0.108279986235819,7.218665749054608,2.88746629962184,-0.7218665749053343,-413.829652349011,43.3119944943276,-0.144373314981092,22.161357994347426,121.1253370037816,0.036093328745273,1.031237964150657,-66.48407398304228,-22.984231744987653,-2.88746629962184,-256.74716400121855,-0.144373314981092,0.036093328745273,-413.829652349011,14.437331498109199,0.144373314981092,0.144373314981092,-235.32162930917593,0.1588106464791963,-22.919796291681678,-0.108279986235819,43.3119944943276,0.144373314981092,43.3119944943276,-72.186657490546,-0.072186657490546,-587.2653354139562,-170.0,-0.108279986235819,-0.144373314981092,-39.24167586825632,0.144373314981092,14.437331498109199,-2.88746629962184,155.41829518690972,155.41829518690972,-14.437331498109199,256.74716400121855,-155.41829518690972,28.874662996218397,0.216559972471638,-255.76319288304572,14.437331498109199,-262.09034615301044,121.1253370037816,-28.874662996218397,0.072186657490546,1.44373314981092,233.1837740776487,264.49947626685474,-0.144373314981092,-268.10880914138204,235.32162930917593,44.75572764413851,0.144373314981092,22.984231744987653,-52.12264097352859,121.1253370037816,-0.144373314981092,-0.036093328745273,-121.1253370037816,-0.144373314981092,-85.5626685018908,0.14437331498129424,-0.036093328745273,-0.036093328745273,-0.036093328745273,57.749325992436795,72.186657490546,1.44373314981092,404.6417198244089,-0.036093328745273,444.20619016095,7.218665749054599,50.0,0.144373314981092,0.072186657490546,0.072186657490546,75.0,39.24167586825632,0.144373314981092,-39.24167586825632,1.44373314981092,0.144373314981092,-1000.0,0.144373314981092,0.5774932599242675,0.7218665749053343,0.072186657490546,0.036093328745273,43.3119944943276,-0.144373314981092,22.919796291681678,1.44373314981092,-809.2834396488178,3.60933287452729,-14.437331498109199,28.874662996218397,7.218665749054599,-0.144373314981092,66.48407398304228,0.216559972471638,-0.144373314981092,-150.0,39.24167586825632,179.13402508364726,0.072186657490546,-100.0,-0.144373314981092,-0.14437331498129424,-0.144373314981092,0.072186657490546,413.829652349011,-28.874662996218397,0.144373314981092,466.3675481552974,-0.036093328745273,-0.1588106464791963,-466.3675481552974,21.655997247163796,170.0,211.0585013862478,413.829652349011,-0.108279986235819,268.10880914138204,-264.49947626685474,0.144373314981092,-0.036093328745273004,7.218665749054594,144.373314981092,-0.072186657490546,-0.144373314981092,0.036093328745273,0.0,0.0,-44.308993774444815,595.3582801755911,-255.0,0.0,-20.550193698323937,-140.0,0.0,-80.0,175.0471403427102,-325.0,-300.0,40.0,127.5,-87.5235701713551,0.0,70.0,-235.62481327063634,-478.55388761491344,300.0,325.0,-478.55388761491344,20.550193698323937,8.567557888547725,0.0,1496.5981,hplb
365,0.0,0.0,0.0,0.0,0.0,0.0,0.0,0.0,-0.13353970098798515,0.0,0.0,0.0,0.0,0.0,0.0,0.0,463.32399089073397,-467.7236968155495,0.0,232.72208261710284,0.0,0.0,0.0,155.67225502333665,0.0,0.0,0.0,0.0,0.0,688.9190525878876,0.0,0.0,27.85652105290353,0.0,0.0,0.0,0.0,951.6141377797913,0.0,-758.3370663085099,1000.0,0.0,-101.64257011133259,0.0,0.0,0.0,0.0,0.0,-1000.0,-509.75478700028015,0.0,0.0,0.0,0.14689367108667284,0.0,0.0,0.0,0.0,0.0,0.0,-11.760396333677209,0.0,859.6957149507307,847.9353186170534,0.0,0.0,0.0,0.0,77.89823185369346,1000.0,0.0,1.3353970098798515,0.0,0.0,0.0,0.0,0.0,0.0,0.0,0.0,0.0,0.0,0.0,0.0,80.12382059279109,0.0,0.0,389.77118276744625,0.0,319.2594443860403,0.0,0.0,0.0,0.0,40.061910296395546,0.0,40.061910296395546,-1.8051829638979484,0.0,0.0,0.0,484.9239967006257,688.9190525878876,0.0,0.0,0.0,0.0,358.9196799270501,0.0,0.0,0.0,0.0,0.0,0.0,0.0,0.0,0.0,0.0,0.0,0.0,0.0,0.0,0.0,0.0,-1000.0,0.0,0.0,40.061910296395546,0.0,41.3973073062754,0.0,0.0,-261.3771526756184,261.3771526756184,0.0,0.0,0.0,0.0,0.0,0.0,0.0,0.0,0.0,0.0,0.0,10.28255697607483,0.13353970098798515,0.03338492524699629,0.0,0.0,-760.7950728656714,741.8461031839554,0.0,0.0,0.0,0.0,622.3488373957267,0.0,0.0,0.0,0.0,0.0,427.0712102139989,427.0712102139989,0.0,0.0,0.0,0.0,-425.3669353178777,0.0,0.0,427.20474991498685,0.0,0.0,0.0,-112.50110878071143,0.0,0.0,0.0,0.0,0.0,0.0,0.0,0.0,0.0,0.0,-321.969872352387,0.0,0.0,0.0,0.0,-1000.0,0.0,0.0,0.0,0.0,0.0,509.75478700028015,101.64257011133259,-319.2594443860403,319.2594443860403,0.0,0.0,0.0,0.0,0.0,0.0,0.0,0.0,382.4282032900243,0.0,0.0,0.0,0.0,0.0,0.0,0.0,0.0,0.0,0.0,0.0,0.0,0.0,57.23979132834123,-27.63514992308992,-253.88561358995435,0.0,0.0,0.0,0.0,123.48874052343297,0.0,0.0,0.0,0.0,-11.760396333677209,-253.88561358995435,0.0,0.0,519.0154018598973,0.0,0.0,0.0,0.0,0.0,2.494795407920833,26.70794019759703,0.0,0.0,782.3831257252923,1000.0,-827.8456915072614,0.0,253.88561358995435,0.0,0.0,0.0,162.9184352053419,0.0,0.0,0.0,241.418817302234,0.0,0.0,-22.956315442723167,-22.956315442723394,467.98921417406245,0.0,0.0,490.94552961678585,-319.2594443860403,0.0,55.96775864806682,509.75478700028015,0.0,249.08702523304567,0.0,0.0,0.0,-385.2195784394863,0.0,385.2195784394863,0.0,1000.0,0.0,0.0,1000.0,0.0,0.0,0.0,-11.760396333677209,-0.2003095514819777,0.0,0.0,0.0,0.0,0.13353970098798515,0.0,0.0,0.0,833.9545537722506,463.32399089073397,0.0,-870.1514234899134,389.5997029435588,0.0,935.3742865069395,0.0,-916.7657050099319,0.0,0.0,0.0,0.0,0.0,657.9394254659926,-741.1737204560607,1000.0,711.7398399202959,-1000.0,0.0,0.0,0.0,0.0,0.0,0.0,0.0,0.0,0.0,0.0,0.0,0.0,0.0,0.0,0.0,0.0,519.0154018598973,0.0,0.0,-1000.0,0.0,47.85170341625653,0.0,0.0,0.0,0.0,638.448983045877,0.0,0.0,0.0,4.445633398584505,478.24701165122644,0.0,289.4194329002703,0.0,-940.6754519050598,663.2754886023667,-1000.0,0.0,-1000.0,-853.6940344999645,-289.4194329002703,-245.80049087501249,153.1981709310167,937.3369593803602,-6.676985049399257,0.0,0.0,1000.0,1000.0,-8.902573788496852,40.061910296395546,0.0,0.0,0.0,0.0,0.0,0.0,0.0,-57.23979132834123,57.23979132834123,57.23979132834123,228.29205980240297,0.0,0.0,-573.062329486989,0.0,0.0,0.0,0.0,0.0,-23.520792667354417,0.0,0.0,104.68762378945614,0.0,0.0,0.0,0.0,-86.64602990120149,0.26707940197616153,0.0,0.0,0.0,0.0,0.0,0.0,0.0,0.0,0.0,425.6794008502068,0.0,0.0,0.0,0.0,0.0,0.0,0.0,0.0,0.0,0.14689367108667284,0.14689367108667284,0.0,310.5318511307442,0.0,80.12382059279109,0.0,0.0,0.0,0.0,0.0,0.0,0.0,0.0,0.0,814.4001666810186,0.0,0.0,0.0,919.4499915044204,0.0,0.0,104.68762378945614,0.0,0.0,0.0,0.0,0.0,0.0,0.0,333.3333333333333,-833.9545537722506,18.948969681716022,0.0,10.28255697607483,0.0,193.97607293458617,-193.97607293458617,-317.46481345801914,0.0,814.4001666810186,0.0,0.0,727.7541367798171,0.0,0.0,57.23979132834123,0.0,0.0,0.0,0.0,0.0,0.0,0.0,0.0,0.0,0.0,0.0,0.0,0.0,80.12382059279109,0.0,0.0,0.0,0.0,0.0,0.0,0.0,0.0,0.0,0.0,0.0,0.0,1.3353970098798515,0.0,0.0,0.0,0.0,0.0,101.64257011133259,0.0,0.0,40.061910296395546,-919.4499915044204,0.0,0.0,0.0,0.0,0.0,0.0,0.0,0.0,0.0,0.0,223.8453692841036,0.0,40.061910296395546,40.061910296395546,-290.97154287378163,0.0,0.0,104.68762378945614,0.0,0.0,0.0,0.0,0.0,-400.6588925081835,0.0,-130.65367654778754,0.13353970098798515,0.0,0.0,0.0,176.35825225477558,0.0,0.0,0.0,0.0,0.0,0.0,0.0,0.0,0.0,0.0,0.0,0.0,0.0,0.0,0.0,0.0,0.0,0.13353970098798515,0.0,0.0,0.0,-1000.0,1000.0,0.0,0.0,0.0,47.85170341625653,0.0,638.448983045877,0.0,0.0,-1000.0,-10.015477574098886,-2.5935417190844605,-4.083443330314803,0.0,0.0,0.0,0.0,0.0,0.0,0.0,0.0,0.0,0.0,0.0,0.0,0.0,0.0,0.0,997.7744112609024,0.0,0.0,0.0,-0.13353970098798515,0.0,0.0,0.13353970098798515,0.0,0.13353970098798515,0.0,652.2188310034867,0.0,80.12382059279109,162.9184352053419,162.9184352053419,0.0,0.0,0.0,0.0,0.0,0.0,0.0,18.948969681716022,0.0,0.0,0.0,0.0,0.0,669.4371937210581,0.0,0.0,0.0,0.0,0.0,0.0,0.0,0.0,0.0,0.0,0.0,0.0,0.0,123.48874052343297,0.0,0.0,0.0,0.2003095514819777,0.0,0.0,0.0,-40.061910296395546,0.0,0.0,0.0,0.0,0.0,-310.5318511307442,6.676985049399257,0.0,0.0,0.0,0.0,425.3669353178777,-416.9073081123816,-4.083443330314803,0.0,0.0,0.0,0.0,0.0,0.0,0.0,0.0,0.0,919.4499915044204,0.0,253.29205980240297,0.0,108.14912303974086,0.0,0.0,221.54167493349536,0.0,-221.54167493349536,0.0,0.0,0.0,6.6769850493992635,1000.0,0.0,0.0,0.0,-23.520792667354417,0.0,0.0,0.0,0.0,0.0,-651.226335429873,0.0,0.0,0.0,642.5172010572301,-340.57828385304083,162.9184352053419,0.0,0.0,0.0,0.0,0.0,0.0,0.0,0.0,0.0,2.494795407920833,0.0,0.0,0.0,-602.0376531049824,0.0,-101.64257011133259,40.061910296395546,0.0,0.0,0.0,0.0,236.22928020518037,0.0,0.0,0.14689367108667284,0.0,0.0,0.0,81.45921760267095,0.0,0.0,0.0,0.0,-27.63514992308992,0.0,0.0,0.0,0.0,0.0,0.0,0.0,0.0,56.33290012549159,0.0,0.013353970098798129,0.013353970098798129,0.0,0.0,0.0,0.0,0.0,0.0,0.0,0.0,0.0,0.0,0.0,0.0,0.0,0.0,0.0,310.5318511307442,0.0,0.0,0.0,0.0,0.0,0.0,0.0,509.75478700028015,0.0,0.0,0.0,0.0,-683.0196068420298,1000.0,-467.7236968155495,0.0,0.0,0.0,80.12382059279109,0.0,0.0,0.0,0.0,0.0,0.0,-80.12382059279109,0.0,0.0,0.0,0.0,0.0,0.0,0.0,0.0,0.0,0.0,0.0,0.0,130.65367654778754,1000.0,760.9118888978278,0.0,-40.061910296395546,0.0,999.4658411960479,0.0,0.0,0.0,0.0,0.0,0.0,0.0,0.0,0.0,0.0,0.0,0.0,0.0,0.0,0.0,0.0,0.0,-16.69246262349815,0.0,-488.26248922532534,1000.0,0.0,0.0,0.0,0.0,0.0,0.0,-1.669246262349814,23.520792667354417,0.0,0.0,0.0,0.0,0.0,0.0,0.0,1000.0,40.061910296395546,40.061910296395546,0.0,0.0,0.0,0.0,0.0,0.14689367108667284,310.5318511307442,0.0,0.0,-999.4658411960479,0.0,0.0,0.0,0.0,0.0,0.0,0.0,0.0,0.0,0.0,0.0,0.0,0.0,0.0,326.10941550174334,0.0,0.0,0.0,0.0,140.21668603738442,10.28255697607483,0.0,0.0,0.0,0.0,0.0,310.5318511307442,0.0,412.5085834293992,0.0,0.0,0.0,-16.69246262349815,0.0,0.0,0.0,0.0,0.0,0.0,0.0,0.0,0.0,0.0,0.0,0.0,0.0,0.0,0.0,0.0,0.0,0.0,-0.13353970098798515,0.0,0.0,6.676985049399257,-814.4001666810186,0.0,0.0,0.0,0.0,0.0,0.0,0.0,0.0,-657.9394254659926,3.3384925246996286,0.0,0.0,0.0,0.13353970098798515,0.0,133.53970098798513,-41.3973073062754,26.70794019759703,0.9538550070570367,372.57576575647863,-0.10015477574098886,245.80049087501249,2.670794019759703,-0.6676985049400628,-372.57576575647863,40.061910296395546,-0.13353970098798515,0.0,104.68762378945614,0.03338492524699629,0.9538550070570367,0.0,-21.259520397293187,-2.670794019759703,-228.32237669228732,-0.13353970098798515,0.03338492524699629,-372.57576575647863,13.353970098798515,0.13353970098798515,0.13353970098798515,-310.25141775866956,0.14689367108678328,-114.502550954105,-0.10015477574098886,40.061910296395546,0.13353970098798515,40.061910296395546,-66.76985049399258,-0.06676985049399257,-507.8462864416217,-136.97625032321946,-0.10015477574098886,-0.13353970098798515,-41.3973073062754,0.13353970098798515,13.353970098798515,-2.670794019759703,123.48874052343297,123.48874052343297,-13.353970098798515,228.32237669228732,-123.48874052343297,26.70794019759703,0.2003095514819777,158.91257680922968,13.353970098798515,-333.3333333333333,104.68762378945614,-26.70794019759703,0.06676985049399257,1.3353970098798515,217.53785587247836,280.0,-0.13353970098798515,-340.57828385304083,310.25141775866956,41.3973073062754,0.13353970098798515,21.259520397293187,-55.5600173961261,104.68762378945614,-0.13353970098798515,-0.03338492524699629,-104.68762378945614,-0.13353970098798515,-86.64602990120149,0.13353970098821222,-0.03338492524699629,-0.03338492524699629,-0.03338492524699629,53.41588039519406,66.76985049399258,1.3353970098798515,98.93622596948074,-0.03338492524699629,435.0757117449567,6.676985049399257,50.0,0.13353970098798515,0.06676985049399257,0.06676985049399257,65.69778199352659,41.3973073062754,0.13353970098798515,-41.3973073062754,1.3353970098798515,0.13353970098798515,-98.93622596948074,0.13353970098798515,0.5341588039520957,0.6676985049400628,0.06676985049399257,0.03338492524699629,40.061910296395546,-0.13353970098798515,114.502550954105,1.3353970098798515,-197.8724519389615,242.46199835031285,-13.353970098798515,26.70794019759703,6.676985049399257,-0.13353970098798515,0.0,0.2003095514819777,-0.13353970098798515,-131.39556398705318,41.3973073062754,255.74642839776158,0.06676985049399257,-100.0,-0.13353970098798515,-0.13353970098821222,-0.13353970098798515,0.06676985049399257,372.57576575647863,-26.70794019759703,0.13353970098798515,435.0757117449567,-0.03338492524699629,-0.14689367108678328,-435.0757117449567,20.03095514819777,136.97625032321946,-405.6168497993604,372.57576575647863,-0.10015477574098886,340.57828385304083,-280.0,0.13353970098798515,-0.03338492524699628,11.122618447983768,133.53970098798516,-0.06676985049399257,-0.13353970098798515,0.03338492524699629,0.0,0.0,-158.97934665972366,0.0,-255.0,0.0,319.5056431164883,-30.807748444737896,0.0,-80.0,-255.0,-115.90809355562186,0.0,40.0,127.5,127.5,0.0,15.403874222368946,-310.5318511307442,-491.97570860294195,0.0,115.90809355562186,-491.97570860294195,-319.5056431164883,180.85584520690793,0.0,1496.5981,hplb
366,0.0,0.0,0.0,0.0,0.0,0.0,0.0,0.0,256.07101279719365,0.0,0.0,0.0,0.0,0.0,0.0,0.0,-508.4478453904694,771.1622389332931,0.0,0.0,0.0,0.0,0.0,311.7735449846185,0.0,0.0,0.0,0.0,0.0,-782.9169021180008,0.0,0.0,568.5707117028815,0.0,0.0,0.0,0.0,747.8452017283703,0.0,-141.47356081782894,897.3830659764102,0.0,0.0,758.3920336381267,0.0,0.0,0.0,0.0,532.9727138703437,-737.7244382456272,0.0,0.0,0.0,0.06251733710864536,0.0,0.0,0.0,11.366788565216384,0.0,0.0,30.34243235904545,0.0,-232.56004587666638,-308.2604382894091,0.0,0.0,0.0,0.0,0.0,0.0,0.0,0.5683394282608192,0.0,0.0,0.0,0.0,0.0,0.0,0.0,410.6528055654495,0.0,0.0,-309.4132811079826,0.0,34.10036569564915,0.0,0.0,0.0,112.42582694245895,-358.15927879010474,-0.01420848570652048,0.0,0.0,1000.0,17.050182847824576,0.0,102.6169340235898,0.0,0.0,0.0,0.0,2.8416971413040963,-782.9169021180008,0.0,0.0,-67.19937284106389,273.8808316413755,0.0,0.0,0.0,0.0,0.0,0.0,0.0,0.0,0.0,0.0,0.0,0.0,0.0,0.0,0.0,0.0,0.0,-380.5948969148694,0.0,0.0,102.6169340235898,0.0,17.618522276085393,17.618522276085393,0.0,-993.2907737822443,118.81464550202419,874.4761282802201,-874.4761282802201,0.0,-890.6250000000338,890.6250000000338,-106.04282477178812,0.0,0.0,0.0,0.0,0.0,313.78949470559087,0.05683394282608192,0.0,0.0,0.0,0.0,-402.7716128140009,0.0,0.0,0.0,0.0,329.4166735378516,0.0,0.0,0.0,0.0,0.0,999.9431660571739,999.9431660571739,0.0,0.0,0.0,0.0,-279.05136987502374,0.0,0.0,1000.0,0.0,0.0,0.0,-376.4172747105358,0.0,0.0,0.0,0.0,0.0,0.0,0.0,0.0,0.0,0.0,-793.1463278392414,0.0,0.0,0.0,0.0,-1000.0,0.0,0.0,0.0,0.0,0.0,737.7244382456272,0.0,245.73345184764577,-245.73345184764577,106.04282477178812,0.0,0.0,0.0,0.0,0.0,0.0,0.0,-564.5802502458512,0.0,0.0,0.0,0.0,0.0,0.0,0.0,0.0,0.0,0.0,0.0,0.0,0.0,32.62487783730458,137.1911094788234,758.3920336381267,0.0,0.0,0.0,0.0,76.63604636028084,0.0,0.0,0.0,0.0,30.34243235904545,0.0,0.0,0.0,0.0,0.0,0.0,0.0,0.0,0.0,154.60004064749148,0.0,85.56675117576523,0.0,-866.6923750948133,-1000.0,778.7061657179895,0.0,-758.3920336381267,0.0,0.0,106.04282477178812,-930.6625897521801,0.0,0.0,0.0,327.78669666106214,0.0,0.0,-527.4543941075062,-1000.0,0.0,472.54560589249377,0.0,1000.0,358.15927879010474,0.0,483.92297691059525,737.7244382456272,0.0,11.124873904870356,0.0,0.0,0.0,0.0,0.0,0.0,0.0,999.8863321143479,0.0,0.0,0.0,0.0,0.0,0.0,30.34243235904545,-0.08525091423912287,0.0,0.0,0.0,0.0,0.05683394282608192,0.0,0.0,0.0,560.1041541968498,-508.4478453904694,0.0,-60.94861860292603,-488.89962990063344,0.0,1000.0,0.0,43.824653313191675,0.0,-67.19937284106389,0.0,0.0,0.0,956.1753466868083,0.0,-1000.0,-806.4349320121081,-1000.0,0.0,0.0,0.0,0.0,0.0,0.0,0.0,0.0,0.0,0.0,0.0,0.0,0.0,0.0,0.0,0.0,0.0,-251.92746250032542,0.0,-1000.0,0.0,0.0,152.76998768849057,0.0,0.0,0.0,-468.3895353530821,0.0,309.4132811079826,0.0,0.0,0.0,0.0,482.63936129142087,0.0,0.0,0.0,-490.8936280020863,-471.3251450194528,0.0,-37.595653179453194,-482.63936129142087,-2.8416971413040963,0.0,-1.420848570652048,468.48344787814875,0.0,0.0,0.0,0.0,-249.0277123805295,102.6169340235898,0.0,0.0,0.0,0.0,0.0,256.1278467400197,0.0,-32.62487783730458,32.62487783730458,32.62487783730458,-1000.0,0.0,0.0,0.0,0.0,0.0,0.0,0.0,0.0,-45.35796005369722,0.0,0.0,0.0,0.0,0.0,0.0,0.0,-94.31660571739181,0.11366788565220179,0.0,0.0,0.0,0.0,0.0,0.0,0.0,0.0,0.0,0.0,0.0,0.0,0.0,0.0,0.0,0.0,0.0,0.0,0.0,0.06251733710864536,0.06251733710864536,0.0,232.9514375791297,0.0,34.10036569564915,0.0,138.17046266287326,0.0,1000.0,0.0,0.0,0.0,0.0,0.0,-630.4329928465015,-1000.0,0.0,0.0,957.2451755080925,0.0,0.0,0.0,0.0,0.0,0.0,0.0,0.0,0.0,0.0,126.8649656382898,-560.1041541968498,128.8907811726254,0.0,4.3762135976082845,0.0,1000.0,0.0,-182.67887113206896,0.0,-630.4329928465015,0.0,0.0,-724.7495985638933,0.0,0.0,32.62487783730458,0.0,0.0,0.0,0.0,0.0,0.0,0.0,0.0,0.0,0.0,0.0,0.0,0.0,34.10036569564915,106.04282477178812,106.04282477178812,0.0,0.0,0.0,0.0,0.0,0.0,0.0,0.0,0.0,0.0,0.5683394282608192,0.0,0.0,0.0,0.0,0.0,0.0,0.0,0.0,102.6169340235898,-957.2451755080925,0.0,0.0,0.0,0.0,0.0,0.0,0.0,0.0,0.0,661.7662612704236,0.0,0.0,17.050182847824576,17.050182847824576,1000.0,-1000.0,0.0,0.0,0.0,0.0,0.0,0.0,0.0,589.351834130109,0.0,1000.0,0.05683394282608192,0.0,0.0,-554.0669584265838,558.6502099587728,497.02611468040175,0.0,-1000.0,0.0,0.0,0.0,0.0,0.0,0.0,0.0,0.0,0.0,0.0,0.0,0.0,0.0,0.0,0.05683394282608192,0.0,0.0,0.0,0.0,0.0,0.0,0.0,0.0,0.0,0.0,634.5237935178922,0.0,-640.7300600745011,-748.0725374996746,-4.262545711956144,-2.841697141304096,0.0,0.0,0.0,0.0,0.0,0.0,0.0,0.0,0.0,0.0,0.0,0.0,106.04282477178812,0.0,0.0,0.0,-246.18601523922538,0.0,0.0,0.0,256.07101279719365,0.0,0.0,0.05683394282608192,0.0,0.05683394282608192,0.0,0.0,0.0,34.10036569564915,69.33741024781995,69.33741024781995,0.0,0.0,0.0,0.0,0.0,0.0,309.4132811079826,128.8907811726254,0.0,0.0,0.0,0.0,961.0687491641339,0.0,0.0,0.0,0.0,0.0,0.0,0.0,0.0,0.0,0.0,0.0,0.0,0.0,0.0,182.67887113206896,0.0,0.0,0.0,0.08525091423912287,0.0,0.0,0.0,-102.6169340235898,0.0,0.0,0.0,0.0,0.0,-232.9514375791297,2.8416971413040963,0.0,0.0,0.0,0.0,279.05136987502374,518.2461941705984,0.0,0.0,0.0,0.0,0.0,0.0,0.0,0.0,106.04282477178812,0.0,957.2451755080925,-431.55750971405485,200.32655974182512,0.0,442.523992607409,429.82674183933784,0.0,49.85665881751629,950.1433411824837,-1000.0,0.0,-1000.0,138.17046266287326,2.841697141304096,1000.0,0.0,0.0,0.0,-45.35796005369722,-710.079026933217,710.079026933217,0.0,0.0,0.0,0.0,0.0,0.0,0.0,784.621236415329,0.0,69.33741024781995,0.0,-37.53895427283235,-37.53895427283235,37.53895427283235,0.0,0.0,0.0,0.0,0.0,154.60004064749148,0.0,0.0,245.7390747149981,-4.583251532189024,-211.49266461178985,0.0,17.050182847824576,0.0,0.0,0.0,0.0,-23.025685393501277,0.0,0.0,0.06251733710864536,0.0,0.0,0.0,34.66870512390997,0.0,0.0,0.0,0.0,137.1911094788234,0.0,273.8808316413755,0.0,0.0,0.0,0.0,0.0,0.0,-23.39695084195324,0.0,0.005683394282608192,0.005683394282608192,0.0,0.0,0.0,0.0,0.0,0.0,0.0,0.0,0.0,-554.0669584265838,0.0,0.0,0.0,0.0,0.0,232.9514375791297,0.0,0.0,0.0,0.0,0.0,0.0,0.0,737.7244382456272,0.0,0.0,0.0,0.0,0.0,0.0,771.1622389332931,0.0,0.0,0.0,34.10036569564915,0.0,0.0,0.0,0.0,0.0,-34.10036569564915,0.0,0.0,0.0,0.0,0.0,0.0,0.0,0.0,0.0,0.0,0.0,0.0,0.0,-1000.0,-1000.0,1000.0,-787.1156432998165,684.4987092762267,0.0,747.8452017283703,0.0,0.0,0.0,0.0,0.0,0.0,0.0,0.0,0.0,0.0,0.0,0.0,0.0,0.0,0.0,0.0,138.17046266287326,-7.10424285326024,106.04282477178812,-4.262545711956144,956.8062034521778,0.0,0.0,0.0,0.0,0.0,-0.710424285326024,0.0,45.35796005369722,0.0,0.0,0.0,0.0,0.0,0.0,0.0,1000.0,17.050182847824576,17.050182847824576,0.0,0.0,0.0,0.0,410.6528055654495,0.06251733710864536,232.9514375791297,0.0,0.0,-747.8452017283703,0.0,0.0,0.0,0.0,0.0,0.0,0.0,0.0,0.0,0.0,0.0,0.0,0.0,0.0,0.0,0.0,0.0,17.618522276085393,0.0,59.67563996738602,0.0,0.0,313.78949470559087,0.0,0.0,0.0,232.9514375791297,0.0,-368.31790362341195,0.0,0.0,0.0,-7.10424285326024,0.0,0.0,0.0,0.0,0.0,0.0,0.0,0.0,0.0,0.0,0.0,0.0,0.0,0.0,0.0,0.0,0.0,0.0,-0.05683394282608192,0.0,0.0,2.8416971413040963,630.4329928465015,0.0,0.0,0.0,0.0,106.04282477178812,0.0,0.0,0.0,-956.1753466868083,1.420848570652048,0.0,0.0,0.0,0.05683394282608192,0.0,56.833942826081916,0.0,11.366788565216384,0.40595673447201375,193.80374503693932,-0.042625457119561436,2.8416971413040963,1.1366788565216384,-0.2841697141303712,-193.80374503693932,17.050182847824576,-0.05683394282608192,22.399790947021298,0.0,0.01420848570652048,0.40595673447201375,-67.19937284106389,-9.047963697913076,-1.136678856521641,-262.7143935428237,-0.05683394282608192,0.01420848570652048,-193.80374503693932,5.683394282608192,0.05683394282608192,0.05683394282608192,-232.83208629919497,0.0625173371086901,-31.462457057743805,-0.042625457119561436,17.050182847824576,0.05683394282608192,102.6169340235898,57.14977976272428,-0.02841697141304096,-163.55547079797998,-82.37627458571512,-0.042625457119561436,-0.05683394282608192,0.0,0.05683394282608192,5.683394282608192,-1.1366788565216384,182.67887113206896,182.67887113206896,-5.683394282608192,262.7143935428237,-182.67887113206896,11.366788565216384,0.08525091423912287,284.89426718178777,5.683394282608192,-126.8649656382898,0.0,-11.366788565216384,0.02841697141304096,0.5683394282608192,15.237154650731508,211.6933483070415,-0.05683394282608192,-245.7390747149981,232.83208629919497,17.618522276085393,0.05683394282608192,9.047963697913076,-153.76748256706364,0.0,-0.05683394282608192,-0.01420848570652048,0.0,-0.05683394282608192,-368.1974373587673,0.05683394282601136,-0.01420848570652048,-0.01420848570652048,-0.01420848570652048,22.733577130432767,-57.14977976272428,0.5683394282608192,42.10684739127464,-0.01420848570652048,8.074518354441718,2.841697141304096,50.0,0.05683394282608192,0.02841697141304096,0.02841697141304096,5.683394282608192,0.0,0.05683394282608192,0.0,0.5683394282608192,0.05683394282608192,-42.10684739127464,0.05683394282608192,0.22733577130428925,0.2841697141303712,0.02841697141304096,0.01420848570652048,17.050182847824576,-0.05683394282608192,31.462457057743805,0.5683394282608205,-84.21369478254928,1.4208485706520484,-5.683394282608192,11.366788565216384,2.841697141304096,-0.05683394282608192,67.19937284106389,0.08525091423912287,-0.05683394282608192,-11.366788565216384,0.0,237.59740200267902,0.02841697141304096,-100.0,-0.05683394282608192,-0.05683394282601136,-0.05683394282608192,0.02841697141304096,193.80374503693932,-11.366788565216384,0.05683394282608192,30.474309301463016,-0.01420848570652048,-0.0625173371086901,-30.474309301463016,8.525091423912286,82.37627458571512,-750.530556744219,193.80374503693932,-0.042625457119561436,245.7390747149981,-211.6933483070415,0.05683394282608192,-0.014208485706520477,2.841697141304096,56.833942826081916,-0.02841697141304096,-0.05683394282608192,0.01420848570652048,1000.0,0.0,-284.9226841532008,0.0,-255.0,0.0,685.4752727432523,-140.0,0.0,-80.0,558.8064695954458,-325.0,0.0,40.0,127.5,-279.4032347977229,0.0,70.0,-232.9514375791297,-214.57171660917774,0.0,325.0,-214.57171660917774,-685.4752727432523,416.77968051385386,0.0,1496.5981,hplb
367,0.0,0.0,0.0,0.0,0.0,0.0,0.0,0.0,-0.0683072047354891,0.0,0.0,0.0,0.0,0.0,0.0,0.0,-651.7801268231451,0.0,0.0,853.6903649190413,0.0,0.0,0.0,721.5646897261693,0.0,0.0,0.0,0.0,0.0,-963.2222653942748,0.0,0.0,93.05505773649347,0.0,0.0,0.0,0.0,863.4929289085676,0.0,-1000.0,635.97732983395,0.0,0.0,0.0,0.0,0.0,294.3611262221879,0.0,1000.0,-436.00803563417645,0.0,384.99760778258013,0.0,0.07513792520912806,0.0,0.0,0.0,13.66144094709782,0.0,0.0,83.76306280117518,0.0,289.869545105097,0.0,0.0,0.0,0.0,0.0,0.0,0.0,0.0,0.683072047354891,0.0,0.0,0.0,0.0,0.0,0.0,0.0,0.0,0.0,0.0,0.0,0.0,40.98432284129346,0.0,34.765552003877026,84.24274110065505,-266.19015614357215,218.82761045574554,-0.017076801183872274,0.0,0.0,14.763163928172258,20.49216142064673,0.0,20.49216142064673,0.0,0.0,0.0,0.0,3.415360236774455,-963.2222653942748,0.0,0.0,-45.43535303885213,0.0,0.0,0.0,0.0,0.0,0.0,0.0,0.0,0.0,0.0,0.0,0.0,0.0,0.0,0.0,0.0,0.0,0.0,-427.8056394351372,0.0,0.0,20.49216142064673,0.0,21.17523346800162,19.16292683046791,0.0,0.0,0.0,0.0,0.0,0.0,0.0,0.0,-373.6326079062722,0.0,0.0,0.0,0.0,0.0,40.02520676850968,0.0683072047354891,0.0,0.0,0.0,-1000.0,887.4369543379544,0.0,0.0,0.0,0.0,385.1969286275398,0.0,0.0,0.0,0.0,0.0,810.0038369941786,810.0038369941786,0.0,0.0,0.0,0.0,644.8353128440127,0.0,0.0,810.0721441989141,0.0,0.0,0.0,-1000.0,-795.0118407905879,0.0,0.0,0.0,0.0,0.0,0.0,0.0,0.0,0.0,-1000.0,0.0,0.0,0.0,0.0,-1000.0,0.0,0.0,0.0,0.0,0.0,436.00803563417645,-384.99760778258013,300.7548666819251,-300.7548666819251,373.6326079062722,0.0,0.0,0.0,0.0,0.0,0.0,0.0,-584.6367958769883,0.0,0.0,0.0,0.0,0.0,0.0,0.0,0.0,0.0,0.0,0.0,0.0,0.0,65.79926769491962,39.88592755624126,1000.0,0.0,0.0,0.0,0.0,-373.6326079062722,0.0,0.0,0.0,0.0,83.76306280117518,1000.0,0.0,0.0,0.0,0.0,0.0,0.0,0.0,0.0,693.3777673699578,0.0,0.0,0.0,-433.05497717450277,-1000.0,1000.0,0.0,-1000.0,0.0,0.0,373.6326079062722,-916.6652102227033,0.0,0.0,0.0,69.19281139580073,0.0,0.0,-1000.0,0.0,0.0,-468.7500000000169,-531.2499999999832,531.2499999999832,34.5647105383529,0.0,455.20009828289176,436.00803563417645,0.0,228.9029548729504,0.0,0.0,0.0,-1000.0,0.0,1000.0,0.0,1000.0,0.0,0.0,0.0,0.0,0.0,0.0,83.76306280117518,-0.10246080710323364,0.0,0.0,0.0,0.0,0.0683072047354891,0.0,0.0,0.0,286.13007120939545,-651.7801268231451,0.0,-620.5140853173311,110.75877666204354,795.0118407905879,520.1309322016946,0.0,-129.45609649638413,0.0,-45.43535303885213,0.0,0.0,0.0,947.3283144284643,0.0,-817.8722179320802,-669.1086703081558,-1000.0,0.0,0.0,0.0,0.0,0.0,0.0,0.0,0.0,0.0,0.0,0.0,0.0,0.0,0.0,0.0,0.0,0.0,-78.19230129408149,0.0,-1000.0,0.0,58.04154097840928,691.1782753774753,0.0,0.0,0.0,-733.4029741384675,0.0,0.0,0.0,0.0,0.0,452.6416716439616,0.0,-507.97050747970775,0.0,-452.6416716439616,37.76237819331769,0.0,0.0,-227.31299800044587,0.0,504.55514724293334,0.0,-1.7076801183872274,-3.415360236774455,0.0,0.0,-1000.0,0.0,208.33510110938767,20.49216142064673,0.0,0.0,0.0,0.0,0.0,0.0,0.0,-65.79926769491962,65.79926769491962,65.79926769491962,-379.41307990107094,0.0,0.0,0.0,0.0,0.0,0.0,0.0,0.0,-136.5753782961678,0.0,0.0,136.33855905290218,0.0,0.0,0.0,0.0,-93.16927952645109,0.13661440947096315,0.0,0.0,0.0,0.0,0.0,0.0,0.0,0.0,0.0,0.0,0.0,0.0,0.0,0.0,0.0,0.0,0.0,0.0,0.0,0.07513792520912806,0.07513792520912806,0.0,332.1378267478218,0.0,40.98432284129346,0.0,0.0,0.0,1000.0,0.0,363.787382854292,34.765552003877026,0.0,0.0,298.9656262970061,-1000.0,0.0,0.0,0.0,0.0,0.0,136.33855905290218,0.0,0.0,0.0,0.0,0.0,0.0,0.0,142.6018798117124,-286.13007120939545,112.56304566204562,0.0,40.02520676850968,0.0,0.0,14.763163928172258,14.763163928172258,0.0,298.9656262970061,0.0,205.79634677055503,0.0,-265.62500000006094,265.62500000006094,65.79926769491962,0.0,0.0,0.0,0.0,0.0,0.0,0.0,0.0,0.0,0.0,0.0,0.0,0.0,40.98432284129346,373.6326079062722,373.6326079062722,0.0,0.0,0.0,0.0,0.0,0.0,0.0,0.0,0.0,0.0,0.683072047354891,0.0,0.0,34.765552003877026,-34.765552003877026,0.0,-384.99760778258013,0.0,0.0,20.49216142064673,0.0,0.0,0.0,0.0,0.0,0.0,0.0,0.0,0.0,0.0,1000.0,-659.7734799159158,0.0,20.49216142064673,20.49216142064673,1000.0,-1000.0,0.0,136.33855905290218,0.0,0.0,0.0,0.0,0.0,632.3309357024306,0.0,1000.0,0.0683072047354891,0.0,0.0,13.557714703446731,0.0,0.0,0.0,-14.763163928172258,0.0,0.0,0.0,0.0,0.0,0.0,0.0,0.0,0.0,0.0,0.0,0.0,0.0,0.0,0.0683072047354891,0.0,0.0,0.0,-1000.0,1000.0,0.0,0.0,0.0,58.04154097840928,-733.4029741384675,691.1782753774753,0.0,0.0,-921.8076987059185,-5.123040355161683,-3.415360236774455,0.0,0.0,0.0,0.0,0.0,0.0,0.0,0.0,0.0,0.0,0.0,0.0,373.6326079062722,795.0118407905879,0.0,0.0,-788.2495386538378,0.0,0.0,0.0,-0.0683072047354891,0.0,0.0,0.0683072047354891,0.0,0.0683072047354891,0.0,0.0,0.0,40.98432284129346,83.33478977729669,83.33478977729669,0.0,0.0,0.0,0.0,0.0,0.0,0.0,112.56304566204562,0.0,0.0,0.0,0.0,953.2095647561899,0.0,0.0,0.0,0.0,0.0,0.0,0.0,0.0,0.0,0.0,0.0,0.0,0.0,0.0,0.0,0.0,0.0,0.0,0.10246080710323364,0.0,0.0,0.0,-20.49216142064673,0.0,0.0,0.0,0.0,0.0,-332.1378267478218,3.415360236774455,0.0,0.0,0.0,0.0,-644.8353128440127,0.0,0.0,0.0,0.0,0.0,0.0,0.0,0.0,0.0,373.6326079062722,0.0,0.0,0.0,266.33855905290216,0.0,423.9016047149478,-45.43535303885213,0.0,0.0,0.0,0.0,0.0,-1000.0,0.0,3.415360236774455,661.4258124102352,0.0,0.0,0.0,-206.10648230392184,453.12500000000216,-453.12500000000216,734.3750000000007,-734.3750000000007,0.0,0.0,0.0,0.0,0.0,989.7539192896766,0.0,83.33478977729669,0.0,0.0,0.0,0.0,0.0,0.0,0.0,0.0,0.0,693.3777673699578,0.0,0.0,347.50694781330685,-13.557714703446731,758.8259203512748,0.0,20.49216142064673,34.765552003877026,0.0,0.0,0.0,98.51769447162883,0.0,0.0,0.07513792520912806,0.0,0.0,0.0,41.667394888648346,0.0,0.0,0.0,0.0,39.88592755624126,0.0,0.0,0.0,0.0,0.0,0.0,0.0,0.0,-850.1976870432585,0.0,0.006830720473549105,0.006830720473549105,0.0,0.0,0.0,0.0,0.0,0.0,0.0,0.0,0.0,13.557714703446731,0.0,0.0,0.0,0.0,0.0,332.1378267478218,0.0,0.0,0.0,0.0,0.0,0.0,0.0,436.00803563417645,0.0,0.0,0.0,69.53110400775405,0.0,620.3326017730628,0.0,0.0,0.0,0.0,40.98432284129346,0.0,0.0,0.0,0.0,0.0,0.0,-40.98432284129346,0.0,69.53110400775405,0.0,0.0,0.0,0.0,0.0,0.0,0.0,0.0,0.0,0.0,-1000.0,-1000.0,1000.0,-20.49216142064673,0.0,0.0,921.5344698869769,0.0,0.0,0.0,0.0,0.0,0.0,0.0,0.0,0.0,0.0,0.0,0.0,0.0,0.0,0.0,0.0,0.0,-8.538400591936139,373.6326079062722,-5.123040355161683,948.0865244010283,0.0,0.0,0.0,0.0,0.0,-0.8538400591936137,0.0,136.5753782961678,0.0,0.0,0.0,0.0,0.0,0.0,0.0,1000.0,20.49216142064673,20.49216142064673,0.0,0.0,0.0,0.0,0.0,0.07513792520912806,332.1378267478218,0.0,0.0,-921.5344698869769,0.0,0.0,0.0,0.0,0.0,0.0,0.0,0.0,0.0,0.0,0.0,0.0,0.0,0.0,0.0,0.0,0.0,19.16292683046791,0.0,71.72256497226356,40.02520676850968,0.0,0.0,0.0,0.0,0.0,332.1378267478218,0.0,687.7629151407009,0.0,0.0,0.0,-8.538400591936139,0.0,0.0,0.0,0.0,0.0,0.0,0.0,0.0,0.0,0.0,0.0,0.0,0.0,0.0,0.0,0.0,0.0,0.0,-0.0683072047354891,0.0,0.0,3.415360236774455,-298.9656262970061,0.0,0.0,0.0,0.0,373.6326079062722,0.0,0.0,0.0,-947.3283144284643,1.7076801183872274,0.0,0.0,0.0,0.0683072047354891,0.0,68.3072047354891,-2.0123066375336975,13.66144094709782,0.48790860525349355,228.9029548729504,-0.05123040355161682,3.415360236774461,1.366144094709782,-0.3415360236770504,-228.9029548729504,20.49216142064673,-0.0683072047354891,15.145117679617377,136.33855905290218,0.017076801183872274,0.48790860525349355,-45.43535303885213,-45.64005899776657,-1.366144094709782,-201.91023809589615,-0.0683072047354891,0.017076801183872274,-228.9029548729504,241.75434133087322,0.0683072047354891,0.0683072047354891,-331.9943816178772,-34.690414078667985,-95.35363118524032,-0.05123040355161682,20.49216142064673,0.0683072047354891,20.49216142064673,-34.153602367744554,-0.03415360236774455,-198.97259136459527,366.7335802279878,-0.05123040355161682,-0.0683072047354891,-2.0123066375336975,0.0683072047354891,6.83072047354891,-1.366144094709782,0.0,0.0,-6.830720473548922,201.91023809589615,0.0,13.66144094709782,0.10246080710323364,-1000.0,6.83072047354891,-142.6018798117124,136.33855905290218,-13.66144094709782,0.03415360236774455,0.683072047354891,155.12852132933278,280.0,-0.0683072047354891,-347.50694781330685,331.9943816178772,21.17523346800162,0.0683072047354891,45.64005899776657,-180.55370748700875,136.33855905290218,-0.0683072047354891,-0.017076801183872274,-136.33855905290218,-0.06830720473548912,-93.16927952645109,0.0683072047354891,-0.017076801183872274,-0.017076801183872274,-0.017076801183872274,27.32288189419564,34.153602367744554,0.683072047354891,50.607100308405165,-0.017076801183872274,295.1119249790482,3.415360236774455,50.0,0.0683072047354891,0.03415360236774455,0.03415360236774456,75.0,2.0123066375336975,0.0683072047354891,-2.0123066375336975,0.683072047354891,0.0683072047354891,-50.607100308405165,0.0683072047354891,0.27322881894156126,0.3415360236770504,0.03415360236774455,0.017076801183872274,20.49216142064673,-0.0683072047354891,95.35363118524032,0.683072047354891,-101.21420061681033,1.7076801183872021,-6.83072047354891,13.66144094709782,3.415360236774455,-0.0683072047354891,45.43535303885213,0.10246080710323364,-0.0683072047354891,-150.0,2.0123066375336975,11.160022209190496,0.03415360236774455,-100.0,-0.0683072047354891,-0.0683072047354891,-0.0683072047354891,0.03415360236774455,228.9029548729504,-13.66144094709782,0.0683072047354891,310.25704265866557,-0.017076801183872274,34.690414078667985,-310.25704265866557,10.246080710323364,-366.7335802279878,606.9107675568641,228.9029548729504,-0.05123040355161682,347.50694781330685,-280.0,0.0683072047354891,-0.017076801183872274,3.415360236774455,68.3072047354891,-0.03415360236774455,-0.0683072047354891,0.017076801183872274,0.0,0.0,746.5735254035338,0.0,-255.0,0.0,-124.37395967468672,-140.0,234.9236208573243,-80.0,411.18699199282526,-325.0,-253.39232099409844,40.0,127.5,-205.59349599641263,-234.9236208573243,70.0,-332.1378267478218,-109.67771668081933,253.39232099409844,325.0,-109.67771668081933,124.37395967468672,24.674513669386556,0.0,1496.5981,hplb
368,0.0,0.0,0.0,0.0,0.0,0.0,0.0,0.0,-0.00668944405358013,0.0,0.0,0.0,0.0,0.0,0.0,0.0,655.2378738053924,-427.18465974592027,0.0,0.0,0.0,0.0,0.0,0.0,0.0,0.0,0.0,0.0,0.0,561.7696754768065,7.9622893781012545,-7.9622893781012545,0.0,0.0,0.0,0.0,0.0,779.318279000853,0.0,-1000.0,1000.0,0.0,0.0,-976.5227802171555,0.0,0.0,0.0,0.0,-596.2787349668469,-728.1896732390093,0.0,0.0,0.0,0.007358388458944759,0.0,0.0,0.0,1.337888810716026,0.0,0.0,-6.175275931218728,0.0,0.0,-6.175275931218728,0.0,0.0,0.0,0.0,0.0,0.0,0.0,0.0668944405358013,0.0,0.0,0.0,0.0,0.0,0.0,0.0,0.0,0.0,0.0,0.5150871921256697,0.0,4.013666432148078,0.0,0.0,0.0,-583.5250047388342,0.0,838.5036590963944,0.0,0.0,-1000.0,2.006833216074039,0.0,2.006833216074039,-8.177689476626522,0.0,0.0,0.5150871921256697,0.3344722026790065,-55.67588717724183,0.0,0.0,-49.66552779732099,0.0,195.70951581219435,0.0,0.0,0.0,0.0,0.0,0.0,0.0,0.0,0.0,0.0,0.0,0.0,0.0,0.0,0.0,0.0,-173.40239225507787,0.0,0.0,2.006833216074039,0.0,2.0737276566098406,0.0,0.0,-521.2933291342143,521.2933291342143,0.0,0.0,0.0,0.0,0.0,0.0,0.0,0.0,0.0,0.0,0.0,0.0,0.00668944405358013,838.5053314574078,0.0,0.0,0.0,-474.3653449312702,0.0,0.0,0.0,0.0,-15.573815007432302,0.0,0.0,0.0,0.0,0.0,301.35690851991683,301.35690851991683,0.0,0.0,0.0,0.0,-540.0306938083014,0.0,0.0,309.32588734207167,0.0,0.0,0.0,69.67982804755297,0.0,0.0,0.0,0.0,0.0,0.0,0.0,0.0,0.0,0.0,0.0,0.0,0.0,0.0,0.0,-1000.0,0.0,0.0,0.0,0.0,0.0,728.1896732390093,0.0,830.9059247790734,-830.9059247790734,0.0,0.0,0.0,0.0,0.0,0.0,0.0,617.4455626540483,-410.3037783943776,0.0,0.0,0.0,0.0,0.0,0.0,0.0,0.0,0.0,0.0,0.0,0.0,0.0,497.74952211926285,377.0411225527023,-620.7288143153521,0.0,0.0,0.0,0.0,0.0,0.0,0.0,0.0,0.0,-6.175275931218728,355.7939659018034,7.9622893781012545,0.0,0.0,0.0,0.0,0.0,0.0,0.0,0.0,0.0,0.0,0.0,655.227839639312,-759.2030898785956,234.62718981222656,0.0,620.7288143153521,0.0,0.0,0.0,304.61261273592703,0.0,0.0,0.0,58.501931849279714,0.0,0.0,-548.1281428234821,0.0,0.0,-548.1281428234821,0.0,0.0,247.3809200402392,0.0,1000.0,728.1896732390093,0.0,18.663548909488565,0.0,0.0,0.0,0.0,0.0,0.0,0.0,578.2410531970834,0.0,0.0,0.0,0.0,0.0,0.0,-6.175275931218728,-0.010034166080370195,0.0,0.0,0.0,0.0,0.00668944405358013,0.0,0.0,0.0,997.993166783926,655.2378738053924,0.0,-263.3840209785381,43.48866353755252,0.0,951.527209947077,0.0,0.0,0.0,-49.66552779732099,0.0,0.0,0.0,-0.5759611330132557,0.5759611330132557,0.0,-1000.0,-1000.0,0.0,0.0,0.0,0.0,0.0,0.0,0.0,0.0,0.0,0.0,0.0,0.0,0.0,0.0,0.0,0.0,0.0,-233.84924416783122,0.0,-1000.0,0.0,0.0,0.0,0.0,0.0,0.0,760.9788965089871,0.0,0.0,0.0,0.0,0.0,-936.6128519105889,546.050943289485,-120.6169296330455,0.0,936.0368907775756,821.8175076772603,-699.3720836030716,0.0,-9.007336418145647,-546.050943289485,0.0,387.10013039728864,-0.16723610133950326,699.0376114003926,-840.989454334821,0.0,763.7771683565318,-1000.0,0.0,2.006833216074039,0.0,0.0,0.0,59.17382752137551,0.0,0.0,497.74952211926285,0.0,0.0,0.0,68.70083966124469,0.0,0.0,-268.9285447431189,0.0,0.0,617.4455626540483,0.0,0.0,-12.350551862437456,0.0,0.0,50.47962326899704,0.0,0.0,0.0,0.0,-99.33105559464198,0.013378888107152844,0.0,0.0,0.0,0.0,0.0,0.0,0.0,0.0,0.0,0.0,0.0,0.0,0.0,0.0,0.0,0.0,0.0,0.0,0.0,0.007358388458944759,0.007358388458944759,7.9622893781012545,776.4116333085468,0.0,4.013666432148078,0.0,0.0,0.0,1000.0,0.0,0.0,0.0,0.0,0.0,-263.86863819786987,-1000.0,0.0,0.0,0.0,0.0,0.0,50.47962326899704,0.0,0.0,0.0,0.0,0.0,0.0,0.0,57.80079741835929,-997.993166783926,474.3653449312702,120.28245743036649,0.5150871921256697,0.0,0.0,-1000.0,-1000.0,0.0,-321.04385562576346,0.0,-981.6549287932036,618.4552350006917,1000.0,-1000.0,497.74952211926285,0.0,0.0,0.0,0.0,0.0,0.0,0.0,0.0,0.0,0.0,0.0,0.0,0.0,4.013666432148078,0.0,0.0,0.0,0.0,0.0,0.0,0.0,0.0,0.0,0.0,0.0,0.0,0.0668944405358013,0.0,7.9622893781012545,0.0,0.0,7.9622893781012545,0.0,0.0,0.0,2.006833216074039,0.0,0.0,0.0,0.0,120.28245743036649,0.0,0.0,0.0,0.0,0.0,1000.0,0.0,0.0,2.006833216074039,2.006833216074039,1000.0,-1000.0,0.0,50.47962326899704,0.0,0.0,0.0,0.0,0.0,55.67588717724183,617.4455626540483,121.19596490849133,0.00668944405358013,0.0,0.0,0.0,8.834366507617359,0.0,0.0,1000.0,0.0,0.0,0.0,0.0,0.0,0.0,4.398093648299506,0.0,0.0,0.0,0.0,0.0,0.0,0.0,0.00668944405358013,0.0,0.0,0.0,0.0,0.0,0.0,0.0,0.0,0.0,0.0,760.9788965089871,0.0,0.0,-766.1507558321688,-0.5017083040185097,-0.3344722026790065,0.0,0.0,0.0,0.0,0.0,0.0,0.0,0.0,0.0,0.0,0.0,0.0,0.0,0.0,0.0,0.0,764.1116405592107,0.0,0.0,0.0,-0.00668944405358013,0.0,0.0,0.00668944405358013,0.0,0.00668944405358013,13.194280944898518,0.0,0.0,4.013666432148078,8.16112174536776,8.16112174536776,0.0,0.0,0.0,0.0,0.0,0.0,0.0,474.3653449312702,0.0,617.4455626540483,0.0,0.0,0.0,0.0,0.0,0.0,0.0,0.0,0.0,0.0,0.0,0.0,0.0,0.0,0.0,0.0,0.0,0.0,0.0,0.0,0.0,0.010034166080370195,0.0,0.0,0.0,-2.006833216074039,0.0,0.0,0.0,0.0,0.0,-776.4116333085468,0.3344722026790065,0.0,0.0,0.0,0.0,540.0306938083014,0.0,0.0,0.0,0.0,0.0,0.0,0.0,0.0,0.0,0.0,0.0,0.0,0.0,278.66211118928396,0.0,590.5324021123199,-49.66552779732099,0.0,760.9788965089871,0.0,-760.9788965089871,0.0,296.45149099055925,0.0,0.3344722026790065,1000.0,0.0,150.67974433731064,-7.9622893781012545,-12.350551862437456,0.0,0.0,703.1250000000007,-703.1250000000007,0.0,-753.0166071308859,0.0,0.0,0.0,-1.0034166080370142,0.0,8.16112174536776,0.0,854.7593808324365,854.7593808324365,-846.7970914543353,0.0,0.0,0.0,0.0,0.0,0.0,0.0,0.0,777.9167582206023,-8.834366507617359,0.0,0.0,2.006833216074039,0.0,0.0,0.0,0.0,-137.33150231287598,0.0,0.0,0.007358388458944759,0.0,0.0,0.0,4.08056087268388,0.0,0.0,0.0,0.0,377.0411225527023,0.0,0.0,0.0,0.0,0.0,0.0,0.0,0.0,-537.1485835128839,0.0,0.000668944405358013,0.000668944405358013,0.0,0.0,0.0,0.0,0.0,13.194280944898518,0.0,0.0,0.0,0.0,7.9622893781012545,0.0,0.0,0.0,0.0,776.4116333085468,0.0,0.0,0.0,0.0,0.0,0.0,0.0,728.1896732390093,0.0,0.0,0.0,0.0,1000.0,714.197012643938,-427.18465974592027,0.0,0.0,0.0,4.013666432148078,0.0,0.0,0.0,0.0,0.0,0.0,-4.013666432148078,0.0,0.0,0.0,0.0,0.0,0.0,0.0,0.0,0.0,7.9622893781012545,7.9622893781012545,0.0,-121.19596490849133,-1000.0,4.58226917670239,-2.006833216074039,0.0,0.0,766.1239980559544,0.0,0.0,0.0,0.0,0.0,0.0,0.0,0.0,0.0,0.0,0.0,0.0,0.0,0.0,0.0,0.0,0.0,-0.8361805066975163,0.0,-0.5017083040185097,-0.5017083040185071,0.0,0.0,0.0,0.0,0.0,-0.08361805066975164,0.0,12.350551862437456,0.0,0.0,0.0,0.0,0.0,0.0,0.0,1000.0,2.006833216074039,2.006833216074039,0.0,0.0,0.0,0.0,0.0,0.007358388458944759,776.4116333085468,0.0,0.0,-779.318279000853,0.0,0.0,0.0,0.0,0.0,0.0,0.0,0.0,0.0,0.0,0.0,0.0,0.0,0.0,6.597140472449259,0.0,0.0,0.0,0.0,7.023916256259136,0.5150871921256697,0.0,0.0,0.0,0.0,0.0,776.4116333085468,0.0,-8.512161679305528,0.0,0.0,0.0,-0.8361805066975163,0.0,0.0,0.0,0.0,0.0,0.0,0.0,0.0,0.0,0.0,0.0,0.0,0.0,0.0,0.0,0.0,0.0,0.0,-0.00668944405358013,0.0,0.0,0.3344722026790065,263.86863819786987,0.0,0.0,0.0,0.0,0.0,0.0,0.0,0.0,0.5759611330132557,0.16723610133950326,0.0,0.0,0.0,0.00668944405358013,0.0,6.68944405358013,-2.0737276566098406,1.3378888107160263,0.04778174323985807,18.663548909488565,-0.005017083040185098,0.3344722026790065,0.1337888810716026,13.16083372463059,-18.663548909488565,2.0068332160740394,-0.00668944405358013,16.55517593244033,50.47962326899704,0.0016723610133950325,0.04778174323985807,-49.66552779732099,-1.0649594933299795,7.828500497029616,-228.0532140594721,-0.00668944405358013,0.0016723610133950325,-18.663548909488565,883.1212348100589,0.00668944405358013,0.00668944405358013,-776.3975854760344,0.007358388458938143,0.0,-0.005017083040185098,2.006833216074039,0.00668944405358013,2.006833216074039,-3.3447220267900653,-0.003344722026790065,114.90487060207428,-0.6756338494115932,-0.005017083040185098,-0.00668944405358013,-2.0737276566098406,0.00668944405358013,0.668944405358013,-0.1337888810716026,0.0,0.0,-0.6689444053580473,228.0532140594721,0.0,1.337888810716026,0.010034166080370195,752.615735237734,0.668944405358013,-57.80079741835929,50.47962326899704,-1.337888810716026,0.003344722026790065,0.0668944405358013,65.84600524463453,280.0,-0.00668944405358013,-777.9167582206023,776.3975854760344,2.0737276566098406,0.006689444053580129,1.0649594933299795,-840.0,50.47962326899704,-0.00668944405358013,-0.0016723610133950325,-50.47962326899704,-0.00668944405358013,-99.33105559464198,0.00668944405358013,-0.0016723610133950325,-0.0016723610133950325,-0.0016723610133950325,2.675777621432052,3.3447220267900653,0.0668944405358013,4.956041863194429,-0.0016723610133950325,115.13683455682872,0.3344722026790065,50.0,0.00668944405358013,0.003344722026790065,0.003344722026790065,25.90875603985653,2.0737276566098406,0.00668944405358013,-2.0737276566098406,0.0668944405358013,0.006689444053580112,-4.956041863194429,0.00668944405358013,0.026757776214367368,-13.16083372463059,0.003344722026790065,0.0016723610133950325,2.006833216074039,-0.00668944405358013,0.0,-3.914250248514808,-9.912083726388857,0.16723610133950326,-0.668944405358013,1.337888810716026,0.3344722026790065,-0.00668944405358013,49.66552779732099,0.010034166080370195,-0.006689444053580112,-51.81751207971306,2.0737276566098406,242.61184416351503,0.003344722026790065,-100.0,-0.00668944405358013,-0.00668944405358013,-0.00668944405358013,0.003344722026790065,18.663548909488565,-1.337888810716026,0.00668944405358013,131.69201048926905,-0.0016723610133950325,-0.007358388458938143,-131.69201048926905,1.0034166080370195,0.6756338494115932,-1000.0,18.663548909488565,-0.005017083040185098,777.9167582206023,-280.0,0.00668944405358013,-0.0016723610133950327,0.3344722026790065,6.68944405358013,-0.003344722026790065,-0.006689444053580129,0.0016723610133950325,251.34321899211344,0.0,-1000.0,0.0,-255.0,0.0,607.0888188809671,-49.81336451090512,882.4522904047009,614.3999999812426,-79.54702819601523,-117.50494599176562,-247.3809200402392,-307.1999999906213,127.5,39.77351409800762,-882.4522904047009,24.90668225545256,-776.4116333085468,-105.28034185063905,247.3809200402392,117.50494599176562,-105.28034185063905,-607.0888188809671,723.2099372378045,0.0,1496.5981,hplb
369,0.0,0.0,0.0,0.0,0.0,0.0,0.0,0.0,-0.008835023219347126,0.0,0.0,0.0,0.0,0.0,0.0,0.0,0.0,0.0,0.0,300.0,0.0,0.0,0.0,99.287861160783,0.0,0.0,0.0,0.0,0.0,-840.1454061136928,0.0,0.0,66.6020816282559,0.0,0.0,0.0,0.0,-365.3673884854614,0.0,-1000.0,983.9236276482235,0.0,0.0,0.0,0.0,0.0,206.86557090415553,0.0,697.0656471716056,0.0,0.0,-526.0767575360833,0.0,0.009718525541274883,0.0,0.0,0.0,0.0,0.0,0.0,158.0756619610919,0.0,0.0,-318.48553705673464,0.0,0.0,0.0,0.0,870.7267895151385,0.0,0.0,0.08835023219347127,0.0,0.0,0.0,0.0,0.0,0.0,0.0,0.0,0.0,0.0,-407.78342044484424,0.0,5.301013931608277,0.0,0.0,-88.66400336246562,-134.4784013452233,568.9568026904466,-0.0022087558048367816,0.0,0.0,0.0,2.650506965804138,0.0,16.07637235177649,-26.9110134624548,0.0,0.0,184.434279103778,0.44175116096735634,-840.1454061136928,0.0,0.0,-73.20266435859654,0.0,0.0,0.0,0.0,0.0,0.0,0.0,0.0,0.0,0.0,0.0,0.0,0.0,0.0,0.0,0.0,0.0,0.0,-812.289420133465,0.0,0.0,16.07637235177649,0.0,2.7388571979976093,0.0,0.0,0.0,0.0,0.0,0.0,-886.0288601464301,-515.6250000000002,515.6250000000002,409.46766112860354,0.0,0.0,0.0,0.0,0.0,408.4637172327339,0.008835023219347126,0.0,0.0,0.0,0.0,-1000.0,0.0,0.0,592.2176995486222,0.0,-168.84326051102903,0.0,0.0,0.0,0.0,0.0,-260.5838976522306,-260.5838976522306,0.0,0.0,0.0,-859.375,0.0,0.0,0.0,-260.57506262901126,0.0,0.0,0.0,0.0,0.0,0.0,0.0,0.0,0.0,0.0,0.0,0.0,0.0,0.0,0.0,0.0,0.0,0.0,0.0,-927.4269220163521,0.0,0.0,0.0,0.0,0.0,0.0,526.0767575360833,-134.4784013452233,134.4784013452233,340.6217239220186,0.0,0.0,0.0,0.0,0.0,0.0,0.0,-591.5410569092502,0.0,0.0,0.0,0.0,0.0,0.0,0.0,0.0,0.0,0.0,0.0,0.0,0.0,0.0,916.9598746737112,-382.99699859399607,0.0,0.0,0.0,0.0,50.304684522028765,0.0,0.0,0.0,0.0,158.0756619610919,-382.99699859399607,0.0,0.0,0.0,0.0,0.0,0.0,0.0,0.0,0.0,1.7670046438694254,13.425865385972353,0.0,0.0,0.0,1000.0,0.0,382.99699859399607,0.0,0.0,476.56119901782654,397.2520160397191,0.0,0.0,0.0,-159.74415609606535,0.0,0.0,-1000.0,0.0,0.0,-1000.0,0.0,0.0,-268.9568026904466,0.0,-968.9568026904467,0.0,0.0,-366.27669366206885,0.0,0.0,0.0,-1000.0,0.0,1000.0,0.0,-53.72716177129439,135.93947509580795,0.0,-273.8173128237994,-859.375,0.0,0.0,158.0756619610919,-0.01325253482902069,0.0,0.0,0.0,0.0,0.008835023219347126,0.0,0.0,0.0,520.4241412205282,0.0,0.0,-77.30261918340508,7.797760149812916,0.0,1000.0,0.0,-1000.0,0.0,-73.20266435859654,0.0,0.0,0.0,936.1451869176793,-874.2756572814739,938.1304703637945,-1000.0,-1000.0,0.0,0.0,0.0,0.0,0.0,0.0,0.0,0.0,0.0,0.0,0.0,0.0,0.0,0.0,0.0,0.0,0.0,-1000.0,0.0,-634.6679516074157,592.2176995486222,0.0,26.62652571479282,0.0,0.0,0.0,-232.5576586633824,0.0,0.0,0.0,0.0,0.0,3.5488677663352703,0.0,166.5547428943881,-793.0069506247253,0.0,974.6788234533511,-0.44175116096735634,-886.9327115455105,-1000.0,0.0,-166.99649405535547,-0.7269746757652911,792.7860750442416,0.0,0.0,0.0,911.8616263869097,1000.0,-1000.0,16.07637235177649,0.0,0.0,0.0,0.0,0.0,0.0,0.0,0.0,0.0,0.0,326.4356597147271,0.0,0.0,0.0,0.0,0.0,0.0,0.0,0.0,-160.40987509564275,0.0,0.0,0.0,0.0,0.0,0.0,0.0,-99.11649767806529,0.017670046438700154,0.0,0.0,0.0,0.0,0.0,0.0,0.0,0.0,0.0,734.7873144193305,0.0,0.0,0.0,0.0,0.0,0.0,0.0,0.0,0.0,0.009718525541274883,0.009718525541274883,0.0,210.2393276232889,0.0,5.301013931608277,0.0,0.0,0.0,1000.0,0.0,0.0,0.0,0.0,0.0,-37.91505889388144,-1000.0,0.0,0.0,0.0,0.0,0.0,0.0,0.0,0.0,0.0,0.0,0.0,0.0,0.0,270.76314004448835,-520.4241412205282,1000.0,0.0,0.6802967878897304,0.0,0.0,0.0,-390.92640844404735,0.0,-37.91505889388144,0.0,0.0,-137.03155657194674,0.0,0.0,0.0,0.0,0.0,0.0,0.0,0.0,0.0,0.0,0.0,0.0,0.0,0.0,0.0,0.0,5.301013931608276,476.56119901782654,476.56119901782654,0.0,0.0,0.0,0.0,0.0,0.0,0.0,0.0,0.0,0.0,0.08835023219347127,0.0,0.0,0.0,0.0,0.0,526.0767575360833,0.0,0.0,16.07637235177649,0.0,0.0,0.0,0.0,0.0,0.0,0.0,0.0,0.0,0.0,499.2080542127449,0.0,0.0,2.650506965804138,2.650506965804138,1000.0,-1000.0,0.0,0.0,0.0,0.0,0.0,0.0,0.0,840.1454061136928,0.0,1000.0,0.008835023219347126,0.0,0.0,-321.7475895534421,333.4154998607641,0.0,0.0,0.0,0.0,-135.93947509580795,0.0,0.0,0.0,0.0,0.0,0.0,0.0,0.0,0.0,0.0,0.0,0.0,0.008835023219347126,0.0,0.0,0.0,0.0,0.0,0.0,0.0,0.0,0.0,0.0,196.98033996629928,0.0,0.0,-37.579424522304635,-0.6626267414510346,0.0,-0.44175116096735634,0.0,0.0,0.0,0.0,0.0,0.0,0.0,0.0,0.0,0.0,0.0,476.56119901782654,0.0,0.0,0.0,-87.69662245212294,0.0,0.0,0.0,-0.008835023219347126,0.0,0.0,0.008835023219347126,0.0,0.008835023219347126,0.0,0.0,0.0,5.301013931608277,10.778728327603496,10.778728327603496,0.0,0.0,0.0,0.0,0.0,0.0,0.0,1000.0,0.0,0.0,0.0,0.0,0.0,936.9058824168651,0.0,0.0,0.0,0.0,0.0,0.0,0.0,0.0,0.0,0.0,0.0,0.0,0.0,390.92640844404735,0.0,-22.221896899038267,22.221896899038267,0.01325253482902069,0.0,0.0,0.0,-16.07637235177649,0.0,0.0,0.0,0.0,0.0,-210.2393276232889,0.44175116096735634,0.0,0.0,0.0,859.375,0.0,-170.35381425150646,-0.44175116096735634,0.0,0.0,0.0,0.0,0.0,0.0,0.0,476.56119901782654,0.0,0.0,448.90336969071615,210.2393276232889,0.0,409.5633209931682,-73.20266435859654,402.91147291488886,-402.91147291488886,0.0,0.0,592.2176995486222,386.47328771211556,0.0,0.44175116096735634,965.6617987556847,0.0,0.0,0.0,-160.40987509564275,0.0,0.0,0.0,0.0,0.0,-175.90605856935161,0.0,0.0,0.0,-1.3252534829019353,0.0,10.778728327603496,0.0,0.0,0.0,0.0,0.0,0.0,0.0,0.0,0.0,0.0,0.0,0.0,212.22720784764184,-746.4552247266527,0.0,0.0,2.6505069658041385,0.0,0.0,0.0,0.0,-310.2741067067389,0.0,0.0,0.009718525541274883,0.0,0.0,0.0,5.389364163801747,0.0,0.0,0.0,0.0,916.9598746737112,0.0,0.0,0.0,0.0,0.0,0.0,0.0,0.0,0.0,0.0,0.0008835023219347127,0.0008835023219347127,0.0,0.0,0.0,0.0,0.0,0.0,0.0,0.0,0.0,-321.7475895534421,0.0,0.0,0.0,0.0,0.0,210.2393276232889,0.0,0.0,0.0,0.0,0.0,0.0,0.0,0.0,0.0,0.0,0.0,0.0,-67.98775065538094,622.1733526726232,0.0,0.0,0.0,0.0,5.301013931608277,0.0,0.0,0.0,0.0,0.0,523.5610013035727,-528.8620152351809,0.0,0.0,0.0,0.0,0.0,0.0,0.0,0.0,0.0,0.0,0.0,0.0,-1000.0,-1000.0,942.957873322118,0.0,-16.07637235177649,0.0,-365.3673884854614,0.0,0.0,0.0,0.0,0.0,0.0,0.0,0.0,0.0,0.0,0.0,0.0,0.0,0.0,0.0,0.0,0.0,-1.104377902418391,476.56119901782654,-0.6626267414510346,936.2432556754143,0.0,0.0,0.0,0.0,0.0,-0.11043779024183911,0.0,752.6275746442651,0.0,0.0,0.0,0.0,0.0,0.0,0.0,1000.0,2.650506965804138,2.650506965804138,0.0,0.0,0.0,0.0,0.0,0.009718525541274883,210.2393276232889,0.0,0.0,365.3673884854614,0.0,0.0,0.0,0.0,0.0,0.0,0.0,0.0,0.0,0.0,0.0,0.0,0.0,0.0,11.110948449519134,0.0,0.0,0.0,0.0,9.276774380314484,0.6802967878897304,0.0,0.0,0.0,0.0,0.0,210.2393276232889,0.0,170.06932650384448,0.0,0.0,0.0,-1.104377902418391,0.0,0.0,0.0,0.0,0.0,0.0,0.0,0.0,0.0,0.0,0.0,0.0,0.0,0.0,0.0,0.0,0.0,0.0,-0.008835023219347126,0.0,0.0,0.44175116096735634,37.91505889388144,0.0,0.0,0.0,0.0,476.56119901782654,0.0,0.0,0.0,-936.1451869176793,0.22087558048367817,0.0,0.0,0.0,0.008835023219347126,0.0,8.835023219347127,-2.7388571979976093,1.7670046438694254,0.06310730870962233,24.649714781978485,-0.006626267414510345,0.44175116096737044,0.17670046438694254,-0.04417511609651115,-24.649714781978485,2.650506965804138,-0.008835023219347126,24.40088811953218,0.0,0.0022087558048367816,0.06310730870962233,-73.20266435859654,-1.4065356965190858,-0.17670046438694254,-300.0,-0.008835023219347126,0.0022087558048367816,-24.649714781978485,0.8835023219347127,0.008835023219347126,0.008835023219347126,-210.22077407452826,0.00971852554128184,-19.31325058912813,-0.006626267414510345,2.650506965804138,0.008835023219347126,16.07637235177649,9.00835377629879,-0.004417511609673563,334.56183981735023,-51.197021867182826,-0.006626267414510345,-0.008835023219347126,-2.7388571979976093,0.008835023219347126,0.8835023219347127,-0.17670046438694254,390.92640844404735,390.92640844404735,-0.8835023219347127,300.0,-390.92640844404735,1.7670046438694254,0.01325253482902069,-428.5239690605699,0.8835023219347127,-270.76314004448835,0.0,-1.7670046438694254,0.004417511609673563,0.08835023219347127,19.32565479585127,212.0063322671583,-0.008835023219347126,-212.22720784764184,210.22077407452826,2.738857197997609,0.008835023219347126,1.4065356965190858,-24.027893249188907,0.0,-0.008835023219347126,-0.0022087558048367816,0.0,-0.008835023219347126,-99.11649767806529,0.008835023219717186,-0.0022087558048367816,-0.0022087558048367816,-0.0022087558048367816,3.5340092877388507,-9.00835377629879,0.08835023219347127,291.01742290544195,-0.0022087558048367816,14.250421472170363,0.44175116096735634,50.0,0.008835023219347126,0.004417511609673563,0.004417511609673563,-67.08623522596926,2.7388571979976093,0.008835023219347126,-2.7388571979976093,0.08835023219347127,0.008835023219347126,-859.9609730610596,0.008835023219347126,0.035340092877049756,0.04417511609651115,0.004417511609673563,0.0022087558048367816,2.650506965804138,-0.008835023219347126,19.31325058912813,0.08835023219347127,-582.0348458108839,0.22087558048366418,-0.8835023219347127,1.7670046438694254,0.44175116096735634,-0.008835023219347126,73.20266435859654,0.01325253482902069,-0.008835023219347126,134.17247045193852,2.7388571979976093,448.56851640357877,0.004417511609673563,-100.0,-0.008835023219347126,-0.008835023219717186,-0.008835023219347126,0.004417511609673563,24.649714781978485,-1.7670046438694254,0.008835023219347126,38.65130959170254,-0.0022087558048367816,-0.00971852554128184,-38.65130959170254,1.325253482902069,51.197021867182826,735.908329544865,24.649714781978485,-0.006626267414510345,212.22720784764184,-212.0063322671583,0.008835023219347126,-0.002208755804836781,0.44175116096735634,8.835023219347127,-0.004417511609673563,-0.008835023219347126,0.0022087558048367816,0.0,0.0,128.51955154896027,568.9435501556177,-255.0,0.0,-129.0064370409059,-140.0,0.0,726.4253808909936,-255.0,588.6696743629624,-300.0,-363.2126904454968,127.5,127.5,0.0,70.0,-210.2393276232889,-138.29440969683984,300.0,-588.6696743629624,-138.29440969683984,129.0064370409059,-52.93102305682585,0.0,1496.5981,hplb
370,0.0,0.0,0.0,0.0,0.0,0.0,0.0,0.0,-0.019619790756440804,0.0,0.0,0.0,0.0,0.0,0.0,0.0,-191.58665553516607,1000.0,0.0,-508.4133444648339,0.0,0.0,0.0,661.4608348708127,0.0,597.9102603946722,0.0,0.0,0.0,-520.4023806672524,104.37044087666789,-104.37044087666789,702.7980181046986,0.0,0.0,0.0,0.0,885.0256728322919,0.0,-1000.0,1000.0,0.0,-463.55624512543943,853.8181639832491,0.0,0.0,0.0,0.0,-605.38537290627,0.0,0.0,0.0,0.0,0.02158176983194662,0.0,0.0,0.0,0.0,0.0,0.0,-51.00988370847557,0.0,0.0,-182.63174075165034,262.68237392876085,0.0,0.0,0.0,221.26918631588006,-221.26918631588006,0.0,0.19619790756440808,0.0,0.0,0.0,0.0,0.0,0.0,0.0,0.0,0.0,0.0,-360.82176715125473,0.0,11.771874453864484,0.0,58.3658395246942,0.0,1000.0,-258.66565453352615,852.6898265954738,0.0,0.0,0.0,5.885937226932242,0.0,69.67149412941734,-674.9511276072859,0.0,0.0,0.0,0.9809895378220402,-520.4023806672524,0.0,0.0,0.0,0.0,0.0,0.0,0.0,0.0,0.0,0.0,0.0,0.0,0.0,0.0,0.0,0.0,0.0,0.0,0.0,0.0,0.0,-797.1268863703392,0.0,0.0,69.67149412941734,0.0,6.08213513449665,0.0,0.0,-290.2677951782348,-709.7322048217652,1000.0,-1000.0,0.0,0.0,0.0,-131.62185704317477,0.0,0.0,0.0,0.0,0.0,420.69833056419486,0.019619790756440804,852.6947315431629,0.0,0.0,0.0,0.0,0.0,0.0,360.82176715125473,0.0,-33.59488865672108,0.0,0.0,0.0,0.0,0.0,554.6811276126587,554.6811276126587,0.0,0.0,0.0,0.0,436.7683845195842,0.0,0.0,659.071188280083,0.0,0.0,0.0,753.5498144279924,0.0,0.0,0.0,0.0,0.0,0.0,0.0,0.0,0.0,0.0,0.0,0.0,0.0,0.0,0.0,-181.9079213419115,0.0,0.0,0.0,0.0,0.0,0.0,463.55624512543943,-441.33434546647385,441.33434546647385,131.62185704317477,0.0,0.0,0.0,0.0,0.0,0.0,0.0,-1000.0,0.0,0.0,0.0,0.0,0.0,0.0,0.0,0.0,0.0,0.0,0.0,0.0,0.0,0.0,-28.36652679493858,853.8181639832491,0.0,0.0,0.0,0.0,-131.62185704317477,0.0,0.0,0.0,0.0,-51.00988370847557,0.0,104.37044087666789,0.0,0.0,0.0,0.0,0.0,0.0,0.0,106.67302648322648,3.923958151288161,63.7855569024851,0.0,-1000.0,-22.221899658965583,-583.1634732473045,0.0,-853.8181639832491,0.0,0.0,131.62185704317477,-860.2042137880687,0.0,0.0,0.0,-92.42929350125314,0.0,0.0,-823.8229996969787,0.0,0.0,-823.8229996969787,0.0,0.0,558.6656545335261,0.0,655.6376829749624,0.0,0.0,54.739216210469856,0.0,0.0,0.0,0.0,0.0,0.0,0.0,483.93443012448756,0.0,0.0,0.0,0.0,0.0,0.0,-51.00988370847557,-0.029429686134661206,0.0,0.0,0.0,0.0,0.019619790756440804,0.0,0.0,0.0,5.563400729267698,-191.58665553516607,0.0,-134.0929432819086,-310.7172308102422,0.0,986.8247990518224,0.0,222.95845030000947,0.0,0.0,0.0,0.0,0.0,-1.6892639841294148,-221.26918631588006,0.0,0.0,-1000.0,0.0,0.0,0.0,0.0,0.0,0.0,0.0,0.0,0.0,0.0,0.0,0.0,0.0,0.0,0.0,0.0,0.0,-114.89584800468238,0.0,-1000.0,360.82176715125473,0.0,676.6219559514877,0.0,0.0,0.0,160.4152809488205,0.0,0.0,0.0,0.0,0.0,0.0,0.0,0.0,0.0,0.0,0.0,-0.9809895378220402,0.0,-26.418048253547546,0.0,-0.9809895378220402,307.8100687896048,-0.4904947689110201,0.0,0.0,0.0,-304.3766054072277,0.0,28.380027329191627,69.67149412941734,0.0,0.0,0.0,0.0,0.0,0.0,0.0,0.0,0.0,0.0,-312.155573631704,0.0,0.0,0.0,0.0,0.0,0.0,0.0,0.0,-116.90994541073752,0.0,0.0,82.84669507759492,0.0,0.0,0.0,0.0,-98.03802092435592,0.03923958151285986,0.0,0.0,0.0,0.0,0.0,0.0,0.0,0.0,0.0,0.0,0.0,0.0,0.0,0.0,0.0,0.0,0.0,0.0,0.0,0.02158176983194662,0.02158176983194662,104.37044087666789,135.85861301593607,0.0,11.771874453864484,0.0,0.0,0.0,1000.0,0.0,0.0,58.3658395246942,0.0,0.0,-106.99325845868965,-1000.0,0.0,0.0,0.0,0.0,0.0,82.84669507759492,0.0,0.0,0.0,0.0,0.0,0.0,0.0,265.7089621234464,-5.563400729267698,0.0,0.0,59.87656341294015,0.0,0.0,0.0,0.0,0.0,-106.99325845868965,0.0,0.0,-205.03127938304556,0.0,0.0,0.0,0.0,0.0,0.0,0.0,0.0,0.0,0.0,0.0,0.0,0.0,0.0,0.0,0.0,11.771874453864484,131.62185704317477,131.62185704317477,0.0,0.0,0.0,0.0,0.0,0.0,0.0,0.0,0.0,0.0,0.19619790756440808,0.0,104.37044087666789,58.3658395246942,-58.3658395246942,104.37044087666789,463.55624512543943,0.0,0.0,69.67149412941734,0.0,0.0,0.0,0.0,0.0,0.0,0.0,0.0,0.0,0.0,-28.571197819202773,0.0,0.0,5.885937226932242,5.885937226932242,922.9294469189513,-1000.0,0.0,82.84669507759492,0.0,0.0,0.0,0.0,0.0,-479.5976193327476,0.0,-386.92307844703896,0.019619790756440804,0.0,0.0,0.0,25.910736521131007,563.2316154804158,0.0,0.0,0.0,0.0,0.0,0.0,0.0,0.0,0.0,0.0,0.0,0.0,0.0,0.0,0.0,0.0,0.019619790756440804,0.0,0.0,0.0,-43.017337315458725,43.017337315458725,0.0,0.0,0.0,0.0,0.0,837.0372369003082,0.0,0.0,-885.1041519953176,-1.4714843067330607,0.0,-0.980989537822041,0.0,0.0,0.0,0.0,0.0,0.0,0.0,0.0,0.0,0.0,0.0,131.62185704317477,0.0,0.0,0.0,-275.015588540214,0.0,0.0,0.0,-0.019619790756440804,0.0,0.0,0.019619790756440804,0.0,0.019619790756440804,0.0,0.0,0.0,11.771874453864484,23.936144722857783,23.936144722857783,0.0,0.0,0.0,0.0,0.0,0.0,0.0,0.0,0.0,0.0,0.0,0.0,0.0,0.0,0.0,0.0,0.0,0.0,0.0,0.0,0.0,0.0,0.0,0.0,0.0,0.0,0.0,0.0,0.0,-597.9102603946722,597.9102603946722,0.029429686134661206,0.0,0.0,0.0,-69.67149412941734,0.0,0.0,0.0,0.0,0.0,-135.85861301593607,0.9809895378220402,0.0,0.0,0.0,0.0,-436.7683845195842,1.6708283442018228,-0.980989537822041,0.0,0.0,0.0,0.0,0.0,0.0,0.0,131.62185704317477,0.0,0.0,0.0,135.85861301593607,0.0,-74.61807923649363,563.2316154804158,0.0,162.08610929302233,0.0,-162.08610929302233,360.82176715125473,-884.1403585109265,0.0,0.980989537822041,865.3798817213222,0.0,0.0,-104.37044087666789,-233.6416244601259,0.0,0.0,0.0,0.0,0.0,-583.4161971195739,0.0,0.0,0.0,0.0,-2.9429686134662916,23.936144722857783,0.0,104.37044087666789,104.37044087666789,0.0,0.0,0.0,0.0,0.0,0.0,106.67302648322648,0.0,0.0,137.33009732266913,-25.910736521131007,-269.45285252486207,-463.55624512543943,5.885937226932242,58.3658395246942,0.0,0.0,0.0,-261.05613523123236,0.0,0.0,0.02158176983194662,0.0,0.0,0.0,11.968072361428892,0.0,0.0,0.0,0.0,-28.36652679493858,0.0,0.0,0.0,0.0,0.0,0.0,0.0,0.0,0.0,0.0,290.29068481389135,0.0019619790756440804,0.0,0.0,0.0,0.0,0.0,0.0,0.0,0.0,0.0,0.0,104.37044087666789,0.0,0.0,0.0,0.0,135.85861301593607,0.0,0.0,0.0,0.0,0.0,0.0,0.0,0.0,0.0,0.0,0.0,116.7316790493884,-633.8230072358654,256.04490689483094,1000.0,0.0,0.0,0.0,11.771874453864484,0.0,0.0,0.0,0.0,0.0,896.718619244143,-908.4904936980075,0.0,116.7316790493884,0.0,0.0,0.0,0.0,0.0,0.0,0.0,104.37044087666789,104.37044087666789,0.0,386.92307844703896,-1000.0,13.439556668161954,0.0,-69.67149412941734,0.0,885.0256728322919,0.0,0.0,0.0,0.0,0.0,0.0,0.0,0.0,0.0,960.9375,0.0,-960.9375,-960.9375,0.0,0.0,0.0,0.0,-2.4524738445551018,131.62185704317477,-1.4714843067330607,1.4714843067330636,0.0,0.0,0.0,0.0,0.0,0.0,-0.24524738445551011,477.73171256199225,0.0,0.0,0.0,0.0,0.0,0.0,0.0,1000.0,5.885937226932242,5.885937226932242,0.0,0.0,0.0,0.0,0.0,0.02158176983194662,135.85861301593607,0.0,0.0,-885.0256728322919,290.2887228348157,0.0,0.0,0.0,0.0,0.0,0.0,0.0,0.0,0.0,0.0,0.0,0.0,0.0,0.0,0.0,0.0,0.0,0.0,20.600780294262847,0.0,0.0,59.87656341294015,0.0,0.0,0.0,135.85861301593607,0.0,0.0,0.0,0.0,0.0,-2.4524738445551018,0.0,0.0,0.0,0.0,0.0,0.0,0.0,0.0,0.0,0.0,0.0,0.0,0.0,0.0,0.0,0.0,0.0,0.0,-0.019619790756440804,0.0,0.0,0.9809895378220402,106.99325845868965,0.0,0.0,0.0,0.0,131.62185704317477,0.0,0.0,0.0,1.6892639841294148,0.4904947689110201,0.0,0.0,597.9102603946722,0.019619790756440804,0.0,19.619790756440803,-6.08213513449665,3.9239581512881614,0.14014136254600576,54.739216210469856,-0.014714843067330603,0.9809895378220402,0.3923958151288161,-0.09809895378213127,-54.739216210469856,5.885937226932242,-0.019619790756440804,0.0,82.84669507759492,0.004904947689110201,0.14014136254600576,0.0,-61.48931021311887,103.97804506153906,-300.0,-0.019619790756440804,0.004904947689110201,-54.739216210469856,1.9619790756440805,0.019619790756440804,0.019619790756440804,-135.81741145534767,-58.34425775486211,-237.6044235486387,-0.014714843067330603,5.885937226932242,0.019619790756440804,69.67149412941734,53.975661524264694,-0.009809895378220402,271.1993122053598,129.64025817677424,-0.014714843067330603,-0.019619790756440804,-6.08213513449665,0.019619790756440804,1.9619790756440805,-0.3923958151288161,0.0,0.0,-1.9619790756440805,300.0,0.0,3.9239581512881605,0.029429686134661206,-1000.0,1.9619790756440805,-265.7089621234464,82.84669507759492,-3.923958151288161,0.009809895378220402,0.19619790756440808,33.52323582047715,139.78257116722423,-0.019619790756440804,-140.27306593613542,135.81741145534767,6.08213513449665,0.019619790756440804,61.48931021311887,-4.48261073261915,82.84669507759492,-0.019619790756440804,-0.004904947689110201,-82.84669507759492,-0.019619790756440804,-98.03802092435592,0.019619790756440804,-0.004904947689110201,-0.004904947689110201,-0.004904947689110201,7.847916302576322,-53.975661524264694,0.19619790756440808,289.39494259926397,-0.004904947689110201,67.0464716409543,0.9809895378220402,50.0,0.019619790756440804,0.009809895378220402,0.009809895378220402,43.38532661444154,6.08213513449665,0.019619790756440804,-6.08213513449665,0.19619790756440808,0.019619790756440804,-839.1132028444371,0.019619790756440804,0.0784791630257415,0.09809895378213127,0.009809895378220402,0.004904947689110201,5.885937226932242,-0.019619790756440804,237.6044235486387,-51.98902253076953,-578.7898851985279,0.4904947689110203,-1.9619790756440805,3.923958151288161,0.9809895378220402,-0.019619790756440804,0.0,0.029429686134661206,-0.019619790756440804,-86.77065322888308,6.08213513449665,393.64471861572656,0.009809895378220402,-100.0,-0.019619790756440804,-0.019619790756440804,-0.019619790756440804,0.009809895378220402,54.739216210469856,-3.923958151288161,0.019619790756440804,67.0464716409543,-0.004904947689110201,58.34425775486211,-67.0464716409543,2.9429686134661206,-129.64025817677424,757.7812371489855,54.739216210469856,-0.014714843067330603,140.27306593613542,-139.78257116722423,0.019619790756440804,-0.004904947689110201,0.980989537822041,19.619790756440803,-0.009809895378220402,-0.019619790756440804,0.004904947689110201,535.0676777572785,0.0,699.9901901046218,549.718260245173,78.76667725390423,0.0,95.75350535104728,-140.0,0.0,-80.0,-255.0,70.69412108520547,-300.0,40.0,-39.38333862695212,127.5,0.0,70.0,-135.85861301593607,-132.5885833844942,300.0,-70.69412108520547,-132.5885833844942,-95.75350535104728,49.137068504011175,0.0,1496.5981,hplb
371,0.0,0.0,0.0,0.0,0.0,0.0,0.0,0.0,-0.017820957074144658,0.0,0.0,0.0,0.0,0.0,0.0,0.0,-161.08306610101374,461.08306610101374,0.0,0.0,0.0,0.0,0.0,31.001993694535145,0.0,0.0,0.0,0.0,0.0,236.01827006368762,0.0,0.0,41.197834791976874,0.0,0.0,0.0,0.0,800.6884543582013,0.0,-1000.0,1000.0,0.0,0.0,-810.6402405508077,0.0,0.0,0.0,238.41099554595735,0.0,0.0,0.0,-735.7050365881338,0.0,0.019603052781551424,0.0,0.0,0.0,241.9751869607863,0.0,0.0,89.04317362613227,0.0,0.0,-182.79464411125326,723.9025147500882,0.0,0.0,0.0,20.199452241634376,979.8005477583656,0.0,0.17820957074144658,0.0,0.0,0.0,0.0,0.0,0.0,0.0,0.0,0.0,0.0,0.0,0.0,10.692574244486794,0.0,0.0,0.0,927.5031916543703,-230.75128971388958,-0.004455239268536164,0.0,0.0,0.0,5.346287122243397,0.0,48.60128812609253,-0.5738348177873149,724.7681847643469,0.0,0.0,0.8910478537072328,-144.2143177288626,0.0,0.0,-69.7078695422812,0.0,0.0,0.0,0.0,0.0,0.0,0.0,0.0,0.0,0.0,0.0,0.0,0.0,0.0,0.0,0.0,0.0,0.0,-1000.0,0.0,0.0,48.60128812609253,0.0,5.524496692984843,0.0,0.0,-930.2645157112225,0.0,930.2645157112225,-930.2645157112225,-1000.0,-921.8750000000008,921.8750000000008,728.1621822626145,0.0,0.0,0.0,0.0,0.0,1.3722136947091386,0.017820957074144658,0.0,0.0,0.0,-1000.0,1000.0,0.0,0.0,124.45761176493917,0.0,-223.68129188136314,0.0,0.0,0.0,0.0,0.0,146.96766025031445,146.96766025031445,0.0,0.0,0.0,0.0,-1000.0,0.0,0.0,146.9854812073886,0.0,0.0,0.0,584.6536296791066,0.0,0.0,0.0,0.0,0.0,0.0,0.0,0.0,0.0,0.0,-293.53769606905325,0.0,0.0,0.0,0.0,-1000.0,0.0,0.0,0.0,0.0,0.0,0.0,735.7050365881338,-396.7519019404807,396.7519019404807,0.0,0.0,0.0,0.0,0.0,0.0,0.0,380.23258779255025,801.51601971104,0.0,0.0,0.0,0.0,0.0,0.0,0.0,0.0,0.0,0.0,0.0,0.0,0.0,0.0,-49.61661616649305,-810.6402405508077,0.0,0.0,0.0,271.83781773738554,0.0,0.0,0.0,0.0,0.0,89.04317362613227,0.0,0.0,0.0,0.0,0.0,0.0,0.0,0.0,0.0,0.0,0.0,43.25500100384908,0.0,-893.5936004700394,430.66149312481156,338.9531346476531,0.0,810.6402405508077,0.0,0.0,271.83781773738554,522.6678284662328,0.0,0.0,0.0,-282.5249552658595,0.0,0.0,26.18433633952437,0.0,0.0,26.18433633952437,0.0,0.0,530.7512897138896,0.0,-671.3738724276008,0.0,0.0,49.720470236863584,0.0,0.0,0.0,-755.8091257842678,0.0,755.8091257842678,0.0,146.9498392932403,0.0,271.83781773738554,497.7946485424213,0.0,0.0,0.0,89.04317362613227,-0.026731435611216985,0.0,0.0,0.0,0.0,0.017820957074144658,0.0,0.0,0.0,951.3987118739075,-161.08306610101374,0.0,-46.47191302818747,-361.00252565927974,0.0,947.0343636292952,0.0,45.72975534605399,0.0,-69.7078695422812,0.0,0.0,0.0,626.3993603074098,-20.199452241634376,-651.9296634118294,-1000.0,-1000.0,0.0,0.0,0.0,0.0,0.0,0.0,0.0,0.0,0.0,0.0,0.0,0.0,0.0,0.0,0.0,0.0,0.0,0.0,0.0,-800.7597381864979,0.0,0.0,0.0,0.0,0.0,0.0,-1.3722136947091386,0.0,724.7681847643469,0.0,0.0,0.0,0.0,-104.83652314577648,-108.44685384850398,-0.4455239268536164,0.0,-275.0662849485964,0.0,0.0,0.0,104.83652314577648,0.0,-730.9881721498556,0.0,-0.8910478537072328,0.0,0.0,0.0,0.0,824.973330219585,48.60128812609253,0.0,0.0,0.0,0.0,0.0,0.0,0.0,0.0,0.0,0.0,321.1436781274523,0.0,0.0,0.0,0.0,0.0,380.23258779255025,0.0,0.0,-93.75147048512108,0.0,0.0,101.56692449679734,0.0,0.0,0.0,0.0,-98.21790429258553,0.0356419141483002,0.0,0.0,0.0,0.0,0.0,0.0,0.0,0.0,0.0,0.0,0.0,0.0,0.0,0.0,0.0,0.0,0.0,0.0,0.0,0.019603052781551424,0.019603052781551424,0.0,259.3567274701627,0.0,10.692574244486794,0.0,0.0,0.0,816.7299058584772,0.0,0.0,0.0,0.0,0.0,-54.92105831279736,-816.7299058584772,0.0,0.0,765.986498373662,0.0,0.0,101.56692449679734,0.0,0.0,0.0,0.0,0.0,0.0,0.0,333.3333333333333,-951.3987118739075,0.0,107.55580599479674,1.3722136947091386,0.0,0.0,0.0,0.0,0.0,-54.92105831279736,0.0,0.0,-153.1389626053829,0.0,0.0,0.0,0.0,0.0,0.0,0.0,0.0,0.0,0.0,0.0,0.0,0.0,0.0,0.0,0.0,10.692574244486794,271.83781773738554,271.83781773738554,0.0,0.0,0.0,0.0,0.0,0.0,0.0,0.0,0.0,0.0,0.17820957074144658,0.0,0.0,0.0,0.0,0.0,735.7050365881338,0.0,0.0,48.60128812609248,-765.986498373662,0.0,0.0,0.0,107.55580599479674,0.0,0.0,0.0,0.0,0.0,556.8597734770398,0.0,0.0,5.346287122243397,5.346287122243397,-482.30783076013705,-816.7299058584772,0.0,101.56692449679734,0.0,0.0,0.0,0.0,0.0,144.2143177288626,380.23258779255025,46.729447165598685,0.017820957074144658,0.0,0.0,0.0,23.535119667418606,0.0,0.0,0.0,0.0,0.0,0.0,0.0,0.0,0.0,0.0,0.0,0.0,0.0,0.0,0.0,0.0,0.0,0.017820957074144658,0.0,0.0,0.0,-686.90289816129,686.90289816129,0.0,0.0,0.0,0.0,0.0,723.3959710696378,-124.45761176493917,0.0,-800.7597381864979,-1.3365717805608492,0.0,-0.8910478537072328,0.0,0.0,0.0,0.0,0.0,0.0,0.0,0.0,0.0,0.0,0.0,271.83781773738554,0.0,0.0,0.0,825.8643780732923,0.0,0.0,0.0,-0.017820957074144658,0.0,0.0,0.017820957074144658,0.0,0.017820957074144658,0.0,1000.0,0.0,10.692574244486794,21.74156763045648,21.74156763045648,0.0,0.0,0.0,0.0,0.0,0.0,0.0,0.0,0.0,380.23258779255025,0.0,0.0,0.0,627.9337447114937,0.0,0.0,0.0,0.0,0.0,0.0,0.0,0.0,0.0,0.0,0.0,0.0,0.0,0.0,0.0,-570.4963454987169,570.4963454987169,0.026731435611216985,0.0,0.0,0.0,-48.60128812609248,0.0,0.0,0.0,0.0,0.0,-259.3567274701627,0.8910478537072328,0.0,0.0,0.0,0.0,1000.0,0.0,-0.8910478537072328,0.0,0.0,0.0,0.0,0.0,0.0,0.0,271.83781773738554,0.0,765.986498373662,0.0,259.3567274701627,0.0,321.43580858517106,-69.7078695422812,0.0,-1.3722136947091386,724.7681847643469,-723.3959710696378,124.45761176493917,500.92626083577625,0.0,0.8910478537072328,823.1812622408327,0.0,0.0,0.0,-93.75147048512108,-15.62500000000175,15.62500000000175,0.0,0.0,0.0,0.0,0.0,0.0,0.0,290.86455250793153,0.0,21.74156763045648,0.0,0.0,0.0,0.0,0.0,0.0,0.0,0.0,0.0,0.0,0.0,0.0,263.36644281184533,-23.535119667418606,-806.3487111769077,0.0,5.346287122243397,0.0,0.0,0.0,0.0,-333.28093293975974,0.0,0.0,0.019603052781551424,0.0,0.0,0.0,10.87078381522824,0.0,0.0,0.0,0.0,-49.61661616649305,0.0,0.0,0.0,0.0,0.0,0.0,0.0,0.0,0.0,0.0,0.0017820957074144658,0.0017820957074144658,0.0,0.0,0.0,0.0,0.0,0.0,0.0,0.0,0.0,0.0,0.0,0.0,0.0,0.0,0.0,259.3567274701627,0.0,0.0,0.0,0.0,0.0,0.0,0.0,0.0,0.0,0.0,0.0,0.0,-947.7010279180734,689.8660598765789,461.08306610101374,0.0,0.0,0.0,10.692574244486794,0.0,0.0,0.0,0.0,0.0,0.0,-10.692574244486794,0.0,0.0,0.0,0.0,0.0,0.0,0.0,0.0,0.0,0.0,0.0,0.0,-46.729447165598685,-1000.0,640.1411003072827,-48.60128812609248,0.0,0.0,800.6884543582013,0.0,0.0,0.0,0.0,0.0,0.0,0.0,0.0,0.0,0.0,0.0,0.0,0.0,0.0,0.0,0.0,0.0,-2.2276196342680823,271.83781773738554,-1.3365717805608492,626.5971729309327,0.0,0.0,0.0,0.0,0.0,0.0,-0.2227619634268082,218.20908225006025,0.0,0.0,0.0,0.0,0.0,0.0,0.0,1000.0,5.346287122243397,5.346287122243397,0.0,0.0,0.0,0.0,0.0,0.019603052781551424,259.3567274701627,0.0,0.0,-800.6884543582013,0.0,0.0,0.0,0.0,0.0,0.0,0.0,0.0,0.0,0.0,0.0,0.0,0.0,0.0,785.2481727493584,0.0,0.0,0.0,0.0,18.71200492785189,0.0,0.0,1.3722136947091386,0.0,0.0,0.0,259.3567274701627,0.0,-0.5738348177873149,0.0,0.0,0.0,-2.2276196342680823,0.0,0.0,0.0,0.0,0.0,0.0,0.0,0.0,0.0,0.0,0.0,0.0,0.0,0.0,0.0,0.0,0.0,0.0,-0.017820957074144658,0.0,0.0,0.8910478537072328,54.92105831279736,0.0,0.0,0.0,0.0,271.83781773738554,0.0,0.0,0.0,-626.3993603074098,0.4455239268536164,0.0,0.0,0.0,0.017820957074144658,0.0,17.820957074144655,-5.524496692984843,3.5641914148289313,0.1272925505296047,49.720470236863584,-0.013365717805608492,0.8910478537072388,0.35641914148289316,-0.0891047853707505,-49.720470236863584,5.346287122243397,-0.017820957074144658,23.235956514093736,101.56692449679734,0.004455239268536164,0.1272925505296047,-69.7078695422812,-2.8370963662036863,-0.35641914148289316,-300.0,-0.017820957074144658,0.004455239268536164,-49.720470236863584,1.7820957074144657,0.017820957074144658,0.017820957074144658,-259.31930346030697,0.019603052781559122,0.0,-0.013365717805608492,5.346287122243397,0.017820957074144658,48.60128812609248,34.34452246677675,-0.008910478537072329,363.09703096592557,-1.7999166644886102,-0.013365717805608492,-0.017820957074144658,-5.524496692984843,0.017820957074144658,1.7820957074144657,-0.35641914148289316,0.0,0.0,-1.7820957074144657,300.0,0.0,3.5641914148289313,0.026731435611216985,-966.2036873144734,1.7820957074144657,-333.3333333333333,101.56692449679734,-3.5641914148289313,0.008910478537072329,0.17820957074144658,11.617978257046868,262.92091888499164,-0.017820957074144658,-263.36644281184533,259.31930346030697,5.524496692984843,0.017820957074144658,2.8370963662036863,36.92677500397475,101.56692449679734,-0.017820957074144658,-0.004455239268536164,-101.56692449679734,-0.017820957074144658,-98.21790429258553,0.017820957074144658,-0.004455239268536164,-0.004455239268536164,-0.004455239268536164,7.128382829657863,-34.34452246677675,0.17820957074144658,264.0693581820696,-0.004455239268536164,0.0,0.8910478537072328,50.0,0.017820957074144658,0.008910478537072329,0.008910478537072329,-83.35335091287962,5.524496692984843,0.017820957074144658,-5.524496692984843,0.17820957074144658,0.01782095707414466,-765.8018714015946,0.017820957074144658,0.071283828296549,0.0891047853707505,0.008910478537072329,0.004455239268536164,5.346287122243397,-0.017820957074144658,0.0,0.17820957074144658,-528.1387163641392,0.4455239268536104,-1.7820957074144657,3.5641914148289313,0.8910478537072328,-0.017820957074144658,69.7078695422812,0.026731435611216985,-0.01782095707414466,166.70670182575924,5.524496692984843,478.8956675084364,0.008910478537072329,-100.0,-0.017820957074144658,-0.017820957074144658,-0.017820957074144658,0.008910478537072329,49.720470236863584,-3.5641914148289313,0.017820957074144658,23.235956514093736,-0.004455239268536164,-0.019603052781559122,-23.235956514093736,2.673143561121698,1.7999166644886102,1000.0,49.720470236863584,-0.013365717805608492,263.36644281184533,-262.92091888499164,0.017820957074144658,-0.0044552392685361635,0.8910478537072328,17.820957074144655,-0.008910478537072329,-0.017820957074144658,0.004455239268536164,111.37858653434861,0.0,666.1947768359364,501.73251321952495,102.48997330575419,0.0,42.48823333683518,-111.29954748559666,0.0,1000.0,-255.0,-325.0,-300.0,-500.0,-51.244986652877095,127.5,0.0,55.64977374279833,-259.3567274701627,-145.6147345686767,300.0,325.0,-145.6147345686767,-42.48823333683518,1.8896813127229848,0.0,1496.5981,hplb
372,0.0,0.0,0.0,0.0,0.0,0.0,0.0,0.0,-0.14224819321051327,0.0,0.0,0.0,0.0,0.0,0.0,0.0,1000.0,-970.270872307484,0.0,0.0,0.0,0.0,0.0,783.4982499335988,0.0,0.0,0.0,0.0,0.0,-791.4929950399023,0.0,0.0,594.6528822703125,0.0,0.0,0.0,0.0,734.6375833881581,0.0,-1000.0,959.0099447605517,0.0,0.0,1000.0,0.0,0.0,0.0,0.0,-436.9610268316589,-289.0661789200912,0.0,0.0,0.0,0.15647301253147816,0.0,0.0,0.0,0.0,0.0,0.0,-12.52732421540668,0.0,-700.431808048195,-712.9591322636016,0.0,0.0,0.0,0.0,0.0,0.0,0.0,1.422481932105133,0.0,0.0,0.0,0.0,0.0,0.0,0.0,0.0,0.0,0.0,754.9695918043802,0.0,85.34891592630798,0.0,0.0,951.8255906779169,-185.13543615374198,0.0,-0.03556204830262832,0.0,0.0,416.56616565829324,42.67445796315399,0.0,42.67445796315399,-4.580391821380481,0.0,0.0,773.6586509131872,7.112409660525664,-791.4929950399023,0.0,0.0,-31.49162905060416,0.0,0.0,0.0,0.0,0.0,0.0,0.0,0.0,0.0,0.0,0.0,0.0,0.0,0.0,0.0,0.0,0.0,0.0,-1000.0,0.0,0.0,42.67445796315399,0.0,44.096939895259126,44.096939895259126,0.0,0.0,0.0,0.0,0.0,-838.5948406344934,0.0,0.0,838.5948406344934,0.0,0.0,0.0,0.0,0.0,-744.0164809271707,0.14224819321051327,0.0,0.0,0.0,0.0,-672.4988826428844,0.0,0.0,18.689059108806987,0.0,660.4532830586613,0.0,0.0,0.0,0.0,0.0,304.90587114430446,304.90587114430446,0.0,0.0,0.0,0.0,0.0,0.0,0.0,305.04811933751495,0.0,0.0,0.0,-252.62996075498768,-859.7770161289695,0.0,0.0,0.0,0.0,0.0,0.0,0.0,0.0,0.0,0.0,0.0,0.0,0.0,0.0,-1000.0,0.0,0.0,0.0,0.0,0.0,289.0661789200912,0.0,485.135436153742,-485.135436153742,0.0,0.0,0.0,0.0,0.0,0.0,0.0,0.0,-48.73178015053247,0.0,0.0,0.0,0.0,0.0,0.0,0.0,0.0,0.0,0.0,0.0,0.0,0.0,16.966620992654157,629.3981599270898,228.45402187156128,0.0,0.0,0.0,0.0,155.63293248573817,0.0,0.0,0.0,0.0,-12.52732421540668,-771.5459781284387,0.0,0.0,0.0,0.0,0.0,0.0,0.0,0.0,0.0,28.449638642102656,0.0,0.0,999.7866277101842,329.5157554027003,1000.0,0.0,-228.45402187156128,0.0,0.0,0.0,173.54279571682616,0.0,0.0,0.0,130.1968423876458,0.0,0.0,-1000.0,-59.93124370245844,-94.34075380615818,-905.6592461938418,-34.40951010369974,0.0,300.0,0.0,-1000.0,289.0661789200912,0.0,329.43340636211224,0.0,0.0,0.0,0.0,0.0,0.0,0.0,304.76362295109396,0.0,0.0,1000.0,0.0,0.0,0.0,-12.52732421540668,-0.21337228981576992,0.0,0.0,0.0,0.0,0.14224819321051327,0.0,0.0,0.0,801.6926095511079,1000.0,0.0,-1000.0,680.1584452150666,859.7770161289695,1000.0,0.0,831.2415418449555,0.0,-31.49162905060416,0.0,0.0,0.0,705.4502670670513,-536.6918089120068,-1000.0,-1000.0,829.4730880002103,0.0,0.0,0.0,0.0,0.0,0.0,0.0,0.0,0.0,0.0,0.0,0.0,0.0,0.0,0.0,0.0,0.0,-101.05320656768072,0.0,-1000.0,18.689059108806987,163.7402172713189,0.0,0.0,0.0,0.0,744.0164809271707,0.0,0.0,0.0,0.0,0.0,0.0,1000.0,0.0,0.0,536.6918089120068,-495.8772015318494,-423.5587411110192,279.41144543468374,-188.64647409511633,-1000.0,-7.112409660525664,0.0,-3.556204830262832,416.4463314504935,0.0,0.0,-92.46132558683365,0.0,0.0,42.67445796315399,0.0,0.0,0.0,0.0,0.0,0.0,970.1321426505758,953.1655216579217,-953.1655216579217,-953.1655216579217,-340.29891195040193,0.0,0.0,0.0,0.0,0.0,0.0,0.0,0.0,-25.05464843081336,0.0,-268.60772514875583,1.6844027237056594,0.0,0.0,0.0,0.0,-85.77518067894867,0.28449638642132413,0.0,0.0,0.0,0.0,0.0,0.0,0.0,0.0,0.0,0.0,0.0,0.0,0.0,0.0,0.0,0.0,0.0,0.0,0.0,0.15647301253147816,0.15647301253147816,0.0,268.51698235055153,0.0,85.34891592630798,0.0,0.0,0.0,1000.0,0.0,0.0,0.0,0.0,0.0,454.9111930768406,-1000.0,0.0,0.0,742.8157400147884,0.0,0.0,1.6844027237056594,0.0,0.0,0.0,0.0,0.0,0.0,0.0,333.3333333333333,-801.6926095511079,672.4988826428844,0.0,10.953110877209497,0.0,416.56616565829324,0.0,-155.63293248573817,0.0,454.9111930768406,0.0,-630.863987602108,1000.0,0.0,0.0,16.966620992654157,0.0,0.0,0.0,0.0,0.0,0.0,0.0,0.0,0.0,0.0,0.0,0.0,0.0,85.34891592630798,0.0,0.0,0.0,0.0,0.0,0.0,0.0,0.0,0.0,0.0,0.0,0.0,1.422481932105133,0.0,0.0,0.0,0.0,0.0,0.0,0.0,0.0,42.67445796315399,-742.8157400147884,0.0,0.0,0.0,0.0,0.0,0.0,0.0,0.0,0.0,1000.0,0.0,0.0,42.67445796315399,42.67445796315399,1000.0,-1000.0,0.0,1.6844027237056594,0.0,0.0,0.0,0.0,0.0,839.3525610524232,0.0,1000.0,0.14224819321051327,0.0,0.0,0.0,11.471300723904964,598.3409023589035,0.0,-416.56616565829324,0.0,0.0,0.0,0.0,0.0,0.0,0.0,0.0,0.0,0.0,0.0,0.0,0.0,0.0,0.14224819321051327,0.0,0.0,0.0,-120.19103140274456,120.19103140274456,0.0,0.0,0.0,163.7402172713189,-255.98351907282927,1000.0,0.0,0.0,-898.9467934323193,-10.668614490788496,-7.112409660525664,0.0,0.0,-796.875,-796.875,796.875,0.0,0.0,0.0,0.0,0.0,0.0,0.0,0.0,859.7770161289695,0.0,0.0,-85.348915926308,0.0,0.0,0.0,-0.14224819321051327,0.0,0.0,0.14224819321051327,0.0,0.14224819321051327,0.0,0.0,0.0,85.34891592630798,173.54279571682616,173.54279571682616,0.0,0.0,0.0,0.0,0.0,0.0,0.0,672.4988826428844,0.0,0.0,0.0,0.0,0.0,717.6978365024764,0.0,0.0,0.0,0.0,0.0,0.0,0.0,0.0,0.0,0.0,0.0,0.0,0.0,155.63293248573817,0.0,-870.7306591622247,870.7306591622247,0.21337228981576992,0.0,0.0,0.0,-42.67445796315399,0.0,0.0,0.0,0.0,0.0,-268.51698235055153,7.112409660525664,0.0,0.0,0.0,0.0,0.0,0.0,0.0,0.0,-268.60772514875583,0.0,0.0,0.0,0.0,0.0,0.0,0.0,742.8157400147884,846.0514702379676,251.55036135789734,0.0,969.0492440007818,566.8492733082993,0.0,1000.0,0.0,-1000.0,18.689059108806987,0.0,0.0,7.112409660525664,358.9442924775022,0.0,0.0,0.0,-25.05464843081336,0.0,0.0,-656.2500000000006,656.2500000000006,0.0,0.0,0.0,0.0,0.0,271.63354900673505,-292.97077798831197,173.54279571682616,0.0,0.0,0.0,0.0,0.0,0.0,0.0,0.0,0.0,0.0,0.0,0.0,7.552047834604991,-11.471300723904964,-602.5180181263092,0.0,42.67445796315399,0.0,0.0,0.0,0.0,323.259857770326,0.0,0.0,0.15647301253147816,0.0,0.0,0.0,86.77139785841311,0.0,0.0,0.0,0.0,629.3981599270898,0.0,0.0,0.0,0.0,0.0,0.0,0.0,0.0,0.0,0.0,0.014224819321051463,0.014224819321051463,0.0,0.0,0.0,0.0,0.0,0.0,0.0,0.0,0.0,0.0,0.0,0.0,0.0,0.0,0.0,268.51698235055153,0.0,0.0,0.0,0.0,0.0,0.0,0.0,289.0661789200912,0.0,0.0,0.0,0.0,563.038973168341,0.0,-970.270872307484,0.0,0.0,0.0,85.348915926308,0.0,0.0,0.0,0.0,0.0,914.651084073692,-1000.0,0.0,0.0,0.0,0.0,0.0,0.0,0.0,0.0,0.0,0.0,0.0,0.0,829.4730880002103,-952.1404339874791,815.1378488516781,0.0,-42.67445796315399,0.0,898.377800659477,0.0,0.0,0.0,0.0,0.0,0.0,0.0,0.0,0.0,914.0625,0.0,-914.0625,-914.0625,0.0,0.0,0.0,0.0,-17.78102415131416,0.0,-10.668614490788496,1000.0,0.0,0.0,0.0,0.0,0.0,0.0,-1.778102415131416,43.74370753962012,0.0,0.0,0.0,0.0,0.0,0.0,0.0,1000.0,42.67445796315399,42.67445796315399,0.0,0.0,0.0,0.0,0.0,0.15647301253147816,268.51698235055153,0.0,0.0,-898.377800659477,0.0,0.0,0.0,0.0,0.0,0.0,0.0,0.0,0.0,0.0,0.0,0.0,0.0,0.0,435.36532958111235,0.0,0.0,44.096939895259126,0.0,149.36060287103896,10.953110877209497,0.0,0.0,0.0,0.0,0.0,268.51698235055153,0.0,-11.692801481906145,0.0,0.0,0.0,-17.78102415131416,0.0,0.0,0.0,0.0,0.0,0.0,0.0,0.0,0.0,0.0,0.0,0.0,0.0,0.0,0.0,0.0,0.0,0.0,-0.14224819321051327,0.0,0.0,7.112409660525664,-454.9111930768406,0.0,0.0,0.0,0.0,0.0,0.0,0.0,0.0,-705.4502670670513,3.556204830262832,0.0,0.0,0.0,0.14224819321051327,0.0,142.24819321051328,0.0,28.44963864210266,1.0160585229322376,485.0663388478504,-0.10668614490788496,7.112409660525664,2.844963864210266,-0.7112409660528556,-485.0663388478504,42.67445796315399,-0.14224819321051324,10.49720968353472,1.6844027237056594,0.03556204830262832,1.0160585229322376,-31.49162905060416,-22.64591235911564,-2.844963864210266,-29.729127692516045,-0.14224819321051327,0.03556204830262832,-485.0663388478504,14.224819321051328,0.14224819321051327,0.14224819321051327,-268.21826114480956,0.15647301253156473,-19.10390248914939,-0.10668614490788496,42.67445796315399,0.14224819321051324,42.67445796315399,-71.12409660525665,-0.07112409660525663,-578.3661224683036,-170.0,-0.10668614490788496,-0.14224819321051327,0.0,0.14224819321051327,14.224819321051328,-2.844963864210266,155.63293248573817,155.63293248573817,-14.224819321051328,29.729127692516045,-155.63293248573817,28.449638642102656,0.21337228981576992,-645.5665611473737,14.224819321051328,-333.3333333333333,1.6844027237056594,-28.449638642102656,0.07112409660525663,1.422481932105133,250.0,280.0,-0.14224819321051327,-300.52282582291696,268.21826114480956,44.096939895259126,0.14224819321051327,22.64591235911564,-169.0134291289104,1.6844027237056594,-0.14224819321051327,-0.03556204830262832,-1.6844027237056594,-0.14224819321051327,-85.77518067894867,0.14224819321051327,-0.03556204830262832,-0.03556204830262832,-0.03556204830262832,56.89927728420531,71.12409660525665,1.422481932105133,105.38813014484157,-0.03556204830262832,489.5027903164653,7.112409660525664,50.0,0.14224819321051327,0.07112409660525663,0.07112409660525663,15.067020682904158,0.0,0.14224819321051327,0.0,1.422481932105133,0.14224819321051327,-105.38813014484157,0.14224819321051327,0.5689927728423072,0.7112409660528556,0.07112409660525663,0.03556204830262832,42.67445796315399,-0.14224819321051327,19.10390248914939,1.422481932105133,-210.77626028968314,3.556204830262832,-14.224819321051328,28.449638642102656,7.112409660525664,-0.14224819321051327,31.49162905060416,0.21337228981576992,-0.14224819321051327,-30.134041365808315,0.0,33.02389787433202,0.07112409660525663,-100.0,-0.14224819321051324,-0.14224819321051327,-0.14224819321051327,0.07112409660525663,485.0663388478504,-28.449638642102656,0.14224819321051327,500.0,-0.03556204830262832,-0.15647301253156473,-500.0,21.33722898157699,170.0,118.71573948505727,485.0663388478504,-0.10668614490788496,300.52282582291696,-280.0,0.14224819321051327,-0.03556204830262831,7.112409660525664,142.24819321051328,-0.07112409660525663,-0.14224819321051327,0.03556204830262832,0.0,0.0,345.49543705076843,0.0,-255.0,0.0,313.702562788705,-30.947294031965498,0.0,-80.0,-255.0,-325.0,-300.0,40.0,127.5,127.5,0.0,15.473647015982749,-268.51698235055153,-356.283755644658,300.0,325.0,-356.283755644658,-313.702562788705,234.24558629828203,0.0,1496.5981,hplb
373,0.0,0.0,0.0,0.0,0.0,0.0,0.0,0.0,175.622970976359,0.0,0.0,0.0,0.0,0.0,0.0,0.0,-868.7112336046824,1000.0,0.0,168.71123360468243,0.0,0.0,0.0,18.948266799733567,0.0,0.0,0.0,0.0,0.0,700.7373946892995,0.0,0.0,512.7424454234443,0.0,0.0,0.0,0.0,-101.3005425648441,0.0,-1000.0,757.1776442187542,0.0,0.0,-896.2127836660997,0.0,0.0,0.0,0.0,-935.8133774185172,-419.79972020759794,0.0,-1000.0,0.0,0.02423756374943764,0.0,0.0,0.0,4.406829772671256,0.0,0.0,-6.907611297387717,0.0,0.0,-247.17005682906745,0.0,0.0,0.0,0.0,0.0,0.0,0.0,0.22034148863356284,0.0,0.0,0.0,0.0,0.0,0.0,0.0,670.9897167536355,0.0,0.0,0.0,0.0,13.220489318013772,0.0,85.05461909804752,767.9066887092587,-167.90668870925867,236.07625150504134,-0.00550853721583907,0.0,0.0,496.13818976023595,6.610244659006886,0.0,6.610244659006885,0.0,0.0,0.0,0.0,1.101707443167814,260.5911602595471,0.0,0.0,-28.23982880700036,0.0,0.0,0.0,0.0,0.0,0.0,0.0,0.0,0.0,0.0,0.0,0.0,0.0,0.0,0.0,0.0,0.0,0.0,-698.1456192298042,0.0,0.0,6.610244659006885,0.0,6.830586147640449,6.830586147640449,0.0,-1000.0,248.297175853534,751.702824146466,-751.7028241464661,0.0,0.0,0.0,-240.26244553167973,0.0,0.0,0.0,0.0,0.0,86.75124856052595,0.02203414886335628,0.0,0.0,0.0,0.0,0.0,0.0,0.0,293.0337887212157,0.0,-206.79091642952412,0.0,0.0,0.0,0.0,0.0,999.9779658511367,999.9779658511367,0.0,0.0,0.0,-828.125,735.8612042511713,0.0,0.0,1000.0,0.0,0.0,0.0,-510.5328820459101,-1000.0,0.0,0.0,0.0,0.0,0.0,0.0,0.0,0.0,0.0,-275.679641937868,0.0,0.0,0.0,0.0,-1000.0,0.0,0.0,0.0,0.0,0.0,419.79972020759794,1000.0,167.90668870925867,-167.90668870925867,0.0,0.0,0.0,0.0,0.0,0.0,0.0,440.1462344297525,-682.1610983805908,0.0,0.0,0.0,0.0,0.0,0.0,0.0,0.0,0.0,0.0,0.0,0.0,0.0,0.0,61.40380354812589,103.78721633390035,0.0,0.0,0.0,240.26244553167973,114.00384501546638,0.0,0.0,0.0,0.0,-6.907611297387717,1000.0,0.0,0.0,79.73464129168025,0.0,0.0,0.0,0.0,0.0,282.2834286564108,0.0,0.0,0.0,-632.6680333229361,-968.4814107414534,1000.0,0.0,-103.78721633390035,0.0,0.0,240.26244553167973,26.881661613294668,0.0,0.0,0.0,-135.00872347360666,0.0,0.0,-779.8210316853824,-779.8210316853824,0.0,0.0,0.0,779.8210316853824,0.0,0.0,504.52461102319967,419.79972020759794,0.0,-38.867397391421434,0.0,0.0,0.0,0.0,0.0,0.0,0.0,1000.0,0.0,240.26244553167973,44.795161239135155,-828.125,0.0,0.0,-6.907611297387717,-0.03305122329503442,0.0,0.0,0.0,0.0,0.02203414886335628,0.0,0.0,0.0,597.102481669116,-868.7112336046824,0.0,-43.25457290958957,-641.6527697466743,1000.0,763.787888877761,0.0,-537.0219653517536,0.0,-28.23982880700036,0.0,0.0,0.0,374.68015571600495,0.0,162.34180963574863,-1000.0,-1000.0,0.0,0.0,0.0,0.0,0.0,0.0,0.0,0.0,0.0,0.0,0.0,0.0,0.0,0.0,0.0,0.0,79.73464129168025,-1000.0,0.0,-898.7875940306099,0.0,0.0,281.57392906301027,0.0,0.0,0.0,-369.03467721693676,0.0,0.0,0.0,0.0,0.0,0.0,0.0,-792.7064034852397,0.0,0.0,-444.1490906921183,-1.101707443167814,-1000.0,431.4119129866024,0.0,791.6046960420719,-110.72686997250332,-0.550853721583907,0.0,0.0,0.0,-54.70085339478857,908.5446500723631,0.0,6.610244659006885,93.75000000000182,-93.75000000000182,0.0,0.0,0.0,175.64500512522235,0.0,0.0,0.0,0.0,-809.2425084956752,0.0,0.0,-255.2079255918693,0.0,0.0,440.1462344297525,0.0,0.0,-83.96842993035972,0.0,546.8437500000005,0.0,0.0,0.0,0.0,0.0,54.793558889119005,0.0440682977268807,0.0,0.0,0.0,0.0,0.0,0.0,0.0,0.0,0.0,0.0,0.0,0.0,0.0,0.0,0.0,0.0,0.0,0.0,0.0,0.02423756374943764,0.02423756374943764,0.0,275.59317022732876,0.0,13.220489318013772,0.0,0.0,0.0,1000.0,0.0,0.0,85.05461909804752,0.0,0.0,-782.4057489508284,-1000.0,0.0,0.0,0.0,0.0,0.0,0.0,0.0,0.0,0.0,0.0,0.0,0.0,0.0,232.71520640993472,-597.102481669116,0.0,0.0,86.75124856052595,0.0,0.0,496.13818976023595,382.1343447447696,0.0,-782.4057489508284,0.0,-727.6121900617094,0.0,765.6250000000259,-765.6250000000259,0.0,0.0,0.0,0.0,0.0,0.0,0.0,0.0,0.0,0.0,0.0,0.0,0.0,0.0,13.220489318013772,240.26244553167973,240.26244553167973,0.0,0.0,0.0,0.0,0.0,0.0,0.0,0.0,0.0,0.0,0.22034148863356284,0.0,0.0,85.05461909804752,-85.05461909804752,0.0,1000.0,0.0,0.0,6.610244659006885,0.0,0.0,0.0,0.0,0.0,0.0,0.0,0.0,0.0,0.0,48.077411597090574,825.6639878866961,0.0,6.610244659006886,6.610244659006886,1000.0,-1000.0,0.0,0.0,0.0,0.0,0.0,0.0,0.0,741.6795233925886,440.1462344297525,856.6171595048328,0.02203414886335628,0.0,0.0,0.0,1.7768967190520883,401.4692289203246,0.0,-496.13818976023595,0.0,0.0,0.0,0.0,0.0,0.0,0.0,0.0,0.0,0.0,0.0,0.0,0.0,0.0,0.02203414886335628,0.0,0.0,0.0,0.0,0.0,0.0,0.0,0.0,0.0,0.0,13.751657815463659,-293.0337887212157,0.0,0.0,-1.652561164751721,-1.101707443167814,0.0,0.0,-765.6249999999999,-765.625,765.6249999999999,0.0,0.0,0.0,0.0,0.0,0.0,0.0,240.26244553167973,1000.0,0.0,0.0,-53.599145951620756,0.0,0.0,0.0,175.622970976359,0.0,0.0,0.02203414886335628,0.0,0.02203414886335628,0.0,0.0,0.0,13.220489318013772,26.881661613294668,26.881661613294668,0.0,0.0,0.0,0.0,0.0,0.0,0.0,0.0,0.0,440.1462344297525,0.0,0.0,0.0,376.5772959331396,0.0,0.0,0.0,0.0,0.0,0.0,0.0,0.0,0.0,0.0,0.0,0.0,0.0,114.00384501546638,0.0,-918.6485719429481,918.6485719429481,0.03305122329503442,0.0,0.0,0.0,-6.610244659006885,0.0,0.0,0.0,0.0,0.0,-275.59317022732876,1.101707443167814,0.0,0.0,0.0,828.125,-735.8612042511713,369.03467721693676,0.0,0.0,546.8437500000005,0.0,0.0,0.0,0.0,0.0,240.26244553167973,0.0,0.0,0.0,275.59317022732876,0.0,320.59317022732876,373.22940011332423,101.21240596939015,0.0,0.0,-101.21240596939015,293.0337887212157,0.0,0.0,1.101707443167814,1000.0,0.0,0.0,0.0,-254.07766812645477,0.0,0.0,0.0,0.0,0.0,0.0,0.0,0.0,0.0,552.9253733299485,-280.550853721584,26.881661613294668,0.0,0.0,0.0,0.0,0.0,0.0,0.0,0.0,0.0,282.2834286564108,0.0,0.0,0.0,-1.7768967190520883,-510.14797102101693,0.0,6.610244659006885,85.05461909804752,0.0,0.0,0.0,-214.40555722629853,0.0,0.0,0.02423756374943764,0.0,0.0,0.0,13.440830806647334,0.0,0.0,0.0,0.0,61.40380354812589,0.0,0.0,0.0,0.0,0.0,0.0,0.0,0.0,0.0,0.0,636.5882720243457,0.002203414886335628,0.0,0.0,0.0,0.0,0.0,0.0,0.0,0.0,0.0,0.0,0.0,0.0,0.0,0.0,0.0,275.59317022732876,0.0,0.0,0.0,0.0,0.0,0.0,0.0,419.79972020759794,0.0,0.0,0.0,170.10923819609505,0.0,-1000.0,1000.0,0.0,0.0,0.0,13.220489318013772,0.0,0.0,0.0,0.0,0.0,0.0,-13.220489318013772,0.0,170.10923819609505,0.0,0.0,0.0,0.0,0.0,0.0,0.0,0.0,0.0,0.0,-927.6430915560869,2.2706836521357445,391.67068790453874,0.0,-6.610244659006885,0.0,-101.3005425648441,0.0,0.0,0.0,0.0,0.0,0.0,0.0,0.0,0.0,0.0,0.0,0.0,0.0,0.0,0.0,0.0,0.0,-2.7542686079195846,240.26244553167973,-1.652561164751721,655.4755884899719,0.0,0.0,0.0,0.0,0.0,-0.27542686079195355,0.0,377.00221865157545,0.0,0.0,0.0,0.0,0.0,0.0,0.0,928.9740679487459,6.610244659006886,6.610244659006886,0.0,0.0,0.0,0.0,670.9897167536355,0.02423756374943764,275.59317022732876,0.0,0.0,101.3005425648441,636.5860686094593,0.0,0.0,0.0,0.0,0.0,0.0,0.0,0.0,0.0,0.0,0.0,0.0,0.0,459.32428597147407,0.0,0.0,6.830586147640449,0.0,23.1358563065241,86.75124856052595,0.0,0.0,0.0,0.0,0.0,275.59317022732876,0.0,-88.56245559709431,0.0,0.0,0.0,-2.7542686079195846,0.0,0.0,0.0,0.0,0.0,0.0,0.0,0.0,0.0,0.0,0.0,0.0,0.0,0.0,0.0,0.0,0.0,0.0,-0.02203414886335628,0.0,0.0,1.101707443167814,782.4057489508284,0.0,0.0,0.0,0.0,240.26244553167973,0.0,0.0,0.0,-374.68015571600495,0.550853721583907,0.0,0.0,0.0,0.02203414886335628,0.0,22.034148863356283,0.0,4.406829772671257,0.157386777595402,75.13644762404493,-0.01652561164751721,1.101707443167811,0.44068297726712563,-0.11017074431730123,-75.13644762404493,6.610244659006886,-0.02203414886335628,9.41327626900012,0.0,0.00550853721583907,0.157386777595402,-28.239828807000357,-88.56245559709431,-0.44068297726712563,-300.0,-0.02203414886335628,0.00550853721583907,-75.13644762404493,2.203414886335628,0.02203414886335628,0.02203414886335628,-275.54689851471596,-85.0303815342978,0.0,-0.01652561164751721,6.610244659006886,0.02203414886335628,6.610244659006885,-11.017074431678143,-0.01101707443167814,263.27057404352485,-116.22929405066537,-0.01652561164751721,-0.02203414886335628,0.0,0.02203414886335628,2.203414886335622,-0.44068297726712563,114.00384501546638,114.00384501546638,-2.203414886335628,300.0,-114.00384501546638,4.406829772671256,0.03305122329503442,-1000.0,2.203414886335628,-232.71520640993472,0.0,-4.406829772671256,0.01101707443167814,0.22034148863356284,10.813643227397392,280.0,-0.02203414886335628,-280.550853721584,275.54689851471596,6.830586147640449,0.02203414886335628,88.56245559709431,-26.440978636027467,0.0,-0.02203414886335628,-0.00550853721583907,0.0,-0.02203414886335628,54.793558889119005,0.022034148863326664,-0.00550853721583907,-0.00550853721583907,-0.00550853721583907,8.813659545342512,11.017074431678143,0.22034148863356284,16.324550039140377,-0.00550853721583907,12.214010185794665,1.101707443167814,-26.295072001391688,0.02203414886335628,0.01101707443167814,0.01101707443167814,-117.92780787950424,0.0,0.02203414886335628,0.0,0.22034148863356284,0.02203414886335628,-16.324550039140377,0.02203414886335628,0.08813659545394614,0.11017074431730123,0.01101707443167814,0.00550853721583907,6.610244659006886,-0.02203414886335628,0.0,0.22034148863356282,-32.64910007828075,0.55085372158391,-2.203414886335622,4.406829772671256,1.101707443167814,-0.02203414886335628,28.239828807000357,0.03305122329503442,-0.02203414886335628,235.8556157590085,0.0,337.00962289003724,0.01101707443167814,52.590144002783376,-0.02203414886335628,-0.022034148863326664,-0.02203414886335628,0.01101707443167814,75.13644762404493,-4.406829772671256,0.02203414886335628,21.627286454794785,-0.00550853721583907,85.0303815342978,-21.627286454794785,3.305122329503442,116.22929405066537,369.7398008714674,75.13644762404493,-0.01652561164751721,280.550853721584,-280.0,0.02203414886335628,-0.00550853721583907,1.101707443167814,22.034148863356283,-0.01101707443167814,-0.02203414886335628,0.00550853721583907,1000.0,0.0,763.9127314205269,0.0,-255.0,0.0,647.4991082501208,-140.0,0.0,148.5745675567931,431.60627860967975,-325.0,-236.07625150504134,-74.28728377839656,127.5,-215.80313930483987,0.0,70.0,-275.59317022732876,-122.60406566373871,236.07625150504134,325.0,-122.60406566373871,-647.4991082501208,335.8683359999063,0.0,1496.5981,hplb
374,0.0,0.0,0.0,0.0,0.0,0.0,0.0,0.0,99.91509611313711,0.0,0.0,0.0,0.0,0.0,0.0,0.0,-515.3072282446211,-115.81120770276283,0.0,594.5561075111456,0.0,0.0,0.0,547.1345360324135,0.0,0.0,0.0,0.0,0.0,515.3072282446211,0.0,0.0,758.7052397049614,0.0,0.0,0.0,0.0,999.8971431993895,0.0,-1000.0,106.63406698258746,0.0,0.0,0.0,0.0,0.0,0.0,0.0,0.0,-196.32318722332724,0.0,0.0,0.0,0.02828562016798608,0.0,0.0,0.0,0.0,0.0,0.0,42.66630407416584,0.0,92.12629982866156,0.0,0.0,0.0,0.0,0.0,383.17362211628136,0.0,0.0,0.2571420015264998,0.0,0.0,0.0,0.0,0.0,0.0,0.0,367.60964132016016,0.0,0.0,-842.4646903867822,0.0,15.428520091589986,0.0,0.0,-54.61262045781956,397.2991712881055,0.0,-0.006428550038162494,0.0,0.0,0.0,7.714260045794993,0.0,7.714260045794993,-752.796030567532,0.0,0.0,0.0,600.5263085006852,515.3072282446211,0.0,0.0,-17.356000769221033,0.0,0.0,0.0,0.0,0.0,0.0,0.0,0.0,0.0,0.0,0.0,0.0,0.0,0.0,0.0,0.0,0.0,0.0,-194.47947785301085,0.0,0.0,7.714260045794993,0.0,7.971402047321493,0.0,0.0,-214.9819131573107,214.9819131573107,0.0,0.0,-755.5657360586148,0.0,0.0,620.7731321557874,0.0,0.0,0.0,0.0,0.0,844.4446837985363,0.025714200152649972,0.0,0.0,0.0,0.0,0.0,0.0,0.0,0.0,0.0,73.76872458048274,0.0,0.0,0.0,0.0,0.0,901.3822579952409,901.3822579952409,0.0,0.0,0.0,0.0,103.81528982294435,0.0,0.0,901.4079721953935,0.0,0.0,0.0,758.874074140816,0.0,0.0,0.0,0.0,0.0,0.0,0.0,0.0,0.0,0.0,-296.5353941862006,0.0,0.0,0.0,0.0,-600.0614769948286,0.0,0.0,0.0,0.0,0.0,196.32318722332724,0.0,-97.29917128810553,97.29917128810553,134.7926039028274,0.0,0.0,0.0,0.0,0.0,0.0,0.0,-724.3126396959257,0.0,0.0,0.0,0.0,0.0,0.0,0.0,0.0,0.0,0.0,0.0,0.0,0.0,77.94013606782676,-89.71431993894001,0.0,0.0,0.0,0.0,0.0,-134.7926039028274,0.0,0.0,0.0,0.0,42.66630407416584,0.0,0.0,0.0,0.0,0.0,0.0,0.0,0.0,0.0,155.5553162014637,5.142840030529995,0.0,0.0,-515.3457995448501,-20.7474569686392,-151.9117917459251,0.0,0.0,0.0,0.0,134.7926039028274,-554.9002244785138,0.0,0.0,0.0,50.63916283866988,0.0,0.0,-1000.0,-595.0625802753074,-595.0625802753074,-404.93741972469263,0.0,0.0,300.0,0.0,436.05834897809666,196.32318722332724,0.0,71.74261842589344,0.0,0.0,0.0,-1000.0,0.0,1000.0,0.0,901.3565437950882,0.0,0.0,0.0,0.0,0.0,0.0,42.66630407416584,-0.03857130022897496,0.0,0.0,0.0,0.0,0.025714200152649972,0.0,0.0,0.0,436.7919007475699,-515.3072282446211,0.0,-11.570667179480688,-646.266918907527,0.0,114.34832702838244,0.0,529.0994371598658,0.0,-17.356000769221033,0.0,0.0,0.0,-2.2139926331432336,-526.8854445267226,0.0,-515.3072282446211,-1000.0,0.0,0.0,0.0,0.0,0.0,0.0,0.0,0.0,0.0,0.0,0.0,0.0,0.0,0.0,0.0,0.0,0.0,0.0,0.0,-1000.0,0.0,0.0,907.5233495240807,0.0,966.5533121750392,0.0,-1000.0,0.0,842.4646903867822,0.0,0.0,599.2405984930527,143.71182241044124,1000.0,699.0939907458412,-632.5395583960703,0.0,0.0,0.0,899.4698325164024,-934.0940030219456,-1000.0,-1000.0,0.0,631.896703392254,-1.2857100076324988,770.7477861610414,0.0,964.2505047300751,0.0,-867.3763205186712,7.714260045794993,0.0,0.0,0.0,0.0,0.0,99.94081031328976,0.0,-77.94013606782676,77.94013606782676,77.94013606782676,-1000.0,0.0,0.0,0.0,0.0,0.0,0.0,0.0,0.0,-49.459995754495715,0.0,0.0,0.0,0.0,0.0,0.0,0.0,-97.42857998473501,0.05142840030527144,0.0,0.0,0.0,0.0,0.0,0.0,0.0,0.0,0.0,0.0,0.0,0.0,0.0,0.0,0.0,0.0,0.0,0.0,0.0,0.02828562016798608,0.02828562016798608,0.0,0.0,0.0,15.428520091589986,0.0,0.0,0.0,1000.0,0.0,0.0,0.0,0.0,0.0,-648.7417909351836,-1000.0,0.0,0.0,1.2238263446463131,0.0,0.0,0.0,0.0,0.0,0.0,0.0,0.0,0.0,0.0,64.82649261767028,-436.7919007475699,0.0,0.0,1.9799934117540374,0.0,0.0,0.0,0.0,0.0,-648.7417909351836,0.0,-746.1703709199187,0.0,0.0,0.0,77.94013606782676,0.0,0.0,0.0,0.0,0.0,0.0,0.0,0.0,0.0,0.0,0.0,0.0,0.0,15.428520091589986,134.7926039028274,134.7926039028274,0.0,0.0,0.0,0.0,0.0,0.0,0.0,0.0,0.0,0.0,0.2571420015264998,0.0,0.0,0.0,0.0,0.0,0.0,0.0,0.0,7.714260045794993,-1.2238263446463131,0.0,0.0,0.0,0.0,0.0,0.0,0.0,0.0,0.0,0.0,0.0,0.0,7.714260045794993,7.714260045794993,1000.0,-1000.0,0.0,0.0,0.0,0.0,0.0,0.0,0.0,-1000.0,0.0,-853.9945481134345,0.025714200152649972,0.0,0.0,-642.9631671679874,676.9224419267264,636.629524297556,0.0,0.0,0.0,0.0,0.0,0.0,0.0,0.0,0.0,0.0,0.0,0.0,0.0,0.0,0.0,0.0,0.025714200152649972,0.0,0.0,0.0,0.0,0.0,0.0,0.0,0.0,0.0,0.0,907.5233495240807,0.0,-157.53530961321775,-1000.0,-1.9285650114487483,-1.2857100076324983,0.0,0.0,0.0,0.0,0.0,0.0,0.0,0.0,0.0,0.0,0.0,0.0,134.7926039028274,0.0,0.0,0.0,98.15989421903657,0.0,0.0,0.0,99.91509611313711,0.0,0.0,0.025714200152649972,0.0,0.025714200152649972,0.0,383.17362211628136,0.0,15.428520091589986,31.37132418623297,31.37132418623297,0.0,0.0,0.0,0.0,0.0,0.0,842.4646903867822,0.0,0.0,0.0,0.0,0.0,0.0,0.0,0.0,0.0,0.0,0.0,0.0,0.0,0.0,0.0,0.0,0.0,0.0,0.0,0.0,0.0,0.0,0.0,0.0,0.03857130022897496,0.0,0.0,0.0,-7.714260045794993,0.0,0.0,0.0,0.0,0.0,0.0,1.2857100076324988,0.0,0.0,0.0,0.0,-103.81528982294435,1000.0,0.0,0.0,0.0,0.0,0.0,0.0,0.0,0.0,134.7926039028274,0.0,1.2238263446463131,-80.18930925448329,-77.94013606782676,0.0,278.9016353231556,619.273523528335,0.0,0.0,1000.0,-1000.0,0.0,-586.2715486647468,0.0,1.2857100076324983,1000.0,0.0,0.0,0.0,-49.459995754495715,0.0,0.0,0.0,0.0,0.0,0.0,0.0,0.0,0.0,292.67826416330314,0.0,31.37132418623297,0.0,0.0,0.0,0.0,0.0,0.0,0.0,0.0,0.0,155.5553162014637,0.0,0.0,5.785695034346258,-33.95927475873896,-5.278296052903954,0.0,7.714260045794993,0.0,0.0,0.0,0.0,-173.55853412131495,0.0,0.0,0.02828562016798608,0.0,0.0,0.0,15.685662093116486,0.0,0.0,0.0,0.0,-89.71431993894001,0.0,0.0,0.0,0.0,0.0,0.0,0.0,0.0,0.0,0.0,0.002571420015265071,0.002571420015265071,0.0,0.0,0.0,0.0,0.0,0.0,0.0,0.0,0.0,-642.9631671679874,0.0,0.0,0.0,0.0,0.0,0.0,0.0,0.0,0.0,0.0,0.0,0.0,0.0,196.32318722332724,0.0,0.0,0.0,0.0,0.0,0.0,-115.81120770276283,0.0,0.0,0.0,15.428520091589986,0.0,0.0,0.0,0.0,0.0,0.0,-15.428520091589986,0.0,0.0,0.0,0.0,0.0,0.0,0.0,0.0,0.0,0.0,0.0,0.0,853.9945481134345,-1000.0,17.614227104565238,0.0,-7.714260045794993,0.0,999.8971431993895,0.0,0.0,0.0,0.0,0.0,0.0,0.0,0.0,0.0,0.0,0.0,0.0,0.0,0.0,0.0,0.0,0.0,-3.2142750190812466,134.7926039028274,-601.1691635045014,-1.9285650114487525,0.0,0.0,0.0,0.0,0.0,0.0,-0.32142750190812475,49.459995754495715,0.0,0.0,0.0,0.0,0.0,0.0,0.0,1000.0,7.714260045794993,7.714260045794993,0.0,0.0,0.0,0.0,367.60964132016016,0.02828562016798608,0.0,0.0,0.0,-999.8971431993895,0.0,0.0,0.0,0.0,0.0,0.0,0.0,0.0,0.0,0.0,0.0,0.0,0.0,0.0,191.58681105814068,0.0,0.0,0.0,0.0,26.99991016028248,844.4446837985363,0.0,0.0,0.0,0.0,0.0,0.0,0.0,-846.5583910510836,0.0,0.0,0.0,-3.2142750190812466,0.0,0.0,0.0,0.0,0.0,0.0,0.0,0.0,0.0,0.0,0.0,0.0,0.0,0.0,0.0,0.0,0.0,0.0,-0.025714200152649972,0.0,0.0,1.2857100076324988,648.7417909351836,0.0,0.0,0.0,0.0,134.7926039028274,0.0,0.0,0.0,2.2139926331432336,0.6428550038162494,0.0,0.0,0.0,0.025714200152649972,0.0,25.714200152649973,-7.971402047321493,5.142840030529995,0.1836728582332141,71.74261842589344,-0.01928565011448748,300.90600925415885,0.5142840030529995,-0.12857100076318878,-71.74261842589344,7.714260045794993,-0.025714200152649982,5.785333589740344,0.0,0.006428550038162494,0.1836728582332141,-17.356000769221033,-4.093700664301423,-0.5142840030529995,36.562328436238374,-0.02571420015265003,0.006428550038162494,-71.74261842589344,2.5714200152649975,0.025714200152649982,0.025714200152649972,0.053999820320636056,0.028285620167915047,-184.79229385369825,-0.01928565011448748,7.714260045794993,0.025714200152649976,7.714260045794993,-12.857100076324988,-0.012857100076324988,145.7355708116576,132.19546968740977,-0.01928565011448748,-0.025714200152649976,-7.971402047321493,0.025714200152649972,2.5714200152649975,-0.5142840030529995,0.0,0.0,-2.5714200152649975,-36.562328436238374,0.0,5.142840030529995,0.03857130022897496,-707.8934389768119,2.5714200152649975,-64.82649261767028,0.0,-5.142840030529995,0.012857100076324988,0.2571420015264998,2.892666794870172,-72.79729603729676,-0.025714200152649972,-5.785695034346258,-0.053999820320636056,7.971402047321493,0.025714200152649976,4.093700664301423,-30.85704018317994,0.0,-0.025714200152649972,-0.006428550038162494,0.0,-0.025714200152649972,-97.42857998473501,0.025714200152649976,-0.006428550038162494,-0.006428550038162494,-0.006428550038162494,10.28568006105999,12.857100076324988,0.2571420015264998,19.051008038094437,-0.006428550038162494,0.0,1.2857100076324988,50.0,0.025714200152649972,0.012857100076324988,0.012857100076324986,2.5714200152649975,7.971402047321493,0.025714200152649972,-7.971402047321493,0.2571420015264998,0.025714200152649976,-19.051008038094437,0.025714200152649976,0.10285680061048785,0.12857100076318878,0.012857100076324988,0.006428550038162494,7.714260045794993,-0.025714200152649976,184.79229385369825,0.25714200152649974,-38.102016076188875,300.2631542503426,-2.5714200152649975,5.142840030529995,1.2857100076324988,-0.025714200152649976,17.356000769221033,0.03857130022897496,-0.025714200152649976,-5.142840030529995,7.971402047321493,333.15737818686694,0.012857100076324988,-100.0,-0.025714200152649976,-0.025714200152649976,-0.025714200152649982,0.012857100076324988,71.74261842589344,-5.142840030529995,0.025714200152649972,5.785333589740344,-0.006428550038162494,-0.028285620167915047,-5.785333589740344,3.8571300228974956,-132.19546968740977,207.16029744037155,71.74261842589344,-0.01928565011448748,5.785695034346258,72.79729603729676,0.02571420015265003,-0.006428550038162493,1.2857100076324983,25.714200152649973,-0.012857100076324988,-0.025714200152649976,0.006428550038162494,829.7959223214979,0.0,407.8805818767356,0.0,-255.0,0.0,140.76117855496355,-140.0,0.0,-80.0,375.583636441135,-284.0444753536856,-300.0,40.0,127.5,-187.7918182205675,0.0,70.0,0.0,-159.59884406555196,300.0,284.0444753536856,-159.59884406555196,-140.76117855496355,84.52339936143925,0.0,1496.5981,hplb
375,0.0,0.0,0.0,0.0,0.0,0.0,0.0,0.0,62.57273523009019,0.0,0.0,0.0,0.0,0.0,0.0,0.0,-1000.0,1000.0,0.0,186.87588352729432,0.0,0.0,0.0,391.536236077422,0.0,631.7199755508611,0.0,0.0,0.0,-523.8931622137045,0.0,0.0,139.4559276541696,0.0,0.0,0.0,0.0,310.9001029666538,0.0,-1000.0,941.8353353783134,0.0,-709.8082729302687,-944.3572059331229,0.0,0.0,642.784098862905,0.0,758.4420952165588,-473.5394745165394,0.0,0.0,0.0,0.027080524000737682,0.0,0.0,0.0,4.923731636472998,0.0,0.0,19.002907260724214,0.0,568.5200449207128,524.0099809074833,339.6658144928992,0.0,0.0,0.0,0.0,711.042684572762,0.0,0.2461865818236499,0.0,0.0,0.0,0.0,0.0,0.0,0.0,0.0,0.0,0.0,-641.1215714606733,0.0,14.771194909418995,0.0,0.0,-879.6585111507324,588.5918569960951,157.93391845397093,-0.006154664545591247,0.0,0.0,-424.5441479985173,7.385597454709497,0.0,58.1646646216866,-0.7927207934724286,0.0,0.0,0.0,1.2309329091182495,-954.647615098269,0.0,0.0,0.0,389.32862592862017,0.0,0.0,0.0,0.0,0.0,0.0,0.0,0.0,0.0,0.0,0.0,0.0,0.0,0.0,0.0,0.0,0.0,-1000.0,0.0,0.0,58.1646646216866,0.0,7.631784036533146,0.0,0.0,0.0,0.0,0.0,0.0,850.9496201840551,0.0,0.0,-914.4625914580089,0.0,0.0,0.0,0.0,0.0,643.0172081407154,0.024618658182364986,0.0,0.0,0.0,0.0,-389.32862592862017,0.0,0.0,0.0,0.0,-225.77732908129326,0.0,0.0,0.0,0.0,0.0,343.488120224958,343.488120224958,0.0,0.0,0.0,0.0,0.0,0.0,0.0,343.51273888314034,0.0,0.0,0.0,0.0,-539.3328079843885,0.0,0.0,0.0,0.0,0.0,0.0,0.0,0.0,0.0,-335.5899202675043,0.0,0.0,0.0,0.0,-762.1606040418252,0.0,0.0,0.0,0.0,0.0,473.5394745165394,709.8082729302687,-588.5918569960951,588.5918569960951,8.819296971741466,0.0,0.0,0.0,0.0,0.0,0.0,430.75445288456444,-1000.0,0.0,0.0,0.0,0.0,0.0,0.0,0.0,0.0,0.0,0.0,0.0,0.0,0.0,0.0,118.69153419785488,55.64279406687706,0.0,0.0,0.0,54.693674302212315,167.51351552358113,0.0,0.0,0.0,0.0,19.002907260724214,1000.0,0.0,0.0,0.0,0.0,0.0,0.0,0.0,0.0,0.0,0.0,50.7790671669771,0.0,-842.1030095333026,-374.7275684713811,0.0,0.0,-55.64279406687706,0.0,0.0,63.512971273953774,-924.2447061313698,0.0,0.0,0.0,-2.2596300424766014,0.0,0.0,-774.6309637260907,0.0,0.0,-774.6309637260906,0.0,0.0,0.0,0.0,719.500442465373,473.5394745165394,0.0,-107.64675616652437,0.0,0.0,0.0,0.0,0.0,0.0,0.0,986.2476004296806,0.0,54.693674302212315,0.0,0.0,0.0,0.0,19.002907260724214,-0.036927987273547486,0.0,0.0,0.0,0.0,0.024618658182364986,0.0,0.0,0.0,527.663126924816,-1000.0,0.0,-62.45759783397459,-288.50286817939246,539.3328079843885,1000.0,0.0,2.1196664695017615,0.0,0.0,0.0,0.0,0.0,-2.1196664695017615,0.0,0.0,-1000.0,-1000.0,0.0,0.0,0.0,0.0,0.0,0.0,0.0,0.0,0.0,0.0,0.0,0.0,0.0,0.0,0.0,0.0,0.0,-689.0014224006168,0.0,-1000.0,0.0,0.0,0.0,0.0,0.0,0.0,-643.0172081407154,0.0,641.1215714606733,0.0,421.4283982992861,0.0,0.0,450.9335702923888,-1.2309329091182495,0.0,0.0,-781.59975892342,0.0,-454.5774215418405,0.0,-450.9335702923888,0.0,-91.41167589297501,-0.6154664545591247,-1.2309329091182495,0.0,0.0,998.7690670908818,0.0,0.0,58.1646646216866,0.0,0.0,0.0,0.0,0.0,62.59735388827256,0.0,0.0,0.0,0.0,250.076268363527,0.0,0.0,0.0,0.0,0.0,430.75445288456444,0.0,0.0,-25.507156752505352,0.0,-1000.0,0.0,0.0,0.0,0.0,0.0,60.52686957616828,0.04923731636472439,0.0,0.0,0.0,0.0,0.0,0.0,0.0,0.0,0.0,711.042684572762,0.0,0.0,0.0,0.0,0.0,0.0,0.0,0.0,0.0,0.027080524000737682,0.027080524000737682,0.0,229.90045822680852,0.0,14.771194909418995,0.0,0.0,0.0,1000.0,0.0,0.0,0.0,0.0,0.0,13.403259696997463,-1000.0,0.0,0.0,9.794413577539872,0.0,0.0,0.0,0.0,0.0,0.0,0.0,0.0,0.0,0.0,333.3333333333333,-527.663126924816,0.0,0.0,1.8956366800421165,0.0,0.0,-424.5441479985173,-600.87696049384,0.0,13.403259696997463,0.0,971.0423524145539,-897.1122231413881,796.8750000000788,-796.8750000000788,0.0,0.0,0.0,0.0,0.0,0.0,0.0,0.0,0.0,0.0,0.0,0.0,0.0,0.0,14.771194909418995,63.512971273953774,63.512971273953774,0.0,0.0,0.0,0.0,0.0,0.0,0.0,0.0,0.0,0.0,0.2461865818236499,0.0,0.0,0.0,0.0,0.0,709.8082729302687,0.0,0.0,58.1646646216866,-9.794413577539872,0.0,0.0,0.0,0.0,0.0,0.0,0.0,0.0,0.0,112.81984122136882,0.0,0.0,7.385597454709497,7.385597454709497,383.2918814789403,-1000.0,0.0,0.0,0.0,0.0,0.0,0.0,0.0,954.647615098269,430.75445288456444,1000.0,0.024618658182364986,0.0,0.0,32.51245508098187,0.0,0.0,0.0,424.5441479985173,0.0,0.0,0.0,0.0,0.0,0.0,0.0,0.0,0.0,0.0,0.0,0.0,0.0,0.0,0.024618658182364986,0.0,0.0,0.0,-1000.0,1000.0,0.0,0.0,0.0,0.0,-2.688357473514543,0.7927207934724265,0.0,0.0,-310.9985775993832,-1.8463993636773743,0.0,-1.2309329091182495,0.0,0.0,0.0,0.0,0.0,0.0,0.0,0.0,0.0,0.0,0.0,63.512971273953774,539.3328079843885,0.0,0.0,1000.0,0.0,0.0,0.0,62.57273523009019,0.0,0.0,0.024618658182364986,0.0,0.024618658182364986,0.0,0.0,0.0,14.771194909418995,30.034762982485287,30.034762982485287,0.0,0.0,0.0,0.0,0.0,0.0,641.1215714606733,0.0,0.0,430.75445288456444,0.0,0.0,0.0,0.0,0.0,0.0,0.0,0.0,0.0,0.0,0.0,0.0,0.0,0.0,0.0,0.0,0.0,176.3328124953226,0.0,-631.7199755508611,631.7199755508611,0.036927987273547486,0.0,0.0,0.0,-58.1646646216866,0.0,0.0,0.0,0.0,0.0,-229.90045822680852,1.2309329091182495,0.0,0.0,0.0,0.0,0.0,999.2072792065276,-1.2309329091182495,0.0,-1000.0,0.0,0.0,0.0,0.0,0.0,63.512971273953774,0.0,9.794413577539872,0.0,229.90045822680852,0.0,-613.630786248264,0.0,0.0,358.8784285393267,641.1215714606733,-1000.0,0.0,-954.279469113855,0.0,1.2309329091182495,966.9144769966927,0.0,0.0,0.0,-25.507156752505352,234.3749999999985,-234.3749999999985,0.0,0.0,0.0,0.0,0.0,0.0,0.0,331.89712154014956,0.0,30.034762982485287,0.0,0.0,0.0,0.0,0.0,0.0,0.0,0.0,0.0,0.0,0.0,0.0,235.43965631784062,-743.5551396537439,439.3805592476157,-709.8082729302687,7.385597454709497,0.0,0.0,0.0,0.0,-322.5616260089329,0.0,0.0,0.027080524000737682,0.0,0.0,0.0,15.017381491242643,0.0,0.0,0.0,0.0,118.69153419785488,0.0,389.32862592862017,0.0,0.0,0.0,0.0,0.0,0.0,0.0,0.0,0.002461865818236499,0.002461865818236499,0.0,0.0,0.0,0.0,0.0,0.0,0.0,0.0,0.0,32.51245508098187,0.0,0.0,0.0,0.0,0.0,229.90045822680852,0.0,0.0,0.0,0.0,0.0,0.0,0.0,473.5394745165394,0.0,0.0,0.0,0.0,374.6266941394947,0.0,1000.0,0.0,0.0,0.0,14.771194909418995,0.0,0.0,0.0,0.0,0.0,0.0,-14.771194909418995,0.0,0.0,0.0,0.0,0.0,0.0,0.0,0.0,0.0,0.0,0.0,0.0,-1000.0,-1000.0,16.863780854920016,0.0,-58.1646646216866,0.0,310.9001029666538,0.0,0.0,0.0,0.0,0.0,0.0,0.0,0.0,0.0,945.3125,0.0,-945.3125,-945.3125,0.0,0.0,0.0,0.0,-3.0773322727956236,63.512971273953774,-1.8463993636773743,-1.8463993636773737,0.0,0.0,0.0,0.0,0.0,0.0,-0.30773322727956237,25.507156752505352,0.0,0.0,0.0,0.0,0.0,0.0,0.0,1000.0,7.385597454709497,7.385597454709497,0.0,0.0,0.0,0.0,0.0,0.027080524000737682,229.90045822680852,0.0,0.0,-310.9001029666538,0.0,0.0,0.0,0.0,0.0,0.0,0.0,0.0,0.0,0.0,0.0,0.0,0.0,0.0,0.0,0.0,0.0,0.0,0.0,25.84959109148324,0.0,0.0,643.0172081407154,0.0,0.0,0.0,229.90045822680852,0.0,-1000.0,0.0,0.0,0.0,-3.0773322727956236,0.0,0.0,0.0,0.0,0.0,0.0,0.0,0.0,0.0,0.0,0.0,0.0,0.0,0.0,0.0,0.0,0.0,0.0,-0.024618658182364986,0.0,0.0,1.2309329091182495,-13.403259696997463,0.0,0.0,0.0,0.0,63.51297127395378,0.0,0.0,0.0,2.1196664695017615,0.6154664545591247,0.0,0.0,631.7199755508611,0.024618658182364986,0.0,24.61865818236499,-7.631784036533146,4.923731636472998,0.1758475584454642,68.68605632879832,-0.018463993636773743,1.2309329091182495,0.4923731636472998,-0.12309329091181098,-68.68605632879832,7.385597454709497,-0.02461865818236499,0.0,0.0,0.006154664545591247,0.1758475584454642,0.0,-3.9192903826327923,-0.4923731636472998,-186.87588352729432,-0.02461865818236499,0.006154664545591247,-68.68605632879832,2.461865818236499,0.02461865818236499,0.024618658182364986,-229.8487590446254,0.02708052400060149,-78.92905807800133,-0.018463993636773743,7.385597454709497,0.02461865818236499,58.1646646216866,38.4697380757946,-0.012309329091182495,304.7063871592946,-170.0,-0.018463993636773743,-0.02461865818236499,-7.631784036533146,0.024618658182364986,2.461865818236499,-0.4923731636472998,176.3328124953226,176.3328124953226,-2.461865818236499,186.87588352729432,-176.3328124953226,4.923731636472998,0.036927987273547486,21.900467742990656,2.461865818236499,-333.3333333333333,0.0,-4.923731636472998,0.012309329091182495,0.2461865818236499,15.614399458493647,234.82418986328153,-0.024618658182364986,-235.43965631784062,229.8487590446254,7.631784036533146,0.02461865818236499,3.9192903826327923,-80.32145698581508,0.0,-0.024618658182364986,-0.006154664545591247,0.0,-0.02461865818236499,-328.8017563524519,0.024618658182251302,-0.006154664545591247,-0.006154664545591247,-0.006154664545591247,9.847463272945996,-38.4697380757946,0.2461865818236499,18.23934838085995,-0.006154664545591247,31.228798916987294,1.2309329091182495,-29.032501878965892,0.024618658182364986,0.012309329091182495,0.012309329091182495,-24.884971332869657,7.631784036533146,0.024618658182364986,-7.631784036533146,0.2461865818236499,0.02461865818236499,-18.23934838085995,0.02461865818236499,0.09847463272950563,0.12309329091181098,0.012309329091182495,0.006154664545591247,7.385597454709497,-0.02461865818236499,78.92905807800133,0.2461865818236499,-36.4786967617199,0.6154664545591249,-2.461865818236499,4.923731636472998,1.2309329091182495,-0.02461865818236499,0.0,0.036927987273547486,-0.02461865818236499,49.769942665739315,7.631784036533146,369.8872122143288,0.012309329091182495,58.065003757931784,-0.02461865818236499,-0.024618658182251302,-0.02461865818236499,0.012309329091182495,68.68605632879832,-4.923731636472998,0.024618658182364986,31.228798916987294,-0.006154664545591247,-0.02708052400060149,-31.228798916987294,3.6927987273547482,170.0,-245.68527900424937,68.68605632879832,-0.018463993636773743,235.43965631784062,-234.82418986328153,0.02461865818236499,-0.006154664545591248,422.6593312084043,24.61865818236499,-0.012309329091182495,-0.02461865818236499,0.006154664545591247,283.8589724081713,0.0,-179.84669552605277,0.0,-255.0,0.0,633.6216065710242,-140.0,0.0,-80.0,-255.0,608.707054611791,-157.93391845397093,40.0,127.5,127.5,0.0,70.0,-229.90045822680852,-47.32558620539593,157.93391845397093,-608.707054611791,-47.32558620539593,-633.6216065710242,355.74059886930144,0.0,1496.5981,hplb
376,0.0,0.0,0.0,0.0,0.0,0.0,0.0,0.0,-0.05092705609244787,0.0,0.0,0.0,0.0,0.0,0.0,0.0,499.60833939691395,-488.5745656051828,0.0,65.82097143753782,0.0,0.0,0.0,1000.0,0.0,0.0,0.0,0.0,0.0,-640.3083165098745,0.0,0.0,478.35824240535135,0.0,0.0,0.0,0.0,829.4166062449876,0.0,-1000.0,1000.0,0.0,0.0,1000.0,0.0,0.0,0.0,0.0,-1000.0,-696.4247657357033,0.0,-947.6681350030397,0.0,0.05601976170163425,0.0,0.0,0.0,0.0,0.0,0.0,-15.905203975743703,0.0,-326.5748156231874,-342.4800195989311,0.0,0.0,0.0,0.0,0.0,0.0,0.0,0.5092705609244786,0.0,0.0,0.0,0.0,0.0,0.0,0.0,0.0,0.0,0.0,0.0,0.0,30.55623365546876,0.0,11.420227902535228,521.2254704818731,100.23402559361239,300.0,-0.012731764023111967,0.0,0.0,0.0,15.27811682773436,0.0,15.27811682773436,0.0,0.0,0.0,0.0,2.5463528046223933,-640.3083165098745,0.0,0.0,-77.92726881703739,0.0,820.5683131508993,0.0,0.0,0.0,0.0,0.0,0.0,0.0,0.0,0.0,0.0,0.0,0.0,0.0,0.0,0.0,0.0,-473.60516457625215,0.0,0.0,15.27811682773436,0.0,15.787387388658837,0.0,0.0,0.0,0.0,0.0,0.0,0.0,0.0,0.0,0.0,0.0,0.0,0.0,0.0,0.0,15.341611221653713,0.05092705609244787,0.0,0.0,0.0,0.0,-322.59065650103327,0.0,0.0,0.0,0.0,108.20763727919679,0.0,0.0,0.0,0.0,0.0,876.9629630086928,876.9629630086928,0.0,0.0,0.0,0.0,0.0,0.0,0.0,877.0138900647852,0.0,0.0,0.0,-357.6602830862308,-669.5142853793038,0.0,0.0,0.0,0.0,0.0,0.0,0.0,0.0,0.0,-838.3356313353122,0.0,0.0,0.0,0.0,-703.6830961626862,0.0,0.0,0.0,0.0,0.0,696.4247657357033,947.6681350030397,-100.23402559361239,100.23402559361239,0.0,0.0,0.0,0.0,0.0,0.0,0.0,0.0,-368.96063672901226,0.0,0.0,0.0,0.0,0.0,0.0,0.0,0.0,0.0,0.0,0.0,0.0,0.0,282.6108941596434,242.96147893801242,193.03184210992117,0.0,0.0,0.0,0.0,116.75866709930592,0.0,0.0,0.0,0.0,-15.905203975743703,-806.9681578900788,0.0,0.0,324.60299511790214,0.0,0.0,0.0,0.0,0.0,1.6398512061774142,10.185411218489573,0.0,0.0,799.5319488127752,1000.0,368.6595798913004,0.0,-193.03184210992117,0.0,0.0,0.0,-475.4739862544001,0.0,0.0,0.0,337.3696704467335,0.0,0.0,-1000.0,-1000.0,0.0,-1000.0,1000.0,0.0,0.0,0.0,-991.8812252461702,696.4247657357033,0.0,25.327819398623618,0.0,0.0,0.0,0.0,0.0,0.0,0.0,842.6513522449947,0.0,0.0,87.28176071528816,0.0,0.0,0.0,-15.905203975743703,-0.0763905841386718,0.0,0.0,0.0,0.0,0.05092705609244787,0.0,0.0,0.0,570.0064610294685,499.60833939691395,0.0,-268.5838698159078,-474.4156151541313,669.5142853793038,928.8071853659027,0.0,381.31162523464235,0.0,-77.92726881703739,0.0,0.0,0.0,-4.384819529559702,623.0731942949174,-1000.0,-1000.0,-1000.0,0.0,0.0,0.0,0.0,0.0,0.0,0.0,0.0,0.0,0.0,0.0,0.0,0.0,0.0,0.0,0.0,324.60299511790214,-170.3796855306425,0.0,-1000.0,0.0,0.0,0.0,0.0,0.0,0.0,-16.981462427831126,0.0,0.0,0.0,0.0,0.0,0.0,-969.1701278778971,-117.79602381108215,0.0,-623.0731942949174,18.881189096659444,0.0,660.9357428405531,270.490976130966,969.1701278778971,0.0,-825.3149362502713,-1.2731764023111967,-2.5463528046223933,-177.89821096632767,0.0,0.0,0.0,-33.10258646009111,15.27811682773436,0.0,0.0,0.0,0.0,0.0,0.0,282.6108941596434,0.0,0.0,0.0,-565.7333589904135,0.0,0.0,0.0,0.0,0.0,0.0,0.0,0.0,-8.969952146416952,0.0,765.6562499999947,86.47093146183167,0.0,0.0,0.0,0.0,-94.90729439075521,0.10185411218496476,0.0,0.0,0.0,0.0,0.0,0.0,0.0,0.0,0.0,0.0,0.0,0.0,0.0,0.0,0.0,0.0,0.0,0.0,0.0,0.05601976170163425,0.05601976170163425,0.0,552.4254829411539,0.0,30.55623365546876,0.0,0.0,0.0,802.6944050886958,0.0,0.0,11.420227902535228,0.0,0.0,-623.2505524908731,-802.6944050886958,0.0,0.0,0.0,0.0,0.0,86.47093146183167,0.0,0.0,0.0,0.0,0.0,0.0,0.0,157.86838819208404,-570.0064610294685,322.59065650103327,115.24967100645976,15.341611221653713,0.0,-877.1341109656859,877.1341109656859,760.37544386638,0.0,-623.2505524908731,0.0,0.0,-718.1578468816283,-296.8750000001408,296.8750000001408,282.6108941596434,0.0,0.0,0.0,0.0,0.0,0.0,0.0,0.0,0.0,0.0,0.0,0.0,0.0,30.55623365546872,0.0,0.0,0.0,0.0,0.0,0.0,0.0,0.0,0.0,0.0,0.0,0.0,0.5092705609244786,0.0,0.0,11.420227902535228,-11.420227902535228,0.0,947.6681350030397,0.0,0.0,15.27811682773436,0.0,0.0,0.0,0.0,115.24967100645976,0.0,0.0,0.0,0.0,0.0,366.9270348084508,0.0,0.0,15.27811682773436,15.27811682773436,1000.0,-802.6944050886958,0.0,86.47093146183167,0.0,0.0,0.0,0.0,0.0,640.3083165098745,0.0,1000.0,0.05092705609244787,0.0,0.0,0.0,67.2564528638049,417.41099916203177,0.0,0.0,0.0,0.0,0.0,0.0,0.0,0.0,0.0,0.0,0.0,0.0,0.0,0.0,0.0,0.0,0.05092705609244787,0.0,0.0,0.0,0.0,0.0,0.0,0.0,0.0,0.0,0.0,-16.981462427831126,0.0,0.0,-829.6203144693575,-3.81952920693359,-2.546352804622391,0.0,0.0,0.0,0.0,0.0,0.0,0.0,0.0,0.0,0.0,0.0,0.0,0.0,669.5142853793038,0.0,0.0,-30.55623365546876,0.0,0.0,0.0,-0.05092705609244787,0.0,0.0,0.05092705609244787,0.0,0.05092705609244787,0.0,0.0,0.0,30.55623365546876,62.131008432786395,62.131008432786395,0.0,0.0,0.0,0.0,0.0,0.0,0.0,322.59065650103327,0.0,0.0,0.0,0.0,0.0,0.0,0.0,0.0,0.0,0.0,0.0,0.0,0.0,0.0,0.0,0.0,0.0,0.0,0.0,116.75866709930592,0.0,0.0,0.0,0.0763905841386718,0.0,0.0,0.0,-15.27811682773436,0.0,0.0,0.0,0.0,0.0,-552.4254829411539,2.5463528046223933,0.0,0.0,0.0,0.0,0.0,-2.546352804622391,0.0,0.0,765.6562499999947,0.0,0.0,0.0,0.0,0.0,0.0,0.0,0.0,903.8914921297601,269.81458878151045,0.0,637.4052452825437,339.4837303449944,0.0,-19.527815232453516,0.0,19.527815232453516,0.0,-537.6049946871865,0.0,2.546352804622391,1000.0,0.0,0.0,0.0,-31.810407951487406,-1000.0,1000.0,-921.8750000000009,921.8750000000009,0.0,0.0,0.0,0.0,0.0,1000.0,-169.30342707855505,62.131008432786395,0.0,0.0,0.0,0.0,0.0,0.0,0.0,0.0,0.0,1.6398512061774142,0.0,0.0,394.5806434833996,-67.2564528638049,-473.24103006318575,0.0,15.27811682773436,11.420227902535228,0.0,0.0,0.0,-95.65577857670999,0.0,0.0,0.05601976170163425,0.0,0.0,0.0,31.065504216393197,0.0,0.0,0.0,0.0,242.96147893801242,0.0,0.0,0.0,0.0,0.0,0.0,0.0,0.0,567.2521929587836,0.0,0.005092705609244787,0.005092705609244787,0.0,0.0,0.0,0.0,0.0,0.0,0.0,0.0,0.0,0.0,0.0,0.0,0.0,0.0,0.0,552.4254829411539,0.0,0.0,0.0,0.0,0.0,0.0,0.0,696.4247657357033,0.0,0.0,0.0,22.840455805070455,1000.0,-979.175440011765,-488.5745656051828,0.0,0.0,0.0,30.55623365546876,0.0,0.0,0.0,0.0,0.0,969.4437663445312,-1000.0,0.0,22.840455805070455,0.0,0.0,0.0,0.0,0.0,0.0,0.0,0.0,0.0,0.0,-1000.0,-1000.0,34.885033423326796,949.304855816181,-964.5829726439154,0.0,829.4166062449876,0.0,0.0,0.0,0.0,0.0,0.0,0.0,0.0,0.0,0.0,0.0,0.0,0.0,0.0,0.0,0.0,0.0,-6.365882011555981,0.0,-3.81952920693359,165.4838978716216,0.0,0.0,0.0,0.0,0.0,-234.73786667988287,234.10127847872727,8.969952146416952,0.0,0.0,0.0,0.0,0.0,0.0,0.0,1000.0,15.27811682773436,15.27811682773436,0.0,0.0,0.0,0.0,0.0,0.05601976170163425,552.4254829411539,0.0,0.0,-829.4166062449876,0.0,0.0,0.0,0.0,0.0,0.0,0.0,0.0,0.0,0.0,0.0,0.0,0.0,0.0,0.0,0.0,0.0,0.0,0.0,53.47340889707026,0.0,0.0,15.341611221653713,0.0,0.0,0.0,552.4254829411539,0.0,0.0,0.0,0.0,0.0,-6.365882011555981,0.0,0.0,0.0,0.0,0.0,0.0,0.0,0.0,0.0,0.0,0.0,0.0,0.0,0.0,0.0,0.0,0.0,0.0,-0.05092705609244787,0.0,0.0,2.5463528046223933,623.2505524908731,0.0,0.0,0.0,0.0,0.0,0.0,0.0,0.0,4.384819529559702,1.2731764023111967,0.0,0.0,0.0,0.05092705609244787,0.0,50.92705609244786,-15.787387388658837,10.185411218489573,0.3637646863746276,142.08648649792954,-0.0381952920693359,2.5463528046223933,1.0185411218489573,-0.2546352804622529,-142.08648649792954,15.27811682773436,-0.05092705609244787,25.975756272345794,86.47093146183167,0.012731764023111967,0.3637646863746276,-77.92726881703739,-19.527815232453516,-1.0185411218489573,-76.85474522926899,-0.05092705609244787,0.012731764023111967,-142.08648649792954,637.340457661422,0.05092705609244787,0.05092705609244787,-552.3185361233598,-11.364208140833535,0.0,-0.0381952920693359,15.27811682773436,0.05092705609244787,15.27811682773436,-25.463528046223935,-0.025463528046223934,47.646900354877985,-121.90229976464316,-0.0381952920693359,-0.05092705609244787,-15.787387388658837,0.05092705609244787,5.092705609244787,-1.0185411218489573,116.75866709930592,116.75866709930592,-5.092705609244831,76.85474522926899,-116.75866709930592,10.185411218489573,0.0763905841386718,699.9745364719538,5.092705609244787,-157.86838819208404,86.47093146183167,-10.185411218489573,0.025463528046223934,0.5092705609244786,67.14596745397695,280.0,-0.05092705609244787,-563.8840705619547,552.3185361233598,15.787387388658837,0.05092705609244787,19.527815232453516,-606.8892879012831,86.47093146183167,-0.05092705609244787,-0.012731764023111967,-86.47093146183167,-0.05092705609244787,-94.90729439075521,0.05092705609242485,-0.012731764023111967,-0.012731764023111967,-0.012731764023111967,20.370822436979147,25.463528046223935,0.5092705609244786,37.730582682493434,-0.012731764023111967,108.31617863560811,2.5463528046223933,50.0,0.05092705609244787,0.025463528046223934,0.025463528046223934,48.32817134016062,15.787387388658837,0.05092705609244787,-15.787387388658837,0.5092705609244786,0.05092705609244787,-37.730582682493434,0.05092705609244787,0.2037082243698496,0.2546352804622529,0.025463528046223934,0.012731764023111967,15.27811682773436,-0.05092705609244787,0.0,0.5092705609244786,-75.46116536498687,1.2731764023111967,-5.092705609244787,10.185411218489573,2.5463528046223933,-0.05092705609244787,77.92726881703739,0.0763905841386718,-0.05092705609244787,-96.65634268032125,15.787387388658837,240.4308974281608,0.025463528046223934,-100.0,-0.05092705609244787,-0.05092705609242485,-0.05092705609244789,0.025463528046223934,142.08648649792954,-10.185411218489573,0.05092705609244787,134.2919349079539,-0.012731764023111967,11.364208140833535,-134.2919349079539,7.639058413867178,121.90229976464316,-886.2243954119447,142.08648649792954,-0.0381952920693359,563.8840705619547,-280.0,0.05092705609244787,-0.01273176402311196,2.546352804622391,50.92705609244786,-0.025463528046223934,-0.05092705609244787,0.012731764023111967,240.28909011048154,0.0,-1000.0,0.0,-255.0,0.0,438.7109435815172,-140.0,632.2477520521771,535.8511631716793,216.06421742692956,-325.0,-300.0,-267.92558158583967,127.5,-108.03210871346478,-632.2477520521771,70.0,-552.4254829411539,-144.77511885145083,300.0,325.0,-144.7751188514508,-438.7109435815172,520.2537629367778,0.0,1496.5981,hplb
377,0.0,0.0,0.0,0.0,0.0,0.0,0.0,0.0,-0.05825991995441349,0.0,0.0,0.0,0.0,0.0,0.0,0.0,-897.5268942205064,345.8318317241572,0.0,772.9326932300067,0.0,0.0,0.0,571.633853640014,0.0,0.0,0.0,0.0,0.0,904.0409491227551,0.0,0.0,112.97745114698522,0.0,0.0,0.0,0.0,441.02940328222644,0.0,-1000.0,965.7057806590366,0.0,-495.90596152937843,228.89518656539644,0.0,0.0,0.0,140.1436715301433,1000.0,0.0,0.0,731.3152029970236,0.0,0.06408591194991245,0.0,0.0,0.0,151.795655521026,0.0,0.0,82.75464175111547,0.0,214.66953097059735,0.0,0.0,0.0,0.0,0.0,208.48034765705881,-208.48034765705881,0.0,0.5825991995441349,0.0,0.0,0.0,0.0,0.0,0.0,0.0,0.0,0.0,0.0,-55.913665470656554,0.0,34.95595197264811,0.0,0.0,-844.0115209643815,694.0912489155687,285.9829887506002,-0.014564979988603372,0.0,0.0,-1000.0,17.477975986324047,0.0,34.29421934096341,0.0,0.0,0.0,0.0,309.5415523445439,126.67370638342027,0.0,0.0,-25.73500462202217,342.5648081697547,0.0,0.0,0.0,0.0,0.0,0.0,0.0,0.0,0.0,0.0,0.0,0.0,0.0,0.0,0.0,0.0,0.0,-685.0078265571003,0.0,0.0,34.29421934096341,0.0,18.06057518586818,18.06057518586818,0.0,-437.96484151646894,0.0,437.96484151646894,-437.96484151646894,0.0,0.0,0.0,-297.4241727217128,0.0,0.0,0.0,0.0,0.0,60.399679307146414,0.05825991995441349,0.0,0.0,0.0,-362.7255947095812,20.160786539826447,0.0,0.0,55.913665470656554,0.0,104.00301512358556,0.0,0.0,0.0,0.0,0.0,180.55880301205605,180.55880301205605,0.0,0.0,0.0,46.87500000000001,76.10985392795601,0.0,0.0,180.61706293201047,0.0,0.0,0.0,-69.81580935447721,0.0,0.0,0.0,0.0,0.0,0.0,0.0,0.0,0.0,0.0,-207.4449293720443,0.0,0.0,0.0,0.0,-1000.0,0.0,0.0,0.0,0.0,0.0,0.0,-235.4092414676451,-694.0912489155687,694.0912489155687,297.4241727217128,0.0,0.0,0.0,0.0,0.0,0.0,777.3672427393349,-693.9344739851845,0.0,0.0,0.0,0.0,0.0,0.0,0.0,0.0,0.0,0.0,0.0,0.0,0.0,105.81150466054197,62.316372254691814,-771.1048134346036,0.0,0.0,0.0,0.0,-19.079595375307235,0.0,0.0,0.0,0.0,82.75464175111547,-1000.0,0.0,0.0,279.4381435747664,0.0,0.0,0.0,0.0,0.0,276.5351478321918,0.0,16.81624335463936,0.0,-611.631295349838,280.64524095192115,-773.5120113475953,0.0,771.1048134346036,0.0,0.0,297.4241727217128,-582.062379311854,0.0,0.0,0.0,-473.9986548500707,0.0,0.0,-1000.0,-1000.0,0.0,0.0,0.0,1000.0,0.0,0.0,1000.0,0.0,0.0,-79.67825030185557,0.0,0.0,0.0,-271.1488811362184,0.0,271.1488811362184,0.0,180.50054309210162,0.0,0.0,977.3497608369098,46.87500000000001,0.0,0.0,82.75464175111547,-0.08738987993162023,0.0,0.0,0.0,0.0,0.05825991995441349,0.0,0.0,0.0,410.8260554804392,-897.5268942205064,0.0,-411.97075760792336,650.7207927294197,0.0,1000.0,0.0,0.0,0.0,-25.73500462202217,0.0,0.0,0.0,394.9293293563842,605.0706706436158,-1000.0,-1000.0,-1000.0,0.0,0.0,0.0,0.0,0.0,0.0,0.0,0.0,0.0,0.0,0.0,0.0,0.0,0.0,0.0,0.0,279.4381435747664,-50.41892524479925,0.0,-1000.0,55.913665470656554,558.9705967177736,274.6591784096605,0.0,0.0,0.0,0.0,0.0,0.0,0.0,804.7230018265151,306.62855634682325,0.0,0.0,-156.22727417113228,-495.9323844407608,-813.5510183006746,0.0,0.0,0.0,-283.1154925095921,0.0,0.0,913.9073882735572,494.47588644190046,-2.9129959977206745,0.0,0.0,0.0,0.0,144.64994932554046,34.29421934096341,0.0,0.0,0.0,0.0,0.0,0.0,0.0,-105.81150466054197,105.81150466054197,105.81150466054197,269.0830206311395,0.0,0.0,0.0,0.0,0.0,777.3672427393349,0.0,0.0,-131.9148892194819,0.0,78.12499999988732,0.0,0.0,0.0,0.0,0.0,28.0221529137284,0.11651983990881414,0.0,0.0,0.0,0.0,0.0,0.0,0.0,0.0,0.0,0.0,0.0,0.0,0.0,0.0,0.0,0.0,0.0,0.0,0.0,0.06408591194991245,0.06408591194991245,0.0,374.1595206696593,0.0,34.95595197264811,0.0,0.0,0.0,29.05320615986547,0.0,0.0,0.0,0.0,0.0,695.2679467915068,-29.05320615986547,0.0,0.0,0.0,0.0,0.0,0.0,0.0,0.0,0.0,0.0,0.0,0.0,0.0,228.3359421857001,-410.8260554804392,0.0,0.0,4.486013836489835,0.0,-278.3445773464056,-721.6554226535944,-1000.0,0.0,475.7760987848341,0.0,723.2900997052352,0.0,0.0,0.0,105.81150466054197,0.0,0.0,0.0,0.0,0.0,0.0,0.0,0.0,0.0,0.0,0.0,0.0,0.0,34.955951972648094,297.4241727217128,297.4241727217128,0.0,0.0,0.0,0.0,0.0,0.0,0.0,0.0,0.0,0.0,0.5825991995441349,0.0,0.0,0.0,0.0,0.0,-235.4092414676451,0.0,0.0,34.29421934096341,0.0,0.0,0.0,0.0,0.0,0.0,0.0,0.0,0.0,0.0,0.0,418.8852461411617,0.0,17.477975986324047,17.477975986324047,1000.0,-29.05320615986547,0.0,0.0,0.0,0.0,0.0,0.0,0.0,400.0638992509373,777.3672427393349,148.07552528572012,0.05825991995441349,0.0,0.0,0.0,4.698246402038059,0.0,0.0,1000.0,0.0,0.0,0.0,0.0,0.0,0.0,16.88398830820559,0.0,0.0,0.0,0.0,0.0,0.0,0.0,0.05825991995441349,0.0,0.0,0.0,0.0,0.0,0.0,0.0,0.0,558.9705967177736,0.0,274.6591784096605,0.0,0.0,-949.5810747552008,-4.369493996581014,-2.9129959977207136,0.0,0.0,0.0,0.0,0.0,0.0,0.0,0.0,0.0,0.0,0.0,0.0,297.4241727217128,0.0,0.0,0.0,147.56294532326115,0.0,0.0,0.0,-0.05825991995441349,0.0,0.0,0.05825991995441349,0.0,0.05825991995441349,50.65196492461678,0.0,0.0,34.95595197264811,71.07710234438446,71.07710234438446,0.0,0.0,0.0,0.0,0.0,0.0,0.0,0.0,0.0,777.3672427393349,0.0,0.0,0.0,399.94550846445924,0.0,0.0,0.0,0.0,0.0,0.0,0.0,0.0,0.0,0.0,0.0,0.0,0.0,278.3445773464056,0.0,0.0,0.0,0.08738987993162023,0.0,0.0,0.0,-34.29421934096341,0.0,0.0,0.0,0.0,0.0,-374.1595206696593,2.9129959977206745,0.0,0.0,0.0,-46.87500000000001,-76.10985392795601,1000.0,0.0,0.0,78.12499999988732,0.0,0.0,0.0,0.0,0.0,297.4241727217128,0.0,0.0,0.0,268.3480160091173,0.0,313.3480160091173,-25.73500462202217,0.0,1000.0,0.0,-1000.0,55.913665470656554,-653.1394816562384,0.0,2.9129959977206745,1000.0,0.0,0.0,0.0,-131.9148892194819,0.0,0.0,0.0,0.0,0.0,-336.9348271393382,0.0,0.0,0.0,585.9739440382846,-387.26800265940204,71.07710234438446,0.0,-921.875,-921.875,921.875,0.0,0.0,0.0,0.0,0.0,276.5351478321918,0.0,0.0,0.0,-4.698246402038059,-662.6709441775323,-495.90596152937843,17.477975986324047,0.0,0.0,0.0,0.0,-121.20716672454131,0.0,0.0,0.06408591194991245,0.0,0.0,0.0,35.53855117219223,0.0,0.0,0.0,0.0,62.316372254691814,0.0,342.5648081697547,0.0,0.0,0.0,0.0,0.0,0.0,0.0,0.0,0.005825991995441349,0.005825991995441349,0.0,0.0,0.0,0.0,0.0,50.65196492461678,0.0,0.0,0.0,0.0,0.0,0.0,0.0,0.0,0.0,374.1595206696593,0.0,0.0,0.0,0.0,0.0,0.0,0.0,0.0,0.0,0.0,0.0,0.0,1000.0,-257.5303366786508,345.8318317241572,0.0,0.0,0.0,34.95595197264811,0.0,0.0,0.0,0.0,0.0,-1000.0,965.0440480273519,0.0,0.0,0.0,0.0,0.0,0.0,0.0,0.0,0.0,0.0,0.0,0.0,-148.07552528572012,-473.2623943656424,439.8535536332325,0.0,-34.29421934096341,0.0,949.3480350753832,0.0,0.0,0.0,0.0,0.0,0.0,0.0,0.0,0.0,0.0,0.0,0.0,0.0,0.0,0.0,0.0,0.0,-7.282489994301727,297.4241727217128,-310.9980503434042,782.8440171272803,0.0,0.0,0.0,0.0,0.0,0.0,-0.7282489994301686,187.82855469013842,0.0,0.0,0.0,0.0,0.0,0.0,0.0,1000.0,17.477975986324047,17.477975986324047,0.0,0.0,0.0,0.0,0.0,0.06408591194991245,374.1595206696593,0.0,0.0,-1000.0,0.0,0.0,0.0,0.0,0.0,0.0,0.0,0.0,0.0,0.0,0.0,0.0,0.0,0.0,25.32598246230839,0.0,0.0,18.06057518586818,0.0,61.17291595213416,0.0,0.0,4.486013836489835,0.0,0.0,0.0,374.1595206696593,0.0,-728.2538175880602,0.0,0.0,0.0,-7.282489994301727,0.0,0.0,0.0,0.0,0.0,0.0,0.0,0.0,0.0,0.0,0.0,0.0,0.0,0.0,0.0,0.0,0.0,0.0,-0.05825991995441349,0.0,0.0,2.9129959977206745,-695.2679467915068,0.0,0.0,0.0,0.0,297.4241727217128,0.0,0.0,0.0,-394.9293293563842,1.4564979988603373,0.0,0.0,0.0,0.05825991995441349,0.0,58.25991995441348,0.0,11.651983990882698,0.41614228538866777,198.66632704455,-0.043694939965810115,156.22727417113228,1.16519839908827,50.36066532484483,-198.66632704455,17.477975986324047,-0.05825991995441349,8.57833487400739,0.0,0.014564979988603373,0.41614228538866777,-25.735004622022174,-9.274979256741858,-1.16519839908827,-221.23763073365762,-0.05825991995441349,0.014564979988603373,-198.66632704455,5.825991995441349,0.05825991995441349,0.05825991995441349,-374.03717483775495,0.06408591194985484,-33.485288989212464,-0.043694939965810115,17.477975986324047,0.05825991995441349,34.29421934096341,-12.313716622567384,-0.029129959977206746,-19.047716890328743,13.19534345991147,-0.043694939965810115,-0.05825991995441349,0.0,0.05825991995441349,5.825991995441349,-1.16519839908827,278.3445773464056,278.3445773464056,-5.825991995441349,221.23763073365762,-278.3445773464056,11.651983990882698,0.08738987993162023,-1000.0,5.825991995441349,-228.3359421857001,0.0,-11.651983990882698,0.029129959977206743,0.5825991995441349,102.99268940198084,280.0,-0.05825991995441349,-387.26800265940204,374.03717483775495,18.06057518586818,0.05825991995441349,9.274979256741858,-86.7281472999355,0.0,-0.05825991995441349,-0.014564979988603372,0.0,-0.05825991995441349,-314.5426552560263,0.05825991995448021,-0.014564979988603372,-0.014564979988603372,-0.014564979988603372,23.303967981765396,12.313716622567384,0.5825991995441349,43.163318196225106,-0.014564979988603373,197.40704392995428,2.9129959977206745,-11.098080459143526,0.05825991995441349,0.029129959977206746,0.029129959977206746,5.825991995441349,0.0,0.05825991995441349,0.0,0.5825991995441349,0.05825991995441349,-43.163318196225106,0.05825991995441349,0.23303967981753004,-50.36066532484483,0.029129959977206746,0.014564979988603373,17.477975986324047,-0.05825991995441349,33.485288989212464,0.582599199544135,-86.32663639245021,154.77077617227195,-5.825991995441349,11.651983990882698,2.9129959977206745,-0.05825991995441349,25.735004622022174,0.08738987993162023,-0.05825991995441349,-11.651983990882684,0.0,348.63632903766637,0.029129959977206746,22.196160918287053,-0.058259919954413465,-0.05825991995448021,-0.05825991995441349,0.029129959977206746,198.66632704455,-11.651983990882698,0.05825991995441349,205.98537880396168,-0.014564979988603372,-0.06408591194985484,-205.98537880396168,8.738987993162022,-13.195343459911474,495.7621640480236,198.66632704455,-0.043694939965810115,387.26800265940204,-280.0,0.05825991995441349,-0.014564979988603375,807.6359978242358,58.25991995441348,-0.029129959977206746,-0.05825991995441349,0.014564979988603373,0.0,0.0,713.9878812894225,0.0,385.33152667447007,0.0,587.1925470067342,-140.0,0.0,-80.0,-255.0,-325.0,-285.9829887506002,40.0,-192.665763337235,127.5,0.0,70.0,-374.1595206696593,-227.42916231312506,285.9829887506002,325.0,-227.42916231312506,-587.1925470067342,334.0473511556142,0.0,1496.5981,hplb
378,0.0,0.0,0.0,0.0,0.0,0.0,0.0,0.0,-0.05919922616002379,0.0,0.0,0.0,0.0,0.0,0.0,0.0,-916.8556558717045,8.167386444315492,0.0,1000.0,0.0,0.0,0.0,631.5176959778465,0.0,0.0,0.0,0.0,0.0,-395.1245707424215,0.0,0.0,581.8923576563882,0.0,0.0,0.0,0.0,813.5424159135167,0.0,-151.71845171308337,889.15921923688,0.0,0.0,705.6454357951643,0.0,0.0,0.0,176.23965193583106,311.98022661412597,0.0,0.0,0.0,0.0,0.06511914877592062,0.0,0.0,0.0,89.29837256279248,0.0,0.0,-5.2134785171592455,0.0,234.42723496652272,229.21375644936347,0.0,0.0,0.0,0.0,372.63571283580063,-372.63571283580063,0.0,0.591992261600238,0.0,0.0,0.0,0.0,0.0,0.0,0.0,0.0,0.0,0.0,-356.72395627704236,0.0,35.51953569601428,0.0,0.0,369.7015333065522,-464.25502253384656,1000.0,-0.014799806540005948,0.0,0.0,-237.02861661602066,17.75976784800714,0.0,110.8407807631201,-484.69850868776683,0.0,0.0,0.0,2.9599613080011897,-1000.0,0.0,0.0,-70.58713539436711,0.0,0.0,0.0,0.0,0.0,0.0,0.0,0.0,0.0,0.0,0.0,0.0,0.0,0.0,0.0,0.0,0.0,0.0,-723.3673962478882,0.0,0.0,110.8407807631201,0.0,18.35176010960738,18.35176010960738,0.0,-703.6231592609641,800.5194168575442,-96.8962575965801,96.8962575965801,0.0,-453.1250000000004,453.1250000000004,0.0,0.0,0.0,0.0,0.0,0.0,361.2822966913642,0.05919922616002379,0.0,0.0,0.0,0.0,-257.5700409162481,0.0,0.0,294.48188876075574,0.0,126.7835193087759,0.0,0.0,0.0,0.0,0.0,-24.877312901956653,-24.877312901956653,0.0,0.0,0.0,0.0,0.0,0.0,0.0,-24.818113675796628,0.0,0.0,0.0,-1000.0,-959.8866156188765,0.0,0.0,0.0,0.0,0.0,0.0,0.0,0.0,0.0,0.0,0.0,0.0,0.0,0.0,-1000.0,0.0,0.0,0.0,0.0,0.0,0.0,0.0,-326.48562652363734,326.48562652363734,0.0,0.0,0.0,0.0,0.0,0.0,0.0,604.8754292575785,-436.66970758575957,0.0,0.0,0.0,0.0,0.0,0.0,0.0,0.0,0.0,0.0,0.0,0.0,0.0,0.0,274.3307442953706,1000.0,0.0,0.0,0.0,0.0,99.51439032085672,0.0,0.0,0.0,0.0,-5.2134785171592455,294.35456420483564,0.0,0.0,0.0,0.0,0.0,0.0,0.0,0.0,0.0,98.78112460504335,93.08101291511295,0.0,83.0555452890556,-54.71385072115362,355.1961333970408,0.0,-1000.0,0.0,0.0,0.0,0.0,0.0,0.0,0.0,-308.40400997195025,0.0,0.0,-553.1209779335672,-1000.0,0.0,446.87902206643275,0.0,1000.0,-790.7406490574839,0.0,0.0,0.0,0.0,102.35497088482445,0.0,0.0,0.0,-98.2385715043626,0.0,98.2385715043626,0.0,-24.93651212811668,0.0,0.0,343.07395990564225,0.0,0.0,0.0,-5.2134785171592455,-0.08879883924003569,0.0,0.0,0.0,0.0,0.05919922616002379,0.0,0.0,0.0,789.6448289160232,-916.8556558717045,0.0,-97.3544624246991,438.7906454395493,959.8866156188765,1000.0,0.0,0.0,0.0,-70.58713539436711,0.0,0.0,0.0,-5.0970533723779425,84.80881139684999,-79.71175802447205,551.2315191939883,-1000.0,0.0,0.0,0.0,0.0,0.0,0.0,0.0,0.0,0.0,0.0,0.0,0.0,0.0,0.0,0.0,0.0,0.0,748.7739174620733,0.0,-65.0052953560836,294.48188876075574,0.0,482.7922936054146,0.0,0.0,0.0,272.41125710329993,0.0,62.242067516286625,0.0,0.0,0.0,31.57026178231058,0.0,-858.833504032635,0.0,-489.01478601496115,0.0,-2.9599613080011897,0.0,0.0,0.0,855.8735427246338,-623.9646353859898,-1.4799806540005949,0.0,264.5057819463202,0.0,0.0,0.0,833.1831648663268,110.8407807631201,0.0,0.0,0.0,0.0,0.0,0.0,0.0,0.0,0.0,0.0,-200.04050578652934,0.0,0.0,0.0,0.0,0.0,604.8754292575785,0.0,0.0,-10.426957034318491,0.0,0.0,0.0,0.0,0.0,0.0,0.0,-94.08007738399762,0.11839845232027796,0.0,0.0,0.0,0.0,0.0,0.0,0.0,0.0,0.0,0.0,0.0,0.0,0.0,0.0,0.0,0.0,0.0,0.0,0.0,0.06511914877592062,0.06511914877592062,0.0,171.09494979593683,0.0,35.51953569601428,0.0,0.0,0.0,1000.0,0.0,0.0,0.0,0.0,0.0,133.8979930311229,-1000.0,0.0,0.0,0.0,0.0,0.0,0.0,0.0,0.0,0.0,0.0,0.0,0.0,0.0,241.12246541596275,-789.6448289160232,257.5700409162481,0.0,4.558340414321833,0.0,-237.02861661602066,0.0,-99.51439032085672,0.0,133.8979930311229,0.0,39.817915647125275,0.0,0.0,0.0,0.0,0.0,0.0,0.0,0.0,0.0,0.0,0.0,0.0,0.0,0.0,0.0,0.0,0.0,35.51953569601428,0.0,0.0,0.0,0.0,0.0,0.0,0.0,0.0,0.0,0.0,0.0,0.0,0.591992261600238,0.0,0.0,0.0,0.0,0.0,0.0,0.0,0.0,110.8407807631201,0.0,0.0,0.0,0.0,0.0,0.0,0.0,0.0,0.0,0.0,803.1375495818208,0.0,0.0,17.75976784800714,17.75976784800714,1000.0,-1000.0,0.0,0.0,0.0,0.0,0.0,0.0,0.0,1000.0,604.8754292575785,704.268571041372,0.05919922616002379,0.0,0.0,0.0,4.77399473819049,513.7877959488917,0.0,237.02861661602066,0.0,0.0,0.0,0.0,0.0,0.0,0.0,0.0,0.0,0.0,0.0,0.0,0.0,0.0,0.05919922616002379,0.0,0.0,0.0,0.0,0.0,0.0,0.0,0.0,0.0,0.0,817.4456182250012,0.0,0.0,-813.7792128181569,-4.439941962001784,-2.9599613080011897,0.0,0.0,0.0,0.0,0.0,0.0,0.0,0.0,0.0,0.0,0.0,0.0,0.0,959.8866156188765,0.0,0.0,836.143126174328,0.0,0.0,0.0,-0.05919922616002379,0.0,0.0,0.05919922616002379,0.0,0.05919922616002379,0.0,0.0,0.0,35.51953569601428,72.22305591522904,72.22305591522904,0.0,0.0,0.0,0.0,0.0,0.0,62.242067516286625,257.5700409162481,0.0,604.8754292575785,0.0,0.0,0.0,0.0,0.0,0.0,0.0,0.0,0.0,0.0,0.0,0.0,0.0,0.0,0.0,0.0,0.0,99.51439032085672,0.0,-1000.0,1000.0,0.08879883924003569,0.0,0.0,0.0,-110.8407807631201,0.0,0.0,0.0,0.0,0.0,-171.09494979593683,2.9599613080011897,0.0,0.0,0.0,0.0,0.0,0.0,0.0,0.0,0.0,0.0,0.0,0.0,0.0,0.0,0.0,0.0,0.0,0.0,171.09494979593683,0.0,570.7301956842434,443.2006605545246,0.0,272.41125710329993,62.242067516286625,-334.65332461958656,294.48188876075574,-72.22305591522904,0.0,2.9599613080011897,1000.0,0.0,266.78723261276366,0.0,-10.426957034318491,-1000.0,1000.0,393.46640090715596,-393.46640090715596,0.0,-633.6935537946641,0.0,0.0,0.0,-8.879883924003757,0.0,72.22305591522904,0.0,0.0,0.0,0.0,0.0,0.0,0.0,0.0,0.0,0.0,0.0,0.0,184.41477568194236,-4.77399473819049,-1000.0,0.0,17.75976784800714,0.0,0.0,0.0,0.0,-92.79591764324675,0.0,0.0,0.06511914877592062,0.0,0.0,0.0,36.11152795761452,0.0,0.0,0.0,0.0,274.3307442953706,0.0,0.0,0.0,0.0,0.0,0.0,0.0,0.0,0.0,0.0,644.4182430088094,0.005919922616002549,0.0,0.0,0.0,0.0,0.0,0.0,0.0,0.0,0.0,0.0,0.0,0.0,0.0,0.0,0.0,171.09494979593683,0.0,0.0,0.0,0.0,0.0,0.0,0.0,0.0,0.0,0.0,0.0,0.0,-521.731085129283,0.0,8.167386444315492,0.0,0.0,0.0,35.51953569601428,0.0,0.0,0.0,0.0,0.0,0.0,-35.51953569601428,0.0,0.0,0.0,0.0,0.0,0.0,0.0,0.0,0.0,0.0,0.0,0.0,-704.268571041372,551.2315191939883,40.55146991961631,765.6852544432862,-876.5260352064063,0.0,813.5424159135167,0.0,0.0,0.0,0.0,0.0,0.0,0.0,0.0,0.0,507.81250000000006,0.0,-507.8125,-507.8125,0.0,0.0,0.0,0.0,-7.399903270002974,0.0,-4.439941962001784,-4.439941962001967,0.0,0.0,0.0,0.0,0.0,78.8432531479335,-79.5832434749338,304.9088457950742,0.0,0.0,0.0,0.0,0.0,0.0,0.0,1000.0,17.75976784800714,17.75976784800714,0.0,0.0,0.0,0.0,0.0,0.06511914877592062,171.09494979593683,0.0,0.0,-813.5424159135167,644.4123230861934,0.0,0.0,0.0,0.0,0.0,0.0,0.0,0.0,0.0,0.0,0.0,0.0,0.0,500.0,0.0,0.0,18.35176010960738,0.0,62.15918746802499,0.0,0.0,66.80040793060846,0.0,0.0,0.0,171.09494979593683,0.0,-4.8661763903534165,0.0,0.0,0.0,-7.399903270002974,0.0,0.0,0.0,0.0,0.0,0.0,0.0,0.0,0.0,0.0,0.0,0.0,0.0,0.0,0.0,0.0,0.0,0.0,-0.05919922616002379,0.0,0.0,2.9599613080011897,-133.8979930311229,0.0,0.0,0.0,0.0,0.0,0.0,0.0,0.0,5.0970533723779425,1.4799806540005949,0.0,0.0,0.0,0.05919922616002379,0.0,59.19922616002379,0.0,11.83984523200476,0.4228516154287414,201.86936120568117,-0.044399419620017845,2.9599613080011977,1.183984523200476,-0.2959961308002106,-201.86936120568117,17.75976784800714,-0.059199226160023814,23.529045131455703,0.0,0.014799806540005948,0.4228516154287414,-70.58713539436711,-9.42451680467525,-1.183984523200476,-91.31173057261105,-0.05919922616002379,0.014799806540005948,-201.86936120568117,5.9199226160023795,0.059199226160023814,0.05919922616002379,-170.9706314210009,0.06511914877606825,-21.010368302759858,-0.044399419620017845,17.75976784800714,0.05919922616002379,110.8407807631201,63.481399835101044,-0.029599613080011897,35.40111978271818,-105.49351216301912,-0.044399419620017845,-0.05919922616002379,0.0,0.05919922616002379,5.9199226160023795,-1.183984523200476,99.51439032085672,99.51439032085672,-5.9199226160023795,91.31173057261105,-99.51439032085672,11.839845232004759,0.08879883924003569,-632.6461334929355,5.9199226160023795,-241.12246541596275,0.0,-11.839845232004759,0.029599613080011897,0.591992261600238,24.338615606174773,182.9347950279416,-0.05919922616002379,-184.41477568194236,170.9706314210009,18.35176010960738,0.05919922616002379,9.42451680467525,-164.12008430714226,0.0,-0.05919922616002379,-0.014799806540005948,0.0,-0.05919922616002379,-94.08007738399762,0.05919922616002379,-0.014799806540005948,-0.014799806540005948,-0.014799806540005948,23.679690464009518,-63.481399835101044,0.591992261600238,43.85922668130775,-0.014799806540005948,25.148186080893844,2.9599613080011897,50.0,0.05919922616002379,0.029599613080011897,0.029599613080011897,5.9199226160023795,0.0,0.05919922616002379,0.0,0.591992261600238,0.05919922616002379,-43.85922668130775,0.05919922616002379,0.23679690464012992,0.2959961308002106,0.029599613080011897,0.014799806540005948,17.75976784800714,-0.05919922616002379,21.010368302759858,0.591992261600238,-87.7184533626155,1.4799806540005864,-5.9199226160023795,11.839845232004759,2.9599613080011897,-0.05919922616002379,70.58713539436711,0.08879883924003569,-0.05919922616002379,-11.839845232004762,0.0,263.6961514840819,0.029599613080011897,-100.0,-0.05919922616002379,-0.05919922616002379,-0.05919922616002379,0.029599613080011897,201.86936120568117,-11.839845232004759,0.05919922616002379,48.67723121234955,-0.014799806540005948,-0.06511914877606825,-48.67723121234955,8.879883924003568,105.49351216301912,128.06319239601936,201.86936120568117,-0.044399419620017845,184.41477568194236,-182.9347950279416,0.05919922616002379,-0.014799806540005948,2.9599613080011897,59.19922616002379,-0.029599613080011897,-0.05919922616002379,0.014799806540005948,0.0,0.0,423.3571829373394,0.0,358.0124213650888,0.0,701.9895652406199,-140.0,0.0,-80.0,-255.0,-325.0,-209.2593509425161,40.0,-179.0062106825444,127.5,0.0,70.0,-171.09494979593683,-170.90023384083514,209.2593509425161,325.0,-170.90023384083514,-701.9895652406199,430.0948634658799,0.0,1496.5981,hplb
379,0.0,0.0,0.0,0.0,0.0,0.0,0.0,0.0,-0.03210761818411356,0.0,0.0,0.0,0.0,0.0,0.0,0.0,9.682280902112552,290.31771909788745,0.0,0.0,0.0,0.0,0.0,619.6378419021106,0.0,0.0,0.0,0.0,0.0,-591.8684267416863,0.0,0.0,112.25466811253295,0.0,0.0,0.0,0.0,119.81772781421978,0.0,-1000.0,990.3677145447659,0.0,0.0,-1000.0,0.0,0.0,0.0,0.0,1000.0,0.0,0.0,-6.02867754757068,0.0,0.03531838000293419,0.0,0.0,0.0,6.421523636822712,0.0,0.0,108.73684609796658,0.0,-723.0838108831289,-1000.0,0.0,0.0,0.0,0.0,0.0,0.0,0.0,0.3210761818411356,0.0,0.0,0.0,0.0,0.0,0.0,0.0,0.0,0.0,0.0,-268.72288467716515,0.0,19.26457091046814,0.0,0.0,-215.71095844968323,500.0,300.0,-0.00802690454602839,0.0,0.0,1000.0,9.63228545523407,0.0,9.63228545523407,-429.28868740036444,0.0,0.0,0.0,600.0710602234923,-1000.0,0.0,0.0,-27.035753525597787,0.0,284.6698267349261,0.0,0.0,0.0,0.0,0.0,0.0,0.0,0.0,0.0,0.0,0.0,0.0,0.0,0.0,0.0,0.0,-757.7513509556707,0.0,0.0,9.63228545523407,0.0,9.953361637075206,9.953361637075206,0.0,0.0,0.0,0.0,0.0,-1000.0,171.87500000000017,-171.87500000000017,614.3469647851623,0.0,0.0,0.0,0.0,0.0,271.1951712773419,0.03210761818406136,0.0,0.0,0.0,0.0,-444.3514956804535,0.0,0.0,268.72288467716515,0.0,85.05970112517237,0.0,0.0,0.0,0.0,0.0,-340.6489450946631,-340.6489450946631,0.0,0.0,0.0,0.0,470.48449073925076,0.0,0.0,-340.616837476479,0.0,0.0,0.0,-446.37473755572705,0.0,0.0,0.0,0.0,0.0,0.0,0.0,0.0,0.0,0.0,0.0,0.0,0.0,0.0,0.0,-1000.0,0.0,0.0,0.0,0.0,0.0,0.0,6.02867754757068,-500.0,500.0,180.51592738729923,0.0,0.0,0.0,0.0,0.0,0.0,408.13157325831367,543.0252575090661,0.0,0.0,0.0,0.0,0.0,0.0,0.0,0.0,0.0,0.0,0.0,0.0,0.0,472.6778985966296,357.19454295409895,-423.8425317079969,0.0,0.0,0.0,205.13710782753847,134.6752035952006,0.0,0.0,0.0,0.0,108.73684609796658,576.1574682920032,0.0,0.0,101.43542679236045,0.0,0.0,0.0,0.0,0.0,0.0,0.0,0.0,0.0,0.0,1000.0,290.31771909788745,0.0,423.8425317079969,0.0,0.0,385.6530352148377,-338.24299222196396,0.0,0.0,0.0,-306.12624037201863,0.0,0.0,-988.8617671546447,0.0,0.0,-988.8617671546449,0.0,0.0,0.0,0.0,-1000.0,0.0,0.0,-205.70415297467258,0.0,0.0,0.0,-1000.0,0.0,1000.0,0.0,-340.68105271284713,0.0,205.13710782753847,1000.0,0.0,0.0,0.0,108.73684609796658,-0.04816142727617034,0.0,0.0,0.0,0.0,0.03210761818406136,0.0,0.0,0.0,675.1765835622662,9.682280902112552,0.0,-356.5973633725947,1000.0,0.0,1000.0,0.0,45.99737381056144,0.0,-27.035753525597787,0.0,0.0,0.0,-2.7644659256525865,-1000.0,956.7670921150911,732.2822111805268,-1000.0,0.0,0.0,0.0,0.0,0.0,0.0,0.0,0.0,0.0,0.0,0.0,0.0,0.0,0.0,0.0,0.0,101.43542679236045,-956.4933380080885,0.0,-1000.0,268.72288467716515,0.0,428.25482209483664,0.0,0.0,0.0,-271.1951712773419,0.0,0.0,0.0,0.0,598.4656793142866,0.0,984.2050450038489,177.63647718927075,0.0,1000.0,888.0728430101801,0.0,0.0,-1000.0,-984.2050450038489,-478.4746977556198,465.0878141232772,-0.802690454602839,-1.605380909205678,0.0,0.0,0.0,-661.053773484647,-384.04444899103555,9.63228545523407,0.0,0.0,0.0,0.0,0.0,0.0,0.0,-472.6778985966296,472.6778985966296,472.6778985966296,275.61422988877507,0.0,0.0,0.0,0.0,0.0,408.13157325831367,0.0,0.0,-168.17934301890455,0.0,0.0,0.0,0.0,0.0,0.0,0.0,-96.78923818158864,0.06421523636799975,0.0,0.0,0.0,0.0,0.0,0.0,0.0,0.0,0.0,0.0,0.0,0.0,0.0,0.0,0.0,0.0,0.0,0.0,0.0,0.03531838000293419,0.03531838000293419,0.0,263.860892016281,0.0,19.26457091046814,0.0,0.0,0.0,1000.0,0.0,0.0,0.0,0.0,0.0,766.2882500502137,-1000.0,0.0,0.0,698.3348742947807,0.0,0.0,0.0,0.0,0.0,0.0,0.0,0.0,0.0,0.0,252.58378365189023,-675.1765835622662,444.3514956804535,0.0,2.4722866001767443,0.0,0.0,1000.0,684.8088690175002,0.0,435.0504327716874,0.0,669.4990118686251,0.0,-515.6250000000074,515.6250000000074,472.6778985966296,0.0,0.0,0.0,0.0,0.0,0.0,0.0,0.0,0.0,0.0,0.0,0.0,0.0,19.26457091046814,385.6530352148377,385.6530352148377,0.0,0.0,0.0,0.0,0.0,0.0,0.0,0.0,0.0,0.0,0.3210761818411356,0.0,0.0,0.0,0.0,0.0,6.02867754757068,0.0,0.0,9.63228545523407,-698.3348742947807,0.0,0.0,0.0,0.0,0.0,0.0,0.0,0.0,0.0,0.0,-30.513746765752444,0.0,9.63228545523407,9.63228545523407,215.89126226155054,-1000.0,0.0,0.0,0.0,0.0,0.0,0.0,0.0,-515.4315049362746,408.13157325831367,-540.5959963002236,0.03210761818406136,0.0,0.0,0.0,2.589250066418872,0.0,0.0,-1000.0,0.0,0.0,0.0,0.0,0.0,0.0,25.479832098348183,0.0,0.0,0.0,0.0,0.0,0.0,0.0,0.03210761818406136,0.0,0.0,0.0,-293.26329252349274,293.26329252349274,0.0,0.0,0.0,0.0,0.0,157.05965081749477,0.0,0.0,-43.50666199191153,-2.408071363808517,0.0,-1.605380909205678,0.0,0.0,0.0,0.0,0.0,0.0,0.0,0.0,0.0,0.0,0.0,385.6530352148377,0.0,0.0,0.0,-382.4390680818299,0.0,0.0,0.0,-0.03210761818406136,0.0,0.0,0.03210761818406136,0.0,0.03210761818406136,76.43949629504455,0.0,0.0,19.26457091046814,39.17129418461855,39.17129418461855,0.0,0.0,0.0,0.0,0.0,0.0,0.0,444.3514956804535,0.0,408.13157325831367,0.0,0.0,0.0,0.0,0.0,0.0,0.0,0.0,0.0,0.0,0.0,0.0,0.0,0.0,0.0,0.0,0.0,315.1911309824998,0.0,0.0,0.0,0.04816142727617034,0.0,0.0,0.0,-9.63228545523407,0.0,0.0,0.0,0.0,0.0,-263.860892016281,1.605380909205678,0.0,0.0,0.0,0.0,-470.48449073925076,0.0,-1.605380909205678,0.0,0.0,0.0,0.0,0.0,0.0,0.0,385.6530352148377,0.0,698.3348742947807,-960.0518425334143,-208.81700658034856,0.0,762.9299720436309,-27.035753525597784,0.0,-271.1951712773419,0.0,271.1951712773419,268.72288467716515,-377.4142864065825,0.0,1.605380909205678,812.355562177125,0.0,0.0,0.0,-168.17934301890455,0.0,0.0,0.0,0.0,0.0,0.0,0.0,0.0,0.0,266.26896338008953,-271.08510610770634,39.17129418461855,0.0,0.0,0.0,0.0,0.0,0.0,0.0,0.0,0.0,0.0,0.0,0.0,0.0,-2.589250066418872,864.5602194827322,0.0,9.63228545523407,0.0,0.0,0.0,0.0,-160.7292458851107,0.0,0.0,0.03531838000293419,0.0,0.0,0.0,19.585647092309276,0.0,0.0,0.0,0.0,357.19454295409895,0.0,0.0,0.0,0.0,0.0,0.0,0.0,0.0,-1000.0,0.0,0.0032107618184114006,0.0032107618184114006,0.0,0.0,0.0,0.0,0.0,76.43949629504455,0.0,0.0,0.0,0.0,0.0,0.0,0.0,0.0,0.0,263.860892016281,0.0,0.0,0.0,0.0,0.0,0.0,0.0,0.0,0.0,0.0,0.0,0.0,962.9195593870913,-937.5263200352956,290.31771909788745,0.0,0.0,0.0,19.26457091046814,0.0,0.0,0.0,0.0,0.0,101.08907864717752,-120.35364955764565,0.0,0.0,0.0,0.0,0.0,0.0,0.0,0.0,0.0,0.0,0.0,0.0,421.6921558918633,-783.1492937557477,21.993718456117676,0.0,-9.63228545523407,0.0,43.37823151917523,0.0,0.0,0.0,0.0,0.0,0.0,0.0,0.0,0.0,929.6875,0.0,-929.6875,-929.6875,0.0,0.0,0.0,0.0,-4.013452273014195,385.6530352148377,-600.8737506780951,268.6770347438978,0.0,0.0,0.0,0.0,0.0,-0.4013452273014196,0.0,436.90222769606976,0.0,0.0,0.0,0.0,0.0,0.0,0.0,881.0961595916398,9.63228545523407,9.63228545523407,0.0,0.0,0.0,0.0,0.0,0.03531838000293419,263.860892016281,0.0,0.0,-119.81772781421978,0.0,0.0,0.0,0.0,0.0,0.0,0.0,0.0,0.0,0.0,0.0,0.0,0.0,0.0,38.219748147522274,0.0,0.0,9.953361637075206,0.0,33.71299909331925,2.4722866001767443,0.0,0.0,0.0,0.0,0.0,263.860892016281,0.0,-1.0338653055277405,0.0,0.0,0.0,-4.013452273014195,0.0,0.0,0.0,0.0,0.0,0.0,0.0,0.0,0.0,0.0,0.0,0.0,0.0,0.0,0.0,0.0,0.0,0.0,-0.03210761818406136,0.0,0.0,1.605380909205678,-766.2882500502137,0.0,0.0,0.0,0.0,385.6530352148377,0.0,0.0,0.0,2.7644659256525865,0.802690454602839,0.0,0.0,0.0,0.03210761818406136,0.0,32.10761818411356,0.0,6.421523636822712,0.22934012988652544,109.48697800782726,-0.02408071363808517,300.83822056634904,0.6421523636822712,76.27895820412414,-109.48697800782726,9.63228545523407,-0.03210761818411356,9.011917841865928,0.0,0.00802690454602839,0.22934012988652544,-27.035753525597784,-5.111532814910163,-0.6421523636822712,-300.0,-0.03210761818411356,0.00802690454602839,-109.48697800782726,3.210761818411356,0.03210761818411356,0.03210761818406136,-263.79346601809397,0.03531838000252496,-154.97239924292603,-0.02408071363808517,9.63228545523407,0.03210761818411356,9.63228545523407,-16.05380909205678,-0.01605380909205678,123.98420516894923,-137.918073031796,-0.02408071363808517,-0.03210761818411356,0.0,0.03210761818406136,3.210761818411356,-0.6421523636822712,315.1911309824998,315.1911309824998,-3.210761818411356,300.0,-315.1911309824998,6.421523636822712,0.04816142727617034,-1000.0,3.210761818411356,-252.58378365189023,0.0,-6.421523636822712,0.01605380909205678,0.3210761818411356,89.14934084314868,-202.39548294352585,-0.03210761818406136,-271.08510610770634,263.79346601809397,9.953361637075206,0.03210761818411356,5.111532814910163,-38.52914182093593,0.0,-0.03210761818406136,-0.00802690454602839,0.0,-0.03210761818411356,-96.78923818158864,0.03210761818428409,-0.00802690454602839,-0.00802690454602839,-0.00802690454602839,12.843047273645425,16.05380909205678,0.3210761818411356,178.6047913595732,-0.00802690454602839,169.28676384443142,1.605380909205678,50.0,0.03210761818406136,0.01605380909205678,0.01605380909205678,-99.35779209535788,0.0,0.03210761818406136,0.0,0.3210761818411356,0.03210761818411356,-488.2389108344095,0.03210761818411356,0.12843047273634056,-76.27895820412414,0.01605380909205678,0.00802690454602839,9.63228545523407,-0.03210761818411356,154.97239924292603,0.3210761818411356,-357.2095827191464,300.0355301117461,-3.210761818411356,6.421523636822712,1.605380909205678,-0.03210761818411356,27.035753525597784,0.04816142727617034,-0.03210761818411356,198.71558419071576,0.0,334.9043757371173,0.01605380909205678,-100.0,-0.03210761818411356,-0.03210761818428409,-0.03210761818411356,0.01605380909205678,109.48697800782726,-6.421523636822712,0.03210761818406136,178.29868168629736,-0.00802690454602839,-0.03531838000252496,-178.29868168629736,4.816142727617033,137.918073031796,319.10405874394934,109.48697800782726,-0.02408071363808517,271.08510610770634,202.39548294352585,0.03210761818411356,-0.00802690454602839,1.605380909205678,32.10761818411356,-0.01605380909205678,-0.03210761818411356,0.00802690454602839,1000.0,0.0,699.983946190908,309.6341194748363,-172.6923695520926,0.0,553.522913477211,-140.0,0.0,32.09057067739906,-255.0,-325.0,-300.0,-16.04528533869953,86.3461847760463,127.5,0.0,70.0,-263.860892016281,-174.17512985200656,300.0,325.0,-174.17512985200656,-553.522913477211,294.4206467398678,0.0,1496.5981,hplb
380,0.0,0.0,0.0,0.0,0.0,0.0,0.0,0.0,-0.04822580545456731,0.0,0.0,0.0,0.0,0.0,0.0,0.0,-7.172588453538879,307.1725884535389,0.0,0.0,0.0,0.0,0.0,0.0,0.0,0.0,0.0,0.0,0.0,-483.9937817247937,0.0,0.0,60.896999981455025,0.0,0.0,0.0,0.0,990.0587570432706,0.0,-1000.0,-129.79328133419773,0.0,-518.5596660248449,0.0,0.0,0.0,0.0,0.0,-27.393295846512387,-554.716245001952,0.0,0.0,0.0,0.053048385999915126,0.0,0.0,0.0,9.645161090913462,0.0,0.0,-4.247085933698685,0.0,0.0,-4.247085933698685,0.0,0.0,0.0,0.0,128.84845324946707,-128.84845324946707,0.0,0.4822580545456731,0.0,0.0,0.0,0.0,0.0,0.0,0.0,0.0,0.0,0.0,-189.78001519816425,0.0,28.935483272740385,0.0,0.0,0.0,-732.8915747382789,968.5213808001796,-0.012056451363641828,0.0,0.0,-50.08616295630725,14.467741636370192,0.0,14.467741636370192,-802.0245160025611,0.0,0.0,0.0,2.411290272728358,-950.3636132840984,0.0,0.0,-78.03720971799915,299.6614659780632,1000.0,0.0,0.0,0.0,0.0,0.0,0.0,0.0,0.0,0.0,0.0,0.0,0.0,0.0,0.0,0.0,0.0,-279.8329755438008,0.0,0.0,14.467741636370192,0.0,14.949999690915867,14.949999690915867,0.0,0.0,0.0,0.0,0.0,0.0,0.0,0.0,0.0,0.0,0.0,0.0,0.0,0.0,193.49340221816587,0.04822580545456731,0.0,0.0,0.0,0.0,-299.6614659780632,0.0,0.0,0.0,0.0,40.39843157667716,0.0,0.0,0.0,0.0,0.0,124.71134232245576,124.71134232245576,0.0,0.0,0.0,0.0,0.0,0.0,0.0,124.75956812791033,0.0,0.0,0.0,1000.0,-167.65841992238785,0.0,0.0,0.0,0.0,0.0,0.0,0.0,0.0,0.0,-196.48018710265228,0.0,0.0,0.0,0.0,-361.03355747892846,0.0,0.0,0.0,0.0,0.0,554.716245001952,518.5596660248449,64.3701939380993,-64.3701939380993,0.0,0.0,0.0,0.0,0.0,0.0,0.0,466.3698315593047,-1000.0,0.0,0.0,0.0,0.0,0.0,0.0,0.0,0.0,0.0,0.0,0.0,0.0,0.0,0.0,-80.70967781817308,0.0,0.0,0.0,0.0,0.0,0.0,0.0,0.0,0.0,0.0,-4.247085933698685,0.0,0.0,0.0,0.0,0.0,0.0,0.0,0.0,0.0,0.0,0.0,0.0,0.0,644.684665143817,-671.1367695574061,555.5365641164318,0.0,0.0,0.0,0.0,0.0,200.3734160183006,0.0,0.0,0.0,39.31284929492767,0.0,0.0,-1000.0,0.0,0.0,-1000.0,0.0,0.0,-668.5213808001796,0.0,398.9360782381505,554.716245001952,0.0,164.4499966000745,0.0,0.0,0.0,0.0,0.0,0.0,0.0,124.6631165170012,0.0,0.0,0.0,0.0,0.0,0.0,-4.247085933698685,-0.07233870818185097,0.0,0.0,0.0,0.0,0.04822580545456731,0.0,0.0,0.0,346.56581584255827,-7.172588453538879,0.0,-82.7511892982086,65.64064326957737,167.65841992238785,-244.89812880745185,0.0,0.0,0.0,-78.03720971799915,0.0,0.0,0.0,361.87519369813003,141.35666052223428,-503.2318542203643,-1000.0,-1000.0,0.0,0.0,0.0,0.0,0.0,0.0,0.0,0.0,0.0,0.0,0.0,0.0,0.0,0.0,0.0,0.0,0.0,-9.74833973491127,0.0,-1000.0,0.0,0.0,800.4716450669245,0.0,0.0,0.0,-193.49340221816587,0.0,189.78001519816425,0.0,346.4723913845008,0.0,176.78111926330095,0.0,0.0,0.0,-446.98623303500233,-1000.0,-1000.0,725.7959802435205,-1000.0,0.0,-2.411290272728362,134.64277044551454,-1.2056451363641827,997.5887097272716,791.5252144661841,0.0,-564.9769419861641,0.0,1000.0,14.467741636370192,-718.7500000000024,718.7500000000024,0.0,0.0,0.0,0.0,0.0,0.0,0.0,0.0,323.39204862708567,0.0,0.0,0.0,0.0,0.0,466.3698315593047,0.0,0.0,-8.49417186739737,0.0,109.37499999996368,129.57258910962432,0.0,0.0,0.0,0.0,-95.17741945454327,0.09645161090929832,0.0,0.0,0.0,0.0,0.0,0.0,0.0,0.0,0.0,0.0,0.0,0.0,0.0,0.0,0.0,0.0,0.0,0.0,0.0,0.053048385999915126,0.053048385999915126,0.0,270.35483890908654,0.0,28.935483272740385,0.0,169.20808096866125,0.0,1000.0,0.0,0.0,0.0,0.0,0.0,336.1553244918472,-1000.0,0.0,0.0,728.2895807836287,0.0,0.0,129.57258910962432,0.0,0.0,0.0,0.0,0.0,0.0,0.0,93.27765851460026,-346.56581584255827,0.0,0.0,3.713387020001619,0.0,-50.08616295630725,0.0,0.0,0.0,336.1553244918472,0.0,240.9779050373039,0.0,0.0,0.0,0.0,0.0,0.0,0.0,0.0,0.0,0.0,0.0,0.0,0.0,0.0,0.0,0.0,0.0,28.935483272740385,0.0,0.0,0.0,0.0,0.0,0.0,0.0,0.0,0.0,0.0,0.0,0.0,0.4822580545456731,0.0,0.0,0.0,0.0,0.0,518.5596660248449,0.0,0.0,14.467741636370192,-728.2895807836287,0.0,0.0,0.0,0.0,0.0,0.0,0.0,0.0,0.0,-749.6192331848971,1000.0,0.0,14.467741636370192,14.467741636370192,665.9137558570387,-1000.0,0.0,129.57258910962432,0.0,0.0,0.0,0.0,0.0,950.3636132840984,466.3698315593047,1000.0,0.04822580545456731,0.0,0.0,3.8890667398718834,0.0,0.0,0.0,50.08616295630725,0.0,0.0,0.0,0.0,0.0,0.0,0.0,0.0,0.0,0.0,0.0,0.0,0.0,0.0,0.04822580545456731,0.0,0.0,0.0,0.0,0.0,0.0,0.0,0.0,0.0,-193.49340221816587,1000.0,0.0,0.0,-1000.0,-3.616935409092541,-2.4112902727283654,0.0,0.0,-734.375,-734.375,734.375,0.0,0.0,0.0,0.0,0.0,0.0,0.0,0.0,167.65841992238785,0.0,0.0,437.43434828656433,0.0,0.0,0.0,-0.04822580545456731,0.0,0.0,0.04822580545456731,0.0,0.04822580545456731,0.0,0.0,0.0,28.935483272740385,58.83548265457212,58.83548265457212,0.0,0.0,0.0,0.0,0.0,0.0,189.78001519816425,0.0,0.0,466.3698315593047,0.0,0.0,0.0,366.02743554776816,0.0,0.0,0.0,0.0,0.0,0.0,0.0,0.0,0.0,0.0,0.0,0.0,0.0,0.0,0.0,0.0,0.0,0.07233870818185097,0.0,0.0,0.0,-14.467741636370192,0.0,0.0,0.0,0.0,0.0,-270.35483890908654,2.411290272728358,0.0,0.0,0.0,0.0,0.0,0.0,0.0,0.0,109.37499999996368,0.0,0.0,0.0,0.0,0.0,0.0,0.0,728.2895807836287,-129.28943463711263,270.35483890908654,0.0,-328.05801846114036,-78.03720971799913,9.74833973491127,0.0,189.78001519816425,-199.52835493307555,0.0,141.53793336372846,169.20808096866125,2.4112902727283654,782.6655851384467,0.0,0.0,0.0,-8.49417186739737,0.0,0.0,753.7790065224622,-753.7790065224622,0.0,0.0,0.0,0.0,0.0,470.45196142083137,-281.2056451363642,58.83548265457212,0.0,-796.875,-796.875,796.875,0.0,0.0,0.0,0.0,0.0,0.0,0.0,0.0,0.0,-3.8890667398718834,0.0,-518.5596660248449,14.467741636370192,0.0,0.0,0.0,0.0,-213.73186342104975,0.0,0.0,0.053048385999915126,0.0,0.0,0.0,29.41774132728606,0.0,0.0,0.0,0.0,-80.70967781817308,0.0,299.6614659780632,0.0,0.0,0.0,0.0,0.0,0.0,-509.24279056183985,0.0,89.0749548983786,0.004822580545456923,0.0,0.0,0.0,0.0,0.0,0.0,0.0,0.0,0.0,3.8890667398718834,0.0,0.0,0.0,0.0,0.0,270.35483890908654,0.0,0.0,0.0,0.0,0.0,0.0,0.0,554.716245001952,0.0,0.0,0.0,0.0,0.0,875.7572715094053,307.1725884535389,0.0,0.0,0.0,28.935483272740385,0.0,0.0,0.0,0.0,0.0,0.0,-28.935483272740385,0.0,0.0,0.0,0.0,0.0,0.0,0.0,0.0,0.0,0.0,0.0,0.0,-1000.0,-1000.0,399.06211228414674,329.0482243953587,-343.5159660317289,0.0,990.0587570432706,0.0,0.0,0.0,0.0,0.0,0.0,0.0,0.0,0.0,0.0,0.0,0.0,0.0,0.0,0.0,0.0,169.20808096866125,-6.028225681820906,0.0,-3.616935409092541,643.6161452750398,0.0,0.0,0.0,0.0,0.0,0.0,-0.6028225681820915,8.49417186739737,0.0,0.0,0.0,0.0,0.0,0.0,0.0,1000.0,14.467741636370192,14.467741636370192,0.0,0.0,0.0,0.0,0.0,0.053048385999915126,270.35483890908654,0.0,0.0,-990.0587570432706,89.07013231783316,0.0,0.0,0.0,0.0,0.0,0.0,0.0,0.0,0.0,0.0,0.0,0.0,0.0,0.0,0.0,0.0,14.949999690915867,0.0,50.63709572729567,193.49340221816587,0.0,0.0,0.0,0.0,0.0,270.35483890908654,0.0,-3.964161208364999,0.0,0.0,0.0,-6.028225681820906,0.0,0.0,0.0,0.0,0.0,0.0,0.0,0.0,0.0,0.0,0.0,0.0,0.0,0.0,0.0,0.0,0.0,0.0,-0.04822580545456731,0.0,0.0,2.411290272728358,-336.1553244918472,0.0,0.0,0.0,0.0,0.0,0.0,0.0,0.0,-361.87519369813003,1.2056451363641827,0.0,0.0,0.0,0.04822580545456731,0.0,48.22580545456731,0.0,9.645161090913462,0.34447003896119394,164.4499966000745,-0.03616935409092548,2.411290272728362,0.9645161090913462,-0.24112902727267738,-164.4499966000745,14.467741636370192,-0.04822580545456731,26.01240323933305,129.57258910962432,0.012056451363641828,0.344470038961194,-78.03720971799915,-7.677548228366618,-0.9645161090913916,-300.0,-0.04822580545456731,0.012056451363641828,-164.4499966000745,49.910899185893186,0.04822580545456731,0.04822580545456731,-270.25356471763206,0.0530483860000146,0.0,-0.03616935409092548,14.467741636370192,0.04822580545456731,14.467741636370192,-24.112902727283654,-0.024112902727283655,115.67598785932114,-4.870806350911298,-0.03616935409092548,-0.04822580545456731,0.0,0.04822580545456731,4.822580545456731,-0.9645161090913462,0.0,0.0,-4.822580545456731,300.0,0.0,9.645161090913462,0.07233870818185097,-454.1712254937098,4.822580545456731,-93.27765851460026,129.57258910962432,-9.645161090913462,0.024112902727283655,0.4822580545456731,20.68779732455215,280.0,-0.04822580545456731,-281.2056451363642,270.25356471763206,14.949999690915867,0.04822580545456731,7.677548228366618,26.613303923707463,129.57258910962432,-0.04822580545456731,-0.012056451363641828,-129.57258910962432,-0.04822580545456731,-394.83888543260645,0.04822580545456731,-0.012056451363641828,-0.012056451363641828,-0.012056451363641828,19.290322181826923,24.112902727283654,0.4822580545456731,194.02518786347338,-0.012056451363641828,15.36319140977125,2.4112902727283654,50.0,0.04822580545456731,0.024112902727283655,0.024112902727283655,69.60887510026889,0.0,0.04822580545456731,0.0,0.4822580545456731,0.04822580545456731,-510.6169763581152,0.04822580545456731,0.1929032218181419,0.24112902727267738,0.024112902727283655,0.012056451363641828,14.467741636370192,-0.04822580545456731,0.0,0.4822580545456958,-388.05037572694675,1.2056451363641791,-4.822580545456731,9.645161090913462,2.4112902727283654,-0.04822580545456731,78.03720971799915,0.07233870818185097,-0.04822580545456731,-139.21775020053778,0.0,326.79246809467884,0.024112902727283655,-100.0,-0.04822580545456731,-0.04822580545456731,-0.04822580545456731,0.024112902727283655,164.4499966000745,-9.645161090913462,0.04822580545456731,41.3755946491043,-0.012056451363641828,-0.0530483860000146,-41.3755946491043,7.233870818185095,4.870806350911298,340.0433666588882,164.4499966000745,-0.03616935409092548,281.2056451363642,-280.0,0.04822580545456731,-0.012056451363641828,348.88368165722915,48.22580545456731,-0.024112902727283655,-0.04822580545456731,0.012056451363641828,0.0,0.0,154.14711259098254,316.59178849464183,310.4747592607042,0.0,422.4529131152746,-140.0,45.088318640436455,-80.0,-255.0,318.4128573702269,-300.0,40.0,-155.2373796303521,127.5,-45.088318640436455,70.0,-270.35483890908654,-113.06060467362909,300.0,-318.4128573702269,-113.06060467362909,-422.4529131152746,195.5085143230552,0.0,1496.5981,hplb
381,0.0,0.0,0.0,0.0,0.0,0.0,0.0,0.0,-0.030786795565217937,0.0,0.0,0.0,0.0,0.0,0.0,0.0,-428.0741833052271,1000.0,0.0,-441.33815822136006,0.0,0.0,0.0,1000.0,0.0,241.65666647174058,0.0,0.0,0.0,1000.0,38.239495535847176,-38.239495535847176,0.0,0.0,0.0,0.0,0.0,-77.11813391633052,0.0,-1000.0,1000.0,0.0,0.0,-1000.0,0.0,0.0,0.0,0.0,179.4112831817277,0.0,0.0,0.0,0.0,0.03386547512177018,0.0,0.0,0.0,0.0,0.0,0.0,69.01504932356568,0.0,766.9816270935121,582.5781615222036,0.0,0.0,0.0,0.0,0.0,32.377602900660015,0.0,0.3078679556521794,0.0,0.0,0.0,0.0,0.0,0.0,0.0,0.0,0.0,0.0,0.0,0.0,18.472077339130763,0.0,0.0,819.2078419106274,1000.0,-258.03252496380185,-0.007696698891304484,0.0,0.0,0.0,9.236038669565382,0.0,9.236038669565382,0.0,0.0,0.0,0.0,603.2526135943531,1000.0,0.0,0.0,-45.952631677335944,0.0,0.0,0.0,0.0,0.0,0.0,0.0,0.0,0.0,0.0,0.0,0.0,0.0,0.0,0.0,0.0,0.0,0.0,-1000.0,0.0,0.0,9.236038669565382,0.0,9.54390662521756,9.54390662521756,0.0,0.0,0.0,0.0,0.0,-253.41851489487405,-46.87500000000004,46.87500000000004,0.0,0.0,0.0,0.0,0.0,0.0,2.37058325852178,0.030786795565217937,0.0,0.0,0.0,-867.1929336737581,724.3039612891197,0.0,0.0,0.0,0.0,-85.34348067438613,0.0,0.0,0.0,0.0,0.0,961.7297176685877,961.7297176685877,0.0,0.0,0.0,-734.375,416.162777114674,0.0,0.0,1000.0,0.0,0.0,0.0,-1000.0,-980.2729244765615,0.0,0.0,0.0,0.0,0.0,0.0,0.0,0.0,0.0,0.0,0.0,0.0,0.0,0.0,-2.2089486175960644,0.0,0.0,0.0,0.0,0.0,0.0,0.0,-441.96747503619815,441.96747503619815,0.0,0.0,0.0,0.0,0.0,0.0,0.0,0.0,-542.1167361740573,0.0,0.0,0.0,0.0,0.0,0.0,0.0,0.0,0.0,0.0,0.0,0.0,0.0,0.0,55.203690610725666,-751.3370998765006,0.0,0.0,0.0,253.41851489487405,166.890533647913,0.0,0.0,0.0,0.0,69.01504932356568,248.6629001234994,38.239495535847176,0.0,0.0,0.0,0.0,0.0,0.0,0.0,39.23083035304674,6.157359113043587,0.0,0.0,-1000.0,441.96747503619815,556.6516500561569,0.0,751.3370998765006,0.0,0.0,253.41851489487405,-962.4401094104342,0.0,0.0,0.0,-93.94888343398043,0.0,0.0,577.8503751075236,577.8503751075236,1000.0,-1000.0,1000.0,-577.8503751075236,558.0325249638018,0.0,-881.9247583499134,0.0,0.0,-61.90756077051981,0.0,0.0,0.0,0.0,0.0,0.0,0.0,999.9384264088695,0.0,253.41851489487405,0.0,-734.375,0.0,0.0,69.01504932356568,-0.0461801933478269,0.0,0.0,0.0,0.0,0.030786795565217937,0.0,0.0,0.0,-213.14845405292905,-428.0741833052271,0.0,-65.31504212193458,-861.0034696846827,980.2729244765615,805.1192858185905,0.0,0.0,0.0,-45.952631677335944,0.0,0.0,0.0,-2.650743098165295,0.0,2.650743098165295,-1000.0,-1000.0,0.0,0.0,0.0,0.0,0.0,0.0,0.0,0.0,0.0,0.0,0.0,0.0,0.0,0.0,0.0,0.0,0.0,528.7322660838317,0.0,605.7272528179013,0.0,0.0,0.0,0.0,0.0,0.0,-3.361918075721345,0.0,0.0,0.0,0.0,601.7132738160922,0.0,0.0,0.0,0.0,0.0,0.0,0.0,0.0,-44.105163326731244,0.0,-302.395976686307,703.5659276606482,-0.7696698891304484,-1.5393397782608969,-398.8609413069498,0.0,0.0,543.1940266679936,-494.4708440064797,9.236038669565382,0.0,0.0,0.0,71.18601152593936,0.0,0.0,0.0,0.0,0.0,0.0,-749.0039359737435,0.0,0.0,0.0,0.0,0.0,0.0,0.0,0.0,-115.38841624774285,0.0,0.0,204.11675285097488,0.0,0.0,0.0,0.0,-96.92132044347821,0.06157359113046823,0.0,0.0,0.0,0.0,0.0,0.0,0.0,0.0,0.0,0.0,0.0,0.0,0.0,0.0,0.0,0.0,0.0,0.0,0.0,0.03386547512177018,0.03386547512177018,38.239495535847176,273.8426408869564,0.0,18.472077339130763,0.0,0.0,0.0,79.04967902859723,0.0,0.0,0.0,0.0,0.0,-826.7383482115779,-79.04967902859723,0.0,0.0,0.0,0.0,0.0,204.11675285097488,0.0,0.0,0.0,0.0,0.0,0.0,0.0,333.3333333333333,213.14845405292905,142.8889723846385,0.0,222.3003219714152,0.0,0.0,0.0,-166.890533647913,0.0,-826.7383482115779,0.0,-923.6596686550561,0.0,1000.0,-1000.0,0.0,0.0,0.0,0.0,0.0,0.0,0.0,0.0,0.0,0.0,0.0,0.0,0.0,0.0,18.472077339130763,253.41851489487405,253.41851489487405,0.0,0.0,0.0,0.0,0.0,0.0,0.0,0.0,0.0,0.0,0.3078679556521794,0.0,38.239495535847176,0.0,0.0,38.239495535847176,0.0,0.0,0.0,9.236038669565382,0.0,0.0,0.0,219.92973871289342,0.0,0.0,0.0,0.0,0.0,0.0,87.46758164463066,0.0,0.0,9.236038669565382,9.236038669565382,1000.0,-79.04967902859723,0.0,204.11675285097488,0.0,0.0,0.0,0.0,0.0,-1000.0,0.0,-905.6662816214543,0.030786795565217937,0.0,0.0,0.0,2.482735156652218,5.016057088806319,0.0,0.0,0.0,0.0,0.0,0.0,0.0,0.0,0.0,0.0,0.0,0.0,0.0,0.0,0.0,0.0,0.030786795565217937,0.0,0.0,0.0,44.8960931998148,-44.8960931998148,0.0,0.0,0.0,0.0,-351.41183575498064,1000.0,0.0,-651.9500823207406,76.99498673406958,-2.3090096673913454,0.0,-1.5393397782608969,0.0,0.0,0.0,0.0,0.0,0.0,0.0,0.0,0.0,0.0,0.0,253.41851489487405,980.2729244765615,0.0,0.0,-492.9315042282188,0.0,0.0,0.0,-0.030786795565217937,0.0,0.0,0.030786795565217937,0.0,0.030786795565217937,0.0,32.377602900660015,0.0,18.472077339130763,37.55989058956588,37.55989058956588,0.0,0.0,0.0,0.0,0.0,0.0,0.0,142.8889723846385,0.0,0.0,0.0,0.0,0.0,0.0,0.0,0.0,0.0,0.0,0.0,0.0,0.0,0.0,0.0,0.0,0.0,0.0,0.0,166.890533647913,0.0,-209.27906357108057,209.27906357108057,0.0461801933478269,0.0,0.0,0.0,-9.236038669565382,0.0,0.0,0.0,0.0,0.0,-273.8426408869564,1.5393397782608969,0.0,0.0,0.0,734.375,-416.162777114674,0.0,-1.5393397782608969,0.0,0.0,0.0,0.0,0.0,0.0,0.0,253.41851489487405,0.0,0.0,0.0,273.8426408869564,0.0,461.73161327159494,-40.93657458852962,0.0,348.04991767925935,651.9500823207406,-1000.0,0.0,-1000.0,0.0,1.5393397782608969,641.3264883928948,0.0,0.0,-38.239495535847176,-115.38841624774285,734.3749999999981,-734.3749999999981,0.0,0.0,0.0,0.0,0.0,0.0,0.0,276.1516505543478,-280.76966988913045,37.55989058956588,0.0,0.0,0.0,38.239495535847176,0.0,0.0,0.0,0.0,0.0,39.23083035304674,0.0,0.0,0.0,-2.482735156652218,471.91785588686844,0.0,9.236038669565382,0.0,0.0,0.0,0.0,-222.67142488210183,0.0,0.0,0.03386547512177018,0.0,0.0,0.0,18.77994529478294,0.0,0.0,0.0,0.0,55.203690610725666,0.0,0.0,0.0,0.0,0.0,0.0,0.0,0.0,-416.3518112784137,0.0,231.0568851536989,0.003078679556521794,0.0,0.0,0.0,0.0,0.0,0.0,0.0,0.0,0.0,0.0,38.239495535847176,0.0,0.0,0.0,0.0,273.8426408869564,0.0,0.0,0.0,0.0,0.0,0.0,0.0,0.0,0.0,0.0,0.0,0.0,-1000.0,-1000.0,1000.0,0.0,0.0,0.0,18.472077339130763,0.0,0.0,0.0,0.0,0.0,0.0,-18.472077339130763,0.0,0.0,0.0,0.0,0.0,0.0,0.0,0.0,0.0,38.239495535847176,38.239495535847176,0.0,905.6662816214543,-1000.0,21.088954962174288,0.0,-9.236038669565382,0.0,-77.11813391633052,0.0,0.0,0.0,0.0,0.0,0.0,0.0,0.0,0.0,0.0,0.0,0.0,0.0,0.0,0.0,0.0,0.0,-3.848349445652242,253.41851489487405,-604.0222834834835,278.4606602217391,0.0,0.0,0.0,0.0,0.0,-0.38483494456522427,0.0,115.38841624774285,0.0,0.0,0.0,0.0,0.0,0.0,0.0,1000.0,9.236038669565382,9.236038669565382,0.0,0.0,0.0,0.0,0.0,0.03386547512177018,273.8426408869564,0.0,0.0,77.11813391633052,231.05380647414236,0.0,0.0,0.0,0.0,0.0,0.0,0.0,0.0,0.0,0.0,0.0,0.0,0.0,0.0,0.0,0.0,9.54390662521756,0.0,32.32613534347884,0.0,0.0,2.37058325852178,0.0,0.0,0.0,273.8426408869564,0.0,0.0,0.0,0.0,0.0,-3.848349445652242,0.0,0.0,0.0,0.0,0.0,0.0,0.0,0.0,0.0,0.0,0.0,0.0,0.0,0.0,0.0,0.0,0.0,0.0,-0.030786795565217937,0.0,0.0,1.5393397782608969,826.7383482115779,0.0,0.0,0.0,0.0,253.41851489487405,0.0,0.0,0.0,2.650743098165295,0.7696698891304484,0.0,0.0,241.65666647174058,0.030786795565217937,0.0,30.786795565217936,0.0,6.157359113043587,0.21990568260869953,104.98297287739317,-0.02309009667391345,302.395976686307,0.6157359113043588,-0.1539339778261544,-104.98297287739317,9.236038669565382,-0.030786795565217916,15.317543892445315,204.11675285097488,0.007696698891304484,0.21990568260869955,-45.952631677335944,-4.901257853982202,37.62375962454282,-130.58765847341277,-0.030786795565217937,0.007696698891304484,-104.98297287739317,3.0786795565217937,0.030786795565217937,0.030786795565217937,-273.7779886162694,0.033865475121741345,0.0,-0.02309009667391345,9.236038669565382,0.030786795565217937,9.236038669565382,-15.393397782608968,-0.015393397782608969,177.248744029058,-170.0,-0.02309009667391345,-0.030786795565217937,0.0,0.030786795565217937,3.0786795565217937,-0.6157359113043588,166.890533647913,166.890533647913,-3.0786795565217937,130.58765847341277,-166.890533647913,6.157359113043587,0.0461801933478269,515.8522327777146,3.0786795565217937,-333.3333333333333,204.11675285097488,-6.157359113043587,0.015393397782608969,0.3078679556521794,16.328760530483645,280.0,-0.030786795565217937,-280.76966988913045,273.7779886162694,9.54390662521756,0.030786795565217937,4.901257853982202,167.17259817271326,204.11675285097488,-0.030786795565217937,-0.007696698891304484,-204.11675285097488,-0.030786795565217937,-96.92132044347821,0.030786795565217937,-0.007696698891304484,-0.007696698891304484,-0.007696698891304484,12.314718226087175,15.393397782608968,0.3078679556521794,179.7327229331936,-0.007696698891304484,17.339977168521976,1.5393397782608969,50.0,0.030786795565217937,0.015393397782608969,0.015393397782608969,-21.572201465427796,0.0,0.030786795565217937,0.0,0.3078679556521794,0.030786795565217937,-493.5798344708168,0.030786795565217937,0.12314718226093646,0.1539339778261544,0.015393397782608969,0.007696698891304484,9.236038669565382,-0.030786795565217937,0.0,-18.81187981227141,-359.4654458663872,301.62630679717654,-3.0786795565217937,6.157359113043587,1.5393397782608969,-0.030786795565217937,45.952631677335944,0.0461801933478269,-0.030786795565217937,43.14440293085559,0.0,484.6895718798569,0.015393397782608969,-100.0,-0.030786795565217937,-0.030786795565217937,-0.030786795565217937,0.015393397782608969,104.98297287739317,-6.157359113043587,0.030786795565217937,32.65752106096729,-0.007696698891304484,-0.033865475121741345,-32.65752106096729,4.61801933478269,170.0,-282.24588954616826,104.98297287739317,-0.02309009667391345,280.76966988913045,-280.0,0.030786795565217937,-0.007696698891304485,1.5393397782608969,30.786795565217936,-0.015393397782608969,-0.030786795565217937,0.007696698891304484,1000.0,0.0,-815.8676261754972,313.8471115376232,-255.0,0.0,-136.9178934729235,-41.61696277052097,0.0,567.5430010739253,712.5971399232901,-325.0,-300.0,-283.77150053696266,127.5,-356.29856996164506,0.0,20.808481385260485,-273.8426408869564,-262.0181469977551,300.0,325.0,-262.0181469977551,136.9178934729235,-153.58458560107928,0.0,1496.5981,hplb
382,0.0,0.0,0.0,0.0,0.0,0.0,0.0,0.0,-0.019882745488454246,0.0,0.0,0.0,0.0,0.0,0.0,0.0,1000.0,-206.45892925694866,0.0,-493.54107074305136,0.0,0.0,0.0,550.0623095028212,0.0,24.500791793384167,0.0,0.0,0.0,377.9290782239889,18.66049699894593,-18.66049699894593,296.32497584884885,0.0,0.0,0.0,0.0,107.39775519977881,0.0,-1000.0,1000.0,0.0,-592.5809030964389,0.0,0.0,0.0,0.0,0.0,-970.5099813204278,0.0,0.0,0.0,0.0,0.02187102003729108,0.0,0.0,0.0,3.976549097690849,0.0,0.0,299.00795546380675,0.0,-378.0705707153893,-1000.0,0.0,0.0,0.0,0.0,0.0,679.5127866849118,0.0,0.19882745488454245,0.0,0.0,0.0,0.0,0.0,0.0,0.0,0.0,0.0,0.0,0.0,0.0,11.929647293072549,0.0,0.0,793.6583511480891,-524.7507089918008,0.029824118232681367,-0.0049706863721135615,0.0,0.0,748.6795469027569,5.964823646536273,0.0,5.964823646536273,-19.300721403675073,0.0,0.0,0.0,443.84591144386167,377.9290782239889,0.0,0.0,-35.287582888108204,0.0,0.0,0.0,0.0,0.0,0.0,0.0,0.0,0.0,0.0,0.0,0.0,0.0,0.0,0.0,0.0,0.0,0.0,-1000.0,0.0,0.0,5.964823646536273,0.0,6.1636511014208155,6.1636511014208155,0.0,935.2550777166958,64.74492228330416,-1000.0,1000.0,-1000.0,15.62500000000175,-15.62500000000175,79.06261525158254,0.0,0.0,0.0,0.0,0.0,1.530971402610969,0.019882745488454246,0.0,0.0,0.0,-275.541573281547,0.0,0.0,0.0,0.0,0.0,-38.582337490770755,0.0,0.0,0.0,0.0,0.0,358.37722385286077,358.37722385286077,0.0,0.0,0.0,0.0,707.5836127535124,0.0,0.0,377.05760359729516,0.0,0.0,0.0,-603.6628976347192,0.0,0.0,0.0,0.0,0.0,0.0,0.0,0.0,0.0,0.0,-392.3381278724732,0.0,0.0,0.0,0.0,-347.59379208172254,0.0,0.0,0.0,0.0,0.0,0.0,592.5809030964389,584.2707270758998,-584.2707270758998,822.3624031097944,0.0,0.0,0.0,0.0,0.0,0.0,0.0,-405.9203190022006,0.0,0.0,0.0,0.0,0.0,0.0,0.0,0.0,0.0,0.0,0.0,0.0,0.0,0.0,183.49467147692872,-1000.0,0.0,0.0,0.0,98.57498163862309,-354.6702291061275,0.0,0.0,0.0,0.0,299.00795546380675,-1000.0,18.66049699894593,0.0,0.0,0.0,0.0,0.0,0.0,0.0,0.0,0.0,0.0,0.0,1000.0,-701.6023391641395,1000.0,0.0,1000.0,0.0,0.0,920.9373847484175,-570.7508465415895,0.0,0.0,0.0,-312.0930604487751,0.0,0.0,-741.1355990451539,656.1875000000197,0.0,-741.1355990451539,-656.1875000000197,0.0,59.52001808409898,0.0,61.12235724823847,0.0,0.0,-399.8920118880379,0.0,0.0,0.0,-1000.0,0.0,1000.0,0.0,377.01783810631827,0.0,98.57498163862309,974.3906159966572,0.0,0.0,0.0,299.00795546380675,-0.029824118232681367,0.0,0.0,0.0,0.0,0.019882745488454246,0.0,0.0,0.0,-126.06320556848056,1000.0,0.0,-97.38971274916253,-340.25054558486477,0.0,1000.0,0.0,28.48402118675954,0.0,-35.287582888108204,0.0,0.0,0.0,-1.7119043865559018,0.0,-26.77211680020364,-1000.0,-1000.0,0.0,0.0,0.0,0.0,0.0,0.0,0.0,0.0,0.0,0.0,0.0,0.0,0.0,0.0,0.0,0.0,0.0,624.771790500457,0.0,517.2945043187237,0.0,0.0,0.0,0.0,0.0,653.9153810718647,17.12952559633496,0.0,0.0,0.0,0.0,442.851774169439,0.0,0.0,0.0,592.3679343897475,0.0,0.0,999.0058627255773,0.0,0.0,0.0,-222.4200243591422,322.97711931225047,-592.8650030269588,-1000.0,-36.52430508493421,0.0,-1000.0,1000.0,202.01808106611963,5.964823646536273,0.0,0.0,0.0,0.0,0.0,0.0,0.0,0.0,0.0,0.0,67.18086207445837,0.0,0.0,0.0,0.0,0.0,0.0,0.0,0.0,-322.92147382080384,0.0,0.0,5.964823646536273,0.0,0.0,0.0,0.0,-98.01172545115458,0.03976549097751558,0.0,0.0,0.0,0.0,0.0,0.0,0.0,0.0,0.0,679.5127866849118,0.0,0.0,0.0,0.0,0.0,0.0,0.0,0.0,0.0,0.02187102003729108,0.02187102003729108,18.66049699894593,268.859592572513,0.0,11.929647293072549,0.0,0.0,0.0,111.72729927957926,0.0,0.0,0.0,0.0,0.0,-86.5344640533268,-111.72729927957926,0.0,0.0,796.9503106202917,0.0,0.0,5.964823646536273,0.0,0.0,0.0,0.0,0.0,0.0,0.0,333.3333333333333,126.06320556848056,275.541573281547,0.0,289.2312390298819,0.0,0.0,748.6795469027569,280.98737289909,0.0,-86.5344640533268,0.0,0.0,-184.5461895044814,0.0,0.0,0.0,0.0,0.0,0.0,0.0,0.0,0.0,0.0,0.0,0.0,0.0,0.0,0.0,0.0,11.929647293072547,920.9373847484175,920.9373847484175,0.0,0.0,0.0,0.0,0.0,0.0,0.0,0.0,0.0,0.0,0.19882745488454245,0.0,18.66049699894593,0.0,0.0,18.66049699894593,592.5809030964389,0.0,0.0,5.964823646536273,-796.9503106202917,0.0,0.0,287.70026762727093,0.0,0.0,0.0,0.0,0.0,0.0,0.0,-998.2550565815178,0.0,5.964823646536273,5.964823646536273,1000.0,-111.72729927957926,0.0,5.964823646536273,0.0,0.0,0.0,0.0,0.0,-113.80832006183306,0.0,198.53327470554768,0.019882745488454246,0.0,0.0,0.0,1.603401404033203,192.05196741225188,0.0,-748.6795469027569,0.0,0.0,0.0,0.0,0.0,0.0,0.0,0.0,0.0,0.0,0.0,0.0,0.0,0.0,0.019882745488454246,0.0,0.0,0.0,0.0,0.0,0.0,0.0,0.0,0.0,0.0,17.12952559633496,0.0,0.0,-107.47728618173323,-1.4912059116340683,-0.9941372744227123,0.0,0.0,0.0,0.0,0.0,0.0,0.0,0.0,0.0,0.0,0.0,0.0,920.9373847484175,0.0,0.0,0.0,-796.9877816594577,0.0,0.0,0.0,-0.019882745488454246,0.0,0.0,0.019882745488454246,0.0,0.019882745488454246,0.0,0.0,0.0,11.929647293072549,24.256949495914178,24.256949495914178,0.0,0.0,0.0,0.0,0.0,0.0,0.0,275.541573281547,0.0,0.0,0.0,0.0,0.0,0.0,0.0,0.0,0.0,0.0,0.0,0.0,0.0,0.0,0.0,0.0,0.0,0.0,0.0,467.6921740036668,0.0,-32.17636123122208,32.17636123122208,0.029824118232681367,0.0,0.0,0.0,-5.964823646536273,0.0,0.0,0.0,0.0,0.0,-268.859592572513,0.9941372744227123,0.0,0.0,0.0,0.0,-707.5836127535124,-20.294858678097786,0.0,0.0,0.0,0.0,0.0,0.0,0.0,0.0,920.9373847484175,0.0,796.9503106202917,414.87055252541086,268.859592572513,0.0,596.5650241838562,156.76438452414368,0.0,-3.1653330817628245,0.0,3.1653330817628245,0.0,-595.0077960375037,0.0,0.9941372744227123,1000.0,0.0,377.30384844553816,-18.66049699894593,-322.92147382080384,0.0,0.0,0.0,0.0,0.0,0.0,0.0,0.0,0.0,662.6889263566202,-273.33321030741513,24.256949495914178,0.0,0.0,0.0,18.66049699894593,0.0,0.0,0.0,0.0,0.0,0.0,0.0,0.0,0.0,-681.116188088945,1000.0,-592.5809030964389,5.964823646536273,0.0,0.0,0.0,0.0,-291.14090743146227,0.0,0.0,0.02187102003729108,0.0,0.0,0.0,12.128474747957089,0.0,0.0,0.0,0.0,183.49467147692872,0.0,0.0,0.0,0.0,0.0,0.0,0.0,0.0,0.0,0.0,0.0019882745488454248,0.0019882745488454248,0.0,0.0,0.0,0.0,0.0,0.0,0.0,0.0,0.0,0.0,18.66049699894593,0.0,0.0,0.0,0.0,268.859592572513,0.0,0.0,0.0,0.0,0.0,0.0,0.0,0.0,0.0,0.0,0.0,0.0,1000.0,189.65220828119828,-206.45892925694866,0.0,0.0,0.0,11.929647293072549,0.0,0.0,0.0,0.0,0.0,988.0703527069275,-1000.0,0.0,0.0,0.0,0.0,0.0,0.0,0.0,0.0,0.0,18.66049699894593,18.66049699894593,0.0,-198.53327470554768,-735.8792418378441,13.61968065959116,0.0,-5.964823646536273,0.0,107.39775519977881,0.0,0.0,0.0,0.0,0.0,0.0,0.0,0.0,0.0,0.0,0.0,0.0,0.0,0.0,0.0,0.0,0.0,-2.4853431860567805,920.9373847484175,-444.34298008107305,271.84200439578115,0.0,0.0,0.0,0.0,0.0,0.0,-0.24853431860567807,322.92147382080384,0.0,0.0,0.0,0.0,0.0,0.0,0.0,1000.0,5.964823646536273,5.964823646536273,0.0,0.0,0.0,0.0,0.0,0.02187102003729108,268.859592572513,0.0,0.0,-107.39775519977881,0.0,0.0,0.0,0.0,0.0,0.0,0.0,0.0,0.0,0.0,0.0,0.0,0.0,0.0,3.8377847189189573,0.0,0.0,6.1636511014208155,0.0,20.876882762876956,1.530971402610969,0.0,0.0,0.0,0.0,0.0,268.859592572513,0.0,0.0,0.0,0.0,0.0,-2.4853431860567805,0.0,0.0,0.0,0.0,0.0,0.0,0.0,0.0,0.0,0.0,0.0,0.0,0.0,0.0,0.0,0.0,0.0,0.0,-0.019882745488454246,0.0,0.0,0.9941372744227123,86.5344640533268,0.0,0.0,0.0,0.0,920.9373847484175,0.0,0.0,0.0,1.7119043865559018,0.49706863721135613,0.0,0.0,24.500791793384167,0.019882745488454246,0.0,19.882745488454244,0.0,3.976549097690849,0.14201961063181603,67.80016211562896,-0.014912059116340684,222.4200243591422,0.3976549097690849,-0.09941372744287946,-67.80016211562896,5.964823646536273,-0.019882745488454243,11.762527629369401,5.964823646536273,0.0049706863721135615,0.14201961063181603,-35.287582888108204,-3.1653330817628245,18.262842089176846,-300.0,-0.019882745488454246,0.0049706863721135615,-67.80016211562896,1.9882745488454245,0.019882745488454246,0.019882745488454246,-268.81783880698725,0.02187102003729967,-131.7095681115352,-0.014912059116340684,5.964823646536273,0.019882745488454246,5.964823646536273,-9.941372744227122,-0.009941372744227123,240.86707137852235,352.6620718117936,-0.014912059116340684,-0.019882745488454246,0.0,0.019882745488454246,1.9882745488454245,-0.3976549097690849,467.6921740036668,467.6921740036668,-1.9882745488454245,300.0,-467.6921740036668,3.976549097690849,0.029824118232681367,-1000.0,1.9882745488454245,-333.3333333333333,5.964823646536273,-3.976549097690849,0.009941372744227123,0.19882745488454245,24.34742818729063,272.83614167020386,-0.019882745488454246,-273.33321030741513,268.81783880698725,6.1636511014208155,0.019882745488454246,3.1653330817628245,-17.894470939608823,5.964823646536273,-0.019882745488454246,-0.0049706863721135615,-5.964823646536273,-0.019882745488454246,-98.01172545115458,0.019882745488427944,-0.0049706863721135615,-0.0049706863721135615,-0.0049706863721135615,7.953098195381698,9.941372744227122,0.19882745488454245,14.730629063758897,-0.0049706863721135615,36.93232874521186,0.9941372744227123,50.0,0.019882745488454246,0.009941372744227123,0.009941372744227123,-44.31680444719798,0.0,0.019882745488454246,0.0,0.19882745488454245,0.019882745488454246,-14.730629063758897,0.019882745488454246,0.07953098195442522,0.09941372744287946,0.009941372744227123,0.0049706863721135615,5.964823646536273,-0.019882745488454246,131.7095681115352,-9.131421044588423,-29.461258127517794,221.92295572193083,-1.9882745488454245,3.976549097690849,0.9941372744227123,-0.019882745488454246,35.287582888108204,0.029824118232681367,-0.019882745488454246,88.63360889439596,0.0,635.0915975705899,0.009941372744227123,-100.0,-0.019882745488454246,-0.019882745488427944,-0.019882745488454246,0.009941372744227123,67.80016211562896,-3.976549097690849,0.019882745488454246,48.69485637458126,-0.0049706863721135615,-0.02187102003729967,-48.69485637458126,2.9824118232681363,-352.6620718117936,506.2773622443392,67.80016211562896,-0.014912059116340684,273.33321030741513,-272.83614167020386,0.019882745488454246,-0.004970686372113562,0.9941372744227123,19.882745488454244,-0.009941372744227123,-0.019882745488454246,0.0049706863721135615,1000.0,0.0,940.4402164249241,0.0,-247.51907864435384,0.0,156.14602240941213,-140.0,0.0,1000.0,-227.92179569629292,-325.0,-59.54984220233166,-500.0,123.75953932217692,113.96089784814646,0.0,70.0,-268.859592572513,-343.95069013912763,59.54984220233166,325.0,-343.95069013912763,-156.14602240941213,86.02610940008776,0.0,1496.5981,hplb
383,0.0,0.0,0.0,0.0,0.0,0.0,0.0,0.0,-0.04381168026618803,0.0,0.0,0.0,0.0,0.0,0.0,0.0,0.0,1000.0,0.0,-700.0,0.0,0.0,0.0,208.30689871068125,0.0,0.0,0.0,0.0,0.0,-516.9797500506105,0.0,0.0,120.02920936383512,0.0,0.0,0.0,0.0,1000.0,0.0,-1000.0,-299.4531507249851,0.0,0.0,149.88156957437866,0.0,0.0,0.0,403.45998260610247,516.9797500506105,-497.23754520541223,0.0,0.0,0.0,0.048192848292850164,0.0,0.0,0.0,0.0,0.0,0.0,-8.49701607967185,0.0,8.49701607967185,0.0,0.0,0.0,0.0,0.0,0.0,592.9229907319209,0.0,0.4381168026618803,0.0,0.0,0.0,0.0,0.0,0.0,0.0,314.55619726544944,0.0,0.0,3.3734993804964764,0.0,26.28700815971282,0.0,0.0,-240.2474840338691,23.26773398325861,300.0,-0.010952920066547007,0.0,0.0,977.414719607452,13.14350407985641,0.0,13.14350407985641,-1.410736104569878,169.31063495261984,0.0,3.3734993804964764,2.1905840133094014,-950.3437674784022,0.0,0.0,0.0,283.81090949653515,0.0,0.0,0.0,0.0,0.0,0.0,0.0,0.0,0.0,0.0,0.0,0.0,0.0,0.0,0.0,0.0,0.0,-646.8519209487115,0.0,0.0,13.14350407985641,0.0,13.581620882518287,13.581620882518287,0.0,0.0,0.0,0.0,0.0,0.0,140.6249999999984,-140.6249999999984,0.0,0.0,0.0,0.0,0.0,0.0,0.0,0.04381168026618803,0.0,0.0,0.0,0.0,-283.81090949653515,0.0,0.0,0.0,0.0,-172.0507112325628,0.0,0.0,0.0,0.0,0.0,-109.6545274856628,-109.6545274856628,0.0,0.0,0.0,0.0,794.1274765573073,0.0,0.0,-109.61071580539661,0.0,0.0,0.0,1000.0,-307.9904945108075,0.0,0.0,0.0,0.0,0.0,0.0,0.0,0.0,0.0,0.0,0.0,0.0,0.0,0.0,-1000.0,0.0,0.0,0.0,0.0,0.0,497.23754520541223,0.0,-23.26773398325861,23.26773398325861,0.0,0.0,0.0,0.0,0.0,0.0,0.0,433.36401742779185,-907.1401407261075,0.0,0.0,0.0,0.0,0.0,0.0,0.0,0.0,0.0,0.0,0.0,0.0,0.0,0.0,133.17271344369152,0.0,0.0,0.0,0.0,0.0,0.0,0.0,0.0,0.0,0.0,-8.49701607967185,-149.88156957437866,0.0,0.0,0.0,0.0,0.0,0.0,0.0,0.0,0.0,412.2223186593401,0.0,0.0,-46.53546796651722,0.0,253.46453203348278,0.0,0.0,0.0,0.0,0.0,233.76432729606512,0.0,0.0,0.0,35.638944728386605,0.0,0.0,-455.21261581861324,-740.2763297400581,0.0,-183.1676818784614,468.2313957999063,272.04493394015185,0.0,0.0,0.0,497.23754520541223,0.0,149.39782970770116,0.0,0.0,0.0,-198.98346781971009,0.0,198.98346781971009,0.0,-109.69833916592899,0.0,0.0,0.0,0.0,0.0,0.0,-8.49701607967185,-0.06571752039928204,0.0,0.0,0.0,0.0,0.04381168026618803,0.0,0.0,0.0,986.8564959201436,0.0,0.0,0.0,134.92887023126403,307.9904945108075,-427.54731059189106,0.0,-376.3295504440055,0.0,0.0,0.0,0.0,0.0,873.8536043919253,439.0941635933466,-936.6182175412663,-1000.0,-1000.0,0.0,0.0,0.0,0.0,0.0,0.0,0.0,0.0,0.0,0.0,0.0,0.0,0.0,0.0,0.0,0.0,0.0,-20.698756747972766,0.0,-1000.0,0.0,0.0,0.0,0.0,0.0,0.0,808.0653442596638,0.0,169.31063495261984,0.0,0.0,0.0,0.0,0.0,-520.4354458711877,0.0,-439.0941635933466,-546.6670403201423,-953.4906123074117,0.0,0.0,0.0,518.2448618578783,0.0,-1.0952920066547007,951.3000282941023,0.0,0.0,0.0,0.0,997.8094159866906,13.14350407985641,0.0,0.0,0.0,0.0,0.0,0.0,0.0,0.0,0.0,0.0,246.23766394676238,0.0,0.0,0.0,0.0,0.0,433.36401742779185,0.0,0.0,-16.9940321593437,0.0,359.3749999999882,141.23766394676238,0.0,0.0,0.0,0.0,120.02920936383512,0.0876233605323664,0.0,0.0,0.0,0.0,0.0,0.0,0.0,0.0,0.0,592.9229907319209,0.0,0.0,0.0,0.0,0.0,0.0,0.0,0.0,0.0,0.048192848292850164,0.048192848292850164,0.0,220.0490897322085,0.0,26.28700815971282,0.0,0.0,0.0,1000.0,0.0,0.0,0.0,0.0,0.0,-70.7568764169894,-1000.0,0.0,0.0,806.616474279717,0.0,0.0,141.23766394676238,0.0,0.0,0.0,0.0,0.0,0.0,0.0,215.61730698290384,-986.8564959201436,0.0,0.0,3.3734993804964764,0.0,977.414719607452,0.0,0.0,0.0,-161.21089144948087,0.0,49.27233294684572,0.0,0.0,0.0,0.0,0.0,0.0,0.0,0.0,0.0,0.0,0.0,0.0,0.0,0.0,0.0,0.0,0.0,26.28700815971282,0.0,0.0,0.0,0.0,0.0,0.0,0.0,0.0,0.0,0.0,0.0,0.0,0.4381168026618803,0.0,0.0,0.0,0.0,0.0,0.0,0.0,0.0,13.14350407985641,-806.616474279717,0.0,0.0,0.0,0.0,0.0,0.0,0.0,0.0,0.0,858.7623360532376,0.0,0.0,13.14350407985641,13.14350407985641,1000.0,-1000.0,0.0,141.23766394676238,0.0,0.0,0.0,0.0,0.0,950.3437674784022,433.36401742779185,1000.0,0.04381168026618803,0.0,0.0,3.5330990728947342,0.0,0.0,0.0,-977.414719607452,0.0,0.0,0.0,0.0,0.0,0.0,6.958001156345499,0.0,0.0,0.0,0.0,0.0,0.0,0.0,0.04381168026618803,0.0,0.0,0.0,0.0,0.0,0.0,0.0,0.0,0.0,0.0,998.0747359602565,0.0,0.0,-1000.0,-3.2858760199641024,-2.1905840133094014,0.0,0.0,0.0,0.0,0.0,0.0,0.0,0.0,0.0,0.0,0.0,0.0,0.0,307.9904945108075,0.0,0.0,1000.0,0.0,0.0,0.0,-0.04381168026618803,0.0,0.0,0.04381168026618803,0.0,0.04381168026618803,20.874003469036495,0.0,0.0,26.28700815971282,53.45024992474939,53.45024992474939,0.0,0.0,0.0,0.0,0.0,0.0,0.0,0.0,0.0,433.36401742779185,0.0,0.0,0.0,877.6257900628441,0.0,0.0,0.0,0.0,0.0,0.0,0.0,0.0,0.0,0.0,0.0,0.0,0.0,0.0,0.0,-707.8791826413369,707.8791826413369,0.06571752039928204,0.0,0.0,0.0,-13.14350407985641,0.0,0.0,0.0,0.0,0.0,-220.0490897322085,2.1905840133094014,0.0,0.0,0.0,0.0,-794.1274765573073,-998.0747359602565,0.0,0.0,359.3749999999882,0.0,0.0,0.0,0.0,0.0,0.0,0.0,806.616474279717,1000.0,220.0490897322085,0.0,98.33631930716604,0.0,20.698756747972766,-190.0093917005926,169.31063495261984,0.0,0.0,180.31407737131565,0.0,2.1905840133094014,795.6002805560508,0.0,0.0,0.0,-16.9940321593437,0.0,0.0,0.0,0.0,0.0,-808.0653442596638,0.0,0.0,0.0,94.93060231484287,-101.50235435477111,53.45024992474939,0.0,46.87500000000001,46.87500000000001,-46.87500000000001,0.0,0.0,0.0,0.0,0.0,0.0,0.0,0.0,128.40436343732972,-596.4560898048156,-605.9587070799732,0.0,13.14350407985641,0.0,0.0,0.0,0.0,-192.41699472819175,0.0,0.0,0.048192848292850164,0.0,0.0,0.0,26.725124962374696,0.0,0.0,0.0,0.0,133.17271344369152,0.0,283.81090949653515,0.0,0.0,0.0,0.0,0.0,0.0,0.0,0.0,159.03665617744298,0.004381168026618803,0.0,0.0,0.0,0.0,0.0,20.874003469036495,0.0,0.0,0.0,3.5330990728947342,0.0,0.0,0.0,0.0,0.0,220.0490897322085,0.0,0.0,0.0,0.0,0.0,0.0,0.0,497.23754520541223,0.0,0.0,0.0,0.0,-583.6601789791771,400.6399290297875,1000.0,0.0,0.0,0.0,26.28700815971282,0.0,0.0,0.0,0.0,0.0,0.0,-26.28700815971282,0.0,0.0,0.0,0.0,0.0,0.0,0.0,0.0,0.0,0.0,0.0,0.0,-1000.0,-1000.0,907.6367910451829,0.0,-13.14350407985641,0.0,979.1259965309634,0.0,0.0,0.0,0.0,0.0,0.0,0.0,0.0,0.0,0.0,0.0,0.0,0.0,0.0,0.0,0.0,0.0,-5.476460033273504,0.0,-3.2858760199641024,975.8422683976511,0.0,0.0,0.0,0.0,0.0,0.0,-0.5476460033273505,16.9940321593437,0.0,0.0,0.0,0.0,0.0,0.0,0.0,1000.0,13.14350407985641,13.14350407985641,0.0,0.0,0.0,0.0,314.55619726544944,0.048192848292850164,220.0490897322085,0.0,0.0,-1000.0,159.03227500941637,0.0,0.0,0.0,0.0,0.0,0.0,0.0,0.0,0.0,0.0,0.0,0.0,0.0,364.37659305518673,0.0,0.0,13.581620882518287,0.0,46.00226427949743,3.3734993804964764,0.0,0.0,0.0,0.0,0.0,220.0490897322085,0.0,994.4734158423772,0.0,0.0,0.0,-5.476460033273504,0.0,0.0,0.0,0.0,0.0,0.0,0.0,0.0,0.0,0.0,0.0,0.0,0.0,0.0,0.0,0.0,0.0,0.0,-0.04381168026618803,0.0,0.0,2.1905840133094014,70.7568764169894,0.0,0.0,0.0,0.0,0.0,0.0,0.0,0.0,-873.8536043919253,1.0952920066547007,0.0,0.0,0.0,0.04381168026618803,0.0,43.81168026618803,0.0,8.762336053237606,0.3129405733299145,149.39782970770116,-0.03285876019964102,2.190584013309376,0.8762336053237606,20.654945067706578,-149.39782970770116,13.14350407985641,-0.04381168026618803,0.0,141.23766394676238,0.010952920066547007,0.3129405733299145,0.0,-6.974819498375616,-0.8762336053237606,-300.0,-0.04381168026618803,0.010952920066547007,-149.39782970770116,4.381168026618803,0.04381168026618803,0.04381168026618803,-219.95708520364948,0.04819284829279973,0.0,-0.03285876019964102,13.14350407985641,0.04381168026618803,13.14350407985641,-21.905840133094017,-0.021905840133094014,172.0507112325628,-4.424979706884983,-0.03285876019964102,-0.04381168026618803,0.0,0.04381168026618803,4.381168026618803,-0.8762336053237606,0.0,0.0,-4.381168026618803,300.0,0.0,8.762336053237606,0.06571752039928204,-703.1312615345714,4.381168026618803,-215.61730698290384,141.23766394676238,-8.762336053237606,0.021905840133094014,0.4381168026618803,0.0,228.81142578544612,-0.04381168026618803,-229.90671779210084,219.95708520364948,13.581620882518287,0.04381168026618803,6.974819498375616,88.66364762733684,141.23766394676238,-0.04381168026618803,-0.010952920066547007,-141.23766394676238,-0.04381168026618803,-163.78170013270002,0.04381168026618803,-0.010952920066547007,-0.010952920066547007,-0.010952920066547007,17.52467210647521,21.905840133094017,0.4381168026618803,205.6938538402693,-0.010952920066547007,0.0,2.1905840133094014,-57.824020668608156,0.04381168026618803,0.021905840133094014,0.021905840133094014,75.0,0.0,0.04381168026618803,0.0,0.4381168026618803,0.04381168026618803,-552.1636042863872,0.04381168026618803,0.17524672106372918,-20.654945067706578,0.021905840133094014,0.010952920066547007,13.14350407985641,-0.04381168026618803,0.0,0.4381168026618803,-411.3877076805386,1.0952920066547263,-4.381168026618803,8.762336053237606,2.1905840133094014,-0.04381168026618803,0.0,0.06571752039928204,-0.04381168026618803,-150.0,0.0,282.1511398105706,0.021905840133094014,115.64804133721631,-0.04381168026618803,-0.04381168026618803,-0.04381168026618805,0.021905840133094014,149.39782970770116,-8.762336053237606,0.04381168026618803,0.0,-0.010952920066547007,-0.04819284829279973,0.0,6.571752039928204,4.424979706884991,86.2342201482552,149.39782970770116,-0.03285876019964102,229.90671779210084,-228.81142578544612,0.04381168026618803,-0.010952920066546995,2.1905840133094014,43.81168026618803,-0.021905840133094014,-0.04381168026618803,0.010952920066547007,1000.0,0.0,403.1093556944383,346.4697504461179,-255.0,0.0,828.4286109807966,-120.99744749771793,0.0,200.8389652891606,-255.0,-107.09865536040365,-300.0,-100.4194826445803,127.5,127.5,0.0,60.498723748858964,-220.0490897322085,-89.73414508237886,300.0,107.09865536040364,-89.73414508237886,-828.4286109807966,367.6918976634205,0.0,1496.5981,hplb
384,0.0,0.0,0.0,0.0,0.0,0.0,0.0,0.0,-0.04670879378104382,0.0,0.0,0.0,0.0,0.0,0.0,0.0,0.0,-126.00038980982866,0.0,335.6671170628175,0.0,0.0,0.0,12.911794004220951,0.0,0.0,0.0,0.0,0.0,427.78491403307214,12.868129524525926,-12.868129524525926,0.0,0.0,0.0,0.0,0.0,493.33338637299676,0.0,-1000.0,1000.0,0.0,0.0,-14.05077723408067,0.0,0.0,0.0,0.0,-427.78491403307214,0.0,0.0,0.0,0.0,0.05137967315909009,0.0,0.0,0.0,9.341758756208764,0.0,0.0,104.06729341302619,0.0,-750.4502312298193,-1000.0,0.0,0.0,0.0,0.0,0.0,273.41150608205805,0.0,0.4670879378104382,0.0,0.0,0.0,0.0,0.0,0.0,0.0,0.0,0.0,0.0,-13.210931717611224,0.0,28.025276268626293,0.0,0.0,787.4166096907252,266.18666574657686,-116.15163415124107,-0.011677198445260955,0.0,0.0,-92.24495573704013,14.012638134313146,0.0,14.012638134313146,0.0,0.0,0.0,0.0,2.335439689052191,-325.4786406946512,0.0,0.0,-12.899257782971704,0.0,0.0,0.0,0.0,0.0,0.0,0.0,0.0,0.0,0.0,0.0,0.0,0.0,0.0,0.0,0.0,0.0,0.0,-998.5376954059345,0.0,0.0,14.012638134313146,0.0,14.479726072123585,14.479726072123585,0.0,560.7063184573587,-857.4292511599917,296.72293270263293,-296.72293270263293,-353.6170621832068,46.87500000000004,-46.87500000000004,0.0,0.0,0.0,0.0,0.0,0.0,16.807508838751623,0.04670879378104382,0.0,0.0,0.0,0.0,0.0,0.0,0.0,13.210931717611224,0.0,-299.0527757186913,0.0,0.0,0.0,0.0,0.0,864.9651596762461,864.9651596762461,0.0,0.0,0.0,0.0,0.0,0.0,0.0,877.879997994553,0.0,0.0,0.0,429.17967729789757,0.0,0.0,0.0,0.0,0.0,0.0,0.0,0.0,0.0,0.0,-7.006319067156483,0.0,0.0,0.0,0.0,-1000.0,0.0,0.0,0.0,0.0,0.0,0.0,0.0,149.96496840466426,-149.96496840466426,0.0,0.0,0.0,0.0,0.0,0.0,0.0,753.2635547277233,-1000.0,0.0,0.0,0.0,0.0,0.0,0.0,0.0,0.0,0.0,0.0,0.0,0.0,0.0,0.0,-18.405669783747083,0.0,0.0,0.0,0.0,80.20555610114877,165.28241182811456,0.0,0.0,0.0,0.0,104.06729341302619,14.05077723408067,12.868129524525926,0.0,0.0,0.0,0.0,0.0,0.0,0.0,14.372152684274852,0.0,0.0,0.0,-116.22169734191263,0.0,509.59666406231725,0.0,0.0,0.0,0.0,353.6170621832068,603.1003072830099,0.0,0.0,0.0,-491.9024439690372,0.0,0.0,-1000.0,-1000.0,0.0,-1000.0,1000.0,0.0,416.15163415124107,0.0,0.0,0.0,0.0,-6.00542503475512,0.0,0.0,0.0,0.0,0.0,0.0,0.0,1000.0,273.41150608205805,80.20555610114877,-748.7520978657002,0.0,0.0,0.0,104.06729341302619,-0.07006319067156573,0.0,0.0,0.0,0.0,0.04670879378104382,0.0,0.0,0.0,806.3327973532973,0.0,0.0,-28.04704550247978,-710.1833947356123,0.0,689.609553860765,0.0,0.0,0.0,-12.899257782971704,0.0,0.0,0.0,-4.021627144547814,419.3399311785887,-415.3183040340409,-1000.0,-1000.0,0.0,0.0,0.0,0.0,0.0,0.0,0.0,0.0,0.0,0.0,0.0,0.0,0.0,0.0,0.0,0.0,0.0,-530.7896621058579,0.0,-1000.0,13.210931717611224,0.0,0.0,0.0,0.0,0.0,573.2776313071682,0.0,0.0,0.0,0.0,0.0,-1000.0,0.0,-890.2370840304344,-14.448039742163246,580.6600688214113,0.0,-1000.0,0.0,352.4249132078654,0.0,887.9016443413822,0.0,13.28031989763715,997.6645603109478,-450.61051388705175,0.0,0.0,234.28391059471664,289.08022048568927,14.012638134313146,0.0,0.0,0.0,789.520721105698,0.0,0.0,0.0,0.0,0.0,0.0,-537.5830144310519,0.0,0.0,-122.21341959300901,0.0,0.0,753.2635547277233,0.0,0.0,-145.48247535715447,0.0,0.0,324.4030842735482,0.0,0.0,0.0,0.0,-32.41830791806023,0.09341758756228045,0.0,0.0,0.0,0.0,0.0,0.0,0.0,0.0,0.0,0.0,0.0,0.0,0.0,0.0,0.0,0.0,0.0,0.0,0.0,0.05137967315909009,0.05137967315909009,12.868129524525926,270.6582412437912,0.0,28.025276268626293,0.0,0.0,0.0,1000.0,0.0,0.0,0.0,0.0,0.0,-623.3766225052012,-1000.0,0.0,0.0,0.0,0.0,0.0,324.4030842735482,0.0,0.0,0.0,0.0,0.0,0.0,0.0,332.84589846864486,-806.3327973532973,0.0,0.0,3.596577121140399,0.0,-257.5273675651547,165.28241182811456,0.0,0.0,-728.7194516724396,0.0,-872.0639957367157,216.26906531345423,0.0,0.0,0.0,0.0,0.0,0.0,0.0,0.0,0.0,0.0,0.0,0.0,0.0,0.0,0.0,0.0,28.025276268626293,353.6170621832068,353.6170621832068,0.0,0.0,0.0,0.0,0.0,0.0,0.0,0.0,0.0,0.0,0.4670879378104382,0.0,12.868129524525926,0.0,0.0,12.868129524525926,0.0,0.0,0.0,14.012638134313146,0.0,0.0,0.0,0.0,0.0,0.0,0.0,0.0,0.0,0.0,637.2411048985637,0.0,0.0,14.012638134313146,14.012638134313146,750.9494880227988,-1000.0,0.0,324.4030842735482,0.0,0.0,0.0,0.0,0.0,325.4786406946512,753.2635547277233,89.01127351220623,0.04670879378104382,0.0,0.0,0.0,3.7667305841998906,6.61979235211682,0.0,92.24495573704013,0.0,-273.41150608205805,0.0,0.0,0.0,0.0,8.10329455132603,0.0,0.0,0.0,0.0,0.0,0.0,0.0,0.04670879378104382,0.0,0.0,0.0,-265.4679945939163,265.4679945939163,0.0,0.0,0.0,0.0,0.0,573.2776313071682,0.0,0.0,-469.21033789414207,-3.5031595335782866,-2.335439689052191,0.0,0.0,0.0,0.0,0.0,0.0,0.0,0.0,0.0,0.0,0.0,0.0,353.6170621832068,0.0,0.0,0.0,291.41566017474145,0.0,0.0,0.0,-0.04670879378104382,0.0,0.0,0.04670879378104382,0.0,0.04670879378104382,24.30988365397809,0.0,0.0,28.025276268626293,56.98472841287345,56.98472841287345,0.0,0.0,0.0,0.0,0.0,0.0,0.0,0.0,0.0,753.2635547277233,0.0,0.0,0.0,0.0,0.0,0.0,0.0,0.0,0.0,0.0,0.0,0.0,0.0,0.0,0.0,0.0,0.0,165.28241182811456,0.0,0.0,0.0,0.07006319067156573,0.0,0.0,0.0,-14.012638134313146,0.0,0.0,0.0,0.0,0.0,-270.6582412437912,2.335439689052191,0.0,0.0,0.0,0.0,0.0,-2.335439689052191,0.0,0.0,0.0,0.0,0.0,0.0,0.0,0.0,353.6170621832068,0.0,0.0,1000.0,270.6582412437912,0.0,-243.21191275457068,-6.279465430854884,0.0,570.942191618116,0.0,-570.942191618116,13.210931717611224,546.1155788701365,0.0,2.335439689052191,781.3988553950221,0.0,0.0,-12.868129524525926,-145.48247535715447,0.0,0.0,0.0,0.0,0.0,-591.5891633056688,0.0,0.0,0.0,0.0,0.0,56.98472841287345,0.0,0.0,0.0,12.868129524525926,0.0,0.0,0.0,0.0,0.0,14.372152684274852,0.0,0.0,281.167719844526,-3.7667305841998906,0.0,0.0,14.012638134313146,0.0,0.0,0.0,0.0,-262.8747844140852,0.0,0.0,0.05137967315909009,0.0,0.0,0.0,28.492364206436733,0.0,0.0,0.0,0.0,-18.405669783747083,0.0,0.0,0.0,0.0,0.0,0.0,0.0,0.0,-450.1417814270307,0.0,0.004670879378104509,0.004670879378104509,0.0,0.0,0.0,0.0,0.0,24.30988365397809,0.0,0.0,0.0,0.0,12.868129524525926,0.0,0.0,0.0,0.0,270.6582412437912,0.0,0.0,0.0,0.0,0.0,0.0,0.0,0.0,0.0,0.0,0.0,0.0,-92.11779697025462,0.0,-126.00038980982866,0.0,0.0,0.0,28.025276268626293,0.0,0.0,0.0,0.0,0.0,0.0,-28.025276268626293,0.0,0.0,0.0,0.0,0.0,0.0,0.0,0.0,0.0,12.868129524525926,12.868129524525926,0.0,-89.01127351220623,-1000.0,31.995523740015017,846.9227714579697,-860.9354095922829,0.0,469.02350271901867,0.0,0.0,0.0,0.0,0.0,0.0,0.0,0.0,0.0,882.8124999999999,0.0,-882.8124999999999,-882.8124999999999,0.0,0.0,0.0,0.0,-5.838599222630478,353.6170621832068,-3.5031595335782866,-3.5031595335785823,0.0,0.0,0.0,0.0,0.0,-0.5838599222630477,0.0,158.69340707476567,0.0,0.0,0.0,0.0,0.0,0.0,0.0,1000.0,14.012638134313146,14.012638134313146,0.0,0.0,0.0,0.0,0.0,0.05137967315909009,270.6582412437912,0.0,0.0,-493.33338637299676,0.0,0.0,0.0,0.0,0.0,0.0,0.0,0.0,0.0,0.0,0.0,0.0,0.0,0.0,12.154941826989045,0.0,0.0,14.479726072123585,0.0,49.04423347009601,0.0,0.0,3.596577121140399,0.0,0.0,0.0,270.6582412437912,0.0,0.0,0.0,0.0,0.0,-5.838599222630478,0.0,0.0,0.0,0.0,0.0,0.0,0.0,0.0,0.0,0.0,0.0,0.0,0.0,0.0,0.0,0.0,0.0,0.0,-0.04670879378104382,0.0,0.0,2.335439689052191,623.3766225052012,0.0,0.0,0.0,0.0,353.6170621832068,0.0,0.0,0.0,4.021627144547814,1.1677198445260955,0.0,0.0,0.0,0.04670879378104382,0.0,46.708793781043816,0.0,9.341758756208764,0.3336342412931701,159.27698679335944,-0.035031595335782865,2.335439689052123,0.9341758756208765,24.076339685073663,-159.27698679335944,14.012638134313146,-0.04670879378104382,4.299752594323901,324.4030842735482,0.011677198445260955,0.33363424129317015,-12.899257782971702,-7.43603996994154,11.93395364890505,-209.66672725298884,-0.04670879378104382,0.011677198445260955,-159.27698679335944,4.670879378104382,0.04670879378104382,0.04670879378104382,-270.5601527768511,0.05137967315914833,0.0,-0.035031595335782865,14.012638134313146,0.04670879378104382,14.012638134313146,-23.35439689052191,-0.02335439689052191,324.8512912846347,-170.0,-0.035031595335782865,-0.04670879378104382,0.0,0.04670879378104382,4.670879378104382,-0.9341758756208765,165.28241182811456,165.28241182811456,-4.670879378104382,209.66672725298884,-165.28241182811456,9.341758756208764,0.07006319067156573,-767.4159187916221,4.670879378104382,-332.84589846864486,324.4030842735482,-9.341758756208764,0.02335439689052191,0.4670879378104382,7.011761375619945,280.0,-0.04670879378104382,-281.167719844526,270.5601527768511,14.479726072123585,0.04670879378104382,7.43603996994154,268.3525317362954,324.4030842735482,-0.04670879378104382,-0.011677198445260955,-324.4030842735482,-0.04670879378104382,-32.41830791806023,0.04670879378097318,-0.011677198445260955,-0.011677198445260955,-0.011677198445260955,18.683517512417527,23.35439689052191,0.4670879378104382,34.60537759253049,-0.011677198445260955,9.72377015691599,2.335439689052191,18.544593648082305,0.04670879378104382,0.02335439689052191,0.02335439689052191,-9.936109576724931,0.0,0.04670879378104382,0.0,0.4670879378104382,0.04670879378104382,-34.60537759253049,0.04670879378104382,0.18683517512340586,-24.076339685073663,0.02335439689052191,0.011677198445260955,14.012638134313146,-0.04670879378104382,0.0,-5.966976824452525,-69.21075518506098,1.1677198445261636,-4.670879378104382,9.341758756208764,2.335439689052191,-0.04670879378104382,12.899257782971702,0.07006319067156573,-0.04670879378104382,19.872219153449862,0.0,307.4017402984615,0.02335439689052191,-37.08918729616461,-0.04670879378104382,-0.04670879378097318,-0.04670879378104382,0.02335439689052191,159.27698679335944,-9.341758756208764,0.04670879378104382,14.02352275123989,-0.011677198445260955,-0.05137967315914833,-14.02352275123989,7.006319067156572,170.0,254.28314964494123,159.27698679335944,-0.035031595335782865,281.167719844526,-280.0,0.04670879378104382,-0.011677198445260956,2.335439689052191,46.708793781043816,-0.02335439689052191,-0.04670879378104382,0.011677198445260955,522.7609122300618,0.0,467.39256439473155,0.0,-255.0,0.0,687.6286098510186,-7.311729773415891,0.0,-80.0,-255.0,233.87015399836196,-300.0,40.0,127.5,127.5,0.0,3.6558648867079477,-270.6582412437912,-44.52695588437632,300.0,-233.8701539983619,-44.52695588437632,-687.6286098510186,207.30259936830942,0.0,1496.5981,hplb
385,0.0,0.0,0.0,0.0,0.0,0.0,0.0,0.0,607.303515830855,0.0,0.0,0.0,0.0,0.0,0.0,0.0,134.93957593019607,-15.311269016343116,0.0,0.0,0.0,0.0,0.0,0.0,0.0,920.2560612880577,0.0,0.0,0.0,723.1228375785249,0.0,0.0,138.5619592600037,0.0,0.0,0.0,0.0,93.83416510815618,0.0,-1000.0,980.4790849774264,0.0,0.0,-689.4174509191322,0.0,0.0,0.0,0.0,0.0,-328.1061196729803,0.0,0.0,0.0,0.07157668841616753,0.0,0.0,0.0,13.013943348382396,0.0,0.0,-102.06345469157607,0.0,1000.0,897.9365453084239,0.0,0.0,0.0,0.0,1000.0,-1000.0,0.0,0.6506971674191199,0.0,0.0,0.0,0.0,0.0,0.0,0.0,0.0,0.0,0.0,-100.56484113556647,0.0,39.041830045147194,0.0,96.33298163717149,165.45845384645554,0.0,389.10942899759357,-0.016267429185477994,0.0,0.0,-136.28278626503425,19.520915022573597,0.0,19.520915022573597,0.0,205.79488263578986,0.0,0.0,3.253485837095599,651.0104768232196,0.0,0.0,0.0,0.0,0.0,0.0,0.0,0.0,0.0,0.0,0.0,0.0,0.0,0.0,0.0,0.0,0.0,0.0,0.0,0.0,0.0,-1000.0,0.0,0.0,19.520915022573597,0.0,20.171612189992715,20.171612189992715,0.0,-296.8905046338281,587.5792774235712,-290.6887727897431,290.6887727897431,0.0,0.0,0.0,0.0,0.0,0.0,0.0,0.0,0.0,201.90819096186522,0.06506971674191198,0.0,0.0,0.0,0.0,0.0,0.0,0.0,100.56484113556647,0.0,59.49311025847169,0.0,0.0,0.0,0.0,0.0,840.9111181392822,840.9111181392822,0.0,0.0,0.0,0.0,0.0,0.0,0.0,840.9761878560241,0.0,0.0,0.0,-542.9719819343675,-1000.0,0.0,0.0,0.0,0.0,0.0,0.0,0.0,0.0,0.0,0.0,0.0,0.0,0.0,0.0,-975.4234246431071,0.0,0.0,0.0,0.0,0.0,328.1061196729803,0.0,-89.10942899759357,89.10942899759357,0.0,0.0,0.0,0.0,0.0,0.0,0.0,72.11236075530533,-136.28278626503425,0.0,0.0,0.0,0.0,0.0,0.0,0.0,0.0,0.0,0.0,0.0,0.0,0.0,0.0,-4.764722425509099,-858.0624135087209,0.0,0.0,0.0,0.0,0.0,0.0,0.0,0.0,0.0,-102.06345469157607,-168.64496258958866,0.0,0.0,0.0,0.0,0.0,0.0,0.0,0.0,798.0918090381348,0.0,0.0,0.0,523.9514003526767,613.0608293502703,76.34902484886199,0.0,858.0624135087209,0.0,0.0,0.0,-6.637111107675022,0.0,0.0,0.0,73.27244568794595,0.0,0.0,-490.74347658368777,0.0,1000.0,-1000.0,509.25652341631223,490.74347658368777,-89.10942899759357,0.0,-269.8791518603922,328.1061196729803,0.0,221.88773408991986,0.0,0.0,0.0,-202.02349255518243,0.0,202.02349255518243,0.0,1000.0,0.0,0.0,0.0,0.0,0.0,0.0,-102.06345469157607,-0.09760457511286796,0.0,0.0,0.0,0.0,0.06506971674191198,0.0,0.0,0.0,157.81070058239868,134.93957593019607,0.0,-318.97575484776917,-166.67903603068922,1000.0,1000.0,0.0,-228.6225446243318,0.0,0.0,0.0,0.0,0.0,-5.602502611478685,-745.151776218788,979.3768234545985,-651.0104768232196,0.0,0.0,0.0,0.0,0.0,0.0,0.0,0.0,0.0,0.0,0.0,0.0,0.0,0.0,0.0,0.0,0.0,0.0,-905.905556024876,0.0,-1000.0,100.56484113556647,0.0,795.9965641590449,0.0,0.0,0.0,-1000.0,0.0,205.79488263578986,0.0,0.0,0.0,-1000.0,0.0,-1000.0,0.0,745.151776218788,-520.2915559271207,-597.0452104859904,-1000.0,-66.99319704758295,0.0,996.7465141629044,229.15287874218737,-1.6267429185477995,593.7917246488948,601.0572252446916,0.0,-970.1829551269376,1000.0,1000.0,19.520915022573597,0.0,0.0,0.0,0.0,0.0,607.3685855475969,0.0,0.0,0.0,0.0,-545.5860796171825,0.0,0.0,-448.1528964889741,0.0,0.0,72.11236075530533,0.0,0.0,-11.46094610880914,0.0,0.0,0.0,0.0,0.0,0.0,0.0,-24.285637448082696,0.1301394334836914,0.0,0.0,0.0,0.0,0.0,0.0,0.0,0.0,0.0,0.0,0.0,0.0,0.0,0.0,0.0,0.0,0.0,0.0,0.0,0.07157668841616753,0.07157668841616753,0.0,163.68830546324273,0.0,39.041830045147194,0.0,0.0,0.0,1000.0,0.0,0.0,96.33298163717149,0.0,0.0,-14.01015136084527,-1000.0,0.0,0.0,0.0,0.0,0.0,0.0,0.0,0.0,0.0,0.0,0.0,0.0,0.0,333.3333333333333,-157.81070058239868,0.0,0.0,101.34334982629878,0.0,-136.28278626503425,0.0,0.0,0.0,-14.01015136084527,0.0,961.704211191072,-1000.0,0.0,0.0,0.0,0.0,0.0,0.0,0.0,0.0,0.0,0.0,0.0,0.0,0.0,0.0,0.0,0.0,39.041830045147194,0.0,0.0,0.0,0.0,0.0,0.0,0.0,0.0,0.0,0.0,0.0,0.0,0.6506971674191199,0.0,0.0,96.33298163717149,-96.33298163717149,0.0,0.0,0.0,0.0,19.520915022573597,0.0,0.0,0.0,0.0,0.0,0.0,0.0,0.0,0.0,0.0,0.0,1000.0,0.0,19.520915022573597,19.520915022573597,440.13512832391285,-1000.0,0.0,0.0,0.0,0.0,0.0,0.0,0.0,0.0,72.11236075530533,183.53468468900292,0.06506971674191198,0.0,0.0,-598.6334329641913,603.8808408357355,0.0,0.0,136.28278626503425,0.0,0.0,0.0,0.0,0.0,0.0,0.0,0.0,0.0,0.0,0.0,0.0,0.0,0.0,0.06506971674191198,0.0,0.0,0.0,0.0,0.0,0.0,0.0,0.0,0.0,-187.24227145424894,189.03371824908368,0.0,0.0,-94.09444397512402,-4.880228755643399,-3.253485837095599,0.0,0.0,0.0,0.0,0.0,0.0,0.0,0.0,0.0,0.0,0.0,0.0,0.0,1000.0,0.0,0.0,33.070530710157996,0.0,0.0,0.0,607.303515830855,0.0,0.0,0.06506971674191198,0.0,0.06506971674191198,0.0,0.0,0.0,39.041830045147194,79.38505442513262,79.38505442513262,0.0,0.0,0.0,0.0,0.0,0.0,0.0,0.0,0.0,72.11236075530533,0.0,0.0,0.0,0.0,0.0,0.0,0.0,0.0,0.0,0.0,0.0,0.0,0.0,0.0,0.0,0.0,0.0,0.0,0.0,-920.2560612880577,920.2560612880577,0.09760457511286796,0.0,0.0,0.0,-19.520915022573597,0.0,0.0,0.0,0.0,0.0,-163.68830546324273,3.253485837095599,0.0,0.0,0.0,0.0,0.0,792.7430783219493,0.0,0.0,0.0,0.0,0.0,0.0,0.0,0.0,0.0,0.0,0.0,703.1094953661719,163.68830546324273,0.0,311.9860566516176,0.0,0.0,-20.014650223801794,205.79488263578986,-185.78023241198807,100.56484113556647,-86.02216553280765,0.0,3.253485837095599,1000.0,0.0,0.0,0.0,-204.1269093831521,0.0,0.0,-578.1250000000006,578.1250000000006,0.0,0.0,0.0,0.0,0.0,168.56853421888613,-178.32899173017267,79.38505442513262,0.0,0.0,0.0,0.0,0.0,0.0,0.0,0.0,0.0,798.0918090381348,0.0,0.0,0.0,-5.247407871544187,-701.6256007925525,0.0,19.520915022573597,96.33298163717149,0.0,0.0,0.0,-131.57680056624577,0.0,0.0,0.07157668841616753,0.0,0.0,0.0,39.69252721256631,0.0,0.0,0.0,0.0,-4.764722425509099,0.0,0.0,0.0,0.0,0.0,0.0,0.0,0.0,0.0,0.0,0.006506971674191198,0.006506971674191198,0.0,0.0,0.0,0.0,0.0,0.0,0.0,0.0,0.0,-598.6334329641913,0.0,0.0,0.0,0.0,0.0,163.68830546324273,0.0,0.0,0.0,0.0,0.0,0.0,0.0,328.1061196729803,0.0,0.0,0.0,192.66596327434297,0.0,0.0,-15.311269016343116,0.0,0.0,0.0,39.041830045147194,0.0,0.0,0.0,0.0,0.0,-39.041830045147194,0.0,0.0,192.66596327434297,0.0,0.0,0.0,0.0,0.0,0.0,0.0,0.0,0.0,0.0,598.6728968696723,0.0,44.57275596820971,890.6591224699786,-910.1800374925522,0.0,93.83416510815618,0.0,0.0,0.0,0.0,0.0,0.0,0.0,0.0,0.0,0.0,0.0,0.0,0.0,0.0,0.0,0.0,0.0,-8.133714592738999,0.0,-4.880228755643399,173.44876297452953,0.0,0.0,0.0,0.0,0.0,0.0,-0.8133714592738999,112.02578724437564,0.0,0.0,0.0,0.0,0.0,0.0,0.0,782.2075815586752,19.520915022573597,19.520915022573597,0.0,0.0,0.0,0.0,0.0,0.07157668841616753,163.68830546324273,0.0,0.0,-93.83416510815618,0.0,0.0,0.0,0.0,0.0,0.0,0.0,0.0,0.0,0.0,0.0,0.0,0.0,0.0,0.0,0.0,0.0,20.171612189992715,0.0,68.32320257900759,101.34334982629878,0.0,0.0,0.0,0.0,0.0,163.68830546324273,0.0,0.0,0.0,0.0,0.0,-8.133714592738999,0.0,0.0,0.0,0.0,0.0,0.0,0.0,0.0,0.0,0.0,0.0,0.0,0.0,0.0,0.0,0.0,0.0,0.0,-0.06506971674191198,0.0,0.0,3.253485837095599,14.01015136084527,0.0,0.0,0.0,0.0,0.0,0.0,0.0,0.0,5.602502611478685,1.6267429185477995,0.0,0.0,920.2560612880577,0.06506971674191198,0.0,65.06971674191198,0.0,13.013943348382398,0.464783691013657,221.88773408991986,-0.04880228755643398,3.2534858370955817,1.3013943348382397,-0.3253485837097495,-221.88773408991986,19.520915022573597,-0.06506971674191196,0.0,0.0,0.016267429185477994,0.464783691013657,0.0,-106.69208054248426,-1.3013943348382397,-119.62830691385295,-0.06506971674191198,0.016267429185477994,-221.88773408991986,6.506971674191198,0.06506971674191198,0.06506971674191198,-163.55165905808465,-96.26140494875538,-162.84759670808637,-0.04880228755643398,19.520915022573597,0.06506971674191198,19.520915022573597,-32.534858370955995,-0.03253485837095599,103.35448644961468,-6.57204139093311,-0.04880228755643398,-0.06506971674191198,0.0,0.06506971674191198,6.506971674191198,-1.3013943348382397,0.0,0.0,-6.506971674191198,119.62830691385295,0.0,13.013943348382396,0.09760457511286796,-918.1363862827882,6.506971674191198,-333.3333333333333,0.0,-13.013943348382396,0.03253485837095599,0.6506971674191199,79.74393871194229,176.7022488116251,-0.06506971674191198,-178.32899173017267,163.55165905808465,20.171612189992715,0.06506971674191198,106.69208054248426,-78.08366009029433,0.0,-0.06506971674191198,-0.016267429185477994,0.0,-0.06506971674191198,-24.285637448082696,0.06506971674186568,-0.016267429185477994,-0.016267429185477994,-0.016267429185477994,26.027886696764792,32.534858370955995,0.6506971674191199,48.20852639116558,-0.016267429185477994,159.48787742388458,3.253485837095599,15.396304561136947,0.06506971674191198,0.03253485837095599,0.03253485837095599,6.506971674191198,0.0,0.06506971674191198,0.0,0.6506971674191199,0.06506971674191198,-48.20852639116558,0.06506971674191198,0.26027886696783753,0.3253485837097495,0.03253485837095599,0.016267429185477994,19.520915022573597,-0.06506971674191198,162.84759670808637,0.6506971674191199,-96.41705278233115,1.6267429185478477,-6.506971674191198,13.013943348382396,3.253485837095599,-0.06506971674191198,0.0,0.09760457511286796,-0.06506971674191198,-13.013943348382396,0.0,323.5349060343021,0.03253485837095599,-30.792609122273895,-0.06506971674191198,-0.06506971674186568,-0.06506971674191198,0.03253485837095599,221.88773408991986,-13.013943348382396,0.06506971674191198,159.48787742388458,-0.016267429185477994,96.26140494875538,-159.48787742388458,9.760457511286797,6.57204139093311,603.0716639354763,221.88773408991986,-0.04880228755643398,178.32899173017267,-176.7022488116251,0.06506971674191198,-0.016267429185477994,3.253485837095599,65.06971674191198,-0.03253485837095599,-0.06506971674191198,0.016267429185477994,0.0,0.0,618.1038514244173,0.0,-255.0,0.0,156.06845133371655,-140.0,0.0,-80.0,532.5721362688,-325.0,-300.0,40.0,127.5,-266.2860681344,0.0,70.0,-163.68830546324273,-191.95810546805632,300.0,325.0,-191.95810546805632,-156.06845133371655,113.82256987490985,0.0,1496.5981,hplb
386,0.0,0.0,0.0,0.0,0.0,0.0,0.0,0.0,-0.09538210450301722,0.0,0.0,0.0,0.0,0.0,0.0,0.0,109.73237626970842,-536.0208969609012,0.0,726.2885206911927,0.0,0.0,0.0,60.09748196993962,0.0,538.9267461754109,0.0,0.0,0.0,986.6155872697849,0.0,0.0,137.89205549048353,0.0,0.0,0.0,0.0,21.78596516168177,0.0,-1000.0,664.5271096813236,0.0,0.0,-1000.0,0.0,0.0,0.0,0.0,-1000.0,0.0,0.0,0.0,0.0,0.10492031495311949,0.0,0.0,0.0,19.076420900603445,0.0,0.0,-93.448742793951,0.0,119.84931955408555,0.0,0.0,0.0,0.0,0.0,0.0,650.1957881887973,0.0,0.9538210450301723,0.0,0.0,0.0,0.0,0.0,0.0,0.0,0.0,0.0,0.0,0.0,0.0,57.229262701810335,0.0,85.25063407736653,1000.0,896.8527201926426,-954.3992992958658,736.8696764911107,0.0,0.0,276.35480775951083,28.614631350905167,0.0,28.614631350905167,0.0,0.0,0.0,0.0,14.6805009392138,526.7809592365029,0.0,0.0,0.0,0.0,0.0,0.0,0.0,0.0,0.0,0.0,0.0,0.0,0.0,0.0,0.0,0.0,0.0,0.0,0.0,0.0,0.0,-1000.0,0.0,0.0,28.614631350905167,0.0,29.568452395935342,24.74987624485871,0.0,0.0,0.0,0.0,0.0,-26.400576760134555,0.0,0.0,0.0,0.0,0.0,0.0,0.0,0.0,92.59505612409885,0.09538210450301722,736.8935220172365,0.0,0.0,336.221078298272,-579.8697413039351,0.0,0.0,0.0,0.0,110.48598650397939,0.0,0.0,0.0,0.0,0.0,70.03377142707009,70.03377142707009,0.0,0.0,0.0,0.0,-1000.0,0.0,0.0,70.12915353157311,0.0,0.0,0.0,-156.66085859037926,0.0,0.0,0.0,0.0,0.0,0.0,0.0,0.0,0.0,0.0,0.0,0.0,0.0,0.0,0.0,-1000.0,0.0,0.0,0.0,0.0,0.0,0.0,0.0,103.14727980735745,-103.14727980735745,26.400576760134555,0.0,0.0,0.0,0.0,0.0,0.0,459.834628033282,0.0,0.0,0.0,0.0,0.0,0.0,0.0,0.0,0.0,0.0,0.0,0.0,0.0,0.0,0.0,264.4514389835225,-96.34796353949332,0.0,0.0,0.0,0.0,160.36640744519525,0.0,0.0,0.0,0.0,-93.448742793951,903.6520364605067,0.0,0.0,0.0,0.0,0.0,0.0,0.0,0.0,3.0713037649946955,0.0,0.0,0.0,-844.8099961829118,-51.104555797626745,103.14727980735745,0.0,96.34796353949332,0.0,0.0,26.400576760134555,331.5499852479251,0.0,0.0,0.0,-275.9086950490853,0.0,0.0,-630.7759906266225,0.0,0.0,-630.7759906266226,0.0,0.0,1000.0,0.0,293.414903537649,0.0,0.0,128.8488398478057,0.0,0.0,0.0,-614.8008928366221,0.0,614.8008928366221,0.0,814.1864870904675,0.0,0.0,-337.62970236702927,0.0,0.0,0.0,-93.448742793951,-0.14307315675452584,0.0,0.0,0.0,0.0,0.09538210450301722,0.0,0.0,0.0,781.5470806787704,109.73237626970842,0.0,-350.15714165571757,473.1916218066593,0.0,693.1417410322288,0.0,0.0,0.0,0.0,0.0,0.0,0.0,223.5567053263536,583.831638575966,-807.3883439023197,307.69943306691835,-978.5216226310409,0.0,0.0,0.0,0.0,0.0,0.0,0.0,0.0,0.0,0.0,0.0,0.0,0.0,0.0,0.0,0.0,0.0,-16.52493277059529,0.0,0.0,0.0,0.0,0.0,0.0,0.0,0.0,-95.66635988909354,0.0,0.0,0.0,0.0,9.911395714062962,0.0,0.0,0.0,-979.5097654851107,-583.831638575966,0.0,995.2308947748492,447.18723566494384,0.0,0.0,-72.22039887472583,-318.32342228602096,977.1252128725353,-1000.0,-446.58169718990115,0.0,733.4333452855949,0.0,261.79754948925427,28.614631350905167,0.0,0.0,0.0,0.0,0.0,0.0,0.0,0.0,0.0,0.0,235.92357909939656,0.0,0.0,-1000.0,0.0,0.0,459.834628033282,0.0,0.0,-42.7967941933035,0.0,953.1249999999852,0.0,0.0,0.0,0.0,0.0,-7.811855373045781,0.19076420900591984,0.0,0.0,0.0,0.0,0.0,0.0,0.0,0.0,0.0,650.1957881887973,0.0,0.0,0.0,0.0,0.0,0.0,0.0,0.0,0.0,0.10492031495311949,0.10492031495311949,0.0,260.92357909939653,0.0,57.229262701810335,0.0,0.0,0.0,0.0,0.0,0.0,85.25063407736653,0.0,0.0,521.2681433816244,0.0,0.0,0.0,751.9581211871516,0.0,0.0,0.0,0.0,0.0,0.0,0.0,0.0,0.0,0.0,333.3333333333333,-781.5470806787704,243.6486630056631,62.4955957925435,92.59505612409885,0.0,276.35480775951083,0.0,-186.7669842053298,0.0,353.60096253037057,0.0,513.4562880085787,0.0,0.0,0.0,0.0,0.0,0.0,0.0,0.0,0.0,0.0,0.0,0.0,0.0,0.0,0.0,0.0,0.0,57.229262701810335,26.400576760134555,26.400576760134555,0.0,0.0,0.0,0.0,0.0,0.0,0.0,0.0,0.0,0.0,0.9538210450301723,0.0,0.0,85.25063407736653,-85.25063407736653,0.0,0.0,0.0,0.0,28.614631350905167,-751.9581211871516,0.0,0.0,0.0,62.4955957925435,0.0,0.0,0.0,0.0,0.0,401.3764418771725,0.0,0.0,28.614631350905167,28.614631350905167,537.6494790421825,0.0,0.0,0.0,0.0,0.0,0.0,0.0,0.0,-834.4803923034212,459.834628033282,-978.5216226310409,0.09538210450301722,0.0,0.0,0.0,26.966190031728388,0.0,0.0,-276.35480775951083,0.0,0.0,0.0,0.0,0.0,0.0,12.89747545009645,0.0,0.0,0.0,0.0,0.0,0.0,0.0,0.09538210450301722,0.0,0.0,0.0,0.0,0.0,0.0,0.0,0.0,0.0,0.0,-95.66635988909354,0.0,0.0,16.52493277059529,-7.153657837726314,-2.460902794872565,-2.308202430278273,0.0,0.0,0.0,0.0,0.0,0.0,0.0,0.0,0.0,0.0,0.0,26.400576760134555,0.0,0.0,0.0,1000.0,0.0,0.0,0.0,-0.09538210450301722,0.0,0.0,0.09538210450301722,0.0,0.09538210450301722,38.69242635028935,0.0,0.0,57.229262701810335,116.36616749368096,116.36616749368096,0.0,0.0,0.0,0.0,0.0,0.0,0.0,243.6486630056631,0.0,459.834628033282,0.0,0.0,0.0,231.7691045240632,0.0,0.0,0.0,0.0,0.0,0.0,0.0,0.0,0.0,0.0,0.0,0.0,0.0,186.7669842053298,0.0,-500.2343198251216,500.2343198251216,0.14307315675452584,0.0,0.0,0.0,-28.614631350905167,0.0,0.0,0.0,0.0,0.0,-260.92357909939653,4.769105225150838,0.0,0.0,0.0,0.0,1000.0,975.8291075463144,-2.308202430278273,0.0,953.1249999999852,0.0,0.0,0.0,0.0,0.0,26.400576760134555,0.0,751.9581211871516,241.01003443197726,260.92357909939653,0.0,549.5722421050597,0.0,0.0,880.1627476572208,0.0,-880.1627476572208,0.0,215.18381775424416,0.0,4.769105225150838,419.14445482884724,0.0,0.0,0.0,-213.29806234803655,0.0,0.0,0.0,0.0,0.0,0.0,0.0,0.0,0.0,-14.307315675452685,0.0,116.36616749368096,0.0,0.0,0.0,0.0,0.0,0.0,0.0,0.0,0.0,3.0713037649946955,0.0,0.0,282.38455261257553,-677.1619782205257,0.0,0.0,28.614631350905167,85.25063407736653,0.0,0.0,0.0,-114.6481527846736,0.0,0.0,0.10492031495311949,0.0,0.0,0.0,58.18308374684051,0.0,0.0,0.0,0.0,264.4514389835225,0.0,0.0,0.0,0.0,0.0,0.0,0.0,0.0,0.0,0.0,0.009538210450301676,0.009538210450301676,0.0,0.0,0.0,0.0,0.0,38.69242635028935,0.0,0.0,0.0,0.0,0.0,0.0,0.0,0.0,0.0,260.92357909939653,0.0,0.0,0.0,0.0,0.0,0.0,0.0,0.0,0.0,0.0,0.0,170.50126815473305,239.16817676825858,0.0,-536.0208969609012,0.0,0.0,0.0,57.229262701810285,0.0,0.0,0.0,0.0,0.0,942.7707372981897,-1000.0,0.0,170.50126815473305,0.0,0.0,0.0,0.0,0.0,0.0,0.0,0.0,0.0,0.0,1000.0,0.0,297.10584610863,244.49602463435227,-273.11065598525744,0.0,-16.906461188607583,0.0,0.0,0.0,0.0,0.0,0.0,0.0,0.0,0.0,0.0,0.0,0.0,0.0,0.0,0.0,0.0,0.0,-11.922763062877152,26.400576760134555,-17.06505355178923,224.61544668633678,0.0,0.0,0.0,0.0,0.0,0.0,-1.1922763062877157,42.7967941933035,0.0,0.0,0.0,0.0,0.0,0.0,0.0,1000.0,28.614631350905167,28.614631350905167,0.0,0.0,0.0,0.0,0.0,0.10492031495311949,260.92357909939653,0.0,0.0,-21.78596516168177,0.0,0.0,0.0,0.0,0.0,0.0,0.0,0.0,0.0,0.0,0.0,0.0,0.0,0.0,0.0,0.0,0.0,24.74987624485871,0.0,100.15120972816808,92.59505612409885,0.0,0.0,0.0,0.0,0.0,260.92357909939653,0.0,-978.2900103411871,0.0,0.0,0.0,-11.922763062877152,0.0,0.0,0.0,0.0,0.0,0.0,0.0,0.0,0.0,0.0,0.0,0.0,0.0,0.0,0.0,0.0,0.0,0.0,-0.09538210450301722,0.0,0.0,4.769105225150838,-521.2681433816244,0.0,0.0,0.0,0.0,26.400576760134555,0.0,0.0,0.0,-223.5567053263536,2.3845526125754306,0.0,0.0,538.9267461754109,0.09538210450301722,0.0,95.38210450301722,-4.818576151076627,19.076420900603445,0.6813007464501197,315.6158240531355,-0.07153657837726292,9.72480308218233,1.9076420900603446,38.21551582777404,-315.6158240531355,28.614631350905167,-0.09538210450301722,0.0,0.0,0.023845526125754305,0.6813007464501197,0.0,-100.43546511424452,-1.9076420900603446,-300.0,-0.09538210450301722,0.023845526125754305,-315.6158240531355,9.538210450301722,0.09538210450301722,0.09538210450301722,-260.7232766799404,-85.14571376241321,-145.7039108635293,-0.07153657837726292,28.614631350905167,0.09538210450301722,28.614631350905167,-47.69105225150861,-0.04769105225150861,35.21792435954991,-170.0,-0.07153657837726292,-0.09538210450301722,-4.818576151076627,0.09538210450301722,9.538210450301722,-1.9076420900603446,186.7669842053298,186.7669842053298,-9.538210450301722,300.0,-186.7669842053298,19.076420900603445,0.14307315675452584,-714.5064048165586,9.538210450301722,-333.3333333333333,0.0,-19.076420900603445,0.04769105225150861,0.9538210450301723,87.53928541392939,280.0,-0.09538210450301722,-282.38455261257553,260.7232766799404,29.568452395935342,0.09538210450301722,100.43546511424452,-114.45852540362073,0.0,-0.09538210450301722,-0.023845526125754305,0.0,-0.09538210450301722,-7.811855373045781,0.09538210450308145,-0.023845526125754305,-0.023845526125754305,-0.023845526125754305,38.15284180120689,47.69105225150861,0.9538210450301723,70.66621667367127,-0.023845526125754305,175.07857082785878,4.769105225150861,8.675032911673751,0.09538210450301722,0.04769105225150861,0.04769105225150861,9.538210450301722,4.818576151076627,0.09538210450301722,-4.818576151076627,0.9538210450301723,0.09538210450301722,-70.66621667367127,0.09538210450301722,0.3815284180122944,-38.21551582777404,0.04769105225150861,0.023845526125754305,28.614631350905167,-0.09538210450301722,145.7039108635293,0.9538210450301723,-141.33243334734254,7.3402504696069,-9.538210450301722,19.076420900603445,4.769105225150861,-0.09538210450301722,0.0,0.14307315675452584,-0.09538210450301722,-19.076420900603438,4.818576151076627,459.77513547167246,0.04769105225150861,-17.350065823347506,-0.09538210450301722,-0.09538210450308145,-0.09538210450301722,0.04769105225150861,315.6158240531355,-19.076420900603445,0.09538210450301722,175.07857082785878,-0.023845526125754305,85.14571376241321,-175.07857082785878,14.307315675452582,170.0,239.6586908947782,315.6158240531355,-0.07153657837726292,282.38455261257553,-280.0,0.09538210450301722,-0.02384552612575431,4.769105225150838,95.38210450301722,-0.04769105225150861,-0.09538210450301722,0.023845526125754305,0.0,0.0,668.858013060173,0.0,-156.44796655865957,0.0,655.6319890999865,-140.0,0.0,293.13239639269045,-255.0,-325.0,-45.60070070413417,-146.56619819634523,78.22398327932979,127.5,0.0,70.0,-260.92357909939653,-345.1269826869989,45.60070070413417,325.0,-345.1269826869989,-655.6319890999865,380.27615202665277,0.0,1496.5981,hplb
387,0.0,0.0,0.0,0.0,0.0,0.0,0.0,0.0,313.980911970091,0.0,0.0,0.0,0.0,0.0,0.0,0.0,108.32432887724883,191.67567112275117,0.0,0.0,0.0,0.0,0.0,578.8477061593701,0.0,633.1436751094476,0.0,0.0,0.0,-597.4435093078041,0.0,0.0,61.43280098147571,0.0,0.0,0.0,0.0,-13.490925370386018,0.0,-1000.0,1000.0,0.0,0.0,768.1453209210348,0.0,0.0,335.182745382947,0.0,-279.0261404904796,0.0,0.0,0.0,0.0,0.08473554191576227,0.0,0.0,0.0,15.40646216640908,0.0,0.0,-6.783978840609014,0.0,-577.119225803023,-583.9032046436321,0.0,0.0,0.0,0.0,422.3009821600498,210.84269294939782,0.0,0.770323108320454,0.0,0.0,0.0,0.0,0.0,0.0,0.0,0.0,0.0,0.0,-23.480499197769806,0.0,46.21938649922724,0.0,0.0,366.0879264579379,0.0,387.0617859674583,-0.01925807770801135,0.0,0.0,-1000.0,23.10969324961362,0.0,23.10969324961362,0.0,0.0,0.0,0.0,3.85161554160227,-1000.0,0.0,0.0,-76.86478494913558,0.0,0.0,0.0,0.0,0.0,0.0,0.0,0.0,0.0,0.0,0.0,0.0,0.0,0.0,0.0,0.0,0.0,0.0,-1000.0,0.0,0.0,23.10969324961362,0.0,23.880016357934075,0.0,0.0,-83.4051654186535,401.7785832359914,-318.3734178173379,318.3734178173379,0.0,1000.0,-1000.0,0.0,0.0,0.0,0.0,0.0,0.0,29.41198713183707,0.0770323108320454,0.0,0.0,0.0,969.6897205943422,-969.6897205943422,0.0,0.0,0.0,0.0,292.15849319655354,0.0,0.0,0.0,0.0,0.0,664.8942869278851,664.8942869278851,0.0,0.0,0.0,859.375,-724.3745715659352,0.0,0.0,664.9713192387171,0.0,0.0,0.0,-911.1804836187096,-993.7407895755096,0.0,0.0,0.0,0.0,0.0,0.0,0.0,0.0,0.0,0.0,0.0,0.0,0.0,0.0,-1000.0,0.0,0.0,0.0,0.0,0.0,0.0,0.0,-87.0617859674583,87.0617859674583,0.0,0.0,0.0,0.0,0.0,0.0,0.0,402.55649069219595,-700.0355010204147,0.0,0.0,0.0,0.0,0.0,0.0,0.0,0.0,0.0,0.0,0.0,0.0,0.0,45.83229252302039,-69.18707566718183,768.1453209210348,0.0,0.0,0.0,0.0,0.0,0.0,0.0,0.0,0.0,-6.783978840609014,0.0,0.0,0.0,210.52616092170462,0.0,0.0,0.0,0.0,0.0,2.4804404087924468,0.0,0.0,0.0,-87.0617859674583,0.0,0.0,0.0,-768.1453209210348,0.0,0.0,0.0,-635.5135995374534,0.0,0.0,0.0,-209.0418184061205,0.0,0.0,-945.3375124091306,0.0,0.0,-945.3375124091306,0.0,0.0,-87.06178596745832,0.0,17.552099187834543,0.0,0.0,214.92014722140675,0.0,0.0,0.0,-278.4815477101092,0.0,278.4815477101092,0.0,1000.0,0.0,0.0,-501.2748575354855,859.375,0.0,0.0,-6.783978840609014,-0.1155484662480681,0.0,0.0,0.0,0.0,0.0770323108320454,0.0,0.0,0.0,974.4098663415939,108.32432887724883,0.0,-605.7462558634411,89.44630001100315,993.7407895755096,915.3998127872676,0.0,0.0,0.0,-76.86478494913558,0.0,0.0,0.0,-6.632481962639621,289.8438304009894,-283.21134843834983,-4.028552234903032,-1000.0,0.0,0.0,0.0,0.0,0.0,0.0,0.0,0.0,0.0,0.0,0.0,0.0,0.0,0.0,0.0,0.0,210.52616092170462,-1000.0,0.0,-986.8172038729425,0.0,0.0,0.0,0.0,0.0,286.6908398288235,-31.892427540629622,0.0,23.480499197769806,0.0,0.0,0.0,-1000.0,-4.613075702266144,-3.85161554160227,0.0,287.8551874389608,-155.61618849272315,0.0,0.0,179.48734190300064,4.613075702266144,0.0,0.0,-1.925807770801135,-3.85161554160227,0.0,0.0,0.0,0.0,996.1483844583977,23.10969324961362,0.0,0.0,0.0,0.0,0.0,314.05794428092304,224.84682206760738,179.014529544587,-179.014529544587,-179.014529544587,-284.66374334534663,0.0,0.0,0.0,0.0,0.0,402.55649069219595,0.0,0.0,-13.567957681218063,0.0,0.0,107.70988046234608,0.0,0.0,0.0,0.0,-92.29676891679546,0.15406462166333768,0.0,0.0,0.0,0.0,0.0,0.0,0.0,0.0,0.0,0.0,0.0,0.0,0.0,0.0,0.0,0.0,0.0,0.0,0.0,0.08473554191576227,0.08473554191576227,0.0,295.7697154575284,0.0,46.21938649922724,0.0,0.0,0.0,70.57759970625216,0.0,516.5584727774541,0.0,0.0,0.0,262.35228151120623,-70.57759970625216,0.0,0.0,0.0,0.0,0.0,107.70988046234608,0.0,0.0,0.0,0.0,0.0,0.0,0.0,333.3333333333333,-974.4098663415939,0.0,0.0,5.931487934067263,0.0,0.0,-1000.0,-1000.0,0.0,262.35228151120623,0.0,170.0555125944108,0.0,0.0,0.0,45.83229252302039,0.0,0.0,0.0,0.0,0.0,0.0,0.0,0.0,0.0,0.0,0.0,0.0,0.0,46.21938649922724,0.0,0.0,0.0,0.0,0.0,0.0,0.0,0.0,0.0,0.0,0.0,0.0,0.770323108320454,0.0,0.0,0.0,0.0,0.0,0.0,0.0,0.0,23.10969324961362,0.0,0.0,0.0,0.0,0.0,0.0,0.0,0.0,0.0,0.0,0.0,-405.6865196542279,0.0,23.10969324961362,23.10969324961362,1000.0,-70.57759970625216,0.0,107.70988046234606,0.0,0.0,0.0,0.0,0.0,4.028552234903032,402.55649069219595,-188.52321616577183,0.0770323108320454,0.0,0.0,0.0,101.73217106954911,0.0,0.0,1000.0,0.0,0.0,0.0,0.0,0.0,0.0,0.0,0.0,0.0,0.0,0.0,0.0,0.0,0.0,0.0770323108320454,0.0,0.0,0.0,-209.87739873477062,209.87739873477062,0.0,0.0,0.0,0.0,-31.892427540629622,1000.0,0.0,0.0,-963.3367046751727,-5.777423312403405,-3.851615541602314,0.0,0.0,0.0,0.0,0.0,0.0,0.0,0.0,0.0,0.0,0.0,0.0,0.0,993.7407895755096,0.0,0.0,1000.0,0.0,0.0,0.0,313.980911970091,0.0,0.0,0.0770323108320454,0.0,0.0770323108320454,0.0,633.1436751094476,0.0,46.21938649922724,93.97941921509539,93.97941921509539,0.0,0.0,0.0,0.0,0.0,0.0,23.480499197769806,0.0,0.0,402.55649069219595,0.0,0.0,0.0,0.0,0.0,0.0,0.0,0.0,0.0,0.0,0.0,0.0,0.0,0.0,0.0,0.0,0.0,0.0,0.0,0.0,0.0,0.1155484662480681,0.0,0.0,0.0,-23.10969324961362,0.0,0.0,0.0,0.0,0.0,-295.7697154575284,3.85161554160227,0.0,0.0,0.0,-859.375,724.3745715659352,0.0,0.0,0.0,0.0,0.0,0.0,0.0,0.0,0.0,0.0,0.0,0.0,-712.5598398631571,249.937422934508,0.0,309.5935378335909,-76.86478494913558,976.5195008022301,0.0,23.480499197769806,-1000.0,0.0,-729.4930187525488,0.0,3.851615541602314,1000.0,0.0,10.519220697583767,0.0,-13.567957681218063,0.0,0.0,0.0,0.0,0.0,0.0,0.0,0.0,0.0,-11.554846624806771,0.0,93.97941921509539,0.0,0.0,0.0,0.0,0.0,0.0,0.0,0.0,0.0,2.4804404087924468,0.0,0.0,313.10198539473856,-101.73217106954911,1000.0,0.0,23.10969324961362,0.0,0.0,0.0,0.0,46.51565670868008,0.0,0.0,0.08473554191576227,0.0,0.0,0.0,46.989709607547695,0.0,0.0,0.0,0.0,-69.18707566718183,0.0,0.0,0.0,0.0,0.0,0.0,0.0,0.0,-331.1780352526217,0.0,0.007703231083204365,0.007703231083204365,0.0,0.0,0.0,0.0,0.0,0.0,0.0,0.0,0.0,0.0,0.0,0.0,0.0,0.0,0.0,295.7697154575284,0.0,0.0,0.0,0.0,0.0,0.0,0.0,0.0,0.0,0.0,0.0,0.0,-44.825383548147364,0.0,191.67567112275117,0.0,0.0,0.0,46.21938649922724,0.0,0.0,0.0,0.0,0.0,-46.21938649922724,0.0,0.0,0.0,0.0,0.0,0.0,0.0,0.0,0.0,0.0,0.0,0.0,0.0,-47.18633045461115,-1000.0,52.76713291995111,-483.63483712399983,460.52514387438623,0.0,-13.490925370386018,0.0,0.0,0.0,0.0,0.0,0.0,0.0,0.0,0.0,0.0,0.0,0.0,0.0,0.0,0.0,0.0,0.0,-9.629038854005719,0.0,-5.777423312403405,-5.777423312403404,0.0,0.0,0.0,0.0,0.0,0.0,-0.9629038854005676,13.567957681218063,0.0,0.0,0.0,0.0,0.0,0.0,0.0,764.290453379617,23.10969324961362,23.10969324961362,0.0,0.0,0.0,0.0,0.0,0.08473554191576227,295.7697154575284,0.0,0.0,13.49092537038598,0.0,0.0,0.0,0.0,0.0,0.0,0.0,0.0,0.0,0.0,0.0,0.0,0.0,0.0,0.0,0.0,0.0,0.0,0.0,80.88392637364767,29.41198713183707,0.0,0.0,0.0,0.0,0.0,295.7697154575284,0.0,-3.851615541602314,0.0,0.0,0.0,-9.629038854005719,0.0,0.0,0.0,0.0,0.0,0.0,0.0,0.0,0.0,0.0,0.0,0.0,0.0,0.0,0.0,0.0,0.0,0.0,-0.0770323108320454,0.0,0.0,3.85161554160227,-262.35228151120623,0.0,0.0,0.0,0.0,0.0,0.0,0.0,0.0,6.632481962639621,1.925807770801135,0.0,0.0,633.1436751094476,0.0770323108320454,0.0,77.0323108320454,-23.880016357934075,15.40646216640908,0.5502307916574671,214.92014722140667,-0.05777423312403405,3.85161554160227,1.540646216640908,-0.38516155416039055,-214.92014722140667,23.10969324961362,-0.0770323108320454,25.621594983045195,107.70988046234608,0.01925807770801135,0.5502307916574671,-76.86478494913558,-12.26354388446213,-1.540646216640908,-300.0,-0.0770323108320454,0.01925807770801135,-214.92014722140667,56.511828756419305,0.0770323108320454,0.0770323108320454,-295.6079476047805,0.08473554191524976,0.0,-0.05777423312403405,23.10969324961362,0.0770323108320454,23.109693249613628,-38.5161554160227,-0.0385161554160227,-138.42892329828237,-7.780263394036585,-0.05777423312403405,-0.0770323108320454,-23.880016357934075,0.0770323108320454,7.70323108320454,-1.540646216640908,0.0,0.0,-7.7032310832045425,300.0,0.0,15.40646216640908,0.1155484662480681,-41.53209727773128,7.70323108320454,-333.3333333333333,107.70988046234608,-15.40646216640908,0.0385161554160227,0.770323108320454,151.43656396586027,265.3438851009171,-0.0770323108320454,-313.10198539473856,295.6079476047805,23.880016357934075,0.0770323108320454,12.26354388446213,-33.53749020932335,107.70988046234608,-0.0770323108320454,-0.01925807770801135,-107.70988046234606,-0.0770323108320454,-92.29676891679546,0.0770323108320099,-0.01925807770801135,-0.01925807770801135,-0.01925807770801135,30.81292433281816,38.5161554160227,0.770323108320454,348.23748946064933,-0.01925807770801135,277.25153294867533,3.85161554160227,50.0,0.0770323108320454,0.0385161554160227,0.0385161554160227,61.55817131437758,23.880016357934075,0.0770323108320454,-23.880016357934075,0.770323108320454,0.0770323108320454,-930.5698418065667,0.0770323108320454,0.30812924332849434,0.38516155416039055,0.0385161554160227,0.01925807770801135,23.10969324961362,-0.0770323108320454,0.0,0.770323108320454,-696.4749789212987,1.925807770801135,-7.70323108320454,15.40646216640908,3.85161554160227,-0.0770323108320454,76.86478494913558,0.1155484662480681,-0.0770323108320454,-123.11634262875516,23.880016357934075,90.41171743465132,0.0385161554160227,-100.0,-0.0770323108320454,-0.0770323108320099,-0.0770323108320454,0.0385161554160227,214.92014722140667,-15.40646216640908,0.0770323108320454,302.87312793172055,-0.01925807770801135,-0.08473554191524976,-302.87312793172055,11.554846624806808,7.780263394036585,152.99672393407042,214.92014722140667,-0.05777423312403405,313.10198539473856,-265.3438851009171,0.0770323108320454,-0.01925807770801135,3.851615541602314,77.0323108320454,-0.0385161554160227,-0.0770323108320454,0.01925807770801135,319.827521377635,0.0,-258.5064188776847,582.3323523459173,253.21782742801372,0.0,-113.80843696133036,-140.0,48.80859767321476,-80.0,346.12206612807313,-325.0,-300.0,40.0,-126.60891371400687,-173.06103306403656,-48.80859767321476,70.0,-295.7697154575284,-136.9273741433314,300.0,325.0,-136.9273741433314,113.80843696133036,-43.987088917605774,0.0,1496.5981,hplb
388,0.0,0.0,0.0,0.0,0.0,0.0,0.0,0.0,-0.08116428064586843,0.0,0.0,0.0,0.0,0.0,0.0,0.0,-20.41387530487987,877.9721115659133,0.0,-607.8189734026422,0.0,0.0,0.0,0.0,0.0,0.0,0.0,0.0,0.0,0.0,0.0,0.0,89.02240349619107,0.0,0.0,0.0,0.0,-75.30772580404656,0.0,-1000.0,406.8529040906694,0.0,0.0,0.0,0.0,0.0,0.0,0.0,0.0,-38.64044134419732,0.0,0.0,0.0,0.08928070871016303,0.0,0.0,0.0,0.0,0.0,0.0,-35.48624359769732,0.0,226.60617746888798,0.0,0.0,0.0,0.0,0.0,0.0,0.0,0.0,0.8116428064586844,0.0,0.0,0.0,0.0,0.0,0.0,0.0,0.0,0.0,0.0,0.0,0.0,48.69856838752107,0.0,92.04502057254841,0.0,0.0,-378.49358584913074,-0.02029107016146711,0.0,0.0,-828.3583128217163,24.349284193760532,0.0,24.349284193760532,-2.6134898367960346,0.0,0.0,0.0,4.058214032293422,0.0,0.0,0.0,-49.18386590153552,0.0,0.0,0.0,0.0,0.0,0.0,0.0,0.0,0.0,0.0,0.0,0.0,0.0,0.0,0.0,0.0,0.0,0.0,-708.1453325420191,0.0,0.0,24.349284193760532,0.0,25.160927000219218,0.0,0.0,-958.4730324583975,1000.0,-41.52696754160246,41.52696754160246,0.0,0.0,0.0,-191.11993387119065,0.0,0.0,0.0,0.0,0.0,98.29467018228034,0.08116428064586843,0.0,0.0,0.0,-891.5850755090742,271.3842618002893,0.0,0.0,0.0,0.0,77.13366865612728,0.0,0.0,0.0,0.0,0.0,-181.0570481199535,-181.0570481199535,0.0,0.0,0.0,0.0,0.0,0.0,0.0,-180.9758838393076,0.0,0.0,0.0,0.0,-364.45793388715714,0.0,0.0,0.0,0.0,0.0,0.0,0.0,0.0,0.0,0.0,0.0,0.0,0.0,0.0,-1000.0,0.0,0.0,0.0,0.0,0.0,38.64044134419732,0.0,378.49358584913074,-378.49358584913074,12.789975508531597,0.0,0.0,0.0,0.0,0.0,0.0,0.0,-81.17757750112241,0.0,0.0,0.0,0.0,0.0,0.0,0.0,0.0,0.0,0.0,0.0,0.0,0.0,0.0,635.2047695956654,20.41387530487987,0.0,0.0,0.0,178.32995836265906,-12.789975508531597,0.0,0.0,0.0,0.0,-35.48624359769732,20.41387530487987,0.0,0.0,0.0,0.0,0.0,0.0,0.0,0.0,0.0,16.232856129173687,0.0,0.0,-399.0292075749794,-777.5227934241102,378.49358584913074,0.0,-20.41387530487987,0.0,0.0,191.11993387119065,-157.44527502708462,0.0,0.0,0.0,-98.58894098899816,0.0,0.0,-908.5863358219887,0.0,0.0,-908.5863358219887,0.0,0.0,378.49358584913074,0.0,648.6467240124019,38.64044134419732,0.0,226.44834300197294,0.0,0.0,0.0,905.2309319618917,0.0,-905.2309319618917,0.0,0.0,0.0,178.32995836265906,697.9968694190582,0.0,0.0,0.0,-35.48624359769732,-0.12174642096880264,0.0,0.0,0.0,0.0,0.08116428064586843,0.0,0.0,0.0,975.6507158062394,-20.41387530487987,0.0,-335.80451230019355,626.0368197597256,364.45793388715714,119.10508605094446,0.0,0.0,0.0,-49.18386590153552,0.0,0.0,0.0,-6.988244563608979,6.988244563608979,0.0,59.565866708690336,-1000.0,0.0,0.0,0.0,0.0,0.0,0.0,0.0,0.0,0.0,0.0,0.0,0.0,0.0,0.0,0.0,0.0,0.0,-1000.0,0.0,-925.0169313185366,0.0,0.0,0.0,0.0,0.0,0.0,-98.29467018228034,0.0,0.0,0.0,0.0,0.0,0.0,0.0,-4.058214032293422,0.0,-6.988244563608979,-229.89278086549905,448.0722157742449,0.0,-109.28770388966187,0.0,0.0,1000.0,-2.029107016146711,-452.13042980653836,-1000.0,0.0,-434.9966501621958,803.4855566585794,0.0,24.349284193760532,0.0,0.0,0.0,654.5681271824278,0.0,0.0,0.0,0.0,0.0,0.0,-366.61711741006593,0.0,0.0,-457.27327411824456,0.0,0.0,0.0,0.0,0.0,-78.00237992148847,0.0,0.0,312.0971022334854,0.0,0.0,0.0,0.0,-9.345328306879969,0.16232856129136053,0.0,0.0,0.0,0.0,0.0,0.0,0.0,0.0,0.0,0.0,0.0,0.0,0.0,0.0,0.0,0.0,0.0,0.0,0.0,0.08928070871016303,0.08928070871016303,0.0,84.6816431042393,0.0,48.69856838752107,0.0,0.0,0.0,1000.0,0.0,0.0,92.04502057254841,0.0,0.0,-1.0318745999466425,-1000.0,0.0,0.0,0.0,0.0,0.0,312.0971022334854,0.0,0.0,0.0,0.0,0.0,0.0,0.0,236.04844418067304,-975.6507158062394,620.2008137087848,0.0,98.29467018228034,0.0,-828.3583128217163,0.0,0.0,0.0,-1.0318745999466425,0.0,-10.37720290682661,0.0,0.0,0.0,0.0,0.0,0.0,0.0,0.0,0.0,0.0,0.0,0.0,0.0,0.0,0.0,0.0,0.0,48.69856838752107,191.11993387119065,191.11993387119065,0.0,0.0,0.0,0.0,0.0,0.0,0.0,0.0,0.0,0.0,0.8116428064586844,0.0,0.0,92.04502057254841,-92.04502057254841,0.0,0.0,0.0,0.0,24.349284193760532,0.0,0.0,0.0,0.0,0.0,0.0,0.0,0.0,0.0,0.0,-132.93366227203236,0.0,0.0,24.349284193760532,24.349284193760532,1000.0,-1000.0,0.0,312.0971022334854,0.0,0.0,0.0,0.0,0.0,861.7560641587311,0.0,1000.0,0.08116428064586843,0.0,0.0,107.1890274901044,0.0,0.0,0.0,828.3583128217163,0.0,0.0,0.0,0.0,0.0,0.0,0.0,0.0,0.0,0.0,0.0,0.0,0.0,0.0,0.08116428064586843,0.0,0.0,0.0,0.0,0.0,0.0,0.0,0.0,0.0,0.0,-98.29467018228036,0.0,0.0,74.98306868146335,-6.087321048440133,-4.058214032293422,0.0,0.0,0.0,0.0,0.0,0.0,0.0,0.0,0.0,0.0,0.0,0.0,191.11993387119065,364.45793388715714,0.0,0.0,-430.93843612990236,0.0,0.0,0.0,-0.08116428064586843,0.0,0.0,0.08116428064586843,0.0,0.08116428064586843,0.0,0.0,0.0,48.69856838752107,99.02042238795951,99.02042238795951,0.0,0.0,0.0,0.0,0.0,0.0,0.0,620.2008137087848,0.0,0.0,0.0,0.0,0.0,0.0,0.0,0.0,0.0,0.0,0.0,0.0,0.0,0.0,0.0,0.0,0.0,0.0,0.0,0.0,0.0,0.0,0.0,0.12174642096880264,0.0,0.0,0.0,-24.349284193760532,0.0,0.0,0.0,0.0,0.0,-84.6816431042393,4.058214032293422,0.0,0.0,0.0,0.0,0.0,-820.9712314412695,0.0,0.0,0.0,0.0,0.0,0.0,0.0,0.0,191.11993387119065,0.0,0.0,-588.1896586257537,84.6816431042393,0.0,928.9679575796112,-49.18386590153552,0.0,-919.2659016235499,0.0,919.2659016235499,0.0,-256.46569741504413,0.0,4.058214032293422,592.5018862692195,0.0,0.0,0.0,-262.0924210665853,0.0,0.0,0.0,0.0,0.0,0.0,0.0,0.0,0.0,0.0,-12.174642096880312,99.02042238795951,0.0,-765.6249999999999,-765.625,765.6249999999999,0.0,0.0,0.0,0.0,0.0,0.0,0.0,0.0,90.76896415267943,-107.1890274901044,-272.35516845351555,0.0,24.349284193760532,92.04502057254841,0.0,0.0,0.0,-48.87424446119519,0.0,0.0,0.08928070871016303,0.0,0.0,0.0,49.51021119397975,0.0,0.0,0.0,0.0,635.2047695956654,0.0,0.0,0.0,0.0,0.0,0.0,0.0,0.0,0.0,0.0,0.008116428064586843,0.008116428064586843,0.0,0.0,0.0,0.0,0.0,0.0,0.0,0.0,0.0,107.1890274901044,0.0,0.0,0.0,0.0,0.0,84.6816431042393,0.0,0.0,0.0,0.0,0.0,0.0,0.0,38.64044134419732,0.0,0.0,0.0,184.09004114509682,0.0,0.0,877.9721115659133,0.0,0.0,0.0,48.69856838752107,0.0,0.0,0.0,0.0,0.0,0.0,-48.69856838752107,0.0,184.09004114509682,0.0,0.0,0.0,0.0,0.0,0.0,0.0,0.0,0.0,0.0,-1000.0,921.3219308674214,55.597532242419895,0.0,-24.349284193760532,0.0,-75.30772580404656,0.0,0.0,0.0,0.0,0.0,0.0,0.0,0.0,0.0,0.0,0.0,0.0,0.0,0.0,0.0,0.0,0.0,-10.145535080733556,191.11993387119065,-6.087321048440133,6.087321048440231,0.0,0.0,0.0,0.0,0.0,0.0,-1.0145535080733556,78.00237992148847,0.0,0.0,0.0,0.0,0.0,0.0,0.0,1000.0,24.349284193760532,24.349284193760532,0.0,0.0,0.0,0.0,0.0,0.08928070871016303,84.6816431042393,0.0,0.0,75.30772580404656,0.0,0.0,0.0,0.0,0.0,0.0,0.0,0.0,0.0,0.0,0.0,0.0,0.0,0.0,0.0,0.0,0.0,0.0,0.0,85.22249467816188,98.29467018228034,0.0,0.0,0.0,0.0,0.0,84.6816431042393,0.0,814.2995275721801,0.0,0.0,0.0,-10.145535080733556,0.0,0.0,0.0,0.0,0.0,0.0,0.0,0.0,0.0,0.0,0.0,0.0,0.0,0.0,0.0,0.0,0.0,0.0,-0.08116428064586843,0.0,0.0,4.058214032293422,1.0318745999466425,0.0,0.0,0.0,0.0,191.11993387119065,0.0,0.0,0.0,6.988244563608979,2.029107016146711,0.0,0.0,0.0,0.08116428064586843,0.0,81.16428064586843,-25.160927000219218,16.232856129173687,0.5797448617562031,226.44834300197294,-0.06087321048440132,4.058214032293422,1.6232856129173687,-0.40582140322906923,-226.44834300197294,24.349284193760532,-0.08116428064586843,16.394621967178505,312.0971022334854,0.02029107016146711,0.5797448617562031,-49.18386590153551,-104.96637405136983,-1.6232856129173687,-249.73926285839127,-0.08116428064586843,0.02029107016146711,-226.44834300197294,8.116428064586843,0.08116428064586843,0.08116428064586843,-84.51119811488327,-91.95573986383795,0.0,-0.06087321048440132,24.349284193760532,0.08116428064586843,24.349284193760532,-40.58214032293422,-0.04058214032293422,21.234063146943754,4.5923831632988765,-0.06087321048440132,-0.08116428064586843,-25.160927000219218,0.08116428064586843,8.116428064586843,-1.6232856129173687,0.0,0.0,-8.116428064586843,249.73926285839127,0.0,16.232856129173687,0.12174642096880264,-1000.0,8.116428064586843,-236.04844418067304,312.0971022334854,-16.232856129173687,0.04058214032293422,0.8116428064586844,83.95112807504839,100.91449923341298,-0.08116428064586843,-102.94360624955974,84.51119811488327,25.160927000219218,0.08116428064586843,104.96637405136983,214.69996545844356,312.0971022334854,-0.08116428064586843,-0.02029107016146711,-312.0971022334854,-0.08116428064586843,-9.345328306879969,0.08116428064586843,-0.02029107016146711,-0.02029107016146711,-0.02029107016146711,32.465712258347374,40.58214032293422,0.8116428064586844,60.13258642350618,-0.02029107016146711,151.50763418291828,4.058214032293422,8.730878185733406,0.08116428064586843,0.04058214032293422,0.04058214032293422,75.0,25.160927000219218,0.08116428064586843,-25.160927000219218,0.8116428064586844,0.08116428064586843,-60.13258642350618,0.08116428064586843,0.3246571225831758,0.40582140322906923,0.04058214032293422,0.02029107016146711,24.349284193760532,-0.08116428064586843,0.0,0.8116428064586844,-120.26517284701237,2.0291070161467113,-8.116428064586843,16.232856129173687,4.058214032293422,-0.08116428064586843,49.18386590153551,0.12174642096880264,-0.08116428064586843,-150.0,25.160927000219218,171.3237045582647,0.04058214032293422,-17.461756371466812,-0.08116428064586843,-0.08116428064586843,-0.08116428064586843,0.04058214032293422,226.44834300197294,-16.232856129173687,0.08116428064586843,167.90225615009678,-0.02029107016146711,91.95573986383795,-167.90225615009678,12.174642096880264,-4.592383163298885,446.4019789002187,226.44834300197294,-0.06087321048440132,102.94360624955974,-100.91449923341298,0.08116428064586843,-0.020291070161467105,4.058214032293422,81.16428064586843,-0.04058214032293422,-0.08116428064586843,0.02029107016146711,0.0,0.0,999.959417859677,0.0,-163.31931718909968,0.0,332.3295181459872,-140.0,0.0,-80.0,-255.0,-325.0,0.0,40.0,81.65965859454984,127.5,0.0,70.0,-84.6816431042393,-122.4494600970695,0.0,325.0,-122.4494600970695,-332.3295181459872,54.756562311478405,0.0,1496.5981,hplb
389,0.0,0.0,0.0,0.0,0.0,0.0,0.0,0.0,-0.028286210521308114,0.0,0.0,0.0,0.0,0.0,0.0,0.0,-109.22989898598185,190.19053514377728,0.0,0.0,0.0,0.0,0.0,0.0,0.0,534.7913619495495,0.0,0.0,0.0,-580.6654676184742,0.0,0.0,117.38759696828185,0.0,0.0,0.0,0.0,349.86591751195715,0.0,-1000.0,991.5141368436076,0.0,0.0,1000.0,0.0,0.0,0.0,136.80142797354551,-985.2549906602142,0.0,0.0,-675.1503572646702,0.0,0.031114831573404444,0.0,0.0,0.0,0.0,0.0,0.0,14.091250778472556,0.0,-405.54681090953494,-459.9412435377865,0.0,0.0,0.0,0.0,364.5601308005416,-364.5601308005416,0.0,0.28286210521308114,0.0,0.0,0.0,0.0,0.0,0.0,0.0,675.9182740214245,0.0,0.0,-452.7904226474974,0.0,16.971726312784867,0.0,0.0,0.0,137.54159112995023,0.0,-0.0070715526303270285,0.0,0.0,0.0,8.485863156392433,0.0,8.485863156392433,0.0,0.0,0.0,0.0,901.3542851620568,-1000.0,0.0,0.0,-21.98727777919725,0.0,0.0,0.0,0.0,0.0,0.0,0.0,0.0,0.0,0.0,0.0,0.0,0.0,0.0,0.0,0.0,0.0,0.0,-860.6314854581302,0.0,0.0,8.485863156392433,0.0,8.768725261605514,8.768725261605514,0.0,0.0,0.0,0.0,0.0,-68.48568340672408,0.0,0.0,0.0,0.0,0.0,0.0,0.0,0.0,454.9684608576381,0.028286210521308114,0.0,0.0,0.0,0.0,0.0,0.0,0.0,452.7904226474974,0.0,82.38098169441918,0.0,0.0,0.0,0.0,0.0,465.9886894813477,465.9886894813477,0.0,0.0,0.0,828.125,952.7961258084274,0.0,0.0,466.016975691869,0.0,0.0,0.0,160.66096172528626,0.0,0.0,0.0,0.0,0.0,0.0,0.0,0.0,0.0,0.0,-109.06039080920901,0.0,0.0,0.0,0.0,-10.712630135721774,0.0,0.0,0.0,0.0,0.0,0.0,675.1503572646702,28.269262828186424,-28.269262828186424,68.48568340672408,0.0,0.0,0.0,0.0,0.0,0.0,419.33453238152583,-930.8088480292301,0.0,0.0,0.0,0.0,0.0,0.0,0.0,0.0,0.0,0.0,0.0,0.0,0.0,0.0,-88.68551579147675,1000.0,0.0,0.0,0.0,0.0,-68.48568340672408,0.0,0.0,0.0,0.0,14.091250778472556,0.0,0.0,0.0,0.0,0.0,0.0,0.0,0.0,0.0,0.9108159787870136,142.45867007780714,0.0,0.0,-109.2723283017638,0.0,-281.83537056735753,0.0,-1000.0,0.0,0.0,68.48568340672408,-92.99240672448862,0.0,0.0,0.0,-224.41568926329137,0.0,0.0,0.0,0.0,404.23571548509034,-404.23571548509034,404.23571548509034,0.0,165.81085395813665,0.0,528.5644313675077,0.0,0.0,96.45597787766064,0.0,0.0,0.0,879.8626000002931,0.0,-879.8626000002931,0.0,1000.0,0.0,0.0,0.0,828.125,0.0,0.0,14.091250778472556,-0.04242931578196217,0.0,0.0,0.0,0.0,0.028286210521308114,0.0,0.0,0.0,1.3159510005423272,-109.22989898598185,0.0,-316.72707517869634,-118.19728452903882,0.0,1000.0,0.0,571.2724562566335,0.0,-21.98727777919725,0.0,0.0,0.0,-2.435442725884594,-64.09032152927932,-504.74669200146957,-1000.0,-1000.0,0.0,0.0,0.0,0.0,0.0,0.0,0.0,0.0,0.0,0.0,0.0,0.0,0.0,0.0,0.0,0.0,0.0,-678.1290090233197,0.0,-1000.0,452.7904226474974,0.0,0.0,0.0,0.0,0.0,231.14478252414006,0.0,0.0,0.0,466.65930953452823,899.9399746359915,0.0,0.0,-451.3842978440611,-697.4087249396396,-300.46980927126225,385.1809849441814,0.0,1000.0,-1000.0,0.0,0.0,0.0,696.7015696766068,-1.4143105260654056,-1000.0,0.0,1000.0,1000.0,-736.0228712707726,8.485863156392433,0.0,0.0,0.0,364.70494469944816,0.0,0.0,0.0,0.0,0.0,0.0,-124.41862929258656,0.0,0.0,-534.0395967291736,0.0,0.0,419.33453238152583,0.0,0.0,-40.30318184977898,0.0,0.0,0.0,0.0,0.0,0.0,0.0,-97.17137894786919,0.05657242104280158,0.0,0.0,0.0,0.0,0.0,0.0,0.0,0.0,0.0,0.0,0.0,0.0,0.0,0.0,0.0,0.0,0.0,0.0,0.0,0.031114831573404444,0.031114831573404444,0.0,224.31283341400774,0.0,16.971726312784867,0.0,0.0,0.0,1000.0,0.0,0.0,0.0,0.0,0.0,94.81701066751833,-1000.0,0.0,0.0,0.0,0.0,0.0,0.0,0.0,0.0,0.0,0.0,0.0,0.0,0.0,286.87716181937674,-1.3159510005423272,0.0,0.0,2.1780382101406985,0.0,0.0,0.0,0.0,0.0,-26.984631967720446,0.0,-2.3543682803508545,0.0,15.625000000005219,-15.625000000005219,0.0,0.0,0.0,0.0,0.0,0.0,0.0,0.0,0.0,0.0,0.0,0.0,0.0,0.0,16.971726312784867,68.48568340672408,68.48568340672408,0.0,0.0,0.0,0.0,0.0,0.0,0.0,0.0,0.0,0.0,0.28286210521308114,0.0,0.0,0.0,0.0,0.0,675.1503572646702,0.0,0.0,8.485863156392433,0.0,0.0,0.0,0.0,0.0,0.0,0.0,0.0,0.0,0.0,52.35145682649197,0.0,0.0,8.485863156392433,8.485863156392433,1000.0,-1000.0,0.0,0.0,0.0,0.0,0.0,0.0,0.0,1000.0,419.33453238152583,833.5428058906448,0.028286210521308114,0.0,0.0,0.0,2.2810808341826325,0.0,0.0,0.0,0.0,0.0,0.0,0.0,0.0,0.0,9.3693571257876,0.0,0.0,0.0,0.0,0.0,0.0,0.0,0.028286210521308114,0.0,0.0,0.0,-512.6304684124962,512.6304684124962,0.0,0.0,0.0,0.0,0.0,231.14478252414006,0.0,0.0,-321.87099097668033,-2.1214657890981083,-1.4143105260653783,0.0,0.0,0.0,0.0,0.0,0.0,0.0,0.0,0.0,0.0,0.0,0.0,68.48568340672408,0.0,0.0,0.0,265.39143925529277,0.0,0.0,0.0,-0.028286210521308114,0.0,0.0,0.028286210521308114,0.0,0.028286210521308114,28.108071377362798,0.0,0.0,16.971726312784867,34.5091768359959,34.5091768359959,0.0,0.0,0.0,0.0,0.0,0.0,0.0,0.0,0.0,419.33453238152583,0.0,0.0,0.0,0.0,0.0,0.0,0.0,0.0,0.0,0.0,0.0,0.0,0.0,0.0,0.0,0.0,0.0,0.0,0.0,-1000.0,1000.0,0.04242931578196217,0.0,0.0,0.0,-8.485863156392433,0.0,0.0,0.0,0.0,0.0,-224.31283341400774,1.4143105260654056,0.0,0.0,0.0,-828.125,-952.7961258084274,-1.4143105260653783,0.0,0.0,0.0,0.0,0.0,0.0,0.0,0.0,68.48568340672408,0.0,0.0,0.0,224.31283341400774,0.0,72.72692828593335,-21.98727777919725,0.0,229.73047199807468,0.0,-229.73047199807468,452.7904226474974,-127.50158356048452,0.0,1.4143105260653783,863.1560065388854,0.0,0.0,0.0,-40.30318184977898,0.0,0.0,0.0,0.0,0.0,-687.0240593605652,0.0,0.0,0.0,261.89661132869116,-157.07915209767847,34.5091768359959,0.0,0.0,0.0,0.0,0.0,0.0,0.0,0.0,0.0,0.9108159787870136,0.0,0.0,73.59807868362364,-2.2810808341826325,-352.6800854162727,0.0,8.485863156392433,0.0,0.0,0.0,0.0,-133.02088172546365,0.0,0.0,0.031114831573404444,0.0,0.0,0.0,17.254588417997947,0.0,0.0,0.0,0.0,-88.68551579147675,0.0,0.0,0.0,0.0,0.0,0.0,0.0,0.0,-120.83714023321605,0.0,0.0028286210521308863,0.0028286210521308863,0.0,0.0,0.0,0.0,0.0,28.108071377362798,0.0,0.0,0.0,0.0,0.0,0.0,0.0,0.0,0.0,224.31283341400774,0.0,0.0,0.0,0.0,0.0,0.0,0.0,0.0,0.0,0.0,0.0,0.0,0.0,0.0,190.19053514377728,0.0,0.0,0.0,16.971726312784867,0.0,0.0,0.0,0.0,0.0,0.0,-16.971726312784867,0.0,0.0,0.0,0.0,0.0,0.0,0.0,0.0,0.0,0.0,0.0,0.0,-833.5428058906448,-1000.0,19.376054207096065,0.0,-8.485863156392433,0.0,321.75784613459433,0.0,0.0,0.0,0.0,0.0,0.0,0.0,0.0,0.0,0.0,0.0,0.0,0.0,0.0,0.0,0.0,0.0,-3.5357763151634867,68.48568340672408,-902.0614404250896,154.95768630858035,0.0,0.0,0.0,0.0,0.0,-827.6631389046892,827.3095612731728,493.0936044972764,0.0,0.0,0.0,0.0,0.0,0.0,0.0,1000.0,8.485863156392433,8.485863156392433,0.0,0.0,0.0,0.0,675.9182740214245,0.031114831573404444,224.31283341400774,0.0,0.0,-349.86591751195715,0.0,0.0,0.0,0.0,0.0,0.0,0.0,0.0,0.0,0.0,0.0,0.0,0.0,0.0,246.65835471390668,0.0,0.0,8.768725261605514,0.0,29.700521047373517,2.1780382101406985,0.0,0.0,0.0,0.0,0.0,224.31283341400774,0.0,0.0,0.0,0.0,0.0,-3.5357763151634867,0.0,0.0,0.0,0.0,0.0,0.0,0.0,0.0,0.0,0.0,0.0,0.0,0.0,0.0,0.0,0.0,0.0,0.0,-0.028286210521308114,0.0,0.0,1.4143105260654056,-94.81701066751833,0.0,0.0,0.0,0.0,68.48568340672408,0.0,0.0,0.0,2.435442725884594,0.7071552630327028,0.0,0.0,534.7913619495495,0.028286210521308114,0.0,28.28621052130811,0.0,5.6572421042616226,0.2020443608664865,96.45597787766064,-0.021214657890981085,451.3842978440611,0.5657242104261623,27.96664032475553,-96.45597787766064,8.485863156392433,-0.028286210521308114,7.32909259306575,0.0,0.0070715526303270285,0.20204436086648653,-21.98727777919725,-4.5031647149930905,-0.5657242104261623,-80.96063615779543,-0.028286210521308114,0.0070715526303270285,-96.45597787766064,2.8286210521308113,0.028286210521308114,0.028286210521308114,-224.25343237191302,0.031114831573439,-170.58442035775653,-0.021214657890981085,8.485863156392433,0.028286210521308114,8.485863156392433,-14.143105260654057,-0.014143105260654057,132.17799422173186,65.62877614407196,-0.021214657890981085,-0.028286210521308114,0.0,0.028286210521308114,2.8286210521308113,-0.5657242104261623,0.0,0.0,-2.8286210521308113,80.96063615779543,0.0,5.6572421042616226,0.04242931578196217,144.79200836231794,2.8286210521308113,-286.87716181937674,0.0,-5.6572421042616226,0.014143105260654057,0.28286210521308114,79.18176879467408,229.97007551826937,-0.028286210521308114,-230.67723078130211,224.25343237191302,8.768725261605514,0.028286210521308114,4.5031647149930905,-33.943452625569755,0.0,-0.028286210521308114,-0.0070715526303270285,0.0,-0.028286210521308114,-97.17137894786919,0.028286210521308114,-0.0070715526303270285,-0.0070715526303270285,-0.0070715526303270285,11.314484208523245,14.143105260654057,0.28286210521308114,20.956546219975337,-0.0070715526303270285,151.03444499628242,1.4143105260654056,50.0,0.028286210521308114,0.014143105260654057,0.014143105260654057,2.8286210521308113,0.0,0.028286210521308114,0.0,0.28286210521308114,0.028286210521308114,-20.956546219975337,0.028286210521308114,0.1131448420860579,-27.96664032475553,0.014143105260654057,0.0070715526303270285,8.485863156392433,-0.028286210521308114,170.58442035775653,0.28286210521308114,-41.913092439950674,450.6771425810284,-2.8286210521308113,5.6572421042616226,1.4143105260654056,-0.028286210521308114,21.98727777919725,0.04242931578196217,-0.028286210521308114,-5.6572421042616226,0.0,171.3990470142535,0.014143105260654057,-100.0,-0.028286210521308114,-0.028286210521308114,-0.028286210521308114,0.014143105260654057,96.45597787766064,-5.6572421042616226,0.028286210521308114,158.36353758934817,-0.0070715526303270285,-0.031114831573439,-158.36353758934817,4.242931578196217,-65.62877614407196,-327.2613933106768,96.45597787766064,-0.021214657890981085,230.67723078130211,-229.97007551826937,0.028286210521308114,-0.0070715526303270285,468.0736200605936,28.286210521308114,-0.014143105260654057,-0.028286210521308114,0.0070715526303270285,1000.0,0.0,-310.6170054257152,0.0,524.6917155763817,0.0,59.06477436252546,-140.0,0.0,60.82005520760271,-223.95627973192597,-78.38417039019498,-165.81085395813665,-30.410027603801353,-262.34585778819087,111.97813986596299,0.0,70.0,-224.31283341400774,-38.378165288789866,165.81085395813665,78.38417039019498,-38.378165288789866,-59.06477436252546,45.0898029679822,0.0,1496.5981,hplb
390,0.0,0.0,0.0,0.0,0.0,0.0,0.0,0.0,-0.09388560387913537,0.0,0.0,0.0,0.0,0.0,0.0,0.0,-33.33819171770665,0.0,0.0,333.33819171770665,0.0,0.0,0.0,376.7749197340246,0.0,0.0,0.0,0.0,0.0,-398.9876453953318,0.0,0.0,26.934737683605455,0.0,0.0,0.0,0.0,149.97004209040324,0.0,-1000.0,599.2553660547989,0.0,0.0,698.9876453953318,0.0,0.0,0.0,0.0,0.0,0.0,0.0,266.66180828229335,0.0,0.10327416426730451,0.0,0.0,0.0,0.0,0.0,0.0,122.34658136725511,0.0,0.0,-269.49773927937895,0.0,0.0,0.0,0.0,185.53794451217743,-120.53451811068021,0.0,0.9388560387913538,0.0,0.0,0.0,0.0,0.0,0.0,0.0,584.9756915185599,0.0,0.0,-0.22566171488051623,0.0,56.33136232748123,0.0,0.0,-66.66909585885332,666.6690958588533,-700.0,-0.023471400969783843,0.0,0.0,0.0,28.165681163740615,0.0,95.50962701622109,0.0,297.02731439864795,0.0,0.0,932.8056545933348,-861.8463462562028,0.0,0.0,-33.86250629000535,117.92213641410572,0.0,0.0,0.0,0.0,0.0,0.0,0.0,0.0,0.0,0.0,0.0,0.0,0.0,0.0,0.0,0.0,0.0,-973.6624434434168,0.0,0.0,95.50962701622109,0.0,29.104537202531972,0.0,0.0,0.0,0.0,0.0,0.0,0.0,0.0,0.0,-391.84432064663406,0.0,0.0,0.0,0.0,0.0,7.454853213573983,0.09388560387913537,0.0,0.0,0.0,0.0,-117.92213641410572,0.0,0.0,0.0,0.0,301.864711840823,0.0,0.0,0.0,0.0,0.0,559.8621255596458,559.8621255596458,0.0,0.0,0.0,0.0,0.0,0.0,0.0,559.956011163525,0.0,0.0,0.0,0.0,-181.0818637327784,0.0,0.0,0.0,0.0,0.0,0.0,0.0,0.0,0.0,0.0,0.0,0.0,0.0,0.0,-820.8835794638999,0.0,0.0,0.0,0.0,0.0,0.0,-266.66180828229335,333.3309041411467,-333.3309041411467,326.84089424513684,0.0,0.0,0.0,0.0,0.0,0.0,462.858700860871,-705.5128212607189,0.0,0.0,0.0,0.0,0.0,0.0,0.0,0.0,0.0,0.0,0.0,0.0,0.0,18.83983217761139,4.898187404134632,698.9876453953318,0.0,0.0,0.0,0.0,-94.3841137563222,0.0,0.0,0.0,0.0,122.34658136725511,0.0,0.0,0.0,0.0,0.0,0.0,0.0,0.0,0.0,3.023116444908851,18.777120775827076,67.34394585248047,0.0,-998.9667989342822,-665.6286072165758,0.0,0.0,-698.9876453953318,0.0,0.0,391.84432064663406,-405.1283721055235,0.0,0.0,0.0,-371.50622809026606,0.0,0.0,-432.6202692520063,0.0,669.1067670504005,-432.6202692520063,0.0,669.1067670504005,1000.0,0.0,1000.0,0.0,0.0,29.48405433397309,0.0,0.0,0.0,0.0,0.0,0.0,0.0,559.7682399557667,65.00342640149721,0.0,267.55518791951727,0.0,0.0,0.0,122.34658136725511,-0.14082840581870307,0.0,0.0,0.0,0.0,0.09388560387913537,0.0,0.0,0.0,489.8940555139553,-33.33819171770665,0.0,-465.1850848577893,69.59230193352434,181.0818637327784,498.5386874453498,0.0,-572.0213622431805,0.0,-33.86250629000535,0.0,0.0,0.0,-8.08355049399381,814.4620554878226,-234.35714275064822,771.9781905742312,-1000.0,0.0,0.0,0.0,0.0,0.0,0.0,0.0,0.0,0.0,0.0,0.0,0.0,0.0,0.0,0.0,0.0,0.0,-161.57087103618903,0.0,-1000.0,0.0,688.083544457891,0.0,0.0,149.64905325677262,0.0,-10.477969658482834,0.0,297.25297611352846,0.0,0.0,928.1113743993781,0.0,0.0,-468.74996739364576,0.0,-1000.0,0.0,158.6061593427658,0.0,107.94017712739242,0.0,0.0,1000.0,-2.3471400969783844,-163.30043953672256,-151.56473905183066,0.0,0.0,1000.0,-316.85215655233793,95.50962701622109,0.0,0.0,0.0,567.8449564251206,0.0,0.0,0.0,-18.83983217761139,18.83983217761139,18.83983217761139,-297.75957091094233,0.0,0.0,0.0,0.0,0.0,462.858700860871,0.0,0.0,-147.15115791212384,0.0,-546.8750000000161,196.22630562567014,0.0,0.0,0.0,0.0,-90.61143961208646,0.18777120775826006,0.0,0.0,0.0,0.0,0.0,0.0,0.0,0.0,0.0,0.0,0.0,0.0,0.0,0.0,0.0,0.0,0.0,0.0,0.0,0.10327416426730451,0.10327416426730451,0.0,261.801046534969,0.0,56.33136232748123,0.0,0.0,0.0,99.60484833527062,0.0,0.0,0.0,0.0,0.0,155.81096946538855,-99.60484833527062,0.0,0.0,656.5515985673211,0.0,0.0,196.22630562567014,0.0,0.0,0.0,0.0,0.0,0.0,0.0,324.5541478144723,-489.8940555139553,0.0,0.0,7.229191498693467,0.0,0.0,0.0,-232.45678048881464,0.0,155.81096946538855,0.0,0.0,65.1995298533021,0.0,0.0,18.83983217761139,0.0,0.0,0.0,0.0,0.0,0.0,0.0,0.0,0.0,0.0,0.0,0.0,0.0,56.33136232748123,391.84432064663406,391.84432064663406,0.0,0.0,0.0,0.0,0.0,0.0,0.0,0.0,0.0,0.0,0.9388560387913538,0.0,0.0,0.0,0.0,0.0,-266.66180828229335,0.0,0.0,95.50962701622109,-656.5515985673211,0.0,0.0,0.0,0.0,0.0,0.0,0.0,0.0,0.0,0.0,0.0,0.0,28.165681163740615,28.165681163740615,1000.0,-99.60484833527062,0.0,196.22630562567014,0.0,0.0,0.0,0.0,0.0,1000.0,462.858700860871,909.8210972778842,0.09388560387913537,0.0,0.0,0.0,123.98935215152387,0.0,0.0,0.0,0.0,-65.00342640149721,0.0,0.0,0.0,0.0,0.0,0.0,0.0,0.0,0.0,0.0,0.0,0.0,0.09388560387913537,0.0,0.0,0.0,0.0,0.0,0.0,0.0,0.0,688.083544457891,0.0,989.5220303415172,0.0,-702.7470238864715,-838.429128963811,-7.041420290935093,0.0,-4.694280193956769,0.0,0.0,0.0,0.0,0.0,0.0,0.0,0.0,0.0,0.0,0.0,391.84432064663406,181.0818637327784,0.0,0.0,-312.15787635838115,0.0,0.0,0.0,-0.09388560387913537,0.0,0.0,0.09388560387913537,0.0,0.09388560387913537,0.0,0.0,0.0,56.33136232748123,114.54043673254517,114.54043673254517,0.0,0.0,0.0,0.0,0.0,0.0,0.22566171488051623,0.0,0.0,462.858700860871,0.0,0.0,0.0,0.0,0.0,0.0,0.0,0.0,0.0,0.0,0.0,0.0,0.0,0.0,0.0,0.0,0.0,232.45678048881464,0.0,0.0,0.0,0.14082840581870307,0.0,0.0,0.0,-95.50962701622109,0.0,0.0,0.0,0.0,0.0,-261.801046534969,4.694280193956769,0.0,0.0,0.0,0.0,0.0,0.0,-4.694280193956769,0.0,-546.8750000000161,0.0,0.0,0.0,0.0,0.0,391.84432064663406,0.0,656.5515985673211,324.3667327848362,242.96121435735753,0.0,306.2228792241729,-33.86250629000535,0.0,-10.477969658482834,1000.0,-989.5220303415172,0.0,-519.6688088380687,0.0,4.694280193956769,635.1042119633523,0.0,0.0,0.0,-147.15115791212384,0.0,0.0,0.0,0.0,0.0,0.0,0.0,0.0,0.0,268.84246682590407,-282.92530740777454,114.54043673254517,0.0,0.0,0.0,0.0,0.0,0.0,0.0,0.0,0.0,3.023116444908851,0.0,0.0,0.0,-123.98935215152387,0.0,0.0,28.165681163740615,0.0,0.0,0.0,0.0,4.505521703318607,0.0,0.0,0.10327416426730451,0.0,0.0,0.0,57.27021836627259,0.0,0.0,0.0,0.0,4.898187404134632,0.0,117.92213641410572,0.0,0.0,0.0,0.0,0.0,0.0,33.75631340284391,0.0,0.009388560387913539,0.009388560387913539,0.0,0.0,0.0,0.0,0.0,0.0,0.0,0.0,0.0,0.0,0.0,0.0,0.0,0.0,0.0,261.801046534969,0.0,0.0,0.0,0.0,0.0,0.0,0.0,0.0,0.0,0.0,0.0,0.0,1000.0,0.0,0.0,0.0,0.0,0.0,56.33136232748123,0.0,0.0,0.0,0.0,0.0,0.0,-56.33136232748123,0.0,0.0,0.0,0.0,0.0,0.0,0.0,0.0,0.0,0.0,0.0,0.0,-909.8210972778842,910.1318443180285,64.31163865720774,0.0,-95.50962701622109,0.0,838.0535865482942,0.0,0.0,0.0,0.0,0.0,0.0,0.0,0.0,0.0,0.0,0.0,0.0,0.0,0.0,0.0,0.0,0.0,-11.735700484891822,391.84432064663406,-935.1527946903132,275.8838871168394,0.0,0.0,0.0,0.0,0.0,0.0,-1.1735700484891922,147.15115791212384,0.0,0.0,0.0,0.0,0.0,0.0,0.0,1000.0,28.165681163740615,28.165681163740615,0.0,0.0,0.0,0.0,584.9756915185599,0.10327416426730451,261.801046534969,0.0,0.0,-838.0535865482942,0.0,0.0,0.0,0.0,0.0,0.0,0.0,0.0,0.0,0.0,0.0,0.0,0.0,0.0,0.0,0.0,0.0,0.0,0.0,98.57988407309216,7.454853213573983,0.0,0.0,0.0,0.0,0.0,261.801046534969,0.0,0.0,0.0,0.0,0.0,-11.735700484891822,0.0,0.0,0.0,0.0,0.0,0.0,0.0,0.0,0.0,0.0,0.0,0.0,0.0,0.0,0.0,0.0,0.0,0.0,-0.09388560387913537,0.0,0.0,4.694280193956769,-155.81096946538855,0.0,0.0,0.0,0.0,391.84432064663406,0.0,0.0,0.0,8.08355049399381,2.3471400969783844,0.0,0.0,0.0,0.09388560387913537,0.0,93.88560387913537,-29.104537202531972,18.777120775827076,0.6706114562795384,261.94083482278774,-0.07041420290935153,468.74996739364576,1.8777120775827076,-0.4694280193958775,-261.94083482278774,28.165681163740615,-0.09388560387913537,11.28750209666845,196.22630562567014,0.023471400969783843,0.6706114562795384,-33.86250629000535,-14.946588137559086,-1.8777120775827076,-300.0,-0.09388560387913537,0.023471400969783843,-261.94083482278774,9.388560387913538,0.09388560387913537,0.09388560387913537,-261.60388676682254,0.10327416426704891,-49.821164715681206,-0.07041420290935153,28.165681163740615,0.09388560387913537,95.50962701622109,20.401143912912783,-0.04694280193956769,-184.31853454513112,84.90166776452952,-0.07041420290935153,-0.09388560387913537,-29.104537202531972,0.09388560387913537,9.388560387913538,-1.8777120775827076,232.45678048881464,232.45678048881464,-9.388560387913538,300.0,-232.45678048881464,18.777120775827076,0.14082840581870307,-1000.0,9.388560387913538,-324.5541478144723,196.22630562567014,-18.777120775827076,0.04694280193956769,0.9388560387913538,116.29627121444733,261.7383351331846,-0.09388560387913537,-282.92530740777454,261.60388676682254,29.104537202531972,0.09388560387913537,14.946588137559086,16.21963511822711,196.22630562567014,-0.09388560387913537,-0.023471400969783843,-196.22630562567014,-0.09388560387913537,-208.53357602619218,0.09388560387913537,-0.023471400969783843,-0.023471400969783843,-0.023471400969783843,37.55424155165415,-20.401143912912783,0.9388560387913538,202.30138617933434,-0.023471400969783843,221.3050403322262,4.694280193956769,50.0,0.09388560387913537,0.04694280193956769,0.04694280193956769,75.0,29.104537202531972,0.09388560387913537,-29.104537202531972,0.9388560387913538,0.09388560387913537,-467.7891649900912,0.09388560387913537,0.3755424155167475,0.4694280193958775,0.04694280193956769,0.023471400969783843,28.165681163740615,-0.09388560387913537,49.821164715681206,0.9388560387913538,-404.6027723586687,466.4028272966674,-9.388560387913538,18.777120775827076,4.694280193956769,-0.09388560387913537,33.86250629000535,0.14082840581870307,-0.09388560387913537,-150.0,29.104537202531972,321.89441909260796,0.04694280193956769,-100.0,-0.09388560387913537,-0.09388560387913537,-0.09388560387913537,0.04694280193956769,261.94083482278774,-18.777120775827076,0.09388560387913537,232.59254242889466,-0.023471400969783843,-0.10327416426704891,-232.59254242889466,14.082840581870306,-84.90166776452952,143.25573454543988,261.94083482278774,-0.07041420290935153,282.92530740777454,-261.7383351331846,0.09388560387913537,-0.023471400969783847,4.694280193956769,93.88560387913537,-0.04694280193956769,-0.09388560387913537,0.023471400969783843,1000.0,0.0,699.9530571980604,265.4877788107568,-255.0,0.0,710.4046076617051,-62.87211581933995,0.0,-80.0,-255.0,-325.0,-300.0,40.0,127.5,127.5,0.0,31.436057909669977,-261.801046534969,-326.39994079592657,300.0,325.0,-326.39994079592657,-710.4046076617051,342.3982060777822,0.0,1496.5981,hplb
391,0.0,0.0,0.0,0.0,0.0,0.0,0.0,0.0,-0.1492245748187661,0.0,0.0,0.0,0.0,0.0,0.0,0.0,0.0,187.78130098053748,0.0,0.0,0.0,0.0,0.0,443.0819063517439,0.0,0.0,0.0,0.0,0.0,-658.1659238725127,0.0,0.0,136.70213689650572,0.0,0.0,0.0,0.0,76.08236398199904,0.0,-1000.0,959.0925235076987,0.0,0.0,853.4020103743711,0.0,0.0,0.0,0.0,-220.74904612865862,0.0,0.0,0.0,0.0,0.16414703230020677,0.0,0.0,0.0,0.0,0.0,0.0,-13.141710889038803,0.0,0.0,-13.141710889038803,0.0,0.0,0.0,0.0,298.89257970208155,-298.89257970208155,0.0,1.492245748187661,0.0,0.0,0.0,0.0,0.0,0.0,0.0,0.0,0.0,0.0,0.0,0.0,89.53474489125966,0.0,0.0,409.5236338917415,-790.405078964329,1000.0,-0.03730614370469153,0.0,0.0,984.8019101109385,44.76737244562983,0.0,44.76737244562983,-4.805031309162999,0.0,0.0,0.0,7.461228740938306,-1000.0,0.0,0.0,0.0,323.86175306079804,0.0,0.0,0.0,0.0,0.0,0.0,0.0,0.0,0.0,0.0,0.0,0.0,0.0,0.0,0.0,0.0,0.0,-1000.0,0.0,0.0,44.76737244562983,0.0,46.259618193817495,46.259618193817495,0.0,0.0,0.0,0.0,0.0,0.0,-15.625000000000014,15.625000000000014,0.0,0.0,0.0,0.0,0.0,0.0,11.490292261045,0.1492245748187661,0.0,0.0,0.0,-903.008510074149,0.0,0.0,0.0,0.0,0.0,822.0869118087438,0.0,0.0,0.0,0.0,0.0,214.58320703965288,214.58320703965288,0.0,0.0,0.0,0.0,-814.2335852636824,0.0,0.0,214.73243161447164,0.0,0.0,0.0,-1000.0,-968.7039478775469,0.0,0.0,0.0,0.0,0.0,0.0,0.0,0.0,0.0,-97.41152987609496,0.0,0.0,0.0,0.0,-1000.0,0.0,0.0,0.0,0.0,0.0,0.0,0.0,-188.77458776308288,188.77458776308288,0.0,0.0,0.0,0.0,0.0,0.0,0.0,341.83407612748726,805.1136801016795,0.0,0.0,0.0,0.0,0.0,0.0,0.0,0.0,0.0,0.0,0.0,0.0,0.0,0.0,538.8365869408573,878.9149700011714,0.0,0.0,0.0,0.0,154.92831794330462,0.0,0.0,0.0,0.0,-13.141710889038803,25.51295962680024,0.0,0.0,0.0,0.0,0.0,0.0,0.0,0.0,0.0,29.844914963753222,0.0,0.0,999.7761631377718,398.14567193652545,0.0,0.0,-878.9149700011714,0.0,0.0,0.0,0.0,0.0,0.0,0.0,-185.956388129228,0.0,0.0,263.32980728791074,0.0,310.6175345324591,-47.28772724454831,310.6175345324591,0.0,-979.1796667274119,0.0,-189.76787454562827,0.0,0.0,353.9274821886878,0.0,0.0,0.0,-643.922743910399,0.0,643.922743910399,0.0,954.1125340299267,0.0,0.0,-515.1317442688386,0.0,0.0,0.0,-13.141710889038803,-0.22383686222814916,0.0,0.0,0.0,0.0,0.1492245748187661,0.0,0.0,0.0,800.3043096110656,0.0,0.0,-938.269750748143,749.5106283011195,968.7039478775469,1000.0,0.0,1000.0,0.0,0.0,0.0,0.0,0.0,333.1124333059104,-488.1878717285389,-844.9245615773715,-1000.0,526.5828972032959,0.0,0.0,0.0,0.0,0.0,0.0,0.0,0.0,0.0,0.0,0.0,0.0,0.0,0.0,0.0,0.0,0.0,0.0,0.0,-1000.0,0.0,923.3207377187259,0.0,0.0,0.0,0.0,-11.490292261045,0.0,0.0,0.0,0.0,0.0,0.0,-295.6605236287919,0.0,0.0,189.29529202645733,422.618455794262,-7.461228740938306,0.0,298.0330023860972,295.6605236287919,-7.461228740938306,-804.8021842597709,-3.730614370469153,0.0,0.0,0.0,0.0,-406.3574402432695,244.8381024952893,44.76737244562983,0.0,0.0,0.0,399.95215924615286,0.0,0.0,0.0,0.0,0.0,0.0,-174.79707420990607,0.0,0.0,-739.6785515650926,0.0,0.0,341.83407612748726,0.0,0.0,-26.283421778077606,0.0,-515.6250000000057,3.8598959533285475,0.0,0.0,0.0,0.0,-85.0775425181234,0.29844914963765135,0.0,0.0,0.0,0.0,0.0,0.0,0.0,0.0,0.0,0.0,0.0,0.0,0.0,0.0,0.0,0.0,0.0,0.0,0.0,0.16414703230020677,0.16414703230020677,0.0,250.1550850362468,0.0,89.53474489125966,0.0,0.0,0.0,66.65450967179964,0.0,0.0,0.0,0.0,0.0,616.7579898718046,-66.65450967179959,0.0,0.0,0.0,0.0,0.0,3.8598959533285475,0.0,0.0,0.0,0.0,0.0,0.0,0.0,333.3333333333333,-800.3043096110656,579.1467570133508,0.0,11.490292261045,0.0,0.0,984.8019101109385,829.8735921676339,0.0,616.7579898718046,0.0,0.0,531.6804473536812,0.0,0.0,0.0,0.0,0.0,0.0,0.0,0.0,0.0,0.0,0.0,0.0,0.0,0.0,0.0,0.0,89.53474489125966,0.0,0.0,0.0,0.0,0.0,0.0,0.0,0.0,0.0,0.0,0.0,0.0,1.492245748187661,0.0,0.0,0.0,0.0,0.0,0.0,0.0,0.0,44.76737244562983,0.0,0.0,0.0,0.0,0.0,0.0,0.0,0.0,0.0,0.0,488.1477279470113,0.0,0.0,44.76737244562983,44.76737244562983,50.535090095572286,-66.65450967179964,0.0,3.8598959533285475,0.0,0.0,0.0,0.0,0.0,1000.0,341.83407612748726,845.9876191869753,0.1492245748187661,0.0,0.0,12.033896069313354,0.0,0.0,0.0,-984.8019101109385,0.0,0.0,0.0,0.0,0.0,0.0,0.0,0.0,0.0,0.0,0.0,0.0,0.0,0.0,0.1492245748187661,0.0,0.0,0.0,0.0,0.0,0.0,0.0,0.0,923.3207377187259,0.0,0.0,0.0,-11.490292261045,-1000.0,-11.191843111407458,-0.7999975150619587,-6.661231225876347,0.0,-703.125,-703.125,703.125,0.0,0.0,0.0,0.0,0.0,0.0,0.0,0.0,968.7039478775469,0.0,0.0,252.2993312362276,0.0,0.0,0.0,-0.1492245748187661,0.0,0.0,0.1492245748187661,0.0,0.1492245748187661,0.0,0.0,0.0,89.53474489125966,182.05398127889464,182.05398127889464,0.0,0.0,0.0,0.0,0.0,0.0,0.0,579.1467570133508,0.0,341.83407612748726,0.0,0.0,0.0,345.9606691978057,0.0,0.0,0.0,0.0,0.0,0.0,0.0,0.0,0.0,0.0,0.0,0.0,0.0,154.92831794330462,0.0,-895.712269039396,895.712269039396,0.22383686222814916,0.0,0.0,0.0,-44.76737244562983,0.0,0.0,0.0,0.0,0.0,-250.1550850362468,7.461228740938306,0.0,0.0,0.0,0.0,814.2335852636824,765.5767394830463,-6.661231225876347,0.0,-515.6250000000057,0.0,0.0,0.0,0.0,0.0,0.0,0.0,0.0,-662.9206940429647,250.1550850362468,0.0,874.3018420495976,0.0,0.0,754.0864472220012,11.490292261045,-765.5767394830463,0.0,-182.05398127889464,0.0,7.461228740938306,327.50453112174813,0.0,0.0,0.0,-26.283421778077606,0.0,0.0,0.0,0.0,0.0,0.0,0.0,0.0,0.0,75.02784365328023,0.0,182.05398127889464,0.0,0.0,0.0,0.0,0.0,0.0,0.0,0.0,0.0,0.0,0.0,0.0,283.73061437046897,-12.033896069313354,892.1595402393131,0.0,44.76737244562983,0.0,0.0,0.0,0.0,256.7209988886693,0.0,0.0,0.16414703230020677,0.0,0.0,0.0,91.02699063944732,0.0,0.0,0.0,0.0,538.8365869408573,0.0,323.86175306079804,0.0,0.0,0.0,0.0,0.0,0.0,-1000.0,0.0,0.014922457481876705,0.014922457481876705,0.0,0.0,0.0,0.0,0.0,0.0,0.0,0.0,0.0,12.033896069313354,0.0,0.0,0.0,0.0,0.0,250.1550850362468,0.0,0.0,0.0,0.0,0.0,0.0,0.0,0.0,0.0,0.0,0.0,0.0,0.0,-410.5169206742869,187.78130098053748,0.0,0.0,0.0,89.53474489125966,0.0,0.0,0.0,0.0,0.0,0.0,-89.53474489125966,0.0,0.0,0.0,0.0,0.0,0.0,0.0,0.0,0.0,0.0,0.0,0.0,680.5952780163207,-1000.0,448.17950294866046,-44.76737244562983,0.0,0.0,999.403101700725,0.0,0.0,0.0,0.0,0.0,0.0,0.0,0.0,0.0,0.0,0.0,0.0,0.0,0.0,0.0,0.0,0.0,-18.653071852345764,0.0,-11.191843111407458,334.76882608639824,0.0,0.0,0.0,0.0,0.0,0.0,-1.8653071852345766,26.283421778077606,0.0,0.0,0.0,0.0,0.0,0.0,0.0,1000.0,44.76737244562983,44.76737244562983,0.0,0.0,0.0,0.0,0.0,0.16414703230020677,250.1550850362468,0.0,0.0,-999.403101700725,0.0,0.0,0.0,0.0,0.0,0.0,0.0,0.0,0.0,0.0,0.0,0.0,0.0,0.0,447.856134519698,0.0,0.0,46.259618193817495,0.0,156.68580355970442,11.490292261045,0.0,0.0,0.0,0.0,0.0,250.1550850362468,0.0,-771.1817683072712,0.0,0.0,0.0,-18.653071852345764,0.0,0.0,0.0,0.0,0.0,0.0,0.0,0.0,0.0,0.0,0.0,0.0,0.0,0.0,0.0,0.0,0.0,0.0,-0.1492245748187661,0.0,0.0,7.461228740938306,-616.7579898718046,0.0,0.0,0.0,0.0,0.0,0.0,0.0,0.0,-333.1124333059104,3.730614370469153,0.0,0.0,0.0,0.1492245748187661,0.0,149.2245748187661,0.0,29.844914963753222,1.0658898201340437,508.8558001319924,-0.11191843111407458,7.461228740938306,2.9844914963753224,-0.746122874093806,-508.8558001319924,44.76737244562983,-0.1492245748187661,0.0,3.8598959533285475,0.03730614370469153,1.0658898201340437,0.0,-23.756552311146375,-2.9844914963753224,-187.78130098053748,-0.1492245748187661,0.03730614370469153,-508.8558001319924,14.922457481876611,0.1492245748187661,0.1492245748187661,-249.84171342912782,0.16414703230064281,-221.7796794146292,-0.11191843111407458,44.76737244562983,0.1492245748187661,44.76737244562983,-74.61228740938306,-0.07461228740938305,-600.3072323941146,-170.0,-0.11191843111407458,-0.1492245748187661,0.0,0.1492245748187661,14.922457481876611,-2.9844914963753224,154.92831794330462,154.92831794330462,-14.922457481876611,187.78130098053748,-154.92831794330462,29.844914963753222,0.22383686222814916,-57.408126385100246,14.922457481876611,-333.3333333333333,3.8598959533285475,-29.844914963753222,0.07461228740938305,1.492245748187661,234.56743768703575,280.0,-0.1492245748187661,-283.73061437046897,249.84171342912782,46.25961819381749,0.1492245748187661,23.756552311146375,-175.20959382919068,3.8598959533285475,-0.1492245748187661,-0.03730614370469153,-3.8598959533285475,-0.1492245748187661,-408.9392955789214,0.14922457481870927,-0.03730614370469153,-0.03730614370469153,-0.03730614370469153,59.689829927506445,74.61228740938306,1.492245748187661,110.55675686885183,-0.03730614370469153,469.1348753740715,7.461228740938306,50.0,0.1492245748187661,0.07461228740938305,0.07461228740938305,16.852405458540886,0.0,0.1492245748187661,0.0,1.492245748187661,0.1492245748187661,-110.55675686885183,0.1492245748187661,0.5968982992750043,0.746122874093806,0.07461228740938305,0.03730614370469153,44.76737244562983,-0.1492245748187661,221.7796794146292,1.4922457481876612,-221.11351373770367,3.730614370469153,-14.922457481876611,29.844914963753222,7.461228740938306,-0.1492245748187661,0.0,0.22383686222814916,-0.1492245748187661,-33.70481091708177,0.0,108.37740716007598,0.07461228740938305,-100.0,-0.1492245748187661,-0.14922457481870927,-0.1492245748187661,0.07461228740938305,508.8558001319924,-29.844914963753222,0.1492245748187661,469.1348753740715,-0.03730614370469153,-0.16414703230064281,-469.1348753740715,22.383686222814912,170.0,-432.055390037105,508.8558001319924,-0.11191843111407458,283.73061437046897,-280.0,0.1492245748187661,-0.03730614370469153,7.461228740938306,149.2245748187661,-0.07461228740938305,-0.1492245748187661,0.03730614370469153,449.52474487474575,0.0,36.51318082510278,0.0,-255.0,0.0,401.47358313163625,-140.0,0.0,-80.0,-255.0,-325.0,-20.820333272588083,40.0,127.5,127.5,0.0,70.0,-250.1550850362468,-365.0984060487453,20.820333272588083,325.0,-365.0984060487453,-401.47358313163625,280.8803597394752,0.0,1496.5981,hplb
392,0.0,0.0,0.0,0.0,0.0,0.0,0.0,0.0,-0.03745970261661245,0.0,0.0,0.0,0.0,0.0,0.0,0.0,-505.38969328437173,546.0230938278912,0.0,259.3665994564805,0.0,0.0,0.0,984.9411995481219,0.0,0.0,0.0,0.0,0.0,375.91856486382983,0.0,0.0,0.0,0.0,0.0,0.0,0.0,999.8501611895338,0.0,-1000.0,1000.0,0.0,-589.6721828513871,0.0,0.0,0.0,0.0,0.0,-460.2010544308452,-544.9804099724674,0.0,1000.0,0.0,0.041205672878124947,0.0,0.0,0.0,7.49194052332249,0.0,0.0,-80.07764778761984,0.0,391.0621478010895,310.9845000134697,0.0,0.0,0.0,0.0,462.48192225234675,559.9938993176207,0.0,0.37459702616612456,0.0,0.0,0.0,0.0,0.0,0.0,0.0,0.0,0.0,0.0,0.0,0.0,22.47582156996747,0.0,76.77869664384988,819.9679879659126,-182.44945724710422,928.0722169964085,-0.009364925654153113,0.0,0.0,243.8209203064992,11.237910784983734,0.0,11.237910784983734,-1.2062024242554799,0.0,0.0,0.0,999.0635074345847,375.91856486382983,0.0,0.0,0.0,0.0,0.0,0.0,0.0,0.0,0.0,0.0,0.0,0.0,0.0,0.0,0.0,0.0,0.0,0.0,0.0,0.0,0.0,-589.8327977153364,0.0,0.0,11.237910784983734,0.0,11.61250781114986,0.0,0.0,-1000.0,1000.0,0.0,0.0,0.0,0.0,0.0,0.0,0.0,0.0,0.0,0.0,0.0,79.66309374532906,0.03745970261661245,0.0,0.0,0.0,0.0,0.0,0.0,0.0,0.0,0.0,202.2821166717791,0.0,0.0,0.0,0.0,0.0,161.9258341629381,161.9258341629381,0.0,0.0,0.0,0.0,1000.0,0.0,0.0,161.9632938655547,0.0,0.0,0.0,307.40476727228474,0.0,0.0,0.0,0.0,0.0,0.0,0.0,0.0,0.0,0.0,-78.43176262705893,0.0,0.0,0.0,0.0,-1000.0,0.0,0.0,0.0,0.0,0.0,544.9804099724674,-410.3278171486129,-445.62275974930435,445.62275974930435,0.0,0.0,0.0,0.0,0.0,0.0,0.0,0.0,-417.1648381019925,0.0,0.0,0.0,0.0,0.0,0.0,0.0,0.0,0.0,0.0,0.0,0.0,0.0,352.1810181882784,-85.01611895335502,1000.0,0.0,0.0,0.0,0.0,0.0,0.0,0.0,0.0,0.0,-80.07764778761984,1000.0,0.0,0.0,0.0,0.0,0.0,0.0,0.0,0.0,0.0,0.0,0.0,0.0,43.66176976578754,-282.83711058339935,-496.18364336284986,0.0,-1000.0,0.0,0.0,0.0,0.0,0.0,0.0,0.0,230.32554296893113,0.0,0.0,-1000.0,-296.6171117398078,0.0,-1000.0,296.6171117398078,0.0,-628.0722169964085,0.0,1000.0,544.9804099724674,0.0,104.51257030034873,0.0,0.0,0.0,0.0,0.0,0.0,0.0,0.0,0.0,0.0,361.30226046043344,0.0,0.0,0.0,-80.07764778761984,-0.05618955392491867,0.0,0.0,0.0,0.0,0.03745970261661245,0.0,0.0,0.0,988.7620892150163,-505.38969328437173,0.0,-657.2306454232277,615.198699858491,0.0,1000.0,0.0,173.55403303253675,0.0,0.0,0.0,0.0,0.0,-3.2252803952901825,-170.32875263724657,0.0,-1000.0,-1000.0,0.0,0.0,0.0,0.0,0.0,0.0,0.0,0.0,0.0,0.0,0.0,0.0,0.0,0.0,0.0,0.0,0.0,0.0,0.0,-1000.0,0.0,0.0,0.0,523.4064331316672,0.0,0.0,847.1095449778134,0.0,0.0,0.0,869.1501605195242,997.190522303754,-39.094750972028095,0.0,-112.25542103891536,0.0,-253.05841864307206,0.0,0.0,0.0,-919.5896500927929,0.0,-1000.0,1000.0,-0.9364925654153112,-1.8729851308306225,-744.132103660682,0.0,1000.0,1000.0,-1.8729851308306225,11.237910784983734,0.0,0.0,0.0,0.0,0.0,0.0,0.0,-352.1810181882784,352.1810181882784,352.1810181882784,225.22004060775254,0.0,0.0,-68.44771547122818,0.0,0.0,0.0,0.0,0.0,-6.59790228753991,0.0,0.0,11.237910784983734,0.0,0.0,0.0,0.0,-96.25402973833876,0.07491940523323137,0.0,0.0,0.0,0.0,0.0,0.0,0.0,0.0,0.0,950.5291113086752,0.0,0.0,0.0,0.0,0.0,0.0,0.0,0.0,0.0,0.041205672878124947,0.041205672878124947,0.0,321.08184590621534,0.0,22.47582156996747,0.0,0.0,0.0,1000.0,0.0,912.2784994242572,76.77869664384988,0.0,0.0,775.6437733304745,-1000.0,0.0,0.0,0.0,0.0,0.0,11.237910784983734,0.0,0.0,0.0,0.0,0.0,0.0,0.0,196.6109325717788,-988.7620892150163,0.0,350.0839581903741,79.66309374532906,0.0,-513.4119500644183,757.2328703709175,757.2328703709175,0.0,775.6437733304745,0.0,0.0,679.3897435921357,46.87500000001566,-46.87500000001566,352.1810181882784,0.0,0.0,0.0,0.0,0.0,0.0,0.0,0.0,0.0,0.0,0.0,0.0,0.0,22.47582156996747,0.0,0.0,0.0,0.0,0.0,0.0,0.0,0.0,0.0,0.0,0.0,0.0,0.37459702616612456,0.0,0.0,76.77869664384988,-76.77869664384988,0.0,-410.3278171486129,0.0,0.0,11.237910784983734,0.0,0.0,0.0,0.0,350.0839581903741,0.0,0.0,0.0,0.0,0.0,988.7620892150163,0.0,0.0,11.237910784983736,11.237910784983734,729.9904347515934,-1000.0,0.0,11.237910784983734,0.0,0.0,0.0,0.0,0.0,0.0,0.0,315.123113286244,0.03745970261661245,0.0,0.0,0.0,49.47088869132483,22.28801886892495,0.0,-243.8209203064992,0.0,0.0,0.0,0.0,0.0,0.0,0.0,0.0,0.0,0.0,0.0,0.0,0.0,0.0,0.03745970261661245,0.0,0.0,0.0,-1000.0,1000.0,0.0,0.0,0.0,0.0,0.0,847.1095449778132,0.0,0.0,-1000.0,-2.809477696245949,-1.872985130830621,0.0,0.0,0.0,0.0,0.0,0.0,0.0,0.0,0.0,0.0,0.0,0.0,0.0,0.0,0.0,0.0,1000.0,0.0,0.0,0.0,-0.03745970261661245,0.0,0.0,0.03745970261661245,0.0,0.03745970261661245,0.0,71.9467102612923,0.0,22.47582156996747,45.70083719226719,45.70083719226719,0.0,0.0,0.0,0.0,0.0,0.0,0.0,0.0,0.0,0.0,0.0,0.0,0.0,0.0,0.0,0.0,0.0,0.0,0.0,0.0,0.0,0.0,0.0,0.0,0.0,0.0,0.0,0.0,0.0,-734.1519193178317,734.1519193178317,0.05618955392491867,0.0,0.0,0.0,-11.237910784983734,0.0,0.0,0.0,0.0,0.0,-321.08184590621534,1.8729851308306225,0.0,0.0,0.0,0.0,-1000.0,-941.3076285186327,0.0,0.0,0.0,0.0,0.0,0.0,0.0,0.0,0.0,0.0,0.0,0.0,-31.09917228206308,0.0,317.5080594766775,22.28801886892495,0.0,-94.19808354081938,0.0,94.19808354081938,0.0,-45.70083719226719,0.0,1.8729851308306225,427.5464649760504,0.0,0.0,0.0,-160.15529557523968,0.0,0.0,-765.6250000000007,765.6250000000007,0.0,-926.7726387231423,0.0,0.0,0.0,402.3230862295202,-329.51027899495307,45.70083719226719,0.0,0.0,0.0,0.0,0.0,0.0,0.0,0.0,0.0,0.0,0.0,0.0,0.0,-1000.0,-613.746207594397,-589.6721828513871,11.237910784983734,76.77869664384988,0.0,0.0,0.0,20.967512401111378,0.0,0.0,0.041205672878124947,0.0,0.0,0.0,22.850418596133593,0.0,0.0,0.0,0.0,-85.01611895335502,0.0,0.0,0.0,0.0,0.0,0.0,0.0,0.0,0.0,0.0,138.73263922613774,0.0037459702616613466,0.0,0.0,0.0,0.0,0.0,0.0,0.0,0.0,0.0,0.0,0.0,0.0,0.0,0.0,0.0,321.08184590621534,0.0,0.0,0.0,0.0,0.0,0.0,0.0,544.9804099724674,0.0,0.0,0.0,153.55739328769977,-1000.0,378.0583413082789,546.0230938278912,0.0,0.0,0.0,22.47582156996747,0.0,0.0,0.0,0.0,0.0,0.0,-22.47582156996747,0.0,153.55739328769977,0.0,0.0,0.0,0.0,0.0,0.0,0.0,0.0,0.0,0.0,-315.123113286244,-624.0814351361702,25.659896292379525,0.0,-11.237910784983734,0.0,999.8501611895338,0.0,0.0,0.0,0.0,0.0,0.0,0.0,0.0,0.0,0.0,0.0,0.0,0.0,0.0,0.0,0.0,0.0,-4.68246282707657,0.0,-1000.0,326.70080129870723,0.0,0.0,0.0,0.0,0.0,0.0,-0.4682462827076556,6.59790228753991,0.0,0.0,0.0,0.0,0.0,0.0,0.0,1000.0,11.237910784983734,11.237910784983736,0.0,0.0,0.0,0.0,0.0,0.041205672878124947,321.08184590621534,0.0,0.0,-999.8501611895338,138.72889325587607,0.0,0.0,0.0,0.0,0.0,0.0,0.0,0.0,0.0,0.0,0.0,0.0,0.0,403.049314789562,0.0,0.0,0.0,0.0,39.33268774744307,79.66309374532906,0.0,0.0,0.0,0.0,0.0,321.08184590621534,0.0,938.2284409635465,0.0,0.0,0.0,-4.68246282707657,0.0,0.0,0.0,0.0,0.0,0.0,0.0,0.0,0.0,0.0,0.0,0.0,0.0,0.0,0.0,0.0,0.0,0.0,-0.03745970261661245,0.0,0.0,1.8729851308306225,-775.6437733304745,0.0,0.0,0.0,0.0,0.0,0.0,0.0,0.0,3.2252803952901825,0.9364925654153112,0.0,0.0,0.0,0.03745970261661245,0.0,37.45970261661245,-11.61250781114986,7.491940523322491,0.2675693044043734,104.51257030034873,-0.028094776962459336,762.1714628485412,0.749194052332249,-0.18729851308285106,-104.51257030034873,11.237910784983736,-0.03745970261661245,0.0,11.237910784983734,0.009364925654153113,0.2675693044043734,0.0,-82.7422813004152,-0.749194052332249,-300.0,-0.03745970261661245,0.009364925654153113,-104.51257030034873,3.745970261661245,0.03745970261661245,0.03745970261661245,-321.0031805307206,-76.7374909709716,-73.96601086941382,-0.028094776962459336,11.237910784983734,0.03745970261661245,11.237910784983734,-18.729851308306223,-0.018729851308306227,-128.31610580236529,-3.7834299642778575,-0.028094776962459336,-0.03745970261661245,-11.61250781114986,0.03745970261661245,3.745970261661245,-0.749194052332249,0.0,0.0,-3.745970261661245,300.0,0.0,7.49194052332249,0.05618955392491867,-653.4951147406703,3.745970261661245,-196.6109325717788,11.237910784983734,-7.49194052332249,0.018729851308306227,0.37459702616612456,164.3076613558069,-23.60723175874059,-0.03745970261661245,-329.51027899495307,321.0031805307206,11.61250781114986,0.03745970261661245,82.7422813004152,-33.713732354951176,11.237910784983734,-0.03745970261661245,-0.009364925654153113,-11.237910784983734,-0.03745970261661245,-96.25402973833876,0.03745970261661245,-0.009364925654153113,-0.009364925654153113,-0.009364925654153113,14.98388104664498,18.729851308306223,0.37459702616612456,217.2352393722448,-0.009364925654153113,328.6153227116138,1.8729851308306225,50.0,0.03745970261661245,0.018729851308306227,0.018729851308306227,9.364925654153112,11.61250781114986,0.03745970261661245,-11.61250781114986,0.37459702616612456,0.03745970261661245,-596.1998037645691,0.03745970261661245,0.14983881046623537,0.18729851308285106,0.018729851308306227,0.009364925654153113,11.237910784983734,-0.03745970261661245,73.96601086941382,0.3745970261661245,-434.4704787444896,761.234970283126,-3.745970261661245,7.49194052332249,1.8729851308306225,-0.03745970261661245,0.0,0.05618955392491867,-0.03745970261661245,-18.729851308306223,11.61250781114986,183.85672566320034,0.018729851308306227,-100.0,-0.03745970261661245,-0.03745970261661245,-0.03745970261661245,0.018729851308306227,104.51257030034873,-7.49194052332249,0.03745970261661245,328.6153227116138,-0.009364925654153113,76.7374909709716,-328.6153227116138,5.618955392491867,3.7834299642778575,543.7593629057023,104.51257030034873,-0.028094776962459336,329.51027899495307,23.60723175874059,0.03745970261661245,-0.009364925654153113,871.0231456503549,37.45970261661245,-0.018729851308306227,-0.03745970261661245,0.009364925654153113,0.0,0.0,353.47638488936195,378.9645643923243,425.6625445984749,0.0,85.80702822116065,21.46015944109801,0.0,-80.0,-255.0,-325.0,-300.0,40.0,-212.83127229923744,127.5,0.0,-10.730079720549005,-321.08184590621534,-204.82423806431171,300.0,325.0,-204.82423806431171,-85.80702822116065,57.88739515722529,0.0,1496.5981,hplb
393,0.0,0.0,0.0,0.0,0.0,0.0,0.0,0.0,131.4060569968695,0.0,0.0,0.0,0.0,0.0,0.0,0.0,-988.1222365531012,1000.0,0.0,288.1222365531012,0.0,0.0,0.0,0.0,0.0,437.39586517763655,0.0,0.0,0.0,438.8160347972693,0.0,0.0,0.0,0.0,0.0,0.0,0.0,209.9685714840465,0.0,-1000.0,836.210337462627,0.0,-584.5395047580434,0.0,0.0,0.0,0.0,0.0,0.0,-315.4215898611747,0.0,-410.12513131002856,0.0,0.04008924338188979,0.0,0.0,0.0,0.0,0.0,0.0,175.4023288218939,0.0,800.8140431409806,440.38067813220556,0.0,0.0,0.0,0.0,0.0,746.7517700849862,0.0,0.36444766710776133,0.0,0.0,0.0,0.0,0.0,0.0,0.0,0.0,0.0,0.0,0.0,0.0,21.86686002646568,0.0,0.0,385.36554746728217,135.53963819277936,1000.0,-0.009111191677694032,0.0,0.0,-574.8873646956362,10.93343001323284,0.0,10.93343001323284,-55.415884495750625,0.0,0.0,0.0,999.0888808322306,0.0,0.0,0.0,-48.177761664461194,0.0,0.0,0.0,0.0,0.0,0.0,0.0,0.0,0.0,0.0,0.0,0.0,0.0,0.0,0.0,0.0,0.0,0.0,-1000.0,0.0,0.0,10.93343001323284,0.0,11.2978776803406,11.2978776803406,0.0,-671.8750000000002,671.8750000000002,0.0,0.0,-535.835693830669,0.0,0.0,0.0,0.0,0.0,0.0,0.0,0.0,2.8062470367297605,0.03644476671077613,0.0,0.0,0.0,848.5696020910858,-848.5696020910858,0.0,0.0,0.0,0.0,-23.189423557600282,0.0,0.0,0.0,0.0,0.0,618.7869743997093,618.7869743997093,0.0,0.0,0.0,0.0,-839.8650538501727,0.0,0.0,618.8234191664201,0.0,0.0,0.0,-718.7391575308978,-834.5411830282404,0.0,0.0,0.0,0.0,0.0,0.0,0.0,0.0,0.0,-339.547278408466,0.0,0.0,0.0,0.0,-1000.0,0.0,0.0,0.0,0.0,0.0,315.4215898611747,994.664636068072,-946.1320245403548,946.1320245403548,226.47978892331935,0.0,0.0,0.0,0.0,0.0,0.0,438.8160347972693,-686.8445491810022,0.0,0.0,0.0,0.0,0.0,0.0,0.0,0.0,0.0,0.0,0.0,0.0,0.0,0.0,-85.42209331568955,-445.3584343122402,0.0,0.0,0.0,0.0,-226.47978892331935,0.0,0.0,0.0,0.0,175.4023288218939,-445.3584343122402,0.0,0.0,0.0,0.0,0.0,0.0,0.0,0.0,1.60877240715039,7.288953342155226,0.0,0.0,11.823096296832674,508.9552542719239,433.89815899499933,0.0,445.3584343122402,0.0,0.0,535.835693830669,0.0,0.0,0.0,0.0,-243.98214548327144,0.0,0.0,-894.3848859854402,-894.3848859854402,0.0,0.0,0.0,894.3848859854402,-810.5923863475754,0.0,-453.5004667645643,315.4215898611747,0.0,124.2766544837466,0.0,0.0,0.0,480.6854082278602,0.0,-480.6854082278602,0.0,618.7505296329986,309.35590490734967,0.0,-1000.0,0.0,0.0,0.0,175.4023288218939,-0.0546671500661642,0.0,0.0,0.0,0.0,0.03644476671077613,0.0,0.0,0.0,987.4577975796168,-988.1222365531012,0.0,-222.15222389665007,-93.3423083387603,834.5411830282404,593.6107280517593,0.0,0.0,0.0,-48.177761664461194,0.0,0.0,0.0,559.2456875649209,52.21077278985763,-611.4564603547785,0.0,-900.1590894056033,0.0,0.0,0.0,0.0,0.0,0.0,0.0,0.0,0.0,0.0,0.0,0.0,0.0,0.0,0.0,0.0,0.0,0.0,0.0,-1000.0,0.0,789.8856494491104,55.851135414814166,914.4333647534174,0.0,0.0,-4.41501944388015,0.0,0.0,0.0,0.0,997.2666424966918,-864.6841853156516,953.2960880927228,42.3277580394066,-0.9111191677694033,812.473412525794,-1000.0,0.0,0.0,0.0,-953.2960880927228,-1000.0,944.4208974667595,0.0,-1.8222383355388065,-356.09240747376236,0.0,-6.2449197337093665,1000.0,96.45223859262194,10.93343001323284,0.0,0.0,0.0,0.0,0.0,131.44250176358028,0.0,0.0,0.0,0.0,-483.7279568877391,0.0,0.0,0.0,0.0,0.0,438.8160347972693,0.0,0.0,-185.031036186881,0.0,0.0,253.53303942410048,0.0,0.0,0.0,0.0,-96.35552332892239,0.0728895334215766,0.0,0.0,0.0,0.0,0.0,0.0,0.0,0.0,0.0,0.0,0.0,0.0,0.0,0.0,0.0,0.0,0.0,0.0,0.0,0.04008924338188979,0.04008924338188979,0.0,272.71104665784475,0.0,21.86686002646568,0.0,0.0,0.0,1000.0,0.0,137.91545408250047,0.0,0.0,0.0,-136.46105249125128,-1000.0,0.0,0.0,0.0,0.0,0.0,253.53303942410048,0.0,0.0,0.0,0.0,0.0,0.0,0.0,333.3333333333333,-987.4577975796168,0.0,0.0,2.8062470367297605,0.0,0.0,-574.8873646956362,-574.8873646956362,0.0,-136.46105249125128,0.0,0.0,-232.81657582017365,0.0,0.0,0.0,0.0,0.0,0.0,0.0,0.0,0.0,0.0,0.0,0.0,0.0,0.0,0.0,0.0,21.86686002646568,535.835693830669,535.835693830669,0.0,0.0,0.0,0.0,0.0,0.0,0.0,0.0,0.0,0.0,0.36444766710776133,0.0,0.0,0.0,0.0,0.0,994.664636068072,0.0,0.0,10.93343001323284,0.0,0.0,0.0,0.0,0.0,0.0,0.0,0.0,0.0,0.0,576.196148562103,0.0,0.0,10.93343001323284,10.93343001323284,1000.0,-1000.0,0.0,253.53303942410048,0.0,0.0,0.0,0.0,0.0,865.8438000201372,438.8160347972693,986.8870601511986,0.03644476671077613,0.0,0.0,0.0,2.939010115461875,0.0,0.0,574.8873646956362,0.0,-309.35590490734967,0.0,0.0,0.0,0.0,0.0,0.0,0.0,0.0,0.0,0.0,0.0,0.0,0.03644476671077613,0.0,0.0,0.0,0.0,0.0,0.0,0.0,0.0,789.8856494491104,-789.1074862367581,840.5436022076921,0.0,0.0,-1000.0,-2.7333575033081843,-0.43525091906354363,-1.386987416475263,0.0,0.0,0.0,0.0,0.0,0.0,0.0,0.0,0.0,0.0,0.0,535.835693830669,834.5411830282404,0.0,0.0,92.02955719445139,0.0,0.0,0.0,131.4060569968695,0.0,0.0,0.03644476671077613,0.0,0.03644476671077613,0.0,437.39586517763655,0.0,21.86686002646568,44.46261538714688,44.46261538714688,0.0,0.0,0.0,0.0,0.0,0.0,0.0,0.0,0.0,438.8160347972693,0.0,0.0,562.3835819787187,0.0,0.0,0.0,0.0,0.0,0.0,0.0,0.0,0.0,0.0,0.0,0.0,0.0,0.0,0.0,0.0,0.0,0.0,0.0546671500661642,0.0,0.0,0.0,-10.93343001323284,0.0,0.0,0.0,0.0,0.0,-272.71104665784475,1.8222383355388065,0.0,0.0,0.0,0.0,839.8650538501727,0.0,-1.386987416475263,0.0,0.0,0.0,0.0,0.0,0.0,0.0,535.835693830669,0.0,0.0,265.4714553314225,272.71104665784475,0.0,317.71104665784475,-48.177761664461194,0.0,784.6924667928779,0.0,-784.6924667928779,0.0,-44.46261538714688,0.0,1.8222383355388065,854.2466656615982,0.0,0.0,0.0,-185.031036186881,-734.374999999999,734.374999999999,0.0,0.0,0.0,0.0,0.0,0.0,0.0,334.0805634018496,0.0,44.46261538714688,0.0,-484.37500000000006,-484.37500000000006,484.37500000000006,0.0,0.0,0.0,0.0,0.0,1.60877240715039,0.0,0.0,280.91111916776936,-2.939010115461875,-339.10632823930257,-584.5395047580434,10.93343001323284,0.0,0.0,0.0,0.0,-170.85449269893434,0.0,0.0,0.04008924338188979,0.0,0.0,0.0,22.23130769357344,0.0,0.0,0.0,0.0,-85.42209331568955,0.0,0.0,0.0,0.0,0.0,0.0,0.0,0.0,-118.86252157810014,0.0,0.003644476671077613,0.003644476671077613,0.0,0.0,0.0,0.0,0.0,0.0,0.0,0.0,0.0,0.0,0.0,0.0,0.0,0.0,0.0,272.71104665784475,0.0,0.0,0.0,0.0,0.0,0.0,0.0,315.4215898611747,0.0,0.0,0.0,0.0,-842.9291615888594,-304.02890566073415,1000.0,0.0,0.0,0.0,21.86686002646568,0.0,0.0,0.0,0.0,0.0,0.0,-21.86686002646568,0.0,0.0,0.0,0.0,0.0,0.0,0.0,0.0,0.0,0.0,0.0,0.0,-1000.0,865.8438000201372,587.3482471756004,0.0,-10.93343001323284,0.0,999.8542209331569,0.0,0.0,0.0,0.0,0.0,0.0,0.0,0.0,0.0,0.0,0.0,0.0,0.0,0.0,0.0,0.0,0.0,-4.555595838847017,535.835693830669,-1000.0,559.6502244754106,0.0,0.0,0.0,0.0,0.0,-0.4555595838847017,0.0,185.031036186881,0.0,0.0,0.0,0.0,0.0,0.0,0.0,887.0461495568019,10.93343001323284,10.93343001323284,0.0,0.0,0.0,0.0,0.0,0.04008924338188979,272.71104665784475,0.0,0.0,-999.8542209331569,0.0,0.0,0.0,0.0,0.0,0.0,0.0,0.0,0.0,0.0,0.0,0.0,0.0,0.0,0.0,0.0,0.0,11.2978776803406,0.0,38.26700504631494,0.0,0.0,2.8062470367297605,0.0,0.0,0.0,272.71104665784475,0.0,0.0,0.0,0.0,0.0,-4.555595838847017,0.0,0.0,0.0,0.0,0.0,0.0,0.0,0.0,0.0,0.0,0.0,0.0,0.0,0.0,0.0,0.0,0.0,0.0,-0.03644476671077613,0.0,0.0,1.8222383355388065,136.46105249125128,0.0,0.0,0.0,0.0,535.835693830669,0.0,0.0,0.0,-559.2456875649209,0.9111191677694033,0.0,0.0,437.39586517763655,0.03644476671077613,0.0,36.44476671077613,0.0,7.288953342155227,0.2603197622198295,124.2766544837466,-0.0273335750330821,957.6722419605934,0.7288953342155227,-0.18222383355392324,-124.2766544837466,10.93343001323284,-0.03644476671077613,16.05925388815373,253.53303942410048,0.009111191677694032,0.2603197622198295,-48.17776166446119,-5.802006860355391,-0.7288953342155227,-300.0,-0.03644476671077613,0.009111191677694032,-124.2766544837466,3.644476671077613,0.03644476671077613,0.03644476671077613,-272.6345126477521,0.04008924338185374,0.0,-0.0273335750330821,10.93343001323284,0.03644476671077613,10.93343001323284,-18.222383355388068,-0.018222383355388064,119.54494688652267,222.79886748553096,-0.0273335750330821,-0.03644476671077613,0.0,0.03644476671077613,3.644476671077613,-0.7288953342155227,0.0,0.0,-3.644476671077613,300.0,0.0,7.288953342155226,0.0546671500661642,-1000.0,3.644476671077613,-333.3333333333333,253.53303942410048,-7.288953342155226,0.018222383355388064,0.36444766710776133,55.53805597416252,280.0,-0.03644476671077613,-280.91111916776936,272.6345126477521,11.2978776803406,0.03644476671077613,5.802006860355391,209.79931937116882,253.53303942410048,-0.03644476671077613,-0.009111191677694032,-253.53303942410048,-0.03644476671077613,-96.35552332892239,0.0364447667108152,-0.009111191677694032,-0.009111191677694032,-0.009111191677694032,14.577906684310452,18.222383355388068,0.36444766710776133,27.001016536846834,-0.009111191677694032,95.0168580601713,1.8222383355388065,50.0,0.03644476671077613,0.018222383355388064,0.018222383355388064,-24.266956070546968,0.0,0.03644476671077613,0.0,0.36444766710776133,0.03644476671077613,-27.001016536846834,0.03644476671077613,0.14577906684314712,0.18222383355392324,0.018222383355388064,0.009111191677694032,10.93343001323284,-0.03644476671077613,0.0,0.36444766710776133,-54.00203307369361,956.761122792824,-3.644476671077613,7.288953342155226,1.8222383355388065,-0.03644476671077613,48.17776166446119,0.0546671500661642,-0.03644476671077613,48.533912141093936,0.0,399.28209950618157,0.018222383355388064,-100.0,-0.03644476671077613,-0.0364447667108152,-0.03644476671077613,0.018222383355388064,124.2766544837466,-7.288953342155226,0.03644476671077613,111.07611194832504,-0.009111191677694032,-0.04008924338185374,-111.07611194832504,5.466715006616419,-222.79886748553096,448.99402937296844,124.2766544837466,-0.0273335750330821,280.91111916776936,-280.0,0.03644476671077613,-0.009111191677694034,1.8222383355388065,36.44476671077613,-0.018222383355388064,-0.03644476671077613,0.009111191677694032,1000.0,0.0,810.57416396422,0.0,-255.0,0.0,184.5681900567422,-48.98319100876939,0.0,-80.0,524.6167652100451,-325.0,-189.40761365242463,40.0,127.5,-262.30838260502253,0.0,24.491595504384694,-272.71104665784475,-228.42760680724723,189.40761365242463,325.0,-228.42760680724723,-184.5681900567422,-14.437802992752125,0.0,1496.5981,hplb
394,0.0,0.0,0.0,0.0,0.0,0.0,0.0,0.0,-0.015469514627519793,0.0,0.0,0.0,0.0,0.0,0.0,0.0,489.19705023325463,-226.95033435685716,0.0,0.0,0.0,0.0,0.0,0.0,0.0,0.0,0.0,0.0,0.0,0.0,0.0,0.0,60.28773297207185,0.0,0.0,0.0,0.0,193.4068751250718,0.0,-1000.0,1000.0,0.0,0.0,-77.63448604867466,0.0,0.0,851.6007366565002,0.0,-489.19705023325463,0.0,0.0,0.0,0.0,0.017016466090296944,0.0,0.0,0.0,3.0939029255039587,0.0,0.0,175.63587061790759,0.0,0.0,-424.2754393044081,0.0,0.0,0.0,0.0,34.39419969908592,923.8883640352653,0.0,0.15469514627519795,0.0,0.0,0.0,0.0,0.0,0.0,0.0,0.0,0.0,0.0,0.0,0.0,9.281708776511877,0.0,0.0,0.0,-240.61761207096546,0.0,85.9120852956556,0.0,0.0,-73.81369312527121,4.6408543882559385,0.0,51.16498969747315,-0.49811837100673984,0.0,0.0,0.0,0.7734757313760383,0.0,0.0,0.0,-79.37039075465994,0.0,713.852773313805,0.0,0.0,0.0,0.0,0.0,0.0,0.0,0.0,0.0,0.0,0.0,0.0,0.0,0.0,0.0,0.0,-612.9360312632825,0.0,0.0,51.16498969747315,0.0,4.795549534531137,4.795549534531137,0.0,-647.4715781278832,661.3139006416804,-13.8423225137973,13.8423225137973,0.0,0.0,0.0,-599.9113099223157,0.0,0.0,0.0,0.0,0.0,1.1911526263189671,0.015469514627519793,85.91595267431248,0.0,0.0,-743.9350609278442,0.0,0.0,0.0,0.0,0.0,92.66607039498331,0.0,0.0,0.0,0.0,0.0,-582.5436500548029,-582.5436500548029,0.0,0.0,0.0,0.0,0.0,0.0,0.0,-582.5281805401754,0.0,0.0,0.0,-1000.0,0.0,0.0,0.0,0.0,0.0,0.0,0.0,0.0,0.0,0.0,-269.24122516593275,0.0,0.0,0.0,0.0,-1000.0,0.0,0.0,0.0,0.0,0.0,0.0,0.0,248.5562338903479,-248.5562338903479,408.4344951252632,0.0,0.0,0.0,0.0,0.0,0.0,0.0,-139.0630077033665,0.0,0.0,0.0,0.0,0.0,0.0,0.0,0.0,0.0,0.0,0.0,0.0,0.0,0.0,696.6470020880694,0.0,0.0,0.0,0.0,0.0,-408.4344951252632,0.0,0.0,0.0,0.0,175.63587061790759,77.63448604867466,0.0,0.0,0.0,0.0,0.0,0.0,0.0,0.0,0.0,0.0,46.524135309217215,0.0,489.17384596131336,0.0,-240.64081634290673,0.0,0.0,0.0,0.0,599.9113099223157,467.1113745709474,0.0,0.0,0.0,-161.32812537931426,0.0,0.0,-210.68876806982797,0.0,0.0,-210.68876806982792,0.0,0.0,7.938621819382419,0.0,510.80294976674537,0.0,0.0,52.751044879842496,0.0,0.0,0.0,-586.8173470192769,0.0,586.8173470192769,0.0,269.04161708706977,191.4768147970525,0.0,-144.61970533275522,0.0,0.0,0.0,175.63587061790759,-0.02320427194127969,0.0,0.0,0.0,0.0,0.015469514627519793,0.0,0.0,0.0,948.8350103025268,489.19705023325463,0.0,-332.69750412016435,1000.0,0.0,812.1279066948532,0.0,0.0,0.0,-79.37039075465994,0.0,0.0,0.0,968.5680003533305,-378.4572185640079,-590.1107817893226,-451.51371456870777,-1000.0,0.0,0.0,0.0,0.0,0.0,0.0,0.0,0.0,0.0,0.0,0.0,0.0,0.0,0.0,0.0,0.0,0.0,-103.31310039749332,0.0,-1000.0,0.0,806.5931248749282,0.0,825.1424509424405,0.0,0.0,-1.1911526263189671,0.0,0.0,0.0,0.0,0.0,0.0,355.19321342851595,-1000.0,0.0,344.063018864922,0.0,-1000.0,0.0,-400.6188452193927,-355.19321342851595,586.6552987974037,-153.26707119198343,-0.38673786568799484,999.226524268624,-390.99774500752244,0.0,0.0,1000.0,-251.59524061816813,51.164989697473175,0.0,0.0,0.0,0.0,0.0,0.0,0.0,0.0,0.0,0.0,331.276487829156,0.0,0.0,0.0,0.0,0.0,0.0,0.0,0.0,-248.63956868650052,0.0,890.6249999999644,239.03708300261994,0.0,0.0,0.0,0.0,-98.45304853724802,0.030939029255023343,0.0,0.0,0.0,0.0,0.0,0.0,0.0,0.0,0.0,766.8057489372987,0.0,0.0,0.0,0.0,0.0,0.0,0.0,0.0,0.0,0.017016466090296944,0.017016466090296944,0.0,276.906097074496,0.0,9.281708776511877,0.0,0.0,0.0,-662.0866990590365,0.0,0.0,0.0,0.0,0.0,569.5063135057289,662.0866990590365,0.0,0.0,0.0,0.0,0.0,239.03708300261994,0.0,0.0,0.0,0.0,0.0,0.0,0.0,204.3120104210942,-948.8350103025268,743.9350609278442,0.0,1.1911526263189671,0.0,-73.81369312527121,0.0,0.0,0.0,121.5480735297154,0.0,0.0,471.0532649684809,0.0,0.0,0.0,0.0,0.0,0.0,0.0,0.0,0.0,0.0,0.0,0.0,0.0,0.0,0.0,0.0,9.281708776511877,599.9113099223157,599.9113099223157,0.0,0.0,0.0,0.0,0.0,0.0,0.0,0.0,0.0,0.0,0.15469514627519795,0.0,0.0,0.0,0.0,0.0,0.0,0.0,0.0,51.16498969747315,0.0,0.0,0.0,0.0,0.0,0.0,0.0,0.0,0.0,0.0,1000.0,0.0,0.0,4.6408543882559385,4.6408543882559385,1000.0,662.0866990590365,0.0,239.03708300261994,0.0,0.0,0.0,0.0,0.0,-548.4862854312922,0.0,-283.58981266313083,0.015469514627519793,0.0,0.0,1.2475058581764733,0.0,0.0,0.0,73.81369312527121,0.0,-191.4768147970525,0.0,0.0,0.0,0.0,34.45832615200104,0.0,0.0,0.0,0.0,0.0,0.0,0.0,0.015469514627519793,0.0,0.0,0.0,-237.6726966643426,237.6726966643426,0.0,0.0,0.0,806.5931248749282,-437.6617860502639,436.47063342394495,0.0,0.0,-896.6868996025066,-1.1602135970640575,0.0,-0.7734757313759897,0.0,0.0,0.0,0.0,0.0,0.0,0.0,0.0,0.0,0.0,0.0,599.9113099223157,0.0,0.0,0.0,-250.82176488679215,0.0,0.0,0.0,-0.015469514627519793,0.0,0.0,0.015469514627519793,0.0,0.015469514627519793,103.37497845600313,0.0,0.0,9.281708776511877,18.87280784557415,18.87280784557415,0.0,0.0,0.0,0.0,0.0,0.0,0.0,743.9350609278442,0.0,0.0,0.0,0.0,969.8999255627599,0.0,0.0,0.0,0.0,0.0,0.0,0.0,0.0,0.0,0.0,0.0,0.0,0.0,0.0,0.0,0.0,0.0,0.0,0.02320427194127969,0.0,0.0,0.0,-51.16498969747315,0.0,0.0,0.0,0.0,0.0,-276.906097074496,0.7734757313760383,0.0,0.0,0.0,0.0,0.0,-0.49811837100673984,-0.7734757313759897,0.0,890.6249999999644,0.0,0.0,0.0,0.0,0.0,599.9113099223157,0.0,0.0,0.0,276.906097074496,0.0,862.8706816250735,-79.37039075465994,0.0,435.9725150529382,0.0,-435.9725150529382,0.0,448.2385667253733,0.0,0.7734757313759897,769.4764192194998,0.0,0.0,0.0,-248.63956868650052,-265.62500000000114,265.62500000000114,0.0,0.0,0.0,0.0,0.0,0.0,0.0,266.92079797180486,0.0,18.87280784557415,0.0,15.625,15.625,-15.625000000000002,0.0,0.0,0.0,0.0,0.0,0.0,0.0,0.0,280.386737865688,-768.0532547954753,-144.1686135996713,0.0,4.6408543882559385,0.0,0.0,0.0,0.0,-140.67038110109115,0.0,0.0,0.017016466090296944,0.0,0.0,0.0,9.436403922787076,0.0,0.0,0.0,0.0,696.6470020880694,0.0,0.0,0.0,0.0,0.0,0.0,0.0,0.0,-1000.0,0.0,0.0015469514627519665,0.0015469514627519665,0.0,0.0,0.0,0.0,0.0,103.37497845600313,0.0,0.0,0.0,1.2475058581764733,0.0,0.0,0.0,0.0,0.0,276.906097074496,0.0,0.0,0.0,0.0,0.0,0.0,0.0,0.0,0.0,0.0,0.0,0.0,0.0,1000.0,-226.95033435685716,0.0,0.0,0.0,9.281708776511877,0.0,0.0,0.0,0.0,0.0,-9.281708776511877,0.0,0.0,0.0,0.0,0.0,0.0,0.0,0.0,0.0,0.0,0.0,0.0,0.0,157.23947265501147,-1000.0,980.496543082611,0.0,-51.16498969747315,0.0,896.6250215439968,0.0,0.0,0.0,0.0,0.0,0.0,0.0,0.0,0.0,0.0,0.0,0.0,0.0,0.0,0.0,0.0,0.0,-1.9336893284400472,599.9113099223157,-1.1602135970640575,968.739711965696,0.0,0.0,0.0,0.0,0.0,0.0,-0.19336893284399742,248.63956868650052,0.0,0.0,0.0,0.0,0.0,0.0,0.0,873.6496599918806,4.6408543882559385,4.6408543882559385,0.0,0.0,0.0,0.0,0.0,0.017016466090296944,276.906097074496,0.0,0.0,-1000.0,0.0,0.0,0.0,0.0,0.0,0.0,0.0,0.0,0.0,0.0,0.0,0.0,0.0,0.0,51.68748922800157,0.0,0.0,4.795549534531137,0.0,16.242990358895785,1.1911526263189671,0.0,0.0,0.0,0.0,0.0,276.906097074496,0.0,0.0,0.0,0.0,0.0,-1.9336893284400472,0.0,0.0,0.0,0.0,0.0,0.0,0.0,0.0,0.0,0.0,0.0,0.0,0.0,0.0,0.0,0.0,0.0,0.0,-0.015469514627519793,0.0,0.0,0.7734757313760383,-569.5063135057289,0.0,0.0,0.0,0.0,599.9113099223157,0.0,0.0,0.0,-968.5680003533305,0.38673786568799484,0.0,0.0,0.0,0.015469514627519793,0.0,15.469514627519793,0.0,3.0939029255039587,0.11049653305371976,52.751044879842496,-0.011602135970639846,413.3447012025963,0.30939029255039585,103.29763088286586,-52.751044879842496,4.6408543882559385,-0.015469514627519793,26.45679691821998,239.03708300261994,0.0038673786568799483,0.11049653305371976,-79.37039075465994,-2.4627467287016964,-0.30939029255039685,-262.2467158763975,-0.015469514627519793,0.0038673786568799483,-52.751044879842496,276.8105341508426,0.015469514627519793,0.015469514627519793,-276.8736110937782,0.01701646609027176,0.0,-0.011602135970639846,4.6408543882559385,0.015469514627519793,51.16498969747315,38.789377995457315,-0.007734757313759897,66.07471111433657,406.8720741478837,-0.011602135970639846,-0.015469514627519793,0.0,0.015469514627519793,1.5469514627519794,-0.30939029255039585,0.0,0.0,-1.546951462751963,262.2467158763975,0.0,3.0939029255039587,0.02320427194127969,-1000.0,1.5469514627519794,-204.3120104210942,239.03708300261994,-3.0939029255039587,0.007734757313759897,0.15469514627519795,83.17437603004109,280.0,-0.015469514627519793,-280.386737865688,276.8736110937782,4.795549534531137,0.015469514627519793,2.4627467287016964,-101.31405254771165,239.03708300261994,-0.015469514627519793,-0.0038673786568799483,-239.03708300261994,-0.015469514627519793,-98.45304853724802,0.015469514627454828,-0.0038673786568799483,-0.0038673786568799483,-0.0038673786568799483,6.187805851007917,-38.789377995457315,0.15469514627519795,11.460976649663873,-0.0038673786568799483,139.89195514186218,0.7734757313759897,50.0,0.015469514627519793,0.007734757313759897,0.007734757313759897,25.327085565535697,0.0,0.015469514627519793,0.0,0.15469514627519795,0.015469514627519793,-11.460976649663873,0.015469514627519793,0.06187805850981931,-103.29763088286586,0.007734757313759897,0.0038673786568799483,4.6408543882559385,-0.015469514627519793,0.0,0.15469514627519843,-22.921953299327747,412.9579633369083,-1.5469514627519794,3.0939029255039587,0.7734757313759897,-0.015469514627519793,79.37039075465994,0.02320427194127969,-0.015469514627519793,-50.654171131071394,0.0,406.6747236251981,0.007734757313759897,-100.0,-0.015469514627519793,-0.015469514627454828,-0.015469514627519793,0.007734757313759897,52.751044879842496,-3.0939029255039587,0.015469514627519793,166.34875206008218,-0.0038673786568799483,-0.01701646609027176,-166.34875206008218,2.320427194127969,-406.8720741478837,298.31869432728064,52.751044879842496,-0.011602135970639846,280.386737865688,-280.0,0.015469514627519793,-0.003867378656879949,0.7734757313759897,15.469514627519793,-0.007734757313759897,-0.015469514627519793,0.0038673786568799483,954.6035789503906,0.0,992.0536434233038,0.0,-255.0,0.0,2.313398807867145,-140.0,275.26358268809065,191.03779701409815,-255.0,-122.02952362273322,-7.938621819382419,-95.51889850704907,127.5,127.5,-275.26358268809065,70.0,-276.906097074496,-266.00434252410696,7.938621819382419,122.02952362273322,-266.00434252410696,-2.313398807867145,51.04024994641341,0.0,1496.5981,hplb
395,0.0,0.0,0.0,0.0,0.0,0.0,0.0,0.0,-0.02458723620676201,0.0,0.0,0.0,0.0,0.0,0.0,0.0,0.036880854310143006,202.09488095603228,0.0,0.0,0.0,0.0,0.0,114.00098320436805,0.0,83.7173182338388,0.0,0.0,0.0,-423.4538683805962,0.0,0.0,0.0,0.0,0.0,0.0,0.0,420.7736232745829,0.0,-1000.0,1000.0,0.0,0.0,41.894573448075505,0.0,0.0,52.28109439496519,0.0,423.416987526286,0.0,0.0,0.0,0.0,0.027045959827462523,0.0,0.0,0.0,0.0,0.0,0.0,-79.4525282823529,0.0,0.0,-79.4525282823529,0.0,0.0,0.0,0.0,580.0330858092613,-580.0330858092613,0.0,0.2458723620676201,0.0,0.0,0.0,0.0,0.0,0.0,0.0,733.7612640534188,0.0,0.0,0.0,0.0,14.752341724057205,0.0,0.0,0.0,0.0,0.0,-0.006146809051690502,0.0,0.0,0.0,7.376170862028602,0.0,20.544811140334982,0.0,0.0,0.0,0.0,1.2293618103381003,-423.4538683805962,0.0,0.0,0.0,0.0,0.0,0.0,0.0,0.0,0.0,0.0,0.0,0.0,0.0,0.0,0.0,0.0,0.0,0.0,0.0,0.0,0.0,-266.8840697123569,0.0,0.0,20.544811140334982,0.0,7.622043224096222,7.622043224096222,0.0,707.4773216594471,-707.4773216594471,0.0,0.0,0.0,0.0,0.0,0.0,0.0,0.0,0.0,0.0,0.0,1.8932171879206732,0.02458723620676201,0.0,0.0,0.0,0.0,0.0,0.0,0.0,0.0,0.0,-212.81336404835588,0.0,0.0,0.0,0.0,0.0,77.66101695013094,77.66101695013094,0.0,0.0,0.0,0.0,0.0,0.0,0.0,77.6856041863377,0.0,0.0,0.0,0.0,0.0,0.0,0.0,0.0,0.0,0.0,0.0,0.0,0.0,0.0,0.0,0.0,0.0,0.0,0.0,-824.4600238646428,0.0,0.0,0.0,0.0,0.0,0.0,0.0,0.0,0.0,0.0,0.0,0.0,0.0,0.0,0.0,0.0,0.0,-682.9908517671977,0.0,0.0,0.0,0.0,0.0,0.0,0.0,0.0,0.0,0.0,0.0,0.0,0.0,0.0,-76.99646523898882,0.0,0.0,0.0,0.0,0.0,0.0,0.0,0.0,0.0,0.0,-79.4525282823529,-41.894573448075505,0.0,0.0,228.32699638955364,0.0,0.0,0.0,0.0,0.0,0.7917090058575411,4.917447241352401,13.16864027830638,0.0,0.0,0.0,423.416987526286,0.0,0.0,0.0,0.0,0.0,-310.35356900525136,0.0,0.0,0.0,132.77463798501458,0.0,0.0,-707.8138422601298,0.0,0.0,-707.8138422601298,0.0,0.0,0.0,0.0,-221.32210657025368,0.0,0.0,83.84247546505844,0.0,0.0,0.0,-437.722776715661,0.0,437.722776715661,0.0,129.91752410888935,0.0,0.0,-682.9908517671977,0.0,0.0,0.0,-79.4525282823529,-0.036880854310143006,0.0,0.0,0.0,0.0,0.02458723620676201,0.0,0.0,0.0,803.1235037184504,0.036880854310143006,0.0,-40.158242135371744,645.2230710397359,0.0,1000.0,0.0,16.109492383895486,0.0,0.0,0.0,0.0,0.0,-2.1169610374022327,-828.3839424378775,814.3914110913843,189.00646727482297,-1000.0,0.0,0.0,0.0,0.0,0.0,0.0,0.0,0.0,0.0,0.0,0.0,0.0,0.0,0.0,0.0,0.0,228.32699638955364,-494.08423387014204,0.0,-1000.0,0.0,432.8362494722977,0.0,0.0,0.0,0.0,-2.6849261937782143,0.0,0.0,0.0,0.0,0.0,177.6482502253449,0.0,0.0,999.385319094831,70.70260640327137,1000.0,-1.2293618103381003,152.5018753562107,-1000.0,0.0,-1.2293618103381003,0.0,-1000.0,0.0,-378.1095384935723,0.0,-840.1774960245575,0.0,824.1957924901623,20.544811140334982,718.7500000000041,-718.7500000000041,0.0,0.0,0.0,0.0,0.0,0.0,0.0,0.0,250.0825527586476,0.0,0.0,0.0,0.0,0.0,0.0,0.0,0.0,-158.9050565647058,0.0,0.0,20.544811140334982,0.0,0.0,0.0,0.0,-97.5412763793238,0.04917447241351859,0.0,0.0,0.0,0.0,0.0,0.0,0.0,0.0,0.0,0.0,0.0,0.0,0.0,0.0,0.0,0.0,0.0,0.0,0.0,0.027045959827462523,0.027045959827462523,0.0,275.0825527586476,0.0,14.752341724057205,0.0,309.3625865958648,0.0,1000.0,0.0,0.0,0.0,0.0,0.0,794.1960025588527,-1000.0,0.0,0.0,0.0,0.0,0.0,20.544811140334982,0.0,0.0,0.0,0.0,0.0,0.0,0.0,88.96135657078564,-803.1235037184504,0.0,0.0,1.8932171879206732,0.0,0.0,0.0,0.0,0.0,-712.9046382091606,0.0,696.6547261795289,0.0,0.0,0.0,0.0,0.0,0.0,0.0,0.0,0.0,0.0,0.0,0.0,0.0,0.0,0.0,0.0,0.0,14.752341724057205,0.0,0.0,0.0,0.0,0.0,0.0,0.0,0.0,0.0,0.0,0.0,0.0,0.2458723620676201,0.0,0.0,0.0,0.0,0.0,0.0,0.0,0.0,20.544811140334982,0.0,0.0,0.0,0.0,0.0,0.0,0.0,0.0,0.0,0.0,0.0,0.0,0.0,7.376170862028602,7.376170862028602,1000.0,-1000.0,0.0,20.544811140334982,0.0,0.0,0.0,0.0,0.0,-765.5525988942268,0.0,-550.2274408648076,0.02458723620676201,0.0,0.0,0.0,1.9827849769595933,0.0,0.0,0.0,0.0,0.0,0.0,0.0,0.0,0.0,115.93081852061641,0.0,0.0,0.0,0.0,0.0,0.0,0.0,0.02458723620676201,0.0,0.0,0.0,0.0,0.0,0.0,0.0,0.0,432.8362494722977,0.0,-2.6849261937782143,0.0,0.0,-505.91576612985796,-1.8440427155071506,-1.2293618103381012,0.0,0.0,0.0,0.0,0.0,0.0,0.0,0.0,0.0,0.0,0.0,0.0,0.0,0.0,0.0,0.0,-14.752341724057205,0.0,0.0,0.0,-0.02458723620676201,0.0,0.0,0.02458723620676201,0.0,0.02458723620676201,347.79245556184924,0.0,0.0,14.752341724057205,29.99642817224965,29.99642817224965,0.0,0.0,0.0,0.0,0.0,0.0,0.0,0.0,0.0,0.0,0.0,0.0,0.0,0.0,0.0,0.0,0.0,0.0,0.0,0.0,0.0,0.0,0.0,0.0,0.0,0.0,0.0,0.0,0.0,0.0,0.0,0.036880854310143006,0.0,0.0,0.0,-20.544811140334982,0.0,0.0,0.0,0.0,0.0,-275.0825527586476,1.2293618103381003,0.0,0.0,0.0,0.0,0.0,2.6849261937782143,0.0,0.0,0.0,0.0,0.0,0.0,0.0,0.0,0.0,0.0,0.0,0.0,275.0825527586476,0.0,320.0825527586476,0.0,0.0,0.0,0.0,0.0,0.0,-340.34999717750105,309.3625865958648,1.2293618103381012,1000.0,0.0,0.0,0.0,-158.9050565647058,0.0,0.0,-390.62500000000557,390.62500000000557,0.0,0.0,0.0,0.0,0.0,276.92659547415474,-280.61468090516917,29.99642817224965,0.0,203.125,203.125,-203.125,0.0,0.0,0.0,0.0,0.0,0.7917090058575411,0.0,0.0,0.0,-1.9827849769595933,950.9226423460333,0.0,7.376170862028602,0.0,0.0,0.0,0.0,-255.76823862232615,0.0,0.0,0.027045959827462523,0.0,0.0,0.0,14.998214086124825,0.0,0.0,0.0,0.0,-76.99646523898882,0.0,0.0,0.0,0.0,0.0,0.0,0.0,0.0,-728.0221327997821,0.0,0.002458723620676201,0.002458723620676201,0.0,0.0,0.0,0.0,0.0,347.79245556184924,0.0,0.0,0.0,0.0,0.0,0.0,0.0,0.0,0.0,275.0825527586476,0.0,0.0,0.0,0.0,0.0,0.0,0.0,0.0,0.0,0.0,0.0,0.0,-797.8313573353474,1000.0,202.09488095603228,0.0,0.0,0.0,14.752341724057205,0.0,0.0,0.0,0.0,0.0,0.0,-14.752341724057205,0.0,0.0,0.0,0.0,0.0,0.0,0.0,0.0,0.0,0.0,0.0,0.0,548.6361016852637,-1000.0,16.842256801631976,-20.544811140334982,0.0,0.0,505.8174171850314,0.0,0.0,0.0,0.0,0.0,0.0,0.0,0.0,0.0,0.0,0.0,0.0,0.0,0.0,0.0,0.0,309.3625865958648,-3.073404525845252,0.0,-1.8440427155071506,278.7706381896619,0.0,0.0,0.0,0.0,0.0,-0.3073404525845251,0.0,158.9050565647058,0.0,0.0,0.0,0.0,0.0,0.0,0.0,998.4086608204561,7.376170862028602,7.376170862028602,0.0,0.0,0.0,0.0,733.7612640534188,0.027045959827462523,275.0825527586476,0.0,0.0,-853.6098727468807,0.0,0.0,0.0,0.0,0.0,0.0,0.0,0.0,0.0,0.0,0.0,0.0,0.0,0.0,132.03756866400522,0.0,0.0,7.622043224096222,0.0,25.81659801710011,1.8932171879206732,0.0,0.0,0.0,0.0,0.0,275.0825527586476,0.0,-3.9142880041163153,0.0,0.0,0.0,-3.073404525845252,0.0,0.0,0.0,0.0,0.0,0.0,0.0,0.0,0.0,0.0,0.0,0.0,0.0,0.0,0.0,0.0,0.0,0.0,-0.02458723620676201,0.0,0.0,1.2293618103381003,-794.1960025588527,0.0,0.0,0.0,0.0,0.0,0.0,0.0,0.0,2.1169610374022327,0.6146809051690525,0.0,0.0,83.7173182338388,0.02458723620676201,0.0,24.587236206762004,0.0,4.917447241352401,0.17562311576258577,83.84247546505844,-0.018440427155071503,1.2293618103381003,0.4917447241352402,347.6695193808159,-83.84247546505844,7.376170862028602,-0.02458723620676201,0.0,20.544811140334982,0.006146809051690502,0.17562311576258577,0.0,-3.9142880041163153,-0.4917447241352402,-202.13176181034243,-0.02458723620676201,0.006146809051690502,-83.84247546505844,191.38596408711737,0.02458723620676201,0.02458723620676201,-275.03091956261335,0.02704595982743821,-97.54127637932379,-0.018440427155071503,7.376170862028602,0.02458723620676201,20.544811140334982,0.8750221749253759,-0.012293618103381004,310.35464042767967,-2.4833108568829627,-0.018440427155071503,-0.02458723620676201,0.0,0.02458723620676201,2.45872362067621,-0.4917447241352402,0.0,0.0,-2.45872362067621,202.13176181034243,0.0,4.917447241352401,0.036880854310143006,-1000.0,2.4587236206762006,-88.96135657078564,20.544811140334982,-4.917447241352401,0.012293618103381003,0.2458723620676201,10.039560533842936,280.0,-0.02458723620676201,-280.61468090516917,275.03091956261335,7.622043224096222,0.02458723620676201,3.9142880041163153,-211.05575305252682,20.544811140334982,-0.02458723620676201,-0.006146809051690502,-20.544811140334982,-0.02458723620676201,-97.5412763793238,0.02458723620679848,-0.006146809051690502,-0.006146809051690502,-0.006146809051690502,9.834894482704803,-0.8750221749253759,0.2458723620676201,18.216068624685022,-0.006146809051690502,20.079121067685872,1.2293618103381003,50.0,0.02458723620676201,0.012293618103381004,0.012293618103381004,12.731129190843692,0.0,0.02458723620676201,0.0,0.2458723620676201,0.02458723620676201,-18.216068624685022,0.02458723620676201,0.09834894482654827,-347.6695193808159,0.012293618103381004,0.006146809051690502,7.376170862028602,-0.02458723620676201,97.54127637932379,0.2458723620676201,-36.432137249370044,0.6146809051690503,-2.45872362067621,4.917447241352401,1.2293618103381003,-0.02458723620676201,0.0,0.036880854310143006,-0.02458723620676201,-25.462258381687384,0.0,250.23599544926796,0.012293618103381004,-100.0,-0.02458723620676201,-0.02458723620679848,-0.02458723620676201,0.012293618103381004,83.84247546505844,-4.917447241352401,0.02458723620676201,20.079121067685872,-0.006146809051690502,-0.02704595982743821,-20.079121067685872,3.6880854310143003,2.4833108568829627,139.72240909660093,83.84247546505844,-0.018440427155071503,280.61468090516917,-280.0,0.02458723620676201,-0.006146809051690502,1.2293618103381012,24.587236206762004,-0.012293618103381004,-0.02458723620676201,0.006146809051690502,1000.0,0.0,999.9877063818966,0.0,-13.82456767424162,0.0,543.03743005322,-0.5433779201694646,188.92724046644116,-80.0,-255.0,-325.0,0.0,40.0,6.9122838371208175,127.5,-188.92724046644116,0.2716889600847323,-275.0825527586476,5.5322431730581965,0.0,325.0,5.5322431730581965,-543.03743005322,375.8172297425353,0.0,1496.5981,hplb
396,0.0,0.0,0.0,0.0,0.0,0.0,0.0,0.0,-0.13874797624136015,0.0,0.0,0.0,0.0,0.0,0.0,0.0,-568.6557930560764,803.9105553276477,0.0,0.0,0.0,0.0,0.0,0.0,0.0,0.0,0.0,0.0,0.0,279.64547688288576,0.0,0.0,101.41577219961974,0.0,0.0,0.0,0.0,999.4450080950351,0.0,-1000.0,958.3756071275919,0.0,-601.2807998534654,0.0,0.0,0.0,100.58209330401178,0.0,-690.2551960290041,-398.27203504943685,0.0,0.0,0.0,0.15262277386545975,0.0,0.0,0.0,27.74959524827203,0.0,0.0,18.64936685021707,0.0,944.0921473082465,870.1361982848427,0.0,0.0,0.0,0.0,553.455538431758,-553.455538431758,0.0,1.3874797624136015,0.0,0.0,0.0,0.0,0.0,0.0,0.0,0.0,0.0,0.0,0.0,0.0,83.24878574481609,0.0,0.0,0.0,-414.92764256304815,1000.0,-0.03468699406034004,0.0,0.0,767.963648622849,41.62439287240804,0.0,41.62439287240804,-4.467684834974598,449.96942688304904,0.0,0.0,677.589490334941,279.64547688288576,0.0,0.0,-44.620291651727086,0.0,0.0,0.0,0.0,0.0,0.0,0.0,0.0,0.0,0.0,0.0,0.0,0.0,0.0,0.0,0.0,0.0,0.0,-708.0103603553001,0.0,0.0,41.62439287240804,0.0,43.011872634821636,43.01187263482163,0.0,0.0,0.0,0.0,0.0,-106.06729324762702,-828.1249999999991,828.1249999999991,13.46197737400621,0.0,0.0,0.0,0.0,0.0,10.683594170584684,0.13874797624136015,0.0,0.0,0.0,-1000.0,519.7417359817566,0.0,0.0,0.0,0.0,623.9687499348576,0.0,0.0,0.0,0.0,0.0,899.5566546722296,899.5566546722296,0.0,0.0,0.0,0.0,-962.9392459475255,0.0,0.0,899.6954026484709,0.0,0.0,0.0,372.28843683227564,0.0,0.0,0.0,0.0,0.0,0.0,0.0,0.0,0.0,0.0,-600.1757305739568,0.0,0.0,0.0,0.0,-1000.0,0.0,0.0,0.0,0.0,0.0,398.27203504943685,601.2807998534654,-585.0723574369518,585.0723574369518,92.60531587362081,0.0,0.0,0.0,0.0,0.0,0.0,0.0,-239.8348282601989,0.0,0.0,0.0,0.0,0.0,0.0,0.0,0.0,0.0,0.0,0.0,0.0,0.0,23.269452118791264,435.7574545147873,377.9847123487293,0.0,0.0,0.0,0.0,155.98645439962263,0.0,0.0,0.0,0.0,18.64936685021707,377.9847123487293,0.0,0.0,0.0,0.0,0.0,0.0,0.0,0.0,0.0,0.0,0.0,0.0,431.1360849795616,0.0,-674.0467536124904,0.0,-377.9847123487293,0.0,0.0,92.60531587362081,-830.7274689855406,0.0,0.0,0.0,154.28409536131926,0.0,0.0,-1000.0,0.0,0.0,-999.9999999999998,0.0,0.0,-1000.0,0.0,909.0933939197,398.27203504943685,0.0,224.53882870979453,0.0,0.0,0.0,-40.907886499179995,0.0,40.907886499179995,0.0,1000.0,0.0,0.0,-1000.0,0.0,0.0,0.0,18.64936685021707,-0.20812196436204022,0.0,0.0,0.0,0.0,0.13874797624136015,0.0,0.0,0.0,709.7838368543485,-568.6557930560764,0.0,-843.3072792352527,44.653923179859554,0.0,1000.0,0.0,0.0,0.0,-44.620291651727086,0.0,0.0,0.0,608.560938582505,0.0,-608.560938582505,-101.11420708992978,-1000.0,0.0,0.0,0.0,0.0,0.0,0.0,0.0,0.0,0.0,0.0,0.0,0.0,0.0,0.0,0.0,0.0,0.0,0.0,0.0,-1000.0,0.0,0.0,0.0,0.0,0.0,0.0,-10.683594170584684,0.0,449.96942688304904,0.0,0.0,670.6520915228731,-526.3370118307829,0.0,657.7365554264954,726.7767510826377,-27.118526600975088,110.68797975355666,0.0,0.0,-198.77035076337245,0.0,-1000.0,-309.7592656004465,-730.2454504886717,-6.9373988120680075,0.0,0.0,0.0,1000.0,-275.3968163041257,41.62439287240804,0.0,0.0,0.0,940.6909370861321,0.0,0.0,0.0,-23.269452118791254,23.269452118791254,23.269452118791254,-784.9664023655984,0.0,0.0,0.0,0.0,0.0,0.0,0.0,0.0,-55.30658217318667,0.0,0.0,0.0,0.0,0.0,0.0,0.0,-86.12520237586398,0.2774959524822407,0.0,0.0,0.0,0.0,0.0,0.0,0.0,0.0,0.0,0.0,0.0,0.0,0.0,0.0,0.0,0.0,0.0,0.0,0.0,0.15262277386545975,0.15262277386545975,0.0,275.5198568705192,0.0,83.24878574481609,0.0,0.0,0.0,-662.2219777374526,0.0,0.0,0.0,0.0,0.0,-37.08787782023244,662.2219777374526,0.0,0.0,668.4658529370272,0.0,0.0,0.0,0.0,0.0,0.0,0.0,0.0,0.0,0.0,236.00345345176672,-709.7838368543485,480.2582640182433,0.0,10.683594170584684,0.0,166.7002613227747,601.2633873000742,352.67161702683075,0.0,-37.08787782023244,0.0,0.0,-123.21308019609643,0.0,0.0,23.269452118791254,0.0,0.0,0.0,0.0,0.0,0.0,0.0,0.0,0.0,0.0,0.0,0.0,0.0,83.24878574481609,92.60531587362081,92.60531587362081,0.0,0.0,0.0,0.0,0.0,0.0,0.0,0.0,0.0,0.0,1.3874797624136015,0.0,0.0,0.0,0.0,0.0,601.2807998534654,0.0,0.0,41.62439287240804,-668.4658529370272,0.0,0.0,0.0,0.0,0.0,0.0,0.0,0.0,0.0,-816.575175408922,302.5827307314846,0.0,41.62439287240804,41.62439287240804,1000.0,662.2219777374526,0.0,0.0,0.0,0.0,0.0,0.0,0.0,754.2777106088654,0.0,1000.0,0.13874797624136015,0.0,0.0,0.0,11.189033226892544,98.30039127202954,0.0,-767.963648622849,0.0,0.0,0.0,0.0,0.0,0.0,0.0,0.0,0.0,0.0,0.0,0.0,0.0,0.0,0.13874797624136015,0.0,0.0,0.0,-1000.0,1000.0,0.0,0.0,0.0,0.0,-22.08867781762729,749.6051162630663,0.0,-288.23060573297465,-1000.0,-10.406098218102215,-6.9373988120680075,0.0,0.0,0.0,0.0,0.0,0.0,0.0,0.0,0.0,0.0,0.0,0.0,92.60531587362081,0.0,0.0,0.0,-268.4594174920577,0.0,0.0,0.0,-0.13874797624136015,0.0,0.0,0.13874797624136015,0.0,0.13874797624136015,0.0,0.0,0.0,83.24878574481609,169.2725310144594,169.2725310144594,0.0,0.0,0.0,0.0,0.0,0.0,0.0,480.2582640182433,0.0,0.0,0.0,0.0,0.0,620.507139336886,0.0,0.0,0.0,0.0,0.0,0.0,0.0,0.0,0.0,0.0,0.0,0.0,0.0,248.59177027324344,0.0,0.0,0.0,0.20812196436204022,0.0,0.0,0.0,-41.62439287240804,0.0,0.0,0.0,0.0,0.0,-275.5198568705192,6.9373988120680075,0.0,0.0,0.0,0.0,962.9392459475255,-11.405083647042606,0.0,0.0,0.0,0.0,0.0,0.0,0.0,0.0,92.60531587362081,0.0,668.4658529370272,-669.9788990770599,252.25040475172796,0.0,777.5086687699713,53.68009962030246,0.0,0.0,738.2000326160237,-738.2000326160237,0.0,-1000.0,0.0,6.9373988120680075,374.7183702706898,0.0,0.0,0.0,-55.30658217318667,0.0,0.0,0.0,0.0,0.0,0.0,0.0,0.0,0.0,579.3635341377528,0.0,169.2725310144594,0.0,0.0,0.0,0.0,0.0,0.0,0.0,0.0,0.0,0.0,0.0,0.0,306.7381515248254,-11.189033226892544,920.6842957585129,-601.2807998534654,41.62439287240804,0.0,0.0,0.0,0.0,267.31949326301964,0.0,0.0,0.15262277386545975,0.0,0.0,0.0,84.63626550722968,0.0,0.0,0.0,0.0,435.7574545147873,0.0,0.0,0.0,0.0,0.0,0.0,0.0,0.0,0.0,0.0,0.013874797624136015,0.013874797624136015,0.0,0.0,0.0,0.0,0.0,0.0,0.0,0.0,0.0,0.0,0.0,0.0,0.0,0.0,0.0,275.5198568705192,0.0,0.0,0.0,0.0,0.0,0.0,0.0,398.27203504943685,0.0,0.0,0.0,0.0,0.0,-317.19258836799145,803.9105553276477,0.0,0.0,0.0,83.24878574481609,0.0,0.0,0.0,0.0,0.0,0.0,-83.24878574481609,0.0,0.0,0.0,0.0,0.0,0.0,0.0,0.0,0.0,0.0,0.0,0.0,-1000.0,932.8089804018214,715.5495030622177,0.0,-41.62439287240804,0.0,999.4450080950351,0.0,0.0,0.0,0.0,0.0,0.0,0.0,0.0,0.0,0.0,0.0,0.0,0.0,0.0,0.0,0.0,0.0,-17.343497030170223,92.60531587362081,-681.0581897409752,610.101041118784,0.0,0.0,0.0,0.0,0.0,0.0,-1.7343497030170019,55.30658217318667,0.0,0.0,0.0,0.0,0.0,0.0,0.0,1000.0,41.62439287240804,41.62439287240804,0.0,0.0,0.0,0.0,0.0,0.15262277386545975,275.5198568705192,0.0,0.0,-999.4450080950351,0.0,0.0,0.0,0.0,0.0,0.0,0.0,0.0,0.0,0.0,0.0,0.0,0.0,0.0,0.0,0.0,0.0,43.01187263482163,0.0,145.68537505342817,10.683594170584684,0.0,0.0,0.0,0.0,0.0,275.5198568705192,0.0,0.0,0.0,0.0,0.0,-17.343497030170223,0.0,0.0,0.0,0.0,0.0,0.0,0.0,0.0,0.0,0.0,0.0,0.0,0.0,0.0,0.0,0.0,0.0,0.0,-0.13874797624136015,0.0,0.0,6.9373988120680075,37.08787782023244,0.0,0.0,0.0,0.0,92.60531587362081,0.0,0.0,0.0,-608.560938582505,3.4686994060340037,0.0,0.0,0.0,0.13874797624136015,0.0,138.74797624136013,0.0,27.749595248272026,0.9910569731525725,473.130598983038,-0.10406098218102011,342.26344457350456,2.774959524827203,-0.6937398812062963,-473.130598983038,41.62439287240804,-0.13874797624136015,14.873430550575696,0.0,0.03468699406034004,0.9910569731525725,-44.620291651727086,-22.08867781762729,-2.774959524827203,-235.25476227157128,-0.13874797624136015,0.03468699406034004,-473.130598983038,13.874797624136015,0.13874797624136015,0.13874797624136015,-275.2284861204124,0.15262277386549616,0.0,-0.10406098218102011,41.624392872408045,0.13874797624136015,41.62439287240804,-69.37398812068008,-0.06937398812068007,-534.7281666314034,-170.0,-0.10406098218102011,-0.13874797624136015,0.0,0.13874797624136015,13.874797624136015,-2.774959524827203,248.59177027324344,248.59177027324344,-13.874797624136015,235.25476227157128,-248.59177027324344,27.74959524827203,0.20812196436204022,-378.2012725338095,13.874797624136015,-236.00345345176672,0.0,-27.74959524827203,0.06937398812068007,1.3874797624136015,210.82681980881318,280.0,-0.13874797624136015,-306.7381515248254,275.2284861204124,43.011872634821636,0.13874797624136015,22.08867781762729,-166.4975714896317,0.0,-0.13874797624136015,-0.03468699406034004,0.0,-0.13874797624136015,-86.12520237586398,0.13874797624113278,-0.03468699406034004,-0.03468699406034004,-0.03468699406034004,55.49919049654406,69.37398812068008,1.3874797624136015,102.79490689781862,-0.03468699406034004,406.7802090670507,6.9373988120680075,50.0,0.13874797624136015,0.06937398812068007,0.06937398812068007,13.874797624136015,0.0,0.13874797624136015,0.0,1.3874797624136015,0.13874797624136015,-102.79490689781862,0.13874797624136015,0.5549919049649361,0.6937398812062963,0.06937398812068007,0.03468699406034004,41.624392872408045,-0.13874797624136015,0.0,1.3874797624136015,-205.58981379563724,338.7947451674705,-13.874797624136015,27.74959524827203,6.9373988120680075,-0.13874797624136015,44.620291651727086,0.20812196436204022,-0.13874797624136015,-27.74959524827203,0.0,181.4618312032481,0.06937398812068007,-100.0,-0.13874797624136015,-0.13874797624113278,-0.13874797624136015,0.06937398812068007,473.130598983038,-27.74959524827203,0.13874797624136015,421.65363961762637,-0.03468699406034004,-0.15262277386549616,-421.65363961762637,20.81219643620402,170.0,-136.25913259404084,473.130598983038,-0.10406098218102011,306.7381515248254,-280.0,0.13874797624136015,-0.03468699406034004,6.9373988120680075,138.74797624136013,-0.06937398812068007,-0.13874797624136015,0.03468699406034004,0.0,0.0,378.13189854568884,0.0,-255.0,0.0,508.74335498866867,-50.8020028542513,0.0,-80.0,-237.15422958910824,-325.0,0.0,40.0,127.5,118.57711479455412,0.0,25.401001427125653,-275.5198568705192,-448.78132446626773,0.0,325.0,-448.78132446626773,-508.74335498866867,330.6830644270822,0.0,1496.5981,hplb
397,0.0,0.0,0.0,0.0,0.0,0.0,0.0,0.0,-0.026676857502801923,0.0,0.0,0.0,0.0,0.0,0.0,0.0,-964.366709659304,44.46287059329086,0.0,952.8355436779809,0.0,0.0,0.0,1000.0,0.0,0.0,0.0,0.0,0.0,-1000.0,0.0,0.0,112.69799108366279,0.0,0.0,0.0,0.0,980.8569732986072,0.0,-524.988932377451,991.9969427491594,0.0,0.0,657.618946182126,0.0,0.0,0.0,0.0,1000.0,0.0,0.0,-643.0061863149132,0.0,0.029344543253074562,0.0,0.0,0.0,0.0,0.0,0.0,-104.97807599669068,0.0,-730.2181068429265,-881.1862264465958,0.0,0.0,0.0,0.0,686.1315679978444,-686.1315679978444,0.0,0.2667685750280192,0.0,0.0,0.0,0.0,0.0,0.0,0.0,0.0,0.0,0.0,-418.67304380757946,0.0,16.006114501681154,0.0,117.95874861493677,-310.8028238421341,332.2033624727791,300.0,680.9931065896512,0.0,0.0,792.9435300178759,8.003057250840577,0.0,8.003057250840577,-0.8589948115908328,0.0,0.0,0.0,1.3338428751400961,-1000.0,0.0,0.0,-26.712450365525278,0.0,0.0,0.0,0.0,0.0,0.0,0.0,0.0,0.0,0.0,0.0,0.0,0.0,0.0,0.0,0.0,0.0,0.0,-531.9645765285379,0.0,0.0,8.003057250840577,0.0,8.269825825868594,5.706611646474613,0.0,-796.8749999999968,-203.12500000000313,1000.0,-1000.0,0.0,0.0,0.0,-45.99004360697859,0.0,0.0,0.0,0.0,0.0,538.685910450232,0.026676857502820894,680.999775804027,0.0,0.0,0.0,0.0,0.0,0.0,0.0,0.0,161.65828000731565,0.0,0.0,0.0,0.0,0.0,999.9733231424972,999.9733231424972,0.0,0.0,0.0,31.249999999999975,145.01788848254478,0.0,0.0,1000.0,0.0,0.0,0.0,-312.439693887462,0.0,0.0,0.0,0.0,0.0,0.0,0.0,0.0,0.0,0.0,-1000.0,0.0,0.0,0.0,0.0,-1000.0,0.0,0.0,0.0,0.0,0.0,0.0,643.0061863149132,-332.2033624727791,332.2033624727791,45.99004360697859,0.0,0.0,0.0,0.0,0.0,0.0,0.0,-683.6699786884107,0.0,0.0,0.0,0.0,0.0,0.0,0.0,0.0,0.0,0.0,0.0,0.0,0.0,273.50010324767936,67.27614760345281,321.3605233443908,0.0,0.0,0.0,0.0,167.305637392217,0.0,0.0,0.0,0.0,-104.97807599669068,-336.2584228377352,0.0,0.0,0.0,0.0,0.0,0.0,0.0,0.0,0.0,5.335371500560385,0.0,0.0,-664.4067249455582,0.0,1000.0,0.0,-321.3605233443908,0.0,0.0,45.99004360697859,-788.3498241754028,0.0,0.0,0.0,-76.99797146511844,0.0,0.0,-1000.0,0.0,0.0,-999.9999999999999,0.0,0.0,0.0,0.0,-667.108310674286,0.0,0.0,-127.45402527342901,0.0,0.0,0.0,243.38024494521858,0.0,-243.38024494521858,0.0,646.0704004401841,0.0,0.0,-1000.0,31.249999999999975,0.0,0.0,-104.97807599669068,-0.040015286254202885,0.0,0.0,0.0,0.0,0.026676857502820894,0.0,0.0,0.0,778.7012617499638,-964.366709659304,0.0,-421.4928581205868,-295.57349070708057,0.0,1000.0,0.0,354.1017121043758,0.0,-26.712450365525278,0.0,0.0,0.0,-2.2968774309912376,-686.1315679978444,334.32673332445984,-922.6685678160966,-1000.0,0.0,0.0,0.0,0.0,0.0,0.0,0.0,0.0,0.0,0.0,0.0,0.0,0.0,0.0,0.0,0.0,0.0,-19.036319271382,0.0,-1000.0,0.0,0.0,0.0,0.0,0.0,0.0,-538.685910450232,0.0,418.67304380757946,0.0,0.0,0.0,0.0,-779.209505763786,-1.333842875140106,-1000.0,0.0,-763.0765224582904,592.5154103937414,-1000.0,629.7528780480175,779.209505763786,0.0,-1000.0,999.3330785624299,-593.8492532688815,1000.0,0.0,630.2758481551828,249.97982481432155,-739.5958927459612,8.003057250840577,0.0,0.0,0.0,96.77218790453219,0.0,0.0,0.0,-273.50010324767936,273.50010324767936,273.50010324767936,-689.876070848457,0.0,0.0,0.0,0.0,0.0,0.0,0.0,0.0,-20.028698370486495,0.0,0.0,0.0,0.0,0.0,0.0,0.0,59.27309035261223,0.053353715005584945,0.0,0.0,0.0,0.0,0.0,0.0,0.0,0.0,0.0,0.0,0.0,0.0,0.0,0.0,0.0,0.0,0.0,0.0,0.0,0.029344543253074562,0.029344543253074562,0.0,201.84622960669245,0.0,16.006114501681154,0.0,0.0,0.0,1000.0,0.0,835.21450877906,117.95874861493677,0.0,0.0,-247.9294012474852,-1000.0,0.0,0.0,145.0123895900715,0.0,0.0,0.0,0.0,0.0,0.0,0.0,0.0,0.0,0.0,177.32152550951264,-778.7012617499638,0.0,0.0,120.01286664265251,0.0,792.9435300178759,0.0,-213.29568099919558,0.0,-247.9294012474852,0.0,-188.65631089487297,0.0,0.0,0.0,273.50010324767936,0.0,0.0,0.0,0.0,0.0,0.0,0.0,0.0,0.0,0.0,0.0,0.0,0.0,16.006114501681154,45.99004360697859,45.99004360697859,0.0,0.0,0.0,0.0,0.0,0.0,0.0,0.0,0.0,0.0,0.2667685750280192,0.0,0.0,117.95874861493677,-117.95874861493677,0.0,643.0061863149132,0.0,0.0,8.003057250840577,-145.0123895900715,0.0,0.0,0.0,0.0,0.0,0.0,0.0,0.0,0.0,758.3924972406754,0.0,0.0,8.003057250840577,8.003057250840577,1000.0,-1000.0,0.0,0.0,0.0,0.0,0.0,0.0,0.0,922.6685678160966,0.0,1000.0,0.026676857502820894,0.0,0.0,0.0,12.404154726194736,0.0,0.0,-792.9435300178759,0.0,0.0,0.0,0.0,0.0,0.0,0.0,0.0,0.0,0.0,0.0,0.0,0.0,0.0,0.026676857502820894,0.0,0.0,0.0,-1000.0,1000.0,0.0,0.0,0.0,0.0,-100.9765473712705,0.0,0.0,0.0,-1000.0,-2.0007643127101638,-1.3338428751401352,0.0,0.0,0.0,0.0,0.0,0.0,0.0,0.0,0.0,0.0,0.0,0.0,45.99004360697859,0.0,0.0,0.0,-107.98620171563833,0.0,0.0,0.0,-0.026676857502820894,0.0,0.0,0.026676857502820894,0.0,0.026676857502820894,0.0,0.0,0.0,16.006114501681154,32.54576615341834,32.54576615341834,0.0,0.0,0.0,0.0,0.0,0.0,418.67304380757946,0.0,0.0,0.0,0.0,0.0,0.0,0.0,0.0,0.0,0.0,0.0,0.0,0.0,0.0,0.0,0.0,0.0,0.0,0.0,0.0,213.29568099919558,0.0,0.0,0.0,0.040015286254202885,0.0,0.0,0.0,-8.003057250840577,0.0,0.0,0.0,0.0,0.0,-201.84622960669245,1.3338428751400961,0.0,0.0,0.0,-31.249999999999975,-145.01788848254478,0.0,0.0,0.0,0.0,0.0,0.0,0.0,0.0,0.0,45.99004360697859,0.0,145.0123895900715,172.36012561539548,-71.65387364098692,0.0,319.66462849943963,-26.712450365525278,19.036319271382,-437.7093630789615,418.67304380757946,0.0,0.0,-820.8955903288211,0.0,1.3338428751401352,766.9457537217249,0.0,0.0,0.0,-255.94619560036003,515.6250000000005,-515.6250000000005,482.27371156071536,-482.27371156071536,0.0,0.0,0.0,0.0,0.0,1000.0,-4.001528625420178,32.54576615341834,0.0,0.0,0.0,0.0,0.0,0.0,0.0,0.0,0.0,0.0,0.0,0.0,203.84699391940262,-12.404154726194736,0.0,0.0,8.003057250840577,117.95874861493677,0.0,0.0,0.0,91.86396780836807,0.0,0.0,0.029344543253074562,0.0,0.0,0.0,16.27288307670917,0.0,0.0,0.0,0.0,67.27614760345281,0.0,0.0,0.0,0.0,0.0,0.0,0.0,0.0,378.14826576693406,0.0,0.002667685750280091,0.002667685750280091,0.0,0.0,0.0,0.0,0.0,0.0,0.0,0.0,0.0,0.0,0.0,0.0,0.0,0.0,0.0,201.84622960669245,0.0,0.0,0.0,0.0,0.0,0.0,0.0,0.0,0.0,0.0,0.0,235.91749722987353,0.0,0.0,44.46287059329086,0.0,0.0,0.0,16.006114501681154,0.0,0.0,0.0,0.0,0.0,0.0,-16.006114501681154,0.0,235.91749722987353,0.0,0.0,0.0,0.0,0.0,0.0,0.0,0.0,0.0,0.0,-1000.0,-1000.0,18.27364738941924,0.0,-8.003057250840577,0.0,980.8569732986072,0.0,0.0,0.0,0.0,0.0,0.0,0.0,0.0,0.0,867.1875,0.0,-867.1875,-867.1875,0.0,0.0,0.0,0.0,-3.334607187850338,45.99004360697859,-2.0007643127101638,2.000764312710089,0.0,0.0,0.0,0.0,0.0,-0.33346071878502415,0.0,20.028698370486495,0.0,0.0,0.0,0.0,0.0,0.0,0.0,1000.0,8.003057250840577,8.003057250840577,0.0,0.0,0.0,0.0,0.0,0.029344543253074562,201.84622960669245,0.0,0.0,-980.8569732986072,0.0,0.0,0.0,0.0,0.0,0.0,0.0,0.0,0.0,0.0,0.0,0.0,0.0,0.0,0.0,0.0,0.0,5.706611646474613,0.0,28.01070037794202,0.0,0.0,538.685910450232,0.0,0.0,0.0,201.84622960669245,0.0,-2.192837686730968,0.0,0.0,0.0,-3.334607187850338,0.0,0.0,0.0,0.0,0.0,0.0,0.0,0.0,0.0,0.0,0.0,0.0,0.0,0.0,0.0,0.0,0.0,0.0,-0.026676857502820894,0.0,0.0,1.3338428751400961,247.9294012474852,0.0,0.0,0.0,0.0,45.99004360697859,0.0,0.0,0.0,2.2968774309912376,0.6669214375700676,0.0,0.0,0.0,0.026676857502820894,0.0,26.676857502801923,-2.563214179393981,5.335371500560385,0.1905489821628709,85.84165572576657,-0.020007643127101443,1.333842875140106,0.5335371500560385,-0.13338428751366393,-85.84165572576657,8.003057250840577,-0.026676857502801923,8.90415012184176,0.0,0.006669214375700481,0.1905489821628709,-26.712450365525278,-122.20570432938348,-0.5335371500560385,-32.9317046119678,-0.026676857502801923,0.006669214375700481,-85.84165572576657,2.6676857502801923,0.026676857502801923,0.026676857502820894,-201.79020820593658,-117.92940407168368,0.0,-0.020007643127101443,8.003057250840577,0.026676857502801923,8.003057250840577,-13.338428751400961,-0.013338428751400962,-108.2333792762651,-170.0,-0.020007643127101443,-0.026676857502801923,-2.563214179393981,0.026676857502820894,2.6676857502801923,-0.5335371500560385,213.29568099919558,213.29568099919558,-2.6676857502801923,32.9317046119678,-213.29568099919558,5.335371500560385,0.040015286254202885,220.13493234856105,2.6676857502801923,-177.32152550951264,0.0,-5.335371500560385,0.013338428751400962,0.2667685750280192,105.3732145301467,-66.31850214042653,-0.026676857502820894,-207.8485225448228,201.79020820593658,8.269825825868594,0.026676857502801923,122.20570432938348,-32.012229003362144,0.0,-0.026676857502820894,-0.006669214375700481,0.0,-0.026676857502801923,59.27309035261223,0.026676857502707207,-0.006669214375700481,-0.006669214375700481,-0.006669214375700481,10.67074300112077,13.338428751400961,0.2667685750280192,19.76421680238812,-0.006669214375700481,201.84227893845164,1.3338428751400961,-28.30270230116602,0.026676857502820894,0.013338428751400962,0.013338428751400962,2.6676857502801923,2.563214179393981,0.026676857502820894,-2.563214179393981,0.2667685750280192,0.026676857502801923,-19.76421680238812,0.026676857502801923,0.10670743001084304,0.13338428751366393,0.013338428751400962,0.006669214375700481,8.003057250840577,-0.026676857502801923,0.0,0.26676857502801926,-39.52843360477624,0.6669214375700578,-2.6676857502801923,5.335371500560385,1.3338428751400961,-0.026676857502801923,26.712450365525278,0.040015286254202885,-0.026676857502801923,-5.335371500560385,2.563214179393981,-75.34661086043282,0.013338428751400962,56.605404602332044,-0.026676857502801923,-0.026676857502707207,-0.026676857502801923,0.013338428751400962,85.84165572576657,-5.335371500560385,0.026676857502820894,210.7464290602934,-0.006669214375700481,117.92940407168368,-210.7464290602934,4.0015286254202875,170.0,-432.3460414540799,85.84165572576657,-0.020007643127101443,207.8485225448228,66.31850214042653,0.026676857502801923,-0.006669214375700481,1.3338428751401352,26.676857502801923,-0.013338428751400962,-0.026676857502801923,0.006669214375700481,823.5450470561549,0.0,-520.1482707773125,0.0,-255.0,0.0,86.83860061636634,-140.0,0.0,-80.0,614.4809618088896,-325.0,-300.0,40.0,127.5,-307.2404809044448,0.0,70.0,-201.84622960669245,-16.517356947935255,300.0,325.0,-16.517356947935255,-86.83860061636634,58.09157193472414,0.0,1496.5981,hplb
398,0.0,0.0,0.0,0.0,0.0,0.0,0.0,0.0,376.4586457818908,0.0,0.0,0.0,0.0,0.0,0.0,0.0,0.0,478.7318115521752,0.0,-307.23171827730033,0.0,0.0,0.0,0.0,0.0,0.0,0.0,0.0,0.0,-74.6511878941044,0.0,0.0,61.530067773204536,0.0,0.0,0.0,0.0,381.7113964878669,0.0,-1000.0,975.3214875289568,0.0,0.0,636.3101744452367,0.0,0.0,0.0,0.0,-606.7733647239738,0.0,0.0,0.0,0.0,0.09048787906067446,0.0,0.0,0.0,16.452341647362097,0.0,0.0,18.764802689782755,0.0,1000.0,770.2691945334491,0.0,0.0,0.0,0.0,0.0,0.0,0.0,0.8226170823681049,0.0,0.0,0.0,0.0,0.0,0.0,0.0,787.334812482074,0.0,0.0,0.0,0.0,49.35702494208629,0.0,56.82255225693978,0.0,864.2683749975745,-700.0,-0.020565427059202623,0.0,0.0,-1000.0,24.678512471043145,0.0,24.678512471043145,0.0,0.0,0.0,0.0,4.113085411840524,-74.6511878941044,0.0,0.0,-76.65194847476175,0.0,0.0,0.0,0.0,0.0,0.0,0.0,0.0,0.0,0.0,0.0,0.0,0.0,0.0,0.0,0.0,0.0,0.0,-503.7315493324366,0.0,0.0,24.678512471043145,0.0,25.50112955341125,0.0,0.0,0.0,0.0,0.0,0.0,0.0,0.0,0.0,-248.49560815633367,0.0,0.0,0.0,0.0,0.0,63.1567037911742,0.08226170823681048,0.0,0.0,0.0,0.0,0.0,0.0,0.0,144.4966243223419,0.0,626.5691676294813,0.0,0.0,0.0,0.0,0.0,560.3769244395554,560.3769244395554,0.0,0.0,0.0,0.0,-987.9191273425536,0.0,0.0,560.4591861477923,0.0,0.0,0.0,-415.9971180004035,0.0,0.0,0.0,0.0,0.0,0.0,0.0,0.0,0.0,0.0,-623.4466573648604,0.0,0.0,0.0,0.0,206.71425896008782,0.0,0.0,0.0,0.0,0.0,0.0,0.0,135.73162500242552,-135.73162500242552,0.0,0.0,0.0,0.0,0.0,0.0,0.0,0.0,-701.7350551769634,0.0,0.0,0.0,0.0,0.0,0.0,0.0,0.0,0.0,0.0,0.0,0.0,0.0,194.96559418367832,-67.0953167052758,681.4245526180782,0.0,0.0,0.0,248.49560815633367,128.6986662962478,0.0,0.0,0.0,0.0,18.764802689782755,45.114378172841455,0.0,0.0,0.0,0.0,0.0,0.0,0.0,0.0,2.6488270052254848,0.0,0.0,0.0,-911.112873695399,-182.57612370025004,-471.0417397215482,0.0,-681.4245526180782,0.0,0.0,248.49560815633367,-8.390694240154673,0.0,0.0,0.0,-119.53375467571402,0.0,0.0,-49.362572517057686,-49.36257251705757,0.0,0.0,0.0,49.36257251705757,1000.0,0.0,914.0050830012742,0.0,0.0,100.81149968445345,0.0,0.0,0.0,-295.23343506886414,0.0,295.23343506886414,0.0,982.1253481749592,0.0,248.49560815633367,-637.607464698031,0.0,0.0,0.0,18.764802689782755,-0.12339256235521573,0.0,0.0,0.0,0.0,0.08226170823681048,0.0,0.0,0.0,-362.74026473260426,0.0,0.0,-985.3368669597639,132.46708881779546,0.0,1000.0,0.0,-368.30269748165324,0.0,-76.65194847476175,0.0,0.0,0.0,655.3803633335597,712.9223341480936,-1000.0,0.0,-1000.0,0.0,0.0,0.0,0.0,0.0,0.0,0.0,0.0,0.0,0.0,0.0,0.0,0.0,0.0,0.0,0.0,0.0,-617.9595566791857,0.0,-1000.0,0.0,0.0,0.0,0.0,0.0,0.0,-65.8055307963997,0.0,0.0,0.0,0.0,0.0,-328.67994748638597,0.0,0.0,-819.8161157585914,-384.2423866617076,0.0,0.0,912.7684905156252,-685.9969770692398,0.0,-4.113085411840524,-360.89037097847415,817.7595730526712,-4.113085411840524,0.0,0.0,0.0,796.6778307470388,-550.4613266665941,24.678512471043145,0.0,0.0,0.0,0.0,0.0,376.5409074901276,0.0,-194.96559418367832,194.96559418367832,194.96559418367832,315.19960682739963,0.0,0.0,-592.2983422144599,0.0,0.0,0.0,0.0,0.0,-97.32089826288842,0.0,0.0,0.0,0.0,0.0,0.0,0.0,-91.77382917631896,0.1645234164741396,0.0,0.0,0.0,0.0,0.0,0.0,0.0,0.0,0.0,0.0,0.0,0.0,0.0,0.0,0.0,0.0,0.0,0.0,0.0,0.09048787906067446,0.09048787906067446,0.0,298.7961138506173,0.0,49.35702494208629,0.0,0.0,0.0,-674.3912342782979,0.0,0.0,56.82255225693978,0.0,0.0,796.9082499986118,674.3912342782979,0.0,0.0,0.0,0.0,0.0,0.0,0.0,0.0,0.0,0.0,0.0,0.0,0.0,167.91051644414554,362.74026473260426,0.0,0.0,63.1567037911742,0.0,-1000.0,0.0,-128.6986662962478,0.0,796.9082499986118,0.0,-294.8655791777071,1000.0,0.0,0.0,194.96559418367832,0.0,0.0,0.0,0.0,0.0,0.0,0.0,0.0,0.0,0.0,0.0,0.0,0.0,49.35702494208629,248.49560815633367,248.49560815633367,0.0,0.0,0.0,0.0,0.0,0.0,0.0,0.0,0.0,0.0,0.8226170823681049,0.0,0.0,56.82255225693978,-56.82255225693978,0.0,0.0,0.0,0.0,24.678512471043145,0.0,0.0,0.0,0.0,0.0,0.0,0.0,0.0,0.0,0.0,0.0,0.0,0.0,24.678512471043145,24.678512471043145,1000.0,674.3912342782979,0.0,0.0,0.0,0.0,0.0,0.0,0.0,879.4379739713258,0.0,1000.0,0.08226170823681048,0.0,0.0,0.0,108.63833739931351,0.0,0.0,1000.0,0.0,0.0,0.0,0.0,0.0,0.0,0.0,0.0,0.0,0.0,0.0,0.0,0.0,0.0,0.08226170823681048,0.0,0.0,0.0,305.5194625202496,-305.5194625202496,0.0,0.0,0.0,0.0,0.0,717.7013107751799,-144.4966243223419,-783.5068415715796,-382.0404433208143,-6.169628117760786,-4.113085411840524,0.0,0.0,0.0,0.0,0.0,0.0,0.0,0.0,0.0,0.0,0.0,0.0,248.49560815633367,0.0,0.0,0.0,-546.3482412547536,0.0,0.0,0.0,376.4586457818908,0.0,0.0,0.08226170823681048,0.0,0.08226170823681048,0.0,0.0,0.0,49.35702494208629,100.35928404890876,100.35928404890876,0.0,0.0,0.0,0.0,0.0,0.0,0.0,0.0,0.0,0.0,0.0,0.0,0.0,662.4630964127492,0.0,0.0,0.0,0.0,0.0,0.0,0.0,0.0,0.0,0.0,0.0,0.0,0.0,128.6986662962478,0.0,0.0,0.0,0.12339256235521573,0.0,0.0,0.0,-24.678512471043145,0.0,0.0,0.0,0.0,0.0,-298.7961138506173,4.113085411840524,0.0,0.0,0.0,0.0,987.9191273425536,-717.7013107751799,0.0,0.0,0.0,0.0,0.0,0.0,0.0,0.0,248.49560815633367,0.0,0.0,119.79694186008587,103.83051966693898,0.0,308.5476583526379,-76.65194847476175,0.0,-783.5068415715796,783.5068415715796,0.0,144.4966243223419,-108.74997828906343,0.0,4.113085411840524,1000.0,0.0,0.0,0.0,-210.966002776768,0.0,0.0,0.0,0.0,0.0,0.0,0.0,0.0,0.0,928.4123993332385,-317.3049982038997,100.35928404890876,0.0,0.0,0.0,0.0,0.0,0.0,0.0,0.0,0.0,2.6488270052254848,0.0,0.0,0.0,-108.63833739931351,86.93167927699056,0.0,24.678512471043145,56.82255225693978,0.0,0.0,0.0,267.47393302887696,0.0,0.0,0.09048787906067446,0.0,0.0,0.0,50.179642024454395,0.0,0.0,0.0,0.0,-67.0953167052758,0.0,0.0,0.0,0.0,0.0,0.0,0.0,0.0,0.0,0.0,0.008226170823681045,0.008226170823681045,0.0,0.0,0.0,0.0,0.0,0.0,0.0,0.0,0.0,0.0,0.0,0.0,0.0,0.0,0.0,298.7961138506173,0.0,0.0,0.0,0.0,0.0,0.0,0.0,0.0,0.0,0.0,0.0,113.64510451387956,0.0,0.0,478.7318115521752,0.0,0.0,0.0,49.35702494208624,0.0,0.0,0.0,0.0,0.0,950.6429750579138,-1000.0,0.0,113.64510451387956,0.0,0.0,0.0,0.0,0.0,0.0,0.0,0.0,0.0,0.0,-1000.0,804.7867860772214,718.8123665549645,0.0,-24.678512471043145,0.0,381.7113964878669,0.0,0.0,0.0,0.0,0.0,0.0,0.0,0.0,0.0,0.0,0.0,0.0,0.0,0.0,0.0,0.0,0.0,-10.28271352960131,248.49560815633367,-6.169628117760786,973.598466498888,0.0,0.0,0.0,0.0,0.0,0.0,-1.028271352960131,241.8175225852303,0.0,0.0,0.0,0.0,0.0,0.0,0.0,1000.0,24.678512471043145,24.678512471043145,0.0,0.0,0.0,0.0,787.334812482074,0.09048787906067446,298.7961138506173,0.0,0.0,-381.7113964878669,0.0,0.0,0.0,0.0,0.0,0.0,0.0,0.0,0.0,0.0,0.0,0.0,0.0,0.0,0.0,0.0,0.0,0.0,0.0,86.374793648651,63.1567037911742,0.0,0.0,0.0,0.0,0.0,298.7961138506173,0.0,713.5882253633393,0.0,0.0,0.0,-10.28271352960131,0.0,0.0,0.0,0.0,0.0,0.0,0.0,0.0,0.0,0.0,0.0,0.0,0.0,0.0,0.0,0.0,0.0,0.0,-0.08226170823681048,0.0,0.0,4.113085411840524,-796.9082499986118,0.0,0.0,0.0,0.0,248.49560815633367,0.0,0.0,0.0,-655.3803633335597,2.056542705920262,0.0,0.0,0.0,0.08226170823681048,0.0,82.26170823681048,-25.50112955341125,16.452341647362097,0.587583630262932,229.51016598070126,-0.061696281177607865,4.113085411840524,1.6452341647362099,-0.4113085411841553,-229.51016598070126,24.678512471043145,-0.08226170823681048,25.55064949158725,0.0,0.020565427059202623,0.587583630262932,-76.65194847476175,-69.91861620824022,-1.6452341647362099,-171.50009327487487,-0.08226170823681048,0.020565427059202623,-229.51016598070126,8.226170823681048,0.08226170823681048,0.08226170823681048,-298.62336426331984,-56.73206437787929,0.0,-0.061696281177607865,24.678512471043145,0.08226170823681048,24.678512471043145,-41.13085411840524,-0.041130854118405245,-473.2652706799578,-137.00709882816568,-0.061696281177607865,-0.08226170823681048,-25.50112955341125,0.08226170823681048,8.226170823681048,-1.6452341647362099,128.6986662962478,128.6986662962478,-8.226170823681048,171.50009327487487,-128.6986662962478,16.452341647362093,0.12339256235521573,-946.5076692787165,8.226170823681048,-167.91051644414554,0.0,-16.452341647362097,0.041130854118405245,0.8226170823681049,246.33421673994098,120.28286131430107,-0.08226170823681048,-317.3049982038997,298.62336426331984,25.50112955341125,0.08226170823681048,69.91861620824022,-98.7140498841726,0.0,-0.08226170823681048,-0.020565427059202623,0.0,-0.08226170823681048,-91.77382917631896,0.08226170823670031,-0.020565427059202623,-0.020565427059202623,-0.020565427059202623,32.904683294724194,41.13085411840524,0.8226170823681049,166.44038365646963,-0.020565427059202623,467.1177839882947,4.113085411840524,50.0,0.08226170823681048,0.041130854118405245,0.04113085411840524,-116.02163325448579,25.50112955341125,0.08226170823681048,-25.50112955341125,0.8226170823681049,0.08226170823681048,-377.42986478951343,0.08226170823681048,0.3290468329473697,0.4113085411841553,0.041130854118405245,0.020565427059202623,24.678512471043145,-0.08226170823681048,0.0,0.8226170823681049,-332.88076731293927,2.056542705920262,-8.226170823681048,16.452341647362097,4.113085411840524,-0.08226170823681048,76.65194847476175,0.12339256235521573,-0.08226170823681048,232.04326650897156,25.50112955341125,-9.3476822808301,0.04113085411840524,-100.0,-0.08226170823681048,-0.08226170823670031,-0.08226170823681048,0.04113085411840524,229.51016598070126,-16.452341647362097,0.08226170823681048,492.66843347988197,-0.020565427059202623,56.73206437787929,-492.66843347988197,12.339256235521571,137.00709882816568,690.2087745946124,229.51016598070126,-0.061696281177607865,317.3049982038997,-120.28286131430107,0.08226170823681048,-0.02056542705920262,4.113085411840524,82.26170823681048,-0.041130854118405245,-0.08226170823681048,0.020565427059202623,128.963527380472,0.0,646.4665384245982,210.9894811330438,-255.0,0.0,-175.17245255476166,-140.0,0.0,474.7455730066431,-255.0,-325.0,-300.0,-237.37278650332158,127.5,127.5,0.0,70.0,-298.7961138506173,-258.12625074804686,300.0,325.0,-258.12625074804686,175.17245255476166,-42.34228674713506,0.0,1496.5981,hplb
399,0.0,0.0,0.0,0.0,0.0,0.0,0.0,0.0,-0.0357267054130197,0.0,0.0,0.0,0.0,0.0,0.0,0.0,0.05359005811952954,0.0,0.0,175.61176893811637,0.0,0.0,0.0,0.0,0.0,0.0,0.0,0.0,0.0,-101.94433095252884,125.04082357541017,-125.04082357541017,446.7658896652367,0.0,0.0,0.0,0.0,579.207997912418,0.0,-1000.0,989.2819883760941,0.0,0.0,0.0,0.0,0.0,510.90027494618516,0.0,-606.2005890221891,0.0,0.0,-708.0913299165984,0.0,0.03929937595427314,0.0,0.0,0.0,7.14534108260394,0.0,0.0,-122.08658919224665,0.0,299.0015869202871,176.91499772804042,0.0,0.0,0.0,0.0,0.0,0.0,0.0,0.357267054130197,0.0,0.0,0.0,0.0,0.0,0.0,0.0,597.1595448552931,0.0,0.0,-235.4349797083746,0.0,21.43602324781182,0.0,77.25998281040178,93.09764430225185,258.23307369021995,0.0,693.8990149862221,0.0,0.0,0.0,10.71801162390591,0.0,10.71801162390591,-779.2196401036592,0.0,0.0,0.0,944.7199089630407,-101.94433095252884,0.0,0.0,-53.2681953515917,415.7784956567574,718.8767172299112,0.0,0.0,0.0,0.0,0.0,0.0,0.0,0.0,0.0,0.0,0.0,0.0,0.0,0.0,0.0,0.0,-96.01773752916037,0.0,0.0,10.71801162390591,0.0,11.075278678036106,11.075278678036106,0.0,0.0,0.0,0.0,0.0,0.0,0.0,0.0,0.0,0.0,0.0,0.0,0.0,0.0,315.445918835579,0.0357267054130197,693.9079466625753,0.0,0.0,-1000.0,-219.3260945873426,0.0,0.0,235.4349797083746,0.0,333.87460616469724,0.0,0.0,0.0,0.0,0.0,206.16903481326761,206.16903481326761,0.0,0.0,0.0,-765.6249999999999,-1000.0,0.0,0.0,331.2455850940908,0.0,0.0,0.0,-38.79295521060851,0.0,0.0,0.0,0.0,0.0,0.0,0.0,0.0,0.0,0.0,0.0,0.0,0.0,0.0,0.0,-1000.0,0.0,0.0,0.0,0.0,0.0,0.0,708.0913299165984,-258.23307369021995,258.23307369021995,0.0,0.0,0.0,0.0,0.0,0.0,0.0,0.0,-369.5663088838232,0.0,0.0,0.0,0.0,0.0,0.0,0.0,0.0,0.0,0.0,0.0,0.0,0.0,0.0,755.9121856323943,0.0,0.0,0.0,0.0,0.0,0.0,0.0,0.0,0.0,0.0,-122.08658919224665,0.0,125.04082357541017,0.0,0.0,0.0,0.0,0.0,0.0,0.0,346.971583386053,0.0,0.0,0.0,0.0,516.4661473804399,-63.244688493558776,0.0,0.0,0.0,0.0,0.0,492.226534644392,0.0,0.0,0.0,-63.07078512831225,0.0,0.0,-961.5372361953588,-561.912821172695,0.0,-399.62441502266375,0.0,561.912821172695,0.0,0.0,-277.60968994876475,0.0,0.0,121.82806545839718,0.0,0.0,0.0,-632.0376003316405,0.0,632.0376003316405,0.0,1000.0,0.0,0.0,221.52684025876715,-765.625,0.0,0.0,-122.08658919224665,-0.05359005811952954,0.0,0.0,0.0,0.0,0.0357267054130197,0.0,0.0,0.0,642.3104049900411,0.05359005811952954,0.0,-384.07095011664154,243.22794275794746,0.0,1000.0,0.0,-719.6698233449374,0.0,-53.2681953515917,0.0,0.0,0.0,972.4511374560205,747.2186858889169,-1000.0,0.0,0.0,0.0,0.0,0.0,0.0,0.0,0.0,0.0,0.0,0.0,0.0,0.0,0.0,0.0,0.0,0.0,0.0,0.0,-420.64909526592817,0.0,-1000.0,235.4349797083746,0.0,1000.0,0.0,0.0,0.0,-537.3766786462218,0.0,0.0,0.0,0.0,942.9335736923896,-747.2186858889169,-168.25595271450487,0.0,-659.2220737484619,0.0,83.26273906539909,-985.4061022168395,0.0,-23.633215630712535,168.25595271450487,-473.2531221168458,1000.0,658.3289061131363,983.6197669461885,0.0,0.0,-23.222358518462805,192.10315180746835,0.0,10.71801162390591,0.0,0.0,0.0,0.0,0.0,0.0,0.0,0.0,0.0,0.0,-464.49051874683977,0.0,0.0,-389.70554180175554,0.0,0.0,0.0,0.0,0.0,-89.65321276368974,0.0,0.0,0.0,0.0,0.0,0.0,0.0,-58.353424922096735,0.07145341082781442,0.0,0.0,0.0,0.0,0.0,0.0,0.0,0.0,0.0,0.0,0.0,0.0,0.0,0.0,0.0,0.0,0.0,0.0,0.0,0.03929937595427314,0.03929937595427314,125.04082357541017,223.0431596507497,0.0,21.43602324781182,0.0,0.0,0.0,-619.3104287644716,0.0,0.0,77.25998281040178,0.0,0.0,-181.56961117492864,619.3104287644716,0.0,0.0,829.9999249532746,0.0,0.0,0.0,0.0,0.0,0.0,0.0,0.0,0.0,0.0,32.005912509720126,-642.3104049900411,803.5475989305852,0.0,80.0109391272044,0.0,0.0,0.0,0.0,0.0,-181.56961117492864,0.0,-239.92303609702537,0.0,0.0,0.0,0.0,0.0,0.0,0.0,0.0,0.0,0.0,0.0,0.0,0.0,0.0,0.0,0.0,0.0,21.43602324781182,0.0,0.0,0.0,0.0,0.0,0.0,0.0,0.0,0.0,0.0,0.0,0.0,0.357267054130197,0.0,125.04082357541017,77.25998281040178,-77.25998281040178,125.04082357541017,708.0913299165984,0.0,0.0,10.71801162390591,-829.9999249532746,0.0,0.0,0.0,0.0,0.0,0.0,0.0,0.0,0.0,0.0,-125.04082357541017,0.0,10.71801162390591,10.71801162390591,1000.0,619.3104287644716,0.0,0.0,0.0,0.0,0.0,0.0,0.0,101.94433095252884,0.0,165.46169989850387,0.0357267054130197,0.0,0.0,0.0,2.881103600807089,398.5829238841501,0.0,0.0,0.0,0.0,0.0,0.0,0.0,0.0,0.0,0.0,0.0,0.0,0.0,0.0,0.0,0.0,0.0357267054130197,0.0,0.0,0.0,396.84856337648586,-396.84856337648586,0.0,0.0,0.0,0.0,0.0,781.0059753743102,0.0,-318.3826540205319,-579.3509047340718,-2.6795029059764772,-1.7863352706509836,0.0,0.0,-609.375,-609.375,609.375,0.0,0.0,0.0,0.0,0.0,0.0,0.0,0.0,0.0,0.0,0.0,-21.43602324781182,0.0,0.0,0.0,-0.0357267054130197,0.0,0.0,0.0357267054130197,0.0,0.0357267054130197,0.0,0.0,0.0,21.43602324781182,43.58658060388404,43.58658060388404,0.0,0.0,0.0,0.0,0.0,0.0,0.0,803.5475989305852,0.0,0.0,0.0,0.0,0.0,975.5272067920815,0.0,0.0,0.0,0.0,0.0,0.0,0.0,0.0,0.0,0.0,0.0,0.0,0.0,0.0,0.0,0.0,0.0,0.05359005811952954,0.0,0.0,0.0,-10.71801162390591,0.0,0.0,0.0,0.0,0.0,-223.0431596507497,1.786335270650985,0.0,0.0,0.0,765.6249999999999,1000.0,218.99402462568978,0.0,0.0,0.0,0.0,0.0,0.0,0.0,0.0,0.0,0.0,829.9999249532746,0.0,223.0431596507497,0.0,634.8995292928042,345.3147285325584,0.0,-318.3826540205319,318.3826540205319,0.0,235.4349797083746,448.639954040508,0.0,1.7863352706509836,761.7340465752847,0.0,0.0,-125.04082357541017,-244.1731783844933,828.1249999999997,-828.1249999999997,0.0,0.0,0.0,0.0,0.0,0.0,0.0,21.79329030194208,-27.152296113894977,43.58658060388404,0.0,125.04082357541017,125.04082357541017,0.0,0.0,0.0,0.0,0.0,0.0,346.971583386053,0.0,0.0,203.92937225478408,-2.881103600807089,411.98448134207626,0.0,10.71801162390591,77.25998281040178,0.0,0.0,0.0,-62.91083456266453,0.0,0.0,0.03929937595427314,0.0,0.0,0.0,21.79329030194202,0.0,0.0,0.0,0.0,755.9121856323943,0.0,415.7784956567574,0.0,0.0,0.0,0.0,0.0,0.0,0.0,0.0,0.00357267054130197,0.00357267054130197,0.0,0.0,0.0,0.0,0.0,0.0,0.0,0.0,0.0,0.0,125.04082357541017,0.0,0.0,0.0,0.0,223.0431596507497,0.0,0.0,0.0,0.0,0.0,0.0,0.0,0.0,0.0,0.0,0.0,154.51996562080356,0.0,0.0,0.0,0.0,0.0,0.0,21.43602324781182,0.0,0.0,0.0,0.0,0.0,-212.22782495898528,190.79180171117346,0.0,154.51996562080356,0.0,0.0,0.0,0.0,0.0,0.0,0.0,125.04082357541017,125.04082357541017,0.0,834.5383001014961,0.0,1000.0,-10.71801162390591,0.0,0.0,579.207997912418,0.0,0.0,0.0,0.0,0.0,0.0,0.0,0.0,0.0,0.0,0.0,0.0,0.0,0.0,0.0,0.0,0.0,-4.465838176627461,0.0,-945.6130765983661,1000.0,0.0,0.0,0.0,0.0,0.0,422.5194072615634,-422.96599107922617,325.08819247206435,0.0,0.0,0.0,0.0,0.0,0.0,0.0,1000.0,10.71801162390591,10.71801162390591,0.0,0.0,0.0,0.0,597.1595448552931,0.03929937595427314,223.0431596507497,0.0,0.0,-579.207997912418,0.0,0.0,0.0,0.0,0.0,0.0,0.0,0.0,0.0,0.0,0.0,0.0,0.0,0.0,0.0,0.0,0.0,11.075278678036106,0.0,37.51304068367069,80.0109391272044,0.0,0.0,0.0,0.0,0.0,223.0431596507497,0.0,0.0,0.0,0.0,0.0,-4.465838176627461,0.0,0.0,0.0,0.0,0.0,0.0,0.0,0.0,0.0,0.0,0.0,0.0,0.0,0.0,0.0,0.0,0.0,0.0,-0.0357267054130197,0.0,0.0,1.786335270650985,181.56961117492864,0.0,0.0,0.0,0.0,0.0,0.0,0.0,0.0,-972.4511374560205,0.8931676353254925,0.0,0.0,0.0,0.0357267054130197,0.0,35.726705413019694,0.0,7.145341082603941,0.2551907529501407,121.82806545839718,-0.026795029059764774,473.2531221168458,0.714534108260394,-0.178633527066836,-121.82806545839718,10.71801162390591,-0.0357267054130197,17.756065117197235,0.0,0.008931676353254925,0.2551907529501407,-53.2681953515917,-82.94767431215729,124.32628946714978,-175.6653589962359,-0.0357267054130197,0.008931676353254925,-121.82806545839718,101.53790559928292,0.0357267054130197,0.0357267054130197,-222.9681335693824,-77.22068343444745,0.0,-0.026795029059764774,10.71801162390591,0.0357267054130197,10.71801162390591,-17.86335270650985,-0.01786335270650985,-227.33821546151384,-3.60839724671499,-0.026795029059764774,-0.0357267054130197,0.0,0.0357267054130197,3.57267054130197,-0.714534108260394,0.0,0.0,-3.5726705413019744,175.6653589962359,0.0,7.14534108260394,0.05359005811952954,-258.09185060974494,3.57267054130197,-32.005912509720126,0.0,-7.14534108260394,0.01786335270650985,0.357267054130197,96.01773752916039,230.18850073335364,-0.0357267054130197,-231.08166836867906,222.9681335693824,11.075278678036106,0.03572670541301969,82.94767431215729,-140.8372815536044,0.0,-0.0357267054130197,-0.008931676353254925,0.0,-0.0357267054130197,-474.13192057885414,0.03572670541290601,-0.008931676353254925,-0.008931676353254925,-0.008931676353254925,14.29068216520788,17.86335270650985,0.357267054130197,26.469022872874916,-0.008931676353254925,174.27940994112353,1.786335270650985,30.96304773169935,0.0357267054130197,0.01786335270650985,0.01786335270650985,3.57267054130197,0.0,0.0357267054130197,0.0,0.357267054130197,0.0357267054130197,-26.469022872874916,0.0357267054130197,0.1429068216538163,0.178633527066836,0.01786335270650985,0.008931676353254925,10.71801162390591,-0.0357267054130197,0.0,-62.16314473357489,-52.93804574574983,472.35995448152033,-3.57267054130197,7.14534108260394,1.786335270650985,-0.0357267054130197,53.2681953515917,0.05359005811952955,-0.0357267054130197,-7.14534108260394,0.0,522.4368986190101,0.01786335270650985,-61.9260954633987,-0.0357267054130197,-0.03572670541290601,-0.0357267054130197,0.01786335270650985,121.82806545839718,-7.14534108260394,0.0357267054130197,192.03547505832077,-0.008931676353254925,77.22068343444745,-192.03547505832077,5.359005811952954,3.60839724671499,161.8273124089275,121.82806545839718,-0.026795029059764774,231.08166836867906,-230.18850073335364,0.0357267054130197,-0.008931676353254925,1.7863352706509836,35.726705413019694,-0.01786335270650985,-0.03572670541301969,0.008931676353254925,0.0,0.0,258.0739872570384,0.0,-255.0,0.0,-117.17445118365526,-102.24072132230604,97.96523505798095,-80.0,112.03044913167747,161.502728555177,0.0,40.0,127.5,-56.015224565838736,-97.96523505798095,51.12036066115302,-223.0431596507497,-459.52606405634555,0.0,-161.502728555177,-459.52606405634555,117.17445118365526,10.045079914323594,0.0,1496.5981,hplb
400,0.0,0.0,0.0,0.0,0.0,0.0,0.0,0.0,-0.04907094430714298,0.0,0.0,0.0,0.0,0.0,0.0,0.0,66.37787894120099,0.0,0.0,0.0,0.0,0.0,0.0,0.0,0.0,0.0,0.0,0.0,0.0,-784.8192719584808,0.0,0.0,60.91271956411282,0.0,0.0,0.0,0.0,-157.58580042540052,0.0,-547.4009965630604,501.363058162882,0.0,0.0,149.67556420309006,0.0,0.0,73.65807253645188,0.0,-281.5586069827201,-51.522602519000785,0.0,0.0,0.0,0.05397803873793805,0.0,0.0,0.0,9.814188861428597,0.0,0.0,144.67032788376156,0.0,0.0,-302.3051992534692,0.0,0.0,0.0,0.0,0.0,480.29542481389325,0.0,0.4907094430714299,0.0,0.0,0.0,0.0,0.0,0.0,0.0,0.0,0.0,0.0,0.0,0.0,29.442566584285792,0.0,0.0,-413.28294742134284,183.15213626237014,-66.30427252474027,-0.012267736076785747,0.0,0.0,-887.8011676182798,14.721283292142896,0.0,14.721283292142896,0.0,0.0,0.0,0.0,2.4535472153571494,-854.5566004825095,0.0,0.0,-78.00281256669926,0.0,0.0,0.0,0.0,0.0,0.0,0.0,0.0,0.0,0.0,0.0,0.0,0.0,0.0,0.0,0.0,0.0,0.0,-1000.0,0.0,0.0,14.721283292142896,0.0,15.211992735214327,0.0,0.0,-874.4761282802201,874.4761282802201,0.0,0.0,-77.69297779186195,0.0,0.0,-369.2825493453688,0.0,0.0,0.0,0.0,0.0,3.7784627116500076,0.04907094430714298,0.0,0.0,0.0,0.0,0.0,0.0,0.0,0.0,0.0,8.693132999600115,0.0,0.0,0.0,0.0,0.0,-73.60900159214475,-73.60900159214475,0.0,0.0,0.0,0.0,20.91636054024626,0.0,0.0,-73.5599306478376,0.0,0.0,0.0,-77.38080633948675,0.0,0.0,0.0,0.0,0.0,0.0,0.0,0.0,0.0,0.0,0.0,0.0,0.0,0.0,0.0,-134.1560140220204,0.0,0.0,0.0,0.0,0.0,51.522602519000785,0.0,183.15213626237014,-183.15213626237014,114.8606586395111,0.0,0.0,0.0,0.0,0.0,0.0,69.7373285240286,-830.7147155918268,0.0,0.0,0.0,0.0,0.0,0.0,0.0,0.0,0.0,0.0,0.0,0.0,0.0,0.0,-80.3716222771428,1000.0,0.0,0.0,0.0,332.11486849771956,-114.8606586395111,0.0,0.0,0.0,0.0,144.67032788376156,850.3244357969099,0.0,0.0,0.0,0.0,0.0,0.0,0.0,0.0,1.5800844066898492,0.0,0.0,0.0,0.0,0.0,-511.68941814169284,0.0,-1000.0,0.0,0.0,446.97552713723064,994.9947636806714,0.0,0.0,0.0,-163.04473871867913,0.0,0.0,1000.0,-692.387224198254,0.0,719.8673440681133,972.5198801301405,-280.13265593188646,366.30427252474027,0.0,877.993690666433,51.522602519000785,0.0,136.90793461692894,0.0,0.0,0.0,-1000.0,0.0,1000.0,0.0,0.0,0.0,332.11486849771956,0.0,0.0,0.0,0.0,144.67032788376156,-0.07360641646071447,0.0,0.0,0.0,0.0,0.04907094430714298,0.0,0.0,0.0,117.85464632318765,66.37787894120099,0.0,-52.001875044466175,-119.47744109804971,0.0,43.78366181873395,0.0,90.00278835441875,0.0,-78.00281256669926,0.0,0.0,0.0,54.767747219876824,-19.703753540005636,-125.06678203428994,-1000.0,-1000.0,0.0,0.0,0.0,0.0,0.0,0.0,0.0,0.0,0.0,0.0,0.0,0.0,0.0,0.0,0.0,0.0,0.0,931.2246234717063,0.0,736.4978116919285,0.0,352.1163284279504,0.0,0.0,0.0,0.0,-5.3585471183397555,0.0,0.0,0.0,0.0,0.0,0.0,0.0,0.0,806.1232410705625,19.703753540005636,377.4871643951452,-494.98947384621056,0.0,0.0,0.0,-2.4535472153571494,-198.60112565864634,-807.350014678241,492.5359266308534,0.0,0.0,-185.09528259204018,0.0,0.0,14.721283292142896,0.0,0.0,0.0,0.0,0.0,0.0,0.0,0.0,0.0,0.0,323.1886237052707,0.0,0.0,0.0,0.0,0.0,69.7373285240286,0.0,0.0,-157.63487136970767,0.0,0.0,472.30067963629097,0.0,0.0,0.0,0.0,-95.0929055692857,0.09814188861430022,0.0,0.0,0.0,0.0,0.0,0.0,0.0,0.0,0.0,395.4990808812902,0.0,0.0,0.0,0.0,0.0,0.0,0.0,0.0,0.0,0.05397803873793805,0.05397803873793805,0.0,163.82207412503976,0.0,29.442566584285792,0.0,0.0,0.0,-300.1807370636137,0.0,0.0,0.0,0.0,0.0,58.91946524396494,300.1807370636137,0.0,0.0,0.0,0.0,0.0,472.30067963629097,0.0,0.0,0.0,0.0,0.0,0.0,0.0,333.3333333333333,-117.85464632318765,0.0,0.0,3.7784627116500076,0.0,0.0,-887.8011676182798,-887.8011676182798,0.0,58.91946524396494,0.0,-1000.0,963.8265596746793,0.0,0.0,0.0,0.0,0.0,0.0,0.0,0.0,0.0,0.0,0.0,0.0,0.0,0.0,0.0,0.0,29.442566584285792,446.97552713723076,446.97552713723064,0.0,0.0,0.0,0.0,0.0,0.0,0.0,0.0,0.0,0.0,0.4907094430714299,0.0,0.0,0.0,0.0,0.0,0.0,0.0,0.0,14.721283292142896,0.0,0.0,0.0,0.0,0.0,0.0,0.0,0.0,0.0,0.0,1000.0,0.0,0.0,14.721283292142896,14.721283292142896,1000.0,300.1807370636137,0.0,472.30067963629097,0.0,0.0,0.0,0.0,0.0,854.5566004825095,69.7373285240286,1000.0,0.04907094430714298,0.0,0.0,0.0,64.80519209248334,0.0,0.0,887.8011676182798,0.0,0.0,0.0,0.0,0.0,0.0,0.0,0.0,0.0,0.0,0.0,0.0,0.0,0.0,0.04907094430714298,0.0,0.0,0.0,0.0,0.0,0.0,0.0,0.0,352.1163284279504,0.0,0.0,0.0,0.0,-200.08535889811753,-3.680320823035724,-2.4535472153571494,0.0,0.0,0.0,0.0,0.0,0.0,0.0,0.0,0.0,0.0,0.0,0.0,446.97552713723076,0.0,0.0,0.0,-182.64173537668302,0.0,0.0,0.0,-0.04907094430714298,0.0,0.0,0.04907094430714298,0.0,0.04907094430714298,0.0,84.79634393260305,0.0,29.442566584285792,59.86655205471445,59.86655205471445,0.0,0.0,0.0,0.0,0.0,0.0,0.0,0.0,0.0,69.7373285240286,0.0,0.0,0.0,58.992755524721915,0.0,0.0,0.0,0.0,0.0,0.0,0.0,0.0,0.0,0.0,0.0,0.0,0.0,0.0,0.0,0.0,0.0,0.07360641646071447,0.0,0.0,0.0,-14.721283292142896,0.0,0.0,0.0,0.0,0.0,-163.82207412503976,2.4535472153571494,0.0,0.0,0.0,0.0,-20.91636054024626,856.825643527976,0.0,0.0,0.0,0.0,0.0,0.0,0.0,0.0,446.97552713723076,0.0,0.0,44.80007849330151,163.82207412503976,0.0,175.41915244656605,-78.00281256669926,5.358547118339743,851.4670964096363,0.0,-856.825643527976,0.0,935.128211625957,0.0,2.4535472153571494,1000.0,0.0,190.71913214414243,0.0,-157.63487136970767,0.0,0.0,0.0,0.0,0.0,0.0,0.0,0.0,0.0,167.50239494807548,-174.8630365941468,59.86655205471445,0.0,-453.12500000000006,-453.125,453.125,0.0,0.0,0.0,0.0,0.0,1.5800844066898492,0.0,0.0,0.0,-460.30427297377355,-591.1863086723893,0.0,14.721283292142896,0.0,0.0,0.0,0.0,-167.88415828327135,0.0,0.0,0.05397803873793805,0.0,0.0,0.0,29.933276027357223,0.0,0.0,0.0,0.0,-80.3716222771428,0.0,0.0,0.0,0.0,0.0,0.0,0.0,0.0,-1000.0,0.0,0.004907094430714298,0.004907094430714298,0.0,0.0,0.0,0.0,0.0,0.0,0.0,0.0,0.0,0.0,0.0,0.0,0.0,0.0,0.0,163.82207412503976,0.0,0.0,0.0,0.0,0.0,0.0,0.0,51.522602519000785,0.0,0.0,0.0,0.0,729.190841566115,0.0,0.0,0.0,0.0,0.0,29.442566584285792,0.0,0.0,0.0,0.0,0.0,0.0,-29.442566584285792,0.0,0.0,0.0,0.0,0.0,0.0,0.0,0.0,0.0,0.0,0.0,0.0,-1000.0,-1000.0,92.60635237511485,-557.6793919008028,542.9581086086599,0.0,194.5305280025499,0.0,0.0,0.0,0.0,0.0,0.0,0.0,0.0,0.0,0.0,0.0,0.0,0.0,0.0,0.0,0.0,0.0,-6.133868038392873,446.97552713723064,-3.680320823035724,230.17547129583312,0.0,0.0,0.0,0.0,0.0,-859.4970141199143,858.883627316075,157.63487136970767,0.0,0.0,0.0,0.0,0.0,0.0,0.0,1000.0,14.721283292142896,14.721283292142896,0.0,0.0,0.0,0.0,0.0,0.05397803873793805,163.82207412503976,0.0,0.0,-194.5305280025499,0.0,0.0,0.0,0.0,0.0,0.0,0.0,0.0,0.0,0.0,0.0,0.0,0.0,0.0,42.398171966301526,0.0,0.0,0.0,0.0,51.524491522500135,3.7784627116500076,0.0,0.0,0.0,0.0,0.0,163.82207412503976,0.0,-859.2791907433334,0.0,0.0,0.0,-6.133868038392873,0.0,0.0,0.0,0.0,0.0,0.0,0.0,0.0,0.0,0.0,0.0,0.0,0.0,0.0,0.0,0.0,0.0,0.0,-0.04907094430714298,0.0,0.0,2.4535472153571494,-58.91946524396494,0.0,0.0,0.0,0.0,446.97552713723064,0.0,0.0,0.0,-54.767747219876824,1.2267736076785747,0.0,0.0,0.0,0.04907094430714298,0.0,49.07094430714298,-15.211992735214327,9.814188861428597,0.35050674505102136,136.90793461692894,-0.03680320823035724,2.4535472153571494,0.9814188861428598,-0.24535472153504745,-136.90793461692894,14.721283292142896,-0.04907094430714299,26.000937522233087,472.30067963629097,0.012267736076785747,0.35050674505102136,-78.00281256669926,-7.812094333697132,-0.9814188861428598,-66.37787894120099,-0.04907094430714299,0.012267736076785747,-136.90793461692894,4.907094430714299,0.04907094430714299,0.04907094430714298,-163.71902514199468,0.05397803873785729,0.0,-0.03680320823035724,14.721283292142896,0.04907094430714299,14.7212832921429,-24.535472153571494,-0.024535472153571495,147.3124921337984,109.90449326448966,-0.03680320823035724,-0.04907094430714299,-15.211992735214327,0.04907094430714298,4.907094430714299,-0.9814188861428598,0.0,0.0,-4.907094430714299,66.37787894120099,0.0,9.814188861428597,0.07360641646071447,-537.0438934682034,4.907094430714299,-333.3333333333333,472.30067963629097,-9.814188861428597,0.024535472153571495,0.4907094430714299,13.000468761116544,173.63626298646835,-0.04907094430714298,-174.8630365941468,163.71902514199468,15.211992735214327,0.04907094430714299,7.812094333697132,413.41554646771937,472.30067963629097,-0.04907094430714298,-0.012267736076785747,-472.30067963629097,-0.04907094430714298,-95.0929055692857,0.049070944307370364,-0.012267736076785747,-0.012267736076785747,-0.012267736076785747,19.628377722857195,24.535472153571494,0.4907094430714299,36.35543586355401,-0.012267736076785747,0.0,2.4535472153571494,50.0,0.04907094430714298,0.024535472153571495,0.02453547215357149,75.0,15.211992735214327,0.04907094430714298,-15.211992735214327,0.4907094430714299,0.04907094430714299,-36.35543586355401,0.04907094430714299,0.19628377722790447,0.24535472153504745,0.024535472153571495,0.012267736076785747,14.721283292142896,-0.04907094430714299,0.0,0.4907094430714299,-72.71087172710801,1.2267736076785747,-4.907094430714299,9.814188861428597,2.4535472153571494,-0.04907094430714299,78.00281256669926,0.07360641646071447,-0.04907094430714299,-150.0,15.211992735214327,302.3904094456758,0.024535472153571495,-100.0,-0.04907094430714299,-0.049070944307370364,-0.049070944307143,0.024535472153571495,136.90793461692894,-9.814188861428597,0.04907094430714298,26.000937522233087,-0.012267736076785747,-0.05397803873785729,-26.000937522233087,7.360641646071446,-109.90449326448966,124.31154435182941,136.90793461692894,-0.03680320823035724,174.8630365941468,-173.63626298646835,0.04907094430714299,-0.012267736076785746,2.4535472153571494,49.07094430714298,-0.024535472153571495,-0.04907094430714299,0.012267736076785747,946.2450881246953,0.0,237.0193579960498,0.0,-255.0,0.0,108.52283023701311,-140.0,0.0,608.2219574441507,-255.0,-185.23334130799464,-300.0,-304.11097872207534,127.5,127.5,0.0,70.0,-163.82207412503976,-134.50625116240442,300.0,185.23334130799464,-134.50625116240442,-108.52283023701311,-154.89990533071028,0.0,1496.5981,hplb
401,0.0,0.0,0.0,0.0,0.0,0.0,0.0,0.0,-0.05279961631268047,0.0,0.0,0.0,0.0,0.0,0.0,0.0,-611.7184010139979,1000.0,0.0,-88.28159898600211,0.0,0.0,0.0,844.869664530641,0.0,0.0,0.0,0.0,0.0,861.3489701824797,0.0,0.0,116.52221418927887,0.0,0.0,0.0,0.0,-119.72014578819682,0.0,-1000.0,-367.90861693099987,0.0,-682.208395535986,0.0,0.0,0.0,0.0,0.0,724.4543026041786,-454.05745544680343,0.0,1000.0,0.0,0.058079577944028175,0.0,0.0,0.0,0.0,0.0,0.0,-146.92854897960513,0.0,556.8465665168669,409.91801753726173,0.0,0.0,0.0,0.0,0.0,0.0,0.0,0.5279961631268048,0.0,0.0,0.0,0.0,0.0,0.0,0.0,0.0,0.0,0.0,-112.17332062990405,0.0,31.67976978760828,0.0,142.278662769668,658.26172826301,294.00599597445307,1000.0,-0.013199904078170118,0.0,0.0,-22.310914290210818,15.83988489380414,0.0,15.83988489380414,-1.7001476452688848,0.0,0.0,0.0,2.6399808156340234,398.3393880895873,0.0,0.0,-22.310914290210818,0.0,0.0,0.0,0.0,0.0,0.0,0.0,0.0,0.0,0.0,0.0,0.0,0.0,0.0,0.0,0.0,0.0,0.0,-282.5986391899629,0.0,0.0,15.83988489380414,0.0,16.367881056930948,16.367881056930948,0.0,-357.2534817561495,0.0,357.2534817561495,-357.2534817561495,765.4040019283021,0.0,0.0,-765.4040019283021,0.0,0.0,0.0,0.0,0.0,258.51755385564843,0.05279961631268047,0.0,0.0,0.0,0.0,-468.2327476837063,0.0,0.0,112.17332062990405,0.0,-50.328621449937884,0.0,0.0,0.0,0.0,0.0,-80.53099201576961,-80.53099201576961,0.0,0.0,0.0,0.0,0.0,0.0,0.0,-80.47819239945693,0.0,0.0,0.0,819.6727991552291,-846.9771725487644,0.0,0.0,0.0,0.0,0.0,0.0,0.0,0.0,0.0,0.0,0.0,0.0,0.0,0.0,-1000.0,0.0,0.0,0.0,0.0,0.0,454.05745544680343,-317.7916044640139,-1000.0,1000.0,0.0,0.0,0.0,0.0,0.0,0.0,0.0,463.00958209289234,-1000.0,0.0,0.0,0.0,0.0,0.0,0.0,0.0,0.0,0.0,0.0,0.0,0.0,0.0,0.0,389.3525942087785,-656.2932673086464,0.0,0.0,0.0,0.0,0.0,0.0,0.0,0.0,0.0,-146.92854897960513,-656.2932673086464,0.0,0.0,0.0,0.0,0.0,0.0,0.0,0.0,0.0,10.559923262536094,0.0,0.0,388.20239956153307,1000.0,64.9244264031746,0.0,656.2932673086464,0.0,0.0,0.0,-7.159381882814884,0.0,0.0,0.0,-80.93671603859173,0.0,0.0,-1000.0,0.0,1000.0,-1000.0,0.0,1000.0,-705.9940040255469,0.0,-470.9976298531907,454.05745544680343,0.0,180.0466916262404,0.0,0.0,0.0,-564.2072203630955,0.0,564.2072203630955,0.0,-507.41977994108623,0.0,0.0,-1000.0,0.0,0.0,0.0,-146.92854897960513,-0.0791994244690207,0.0,0.0,0.0,0.0,0.05279961631268047,0.0,0.0,0.0,984.1601151061959,-611.7184010139979,0.0,-14.873942860140545,216.12089337015715,846.9771725487644,-491.50880877465966,0.0,-217.77232643415573,0.0,-22.310914290210818,0.0,0.0,0.0,5.661686876402655,0.0,212.11063955775307,-1000.0,-1000.0,0.0,0.0,0.0,0.0,0.0,0.0,0.0,0.0,0.0,0.0,0.0,0.0,0.0,0.0,0.0,0.0,0.0,-1000.0,0.0,-880.4910526770543,112.17332062990405,0.0,0.0,0.0,0.0,0.0,-258.51755385564843,0.0,0.0,0.0,0.0,0.0,-623.2463483447891,0.0,0.0,0.0,623.2463483447891,0.0,0.0,-293.4130567637018,0.0,0.0,-2.6399808156340234,0.0,-1.3199904078170117,-2.6399808156340234,237.8690951274234,0.0,-571.31016851035,-358.6259753673842,1000.0,15.83988489380414,0.0,0.0,0.0,0.0,0.0,0.0,0.0,0.0,0.0,0.0,266.75099102767473,0.0,0.0,0.0,0.0,0.0,463.00958209289234,0.0,0.0,-9.29977241987433,0.0,0.0,139.4400767374639,0.0,0.0,0.0,0.0,-94.72003836873195,0.10559923262553639,0.0,0.0,0.0,0.0,0.0,0.0,0.0,0.0,0.0,0.0,0.0,0.0,0.0,0.0,0.0,0.0,0.0,0.0,0.0,0.058079577944028175,0.058079577944028175,0.0,199.87997231829567,0.0,31.67976978760828,0.0,0.0,0.0,1000.0,0.0,0.0,142.278662769668,0.0,0.0,294.5409776168645,-1000.0,0.0,0.0,0.0,0.0,0.0,139.4400767374639,0.0,0.0,0.0,0.0,0.0,0.0,0.0,94.1995463966543,-984.1601151061959,468.2327476837063,0.0,146.34423322574438,0.0,252.61186047913378,-274.9227747693446,-274.9227747693446,0.0,294.5409776168645,0.0,0.0,199.82093924813256,0.0,0.0,0.0,0.0,0.0,0.0,0.0,0.0,0.0,0.0,0.0,0.0,0.0,0.0,0.0,0.0,31.67976978760828,0.0,0.0,0.0,0.0,0.0,0.0,0.0,0.0,0.0,0.0,0.0,0.0,0.5279961631268048,0.0,0.0,142.278662769668,-142.278662769668,0.0,-317.7916044640139,0.0,0.0,15.83988489380414,0.0,0.0,0.0,0.0,0.0,0.0,0.0,0.0,0.0,0.0,1000.0,0.0,0.0,15.83988489380414,15.83988489380414,873.3826731822462,-1000.0,0.0,139.4400767374639,0.0,0.0,0.0,0.0,0.0,601.6606119104126,463.00958209289234,674.3051965068239,0.05279961631268047,0.0,0.0,4.257911915501172,0.0,0.0,0.0,22.310914290210818,0.0,0.0,0.0,0.0,0.0,0.0,0.0,0.0,0.0,0.0,0.0,0.0,0.0,0.0,0.05279961631268047,0.0,0.0,0.0,0.0,0.0,0.0,0.0,0.0,0.0,0.0,-258.51755385564843,0.0,0.0,119.50894732294569,-3.959971223451035,0.0,-2.639980815633976,0.0,0.0,0.0,0.0,0.0,0.0,0.0,0.0,0.0,0.0,0.0,0.0,846.9771725487644,0.0,0.0,431.329812305284,0.0,0.0,0.0,-0.05279961631268047,0.0,0.0,0.05279961631268047,0.0,0.05279961631268047,0.0,0.0,0.0,31.67976978760828,64.41553190147017,64.41553190147017,0.0,0.0,0.0,0.0,0.0,0.0,0.0,468.2327476837063,0.0,463.00958209289234,0.0,0.0,0.0,10.207733840924522,0.0,0.0,0.0,0.0,0.0,0.0,0.0,0.0,0.0,0.0,0.0,0.0,0.0,0.0,0.0,0.0,0.0,0.0791994244690207,0.0,0.0,0.0,-15.83988489380414,0.0,0.0,0.0,0.0,0.0,-199.87997231829567,2.6399808156340234,0.0,0.0,0.0,0.0,0.0,258.51755385564843,-2.639980815633976,0.0,0.0,0.0,0.0,0.0,0.0,0.0,0.0,0.0,0.0,0.0,199.87997231829567,0.0,-120.01737477866878,-22.310914290210818,0.0,0.0,0.0,0.0,112.17332062990405,-71.57491378428506,0.0,2.639980815633976,619.7745863556064,0.0,0.0,0.0,-293.8570979592103,0.0,0.0,372.24424954793574,-372.24424954793574,0.0,0.0,0.0,0.0,0.0,203.83994354174672,-211.7598859886491,64.41553190147017,0.0,109.37499999999999,109.37499999999999,-109.375,0.0,0.0,0.0,0.0,0.0,0.0,0.0,0.0,0.0,-4.257911915501172,0.0,-682.208395535986,15.83988489380414,142.278662769668,0.0,0.0,0.0,-229.67358794062764,0.0,0.0,0.058079577944028175,0.0,0.0,0.0,32.20776595073509,0.0,0.0,0.0,0.0,389.3525942087785,0.0,0.0,0.0,0.0,0.0,0.0,0.0,0.0,-782.1865949813143,0.0,0.005279961631268204,0.005279961631268204,0.0,0.0,0.0,0.0,0.0,0.0,0.0,0.0,0.0,4.257911915501172,0.0,0.0,0.0,0.0,0.0,199.87997231829567,0.0,0.0,0.0,0.0,0.0,0.0,0.0,454.05745544680343,0.0,0.0,0.0,284.557325539336,-728.9623336493273,-647.0909990776967,1000.0,0.0,0.0,0.0,31.67976978760828,0.0,0.0,0.0,0.0,0.0,0.0,-31.67976978760828,0.0,284.557325539336,0.0,0.0,0.0,0.0,0.0,0.0,0.0,0.0,0.0,0.0,-674.3051965068239,0.0,46.37547101511065,-15.83988489380414,0.0,0.0,-119.72014578819682,0.0,0.0,0.0,0.0,0.0,0.0,0.0,0.0,0.0,0.0,0.0,0.0,0.0,0.0,0.0,0.0,0.0,-6.599952039085011,0.0,-3.959971223451035,218.0076486061223,0.0,0.0,0.0,0.0,0.0,890.8965540762229,-891.5565492801313,121.47309304977838,0.0,0.0,0.0,0.0,0.0,0.0,0.0,1000.0,15.83988489380414,15.83988489380414,0.0,0.0,0.0,0.0,0.0,0.058079577944028175,199.87997231829567,0.0,0.0,119.72014578819682,0.0,0.0,0.0,0.0,0.0,0.0,0.0,0.0,0.0,0.0,0.0,0.0,0.0,0.0,0.0,0.0,0.0,16.367881056930948,0.0,55.43959712831449,0.0,0.0,146.34423322574438,0.0,0.0,0.0,199.87997231829567,0.0,-260.2177015009173,0.0,0.0,0.0,-6.599952039085011,0.0,0.0,0.0,0.0,0.0,0.0,0.0,0.0,0.0,0.0,0.0,0.0,0.0,0.0,0.0,0.0,0.0,0.0,-0.05279961631268047,0.0,0.0,2.6399808156340234,-294.5409776168645,0.0,0.0,0.0,0.0,0.0,0.0,0.0,0.0,-5.661686876402655,1.3199904078170117,0.0,0.0,0.0,0.05279961631268047,0.0,52.79961631268046,0.0,10.559923262536094,0.37714011651914753,180.0466916262404,-0.03959971223451035,2.6399808156340234,1.0559923262536095,-0.26399808156381255,-180.0466916262404,15.83988489380414,-0.05279961631268047,7.4369714300702725,139.4400767374639,0.013199904078170118,0.37714011651914753,-22.310914290210818,-150.68436168664724,-1.0559923262536302,-300.0,-0.05279961631268047,0.013199904078170118,-180.0466916262404,5.279961631268047,0.05279961631268047,0.05279961631268047,-199.76909312403896,-142.22058319172405,-166.6204239775892,-0.03959971223451035,15.83988489380414,0.05279961631268047,15.83988489380414,-26.399808156340235,-0.026399808156340236,261.5708740079487,-5.332761247580727,-0.03959971223451035,-0.05279961631268047,0.0,0.05279961631268047,5.279961631268047,-1.0559923262536095,0.0,0.0,-5.279961631268047,300.0,0.0,10.559923262536094,0.0791994244690207,-1000.0,5.279961631268047,-94.1995463966543,139.4400767374639,-10.559923262536094,0.026399808156340236,0.5279961631268048,3.7184857150351363,210.43989558083177,-0.05279961631268047,-211.7598859886491,199.76909312403896,16.367881056930948,0.05279961631268047,150.68436168664724,76.08053716224748,139.4400767374639,-0.05279961631268047,-0.013199904078170118,-139.4400767374639,-0.05279961631268047,-94.72003836873195,0.05279961631268047,-0.013199904078170118,-0.013199904078170118,-0.013199904078170118,21.119846525072187,26.399808156340235,0.5279961631268048,39.11791573565776,-0.013199904078170118,0.0,2.6399808156340234,50.0,0.05279961631268047,0.026399808156340236,0.026399808156340236,75.0,0.0,0.05279961631268047,0.0,0.5279961631268048,0.05279961631268047,-39.11791573565776,0.05279961631268047,0.21119846525107278,0.26399808156381255,0.026399808156340236,0.013199904078170118,15.83988489380414,-0.05279961631268047,166.6204239775892,0.5279961631268151,-78.23583147131552,1.3199904078170115,-5.279961631268047,10.559923262536094,2.6399808156340234,-0.05279961631268047,22.310914290210818,0.0791994244690207,-0.05279961631268047,-150.0,0.0,268.9352793105602,0.026399808156340236,-100.0,-0.05279961631268047,-0.05279961631268047,-0.05279961631268047,0.026399808156340236,180.0466916262404,-10.559923262536094,0.05279961631268047,7.4369714300702725,-0.013199904078170118,142.22058319172405,-7.4369714300702725,7.919942446902069,5.332761247580727,545.0213231729109,180.0466916262404,-0.03959971223451035,211.7598859886491,-210.43989558083177,0.05279961631268047,-0.013199904078170115,2.639980815633976,52.79961631268047,-0.026399808156340236,-0.05279961631268047,0.013199904078170118,96.1364986340268,0.0,705.9676042173905,0.0,-255.0,0.0,589.5275592661492,-140.0,0.0,-80.0,-255.0,577.690199199839,-294.00599597445307,40.0,127.5,127.5,0.0,70.0,-199.87997231829567,-39.26169136993254,294.00599597445307,-577.690199199839,-39.26169136993254,-589.5275592661492,254.08353023631682,0.0,1496.5981,hplb
402,0.0,0.0,0.0,0.0,0.0,0.0,0.0,0.0,-0.04038815322859199,0.0,0.0,0.0,0.0,0.0,0.0,0.0,-634.0687073046,934.0687073046,0.0,0.0,0.0,0.0,0.0,914.2417867354852,0.0,0.0,0.0,0.0,0.0,-121.28554803928637,0.0,0.0,630.2983608812935,0.0,0.0,0.0,0.0,291.03718303944595,0.0,-1000.0,987.8835540314224,0.0,-796.9564118621196,0.0,0.0,0.0,0.0,0.0,958.3978434817668,-41.35384268251047,0.0,0.0,0.0,0.04442696855153372,0.0,0.0,0.0,0.0,0.0,0.0,-3.556850027669643,0.0,3.556850027669643,0.0,0.0,0.0,0.0,0.0,950.606251026868,-950.606251026868,0.0,0.40388153228591994,0.0,0.0,0.0,0.0,0.0,0.0,0.0,0.0,0.0,0.0,-393.78607928745936,0.0,24.2328919371552,0.0,0.0,-1000.0,55.014210112985666,1000.0,324.0150354264619,0.0,0.0,287.5940606244019,12.1164459685776,0.0,12.1164459685776,-1.3004985339683799,0.0,0.0,0.0,2.0194076614295997,-1000.0,0.0,0.0,-11.622013087477828,0.0,0.0,0.0,0.0,0.0,0.0,0.0,0.0,0.0,0.0,0.0,0.0,0.0,0.0,0.0,0.0,0.0,0.0,-121.34064315221858,0.0,0.0,12.1164459685776,0.0,12.52032750086352,0.0,0.0,-1000.0,1000.0,0.0,0.0,-1000.0,0.0,0.0,1000.0,0.0,0.0,0.0,0.0,0.0,396.8959670860609,0.04038815322859199,324.02513246476906,0.0,0.0,0.0,-683.0776306457184,0.0,0.0,38.91621699795968,0.0,242.3752275583979,0.0,0.0,0.0,0.0,0.0,622.0081920095895,622.0081920095895,0.0,0.0,0.0,0.0,0.0,0.0,0.0,622.0485801628181,0.0,0.0,0.0,-318.57544661351426,-327.35394876146074,0.0,0.0,0.0,0.0,0.0,0.0,0.0,0.0,0.0,0.0,0.0,0.0,0.0,0.0,-1000.0,0.0,0.0,0.0,0.0,0.0,41.35384268251047,796.9564118621196,-755.0142101129857,755.0142101129857,0.0,0.0,0.0,0.0,0.0,0.0,0.0,878.7144519607136,-5.048519153574,0.0,0.0,0.0,0.0,0.0,0.0,0.0,0.0,0.0,0.0,0.0,0.0,0.0,361.3005553757912,599.2328919371552,-1000.0,0.0,0.0,0.0,0.0,24.96393278506117,0.0,0.0,0.0,0.0,-3.556850027669643,-1000.0,0.0,0.0,0.0,0.0,0.0,0.0,0.0,0.0,0.0,8.077630645718399,0.0,0.0,-13.07200836385175,0.0,0.3400452309007278,0.0,1000.0,0.0,0.0,0.0,-299.24020561080545,0.0,0.0,0.0,-422.750757348659,0.0,0.0,-917.4103656665296,-472.8160095081821,0.0,-1000.0,555.4056438416525,-82.5896343334704,-700.0,0.0,220.65665370984755,41.35384268251047,0.0,87.7190147227105,0.0,0.0,0.0,-132.0023593145981,0.0,132.0023593145981,0.0,1000.0,0.0,0.0,456.7195048928306,0.0,0.0,0.0,-3.556850027669643,-0.06058222984288799,0.0,0.0,0.0,0.0,0.04038815322859199,0.0,0.0,0.0,962.9196212463612,-634.0687073046,0.0,-285.6511103283849,71.88198120105301,327.35394876146074,1000.0,0.0,0.0,0.0,-11.622013087477828,0.0,0.0,0.0,509.8692658161828,0.0,-509.8692658161828,937.3409313609153,-1000.0,0.0,0.0,0.0,0.0,0.0,0.0,0.0,0.0,0.0,0.0,0.0,0.0,0.0,0.0,0.0,0.0,0.0,-708.8012643476324,0.0,-1000.0,0.0,0.0,0.0,994.7845079845861,0.0,0.0,-61.16975368051283,0.0,393.78607928745936,0.0,0.0,0.0,0.0,0.0,0.0,-1.0097038307147999,-950.606251026868,8.754375046290605,40.468322367535414,-57.86006831528101,0.0,0.0,-499.41166165372266,0.0,0.0,-42.48773002896501,958.1017881420307,0.0,0.0,-302.35300007814527,852.4621523621289,12.1164459685776,-968.7500000000174,968.7500000000174,0.0,0.0,0.0,0.0,0.0,-361.3005553757912,361.3005553757912,361.3005553757912,-1000.0,0.0,0.0,-378.0321961436391,0.0,0.0,878.7144519607136,0.0,0.0,-7.113700055339286,0.0,0.0,0.0,0.0,0.0,0.0,0.0,-95.9611846771408,0.08077630645721001,0.0,0.0,0.0,0.0,0.0,0.0,0.0,0.0,0.0,0.0,0.0,0.0,0.0,0.0,0.0,0.0,0.0,0.0,0.0,0.04442696855153372,0.04442696855153372,0.0,390.4349035339329,0.0,24.2328919371552,0.0,0.0,0.0,1000.0,0.0,0.0,0.0,0.0,0.0,-602.6029533075792,-1000.0,0.0,0.0,233.20721281809986,0.0,0.0,0.0,0.0,0.0,0.0,0.0,0.0,0.0,0.0,40.44688105073953,-962.9196212463612,683.0776306457184,0.0,3.1098877986015623,0.0,262.63012783934073,24.96393278506117,0.0,0.0,-602.6029533075792,0.0,-698.56413798472,0.0,-546.8750000000188,546.8750000000188,361.3005553757912,0.0,0.0,0.0,0.0,0.0,0.0,0.0,0.0,0.0,0.0,0.0,0.0,0.0,24.2328919371552,0.0,0.0,0.0,0.0,0.0,0.0,0.0,0.0,0.0,0.0,0.0,0.0,0.40388153228591994,0.0,0.0,0.0,0.0,0.0,796.9564118621196,0.0,0.0,12.1164459685776,-233.20721281809986,0.0,0.0,0.0,0.0,0.0,0.0,0.0,0.0,0.0,1000.0,1000.0,0.0,12.1164459685776,12.1164459685776,1000.0,-1000.0,0.0,0.0,0.0,0.0,0.0,0.0,0.0,1000.0,878.7144519607136,585.8949999858133,0.04038815322859199,0.0,0.0,0.0,53.338326074531246,502.81295215512336,0.0,-287.5940606244019,0.0,0.0,0.0,0.0,0.0,0.0,0.0,0.0,0.0,0.0,0.0,0.0,0.0,0.0,0.04038815322859199,0.0,0.0,0.0,0.0,0.0,0.0,0.0,0.0,0.0,0.0,583.7132782948142,-38.91621699795968,0.0,-542.2956883402353,-3.0291114921444002,-2.0194076614295997,0.0,0.0,0.0,0.0,0.0,0.0,0.0,0.0,0.0,0.0,0.0,0.0,0.0,327.35394876146074,0.0,0.0,854.4815600235585,0.0,0.0,0.0,-0.04038815322859199,0.0,0.0,0.04038815322859199,0.0,0.04038815322859199,0.0,0.0,0.0,24.2328919371552,49.27354693888224,49.27354693888224,0.0,0.0,0.0,0.0,0.0,0.0,393.78607928745936,683.0776306457184,0.0,878.7144519607136,0.0,0.0,0.0,513.3466858091647,0.0,0.0,0.0,0.0,0.0,0.0,0.0,0.0,0.0,0.0,0.0,0.0,0.0,24.96393278506117,0.0,0.0,0.0,0.06058222984288799,0.0,0.0,0.0,-12.1164459685776,0.0,0.0,0.0,0.0,0.0,-390.4349035339329,2.0194076614295997,0.0,0.0,0.0,0.0,0.0,-938.8302463194872,0.0,0.0,0.0,0.0,0.0,0.0,0.0,0.0,0.0,0.0,233.20721281809986,209.45665283847518,29.134348158141734,0.0,1000.0,491.1909390676455,251.09695268786754,-1000.0,393.78607928745936,355.11696802467293,38.91621699795968,-348.5137525496875,0.0,2.0194076614295997,843.0274036617553,0.0,0.0,0.0,-7.113700055339286,-1000.0,1000.0,-609.3750000000006,609.3750000000006,0.0,-335.7262134055481,0.0,0.0,0.0,393.46401502607733,-399.52223801036627,49.27354693888224,0.0,0.0,0.0,0.0,0.0,0.0,0.0,0.0,0.0,0.0,0.0,0.0,0.0,-53.338326074531246,-1000.0,-796.9564118621196,12.1164459685776,0.0,0.0,0.0,0.0,-83.92174234419173,0.0,0.0,0.04442696855153372,0.0,0.0,0.0,24.636773469441117,0.0,0.0,0.0,0.0,599.2328919371552,0.0,0.0,0.0,0.0,0.0,0.0,0.0,0.0,-765.5794143764637,0.0,0.004038815322859199,0.004038815322859199,0.0,0.0,0.0,0.0,0.0,0.0,0.0,0.0,0.0,0.0,0.0,0.0,0.0,0.0,0.0,390.4349035339329,0.0,0.0,0.0,0.0,0.0,0.0,0.0,41.35384268251047,0.0,0.0,0.0,0.0,0.0,707.8734944445339,934.0687073046,0.0,0.0,0.0,24.23289193715516,0.0,0.0,0.0,0.0,0.0,-428.9232808041347,404.6903888669795,0.0,0.0,0.0,0.0,0.0,0.0,0.0,0.0,0.0,0.0,0.0,0.0,-585.8949999858133,937.3409313609153,541.0125707707502,455.8875238325965,-468.0039698011741,0.0,291.03718303944595,0.0,0.0,0.0,0.0,0.0,0.0,0.0,0.0,0.0,523.4375,0.0,-523.4374999999999,-523.4374999999999,0.0,0.0,0.0,0.0,-5.048519153574,0.0,-3.0291114921444002,909.8398123273864,0.0,0.0,0.0,0.0,0.0,-0.5048519153573999,0.0,46.029917053298966,0.0,0.0,0.0,0.0,0.0,0.0,0.0,1000.0,12.1164459685776,12.1164459685776,0.0,0.0,0.0,0.0,0.0,0.04442696855153372,390.4349035339329,0.0,0.0,-291.03718303944595,0.0,0.0,0.0,0.0,0.0,0.0,0.0,0.0,0.0,0.0,0.0,0.0,0.0,0.0,0.0,0.0,0.0,0.0,0.0,42.4075608900216,396.8959670860609,0.0,0.0,0.0,0.0,0.0,390.4349035339329,0.0,935.5103401240892,0.0,0.0,0.0,-5.048519153574,0.0,0.0,0.0,0.0,0.0,0.0,0.0,0.0,0.0,0.0,0.0,0.0,0.0,0.0,0.0,0.0,0.0,0.0,-0.04038815322859199,0.0,0.0,2.0194076614295997,602.6029533075792,0.0,0.0,0.0,0.0,0.0,0.0,0.0,0.0,-509.8692658161828,1.0097038307147999,0.0,0.0,0.0,0.04038815322859199,0.0,40.38815322859199,-12.52032750086352,8.077630645718399,0.2884868087756571,112.68294750777167,-0.030291114921443995,499.41166165372266,0.8077630645718399,-0.20194076615040166,-112.68294750777167,12.1164459685776,-0.040388153228591996,3.8740043624926095,0.0,0.010097038307147999,0.2884868087756571,-11.622013087477828,-6.42979399399951,-0.8077630645718399,-300.0,-0.040388153228591996,0.010097038307147999,-112.68294750777167,376.84001192314463,0.040388153228591996,0.04038815322859199,-390.3500884121528,0.044426968551451194,-200.20256722835444,-0.030291114921443995,12.1164459685776,0.040388153228591996,12.116445968577523,-20.194076614295998,-0.020194076614295998,-18.92863415508782,-29.043136261148963,-0.030291114921443995,-0.040388153228591996,-12.52032750086352,0.04038815322859199,4.038815322859199,-0.8077630645718399,24.96393278506117,24.96393278506117,-4.038815322859193,300.0,-24.96393278506117,8.077630645718399,0.06058222984288799,-53.27700526420563,4.038815322859199,-40.44688105073953,0.0,-8.077630645718399,0.020194076614295998,0.40388153228591994,71.41277758209623,37.211978803860134,-0.04038815322859199,-399.52223801036627,390.3500884121528,12.52032750086352,0.040388153228591996,6.42979399399951,-421.26698047459547,0.0,-0.04038815322859199,-0.010097038307147999,0.0,-0.04038815322859199,-95.9611846771408,0.040388153228591996,-0.010097038307147999,-0.010097038307147999,-0.010097038307147999,16.155261291436798,20.194076614295998,0.40388153228591994,219.39393243794572,-0.010097038307147999,138.95155080169985,2.0194076614295997,50.0,0.04038815322859199,0.020194076614295998,0.020194076614295994,4.038815322859199,12.52032750086352,0.04038815322859199,-12.52032750086352,0.40388153228591994,0.040388153228591996,-598.3366512673545,0.040388153228591996,0.16155261292169598,0.20194076615040166,0.020194076614295998,0.010097038307147999,12.1164459685776,-0.040388153228591996,200.20256722835444,0.40388153228591994,-438.78786487589144,498.4019578230079,-4.038815322859199,8.077630645718399,2.0194076614295997,-0.040388153228591996,11.622013087477828,0.06058222984288799,-0.040388153228591996,-8.077630645718399,12.52032750086352,380.4334295090813,0.020194076614295998,-100.0,-0.040388153228591996,-0.040388153228591996,-0.040388153228592,0.020194076614295998,112.68294750777167,-8.077630645718399,0.04038815322859199,142.82555516419245,-0.010097038307147999,-0.044426968551451194,-142.82555516419245,6.058222984288798,29.043136261148963,-165.38057006589048,112.68294750777167,-0.030291114921443995,399.52223801036627,-37.211978803860134,0.040388153228591996,-0.010097038307147997,2.0194076614295997,40.38815322859199,-0.020194076614295998,-0.040388153228591996,0.010097038307147999,397.95700123518554,0.0,-246.74318881240868,378.9427188294087,-255.0,0.0,384.61184677140807,-140.0,372.80119660028544,-80.0,500.7314302866361,-325.0,-300.0,40.0,127.5,-250.36571514331806,-372.80119660028544,70.0,-390.4349035339329,-296.51168716488957,300.0,325.0,-296.51168716488957,-384.61184677140807,400.92000596157214,0.0,1496.5981,hplb
403,0.0,0.0,0.0,0.0,0.0,0.0,0.0,0.0,-0.09653312593037988,0.0,0.0,0.0,0.0,0.0,0.0,0.0,-720.0445582508491,20.044558250849114,0.0,1000.0,0.0,0.0,0.0,884.9247257478746,0.0,0.0,0.0,0.0,0.0,-585.9374779055298,0.0,0.0,303.6767734242397,0.0,0.0,0.0,0.0,986.2021985336843,0.0,-1000.0,971.040062220886,0.0,0.0,611.7574043447382,0.0,0.0,0.0,0.0,295.8899578785066,0.0,0.0,-10.09207827787226,0.0,0.10618643852351335,0.0,0.0,0.0,19.306625186075976,0.0,0.0,-101.7270003952186,0.0,0.0,-101.7270003952186,0.0,0.0,0.0,0.0,232.79655401108587,-232.79655401108587,0.0,0.9653312593037988,0.0,0.0,0.0,0.0,0.0,0.0,0.0,0.0,0.0,0.0,-76.58409590852254,0.0,57.919875558227936,0.0,93.22564977161674,664.6538261721514,988.349264785424,244.24880290807158,-0.02413328148259497,0.0,0.0,336.8733582929226,28.959937779113968,0.0,28.959937779113968,-3.108366654957595,0.0,0.0,0.0,4.826656296518994,-585.9374779055298,0.0,0.0,-0.5815205220847561,0.0,0.0,0.0,0.0,0.0,0.0,0.0,0.0,0.0,0.0,0.0,0.0,0.0,0.0,0.0,0.0,0.0,0.0,-1000.0,0.0,0.0,28.959937779113968,0.0,29.92526903841777,0.0,0.0,-839.7498457189683,839.7498457189683,0.0,0.0,-171.00389008580777,0.0,0.0,171.00389008580777,0.0,0.0,0.0,0.0,0.0,177.24279637677853,0.09653312593037988,0.0,0.0,0.0,0.0,-664.2918171659495,0.0,0.0,0.0,0.0,347.62119598984765,0.0,0.0,0.0,0.0,0.0,-109.6500232593697,-109.6500232593697,0.0,0.0,0.0,0.0,-1000.0,0.0,0.0,-109.55349013343933,0.0,0.0,0.0,17.123320169812445,0.0,0.0,0.0,0.0,0.0,0.0,0.0,0.0,0.0,0.0,-1000.0,0.0,0.0,0.0,0.0,-1000.0,0.0,0.0,0.0,0.0,0.0,0.0,10.09207827787226,-970.6358623285303,970.6358623285303,0.0,0.0,0.0,0.0,0.0,0.0,0.0,0.0,242.2496832547047,0.0,0.0,0.0,0.0,0.0,0.0,0.0,0.0,0.0,0.0,0.0,0.0,0.0,125.0169440936812,689.1054317532256,1000.0,0.0,0.0,0.0,0.0,160.25015428103163,0.0,0.0,0.0,0.0,-101.7270003952186,388.24259565526177,0.0,0.0,0.0,0.0,0.0,0.0,0.0,0.0,0.0,0.0,0.0,0.0,-958.9851271139543,1000.0,0.0,0.0,-1000.0,0.0,0.0,0.0,-142.33033929334877,0.0,0.0,0.0,-56.3417550941582,0.0,0.0,-1000.0,0.0,1000.0,-1000.0,0.0,1000.0,17.71340245689379,0.0,-921.2271664062115,0.0,0.0,109.07726706472818,0.0,0.0,0.0,-239.1265786406251,0.0,239.1265786406251,0.0,215.26356081866575,0.0,0.0,329.70131190035454,0.0,0.0,0.0,-101.7270003952186,-0.14479968889556982,0.0,0.0,0.0,0.0,0.09653312593037988,0.0,0.0,0.0,810.7899079398544,-720.0445582508491,0.0,-862.1050053654844,960.1968734319678,0.0,1000.0,0.0,0.0,0.0,-0.5815205220847561,0.0,0.0,0.0,239.24773255796967,738.8980230601755,-978.1457556181451,-1000.0,-1000.0,0.0,0.0,0.0,0.0,0.0,0.0,0.0,0.0,0.0,0.0,0.0,0.0,0.0,0.0,0.0,0.0,0.0,-13.411668962594257,0.0,-1000.0,0.0,0.0,0.0,0.0,576.4049369185345,0.0,-177.24279637677853,0.0,76.58409590852254,0.0,0.0,0.0,0.0,-808.648238328612,0.0,-2.413328148259497,-971.6945770712614,0.0,955.9256161632939,0.0,600.6046668523131,808.648238328612,-4.826656296518994,-533.6568523531736,0.0,-960.7522724598128,0.0,0.0,-492.30169087848947,0.0,1000.0,28.959937779113968,-343.7500000000246,343.7500000000246,0.0,0.0,0.0,0.0,0.0,-125.0169440936812,125.0169440936812,125.0169440936812,-70.38516023589926,0.0,0.0,-604.6870665188161,0.0,0.0,0.0,0.0,0.0,-17.002701247203714,0.0,0.0,0.0,0.0,0.0,0.0,0.0,-4.1463231918379035,0.19306625186065277,0.0,0.0,0.0,0.0,0.0,0.0,0.0,0.0,0.0,0.0,0.0,0.0,0.0,0.0,0.0,0.0,0.0,0.0,0.0,0.10618643852351335,0.10618643852351335,0.0,212.20514723065256,0.0,57.919875558227936,0.0,0.0,0.0,1000.0,0.0,0.0,93.22564977161674,0.0,0.0,567.2762096013652,-1000.0,0.0,0.0,957.9962976077175,0.0,0.0,0.0,0.0,0.0,0.0,0.0,0.0,0.0,0.0,333.3333333333333,-810.7899079398544,664.2918171659495,0.0,202.69224443188145,0.0,1000.0,-663.1266417070774,-823.376795988109,0.0,567.2762096013652,0.0,1000.0,-436.8701135904728,-718.7499999999998,718.7499999999998,125.0169440936812,0.0,0.0,0.0,0.0,0.0,0.0,0.0,0.0,0.0,0.0,0.0,0.0,0.0,57.919875558227936,0.0,0.0,0.0,0.0,0.0,0.0,0.0,0.0,0.0,0.0,0.0,0.0,0.9653312593037988,0.0,0.0,93.22564977161674,-93.22564977161674,0.0,10.09207827787226,0.0,0.0,28.959937779113943,-957.9962976077175,0.0,0.0,102.03354396362546,0.0,0.0,0.0,0.0,0.0,0.0,1000.0,0.0,0.0,28.959937779113964,28.959937779113968,715.6688679838715,-1000.0,0.0,0.0,0.0,0.0,0.0,0.0,0.0,585.9374779055298,0.0,643.4858970738178,0.09653312593037988,0.0,0.0,0.0,127.48578323762814,306.66005557190806,0.0,-336.8733582929226,0.0,0.0,0.0,0.0,0.0,0.0,0.0,0.0,0.0,0.0,0.0,0.0,0.0,0.0,0.09653312593037988,0.0,0.0,0.0,-428.8459345533919,428.8459345533919,0.0,0.0,0.0,0.0,0.0,-100.65870046825599,0.0,0.0,-986.5883310374057,-7.239984444778492,0.0,-4.826656296518994,0.0,0.0,0.0,0.0,0.0,0.0,0.0,0.0,0.0,0.0,0.0,0.0,0.0,0.0,0.0,512.5249654180295,0.0,0.0,0.0,-0.09653312593037988,0.0,0.0,0.09653312593037988,0.0,0.09653312593037988,0.0,0.0,0.0,57.919875558227936,117.77041363506348,117.77041363506348,0.0,0.0,0.0,0.0,0.0,0.0,76.58409590852254,664.2918171659495,0.0,0.0,0.0,0.0,247.55923470057547,0.0,0.0,0.0,0.0,0.0,0.0,0.0,0.0,0.0,0.0,0.0,0.0,0.0,0.0,160.25015428103163,0.0,-927.9468801931312,927.9468801931312,0.14479968889556982,0.0,0.0,0.0,-28.959937779113943,0.0,0.0,0.0,0.0,0.0,-212.20514723065256,4.826656296518994,0.0,0.0,0.0,0.0,1000.0,100.65870046825599,-4.826656296518994,0.0,0.0,0.0,0.0,0.0,0.0,0.0,0.0,0.0,957.9962976077175,0.0,87.18820313697135,0.0,969.9851919798735,306.0785350498233,0.0,-76.58409590852254,76.58409590852254,0.0,0.0,-260.10075292841225,0.0,4.826656296518994,1000.0,0.0,570.4448409762574,0.0,-203.4540007904372,0.0,0.0,0.0,0.0,0.0,0.0,0.0,0.0,0.0,985.5200311104431,0.0,117.77041363506348,0.0,0.0,0.0,0.0,0.0,0.0,0.0,0.0,0.0,0.0,0.0,0.0,233.92510056498793,-127.48578323762814,-676.0513924272694,0.0,28.959937779113968,93.22564977161674,0.0,0.0,0.0,204.28922004633193,0.0,0.0,0.10618643852351335,0.0,0.0,0.0,58.88520681753174,0.0,0.0,0.0,0.0,689.1054317532256,0.0,0.0,0.0,0.0,0.0,0.0,0.0,0.0,0.0,0.0,0.00965331259303799,0.00965331259303799,0.0,0.0,0.0,0.0,0.0,0.0,0.0,0.0,0.0,0.0,0.0,0.0,0.0,0.0,0.0,212.20514723065256,0.0,0.0,0.0,0.0,0.0,0.0,0.0,0.0,0.0,0.0,0.0,186.4512995432335,-55.33424675153071,-1000.0,20.044558250849114,0.0,0.0,0.0,57.919875558227936,0.0,0.0,0.0,0.0,0.0,0.0,-57.919875558227936,0.0,186.4512995432335,0.0,0.0,0.0,0.0,0.0,0.0,0.0,0.0,0.0,0.0,-643.4858970738178,-1000.0,313.6844259628857,971.040062220886,-1000.0,0.0,986.2021985336843,0.0,0.0,0.0,0.0,0.0,0.0,0.0,0.0,0.0,0.0,0.0,0.0,0.0,0.0,0.0,0.0,0.0,-12.066640741297487,0.0,-7.239984444778492,240.3192502557971,0.0,0.0,0.0,0.0,0.0,0.0,-1.206664074129749,17.002701247203714,0.0,0.0,0.0,0.0,0.0,0.0,0.0,1000.0,28.959937779113968,28.959937779113964,0.0,0.0,0.0,0.0,0.0,0.10618643852351335,212.20514723065256,0.0,0.0,-986.2021985336843,0.0,0.0,0.0,0.0,0.0,0.0,0.0,0.0,0.0,0.0,0.0,0.0,0.0,0.0,463.9734400965656,0.0,0.0,0.0,0.0,101.35978222689889,177.24279637677853,0.0,0.0,0.0,0.0,0.0,212.20514723065256,0.0,-103.76706712321358,0.0,0.0,0.0,-12.066640741297487,0.0,0.0,0.0,0.0,0.0,0.0,0.0,0.0,0.0,0.0,0.0,0.0,0.0,0.0,0.0,0.0,0.0,0.0,-0.09653312593037988,0.0,0.0,4.826656296518994,-567.2762096013652,0.0,0.0,0.0,0.0,0.0,0.0,0.0,0.0,-239.24773255796967,2.413328148259497,0.0,0.0,0.0,0.09653312593037988,0.0,96.53312593037988,-29.92526903841777,19.306625186075976,0.689522328074142,269.32742134575994,-0.07239984444778491,4.826656296518994,1.9306625186075976,-0.48266562965181947,-269.32742134575994,28.959937779113964,-0.09653312593037988,0.19384017402825204,0.0,0.02413328148259497,0.689522328074142,-0.5815205220847561,-108.59372341973257,-1.9306625186075976,-300.0,-0.09653312593037988,0.02413328148259497,-269.32742134575994,9.653312593037988,0.09653312593037988,0.09653312593037988,-212.00242766619866,-93.11946333309332,0.0,-0.07239984444778491,28.959937779113968,0.09653312593037988,28.959937779113943,-48.26656296518995,-0.04826656296518994,-346.45815494567813,-170.0,-0.07239984444778491,-0.09653312593037988,-29.92526903841777,0.09653312593037988,9.653312593037981,-1.9306625186075976,160.25015428103163,160.25015428103163,-9.653312593037988,300.0,-160.25015428103163,19.306625186075976,0.14479968889556982,-1000.0,9.653312593037988,-333.3333333333333,0.0,-19.306625186075976,0.04826656296518994,0.9653312593037988,215.5262513413711,106.49482832304733,-0.09653312593037988,-233.92510056498793,212.00242766619866,29.92526903841777,0.09653312593037988,108.59372341973257,-115.83975111645634,0.0,-0.09653312593037988,-0.02413328148259497,0.0,-0.09653312593037988,-4.1463231918379035,0.09653312593027533,-0.02413328148259497,-0.02413328148259497,-0.02413328148259497,38.61325037215195,48.26656296518995,0.9653312593037988,313.04126571480873,-0.02413328148259497,430.85866250871396,4.826656296518994,6.899817892437946,0.09653312593037988,0.04826656296518994,0.04826656296518994,9.653312593037988,29.92526903841777,0.09653312593037988,-29.92526903841777,0.9653312593037988,0.09653312593037988,-796.0858377970899,0.09653312593037988,0.38613250372148045,0.48266562965181947,0.04826656296518994,0.02413328148259497,28.959937779113968,-0.09653312593037988,0.0,0.9653312593037988,-626.0825314296175,2.413328148259498,-9.653312593037981,19.306625186075976,4.826656296518994,-0.09653312593037988,0.5815205220847561,0.14479968889556982,-0.09653312593037988,-19.306625186075962,29.92526903841777,13.78204141353703,0.04826656296518994,-13.799635784875893,-0.09653312593037988,-0.09653312593027533,-0.09653312593037988,0.04826656296518994,269.32742134575994,-19.306625186075976,0.09653312593037988,431.0525026827422,-0.02413328148259497,93.11946333309332,-431.0525026827422,14.479968889556982,170.0,612.0933013433474,269.32742134575994,-0.07239984444778491,233.92510056498793,-106.49482832304733,0.09653312593037988,-0.02413328148259497,4.826656296518994,96.53312593037988,-0.04826656296518994,-0.09653312593037988,0.02413328148259497,0.0,0.0,737.9895280720694,483.04457208228115,-255.0,0.0,272.28131787462246,0.26837954252209784,0.0,-80.0,-255.0,-325.0,-261.96220536496537,40.0,127.5,127.5,0.0,-0.13418977126104892,-212.20514723065256,-218.07126145986896,261.96220536496537,325.0,-218.07126145986896,-272.28131787462246,189.2338781990204,0.0,1496.5981,hplb
404,0.0,0.0,0.0,0.0,0.0,0.0,0.0,0.0,290.667883565178,0.0,0.0,0.0,0.0,0.0,0.0,0.0,-325.44951541425576,625.4495154142558,0.0,0.0,0.0,0.0,0.0,998.5667169345696,0.0,0.0,0.0,0.0,0.0,-14.352259698233864,0.0,0.0,139.6894553358234,0.0,0.0,0.0,0.0,1000.0,0.0,-1000.0,995.7844615722634,0.0,0.0,143.7210054703346,0.0,0.0,0.0,60.88904254430405,98.75768017114362,0.0,0.0,0.0,0.0,0.015456974235048123,0.0,0.0,0.0,63.69940149612845,0.0,0.0,-97.3230894710114,0.0,0.0,-491.1159208024268,0.0,0.0,0.0,0.0,0.0,0.0,0.0,0.14051794759122027,0.0,0.0,0.0,0.0,0.0,0.0,0.0,0.0,0.0,0.0,663.9195872852675,0.0,8.431076855473215,0.0,227.3373813721328,-62.10359779269969,-36.65408237844393,325.47059310639446,-0.0035129486897805063,0.0,0.0,-485.0873933666985,4.2155384277366075,0.0,4.2155384277366075,0.0,0.0,0.0,663.9195872852675,0.7025897379561012,-14.352259698233864,0.0,0.0,0.0,0.0,0.0,0.0,0.0,0.0,0.0,0.0,0.0,0.0,0.0,0.0,0.0,0.0,0.0,0.0,0.0,0.0,0.0,-256.72876318197416,0.0,0.0,4.2155384277366075,0.0,4.356056375327828,4.356056375327828,0.0,-1000.0,0.0,1000.0,-1000.0,-440.38424325600454,-953.1250000000009,953.1250000000009,46.59141192458918,0.0,0.0,0.0,0.0,0.0,-435.5002177166824,0.014051794759122023,0.0,0.0,0.0,-847.7582453412801,88.48836114007386,0.0,0.0,0.0,0.0,192.22212160232095,0.0,0.0,0.0,0.0,0.0,546.4991423762464,546.4991423762464,0.0,0.0,0.0,0.0,-512.1035888728809,0.0,0.0,546.5131941710055,0.0,0.0,0.0,0.0,0.0,0.0,0.0,0.0,0.0,0.0,0.0,0.0,0.0,0.0,-469.73692981741846,0.0,0.0,0.0,0.0,-1000.0,0.0,0.0,0.0,0.0,0.0,0.0,0.0,-36.65408237844393,36.65408237844393,340.36380770391054,0.0,0.0,0.0,0.0,0.0,0.0,0.0,-1.7564743448902536,0.0,0.0,0.0,0.0,0.0,0.0,0.0,0.0,0.0,0.0,0.0,0.0,0.0,5.692567244192098,664.8906021048551,241.044094941346,0.0,0.0,0.0,53.42902362750482,-249.53812798209074,0.0,0.0,0.0,0.0,-97.3230894710114,97.3230894710114,0.0,0.0,0.0,0.0,0.0,0.0,0.0,0.0,603.7678110463803,0.0,0.0,0.0,0.0,0.0,0.0,0.0,-241.044094941346,0.0,0.0,393.79283133141536,0.0,0.0,0.0,0.0,-246.32729616427545,0.0,0.0,512.1956823542773,189.57316177174027,1000.0,-677.377479417463,1000.0,-189.57316177174027,-73.30816475688786,0.0,552.1413506573679,0.0,0.0,-42.90905959321367,0.0,0.0,0.0,-62.346937858342,0.0,62.346937858342,0.0,255.8852517929596,0.0,53.42902362750482,62.05300987074708,0.0,0.0,0.0,-97.3230894710114,-0.021077692138683036,0.0,0.0,0.0,0.0,0.014051794759122023,0.0,0.0,0.0,301.19097080406334,-325.44951541425576,0.0,-300.1972005952656,-190.32754132269568,0.0,1000.0,0.0,-338.5541994157984,0.0,0.0,0.0,0.0,0.0,-1.20985952876042,0.0,339.7640589445588,-1000.0,-1000.0,0.0,0.0,0.0,0.0,0.0,0.0,0.0,0.0,0.0,0.0,0.0,0.0,0.0,0.0,0.0,0.0,0.0,0.0,0.0,-1000.0,0.0,0.0,603.3153432551367,0.0,0.0,492.7257453242127,-168.2675933296979,0.0,0.0,0.0,0.0,0.0,-310.05681195834643,1000.0,0.0,0.0,310.05681195834643,-817.7428110904705,-0.7025897379561012,359.80773631384994,-718.4925369015667,-1000.0,-0.7025897379561012,1000.0,-0.3512948689780506,0.0,0.0,0.0,-174.67973886513732,1000.0,-622.0395903911227,4.2155384277366075,0.0,0.0,0.0,0.0,0.0,290.6819353599371,0.0,-5.692567244192098,5.692567244192098,5.692567244192098,-445.67526019382103,0.0,0.0,-391.4123053278708,0.0,0.0,0.0,0.0,0.0,-133.76424752917256,0.0,0.0,0.0,0.0,0.0,0.0,0.0,-98.5948205240878,0.02810358951825343,0.0,0.0,0.0,0.0,0.0,0.0,0.0,0.0,0.0,0.0,0.0,0.0,0.0,0.0,0.0,0.0,0.0,0.0,0.0,0.015456974235048123,0.015456974235048123,0.0,282.8822082923677,0.0,8.431076855473215,0.0,0.0,0.0,-338.3188285805996,0.0,0.0,227.3373813721328,0.0,0.0,-274.49363664650633,338.3188285805996,0.0,0.0,0.0,0.0,0.0,0.0,0.0,0.0,0.0,0.0,0.0,0.0,0.0,85.57625439399139,-301.19097080406334,759.2698842012063,0.0,228.41936956858518,0.0,0.0,-485.0873933666985,-575.9130730885183,0.0,-274.7372010889971,0.0,-373.0884571705941,0.0,-453.1250000000004,453.1250000000004,5.692567244192098,0.0,0.0,0.0,0.0,0.0,0.0,0.0,0.0,0.0,0.0,0.0,0.0,0.0,8.431076855473215,393.79283133141536,393.79283133141536,0.0,0.0,0.0,0.0,0.0,0.0,0.0,0.0,0.0,0.0,0.14051794759122027,0.0,0.0,227.3373813721328,-227.3373813721328,0.0,0.0,0.0,0.0,4.2155384277366075,0.0,0.0,0.0,0.0,0.0,0.0,0.0,0.0,0.0,0.0,1000.0,1000.0,0.0,4.2155384277366075,4.2155384277366075,1000.0,338.3188285805996,0.0,0.0,0.0,0.0,0.0,0.0,0.0,14.352259698233864,0.0,260.9114104760347,0.014051794759122023,0.0,0.0,-623.6037134982828,624.7368903756435,0.0,0.0,485.0873933666985,0.0,0.0,0.0,0.0,0.0,0.0,0.01873572634544492,0.0,0.0,0.0,0.0,0.0,0.0,0.0,0.014051794759122023,0.0,0.0,0.0,0.0,0.0,0.0,0.0,0.0,0.0,0.0,435.0477499254387,0.0,0.0,-1000.0,-1.0538846069341519,-0.6680730730001538,-0.03451666495594797,0.0,0.0,0.0,0.0,0.0,0.0,0.0,0.0,0.0,0.0,0.0,393.79283133141536,0.0,0.0,0.0,-796.0167395183039,0.0,0.0,0.0,290.667883565178,0.0,0.0,0.014051794759122023,0.0,0.014051794759122023,0.056207179036334765,0.0,0.0,8.431076855473215,17.14318960612887,17.14318960612887,0.0,0.0,0.0,0.0,0.0,0.0,0.0,759.2698842012063,0.0,0.0,0.0,0.0,0.0,0.0,0.0,0.0,0.0,0.0,0.0,0.0,0.0,0.0,0.0,0.0,0.0,0.0,0.0,90.8256797218198,0.0,0.0,0.0,0.021077692138683036,0.0,0.0,0.0,-4.2155384277366075,0.0,0.0,0.0,0.0,0.0,-282.8822082923677,0.7025897379561012,0.0,0.0,0.0,0.0,512.1035888728809,602.6472701821365,-0.03451666495594797,0.0,0.0,0.0,0.0,0.0,0.0,0.0,393.79283133141536,0.0,0.0,506.20787253855895,277.1896410481756,0.0,1000.0,0.0,0.0,434.3796768524386,0.0,-434.3796768524386,0.0,-17.14318960612887,0.0,0.7025897379561018,1000.0,0.0,0.0,0.0,-588.4390102734382,796.874999999999,-796.874999999999,0.0,0.0,0.0,0.0,0.0,0.0,0.0,753.6730227167203,-286.04386211317046,17.14318960612887,0.0,0.0,0.0,0.0,0.0,0.0,0.0,0.0,0.0,603.7678110463803,0.0,0.0,0.0,-1.1331768773605972,-1000.0,0.0,4.2155384277366075,227.3373813721328,0.0,0.0,0.0,-114.9830071139591,0.0,0.0,0.015456974235048123,0.0,0.0,0.0,8.571594803064436,0.0,0.0,0.0,0.0,664.8906021048551,0.0,0.0,0.0,0.0,0.0,0.0,0.0,0.0,-796.7592790710365,0.0,0.0014051794759122427,0.0014051794759122427,0.0,0.0,0.0,0.0,0.0,0.056207179036334765,0.0,0.0,0.0,-623.6037134982828,0.0,0.0,0.0,0.0,0.0,282.8822082923677,0.0,0.0,0.0,0.0,0.0,0.0,0.0,0.0,0.0,0.0,0.0,454.6747627442656,0.0,0.0,625.4495154142558,0.0,0.0,0.0,8.431076855473215,0.0,0.0,0.0,0.0,0.0,0.0,-8.431076855473215,0.0,454.6747627442656,0.0,0.0,0.0,0.0,0.0,0.0,0.0,0.0,0.0,0.0,-260.9114104760347,-1000.0,9.625479409998583,0.0,-4.2155384277366075,0.0,999.9437928209636,0.0,0.0,0.0,0.0,0.0,0.0,0.0,0.0,0.0,0.0,0.0,0.0,0.0,0.0,0.0,0.0,0.0,-1.7564743448902536,393.79283133141536,-1.0538846069341519,284.9899775062362,0.0,0.0,0.0,0.0,0.0,-0.1756474344890253,0.0,133.76424752917256,0.0,0.0,0.0,0.0,0.0,0.0,0.0,1000.0,4.2155384277366075,4.2155384277366075,0.0,0.0,0.0,0.0,0.0,0.015456974235048123,282.8822082923677,0.0,0.0,-1000.0,0.0,0.0,0.0,0.0,0.0,0.0,0.0,0.0,0.0,0.0,0.0,0.0,0.0,0.0,0.028103589518167382,0.0,0.0,4.356056375327828,0.0,14.754384497078128,228.41936956858518,0.0,0.0,0.0,0.0,0.0,282.8822082923677,0.0,0.0,0.0,0.0,0.0,-1.7564743448902536,0.0,0.0,0.0,0.0,0.0,0.0,0.0,0.0,0.0,0.0,0.0,0.0,0.0,0.0,0.0,0.0,0.0,0.0,-0.014051794759122023,0.0,0.0,0.7025897379561012,274.49363664650633,0.0,0.0,0.0,0.0,393.79283133141536,0.0,0.0,0.0,1.20985952876042,0.3512948689780506,0.0,0.0,0.0,0.014051794759122023,0.0,14.051794759122023,0.0,2.810358951824405,0.10036996256515732,47.916620128606105,-0.010538846069341518,0.7025897379561012,0.2810358951824405,-0.014051794759122025,-47.916620128606105,4.2155384277366075,-0.014051794759122025,0.0,0.0,0.0035129486897805063,0.10036996256515732,0.0,-229.57442709778496,-0.2810358951824405,-300.0,-0.014051794759122025,0.0035129486897805063,-47.916620128606105,1.4051794759122025,0.014051794759122025,0.014051794759122023,-282.85269952337353,-227.32192439789776,-238.2842758599112,-0.010538846069341518,4.2155384277366075,0.014051794759122025,4.2155384277366075,-7.0258973795610125,-0.0070258973795610125,46.06215425759024,248.1188967114194,-0.010538846069341518,-0.014051794759122025,0.0,0.014051794759122023,1.4051794759122025,-0.2810358951824405,90.8256797218198,90.8256797218198,-1.4051794759122025,300.0,-90.8256797218198,2.810358951824405,0.021077692138683036,-1000.0,1.4051794759122025,-85.57625439399139,0.0,-2.810358951824405,0.0070258973795610125,0.14051794759122027,75.0493001488164,280.0,-0.014051794759122023,-286.04386211317046,282.85269952337353,4.356056375327828,0.014051794759122025,229.57442709778496,-16.862153710946586,0.0,-0.014051794759122023,-0.0035129486897805063,0.0,-0.014051794759122025,-98.5948205240878,0.014051794759122025,-0.0035129486897805063,-0.0035129486897805063,-0.0035129486897805063,5.62071790364881,7.0258973795610125,0.14051794759122027,10.410623442163683,-0.0035129486897805063,150.0986002976328,0.7025897379561012,50.0,0.014051794759122023,0.0070258973795610125,0.0070258973795610125,-25.309332337840207,0.0,0.014051794759122023,0.0,0.14051794759122027,0.014051794759122025,-10.410623442163683,0.014051794759122025,0.056207179036334765,0.014051794759122025,0.0070258973795610125,0.0035129486897805063,4.2155384277366075,-0.014051794759122025,238.2842758599112,0.14051794759122024,-20.821246884327365,0.3512948689780506,-1.4051794759122025,2.810358951824405,0.7025897379561012,-0.014051794759122025,0.0,0.021077692138683036,-0.014051794759122025,50.618664675680414,0.0,338.1337522729372,0.0070258973795610125,-100.0,-0.014051794759122025,-0.014051794759122025,-0.014051794759122025,0.0070258973795610125,47.916620128606105,-2.810358951824405,0.014051794759122023,150.0986002976328,-0.0035129486897805063,227.32192439789776,-150.0986002976328,2.1077692138683033,-248.1188967114194,812.3679858625945,47.916620128606105,-0.010538846069341518,286.04386211317046,-280.0,0.014051794759122025,-0.003512948689780507,0.7025897379561018,14.051794759122023,-0.0070258973795610125,-0.014051794759122025,0.0035129486897805063,751.7843995016156,0.0,747.8305457531138,0.0,-255.0,0.0,-274.3353382339206,-140.0,0.0,741.8278703822912,442.8649012419966,-243.54047475061805,-252.1624283495066,-370.9139351911456,127.5,-221.4324506209983,0.0,70.0,-282.8822082923677,-223.1507451589781,252.1624283495066,243.54047475061805,-223.1507451589781,274.3353382339206,-129.4391819994431,0.0,1496.5981,hplb
405,0.0,0.0,0.0,0.0,0.0,0.0,0.0,0.0,-2.0876437606836633e-05,0.0,0.0,0.0,0.0,0.0,0.0,0.0,-488.7806543992037,788.7806543992037,0.0,0.0,0.0,0.0,0.0,92.9027151844698,0.0,0.0,0.0,0.0,0.0,0.0,223.32438222786982,-223.32438222786982,125.57070038128748,0.0,0.0,0.0,0.0,61.92618252236059,0.0,-1000.0,-665.6438175694,0.0,0.0,488.7806543992037,0.0,0.0,0.0,0.0,0.0,0.0,0.0,0.0,0.0,2.2964081367540946e-05,0.0,0.0,0.0,0.0,0.0,0.0,-234.90223173921686,0.0,0.0,-272.4370979196865,0.0,0.0,0.0,0.0,342.2285161472022,-342.2285161472022,0.0,0.00020876437606836637,0.0,0.0,0.0,0.0,0.0,0.0,0.0,0.0,0.0,0.0,0.0,0.0,0.012525862564101983,0.0,172.97055453847824,566.1827239825675,-222.5979304166362,488.78068571386007,-5.219109401709158e-06,0.0,0.0,-1000.0,0.006262931282050991,0.0,162.05542830896823,0.0,0.0,0.0,0.0,0.0010438218803418317,0.0,0.0,0.0,-14.42883824944141,0.0,0.0,0.0,0.0,0.0,0.0,0.0,0.0,0.0,0.0,0.0,0.0,0.0,0.0,0.0,0.0,0.0,0.0,-78.34074748631546,0.0,0.0,162.05542830896823,0.0,0.006471695658119358,0.0,0.0,0.0,0.0,0.0,0.0,0.0,0.0,0.0,-37.53486618046965,0.0,0.0,0.0,0.0,0.0,172.97216202417397,2.0876437606836633e-05,0.0,0.0,0.0,0.0,0.0,0.0,0.0,0.0,0.0,-64.16772795821787,0.0,0.0,0.0,0.0,0.0,-250.71059933791076,-250.71059933791076,0.0,0.0,0.0,0.0,-559.2786339826553,0.0,0.0,-27.38619623360333,0.0,0.0,0.0,0.0,-26.956298200233277,0.0,0.0,0.0,0.0,0.0,0.0,0.0,0.0,0.0,0.0,0.0,0.0,0.0,0.0,-992.6731968672061,0.0,0.0,0.0,0.0,0.0,0.0,0.0,-222.5979304166362,222.5979304166362,37.53486618046965,0.0,0.0,0.0,0.0,0.0,0.0,0.0,-675.0067848422223,0.0,0.0,0.0,0.0,0.0,0.0,0.0,0.0,0.0,0.0,0.0,0.0,0.0,273.5566753428187,62.05751595272891,488.7806543992037,0.0,0.0,0.0,0.0,0.43310437523463463,0.0,0.0,0.0,0.0,-234.90223173921686,0.0,223.32438222786982,0.0,0.0,0.0,0.0,0.0,0.0,0.0,223.32505444916086,0.004175287521367327,162.0491653776862,0.0,0.0,0.0,343.5847935659313,0.0,-488.7806543992037,0.0,0.0,37.53486618046965,-787.8684054828394,0.0,0.0,0.0,-136.21973369767744,0.0,0.0,-1000.0,-535.1877408256053,-535.1877408256053,-464.81225917439474,0.0,0.0,-445.1958608332724,0.0,0.0,0.0,0.0,-37.90972529478121,0.0,0.0,0.0,-51.77762611138388,0.0,51.77762611138388,0.0,0.0,0.0,0.0,-210.7462865186145,0.0,0.0,0.0,-234.90223173921686,-3.1314656410254946e-05,0.0,0.0,0.0,0.0,2.0876437606836633e-05,0.0,0.0,0.0,569.3247435533729,-488.7806543992037,0.0,-9.619225499627607,674.4162915104397,26.956298200233277,-503.58838926043177,0.0,-120.4791863072827,0.0,-14.42883824944141,0.0,0.0,0.0,298.66104390089066,657.7714838527978,-835.9533414464058,-447.03382625637744,-615.2193319822204,0.0,0.0,0.0,0.0,0.0,0.0,0.0,0.0,0.0,0.0,0.0,0.0,0.0,0.0,0.0,0.0,0.0,-938.0737339718892,0.0,-1000.0,0.0,0.0,0.0,0.0,0.0,0.0,-172.972834245465,0.0,0.0,0.0,0.0,0.0,0.0,0.0,951.5299406222496,0.0,-1000.0,0.0,703.6880229698861,1000.0,-462.7376100390004,0.0,-1000.0,0.0,-0.0005219109401709158,-703.6890667917664,-2.349298599234203,0.0,0.0,367.1242588030791,146.4374064113677,162.05542830896823,281.249999999969,-281.249999999969,0.0,0.0,0.0,0.0,558.7465047248431,285.1898293820244,-285.1898293820244,-285.1898293820244,269.42466296192003,0.0,0.0,-546.2979016019133,0.0,0.0,0.0,0.0,0.0,-161.39822058194684,0.0,0.0,0.0,0.0,0.0,0.0,0.0,-99.99791235623931,4.1752875213650125e-05,0.0,0.0,0.0,0.0,0.0,0.0,0.0,0.0,0.0,0.0,0.0,0.0,0.0,0.0,0.0,0.0,0.0,0.0,0.0,2.2964081367540946e-05,2.2964081367540946e-05,223.32438222786982,220.77953008303405,0.0,0.012525862564101983,0.0,0.0,0.0,1000.0,0.0,0.0,172.97055453847824,0.0,0.0,572.3476935857736,-1000.0,0.0,0.0,0.0,0.0,0.0,0.0,0.0,0.0,0.0,0.0,0.0,0.0,0.0,26.11358249543849,-569.3247435533729,0.0,48.4690155558701,172.97216202417397,0.0,-1000.0,0.0,-37.967970555704284,0.0,572.3476935857736,0.0,472.3497812295343,0.0,-984.3749999999983,984.3749999999983,273.5566753428187,0.0,0.0,0.0,0.0,0.0,0.0,0.0,0.0,0.0,0.0,0.0,0.0,0.0,0.012525862564101983,37.53486618046965,37.53486618046965,0.0,0.0,0.0,0.0,0.0,0.0,0.0,0.0,0.0,0.0,0.00020876437606836637,0.0,223.32438222786982,172.97055453847824,-172.97055453847824,223.32438222786982,0.0,0.0,0.0,162.05542830896823,0.0,0.0,0.0,0.0,48.4690155558701,0.0,0.0,0.0,0.0,0.0,0.0,0.0,0.0,0.006262931282050991,0.006262931282050991,1000.0,-1000.0,0.0,0.0,0.0,0.0,0.0,0.0,0.0,-552.9661737436226,0.0,-416.746179090475,2.0876437606836633e-05,0.0,0.0,0.0,0.02757031820805733,0.0,0.0,1000.0,0.0,0.0,0.0,0.0,0.0,0.0,0.0,0.0,0.0,0.0,0.0,0.0,0.0,0.0,2.0876437606836633e-05,0.0,0.0,0.0,0.0,0.0,0.0,0.0,0.0,0.0,0.0,482.34480869474396,0.0,0.0,-717.2439089683198,-0.0015657328205127478,-0.0010438218803418317,0.0,0.0,-640.625,-640.6249999999999,640.625,0.0,0.0,0.0,0.0,0.0,0.0,0.0,37.53486618046965,26.956298200233277,0.0,0.0,146.43845023324803,0.0,0.0,0.0,-2.0876437606836633e-05,0.0,0.0,2.0876437606836633e-05,0.0,2.0876437606836633e-05,0.0,0.0,0.0,0.012525862564101983,0.025469253880340697,0.025469253880340697,0.0,0.0,0.0,0.0,0.0,0.0,0.0,0.0,0.0,0.0,0.0,0.0,298.66284136216865,0.0,0.0,0.0,0.0,0.0,0.0,0.0,0.0,0.0,0.0,0.0,0.0,0.0,0.0,37.967970555704284,0.0,0.0,0.0,3.1314656410254946e-05,0.0,0.0,0.0,-162.05542830896823,0.0,0.0,0.0,0.0,0.0,-220.77953008303405,0.0010438218803418317,0.0,0.0,0.0,0.0,559.2786339826553,-615.8541431088669,0.0,0.0,0.0,0.0,0.0,0.0,0.0,0.0,37.53486618046965,0.0,0.0,490.7948020603037,-52.777145259784675,0.0,324.9958247124786,-14.42883824944141,655.317642940209,-788.8269773543319,0.0,133.50933441412292,0.0,-787.8938747367198,0.0,0.0010438218803418317,1000.0,0.0,221.52070845675144,-223.32438222786982,-507.33932965890335,0.0,0.0,0.0,0.0,0.0,0.0,0.0,0.0,0.0,-0.003131465641018849,0.0,0.025469253880340697,0.0,0.0,0.0,223.32438222786982,0.0,0.0,0.0,0.0,0.0,223.32505444916086,0.0,0.0,220.7842272814956,-0.02757031820805733,-288.61054785322347,0.0,0.006262931282050991,172.97055453847824,0.0,0.0,0.0,-231.123565377326,0.0,0.0,2.2964081367540946e-05,0.0,0.0,0.0,0.012734626940170348,0.0,0.0,0.0,0.0,62.05751595272891,0.0,0.0,0.0,0.0,0.0,0.0,0.0,0.0,267.9035242076685,0.0,2.0876437606836636e-06,2.0876437606836636e-06,0.0,0.0,0.0,0.0,0.0,0.0,0.0,0.0,0.0,0.0,223.32438222786982,0.0,0.0,0.0,0.0,220.77953008303405,0.0,0.0,0.0,0.0,0.0,0.0,0.0,0.0,0.0,0.0,0.0,345.9411090769565,-977.5613087984074,0.0,788.7806543992037,0.0,0.0,0.0,0.012525862564101983,0.0,0.0,0.0,0.0,0.0,0.0,-0.012525862564101983,0.0,345.9411090769565,0.0,0.0,0.0,0.0,0.0,0.0,0.0,223.32438222786982,223.32438222786982,0.0,801.5268471082545,-1000.0,298.6771417219293,-420.1759146930637,258.12048638409544,0.0,61.92618252236059,0.0,0.0,0.0,0.0,0.0,0.0,0.0,0.0,0.0,0.0,0.0,0.0,0.0,0.0,0.0,0.0,0.0,-0.0026095547008545793,37.53486618046965,-0.0015657328205127478,298.6612756293481,0.0,0.0,0.0,0.0,0.0,0.0,-0.00026095547008545797,161.39822058194684,0.0,0.0,0.0,0.0,0.0,0.0,0.0,1000.0,0.006262931282050991,0.006262931282050991,0.0,0.0,0.0,0.0,0.0,2.2964081367540946e-05,220.77953008303405,0.0,0.0,-61.92618252236059,0.0,0.0,0.0,0.0,0.0,0.0,0.0,0.0,0.0,0.0,0.0,0.0,0.0,0.0,0.0,0.0,0.0,0.0,0.0,0.02192025948717847,0.0,0.0,172.97216202417397,0.0,0.0,0.0,220.77953008303405,0.0,615.8530992869867,0.0,0.0,0.0,-0.0026095547008545793,0.0,0.0,0.0,0.0,0.0,0.0,0.0,0.0,0.0,0.0,0.0,0.0,0.0,0.0,0.0,0.0,0.0,0.0,-2.0876437606836633e-05,0.0,0.0,0.0010438218803418317,-572.3476935857736,0.0,0.0,0.0,0.0,37.53486618046965,0.0,0.0,0.0,-298.66104390089066,0.0005219109401709158,0.0,0.0,0.0,2.0876437606836633e-05,0.0,0.020876437606836634,-0.006471695658119358,0.004175287521367327,0.00014911741147740452,0.05824526092307422,-1.5657328205127473e-05,0.0010438218803476766,0.0004175287521367327,-0.00010438218784680162,-0.05824526092307422,0.00626293128205099,-2.0876437606836633e-05,4.8096127498138035,0.0,5.219109401709158e-06,0.00014911741147740452,-14.42883824944141,-172.97387806734525,223.32396469911768,-300.0,-2.0876437606836633e-05,5.219109401709158e-06,-0.05824526092307422,0.0020876437606836633,2.0876437606836633e-05,2.0876437606836633e-05,-220.77948624251505,-172.97053157439686,-196.71093623864397,-1.5657328205127473e-05,0.006262931282050991,2.0876437606836633e-05,162.05542830896823,162.03872715888278,-1.0438218803418317e-05,289.7363406957447,-0.43521289543292513,-1.5657328205127473e-05,-2.0876437606836586e-05,-0.006471695658119358,2.0876437606836633e-05,0.0020876437606836633,-0.0004175287521367327,37.967970555704284,37.967970555704284,-0.0020876437606836633,300.0,-37.967970555704284,0.004175287521367327,3.1314656410254946e-05,-1000.0,0.0020876437606836633,-26.11358249543849,0.0,-0.004175287521367327,1.0438218803418317e-05,0.00020876437606836637,2.4048063749069017,-52.772969972263304,-2.0876437606836633e-05,-220.7842272814956,220.77948624251505,0.006471695658119358,2.0876437606836633e-05,172.97387806734525,-162.0742171028144,0.0,-2.0876437606836633e-05,-5.219109401709158e-06,0.0,-2.0876437606836586e-05,-99.99791235623931,2.087643758829326e-05,-5.219109401709158e-06,-5.219109401709158e-06,-5.219109401709158e-06,0.008350575042734653,-162.03872715888278,0.00020876437606836637,0.015466830711822865,-5.219109401709158e-06,0.0,0.0010438218803418317,50.0,2.0876437606836633e-05,1.0438218803418317e-05,1.0438218803418317e-05,0.0020876437606836633,0.006471695658119358,2.0876437606836633e-05,-0.006471695658119358,0.00020876437606836637,2.0876437606836633e-05,-0.015466830711822865,2.0876437606836633e-05,8.350575023996498e-05,0.00010438218784680162,1.0438218803418317e-05,5.219109401709158e-06,0.006262931282050991,-2.0876437606836633e-05,196.71093623864397,-111.66198234955884,-0.03093366142364573,0.0005219109401650712,-0.0020876437606836633,0.004175287521367327,0.0010438218803418317,-2.0876437606836633e-05,14.42883824944141,3.1314656410254946e-05,-2.0876437606836633e-05,-0.004175287521367327,0.006471695658119358,186.41089244315674,1.0438218803418317e-05,-100.0,-2.0876437606836633e-05,-2.087643758829326e-05,-2.0876437606836633e-05,1.0438218803418293e-05,0.05824526092307422,-0.004175287521367327,2.0876437606836633e-05,4.8096127498138035,-5.219109401709158e-06,172.97053157439686,-4.8096127498138035,0.003131465641025495,0.43521289543292513,97.71950107834967,0.05824526092307422,-1.5657328205127473e-05,220.7842272814956,52.772969972263304,2.0876437606836633e-05,-5.2191094017091566e-06,0.0010438218803418317,0.020876437606836634,-1.0438218803418317e-05,-2.0876437606836633e-05,5.219109401709158e-06,1000.0,0.0,956.4151646811935,0.0,-255.0,0.0,707.2822758902737,-140.0,0.0,-80.0,-255.0,-325.0,-43.58482488058769,40.0,127.5,127.5,0.0,70.0,-220.77953008303405,44.71267293416926,43.58482488058769,325.0,44.71267293416926,-707.2822758902737,434.6772026746637,0.0,1496.5981,hplb
406,0.0,0.0,0.0,0.0,0.0,0.0,0.0,0.0,-0.006588076204910354,0.0,0.0,0.0,0.0,0.0,0.0,0.0,379.2448307854811,515.9664294864642,0.0,-1000.0,0.0,0.0,0.0,0.0,0.0,0.0,0.0,0.0,0.0,-793.7918904134572,0.0,0.0,578.3593734500391,0.0,0.0,0.0,0.0,603.0381603362748,0.0,38.82570325640992,1000.0,0.0,0.0,126.94501456192052,0.0,0.0,0.0,114.54108570285345,-137.36558847450885,0.0,0.0,0.0,0.0,0.007246883825359873,0.0,0.0,0.0,115.85870094383552,0.0,0.0,39.65405329119826,0.0,456.584233861772,375.53555754603815,0.0,0.0,0.0,0.0,160.3688085868091,-160.3688085868091,0.0,0.06588076204910354,0.0,0.0,0.0,0.0,0.0,0.0,0.0,906.1837648128871,0.0,0.0,0.0,0.0,3.9528457229462126,0.0,0.0,-385.9264346069869,660.382525664413,-700.0,-0.0016470190512275884,0.0,0.0,0.0,1.9764228614731063,0.0,35.983878512593904,0.0,0.0,0.0,0.0,0.3294038102455177,-793.7918904134572,0.0,0.0,0.0,437.40331025752994,0.0,0.0,0.0,0.0,0.0,0.0,0.0,0.0,0.0,0.0,0.0,0.0,0.0,0.0,0.0,0.0,0.0,-238.23330977791375,0.0,0.0,35.983878512593904,0.0,2.0423036235222094,0.0,0.0,0.0,0.0,0.0,0.0,0.0,0.0,0.0,-120.7027296069321,0.0,0.0,0.0,0.0,0.0,0.5072818677780994,0.006588076204910354,0.0,0.0,0.0,-1000.0,562.5966897424701,0.0,0.0,214.2684868845623,0.0,302.68638482642723,0.0,0.0,0.0,0.0,0.0,234.73826726917753,234.73826726917753,0.0,0.0,0.0,-703.125,-561.3824152798273,0.0,0.0,234.74485534538243,0.0,0.0,0.0,-154.52105202071368,0.0,0.0,0.0,0.0,0.0,0.0,0.0,0.0,0.0,0.0,-552.6831906524214,0.0,0.0,0.0,0.0,-1000.0,0.0,0.0,0.0,0.0,0.0,0.0,0.0,339.61747433558696,-339.61747433558696,0.0,0.0,0.0,0.0,0.0,0.0,0.0,0.0,664.4108546807406,0.0,0.0,0.0,0.0,0.0,0.0,0.0,0.0,0.0,0.0,0.0,0.0,0.0,94.06680182704751,-63.357313866915064,551.912648102485,0.0,0.0,0.0,120.7027296069321,0.0,0.0,0.0,0.0,0.0,39.65405329119826,424.9676335405645,0.0,0.0,190.83276412949007,0.0,0.0,0.0,0.0,0.0,731.3568065486193,0.0,34.0074556511208,0.0,-320.7650513288261,0.0,-183.6745487459088,0.0,-551.912648102485,0.0,0.0,120.7027296069321,8.037452969990632,0.0,0.0,0.0,-40.89821148249564,0.0,0.0,-349.1036458043962,0.0,0.0,-349.1036458043962,0.0,0.0,1000.0,0.0,378.87592690354677,0.0,0.0,18.380732611699884,0.0,0.0,0.0,0.0,0.0,0.0,0.0,234.73167919297262,0.0,120.7027296069321,1000.0,-703.125,0.0,0.0,39.65405329119826,-0.00988211430736553,0.0,0.0,0.0,0.0,0.006588076204910354,0.0,0.0,0.0,232.65931493878685,379.2448307854811,0.0,0.0,-225.70816921173818,0.0,916.8672236236371,0.0,-314.27357186278437,0.0,0.0,0.0,0.0,0.0,271.95200588463933,323.7116498339389,-281.3900838557939,-1000.0,-1000.0,0.0,0.0,0.0,0.0,0.0,0.0,0.0,0.0,0.0,0.0,0.0,0.0,0.0,0.0,0.0,0.0,190.83276412949007,-396.9354873589057,0.0,-1000.0,0.0,0.0,731.1446704948211,0.0,0.0,0.0,-425.85259689965113,0.0,0.0,0.0,0.0,0.0,255.58843840818753,0.0,531.6974290810873,0.0,-739.6688968289355,178.8966974717328,999.6705961897545,0.0,0.0,0.0,-532.0268328913328,1000.0,-0.16470190512275884,-1000.0,-1000.0,0.0,0.0,0.0,-245.68770874705592,35.983878512593904,0.0,0.0,0.0,0.0,0.0,0.0,0.0,-94.06680182704751,94.06680182704751,94.06680182704751,-205.88586558253886,0.0,0.0,0.0,0.0,0.0,0.0,0.0,0.0,-41.39462302453555,0.0,0.0,119.11665488895687,0.0,0.0,0.0,0.0,-99.34119237950897,0.013176152408505004,0.0,0.0,0.0,0.0,0.0,0.0,0.0,0.0,0.0,0.0,0.0,0.0,0.0,0.0,0.0,0.0,0.0,0.0,0.0,0.007246883825359873,0.007246883825359873,0.0,86.52841635668148,0.0,3.9528457229462126,0.0,231.23387816318393,0.0,1000.0,0.0,0.0,0.0,0.0,0.0,-184.37239531251763,-1000.0,0.0,0.0,0.0,0.0,0.0,119.11665488895687,0.0,0.0,0.0,0.0,0.0,0.0,0.0,79.41110325930458,-232.65931493878685,0.0,0.0,0.5072818677780994,0.0,0.0,0.0,0.0,0.0,-184.37239531251763,0.0,-283.7135876920266,0.0,0.0,0.0,94.06680182704751,0.0,0.0,0.0,0.0,0.0,0.0,0.0,0.0,0.0,0.0,0.0,0.0,0.0,3.9528457229462126,120.7027296069321,120.7027296069321,0.0,0.0,0.0,0.0,0.0,0.0,0.0,0.0,0.0,0.0,0.06588076204910354,0.0,0.0,0.0,0.0,0.0,0.0,0.0,0.0,35.983878512593904,0.0,0.0,0.0,0.0,0.0,0.0,0.0,0.0,0.0,0.0,642.612099242593,0.0,0.0,1.9764228614731063,1.9764228614731063,-763.7324645183668,-1000.0,0.0,119.11665488895687,0.0,0.0,0.0,0.0,0.0,793.7918904134572,0.0,834.7724528485141,0.006588076204910354,0.0,0.0,0.0,8.70049578232768,459.5682503415568,0.0,0.0,0.0,0.0,0.0,0.0,0.0,0.0,0.0,0.0,0.0,0.0,0.0,0.0,0.0,0.0,0.006588076204910354,0.0,0.0,0.0,0.0,0.0,0.0,0.0,0.0,0.0,0.0,305.29207359516994,-214.2684868845623,0.0,-603.0645126410943,-0.4941057153682766,0.0,-0.3294038102455177,0.0,0.0,0.0,0.0,0.0,0.0,0.0,0.0,0.0,0.0,0.0,120.7027296069321,0.0,0.0,0.0,-245.3583049368104,0.0,0.0,0.0,-0.006588076204910354,0.0,0.0,0.006588076204910354,0.0,0.006588076204910354,0.0,0.0,0.0,3.9528457229462126,8.037452969990632,8.037452969990632,0.0,0.0,0.0,0.0,0.0,0.0,0.0,0.0,0.0,0.0,0.0,0.0,272.5192392458821,0.0,0.0,0.0,0.0,0.0,0.0,0.0,0.0,0.0,0.0,0.0,0.0,0.0,0.0,0.0,0.0,0.0,0.0,0.00988211430736553,0.0,0.0,0.0,-35.983878512593904,0.0,0.0,0.0,0.0,0.0,-86.52841635668148,0.3294038102455177,0.0,0.0,0.0,703.125,561.3824152798273,63.36139678540974,-0.3294038102455177,0.0,0.0,0.0,0.0,0.0,0.0,0.0,120.7027296069321,0.0,0.0,882.431483738482,-7.538385470366038,0.0,-98.49810031201237,459.5682503415568,0.0,-362.4912001142414,0.0,362.4912001142414,214.2684868845623,0.0,231.23387816318393,0.3294038102455177,1000.0,0.0,0.0,0.0,-41.39462302453555,0.0,0.0,0.0,0.0,0.0,-306.0114915167463,0.0,0.0,0.0,551.6949792216848,0.0,8.037452969990632,0.0,-359.37500000000006,-359.37500000000006,359.37500000000006,0.0,0.0,0.0,0.0,0.0,731.3568065486193,0.0,0.0,88.01073350278634,-8.70049578232768,-647.1512221117273,0.0,1.9764228614731063,0.0,0.0,0.0,0.0,-92.24702477183281,0.0,0.0,0.007246883825359873,0.0,0.0,0.0,4.018726484995316,0.0,0.0,0.0,0.0,-63.357313866915064,0.0,437.40331025752994,0.0,0.0,0.0,0.0,0.0,0.0,0.0,0.0,0.0006588076204910354,0.0006588076204910354,0.0,0.0,0.0,0.0,0.0,0.0,0.0,0.0,0.0,0.0,0.0,0.0,0.0,0.0,0.0,86.52841635668148,0.0,0.0,0.0,0.0,0.0,0.0,0.0,0.0,0.0,0.0,0.0,0.0,0.0,0.0,515.9664294864642,0.0,0.0,0.0,3.9528457229462126,0.0,0.0,0.0,0.0,0.0,0.0,-3.9528457229462126,0.0,0.0,0.0,0.0,0.0,0.0,0.0,0.0,0.0,0.0,0.0,0.0,-1000.0,-1000.0,277.0320714462457,641.1996320378049,-677.1835105503989,0.0,603.0381603362748,0.0,0.0,0.0,0.0,0.0,0.0,0.0,0.0,0.0,0.0,0.0,0.0,0.0,0.0,0.0,0.0,231.23387816318393,-0.8235095256137943,120.7027296069321,-0.4941057153682766,272.0251335305138,0.0,0.0,0.0,0.0,0.0,0.0,-0.08235095256137942,255.66310990909784,0.0,0.0,0.0,0.0,0.0,0.0,0.0,834.7724528485141,1.9764228614731063,1.9764228614731063,0.0,0.0,0.0,0.0,906.1837648128871,0.007246883825359873,86.52841635668148,0.0,0.0,-603.0381603362748,0.0,0.0,0.0,0.0,0.0,0.0,0.0,0.0,0.0,0.0,0.0,0.0,0.0,0.0,0.0,0.0,0.0,0.0,0.0,6.917480015155872,0.5072818677780994,0.0,0.0,0.0,0.0,0.0,86.52841635668148,0.0,667.7832737094113,0.0,0.0,0.0,-0.8235095256137943,0.0,0.0,0.0,0.0,0.0,0.0,0.0,0.0,0.0,0.0,0.0,0.0,0.0,0.0,0.0,0.0,0.0,0.0,-0.006588076204910354,0.0,0.0,0.3294038102455177,184.37239531251763,0.0,0.0,0.0,0.0,120.7027296069321,0.0,0.0,0.0,-271.95200588463933,0.16470190512275884,0.0,0.0,0.0,0.006588076204910354,0.0,6.588076204910354,-2.0423036235222094,1.317615240982071,0.047057687177931094,18.380732611699884,-0.004941057153682765,0.32940381024547943,0.13176152409820707,-0.03294038102442147,-18.380732611699884,1.9764228614731063,-0.0065880762049103534,0.0,119.11665488895687,0.0016470190512275884,0.047057687177931094,0.0,-1.0488217318218547,-0.13176152409820707,104.78873972805468,-0.0065880762049103534,0.0016470190512275884,-18.380732611699884,362.0422308743104,0.0065880762049103534,0.006588076204910354,-86.51458139665121,0.007246883825401389,-218.13231548799126,-0.004941057153682765,1.9764228614731063,0.0065880762049103534,35.983878512593904,30.71341754866562,-0.0032940381024551767,-84.55406933843597,-0.6653956966959457,-0.004941057153682765,-0.006588076204910358,-2.0423036235222094,0.006588076204910354,0.6588076204910354,-0.13176152409820707,0.0,0.0,-0.658807620491018,-104.78873972805468,0.0,1.3176152409820707,0.00988211430736553,-128.42370796726425,0.6588076204910354,-79.41110325930458,119.11665488895687,-1.3176152409820707,0.0032940381024551767,0.06588076204910354,0.0,-6.220770229383967,-0.006588076204910354,-88.01073350278634,86.51458139665121,2.0423036235222094,0.0065880762049103534,1.0488217318218547,-284.1799154618758,119.11665488895687,-0.006588076204910354,-0.0016470190512275884,-119.11665488895687,-0.0065880762049103534,-536.744502637039,0.0065880762049103534,-0.0016470190512275884,-0.0016470190512275884,-0.0016470190512275884,2.6352304819641414,-30.71341754866562,0.06588076204910354,4.880940958311373,-0.0016470190512275884,0.0,0.3294038102455177,50.0,0.006588076204910354,0.0032940381024551767,0.0032940381024551767,-0.13422973849657893,2.0423036235222094,0.006588076204910354,-2.0423036235222094,0.06588076204910354,0.0065880762049103534,-4.880940958311373,0.0065880762049103534,0.02635230481951112,0.03294038102442147,0.0032940381024551767,0.0016470190512275884,1.9764228614731063,-0.0065880762049103534,218.13231548799126,0.06588076204910354,-9.761881916622746,0.16470190512279714,-0.6588076204910354,1.3176152409820707,0.3294038102455177,-0.0065880762049103534,0.0,0.00988211430736553,-0.0065880762049103534,0.26845947699315786,2.0423036235222094,178.15282923743302,0.0032940381024551767,-100.0,-0.0065880762049103534,-0.0065880762049103534,-0.0065880762049103534,0.003294038102455179,18.380732611699884,-1.3176152409820707,0.006588076204910354,0.0,-0.0016470190512275884,-0.007246883825401389,0.0,0.9882114307365529,0.6653956966959457,-429.3843772800594,18.380732611699884,-0.004941057153682765,88.01073350278634,6.220770229383967,0.0065880762049103534,-0.0016470190512275881,0.3294038102455177,6.588076204910354,-0.0032940381024551767,-0.0065880762049103534,0.0016470190512275884,1000.0,0.0,-171.57958607083822,0.0,-255.0,0.0,329.3652768363317,-118.93671959261084,361.3834232538194,-80.0,-255.0,97.1804850710303,-300.0,40.0,127.5,127.5,-361.3834232538194,59.46835979630542,-86.52841635668148,-85.90580446560021,300.0,-97.1804850710303,-85.90580446560021,-329.3652768363317,306.44319233885824,0.0,1496.5981,hplb
407,0.0,0.0,0.0,0.0,0.0,0.0,0.0,0.0,476.95033497923106,0.0,0.0,0.0,0.0,0.0,0.0,0.0,547.5182200552975,-247.51822005529755,0.0,0.0,0.0,0.0,0.0,560.5208188325812,0.0,420.88796074029756,0.0,0.0,0.0,-463.74574918576195,0.0,0.0,350.2779858658579,0.0,0.0,0.0,0.0,999.6086570731673,0.0,-1000.0,456.95305392984363,0.0,0.0,984.7349632108416,0.0,0.0,0.0,0.0,-1000.0,0.0,0.0,-882.5560450010134,0.0,0.003011734278516087,0.0,0.0,0.0,57.46721280203582,0.0,0.0,-48.93652091860952,0.0,0.0,-48.93652091860952,0.0,0.0,0.0,0.0,0.0,465.3885133375777,0.0,0.02737940253026357,0.0,0.0,0.0,0.0,0.0,0.0,0.0,0.0,0.0,0.0,0.0,0.0,1.6427641518158143,0.0,48.69539964699375,-481.7235113296253,-156.08873296771162,785.3304643526344,522.6643895660998,0.0,0.0,-930.7749437366883,0.8213820759079071,0.0,270.1195453407739,-0.088161676145603,0.0,0.0,0.0,0.13689701265131785,-1000.0,0.0,0.0,-8.588764919711767,0.0,195.76265502791077,0.0,0.0,0.0,0.0,0.0,0.0,0.0,0.0,0.0,0.0,0.0,0.0,0.0,0.0,0.0,0.0,-745.719035552554,0.0,0.0,270.1195453407739,0.0,0.8487614784381707,0.0,0.0,-521.4378519984721,521.4378519984721,0.0,0.0,0.0,0.0,0.0,0.0,0.0,0.0,0.0,0.0,0.0,48.90622104647669,0.002737940253026357,522.6650740511631,0.0,0.0,0.0,0.0,0.0,0.0,0.0,0.0,-197.7514557378804,0.0,0.0,0.0,0.0,0.0,400.4721537124523,400.4721537124523,0.0,0.0,0.0,-609.375,-355.01284081810826,0.0,0.0,400.47489165270537,0.0,0.0,0.0,795.6605400144097,0.0,0.0,0.0,0.0,0.0,0.0,0.0,0.0,0.0,0.0,-1000.0,0.0,0.0,0.0,0.0,-1000.0,0.0,0.0,0.0,0.0,0.0,0.0,882.5560450010134,-329.24173138492284,329.24173138492284,0.0,0.0,0.0,0.0,0.0,0.0,0.0,536.254250814238,-1000.0,0.0,0.0,0.0,0.0,0.0,0.0,0.0,0.0,0.0,0.0,0.0,0.0,0.0,89.64970939373279,170.39333936607656,33.67148412945107,0.0,0.0,0.0,0.0,0.0,0.0,0.0,0.0,0.0,-48.93652091860952,-951.0634790813905,0.0,0.0,0.0,0.0,0.0,0.0,0.0,0.0,0.0,0.0,269.298163264866,0.0,826.8470015827888,1000.0,-928.4091977135347,0.0,-33.67148412945107,0.0,0.0,0.0,0.0,0.0,0.0,0.0,-292.7507639757828,0.0,0.0,-197.91757101557994,0.0,0.0,-197.91757101557994,0.0,0.0,-485.3304643526344,0.0,22.407514888391574,0.0,0.0,7.638853305943536,0.0,0.0,0.0,0.0,0.0,0.0,0.0,254.38321683121805,0.0,0.0,0.0,-609.375,0.0,0.0,-48.93652091860952,-0.004106910379539535,0.0,0.0,0.0,0.0,0.002737940253026357,0.0,0.0,0.0,729.8804546592261,547.5182200552975,0.0,-103.70500365386816,-236.00484489260418,0.0,577.6201873212228,0.0,-505.44202511455705,0.0,-8.588764919711767,0.0,0.0,0.0,506.9043991021084,0.0,-1.4623739875513593,-385.01312503438555,-1000.0,0.0,0.0,0.0,0.0,0.0,0.0,0.0,0.0,0.0,0.0,0.0,0.0,0.0,0.0,0.0,0.0,0.0,-0.3803911658208108,0.0,-1000.0,0.0,0.0,0.0,0.0,0.0,550.198526661902,-48.90622104647669,0.0,0.0,0.0,0.0,0.0,0.0,-985.2806337175857,0.0,0.0,0.0,0.0,-492.8314605134338,-509.36439832104276,0.0,985.2806337175857,-417.7532916977281,0.0,-0.06844850632565892,492.69456350078246,-521.930849749745,0.0,999.8631029873487,0.0,0.0,270.1195453407739,1000.0,-1000.0,0.0,0.0,0.0,476.9530729194841,0.0,-89.64970939373279,89.64970939373279,89.64970939373279,-169.7854851320252,0.0,0.0,0.0,0.0,0.0,536.254250814238,0.0,0.0,-0.4822425432314503,0.0,0.0,149.45241194939473,0.0,0.0,0.0,0.0,-99.72620597469736,0.005475880506054409,0.0,0.0,0.0,0.0,0.0,0.0,0.0,0.0,0.0,465.3885133375777,0.0,0.0,0.0,0.0,0.0,0.0,0.0,0.0,0.0,0.003011734278516087,0.003011734278516087,0.0,266.63112034713873,0.0,1.6427641518158143,0.0,0.0,0.0,1000.0,0.0,94.5188925729118,48.69539964699375,0.0,0.0,-172.3599876972697,-1000.0,0.0,0.0,0.0,0.0,0.0,149.45241194939473,0.0,0.0,0.0,0.0,0.0,0.0,0.0,248.57301185085134,-729.8804546592261,0.0,417.6163946850768,48.90622104647669,0.0,0.0,-930.7749437366883,-930.7749437366883,0.0,-172.3599876972697,0.0,0.0,-272.08619367196707,0.0,0.0,89.64970939373279,0.0,0.0,0.0,0.0,0.0,0.0,0.0,0.0,0.0,0.0,0.0,0.0,0.0,1.6427641518158143,0.0,0.0,0.0,0.0,0.0,0.0,0.0,0.0,0.0,0.0,0.0,0.0,0.02737940253026357,0.0,0.0,48.69539964699375,-48.69539964699375,0.0,882.5560450010134,0.0,0.0,270.1195453407739,0.0,0.0,0.0,0.0,417.6163946850768,0.0,0.0,0.0,0.0,0.0,371.9854400490773,0.0,0.0,0.8213820759079071,0.8213820759079071,853.988723698651,-1000.0,0.0,149.45241194939473,0.0,0.0,0.0,0.0,0.0,1000.0,536.254250814238,756.5307374147076,0.002737940253026357,0.0,0.0,0.0,3.6158412384431653,432.8266620011317,0.0,930.7749437366883,0.0,0.0,0.0,0.0,0.0,0.0,0.0,0.0,0.0,0.0,0.0,0.0,0.0,0.0,0.002737940253026357,0.0,0.0,0.0,-1000.0,1000.0,0.0,0.0,0.0,0.0,-48.90622104647669,0.0,0.0,0.0,-999.6196088341792,-0.20534551897697678,0.0,-0.13689701265127496,0.0,-578.125,-578.125,578.125,0.0,0.0,0.0,0.0,0.0,0.0,0.0,0.0,0.0,0.0,0.0,1000.0,0.0,0.0,0.0,476.95033497923106,0.0,0.0,0.002737940253026357,0.0,0.002737940253026357,0.0,0.0,0.0,1.6427641518158143,3.3402871086921557,3.3402871086921557,0.0,0.0,0.0,0.0,0.0,0.0,0.0,0.0,0.0,536.254250814238,0.0,0.0,0.0,507.14013575789414,0.0,0.0,0.0,0.0,0.0,0.0,0.0,0.0,0.0,0.0,0.0,0.0,0.0,0.0,0.0,-420.88796074029756,420.88796074029756,0.004106910379539535,0.0,0.0,0.0,-270.1195453407739,0.0,0.0,0.0,0.0,0.0,-266.63112034713873,0.13689701265131785,0.0,0.0,0.0,609.375,355.01284081810826,0.0,-0.13689701265127496,0.0,0.0,0.0,0.0,0.0,0.0,0.0,0.0,0.0,0.0,0.0,176.98141095340594,0.0,-145.66903376972073,424.23789708141993,0.0,0.0,0.0,0.0,0.0,-3.3402871086921557,0.0,0.13689701265127496,1000.0,0.0,0.0,0.0,-97.87304183721895,0.0,0.0,859.3750000000005,-859.3750000000005,0.0,0.0,0.0,0.0,0.0,1000.0,-0.4106910379535975,3.3402871086921557,0.0,0.0,0.0,0.0,0.0,0.0,0.0,0.0,0.0,0.0,0.0,0.0,266.8364658661157,-469.0043545760209,0.0,0.0,0.8213820759079071,48.69539964699375,0.0,0.0,0.0,-207.79538053867063,0.0,0.0,0.003011734278516087,0.0,0.0,0.0,1.6701435543460779,0.0,0.0,0.0,0.0,170.39333936607656,0.0,0.0,0.0,0.0,0.0,0.0,0.0,0.0,0.0,0.0,0.00027379402530264274,0.00027379402530264274,0.0,0.0,0.0,0.0,0.0,0.0,0.0,0.0,0.0,0.0,0.0,0.0,0.0,0.0,0.0,266.63112034713873,0.0,0.0,0.0,0.0,0.0,0.0,0.0,0.0,0.0,0.0,0.0,97.3907992939875,0.0,1000.0,-247.51822005529755,0.0,0.0,0.0,1.6427641518158143,0.0,0.0,0.0,0.0,0.0,-19.897038282288932,18.254274130473117,0.0,97.3907992939875,0.0,0.0,0.0,0.0,0.0,0.0,0.0,0.0,0.0,0.0,-756.5307374147076,-385.01312503438555,509.0156248312172,0.0,-270.1195453407739,0.0,999.6086570731673,0.0,0.0,0.0,0.0,0.0,0.0,0.0,0.0,0.0,851.5625,0.0,-851.5625,-851.5625,0.0,0.0,0.0,0.0,-0.34224253162825174,0.0,-0.20534551897697678,507.34548127687117,0.0,0.0,0.0,0.0,0.0,0.0,-0.034224253162829454,0.4822425432314503,0.0,0.0,0.0,0.0,0.0,0.0,0.0,1000.0,0.8213820759079071,0.8213820759079071,0.0,0.0,0.0,0.0,0.0,0.003011734278516087,266.63112034713873,0.0,0.0,-999.6086570731673,0.0,0.0,0.0,0.0,0.0,0.0,0.0,0.0,0.0,0.0,0.0,0.0,0.0,0.0,0.0,0.0,0.0,0.0,0.0,2.874837265677675,48.90622104647669,0.0,0.0,0.0,0.0,0.0,266.63112034713873,0.0,-0.088161676145603,0.0,0.0,0.0,-0.34224253162825174,0.0,0.0,0.0,0.0,0.0,0.0,0.0,0.0,0.0,0.0,0.0,0.0,0.0,0.0,0.0,0.0,0.0,0.0,-0.002737940253026357,0.0,0.0,0.13689701265131785,172.3599876972697,0.0,0.0,0.0,0.0,0.0,0.0,0.0,0.0,-506.9043991021084,0.06844850632565892,0.0,0.0,420.88796074029756,0.002737940253026357,0.0,2.737940253026357,-0.8487614784381707,0.5475880506052714,0.019556716093045406,7.638853305943536,-0.0020534551897697676,0.1368970126513318,0.05475880506052714,-0.013689701264979703,-7.638853305943536,0.8213820759079071,-0.002737940253026357,2.8629216399039223,149.45241194939473,0.0006844850632565893,0.019556716093045406,-8.588764919711767,-49.131279735273566,-0.05475880506052714,-300.0,-0.002737940253026357,0.0006844850632565893,-7.638853305943536,7.2218003639008,0.002737940253026357,0.002737940253026357,-266.6253706726072,-48.69238791271542,0.0,-0.0020534551897697676,0.8213820759079071,0.002737940253026357,270.1195453407739,267.9291931383528,-0.0013689701265131786,214.92898557730393,-0.27653196555566206,-0.0020534551897697676,-0.002737940253026357,-0.8487614784381707,0.002737940253026357,0.2737940253026357,-0.05475880506052714,0.0,0.0,-0.2737940253026357,300.0,0.0,0.5475880506052714,0.004106910379539535,-21.288395846086132,0.2737940253026357,-248.57301185085134,149.45241194939473,-0.5475880506052714,0.0013689701265131786,0.02737940253026357,25.92625091346704,177.5289990040112,-0.002737940253026357,-267.2471569040693,266.6253706726072,0.8487614784381707,0.002737940253026357,49.131279735273566,-130.0792859577008,149.45241194939473,-0.002737940253026357,-0.0006844850632565893,-149.45241194939473,-0.002737940253026357,-99.72620597469736,0.0027379402530129937,-0.0006844850632565893,-0.0006844850632565893,-0.0006844850632565893,1.0951761012105428,-267.9291931383528,0.02737940253026357,255.0272594423409,-0.0006844850632565893,48.98958018703016,0.13689701265131785,50.0,0.002737940253026357,0.0013689701265131786,0.0013689701265131786,75.0,0.8487614784381707,0.002737940253026357,-0.8487614784381707,0.02737940253026357,0.002737940253026357,-761.0248353571046,0.002737940253026357,0.010951761011881445,0.013689701264979703,0.0013689701265131786,0.0006844850632565893,0.8213820759079071,-0.002737940253026357,0.0,0.02737940253026357,-510.0545188846818,0.06844850632564498,-0.2737940253026357,0.5475880506052714,0.13689701265131785,-0.002737940253026357,8.588764919711767,0.004106910379539535,-0.002737940253026357,-150.0,0.8487614784381707,294.4637399867439,0.0013689701265131786,-100.0,-0.002737940253026357,-0.0027379402530129937,-0.002737940253026357,0.0013689701265131786,7.638853305943536,-0.5475880506052714,0.002737940253026357,51.85250182693408,-0.0006844850632565893,48.69238791271542,-51.85250182693408,0.41069103795395345,0.27653196555566206,-387.3781367623491,7.638853305943536,-0.0020534551897697676,267.2471569040693,-177.5289990040112,0.002737940253026357,-0.0006844850632565891,0.13689701265127496,2.737940253026357,-0.0013689701265131786,-0.002737940253026357,0.0006844850632565893,1000.0,0.0,-278.7129731240404,505.99757591476373,-255.0,56.91962475143055,677.0729672083704,73.89940273596996,6.948006338598164,-80.0,-255.0,145.12144571911546,-300.0,40.0,127.5,127.5,-6.948006338598164,-36.94970136798498,-266.63112034713873,-86.66835944807326,300.0,-145.12144571911546,-86.66835944807326,-677.0729672083704,403.43922957038427,-56.91962475143055,1496.5981,hplb
408,0.0,0.0,0.0,0.0,0.0,0.0,0.0,0.0,-0.14057241605360818,0.0,0.0,0.0,0.0,0.0,0.0,0.0,547.1009960575514,0.0,0.0,-495.084383516163,0.0,0.0,0.0,69.86958107553619,0.0,0.0,0.0,0.0,0.0,-1000.0,12.319397653653255,-12.319397653653255,136.8933496052152,0.0,0.0,0.0,0.0,268.1708985972748,0.0,-1000.0,957.8282751839175,0.0,0.0,1000.0,0.0,0.0,0.0,0.0,31.02400394244262,0.0,0.0,578.1249999999941,0.0,0.15462965765902936,0.0,0.0,0.0,28.114483210721637,0.0,0.0,-48.44943536048091,0.0,0.0,-116.09329580073407,0.0,0.0,0.0,0.0,0.0,671.8255649759266,0.0,1.405724160536082,0.0,0.0,0.0,0.0,0.0,0.0,0.0,920.7568141141613,0.0,0.0,0.0,0.0,84.34344963216492,0.0,54.51117884889365,20.333184350717076,31.683428190671307,300.0,-0.035143104013402045,0.0,0.0,0.0,42.17172481608246,0.0,42.17172481608246,-16.845829450578183,0.0,0.0,0.0,431.105270582658,-1000.0,0.0,0.0,0.0,0.0,0.0,0.0,0.0,0.0,0.0,0.0,0.0,0.0,0.0,0.0,0.0,0.0,0.0,0.0,0.0,0.0,0.0,-1000.0,0.0,0.0,42.17172481608246,0.0,43.57744897661854,0.0,0.0,-301.873876111055,301.873876111055,0.0,0.0,-67.64386044025315,0.0,0.0,0.0,0.0,0.0,0.0,0.0,0.0,65.33525488502139,0.14057241605360105,0.0,0.0,0.0,329.8082343717625,-1000.0,0.0,0.0,0.0,0.0,752.6873352309785,0.0,0.0,0.0,0.0,0.0,198.30908921470228,198.30908921470228,0.0,0.0,0.0,0.0,-582.8661565377727,0.0,0.0,210.76905928440914,0.0,0.0,0.0,-384.7199596591362,0.0,0.0,0.0,0.0,0.0,0.0,0.0,0.0,0.0,0.0,-294.3854725404173,0.0,0.0,0.0,0.0,-1000.0,0.0,0.0,0.0,0.0,0.0,0.0,-578.1249999999941,-31.683428190671307,31.683428190671307,67.64386044025315,0.0,0.0,0.0,0.0,0.0,0.0,0.0,-50.49426958918515,0.0,0.0,0.0,0.0,0.0,0.0,0.0,0.0,0.0,0.0,0.0,0.0,0.0,0.0,626.4207320496807,1000.0,0.0,0.0,0.0,0.0,155.80218597858558,0.0,0.0,0.0,0.0,-48.44943536048091,0.0,12.319397653653255,0.0,0.0,0.0,0.0,0.0,0.0,0.0,0.0,0.0,0.0,0.0,846.890137433471,910.2569938148135,-558.4512398975056,0.0,-1000.0,0.0,0.0,67.64386044025315,195.62948747357245,0.0,0.0,0.0,-66.02413251140922,0.0,0.0,0.0,-77.89480927906948,-648.2925878598423,755.9374569706956,-678.0426476916261,107.64486911085322,0.0,0.0,0.0,0.0,0.0,168.75099437072814,0.0,0.0,0.0,-537.4856869141539,0.0,537.4856869141539,0.0,1000.0,0.0,0.0,-409.914379708119,0.0,0.0,0.0,-48.44943536048091,-0.21085862408041228,0.0,0.0,0.0,0.0,0.14057241605360105,0.0,0.0,0.0,734.3822287650787,547.1009960575514,0.0,-974.5874403049779,766.0769590513627,0.0,1000.0,0.0,304.2601376624456,0.0,0.0,0.0,0.0,0.0,695.7398623375544,0.0,-1000.0,-333.8219290192398,-1000.0,0.0,0.0,0.0,0.0,0.0,0.0,0.0,0.0,0.0,0.0,0.0,0.0,0.0,0.0,0.0,0.0,0.0,0.0,0.0,-1000.0,0.0,731.2668117385113,0.0,0.0,0.0,0.0,-53.01585723136816,0.0,0.0,0.0,0.0,424.07664977997763,0.0,-896.9644360231007,780.9330543073307,0.0,0.0,408.2683986796926,0.0,0.0,102.87609442404641,896.9644360231007,-1000.0,0.0,-3.5143104013402047,-7.028620802680409,-1000.0,0.0,405.7353478211501,0.0,39.4304258394248,42.17172481608246,0.0,0.0,0.0,479.6307845286562,0.0,0.0,0.0,0.0,0.0,0.0,-252.74526773937782,0.0,0.0,-953.0456220943789,0.0,0.0,0.0,0.0,0.0,-55.52037346342769,0.0,-1000.0,0.0,0.0,0.0,0.0,0.0,-85.94275839463918,0.28114483210674734,0.0,0.0,0.0,0.0,0.0,0.0,0.0,0.0,0.0,671.8255649759266,0.0,0.0,0.0,0.0,0.0,0.0,0.0,0.0,0.0,0.15462965765902936,0.15462965765902936,12.319397653653255,232.32003922130562,0.0,84.34344963216492,0.0,0.0,0.0,1000.0,0.0,0.0,54.51117884889365,0.0,0.0,558.2348788973402,-1000.0,0.0,0.0,0.0,0.0,0.0,0.0,0.0,0.0,0.0,0.0,0.0,0.0,0.0,333.3333333333333,-734.3822287650787,670.1917656282375,0.0,65.33525488502139,0.0,0.0,0.0,-223.44604641883873,0.0,558.2348788973402,0.0,-527.707879497299,1000.0,0.0,0.0,0.0,0.0,0.0,0.0,0.0,0.0,0.0,0.0,0.0,0.0,0.0,0.0,0.0,0.0,84.34344963216492,67.64386044025315,67.64386044025315,0.0,0.0,0.0,0.0,0.0,0.0,0.0,0.0,0.0,0.0,1.405724160536082,0.0,12.319397653653255,54.51117884889365,-54.51117884889365,12.319397653653255,-578.1249999999941,0.0,0.0,42.17172481608246,0.0,0.0,0.0,0.0,0.0,0.0,0.0,0.0,0.0,0.0,1000.0,34.12835690600812,0.0,42.17172481608246,42.17172481608246,1000.0,-1000.0,0.0,0.0,0.0,0.0,0.0,0.0,0.0,333.8219290192398,0.0,401.60321673131915,0.14057241605360105,0.0,0.0,0.0,185.64595717251157,0.0,0.0,0.0,0.0,0.0,0.0,0.0,0.0,0.0,0.0,0.0,0.0,0.0,0.0,0.0,0.0,0.0,0.14057241605360105,0.0,0.0,0.0,0.0,0.0,0.0,0.0,0.0,731.2668117385113,0.0,-53.01585723136816,0.0,0.0,-1000.0,-10.542931204020615,-7.028620802680409,0.0,0.0,-484.375,-484.375,484.375,0.0,0.0,0.0,0.0,0.0,0.0,0.0,67.64386044025315,0.0,0.0,0.0,452.1943944632553,0.0,0.0,0.0,-0.14057241605360105,0.0,0.0,0.14057241605360105,0.0,0.14057241605360105,0.0,0.0,0.0,84.34344963216492,171.49834758540203,171.49834758540203,0.0,0.0,0.0,0.0,0.0,0.0,0.0,670.1917656282374,0.0,0.0,0.0,0.0,707.8431473597701,0.0,0.0,0.0,0.0,0.0,0.0,0.0,0.0,0.0,0.0,0.0,0.0,0.0,0.0,223.44604641883873,0.0,-618.9220941721561,618.9220941721561,0.21085862408041228,0.0,0.0,0.0,-42.17172481608246,0.0,0.0,0.0,0.0,0.0,-232.32003922130562,7.028620802680409,0.0,0.0,0.0,0.0,582.8661565377727,-920.0727766452953,0.0,0.0,-1000.0,0.0,0.0,0.0,0.0,0.0,67.64386044025315,0.0,0.0,-411.2283075299792,232.32003922130562,0.0,967.0772824175158,0.0,0.0,-973.0886338766635,0.0,973.0886338766635,0.0,24.131139888170424,0.0,7.028620802680409,399.1400689171517,0.0,0.0,-12.319397653653255,-164.542731161215,-1000.0,1000.0,1000.0,-1000.0,0.0,0.0,0.0,0.0,0.0,273.29961013237585,0.0,171.49834758540203,0.0,0.0,0.0,12.319397653653255,0.0,0.0,0.0,0.0,0.0,0.0,0.0,0.0,263.94883283336765,-857.4715221484381,336.7560733571083,0.0,42.17172481608246,54.51117884889365,0.0,0.0,0.0,291.43268596857627,0.0,0.0,0.15462965765902936,0.0,0.0,0.0,85.749173792701,0.0,0.0,0.0,0.0,626.4207320496807,0.0,0.0,0.0,0.0,0.0,0.0,0.0,0.0,-1000.0,0.0,0.014057241605360815,0.014057241605360815,0.0,0.0,0.0,0.0,0.0,0.0,0.0,0.0,0.0,0.0,12.319397653653255,0.0,0.0,0.0,0.0,232.32003922130562,0.0,0.0,0.0,0.0,0.0,0.0,0.0,0.0,0.0,0.0,0.0,109.0223576977873,52.01661254138838,0.0,0.0,0.0,0.0,0.0,84.34344963216492,0.0,0.0,0.0,0.0,0.0,0.0,-84.34344963216492,0.0,109.0223576977873,0.0,0.0,0.0,0.0,0.0,0.0,0.0,12.319397653653255,12.319397653653255,0.0,-401.60321673131915,-1000.0,804.1352523564917,-940.2231968861157,898.0514720700332,0.0,999.437710335786,0.0,0.0,0.0,0.0,0.0,0.0,0.0,0.0,0.0,835.9375,0.0,-835.9375,-835.9375,0.0,0.0,0.0,0.0,-17.571552006701026,67.64386044025315,-434.6195809839982,697.3002161557494,0.0,0.0,0.0,0.0,0.0,0.0,-1.7571552006701023,55.52037346342769,0.0,0.0,0.0,0.0,0.0,0.0,0.0,1000.0,42.17172481608246,42.17172481608246,0.0,0.0,0.0,0.0,920.7568141141613,0.15462965765902936,232.32003922130562,0.0,0.0,-999.437710335786,0.0,0.0,0.0,0.0,0.0,0.0,0.0,0.0,0.0,0.0,0.0,0.0,0.0,0.0,309.46104708607805,0.0,0.0,0.0,0.0,147.6010368562886,65.33525488502139,0.0,0.0,0.0,0.0,0.0,232.32003922130562,0.0,896.1983263920367,0.0,0.0,0.0,-17.571552006701026,0.0,0.0,0.0,0.0,0.0,0.0,0.0,0.0,0.0,0.0,0.0,0.0,0.0,0.0,0.0,0.0,0.0,0.0,-0.14057241605360105,0.0,0.0,7.028620802680409,-558.2348788973402,0.0,0.0,0.0,0.0,67.64386044025315,0.0,0.0,0.0,-695.7398623375544,3.5143104013402047,0.0,0.0,0.0,0.14057241605360105,0.0,140.57241605360818,-43.57744897661854,28.114483210721637,1.0040886860972014,392.19704078956687,-0.10542931204020614,219.06694569266924,2.811448321072164,-0.7028620802675505,-392.19704078956687,42.17172481608246,-0.14057241605360818,0.0,0.0,0.035143104013402045,1.0040886860972014,0.0,-76.89030748462676,9.507949332581092,-52.01661254138838,-0.14057241605360818,0.035143104013402045,-392.19704078956687,14.057241605360819,0.14057241605360818,0.14057241605360105,-232.024837147593,-54.35654919123468,-222.83610799985445,-0.10542931204020614,42.17172481608246,0.14057241605360818,42.17172481608246,-70.2862080268041,-0.07028620802680409,-529.8512272311241,-170.0,-0.10542931204020614,-0.14057241605360818,-43.57744897661854,0.14057241605360105,14.057241605360819,-2.811448321072164,223.44604641883873,223.44604641883873,-14.057241605360819,52.01661254138838,-223.44604641883873,28.114483210721637,0.21085862408041228,-531.8522574124686,14.057241605360819,-333.3333333333333,0.0,-28.114483210721637,0.07028620802680409,1.405724160536082,243.64686007624448,260.4345224320273,-0.14057241605360105,-263.94883283336765,232.024837147593,43.57744897661854,0.14057241605360818,76.89030748462676,-168.68689926432984,0.0,-0.14057241605360105,-0.035143104013402045,0.0,-0.14057241605360818,-85.94275839463918,0.14057241605360105,-0.035143104013402045,-0.035143104013402045,-0.035143104013402045,56.228966421443275,70.2862080268041,1.405724160536082,104.14658874371617,-0.035143104013402045,487.29372015248896,7.0286208026804085,50.0,0.14057241605360105,0.07028620802680409,0.07028620802680409,14.057241605360819,43.57744897661854,0.14057241605360105,-43.57744897661854,1.405724160536082,0.14057241605360818,-104.14658874371617,0.14057241605360818,0.5622896642139494,0.7028620802675505,0.07028620802680409,0.035143104013402045,42.17172481608246,-0.14057241605360818,222.83610799985445,-4.753974666290546,-208.29317748743233,215.55263529132898,-14.057241605360819,28.114483210721637,7.028620802680409,-0.14057241605360818,0.0,0.21085862408041228,-0.14057241605360818,-28.114483210721637,43.57744897661854,46.44749345585163,0.07028620802680409,-100.0,-0.14057241605360818,-0.14057241605360105,-0.14057241605360818,0.07028620802680409,392.19704078956687,-28.114483210721637,0.14057241605360105,487.29372015248896,-0.035143104013402045,54.35654919123468,-487.29372015248896,21.085862408041226,170.0,-98.07835526869312,392.19704078956687,-0.10542931204020614,263.94883283336765,-260.4345224320273,0.14057241605360818,-0.03514310401340205,7.028620802680409,140.57241605360818,-0.07028620802680409,-0.14057241605360818,0.035143104013402045,641.1870568830554,0.0,231.7819712044418,0.0,-255.0,0.0,317.3503015288759,-140.0,0.0,-80.0,-255.0,-325.0,-300.0,40.0,127.5,127.5,0.0,70.0,-232.32003922130562,-337.8801794244279,300.0,325.0,-337.8801794244279,-317.3503015288759,235.98997959392244,0.0,1496.5981,hplb
409,0.0,0.0,0.0,0.0,0.0,0.0,0.0,0.0,-0.1515414506178626,0.0,0.0,0.0,0.0,0.0,0.0,0.0,-41.54869260610394,1000.0,0.0,-658.4513073938961,0.0,0.0,0.0,577.8605112733056,0.0,0.0,0.0,0.0,0.0,-958.4513073938961,0.0,0.0,136.6509339413453,0.0,0.0,0.0,0.0,68.84576788158736,0.0,-1000.0,965.6057981563463,0.0,-1000.0,0.0,0.0,0.0,0.0,0.0,0.0,0.0,0.0,0.0,0.0,0.16669559567958459,0.0,0.0,0.0,30.308290123572515,0.0,0.0,-13.345750417744526,0.0,13.345750417744526,0.0,0.0,0.0,0.0,0.0,0.0,0.0,0.0,1.515414506178626,0.0,0.0,0.0,0.0,0.0,0.0,0.0,0.0,0.0,0.0,0.0,0.0,90.92487037071756,0.0,0.0,-63.132612039888045,573.7235047824255,425.93509871266383,0.0,0.0,0.0,472.13970864868236,45.46243518535878,0.0,45.46243518535878,0.0,0.0,0.0,0.0,7.577072530893129,-958.4513073938961,0.0,0.0,0.0,370.0938599226118,0.0,0.0,0.0,0.0,0.0,0.0,0.0,0.0,0.0,0.0,0.0,0.0,0.0,0.0,0.0,0.0,0.0,-1000.0,0.0,0.0,45.46243518535878,0.0,46.97784969153741,46.97784969153741,0.0,-1000.0,0.0,1000.0,-1000.0,0.0,0.0,0.0,0.0,0.0,0.0,0.0,0.0,0.0,11.668691697575355,0.1515414506178626,0.03788536265446565,0.0,0.0,-1000.0,125.575081657993,0.0,0.0,0.0,0.0,885.2473016809887,0.0,0.0,0.0,0.0,0.0,-20.66966947609092,-20.66966947609092,0.0,0.0,0.0,0.0,-1000.0,0.0,0.0,-20.518128025473057,0.0,0.0,0.0,0.0,0.0,0.0,0.0,0.0,0.0,0.0,0.0,0.0,0.0,0.0,0.0,0.0,0.0,0.0,0.0,-775.0436586162042,0.0,0.0,0.0,0.0,0.0,0.0,1000.0,-986.5330061350887,986.5330061350887,0.0,0.0,0.0,0.0,0.0,0.0,0.0,0.0,0.0,0.0,0.0,0.0,0.0,0.0,0.0,0.0,0.0,0.0,0.0,0.0,0.0,0.0,0.0,477.0147421711782,0.0,0.0,0.0,0.0,0.0,154.69431348759588,0.0,0.0,0.0,0.0,-13.345750417744526,0.0,0.0,0.0,0.0,0.0,0.0,0.0,0.0,0.0,83.71703556888319,0.0,0.0,0.0,0.0,560.2565109175142,-49.66561817497677,0.0,0.0,0.0,0.0,0.0,-435.4485861338674,0.0,0.0,0.0,-15.272852531436001,0.0,0.0,462.03407732618257,0.0,35.25840453062631,498.65702754597345,-36.622950219790795,71.8813547504171,-412.8095013526633,0.0,-581.8517014890967,0.0,0.0,362.06203311931563,0.0,0.0,0.0,0.0,0.0,0.0,0.0,556.9967169659169,0.0,0.0,44.100800122943724,0.0,0.0,0.0,-13.345750417744526,-0.22731217592679387,0.0,0.0,0.0,0.0,0.1515414506178626,0.0,0.0,0.0,491.1698743743663,-41.54869260610394,0.0,-1000.0,1000.0,0.0,964.6045637006405,0.0,517.267990207562,0.0,0.0,0.0,0.0,0.0,817.4144363017666,-334.6824265093286,-1000.0,-24.381571941944685,868.5549197625271,0.0,0.0,0.0,0.0,0.0,0.0,0.0,0.0,0.0,0.0,0.0,0.0,0.0,0.0,0.0,0.0,0.0,0.0,0.0,-69.4519336840585,0.0,0.0,78.83740085899315,467.59327508629735,1000.0,0.0,0.0,0.0,0.0,0.0,0.0,0.0,0.0,0.0,0.0,0.0,334.6824265093286,-39.56617031320002,-927.2722615627603,0.0,-34.512718456916446,0.0,-241.3737100740418,361.72397563460027,-3.7885362654465644,919.6951890318671,-572.4243621095521,0.0,225.56738519880048,1000.0,0.0,45.46243518535878,0.0,0.0,0.0,73.2546465980598,0.0,0.0,0.0,0.0,0.0,0.0,151.4370632783677,0.0,0.0,-577.8179278926257,0.0,0.0,0.0,0.0,0.0,-26.69150083548905,0.0,0.0,46.4636696410644,0.0,0.0,0.0,0.0,-72.77875143357585,0.30308290123502957,0.0,0.0,0.0,0.0,0.0,0.0,0.0,0.0,0.0,0.0,0.0,0.0,0.0,0.0,0.0,0.0,0.0,0.0,0.0,0.16669559567958459,0.16669559567958459,0.0,195.96907270495953,0.0,90.92487037071756,0.0,0.0,0.0,50.66627099784525,0.0,0.0,0.0,0.0,0.0,1000.0,-50.66627099784525,0.0,0.0,991.4523353614185,0.0,0.0,46.4636696410644,0.0,0.0,0.0,0.0,0.0,0.0,0.0,333.3333333333333,-491.1698743743663,504.3310584193952,0.0,11.668691697575355,0.0,472.13970864868236,0.0,-154.69431348759588,0.0,1000.0,0.0,105.98112735513405,821.24012121129,0.0,0.0,0.0,0.0,0.0,0.0,0.0,0.0,0.0,0.0,0.0,0.0,0.0,0.0,0.0,0.0,90.92487037071756,0.0,0.0,0.0,0.0,0.0,0.0,0.0,0.0,0.0,0.0,0.0,0.0,1.515414506178626,0.0,0.0,0.0,0.0,0.0,1000.0,0.0,0.0,45.46243518535878,-991.4523353614185,0.0,0.0,0.0,0.0,0.0,0.0,0.0,0.0,0.0,1000.0,-690.5193254711402,0.0,45.46243518535878,45.46243518535878,780.08008696859,-50.66627099784525,0.0,46.4636696410644,0.0,0.0,0.0,0.0,0.0,982.8328793358407,0.0,1000.0,0.1515414506178626,0.0,0.0,0.0,12.220735553397631,0.0,0.0,-472.13970864868236,0.0,0.0,0.0,0.0,0.0,0.0,0.0,0.0,0.0,0.0,0.0,0.0,0.0,0.0,0.1515414506178626,0.0,0.0,0.0,-97.70519393105985,97.70519393105985,0.0,0.0,0.0,0.0,0.0,78.83740085899315,0.0,0.0,-69.4519336840585,-11.365608796339693,-7.577072530893133,0.0,0.0,734.375,734.375,-734.375,0.0,0.0,0.0,0.0,0.0,0.0,0.0,0.0,0.0,0.0,0.0,233.1444577296936,0.0,0.0,0.0,-0.1515414506178626,0.0,0.0,0.1515414506178626,0.0,0.1515414506178626,0.0,0.0,0.0,90.92487037071756,184.88056975379237,184.88056975379237,0.0,0.0,0.0,0.0,0.0,0.0,0.0,504.3310584193952,0.0,0.0,0.0,0.0,830.4621551999645,0.0,0.0,0.0,0.0,0.0,0.0,0.0,0.0,0.0,0.0,0.0,0.0,0.0,0.0,154.69431348759588,0.0,-695.3680674853589,695.3680674853589,0.22731217592679387,0.0,0.0,0.0,-45.46243518535878,0.0,0.0,0.0,0.0,0.0,-195.96907270495953,7.577072530893129,0.0,0.0,0.0,0.0,1000.0,0.0,0.0,0.0,0.0,0.0,0.0,0.0,0.0,0.0,0.0,0.0,991.4523353614185,-375.0389011360749,195.96907270495953,0.0,799.0227682958227,0.0,0.0,0.0,0.0,0.0,0.0,-620.3291558876598,0.0,7.577072530893133,641.1326267459467,0.0,324.0693281004112,0.0,-26.69150083548905,0.0,0.0,0.0,0.0,0.0,-95.38572726645855,0.0,0.0,0.0,158.17223600369584,-180.90345359637502,184.88056975379237,0.0,0.0,0.0,0.0,0.0,0.0,0.0,0.0,0.0,83.71703556888319,0.0,0.0,49.16244549760339,-12.220735553397631,-454.1921683513934,-1000.0,45.46243518535878,0.0,0.0,0.0,0.0,254.29927523045671,0.0,0.0,0.16669559567958459,0.0,0.0,0.0,92.44028487689619,0.0,0.0,0.0,0.0,477.0147421711782,0.0,370.0938599226118,0.0,0.0,0.0,0.0,0.0,0.0,423.71106818159626,0.0,0.015154145061786473,0.015154145061786473,0.0,0.0,0.0,0.0,0.0,0.0,0.0,0.0,0.0,0.0,0.0,0.0,0.0,0.0,0.0,195.96907270495953,0.0,0.0,0.0,0.0,0.0,0.0,0.0,0.0,0.0,0.0,0.0,0.0,572.2895801315767,-895.6899742267774,1000.0,0.0,0.0,0.0,90.92487037071756,0.0,0.0,0.0,0.0,0.0,655.7606808959597,-746.6855512666773,0.0,0.0,0.0,0.0,0.0,0.0,0.0,0.0,0.0,0.0,0.0,0.0,868.5549197625271,0.0,934.2680488732003,0.0,-45.46243518535878,0.0,68.84576788158736,0.0,0.0,0.0,0.0,0.0,0.0,0.0,0.0,0.0,0.0,0.0,0.0,0.0,0.0,0.0,0.0,0.0,-18.942681327232826,0.0,-11.365608796339693,1000.0,0.0,0.0,0.0,0.0,0.0,-1000.0,998.1057318672767,26.69150083548905,0.0,0.0,0.0,0.0,0.0,0.0,0.0,1000.0,45.46243518535878,45.46243518535878,0.0,0.0,0.0,0.0,0.0,0.16669559567958459,195.96907270495953,0.0,0.0,-68.84576788158736,0.0,0.0,0.0,0.0,0.0,0.0,0.0,0.0,0.0,0.0,0.0,0.0,0.0,0.0,347.68403374267945,0.0,0.0,46.97784969153741,0.0,159.1185231487557,0.0,0.0,11.668691697575355,0.0,0.0,0.0,195.96907270495953,0.0,71.26032832810002,0.0,0.0,0.0,-18.942681327232826,0.0,0.0,0.0,0.0,0.0,0.0,0.0,0.0,0.0,0.0,0.0,0.0,0.0,0.0,0.0,0.0,0.0,0.0,-0.1515414506178626,0.0,0.0,7.577072530893129,-1000.0,0.0,0.0,0.0,0.0,0.0,0.0,0.0,0.0,-817.4144363017666,3.7885362654465644,0.0,0.0,0.0,0.1515414506178626,0.0,151.54145061786258,0.0,30.30829012357252,1.0824389329847326,516.7563466069115,-0.11365608796339693,241.3737100740418,3.030829012357252,-0.757707253088995,-516.7563466069115,45.46243518535878,-0.1515414506178626,0.0,46.4636696410644,0.03788536265446565,1.0824389329847326,0.0,-24.12539893835853,-3.030829012357252,-300.0,-0.1515414506178626,0.03788536265446565,-516.7563466069115,15.154145061786258,0.1515414506178626,0.1515414506178626,-195.6508356586621,0.16669559567964906,-209.42968537492118,-0.11365608796339693,45.46243518535878,0.1515414506178626,45.46243518535878,-75.77072530893129,-0.0757707253089313,-675.8176163060675,-170.0,-0.11365608796339693,-0.1515414506178626,0.0,0.1515414506178626,15.154145061786258,-3.030829012357252,154.69431348759588,154.69431348759588,-15.154145061786258,300.0,-154.69431348759588,30.308290123572515,0.22731217592679387,-183.36239928852956,15.154145061786258,-333.3333333333333,46.4636696410644,-30.308290123572515,0.0757707253089313,1.515414506178626,250.0,226.27736282853203,-0.1515414506178626,-230.0658990939784,195.6508356586621,46.97784969153741,0.1515414506178626,24.12539893835853,-135.38607110036992,46.4636696410644,-0.1515414506178626,-0.03788536265446565,-46.4636696410644,-0.1515414506178626,-442.87261135618763,0.15154145061780727,-0.03788536265446565,-0.03788536265446565,-0.03788536265446565,60.61658024714503,75.77072530893129,1.515414506178626,304.35281919182177,-0.03788536265446565,500.0,7.577072530893129,43.96644824768105,0.1515414506178626,0.0757707253089313,0.0757707253089313,38.38597988231846,0.0,0.1515414506178626,0.0,1.515414506178626,0.1515414506178626,-688.5119131224549,0.1515414506178625,0.6061658024711392,0.757707253088995,0.0757707253089313,0.03788536265446565,45.46243518535878,-0.1515414506178626,209.42968537492118,1.515414506178626,-608.7056383836435,237.58517380859524,-15.154145061786258,30.308290123572515,7.57707253089313,-0.1515414506178625,0.0,0.22731217592679387,-0.1515414506178626,-76.77195976463692,0.0,313.0838614097314,0.0757707253089313,-87.9328964953621,-0.1515414506178626,-0.15154145061780727,-0.1515414506178626,0.0757707253089313,516.7563466069115,-30.308290123572515,0.1515414506178626,500.0,-0.03788536265446565,-0.16669559567964906,-500.0,22.731217592679382,170.0,-19.726130084472754,516.7563466069115,-0.11365608796339693,230.0658990939784,-226.27736282853203,0.1515414506178626,-0.03788536265446564,7.577072530893133,151.54145061786258,-0.0757707253089313,-0.1515414506178626,0.03788536265446565,0.0,0.0,170.1610312032201,384.1590939306331,-255.0,0.0,153.69530062899776,-140.0,0.0,-80.0,-255.0,-325.0,-13.12559736000054,40.0,127.5,127.5,0.0,70.0,-195.96907270495953,-567.3831366401881,13.12559736000054,325.0,-567.3831366401881,-153.69530062899776,136.9636133337907,0.0,1496.5981,hplb
410,0.0,0.0,0.0,0.0,0.0,0.0,0.0,0.0,-0.10413285414070048,0.0,0.0,0.0,0.0,0.0,0.0,0.0,-294.66714831298975,1000.0,0.0,-703.6189923114975,0.0,0.0,0.0,129.96107402338177,0.0,0.0,0.0,0.0,0.0,814.1168193287346,0.0,0.0,755.5038408025966,0.0,0.0,0.0,0.0,949.7359872466893,0.0,-1000.0,979.7543724915619,0.0,0.0,285.26574013106335,0.0,0.0,0.20826570828140095,0.0,57.6564772984608,0.0,0.0,862.371888445269,0.0,0.11454613955487351,0.0,0.0,0.0,0.0,0.0,0.0,-9.17063335465916,0.0,834.633793797577,825.4631604429179,0.0,0.0,0.0,0.0,1000.0,-229.7035952801166,0.0,1.0413285414070048,0.0,0.0,0.0,0.0,0.0,0.0,0.0,683.1293072363985,0.0,0.0,-123.23041783911023,0.0,62.47971248442029,0.0,0.0,987.2477704395569,-202.58832620289962,0.0,-0.02603321353517512,0.0,0.0,494.5161147944633,31.239856242210145,0.0,31.239856242210145,0.0,508.7831542147722,0.0,0.0,456.68452583333925,521.9335115641977,0.0,0.0,-75.76179283647343,0.0,0.0,0.0,0.0,0.0,0.0,0.0,0.0,0.0,0.0,0.0,0.0,0.0,0.0,0.0,0.0,0.0,0.0,-294.41428996005976,0.0,0.0,31.239856242210145,0.0,32.28118478361715,0.0,0.0,0.0,0.0,0.0,0.0,-676.9174755256736,0.0,0.0,676.9174755256736,0.0,0.0,0.0,0.0,0.0,131.24864760794415,0.10413285414070048,0.0,0.0,0.0,0.0,0.0,0.0,0.0,123.23041783911023,0.0,753.2470060505462,0.0,0.0,0.0,0.0,0.0,999.8958671458593,999.8958671458593,0.0,0.0,0.0,0.0,573.7829791865323,0.0,0.0,1000.0,0.0,0.0,0.0,0.0,-555.7826446358238,0.0,0.0,0.0,0.0,0.0,0.0,0.0,0.0,0.0,-582.420384726205,0.0,0.0,0.0,0.0,-1000.0,0.0,0.0,0.0,0.0,0.0,0.0,-862.371888445269,502.5883262028996,-502.5883262028996,0.0,0.0,0.0,0.0,0.0,0.0,0.0,292.18330776453683,-708.8431775957276,0.0,0.0,0.0,0.0,0.0,0.0,0.0,0.0,0.0,0.0,0.0,0.0,0.0,150.5962220413826,-58.34685834371981,285.26574013106335,0.0,0.0,0.0,0.0,11.771136324552344,0.0,0.0,0.0,0.0,-9.17063335465916,0.0,0.0,0.0,404.7227509032458,0.0,0.0,0.0,0.0,0.0,797.6422964716194,20.826570828140095,0.0,0.0,-294.8233475942007,-1000.0,685.1206854956483,0.0,-285.26574013106335,0.0,0.0,0.0,-872.9579179483454,0.0,0.0,0.0,-156.5865100320827,0.0,0.0,-1000.0,-1000.0,615.2328107231692,-1000.0,1000.0,615.2328107231697,300.0,0.0,616.4369745986534,0.0,0.0,278.75952672800196,0.0,0.0,0.0,0.0,0.0,0.0,0.0,1000.0,0.0,0.0,0.0,0.0,0.0,0.0,-9.17063335465916,-0.1561992812110507,0.0,0.0,0.0,0.0,0.10413285414070048,0.0,0.0,0.0,159.34671096161813,-294.66714831298975,0.0,-995.5342393736437,-20.389022217667275,555.7826446358238,1000.0,0.0,858.6986933131149,0.0,-75.76179283647343,0.0,0.0,0.0,141.30130668688517,0.0,-1000.0,-1000.0,-1000.0,0.0,0.0,0.0,0.0,0.0,0.0,0.0,0.0,0.0,0.0,0.0,0.0,0.0,0.0,0.0,0.0,404.7227509032458,1000.0,0.0,49.84748133674691,123.23041783911023,0.0,794.2892185682872,457.8039439190432,0.0,0.0,-928.8909440795635,0.0,508.7831542147722,0.0,0.0,451.4778831263043,-1000.0,0.0,0.0,188.98047872764715,0.0,0.0,-5.206642707035024,0.0,709.5179664711472,0.0,-459.84755622970874,0.0,-191.58380008116467,0.0,-866.3834611587505,0.0,1000.0,62.929201079799554,-5.206642707035024,31.239856242210145,0.0,0.0,0.0,0.0,0.0,0.0,0.0,-150.5962220413826,150.5962220413826,150.5962220413826,-383.6317477072464,0.0,0.0,0.0,0.0,0.0,292.18330776453683,0.0,0.0,-18.34126670931832,0.0,0.0,10.994228733772076,0.0,0.0,0.0,0.0,-89.58671458592995,0.20826570828140112,0.0,0.0,0.0,0.0,0.0,0.0,0.0,0.0,0.0,770.2964047198834,0.0,0.0,0.0,0.0,0.0,0.0,0.0,0.0,0.0,0.11454613955487351,0.11454613955487351,0.0,409.76965121324247,0.0,62.47971248442029,0.0,0.0,0.0,1000.0,0.0,0.0,0.0,0.0,0.0,270.4855178865979,-1000.0,0.0,0.0,0.0,0.0,0.0,10.994228733772076,0.0,0.0,0.0,0.0,0.0,0.0,0.0,98.13809665335326,-159.34671096161813,0.0,0.0,8.018229768833931,0.0,482.74497846991096,11.771136324552344,0.0,0.0,270.4855178865979,0.0,-798.1632660294733,979.0620693301412,0.0,0.0,150.5962220413826,0.0,0.0,0.0,0.0,0.0,0.0,0.0,0.0,0.0,0.0,0.0,0.0,0.0,62.47971248442029,0.0,0.0,0.0,0.0,0.0,0.0,0.0,0.0,0.0,0.0,0.0,0.0,1.0413285414070048,0.0,0.0,0.0,0.0,0.0,-862.371888445269,0.0,0.0,31.239856242210145,0.0,0.0,0.0,0.0,0.0,0.0,0.0,0.0,0.0,0.0,0.0,-658.8192402049752,0.0,31.239856242210145,31.239856242210145,1000.0,-1000.0,0.0,10.994228733772076,0.0,0.0,0.0,0.0,0.0,1000.0,292.18330776453683,865.7048629443046,0.10413285414070048,0.0,0.0,137.52231001481508,0.0,693.5669697155797,0.0,-494.5161147944633,0.0,0.0,0.0,0.0,0.0,0.0,0.0,0.0,0.0,0.0,0.0,0.0,0.0,0.0,0.10413285414070048,0.0,0.0,0.0,0.0,0.0,0.0,0.0,0.0,0.0,0.0,374.18142870349584,0.0,0.0,-950.1525186632531,-7.809964060552488,-5.206642707035024,0.0,0.0,171.87499999999997,171.87499999999997,-171.87499999999997,0.0,0.0,0.0,0.0,0.0,0.0,0.0,0.0,555.7826446358238,0.0,0.0,1000.0,0.0,0.0,0.0,-0.10413285414070048,0.0,0.0,0.10413285414070048,0.0,0.10413285414070048,0.0,0.0,0.0,62.47971248442029,127.04208205165459,127.04208205165459,0.0,0.0,0.0,0.0,0.0,0.0,0.0,0.0,0.0,292.18330776453683,0.0,0.0,150.26714542839957,0.0,0.0,0.0,0.0,0.0,0.0,0.0,0.0,0.0,0.0,0.0,0.0,0.0,0.0,11.771136324552344,0.0,0.0,0.0,0.1561992812110507,0.0,0.0,0.0,-31.239856242210145,0.0,0.0,0.0,0.0,0.0,-409.76965121324247,5.206642707035024,0.0,0.0,0.0,0.0,-573.7829791865323,688.3485103042415,0.0,0.0,0.0,0.0,0.0,0.0,0.0,0.0,0.0,0.0,0.0,321.6317818657047,259.1734291718599,0.0,304.1734291718599,617.8051768791063,0.0,-240.54243377532202,508.7831542147722,-268.2407204394502,123.23041783911023,-1000.0,0.0,5.206642707035024,1000.0,0.0,0.0,0.0,-18.34126670931832,0.0,0.0,0.0,0.0,0.0,0.0,0.0,0.0,0.0,1000.0,-433.1995433949019,127.04208205165459,0.0,-828.125,-828.125,828.125,0.0,0.0,0.0,0.0,0.0,797.6422964716194,0.0,0.0,0.0,-907.8187147346985,0.0,0.0,31.239856242210145,0.0,0.0,0.0,0.0,340.37069323296276,0.0,0.0,0.11454613955487351,0.0,0.0,0.0,63.521041025827294,0.0,0.0,0.0,0.0,-58.34685834371981,0.0,0.0,0.0,0.0,0.0,0.0,0.0,0.0,981.2279296614602,0.0,0.010413285414070345,0.010413285414070345,0.0,0.0,0.0,0.0,0.0,0.0,0.0,0.0,0.0,137.52231001481508,0.0,0.0,0.0,0.0,0.0,409.76965121324247,0.0,0.0,0.0,0.0,0.0,0.0,0.0,0.0,0.0,0.0,0.0,0.0,-930.1447231253248,-551.0870023603069,1000.0,0.0,0.0,0.0,62.47971248442029,0.0,0.0,0.0,0.0,0.0,-62.47971248442029,0.0,0.0,0.0,0.0,0.0,0.0,0.0,0.0,0.0,0.0,0.0,0.0,0.0,-865.7048629443046,521.9335115641977,221.5981505147794,0.0,-31.239856242210145,0.0,949.7359872466893,0.0,0.0,0.0,0.0,0.0,0.0,0.0,0.0,0.0,0.0,0.0,0.0,0.0,0.0,0.0,0.0,0.0,-13.016606767587511,0.0,-459.28784718685677,575.6567247627471,0.0,0.0,0.0,0.0,0.0,-1.301660676758756,0.0,141.57168454842855,0.0,0.0,0.0,0.0,0.0,0.0,0.0,1000.0,31.239856242210145,31.239856242210145,0.0,0.0,0.0,0.0,683.1293072363985,0.11454613955487351,409.76965121324247,0.0,0.0,-949.7359872466893,0.0,0.0,0.0,0.0,0.0,0.0,0.0,0.0,0.0,0.0,0.0,0.0,0.0,0.0,0.0,0.0,0.0,0.0,0.0,109.3394968477355,0.0,0.0,8.018229768833931,0.0,0.0,0.0,409.76965121324247,0.0,100.7340655570107,0.0,0.0,0.0,-13.016606767587511,0.0,0.0,0.0,0.0,0.0,0.0,0.0,0.0,0.0,0.0,0.0,0.0,0.0,0.0,0.0,0.0,0.0,0.0,-0.10413285414070048,0.0,0.0,5.206642707035024,-270.4855178865979,0.0,0.0,0.0,0.0,0.0,0.0,0.0,0.0,-141.30130668688517,2.603321353517515,0.0,0.0,0.0,0.10413285414070048,0.0,104.13285414070047,-32.28118478361715,20.826570828140095,0.7438061010050034,290.53066305255436,-0.07809964060552535,459.84755622970874,2.0826570828140096,-0.5206642707045148,-290.53066305255436,31.239856242210145,-0.10413285414070048,25.253930945491145,10.994228733772076,0.02603321353517512,0.7438061010050034,-75.76179283647343,-16.5779503792011,-2.0826570828140096,-1.7138593755126976,-0.10413285414070048,0.02603321353517512,-290.53066305255436,563.6766321913086,0.10413285414070048,0.10413285414070048,-409.5509722195469,0.11454613955477082,0.0,-0.07809964060552535,31.239856242210145,0.10413285414070048,31.239856242210145,-52.066427070350244,-0.05206642707035024,-601.7234203775994,-22.28855459276309,-0.07809964060552535,-0.10413285414070048,-32.28118478361715,0.10413285414070048,10.413285414070048,-2.0826570828140096,11.771136324552344,11.771136324552344,-10.41328541407006,1.7138593755126976,-11.771136324552344,20.826570828140095,0.1561992812110507,-417.79595620042835,10.413285414070048,-98.13809665335326,10.994228733772076,-20.826570828140095,0.05206642707035024,1.0413285414070048,248.88355984341092,280.0,-0.10413285414070048,-433.1995433949019,409.5509722195469,32.28118478361715,0.10413285414070048,16.5779503792011,-667.2285430123071,10.994228733772076,-0.10413285414070048,-0.02603321353517512,-10.994228733772076,-0.10413285414070048,-89.58671458592995,0.10413285414124729,-0.02603321353517512,-0.02603321353517512,-0.02603321353517512,41.65314165628019,52.066427070350244,1.0413285414070048,77.14942831149432,-0.02603321353517512,472.5131887413307,5.206642707035024,50.0,0.10413285414070048,0.05206642707035024,0.05206642707035024,15.910399780956086,32.28118478361715,0.10413285414070048,-32.28118478361715,1.0413285414070048,0.10413285414070048,-77.14942831149432,0.10413285414070048,0.4165314165637142,0.5206642707045148,0.05206642707035024,0.02603321353517512,31.239856242210145,-0.10413285414070048,0.0,1.0413285414070048,-154.29885662298864,457.24423487619123,-10.413285414070048,20.826570828140095,5.206642707035024,-0.10413285414070048,75.76179283647343,0.1561992812110507,-0.10413285414070048,-31.82079956191217,32.28118478361715,13.730080382054211,0.05206642707035024,-100.0,-0.10413285414070048,-0.10413285414124729,-0.10413285414070048,0.05206642707035024,290.53066305255436,-20.826570828140095,0.10413285414070048,497.76711968682184,-0.02603321353517512,-0.11454613955477082,-497.76711968682184,15.61992812110507,22.28855459276309,-195.0718265265251,290.53066305255436,-0.07809964060552535,433.1995433949019,-280.0,0.10413285414070048,-0.026033213535175112,5.206642707035024,104.13285414070047,-0.05206642707035024,-0.10413285414070048,0.02603321353517512,0.0,0.0,117.743889773358,0.0,-255.0,0.0,219.05142021582026,-140.0,553.2633467772386,-80.0,-255.0,-325.0,-300.0,40.0,127.5,127.5,-553.2633467772386,70.0,-409.76965121324247,-354.100773615017,300.0,325.0,-354.100773615017,-219.05142021582026,437.93333890702866,0.0,1496.5981,hplb
411,0.0,0.0,0.0,0.0,0.0,0.0,0.0,0.0,564.2322744560207,0.0,0.0,0.0,0.0,0.0,0.0,0.0,873.435874384228,426.564125615772,0.0,-1000.0,0.0,0.0,0.0,0.0,0.0,0.0,0.0,0.0,0.0,146.6932993133596,0.0,0.0,136.86905827787274,0.0,0.0,0.0,0.0,949.0015026318929,0.0,-1000.0,133.63356167608816,0.0,0.0,0.0,0.0,0.0,0.0,0.0,0.0,-186.174498025277,0.0,837.1156653370539,0.0,0.1558387282507283,0.0,0.0,0.0,0.0,0.0,0.0,29.181075413012422,0.0,-616.9778656931493,-712.7696456135646,0.0,0.0,0.0,0.0,774.3479094252407,-774.3479094252407,0.0,1.416715711369779,0.0,0.0,0.0,0.0,0.0,0.0,0.0,0.0,0.0,0.0,365.98482836633764,0.0,85.00294268218674,0.0,0.0,5.275769860640935,168.16010452358702,0.0,-0.035417892784244474,0.0,0.0,465.0391716418288,42.50147134109337,0.0,42.50147134109337,0.0,380.52362572399056,0.0,365.98482836633764,900.6674612306938,146.6932993133596,0.0,0.0,0.0,0.0,0.0,0.0,0.0,0.0,0.0,0.0,0.0,0.0,0.0,0.0,0.0,0.0,0.0,0.0,0.0,0.0,0.0,-969.1050146888658,0.0,0.0,42.50147134109337,0.0,43.918187052463146,6.876608823089896,0.0,0.0,0.0,0.0,0.0,-124.97285533342779,0.0,0.0,0.0,0.0,0.0,0.0,0.0,0.0,-355.0761173887904,0.1416715711369779,0.0,0.0,0.0,-1000.0,1000.0,0.0,0.0,0.0,0.0,476.8887452928875,0.0,0.0,0.0,0.0,0.0,207.16384269136176,207.16384269136176,0.0,0.0,0.0,765.6249999999999,-55.96196610289147,0.0,0.0,207.30551426249875,0.0,0.0,0.0,464.9741792216762,0.0,0.0,0.0,0.0,0.0,0.0,0.0,0.0,0.0,0.0,0.0,0.0,0.0,0.0,0.0,-1000.0,0.0,0.0,0.0,0.0,0.0,186.174498025277,-837.1156653370539,-168.16010452358702,168.16010452358702,124.97285533342776,0.0,0.0,0.0,0.0,0.0,0.0,0.0,-721.0432606195177,0.0,0.0,0.0,0.0,0.0,0.0,0.0,0.0,0.0,0.0,0.0,0.0,0.0,0.0,8.117732175361063,-183.0135083605337,0.0,0.0,0.0,0.0,155.69117131516524,0.0,0.0,0.0,0.0,29.181075413012422,-183.0135083605337,0.0,0.0,0.0,0.0,0.0,0.0,0.0,0.0,410.32982734260963,28.33431422739558,0.0,0.0,663.6797909528259,1000.0,-1000.0,0.0,183.0135083605337,0.0,0.0,124.97285533342779,667.6534339859785,0.0,0.0,0.0,37.15149739040726,0.0,0.0,441.98690816463215,0.0,222.21513334529425,219.77177481933785,222.21513334529425,0.0,0.0,0.0,90.24391656859791,186.174498025277,0.0,128.35287446975514,0.0,0.0,0.0,847.5414582620795,0.0,-847.5414582620795,0.0,207.02217112022478,0.0,0.0,-547.6681205792729,765.6249999999999,0.0,0.0,29.181075413012422,-0.21250735670546683,0.0,0.0,0.0,0.0,0.1416715711369779,0.0,0.0,0.0,266.50467466770397,873.435874384228,0.0,-657.7823593858843,574.8553857466763,0.0,54.46934724457711,0.0,774.075347651686,0.0,0.0,0.0,0.0,0.0,-12.197922274893848,-761.8774253767922,0.0,1000.0,-1000.0,0.0,0.0,0.0,0.0,0.0,0.0,0.0,0.0,0.0,0.0,0.0,0.0,0.0,0.0,0.0,0.0,0.0,-50.43181108355906,0.0,-1000.0,0.0,0.0,405.7680027519983,0.0,0.0,0.0,213.7083715240111,0.0,380.52362572399056,0.0,0.0,893.5838826738449,-1000.0,-926.4031685879286,546.1244801062287,0.0,987.5295159515515,0.0,0.0,0.0,-190.7607705359408,926.4031685879286,-1000.0,1000.0,-3.5417892784244476,-7.083578556848895,-903.3073167042068,0.0,-1000.0,934.3224265940785,657.9677680941088,42.50147134109337,0.0,0.0,0.0,0.0,0.0,564.3739460271577,0.0,0.0,0.0,0.0,226.66568577260443,0.0,0.0,0.0,0.0,0.0,0.0,0.0,0.0,-66.61070450740296,0.0,0.0,121.66568577260442,0.0,0.0,0.0,0.0,-34.38373916573231,0.28334314227413415,0.0,0.0,0.0,0.0,0.0,0.0,0.0,0.0,0.0,0.0,0.0,0.0,0.0,0.0,0.0,0.0,0.0,0.0,0.0,0.1558387282507283,0.1558387282507283,0.0,202.53287410344518,0.0,85.00294268218674,0.0,0.0,0.0,1000.0,0.0,0.0,0.0,0.0,0.0,833.4522007160808,-1000.0,0.0,0.0,413.712251136372,0.0,0.0,121.66568577260442,0.0,0.0,0.0,0.0,0.0,0.0,0.0,323.0350048962886,-266.50467466770397,0.0,0.0,10.90871097754723,0.0,0.0,465.0391716418288,184.37514499323578,0.0,833.4522007160808,0.0,799.0684615503485,0.0,421.87499999999864,-421.87499999999864,0.0,0.0,0.0,0.0,0.0,0.0,0.0,0.0,0.0,0.0,0.0,0.0,0.0,0.0,85.00294268218674,124.97285533342779,124.97285533342779,0.0,0.0,0.0,0.0,0.0,0.0,0.0,0.0,0.0,0.0,1.416715711369779,0.0,0.0,0.0,0.0,0.0,-837.1156653370539,0.0,0.0,42.50147134109337,-413.712251136372,0.0,0.0,0.0,0.0,0.0,0.0,0.0,0.0,0.0,721.346959446893,0.0,0.0,42.50147134109337,42.50147134109337,1000.0,-1000.0,0.0,121.66568577260442,0.0,0.0,0.0,0.0,0.0,-537.9303201952323,0.0,-387.13642492115036,0.1416715711369779,0.0,0.0,-308.3366556774184,467.9277688673148,0.0,0.0,-465.0391716418288,0.0,0.0,0.0,0.0,0.0,0.0,0.0,0.0,0.0,0.0,0.0,0.0,0.0,0.0,0.1416715711369779,0.0,0.0,0.0,-404.2549778777769,404.2549778777769,0.0,0.0,0.0,0.0,0.0,1000.0,0.0,0.0,-949.5681889164409,-10.62536783527321,-7.08357855684892,0.0,0.0,0.0,0.0,0.0,0.0,0.0,0.0,0.0,0.0,0.0,0.0,124.97285533342779,0.0,0.0,0.0,-334.9486533490423,0.0,0.0,0.0,564.2322744560207,0.0,0.0,0.1416715711369779,0.0,0.1416715711369779,0.0,0.0,0.0,85.00294268218674,172.83931678711306,172.83931678711306,0.0,0.0,0.0,0.0,0.0,0.0,0.0,0.0,0.0,0.0,0.0,0.0,0.0,0.0,0.0,0.0,0.0,0.0,0.0,0.0,0.0,0.0,0.0,0.0,0.0,0.0,0.0,280.664026648593,0.0,0.0,0.0,0.21250735670546683,0.0,0.0,0.0,-42.50147134109337,0.0,0.0,0.0,0.0,0.0,-202.53287410344518,7.083578556848895,0.0,0.0,0.0,-765.625,55.96196610289147,398.6844241951494,0.0,0.0,0.0,0.0,0.0,0.0,0.0,0.0,124.97285533342779,0.0,413.712251136372,195.58213907117303,202.53287410344518,0.0,296.66568577260443,0.0,0.0,612.3927957191605,380.52362572399056,-992.9164214431511,0.0,494.81411719886546,0.0,7.08357855684892,1000.0,0.0,0.0,0.0,-66.61070450740296,0.0,0.0,0.0,0.0,0.0,-268.9620814778307,0.0,0.0,0.0,-21.250735670546646,0.0,172.83931678711306,0.0,0.0,0.0,0.0,0.0,0.0,0.0,0.0,0.0,410.32982734260963,0.0,0.0,234.40897760926504,-159.59111318989642,0.0,0.0,42.50147134109337,0.0,0.0,0.0,0.0,122.45104924039211,0.0,0.0,0.1558387282507283,0.0,0.0,0.0,86.41965839355652,0.0,0.0,0.0,0.0,8.117732175361063,0.0,0.0,0.0,0.0,0.0,0.0,0.0,0.0,-491.7393348331592,0.0,0.014167157113697648,0.014167157113697648,0.0,0.0,0.0,0.0,0.0,0.0,0.0,0.0,0.0,-308.3366556774184,0.0,0.0,0.0,0.0,0.0,202.53287410344518,0.0,0.0,0.0,0.0,0.0,0.0,0.0,186.174498025277,0.0,0.0,0.0,0.0,0.0,0.0,426.564125615772,0.0,0.0,0.0,85.00294268218674,0.0,0.0,0.0,0.0,0.0,0.0,-85.00294268218674,0.0,0.0,0.0,0.0,0.0,0.0,0.0,0.0,0.0,0.0,0.0,0.0,387.13642492115036,608.7629791181273,97.0450262288299,0.0,-42.50147134109337,0.0,949.0015026318929,0.0,0.0,0.0,0.0,0.0,0.0,0.0,0.0,0.0,0.0,0.0,0.0,0.0,0.0,0.0,0.0,0.0,-17.70894639212213,124.97285533342779,-904.2092505091182,-10.625367835273323,0.0,0.0,0.0,0.0,0.0,-454.76532690139766,452.99443226218546,66.61070450740296,0.0,0.0,0.0,0.0,0.0,0.0,0.0,1000.0,42.50147134109337,42.50147134109337,0.0,0.0,0.0,0.0,0.0,0.1558387282507283,202.53287410344518,0.0,0.0,-949.0015026318929,0.0,0.0,0.0,0.0,0.0,0.0,0.0,0.0,0.0,0.0,0.0,0.0,0.0,0.0,0.0,0.0,0.0,6.876608823089896,0.0,148.7551496938268,0.0,0.0,10.90871097754723,0.0,0.0,0.0,202.53287410344518,0.0,0.0,0.0,0.0,0.0,-17.70894639212213,0.0,0.0,0.0,0.0,0.0,0.0,0.0,0.0,0.0,0.0,0.0,0.0,0.0,0.0,0.0,0.0,0.0,0.0,-0.1416715711369779,0.0,0.0,7.083578556848895,-833.4522007160808,0.0,0.0,0.0,0.0,124.97285533342776,0.0,0.0,0.0,12.197922274893848,3.5417892784244476,0.0,0.0,0.0,0.1416715711369779,0.0,141.6715711369779,-37.04157822937324,28.33431422739558,1.0119397938355563,409.01690111834813,-0.10625367835273342,453.8755198937713,2.833431422739558,-0.7083578556849943,-409.01690111834813,42.50147134109337,-0.1416715711369779,0.0,121.66568577260442,0.035417892784244474,1.0119397938355565,0.0,-22.5541141250078,-2.833431422739558,-300.0,-0.1416715711369779,0.035417892784244474,-409.01690111834813,14.16715711369779,0.1416715711369779,0.1416715711369779,-202.23536380405747,0.15583872825067555,-171.25279744360506,-0.10625367835273342,42.50147134109337,0.1416715711369779,42.50147134109337,-70.83578556848894,-0.07083578556848895,-305.63594784928245,-170.0,-0.10625367835273342,-0.1416715711369779,-37.04157822937324,0.1416715711369779,14.16715711369779,-2.833431422739558,280.664026648593,280.664026648593,-14.16715711369779,300.0,-280.664026648593,28.33431422739558,0.21250735670546683,-235.9598208242096,14.16715711369779,-323.0350048962886,121.66568577260442,-28.33431422739558,0.07083578556848895,1.416715711369779,164.44558984647108,230.86718833084075,-0.1416715711369779,-234.40897760926504,202.23536380405747,43.918187052463146,0.1416715711369779,22.5541141250078,-48.34019959176919,121.66568577260442,-0.1416715711369779,-0.035417892784244474,-121.66568577260442,-0.1416715711369779,-34.38373916573231,0.14167157113703865,-0.035417892784244474,-0.035417892784244474,-0.035417892784244474,56.66862845479116,70.83578556848894,1.416715711369779,209.7327133034586,-0.035417892784244474,328.89117969294216,7.083578556848895,24.27544813971505,0.1416715711369779,0.07083578556848895,0.07083578556848895,75.0,37.04157822937324,0.1416715711369779,-37.04157822937324,1.416715711369779,0.1416715711369779,-419.2762893781552,0.1416715711369779,0.566686284548048,0.7083578556849943,0.07083578556848895,0.035417892784244474,42.50147134109337,-0.1416715711369779,171.25279744360506,1.416715711369779,-419.4654266069172,450.3337306153469,-14.16715711369779,28.33431422739558,7.083578556848895,-0.1416715711369779,0.0,0.21250735670546683,-0.1416715711369779,-150.0,37.04157822937324,270.2688581801543,0.07083578556848895,-48.5508962794301,-0.1416715711369779,-0.14167157113703865,-0.1416715711369779,0.07083578556848895,409.01690111834813,-28.33431422739558,0.1416715711369779,328.89117969294216,-0.035417892784244474,-0.15583872825067555,-328.89117969294216,21.250735670546682,170.0,-136.3328823119254,409.01690111834813,-0.10625367835273342,234.40897760926504,-230.86718833084075,0.1416715711369779,-0.03541789278424447,7.08357855684892,141.6715711369779,-0.07083578556848895,-0.1416715711369779,0.035417892784244474,0.0,0.0,235.88898503864112,209.54357607469657,-255.0,0.0,524.8838120272382,-140.0,0.0,-80.0,-255.0,-325.0,0.0,40.0,127.5,127.5,0.0,70.0,-202.53287410344518,-392.71990742054646,0.0,325.0,-392.71990742054646,-524.8838120272382,279.52842725265475,0.0,1496.5981,hplb
412,0.0,0.0,0.0,0.0,0.0,0.0,0.0,0.0,-0.1394754592802201,0.0,0.0,0.0,0.0,0.0,0.0,0.0,1000.0,277.8020587594534,0.0,-1000.0,0.0,0.0,0.0,0.0,0.0,0.0,0.0,0.0,0.0,-1000.0,0.0,0.0,33.02039821125095,0.0,0.0,0.0,0.0,560.1795638053779,0.0,-1000.0,503.07383237318527,0.0,0.0,0.0,0.0,0.0,0.0,0.0,72.63992632158318,-661.6780148884029,0.0,0.0,0.0,0.153423005208424,0.0,0.0,0.0,27.89509185604402,0.0,0.0,-17.978549679072692,0.0,-982.0214503209273,-1000.0,0.0,0.0,0.0,0.0,0.0,283.24101477635026,0.0,1.394754592802201,0.0,0.0,0.0,0.0,0.0,0.0,0.0,700.1859887772126,0.0,0.0,0.0,0.0,83.68527556813206,0.0,5.695410898460923,-722.1979412405466,-380.95508602215546,-390.97997659893355,529.0030954830169,0.0,0.0,0.0,41.84263778406603,0.0,41.84263778406603,-359.0767071507699,0.0,0.0,0.0,6.973772964011005,-1000.0,0.0,0.0,-48.4512921968275,26.390045262972475,0.0,0.0,0.0,0.0,0.0,0.0,0.0,0.0,0.0,0.0,0.0,0.0,0.0,0.0,0.0,0.0,0.0,-498.45391159294456,0.0,0.0,41.84263778406603,0.0,43.23739237686823,32.507767841073495,0.0,0.0,0.0,0.0,0.0,0.0,0.0,0.0,0.0,0.0,0.0,0.0,0.0,0.0,16.43502126303787,0.1394754592801771,529.0379643478369,0.0,0.0,-26.390045262972475,0.0,0.0,0.0,0.0,0.0,722.8608197606476,0.0,0.0,0.0,0.0,0.0,999.8605245407198,999.8605245407198,0.0,0.0,0.0,0.0,0.0,0.0,0.0,1000.0,0.0,0.0,0.0,790.186267537108,0.0,0.0,0.0,0.0,0.0,0.0,0.0,0.0,0.0,0.0,-225.5296587565514,0.0,0.0,0.0,0.0,-1000.0,0.0,0.0,0.0,0.0,0.0,661.6780148884029,0.0,1000.0,-1000.0,0.0,0.0,0.0,0.0,0.0,0.0,0.0,0.0,-720.3295242660715,0.0,0.0,0.0,0.0,0.0,0.0,0.0,0.0,0.0,0.0,0.0,0.0,0.0,60.7150714872306,-44.20981628791196,-72.63992632158318,0.0,0.0,0.0,0.0,53.416702102384725,0.0,0.0,0.0,0.0,-17.97854967907267,-72.63992632158318,0.0,0.0,0.0,0.0,0.0,0.0,0.0,0.0,0.0,0.0,0.0,0.0,380.95508602215546,-1000.0,350.4419850810366,0.0,72.63992632158318,0.0,0.0,0.0,541.9160164813785,0.0,0.0,0.0,313.9345002905127,0.0,0.0,-672.0249029614127,0.0,0.0,-672.0249029614127,0.0,0.0,619.0449139778445,0.0,927.3600736784168,661.6780148884029,0.0,400.73536497157636,0.0,0.0,0.0,-350.2736245501648,0.0,350.2736245501648,0.0,982.6348163860569,0.0,0.0,-688.9740690975418,0.0,0.0,0.0,-17.978549679072692,-0.20921318892033014,0.0,0.0,0.0,0.0,0.1394754592801771,0.0,0.0,0.0,904.7406601135492,1000.0,0.0,-1000.0,6.897924015920182,0.0,544.9164701572513,0.0,-479.782596484254,0.0,-48.4512921968275,0.0,0.0,0.0,-12.00883704402713,491.7914335282811,0.0,-650.513042161107,-1000.0,0.0,0.0,0.0,0.0,0.0,0.0,0.0,0.0,0.0,0.0,0.0,0.0,0.0,0.0,0.0,0.0,0.0,-439.2625343575018,0.0,-1000.0,0.0,0.0,354.58559736194496,0.0,0.0,0.0,-16.43502126303787,0.0,0.0,0.0,0.0,0.0,-323.61767265811244,0.0,0.0,0.0,-168.17376087016868,-403.41500310390416,-6.973772964011005,0.0,-187.80370592081636,0.0,-6.973772964011005,0.0,-3.4868864820055023,0.0,0.0,0.0,192.5819662442072,703.2542688543035,0.0,41.84263778406603,-406.24999999993446,406.24999999993446,0.0,617.728617153495,0.0,0.0,0.0,-60.71507148723063,60.71507148723063,60.71507148723063,-342.1724168127116,0.0,0.0,0.0,0.0,0.0,0.0,0.0,0.0,-24.566277561223536,0.0,0.0,0.0,0.0,0.0,0.0,0.0,-86.05245407197799,0.2789509185604402,0.0,0.0,0.0,0.0,0.0,0.0,0.0,0.0,0.0,0.0,0.0,0.0,0.0,0.0,0.0,0.0,0.0,0.0,0.0,0.153423005208424,0.153423005208424,0.0,312.8199796311866,0.0,83.68527556813206,0.0,0.0,0.0,1000.0,0.0,331.8813550022815,5.695410898460923,0.0,0.0,430.8447332207088,-1000.0,0.0,0.0,0.0,0.0,0.0,0.0,0.0,0.0,0.0,0.0,0.0,0.0,0.0,166.15130386431485,-904.7406601135492,0.0,0.0,16.43502126303787,0.0,0.0,0.0,-53.416702102384725,0.0,430.8447332207088,0.0,1000.0,-655.2077208512692,1000.0,-1000.0,60.71507148723063,0.0,0.0,0.0,0.0,0.0,0.0,0.0,0.0,0.0,0.0,0.0,0.0,0.0,83.68527556813206,0.0,0.0,0.0,0.0,0.0,0.0,0.0,0.0,0.0,0.0,0.0,0.0,1.394754592802201,0.0,0.0,5.695410898460923,-5.695410898460923,0.0,0.0,0.0,0.0,41.84263778406603,0.0,0.0,0.0,0.0,0.0,0.0,0.0,0.0,0.0,0.0,556.1425133279608,0.0,0.0,41.84263778406603,41.84263778406603,1000.0,-1000.0,0.0,0.0,0.0,0.0,0.0,0.0,0.0,650.513042161107,0.0,1000.0,0.1394754592801771,0.0,0.0,0.0,54.16619768084812,0.0,0.0,0.0,0.0,0.0,0.0,0.0,0.0,0.0,0.0,0.0,0.0,0.0,0.0,0.0,0.0,0.0,0.1394754592801771,0.0,0.0,0.0,0.0,0.0,0.0,0.0,0.0,0.0,-145.6593408336709,923.0724512900798,0.0,0.0,-1000.0,-10.460659446016507,-6.973772964011005,0.0,0.0,0.0,0.0,0.0,0.0,0.0,0.0,0.0,0.0,0.0,0.0,0.0,0.0,0.0,0.0,199.5557392082182,0.0,0.0,0.0,-0.1394754592801771,0.0,0.0,0.1394754592801771,0.0,0.1394754592801771,0.0,283.24101477635026,0.0,83.68527556813206,170.1600603218685,170.1600603218685,0.0,0.0,0.0,0.0,0.0,0.0,0.0,0.0,0.0,0.0,0.0,0.0,0.0,0.0,0.0,0.0,0.0,0.0,0.0,0.0,0.0,0.0,0.0,0.0,0.0,0.0,0.0,53.416702102384725,0.0,0.0,0.0,0.20921318892033014,0.0,0.0,0.0,-41.84263778406603,0.0,0.0,0.0,0.0,0.0,-312.8199796311866,6.973772964011005,0.0,0.0,0.0,0.0,0.0,-11.464882752835933,0.0,0.0,0.0,0.0,0.0,0.0,0.0,0.0,0.0,0.0,0.0,581.0961389371105,252.10490814395598,0.0,297.104908143956,-48.4512921968275,439.2625343575018,117.75943681779711,0.0,-557.0219711752989,0.0,371.75595615951,0.0,6.973772964011005,387.2037333808899,0.0,0.0,0.0,-35.957099358145385,0.0,0.0,-515.6250000000002,515.6250000000002,0.0,0.0,0.0,0.0,0.0,204.60833986451837,0.0,170.1600603218685,0.0,0.0,0.0,0.0,0.0,0.0,0.0,0.0,0.0,0.0,0.0,0.0,344.2019579692361,-54.16619768084812,0.0,0.0,41.84263778406603,5.695410898460923,0.0,0.0,0.0,383.26017930076324,0.0,0.0,0.153423005208424,0.0,0.0,0.0,85.08003016093426,0.0,0.0,0.0,0.0,-44.20981628791196,0.0,26.390045262972475,0.0,0.0,0.0,0.0,0.0,0.0,78.3703277115344,0.0,0.013947545928021832,0.013947545928021832,0.0,0.0,0.0,0.0,0.0,0.0,0.0,0.0,0.0,0.0,0.0,0.0,0.0,0.0,0.0,312.8199796311866,0.0,0.0,0.0,0.0,0.0,0.0,0.0,661.6780148884029,0.0,0.0,0.0,11.390821796921847,1000.0,1000.0,277.8020587594534,0.0,0.0,0.0,83.68527556813206,0.0,0.0,0.0,0.0,0.0,0.0,-83.68527556813206,0.0,11.390821796921847,0.0,0.0,0.0,0.0,0.0,0.0,0.0,0.0,0.0,0.0,-1000.0,-1000.0,95.54068960695076,0.0,-41.84263778406603,0.0,560.1795638053779,0.0,0.0,0.0,0.0,0.0,0.0,0.0,0.0,0.0,820.3125,0.0,-820.3125,-820.3125,0.0,0.0,0.0,0.0,-17.43443241002751,0.0,-10.460659446016507,-10.460659446016507,0.0,0.0,0.0,0.0,0.0,0.0,-1.7434432410027512,24.566277561223536,0.0,0.0,0.0,0.0,0.0,0.0,0.0,1000.0,41.84263778406603,41.84263778406603,0.0,0.0,0.0,0.0,700.1859887772126,0.153423005208424,312.8199796311866,0.0,0.0,-560.1795638053779,0.0,0.0,0.0,0.0,0.0,0.0,0.0,0.0,0.0,0.0,0.0,0.0,0.0,0.0,141.62050738817513,0.0,0.0,32.507767841073495,0.0,146.4492322442311,16.43502126303787,0.0,0.0,0.0,0.0,0.0,312.8199796311866,0.0,0.0,0.0,0.0,0.0,-17.43443241002751,0.0,0.0,0.0,0.0,0.0,0.0,0.0,0.0,0.0,0.0,0.0,0.0,0.0,0.0,0.0,0.0,0.0,0.0,-0.1394754592801771,0.0,0.0,6.973772964011005,-430.8447332207088,0.0,0.0,0.0,0.0,0.0,0.0,0.0,0.0,12.00883704402713,3.4868864820055023,0.0,0.0,0.0,0.1394754592801771,0.0,139.4754592802201,-10.729624535794736,27.89509185604402,0.9962532805730007,454.15206707396106,-0.10460659446016507,6.973772964011005,2.789509185604402,-0.6973772964004752,-454.15206707396106,41.84263778406603,-0.1394754592802201,16.150430732275833,0.0,0.03486886482005502,0.9962532805730007,-48.451292196827495,-27.8999040158738,-2.789509185604402,-277.8020587594534,-0.1394754592802201,0.03486886482005502,-454.15206707396106,13.94754592802201,0.1394754592802201,0.1394754592801771,-312.52708116669794,-5.541987893252681,-22.170267889573935,-0.10460659446016507,41.84263778406603,0.1394754592802201,41.84263778406603,-69.73772964011005,-0.06973772964011005,-603.7879674774186,-67.5037234896869,-0.10460659446016507,-0.1394754592802201,-10.729624535794736,0.1394754592801771,13.94754592802201,-2.789509185604402,53.416702102384725,53.416702102384725,-13.94754592802201,277.8020587594534,-53.416702102384725,27.89509185604402,0.20921318892033014,-1000.0,13.94754592802201,-166.15130386431485,0.0,-27.89509185604402,0.06973772964011005,1.394754592802201,250.0,280.0,-0.1394754592801771,-344.2019579692361,312.52708116669794,43.23739237686823,0.1394754592802201,27.8999040158738,-167.37055113626406,0.0,-0.1394754592801771,-0.03486886482005502,0.0,-0.1394754592802201,-112.44249933495047,0.1394754592802201,-0.03486886482005502,-0.03486886482005502,-0.03486886482005502,55.79018371208804,69.73772964011005,1.394754592802201,217.26174298923206,-0.03486886482005502,483.8495692677242,6.973772964011005,50.0,0.1394754592801771,0.06973772964011005,0.06973772964011005,13.94754592802201,10.729624535794736,0.1394754592801771,-10.729624535794736,1.394754592802201,0.1394754592802201,-445.11746717922273,0.1394754592802201,0.5579018371201983,0.6973772964004752,0.06973772964011005,0.03486886482005502,41.84263778406603,-0.1394754592802201,22.170267889573935,1.394754592802201,-434.5234859784641,3.4868864820055023,-13.94754592802201,27.89509185604402,6.973772964011005,-0.1394754592802201,48.451292196827495,0.20921318892033014,-0.1394754592802201,-27.89509185604402,10.729624535794736,-217.379493406511,0.06973772964011005,-100.0,-0.1394754592802201,-0.1394754592802201,-0.1394754592802201,0.06973772964011005,454.15206707396106,-27.89509185604402,0.1394754592801771,500.0,-0.03486886482005502,5.541987893252681,-500.0,20.92131889203301,67.5037234896869,441.57952856001066,454.15206707396106,-0.10460659446016507,344.2019579692361,-280.0,0.1394754592802201,-0.03486886482005502,6.973772964011005,139.4754592802201,-0.06973772964011005,-0.1394754592802201,0.03486886482005502,0.0,0.0,771.8653248914488,227.85572418999067,-255.0,0.0,373.2972627971922,-84.55409805817146,0.0,-80.0,-255.0,-325.0,-228.064937378911,40.0,127.5,127.5,0.0,42.27704902908573,-312.8199796311866,-165.88068589425225,228.064937378911,325.0,-165.88068589425225,-373.2972627971922,263.36013400271713,0.0,1496.5981,hplb
413,0.0,0.0,0.0,0.0,0.0,0.0,0.0,0.0,-0.08212602391672497,0.0,0.0,0.0,0.0,0.0,0.0,0.0,0.12318903587508746,-216.4058982863747,0.0,516.2827092504996,0.0,0.0,0.0,0.0,0.0,0.0,0.0,0.0,0.0,1000.0,0.0,0.0,715.4172088560834,0.0,0.0,0.0,0.0,412.5055651522663,0.0,-1000.0,975.3621928249825,0.0,0.0,-670.9487015801319,0.0,0.0,0.0,0.0,-885.0539104098414,-766.3232395284243,0.0,-555.8794229540982,0.0,0.09033862630815293,0.0,0.0,0.0,16.425204783344995,0.0,0.0,-7.232565172931897,0.0,0.0,-7.232565172931897,0.0,0.0,0.0,0.0,188.15212672397183,-188.15212672397183,0.0,0.8212602391672498,0.0,0.0,0.0,0.0,0.0,0.0,0.0,0.0,0.0,0.0,0.0,0.0,49.275614350034985,0.0,0.0,1000.0,53.60412558792608,0.0,-0.020531505979181245,0.0,0.0,439.4281598649334,24.637807175017493,0.0,24.637807175017493,-2.644457970116072,0.0,0.0,0.0,4.106301195836249,340.097941531006,0.0,0.0,-6.728801449142523,0.0,289.1337547831871,0.0,0.0,0.0,0.0,0.0,0.0,0.0,0.0,0.0,0.0,0.0,0.0,0.0,0.0,0.0,0.0,-325.946093845438,0.0,0.0,24.637807175017493,0.0,25.45906741418474,0.0,0.0,-366.7237769946305,-359.3750000000032,726.0987769946337,-726.0987769946337,663.9062717465501,0.0,0.0,-663.9062717465501,0.0,0.0,0.0,0.0,0.0,6.323703841587848,0.08212602391672497,0.0,0.0,0.0,-128.09071071346102,0.0,0.0,0.0,0.0,0.0,514.6811175786008,0.0,0.0,0.0,0.0,0.0,999.9178739760832,999.9178739760832,0.0,0.0,0.0,0.0,-1000.0,0.0,0.0,1000.0,0.0,0.0,0.0,499.67066039929495,0.0,0.0,0.0,0.0,0.0,0.0,0.0,0.0,0.0,0.0,-424.24411150409736,0.0,0.0,0.0,0.0,-1000.0,0.0,0.0,0.0,0.0,0.0,766.3232395284243,555.8794229540982,183.5941017136253,-183.5941017136253,0.0,0.0,0.0,0.0,0.0,0.0,0.0,659.902058468994,1000.0,0.0,0.0,0.0,0.0,0.0,0.0,0.0,0.0,0.0,0.0,0.0,0.0,0.0,376.7890888311394,60.94112028015101,-670.9487015801319,0.0,0.0,0.0,0.0,57.81508980404794,0.0,0.0,0.0,0.0,-7.232565172931897,0.0,0.0,0.0,0.0,0.0,0.0,0.0,0.0,0.0,0.0,0.0,0.0,0.0,0.0,-129.9899761256992,854.4196142578821,0.0,670.9487015801319,0.0,0.0,0.0,862.7774587013689,0.0,0.0,0.0,44.93365608597537,0.0,0.0,-141.80651075772562,858.1934892422744,107.98045099172725,-1000.0,0.0,-750.2130382505471,237.19822730155136,0.0,-187.3545998665066,766.3232395284243,0.0,171.3165169236147,0.0,0.0,0.0,-47.22105782136194,0.0,47.22105782136194,0.0,1000.0,0.0,0.0,392.9169348105528,0.0,0.0,0.0,-7.232565172931897,-0.12318903587508746,0.0,0.0,0.0,0.0,0.08212602391672497,0.0,0.0,0.0,917.5471030209345,0.12318903587508746,0.0,-841.2636569493685,-35.79703453192889,0.0,1000.0,0.0,-626.8817102092344,0.0,-6.728801449142523,0.0,0.0,0.0,-7.071050659229854,0.0,633.9527608684642,-1000.0,-1000.0,0.0,0.0,0.0,0.0,0.0,0.0,0.0,0.0,0.0,0.0,0.0,0.0,0.0,0.0,0.0,0.0,0.0,0.0,0.0,-1000.0,0.0,587.1659307520673,0.0,0.0,0.0,0.0,-6.323703841587848,0.0,0.0,0.0,0.0,0.0,-188.15212672397183,-838.0869708934439,970.8863576657727,286.3899166386492,0.0,0.0,-4.106301195836249,255.46454792766565,-1000.0,838.0869708934439,-974.992658861609,-394.6830236085593,-288.44306723656734,0.0,0.0,0.0,0.0,0.0,925.7111474778677,24.637807175017493,0.0,0.0,0.0,0.0,0.0,0.0,376.7890888311394,0.0,0.0,0.0,-535.9552096547832,0.0,0.0,-0.16425204783344993,0.0,0.0,659.902058468994,0.0,0.0,-14.465130345863795,0.0,0.0,0.0,0.0,0.0,0.0,0.0,-91.7873976083275,0.16425204783347563,0.0,0.0,0.0,0.0,0.0,0.0,0.0,0.0,0.0,0.0,0.0,0.0,0.0,0.0,0.0,0.0,0.0,0.0,0.0,0.09033862630815293,0.09033862630815293,0.0,640.3638840477944,0.0,49.275614350034985,0.0,0.0,0.0,1000.0,0.0,0.0,0.0,0.0,0.0,-124.51715784593182,-1000.0,0.0,0.0,0.0,0.0,0.0,0.0,0.0,0.0,0.0,0.0,0.0,0.0,0.0,108.64869794847932,-917.5471030209345,128.09071071346102,0.0,6.323703841587848,0.0,439.4281598649333,0.0,-57.81508980404794,0.0,-124.51715784593182,0.0,0.0,-216.30455545425932,671.8749999999984,-671.8749999999984,376.7890888311394,0.0,0.0,0.0,0.0,0.0,0.0,0.0,0.0,0.0,0.0,0.0,0.0,0.0,49.275614350034985,0.0,0.0,0.0,0.0,0.0,0.0,0.0,0.0,0.0,0.0,0.0,0.0,0.8212602391672498,0.0,0.0,0.0,0.0,0.0,555.8794229540982,0.0,0.0,24.637807175017493,0.0,0.0,0.0,0.0,0.0,0.0,0.0,0.0,0.0,0.0,1000.0,1000.0,0.0,24.637807175017493,24.637807175017493,-573.6002470594746,-1000.0,0.0,0.0,0.0,0.0,0.0,0.0,0.0,659.902058468994,659.902058468994,722.416158741408,0.08212602391672497,0.0,0.0,0.0,108.45914687116628,781.2588063205808,0.0,-439.4281598649333,0.0,0.0,0.0,0.0,0.0,0.0,0.0,0.0,0.0,0.0,0.0,0.0,0.0,0.0,0.08212602391672497,0.0,0.0,0.0,0.0,0.0,0.0,0.0,0.0,587.1659307520673,-6.323703841587848,0.0,0.0,0.0,-1000.0,-6.159451793754373,0.0,-4.106301195836249,0.0,0.0,0.0,0.0,0.0,0.0,0.0,0.0,0.0,0.0,0.0,0.0,0.0,0.0,0.0,929.817448673704,0.0,0.0,0.0,-0.08212602391672497,0.0,0.0,0.08212602391672497,0.0,0.08212602391672497,0.0,0.0,0.0,49.275614350034985,100.19374917840446,100.19374917840446,0.0,0.0,0.0,0.0,0.0,0.0,0.0,128.09071071346102,0.0,659.902058468994,0.0,0.0,0.0,0.0,0.0,0.0,0.0,0.0,0.0,0.0,0.0,0.0,0.0,0.0,0.0,0.0,0.0,57.81508980404794,0.0,0.0,0.0,0.12318903587508746,0.0,0.0,0.0,-24.637807175017493,0.0,0.0,0.0,0.0,0.0,-640.3638840477944,4.106301195836249,0.0,0.0,0.0,0.0,1000.0,640.570064733053,-4.106301195836249,0.0,0.0,0.0,0.0,0.0,0.0,0.0,0.0,0.0,0.0,1000.0,263.574795216655,0.0,436.665505930116,774.5300048714382,0.0,640.570064733053,0.0,-640.570064733053,0.0,762.5837095229645,0.0,4.106301195836249,1000.0,0.0,319.19100455474495,0.0,-14.465130345863795,359.37500000000045,-359.37500000000045,1000.0,-1000.0,0.0,0.0,0.0,0.0,0.0,1000.0,-588.0747920834114,100.19374917840446,0.0,78.125,78.125,-78.125,0.0,0.0,0.0,0.0,0.0,0.0,0.0,0.0,70.76744734564608,-108.45914687116628,-1000.0,0.0,24.637807175017493,0.0,0.0,0.0,0.0,274.59211333964515,0.0,0.0,0.09033862630815293,0.0,0.0,0.0,50.09687458920223,0.0,0.0,0.0,0.0,60.94112028015101,0.0,0.0,0.0,0.0,0.0,0.0,0.0,0.0,-575.4611332013216,0.0,109.38201057749488,0.008212602391672277,0.0,0.0,0.0,0.0,0.0,0.0,0.0,0.0,0.0,0.0,0.0,0.0,0.0,0.0,0.0,640.3638840477944,0.0,0.0,0.0,0.0,0.0,0.0,0.0,766.3232395284243,0.0,0.0,0.0,0.0,0.0,0.0,-216.4058982863747,0.0,0.0,0.0,49.275614350034985,0.0,0.0,0.0,0.0,0.0,0.0,-49.275614350034985,0.0,0.0,0.0,0.0,0.0,0.0,0.0,0.0,0.0,0.0,0.0,0.0,-722.416158741408,0.0,56.256326382956615,-24.637807175017493,0.0,0.0,999.6714959043336,0.0,0.0,0.0,0.0,0.0,0.0,0.0,0.0,0.0,0.0,0.0,0.0,0.0,0.0,0.0,0.0,0.0,-10.265752989590622,0.0,-6.159451793754373,581.915340289657,0.0,0.0,0.0,0.0,0.0,-1.0265752989590622,0.0,14.465130345863795,0.0,0.0,0.0,0.0,0.0,0.0,0.0,1000.0,24.637807175017493,24.637807175017493,0.0,0.0,0.0,0.0,0.0,0.09033862630815293,640.3638840477944,0.0,0.0,-999.6714959043335,109.37379797510322,0.0,0.0,0.0,0.0,0.0,0.0,0.0,0.0,0.0,0.0,0.0,0.0,0.0,0.0,0.0,0.0,0.0,0.0,86.23232511256123,6.323703841587848,0.0,0.0,0.0,0.0,0.0,640.3638840477944,0.0,-643.214522703169,0.0,0.0,0.0,-10.265752989590622,0.0,0.0,0.0,0.0,0.0,0.0,0.0,0.0,0.0,0.0,0.0,0.0,0.0,0.0,0.0,0.0,0.0,0.0,-0.08212602391672497,0.0,0.0,4.106301195836249,124.51715784593182,0.0,0.0,0.0,0.0,0.0,0.0,0.0,0.0,7.071050659229854,2.0531505979181244,0.0,0.0,0.0,0.08212602391672497,0.0,82.12602391672498,-25.45906741418474,16.425204783344995,0.5866144565480356,229.13160672766267,-0.06159451793754373,4.106301195836339,1.6425204783344995,-0.410630119583242,-229.13160672766267,24.637807175017493,-0.08212602391672498,2.242933816380841,0.0,0.020531505979181245,0.5866144565480356,-6.728801449142523,-13.074463007540157,-1.6425204783344995,-300.0,-0.08212602391672498,0.020531505979181245,-229.13160672766267,426.19204403398476,0.08212602391672498,0.08212602391672497,-640.1914193975695,0.09033862630839075,-12.488197245545209,-0.06159451793754373,24.637807175017493,0.08212602391672498,24.637807175017493,-41.06301195836249,-0.04106301195836249,-488.7353174347706,-66.10981821963716,-0.06159451793754373,-0.08212602391672498,-25.45906741418474,0.08212602391672497,8.212602391672498,-1.6425204783344995,57.81508980404794,57.81508980404794,-8.212602391672476,300.0,-57.81508980404794,16.425204783344995,0.12318903587508746,-0.3544705400431667,8.212602391672498,-108.64869794847932,0.0,-16.425204783344995,0.04106301195836249,0.8212602391672498,210.31591423734213,280.0,-0.08212602391672497,-658.8422394290574,640.1914193975695,25.45906741418474,0.08212602391672498,13.074463007540157,-516.5306703423823,0.0,-0.08212602391672497,-0.020531505979181245,0.0,-0.08212602391672498,-91.7873976083275,0.08212602391672498,-0.020531505979181245,-0.020531505979181245,-0.020531505979181245,32.85040956668999,41.06301195836249,0.8212602391672498,60.845117969300134,-0.020531505979181245,418.3888946583034,4.106301195836249,50.0,0.08212602391672497,0.04106301195836249,0.04106301195836249,8.212602391672498,25.45906741418474,0.08212602391672497,-25.45906741418474,0.8212602391672498,0.08212602391672498,-60.845117969300134,0.08212602391672498,0.3285040956664034,0.410630119583242,0.04106301195836249,0.020531505979181245,24.637807175017493,-0.08212602391672488,12.488197245545209,0.8212602391672498,-121.69023593860027,2.053150597918034,-8.212602391672498,16.425204783344995,4.106301195836249,-0.08212602391672498,6.728801449142523,0.12318903587508746,-0.08212602391672498,-16.42520478334501,25.45906741418474,1.4579879977586643,0.04106301195836249,-100.0,-0.08212602391672498,-0.08212602391672498,-0.08212602391672498,0.04106301195836249,229.13160672766267,-16.425204783344995,0.08212602391672497,420.63182847468426,-0.020531505979181245,-0.09033862630839075,-420.63182847468426,12.318903587508743,66.10981821963716,-833.6368331843812,229.13160672766267,-0.06159451793754373,658.8422394290574,-280.0,0.08212602391672498,-0.02053150597918125,4.106301195836249,82.12602391672498,-0.04106301195836249,-0.08212602391672498,0.020531505979181245,1000.0,0.0,-236.88481977346655,0.0,-255.0,0.0,906.208470153159,57.2978108867954,417.9794416423123,-80.0,-255.0,-325.0,-237.19822730155136,40.0,127.5,127.5,-417.9794416423123,-28.6489054433977,-640.3638840477944,-276.0501013374038,237.19822730155136,325.0,-276.0501013374038,-906.208470153159,707.2632690519345,0.0,1496.5981,hplb
414,0.0,0.0,0.0,0.0,0.0,0.0,0.0,0.0,417.23976049877604,0.0,0.0,0.0,0.0,0.0,0.0,0.0,1000.0,-653.8742235833141,0.0,-46.12577641668588,0.0,0.0,0.0,103.48714049117405,0.0,0.0,0.0,0.0,0.0,-73.91692530003729,0.0,0.0,91.40888001274317,0.0,0.0,0.0,0.0,-2.4934129749861693,0.0,-1000.0,286.4356152474018,0.0,-34.31168364106634,247.63058844560692,0.0,0.0,958.5072240399693,0.0,-960.394758341029,0.0,0.0,0.0,0.0,0.019189045749678613,0.0,0.0,0.0,3.4889174090296886,0.0,0.0,-350.99335970859,0.0,-649.00664029141,-1000.0,0.0,0.0,0.0,0.0,0.0,0.0,0.0,0.17444587045148446,0.0,0.0,0.0,0.0,0.0,0.0,0.0,0.0,0.0,0.0,0.0,0.0,10.466752227089067,0.0,349.4570730761476,0.0,867.168925260817,-700.0,-0.00436114676128711,0.0,0.0,138.5698678694949,5.233376113544534,0.0,5.233376113544534,-0.5617157028534715,0.0,0.0,0.0,0.8722293522574222,-73.91692530003729,0.0,0.0,-48.20559461355906,0.0,0.0,0.0,0.0,0.0,0.0,0.0,0.0,0.0,0.0,0.0,0.0,0.0,0.0,0.0,0.0,0.0,0.0,-776.4264536869075,0.0,0.0,5.233376113544534,0.0,5.407821983996018,0.0,0.0,-239.86224272465006,-760.1377572753499,1000.0,-1000.0,-483.15083647664835,0.0,0.0,483.15083647664835,0.0,0.0,0.0,0.0,0.0,350.8003062786241,0.017444587045148452,0.0,0.0,0.0,0.0,-443.11045986823467,0.0,0.0,0.0,0.0,-217.90768491896492,0.0,0.0,0.0,0.0,0.0,51.94480094838827,51.94480094838827,0.0,0.0,0.0,0.0,-951.794405386441,0.0,0.0,51.96224553543342,0.0,0.0,0.0,0.0,-145.56513500930959,0.0,0.0,0.0,0.0,0.0,0.0,0.0,0.0,0.0,0.0,0.0,0.0,0.0,0.0,-1000.0,0.0,0.0,0.0,0.0,0.0,0.0,34.31168364106634,132.831074739183,-132.831074739183,0.0,0.0,0.0,0.0,0.0,0.0,0.0,0.0,1000.0,0.0,0.0,0.0,0.0,0.0,0.0,0.0,0.0,0.0,0.0,0.0,0.0,0.0,41.83144673318273,443.3415267674042,0.0,0.0,0.0,0.0,0.0,138.5698678694949,0.0,0.0,0.0,0.0,-350.99335970859,-247.63058844560692,0.0,0.0,0.0,0.0,0.0,0.0,0.0,0.0,0.0,0.0,0.0,0.0,299.9738331194323,1000.0,-793.2519999607797,0.0,0.0,0.0,0.0,0.0,894.7335116302208,0.0,0.0,0.0,-176.48666016910715,0.0,0.0,-963.9219121115444,0.0,0.0,-963.9219121115444,0.0,0.0,1000.0,0.0,393.2258330802123,0.0,0.0,-89.89947001353076,0.0,0.0,0.0,225.9805729350889,0.0,-225.9805729350889,0.0,213.0114811459494,0.0,0.0,0.0,0.0,0.0,0.0,-350.99335970859,-0.026166880567722664,0.0,0.0,0.0,0.0,0.017444587045148452,0.0,0.0,0.0,856.1967560169605,1000.0,0.0,-32.13706307570604,254.8852511502664,145.56513500930959,192.79289050591092,0.0,1000.0,0.0,-48.20559461355906,0.0,0.0,0.0,-1.501978944587296,1.501978944587296,-1000.0,0.0,-1000.0,0.0,0.0,0.0,0.0,0.0,0.0,0.0,0.0,0.0,0.0,0.0,0.0,0.0,0.0,0.0,0.0,0.0,-1000.0,0.0,-997.5763653731937,0.0,0.0,0.0,0.0,0.0,0.0,-350.8003062786241,0.0,0.0,0.0,889.4277883718626,0.0,0.0,0.0,-0.8722293522574223,-862.243256543091,-1.501978944587296,0.0,0.0,0.0,87.08307517184505,0.0,0.0,555.9889792721366,861.8071418669623,-0.8722293522574222,-625.4338324826319,0.0,934.4984327265598,0.0,-945.8374143059063,5.233376113544534,0.0,0.0,0.0,0.0,0.0,417.25720508582117,0.0,-41.83144673318273,41.83144673318273,41.83144673318273,-71.25483659193775,0.0,0.0,-250.94811997307966,0.0,0.0,0.0,0.0,0.0,-3.0725732648847894,0.0,0.0,98.87610085503545,0.0,0.0,0.0,0.0,-5.002309214374954,0.034889174090274366,0.0,0.0,0.0,0.0,0.0,0.0,0.0,0.0,0.0,0.0,0.0,0.0,0.0,0.0,0.0,0.0,0.0,0.0,0.0,0.019189045749678613,0.019189045749678613,0.0,125.81857721057182,0.0,10.466752227089067,0.0,0.0,0.0,789.3258113112756,0.0,0.0,349.4570730761476,0.0,0.0,113.88671815826271,-789.3258113112756,0.0,0.0,0.0,0.0,0.0,98.87610085503545,0.0,0.0,0.0,0.0,0.0,0.0,0.0,258.80881789563585,-856.1967560169605,443.11045986823467,0.0,350.8003062786241,0.0,0.0,138.5698678694949,0.0,0.0,113.88671815826271,0.0,0.0,108.88440894388776,0.0,0.0,41.83144673318273,0.0,0.0,0.0,0.0,0.0,0.0,0.0,0.0,0.0,0.0,0.0,0.0,0.0,10.466752227089067,0.0,0.0,0.0,0.0,0.0,0.0,0.0,0.0,0.0,0.0,0.0,0.0,0.17444587045148446,0.0,0.0,349.4570730761476,-349.4570730761476,0.0,34.31168364106634,0.0,0.0,5.233376113544534,0.0,0.0,0.0,0.0,0.0,0.0,0.0,0.0,0.0,0.0,1000.0,0.0,0.0,5.233376113544534,5.233376113544534,-752.5341236423645,-789.3258113112756,0.0,98.87610085503545,0.0,0.0,0.0,0.0,0.0,-926.0830746999627,0.0,-749.3783571927912,0.017444587045148452,0.0,0.0,0.0,23.038069276982114,0.0,0.0,-138.5698678694949,0.0,0.0,0.0,0.0,0.0,0.0,0.0,0.0,0.0,0.0,0.0,0.0,0.0,0.0,0.017444587045148452,0.0,0.0,0.0,0.0,0.0,0.0,0.0,0.0,0.0,-332.66711675086367,731.124810071283,0.0,0.0,-746.8343649722369,-1.3083440283861334,-0.8722293522574228,0.0,0.0,0.0,0.0,0.0,0.0,0.0,0.0,0.0,0.0,0.0,0.0,0.0,145.56513500930959,0.0,0.0,-10.466752227089067,0.0,0.0,0.0,417.23976049877604,0.0,0.0,0.017444587045148452,0.0,0.017444587045148452,0.0,0.0,0.0,10.466752227089067,21.282396195081102,21.282396195081102,0.0,0.0,0.0,0.0,0.0,0.0,0.0,443.11045986823467,0.0,0.0,0.0,0.0,0.0,0.0,0.0,0.0,0.0,0.0,0.0,0.0,0.0,0.0,0.0,0.0,0.0,0.0,0.0,138.5698678694949,0.0,-587.0005009378406,587.0005009378406,0.026166880567722664,0.0,0.0,0.0,-5.233376113544534,0.0,0.0,0.0,0.0,0.0,-125.81857721057182,0.8722293522574222,0.0,0.0,0.0,0.0,951.794405386441,-731.124810071283,0.0,0.0,0.0,0.0,0.0,0.0,0.0,0.0,0.0,0.0,0.0,1000.0,83.98713047738909,0.0,249.64644973827902,-48.20559461355906,749.2579995990434,-749.2579995990434,0.0,0.0,0.0,873.4511154351397,0.0,0.8722293522574228,1000.0,0.0,0.0,0.0,-701.98671941718,0.0,0.0,-984.3750000000005,984.3750000000005,0.0,0.0,0.0,0.0,0.0,-1.308344028386128,-1.308344028386199,21.282396195081102,0.0,0.0,0.0,0.0,0.0,0.0,0.0,0.0,0.0,0.0,0.0,0.0,128.43526526734408,-23.038069276982114,-933.1301536937406,-34.31168364106634,5.233376113544534,349.4570730761476,0.0,0.0,0.0,-275.9374943689285,0.0,0.0,0.019189045749678613,0.0,0.0,0.0,10.641198097540551,0.0,0.0,0.0,0.0,443.3415267674042,0.0,0.0,0.0,0.0,0.0,0.0,0.0,0.0,279.5560097391095,0.0,0.0017444587045148453,0.0017444587045148453,0.0,0.0,0.0,0.0,0.0,0.0,0.0,0.0,0.0,0.0,0.0,0.0,0.0,0.0,0.0,125.81857721057182,0.0,0.0,0.0,0.0,0.0,0.0,0.0,0.0,0.0,0.0,0.0,698.9141461522952,576.666162470556,844.3508194930077,-653.8742235833141,0.0,0.0,0.0,10.466752227089067,0.0,0.0,0.0,0.0,0.0,0.0,-10.466752227089067,0.0,698.9141461522952,0.0,0.0,0.0,0.0,0.0,0.0,0.0,0.0,0.0,0.0,749.3783571927912,-1000.0,11.949542125926687,0.0,-5.233376113544534,0.0,-2.4934129749861693,0.0,0.0,0.0,0.0,0.0,0.0,0.0,0.0,0.0,0.0,0.0,0.0,0.0,0.0,0.0,0.0,0.0,-2.180573380643556,0.0,-1.3083440283861334,0.0,0.0,0.0,0.0,0.0,0.0,0.0,-0.21805733806435557,3.0725732648847894,0.0,0.0,0.0,0.0,0.0,0.0,0.0,1000.0,5.233376113544534,5.233376113544534,0.0,0.0,0.0,0.0,0.0,0.019189045749678613,125.81857721057182,0.0,0.0,2.4934129749861693,0.0,0.0,0.0,0.0,0.0,0.0,0.0,0.0,0.0,0.0,0.0,0.0,0.0,0.0,293.5002504689203,0.0,0.0,0.0,0.0,18.316816397405866,350.8003062786241,0.0,0.0,0.0,0.0,0.0,125.81857721057182,0.0,729.6908650161722,0.0,0.0,0.0,-2.180573380643556,0.0,0.0,0.0,0.0,0.0,0.0,0.0,0.0,0.0,0.0,0.0,0.0,0.0,0.0,0.0,0.0,0.0,0.0,-0.017444587045148452,0.0,0.0,0.8722293522574222,-113.88671815826271,0.0,0.0,0.0,0.0,0.0,0.0,0.0,0.0,1.501978944587296,0.43611467612871113,0.0,0.0,0.0,0.017444587045148452,0.0,17.44458704514844,-5.407821983996018,3.488917409029689,0.12460419317963174,48.67039785596416,-0.013083440283861332,0.8722293522574223,0.34889174090296887,-0.08722293522488717,-48.67039785596416,5.233376113544534,-0.017444587045148452,16.06853153785302,98.87610085503545,0.004361146761287111,0.12460419317963174,-48.20559461355906,-352.23425133373485,-0.34889174090296887,-300.0,-0.017444587045148452,0.004361146761287111,-48.67039785596416,1.7444587045148443,0.017444587045148452,0.017444587045148452,-125.78194357777699,-349.4378840303979,0.0,-0.013083440283861332,5.233376113544534,0.017444587045148452,5.233376113544534,-8.722293522574223,-0.008722293522574222,314.31887414608303,-140.33177116105492,-0.013083440283861332,-0.017444587045148452,-5.407821983996018,0.017444587045148452,1.7444587045148443,-0.34889174090296887,138.5698678694949,138.5698678694949,-1.7444587045148443,300.0,-138.5698678694949,3.4889174090296904,0.026166880567722664,-1000.0,1.7444587045148443,-258.80881789563585,98.87610085503545,-3.4889174090296886,0.00872229352257422,0.17444587045148446,8.03426576892651,87.47604788641877,-0.017444587045148452,-129.74360929573027,125.78194357777699,5.407821983996018,0.017444587045148452,352.23425133373485,77.9425964008575,98.87610085503545,-0.017444587045148452,-0.00436114676128711,-98.87610085503545,-0.017444587045148466,-5.002309214374954,0.01744458704502927,-0.00436114676128711,-0.00436114676128711,-0.00436114676128711,6.977834818059377,8.722293522574223,0.17444587045148446,12.9242584270728,-0.00436114676128711,0.0,0.8722293522574222,3.373383959444899,0.017444587045148452,0.00872229352257422,0.008722293522574226,51.182509132032564,5.407821983996018,0.017444587045148452,-5.407821983996018,0.17444587045148446,0.017444587045148452,-12.9242584270728,0.017444587045148452,0.0697783481798524,0.08722293522488717,0.008722293522574222,0.004361146761287111,5.233376113544534,-0.017444587045148452,0.0,0.17444587045148444,-25.8485168541456,0.4361146761287112,-1.7444587045148443,3.4889174090296886,0.8722293522574222,-0.017444587045148452,48.20559461355906,0.026166880567722664,-0.017444587045148452,-102.36501826406513,5.407821983996018,431.7285401920187,0.008722293522574226,-6.746767918889802,-0.017444587045148452,-0.01744458704502927,-0.017444587045148452,0.008722293522574226,48.67039785596416,-3.4889174090296886,0.017444587045148452,16.06853153785302,-0.00436114676128711,349.4378840303979,-16.06853153785302,2.6166880567722663,140.33177116105492,311.21587897783064,48.67039785596416,-0.013083440283861332,129.74360929573027,-87.47604788641877,0.017444587045148452,-0.004361146761287113,890.30001772412,17.44458704514844,-0.00872229352257422,-0.017444587045148452,0.00436114676128711,1000.0,0.0,699.9912777064774,0.0,-255.0,0.0,549.6806384145364,-140.0,0.0,-80.0,115.97151379646712,189.97509272092597,-300.0,40.0,127.5,-57.98575689823356,0.0,70.0,-125.81857721057182,-155.7910458230902,300.0,-189.97509272092597,-155.7910458230902,-549.6806384145364,234.996791654582,0.0,1496.5981,hplb
415,0.0,0.0,0.0,0.0,0.0,0.0,0.0,0.0,499.5928011461601,0.0,0.0,0.0,0.0,0.0,0.0,0.0,255.1201155695105,44.87988443048952,0.0,0.0,0.0,0.0,0.0,0.0,0.0,0.0,0.0,0.0,0.0,1000.0,0.0,0.0,62.48157172794835,0.0,0.0,0.0,0.0,804.4162715633449,0.0,-497.0431203285219,20.413772105990738,0.0,0.0,-1000.0,0.0,0.0,530.2691796263456,0.0,0.0,0.0,0.0,347.98400288557696,0.0,0.10148499661568547,0.0,0.0,0.0,18.451817566471675,0.0,0.0,-149.23583979985065,0.0,0.0,-149.23583979985065,0.0,0.0,0.0,0.0,853.4445801058957,-601.5489071627334,0.0,0.9225908783235838,0.0,0.0,0.0,0.0,0.0,0.0,0.0,0.0,0.0,0.0,-4.128965299546337,0.0,55.355452699415025,0.0,141.11088946474806,810.7474882359758,-199.42221079509335,0.0,0.0,0.0,0.0,0.0,27.677726349707513,0.0,27.677726349707513,-2.9707426282012075,0.0,0.0,0.0,405.5167668754386,648.5575887974809,0.0,0.0,-75.47950243095643,145.46538543465206,325.82450371699326,0.0,0.0,0.0,0.0,0.0,0.0,0.0,0.0,0.0,0.0,0.0,0.0,0.0,0.0,0.0,0.0,-695.8076505901722,0.0,0.0,27.677726349707513,0.0,28.60031722803109,0.0,0.0,0.0,0.0,0.0,0.0,0.0,-734.3750000000007,734.3750000000007,0.0,0.0,0.0,0.0,0.0,0.0,152.343804527386,0.09225908783235838,0.023064771958089595,0.0,0.0,0.0,-218.92422043787607,0.0,0.0,0.0,0.0,325.3943970449403,0.0,0.0,0.0,0.0,0.0,-106.84425214426908,-106.84425214426908,0.0,0.0,0.0,0.0,-230.66771513262745,0.0,0.0,-106.75199305643672,0.0,0.0,0.0,0.0,-100.61417019864314,0.0,0.0,0.0,0.0,0.0,0.0,0.0,0.0,0.0,-817.6031705175167,0.0,0.0,0.0,0.0,-1000.0,0.0,0.0,0.0,0.0,0.0,0.0,-347.98400288557696,417.8836009199092,-417.8836009199092,0.0,0.0,0.0,0.0,0.0,0.0,0.0,351.4424112025191,0.0,0.0,0.0,0.0,0.0,0.0,0.0,0.0,0.0,0.0,0.0,0.0,0.0,0.0,0.0,10.36247013616736,-907.1361126839336,0.0,0.0,0.0,0.0,160.6818321289318,0.0,0.0,0.0,0.0,-149.23583979985065,92.86388731606647,0.0,0.0,0.0,0.0,0.0,0.0,0.0,0.0,0.0,0.0,0.0,0.0,104.41455953344877,-512.8912521815538,880.647086270308,0.0,907.1361126839336,0.0,0.0,0.0,-144.72917753573407,0.0,0.0,0.0,-255.5748287356713,0.0,0.0,-93.37122176208663,0.0,690.6053880016451,-783.9766097637317,690.6053880016451,0.0,218.46139012481586,0.0,0.0,0.0,0.0,96.72102292334804,0.0,0.0,0.0,-303.8963143901441,0.0,303.8963143901441,0.0,0.0,0.0,0.0,0.0,0.0,0.0,0.0,-149.23583979985065,-0.13838863174853755,0.0,0.0,0.0,0.0,0.09225908783235838,0.0,0.0,0.0,811.6404415213607,255.1201155695105,0.0,-275.87619386295404,610.9607633028559,100.61417019864314,0.0,0.0,0.0,0.0,-75.47950243095643,0.0,0.0,0.0,-7.943507462366146,-475.9368385017141,483.8803459640802,-1000.0,0.0,0.0,0.0,0.0,0.0,0.0,0.0,0.0,0.0,0.0,0.0,0.0,0.0,0.0,0.0,0.0,0.0,0.0,-195.21469208532605,0.0,-1000.0,0.0,0.0,0.0,612.2440527625291,0.0,0.0,-152.34380452738606,0.0,4.128965299546337,0.0,0.0,400.9038124838207,-377.5077416041817,0.0,-511.18688701479283,644.4902900246009,0.0,0.0,-127.83966812508754,-1000.0,391.89279226964925,0.0,0.0,-553.0206537273253,-646.7967672204098,123.22671373346962,499.91978636059025,0.0,543.3696770546485,209.68815090617574,0.0,27.677726349707513,0.0,0.0,0.0,0.0,0.0,499.6850602339925,0.0,0.0,0.0,0.0,312.02768486448474,0.0,0.0,0.0,0.0,0.0,351.4424112025191,0.0,0.0,-16.249900670205193,0.0,0.0,48.09149845569825,0.0,0.0,0.0,0.0,-90.77409121676416,0.18451817566468004,0.0,0.0,0.0,0.0,0.0,0.0,0.0,0.0,0.0,251.8956729431624,0.0,0.0,0.0,0.0,0.0,0.0,0.0,0.0,0.0,0.10148499661568547,0.10148499661568547,0.0,261.5481824335283,0.0,55.355452699415025,0.0,0.0,0.0,0.0,0.0,0.0,141.11088946474806,0.0,0.0,640.7571504146896,0.0,0.0,0.0,0.0,0.0,0.0,48.09149845569825,0.0,0.0,0.0,0.0,0.0,0.0,0.0,231.9358835300574,-811.6404415213607,73.45883500322401,0.0,148.21483922783966,0.0,0.0,0.0,-160.6818321289318,0.0,640.7571504146896,0.0,0.0,549.9830591979254,515.6250000000005,-515.6250000000005,0.0,0.0,0.0,0.0,0.0,0.0,0.0,0.0,0.0,0.0,0.0,0.0,0.0,0.0,55.355452699415025,0.0,0.0,0.0,0.0,0.0,0.0,0.0,0.0,0.0,0.0,0.0,0.0,0.9225908783235838,0.0,0.0,141.11088946474806,-141.11088946474806,0.0,-347.98400288557696,0.0,0.0,27.677726349707513,0.0,0.0,0.0,0.0,0.0,0.0,0.0,0.0,0.0,0.0,0.0,112.59033367323354,0.0,27.677726349707513,27.677726349707513,368.4746314577075,0.0,0.0,48.09149845569825,0.0,0.0,0.0,0.0,0.0,351.4424112025191,351.4424112025191,256.7280673335757,0.09225908783235838,0.0,0.0,121.84130535231955,0.0,0.0,0.0,0.0,0.0,0.0,0.0,0.0,0.0,0.0,0.0,0.0,0.0,0.0,0.0,0.0,0.0,0.0,0.09225908783235838,0.0,0.0,0.0,-737.72220112384,737.72220112384,0.0,0.0,0.0,0.0,-982.1327763657182,833.9179371378784,0.0,0.0,-804.7853079146739,-6.919431587426878,0.0,-4.612954391617919,0.0,0.0,0.0,0.0,0.0,0.0,0.0,0.0,0.0,0.0,0.0,0.0,100.61417019864314,0.0,0.0,547.9826314462664,0.0,0.0,0.0,499.5928011461601,0.0,0.0,0.09225908783235838,0.0,0.09225908783235838,0.0,0.0,0.0,55.355452699415025,112.55608715547721,112.55608715547721,0.0,0.0,0.0,0.0,0.0,0.0,4.128965299546337,73.45883500322401,0.0,351.4424112025191,0.0,0.0,0.0,0.0,0.0,0.0,0.0,0.0,0.0,0.0,0.0,0.0,0.0,0.0,0.0,0.0,0.0,160.6818321289318,0.0,-418.58388191034715,418.58388191034715,0.13838863174853755,0.0,0.0,0.0,-27.677726349707513,0.0,0.0,0.0,0.0,0.0,-261.5481824335283,4.612954391617919,0.0,0.0,0.0,0.0,230.66771513262745,-829.7889718383321,-4.612954391617919,0.0,0.0,0.0,0.0,0.0,0.0,0.0,0.0,0.0,0.0,0.0,261.5481824335283,0.0,380.00701743675234,-75.47950243095643,0.0,0.0,4.128965299546337,-4.128965299546337,0.0,-257.2852646912113,0.0,4.612954391617919,1000.0,0.0,0.0,0.0,-298.4716795997013,0.0,0.0,0.0,0.0,0.0,0.0,0.0,0.0,0.0,810.6837389300898,-6.919431587426857,112.55608715547721,0.0,-328.125,-328.12500000000006,328.125,0.0,0.0,0.0,0.0,0.0,0.0,0.0,0.0,275.3870456083821,-373.73697829548195,345.9611290314977,0.0,27.677726349707513,141.11088946474806,0.0,0.0,0.0,0.0,0.0,0.0,0.10148499661568547,0.0,0.0,0.0,56.27804357773861,0.0,0.0,0.0,0.0,10.36247013616736,0.0,145.46538543465206,0.0,0.0,0.0,0.0,0.0,0.0,0.0,0.0,0.009225908783235837,0.009225908783235837,0.0,0.0,0.0,0.0,0.0,0.0,0.0,0.0,0.0,121.84130535231955,0.0,0.0,0.0,0.0,0.0,261.5481824335283,0.0,0.0,0.0,0.0,0.0,0.0,0.0,0.0,0.0,0.0,0.0,282.2217789294961,0.0,162.256228253444,44.87988443048952,0.0,0.0,0.0,55.355452699415025,0.0,0.0,0.0,0.0,0.0,0.0,-55.355452699415025,0.0,282.2217789294961,0.0,0.0,0.0,0.0,0.0,0.0,0.0,0.0,0.0,0.0,743.2719326664243,0.0,63.19747516516549,-27.677726349707513,0.0,0.0,804.4162715633449,0.0,0.0,0.0,0.0,0.0,0.0,0.0,0.0,0.0,0.0,0.0,0.0,0.0,0.0,0.0,0.0,0.0,-11.532385979044797,0.0,-407.82324407124753,0.0,0.0,0.0,0.0,0.0,0.0,0.0,-1.1532385979044797,16.249900670205193,0.0,0.0,0.0,0.0,0.0,0.0,0.0,1000.0,27.677726349707513,27.677726349707513,0.0,0.0,0.0,0.0,0.0,0.10148499661568547,261.5481824335283,0.0,0.0,-804.4162715633449,0.0,0.0,0.0,0.0,0.0,0.0,0.0,0.0,0.0,0.0,0.0,0.0,0.0,0.0,209.29194095517357,0.0,0.0,0.0,0.0,96.8720422239763,0.0,0.0,152.343804527386,0.0,0.0,0.0,261.5481824335283,0.0,826.818229210131,0.0,0.0,0.0,-11.532385979044797,0.0,0.0,0.0,0.0,0.0,0.0,0.0,0.0,0.0,0.0,0.0,0.0,0.0,0.0,0.0,0.0,0.0,0.0,-0.09225908783235838,0.0,0.0,4.612954391617919,-640.7571504146896,0.0,0.0,0.0,0.0,0.0,0.0,0.0,0.0,7.943507462366146,2.3064771958089594,0.0,0.0,0.0,0.09225908783235838,0.0,92.25908783235838,-28.60031722803109,18.451817566471675,0.6589934845168456,257.40285505227985,-0.06919431587426877,511.18688701479283,1.8451817566471675,-0.46129543916129023,-257.40285505227985,27.677726349707513,-0.09225908783235838,25.159834143652144,48.09149845569825,0.023064771958089595,0.6589934845168456,-75.47950243095643,-155.79853624765877,-1.8451817566471675,-300.0,-0.09225908783235838,0.023064771958089595,-257.40285505227985,318.02535854967664,0.09225908783235838,0.09225908783235838,-261.3544383490803,-141.00940446813246,-2.296658082799634,-0.06919431587426877,27.677726349707513,0.09225908783235838,27.677726349707513,-46.12954391617919,-0.04612954391617919,-172.13873410022788,-170.0,-0.06919431587426877,-0.09225908783235838,-28.60031722803109,0.09225908783235838,9.225908783235838,-1.8451817566471675,160.6818321289318,160.6818321289318,-9.225908783235866,300.0,-160.6818321289318,18.451817566471675,0.13838863174853755,-1000.0,9.225908783235838,-231.9358835300574,48.09149845569825,-18.451817566471675,0.04612954391617919,0.9225908783235838,68.96904846573851,280.0,-0.09225908783235838,-282.30647719580895,261.3544383490803,28.60031722803109,0.09225908783235844,155.79853624765877,-371.41885670957254,48.09149845569825,-0.09225908783235838,-0.023064771958089595,-48.09149845569825,-0.09225908783235838,-236.23947665141623,0.09225908783235838,-0.023064771958089595,-0.023064771958089595,-0.023064771958089595,36.90363513294335,46.12954391617919,0.9225908783235838,143.6360353999538,-0.023064771958089595,112.77826278782487,4.612954391617919,50.0,0.09225908783235838,0.04612954391617919,0.04612954391617919,33.271658011084966,28.60031722803109,0.09225908783235838,-28.60031722803109,0.9225908783235838,0.09225908783235838,-294.203202804267,0.09225908783235838,0.3690363513289867,0.46129543916129023,0.04612954391617919,0.023064771958089595,27.677726349707513,-0.09225908783235838,2.296658082799634,0.9225908783235838,-287.2720707999076,508.8804098189839,-9.225908783235838,18.451817566471675,4.612954391617919,-0.09225908783235838,75.47950243095643,0.13838863174853755,-0.09225908783235838,-66.54331602216993,28.60031722803109,280.1767256492673,0.04612954391617919,-100.0,-0.09225908783235838,-0.09225908783235838,-0.0922590878323584,0.04612954391617919,257.40285505227985,-18.451817566471675,0.09225908783235838,137.93809693147702,-0.023064771958089595,141.00940446813246,-137.93809693147702,13.838863174853756,170.0,43.65022752532804,257.40285505227985,-0.06919431587426877,282.30647719580895,-280.0,0.09225908783235838,-0.02306477195808959,4.612954391617919,92.25908783235838,-0.04612954391617919,-0.09225908783235844,0.023064771958089595,682.5248857556228,0.0,781.492480331268,150.56716740431318,-255.0,0.0,952.7338947308895,-140.0,308.7994497664408,62.52986234407729,-255.0,-325.0,-218.46139012481586,-31.264931172038644,127.5,127.5,-308.7994497664408,70.0,-261.5481824335283,-280.1767256492673,218.46139012481586,325.0,-280.1767256492673,-952.7338947308895,657.4634213286131,0.0,1496.5981,hplb
416,0.0,0.0,0.0,0.0,0.0,0.0,0.0,0.0,533.4211400032003,0.0,0.0,0.0,0.0,0.0,0.0,0.0,0.0,1000.0,0.0,-812.7810537662878,0.0,0.0,0.0,111.12539385722755,0.0,0.0,0.0,0.0,0.0,714.4682409327688,0.0,0.0,440.9165531559214,0.0,0.0,0.0,0.0,635.7775926746541,0.0,-1000.0,988.4748089057953,0.0,0.0,0.0,0.0,0.0,0.0,0.0,-509.0121368479116,-334.03386050455674,0.0,-321.7931906141994,0.0,0.1510096906531544,0.0,0.0,0.0,27.456307391558646,0.0,0.0,-12.089927354749923,0.0,0.0,-12.089927354749923,0.0,0.0,0.0,0.0,62.747191709957065,-62.747191709957065,0.0,1.3728153695779324,0.0,0.0,0.0,0.0,0.0,0.0,0.0,471.8002794257786,0.0,0.0,659.8201658471962,0.0,82.36892217467593,0.0,0.0,374.3349313147061,0.10296115271834491,0.0,-0.03432038423944831,0.0,0.0,552.7287188088459,41.184461087337965,0.0,41.184461087337965,0.0,0.0,0.0,659.8201658471962,6.8640768478896605,714.4682409327688,0.0,0.0,0.0,0.0,0.0,0.0,0.0,0.0,0.0,0.0,0.0,0.0,0.0,0.0,0.0,0.0,0.0,0.0,0.0,0.0,0.0,-1000.0,0.0,0.0,41.184461087337965,0.0,42.557276456915915,0.0,0.0,41.93749011500847,331.80521775751924,-373.7427078725277,373.7427078725277,-1000.0,0.0,0.0,1000.0,0.0,0.0,0.0,0.0,0.0,-649.2494875014462,0.13728153695779324,0.0,0.0,0.0,0.0,-60.385256057530555,0.0,0.0,0.0,0.0,563.3342510399593,0.0,0.0,0.0,0.0,0.0,664.9981759762421,664.9981759762421,0.0,0.0,0.0,-578.125,332.6396331559921,0.0,0.0,665.1354575131999,0.0,0.0,0.0,42.409048424983894,-133.49424055806006,0.0,0.0,0.0,0.0,0.0,0.0,0.0,0.0,0.0,0.0,0.0,0.0,0.0,0.0,-1000.0,0.0,0.0,0.0,0.0,0.0,334.03386050455674,321.7931906141994,-0.10296115271834491,0.10296115271834491,0.0,0.0,0.0,0.0,0.0,0.0,0.0,0.0,-659.2312434537523,0.0,0.0,0.0,0.0,0.0,0.0,0.0,0.0,0.0,0.0,0.0,0.0,0.0,23.74630489926767,15.297870840647846,-527.2492946990566,0.0,0.0,0.0,0.0,156.13456476726287,0.0,0.0,0.0,0.0,-12.089927354749923,-527.2492946990566,0.0,0.0,0.0,0.0,0.0,0.0,0.0,0.0,669.2983067889215,0.0,0.0,0.0,-0.20592230543668982,0.0,187.01302392827557,0.0,527.2492946990566,0.0,0.0,0.0,-539.3392220538066,0.0,0.0,0.0,153.18123935254897,0.0,0.0,-184.0507990620497,-1000.0,0.0,815.9492009379502,0.0,1000.0,0.0,0.0,0.0,334.03386050455674,0.0,226.88092334498037,0.0,0.0,0.0,0.0,0.0,0.0,0.0,1000.0,0.0,0.0,0.0,-578.125,0.0,0.0,-12.089927354749923,-0.20592230543668982,0.0,0.0,0.0,0.0,0.13728153695779324,0.0,0.0,0.0,133.38266735647767,0.0,0.0,-763.8926484001017,200.6755281382632,133.49424055806006,907.1155773846918,0.0,386.4021432416496,0.0,0.0,0.0,0.0,0.0,402.3911710948186,-788.7933143364683,0.0,-1000.0,-1000.0,0.0,0.0,0.0,0.0,0.0,0.0,0.0,0.0,0.0,0.0,0.0,0.0,0.0,0.0,0.0,0.0,0.0,-363.6732811775143,0.0,-1000.0,0.0,0.0,664.8778412988797,0.0,0.0,0.0,-20.04881928747534,0.0,0.0,0.0,0.0,0.0,0.0,0.0,123.097041933671,0.0,726.0461226265111,0.0,0.0,0.0,-599.0607009405528,0.0,-129.96111878156066,0.0,-3.4320384239448303,-6.8640768478896605,-1000.0,0.0,0.0,1000.0,-89.23299902256554,41.184461087337965,0.0,0.0,0.0,0.0,0.0,533.5584215401581,0.0,-23.74630489926767,23.74630489926767,23.74630489926767,-209.65983159919227,0.0,0.0,-335.13910556071573,0.0,0.0,0.0,0.0,0.0,-24.179854709499846,0.0,984.3750000000234,122.54369260844135,0.0,0.0,0.0,0.0,-86.27184630422067,0.2745630739154876,0.0,0.0,0.0,0.0,0.0,0.0,0.0,0.0,0.0,0.0,0.0,0.0,0.0,0.0,0.0,0.0,0.0,0.0,0.0,0.1510096906531544,0.1510096906531544,0.0,276.289997507709,0.0,82.36892217467593,0.0,0.0,0.0,755.3507707102631,0.0,0.0,0.0,0.0,0.0,459.131644463935,-755.3507707102631,0.0,0.0,419.235289216655,0.0,0.0,122.54369260844135,0.0,0.0,0.0,0.0,0.0,0.0,0.0,333.3333333333333,-133.38266735647767,60.385256057530555,0.0,10.570678345750025,0.0,552.7287188088459,0.0,-156.13456476726287,0.0,459.131644463935,0.0,1000.0,-627.1402018402856,1000.0,-1000.0,23.74630489926767,0.0,0.0,0.0,0.0,0.0,0.0,0.0,0.0,0.0,0.0,0.0,0.0,0.0,82.36892217467593,0.0,0.0,0.0,0.0,0.0,0.0,0.0,0.0,0.0,0.0,0.0,0.0,1.3728153695779324,0.0,0.0,0.0,0.0,0.0,321.7931906141994,0.0,0.0,41.184461087337965,-419.235289216655,0.0,0.0,0.0,0.0,0.0,0.0,0.0,0.0,0.0,0.0,411.9232647999738,0.0,41.18446108733797,41.184461087337965,1000.0,-755.3507707102631,0.0,122.54369260844135,0.0,0.0,0.0,0.0,0.0,285.5317590672312,0.0,468.10039943121143,0.13728153695779324,0.0,0.0,0.0,181.29988120090286,303.9504751226882,0.0,-552.7287188088459,0.0,0.0,0.0,0.0,0.0,0.0,0.0,0.0,0.0,0.0,0.0,0.0,0.0,0.0,0.13728153695779324,0.0,0.0,0.0,0.0,0.0,0.0,0.0,0.0,0.0,0.0,644.8290220114044,0.0,0.0,-636.3267188224856,-10.296115271834493,-6.864076847889661,0.0,0.0,0.0,0.0,0.0,0.0,0.0,0.0,0.0,0.0,0.0,0.0,0.0,133.49424055806006,0.0,0.0,-82.36892217467587,0.0,0.0,0.0,533.4211400032003,0.0,0.0,0.13728153695779324,0.0,0.13728153695779324,0.0,0.0,0.0,82.36892217467593,167.48347508850773,167.48347508850773,0.0,0.0,0.0,0.0,0.0,0.0,0.0,60.385256057530555,0.0,0.0,0.0,0.0,414.2111114268842,0.0,0.0,0.0,0.0,0.0,0.0,0.0,0.0,0.0,0.0,0.0,0.0,0.0,0.0,156.13456476726287,0.0,-503.34064629713225,503.34064629713225,0.20592230543668982,0.0,0.0,0.0,-41.184461087337965,0.0,0.0,0.0,0.0,0.0,-276.289997507709,6.8640768478896605,0.0,0.0,0.0,578.125,-332.6396331559921,630.2695929396834,0.0,0.0,984.3750000000234,0.0,0.0,0.0,0.0,0.0,0.0,0.0,419.235289216655,0.0,252.54369260844135,0.0,357.9289486659719,303.9504751226882,0.0,610.2207736522081,0.0,-610.2207736522081,0.0,-706.8226971423143,0.0,6.864076847889661,1000.0,0.0,0.0,0.0,-24.179854709499846,546.8750000000265,-546.8750000000265,1000.0,-1000.0,0.0,0.0,0.0,0.0,0.0,286.5861127795435,-307.1783433232122,167.48347508850773,0.0,0.0,0.0,0.0,0.0,0.0,0.0,0.0,0.0,669.2983067889215,0.0,0.0,0.0,-181.29988120090286,0.0,0.0,41.184461087337965,0.0,0.0,0.0,0.0,141.96867962886,0.0,0.0,0.1510096906531544,0.0,0.0,0.0,83.74173754425388,0.0,0.0,0.0,0.0,15.297870840647846,0.0,0.0,0.0,0.0,0.0,0.0,0.0,0.0,-420.26988275616077,0.0,0.013728153695779323,0.013728153695779323,0.0,0.0,0.0,0.0,0.0,0.0,0.0,0.0,0.0,0.0,0.0,0.0,0.0,0.0,0.0,276.289997507709,0.0,0.0,0.0,0.0,0.0,0.0,0.0,334.03386050455674,0.0,0.0,0.0,0.0,0.0,-1000.0,1000.0,0.0,0.0,0.0,82.36892217467593,0.0,0.0,0.0,0.0,0.0,-82.36892217467593,0.0,0.0,0.0,0.0,0.0,0.0,0.0,0.0,0.0,0.0,0.0,0.0,0.0,-468.10039943121143,0.0,508.24896424297253,682.8432102229709,-724.0276713103088,0.0,635.7775926746541,0.0,0.0,0.0,0.0,0.0,0.0,0.0,0.0,0.0,804.6875,0.0,-804.6875,-804.6875,0.0,0.0,0.0,0.0,-17.160192119724154,0.0,-10.296115271834493,711.0933394782617,0.0,0.0,0.0,0.0,0.0,0.0,-1.7160192119724156,24.179854709499846,0.0,0.0,0.0,0.0,0.0,0.0,0.0,1000.0,41.184461087337965,41.18446108733797,0.0,0.0,0.0,0.0,471.8002794257786,0.1510096906531544,276.289997507709,0.0,0.0,-635.7775926746541,0.0,0.0,0.0,0.0,0.0,0.0,0.0,0.0,0.0,0.0,0.0,0.0,0.0,0.0,251.67032314856613,0.0,0.0,0.0,0.0,144.14561380568287,10.570678345750025,0.0,0.0,0.0,0.0,0.0,276.289997507709,0.0,27.744171511306682,0.0,0.0,0.0,-17.160192119724154,0.0,0.0,0.0,0.0,0.0,0.0,0.0,0.0,0.0,0.0,0.0,0.0,0.0,0.0,0.0,0.0,0.0,0.0,-0.13728153695779324,0.0,0.0,6.8640768478896605,-459.131644463935,0.0,0.0,0.0,0.0,0.0,0.0,0.0,0.0,-402.3911710948186,3.4320384239448303,0.0,0.0,0.0,0.13728153695779324,0.0,137.2815369577932,-42.557276456915915,27.45630739155865,0.9805824068413802,383.01548811224325,-0.10296115271834491,6.864076847889647,2.7456307391558648,-0.6864076847892875,-383.01548811224325,41.18446108733797,-0.13728153695779324,0.0,122.54369260844135,0.03432038423944831,0.9805824068413801,0.0,-21.85522068368141,-2.7456307391558648,-187.21894623371224,-0.13728153695779324,0.03432038423944831,-383.01548811224325,13.728153695779323,0.13728153695779324,0.13728153695779324,-276.00170628009806,0.15100969065357256,-223.23792433745382,-0.10296115271834491,41.18446108733797,0.13728153695779324,41.184461087337965,-68.64076847889662,-0.06864076847889662,-340.0963267025055,-170.0,-0.10296115271834491,-0.13728153695779324,-42.557276456915915,0.13728153695779324,13.728153695779323,-2.7456307391558648,156.13456476726287,156.13456476726287,-13.728153695779323,187.21894623371224,-156.13456476726287,27.456307391558646,0.20592230543668982,392.87315729994924,13.728153695779323,-333.3333333333333,122.54369260844135,-27.456307391558646,0.06864076847889662,1.3728153695779324,190.97316210002543,280.0,-0.13728153695779324,-307.1783433232122,276.00170628009806,42.557276456915915,0.13728153695779324,21.85522068368141,-42.19415174091051,122.54369260844135,-0.13728153695779324,-0.03432038423944829,-122.54369260844135,-0.13728153695779324,-86.27184630422067,0.13728153695790693,-0.03432038423944831,-0.03432038423944831,-0.03432038423944831,54.91261478311729,68.64076847889662,1.3728153695779324,101.70845869360352,-0.03432038423944831,381.94632420005087,6.864076847889661,50.0,0.13728153695779324,0.06864076847889662,0.06864076847889662,75.0,42.557276456915915,0.13728153695779324,-42.557276456915915,1.3728153695779324,0.13728153695779324,-101.70845869360352,0.13728153695779324,0.5491261478316183,0.6864076847892875,0.06864076847889662,0.03432038423944831,41.18446108733797,-0.13728153695779324,223.23792433745382,1.3728153695779324,-203.41691738720704,3.432038423944846,-13.728153695779323,27.456307391558646,6.8640768478896605,-0.13728153695779324,0.0,0.20592230543668982,-0.13728153695779324,-150.0,42.557276456915915,224.17373565899578,0.06864076847889662,-100.0,-0.13728153695779324,-0.13728153695790693,-0.13728153695779324,0.06864076847889662,383.01548811224325,-27.456307391558646,0.13728153695779324,381.94632420005087,-0.03432038423944831,-0.15100969065357256,-381.94632420005087,20.592230543668983,170.0,-512.2243105685686,383.01548811224325,-0.10296115271834491,307.1783433232122,-280.0,0.13728153695779324,-0.03432038423944832,6.864076847889661,137.2815369577932,-0.06864076847889662,-0.13728153695779324,0.03432038423944831,0.0,0.0,-392.9417980684281,0.0,40.64762088849017,0.0,260.4912075873133,-140.0,0.0,-80.0,-121.74695091505458,-325.0,0.0,40.0,-20.32381044424509,60.87347545752729,0.0,70.0,-276.289997507709,-366.1424152878558,0.0,325.0,-366.1424152878558,-260.4912075873133,144.47860281622224,0.0,1496.5981,hplb
417,0.0,0.0,0.0,0.0,0.0,0.0,0.0,0.0,-0.1350941920149392,0.0,0.0,0.0,0.0,0.0,0.0,0.0,202.33263292557092,-272.8811716216503,0.0,346.08807491983475,0.0,0.0,0.0,0.0,0.0,434.3464539800071,0.0,0.0,0.0,717.5198816752825,0.0,0.0,134.2188942414855,0.0,0.0,0.0,0.0,976.3405038384503,0.0,-1000.0,685.4623930791086,0.0,0.0,0.0,0.0,0.0,0.0,0.0,-1000.0,-382.83048148063756,0.0,0.0,0.0,0.14860361121645838,0.0,0.0,0.0,27.01883840298784,0.0,0.0,-74.11640134556372,0.0,0.0,-74.11640134556372,0.0,0.0,0.0,0.0,479.8170320114293,-479.8170320114293,0.0,1.350941920149392,0.0,0.0,0.0,0.0,0.0,0.0,0.0,0.0,0.0,0.0,0.0,0.0,81.05651520896352,0.0,62.21910616878145,1000.0,-973.9097642932904,797.8700083624515,-0.0337735480037348,0.0,0.0,0.0,40.52825760448176,0.0,40.52825760448176,0.0,0.0,0.0,0.0,6.75470960074696,717.5198816752825,0.0,0.0,-2.795524114984329,0.0,13.779607585523799,0.0,0.0,0.0,0.0,0.0,0.0,0.0,0.0,0.0,0.0,0.0,0.0,0.0,0.0,0.0,0.0,-1000.0,0.0,0.0,40.52825760448176,0.0,41.879199524631154,0.0,0.0,-306.67880629506215,0.0,306.67880629506215,-306.67880629506215,-572.9108367404247,0.0,0.0,572.9108367404247,0.0,0.0,0.0,0.0,0.0,72.62135895393172,0.1350941920149392,0.0,0.0,0.0,0.0,0.0,0.0,0.0,0.0,0.0,554.2779473635626,0.0,0.0,0.0,0.0,0.0,431.3184586339585,431.3184586339585,0.0,0.0,0.0,0.0,0.0,0.0,0.0,431.4535528259735,0.0,0.0,0.0,376.89180022191425,0.0,0.0,0.0,0.0,0.0,0.0,0.0,0.0,0.0,0.0,-1000.0,0.0,0.0,0.0,0.0,-1000.0,0.0,0.0,0.0,0.0,0.0,382.83048148063756,0.0,176.03975593083896,-176.03975593083896,0.0,0.0,0.0,0.0,0.0,0.0,0.0,0.0,-835.392750868251,0.0,0.0,0.0,0.0,0.0,0.0,0.0,0.0,0.0,0.0,0.0,0.0,0.0,12.118049094654282,1.5371806727697646,80.1474853991466,0.0,0.0,0.0,0.0,156.35548660649113,0.0,0.0,0.0,0.0,-74.11640134556372,80.1474853991466,0.0,0.0,0.0,0.0,0.0,0.0,0.0,0.0,526.1270086464775,0.0,0.0,0.0,1000.0,-149.94952022412946,176.03975593083896,0.0,-80.1474853991466,0.0,0.0,0.0,1000.0,0.0,0.0,0.0,146.69044467068926,0.0,0.0,79.58835418015957,79.58835418015957,0.0,0.0,0.0,-79.58835418015957,-797.8700083624515,0.0,249.2466592290234,382.83048148063756,0.0,220.55730911518924,0.0,0.0,0.0,-1000.0,0.0,1000.0,0.0,722.4232021272679,0.0,0.0,-681.8327883767444,0.0,0.0,0.0,-74.11640134556372,-0.20264128802240877,0.0,0.0,0.0,0.0,0.1350941920149392,0.0,0.0,0.0,276.98924714254963,202.33263292557092,0.0,-860.7717532557856,465.1167762506101,0.0,707.1158334370582,0.0,76.58288423874683,0.0,-2.795524114984329,0.0,0.0,0.0,693.7972015342609,-770.3800857730077,0.0,-1000.0,-1000.0,0.0,0.0,0.0,0.0,0.0,0.0,0.0,0.0,0.0,0.0,0.0,0.0,0.0,0.0,0.0,0.0,0.0,-23.11911939349009,0.0,-1000.0,0.0,0.0,521.7769756635969,576.0553980057939,0.0,0.0,-598.7483676004092,0.0,0.0,0.0,909.7205582771032,0.0,0.0,0.0,0.0,0.0,290.56305376157843,504.29096288135463,893.7330985106895,-1000.0,-797.0536992919662,0.0,-294.78240860364394,-584.8104907342508,-3.37735480037348,-900.4878081114365,0.0,0.0,0.0,1000.0,-87.81122480971048,40.52825760448176,1000.0,-1000.0,0.0,0.0,0.0,0.0,0.0,-12.118049094654282,12.118049094654282,12.118049094654282,230.77668571199646,0.0,0.0,-477.89715619166867,0.0,0.0,0.0,0.0,0.0,-23.79459035356454,0.0,-1000.0,18.87481724653213,0.0,0.0,0.0,0.0,-38.991076931711994,0.27018838402955225,0.0,0.0,0.0,0.0,0.0,0.0,0.0,0.0,0.0,0.0,0.0,0.0,0.0,0.0,0.0,0.0,0.0,0.0,0.0,0.14860361121645838,0.14860361121645838,0.0,265.0992106916664,0.0,81.05651520896352,0.0,0.0,0.0,326.50081258141444,0.0,0.0,62.21910616878145,0.0,0.0,894.3490772358637,-326.50081258141444,0.0,0.0,0.0,0.0,0.0,18.87481724653213,0.0,0.0,0.0,0.0,0.0,0.0,0.0,333.3333333333333,-276.98924714254963,0.0,0.0,72.62135895393172,0.0,0.0,0.0,-156.35548660649113,0.0,894.3490772358637,0.0,855.3580003041517,0.0,0.0,0.0,12.118049094654282,0.0,0.0,0.0,0.0,0.0,0.0,0.0,0.0,0.0,0.0,0.0,0.0,0.0,81.05651520896352,0.0,0.0,0.0,0.0,0.0,0.0,0.0,0.0,0.0,0.0,0.0,0.0,1.350941920149392,0.0,0.0,62.21910616878145,-62.21910616878145,0.0,0.0,0.0,0.0,40.52825760448176,0.0,0.0,0.0,0.0,0.0,0.0,0.0,0.0,0.0,0.0,1000.0,-1000.0,0.0,40.52825760448176,40.52825760448176,1000.0,-326.50081258141444,0.0,18.87481724653213,0.0,0.0,0.0,0.0,0.0,-573.6014455047359,0.0,-335.7727312946009,0.1350941920149392,0.0,0.0,178.41117972601504,0.0,0.0,0.0,0.0,0.0,0.0,0.0,0.0,0.0,0.0,0.0,0.0,0.0,0.0,0.0,0.0,0.0,0.0,0.1350941920149392,0.0,0.0,0.0,1000.0,-1000.0,0.0,0.0,0.0,0.0,0.0,778.048587772145,0.0,-855.0199797089572,-976.8808806065099,-10.13206440112044,-6.754709600746963,0.0,0.0,0.0,0.0,0.0,0.0,0.0,0.0,0.0,0.0,0.0,0.0,0.0,0.0,0.0,0.0,-81.05651520896352,0.0,0.0,0.0,-0.1350941920149392,0.0,0.0,0.1350941920149392,0.0,0.1350941920149392,0.0,0.0,0.0,81.05651520896352,164.81491425822583,164.81491425822583,0.0,0.0,0.0,0.0,0.0,0.0,0.0,0.0,0.0,0.0,0.0,0.0,0.0,705.4288114667472,0.0,0.0,0.0,0.0,0.0,0.0,0.0,0.0,0.0,0.0,0.0,0.0,0.0,156.35548660649113,0.0,-434.3464539800071,434.3464539800071,0.20264128802240877,0.0,0.0,0.0,-40.52825760448176,0.0,0.0,0.0,0.0,0.0,-265.0992106916664,6.75470960074696,0.0,0.0,0.0,0.0,0.0,295.9582662956445,0.0,0.0,-1000.0,0.0,0.0,0.0,0.0,0.0,0.0,0.0,0.0,0.0,252.98116159701215,0.0,181.49402313361634,-2.7955241149843175,0.0,-302.79010130476473,855.0199797089572,-552.2298784041925,0.0,835.1850857417742,0.0,6.754709600746963,412.7238071459557,0.0,0.0,0.0,-148.23280269112743,0.0,0.0,0.0,0.0,0.0,0.0,0.0,0.0,0.0,1000.0,-20.264128802241544,164.81491425822583,0.0,-265.62499999999994,-265.625,265.62499999999994,0.0,0.0,0.0,0.0,0.0,526.1270086464775,0.0,0.0,275.23127509278686,-178.41117972601504,-48.486805733672554,0.0,40.52825760448176,62.21910616878145,0.0,0.0,0.0,198.10238115246773,0.0,0.0,0.14860361121645838,0.0,0.0,0.0,82.40745712911291,0.0,0.0,0.0,0.0,1.5371806727697646,0.0,0.0,0.0,0.0,0.0,0.0,0.0,0.0,444.1594756550214,0.0,669.7925823017603,0.013509419201493955,0.0,0.0,0.0,0.0,0.0,0.0,0.0,0.0,0.0,178.41117972601504,0.0,0.0,0.0,0.0,0.0,265.0992106916664,0.0,0.0,0.0,0.0,0.0,0.0,0.0,382.83048148063756,0.0,0.0,0.0,124.4382123375629,0.0,0.0,-272.8811716216503,0.0,0.0,0.0,81.05651520896352,0.0,0.0,0.0,0.0,0.0,0.0,-81.05651520896352,0.0,124.4382123375629,0.0,0.0,0.0,0.0,0.0,0.0,0.0,0.0,0.0,0.0,335.7727312946009,-856.0815638294534,797.9683329969806,723.475034716958,-764.0032923214397,0.0,976.3405038384503,0.0,0.0,0.0,0.0,0.0,0.0,0.0,0.0,0.0,0.0,0.0,0.0,0.0,0.0,0.0,0.0,0.0,-16.8867740018674,0.0,-10.13206440112044,715.5608758678684,0.0,0.0,0.0,0.0,0.0,-1.6886774001867404,0.0,23.79459035356454,0.0,0.0,0.0,0.0,0.0,0.0,0.0,1000.0,40.52825760448176,40.52825760448176,0.0,0.0,0.0,0.0,0.0,0.14860361121645838,265.0992106916664,0.0,0.0,-976.3405038384503,669.7790728825588,0.0,0.0,0.0,0.0,0.0,0.0,0.0,0.0,0.0,0.0,0.0,0.0,0.0,0.0,0.0,0.0,0.0,0.0,141.84890161568615,72.62135895393172,0.0,0.0,0.0,0.0,0.0,265.0992106916664,0.0,219.06399976720547,0.0,0.0,0.0,-16.8867740018674,0.0,0.0,0.0,0.0,0.0,0.0,0.0,0.0,0.0,0.0,0.0,0.0,0.0,0.0,0.0,0.0,0.0,0.0,-0.1350941920149392,0.0,0.0,6.75470960074696,-894.3490772358637,0.0,0.0,0.0,0.0,0.0,0.0,0.0,0.0,-693.7972015342609,3.37735480037348,0.0,0.0,434.3464539800071,0.1350941920149392,0.0,135.09419201493918,-41.879199524631154,27.01883840298784,0.9649585143924228,376.91279572168037,-0.10132064401120439,294.78240860364394,2.701883840298784,-0.6754709600744491,-376.91279572168037,40.52825760448176,-0.1350941920149392,0.931841371661443,18.87481724653213,0.0337735480037348,0.9649585143924229,-2.795524114984329,-83.72610153755926,-2.7018838402987626,-275.53953622375536,-0.1350941920149392,0.0337735480037348,-376.91279572168037,13.50941920149392,0.1350941920149392,0.1350941920149392,-264.815512888435,-62.070502557565106,-167.61892294322882,-0.10132064401120439,40.52825760448176,0.1350941920149392,40.52825760448176,-67.5470960074696,-0.0675470960074696,-381.06797619036513,-170.0,-0.10132064401120439,-0.1350941920149392,-41.879199524631154,0.1350941920149392,13.50941920149387,-2.701883840298784,156.35548660649113,156.35548660649113,-13.50941920149392,275.53953622375536,-156.35548660649113,27.01883840298784,0.20264128802240877,-351.93785780852795,13.50941920149392,-333.3333333333333,18.87481724653213,-27.01883840298784,0.0675470960074696,1.350941920149392,215.1929383139464,280.0,-0.1350941920149392,-295.4954038950284,264.815512888435,41.879199524631154,0.1350941920149392,83.72610153755926,-143.23821317139516,18.87481724653213,-0.1350941920149392,-0.0337735480037348,-18.87481724653213,-0.1350941920149392,-38.991076931711994,0.13509419201493245,-0.0337735480037348,-0.0337735480037348,-0.0337735480037348,54.03767680597568,67.5470960074696,1.350941920149392,100.08790950906678,-0.0337735480037348,429.45403525623135,6.75470960074696,26.250248066602957,0.1350941920149392,0.0675470960074696,0.0675470960074696,22.946827824759986,41.879199524631154,0.1350941920149392,-41.879199524631154,1.350941920149392,0.1350941920149392,-100.08790950906678,0.1350941920149392,0.5403767680595593,0.6754709600744491,0.0675470960074696,0.0337735480037348,40.52825760448176,-0.1350941920149392,167.61892294322882,1.3509419201493813,-200.17581901813355,291.40505380327045,-13.50941920149387,27.01883840298784,6.75470960074696,-0.1350941920149392,2.795524114984329,0.20264128802240877,-0.1350941920149392,-45.89365564951997,41.879199524631154,113.70094587704439,0.0675470960074696,-52.500496133205914,-0.1350941920149392,-0.13509419201493245,-0.1350941920149392,0.0675470960074696,376.91279572168037,-27.01883840298784,0.1350941920149392,430.3858766278928,-0.0337735480037348,62.070502557565106,-430.3858766278928,20.264128802240876,170.0,-73.0080813382683,376.91279572168037,-0.10132064401120439,295.4954038950284,-280.0,0.1350941920149392,-0.03377354800373479,916.4752678778502,135.0941920149392,-0.0675470960074696,-0.1350941920149392,0.0337735480037348,0.0,0.0,351.8703107125205,0.0,-255.0,0.0,418.298133874777,-140.0,0.0,-80.0,-255.0,-208.5128615366042,0.0,40.0,127.5,127.5,0.0,70.0,-265.0992106916664,-311.8033270295121,0.0,208.5128615366042,-311.8033270295121,-418.298133874777,274.01346392233916,0.0,1496.5981,hplb
418,0.0,0.0,0.0,0.0,0.0,0.0,0.0,0.0,123.233382789154,0.0,0.0,0.0,0.0,0.0,0.0,0.0,368.0646402117691,-673.8845193136186,0.0,373.0459863771635,0.0,0.0,0.0,0.0,0.0,0.0,0.0,0.0,0.0,421.0488378966817,0.0,0.0,60.38096053819939,0.0,0.0,0.0,0.0,666.5726070453934,0.0,-82.6307883074784,993.8554751903334,0.0,0.0,-1000.0,0.0,0.0,0.0,351.2671130863473,-305.6080561701619,-385.9631582467634,0.0,-196.4327893694603,0.0,0.02252992430200653,0.0,0.0,0.0,355.36346295945833,0.0,0.0,-1.8037593941262084,0.0,10.449705666125071,8.645946271998863,0.0,0.0,0.0,0.0,0.0,0.0,0.0,0.20481749365555024,0.0,0.0,0.0,0.0,0.0,0.0,0.0,0.0,0.0,0.0,1.5770947011477432,0.0,12.289049619333014,0.0,0.0,-349.4732604020721,-174.15608814596047,631.9660824122792,974.754372150889,0.0,0.0,0.0,6.144524809666507,0.0,6.144524809666507,-0.6595123295705605,0.0,0.0,1.5770947011477432,1.0240874682777512,0.0,0.0,0.0,-79.16639280082194,0.0,30.27735162762518,0.0,0.0,0.0,0.0,0.0,0.0,0.0,0.0,0.0,0.0,0.0,0.0,0.0,0.0,0.0,0.0,-131.09162782853497,0.0,0.0,6.144524809666507,0.0,6.349342303322057,6.349342303322057,0.0,-347.4326915487175,347.4326915487175,0.0,0.0,734.6292384620722,-484.3750000000002,484.3750000000002,-734.6292384620722,0.0,0.0,0.0,0.0,0.0,0.0,0.020481749365555024,974.7594925882304,0.0,0.0,0.0,0.0,0.0,0.0,240.13102677669548,0.0,506.0249395996672,0.0,0.0,0.0,0.0,0.0,715.889361265993,715.889361265993,0.0,0.0,0.0,0.0,79.16639280082194,0.0,0.0,715.9098430153585,0.0,0.0,0.0,14.319595085728603,0.0,0.0,0.0,0.0,0.0,0.0,0.0,0.0,0.0,0.0,0.0,0.0,0.0,0.0,0.0,149.3916871841621,0.0,0.0,0.0,0.0,0.0,385.9631582467634,196.4327893694603,-157.80999426631874,157.80999426631874,0.0,0.0,0.0,0.0,0.0,0.0,0.0,421.0488378966817,-1000.0,0.0,0.0,0.0,0.0,0.0,0.0,0.0,0.0,0.0,0.0,0.0,0.0,0.0,144.95777557097318,-91.807300253778,-679.9382113077492,0.0,0.0,0.0,0.0,0.0,0.0,0.0,0.0,0.0,-1.8037593941262084,320.06178869225084,0.0,0.0,0.0,0.0,0.0,0.0,0.0,0.0,0.0,0.0,0.0,0.0,1000.0,983.6539061203583,-616.4585214690925,0.0,679.9382113077492,0.0,0.0,0.0,955.8758393418076,0.0,0.0,0.0,-19.607058798517528,0.0,0.0,-1000.0,-1000.0,0.0,0.0,0.0,1000.0,-331.9660824122792,0.0,0.0,385.9631582467634,0.0,69.84276533654264,0.0,0.0,0.0,-71.39937828832483,0.0,71.39937828832483,0.0,1000.0,0.0,0.0,-1000.0,0.0,0.0,0.0,-1.8037593941262084,-0.030722624048332536,0.0,0.0,0.0,0.0,0.020481749365555024,0.0,0.0,0.0,-155.5362119938286,368.0646402117691,0.0,-524.3665113141399,-577.8558888383749,0.0,1000.0,0.0,0.0,0.0,-79.16639280082194,0.0,0.0,0.0,70.5488952301568,0.0,-70.5488952301568,-377.58021296097183,-1000.0,0.0,0.0,0.0,0.0,0.0,0.0,0.0,0.0,0.0,0.0,0.0,0.0,0.0,0.0,0.0,0.0,0.0,-333.3454659571451,0.0,-1000.0,0.0,0.0,0.0,0.0,0.0,0.0,908.0540638302573,0.0,0.0,0.0,0.0,0.0,0.0,-88.10878939406331,381.98588318449305,-0.5120437341388756,0.0,0.0,-153.75656432324493,970.657845858906,-1000.0,88.10878939406331,-383.0099706527708,0.0,0.0,152.7324768549672,0.0,0.0,-592.2642991909291,-372.7610655924493,1000.0,6.144524809666507,0.0,0.0,0.0,0.0,0.0,123.25386453851957,0.0,-144.95777557097318,144.95777557097318,144.95777557097318,330.0700429277109,0.0,0.0,-284.13112048337257,0.0,0.0,421.0488378966817,0.0,0.0,-3.6075187882524062,0.0,0.0,0.0,0.0,0.0,0.0,0.0,-97.9518250634445,0.040963498730889114,0.0,0.0,0.0,0.0,0.0,0.0,0.0,0.0,0.0,0.0,0.0,0.0,0.0,0.0,0.0,0.0,0.0,0.0,0.0,0.02252992430200653,0.02252992430200653,0.0,275.2612216966019,0.0,12.289049619333014,0.0,0.0,0.0,1000.0,0.0,0.0,0.0,0.0,0.0,289.770031253894,-1000.0,0.0,0.0,0.0,0.0,0.0,0.0,0.0,0.0,0.0,0.0,0.0,0.0,0.0,43.69720927617832,155.5362119938286,0.0,0.0,1.5770947011477432,0.0,0.0,0.0,0.0,0.0,289.770031253894,0.0,0.0,191.81820619044947,0.0,0.0,144.95777557097318,0.0,0.0,0.0,0.0,0.0,0.0,0.0,0.0,0.0,0.0,0.0,0.0,0.0,12.289049619333014,0.0,0.0,0.0,0.0,0.0,0.0,0.0,0.0,0.0,0.0,0.0,0.0,0.20481749365555024,0.0,0.0,0.0,0.0,0.0,196.4327893694603,0.0,0.0,6.144524809666507,0.0,0.0,0.0,0.0,0.0,0.0,0.0,0.0,0.0,0.0,1000.0,-59.305999603967166,0.0,6.144524809666507,6.144524809666507,13.630681185696233,-1000.0,0.0,0.0,0.0,0.0,0.0,0.0,0.0,-622.4197870390282,421.0488378966817,-637.6423860233594,0.020481749365555024,0.0,0.0,-122.06477084660006,123.71647763472232,0.0,0.0,0.0,0.0,0.0,0.0,0.0,0.0,0.0,0.0,0.0,0.0,0.0,0.0,0.0,0.0,0.0,0.020481749365555024,0.0,0.0,0.0,-713.1666033715221,713.1666033715221,0.0,0.0,0.0,0.0,0.0,908.0540638302573,-240.13102677669548,0.0,-666.654534042855,-1.5361312024166267,-1.0240874682777985,0.0,0.0,0.0,0.0,0.0,0.0,0.0,0.0,0.0,0.0,0.0,0.0,0.0,0.0,0.0,0.0,408.75978827734866,0.0,0.0,0.0,123.233382789154,0.0,0.0,0.020481749365555024,0.0,0.020481749365555024,0.0,0.0,0.0,12.289049619333014,24.98773422597713,24.98773422597713,0.0,0.0,0.0,0.0,0.0,0.0,0.0,0.0,0.0,421.0488378966817,0.0,0.0,72.31237385053099,0.0,0.0,0.0,0.0,0.0,0.0,0.0,0.0,0.0,0.0,0.0,0.0,0.0,0.0,0.0,0.0,0.0,0.0,0.030722624048332536,0.0,0.0,0.0,-6.144524809666507,0.0,0.0,0.0,0.0,0.0,-275.2612216966019,1.0240874682777512,0.0,0.0,0.0,0.0,-79.16639280082194,-884.4283687668537,0.0,0.0,0.0,0.0,0.0,0.0,0.0,0.0,0.0,0.0,0.0,1000.0,130.30344612562874,0.0,-983.8091001436094,-79.16639280082191,0.0,23.625695063403555,0.0,-23.625695063403555,240.13102677669548,930.8881051158305,0.0,1.0240874682777985,1000.0,0.0,0.0,0.0,-3.6075187882524062,296.8750000000002,-296.8750000000002,0.0,0.0,0.0,-908.0540638302573,0.0,0.0,0.0,276.79735289901856,-279.8696153038516,24.98773422597713,0.0,-203.125,-203.125,203.125,0.0,0.0,0.0,0.0,0.0,0.0,0.0,0.0,0.0,-1.6517067881222687,-1000.0,0.0,6.144524809666507,0.0,0.0,0.0,0.0,212.16399810320684,0.0,0.0,0.02252992430200653,0.0,0.0,0.0,12.493867112988564,0.0,0.0,0.0,0.0,-91.807300253778,0.0,0.0,0.0,0.0,0.0,0.0,0.0,0.0,406.7386911526847,0.0,0.0020481749365555135,0.0020481749365555135,0.0,0.0,0.0,0.0,0.0,0.0,0.0,0.0,0.0,-122.06477084660006,0.0,0.0,0.0,0.0,0.0,275.2612216966019,0.0,0.0,0.0,0.0,0.0,0.0,0.0,385.9631582467634,0.0,0.0,0.0,0.0,0.0,1000.0,-673.8845193136186,0.0,0.0,0.0,12.289049619333014,0.0,0.0,0.0,0.0,0.0,0.0,-12.289049619333014,0.0,0.0,0.0,0.0,0.0,0.0,0.0,0.0,0.0,0.0,0.0,0.0,606.6915731756494,-1000.0,86.34237216593611,0.0,-6.144524809666507,0.0,666.5726070453934,0.0,0.0,0.0,0.0,0.0,0.0,0.0,0.0,0.0,0.0,0.0,0.0,0.0,0.0,0.0,0.0,0.0,-2.560218670694425,0.0,-1.5361312024166267,350.6458579519661,0.0,0.0,0.0,0.0,0.0,-91.22524236872933,90.96922050165989,243.73854556494788,0.0,0.0,0.0,0.0,0.0,0.0,0.0,969.04918715229,6.144524809666507,6.144524809666507,0.0,0.0,0.0,0.0,0.0,0.02252992430200653,275.2612216966019,0.0,0.0,-666.5726070453934,0.0,0.0,0.0,0.0,0.0,0.0,0.0,0.0,0.0,0.0,0.0,0.0,0.0,0.0,0.0,0.0,0.0,6.349342303322057,0.0,21.505836833832774,1.5770947011477432,0.0,0.0,0.0,0.0,0.0,275.2612216966019,0.0,882.7447689690052,0.0,0.0,0.0,-2.560218670694425,0.0,0.0,0.0,0.0,0.0,0.0,0.0,0.0,0.0,0.0,0.0,0.0,0.0,0.0,0.0,0.0,0.0,0.0,-0.020481749365555024,0.0,0.0,1.0240874682777512,-289.770031253894,0.0,0.0,0.0,0.0,0.0,0.0,0.0,0.0,-70.5488952301568,0.5120437341388756,0.0,0.0,0.0,0.020481749365555024,0.0,20.48174936555502,0.0,4.096349873111005,0.14629820975396446,69.84276533654264,-0.015361312024166268,1.0240874682777417,0.4096349873111005,-0.1024087468271091,-69.84276533654264,6.144524809666507,-0.020481749365555024,26.38879760027398,0.0,0.005120437341388756,0.14629820975396446,-79.16639280082194,-3.2606944989962443,-0.40963498731110803,-67.22610727531395,-0.020481749365555024,0.005120437341388756,-69.84276533654264,2.0481749365555024,0.020481749365555024,0.020481749365555024,-275.21821002293433,0.022529924302110538,0.0,-0.015361312024166268,6.144524809666507,0.020481749365555024,6.144524809666507,-10.240874682777513,-0.010240874682777512,-347.69215399802334,-2.0686566859210576,-0.015361312024166268,-0.020481749365555024,0.0,0.020481749365555024,2.0481749365555024,-0.4096349873111005,0.0,0.0,-2.0481749365555024,67.22610727531395,0.0,4.096349873111005,0.030722624048332536,547.7927215198306,2.0481749365555024,-43.69720927617832,0.0,-4.096349873111005,0.010240874682777512,0.20481749365555024,131.09162782853497,134.39979599873973,-0.020481749365555024,-279.8696153038516,275.21821002293433,6.349342303322057,0.020481749365555024,3.2606944989962443,-24.578099238665878,0.0,-0.020481749365555024,-0.005120437341388756,0.0,-0.020481749365555024,-97.9518250634445,0.020481749365555024,-0.005120437341388756,-0.005120437341388756,-0.005120437341388756,8.19269974622201,10.240874682777513,0.20481749365555024,15.174416061205477,-0.005120437341388756,235.79445805679595,1.0240874682777512,50.0,0.020481749365555024,0.010240874682777512,0.010240874682777512,2.0481749365555024,0.0,0.020481749365555024,0.0,0.20481749365555024,0.020481749365555024,-15.174416061205477,0.020481749365555024,0.08192699746156151,0.1024087468271091,0.010240874682777512,0.005120437341388756,6.144524809666507,-0.020481749365555024,0.0,0.20481749365555402,-30.348832122410954,0.512043734138885,-2.0481749365555024,4.096349873111005,1.0240874682777512,-0.020481749365555024,79.16639280082194,0.030722624048332536,-0.020481749365555024,-4.096349873111005,0.0,-115.69535358540861,0.010240874682777512,-100.0,-0.020481749365555024,-0.020481749365555024,-0.020481749365555024,0.010240874682777512,69.84276533654264,-4.096349873111005,0.020481749365555024,262.18325565706994,-0.005120437341388756,-0.022529924302110538,-262.18325565706994,3.072262404833253,2.0686566859210576,-617.5574619374394,69.84276533654264,-0.015361312024166268,279.8696153038516,-134.39979599873973,0.020481749365555024,-0.005120437341388756,1.0240874682777985,20.481749365555025,-0.010240874682777512,-0.020481749365555024,0.005120437341388756,1000.0,0.0,-847.8029623945133,0.0,-255.0,0.0,-65.77708667660615,-140.0,0.0,-80.0,-255.0,979.7127502704984,-300.0,40.0,127.5,127.5,0.0,70.0,-275.2612216966019,-96.46864451779824,300.0,-979.7127502704984,-96.46864451779824,65.77708667660615,-21.623581187247886,0.0,1496.5981,hplb
419,0.0,0.0,0.0,0.0,0.0,0.0,0.0,0.0,-0.02153571246236563,0.0,0.0,0.0,0.0,0.0,0.0,0.0,-189.598692807249,1000.0,0.0,-510.401307192751,0.0,0.0,0.0,971.5297881247526,0.0,0.0,0.0,0.0,0.0,-1000.0,0.0,0.0,110.8329812518968,0.0,0.0,0.0,0.0,912.4806908424775,0.0,-1000.0,585.0532457557413,0.0,0.0,-561.6913715179793,0.0,0.0,0.0,294.4403887952574,1000.0,0.0,0.0,0.0,0.0,0.023689283708608195,0.0,0.0,0.0,298.7475312877305,0.0,0.0,-21.82465532633796,0.0,726.4381336202707,451.29006432522834,0.0,0.0,0.0,0.0,783.9308791655948,-783.9308791655948,0.0,0.21535712462365633,0.0,0.0,0.0,0.0,0.0,0.0,0.0,435.89215982642526,0.0,0.0,0.0,0.0,12.92142747741938,0.0,104.36921490505347,-255.2006535963755,417.51233015738217,-372.71298375375767,-0.005383928115591408,0.0,0.0,-163.85119965487638,6.46071373870969,0.0,414.9467542442587,-0.6934499412884393,0.0,0.0,0.0,1.0767856231182815,-1000.0,0.0,0.0,-28.69107950268491,0.0,0.0,0.0,0.0,0.0,0.0,0.0,0.0,0.0,0.0,0.0,0.0,0.0,0.0,0.0,0.0,0.0,0.0,-435.9927933222135,0.0,0.0,414.9467542442587,0.0,6.676070863333346,0.0,0.0,-597.1348557921199,597.1348557921199,0.0,0.0,-1000.0,0.0,0.0,746.6765860312955,0.0,0.0,0.0,0.0,0.0,106.02746476465563,0.02153571246236563,0.0,0.0,0.0,-1000.0,1000.0,0.0,0.0,0.0,0.0,129.43228412889118,0.0,0.0,0.0,0.0,0.0,357.3386524535427,357.3386524535427,0.0,0.0,0.0,-640.625,0.0,0.0,0.0,357.36018816600506,0.0,0.0,0.0,-55.611538942149025,0.0,0.0,0.0,0.0,0.0,0.0,0.0,0.0,0.0,0.0,-1000.0,0.0,0.0,0.0,0.0,-1000.0,0.0,0.0,0.0,0.0,0.0,0.0,0.0,255.2006535963755,-255.2006535963755,244.98506737917657,0.0,0.0,0.0,0.0,0.0,0.0,0.0,-681.9991065502688,0.0,0.0,0.0,0.0,0.0,0.0,0.0,0.0,0.0,0.0,0.0,0.0,0.0,42.38066020865324,351.04000753938504,189.598692807249,0.0,0.0,0.0,8.338346589527902,-84.31100228729832,0.0,0.0,0.0,0.0,-21.82465532633796,751.2900643252283,0.0,0.0,0.0,0.0,0.0,0.0,0.0,0.0,0.0,0.0,408.48604050554906,0.0,-1000.0,-837.6883234389934,1000.0,0.0,-189.598692807249,0.0,0.0,253.32341396870447,26.273569204086073,0.0,0.0,0.0,-138.79618632976053,0.0,0.0,0.0,359.37500000000034,0.0,-1000.0,640.6249999999997,-1000.0,672.7129837537577,0.0,0.0,0.0,0.0,-100.58942732187813,0.0,0.0,0.0,277.31618740026437,0.0,-277.31618740026437,0.0,44.20947202591992,0.0,8.338346589527902,-386.16492130619923,-640.625,0.0,0.0,-21.82465532633796,-0.032303568693548446,0.0,0.0,0.0,0.0,0.02153571246236563,0.0,0.0,0.0,424.379180663863,-189.598692807249,0.0,-458.5786525538276,231.08484723311096,0.0,1000.0,0.0,0.0,0.0,-28.69107950268491,0.0,0.0,0.0,-1.8542248430096866,0.0,1.8542248430096866,-860.9346172644599,-1000.0,0.0,0.0,0.0,0.0,0.0,0.0,0.0,0.0,0.0,0.0,0.0,0.0,0.0,0.0,0.0,0.0,0.0,905.2669795997741,0.0,-7.2998540925531845,0.0,0.0,0.0,0.0,0.0,0.0,-106.02746476465563,0.0,0.0,0.0,0.0,0.0,0.0,0.0,0.0,0.0,-783.9308791655948,-29.142065524569077,421.1505159324907,0.0,-30.85206167358501,0.0,-1.0767856231182815,0.8261778611399109,-0.5383928115591408,-422.22730155560896,369.66619046770614,0.0,-5.020041037946157,0.0,-515.6250000000005,414.9467542442587,0.0,0.0,0.0,0.0,0.0,0.0,0.0,-42.38066020865324,42.38066020865324,42.38066020865324,279.38393701021175,0.0,0.0,0.0,0.0,0.0,0.0,0.0,0.0,-88.23429481127326,0.0,921.874999999973,0.0,0.0,0.0,0.0,0.0,-63.90674670487368,0.043071424924738,0.0,0.0,0.0,0.0,0.0,0.0,0.0,0.0,0.0,0.0,0.0,0.0,0.0,0.0,0.0,0.0,0.0,0.0,0.0,0.023689283708608195,0.023689283708608195,0.0,318.0735177161801,0.0,12.92142747741938,0.0,0.0,0.0,1000.0,0.0,203.4339022214846,104.36921490505347,0.0,0.0,612.5638800624407,-1000.0,0.0,0.0,0.0,0.0,0.0,0.0,0.0,0.0,0.0,0.0,0.0,0.0,0.0,145.3309311074045,-424.379180663863,0.0,0.0,106.02746476465563,0.0,-1000.0,836.1488003451236,675.4747352532454,0.0,612.5638800624407,0.0,-394.87709339322726,943.5342267507943,0.0,0.0,42.38066020865324,0.0,0.0,0.0,0.0,0.0,0.0,0.0,0.0,0.0,0.0,0.0,0.0,0.0,12.92142747741938,253.32341396870447,253.32341396870447,0.0,0.0,0.0,0.0,0.0,0.0,0.0,0.0,0.0,0.0,0.21535712462365633,0.0,0.0,104.36921490505347,-104.36921490505347,0.0,0.0,0.0,0.0,414.9467542442587,0.0,0.0,0.0,0.0,0.0,0.0,0.0,0.0,0.0,0.0,1000.0,0.0,0.0,6.46071373870969,6.46071373870969,1000.0,-1000.0,0.0,0.0,0.0,0.0,0.0,0.0,0.0,860.9346172644599,0.0,1000.0,0.02153571246236563,0.0,0.0,0.0,28.44098483690558,0.0,0.0,163.85119965487638,0.0,0.0,0.0,0.0,0.0,0.0,0.0,0.0,0.0,0.0,0.0,0.0,0.0,0.0,0.02153571246236563,0.0,0.0,0.0,0.0,0.0,0.0,0.0,0.0,0.0,0.0,820.2128300568231,0.0,-926.2402948214788,-912.5668336923274,-1.6151784346774225,-1.0767856231182806,0.0,0.0,0.0,0.0,0.0,0.0,0.0,0.0,0.0,0.0,0.0,0.0,253.32341396870447,0.0,0.0,0.0,-519.5682554148283,0.0,0.0,0.0,-0.02153571246236563,0.0,0.0,0.02153571246236563,0.0,0.02153571246236563,0.0,0.0,0.0,12.92142747741938,26.273569204086073,26.273569204086073,0.0,0.0,0.0,0.0,0.0,0.0,0.0,0.0,0.0,0.0,0.0,0.0,0.0,0.0,0.0,0.0,0.0,0.0,0.0,0.0,0.0,0.0,0.0,0.0,0.0,0.0,0.0,160.67406509187828,0.0,0.0,0.0,0.032303568693548446,0.0,0.0,0.0,-414.9467542442587,0.0,0.0,0.0,0.0,0.0,-318.0735177161801,1.0767856231182815,0.0,0.0,0.0,640.625,0.0,-820.2128300568231,0.0,0.0,921.874999999973,0.0,0.0,0.0,0.0,0.0,253.32341396870447,0.0,0.0,0.0,275.69285750752687,0.0,320.69285750752687,-28.69107950268491,0.0,-926.2402948214788,926.2402948214788,0.0,0.0,0.0,0.0,1.0767856231182806,811.9300850387162,0.0,0.0,0.0,-296.97272462138017,0.0,0.0,481.1340384718087,-481.1340384718087,0.0,0.0,0.0,0.0,0.0,996.7696431306452,0.0,26.273569204086073,0.0,0.0,0.0,0.0,0.0,0.0,0.0,0.0,0.0,0.0,0.0,0.0,322.91905302021235,-28.44098483690558,0.0,0.0,6.46071373870969,104.36921490505347,0.0,0.0,0.0,-55.76815131190198,0.0,0.0,0.023689283708608195,0.0,0.0,0.0,13.136784602043036,0.0,0.0,0.0,0.0,351.04000753938504,0.0,0.0,0.0,0.0,0.0,0.0,0.0,0.0,-495.51449308470626,0.0,0.002153571246236563,0.002153571246236563,0.0,0.0,0.0,0.0,0.0,0.0,0.0,0.0,0.0,0.0,0.0,0.0,0.0,0.0,0.0,318.0735177161801,0.0,0.0,0.0,0.0,0.0,0.0,0.0,0.0,0.0,0.0,0.0,208.73842981010694,-889.598692807249,1000.0,1000.0,0.0,0.0,0.0,12.92142747741938,0.0,0.0,0.0,0.0,0.0,987.0785725225807,-1000.0,0.0,208.73842981010694,0.0,0.0,0.0,0.0,0.0,0.0,0.0,0.0,0.0,0.0,-1000.0,-1000.0,14.751963036720458,376.2368408740839,-791.1835951183426,0.0,912.4806908424775,0.0,0.0,0.0,0.0,0.0,0.0,0.0,0.0,0.0,0.0,0.0,0.0,0.0,0.0,0.0,0.0,0.0,-2.691964057795703,253.32341396870447,-1.6151784346774225,-1.6151784346773752,0.0,0.0,0.0,0.0,0.0,0.0,-0.2691964057795704,88.23429481127326,0.0,0.0,0.0,0.0,0.0,0.0,0.0,1000.0,6.46071373870969,6.46071373870969,0.0,0.0,0.0,0.0,435.89215982642526,0.023689283708608195,318.0735177161801,0.0,0.0,-912.4806908424775,0.0,0.0,0.0,0.0,0.0,0.0,0.0,0.0,0.0,0.0,0.0,0.0,0.0,0.0,0.0,0.0,0.0,0.0,0.0,22.612498085483914,106.02746476465563,0.0,0.0,0.0,0.0,0.0,318.0735177161801,0.0,818.4425944924162,0.0,0.0,0.0,-2.691964057795703,0.0,0.0,0.0,0.0,0.0,0.0,0.0,0.0,0.0,0.0,0.0,0.0,0.0,0.0,0.0,0.0,0.0,0.0,-0.02153571246236563,0.0,0.0,1.0767856231182815,-612.5638800624407,0.0,0.0,0.0,0.0,253.32341396870447,0.0,0.0,0.0,1.8542248430096866,0.5383928115591408,0.0,0.0,0.0,0.02153571246236563,0.0,21.53571246236563,-6.676070863333345,4.307142492473127,0.15382651758832594,60.084637770000114,-0.016151784346774223,1.0767856231182815,0.4307142492473126,-0.10767856231211681,-60.084637770000114,6.46071373870969,-0.02153571246236563,9.563693167561636,0.0,0.005383928115591408,0.15382651758832594,-28.691079502684907,-107.79770032906254,-0.4307142492473126,-300.0,-0.02153571246236563,0.005383928115591408,-60.084637770000114,2.153571246236563,0.02153571246236563,0.02153571246236563,-318.0282927200091,-104.34552562134486,-117.35756895140065,-0.016151784346774223,6.46071373870969,0.02153571246236563,414.9467542442587,397.71818427436625,-0.010767856231182815,45.3074438278793,82.13589532859939,-0.016151784346774223,-0.02153571246236563,-6.676070863333345,0.02153571246236563,2.153571246236563,-0.4307142492473126,160.67406509187828,160.67406509187828,-2.153571246236563,300.0,-160.67406509187828,4.307142492473126,0.032303568693548446,-800.2060105513856,2.153571246236563,-145.3309311074045,0.0,-4.307142492473126,0.010767856231182815,0.21535712462365633,114.6446631384569,280.0,-0.02153571246236563,-322.91905302021235,318.0282927200091,6.676070863333346,0.02153571246236563,107.79770032906254,-434.3288954603884,0.0,-0.02153571246236563,-0.005383928115591408,0.0,-0.02153571246236563,-63.90674670487368,0.02153571246236563,-0.005383928115591408,-0.005383928115591408,-0.005383928115591408,8.614284984946252,-397.71818427436625,0.21535712462365633,234.78328090570207,-0.005383928115591408,219.72563310935217,1.0767856231182815,33.030158975555125,0.02153571246236563,0.010767856231182815,0.010767856231182815,-2.015602048527388,6.676070863333345,0.02153571246236563,-6.676070863333345,0.21535712462365633,0.02153571246236563,-672.4393007760018,0.02153571246236563,0.08614284984980713,0.10767856231211681,0.010767856231182815,0.005383928115591408,6.46071373870969,-0.02153571246236563,117.35756895140065,0.2153571246236563,-469.56656181140414,0.538392811559141,-2.153571246236563,4.307142492473126,1.0767856231182815,-0.02153571246236563,28.691079502684907,0.032303568693548446,-0.02153571246236563,4.031204097054776,6.676070863333345,79.01167837099834,0.010767856231182815,-66.06031795111025,-0.02153571246236563,-0.02153571246236563,-0.02153571246236563,0.010767856231182815,60.084637770000114,-4.307142492473126,0.02153571246236563,229.2893262769138,-0.005383928115591408,104.34552562134486,-229.2893262769138,3.2303568693548446,-82.13589532859939,432.9595331879177,60.084637770000114,-0.016151784346774223,322.91905302021235,-280.0,0.02153571246236563,-0.005383928115591407,1.0767856231182806,21.53571246236563,-0.010767856231182815,-0.02153571246236563,0.005383928115591408,0.0,0.0,500.19524269515443,437.6560198702997,-157.82762840602243,0.0,436.9118052541841,-140.0,0.0,364.66326907969216,-255.0,-325.0,-300.0,-182.33163453984608,78.91381420301121,127.5,0.0,70.0,-318.0735177161801,-23.24352705909636,300.0,325.0,-23.24352705909636,-436.9118052541841,434.543564734168,0.0,1496.5981,hplb
420,0.0,0.0,0.0,0.0,0.0,0.0,0.0,0.0,-0.0176128538121892,0.0,0.0,0.0,0.0,0.0,0.0,0.0,-1000.0,300.0,0.0,1000.0,0.0,0.0,0.0,482.99668491584794,0.0,0.0,0.0,0.0,0.0,800.7721161580129,5.268676342391914,-5.268676342391914,346.8087367349568,0.0,0.0,0.0,0.0,570.3153479782302,0.0,-1000.0,707.2218422808527,0.0,-414.9544158962837,0.0,0.0,0.0,0.0,0.0,-215.72653205429663,-419.21858457895456,0.0,0.0,0.0,0.01937413919331185,0.0,0.0,0.0,3.5225707624378395,0.0,0.0,20.16523269231513,0.0,0.0,-304.20246199307155,0.0,0.0,0.0,0.0,0.0,0.0,0.0,0.176128538121892,0.0,0.0,0.0,0.0,0.0,0.0,0.0,0.0,0.0,0.0,0.0,0.0,10.567712287313519,0.0,84.65000142962315,1000.0,0.0,518.8981221963917,-0.0044032134530473,0.0,0.0,0.0,5.2838561436567595,0.0,360.7409156064836,-5.8358102351444,268.8322897602875,0.0,0.0,589.1289166637068,723.8386907324491,0.0,0.0,-7.125353106522645,223.10683861983097,0.0,0.0,0.0,0.0,0.0,0.0,0.0,0.0,0.0,0.0,0.0,0.0,0.0,0.0,0.0,0.0,0.0,-557.9890511262043,0.0,0.0,360.7409156064836,0.0,5.459984681778652,5.459984681778652,0.0,-1000.0,0.0,1000.0,-1000.0,0.0,0.0,0.0,-324.3676946853867,0.0,0.0,0.0,0.0,0.0,86.00619117316171,0.0176128538121892,0.0,0.0,0.0,-633.7111161008156,410.6042774809846,0.0,0.0,0.0,0.0,5.394653278079647,0.0,0.0,0.0,0.0,0.0,389.3103234619191,389.3103234619191,0.0,0.0,0.0,-484.37500000000006,0.0,0.0,0.0,394.5966126581232,0.0,0.0,0.0,-721.772076104577,0.0,0.0,0.0,0.0,0.0,0.0,0.0,0.0,0.0,0.0,-405.0981852281047,0.0,0.0,0.0,0.0,-1000.0,0.0,0.0,0.0,0.0,0.0,419.21858457895456,414.9544158962837,-411.94986583875715,411.94986583875715,225.95094288099642,0.0,0.0,0.0,0.0,0.0,0.0,76.93342542556377,-680.7241774889615,0.0,0.0,0.0,0.0,0.0,0.0,0.0,0.0,0.0,0.0,0.0,0.0,0.0,63.922970816707505,262.50220098770257,0.0,0.0,0.0,0.0,98.41675180439029,-225.95094288099642,0.0,0.0,0.0,0.0,20.16523269231513,0.0,5.268676342391914,0.0,204.47781419286537,0.0,0.0,0.0,0.0,0.0,0.0,0.0,355.45705946282686,0.0,-481.12829708432656,-484.1328471418531,787.2780180032298,0.0,0.0,0.0,0.0,324.3676946853867,-64.59242441681417,0.0,0.0,0.0,18.041819126317876,0.0,0.0,-1000.0,0.0,-742.403609864141,-1000.0,0.0,-742.403609864141,-411.94986583875715,0.0,103.77666621553942,419.21858457895456,0.0,60.05983149956517,0.0,0.0,0.0,-687.337648730186,0.0,687.337648730186,0.0,1000.0,0.0,98.41675180439029,189.86499913974416,-484.37500000000006,0.0,0.0,20.16523269231513,-0.026419280718283797,0.0,0.0,0.0,0.0,0.0176128538121892,0.0,0.0,0.0,639.2590843935163,-1000.0,0.0,-272.802756169198,111.50729875360678,0.0,823.068576845384,0.0,1.5164667132293934,0.0,-7.125353106522645,0.0,0.0,0.0,-1.5164667132293934,0.0,0.0,-1000.0,-1000.0,0.0,0.0,0.0,0.0,0.0,0.0,0.0,0.0,0.0,0.0,0.0,0.0,0.0,0.0,0.0,0.0,204.47781419286537,0.0,0.0,-1000.0,0.0,429.6142006065211,0.0,0.0,0.0,0.0,-80.7375148307698,0.0,268.8322897602875,0.0,0.0,588.2482739730974,0.0,0.0,0.0,-90.84605828986959,0.0,1000.0,565.0159685310883,321.3203203338121,-345.03602799192487,0.0,-335.45850545038803,0.0,90.40573694456486,-565.8966112216979,-458.7107610887287,0.0,0.0,0.0,-583.2503189231327,360.7409156064836,0.0,0.0,0.0,0.0,0.0,0.0,0.0,-63.922970816707505,63.922970816707505,63.922970816707505,-142.90706652348666,0.0,0.0,-859.3886173383705,0.0,0.0,76.93342542556377,0.0,0.0,-114.73722644151016,0.0,0.0,244.89418104195244,0.0,0.0,0.0,0.0,-98.23871461878107,0.03522570762435887,0.0,0.0,0.0,0.0,0.0,0.0,0.0,0.0,0.0,0.0,0.0,0.0,0.0,0.0,0.0,0.0,0.0,0.0,0.0,0.01937413919331185,0.01937413919331185,5.268676342391914,340.40040005426965,0.0,10.567712287313519,0.0,0.0,0.0,1000.0,0.0,0.0,84.65000142962315,0.0,0.0,114.8682275659412,-1000.0,0.0,0.0,261.14087247217924,0.0,0.0,244.89418104195244,0.0,0.0,0.0,0.0,0.0,0.0,0.0,185.99635037540145,-639.2590843935163,0.0,40.45372577322989,86.00619117316171,0.0,0.0,0.0,0.0,0.0,114.8682275659412,0.0,0.0,16.629512947160123,0.0,0.0,63.922970816707505,0.0,0.0,0.0,0.0,0.0,0.0,0.0,0.0,0.0,0.0,0.0,0.0,0.0,10.567712287313519,324.3676946853867,324.3676946853867,0.0,0.0,0.0,0.0,0.0,0.0,0.0,0.0,0.0,0.0,0.176128538121892,0.0,5.268676342391914,84.65000142962315,-84.65000142962315,5.268676342391914,414.9544158962837,0.0,0.0,360.7409156064836,-261.14087247217924,0.0,0.0,0.0,40.45372577322989,0.0,0.0,0.0,0.0,0.0,425.469447930269,0.0,0.0,5.2838561436567595,5.2838561436567595,1000.0,-1000.0,0.0,244.89418104195244,0.0,0.0,0.0,0.0,0.0,-324.4635006997253,76.93342542556377,0.0,0.0176128538121892,0.0,0.0,0.0,1.4203508538544003,393.4668186432181,0.0,0.0,0.0,0.0,0.0,0.0,0.0,0.0,0.0,0.0,0.0,0.0,0.0,0.0,0.0,0.0,0.0176128538121892,0.0,0.0,0.0,0.0,0.0,0.0,0.0,0.0,429.6142006065211,0.0,188.0947749295177,0.0,0.0,-1000.0,-1.3209640359142045,0.0,-0.8806426906094599,0.0,0.0,0.0,0.0,0.0,0.0,0.0,0.0,0.0,0.0,0.0,324.3676946853867,0.0,0.0,0.0,-582.3696762325233,0.0,0.0,0.0,-0.0176128538121892,0.0,0.0,0.0176128538121892,0.0,0.0176128538121892,0.0,0.0,0.0,10.567712287313519,21.487681650870822,21.487681650870822,0.0,0.0,0.0,0.0,0.0,0.0,0.0,0.0,0.0,76.93342542556377,0.0,0.0,0.0,0.0,0.0,0.0,0.0,0.0,0.0,0.0,0.0,0.0,0.0,0.0,0.0,0.0,0.0,0.0,0.0,0.0,0.0,0.026419280718283797,0.0,0.0,0.0,-360.7409156064836,0.0,0.0,0.0,0.0,0.0,-340.40040005426965,0.8806426906094599,0.0,0.0,0.0,484.37500000000006,0.0,0.0,-0.8806426906094599,0.0,0.0,0.0,0.0,0.0,0.0,0.0,324.3676946853867,0.0,261.14087247217924,0.0,276.47742923756215,0.0,321.47742923756215,386.34146553669547,0.0,-80.7375148307698,268.8322897602875,-188.0947749295177,0.0,-86.080106067685,0.0,0.8806426906094599,1000.0,0.0,0.0,-5.268676342391914,-284.03722930075645,0.0,0.0,0.0,0.0,0.0,0.0,0.0,0.0,0.0,402.4562571562765,0.0,21.487681650870822,0.0,-171.875,-171.875,177.14367634239193,0.0,0.0,0.0,0.0,0.0,0.0,0.0,0.0,344.3632921620121,-1.4203508538544003,-501.0887374611757,-414.9544158962837,5.2838561436567595,84.65000142962315,0.0,0.0,0.0,-148.15919160395072,0.0,0.0,0.01937413919331185,0.0,0.0,0.0,10.743840825435411,0.0,0.0,0.0,0.0,262.50220098770257,0.0,223.10683861983097,0.0,0.0,0.0,0.0,0.0,0.0,0.0,0.0,0.0017612853812189197,0.0017612853812189197,0.0,0.0,0.0,0.0,0.0,0.0,0.0,0.0,0.0,0.0,5.268676342391914,0.0,0.0,0.0,0.0,340.40040005426965,0.0,0.0,0.0,0.0,0.0,0.0,0.0,419.21858457895456,0.0,0.0,0.0,169.3000028592463,-696.9954499424734,0.0,300.0,0.0,0.0,0.0,10.567712287313519,0.0,0.0,0.0,0.0,0.0,0.0,-10.567712287313519,0.0,169.3000028592463,0.0,0.0,0.0,0.0,0.0,0.0,0.0,5.268676342391914,5.268676342391914,0.0,0.0,-600.6248099672762,12.064804861349604,0.0,-360.7409156064836,0.0,999.9295485847513,0.0,0.0,0.0,0.0,0.0,0.0,0.0,0.0,0.0,773.4374999999998,0.0,-773.4374999999999,-773.4374999999998,0.0,0.0,0.0,0.0,-2.2016067265236643,324.3676946853867,-589.5692380090115,-1.3209640359140735,0.0,0.0,0.0,0.0,0.0,0.0,-0.220160672652365,114.73722644151016,0.0,0.0,0.0,0.0,0.0,0.0,0.0,1000.0,5.2838561436567595,5.2838561436567595,0.0,0.0,0.0,0.0,0.0,0.01937413919331185,340.40040005426965,0.0,0.0,-999.9295485847513,0.0,0.0,0.0,0.0,0.0,0.0,0.0,0.0,0.0,0.0,0.0,0.0,0.0,0.0,0.0,0.0,0.0,5.459984681778652,0.0,18.493496502798656,86.00619117316171,0.0,0.0,0.0,0.0,0.0,340.40040005426965,0.0,-5.8358102351444,0.0,0.0,0.0,-2.2016067265236643,0.0,0.0,0.0,0.0,0.0,0.0,0.0,0.0,0.0,0.0,0.0,0.0,0.0,0.0,0.0,0.0,0.0,0.0,-0.0176128538121892,0.0,0.0,0.8806426906094599,-114.8682275659412,0.0,0.0,0.0,0.0,324.3676946853867,0.0,0.0,0.0,1.5164667132293934,0.44032134530472994,0.0,0.0,0.0,0.0176128538121892,0.0,17.612853812189197,0.0,3.5225707624378395,0.12580609865849426,60.05983149956517,-0.013209640359141898,295.0047796771581,0.352257076243784,-0.08806426906091554,-60.05983149956517,5.2838561436567595,-0.0176128538121892,2.375117702174215,244.89418104195244,0.0044032134530473,0.12580609865849426,-7.125353106522645,-87.45396775652365,4.916419266148143,-300.0,-0.0176128538121892,0.0044032134530473,-60.05983149956517,1.7612853812189198,0.0176128538121892,0.0176128538121892,-340.36341306126417,-84.63062729042974,-37.32992649747447,-0.013209640359141898,5.2838561436567595,0.0176128538121892,360.7409156064836,346.65063255673226,-0.0088064269060946,46.185979432440114,224.17204464596531,-0.013209640359141898,-0.017612853812189185,0.0,0.0176128538121892,1.7612853812189198,-0.352257076243784,0.0,0.0,-1.7612853812189198,300.0,0.0,3.5225707624378395,0.026419280718283797,-574.0753761580081,1.7612853812189198,-185.99635037540145,244.89418104195244,-3.5225707624378395,0.0088064269060946,0.176128538121892,68.2006890422995,280.0,-0.0176128538121892,-344.3632921620121,340.36341306126417,5.459984681778652,0.0176128538121892,87.45396775652365,-131.69830299550117,244.89418104195244,-0.0176128538121892,-0.0044032134530473,-244.89418104195244,-0.0176128538121892,-321.34555323861207,0.0176128538121892,-0.0044032134530473,-0.0044032134530473,-0.0044032134530473,7.045141524875679,-346.65063255673226,0.176128538121892,13.048923068104196,-0.0044032134530473,134.0262603824248,0.8806426906094599,50.0,0.0176128538121892,0.0088064269060946,0.0088064269060946,75.0,0.0,0.0176128538121892,0.0,0.176128538121892,0.0176128538121892,-13.048923068104196,0.0176128538121892,0.07045141524871774,0.08806426906091554,0.0088064269060946,0.0044032134530473,5.2838561436567595,-0.0176128538121892,37.32992649747447,-2.4582096330740715,-26.097846136208393,294.5644583318534,-1.7612853812189198,3.5225707624378395,0.8806426906094599,-0.0176128538121892,7.125353106522645,0.026419280718283797,-0.0176128538121892,-150.0,0.0,280.89246648382107,0.0088064269060946,-100.0,-0.0176128538121892,-0.0176128538121892,-0.0176128538121892,0.008806426906094593,60.05983149956517,-3.5225707624378395,0.0176128538121892,136.401378084599,-0.0044032134530473,84.63062729042974,-136.401378084599,2.6419280718283793,-224.17204464596531,-177.98578641751942,60.05983149956517,-0.013209640359141898,344.3632921620121,-280.0,0.0176128538121892,-0.004403213453047299,0.8806426906094599,17.612853812189197,-0.0088064269060946,-0.0176128538121892,0.0044032134530473,648.8909779240271,0.0,467.11831337346746,0.0,-255.0,0.0,730.4526574874219,39.14348473248937,0.0,63.52288034421866,-246.95696977564666,-325.0,-106.94825635763453,-31.76144017210933,127.5,123.47848488782333,0.0,-19.571742366244685,-340.40040005426965,-132.73327487987032,106.94825635763453,325.0,-132.73327487987032,-730.4526574874219,430.19483755085207,0.0,1496.5981,hplb
421,0.0,0.0,0.0,0.0,0.0,0.0,0.0,0.0,-0.02957576665175379,0.0,0.0,0.0,0.0,0.0,0.0,0.0,-414.15119444849597,505.2459889134376,0.0,44.424683039463844,0.0,0.0,0.0,386.21355102900964,0.0,0.0,0.0,0.0,0.0,0.0,59.590300711954015,-59.590300711954015,761.7487286626919,0.0,0.0,0.0,0.0,-73.66319518826069,0.0,-592.4039606584462,1000.0,0.0,0.0,0.0,0.0,0.0,226.34510554647932,0.0,58.43518810935266,0.0,0.0,0.0,0.0,0.032533343316686114,0.0,0.0,0.0,5.9151533303507575,0.0,0.0,65.87885340551958,0.0,0.0,-199.16192507238605,0.0,0.0,0.0,0.0,0.0,92.75920604213465,0.0,0.2957576665175379,0.0,0.0,0.0,0.0,0.0,0.0,0.0,0.0,0.0,0.0,0.0,0.0,17.74545999105227,0.0,0.0,0.0,0.0,58.43518810935266,-0.007393941662938447,0.0,0.0,551.9368204239504,8.872729995526136,0.0,8.872729995526136,0.0,0.0,0.0,0.0,1.4787883325876894,0.0,0.0,0.0,-6.904698811506679,296.2972397067581,0.0,0.0,0.0,0.0,0.0,0.0,0.0,0.0,0.0,0.0,0.0,0.0,0.0,0.0,0.0,0.0,0.0,-422.0184571734046,0.0,0.0,8.872729995526136,0.0,9.168487662043674,0.0,0.0,-227.2647160078558,0.0,227.2647160078558,-227.2647160078558,0.0,0.0,0.0,-265.04077847790563,0.0,0.0,0.0,0.0,0.0,2.277334032185081,0.02957576665175379,0.0,0.0,0.0,0.0,-614.1465914800749,0.0,0.0,0.0,0.0,96.5650177154613,0.0,0.0,0.0,0.0,0.0,342.5905389096821,342.5905389096821,0.0,0.0,0.0,-453.12500000000006,0.0,0.0,0.0,402.21041538828786,0.0,0.0,0.0,0.0,0.0,0.0,0.0,0.0,0.0,0.0,0.0,0.0,0.0,0.0,0.0,0.0,0.0,0.0,0.0,-1000.0,0.0,0.0,0.0,0.0,0.0,0.0,0.0,-58.43518810935266,58.43518810935266,265.04077847790563,0.0,0.0,0.0,0.0,0.0,0.0,0.0,-366.7627723885031,0.0,0.0,0.0,0.0,0.0,0.0,0.0,0.0,0.0,0.0,0.0,0.0,0.0,0.0,372.39670676358094,355.7160063391433,0.0,0.0,0.0,0.0,-265.04077847790563,0.0,0.0,0.0,0.0,65.87885340551958,355.7160063391433,59.590300711954015,0.0,0.0,0.0,0.0,0.0,0.0,0.0,482.77852045465823,0.0,0.0,0.0,-355.760369989121,-297.3251818797683,0.0,0.0,-355.7160063391433,0.0,0.0,265.04077847790563,-448.82057993944255,0.0,0.0,0.0,-101.25938729368016,0.0,0.0,-754.4986649453256,0.0,0.0,-754.4986649453256,0.0,0.0,-58.43518810935266,0.0,432.80029573419614,0.0,0.0,82.51638895839307,0.0,0.0,0.0,-708.7218288531012,0.0,708.7218288531012,0.0,628.4963694014637,0.0,0.0,0.0,-453.12500000000006,0.0,0.0,65.87885340551958,-0.04436364997763068,0.0,0.0,0.0,0.0,0.02957576665175379,0.0,0.0,0.0,508.34874954981564,-414.15119444849597,0.0,-128.80136742816808,-48.43306149583361,0.0,908.7020795382788,0.0,-345.0434882707941,0.0,-6.904698811506679,0.0,0.0,0.0,7.420786447224941,-159.9288211176322,497.55152294120137,-426.90974219566294,-1000.0,0.0,0.0,0.0,0.0,0.0,0.0,0.0,0.0,0.0,0.0,0.0,0.0,0.0,0.0,0.0,0.0,0.0,889.65256030275,0.0,963.1974524244037,0.0,0.0,422.2358800565183,561.2515304266626,0.0,0.0,-425.4655537748893,0.0,0.0,0.0,0.0,0.0,318.23371691016484,-867.5257034582716,0.0,0.0,-158.30489579253265,-244.75509955190955,0.0,-547.3425526937285,0.0,867.5257034582716,-282.104553545919,1000.0,-0.7393941662938447,-1.4787883325876894,0.0,0.0,-887.5227788831506,0.0,808.4507110537203,8.872729995526136,0.0,0.0,0.0,139.1073448782755,0.0,0.0,0.0,0.0,0.0,0.0,-759.4225308417972,0.0,0.0,0.0,0.0,0.0,0.0,0.0,0.0,-133.28307166686645,0.0,0.0,100.17065045724732,0.0,0.0,0.0,0.0,45.67462499473796,0.05915153330352041,0.0,0.0,0.0,0.0,0.0,0.0,0.0,0.0,0.0,92.75920604213465,0.0,0.0,0.0,0.0,0.0,0.0,0.0,0.0,0.0,0.032533343316686114,0.032533343316686114,59.590300711954015,26.95030854694855,0.0,17.74545999105227,0.0,293.1750546842916,0.0,346.5806014287045,0.0,0.0,0.0,0.0,0.0,-539.368775302223,-346.5806014287045,0.0,0.0,0.0,0.0,0.0,100.17065045724732,0.0,0.0,0.0,0.0,0.0,0.0,0.0,140.67281905780155,-508.34874954981564,317.8493517733168,0.0,2.277334032185081,0.0,551.9368204239504,0.0,0.0,0.0,-539.368775302223,0.0,-211.18786743435896,-282.50628287312605,984.3749999999992,-984.3749999999992,0.0,0.0,0.0,0.0,0.0,0.0,0.0,0.0,0.0,0.0,0.0,0.0,0.0,0.0,17.74545999105227,265.04077847790563,265.04077847790563,0.0,0.0,0.0,0.0,0.0,0.0,0.0,0.0,0.0,0.0,0.2957576665175379,0.0,59.590300711954015,0.0,0.0,59.590300711954015,0.0,0.0,0.0,8.872729995526136,0.0,0.0,0.0,0.0,0.0,0.0,0.0,0.0,0.0,0.0,0.0,-197.53701363925111,0.0,8.872729995526136,8.872729995526136,1000.0,-346.5806014287045,0.0,100.17065045724732,0.0,0.0,0.0,0.0,0.0,-573.090257804337,0.0,-471.46117342750995,0.02957576665175379,0.0,0.0,0.0,39.05902497316255,629.3070519172021,0.0,-551.9368204239504,0.0,0.0,0.0,0.0,0.0,0.0,0.0,0.0,0.0,0.0,0.0,0.0,0.0,0.0,0.02957576665175379,0.0,0.0,0.0,0.0,0.0,0.0,0.0,0.0,0.0,0.0,-3.229673718371032,0.0,0.0,73.54489212165367,-2.218182498881534,-1.4787883325876894,0.0,0.0,0.0,0.0,0.0,0.0,0.0,0.0,0.0,0.0,0.0,0.0,265.04077847790563,0.0,0.0,0.0,-77.59327949684263,0.0,0.0,0.0,-0.02957576665175379,0.0,0.0,0.02957576665175379,0.0,0.02957576665175379,0.0,0.0,0.0,17.74545999105227,36.08243531513962,36.08243531513962,0.0,0.0,0.0,0.0,0.0,0.0,0.0,317.84935177331687,0.0,0.0,0.0,0.0,0.0,9.9672599559407,0.0,0.0,0.0,0.0,0.0,0.0,0.0,0.0,0.0,0.0,0.0,0.0,0.0,0.0,0.0,-378.9536288037359,378.9536288037359,0.04436364997763068,0.0,0.0,0.0,-8.872729995526136,0.0,0.0,0.0,0.0,0.0,-26.95030854694855,1.4787883325876894,0.0,0.0,0.0,453.12500000000006,0.0,0.0,0.0,0.0,0.0,0.0,0.0,0.0,0.0,0.0,265.04077847790563,0.0,0.0,0.0,26.95030854694855,0.0,636.9341984429661,622.4023531056954,0.0,-425.4655537748893,0.0,425.4655537748893,0.0,-484.90301525458216,293.1750546842916,1.4787883325876894,1000.0,0.0,377.4745314078863,-59.590300711954015,-133.28307166686645,0.0,0.0,-453.1249999999987,453.1249999999987,0.0,0.0,0.0,0.0,0.0,-4.436364997762979,0.0,36.08243531513962,0.0,59.590300711954015,59.590300711954015,0.0,0.0,0.0,0.0,0.0,0.0,482.77852045465823,0.0,0.0,33.60485604359306,-131.81823101529721,0.0,0.0,8.872729995526136,0.0,0.0,0.0,0.0,-109.07886768070759,0.0,0.0,0.032533343316686114,0.0,0.0,0.0,18.04121765756981,0.0,0.0,0.0,0.0,372.39670676358094,0.0,296.2972397067581,0.0,0.0,0.0,0.0,0.0,0.0,0.0,0.0,0.0029575766651754876,0.0029575766651754876,0.0,0.0,0.0,0.0,0.0,0.0,0.0,0.0,0.0,0.0,59.590300711954015,0.0,0.0,0.0,0.0,26.95030854694855,0.0,0.0,0.0,0.0,0.0,0.0,0.0,0.0,0.0,0.0,0.0,0.0,-292.64222201397934,0.0,505.2459889134376,0.0,0.0,0.0,17.74545999105227,0.0,0.0,0.0,0.0,0.0,0.0,-17.74545999105227,0.0,0.0,0.0,0.0,0.0,0.0,0.0,0.0,0.0,59.590300711954015,59.590300711954015,0.0,208.93581668832994,-1000.0,30.226660112391983,0.0,-8.872729995526136,0.0,-73.66319518826069,0.0,0.0,0.0,0.0,0.0,0.0,0.0,0.0,0.0,0.0,0.0,0.0,0.0,0.0,0.0,0.0,293.1750546842916,-3.6969708314692236,265.04077847790563,-2.218182498881534,7.749077457059229,0.0,0.0,0.0,0.0,0.0,-0.36969708314692235,0.0,133.28307166686645,0.0,0.0,0.0,0.0,0.0,0.0,0.0,737.47464326082,8.872729995526136,8.872729995526136,0.0,0.0,0.0,0.0,0.0,0.032533343316686114,26.95030854694855,0.0,0.0,73.66319518826069,0.0,0.0,0.0,0.0,0.0,0.0,0.0,0.0,0.0,0.0,0.0,0.0,0.0,0.0,189.47681440186795,0.0,0.0,0.0,0.0,31.054554984341475,2.277334032185081,0.0,0.0,0.0,0.0,0.0,26.95030854694855,0.0,420.7570917239306,0.0,0.0,0.0,-3.6969708314692236,0.0,0.0,0.0,0.0,0.0,0.0,0.0,0.0,0.0,0.0,0.0,0.0,0.0,0.0,0.0,0.0,0.0,0.0,-0.02957576665175379,0.0,0.0,1.4787883325876894,539.368775302223,0.0,0.0,0.0,0.0,265.04077847790563,0.0,0.0,0.0,-7.420786447224941,0.7393941662938447,0.0,0.0,0.0,0.02957576665175379,0.0,29.575766651753785,-9.168487662043674,5.9151533303507575,0.21125547608395562,82.51638895839307,-0.02218182498881534,282.104553545919,0.5915153330350758,-0.1478788332587726,-82.51638895839307,8.872729995526136,-0.02957576665175379,2.3015662705022266,100.17065045724732,0.007393941662938447,0.21125547608395562,-6.904698811506679,-4.708462050958701,58.99878537891894,-135.51947750440547,-0.02957576665175379,0.007393941662938447,-82.51638895839307,2.9575766651753788,0.02957576665175379,0.02957576665175379,-26.88819943698011,0.03253334331692928,-72.95765412773837,-0.02218182498881534,8.872729995526136,0.02957576665175379,8.872729995526136,-14.787883325876894,-0.014787883325876895,-9.797965964709581,262.0536260460785,-0.02218182498881534,-0.02957576665175379,-9.168487662043674,0.02957576665175379,2.9575766651753788,-0.5915153330350758,0.0,0.0,-2.9575766651753788,135.51947750440547,0.0,5.9151533303507575,0.04436364997763068,-1000.0,2.9575766651753788,-140.67281905780155,100.17065045724732,-5.9151533303507575,0.014787883325876895,0.2957576665175379,32.20034185704202,32.8654618772993,-0.02957576665175379,-33.60485604359306,26.88819943698011,9.168487662043674,0.02957576665175379,4.708462050958701,64.67973047514286,100.17065045724732,-0.02957576665175379,-0.007393941662938447,-100.17065045724735,-0.02957576665175379,-250.6226147120201,0.02957576665175379,-0.007393941662938447,-0.007393941662938447,-0.007393941662938447,11.830306660701515,14.787883325876894,0.2957576665175379,21.911946118115907,-0.007393941662938447,62.09911744358181,1.4787883325876894,-21.35852416478129,0.02957576665175379,0.014787883325876895,0.014787883325876895,53.04290189379904,9.168487662043674,0.02957576665175379,-9.168487662043674,0.2957576665175379,0.02957576665175379,-21.911946118115907,0.02957576665175379,0.11830306660704082,0.1478788332587726,0.014787883325876895,0.007393941662938447,8.872729995526136,-0.02957576665175379,72.95765412773837,-29.49939268945947,-43.82389223623181,281.36515937962514,-2.9575766651753788,5.9151533303507575,1.4787883325876894,-0.02957576665175379,6.904698811506679,0.04436364997763068,-0.02957576665175379,-106.08580378759808,9.168487662043674,324.16562158564665,0.014787883325876895,42.71704832956258,-0.02957576665175379,-0.02957576665175379,-0.02957576665175379,0.014787883325876895,82.51638895839307,-5.9151533303507575,0.02957576665175379,64.40068371408404,-0.007393941662938447,-0.03253334331692928,-64.40068371408404,4.436364997763068,-262.0536260460785,476.2173432615403,82.51638895839307,-0.02218182498881534,33.60485604359306,-32.8654618772993,0.02957576665175379,-0.0073939416629384466,1.4787883325876894,29.575766651753785,-0.014787883325876895,-0.02957576665175379,0.007393941662938447,304.061452008121,0.0,999.9852121166741,0.0,-255.0,0.0,132.99446612105925,-140.0,0.0,-80.0,-8.00232047252447,-325.0,0.0,40.0,127.5,4.001160236262235,0.0,70.0,-26.95030854694855,-215.08675390493906,0.0,325.0,-215.08675390493906,-132.99446612105925,32.67857949037051,0.0,1496.5981,hplb
422,0.0,0.0,0.0,0.0,0.0,0.0,0.0,0.0,375.2416156497542,0.0,0.0,0.0,0.0,0.0,0.0,0.0,315.95902475014657,847.7938473339057,0.0,-863.7528720840522,0.0,0.0,0.0,0.0,0.0,0.0,0.0,0.0,0.0,-1000.0,33.400815311957714,-33.400815311957714,139.10749979860367,0.0,0.0,0.0,0.0,1000.0,0.0,-1000.0,1000.0,0.0,0.0,0.0,0.0,0.0,412.0247642249651,0.0,1000.0,0.0,0.0,0.0,0.0,0.044423086947745105,0.0,0.0,0.0,8.076924899510239,0.0,0.0,-212.27290403000083,0.0,-759.8568069290748,-1000.0,0.0,0.0,0.0,0.0,1000.0,-1000.0,0.0,0.403846244975512,0.0,0.0,0.0,0.0,0.0,0.0,0.0,0.0,0.0,0.0,-32.10834424061423,0.0,24.23077469853072,0.0,183.97233062258064,-54.13130994716522,-54.13130994716522,179.74167695155802,-0.010096156124387799,0.0,0.0,-644.7856952299597,12.11538734926536,0.0,12.11538734926536,-34.70120022077836,0.0,0.0,0.0,2.0192312248775597,-1000.0,0.0,0.0,0.0,0.0,0.0,0.0,0.0,0.0,0.0,0.0,0.0,0.0,0.0,0.0,0.0,0.0,0.0,0.0,0.0,0.0,0.0,-1000.0,0.0,0.0,12.11538734926536,0.0,12.519233594240871,0.0,0.0,0.0,0.0,0.0,0.0,-27.870289040924426,0.0,0.0,0.0,0.0,0.0,0.0,0.0,0.0,219.1902909495063,0.040384624497551196,0.0,0.0,0.0,0.0,0.0,0.0,0.0,0.0,0.0,-289.9691086634537,0.0,0.0,0.0,0.0,0.0,3.4396877441817253,3.4396877441817253,0.0,0.0,0.0,0.0,-886.0803490174669,0.0,0.0,36.88088768063699,0.0,0.0,0.0,0.0,0.0,0.0,0.0,0.0,0.0,0.0,0.0,0.0,0.0,0.0,-844.5750953010922,0.0,0.0,0.0,0.0,-521.0045608532662,0.0,0.0,0.0,0.0,0.0,0.0,0.0,54.13130994716522,-54.13130994716522,27.870289040924426,0.0,0.0,0.0,0.0,0.0,0.0,0.0,47.5032118208354,0.0,0.0,0.0,0.0,0.0,0.0,0.0,0.0,0.0,0.0,0.0,0.0,0.0,0.0,-83.84615020097952,-315.95902475014657,0.0,0.0,0.0,0.0,165.92115292574732,0.0,0.0,0.0,0.0,-212.27290403000083,-315.95902475014657,33.400815311957714,0.0,0.0,0.0,0.0,0.0,0.0,0.0,0.0,0.0,0.0,0.0,392.0387776392347,283.77615774490425,1000.0,0.0,315.95902475014657,0.0,0.0,27.870289040924426,-372.18009025320293,0.0,0.0,0.0,-70.8372418564669,0.0,0.0,-1000.0,0.0,-398.1656356421065,-601.8343643578926,-398.1656356421065,0.0,0.0,0.0,-907.6964048558164,0.0,0.0,-81.11833961850391,0.0,0.0,0.0,0.0,0.0,0.0,0.0,-103.0921092111349,0.0,0.0,0.0,0.0,0.0,0.0,-212.27290403000083,-0.06057693674632679,0.0,0.0,0.0,0.0,0.040384624497551196,0.0,0.0,0.0,315.09773153732914,315.95902475014657,0.0,0.0,635.7288406769718,0.0,961.2468903566752,0.0,-73.3136264865807,0.0,0.0,0.0,0.0,0.0,-3.477116169239596,-778.8470215263658,855.6377641821862,-825.6055860988503,-1000.0,0.0,0.0,0.0,0.0,0.0,0.0,0.0,0.0,0.0,0.0,0.0,0.0,0.0,0.0,0.0,0.0,0.0,-102.8908257404742,0.0,-1000.0,0.0,0.0,0.0,0.0,0.0,0.0,-185.78947563754866,0.0,32.10834424061423,0.0,0.0,0.0,-808.1339819581888,0.0,-2.0192312248775597,677.8738484232738,586.9810034845545,700.2853355674376,-829.7716965917493,0.0,-910.0156610681389,0.0,0.0,-320.59543558467317,-678.8834640357126,827.7524653668718,0.0,0.0,-111.45887289408952,0.0,29.46828888883239,12.11538734926536,0.0,0.0,0.0,0.0,0.0,375.28200027425174,0.0,0.0,0.0,0.0,246.92307510048977,0.0,0.0,0.0,0.0,0.0,0.0,0.0,0.0,-84.47143585576484,0.0,0.0,50.868496992590195,0.0,0.0,0.0,0.0,-95.96153755024488,0.08076924899419555,0.0,0.0,0.0,0.0,0.0,0.0,0.0,0.0,0.0,0.0,0.0,0.0,0.0,0.0,0.0,0.0,0.0,0.0,0.0,0.044423086947745105,0.044423086947745105,33.400815311957714,227.1211892040444,0.0,24.23077469853072,0.0,0.0,0.0,1000.0,0.0,0.0,183.97233062258064,0.0,0.0,752.9127206429666,-1000.0,0.0,0.0,0.0,0.0,0.0,50.868496992590195,0.0,0.0,0.0,0.0,0.0,0.0,0.0,333.3333333333333,-315.09773153732914,0.0,0.0,187.08194670889208,0.0,0.0,-644.7856952299597,-838.5771371966315,0.0,306.3524756096249,0.0,656.9511830927217,0.0,0.0,0.0,0.0,0.0,0.0,0.0,0.0,0.0,0.0,0.0,0.0,0.0,0.0,0.0,0.0,0.0,24.23077469853072,27.870289040924426,27.870289040924426,0.0,0.0,0.0,0.0,0.0,0.0,0.0,0.0,0.0,0.0,0.403846244975512,0.0,33.400815311957714,183.97233062258064,-183.97233062258064,33.400815311957714,0.0,0.0,0.0,12.11538734926536,0.0,0.0,0.0,0.0,0.0,0.0,0.0,0.0,0.0,0.0,-334.660043242495,416.31188386369445,0.0,12.11538734926536,12.11538734926536,264.37178521746046,-1000.0,0.0,50.868496992590195,0.0,0.0,0.0,0.0,0.0,825.6055860988503,0.0,1000.0,0.040384624497551196,0.0,0.0,0.0,53.33366588108744,0.0,0.0,644.7856952299597,0.0,0.0,0.0,0.0,0.0,0.0,34.350788079487835,0.0,0.0,0.0,0.0,0.0,0.0,0.0,0.040384624497551196,0.0,0.0,0.0,0.0,0.0,0.0,0.0,0.0,0.0,0.0,499.3049557522892,0.0,-652.9860871492236,-897.1091742595258,-3.02884683731634,0.0,-2.0192312248775615,0.0,0.0,0.0,0.0,0.0,0.0,0.0,0.0,0.0,0.0,0.0,27.870289040924426,0.0,0.0,0.0,-79.97135278037958,0.0,0.0,0.0,375.2416156497542,0.0,0.0,0.040384624497551196,0.0,0.040384624497551196,103.0523642384635,0.0,0.0,24.23077469853072,49.26924188701246,49.26924188701246,0.0,0.0,0.0,0.0,0.0,0.0,32.10834424061423,0.0,0.0,0.0,0.0,0.0,0.0,0.0,0.0,0.0,0.0,0.0,0.0,0.0,0.0,0.0,0.0,0.0,0.0,0.0,0.0,193.79144196667175,0.0,-918.3078799244887,918.3078799244887,0.06057693674632679,0.0,0.0,0.0,-12.11538734926536,0.0,0.0,0.0,0.0,0.0,-227.1211892040444,2.0192312248775597,0.0,0.0,0.0,0.0,886.0803490174669,-499.3049557522892,-2.0192312248775615,0.0,0.0,0.0,0.0,0.0,0.0,0.0,27.870289040924426,0.0,0.0,0.0,227.1211892040444,0.0,316.92307510048977,0.0,0.0,-685.0944313898378,685.0944313898378,0.0,0.0,-421.4493321402154,0.0,2.0192312248775615,1000.0,0.0,0.0,-33.400815311957714,-452.4160971009261,0.0,0.0,0.0,0.0,0.0,0.0,0.0,0.0,0.0,838.5174016264597,0.0,49.26924188701246,0.0,-140.625,-140.625,174.02581531195773,0.0,0.0,0.0,0.0,0.0,0.0,0.0,0.0,236.20772971599345,-53.33366588108744,-607.8535635142221,0.0,12.11538734926536,183.97233062258064,0.0,0.0,0.0,-413.2940594512031,0.0,0.0,0.044423086947745105,0.0,0.0,0.0,24.63462094350623,0.0,0.0,0.0,0.0,-83.84615020097952,0.0,0.0,0.0,0.0,0.0,0.0,0.0,0.0,0.0,0.0,0.00403846244975512,0.00403846244975512,0.0,0.0,0.0,0.0,0.0,103.0523642384635,0.0,0.0,0.0,0.0,33.400815311957714,0.0,0.0,0.0,0.0,227.1211892040444,0.0,0.0,0.0,0.0,0.0,0.0,0.0,0.0,0.0,0.0,0.0,367.9446612451613,573.6554848063097,-713.1867122458849,847.7938473339057,0.0,0.0,0.0,24.23077469853072,0.0,0.0,0.0,0.0,0.0,-24.23077469853072,0.0,0.0,367.9446612451613,0.0,0.0,0.0,0.0,0.0,0.0,0.0,33.400815311957714,33.400815311957714,0.0,-1000.0,-1000.0,27.663467780822575,-513.3744974372937,501.25911008802836,0.0,896.9476357615365,0.0,0.0,0.0,0.0,0.0,0.0,0.0,0.0,0.0,0.0,0.0,0.0,0.0,0.0,0.0,0.0,0.0,-5.048078062193902,27.870289040924426,-3.02884683731634,-3.0288468373163377,0.0,0.0,0.0,0.0,0.0,-203.05637756221495,202.55156975599556,84.47143585576484,0.0,0.0,0.0,0.0,0.0,0.0,0.0,1000.0,12.11538734926536,12.11538734926536,0.0,0.0,0.0,0.0,0.0,0.044423086947745105,227.1211892040444,0.0,0.0,-1000.0,0.0,0.0,0.0,0.0,0.0,0.0,0.0,0.0,0.0,0.0,0.0,0.0,0.0,0.0,510.6801220814761,0.0,0.0,0.0,0.0,42.40385572242876,219.1902909495063,0.0,0.0,0.0,0.0,0.0,227.1211892040444,0.0,464.60375553151084,0.0,0.0,0.0,-5.048078062193902,0.0,0.0,0.0,0.0,0.0,0.0,0.0,0.0,0.0,0.0,0.0,0.0,0.0,0.0,0.0,0.0,0.0,0.0,-0.040384624497551196,0.0,0.0,2.0192312248775597,-752.9127206429666,0.0,0.0,0.0,0.0,27.870289040924426,0.0,0.0,0.0,3.477116169239596,1.0096156124387803,0.0,0.0,0.0,0.040384624497551196,0.0,40.384624497551194,-12.519233594240871,8.076924899510239,0.2884616035539371,112.67310234816784,-0.030288468373163395,2.0192312248775597,0.8076924899510239,102.85044111597661,-112.67310234816784,12.115387349265358,-0.040384624497551196,0.0,50.868496992590195,0.010096156124387799,0.2884616035539371,0.0,-190.40156284259035,32.593122822006706,-300.0,-0.040384624497551196,0.010096156124387799,-112.67310234816784,4.038462449755119,0.040384624497551196,0.040384624497551196,-227.0363814925991,-183.92790753563332,-235.06903734884855,-0.030288468373163395,12.11538734926536,0.040384624497551196,12.115387349265362,-20.1923122487756,-0.020192312248775598,525.0381460123023,-170.0,-0.030288468373163395,-0.040384624497551196,-12.519233594240871,0.040384624497551196,4.038462449755119,-0.8076924899510239,193.79144196667175,193.79144196667175,-4.038462449755119,300.0,-193.79144196667175,8.076924899510239,0.06057693674632679,-1000.0,4.038462449755119,-333.3333333333333,50.868496992590195,-8.076924899510239,0.020192312248775598,0.403846244975512,0.0,235.19811410355464,-0.040384624497551196,-236.20772971599345,227.0363814925991,12.519233594240871,0.040384624497551196,190.40156284259035,2.406947595528777,50.868496992590195,-0.040384624497551196,-0.010096156124387799,-50.868496992590195,-0.040384624497551196,-95.96153755024488,0.040384624496675736,-0.010096156124387799,-0.010096156124387799,-0.010096156124387799,16.153849799020477,20.1923122487756,0.403846244975512,81.72063223748283,-0.010096156124387799,0.0,2.0192312248775597,50.0,0.040384624497551196,0.020192312248775598,0.020192312248775598,29.472710946050217,12.519233594240871,0.040384624497551196,-12.519233594240871,0.403846244975512,0.040384624497551196,-185.32197936320648,0.040384624497551196,0.161538497989298,-102.85044111597661,0.020192312248775598,0.010096156124387799,12.11538734926536,-0.040384624497551196,235.06903734884855,-16.296561411003353,-163.44126447496566,1.0096156124387803,-4.038462449755119,8.076924899510239,2.0192312248775597,-0.040384624497551196,0.0,0.06057693674632679,-0.040384624497551196,-58.94542189210043,12.519233594240871,395.39432166886377,0.020192312248775598,-100.0,-0.040384624497551196,-0.040384624496675736,-0.040384624497551286,0.020192312248775598,112.67310234816784,-8.076924899510239,0.040384624497551196,0.0,-0.010096156124387799,183.92790753563332,0.0,6.057693674632679,170.0,691.7690959873479,112.67310234816784,-0.030288468373163395,236.20772971599345,-235.19811410355464,0.040384624497551196,-0.010096156124387752,2.0192312248775615,40.384624497551194,-0.020192312248775598,-0.040384624497551196,0.010096156124387799,0.0,0.0,820.2381307361932,103.60134712572365,760.3035820222943,0.0,485.64449701676176,-140.0,0.0,-80.0,-255.0,-325.0,-179.74167695155802,40.0,-380.15179101114717,127.5,0.0,70.0,-227.1211892040444,17.899737782339344,179.74167695155802,325.0,17.899737782339344,-485.64449701676176,239.59954348573893,0.0,1496.5981,hplb
423,0.0,0.0,0.0,0.0,0.0,0.0,0.0,0.0,-0.037507761303088805,0.0,0.0,0.0,0.0,0.0,0.0,0.0,-16.009083487978614,0.0,0.0,316.0090834879786,0.0,0.0,0.0,568.4069851214501,0.0,0.0,0.0,0.0,0.0,485.3424641743215,0.0,0.0,139.1710784752017,0.0,0.0,0.0,0.0,670.4033515317522,0.0,-1000.0,1000.0,0.0,0.0,-25.71115096505099,0.0,0.0,85.368171001588,0.0,-443.6222297212919,0.0,0.0,0.0,0.0,0.04125853743343478,0.0,0.0,0.0,7.5015522606177605,0.0,0.0,270.1320893802697,0.0,0.0,-550.1737292968146,523.5647313641671,0.0,0.0,0.0,663.1162941360218,0.0,0.0,0.37507761303088805,0.0,0.0,0.0,0.0,0.0,0.0,0.0,0.0,0.0,0.0,0.0,0.0,22.50465678185328,0.0,0.0,449.8840785528014,993.7381511684905,-983.9346548700668,-0.009376940325772201,0.0,0.0,0.0,11.25232839092664,0.0,110.80871301591188,-1.2077499139589547,0.0,0.0,0.0,476.13599357935675,485.3424641743215,0.0,0.0,0.0,0.0,0.0,0.0,0.0,0.0,0.0,0.0,0.0,0.0,0.0,0.0,0.0,0.0,0.0,0.0,0.0,0.0,0.0,-510.34078410072084,0.0,0.0,110.80871301591188,0.0,11.627406003957528,11.627406003957528,0.0,0.0,0.0,0.0,0.0,-820.3058186770843,0.0,0.0,0.0,0.0,0.0,0.0,0.0,0.0,2.888097620337844,0.037507761303088805,0.0,0.0,0.0,0.0,-682.5015522606178,0.0,0.0,0.0,0.0,614.3314323202877,0.0,0.0,0.0,0.0,0.0,-114.48993257068574,-114.48993257068574,0.0,0.0,0.0,0.0,-196.8283456697607,0.0,0.0,-114.45242480938265,0.0,0.0,0.0,-1000.0,-457.1135260253989,0.0,0.0,0.0,0.0,0.0,0.0,0.0,0.0,0.0,-949.1997337730352,0.0,0.0,0.0,0.0,-1000.0,0.0,0.0,0.0,0.0,0.0,0.0,0.0,-6.2618488315094964,6.2618488315094964,820.3058186770843,0.0,0.0,0.0,0.0,0.0,0.0,0.0,-4.6884701628861,0.0,0.0,0.0,0.0,0.0,0.0,0.0,0.0,0.0,0.0,0.0,0.0,0.0,20.823511652696713,697.0610414068385,-25.71115096505099,0.0,0.0,0.0,0.0,-820.3058186770843,0.0,0.0,0.0,0.0,270.1320893802697,0.0,0.0,0.0,272.27264057634295,0.0,0.0,0.0,0.0,0.0,0.0,0.0,99.55638462498524,0.0,-1000.0,0.0,0.0,0.0,25.71115096505099,0.0,0.0,820.3058186770843,427.76722322563495,0.0,0.0,0.0,-277.215430102358,0.0,0.0,-1000.0,-999.9999999999998,0.0,0.0,0.0,999.9999999999998,987.476302336981,0.0,303.4853858249596,0.0,0.0,127.9014660435328,0.0,0.0,0.0,-147.72256028896436,0.0,147.72256028896436,0.0,-29.159269330400832,0.0,0.0,0.0,0.0,0.0,0.0,270.1320893802697,-0.0562616419546332,0.0,0.0,0.0,0.0,0.037507761303088805,0.0,0.0,0.0,889.1912869840882,-16.009083487978614,0.0,-901.3755544878254,788.1910106448224,457.1135260253989,968.3102652765297,0.0,1000.0,0.0,0.0,0.0,0.0,0.0,-3.2294182481959823,-996.770581751804,0.0,-1000.0,-1000.0,0.0,0.0,0.0,0.0,0.0,0.0,0.0,0.0,0.0,0.0,0.0,0.0,0.0,0.0,0.0,0.0,272.27264057634295,-329.4466174230357,0.0,-1000.0,0.0,0.0,0.0,0.0,0.0,0.0,-2.888097620337844,0.0,0.0,0.0,0.0,474.2606055142023,333.6542876157822,0.0,0.0,0.0,0.0,-498.3368524597911,-271.61319586104617,0.0,-50.504200594609074,0.0,-239.0056908222556,0.0,-0.9376940325772201,269.73780779589174,515.3073568461879,0.0,-1.8753880651544401,0.0,-1000.0,110.80871301591185,0.0,0.0,0.0,0.0,0.0,0.0,0.0,-20.823511652696713,20.823511652696713,20.823511652696713,247.49844773938224,0.0,0.0,0.0,0.0,0.0,0.0,0.0,0.0,-280.04163991654497,0.0,421.87499999999864,142.49844773938224,0.0,0.0,0.0,0.0,-96.24922386969112,0.07501552260616934,0.0,0.0,0.0,0.0,0.0,0.0,0.0,0.0,0.0,663.1162941360218,0.0,0.0,0.0,0.0,0.0,0.0,0.0,0.0,0.0,0.04125853743343478,0.04125853743343478,0.0,293.32195939207895,0.0,22.50465678185328,0.0,0.0,0.0,1000.0,0.0,807.935854071926,0.0,0.0,0.0,722.2514022259768,-1000.0,0.0,0.0,201.51681583264678,0.0,0.0,142.49844773938224,0.0,0.0,0.0,0.0,0.0,0.0,0.0,170.11359470024027,-889.1912869840882,682.5015522606178,0.0,2.888097620337844,0.0,0.0,0.0,0.0,0.0,722.2514022259768,0.0,0.0,626.0021783562856,265.62500000000006,-265.62500000000006,20.823511652696713,0.0,0.0,0.0,0.0,0.0,0.0,0.0,0.0,0.0,0.0,0.0,0.0,0.0,22.50465678185328,820.3058186770843,820.3058186770843,0.0,0.0,0.0,0.0,0.0,0.0,0.0,0.0,0.0,0.0,0.37507761303088805,0.0,0.0,0.0,0.0,0.0,0.0,0.0,0.0,110.80871301591188,-201.51681583264678,0.0,0.0,0.0,0.0,0.0,0.0,0.0,0.0,0.0,1000.0,0.0,0.0,11.25232839092664,11.25232839092664,1000.0,-1000.0,0.0,142.49844773938224,0.0,0.0,0.0,0.0,0.0,528.4385970553546,0.0,806.1228741740013,0.037507761303088805,0.0,0.0,0.0,3.0247330365133758,0.0,0.0,0.0,0.0,0.0,0.0,0.0,0.0,0.0,0.0,0.0,0.0,0.0,0.0,0.0,0.0,0.0,0.037507761303088805,0.0,0.0,0.0,0.0,0.0,0.0,0.0,0.0,0.0,0.0,-2.8880976203378452,0.0,0.0,-670.5533825769643,-2.8130820977316597,-1.8753880651544401,0.0,0.0,703.125,703.125,-703.125,0.0,0.0,0.0,0.0,0.0,0.0,0.0,820.3058186770843,457.1135260253989,0.0,0.0,-1000.0,0.0,0.0,0.0,-0.037507761303088805,0.0,0.0,0.037507761303088805,0.0,0.037507761303088805,0.0,0.0,0.0,22.50465678185328,45.75946878976834,45.75946878976834,0.0,0.0,0.0,0.0,0.0,0.0,0.0,682.5015522606178,0.0,0.0,0.0,0.0,0.0,0.0,0.0,0.0,0.0,0.0,0.0,0.0,0.0,0.0,0.0,0.0,0.0,0.0,0.0,0.0,0.0,0.0,0.0,0.0562616419546332,0.0,0.0,0.0,-110.80871301591188,0.0,0.0,0.0,0.0,0.0,-293.32195939207895,1.8753880651544401,0.0,0.0,0.0,0.0,196.8283456697607,-107.16350940119953,0.0,0.0,421.87499999999864,0.0,0.0,0.0,0.0,0.0,820.3058186770843,0.0,201.51681583264678,962.8042664164666,272.49844773938224,0.0,1000.0,0.0,0.0,-110.05160702153738,0.0,110.05160702153738,0.0,382.0077544358666,0.0,1.8753880651544401,1000.0,0.0,0.0,0.0,-280.04163991654497,0.0,0.0,0.0,0.0,0.0,0.0,0.0,0.0,0.0,1000.0,-56.42643042242821,45.75946878976834,0.0,0.0,0.0,0.0,0.0,0.0,0.0,0.0,0.0,0.0,0.0,0.0,245.33477526284582,-666.1410271725351,303.2781847454304,0.0,11.25232839092664,0.0,0.0,0.0,0.0,210.750240587622,0.0,0.0,0.04125853743343478,0.0,0.0,0.0,22.879734394884167,0.0,0.0,0.0,0.0,697.0610414068385,0.0,0.0,0.0,0.0,0.0,0.0,0.0,0.0,-1000.0,0.0,0.0037507761303088804,0.0037507761303088804,0.0,0.0,0.0,0.0,0.0,0.0,0.0,0.0,0.0,0.0,0.0,0.0,0.0,0.0,0.0,293.32195939207895,0.0,0.0,0.0,0.0,0.0,0.0,0.0,0.0,0.0,0.0,0.0,0.0,1000.0,-856.1459273843109,0.0,0.0,0.0,0.0,22.50465678185328,0.0,0.0,0.0,0.0,0.0,8.723363756898848,-31.22802053875213,0.0,0.0,0.0,0.0,0.0,0.0,0.0,0.0,0.0,0.0,0.0,0.0,-909.3630376618439,13.78106122967614,25.692816492615837,-110.80871301591188,0.0,0.0,670.4033515317522,0.0,0.0,0.0,0.0,0.0,0.0,0.0,0.0,0.0,0.0,0.0,0.0,0.0,0.0,0.0,0.0,0.0,-4.6884701628861,820.3058186770843,-477.07368761193396,53.61334832469652,0.0,0.0,0.0,0.0,0.0,-0.4688470162886101,0.0,280.04163991654497,0.0,0.0,0.0,0.0,0.0,0.0,0.0,896.7598365121573,11.25232839092664,11.25232839092664,0.0,0.0,0.0,0.0,0.0,0.04125853743343478,293.32195939207895,0.0,0.0,-670.4033515317522,0.0,0.0,0.0,0.0,0.0,0.0,0.0,0.0,0.0,0.0,0.0,0.0,0.0,0.0,0.0,0.0,0.0,11.627406003957528,0.0,39.383149368243245,2.888097620337844,0.0,0.0,0.0,0.0,0.0,293.32195939207895,0.0,104.08037142208612,0.0,0.0,0.0,-4.6884701628861,0.0,0.0,0.0,0.0,0.0,0.0,0.0,0.0,0.0,0.0,0.0,0.0,0.0,0.0,0.0,0.0,0.0,0.0,-0.037507761303088805,0.0,0.0,1.8753880651544401,-722.2514022259768,0.0,0.0,0.0,0.0,820.3058186770843,0.0,0.0,0.0,3.2294182481959823,0.9376940325772201,0.0,0.0,0.0,0.037507761303088805,0.0,37.5077613030888,0.0,7.5015522606177605,0.2679125807363486,127.9014660435328,-0.0281308209773166,239.0056908222556,0.7501552260617761,-0.18753880651524923,-127.9014660435328,11.25232839092664,-0.037507761303088805,0.0,142.49844773938224,0.009376940325772201,0.2679125807363486,0.0,-5.971235599451262,-0.7501552260617761,-300.0,-0.037507761303088805,0.009376940325772201,-127.9014660435328,3.7507761303088802,0.037507761303088805,0.037507761303088805,-293.2431930933425,0.041258537433397684,-235.42030234489283,-0.0281308209773166,11.25232839092664,0.037507761303088805,110.80871301591188,80.80250397344085,-0.0187538806515444,-378.9111299753949,816.5175347854723,-0.0281308209773166,-0.037507761303088805,0.0,0.037507761303088805,3.7507761303088802,-0.7501552260617761,0.0,0.0,-3.7507761303088802,300.0,0.0,7.5015522606177605,0.0562616419546332,-1000.0,3.7507761303088802,-170.11359470024027,142.49844773938224,-7.5015522606177605,0.0187538806515444,0.37507761303088805,225.34388862195635,280.0,-0.037507761303088805,-301.76120568527404,293.2431930933425,11.627406003957528,0.037507761303088805,5.971235599451262,-2.0672504493095705,142.49844773938224,-0.037507761303088805,-0.009376940325772201,-142.49844773938224,-0.03750776130308879,-96.24922386969112,0.037507761302890685,-0.009376940325772201,-0.009376940325772201,-0.009376940325772201,15.003104521235521,-80.80250397344085,0.37507761303088805,27.788562655424585,-0.009376940325772201,450.6877772439127,1.8753880651544401,50.0,0.037507761303088805,0.018753880651544402,0.018753880651544402,75.0,0.0,0.037507761303088805,0.0,0.37507761303088805,0.037507761303088805,-27.788562655424585,0.037507761303088805,0.15003104521213118,0.18753880651524923,0.0187538806515444,0.009376940325772205,11.25232839092664,-0.037507761303088805,235.42030234489283,0.37507761303088805,-55.57712531084917,238.06799678967838,-3.7507761303088802,7.5015522606177605,1.8753880651544401,-0.037507761303088805,0.0,0.0562616419546332,-0.037507761303088805,-150.0,0.0,-13.267036881616036,0.018753880651544402,-100.0,-0.037507761303088805,-0.037507761302890685,-0.037507761303088805,0.018753880651544402,127.9014660435328,-7.5015522606177605,0.037507761303088805,450.6877772439127,-0.009376940325772201,-0.041258537433397684,-450.6877772439127,5.6261641954633195,-816.5175347854723,500.85460930190055,127.9014660435328,-0.0281308209773166,301.76120568527404,-280.0,0.037507761303088805,-0.009376940325772201,1.8753880651544401,37.5077613030888,-0.018753880651544402,-0.037507761303088805,0.009376940325772201,1000.0,0.0,996.4395986524343,0.0,-255.0,0.0,-520.0,-140.0,0.0,451.768377072639,-255.0,-325.0,-3.5416474669141915,-225.8841885363195,127.5,127.5,0.0,70.0,-293.32195939207895,-197.48320370600595,3.5416474669141915,325.0,-197.48320370600595,520.0,-260.84176284049965,0.0,1496.5981,hplb
424,0.0,0.0,0.0,0.0,0.0,0.0,0.0,0.0,-0.14278592316410238,0.0,0.0,0.0,0.0,0.0,0.0,0.0,74.3481065221003,0.0,0.0,191.0765868555572,0.0,0.0,0.0,956.8786512044411,0.0,0.0,0.0,0.0,0.0,728.5845912560242,0.0,0.0,122.20625358897269,0.0,0.0,0.0,0.0,941.9813305825621,0.0,-797.6625503448097,94.26179126029015,0.0,0.0,-159.65836756064863,0.0,0.0,0.0,0.0,-112.50907020966005,-547.0247813575534,0.0,0.0,0.0,0.15706451548044242,0.0,0.0,0.0,0.0,0.0,0.0,-74.21805438485335,0.0,1000.0,925.7819456151467,0.0,0.0,0.0,0.0,0.0,0.0,0.0,1.4278592316410237,0.0,0.0,0.0,0.0,0.0,0.0,0.0,439.77467960917784,0.0,0.0,951.6812542961771,0.0,85.67155389846141,0.0,61.6433740848673,0.0,0.0,0.0,-0.035696480791025595,0.0,0.0,0.0,42.835776949230706,0.0,42.835776949230706,-4.597706725885345,0.0,0.0,951.6812542961771,7.139296158205118,728.5845912560242,0.0,0.0,-14.638177509100727,0.0,0.0,0.0,0.0,0.0,0.0,0.0,0.0,0.0,0.0,0.0,0.0,0.0,0.0,0.0,0.0,0.0,0.0,-492.09854777093926,0.0,0.0,42.835776949230706,0.0,44.26363618087173,0.0,0.0,0.0,0.0,0.0,0.0,0.0,0.0,0.0,0.0,0.0,0.0,0.0,0.0,0.0,-879.0433641276738,0.14278592316410238,0.0,0.0,0.0,0.0,0.0,0.0,0.0,0.0,0.0,631.2805385763586,0.0,0.0,0.0,0.0,0.0,537.7156412780051,537.7156412780051,0.0,0.0,0.0,0.0,-11.553316616843844,0.0,0.0,537.8584272011692,0.0,0.0,0.0,0.0,-106.12139053134558,0.0,0.0,0.0,0.0,0.0,0.0,0.0,0.0,0.0,-10.708944237307605,0.0,0.0,0.0,0.0,-646.1357699411149,0.0,0.0,0.0,0.0,0.0,547.0247813575534,0.0,112.50907020966005,-112.50907020966005,0.0,0.0,0.0,0.0,0.0,0.0,0.0,0.0,-721.4054250283333,0.0,0.0,0.0,0.0,0.0,0.0,0.0,0.0,0.0,0.0,0.0,0.0,0.0,0.0,-42.885630734359054,-690.4236275684643,0.0,0.0,0.0,0.0,155.57862176042568,0.0,0.0,0.0,0.0,-74.21805438485335,-530.7652600078156,0.0,0.0,0.0,0.0,0.0,0.0,0.0,0.0,0.0,28.557184632820473,0.0,0.0,74.13392763735398,-38.375142572306075,0.0,0.0,690.4236275684643,0.0,0.0,0.0,0.0,0.0,0.0,0.0,228.30026234678735,0.0,0.0,0.0,703.1249999999955,532.2186652114117,-532.2186652114117,-170.90633478858376,0.0,112.50907020966005,0.0,416.0947272748773,547.0247813575534,0.0,242.7941038674199,0.0,0.0,0.0,388.19286811619685,0.0,-388.19286811619685,0.0,1000.0,0.0,0.0,-592.0182973938522,0.0,0.0,0.0,-74.21805438485335,-0.21417888474615354,0.0,0.0,0.0,0.0,0.14278592316410238,0.0,0.0,0.0,447.72137123145853,74.3481065221003,0.0,-723.7652170003514,339.65521929631285,106.12139053134558,137.09756820952086,0.0,184.9838462037615,0.0,-14.638177509100727,0.0,0.0,0.0,-12.293867984429143,0.0,-172.68997821933235,-1000.0,-1000.0,0.0,0.0,0.0,0.0,0.0,0.0,0.0,0.0,0.0,0.0,0.0,0.0,0.0,0.0,0.0,0.0,0.0,-57.4475257247805,0.0,-1000.0,0.0,0.0,0.0,0.0,0.0,0.0,879.0433641276738,0.0,0.0,0.0,0.0,0.0,-817.9051766670985,0.0,0.0,-780.4856689504543,817.9051766670985,-859.0606979893815,0.0,-19.571267321131472,0.0,0.0,-7.139296158205118,0.0,776.9160208713517,-7.139296158205118,0.0,0.0,0.0,1000.0,-92.81085005666652,42.835776949230706,0.0,0.0,0.0,224.61046517274974,0.0,0.0,0.0,0.0,0.0,0.0,-8.087625514882063,0.0,0.0,-647.3572668997609,0.0,0.0,0.0,0.0,0.0,-25.149360599972102,0.0,0.0,0.0,0.0,0.0,0.0,0.0,-85.72140768358976,0.2855718463283665,0.0,0.0,0.0,0.0,0.0,0.0,0.0,0.0,0.0,0.0,0.0,0.0,0.0,0.0,0.0,0.0,0.0,0.0,0.0,0.15706451548044242,0.15706451548044242,0.0,251.44281536717952,0.0,85.67155389846141,0.0,0.0,0.0,1000.0,0.0,0.0,61.6433740848673,0.0,0.0,696.422531217641,-1000.0,0.0,0.0,0.0,0.0,0.0,0.0,0.0,0.0,0.0,0.0,0.0,0.0,0.0,164.03284925697974,-447.72137123145853,0.0,0.0,72.63789016850328,0.0,0.0,0.0,-155.57862176042568,0.0,696.422531217641,0.0,610.7011235340512,0.0,-890.6249999999991,890.6249999999991,0.0,0.0,0.0,0.0,0.0,0.0,0.0,0.0,0.0,0.0,0.0,0.0,0.0,0.0,85.67155389846141,0.0,0.0,0.0,0.0,0.0,0.0,0.0,0.0,0.0,0.0,0.0,0.0,1.4278592316410237,0.0,0.0,61.6433740848673,-61.6433740848673,0.0,0.0,0.0,0.0,42.835776949230706,0.0,0.0,0.0,0.0,0.0,0.0,0.0,0.0,0.0,0.0,1000.0,0.0,0.0,42.835776949230706,42.835776949230706,1000.0,-1000.0,0.0,0.0,0.0,0.0,0.0,0.0,0.0,271.41540874397583,0.0,591.9247517942931,0.14278592316410238,0.0,0.0,0.0,188.56920952722058,0.0,0.0,0.0,0.0,0.0,0.0,0.0,0.0,0.0,0.0,0.0,0.0,0.0,0.0,0.0,0.0,0.0,0.14278592316410238,0.0,0.0,0.0,0.0,0.0,0.0,0.0,0.0,0.0,0.0,879.0433641276738,0.0,0.0,-942.5524742752195,-10.708944237307676,-7.139296158205113,0.0,0.0,0.0,0.0,0.0,0.0,0.0,0.0,0.0,0.0,0.0,0.0,0.0,106.12139053134558,0.0,0.0,-85.67155389846141,0.0,0.0,0.0,-0.14278592316410238,0.0,0.0,0.14278592316410238,0.0,0.14278592316410238,0.0,0.0,0.0,85.67155389846141,174.19882626020487,174.19882626020487,0.0,0.0,0.0,0.0,0.0,0.0,0.0,0.0,0.0,0.0,0.0,0.0,0.0,0.0,0.0,0.0,0.0,0.0,0.0,0.0,0.0,0.0,0.0,0.0,0.0,0.0,0.0,155.57862176042568,0.0,0.0,0.0,0.21417888474615354,0.0,0.0,0.0,-42.835776949230706,0.0,0.0,0.0,0.0,0.0,-251.44281536717952,7.139296158205118,0.0,0.0,0.0,0.0,11.553316616843844,-879.0433641276738,0.0,0.0,0.0,0.0,0.0,0.0,0.0,0.0,0.0,0.0,0.0,844.4213782395743,251.44281536717952,0.0,296.44281536717955,-14.638177509100727,0.0,0.0,0.0,0.0,0.0,-174.19882626020487,0.0,7.139296158205113,383.40485694553286,0.0,0.0,0.0,-148.4361087697067,0.0,0.0,0.0,0.0,0.0,0.0,0.0,0.0,0.0,0.0,-10.708944237307605,174.19882626020487,0.0,0.0,0.0,0.0,0.0,0.0,0.0,0.0,0.0,0.0,0.0,0.0,272.8607038417948,-188.56920952722058,-601.9897348028201,0.0,42.835776949230706,61.6433740848673,0.0,0.0,0.0,244.57273485431978,0.0,0.0,0.15706451548044242,0.0,0.0,0.0,87.09941313010243,0.0,0.0,0.0,0.0,-42.885630734359054,0.0,0.0,0.0,0.0,0.0,0.0,0.0,0.0,0.0,0.0,0.014278592316410236,0.014278592316410236,0.0,0.0,0.0,0.0,0.0,0.0,0.0,0.0,0.0,0.0,0.0,0.0,0.0,0.0,0.0,251.44281536717952,0.0,0.0,0.0,0.0,0.0,0.0,0.0,547.0247813575534,0.0,0.0,0.0,123.2867481697346,0.0,643.3584569649751,0.0,0.0,0.0,0.0,85.67155389846141,0.0,0.0,0.0,0.0,0.0,352.91164814611,-438.5832020445714,0.0,123.2867481697346,0.0,0.0,0.0,0.0,0.0,0.0,0.0,0.0,0.0,0.0,-591.9247517942931,0.0,97.8083573674101,0.0,-42.835776949230706,0.0,941.9813305825621,0.0,0.0,0.0,0.0,0.0,0.0,0.0,0.0,0.0,0.0,0.0,0.0,0.0,0.0,0.0,0.0,0.0,-17.84824039551279,0.0,-10.708944237307676,0.0,0.0,0.0,0.0,0.0,0.0,-952.7894464701482,951.0046224305969,25.149360599972102,0.0,0.0,0.0,0.0,0.0,0.0,0.0,1000.0,42.835776949230706,42.83577694923071,0.0,0.0,0.0,0.0,439.77467960917784,0.15706451548044242,251.44281536717952,0.0,0.0,-941.9813305825621,0.0,0.0,0.0,0.0,0.0,0.0,0.0,0.0,0.0,0.0,0.0,0.0,0.0,0.0,0.0,0.0,0.0,0.0,0.0,149.92521932230747,72.63789016850328,0.0,0.0,0.0,0.0,0.0,251.44281536717952,0.0,867.3063612435833,0.0,0.0,0.0,-17.84824039551279,0.0,0.0,0.0,0.0,0.0,0.0,0.0,0.0,0.0,0.0,0.0,0.0,0.0,0.0,0.0,0.0,0.0,0.0,-0.14278592316410238,0.0,0.0,7.139296158205118,-696.422531217641,0.0,0.0,0.0,0.0,0.0,0.0,0.0,0.0,12.293867984429143,3.569648079102559,0.0,0.0,0.0,0.14278592316410238,0.0,142.78592316410234,-44.26363618087173,28.557184632820476,1.0198994511721597,398.37272562784557,-0.10708944237307677,7.139296158205118,2.8557184632820474,-0.7139296158214847,-398.37272562784557,42.83577694923071,-0.14278592316410238,4.879392503033576,0.0,0.035696480791025595,1.0198994511721597,-14.638177509100728,-84.37489305259385,-2.8557184632820474,-265.4246933776575,-0.14278592316410238,0.035696480791025595,-398.37272562784557,14.278592316410236,0.14278592316410238,0.14278592316410238,-251.14296492853498,-61.48630956938678,-178.65130625436097,-0.10708944237307677,42.835776949230706,0.14278592316410238,42.835776949230706,-71.39296158205119,-0.07139296158205119,-423.35287730379616,-170.0,-0.10708944237307677,-0.14278592316410238,-44.26363618087173,0.14278592316410238,14.278592316410236,-2.8557184632820474,155.57862176042568,155.57862176042568,-14.278592316410236,265.4246933776575,-155.57862176042568,28.557184632820473,0.21417888474615354,-860.9118189439242,14.278592316410236,-164.03284925697974,0.0,-28.557184632820473,0.07139296158205119,1.4278592316410237,180.94130425008785,280.0,-0.14278592316410238,-283.5696480791024,251.14296492853498,44.26363618087173,0.14278592316410238,84.37489305259385,-171.3431077969228,0.0,-0.14278592316410238,-0.035696480791025595,0.0,-0.14278592316410238,-85.72140768358976,0.1427859231641289,-0.035696480791025595,-0.035696480791025595,-0.035696480791025595,57.114369265640946,71.39296158205119,1.4278592316410237,105.7865208242044,-0.03569648079102558,357.00321599714215,7.139296158205118,50.0,0.14278592316410238,0.07139296158205119,0.07139296158205119,14.278592316410236,44.26363618087173,0.14278592316410238,-44.26363618087173,1.4278592316410237,0.14278592316410238,-105.7865208242044,0.14278592316410238,0.5711436926574436,0.7139296158214847,0.07139296158205119,0.035696480791025595,42.835776949230706,-0.14278592316410238,178.65130625436097,1.4278592316410237,-211.5730416484088,3.569648079102559,-14.278592316410236,28.557184632820473,7.139296158205118,-0.14278592316410238,14.638177509100728,0.21417888474615354,-0.14278592316410238,-28.55718463282048,44.26363618087173,-38.526450043800594,0.07139296158205119,-100.0,-0.14278592316410238,-0.1427859231641289,-0.14278592316410238,0.07139296158205119,398.37272562784557,-28.557184632820473,0.14278592316410238,361.8826085001757,-0.035696480791025595,61.48630956938678,-361.8826085001757,21.41788847461535,170.0,220.73652662180996,398.37272562784557,-0.10708944237307677,283.5696480791024,-280.0,0.14278592316410238,-0.035696480791025595,7.139296158205113,142.78592316410234,-0.07139296158205119,-0.14278592316410238,0.035696480791025595,0.0,0.0,748.3313557726821,0.0,-255.0,0.0,631.9070314098329,-140.0,0.0,-80.0,-230.44184678158743,-325.0,-112.50907020966005,40.0,127.5,115.22092339079371,0.0,70.0,-251.44281536717952,-206.04628481051918,112.50907020966005,325.0,-206.04628481051918,-631.9070314098329,394.48577344517275,0.0,1496.5981,hplb
425,0.0,0.0,0.0,0.0,0.0,0.0,0.0,0.0,-0.033455307465944065,0.0,0.0,0.0,0.0,0.0,0.0,0.0,795.8902011965498,0.0,0.0,-726.6592783680088,0.0,0.0,0.0,177.45606929135909,0.0,0.0,0.0,0.0,0.0,-996.2100712525657,0.0,0.0,636.4241101651974,0.0,0.0,0.0,0.0,-0.13382122986376999,0.0,-1000.0,346.2185781835208,0.0,0.0,0.0,0.0,0.0,0.0,0.0,-197.26013413103328,0.0,0.0,0.0,0.0,0.03680083821268454,0.0,0.0,0.0,0.0,0.0,0.0,-2.9462974108350863,0.0,2.9462974108350863,0.0,0.0,0.0,0.0,0.0,515.1545616341543,-515.1545616341543,0.0,0.3345530746594407,0.0,0.0,0.0,0.0,0.0,0.0,0.0,0.0,0.0,0.0,0.0,0.0,20.07318447956644,0.0,0.0,0.0,178.52720998004827,-407.9263542170239,-0.008363826866486016,0.0,0.0,148.7449168609406,10.03659223978322,0.0,10.03659223978322,-0.6064958275571384,0.0,0.0,0.0,1.6727653732972032,-996.2100712525657,0.0,0.0,-27.745190265334514,0.0,0.0,0.0,0.0,0.0,0.0,0.0,0.0,0.0,0.0,0.0,0.0,0.0,0.0,0.0,0.0,0.0,0.0,-272.5699197773934,0.0,0.0,10.03659223978322,0.0,10.371145314442659,10.371145314442659,0.0,-210.79140134033435,-789.2085986596658,1000.0,-1000.0,-1000.0,0.0,0.0,1000.0,0.0,0.0,0.0,0.0,0.0,2.576058674877686,0.033455307465944065,0.0,0.0,0.0,-1000.0,743.4019213784686,0.0,0.0,161.38683576010075,0.0,45.16935987148283,0.0,0.0,0.0,0.0,0.0,794.203645826866,794.203645826866,0.0,0.0,0.0,734.375,-28.303869932047295,0.0,0.0,794.237101134332,0.0,0.0,0.0,-54.7315238948413,-512.1348553266926,0.0,0.0,0.0,0.0,0.0,0.0,0.0,0.0,0.0,-166.50565821688332,0.0,0.0,0.0,0.0,-461.68625115232476,0.0,0.0,0.0,0.0,0.0,0.0,0.0,529.3991442369756,-529.3991442369756,0.0,0.0,0.0,0.0,0.0,0.0,0.0,0.0,-429.27489630490044,0.0,0.0,0.0,0.0,0.0,0.0,0.0,0.0,0.0,0.0,0.0,0.0,0.0,0.0,322.6597377703136,397.5800041870492,0.0,0.0,0.0,0.0,109.16021063769345,0.0,0.0,0.0,0.0,-2.9462974108350863,397.5800041870492,0.0,0.0,0.0,0.0,0.0,0.0,0.0,0.0,0.47076507284809727,6.691061493188813,0.0,0.0,0.0,-350.8719342569274,332.13901010594236,0.0,-397.5800041870492,0.0,0.0,0.0,40.81547510845176,0.0,0.0,0.0,-3.371737404109922,0.0,0.0,792.0890943389838,0.0,0.0,792.0890943389838,0.0,0.0,707.9263542170239,0.0,0.0,0.0,0.0,4.922387821175789,0.0,0.0,0.0,0.0,0.0,0.0,0.0,1000.0,0.0,0.0,0.0,734.375,0.0,0.0,-2.9462974108350863,-0.0501829611989161,0.0,0.0,0.0,0.0,0.033455307465944065,0.0,0.0,0.0,342.018683202,795.8902011965498,0.0,-216.9979940080261,-690.3553463149844,512.1348553266926,356.255170423304,0.0,0.0,0.0,-27.745190265334514,0.0,0.0,0.0,974.1954954800441,-974.1954954800441,0.0,-1000.0,-227.04848913266156,0.0,0.0,0.0,0.0,0.0,0.0,0.0,0.0,0.0,0.0,0.0,0.0,0.0,0.0,0.0,0.0,0.0,-1000.0,0.0,-1000.0,0.0,0.0,0.0,0.0,0.0,0.0,-3.0468237477257833,0.0,0.0,0.0,0.0,0.0,0.0,57.045422402650615,0.0,78.87322440080754,459.04093384588975,0.0,-1.6727653732972032,-739.5433424374,-282.5802265183557,-57.045422402650615,-1.6727653732972032,0.0,-79.70960708745615,0.0,0.0,0.0,-712.5467120529685,427.5231362989809,690.8007622001048,10.03659223978322,0.0,0.0,0.0,0.0,0.0,0.0,0.0,0.0,0.0,0.0,-635.2903660310058,0.0,0.0,-205.82980948059992,0.0,0.0,0.0,0.0,0.0,-5.892594821670173,0.0,0.0,0.0,0.0,0.0,0.0,0.0,56.02506690899895,0.06691061493211237,0.0,0.0,0.0,0.0,0.0,0.0,0.0,0.0,0.0,0.0,0.0,0.0,0.0,0.0,0.0,0.0,0.0,0.0,0.0,0.03680083821268454,0.03680083821268454,0.0,273.30893850681116,0.0,20.07318447956644,0.0,398.0585947350252,0.0,1000.0,0.0,0.0,0.0,0.0,0.0,-862.4488373082315,-1000.0,0.0,0.0,0.0,0.0,0.0,0.0,0.0,0.0,0.0,0.0,0.0,0.0,0.0,90.85663992579781,-342.018683202,256.59807862153144,0.0,2.576058674877686,0.0,39.58470622324715,109.16021063769345,0.0,0.0,-862.4488373082315,0.0,0.0,-806.4237703992326,0.0,0.0,0.0,0.0,0.0,0.0,0.0,0.0,0.0,0.0,0.0,0.0,0.0,0.0,0.0,0.0,20.07318447956644,0.0,0.0,0.0,0.0,0.0,0.0,0.0,0.0,0.0,0.0,0.0,0.0,0.3345530746594407,0.0,0.0,0.0,0.0,0.0,0.0,0.0,0.0,10.03659223978322,0.0,0.0,0.0,0.0,0.0,0.0,0.0,0.0,0.0,0.0,575.6102856399741,0.0,0.0,10.03659223978322,10.03659223978322,1000.0,-1000.0,0.0,0.0,0.0,0.0,0.0,0.0,0.0,996.2100712525657,0.0,1000.0,0.033455307465944065,0.0,0.0,0.0,2.697931580646489,524.9086627255293,0.0,-148.7449168609406,0.0,0.0,0.0,0.0,0.0,0.0,0.0,0.0,0.0,0.0,0.0,0.0,0.0,0.0,0.033455307465944065,0.0,0.0,0.0,0.0,0.0,0.0,0.0,0.0,0.0,-798.1780953489115,795.1312716011859,-161.38683576010075,0.0,0.0,-2.509148059945805,-1.672765373297203,0.0,0.0,0.0,0.0,0.0,0.0,0.0,0.0,0.0,0.0,0.0,0.0,0.0,512.1348553266926,0.0,0.0,-20.07318447956644,0.0,0.0,0.0,-0.033455307465944065,0.0,0.0,0.033455307465944065,0.0,0.033455307465944065,0.0,0.0,0.0,20.07318447956644,40.81547510845176,40.81547510845176,0.0,0.0,0.0,0.0,0.0,0.0,0.0,256.59807862153144,0.0,0.0,0.0,0.0,0.0,977.075997452862,0.0,0.0,0.0,0.0,0.0,0.0,0.0,0.0,0.0,0.0,0.0,0.0,0.0,109.16021063769345,0.0,0.0,0.0,0.0501829611989161,0.0,0.0,0.0,-10.03659223978322,0.0,0.0,0.0,0.0,0.0,-273.30893850681116,1.6727653732972032,0.0,0.0,0.0,-734.375,28.303869932047295,-795.1312716011859,0.0,0.0,0.0,0.0,0.0,0.0,0.0,0.0,0.0,0.0,0.0,255.6586736619463,273.30893850681116,0.0,574.9070171283427,497.16347246019484,0.0,0.0,0.0,0.0,161.38683576010075,0.0,398.0585947350252,1.672765373297203,849.2303113739783,0.0,0.0,0.0,-5.892594821670173,-277.7812932344301,277.7812932344301,1000.0,-1000.0,0.0,0.0,0.0,0.0,0.0,186.9205127040754,-25.433150607084045,40.81547510845176,0.0,0.0,0.0,0.0,0.0,0.0,0.0,0.0,0.0,0.47076507284809727,0.0,0.0,255.40323207956487,-2.697931580646489,0.0,0.0,10.03659223978322,0.0,0.0,0.0,0.0,-22.722722103391593,0.0,0.0,0.03680083821268454,0.0,0.0,0.0,20.40773755422588,0.0,0.0,0.0,0.0,322.6597377703136,0.0,0.0,0.0,0.0,0.0,0.0,0.0,0.0,0.0,0.0,0.003345530746594383,0.003345530746594383,0.0,0.0,0.0,0.0,0.0,0.0,0.0,0.0,0.0,0.0,0.0,0.0,0.0,0.0,0.0,273.30893850681116,0.0,0.0,0.0,0.0,0.0,0.0,0.0,0.0,0.0,0.0,0.0,0.0,667.8609898940576,0.0,0.0,0.0,0.0,0.0,20.07318447956644,0.0,0.0,0.0,0.0,0.0,-463.8342423073247,443.76105782775824,0.0,0.0,0.0,0.0,0.0,0.0,0.0,0.0,0.0,0.0,0.0,0.0,-227.04848913266156,-1000.0,999.9928830670337,0.0,-10.03659223978322,0.0,-0.13382122986376999,0.0,0.0,0.0,0.0,0.0,0.0,0.0,0.0,0.0,0.0,0.0,0.0,0.0,0.0,0.0,0.0,398.0585947350252,-4.1819134332430075,0.0,-2.509148059945805,1000.0,0.0,0.0,0.0,0.0,0.0,0.0,-0.4181913433243008,167.2794305817706,0.0,0.0,0.0,0.0,0.0,0.0,0.0,1000.0,10.03659223978322,10.03659223978322,0.0,0.0,0.0,0.0,0.0,0.03680083821268454,273.30893850681116,0.0,0.0,0.13382122986376999,0.0,0.0,0.0,0.0,0.0,0.0,0.0,0.0,0.0,0.0,0.0,0.0,0.0,0.0,0.0,0.0,0.0,10.371145314442659,0.0,35.12807283924127,2.576058674877686,0.0,0.0,0.0,0.0,0.0,273.30893850681116,0.0,792.8520104003313,0.0,0.0,0.0,-4.1819134332430075,0.0,0.0,0.0,0.0,0.0,0.0,0.0,0.0,0.0,0.0,0.0,0.0,0.0,0.0,0.0,0.0,0.0,0.0,-0.033455307465944065,0.0,0.0,1.6727653732972032,862.4488373082315,0.0,0.0,0.0,0.0,0.0,0.0,0.0,0.0,-974.1954954800441,0.8363826866486016,0.0,0.0,0.0,0.033455307465944065,0.0,33.45530746594406,0.0,6.691061493188813,0.23896648189960046,114.08259845886924,-0.02509148059945805,1.6727653732972032,0.6691061493188813,-0.16727653732971404,-114.08259845886924,10.03659223978322,-0.033455307465944065,9.248396755111505,0.0,0.008363826866486016,0.23896648189960046,-27.745190265334514,-5.32608494858016,-0.6691061493188813,-69.230922828541,-0.033455307465944065,0.008363826866486016,-114.08259845886924,350.5807691320426,0.033455307465944065,0.033455307465944065,-273.23868236113253,0.03680083821253845,0.0,-0.02509148059945805,10.03659223978322,0.033455307465944065,10.03659223978322,-16.727653732972033,-0.016727653732972032,10.321020659186196,-112.5391966917538,-0.02509148059945805,-0.033455307465944065,0.0,0.033455307465944065,3.3455307465944064,-0.6691061493188813,109.16021063769345,109.16021063769345,-3.34553074659442,69.230922828541,-109.16021063769345,6.691061493188813,0.0501829611989161,208.2958996076933,3.3455307465944064,-90.85663992579781,0.0,-6.691061493188813,0.016727653732972032,0.3345530746594407,54.249498502006524,280.0,-0.033455307465944065,-280.8363826866489,273.23868236113253,10.371145314442659,0.033455307465944065,5.32608494858016,-387.381607344581,0.0,-0.033455307465944065,-0.008363826866486016,0.0,-0.033455307465944065,56.02506690899895,0.033455307465942496,-0.008363826866486016,-0.008363826866486016,-0.008363826866486016,13.382122986377626,16.727653732972033,0.3345530746594407,218.74303292799905,-0.008363826866486016,99.25060024890155,1.6727653732972032,-26.339768081202273,0.033455307465944065,0.016727653732972032,0.016727653732972032,3.3455307465944064,0.0,0.033455307465944065,0.0,0.3345530746594407,0.033455307465944065,-606.656696946326,0.033455307465944065,0.13382122986376999,0.16727653732971404,0.016727653732972032,0.008363826866486016,10.03659223978322,-0.033455307465944065,0.0,0.3345530746594407,-437.4860658559981,0.8363826866486016,-3.3455307465944064,6.691061493188813,1.6727653732972032,-0.033455307465944065,27.745190265334514,0.0501829611989161,-0.033455307465944065,-6.691061493188813,0.0,138.67561544839833,0.016727653732972032,52.679536162404546,-0.033455307465944065,-0.033455307465942496,-0.033455307465944065,0.016727653732972032,114.08259845886924,-6.691061493188813,0.033455307465944065,108.49899700401305,-0.008363826866486016,-0.03680083821253845,-108.49899700401305,5.018296119891609,112.5391966917538,-221.8143460336507,114.08259845886924,-0.02509148059945805,280.8363826866489,-280.0,0.033455307465944065,-0.008363826866486016,1.672765373297203,33.45530746594407,-0.016727653732972032,-0.033455307465944065,0.008363826866486016,423.8882671248284,0.0,-508.31262726142626,387.9136640183269,-255.0,0.0,125.17362532278543,-140.0,347.23523838544816,623.2474806116664,131.43583207762208,-325.0,-300.0,-311.6237403058332,127.5,-65.71791603881104,-347.23523838544816,70.0,-273.30893850681116,-115.95289334500673,300.0,325.0,-115.95289334500673,-125.17362532278543,254.60485096038602,0.0,1496.5981,hplb
426,0.0,0.0,0.0,0.0,0.0,0.0,0.0,0.0,-0.15544679342935483,0.0,0.0,0.0,0.0,0.0,0.0,0.0,572.9907956379168,727.0092043620832,0.0,-1000.0,0.0,0.0,0.0,0.0,0.0,0.0,0.0,0.0,0.0,-1000.0,0.0,0.0,136.56462586521207,0.0,0.0,0.0,0.0,301.51624002298047,0.0,-1000.0,349.0157058671722,0.0,-1000.0,145.56356070514244,0.0,0.0,801.3122986683331,0.0,-92.9642479334608,-461.2586579548454,0.0,0.0,0.0,0.17099147277147403,0.0,0.0,0.0,31.089358685870963,0.0,0.0,-13.689680941342488,0.0,583.8272587800241,570.1375778386816,0.0,0.0,0.0,0.0,0.0,0.0,0.0,1.5544679342935481,0.0,0.0,0.0,0.0,0.0,0.0,0.0,447.34642069277214,0.0,0.0,0.0,0.0,93.26807605761289,0.0,0.0,-430.79219607249286,780.8729473012544,63.61024912084772,-0.03886169835733871,0.0,0.0,636.1682080953693,46.634038028806444,0.0,46.634038028806444,-5.005386748418843,0.0,0.0,0.0,7.772339671467741,-1000.0,0.0,0.0,0.0,0.0,0.0,0.0,0.0,0.0,0.0,0.0,0.0,0.0,0.0,0.0,0.0,0.0,0.0,0.0,0.0,0.0,0.0,-791.9191410845551,0.0,0.0,46.634038028806444,0.0,48.1885059631,0.0,0.0,-653.9419371550675,1000.0,-346.05806284493246,346.05806284493246,0.0,0.0,0.0,0.0,0.0,0.0,0.0,0.0,0.0,11.969403094060283,0.15544679342935483,0.0,0.0,0.0,-486.9182797019598,0.0,0.0,0.0,0.0,0.0,654.4552190729152,0.0,0.0,0.0,0.0,0.0,63.34453504080843,63.34453504080843,0.0,0.0,0.0,0.0,0.0,0.0,0.0,63.499981834237786,0.0,0.0,0.0,0.0,0.0,0.0,0.0,0.0,0.0,0.0,0.0,0.0,0.0,0.0,-323.73476836381735,0.0,0.0,0.0,0.0,-1000.0,0.0,0.0,0.0,0.0,0.0,461.2586579548454,1000.0,-780.8729473012544,780.8729473012544,0.0,0.0,0.0,0.0,0.0,0.0,0.0,0.0,490.14011547927373,0.0,0.0,0.0,0.0,0.0,0.0,0.0,0.0,0.0,0.0,0.0,0.0,0.0,0.0,449.09699707370174,-480.026547704456,0.0,0.0,0.0,0.0,146.0280926160956,0.0,0.0,0.0,0.0,-13.689680941342488,-625.5901084095984,0.0,0.0,0.0,0.0,0.0,0.0,0.0,0.0,0.0,0.0,0.0,0.0,438.2541053974911,1000.0,-304.62939130720804,0.0,480.026547704456,0.0,0.0,0.0,51.5641363851137,0.0,0.0,0.0,214.96288297963554,0.0,0.0,-1000.0,0.0,0.0,-999.9999999999999,0.0,0.0,0.0,0.0,-530.1072989332175,461.2586579548454,0.0,287.66846105180446,0.0,0.0,0.0,129.2863744630411,0.0,-129.2863744630411,0.0,864.5013869157123,0.0,0.0,0.0,0.0,0.0,0.0,-13.689680941342488,-0.2331701901440322,0.0,0.0,0.0,0.0,0.15544679342935483,0.0,0.0,0.0,807.337869355098,572.9907956379168,0.0,-806.5473639632461,807.0001024694391,0.0,324.677348025023,0.0,13.383968914266632,0.0,0.0,0.0,0.0,0.0,-13.383968914266632,0.0,0.0,-751.7611401069233,-1000.0,0.0,0.0,0.0,0.0,0.0,0.0,0.0,0.0,0.0,0.0,0.0,0.0,0.0,0.0,0.0,0.0,0.0,0.0,0.0,-1000.0,0.0,697.8619728033035,0.0,0.0,0.0,0.0,-11.969403094060283,0.0,0.0,0.0,0.0,0.0,0.0,0.0,-927.7020856295978,-124.16524466673025,0.0,0.0,0.0,-209.30910735262623,0.0,0.0,919.9297459581302,0.0,120.27907483099638,-7.772339671467741,-574.796884431572,0.0,0.0,0.0,503.11909161345346,46.634038028806444,0.0,0.0,0.0,246.4946543814785,0.0,0.0,0.0,0.0,0.0,0.0,-22.584013067349478,0.0,0.0,0.0,0.0,0.0,0.0,0.0,0.0,-27.379361882684975,0.0,0.0,70.97239587095568,0.0,0.0,0.0,0.0,-84.45532065706452,0.3108935868588105,0.0,0.0,0.0,0.0,0.0,0.0,0.0,0.0,0.0,0.0,0.0,0.0,0.0,0.0,0.0,0.0,0.0,0.0,0.0,0.17099147277147403,0.17099147277147403,0.0,248.31425213669414,0.0,93.26807605761289,0.0,0.0,0.0,1000.0,0.0,0.0,0.0,0.0,0.0,676.1293532918006,-1000.0,0.0,0.0,0.0,0.0,0.0,70.97239587095568,0.0,0.0,0.0,0.0,0.0,0.0,0.0,263.973047028185,-807.337869355098,486.9182797019598,0.0,11.969403094060283,0.0,772.9327747314724,-136.76456663610304,-282.79265925219863,0.0,676.1293532918006,0.0,1000.0,-408.32596736526386,0.0,0.0,0.0,0.0,0.0,0.0,0.0,0.0,0.0,0.0,0.0,0.0,0.0,0.0,0.0,0.0,93.26807605761289,0.0,0.0,0.0,0.0,0.0,0.0,0.0,0.0,0.0,0.0,0.0,0.0,1.5544679342935481,0.0,0.0,0.0,0.0,0.0,1000.0,0.0,0.0,46.634038028806444,0.0,0.0,0.0,0.0,0.0,0.0,0.0,0.0,0.0,0.0,67.41970931490789,457.06981331461645,0.0,46.634038028806444,46.634038028806444,271.25795635814586,-1000.0,0.0,70.97239587095568,0.0,0.0,0.0,0.0,0.0,751.7611401069233,0.0,1000.0,0.15544679342935483,0.0,0.0,0.0,205.28969740823868,0.0,0.0,-636.1682080953693,0.0,0.0,0.0,0.0,0.0,0.0,0.0,0.0,0.0,0.0,0.0,0.0,0.0,0.0,0.15544679342935483,0.0,0.0,0.0,0.0,0.0,0.0,0.0,0.0,697.8619728033035,0.0,812.6855797452604,0.0,-824.6549828393206,-1000.0,-11.658509507201611,-7.7723396714677335,0.0,0.0,0.0,0.0,0.0,0.0,0.0,0.0,0.0,0.0,0.0,0.0,0.0,0.0,0.0,0.0,510.89143128492117,0.0,0.0,0.0,-0.15544679342935483,0.0,0.0,0.15544679342935483,0.0,0.15544679342935483,0.0,0.0,0.0,93.26807605761289,189.64508798381286,189.64508798381286,0.0,0.0,0.0,0.0,0.0,0.0,0.0,486.9182797019598,0.0,0.0,0.0,0.0,0.0,0.0,0.0,0.0,0.0,0.0,0.0,0.0,0.0,0.0,0.0,0.0,0.0,0.0,0.0,146.0280926160956,0.0,-312.5626462392821,312.5626462392821,0.2331701901440322,0.0,0.0,0.0,-46.634038028806444,0.0,0.0,0.0,0.0,0.0,-248.31425213669414,7.772339671467741,0.0,0.0,0.0,0.0,0.0,0.0,0.0,0.0,0.0,0.0,0.0,0.0,0.0,0.0,0.0,0.0,0.0,561.9511939307496,248.31425213669414,0.0,780.8289210160889,0.0,0.0,-11.969403094060283,824.6549828393207,-812.6855797452604,0.0,-138.08095159869916,0.0,7.7723396714677335,1000.0,0.0,604.1595073425341,0.0,-27.379361882684975,-909.945758896221,909.945758896221,0.0,0.0,0.0,0.0,0.0,0.0,0.0,583.7075300077131,-283.2897806582989,189.64508798381286,0.0,0.0,0.0,0.0,0.0,0.0,0.0,0.0,0.0,0.0,0.0,0.0,0.0,-205.28969740823868,-1000.0,-1000.0,46.634038028806444,0.0,0.0,0.0,0.0,226.76739057756302,0.0,0.0,0.17099147277147403,0.0,0.0,0.0,94.82254399190644,0.0,0.0,0.0,0.0,449.09699707370174,0.0,0.0,0.0,0.0,0.0,0.0,0.0,0.0,766.4593052014327,0.0,0.01554467934293548,0.01554467934293548,0.0,0.0,0.0,0.0,0.0,0.0,0.0,0.0,0.0,0.0,0.0,0.0,0.0,0.0,0.0,248.31425213669414,0.0,0.0,0.0,0.0,0.0,0.0,0.0,461.2586579548454,0.0,0.0,0.0,0.0,0.0,522.9100444091553,727.0092043620832,0.0,0.0,0.0,93.26807605761289,0.0,0.0,0.0,0.0,0.0,-574.5217620001994,481.25368594258646,0.0,0.0,0.0,0.0,0.0,0.0,0.0,0.0,0.0,0.0,0.0,0.0,-1000.0,-1000.0,106.48105349910801,788.3111248892512,-834.9451629180577,0.0,999.378212826284,0.0,0.0,0.0,0.0,0.0,0.0,0.0,0.0,0.0,0.0,0.0,0.0,0.0,0.0,0.0,0.0,0.0,-19.430849178669344,0.0,-11.658509507201611,271.6312711510974,0.0,0.0,0.0,0.0,0.0,0.0,-1.9430849178669354,27.379361882684975,0.0,0.0,0.0,0.0,0.0,0.0,0.0,1000.0,46.634038028806444,46.634038028806444,0.0,0.0,0.0,0.0,447.34642069277214,0.17099147277147403,248.31425213669414,0.0,0.0,-999.378212826284,0.0,0.0,0.0,0.0,0.0,0.0,0.0,0.0,0.0,0.0,0.0,0.0,0.0,0.0,156.28132311964106,0.0,0.0,0.0,0.0,163.21913310082255,11.969403094060283,0.0,0.0,0.0,0.0,0.0,248.31425213669414,0.0,-12.777726419886534,0.0,0.0,0.0,-19.430849178669344,0.0,0.0,0.0,0.0,0.0,0.0,0.0,0.0,0.0,0.0,0.0,0.0,0.0,0.0,0.0,0.0,0.0,0.0,-0.15544679342935483,0.0,0.0,7.772339671467741,-676.1293532918006,0.0,0.0,0.0,0.0,0.0,0.0,0.0,0.0,13.383968914266632,3.8861698357338703,0.0,0.0,0.0,0.15544679342935483,0.0,155.4467934293548,-48.1885059631,31.089358685870963,1.1103342387811057,433.6965536679,-0.1165850950720161,7.77233967146773,3.1089358685870963,-0.7772339671453843,-433.6965536679,46.634038028806444,-0.15544679342935483,0.0,70.97239587095568,0.03886169835733871,1.1103342387811057,0.0,-24.747129513946817,-3.1089358685870963,-300.0,-0.15544679342935483,0.03886169835733871,-433.6965536679,15.544679342935481,0.15544679342935483,0.15544679342935483,-247.9878138704933,0.17099147277229032,-221.0199465222766,-0.1165850950720161,46.634038028806444,0.15544679342935483,46.634038028806444,-77.7233967146774,-0.07772339671467741,-433.43527255063856,-161.7282187524604,-0.1165850950720161,-0.15544679342935483,-48.1885059631,0.15544679342935483,15.544679342935481,-3.1089358685870963,146.0280926160956,146.0280926160956,-15.544679342935481,300.0,-146.0280926160956,31.089358685870963,0.2331701901440322,-410.11042478849583,15.544679342935481,-263.973047028185,70.97239587095568,-31.089358685870963,0.07772339671467741,1.5544679342935481,201.63684099081152,279.4036108225651,-0.15544679342935483,-283.2897806582989,247.9878138704933,48.1885059631,0.15544679342935483,24.747129513946817,-115.56375624426965,70.97239587095568,-0.15544679342935483,-0.03886169835733871,-70.97239587095568,-0.15544679342935483,-84.45532065706452,0.15544679342924114,-0.03886169835733871,-0.03886169835733871,-0.03886169835733871,62.178717371741925,77.7233967146774,1.5544679342935481,214.22352766752905,-0.03886169835733871,403.27368198162304,7.772339671467741,50.0,0.15544679342935483,0.07772339671467741,0.07772339671467741,51.03087727841332,48.1885059631,0.15544679342935483,-48.1885059631,1.5544679342935481,0.15544679342935483,-412.33729683865863,0.15544679342935483,0.621787173716001,0.7772339671453843,0.07772339671467741,0.03886169835733871,46.634038028806444,-0.15544679342935483,221.0199465222766,1.5544679342935481,-428.4470553350581,3.886169835733881,-15.544679342935481,31.089358685870963,7.772339671467741,-0.15544679342935483,0.0,0.2331701901440322,-0.15544679342935483,-102.06175455682664,48.1885059631,82.01354410703632,0.07772339671467741,-100.0,-0.15544679342935483,-0.15544679342924114,-0.15544679342935483,0.07772339671467741,433.6965536679,-31.089358685870963,0.15544679342935483,403.27368198162304,-0.03886169835733871,-0.17099147277229032,-403.27368198162304,23.317019014403222,161.7282187524604,-4.069008035598856,433.6965536679,-0.1165850950720161,283.2897806582989,-279.4036108225651,0.15544679342935483,-0.0388616983573387,7.7723396714677335,155.4467934293548,-0.07772339671467741,-0.15544679342935483,0.03886169835733871,0.0,0.0,346.42245227093343,198.11376917112958,-255.0,0.0,488.7242855545564,-140.0,0.0,-80.0,-255.0,-325.0,-63.61024912084772,40.0,127.5,127.5,0.0,70.0,-248.31425213669414,-308.78093468459934,63.61024912084772,325.0,-308.78093468459934,-488.7242855545564,294.37168122794526,0.0,1496.5981,hplb
427,0.0,0.0,0.0,0.0,0.0,0.0,0.0,0.0,-0.003935900268210158,0.0,0.0,0.0,0.0,0.0,0.0,0.0,-261.68201953233915,561.6820195323392,0.0,0.0,0.0,0.0,0.0,466.3792827024208,0.0,0.0,0.0,0.0,0.0,-306.0340810509755,0.0,0.0,82.01701100116514,0.0,0.0,0.0,0.0,396.68557196387366,0.0,-1000.0,1000.0,0.0,0.0,1000.0,0.0,0.0,483.4649344635833,0.0,-922.6070241823109,-493.6113694277012,0.0,-490.3231247656255,0.0,0.004329490295049254,0.0,0.0,0.0,0.7871800536420316,0.0,0.0,79.66659303534571,0.0,1000.0,719.1070280912975,0.0,0.0,0.0,0.0,0.0,0.0,0.0,0.03935900268210158,0.0,0.0,0.0,0.0,0.0,0.0,0.0,0.0,0.0,0.0,-53.61262440244371,0.0,2.361540160926095,0.0,40.173306995718406,-86.8721388919439,1000.0,-219.15603830862926,-0.0009839750670525395,0.0,0.0,537.055167065959,1.1807700804630474,0.0,141.96411223386505,-0.12673598863365498,0.0,0.0,0.0,537.4084354590588,-918.9164554254739,0.0,0.0,-16.23031074461897,431.63408138488194,0.0,0.0,0.0,0.0,0.0,0.0,0.0,0.0,0.0,0.0,0.0,0.0,0.0,0.0,0.0,0.0,0.0,-569.1963510165613,0.0,0.0,141.96411223386505,0.0,1.2201290831451492,0.0,0.0,0.0,0.0,0.0,0.0,0.0,0.0,0.0,-360.55956494404825,0.0,0.0,0.0,0.0,0.0,94.08899571881429,0.003935900268210158,0.0,0.0,0.0,0.0,-734.7001577124068,0.0,0.0,53.61262440244371,0.0,-47.235053579462445,0.0,0.0,0.0,0.0,0.0,-2.794515666855062,-2.794515666855062,0.0,0.0,0.0,-421.87500000000006,-605.5706587513882,0.0,0.0,-2.790579766586852,0.0,0.0,0.0,0.0,0.0,0.0,0.0,0.0,0.0,0.0,0.0,0.0,0.0,0.0,0.0,0.0,0.0,0.0,0.0,-1000.0,0.0,0.0,0.0,0.0,0.0,493.6113694277012,490.3231247656255,-480.84396169137074,480.84396169137074,236.66762570568744,0.0,0.0,0.0,0.0,0.0,0.0,612.8823743744986,727.2220551770845,0.0,0.0,0.0,0.0,0.0,0.0,0.0,0.0,0.0,0.0,0.0,0.0,0.0,176.3010536744241,345.423778588211,1000.0,0.0,0.0,0.0,123.8919392383608,-236.66762570568744,0.0,0.0,0.0,0.0,79.66659303534571,0.0,0.0,0.0,0.0,0.0,0.0,0.0,0.0,0.0,0.0,0.0,140.783342153402,0.0,-480.84396169137074,1000.0,-1000.0,0.0,-1000.0,0.0,0.0,360.55956494404825,0.0,0.0,0.0,0.0,-200.30535076797082,0.0,0.0,-865.5486944562788,0.0,134.45130554372125,-1000.0,134.45130554372125,0.0,519.1560383086293,0.0,599.9940961495977,493.6113694277012,0.0,10.981161748306343,0.0,0.0,0.0,-41.59590507148401,0.0,41.59590507148401,0.0,360.1465619093048,0.0,123.8919392383608,0.0,-421.87500000000006,0.0,0.0,79.66659303534571,-0.005903850402315237,0.0,0.0,0.0,0.0,0.003935900268210158,0.0,0.0,0.0,858.0358877661349,-261.68201953233915,0.0,-91.94733058849495,288.0998499120567,0.0,868.8593530491463,0.0,0.0,0.0,-16.23031074461897,0.0,0.0,0.0,88.22165164905081,0.0,-88.22165164905081,-1000.0,-1000.0,0.0,0.0,0.0,0.0,0.0,0.0,0.0,0.0,0.0,0.0,0.0,0.0,0.0,0.0,0.0,0.0,0.0,-603.2986844350557,0.0,-1000.0,53.61262440244371,0.0,0.0,0.0,0.0,604.0204536983209,476.95829364052156,0.0,0.0,0.0,0.0,537.2116404456483,0.0,0.0,-268.80261523623466,-490.88430938595417,0.0,0.0,645.9403099125204,0.0,-5.63857072423789,0.0,0.0,0.0,490.78591187924894,-646.1371049259309,-9.857692092924708,0.0,370.5568051226514,1000.0,-481.3518958105858,141.96411223386508,0.0,0.0,0.0,0.0,0.0,0.0,0.0,-176.3010536744241,176.3010536744241,176.3010536744241,270.44313069097694,0.0,0.0,0.0,0.0,0.0,612.8823743744986,0.0,0.0,-120.87976488192032,0.0,0.0,273.1047591847188,0.0,0.0,0.0,0.0,-99.60640997317898,0.007871800536122464,0.0,0.0,0.0,0.0,0.0,0.0,0.0,0.0,0.0,0.0,0.0,0.0,0.0,0.0,0.0,0.0,0.0,0.0,0.0,0.004329490295049254,0.004329490295049254,0.0,455.5138736207821,0.0,2.361540160926095,0.0,0.0,0.0,1000.0,0.0,0.0,40.173306995718406,0.0,0.0,199.64420627516495,-1000.0,0.0,0.0,0.0,0.0,0.0,273.1047591847188,0.0,0.0,0.0,0.0,0.0,0.0,0.0,189.73211700552042,-858.0358877661349,303.0660763275249,0.0,40.47637131637059,0.0,537.055167065959,0.0,0.0,0.0,199.64420627516495,0.0,100.03779630198596,0.0,1000.0,-1000.0,176.3010536744241,0.0,0.0,0.0,0.0,0.0,0.0,0.0,0.0,0.0,0.0,0.0,0.0,0.0,2.361540160926095,360.55956494404825,360.55956494404825,0.0,0.0,0.0,0.0,0.0,0.0,0.0,0.0,0.0,0.0,0.03935900268210158,0.0,0.0,40.173306995718406,-40.173306995718406,0.0,490.3231247656255,0.0,0.0,141.96411223386505,0.0,0.0,0.0,0.0,0.0,0.0,0.0,0.0,0.0,0.0,910.1954498484865,0.0,0.0,1.1807700804630474,1.1807700804630474,-789.2662075356208,-1000.0,0.0,273.1047591847188,0.0,0.0,0.0,0.0,0.0,918.9164554254739,612.8823743744986,1000.0,0.003935900268210158,0.0,0.0,0.0,5.197918575638401,0.0,0.0,-537.055167065959,0.0,0.0,0.0,0.0,0.0,0.0,0.0,0.0,0.0,0.0,0.0,0.0,0.0,0.0,0.003935900268210158,0.0,0.0,0.0,275.98724929642026,-275.98724929642026,0.0,0.0,0.0,0.0,-523.0417063594784,1000.0,0.0,0.0,-396.70131556494425,-0.29519252011576186,-0.1967950134105081,0.0,0.0,-359.37500000000006,-359.37500000000006,359.37500000000006,0.0,0.0,0.0,0.0,0.0,0.0,0.0,360.55956494404825,0.0,0.0,0.0,-110.59829567452402,0.0,0.0,0.0,-0.003935900268210158,0.0,0.0,0.003935900268210158,0.0,0.003935900268210158,0.0,0.0,0.0,2.361540160926095,4.801798327216392,4.801798327216392,0.0,0.0,0.0,0.0,0.0,0.0,0.0,303.0660763275249,0.0,612.8823743744986,0.0,0.0,88.56053266214373,0.0,0.0,0.0,0.0,0.0,0.0,0.0,0.0,0.0,0.0,0.0,0.0,0.0,0.0,0.0,0.0,0.0,0.0,0.005903850402315237,0.0,0.0,0.0,-141.96411223386505,0.0,0.0,0.0,0.0,0.0,-455.5138736207821,0.1967950134105079,0.0,0.0,0.0,421.87500000000006,605.5706587513882,-1000.0,0.0,0.0,0.0,0.0,0.0,0.0,0.0,0.0,360.55956494404825,0.0,0.0,543.8597739772536,279.21281994635797,0.0,-61.55216482501003,-16.230310744618976,0.0,0.0,0.0,0.0,53.61262440244371,-4.801798327216392,0.0,0.1967950134105081,944.5294230218556,0.0,0.0,0.0,-201.22637887335713,328.12500000000034,-328.12500000000034,-265.6249999999985,265.6249999999985,0.0,-571.0472893593359,0.0,0.0,0.0,455.8090661408978,-456.3994511811294,4.801798327216392,0.0,0.0,0.0,0.0,0.0,0.0,0.0,0.0,0.0,0.0,0.0,0.0,0.0,-5.197918575638401,-16.92443362681624,0.0,1.1807700804630474,40.173306995718406,0.0,0.0,0.0,-330.9950278430244,0.0,0.0,0.004329490295049254,0.0,0.0,0.0,2.4008991636081967,0.0,0.0,0.0,0.0,345.423778588211,0.0,431.63408138488194,0.0,0.0,0.0,0.0,0.0,0.0,-1000.0,0.0,0.00039359002682101685,0.00039359002682101685,0.0,0.0,0.0,0.0,0.0,0.0,0.0,0.0,0.0,0.0,0.0,0.0,0.0,0.0,0.0,455.5138736207821,0.0,0.0,0.0,0.0,0.0,0.0,0.0,493.6113694277012,0.0,0.0,0.0,80.34661399143681,0.0,-355.653842331766,561.6820195323392,0.0,0.0,0.0,2.361540160926095,0.0,0.0,0.0,0.0,0.0,0.0,-2.361540160926095,0.0,80.34661399143681,0.0,0.0,0.0,0.0,0.0,0.0,0.0,0.0,0.0,0.0,-1000.0,-1000.0,91.25662434586769,0.0,-141.96411223386505,0.0,396.68557196387366,0.0,0.0,0.0,0.0,0.0,0.0,0.0,0.0,0.0,0.0,0.0,0.0,0.0,0.0,0.0,0.0,0.0,-0.49198753352626995,360.55956494404825,-537.506832965764,544.6647913231573,0.0,0.0,0.0,0.0,0.0,0.0,-0.049198753352626974,174.49238928436404,0.0,0.0,0.0,0.0,0.0,0.0,0.0,1000.0,1.1807700804630474,1.1807700804630474,0.0,0.0,0.0,0.0,0.0,0.004329490295049254,455.5138736207821,0.0,0.0,-396.68557196387366,0.0,0.0,0.0,0.0,0.0,0.0,0.0,0.0,0.0,0.0,0.0,0.0,0.0,0.0,0.0,0.0,0.0,0.0,0.0,4.132695281620666,40.47637131637059,0.0,0.0,0.0,0.0,0.0,455.5138736207821,0.0,999.6764689979559,0.0,0.0,0.0,-0.49198753352626995,0.0,0.0,0.0,0.0,0.0,0.0,0.0,0.0,0.0,0.0,0.0,0.0,0.0,0.0,0.0,0.0,0.0,0.0,-0.003935900268210158,0.0,0.0,0.1967950134105079,-199.64420627516495,0.0,0.0,0.0,0.0,360.55956494404825,0.0,0.0,0.0,-88.22165164905081,0.09839750670525395,0.0,0.0,0.0,0.003935900268210158,0.0,3.935900268210158,-1.2201290831451492,0.7871800536420316,0.02811357334435827,10.981161748306343,-0.0029519252011576185,268.80261523623466,0.07871800536420316,-0.019679501338806627,-10.981161748306343,1.1807700804630474,-0.003935900268210158,5.410103581539656,273.1047591847188,0.0009839750670525395,0.02811357334435827,-16.23031074461897,-40.79990231841475,-0.07871800536420316,-300.0,-0.003935900268210158,0.0009839750670525395,-10.981161748306343,355.24776268338564,0.003935900268210158,0.003935900268210158,-455.5056082302188,-40.16897750542338,-149.16279948510618,-0.0029519252011576185,1.1807700804630474,0.003935900268210158,141.96411223386505,138.81539201929692,-0.001967950134105079,228.85847455380656,236.27009977859822,-0.0029519252011576185,-0.003935900268210158,-1.2201290831451492,0.003935900268210158,0.3935900268210158,-0.07871800536420316,0.0,0.0,-0.3935900268210162,300.0,0.0,0.7871800536420316,0.005903850402315237,-422.05544465890364,0.3935900268210158,-189.73211700552042,273.1047591847188,-0.7871800536420316,0.001967950134105079,0.03935900268210158,22.986832647123737,280.0,-0.003935900268210158,-456.3994511811294,455.5056082302188,1.2201290831451492,0.003935900268210158,40.79990231841475,-227.2558359471003,273.1047591847188,-0.003935900268210158,-0.0009839750670525395,-273.1047591847188,-0.003935900268210158,-531.2404913580609,0.003935900268210158,-0.0009839750670525395,-0.0009839750670525395,-0.0009839750670525395,1.5743601072840632,-138.81539201929692,0.03935900268210158,2.9160101112068446,-0.0009839750670525395,40.563561712707816,0.1967950134105079,50.0,0.003935900268210158,0.001967950134105079,0.001967950134105079,75.0,1.2201290831451492,0.003935900268210158,-1.2201290831451492,0.03935900268210158,0.003935900268210158,-2.9160101112068446,0.003935900268210158,0.015743601070603574,0.019679501338806627,0.001967950134105079,0.0009839750670525395,1.1807700804630474,-0.003935900268210158,149.16279948510618,0.03935900268210158,-5.832020222413689,268.70421772952943,-0.3935900268210158,0.7871800536420316,0.1967950134105079,-0.003935900268210158,16.23031074461897,0.005903850402315237,-0.003935900268210158,-150.0,1.2201290831451492,437.1592241956414,0.001967950134105079,-100.0,-0.003935900268210158,-0.003935900268210158,-0.003935900268210158,0.001967950134105079,10.981161748306343,-0.7871800536420316,0.003935900268210158,45.973665294247475,-0.0009839750670525395,40.16897750542338,-45.973665294247475,0.5903850402315236,-236.27009977859822,-172.12015513600048,10.981161748306343,-0.0029519252011576185,456.3994511811294,-280.0,0.003935900268210158,-0.0009839750670525395,0.1967950134105081,3.935900268210158,-0.001967950134105079,-0.003935900268210158,0.0009839750670525395,646.0833951839442,0.0,122.05347670876954,0.0,-255.0,0.0,653.0018613045049,-98.33430514171158,354.85417265656463,-80.0,-255.0,363.8310610988929,-300.0,40.0,127.5,127.5,-354.85417265656463,49.16715257085579,-455.5138736207821,-106.164196352617,300.0,-363.8310610988929,-106.164196352617,-653.0018613045049,439.9320536123921,0.0,1496.5981,hplb
428,0.0,0.0,0.0,0.0,0.0,0.0,0.0,0.0,390.2784352355774,0.0,0.0,0.0,0.0,0.0,0.0,0.0,118.8949072920271,-31.752041117124797,0.0,0.0,0.0,0.0,0.0,0.0,0.0,0.0,0.0,0.0,0.0,0.0,46.882849389552284,-46.882849389552284,138.6556313939549,0.0,0.0,0.0,0.0,247.19846813946694,0.0,-937.9273245127678,981.7506524066271,0.0,0.0,132.40063921966436,0.0,0.0,149.8921884787935,205.85836239591623,0.0,0.0,0.0,19.051062266906005,0.0,0.06691427450897436,0.0,0.0,0.0,218.02459412483148,0.0,0.0,0.6681260370849316,0.0,0.0,-64.2906935776019,0.0,0.0,0.0,0.0,953.0930935691672,-501.7561182892644,0.0,0.6083115864457627,0.0,0.0,0.0,0.0,0.0,0.0,0.0,0.0,0.0,0.0,0.0,0.0,36.49869518674576,0.0,0.0,-40.35076801012411,-849.9045329156688,790.5027026386388,0.0,0.0,0.0,94.67675573234573,18.24934759337288,0.0,18.24934759337288,-48.84161269788993,0.0,0.0,0.0,856.4521243117963,0.0,0.0,0.0,0.0,0.0,444.22812482413593,0.0,0.0,0.0,0.0,0.0,0.0,0.0,0.0,0.0,0.0,0.0,0.0,0.0,0.0,0.0,0.0,-575.2942844783972,0.0,0.0,18.24934759337288,0.0,18.85765917981864,0.0,0.0,0.0,263.0041277621485,-263.0041277621485,263.0041277621485,-64.9588196146868,-703.124999999999,703.124999999999,0.0,0.0,0.0,0.0,0.0,0.0,4.6839992156324115,0.06083115864457627,0.015207789661144068,0.0,0.0,0.0,-654.6171772289867,0.0,0.0,0.0,0.0,281.9015008385861,0.0,0.0,0.0,0.0,0.0,426.1738733089437,426.1738733089437,0.0,0.0,0.0,-26.041666666666693,0.0,0.0,0.0,473.1175538571406,0.0,0.0,0.0,0.0,0.0,0.0,0.0,0.0,0.0,0.0,0.0,0.0,0.0,0.0,0.0,0.0,0.0,0.0,0.0,-1000.0,0.0,0.0,0.0,0.0,0.0,0.0,-19.051062266906005,59.401830277030115,-59.401830277030115,0.0,0.0,0.0,0.0,0.0,0.0,0.0,0.0,-40.15294933050052,0.0,0.0,0.0,0.0,0.0,0.0,0.0,0.0,0.0,0.0,0.0,0.0,0.0,7.953789161120881,578.9496406868172,-99.8438450251211,0.0,0.0,0.0,64.9588196146868,134.82970506284624,0.0,0.0,0.0,0.0,0.6681260370849316,-232.24448424478547,46.882849389552284,0.0,0.0,0.0,0.0,0.0,0.0,0.0,0.0,0.0,0.0,0.0,909.3063631926989,0.0,0.0,0.0,99.8438450251211,0.0,0.0,64.9588196146868,74.21401354638304,0.0,0.0,0.0,-35.59751504188059,0.0,0.0,-914.791833467567,0.0,0.0,-914.791833467567,0.0,0.0,-790.5027026386388,0.0,87.05161943693541,0.0,0.0,34.88922755552153,0.0,0.0,0.0,-70.55147159958983,0.0,70.55147159958983,0.0,622.8880800186449,0.0,64.9588196146868,0.0,-26.04166666666669,0.0,0.0,0.6681260370849316,-0.0912467379668644,0.0,0.0,0.0,0.0,0.06083115864457627,0.0,0.0,0.0,846.9209473437809,118.8949072920271,0.0,-319.86554685101305,278.56164914634394,0.0,1000.0,0.0,0.0,0.0,0.0,0.0,0.0,0.0,953.0930935691672,-953.0930935691672,0.0,0.0,0.0,0.0,0.0,0.0,0.0,0.0,0.0,0.0,0.0,0.0,0.0,0.0,0.0,0.0,0.0,0.0,0.0,0.0,0.0,0.0,-247.44179277404552,0.0,0.0,0.0,0.0,0.0,0.0,257.234592607817,0.0,0.0,0.0,21.758501374559046,853.4105663795675,0.0,0.0,49.953165246969206,0.0,0.0,0.0,0.0,-1000.0,-61.99831281794624,0.0,-633.6128915751754,0.0,-1.5207789661144067,-3.0415579322288133,397.96548921349864,0.0,281.8790829315547,979.5004776961288,0.0,18.24934759337288,156.18750000000182,-156.18750000000182,0.0,0.0,0.0,390.33926639422197,0.0,-7.953789161120881,7.953789161120881,7.953789161120881,-756.6622334661678,0.0,0.0,0.0,0.0,0.0,0.0,0.0,0.0,-63.622567540516854,0.0,-1000.0,0.0,0.0,0.0,0.0,0.0,-93.91688413554238,0.1216623172895197,0.0,0.0,0.0,0.0,0.0,0.0,0.0,0.0,0.0,0.0,0.0,0.0,0.0,0.0,0.0,0.0,0.0,0.0,0.0,0.06691427450897436,0.06691427450897436,46.882849389552284,274.0534517508748,0.0,36.49869518674576,0.0,0.0,0.0,265.39126886125297,0.0,0.0,0.0,0.0,0.0,-235.10483655844132,-265.39126886125297,0.0,0.0,0.0,0.0,0.0,0.0,0.0,0.0,0.0,0.0,0.0,0.0,0.0,191.76476149279907,-846.9209473437809,654.6171772289867,153.9128852061936,4.6839992156324115,0.0,94.67675573234573,0.0,-134.82970506284624,0.0,-235.10483655844132,0.0,0.0,-329.0217206939837,0.0,0.0,7.953789161120881,0.0,0.0,0.0,0.0,0.0,0.0,0.0,0.0,0.0,0.0,0.0,0.0,0.0,36.49869518674576,64.9588196146868,64.9588196146868,0.0,0.0,0.0,0.0,0.0,0.0,0.0,0.0,0.0,0.0,0.6083115864457627,0.0,46.882849389552284,0.0,0.0,46.882849389552284,-19.051062266906005,0.0,0.0,18.24934759337288,0.0,0.0,0.0,0.0,153.9128852061936,0.0,0.0,0.0,0.0,0.0,22.98803605860715,0.0,0.0,18.24934759337288,18.24934759337288,1000.0,-265.39126886125297,0.0,0.0,0.0,0.0,0.0,0.0,0.0,0.0,0.0,36.357904524937794,0.06083115864457627,0.0,0.0,-349.9699695274622,430.30620468314584,0.0,0.0,-94.67675573234573,0.0,0.0,0.0,0.0,0.0,0.0,0.0,0.0,0.0,0.0,0.0,0.0,0.0,0.0,0.06083115864457627,0.0,0.0,0.0,0.0,0.0,0.0,0.0,0.0,0.0,-565.9516686283102,960.7532161323703,0.0,-137.56695489624303,-247.44179277404552,-4.562336898343233,-3.0415579322288124,0.0,0.0,-328.12500000000006,-328.125,328.12500000000006,0.0,0.0,0.0,0.0,0.0,0.0,0.0,64.9588196146868,0.0,0.0,0.0,284.92064086378355,0.0,0.0,0.0,390.2784352355774,0.0,0.0,0.06083115864457627,0.0,0.06083115864457627,0.0,451.33697527990284,0.0,36.49869518674576,74.21401354638304,74.21401354638304,0.0,0.0,0.0,0.0,0.0,0.0,0.0,654.6171772289867,0.0,0.0,0.0,0.0,0.0,958.3306563284652,0.0,0.0,0.0,0.0,0.0,0.0,0.0,0.0,0.0,0.0,0.0,0.0,0.0,134.82970506284624,0.0,0.0,0.0,0.0912467379668644,0.0,0.0,0.0,-18.24934759337288,0.0,0.0,0.0,0.0,0.0,-274.0534517508748,3.0415579322288133,0.0,0.0,0.0,26.041666666666693,0.0,-960.7532161323703,0.0,0.0,-1000.0,0.0,0.0,0.0,0.0,0.0,64.9588196146868,0.0,0.0,0.0,266.0996625897539,0.0,967.4509455000715,0.0,0.0,-137.56695489624303,137.56695489624303,0.0,0.0,0.0,0.0,3.0415579322288133,1000.0,0.0,0.0,-46.882849389552284,-63.622567540516854,171.87499999999844,-171.87499999999844,0.0,0.0,0.0,-215.0357424338971,0.0,0.0,0.0,-9.124673796686466,0.0,74.21401354638304,0.0,0.0,0.0,46.882849389552284,0.0,0.0,0.0,0.0,0.0,0.0,0.0,0.0,287.7404624459045,-80.3362351556836,408.6228502559324,0.0,18.24934759337288,0.0,0.0,0.0,0.0,-87.91339797095537,0.0,0.0,0.06691427450897436,0.0,0.0,0.0,37.10700677319152,0.0,0.0,0.0,0.0,578.9496406868172,0.0,0.0,0.0,0.0,0.0,0.0,0.0,0.0,0.0,0.0,0.006083115864457422,0.006083115864457422,0.0,0.0,0.0,0.0,0.0,0.0,0.0,0.0,0.0,-349.9699695274622,46.882849389552284,0.0,0.0,0.0,0.0,274.0534517508748,0.0,0.0,0.0,0.0,0.0,0.0,0.0,0.0,0.0,0.0,0.0,0.0,0.0,305.7903717540836,-31.752041117124797,0.0,0.0,0.0,36.49869518674576,0.0,0.0,0.0,0.0,0.0,0.0,-36.49869518674576,0.0,0.0,0.0,0.0,0.0,0.0,0.0,0.0,0.0,46.882849389552284,46.882849389552284,0.0,963.6420954750622,0.0,1000.0,0.0,-18.24934759337288,0.0,247.19846813946694,0.0,0.0,0.0,0.0,0.0,0.0,0.0,0.0,0.0,0.0,0.0,0.0,0.0,0.0,0.0,0.0,0.0,-7.603894830572045,64.9588196146868,-857.9729032779107,953.768319430122,0.0,0.0,0.0,0.0,0.0,0.0,-0.7603894830572033,63.622567540516854,0.0,0.0,0.0,0.0,0.0,0.0,0.0,1000.0,18.24934759337288,18.24934759337288,0.0,0.0,0.0,0.0,0.0,0.06691427450897436,274.0534517508748,0.0,0.0,-247.19846813946694,0.0,0.0,0.0,0.0,0.0,0.0,0.0,0.0,0.0,0.0,0.0,0.0,0.0,0.0,225.66848763995142,0.0,0.0,0.0,0.0,63.87271657680509,4.6839992156324115,0.0,0.0,0.0,0.0,0.0,274.0534517508748,0.0,908.8700455022516,0.0,0.0,0.0,-7.603894830572045,0.0,0.0,0.0,0.0,0.0,0.0,0.0,0.0,0.0,0.0,0.0,0.0,0.0,0.0,0.0,0.0,0.0,0.0,-0.06083115864457627,0.0,0.0,3.0415579322288133,235.10483655844132,0.0,0.0,0.0,0.0,64.9588196146868,0.0,0.0,0.0,-953.0930935691672,1.5207789661144067,0.0,0.0,0.0,0.06083115864457627,0.0,60.83115864457626,-18.85765917981864,12.166231728915255,0.4345082760326875,169.71893261836777,-0.0456233689834322,429.74684112201254,1.2166231728915253,-0.304155793223174,-169.71893261836777,18.24934759337288,-0.06083115864457627,0.0,0.0,0.015207789661144068,0.4345082760326875,0.0,-9.684320456198748,45.66622621666076,-87.14286617490231,-0.06083115864457627,0.015207789661144068,-169.71893261836777,345.9976356295186,0.06083115864457627,0.06083115864457627,-273.9257063177212,0.0669142745090337,-232.57251552949728,-0.0456233689834322,18.24934759337288,0.06083115864457627,18.24934759337288,-30.415579322288135,-0.030415579322288135,-49.328985309088836,-140.97365208594846,-0.0456233689834322,-0.06083115864457627,-18.85765917981864,0.06083115864457627,6.083115864457627,-1.2166231728915253,134.82970506284624,134.82970506284624,-6.083115864457627,87.14286617490231,-134.82970506284624,12.166231728915253,0.0912467379668644,628.5613319866221,6.083115864457627,-191.76476149279907,0.0,-12.166231728915253,0.030415579322288135,0.6083115864457627,79.96638671275326,278.26589431866915,-0.06083115864457627,-287.7404624459045,273.9257063177212,18.85765917981864,0.06083115864457627,9.684320456198748,-412.9119101385525,0.0,-0.06083115864457627,-0.015207789661144068,0.0,-0.06083115864457627,-93.91688413554238,0.06083115864457627,-0.015207789661144068,-0.015207789661144068,-0.015207789661144068,24.332463457830507,30.415579322288135,0.6083115864457627,45.06828466078298,-0.015207789661144068,159.93277342550653,3.0415579322288133,50.0,0.06083115864457627,0.030415579322288135,0.030415579322288135,-26.396293942885777,18.85765917981864,0.06083115864457627,-18.85765917981864,0.6083115864457627,0.06083115864457627,-45.06828466078298,0.06083115864457627,0.24332463457858466,0.304155793223174,0.030415579322288135,0.015207789661144068,18.24934759337288,-0.06083115864457627,232.57251552949728,-22.83311310833038,-90.13656932156596,428.22606215589815,-6.083115864457627,12.166231728915253,3.0415579322288133,-0.06083115864457627,0.0,0.0912467379668644,-0.06083115864457627,52.79258788577155,18.85765917981864,493.63706164650114,0.030415579322288135,-100.0,-0.06083115864457627,-0.06083115864457627,-0.06083115864457627,0.030415579322288135,169.71893261836777,-12.166231728915253,0.06083115864457627,159.93277342550653,-0.015207789661144068,-0.0669142745090337,-159.93277342550653,9.124673796686439,140.97365208594846,-507.36227967967494,169.71893261836777,-0.0456233689834322,287.7404624459045,-278.26589431866915,0.06083115864457627,-0.015207789661144066,24.80005930678786,60.83115864457626,-0.030415579322288135,-0.06083115864457627,0.015207789661144068,0.0,0.0,-628.5917475659444,0.0,-255.0,0.0,-54.61907942455059,-140.0,339.91451976506096,-80.0,744.4960017372525,-325.0,0.0,40.0,127.5,-372.24800086862626,-339.91451976506096,70.0,-274.0534517508748,-405.72366367554577,0.0,325.0,-405.72366367554577,54.61907942455059,176.10485742477215,0.0,1496.5981,hplb
429,0.0,0.0,0.0,0.0,0.0,0.0,0.0,0.0,305.5579922844181,0.0,0.0,0.0,0.0,0.0,0.0,0.0,-568.5238570541613,731.4761429458387,0.0,137.04771410832268,0.0,0.0,0.0,0.0,0.0,0.0,0.0,0.0,0.0,-431.47614294583866,0.0,0.0,67.1729855793023,0.0,0.0,0.0,0.0,642.1447553123456,0.0,-1000.0,998.229572610305,0.0,0.0,0.0,0.0,0.0,0.0,0.0,1000.0,-625.1642777783749,0.0,0.0,0.0,0.006491567095508799,0.0,0.0,0.0,0.0,0.0,0.0,17.266242992365203,0.0,-551.0419259005582,-587.1335682731453,0.0,0.0,0.0,0.0,0.0,0.0,0.0,0.059014246323167666,0.0,0.0,0.0,0.0,0.0,0.0,0.0,0.0,0.0,0.0,0.0,0.0,3.5408547793900595,0.0,0.0,-37.207185891460504,849.001542206811,356.7295007388109,-0.0014753561580791916,0.0,0.0,0.0,1.7704273896950298,0.0,1.7704273896950298,-121.4249140995006,539.5393391684347,0.0,0.0,0.2950712316158383,-431.47614294583866,0.0,0.0,0.0,0.0,204.24030151009185,0.0,0.0,0.0,0.0,0.0,0.0,0.0,0.0,0.0,0.0,0.0,0.0,0.0,0.0,0.0,0.0,-518.4629663390537,0.0,0.0,1.7704273896950298,0.0,1.8294416360181973,0.0,0.0,-385.90905611370124,445.7044774930282,-59.79542137932697,59.79542137932697,483.40755665735037,0.0,0.0,-536.7654420223028,0.0,0.0,0.0,0.0,0.0,0.4544096966883906,0.005901424632316766,0.0,0.0,0.0,0.0,-616.3922391703029,0.0,0.0,0.0,0.0,201.64789064737545,0.0,0.0,0.0,0.0,0.0,-368.7643599270413,-368.7643599270413,0.0,0.0,0.0,-390.625,0.0,0.0,0.0,-368.758458502409,0.0,0.0,0.0,-71.54367932183216,-235.61592195781094,0.0,0.0,0.0,0.0,0.0,0.0,0.0,0.0,0.0,0.0,0.0,0.0,0.0,0.0,-1000.0,0.0,0.0,0.0,0.0,0.0,625.1642777783749,0.0,-905.7310429456219,905.7310429456219,53.35788536495236,0.0,0.0,0.0,0.0,0.0,0.0,0.0,-60.52572383520005,0.0,0.0,0.0,0.0,0.0,0.0,0.0,0.0,0.0,0.0,0.0,0.0,0.0,190.83094347384235,685.3356521393002,0.0,0.0,0.0,0.0,0.0,-53.35788536495236,0.0,0.0,0.0,0.0,17.266242992365203,0.0,0.0,0.0,204.09317483394938,0.0,0.0,0.0,0.0,0.0,450.0007858461315,1.1802849264633533,0.0,0.0,-754.7325851524329,1000.0,57.06177116291758,0.0,0.0,0.0,0.0,53.35788536495236,319.0748006487789,0.0,0.0,0.0,294.2014118550097,0.0,0.0,-1000.0,0.0,0.0,-1000.0,0.0,0.0,-56.729500738810884,0.0,-1000.0,625.1642777783749,0.0,16.464974724163774,0.0,0.0,0.0,-147.19625416197533,0.0,147.19625416197533,0.0,-368.77026135167364,0.0,0.0,-60.52572383520005,-390.62500000000006,0.0,0.0,17.266242992365203,-0.00885213694847515,0.0,0.0,0.0,0.0,0.005901424632316766,0.0,0.0,0.0,548.2287867641735,-568.5238570541613,0.0,-753.1263413320011,983.1942130564103,235.61592195781094,1000.0,0.0,-465.88255306672977,0.0,0.0,0.0,0.0,0.0,-0.5081126608424339,466.3906657275722,0.0,-750.7666317558555,-1000.0,0.0,0.0,0.0,0.0,0.0,0.0,0.0,0.0,0.0,0.0,0.0,0.0,0.0,0.0,0.0,0.0,204.09317483394938,-357.8316389891253,0.0,-1000.0,0.0,0.0,571.2356740724726,0.0,0.0,0.0,-450.45519554281987,0.0,539.5393391684347,0.0,0.0,0.0,0.0,0.0,-0.2950712316158383,174.0452514612073,-466.3906657275722,0.0,0.0,0.0,-7.946268267414524,0.0,0.0,1000.0,-174.19278707701523,-0.2950712316158383,-319.7180146803761,0.0,-387.4939642058353,-93.77046280983947,276.9422674649247,1.7704273896950298,0.0,0.0,0.0,0.0,0.0,305.56389370905043,0.0,-190.83094347384235,190.83094347384235,190.83094347384235,253.81971507353666,0.0,0.0,0.0,0.0,0.0,0.0,0.0,0.0,-18.825399380221953,0.0,0.0,0.0,0.0,0.0,0.0,0.0,67.1729855793023,0.011802849264540782,0.0,0.0,0.0,0.0,0.0,0.0,0.0,0.0,0.0,0.0,0.0,0.0,0.0,0.0,0.0,0.0,0.0,0.0,0.0,0.006491567095508799,0.006491567095508799,0.0,469.650658547379,0.0,3.5408547793900595,0.0,0.0,0.0,1000.0,0.0,0.0,0.0,0.0,0.0,331.1308528446084,-1000.0,0.0,0.0,0.0,0.0,0.0,0.0,0.0,0.0,0.0,0.0,0.0,0.0,0.0,172.82098877968454,-548.2287867641735,616.3922391703029,0.0,0.4544096966883906,0.0,0.0,0.0,0.0,0.0,331.1308528446084,0.0,398.3038384239107,0.0,814.5471045497424,-814.5471045497424,190.83094347384235,0.0,0.0,0.0,0.0,0.0,0.0,0.0,0.0,0.0,0.0,0.0,0.0,0.0,3.5408547793900595,53.35788536495236,53.35788536495236,0.0,0.0,0.0,0.0,0.0,0.0,0.0,0.0,0.0,0.0,0.059014246323167666,0.0,0.0,0.0,0.0,0.0,0.0,0.0,0.0,1.7704273896950298,0.0,0.0,0.0,0.0,0.0,0.0,0.0,0.0,0.0,0.0,164.3201668554982,0.0,0.0,1.7704273896950298,1.7704273896950298,1000.0,-1000.0,0.0,0.0,0.0,0.0,0.0,0.0,0.0,182.2427747016942,0.0,513.2794084329634,0.005901424632316766,0.0,0.0,0.0,7.7936742876360485,0.0,0.0,0.0,0.0,0.0,0.0,0.0,0.0,0.0,0.0,0.0,0.0,0.0,0.0,0.0,0.0,0.0,0.005901424632316766,0.0,0.0,0.0,0.0,0.0,0.0,0.0,0.0,0.0,0.0,1000.0,0.0,0.0,-981.8485433127873,-0.44260684742375744,-0.29507123161583815,0.0,0.0,0.0,0.0,0.0,0.0,0.0,0.0,0.0,0.0,0.0,0.0,53.35788536495236,235.61592195781094,0.0,0.0,-110.25662550929478,0.0,0.0,0.0,305.5579922844181,0.0,0.0,0.005901424632316766,0.0,0.005901424632316766,0.0,0.0,0.0,3.5408547793900595,7.199738051426454,7.199738051426454,0.0,0.0,0.0,0.0,0.0,0.0,0.0,616.3922391703029,0.0,0.0,0.0,0.0,0.0,0.0,0.0,0.0,0.0,0.0,0.0,0.0,0.0,0.0,0.0,0.0,0.0,0.0,0.0,0.0,0.0,-660.3627620121067,660.3627620121067,0.00885213694847515,0.0,0.0,0.0,-1.7704273896950298,0.0,0.0,0.0,0.0,0.0,-469.650658547379,0.2950712316158383,0.0,0.0,0.0,390.625,0.0,-549.5448044571801,0.0,0.0,0.0,0.0,0.0,0.0,0.0,0.0,53.35788536495236,0.0,0.0,0.0,278.81971507353666,0.0,940.2119542438395,0.0,339.6801823019126,-1000.0,539.5393391684347,120.78047852965267,0.0,311.87506259735244,0.0,0.29507123161583815,1000.0,0.0,0.0,0.0,-18.825399380221953,0.0,0.0,0.0,0.0,0.0,0.0,0.0,0.0,0.0,-0.8852136948475504,0.0,7.199738051426454,0.0,-78.125,-78.125,78.125,0.0,0.0,0.0,0.0,0.0,450.0007858461316,0.0,0.0,470.9784790896503,-7.7936742876360485,-962.2009950780564,0.0,1.7704273896950298,0.0,0.0,0.0,0.0,148.67470281713662,0.0,0.0,0.006491567095508799,0.0,0.0,0.0,3.599869025713227,0.0,0.0,0.0,0.0,685.3356521393002,0.0,0.0,0.0,0.0,0.0,0.0,0.0,0.0,168.23100389325066,0.0,0.000590142463231691,0.000590142463231691,0.0,0.0,0.0,0.0,0.0,0.0,0.0,0.0,0.0,0.0,0.0,0.0,0.0,0.0,0.0,469.650658547379,0.0,0.0,0.0,0.0,0.0,0.0,0.0,625.1642777783749,0.0,0.0,0.0,0.0,0.0,-1000.0,731.4761429458387,0.0,0.0,0.0,3.5408547793900595,0.0,0.0,0.0,0.0,0.0,0.0,-3.5408547793900595,0.0,0.0,0.0,0.0,0.0,0.0,0.0,0.0,0.0,0.0,0.0,0.0,-1000.0,-1000.0,4.0424758731369845,-1.7704273896950298,0.0,0.0,642.1447553123456,0.0,0.0,0.0,0.0,0.0,0.0,0.0,0.0,0.0,0.0,0.0,0.0,0.0,0.0,0.0,0.0,0.0,-0.7376780790395956,53.35788536495236,-0.44260684742375744,-0.44260684742380363,0.0,0.0,0.0,0.0,0.0,-0.07376780790395956,0.0,18.825399380221953,0.0,0.0,0.0,0.0,0.0,0.0,0.0,513.2794084329634,1.7704273896950298,1.7704273896950298,0.0,0.0,0.0,0.0,0.0,0.006491567095508799,469.650658547379,0.0,0.0,-642.1447553123456,0.0,0.0,0.0,0.0,0.0,0.0,0.0,0.0,0.0,0.0,0.0,0.0,0.0,0.0,330.18138100605336,0.0,0.0,0.0,0.0,6.196495863932604,0.4544096966883906,0.0,0.0,0.0,0.0,0.0,469.650658547379,0.0,999.0604931985363,0.0,0.0,0.0,-0.7376780790395956,0.0,0.0,0.0,0.0,0.0,0.0,0.0,0.0,0.0,0.0,0.0,0.0,0.0,0.0,0.0,0.0,0.0,0.0,-0.005901424632316766,0.0,0.0,0.2950712316158383,-331.1308528446084,0.0,0.0,0.0,0.0,53.35788536495236,0.0,0.0,0.0,0.5081126608424339,0.14753561580791916,0.0,0.0,0.0,0.005901424632316766,0.0,5.901424632316766,-1.8294416360181973,1.1802849264633533,0.0421530330879769,16.464974724163774,-0.004426068474237575,0.2950712316158383,0.11802849264633532,-0.029507123161351956,-16.464974724163774,1.7704273896950298,-0.005901424632316766,0.0,0.0,0.0014753561580791916,0.0421530330879769,0.0,-0.9395068014637218,-0.11802849264633153,-300.0,-0.005901424632316766,0.0014753561580791916,-16.464974724163774,48.29357994108316,0.005901424632316766,0.005901424632316766,-469.6382655556512,0.006491567095548457,0.0,-0.004426068474237575,1.7704273896950298,0.005901424632316766,1.7704273896950298,-2.9507123161583833,-0.002950712316158383,-201.64789064737545,52.76184147708837,-0.004426068474237575,-0.005901424632316766,-1.8294416360181973,0.005901424632316766,0.5901424632316766,-0.11802849264633532,0.0,0.0,-0.590142463231679,300.0,0.0,1.1802849264633533,0.00885213694847515,461.44666371608173,0.5901424632316766,-172.82098877968454,0.0,-1.1802849264633533,0.002950712316158383,0.059014246323167666,188.28158533300027,280.0,-0.005901424632316766,-470.9784790896503,469.6382655556512,1.8294416360181973,0.005901424632316766,0.9395068014637218,-54.78514703663163,0.0,-0.005901424632316766,-0.0014753561580791916,0.0,-0.005901424632316766,67.1729855793023,0.005901424632497765,-0.0014753561580791916,-0.0014753561580791916,-0.0014753561580791916,2.360569852926706,2.9507123161583833,0.059014246323167666,275.8369063245317,-0.0014753561580791916,376.56317066600053,0.2950712316158383,-33.29142155803532,0.005901424632316766,0.002950712316158383,0.002950712316158383,0.5901424632316766,1.8294416360181973,0.005901424632316766,-1.8294416360181973,0.059014246323167666,0.005901424632316766,-818.7662830246657,0.005901424632316766,0.023605698529081565,0.029507123161351956,0.002950712316158383,0.0014753561580791916,1.7704273896950298,-0.005901424632316766,0.0,0.059014246323165764,-551.6738126490634,0.14753561580791913,-0.5901424632316766,1.1802849264633533,0.2950712316158383,-0.005901424632316766,0.0,0.00885213694847515,-0.005901424632316766,-1.1802849264633533,1.8294416360181973,-71.25685656425443,0.002950712316158383,66.58284311607063,-0.005901424632316766,-0.005901424632497765,-0.005901424632316766,0.002950712316158383,16.464974724163774,-1.1802849264633533,0.005901424632316766,376.56317066600053,-0.0014753561580791916,-0.006491567095548457,-376.56317066600053,0.8852136948475148,-52.76184147708837,-252.85455049825833,16.464974724163774,-0.004426068474237575,470.9784790896503,-280.0,0.005901424632316766,-0.0014753561580791914,0.29507123161583815,5.9014246323167665,-0.002950712316158383,-0.005901424632316766,0.0014753561580791916,1000.0,0.0,-761.4496144283978,542.929376700134,844.199919892738,0.0,-137.69700783835856,-67.30340706367647,47.70343747785148,209.65126990987028,-255.0,-325.0,-300.0,-104.82563495493514,-422.099959946369,127.5,-47.70343747785148,33.65170353183824,-469.650658547379,-77.41784625288219,300.0,325.0,-77.41784625288219,137.69700783835856,-41.7510016324793,0.0,1496.5981,hplb
430,0.0,0.0,0.0,0.0,0.0,0.0,0.0,0.0,-0.1247868478872673,0.0,0.0,0.0,0.0,0.0,0.0,0.0,384.9363380823644,655.9666063361522,0.0,-1000.0,0.0,0.0,0.0,0.0,0.0,90.76955927835604,0.0,0.0,0.0,-862.3434373947833,0.0,0.0,19.816517475342515,0.0,0.0,0.0,0.0,404.1168489213064,0.0,-141.7446659058456,962.5639456338198,0.0,0.0,0.0,0.0,0.0,0.0,114.13598365766985,230.12732383527123,0.0,0.0,0.0,0.0,0.13726553267589578,0.0,0.0,0.0,139.09335323512332,0.0,0.0,58.753506325705814,0.0,287.02328989053177,136.54759202730656,591.2077410974855,0.0,0.0,0.0,633.9769752859777,-633.9769752859777,0.0,1.247868478872673,0.0,0.0,0.0,0.0,0.0,0.0,0.0,0.0,0.0,0.0,0.0,0.0,74.87210873236039,0.0,0.0,-402.14402066719515,0.0,127.98330316807608,-0.031196711971816823,0.0,0.0,-296.89460642406885,37.436054366180194,0.0,37.436054366180194,-495.71425361093867,0.0,0.0,0.0,553.8216882138449,-969.8978863096049,0.0,0.0,-3.669900690495604,0.0,0.0,0.0,0.0,0.0,0.0,0.0,0.0,0.0,0.0,0.0,0.0,0.0,0.0,0.0,0.0,0.0,0.0,-1000.0,0.0,0.0,37.436054366180194,0.0,38.68392284505286,18.913497293698637,0.0,112.34001210987822,0.0,-112.34001210987822,112.34001210987822,-656.5337157733694,-546.8750000000002,546.8750000000002,447.3045115844384,0.0,0.0,0.0,0.0,0.0,9.608587287319576,0.1247868478872673,0.0,0.0,0.0,-585.0748070775721,0.0,0.0,0.0,0.0,0.0,604.180521668138,0.0,0.0,0.0,0.0,0.0,-124.45189787883965,-124.45189787883965,0.0,0.0,0.0,0.0,-1000.0,0.0,0.0,-124.32711103095238,0.0,0.0,0.0,-1000.0,0.0,0.0,0.0,0.0,0.0,0.0,0.0,0.0,0.0,0.0,0.0,0.0,0.0,0.0,0.0,-1000.0,0.0,0.0,0.0,0.0,0.0,0.0,0.0,172.01669683192392,-172.01669683192392,209.229204188931,0.0,0.0,0.0,0.0,0.0,0.0,107.55444891482159,-130.48091848578974,0.0,0.0,0.0,0.0,0.0,0.0,0.0,0.0,0.0,0.0,0.0,0.0,0.0,0.0,534.989546232479,247.27977547714772,0.0,0.0,0.0,0.0,157.396528363386,0.0,0.0,0.0,0.0,58.753506325705814,247.27977547714772,0.0,0.0,0.0,0.0,0.0,0.0,0.0,0.0,0.0,0.0,0.0,0.0,512.7324609786097,340.71576414668573,0.0,0.0,-247.27977547714772,0.0,0.0,209.229204188931,-640.2742439409926,0.0,0.0,0.0,-136.09672700662577,0.0,0.0,-1000.0,0.0,0.0,-1000.0,0.0,0.0,172.01669683192392,0.0,0.0,0.0,0.0,19.356567640556023,0.0,0.0,0.0,238.51087465367237,0.0,-238.51087465367237,0.0,166.55517914665978,0.0,0.0,-470.6304801998994,0.0,0.0,0.0,58.753506325705814,-0.18718027183090094,0.0,0.0,0.0,0.0,0.1247868478872673,0.0,0.0,0.0,595.9382130815028,384.9363380823644,0.0,-703.9159024680398,1000.0,0.0,1000.0,0.0,0.0,0.0,-3.669900690495604,0.0,0.0,0.0,194.67625487320936,-885.32860669218,690.6523518189706,-1000.0,-206.84917784244158,0.0,0.0,0.0,0.0,0.0,0.0,0.0,0.0,0.0,0.0,0.0,0.0,0.0,0.0,0.0,0.0,0.0,-595.3840036871445,0.0,-1000.0,0.0,0.0,491.69611710897107,67.3830408249786,0.0,976.2624569357829,-9.608587287319576,0.0,0.0,0.0,0.0,547.5823458194816,251.35163140620222,0.0,-666.634590575638,0.0,0.0,0.0,-508.61324183254055,-64.09824497547902,-1000.0,0.0,352.9125548590445,1000.0,-3.1196711971816824,502.3738994381772,0.0,0.0,0.0,1000.0,130.80814699628814,37.436054366180194,0.0,0.0,0.0,0.0,0.0,0.0,0.0,0.0,0.0,0.0,59.96471892522209,0.0,0.0,-291.1318638733867,0.0,0.0,107.55444891482159,0.0,0.0,-91.72219153751944,0.0,0.0,0.0,0.0,0.0,0.0,0.0,-87.52131521127328,0.24957369577469535,0.0,0.0,0.0,0.0,0.0,0.0,0.0,0.0,0.0,0.0,0.0,0.0,0.0,0.0,0.0,0.0,0.0,0.0,0.0,0.13726553267589578,0.13726553267589578,0.0,231.84283922425118,0.0,74.87210873236039,0.0,0.0,0.0,1000.0,0.0,0.0,0.0,0.0,0.0,784.9519546390411,-1000.0,0.0,0.0,0.0,0.0,0.0,0.0,0.0,0.0,0.0,0.0,0.0,0.0,0.0,333.3333333333333,-595.9382130815028,585.0748070775721,0.0,9.608587287319576,0.0,0.0,-296.8946064240688,-663.5203389763858,0.0,784.9519546390411,0.0,697.4306394277678,0.0,0.0,0.0,0.0,0.0,0.0,0.0,0.0,0.0,0.0,0.0,0.0,0.0,0.0,0.0,0.0,0.0,74.87210873236039,209.22920418893102,209.229204188931,0.0,0.0,0.0,0.0,0.0,0.0,0.0,0.0,0.0,0.0,1.247868478872673,0.0,0.0,0.0,0.0,0.0,0.0,0.0,0.0,37.436054366180194,0.0,0.0,0.0,0.0,0.0,0.0,0.0,0.0,0.0,0.0,-627.5459854564913,672.602501709999,0.0,37.436054366180194,37.436054366180194,1000.0,-1000.0,0.0,0.0,0.0,0.0,0.0,0.0,0.0,969.8978863096049,107.55444891482159,1000.0,0.1247868478872673,0.0,0.0,0.0,89.14487015289724,0.0,0.0,296.89460642406885,0.0,0.0,0.0,0.0,0.0,0.0,0.0,0.0,0.0,0.0,0.0,0.0,0.0,0.0,0.1247868478872673,0.0,0.0,0.0,0.0,0.0,0.0,0.0,0.0,0.0,0.0,482.0875298216515,0.0,0.0,-404.6159963128555,-9.359013591545047,-6.239342394363365,0.0,0.0,0.0,0.0,0.0,0.0,0.0,0.0,0.0,0.0,0.0,0.0,209.22920418893102,0.0,0.0,0.0,137.04748939065152,0.0,0.0,0.0,-0.1247868478872673,0.0,0.0,0.1247868478872673,0.0,0.1247868478872673,0.0,0.0,0.0,74.87210873236039,152.2399544224661,152.2399544224661,0.0,0.0,0.0,0.0,0.0,0.0,0.0,585.0748070775721,0.0,107.55444891482159,0.0,0.0,0.0,205.42040247630297,0.0,0.0,0.0,0.0,0.0,0.0,0.0,0.0,0.0,0.0,0.0,0.0,0.0,366.625732552317,0.0,-90.76955927835604,90.76955927835604,0.18718027183090094,0.0,0.0,0.0,-37.436054366180194,0.0,0.0,0.0,0.0,0.0,-231.84283922425118,6.239342394363365,0.0,0.0,0.0,0.0,1000.0,-511.0905462890139,0.0,0.0,0.0,0.0,0.0,0.0,0.0,0.0,209.22920418893102,0.0,0.0,0.0,231.84283922425118,0.0,885.1174375001187,-3.669900690495604,0.0,-520.6991335763335,0.0,520.6991335763335,0.0,-792.5141983634587,0.0,6.239342394363365,1000.0,0.0,522.8235575860523,0.0,-91.72219153751944,140.6250000000001,-140.6250000000001,0.0,0.0,0.0,0.0,0.0,0.0,0.0,241.2018528157962,-259.9198799988865,152.2399544224661,0.0,0.0,0.0,0.0,0.0,0.0,0.0,0.0,0.0,0.0,0.0,0.0,0.0,-89.14487015289724,368.45196959057216,0.0,37.436054366180194,0.0,0.0,0.0,0.0,274.06127284046084,0.0,0.0,0.13726553267589578,0.0,0.0,0.0,76.11997721123305,0.0,0.0,0.0,0.0,534.989546232479,0.0,0.0,0.0,0.0,0.0,0.0,0.0,0.0,0.0,0.0,0.012478684788726728,0.012478684788726728,0.0,0.0,0.0,0.0,0.0,0.0,0.0,0.0,0.0,0.0,0.0,0.0,0.0,0.0,0.0,231.84283922425118,0.0,0.0,0.0,0.0,0.0,0.0,0.0,0.0,0.0,0.0,0.0,0.0,1000.0,-1000.0,655.9666063361522,0.0,0.0,0.0,74.87210873236039,0.0,0.0,0.0,0.0,0.0,0.0,-74.87210873236039,0.0,0.0,0.0,0.0,0.0,0.0,0.0,0.0,0.0,0.0,0.0,0.0,-206.84917784244158,-1000.0,290.8993932790811,-37.436054366180194,0.0,0.0,404.1168489213064,0.0,0.0,0.0,0.0,0.0,0.0,0.0,0.0,0.0,0.0,0.0,0.0,0.0,0.0,0.0,0.0,0.0,-15.598355985908412,209.229204188931,-556.9413594110266,455.98126888364425,0.0,0.0,0.0,0.0,0.0,0.0,-1.5598355985908414,91.72219153751944,0.0,0.0,0.0,0.0,0.0,0.0,0.0,1000.0,37.436054366180194,37.436054366180194,0.0,0.0,0.0,0.0,0.0,0.13726553267589578,231.84283922425118,0.0,0.0,-404.1168489213064,0.0,0.0,0.0,0.0,0.0,0.0,0.0,0.0,0.0,0.0,0.0,0.0,0.0,0.0,0.0,0.0,0.0,18.913497293698637,0.0,131.02619028163068,9.608587287319576,0.0,0.0,0.0,0.0,0.0,231.84283922425118,0.0,500.83306739268295,0.0,0.0,0.0,-15.598355985908412,0.0,0.0,0.0,0.0,0.0,0.0,0.0,0.0,0.0,0.0,0.0,0.0,0.0,0.0,0.0,0.0,0.0,0.0,-0.1247868478872673,0.0,0.0,6.239342394363365,-784.9519546390411,0.0,0.0,0.0,0.0,209.229204188931,0.0,0.0,0.0,-194.67625487320936,3.1196711971816824,0.0,0.0,90.76955927835604,0.1247868478872673,0.0,124.78684788726729,-19.770425551354226,24.957369577453463,0.891334627766195,385.982300192873,-0.09359013591545047,313.72203571659344,2.495736957745346,-0.6239342394363261,-385.982300192873,37.436054366180194,-0.1247868478872673,1.2233002301652014,0.0,0.031196711971816823,0.891334627766195,-3.669900690495604,-19.866066183650503,-2.495736957745346,-40.90294441851654,-0.1247868478872673,0.031196711971816823,-385.982300192873,12.47868478872673,0.1247868478872673,0.1247868478872673,-231.58078684368803,0.13726553267599403,-99.99803130562455,-0.09359013591545047,37.436054366180194,0.1247868478872673,37.436054366180194,-62.39342394363365,-0.06239342394363365,-496.8426889815222,-170.0,-0.09359013591545047,-0.1247868478872673,-19.770425551354226,0.1247868478872673,12.47868478872673,-2.495736957745346,366.625732552317,366.625732552317,-12.47868478872673,40.90294441851654,-366.625732552317,24.95736957745346,0.18718027183090094,-639.0149460736261,12.47868478872673,-333.3333333333333,0.0,-24.95736957745346,0.06239342394363365,1.247868478872673,175.97897561700995,256.8002088017046,-0.1247868478872673,-259.9198799988865,231.58078684368803,38.68392284505286,0.1247868478872673,19.866066183650503,-149.744217464721,0.0,-0.1247868478872673,-0.031196711971816823,0.0,-0.1247868478872673,-87.52131521127328,0.1247868478872673,-0.031196711971816823,-0.031196711971816823,-0.031196711971816823,49.91473915490692,62.39342394363365,1.247868478872673,92.45145592847695,-0.031196711971816823,350.7346510038547,6.239342394363365,50.0,0.1247868478872673,0.06239342394363365,0.06239342394363365,12.47868478872673,19.770425551354226,0.1247868478872673,-19.770425551354226,1.247868478872673,0.1247868478872673,-92.45145592847695,0.1247868478872673,0.49914739154905874,0.6239342394363261,0.06239342394363365,0.031196711971816823,37.436054366180194,-0.1247868478872673,99.99803130562455,1.247868478872673,-184.9029118569539,310.6023645194117,-12.47868478872673,24.95736957745346,6.239342394363365,-0.1247868478872673,3.669900690495604,0.18718027183090094,-0.1247868478872673,-24.95736957745346,19.770425551354226,32.70038753098919,0.06239342394363365,-100.0,-0.1247868478872673,-0.1247868478872673,-0.1247868478872673,0.06239342394363365,385.982300192873,-24.95736957745346,0.1247868478872673,351.9579512340199,-0.031196711971816823,-0.13726553267599403,-351.9579512340199,18.718027183090094,170.0,159.00852580479992,385.982300192873,-0.09359013591545047,259.9198799988865,-256.8002088017046,0.1247868478872673,-0.031196711971816823,6.239342394363365,124.78684788726729,-0.06239342394363365,-0.1247868478872673,0.031196711971816823,0.0,0.0,338.95255264968245,0.0,-255.0,0.0,415.095714612614,-26.24420750414663,0.0,-80.0,-81.25218781217994,-325.0,-300.0,40.0,127.5,40.62609390608997,0.0,13.122103752073315,-231.84283922425118,-306.76166037145003,300.0,325.0,-306.76166037145003,-415.095714612614,276.18062364430415,0.0,1496.5981,hplb
431,0.0,0.0,0.0,0.0,0.0,0.0,0.0,0.0,-0.11619861858110264,0.0,0.0,0.0,0.0,0.0,0.0,0.0,-876.0576652233165,910.5898439395644,0.0,265.4678212837521,0.0,0.0,0.0,333.1914423099464,0.0,0.0,0.0,0.0,0.0,-510.5491364550189,0.0,0.0,136.98148033147564,0.0,0.0,0.0,0.0,498.12682641422015,0.0,-96.74897163664048,785.2654405279466,0.0,0.0,386.6068016783354,0.0,0.0,0.0,0.0,1000.0,0.0,0.0,0.0,0.0,0.1278184804388731,0.0,0.0,0.0,23.239723716220528,0.0,0.0,85.07179527528211,0.0,200.84326557969007,0.0,0.0,0.0,0.0,0.0,0.0,0.0,0.0,1.1619861858110265,0.0,0.0,0.0,0.0,0.0,0.0,0.0,0.0,0.0,0.0,612.6240446416774,0.0,69.71917114866159,0.0,0.0,-884.3916301102788,67.33496932455688,876.2319631511881,-0.02904965464527566,0.0,0.0,0.0,34.859585574330794,0.0,34.859585574330794,-3.7415955183105325,0.0,0.0,612.6240446416774,196.992528734389,-1000.0,0.0,0.0,-0.4505301978823492,0.0,0.0,0.0,0.0,0.0,0.0,0.0,0.0,0.0,0.0,0.0,0.0,0.0,0.0,0.0,0.0,0.0,0.0,-1000.0,0.0,0.0,34.859585574330794,0.0,36.021571760141825,0.0,0.0,13.8423225137999,0.0,-13.8423225137999,13.8423225137999,-1000.0,811.5358485593222,-811.5358485593222,714.0849391450279,0.0,0.0,0.0,0.0,0.0,-603.6767510109325,0.11619861858110264,0.0,0.0,0.0,-207.4410685087945,0.0,0.0,0.0,2.5835420599409247,0.0,515.4693482460752,0.0,0.0,0.0,0.0,0.0,114.25022660139237,114.25022660139237,0.0,0.0,0.0,0.0,-693.5351291326502,0.0,0.0,114.36642521997346,0.0,0.0,0.0,-1000.0,-451.70955067492116,0.0,0.0,0.0,0.0,0.0,0.0,0.0,0.0,0.0,0.0,0.0,0.0,0.0,0.0,-1000.0,0.0,0.0,0.0,0.0,0.0,0.0,0.0,-932.6650306754432,932.6650306754432,285.9150608549722,0.0,0.0,0.0,0.0,0.0,0.0,489.4508635449811,-769.6976768800089,0.0,0.0,0.0,0.0,0.0,0.0,0.0,0.0,0.0,0.0,0.0,0.0,0.0,0.0,153.92051594123555,386.6068016783354,0.0,0.0,0.0,0.0,158.26393952330864,0.0,0.0,0.0,0.0,85.07179527528211,0.0,0.0,0.0,0.0,0.0,0.0,0.0,0.0,0.0,0.0,0.0,0.0,0.0,0.0,1000.0,-817.056660785722,0.0,-386.6068016783354,0.0,0.0,285.9150608549722,0.0,0.0,0.0,0.0,-351.7413361668132,0.0,0.0,-265.62500000000125,734.3749999999989,0.0,-1000.0,0.0,-734.3749999999989,-865.3300613508862,0.0,127.7842646581521,0.0,0.0,-119.98485453700442,0.0,0.0,0.0,-1000.0,0.0,1000.0,0.0,114.13402798281126,0.0,0.0,-755.8502510808381,0.0,0.0,0.0,85.07179527528211,-0.17429792787165396,0.0,0.0,0.0,0.0,0.11619861858110264,0.0,0.0,0.0,520.9614140473884,-876.0576652233165,0.0,-446.56799697375345,533.6820345894891,451.70955067492116,820.1250261022774,0.0,1000.0,0.0,-0.4505301978823492,0.0,0.0,0.0,-10.004701059832595,10.004701059832595,-1000.0,525.3652851908632,-1000.0,0.0,0.0,0.0,0.0,0.0,0.0,0.0,0.0,0.0,0.0,0.0,0.0,0.0,0.0,0.0,0.0,0.0,0.0,0.0,-1000.0,0.0,501.4083791114559,0.0,0.0,0.0,407.5956166802705,603.6767510109325,0.0,0.0,0.0,913.8134728206383,191.18259780533387,-972.5932489144869,415.73461599323196,-101.40122983172206,-2.904965464527566,962.5885478546544,666.9747591465598,-5.809930929055132,-70.27491274009299,0.0,-415.73461599323196,0.0,106.35475058878636,0.0,0.0,0.0,0.0,-157.90836024268003,0.0,0.0,34.85958557433082,0.0,0.0,0.0,0.0,0.0,0.0,0.0,0.0,0.0,0.0,232.21080648166182,0.0,0.0,0.0,0.0,0.0,489.4508635449811,0.0,0.0,-115.77147030440796,0.0,0.0,0.0,0.0,0.0,0.0,0.0,-88.38013814188973,0.23239723716207647,0.0,0.0,0.0,0.0,0.0,0.0,0.0,140.50680019107054,0.0,0.0,0.0,0.0,0.0,0.0,0.0,0.0,0.0,0.0,0.0,0.1278184804388731,0.1278184804388731,0.0,252.76203346926783,0.0,69.71917114866159,0.0,0.0,0.0,1000.0,0.0,0.0,0.0,0.0,0.0,709.9512414161102,-1000.0,0.0,0.0,263.65408475142254,0.0,0.0,0.0,0.0,0.0,0.0,0.0,0.0,0.0,0.0,333.3333333333333,-520.9614140473884,207.4410685087945,0.0,8.947293630744898,0.0,-419.46951412792134,419.46951412792134,-24.709486250359475,0.0,709.9512414161102,0.0,0.0,621.5711032742205,0.0,0.0,0.0,0.0,0.0,0.0,0.0,0.0,0.0,0.0,0.0,0.0,0.0,0.0,0.0,0.0,69.71917114866159,285.9150608549722,285.9150608549722,0.0,0.0,0.0,0.0,0.0,0.0,0.0,0.0,0.0,0.0,1.1619861858110265,0.0,0.0,0.0,0.0,0.0,0.0,0.0,0.0,34.859585574330794,-263.65408475142254,0.0,0.0,0.0,0.0,0.0,0.0,0.0,0.0,0.0,345.0437014052189,0.0,0.0,34.859585574330794,34.859585574330794,1000.0,-1000.0,0.0,0.0,0.0,0.0,0.0,0.0,0.0,474.63471480913677,489.4508635449811,338.3776701632326,0.11619861858110264,0.0,0.0,0.0,153.45687563900051,0.0,140.50680019107054,0.0,0.0,0.0,0.0,0.0,0.0,0.0,0.0,0.0,0.0,0.0,0.0,0.0,0.0,0.0,0.11619861858110264,0.0,0.0,0.0,0.0,0.0,0.0,0.0,0.0,501.4083791114559,0.0,603.6767510109325,-2.5835420599409247,0.0,-1000.0,-8.714896393582698,-5.809930929055137,0.0,0.0,0.0,0.0,0.0,0.0,0.0,0.0,0.0,0.0,0.0,0.0,285.9150608549722,451.70955067492116,0.0,0.0,-152.09842931362482,0.0,0.0,0.0,-0.11619861858110264,0.0,0.0,0.11619861858110264,0.0,0.11619861858110264,0.0,0.0,0.0,69.71917114866159,141.76231466894524,141.76231466894524,0.0,0.0,0.0,0.0,0.0,0.0,0.0,207.4410685087945,0.0,489.4508635449811,0.0,0.0,0.0,0.0,0.0,0.0,0.0,0.0,0.0,0.0,0.0,0.0,0.0,0.0,0.0,0.0,0.0,444.1790003782808,0.0,0.0,0.0,0.17429792787165396,0.0,0.0,0.0,-34.859585574330794,0.0,0.0,0.0,0.0,0.0,-252.76203346926783,5.809930929055132,0.0,0.0,0.0,0.0,693.5351291326502,-275.11917368158555,0.0,0.0,0.0,0.0,0.0,0.0,0.0,0.0,285.9150608549721,0.0,263.65408475142254,1000.0,252.76203346926783,0.0,244.82715044262895,-0.4505301978823492,0.0,328.557577329347,0.0,-328.557577329347,2.5835420599409247,-141.76231466894524,0.0,5.809930929055137,548.3824490226853,0.0,0.0,0.0,-115.77147030440796,0.0,0.0,1000.0,-1000.0,0.0,0.0,0.0,0.0,0.0,0.0,-17.429792787165383,141.76231466894524,0.0,-640.8005813409031,-640.8005813409031,640.8005813409031,0.0,0.0,0.0,0.0,0.0,0.0,0.0,0.0,261.4769298628505,-153.45687563900051,-693.2468897733911,0.0,34.859585574330794,0.0,0.0,0.0,0.0,123.83666957814788,0.0,0.0,0.1278184804388731,0.0,0.0,0.0,70.88115733447262,0.0,0.0,0.0,0.0,153.92051594123555,0.0,0.0,0.0,0.0,0.0,0.0,0.0,0.0,799.3779156042899,0.0,0.011619861858110264,0.011619861858110264,0.0,0.0,0.0,0.0,0.0,0.0,0.0,0.0,0.0,0.0,0.0,0.0,0.0,0.0,0.0,252.76203346926783,0.0,0.0,0.0,0.0,0.0,0.0,0.0,0.0,0.0,0.0,0.0,0.0,0.0,-358.86324450472875,910.5898439395644,0.0,0.0,0.0,69.71917114866164,0.0,0.0,0.0,0.0,0.0,-784.8368636794394,715.1176925307777,0.0,0.0,0.0,0.0,0.0,0.0,0.0,0.0,0.0,0.0,0.0,0.0,-338.3776701632326,0.0,79.59605372805531,-34.859585574330794,0.0,0.0,999.535205525676,0.0,0.0,0.0,0.0,0.0,0.0,0.0,0.0,0.0,0.0,0.0,0.0,0.0,0.0,0.0,0.0,0.0,-14.524827322637837,285.9150608549722,-199.89749419891658,8.714896393582666,0.0,0.0,0.0,0.0,0.0,-1.4524827322637834,0.0,118.35501236434885,0.0,0.0,0.0,0.0,0.0,0.0,0.0,1000.0,34.859585574330794,34.859585574330794,0.0,0.0,0.0,0.0,0.0,0.1278184804388731,252.76203346926783,0.0,0.0,-999.535205525676,0.0,0.0,0.0,0.0,0.0,0.0,0.0,0.0,0.0,0.0,0.0,0.0,0.0,0.0,0.0,0.0,0.0,0.0,0.0,122.00854951015778,8.947293630744898,0.0,0.0,0.0,0.0,0.0,252.76203346926783,0.0,265.5676472342199,0.0,0.0,0.0,-14.524827322637837,0.0,0.0,0.0,0.0,0.0,0.0,0.0,0.0,0.0,0.0,0.0,0.0,0.0,0.0,0.0,0.0,0.0,0.0,-0.11619861858110264,0.0,0.0,5.809930929055132,-709.9512414161102,0.0,0.0,0.0,0.0,285.9150608549722,0.0,0.0,0.0,10.004701059832595,2.904965464527566,0.0,0.0,0.0,0.11619861858110264,0.0,116.19861858110264,-36.021571760141825,23.239723716220528,0.8299901327221617,324.1941458412764,-0.08714896393582698,101.40122983172206,2.323972371622053,-0.580993092905083,-324.1941458412764,34.859585574330794,-0.11619861858110264,0.15017673262744974,0.0,0.02904965464527566,0.8299901327221617,-0.4505301978823492,-18.498820078110498,-2.3239723716220624,-300.0,-0.11619861858110264,0.02904965464527566,-324.1941458412764,11.619861858110264,0.11619861858110264,0.11619861858110264,-252.51801637024786,0.1278184804392129,-224.46055807760064,-0.08714896393582698,34.859585574330794,0.11619861858110264,34.859585574330794,-58.09930929055132,-0.05809930929055132,-290.1077297727099,-170.0,-0.08714896393582698,-0.11619861858110264,-36.021571760141825,0.11619861858110264,11.619861858110264,-2.323972371622053,444.1790003782808,444.1790003782808,-11.619861858110264,300.0,-444.1790003782808,23.239723716220528,0.17429792787165396,-153.0142330222738,11.619861858110264,-333.3333333333333,0.0,-23.239723716220528,0.05809930929055132,1.1619861858110265,111.64199924343836,276.0017571854884,-0.11619861858110264,-278.9067226500159,252.51801637024786,36.021571760141825,0.11619861858110264,18.498820078110498,-139.43834229732323,0.0,-0.11619861858110264,-0.02904965464527566,0.0,-0.11619861858110264,-88.38013814188973,0.11619861858093827,-0.02904965464527566,-0.02904965464527566,-0.02904965464527566,46.479447432441056,58.09930929055132,1.1619861858110265,86.08865154127227,-0.02904965464527566,223.13382175424928,5.809930929055132,50.0,0.11619861858110264,0.05809930929055132,0.05809930929055132,11.619861858110264,36.021571760141825,0.11619861858110264,-36.021571760141825,1.1619861858110265,0.11619861858110264,-86.08865154127227,0.11619861858110264,0.46479447432398047,0.580993092905083,0.05809930929055132,0.02904965464527566,34.859585574330794,-0.11619861858110264,224.46055807760064,1.1619861858110312,-172.17730308254454,98.4962643671945,-11.619861858110264,23.239723716220528,5.809930929055132,-0.11619861858110264,0.4505301978823492,0.17429792787165396,-0.11619861858110264,-23.239723716220528,36.021571760141825,162.75970328550065,0.05809930929055132,-100.0,-0.11619861858110264,-0.11619861858093827,-0.11619861858110264,0.05809930929055132,324.1941458412764,-23.239723716220528,0.11619861858110264,223.28399848687673,-0.02904965464527566,-0.1278184804392129,-223.28399848687673,17.429792787165393,170.0,-429.9724866224243,324.1941458412764,-0.08714896393582698,278.9067226500159,-276.0017571854884,0.11619861858110264,-0.02904965464527566,919.6234037496934,116.19861858110264,-0.05809930929055132,-0.11619861858110264,0.02904965464527566,622.5129855777543,0.0,142.0542319126814,0.0,-255.0,0.0,799.6000366263235,-140.0,0.0,-80.0,-255.0,-60.625805650054986,-10.901901800301868,40.0,127.5,127.5,0.0,70.0,-252.76203346926783,-286.5963728636485,10.901901800301868,60.625805650054986,-286.5963728636485,-799.6000366263235,463.7092585327682,0.0,1496.5981,hplb
432,0.0,0.0,0.0,0.0,0.0,0.0,0.0,0.0,629.1516399345118,0.0,0.0,0.0,0.0,0.0,0.0,0.0,0.0,0.0,0.0,300.0,0.0,0.0,0.0,358.3556124525744,0.0,0.0,0.0,0.0,0.0,-757.1843025999945,0.0,0.0,136.47090838838304,0.0,0.0,0.0,0.0,972.0334127791333,0.0,-1000.0,996.0776883232337,0.0,0.0,0.0,0.0,0.0,0.0,0.0,757.1843025999945,0.0,0.0,0.0,0.0,0.17565614356476544,0.0,0.0,0.0,31.937480648116196,0.0,0.0,-14.063137312053641,0.0,-519.7924305208896,-533.8555678329433,0.0,0.0,0.0,0.0,37.80014735360726,-37.80014735360726,0.0,1.59687403240581,0.0,0.0,0.0,0.0,0.0,0.0,0.0,0.0,0.0,0.0,0.0,0.0,95.81244194434859,0.0,0.0,-534.796395406775,0.0,522.3879071932192,-0.039921850810145244,0.0,0.0,1000.0,47.906220972174296,0.0,47.906220972174296,0.0,0.0,0.0,0.0,7.984370162029049,-1000.0,0.0,0.0,0.0,642.7269990018643,0.0,0.0,0.0,0.0,0.0,0.0,0.0,0.0,0.0,0.0,0.0,0.0,0.0,0.0,0.0,0.0,0.0,-697.0526733097013,0.0,0.0,47.906220972174296,0.0,49.5030950045801,4.335132951454767,0.0,19.522436205288727,956.9966451978687,-976.5190814031574,976.5190814031574,897.9484020284574,1000.0,-1000.0,-897.9484020284574,0.0,0.0,0.0,0.0,0.0,12.29593004952494,0.15968740324058098,0.0,0.0,0.0,0.0,-642.7269990018643,0.0,0.0,0.0,0.0,944.0676448520438,0.0,0.0,0.0,0.0,0.0,731.3223121117101,731.3223121117101,0.0,0.0,0.0,0.0,0.0,0.0,0.0,731.4819995149506,0.0,0.0,0.0,0.0,-402.07230435997354,0.0,0.0,0.0,0.0,0.0,0.0,0.0,0.0,0.0,-1000.0,0.0,0.0,0.0,0.0,-1000.0,0.0,0.0,0.0,0.0,0.0,0.0,0.0,-222.38790719321923,222.38790719321923,0.0,0.0,0.0,0.0,0.0,0.0,0.0,242.8156974000056,492.4862954996288,0.0,0.0,0.0,0.0,0.0,0.0,0.0,0.0,0.0,0.0,0.0,0.0,0.0,0.0,-36.1250387037676,0.0,0.0,0.0,0.0,0.0,153.87157227270131,0.0,0.0,0.0,0.0,-14.063137312053641,0.0,0.0,0.0,0.0,0.0,0.0,0.0,0.0,0.0,690.3693235489201,0.0,0.0,0.0,-15.169416198724662,207.21849099449457,0.0,0.0,0.0,0.0,0.0,0.0,625.3562724168863,0.0,0.0,0.0,-137.50167748993272,0.0,0.0,-743.6159835793768,-805.1504788683304,0.0,61.534495288953366,0.0,805.1504788683304,-222.38790719321923,0.0,-144.7758143864387,0.0,0.0,300.3265486714292,0.0,0.0,0.0,-1000.0,0.0,1000.0,0.0,1000.0,0.0,0.0,559.5705004659513,0.0,0.0,0.0,-14.063137312053641,-0.23953110486087148,0.0,0.0,0.0,0.0,0.15968740324058098,0.0,0.0,0.0,107.8528832062043,0.0,0.0,-1000.0,249.24892996302384,402.07230435997354,1000.0,0.0,-948.4507672273786,0.0,0.0,0.0,0.0,0.0,-13.749085419014147,962.1998526463927,0.0,-1000.0,-1000.0,0.0,0.0,0.0,0.0,0.0,0.0,0.0,0.0,0.0,0.0,0.0,0.0,0.0,0.0,0.0,0.0,0.0,-27.327837607904712,0.0,-1000.0,0.0,0.0,685.2273891645739,0.0,0.0,0.0,-702.665253598445,0.0,0.0,0.0,0.0,0.0,0.0,0.0,-811.0685543697357,514.4960510307849,-1000.0,0.0,-349.5177158866077,784.9809115365579,-1000.0,0.0,803.0841842077066,-761.1822211532985,-518.4882361117994,341.5333457245786,-118.90353978572739,0.0,139.01888529362793,1000.0,0.0,47.906220972174296,0.0,0.0,0.0,314.77894068938707,0.0,629.3113273377523,0.0,0.0,0.0,0.0,-91.71642133750328,0.0,0.0,-268.8373752915305,0.0,0.0,242.8156974000056,0.0,0.0,-28.126274624107282,0.0,0.0,43.98390929540799,0.0,0.0,0.0,0.0,-84.0312596759419,0.3193748064804822,0.0,0.0,0.0,0.0,0.0,0.0,0.0,0.0,0.0,0.0,0.0,0.0,0.0,0.0,0.0,0.0,0.0,0.0,0.0,0.17565614356476544,0.17565614356476544,0.0,248.06251935188368,0.0,95.81244194434859,0.0,0.0,0.0,1000.0,0.0,0.0,0.0,0.0,0.0,716.8391908992598,-1000.0,0.0,0.0,270.4856336917568,0.0,0.0,43.98390929540799,0.0,0.0,0.0,0.0,0.0,0.0,0.0,232.35089110323375,-107.8528832062043,0.0,0.0,12.29593004952494,0.0,0.0,1000.0,846.1284277272987,0.0,716.8391908992598,0.0,-367.192068776682,1000.0,0.0,0.0,0.0,0.0,0.0,0.0,0.0,0.0,0.0,0.0,0.0,0.0,0.0,0.0,0.0,0.0,95.81244194434859,0.0,0.0,0.0,0.0,0.0,0.0,0.0,0.0,0.0,0.0,0.0,0.0,1.59687403240581,0.0,0.0,0.0,0.0,0.0,0.0,0.0,0.0,47.906220972174296,-270.4856336917568,0.0,0.0,0.0,0.0,0.0,0.0,0.0,0.0,0.0,1000.0,-239.81736226855355,0.0,47.906220972174296,47.906220972174296,-219.3847015528176,-1000.0,0.0,43.98390929540799,0.0,0.0,0.0,0.0,0.0,1000.0,242.81569740000555,896.6820726304343,0.15968740324058098,0.0,0.0,0.0,193.5494966595453,0.0,0.0,-1000.0,0.0,0.0,0.0,0.0,0.0,0.0,0.0,0.0,0.0,0.0,0.0,0.0,0.0,0.0,0.15968740324058098,0.0,0.0,0.0,-1000.0,1000.0,0.0,0.0,0.0,0.0,0.0,-17.437864433871198,0.0,0.0,-972.6721623920953,-11.976555243043574,-7.984370162029049,0.0,0.0,0.0,0.0,0.0,0.0,0.0,0.0,0.0,0.0,0.0,0.0,0.0,402.07230435997354,0.0,0.0,147.00325545565698,0.0,0.0,0.0,629.1516399345118,0.0,0.0,0.15968740324058098,0.0,0.15968740324058098,0.0,0.0,0.0,95.81244194434859,194.8186319535088,194.8186319535088,0.0,0.0,0.0,0.0,0.0,0.0,0.0,0.0,0.0,242.8156974000056,0.0,0.0,0.0,0.0,0.0,0.0,0.0,0.0,0.0,0.0,0.0,0.0,0.0,0.0,0.0,0.0,0.0,153.87157227270131,0.0,-102.68342034696525,102.68342034696525,0.23953110486087148,0.0,0.0,0.0,-47.906220972174296,0.0,0.0,0.0,0.0,0.0,-248.06251935188368,7.984370162029049,0.0,0.0,0.0,0.0,0.0,605.274584276742,0.0,0.0,0.0,0.0,0.0,0.0,0.0,0.0,0.0,0.0,270.4856336917568,1000.0,248.0625193518838,0.0,293.0625193518838,0.0,0.0,-97.39066932170306,0.0,97.39066932170306,0.0,430.53764046337756,0.0,7.984370162029049,1000.0,0.0,0.0,0.0,-28.126274624107282,0.0,0.0,0.0,0.0,0.0,0.0,0.0,0.0,0.0,1000.0,-23.9531104860871,194.8186319535088,0.0,632.2652330885232,632.2652330885232,-632.2652330885232,0.0,0.0,0.0,0.0,0.0,690.3693235489201,0.0,0.0,260.03907459492723,-193.5494966595453,-772.6770530346618,0.0,47.906220972174296,0.0,0.0,0.0,0.0,285.8853900971883,0.0,0.0,0.17565614356476544,0.0,0.0,0.0,97.4093159767544,0.0,0.0,0.0,0.0,-36.1250387037676,0.0,642.7269990018643,0.0,0.0,0.0,0.0,0.0,0.0,330.1825890405581,0.0,0.01596874032405804,0.01596874032405804,0.0,0.0,0.0,0.0,0.0,0.0,0.0,0.0,0.0,0.0,0.0,0.0,0.0,0.0,0.0,248.06251935188368,0.0,0.0,0.0,0.0,0.0,0.0,0.0,0.0,0.0,0.0,0.0,0.0,0.0,912.4084882135558,0.0,0.0,0.0,0.0,95.81244194434859,0.0,0.0,0.0,0.0,0.0,380.8710854251134,-476.68352736946196,0.0,0.0,0.0,0.0,0.0,0.0,0.0,0.0,0.0,0.0,0.0,0.0,-896.6820726304343,-1000.0,109.38587121979788,-47.906220972174296,0.0,0.0,972.0334127791333,0.0,0.0,0.0,0.0,0.0,0.0,0.0,0.0,0.0,789.0624999999999,0.0,-789.0624999999999,-789.0625,0.0,0.0,0.0,0.0,-19.960925405072622,0.0,-11.976555243043574,11.97655524304355,0.0,0.0,0.0,0.0,0.0,-984.2631488233825,982.2670562828753,28.126274624107282,0.0,0.0,0.0,0.0,0.0,0.0,0.0,1000.0,47.906220972174296,47.906220972174296,0.0,0.0,0.0,0.0,0.0,0.17565614356476544,248.06251935188368,0.0,0.0,-972.0334127791333,0.0,0.0,0.0,0.0,0.0,0.0,0.0,0.0,0.0,0.0,0.0,0.0,0.0,0.0,51.341710173482625,0.0,0.0,4.335132951454767,0.0,167.67177340261003,12.29593004952494,0.0,0.0,0.0,0.0,0.0,248.06251935188368,0.0,71.96843472580281,0.0,0.0,0.0,-19.960925405072622,0.0,0.0,0.0,0.0,0.0,0.0,0.0,0.0,0.0,0.0,0.0,0.0,0.0,0.0,0.0,0.0,0.0,0.0,-0.15968740324058098,0.0,0.0,7.984370162029049,-716.8391908992598,0.0,0.0,0.0,0.0,0.0,0.0,0.0,0.0,13.749085419014147,3.9921850810145245,0.0,0.0,0.0,0.15968740324058098,0.0,159.68740324058098,-45.16796205312531,31.937480648116196,1.1406243088612926,454.1981209441305,-0.11976555243043574,7.98437016202902,3.19374806481162,-0.7984370162025698,-454.1981209441305,47.906220972174296,-0.15968740324058098,0.0,43.98390929540799,0.039921850810145244,1.1406243088612926,0.0,-25.42223459590025,-3.1937480648116434,-300.0,-0.15968740324058098,0.039921850810145244,-454.1981209441305,15.968740324058098,0.15968740324058098,0.15968740324058098,-247.72717580507833,0.17565614356463902,-220.5021680643249,-0.11976555243043574,47.906220972174296,0.15968740324058098,47.906220972174296,-79.84370162029049,-0.07984370162029049,-723.5654767877189,-170.0,-0.11976555243043574,-0.15968740324058098,-45.16796205312531,0.15968740324058098,15.968740324058098,-3.19374806481162,153.87157227270131,153.87157227270131,-15.968740324058098,300.0,-153.87157227270131,31.937480648116196,0.23953110486087148,-781.2193148065455,15.968740324058098,-232.35089110323375,43.98390929540799,-31.937480648116196,0.07984370162029049,1.59687403240581,250.0,280.0,-0.15968740324058098,-283.9921850810143,247.72717580507833,49.5030950045801,0.15968740324058098,25.42223459590025,-147.6409745932889,43.98390929540799,-0.15968740324058098,-0.039921850810145244,-43.98390929540799,-0.15968740324058098,-726.7582586778062,0.15968740324080954,-0.039921850810145244,-0.039921850810145244,-0.039921850810145244,63.87496129623239,79.84370162029049,1.59687403240581,386.96730101940716,-0.039921850810145244,500.0,7.984370162029049,50.0,0.15968740324058098,0.07984370162029049,0.07984370162029049,37.960694971762095,45.16796205312531,0.15968740324058098,-45.16796205312531,1.59687403240581,0.15968740324058098,-924.2850933064902,0.15968740324058098,0.6387496129619876,0.7984370162025698,0.07984370162029049,0.039921850810145244,47.906220972174296,-0.15968740324058098,220.5021680643249,1.5968740324058217,-773.9346020388143,3.9921850810145543,-15.968740324058098,31.937480648116196,7.984370162029049,-0.15968740324058098,0.0,0.23953110486087148,-0.15968740324058098,-75.92138994352419,45.16796205312531,14.511221199409013,0.07984370162029049,-100.0,-0.15968740324058098,-0.15968740324080954,-0.15968740324058098,0.07984370162029049,454.1981209441305,-31.937480648116196,0.15968740324058098,500.0,-0.039921850810145244,-0.17565614356463902,-500.0,23.953110486087144,170.0,452.2198802142411,454.1981209441305,-0.11976555243043574,283.9921850810143,-280.0,0.15968740324058098,-0.03992185081014525,7.984370162028995,159.68740324058098,-0.07984370162029049,-0.15968740324058098,0.039921850810145244,0.0,0.0,481.13947110492524,537.3177922870831,-255.0,0.0,281.8807538586151,-140.0,0.0,-80.0,-255.0,-325.0,-300.0,40.0,127.5,127.5,0.0,70.0,-248.06251935188368,-300.39661129659737,300.0,325.0,-300.3966112965973,-281.8807538586151,206.77649406392294,0.0,1496.5981,hplb
433,0.0,0.0,0.0,0.0,0.0,0.0,0.0,0.0,-0.029982912884555263,0.0,0.0,0.0,0.0,0.0,0.0,0.0,-95.77157425984467,968.4224156560892,0.0,-1000.0,0.0,0.0,0.0,178.0917724710017,0.0,0.0,0.0,0.0,0.0,-1000.0,0.0,0.0,22.442567841128138,0.0,0.0,0.0,0.0,893.6138963029148,0.0,-1000.0,-494.0332032686239,0.0,0.0,0.0,0.0,0.0,0.0,145.9633444978857,1000.0,0.0,0.0,-95.77157425984467,0.0,0.03298120417287349,0.0,0.0,0.0,0.0,0.0,0.0,-2.6404951946997604,0.0,-660.2486560920429,-662.8891512867426,0.0,0.0,0.0,0.0,121.08553398564935,-121.08553398564935,0.0,0.29982912884555263,0.0,0.0,0.0,0.0,0.0,0.0,0.0,0.0,0.0,0.0,-147.7325624293987,0.0,17.989747730733157,0.0,0.0,-1000.0,106.04456450127864,-408.1362901866929,-0.007495728221138815,0.0,0.0,-764.86290716143,8.994873865366579,0.0,8.994873865366579,-0.9654497948826233,0.0,0.0,0.0,909.5852425580698,-1000.0,0.0,0.0,-4.774966691552083,0.0,0.0,0.0,0.0,0.0,0.0,0.0,0.0,0.0,0.0,0.0,0.0,0.0,0.0,0.0,0.0,0.0,0.0,-196.98486746609484,0.0,0.0,8.994873865366579,0.0,9.294702994212132,9.294702994212132,0.0,0.0,0.0,0.0,0.0,0.0,0.0,0.0,0.0,0.0,0.0,0.0,0.0,0.0,150.04124672150948,0.029982912884555263,0.0,0.0,0.0,-955.7427873831889,0.0,0.0,0.0,30.062036321147698,0.0,34.61381869030827,0.0,0.0,0.0,0.0,0.0,-498.4754947856637,-498.4754947856637,0.0,0.0,0.0,0.0,-756.3400763593086,0.0,0.0,-498.44551187277915,0.0,0.0,0.0,585.035185192699,0.0,0.0,0.0,0.0,0.0,0.0,0.0,0.0,0.0,0.0,-927.961490305695,0.0,0.0,0.0,0.0,-1000.0,0.0,0.0,0.0,0.0,0.0,0.0,95.77157425984467,602.0917256854143,-602.0917256854143,0.0,0.0,0.0,0.0,0.0,0.0,0.0,0.0,-3.747864110569409,0.0,0.0,0.0,0.0,0.0,0.0,0.0,0.0,0.0,0.0,0.0,0.0,0.0,0.0,867.735952537011,0.0,0.0,0.0,0.0,0.0,0.0,0.0,0.0,0.0,0.0,-2.6404951946997604,0.0,0.0,0.0,523.6539112859023,0.0,0.0,0.0,0.0,0.0,0.0,151.95992707479678,0.0,0.0,-503.9528388158644,-1000.0,697.863299945259,0.0,0.0,0.0,0.0,0.0,-963.4208462808426,0.0,0.0,0.0,-3.021777903548468,0.0,0.0,-528.6768529119693,-528.6768529119693,0.0,0.0,0.0,528.6768529119693,708.1362901866929,0.0,474.7425670816589,0.0,0.0,102.24173293633345,0.0,0.0,0.0,16.565099670089705,0.0,-16.565099670089705,0.0,57.155873518933504,0.0,0.0,0.0,0.0,0.0,0.0,-2.6404951946997604,-0.04497436932683289,0.0,0.0,0.0,0.0,0.029982912884555263,0.0,0.0,0.0,991.0051261346334,-95.77157425984467,0.0,-3.183311127701389,178.7008844685394,0.0,-583.1328492453421,0.0,492.24984957890234,0.0,-4.774966691552083,0.0,0.0,0.0,507.75015042109766,0.0,-1000.0,0.0,-1000.0,0.0,0.0,0.0,0.0,0.0,0.0,0.0,0.0,0.0,0.0,0.0,0.0,0.0,0.0,0.0,0.0,523.6539112859023,-37.926445024949544,0.0,-931.6602729794023,30.062036321147698,0.0,0.0,0.0,0.0,0.0,-150.04124672150948,0.0,117.67052610825102,0.0,774.3950420253997,908.0860969138421,-121.08553398564935,0.0,-455.54219410114877,0.0,0.0,0.0,-488.5940673791552,0.0,-325.09871344491097,0.0,0.0,0.0,-0.7495728221138815,487.0949217349274,0.0,0.0,-19.48889337496092,0.0,0.0,8.994873865366579,0.0,0.0,0.0,438.2066274376648,0.0,0.0,0.0,0.0,0.0,0.0,-196.4265217185365,0.0,0.0,-555.6613512174818,0.0,0.0,0.0,0.0,0.0,-5.280990389399523,0.0,0.0,98.09451984208476,0.0,0.0,0.0,0.0,-97.00170871154447,0.05996582576892706,0.0,0.0,0.0,0.0,0.0,0.0,0.0,0.0,0.0,0.0,0.0,0.0,0.0,0.0,0.0,0.0,0.0,0.0,0.0,0.03298120417287349,0.03298120417287349,0.0,69.78979122796346,0.0,17.989747730733157,0.0,0.0,0.0,1000.0,0.0,0.0,0.0,0.0,0.0,-490.48836019630755,-1000.0,0.0,0.0,0.0,0.0,0.0,98.09451984208476,0.0,0.0,0.0,0.0,0.0,0.0,0.0,65.66162248869828,-991.0051261346334,955.7427873831889,0.0,2.3086842921107547,0.0,-764.86290716143,0.0,0.0,0.0,-490.48836019630755,0.0,0.0,-587.490068907852,0.0,0.0,0.0,0.0,0.0,0.0,0.0,0.0,0.0,0.0,0.0,0.0,0.0,0.0,0.0,0.0,17.989747730733157,0.0,0.0,0.0,0.0,0.0,0.0,0.0,0.0,0.0,0.0,0.0,0.0,0.29982912884555263,0.0,0.0,0.0,0.0,0.0,95.77157425984467,0.0,0.0,8.994873865366579,0.0,0.0,0.0,0.0,0.0,0.0,0.0,0.0,0.0,0.0,0.0,-98.09451984208476,0.0,8.994873865366579,8.994873865366579,1000.0,-1000.0,0.0,98.09451984208476,0.0,0.0,0.0,0.0,0.0,0.0,0.0,3.3965643146054276,0.029982912884555263,0.0,0.0,-103.47487989602314,105.89278765649907,0.0,0.0,764.86290716143,0.0,0.0,0.0,0.0,0.0,0.0,0.0,0.0,0.0,0.0,0.0,0.0,0.0,0.0,0.029982912884555263,0.0,0.0,0.0,0.0,0.0,0.0,0.0,0.0,0.0,0.0,0.0,0.0,-32.370720613258456,-893.7338279544527,-2.2487184663416446,0.0,-1.4991456442277642,0.0,0.0,0.0,0.0,0.0,0.0,0.0,0.0,0.0,0.0,0.0,0.0,0.0,0.0,0.0,-17.989747730733157,0.0,0.0,0.0,-0.029982912884555263,0.0,0.0,0.029982912884555263,0.0,0.029982912884555263,0.0,0.0,0.0,17.989747730733157,36.57915371915742,36.57915371915742,0.0,0.0,0.0,0.0,0.0,0.0,117.67052610825102,955.7427873831889,0.0,0.0,0.0,0.0,510.3316792204577,0.0,0.0,0.0,0.0,0.0,0.0,0.0,0.0,0.0,0.0,0.0,0.0,0.0,0.0,0.0,0.0,0.0,0.0,0.04497436932683289,0.0,0.0,0.0,-8.994873865366579,0.0,0.0,0.0,0.0,0.0,-69.78979122796346,1.499145644227763,0.0,0.0,0.0,0.0,756.3400763593086,-584.5822570059936,-1.4991456442277642,0.0,0.0,0.0,0.0,0.0,0.0,0.0,0.0,0.0,0.0,0.0,69.78979122796346,0.0,1000.0,-4.774966691552083,0.0,-734.6235037275032,150.04124672150948,584.5822570059936,30.062036321147698,-1000.0,0.0,1.4991456442277642,1000.0,0.0,0.0,0.0,-5.280990389399523,0.0,0.0,0.0,0.0,0.0,0.0,0.0,0.0,0.0,1000.0,-76.5359466269884,36.57915371915742,0.0,171.99604198113164,171.99604198113164,-171.99604198113167,0.0,0.0,0.0,0.0,0.0,0.0,0.0,0.0,0.0,-2.417907760475927,269.3513853044208,0.0,8.994873865366579,0.0,0.0,0.0,0.0,-124.54732122110754,0.0,0.0,0.03298120417287349,0.0,0.0,0.0,18.28957685957871,0.0,0.0,0.0,0.0,867.735952537011,0.0,0.0,0.0,0.0,0.0,0.0,0.0,0.0,0.0,0.0,685.0594571038877,0.002998291288455526,0.0,0.0,0.0,0.0,0.0,0.0,0.0,0.0,0.0,-103.47487989602314,0.0,0.0,0.0,0.0,0.0,69.78979122796346,0.0,0.0,0.0,0.0,0.0,0.0,0.0,0.0,0.0,0.0,0.0,0.0,0.0,378.9709928218142,968.4224156560892,0.0,0.0,0.0,17.989747730733157,0.0,0.0,0.0,0.0,0.0,0.0,-17.989747730733157,0.0,0.0,0.0,0.0,0.0,0.0,0.0,0.0,0.0,0.0,0.0,0.0,-391.929480394971,-1000.0,530.8699745463781,0.0,-8.994873865366579,0.0,893.6138963029148,0.0,0.0,0.0,0.0,0.0,0.0,0.0,0.0,0.0,0.0,0.0,0.0,0.0,0.0,0.0,0.0,0.0,-3.747864110569409,0.0,-910.3348153801837,584.6189073811045,0.0,0.0,0.0,0.0,0.0,484.2743645031567,-484.64915091421364,35.34302671054722,0.0,0.0,0.0,0.0,0.0,0.0,0.0,611.4670839196344,8.994873865366579,8.994873865366579,0.0,0.0,0.0,0.0,0.0,0.03298120417287349,69.78979122796346,0.0,0.0,-893.6138963029148,685.0564588125992,0.0,0.0,0.0,0.0,0.0,0.0,0.0,0.0,0.0,0.0,0.0,0.0,0.0,0.0,0.0,0.0,9.294702994212132,0.0,31.482058528783025,0.0,0.0,119.97921040036178,0.0,0.0,0.0,69.78979122796346,0.0,583.6168072111111,0.0,0.0,0.0,-3.747864110569409,0.0,0.0,0.0,0.0,0.0,0.0,0.0,0.0,0.0,0.0,0.0,0.0,0.0,0.0,0.0,0.0,0.0,0.0,-0.029982912884555263,0.0,0.0,1.499145644227763,490.48836019630755,0.0,0.0,0.0,0.0,0.0,0.0,0.0,0.0,-507.75015042109766,0.7495728221138815,0.0,0.0,0.0,0.029982912884555263,0.0,29.982912884555258,0.0,5.996582576911052,0.21416366346110902,102.24173293633345,-0.022487184663416444,455.54219410114877,0.5996582576911053,-0.14991456442248818,-102.24173293633345,8.994873865366579,-0.029982912884555263,1.5916555638506944,98.09451984208476,0.007495728221138816,0.21416366346110902,-4.774966691552083,-4.773279731221163,-0.5996582576911053,127.3491586037554,-0.029982912884555457,0.007495728221138816,-102.24173293633345,2.998291288455526,0.029982912884555263,0.029982912884555263,-69.72682711090604,0.03298120417301867,-109.89434316956844,-0.022487184663416444,8.994873865366579,0.029982912884555263,8.994873865366579,-14.99145644227763,-0.014991456442277631,84.83045786236434,-3.0282742013400816,-0.022487184663416444,-0.029982912884555263,0.0,0.029982912884555263,2.998291288455526,-0.5996582576911053,0.0,0.0,-2.998291288455526,-127.3491586037554,0.0,5.996582576911052,0.04497436932683289,150.07594016091355,2.998291288455526,-65.66162248869828,98.09451984208476,-5.996582576911052,0.01499145644227763,0.29982912884555263,0.7958277819253472,75.78637380487451,-0.029982912884555263,-76.5359466269884,69.72682711090604,9.294702994212132,0.029982912884555263,4.773279731221163,62.115024380618586,98.09451984208476,-0.029982912884555263,-0.007495728221138815,-98.09451984208476,-0.029982912884555263,-97.00170871154447,0.029982912884520374,-0.007495728221138815,-0.007495728221138815,-0.007495728221138815,11.993165153822105,14.99145644227763,0.29982912884555263,22.213590583344285,-0.007495728221138816,0.0,1.499145644227763,50.0,0.029982912884555263,0.01499145644227763,0.014991456442277631,52.04555120949791,0.0,0.029982912884555263,0.0,0.29982912884555263,0.029982912884555263,-22.213590583344285,0.029982912884555263,0.11993165153800356,0.14991456442248818,0.014991456442277631,0.007495728221138816,8.994873865366579,-0.029982912884555263,109.89434316956844,0.29982912884555263,-44.42718116668857,454.7926212790349,-2.998291288455526,5.996582576911052,1.499145644227763,-0.029982912884555263,4.774966691552083,0.04497436932683289,-0.029982912884555263,-104.09110241899582,0.0,271.24352380690016,0.014991456442277631,-100.0,-0.029982912884555263,-0.029982912884520374,-0.029982912884555263,0.014991456442277631,102.24173293633345,-5.996582576911052,0.029982912884555263,1.5916555638506944,-0.007495728221138815,-0.03298120417301867,-1.5916555638506944,4.497436932683288,3.0282742013400816,-385.7096504604146,102.24173293633345,-0.022487184663416444,76.5359466269884,-75.78637380487451,0.029982912884555457,-0.007495728221138816,775.8941876696274,29.982912884555258,-0.01499145644227763,-0.029982912884555263,0.007495728221138816,1000.0,0.0,-450.0909316173558,0.0,-255.0,0.0,120.27088230916695,-27.880156907428756,0.0,618.8460283231285,-243.00172160448727,-50.25379519372211,-300.0,-309.42301416156425,127.5,121.50086080224364,0.0,13.940078453714378,-69.78979122796346,-146.69620258579263,300.0,50.25379519372211,-146.69620258579263,-120.27088230916695,27.57878332004642,0.0,1496.5981,hplb
434,0.0,0.0,0.0,0.0,0.0,0.0,0.0,0.0,-0.09702731893082443,0.0,0.0,0.0,0.0,0.0,0.0,0.0,80.45398823999886,219.54601176000114,0.0,0.0,0.0,0.0,0.0,317.3517124185704,0.0,0.0,0.0,0.0,0.0,80.45398823999886,47.67846329131047,-47.67846329131047,137.85569625162913,0.0,0.0,0.0,0.0,164.99525358492477,0.0,-1000.0,890.9025620396023,0.0,0.0,0.0,0.0,0.0,0.0,0.0,0.0,0.0,0.0,160.90797647999773,0.0,0.1067300508235481,0.0,0.0,0.0,19.405463786164887,0.0,0.0,85.46564793026133,0.0,0.0,-244.2443768133567,1000.0,0.0,0.0,0.0,424.615490503203,-350.5567042695235,0.0,0.9702731893082446,0.0,0.0,0.0,0.0,0.0,0.0,0.0,0.0,0.0,0.0,0.0,0.0,58.21639135849467,0.0,0.0,445.2916217769973,0.0,235.1623664630015,988.0648704880186,0.0,0.0,0.0,29.108195679247334,0.0,107.64943254538731,-50.80274296088285,0.0,0.0,0.0,4.851365946541222,-406.0017929853191,0.0,0.0,0.0,0.0,493.3002913364308,0.0,0.0,0.0,0.0,0.0,0.0,0.0,0.0,0.0,0.0,0.0,0.0,0.0,0.0,0.0,0.0,-1000.0,0.0,0.0,107.64943254538731,0.0,30.07846886855558,0.0,0.0,234.24571486331277,-54.051599808587625,-180.19411505472516,180.19411505472516,-1000.0,-859.3749999999991,859.3749999999991,670.2899752563819,0.0,0.0,0.0,0.0,0.0,7.4711035576734774,0.09702731893082443,988.0891273177514,0.0,0.0,-175.01969819695188,175.01969819695188,0.0,0.0,0.0,0.0,69.6123257907407,0.0,0.0,0.0,0.0,0.0,952.2245093897587,952.2245093897587,0.0,0.0,0.0,0.0,-1000.0,0.0,0.0,1000.0,0.0,0.0,0.0,-16.34474353531084,0.0,0.0,0.0,0.0,0.0,0.0,0.0,0.0,0.0,0.0,-225.195748896896,0.0,0.0,0.0,0.0,-1000.0,0.0,0.0,0.0,0.0,0.0,0.0,-160.90797647999773,64.83763353699851,-64.83763353699851,329.710024743618,0.0,0.0,0.0,0.0,0.0,0.0,486.455781225318,-352.96110134709863,0.0,0.0,0.0,0.0,0.0,0.0,0.0,0.0,0.0,0.0,0.0,0.0,0.0,0.0,17.352164438469757,0.0,0.0,0.0,0.0,0.0,160.20024078798673,0.0,0.0,0.0,0.0,85.46564793026133,0.0,47.67846329131047,0.0,502.25437232027105,0.0,0.0,0.0,0.0,0.0,0.0,0.0,78.54123686613998,0.0,64.83763353699851,0.0,349.2212788339981,0.0,0.0,0.0,0.0,329.710024743618,118.37332909560583,0.0,0.0,0.0,-370.8563793686617,0.0,0.0,-1000.0,0.0,0.0,-1000.0,0.0,0.0,64.83763353699851,0.0,0.0,0.0,0.0,-219.20404571460455,0.0,0.0,0.0,-52.6715863499478,0.0,52.6715863499478,0.0,1000.0,0.0,0.0,0.0,0.0,0.0,0.0,85.46564793026133,-0.14554097839623664,0.0,0.0,0.0,0.0,0.09702731893082443,0.0,0.0,0.0,402.44030192300795,80.45398823999886,0.0,-80.717875747162,-292.162320641747,0.0,998.5519945849896,0.0,8.354052159943626,0.0,0.0,0.0,0.0,0.0,-8.354052159943626,0.0,0.0,0.0,-114.38656037002104,0.0,0.0,0.0,0.0,0.0,0.0,0.0,0.0,0.0,0.0,0.0,0.0,0.0,0.0,0.0,0.0,502.25437232027105,0.0,0.0,-165.38336286064796,0.0,0.0,0.0,962.5544428281734,0.0,0.0,40.20735973363699,0.0,0.0,0.0,0.0,0.0,-424.615490503203,0.0,339.7697584397446,0.0,0.0,0.0,-4.851365946541222,0.0,-130.64728494035512,0.0,-825.8983458003725,0.0,-2.425682973270611,0.0,0.0,0.0,838.0267606667255,1000.0,-1000.0,107.64943254538731,0.0,0.0,0.0,511.57049432389323,0.0,0.0,0.0,0.0,0.0,0.0,-658.2543657504864,0.0,0.0,-0.19405463786164887,0.0,0.0,486.455781225318,0.0,0.0,-158.77872888309537,0.0,640.6249999999989,0.0,0.0,0.0,0.0,0.0,-90.29726810691756,0.1940546378615413,0.0,0.0,0.0,0.0,0.0,0.0,0.0,0.0,0.0,74.05878623367946,0.0,0.0,0.0,0.0,0.0,0.0,0.0,0.0,0.0,0.1067300508235481,0.1067300508235481,47.67846329131047,260.5945362138351,0.0,58.21639135849467,0.0,0.0,0.0,-1000.0,0.0,0.0,0.0,0.0,0.0,-173.34081105593341,1000.0,0.0,0.0,863.0508358154939,0.0,0.0,0.0,0.0,0.0,0.0,0.0,0.0,0.0,0.0,333.3333333333333,-402.44030192300795,0.0,0.0,132.61909812140186,0.0,0.0,0.0,-489.91026553160475,0.0,-173.34081105593341,0.0,389.91327258339874,-653.5513517462497,0.0,0.0,0.0,0.0,0.0,0.0,0.0,0.0,0.0,0.0,0.0,0.0,0.0,0.0,0.0,0.0,58.21639135849467,329.710024743618,329.710024743618,0.0,0.0,0.0,0.0,0.0,0.0,0.0,0.0,0.0,0.0,0.9702731893082446,0.0,47.67846329131047,0.0,0.0,47.67846329131047,-160.90797647999773,0.0,0.0,107.64943254538731,-863.0508358154939,0.0,0.0,125.14799456372839,0.0,0.0,0.0,0.0,0.0,0.0,0.0,0.0,0.0,29.108195679247334,29.108195679247334,646.4272226945807,1000.0,0.0,0.0,0.0,0.0,0.0,0.0,0.0,1000.0,486.455781225318,885.613439629979,0.09702731893082443,0.0,0.0,0.0,128.13843569371525,0.0,0.0,0.0,0.0,0.0,0.0,0.0,0.0,0.0,0.0,0.0,0.0,0.0,0.0,0.0,0.0,0.0,0.09702731893082443,0.0,0.0,0.0,-561.0905258493364,561.0905258493364,0.0,0.0,0.0,0.0,0.0,40.20735973363699,0.0,0.0,-165.38336286064796,-7.2770489198118335,-4.851365946541222,0.0,0.0,0.0,0.0,0.0,0.0,0.0,0.0,0.0,0.0,0.0,0.0,329.710024743618,0.0,0.0,0.0,-157.12187338673326,0.0,0.0,0.0,-0.09702731893082443,0.0,0.0,0.09702731893082443,0.0,0.09702731893082443,0.0,0.0,0.0,58.21639135849467,118.37332909560583,118.37332909560583,0.0,0.0,0.0,0.0,0.0,0.0,0.0,0.0,0.0,486.455781225318,0.0,0.0,0.0,0.0,0.0,0.0,0.0,0.0,0.0,0.0,0.0,0.0,0.0,0.0,0.0,0.0,0.0,489.91026553160475,0.0,0.0,0.0,0.14554097839623664,0.0,0.0,0.0,-107.64943254538731,0.0,0.0,0.0,0.0,0.0,-260.5945362138351,4.851365946541222,0.0,0.0,0.0,0.0,1000.0,0.0,0.0,0.0,640.6249999999989,0.0,0.0,0.0,0.0,0.0,329.710024743618,0.0,863.0508358154939,121.72393736663655,260.5945362138351,0.0,305.5945362138351,0.0,0.0,40.20735973363699,0.0,-40.20735973363699,0.0,0.0,0.0,4.851365946541222,1000.0,0.0,0.0,-47.67846329131047,-158.77872888309537,0.0,0.0,-359.37500000000205,359.37500000000205,0.0,0.0,0.0,0.0,0.0,493.06733403054295,-282.42568297327057,118.37332909560583,0.0,0.0,0.0,47.67846329131047,0.0,0.0,0.0,0.0,0.0,0.0,0.0,0.0,0.0,-202.1972219273947,448.71280100741694,0.0,29.108195679247334,0.0,0.0,0.0,0.0,-279.1568120625871,0.0,0.0,0.1067300508235481,0.0,0.0,0.0,59.18666454780291,0.0,0.0,0.0,0.0,17.352164438469757,0.0,0.0,0.0,0.0,0.0,0.0,0.0,0.0,0.0,0.0,314.11246467234827,0.009702731893082722,0.0,0.0,0.0,0.0,0.0,0.0,0.0,0.0,0.0,0.0,47.67846329131047,0.0,0.0,0.0,0.0,260.5945362138351,0.0,0.0,0.0,0.0,0.0,0.0,0.0,0.0,0.0,0.0,0.0,0.0,0.0,0.0,219.54601176000114,0.0,0.0,0.0,58.21639135849467,0.0,0.0,0.0,0.0,0.0,0.0,-58.21639135849467,0.0,0.0,0.0,0.0,0.0,0.0,0.0,0.0,0.0,47.67846329131047,47.67846329131047,0.0,0.0,593.9982070146809,66.46371346761475,543.1841939421909,-650.8336264875782,0.0,164.99525358492477,0.0,0.0,0.0,0.0,0.0,0.0,0.0,0.0,0.0,0.0,0.0,0.0,0.0,0.0,0.0,0.0,0.0,-12.128414866353054,329.710024743618,-7.2770489198118335,275.1486340534588,0.0,0.0,0.0,0.0,0.0,0.0,-1.2128414866353057,158.77872888309537,0.0,0.0,0.0,0.0,0.0,0.0,0.0,1000.0,29.108195679247334,29.108195679247334,0.0,0.0,0.0,0.0,0.0,0.1067300508235481,260.5945362138351,0.0,0.0,-164.99525358492477,314.1027619404552,0.0,0.0,0.0,0.0,0.0,0.0,0.0,0.0,0.0,0.0,0.0,0.0,0.0,0.0,0.0,0.0,0.0,0.0,101.87868487736567,7.4711035576734774,0.0,0.0,0.0,0.0,0.0,260.5945362138351,0.0,-55.654108907424074,0.0,0.0,0.0,-12.128414866353054,0.0,0.0,0.0,0.0,0.0,0.0,0.0,0.0,0.0,0.0,0.0,0.0,0.0,0.0,0.0,0.0,0.0,0.0,-0.09702731893082443,0.0,0.0,4.851365946541222,173.34081105593341,0.0,0.0,0.0,0.0,329.710024743618,0.0,0.0,0.0,8.354052159943626,2.425682973270611,0.0,0.0,0.0,0.09702731893082443,0.0,97.02731893082444,-30.07846886855558,19.405463786164887,0.6930522780773174,270.7062198170002,-0.07277048919811832,486.128587360628,1.9405463786164887,-0.48513659465401987,-270.7062198170002,29.10819567924733,-0.09702731893082443,0.0,0.0,0.024256829732706108,0.6930522780773174,0.0,-15.446749173787083,45.73791691269398,-300.0,-0.09702731893082443,0.024256829732706108,-270.7062198170002,9.702731893082444,0.09702731893082443,0.09702731893082443,-260.3907788440807,0.10673005082389579,-228.15296435854623,-0.07277048919811832,29.108195679247334,0.09702731893082443,107.64943254538731,30.02757740072776,-0.048513659465412216,158.54063856780553,-170.0,-0.07277048919811832,-0.09702731893082443,-30.07846886855558,0.09702731893082443,9.702731893082444,-1.9405463786164887,489.91026553160475,489.91026553160475,-9.702731893082444,300.0,-489.91026553160475,19.405463786164887,0.14554097839623664,-1000.0,9.702731893082444,-333.3333333333333,0.0,-19.405463786164887,0.048513659465412216,0.9702731893082446,20.1794689367905,280.0,-0.09702731893082443,-282.42568297327057,260.3907788440807,30.07846886855558,0.09702731893082443,15.446749173787083,-194.9740195831293,0.0,-0.09702731893082443,-0.024256829732706108,0.0,-0.09702731893082443,-90.29726810691756,0.09702731893082443,-0.024256829732706108,-0.024256829732706108,-0.024256829732706108,38.810927572329774,-30.02757740072776,0.9702731893082446,197.2017050066761,-0.024256829732706108,40.358937873581,4.851365946541222,50.0,0.09702731893082443,0.048513659465412216,0.048513659465412216,9.702731893082444,30.07846886855558,0.09702731893082443,-30.07846886855558,0.9702731893082446,0.09702731893082443,-447.8348851942817,0.09702731893082443,0.3881092757231954,0.48513659465401987,0.048513659465412216,0.024256829732706108,29.108195679247334,-0.09702731893082443,228.15296435854623,-22.86895845634699,-394.4034100133522,483.7029043873572,-9.702731893082444,19.405463786164887,4.851365946541222,-0.09702731893082443,0.0,0.14554097839623664,-0.09702731893082443,-19.405463786164887,30.07846886855558,829.8648765026014,0.048513659465412216,-100.0,-0.09702731893082443,-0.09702731893082443,-0.09702731893082443,0.048513659465412216,270.7062198170002,-19.405463786164887,0.09702731893082443,40.358937873581,-0.024256829732706108,-0.10673005082389579,-40.358937873581,14.554097839623665,170.0,445.27732692102643,270.7062198170002,-0.07277048919811832,282.42568297327057,-280.0,0.09702731893082443,-0.024256829732706105,4.851365946541222,97.02731893082444,-0.048513659465412216,-0.09702731893082443,0.024256829732706108,0.0,0.0,699.9514863405345,250.6331801876056,-255.0,0.0,943.8369079892004,-140.0,0.0,-80.0,127.27840764042827,-325.0,-300.0,40.0,127.5,-63.639203820214135,0.0,70.0,-260.5945362138351,-550.7080644400144,300.0,325.0,-550.7080644400144,-943.8369079892004,564.5540978396236,0.0,1496.5981,hplb
435,0.0,0.0,0.0,0.0,0.0,0.0,0.0,0.0,-0.15756497803042618,0.0,0.0,0.0,0.0,0.0,0.0,0.0,0.23634746704563928,0.0,0.0,174.00012791636578,0.0,0.0,0.0,0.0,0.0,0.0,0.0,0.0,0.0,269.5377382709155,0.0,0.0,136.51781398552808,0.0,0.0,0.0,0.0,950.903007983011,0.0,-277.2715684950513,971.0760499539159,0.0,-453.4870924532137,264.32644654059413,0.0,0.0,0.0,0.0,0.0,0.0,0.0,0.0,0.0,0.17332147583297303,0.0,0.0,0.0,0.0,0.0,0.0,-13.876222398547611,0.0,-986.1237776014524,-1000.0,0.0,0.0,0.0,0.0,895.3056498580031,-443.4565717464796,0.0,1.5756497803042617,0.0,0.0,0.0,0.0,0.0,0.0,0.0,0.0,0.0,0.0,0.0,0.0,94.5389868182557,0.0,0.0,174.23647538341143,-347.9129624055986,1000.0,0.0,0.0,0.0,154.08593721892697,47.26949340912785,0.0,47.26949340912785,-5.073592292583356,0.0,0.0,0.0,210.2453180933607,0.0,0.0,0.0,0.0,61.62142636326995,923.9767328176482,0.0,0.0,0.0,0.0,0.0,0.0,0.0,0.0,0.0,0.0,0.0,0.0,0.0,0.0,0.0,0.0,-749.9812763546436,0.0,0.0,47.26949340912785,0.0,48.84514318943211,21.58920424854813,0.0,0.0,235.319482734554,-235.319482734554,235.31948273455401,-889.3148628240722,0.0,0.0,889.3148628240722,0.0,0.0,0.0,0.0,0.0,12.132503308342848,0.15756497803042618,0.039391244507606546,0.0,0.0,-1000.0,907.3953630217475,0.0,0.0,0.0,0.0,986.9696117946147,0.0,0.0,0.0,0.0,0.0,458.7153413061475,458.7153413061475,0.0,0.0,0.0,-359.37500000000006,-61.62142636326995,0.0,0.0,458.87290628417793,0.0,0.0,0.0,-591.0911065316371,0.0,0.0,0.0,0.0,0.0,0.0,0.0,0.0,0.0,0.0,0.0,0.0,0.0,0.0,0.0,-350.653595037655,0.0,0.0,0.0,0.0,0.0,0.0,453.4870924532137,-627.7235678366251,627.7235678366251,0.0,0.0,0.0,0.0,0.0,0.0,0.0,269.5377382709155,0.0,0.0,0.0,0.0,0.0,0.0,0.0,0.0,0.0,0.0,0.0,0.0,0.0,0.0,0.0,-5.990798172846969,-723.2611781911748,0.0,0.0,0.0,0.0,154.08593721892697,0.0,0.0,0.0,0.0,-13.876222398547611,-987.587624731769,0.0,0.0,655.5704521101462,0.0,0.0,0.0,0.0,0.0,0.0,31.512995606085234,0.0,0.0,1000.0,826.3235129778128,0.0,0.0,723.2611781911748,0.0,0.0,0.0,1000.0,0.0,0.0,0.0,-150.64879283795807,0.0,0.0,279.7474967161234,-243.12188526888002,0.0,522.8693819850032,0.0,243.12188526888002,-975.6365302422237,0.0,-627.9599153036708,0.0,0.0,328.69875998305827,0.0,0.0,0.0,948.696936214182,0.0,-948.696936214182,0.0,1000.0,0.0,0.0,0.0,-359.37500000000006,0.0,0.0,-13.876222398547611,-0.23634746704563928,0.0,0.0,0.0,0.0,0.15756497803042618,0.0,0.0,0.0,149.29816440960016,0.23634746704563928,0.0,-1000.0,543.1030321085566,0.0,1000.0,0.0,646.5775602760161,0.0,0.0,0.0,0.0,0.0,-13.566344608419197,-971.466367231463,338.45515156386614,-116.91938320757708,-1000.0,0.0,0.0,0.0,0.0,0.0,0.0,0.0,0.0,0.0,0.0,0.0,0.0,0.0,0.0,0.0,0.0,655.5704521101462,0.0,0.0,-951.5332678951329,0.0,0.0,0.0,0.0,0.0,0.0,961.2917922011495,0.0,0.0,0.0,0.0,202.3670691918394,-923.8392826265401,0.0,415.2582568973701,917.1678330844309,1000.0,0.0,0.0,-1000.0,449.38360551816504,0.0,-524.320040394811,0.0,-921.1069575351916,-7.878248901521308,-1000.0,0.0,618.9695806626621,1000.0,0.0,47.26949340912785,0.0,0.0,0.0,53.183626710139976,0.0,0.0,0.0,0.0,0.0,0.0,170.30337768377478,0.0,0.0,-541.442223671883,0.0,0.0,269.5377382709155,0.0,0.0,-27.752444797095205,0.0,0.0,18.34554336304371,0.0,0.0,0.0,0.0,-84.24350219695738,0.31512995606090044,0.0,0.0,0.0,0.0,0.0,0.0,0.0,0.0,0.0,451.8490781115235,0.0,0.0,0.0,0.0,0.0,0.0,0.0,0.0,0.0,0.17332147583297303,0.17332147583297303,0.0,248.48700439391476,0.0,94.5389868182557,0.0,0.0,0.0,0.0,0.0,0.0,0.0,0.0,0.0,1000.0,0.0,0.0,0.0,0.0,0.0,0.0,18.34554336304371,0.0,0.0,0.0,0.0,0.0,0.0,0.0,249.99375878488118,-149.29816440960016,30.98321061498272,0.0,12.132503308342848,0.0,0.0,154.08593721892697,0.0,0.0,1000.0,0.0,0.0,915.7564978030426,0.0,0.0,0.0,0.0,0.0,0.0,0.0,0.0,0.0,0.0,0.0,0.0,0.0,0.0,0.0,0.0,94.5389868182557,0.0,0.0,0.0,0.0,0.0,0.0,0.0,0.0,0.0,0.0,0.0,0.0,1.5756497803042617,0.0,0.0,0.0,0.0,0.0,453.4870924532137,0.0,0.0,47.26949340912785,0.0,0.0,0.0,0.0,0.0,0.0,0.0,0.0,0.0,0.0,135.74039385588327,0.0,0.0,47.26949340912785,47.26949340912785,304.77459275509426,0.0,0.0,18.34554336304371,0.0,0.0,0.0,0.0,0.0,116.91938320757708,269.5377382709155,0.0,0.15756497803042618,0.0,0.0,0.0,121.7302457775609,0.0,0.0,-154.08593721892697,0.0,0.0,0.0,0.0,0.0,0.0,0.0,0.0,0.0,0.0,0.0,0.0,0.0,0.0,0.15756497803042618,0.0,0.0,0.0,72.0971733434742,-72.0971733434742,0.0,0.0,0.0,0.0,0.0,961.2917922011495,0.0,0.0,-951.5332678951329,-11.817373352281962,-0.6067875577887758,-7.271461343732533,0.0,0.0,0.0,0.0,0.0,0.0,0.0,0.0,0.0,0.0,0.0,0.0,0.0,0.0,0.0,626.8478295641834,0.0,0.0,0.0,-0.15756497803042618,0.0,0.0,0.15756497803042618,0.0,0.15756497803042618,0.0,0.0,0.0,94.5389868182557,192.22927319711994,192.22927319711994,0.0,0.0,0.0,0.0,0.0,0.0,0.0,30.98321061498272,0.0,269.5377382709155,0.0,0.0,0.0,0.0,0.0,0.0,0.0,0.0,0.0,0.0,0.0,0.0,0.0,0.0,0.0,0.0,0.0,154.08593721892697,0.0,-310.23663038140444,310.23663038140444,0.23634746704563928,0.0,0.0,0.0,-47.26949340912785,0.0,0.0,0.0,0.0,0.0,-248.48700439391476,7.878248901521308,0.0,0.0,0.0,359.37500000000006,61.62142636326995,-5.680379850372131,-7.271461343732533,0.0,0.0,0.0,0.0,0.0,0.0,0.0,0.0,0.0,0.0,0.0,248.48700439391476,0.0,324.4702150088975,0.0,0.0,955.6114123507774,0.0,-955.6114123507774,0.0,807.7707268028801,0.0,7.878248901521308,1000.0,0.0,0.0,0.0,-27.752444797095205,0.0,0.0,0.0,0.0,0.0,-973.4242955094924,0.0,0.0,0.0,260.30437774619674,-283.939124450761,192.22927319711994,0.0,0.0,0.0,0.0,0.0,0.0,0.0,0.0,0.0,0.0,0.0,0.0,0.0,-573.5793238890844,212.1493600156568,-453.4870924532137,47.26949340912785,0.0,0.0,0.0,0.0,434.2976016319977,0.0,0.0,0.17332147583297303,0.0,0.0,0.0,96.11463659855995,0.0,0.0,0.0,0.0,-5.990798172846969,0.0,61.62142636326995,0.0,0.0,0.0,0.0,0.0,0.0,0.0,0.0,0.01575649780304289,0.01575649780304289,0.0,0.0,0.0,0.0,0.0,0.0,0.0,0.0,0.0,0.0,0.0,0.0,0.0,0.0,0.0,248.48700439391476,0.0,0.0,0.0,0.0,0.0,0.0,0.0,0.0,0.0,0.0,0.0,0.0,0.0,0.0,0.0,0.0,0.0,0.0,94.5389868182557,0.0,0.0,0.0,0.0,0.0,0.0,-94.5389868182557,0.0,0.0,0.0,0.0,0.0,0.0,0.0,0.0,0.0,0.0,0.0,0.0,0.0,0.0,107.93200995084214,0.0,-47.26949340912785,0.0,950.903007983011,0.0,0.0,0.0,0.0,0.0,0.0,0.0,0.0,0.0,0.0,0.0,0.0,0.0,0.0,0.0,0.0,0.0,-19.695622253803272,0.0,-214.18444254412137,272.1217510984791,0.0,0.0,0.0,0.0,0.0,0.0,-1.9695622253803273,27.752444797095205,0.0,0.0,0.0,0.0,0.0,0.0,0.0,1000.0,47.26949340912785,47.26949340912785,0.0,0.0,0.0,0.0,0.0,0.17332147583297303,248.48700439391476,0.0,0.0,-950.903007983011,0.0,0.0,0.0,0.0,0.0,0.0,0.0,0.0,0.0,0.0,0.0,0.0,0.0,0.0,155.11831519070222,0.0,0.0,21.58920424854813,0.0,165.44322693194746,0.0,0.0,12.132503308342848,0.0,0.0,0.0,248.48700439391476,0.0,0.0,0.0,0.0,0.0,-19.695622253803272,0.0,0.0,0.0,0.0,0.0,0.0,0.0,0.0,0.0,0.0,0.0,0.0,0.0,0.0,0.0,0.0,0.0,0.0,-0.15756497803042618,0.0,0.0,7.878248901521308,-1000.0,0.0,0.0,0.0,0.0,0.0,0.0,0.0,0.0,13.566344608419197,3.939124450760654,0.0,0.0,0.0,0.15756497803042618,0.0,157.56497803042615,-27.255938940883954,31.512995606085234,1.1254641287887583,482.78469720198524,-0.11817373352281964,109.06178349744104,3.1512995606085235,-0.7878248901523648,-482.78469720198524,47.26949340912785,-0.15756497803042618,0.0,18.34554336304371,0.039391244507606546,1.1254641287887583,0.0,-25.084344502447493,-3.1512995606085235,-174.23647538341143,-0.15756497803042618,0.039391244507606546,-482.78469720198524,15.756497803042617,0.15756497803042618,0.15756497803042618,-248.15611794005136,0.17332147583346907,-220.76131618248542,-0.11817373352281964,47.26949340912785,0.15756497803042618,47.26949340912785,-78.78248901521309,-0.07878248901521309,-766.2082956121293,-170.0,-0.11817373352281964,-0.15756497803042618,-27.255938940883954,0.15756497803042618,15.756497803042617,-3.1512995606085235,154.08593721892697,154.08593721892697,-15.756497803042617,174.23647538341143,-154.08593721892697,31.512995606085234,0.23634746704563928,-163.7550666253936,15.756497803042617,-249.99375878488118,18.34554336304371,-31.512995606085234,0.07878248901521309,1.5756497803042617,250.0,280.0,-0.15756497803042618,-283.939124450761,248.15611794005136,48.84514318943211,0.15756497803042618,25.084344502447493,-170.73243027346763,18.34554336304371,-0.15756497803042618,-0.039391244507606546,-18.34554336304371,-0.15756497803042618,-145.86492856022733,0.1575649780306776,-0.039391244507606546,-0.039391244507606546,-0.039391244507606546,63.02599121217047,78.78248901521309,1.5756497803042617,116.73595309829733,-0.039391244507606546,500.0,7.878248901521308,50.0,0.15756497803042618,0.07878248901521309,0.07878248901521309,24.929269484564472,27.255938940883954,0.15756497803042618,-27.255938940883954,1.5756497803042617,0.15756497803042618,-116.73595309829733,0.15756497803042618,0.6302599121219146,0.7878248901523648,0.07878248901521309,0.039391244507606546,47.26949340912785,-0.15756497803042618,220.76131618248542,1.5756497803042617,-233.47190619659466,105.12265904668033,-15.756497803042617,31.512995606085234,7.878248901521308,-0.15756497803042618,0.0,0.23634746704563928,-0.15756497803042618,-49.858538969128944,27.255938940883954,-18.728049883827737,0.07878248901521309,-100.0,-0.15756497803042618,-0.1575649780306776,-0.15756497803042618,0.07878248901521309,482.78469720198524,-31.512995606085234,0.15756497803042618,500.0,-0.039391244507606546,-0.17332147583346907,-500.0,23.634746704563923,170.0,-214.82882705077697,482.78469720198524,-0.11817373352281964,283.939124450761,-280.0,0.15756497803042618,-0.039391244507606546,7.878248901521308,157.56497803042618,-0.07878248901521309,-0.15756497803042618,0.039391244507606546,0.0,0.0,139.312814378602,0.0,-255.0,0.0,293.6184019983315,-140.0,0.0,-80.0,-255.0,-325.0,-24.36346975777637,40.0,127.5,127.5,0.0,70.0,-248.48700439391476,-415.56955174816994,24.36346975777637,325.0,-415.56955174816994,-293.6184019983315,224.29716723437824,0.0,1496.5981,hplb
436,0.0,0.0,0.0,0.0,0.0,0.0,0.0,0.0,-0.15862513048339563,0.0,0.0,0.0,0.0,0.0,0.0,0.0,621.3702664496698,0.0,0.0,-321.37026644966977,0.0,0.0,0.0,0.0,0.0,210.00130463290918,0.0,0.0,0.0,695.2820113942091,0.0,0.0,136.4943846163171,0.0,0.0,0.0,0.0,48.99270233236962,0.0,-1000.0,983.5643808117792,0.0,0.0,-949.8782524130066,0.0,0.0,0.0,0.0,-1000.0,-256.19006550388775,0.0,0.0,0.0,0.17448764353162005,0.0,0.0,0.0,31.725026096679123,0.0,0.0,-13.969586491238033,0.0,0.0,-13.969586491238033,0.0,0.0,0.0,0.0,241.28517023106656,-241.28517023106656,0.0,1.5862513048339562,0.0,0.0,0.0,0.0,0.0,0.0,0.0,271.5513713149426,0.0,0.0,0.0,0.0,95.17507829003736,0.0,0.0,1000.0,294.9257660981485,-626.1354081306317,-0.03965628262084891,0.0,0.0,-476.5322087012484,47.58753914501868,0.0,47.58753914501868,-76.77325018436227,0.0,0.0,0.0,7.931256524169781,695.2820113942091,0.0,0.0,0.0,44.627592755830925,0.0,0.0,0.0,0.0,0.0,0.0,0.0,0.0,0.0,0.0,0.0,0.0,0.0,0.0,0.0,0.0,0.0,-830.2628681888591,0.0,0.0,47.58753914501868,0.0,49.173790449852646,12.97078701443207,0.0,0.0,0.0,0.0,0.0,-1000.0,397.10814467354385,-397.10814467354385,1000.0,0.0,0.0,0.0,0.0,0.0,12.214135047221475,0.15862513048339563,0.0,0.0,0.0,-326.65831363716507,230.61621675248696,0.0,0.0,0.0,0.0,804.8300683815031,0.0,0.0,0.0,0.0,0.0,988.3762836897696,988.3762836897696,0.0,0.0,0.0,0.0,0.0,0.0,0.0,988.534908820253,0.0,0.0,0.0,171.9000813452193,-488.3132752127109,0.0,0.0,0.0,0.0,0.0,0.0,0.0,0.0,0.0,0.0,0.0,0.0,0.0,0.0,-1000.0,0.0,0.0,0.0,0.0,0.0,256.19006550388775,0.0,631.2096420324833,-631.2096420324833,0.0,0.0,0.0,0.0,0.0,0.0,0.0,0.0,-675.1386632782563,0.0,0.0,0.0,0.0,0.0,0.0,0.0,0.0,0.0,0.0,0.0,0.0,0.0,0.0,14.86455632220543,-316.6522778438789,0.0,0.0,0.0,0.0,153.97886182117705,0.0,0.0,0.0,0.0,-13.969586491238033,633.2259745691277,0.0,0.0,642.4540061656287,0.0,0.0,0.0,0.0,0.0,633.9299505967596,0.0,0.0,0.0,-537.238693225205,-873.5225691595399,631.2096420324833,0.0,316.6522778438789,0.0,0.0,0.0,-676.49222436628,0.0,0.0,0.0,112.10826335139203,0.0,0.0,-546.8749999999877,453.12500000001256,0.0,-1000.0,0.0,-453.12500000001256,926.1354081306317,0.0,309.83937558281355,256.19006550388775,0.0,314.5268262563609,0.0,0.0,0.0,-488.4657562186889,0.0,488.4657562186889,0.0,1000.0,0.0,0.0,0.0,0.0,0.0,0.0,-13.969586491238033,-0.23793769572509343,0.0,0.0,0.0,0.0,0.15862513048339563,0.0,0.0,0.0,164.50364843704472,621.3702664496698,0.0,-1000.0,2.829137004218296,488.3132752127109,1000.0,0.0,0.0,0.0,0.0,0.0,0.0,0.0,422.0017464652123,0.0,-422.0017464652123,-1000.0,-1000.0,0.0,0.0,0.0,0.0,0.0,0.0,0.0,0.0,0.0,0.0,0.0,0.0,0.0,0.0,0.0,0.0,642.4540061656287,-950.3727971456967,0.0,-1000.0,0.0,0.0,705.5954715795558,0.0,0.0,0.0,-646.144085643981,0.0,0.0,0.0,0.0,0.0,0.0,613.8041040595144,0.0,550.2956367395498,-241.28517023106656,615.2597778587199,992.0687434758303,0.0,-227.24636193051242,-613.8041040595144,-7.931256524169781,0.0,-554.2612650016347,-1000.0,-1000.0,0.0,-103.10633481420717,1000.0,0.0,47.58753914501868,0.0,0.0,0.0,613.2516637041081,0.0,0.0,0.0,0.0,0.0,0.0,-389.9766898007872,0.0,0.0,-11.782341440713822,0.0,0.0,0.0,0.0,0.0,-27.939172982476066,0.0,0.0,31.151919956797926,0.0,0.0,0.0,0.0,-84.13748695166043,0.31725026096682996,0.0,0.0,0.0,0.0,0.0,0.0,0.0,0.0,0.0,0.0,0.0,0.0,0.0,0.0,0.0,0.0,0.0,0.0,0.0,0.17448764353162005,0.17448764353162005,0.0,248.27497390332087,0.0,95.17507829003736,0.0,0.0,0.0,1000.0,0.0,0.0,0.0,0.0,0.0,429.15998741737053,-1000.0,0.0,0.0,0.0,0.0,0.0,31.151919956797926,0.0,0.0,0.0,0.0,0.0,0.0,0.0,276.75428939628637,-164.50364843704472,51.41450412884717,0.0,12.214135047221475,0.0,-476.5322087012484,0.0,-153.97886182117705,0.0,429.15998741737053,0.0,1000.0,-654.97749953429,0.0,0.0,0.0,0.0,0.0,0.0,0.0,0.0,0.0,0.0,0.0,0.0,0.0,0.0,0.0,0.0,95.17507829003736,0.0,0.0,0.0,0.0,0.0,0.0,0.0,0.0,0.0,0.0,0.0,0.0,1.5862513048339562,0.0,0.0,0.0,0.0,0.0,0.0,0.0,0.0,47.587539145018695,0.0,0.0,0.0,0.0,0.0,0.0,0.0,0.0,0.0,0.0,-660.3124610569736,0.0,0.0,47.58753914501869,47.58753914501868,1000.0,-1000.0,0.0,31.151919956797926,0.0,0.0,0.0,0.0,0.0,-117.50805467883896,0.0,28.55656160469922,0.15862513048339563,0.0,0.0,-758.7313215867525,916.3353190652746,0.0,0.0,476.5322087012484,0.0,0.0,0.0,0.0,0.0,0.0,0.0,0.0,0.0,0.0,0.0,0.0,0.0,0.0,0.15862513048339563,0.0,0.0,0.0,-1000.0,1000.0,0.0,0.0,0.0,0.0,0.0,334.044075662876,0.0,0.0,-324.2198925816045,-11.89688478625467,-7.931256524169781,0.0,0.0,0.0,0.0,0.0,0.0,0.0,0.0,0.0,0.0,0.0,0.0,0.0,488.3132752127109,0.0,0.0,-95.17507829003739,0.0,0.0,0.0,-0.15862513048339563,0.0,0.0,0.15862513048339563,0.0,0.15862513048339563,0.0,0.0,0.0,95.17507829003736,193.52265918974263,193.52265918974263,0.0,0.0,0.0,0.0,0.0,0.0,0.0,51.41450412884717,0.0,0.0,0.0,0.0,0.0,435.65937019983255,0.0,0.0,0.0,0.0,0.0,0.0,0.0,0.0,0.0,0.0,0.0,0.0,0.0,153.97886182117705,0.0,-210.00130463290918,210.00130463290918,0.23793769572509343,0.0,0.0,0.0,-47.58753914501868,0.0,0.0,0.0,0.0,0.0,-248.27497390332087,7.931256524169781,0.0,0.0,0.0,0.0,0.0,620.8909648710238,0.0,0.0,0.0,0.0,0.0,0.0,0.0,0.0,0.0,0.0,0.0,209.9771076395224,248.27497390332087,0.0,344.68947803216804,0.0,274.5926897273012,-25.25312077295723,0.0,-249.33956895434397,0.0,-870.0148835560226,0.0,7.931256524169781,1000.0,0.0,0.0,0.0,-27.939172982476066,0.0,0.0,-734.375000000044,734.375000000044,0.0,0.0,0.0,0.0,0.0,260.1718586895755,-283.9656282620851,193.52265918974263,0.0,0.0,0.0,0.0,0.0,0.0,0.0,0.0,0.0,633.9299505967596,0.0,0.0,0.0,-157.60399747852193,0.0,0.0,47.58753914501868,0.0,0.0,0.0,0.0,323.40945397135624,0.0,0.0,0.17448764353162005,0.0,0.0,0.0,96.76132959487133,0.0,0.0,0.0,0.0,14.86455632220543,0.0,44.627592755830925,0.0,0.0,0.0,0.0,0.0,0.0,993.1165105608752,0.0,686.7241224361168,0.01586251304833919,0.0,0.0,0.0,0.0,0.0,0.0,0.0,0.0,0.0,-758.7313215867525,0.0,0.0,0.0,0.0,0.0,248.27497390332087,0.0,0.0,0.0,0.0,0.0,0.0,0.0,256.19006550388775,0.0,0.0,0.0,0.0,231.20964203248326,0.0,0.0,0.0,0.0,0.0,95.17507829003736,0.0,0.0,0.0,0.0,0.0,0.0,-95.17507829003736,0.0,0.0,0.0,0.0,0.0,0.0,0.0,0.0,0.0,0.0,0.0,0.0,-28.55656160469922,-422.22604328462984,544.3175845809585,-1000.0,952.4124608549813,0.0,48.99270233236962,0.0,0.0,0.0,0.0,0.0,0.0,0.0,0.0,0.0,757.8124999999999,0.0,-757.8124999999999,-757.8125,0.0,0.0,0.0,0.0,-19.82814131042445,0.0,-11.89688478625467,707.7281136756628,0.0,0.0,0.0,0.0,0.0,0.0,-1.9828141310424452,27.939172982476066,0.0,0.0,0.0,0.0,0.0,0.0,0.0,1000.0,47.58753914501868,47.58753914501869,0.0,0.0,0.0,0.0,271.5513713149426,0.17448764353162005,248.27497390332087,0.0,0.0,-48.99270233236962,686.7082599230685,0.0,0.0,0.0,0.0,0.0,0.0,0.0,0.0,0.0,0.0,0.0,0.0,0.0,0.0,0.0,0.0,12.97078701443207,0.0,166.55638700756538,12.214135047221475,0.0,0.0,0.0,0.0,0.0,248.27497390332087,0.0,0.0,0.0,0.0,0.0,-19.82814131042445,0.0,0.0,0.0,0.0,0.0,0.0,0.0,0.0,0.0,0.0,0.0,0.0,0.0,0.0,0.0,0.0,0.0,0.0,-0.15862513048339563,0.0,0.0,7.93125652416978,-429.15998741737053,0.0,0.0,0.0,0.0,0.0,0.0,0.0,0.0,-422.0017464652123,3.9656282620848904,0.0,0.0,210.00130463290918,0.15862513048339563,0.0,158.6251304833956,-36.20300343542058,31.725026096679127,1.1330366463099686,468.50568807753797,-0.11896884786254672,7.931256524169781,3.1725026096679123,-0.7931256524170536,-468.50568807753797,47.58753914501869,-0.15862513048339563,0.0,31.151919956797926,0.03965628262084891,1.1330366463099686,0.0,-25.25312077295723,-3.1725026096679123,-300.0,-0.15862513048339563,0.03965628262084891,-468.50568807753797,15.862513048339562,0.15862513048339563,0.15862513048339563,-247.94186112930586,0.1744876435317144,-220.63187156797756,-0.11896884786254672,47.58753914501868,0.15862513048339563,47.587539145018695,-79.3125652416978,-0.07931256524169782,-584.1981968135256,-170.0,-0.1189688478625467,-0.15862513048339563,-36.20300343542058,0.15862513048339563,15.862513048339562,-3.1725026096679123,153.97886182117705,153.97886182117705,-15.862513048339562,300.0,-153.97886182117705,31.725026096679123,0.2379376957250934,-811.0352396688631,15.862513048339562,-276.75428939628637,31.151919956797926,-31.725026096679123,0.07931256524169782,1.5862513048339562,250.0,280.0,-0.15862513048339563,-283.9656282620851,247.94186112930586,49.173790449852646,0.15862513048339563,25.25312077295723,-159.198236623277,31.151919956797926,-0.15862513048339563,-0.03965628262084891,-31.151919956797926,-0.15862513048339563,-128.76507970749137,0.15862513048311142,-0.03965628262084891,-0.03965628262084891,-0.03965628262084891,63.450052193358246,79.3125652416978,1.5862513048339562,383.63920047114635,-0.03965628262084889,500.0,7.931256524169781,50.0,0.15862513048339563,0.07931256524169782,0.07931256524169782,31.438473026738524,36.20300343542058,0.15862513048339563,-36.20300343542058,1.5862513048339562,0.15862513048339563,-915.8748143196643,0.15862513048339563,0.6345005219336599,0.7931256524170536,0.07931256524169782,0.03965628262084891,47.58753914501868,-0.15862513048339563,220.63187156797756,1.5862513048339562,-767.2784009422927,3.9656282620848904,-15.862513048339562,31.725026096679123,7.93125652416978,-0.15862513048339563,0.0,0.23793769572509343,-0.15862513048339563,-62.87694605347705,36.20300343542058,6.782240876304094,0.07931256524169782,-100.0,-0.15862513048339563,-0.15862513048311142,-0.15862513048339563,0.07931256524169782,468.50568807753797,-31.725026096679123,0.15862513048339563,500.0,-0.03965628262084891,-0.1744876435317144,-500.0,23.79376957250934,170.0,471.4466054886035,468.50568807753797,-0.1189688478625467,283.9656282620851,-280.0,0.15862513048339563,-0.0396562826208489,7.931256524169781,158.6251304833956,-0.07931256524169782,-0.15862513048339563,0.03965628262084891,0.0,0.0,510.95592710362143,532.2356138485179,-255.0,0.0,287.75544088767674,-140.0,0.0,-80.0,-255.0,-325.0,-300.0,40.0,127.5,127.5,0.0,70.0,-248.27497390332087,-330.19169484766036,300.0,325.0,-330.19169484766036,-287.75544088767674,215.5455822313071,0.0,1496.5981,hplb
437,0.0,0.0,0.0,0.0,0.0,0.0,0.0,0.0,482.76266941958085,0.0,0.0,0.0,0.0,0.0,0.0,0.0,-251.02293817191426,-492.9985082642458,0.0,1000.0,0.0,0.0,0.0,883.9601539228945,0.0,257.72954173873103,0.0,0.0,0.0,251.02293817191426,0.0,0.0,137.45149916932743,0.0,0.0,0.0,0.0,501.2010521284598,0.0,-1000.0,492.85481515247966,0.0,0.0,0.0,0.0,0.0,0.0,0.0,0.0,0.0,0.0,0.0,0.0,0.12684845763508262,0.0,0.0,0.0,23.06335593369024,0.0,0.0,-10.155564396134373,0.0,1000.0,989.8444356038656,0.0,0.0,0.0,0.0,0.0,0.0,0.0,1.153167796684512,0.0,0.0,0.0,0.0,0.0,0.0,0.0,0.0,0.0,0.0,-43.237676990618084,0.0,69.19006780107071,0.0,0.0,640.6614670323371,640.6614670323371,0.0,-0.0288291949171128,0.0,0.0,0.0,34.595033900535356,0.0,34.595033900535356,0.0,521.3968641410602,0.0,0.0,5.76583898342256,251.02293817191426,0.0,0.0,0.0,0.0,0.0,0.0,0.0,0.0,0.0,0.0,0.0,0.0,0.0,0.0,0.0,0.0,0.0,0.0,0.0,0.0,0.0,-1000.0,0.0,0.0,34.595033900535356,0.0,35.74820169721987,17.34389516992279,0.0,207.89677356684942,0.0,-207.89677356684942,207.89677356684942,0.0,0.0,0.0,0.0,0.0,0.0,0.0,0.0,0.0,52.117069025088824,0.1153167796684512,0.0,0.0,0.0,0.0,-804.199290563576,0.0,0.0,0.0,0.0,605.7190900645203,0.0,0.0,0.0,0.0,0.0,-372.55040832569733,-372.55040832569733,0.0,0.0,0.0,0.0,0.0,0.0,0.0,-372.4350915460289,0.0,0.0,0.0,-370.06442344859903,0.0,0.0,0.0,0.0,0.0,0.0,0.0,0.0,0.0,0.0,0.0,0.0,0.0,0.0,0.0,-1000.0,0.0,0.0,0.0,0.0,0.0,0.0,0.0,-640.6614670323371,640.6614670323371,0.0,0.0,0.0,0.0,0.0,0.0,0.0,0.0,-14.4145974585564,0.0,0.0,0.0,0.0,0.0,0.0,0.0,0.0,0.0,0.0,0.0,0.0,0.0,13.322646191111573,750.3260024309565,0.0,0.0,0.0,0.0,0.0,158.35300525348643,0.0,0.0,0.0,0.0,-10.155564396134423,0.0,0.0,0.0,0.0,0.0,0.0,0.0,0.0,0.0,3.7132003053223572,0.0,0.0,0.0,-588.9189761217075,692.4039579429667,0.0,0.0,0.0,0.0,0.0,0.0,0.0,0.0,0.0,0.0,-11.622009444251717,0.0,0.0,-1000.0,0.0,0.0,-1000.0,0.0,0.0,0.0,0.0,-774.32144232892,0.0,0.0,198.0686003613379,0.0,0.0,0.0,-1000.0,0.0,1000.0,0.0,627.3342748946342,0.0,0.0,143.93840779493001,0.0,0.0,0.0,-10.155564396134373,-0.1729751695026768,0.0,0.0,0.0,0.0,0.1153167796684512,0.0,0.0,0.0,803.3387605406558,-251.02293817191426,0.0,-686.7646384867064,819.9377093471908,0.0,400.51320498670526,0.0,369.1437591367145,0.0,0.0,0.0,0.0,0.0,911.0792311976575,-280.22299033437196,-1000.0,0.0,-446.9579109135595,0.0,0.0,0.0,0.0,0.0,0.0,0.0,0.0,0.0,0.0,0.0,0.0,0.0,0.0,0.0,0.0,0.0,-285.99195480137564,0.0,-1000.0,0.0,212.34572595149035,0.0,0.0,0.0,766.8315107180773,-55.83026933041117,0.0,564.6345411316782,0.0,941.6448933600445,0.0,892.0524090047456,0.0,0.0,0.0,-611.8294186703737,611.2034846877477,0.0,-1000.0,-17.926943110725006,0.0,-5.76583898342256,1000.0,-2.88291949171128,-5.76583898342256,0.0,0.0,472.0675209198964,0.0,-547.0234277043897,34.595033900535356,0.0,0.0,0.0,0.0,0.0,482.8779861992493,0.0,-13.322646191111573,13.322646191111573,13.322646191111573,231.93664406630975,0.0,0.0,-1000.0,0.0,0.0,0.0,0.0,0.0,-20.311128792268747,0.0,671.8749999999989,126.93664406630977,0.0,0.0,0.0,0.0,-88.46832203315488,0.23063355933702037,0.0,0.0,0.0,0.0,0.0,0.0,0.0,0.0,0.0,0.0,0.0,0.0,0.0,0.0,0.0,0.0,0.0,0.0,0.0,0.12684845763508262,0.12684845763508262,0.0,270.25929025742136,0.0,69.19006780107071,0.0,19.897634137303275,0.0,1000.0,0.0,11.923549287827115,0.0,0.0,0.0,491.76713788011415,-1000.0,0.0,0.0,0.0,0.0,0.0,126.93664406630977,0.0,0.0,0.0,0.0,0.0,0.0,0.0,333.3333333333333,-803.3387605406558,804.199290563576,0.0,8.87939203447074,0.0,0.0,0.0,-158.35300525348643,0.0,491.76713788011415,0.0,403.29881584695926,0.0,0.0,0.0,13.322646191111573,0.0,0.0,0.0,0.0,0.0,0.0,0.0,0.0,0.0,0.0,0.0,0.0,0.0,69.19006780107071,0.0,0.0,0.0,0.0,0.0,0.0,0.0,0.0,0.0,0.0,0.0,0.0,1.153167796684512,0.0,0.0,0.0,0.0,0.0,0.0,0.0,0.0,34.595033900535356,0.0,0.0,0.0,0.0,0.0,0.0,0.0,0.0,0.0,0.0,1000.0,0.8864252313605365,0.0,34.595033900535356,34.595033900535356,1000.0,-1000.0,0.0,126.93664406630977,0.0,0.0,0.0,0.0,0.0,343.095986954002,0.0,356.15945614410936,0.1153167796684512,0.0,0.0,0.0,82.91670069816566,0.0,0.0,0.0,0.0,0.0,0.0,0.0,0.0,0.0,0.0,0.0,0.0,0.0,0.0,0.0,0.0,0.0,0.1153167796684512,0.0,0.0,0.0,0.0,0.0,0.0,0.0,0.0,212.34572595149035,0.0,508.8042718012671,0.0,0.0,-714.0080451986244,-8.648758475133839,-5.7658389834225545,0.0,0.0,-203.125,-203.125,203.125,0.0,0.0,0.0,0.0,0.0,0.0,0.0,0.0,0.0,0.0,0.0,-69.19006780107073,0.0,0.0,0.0,482.76266941958085,0.0,0.0,0.1153167796684512,0.0,0.1153167796684512,0.0,0.0,0.0,69.19006780107071,140.68647119551045,140.68647119551045,0.0,0.0,0.0,0.0,0.0,0.0,43.237676990618084,804.199290563576,0.0,0.0,0.0,0.0,0.0,921.008005927111,0.0,0.0,0.0,0.0,0.0,0.0,0.0,0.0,0.0,0.0,0.0,0.0,0.0,158.35300525348643,0.0,-257.72954173873103,257.72954173873103,0.1729751695026768,0.0,0.0,0.0,-34.595033900535356,0.0,0.0,0.0,0.0,0.0,-270.25929025742136,5.76583898342256,0.0,0.0,0.0,0.0,0.0,-508.8042718012671,0.0,0.0,671.8749999999989,0.0,0.0,0.0,0.0,0.0,0.0,0.0,0.0,518.5362413140201,256.9366440663098,0.0,1000.0,0.0,0.0,-564.6345411316782,564.6345411316782,0.0,0.0,-140.68647119551045,19.897634137303275,5.765838983422562,1000.0,0.0,0.0,0.0,-20.311128792268747,15.62499999999828,-15.62499999999828,0.0,0.0,0.0,0.0,0.0,0.0,0.0,70.34323559775521,-87.64075254802287,140.68647119551045,0.0,0.0,0.0,0.0,0.0,0.0,0.0,0.0,0.0,3.7132003053223572,0.0,0.0,208.56481313479998,-82.91670069816566,0.0,0.0,34.595033900535356,0.0,0.0,0.0,0.0,141.99573473595552,0.0,0.0,0.12684845763508262,0.0,0.0,0.0,70.34323559775522,0.0,0.0,0.0,0.0,750.3260024309565,0.0,0.0,0.0,0.0,0.0,0.0,0.0,0.0,-658.8305962970132,0.0,694.9830067117975,0.01153167796684513,0.0,0.0,0.0,0.0,0.0,0.0,0.0,0.0,0.0,0.0,0.0,0.0,0.0,0.0,0.0,270.25929025742136,0.0,0.0,0.0,0.0,0.0,0.0,0.0,0.0,0.0,0.0,0.0,0.0,0.0,-276.3673186727485,-492.9985082642458,0.0,0.0,0.0,69.19006780107071,0.0,0.0,0.0,0.0,0.0,0.0,-69.19006780107071,0.0,0.0,0.0,0.0,0.0,0.0,0.0,0.0,0.0,0.0,0.0,0.0,196.88263294233116,594.1189251259162,1000.0,-34.595033900535356,0.0,0.0,713.5467780799502,0.0,0.0,0.0,0.0,0.0,0.0,0.0,0.0,0.0,742.1875,0.0,-742.1875,-742.1875,0.0,0.0,0.0,19.897634137303275,-14.4145974585564,0.0,-8.648758475133839,1000.0,0.0,0.0,0.0,0.0,0.0,298.1204648239975,-299.56192456985315,20.311128792268747,0.0,0.0,0.0,0.0,0.0,0.0,0.0,1000.0,34.595033900535356,34.595033900535356,0.0,0.0,0.0,0.0,0.0,0.12684845763508262,270.25929025742136,0.0,0.0,-713.5467780799502,694.9714750338306,0.0,0.0,0.0,0.0,0.0,0.0,0.0,0.0,0.0,0.0,0.0,0.0,0.0,0.0,0.0,0.0,17.34389516992279,0.0,121.08261865187374,52.117069025088824,0.0,0.0,0.0,0.0,0.0,270.25929025742136,0.0,503.0384328178445,0.0,0.0,0.0,-14.4145974585564,0.0,0.0,0.0,0.0,0.0,0.0,0.0,0.0,0.0,0.0,0.0,0.0,0.0,0.0,0.0,0.0,0.0,0.0,-0.1153167796684512,0.0,0.0,5.76583898342256,-491.76713788011415,0.0,0.0,0.0,0.0,0.0,0.0,0.0,0.0,-911.0792311976575,2.88291949171128,0.0,0.0,257.72954173873103,0.1153167796684512,0.0,115.31677966845119,-18.40430652729708,23.06335593369024,0.82369128334608,356.42160561482433,-0.0864875847513384,5.76583898342256,2.306335593369024,-0.5765838983426376,-356.42160561482433,34.595033900535356,-0.11531677966845132,0.0,126.93664406630977,0.0288291949171128,0.82369128334608,0.0,-18.358431323215655,-2.306335593369024,-255.97855356383994,-0.1153167796684512,0.0288291949171128,-356.42160561482433,115.8092125177686,0.1153167796684512,0.1153167796684512,-270.0171250201178,0.12684845763535135,-225.91982120248235,-0.0864875847513384,34.595033900535356,0.1153167796684512,34.595033900535356,-57.658389834225595,-0.0576583898342256,-379.79926886203793,-170.0,-0.0864875847513384,-0.1153167796684512,-18.40430652729708,0.1153167796684512,11.53167796684512,-2.306335593369024,158.35300525348643,158.35300525348643,-11.531677966845123,255.97855356383994,-158.35300525348643,23.06335593369024,0.1729751695026768,923.4850615282866,11.53167796684512,-333.3333333333333,126.93664406630977,-23.06335593369024,0.0576583898342256,1.153167796684512,171.6911596216766,280.0,-0.1153167796684512,-296.20556568282285,270.0171250201178,35.74820169721987,0.1153167796684512,18.358431323215655,-115.72102608675517,126.93664406630977,-0.1153167796684512,-0.0288291949171128,-126.93664406630977,-0.1153167796684512,-88.46832203315488,0.1153167796684512,-0.0288291949171128,-0.0288291949171128,-0.0288291949171128,46.12671186738048,57.658389834225595,1.153167796684512,254.2968505270063,-0.0288291949171128,343.3823192433532,5.76583898342256,50.0,0.1153167796684512,0.0576583898342256,0.0576583898342256,75.0,18.40430652729708,0.1153167796684512,-18.40430652729708,1.153167796684512,0.1153167796684512,-592.0199133072969,0.1153167796684512,0.46126711867418635,0.5765838983426376,0.0576583898342256,0.0288291949171128,34.595033900535356,-0.1153167796684512,225.91982120248235,1.153167796684512,-508.5937010540126,2.882919491711279,-11.53167796684512,23.06335593369024,5.76583898342256,-0.1153167796684512,0.0,0.1729751695026768,-0.1153167796684512,-150.0,18.40430652729708,340.95081087318147,0.0576583898342256,-100.0,-0.1153167796684512,-0.1153167796684512,-0.11531677966845122,0.0576583898342256,356.42160561482433,-23.06335593369024,0.1153167796684512,343.3823192433532,-0.0288291949171128,-0.12684845763535135,-343.3823192433532,17.297516950267678,170.0,-1000.0,356.42160561482433,-0.0864875847513384,296.20556568282285,-280.0,0.1153167796684512,-0.028829194917112794,947.4107323434671,115.31677966845119,-0.0576583898342256,-0.1153167796684512,0.0288291949171128,1000.0,0.0,-923.5427199181208,337.72306278029055,-255.0,0.0,187.9105361085136,-140.0,104.27753455092348,388.8202620057603,-255.0,-218.8640653701142,0.0,-194.41013100288015,127.5,127.5,-104.27753455092348,70.0,-270.25929025742136,-482.946545609137,0.0,218.8640653701142,-482.946545609137,-187.9105361085136,146.04994211421183,0.0,1496.5981,hplb
438,0.0,0.0,0.0,0.0,0.0,0.0,0.0,0.0,256.80276848285143,0.0,0.0,0.0,0.0,0.0,0.0,0.0,819.0004830375809,-152.3683772975274,0.0,-366.63210574005353,0.0,0.0,0.0,185.0685051548274,0.0,0.0,0.0,0.0,0.0,-837.1278222428541,0.0,0.0,136.5411964960055,0.0,0.0,0.0,0.0,672.8777138288416,0.0,-1000.0,953.7405233836819,0.0,0.0,-710.5038004596184,0.0,0.0,0.0,0.0,728.6311396648916,-402.5712156541023,0.0,0.0,0.0,0.17215764047023185,0.0,0.0,0.0,31.301389176421303,0.0,0.0,-5.1398054193846185,0.0,31.069524263283586,0.0,0.0,0.0,0.0,0.0,105.288487733073,173.94853860958705,0.0,1.5650694588210652,0.0,0.0,0.0,0.0,0.0,0.0,0.0,0.0,0.0,0.0,0.0,0.0,93.9041675292639,0.0,0.0,11.868618816317797,-259.5002415187904,161.05895243140426,-0.03912673647052663,0.0,0.0,-343.99860191539415,46.95208376463195,0.0,46.95208376463195,-5.039523657404204,0.0,0.0,0.0,651.2583996670165,-837.1278222428541,0.0,0.0,0.0,0.0,0.0,0.0,0.0,0.0,0.0,0.0,0.0,0.0,0.0,0.0,0.0,0.0,0.0,0.0,0.0,0.0,0.0,-751.2487620875702,0.0,0.0,46.95208376463195,0.0,48.51715322345302,11.252247729779214,0.0,402.8279164563406,0.0,-402.8279164563406,402.8279164563406,0.0,0.0,0.0,-25.929718843898968,0.0,0.0,0.0,0.0,0.0,12.051034832922202,0.1565069458821065,0.0,0.0,0.0,0.0,0.0,0.0,0.0,0.0,0.0,818.0680382758677,0.0,0.0,0.0,0.0,0.0,999.8434930541179,999.8434930541179,0.0,0.0,0.0,0.0,-1000.0,0.0,0.0,1000.0,0.0,0.0,0.0,615.5201504172887,0.0,0.0,0.0,0.0,0.0,0.0,0.0,0.0,0.0,0.0,0.0,0.0,0.0,0.0,0.0,-1000.0,0.0,0.0,0.0,0.0,0.0,402.5712156541023,0.0,259.5002415187904,-259.5002415187904,25.929718843898968,0.0,0.0,0.0,0.0,0.0,0.0,0.0,-725.8647574116845,0.0,0.0,0.0,0.0,0.0,0.0,0.0,0.0,0.0,0.0,0.0,0.0,0.0,34.10520659743827,-37.397221647157394,-710.5038004596184,0.0,0.0,0.0,0.0,154.19279846590723,0.0,0.0,0.0,0.0,-5.1398054193846185,0.0,0.0,0.0,148.77004985706554,0.0,0.0,0.0,0.0,0.0,0.0,0.0,0.0,0.0,673.8067626574475,154.8062796198667,1000.0,0.0,710.5038004596184,0.0,0.0,25.929718843898968,-93.82495570555903,0.0,0.0,0.0,176.86907651659988,0.0,0.0,-969.4992556605314,0.0,0.0,-969.4992556605314,0.0,0.0,0.0,0.0,-1000.0,402.5712156541023,0.0,279.0363571608294,0.0,0.0,0.0,-534.3053930159454,0.0,534.3053930159454,0.0,1000.0,0.0,0.0,-354.833198290885,0.0,0.0,0.0,-5.1398054193846185,-0.23476041882315976,0.0,0.0,0.0,0.0,0.1565069458821065,0.0,0.0,0.0,772.9253989255618,819.0004830375809,0.0,-1000.0,28.256629184895417,0.0,1000.0,0.0,0.0,0.0,0.0,0.0,0.0,0.0,879.3174940303074,0.0,-879.3174940303074,570.1031707368852,-1000.0,0.0,0.0,0.0,0.0,0.0,0.0,0.0,0.0,0.0,0.0,0.0,0.0,0.0,0.0,0.0,0.0,148.77004985706554,-326.4962583876303,0.0,-1000.0,0.0,0.0,0.0,641.3905023447238,0.0,0.0,691.8399780753012,0.0,0.0,0.0,0.0,643.4330523729112,0.0,-91.55656334103242,0.0,-1000.0,-105.288487733073,0.0,-7.825347294105326,-224.21185067070564,0.0,91.55656334103242,-650.2371246529228,1000.0,996.0873263529473,0.0,-110.69654795131737,0.0,125.64807383149287,0.0,0.0,46.95208376463195,0.0,0.0,0.0,537.6826963399585,0.0,256.9592754287335,0.0,-34.10520659743825,34.10520659743825,34.10520659743825,-313.9840855163799,0.0,0.0,-0.313013891764213,0.0,0.0,0.0,0.0,0.0,-36.209329682668205,0.0,203.12499999999847,0.692607148313889,0.0,0.0,0.0,0.0,-84.34930541178935,0.31301389176451266,0.0,0.0,0.0,0.0,0.0,0.0,0.0,0.0,0.0,0.0,0.0,0.0,0.0,0.0,0.0,0.0,0.0,0.0,0.0,0.17215764047023185,0.17215764047023185,0.0,282.80381742101696,0.0,93.9041675292639,0.0,0.0,0.0,-105.34274598016525,0.0,327.87736656859175,0.0,0.0,0.0,507.83617741930044,105.34274598016525,0.0,0.0,846.9104398955991,0.0,0.0,0.692607148313889,0.0,0.0,0.0,0.0,0.0,0.0,0.0,250.41625402919007,-772.9253989255618,0.0,0.0,12.051034832922202,0.0,-343.99860191539415,0.0,-180.1225173098062,0.0,507.83617741930044,0.0,0.0,423.4868720075111,0.0,0.0,34.10520659743825,0.0,0.0,0.0,0.0,0.0,0.0,0.0,0.0,0.0,0.0,0.0,0.0,0.0,93.9041675292639,25.929718843898968,25.929718843898968,0.0,0.0,0.0,0.0,0.0,0.0,0.0,0.0,0.0,0.0,1.5650694588210652,0.0,0.0,0.0,0.0,0.0,0.0,0.0,0.0,46.95208376463195,-846.9104398955991,0.0,0.0,0.0,0.0,0.0,0.0,0.0,0.0,0.0,1000.0,0.0,0.0,46.95208376463195,46.95208376463195,1000.0,105.34274598016525,0.0,0.692607148313889,0.0,0.0,0.0,0.0,0.0,-732.9753484940311,0.0,-505.31687253300237,0.1565069458821065,0.0,0.0,0.0,161.68078925333066,0.0,0.0,343.99860191539415,0.0,0.0,0.0,0.0,0.0,0.0,0.0,0.0,0.0,0.0,0.0,0.0,0.0,0.0,0.1565069458821065,0.0,0.0,0.0,357.6812650941277,-357.6812650941277,0.0,0.0,0.0,0.0,0.0,1000.0,0.0,0.0,-981.6637635370685,-11.73802094115797,-7.825347294105326,0.0,0.0,0.0,0.0,0.0,0.0,0.0,0.0,0.0,0.0,0.0,0.0,25.929718843898968,0.0,0.0,0.0,133.47342112559818,0.0,0.0,0.0,256.80276848285143,0.0,0.0,0.1565069458821065,0.0,0.1565069458821065,0.0,279.23702634266004,0.0,93.9041675292639,190.93847397616992,190.93847397616992,0.0,0.0,0.0,0.0,0.0,0.0,0.0,0.0,0.0,0.0,0.0,0.0,892.7927420707567,0.0,0.0,0.0,0.0,0.0,0.0,0.0,0.0,0.0,0.0,0.0,0.0,0.0,0.0,180.1225173098062,0.0,0.0,0.0,0.23476041882315976,0.0,0.0,0.0,-46.95208376463195,0.0,0.0,0.0,0.0,0.0,-282.80381742101696,7.825347294105326,0.0,0.0,0.0,0.0,1000.0,-12.864870951509516,0.0,0.0,203.12499999999847,0.0,0.0,0.0,0.0,0.0,25.929718843898968,0.0,846.9104398955991,1000.0,248.6986108235787,0.0,293.6986108235787,0.0,308.16002192469875,678.9751071237918,0.0,-987.1351290484905,0.0,-284.76342968172895,0.0,7.825347294105326,774.9449339608466,0.0,0.0,0.0,-36.209329682668205,46.875000000001776,-46.875000000001776,0.0,0.0,0.0,-703.8910129082235,0.0,0.0,0.0,-23.476041882316167,0.0,190.93847397616992,0.0,0.0,0.0,0.0,0.0,0.0,0.0,0.0,0.0,0.0,0.0,0.0,318.01788024449104,-161.68078925333066,-54.97744908750384,0.0,46.95208376463195,0.0,0.0,0.0,0.0,317.3029123996272,0.0,0.0,0.17215764047023185,0.0,0.0,0.0,95.46923698808497,0.0,0.0,0.0,0.0,-37.397221647157394,0.0,0.0,0.0,0.0,0.0,0.0,0.0,0.0,-249.32772513874724,0.0,0.01565069458821089,0.01565069458821089,0.0,0.0,0.0,0.0,0.0,0.0,0.0,0.0,0.0,0.0,0.0,0.0,0.0,0.0,0.0,282.80381742101696,0.0,0.0,0.0,0.0,0.0,0.0,0.0,402.5712156541023,0.0,0.0,0.0,0.0,0.0,1000.0,-152.3683772975274,0.0,0.0,0.0,93.9041675292639,0.0,0.0,0.0,0.0,0.0,0.0,-93.9041675292639,0.0,0.0,0.0,0.0,0.0,0.0,0.0,0.0,0.0,0.0,0.0,0.0,505.31687253300237,-1000.0,1000.0,559.1720132420966,-606.1240970067286,0.0,672.8777138288416,0.0,0.0,0.0,0.0,0.0,0.0,0.0,0.0,0.0,539.0625,0.0,-539.0624999999999,-539.0624999999999,0.0,0.0,0.0,0.0,-19.563368235263297,25.929718843898968,-655.1710733140692,881.0547211295988,0.0,0.0,0.0,0.0,0.0,-1.9563368235263312,0.0,36.209329682668205,0.0,0.0,0.0,0.0,0.0,0.0,0.0,1000.0,46.95208376463195,46.95208376463195,0.0,0.0,0.0,0.0,0.0,0.17215764047023185,282.80381742101696,0.0,0.0,-672.8777138288416,0.0,0.0,0.0,0.0,0.0,0.0,0.0,0.0,0.0,0.0,0.0,0.0,0.0,0.0,139.61851317133002,0.0,0.0,11.252247729779214,0.0,164.33229317621183,12.051034832922202,0.0,0.0,0.0,0.0,0.0,282.80381742101696,0.0,0.0,0.0,0.0,0.0,-19.563368235263297,0.0,0.0,0.0,0.0,0.0,0.0,0.0,0.0,0.0,0.0,0.0,0.0,0.0,0.0,0.0,0.0,0.0,0.0,-0.1565069458821065,0.0,0.0,7.825347294105326,-507.83617741930044,0.0,0.0,0.0,0.0,25.929718843898968,0.0,0.0,0.0,-879.3174940303074,3.9126736470526566,0.0,0.0,0.0,0.1565069458821065,0.0,156.5069458821065,-37.26490549367378,31.301389176421303,1.1179067563007608,459.1588744706356,-0.11738020941157988,650.2371246529228,3.1301389176421304,-0.7825347294102585,-459.1588744706356,46.95208376463195,-0.1565069458821065,0.0,0.692607148313889,0.03912673647052663,1.1179067563007608,0.0,-24.915905784431743,-3.1301389176421304,-300.0,-0.1565069458821065,0.03912673647052663,-459.1588744706356,15.650694588210651,0.1565069458821065,0.1565069458821065,-282.47515283466464,0.1721576404703174,-220.89050190779483,-0.11738020941157988,46.95208376463195,0.1565069458821065,46.95208376463195,-78.25347294105325,-0.07825347294105325,-597.1775363680729,-170.0,-0.11738020941157988,-0.1565069458821065,-37.26490549367378,0.1565069458821065,15.650694588210651,-3.1301389176421304,180.1225173098062,180.1225173098062,-15.650694588210651,300.0,-180.1225173098062,31.301389176421303,0.23476041882315976,-578.801967445208,15.650694588210651,-250.41625402919007,0.692607148313889,-31.301389176421303,0.07825347294105325,1.5650694588210652,250.0,280.0,-0.1565069458821065,-318.01788024449104,282.47515283466464,48.51715322345302,0.1565069458821065,24.915905784431743,-187.11572791021396,0.692607148313889,-0.1565069458821065,-0.03912673647052663,-0.692607148313889,-0.1565069458821065,-84.34930541178935,0.15650694588214265,-0.03912673647052663,-0.03912673647052663,-0.03912673647052663,62.602778352842606,78.25347294105325,1.5650694588210652,268.96103972676525,-0.03912673647052663,500.0,7.825347294105326,50.0,0.1565069458821065,0.07825347294105325,0.07825347294105325,15.996998162367596,37.26490549367378,0.1565069458821065,-37.26490549367378,1.5650694588210652,0.1565069458821065,-574.9789521194797,0.1565069458821065,0.6260277835281158,0.7825347294102585,0.07825347294105325,0.03912673647052663,46.95208376463195,-0.1565069458821065,220.89050190779483,1.5650694588210652,-537.9220794535305,646.3244510058702,-15.650694588210651,31.301389176421303,7.825347294105326,-0.1565069458821065,0.0,0.23476041882315976,-0.1565069458821065,-31.993996324735193,37.26490549367378,120.66874169429309,0.07825347294105325,-100.0,-0.1565069458821065,-0.15650694588214265,-0.1565069458821065,0.07825347294105325,459.1588744706356,-31.301389176421303,0.1565069458821065,500.0,-0.03912673647052663,-0.1721576404703174,-500.0,23.476041882315975,170.0,192.935968743876,459.1588744706356,-0.11738020941157988,318.01788024449104,-280.0,0.1565069458821065,-0.03912673647052663,7.825347294105326,156.50694588210652,-0.07825347294105325,-0.1565069458821065,0.03912673647052663,0.0,0.0,417.66476154086274,306.01791239271444,-255.0,0.0,367.680050383063,-140.0,0.0,-80.0,-255.0,-325.0,-161.05895243140426,40.0,127.5,127.5,0.0,70.0,-282.80381742101696,-437.9716540939203,161.05895243140426,325.0,-437.9716540939203,-367.680050383063,269.57254185253316,0.0,1496.5981,hplb
439,0.0,0.0,0.0,0.0,0.0,0.0,0.0,0.0,-0.0854575500725939,0.0,0.0,0.0,0.0,0.0,0.0,0.0,19.84624032183524,280.15375967816476,0.0,0.0,0.0,0.0,0.0,0.0,0.0,0.0,0.0,0.0,0.0,0.0,0.0,0.0,138.1113881433955,0.0,0.0,0.0,0.0,-14.966465602713749,0.0,0.0,477.18573932779464,0.0,0.0,-146.1070181427827,0.0,0.0,0.0,0.0,0.0,-877.3316173076269,0.0,-126.26077782094745,0.0,0.09400330508003277,0.0,0.0,0.0,17.09151001451878,0.0,0.0,-36.910115454812605,0.0,-963.0898845451874,-1000.0,0.0,0.0,0.0,0.0,115.99200262452553,-115.99200262452553,0.0,0.854575500725939,0.0,0.0,0.0,0.0,0.0,0.0,0.0,0.0,0.0,0.0,-117.39532661084827,0.0,51.27453004355634,0.0,29.384153878419433,354.20191286558094,0.0,-15.564141689853402,0.0,0.0,0.0,-305.19257475758366,25.63726502177817,0.0,25.63726502177817,0.0,0.0,0.0,0.0,4.272877503629695,-286.9987185429298,0.0,0.0,0.0,0.0,51.93663097505198,0.0,0.0,0.0,0.0,0.0,0.0,0.0,0.0,0.0,0.0,0.0,0.0,0.0,0.0,0.0,0.0,-12.500456181007856,0.0,0.0,25.63726502177817,0.0,26.49184052250411,26.49184052250411,0.0,0.0,0.0,0.0,0.0,-539.1493760221709,0.0,0.0,539.1493760221709,0.0,0.0,0.0,0.0,0.0,153.35971184485743,0.0854575500725939,0.021364387518148474,0.0,0.0,0.0,0.0,0.0,0.0,0.0,0.0,400.4558362276001,0.0,0.0,0.0,0.0,0.0,958.0036974715083,958.0036974715083,0.0,0.0,0.0,0.0,0.0,0.0,0.0,958.089155021581,0.0,0.0,0.0,446.31591440436534,0.0,0.0,0.0,0.0,0.0,0.0,0.0,0.0,0.0,0.0,0.0,0.0,0.0,0.0,0.0,-878.591568189244,0.0,0.0,0.0,0.0,0.0,877.3316173076269,126.26077782094745,200.30893100836366,-200.30893100836366,0.0,0.0,0.0,0.0,0.0,0.0,0.0,286.9987185429298,297.226296226407,0.0,0.0,0.0,0.0,0.0,0.0,0.0,0.0,0.0,0.0,0.0,0.0,0.0,0.0,-65.81697997096245,-146.1070181427827,0.0,0.0,0.0,0.0,0.0,0.0,0.0,0.0,0.0,-36.910115454812605,0.0,0.0,0.0,0.0,0.0,0.0,0.0,0.0,0.0,2.7517331123377886,0.0,0.0,0.0,4.153912306872911,-196.15501870149075,680.771621694892,0.0,146.1070181427827,0.0,0.0,0.0,449.56419446691973,0.0,0.0,0.0,271.8616756883225,0.0,0.0,0.0,0.0,292.2618162156958,-292.2618162156958,292.2618162156958,0.0,200.30893100836366,0.0,0.0,877.3316173076269,0.0,291.4102457475452,0.0,0.0,0.0,-1000.0,0.0,1000.0,0.0,869.7657782861775,0.0,0.0,602.4188709839906,0.0,0.0,0.0,-36.910115454812605,-0.12818632510889083,0.0,0.0,0.0,0.0,0.0854575500725939,0.0,0.0,0.0,850.202570055128,19.84624032183524,0.0,-50.00182472403142,-808.7604926929841,0.0,502.8230043495728,0.0,-621.7640201654627,0.0,0.0,0.0,0.0,0.0,64.10894557932927,557.6550745861334,0.0,-393.4618390047883,0.0,0.0,0.0,0.0,0.0,0.0,0.0,0.0,0.0,0.0,0.0,0.0,0.0,0.0,0.0,0.0,0.0,0.0,-1000.0,0.0,-985.3753645975765,0.0,0.0,0.0,0.0,0.0,0.0,-156.1114449571952,0.0,117.39532661084827,0.0,0.0,0.0,0.0,-955.1463313741194,-4.272877503629695,0.0,-673.647077210659,225.96723633891577,-4.272877503629695,0.0,-186.53543181332748,955.1463313741194,0.0,0.0,-2.1364387518148473,0.0,426.2647879592903,0.0,-768.5486890042563,0.0,1000.0,25.63726502177817,0.0,0.0,0.0,843.8508014513521,0.0,0.0,0.0,0.0,0.0,0.0,-605.942311465871,0.0,0.0,0.0,0.0,0.0,286.9987185429298,0.0,0.0,-15.051923152786342,0.0,265.6250000000002,0.0,0.0,0.0,0.0,0.0,-91.45424499274061,0.17091510014524486,0.0,0.0,0.0,0.0,0.0,0.0,0.0,0.0,0.0,0.0,0.0,0.0,0.0,0.0,0.0,0.0,0.0,0.0,0.0,0.09400330508003277,0.09400330508003277,0.0,262.9084899854812,0.0,51.27453004355634,0.0,133.7190717824999,0.0,0.0,0.0,0.0,29.384153878419433,0.0,0.0,-632.4262291837169,0.0,0.0,0.0,0.0,0.0,0.0,0.0,0.0,0.0,0.0,0.0,0.0,0.0,0.0,4.166818727002618,-850.202570055128,0.0,0.0,35.96438523400916,0.0,-1000.0,694.8074252424163,694.8074252424163,0.0,-632.4262291837169,0.0,0.0,-723.8804741764576,578.1250000000006,-578.1250000000006,0.0,0.0,0.0,0.0,0.0,0.0,0.0,0.0,0.0,0.0,0.0,0.0,0.0,0.0,51.27453004355634,0.0,0.0,0.0,0.0,0.0,0.0,0.0,0.0,0.0,0.0,0.0,0.0,0.854575500725939,0.0,0.0,29.384153878419433,-29.384153878419433,0.0,126.26077782094745,0.0,0.0,25.63726502177817,0.0,0.0,0.0,0.0,0.0,0.0,0.0,0.0,0.0,0.0,406.34423359927234,-406.34423359927234,0.0,25.63726502177817,25.63726502177817,0.0,0.0,0.0,0.0,0.0,0.0,0.0,0.0,0.0,680.460557547718,286.9987185429298,1000.0,0.0854575500725939,0.0,0.0,-399.2768069999265,406.16834800220926,0.0,0.0,305.19257475758366,0.0,0.0,0.0,0.0,0.0,0.0,0.0,0.0,0.0,0.0,0.0,0.0,0.0,0.0,0.0854575500725939,0.0,0.0,0.0,-839.8756533913707,839.8756533913707,0.0,0.0,0.0,0.0,-3.365421005712278,847.2539760485171,0.0,-271.85288831040685,-596.1271496763214,-6.409316255444542,-4.272877503629695,0.0,0.0,0.0,0.0,0.0,0.0,0.0,0.0,0.0,0.0,0.0,0.0,0.0,0.0,0.0,0.0,235.72418849937344,0.0,0.0,0.0,-0.0854575500725939,0.0,0.0,0.0854575500725939,0.0,0.0854575500725939,0.0,0.0,0.0,51.27453004355634,104.25821108856456,104.25821108856456,0.0,0.0,0.0,0.0,0.0,0.0,117.39532661084827,0.0,0.0,286.9987185429298,0.0,0.0,0.0,71.46684064057979,0.0,0.0,0.0,0.0,0.0,0.0,0.0,0.0,0.0,0.0,0.0,0.0,0.0,0.0,0.0,0.0,0.0,0.12818632510889083,0.0,0.0,0.0,-25.63726502177817,0.0,0.0,0.0,0.0,0.0,-262.9084899854812,4.272877503629695,0.0,0.0,0.0,0.0,0.0,-847.2539760485171,0.0,0.0,265.6250000000002,0.0,0.0,0.0,0.0,0.0,0.0,0.0,0.0,0.0,262.9084899854812,0.0,307.9084899854812,0.0,610.7517850787449,-1000.0,389.2482149212551,0.0,0.0,345.30598337835517,133.7190717824999,4.272877503629695,585.4928509644286,0.0,0.0,0.0,-73.82023090962521,0.0,0.0,-703.1250000001307,703.1250000001307,0.0,0.0,0.0,0.0,0.0,269.31780624092573,-282.13643875181486,104.25821108856456,0.0,0.0,0.0,0.0,0.0,0.0,0.0,0.0,0.0,2.7517331123377886,0.0,0.0,0.0,-6.891541002282736,359.8974799012551,0.0,25.63726502177817,29.384153878419433,0.0,0.0,0.0,56.90642977501386,0.0,0.0,0.09400330508003277,0.0,0.0,0.0,52.12910554428228,0.0,0.0,0.0,0.0,-65.81697997096245,0.0,0.0,0.0,0.0,0.0,0.0,0.0,0.0,0.0,0.0,0.008545755007259634,0.008545755007259634,0.0,0.0,0.0,0.0,0.0,0.0,0.0,0.0,0.0,-399.2768069999265,0.0,0.0,0.0,0.0,0.0,262.9084899854812,0.0,0.0,0.0,0.0,0.0,0.0,0.0,877.3316173076269,0.0,0.0,0.0,58.768307756838865,0.0,165.95325846461793,280.15375967816476,0.0,0.0,0.0,51.27453004355634,0.0,0.0,0.0,0.0,0.0,-51.27453004355634,0.0,0.0,58.768307756838865,0.0,0.0,0.0,0.0,0.0,0.0,0.0,0.0,0.0,0.0,0.0,0.0,130.0052624403066,0.0,-25.63726502177817,0.0,-14.966465602713749,0.0,0.0,0.0,0.0,0.0,0.0,0.0,0.0,0.0,0.0,0.0,0.0,0.0,0.0,0.0,0.0,133.7190717824999,-10.682193759074238,0.0,-6.409316255444542,347.1939631369501,0.0,0.0,0.0,0.0,0.0,-1.0682193759074239,0.0,15.051923152786342,0.0,0.0,0.0,0.0,0.0,0.0,0.0,1000.0,25.63726502177817,25.63726502177817,0.0,0.0,0.0,0.0,0.0,0.09400330508003277,262.9084899854812,0.0,0.0,14.966465602713749,0.0,0.0,0.0,0.0,0.0,0.0,0.0,0.0,0.0,0.0,0.0,0.0,0.0,0.0,0.0,0.0,0.0,26.49184052250411,0.0,89.73042757622359,153.35971184485743,0.0,0.0,0.0,0.0,0.0,262.9084899854812,0.0,842.9810985448873,0.0,0.0,0.0,-10.682193759074238,0.0,0.0,0.0,0.0,0.0,0.0,0.0,0.0,0.0,0.0,0.0,0.0,0.0,0.0,0.0,0.0,0.0,0.0,-0.0854575500725939,0.0,0.0,4.272877503629695,632.4262291837169,0.0,0.0,0.0,0.0,0.0,0.0,0.0,0.0,-64.10894557932927,2.1364387518148473,0.0,0.0,0.0,0.0854575500725939,0.0,85.45755007259389,0.0,17.09151001451878,0.6104110719470992,291.4102457475452,-0.06409316255444542,4.272877503629695,1.709151001451878,-0.4272877503628404,-291.4102457475452,25.63726502177817,-0.0854575500725939,0.0,0.0,0.021364387518148474,0.6104110719470992,0.0,-42.98899584997666,-1.709151001451878,-300.0,-0.0854575500725939,0.021364387518148474,-291.4102457475452,8.54575500725939,0.0854575500725939,0.0854575500725939,-262.72902913032857,-29.29015057333958,-229.56563313613609,-0.06409316255444542,25.63726502177817,0.0854575500725939,25.63726502177817,-42.72877503629695,-0.04272877503629695,-170.89020309146403,-8.631212557331983,-0.06409316255444542,-0.0854575500725939,0.0,0.0854575500725939,8.54575500725939,-1.709151001451878,0.0,0.0,-8.54575500725939,300.0,0.0,17.09151001451878,0.12818632510889083,-1000.0,8.54575500725939,-4.166818727002618,0.0,-17.09151001451878,0.04272877503629695,0.854575500725939,12.500456181007856,280.0,-0.0854575500725939,-282.13643875181486,262.72902913032857,26.49184052250411,0.0854575500725939,42.98899584997666,-102.54906008711271,0.0,-0.0854575500725939,-0.021364387518148474,0.0,-0.0854575500725939,-91.45424499274061,0.0854575500725939,-0.021364387518148474,-0.021364387518148474,-0.021364387518148474,34.18302002903756,42.72877503629695,0.854575500725939,63.31336241003342,-0.021364387518148474,25.00091236201571,4.272877503629695,50.0,0.0854575500725939,0.04272877503629695,0.04272877503629695,8.54575500725939,0.0,0.0854575500725939,0.0,0.854575500725939,0.0854575500725939,-63.31336241003342,0.0854575500725939,0.3418302002903122,0.4272877503628404,0.04272877503629695,0.021364387518148474,25.63726502177817,-0.0854575500725939,229.56563313613609,0.854575500725939,-126.62672482006684,2.1364387518148478,-8.54575500725939,17.09151001451878,4.272877503629695,-0.0854575500725939,0.0,0.12818632510889083,-0.0854575500725939,-17.09151001451878,0.0,136.6842154065821,0.04272877503629695,-100.0,-0.0854575500725939,-0.0854575500725939,-0.0854575500725939,0.04272877503629695,291.4102457475452,-17.09151001451878,0.0854575500725939,25.00091236201571,-0.021364387518148474,29.29015057333958,-25.00091236201571,12.818632510889083,8.631212557331983,269.34212662578466,291.4102457475452,-0.06409316255444542,282.13643875181486,-280.0,0.0854575500725939,-0.02136438751814847,4.272877503629695,85.45755007259389,-0.04272877503629695,-0.0854575500725939,0.021364387518148474,596.7122859493782,0.0,815.2124819064535,0.0,-255.0,0.0,907.473795018831,-140.0,0.0,493.54970364800306,-255.0,-325.0,-184.74478931851024,-246.77485182400153,127.5,127.5,0.0,70.0,-262.9084899854812,-193.59064518159596,184.74478931851024,325.0,-193.59064518159596,-907.473795018831,500.73855004934217,0.0,1496.5981,hplb
440,0.0,0.0,0.0,0.0,0.0,0.0,0.0,0.0,357.6318863753289,0.0,0.0,0.0,0.0,0.0,0.0,0.0,377.7509747696509,-298.3492350925024,0.0,0.0,0.0,0.0,0.0,0.0,0.0,0.0,0.0,0.0,0.0,910.3150694189512,0.0,0.0,617.6868345957743,0.0,0.0,0.0,0.0,892.1063881285919,0.0,-359.8834186501164,1000.0,0.0,0.0,0.0,0.0,0.0,0.0,0.0,-755.5019495393018,-133.97173256288661,0.0,0.0,0.0,0.0989398996376849,0.0,0.0,0.0,17.989072661246905,0.0,0.0,87.1162329476692,0.0,0.0,-197.99603088084356,0.0,0.0,0.0,0.0,58.79377639328834,838.7008874484601,0.0,0.8994536330623454,0.0,0.0,0.0,0.0,0.0,0.0,0.0,0.0,0.0,0.0,0.0,0.0,53.967217983740724,0.0,0.0,606.3273319930506,-149.1746175462512,300.0,-0.02248634082655863,0.0,0.0,499.6877927497443,26.983608991870362,0.0,26.983608991870362,-2.8962406984600477,0.0,0.0,0.0,689.8254118796265,778.6294253954807,0.0,0.0,-4.6772074237361725,0.0,0.0,0.0,0.0,0.0,0.0,0.0,0.0,0.0,0.0,0.0,0.0,0.0,0.0,0.0,0.0,0.0,0.0,-1000.0,0.0,0.0,26.983608991870362,0.0,27.88306262493271,4.070091356311565,0.0,0.0,0.0,0.0,0.0,0.0,0.0,0.0,-285.11226382851277,0.0,0.0,0.0,0.0,0.0,6.925792974580054,0.08994536330623452,0.0,0.0,0.0,0.0,-489.07806511393017,0.0,0.0,0.0,0.0,87.35636414039584,0.0,0.0,0.0,0.0,0.0,-274.20166685190094,-274.20166685190094,0.0,0.0,0.0,-328.12500000000006,1000.0,0.0,0.0,-274.1117214885947,0.0,0.0,0.0,-575.7138935991416,-500.22406526969644,0.0,0.0,0.0,0.0,0.0,0.0,0.0,0.0,0.0,-1000.0,0.0,0.0,0.0,0.0,-1000.0,0.0,0.0,0.0,0.0,0.0,133.97173256288661,0.0,149.1746175462512,-149.1746175462512,0.0,0.0,0.0,0.0,0.0,0.0,0.0,131.6856440234706,-215.15417796059603,0.0,0.0,0.0,0.0,0.0,0.0,0.0,0.0,0.0,0.0,0.0,0.0,0.0,69.95272208351152,425.05621043642395,-532.5640946493004,0.0,0.0,0.0,285.11226382851277,82.48704154742278,0.0,0.0,0.0,0.0,87.1162329476692,-532.5640946493004,0.0,0.0,0.0,0.0,0.0,0.0,0.0,0.0,0.0,0.0,0.0,0.0,677.6160567246915,379.26682163218914,0.0,0.0,532.5640946493004,0.0,0.0,285.11226382851277,-9.174427057235931,0.0,0.0,0.0,-102.95937053834245,0.0,0.0,-1000.0,-1000.0,0.0,0.0,0.0,1000.0,0.0,0.0,0.0,133.97173256288661,0.0,176.60070478959472,0.0,0.0,0.0,895.3755186032485,0.0,-895.3755186032485,0.0,-274.2916122152072,0.0,285.11226382851277,1000.0,-328.125,0.0,0.0,87.1162329476692,-0.13491804495935178,0.0,0.0,0.0,0.0,0.08994536330623452,0.0,0.0,0.0,890.5293494607068,377.7509747696509,0.0,-3.1181382824907815,450.3572575661317,500.22406526969644,609.8604178246045,0.0,108.78094475850438,0.0,-4.6772074237361725,0.0,0.0,0.0,-7.744295780667619,0.0,-101.03664897783676,-1000.0,-1000.0,0.0,0.0,0.0,0.0,0.0,0.0,0.0,0.0,0.0,0.0,0.0,0.0,0.0,0.0,0.0,0.0,0.0,0.0,0.0,-892.4661695818156,0.0,0.0,0.0,0.0,0.0,0.0,-6.925792974580054,0.0,0.0,0.0,954.2236881854727,685.3281437143147,635.0949891900356,0.0,-347.1613400224691,0.0,-693.8887655833239,-1000.0,674.9331387307723,25.701529100519224,-1000.0,0.0,0.0,1000.0,-2.248634082655863,-679.430406896084,-1000.0,0.0,0.0,1000.0,400.491294059141,26.983608991870362,-31.1875000000017,31.1875000000017,0.0,0.0,0.0,357.72183173863516,0.0,-69.95272208351152,69.95272208351152,69.95272208351152,-242.6636997860897,0.0,0.0,0.0,0.0,0.0,131.6856440234706,0.0,0.0,-110.87979793317436,0.0,296.8750000000043,417.1231911672659,0.0,0.0,0.0,0.0,-91.00546366937655,0.17989072661244923,0.0,0.0,0.0,0.0,0.0,0.0,0.0,0.0,0.0,897.4946638417484,0.0,0.0,0.0,0.0,0.0,0.0,0.0,0.0,0.0,0.0989398996376849,0.0989398996376849,0.0,85.82160594587882,0.0,53.967217983740724,0.0,0.0,0.0,364.82383357250296,0.0,0.0,0.0,0.0,0.0,-65.82151951367291,-364.82383357250296,0.0,0.0,152.68030203807476,0.0,0.0,417.1231911672659,0.0,0.0,0.0,0.0,0.0,0.0,0.0,333.3333333333333,-890.5293494607068,489.07806511393017,0.0,6.925792974580054,0.0,0.0,499.6877927497443,417.2007512023215,0.0,-65.82151951367291,0.0,-156.82698318304946,0.0,0.0,0.0,69.95272208351152,0.0,0.0,0.0,0.0,0.0,0.0,0.0,0.0,0.0,0.0,0.0,0.0,0.0,53.967217983740724,285.11226382851277,285.11226382851277,0.0,0.0,0.0,0.0,0.0,0.0,0.0,0.0,0.0,0.0,0.8994536330623454,0.0,0.0,0.0,0.0,0.0,0.0,0.0,0.0,26.983608991870362,-152.68030203807476,0.0,0.0,0.0,0.0,0.0,0.0,0.0,0.0,0.0,0.0,-570.8470510155381,0.0,26.983608991870362,26.983608991870362,1000.0,-364.82383357250296,0.0,417.1231911672659,0.0,0.0,0.0,0.0,0.0,-106.36977611908651,131.6856440234706,0.0,0.08994536330623452,0.0,0.0,-364.6156341549306,467.12097031318217,484.35183454857895,0.0,-499.6877927497443,0.0,0.0,0.0,0.0,0.0,0.0,0.0,0.0,0.0,0.0,0.0,0.0,0.0,0.0,0.08994536330623452,0.0,0.0,0.0,-615.253036264188,615.253036264188,0.0,0.0,0.0,0.0,0.0,385.9495565773695,0.0,-392.87534955194957,-892.4661695818156,-6.7459022479675905,-2.787176615820547,-1.7100915494911786,0.0,0.0,0.0,0.0,0.0,0.0,0.0,0.0,0.0,0.0,0.0,285.11226382851277,500.22406526969644,0.0,0.0,404.9885622244527,0.0,0.0,0.0,357.6318863753289,0.0,0.0,0.08994536330623452,0.0,0.08994536330623452,0.0,0.0,0.0,53.967217983740724,109.73334323360613,109.73334323360613,0.0,0.0,0.0,0.0,0.0,0.0,0.0,489.07806511393017,0.0,131.6856440234706,0.0,0.0,0.0,0.0,0.0,0.0,0.0,0.0,0.0,0.0,0.0,0.0,0.0,0.0,0.0,0.0,0.0,82.48704154742278,0.0,0.0,0.0,0.13491804495935178,0.0,0.0,0.0,-26.983608991870362,0.0,0.0,0.0,0.0,0.0,-85.82160594587882,4.497268165311726,0.0,0.0,0.0,328.125,-1000.0,0.0,-1.7100915494911786,0.0,296.8750000000043,0.0,0.0,0.0,0.0,0.0,285.11226382851277,0.0,152.68030203807476,783.760132147802,15.868883862367298,0.0,796.0889924526832,479.6746271248428,0.0,-6.925792974580054,392.87534955194957,-385.9495565773695,0.0,-118.90777029084207,0.0,4.497268165311726,1000.0,0.0,0.0,0.0,-110.87979793317436,0.0,0.0,0.0,0.0,0.0,0.0,0.0,0.0,0.0,993.2540977520325,-6.745902247967592,109.73334323360613,0.0,0.0,0.0,0.0,0.0,0.0,0.0,0.0,0.0,0.0,0.0,0.0,99.313410441814,-1000.0,-679.2002250386623,0.0,26.983608991870362,0.0,0.0,0.0,0.0,-204.4045610114519,0.0,0.0,0.0989398996376849,0.0,0.0,0.0,54.86667161680307,0.0,0.0,0.0,0.0,425.05621043642395,0.0,0.0,0.0,0.0,0.0,0.0,0.0,0.0,734.8587697149842,0.0,0.008994536330623453,0.008994536330623453,0.0,0.0,0.0,0.0,0.0,0.0,0.0,0.0,0.0,-364.6156341549306,0.0,0.0,0.0,0.0,0.0,85.82160594587882,0.0,0.0,0.0,0.0,0.0,0.0,0.0,133.97173256288661,0.0,0.0,0.0,0.0,0.0,0.0,-298.3492350925024,0.0,0.0,0.0,53.967217983740724,0.0,0.0,0.0,0.0,0.0,0.0,-53.967217983740724,0.0,0.0,0.0,0.0,0.0,0.0,0.0,0.0,0.0,0.0,0.0,0.0,0.0,-327.74035072360584,61.61257386477067,-26.983608991870362,0.0,0.0,892.1063881285919,0.0,0.0,0.0,0.0,0.0,0.0,0.0,0.0,0.0,0.0,0.0,0.0,0.0,0.0,0.0,0.0,0.0,-11.243170413279245,285.11226382851277,-692.0740459622823,0.0,0.0,0.0,0.0,0.0,0.0,-1000.0,998.8756829586721,110.87979793317436,0.0,0.0,0.0,0.0,0.0,0.0,0.0,1000.0,26.983608991870362,26.983608991870362,0.0,0.0,0.0,0.0,0.0,0.0989398996376849,85.82160594587882,0.0,0.0,-892.1063881285919,0.0,0.0,0.0,0.0,0.0,0.0,0.0,0.0,0.0,0.0,0.0,0.0,0.0,0.0,0.0,0.0,0.0,4.070091356311565,0.0,94.44263147154626,6.925792974580054,0.0,0.0,0.0,0.0,0.0,85.82160594587882,0.0,-5.683417314280595,0.0,0.0,0.0,-11.243170413279245,0.0,0.0,0.0,0.0,0.0,0.0,0.0,0.0,0.0,0.0,0.0,0.0,0.0,0.0,0.0,0.0,0.0,0.0,-0.08994536330623452,0.0,0.0,4.497268165311726,65.82151951367291,0.0,0.0,0.0,0.0,285.11226382851277,0.0,0.0,0.0,7.744295780667619,2.248634082655863,0.0,0.0,0.0,0.08994536330623452,0.0,89.94536330623453,-23.81297126862113,17.989072661246905,0.642466880758818,259.0877463370175,-0.06745902247967589,347.1613400224691,1.7989072661246905,-0.44972681652995256,-259.0877463370175,26.98360899187036,-0.08994536330623452,1.5590691412453908,417.1231911672659,0.02248634082655863,0.642466880758818,-4.6772074237361725,-14.319301838351826,-1.7989072661246905,-79.4017396771485,-0.08994536330623452,0.02248634082655863,-259.0877463370175,8.994536330623452,0.08994536330623452,0.08994536330623452,-85.6327206829349,0.09893989963685798,-214.98604886909948,-0.06745902247967589,26.983608991870362,0.08994536330623452,26.983608991870362,-44.97268165311726,-0.04497268165311726,136.984099576176,-91.57152324135247,-0.06745902247967589,-0.08994536330623452,-23.81297126862113,0.08994536330623452,8.994536330623452,-1.7989072661246905,82.48704154742278,82.48704154742278,-8.994536330623452,79.4017396771485,-82.48704154742278,17.989072661246905,0.13491804495935178,-1000.0,8.994536330623452,-333.3333333333333,417.1231911672659,-17.989072661246905,0.04497268165311726,0.8994536330623454,0.7795345706226954,33.857956523614206,-0.08994536330623452,-106.05931268978159,85.6327206829349,27.88306262493271,0.08994536330623452,14.319301838351826,309.1887551997845,417.1231911672659,-0.08994536330623452,-0.02248634082655863,-417.1231911672659,-0.08994536330623452,-91.00546366937655,0.08994536330623452,-0.02248634082655863,-0.02248634082655863,-0.02248634082655863,35.97814532249381,44.97268165311726,0.8994536330623454,66.63827103950591,-0.02248634082655863,0.0,4.497268165311726,50.0,0.08994536330623452,0.04497268165311726,0.04497268165311726,75.0,23.81297126862113,0.08994536330623452,-23.81297126862113,0.8994536330623454,0.08994536330623452,-66.63827103950591,0.08994536330623452,0.359781453223718,0.44972681652995256,0.04497268165311726,0.02248634082655863,26.983608991870362,-0.08994536330623452,214.98604886909948,0.8994536330623453,-133.27654207901182,344.91270593981324,-8.994536330623452,17.989072661246905,4.497268165311726,-0.08994536330623452,4.6772074237361725,0.13491804495935178,-0.08994536330623452,-150.0,23.81297126862113,520.065042659355,0.04497268165311726,-100.0,-0.08994536330623452,-0.08994536330623452,-0.08994536330623452,0.04497268165311726,259.0877463370175,-17.989072661246905,0.08994536330623452,1.5590691412453908,-0.02248634082655863,-0.09893989963685798,-1.5590691412453908,13.49180449593518,91.57152324135247,474.8766053865125,259.0877463370175,-0.06745902247967589,106.05931268978159,-33.857956523614206,0.08994536330623452,-0.022486340826558628,958.7209563507845,89.94536330623453,-0.04497268165311726,-0.08994536330623452,0.02248634082655863,0.0,0.0,699.9550273183469,0.0,-255.0,0.0,538.9656442410821,-140.0,0.0,84.98901707590875,-255.0,-325.0,-300.0,-42.494508537954374,127.5,127.5,0.0,70.0,-85.82160594587882,-315.66048164790305,300.0,325.0,-315.66048164790305,-538.9656442410821,110.3911763553371,0.0,1496.5981,hplb
441,0.0,0.0,0.0,0.0,0.0,0.0,0.0,0.0,-0.15439087312210167,0.0,0.0,0.0,0.0,0.0,0.0,0.0,-448.1540174065828,867.3172621577797,0.0,-238.05763684806323,0.0,0.0,0.0,314.99091895011566,0.0,0.0,0.0,0.0,0.0,-774.3768424556008,0.0,0.0,136.58796170400177,0.0,0.0,0.0,0.0,-27.038988246114886,0.0,-1000.0,962.3203400806221,0.0,-424.01909267146914,431.3720324305609,0.0,0.0,0.0,0.0,1000.0,0.0,0.0,632.8602652398464,0.0,0.16982996043407184,0.0,0.0,0.0,0.0,0.0,0.0,-48.0748066739101,0.0,-140.34023017700576,-188.41503685091573,0.0,0.0,0.0,0.0,607.0094563492179,-607.0094563492179,0.0,1.543908731221017,0.0,0.0,0.0,0.0,0.0,0.0,0.0,0.0,0.0,0.0,0.0,0.0,92.634523873261,0.0,34.478117114291614,-436.122890555833,976.7177322925841,-321.68179541679433,795.5793033028449,0.0,0.0,0.0,46.3172619366305,0.0,46.3172619366305,0.0,0.0,0.0,0.0,7.719543656105084,-1000.0,0.0,0.0,0.0,0.0,0.0,0.0,0.0,0.0,0.0,0.0,0.0,0.0,0.0,0.0,0.0,0.0,0.0,0.0,0.0,0.0,0.0,-576.0882476638409,0.0,0.0,46.3172619366305,0.0,47.861170667851525,0.0,0.0,125.38161862392555,0.0,-125.38161862392555,125.38161862392555,0.0,0.0,0.0,0.0,0.0,0.0,0.0,0.0,0.0,46.36621434469347,0.15439087312210167,795.6179010211254,0.0,0.0,557.3559666278434,-835.8880969481936,0.0,0.0,0.0,0.0,821.638389518329,0.0,0.0,0.0,0.0,0.0,999.8456091268779,999.8456091268779,0.0,0.0,0.0,-234.37500000000003,-643.8910435661053,0.0,0.0,1000.0,0.0,0.0,0.0,632.5577113311608,0.0,0.0,0.0,0.0,0.0,0.0,0.0,0.0,0.0,0.0,0.0,0.0,0.0,0.0,0.0,-609.7731948936895,0.0,0.0,0.0,0.0,0.0,0.0,-208.84117256837726,-355.03593687578973,355.03593687578973,0.0,0.0,0.0,0.0,0.0,0.0,0.0,225.62315754439916,-446.64490344433284,0.0,0.0,0.0,0.0,0.0,0.0,0.0,0.0,0.0,0.0,0.0,0.0,0.0,0.0,240.28847956919088,431.3720324305609,0.0,0.0,0.0,0.0,154.4065218146677,0.0,0.0,0.0,0.0,-48.0748066739101,0.0,0.0,0.0,0.0,0.0,0.0,0.0,0.0,0.0,4.971386114528059,30.878174624420335,0.0,0.0,-1000.0,-92.26542350309566,0.0,0.0,-431.3720324305609,0.0,0.0,0.0,0.0,0.0,0.0,0.0,-145.61066415883386,0.0,0.0,-609.5247694779565,0.0,0.0,-335.63349080283353,-273.891278675123,273.891278675123,621.6817954167943,0.0,343.2068442296061,0.0,0.0,276.3440141959961,0.0,0.0,0.0,0.0,0.0,0.0,0.0,1000.0,0.0,0.0,-564.8384711825529,-234.37500000000003,0.0,0.0,-48.0748066739101,-0.23158630968315252,0.0,0.0,0.0,0.0,0.15439087312210167,0.0,0.0,0.0,404.0780250278632,-448.1540174065828,0.0,-1000.0,1.7436973775645583,0.0,1000.0,0.0,620.3025105250306,0.0,0.0,0.0,0.0,0.0,-13.293054175812712,-607.0094563492179,0.0,-1000.0,-1000.0,0.0,0.0,0.0,0.0,0.0,0.0,0.0,0.0,0.0,0.0,0.0,0.0,0.0,0.0,0.0,0.0,0.0,-1000.0,0.0,-973.5785752463734,0.0,0.0,0.0,0.0,0.0,0.0,-51.33760045922153,0.0,0.0,0.0,0.0,0.0,0.0,0.0,-698.2016770575573,0.0,0.0,0.0,-7.719543656105084,0.0,-207.88731065890994,0.0,690.4821334014522,0.0,-3.859771828052542,0.0,125.0757107524548,0.0,-796.2589850136444,0.0,921.5280750286774,46.3172619366305,0.0,0.0,0.0,843.9995181964025,0.0,0.0,0.0,0.0,0.0,0.0,-619.8776928208229,0.0,0.0,-103.74313308911904,0.0,0.0,225.62315754439916,0.0,0.0,-27.193379119236987,0.0,140.6250000000001,8.63760201725272,0.0,0.0,0.0,0.0,-84.56091268778984,0.30878174624419685,0.0,0.0,0.0,0.0,0.0,0.0,0.0,0.0,0.0,0.0,0.0,0.0,0.0,0.0,0.0,0.0,0.0,0.0,0.0,0.16982996043407184,0.16982996043407184,0.0,246.31676723834133,0.0,92.634523873261,0.0,0.0,0.0,-912.9498953839386,0.0,0.0,34.478117114291614,0.0,0.0,212.23621547696305,912.9498953839386,0.0,0.0,371.29095401321746,0.0,0.0,8.63760201725272,0.0,0.0,0.0,0.0,0.0,0.0,0.0,192.02941588794695,-404.0780250278632,278.53213032035023,0.0,46.36621434469347,0.0,-866.6108386600347,866.6108386600347,712.204316845367,0.0,212.23621547696305,0.0,1000.0,-872.3246972108268,0.0,0.0,0.0,0.0,0.0,0.0,0.0,0.0,0.0,0.0,0.0,0.0,0.0,0.0,0.0,0.0,92.634523873261,0.0,0.0,0.0,0.0,0.0,0.0,0.0,0.0,0.0,0.0,0.0,0.0,1.543908731221017,0.0,0.0,34.478117114291614,-34.478117114291614,0.0,-208.84117256837726,0.0,0.0,46.3172619366305,-371.29095401321746,0.0,0.0,0.0,0.0,0.0,0.0,0.0,0.0,0.0,361.61696263299035,0.0,0.0,46.3172619366305,46.3172619366305,1000.0,912.9498953839386,0.0,8.63760201725272,0.0,0.0,0.0,0.0,0.0,1000.0,225.62315754439916,921.9173925284609,0.15439087312210167,0.0,0.0,0.0,203.89520379675275,0.0,0.0,0.0,0.0,0.0,0.0,0.0,0.0,0.0,0.0,0.0,0.0,0.0,0.0,0.0,0.0,0.0,0.15439087312210167,0.0,0.0,0.0,0.0,0.0,0.0,0.0,0.0,0.0,0.0,-51.33760045922153,0.0,0.0,26.421424753626685,-11.579315484157625,-7.719543656105088,0.0,0.0,0.0,0.0,0.0,0.0,0.0,0.0,0.0,0.0,0.0,0.0,0.0,0.0,0.0,0.0,132.98863367113816,0.0,0.0,0.0,-0.15439087312210167,0.0,0.0,0.15439087312210167,0.0,0.15439087312210167,0.0,0.0,0.0,92.634523873261,188.35686520896405,188.35686520896405,0.0,0.0,0.0,0.0,0.0,0.0,0.0,278.53213032035023,0.0,225.62315754439916,0.0,0.0,0.0,0.0,0.0,0.0,0.0,0.0,0.0,0.0,0.0,0.0,0.0,0.0,0.0,0.0,0.0,154.4065218146677,0.0,0.0,0.0,0.23158630968315252,0.0,0.0,0.0,-46.3172619366305,0.0,0.0,0.0,0.0,0.0,-246.31676723834133,7.719543656105084,0.0,0.0,0.0,234.37500000000003,643.8910435661053,-908.2953503525571,0.0,0.0,140.6250000000001,0.0,0.0,0.0,0.0,0.0,0.0,0.0,371.29095401321746,341.2296614595009,246.31676723834133,0.0,572.6539556959299,0.0,0.0,-959.6329508117786,0.0,959.6329508117786,0.0,-188.35686520896405,0.0,7.719543656105088,365.466315409345,0.0,0.0,0.0,-96.1496133478202,109.3750000000001,-109.3750000000001,0.0,0.0,0.0,0.0,0.0,0.0,0.0,-11.579315484157632,-11.579315484157632,188.35686520896405,0.0,0.0,0.0,0.0,0.0,0.0,0.0,0.0,0.0,4.971386114528059,0.0,0.0,269.47539820665656,-203.89520379675275,0.0,-424.01909267146914,46.3172619366305,34.478117114291614,0.0,0.0,0.0,353.1804305553018,0.0,0.0,0.16982996043407184,0.0,0.0,0.0,94.17843260448203,0.0,0.0,0.0,0.0,240.28847956919088,0.0,0.0,0.0,0.0,0.0,0.0,0.0,0.0,0.0,0.0,0.015439087312210553,0.015439087312210553,0.0,0.0,0.0,0.0,0.0,0.0,0.0,0.0,0.0,0.0,0.0,0.0,0.0,0.0,0.0,246.31676723834133,0.0,0.0,0.0,0.0,0.0,0.0,0.0,0.0,0.0,0.0,0.0,68.95623422858323,0.0,0.0,867.3172621577797,0.0,0.0,0.0,92.634523873261,0.0,0.0,0.0,0.0,0.0,-92.634523873261,0.0,0.0,68.95623422858323,0.0,0.0,0.0,0.0,0.0,0.0,0.0,0.0,0.0,0.0,-921.9173925284609,-1000.0,105.75774808863966,-46.3172619366305,0.0,0.0,-27.038988246114886,0.0,0.0,0.0,0.0,0.0,0.0,0.0,0.0,0.0,0.0,0.0,0.0,0.0,0.0,0.0,0.0,0.0,-19.298859140262714,0.0,-11.579315484157625,0.0,0.0,0.0,0.0,0.0,0.0,0.0,-1.9298859140262714,27.193379119236987,0.0,0.0,0.0,0.0,0.0,0.0,0.0,1000.0,46.3172619366305,46.3172619366305,0.0,0.0,0.0,0.0,0.0,0.16982996043407184,246.31676723834133,0.0,0.0,27.038988246114886,0.0,0.0,0.0,0.0,0.0,0.0,0.0,0.0,0.0,0.0,0.0,0.0,0.0,0.0,0.0,0.0,0.0,0.0,0.0,162.11041677820674,46.36621434469347,0.0,0.0,0.0,0.0,0.0,246.31676723834133,0.0,900.575806696452,0.0,0.0,0.0,-19.298859140262714,0.0,0.0,0.0,0.0,0.0,0.0,0.0,0.0,0.0,0.0,0.0,0.0,0.0,0.0,0.0,0.0,0.0,0.0,-0.15439087312210167,0.0,0.0,7.719543656105084,-212.23621547696305,0.0,0.0,0.0,0.0,0.0,0.0,0.0,0.0,13.293054175812712,3.859771828052542,0.0,0.0,0.0,0.15439087312210167,0.0,154.39087312210168,-47.861170667851525,30.878174624420335,1.1027919508721549,430.7505360106637,-0.11579315484157626,7.719543656105088,3.087817462442034,-0.7719543656103021,-430.7505360106637,46.3172619366305,-0.15439087312210167,0.0,8.63760201725272,0.03859771828052542,1.1027919508721549,0.0,-59.05714411532665,-3.087817462442034,-181.10560790313377,-0.15439087312210167,0.03859771828052542,-430.7505360106637,15.439087312210168,0.15439087312210167,0.15439087312210167,-245.99254640478514,-34.3082871538573,-221.14887439179165,-0.11579315484157626,46.3172619366305,0.15439087312210167,46.3172619366305,-77.19543656105084,-0.07719543656105084,-600.4895151265373,-170.0,-0.11579315484157626,-0.15439087312210167,-47.861170667851525,0.15439087312210167,15.439087312210168,-3.087817462442034,154.4065218146677,154.4065218146677,-15.439087312210168,181.10560790313377,-154.4065218146677,30.878174624420335,0.23158630968315252,-841.881933445818,15.439087312210168,-192.02941588794695,8.63760201725272,-30.878174624420335,0.07719543656105084,1.543908731221017,250.0,277.19494186276165,-0.15439087312210167,-281.0547136908142,245.99254640478514,47.861170667851525,0.15439087312210167,59.05714411532665,-176.63144572926927,8.63760201725272,-0.15439087312210167,-0.03859771828052542,-8.63760201725272,-0.15439087312210167,-84.56091268778984,0.15439087312211086,-0.03859771828052542,-0.03859771828052542,-0.03859771828052542,61.75634924884067,77.19543656105084,1.543908731221017,229.35063855780464,-0.03859771828052542,500.0,7.719543656105084,50.0,0.15439087312210167,0.07719543656105084,0.07719543656105084,19.75788832083653,47.861170667851525,0.15439087312210167,-47.861170667851525,1.543908731221017,0.15439087312210167,-459.28323942474435,0.15439087312210167,0.6175634924882019,0.7719543656103021,0.07719543656105084,0.03859771828052542,46.3172619366305,-0.15439087312210167,221.14887439179165,1.543908731221017,-458.7012771156093,3.859771828052537,-15.439087312210168,30.878174624420335,7.719543656105084,-0.15439087312210167,0.0,0.23158630968315252,-0.15439087312210167,-39.51577664167306,47.861170667851525,-48.99452008468721,0.07719543656105084,-100.0,-0.15439087312210167,-0.15439087312211086,-0.15439087312210167,0.07719543656105084,430.7505360106637,-30.878174624420335,0.15439087312210167,500.0,-0.03859771828052542,34.3082871538573,-500.0,23.158630968315247,170.0,378.42135119138663,430.7505360106637,-0.11579315484157626,281.0547136908142,-277.19494186276165,0.15439087312210167,-0.038597718280525425,7.719543656105088,154.39087312210168,-0.07719543656105084,-0.15439087312210167,0.03859771828052542,0.0,0.0,541.804738009257,229.9326008669397,-255.0,0.0,302.7569799611299,-140.0,0.0,-80.0,-255.0,-325.0,-300.0,40.0,127.5,127.5,0.0,70.0,-246.31676723834133,-304.18591047061466,300.0,325.0,-304.1859104706146,-302.7569799611299,231.9746691890945,0.0,1496.5981,hplb
442,0.0,0.0,0.0,0.0,0.0,0.0,0.0,0.0,612.8148733436258,0.0,0.0,0.0,0.0,0.0,0.0,0.0,1000.0,-69.16208366509761,0.0,-831.171197874791,0.0,0.0,0.0,741.9648671646476,0.0,0.0,0.0,0.0,0.0,-706.1237355487435,0.0,0.0,136.7512197918641,0.0,0.0,0.0,0.0,978.9882812481355,0.0,-1000.0,955.8989112017767,0.0,0.0,455.38936687572465,0.0,0.0,260.3312156304937,0.0,-462.4322563937392,-554.4464066178996,0.0,0.0,0.0,0.16170399226029986,0.0,0.0,0.0,0.0,0.0,0.0,-12.946119622767128,0.0,0.0,-12.946119622767128,0.0,0.0,0.0,0.0,0.0,859.5325909024846,0.0,1.4700362932741071,0.0,0.0,0.0,0.0,0.0,0.0,0.0,289.3961026545833,0.0,0.0,0.0,0.0,88.20217759644642,0.0,0.0,462.4322563937392,-316.1365721646912,-383.86342783530876,-0.03675090733185268,0.0,0.0,-322.58946636302096,44.10108879822321,0.0,44.10108879822321,-4.733516864342448,0.0,0.0,0.0,7.350181466370535,-706.1237355487435,0.0,0.0,0.0,0.0,0.0,0.0,0.0,0.0,0.0,0.0,0.0,0.0,0.0,0.0,0.0,0.0,0.0,0.0,0.0,0.0,0.0,-542.9047697170238,0.0,0.0,44.10108879822321,0.0,45.571125091497315,20.808785614519337,0.0,-1000.0,825.4355664128889,174.56443358711107,-174.56443358711107,46.87499999999137,0.0,0.0,-46.87499999999137,0.0,0.0,0.0,0.0,0.0,11.319279458210644,0.1470036293274107,0.0,0.0,0.0,-650.9059728924667,0.0,0.0,0.0,0.0,0.0,771.4016082913182,0.0,0.0,0.0,0.0,0.0,739.8157879988337,739.8157879988337,0.0,0.0,0.0,-203.12500000000003,546.5489338591582,0.0,0.0,739.9627916281611,0.0,0.0,0.0,316.93357229389596,0.0,0.0,0.0,0.0,0.0,0.0,0.0,0.0,0.0,0.0,-1000.0,0.0,0.0,0.0,0.0,-1000.0,0.0,0.0,0.0,0.0,0.0,554.4464066178996,0.0,1000.0,-1000.0,0.0,0.0,0.0,0.0,0.0,0.0,0.0,0.0,-71.8702066389418,0.0,0.0,0.0,0.0,0.0,0.0,0.0,0.0,0.0,0.0,0.0,0.0,0.0,64.04306153519221,609.7074246234309,168.55599194248282,0.0,0.0,0.0,0.0,155.15263343793154,0.0,0.0,0.0,0.0,-12.946119622767128,-286.8333749332418,0.0,0.0,0.0,0.0,0.0,0.0,0.0,0.0,0.0,29.40072586548214,0.0,0.0,615.9160667207002,-700.220505443991,1000.0,0.0,-168.55599194248282,0.0,0.0,0.0,0.0,0.0,0.0,0.0,262.40768753323573,0.0,0.0,-978.615488856975,0.0,415.36440434586723,-978.615488856975,0.0,415.36440434586723,683.8634278353087,0.0,99.66671846011138,554.4464066178996,0.0,296.60506361458295,0.0,0.0,0.0,494.1204995110546,0.0,-494.1204995110546,0.0,1000.0,0.0,0.0,1000.0,-203.12500000000003,0.0,0.0,-12.946119622767128,-0.22050544399111605,0.0,0.0,0.0,0.0,0.1470036293274107,0.0,0.0,0.0,800.7462777638452,1000.0,0.0,-930.3980113646429,300.505647507194,0.0,1000.0,0.0,-25.206741400357956,0.0,0.0,0.0,0.0,0.0,25.206741400357956,0.0,0.0,-1000.0,-1000.0,0.0,0.0,0.0,0.0,0.0,0.0,0.0,0.0,0.0,0.0,0.0,0.0,0.0,0.0,0.0,0.0,0.0,-20.423704234554805,0.0,-1000.0,0.0,0.0,0.0,0.0,0.0,0.0,-11.319279458210644,0.0,0.0,0.0,0.0,0.0,189.67207894381832,0.0,-986.7668420192334,0.0,-189.67207894381832,-1000.0,0.0,0.0,-235.80414077480668,0.0,979.4166605528629,0.0,-3.6750907331852676,-7.350181466370535,-816.583063294937,0.0,0.0,328.8329702951138,763.9802318396676,44.10108879822321,0.0,0.0,0.0,703.8283273687416,0.0,612.9618769729532,0.0,-64.04306153519221,64.04306153519221,64.04306153519221,-696.451870024981,0.0,0.0,0.0,0.0,0.0,0.0,0.0,0.0,-25.892239245534256,0.0,0.0,0.0,0.0,0.0,0.0,0.0,-85.29963706725893,0.2940072586543465,0.0,0.0,0.0,0.0,0.0,0.0,0.0,0.0,0.0,859.5325909024846,0.0,0.0,0.0,0.0,0.0,0.0,0.0,0.0,0.0,0.16170399226029986,0.16170399226029986,0.0,314.64233566971006,0.0,88.20217759644642,0.0,0.0,0.0,1000.0,0.0,0.0,0.0,0.0,0.0,107.176685412225,-1000.0,0.0,0.0,47.579172978831195,0.0,0.0,0.0,0.0,0.0,0.0,0.0,0.0,0.0,0.0,180.96825657234126,-800.7462777638452,650.9059728924667,0.0,11.319279458210644,0.0,-445.86574396984463,123.27627760682361,-31.87635583110793,0.0,107.176685412225,0.0,21.87704834496607,0.0,0.0,0.0,64.04306153519221,0.0,0.0,0.0,0.0,0.0,0.0,0.0,0.0,0.0,0.0,0.0,0.0,0.0,88.20217759644642,0.0,0.0,0.0,0.0,0.0,0.0,0.0,0.0,0.0,0.0,0.0,0.0,1.4700362932741071,0.0,0.0,0.0,0.0,0.0,0.0,0.0,0.0,44.10108879822321,-47.579172978831195,0.0,0.0,0.0,0.0,0.0,0.0,0.0,0.0,0.0,824.2237171069737,0.0,0.0,44.10108879822321,44.10108879822321,1000.0,-1000.0,0.0,0.0,0.0,0.0,0.0,0.0,0.0,706.1237355487435,0.0,1000.0,0.1470036293274107,0.0,0.0,-381.9462205774285,492.85037116467254,0.0,0.0,322.58946636302096,0.0,0.0,0.0,0.0,0.0,0.0,0.0,0.0,0.0,0.0,0.0,0.0,0.0,0.0,0.1470036293274107,0.0,0.0,0.0,0.0,0.0,0.0,0.0,0.0,0.0,0.0,-11.319279458210644,0.0,0.0,-979.5762957654451,-11.025272199555802,-7.350181466370535,0.0,0.0,0.0,0.0,0.0,0.0,0.0,0.0,0.0,0.0,0.0,0.0,0.0,0.0,0.0,0.0,771.330413306038,0.0,0.0,0.0,612.8148733436258,0.0,0.0,0.1470036293274107,0.0,0.1470036293274107,0.0,0.0,0.0,88.20217759644642,179.34442777944108,179.34442777944108,0.0,0.0,0.0,0.0,0.0,0.0,0.0,650.9059728924667,0.0,0.0,0.0,0.0,37.86375388544816,0.0,0.0,0.0,0.0,0.0,0.0,0.0,0.0,0.0,0.0,0.0,0.0,0.0,0.0,155.15263343793154,0.0,0.0,0.0,0.22050544399111605,0.0,0.0,0.0,-44.10108879822321,0.0,0.0,0.0,0.0,0.0,-314.64233566971006,7.350181466370535,0.0,0.0,0.0,203.12500000000003,-546.5489338591582,294.48345680199856,0.0,0.0,0.0,0.0,0.0,0.0,0.0,0.0,0.0,0.0,47.579172978831195,-330.92891633095786,250.59927413451786,0.0,946.5052470269845,0.0,0.0,283.1641773437879,0.0,-283.1641773437879,0.0,-179.34442777944108,0.0,7.350181466370535,1000.0,0.0,0.0,0.0,-25.892239245534256,0.0,0.0,0.0,0.0,0.0,0.0,0.0,0.0,0.0,977.9494556008885,0.0,179.34442777944108,0.0,-424.32437245900525,-424.3243724590053,424.32437245900525,0.0,0.0,0.0,0.0,0.0,0.0,0.0,0.0,347.71815226837725,-970.4367414897285,-435.2815201609066,0.0,44.10108879822321,0.0,0.0,0.0,0.0,314.914058946732,0.0,0.0,0.16170399226029986,0.0,0.0,0.0,89.67221388972052,0.0,0.0,0.0,0.0,609.7074246234309,0.0,0.0,0.0,0.0,0.0,0.0,0.0,0.0,0.0,0.0,0.014700362932741129,0.014700362932741129,0.0,0.0,0.0,0.0,0.0,0.0,0.0,0.0,0.0,-381.9462205774285,0.0,0.0,0.0,0.0,0.0,314.64233566971006,0.0,0.0,0.0,0.0,0.0,0.0,0.0,554.4464066178996,0.0,0.0,0.0,0.0,-193.93673580841877,1000.0,-69.16208366509761,0.0,0.0,0.0,88.20217759644642,0.0,0.0,0.0,0.0,0.0,0.0,-88.20217759644642,0.0,0.0,0.0,0.0,0.0,0.0,0.0,0.0,0.0,0.0,0.0,0.0,-1000.0,-1000.0,138.56123997472451,0.0,-44.10108879822321,0.0,978.9882812481355,0.0,0.0,0.0,0.0,0.0,0.0,0.0,0.0,0.0,0.0,0.0,0.0,0.0,0.0,0.0,0.0,0.0,-18.375453665926337,0.0,-11.025272199555802,26.83848168589236,0.0,0.0,0.0,0.0,0.0,-1.8375453665926338,0.0,25.892239245534256,0.0,0.0,0.0,0.0,0.0,0.0,0.0,1000.0,44.10108879822321,44.10108879822321,0.0,0.0,0.0,0.0,289.3961026545833,0.16170399226029986,314.64233566971006,0.0,0.0,-978.9882812481355,0.0,0.0,0.0,0.0,0.0,0.0,0.0,0.0,0.0,0.0,0.0,0.0,0.0,0.0,0.0,0.0,0.0,20.808785614519337,0.0,154.35381079378124,11.319279458210644,0.0,0.0,0.0,0.0,0.0,314.64233566971006,0.0,-306.56715513271155,0.0,0.0,0.0,-18.375453665926337,0.0,0.0,0.0,0.0,0.0,0.0,0.0,0.0,0.0,0.0,0.0,0.0,0.0,0.0,0.0,0.0,0.0,0.0,-0.1470036293274107,0.0,0.0,7.350181466370535,-107.176685412225,0.0,0.0,0.0,0.0,0.0,0.0,0.0,0.0,-25.206741400357956,3.6750907331852676,0.0,0.0,0.0,0.1470036293274107,0.0,147.0036293274107,-24.762339476977985,29.40072586548214,1.0500259237672205,451.7576970525145,-0.11025272199555802,7.3501814663704454,2.9400725865482142,-0.7350181466370133,-451.7576970525145,44.10108879822321,-0.1470036293274107,0.0,0.0,0.03675090733185268,1.0500259237672205,0.0,-23.402977788923636,-2.94007258654824,-99.66671846011138,-0.1470036293274107,0.03675090733185268,-451.7576970525145,14.70036293274107,0.1470036293274107,0.1470036293274107,-314.33362804812236,0.16170399226015184,-222.05085685912297,-0.11025272199555802,44.10108879822321,0.1470036293274107,44.10108879822321,-73.50181466370535,-0.07350181466370535,-549.3507514321952,-170.0,-0.11025272199555802,-0.1470036293274107,-24.762339476977985,0.1470036293274107,14.70036293274107,-2.9400725865482142,155.15263343793154,155.15263343793154,-14.70036293274107,99.66671846011138,-155.15263343793154,29.40072586548214,0.22050544399111605,-443.5765311173159,14.70036293274107,-180.96825657234126,0.0,-29.40072586548214,0.07350181466370535,1.4700362932741071,232.59950284116073,280.0,-0.1470036293274107,-347.71815226837725,314.33362804812236,45.571125091497315,0.1470036293274107,23.402977788923636,-176.40435519289304,0.0,-0.1470036293274107,-0.03675090733185268,0.0,-0.1470036293274107,-85.29963706725893,0.1470036293274107,-0.03675090733185268,-0.03675090733185268,-0.03675090733185268,58.80145173096428,73.50181466370535,1.4700362932741071,108.91131387794462,-0.03675090733185268,465.19900568232146,7.350181466370535,50.0,0.1470036293274107,0.07350181466370535,0.07350181466370535,14.70036293274107,24.762339476977985,0.1470036293274107,-24.762339476977985,1.4700362932741071,0.1470036293274107,-108.91131387794462,0.1470036293274107,0.5880145173095457,0.7350181466370133,0.07350181466370535,0.03675090733185268,44.10108879822321,-0.1470036293274107,222.05085685912297,1.47003629327412,-217.82262775588924,3.675090733185357,-14.70036293274107,29.40072586548214,7.350181466370535,-0.1470036293274107,0.0,0.22050544399111605,-0.1470036293274107,-29.400725865482144,24.762339476977985,-11.817677504332925,0.07350181466370535,-100.0,-0.1470036293274107,-0.1470036293274107,-0.1470036293274107,0.07350181466370535,451.7576970525145,-29.40072586548214,0.1470036293274107,465.19900568232146,-0.03675090733185268,-0.16170399226015184,-465.19900568232146,22.0505443991116,170.0,42.50367289095877,451.7576970525145,-0.11025272199555802,347.71815226837725,-280.0,0.1470036293274107,-0.03675090733185267,7.350181466370535,147.0036293274107,-0.07350181466370535,-0.1470036293274107,0.03675090733185268,0.0,0.0,143.50302930265218,0.0,-255.0,0.0,331.4911236456047,-140.0,0.0,-80.0,-36.77718320924282,-325.0,-300.0,40.0,127.5,18.38859160462141,0.0,70.0,-314.64233566971006,-303.09638144239904,300.0,325.0,-303.09638144239904,-331.4911236456047,246.59755795287833,0.0,1496.5981,hplb
443,0.0,0.0,0.0,0.0,0.0,0.0,0.0,0.0,-0.15016717499838023,0.0,0.0,0.0,0.0,0.0,0.0,0.0,-22.646910965607162,192.06812422479203,0.0,0.0,0.0,0.0,0.0,0.0,0.0,0.0,0.0,0.0,0.0,0.0,0.0,0.0,120.84218304722718,0.0,0.0,0.0,0.0,990.0989775951062,0.0,-993.9137908341264,55.39585100617023,0.0,-45.293821931214325,-654.8684479560823,0.0,0.0,841.957320461501,0.0,0.0,-296.50012500570904,0.0,0.0,0.0,0.16518389249812335,0.0,0.0,0.0,30.033434999676043,0.0,0.0,-13.224722544855203,0.0,203.28833890917883,190.0636163643236,0.0,0.0,0.0,0.0,0.0,0.0,0.0,1.5016717499838022,0.0,0.0,0.0,0.0,0.0,0.0,0.0,0.0,0.0,0.0,0.0,0.0,90.10030499902813,0.0,0.0,-130.28846065261328,0.0,505.76132658633514,203.4496725221548,0.0,0.0,137.4080310590277,45.05015249951406,0.0,45.05015249951406,-613.9617438485516,402.4365116612667,0.0,0.0,7.508358749919011,-294.2140364662953,0.0,0.0,-15.839122385308704,0.0,1000.0,0.0,0.0,0.0,0.0,0.0,0.0,0.0,0.0,0.0,0.0,0.0,0.0,0.0,0.0,0.0,0.0,-557.5821070163257,0.0,0.0,45.05015249951406,0.0,46.55182424949786,29.13897994866818,0.0,0.0,0.0,0.0,0.0,0.0,0.0,0.0,0.0,0.0,0.0,0.0,0.0,0.0,11.562872474875235,0.15016717499838705,203.4872143159044,0.0,0.0,0.0,-372.6974470175561,0.0,0.0,0.0,0.0,680.707373260243,0.0,0.0,0.0,0.0,0.0,158.19284671349732,158.19284671349732,0.0,0.0,0.0,0.0,0.0,0.0,0.0,158.3430138884957,0.0,0.0,0.0,0.0,0.0,0.0,0.0,0.0,0.0,0.0,0.0,0.0,0.0,0.0,0.0,0.0,0.0,0.0,0.0,-1000.0,0.0,0.0,0.0,0.0,0.0,296.50012500570904,45.293821931214325,-322.35658487740534,322.35658487740534,0.0,0.0,0.0,0.0,0.0,0.0,0.0,294.2140364662953,1000.0,0.0,0.0,0.0,0.0,0.0,0.0,0.0,0.0,0.0,0.0,0.0,0.0,0.0,0.0,332.7643170169082,-22.646910965607162,0.0,0.0,0.0,0.0,153.24715344433642,0.0,0.0,0.0,0.0,-13.224722544855203,632.2215369904751,0.0,0.0,0.0,0.0,0.0,0.0,0.0,0.0,0.0,0.0,0.0,0.0,482.8891648582304,759.9519278044214,-407.35122359880427,0.0,22.646910965607162,0.0,0.0,0.0,1000.0,0.0,0.0,0.0,-13.991304183879038,0.0,0.0,-1000.0,0.0,0.0,-1000.0,0.0,0.0,-322.35658487740534,0.0,0.0,296.50012500570904,0.0,323.99722469848075,0.0,0.0,0.0,-288.9824977123094,0.0,288.9824977123094,0.0,1000.0,0.0,0.0,1000.0,0.0,0.0,0.0,-13.224722544855203,-0.22525076249757034,0.0,0.0,0.0,0.0,0.15016717499838705,0.0,0.0,0.0,801.7026940561495,-22.646910965607162,0.0,-731.0554047036655,704.093807280501,0.0,66.28402902981601,0.0,0.0,0.0,-15.839122385308704,0.0,0.0,0.0,-12.929393767360441,410.4136282714403,-397.48423450407984,-687.6314811229322,0.0,0.0,0.0,0.0,0.0,0.0,0.0,0.0,0.0,0.0,0.0,0.0,0.0,0.0,0.0,0.0,0.0,0.0,970.8418928702015,0.0,-19.857753424896714,0.0,0.0,609.1263608136086,0.0,0.0,740.5053189597296,-11.562872474875235,0.0,402.4365116612667,0.0,0.0,0.0,51.36570435980831,-569.8860890433459,0.0,0.0,-461.7793326312486,-654.2386724354664,0.0,0.0,195.28413336876088,569.8860890433459,-7.50835874991901,0.0,-3.7541793749595054,-7.508358749919011,454.5640867050817,0.0,196.60537271734813,1000.0,0.0,45.05015249951406,0.0,0.0,0.0,254.1922899483373,0.0,0.0,0.0,0.0,0.0,0.0,-13.386602562704638,0.0,0.0,0.0,0.0,0.0,294.2140364662953,0.0,0.0,-26.449445089710405,0.0,0.0,34.161974475868284,0.0,0.0,0.0,0.0,-84.98328250016198,0.30033434999677405,0.0,0.0,0.0,0.0,0.0,0.0,0.0,0.0,0.0,0.0,0.0,0.0,0.0,0.0,0.0,0.0,0.0,0.0,0.0,0.16518389249812335,0.16518389249812335,0.0,249.96656500032395,0.0,90.10030499902813,0.0,0.0,0.0,-259.1248244979659,0.0,0.0,0.0,0.0,0.0,676.4084101812126,259.1248244979659,0.0,0.0,0.0,0.0,0.0,34.161974475868284,0.0,0.0,0.0,0.0,0.0,0.0,0.0,185.86070233877524,-801.7026940561495,372.6974470175561,0.0,11.562872474875235,0.0,0.0,137.4080310590277,-15.839122385308704,0.0,676.4084101812126,0.0,591.4251276810506,0.0,0.0,0.0,0.0,0.0,0.0,0.0,0.0,0.0,0.0,0.0,0.0,0.0,0.0,0.0,0.0,0.0,90.10030499902813,0.0,0.0,0.0,0.0,0.0,0.0,0.0,0.0,0.0,0.0,0.0,0.0,1.5016717499838022,0.0,0.0,0.0,0.0,0.0,45.293821931214325,0.0,0.0,45.05015249951406,0.0,0.0,0.0,0.0,0.0,0.0,0.0,0.0,0.0,0.0,26.879924324710032,319.512713072077,0.0,45.05015249951406,45.05015249951406,-351.1068848569174,259.1248244979659,0.0,34.161974475868284,0.0,0.0,0.0,0.0,0.0,981.8455175892275,294.2140364662953,1000.0,0.15016717499838705,0.0,0.0,0.0,81.76128724425953,0.0,0.0,-137.4080310590277,0.0,0.0,0.0,0.0,0.0,0.0,0.0,0.0,0.0,0.0,0.0,0.0,0.0,0.0,0.15016717499838705,0.0,0.0,0.0,-863.2918844637948,863.2918844637948,0.0,0.0,0.0,0.0,0.0,1000.0,0.0,0.0,-990.6996462950982,-11.262538124878517,-0.4381349260326921,-7.0702238238863195,0.0,-171.875,-171.875,171.875,0.0,0.0,0.0,0.0,0.0,0.0,0.0,0.0,0.0,0.0,0.0,204.11373146726714,0.0,0.0,0.0,-0.15016717499838705,0.0,0.0,0.15016717499838705,0.0,0.15016717499838705,0.0,0.0,0.0,90.10030499902813,183.20395349802385,183.20395349802385,0.0,0.0,0.0,0.0,0.0,0.0,0.0,372.6974470175561,0.0,294.2140364662953,0.0,0.0,0.0,0.0,0.0,0.0,0.0,0.0,0.0,0.0,0.0,0.0,0.0,0.0,0.0,0.0,0.0,153.24715344433642,0.0,0.0,0.0,0.22525076249757034,0.0,0.0,0.0,-45.05015249951406,0.0,0.0,0.0,0.0,0.0,-249.96656500032395,7.508358749919011,0.0,0.0,0.0,0.0,0.0,609.1263608136086,-7.0702238238863195,0.0,0.0,0.0,0.0,0.0,0.0,0.0,0.0,0.0,0.0,227.30745842831894,249.96656500032395,0.0,667.66401201788,-15.839122385308704,0.0,597.5634883387334,402.4365116612667,-1000.0,0.0,816.7960465019762,0.0,7.508358749919012,358.0822977539568,0.0,0.0,0.0,-26.449445089710405,78.12499999999834,-78.12499999999834,0.0,0.0,0.0,0.0,0.0,0.0,0.0,0.0,-22.525076249757035,183.20395349802385,0.0,0.0,0.0,0.0,0.0,0.0,0.0,0.0,0.0,0.0,0.0,0.0,261.22910312520247,-81.76128724425953,0.0,-45.293821931214325,45.05015249951406,0.0,0.0,0.0,0.0,208.3375731707946,0.0,0.0,0.16518389249812335,0.0,0.0,0.0,91.60197674901192,0.0,0.0,0.0,0.0,332.7643170169082,0.0,0.0,0.0,0.0,0.0,0.0,0.0,0.0,0.0,0.0,707.5609759363699,0.01501671749983835,0.0,0.0,0.0,0.0,0.0,0.0,0.0,0.0,0.0,0.0,0.0,0.0,0.0,0.0,0.0,249.96656500032395,0.0,0.0,0.0,0.0,0.0,0.0,0.0,296.50012500570904,0.0,0.0,0.0,0.0,0.0,0.0,192.06812422479203,0.0,0.0,0.0,90.10030499902813,0.0,0.0,0.0,0.0,0.0,0.0,-90.10030499902813,0.0,0.0,0.0,0.0,0.0,0.0,0.0,0.0,0.0,0.0,0.0,0.0,0.0,0.0,102.86451487389044,930.9160768960837,-975.9662293955978,0.0,990.0989775951062,0.0,0.0,0.0,0.0,0.0,0.0,0.0,0.0,0.0,554.6875,0.0,-554.6875,-554.6875,0.0,0.0,0.0,0.0,-18.77089687479753,0.0,-11.262538124878517,11.262538124878574,0.0,0.0,0.0,0.0,0.0,-1.8770896874797525,0.0,26.449445089710405,0.0,0.0,0.0,0.0,0.0,0.0,0.0,1000.0,45.05015249951406,45.05015249951406,0.0,0.0,0.0,0.0,0.0,0.16518389249812335,249.96656500032395,0.0,0.0,-990.0989775951062,707.54595921887,0.0,0.0,0.0,0.0,0.0,0.0,0.0,0.0,0.0,0.0,0.0,0.0,0.0,0.0,0.0,0.0,29.13897994866818,0.0,157.67553374829922,0.0,0.0,11.562872474875235,0.0,0.0,0.0,249.96656500032395,0.0,-614.3998787745843,0.0,0.0,0.0,-18.77089687479753,0.0,0.0,0.0,0.0,0.0,0.0,0.0,0.0,0.0,0.0,0.0,0.0,0.0,0.0,0.0,0.0,0.0,0.0,-0.15016717499838705,0.0,0.0,7.508358749919011,-676.4084101812126,0.0,0.0,0.0,0.0,0.0,0.0,0.0,0.0,12.929393767360441,3.7541793749595054,0.0,0.0,0.0,0.15016717499838705,0.0,150.1671749983802,-17.412844300829683,30.033434999676043,1.0726226785598587,477.2443781428172,-0.11262538124878517,7.508358749919011,3.0033434999676043,-0.7508358749903437,-477.2443781428172,45.05015249951406,-0.15016717499838023,5.279707461769568,34.161974475868284,0.03754179374959506,1.0726226785598587,-15.839122385308704,-23.906614259737264,-3.0033434999676043,-169.42121325918487,-0.15016717499838023,0.03754179374959506,-477.2443781428172,15.016717499838022,0.15016717499838023,0.15016717499838705,-249.65121393282746,0.1651838924982485,-174.1472207767718,-0.11262538124878517,45.05015249951406,0.15016717499838023,45.05015249951406,-75.0835874991901,-0.07508358749919011,-474.88190771285383,-168.41403811917283,-0.11262538124878517,-0.15016717499838023,-17.412844300829683,0.15016717499838705,15.016717499838022,-3.0033434999676043,153.24715344433642,153.24715344433642,-15.016717499838022,169.42121325918487,-153.24715344433642,30.033434999676043,0.22525076249757034,-679.520233120588,15.016717499838022,-185.86070233877524,34.161974475868284,-30.033434999676043,0.07508358749919011,1.5016717499838022,182.7638511759164,280.0,-0.15016717499838705,-283.7541793749595,249.65121393282746,46.55182424949786,0.15016717499838023,23.906614259737264,-146.03863552218786,34.161974475868284,-0.15016717499838705,-0.03754179374959506,-34.161974475868284,-0.15016717499838023,-84.98328250016198,0.1501671749989555,-0.03754179374959506,-0.03754179374959506,-0.03754179374959506,60.066869999352086,75.0835874991901,1.5016717499838022,111.25510577691956,-0.03754179374959506,360.2479948900632,7.508358749919011,50.0,0.15016717499838705,0.07508358749919011,0.07508358749919011,32.09770473777216,17.412844300829683,0.15016717499838705,-17.412844300829683,1.5016717499838022,0.15016717499838023,-111.25510577691956,0.15016717499838023,0.6006686999919566,0.7508358749903437,0.07508358749919011,0.03754179374959506,45.05015249951406,-0.15016717499838023,174.1472207767718,1.5016717499838022,-222.51021155383913,3.754179374959505,-15.016717499838022,30.033434999676043,7.508358749919011,-0.15016717499838023,15.839122385308704,0.22525076249757034,-0.15016717499838023,-64.19540947554432,17.412844300829683,297.97457478442664,0.07508358749919011,-100.0,-0.15016717499838023,-0.1501671749989555,-0.15016717499838023,0.07508358749919011,477.2443781428172,-30.033434999676043,0.15016717499838705,365.5277023518328,-0.03754179374959506,-0.1651838924982485,-365.5277023518328,22.525076249757028,168.41403811917283,82.07448531653955,477.2443781428172,-0.11262538124878517,283.7541793749595,-280.0,0.15016717499838023,-0.03754179374959506,7.508358749919012,150.1671749983802,-0.07508358749919011,-0.15016717499838023,0.03754179374959506,0.0,0.0,496.04040782415905,0.0,-255.0,0.0,607.1688129837397,-140.0,0.0,-80.0,-255.0,-325.0,-183.4047417089298,40.0,127.5,127.5,0.0,70.0,-249.96656500032395,-506.31214795522123,183.4047417089298,325.0,-506.31214795522123,-607.1688129837397,369.0953655030448,0.0,1496.5981,hplb
444,0.0,0.0,0.0,0.0,0.0,0.0,0.0,0.0,-0.10962772693071939,0.0,0.0,0.0,0.0,0.0,0.0,0.0,475.1974944306369,-175.19749443063688,0.0,0.0,0.0,0.0,0.0,641.4862590524259,0.0,325.2108640909836,0.0,0.0,0.0,-386.35344146352145,0.0,0.0,137.577227234831,0.0,0.0,0.0,0.0,851.503702407482,0.0,-1000.0,-72.39674743284965,0.0,0.0,0.0,0.0,0.0,0.0,0.0,-88.84405296711546,-367.62438459071615,0.0,0.0,0.0,0.12059049962389974,0.0,0.0,0.0,0.0,0.0,0.0,-122.38221918301406,0.0,0.0,-166.1718516448676,0.0,0.0,0.0,0.0,463.0108180611661,-415.20574169798476,0.0,1.096277269307194,0.0,0.0,0.0,0.0,0.0,0.0,0.0,0.0,0.0,0.0,0.0,0.0,65.77663615843163,0.0,127.3242148519337,0.0,-127.84832808786368,0.0,-0.027406931732679846,0.0,0.0,0.0,32.888318079215814,0.0,32.888318079215814,-3.530012807167184,0.0,0.0,0.0,5.481386346535969,-386.35344146352145,0.0,0.0,0.0,0.0,674.5938325855032,0.0,0.0,0.0,0.0,0.0,0.0,0.0,0.0,0.0,0.0,0.0,0.0,0.0,0.0,0.0,0.0,-1000.0,0.0,0.0,32.888318079215814,0.0,33.984595348523015,10.158593861810772,0.0,150.69241885348015,0.0,-150.69241885348015,150.69241885348015,-43.78963246185353,0.0,0.0,0.0,0.0,0.0,0.0,0.0,0.0,135.7655498255991,0.10962772693071939,0.0,0.0,0.0,0.0,-12.29781845542449,0.0,0.0,0.0,0.0,81.09999576283586,0.0,0.0,0.0,0.0,0.0,236.01027363177428,236.01027363177428,0.0,0.0,0.0,0.0,495.61396075520844,0.0,0.0,236.119901358705,0.0,0.0,0.0,-191.49713590900825,-476.1489731819335,0.0,0.0,0.0,0.0,0.0,0.0,0.0,0.0,0.0,-881.7697029973983,0.0,0.0,0.0,0.0,-1000.0,0.0,0.0,0.0,0.0,0.0,367.62438459071615,0.0,224.8025055693631,-224.8025055693631,43.78963246185353,0.0,0.0,0.0,0.0,0.0,0.0,0.0,-698.3311927970593,0.0,0.0,0.0,0.0,0.0,0.0,0.0,0.0,0.0,0.0,0.0,0.0,0.0,0.0,-43.851090772287755,0.0,0.0,0.0,0.0,0.0,158.92759957999735,0.0,0.0,0.0,0.0,-122.38221918301406,0.0,0.0,0.0,573.720526064492,0.0,0.0,0.0,0.0,0.0,0.0,21.925545386143877,0.0,0.0,475.0330528402408,122.38221918301406,135.95845260224763,0.0,0.0,0.0,0.0,43.78963246185353,0.0,0.0,0.0,0.0,94.50489296960609,0.0,0.0,711.9376150064204,0.0,0.0,711.9376150064204,0.0,0.0,96.95417748149941,0.0,138.44906410584167,367.62438459071615,0.0,123.46131381847778,0.0,0.0,0.0,-1000.0,0.0,1000.0,0.0,691.2404922446232,0.0,0.0,0.0,0.0,0.0,0.0,-122.38221918301406,-0.16444159039607908,0.0,0.0,0.0,0.0,0.10962772693071939,0.0,0.0,0.0,764.3944498789333,475.1974944306369,0.0,-114.5270703618693,237.27087301594207,476.1489731819335,-159.8698814710575,0.0,-767.0108081547604,0.0,0.0,0.0,0.0,0.0,577.2998696824689,-463.0108180611661,652.7217565334577,0.0,-1000.0,0.0,0.0,0.0,0.0,0.0,0.0,0.0,0.0,0.0,0.0,0.0,0.0,0.0,0.0,0.0,0.0,573.720526064492,-148.05778668479462,0.0,-1000.0,0.0,0.0,0.0,0.0,0.0,0.0,-135.7655498255991,0.0,0.0,0.0,204.6644168581929,0.0,1000.0,0.0,-65.4355923243792,574.7836837261272,-1000.0,953.3712737389878,0.0,-1000.0,-591.738724675068,0.0,59.95420597784323,-102.22241608987702,-577.5243768993952,-5.481386346535969,0.0,0.0,888.9677889345068,0.0,-1000.0,32.888318079215814,0.0,0.0,0.0,369.1406815541201,0.0,0.0,0.0,0.0,0.0,0.0,-136.06622694026396,0.0,0.0,-837.3124908955809,0.0,0.0,0.0,0.0,0.0,-33.90564112401424,0.0,0.0,120.36145211742367,0.0,0.0,0.0,0.0,-89.03722730692806,0.21925545386197437,0.0,0.0,0.0,0.0,0.0,0.0,0.0,0.0,0.0,47.80507636318134,0.0,0.0,0.0,0.0,0.0,0.0,0.0,0.0,0.0,0.12059049962389974,0.12059049962389974,0.0,110.00821748279772,0.0,65.77663615843163,0.0,0.0,0.0,-869.4709660727502,0.0,0.0,127.3242148519337,0.0,0.0,310.7625431850468,869.4709660727502,0.0,0.0,0.0,0.0,0.0,120.36145211742367,0.0,0.0,0.0,0.0,0.0,0.0,0.0,333.3333333333333,-764.3944498789333,12.29781845542449,0.0,135.7655498255991,0.0,0.0,0.0,-202.71723204185088,0.0,310.7625431850468,0.0,221.72531587811875,0.0,0.0,0.0,0.0,0.0,0.0,0.0,0.0,0.0,0.0,0.0,0.0,0.0,0.0,0.0,0.0,0.0,65.77663615843163,43.78963246185353,43.78963246185353,0.0,0.0,0.0,0.0,0.0,0.0,0.0,0.0,0.0,0.0,1.096277269307194,0.0,0.0,127.3242148519337,-127.3242148519337,0.0,0.0,0.0,0.0,32.888318079215814,0.0,0.0,0.0,0.0,0.0,0.0,0.0,0.0,0.0,0.0,0.0,-112.12627139090647,0.0,32.888318079215814,32.888318079215814,1000.0,869.4709660727502,0.0,120.36145211742367,0.0,0.0,0.0,0.0,0.0,-613.6465585364786,0.0,-339.15672032873454,0.10962772693071939,0.0,0.0,0.0,104.14469906861913,0.0,0.0,0.0,0.0,0.0,0.0,0.0,0.0,0.0,0.0,0.0,0.0,0.0,0.0,0.0,0.0,0.0,0.10962772693071939,0.0,0.0,0.0,0.0,0.0,0.0,0.0,0.0,0.0,0.0,-135.76554982559907,0.0,0.0,-851.9422133152054,-8.222079519803954,-5.4813863465359685,0.0,0.0,0.0,0.0,0.0,0.0,0.0,0.0,0.0,0.0,0.0,0.0,43.78963246185353,476.1489731819335,0.0,0.0,-105.5508247189573,0.0,0.0,0.0,-0.10962772693071939,0.0,0.0,0.10962772693071939,0.0,0.10962772693071939,0.0,0.0,0.0,65.77663615843163,133.74582685547767,133.74582685547767,0.0,0.0,0.0,0.0,0.0,0.0,0.0,12.29781845542449,0.0,0.0,0.0,0.0,0.0,586.7388169712038,0.0,0.0,0.0,0.0,0.0,0.0,0.0,0.0,0.0,0.0,0.0,0.0,0.0,202.71723204185088,0.0,-325.2108640909836,325.2108640909836,0.16444159039607908,0.0,0.0,0.0,-32.888318079215814,0.0,0.0,0.0,0.0,0.0,-110.00821748279772,5.481386346535969,0.0,0.0,0.0,0.0,-495.61396075520844,-340.16070935461875,0.0,0.0,0.0,0.0,0.0,0.0,0.0,0.0,43.78963246185353,0.0,0.0,0.0,110.00821748279772,0.0,315.3722730692806,0.0,0.0,-475.9262591802178,0.0,475.9262591802178,0.0,-133.74582685547767,0.0,5.481386346535969,1000.0,0.0,0.0,0.0,-288.5540708278817,265.6250000000002,-265.6250000000002,0.0,0.0,0.0,0.0,0.0,0.0,0.0,1000.0,-134.67445604220958,133.74582685547767,0.0,0.0,0.0,0.0,0.0,0.0,0.0,0.0,0.0,0.0,0.0,0.0,0.0,-151.94977543180048,312.9989692413777,0.0,32.888318079215814,127.3242148519337,0.0,0.0,0.0,-193.90042169762265,0.0,0.0,0.12059049962389974,0.0,0.0,0.0,66.87291342773884,0.0,0.0,0.0,0.0,-43.851090772287755,0.0,0.0,0.0,0.0,0.0,0.0,0.0,0.0,0.0,0.0,0.010962772693072251,0.010962772693072251,0.0,0.0,0.0,0.0,0.0,0.0,0.0,0.0,0.0,0.0,0.0,0.0,0.0,0.0,0.0,110.00821748279772,0.0,0.0,0.0,0.0,0.0,0.0,0.0,367.62438459071615,0.0,0.0,0.0,254.6484297038674,0.0,1000.0,-175.1974944306369,0.0,0.0,0.0,65.77663615843164,0.0,0.0,0.0,0.0,0.0,934.2233638415684,-1000.0,0.0,254.6484297038674,0.0,0.0,0.0,0.0,0.0,0.0,0.0,0.0,0.0,0.0,339.15672032873454,-1000.0,661.8338099187466,-764.4680833897338,731.579765310518,0.0,851.503702407482,0.0,0.0,0.0,0.0,0.0,0.0,0.0,0.0,0.0,648.4375000000001,0.0,-648.4374999999999,-648.4374999999999,0.0,0.0,0.0,0.0,-13.703465866339922,43.78963246185353,-8.222079519803954,713.1911934936095,0.0,0.0,0.0,0.0,0.0,0.0,-1.3703465866339926,33.90564112401424,0.0,0.0,0.0,0.0,0.0,0.0,0.0,1000.0,32.888318079215814,32.888318079215814,0.0,0.0,0.0,0.0,0.0,0.12059049962389974,110.00821748279772,0.0,0.0,-851.503702407482,0.0,0.0,0.0,0.0,0.0,0.0,0.0,0.0,0.0,0.0,0.0,0.0,0.0,0.0,0.0,0.0,0.0,10.158593861810772,0.0,115.10911327725535,135.7655498255991,0.0,0.0,0.0,0.0,0.0,110.00821748279772,0.0,331.1493102009156,0.0,0.0,0.0,-13.703465866339922,0.0,0.0,0.0,0.0,0.0,0.0,0.0,0.0,0.0,0.0,0.0,0.0,0.0,0.0,0.0,0.0,0.0,0.0,-0.10962772693071939,0.0,0.0,5.481386346535969,-310.7625431850468,0.0,0.0,0.0,0.0,43.78963246185353,0.0,0.0,0.0,-577.2998696824689,2.7406931732679847,0.0,0.0,325.2108640909836,0.10962772693071939,0.0,109.62772693071938,-23.826001486712244,21.92554538614388,0.7830551923622814,326.17854586032865,-0.08222079519803954,5.48138634653597,2.1925545386143876,-0.5481386346541512,-326.17854586032865,32.88831807921582,-0.10962772693071939,0.0,120.36145211742367,0.027406931732679846,0.7830551923622814,0.0,-144.77694897930223,-2.1925545386143876,-300.0,-0.10962772693071939,0.027406931732679846,-326.17854586032865,10.962772693071939,0.10962772693071939,0.10962772693071939,-109.77799925624309,-127.20362435230992,-226.61445454175907,-0.08222079519803954,32.888318079215814,0.10962772693071939,32.88831807921582,-54.81386346535969,-0.05481386346535969,145.5144587789232,-170.0,-0.08222079519803954,-0.10962772693071939,-23.826001486712244,0.10962772693071939,10.962772693071939,-2.1925545386143876,202.71723204185088,202.71723204185088,-10.962772693071939,300.0,-202.71723204185088,21.925545386143877,0.16444159039607908,-1000.0,10.962772693071939,-333.3333333333333,120.36145211742367,-21.925545386143877,0.05481386346535969,1.096277269307194,28.631767590467327,131.93376286894159,-0.10962772693071939,-134.67445604220958,109.77799925624309,33.984595348523015,0.10962772693071939,144.77694897930223,-11.191820199439517,120.36145211742367,-0.10962772693071939,-0.027406931732679846,-120.36145211742367,-0.10962772693071939,-89.03722730692806,0.10962772693071939,-0.027406931732679846,-0.027406931732679846,-0.027406931732679846,43.851090772287755,54.81386346535969,1.096277269307194,81.2204421897927,-0.027406931732679846,57.26353518093465,5.481386346535969,50.0,0.10962772693071939,0.05481386346535969,0.05481386346535969,71.14349875178377,23.826001486712244,0.10962772693071939,-23.826001486712244,1.096277269307194,0.10962772693071939,-81.2204421897927,0.10962772693071939,0.43851090772339596,0.5481386346541512,0.05481386346535969,0.027406931732679846,32.888318079215814,-0.10962772693071939,226.61445454175907,1.0962772693071938,-162.4408843795854,2.7406931732679833,-10.962772693071939,21.925545386143877,5.481386346535969,-0.10962772693071939,0.0,0.16444159039607908,-0.10962772693071939,-142.28699750356753,23.826001486712244,443.9215048444156,0.05481386346535969,-100.0,-0.10962772693071939,-0.10962772693071939,-0.10962772693071939,0.05481386346535969,326.17854586032865,-21.925545386143877,0.10962772693071939,57.26353518093465,-0.027406931732679846,127.20362435230992,-57.26353518093465,16.444159039607907,170.0,137.39812607792277,326.17854586032865,-0.08222079519803954,134.67445604220958,-131.93376286894159,0.10962772693071939,-0.02740693173267985,210.14580320472888,109.62772693071938,-0.05481386346535969,-0.10962772693071939,0.027406931732679846,436.63565441690037,0.0,902.9910086550352,0.0,-255.0,0.0,1000.0,-140.0,0.0,-80.0,-255.0,-325.0,-96.95417748149941,40.0,127.5,127.5,0.0,70.0,-110.00821748279772,-250.02108314679296,96.95417748149941,325.0,-250.02108314679296,-1000.0,500.1145237531838,0.0,1496.5981,hplb
445,0.0,0.0,0.0,0.0,0.0,0.0,0.0,0.0,-0.05642176709200648,0.0,0.0,0.0,0.0,0.0,0.0,0.0,0.0,300.0,0.0,0.0,0.0,0.0,0.0,0.0,0.0,0.0,0.0,0.0,0.0,-551.3485454025256,0.0,0.0,172.97596313781196,0.0,0.0,0.0,0.0,973.2060027725231,0.0,-1000.0,1000.0,0.0,0.0,0.0,0.0,0.0,0.0,0.0,0.0,-435.86816289999604,0.0,0.0,0.0,0.062063943801262934,0.0,0.0,0.0,0.0,0.0,0.0,-4.968876955235487,0.0,4.968876955235487,0.0,738.5381284898928,0.0,0.0,0.0,0.0,0.0,0.0,0.5642176709200649,0.0,0.0,0.0,0.0,0.0,0.0,0.0,0.0,0.0,0.0,0.0,0.0,33.85306025520389,0.0,0.0,450.70130040128123,577.8038911414387,-428.5051915427201,-0.01410544177300162,0.0,0.0,396.1968783726158,16.926530127601946,0.0,16.926530127601946,-1.8167809003607545,0.0,0.0,0.0,2.8210883546003243,-1000.0,0.0,0.0,-35.18823396298758,0.0,0.0,0.0,0.0,0.0,0.0,0.0,0.0,0.0,0.0,0.0,0.0,0.0,0.0,0.0,0.0,0.0,0.0,-955.6662038756494,0.0,0.0,16.926530127601946,0.0,17.49074779852201,17.49074779852201,0.0,914.5636895298622,0.0,-914.5636895298622,914.5636895298622,-921.874999999961,0.0,0.0,921.874999999961,0.0,0.0,0.0,0.0,0.0,4.344476066084497,0.05642176709200648,0.0,0.0,0.0,591.8676337871588,-1000.0,0.0,0.0,0.0,0.0,21.2477107596783,0.0,0.0,0.0,0.0,0.0,-363.6990606167826,-363.6990606167826,0.0,0.0,0.0,-265.625,1000.0,0.0,0.0,-363.6426388496906,0.0,0.0,0.0,-1000.0,-915.1929343844679,0.0,0.0,0.0,0.0,0.0,0.0,0.0,0.0,0.0,-981.2705540155413,0.0,0.0,0.0,0.0,-1000.0,0.0,0.0,0.0,0.0,0.0,435.86816289999604,0.0,150.70130040128123,-150.70130040128123,0.0,0.0,0.0,0.0,0.0,0.0,0.0,448.6514545974744,-285.20470809206086,0.0,0.0,0.0,0.0,0.0,0.0,0.0,0.0,0.0,0.0,0.0,0.0,0.0,843.6493129764826,330.7010730496438,551.3485454025256,0.0,0.0,0.0,0.0,164.30140152370734,0.0,0.0,0.0,0.0,-4.968876955235487,551.3485454025256,0.0,0.0,0.0,0.0,0.0,0.0,0.0,0.0,0.0,11.284353418401297,0.0,0.0,-801.0814271825266,-373.978836442369,601.4026008025625,0.0,-551.3485454025256,0.0,0.0,0.0,-17.03937366178596,0.0,0.0,0.0,-12.078019608828294,0.0,0.0,-735.290802290067,0.0,0.0,-735.2908022900671,0.0,0.0,728.5051915427201,0.0,0.0,435.86816289999604,0.0,28.09682426003471,0.0,0.0,0.0,0.0,0.0,0.0,0.0,-263.9279075538591,0.0,0.0,726.3533580264959,-265.625,0.0,0.0,-4.968876955235487,-0.08463265063800972,0.0,0.0,0.0,0.0,0.05642176709200648,0.0,0.0,0.0,818.7720683486907,0.0,0.0,-353.6210668699796,1000.0,915.1929343844679,878.2108835460033,0.0,-465.8222152900631,0.0,-35.18823396298758,0.0,0.0,0.0,746.6640986048693,719.1581166851937,-1000.0,-1000.0,-1000.0,0.0,0.0,0.0,0.0,0.0,0.0,0.0,0.0,0.0,0.0,0.0,0.0,0.0,0.0,0.0,0.0,0.0,-26.56831015910882,0.0,-1000.0,0.0,0.0,0.0,0.0,0.0,0.0,-4.344476066084497,0.0,0.0,0.0,0.0,0.0,0.0,-597.8405246606868,-320.2329203011809,0.0,-719.1581166851937,-196.68628008273456,0.0,-625.9727881950837,798.4788660542059,597.8405246606868,0.0,-1000.0,-1.4105441773001621,-2.8210883546003243,0.0,0.0,1000.0,683.0182768024773,-588.0226940123298,16.926530127601946,0.0,0.0,0.0,0.0,0.0,0.0,0.0,-843.6493129764826,843.6493129764826,843.6493129764826,209.49276239105336,0.0,0.0,-99.82757483001558,0.0,0.0,448.6514545974744,0.0,0.0,-9.937753910470974,0.0,0.0,138.7156465815987,0.0,0.0,0.0,0.0,-94.35782329079935,0.11284353418405065,0.0,0.0,0.0,0.0,0.0,0.0,0.0,0.0,0.0,0.0,0.0,0.0,0.0,0.0,0.0,0.0,0.0,0.0,0.0,0.062063943801262934,0.062063943801262934,0.0,261.8158089775791,0.0,33.85306025520389,0.0,0.0,0.0,-806.2184087939949,0.0,0.0,0.0,0.0,0.0,675.5146277328904,806.2184087939949,0.0,0.0,209.23065877691997,0.0,0.0,138.7156465815987,0.0,0.0,0.0,0.0,0.0,0.0,0.0,318.55540129188313,-818.7720683486907,408.13236621284125,317.4118319465806,4.344476066084497,0.0,231.89547684890846,164.30140152370734,0.0,0.0,675.5146277328904,0.0,581.156804442091,0.0,0.0,0.0,843.6493129764826,0.0,0.0,0.0,0.0,0.0,0.0,0.0,0.0,0.0,0.0,0.0,0.0,0.0,33.85306025520389,0.0,0.0,0.0,0.0,0.0,0.0,0.0,0.0,0.0,0.0,0.0,0.0,0.5642176709200649,0.0,0.0,0.0,0.0,0.0,0.0,0.0,0.0,16.926530127601946,-209.23065877691997,0.0,0.0,0.0,317.4118319465806,0.0,0.0,0.0,0.0,0.0,0.0,-888.9779345877536,0.0,16.926530127601946,16.926530127601946,1000.0,806.2184087939949,0.0,138.7156465815987,0.0,0.0,0.0,0.0,0.0,1000.0,448.6514545974744,1000.0,0.05642176709200648,0.0,0.0,4.550012503348237,0.0,69.41111815353294,0.0,-396.1968783726158,0.0,0.0,0.0,0.0,0.0,0.0,0.0,0.0,0.0,0.0,0.0,0.0,0.0,0.0,0.05642176709200648,0.0,0.0,0.0,-184.47132871147153,184.47132871147153,0.0,0.0,0.0,0.0,0.0,-4.344476066084497,0.0,0.0,-973.4316898408912,-4.231632531900487,-2.8210883546003243,0.0,0.0,0.0,0.0,0.0,0.0,0.0,0.0,0.0,0.0,0.0,0.0,0.0,915.1929343844679,0.0,0.0,414.7983943422705,0.0,0.0,0.0,-0.05642176709200648,0.0,0.0,0.05642176709200648,0.0,0.05642176709200648,0.0,0.0,0.0,33.85306025520389,68.8345558522479,68.8345558522479,0.0,0.0,0.0,0.0,0.0,0.0,0.0,408.13236621284125,0.0,448.6514545974744,0.0,0.0,0.0,751.522012751491,0.0,0.0,0.0,0.0,0.0,0.0,0.0,0.0,0.0,0.0,0.0,0.0,0.0,164.30140152370734,0.0,-522.4536818950847,522.4536818950847,0.08463265063800972,0.0,0.0,0.0,-16.926530127601946,0.0,0.0,0.0,0.0,0.0,-261.8158089775791,2.8210883546003243,0.0,0.0,0.0,265.625,-1000.0,-982.1998408722474,0.0,0.0,0.0,0.0,0.0,0.0,0.0,0.0,0.0,0.0,209.23065877691997,0.0,-581.8335039989036,0.0,721.8480127944399,34.22288419054536,0.0,-986.5443169383319,0.0,986.5443169383319,0.0,-85.87392951403388,0.0,2.8210883546003243,428.3178324765811,0.0,0.0,0.0,-9.937753910470974,0.0,0.0,0.0,0.0,0.0,0.0,0.0,0.0,0.0,972.8072889517402,0.0,68.8345558522479,0.0,0.0,0.0,0.0,0.0,0.0,0.0,0.0,0.0,0.0,0.0,0.0,274.5107065732807,-4.550012503348237,483.4063381778387,0.0,16.926530127601946,0.0,0.0,0.0,0.0,-194.2235283141266,0.0,0.0,0.062063943801262934,0.0,0.0,0.0,34.41727792612395,0.0,0.0,0.0,0.0,330.7010730496438,0.0,0.0,0.0,0.0,0.0,0.0,0.0,0.0,0.0,0.0,0.00564217670920081,0.00564217670920081,0.0,0.0,0.0,0.0,0.0,0.0,0.0,0.0,0.0,4.550012503348237,0.0,0.0,0.0,0.0,0.0,261.8158089775791,0.0,0.0,0.0,0.0,0.0,0.0,0.0,435.86816289999604,0.0,0.0,0.0,0.0,0.0,0.0,300.0,0.0,0.0,0.0,33.85306025520389,0.0,0.0,0.0,0.0,0.0,0.0,-33.85306025520389,0.0,0.0,0.0,0.0,0.0,0.0,0.0,0.0,0.0,0.0,0.0,0.0,-1000.0,-1000.0,790.1709232095155,-16.926530127601946,0.0,0.0,973.2060027725231,0.0,0.0,0.0,0.0,0.0,0.0,0.0,0.0,0.0,0.0,0.0,0.0,0.0,0.0,0.0,0.0,0.0,-7.052720886500811,0.0,-4.231632531900487,747.2903802195906,0.0,0.0,0.0,0.0,0.0,-0.7052720886500812,0.0,9.937753910470974,0.0,0.0,0.0,0.0,0.0,0.0,0.0,1000.0,16.926530127601946,16.926530127601946,0.0,0.0,0.0,0.0,0.0,0.062063943801262934,261.8158089775791,0.0,0.0,-973.2060027725231,0.0,0.0,0.0,0.0,0.0,0.0,0.0,0.0,0.0,0.0,0.0,0.0,0.0,0.0,261.22684094754237,0.0,0.0,17.49074779852201,0.0,59.24285544660681,4.344476066084497,0.0,0.0,0.0,0.0,0.0,261.8158089775791,0.0,977.5619716172861,0.0,0.0,0.0,-7.052720886500811,0.0,0.0,0.0,0.0,0.0,0.0,0.0,0.0,0.0,0.0,0.0,0.0,0.0,0.0,0.0,0.0,0.0,0.0,-0.05642176709200648,0.0,0.0,2.8210883546003243,-675.5146277328904,0.0,0.0,0.0,0.0,0.0,0.0,0.0,0.0,-746.6640986048693,1.4105441773001621,0.0,0.0,0.0,0.05642176709200648,0.0,56.42176709200648,0.0,11.284353418401297,0.4030126220857606,192.39822578374208,-0.04231632531900486,2.8210883546003336,1.1284353418401298,-0.282108835460081,-192.39822578374208,16.926530127601946,-0.05642176709200648,11.72941132099586,138.7156465815987,0.01410544177300162,0.4030126220857606,-35.18823396298758,-8.982345321045841,-1.1284353418401298,-300.0,-0.05642176709200654,0.01410544177300162,-192.39822578374208,5.6421767092006485,0.05642176709200648,0.05642176709200648,-261.6973232666858,0.06206394380120729,-127.54620034910316,-0.04231632531900486,16.926530127601946,0.05642176709200648,16.926530127601946,-28.210883546003245,-0.02821088354600324,176.67495751540002,-170.0,-0.04231632531900486,-0.05642176709200648,0.0,0.05642176709200648,5.6421767092006485,-1.1284353418401298,164.30140152370734,164.30140152370734,-5.6421767092006485,300.0,-164.30140152370734,11.284353418401297,0.08463265063800972,-245.69642213432826,5.6421767092006485,-318.55540129188313,138.7156465815987,-11.284353418401297,0.02821088354600324,0.5642176709200649,88.4052667174949,-570.5491505805022,-0.05642176709200648,-274.5107065732807,261.6973232666858,17.49074779852201,0.05642176709200648,8.982345321045841,71.00952607119098,138.7156465815987,-0.05642176709200648,-0.01410544177300162,-138.7156465815987,-0.05642176709200648,-94.35782329079935,0.05642176709212017,-0.01410544177300162,-0.01410544177300162,-0.01410544177300162,22.568706836802594,28.210883546003245,0.5642176709200649,228.04727818887295,-0.01410544177300162,165.08112211399393,2.8210883546003243,50.0,0.05642176709200648,0.02821088354600324,0.02821088354600324,75.0,0.0,0.05642176709200648,0.0,0.5642176709200649,0.05642176709200648,-600.5388811780414,0.05642176709200648,0.2256870683680745,0.282108835460081,0.02821088354600324,0.01410544177300162,16.926530127601946,-0.05642176709200648,127.54620034910316,0.5642176709200649,-456.0945563777459,1.410544177300153,-5.6421767092006485,11.284353418401297,2.8210883546003243,-0.05642176709200648,35.18823396298758,0.08463265063800972,-0.05642176709200648,-150.0,0.0,346.7349457336336,0.02821088354600324,-100.0,-0.05642176709200648,-0.05642176709212017,-0.05642176709200648,0.02821088354600324,192.39822578374208,-11.284353418401297,0.05642176709200648,176.8105334349898,-0.01410544177300162,-0.06206394380120729,-176.8105334349898,8.463265063800971,170.0,-108.50806601062422,192.39822578374208,-0.04231632531900486,274.5107065732807,570.5491505805022,0.05642176709200654,-0.014105441773001624,2.8210883546003243,56.42176709200648,-0.02821088354600324,-0.05642176709200648,0.01410544177300162,0.0,0.0,-54.33178874921774,372.4916029891684,-255.0,0.0,646.7302201135535,-140.0,0.0,-80.0,-255.0,-325.0,-300.0,40.0,127.5,127.5,0.0,70.0,-261.8158089775791,-152.51141741950698,300.0,325.0,-152.51141741950698,-646.7302201135535,285.03925866658096,0.0,1496.5981,hplb
446,0.0,0.0,0.0,0.0,0.0,0.0,0.0,0.0,-0.15333495281486914,0.0,0.0,0.0,0.0,0.0,0.0,0.0,0.0,0.0,0.0,300.0,0.0,0.0,0.0,0.0,0.0,0.0,0.0,0.0,0.0,-62.52549487815509,0.0,0.0,674.3944211368791,0.0,0.0,0.0,0.0,978.0833240776607,0.0,-1000.0,1000.0,0.0,0.0,50.10644714135038,0.0,0.0,0.0,0.0,-584.3669132907819,0.0,0.0,184.88655183455538,0.0,0.16866844809623294,0.0,0.0,0.0,30.66699056297383,0.0,0.0,-13.503698177894965,0.0,13.503698177894965,0.0,0.0,0.0,0.0,0.0,0.0,160.5170211088208,0.0,1.5333495281486915,0.0,0.0,0.0,0.0,0.0,0.0,0.0,0.0,0.0,0.0,0.0,0.0,92.00097168892148,0.0,0.0,499.60624742311074,400.39375257688926,0.0,-0.038333738203717285,0.0,0.0,136.80465659223512,46.00048584446074,0.0,46.00048584446074,-4.937385480635854,0.0,0.0,0.0,7.666747640743457,-398.05781784798285,0.0,0.0,-5.502058276155211,0.0,0.0,0.0,0.0,0.0,0.0,0.0,0.0,0.0,0.0,0.0,0.0,0.0,0.0,0.0,0.0,0.0,0.0,-767.2494667444237,0.0,0.0,46.00048584446074,0.0,47.53383537260943,0.0,0.0,0.0,0.0,0.0,0.0,0.0,0.0,0.0,0.0,0.0,0.0,0.0,0.0,0.0,11.806791366744903,0.15333495281486914,0.0,0.0,0.0,-1000.0,615.4589315822693,0.0,0.0,0.0,0.0,759.4622889584376,0.0,0.0,0.0,0.0,0.0,794.0435548525514,794.0435548525514,0.0,0.0,0.0,0.0,0.0,0.0,0.0,794.1968898053663,0.0,0.0,0.0,0.0,-529.4768995706743,0.0,0.0,0.0,0.0,0.0,0.0,0.0,0.0,0.0,-1000.0,0.0,0.0,0.0,0.0,-1000.0,0.0,0.0,0.0,0.0,0.0,0.0,-184.88655183455538,-100.39375257688926,100.39375257688926,0.0,0.0,0.0,0.0,0.0,0.0,0.0,335.53232296982776,436.18265202640833,0.0,0.0,0.0,0.0,0.0,0.0,0.0,0.0,0.0,0.0,0.0,0.0,0.0,0.0,345.8750495436783,831.7789600034923,0.0,0.0,0.0,0.0,154.51316976569822,0.0,0.0,0.0,0.0,-13.503698177894965,781.672512862142,0.0,0.0,0.0,0.0,0.0,0.0,0.0,0.0,0.0,0.0,0.0,0.0,-500.7875051537785,0.0,-370.0409702791158,0.0,-831.7789600034923,0.0,0.0,0.0,-245.33488349364805,0.0,0.0,0.0,-183.21976914610525,0.0,0.0,-15.625000000004093,984.3749999999957,0.0,-1000.0,0.0,-984.3749999999957,300.0,0.0,469.25346512533724,0.0,0.0,273.2913485877866,0.0,0.0,0.0,254.87295828690162,0.0,-254.87295828690162,0.0,1000.0,0.0,0.0,1000.0,0.0,0.0,0.0,-13.503698177894965,-0.2300024292223037,0.0,0.0,0.0,0.0,0.15333495281486914,0.0,0.0,0.0,799.4863443898411,0.0,0.0,-878.2460704457238,81.08732798998827,529.4768995706743,966.7989363208678,0.0,291.42026584696464,0.0,-5.502058276155211,0.0,0.0,0.0,-13.20213943736011,691.8975980433717,-970.1157244529761,0.0,-1000.0,0.0,0.0,0.0,0.0,0.0,0.0,0.0,0.0,0.0,0.0,0.0,0.0,0.0,0.0,0.0,0.0,0.0,-21.303336111080025,0.0,-1000.0,0.0,0.0,0.0,562.5375704280526,885.8020134023874,0.0,-11.806791366744903,0.0,0.0,0.0,0.0,0.0,0.0,0.0,0.0,0.0,-691.8975980433717,-854.8479541631373,0.0,0.0,763.6502104877549,0.0,-288.93553285476975,0.0,-3.8333738203717282,-7.666747640743457,0.0,0.0,992.3332523592566,0.0,0.0,46.00048584446074,0.0,0.0,0.0,325.1905989858778,0.0,0.0,0.0,0.0,0.0,0.0,-646.96642434898,0.0,0.0,-206.1097801002635,0.0,0.0,335.53232296982776,0.0,0.0,-27.00739635578993,0.0,0.0,79.20154952359306,0.0,0.0,0.0,0.0,-84.66650471851308,0.3066699056298603,0.0,0.0,0.0,0.0,0.0,0.0,0.0,0.0,0.0,0.0,0.0,0.0,0.0,0.0,0.0,0.0,0.0,0.0,0.0,0.16866844809623294,0.16866844809623294,0.0,249.33300943702616,0.0,92.00097168892148,0.0,0.0,0.0,-894.6242563172416,0.0,0.0,0.0,0.0,0.0,55.8312061343031,894.6242563172416,0.0,0.0,0.0,0.0,0.0,79.20154952359306,0.0,0.0,0.0,0.0,0.0,0.0,0.0,255.74982224814121,-799.4863443898411,384.5410684177307,0.0,11.806791366744903,0.0,136.80465659223512,0.0,-154.51316976569822,0.0,55.8312061343031,0.0,171.09308538452694,-199.9283839687369,0.0,0.0,0.0,0.0,0.0,0.0,0.0,0.0,0.0,0.0,0.0,0.0,0.0,0.0,0.0,0.0,92.00097168892148,0.0,0.0,0.0,0.0,0.0,0.0,0.0,0.0,0.0,0.0,0.0,0.0,1.5333495281486915,0.0,0.0,0.0,0.0,0.0,-184.88655183455538,0.0,0.0,46.00048584446074,0.0,0.0,0.0,0.0,0.0,0.0,0.0,0.0,0.0,0.0,-229.6947183065314,-722.7981515215596,0.0,46.00048584446074,46.00048584446074,223.52455672649006,894.6242563172416,0.0,79.20154952359303,0.0,0.0,0.0,0.0,0.0,-601.9421821520172,335.53232296982776,-752.3380490655538,0.15333495281486914,0.0,0.0,53.33921736388624,149.16149282140773,551.6108930762838,0.0,-136.80465659223512,0.0,0.0,0.0,0.0,0.0,0.0,0.0,0.0,0.0,0.0,0.0,0.0,0.0,0.0,0.15333495281486914,0.0,0.0,0.0,0.0,0.0,0.0,0.0,0.0,0.0,-11.806791366744903,0.0,0.0,0.0,-978.6966638889199,-11.500121461115185,-7.205273580042478,-0.46147406070096014,0.0,0.0,0.0,0.0,0.0,0.0,0.0,0.0,0.0,0.0,0.0,0.0,529.4768995706743,0.0,0.0,1000.0,0.0,0.0,0.0,-0.15333495281486914,0.0,0.0,0.15333495281486914,0.0,0.15333495281486914,0.0,160.5170211088208,0.0,92.00097168892148,187.06864243414034,187.06864243414034,0.0,0.0,0.0,0.0,0.0,0.0,0.0,384.5410684177307,0.0,335.53232296982776,0.0,0.0,0.0,0.0,0.0,0.0,0.0,0.0,0.0,0.0,0.0,0.0,0.0,0.0,0.0,0.0,0.0,154.51316976569822,0.0,0.0,0.0,0.2300024292223037,0.0,0.0,0.0,-46.00048584446074,0.0,0.0,0.0,0.0,0.0,-249.33300943702616,7.666747640743457,0.0,0.0,0.0,0.0,0.0,0.0,-0.46147406070096014,0.0,0.0,0.0,0.0,0.0,0.0,0.0,0.0,0.0,0.0,-27.804490070196437,249.33300943702616,0.0,678.8740778547569,546.1088348001285,0.0,0.0,0.0,0.0,0.0,-432.4035259277884,0.0,7.666747640743438,1000.0,0.0,595.9516276102729,0.0,-27.00739635578993,-1000.0,1000.0,-15.624999999915014,15.624999999915014,0.0,0.0,0.0,0.0,0.0,1000.0,-23.000242922230086,187.06864243414034,0.0,0.0,0.0,0.0,0.0,0.0,0.0,0.0,0.0,0.0,0.0,0.0,260.83313089814135,-202.50071018529397,248.62117175252956,0.0,46.00048584446074,0.0,0.0,0.0,0.0,276.70565206750496,0.0,0.0,0.16866844809623294,0.0,0.0,0.0,93.53432121707017,0.0,0.0,0.0,0.0,345.8750495436783,0.0,0.0,0.0,0.0,0.0,0.0,0.0,0.0,1000.0,0.0,0.015333495281486975,0.015333495281486975,0.0,0.0,0.0,0.0,0.0,0.0,0.0,0.0,0.0,53.339217363886235,0.0,0.0,0.0,0.0,0.0,249.33300943702616,0.0,0.0,0.0,0.0,0.0,0.0,0.0,0.0,0.0,0.0,0.0,0.0,0.0,0.0,0.0,0.0,0.0,0.0,92.00097168892148,0.0,0.0,0.0,0.0,0.0,0.0,-92.00097168892148,0.0,0.0,0.0,0.0,0.0,0.0,0.0,0.0,0.0,0.0,0.0,0.0,752.3380490655538,-1000.0,105.03444267818534,0.0,-46.00048584446074,0.0,978.0833240776607,0.0,0.0,0.0,0.0,0.0,0.0,0.0,0.0,0.0,0.0,0.0,0.0,0.0,0.0,0.0,0.0,0.0,-19.166869101858623,0.0,-11.500121461115185,11.500121461114986,0.0,0.0,0.0,0.0,0.0,0.0,-1.9166869101858643,27.00739635578993,0.0,0.0,0.0,0.0,0.0,0.0,0.0,1000.0,46.00048584446074,46.00048584446075,0.0,0.0,0.0,0.0,0.0,0.16866844809623294,249.33300943702616,0.0,0.0,-978.0833240776607,0.0,0.0,0.0,0.0,0.0,0.0,0.0,0.0,0.0,0.0,0.0,0.0,0.0,0.0,80.2585105544104,0.0,0.0,0.0,0.0,161.0017004556126,11.806791366744903,0.0,0.0,0.0,0.0,0.0,249.33300943702616,0.0,-12.142659060678332,0.0,0.0,0.0,-19.166869101858623,0.0,0.0,0.0,0.0,0.0,0.0,0.0,0.0,0.0,0.0,0.0,0.0,0.0,0.0,0.0,0.0,0.0,0.0,-0.15333495281486914,0.0,0.0,7.666747640743457,-55.8312061343031,0.0,0.0,0.0,0.0,0.0,0.0,0.0,0.0,13.20213943736011,3.8333738203717282,0.0,0.0,0.0,0.15333495281486914,0.0,153.33495281486913,-47.53383537260943,30.666990562973833,1.095249662963351,427.80451835348487,-0.11500121461115186,288.93553285476975,3.066699056297383,-0.7666747640741349,-427.80451835348487,46.00048584446075,-0.15333495281486914,1.8340194253850701,79.20154952359306,0.038333738203717285,1.095249662963351,-5.502058276155211,-24.4109244881242,-3.066699056297383,-300.0,-0.15333495281486914,0.038333738203717285,-427.80451835348487,15.333495281486915,0.15333495281486914,0.15333495281486914,-249.01100603611505,0.16866844809635612,-196.44591622679775,-0.11500121461115186,46.00048584446074,0.15333495281486914,46.00048584446074,-76.66747640743458,-0.07666747640743457,-552.0122561793295,-170.0,-0.11500121461115186,-0.15333495281486914,-47.53383537260943,0.15333495281486914,15.333495281486915,-3.066699056297383,154.51316976569822,154.51316976569822,-15.333495281486915,300.0,-154.51316976569822,30.666990562973826,0.2300024292223037,-639.2915952046435,15.333495281486915,-255.74982224814121,79.20154952359306,-30.66699056297383,0.07666747640743457,1.5333495281486915,219.56151761143096,280.0,-0.15333495281486914,-283.83337382037143,249.01100603611505,47.53383537260943,0.15333495281486914,24.4109244881242,-104.80039385425043,79.20154952359306,-0.15333495281486914,-0.038333738203717285,-79.20154952359303,-0.15333495281486914,-84.66650471851308,0.15333495281505813,-0.038333738203717285,-0.038333738203717285,-0.038333738203717285,61.33398112594766,76.66747640743458,1.5333495281486915,363.88078452899276,-0.038333738203717285,437.28901579747685,7.666747640743457,50.0,0.15333495281486914,0.07666747640743457,0.07666747640743457,54.93427004328345,47.53383537260943,0.15333495281486914,-47.53383537260943,1.5333495281486915,0.15333495281486914,-864.438287253549,0.15333495281486914,0.6133398112592374,0.7666747640741349,0.07666747640743457,0.038333738203717285,46.00048584446074,-0.15333495281486914,196.44591622679775,1.5333495281486915,-727.7615690579855,285.102159034398,-15.333495281486915,30.66699056297383,7.6667476407434565,-0.15333495281486914,5.502058276155211,0.2300024292223037,-0.15333495281486914,-109.8685400865669,47.53383537260943,187.84200348195026,0.07666747640743457,-100.0,-0.15333495281486914,-0.15333495281505813,-0.15333495281486914,0.07666747640743457,427.80451835348487,-30.66699056297383,0.15333495281486914,439.1230352228619,-0.038333738203717285,-0.16866844809635612,-439.1230352228619,23.000242922230367,170.0,196.8131238764181,427.80451835348487,-0.11500121461115186,283.83337382037143,-280.0,0.15333495281486914,-0.038333738203717285,7.666747640743438,153.33495281486913,-0.07666747640743457,-0.15333495281486914,0.038333738203717285,377.69344260730963,0.0,339.2149277282361,500.55750272455623,-255.0,0.0,432.27394822155316,-131.67428879395908,0.0,-80.0,-255.0,-325.0,-300.0,40.0,127.5,127.5,0.0,65.83714439697954,-249.33300943702616,-464.5476555494552,300.0,325.0,-464.5476555494552,-432.27394822155316,260.87042339715833,0.0,1496.5981,hplb
447,0.0,0.0,0.0,0.0,0.0,0.0,0.0,0.0,-0.046032958906148516,0.0,0.0,0.0,0.0,0.0,0.0,0.0,-313.74564106724097,-386.25435893275903,0.0,1000.0,0.0,0.0,0.0,210.54418887895108,0.0,0.0,0.0,0.0,0.0,919.7156028986906,0.0,0.0,60.85621303565435,0.0,0.0,0.0,0.0,558.9741243271591,0.0,-1000.0,986.1901123281555,0.0,0.0,979.3238544001339,0.0,0.0,0.0,0.0,-585.2938162315836,-851.5775055063389,0.0,0.0,0.0,0.05063625479678535,0.0,0.0,0.0,9.206591781229703,0.0,0.0,-4.053969247667721,0.0,4.053969247667721,0.0,0.0,0.0,0.0,0.0,0.0,0.0,0.0,0.4603295890614852,0.0,0.0,0.0,0.0,0.0,0.0,0.0,0.0,0.0,0.0,0.0,0.0,27.61977534368911,0.0,0.0,1000.0,296.96275529456864,417.74342847384776,-0.011508239726537129,0.0,0.0,220.7271558993043,13.809887671844555,0.0,13.809887671844555,-567.0360298635884,0.0,0.0,0.0,513.1249094214282,472.51015128898047,0.0,0.0,-78.12645857251975,0.0,0.0,0.0,0.0,0.0,0.0,0.0,0.0,0.0,0.0,0.0,0.0,0.0,0.0,0.0,0.0,0.0,0.0,-429.1007087554981,0.0,0.0,13.809887671844555,0.0,14.27021726090604,0.0,0.0,0.0,-82.84735879402528,82.84735879402528,-82.84735879402528,0.0,-984.3750000000026,984.3750000000026,0.0,0.0,0.0,0.0,0.0,0.0,3.544537835773433,0.046032958906148516,0.0,0.0,0.0,0.0,0.0,0.0,0.0,0.0,0.0,145.22381276791205,0.0,0.0,0.0,0.0,0.0,682.5225169224732,682.5225169224732,0.0,0.0,0.0,0.0,0.0,0.0,0.0,682.5685498813793,0.0,0.0,0.0,-108.69168153508019,0.0,0.0,0.0,0.0,0.0,0.0,0.0,0.0,0.0,0.0,0.0,0.0,0.0,0.0,0.0,-1000.0,0.0,0.0,0.0,0.0,0.0,851.5775055063389,0.0,-414.70618376841645,414.70618376841645,0.0,0.0,0.0,0.0,0.0,0.0,0.0,447.20545160971017,-689.9607116444982,0.0,0.0,0.0,0.0,0.0,0.0,0.0,0.0,0.0,0.0,0.0,0.0,0.0,527.6247574581472,-81.58681643754059,-20.676145599866118,0.0,0.0,0.0,0.0,165.350671150479,0.0,0.0,0.0,0.0,-4.053969247667721,-1000.0,0.0,0.0,178.911698084637,0.0,0.0,0.0,0.0,0.0,279.34874139909556,0.0,0.0,0.0,-77.12781864644711,634.541120416538,0.0,0.0,20.676145599866118,0.0,0.0,0.0,0.0,0.0,0.0,0.0,197.54667190655624,0.0,0.0,248.57227096379555,890.625000000006,1000.0,-751.4277290362045,109.37499999999397,0.0,-117.74342847384776,0.0,-215.66672646959182,851.5775055063389,0.0,-36.91871580232464,0.0,0.0,0.0,588.7207983758827,0.0,-588.7207983758827,0.0,1000.0,0.0,0.0,-590.4508886404938,0.0,0.0,0.0,-4.053969247667721,-0.06904943835922277,0.0,0.0,0.0,0.0,0.046032958906148516,0.0,0.0,0.0,541.4906997785808,-313.74564106724097,0.0,-393.59746581816034,-319.0721382584364,0.0,1000.0,0.0,-83.26651695451397,0.0,-78.12645857251975,0.0,0.0,0.0,-3.9634377618194208,87.2299547163334,0.0,-1000.0,-1000.0,0.0,0.0,0.0,0.0,0.0,0.0,0.0,0.0,0.0,0.0,0.0,0.0,0.0,0.0,0.0,0.0,178.911698084637,0.0,0.0,-1000.0,0.0,440.8417438372169,844.9025099859068,0.0,0.0,0.0,-282.893279234869,0.0,0.0,0.0,0.0,510.8232614761208,-578.7580171709301,439.0539024857612,-257.71327868336783,-1.1508239726537128,491.5280624545967,0.0,-47.87086407822064,0.0,-61.98337916712897,-439.0539024857612,0.0,0.0,0.0,45.56921613291322,-1000.0,0.0,1000.0,1000.0,-582.7159716792864,13.809887671844555,0.0,0.0,0.0,0.0,0.0,0.0,527.6247574581472,0.0,0.0,0.0,323.9198667912901,0.0,0.0,-317.52351603643297,0.0,0.0,447.20545160971017,0.0,0.0,-8.107938495335443,0.0,0.0,0.0,0.0,0.0,0.0,0.0,-95.39670410938515,0.09206591781224599,0.0,0.0,0.0,0.0,0.0,0.0,0.0,0.0,0.0,0.0,0.0,0.0,0.0,0.0,0.0,0.0,0.0,0.0,0.0,0.05063625479678535,0.05063625479678535,0.0,798.4181656769175,0.0,27.61977534368911,0.0,0.0,0.0,1000.0,0.0,0.0,0.0,0.0,0.0,-17.952864057512894,-1000.0,0.0,0.0,233.01276632534962,0.0,0.0,0.0,0.0,0.0,0.0,0.0,0.0,0.0,0.0,143.03356958516602,-541.4906997785808,0.0,0.0,3.544537835773433,0.0,55.376484748825305,165.350671150479,0.0,0.0,-17.952864057512894,0.0,290.4644373935206,-403.81400556041865,1000.0,-1000.0,527.6247574581472,0.0,0.0,0.0,0.0,0.0,0.0,0.0,0.0,0.0,0.0,0.0,0.0,0.0,27.61977534368911,0.0,0.0,0.0,0.0,0.0,0.0,0.0,0.0,0.0,0.0,0.0,0.0,0.4603295890614852,0.0,0.0,0.0,0.0,0.0,0.0,0.0,0.0,13.809887671844555,-233.01276632534962,0.0,0.0,0.0,0.0,0.0,0.0,0.0,0.0,0.0,1000.0,0.0,0.0,13.809887671844555,13.809887671844555,1000.0,-1000.0,0.0,0.0,0.0,0.0,0.0,0.0,0.0,-4.898395394372926,447.20545160971017,202.50239858202625,0.046032958906148516,0.0,0.0,0.0,60.79309837255571,0.0,0.0,-220.7271558993043,0.0,0.0,0.0,0.0,0.0,0.0,0.0,0.0,0.0,0.0,0.0,0.0,0.0,0.0,0.046032958906148516,0.0,0.0,0.0,334.40688701984743,-334.40688701984743,0.0,0.0,0.0,440.8417438372169,0.0,569.3376778088958,0.0,-7.328447057858,-1000.0,-3.452471917961134,-2.3016479453074257,0.0,0.0,0.0,0.0,0.0,0.0,0.0,0.0,0.0,0.0,0.0,0.0,0.0,0.0,0.0,0.0,419.58567626602104,0.0,0.0,0.0,-0.046032958906148516,0.0,0.0,0.046032958906148516,0.0,0.046032958906148516,0.0,0.0,0.0,27.61977534368911,56.16020986550119,56.16020986550119,0.0,0.0,0.0,0.0,0.0,0.0,0.0,0.0,0.0,447.20545160971017,0.0,0.0,0.0,0.0,0.0,0.0,0.0,0.0,0.0,0.0,0.0,0.0,0.0,0.0,0.0,0.0,0.0,165.350671150479,0.0,0.0,0.0,0.06904943835922277,0.0,0.0,0.0,-13.809887671844555,0.0,0.0,0.0,0.0,0.0,-798.4181656769175,2.3016479453074257,0.0,0.0,0.0,0.0,0.0,275.564832177011,0.0,0.0,0.0,0.0,0.0,0.0,0.0,0.0,0.0,0.0,233.01276632534962,834.649328849521,270.7934082187703,0.0,315.7934082187703,-78.12645857251975,0.0,-7.328447057858,7.328447057858,0.0,0.0,-56.16020986550119,0.0,2.3016479453074257,1000.0,0.0,0.0,0.0,-8.107938495335443,0.0,0.0,0.0,0.0,0.0,0.0,0.0,0.0,0.0,-6.904943835922268,0.0,56.16020986550119,0.0,0.0,0.0,0.0,0.0,0.0,0.0,0.0,0.0,279.34874139909556,0.0,0.0,808.7755814308009,-60.79309837255571,-393.9708616482193,0.0,13.809887671844555,0.0,0.0,0.0,0.0,-75.83155667021,0.0,0.0,0.05063625479678535,0.0,0.0,0.0,28.080104932750594,0.0,0.0,0.0,0.0,-81.58681643754059,0.0,0.0,0.0,0.0,0.0,0.0,0.0,0.0,0.0,0.0,0.004603295890614851,0.004603295890614851,0.0,0.0,0.0,0.0,0.0,0.0,0.0,0.0,0.0,0.0,0.0,0.0,0.0,0.0,0.0,798.4181656769175,0.0,0.0,0.0,0.0,0.0,0.0,0.0,851.5775055063389,0.0,0.0,0.0,0.0,0.0,-428.4518248356574,-386.25435893275903,0.0,0.0,0.0,27.619775343689128,0.0,0.0,0.0,0.0,0.0,-239.36322186484534,211.74344652115624,0.0,0.0,0.0,0.0,0.0,0.0,0.0,0.0,0.0,0.0,0.0,0.0,-202.50239858202625,-532.3882441053925,31.532576850711727,-1000.0,986.1901123281555,0.0,999.815868164376,0.0,0.0,0.0,0.0,0.0,0.0,0.0,0.0,0.0,726.5625,0.0,-726.5625,-726.5625,0.0,0.0,0.0,0.0,-5.75411986326856,0.0,-514.275733394082,-3.4524719179611374,0.0,0.0,0.0,0.0,0.0,-0.5754119863268564,0.0,8.107938495335443,0.0,0.0,0.0,0.0,0.0,0.0,0.0,1000.0,13.809887671844555,13.809887671844555,0.0,0.0,0.0,0.0,0.0,0.05063625479678535,798.4181656769175,0.0,0.0,-999.815868164376,0.0,0.0,0.0,0.0,0.0,0.0,0.0,0.0,0.0,0.0,0.0,0.0,0.0,0.0,0.0,0.0,0.0,0.0,0.0,48.334606851455945,3.544537835773433,0.0,0.0,0.0,0.0,0.0,798.4181656769175,0.0,0.0,0.0,0.0,0.0,-5.75411986326856,0.0,0.0,0.0,0.0,0.0,0.0,0.0,0.0,0.0,0.0,0.0,0.0,0.0,0.0,0.0,0.0,0.0,0.0,-0.046032958906148516,0.0,0.0,2.3016479453074257,17.952864057512894,0.0,0.0,0.0,0.0,0.0,0.0,0.0,0.0,3.9634377618194208,1.1508239726537128,0.0,0.0,0.0,0.046032958906148516,0.0,46.03295890614851,-14.27021726090604,9.206591781229703,0.3288068493296322,128.43195534815436,-0.034524719179611384,257.71327868336783,0.9206591781229703,-0.23016479453019206,-128.43195534815436,13.809887671844555,-0.046032958906148516,26.042152857506583,0.0,0.011508239726537129,0.3288068493296322,-78.12645857251975,-7.328447057858,-0.9206591781229703,-300.0,-0.046032958906148516,0.011508239726537129,-128.43195534815436,789.3637452032366,0.046032958906148516,0.046032958906148516,-798.3214964632145,0.05063625479676337,0.0,-0.034524719179611384,13.809887671844555,0.046032958906148516,13.809887671844555,-23.016479453074258,-0.023016479453074258,11.029104377127453,-170.0,-0.034524719179611384,-0.046032958906148516,-14.27021726090604,0.046032958906148516,4.603295890614851,-0.9206591781229703,165.350671150479,165.350671150479,-4.603295890614845,300.0,-165.350671150479,9.206591781229703,0.06904943835922277,699.9769835205469,4.603295890614851,-143.03356958516602,0.0,-9.206591781229703,0.023016479453074258,0.4603295890614852,98.39936645454009,280.0,-0.046032958906148516,-808.7755814308009,798.3214964632145,14.27021726090604,0.046032958906148516,7.328447057858,-840.0,0.0,-0.046032958906148516,-0.011508239726537129,0.0,-0.046032958906148516,-95.39670410938515,0.046032958906148516,-0.011508239726537129,-0.011508239726537129,-0.011508239726537129,18.413183562459405,23.016479453074258,0.4603295890614852,124.6329467369385,-0.011508239726537129,170.7565800515736,2.3016479453074257,50.0,0.046032958906148516,0.023016479453074258,0.023016479453074258,4.603295890614851,14.27021726090604,0.046032958906148516,-14.27021726090604,0.4603295890614852,0.046032958906148516,-305.68950335163316,0.04603295890614856,0.18413183562404356,0.23016479453019206,0.023016479453074258,0.011508239726537129,13.809887671844555,-0.046032958906148516,0.0,0.46032958906148513,-249.265893473877,256.5624547107141,-4.603295890614851,9.206591781229703,2.3016479453074257,-0.04603295890614856,78.12645857251975,0.06904943835922277,-0.046032958906148516,-9.206591781229703,14.27021726090604,250.6737661102825,0.023016479453074258,-100.0,-0.046032958906148516,-0.046032958906148516,-0.046032958906148516,0.023016479453074258,128.43195534815436,-9.206591781229703,0.046032958906148516,196.79873290908017,-0.011508239726537129,-0.05063625479676337,-196.79873290908017,6.904943835922276,170.0,-960.2160315418057,128.43195534815436,-0.034524719179611384,808.7755814308009,-280.0,0.046032958906148516,-0.011508239726537133,2.3016479453074257,46.03295890614851,-0.023016479453074258,-0.046032958906148516,0.011508239726537129,256.56938454184296,0.0,-1000.0,181.05655661469467,-255.0,0.0,783.8248914759856,-140.0,784.7604493126217,949.5327885283609,-255.0,-325.0,-300.0,-474.76639426418046,127.5,127.5,-784.7604493126217,70.0,-798.4181656769175,-174.84220944007248,300.0,325.0,-174.84220944007248,-783.8248914759856,809.6107977926854,0.0,1496.5981,hplb
448,0.0,0.0,0.0,0.0,0.0,0.0,0.0,0.0,-0.015332821306651534,0.0,0.0,0.0,0.0,0.0,0.0,0.0,1000.0,-715.1249045160947,0.0,15.124904516094716,0.0,0.0,0.0,0.0,0.0,0.0,0.0,0.0,0.0,-124.5600704641461,4.6956124678904745,-4.6956124678904745,0.0,0.0,0.0,0.0,0.0,4.069245365089614,0.0,-1000.0,995.4001536080045,0.0,0.0,0.0,0.0,0.0,219.99550642022652,0.0,-1000.0,-870.4008191658471,0.0,0.0,0.0,0.016866103437314484,0.0,0.0,0.0,3.066564261330307,0.0,0.0,-2.9155146190356227,0.0,0.0,-2.9155146190356227,0.0,0.0,0.0,0.0,0.0,0.0,0.0,0.15332821306651534,0.0,0.0,0.0,0.0,0.0,0.0,0.0,0.0,0.0,0.0,0.0,0.0,9.19969278399092,0.0,0.0,1000.0,672.4142607654759,-644.0431195628843,-0.0038332053266628835,0.0,0.0,0.0,4.59984639199546,0.0,4.59984639199546,-5.189329313963796,0.0,0.0,0.0,0.7666410653325767,-1000.0,0.0,0.0,-10.296052818783346,0.0,47.99952624357299,0.0,0.0,0.0,0.0,0.0,0.0,0.0,0.0,0.0,0.0,0.0,0.0,0.0,0.0,0.0,0.0,-126.63086172067247,0.0,0.0,4.59984639199546,0.0,4.753174605061975,4.753174605061975,0.0,0.0,0.0,0.0,0.0,78.12499999999714,0.0,0.0,-78.12499999999714,0.0,0.0,0.0,0.0,0.0,1.180627240612162,0.015332821306651534,0.0,0.0,0.0,0.0,0.0,0.0,0.0,0.0,0.0,92.66123281579696,0.0,0.0,0.0,0.0,0.0,775.3242139331896,775.3242139331896,0.0,0.0,0.0,703.125,612.404607511677,0.0,0.0,780.0351592223867,0.0,0.0,0.0,-262.51719897127026,-258.670685324752,0.0,0.0,0.0,0.0,0.0,0.0,0.0,0.0,0.0,0.0,0.0,0.0,0.0,0.0,-1000.0,0.0,0.0,0.0,0.0,0.0,870.4008191658471,0.0,271.6288587974084,-271.6288587974084,0.0,0.0,0.0,0.0,0.0,0.0,0.0,875.4399295358539,-679.9831669246618,0.0,0.0,0.0,0.0,0.0,0.0,0.0,0.0,0.0,0.0,0.0,0.0,0.0,638.5906015546058,-93.86687147733939,124.5600704641461,0.0,0.0,0.0,0.0,0.0,0.0,0.0,0.0,0.0,-2.9155146190356227,124.5600704641461,4.6956124678904745,0.0,0.0,0.0,0.0,0.0,0.0,0.0,0.0,0.0,0.0,0.0,355.9338812051558,756.7192831732233,271.6288587974084,0.0,-124.5600704641461,0.0,0.0,0.0,220.13935157038588,0.0,0.0,0.0,-4.8474501036737365,0.0,0.0,370.4172396423178,370.4172396423176,0.0,0.0,0.0,-370.4172396423176,944.0431195628843,0.0,-428.3711412025916,870.4008191658471,0.0,52.284920655681724,0.0,0.0,0.0,0.0,0.0,0.0,0.0,1000.0,0.0,0.0,0.0,703.125,0.0,0.0,-2.9155146190356227,-0.0229992319599773,0.0,0.0,0.0,0.0,0.015332821306651534,0.0,0.0,0.0,995.4001536080045,1000.0,0.0,-506.5234468826899,-282.035326240675,258.670685324752,1000.0,0.0,0.0,0.0,-10.296052818783346,0.0,0.0,0.0,-1.3201559145026946,0.0,1.3201559145026946,-1000.0,-1000.0,0.0,0.0,0.0,0.0,0.0,0.0,0.0,0.0,0.0,0.0,0.0,0.0,0.0,0.0,0.0,0.0,0.0,-995.8694233496839,0.0,-1000.0,0.0,0.0,0.0,0.0,0.0,0.0,3.5149852272783124,0.0,0.0,0.0,0.0,0.0,0.0,-541.9316534260172,-0.7666410653325767,0.0,0.0,0.0,-566.9640174912565,0.0,-21.965799803908986,541.9316534260172,0.0,-785.8410549483051,-0.38332053266628835,566.197376425924,-53.450215074987234,0.0,865.4735956865304,0.0,0.0,4.59984639199546,-78.03125000000091,78.03125000000091,0.0,0.0,0.0,0.0,0.0,-638.5906015546058,638.5906015546058,638.5906015546058,184.35487632568487,0.0,0.0,0.0,0.0,0.0,875.4399295358539,0.0,0.0,-5.831029238071245,0.0,-734.3750000000007,0.0,0.0,0.0,0.0,0.0,-98.46671786933484,0.03066564261325766,0.0,0.0,0.0,0.0,0.0,0.0,0.0,0.0,0.0,0.0,0.0,0.0,0.0,0.0,0.0,0.0,0.0,0.0,0.0,0.016866103437314484,0.016866103437314484,4.6956124678904745,915.5240372932755,0.0,9.19969278399092,0.0,0.0,0.0,-148.78939903576543,0.0,310.0593529622886,0.0,0.0,0.0,-140.18019647107366,148.78939903576543,0.0,0.0,0.0,0.0,0.0,0.0,0.0,0.0,0.0,0.0,0.0,0.0,0.0,42.210287240224154,-995.4001536080045,0.0,0.0,1.180627240612162,0.0,0.0,0.0,0.0,0.0,-140.18019647107366,0.0,0.0,-238.6469143404085,1000.0,-1000.0,638.5906015546058,0.0,0.0,0.0,0.0,0.0,0.0,0.0,0.0,0.0,0.0,0.0,0.0,0.0,9.19969278399092,0.0,0.0,0.0,0.0,0.0,0.0,0.0,0.0,0.0,0.0,0.0,0.0,0.15332821306651534,0.0,4.6956124678904745,0.0,0.0,4.6956124678904745,0.0,0.0,0.0,4.59984639199546,0.0,0.0,0.0,0.0,0.0,0.0,0.0,0.0,0.0,0.0,1000.0,0.0,0.0,4.59984639199546,4.59984639199546,1000.0,148.78939903576543,0.0,0.0,0.0,0.0,0.0,0.0,0.0,1000.0,875.4399295358539,1000.0,0.015332821306651534,0.0,0.0,0.0,1.2364825182292558,77.87461223176815,0.0,0.0,0.0,0.0,0.0,0.0,0.0,0.0,0.0,0.0,0.0,0.0,0.0,0.0,0.0,0.0,0.015332821306651534,0.0,0.0,0.0,-1000.0,1000.0,0.0,0.0,0.0,0.0,0.0,3.5149852272783124,0.0,0.0,-4.130576650316129,-1.149961597998865,-0.7666410653325767,0.0,0.0,0.0,0.0,0.0,0.0,0.0,0.0,0.0,0.0,0.0,0.0,0.0,258.670685324752,0.0,0.0,866.240236751863,0.0,0.0,0.0,-0.015332821306651534,0.0,0.0,0.015332821306651534,0.0,0.015332821306651534,0.0,0.0,0.0,9.19969278399092,18.70604199411487,18.70604199411487,0.0,0.0,0.0,0.0,0.0,0.0,0.0,0.0,0.0,875.4399295358539,0.0,0.0,0.0,0.0,0.0,0.0,0.0,0.0,0.0,0.0,0.0,0.0,0.0,0.0,0.0,0.0,0.0,0.0,0.0,0.0,0.0,0.0229992319599773,0.0,0.0,0.0,-4.59984639199546,0.0,0.0,0.0,0.0,0.0,-915.5240372932755,0.7666410653325767,0.0,0.0,0.0,-703.125,-612.404607511677,922.7005663927621,0.0,0.0,-734.3750000000007,0.0,0.0,0.0,0.0,0.0,0.0,0.0,0.0,813.6424021049595,276.9334357386697,0.0,321.9334357386697,67.57855941298482,0.0,926.2155516200404,0.0,-926.2155516200404,0.0,201.43330957627103,0.0,0.7666410653325767,930.9011074994434,0.0,0.0,-4.6956124678904745,-5.831029238071245,0.0,0.0,0.0,0.0,0.0,0.0,0.0,0.0,0.0,916.6739988912743,-918.9739220872721,18.70604199411487,0.0,0.0,0.0,4.6956124678904745,0.0,0.0,0.0,0.0,0.0,0.0,0.0,0.0,0.0,-1.2364825182292558,0.0,0.0,4.59984639199546,0.0,0.0,0.0,0.0,22.990090519901063,0.0,0.0,0.016866103437314484,0.0,0.0,0.0,9.353020997057435,0.0,0.0,0.0,0.0,-93.86687147733939,0.0,0.0,0.0,0.0,0.0,0.0,0.0,0.0,-191.05321036293088,0.0,0.0015332821306651534,0.0015332821306651534,0.0,0.0,0.0,0.0,0.0,0.0,0.0,0.0,0.0,0.0,4.6956124678904745,0.0,0.0,0.0,0.0,915.5240372932755,0.0,0.0,0.0,0.0,0.0,0.0,0.0,870.4008191658471,0.0,0.0,0.0,0.0,244.97825076145074,341.77551255205225,-715.1249045160947,0.0,0.0,0.0,9.19969278399092,0.0,0.0,0.0,0.0,0.0,0.0,-9.19969278399092,0.0,0.0,0.0,0.0,0.0,0.0,0.0,0.0,0.0,4.6956124678904745,4.6956124678904745,0.0,-1000.0,-1000.0,10.5029825950563,-19.518904431570025,14.919058039574566,0.0,4.069245365089614,0.0,0.0,0.0,0.0,0.0,0.0,0.0,0.0,0.0,0.0,0.0,0.0,0.0,0.0,0.0,0.0,0.0,-1.916602663331442,0.0,-1.149961597998865,917.8239604892732,0.0,0.0,0.0,0.0,0.0,0.0,-0.19166026633314417,5.831029238071245,0.0,0.0,0.0,0.0,0.0,0.0,0.0,1000.0,4.59984639199546,4.59984639199546,0.0,0.0,0.0,0.0,0.0,0.016866103437314484,915.5240372932755,0.0,0.0,-4.069245365089614,0.0,0.0,0.0,0.0,0.0,0.0,0.0,0.0,0.0,0.0,0.0,0.0,0.0,0.0,0.0,0.0,0.0,4.753174605061975,0.0,16.09946237198411,1.180627240612162,0.0,0.0,0.0,0.0,0.0,915.5240372932755,0.0,-928.6565367720584,0.0,0.0,0.0,-1.916602663331442,0.0,0.0,0.0,0.0,0.0,0.0,0.0,0.0,0.0,0.0,0.0,0.0,0.0,0.0,0.0,0.0,0.0,0.0,-0.015332821306651534,0.0,0.0,0.7666410653325767,140.18019647107366,0.0,0.0,0.0,0.0,0.0,0.0,0.0,0.0,1.3201559145026946,0.38332053266628835,0.0,0.0,0.0,0.015332821306651534,0.0,15.332821306651534,0.0,3.066564261330307,0.1095201521903681,52.284920655681724,-0.01149961597998865,0.7666410653325767,0.3066564261330307,-0.07666410653316685,-52.284920655681724,4.59984639199546,-0.015332821306651534,3.4320176062611156,0.0,0.0038332053266628835,0.1095201521903681,-10.296052818783346,-2.4409851520180155,4.388956041757444,-300.0,-0.015332821306651534,0.0038332053266628835,-52.284920655681724,823.1338965626834,0.015332821306651534,0.015332821306651534,-915.4918383685315,0.016866103437316687,0.0,-0.01149961597998865,4.59984639199546,0.015332821306651534,4.599846391995456,-7.666410653325768,-0.007666410653325767,-72.06912717823027,-1.5486149519718049,-0.01149961597998865,-0.015332821306651534,0.0,0.015332821306651534,1.5332821306651534,-0.3066564261330307,0.0,0.0,-1.5332821306651567,300.0,0.0,3.066564261330307,0.0229992319599773,622.3341874814357,1.5332821306651534,-42.210287240224154,0.0,-3.066564261330307,0.007666410653325767,0.15332821306651534,126.63086172067247,280.0,-0.015332821306651534,-918.9739220872721,915.4918383685315,4.753174605061975,0.015332821306651534,2.4409851520180155,-840.0,0.0,-0.015332821306651534,-0.0038332053266628835,0.0,-0.015332821306651534,-98.46671786933484,0.015332821306822064,-0.0038332053266628835,-0.0038332053266628835,-0.0038332053266628835,6.133128522660614,7.666410653325768,0.15332821306651534,11.359703985564067,-0.0038332053266628835,249.82970583508381,0.7666410653325767,50.0,0.015332821306651534,0.007666410653325767,0.007666410653325767,1.5332821306651534,0.0,0.015332821306651534,0.0,0.15332821306651534,0.015332821306651534,-11.359703985564067,0.015332821306651534,0.061331285226547294,0.07666410653316685,0.007666410653325767,0.0038332053266628835,4.59984639199546,-0.015332821306651562,0.0,-2.194478020878722,-22.719407971128135,0.3833205326662884,-1.5332821306651534,3.066564261330307,0.7666410653325767,-0.015332821306651534,10.296052818783346,0.0229992319599773,-0.015332821306651534,-3.066564261330307,0.0,2.7902110658506003,0.007666410653325767,-100.0,-0.015332821306651534,-0.015332821306822064,-0.015332821306651534,0.007666410653325767,52.284920655681724,-3.066564261330307,0.015332821306651534,253.26172344134494,-0.0038332053266628835,-0.016866103437316687,-253.26172344134494,2.2999231959977298,1.5486149519718049,-1000.0,52.284920655681724,-0.01149961597998865,918.9739220872721,-280.0,0.015332821306651534,-0.003833205326662883,0.7666410653325767,15.332821306651534,-0.007666410653325767,-0.015332821306651534,0.0038332053266628835,440.52512208219474,0.0,-922.341853892089,0.0,-255.0,0.0,777.6743899923902,67.2397040621078,821.6006144320182,785.2417412223926,-255.0,-325.0,-300.0,-392.6208706111963,127.5,127.5,-821.6006144320182,-33.6198520310539,-915.5240372932755,-25.780301585751662,300.0,325.0,-25.780301585751662,-777.6743899923902,808.0705539308625,0.0,1496.5981,hplb
449,0.0,0.0,0.0,0.0,0.0,0.0,0.0,0.0,-0.14805744622453032,0.0,0.0,0.0,0.0,0.0,0.0,0.0,417.54111034320204,882.458889656798,0.0,-1000.0,0.0,0.0,0.0,0.0,0.0,461.95219519018633,0.0,0.0,0.0,-162.74467296356528,0.0,0.0,132.14885675137293,0.0,0.0,0.0,0.0,220.49734610663378,0.0,-1000.0,955.5827661326409,0.0,0.0,1000.0,0.0,0.0,0.0,0.0,-835.0822206864041,-220.4264819182396,0.0,0.0,0.0,0.16286319084701972,0.0,0.0,0.0,29.611489244906064,0.0,0.0,-13.03892576417268,0.0,0.0,-13.03892576417268,0.0,0.0,0.0,0.0,0.0,0.0,0.0,1.4805744622453032,0.0,0.0,0.0,0.0,0.0,0.0,0.0,0.0,0.0,0.0,0.0,0.0,88.8344677347182,0.0,0.0,102.19311020389613,-384.6519998606942,300.0,-0.03701436155613258,0.0,0.0,0.0,44.4172338673591,0.0,44.4172338673591,-246.4271401887546,0.0,0.0,0.0,7.402872311226516,-393.2378252203498,0.0,0.0,-4.579073687064934,381.64931763141135,0.0,0.0,0.0,0.0,0.0,0.0,0.0,0.0,0.0,0.0,0.0,0.0,0.0,0.0,0.0,0.0,0.0,-1000.0,0.0,0.0,44.4172338673591,0.0,45.897808329604395,22.494906606995187,0.0,235.63398828777298,-235.63398828777298,0.0,0.0,0.0,0.0,0.0,0.0,0.0,0.0,0.0,0.0,0.0,11.400423359288833,0.14805744622453032,0.0,0.0,0.0,-556.218503407795,0.0,0.0,0.0,0.0,0.0,754.2701805961284,0.0,0.0,0.0,0.0,0.0,403.157198067335,403.157198067335,0.0,0.0,0.0,609.375,481.4603959371792,0.0,0.0,403.30525551355953,0.0,0.0,0.0,0.0,-204.06280450166633,0.0,0.0,0.0,0.0,0.0,0.0,0.0,0.0,0.0,0.0,0.0,0.0,0.0,0.0,-1000.0,0.0,0.0,0.0,0.0,0.0,220.4264819182396,0.0,384.6519998606942,-384.6519998606942,0.0,0.0,0.0,0.0,0.0,0.0,0.0,230.49315225678453,-548.5494842465888,0.0,0.0,0.0,0.0,0.0,0.0,0.0,0.0,0.0,0.0,0.0,0.0,0.0,28.32900453319519,133.79216426619573,580.2857833067674,0.0,0.0,0.0,0.0,155.04619793132244,0.0,0.0,0.0,0.0,-13.03892576417268,-419.7142166932327,0.0,0.0,648.3677176234256,0.0,0.0,0.0,0.0,0.0,470.4712085369794,0.0,0.0,0.0,266.48130438612196,-502.8226953352665,-348.2371106218137,0.0,-580.2857833067674,0.0,0.0,0.0,470.780844305905,0.0,0.0,0.0,-19.95505812460101,0.0,0.0,-791.6114298455132,0.0,0.0,-791.6114298455133,0.0,0.0,0.0,0.0,1000.0,220.4264819182396,0.0,303.02389024910747,0.0,0.0,0.0,0.0,0.0,0.0,0.0,840.1243405765431,0.0,0.0,465.0273535662593,609.375,0.0,0.0,-13.03892576417268,-0.22208616933679548,0.0,0.0,0.0,0.0,0.14805744622453032,0.0,0.0,0.0,330.06535966433904,417.54111034320204,0.0,-911.8216357886752,594.1187466716325,204.06280450166633,1000.0,0.0,0.0,0.0,-4.579073687064934,0.0,0.0,0.0,650.6524914995988,0.0,-650.6524914995988,0.0,-1000.0,0.0,0.0,0.0,0.0,0.0,0.0,0.0,0.0,0.0,0.0,0.0,0.0,0.0,0.0,0.0,0.0,648.3677176234256,-778.9104241084685,0.0,-1000.0,0.0,0.0,712.1308989573071,0.0,0.0,0.0,-481.87163189626824,0.0,0.0,0.0,0.0,0.0,0.0,0.0,453.95015436971545,-3.701436155613258,0.0,0.0,-7.402872311226516,-212.10709746126213,0.0,0.0,-489.2908605941154,1000.0,0.0,0.0,-939.7936626304736,0.0,0.0,86.29857950581544,134.25581221083982,44.4172338673591,1000.0,-1000.0,0.0,0.0,0.0,0.0,0.0,-28.32900453319519,28.32900453319519,28.32900453319519,73.92059683128556,0.0,0.0,-437.1151999554326,0.0,0.0,230.49315225678453,0.0,0.0,-26.07785152834536,0.0,0.0,0.0,0.0,0.0,0.0,0.0,-85.19425537754697,0.29611489244871336,0.0,0.0,0.0,0.0,0.0,0.0,0.0,0.0,0.0,0.0,0.0,0.0,0.0,0.0,0.0,0.0,0.0,0.0,0.0,0.16286319084701972,0.16286319084701972,0.0,278.7175152882891,0.0,88.8344677347182,0.0,0.0,0.0,1000.0,0.0,0.0,0.0,0.0,0.0,870.2704093482844,-1000.0,0.0,0.0,0.0,0.0,0.0,0.0,0.0,0.0,0.0,0.0,0.0,0.0,0.0,333.3333333333333,-330.06535966433904,174.5691857763836,27.937833913173403,11.400423359288833,0.0,0.0,0.0,-155.04619793132244,0.0,870.2704093482844,0.0,0.0,785.0761539707374,1000.0,-1000.0,28.32900453319519,0.0,0.0,0.0,0.0,0.0,0.0,0.0,0.0,0.0,0.0,0.0,0.0,0.0,88.8344677347182,0.0,0.0,0.0,0.0,0.0,0.0,0.0,0.0,0.0,0.0,0.0,0.0,1.4805744622453032,0.0,0.0,0.0,0.0,0.0,0.0,0.0,0.0,44.4172338673591,0.0,0.0,0.0,0.0,27.937833913173403,0.0,0.0,0.0,0.0,0.0,485.88270382080714,0.0,0.0,44.417233867359094,44.417233867359094,1000.0,-1000.0,0.0,0.0,0.0,0.0,0.0,0.0,0.0,988.2608941361374,230.49315225678453,1000.0,0.14805744622453032,0.0,0.0,0.0,105.55138237525784,0.0,0.0,0.0,0.0,0.0,0.0,0.0,0.0,0.0,0.0,0.0,0.0,0.0,0.0,0.0,0.0,0.0,0.14805744622453032,0.0,0.0,0.0,811.3336131827892,-811.3336131827892,0.0,0.0,0.0,0.0,0.0,937.9848199518567,0.0,-707.7255528908179,-221.08957589153147,-11.104308466839774,-7.402872311226516,0.0,0.0,0.0,0.0,0.0,0.0,0.0,0.0,0.0,0.0,0.0,0.0,0.0,204.06280450166633,0.0,0.0,141.65868452206632,0.0,0.0,0.0,-0.14805744622453032,0.0,0.0,0.14805744622453032,0.0,0.14805744622453032,0.0,0.0,0.0,88.8344677347182,180.630084393927,180.630084393927,0.0,0.0,0.0,0.0,0.0,0.0,0.0,174.5691857763836,0.0,230.49315225678453,0.0,0.0,0.0,663.4002376195308,0.0,0.0,0.0,0.0,0.0,0.0,0.0,0.0,0.0,0.0,0.0,0.0,0.0,155.04619793132244,0.0,-461.95219519018633,461.95219519018633,0.22208616933679548,0.0,0.0,0.0,-44.4172338673591,0.0,0.0,0.0,0.0,0.0,-278.7175152882891,7.402872311226516,0.0,0.0,0.0,-609.375,-481.4603959371792,0.0,0.0,0.0,0.0,0.0,0.0,0.0,0.0,0.0,0.0,0.0,0.0,0.0,250.38851075509393,0.0,469.9576965314775,-4.579073687064934,0.0,-481.87163189626824,707.7255528908179,-225.85392099454964,0.0,290.15075991197807,0.0,7.402872311226516,1000.0,0.0,0.0,0.0,-26.07785152834536,0.0,0.0,0.0,0.0,0.0,0.0,0.0,0.0,0.0,-22.20861693367999,0.0,180.630084393927,0.0,909.8826165442615,909.8826165442615,-909.8826165442615,0.0,0.0,0.0,0.0,0.0,470.4712085369794,0.0,0.0,312.0304406888089,-105.55138237525784,467.2642809737103,0.0,44.4172338673591,0.0,0.0,0.0,0.0,205.63457990639085,0.0,0.0,0.16286319084701972,0.0,0.0,0.0,90.31504219696349,0.0,0.0,0.0,0.0,133.79216426619573,0.0,381.64931763141135,0.0,0.0,0.0,0.0,0.0,0.0,-566.4704941772577,0.0,840.261584463818,0.014805744622453432,0.0,0.0,0.0,0.0,0.0,0.0,0.0,0.0,0.0,0.0,0.0,0.0,0.0,0.0,0.0,278.7175152882891,0.0,0.0,0.0,0.0,0.0,0.0,0.0,220.4264819182396,0.0,0.0,0.0,0.0,0.0,0.0,882.458889656798,0.0,0.0,0.0,88.83446773471822,0.0,0.0,0.0,0.0,0.0,-978.1895448426877,889.3550771079695,0.0,0.0,0.0,0.0,0.0,0.0,0.0,0.0,0.0,0.0,0.0,0.0,-1000.0,595.0230689157876,764.8195882833342,0.0,-44.4172338673591,0.0,220.49734610663378,0.0,0.0,0.0,0.0,0.0,0.0,0.0,0.0,0.0,0.0,0.0,0.0,0.0,0.0,0.0,0.0,0.0,-18.50718077806629,0.0,-11.104308466839774,652.2959291526907,0.0,0.0,0.0,0.0,0.0,0.0,-1.8507180778066292,26.07785152834536,0.0,0.0,0.0,0.0,0.0,0.0,0.0,1000.0,44.417233867359094,44.417233867359094,0.0,0.0,0.0,0.0,0.0,0.16286319084701972,278.7175152882891,0.0,0.0,-220.49734610663378,840.2467787191956,0.0,0.0,0.0,0.0,0.0,0.0,0.0,0.0,0.0,0.0,0.0,0.0,0.0,0.0,0.0,0.0,22.494906606995187,0.0,155.46031853575687,11.400423359288833,0.0,0.0,0.0,0.0,0.0,278.7175152882891,0.0,458.30088645732593,0.0,0.0,0.0,-18.50718077806629,0.0,0.0,0.0,0.0,0.0,0.0,0.0,0.0,0.0,0.0,0.0,0.0,0.0,0.0,0.0,0.0,0.0,0.0,-0.14805744622453032,0.0,0.0,7.402872311226516,-870.2704093482844,0.0,0.0,0.0,0.0,0.0,0.0,0.0,0.0,-650.6524914995988,3.701436155613258,0.0,0.0,461.95219519018633,0.14805744622453032,0.0,148.0574462245303,-23.402901722609215,29.611489244906064,1.0575531873180737,458.07008818042993,-0.11104308466839774,7.402872311226536,2.9611489244906064,-0.7402872311222097,-458.07008818042993,44.417233867359094,-0.14805744622453032,1.5263578956883113,0.0,0.03701436155613258,1.0575531873180737,-4.579073687064934,-23.57074543894231,-2.9611489244906064,-300.0,-0.14805744622453032,0.03701436155613258,-458.07008818042993,14.805744622453032,0.14805744622453032,0.14805744622453032,-278.4065946512176,0.162863190846966,-208.18496475479003,-0.11104308466839774,44.417233867359094,0.14805744622453032,44.4172338673591,-74.02872311226515,-0.07402872311226516,-536.9270684672085,-170.0,-0.11104308466839774,-0.14805744622453032,-23.402901722609215,0.14805744622453032,14.805744622453032,-2.9611489244906064,155.04619793132244,155.04619793132244,-14.805744622453032,300.0,-155.04619793132244,29.611489244906064,0.22208616933679548,-763.3565472842928,14.805744622453032,-333.3333333333333,0.0,-29.611489244906064,0.07402872311226516,1.4805744622453032,227.9554089471688,280.0,-0.14805744622453032,-312.0304406888089,278.4065946512176,45.897808329604395,0.14805744622453032,23.57074543894231,-177.66893546943632,0.0,-0.14805744622453032,-0.03701436155613258,0.0,-0.14805744622453032,-466.84357300895834,0.14805744622475542,-0.03701436155613258,-0.03701436155613258,-0.03701436155613258,59.22297848981213,74.02872311226515,1.4805744622453032,335.11092036546506,-0.03701436155613258,454.3844599986493,7.402872311226516,50.0,0.14805744622453032,0.07402872311226516,0.07402872311226516,14.805744622453032,23.402901722609215,0.14805744622453032,-23.402901722609215,1.4805744622453032,0.14805744622453032,-785.9486401532088,0.14805744622453032,0.5922297848976541,0.7402872311222097,0.07402872311226516,0.03701436155613258,44.417233867359094,-0.14805744622453032,208.18496475479003,1.4805744622453032,-670.2218407309301,3.701436155613237,-14.805744622453032,29.611489244906064,7.402872311226516,-0.14805744622453032,4.579073687064934,0.22208616933679548,-0.14805744622453032,-29.611489244906064,23.402901722609215,115.76473286071268,0.07402872311226516,-100.0,-0.14805744622453032,-0.14805744622475542,-0.14805744622453032,0.07402872311226516,458.07008818042993,-29.611489244906064,0.14805744622453032,455.9108178943376,-0.03701436155613258,-0.162863190846966,-455.9108178943376,22.208616933679547,170.0,430.5499809673299,458.07008818042993,-0.11104308466839774,312.0304406888089,-280.0,0.14805744622453032,-0.03701436155613257,7.402872311226516,148.0574462245303,-0.07402872311226516,-0.14805744622453032,0.03701436155613258,0.0,0.0,463.2825185611805,450.8377197877437,-255.0,0.0,336.51364870701263,-140.0,0.0,-80.0,-98.95301238912671,-325.0,-300.0,40.0,127.5,49.476506194563356,0.0,70.0,-278.7175152882891,-321.39931276710354,300.0,325.0,-321.39931276710354,-336.51364870701263,249.68841977699796,0.0,1496.5981,hplb
450,0.0,0.0,0.0,0.0,0.0,0.0,0.0,0.0,-0.1448981158042879,0.0,0.0,0.0,0.0,0.0,0.0,0.0,0.0,149.35983683409864,0.0,0.0,0.0,0.0,0.0,0.0,0.0,0.0,0.0,0.0,0.0,0.0,0.0,0.0,136.7977516407251,0.0,0.0,0.0,0.0,448.7061039411493,0.0,-1000.0,956.5305652587136,0.0,0.0,0.0,0.0,0.0,0.0,0.0,-332.2669310437816,-596.5847422810873,0.0,235.40924146764473,0.0,0.15938792738484153,0.0,0.0,0.0,28.97962316085758,0.0,0.0,27.988468130015427,0.0,0.0,-94.25901845552244,0.0,0.0,0.0,0.0,0.0,732.4924182601114,0.0,1.448981158042879,0.0,0.0,0.0,0.0,0.0,0.0,0.0,183.54452135857886,0.0,0.0,0.0,0.0,86.93886948257274,0.0,0.0,1000.0,218.8102903902323,-201.77428104470738,219.85747032381897,0.0,0.0,0.0,43.46943474128637,0.0,43.46943474128637,0.0,0.0,0.0,0.0,50.87295505130098,0.0,0.0,0.0,0.0,0.0,0.0,0.0,0.0,0.0,0.0,0.0,0.0,0.0,0.0,0.0,0.0,0.0,0.0,0.0,0.0,0.0,0.0,-770.2945830595601,0.0,0.0,43.46943474128637,0.0,44.918415899329254,0.0,0.0,101.06540941432277,-101.06540941432286,0.0,0.0,0.0,0.0,0.0,-122.24748658553784,0.0,0.0,0.0,0.0,0.0,11.15715491693004,0.14489811580429546,219.89369485277004,0.0,0.0,0.0,0.0,0.0,0.0,0.0,0.0,647.6910652351096,0.0,0.0,0.0,0.0,0.0,959.3307801005795,959.3307801005795,0.0,0.0,0.0,0.0,0.0,0.0,0.0,959.4756782163838,0.0,0.0,0.0,389.8304556778264,0.0,0.0,0.0,0.0,0.0,0.0,0.0,0.0,0.0,0.0,-514.8317561508521,0.0,0.0,0.0,0.0,-1000.0,0.0,0.0,0.0,0.0,0.0,596.5847422810873,-235.40924146764473,282.9639906544751,-282.9639906544751,122.24748658553784,0.0,0.0,0.0,0.0,0.0,0.0,0.0,-722.0918876363934,0.0,0.0,0.0,0.0,0.0,0.0,0.0,0.0,0.0,0.0,0.0,0.0,0.0,73.71057200226059,-0.4673769402460337,567.6761725114263,0.0,0.0,0.0,0.0,155.36529030376693,0.0,0.0,0.0,0.0,27.988468130015427,567.6761725114263,0.0,0.0,0.0,0.0,0.0,0.0,0.0,0.0,361.61402689873785,0.0,0.0,0.0,-201.9916282184138,-266.1453284826566,715.2878181430488,0.0,-567.6761725114263,0.0,0.0,122.24748658553784,974.0632372710327,0.0,0.0,0.0,242.93989384088889,0.0,0.0,903.7086983636189,0.0,0.0,903.7086983636189,0.0,0.0,501.7742810447074,0.0,0.0,596.5847422810873,0.0,126.65296620465853,0.0,0.0,0.0,-719.6005016970106,0.0,719.6005016970106,0.0,1000.0,0.0,0.0,-444.4791107470886,0.0,0.0,0.0,27.988468130015427,-0.21734717370643186,0.0,0.0,0.0,0.0,0.14489811580429546,0.0,0.0,0.0,317.303761470671,0.0,0.0,-860.2761171238021,35.43107694711546,0.0,1000.0,0.0,-849.6194354322275,0.0,0.0,0.0,0.0,0.0,785.436634910183,64.18280052204454,0.0,-26.469489830857697,-1000.0,0.0,0.0,0.0,0.0,0.0,0.0,0.0,0.0,0.0,0.0,0.0,0.0,0.0,0.0,0.0,0.0,0.0,1000.0,0.0,550.714303595634,0.0,0.0,356.9483075698403,0.0,0.0,0.0,-372.7711818156679,0.0,0.0,0.0,0.0,43.62804926108658,736.4087865226264,0.0,-91.6267676618666,0.0,-800.591587044671,210.21605664307216,0.0,0.0,-993.017675611406,0.0,62.567837241108904,0.0,-3.6224528951071977,-7.244905790214395,-1000.0,0.0,950.9787458079513,1000.0,-557.1650759917027,43.46943474128637,234.34375000000017,-234.34375000000017,0.0,509.1376588640735,0.0,0.0,0.0,-73.71057200226059,73.71057200226059,73.71057200226059,-311.46477861536516,0.0,0.0,-40.81411801522472,0.0,0.0,0.0,0.0,0.0,-66.27055032550705,0.0,0.0,0.0,0.0,0.0,0.0,0.0,-43.936811681532404,0.2897962316083067,0.0,0.0,0.0,0.0,0.0,0.0,0.0,0.0,0.0,732.4924182601114,0.0,0.0,0.0,0.0,0.0,0.0,0.0,0.0,0.0,0.15938792738484153,0.15938792738484153,0.0,324.730948841403,0.0,86.93886948257274,0.0,0.0,0.0,-905.1222537999712,0.0,0.0,0.0,0.0,0.0,395.25803548224485,905.1222537999712,0.0,0.0,0.0,0.0,0.0,0.0,0.0,0.0,0.0,0.0,0.0,0.0,0.0,256.76486101985336,-317.303761470671,0.0,0.0,11.15715491693004,0.0,0.0,0.0,-277.61277688930477,0.0,395.25803548224485,0.0,351.32122380071246,0.0,1000.0,-1000.0,73.71057200226059,0.0,0.0,0.0,0.0,0.0,0.0,0.0,0.0,0.0,0.0,0.0,0.0,0.0,86.93886948257274,122.24748658553784,122.24748658553783,0.0,0.0,0.0,0.0,0.0,0.0,0.0,0.0,0.0,0.0,1.448981158042879,0.0,0.0,0.0,0.0,0.0,-235.40924146764473,0.0,0.0,43.46943474128637,0.0,0.0,0.0,0.0,0.0,0.0,0.0,0.0,0.0,0.0,1000.0,1000.0,0.0,43.46943474128637,43.46943474128637,1000.0,905.1222537999712,0.0,0.0,0.0,0.0,0.0,0.0,0.0,644.543925112248,0.0,1000.0,0.14489811580429546,0.0,0.0,191.35866165039138,0.0,0.0,0.0,0.0,0.0,0.0,0.0,0.0,0.0,0.0,0.0,0.0,0.0,0.0,0.0,0.0,0.0,0.0,0.14489811580429546,0.0,0.0,0.0,0.0,0.0,0.0,0.0,0.0,0.0,-15.822874245827563,0.0,0.0,0.0,-449.28569640436604,-10.867358685321506,-7.244905790214375,0.0,0.0,0.0,0.0,0.0,0.0,0.0,0.0,0.0,0.0,0.0,0.0,122.24748658553784,0.0,0.0,0.0,401.058575606463,0.0,0.0,0.0,-0.14489811580429546,0.0,0.0,0.14489811580429546,0.0,0.14489811580429546,0.0,0.0,0.0,86.93886948257274,176.77570128123125,176.77570128123125,0.0,0.0,0.0,0.0,0.0,0.0,0.0,0.0,0.0,0.0,0.0,0.0,0.0,797.9123626809323,0.0,0.0,0.0,0.0,0.0,0.0,0.0,0.0,0.0,0.0,0.0,0.0,0.0,277.61277688930477,0.0,0.0,0.0,0.21734717370643186,0.0,0.0,0.0,-43.46943474128637,0.0,0.0,0.0,0.0,0.0,-324.730948841403,7.244905790214395,0.0,0.0,0.0,0.0,0.0,356.9483075698403,0.0,0.0,0.0,0.0,0.0,0.0,0.0,0.0,122.24748658553784,0.0,0.0,1000.0,251.02037683914241,0.0,296.02037683914244,0.0,0.0,0.0,0.0,0.0,0.0,797.2875359898014,0.0,7.244905790214375,436.8389831150544,0.0,0.0,0.0,-66.27055032550705,0.0,0.0,-46.87499999973697,46.87499999973697,0.0,0.0,0.0,0.0,0.0,706.0520347845983,-212.95499600438927,176.77570128123125,0.0,832.6391450107716,832.6391450107716,-832.6391450107716,0.0,0.0,0.0,0.0,0.0,361.61402689873785,0.0,0.0,144.37802889297825,-923.8510799105028,-660.830829868663,0.0,43.46943474128637,0.0,0.0,0.0,0.0,226.2335127502318,0.0,0.0,0.15938792738484153,0.0,0.0,0.0,88.38785064061562,0.0,0.0,0.0,0.0,-0.4673769402460337,0.0,0.0,0.0,0.0,0.0,0.0,0.0,0.0,-945.700119110556,0.0,0.014489811580428835,0.014489811580428835,0.0,0.0,0.0,0.0,0.0,0.0,0.0,0.0,0.0,191.35866165039138,0.0,0.0,0.0,0.0,0.0,324.730948841403,0.0,0.0,0.0,0.0,0.0,0.0,0.0,596.5847422810873,0.0,0.0,0.0,0.0,-567.6761725114263,0.0,149.35983683409864,0.0,0.0,0.0,86.93886948257274,0.0,0.0,0.0,0.0,0.0,167.13880108692558,-254.0776705694983,0.0,0.0,0.0,0.0,0.0,0.0,0.0,0.0,0.0,0.0,0.0,0.0,-1000.0,618.0744352813903,897.1675720068696,382.66350723285655,-426.1329419741429,0.0,448.7061039411493,0.0,0.0,0.0,0.0,0.0,0.0,0.0,0.0,0.0,0.0,0.0,0.0,0.0,0.0,0.0,0.0,0.0,-18.11226447553588,122.24748658553783,-54.49540794640811,1000.0,0.0,0.0,0.0,0.0,0.0,-1.811226447553599,0.0,66.27055032550705,0.0,0.0,0.0,0.0,0.0,0.0,0.0,1000.0,43.46943474128637,43.46943474128637,0.0,0.0,0.0,0.0,183.54452135857886,0.15938792738484153,324.730948841403,0.0,0.0,-448.7061039411493,0.0,0.0,0.0,0.0,0.0,0.0,0.0,0.0,0.0,0.0,0.0,0.0,0.0,0.0,0.0,0.0,0.0,0.0,0.0,152.1430215945023,0.0,0.0,11.15715491693004,0.0,0.0,0.0,324.730948841403,0.0,-7.244905790214375,0.0,0.0,0.0,-18.11226447553588,0.0,0.0,0.0,0.0,0.0,0.0,0.0,0.0,0.0,0.0,0.0,0.0,0.0,0.0,0.0,0.0,0.0,0.0,-0.14489811580429546,0.0,0.0,7.244905790214395,-395.25803548224485,0.0,0.0,0.0,0.0,122.24748658553784,0.0,0.0,0.0,-785.436634910183,3.6224528951071977,0.0,0.0,0.0,0.14489811580429546,0.0,144.8981158042879,-44.918415899329254,28.97962316085758,1.0349865414591992,404.2657430939633,-0.10867358685321593,29.05893042075769,2.897962316085758,-0.7244905790209941,-404.2657430939633,43.46943474128637,-0.1448981158042879,0.0,0.0,0.03622452895107198,1.0349865414591994,0.0,-23.06778003604194,-2.8979623160857955,-149.35983683409864,-0.1448981158042879,0.03622452895107198,-404.2657430939633,14.48981158042879,0.1448981158042879,0.14489811580429546,-324.4266627982139,0.15938792738471674,-180.7345633222575,-0.10867358685321593,43.46943474128637,0.1448981158042879,43.46943474128637,-72.44905790214395,-0.07244905790214395,-466.9565019128521,-170.0,-0.10867358685321593,-0.1448981158042879,-44.918415899329254,0.14489811580429546,14.489811580428778,-2.897962316085758,277.61277688930477,277.61277688930477,-14.48981158042879,149.35983683409864,-277.61277688930477,28.97962316085758,0.21734717370643186,-744.8624192707584,14.48981158042879,-256.76486101985336,0.0,-28.97962316085758,0.07244905790214395,1.448981158042879,215.06902928095053,280.0,-0.14489811580429546,-357.3330248973675,324.4266627982139,44.918415899329254,0.1448981158042879,23.06778003604194,-173.87773896514602,0.0,-0.14489811580429546,-0.03622452895107198,0.0,-0.1448981158042879,-43.936811681532404,0.14489811580426704,-0.03622452895107198,-0.03622452895107198,-0.03622452895107198,57.95924632171516,72.44905790214395,1.448981158042879,107.35139154649858,-0.03622452895107198,430.13805856190106,7.244905790214395,29.2133116309806,0.14489811580429546,0.07244905790214395,0.07244905790214395,14.48981158042879,44.918415899329254,0.14489811580429546,-44.918415899329254,1.448981158042879,0.1448981158042879,-107.35139154649858,0.1448981158042879,0.5795924632167271,0.7244905790209941,0.07244905790214395,0.03622452895107198,43.46943474128637,-0.1448981158042879,180.7345633222575,1.4489811580428977,-214.70278309299715,25.43647752565049,-14.489811580428778,28.97962316085758,7.244905790214395,-0.1448981158042879,0.0,0.21734717370643186,-0.1448981158042879,-28.979623160857585,44.918415899329254,225.7651303058645,0.07244905790214395,-58.4266232619612,-0.1448981158042879,-0.14489811580426704,-0.1448981158042879,0.07244905790214395,404.2657430939633,-28.97962316085758,0.14489811580429546,430.13805856190106,-0.03622452895107198,-0.15938792738471674,-430.13805856190106,21.73471737064318,170.0,159.12276769903602,404.2657430939633,-0.10867358685321593,357.3330248973675,-280.0,0.1448981158042879,-0.03622452895107198,7.244905790214375,144.8981158042879,-0.07244905790214395,-0.1448981158042879,0.03622452895107198,0.0,0.0,444.7899702128563,0.0,-255.0,0.0,580.894103719793,-140.0,0.0,-80.0,-226.65250340956595,-325.0,-300.0,40.0,127.5,113.32625170478298,0.0,70.0,-324.730948841403,-451.9986430560963,300.0,325.0,-451.9986430560963,-580.894103719793,370.1410155522551,0.0,1496.5981,hplb
451,0.0,0.0,0.0,0.0,0.0,0.0,0.0,0.0,-0.06560275561241881,0.0,0.0,0.0,0.0,0.0,0.0,0.0,0.0984041334186282,1000.0,0.0,-700.0984041334186,0.0,0.0,0.0,939.5043201609554,0.0,0.0,0.0,0.0,0.0,415.07953547669206,0.0,0.0,138.55017910096538,0.0,0.0,0.0,0.0,-9.376820535535634,0.0,-548.7753765933861,980.3191733162744,0.0,0.0,0.0,0.0,0.0,0.0,0.0,45.60887682127296,0.0,0.0,0.0,0.0,0.0721630311738188,0.0,0.0,0.0,13.12055112248376,0.0,0.0,-293.29464416626405,0.0,0.0,-293.29464416626405,1000.0,0.0,0.0,0.0,0.0,363.35015603410767,0.0,0.6560275561241881,0.0,0.0,0.0,0.0,0.0,0.0,0.0,378.9211519219776,0.0,0.0,0.0,0.0,39.36165336745128,0.0,287.5172281553305,-769.411938676794,494.1103053668686,0.0,-0.016400688903104702,0.0,0.0,0.0,19.68082668372564,0.0,19.68082668372564,-2.112408730719096,0.0,0.0,0.0,3.28013778062094,415.07953547669206,0.0,0.0,0.0,0.0,1000.0,0.0,0.0,0.0,0.0,0.0,0.0,0.0,0.0,0.0,0.0,0.0,0.0,0.0,0.0,0.0,0.0,-889.317007351732,0.0,0.0,19.68082668372564,0.0,20.336854239849828,0.0,0.0,217.17832044972357,-217.17832044972357,0.0,0.0,555.894695602785,0.0,0.0,-555.894695602785,0.0,0.0,0.0,0.0,0.0,292.5686403374867,0.06560275561241881,0.0,0.0,0.0,514.0325904623445,-1000.0,0.0,0.0,0.0,0.0,262.2191346311344,0.0,0.0,0.0,0.0,0.0,124.7492129470656,124.7492129470656,0.0,0.0,0.0,0.0,0.0,0.0,0.0,124.81481570267802,0.0,0.0,0.0,555.4250491782492,0.0,0.0,0.0,0.0,0.0,0.0,0.0,0.0,0.0,0.0,0.0,0.0,0.0,0.0,0.0,-1000.0,0.0,0.0,0.0,0.0,0.0,0.0,0.0,-276.19693814447896,276.19693814447896,0.0,0.0,0.0,0.0,0.0,0.0,0.0,0.0,712.6162690458664,0.0,0.0,0.0,0.0,0.0,0.0,0.0,0.0,0.0,0.0,0.0,0.0,0.0,52.3930068185261,412.208511782623,-460.7868164313836,0.0,0.0,0.0,0.0,163.3741216831457,0.0,0.0,0.0,0.0,-293.29464416626405,-460.7868164313836,0.0,0.0,542.4888981185585,0.0,0.0,0.0,0.0,0.0,0.0,0.0,0.0,0.0,0.0,770.3072435113476,-1000.0,0.0,460.7868164313836,0.0,0.0,0.0,0.0,0.0,0.0,0.0,-150.3702784641368,0.0,0.0,-979.236817785827,-979.2368177858268,0.0,0.0,0.0,979.2368177858268,217.91336722238964,0.0,747.5077195776236,0.0,0.0,19.65756647550276,0.0,0.0,0.0,-630.1997823723615,0.0,630.1997823723615,0.0,-715.2381366882302,0.0,0.0,875.9903907290121,0.0,0.0,0.0,-293.29464416626405,-0.0984041334186282,0.0,0.0,0.0,0.0,0.06560275561241881,0.0,0.0,0.0,816.9450516331286,0.0984041334186282,0.0,-250.27505594176205,556.1416324710949,0.0,1000.0,0.0,0.0,0.0,0.0,0.0,0.0,0.0,949.4137151472637,50.5862848527363,-1000.0,0.0,-1000.0,0.0,0.0,0.0,0.0,0.0,0.0,0.0,0.0,0.0,0.0,0.0,0.0,0.0,0.0,0.0,0.0,542.4888981185585,-9.114409513085544,0.0,0.0,0.0,0.0,0.0,0.0,0.0,0.0,-292.5686403374867,0.0,0.0,0.0,0.0,0.0,-50.5862848527363,-513.9772178086691,996.719862219379,0.0,0.0,0.0,-3.28013778062094,-43.39622283761504,0.0,513.9772178086691,-1000.0,0.0,-1.64006889031047,0.0,-208.68509940226895,0.0,-208.75766352272586,0.0,529.4660284087613,19.68082668372564,0.0,0.0,0.0,0.0,0.0,0.0,0.0,-52.3930068185261,52.3930068185261,52.3930068185261,-308.5190720659807,0.0,0.0,-22.629937586308074,0.0,0.0,0.0,0.0,0.0,-11.55483202186709,0.0,0.0,0.0,0.0,0.0,0.0,0.0,-93.43972443875812,0.1312055112251187,0.0,0.0,0.0,0.0,0.0,0.0,0.0,0.0,0.0,363.35015603410767,0.0,0.0,0.0,0.0,0.0,0.0,0.0,0.0,0.0,0.0721630311738188,0.0721630311738188,0.0,137.68607855736747,0.0,39.36165336745128,0.0,0.0,0.0,0.0,0.0,0.0,287.5172281553305,0.0,0.0,324.8452814529497,0.0,0.0,0.0,0.0,0.0,0.0,0.0,0.0,0.0,0.0,0.0,0.0,0.0,0.0,296.43900245057733,-816.9450516331286,485.9674095376555,0.0,292.5686403374867,0.0,-319.51873760654337,319.51873760654337,156.14461592339768,0.0,324.8452814529497,0.0,231.40555701419157,0.0,0.0,0.0,52.3930068185261,0.0,0.0,0.0,0.0,0.0,0.0,0.0,0.0,0.0,0.0,0.0,0.0,0.0,39.36165336745128,0.0,0.0,0.0,0.0,0.0,0.0,0.0,0.0,0.0,0.0,0.0,0.0,0.6560275561241881,0.0,0.0,287.5172281553305,-287.5172281553305,0.0,0.0,0.0,0.0,19.68082668372564,0.0,0.0,0.0,0.0,0.0,0.0,0.0,0.0,0.0,0.0,-53.80419876657787,0.0,0.0,19.68082668372564,19.68082668372564,77.03024491775295,0.0,0.0,0.0,0.0,0.0,0.0,0.0,0.0,-415.07953547669206,0.0,-263.88922256740005,0.06560275561241881,0.0,0.0,0.0,86.63781060842936,0.0,0.0,0.0,0.0,0.0,0.0,0.0,0.0,0.0,0.0,0.0,0.0,0.0,0.0,0.0,0.0,0.0,0.06560275561241881,0.0,0.0,0.0,-16.225782913699902,16.225782913699902,0.0,0.0,0.0,0.0,-292.5686403374867,0.0,0.0,0.0,9.114409513085544,-4.92020667093141,-3.28013778062094,0.0,0.0,0.0,0.0,0.0,0.0,0.0,0.0,0.0,0.0,0.0,0.0,0.0,0.0,0.0,0.0,323.98850266665636,0.0,0.0,0.0,-0.06560275561241881,0.0,0.0,0.06560275561241881,0.0,0.06560275561241881,0.0,0.0,0.0,39.36165336745128,80.03536184715094,80.03536184715094,0.0,0.0,0.0,0.0,0.0,0.0,0.0,485.9674095376555,0.0,0.0,0.0,0.0,0.0,955.0621124054932,0.0,0.0,0.0,0.0,0.0,0.0,0.0,0.0,0.0,0.0,0.0,0.0,0.0,163.3741216831457,0.0,-1000.0,1000.0,0.0984041334186282,0.0,0.0,0.0,-19.68082668372564,0.0,0.0,0.0,0.0,0.0,-137.68607855736747,3.28013778062094,0.0,0.0,0.0,0.0,0.0,-5.392546511340015,0.0,0.0,0.0,0.0,0.0,0.0,0.0,0.0,0.0,0.0,0.0,0.0,85.29307173884136,0.0,797.8468584151717,0.0,0.0,-5.392546511340015,0.0,5.392546511340015,0.0,-80.03536184715094,0.0,3.28013778062094,1000.0,0.0,0.0,0.0,-586.5892883325281,0.0,0.0,0.0,0.0,0.0,0.0,0.0,0.0,0.0,40.017680923575455,-49.858094265438325,80.03536184715094,0.0,935.6304403887583,935.6304403887582,-935.6304403887582,0.0,0.0,0.0,0.0,0.0,0.0,0.0,0.0,102.58860430472342,-449.987966642537,436.17189706120257,0.0,19.68082668372564,287.5172281553305,0.0,0.0,0.0,-112.6331090381779,0.0,0.0,0.0721630311738188,0.0,0.0,0.0,40.01768092357547,0.0,0.0,0.0,0.0,412.208511782623,0.0,0.0,0.0,0.0,0.0,0.0,0.0,0.0,0.0,0.0,852.6143433417802,0.006560275561241886,0.0,0.0,0.0,0.0,0.0,0.0,0.0,0.0,0.0,0.0,0.0,0.0,0.0,0.0,0.0,137.68607855736747,0.0,0.0,0.0,0.0,0.0,0.0,0.0,0.0,0.0,0.0,0.0,575.034456310661,93.21500053231509,0.0,1000.0,0.0,0.0,0.0,39.36165336745128,0.0,0.0,0.0,0.0,0.0,960.6383466325487,-1000.0,0.0,575.034456310661,0.0,0.0,0.0,0.0,0.0,0.0,0.0,0.0,0.0,0.0,263.88922256740005,0.0,1000.0,0.0,-19.68082668372564,0.0,-9.376820535535634,0.0,0.0,0.0,0.0,0.0,0.0,0.0,0.0,0.0,0.0,0.0,0.0,0.0,0.0,0.0,0.0,0.0,-8.20034445155235,0.0,-4.92020667093141,1000.0,0.0,0.0,0.0,0.0,0.0,0.0,-0.820034445155235,11.55483202186709,0.0,0.0,0.0,0.0,0.0,0.0,0.0,1000.0,19.68082668372564,19.68082668372564,0.0,0.0,0.0,0.0,378.9211519219776,0.0721630311738188,137.68607855736747,0.0,0.0,9.376820535535634,852.607783066219,0.0,0.0,0.0,0.0,0.0,0.0,0.0,0.0,0.0,0.0,0.0,0.0,0.0,500.0,0.0,0.0,0.0,0.0,68.88289339303975,292.5686403374867,0.0,0.0,0.0,0.0,0.0,137.68607855736747,0.0,0.0,0.0,0.0,0.0,-8.20034445155235,0.0,0.0,0.0,0.0,0.0,0.0,0.0,0.0,0.0,0.0,0.0,0.0,0.0,0.0,0.0,0.0,0.0,0.0,-0.06560275561241881,0.0,0.0,3.28013778062094,-324.8452814529497,0.0,0.0,0.0,0.0,0.0,0.0,0.0,0.0,-949.4137151472637,1.64006889031047,0.0,0.0,0.0,0.06560275561241881,0.0,65.6027556124188,-20.336854239849828,13.12055112248376,0.46859111151727717,183.03168815864845,-0.0492020667093141,3.2801377806209757,1.3120551122483761,-0.32801377806250875,-183.03168815864845,19.68082668372564,-0.06560275561241881,0.0,0.0,0.016400688903104702,0.46859111151727717,0.0,-297.96118684882674,-1.3120551122482311,-300.0,-0.06560275561241881,0.016400688903104702,-183.03168815864845,6.56027556124188,0.06560275561241881,0.06560275561241881,-137.54831277058122,-287.4450651241568,-231.98990353972349,-0.0492020667093141,19.68082668372564,0.06560275561241881,19.68082668372564,-32.8013778062094,-0.032801377806209404,-30.229231091410924,-170.0,-0.0492020667093141,-0.06560275561241881,-20.336854239849828,0.06560275561241881,6.56027556124188,-1.3120551122483761,163.3741216831457,163.3741216831457,-6.56027556124188,300.0,-163.3741216831457,13.12055112248376,0.0984041334186282,-1000.0,6.56027556124188,-296.43900245057733,0.0,-13.12055112248376,0.032801377806209404,0.6560275561241881,62.56876398544051,98.41362286132512,-0.06560275561241881,-152.44669857016174,137.54831277058122,20.336854239849828,0.06560275561241881,297.96118684882674,-78.72330673490262,0.0,-0.06560275561241881,-0.016400688903104702,0.0,-0.06560275561241881,-93.43972443875812,0.06560275561219144,-0.016400688903104702,-0.016400688903104702,-0.016400688903104702,26.24110224496752,32.8013778062094,0.6560275561241881,48.60344156434999,-0.016400688903104702,125.13752797088102,3.28013778062094,50.0,0.06560275561241881,0.032801377806209404,0.032801377806209404,6.56027556124188,20.336854239849828,0.06560275561241881,-20.336854239849828,0.6560275561241881,0.06560275561241877,-48.60344156434999,0.06560275561241881,0.26241102245008996,0.32801377806250875,0.032801377806209404,0.016400688903104702,19.68082668372564,-0.06560275561241881,231.98990353972349,0.6560275561241156,-97.20688312869999,1.640068890310431,-6.56027556124188,13.12055112248376,3.28013778062094,-0.06560275561241881,0.0,0.0984041334186282,-0.06560275561241877,-13.12055112248376,20.336854239849828,560.4135140263644,0.032801377806209404,-100.0,-0.06560275561241881,-0.06560275561219144,-0.06560275561241881,0.032801377806209404,183.03168815864845,-13.12055112248376,0.06560275561241881,125.13752797088102,-0.016400688903104702,287.4450651241568,-125.13752797088102,9.840413341862819,170.0,273.3901825794896,183.03168815864845,-0.0492020667093141,152.44669857016174,-98.41362286132512,0.06560275561241881,-0.016400688903104706,3.28013778062094,65.6027556124188,-0.032801377806209404,-0.06560275561241881,0.016400688903104702,921.1809619152291,0.0,782.0538313998042,0.0,-255.0,0.0,561.5503859724095,-140.0,0.0,-80.0,295.3985209434969,-325.0,-217.91336722238964,40.0,127.5,-147.69926047174846,0.0,70.0,-137.68607855736747,-447.7804049881865,217.91336722238964,325.0,-447.7804049881865,-561.5503859724095,316.8567085730351,0.0,1496.5981,hplb
452,0.0,0.0,0.0,0.0,0.0,0.0,0.0,0.0,-0.08816491545402261,0.0,0.0,0.0,0.0,0.0,0.0,0.0,-770.5153415526676,798.6168879700367,0.0,193.2875846482359,0.0,0.0,0.0,1000.0,0.0,681.1573957212447,0.0,0.0,0.0,-734.3338912457768,0.0,0.0,133.5159570237865,0.0,0.0,0.0,0.0,999.6473403381848,0.0,-1000.0,1000.0,0.0,0.0,0.0,0.0,0.0,0.0,0.0,1000.0,-234.54222010492825,0.0,-377.5606676038159,0.0,0.09698140699953228,0.0,0.0,0.0,0.0,0.0,0.0,-49.54493748743713,0.0,0.0,-49.54493748743713,0.0,0.0,0.0,0.0,1000.0,-182.13526985328497,0.0,0.8816491545402262,0.0,0.0,0.0,0.0,0.0,0.0,0.0,0.0,0.0,0.0,578.7022230515325,0.0,52.898949272413574,0.0,41.78054726645343,-756.1444065359794,-329.511788449564,1000.0,625.6333436162415,0.0,0.0,0.0,26.449474636206787,0.0,26.449474636206787,0.0,0.0,0.0,578.7022230515325,318.9372937535189,-969.3681103714754,0.0,0.0,-4.535598344679458,0.0,0.0,0.0,0.0,0.0,0.0,0.0,0.0,0.0,0.0,0.0,0.0,0.0,0.0,0.0,0.0,0.0,0.0,-1000.0,0.0,0.0,26.449474636206787,0.0,27.331123790747007,27.331123790747007,0.0,963.3844383699933,0.0,-963.3844383699933,963.3844383699933,0.0,1000.0,-1000.0,0.0,0.0,0.0,0.0,0.0,0.0,-530.1329772951193,0.08816491545402261,625.655384845105,0.0,0.0,533.0169935059625,-1000.0,0.0,0.0,0.0,0.0,375.98821268965315,0.0,0.0,0.0,0.0,0.0,-104.91523295370696,-104.91523295370696,0.0,0.0,0.0,0.0,0.0,0.0,0.0,-104.82706803825295,0.0,0.0,0.0,616.6182300216268,0.0,0.0,0.0,0.0,0.0,0.0,0.0,0.0,0.0,0.0,-436.38573281316553,0.0,0.0,0.0,0.0,-1000.0,0.0,0.0,0.0,0.0,0.0,234.54222010492825,377.5606676038159,-370.488211550436,370.488211550436,0.0,0.0,0.0,0.0,0.0,0.0,0.0,235.03421912569857,-236.67059102851982,0.0,0.0,0.0,0.0,0.0,0.0,0.0,0.0,0.0,0.0,0.0,0.0,0.0,186.87928424014163,402.24897267564654,127.28856519462829,0.0,0.0,0.0,0.0,50.01450077175245,0.0,0.0,0.0,0.0,-49.54493748743713,127.28856519462829,0.0,0.0,439.1045552515523,0.0,0.0,0.0,0.0,0.0,2.8389102776185298,17.632983090804522,0.0,0.0,-40.97642310087201,0.0,250.92804951740055,0.0,-127.28856519462829,0.0,0.0,0.0,-892.4388031460924,0.0,0.0,0.0,-30.02182720611961,0.0,0.0,-1000.0,-264.11437728101157,-37.91459800157882,37.91459800157882,-773.8002207205672,1000.0,-700.0,0.0,0.0,234.54222010492825,0.0,250.62786092646468,0.0,0.0,0.0,0.0,0.0,0.0,0.0,-230.34503966852128,0.0,0.0,-191.19168860144688,0.0,0.0,0.0,-49.54493748743713,-0.1322473731810339,0.0,0.0,0.0,0.0,0.08816491545402261,0.0,0.0,0.0,920.6971143144223,-770.5153415526676,0.0,-663.6586138513472,1000.0,0.0,1000.0,0.0,7.590999220591453,0.0,-4.535598344679458,0.0,0.0,0.0,-7.590999220591453,0.0,0.0,-1000.0,-293.2134773568355,0.0,0.0,0.0,0.0,0.0,0.0,0.0,0.0,0.0,0.0,0.0,0.0,0.0,0.0,0.0,0.0,439.1045552515523,0.0,0.0,-1000.0,0.0,0.0,0.0,0.0,0.0,889.2529569756887,527.2940670175008,0.0,0.0,0.0,0.0,314.5290479808177,0.0,-237.75905514961116,-1000.0,0.0,-1000.0,-169.82708296350987,-4.408245772701131,-103.13920127690035,-15.574857381941115,237.75905514961116,838.32723023689,927.3264872978406,-2.2041228863505653,0.0,0.0,0.0,0.0,0.0,995.5917542272989,26.449474636206787,0.0,0.0,0.0,65.08999439196003,0.0,0.0,0.0,-186.87928424014163,186.87928424014163,186.87928424014163,176.81262086191492,0.0,0.0,0.0,0.0,0.0,235.03421912569857,0.0,0.0,-15.528780441967399,0.0,0.0,26.449474636206787,0.0,0.0,0.0,0.0,-91.18350845459774,0.17632983090810408,0.0,0.0,0.0,0.0,0.0,0.0,0.0,0.0,0.0,817.864730146715,0.0,0.0,0.0,0.0,0.0,0.0,0.0,0.0,0.0,0.09698140699953228,0.09698140699953228,0.0,449.2463011493371,0.0,52.898949272413574,0.0,0.0,0.0,1000.0,0.0,0.0,41.78054726645343,0.0,0.0,709.4263494407675,-1000.0,0.0,0.0,0.0,0.0,0.0,26.449474636206787,0.0,0.0,0.0,0.0,0.0,0.0,0.0,333.3333333333333,-920.6971143144223,466.9830064940375,0.0,48.569245756413245,0.0,-50.01450077175245,50.01450077175245,0.0,0.0,709.4263494407675,0.0,618.2428409861698,0.0,0.0,0.0,186.87928424014163,0.0,0.0,0.0,0.0,0.0,0.0,0.0,0.0,0.0,0.0,0.0,0.0,0.0,52.898949272413574,0.0,0.0,0.0,0.0,0.0,0.0,0.0,0.0,0.0,0.0,0.0,0.0,0.8816491545402262,0.0,0.0,41.78054726645343,-41.78054726645343,0.0,377.5606676038159,0.0,0.0,26.449474636206787,0.0,0.0,0.0,0.0,0.0,0.0,0.0,0.0,0.0,0.0,887.621145994478,172.55944177107455,0.0,26.449474636206787,26.449474636206787,1000.0,-1000.0,0.0,26.449474636206787,0.0,0.0,0.0,0.0,0.0,969.3681103714754,235.03421912569857,1000.0,0.08816491545402261,0.0,0.0,0.0,7.109870681970823,0.0,0.0,0.0,0.0,0.0,0.0,0.0,0.0,0.0,0.0,0.0,0.0,0.0,0.0,0.0,0.0,0.0,0.08816491545402261,0.0,0.0,0.0,-1000.0,1000.0,0.0,0.0,0.0,0.0,0.0,1000.0,0.0,-472.70593298249923,-1000.0,-6.612368659051697,-4.408245772701131,0.0,0.0,0.0,0.0,0.0,0.0,0.0,0.0,0.0,0.0,0.0,0.0,0.0,0.0,0.0,0.0,1000.0,0.0,0.0,0.0,-0.08816491545402261,0.0,0.0,0.08816491545402261,0.0,0.08816491545402261,0.0,0.0,0.0,52.898949272413574,107.56119685390759,107.56119685390759,0.0,0.0,0.0,0.0,0.0,0.0,0.0,466.9830064940375,0.0,235.03421912569857,0.0,0.0,0.0,0.0,0.0,0.0,0.0,0.0,0.0,0.0,0.0,0.0,0.0,0.0,0.0,0.0,0.0,50.01450077175245,0.0,-681.1573957212447,681.1573957212447,0.1322473731810339,0.0,0.0,0.0,-26.449474636206787,0.0,0.0,0.0,0.0,0.0,-449.2463011493371,4.408245772701131,0.0,0.0,0.0,0.0,0.0,-1000.0,0.0,0.0,0.0,0.0,0.0,0.0,0.0,0.0,0.0,0.0,0.0,1000.0,262.36701690919546,0.0,774.350023403233,-4.535598344679458,0.0,-472.70593298249923,472.70593298249923,0.0,0.0,-1000.0,0.0,4.408245772701131,1000.0,0.0,0.0,0.0,-99.08987497487426,765.624999999999,-765.624999999999,0.0,0.0,0.0,0.0,0.0,0.0,0.0,423.16099549506214,0.0,107.56119685390759,0.0,0.0,0.0,0.0,0.0,0.0,0.0,0.0,0.0,2.8389102776185298,0.0,0.0,469.0834071264923,-824.9746008286859,317.73452660470093,0.0,26.449474636206787,41.78054726645343,0.0,0.0,0.0,34.06566670841447,0.0,0.0,0.09698140699953228,0.0,0.0,0.0,53.780598426953794,0.0,0.0,0.0,0.0,402.24897267564654,0.0,0.0,0.0,0.0,0.0,0.0,0.0,0.0,-1000.0,0.0,0.00881649154540226,0.00881649154540226,0.0,0.0,0.0,0.0,0.0,0.0,0.0,0.0,0.0,0.0,0.0,0.0,0.0,0.0,0.0,449.2463011493371,0.0,0.0,0.0,0.0,0.0,0.0,0.0,234.54222010492825,0.0,0.0,0.0,83.56109453290686,0.0,29.817569146716437,798.6168879700367,0.0,0.0,0.0,52.898949272413574,0.0,0.0,0.0,0.0,0.0,947.1010507275864,-1000.0,0.0,83.56109453290686,0.0,0.0,0.0,0.0,0.0,0.0,0.0,0.0,0.0,0.0,-293.2134773568355,-1000.0,60.39296708600549,-755.04654677284,728.5970721366332,0.0,999.6473403381848,0.0,0.0,0.0,0.0,0.0,0.0,0.0,0.0,0.0,0.0,0.0,0.0,0.0,0.0,0.0,0.0,0.0,-11.020614431752827,0.0,-321.14141663986936,-6.612368659051754,0.0,0.0,0.0,0.0,0.0,266.6886580353924,-267.79071947856767,15.528780441967399,0.0,0.0,0.0,0.0,0.0,0.0,0.0,1000.0,26.449474636206787,26.449474636206787,0.0,0.0,0.0,0.0,0.0,0.09698140699953228,449.2463011493371,0.0,0.0,-999.6473403381848,0.0,0.0,0.0,0.0,0.0,0.0,0.0,0.0,0.0,0.0,0.0,0.0,0.0,0.0,0.0,0.0,0.0,27.331123790747007,0.0,92.57316122672376,0.0,0.0,48.569245756413245,0.0,0.0,0.0,449.2463011493371,0.0,995.5917542272989,0.0,0.0,0.0,-11.020614431752827,0.0,0.0,0.0,0.0,0.0,0.0,0.0,0.0,0.0,0.0,0.0,0.0,0.0,0.0,0.0,0.0,0.0,0.0,-0.08816491545402261,0.0,0.0,4.408245772701131,-709.4263494407675,0.0,0.0,0.0,0.0,0.0,0.0,0.0,0.0,7.590999220591453,2.2041228863505653,0.0,0.0,681.1573957212447,0.08816491545402261,0.0,88.1649154540226,0.0,17.632983090804522,0.6297493961001616,300.6423616982171,-0.06612368659051696,161.67276976310995,1.7632983090804524,-0.44082457726926805,-300.6423616982171,26.449474636206784,-0.08816491545402261,1.5118661148931525,26.449474636206787,0.022041228863505652,0.6297493961001616,-4.535598344679458,-55.81640180673287,-1.7632983090804524,-221.38913106560506,-0.08816491545402261,0.022041228863505652,-300.6423616982171,713.6813904624445,0.08816491545402261,0.08816491545402261,-449.0611548268836,-41.683565859454006,-215.6282687890253,-0.06612368659051696,26.449474636206787,0.08816491545402261,26.449474636206787,-44.08245772701131,-0.044082457727011304,-151.2887472112689,-58.91915723260874,-0.06612368659051696,-0.08816491545402261,0.0,0.08816491545402261,8.816491545402261,-1.7632983090804524,50.01450077175245,50.01450077175245,-8.8164915454023,221.38913106560506,-50.01450077175245,17.632983090804522,0.1322473731810339,-572.0604913185282,8.816491545402261,-333.3333333333333,26.449474636206787,-17.632983090804522,0.044082457727011304,0.8816491545402262,165.9146534628368,280.0,-0.08816491545402261,-469.0834071264923,449.0611548268836,27.331123790747007,0.08816491545402261,55.81640180673287,-784.2133228256627,26.449474636206787,-0.08816491545402261,-0.022041228863505652,-26.449474636206787,-0.08816491545402261,-91.18350845459774,0.0881649154540014,-0.022041228863505652,-0.022041228863505652,-0.022041228863505652,35.265966181609045,44.08245772701131,0.8816491545402262,200.48359882450984,-0.022041228863505652,330.31744081078045,4.408245772701131,50.0,0.08816491545402261,0.044082457727011304,0.044082457727011304,22.04122886350565,0.0,0.08816491545402261,0.0,0.8816491545402262,0.08816491545402261,-470.8124329995333,0.08816491545402261,0.3526596618152098,0.44082457726926805,0.044082457727011304,0.022041228863505652,26.449474636206787,-0.08816491545402261,215.6282687890253,0.8816491545402262,-400.9671976490197,159.4686468767594,-8.816491545402261,17.632983090804522,4.408245772701131,-0.08816491545402261,4.535598344679458,0.1322473731810339,-0.08816491545402261,-44.0824577270113,0.0,192.35439963713662,0.044082457727011304,-100.0,-0.08816491545402261,-0.0881649154540014,-0.08816491545402261,0.044082457727011304,300.6423616982171,-17.632983090804522,0.08816491545402261,331.8293069256736,-0.022041228863505652,41.683565859454006,-331.8293069256736,13.22473731810339,58.91915723260874,-34.73696853881988,300.6423616982171,-0.06612368659051696,469.0834071264923,-280.0,0.08816491545402261,-0.02204122886350565,4.408245772701131,88.1649154540226,-0.044082457727011304,-0.08816491545402261,0.022041228863505652,0.0,0.0,272.01640886080116,270.3288341750235,-255.0,0.0,559.646150865126,-140.0,704.8648989170422,-66.5585037411106,-255.0,-325.0,-300.0,33.2792518705553,127.5,127.5,-704.8648989170422,70.0,-449.2463011493371,-226.4200663455511,300.0,325.0,-226.4200663455511,-559.646150865126,667.5214910726932,0.0,1496.5981,hplb
453,0.0,0.0,0.0,0.0,0.0,0.0,0.0,0.0,-0.07833490304353204,0.0,0.0,0.0,0.0,0.0,0.0,0.0,1000.0,-1000.0,0.0,300.0,0.0,0.0,0.0,498.93479401143645,0.0,0.0,0.0,0.0,0.0,250.52535482688043,0.0,0.0,128.41318838099886,0.0,0.0,0.0,0.0,999.6866603878265,0.0,-1000.0,107.95793830113678,0.0,0.0,0.0,0.0,0.0,0.0,0.0,-318.9101331840459,-588.0135108964922,0.0,0.0,0.0,0.08616839334782357,0.0,0.0,0.0,0.0,0.0,0.0,69.4127735571729,0.0,0.0,-159.52162849844558,0.0,0.0,0.0,0.0,0.0,0.0,0.0,0.7833490304353206,0.0,0.0,0.0,0.0,0.0,0.0,0.0,0.0,0.0,0.0,886.6570936840019,0.0,47.00094182611923,0.0,0.0,927.0476881830383,691.8624450010076,-938.9375483398908,-0.01958372576088301,0.0,0.0,-417.1934986130243,23.500470913059615,0.0,133.5031144317876,-2.5223838780019605,0.0,0.0,886.6570936840019,3.9167451521766026,58.374852991023225,0.0,0.0,-9.855610261739143,0.0,0.0,0.0,0.0,0.0,0.0,0.0,0.0,0.0,0.0,0.0,0.0,0.0,0.0,0.0,0.0,0.0,0.0,-728.177444604114,0.0,0.0,133.5031144317876,0.0,24.283819943494937,12.571054684045293,0.0,0.0,0.0,0.0,0.0,603.639934299852,-203.1250000000054,203.1250000000054,-832.5743363554705,0.0,0.0,0.0,0.0,0.0,-880.6253061496499,0.07833490304353204,0.0,0.0,0.0,0.0,0.0,0.0,0.0,0.0,0.0,62.27618830843019,0.0,0.0,0.0,0.0,0.0,383.511940436141,383.511940436141,0.0,0.0,0.0,578.125,-114.26332195430791,0.0,0.0,383.59027533918453,0.0,0.0,0.0,0.0,-766.5269886489668,0.0,0.0,0.0,0.0,0.0,0.0,0.0,0.0,0.0,-200.53770286405185,0.0,0.0,0.0,0.0,-1000.0,0.0,0.0,0.0,0.0,0.0,588.0135108964922,0.0,308.1375549989924,-308.1375549989924,0.0,0.0,0.0,0.0,0.0,0.0,0.0,192.1505018358572,475.0827140873118,0.0,0.0,0.0,0.0,0.0,0.0,0.0,0.0,0.0,0.0,0.0,0.0,0.0,0.0,41.3366047361408,-931.6152216428345,0.0,0.0,0.0,228.93440205561848,0.0,0.0,0.0,0.0,0.0,69.4127735571729,-931.6152216428345,0.0,0.0,0.0,0.0,0.0,0.0,0.0,0.0,0.0,15.666980608706409,110.00264351872795,0.0,60.944949305543844,444.669839307559,916.2751099979848,0.0,931.6152216428345,0.0,0.0,228.93440205561848,0.0,0.0,0.0,0.0,113.7251845333742,0.0,0.0,619.4932630288683,0.0,0.0,619.4932630288683,0.0,0.0,1000.0,0.0,-1000.0,588.0135108964922,0.0,243.696488859545,0.0,0.0,0.0,928.1757106998548,0.0,-928.1757106998548,0.0,383.4336055330975,0.0,228.93440205561848,1000.0,578.125,0.0,0.0,69.4127735571729,-0.11750235456529806,0.0,0.0,0.0,0.0,0.07833490304353204,0.0,0.0,0.0,866.4968855682124,1000.0,0.0,-6.5704068411594285,-97.27542489033131,766.5269886489668,-121.8063687139877,0.0,-438.6679571193493,0.0,-9.855610261739143,0.0,0.0,0.0,939.5959562631324,499.07200085621685,-1000.0,-417.5326087781026,-1000.0,0.0,0.0,0.0,0.0,0.0,0.0,0.0,0.0,0.0,0.0,0.0,0.0,0.0,0.0,0.0,0.0,0.0,0.0,0.0,-1000.0,0.0,0.0,0.0,0.0,0.0,0.0,880.6253061496499,0.0,0.0,0.0,0.0,0.0,0.0,1000.0,0.0,-1000.0,-499.07200085621685,-1000.0,-87.15737801149321,172.62061213104073,-224.43915049433718,-1000.0,-3.9167451521766026,1000.0,998.0416274239117,83.2406328593166,-177.8256521907083,0.0,654.8856903926376,536.7580325997344,-641.9231361092319,133.5031144317876,0.0,0.0,0.0,636.1727096366064,0.0,0.0,0.0,0.0,0.0,0.0,-470.86312876987495,0.0,0.0,0.0,0.0,0.0,192.1505018358572,0.0,0.0,-90.10885494127268,0.0,0.0,363.26742144691207,0.0,0.0,0.0,0.0,-92.1665096956468,0.15666980608697725,0.0,0.0,0.0,0.0,0.0,0.0,0.0,0.0,0.0,0.0,0.0,0.0,0.0,0.0,0.0,0.0,0.0,0.0,0.0,0.08616839334782357,0.08616839334782357,0.0,192.2444930319341,0.0,47.00094182611923,0.0,0.0,0.0,-896.6666517491919,0.0,0.0,0.0,0.0,0.0,-288.62134171252916,896.6666517491919,0.0,0.0,231.84271951571094,0.0,0.0,363.26742144691207,0.0,0.0,0.0,0.0,0.0,0.0,0.0,242.72581486803801,-866.4968855682124,0.0,0.0,6.031787534351967,0.0,438.4950360676492,-855.6885346806733,-855.6885346806733,0.0,-288.62134171252916,0.0,-380.787851408176,0.0,1000.0,-1000.0,0.0,0.0,0.0,0.0,0.0,0.0,0.0,0.0,0.0,0.0,0.0,0.0,0.0,0.0,47.00094182611923,228.93440205561848,228.93440205561848,0.0,0.0,0.0,0.0,0.0,0.0,0.0,0.0,0.0,0.0,0.7833490304353206,0.0,0.0,0.0,0.0,0.0,0.0,0.0,0.0,133.5031144317876,-231.84271951571094,0.0,0.0,0.0,0.0,0.0,0.0,0.0,0.0,0.0,1000.0,-748.2720591746734,0.0,23.500470913059615,23.500470913059615,-175.54155757645972,896.6666517491919,0.0,363.26742144691207,0.0,0.0,0.0,0.0,0.0,-640.8422442129207,192.1505018358572,-357.72523339761574,0.07833490304353204,0.0,0.0,0.0,53.16821143323768,0.0,0.0,417.1934986130243,0.0,0.0,0.0,0.0,0.0,0.0,0.0,0.0,0.0,0.0,0.0,0.0,0.0,0.0,0.07833490304353204,0.0,0.0,0.0,0.0,0.0,0.0,0.0,0.0,0.0,0.0,880.6253061496499,0.0,0.0,-1000.0,-5.875117728264904,0.0,-3.9167451521766052,0.0,0.0,0.0,0.0,0.0,0.0,0.0,0.0,0.0,0.0,0.0,228.93440205561848,766.5269886489668,0.0,0.0,16.879299435582368,0.0,0.0,0.0,-0.07833490304353204,0.0,0.0,0.07833490304353204,0.0,0.07833490304353204,0.0,0.0,0.0,47.00094182611923,95.5685817131091,95.5685817131091,0.0,0.0,0.0,0.0,0.0,0.0,0.0,0.0,0.0,192.1505018358572,0.0,0.0,471.37627773506483,474.96431368011565,0.0,0.0,0.0,0.0,0.0,0.0,0.0,0.0,0.0,0.0,0.0,0.0,0.0,0.0,0.0,0.0,0.0,0.11750235456529806,0.0,0.0,0.0,-133.5031144317876,0.0,0.0,0.0,0.0,0.0,-192.2444930319341,3.9167451521766026,0.0,0.0,0.0,-578.125,114.26332195430791,0.0,-3.9167451521766052,0.0,0.0,0.0,0.0,0.0,0.0,0.0,228.93440205561848,0.0,231.84271951571094,302.40325730444334,192.2444930319341,0.0,309.3330193912936,-9.855610261739143,0.0,880.6253061496499,0.0,-880.6253061496499,0.0,-95.5685817131091,0.0,3.9167451521766052,1000.0,0.0,329.59854353708135,0.0,-90.10885494127268,0.0,0.0,0.0,0.0,0.0,0.0,0.0,0.0,0.0,248.32199372060643,-59.53452631308346,95.5685817131091,0.0,0.0,0.0,0.0,0.0,0.0,0.0,0.0,0.0,0.0,0.0,0.0,150.33531990364446,-53.16821143323768,0.0,0.0,23.500470913059615,0.0,0.0,0.0,0.0,-222.48926944270642,0.0,0.0,0.08616839334782357,0.0,0.0,0.0,47.78429085655455,0.0,0.0,0.0,0.0,41.3366047361408,0.0,0.0,0.0,0.0,0.0,0.0,0.0,0.0,-541.5265070234138,0.0,327.58173594356344,0.007833490304353204,0.0,0.0,0.0,0.0,0.0,0.0,0.0,0.0,0.0,0.0,0.0,0.0,0.0,0.0,0.0,192.2444930319341,0.0,0.0,0.0,0.0,0.0,0.0,0.0,588.0135108964922,0.0,0.0,0.0,0.0,-18.910133184045836,1000.0,-1000.0,0.0,0.0,0.0,47.00094182611923,0.0,0.0,0.0,0.0,0.0,410.6174410158481,-457.61838284196733,0.0,0.0,0.0,0.0,0.0,0.0,0.0,0.0,0.0,0.0,0.0,0.0,357.72523339761574,-1000.0,1000.0,-1000.0,866.4968855682124,0.0,999.6866603878265,0.0,0.0,0.0,0.0,0.0,0.0,0.0,0.0,0.0,570.3125,0.0,-570.3125,-570.3125,0.0,0.0,0.0,0.0,-9.79186288044151,228.93440205561848,-5.875117728264904,1000.0,0.0,0.0,0.0,0.0,0.0,0.0,-0.9791862880441508,90.10885494127268,0.0,0.0,0.0,0.0,0.0,0.0,0.0,1000.0,23.500470913059615,23.500470913059615,0.0,0.0,0.0,0.0,0.0,0.08616839334782357,192.2444930319341,0.0,0.0,-999.6866603878265,327.5739024532591,0.0,0.0,0.0,0.0,0.0,0.0,0.0,0.0,0.0,0.0,0.0,0.0,0.0,0.0,0.0,0.0,12.571054684045293,0.0,82.25164819570865,0.0,0.0,6.031787534351967,0.0,0.0,0.0,192.2444930319341,0.0,-2.5223838780019605,0.0,0.0,0.0,-9.79186288044151,0.0,0.0,0.0,0.0,0.0,0.0,0.0,0.0,0.0,0.0,0.0,0.0,0.0,0.0,0.0,0.0,0.0,0.0,-0.07833490304353204,0.0,0.0,3.9167451521766026,288.62134171252916,0.0,0.0,0.0,0.0,228.93440205561848,0.0,0.0,0.0,-939.5959562631324,1.958372576088301,0.0,0.0,0.0,0.07833490304353204,0.0,78.33490304353204,-11.71276525944964,15.66698060870641,0.5595350217395146,243.696488859545,-0.05875117728264903,3.9167451521766026,1.566698060870641,-0.3916745152171188,-243.696488859545,23.500470913059615,-0.07833490304353205,3.2852034205797143,363.26742144691207,0.019583725760883013,0.5595350217395146,-9.855610261739143,-12.470916564530587,-1.566698060870641,-300.0,-0.07833490304353205,0.019583725760883013,-243.696488859545,7.833490304353204,0.07833490304353205,0.07833490304353205,-192.07998973554274,0.0861683933478676,-200.86847755316737,-0.05875117728264903,23.500470913059615,0.07833490304353205,133.5031144317876,70.83519199696192,-0.03916745152176602,158.30350976821546,-7.911825207396737,-0.05875117728264903,-0.07833490304353205,-11.71276525944964,0.07833490304353204,7.833490304353204,-1.566698060870641,0.0,0.0,-7.833490304353204,300.0,0.0,15.666980608706409,0.11750235456529806,-434.5385249055712,7.833490304353204,-242.72581486803801,363.26742144691207,-15.666980608706409,0.03916745152176602,0.7833490304353206,1.6426017102898571,207.9114736406405,-0.07833490304353205,-209.86984621672792,192.07998973554274,24.283819943494937,0.07833490304353205,12.470916564530587,159.26289427594588,363.26742144691207,-0.07833490304353205,-0.01958372576088301,-363.26742144691207,-0.07833490304353205,-92.1665096956468,0.07833490304353205,-0.01958372576088301,-0.01958372576088301,-0.01958372576088301,31.333961217412817,-70.83519199696192,0.7833490304353206,58.03637129237526,-0.01958372576088301,0.0,3.916745152176602,50.0,0.07833490304353205,0.03916745152176602,0.039167451521766025,75.0,11.71276525944964,0.07833490304353205,-11.71276525944964,0.7833490304353206,0.07833490304353205,-58.03637129237526,0.07833490304353198,0.31333961217349837,0.3916745152171188,0.03916745152176602,0.01958372576088301,23.500470913059615,-0.07833490304353205,200.86847755316737,0.7833490304353204,-116.07274258475051,1.9583725760883015,-7.833490304353204,15.666980608706409,3.916745152176602,-0.07833490304353198,9.855610261739143,0.11750235456529806,-0.07833490304353205,-150.0,11.71276525944964,545.3693082132388,0.039167451521766025,-100.0,-0.07833490304353205,-0.07833490304353205,-0.07833490304353205,0.039167451521766025,243.696488859545,-15.666980608706409,0.07833490304353204,3.2852034205797143,-0.01958372576088301,-0.0861683933478676,-3.2852034205797143,11.750235456529806,7.911825207396737,-359.8332188704965,243.696488859545,-0.05875117728264903,209.86984621672792,-207.9114736406405,0.07833490304353205,-0.019583725760883013,3.9167451521766052,78.33490304353204,-0.03916745152176602,-0.07833490304353205,0.01958372576088301,1000.0,0.0,373.4369057939402,0.0,-255.0,0.0,927.3294340464465,-140.0,0.0,-80.0,-171.1209512136988,-325.0,-61.06245166010922,40.0,127.5,85.5604756068494,0.0,70.0,-192.2444930319341,-322.8800387705324,61.06245166010922,325.0,-322.8800387705324,-927.3294340464465,380.11652473307373,0.0,1496.5981,hplb
454,0.0,0.0,0.0,0.0,0.0,0.0,0.0,0.0,0.0,0.0,0.0,0.0,0.0,0.0,0.0,0.0,345.65317821760766,804.7338068564784,0.0,-933.7172606143899,0.0,0.0,0.0,233.93078732805486,0.0,0.0,0.0,0.0,0.0,352.5480596693646,0.0,0.0,130.9380479598514,0.0,0.0,0.0,0.0,-21.766051565509876,0.0,-597.5093268985547,954.3156566955251,0.0,-301.7987621130278,180.04036764972614,0.0,0.0,0.0,0.0,-1000.0,0.0,0.0,0.0,0.0,0.16750925878272938,0.0,0.0,0.0,30.456228869649866,0.0,0.0,-13.410892778935686,0.0,13.410892778935686,0.0,769.854007027935,0.0,0.0,0.0,498.5594099075918,-498.5594099075918,0.0,1.5228114434824933,0.0,0.0,0.0,0.0,0.0,0.0,0.0,0.0,0.0,0.0,0.0,0.0,91.3686866089496,0.0,0.0,-47.78259863002984,880.1935346008813,-902.00653179491,-0.03807028608706233,0.0,0.0,0.0,45.6843433044748,0.0,45.6843433044748,-4.903452848013245,0.0,0.0,0.0,7.6140572174124665,-53.962600139735386,0.0,0.0,-5.696538750052648,0.0,635.6350531899304,0.0,0.0,0.0,0.0,0.0,0.0,0.0,0.0,0.0,0.0,0.0,0.0,0.0,0.0,0.0,0.0,-555.8379153696605,0.0,0.0,45.6843433044748,0.0,47.2071547479573,26.78990808737782,0.0,0.0,938.9740639499892,-938.9740639499892,938.9740639499892,426.1622795681992,1000.0,-1000.0,-426.1622795681992,0.0,0.0,0.0,0.0,0.0,11.725648114815044,0.15228114434824933,0.0,0.0,0.0,-984.186893025121,868.0051419391981,0.0,0.0,0.0,0.0,930.738643784999,0.0,0.0,0.0,0.0,0.0,793.8466037058307,793.8466037058307,0.0,0.0,0.0,0.0,-771.1798395122413,0.0,0.0,793.9988848501789,0.0,0.0,0.0,38.058835487921975,0.0,0.0,0.0,0.0,0.0,0.0,0.0,0.0,0.0,0.0,0.0,0.0,0.0,0.0,0.0,-1000.0,0.0,0.0,0.0,0.0,0.0,0.0,301.7987621130278,21.81299719402864,-21.81299719402864,0.0,0.0,0.0,0.0,0.0,0.0,0.0,406.5106598091,391.6903791727419,0.0,0.0,0.0,0.0,0.0,0.0,0.0,0.0,0.0,0.0,0.0,0.0,0.0,30.025679221008886,77.09420882522265,0.0,0.0,0.0,0.0,0.0,154.61960442082682,0.0,0.0,0.0,0.0,-13.410892778935686,-180.04036764972614,0.0,0.0,0.0,0.0,0.0,0.0,0.0,0.0,0.0,0.0,0.0,0.0,-556.5817752938249,0.0,-724.1708393229735,0.0,0.0,0.0,0.0,0.0,-742.305404029477,0.0,0.0,0.0,-218.602731235781,0.0,0.0,-125.51635936893706,-125.51635936893717,0.0,0.0,0.0,125.51635936893717,902.00653179491,0.0,940.6121420661468,0.0,0.0,323.8246044855445,0.0,0.0,0.0,-991.4581659692464,0.0,991.4581659692464,0.0,1000.0,0.0,0.0,9.980142646238278,0.0,0.0,0.0,-13.410892778935686,-0.22842171652237397,0.0,0.0,0.0,0.0,0.15228114434824933,0.0,0.0,0.0,799.6960522746984,345.65317821760766,0.0,-986.3948261120279,227.33433103245218,0.0,1000.0,0.0,473.98401172609965,0.0,-5.696538750052648,0.0,0.0,0.0,424.05571130419855,-898.0397230302982,0.0,0.0,-186.0044142689659,0.0,0.0,0.0,0.0,0.0,0.0,0.0,0.0,0.0,0.0,0.0,0.0,0.0,0.0,0.0,0.0,0.0,0.0,0.0,21.156926988116897,0.0,0.0,0.0,0.0,0.0,22.917235712175625,-11.725648114815044,0.0,0.0,0.0,0.0,0.0,399.4803131227064,0.0,-7.6140572174124665,-3.8070286087062333,0.0,1000.0,392.4441023414891,0.0,-642.2136786975002,0.0,0.0,-1000.0,0.0,-400.0581595589016,0.0,0.0,208.5341299729289,0.0,98.99378600980901,45.6843433044748,0.0,0.0,0.0,463.02299105022547,0.0,0.15228114434824933,0.0,-30.025679221008886,30.025679221008886,30.025679221008886,-232.78268116982272,0.0,0.0,-206.3056774385176,0.0,0.0,406.5106598091,0.0,0.0,-26.821785557871372,0.0,0.0,0.0,0.0,0.0,0.0,0.0,-84.77188556517507,0.30456228869650204,0.0,0.0,0.0,0.0,0.0,0.0,0.0,0.0,0.0,0.0,0.0,0.0,0.0,0.0,0.0,0.0,0.0,0.0,0.0,0.16750925878272938,0.16750925878272938,0.0,279.569450351359,0.0,91.3686866089496,0.0,0.0,0.0,0.0,0.0,522.6778090277054,0.0,0.0,0.0,585.9866315648637,0.0,0.0,0.0,240.5465373149637,0.0,0.0,0.0,0.0,0.0,0.0,0.0,0.0,0.0,0.0,185.27930512322018,-799.6960522746984,116.18175108592293,0.0,11.725648114815044,0.0,0.0,0.0,-154.61960442082682,0.0,585.9866315648637,0.0,0.0,501.2147459996886,0.0,0.0,30.025679221008886,0.0,0.0,0.0,0.0,0.0,0.0,0.0,0.0,0.0,0.0,0.0,0.0,0.0,91.3686866089496,0.0,0.0,0.0,0.0,0.0,0.0,0.0,0.0,0.0,0.0,0.0,0.0,1.5228114434824933,0.0,0.0,0.0,0.0,0.0,301.7987621130278,0.0,0.0,45.6843433044748,-240.5465373149637,0.0,0.0,0.0,0.0,0.0,0.0,0.0,0.0,0.0,-691.3098753352488,701.5608107926965,0.0,45.6843433044748,45.6843433044748,0.0,0.0,0.0,0.0,0.0,0.0,0.0,0.0,0.0,0.0,406.5106598091,-186.0044142689659,0.15228114434824933,0.0,0.0,-692.0091120618914,785.958485273436,0.0,0.0,0.0,0.0,0.0,0.0,0.0,0.0,0.0,0.0,0.0,0.0,0.0,0.0,0.0,0.0,0.0,0.15228114434824933,0.0,0.0,0.0,-481.4806506821441,481.4806506821441,0.0,0.0,0.0,0.0,0.0,0.0,0.0,0.0,9.431278873301853,-11.4210858261187,-0.7359665805502189,-6.878090636862243,0.0,609.375,609.375,-609.375,0.0,0.0,0.0,0.0,0.0,0.0,0.0,0.0,0.0,0.0,0.0,315.1419732001504,0.0,0.0,0.0,0.0,0.0,0.0,0.15228114434824933,0.0,0.15228114434824933,0.0,0.0,0.0,91.3686866089496,185.7829961048642,185.7829961048642,0.0,0.0,0.0,0.0,0.0,0.0,0.0,116.18175108592293,0.0,406.5106598091,0.0,0.0,437.16711783258245,0.0,0.0,0.0,0.0,0.0,0.0,0.0,0.0,0.0,0.0,0.0,0.0,0.0,0.0,154.61960442082682,0.0,0.0,0.0,0.22842171652237397,0.0,0.0,0.0,-45.6843433044748,0.0,0.0,0.0,0.0,0.0,-279.569450351359,7.6140572174124665,0.0,0.0,0.0,0.0,771.1798395122413,0.0,-6.878090636862243,0.0,0.0,0.0,0.0,0.0,0.0,0.0,0.0,0.0,240.5465373149637,686.5743026750299,249.54377113035014,0.0,410.7255222162731,-5.696538750052648,11.725648114815044,-11.725648114815044,0.0,0.0,0.0,-928.0884001343412,0.0,7.614057217412466,354.71656934568716,0.0,0.0,0.0,-26.821785557871372,0.0,0.0,0.0,0.0,0.0,0.0,0.0,0.0,0.0,290.99053617747774,-313.8327078297152,185.7829961048642,0.0,974.2521761555033,974.2521761555033,-974.2521761555033,0.0,0.0,0.0,0.0,0.0,0.0,0.0,0.0,0.0,-93.94937321154464,0.0,-301.7987621130278,45.6843433044748,0.0,0.0,0.0,0.0,397.88100182683365,0.0,0.0,0.16750925878272938,0.0,0.0,0.0,92.8914980524321,0.0,0.0,0.0,0.0,77.09420882522265,0.0,0.0,0.0,0.0,0.0,0.0,0.0,0.0,830.942971638409,0.0,0.015228114434824747,0.015228114434824747,0.0,0.0,0.0,0.0,0.0,0.0,0.0,0.0,0.0,-692.0091120618914,0.0,0.0,0.0,0.0,0.0,279.569450351359,0.0,0.0,0.0,0.0,0.0,0.0,0.0,0.0,0.0,0.0,0.0,0.0,0.0,0.0,804.7338068564784,0.0,0.0,0.0,91.3686866089496,0.0,0.0,0.0,0.0,0.0,0.0,-91.3686866089496,0.0,0.0,0.0,0.0,0.0,0.0,0.0,0.0,0.0,0.0,0.0,0.0,1000.0,-53.962600139735386,541.4797017111332,-45.6843433044748,0.0,0.0,-21.766051565509876,0.0,0.0,0.0,0.0,0.0,0.0,0.0,0.0,0.0,0.0,0.0,0.0,0.0,0.0,0.0,0.0,0.0,-19.035143043531164,0.0,-11.4210858261187,739.578739836179,0.0,0.0,0.0,0.0,0.0,-1.9035143043531166,0.0,26.821785557871372,0.0,0.0,0.0,0.0,0.0,0.0,0.0,1000.0,45.6843433044748,45.6843433044748,0.0,0.0,0.0,0.0,0.0,0.16750925878272938,279.569450351359,0.0,0.0,21.766051565509876,0.0,0.0,0.0,0.0,0.0,0.0,0.0,0.0,0.0,0.0,0.0,0.0,0.0,0.0,0.0,0.0,0.0,26.78990808737782,0.0,159.8952015656618,11.725648114815044,0.0,0.0,0.0,0.0,0.0,279.569450351359,0.0,-5.639419428563468,0.0,0.0,0.0,-19.035143043531164,0.0,0.0,0.0,0.0,0.0,0.0,0.0,0.0,0.0,0.0,0.0,0.0,0.0,0.0,0.0,0.0,0.0,0.0,-0.15228114434824933,0.0,0.0,7.6140572174124665,-585.9866315648637,0.0,0.0,0.0,0.0,0.0,0.0,0.0,0.0,-424.05571130419855,3.8070286087062333,0.0,0.0,0.0,0.15228114434824933,0.0,152.2811443482493,-20.417246660579476,30.456228869649866,1.0877224596303523,478.44420890637133,-0.11421085826118699,7.6140572174124665,3.0456228869649866,-0.7614057217412284,-478.44420890637133,45.6843433044748,-0.15228114434824933,1.8988462500175494,0.0,0.03807028608706233,1.0877224596303523,-5.696538750052648,-24.243158180240755,-3.0456228869649866,-216.6697244596961,-0.15228114434824933,0.03807028608706233,-478.44420890637133,15.228114434824933,0.15228114434824933,0.15228114434824933,-279.24965994822804,0.16750925878307407,-204.31685602492115,-0.11421085826118699,45.6843433044748,0.15228114434824933,45.6843433044748,-76.14057217412467,-0.07614057217412466,-715.0287102599725,-170.0,-0.11421085826118699,-0.15228114434824933,-20.417246660579476,0.15228114434824933,15.228114434824933,-3.0456228869649866,154.61960442082682,154.61960442082682,-15.228114434824933,216.6697244596961,-154.61960442082682,30.456228869649866,0.22842171652237397,-141.6587219871393,15.228114434824933,-185.27930512322018,0.0,-30.456228869649866,0.07614057217412466,1.5228114434824933,246.59870652800697,280.0,-0.15228114434824933,-313.8327078297152,279.24965994822804,47.2071547479573,0.15228114434824933,24.243158180240755,-182.73737321789866,0.0,-0.15228114434824933,-0.03807028608706233,0.0,-0.15228114434824933,-84.77188556517507,0.152281144348363,-0.03807028608706233,-0.03807028608706233,-0.03807028608706233,60.91245773929973,76.14057217412467,1.5228114434824933,112.82129281901102,-0.03807028608706233,491.2985668059964,7.6140572174124665,50.0,0.15228114434824933,0.07614057217412466,0.07614057217412466,15.228114434824933,20.417246660579476,0.15228114434824933,-20.417246660579476,1.5228114434824933,0.15228114434824933,-112.82129281901102,0.15228114434824933,0.6091245773929792,0.7614057217412284,0.07614057217412466,0.03807028608706233,45.6843433044748,-0.15228114434824933,204.31685602492115,1.5228114434824933,-225.64258563802204,3.8070286087062333,-15.228114434824933,30.456228869649866,7.6140572174124665,-0.15228114434824933,5.696538750052648,0.22842171652237397,-0.15228114434824933,-30.456228869649866,20.417246660579476,70.90923608057426,0.07614057217412466,-100.0,-0.15228114434824933,-0.152281144348363,-0.15228114434824933,0.07614057217412466,478.44420890637133,-30.456228869649866,0.15228114434824933,493.19741305601394,-0.03807028608706233,-0.16750925878307407,-493.19741305601394,22.842171652237397,170.0,-231.61247084814462,478.44420890637133,-0.11421085826118699,313.8327078297152,-280.0,0.15228114434824933,-0.038070286087062324,7.614057217412466,152.2811443482493,-0.07614057217412466,-0.15228114434824933,0.03807028608706233,0.0,0.0,141.58258141496518,0.0,-195.92055841688745,0.0,339.3155244077722,-140.0,0.0,-80.0,-255.0,-325.0,0.0,40.0,97.96027920844372,127.5,0.0,70.0,-279.569450351359,-468.7902379074079,0.0,325.0,-468.7902379074079,-339.3155244077722,253.41239159542297,0.0,1496.5981,hplb
455,0.0,0.0,0.0,0.0,0.0,0.0,0.0,0.0,-0.14594982086079275,0.0,0.0,0.0,0.0,0.0,0.0,0.0,0.2189247312911891,0.0,0.0,110.04008368650432,0.0,0.0,0.0,20.09962791575228,0.0,0.0,0.0,0.0,0.0,-217.043702367069,0.0,0.0,618.0112489382566,0.0,0.0,0.0,0.0,-25.560678626757483,0.0,-1000.0,1000.0,0.0,0.0,495.87848640594507,0.0,0.0,0.0,0.0,607.4453950183165,0.0,0.0,886.4991037884838,0.0,0.16054480294678797,0.0,0.0,0.0,29.18996417215855,0.0,0.0,-12.85331422380913,0.0,1000.0,987.1466857761909,0.0,0.0,0.0,0.0,0.0,0.0,0.0,1.4594982086079276,0.0,0.0,0.0,0.0,0.0,0.0,0.0,843.8519399883598,0.0,0.0,0.0,0.0,87.56989251647565,0.0,0.0,137.34429361295253,500.0,0.0,-0.03648745521519819,0.0,0.0,-15.294685540769933,43.784946258237824,0.0,43.784946258237824,0.0,0.0,0.0,0.0,7.297491043039638,-217.043702367069,0.0,0.0,0.0,0.0,0.0,0.0,0.0,0.0,0.0,0.0,0.0,0.0,0.0,0.0,0.0,0.0,0.0,0.0,0.0,0.0,0.0,-985.507495497412,0.0,0.0,43.784946258237824,0.0,45.24444446684575,19.379935891268474,0.0,0.0,0.0,0.0,0.0,-1000.0,-765.624999999999,765.624999999999,1000.0,0.0,0.0,0.0,0.0,0.0,11.23813620628107,0.14594982086079275,0.0,0.0,0.0,0.0,0.0,0.0,0.0,0.0,0.0,689.061900431497,0.0,0.0,0.0,0.0,0.0,970.4572061513372,970.4572061513372,0.0,0.0,0.0,546.875,0.0,0.0,0.0,970.603155972198,0.0,0.0,0.0,0.0,-512.2410224164821,0.0,0.0,0.0,0.0,0.0,0.0,0.0,0.0,0.0,0.0,0.0,0.0,0.0,0.0,-836.6495214948828,0.0,0.0,0.0,0.0,0.0,0.0,-886.4991037884838,-500.0,500.0,0.0,0.0,0.0,0.0,0.0,0.0,0.0,0.0,-760.9661068411951,0.0,0.0,0.0,0.0,0.0,0.0,0.0,0.0,0.0,0.0,0.0,0.0,0.0,0.0,-41.62007165568291,495.87848640594507,0.0,0.0,0.0,0.0,155.2590680930599,0.0,0.0,0.0,0.0,-12.85331422380913,0.0,0.0,0.0,0.0,0.0,0.0,0.0,0.0,0.0,476.88469475316185,0.0,0.0,0.0,0.0,1000.0,-641.7094151572148,0.0,-495.87848640594507,0.0,0.0,0.0,14.911948527113793,0.0,0.0,0.0,-14.70930944575457,0.0,0.0,0.0,0.0,279.3007202931101,-279.3007202931097,279.3007202931101,0.0,0.0,0.0,-248.25050115628085,0.0,0.0,290.70080389108875,0.0,0.0,0.0,986.994730856023,0.0,-986.994730856023,0.0,1000.0,0.0,0.0,0.0,546.875,0.0,0.0,-12.85331422380913,-0.2189247312911891,0.0,0.0,0.0,0.0,0.14594982086079275,0.0,0.0,0.0,160.72081239042322,0.2189247312911891,0.0,-1000.0,-56.660610606139244,512.2410224164821,949.6624725421259,0.0,1000.0,0.0,0.0,0.0,0.0,0.0,-12.56627957611417,12.56627957611417,-1000.0,0.0,720.0812344841938,0.0,0.0,0.0,0.0,0.0,0.0,0.0,0.0,0.0,0.0,0.0,0.0,0.0,0.0,0.0,0.0,0.0,-1000.0,0.0,-975.023120656686,0.0,0.0,472.1851105214387,0.0,0.0,0.0,-488.1228309594429,0.0,0.0,0.0,0.0,0.0,0.0,0.0,-558.6610338716679,0.0,-12.56627957611417,-920.9314839787539,526.8230867170371,-196.52143378905743,1000.0,0.0,551.3635428286283,265.02278164015866,-3.648745521519819,-534.1205777600767,-1000.0,0.0,-123.17546125609294,1000.0,28.308077696577655,43.784946258237824,203.03124999999923,-203.03124999999923,0.0,0.0,0.0,0.0,0.0,0.0,0.0,0.0,-364.6023173795238,0.0,0.0,-29.688743669523546,0.0,0.0,0.0,0.0,0.0,-25.706628447618275,0.0,0.0,94.12247371611195,0.0,0.0,0.0,0.0,-85.40501791392073,0.29189964172201144,0.0,0.0,0.0,0.0,0.0,0.0,0.0,0.0,0.0,0.0,0.0,0.0,0.0,0.0,0.0,0.0,0.0,0.0,0.0,0.16054480294678797,0.16054480294678797,0.0,227.99226896558437,0.0,87.56989251647565,0.0,0.0,0.0,1000.0,0.0,201.3125932358287,0.0,0.0,0.0,399.3095360709711,-1000.0,0.0,0.0,0.0,0.0,0.0,94.12247371611195,0.0,0.0,0.0,0.0,0.0,0.0,0.0,328.50249849913735,-160.72081239042322,0.0,0.0,11.23813620628107,0.0,195.7021726106849,-210.99685815145483,-366.25592624451474,0.0,399.3095360709711,0.0,1000.0,-686.0954818429498,953.1249999999982,-953.1249999999982,0.0,0.0,0.0,0.0,0.0,0.0,0.0,0.0,0.0,0.0,0.0,0.0,0.0,0.0,87.56989251647565,0.0,0.0,0.0,0.0,0.0,0.0,0.0,0.0,0.0,0.0,0.0,0.0,1.4594982086079276,0.0,0.0,0.0,0.0,0.0,-886.4991037884838,0.0,0.0,43.784946258237824,0.0,0.0,0.0,0.0,0.0,0.0,0.0,0.0,0.0,0.0,61.13659437694798,0.0,0.0,43.784946258237824,43.784946258237824,1000.0,-1000.0,0.0,94.12247371611195,0.0,0.0,0.0,0.0,0.0,983.4663177934856,0.0,1000.0,0.14594982086079275,0.0,0.0,0.0,115.22784485601164,590.4123532073653,0.0,15.294685540769933,0.0,0.0,0.0,0.0,0.0,0.0,0.0,0.0,0.0,0.0,0.0,0.0,0.0,0.0,0.14594982086079275,0.0,0.0,0.0,-321.8310758981322,321.8310758981322,0.0,0.0,0.0,0.0,0.0,-15.937720438004249,0.0,0.0,24.976879343313914,-10.946236564559456,-7.297491043039642,0.0,0.0,0.0,0.0,0.0,0.0,0.0,0.0,0.0,0.0,0.0,0.0,0.0,512.2410224164821,0.0,0.0,-87.56989251647565,0.0,0.0,0.0,-0.14594982086079275,0.0,0.0,0.14594982086079275,0.0,0.14594982086079275,0.0,0.0,0.0,87.56989251647565,178.05878145016715,178.05878145016715,0.0,0.0,0.0,0.0,0.0,0.0,0.0,0.0,0.0,0.0,0.0,0.0,0.0,0.0,0.0,0.0,0.0,0.0,0.0,0.0,0.0,0.0,0.0,0.0,0.0,0.0,0.0,155.2590680930599,0.0,-473.48882375813673,473.48882375813673,0.2189247312911891,0.0,0.0,0.0,-43.784946258237824,0.0,0.0,0.0,0.0,0.0,-227.99226896558437,7.297491043039638,0.0,0.0,0.0,-546.875,0.0,892.6583177165217,0.0,0.0,0.0,0.0,0.0,0.0,0.0,0.0,0.0,0.0,0.0,0.0,227.99226896558437,0.0,257.27762076640397,590.4123532073653,0.0,404.53548675707873,0.0,-404.53548675707873,0.0,-163.14683292305335,0.0,7.297491043039642,393.9915544599116,0.0,0.0,0.0,-25.706628447618275,0.0,0.0,0.0,0.0,0.0,0.0,0.0,0.0,0.0,-21.892473129118827,0.0,178.05878145016715,0.0,0.0,0.0,0.0,0.0,0.0,0.0,0.0,0.0,476.88469475316185,0.0,0.0,260.83097865926266,-115.22784485601164,414.4436434298073,0.0,43.784946258237824,0.0,0.0,0.0,0.0,325.0863079911286,0.0,0.0,0.16054480294678797,0.0,0.0,0.0,89.02939072508357,0.0,0.0,0.0,0.0,-41.62007165568291,0.0,0.0,0.0,0.0,0.0,0.0,0.0,0.0,0.0,0.0,0.0145949820860789,0.0145949820860789,0.0,0.0,0.0,0.0,0.0,0.0,0.0,0.0,0.0,0.0,0.0,0.0,0.0,0.0,0.0,227.99226896558437,0.0,0.0,0.0,0.0,0.0,0.0,0.0,0.0,0.0,0.0,0.0,0.0,0.0,-416.8262767773615,0.0,0.0,0.0,0.0,87.56989251647565,0.0,0.0,0.0,0.0,0.0,0.0,-87.56989251647565,0.0,0.0,0.0,0.0,0.0,0.0,0.0,0.0,0.0,0.0,0.0,0.0,720.0812344841938,766.4226154264165,99.97562728964303,-43.784946258237824,0.0,0.0,-25.560678626757483,0.0,0.0,0.0,0.0,0.0,0.0,0.0,0.0,0.0,0.0,0.0,0.0,0.0,0.0,0.0,0.0,0.0,-18.243727607599098,0.0,-10.946236564559456,-10.946236564559513,0.0,0.0,0.0,0.0,0.0,109.26419114967457,-111.08856391043449,25.706628447618275,0.0,0.0,0.0,0.0,0.0,0.0,0.0,1000.0,43.784946258237824,43.784946258237824,0.0,0.0,0.0,0.0,843.8519399883598,0.16054480294678797,227.99226896558437,0.0,0.0,25.560678626757483,0.0,0.0,0.0,0.0,0.0,0.0,0.0,0.0,0.0,0.0,0.0,0.0,0.0,0.0,236.74441187906837,0.0,0.0,19.379935891268474,0.0,153.24731190383238,0.0,0.0,11.23813620628107,0.0,0.0,0.0,227.99226896558437,0.0,-427.7706982381226,0.0,0.0,0.0,-18.243727607599098,0.0,0.0,0.0,0.0,0.0,0.0,0.0,0.0,0.0,0.0,0.0,0.0,0.0,0.0,0.0,0.0,0.0,0.0,-0.14594982086079275,0.0,0.0,7.297491043039638,-399.3095360709711,0.0,0.0,0.0,0.0,0.0,0.0,0.0,0.0,12.56627957611417,3.648745521519819,0.0,0.0,0.0,0.14594982086079275,0.0,145.94982086079276,-25.864508575577275,29.18996417215855,1.042498720434234,445.95987198414866,-0.10946236564559456,7.297491043039656,2.918996417215855,-0.7297491043043607,-445.95987198414866,43.784946258237824,-0.14594982086079275,0.0,94.12247371611195,0.03648745521519819,1.042498720434234,0.0,-23.235211481043848,-2.918996417215855,-110.25900841779551,-0.14594982086079275,0.03648745521519819,-445.95987198414866,14.594982086079275,0.14594982086079275,0.14594982086079275,-227.68577434177678,0.16054480294687165,-113.0039136448122,-0.10946236564559456,43.784946258237824,0.14594982086079275,43.784946258237824,-72.97491043039638,-0.07297491043039638,-576.0579867866848,-170.0,-0.10946236564559456,-0.14594982086079275,-25.864508575577275,0.14594982086079275,14.594982086079284,-2.918996417215855,155.2590680930599,155.2590680930599,-14.594982086079275,110.25900841779551,-155.2590680930599,29.18996417215855,0.2189247312911891,190.68665762220402,14.594982086079275,-328.50249849913735,94.12247371611195,-29.18996417215855,0.07297491043039638,1.4594982086079276,250.0,257.1822331377429,-0.14594982086079275,-260.83097865926266,227.68577434177678,45.24444446684575,0.14594982086079275,23.235211481043848,-81.01731131683945,94.12247371611195,-0.14594982086079275,-0.03648745521519819,-94.12247371611195,-0.14594982086079275,-85.40501791392073,0.14594982086039435,-0.03648745521519819,-0.03648745521519819,-0.03648745521519819,58.3799283443171,72.97491043039638,1.4594982086079276,108.13057353024806,-0.03648745521519819,500.0,7.297491043039638,50.0,0.14594982086079275,0.07297491043039638,0.07297491043039638,61.656218944135254,25.864508575577275,0.14594982086079275,-25.864508575577275,1.4594982086079276,0.14594982086079275,-108.13057353024806,0.14594982086079275,0.5837992834435681,0.7297491043043607,0.07297491043039638,0.03648745521519819,43.784946258237824,-0.14594982086079275,113.0039136448122,1.4594982086079276,-216.2611470604961,3.6487455215197997,-14.594982086079284,29.18996417215855,7.297491043039638,-0.14594982086079275,0.0,0.2189247312911891,-0.14594982086079275,-123.31243788827051,25.864508575577275,17.33740249049066,0.07297491043039638,-100.0,-0.14594982086079275,-0.14594982086039435,-0.14594982086079275,0.07297491043039638,445.95987198414866,-29.18996417215855,0.14594982086079275,500.0,-0.03648745521519819,-0.16054480294687165,-500.0,21.89247312911891,170.0,-430.4292686181193,445.95987198414866,-0.10946236564559456,260.83097865926266,-257.1822331377429,0.14594982086079275,-0.03648745521519818,7.297491043039642,145.94982086079276,-0.07297491043039638,-0.14594982086079275,0.03648745521519819,0.0,0.0,-190.7596325326344,0.0,-255.0,0.0,141.69237681725804,-30.824386771914774,0.0,-80.0,-255.0,-286.46758493856254,0.0,40.0,127.5,127.5,0.0,15.412193385957387,-227.99226896558437,-342.42371048161925,0.0,286.46758493856254,-342.42371048161925,-141.69237681725804,104.0573530240091,0.0,1496.5981,hplb
456,0.0,0.0,0.0,0.0,0.0,0.0,0.0,0.0,339.8555087776614,0.0,0.0,0.0,0.0,0.0,0.0,0.0,0.0,426.0530169536341,0.0,-249.36881969690353,0.0,0.0,0.0,652.0779272573876,0.0,0.0,0.0,0.0,0.0,-661.8083221287594,0.0,0.0,88.83095847758122,0.0,0.0,0.0,0.0,-132.1877113737969,0.0,-1000.0,779.3274840989939,0.0,0.0,0.0,0.0,0.0,887.7388202501087,0.0,661.8083221287594,0.0,0.0,0.0,0.0,0.09165225115318855,0.0,0.0,0.0,16.664045664077094,0.0,0.0,99.04728992872816,0.0,0.0,-253.73939623313072,0.0,0.0,0.0,0.0,0.0,0.0,0.0,0.8332022832038547,0.0,0.0,0.0,0.0,0.0,0.0,0.0,0.0,0.0,0.0,0.0,0.0,49.99213699223128,0.0,11.21053735114264,-505.3539703410269,0.0,468.40834251289857,853.213614221795,0.0,0.0,336.8346646544184,24.99606849611564,0.0,24.99606849611564,0.0,0.0,0.0,0.0,4.166011416019273,-661.8083221287594,0.0,0.0,-49.32766447653751,510.19153320585286,0.0,0.0,0.0,0.0,0.0,0.0,0.0,0.0,0.0,0.0,0.0,0.0,0.0,0.0,0.0,0.0,0.0,-1000.0,0.0,0.0,24.99606849611564,0.0,25.829270779319494,2.447946132414728,0.0,-481.3791039830358,0.0,481.3791039830358,-481.3791039830358,-352.7866861618589,746.5727021620878,-746.5727021620878,0.0,0.0,0.0,0.0,0.0,0.0,17.62619493181232,0.08332022832038546,853.234444278875,0.0,0.0,-1000.0,489.80846679414714,0.0,0.0,0.0,0.0,30.581610473771217,0.0,0.0,0.0,0.0,0.0,145.97611203163964,145.97611203163964,0.0,0.0,0.0,-140.625,0.0,0.0,0.0,146.05943225996003,0.0,0.0,0.0,-295.4178338690976,0.0,0.0,0.0,0.0,0.0,0.0,0.0,0.0,0.0,0.0,0.0,0.0,0.0,0.0,0.0,-670.7124174772781,0.0,0.0,0.0,0.0,0.0,0.0,0.0,-432.66934790085395,432.66934790085395,0.0,0.0,0.0,0.0,0.0,0.0,0.0,0.0,-702.0790742041253,0.0,0.0,0.0,0.0,0.0,0.0,0.0,0.0,0.0,0.0,0.0,0.0,0.0,0.0,-66.67190867184581,0.0,0.0,0.0,0.0,352.7866861618589,9.766720795840115,0.0,0.0,0.0,0.0,99.04728992872816,0.0,0.0,0.0,0.0,0.0,0.0,0.0,0.0,0.0,2.682911351917113,0.0,0.0,0.0,468.2833621704179,900.9527100712719,-276.2149961131214,0.0,0.0,0.0,0.0,352.7866861618589,0.0,0.0,0.0,0.0,-131.5981210737474,0.0,0.0,-78.12499999999554,921.8750000000043,93.75000000000355,-1000.0,0.0,-828.1250000000008,-432.66934790085395,0.0,-412.4395024318559,0.0,0.0,227.59260848286488,0.0,0.0,0.0,-739.5012215008319,0.0,739.5012215008319,0.0,1000.0,0.0,352.7866861618589,0.0,-140.625,0.0,0.0,99.04728992872816,-0.12498034248057821,0.0,0.0,0.0,0.0,0.08332022832038546,0.0,0.0,0.0,633.2667168334052,0.0,0.0,-32.885109651025004,26.446897477774467,0.0,318.2009120973277,0.0,-732.096604861588,0.0,-49.32766447653751,0.0,0.0,0.0,702.512679528306,851.461163953373,-821.8772386200909,0.0,-1000.0,0.0,0.0,0.0,0.0,0.0,0.0,0.0,0.0,0.0,0.0,0.0,0.0,0.0,0.0,0.0,0.0,0.0,-1000.0,0.0,-868.1455695394847,0.0,0.0,0.0,598.1078816101254,0.0,0.0,-20.30910628372942,0.0,0.0,0.0,0.0,0.0,0.0,0.0,0.0,0.0,-851.461163953373,481.916106166718,0.0,0.0,0.0,0.0,-303.219952221082,451.243582111792,-2.0830057080096367,-4.166011416019273,0.0,0.0,0.0,1000.0,-759.7315207319683,24.99606849611564,0.0,0.0,0.0,604.802950115048,0.0,339.93882900598175,0.0,0.0,0.0,0.0,-317.1393313025876,0.0,0.0,0.0,0.0,0.0,0.0,0.0,0.0,-132.2710316021173,0.0,0.0,486.1226404977818,0.0,0.0,0.0,0.0,-91.66797716796145,0.16664045664073407,0.0,0.0,0.0,0.0,0.0,0.0,0.0,0.0,0.0,0.0,0.0,0.0,0.0,0.0,0.0,0.0,0.0,0.0,0.0,0.09165225115318855,0.09165225115318855,0.0,4.099202458309941,0.0,49.99213699223128,0.0,0.0,0.0,1000.0,0.0,323.9189745764558,11.21053735114264,0.0,0.0,-61.31355849954128,-1000.0,0.0,0.0,568.2831493333882,0.0,0.0,486.1226404977818,0.0,0.0,0.0,0.0,0.0,0.0,0.0,333.3333333333333,-633.2667168334052,0.0,0.0,17.62619493181232,0.0,927.9276445038079,-591.0929798493894,-600.8597006452294,0.0,-61.31355849954128,0.0,-906.9544521019026,753.9729164343998,328.1250000000003,-328.1250000000003,0.0,0.0,0.0,0.0,0.0,0.0,0.0,0.0,0.0,0.0,0.0,0.0,0.0,0.0,49.99213699223128,352.7866861618589,352.7866861618589,0.0,0.0,0.0,0.0,0.0,0.0,0.0,0.0,0.0,0.0,0.8332022832038547,0.0,0.0,11.21053735114264,-11.21053735114264,0.0,0.0,0.0,0.0,24.99606849611564,-568.2831493333882,0.0,0.0,0.0,0.0,0.0,0.0,0.0,0.0,0.0,678.2027854778792,0.0,0.0,24.99606849611564,24.99606849611564,1000.0,-1000.0,0.0,486.1226404977818,0.0,0.0,0.0,0.0,0.0,-338.1916778712406,0.0,-205.55205394348837,0.08332022832038546,0.0,0.0,0.0,100.2444798571702,0.0,0.0,-336.8346646544184,0.0,0.0,0.0,0.0,0.0,0.0,0.0,0.0,0.0,0.0,0.0,0.0,0.0,0.0,0.08332022832038546,0.0,0.0,0.0,0.0,0.0,0.0,0.0,0.0,0.0,0.0,111.54532417678597,0.0,0.0,0.0,-6.249017124028911,-4.1660114160192725,0.0,0.0,0.0,0.0,0.0,0.0,0.0,0.0,0.0,0.0,0.0,0.0,352.7866861618589,0.0,0.0,0.0,-755.565509315949,0.0,0.0,0.0,339.8555087776614,0.0,0.0,0.08332022832038546,0.0,0.08332022832038546,0.0,0.0,0.0,49.99213699223128,101.65067855087027,101.65067855087027,0.0,0.0,0.0,0.0,0.0,0.0,0.0,0.0,0.0,0.0,0.0,0.0,0.0,709.6865511866919,0.0,0.0,0.0,0.0,0.0,0.0,0.0,0.0,0.0,0.0,0.0,0.0,0.0,9.766720795840115,0.0,0.0,0.0,0.12498034248057821,0.0,0.0,0.0,-24.99606849611564,0.0,0.0,0.0,0.0,0.0,-4.099202458309941,4.166011416019273,0.0,0.0,0.0,140.625,0.0,-111.54532417678597,0.0,0.0,0.0,0.0,0.0,0.0,0.0,0.0,352.7866861618589,0.0,568.2831493333882,25.96628735864392,4.099202458309941,0.0,308.3359543359229,-49.32766447653751,131.85443046051535,-131.85443046051535,0.0,0.0,0.0,-101.65067855087027,0.0,4.1660114160192725,1000.0,0.0,0.0,0.0,-154.69210630440256,0.0,0.0,0.0,0.0,0.0,0.0,0.0,0.0,0.0,10.348219582338853,-22.846253830396662,101.65067855087027,0.0,0.0,0.0,0.0,0.0,0.0,0.0,0.0,0.0,2.682911351917113,0.0,0.0,0.0,-100.2444798571702,-78.38631647130669,0.0,24.99606849611564,11.21053735114264,0.0,0.0,0.0,-315.08790846166283,0.0,0.0,0.09165225115318855,0.0,0.0,0.0,50.825339275435134,0.0,0.0,0.0,0.0,-66.67190867184581,0.0,510.19153320585286,0.0,0.0,0.0,0.0,0.0,0.0,-1000.0,0.0,0.008332022832038785,0.008332022832038785,0.0,0.0,0.0,0.0,0.0,0.0,0.0,0.0,0.0,0.0,0.0,0.0,0.0,0.0,0.0,4.099202458309941,0.0,0.0,0.0,0.0,0.0,0.0,0.0,0.0,0.0,0.0,0.0,22.42107470228528,0.0,0.0,426.0530169536341,0.0,0.0,0.0,49.99213699223128,0.0,0.0,0.0,0.0,0.0,0.0,-49.99213699223128,0.0,22.42107470228528,0.0,0.0,0.0,0.0,0.0,0.0,0.0,0.0,0.0,0.0,205.55205394348837,-1000.0,766.7609075861559,0.0,-24.99606849611564,0.0,-132.1877113737969,0.0,0.0,0.0,0.0,0.0,0.0,0.0,0.0,0.0,0.0,0.0,0.0,0.0,0.0,0.0,0.0,0.0,-10.415028540048183,352.7866861618589,-6.249017124028911,726.2837878930596,0.0,0.0,0.0,0.0,0.0,0.0,-1.0415028540048183,132.2710316021173,0.0,0.0,0.0,0.0,0.0,0.0,0.0,1000.0,24.99606849611564,24.99606849611564,0.0,0.0,0.0,0.0,0.0,0.09165225115318855,4.099202458309941,0.0,0.0,132.1877113737969,0.0,0.0,0.0,0.0,0.0,0.0,0.0,0.0,0.0,0.0,0.0,0.0,0.0,0.0,0.0,0.0,0.0,2.447946132414728,0.0,87.48623973640474,0.0,0.0,17.62619493181232,0.0,0.0,0.0,4.099202458309941,0.0,107.3793127607667,0.0,0.0,0.0,-10.415028540048183,0.0,0.0,0.0,0.0,0.0,0.0,0.0,0.0,0.0,0.0,0.0,0.0,0.0,0.0,0.0,0.0,0.0,0.0,-0.08332022832038546,0.0,0.0,4.166011416019273,61.31355849954128,0.0,0.0,0.0,0.0,352.7866861618589,0.0,0.0,0.0,-702.512679528306,2.0830057080096367,0.0,0.0,0.0,0.08332022832038546,0.0,83.32022832038547,-23.38132464690478,16.664045664077094,0.5951444880027533,237.35932927870488,-0.062490171240289105,303.219952221082,1.6664045664077094,-0.4166011416019444,-237.35932927870488,24.99606849611564,-0.08332022832038546,16.442554825512502,486.1226404977818,0.020830057080096366,0.5951444880027533,-49.32766447653751,-24.47511769974865,-1.6664045664077094,-176.68419725673056,-0.08332022832038546,0.020830057080096366,-237.35932927870488,8.332022832038547,0.08332022832038546,0.08332022832038546,-3.924229978836367,-11.118885099990216,-81.84360669246766,-0.062490171240289105,24.99606849611564,0.08332022832038546,24.99606849611564,-41.660114160192734,-0.04166011416019273,149.91732517177147,-18.182063856199047,-0.062490171240289105,-0.08332022832038546,-23.38132464690478,0.08332022832038546,8.332022832038547,-1.6664045664077094,9.766720795840115,9.766720795840115,-8.332022832038547,176.68419725673056,-9.766720795840115,16.664045664077094,0.12498034248057821,-1000.0,8.332022832038547,-333.3333333333333,486.1226404977818,-16.664045664077094,0.04166011416019273,0.8332022832038547,8.221277412756251,20.763248122387033,-0.08332022832038546,-22.846253830396662,3.924229978836367,25.829270779319494,0.08332022832038546,24.47511769974865,386.1383665133194,486.1226404977818,-0.08332022832038546,-0.020830057080096366,-486.1226404977818,-0.08332022832038546,-601.8595103738144,0.08332022832049915,-0.020830057080096366,-0.020830057080096366,-0.020830057080096366,33.32809132815419,41.660114160192734,0.8332022832038547,61.72987415686583,-0.020830057080096366,0.0,4.166011416019273,50.0,0.08332022832038546,0.04166011416019273,0.04166011416019273,75.0,23.38132464690478,0.08332022832038546,-23.38132464690478,0.8332022832038547,0.08332022832038546,-61.72987415686583,0.08332022832038546,0.33328091328150516,0.4166011416019444,0.04166011416019273,0.020830057080096366,24.99606849611564,-0.08332022832038546,81.84360669246766,0.8332022832038547,-123.45974831373167,301.13694651307236,-8.332022832038547,16.664045664077094,4.166011416019273,-0.08332022832038546,49.32766447653751,0.12498034248057821,-0.08332022832038546,-150.0,23.38132464690478,523.8280564191855,0.04166011416019273,-100.0,-0.08332022832038546,-0.08332022832049915,-0.08332022832038546,0.04166011416019273,237.35932927870488,-16.664045664077094,0.08332022832038546,16.442554825512502,-0.020830057080096366,11.118885099990216,-16.442554825512502,12.49803424805782,18.182063856199047,462.2099264915852,237.35932927870488,-0.062490171240289105,22.846253830396662,-20.763248122387033,0.08332022832038546,-0.020830057080096366,4.1660114160192725,83.32022832038547,-0.04166011416019273,-0.08332022832038546,0.020830057080096366,0.0,0.0,964.2193452737952,0.0,-255.0,0.0,377.45434889259684,-140.0,0.0,-51.997640336836696,-255.0,-325.0,-35.73899461204462,25.998820168418348,127.5,127.5,0.0,70.0,-4.099202458309941,-208.74014795752265,35.73899461204462,325.0,-208.74014795752265,-377.45434889259684,-8.508020226380552,0.0,1496.5981,hplb
457,0.0,0.0,0.0,0.0,0.0,0.0,0.0,0.0,-0.14384851415789607,0.0,0.0,0.0,0.0,0.0,0.0,0.0,-588.0712823031015,0.0,0.0,888.0712823031015,0.0,0.0,0.0,161.1600026039496,0.0,0.0,0.0,0.0,0.0,0.0,19.910483860274052,-19.910483860274052,686.0956154952103,0.0,0.0,0.0,0.0,325.0499220741234,0.0,-1000.0,147.3288410296565,0.0,-314.32577813418425,160.16804455820528,0.0,0.0,0.0,0.0,0.0,0.0,0.0,0.0,0.0,0.15823336557411533,0.0,0.0,0.0,28.769702831579213,0.0,0.0,-19.305087100263826,0.0,-980.6949128997362,-1000.0,0.0,0.0,0.0,0.0,0.0,0.0,0.0,1.4384851415789608,0.0,0.0,0.0,0.0,0.0,0.0,0.0,0.0,0.0,0.0,0.0,0.0,86.30910849473764,0.0,0.0,800.0,-585.6742218658158,1000.0,-0.03596212853947402,0.0,0.0,-725.2957755388951,43.15455424736882,0.0,43.15455424736882,0.0,0.0,0.0,0.0,7.192425707894803,-508.70373534874875,0.0,0.0,-29.999721574922656,0.0,0.0,0.0,0.0,0.0,0.0,0.0,0.0,0.0,0.0,0.0,0.0,0.0,0.0,0.0,0.0,0.0,0.0,-685.9310687933746,0.0,0.0,43.15455424736882,0.0,44.59303938894779,0.0,0.0,0.0,0.0,0.0,0.0,0.0,0.0,0.0,0.0,0.0,0.0,0.0,0.0,0.0,11.07633559015801,0.14384851415789607,0.0,0.0,0.0,726.2476961365148,-1000.0,0.0,0.0,0.0,0.0,453.43114318355987,0.0,0.0,0.0,0.0,0.0,382.27023496913944,382.27023496913944,0.0,0.0,0.0,140.625,0.0,0.0,0.0,402.3245673435714,0.0,0.0,0.0,0.0,-281.0841680042349,0.0,0.0,0.0,0.0,0.0,0.0,0.0,0.0,0.0,0.0,0.0,0.0,0.0,0.0,-1000.0,0.0,0.0,0.0,0.0,0.0,0.0,314.32577813418425,-114.32577813418425,114.32577813418425,0.0,0.0,0.0,0.0,0.0,0.0,0.0,508.70373534874875,-447.998463237831,0.0,0.0,0.0,0.0,0.0,0.0,0.0,0.0,0.0,0.0,0.0,0.0,0.0,0.0,231.29170952664367,273.7455041689172,0.0,0.0,0.0,0.0,155.4713000700525,0.0,0.0,0.0,0.0,-19.305087100263826,113.57745961071191,19.910483860274052,0.0,0.0,0.0,0.0,0.0,0.0,0.0,28.2423767770689,0.0,0.0,0.0,0.0,-785.6742218658158,1000.0,0.0,-273.7455041689172,0.0,0.0,0.0,-195.74303490832904,0.0,0.0,0.0,-272.1678144029669,0.0,0.0,-360.87838007016546,-360.8783800701651,0.0,0.0,0.0,360.8783800701651,-700.0,0.0,-26.25449583108275,0.0,0.0,245.86605443047756,0.0,0.0,0.0,0.0,0.0,0.0,0.0,1000.0,0.0,0.0,982.0432800292169,140.625,0.0,0.0,-19.305087100263826,-0.2157727712368441,0.0,0.0,0.0,0.0,0.14384851415789607,0.0,0.0,0.0,773.1317689055098,-588.0712823031015,0.0,-530.1114972657122,298.0246791964895,281.0841680042349,69.25309810860453,0.0,-729.0542600164937,0.0,-29.999721574922656,0.0,0.0,0.0,-12.38535706899528,0.0,741.439617085489,-514.9639015473025,-1000.0,0.0,0.0,0.0,0.0,0.0,0.0,0.0,0.0,0.0,0.0,0.0,0.0,0.0,0.0,0.0,0.0,0.0,-674.3746838692437,0.0,-1000.0,0.0,0.0,3.6999707609106736,0.0,0.0,0.0,324.1975353932662,0.0,0.0,0.0,0.0,0.0,0.0,-265.4098419264286,209.24087716516553,0.0,0.0,0.0,0.0,-935.131641399096,0.0,265.4098419264286,-216.43330287306034,1000.0,-3.5962128539474016,-7.192425707894803,-440.51221835359905,0.0,337.4559592611689,0.0,77.74624188494744,43.15455424736882,0.0,0.0,0.0,0.0,0.0,0.0,0.0,0.0,0.0,0.0,-323.0443704896794,0.0,0.0,-597.9631296847444,0.0,0.0,508.70373534874875,0.0,0.0,-38.61017420052765,0.0,-1000.0,121.23029716842079,0.0,0.0,0.0,0.0,-85.61514858421039,0.28769702831691646,0.0,0.0,0.0,0.0,0.0,0.0,0.0,0.0,0.0,0.0,0.0,0.0,0.0,0.0,0.0,0.0,0.0,0.0,0.0,0.15823336557411533,0.15823336557411533,19.910483860274052,215.66195968023263,0.0,86.30910849473764,0.0,0.0,0.0,-895.3542883249058,0.0,0.0,0.0,0.0,0.0,220.0113068720328,895.3542883249058,0.0,0.0,0.0,0.0,0.0,121.23029716842079,0.0,0.0,0.0,0.0,0.0,0.0,0.0,228.64368959779154,-773.1317689055098,273.75230386348517,0.0,11.07633559015801,0.0,12.112179098897709,-737.4079546377927,-892.8792547078452,0.0,220.0113068720328,0.0,134.3961582878224,0.0,0.0,0.0,0.0,0.0,0.0,0.0,0.0,0.0,0.0,0.0,0.0,0.0,0.0,0.0,0.0,0.0,86.30910849473764,0.0,0.0,0.0,0.0,0.0,0.0,0.0,0.0,0.0,0.0,0.0,0.0,1.4384851415789608,0.0,19.910483860274052,0.0,0.0,19.910483860274052,314.32577813418425,0.0,0.0,43.15455424736882,0.0,0.0,0.0,0.0,0.0,0.0,0.0,0.0,0.0,0.0,0.0,-641.2977478358296,0.0,43.15455424736882,43.15455424736882,1000.0,895.3542883249058,0.0,121.23029716842079,0.0,0.0,0.0,0.0,0.0,23.66763689605125,508.70373534874875,-211.07017762275694,0.14384851415789607,0.0,0.0,0.0,189.97251273323866,579.2743892330228,0.0,725.2957755388951,0.0,0.0,0.0,0.0,0.0,0.0,0.0,0.0,0.0,0.0,0.0,0.0,0.0,0.0,0.14384851415789607,0.0,0.0,0.0,0.0,0.0,0.0,0.0,0.0,0.0,0.0,1000.0,0.0,-409.7465187197763,-587.9812912568032,-10.788638561842205,-7.192425707894756,0.0,0.0,-140.625,-140.625,140.625,0.0,0.0,0.0,0.0,0.0,0.0,0.0,0.0,281.0841680042349,0.0,0.0,422.3946268540111,0.0,0.0,0.0,-0.14384851415789607,0.0,0.0,0.14384851415789607,0.0,0.14384851415789607,0.0,0.0,0.0,86.30910849473764,175.4951872726332,175.4951872726332,0.0,0.0,0.0,0.0,0.0,0.0,0.0,273.75230386348517,0.0,508.70373534874875,0.0,0.0,0.0,0.0,0.0,0.0,0.0,0.0,0.0,0.0,0.0,0.0,0.0,0.0,0.0,0.0,0.0,155.4713000700525,0.0,0.0,0.0,0.2157727712368441,0.0,0.0,0.0,-43.15455424736882,0.0,0.0,0.0,0.0,0.0,-215.66195968023263,7.192425707894803,0.0,0.0,0.0,-140.625,0.0,-324.1975353932662,0.0,0.0,-1000.0,0.0,0.0,0.0,0.0,0.0,0.0,0.0,0.0,204.68605700228278,215.66195968023263,0.0,569.9826010319059,549.2746676581002,262.35597512604687,0.0,409.7465187197763,-672.1024938458231,0.0,-371.2382221809622,0.0,7.192425707894756,440.91836487391873,0.0,0.0,-19.910483860274052,-38.61017420052765,0.0,0.0,0.0,0.0,0.0,-343.6057639002191,0.0,0.0,0.0,-21.577277123684382,0.0,175.4951872726332,0.0,1000.0,1000.0,-980.0895161397259,0.0,0.0,0.0,0.0,0.0,28.2423767770689,0.0,0.0,248.0278753657592,-189.97251273323866,0.0,-314.32577813418425,43.15455424736882,0.0,0.0,0.0,0.0,101.66610446157298,0.0,0.0,0.15823336557411533,0.0,0.0,0.0,87.74759363631661,0.0,0.0,0.0,0.0,231.29170952664367,0.0,0.0,0.0,0.0,0.0,0.0,0.0,0.0,860.31432387947,0.0,0.014384851415790045,0.014384851415790045,0.0,0.0,0.0,0.0,0.0,0.0,0.0,0.0,0.0,0.0,19.910483860274052,0.0,0.0,0.0,0.0,215.66195968023263,0.0,0.0,0.0,0.0,0.0,0.0,0.0,0.0,0.0,0.0,0.0,0.0,0.0,0.0,0.0,0.0,0.0,0.0,86.30910849473764,0.0,0.0,0.0,0.0,0.0,0.0,-86.30910849473764,0.0,0.0,0.0,0.0,0.0,0.0,0.0,0.0,0.0,19.910483860274052,19.910483860274052,0.0,211.07017762275694,-1000.0,98.53623219815877,-43.15455424736882,0.0,0.0,325.0499220741234,0.0,0.0,0.0,0.0,0.0,0.0,0.0,0.0,0.0,0.0,0.0,0.0,0.0,0.0,0.0,0.0,0.0,-17.98106426973696,0.0,-10.788638561842205,-10.78863856184222,0.0,0.0,0.0,0.0,0.0,0.0,-1.7981064269737008,38.61017420052765,0.0,0.0,0.0,0.0,0.0,0.0,0.0,1000.0,43.15455424736882,43.15455424736882,0.0,0.0,0.0,0.0,0.0,0.15823336557411533,215.66195968023263,0.0,0.0,-325.0499220741234,0.0,0.0,0.0,0.0,0.0,0.0,0.0,0.0,0.0,0.0,0.0,0.0,0.0,0.0,0.0,0.0,0.0,0.0,0.0,151.04093986579088,11.07633559015801,0.0,0.0,0.0,0.0,0.0,215.66195968023263,0.0,320.7050804462821,0.0,0.0,0.0,-17.98106426973696,0.0,0.0,0.0,0.0,0.0,0.0,0.0,0.0,0.0,0.0,0.0,0.0,0.0,0.0,0.0,0.0,0.0,0.0,-0.14384851415789607,0.0,0.0,7.192425707894803,-220.0113068720328,0.0,0.0,0.0,0.0,0.0,0.0,0.0,0.0,12.38535706899528,3.5962128539474016,0.0,0.0,0.0,0.14384851415789607,0.0,143.84851415789606,-44.59303938894779,28.769702831579213,1.0274893868421162,401.33735450053007,-0.10788638561842205,7.192425707894785,2.8769702831579216,-0.7192425707908114,-401.33735450053007,43.15455424736882,-0.14384851415789607,9.999907191640885,121.23029716842079,0.03596212853947402,1.0274893868421162,-29.999721574922656,-22.90068345393695,17.033513577116196,-300.0,-0.14384851415789607,0.03596212853947402,-401.33735450053007,14.384851415789607,0.14384851415789607,0.14384851415789607,-215.3598778005006,0.1582333655736861,-132.43693169655245,-0.10788638561842205,43.15455424736882,0.14384851415789607,43.15455424736882,-71.92425707894803,-0.07192425707894803,-260.9947683371621,-170.0,-0.10788638561842205,-0.14384851415789607,-44.59303938894779,0.14384851415789607,14.384851415789607,-2.8769702831579216,155.4713000700525,155.4713000700525,-14.384851415789607,300.0,-155.4713000700525,28.769702831579213,0.2157727712368441,-1000.0,14.384851415789607,-228.64368959779154,121.23029716842079,-28.769702831579213,0.07192425707894803,1.4384851415789608,132.52787431642804,244.43166251181185,-0.14384851415789607,-248.0278753657592,215.3598778005006,44.59303938894779,0.14384851415789607,22.90068345393695,-51.38791982105454,121.23029716842079,-0.14384851415789607,-0.03596212853947402,-121.23029716842079,-0.14384851415789607,-85.61514858421039,0.14384851415758249,-0.03596212853947402,-0.03596212853947402,-0.03596212853947402,57.539405663158426,71.92425707894803,1.4384851415789608,312.43024038956196,-0.03596212853947402,255.0558414412152,7.192425707894803,50.0,0.14384851415789607,0.07192425707894803,0.07192425707894803,75.0,44.59303938894779,0.14384851415789607,-44.59303938894779,1.4384851415789608,0.14384851415789607,-724.1431853152237,0.14384851415789607,0.5753940566329803,0.7192425707908114,0.07192425707894803,0.03596212853947402,43.15455424736882,-0.14384851415789607,132.43693169655245,-8.516756788558098,-624.8604807791239,3.5962128539474207,-14.384851415789607,28.769702831579213,7.192425707894803,-0.14384851415789607,29.999721574922656,0.2157727712368441,-0.14384851415789607,-150.0,44.59303938894779,189.03863411941094,0.07192425707894803,-100.0,-0.14384851415789607,-0.14384851415758249,-0.14384851415789607,0.07192425707894803,401.33735450053007,-28.769702831579213,0.14384851415789607,265.0557486328561,-0.03596212853947402,-0.1582333655736861,-265.0557486328561,21.577277123684407,170.0,444.83399361645525,401.33735450053007,-0.10788638561842205,248.0278753657592,-244.43166251181185,0.14384851415789607,-0.03596212853947402,7.192425707894756,143.84851415789606,-0.07192425707894803,-0.14384851415789607,0.03596212853947402,30.614431789996843,0.0,699.928075742921,411.71294492566176,-255.0,0.0,682.9265080331289,-140.0,0.0,-80.0,-255.0,-325.0,-300.0,40.0,127.5,127.5,0.0,70.0,-215.66195968023263,-290.7047385809839,300.0,325.0,-290.7047385809839,-682.9265080331289,359.9647882191969,0.0,1496.5981,hplb
458,0.0,0.0,0.0,0.0,0.0,0.0,0.0,0.0,328.6504533467172,0.0,0.0,0.0,0.0,0.0,0.0,0.0,439.36140534190883,636.5076709314792,0.0,-878.7228106838177,0.0,0.0,0.0,0.0,0.0,0.0,0.0,0.0,0.0,974.2170507366105,74.71528366854567,-74.71528366854567,97.50125176119525,0.0,0.0,0.0,0.0,469.67897313884055,0.0,-1000.0,1000.0,0.0,0.0,0.0,0.0,0.0,9.164906142530983,0.0,-1000.0,0.0,0.0,0.0,0.0,0.09303981333209776,0.0,0.0,0.0,0.0,0.0,0.0,69.76306780128421,0.0,-25.984511289627747,-262.5724020900304,0.0,0.0,0.0,0.0,0.0,866.7938304225912,0.0,0.8458164848330135,0.0,0.0,0.0,0.0,0.0,0.0,0.0,858.6403320263903,0.0,0.0,0.0,0.0,50.74898908998081,0.0,0.0,-22.597873317746433,-219.61726643459195,0.0,-0.021145412120825338,0.0,0.0,332.3859213651183,25.374494544990405,0.0,25.374494544990405,-77.43881274970818,0.0,0.0,0.0,4.2290824241650675,974.2170507366105,0.0,0.0,-40.629493807323335,884.3890798338339,0.0,0.0,0.0,0.0,0.0,0.0,0.0,0.0,0.0,0.0,0.0,0.0,0.0,0.0,0.0,0.0,0.0,-604.5937458200133,0.0,0.0,25.374494544990405,0.0,26.220311029823417,0.0,0.0,-706.197092823386,706.197092823386,0.0,0.0,-306.35095860168684,0.0,0.0,0.0,0.0,0.0,0.0,0.0,0.0,6.512786933214204,0.08458164848330135,0.0,0.0,0.0,-1000.0,-75.50445092951463,0.0,0.0,0.0,0.0,535.5677473812739,0.0,0.0,0.0,0.0,0.0,-83.79560816259335,-83.79560816259335,0.0,0.0,0.0,0.0,0.0,0.0,0.0,-8.99574284556438,0.0,0.0,0.0,373.0423689672066,0.0,0.0,0.0,0.0,0.0,0.0,0.0,0.0,0.0,0.0,-484.26511807122176,0.0,0.0,0.0,0.0,-1000.0,0.0,0.0,0.0,0.0,0.0,0.0,0.0,219.61726643459195,-219.61726643459195,221.0755067955902,0.0,0.0,0.0,0.0,0.0,0.0,0.0,-511.37366466139224,0.0,0.0,0.0,0.0,0.0,0.0,0.0,0.0,0.0,0.0,0.0,0.0,0.0,0.0,232.73212978721972,-413.57845607851937,0.0,0.0,0.0,85.27545180609664,-221.0755067955902,0.0,0.0,0.0,0.0,69.76306780128421,-413.57845607851937,74.71528366854567,0.0,0.0,0.0,0.0,0.0,0.0,0.0,0.0,16.91632969666027,0.0,0.0,439.2345328691839,0.0,-802.9806068831545,0.0,413.57845607851937,0.0,0.0,306.35095860168684,0.0,0.0,0.0,0.0,-123.09395395162855,0.0,0.0,-929.3638891695231,0.0,0.0,-929.3638891695231,0.0,0.0,0.0,0.0,1000.0,0.0,0.0,235.98279926841076,0.0,0.0,0.0,654.631943302756,0.0,-654.631943302756,0.0,0.0,0.0,85.27545180609664,0.0,0.0,0.0,0.0,69.76306780128421,-0.12687247272495203,0.0,0.0,0.0,0.0,0.08458164848330135,0.0,0.0,0.0,974.6255054550096,439.36140534190883,0.0,-671.502006404562,745.9494710129453,0.0,807.015372435554,0.0,224.88944145228115,0.0,-40.629493807323335,0.0,0.0,0.0,-7.282479934412712,-259.8481836020176,42.24122208414914,22.51548000957187,-1000.0,0.0,0.0,0.0,0.0,0.0,0.0,0.0,0.0,0.0,0.0,0.0,0.0,0.0,0.0,0.0,0.0,0.0,-14.111260509363621,0.0,-1000.0,0.0,515.8714397578625,0.0,0.0,0.0,0.0,68.20249673533147,0.0,0.0,0.0,0.0,0.0,0.0,0.0,4.981091695364739,-423.69953965576906,259.8481836020176,-763.8367782784889,-4.2290824241650675,843.8695882330856,-1000.0,0.0,-9.210174119529807,1000.0,421.5849984436865,0.0,-1000.0,0.0,-660.2353519993919,0.0,859.3491937044636,25.374494544990405,0.0,0.0,0.0,94.96182315159467,0.0,328.7350349952005,0.0,0.0,0.0,0.0,183.7513409590684,0.0,0.0,0.0,0.0,0.0,0.0,0.0,0.0,-166.82482299911842,0.0,0.0,218.35912210943636,0.0,0.0,0.0,0.0,16.242264146548564,0.1691632969666592,0.0,0.0,0.0,0.0,0.0,0.0,0.0,5.395980382754686,0.0,866.7938304225912,0.0,0.0,0.0,0.0,0.0,0.0,0.0,0.0,0.0,0.09303981333209776,0.09303981333209776,74.71528366854567,179.21295550188418,0.0,50.74898908998081,0.0,0.0,0.0,1000.0,0.0,745.5062500418784,0.0,0.0,0.0,646.2209017368225,-1000.0,0.0,0.0,0.0,0.0,0.0,218.35912210943636,0.0,0.0,0.0,0.0,0.0,0.0,0.0,201.53124860667108,-974.6255054550096,191.11537109568076,0.0,6.512786933214204,0.0,0.0,332.3859213651183,332.3859213651183,0.0,646.2209017368225,0.0,662.4631658833711,0.0,0.0,0.0,0.0,0.0,0.0,0.0,0.0,0.0,0.0,0.0,0.0,0.0,0.0,0.0,0.0,0.0,50.74898908998081,306.35095860168684,306.35095860168684,0.0,0.0,0.0,0.0,0.0,0.0,0.0,0.0,0.0,0.0,0.8458164848330135,0.0,74.71528366854567,0.0,0.0,74.71528366854567,0.0,0.0,0.0,25.374494544990405,0.0,0.0,0.0,0.0,0.0,0.0,0.0,0.0,0.0,0.0,106.77172844371688,0.0,0.0,25.374494544990405,25.374494544990405,1000.0,-1000.0,0.0,218.35912210943636,0.0,0.0,0.0,0.0,0.0,-124.15122455766982,0.0,0.0,0.08458164848330135,0.0,0.0,0.0,111.70214991483991,0.0,5.395980382754686,-332.3859213651183,0.0,0.0,0.0,0.0,0.0,0.0,0.0,0.0,0.0,0.0,0.0,0.0,0.0,0.0,0.08458164848330135,0.0,0.0,0.0,-532.2349491913333,532.2349491913333,0.0,0.0,0.0,515.8714397578625,0.0,68.20249673533147,0.0,0.0,-985.8887394906363,-6.343623636247602,0.0,-4.229082424165071,0.0,0.0,0.0,0.0,0.0,0.0,0.0,0.0,0.0,0.0,0.0,306.35095860168684,0.0,0.0,0.0,203.34292412923674,0.0,0.0,0.0,328.6504533467172,0.0,0.0,0.08458164848330135,0.0,0.08458164848330135,0.0,0.0,0.0,50.74898908998081,103.18961114962764,103.18961114962764,0.0,0.0,0.0,0.0,0.0,0.0,0.0,191.11537109568076,0.0,0.0,0.0,0.0,0.0,0.0,0.0,0.0,0.0,0.0,0.0,0.0,0.0,0.0,0.0,0.0,0.0,0.0,0.0,0.0,0.0,0.0,0.0,0.12687247272495203,0.0,0.0,0.0,-25.374494544990405,0.0,0.0,0.0,0.0,0.0,-179.21295550188418,4.2290824241650675,0.0,0.0,0.0,0.0,0.0,-68.20249673533147,-4.229082424165071,0.0,0.0,0.0,0.0,0.0,0.0,0.0,306.35095860168684,0.0,0.0,0.0,179.21295550188418,0.0,499.1990413990205,-40.629493807323335,0.0,0.0,0.0,0.0,0.0,-103.18961114962764,0.0,4.229082424165071,1000.0,0.0,0.0,-74.71528366854567,-166.82482299911842,390.6250000000021,-390.6250000000021,0.0,0.0,0.0,0.0,0.0,0.0,0.0,503.437314877509,-31.859444078782403,103.18961114962764,0.0,0.0,0.0,74.71528366854567,0.0,0.0,0.0,0.0,0.0,0.0,0.0,0.0,166.38438233184453,-978.4959803374311,317.1306446747527,0.0,25.374494544990405,0.0,0.0,0.0,0.0,47.84889208631873,0.0,0.0,0.09303981333209776,0.0,0.0,0.0,51.59480557481382,0.0,0.0,0.0,0.0,232.73212978721972,0.0,884.3890798338339,0.0,0.0,0.0,0.0,0.0,0.0,0.0,0.0,356.54803682600436,0.008458164848330377,0.0,0.0,0.0,0.0,0.0,0.0,0.0,0.0,0.0,0.0,74.71528366854567,0.0,0.0,0.0,0.0,179.21295550188418,0.0,0.0,0.0,0.0,0.0,0.0,0.0,0.0,0.0,0.0,0.0,0.0,0.0,0.0,636.5076709314792,0.0,0.0,0.0,50.74898908998081,0.0,0.0,0.0,0.0,0.0,0.0,-50.74898908998081,0.0,0.0,0.0,0.0,0.0,0.0,0.0,0.0,0.0,74.71528366854567,74.71528366854567,0.0,0.0,872.5813061885126,57.93842921106143,0.0,-25.374494544990405,0.0,985.550412896703,0.0,0.0,0.0,0.0,0.0,0.0,0.0,0.0,0.0,648.4375000000001,0.0,-648.4374999999999,-648.4374999999999,0.0,0.0,0.0,0.0,-10.572706060412674,306.35095860168684,-6.343623636247602,25.515820442534835,0.0,0.0,0.0,0.0,0.0,0.0,-1.0572706060412669,166.82482299911842,0.0,0.0,0.0,0.0,0.0,0.0,0.0,1000.0,25.374494544990405,25.374494544990405,0.0,0.0,0.0,0.0,858.6403320263903,0.09303981333209776,179.21295550188418,0.0,0.0,-985.550412896703,356.53957866115604,0.0,0.0,0.0,0.0,0.0,0.0,0.0,0.0,0.0,0.0,0.0,0.0,0.0,0.0,0.0,0.0,0.0,0.0,88.81073090746642,0.0,0.0,6.512786933214204,0.0,0.0,0.0,179.21295550188418,0.0,-9.236316014376715,0.0,0.0,0.0,-10.572706060412674,0.0,0.0,0.0,0.0,0.0,0.0,0.0,0.0,0.0,0.0,0.0,0.0,0.0,0.0,0.0,0.0,0.0,0.0,-0.08458164848330135,0.0,0.0,4.2290824241650675,-646.2209017368225,0.0,0.0,0.0,0.0,306.35095860168684,0.0,0.0,0.0,7.282479934412712,2.1145412120825338,0.0,0.0,0.0,0.08458164848330135,0.0,84.58164848330135,-26.220311029823417,16.91632969666027,0.6041546320235811,235.98279926841076,-0.06343623636247601,4.2290824241650675,1.691632969666027,-0.42290824241661085,-235.98279926841076,25.374494544990405,-0.08458164848330135,13.543164602441111,218.35912210943636,0.021145412120825338,0.6041546320235811,-40.629493807323335,-13.465398438541786,73.02365069887964,-197.14626558957036,-0.08458164848330135,0.021145412120825338,-235.98279926841076,8.458164848330135,0.08458164848330135,0.08458164848330135,-179.0353340400688,0.0930398133316222,0.0,-0.06343623636247601,25.374494544990405,0.08458164848330135,25.374494544990405,-42.290824241650675,-0.042290824241650676,-454.3087597666272,212.53276029877676,-0.06343623636247601,-0.08458164848330132,-26.220311029823417,0.08458164848330135,8.458164848330135,-1.691632969666027,0.0,0.0,-8.458164848330135,197.14626558957036,0.0,16.91632969666027,0.12687247272495203,-1000.0,8.458164848330135,-201.53124860667108,218.35912210943636,-16.91632969666027,0.042290824241650676,0.8458164848330135,167.8755016011405,196.12928519854444,-0.08458164848330135,-198.24382641062692,179.0353340400688,26.220311029823417,0.08458164848330135,13.465398438541786,116.86114392947502,218.35912210943636,-0.08458164848330135,-0.021145412120825338,-218.35912210943636,-0.08458164848330135,-868.1468156872853,0.08458164848330135,-0.021145412120825338,-0.021145412120825338,-0.021145412120825338,33.83265939332054,42.290824241650675,0.8458164848330135,62.664428820065616,-0.021145412120825338,322.20783859983993,4.2290824241650675,-3.8920496491092145,0.08458164848330135,0.042290824241650676,0.042290824241650676,75.0,26.220311029823417,0.08458164848330135,-26.220311029823417,0.8458164848330135,0.08458164848330135,-62.664428820065616,0.08458164848330135,0.3383265939332887,0.42290824241661085,0.042290824241650676,0.021145412120825338,25.374494544990405,-0.08458164848330135,0.0,-36.51182534943982,-125.32885764013123,2.1145412120825346,-8.458164848330135,16.91632969666027,4.2290824241650675,-0.08458164848330135,40.629493807323335,0.12687247272495203,-0.08458164848330135,-150.0,26.220311029823417,255.5350031810029,0.042290824241650676,7.784099298218429,-0.08458164848330135,-0.08458164848330135,-0.08458164848330135,0.04229082424165066,235.98279926841076,-16.91632969666027,0.08458164848330135,335.751003202281,-0.021145412120825338,-0.0930398133316222,-335.751003202281,12.687247272495203,-212.53276029877676,511.35604448260176,235.98279926841076,-0.06343623636247601,198.24382641062692,-196.12928519854444,0.08458164848330135,-0.021145412120825338,4.229082424165071,84.58164848330135,-0.042290824241650676,-0.08458164848330135,0.021145412120825338,0.0,0.0,999.9577091757584,0.0,-255.0,0.0,-12.071039222418676,-140.0,0.0,-80.0,-255.0,-325.0,0.0,40.0,127.5,127.5,0.0,70.0,-179.21295550188418,-303.38389526732163,0.0,325.0,-303.38389526732163,12.071039222418676,-68.69517400011192,0.0,1496.5981,hplb
459,0.0,0.0,0.0,0.0,0.0,0.0,0.0,0.0,-0.0977641332576309,0.0,0.0,0.0,0.0,0.0,0.0,0.0,-744.0836425856116,-10.882161324665782,0.0,1000.0,0.0,0.0,0.0,0.0,0.0,782.6962297370778,0.0,0.0,0.0,-289.3393700822703,0.0,0.0,124.133547231101,0.0,0.0,0.0,0.0,64.93424431400896,0.0,-1000.0,1000.0,0.0,0.0,545.2557274966587,0.0,0.0,391.84511145431134,0.0,488.1672851712233,-542.0315418161729,0.0,0.0,0.0,0.10754054658355017,0.0,0.0,0.0,19.552826651526182,0.0,0.0,-8.60976133555478,0.0,-8.60976133555478,-17.21952267110956,0.0,0.0,0.0,0.0,279.12394030075325,-279.12394030075325,0.0,0.977641332576309,0.0,0.0,0.0,0.0,0.0,0.0,0.0,813.4495262941326,0.0,0.0,82.0560028518609,0.0,58.658479954578546,0.0,0.0,-270.9779941586147,962.9403621503913,9.361378972381146,887.0641992729398,0.0,0.0,606.8103948121353,29.329239977289273,0.0,29.329239977289273,0.0,0.0,0.0,82.0560028518609,516.985343428407,-832.7640828627336,0.0,0.0,-13.705865423905195,0.0,9.971941592278354,0.0,0.0,0.0,0.0,0.0,0.0,0.0,0.0,0.0,0.0,0.0,0.0,0.0,0.0,0.0,0.0,-1000.0,0.0,0.0,29.329239977289273,0.0,30.306881309865574,30.306881309865574,0.0,427.6349112383534,-427.6349112383534,0.0,0.0,0.0,0.0,0.0,0.0,0.0,0.0,0.0,0.0,0.0,-74.52816459102336,0.0977641332576309,887.0886403062542,0.0,0.0,0.0,-677.8312935695053,0.0,0.0,0.0,0.0,352.43438830882434,0.0,0.0,0.0,0.0,0.0,-62.63398456770885,-62.63398456770885,0.0,0.0,0.0,0.0,-791.3385138176958,0.0,0.0,-62.53622043445122,0.0,0.0,0.0,770.0474974569248,0.0,0.0,0.0,0.0,0.0,0.0,0.0,0.0,0.0,0.0,0.0,0.0,0.0,0.0,0.0,-1000.0,0.0,0.0,0.0,0.0,0.0,542.0315418161729,0.0,-771.9285476627255,771.9285476627255,0.0,0.0,0.0,0.0,0.0,0.0,0.0,543.4247127804633,836.8394446489151,0.0,0.0,0.0,0.0,0.0,0.0,0.0,0.0,0.0,0.0,0.0,0.0,0.0,64.52741011358296,616.9369468725577,545.2557274966587,0.0,0.0,0.0,0.0,0.0,0.0,0.0,0.0,0.0,-8.60976133555478,0.0,0.0,0.0,0.0,0.0,0.0,0.0,0.0,0.0,3.148005090894003,0.0,0.0,0.0,-734.8689098131168,1000.0,-554.7392566501169,0.0,-545.2557274966587,0.0,0.0,0.0,1000.0,0.0,0.0,0.0,-10.54958071229305,0.0,0.0,-1000.0,-343.82884787529093,0.0,-1000.0,343.828847875291,0.0,191.0118144876658,0.0,0.0,542.0315418161729,0.0,333.3756944085213,0.0,0.0,0.0,826.3503392840636,0.0,-826.3503392840636,0.0,329.11336275334486,0.0,0.0,0.0,0.0,0.0,0.0,-8.60976133555478,-0.14664619988644637,0.0,0.0,0.0,0.0,0.0977641332576309,0.0,0.0,0.0,967.5227549318167,-744.0836425856116,0.0,-633.7142013425977,669.4718776421873,0.0,999.891630013653,0.0,113.41668908154904,0.0,-13.705865423905195,0.0,0.0,0.0,-8.417491873482176,0.0,-104.99919720806686,-1000.0,-1000.0,0.0,0.0,0.0,0.0,0.0,0.0,0.0,0.0,0.0,0.0,0.0,0.0,0.0,0.0,0.0,0.0,0.0,-934.6746991529604,0.0,-1000.0,0.0,0.0,0.0,0.0,0.0,0.0,71.38015950012937,0.0,0.0,0.0,0.0,512.0971367655253,0.0,0.0,543.0835753714741,0.0,-279.12394030075325,-891.1801726103056,0.0,-26.64020822333316,0.0,0.0,-804.0203504171184,1000.0,-2.4441033314407727,-4.8882066628815455,0.0,0.0,117.11680893552716,0.0,362.7612172274761,29.329239977289273,0.0,0.0,0.0,0.0,0.0,0.0,0.0,-64.52741011358296,64.52741011358296,64.52741011358296,249.15303877237903,0.0,0.0,0.0,0.0,0.0,543.4247127804633,0.0,0.0,-17.21952267110956,0.0,0.0,29.437609963636362,0.0,0.0,0.0,0.0,-90.22358667423691,0.19552826651536184,0.0,0.0,0.0,0.0,0.0,0.0,0.0,0.0,0.0,0.0,0.0,0.0,0.0,0.0,0.0,0.0,0.0,0.0,0.0,0.10754054658355017,0.10754054658355017,0.0,324.9745834620568,0.0,58.658479954578546,0.0,0.0,0.0,1000.0,0.0,0.0,0.0,0.0,0.0,616.3517283961562,-1000.0,0.0,0.0,575.015329404821,0.0,0.0,29.437609963636362,0.0,0.0,0.0,0.0,0.0,0.0,0.0,333.3333333333333,-967.5227549318167,677.8312935695053,0.0,7.527838260837541,0.0,606.8103948121353,0.0,0.0,0.0,616.3517283961562,0.0,0.0,526.1281417219193,0.0,0.0,64.52741011358296,0.0,0.0,0.0,0.0,0.0,0.0,0.0,0.0,0.0,0.0,0.0,0.0,0.0,58.658479954578546,0.0,0.0,0.0,0.0,0.0,0.0,0.0,0.0,0.0,0.0,0.0,0.0,0.977641332576309,0.0,0.0,0.0,0.0,0.0,0.0,0.0,0.0,29.329239977289273,-575.015329404821,0.0,0.0,0.0,0.0,0.0,0.0,0.0,0.0,0.0,1000.0,-349.2867643776776,0.0,29.329239977289273,29.329239977289273,-489.0905316515269,-1000.0,0.0,29.437609963636362,0.0,0.0,0.0,0.0,0.0,832.7640828627336,543.4247127804633,843.1425442764566,0.0977641332576309,0.0,0.0,0.0,7.8839790319903775,0.0,0.0,-606.8103948121353,0.0,0.0,0.0,0.0,0.0,0.0,0.0,0.0,0.0,0.0,0.0,0.0,0.0,0.0,0.0977641332576309,0.0,0.0,0.0,0.0,0.0,0.0,0.0,0.0,0.0,0.0,805.3525871048748,0.0,-733.9724276047455,-65.32530084703956,-7.332309994322318,0.0,-4.8882066628815455,0.0,0.0,0.0,0.0,0.0,0.0,0.0,0.0,0.0,0.0,0.0,0.0,0.0,0.0,0.0,484.7662328258848,0.0,0.0,0.0,-0.0977641332576309,0.0,0.0,0.0977641332576309,0.0,0.0977641332576309,0.0,0.0,0.0,58.658479954578546,119.27224257430976,119.27224257430976,0.0,0.0,0.0,0.0,0.0,0.0,0.0,677.8312935695053,0.0,543.4247127804633,0.0,0.0,0.0,0.0,0.0,0.0,0.0,0.0,0.0,0.0,0.0,0.0,0.0,0.0,0.0,0.0,0.0,0.0,0.0,-782.6962297370778,782.6962297370778,0.14664619988644637,0.0,0.0,0.0,-29.329239977289273,0.0,0.0,0.0,0.0,0.0,-324.9745834620568,4.8882066628815455,0.0,0.0,0.0,0.0,791.3385138176958,0.0,-4.8882066628815455,0.0,0.0,0.0,0.0,0.0,0.0,0.0,0.0,0.0,575.015329404821,1000.0,260.4471733484738,0.0,359.9694296545921,-13.705865423905195,0.0,71.38015950012937,733.9724276047455,-805.3525871048748,0.0,880.7277574256902,0.0,4.8882066628815455,402.558701337615,0.0,0.0,0.0,-17.21952267110956,0.0,0.0,0.0,0.0,0.0,0.0,0.0,0.0,0.0,-14.664619988644628,0.0,119.27224257430976,0.0,0.0,0.0,0.0,0.0,0.0,0.0,0.0,0.0,3.148005090894003,0.0,0.0,346.97151344502373,-7.8839790319903775,-237.68379780653225,0.0,29.329239977289273,0.0,0.0,0.0,0.0,23.241684957428674,0.0,0.0,0.10754054658355017,0.0,0.0,0.0,59.63612128715485,0.0,0.0,0.0,0.0,616.9369468725577,0.0,0.0,0.0,0.0,0.0,0.0,0.0,0.0,-107.78575682431223,0.0,0.009776413325763091,0.009776413325763091,0.0,0.0,0.0,0.0,0.0,0.0,0.0,0.0,0.0,0.0,0.0,0.0,0.0,0.0,0.0,324.9745834620568,0.0,0.0,0.0,0.0,0.0,0.0,0.0,542.0315418161729,0.0,0.0,0.0,0.0,0.0,0.0,-10.882161324665782,0.0,0.0,0.0,58.658479954578524,0.0,0.0,0.0,0.0,0.0,734.3720628019083,-793.0305427564869,0.0,0.0,0.0,0.0,0.0,0.0,0.0,0.0,0.0,0.0,0.0,0.0,-1000.0,-1000.0,66.96843128147718,0.0,-29.329239977289273,0.0,64.93424431400896,0.0,0.0,0.0,0.0,0.0,0.0,0.0,0.0,0.0,0.0,0.0,0.0,0.0,0.0,0.0,0.0,0.0,-12.220516657203863,0.0,-519.4294467598477,-7.332309994322317,0.0,0.0,0.0,0.0,0.0,-547.7785441632182,546.5564924974977,17.21952267110956,0.0,0.0,0.0,0.0,0.0,0.0,0.0,843.1425442764566,29.329239977289273,29.329239977289273,0.0,0.0,0.0,0.0,813.4495262941326,0.10754054658355017,324.9745834620568,0.0,0.0,-64.93424431400896,0.0,0.0,0.0,0.0,0.0,0.0,0.0,0.0,0.0,0.0,0.0,0.0,0.0,0.0,0.0,0.0,0.0,30.306881309865574,0.0,102.65233992051246,7.527838260837541,0.0,0.0,0.0,0.0,0.0,324.9745834620568,0.0,0.0,0.0,0.0,0.0,-12.220516657203863,0.0,0.0,0.0,0.0,0.0,0.0,0.0,0.0,0.0,0.0,0.0,0.0,0.0,0.0,0.0,0.0,0.0,0.0,-0.0977641332576309,0.0,0.0,4.8882066628815455,-616.3517283961562,0.0,0.0,0.0,0.0,0.0,0.0,0.0,0.0,8.417491873482176,2.4441033314407727,0.0,0.0,782.6962297370778,0.0977641332576309,0.0,97.7641332576309,0.0,19.552826651526182,0.6983152375545065,333.3756944085213,-0.07332309994322318,260.93677504564425,1.9552826651526183,-0.48882066628821974,-333.3756944085213,29.329239977289273,-0.0977641332576309,4.568621807968398,29.437609963636362,0.024441033314407726,0.6983152375545065,-13.705865423905195,-15.564050014613075,-1.9552826651526183,-245.03419608972263,-0.0977641332576309,0.024441033314407726,-333.3756944085213,9.776413325763091,0.0977641332576309,0.0977641332576309,-324.7692787822156,0.107540546583394,-186.94540305752747,-0.07332309994322318,29.329239977289273,0.0977641332576309,29.329239977289273,-48.88206662881545,-0.04888206662881545,-138.07725440348645,-9.874177459020729,-0.07332309994322318,-0.0977641332576309,0.0,0.0977641332576309,9.776413325763091,-1.9552826651526183,0.0,0.0,-9.776413325763091,245.03419608972263,0.0,19.552826651526182,0.14664619988644637,-447.2951540360367,9.776413325763091,-333.3333333333333,29.437609963636362,-19.552826651526182,0.04888206662881545,0.977641332576309,158.42855033564942,280.0,-0.0977641332576309,-346.97151344502373,324.7692787822156,30.306881309865574,0.0977641332576309,15.564050014613075,-87.87934994552052,29.437609963636362,-0.0977641332576309,-0.024441033314407726,-29.437609963636362,-0.0977641332576309,-90.22358667423691,0.0977641332575673,-0.024441033314407726,-0.024441033314407726,-0.024441033314407726,39.105653303052364,48.88206662881545,0.977641332576309,72.43100222724456,-0.024441033314407726,312.28847886333045,4.8882066628815455,50.0,0.0977641332576309,0.04888206662881545,0.04888206662881545,24.495218307581272,0.0,0.0977641332576309,0.0,0.977641332576309,0.0977641332576309,-72.43100222724456,0.0977641332576309,0.39105653303058885,0.48882066628821974,0.04888206662881545,0.024441033314407726,29.329239977289273,-0.0977641332576309,186.94540305752747,0.9776413325763091,-144.86200445448912,258.4926717142035,-9.776413325763091,19.552826651526182,4.8882066628815455,-0.0977641332576309,13.705865423905195,0.14664619988644637,-0.0977641332576309,-48.990436615162544,0.0,207.79975174907884,0.04888206662881545,-100.0,-0.0977641332576309,-0.0977641332575673,-0.0977641332576309,0.04888206662881545,333.3756944085213,-19.552826651526182,0.0977641332576309,316.85710067129884,-0.024441033314407726,-0.107540546583394,-316.85710067129884,14.664619988644635,9.874177459020721,143.90396164913005,333.3756944085213,-0.07332309994322318,346.97151344502373,-280.0,0.0977641332576309,-0.02444103331440773,4.8882066628815455,97.7641332576309,-0.04888206662881545,-0.0977641332576309,0.024441033314407726,0.0,0.0,246.87307850936097,0.0,-255.0,0.0,340.809394733496,-140.0,0.0,-80.0,-255.0,298.30903726338704,-200.37319346004693,40.0,127.5,127.5,0.0,70.0,-324.9745834620568,-231.0414367065075,200.37319346004693,-298.30903726338704,-231.0414367065075,-340.809394733496,209.4561656766267,0.0,1496.5981,hplb
460,0.0,0.0,0.0,0.0,0.0,0.0,0.0,0.0,-0.038651305714346926,0.0,0.0,0.0,0.0,0.0,0.0,0.0,-27.774506371990213,68.60628390027956,0.0,0.0,0.0,0.0,0.0,112.24268408332341,0.0,0.0,0.0,0.0,0.0,-965.3516808210527,181.61862257964253,-181.61862257964253,12.266701358534078,0.0,0.0,0.0,0.0,236.63360347608648,0.0,-901.2967326776046,694.3875544895765,0.0,0.0,0.0,0.0,0.0,33.970362802781935,0.0,-386.43545344106195,0.0,0.0,-441.9844661850424,0.0,0.042516436285950476,0.0,0.0,0.0,7.730261142869385,0.0,0.0,-63.9434325164575,0.0,0.0,-63.9434325164575,0.0,0.0,0.0,0.0,0.0,0.0,0.0,0.3865130571434693,0.0,0.0,0.0,0.0,0.0,0.0,0.0,0.0,0.0,0.0,0.0,0.0,23.190783428608157,0.0,0.0,0.0,141.14147024165754,0.0,-0.009662826428586731,0.0,0.0,-906.6261070491827,11.595391714304078,0.0,231.25035629284136,-182.86319462364452,0.0,0.0,0.0,736.2396083561375,-965.3516808210527,0.0,0.0,-54.2007853935497,225.78064857634544,0.0,0.0,0.0,0.0,0.0,0.0,0.0,0.0,0.0,0.0,0.0,0.0,0.0,0.0,0.0,0.0,0.0,-561.9382817560485,0.0,0.0,231.25035629284136,0.0,11.981904771447546,11.981904771447546,0.0,487.7507322737597,-487.7507322737597,0.0,0.0,0.0,0.0,0.0,0.0,0.0,0.0,0.0,0.0,0.0,2.97615054000471,0.038651305714346926,0.0,0.0,0.0,0.0,-560.1655369679892,0.0,0.0,0.0,0.0,491.89902535869516,0.0,0.0,0.0,0.0,0.0,-215.55033407671013,-215.55033407671013,0.0,0.0,0.0,109.37500000000001,-725.0291842664593,0.0,0.0,-33.89306019135324,0.0,0.0,0.0,-112.79328186543876,0.0,0.0,0.0,0.0,0.0,0.0,0.0,0.0,0.0,0.0,0.0,0.0,0.0,0.0,0.0,-657.0645498196361,0.0,0.0,0.0,0.0,0.0,0.0,441.9844661850424,-13.057271156299208,13.057271156299208,0.0,0.0,0.0,0.0,0.0,0.0,0.0,0.0,-353.17678596551906,0.0,0.0,0.0,0.0,0.0,0.0,0.0,0.0,0.0,0.0,0.0,0.0,0.0,264.79823354089575,469.50037525591983,937.5771744490625,0.0,0.0,0.0,0.0,0.0,0.0,0.0,0.0,0.0,-63.9434325164575,937.5771744490625,181.61862257964253,0.0,0.0,0.0,0.0,0.0,0.0,0.0,0.0,0.0,219.6549645785373,0.0,-27.83248333056173,126.36625806739505,42.49174158768118,0.0,-937.5771744490625,0.0,0.0,0.0,0.0,0.0,0.0,0.0,-34.165177857518074,0.0,0.0,-1000.0,-1000.0,0.0,0.0,0.0,1000.0,128.08419908535834,0.0,0.0,0.0,0.0,131.800952485923,0.0,0.0,0.0,-218.51894731835952,0.0,218.51894731835952,0.0,0.0,0.0,0.0,0.0,109.37500000000001,0.0,0.0,-63.9434325164575,-0.05797695857152039,0.0,0.0,0.0,0.0,0.038651305714346926,0.0,0.0,0.0,425.8141935267948,-27.774506371990213,0.0,-794.6089216563261,1000.0,0.0,925.6379107824179,0.0,725.8276016082418,0.0,-54.2007853935497,0.0,0.0,0.0,274.1723983917582,0.0,-1000.0,-1000.0,-1000.0,0.0,0.0,0.0,0.0,0.0,0.0,0.0,0.0,0.0,0.0,0.0,0.0,0.0,0.0,0.0,0.0,0.0,0.0,0.0,-1000.0,0.0,763.2117913010568,0.0,1000.0,0.0,0.0,178.64247203963782,0.0,0.0,0.0,0.0,734.3070430704201,0.0,0.0,-573.0572604458289,887.3307997735727,0.0,0.0,0.0,670.4557410418681,0.0,0.0,-296.02882637509856,-986.1957240732405,-888.2970824164314,-1.9325652857173463,83.78049559814616,0.0,-633.9439138504356,1000.0,743.6860318903173,231.25035629284136,0.0,0.0,0.0,0.0,0.0,0.0,0.0,-264.79823354089575,264.79823354089575,264.79823354089575,301.47052425068034,0.0,134.86546675420715,0.0,0.0,0.0,0.0,0.0,0.0,-127.886865032915,0.0,-1000.0,0.0,0.0,0.0,0.0,0.0,-96.13486942856531,0.0773026114275126,0.0,0.0,0.0,0.0,0.0,0.0,0.0,0.0,0.0,0.0,0.0,0.0,0.0,0.0,0.0,0.0,0.0,0.0,0.0,0.042516436285950476,0.042516436285950476,181.61862257964253,369.2160068189811,0.0,23.190783428608157,0.0,0.0,0.0,1000.0,0.0,0.0,0.0,0.0,0.0,810.9064874978367,-1000.0,0.0,0.0,0.0,0.0,0.0,0.0,0.0,0.0,0.0,0.0,0.0,0.0,0.0,187.31276058534948,-425.8141935267948,334.38488839164376,0.0,2.97615054000471,0.0,-906.6261070491827,0.0,0.0,0.0,810.9064874978367,0.0,714.7716180692714,0.0,-390.62499999999966,390.62499999999966,264.79823354089575,0.0,0.0,0.0,0.0,0.0,0.0,0.0,0.0,0.0,0.0,0.0,0.0,0.0,23.190783428608157,0.0,0.0,0.0,0.0,0.0,0.0,0.0,0.0,0.0,0.0,0.0,0.0,0.3865130571434693,0.0,181.61862257964253,0.0,0.0,181.61862257964253,441.9844661850424,0.0,0.0,231.25035629284136,0.0,0.0,0.0,0.0,0.0,0.0,0.0,0.0,0.0,0.0,297.80373984582934,0.0,0.0,11.595391714304078,11.595391714304078,1000.0,-1000.0,0.0,0.0,0.0,0.0,0.0,0.0,0.0,965.3516808210527,0.0,1000.0,0.038651305714346926,0.0,0.0,0.0,3.116951725106977,0.0,0.0,906.6261070491827,0.0,0.0,0.0,0.0,0.0,0.0,0.0,0.0,0.0,0.0,0.0,0.0,0.0,0.0,0.038651305714346926,0.0,0.0,0.0,-1000.0,1000.0,0.0,0.0,0.0,763.2117913010568,0.0,178.64247203963782,0.0,0.0,-1000.0,-2.898847928576089,0.0,-1.9325652857173452,0.0,0.0,0.0,0.0,0.0,0.0,0.0,0.0,0.0,0.0,0.0,0.0,0.0,0.0,0.0,111.67468332559899,0.0,0.0,0.0,-0.038651305714346926,0.0,0.0,0.038651305714346926,0.0,0.038651305714346926,0.0,0.0,0.0,23.190783428608157,47.15459297150325,47.15459297150325,0.0,0.0,0.0,0.0,0.0,0.0,0.0,334.38488839164376,0.0,0.0,0.0,0.0,0.0,277.50027581376366,0.0,0.0,0.0,0.0,0.0,0.0,0.0,0.0,0.0,0.0,0.0,0.0,0.0,0.0,0.0,-726.5721026839338,726.5721026839338,0.05797695857152039,0.0,0.0,0.0,-231.25035629284136,0.0,0.0,0.0,0.0,0.0,-369.2160068189811,1.9325652857173463,0.0,0.0,0.0,-109.37500000000001,725.0291842664593,-178.64247203963782,-1.9325652857173452,0.0,-1000.0,0.0,0.0,0.0,0.0,0.0,0.0,0.0,0.0,967.1730946992316,104.41777327808535,0.0,651.6546272487744,-54.2007853935497,0.0,0.0,0.0,0.0,0.0,-47.15459297150325,0.0,1.9325652857173452,825.8140256677243,0.0,0.0,-181.61862257964253,-127.886865032915,421.8750000000004,-421.8750000000004,0.0,0.0,0.0,0.0,0.0,0.0,0.0,-5.797695857152121,0.0,47.15459297150325,0.0,961.378264233255,961.378264233255,-779.7596416536123,0.0,0.0,0.0,0.0,0.0,0.0,0.0,0.0,377.91255060470917,-3.116951725106977,-191.47085341321392,0.0,11.595391714304078,0.0,0.0,0.0,0.0,182.47075282441682,0.0,0.0,0.042516436285950476,0.0,0.0,0.0,23.577296485751624,0.0,0.0,0.0,0.0,469.50037525591983,0.0,225.78064857634544,0.0,0.0,0.0,0.0,0.0,0.0,0.0,0.0,0.0038651305714347828,0.0038651305714347828,0.0,0.0,0.0,0.0,0.0,0.0,0.0,0.0,0.0,0.0,181.61862257964253,0.0,0.0,0.0,0.0,369.2160068189811,0.0,0.0,0.0,0.0,0.0,0.0,0.0,0.0,0.0,0.0,0.0,0.0,0.0,0.0,68.60628390027956,0.0,0.0,0.0,23.190783428608157,0.0,0.0,0.0,0.0,0.0,0.0,-23.190783428608157,0.0,0.0,0.0,0.0,0.0,0.0,0.0,0.0,0.0,181.61862257964253,181.61862257964253,0.0,-1000.0,-1000.0,303.97642022809123,-231.25035629284136,0.0,0.0,999.8453947771433,0.0,0.0,0.0,0.0,0.0,0.0,0.0,0.0,0.0,0.0,0.0,0.0,0.0,0.0,0.0,0.0,0.0,-4.831413214293434,0.0,-737.2058909989962,274.6014278851876,0.0,0.0,0.0,0.0,0.0,313.2308631026125,-313.71400442404183,127.886865032915,0.0,0.0,0.0,0.0,0.0,0.0,0.0,1000.0,11.595391714304078,11.595391714304078,0.0,0.0,0.0,0.0,0.0,0.042516436285950476,369.2160068189811,0.0,0.0,-999.8453947771433,0.0,0.0,0.0,0.0,0.0,0.0,0.0,0.0,0.0,0.0,0.0,0.0,0.0,0.0,363.2860513419669,0.0,0.0,11.981904771447546,0.0,40.58387100006428,2.97615054000471,0.0,0.0,0.0,0.0,0.0,369.2160068189811,0.0,-4.220722584006694,0.0,0.0,0.0,-4.831413214293434,0.0,0.0,0.0,0.0,0.0,0.0,0.0,0.0,0.0,0.0,0.0,0.0,0.0,0.0,0.0,0.0,0.0,0.0,-0.038651305714346926,0.0,0.0,1.9325652857173463,-810.9064874978367,0.0,0.0,0.0,0.0,0.0,0.0,0.0,0.0,-274.1723983917582,0.9662826428586868,0.0,0.0,0.0,0.038651305714346926,0.0,38.651305714346925,0.0,7.730261142869385,0.27608075510247804,131.800952485923,-0.028988479285760194,869.0860868209274,0.7730261142869386,-0.19325652857105524,-131.800952485923,11.595391714304078,-0.038651305714346926,18.066928464516568,0.0,0.009662826428586731,0.27608075510247804,-54.20078539354971,-6.153287869724039,180.8455964653557,-40.831777528289365,-0.038651305714346926,0.009662826428586731,-131.800952485923,3.8651305714346926,0.038651305714346926,0.038651305714346926,-369.1348390769808,0.04251643628578171,0.0,-0.028988479285760194,11.595391714304078,0.038651305714346926,231.25035629284136,200.32931172136384,-0.019325652857173463,-383.49745457159577,-3.9037818771490396,-0.028988479285760194,-0.038651305714346926,0.0,0.038651305714346926,3.8651305714346926,-0.7730261142869386,0.0,0.0,-3.8651305714346926,40.83177752828935,0.0,7.730261142869385,0.05797695857152039,215.69716391941904,3.8651305714346926,-187.31276058534948,0.0,-7.730261142869385,0.019325652857173463,0.3865130571434693,198.65223041408152,112.14803442095473,-0.038651305714346926,-377.91255060470917,369.1348390769808,11.981904771447546,0.038651305714346926,6.153287869724039,-266.0365314357536,0.0,-0.038651305714346926,-0.009662826428586731,0.0,-0.038651305714346926,-321.9155180049107,0.038651305714665796,-0.009662826428586731,-0.009662826428586731,-0.009662826428586731,15.46052228573877,-200.32931172136384,0.3865130571434693,28.63578612111644,-0.009662826428586731,379.23753236364644,1.9325652857173463,50.0,0.038651305714346926,0.019325652857173463,0.019325652857173463,3.8651305714346926,0.0,0.038651305714346926,0.0,0.3865130571434693,0.038651305714346926,-28.63578612111644,0.038651305714346926,0.1546052228567305,0.19325652857105524,0.019325652857173463,0.009662826428586731,11.595391714304078,-0.038651305714346926,0.0,-90.42279823267785,-57.27157224223288,868.1198041780688,-3.8651305714346926,7.730261142869385,1.9325652857173463,-0.038651305714346926,54.20078539354971,0.05797695857152039,-0.038651305714346926,-7.730261142869385,0.0,-83.77691841220746,0.019325652857173463,-100.0,-0.038651305714346926,-0.038651305714665796,-0.038651305714346926,0.019325652857173463,131.800952485923,-7.730261142869385,0.038651305714346926,397.30446082816303,-0.009662826428586731,-0.04251643628578171,-397.30446082816303,5.797695857152038,3.9037818771490396,-740.592097948852,131.800952485923,-0.028988479285760194,377.91255060470917,-112.14803442095473,0.038651305714346926,-0.009662826428586731,1.9325652857173452,38.651305714346925,-0.019325652857173463,-0.038651305714346926,0.009662826428586731,1000.0,0.0,-343.8006886576345,0.0,-255.0,0.0,172.10365227797752,-67.32168060837103,0.0,-54.64376094912899,-255.0,-325.0,-128.08419908535834,27.321880474564495,127.5,127.5,0.0,33.66084030418551,-369.2160068189811,-98.69383441220934,128.08419908535834,325.0,-98.69383441220934,-172.10365227797752,217.13752657114821,0.0,1496.5981,hplb
461,0.0,0.0,0.0,0.0,0.0,0.0,0.0,0.0,-0.04165091836558668,0.0,0.0,0.0,0.0,0.0,0.0,0.0,1000.0,18.73106163318164,0.0,-906.2200356491046,0.0,0.0,0.0,46.626250908353484,0.0,333.1333036266402,0.0,0.0,0.0,-164.6766189375786,53.31515363568688,-53.31515363568688,0.0,0.0,0.0,0.0,0.0,999.8333963265381,0.0,-1000.0,987.504724490324,0.0,0.0,0.0,0.0,0.0,434.1446705145222,0.0,-433.2652895434791,0.0,0.0,135.93209584954394,0.0,0.045816010202088364,0.0,0.0,0.0,0.0,0.0,0.0,-21.439775422624884,0.0,0.0,-21.439775422624884,0.0,0.0,0.0,0.0,1000.0,-1000.0,0.0,0.4165091836558668,0.0,0.0,0.0,0.0,0.0,0.0,0.0,0.0,0.0,0.0,-73.29774860356713,0.0,24.990551019352008,0.0,0.0,-46.67852068372707,728.3869320608271,-700.0,-0.01041272959139667,0.0,0.0,0.0,12.495275509676004,0.0,12.495275509676004,-929.4555539733286,0.0,0.0,0.0,2.082545918279334,-1000.0,0.0,0.0,0.0,0.0,0.0,0.0,0.0,0.0,0.0,0.0,0.0,0.0,0.0,0.0,0.0,0.0,0.0,0.0,0.0,0.0,0.0,-484.41326404105365,0.0,0.0,12.495275509676004,0.0,12.91178469333187,0.0,0.0,-1000.0,1000.0,0.0,0.0,0.0,0.0,0.0,0.0,0.0,0.0,0.0,0.0,0.0,76.5048693177173,0.04165091836558668,0.0,0.0,0.0,0.0,-844.238369442293,0.0,0.0,73.29774860356713,0.0,202.86591125976398,0.0,0.0,0.0,0.0,0.0,-88.72207948257301,-88.72207948257301,0.0,0.0,0.0,390.62499999999994,0.0,0.0,0.0,-35.36527492852054,0.0,0.0,0.0,0.0,0.0,0.0,0.0,0.0,0.0,0.0,0.0,0.0,0.0,0.0,-133.1983372479741,0.0,0.0,0.0,0.0,-1000.0,0.0,0.0,0.0,0.0,0.0,0.0,-135.93209584954394,271.61306793917294,-271.61306793917294,0.0,0.0,0.0,0.0,0.0,0.0,0.0,835.3233810624214,-617.6529946652411,0.0,0.0,0.0,0.0,0.0,0.0,0.0,0.0,0.0,0.0,0.0,0.0,0.0,165.12533928944663,760.8987367885277,-266.1259956693984,0.0,0.0,0.0,0.0,0.0,0.0,0.0,0.0,0.0,-21.439775422624884,-266.1259956693984,53.31515363568688,0.0,0.0,0.0,0.0,0.0,0.0,0.0,0.0,8.330183673117336,0.0,0.0,299.93752362245164,756.7113877441058,-344.26283813757726,0.0,266.1259956693984,0.0,0.0,0.0,-6.271804390045162,0.0,0.0,0.0,-430.74526785977025,0.0,0.0,-1000.0,265.62499999999767,0.0,-1000.0,-265.62499999999767,0.0,1000.0,0.0,0.0,0.0,0.0,116.20606223998682,0.0,0.0,0.0,969.2181617285094,0.0,-969.2181617285094,0.0,825.2363021498961,0.0,0.0,-573.8875057813501,390.62499999999994,0.0,0.0,-21.439775422624884,-0.06247637754838002,0.0,0.0,0.0,0.0,0.04165091836558668,0.0,0.0,0.0,987.504724490324,1000.0,0.0,-605.1198416576539,574.2602786074658,0.0,1000.0,0.0,1000.0,0.0,0.0,0.0,0.0,0.0,-3.586144071276956,-360.06625574318684,-636.3476001855362,-1000.0,623.7292339141613,0.0,0.0,0.0,0.0,0.0,0.0,0.0,0.0,0.0,0.0,0.0,0.0,0.0,0.0,0.0,0.0,0.0,0.0,0.0,-1000.0,73.29774860356713,0.0,874.7992407662695,0.0,0.0,0.0,-23.18971568203041,0.0,0.0,0.0,0.0,0.0,0.0,0.0,0.0,0.0,-639.9337442568132,-279.4589445881231,13.307477337660012,580.2646386062737,0.0,0.0,-2.082545918279334,-780.5337385404958,-1.041272959139667,-15.390023255939347,0.0,0.0,832.1017316490737,0.0,165.8157224326469,12.495275509676004,0.0,0.0,0.0,87.82558437450035,0.0,0.0,0.0,-165.12533928944663,165.12533928944663,165.12533928944663,115.07874306849135,0.0,0.0,-426.5402084006257,0.0,0.0,835.3233810624214,0.0,0.0,-42.87955084524977,0.0,0.0,0.0,0.0,0.0,0.0,0.0,-95.83490816344133,0.08330183673103875,0.0,0.0,0.0,0.0,0.0,0.0,0.0,0.0,0.0,0.0,0.0,0.0,0.0,0.0,0.0,0.0,0.0,0.0,0.0,0.045816010202088364,0.045816010202088364,53.31515363568688,436.7951556163293,0.0,24.990551019352008,0.0,190.86925082384238,0.0,1000.0,0.0,79.382765287555,0.0,0.0,0.0,257.5741488222167,-1000.0,0.0,0.0,0.0,0.0,0.0,0.0,0.0,0.0,0.0,0.0,0.0,0.0,0.0,161.47108801368455,-987.504724490324,844.238369442293,0.0,3.2071207141501645,0.0,0.0,0.0,0.0,0.0,257.5741488222167,0.0,161.7392406587754,0.0,0.0,0.0,165.12533928944663,0.0,0.0,0.0,0.0,0.0,0.0,0.0,0.0,0.0,0.0,0.0,0.0,0.0,24.990551019352008,0.0,0.0,0.0,0.0,0.0,0.0,0.0,0.0,0.0,0.0,0.0,0.0,0.4165091836558668,0.0,53.31515363568688,0.0,0.0,53.31515363568688,-135.93209584954394,0.0,0.0,12.495275509676004,0.0,0.0,0.0,0.0,0.0,0.0,0.0,0.0,0.0,0.0,341.0402726278886,605.6445737364245,0.0,12.495275509676004,12.495275509676004,1000.0,-1000.0,0.0,0.0,0.0,0.0,0.0,0.0,0.0,1000.0,835.3233810624214,595.9425232769187,0.04165091836558668,0.0,0.0,0.0,55.00598783295229,43.76548888389096,0.0,0.0,0.0,0.0,0.0,0.0,0.0,0.0,0.0,0.0,0.0,0.0,0.0,0.0,0.0,0.0,0.04165091836558668,0.0,0.0,0.0,-1000.0,1000.0,0.0,0.0,0.0,0.0,0.0,1000.0,0.0,-148.390474915761,-1000.0,-3.123818877419001,0.0,-2.0825459182793793,0.0,0.0,0.0,0.0,0.0,0.0,0.0,0.0,0.0,0.0,0.0,0.0,0.0,0.0,0.0,1000.0,0.0,0.0,0.0,-0.04165091836558668,0.0,0.0,0.04165091836558668,0.0,0.04165091836558668,0.0,0.0,0.0,24.990551019352008,50.814120406015746,50.814120406015746,0.0,0.0,0.0,0.0,0.0,0.0,0.0,844.238369442293,0.0,835.3233810624214,0.0,0.0,0.0,0.0,0.0,0.0,0.0,0.0,0.0,0.0,0.0,0.0,0.0,0.0,0.0,0.0,0.0,0.0,0.0,-333.1333036266402,333.1333036266402,0.06247637754838002,0.0,0.0,0.0,-12.495275509676004,0.0,0.0,0.0,0.0,0.0,-436.7951556163293,2.082545918279334,0.0,0.0,0.0,-390.625,0.0,-125.20075923373058,-2.0825459182793793,0.0,0.0,0.0,0.0,0.0,0.0,0.0,0.0,0.0,0.0,0.0,271.66981632688265,0.0,387.5533701304573,43.76548888389096,0.0,-148.390474915761,148.390474915761,0.0,73.29774860356713,-57.08592479606091,190.86925082384238,2.0825459182793793,1000.0,0.0,189.6671699569307,-53.31515363568688,-42.87955084524977,0.0,0.0,218.96668110011632,-218.96668110011632,0.0,0.0,0.0,0.0,0.0,126.95069949313611,0.0,50.814120406015746,0.0,0.0,0.0,53.31515363568688,0.0,0.0,0.0,0.0,0.0,0.0,0.0,0.0,446.1666122485863,-55.00598783295229,-470.95996644353204,0.0,12.495275509676004,0.0,0.0,0.0,0.0,48.20502207917281,0.0,0.0,0.045816010202088364,0.0,0.0,0.0,25.407060203007873,0.0,0.0,0.0,0.0,760.8987367885277,0.0,0.0,0.0,0.0,0.0,0.0,0.0,0.0,0.0,0.0,868.9145692112766,0.004165091836558668,0.0,0.0,0.0,0.0,0.0,0.0,0.0,0.0,0.0,0.0,53.31515363568688,0.0,0.0,0.0,0.0,436.7951556163293,0.0,0.0,0.0,0.0,0.0,0.0,0.0,0.0,0.0,0.0,0.0,0.0,0.0,524.5825789578723,18.73106163318164,0.0,0.0,0.0,24.990551019352008,0.0,0.0,0.0,0.0,0.0,681.2498132367393,-706.2403642560913,0.0,0.0,0.0,0.0,0.0,0.0,0.0,0.0,0.0,53.31515363568688,53.31515363568688,0.0,1000.0,-1000.0,28.530879080426867,0.0,-12.495275509676004,0.0,999.8333963265381,0.0,0.0,0.0,0.0,0.0,0.0,0.0,0.0,0.0,0.0,0.0,0.0,0.0,0.0,0.0,0.0,190.86925082384238,-5.206364795698381,0.0,-3.123818877419001,-3.1238188774188984,0.0,0.0,0.0,0.0,0.0,391.1593448121956,-391.67998129176544,116.1772994488169,0.0,0.0,0.0,0.0,0.0,0.0,0.0,972.2132893627573,12.495275509676004,12.495275509676004,0.0,0.0,0.0,0.0,0.0,0.045816010202088364,436.7951556163293,0.0,0.0,-999.8333963265381,868.91040411944,0.0,0.0,0.0,0.0,0.0,0.0,0.0,0.0,0.0,0.0,0.0,0.0,0.0,0.0,0.0,0.0,0.0,0.0,43.73346428386601,3.2071207141501645,0.0,0.0,0.0,0.0,0.0,436.7951556163293,0.0,70.54444602667138,0.0,0.0,0.0,-5.206364795698381,0.0,0.0,0.0,0.0,0.0,0.0,0.0,0.0,0.0,0.0,0.0,0.0,0.0,0.0,0.0,0.0,0.0,0.0,-0.04165091836558668,0.0,0.0,2.082545918279334,-257.5741488222167,0.0,0.0,0.0,0.0,0.0,0.0,0.0,0.0,3.586144071276956,1.041272959139667,0.0,0.0,333.1333036266402,0.04165091836558668,0.0,41.650918365586676,-12.91178469333187,8.330183673117336,0.29750655975419055,116.20606223998682,-0.03123818877419001,2.082545918279334,0.8330183673117336,-0.20825459182742634,-116.20606223998682,12.495275509676004,-0.04165091836558668,0.0,0.0,0.01041272959139667,0.29750655975419055,0.0,-6.63082620380186,52.48213526837515,-112.51102598407704,-0.04165091836558668,0.01041272959139667,-116.20606223998682,238.95718696404492,0.04165091836558668,0.04165091836558668,-436.7076886877616,0.045816010202088364,-52.069419279550374,-0.03123818877419001,12.495275509676004,0.04165091836558668,12.495275509676004,-20.825459182793338,-0.02082545918279334,-150.7964919802136,-4.206742754924255,-0.03123818877419001,-0.04165091836558668,-12.91178469333187,0.04165091836558668,4.165091836558668,-0.8330183673117336,0.0,0.0,-4.165091836558673,112.51102598407704,0.0,8.330183673117336,0.06247637754838002,-117.82941363110012,4.165091836558668,-161.47108801368455,0.0,-8.330183673117336,0.02082545918279334,0.4165091836558668,151.27996041441347,280.0,-0.04165091836558668,-446.1666122485863,436.7076886877616,12.91178469333187,0.04165091836558668,6.63082620380186,-284.77319716619036,0.0,-0.04165091836558668,-0.01041272959139667,0.0,-0.04165091836558668,-95.83490816344133,0.04165091836557622,-0.01041272959139667,-0.01041272959139667,-0.01041272959139667,16.660367346234672,20.825459182793338,0.4165091836558668,30.85812414410543,-0.01041272959139667,302.55992082882693,2.082545918279334,50.0,0.04165091836558668,0.02082545918279334,0.02082545918279334,4.165091836558668,12.91178469333187,0.04165091836558668,-12.91178469333187,0.4165091836558668,0.04165091836558668,-30.85812414410543,0.04165091836558668,0.16660367346185012,0.20825459182742634,0.02082545918279334,0.01041272959139667,12.495275509676004,-0.04165091836558668,52.069419279550374,-26.241067634187576,-61.71624828821086,1.041272959139667,-4.165091836558668,8.330183673117336,2.082545918279334,-0.04165091836558668,0.0,0.06247637754838002,-0.04165091836558668,-8.330183673117336,12.91178469333187,115.5294573813355,0.02082545918279334,-100.0,-0.04165091836558668,-0.04165091836557622,-0.04165091836558668,0.02082545918279334,116.20606223998682,-8.330183673117336,0.04165091836558668,302.55992082882693,-0.01041272959139667,-0.045816010202088364,-302.55992082882693,6.247637754838001,4.206742754924255,-37.55461292797412,116.20606223998682,-0.03123818877419001,446.1666122485863,-280.0,0.04165091836558668,-0.01041272959139667,2.0825459182793793,41.650918365586676,-0.02082545918279334,-0.04165091836558668,0.01041272959139667,0.0,0.0,-182.19141182808266,0.0,-255.0,0.0,143.05813057768273,42.84500358801156,234.79209512748625,-80.0,-255.0,448.3548156387183,-300.0,40.0,127.5,127.5,-234.79209512748625,-21.42250179400578,-436.7951556163293,-163.7344794605083,300.0,-448.3548156387183,-163.7344794605083,-143.05813057768273,211.83311795365722,0.0,1496.5981,hplb
462,0.0,0.0,0.0,0.0,0.0,0.0,0.0,0.0,475.1310427178531,0.0,0.0,0.0,0.0,0.0,0.0,0.0,-793.9148731364032,1000.0,0.0,93.91487313640323,0.0,0.0,0.0,159.0026208290264,0.0,262.66758687449993,0.0,0.0,0.0,-696.7815469031831,0.0,0.0,411.77080023752296,0.0,0.0,0.0,0.0,987.6320538771962,0.0,-1000.0,1000.0,0.0,0.0,0.0,0.0,0.0,0.0,0.0,917.4620280393133,-586.8322117447779,0.0,-573.2343920002731,0.0,0.09518242118770104,0.0,0.0,0.0,0.0,0.0,0.0,-7.6203623265966245,0.0,7.6203623265966245,0.0,0.0,0.0,0.0,0.0,0.0,0.0,0.0,0.8652947380692777,0.0,0.0,0.0,0.0,0.0,0.0,0.0,152.94991177176823,0.0,0.0,0.0,0.0,51.91768428415666,0.0,0.0,-273.2375220668125,247.56916063083267,182.68090399267058,-0.02163236845173194,0.0,0.0,-362.5906048505145,25.95884214207833,0.0,25.95884214207833,-2.7862490565826104,0.0,0.0,0.0,616.2366700854791,-696.7815469031831,0.0,0.0,0.0,267.32373544370824,0.0,0.0,0.0,0.0,0.0,0.0,0.0,0.0,0.0,0.0,0.0,0.0,0.0,0.0,0.0,0.0,0.0,-576.7126515959967,0.0,0.0,25.95884214207833,0.0,26.82413688014761,0.0,0.0,-178.42094958035602,1000.0,-821.579050419644,821.579050419644,0.0,0.0,0.0,0.0,0.0,0.0,0.0,0.0,0.0,6.662769483133445,0.08652947380692776,0.0,0.0,0.0,-1000.0,116.6123161570975,0.0,0.0,0.0,0.0,664.0112932829827,0.0,0.0,0.0,0.0,0.0,84.63547844165504,84.63547844165504,0.0,0.0,0.0,0.0,-1000.0,0.0,0.0,84.72200791546197,0.0,0.0,0.0,-312.5592976804328,0.0,0.0,0.0,0.0,0.0,0.0,0.0,0.0,0.0,0.0,-1000.0,0.0,0.0,0.0,0.0,-1000.0,0.0,0.0,0.0,0.0,0.0,586.8322117447779,573.2343920002731,-217.45889797277383,217.45889797277383,0.0,0.0,0.0,0.0,0.0,0.0,0.0,0.0,-87.05813058805722,0.0,0.0,0.0,0.0,0.0,0.0,0.0,0.0,0.0,0.0,0.0,0.0,0.0,177.08254941788022,550.6757379219655,0.0,0.0,0.0,0.0,0.0,0.0,0.0,0.0,0.0,0.0,-7.6203623265966245,0.0,0.0,0.0,0.0,0.0,0.0,0.0,0.0,0.0,0.0,17.305894761385552,0.0,0.0,-1000.0,-534.9719413963935,1000.0,0.0,0.0,0.0,0.0,0.0,-550.2126660495867,0.0,0.0,0.0,284.6953770705476,0.0,0.0,251.20091722269854,0.0,0.0,251.20091722269854,0.0,0.0,30.110262658058787,0.0,-341.0029228091444,586.8322117447779,0.0,241.4172319213285,0.0,0.0,0.0,-386.905591224309,0.0,386.905591224309,0.0,1000.0,0.0,0.0,810.5271075307293,0.0,0.0,0.0,-7.6203623265966245,-0.12979421071039163,0.0,0.0,0.0,0.0,0.08652947380692776,0.0,0.0,0.0,974.0411578579217,-793.9148731364032,0.0,-917.0437186659786,767.840341688876,0.0,983.5667746145773,0.0,-571.9456856726866,0.0,0.0,0.0,0.0,0.0,571.9456856726866,0.0,0.0,-1000.0,-1000.0,0.0,0.0,0.0,0.0,0.0,0.0,0.0,0.0,0.0,0.0,0.0,0.0,0.0,0.0,0.0,0.0,0.0,-12.021828227576261,0.0,-1000.0,0.0,0.0,0.0,1000.0,0.0,0.0,-6.662769483133445,0.0,0.0,0.0,0.0,611.9101963951327,0.0,-210.16345956396538,189.71842811208728,0.0,0.0,0.0,0.0,0.0,-695.9078098484914,210.16345956396538,-1000.0,581.9026713174661,-2.163236845173194,-4.326473690346388,0.0,0.0,-364.9722937133751,0.0,308.7281357388721,25.95884214207833,0.0,0.0,0.0,0.0,0.0,475.21757219166005,0.0,-177.08254941788022,177.08254941788022,177.08254941788022,-218.52528771374006,0.0,0.0,-915.4510510321519,0.0,0.0,0.0,0.0,0.0,-15.240724653193249,0.0,0.0,42.39206752750107,0.0,0.0,0.0,0.0,-91.34705261930722,0.17305894761398122,0.0,0.0,0.0,0.0,0.0,0.0,0.0,0.0,0.0,0.0,0.0,0.0,0.0,0.0,0.0,0.0,0.0,0.0,0.0,0.09518242118770104,0.09518242118770104,0.0,439.77665465649466,0.0,51.91768428415666,0.0,0.0,0.0,-911.9896329211988,0.0,0.0,0.0,0.0,0.0,281.1944566892571,911.9896329211988,0.0,0.0,811.4515048722091,0.0,0.0,42.39206752750107,0.0,0.0,0.0,0.0,0.0,0.0,0.0,192.2375505319989,-974.0411578579217,616.0639483991943,0.0,145.57488877678742,0.0,637.4093951494855,-1000.0,-1000.0,0.0,281.1944566892571,0.0,489.5914453188384,-299.7440412488885,0.0,0.0,177.08254941788022,0.0,0.0,0.0,0.0,0.0,0.0,0.0,0.0,0.0,0.0,0.0,0.0,0.0,51.91768428415666,0.0,0.0,0.0,0.0,0.0,0.0,0.0,0.0,0.0,0.0,0.0,0.0,0.8652947380692777,0.0,0.0,0.0,0.0,0.0,573.2343920002731,0.0,0.0,25.95884214207833,-811.4515048722091,0.0,0.0,138.91211929365397,0.0,0.0,0.0,0.0,0.0,0.0,0.0,399.25416727002937,0.0,25.95884214207833,25.95884214207833,1000.0,911.9896329211988,0.0,42.39206752750107,0.0,0.0,0.0,0.0,0.0,696.7815469031831,0.0,1000.0,0.08652947380692776,0.0,0.0,0.0,114.27453151544911,456.2193929523545,0.0,362.5906048505145,0.0,0.0,0.0,0.0,0.0,0.0,0.0,0.0,0.0,0.0,0.0,0.0,0.0,0.0,0.08652947380692776,0.0,0.0,0.0,0.0,0.0,0.0,0.0,0.0,0.0,-6.662769483133445,0.0,0.0,0.0,-987.9781717724237,-6.489710535519521,0.0,-4.32647369034639,0.0,0.0,0.0,0.0,0.0,0.0,0.0,0.0,0.0,0.0,0.0,0.0,0.0,0.0,0.0,-51.91768428415666,0.0,0.0,0.0,475.1310427178531,0.0,0.0,0.08652947380692776,0.0,0.08652947380692776,0.0,0.0,0.0,51.91768428415666,105.56595804445188,105.56595804445188,0.0,0.0,0.0,0.0,0.0,0.0,0.0,616.0639483991943,0.0,0.0,0.0,0.0,0.0,579.3958733674632,0.0,0.0,0.0,0.0,0.0,0.0,0.0,0.0,0.0,0.0,0.0,0.0,0.0,0.0,0.0,-262.66758687449993,262.66758687449993,0.12979421071039163,0.0,0.0,0.0,-25.95884214207833,0.0,0.0,0.0,0.0,0.0,-439.77665465649466,4.326473690346388,0.0,0.0,0.0,0.0,1000.0,0.0,-4.32647369034639,0.0,0.0,0.0,0.0,0.0,0.0,0.0,0.0,0.0,811.4515048722091,1000.0,262.69410523861444,0.0,923.7580536378086,456.2193929523545,0.0,0.0,0.0,0.0,0.0,-655.7786240940386,0.0,4.32647369034639,1000.0,0.0,0.0,0.0,-15.240724653193249,0.0,0.0,0.0,0.0,0.0,0.0,0.0,0.0,0.0,1000.0,-12.97942107103944,105.56595804445188,0.0,974.2521761555033,974.2521761555033,-974.2521761555033,0.0,0.0,0.0,0.0,0.0,0.0,0.0,0.0,446.2663651920142,-114.27453151544911,-820.7198414107512,0.0,25.95884214207833,0.0,0.0,0.0,0.0,277.63348191332676,0.0,0.0,0.09518242118770104,0.0,0.0,0.0,52.78297902222594,0.0,0.0,0.0,0.0,550.6757379219655,0.0,267.32373544370824,0.0,0.0,0.0,0.0,0.0,0.0,736.7747147828258,0.0,0.008652947380692666,0.008652947380692666,0.0,0.0,0.0,0.0,0.0,0.0,0.0,0.0,0.0,0.0,0.0,0.0,0.0,0.0,0.0,439.77665465649466,0.0,0.0,0.0,0.0,0.0,0.0,0.0,586.8322117447779,0.0,0.0,0.0,0.0,-344.22137590596134,0.0,1000.0,0.0,0.0,0.0,51.91768428415666,0.0,0.0,0.0,0.0,0.0,-525.1926035061382,473.2749192219815,0.0,0.0,0.0,0.0,0.0,0.0,0.0,0.0,0.0,0.0,0.0,0.0,-1000.0,-1000.0,638.6685629252087,0.0,-25.95884214207833,0.0,987.6320538771962,0.0,0.0,0.0,0.0,0.0,0.0,0.0,0.0,0.0,0.0,0.0,0.0,0.0,0.0,0.0,0.0,0.0,-10.81618422586591,0.0,-618.3999069306523,585.8855839029831,0.0,0.0,0.0,0.0,0.0,0.0,-1.081618422586597,15.240724653193249,0.0,0.0,0.0,0.0,0.0,0.0,0.0,1000.0,25.95884214207833,25.95884214207833,0.0,0.0,0.0,0.0,152.94991177176823,0.09518242118770104,439.77665465649466,0.0,0.0,-987.6320538771962,0.0,0.0,0.0,0.0,0.0,0.0,0.0,0.0,0.0,0.0,0.0,0.0,0.0,0.0,0.0,0.0,0.0,0.0,0.0,90.85594749727414,6.662769483133445,0.0,0.0,0.0,0.0,0.0,439.77665465649466,0.0,-2.7862490565826104,0.0,0.0,0.0,-10.81618422586591,0.0,0.0,0.0,0.0,0.0,0.0,0.0,0.0,0.0,0.0,0.0,0.0,0.0,0.0,0.0,0.0,0.0,0.0,-0.08652947380692776,0.0,0.0,4.326473690346388,-281.1944566892571,0.0,0.0,0.0,0.0,0.0,0.0,0.0,0.0,-571.9456856726866,2.163236845173194,0.0,0.0,262.66758687449993,0.08652947380692776,0.0,86.52947380692775,-26.82413688014761,17.305894761385552,0.6180676700494839,241.4172319213285,-0.06489710535519581,810.2815718879127,1.7305894761385554,-0.4326473690343846,-241.4172319213285,25.95884214207833,-0.08652947380692776,0.0,42.39206752750107,0.02163236845173194,0.618067670049484,0.0,-13.775492230062445,-1.7305894761385554,-300.0,-0.08652947380692776,0.02163236845173194,-241.4172319213285,373.7310915115608,0.08652947380692776,0.08652947380692776,-439.5949427615,0.09518242118762042,-46.89845990447577,-0.06489710535519581,25.95884214207833,0.08652947380692776,25.95884214207833,-43.264736903463884,-0.04326473690346388,-617.1128333785069,-8.739476854499705,-0.06489710535519581,-0.08652947380692776,-26.82413688014761,0.08652947380692776,8.652947380692776,-1.7305894761385554,0.0,0.0,-8.652947380692751,300.0,0.0,17.305894761385552,0.12979421071039163,-103.16893423095719,8.652947380692776,-192.2375505319989,42.39206752750107,-17.305894761385552,0.04326473690346388,0.8652947380692777,229.26092966649466,280.0,-0.08652947380692776,-459.2457862630536,439.5949427615,26.82413688014761,0.08652947380692776,13.775492230062445,-426.5214451716809,42.39206752750107,-0.08652947380692776,-0.02163236845173194,-42.39206752750107,-0.08652947380692776,-358.6707880630155,0.08652947380693377,-0.02163236845173194,-0.02163236845173194,-0.02163236845173194,34.611789522771105,43.264736903463884,0.8652947380692777,258.42564222948613,-0.02163236845173194,458.5218593329893,4.326473690346388,50.0,0.08652947380692776,0.04326473690346388,0.04326473690346388,29.84898114444331,26.82413688014761,0.08652947380692776,-26.82413688014761,0.8652947380692777,0.08652947380692776,-647.061878875043,0.08652947380692776,0.34611789522750236,0.4326473690343846,0.04326473690346388,0.02163236845173194,25.95884214207833,-0.08652947380692776,46.89845990447577,0.8652947380692777,-516.8512844589723,808.1183350427395,-8.652947380692776,17.305894761385552,4.326473690346388,-0.08652947380692776,0.0,0.12979421071039163,-0.08652947380692776,-59.69796228888662,26.82413688014761,104.50030250587173,0.04326473690346388,-100.0,-0.08652947380692776,-0.08652947380693377,-0.08652947380692776,0.04326473690346388,241.4172319213285,-17.305894761385552,0.08652947380692776,458.5218593329893,-0.02163236845173194,-0.09518242118762042,-458.5218593329893,12.979421071039162,8.739476854499705,-470.07258792203055,241.4172319213285,-0.06489710535519581,459.2457862630536,-280.0,0.08652947380692776,-0.021632368451731936,4.32647369034639,86.52947380692777,-0.04326473690346388,-0.08652947380692776,0.02163236845173194,1000.0,0.0,-109.66549715667564,388.6362366455569,-255.0,0.0,414.7124725552635,42.53629134369834,365.07814413086805,-80.0,-255.0,-325.0,-212.79116665072937,40.0,127.5,127.5,-365.07814413086805,-21.26814567184917,-439.77665465649466,-382.1337844191985,212.79116665072937,325.0,-382.1337844191985,-414.7124725552635,416.29048517312583,0.0,1496.5981,hplb
463,0.0,0.0,0.0,0.0,0.0,0.0,0.0,0.0,-0.04990384188911484,0.0,0.0,0.0,0.0,0.0,0.0,0.0,118.05757317555015,0.0,0.0,181.94242682444985,0.0,0.0,0.0,153.45891493418915,0.0,0.0,0.0,0.0,0.0,-329.67966993239213,0.0,0.0,693.6091635253397,0.0,0.0,0.0,0.0,773.9348139772527,0.0,-1000.0,985.0288474332656,0.0,0.0,738.4493321189914,0.0,0.0,0.0,0.0,0.0,0.0,0.0,76.88701465613326,0.0,0.05489422607763572,0.0,0.0,0.0,0.0,0.0,0.0,-21.364506839505083,0.0,1000.0,750.7450639194735,0.0,0.0,0.0,0.0,0.0,0.0,0.0,0.49903841889114847,0.0,0.0,0.0,0.0,0.0,0.0,0.0,0.0,0.0,0.0,0.0,0.0,29.942305133468906,0.0,79.87551118648662,405.79561805367376,-360.77833587210256,-86.11298493815475,-0.01247596047227871,0.0,0.0,0.0,14.971152566734453,0.0,14.971152566734453,-0.28920897957959824,786.5320687704149,0.0,0.0,2.495192094455742,-1000.0,0.0,0.0,0.0,0.0,0.0,0.0,0.0,0.0,0.0,0.0,0.0,0.0,0.0,0.0,0.0,0.0,0.0,0.0,0.0,0.0,0.0,-601.3596123531269,0.0,0.0,14.971152566734453,0.0,15.470190985625603,15.470190985625603,0.0,10.832517717361611,977.4270229842173,-988.2595407015789,988.2595407015789,-227.89042924102142,0.0,0.0,0.0,0.0,0.0,0.0,0.0,0.0,83.71810701194846,0.04990384188909047,0.0,0.0,0.0,-822.2058448119386,822.2058448119386,0.0,0.0,0.0,0.0,28.006123916921545,0.0,0.0,0.0,0.0,0.0,914.6981922512699,914.6981922512699,0.0,0.0,0.0,203.12500000000003,-517.2077957181998,0.0,0.0,914.748096093159,0.0,0.0,0.0,-319.5969537357437,-193.3402642713651,0.0,0.0,0.0,0.0,0.0,0.0,0.0,0.0,0.0,0.0,0.0,0.0,0.0,0.0,-1000.0,0.0,0.0,0.0,0.0,0.0,0.0,-76.88701465613326,671.0913966024596,-671.0913966024596,73.76323498918362,0.0,0.0,0.0,0.0,0.0,0.0,670.3203300676079,-691.2187486139624,0.0,0.0,0.0,0.0,0.0,0.0,0.0,0.0,0.0,0.0,0.0,0.0,0.0,203.59077681729326,-80.03846324435409,288.50911141297524,0.0,0.0,0.0,154.1271942518378,164.95971196919942,0.0,0.0,0.0,0.0,-21.364506839505083,-449.94022070601613,0.0,0.0,0.0,0.0,0.0,0.0,0.0,0.0,1.3176947292515422,9.980768377822969,0.0,0.0,31.869732474561715,-1000.0,1000.0,0.0,-288.50911141297524,0.0,0.0,227.89042924102142,-606.0089489967356,0.0,0.0,0.0,-433.2400602215465,0.0,0.0,0.0,0.0,0.0,-890.3692704411966,890.3692704411966,-890.3692704411966,310.313060730357,0.0,524.1252200293688,0.0,0.0,-68.55084611650139,0.0,0.0,0.0,-908.3634941011057,0.0,908.3634941011057,0.0,1000.0,0.0,154.1271942518378,0.0,203.12500000000003,0.0,0.0,-21.364506839505083,-0.07485576283367226,0.0,0.0,0.0,0.0,0.04990384188909047,0.0,0.0,0.0,744.9882057456309,118.05757317555015,0.0,-378.13641022652996,-120.14372324510612,193.3402642713651,1000.0,0.0,-467.46023290217875,0.0,0.0,0.0,0.0,0.0,-4.296720786652397,471.7569536888311,0.0,-1000.0,-1000.0,0.0,0.0,0.0,0.0,0.0,0.0,0.0,0.0,0.0,0.0,0.0,0.0,0.0,0.0,0.0,0.0,0.0,-284.624802414647,0.0,-1000.0,0.0,0.0,0.0,0.0,0.0,0.0,-85.0358017412,0.0,786.5320687704149,0.0,0.0,0.0,0.0,0.0,-210.29260809139282,-452.0384583851941,-471.7569536888311,650.8332747356188,0.0,0.0,-67.19552310369315,0.0,207.79741599693708,717.368563594477,450.7908623379662,-2.495192094455742,2.372220624294471,0.0,0.0,-1000.0,182.10197435764033,14.971152566734453,0.0,0.0,0.0,0.0,0.0,0.0,0.0,-203.59077681729326,203.59077681729326,203.59077681729326,-505.13228264757106,0.0,0.0,-324.97824515007903,0.0,0.0,670.3203300676079,0.0,0.0,-110.86842054705835,0.0,-703.1250000000024,0.0,0.0,0.0,0.0,0.0,-95.00961581108851,0.09980768377818094,0.0,0.0,0.0,0.0,0.0,0.0,0.0,0.0,0.0,0.0,0.0,0.0,0.0,0.0,0.0,0.0,0.0,0.0,0.0,0.05489422607763572,0.05489422607763572,0.0,469.11076871039063,0.0,29.942305133468906,0.0,0.0,0.0,1000.0,0.0,0.0,79.87551118648662,0.0,0.0,-87.17415863516499,-1000.0,0.0,0.0,219.55208310403106,0.0,0.0,0.0,0.0,0.0,0.0,0.0,0.0,0.0,0.0,200.45320411770896,-744.9882057456309,0.0,0.0,83.71810701194846,0.0,0.0,0.0,-238.72294695838303,0.0,-341.79749625947693,0.0,0.0,-182.1837744462535,0.0,0.0,203.59077681729326,0.0,0.0,0.0,0.0,0.0,0.0,0.0,0.0,0.0,0.0,0.0,0.0,0.0,29.942305133468906,227.89042924102142,227.89042924102142,0.0,0.0,0.0,0.0,0.0,0.0,0.0,0.0,0.0,0.0,0.49903841889114847,0.0,0.0,79.87551118648662,-79.87551118648662,0.0,-76.88701465613326,0.0,0.0,14.971152566734453,-219.55208310403106,0.0,0.0,0.0,0.0,0.0,0.0,0.0,0.0,0.0,0.0,0.0,0.0,14.971152566734453,14.971152566734453,1000.0,-1000.0,0.0,0.0,0.0,0.0,0.0,0.0,0.0,1000.0,670.3203300676079,822.3027599370092,0.04990384188909047,0.0,0.0,0.0,4.024388392343618,750.1515142697481,0.0,0.0,0.0,0.0,0.0,0.0,0.0,0.0,19.58641058648553,0.0,0.0,0.0,0.0,0.0,0.0,0.0,0.04990384188909047,0.0,0.0,0.0,1000.0,-1000.0,0.0,0.0,0.0,0.0,0.0,1000.0,0.0,-13.87893055613813,-1000.0,-3.7427881416836133,0.0,-2.495192094455742,0.0,578.125,578.125,-578.125,0.0,0.0,0.0,0.0,0.0,0.0,0.0,227.89042924102142,193.3402642713651,0.0,0.0,184.59716645209608,0.0,0.0,0.0,-0.04990384188909047,0.0,0.0,0.04990384188909047,0.0,0.04990384188909047,58.7592317594566,0.0,0.0,29.942305133468906,60.882687104720105,60.882687104720105,0.0,0.0,0.0,0.0,0.0,0.0,0.0,0.0,0.0,670.3203300676079,0.0,0.0,0.0,0.0,0.0,0.0,0.0,0.0,0.0,0.0,0.0,0.0,0.0,0.0,0.0,0.0,0.0,238.72294695838303,0.0,0.0,0.0,0.07485576283367226,0.0,0.0,0.0,-14.971152566734453,0.0,0.0,0.0,0.0,0.0,-469.11076871039063,2.495192094455742,0.0,0.0,0.0,-203.12500000000003,517.2077957181998,-0.28920897957959824,-2.495192094455742,0.0,-703.1250000000024,0.0,0.0,0.0,0.0,0.0,227.89042924102142,0.0,219.55208310403106,0.0,265.51999189309737,0.0,315.019231622177,750.1515142697481,284.624802414647,-85.3250107207796,800.410999326553,-999.7107910204204,0.0,-666.8916361014557,0.0,2.495192094455742,675.6414243695451,0.0,0.0,0.0,-270.6194429200316,0.0,0.0,0.0,0.0,0.0,0.0,0.0,0.0,0.0,-3.7427881416836044,-3.7427881416833486,60.882687104720105,0.0,0.0,0.0,0.0,0.0,0.0,0.0,0.0,0.0,1.3176947292515422,0.0,0.0,476.59634499375784,-4.024388392343618,439.0803059574855,0.0,14.971152566734453,79.87551118648662,0.0,0.0,0.0,-46.80161122682616,0.0,0.0,0.05489422607763572,0.0,0.0,0.0,30.441343552360056,0.0,0.0,0.0,0.0,-80.03846324435409,0.0,0.0,0.0,0.0,0.0,0.0,0.0,0.0,0.0,0.0,0.004990384188911623,0.004990384188911623,0.0,0.0,0.0,0.0,0.0,58.7592317594566,0.0,0.0,0.0,0.0,0.0,0.0,0.0,0.0,0.0,469.11076871039063,0.0,0.0,0.0,0.0,0.0,0.0,0.0,0.0,0.0,0.0,0.0,159.75102237297324,0.0,865.2957785487857,0.0,0.0,0.0,0.0,29.942305133468906,0.0,0.0,0.0,0.0,0.0,0.0,-29.942305133468906,0.0,159.75102237297324,0.0,0.0,0.0,0.0,0.0,0.0,0.0,0.0,0.0,0.0,-822.3027599370092,-1000.0,34.18413169404368,0.0,-14.971152566734453,0.0,715.1755822177961,0.0,0.0,0.0,0.0,0.0,0.0,0.0,0.0,0.0,710.9375,0.0,-710.9375,-710.9375,0.0,0.0,0.0,0.0,-6.2379802361393555,227.89042924102142,-3.7427881416836133,0.0,0.0,0.0,0.0,0.0,0.0,0.0,-0.6237980236139357,110.86842054705835,0.0,0.0,0.0,0.0,0.0,0.0,0.0,1000.0,14.971152566734453,14.971152566734453,0.0,0.0,0.0,0.0,0.0,0.05489422607763572,469.11076871039063,0.0,0.0,-773.9348139772527,0.0,0.0,0.0,0.0,0.0,0.0,0.0,0.0,0.0,0.0,0.0,0.0,0.0,0.0,29.3796158797283,0.0,0.0,15.470190985625603,0.0,52.39903398357059,83.71810701194846,0.0,0.0,0.0,0.0,0.0,469.11076871039063,0.0,0.0,0.0,0.0,0.0,-6.2379802361393555,0.0,0.0,0.0,0.0,0.0,0.0,0.0,0.0,0.0,0.0,0.0,0.0,0.0,0.0,0.0,0.0,0.0,0.0,-0.04990384188909047,0.0,0.0,2.495192094455742,87.17415863516499,0.0,0.0,0.0,0.0,227.89042924102142,0.0,0.0,0.0,4.296720786652397,1.247596047227871,0.0,0.0,0.0,0.04990384188909047,0.0,49.903841889114844,0.0,9.980768377822969,0.35645601349367745,170.17210084188164,-0.03742788141683613,2.4951920944557546,0.9980768377822969,58.50971255001059,-170.17210084188164,14.971152566734453,-0.04990384188911484,0.0,0.0,0.01247596047227871,0.35645601349367745,0.0,-87.82020281523535,-0.9980768377822969,-300.0,-0.04990384188911484,0.01247596047227871,-170.17210084188164,442.4694580009453,0.04990384188911484,0.04990384188909047,-469.0059706424239,-79.8206169604086,-38.46726506668039,-0.03742788141683613,14.971152566734453,0.04990384188911484,14.971152566734453,-24.951920944557422,-0.02495192094455742,10.461141149758847,-170.0,-0.03742788141683613,-0.04990384188911484,0.0,0.04990384188909047,4.990384188911484,-0.9980768377822969,238.72294695838303,238.72294695838303,-4.9903841889114915,300.0,-238.72294695838303,9.980768377822969,0.07485576283367226,-1000.0,4.990384188911484,-200.45320411770896,0.0,-9.980768377822969,0.02495192094455742,0.49903841889114847,94.53410255663249,275.50076027092035,-0.04990384188909047,-480.3391331354412,469.0059706424239,15.470190985625603,0.04990384188911484,87.82020281523535,-497.36368407897146,0.0,-0.04990384188909047,-0.01247596047227871,0.0,-0.04990384188911484,-95.00961581108851,0.04990384188909047,-0.01247596047227871,-0.01247596047227871,-0.01247596047227871,19.961536755645938,24.951920944557422,0.49903841889114847,36.97250885959984,-0.01247596047227871,189.06820511326498,2.495192094455742,50.0,0.04990384188909047,0.02495192094455742,0.02495192094455742,-72.07321293700741,0.0,0.04990384188909047,0.0,0.49903841889114847,0.04990384188911484,-36.97250885959984,0.04990384188911484,0.19961536755681664,-58.50971255001059,0.02495192094455742,0.01247596047227871,14.971152566734453,-0.04990384188911484,38.46726506668039,0.49903841889114847,-73.94501771919968,1.2475960472278587,-4.990384188911484,9.980768377822969,2.495192094455742,-0.04990384188911484,0.0,0.07485576283367226,-0.04990384188911484,144.14642587401482,0.0,107.61501687376574,0.02495192094455742,-100.0,-0.04990384188911484,-0.04990384188909047,-0.04990384188911484,0.02495192094455742,170.17210084188164,-9.980768377822969,0.04990384188909047,189.06820511326498,-0.01247596047227871,79.8206169604086,-189.06820511326498,7.485576283367226,170.0,3.348374838650784,170.17210084188164,-0.03742788141683613,480.3391331354412,-275.50076027092035,0.04990384188911484,-0.01247596047227871,2.495192094455742,49.903841889114844,-0.02495192094455742,-0.04990384188911484,0.01247596047227871,743.2925071391578,0.0,775.7749722868532,0.0,-255.0,0.0,1000.0,55.439475838659405,437.4790738120338,-80.0,-255.0,-325.0,-224.20007579220226,40.0,127.5,127.5,-437.4790738120338,-27.719737919329702,-469.11076871039063,-60.81340564693958,224.20007579220226,325.0,-60.81340564693958,-1000.0,746.18664994503,0.0,1496.5981,hplb
464,0.0,0.0,0.0,0.0,0.0,0.0,0.0,0.0,435.2727284359896,0.0,0.0,0.0,0.0,0.0,0.0,0.0,-13.678841682236452,-639.7169590715165,0.0,581.4362167105601,0.0,0.0,0.0,993.8670772332924,0.0,0.0,0.0,0.0,0.0,-924.5472382335415,0.0,0.0,0.0,0.0,0.0,0.0,0.0,134.56064768543104,0.0,-1000.0,621.3562401964609,0.0,-639.4287953587689,-46.09909769032106,0.0,0.0,658.4674022946426,0.0,-655.1036177526698,0.0,0.0,0.0,0.0,0.004432467176979316,0.0,0.0,0.0,0.0,0.0,0.0,74.6414187972888,0.0,836.1634923820156,685.8160567618376,0.0,0.0,0.0,0.0,1000.0,-203.51329404154887,0.0,0.0402951561544513,0.0,0.0,0.0,0.0,0.0,0.0,0.0,98.58640583356745,0.0,0.0,0.0,0.0,2.4177093692670777,0.0,0.0,192.23166305111522,-424.3536874335388,900.910528090753,-0.0010073789038612822,0.0,0.0,282.6450123150161,1.2088546846335388,0.0,586.8061145224476,0.0,0.0,0.0,0.0,18.224790607848465,-924.5472382335415,0.0,0.0,-14.381253312942079,0.0,0.0,0.0,0.0,0.0,0.0,0.0,0.0,0.0,0.0,0.0,0.0,0.0,0.0,0.0,0.0,0.0,0.0,-501.12221663441005,0.0,0.0,586.8061145224476,0.0,1.2491498407879902,1.2491498407879902,0.0,-514.1438541966392,0.0,514.1438541966392,-514.1438541966392,0.0,695.0376528942662,-695.0376528942662,-224.98885441746685,0.0,0.0,0.0,0.0,0.0,0.31027270238927473,0.004029515615445129,0.0,0.0,0.0,0.0,0.0,0.0,0.0,0.0,0.0,39.62938463379331,0.0,0.0,0.0,0.0,0.0,231.6311308153281,231.6311308153281,0.0,0.0,0.0,0.0,-1000.0,0.0,0.0,231.63516033094356,0.0,0.0,0.0,-1000.0,0.0,0.0,0.0,0.0,0.0,0.0,0.0,0.0,0.0,0.0,-210.26263499270496,0.0,0.0,0.0,0.0,-904.4130944216986,0.0,0.0,0.0,0.0,0.0,0.0,639.4287953587689,-176.5568406572142,176.5568406572142,166.0205965754693,0.0,0.0,0.0,0.0,0.0,0.0,0.0,1000.0,0.0,0.0,0.0,0.0,0.0,0.0,0.0,0.0,0.0,0.0,0.0,0.0,0.0,0.3860651469944417,487.2090660839921,953.9009023096789,0.0,0.0,0.0,58.96825784199754,-166.0205965754693,0.0,0.0,0.0,0.0,74.6414187972888,1000.0,0.0,0.0,0.0,0.0,0.0,0.0,0.0,0.0,0.12975040281735284,0.8059031230890258,585.5972598378141,0.0,887.2256421350935,0.0,0.0,0.0,-953.9009023096789,0.0,0.0,224.98885441746685,4.916009050843058,0.0,0.0,0.0,-75.40239282126538,0.0,0.0,-1000.0,0.0,0.0,-1000.0,0.0,0.0,-600.910528090753,0.0,228.0343716833836,0.0,0.0,13.740648248667892,0.0,0.0,0.0,0.0,0.0,0.0,0.0,890.0945035943553,0.0,58.96825784199754,-297.0262656279582,0.0,0.0,0.0,74.6414187972888,-0.006044273423167693,0.0,0.0,0.0,0.0,0.004029515615445129,0.0,0.0,0.0,317.4772294964336,-13.678841682236452,0.0,-339.1900287863722,384.03939128301363,0.0,1000.0,0.0,0.0,0.0,-14.381253312942079,0.0,0.0,0.0,-0.3469412944898152,920.2786476293583,-919.9317063348684,-1000.0,737.7962275676969,0.0,0.0,0.0,0.0,0.0,0.0,0.0,0.0,0.0,0.0,0.0,0.0,0.0,0.0,0.0,0.0,0.0,0.0,0.0,-1000.0,0.0,865.4232342521071,0.0,0.0,0.0,0.0,-0.4400231052066276,0.0,0.0,0.0,0.0,18.02331482707621,-920.2786476293583,0.0,-9.21313319431036,-0.10073789038612822,-1000.0,41.9243253298003,236.69745360557758,0.0,914.5059635586715,0.0,0.0,689.5207019880394,0.0,-236.89892938634983,-269.7050160055505,0.0,343.88981197347806,0.0,0.0,586.8061145224476,0.0,0.0,0.0,0.0,0.0,435.2767579516051,0.0,-0.3860651469944417,0.3860651469944417,0.3860651469944417,-19.344772955192866,0.0,0.0,0.0,0.0,0.0,0.0,0.0,0.0,-75.70601682288938,0.0,578.1250000000006,208.16235471890852,0.0,0.0,0.0,0.0,-99.59704843845549,0.008059031230892948,0.0,0.0,0.0,0.0,0.0,0.0,0.0,0.0,0.0,796.4867059584511,0.0,0.0,0.0,0.0,0.0,0.0,0.0,0.0,0.0,0.004432467176979316,0.004432467176979316,0.0,279.5801620239054,0.0,2.4177093692670777,0.0,0.0,0.0,1000.0,0.0,0.0,0.0,0.0,0.0,416.1411597769267,-1000.0,0.0,0.0,0.0,0.0,0.0,208.16235471890852,0.0,0.0,0.0,0.0,0.0,0.0,0.0,167.0407388781367,-317.4772294964336,0.0,0.0,417.4276155814293,0.0,282.6450123150161,0.0,0.0,0.0,416.1411597769267,0.0,0.0,316.5441113384712,-15.625000000000014,15.625000000000014,0.3860651469944417,0.0,0.0,0.0,0.0,0.0,0.0,0.0,0.0,0.0,0.0,0.0,0.0,0.0,2.4177093692670777,224.98885441746685,224.98885441746685,0.0,0.0,0.0,0.0,0.0,0.0,0.0,0.0,0.0,0.0,0.0402951561544513,0.0,0.0,0.0,0.0,0.0,639.4287953587689,0.0,0.0,586.8061145224476,0.0,0.0,0.0,417.11734287904,0.0,0.0,0.0,0.0,0.0,0.0,1000.0,0.0,0.0,1.2088546846335388,1.2088546846335388,-676.3095925750197,-1000.0,0.0,208.16235471890852,0.0,0.0,0.0,0.0,0.0,924.5472382335415,0.0,1000.0,0.004029515615445129,0.0,0.0,0.3249516521312536,0.0,0.0,0.0,-282.6450123150161,0.0,0.0,0.0,0.0,0.0,0.0,0.0,0.0,0.0,0.0,0.0,0.0,0.0,0.0,0.004029515615445129,0.0,0.0,0.0,-1000.0,1000.0,0.0,0.0,0.0,865.4232342521071,0.0,-0.4400231052066276,0.0,0.0,-1000.0,-0.30221367115838466,-0.20147578077225645,0.0,0.0,0.0,0.0,0.0,0.0,0.0,0.0,0.0,0.0,0.0,0.0,224.98885441746685,0.0,0.0,0.0,344.09128775425035,0.0,0.0,0.0,435.2727284359896,0.0,0.0,0.004029515615445129,0.0,0.004029515615445129,0.0,0.0,0.0,2.4177093692670777,4.916009050843058,4.916009050843058,0.0,0.0,0.0,0.0,0.0,0.0,0.0,0.0,0.0,0.0,0.0,0.0,0.0,0.0,0.0,0.0,0.0,0.0,0.0,0.0,0.0,0.0,0.0,0.0,0.0,0.0,0.0,0.0,0.0,0.0,0.0,0.006044273423167693,0.0,0.0,0.0,-586.8061145224476,0.0,0.0,0.0,0.0,0.0,-279.5801620239054,0.20147578077225645,0.0,0.0,0.0,0.0,1000.0,0.4400231052066276,0.0,0.0,578.1250000000006,0.0,0.0,0.0,0.0,0.0,224.98885441746685,0.0,0.0,1000.0,279.194096876911,0.0,324.194096876911,-14.381253312942079,0.0,0.0,0.0,0.0,0.0,0.0,0.0,0.20147578077225645,1000.0,0.0,0.0,0.0,-75.70601682288938,0.0,0.0,0.0,0.0,0.0,0.0,0.0,0.0,0.0,209.65820765038825,0.0,4.916009050843058,0.0,0.0,0.0,0.0,0.0,0.0,0.0,0.0,0.0,0.12975040281735284,0.0,0.0,280.4868030373806,-796.8116576105824,-987.4003316926862,-639.4287953587689,1.2088546846335388,0.0,0.0,0.0,0.0,-125.29465340689433,0.0,0.0,0.004432467176979316,0.0,0.0,0.0,2.458004525421529,0.0,0.0,0.0,0.0,487.2090660839921,0.0,0.0,0.0,0.0,0.0,0.0,0.0,0.0,80.99264506026364,0.0,174.64605967138073,0.0004029515615445129,0.0,0.0,0.0,0.0,0.0,0.0,0.0,0.0,0.0,0.3249516521312536,0.0,0.0,0.0,0.0,0.0,279.5801620239054,0.0,0.0,0.0,0.0,0.0,0.0,0.0,0.0,0.0,0.0,0.0,0.0,0.0,766.4380826355699,-639.7169590715165,0.0,0.0,0.0,2.4177093692670777,0.0,0.0,0.0,0.0,0.0,0.0,-2.4177093692670777,0.0,0.0,0.0,0.0,0.0,0.0,0.0,0.0,0.0,0.0,0.0,0.0,737.7962275676969,-1000.0,2.7602181965799133,0.0,-586.8061145224476,0.0,999.9838819375382,0.0,0.0,0.0,0.0,0.0,0.0,0.0,0.0,0.0,585.9375,0.0,-585.9375,-585.9375,0.0,0.0,0.0,0.0,-0.5036894519306411,224.98885441746685,-18.325528498234593,-0.30221367115838893,0.0,0.0,0.0,0.0,0.0,0.0,-0.050368945193064125,75.70601682288938,0.0,0.0,0.0,0.0,0.0,0.0,0.0,1000.0,1.2088546846335388,1.2088546846335388,0.0,0.0,0.0,0.0,98.58640583356745,0.004432467176979316,279.5801620239054,0.0,0.0,-999.9838819375382,174.6456567198192,0.0,0.0,0.0,0.0,0.0,0.0,0.0,0.0,0.0,0.0,0.0,0.0,0.0,0.0,0.0,0.0,1.2491498407879902,0.0,4.2309913962173855,0.31027270238927473,0.0,0.0,0.0,0.0,0.0,279.5801620239054,0.0,-0.641498885978884,0.0,0.0,0.0,-0.5036894519306411,0.0,0.0,0.0,0.0,0.0,0.0,0.0,0.0,0.0,0.0,0.0,0.0,0.0,0.0,0.0,0.0,0.0,0.0,-0.004029515615445129,0.0,0.0,0.20147578077225645,-416.1411597769267,0.0,0.0,0.0,0.0,224.98885441746685,0.0,0.0,0.0,0.3469412944898152,0.10073789038612822,0.0,0.0,0.0,0.004029515615445129,0.0,4.029515615445129,0.0,0.8059031230890259,0.028782254396036634,13.740648248667892,-0.0030221367115838465,9.21313319431036,0.08059031230890258,-0.02014757807728529,-13.740648248667892,1.2088546846335388,-0.004029515615445129,4.793751104314026,208.16235471890852,0.0010073789038612822,0.028782254396036634,-14.381253312942079,-0.641498885978884,-0.08059031230890258,71.95958404319288,-0.004029515615445129,0.0010073789038612822,-13.740648248667892,0.4029515615445129,0.004029515615445129,0.004029515615445129,-279.571700041113,0.004432467176997079,-70.83454181257133,-0.0030221367115838465,1.2088546846335388,0.004029515615445129,586.8061145224476,583.5825020300915,-0.0020147578077225644,59.96766380466218,165.61361549830934,-0.0030221367115838465,-0.004029515615445129,0.0,0.004029515615445129,0.4029515615445129,-0.08059031230890258,0.0,0.0,-0.4029515615445129,-71.95958404319288,0.0,0.8059031230890258,0.006044273423167693,146.82784229588094,0.4029515615445129,-167.0407388781367,208.16235471890852,-0.8059031230890258,0.0020147578077225644,0.0402951561544513,84.79750719659305,280.0,-0.004029515615445129,-280.4868030373806,279.571700041113,1.2491498407879902,0.004029515615445129,0.641498885978884,-382.27032385743985,208.16235471890852,-0.004029515615445129,-0.0010073789038612822,-208.16235471890852,-0.004029515615445129,-99.59704843845549,0.004029515615445129,-0.0010073789038612822,-0.0010073789038612822,-0.0010073789038612822,1.6118062461780516,-583.5825020300915,0.0402951561544513,2.9853673815918995,-0.0010073789038612822,164.80126328887206,0.20147578077225645,50.0,0.004029515615445129,0.0020147578077225644,0.0020147578077225644,75.0,0.0,0.004029515615445129,0.0,0.0402951561544513,0.004029515615445129,-2.9853673815918995,0.00402951561544513,0.01611806246184016,0.02014757807728529,0.0020147578077225644,0.0010073789038612822,1.2088546846335388,-0.004029515615445129,70.83454181257133,0.04029515615445129,-5.970734763183799,9.112395303924233,-0.4029515615445129,0.8059031230890258,0.20147578077225645,-0.00402951561544513,14.381253312942079,0.006044273423167693,-0.004029515615445129,-150.0,0.0,346.9732271820296,0.0020147578077225644,-100.0,-0.004029515615445129,-0.004029515615445129,-0.004029515615445129,0.0020147578077225644,13.740648248667892,-0.8059031230890258,0.004029515615445129,169.5950143931861,-0.0010073789038612822,-0.004432467176997079,-169.5950143931861,0.6044273423167693,-165.61361549830934,-515.3057203254727,13.740648248667892,-0.0030221367115838465,280.4868030373806,-280.0,0.004029515615445129,-0.001007378903861282,0.20147578077225645,4.029515615445129,-0.0020147578077225644,-0.004029515615445129,0.0010073789038612822,0.0,0.0,-446.82985705368867,0.0,-255.0,0.0,415.4624716887111,-14.470305608043404,0.0,-80.0,32.92012314504598,-325.0,-300.0,40.0,127.5,-16.46006157252299,0.0,7.235152804021703,-279.5801620239054,-221.67857377513525,300.0,325.0,-221.67857377513525,-415.4624716887111,398.6649219923032,0.0,1496.5981,hplb
465,0.0,0.0,0.0,0.0,0.0,0.0,0.0,0.0,213.4827993018867,0.0,0.0,0.0,0.0,0.0,0.0,0.0,0.0,828.2922073875704,0.0,-528.2922073875704,0.0,0.0,0.0,1000.0,0.0,0.0,0.0,0.0,0.0,270.7204873368703,0.0,0.0,139.23000232037398,0.0,0.0,0.0,0.0,-0.13936609585971382,0.0,-1000.0,671.3537345671423,0.0,0.0,207.83586197239936,0.0,0.0,348.33377790094346,0.0,-178.84023626048696,0.0,0.0,-474.21027566483343,0.0,0.03832567636140993,0.0,0.0,0.0,0.0,0.0,0.0,-62.48802573639947,0.0,79.23168344730945,0.0,0.0,0.0,0.0,0.0,0.0,0.0,0.0,0.3484152396498121,0.0,0.0,0.0,0.0,0.0,0.0,0.0,0.0,0.0,0.0,-386.2689639423264,0.0,20.904914378988725,0.0,65.00086809618688,-1000.0,-235.2967280154411,402.5769204596015,-0.008710380991245303,0.0,0.0,1000.0,10.452457189494362,0.0,328.6462654328577,-1.121897071672322,0.0,0.0,0.0,422.07497322905533,270.7204873368703,0.0,0.0,0.0,0.0,682.1946598406762,0.0,0.0,0.0,0.0,0.0,0.0,0.0,0.0,0.0,0.0,0.0,0.0,0.0,0.0,0.0,0.0,-406.8821452465936,0.0,0.0,328.6462654328577,0.0,10.800872429144176,0.0,0.0,0.0,-11.706679408004332,11.706679408004332,-11.706679408004335,0.0,0.0,0.0,-16.743657710909975,0.0,0.0,0.0,0.0,0.0,453.9526293838169,0.03484152396498121,0.0,0.0,0.0,0.0,0.0,0.0,0.0,386.2689639423264,0.0,192.252971548124,0.0,0.0,0.0,0.0,0.0,607.5379856474341,607.5379856474341,0.0,0.0,0.0,0.0,468.1273681768192,0.0,0.0,607.572827171399,0.0,0.0,0.0,0.0,0.0,0.0,0.0,0.0,0.0,0.0,0.0,0.0,0.0,0.0,-396.69083224216456,0.0,0.0,0.0,0.0,-810.068103018263,0.0,0.0,0.0,0.0,0.0,0.0,474.21027566483343,-108.75209210388857,108.75209210388857,16.743657710909975,0.0,0.0,0.0,0.0,0.0,0.0,0.0,-686.3234952886188,0.0,0.0,0.0,0.0,0.0,0.0,0.0,0.0,0.0,0.0,0.0,0.0,0.0,39.440991699002495,372.9892933113799,-566.090526741217,0.0,0.0,0.0,0.0,126.13957029871399,0.0,0.0,0.0,0.0,-62.48802573639947,-773.9263887136163,0.0,0.0,0.0,0.0,0.0,0.0,0.0,0.0,0.0,6.968304792996242,318.1938082433634,0.0,-29.69619420145466,-156.24083011300718,-813.3820526995421,0.0,566.090526741217,0.0,0.0,16.743657710909975,-408.9312275017912,0.0,0.0,0.0,-41.59309820866744,0.0,0.0,-601.2328322936555,0.0,0.0,-601.2328322936555,0.0,0.0,-344.04882011932966,0.0,895.877868491765,0.0,0.0,-45.67537614732623,0.0,0.0,0.0,0.0,0.0,0.0,0.0,760.834317735852,0.0,0.0,-1000.0,0.0,0.0,0.0,-62.48802573639947,-0.052262285947471815,0.0,0.0,0.0,0.0,0.03484152396498121,0.0,0.0,0.0,338.53860957578127,0.0,0.0,-484.46275690938285,-236.65880573908558,0.0,1000.0,0.0,532.287853337076,0.0,0.0,0.0,0.0,0.0,-2.999855213384812,-770.8591248079335,241.57112668424242,-1000.0,-1000.0,0.0,0.0,0.0,0.0,0.0,0.0,0.0,0.0,0.0,0.0,0.0,0.0,0.0,0.0,0.0,0.0,0.0,-1000.0,0.0,-1000.0,386.2689639423264,0.0,0.0,1000.0,0.0,0.0,-453.9526293838169,0.0,0.0,0.0,0.0,420.3328970308063,0.0,0.0,0.0,0.0,770.8591248079335,-449.74545816434687,0.0,-288.48523870308964,0.0,0.0,-711.9085247136522,-52.74102947834189,-0.8710380991245302,-1.7420761982490605,284.88878238452384,0.0,0.0,114.41516051598722,-56.13430599905773,328.6462654328577,0.0,0.0,0.0,231.52022295814555,0.0,213.5176408258517,173.52646222728643,134.08547052828393,-134.08547052828393,-134.08547052828393,16.511472248858187,0.0,0.0,0.0,0.0,0.0,0.0,0.0,0.0,-11.71797299133516,0.0,703.1250000000007,0.0,0.0,0.0,0.0,0.0,44.34302787852222,0.06968304792962954,0.0,0.0,0.0,0.0,0.0,0.0,0.0,0.0,0.0,0.0,0.0,0.0,0.0,0.0,0.0,0.0,0.0,0.0,0.0,0.03832567636140993,0.03832567636140993,0.0,312.47268690600623,0.0,20.904914378988725,0.0,0.0,0.0,-899.874275093443,0.0,0.0,65.00086809618688,0.0,0.0,28.832861174429162,899.874275093443,0.0,0.0,75.31289910217565,0.0,0.0,0.0,0.0,0.0,0.0,0.0,0.0,0.0,0.0,135.62738174886454,-338.53860957578127,0.0,0.0,67.68366544149043,0.0,289.9906985702896,710.0093014297104,567.1260734200865,0.0,28.832861174429162,0.0,0.0,73.17588905295139,-46.87500000000004,46.87500000000004,39.440991699002495,0.0,0.0,0.0,0.0,0.0,0.0,0.0,0.0,0.0,0.0,0.0,0.0,0.0,20.904914378988725,16.743657710909975,16.743657710909975,0.0,0.0,0.0,0.0,0.0,0.0,0.0,0.0,0.0,0.0,0.3484152396498121,0.0,0.0,65.00086809618688,-65.00086809618688,0.0,474.21027566483343,0.0,0.0,328.6462654328577,-75.31289910217565,0.0,0.0,0.0,0.0,0.0,0.0,0.0,0.0,0.0,-80.60374710504311,670.3530347995109,0.0,10.452457189494362,10.452457189494362,1000.0,899.874275093443,0.0,0.0,0.0,0.0,0.0,0.0,0.0,-270.7204873368703,0.0,-228.6918700786406,0.03484152396498121,0.0,0.0,-161.74899093337382,207.76220068969795,0.0,0.0,-1000.0,0.0,0.0,0.0,0.0,0.0,0.0,0.0,0.0,0.0,0.0,0.0,0.0,0.0,0.0,0.03484152396498121,0.0,0.0,0.0,0.0,0.0,0.0,0.0,0.0,0.0,0.0,0.0,0.0,0.0,-453.9526293838169,-2.6131142973734995,-1.7420761982490605,0.0,0.0,0.0,0.0,0.0,0.0,0.0,0.0,0.0,0.0,0.0,0.0,16.743657710909975,0.0,0.0,0.0,-54.39222980080867,0.0,0.0,0.0,213.4827993018867,0.0,0.0,0.03484152396498121,0.0,0.03484152396498121,0.0,0.0,0.0,20.904914378988725,42.50665923727708,42.50665923727708,0.0,0.0,0.0,0.0,0.0,0.0,0.0,0.0,0.0,0.0,0.0,0.0,0.0,0.0,0.0,0.0,0.0,0.0,0.0,0.0,0.0,0.0,0.0,0.0,0.0,0.0,0.0,142.88322800962396,0.0,0.0,0.0,0.052262285947471815,0.0,0.0,0.0,-328.6462654328577,0.0,0.0,0.0,0.0,0.0,-312.47268690600623,1.7420761982490605,0.0,0.0,0.0,0.0,-468.1273681768192,0.0,0.0,0.0,703.1250000000007,0.0,0.0,0.0,0.0,0.0,16.743657710909975,0.0,75.31289910217565,463.60971739575353,273.03169520700374,0.0,318.03169520700374,0.0,453.9526293838169,-453.9526293838169,0.0,0.0,386.2689639423264,-451.4378867390683,0.0,1.7420761982490605,1000.0,0.0,0.0,0.0,-141.71970918370891,0.0,0.0,0.0,0.0,0.0,0.0,0.0,0.0,0.0,391.4646036474174,0.0,42.50665923727708,0.0,987.1260880777515,987.1260880777515,-987.1260880777515,0.0,0.0,0.0,0.0,0.0,0.0,0.0,0.0,320.3120297981269,-46.01320975632416,0.0,0.0,10.452457189494362,65.00086809618688,0.0,0.0,0.0,25.82374321434071,0.0,0.0,0.03832567636140993,0.0,0.0,0.0,21.25332961863854,0.0,0.0,0.0,0.0,372.9892933113799,0.0,0.0,0.0,0.0,0.0,0.0,0.0,0.0,0.0,0.0,0.0034841523964981302,0.0034841523964981302,0.0,0.0,0.0,0.0,0.0,0.0,0.0,0.0,0.0,-161.74899093337382,0.0,0.0,0.0,0.0,0.0,312.47268690600623,0.0,0.0,0.0,0.0,0.0,0.0,0.0,0.0,0.0,0.0,0.0,130.00173619237376,0.0,662.9557005085412,828.2922073875704,0.0,0.0,0.0,20.904914378988725,0.0,0.0,0.0,0.0,0.0,-20.904914378988725,0.0,0.0,130.00173619237376,0.0,0.0,0.0,0.0,0.0,0.0,0.0,0.0,0.0,0.0,215.5901643912713,-1000.0,23.86644391601213,0.0,-328.6462654328577,0.0,-0.13936609585971382,0.0,0.0,0.0,0.0,0.0,0.0,0.0,0.0,0.0,695.3125,0.0,-695.3125,-695.3125,0.0,0.0,0.0,0.0,-4.35519049562256,16.743657710909975,-422.9460113281799,-2.6131142973736132,0.0,0.0,0.0,0.0,0.0,0.0,-0.4355190495622652,397.9869369336616,0.0,0.0,0.0,0.0,0.0,0.0,0.0,986.8982943126307,10.452457189494362,10.452457189494362,0.0,0.0,0.0,0.0,0.0,0.03832567636140993,312.47268690600623,0.0,0.0,0.13936609585971382,0.0,0.0,0.0,0.0,0.0,0.0,0.0,0.0,0.0,0.0,0.0,0.0,0.0,0.0,0.0,0.0,0.0,0.0,0.0,36.583600163230265,67.68366544149043,0.0,0.0,0.0,0.0,0.0,312.47268690600623,0.0,-2.8639732699213827,0.0,0.0,0.0,-4.35519049562256,0.0,0.0,0.0,0.0,0.0,0.0,0.0,0.0,0.0,0.0,0.0,0.0,0.0,0.0,0.0,0.0,0.0,0.0,-0.03484152396498121,0.0,0.0,1.7420761982490605,-28.832861174429162,0.0,0.0,0.0,0.0,16.743657710909975,0.0,0.0,0.0,2.999855213384812,0.8710380991245302,0.0,0.0,0.0,0.03484152396498121,0.0,34.84152396498121,-10.800872429144176,6.968304792996241,0.24886802832129107,97.20785186229759,-0.026131142973735907,711.9085247136522,0.6968304792996243,-0.17420761982469912,-97.20785186229759,10.452457189494362,-0.03484152396498121,0.0,0.0,0.008710380991245303,0.2488680283212911,0.0,-70.54763871141182,-0.6968304792995923,-300.0,-0.03484152396498121,0.008710380991245303,-97.20785186229759,3.484152396498121,0.03484152396498121,0.03484152396498121,-312.39951970567984,-64.9625424198254,-94.88697444185176,-0.026131142973735907,10.452457189494362,0.03484152396498121,328.6462654328577,300.7730462608728,-0.017420761982490606,-97.36599710627225,-129.6585642191771,-0.026131142973735907,-0.03484152396498121,-10.800872429144176,0.03484152396498121,3.484152396498121,-0.6968304792996243,142.88322800962396,142.88322800962396,-3.484152396498121,300.0,-142.88322800962396,6.968304792996242,0.052262285947471815,423.54038193745487,3.484152396498121,-135.62738174886454,0.0,-6.968304792996242,0.017420761982490606,0.3484152396498121,121.11568922734571,280.0,-0.03484152396498121,-320.3120297981269,312.39951970567984,10.800872429144176,0.03484152396498121,70.54763871141182,-360.00363700134113,0.0,-0.03484152396498121,-0.008710380991245303,0.0,-0.03484152396498121,44.34302787852222,0.034841523964928456,-0.008710380991245303,-0.008710380991245303,-0.008710380991245303,13.936609585992484,-300.7730462608728,0.3484152396498121,241.92364025511,-0.008710380991245303,242.23137845469142,1.7420761982490605,-20.429437741012052,0.03484152396498121,0.017420761982490606,0.017420761982490606,3.484152396498121,10.800872429144176,0.03484152396498121,-10.800872429144176,0.3484152396498121,0.03484152396498121,-674.1444926302188,0.03484152396498121,0.13936609585971382,0.17420761982469912,0.017420761982490606,0.008710380991245303,10.452457189494362,-0.03484152396498121,94.88697444185176,0.34841523964979615,-483.84728051022,711.0374866145277,-3.484152396498121,6.968304792996242,1.7420761982490605,-0.03484152396498121,0.0,0.052262285947471815,-0.03484152396498121,-6.968304792996242,10.800872429144176,207.32230312563513,0.017420761982490606,40.858875482024104,-0.03484152396498121,-0.034841523964928456,-0.03484152396498121,0.017420761982490606,97.20785186229759,-6.968304792996242,0.03484152396498121,242.23137845469142,-0.008710380991245303,64.9625424198254,-242.23137845469142,5.22622859474718,129.6585642191771,-504.1858363645491,97.20785186229759,-0.026131142973735907,320.3120297981269,-280.0,0.03484152396498121,-0.008710380991245301,1.7420761982490605,34.84152396498121,-0.017420761982490606,-0.03484152396498121,0.008710380991245303,350.92495466787864,0.0,-482.0859030397092,432.2208523751088,-255.0,0.0,423.1422001208905,-140.0,0.0,564.1988268779863,-255.0,-325.0,-58.52810034027186,-282.09941343899317,127.5,127.5,0.0,70.0,-312.47268690600623,-233.14604633997584,58.52810034027186,325.0,-233.14604633997584,-423.1422001208905,389.83084236286675,0.0,1496.5981,hplb
466,0.0,0.0,0.0,0.0,0.0,0.0,0.0,0.0,-0.12644542467306508,0.0,0.0,0.0,0.0,0.0,0.0,0.0,763.1386912003679,536.8613087996321,0.0,-1000.0,0.0,0.0,0.0,815.0154297524989,0.0,0.0,0.0,0.0,0.0,-880.2734260182862,0.0,0.0,137.20555611472537,0.0,0.0,0.0,0.0,-65.03217559335006,0.0,-1000.0,970.1277739240267,0.0,0.0,-1000.0,0.0,0.0,0.0,0.0,0.0,0.0,0.0,-644.3740729909686,0.0,0.13908996714027203,0.0,0.0,0.0,0.0,0.0,0.0,-11.135627066207121,0.0,505.458595475822,494.3229684096149,0.0,0.0,0.0,0.0,327.95041392840693,-327.95041392840693,0.0,1.264454246730651,0.0,0.0,0.0,0.0,0.0,0.0,0.0,0.0,0.0,0.0,-42.88736688560889,0.0,75.86725480383906,0.0,0.0,-329.38769744167485,-429.8886739006757,0.0,-0.03161135616826627,0.0,0.0,1000.0,37.93362740191953,0.0,154.5831411413603,0.0,0.0,0.0,0.0,6.322271233653254,-1000.0,0.0,0.0,0.0,459.8922523675072,595.3164682966574,0.0,0.0,0.0,0.0,0.0,0.0,0.0,0.0,0.0,0.0,0.0,0.0,0.0,0.0,0.0,0.0,-1000.0,0.0,0.0,154.5831411413603,0.0,39.19808164865018,11.988327201574435,0.0,0.0,0.0,0.0,0.0,453.2641687325229,0.0,0.0,-453.2641687325229,0.0,0.0,0.0,0.0,0.0,52.623664585434895,0.12644542467306508,0.0,0.0,0.0,0.0,-459.8922523675072,0.0,0.0,42.88736688560889,0.0,652.2169792173919,0.0,0.0,0.0,0.0,0.0,315.63852913426706,315.63852913426706,0.0,0.0,0.0,0.0,-1000.0,0.0,0.0,315.76497455894014,0.0,0.0,0.0,-231.8140546637095,-47.388419829050875,0.0,0.0,0.0,0.0,0.0,0.0,0.0,0.0,0.0,0.0,0.0,0.0,0.0,0.0,-497.3210870841633,0.0,0.0,0.0,0.0,0.0,0.0,644.3740729909686,685.0136244507063,-685.0136244507063,0.0,0.0,0.0,0.0,0.0,0.0,0.0,119.72657398171386,481.52547805171804,0.0,0.0,0.0,0.0,0.0,0.0,0.0,0.0,0.0,0.0,0.0,0.0,0.0,0.0,161.04244099567512,-527.2393381730503,0.0,0.0,0.0,0.0,106.68306992760459,0.0,0.0,0.0,0.0,-11.135627066207121,472.7606618269497,0.0,0.0,0.0,0.0,0.0,0.0,0.0,0.0,4.071542674470237,25.289084934613015,116.64951373944078,0.0,158.7358590664613,-956.1664392849206,1000.0,0.0,527.2393381730503,0.0,0.0,0.0,0.0,0.0,0.0,0.0,-72.60687837415696,0.0,0.0,-279.0181394018154,953.1249999999992,720.9818605981845,-1000.0,-232.14313940181466,0.0,255.12495055003055,0.0,-93.11144229895524,0.0,0.0,270.0763193133959,0.0,0.0,0.0,623.1027118494409,0.0,-623.1027118494409,0.0,1000.0,0.0,0.0,-951.8991996531704,0.0,0.0,0.0,-11.135627066207121,-0.18966813700959761,0.0,0.0,0.0,0.0,0.12644542467306508,0.0,0.0,0.0,231.98333334072822,763.1386912003679,0.0,-923.0797210788937,584.0062997714879,47.388419829050875,1000.0,0.0,463.0987042769146,0.0,0.0,0.0,0.0,0.0,-10.886951064350802,-452.2117532125638,0.0,-1000.0,-1000.0,0.0,0.0,0.0,0.0,0.0,0.0,0.0,0.0,0.0,0.0,0.0,0.0,0.0,0.0,0.0,0.0,0.0,-1000.0,0.0,-935.4736061053422,42.88736688560889,0.0,0.0,0.0,0.0,0.0,-56.6952072599052,0.0,0.0,0.0,0.0,0.0,0.0,0.0,494.67775793408,-394.254529880166,124.26133928415685,-907.5025220575077,0.0,-170.25876432228216,0.0,0.0,-501.00002916773326,728.8259509906545,391.09339426333935,-6.322271233653254,221.9094399458499,0.0,0.0,0.0,37.53704794422154,154.5831411413603,-109.34374999999054,109.34374999999054,0.0,0.0,0.0,0.0,0.0,0.0,0.0,0.0,229.71091506538698,0.0,0.0,-684.487916290406,0.0,0.0,119.72657398171386,0.0,0.0,-22.271254132414235,0.0,0.0,124.71091506538698,0.0,0.0,0.0,0.0,6.45929985431485,0.2528908493462146,0.0,0.0,0.0,0.0,0.0,0.0,0.0,0.0,0.0,0.0,0.0,0.0,0.0,0.0,0.0,0.0,0.0,0.0,0.0,0.13908996714027203,0.13908996714027203,0.0,254.71091506538698,0.0,75.86725480383906,0.0,0.0,0.0,-907.0257073042509,0.0,0.0,0.0,0.0,0.0,861.8632578177868,907.0257073042509,0.0,0.0,0.0,0.0,0.0,124.71091506538698,0.0,0.0,0.0,0.0,0.0,0.0,0.0,333.3333333333333,-231.98333334072822,0.0,0.0,9.736297699826006,0.0,0.0,1000.0,893.3169300723954,0.0,861.8632578177868,0.0,188.08342330036135,680.2391343717403,0.0,0.0,0.0,0.0,0.0,0.0,0.0,0.0,0.0,0.0,0.0,0.0,0.0,0.0,0.0,0.0,75.86725480383906,0.0,0.0,0.0,0.0,0.0,0.0,0.0,0.0,0.0,0.0,0.0,0.0,1.264454246730651,0.0,0.0,0.0,0.0,0.0,644.3740729909686,0.0,0.0,154.5831411413603,0.0,0.0,0.0,0.0,0.0,0.0,0.0,0.0,0.0,0.0,257.8854797071072,0.0,0.0,37.93362740191953,37.93362740191953,-197.6202410704642,907.0257073042509,0.0,124.71091506538698,0.0,0.0,0.0,0.0,0.0,1000.0,119.72657398171386,954.4608722008564,0.12644542467306508,0.0,0.0,-258.7458275935088,377.78176570008964,0.0,0.0,-1000.0,0.0,0.0,0.0,0.0,0.0,0.0,0.0,0.0,0.0,0.0,0.0,0.0,0.0,0.0,0.12644542467306508,0.0,0.0,0.0,0.0,0.0,0.0,0.0,0.0,0.0,0.0,-56.6952072599052,0.0,0.0,64.52639389465776,-9.483406850479883,-6.322271233653259,0.0,0.0,484.37500000000006,484.37500000000006,-484.37500000000006,0.0,0.0,0.0,0.0,0.0,0.0,0.0,0.0,47.388419829050875,0.0,0.0,43.859319177874795,0.0,0.0,0.0,-0.12644542467306508,0.0,0.0,0.12644542467306508,0.0,0.12644542467306508,0.0,0.0,0.0,75.86725480383906,154.26341810113942,154.26341810113942,0.0,0.0,0.0,0.0,0.0,0.0,0.0,0.0,0.0,119.72657398171386,0.0,0.0,0.0,0.0,0.0,0.0,0.0,0.0,0.0,0.0,0.0,0.0,0.0,0.0,0.0,0.0,0.0,106.68306992760459,0.0,-612.8841994885868,612.8841994885868,0.18966813700959761,0.0,0.0,0.0,-154.5831411413603,0.0,0.0,0.0,0.0,0.0,-254.71091506538698,6.322271233653254,0.0,0.0,0.0,0.0,1000.0,-335.34546204136853,0.0,0.0,0.0,0.0,0.0,0.0,0.0,0.0,0.0,0.0,0.0,275.91332484488964,254.71091506538698,0.0,299.710915065387,0.0,0.0,-392.04066930127374,0.0,392.04066930127374,42.88736688560889,-154.26341810113942,0.0,6.322271233653259,484.58055806251406,0.0,0.0,0.0,-22.271254132414235,0.0,0.0,106.75843613033865,-106.75843613033865,0.0,0.0,0.0,0.0,0.0,264.19432191586685,-283.1611356168265,154.26341810113942,0.0,961.3782642332549,961.3782642332549,-961.378264233255,0.0,0.0,0.0,0.0,0.0,4.071542674470237,0.0,0.0,0.0,-119.03593810658083,0.0,0.0,37.93362740191953,0.0,0.0,0.0,0.0,213.3109118414436,0.0,0.0,0.13908996714027203,0.0,0.0,0.0,77.13170905056971,0.0,0.0,0.0,0.0,161.04244099567512,0.0,459.8922523675072,0.0,0.0,0.0,0.0,0.0,0.0,0.0,0.0,0.012644542467306508,0.012644542467306508,0.0,0.0,0.0,0.0,0.0,0.0,0.0,0.0,0.0,-258.7458275935088,0.0,0.0,0.0,0.0,0.0,254.71091506538698,0.0,0.0,0.0,0.0,0.0,0.0,0.0,0.0,0.0,0.0,0.0,0.0,77.54001309274905,1000.0,536.8613087996321,0.0,0.0,0.0,75.86725480383906,0.0,0.0,0.0,0.0,0.0,0.0,-75.86725480383906,0.0,0.0,0.0,0.0,0.0,0.0,0.0,0.0,0.0,0.0,0.0,0.0,-954.4608722008564,-1000.0,86.61511590104959,0.0,-154.5831411413603,0.0,-65.03217559335006,0.0,0.0,0.0,0.0,0.0,0.0,0.0,0.0,0.0,679.6875,0.0,-679.6875,-679.6875,0.0,0.0,0.0,0.0,-15.805678084133142,0.0,-9.483406850479883,273.6777287663468,0.0,0.0,0.0,0.0,0.0,47.0573914952005,-48.63795930361381,65.15862101802313,0.0,0.0,0.0,0.0,0.0,0.0,0.0,1000.0,37.93362740191953,37.93362740191953,0.0,0.0,0.0,0.0,0.0,0.13908996714027203,254.71091506538698,0.0,0.0,65.03217559335006,0.0,0.0,0.0,0.0,0.0,0.0,0.0,0.0,0.0,0.0,0.0,0.0,0.0,0.0,306.4420997442934,0.0,0.0,11.988327201574435,0.0,132.76769590671836,9.736297699826006,0.0,0.0,0.0,0.0,0.0,254.71091506538698,0.0,329.02319080771525,0.0,0.0,0.0,-15.805678084133142,0.0,0.0,0.0,0.0,0.0,0.0,0.0,0.0,0.0,0.0,0.0,0.0,0.0,0.0,0.0,0.0,0.0,0.0,-0.12644542467306508,0.0,0.0,6.322271233653254,-861.8632578177868,0.0,0.0,0.0,0.0,0.0,0.0,0.0,0.0,10.886951064350802,3.161135616826627,0.0,0.0,0.0,0.12644542467306508,0.0,126.44542467306508,-27.20975444707573,25.289084934613015,0.9031816048076077,376.7593892410005,-0.09483406850479881,6.322271233653298,2.5289084934613015,-0.632227123365368,-376.7593892410005,37.93362740191952,-0.12644542467306508,0.0,124.71091506538698,0.03161135616826627,0.9031816048076077,0.0,-20.130111607949573,-2.5289084934613015,-300.0,-0.12644542467306508,0.03161135616826627,-376.7593892410005,12.644542467306508,0.12644542467306508,0.12644542467306508,-254.44537967357363,0.13908996714037158,-130.74625626041052,-0.09483406850479881,37.93362740191953,0.12644542467306508,154.5831411413603,53.42680140290823,-0.06322271233653254,-521.4707229569814,-119.45405781958416,-0.09483406850479881,-0.12644542467306508,-27.20975444707573,0.12644542467306508,12.644542467306508,-2.5289084934613015,106.68306992760459,106.68306992760459,-12.644542467306508,300.0,-106.68306992760459,25.289084934613015,0.18966813700959761,-410.03774726003985,12.644542467306508,-333.3333333333333,124.71091506538698,-25.289084934613015,0.06322271233653254,1.264454246730651,230.76993026972343,280.0,-0.12644542467306508,-283.1611356168265,254.44537967357363,39.19808164865018,0.12644542467306508,20.130111607949573,-143.67310828173203,124.71091506538698,-0.12644542467306508,-0.03161135616826627,-124.71091506538698,-0.12644542467306508,-453.43295251319233,0.12644542467313613,-0.03161135616826627,-0.03161135616826627,-0.03161135616826627,50.57816986922603,-53.42680140290823,1.264454246730651,395.786836003103,-0.03161135616826627,461.53986053944686,6.322271233653254,3.092621306495829,0.12644542467306508,0.06322271233653254,0.06322271233653254,75.0,27.20975444707573,0.12644542467306508,-27.20975444707573,1.264454246730651,0.12644542467306508,-1000.0,0.12644542467306516,0.5057816986923029,0.632227123365368,0.06322271233653254,0.03161135616826627,37.93362740191953,-0.12644542467306508,130.74625626041052,1.2644542467306508,-791.573672006206,3.1611356168265843,-12.644542467306508,25.289084934613015,6.322271233653254,-0.12644542467306516,0.0,0.18966813700959761,-0.12644542467306508,-150.0,27.20975444707573,44.42465715053385,0.06322271233653254,-6.185242612991658,-0.12644542467306508,-0.12644542467313613,-0.12644542467306508,0.06322271233653254,376.7593892410005,-25.289084934613015,0.12644542467306508,461.53986053944686,-0.03161135616826627,-0.13908996714037158,-461.53986053944686,18.96681370095976,119.45405781958416,177.30759349910372,376.7593892410005,-0.09483406850479881,283.1611356168265,-280.0,0.12644542467306508,-0.03161135616826627,6.322271233653259,126.44542467306508,-0.06322271233653254,-0.12644542467306508,0.03161135616826627,0.0,0.0,154.84957399767276,604.213163996897,-255.0,0.0,281.62893354479195,-140.0,0.0,-80.0,-255.0,-325.0,-255.12495055003055,40.0,127.5,127.5,0.0,70.0,-254.71091506538698,-257.73556899197746,255.12495055003055,325.0,-257.73556899197746,-281.62893354479195,206.32874967960873,0.0,1496.5981,hplb
467,0.0,0.0,0.0,0.0,0.0,0.0,0.0,0.0,-0.13404388208937132,0.0,0.0,0.0,0.0,0.0,0.0,0.0,835.3980725998069,184.64378145338105,0.0,-1000.0,0.0,0.0,0.0,785.6587377341453,0.0,0.0,0.0,0.0,0.0,-925.3215884634803,37.135250143705825,-37.135250143705825,84.79346519700614,0.0,0.0,0.0,0.0,219.0351888267732,0.0,-1000.0,713.7242258303218,0.0,-638.4716256286929,149.65932548813032,0.0,0.0,0.0,0.0,0.0,0.0,0.0,0.0,0.0,0.14744827029829544,0.0,0.0,0.0,26.808776417874263,0.0,0.0,29.12105080597189,0.0,130.79174540366103,0.0,0.0,0.0,0.0,0.0,106.63437588643615,0.0,0.0,1.3404388208937132,0.0,0.0,0.0,0.0,0.0,0.0,0.0,0.0,0.0,0.0,241.98512625168436,0.0,80.42632925362278,0.0,0.0,-405.12848320274685,1000.0,-466.65685757405396,-0.03351097052234283,0.0,0.0,272.6014385010942,40.21316462681139,0.0,40.21316462681139,-41.451463146982746,0.0,0.0,241.98512625168436,6.702194104468566,-925.3215884634803,0.0,0.0,-52.24416500881877,382.0385646774927,0.0,0.0,0.0,0.0,0.0,0.0,0.0,0.0,0.0,0.0,0.0,0.0,0.0,0.0,0.0,0.0,0.0,-996.1488964203459,0.0,0.0,40.21316462681139,0.0,41.5536034477051,0.0,0.0,0.0,71.4246782310543,-71.4246782310543,71.4246782310543,0.0,0.0,0.0,-159.91279620963388,0.0,0.0,0.0,0.0,0.0,-231.66374733080275,0.13404388208937235,0.0,0.0,0.0,-1000.0,171.21254460813157,0.0,0.0,0.0,0.0,483.887112525957,0.0,0.0,0.0,0.0,0.0,98.95354113922889,98.95354113922889,0.0,0.0,0.0,0.0,0.0,0.0,0.0,136.2228351650241,0.0,0.0,0.0,-534.0166641624567,-57.949173281093316,0.0,0.0,0.0,0.0,0.0,0.0,0.0,0.0,0.0,0.0,0.0,0.0,0.0,0.0,-1000.0,0.0,0.0,0.0,0.0,0.0,0.0,638.4716256286929,-233.34314242594604,233.34314242594604,116.1398705921207,0.0,0.0,0.0,0.0,0.0,0.0,0.0,-271.81537096467,0.0,0.0,0.0,0.0,0.0,0.0,0.0,0.0,0.0,0.0,0.0,0.0,0.0,0.0,400.36644355012436,-548.5481097650195,0.0,0.0,0.0,43.772925617513195,156.4615679089735,0.0,0.0,0.0,0.0,29.12105080597189,-698.2074352531498,37.135250143705825,0.0,0.0,0.0,0.0,0.0,0.0,0.0,0.0,0.0,0.0,0.0,368.5401492026189,963.4116659998721,0.0,0.0,548.5481097650195,0.0,0.0,159.91279620963388,163.533536149033,0.0,0.0,0.0,-73.0028630104025,0.0,0.0,-464.5139700100069,0.0,0.0,-464.5139700100069,0.0,0.0,766.6568575740539,0.0,-643.5708777698183,0.0,0.0,101.38099252825168,0.0,0.0,0.0,0.0,0.0,0.0,0.0,1000.0,0.0,43.772925617513195,57.97902870400388,0.0,0.0,0.0,29.12105080597189,-0.20106582313405696,0.0,0.0,0.0,0.0,0.13404388208937235,0.0,0.0,0.0,687.1853968720944,835.3980725998069,0.0,-614.3687268444742,625.2963495151546,57.949173281093316,631.9190655752227,0.0,192.03126548123333,0.0,-52.24416500881877,0.0,0.0,0.0,-11.541178247894855,0.0,-180.49008723333847,-1000.0,-1000.0,0.0,0.0,0.0,0.0,0.0,0.0,0.0,0.0,0.0,0.0,0.0,0.0,0.0,0.0,0.0,0.0,0.0,-713.2952854299817,0.0,-1000.0,0.0,67.13335021488751,0.0,0.0,0.0,0.0,268.79899747450855,0.0,0.0,0.0,0.0,0.0,0.0,0.0,0.0,667.8640148657778,-106.63437588643615,160.30438765003214,0.0,0.0,0.0,0.0,-6.702194104468566,0.0,-671.2151119180121,-6.702194104468566,-544.4741537181703,0.0,0.0,307.0109972915229,220.6552122376284,40.21316462681139,0.0,0.0,0.0,453.1363330723277,0.0,0.0,86.71586378104867,86.71586378104867,-86.71586378104867,-86.71586378104867,-172.7009444813832,0.0,0.0,-864.0452525991547,0.0,0.0,0.0,0.0,0.0,-101.67069459768912,0.0,171.87499999999844,122.0183248819104,0.0,0.0,0.0,0.0,-86.59561179106286,0.2680877641787447,0.0,0.0,0.0,0.0,0.0,0.0,0.0,0.0,0.0,0.0,0.0,0.0,0.0,0.0,0.0,0.0,0.0,0.0,0.0,0.14744827029829544,0.14744827029829544,37.135250143705825,175.79695360547203,0.0,80.42632925362278,0.0,0.0,0.0,1000.0,0.0,0.0,0.0,0.0,0.0,455.64541025412257,-1000.0,0.0,0.0,0.0,0.0,0.0,122.0183248819104,0.0,0.0,0.0,0.0,0.0,0.0,0.0,332.0496321401153,-687.1853968720944,446.74889071437565,0.0,10.321378920881614,0.0,0.0,272.6014385010942,0.0,0.0,455.64541025412257,0.0,0.0,369.0497984630597,-78.1250000000018,78.1250000000018,0.0,0.0,0.0,0.0,0.0,0.0,0.0,0.0,0.0,0.0,0.0,0.0,0.0,0.0,80.42632925362278,159.91279620963388,159.91279620963388,0.0,0.0,0.0,0.0,0.0,0.0,0.0,0.0,0.0,0.0,1.3404388208937132,0.0,37.135250143705825,0.0,0.0,37.135250143705825,638.4716256286929,0.0,0.0,40.21316462681139,0.0,0.0,0.0,0.0,0.0,0.0,0.0,0.0,0.0,0.0,1000.0,136.48488288806857,0.0,40.21316462681139,40.21316462681139,1000.0,-1000.0,0.0,122.0183248819104,0.0,0.0,0.0,0.0,0.0,925.3215884634803,0.0,1000.0,0.13404388208937235,0.0,0.0,0.0,177.02409542502755,0.0,0.0,-272.6014385010942,0.0,0.0,0.0,0.0,0.0,0.0,0.0,0.0,0.0,0.0,0.0,0.0,0.0,0.0,0.13404388208937235,0.0,0.0,0.0,0.0,0.0,0.0,0.0,0.0,67.13335021488751,-401.5056627126674,670.304660187176,0.0,0.0,-286.7047145700182,-10.053291156702848,-6.702194104468566,0.0,0.0,0.0,0.0,0.0,0.0,0.0,0.0,0.0,0.0,0.0,0.0,159.91279620963388,57.949173281093316,0.0,0.0,227.35740634209697,0.0,0.0,0.0,-0.13404388208937235,0.0,0.0,0.13404388208937235,0.0,0.13404388208937235,0.0,106.63437588643615,0.0,80.42632925362278,163.533536149033,163.533536149033,0.0,0.0,0.0,0.0,0.0,0.0,0.0,446.74889071437565,0.0,0.0,0.0,0.0,0.0,0.0,0.0,0.0,0.0,0.0,0.0,0.0,0.0,0.0,0.0,0.0,0.0,0.0,0.0,272.6014385010942,0.0,0.0,0.0,0.20106582313405696,0.0,0.0,0.0,-40.21316462681139,0.0,0.0,0.0,0.0,0.0,-175.79695360547203,6.702194104468566,0.0,0.0,0.0,0.0,0.0,-670.304660187176,0.0,0.0,171.87499999999844,0.0,0.0,0.0,0.0,0.0,159.91279620963388,0.0,0.0,182.94981562222446,175.79695360547203,0.0,744.9401142965014,-52.24416500881877,0.0,0.0,0.0,0.0,0.0,0.0,0.0,6.702194104468566,1000.0,0.0,520.9749521285514,-37.135250143705825,-101.67069459768912,0.0,0.0,0.0,0.0,0.0,0.0,0.0,0.0,0.0,-20.106582313405653,0.0,163.533536149033,0.0,0.0,0.0,37.135250143705825,0.0,0.0,0.0,0.0,0.0,0.0,0.0,0.0,205.95682707558052,-177.02409542502755,0.0,-638.4716256286929,40.21316462681139,0.0,0.0,0.0,0.0,64.6053406228001,0.0,0.0,0.14744827029829544,0.0,0.0,0.0,81.76676807451649,0.0,0.0,0.0,0.0,400.36644355012436,0.0,382.0385646774927,0.0,0.0,0.0,0.0,0.0,0.0,-1000.0,0.0,173.69623391586998,0.013404388208937412,0.0,0.0,0.0,0.0,0.0,0.0,0.0,0.0,0.0,0.0,37.135250143705825,0.0,0.0,0.0,0.0,175.79695360547203,0.0,0.0,0.0,0.0,0.0,0.0,0.0,0.0,0.0,0.0,0.0,0.0,665.6968930584886,0.0,184.64378145338105,0.0,0.0,0.0,80.42632925362278,0.0,0.0,0.0,0.0,0.0,0.0,-80.42632925362278,0.0,0.0,0.0,0.0,0.0,0.0,0.0,0.0,0.0,37.135250143705825,37.135250143705825,0.0,-1000.0,-1000.0,91.82005923121936,0.0,-40.21316462681139,0.0,286.1685390416607,0.0,0.0,0.0,0.0,0.0,0.0,0.0,0.0,0.0,601.5625,0.0,-601.5625,-601.5625,0.0,0.0,0.0,0.0,-16.755485261171415,159.91279620963388,-10.053291156702848,-10.053291156702812,0.0,0.0,0.0,0.0,0.0,-1.6755485261171417,0.0,101.67069459768912,0.0,0.0,0.0,0.0,0.0,0.0,0.0,1000.0,40.21316462681139,40.21316462681139,0.0,0.0,0.0,0.0,0.0,0.14744827029829544,175.79695360547203,0.0,0.0,-286.1685390416607,173.68282952766106,0.0,0.0,0.0,0.0,0.0,0.0,0.0,0.0,0.0,0.0,0.0,0.0,0.0,53.31718794321807,0.0,0.0,0.0,0.0,140.74607619383988,10.321378920881614,0.0,0.0,0.0,0.0,0.0,175.79695360547203,0.0,622.1510029357246,0.0,0.0,0.0,-16.755485261171415,0.0,0.0,0.0,0.0,0.0,0.0,0.0,0.0,0.0,0.0,0.0,0.0,0.0,0.0,0.0,0.0,0.0,0.0,-0.13404388208937235,0.0,0.0,6.702194104468566,-455.64541025412257,0.0,0.0,0.0,0.0,159.91279620963388,0.0,0.0,0.0,11.541178247894855,3.351097052234283,0.0,0.0,0.0,0.13404388208937235,0.0,134.0438820893713,-41.5536034477051,26.808776417874263,0.9574563006383665,373.9824310293459,-0.10053291156702848,6.702194104468566,2.6808776417874265,-0.6702194104468617,-373.9824310293459,40.21316462681139,-0.13404388208937132,17.414721669606255,122.0183248819104,0.03351097052234283,0.9574563006383665,-52.24416500881877,-21.339786028627202,34.4543725019184,-20.04185405318799,-0.13404388208937132,0.03351097052234283,-373.9824310293459,13.404388208937132,0.13404388208937132,0.13404388208937235,-175.51546145308436,0.1474482702982982,-66.90074697043148,-0.10053291156702848,40.21316462681139,0.13404388208937132,40.21316462681139,-67.02194104468566,-0.06702194104468566,-312.498035537888,-170.0,-0.10053291156702848,-0.13404388208937132,-41.5536034477051,0.13404388208937235,13.404388208937132,-2.6808776417874265,272.6014385010942,272.6014385010942,-13.404388208937132,20.04185405318799,-272.6014385010942,26.808776417874263,0.20106582313405696,-804.878018210396,13.404388208937132,-332.0496321401153,122.0183248819104,-26.808776417874263,0.06702194104468566,1.3404388208937132,153.59218171111854,202.6057300233463,-0.13404388208937235,-205.95682707558052,175.51546145308436,41.5536034477051,0.13404388208937132,21.339786028627202,-38.83433362533498,122.0183248819104,-0.13404388208937235,-0.03351097052234283,-122.0183248819104,-0.13404388208937132,-468.63417646855555,0.13404388208937235,-0.03351097052234283,-0.03351097052234283,-0.03351097052234283,53.617552835748526,67.02194104468566,1.3404388208937132,99.30976114296226,-0.03351097052234283,289.76964175263083,6.702194104468566,50.0,0.13404388208937235,0.06702194104468566,0.06702194104468566,52.52708784113573,41.5536034477051,0.13404388208937235,-41.5536034477051,1.3404388208937132,0.13404388208937132,-99.30976114296226,0.13404388208937132,0.5361755283574894,0.6702194104468617,0.06702194104468566,0.03351097052234283,40.21316462681139,-0.13404388208937132,66.90074697043148,-17.2271862509592,-198.61952228592452,3.351097052234283,-13.404388208937132,26.808776417874263,6.702194104468566,-0.13404388208937132,52.24416500881877,0.20106582313405696,-0.13404388208937132,-105.05417568227146,41.5536034477051,145.83322703110778,0.06702194104468566,-100.0,-0.13404388208937132,-0.13404388208937235,-0.13404388208937132,0.06702194104468566,373.9824310293459,-26.808776417874263,0.13404388208937235,307.1843634222371,-0.03351097052234283,-0.1474482702982982,-307.1843634222371,20.106582313405696,170.0,211.56079982579539,373.9824310293459,-0.10053291156702848,205.95682707558052,-202.6057300233463,0.13404388208937132,-0.03351097052234282,6.702194104468566,134.04388208937132,-0.06702194104468566,-0.13404388208937132,0.03351097052234283,0.0,0.0,504.81099626935134,0.0,-255.0,0.0,439.381627727691,-140.0,0.0,-80.0,-255.0,-325.0,-300.0,40.0,127.5,127.5,0.0,70.0,-175.79695360547203,-210.43856765390788,300.0,325.0,-210.43856765390788,-439.381627727691,232.40578657204443,0.0,1496.5981,hplb
468,0.0,0.0,0.0,0.0,0.0,0.0,0.0,0.0,-0.10116612456739238,0.0,0.0,0.0,0.0,0.0,0.0,0.0,0.0,0.0,0.0,300.0,0.0,0.0,0.0,307.8635678693222,0.0,0.0,0.0,0.0,0.0,100.28338594340228,0.0,0.0,137.7642286470604,0.0,0.0,0.0,0.0,750.1930099126507,0.0,-1000.0,888.0583222225277,0.0,0.0,0.0,0.0,0.0,397.93303157260397,0.0,-100.28338594340228,0.0,0.0,0.0,0.0,0.11128273702433275,0.0,0.0,0.0,0.0,0.0,0.0,-123.8398349663351,0.0,0.0,-176.779119501503,94.72942487487606,0.0,0.0,0.0,1000.0,-336.52849865565133,0.0,1.0116612456739238,0.0,0.0,0.0,0.0,0.0,0.0,0.0,0.0,0.0,0.0,0.0,0.0,60.69967474043543,0.0,132.57689977448973,0.0,325.39612167751216,374.88726426589017,-0.025291531141848095,0.0,0.0,-402.45156518404576,30.349837370217713,0.0,108.36553380965142,-3.257549211069204,782.2994494958728,0.0,0.0,5.058306228369619,88.93179510938337,0.0,0.0,0.0,0.0,0.0,0.0,0.0,0.0,0.0,0.0,0.0,0.0,0.0,0.0,0.0,0.0,0.0,0.0,0.0,0.0,0.0,-593.8059559291514,0.0,0.0,108.36553380965142,0.0,31.361498615891634,7.20941490514673,0.0,0.0,0.0,0.0,0.0,0.0,0.0,0.0,-52.93928453516791,0.0,0.0,0.0,0.0,0.0,140.36669136617894,0.10116612456739238,0.0,0.0,0.0,0.0,-126.14943033329791,0.0,0.0,0.0,0.0,535.8432634296853,0.0,0.0,0.0,0.0,0.0,999.8988338754326,999.8988338754326,0.0,0.0,0.0,0.0,-100.84593633325584,0.0,0.0,1000.0,0.0,0.0,0.0,-60.34630572245541,0.0,0.0,0.0,0.0,0.0,0.0,0.0,0.0,0.0,0.0,0.0,0.0,0.0,0.0,0.0,-323.44805689694897,0.0,0.0,0.0,0.0,0.0,0.0,0.0,-400.28338594340227,400.28338594340227,52.93928453516791,0.0,0.0,0.0,0.0,0.0,0.0,11.351590834018907,0.0,0.0,0.0,0.0,0.0,0.0,0.0,0.0,0.0,0.0,0.0,0.0,0.0,0.0,0.0,144.63157659968857,0.0,0.0,0.0,0.0,0.0,159.78222141869338,0.0,0.0,0.0,0.0,-123.8398349663351,0.0,0.0,0.0,540.187989328412,0.0,0.0,0.0,0.0,0.0,0.0,20.233224913478477,78.01569643943371,0.0,0.0,725.6795076209144,-500.56677188680453,0.0,0.0,0.0,0.0,52.93928453516791,0.0,0.0,0.0,0.0,-99.80653273696066,0.0,0.0,-244.71129621214124,0.0,0.0,-244.71129621214124,0.0,0.0,-74.88726426589017,0.0,0.0,0.0,0.0,83.95081139945682,0.0,0.0,0.0,432.0077577532026,0.0,-432.0077577532026,0.0,1000.0,0.0,0.0,514.3271348046511,0.0,0.0,0.0,-123.8398349663351,-0.15174918685108857,0.0,0.0,0.0,0.0,0.10116612456739238,0.0,0.0,0.0,2.361017133436235,0.0,0.0,-673.4517760857154,9.645111158796908,0.0,996.4238560321791,0.0,1000.0,0.0,0.0,0.0,0.0,0.0,0.0,-1000.0,0.0,0.0,-790.1428842880101,0.0,0.0,0.0,0.0,0.0,0.0,0.0,0.0,0.0,0.0,0.0,0.0,0.0,0.0,0.0,0.0,540.187989328412,1000.0,0.0,0.0,0.0,249.4023255890801,0.0,0.0,0.0,0.0,-140.36669136617894,0.0,782.2994494958728,0.0,0.0,0.0,0.0,499.2511798935553,0.0,0.0,0.0,467.5828983075189,0.0,0.0,-144.9305900552465,-499.2511798935553,-5.058306228369619,1000.0,-2.5291531141848096,-5.058306228369619,-1000.0,0.0,503.1865421392266,-798.0181661354661,0.0,108.36553380965142,0.0,0.0,0.0,0.0,0.0,0.0,0.0,0.0,0.0,0.0,-480.9367032229767,0.0,0.0,0.0,0.0,0.0,11.351590834018907,0.0,0.0,-35.465154918858616,0.0,0.0,0.0,0.0,0.0,0.0,0.0,-89.88338754326077,0.20233224913442882,0.0,0.0,0.0,0.0,0.0,0.0,0.0,0.0,0.0,663.4715013443487,0.0,0.0,0.0,0.0,0.0,0.0,0.0,0.0,0.0,0.11128273702433275,0.11128273702433275,0.0,259.76677508652153,0.0,60.69967474043543,0.0,0.0,0.0,-1000.0,0.0,0.0,132.57689977448973,0.0,0.0,353.6655480396225,1000.0,0.0,0.0,0.0,0.0,0.0,0.0,0.0,0.0,0.0,0.0,0.0,0.0,0.0,197.93531864305046,-2.361017133436235,126.14943033329791,0.0,140.36669136617894,0.0,0.0,-402.45156518404576,-615.1730711379071,0.0,353.6655480396225,0.0,0.0,263.7821604963617,0.0,0.0,0.0,0.0,0.0,0.0,0.0,0.0,0.0,0.0,0.0,0.0,0.0,0.0,0.0,0.0,60.69967474043543,52.93928453516791,52.93928453516791,0.0,0.0,0.0,0.0,0.0,0.0,0.0,0.0,0.0,0.0,1.0116612456739238,0.0,0.0,132.57689977448973,-132.57689977448973,0.0,0.0,0.0,0.0,108.36553380965142,0.0,0.0,0.0,0.0,0.0,0.0,0.0,0.0,0.0,0.0,487.49283218010635,0.0,0.0,30.349837370217713,30.349837370217713,418.2704398488954,1000.0,0.0,0.0,0.0,0.0,0.0,0.0,0.0,-879.8624027480442,11.351590834018907,-790.1428842880101,0.10116612456739238,0.0,0.0,0.0,104.76666017416431,0.0,0.0,402.45156518404576,0.0,0.0,0.0,0.0,0.0,0.0,0.0,0.0,0.0,0.0,0.0,0.0,0.0,0.0,0.10116612456739238,0.0,0.0,0.0,21.794690668927238,-21.794690668927238,0.0,0.0,0.0,249.4023255890801,0.0,641.9327581296939,0.0,0.0,-1000.0,-7.587459342554429,-0.04986293405311493,-5.008443294316504,0.0,453.125,453.125,-453.12500000000006,0.0,0.0,0.0,0.0,0.0,0.0,0.0,52.93928453516791,0.0,0.0,0.0,508.24484836759626,0.0,0.0,0.0,-0.10116612456739238,0.0,0.0,0.10116612456739238,0.0,0.10116612456739238,0.0,0.0,0.0,60.69967474043543,123.4226719722187,123.4226719722187,0.0,0.0,0.0,0.0,0.0,0.0,0.0,126.14943033329791,0.0,11.351590834018907,0.0,0.0,8.710403325252683,0.0,0.0,0.0,0.0,0.0,0.0,0.0,0.0,0.0,0.0,0.0,0.0,0.0,0.0,212.72150595386128,0.0,0.0,0.0,0.15174918685108857,0.0,0.0,0.0,-108.36553380965142,0.0,0.0,0.0,0.0,0.0,-259.76677508652153,5.058306228369619,0.0,0.0,0.0,0.0,100.84593633325584,-641.9327581296939,-5.008443294316504,0.0,0.0,0.0,0.0,0.0,0.0,0.0,52.93928453516791,0.0,0.0,327.710610761413,259.76677508652153,0.0,430.91620541981945,0.0,0.0,-782.2994494958728,782.2994494958728,0.0,0.0,-123.4226719722187,0.0,5.058306228369619,1000.0,0.0,0.0,0.0,-300.6189544678381,0.0,0.0,0.0,0.0,0.0,0.0,0.0,0.0,0.0,267.354234429076,-282.52915311418474,123.4226719722187,0.0,0.0,0.0,0.0,0.0,0.0,0.0,0.0,0.0,0.0,0.0,0.0,0.0,-768.238161518513,0.0,0.0,30.349837370217713,132.57689977448973,0.0,0.0,0.0,99.8733482815178,0.0,0.0,0.11128273702433275,0.0,0.0,0.0,61.71133598610935,0.0,0.0,0.0,0.0,144.63157659968857,0.0,0.0,0.0,0.0,0.0,0.0,0.0,0.0,0.0,0.0,0.010116612456739527,0.010116612456739527,0.0,0.0,0.0,0.0,0.0,0.0,0.0,0.0,0.0,0.0,0.0,0.0,0.0,0.0,0.0,259.76677508652153,0.0,0.0,0.0,0.0,0.0,0.0,0.0,0.0,0.0,0.0,0.0,265.15379954897946,32.42036974144337,167.29624431515435,0.0,0.0,0.0,0.0,60.69967474043543,0.0,0.0,0.0,0.0,0.0,0.0,-60.69967474043543,0.0,265.15379954897946,0.0,0.0,0.0,0.0,0.0,0.0,0.0,0.0,0.0,0.0,1000.0,-790.9306076386608,78.00919865391647,-528.0271782850759,419.66164447542445,0.0,999.5953355017308,0.0,0.0,0.0,0.0,0.0,0.0,0.0,0.0,0.0,0.0,0.0,0.0,0.0,0.0,0.0,0.0,0.0,-12.645765570924027,52.93928453516791,-7.587459342554429,283.6520970968831,0.0,0.0,0.0,0.0,0.0,125.10337166121768,-126.36794821831009,35.465154918858616,0.0,0.0,0.0,0.0,0.0,0.0,0.0,1000.0,30.349837370217713,30.349837370217713,0.0,0.0,0.0,0.0,0.0,0.11128273702433275,259.76677508652153,0.0,0.0,-999.5953355017308,0.0,0.0,0.0,0.0,0.0,0.0,0.0,0.0,0.0,0.0,0.0,0.0,0.0,0.0,0.0,0.0,0.0,7.20941490514673,0.0,106.224430795762,0.0,0.0,140.36669136617894,0.0,0.0,0.0,259.76677508652153,0.0,638.625345984571,0.0,0.0,0.0,-12.645765570924027,0.0,0.0,0.0,0.0,0.0,0.0,0.0,0.0,0.0,0.0,0.0,0.0,0.0,0.0,0.0,0.0,0.0,0.0,-0.10116612456739238,0.0,0.0,5.058306228369619,-353.6655480396225,0.0,0.0,0.0,0.0,52.93928453516791,0.0,0.0,0.0,0.0,2.5291531141848096,0.0,0.0,0.0,0.10116612456739238,0.0,101.16612456739237,-24.1520837107449,20.233224913478477,0.7226151754813742,296.6723173533182,-0.07587459342554428,5.058306228369619,2.0233224913478476,-0.5058306228365911,-296.6723173533182,30.349837370217713,-0.10116612456739238,0.0,0.0,0.025291531141848095,0.7226151754813742,0.0,-148.68254680561824,-2.0233224913478476,-300.0,-0.10116612456739238,0.025291531141848095,-296.6723173533182,10.116612456739238,0.10116612456739238,0.10116612456739238,-259.5543262249298,-132.46561703746562,-227.64761619032106,-0.07587459342554428,30.349837370217713,0.10116612456739238,108.36553380965148,27.432634155737517,-0.05058306228369619,-308.19564723936423,-170.0,-0.07587459342554428,-0.10116612456739238,-24.1520837107449,0.10116612456739238,10.116612456739238,-2.0233224913478476,212.72150595386128,212.72150595386128,-10.116612456739238,300.0,-212.72150595386128,20.233224913478477,0.15174918685108857,-542.0205479368815,10.116612456739238,-197.93531864305046,0.0,-20.233224913478477,0.05058306228369619,1.0116612456739238,168.36294402142886,280.0,-0.10116612456739238,-282.52915311418474,259.5543262249298,31.361498615891634,0.10116612456739238,148.68254680561824,-199.41504592030458,0.0,-0.10116612456739238,-0.025291531141848095,0.0,-0.10116612456739238,-89.88338754326077,0.10116612456739238,-0.025291531141848095,-0.025291531141848095,-0.025291531141848095,40.46644982695695,-27.432634155737517,1.0116612456739238,262.31921007838605,-0.025291531141848095,336.7258880428577,5.058306228369619,50.0,0.10116612456739238,0.05058306228369619,0.05058306228369619,10.116612456739238,24.1520837107449,0.10116612456739238,-24.1520837107449,1.0116612456739238,0.10116612456739238,-637.0547251574251,0.10116612456739238,0.4046644982691987,0.5058306228365911,0.05058306228369619,0.025291531141848095,30.349837370217713,-0.10116612456739238,227.64761619032106,1.0116612456739238,-524.6384201567721,2.52915311418481,-10.116612456739238,20.233224913478477,5.058306228369619,-0.10116612456739238,0.0,0.15174918685108857,-0.10116612456739243,-20.233224913478477,24.1520837107449,335.3368127672429,0.05058306228369619,-100.0,-0.10116612456739238,-0.10116612456739238,-0.10116612456739238,0.05058306228369619,296.6723173533182,-20.233224913478477,0.10116612456739238,336.7258880428577,-0.025291531141848095,132.46561703746562,-336.7258880428577,15.174918685108855,170.0,420.33862968671417,296.6723173533182,-0.07587459342554428,282.52915311418474,-280.0,0.10116612456739238,-0.025291531141848095,5.058306228369619,101.16612456739237,-0.05058306228369619,-0.10116612456739238,0.025291531141848095,0.0,0.0,241.9699648745978,374.73551507903903,-255.0,0.0,138.35003047030347,-140.0,0.0,-80.0,460.7034783094982,-325.0,-300.0,40.0,127.5,-230.3517391547491,0.0,70.0,-259.76677508652153,-435.2101610487607,300.0,325.0,-435.2101610487607,-138.35003047030347,163.8242319669344,0.0,1496.5981,hplb
469,0.0,0.0,0.0,0.0,0.0,0.0,0.0,0.0,-0.13303551988659898,0.0,0.0,0.0,0.0,0.0,0.0,0.0,1000.0,-691.2747349089839,0.0,-9.630112168890093,0.0,0.0,0.0,306.2156193987817,0.0,315.13400304526823,0.0,0.0,0.0,-601.14622627749,0.0,0.0,88.55626972062956,0.0,0.0,0.0,0.0,232.1299121707034,0.0,-1000.0,519.8872542127117,0.0,-596.7703320067093,0.0,0.0,0.0,0.0,0.0,-886.0358194801154,-389.54168428458365,0.0,0.0,0.0,0.14633907187513273,0.0,0.0,0.0,26.607103977319795,0.0,0.0,-10.222498491989995,0.0,-131.71894345930684,-146.42193082936535,0.0,0.0,0.0,0.0,0.0,0.0,0.0,1.3303551988659899,0.0,0.0,0.0,0.0,0.0,0.0,0.0,0.0,0.0,0.0,256.92236251286545,0.0,79.82131193195939,0.0,0.0,587.7504301166757,-461.7300264472184,-239.78503090951202,-0.033258879971649745,0.0,0.0,0.0,39.91065596597969,0.0,39.91065596597969,0.0,0.0,0.0,256.92236251286545,6.651775994329949,-1000.0,0.0,0.0,-48.503645289876744,275.5944808298833,0.0,0.0,0.0,0.0,0.0,0.0,0.0,0.0,0.0,0.0,0.0,0.0,0.0,0.0,0.0,0.0,0.0,-1000.0,0.0,0.0,39.91065596597969,0.0,41.24101116484568,0.0,0.0,0.0,0.0,0.0,0.0,-4.480488878068485,0.0,0.0,0.0,0.0,0.0,0.0,0.0,0.0,-246.67862748159726,0.13303551988659898,0.0,0.0,0.0,-275.5944808298833,0.0,0.0,0.0,0.0,0.0,402.7962340645506,0.0,0.0,0.0,0.0,0.0,362.0639560460584,362.0639560460584,0.0,0.0,0.0,328.12499999999994,-732.5857454376819,0.0,0.0,362.19699156594504,0.0,0.0,0.0,0.0,-89.89728195965711,0.0,0.0,0.0,0.0,0.0,0.0,0.0,0.0,0.0,0.0,0.0,0.0,0.0,0.0,-1000.0,0.0,0.0,0.0,0.0,0.0,389.54168428458365,596.7703320067093,701.5150573567304,-701.5150573567304,4.480488878068485,0.0,0.0,0.0,0.0,0.0,0.0,398.85377372251,-718.2365439631448,0.0,0.0,0.0,0.0,0.0,0.0,0.0,0.0,0.0,0.0,0.0,0.0,0.0,63.35254024500654,31.459635106855764,-109.58828624910393,0.0,0.0,0.0,0.0,156.5634124914535,0.0,0.0,0.0,0.0,-10.222498491989995,-109.58828624910393,0.0,0.0,0.0,0.0,0.0,0.0,0.0,0.0,258.50473483072926,0.0,0.0,0.0,760.0154158106582,-1000.0,1000.0,0.0,109.58828624910393,0.0,0.0,4.480488878068485,0.0,0.0,0.0,0.0,-19.557304157556814,0.0,0.0,-1000.0,0.0,397.966769569195,-1000.0,0.0,397.966769569195,239.78503090951202,0.0,298.89559964229613,389.54168428458365,0.0,210.12519911408916,0.0,0.0,0.0,0.0,0.0,0.0,0.0,1000.0,0.0,0.0,-985.2718304146081,328.12499999999994,0.0,0.0,-10.222498491989995,-0.19955327982989846,0.0,0.0,0.0,0.0,0.13303551988659898,0.0,0.0,0.0,540.540707833769,1000.0,0.0,-657.6056583299722,449.07517880354703,89.89728195965711,460.60952036209403,0.0,397.9852742409555,0.0,-48.503645289876744,0.0,0.0,0.0,-11.454358262236044,0.0,-386.53091597871946,-988.0918412817871,-1000.0,0.0,0.0,0.0,0.0,0.0,0.0,0.0,0.0,0.0,0.0,0.0,0.0,0.0,0.0,0.0,0.0,0.0,819.4863013068988,0.0,586.8242470566491,0.0,0.0,254.22099109038152,0.0,0.0,0.0,-11.826107349132002,0.0,0.0,0.0,207.39858845141399,0.0,0.0,0.0,-6.651775994329949,276.81260406276397,0.0,0.0,0.0,0.0,0.0,0.0,0.0,372.94959475445296,-280.1384920599289,-6.651775994329949,-639.784534825722,0.0,0.0,0.0,303.4197080400837,39.91065596597969,-453.12499999990155,453.12499999990155,0.0,0.0,0.0,0.0,0.0,-63.35254024500654,63.35254024500654,63.35254024500654,97.42242227807327,0.0,0.0,-638.0690794738282,0.0,0.0,398.85377372251,0.0,0.0,-24.925485862048617,0.0,0.0,99.1883898165974,0.0,0.0,0.0,0.0,-8.451020859123929,0.26607103977312363,0.0,0.0,0.0,0.0,0.0,0.0,0.0,0.0,0.0,0.0,0.0,0.0,0.0,0.0,0.0,0.0,0.0,0.0,0.0,0.14633907187513273,0.14633907187513273,0.0,316.74543626768667,0.0,79.82131193195939,0.0,0.0,0.0,1000.0,0.0,0.0,0.0,0.0,0.0,593.615365724786,-1000.0,0.0,0.0,77.41572207669006,0.0,0.0,99.1883898165974,0.0,0.0,0.0,0.0,0.0,0.0,0.0,333.3333333333333,-540.540707833769,0.0,0.0,10.243735031268159,0.0,-161.043901369522,161.043901369522,0.0,0.0,593.615365724786,0.0,0.0,585.1643448656621,0.0,0.0,63.35254024500654,0.0,0.0,0.0,0.0,0.0,0.0,0.0,0.0,0.0,0.0,0.0,0.0,0.0,79.82131193195939,4.480488878068485,4.480488878068485,0.0,0.0,0.0,0.0,0.0,0.0,0.0,0.0,0.0,0.0,1.3303551988659899,0.0,0.0,0.0,0.0,0.0,596.7703320067093,0.0,0.0,39.91065596597969,-77.41572207669006,0.0,0.0,0.0,0.0,0.0,0.0,0.0,0.0,0.0,319.7852424272148,0.0,0.0,39.91065596597969,39.91065596597969,1000.0,-1000.0,0.0,99.1883898165974,0.0,0.0,0.0,0.0,0.0,988.0918412817871,398.85377372251,1000.0,0.13303551988659898,0.0,0.0,0.0,175.69240908452346,0.0,0.0,0.0,0.0,0.0,0.0,0.0,0.0,0.0,0.0,0.0,0.0,0.0,0.0,0.0,0.0,0.0,0.13303551988659898,0.0,0.0,0.0,0.0,0.0,0.0,0.0,0.0,0.0,0.0,242.39488374124952,0.0,0.0,-232.66205425024964,-9.977663991494978,0.0,-6.651775994329949,0.0,0.0,0.0,0.0,0.0,0.0,0.0,0.0,0.0,0.0,0.0,4.480488878068485,89.89728195965711,0.0,0.0,310.0714840344137,0.0,0.0,0.0,-0.13303551988659898,0.0,0.0,0.13303551988659898,0.0,0.13303551988659898,0.0,0.0,0.0,79.82131193195939,162.30333426165075,162.30333426165075,0.0,0.0,0.0,0.0,0.0,0.0,0.0,0.0,0.0,398.85377372251,0.0,0.0,0.0,0.0,0.0,0.0,0.0,0.0,0.0,0.0,0.0,0.0,0.0,0.0,0.0,0.0,0.0,161.043901369522,0.0,-315.13400304526823,315.13400304526823,0.19955327982989846,0.0,0.0,0.0,-39.91065596597969,0.0,0.0,0.0,0.0,0.0,-316.74543626768667,6.651775994329949,0.0,0.0,0.0,-328.125,732.5857454376819,11.826107349132002,-6.651775994329949,0.0,0.0,0.0,0.0,0.0,0.0,0.0,4.480488878068485,0.0,77.41572207669006,262.4102197523587,253.3928960226802,0.0,298.3928960226802,-48.503645289876744,0.0,0.0,0.0,0.0,0.0,-162.30333426165075,0.0,6.651775994329949,482.9441484087441,0.0,0.0,0.0,-24.925485862048617,0.0,0.0,1000.0,-1000.0,0.0,0.0,0.0,0.0,0.0,0.0,-19.95532798298987,162.30333426165075,0.0,0.0,0.0,0.0,0.0,0.0,0.0,0.0,0.0,258.50473483072926,0.0,0.0,326.72310025918165,-175.69240908452346,0.0,-596.7703320067093,39.91065596597969,0.0,0.0,0.0,0.0,104.01641625529194,0.0,0.0,0.14633907187513273,0.0,0.0,0.0,81.15166713082537,0.0,0.0,0.0,0.0,31.459635106855764,0.0,275.5944808298833,0.0,0.0,0.0,0.0,0.0,0.0,0.0,0.0,0.013303551988659734,0.013303551988659734,0.0,0.0,0.0,0.0,0.0,0.0,0.0,0.0,0.0,0.0,0.0,0.0,0.0,0.0,0.0,316.74543626768667,0.0,0.0,0.0,0.0,0.0,0.0,0.0,389.54168428458365,0.0,0.0,0.0,0.0,1000.0,1000.0,-691.2747349089839,0.0,0.0,0.0,79.82131193195939,0.0,0.0,0.0,0.0,0.0,-310.2767559461295,230.45544401417013,0.0,0.0,0.0,0.0,0.0,0.0,0.0,0.0,0.0,0.0,0.0,0.0,-1000.0,-1000.0,91.1293311223203,-39.91065596597969,0.0,0.0,232.1299121707034,0.0,0.0,0.0,0.0,0.0,0.0,0.0,0.0,0.0,625.0,0.0,-625.0,-625.0,0.0,0.0,0.0,0.0,-16.629439985824927,4.480488878068485,-9.977663991494978,9.977663991494929,0.0,0.0,0.0,0.0,0.0,234.12257871587482,-235.7855227144573,24.925485862048617,0.0,0.0,0.0,0.0,0.0,0.0,0.0,1000.0,39.91065596597969,39.91065596597969,0.0,0.0,0.0,0.0,0.0,0.14633907187513273,316.74543626768667,0.0,0.0,-232.1299121707034,0.0,0.0,0.0,0.0,0.0,0.0,0.0,0.0,0.0,0.0,0.0,0.0,0.0,0.0,0.0,0.0,0.0,0.0,0.0,139.68729588092893,10.243735031268159,0.0,0.0,0.0,0.0,0.0,316.74543626768667,0.0,242.39488374124952,0.0,0.0,0.0,-16.629439985824927,0.0,0.0,0.0,0.0,0.0,0.0,0.0,0.0,0.0,0.0,0.0,0.0,0.0,0.0,0.0,0.0,0.0,0.0,-0.13303551988659898,0.0,0.0,6.651775994329949,-593.615365724786,0.0,0.0,0.0,0.0,4.480488878068485,0.0,0.0,0.0,11.454358262236044,3.3258879971649744,0.0,0.0,315.13400304526823,0.13303551988659898,0.0,133.03551988659896,-41.24101116484568,26.607103977319795,0.950253713475707,371.16910048361115,-0.09977663991494923,6.651775994329949,2.6607103977319797,-0.6651775994328375,-371.16910048361115,39.91065596597969,-0.13303551988659898,16.167881763292247,99.1883898165974,0.033258879971649745,0.950253713475707,-48.503645289876744,-21.17925476594588,-2.6607103977319797,-299.0951529221261,-0.13303551988659898,0.033258879971649745,-371.16910048361115,13.303551988659898,0.13303551988659898,0.13303551988659898,-316.46606167592495,0.1463390718752587,0.0,-0.09977663991494923,39.91065596597969,0.13303551988659898,39.91065596597969,-66.5177599432995,-0.06651775994329949,-305.78894348479713,-170.0,-0.09977663991494923,-0.13303551988659898,-41.24101116484568,0.13303551988659898,13.303551988659876,-2.6607103977319797,161.043901369522,161.043901369522,-13.303551988659898,299.0951529221261,-161.043901369522,26.607103977319795,0.19955327982989846,-124.12428303821991,13.303551988659898,-333.3333333333333,99.1883898165974,-26.607103977319795,0.06651775994329949,1.3303551988659899,164.40141458249306,280.0,-0.13303551988659898,-346.67842824217155,316.46606167592495,41.24101116484568,0.13303551988659898,21.17925476594588,-60.454234047321506,99.1883898165974,-0.13303551988659898,-0.033258879971649745,-99.1883898165974,-0.13303551988659898,-284.0455016890072,0.1330355198866755,-0.033258879971649745,-0.033258879971649745,-0.033258879971649745,53.21420795463959,66.5177599432995,1.3303551988659899,98.56269079598233,-0.033258879971649745,312.63494740169386,6.651775994329949,10.877286423891913,0.13303551988659898,0.06651775994329949,0.06651775994329949,62.897746896958594,41.24101116484568,0.13303551988659898,-41.24101116484568,1.3303551988659899,0.13303551988659898,-98.56269079598233,0.13303551988659898,0.5321420795462473,0.6651775994328375,0.06651775994329949,0.033258879971649745,39.91065596597969,-0.13303551988659898,0.0,1.3303551988659899,-197.12538159196467,3.3258879971649744,-13.303551988659876,26.607103977319795,6.651775994329949,-0.13303551988659898,48.503645289876744,0.19955327982989846,-0.13303551988659898,-125.79549379391719,41.24101116484568,113.23924748892452,0.06651775994329949,-21.754572847783834,-0.13303551988659898,-0.1330355198866755,-0.13303551988659898,0.06651775994329949,371.16910048361115,-26.607103977319795,0.13303551988659898,328.8028291649861,-0.033258879971649745,-0.1463390718752587,-328.8028291649861,19.955327982989843,170.0,-338.35311489727513,371.16910048361115,-0.09977663991494923,346.67842824217155,-280.0,0.13303551988659898,-0.03325887997164974,214.05036444574392,133.035519886599,-0.06651775994329949,-0.13303551988659898,0.033258879971649745,51.89751046771585,0.0,124.05776527827662,0.0,-255.0,0.0,656.8214221077754,-140.0,0.0,-80.0,-75.52588096551632,-325.0,0.0,40.0,127.5,37.76294048275816,0.0,70.0,-316.74543626768667,-217.25566374421646,0.0,325.0,-217.25566374421646,-656.8214221077754,351.9860520832185,0.0,1496.5981,hplb
470,0.0,0.0,0.0,0.0,0.0,0.0,0.0,0.0,219.83487078611643,0.0,0.0,0.0,0.0,0.0,0.0,0.0,331.0645736924087,-509.9158016097867,0.0,478.851227917378,0.0,0.0,0.0,0.0,0.0,0.0,0.0,0.0,0.0,-10.257794042451224,0.0,0.0,136.76360594987818,0.0,0.0,0.0,0.0,999.8214230007392,0.0,-135.50506377481685,989.7473968866088,0.0,0.0,-320.8067796499575,0.0,0.0,198.22927961301002,0.0,0.0,-300.45919310181114,0.0,0.0,0.0,0.04910867479693515,0.0,0.0,0.0,8.928849963045034,0.0,0.0,-104.5464446974956,0.0,104.5464446974956,0.0,0.0,0.0,0.0,0.0,0.0,265.71089665634656,0.0,0.44644249815225173,0.0,0.0,0.0,0.0,0.0,0.0,0.0,0.0,0.0,0.0,-271.1128870815943,0.0,26.786549889135102,0.0,100.61477443043493,0.0,157.52506191141083,0.0,-0.011161062453806292,0.0,0.0,151.4912031760628,13.393274944567551,0.0,13.393274944567551,-940.6909960057073,0.0,0.0,0.0,2.2322124907612584,-648.9965177627973,0.0,0.0,-2.249756129205147,298.00393876582206,555.1277138984645,0.0,0.0,0.0,0.0,0.0,0.0,0.0,0.0,0.0,0.0,0.0,0.0,0.0,0.0,0.0,0.0,-322.7310229221782,0.0,0.0,13.393274944567551,0.0,13.839717442719804,13.839717442719804,0.0,-1000.0,0.0,1000.0,-1000.0,-743.5710892840631,0.0,0.0,743.5710892840631,0.0,0.0,0.0,0.0,0.0,375.1652687478016,0.04464424981522517,0.0,0.0,0.0,0.0,-298.00393876582206,0.0,0.0,0.0,0.0,96.62450129505554,0.0,0.0,0.0,0.0,0.0,726.2405810166772,726.2405810166772,0.0,0.0,0.0,0.0,0.0,0.0,0.0,726.2852252664924,0.0,0.0,0.0,0.0,-15.758935131307725,0.0,0.0,0.0,0.0,0.0,0.0,0.0,0.0,0.0,-66.94912327933787,0.0,0.0,0.0,0.0,-1000.0,0.0,0.0,0.0,0.0,0.0,300.45919310181114,0.0,31.064573692408715,-31.064573692408715,0.0,0.0,0.0,0.0,0.0,0.0,0.0,638.7387237203461,-689.5093811899483,0.0,0.0,0.0,0.0,0.0,0.0,0.0,0.0,0.0,0.0,0.0,0.0,0.0,0.0,145.65736863603544,-320.8067796499575,0.0,0.0,0.0,0.0,15.540757063977383,0.0,0.0,0.0,0.0,-104.5464446974956,0.0,0.0,0.0,130.76249622201902,0.0,0.0,0.0,0.0,0.0,0.0,0.0,0.0,0.0,330.9976073176859,457.458095536688,31.064573692408715,0.0,320.8067796499575,0.0,0.0,0.0,0.0,0.0,0.0,0.0,-223.94654883502915,0.0,0.0,-1000.0,0.0,0.0,-1000.0,0.0,0.0,188.58963560381954,0.0,0.0,300.45919310181114,0.0,136.69613480594046,0.0,0.0,0.0,0.0,0.0,0.0,0.0,622.5808930885671,0.0,0.0,-529.7056446654167,0.0,0.0,0.0,-104.5464446974956,-0.06696637472283774,0.0,0.0,0.0,0.0,0.04464424981522517,0.0,0.0,0.0,971.0659679914551,331.0645736924087,0.0,-134.00584295212286,-145.20236767672048,15.758935131307725,1000.0,0.0,-453.091089489199,0.0,-2.249756129205147,0.0,0.0,0.0,415.00063412837443,874.7784303501827,-836.687974989358,248.36520614169683,-1000.0,0.0,0.0,0.0,0.0,0.0,0.0,0.0,0.0,0.0,0.0,0.0,0.0,0.0,0.0,0.0,0.0,130.76249622201902,0.0,0.0,-1000.0,0.0,0.0,939.2534511616576,0.0,0.0,842.2653842495787,-375.1652687478016,0.0,271.1128870815943,0.0,0.0,0.0,-874.7784303501827,0.0,608.4587756833872,0.0,0.0,267.18168432151515,0.0,0.0,357.7299885756918,0.0,-610.6909881741485,1000.0,-1.1161062453806292,-2.2322124907612584,-837.9706708743925,0.0,875.4308579967962,0.0,0.0,13.393274944567551,-484.3749999999675,484.3749999999675,0.0,0.0,0.0,219.87951503593166,473.1660684333483,473.1660684333483,-473.1660684333483,-473.1660684333483,-532.3000235008152,0.0,0.0,0.0,0.0,0.0,638.7387237203461,0.0,0.0,-7.863340534121323,0.0,0.0,3.1406718311764457,0.0,0.0,0.0,0.0,132.2640936914679,0.0892884996304405,0.0,0.0,0.0,0.0,0.0,0.0,0.0,0.0,0.0,0.0,0.0,0.0,0.0,0.0,0.0,0.0,0.0,0.0,0.0,0.04910867479693515,0.04910867479693515,0.0,252.5034253231751,0.0,26.786549889135102,0.0,0.0,0.0,1000.0,0.0,0.0,100.61477443043493,0.0,0.0,-338.2615416662628,-1000.0,0.0,0.0,0.0,0.0,0.0,3.1406718311764457,0.0,0.0,0.0,0.0,0.0,0.0,0.0,107.57700764072608,-971.0659679914551,0.0,0.0,152.8858422764282,0.0,135.95044611208542,15.540757063977383,0.0,0.0,-338.2615416662628,0.0,0.0,-205.99744797479494,0.0,0.0,0.0,0.0,0.0,0.0,0.0,0.0,0.0,0.0,0.0,0.0,0.0,0.0,0.0,0.0,26.786549889135102,0.0,0.0,0.0,0.0,0.0,0.0,0.0,0.0,0.0,0.0,0.0,0.0,0.44644249815225173,0.0,0.0,100.61477443043493,-100.61477443043493,0.0,0.0,0.0,0.0,13.393274944567551,0.0,0.0,0.0,48.833460610220925,0.0,0.0,0.0,0.0,0.0,0.0,-302.8888155599234,573.196485010271,0.0,13.393274944567551,13.393274944567551,1000.0,-1000.0,0.0,3.1406718311764457,0.0,0.0,0.0,0.0,0.0,-599.3686883788995,638.7387237203461,-713.1436170397149,0.04464424981522517,0.0,0.0,3.6002398600992294,0.0,0.0,0.0,-151.4912031760628,0.0,0.0,0.0,0.0,0.0,0.0,0.0,0.0,0.0,0.0,0.0,0.0,0.0,0.0,0.04464424981522517,0.0,0.0,0.0,0.0,0.0,0.0,0.0,0.0,0.0,-107.72213900101832,942.9232084964686,0.0,0.0,-1000.0,-3.348318736141888,-2.2322124907612584,0.0,0.0,0.0,0.0,0.0,0.0,0.0,0.0,0.0,0.0,0.0,0.0,0.0,15.758935131307725,0.0,0.0,877.6630704875575,0.0,0.0,0.0,219.83487078611643,0.0,0.0,0.04464424981522517,0.0,0.04464424981522517,0.0,265.71089665634656,0.0,26.786549889135102,54.465984774574714,54.465984774574714,0.0,0.0,0.0,0.0,0.0,0.0,271.1128870815943,0.0,0.0,638.7387237203461,0.0,0.0,247.68518485738818,171.15931918007732,0.0,0.0,0.0,0.0,0.0,0.0,0.0,0.0,0.0,0.0,0.0,0.0,0.0,15.540757063977383,0.0,-238.02251213133314,238.02251213133314,0.06696637472283774,0.0,0.0,0.0,-13.393274944567551,0.0,0.0,0.0,0.0,0.0,-252.5034253231751,2.2322124907612584,0.0,0.0,0.0,0.0,0.0,-3.669757334811041,0.0,0.0,0.0,0.0,0.0,0.0,0.0,0.0,0.0,0.0,0.0,-742.0924157824535,252.5034253231751,0.0,316.071150036955,-2.249756129205147,0.0,-271.1128870815943,271.1128870815943,0.0,0.0,-54.465984774574714,0.0,2.2322124907612584,1000.0,0.0,0.0,0.0,-209.0928893949912,0.0,0.0,0.0,0.0,0.0,0.0,0.0,0.0,0.0,322.8008673386548,-262.54838153160074,54.465984774574714,0.0,0.0,0.0,0.0,0.0,0.0,0.0,0.0,0.0,0.0,0.0,0.0,0.0,-3.6002398600992294,167.04862319727715,0.0,13.393274944567551,100.61477443043493,0.0,0.0,0.0,-14.807615632155319,0.0,0.0,0.04910867479693515,0.0,0.0,0.0,27.232992387287357,0.0,0.0,0.0,0.0,145.65736863603544,0.0,298.00393876582206,0.0,0.0,0.0,0.0,0.0,0.0,0.0,0.0,167.64084471567602,0.004464424981522644,0.0,0.0,0.0,0.0,0.0,0.0,0.0,0.0,0.0,3.6002398600992294,0.0,0.0,0.0,0.0,0.0,252.5034253231751,0.0,0.0,0.0,0.0,0.0,0.0,0.0,300.45919310181114,0.0,0.0,0.0,201.22954886086987,140.98037530219534,1000.0,-509.9158016097867,0.0,0.0,0.0,26.786549889135102,0.0,0.0,0.0,0.0,0.0,0.0,-26.786549889135102,0.0,201.22954886086987,0.0,0.0,0.0,0.0,0.0,0.0,0.0,0.0,0.0,0.0,713.1436170397149,-1000.0,449.42581516089484,-13.393274944567551,0.0,0.0,999.8214230007392,0.0,0.0,0.0,0.0,0.0,0.0,0.0,0.0,0.0,0.0,0.0,0.0,0.0,0.0,0.0,0.0,0.0,-5.580531226903146,0.0,-3.348318736141888,678.0445668329244,0.0,0.0,0.0,0.0,0.0,-0.5580531226903147,0.0,7.863340534121323,0.0,0.0,0.0,0.0,0.0,0.0,0.0,1000.0,13.393274944567551,13.393274944567551,0.0,0.0,0.0,0.0,0.0,0.04910867479693515,252.5034253231751,0.0,0.0,-999.8214230007392,167.6363802906945,0.0,0.0,0.0,0.0,0.0,0.0,0.0,0.0,0.0,0.0,0.0,0.0,0.0,251.86670439383985,0.0,0.0,13.839717442719804,0.0,46.87646230598643,375.1652687478016,0.0,0.0,0.0,0.0,0.0,252.5034253231751,0.0,0.0,0.0,0.0,0.0,-5.580531226903146,0.0,0.0,0.0,0.0,0.0,0.0,0.0,0.0,0.0,0.0,0.0,0.0,0.0,0.0,0.0,0.0,0.0,0.0,-0.04464424981522517,0.0,0.0,2.2322124907612584,338.2615416662628,0.0,0.0,0.0,0.0,0.0,0.0,0.0,0.0,-415.00063412837443,1.1161062453806292,0.0,0.0,0.0,0.04464424981522517,0.0,44.644249815225166,0.0,8.928849963045034,0.3188874986801798,152.23689186991786,-0.03348318736141887,2.232212490761299,0.8928849963045034,-0.22322124907600482,-152.23689186991786,13.393274944567551,-0.04464424981522517,0.749918709735049,3.1406718311764457,0.011161062453806292,0.3188874986801798,-2.249756129205147,-107.72213900101832,-0.8928849963045034,-300.0,-0.04464424981522517,0.011161062453806292,-152.23689186991786,4.464424981522517,0.04464424981522517,0.04464424981522517,-252.40967239856292,-100.56566575563818,0.0,-0.03348318736141887,13.393274944567551,0.04464424981522517,13.393274944567551,-22.322124907612583,-0.022322124907612585,-92.12498903664525,-20.049826295315125,-0.03348318736141887,-0.04464424981522515,0.0,0.04464424981522517,4.464424981522541,-0.8928849963045034,15.540757063977383,15.540757063977383,-4.464424981522517,300.0,-15.540757063977383,8.928849963045034,0.06696637472283774,-1000.0,4.464424981522517,-107.57700764072608,3.1406718311764457,-8.928849963045034,0.022322124907612585,0.44644249815225173,33.501460738030715,261.43227528622015,-0.04464424981522517,-262.54838153160074,252.40967239856292,13.839717442719804,0.04464424981522517,107.72213900101832,-50.43242794709403,3.1406718311764457,-0.04464424981522517,-0.011161062453806292,-3.1406718311764457,-0.04464424981522517,-165.73984507435418,0.044644249815338856,-0.011161062453806292,-0.011161062453806292,-0.011161062453806292,17.857699926090067,22.322124907612583,0.44644249815225173,33.07580858185548,-0.011161062453806292,66.25300276632638,2.2322124907612584,-63.89983435497269,0.04464424981522517,0.022322124907612585,0.022322124907612585,6.03476089711074,0.0,0.04464424981522517,0.0,0.44644249815225173,0.04464424981522517,-33.07580858185548,0.04464424981522517,0.1785769992608266,0.22322124907600482,0.022322124907612585,0.011161062453806292,13.393274944567551,-0.04464424981522517,0.0,0.4464424981522517,-66.15161716371097,1.116106245380589,-4.464424981522541,8.928849963045034,2.2322124907612584,-0.04464424981522517,2.249756129205147,0.06696637472283774,-0.04464424981522517,-12.06952179422148,0.0,184.67320019635815,0.022322124907612585,127.79966870994538,-0.04464424981522517,-0.044644249815338856,-0.04464424981522517,0.022322124907612574,152.23689186991786,-8.928849963045034,0.04464424981522517,67.00292147606143,-0.011161062453806292,100.56566575563818,-67.00292147606143,6.696637472283775,20.049826295315125,561.7810887027061,152.23689186991786,-0.03348318736141887,262.54838153160074,-261.43227528622015,0.04464424981522517,-0.011161062453806294,2.2322124907612584,44.644249815225166,-0.022322124907612585,-0.04464424981522517,0.011161062453806292,0.0,0.0,811.3880422712729,0.0,-255.0,0.0,570.7740347815278,-140.0,0.0,-80.0,525.6209296669753,-325.0,-188.58963560381954,40.0,127.5,-262.81046483348763,0.0,70.0,-252.5034253231751,-169.86558456420283,188.58963560381954,325.0,-169.86558456420283,-570.7740347815278,308.37101887354964,0.0,1496.5981,hplb
471,0.0,0.0,0.0,0.0,0.0,0.0,0.0,0.0,-0.06320613272066697,0.0,0.0,0.0,0.0,0.0,0.0,0.0,-740.2269905997352,1000.0,0.0,40.226990599735245,0.0,0.0,0.0,0.0,0.0,0.0,0.0,0.0,0.0,-57.55457653185738,0.0,0.0,89.52464883480462,0.0,0.0,0.0,0.0,-88.13218493475915,0.0,-1000.0,1000.0,0.0,0.0,-1000.0,0.0,0.0,730.3495905088434,0.0,1000.0,0.0,0.0,-303.7121337126745,0.0,0.06952674599290276,0.0,0.0,0.0,12.641226544133394,0.0,0.0,73.53156827628548,0.0,-836.2378031826292,-1000.0,0.0,0.0,0.0,0.0,0.0,826.1862949830148,0.0,0.6320613272066697,0.0,0.0,0.0,0.0,0.0,0.0,0.0,0.0,0.0,0.0,0.0,0.0,37.92367963240018,0.0,0.0,-938.8221389711495,-806.7610117706167,1000.0,-0.015801533180166742,0.0,0.0,288.61646066592226,18.96183981620009,0.0,18.96183981620009,-2.0352374736054344,0.0,0.0,0.0,3.1603066360333485,-657.8521376940138,0.0,0.0,-49.078495632068474,417.08112384431774,6.447025537508031,0.0,0.0,0.0,0.0,0.0,0.0,0.0,0.0,0.0,0.0,0.0,0.0,0.0,0.0,0.0,0.0,-484.90696173491165,0.0,0.0,18.96183981620009,0.0,19.59390114340676,19.59390114340676,0.0,-170.87000245070527,170.87000245070527,0.0,0.0,-1000.0,1000.0,-1000.0,762.7062349063438,0.0,0.0,0.0,0.0,0.0,4.86687221949137,0.06320613272066697,0.0,0.0,0.0,-651.2301559909454,0.0,0.0,0.0,0.0,0.0,356.3396430121208,0.0,0.0,0.0,0.0,0.0,84.96598669868565,84.96598669868565,0.0,0.0,0.0,0.0,382.0067934412623,0.0,0.0,85.02919283140632,0.0,0.0,0.0,-577.8502292779053,-5.252978377102286,0.0,0.0,0.0,0.0,0.0,0.0,0.0,0.0,0.0,0.0,0.0,0.0,0.0,0.0,-360.4796950087708,0.0,0.0,0.0,0.0,0.0,0.0,303.7121337126745,106.76101177061673,-106.76101177061673,0.0,0.0,0.0,0.0,0.0,0.0,0.0,600.2975611621564,-461.3929609875891,0.0,0.0,0.0,0.0,0.0,0.0,0.0,0.0,0.0,0.0,0.0,0.0,0.0,263.74860526802337,244.47852953349548,-505.93056658108185,0.0,0.0,0.0,237.29376509365622,0.0,0.0,0.0,0.0,0.0,73.53156827628548,494.06943341891815,0.0,0.0,0.0,0.0,0.0,0.0,0.0,0.0,0.0,0.0,0.0,0.0,-86.47797645876653,-1000.0,471.6510065121416,0.0,505.93056658108185,0.0,0.0,237.29376509365622,1000.0,0.0,0.0,0.0,-385.61682702166144,0.0,0.0,840.6593074651859,763.2676593590862,1000.0,0.0,77.39164810609961,159.34069253481414,-700.0,0.0,782.098007628827,0.0,0.0,215.53291257747435,0.0,0.0,0.0,-1000.0,0.0,1000.0,0.0,1000.0,0.0,237.29376509365622,0.0,0.0,0.0,0.0,73.53156827628548,-0.09480919908100045,0.0,0.0,0.0,0.0,0.06320613272066697,0.0,0.0,0.0,341.5178551925707,-740.2269905997352,0.0,-622.7700474954111,370.96052005146424,5.252978377102286,854.3546148856706,0.0,240.0964931650194,0.0,-49.078495632068474,0.0,0.0,0.0,-5.442048027249594,565.2764558379397,-799.9309009757095,466.5092483396096,-1000.0,0.0,0.0,0.0,0.0,0.0,0.0,0.0,0.0,0.0,0.0,0.0,0.0,0.0,0.0,0.0,0.0,0.0,521.5827495349299,0.0,609.4621099388067,0.0,0.0,0.0,0.0,0.0,0.0,-4.86687221949137,0.0,0.0,0.0,0.0,0.0,434.7235441620603,0.0,-337.63511726140206,-1.5801533180166742,-1000.0,0.0,0.0,714.8238432673314,0.0,0.0,334.4748106253687,121.28735498601213,0.0,-3.1603066360333485,-164.2653956066457,0.0,0.0,-1000.0,910.8123396894252,18.96183981620009,0.0,0.0,0.0,0.0,0.0,0.0,0.0,-263.74860526802337,263.74860526802337,263.74860526802337,291.4372690879351,0.0,0.0,-184.74762892519152,0.0,0.0,600.2975611621564,0.0,0.0,-90.23062854108525,0.0,0.0,164.60722493052944,0.0,0.0,0.0,0.0,-8.632342429332294,0.12641226544110395,0.0,0.0,0.0,0.0,0.0,0.0,0.0,0.0,0.0,826.1862949830148,0.0,0.0,0.0,0.0,0.0,0.0,0.0,0.0,0.0,0.06952674599290276,0.06952674599290276,0.0,322.580058236235,0.0,37.92367963240018,0.0,0.0,0.0,1000.0,0.0,0.0,0.0,0.0,0.0,430.25575339514893,-1000.0,0.0,0.0,0.0,0.0,0.0,164.60722493052944,0.0,0.0,0.0,0.0,0.0,0.0,0.0,161.6356539116372,-341.5178551925707,234.1490321466277,0.0,122.60939417887722,0.0,5.7405429080627,282.8759177578595,282.8759177578595,0.0,430.25575339514893,0.0,0.0,421.6234109658167,0.0,0.0,263.74860526802337,0.0,0.0,0.0,0.0,0.0,0.0,0.0,0.0,0.0,0.0,0.0,0.0,0.0,37.92367963240018,237.29376509365625,237.29376509365622,0.0,0.0,0.0,0.0,0.0,0.0,0.0,0.0,0.0,0.0,0.6320613272066697,0.0,0.0,0.0,0.0,0.0,303.7121337126745,0.0,0.0,18.96183981620009,0.0,0.0,0.0,117.74252195938585,0.0,0.0,0.0,0.0,0.0,0.0,1000.0,-231.0309875734804,0.0,18.96183981620009,18.96183981620009,1000.0,-1000.0,0.0,164.60722493052947,0.0,0.0,0.0,0.0,0.0,1000.0,600.2975611621564,786.1093425185134,0.06320613272066697,0.0,0.0,0.0,5.097123131545205,0.0,0.0,-288.61646066592226,0.0,0.0,0.0,0.0,0.0,0.0,0.0,0.0,0.0,0.0,0.0,0.0,0.0,0.0,0.06320613272066697,0.0,0.0,0.0,0.0,0.0,0.0,0.0,0.0,0.0,0.0,0.0,0.0,0.0,83.01248818438546,-4.7404599540500225,-3.1603066360333485,0.0,0.0,0.0,0.0,0.0,0.0,0.0,0.0,0.0,0.0,0.0,0.0,237.29376509365625,5.252978377102286,0.0,0.0,913.9726463254586,0.0,0.0,0.0,-0.06320613272066697,0.0,0.0,0.06320613272066697,0.0,0.06320613272066697,0.0,0.0,0.0,37.92367963240018,77.1114819192137,77.1114819192137,0.0,0.0,0.0,0.0,0.0,0.0,0.0,234.1490321466277,0.0,600.2975611621564,0.0,0.0,0.0,0.0,0.0,0.0,0.0,0.0,0.0,0.0,0.0,0.0,0.0,0.0,0.0,0.0,0.0,0.0,0.0,0.0,0.0,0.09480919908100045,0.0,0.0,0.0,-18.96183981620009,0.0,0.0,0.0,0.0,0.0,-322.580058236235,3.1603066360333485,0.0,0.0,0.0,0.0,-382.0067934412623,-575.376006198329,0.0,0.0,0.0,0.0,0.0,0.0,0.0,0.0,237.29376509365625,0.0,0.0,0.0,58.831452968211636,0.0,546.5078056024943,-49.07849563206847,4.86687221949137,-580.2428784178204,0.0,575.376006198329,0.0,922.8885180807863,0.0,3.1603066360333485,597.4127203216561,0.0,0.0,0.0,-90.23062854108525,859.3749999999991,-859.3749999999991,0.0,0.0,0.0,0.0,0.0,0.0,0.0,200.6603358481201,-210.14125575622006,77.1114819192137,0.0,0.0,0.0,0.0,0.0,0.0,0.0,0.0,0.0,0.0,0.0,0.0,126.66018234216494,-831.28341811456,26.093311116993174,0.0,18.96183981620009,0.0,0.0,0.0,0.0,38.29556644716468,0.0,0.0,0.06952674599290276,0.0,0.0,0.0,38.55574095960685,0.0,0.0,0.0,0.0,244.47852953349548,0.0,417.08112384431774,0.0,0.0,0.0,0.0,0.0,0.0,-1000.0,0.0,0.006320613272066566,0.006320613272066566,0.0,0.0,0.0,0.0,0.0,0.0,0.0,0.0,0.0,0.0,0.0,0.0,0.0,0.0,0.0,322.580058236235,0.0,0.0,0.0,0.0,0.0,0.0,0.0,0.0,0.0,0.0,0.0,0.0,391.5698179255855,254.01333281618068,1000.0,0.0,0.0,0.0,37.92367963240018,0.0,0.0,0.0,0.0,0.0,139.4180581409544,-177.34173777335457,0.0,0.0,0.0,0.0,0.0,0.0,0.0,0.0,0.0,0.0,0.0,0.0,-786.1093425185134,808.6571106455959,43.29620091365688,-1000.0,981.0381601838,0.0,-88.13218493475915,0.0,0.0,0.0,0.0,0.0,0.0,0.0,0.0,0.0,0.0,0.0,0.0,0.0,0.0,0.0,0.0,0.0,-7.9007665900833715,237.29376509365622,-4.7404599540500225,205.40079580217014,0.0,0.0,0.0,0.0,0.0,0.0,-0.7900766590083371,90.23062854108525,0.0,0.0,0.0,0.0,0.0,0.0,0.0,1000.0,18.96183981620009,18.96183981620009,0.0,0.0,0.0,0.0,0.0,0.06952674599290276,322.580058236235,0.0,0.0,88.13218493475915,0.0,0.0,0.0,0.0,0.0,0.0,0.0,0.0,0.0,0.0,0.0,0.0,0.0,0.0,0.0,0.0,0.0,19.59390114340676,0.0,66.36643935670031,4.86687221949137,0.0,0.0,0.0,0.0,0.0,322.580058236235,0.0,570.1804620886902,0.0,0.0,0.0,-7.9007665900833715,0.0,0.0,0.0,0.0,0.0,0.0,0.0,0.0,0.0,0.0,0.0,0.0,0.0,0.0,0.0,0.0,0.0,0.0,-0.06320613272066697,0.0,0.0,3.1603066360333485,-430.25575339514893,0.0,0.0,0.0,0.0,237.29376509365622,0.0,0.0,0.0,5.442048027249594,1.5801533180166742,0.0,0.0,0.0,0.06320613272066697,0.0,63.206132720666965,0.0,12.641226544133394,0.45147237657619144,215.53291257747435,-0.04740459954050023,3.160306636033324,1.2641226544133395,-0.3160306636029886,-215.53291257747435,18.96183981620009,-0.06320613272066697,16.359498544022824,164.60722493052944,0.015801533180166742,0.45147237657619144,-49.07849563206847,-10.062416329130201,-1.2641226544133395,-300.0,-0.06320613272066697,0.015801533180166742,-215.53291257747435,6.320613272066697,0.06320613272066697,0.06320613272066697,-322.44732535752144,0.06952674599273354,0.0,-0.04740459954050023,18.96183981620009,0.06320613272066697,18.96183981620009,-31.603066360333486,-0.031603066360333484,-258.18265174798387,-6.383819404787374,-0.04740459954050023,-0.06320613272066697,0.0,0.06320613272066697,6.320613272066697,-1.2641226544133395,0.0,0.0,-6.320613272066697,300.0,0.0,12.641226544133394,0.09480919908100045,-1000.0,6.320613272066697,-161.6356539116372,164.60722493052944,-12.641226544133394,0.031603066360333484,0.6320613272066697,155.69251187385277,71.47267951234502,-0.06320613272066697,-336.801438098385,322.44732535752144,19.59390114340676,0.06320613272066697,10.062416329130201,88.75986566572907,164.60722493052944,-0.06320613272066697,-0.015801533180166742,-164.60722493052947,-0.06320613272066697,-425.71346627365006,0.06320613272066697,-0.015801533180166742,-0.015801533180166742,-0.015801533180166742,25.282453088266788,31.603066360333486,0.6320613272066697,219.90593190939884,-0.015801533180166742,295.0255252036827,3.1603066360333485,7.476477850699496,0.06320613272066697,0.031603066360333484,0.031603066360333484,-30.022656809496695,0.0,0.06320613272066697,0.0,0.6320613272066697,0.06320613272066697,-566.0621085693489,0.06320613272066697,0.2528245308822079,0.3160306636029886,0.031603066360333484,0.015801533180166742,18.96183981620009,-0.06320613272066697,0.0,0.6320613272066697,-439.8118638187977,1.5801533180166984,-6.320613272066697,12.641226544133394,3.1603066360333485,-0.06320613272066697,49.07849563206847,0.09480919908100045,-0.06320613272066697,60.04531361899339,0.0,157.35665673447818,0.031603066360333484,-14.952955701398992,-0.06320613272066697,-0.06320613272066697,-0.06320613272066697,0.031603066360333484,215.53291257747435,-12.641226544133394,0.06320613272066697,311.38502374770553,-0.015801533180166742,-0.06952674599273354,-311.38502374770553,9.480919908100045,6.3838194047873635,766.136827197613,215.53291257747435,-0.04740459954050023,336.801438098385,-71.47267951234502,0.06320613272066697,-0.015801533180166742,3.1603066360333485,63.206132720666965,-0.031603066360333484,-0.06320613272066697,0.015801533180166742,0.0,0.0,699.9683969336396,346.15617665995,-255.0,0.0,90.71871238700857,-140.0,0.0,454.28012196211097,-255.0,-325.0,-300.0,-227.14006098105548,127.5,127.5,0.0,70.0,-322.580058236235,-195.65222318164285,300.0,325.0,-195.65222318164285,-90.71871238700857,-2.1808832753935974,0.0,1496.5981,hplb
472,0.0,0.0,0.0,0.0,0.0,0.0,0.0,0.0,-0.09098245751544794,0.0,0.0,0.0,0.0,0.0,0.0,0.0,-1000.0,300.0,0.0,1000.0,0.0,0.0,0.0,574.2072812786861,0.0,0.0,0.0,0.0,0.0,-346.26437276018225,0.0,0.0,519.0154215669202,0.0,0.0,0.0,0.0,631.1495797430405,0.0,-1000.0,1000.0,0.0,0.0,0.0,0.0,0.0,0.0,0.0,1000.0,-329.5694425682748,0.0,0.0,0.0,0.1000807032671105,0.0,0.0,0.0,0.0,0.0,0.0,-49.80817353633705,0.0,0.0,-49.80817353633705,0.0,0.0,0.0,0.0,302.55137501708316,-302.55137501708316,0.0,0.9098245751544793,0.0,0.0,0.0,0.0,0.0,0.0,0.0,0.0,0.0,0.0,0.0,0.0,54.589474509268754,0.0,41.79565177780937,-515.2104144692692,1000.0,66.8725247346132,-0.022745614378861984,0.0,0.0,1000.0,27.294737254634377,0.0,27.294737254634377,-647.0836408025805,0.0,0.0,0.0,4.5491228757723965,-1000.0,0.0,0.0,-41.234225352477154,0.0,0.0,0.0,0.0,0.0,0.0,0.0,0.0,0.0,0.0,0.0,0.0,0.0,0.0,0.0,0.0,0.0,0.0,-644.0812808227055,0.0,0.0,27.294737254634377,0.0,28.204561829788858,0.0,0.0,348.6532396501381,-348.6532396501381,0.0,0.0,-1000.0,-578.1249999999984,578.1249999999984,1000.0,0.0,0.0,0.0,0.0,0.0,48.80130100649886,0.09098245751544794,0.0,0.0,0.0,-1000.0,578.1929735330411,0.0,0.0,0.0,0.0,158.46056308425548,0.0,0.0,0.0,0.0,0.0,999.9090175424845,999.9090175424845,0.0,0.0,0.0,0.0,0.0,0.0,0.0,1000.0,0.0,0.0,0.0,0.0,-364.98577537272456,0.0,0.0,0.0,0.0,0.0,0.0,0.0,0.0,0.0,0.0,0.0,0.0,0.0,0.0,-1000.0,0.0,0.0,0.0,0.0,0.0,329.5694425682748,0.0,-933.2639489516599,933.2639489516599,0.0,0.0,0.0,0.0,0.0,0.0,0.0,653.7356272398177,488.0783246386648,0.0,0.0,0.0,0.0,0.0,0.0,0.0,0.0,0.0,0.0,0.0,0.0,0.0,124.3825659936536,463.3883753530702,346.26437276018225,0.0,0.0,0.0,0.0,142.52564792180172,0.0,0.0,0.0,0.0,-49.80817353633705,346.26437276018225,0.0,0.0,0.0,0.0,0.0,0.0,0.0,0.0,0.0,18.196491503089586,0.0,0.0,-933.2639489516599,1000.0,-448.4743634209291,0.0,-346.26437276018225,0.0,0.0,0.0,-354.3744115030475,0.0,0.0,0.0,-192.15043356794163,0.0,0.0,-1000.0,-1000.0,0.0,-1000.0,1000.0,0.0,66.73605104834007,0.0,-118.05353448239077,329.5694425682748,0.0,111.31540854629802,0.0,0.0,0.0,0.0,0.0,0.0,0.0,1000.0,0.0,0.0,11.630106438478208,0.0,0.0,0.0,-49.80817353633705,-0.1364736862731719,0.0,0.0,0.0,0.0,0.09098245751544794,0.0,0.0,0.0,830.179614823564,-1000.0,0.0,-381.6918719411248,-209.67693899673571,364.98577537272456,895.491228757724,0.0,428.9104949080105,0.0,-41.234225352477154,0.0,0.0,0.0,428.99621818563475,142.09328690635482,-1000.0,0.0,-905.5003187862613,0.0,0.0,0.0,0.0,0.0,0.0,0.0,0.0,0.0,0.0,0.0,0.0,0.0,0.0,0.0,0.0,0.0,-368.48649042690107,0.0,-1000.0,0.0,0.0,644.1540056705779,0.0,0.0,0.0,-48.80130100649882,0.0,0.0,0.0,565.594505292325,0.0,555.355338076562,286.79215529534946,-4.5491228757723965,0.0,-1000.0,1000.0,981.7182239458838,-124.93219211459063,0.0,-286.79215529534946,0.0,0.0,-2.2745614378861982,-986.2673468216561,-1000.0,0.0,1000.0,0.0,-405.4029701452233,27.294737254634377,0.0,0.0,0.0,0.0,0.0,0.0,0.0,-124.3825659936536,124.3825659936536,124.3825659936536,-1000.0,0.0,0.0,-125.568920248459,0.0,0.0,653.7356272398177,0.0,0.0,-16.025043517055366,0.0,-222.02797378976925,131.8035084969104,0.0,0.0,0.0,0.0,14.286611631477058,0.1819649150303917,0.0,0.0,0.0,0.0,0.0,0.0,0.0,0.0,0.0,0.0,0.0,0.0,0.0,0.0,0.0,0.0,0.0,0.0,0.0,0.1000807032671105,0.1000807032671105,0.0,386.186074490564,0.0,54.589474509268754,0.0,0.0,0.0,1000.0,0.0,0.0,41.79565177780937,0.0,0.0,-614.7897304520645,-1000.0,0.0,0.0,0.0,0.0,0.0,131.8035084969104,0.0,0.0,0.0,0.0,0.0,0.0,0.0,214.69376027423516,-830.179614823564,421.8070264669588,0.0,48.80130100649886,0.0,752.8431263260777,247.15687367392223,104.63122575212049,0.0,-614.7897304520645,0.0,-600.5031188205876,0.0,-109.3750000000001,109.3750000000001,124.3825659936536,0.0,0.0,0.0,0.0,0.0,0.0,0.0,0.0,0.0,0.0,0.0,0.0,0.0,54.589474509268754,0.0,0.0,0.0,0.0,0.0,0.0,0.0,0.0,0.0,0.0,0.0,0.0,0.9098245751544793,0.0,0.0,41.79565177780937,-41.79565177780937,0.0,0.0,0.0,0.0,27.294737254634377,0.0,0.0,0.0,0.0,0.0,0.0,0.0,0.0,0.0,0.0,296.1108729518027,0.0,0.0,27.294737254634377,27.294737254634377,229.15940313577352,-1000.0,0.0,131.8035084969104,0.0,0.0,0.0,0.0,0.0,0.0,653.7356272398177,-130.87847038465824,0.09098245751544794,0.0,0.0,0.0,120.15533264307977,422.26035923048886,0.0,-1000.0,0.0,0.0,0.0,0.0,0.0,0.0,0.0,0.0,0.0,0.0,0.0,0.0,0.0,0.0,0.09098245751544794,0.0,0.0,0.0,0.0,0.0,0.0,0.0,0.0,0.0,0.0,595.352704664079,0.0,0.0,-631.5135095730989,-6.823684313658594,-4.549122875772355,0.0,0.0,0.0,0.0,0.0,0.0,0.0,0.0,0.0,0.0,0.0,0.0,0.0,364.98577537272456,0.0,0.0,599.146152730549,0.0,0.0,0.0,-0.09098245751544794,0.0,0.0,0.09098245751544794,0.0,0.09098245751544794,0.0,0.0,0.0,54.589474509268754,110.99859816884647,110.99859816884647,0.0,0.0,0.0,0.0,0.0,0.0,0.0,421.8070264669588,0.0,653.7356272398177,0.0,0.0,0.0,436.8298077777149,0.0,0.0,0.0,0.0,0.0,0.0,0.0,0.0,0.0,0.0,0.0,0.0,0.0,142.52564792180172,0.0,0.0,0.0,0.1364736862731719,0.0,0.0,0.0,-27.294737254634377,0.0,0.0,0.0,0.0,0.0,-386.186074490564,4.5491228757723965,0.0,0.0,0.0,0.0,0.0,-7.4787580077749,0.0,0.0,-222.02797378976925,0.0,0.0,0.0,0.0,0.0,0.0,0.0,0.0,-365.95802682295044,261.8035084969104,0.0,728.6105349638692,381.0261338780117,0.0,-56.28005901427372,0.0,56.28005901427372,0.0,-465.37300967189395,0.0,4.549122875772355,604.5919288426596,0.0,0.0,0.0,-99.6163470726741,0.0,0.0,0.0,0.0,0.0,0.0,0.0,0.0,0.0,-13.647368627317292,0.0,110.99859816884647,0.0,0.0,0.0,0.0,0.0,0.0,0.0,0.0,0.0,0.0,0.0,0.0,406.6571274315399,-120.15533264307977,1000.0,0.0,27.294737254634377,41.79565177780937,0.0,0.0,0.0,-11.882379737648307,0.0,0.0,0.1000807032671105,0.0,0.0,0.0,55.499299084423235,0.0,0.0,0.0,0.0,463.3883753530702,0.0,0.0,0.0,0.0,0.0,0.0,0.0,0.0,-1000.0,0.0,0.009098245751545164,0.009098245751545164,0.0,0.0,0.0,0.0,0.0,0.0,0.0,0.0,0.0,0.0,0.0,0.0,0.0,0.0,0.0,386.186074490564,0.0,0.0,0.0,0.0,0.0,0.0,0.0,329.5694425682748,0.0,0.0,0.0,83.59130355561874,532.7770762445019,-650.8306107268927,300.0,0.0,0.0,0.0,54.589474509268754,0.0,0.0,0.0,0.0,0.0,-107.77150005243045,53.1820255431617,0.0,83.59130355561874,0.0,0.0,0.0,0.0,0.0,0.0,0.0,0.0,0.0,0.0,225.37815159839687,-1000.0,499.1527911757969,806.682860420608,-833.9775976752424,0.0,631.1495797430405,0.0,0.0,0.0,0.0,0.0,0.0,0.0,0.0,0.0,0.0,0.0,0.0,0.0,0.0,0.0,0.0,0.0,-11.372807189430949,0.0,-6.823684313658594,430.0061234640563,0.0,0.0,0.0,0.0,0.0,0.0,-1.1372807189430993,16.025043517055366,0.0,0.0,0.0,0.0,0.0,0.0,0.0,1000.0,27.294737254634377,27.294737254634377,0.0,0.0,0.0,0.0,0.0,0.1000807032671105,386.186074490564,0.0,0.0,-631.1495797430405,0.0,0.0,0.0,0.0,0.0,0.0,0.0,0.0,0.0,0.0,0.0,0.0,0.0,0.0,0.0,0.0,0.0,0.0,0.0,95.53158039122032,0.0,0.0,48.80130100649886,0.0,0.0,0.0,386.186074490564,0.0,0.0,0.0,0.0,0.0,-11.372807189430949,0.0,0.0,0.0,0.0,0.0,0.0,0.0,0.0,0.0,0.0,0.0,0.0,0.0,0.0,0.0,0.0,0.0,0.0,-0.09098245751544794,0.0,0.0,4.5491228757723965,614.7897304520645,0.0,0.0,0.0,0.0,0.0,0.0,0.0,0.0,-428.99621818563475,2.2745614378861982,0.0,0.0,0.0,0.09098245751544794,0.0,90.98245751544792,-28.204561829788858,18.196491503089586,0.6498746965389137,253.84105646809974,-0.06823684313658596,4.5491228757723965,1.8196491503089587,-0.4549122875738439,-253.84105646809974,27.294737254634377,-0.09098245751544794,13.744741784159052,131.8035084969104,0.022745614378861984,0.6498746965389138,-41.234225352477154,-56.28005901427372,-1.8196491503089587,-300.0,-0.09098245751544794,0.022745614378861984,-253.84105646809974,9.098245751544793,0.09098245751544794,0.09098245751544794,-385.99501132978145,-41.69557107454238,0.0,-0.06823684313658596,27.294737254634377,0.09098245751544794,27.294737254634377,-45.49122875772396,-0.04549122875772397,-75.99211237930118,-151.71487613086197,-0.06823684313658596,-0.09098245751544794,-28.204561829788858,0.09098245751544794,9.098245751544793,-1.8196491503089587,142.52564792180172,142.52564792180172,-9.098245751544793,300.0,-142.52564792180172,18.196491503089586,0.1364736862731719,253.97965947026003,9.098245751544793,-214.69376027423516,131.8035084969104,-18.196491503089586,0.04549122875772397,0.9098245751544793,95.4229679852812,280.0,-0.09098245751544794,-406.6571274315399,385.99501132978145,28.204561829788858,0.09098245751544794,56.28005901427372,22.62455947837313,131.8035084969104,-0.09098245751544794,-0.022745614378861984,-131.8035084969104,-0.09098245751544794,14.286611631477058,0.09098245751544794,-0.022745614378861984,-0.022745614378861984,-0.022745614378861984,36.39298300617917,45.49122875772396,0.9098245751544793,67.40662821175289,-0.022745614378861984,177.10119418640335,4.5491228757723965,-2.5941829399661325,0.09098245751544794,0.04549122875772397,0.04549122875772397,75.0,28.204561829788858,0.09098245751544794,-28.204561829788858,0.9098245751544793,0.09098245751544794,-67.40662821175289,0.09098245751544794,0.3639298300583391,0.4549122875738439,0.04549122875772397,0.022745614378861984,27.294737254634377,-0.09098245751544794,0.0,0.9098245751544793,-134.81325642350578,2.274561437886198,-9.098245751544793,18.196491503089586,4.5491228757723965,-0.09098245751544794,41.234225352477154,0.1364736862731719,-0.09098245751544794,-150.0,28.204561829788858,301.6748474576224,0.04549122875772397,5.188365879932263,-0.09098245751544794,-0.09098245751544794,-0.09098245751544794,0.04549122875772397,253.84105646809974,-18.196491503089586,0.09098245751544794,190.8459359705624,-0.022745614378861984,41.69557107454238,-190.8459359705624,13.647368627317187,151.71487613086197,-412.5499859798608,253.84105646809974,-0.06823684313658596,406.6571274315399,-280.0,0.09098245751544794,-0.022745614378861988,570.1436281680974,90.98245751544792,-0.04549122875772397,-0.09098245751544794,0.022745614378861984,172.5875720091708,0.0,-387.633726481971,0.0,-191.8117889760643,0.0,500.2186416407507,-140.0,0.0,-80.0,600.7773746188988,-325.0,-133.60857578295327,40.0,95.90589448803215,-300.3886873094494,0.0,70.0,-386.186074490564,-289.79246771997407,133.60857578295327,325.0,-289.79246771997407,-500.2186416407507,234.2479182054164,0.0,1496.5981,hplb
473,0.0,0.0,0.0,0.0,0.0,0.0,0.0,0.0,-0.13205002226687051,0.0,0.0,0.0,0.0,0.0,0.0,0.0,0.0,0.0,0.0,218.4808120115274,0.0,0.0,0.0,1000.0,0.0,0.0,0.0,0.0,0.0,-297.6515706284091,0.0,0.0,137.0816945079019,0.0,0.0,0.0,0.0,43.90849306179598,0.0,468.5147235502454,658.7156883784678,0.0,0.0,0.0,0.0,0.0,0.0,0.0,458.26398886427796,0.0,0.0,0.0,0.0,0.1452550244938493,0.0,0.0,0.0,0.0,0.0,0.0,14.778483804440398,0.0,0.0,-64.4445834917881,0.0,0.0,0.0,0.0,155.5727843634572,0.0,0.0,1.3205002226687053,0.0,0.0,0.0,0.0,0.0,0.0,0.0,0.0,0.0,0.0,0.0,0.0,79.23001336012231,0.0,0.0,0.0,-73.43670354920562,0.19807503340030577,-0.03301250556671763,0.0,0.0,-717.9162572367329,39.61500668006116,0.0,39.61500668006116,0.0,0.0,0.0,0.0,6.602501113343526,-1000.0,0.0,0.0,0.0,0.0,0.0,0.0,0.0,0.0,0.0,0.0,0.0,0.0,0.0,0.0,0.0,0.0,0.0,0.0,0.0,0.0,0.0,-448.21625553548307,0.0,0.0,39.61500668006116,0.0,40.935506902729855,12.870372945127201,0.0,0.0,0.0,0.0,0.0,-12.23890668088319,-390.62499999999864,390.62499999999864,-66.9841606153453,0.0,0.0,0.0,0.0,0.0,10.167851714548988,0.13205002226687051,0.0,0.0,0.0,790.5922813001225,-790.5922813001225,0.0,0.0,0.0,0.0,784.7683685689257,0.0,0.0,0.0,0.0,0.0,134.24129780849628,134.24129780849628,0.0,0.0,0.0,0.0,0.0,0.0,0.0,134.37334783076315,0.0,0.0,0.0,-503.24191325736155,0.0,0.0,0.0,0.0,0.0,0.0,0.0,0.0,0.0,0.0,-93.44254272687681,0.0,0.0,0.0,0.0,-1000.0,0.0,0.0,0.0,0.0,0.0,0.0,0.0,239.78317685275056,-239.78317685275056,52.122412610603256,0.0,0.0,0.0,0.0,0.0,0.0,702.3484293715909,-717.9162572367329,0.0,0.0,0.0,0.0,0.0,0.0,0.0,0.0,0.0,0.0,0.0,0.0,0.0,0.0,-47.179991093251786,-160.61241823586886,0.0,0.0,0.0,27.10065468562523,-52.122412610603256,0.0,0.0,0.0,0.0,14.778483804440398,-160.61241823586886,0.0,0.0,538.9663624326732,0.0,0.0,0.0,0.0,0.0,486.9206233459103,26.410004453374103,0.0,0.0,0.0,-313.2198804019562,698.0471657170285,0.0,160.61241823586886,0.0,0.0,79.22306729622849,-459.05381483338454,0.0,0.0,0.0,-390.89034519533436,0.0,0.0,-1000.0,0.0,1000.0,-999.9999999999999,0.0,1000.0,166.34647330354494,0.0,0.0,0.0,0.0,394.1603080148231,0.0,0.0,0.0,0.0,0.0,0.0,0.0,134.10924778622942,0.0,27.10065468562523,0.0,0.0,0.0,0.0,14.778483804440398,-0.19807503340030577,0.0,0.0,0.0,0.0,0.13205002226687051,0.0,0.0,0.0,473.46436997402856,0.0,0.0,-587.3398202839232,580.6379366176109,0.0,547.6400448262779,0.0,1000.0,0.0,0.0,0.0,0.0,0.0,-11.369506917177842,-155.5727843634572,-833.0577087193649,-1000.0,-1000.0,0.0,0.0,0.0,0.0,0.0,0.0,0.0,0.0,0.0,0.0,0.0,0.0,0.0,0.0,0.0,0.0,538.9663624326732,-955.563306849137,0.0,-1000.0,0.0,0.0,482.6686126289168,0.0,0.0,0.0,-497.0884750604593,0.0,0.0,0.0,215.17864691050713,0.0,0.0,-182.62305516949004,0.0,0.0,0.0,0.0,0.0,0.0,440.0737068265166,182.62305516949004,-6.602501113343526,724.9999306668843,-3.301250556671763,-6.602501113343526,-891.1167330530155,0.0,0.0,-944.7282557129982,613.6425646691252,39.61500668006116,0.0,0.0,0.0,0.0,0.0,0.0,0.0,0.0,0.0,0.0,228.5899955466259,0.0,0.0,0.0,0.0,0.0,702.3484293715909,0.0,0.0,-49.666099687347696,0.0,453.12500000000034,150.69065023225113,0.0,0.0,0.0,0.0,-86.79499777331294,0.26410004453373404,0.0,0.0,0.0,0.0,0.0,0.0,0.0,0.0,0.0,155.5727843634572,0.0,0.0,0.0,0.0,0.0,0.0,0.0,0.0,0.0,0.1452550244938493,0.1452550244938493,0.0,218.90380631804794,0.0,79.23001336012231,0.0,0.0,0.0,1000.0,0.0,0.0,0.0,0.0,0.0,804.7579203146544,-1000.0,0.0,0.0,0.0,0.0,0.0,150.69065023225113,0.0,0.0,0.0,0.0,0.0,0.0,0.0,149.4054185118277,-473.46436997402856,0.0,0.0,10.167851714548988,0.0,0.0,-717.9162572367329,-717.9162572367329,0.0,804.7579203146544,0.0,1000.0,-282.0370774586585,-828.1250000000005,828.1250000000005,0.0,0.0,0.0,0.0,0.0,0.0,0.0,0.0,0.0,0.0,0.0,0.0,0.0,0.0,79.23001336012231,79.22306729622849,79.22306729622849,0.0,0.0,0.0,0.0,0.0,0.0,0.0,0.0,0.0,0.0,1.3205002226687053,0.0,0.0,0.0,0.0,0.0,0.0,0.0,0.0,39.61500668006116,0.0,0.0,0.0,0.0,0.0,0.0,0.0,0.0,0.0,0.0,590.9931436057594,1000.0,0.0,39.61500668006116,39.61500668006116,1000.0,-1000.0,0.0,150.69065023225113,0.0,0.0,0.0,0.0,0.0,1000.0,702.3484293715909,690.1925411020793,0.13205002226687051,0.0,0.0,122.90942691178896,0.0,0.0,0.0,717.9162572367329,0.0,0.0,0.0,0.0,0.0,0.0,0.0,0.0,0.0,0.0,0.0,0.0,0.0,0.0,0.13205002226687051,0.0,0.0,0.0,0.0,0.0,0.0,0.0,0.0,0.0,-271.5842777209292,257.1644152893867,0.0,0.0,-44.43669315086299,-9.90375167001529,-6.602501113343526,0.0,0.0,421.87500000000006,421.87500000000006,-421.87500000000006,0.0,0.0,0.0,0.0,0.0,0.0,0.0,79.22306729622849,0.0,0.0,0.0,620.2450657824688,0.0,0.0,0.0,-0.13205002226687051,0.0,0.0,0.13205002226687051,0.0,0.13205002226687051,0.0,0.0,0.0,79.23001336012231,161.10102716558202,161.10102716558202,0.0,0.0,0.0,0.0,0.0,0.0,0.0,0.0,0.0,702.3484293715909,0.0,0.0,0.0,0.0,0.0,0.0,0.0,0.0,0.0,0.0,0.0,0.0,0.0,0.0,0.0,0.0,0.0,0.0,0.0,0.0,0.0,0.19807503340030577,0.0,0.0,0.0,-39.61500668006116,0.0,0.0,0.0,0.0,0.0,-218.90380631804794,6.602501113343526,0.0,0.0,0.0,0.0,0.0,476.06611151557325,0.0,0.0,453.12500000000034,0.0,0.0,0.0,0.0,0.0,79.22306729622849,0.0,0.0,820.9068611342392,218.90380631804794,0.0,298.5899955466259,0.0,0.0,250.56191417604316,0.0,-250.56191417604316,0.0,-620.1548419989665,0.0,6.602501113343526,1000.0,0.0,0.0,0.0,-49.666099687347696,640.6250000000002,-640.6250000000002,0.0,0.0,0.0,0.0,0.0,0.0,0.0,73.63503938684636,0.0,161.10102716558202,0.0,0.0,0.0,0.0,0.0,0.0,0.0,0.0,0.0,486.9206233459103,0.0,0.0,248.61506132809365,-278.4822112752462,-591.1635459876348,0.0,39.61500668006116,0.0,0.0,0.0,0.0,374.6993450138635,0.0,0.0,0.1452550244938493,0.0,0.0,0.0,80.55051358279101,0.0,0.0,0.0,0.0,-47.179991093251786,0.0,0.0,0.0,0.0,0.0,0.0,0.0,0.0,-1000.0,0.0,0.013205002226687412,0.013205002226687412,0.0,0.0,0.0,0.0,0.0,0.0,0.0,0.0,0.0,122.90942691178896,0.0,0.0,0.0,0.0,0.0,218.90380631804794,0.0,0.0,0.0,0.0,0.0,0.0,0.0,0.0,0.0,0.0,0.0,0.0,676.7448008758054,0.0,0.0,0.0,0.0,0.0,79.23001336012231,0.0,0.0,0.0,0.0,0.0,-79.23001336012231,0.0,0.0,0.0,0.0,0.0,0.0,0.0,0.0,0.0,0.0,0.0,0.0,0.0,-690.1925411020793,-1000.0,90.4542652528063,0.0,-39.61500668006116,0.0,43.90849306179598,0.0,0.0,0.0,0.0,0.0,0.0,0.0,0.0,0.0,0.0,0.0,0.0,0.0,0.0,0.0,0.0,0.0,-16.506252783358832,79.22306729622849,-9.90375167001529,-9.90375167001529,0.0,0.0,0.0,0.0,0.0,0.0,-1.6506252783358817,49.666099687347696,0.0,0.0,0.0,0.0,0.0,0.0,0.0,1000.0,39.61500668006116,39.61500668006116,0.0,0.0,0.0,0.0,0.0,0.1452550244938493,218.90380631804794,0.0,0.0,-43.90849306179598,0.0,0.0,0.0,0.0,0.0,0.0,0.0,0.0,0.0,0.0,0.0,0.0,0.0,0.0,0.0,0.0,0.0,12.870372945127201,0.0,138.65252338021406,0.0,0.0,10.167851714548988,0.0,0.0,0.0,218.90380631804794,0.0,0.0,0.0,0.0,0.0,-16.506252783358832,0.0,0.0,0.0,0.0,0.0,0.0,0.0,0.0,0.0,0.0,0.0,0.0,0.0,0.0,0.0,0.0,0.0,0.0,-0.13205002226687051,0.0,0.0,6.602501113343526,-804.7579203146544,0.0,0.0,0.0,0.0,79.22306729622849,0.0,0.0,0.0,11.369506917177842,3.301250556671763,0.0,0.0,0.0,0.13205002226687051,0.0,132.0500222668705,-28.065133957602654,26.410004453374103,0.9432144447633608,394.1603080148231,-0.09903751670015289,6.602501113343526,2.6410004453374105,-0.6602501113338803,-394.1603080148231,39.61500668006116,-0.13205002226687051,0.0,150.69065023225113,0.03301250556671763,0.9432144447633608,0.0,-21.022363544886048,-2.6410004453374105,-218.4808120115274,-0.13205002226687051,0.03301250556671763,-394.1603080148231,13.205002226687052,0.13205002226687051,0.13205002226687051,-218.62650127128722,0.14525502449355793,-223.8766922812148,-0.09903751670015289,39.61500668006116,0.13205002226687051,39.61500668006116,-66.02501113343526,-0.06602501113343526,-560.8916762877109,38.78536036164934,-0.09903751670015289,-0.13205002226687051,-28.065133957602654,0.13205002226687051,13.205002226687052,-2.6410004453374105,0.0,0.0,-13.205002226687052,218.4808120115274,0.0,26.410004453374103,0.19807503340030577,-1000.0,13.205002226687052,-149.4054185118277,150.69065023225113,-26.410004453374103,0.06602501113343526,1.3205002226687053,146.8349550709808,245.31381077142206,-0.13205002226687051,-248.61506132809365,218.62650127128722,40.935506902729855,0.13205002226687051,21.022363544886048,-7.769376487993441,150.69065023225113,-0.13205002226687051,-0.03301250556671763,-150.69065023225113,-0.13205002226687051,-86.79499777331294,0.132050022266636,-0.03301250556671763,-0.03301250556671763,-0.03301250556671763,52.82000890674821,66.02501113343526,1.3205002226687053,97.83256024696861,-0.03301250556671763,293.6699101419616,6.602501113343526,50.0,0.13205002226687051,0.06602501113343526,0.06602501113343526,75.0,28.065133957602654,0.13205002226687051,-28.065133957602654,1.3205002226687053,0.13205002226687051,-97.83256024696861,0.13205002226687051,0.5282000890670133,0.6602501113338803,0.06602501113343526,0.03301250556671763,39.61500668006116,-0.13205002226687051,223.8766922812148,1.3205002226687053,-195.66512049393722,3.301250556671763,-13.205002226687052,26.410004453374103,6.602501113343526,-0.13205002226687051,0.0,0.19807503340030577,-0.13205002226687051,-150.0,28.065133957602654,-277.61669397949817,0.06602501113343526,-100.0,-0.13205002226687051,-0.132050022266636,-0.13205002226687051,0.06602501113343526,394.1603080148231,-26.410004453374103,0.13205002226687051,293.6699101419616,-0.03301250556671763,-0.14525502449355793,-293.6699101419616,19.807503340030575,-38.78536036164933,371.4218817582847,394.1603080148231,-0.09903751670015289,248.61506132809365,-245.31381077142206,0.13205002226687051,-0.03301250556671763,221.78114802385065,132.0500222668705,-0.06602501113343526,-0.13205002226687051,0.03301250556671763,0.0,0.0,833.3894266519213,0.0,-255.0,0.0,507.4393588405933,-140.0,0.0,-80.0,-255.0,-325.0,-166.54454833694524,40.0,127.5,127.5,0.0,70.0,-218.90380631804794,-97.0826510343653,166.54454833694524,325.0,-97.0826510343653,-507.4393588405933,251.00186655094984,0.0,1496.5981,hplb
474,0.0,0.0,0.0,0.0,0.0,0.0,0.0,0.0,-0.04255480140382931,0.0,0.0,0.0,0.0,0.0,0.0,0.0,-325.40217356626954,417.6723778805056,0.0,207.72979568576392,0.0,0.0,0.0,459.8672521888568,0.0,0.0,0.0,0.0,0.0,283.7236248835993,0.0,0.0,139.05953888897554,0.0,0.0,0.0,0.0,518.0357146495319,0.0,-1000.0,987.2335595788512,0.0,-614.1144785533313,0.0,0.0,0.0,0.0,0.0,427.5640701293389,-233.96668494114735,0.0,0.0,0.0,0.0468102815440371,0.0,0.0,0.0,0.0,0.0,0.0,217.01858863695895,0.0,606.240226190152,160.96007038534293,0.0,0.0,0.0,0.0,0.0,132.28873211962122,0.0,0.42554801403829307,0.0,0.0,0.0,0.0,0.0,0.0,0.0,73.27208902812356,0.0,0.0,0.0,0.0,25.532880842297583,0.0,0.0,-760.5458399975122,0.0,981.1965408872638,-0.010638700350957325,0.0,0.0,1000.0,12.766440421148792,0.0,12.766440421148792,-1.3702646052030332,0.0,0.0,0.0,2.1277400701914653,283.7236248835993,0.0,0.0,0.0,0.0,0.0,0.0,0.0,0.0,0.0,0.0,0.0,0.0,0.0,0.0,0.0,0.0,0.0,0.0,0.0,0.0,0.0,-538.7786839694223,0.0,0.0,12.766440421148792,0.0,13.191988435187083,13.191988435187083,0.0,0.0,0.0,0.0,0.0,0.0,0.0,0.0,-662.298744441768,0.0,0.0,0.0,0.0,0.0,3.27671970809487,0.04255480140382931,0.0,0.0,0.0,0.0,0.0,0.0,0.0,0.0,0.0,516.6759792039551,0.0,0.0,0.0,0.0,0.0,498.4215318038875,498.4215318038875,0.0,0.0,0.0,0.0,66.461235429179,0.0,0.0,498.4640866052913,0.0,0.0,0.0,-444.5333712336023,-443.31456291615837,0.0,0.0,0.0,0.0,0.0,0.0,0.0,0.0,0.0,-744.8844624107751,0.0,0.0,0.0,0.0,0.0,0.0,0.0,0.0,0.0,0.0,233.96668494114735,614.1144785533313,-958.3839434344428,958.3839434344428,0.0,0.0,0.0,0.0,0.0,0.0,0.0,0.0,-1000.0,0.0,0.0,0.0,0.0,0.0,0.0,0.0,0.0,0.0,0.0,0.0,0.0,0.0,0.0,-82.97807943846828,-1000.0,0.0,0.0,0.0,530.0100123221468,165.70196505821323,0.0,0.0,0.0,0.0,217.01858863695895,-1000.0,0.0,0.0,0.0,0.0,0.0,0.0,0.0,0.0,0.0,8.510960280765861,0.0,0.0,655.7305351188885,1000.0,-677.2512347492848,0.0,1000.0,0.0,0.0,662.298744441768,-389.2216375531931,0.0,0.0,0.0,-108.07172041149818,0.0,0.0,-681.8945466269305,296.8749999999881,296.8749999999881,-978.7695466269187,0.0,0.0,-958.3839434344428,0.0,0.0,233.96668494114735,0.0,-20.590092271155186,0.0,0.0,0.0,-280.63476981337016,0.0,280.63476981337016,0.0,498.3789770024837,132.28873211962122,530.0100123221468,-840.043439260726,0.0,0.0,0.0,217.01858863695895,-0.06383220210574395,0.0,0.0,0.0,0.0,0.04255480140382931,0.0,0.0,0.0,-178.46840547936205,-325.40217356626954,0.0,-829.499015411983,130.23056917096167,443.31456291615837,1000.0,0.0,60.96400849112569,0.0,0.0,0.0,0.0,0.0,-3.6639684008695275,0.0,-57.30004009025616,-1000.0,-1000.0,0.0,0.0,0.0,0.0,0.0,0.0,0.0,0.0,0.0,0.0,0.0,0.0,0.0,0.0,0.0,0.0,0.0,-225.4425726768294,0.0,-1000.0,0.0,256.35149346802353,0.0,0.0,0.0,0.0,-3.27671970809487,0.0,0.0,0.0,0.0,0.0,0.0,0.0,0.0,998.9361299649042,0.0,0.0,-790.1634087777475,0.0,0.0,0.0,-2.1277400701914653,0.0,-1000.0,788.0356687075559,0.0,0.0,-203.4533710116781,0.0,-529.7285210130439,12.766440421148792,0.0,0.0,0.0,0.0,0.0,0.0,0.0,0.0,0.0,0.0,246.48903971923414,0.0,0.0,0.0,0.0,0.0,0.0,0.0,0.0,-228.2615671678501,0.0,0.0,0.0,0.0,0.0,0.0,0.0,-95.74451985961707,0.08510960280767192,0.0,0.0,0.0,0.0,0.0,0.0,0.0,0.0,0.0,0.0,0.0,0.0,0.0,0.0,0.0,0.0,0.0,0.0,0.0,0.0468102815440371,0.0468102815440371,0.0,271.48903971923414,0.0,25.532880842297583,0.0,0.0,0.0,1000.0,0.0,0.0,0.0,0.0,0.0,697.2688807642747,-1000.0,0.0,0.0,927.7933602518818,0.0,0.0,0.0,0.0,0.0,0.0,0.0,0.0,0.0,0.0,179.5928946564741,178.46840547936205,0.0,0.0,3.27671970809487,0.0,278.581330045995,721.418669954005,555.7167048957918,0.0,697.2688807642747,0.0,0.0,601.5243609046577,1000.0,-1000.0,0.0,0.0,0.0,0.0,0.0,0.0,0.0,0.0,0.0,0.0,0.0,0.0,0.0,0.0,25.532880842297583,662.298744441768,662.298744441768,0.0,0.0,0.0,0.0,0.0,0.0,0.0,0.0,0.0,0.0,0.42554801403829307,0.0,0.0,0.0,0.0,0.0,614.1144785533313,0.0,0.0,12.766440421148792,-927.7933602518818,0.0,0.0,0.0,0.0,0.0,0.0,0.0,0.0,0.0,83.4971646596202,0.0,0.0,12.766440421148792,12.766440421148792,962.6110309474118,-1000.0,0.0,0.0,0.0,0.0,0.0,0.0,0.0,-283.7236248835993,0.0,58.84671548659412,0.04255480140382931,0.0,0.0,0.0,3.431740770351663,0.0,0.0,-1000.0,0.0,-132.28873211962122,0.0,0.0,0.0,0.0,0.0,0.0,0.0,0.0,0.0,0.0,0.0,0.0,0.04255480140382931,0.0,0.0,0.0,0.0,0.0,0.0,0.0,0.0,256.35149346802353,0.0,169.94184063592184,0.0,-173.2185603440168,-774.5574273231706,-3.191610105287198,-0.44468406764650625,-1.683056002544963,0.0,0.0,0.0,0.0,0.0,0.0,0.0,0.0,0.0,0.0,0.0,662.298744441768,443.31456291615837,0.0,0.0,-731.0541519545305,0.0,0.0,0.0,-0.04255480140382931,0.0,0.0,0.04255480140382931,0.0,0.04255480140382931,0.0,0.0,0.0,25.532880842297583,51.91685771267175,51.91685771267175,0.0,0.0,0.0,0.0,0.0,0.0,0.0,0.0,0.0,0.0,0.0,0.0,0.0,0.0,0.0,0.0,0.0,0.0,0.0,0.0,0.0,0.0,0.0,0.0,0.0,0.0,0.0,165.70196505821323,0.0,0.0,0.0,0.06383220210574395,0.0,0.0,0.0,-12.766440421148792,0.0,0.0,0.0,0.0,0.0,-271.48903971923414,2.1277400701914653,0.0,0.0,0.0,0.0,-66.461235429179,737.693620998044,-1.683056002544963,0.0,0.0,0.0,0.0,0.0,0.0,0.0,662.298744441768,0.0,927.7933602518818,447.8052119235537,271.48903971923414,0.0,-32.06961887710954,0.0,0.0,734.4169012899491,173.2185603440168,-907.6354616339659,0.0,-441.13849526586483,0.0,2.1277400701914715,1000.0,0.0,486.7874856516818,0.0,-228.2615671678501,0.0,0.0,0.0,0.0,0.0,0.0,0.0,0.0,0.0,738.5012422002007,0.0,51.91685771267175,0.0,0.0,0.0,0.0,0.0,0.0,0.0,0.0,0.0,0.0,0.0,0.0,281.0638700350957,-3.431740770351663,0.0,-614.1144785533313,12.766440421148792,0.0,0.0,0.0,0.0,161.56145651609648,0.0,0.0,0.0468102815440371,0.0,0.0,0.0,25.958428856335875,0.0,0.0,0.0,0.0,-82.97807943846828,0.0,0.0,0.0,0.0,0.0,0.0,0.0,0.0,0.0,0.0,0.004255480140382931,0.004255480140382931,0.0,0.0,0.0,0.0,0.0,0.0,0.0,0.0,0.0,0.0,0.0,0.0,0.0,0.0,0.0,271.48903971923414,0.0,0.0,0.0,0.0,0.0,0.0,0.0,233.96668494114735,0.0,0.0,0.0,0.0,598.6039972358951,0.0,417.6723778805056,0.0,0.0,0.0,25.532880842297583,0.0,0.0,0.0,0.0,0.0,0.0,-25.532880842297583,0.0,0.0,0.0,0.0,0.0,0.0,0.0,0.0,0.0,0.0,0.0,0.0,-353.85673313177915,-1000.0,29.150038961623068,0.0,-12.766440421148792,0.0,774.3872081175555,0.0,0.0,0.0,0.0,0.0,0.0,0.0,0.0,0.0,0.0,0.0,0.0,0.0,0.0,0.0,0.0,0.0,-5.319350175478667,662.298744441768,-3.191610105287198,-3.1916101052871966,0.0,0.0,0.0,0.0,0.0,0.0,-0.5319350175478663,228.2615671678501,0.0,0.0,0.0,0.0,0.0,0.0,0.0,704.989982354815,12.766440421148792,12.766440421148792,0.0,0.0,0.0,0.0,73.27208902812356,0.0468102815440371,271.48903971923414,0.0,0.0,-774.3872081175555,0.0,0.0,0.0,0.0,0.0,0.0,0.0,0.0,0.0,0.0,0.0,0.0,0.0,0.0,0.0,0.0,0.0,13.191988435187083,0.0,44.68254147402077,3.27671970809487,0.0,0.0,0.0,0.0,0.0,271.48903971923414,0.0,-739.5085696708936,0.0,0.0,0.0,-5.319350175478667,0.0,0.0,0.0,0.0,0.0,0.0,0.0,0.0,0.0,0.0,0.0,0.0,0.0,0.0,0.0,0.0,0.0,0.0,-0.04255480140382931,0.0,0.0,2.1277400701914653,-697.2688807642747,0.0,0.0,0.0,0.0,662.298744441768,0.0,0.0,0.0,3.6639684008695275,1.0638700350957326,0.0,0.0,0.0,0.04255480140382931,0.0,42.5548014038293,0.0,8.510960280765861,0.3039628671702093,145.1118727870579,-0.03191610105287197,2.1277400701914653,0.8510960280765861,-0.21277400701899296,-145.1118727870579,12.766440421148792,-0.04255480140382931,0.0,0.0,0.010638700350957327,0.3039628671702093,0.0,-6.774724383489461,-0.8510960280765861,-300.0,-0.04255480140382931,0.010638700350957327,-145.1118727870579,4.2554801403829305,0.04255480140382931,0.04255480140382931,-271.3996746362863,0.04681028154421224,-234.80405874859264,-0.03191610105287197,12.766440421148792,0.04255480140382931,12.766440421148792,-21.27740070191465,-0.021277400701914653,-281.87192045536244,-170.0,-0.03191610105287197,-0.04255480140382931,0.0,0.04255480140382931,4.2554801403829305,-0.8510960280765861,165.70196505821323,165.70196505821323,-4.2554801403829305,300.0,-165.70196505821323,8.510960280765861,0.06383220210574395,-1000.0,4.2554801403829305,-179.5928946564741,0.0,-8.510960280765861,0.02127740070191465,0.42554801403829307,207.37475385299575,280.0,-0.04255480140382931,-281.0638700350957,271.3996746362863,13.191988435187083,0.04255480140382923,6.774724383489461,-51.065761684595344,0.0,-0.04255480140382931,-0.010638700350957327,0.0,-0.04255480140382931,-95.74451985961707,0.042554801403866804,-0.010638700350957325,-0.010638700350957325,-0.010638700350957325,17.021920561531722,21.27740070191465,0.42554801403829307,31.527788490060757,-0.010638700350957327,414.7495077059915,2.1277400701914653,50.0,0.04255480140382931,0.02127740070191465,0.021277400701914653,-326.8938920805011,0.0,0.04255480140382931,0.0,0.42554801403829307,0.04255480140382931,-31.527788490060757,0.04255480140382931,0.17021920561512616,0.21277400701899296,0.021277400701914653,0.010638700350957327,12.766440421148792,-0.04255480140382931,234.80405874859264,0.42554801403829307,-63.055576980121515,1.0638700350957326,-4.2554801403829305,8.510960280765861,2.1277400701914653,-0.04255480140382931,0.0,0.06383220210574395,-0.04255480140382931,653.7877841610022,0.0,-57.93604107401178,0.021277400701914653,-100.0,-0.04255480140382931,-0.042554801403866804,-0.04255480140382931,0.021277400701914653,145.1118727870579,-8.510960280765861,0.04255480140382931,414.7495077059915,-0.010638700350957325,-0.04681028154421224,-414.7495077059915,6.383220210574394,170.0,569.8711251687432,145.1118727870579,-0.03191610105287197,281.0638700350957,-280.0,0.04255480140382931,-0.010638700350957327,2.1277400701914715,42.5548014038293,-0.02127740070191465,-0.04255480140382923,0.010638700350957327,1000.0,0.0,977.166125146477,0.0,-255.0,0.0,-66.33257324268465,-140.0,0.0,75.63533658899325,-255.0,23.55865859634368,-22.81259745282107,-37.81766829449663,127.5,127.5,0.0,70.0,-271.48903971923414,-103.6254154420847,22.81259745282107,-23.55865859634368,-103.6254154420847,66.33257324268465,-9.761145849236115,0.0,1496.5981,hplb
475,0.0,0.0,0.0,0.0,0.0,0.0,0.0,0.0,511.1996403866657,0.0,0.0,0.0,0.0,0.0,0.0,0.0,0.0,417.60633671177106,0.0,-304.18379860676635,0.0,0.0,0.0,0.0,0.0,258.8277729738099,0.0,0.0,0.0,-1000.0,0.0,0.0,138.3795355258751,0.0,0.0,0.0,0.0,0.0,0.0,-1000.0,1000.0,0.0,0.0,-626.2636932034089,0.0,0.0,0.0,0.0,1000.0,0.0,0.0,0.0,0.0,0.08065660278436657,0.0,0.0,0.0,0.0,0.0,0.0,-172.88075410433123,0.0,-827.1192458956688,-1000.0,0.0,0.0,0.0,0.0,694.1578254881344,-694.1578254881344,0.0,0.7332418434954988,0.0,0.0,0.0,0.0,0.0,0.0,0.0,0.0,0.0,0.0,0.0,0.0,43.99451060972993,0.0,166.42333760261434,-149.94500686173782,150.05499313826218,0.0,-0.01833104608738747,0.0,0.0,-382.9133519090316,21.997255304864964,0.0,21.997255304864964,-2.3610387360546383,0.0,0.0,0.0,3.6662092174774936,-1000.0,0.0,0.0,0.0,0.0,567.4296972842961,0.0,0.0,0.0,0.0,0.0,0.0,0.0,0.0,0.0,0.0,0.0,0.0,0.0,0.0,0.0,0.0,-512.2550343322443,0.0,0.0,21.997255304864964,0.0,22.730497148360463,1.3826527172350254,0.0,0.0,-198.26322256676337,198.26322256676337,-198.26322256676337,-825.2064766887911,0.0,0.0,825.2064766887911,0.0,0.0,0.0,0.0,0.0,172.06929979752968,0.07332418434954986,0.0,0.0,0.0,-689.66483686991,0.0,0.0,0.0,0.0,0.0,274.5909449662989,0.0,0.0,0.0,0.0,0.0,553.5908323865896,553.5908323865896,0.0,0.0,0.0,0.0,1.5663108293336006,0.0,0.0,553.6641565709391,0.0,0.0,0.0,939.2457336977824,0.0,0.0,0.0,0.0,0.0,0.0,0.0,0.0,0.0,0.0,-10.480470083029616,0.0,0.0,0.0,0.0,-1000.0,0.0,0.0,0.0,0.0,0.0,0.0,0.0,149.94500686173782,-149.94500686173782,0.0,0.0,0.0,0.0,0.0,0.0,0.0,0.0,-9.165523043693737,0.0,0.0,0.0,0.0,0.0,0.0,0.0,0.0,0.0,0.0,0.0,0.0,0.0,0.0,618.9945106097299,0.0,0.0,0.0,0.0,0.0,0.0,0.0,0.0,0.0,0.0,-172.88075410433123,626.2636932034089,0.0,0.0,0.0,0.0,0.0,0.0,0.0,0.0,0.0,14.664836869909974,0.0,0.0,-0.1099862765243248,0.0,1000.0,0.0,0.0,0.0,0.0,0.0,1000.0,0.0,0.0,0.0,-90.60152451400222,0.0,0.0,-991.7994005998685,-991.7994005998685,0.0,0.0,0.0,991.7994005998685,300.0,0.0,-586.6874481715196,0.0,0.0,207.33977976971423,0.0,0.0,0.0,643.3307402476021,0.0,-643.3307402476021,0.0,138.95324708351322,0.0,0.0,375.31413969467144,0.0,0.0,0.0,-172.88075410433123,-0.1099862765243248,0.0,0.0,0.0,0.0,0.07332418434954986,0.0,0.0,0.0,978.002744695135,0.0,0.0,-365.3733779439511,108.48536377322542,0.0,940.9552968686417,0.0,0.0,0.0,0.0,0.0,0.0,0.0,-6.313212272496105,0.0,6.313212272496105,189.17400891588568,758.9896852428808,0.0,0.0,0.0,0.0,0.0,0.0,0.0,0.0,0.0,0.0,0.0,0.0,0.0,0.0,0.0,0.0,0.0,-999.7067032626016,0.0,-1000.0,0.0,0.0,0.0,0.0,0.0,0.0,-172.06929979752968,0.0,0.0,0.0,0.0,0.0,0.0,0.0,-954.1009605794345,608.2307596061928,-694.1578254881344,-328.508670142362,-1000.0,-105.04422649916502,0.0,0.0,950.4347513619571,185.05512256996587,-610.0638642149315,996.3337907825226,0.0,0.0,60.98073227540045,1000.0,-108.64145210260787,21.997255304864964,0.0,0.0,0.0,864.4636969118177,0.0,511.2729645710152,0.0,0.0,0.0,0.0,-956.7764751725151,0.0,0.0,-84.70575168911625,0.0,0.0,0.0,0.0,0.0,-12.914833003433785,0.0,484.3749999999987,81.04195843622334,0.0,0.0,0.0,0.0,-92.66758156504501,0.14664836869928877,0.0,0.0,0.0,0.0,0.0,0.0,0.0,0.0,0.0,0.0,0.0,0.0,0.0,0.0,0.0,0.0,0.0,0.0,0.0,0.08065660278436657,0.08065660278436657,0.0,205.15132441190786,0.0,43.99451060972993,0.0,0.0,0.0,1000.0,0.0,0.0,166.42333760261434,0.0,0.0,-410.85023107704046,-1000.0,0.0,0.0,0.0,0.0,0.0,81.04195843622334,0.0,0.0,0.0,0.0,0.0,0.0,0.0,170.75167811074812,-978.002744695135,689.66483686991,0.0,172.06929979752968,0.0,-382.9133519090316,0.0,0.0,0.0,-410.85023107704046,0.0,-236.66970392871718,-266.8481087133683,0.0,0.0,0.0,0.0,0.0,0.0,0.0,0.0,0.0,0.0,0.0,0.0,0.0,0.0,0.0,0.0,43.99451060972993,0.0,0.0,0.0,0.0,0.0,0.0,0.0,0.0,0.0,0.0,0.0,0.0,0.7332418434954988,0.0,0.0,166.42333760261434,-166.42333760261434,0.0,0.0,0.0,0.0,21.997255304864964,0.0,0.0,0.0,0.0,0.0,0.0,0.0,0.0,0.0,0.0,993.4358609580514,-879.9877883297889,0.0,21.997255304864964,21.997255304864964,1000.0,-1000.0,0.0,81.04195843622334,0.0,0.0,0.0,0.0,0.0,610.3690617835393,0.0,701.8871386019109,0.07332418434954986,0.0,0.0,-892.2744775499276,983.5789269980467,0.0,0.0,382.9133519090316,0.0,0.0,0.0,0.0,0.0,0.0,0.0,0.0,0.0,0.0,0.0,0.0,0.0,0.0,0.07332418434954986,0.0,0.0,0.0,0.0,0.0,0.0,0.0,0.0,0.0,0.0,-172.06929979752968,0.0,0.0,-0.29329673739835016,-5.49931382621624,0.0,-3.6662092174774967,0.0,0.0,0.0,0.0,0.0,0.0,0.0,0.0,0.0,0.0,0.0,0.0,0.0,0.0,0.0,-43.99451060972993,0.0,0.0,0.0,511.1996403866657,0.0,0.0,0.07332418434954986,0.0,0.07332418434954986,0.0,0.0,0.0,43.99451060972993,89.45550490645087,89.45550490645087,0.0,0.0,0.0,0.0,0.0,0.0,0.0,689.66483686991,0.0,0.0,0.0,0.0,0.0,0.0,0.0,0.0,0.0,0.0,0.0,0.0,0.0,0.0,0.0,0.0,0.0,0.0,0.0,0.0,0.0,-258.8277729738099,258.8277729738099,0.1099862765243248,0.0,0.0,0.0,-21.997255304864964,0.0,0.0,0.0,0.0,0.0,-205.15132441190786,3.6662092174774936,0.0,0.0,0.0,0.0,-1.5663108293336006,0.0,-3.6662092174774967,0.0,484.3749999999987,0.0,0.0,0.0,0.0,0.0,0.0,0.0,0.0,324.57490754959014,205.15132441190786,0.0,1000.0,0.0,0.0,-172.06929979752968,0.0,172.06929979752968,0.0,910.5444950935491,0.0,3.6662092174774967,1000.0,0.0,0.0,0.0,-345.76150820866246,0.0,0.0,0.0,0.0,0.0,0.0,0.0,0.0,0.0,0.0,-0.5181575694032006,89.45550490645087,0.0,0.0,0.0,0.0,0.0,0.0,0.0,0.0,0.0,0.0,0.0,0.0,221.13110832115373,-91.30444944811904,0.0,0.0,21.997255304864964,166.42333760261434,0.0,0.0,0.0,-49.613687657406615,0.0,0.0,0.08065660278436657,0.0,0.0,0.0,44.72775245322543,0.0,0.0,0.0,0.0,618.9945106097299,0.0,0.0,0.0,0.0,0.0,0.0,0.0,0.0,130.08487648510427,0.0,0.007332418434955197,0.007332418434955197,0.0,0.0,0.0,0.0,0.0,0.0,0.0,0.0,0.0,-892.2744775499276,0.0,0.0,0.0,0.0,0.0,205.15132441190786,0.0,0.0,0.0,0.0,0.0,0.0,0.0,0.0,0.0,0.0,0.0,332.8466752052287,0.0,109.12875322171408,417.60633671177106,0.0,0.0,0.0,43.99451060972993,0.0,0.0,0.0,0.0,0.0,0.0,-43.99451060972993,0.0,332.8466752052287,0.0,0.0,0.0,0.0,0.0,0.0,0.0,0.0,0.0,0.0,1000.0,-200.45692930057498,50.22706627944167,-379.9909884011771,357.99373309631216,0.0,0.0,0.0,0.0,0.0,0.0,0.0,0.0,0.0,0.0,0.0,632.8125,0.0,-632.8125,-632.8125,0.0,0.0,0.0,0.0,-9.165523043693737,0.0,-5.49931382621624,-4.981156256813371,0.0,0.0,0.0,0.0,0.0,0.0,-0.9165523043693735,12.914833003433785,0.0,0.0,0.0,0.0,0.0,0.0,0.0,942.8974533590301,21.997255304864964,21.997255304864964,0.0,0.0,0.0,0.0,0.0,0.08065660278436657,205.15132441190786,0.0,0.0,0.0,0.0,0.0,0.0,0.0,0.0,0.0,0.0,0.0,0.0,0.0,0.0,0.0,0.0,0.0,0.0,0.0,0.0,1.3826527172350254,0.0,76.99039356702738,0.0,0.0,172.06929979752968,0.0,0.0,0.0,205.15132441190786,0.0,-2.3610387360546383,0.0,0.0,0.0,-9.165523043693737,0.0,0.0,0.0,0.0,0.0,0.0,0.0,0.0,0.0,0.0,0.0,0.0,0.0,0.0,0.0,0.0,0.0,0.0,-0.07332418434954986,0.0,0.0,3.6662092174774936,410.85023107704046,0.0,0.0,0.0,0.0,0.0,0.0,0.0,0.0,6.313212272496105,1.8331046087387468,0.0,0.0,258.8277729738099,0.07332418434954986,0.0,73.32418434954987,-21.347844431125438,14.664836869909976,0.5237441739253562,207.33977976971423,-0.0549931382621624,3.6662092174774052,1.4664836869909976,-0.36662092174790006,-207.33977976971423,21.997255304864964,-0.07332418434954988,0.0,81.04195843622334,0.01833104608738747,0.5237441739253562,0.0,-178.09654775106182,-1.4664836869909976,-113.42253810500472,-0.07332418434954988,0.01833104608738747,-207.33977976971423,373.98477320620884,0.07332418434954988,0.07332418434954986,-204.99734362477395,-166.34268099982984,-231.0471170909201,-0.0549931382621624,21.997255304864964,0.07332418434954988,21.997255304864893,-36.66209217477494,-0.03666209217477494,-43.54382787537878,-7.4057426193045375,-0.0549931382621624,-0.07332418434954988,-21.347844431125438,0.07332418434954986,7.332418434954987,-1.4664836869909976,0.0,0.0,-7.332418434954991,113.42253810500472,0.0,14.664836869909974,0.1099862765243248,-1000.0,7.332418434954987,-170.75167811074812,81.04195843622334,-14.664836869909974,0.03666209217477494,0.7332418434954988,91.34334448598777,219.81616128181784,-0.07332418434954986,-221.64926589055693,204.99734362477395,22.730497148360463,0.07332418434954988,178.09654775106182,-373.5994175544902,81.04195843622334,-0.07332418434954986,-0.01833104608738747,-81.04195843622334,-0.07332418434954988,-92.66758156504501,0.07332418434954988,-0.01833104608738747,-0.01833104608738747,-0.01833104608738747,29.32967373981995,36.66209217477494,0.7332418434954988,54.32405507997315,-0.01833104608738747,182.68668897197554,3.6662092174774936,50.0,0.07332418434954986,0.03666209217477494,0.03666209217477494,47.85339765306666,21.347844431125438,0.07332418434954986,-21.347844431125438,0.7332418434954988,0.07332418434954988,-54.32405507997315,0.07332418434954988,0.29329673739835016,0.36662092174790006,0.03666209217477494,0.01833104608738747,21.997255304864964,-0.07332418434954988,231.0471170909201,0.7332418434954988,-108.6481101599463,1.8331046087388359,-7.332418434954987,14.664836869909974,3.6662092174774936,-0.07332418434954988,0.0,0.1099862765243248,-0.07332418434954988,-95.70679530613332,21.347844431125438,286.0323403481243,0.03666209217477494,-100.0,-0.07332418434954988,-0.07332418434954988,-0.07332418434954988,0.03666209217477494,207.33977976971423,-14.664836869909974,0.07332418434954986,182.68668897197554,-0.01833104608738747,166.34268099982984,-182.68668897197554,10.99862765243248,7.4057426193045375,356.9167252490688,207.33977976971423,-0.0549931382621624,221.64926589055693,-219.81616128181784,0.07332418434954988,-0.01833104608738747,3.6662092174774967,73.32418434954987,-0.03666209217477494,-0.07332418434954988,0.01833104608738747,205.58961297847327,0.0,699.9633379078252,0.0,-255.0,0.0,351.6758156504502,-140.0,366.65235477125384,-80.0,77.64794139078742,-325.0,-300.0,40.0,127.5,-38.82397069539371,-366.65235477125384,70.0,-205.15132441190786,-236.4186526907177,300.0,325.0,-236.4186526907177,-351.6758156504502,358.9714073849927,0.0,1496.5981,hplb
476,0.0,0.0,0.0,0.0,0.0,0.0,0.0,0.0,483.1559802533207,0.0,0.0,0.0,0.0,0.0,0.0,0.0,-173.1964048611273,355.3844631729486,0.0,0.0,0.0,0.0,0.0,1000.0,0.0,657.0385154436551,0.0,0.0,0.0,173.1964048611273,0.0,0.0,128.1815349698254,0.0,0.0,0.0,0.0,721.4648058713096,0.0,-1000.0,-73.44333881210565,0.0,0.0,0.0,0.0,0.0,895.2353141917763,0.0,0.0,0.0,0.0,0.0,0.0,0.08792218642429361,0.0,0.0,0.0,0.0,0.0,0.0,-104.48296951222802,0.0,-895.517030487772,-1000.0,0.0,0.0,0.0,0.0,372.57721280756334,-372.57721280756334,0.0,0.7992926038587835,0.0,0.0,0.0,0.0,0.0,0.0,0.0,0.0,0.0,0.0,-184.98219615690977,0.0,47.95755623152701,0.0,97.4438659809122,387.58667111033833,-1000.0,723.7656459073914,-0.01998231509646959,0.0,0.0,0.0,23.978778115763504,0.0,23.978778115763504,0.0,0.0,0.0,0.0,3.9964630192939175,173.1964048611273,0.0,0.0,-10.052028375646842,0.0,130.4341553148682,0.0,0.0,0.0,0.0,0.0,0.0,0.0,0.0,0.0,0.0,0.0,0.0,0.0,0.0,0.0,0.0,-1000.0,0.0,0.0,23.978778115763504,0.0,24.77807071962228,24.77807071962228,0.0,0.0,0.0,0.0,0.0,-358.21706883749397,0.0,0.0,358.21706883749397,0.0,0.0,0.0,0.0,0.0,288.58061518753436,0.07992926038587835,0.0,0.0,0.0,0.0,-690.9858520771757,0.0,0.0,184.98219615690977,0.0,214.99282465294584,0.0,0.0,0.0,0.0,0.0,-602.8237869886539,-602.8237869886539,0.0,0.0,0.0,0.0,-1000.0,0.0,0.0,-602.743857728268,0.0,0.0,0.0,189.9285692088481,0.0,0.0,0.0,0.0,0.0,0.0,0.0,0.0,0.0,0.0,-920.4452798304651,0.0,0.0,0.0,0.0,-1000.0,0.0,0.0,0.0,0.0,0.0,0.0,0.0,276.23435409260856,-276.23435409260856,0.0,0.0,0.0,0.0,0.0,0.0,0.0,0.0,-9.991157548234796,0.0,0.0,0.0,0.0,0.0,0.0,0.0,0.0,0.0,0.0,0.0,0.0,0.0,0.0,622.957556231527,0.0,0.0,0.0,0.0,0.0,0.0,0.0,0.0,0.0,0.0,-104.48296951222802,0.0,0.0,0.0,0.0,0.0,0.0,0.0,0.0,0.0,2.573722184424696,15.98585207717567,0.0,0.0,550.4493471556852,-725.7850069369233,663.8210252029469,0.0,0.0,0.0,0.0,0.0,-37.1116095284149,0.0,0.0,0.0,-56.77747028301265,0.0,0.0,-1000.0,0.0,0.0,-999.9999999999999,0.0,0.0,-723.7656459073914,0.0,244.0321461552188,0.0,0.0,272.5587779158451,0.0,0.0,0.0,-6.073777062945311,0.0,6.073777062945311,0.0,0.0,0.0,0.0,-70.38584205287486,0.0,0.0,0.0,-104.48296951222802,-0.11989389057881754,0.0,0.0,0.0,0.0,0.07992926038587835,0.0,0.0,0.0,973.4474996998118,-173.1964048611273,0.0,-299.7327548427849,1000.0,0.0,-183.47870861916647,0.0,1000.0,0.0,-10.052028375646842,0.0,0.0,0.0,32.926799856899336,-1000.0,-32.926799856899336,-1000.0,-904.7148518095534,0.0,0.0,0.0,0.0,0.0,0.0,0.0,0.0,0.0,0.0,0.0,0.0,0.0,0.0,0.0,0.0,0.0,0.0,0.0,-1000.0,184.98219615690977,278.2154770871475,0.0,0.0,451.54641654882425,0.0,-291.15433737195906,0.0,0.0,0.0,0.0,0.0,627.4227871924367,0.0,-3.9964630192939175,0.0,0.0,0.0,0.0,0.0,-114.50665842880915,0.0,0.0,0.0,-1.998231509646959,-3.9964630192939175,0.0,0.0,-33.81401464718241,-907.880426188331,-18.140004603638516,23.978778115763504,0.0,0.0,0.0,0.0,0.0,483.2359095137066,0.0,0.0,0.0,0.0,45.23614201261748,0.0,0.0,0.0,0.0,0.0,0.0,0.0,0.0,-14.078207062631634,0.0,234.37500000000023,134.01414792282432,0.0,0.0,0.0,0.0,-92.00707396141216,0.15985852077164964,0.0,0.0,0.0,0.0,0.0,0.0,0.0,0.0,0.0,0.0,0.0,0.0,0.0,0.0,0.0,0.0,0.0,0.0,0.0,0.08792218642429361,0.08792218642429361,0.0,60.960622763232294,0.0,47.95755623152701,0.0,0.0,0.0,1000.0,0.0,0.0,97.4438659809122,0.0,0.0,469.4623432028495,-1000.0,0.0,0.0,949.6573438710068,0.0,0.0,134.01414792282432,0.0,0.0,0.0,0.0,0.0,0.0,0.0,333.3333333333333,-973.4474996998118,690.9858520771757,0.0,103.59841903062457,0.0,-924.9708834738291,924.9708834738291,924.9708834738291,0.0,469.4623432028495,0.0,203.81683701304337,173.63843222839398,437.58918125509564,-437.58918125509564,0.0,0.0,0.0,0.0,0.0,0.0,0.0,0.0,0.0,0.0,0.0,0.0,0.0,0.0,47.95755623152701,0.0,0.0,0.0,0.0,0.0,0.0,0.0,0.0,0.0,0.0,0.0,0.0,0.7992926038587835,0.0,0.0,97.4438659809122,-97.4438659809122,0.0,0.0,0.0,0.0,23.978778115763504,-949.6573438710068,0.0,0.0,0.0,0.0,0.0,0.0,0.0,0.0,0.0,1000.0,-503.85907111746843,0.0,23.978778115763507,23.978778115763507,1000.0,-1000.0,0.0,134.01414792282432,0.0,0.0,0.0,0.0,0.0,-173.1964048611273,0.0,-115.41981882329117,0.07992926038587835,0.0,0.0,0.0,6.445723926832618,0.0,0.0,0.0,0.0,0.0,0.0,0.0,0.0,0.0,0.0,0.0,0.0,0.0,0.0,0.0,0.0,0.0,0.07992926038587835,0.0,0.0,0.0,0.0,0.0,0.0,0.0,0.0,278.2154770871475,0.0,-107.52470730365955,0.0,-183.6296300682995,-1000.0,-5.994694528940876,-0.19940279447425002,-3.7970602248196696,0.0,0.0,0.0,0.0,0.0,0.0,0.0,0.0,0.0,0.0,0.0,0.0,0.0,0.0,0.0,-47.95755623152701,0.0,0.0,0.0,483.1559802533207,0.0,0.0,0.07992926038587835,0.0,0.07992926038587835,0.0,0.0,0.0,47.95755623152701,97.51369767077159,97.51369767077159,0.0,0.0,0.0,0.0,0.0,0.0,0.0,690.9858520771757,0.0,0.0,0.0,0.0,39.80870917612329,0.0,0.0,0.0,0.0,0.0,0.0,0.0,0.0,0.0,0.0,0.0,0.0,0.0,0.0,0.0,0.0,-657.0385154436551,657.0385154436551,0.11989389057881754,0.0,0.0,0.0,-23.978778115763504,0.0,0.0,0.0,0.0,0.0,-60.960622763232294,3.9964630192939175,0.0,0.0,0.0,0.0,1000.0,0.0,-3.7970602248196696,0.0,234.37500000000023,0.0,0.0,0.0,0.0,0.0,0.0,0.0,949.6573438710068,342.1206833197369,60.960622763232294,0.0,1000.0,-10.052028375646842,0.0,-291.15433737195906,183.6296300682995,107.52470730365955,184.98219615690977,-134.6253071991865,0.0,3.9964630192939197,1000.0,0.0,0.0,0.0,-208.96593902445602,0.0,0.0,0.0,0.0,0.0,0.0,0.0,0.0,0.0,987.4005971226383,-78.94470635005473,97.51369767077159,0.0,605.3622473217783,605.3622473217783,-605.3622473217783,0.0,0.0,0.0,0.0,0.0,2.573722184424696,0.0,0.0,0.0,-6.445723926832618,-173.94926300999364,0.0,23.978778115763504,97.4438659809122,0.0,0.0,0.0,-74.70280941675435,0.0,0.0,0.08792218642429361,0.0,0.0,0.0,48.756848835385796,0.0,0.0,0.0,0.0,622.957556231527,0.0,0.0,0.0,0.0,0.0,0.0,0.0,0.0,-288.03439348561903,0.0,0.007992926038587833,0.007992926038587833,0.0,0.0,0.0,0.0,0.0,0.0,0.0,0.0,0.0,0.0,0.0,0.0,0.0,0.0,0.0,60.960622763232294,0.0,0.0,0.0,0.0,0.0,0.0,0.0,0.0,0.0,0.0,0.0,194.8877319618244,0.0,-102.36066356703586,355.3844631729486,0.0,0.0,0.0,47.95755623152701,0.0,0.0,0.0,0.0,0.0,0.0,-47.95755623152701,0.0,194.8877319618244,0.0,0.0,0.0,0.0,0.0,0.0,0.0,0.0,0.0,0.0,185.1221283359423,-1000.0,94.56025254044997,0.0,-23.978778115763504,0.0,999.6802829584572,0.0,0.0,0.0,0.0,0.0,0.0,0.0,0.0,0.0,617.1875,0.0,-617.1875,-617.1875,0.0,0.0,0.0,0.0,-9.991157548234796,0.0,-5.994694528940876,112.75872099723715,0.0,0.0,0.0,0.0,0.0,0.0,-0.9991157548234795,199.06040321954129,0.0,0.0,0.0,0.0,0.0,0.0,0.0,974.4171613222045,23.978778115763507,23.978778115763507,0.0,0.0,0.0,0.0,0.0,0.08792218642429361,60.960622763232294,0.0,0.0,-999.6802829584572,0.0,0.0,0.0,0.0,0.0,0.0,0.0,0.0,0.0,0.0,0.0,0.0,0.0,0.0,0.0,0.0,0.0,24.77807071962228,0.0,83.92572340517226,0.0,0.0,103.59841903062457,0.0,0.0,0.0,60.960622763232294,0.0,-0.19940279447425002,0.0,0.0,0.0,-9.991157548234796,0.0,0.0,0.0,0.0,0.0,0.0,0.0,0.0,0.0,0.0,0.0,0.0,0.0,0.0,0.0,0.0,0.0,0.0,-0.07992926038587835,0.0,0.0,3.9964630192939175,-469.4623432028495,0.0,0.0,0.0,0.0,0.0,0.0,0.0,0.0,-32.926799856899336,1.998231509646959,0.0,0.0,657.0385154436551,0.07992926038587835,0.0,79.92926038587835,0.0,15.985852077175672,0.5709232884705596,272.5587779158451,-0.05994694528940876,3.9964630192939175,1.598585207717567,-0.39964630192872286,-272.5587779158451,23.978778115763507,-0.07992926038587835,3.350676125215614,134.01414792282432,0.01998231509646959,0.5709232884705596,-10.052028375646842,-110.16860423434322,-1.598585207717567,-182.1880583118213,-0.07992926038587835,0.01998231509646959,-272.5587779158451,7.992926038587835,0.07992926038587835,0.07992926038587835,-60.79277131642212,-97.35594379448773,-200.0845521799439,-0.05994694528940876,23.978778115763507,0.07992926038587835,23.978778115763504,-39.964630192939175,-0.03996463019293918,5.19578427829174,-8.072855298973707,-0.05994694528940876,-0.07992926038587835,0.0,0.07992926038587835,7.992926038587835,-1.598585207717567,0.0,0.0,-7.992926038587835,182.1880583118213,0.0,15.985852077175668,0.11989389057881752,-208.32244271625302,7.992926038587835,-333.3333333333333,134.01414792282432,-15.98585207717567,0.03996463019293917,0.7992926038587835,74.93318871069623,76.94647484040796,-0.07992926038587835,-78.94470635005473,60.79277131642212,24.77807071962228,0.07992926038587835,110.16860423434322,38.09903545977033,134.01414792282432,-0.07992926038587835,-0.01998231509646959,-134.01414792282432,-0.07992926038587835,-92.00707396141216,0.07992926038576466,-0.01998231509646959,-0.01998231509646959,-0.01998231509646959,31.97170415435134,39.964630192939175,0.7992926038587835,59.21759078838534,-0.01998231509646959,146.51570129617684,3.996463019293918,50.0,0.07992926038587835,0.03996463019293918,0.03996463019293917,75.0,0.0,0.07992926038587835,0.0,0.7992926038587835,0.07992926038587835,-59.21759078838534,0.07992926038587835,0.3197170415428445,0.39964630192872286,0.03996463019293918,0.01998231509646959,23.978778115763507,-0.07992926038587835,200.0845521799439,0.7992926038587835,-118.43518157677067,1.9982315096469587,-7.992926038587835,15.98585207717567,3.996463019293918,-0.07992926038587835,10.052028375646842,0.11989389057881752,-0.07992926038587835,-150.0,0.0,265.91962028748435,0.03996463019293917,-100.0,-0.07992926038587835,-0.07992926038576466,-0.07992926038587835,0.03996463019293917,272.5587779158451,-15.98585207717567,0.07992926038587835,149.86637742139246,-0.01998231509646959,97.35594379448773,-149.86637742139246,11.989389057881752,8.072855298973714,-356.26258023708846,272.5587779158451,-0.05994694528940876,78.94470635005473,-76.94647484040796,0.07992926038587835,-0.01998231509646959,3.9964630192939197,79.92926038587835,-0.03996463019293918,-0.07992926038587835,0.01998231509646959,1000.0,0.0,208.28247808606008,0.0,-255.0,0.0,342.49701742969705,-140.0,0.0,29.170360675055917,-51.169965714146315,-325.0,0.0,-14.585180337527962,127.5,25.584982857073154,0.0,70.0,-60.960622763232294,-191.21681087073,0.0,325.0,-191.21681087073,-342.49701742969705,148.20252796566945,0.0,1496.5981,hplb
477,0.0,0.0,0.0,0.0,0.0,0.0,0.0,0.0,571.7304699759495,0.0,0.0,0.0,0.0,0.0,0.0,0.0,500.0,789.8236641158593,0.0,-1000.0,0.0,0.0,0.0,0.0,0.0,0.0,0.0,0.0,0.0,-941.4076479948583,0.0,0.0,136.74818731046236,0.0,0.0,0.0,0.0,589.6122505538053,0.0,-916.8124296914555,926.0352869812223,0.0,0.0,441.4076479948583,0.0,0.0,0.0,0.0,0.0,0.0,0.0,0.0,0.0,0.16185493024823927,0.0,0.0,0.0,29.428169136089657,0.0,0.0,28.96554272738308,0.0,0.0,-96.80569688354142,0.0,0.0,0.0,0.0,0.0,0.0,0.0,1.471408456804483,0.0,0.0,0.0,0.0,0.0,0.0,0.0,0.0,0.0,0.0,0.0,0.0,88.28450740826898,0.0,0.0,-253.1479107388115,342.9715748546708,0.0,847.9326075415713,0.0,0.0,-618.650248837739,44.14225370413449,0.0,44.14225370413449,0.0,0.0,0.0,0.0,721.3926665522695,-941.4076479948583,0.0,0.0,0.0,547.3411786008179,0.0,0.0,0.0,0.0,0.0,0.0,0.0,0.0,0.0,0.0,0.0,0.0,0.0,0.0,0.0,0.0,0.0,-1000.0,0.0,0.0,44.14225370413449,0.0,45.61366216093898,0.0,0.0,-121.28783849677927,121.28783849677927,0.0,0.0,-509.7670232052381,0.0,0.0,383.9957835943136,0.0,0.0,0.0,0.0,0.0,11.329845117394598,0.1471408456804483,847.9693927529914,0.0,0.0,0.0,-547.3411786008179,0.0,0.0,0.0,0.0,747.1481489610964,0.0,0.0,0.0,0.0,0.0,284.0212497382183,284.0212497382183,0.0,0.0,0.0,265.625,0.0,0.0,0.0,284.1683905838987,0.0,0.0,0.0,0.0,0.0,0.0,0.0,0.0,0.0,0.0,0.0,0.0,0.0,0.0,-657.3052638642831,0.0,0.0,0.0,0.0,-1000.0,0.0,0.0,0.0,0.0,0.0,0.0,0.0,-42.97157485467079,42.97157485467079,125.7712396109245,0.0,0.0,0.0,0.0,0.0,0.0,0.0,-722.8207748461457,0.0,0.0,0.0,0.0,0.0,0.0,0.0,0.0,0.0,0.0,0.0,0.0,0.0,54.8121864734037,-41.143661727820685,441.4076479948583,0.0,0.0,0.0,0.0,155.13877458627474,0.0,0.0,0.0,0.0,28.96554272738308,0.0,0.0,0.0,0.0,0.0,0.0,0.0,0.0,0.0,646.2029149984864,0.0,0.0,0.0,-73.70299034027168,312.24015936906994,-296.1194855934823,0.0,-441.4076479948583,0.0,0.0,125.7712396109245,341.205702096453,0.0,0.0,0.0,-56.75309143413608,0.0,0.0,0.0,0.0,-499.7661281852501,-453.3588718147507,453.35887181475056,-953.1250000000007,300.0,0.0,0.0,0.0,0.0,129.61294525125157,0.0,0.0,0.0,932.0914212813486,0.0,-932.0914212813486,0.0,514.0116221118489,0.0,0.0,724.0806667896104,265.625,0.0,0.0,28.96554272738308,-0.2207112685206724,0.0,0.0,0.0,0.0,0.1471408456804483,0.0,0.0,0.0,28.744817100179944,500.0,0.0,-788.1452395111231,571.5683517460506,0.0,849.6057098214462,0.0,798.1542852679147,0.0,0.0,0.0,0.0,0.0,776.4795792758723,-574.633864543787,-1000.0,-1000.0,-1000.0,0.0,0.0,0.0,0.0,0.0,0.0,0.0,0.0,0.0,0.0,0.0,0.0,0.0,0.0,0.0,0.0,0.0,-409.79918606347235,0.0,-1000.0,0.0,0.0,641.4649797675759,1000.0,0.0,0.0,-657.532760115881,0.0,0.0,0.0,0.0,714.035624268247,766.9372384610593,739.8804042809682,-864.3748544181459,0.0,-192.30337391727232,-1000.0,992.6429577159776,-642.2114456277045,654.9378908300222,-739.8804042809682,0.0,1000.0,-3.678521142011207,-1000.0,-1000.0,0.0,-196.3605765529577,1000.0,-150.8234523611827,44.14225370413449,0.0,0.0,0.0,0.0,0.0,571.87761082163,0.0,-54.8121864734037,54.8121864734037,54.8121864734037,225.57183086391035,0.0,0.0,-230.13751321931105,0.0,0.0,0.0,0.0,0.0,-67.84015415615833,0.0,0.0,120.57183086391035,0.0,0.0,0.0,0.0,-85.28591543195517,0.29428169136099314,0.0,0.0,0.0,0.0,0.0,0.0,0.0,0.0,0.0,0.0,0.0,0.0,0.0,0.0,0.0,0.0,0.0,0.0,0.0,0.16185493024823927,0.16185493024823927,0.0,193.16344863333188,0.0,88.28450740826898,0.0,0.0,0.0,-867.696533070679,0.0,0.0,0.0,0.0,0.0,965.9268568627799,867.696533070679,0.0,0.0,0.0,0.0,0.0,120.57183086391035,0.0,0.0,0.0,0.0,0.0,0.0,0.0,333.3333333333333,-28.744817100179944,0.0,0.0,11.329845117394598,0.0,-899.5602630349383,280.91001419719925,0.0,0.0,965.9268568627799,0.0,880.6409414308248,0.0,0.0,0.0,54.8121864734037,0.0,0.0,0.0,0.0,0.0,0.0,0.0,0.0,0.0,0.0,0.0,0.0,0.0,88.28450740826898,125.7712396109245,125.7712396109245,0.0,0.0,0.0,0.0,0.0,0.0,0.0,0.0,0.0,0.0,1.471408456804483,0.0,0.0,0.0,0.0,0.0,0.0,0.0,0.0,44.14225370413449,0.0,0.0,0.0,0.0,0.0,0.0,0.0,0.0,0.0,0.0,1000.0,-844.1452177808562,0.0,44.14225370413449,44.14225370413449,1000.0,867.696533070679,0.0,120.57183086391035,0.0,0.0,0.0,0.0,0.0,941.4076479948583,0.0,1000.0,0.1471408456804483,0.0,0.0,87.8330491620771,106.4874576797664,0.0,0.0,618.650248837739,0.0,0.0,0.0,0.0,0.0,0.0,0.0,0.0,0.0,0.0,0.0,0.0,0.0,0.0,0.1471408456804483,0.0,0.0,0.0,0.0,0.0,0.0,0.0,0.0,0.0,-544.2455224956705,528.1777421473653,0.0,0.0,-590.2008139365277,-11.035563426033605,-7.357042284022414,0.0,0.0,0.0,0.0,0.0,0.0,0.0,0.0,0.0,0.0,0.0,0.0,125.7712396109245,0.0,0.0,0.0,-339.826986630118,0.0,0.0,0.0,571.7304699759495,0.0,0.0,0.1471408456804483,0.0,0.1471408456804483,0.0,0.0,0.0,88.28450740826898,179.51183173014692,179.51183173014692,0.0,0.0,0.0,0.0,0.0,0.0,0.0,0.0,0.0,0.0,0.0,0.0,643.7859316441412,145.3624744448174,0.0,0.0,0.0,0.0,0.0,0.0,0.0,0.0,0.0,0.0,0.0,0.0,0.0,280.91001419719925,0.0,0.0,0.0,0.2207112685206724,0.0,0.0,0.0,-44.14225370413449,0.0,0.0,0.0,0.0,0.0,-193.16344863333188,7.357042284022414,0.0,0.0,0.0,-265.6250000000001,0.0,113.28723762021059,0.0,0.0,0.0,0.0,0.0,0.0,0.0,0.0,125.7712396109245,0.0,0.0,0.0,138.35126215992818,0.0,295.57183086391035,0.0,0.0,0.0,0.0,0.0,0.0,161.6938703663061,0.0,7.357042284022414,1000.0,0.0,0.0,0.0,-67.84015415615833,0.0,0.0,1000.0,-1000.0,0.0,0.0,0.0,0.0,0.0,857.1212943492905,-221.8871573370748,179.51183173014692,0.0,0.0,0.0,0.0,0.0,0.0,0.0,0.0,0.0,646.2029149984864,0.0,0.0,4.382981574358155,-194.3205068418435,0.0,0.0,44.14225370413449,0.0,0.0,0.0,0.0,125.41055422997823,0.0,0.0,0.16185493024823927,0.0,0.0,0.0,89.75591586507346,0.0,0.0,0.0,0.0,-41.143661727820685,0.0,547.3411786008179,0.0,0.0,0.0,0.0,0.0,0.0,0.0,0.0,170.7769536641396,0.014714084568044829,0.0,0.0,0.0,0.0,0.0,0.0,0.0,0.0,0.0,87.8330491620771,0.0,0.0,0.0,0.0,0.0,193.16344863333188,0.0,0.0,0.0,0.0,0.0,0.0,0.0,0.0,0.0,0.0,0.0,0.0,0.0,0.0,789.8236641158593,0.0,0.0,0.0,88.28450740826898,0.0,0.0,0.0,0.0,0.0,-1000.0,911.715492591731,0.0,0.0,0.0,0.0,0.0,0.0,0.0,0.0,0.0,0.0,0.0,0.0,-1000.0,-1000.0,889.9398853800658,0.0,-44.14225370413449,0.0,589.6122505538053,0.0,0.0,0.0,0.0,0.0,0.0,0.0,0.0,0.0,397.1354166666667,0.0,-397.1354166666667,-397.1354166666667,0.0,0.0,0.0,0.0,-18.392605710056017,125.7712396109245,-725.0711876942806,1000.0,0.0,0.0,0.0,0.0,0.0,0.0,-1.839260571005604,67.84015415615833,0.0,0.0,0.0,0.0,0.0,0.0,0.0,1000.0,44.14225370413449,44.14225370413449,0.0,0.0,0.0,0.0,0.0,0.16185493024823927,193.16344863333188,0.0,0.0,-589.6122505538053,170.76223957957154,0.0,0.0,0.0,0.0,0.0,0.0,0.0,0.0,0.0,0.0,0.0,0.0,0.0,0.0,0.0,0.0,0.0,0.0,154.49788796447072,11.329845117394598,0.0,0.0,0.0,0.0,0.0,193.16344863333188,0.0,520.8206998633428,0.0,0.0,0.0,-18.392605710056017,0.0,0.0,0.0,0.0,0.0,0.0,0.0,0.0,0.0,0.0,0.0,0.0,0.0,0.0,0.0,0.0,0.0,0.0,-0.1471408456804483,0.0,0.0,7.357042284022414,-965.9268568627799,0.0,0.0,0.0,0.0,125.7712396109245,0.0,0.0,0.0,-776.4795792758723,3.678521142011207,0.0,0.0,0.0,0.1471408456804483,0.0,147.14084568044828,-45.61366216093898,29.42816913608966,1.0510060405746307,410.5229594484508,-0.1103556342603362,864.3748544181459,2.942816913608966,-0.7357042284028239,-410.5229594484508,44.14225370413449,-0.1471408456804483,0.0,120.57183086391035,0.036785211420112075,1.0510060405746307,0.0,-23.42482263232762,-2.942816913608966,-289.8236641158593,-0.1471408456804483,0.036785211420112075,-410.5229594484508,14.714084568044829,0.1471408456804483,0.1471408456804483,-192.8544528574032,0.16185493024850364,-222.03410274241753,-0.1103556342603362,44.14225370413449,0.1471408456804483,44.14225370413449,-73.57042284022415,-0.07357042284022415,-525.1140462186788,-170.0,-0.1103556342603362,-0.1471408456804483,-45.61366216093898,0.1471408456804483,14.714084568044829,-2.942816913608966,280.91001419719925,280.91001419719925,-14.714084568044829,289.8236641158593,-280.91001419719925,29.428169136089657,0.2207112685206724,-679.7504339785658,14.714084568044829,-333.3333333333333,120.57183086391035,-29.428169136089657,0.07357042284022415,1.471408456804483,197.03630987778078,167.77943129601783,-0.1471408456804483,-226.27013891143295,192.8544528574032,45.61366216093898,0.1471408456804483,23.42482263232762,-55.99718395262761,120.57183086391035,-0.1471408456804483,-0.036785211420112075,-120.57183086391035,-0.1471408456804483,-632.6270940327731,0.14714084568060787,-0.036785211420112075,-0.036785211420112075,-0.036785211420112075,58.856338272179315,73.57042284022415,1.471408456804483,395.7541135793777,-0.036785211420112075,394.07261975556156,7.357042284022414,50.0,0.1471408456804483,0.07357042284022415,0.07357042284022415,75.0,45.61366216093898,0.1471408456804483,-45.61366216093898,1.471408456804483,0.1471408456804483,-969.2363926511287,0.1471408456804483,0.5885633827223273,0.7357042284028239,0.07357042284022415,0.036785211420112075,44.14225370413449,-0.1471408456804483,222.03410274241753,1.471408456804483,-791.5082271587554,860.6963332761347,-14.714084568044829,29.428169136089657,7.357042284022414,-0.1471408456804483,0.0,0.2207112685206724,-0.1471408456804483,-150.0,45.61366216093898,315.6622734733718,0.07357042284022415,-100.0,-0.1471408456804483,-0.14714084568060787,-0.14714084568044833,0.07357042284022415,410.5229594484508,-29.428169136089657,0.1471408456804483,394.07261975556156,-0.036785211420112075,-0.16185493024850364,-394.07261975556156,22.07112685206724,170.0,378.9550221623068,410.5229594484508,-0.1103556342603362,226.27013891143295,-167.77943129601783,0.1471408456804483,-0.03678521142011207,7.357042284022414,147.14084568044828,-0.07357042284022415,-0.1471408456804483,0.036785211420112075,0.0,0.0,379.6768635557255,573.482279071751,-255.0,0.0,336.08440845715495,-140.0,0.0,-80.0,-255.0,-325.0,-300.0,40.0,127.5,127.5,0.0,70.0,-193.16344863333188,-441.07282770335,300.0,325.0,-441.07282770335,-336.08440845715495,188.68375392086887,0.0,1496.5981,hplb
478,0.0,0.0,0.0,0.0,0.0,0.0,0.0,0.0,303.04453006113124,0.0,0.0,0.0,0.0,0.0,0.0,0.0,520.8060231473067,-451.9401828275795,0.0,0.0,0.0,0.0,0.0,969.8503169498781,0.0,519.0527798267293,0.0,0.0,0.0,-931.3121907865726,0.0,0.0,2.358977332069628,0.0,0.0,0.0,0.0,735.4092407309295,0.0,-1000.0,970.0499837250445,0.0,0.0,-983.890408411368,0.0,0.0,326.1341914425867,0.0,623.6057632828084,0.0,0.0,-770.7908127678254,0.0,0.10981672634170536,0.0,0.0,0.0,0.0,0.0,0.0,-123.54869424658364,0.0,-123.54869424658364,-247.09738849316727,0.0,0.0,0.0,0.0,0.0,0.0,0.0,0.9983338758318502,0.0,0.0,0.0,0.0,0.0,0.0,0.0,0.0,0.0,0.0,0.0,0.0,59.90003254991101,0.0,114.75670058009007,-1000.0,389.7416910693401,-500.0698276023061,-0.024958346895796252,0.0,0.0,827.3239352562861,29.950016274955505,0.0,29.950016274955505,0.0,0.0,0.0,0.0,4.991669379159251,-931.3121907865726,0.0,0.0,-29.762940177918,0.0,0.0,0.0,0.0,0.0,0.0,0.0,0.0,0.0,0.0,0.0,0.0,0.0,0.0,0.0,0.0,0.0,0.0,-1000.0,0.0,0.0,29.950016274955505,0.0,30.948350150787352,0.0,0.0,-989.2888928564629,0.0,989.2888928564629,-989.2888928564629,797.7706264112746,0.0,0.0,-797.7706264112746,0.0,0.0,0.0,0.0,0.0,122.44387142399535,0.09983338758318501,0.0,0.0,0.0,0.0,-671.393907381731,0.0,0.0,83.09613853927992,0.0,554.0124520635533,0.0,0.0,0.0,0.0,0.0,18.235743685266698,18.235743685266698,0.0,0.0,0.0,0.0,29.13476075186884,0.0,0.0,18.335577072849883,0.0,0.0,0.0,533.5985246829157,0.0,0.0,0.0,0.0,0.0,0.0,0.0,0.0,0.0,0.0,0.0,0.0,0.0,0.0,0.0,-791.0915987856578,0.0,0.0,0.0,0.0,0.0,0.0,770.7908127678254,410.32813653296597,-410.32813653296597,0.0,0.0,0.0,0.0,0.0,0.0,0.0,0.0,895.4575189337381,0.0,0.0,0.0,0.0,0.0,0.0,0.0,0.0,0.0,0.0,0.0,0.0,0.0,0.0,644.1770206329201,-983.890408411368,0.0,0.0,0.0,0.0,115.47361008663536,0.0,0.0,0.0,0.0,-123.54869424658364,0.0,0.0,0.0,199.6247813121794,0.0,0.0,0.0,0.0,0.0,3.214635080181779,19.966677516637002,0.0,0.0,20.586445463625864,0.0,804.7247125835997,0.0,983.890408411368,0.0,0.0,0.0,0.0,0.0,0.0,0.0,-67.43989186863757,0.0,0.0,-1000.0,0.0,1000.0,-1000.0,0.0,1000.0,800.0698276023061,0.0,-436.00862234524743,0.0,0.0,163.06154127045085,0.0,0.0,0.0,-404.0938244736801,0.0,404.0938244736801,0.0,0.0,0.0,0.0,1000.0,0.0,0.0,0.0,-123.54869424658364,-0.14975008137477752,0.0,0.0,0.0,0.0,0.09983338758318501,0.0,0.0,0.0,642.4533373438851,520.8060231473067,0.0,-1000.0,801.3038313035294,0.0,1000.0,0.0,0.0,0.0,-29.762940177918,0.0,0.0,0.0,320.6503952015072,0.0,-320.6503952015072,-1000.0,-1000.0,0.0,0.0,0.0,0.0,0.0,0.0,0.0,0.0,0.0,0.0,0.0,0.0,0.0,0.0,0.0,0.0,199.6247813121794,0.0,0.0,-1000.0,0.0,264.1914257187379,0.0,0.0,0.0,0.0,710.331026711436,0.0,0.0,0.0,0.0,0.0,-703.1023843532607,712.4993942052819,0.17628060148081204,-542.5607805371368,703.1023843532607,0.0,0.0,0.0,-143.02131105167106,-712.4993942052819,-5.167949980640063,235.36719456611718,540.0649458475572,-4.991669379159251,0.0,0.0,0.0,0.0,-64.89170192907027,29.950016274955505,328.12499999995345,-328.12499999995345,0.0,193.2347005484898,0.0,303.14436344871444,0.0,0.0,0.0,0.0,71.5615621127912,0.0,0.0,0.0,0.0,0.0,0.0,0.0,0.0,-17.583987332987135,0.0,0.0,0.0,0.0,0.0,0.0,0.0,-57.16690302376637,0.1996667751664063,0.0,0.0,0.0,0.0,0.0,0.0,0.0,0.0,0.0,0.0,0.0,0.0,0.0,0.0,0.0,0.0,0.0,0.0,0.0,0.10981672634170536,0.10981672634170536,0.0,250.21244972043107,0.0,59.90003254991101,0.0,0.0,0.0,1000.0,0.0,0.0,114.75670058009007,0.0,0.0,693.0639210257632,-1000.0,0.0,0.0,817.0209856619617,0.0,0.0,0.0,0.0,0.0,0.0,0.0,0.0,0.0,0.0,333.3333333333333,-642.4533373438851,671.393907381731,0.0,122.44387142399535,0.0,677.2703554830166,150.05357977326946,34.579969686634115,0.0,693.0639210257632,0.0,-364.1029819980031,1000.0,0.0,0.0,0.0,0.0,0.0,0.0,0.0,0.0,0.0,0.0,0.0,0.0,0.0,0.0,0.0,0.0,59.90003254991101,0.0,0.0,0.0,0.0,0.0,0.0,0.0,0.0,0.0,0.0,0.0,0.0,0.9983338758318502,0.0,0.0,114.75670058009007,-114.75670058009007,0.0,770.7908127678254,0.0,0.0,29.950016274955505,-817.0209856619617,0.0,0.0,0.0,0.0,0.0,0.0,0.0,0.0,0.0,1000.0,436.0941261657574,0.0,29.950016274955505,29.950016274955505,-238.12791228667794,-1000.0,0.0,0.0,0.0,0.0,0.0,0.0,0.0,931.3121907865726,0.0,1000.0,0.09983338758318501,0.0,0.0,0.0,131.8442502161077,0.0,0.0,-827.3239352562861,0.0,0.0,0.0,0.0,0.0,0.0,0.0,0.0,0.0,0.0,0.0,0.0,0.0,0.0,0.09983338758318501,0.0,0.0,0.0,-1000.0,1000.0,0.0,0.0,0.0,264.1914257187379,0.0,710.331026711436,-83.09613853927992,0.0,-1000.0,-7.487504068738875,-4.991669379159251,0.0,0.0,0.0,0.0,0.0,0.0,0.0,0.0,0.0,0.0,0.0,0.0,0.0,0.0,0.0,0.0,-59.90003254991101,0.0,0.0,0.0,303.04453006113124,0.0,0.0,0.09983338758318501,0.0,0.09983338758318501,0.0,0.0,0.0,59.90003254991101,121.79673285148571,121.79673285148571,0.0,0.0,0.0,0.0,0.0,0.0,0.0,671.393907381731,0.0,0.0,0.0,0.0,0.0,329.2460498724197,0.0,0.0,0.0,0.0,0.0,0.0,0.0,0.0,0.0,0.0,0.0,0.0,0.0,115.47361008663536,0.0,-519.0527798267293,519.0527798267293,0.14975008137477752,0.0,0.0,0.0,-29.950016274955505,0.0,0.0,0.0,0.0,0.0,-250.21244972043107,4.991669379159251,0.0,0.0,0.0,0.0,-29.13476075186884,0.0,0.0,0.0,0.0,0.0,0.0,0.0,0.0,0.0,0.0,0.0,817.0209856619617,331.33162322265923,250.21244972043107,0.0,669.8087800949584,-29.762940177918,0.0,710.331026711436,0.0,-710.331026711436,83.09613853927992,-121.79673285148571,0.0,4.991669379159251,1000.0,0.0,0.0,0.0,-247.09738849316727,0.0,0.0,565.4824982876557,-565.4824982876557,0.0,-835.9895332156132,0.0,0.0,0.0,257.69995378916997,-272.67496192664765,121.79673285148571,0.0,0.0,0.0,0.0,0.0,0.0,0.0,0.0,0.0,3.214635080181779,0.0,0.0,0.0,-131.8442502161077,-1000.0,0.0,29.950016274955505,114.75670058009007,0.0,0.0,0.0,292.11076190614904,0.0,0.0,0.10981672634170536,0.0,0.0,0.0,60.89836642574286,0.0,0.0,0.0,0.0,644.1770206329201,0.0,0.0,0.0,0.0,0.0,0.0,0.0,0.0,0.0,0.0,0.00998333875831836,0.00998333875831836,0.0,0.0,0.0,0.0,0.0,0.0,0.0,0.0,0.0,0.0,0.0,0.0,0.0,0.0,0.0,250.21244972043107,0.0,0.0,0.0,0.0,0.0,0.0,0.0,0.0,0.0,0.0,0.0,229.51340116018014,1000.0,1000.0,-451.9401828275795,0.0,0.0,0.0,59.90003254991101,0.0,0.0,0.0,0.0,0.0,0.0,-59.90003254991101,0.0,229.51340116018014,0.0,0.0,0.0,0.0,0.0,0.0,0.0,0.0,0.0,0.0,-1000.0,-1000.0,397.63192036690134,0.0,-29.950016274955505,0.0,999.6006664496674,0.0,0.0,0.0,0.0,0.0,0.0,0.0,0.0,0.0,305.98958333333326,0.0,-305.98958333333326,-305.98958333333326,0.0,0.0,0.0,0.0,-12.479173447898127,0.0,-7.487504068738875,594.4335077303285,0.0,0.0,0.0,0.0,0.0,15.685797165069074,-16.933714509858888,100.6801258722669,0.0,0.0,0.0,0.0,0.0,0.0,0.0,1000.0,29.950016274955505,29.950016274955505,0.0,0.0,0.0,0.0,0.0,0.10981672634170536,250.21244972043107,0.0,0.0,-999.6006664496674,0.0,0.0,0.0,0.0,0.0,0.0,0.0,0.0,0.0,0.0,0.0,0.0,0.0,0.0,0.0,0.0,0.0,0.0,0.0,104.82505696234426,122.44387142399535,0.0,0.0,0.0,0.0,0.0,250.21244972043107,0.0,-4.991669379159251,0.0,0.0,0.0,-12.479173447898127,0.0,0.0,0.0,0.0,0.0,0.0,0.0,0.0,0.0,0.0,0.0,0.0,0.0,0.0,0.0,0.0,0.0,0.0,-0.09983338758318501,0.0,0.0,4.991669379159251,-693.0639210257632,0.0,0.0,0.0,0.0,0.0,0.0,0.0,0.0,-320.6503952015072,2.4958346895796253,0.0,0.0,519.0527798267293,0.09983338758318501,0.0,99.833387583185,-30.948350150787352,19.966677516637002,0.7130956255941783,278.5351513570862,-0.07487504068738876,4.991669379159251,1.9966677516637004,-0.49916693791578837,-278.5351513570862,29.950016274955505,-0.09983338758318501,9.920980059306,0.0,0.024958346895796252,0.7130956255941783,-29.762940177918,-130.65017588333637,-1.9966677516637004,-68.86584031972723,-0.09983338758318501,0.024958346895796252,-278.5351513570862,9.983338758318501,0.09983338758318501,0.09983338758318501,-250.0027996065062,-114.64688385374856,0.0,-0.07487504068738876,29.950016274955505,0.09983338758318501,29.950016274955505,-49.91669379159251,-0.049916693791592505,-494.4865717077173,-125.55678223253705,-0.07487504068738876,-0.09983338758318501,-30.948350150787352,0.09983338758318501,9.983338758318496,-1.9966677516637004,115.47361008663536,115.47361008663536,-9.983338758318501,68.86584031972723,-115.47361008663536,19.966677516637002,0.14975008137477752,-492.2847371480566,9.983338758318501,-333.3333333333333,0.0,-19.966677516637002,0.049916693791592505,0.9983338758318502,250.0,270.1791272370681,-0.09983338758318501,-272.67496192664765,250.0027996065062,30.948350150787352,0.09983338758318501,130.65017588333637,-119.80006509982172,0.0,-0.09983338758318501,-0.024958346895796252,0.0,-0.09983338758318501,-57.16690302376637,0.09983338758320315,-0.024958346895796252,-0.024958346895796252,-0.024958346895796252,39.933355033274005,49.91669379159251,0.9983338758318502,73.96406102569722,-0.024958346895796252,490.079019940694,4.991669379159251,33.57512089104244,0.09983338758318501,0.049916693791592505,0.049916693791592505,9.983338758318501,30.948350150787352,0.09983338758318501,-30.948350150787352,0.9983338758318502,0.09983338758318501,-73.96406102569722,0.09983338758318501,0.39933355033263884,0.49916693791578837,0.049916693791592505,0.024958346895796252,29.950016274955505,-0.09983338758318501,0.0,0.9983338758318502,-147.92812205139444,2.495834689579625,-9.983338758318496,19.966677516637002,4.991669379159251,-0.09983338758318501,29.762940177918,0.14975008137477752,-0.09983338758318501,-19.966677516637002,30.948350150787352,-34.26099743135978,0.049916693791592505,-67.15024178208488,-0.09983338758318501,-0.09983338758320315,-0.09983338758318501,0.049916693791592505,278.5351513570862,-19.966677516637002,0.09983338758318501,500.0,-0.024958346895796252,114.64688385374856,-500.0,14.975008137477749,125.55678223253705,-11.425875637279091,278.5351513570862,-0.07487504068738876,272.67496192664765,-270.1791272370681,0.09983338758318501,-0.024958346895796256,4.991669379159251,99.83338758318502,-0.049916693791592505,-0.09983338758318501,0.024958346895796252,621.2523887533248,0.0,192.234820454265,0.0,-255.0,0.0,103.76658803928194,-34.32823537557621,0.0,-80.0,-255.0,-18.381550229864445,-300.0,40.0,127.5,127.5,0.0,17.16411768778811,-250.21244972043107,-257.84976447478925,300.0,18.381550229864427,-257.84976447478925,-103.76658803928194,106.79165719039258,0.0,1496.5981,hplb
479,0.0,0.0,0.0,0.0,0.0,0.0,0.0,0.0,-0.06877845725407147,0.0,0.0,0.0,0.0,0.0,0.0,0.0,-44.08051518645078,344.0805151864508,0.0,0.0,0.0,0.0,0.0,406.49939116422684,0.0,523.3561505411805,0.0,0.0,0.0,190.05558372855216,0.0,0.0,91.30223575973199,0.0,0.0,0.0,0.0,-12.045400480428384,0.0,-1000.0,979.3664628237785,0.0,0.0,-477.90311078209214,0.0,0.0,0.0,25.775824567702067,820.5868193154192,-568.1665824196839,0.0,0.0,0.0,0.07565630297972348,0.0,0.0,0.0,39.53151601851636,0.0,0.0,-89.14815983004216,0.0,0.0,-89.14815983004216,0.0,0.0,0.0,0.0,175.8197079367033,-175.8197079367033,0.0,0.6877845725407148,0.0,0.0,0.0,0.0,0.0,0.0,0.0,0.0,0.0,0.0,0.0,0.0,41.26707435244288,0.0,83.09107036120092,-161.23016002850423,-888.9223799843237,1000.0,-0.01719461431351787,0.0,0.0,1000.0,20.63353717622144,0.0,20.63353717622144,0.0,0.0,0.0,0.0,3.4389228627035737,-418.4854473001678,0.0,0.0,-47.17776033495275,674.4761412701574,0.0,0.0,0.0,0.0,0.0,0.0,0.0,0.0,0.0,0.0,0.0,0.0,0.0,0.0,0.0,0.0,0.0,-852.6625296183678,0.0,0.0,20.63353717622144,0.0,21.321321748762156,8.634184623328252,0.0,-374.17903851767244,374.17903851767244,0.0,0.0,-154.41159732089858,0.0,0.0,154.41159732089858,0.0,0.0,0.0,0.0,0.0,88.38701156976428,0.0687784572540977,0.0,0.0,0.0,0.0,-674.4761412701574,0.0,0.0,0.0,0.0,234.56115086622745,0.0,0.0,0.0,0.0,0.0,339.07227667080895,339.07227667080895,0.0,0.0,0.0,0.0,-98.13063103963705,0.0,0.0,339.14105512806304,0.0,0.0,0.0,27.175660975999207,0.0,0.0,0.0,0.0,0.0,0.0,0.0,0.0,0.0,0.0,0.0,0.0,0.0,0.0,0.0,-1000.0,0.0,0.0,0.0,0.0,0.0,568.1665824196839,0.0,188.9223799843237,-188.9223799843237,0.0,0.0,0.0,0.0,0.0,0.0,0.0,608.5410310287199,1000.0,0.0,0.0,0.0,0.0,0.0,0.0,0.0,0.0,0.0,0.0,0.0,0.0,0.0,223.3432523350648,17.580252266047925,-966.5618878575206,0.0,0.0,0.0,0.0,117.14487038688883,0.0,0.0,0.0,0.0,-89.14815983004216,-488.6587770754284,0.0,0.0,0.0,0.0,0.0,0.0,0.0,0.0,2.214666323579081,0.0,0.0,0.0,955.8163171276681,-122.02844284097915,848.2790392712387,0.0,966.5618878575206,0.0,0.0,0.0,-916.0902821500327,0.0,0.0,0.0,-68.66448166870737,0.0,0.0,-1000.0,-999.9999999999999,-789.3074046880781,0.0,0.0,210.69259531192176,-700.0,0.0,-126.35376411614055,568.1665824196839,0.0,92.01539459862708,0.0,0.0,0.0,602.8746834513686,0.0,-602.8746834513686,0.0,1000.0,0.0,0.0,646.3126202824565,0.0,0.0,0.0,-89.14815983004216,-0.10316768588110721,0.0,0.0,0.0,0.0,0.0687784572540977,0.0,0.0,0.0,860.0069261133107,-44.08051518645078,0.0,-380.06655321363866,75.11844537642786,0.0,1000.0,0.0,-600.0122298723866,0.0,-47.17776033495275,0.0,0.0,0.0,712.0047265476014,-175.8197079367033,63.82721126148856,216.254902403583,-1000.0,0.0,0.0,0.0,0.0,0.0,0.0,0.0,0.0,0.0,0.0,0.0,0.0,0.0,0.0,0.0,0.0,0.0,-1000.0,0.0,-988.2297133485883,0.0,0.0,0.0,0.0,0.0,0.0,-90.6016778933431,0.0,0.0,0.0,0.0,0.0,0.0,0.0,0.0,0.0,0.0,0.0,0.0,-982.5811046241481,108.21714895287516,0.0,-3.4389228627035737,1000.0,-1.7194614313517869,-3.4389228627035737,-726.7481399362703,0.0,0.0,56.19113753883926,563.8350338135734,20.63353717622144,0.0,0.0,0.0,0.0,0.0,0.0,16.316071325287872,-207.02718100977688,207.02718100977688,207.02718100977688,288.42206888413847,0.0,0.0,-910.269712870048,0.0,0.0,608.5410310287199,0.0,0.0,-12.114178937682482,0.0,0.0,0.0,0.0,0.0,0.0,0.0,-3.0532849101735167,0.1375569145081954,0.0,0.0,0.0,0.0,0.0,0.0,0.0,0.0,0.0,0.0,0.0,0.0,0.0,0.0,0.0,0.0,0.0,0.0,0.0,0.07565630297972348,0.07565630297972348,0.0,489.5875608842505,0.0,41.26707435244288,0.0,0.0,0.0,1000.0,0.0,0.0,83.09107036120092,0.0,0.0,212.6395920945948,-1000.0,0.0,0.0,0.0,0.0,0.0,0.0,0.0,0.0,0.0,0.0,0.0,0.0,0.0,284.2208432061226,-860.0069261133107,0.0,0.0,88.38701156976428,0.0,1000.0,0.0,-117.14487038688883,0.0,212.6395920945948,0.0,1000.0,-790.4136928155787,0.0,0.0,223.34325233506476,0.0,0.0,0.0,0.0,0.0,0.0,0.0,0.0,0.0,0.0,0.0,0.0,0.0,41.26707435244288,0.0,0.0,0.0,0.0,0.0,0.0,0.0,0.0,0.0,0.0,0.0,0.0,0.6877845725407148,0.0,0.0,83.09107036120092,-83.09107036120092,0.0,0.0,0.0,0.0,20.63353717622144,0.0,0.0,0.0,0.0,0.0,0.0,0.0,0.0,0.0,0.0,491.3239089045613,0.0,0.0,20.63353717622144,20.63353717622144,-697.3529986075732,-1000.0,0.0,0.0,0.0,0.0,0.0,0.0,0.0,-797.7694551034151,608.5410310287199,-768.6196913280678,0.0687784572540977,0.0,0.0,0.0,56.29503980458182,0.0,0.0,-1000.0,0.0,0.0,0.0,0.0,0.0,0.0,0.0,0.0,0.0,0.0,0.0,0.0,0.0,0.0,0.0687784572540977,0.0,0.0,0.0,0.0,0.0,0.0,0.0,0.0,0.0,0.0,-90.6016778933431,0.0,0.0,11.770286651411652,-5.15838429405536,-3.438922862703521,0.0,0.0,0.0,0.0,0.0,0.0,0.0,0.0,0.0,0.0,0.0,0.0,0.0,0.0,0.0,0.0,567.273956676277,0.0,0.0,0.0,-0.0687784572540977,0.0,0.0,0.0687784572540977,0.0,0.0687784572540977,0.0,0.0,0.0,41.26707435244288,83.90971784996721,83.90971784996721,0.0,0.0,0.0,0.0,0.0,0.0,0.0,0.0,0.0,608.5410310287199,0.0,0.0,717.9265517171772,0.0,0.0,0.0,0.0,0.0,0.0,0.0,0.0,0.0,0.0,0.0,0.0,0.0,0.0,117.14487038688883,0.0,-523.3561505411805,523.3561505411805,0.10316768588110721,0.0,0.0,0.0,-20.63353717622144,0.0,0.0,0.0,0.0,0.0,-489.5875608842505,3.4389228627035737,0.0,0.0,0.0,0.0,98.13063103963705,-330.8435958121927,0.0,0.0,0.0,0.0,0.0,0.0,0.0,0.0,0.0,0.0,0.0,0.0,266.2443085491857,0.0,311.2443085491857,-47.17776033495275,0.0,-421.4452737055358,0.0,421.4452737055358,0.0,-1000.0,0.0,3.438922862703521,632.3262084284645,0.0,0.0,0.0,-178.29631966008432,0.0,0.0,76.25602580737731,-76.25602580737731,0.0,0.0,0.0,0.0,0.0,276.91506398876743,-287.23183257687805,83.90971784996721,0.0,-300.51623310275005,-300.5162331027501,300.51623310275005,0.0,0.0,0.0,0.0,0.0,2.214666323579081,0.0,0.0,217.83088118953833,-56.29503980458182,19.893902568735143,0.0,20.63353717622144,83.09107036120092,0.0,0.0,0.0,-113.95084195456765,0.0,0.0,0.07565630297972348,0.0,0.0,0.0,41.9548589249836,0.0,0.0,0.0,0.0,17.580252266047925,0.0,674.4761412701574,0.0,0.0,0.0,0.0,0.0,0.0,0.0,0.0,0.006877845725407283,0.006877845725407283,0.0,0.0,0.0,0.0,0.0,0.0,0.0,0.0,0.0,0.0,0.0,0.0,0.0,0.0,0.0,489.5875608842505,0.0,0.0,0.0,0.0,0.0,0.0,0.0,568.1665824196839,0.0,0.0,0.0,166.18214072240184,-393.927975173623,1000.0,344.0805151864508,0.0,0.0,0.0,41.26707435244288,0.0,0.0,0.0,0.0,0.0,0.0,-41.26707435244288,0.0,166.18214072240184,0.0,0.0,0.0,0.0,0.0,0.0,0.0,0.0,0.0,0.0,768.6196913280678,-1000.0,765.0397949362161,0.0,-20.63353717622144,0.0,-12.045400480428384,0.0,0.0,0.0,0.0,0.0,0.0,0.0,0.0,0.0,279.94791666666663,0.0,-279.94791666666663,-279.94791666666663,0.0,0.0,0.0,0.0,-8.597307156758916,0.0,-5.15838429405536,1000.0,0.0,0.0,0.0,0.0,0.0,0.0,-0.8597307156758935,12.114178937682482,0.0,0.0,0.0,0.0,0.0,0.0,0.0,1000.0,20.63353717622144,20.63353717622144,0.0,0.0,0.0,0.0,0.0,0.07565630297972348,489.5875608842505,0.0,0.0,12.045400480428384,0.0,0.0,0.0,0.0,0.0,0.0,0.0,0.0,0.0,0.0,0.0,0.0,0.0,0.0,0.0,0.0,0.0,8.634184623328252,0.0,72.21738011677505,0.0,0.0,88.38701156976428,0.0,0.0,0.0,489.5875608842505,0.0,327.40467294948917,0.0,0.0,0.0,-8.597307156758916,0.0,0.0,0.0,0.0,0.0,0.0,0.0,0.0,0.0,0.0,0.0,0.0,0.0,0.0,0.0,0.0,0.0,0.0,-0.0687784572540977,0.0,0.0,3.4389228627035737,-212.6395920945948,0.0,0.0,0.0,0.0,0.0,0.0,0.0,0.0,-712.0047265476014,1.7194614313517869,0.0,0.0,523.3561505411805,0.0687784572540977,0.0,68.77845725407147,-12.687137125433907,13.755691450814295,0.49127469467193907,209.1602649855159,-0.051583842940553605,3.4389228627035737,1.3755691450814296,-0.3438922862708029,-209.1602649855159,20.63353717622144,-0.06877845725407147,15.725920111650916,0.0,0.01719461431351787,0.4912746946719391,-47.17776033495275,-94.04060075604662,-1.3755691450814425,-300.0,-0.06877845725407147,0.01719461431351787,-209.1602649855159,194.46367968891752,0.06877845725407147,0.0687784572540977,-489.44312612401666,-83.01541405822144,0.0,-0.051583842940553605,20.63353717622144,0.06877845725407147,20.63353717622144,-34.389228627035735,-0.03438922862703574,-140.20563019632195,-124.09149456955006,-0.051583842940553605,-0.06877845725407147,-12.687137125433907,0.0687784572540977,6.8778457254071474,-1.3755691450814296,117.14487038688883,117.14487038688883,-6.877845725407155,300.0,-117.14487038688883,13.755691450814295,0.10316768588110721,-436.6784686315337,6.8778457254071474,-284.2208432061226,0.0,-13.755691450814295,0.03438922862703574,0.6877845725407148,95.01663830340966,280.0,-0.06877845725407147,-505.0627137664164,489.44312612401666,21.321321748762156,0.06877845725407147,94.04060075604662,-270.11998266839635,0.0,-0.0687784572540977,-0.01719461431351787,0.0,-0.06877845725407147,-677.5294261803309,0.06877845725398402,-0.01719461431351787,-0.01719461431351787,-0.01719461431351787,27.51138290162859,34.389228627035735,0.6877845725407148,50.95623951810569,-0.01719461431351787,174.30735649516842,3.4389228627035737,4.9655653177903325,0.0687784572540977,0.03438922862703574,0.03438922862703574,6.8778457254071474,12.687137125433907,0.0687784572540977,-12.687137125433907,0.6877845725407148,0.06877845725407147,-50.95623951810569,0.06877845725407147,0.27511382901673187,0.3438922862708029,0.03438922862703574,0.01719461431351787,20.63353717622144,-0.06877845725407147,0.0,0.6877845725407212,-101.91247903621138,1.7194614313517866,-6.8778457254071474,13.755691450814295,3.4389228627035737,-0.06877845725407147,47.17776033495275,0.10316768588110721,-0.06877845725407147,-13.755691450814295,12.687137125433907,312.8416741814733,0.03438922862703574,-9.931130635580665,-0.06877845725407147,-0.06877845725398402,-0.06877845725407147,0.03438922862703574,209.1602649855159,-13.755691450814295,0.0687784572540977,190.03327660681933,-0.01719461431351787,83.01541405822144,-190.03327660681933,10.316768588110719,124.09149456955006,-343.43688401745686,209.1602649855159,-0.051583842940553605,505.0627137664164,-280.0,0.06877845725407147,-0.01719461431351787,3.438922862703521,68.77845725407147,-0.03438922862703574,-0.06877845725407147,0.01719461431351787,1000.0,0.0,136.64407940290664,0.0,-255.0,0.0,952.6936985087443,-140.0,187.58583396351037,510.7234621488278,-255.0,-325.0,-300.0,-255.3617310744139,127.5,127.5,-187.58583396351037,70.0,-489.5875608842505,-198.89083222690564,300.0,325.0,-198.89083222690564,-952.6936985087443,607.9679177258668,0.0,1496.5981,hplb
480,0.0,0.0,0.0,0.0,0.0,0.0,0.0,0.0,-0.0510176593838166,0.0,0.0,0.0,0.0,0.0,0.0,0.0,185.546137298507,261.9485319397866,0.0,-147.49466923829362,0.0,0.0,0.0,397.47557188812027,0.0,0.0,0.0,0.0,0.0,-869.6941342845751,86.8814806977775,-86.8814806977775,825.5314639378612,0.0,0.0,0.0,0.0,311.9403328237535,0.0,-1000.0,984.694702184855,0.0,-633.4831616315554,-949.3351646454873,0.0,0.0,0.0,0.0,1000.0,-152.8615080917709,0.0,0.0,0.0,0.05611942532215809,0.0,0.0,0.0,10.203531876763321,0.0,0.0,0.16196560371872692,0.0,0.0,-100.68427751442056,0.0,0.0,0.0,0.0,0.0,320.9000671661363,0.0,0.510176593838166,0.0,0.0,0.0,0.0,0.0,0.0,0.0,0.0,0.0,0.0,-308.4591918537133,0.0,30.610595630289964,0.0,0.0,-594.0724558304659,587.1421779048488,421.38414062711,-0.012754414845954153,0.0,0.0,253.38139225254676,15.305297815144982,0.0,15.305297815144982,0.0,0.0,0.0,0.0,2.5508829691908304,-869.6941342845751,0.0,0.0,-52.76572377866283,0.0,0.0,0.0,0.0,0.0,0.0,0.0,0.0,0.0,0.0,0.0,0.0,0.0,0.0,0.0,0.0,0.0,0.0,-267.58931910596897,0.0,0.0,15.305297815144982,0.0,15.815474408983146,0.0,0.0,0.0,0.0,0.0,0.0,-100.84624311813928,1000.0,-1000.0,0.0,0.0,0.0,0.0,0.0,0.0,312.3875516262672,0.0510176593838166,0.0,0.0,0.0,0.0,-342.8174440446253,0.0,0.0,308.4591918537133,0.0,265.8756146942407,0.0,0.0,0.0,0.0,0.0,699.6429863296134,699.6429863296134,0.0,0.0,0.0,0.0,-84.51426670258166,0.0,0.0,786.5754846867748,0.0,0.0,0.0,0.0,-540.453591026438,0.0,0.0,0.0,0.0,0.0,0.0,0.0,0.0,0.0,0.0,0.0,0.0,0.0,0.0,-1000.0,0.0,0.0,0.0,0.0,0.0,152.8615080917709,633.4831616315554,-708.5263185319589,708.5263185319589,100.84624311813928,0.0,0.0,0.0,0.0,0.0,0.0,0.0,-348.76329525511505,0.0,0.0,0.0,0.0,0.0,0.0,0.0,0.0,0.0,0.0,0.0,0.0,0.0,176.65971234203383,263.22450779815193,-949.3351646454873,0.0,0.0,0.0,0.0,-100.84624311813928,0.0,0.0,0.0,0.0,0.16196560371872692,0.0,86.8814806977775,0.0,0.0,0.0,0.0,0.0,0.0,0.0,452.6391776093735,0.0,0.0,0.0,0.0,662.1853348052523,330.8843872691307,0.0,949.3351646454873,0.0,0.0,100.84624311813928,0.0,0.0,0.0,0.0,23.193363118643674,0.0,0.0,-1000.0,-1000.0,-836.1643893375422,0.0,0.0,163.83561066245807,-121.38414062711001,0.0,-1000.0,152.8615080917709,0.0,142.3392696808483,0.0,0.0,0.0,-182.21498623184075,0.0,182.21498623184075,0.0,786.4734493680071,0.0,0.0,0.0,0.0,0.0,0.0,0.16196560371872692,-0.0765264890757249,0.0,0.0,0.0,0.0,0.0510176593838166,0.0,0.0,0.0,532.0555245754815,185.546137298507,0.0,-428.5571420916032,-462.71804490066324,540.453591026438,1000.0,0.0,1000.0,0.0,-52.76572377866283,0.0,0.0,0.0,-4.392620472946569,-995.6073795270535,0.0,-1000.0,-1000.0,0.0,0.0,0.0,0.0,0.0,0.0,0.0,0.0,0.0,0.0,0.0,0.0,0.0,0.0,0.0,0.0,0.0,-687.855596538711,0.0,-1000.0,308.4591918537133,0.0,364.11492827943596,0.0,0.0,0.0,-44.15591030685573,0.0,0.0,0.0,825.0231274860517,0.0,0.0,0.0,379.84310354923326,0.0,995.6073795270535,-737.5408703376875,-1000.0,-893.7184058463608,0.0,0.0,-382.3939865184241,1000.0,-1.2754414845954152,997.4491170308091,0.0,0.0,284.33133729151774,-634.6495843039733,0.0,15.305297815144982,359.3749999999847,-359.3749999999847,0.0,0.0,0.0,0.0,0.0,-176.65971234203383,176.65971234203383,176.65971234203383,-447.95810921979614,0.0,0.0,0.0,0.0,0.0,0.0,0.0,0.0,-100.52231191070189,0.0,0.0,0.0,0.0,0.0,0.0,0.0,-94.89823406161834,0.10203531876766728,0.0,0.0,0.0,0.0,0.0,0.0,0.0,0.0,0.0,0.0,0.0,0.0,0.0,0.0,0.0,0.0,0.0,0.0,0.0,0.05611942532215809,0.05611942532215809,86.8814806977775,289.7127084424479,0.0,30.610595630289964,0.0,0.0,0.0,1000.0,0.0,0.0,0.0,0.0,0.0,-408.39852514086635,-1000.0,0.0,0.0,0.0,0.0,0.0,0.0,0.0,0.0,0.0,0.0,0.0,0.0,0.0,89.19643970198966,-532.0555245754815,342.8174440446253,0.0,3.928359772553876,0.0,253.38139225254676,0.0,0.0,0.0,-408.39852514086635,0.0,474.97610833818015,-978.2728675406648,0.0,0.0,176.65971234203383,0.0,0.0,0.0,0.0,0.0,0.0,0.0,0.0,0.0,0.0,0.0,0.0,0.0,30.610595630289964,100.84624311813928,100.84624311813928,0.0,0.0,0.0,0.0,0.0,0.0,0.0,0.0,0.0,0.0,0.510176593838166,0.0,86.8814806977775,0.0,0.0,86.8814806977775,633.4831616315554,0.0,0.0,15.305297815144982,0.0,0.0,0.0,0.0,0.0,0.0,0.0,0.0,0.0,0.0,631.084686310274,-818.8124101261908,0.0,15.305297815144982,15.305297815144982,1000.0,-1000.0,0.0,0.0,0.0,0.0,0.0,0.0,0.0,869.6941342845751,0.0,1000.0,0.0510176593838166,0.0,0.0,67.37610745338465,0.0,739.4246779889064,0.0,-253.38139225254676,0.0,0.0,0.0,0.0,0.0,0.0,0.0,0.0,0.0,0.0,0.0,0.0,0.0,0.0,0.0510176593838166,0.0,0.0,0.0,-662.347300408971,662.347300408971,0.0,0.0,0.0,0.0,0.0,319.9590179725802,0.0,0.0,-312.144403461289,-3.8263244537862455,-2.5508829691908304,0.0,0.0,390.625,390.625,-390.62500000000006,0.0,0.0,0.0,0.0,0.0,0.0,0.0,100.84624311813928,540.453591026438,0.0,0.0,286.88222026070855,0.0,0.0,0.0,-0.0510176593838166,0.0,0.0,0.0510176593838166,0.0,0.0510176593838166,0.0,320.9000671661363,0.0,30.610595630289964,62.241544448256256,62.241544448256256,0.0,0.0,0.0,0.0,0.0,0.0,0.0,342.8174440446253,0.0,0.0,0.0,0.0,0.0,0.0,0.0,0.0,0.0,0.0,0.0,0.0,0.0,0.0,0.0,0.0,0.0,0.0,0.0,0.0,0.0,0.0,0.0,0.0765264890757249,0.0,0.0,0.0,-15.305297815144982,0.0,0.0,0.0,0.0,0.0,-289.7127084424479,2.5508829691908304,0.0,0.0,0.0,0.0,84.51426670258166,-585.4467303363125,0.0,0.0,0.0,0.0,0.0,0.0,0.0,0.0,100.84624311813928,0.0,0.0,0.0,113.05299610041405,0.0,657.6139121678619,686.6589542102436,0.0,-629.6026406431682,0.0,629.6026406431682,308.4591918537133,-62.241544448256256,0.0,2.5508829691908304,1000.0,0.0,198.28523496114067,-86.8814806977775,-100.52231191070189,0.0,0.0,0.0,0.0,0.0,-633.9893382310074,0.0,0.0,0.0,-3.826324453786242,-3.8263244537862446,62.241544448256256,0.0,86.8814806977775,86.8814806977775,0.0,0.0,0.0,0.0,0.0,0.0,452.6391776093735,0.0,0.0,297.36535735002036,-67.37610745338465,273.7213438997371,-633.4831616315554,15.305297815144982,0.0,0.0,0.0,0.0,-0.6191655617961942,0.0,0.0,0.05611942532215809,0.0,0.0,0.0,31.120772224128128,0.0,0.0,0.0,0.0,263.22450779815193,0.0,0.0,0.0,0.0,0.0,0.0,0.0,0.0,0.0,0.0,0.005101765938381806,0.005101765938381806,0.0,0.0,0.0,0.0,0.0,0.0,0.0,0.0,0.0,67.37610745338465,86.8814806977775,0.0,0.0,0.0,0.0,289.7127084424479,0.0,0.0,0.0,0.0,0.0,0.0,0.0,152.8615080917709,0.0,0.0,0.0,0.0,857.0807669902758,0.0,261.9485319397866,0.0,0.0,0.0,30.61059563028996,0.0,0.0,0.0,0.0,0.0,200.56806853723435,-231.17866416752432,0.0,0.0,0.0,0.0,0.0,0.0,0.0,0.0,0.0,86.8814806977775,86.8814806977775,0.0,-1000.0,-1000.0,34.947096677914374,610.7206878006034,-626.0259856157484,0.0,311.9403328237535,0.0,0.0,0.0,0.0,0.0,0.0,0.0,0.0,0.0,0.0,0.0,0.0,0.0,0.0,0.0,0.0,0.0,-6.377207422977076,100.84624311813928,-3.8263244537862455,0.0,0.0,0.0,0.0,0.0,0.0,-0.6377207422977076,0.0,408.9815037644152,0.0,0.0,0.0,0.0,0.0,0.0,0.0,1000.0,15.305297815144982,15.305297815144982,0.0,0.0,0.0,0.0,0.0,0.05611942532215809,289.7127084424479,0.0,0.0,-311.9403328237535,0.0,0.0,0.0,0.0,0.0,0.0,0.0,0.0,0.0,0.0,0.0,0.0,0.0,0.0,160.45003358306815,0.0,0.0,0.0,0.0,53.56854235300744,0.0,0.0,3.928359772553876,0.0,0.0,0.0,289.7127084424479,0.0,947.0107756465577,0.0,0.0,0.0,-6.377207422977076,0.0,0.0,0.0,0.0,0.0,0.0,0.0,0.0,0.0,0.0,0.0,0.0,0.0,0.0,0.0,0.0,0.0,0.0,-0.0510176593838166,0.0,0.0,2.5508829691908304,408.39852514086635,0.0,0.0,0.0,0.0,100.84624311813928,0.0,0.0,0.0,4.392620472946569,1.2754414845954152,0.0,0.0,0.0,0.0510176593838166,0.0,51.0176593838166,-15.815474408983146,10.203531876763321,0.3644118527415472,142.3392696808483,-0.03826324453786245,2.5508829691908126,1.020353187676332,-0.255088296919311,-142.3392696808483,15.305297815144982,-0.05101765938381661,17.58857459288761,0.0,0.012754414845954153,0.3644118527415472,-52.76572377866283,-8.12201137390474,85.86112751010117,-300.0,-0.05101765938381661,0.012754414845954153,-142.3392696808483,142.69723863305475,0.05101765938381661,0.0510176593838166,-289.6055713577419,0.056119425322198414,-75.47357245324748,-0.03826324453786245,15.305297815144982,0.05101765938381661,15.305297815144982,-25.508829691908304,-0.025508829691908305,-84.87059468366753,95.6934595203738,-0.03826324453786245,-0.05101765938381658,-15.815474408983146,0.0510176593838166,5.101765938381675,-1.020353187676332,0.0,0.0,-5.1017659383816465,300.0,0.0,10.203531876763321,0.0765264890757249,-1000.0,5.101765938381661,-89.19643970198966,0.0,-10.203531876763321,0.025508829691908305,0.510176593838166,107.1392855229008,123.25652797717737,-0.0510176593838166,-301.1916818038066,289.6055713577419,15.815474408983146,0.05101765938381661,8.12201137390474,-198.81666395525298,0.0,-0.0510176593838166,-0.012754414845954153,0.0,-0.05101765938381661,-94.89823406161834,0.051017659384043984,-0.012754414845954153,-0.012754414845954153,-0.012754414845954153,20.407063753526643,25.508829691908304,0.510176593838166,341.22458411425714,-0.012754414845954153,196.689996452914,2.5508829691908304,50.0,0.0510176593838166,0.025508829691908305,0.025508829691908305,5.101765938381661,15.815474408983146,0.0510176593838166,-15.815474408983146,0.510176593838166,0.05101765938381661,-948.0783355507984,0.05101765938381661,0.20407063753549437,0.255088296919311,0.025508829691908305,0.012754414845954153,15.305297815144982,-0.05101765938381661,75.47357245324748,-42.930563755050585,-682.4491682285143,1.275441484595433,-5.101765938381675,10.203531876763321,2.5508829691908304,-0.05101765938381661,52.76572377866283,0.0765264890757249,-0.05101765938381661,-10.203531876763321,15.815474408983146,162.8093777983652,0.025508829691908305,-100.0,-0.05101765938381661,-0.051017659384043984,-0.05101765938381661,0.02550882969190829,142.3392696808483,-10.203531876763321,0.0510176593838166,214.2785710458016,-0.012754414845954153,-0.056119425322198414,-214.2785710458016,7.652648907572489,-95.6934595203738,882.0252478345667,142.3392696808483,-0.03826324453786245,301.1916818038066,-123.25652797717737,0.05101765938381661,-0.012754414845954153,827.5740104552426,51.0176593838166,-0.025508829691908305,-0.05101765938381661,0.012754414845954153,0.0,0.0,699.974491170308,606.8537514365413,-255.0,0.0,-57.17081632718839,-140.0,137.5954726946731,662.1192983125819,-248.90437686721074,-325.0,-300.0,-331.05964915629096,127.5,124.45218843360537,-137.5954726946731,70.0,-289.7127084424479,-162.190212236569,300.0,325.0,-162.190212236569,57.17081632718839,68.27204084484146,0.0,1496.5981,hplb
481,0.0,0.0,0.0,0.0,0.0,0.0,0.0,0.0,463.8180823558143,0.0,0.0,0.0,0.0,0.0,0.0,0.0,850.6233507749355,-550.6233507749355,0.0,0.0,0.0,0.0,0.0,0.0,0.0,0.0,0.0,0.0,0.0,-850.9781172039445,0.0,0.0,61.353149671908085,0.0,0.0,0.0,0.0,721.8937722339505,0.0,-1000.0,-277.70327994195884,0.0,0.0,0.0,0.0,0.0,0.0,0.0,-807.8626288279956,0.0,0.0,0.0,0.0,0.08002498059667573,0.0,0.0,0.0,14.549996472129735,0.0,0.0,-169.93410057757418,0.0,0.0,-169.93410057757418,0.0,0.0,0.0,0.0,443.8102264687541,-443.8102264687541,0.0,0.7274998236064868,0.0,0.0,0.0,0.0,0.0,0.0,0.0,94.73582339671462,0.0,0.0,0.0,0.0,43.649989416389204,0.0,163.5272521310141,621.701156055733,520.3541382302395,-584.8160162329124,-0.018187495590162167,0.0,0.0,-807.2248377562935,21.824994708194602,0.0,21.824994708194602,-2.3425494320096902,0.0,0.0,0.0,3.6374991180324336,-969.0119096615314,0.0,0.0,-77.0390757179216,571.4680551980033,0.0,0.0,0.0,0.0,0.0,0.0,0.0,0.0,0.0,0.0,0.0,0.0,0.0,0.0,0.0,0.0,0.0,-392.14242943899546,0.0,0.0,21.824994708194602,0.0,22.552494531801088,8.806749382130349,0.0,-425.94653310425815,0.0,425.94653310425815,-425.94653310425815,109.37499999999577,0.0,0.0,-109.37499999999577,0.0,0.0,0.0,0.0,0.0,169.12900077278405,0.07274998236064867,0.0,0.0,0.0,0.0,-571.4680551980033,0.0,0.0,162.85235016567742,0.0,353.0224007886437,0.0,0.0,0.0,0.0,0.0,54.379598789799076,54.379598789799076,0.0,0.0,0.0,0.0,-910.5273733919987,0.0,0.0,54.45234877215972,0.0,0.0,0.0,666.424302881545,0.0,0.0,0.0,0.0,0.0,0.0,0.0,0.0,0.0,0.0,-895.1445198783777,0.0,0.0,0.0,0.0,-579.3128596508943,0.0,0.0,0.0,0.0,0.0,0.0,0.0,364.46187800267285,-364.46187800267285,0.0,0.0,0.0,0.0,0.0,0.0,0.0,118.03379245758686,446.2213043740491,0.0,0.0,0.0,0.0,0.0,0.0,0.0,0.0,0.0,0.0,0.0,0.0,0.0,0.0,-70.90000705574053,808.2173952570047,0.0,0.0,0.0,0.0,162.65225178157448,0.0,0.0,0.0,0.0,-169.93410057757418,808.2173952570047,0.0,0.0,0.0,0.0,0.0,0.0,0.0,0.0,0.0,0.0,0.0,0.0,-56.547603026781815,99.34465720078498,178.3004052304102,0.0,-808.2173952570047,0.0,0.0,0.0,-368.9879753979092,0.0,0.0,0.0,-148.11250801654737,0.0,0.0,0.0,0.0,342.0466421589703,-342.0466421589703,342.0466421589703,0.0,884.8160162329124,0.0,0.0,0.0,0.0,57.933697768895996,0.0,0.0,0.0,54.168026127860244,0.0,-54.168026127860244,0.0,0.0,0.0,0.0,1000.0,0.0,0.0,0.0,-169.93410057757418,-0.109124973540973,0.0,0.0,0.0,0.0,0.07274998236064867,0.0,0.0,0.0,394.83561316112525,850.6233507749355,0.0,-267.351703503386,241.13924072183414,0.0,-255.87828523376425,0.0,-1000.0,0.0,-77.0390757179216,0.0,0.0,0.0,943.9024886017038,0.0,56.097511398296206,0.0,-816.4788686662383,0.0,0.0,0.0,0.0,0.0,0.0,0.0,0.0,0.0,0.0,0.0,0.0,0.0,0.0,0.0,0.0,0.0,0.0,0.0,-1000.0,0.0,277.81522783660716,0.0,0.0,0.0,0.0,-169.12900077278405,0.0,0.0,0.0,0.0,0.0,-443.8102264687541,0.0,467.3506113343395,0.0,0.0,0.0,0.0,-473.72190295353505,-630.4997217763301,0.0,-470.98811045237187,0.0,-1.8187495590162168,-3.6374991180324336,0.0,0.0,0.0,602.147272546255,70.74630392316521,21.824994708194602,0.0,0.0,0.0,0.0,0.0,463.89083233817496,0.0,0.0,0.0,0.0,317.48907924579186,0.0,0.0,-436.27490758560396,0.0,0.0,118.03379245758686,0.0,0.0,-12.81369689312018,0.0,0.0,0.0,0.0,0.0,0.0,0.0,-92.72500176393513,0.14549996472123894,0.0,0.0,0.0,0.0,0.0,0.0,0.0,0.0,0.0,0.0,0.0,0.0,0.0,0.0,0.0,0.0,0.0,0.0,0.0,0.08002498059667573,0.08002498059667573,0.0,173.90193119495638,0.0,43.649989416389204,0.0,0.0,0.0,-867.8052420359301,0.0,0.0,163.5272521310141,0.0,0.0,528.1934902083714,867.8052420359301,0.0,0.0,0.0,0.0,0.0,0.0,0.0,0.0,0.0,0.0,0.0,0.0,0.0,130.71414314633182,-394.83561316112525,0.0,0.0,169.12900077278405,0.0,-807.2248377562935,0.0,-162.65225178157448,0.0,528.1934902083714,0.0,435.4684884444363,0.0,-734.3750000000016,734.3750000000016,0.0,0.0,0.0,0.0,0.0,0.0,0.0,0.0,0.0,0.0,0.0,0.0,0.0,0.0,43.649989416389204,0.0,0.0,0.0,0.0,0.0,0.0,0.0,0.0,0.0,0.0,0.0,0.0,0.7274998236064868,0.0,0.0,163.5272521310141,-163.5272521310141,0.0,0.0,0.0,0.0,21.824994708194602,0.0,0.0,0.0,0.0,0.0,0.0,0.0,0.0,0.0,0.0,588.5987848858326,0.0,0.0,21.824994708194602,21.824994708194602,-144.86504864126,867.8052420359301,0.0,0.0,0.0,0.0,0.0,0.0,0.0,-30.988090338468623,118.03379245758686,0.0,0.07274998236064867,0.0,0.0,0.0,60.84974703333813,0.0,0.0,807.2248377562935,0.0,0.0,0.0,0.0,0.0,0.0,0.0,0.0,0.0,0.0,0.0,0.0,0.0,0.0,0.07274998236064867,0.0,0.0,0.0,0.0,0.0,0.0,0.0,0.0,277.81522783660716,0.0,-169.12900077278405,-162.85235016567742,0.0,-1000.0,-5.4562486770486505,-3.6374991180324336,0.0,0.0,0.0,0.0,0.0,0.0,0.0,0.0,0.0,0.0,0.0,0.0,0.0,0.0,0.0,0.0,74.38380304119765,0.0,0.0,0.0,463.8180823558143,0.0,0.0,0.07274998236064867,0.0,0.07274998236064867,0.0,0.0,0.0,43.649989416389204,88.7549784799914,88.7549784799914,0.0,0.0,0.0,0.0,0.0,0.0,0.0,0.0,0.0,118.03379245758686,0.0,0.0,950.1662620829557,0.0,0.0,0.0,0.0,0.0,0.0,0.0,0.0,0.0,0.0,0.0,0.0,0.0,0.0,162.65225178157448,0.0,0.0,0.0,0.109124973540973,0.0,0.0,0.0,-21.824994708194602,0.0,0.0,0.0,0.0,0.0,-173.90193119495638,3.6374991180324336,0.0,0.0,0.0,0.0,910.5273733919987,-47.69434034677897,0.0,0.0,0.0,0.0,0.0,0.0,0.0,0.0,0.0,0.0,0.0,0.0,173.90193119495638,0.0,310.45000352787025,-77.0390757179216,0.0,-216.82334111956305,0.0,216.82334111956305,162.85235016567742,-457.7429538779006,0.0,3.6374991180324336,1000.0,0.0,0.0,0.0,-339.8682011551484,671.8749999999998,-671.8749999999998,0.0,0.0,0.0,0.0,0.0,0.0,0.0,884.2320225242802,0.0,88.7549784799914,0.0,-675.0216095846047,-675.0216095846047,675.0216095846048,0.0,0.0,0.0,0.0,0.0,0.0,0.0,0.0,190.27067722610235,-60.84974703333813,-304.623893889182,0.0,21.824994708194602,163.5272521310141,0.0,0.0,0.0,-80.7974986557621,0.0,0.0,0.08002498059667573,0.0,0.0,0.0,44.37748923999569,0.0,0.0,0.0,0.0,-70.90000705574053,0.0,571.4680551980033,0.0,0.0,0.0,0.0,0.0,0.0,0.0,0.0,0.0072749982360647,0.0072749982360647,0.0,0.0,0.0,0.0,0.0,0.0,0.0,0.0,0.0,0.0,0.0,0.0,0.0,0.0,0.0,173.90193119495638,0.0,0.0,0.0,0.0,0.0,0.0,0.0,0.0,0.0,0.0,0.0,327.0545042620282,1000.0,-106.61592727812474,-550.6233507749355,0.0,0.0,0.0,43.649989416389204,0.0,0.0,0.0,0.0,0.0,0.0,-43.649989416389204,0.0,327.0545042620282,0.0,0.0,0.0,0.0,0.0,0.0,0.0,0.0,0.0,0.0,183.52113133376167,-1000.0,1000.0,0.0,-21.824994708194602,0.0,999.7090000705576,0.0,0.0,0.0,0.0,0.0,0.0,0.0,0.0,0.0,0.0,0.0,0.0,0.0,0.0,0.0,0.0,0.0,-9.093747795081084,0.0,-5.4562486770486505,944.7100134059069,0.0,0.0,0.0,0.0,0.0,0.0,-0.9093747795081085,175.6660470587976,0.0,0.0,0.0,0.0,0.0,0.0,0.0,1000.0,21.824994708194602,21.824994708194602,0.0,0.0,0.0,0.0,94.73582339671462,0.08002498059667573,173.90193119495638,0.0,0.0,-999.7090000705576,0.0,0.0,0.0,0.0,0.0,0.0,0.0,0.0,0.0,0.0,0.0,0.0,0.0,0.0,0.0,0.0,0.0,8.806749382130349,0.0,76.38748147868111,169.12900077278405,0.0,0.0,0.0,0.0,0.0,173.90193119495638,0.0,41.71429179673686,0.0,0.0,0.0,-9.093747795081084,0.0,0.0,0.0,0.0,0.0,0.0,0.0,0.0,0.0,0.0,0.0,0.0,0.0,0.0,0.0,0.0,0.0,0.0,-0.07274998236064867,0.0,0.0,3.6374991180324336,-528.1934902083714,0.0,0.0,0.0,0.0,0.0,0.0,0.0,0.0,-943.9024886017038,1.8187495590162168,0.0,0.0,0.0,0.07274998236064867,0.0,72.74998236064867,-13.74574514967074,14.549996472129735,0.5196427311474905,220.58594955047047,-0.0545624867704865,3.6374991180324248,1.4549996472129736,-0.36374991180298366,-220.58594955047047,21.824994708194602,-0.07274998236064867,25.67969190597387,0.0,0.018187495590162167,0.5196427311474905,-77.0390757179216,-175.1090493228262,-1.4549996472129578,-300.0,-0.07274998236064867,0.018187495590162167,-220.58594955047047,7.274998236064867,0.07274998236064867,0.07274998236064867,-173.74915623199905,-163.4472271504174,0.0,-0.0545624867704865,21.824994708194602,0.07274998236064867,21.824994708194602,-36.374991180324336,-0.036374991180324334,-198.94424935280054,-170.0,-0.0545624867704865,-0.07274998236064867,-13.74574514967074,0.07274998236064867,7.274998236064867,-1.4549996472129736,162.65225178157448,162.65225178157448,-7.274998236064867,300.0,-162.65225178157448,14.549996472129733,0.109124973540973,-1000.0,7.274998236064867,-130.71414314633182,0.0,-14.549996472129735,0.036374991180324334,0.7274998236064868,66.8379258758465,188.45192766708612,-0.07274998236064867,-190.27067722610235,173.74915623199905,22.552494531801088,0.07274998236064867,175.1090493228262,-87.29997883277838,0.0,-0.07274998236064867,-0.018187495590162167,0.0,-0.07274998236064867,-664.1930569619384,0.07274998236067631,-0.018187495590162167,-0.018187495590162167,-0.018187495590162167,29.09999294425947,36.374991180324336,0.7274998236064868,215.0215494790741,-0.018187495590162167,107.99615984571912,3.6374991180324336,50.0,0.07274998236064867,0.036374991180324334,0.036374991180324334,7.274998236064867,13.74574514967074,0.07274998236064867,-13.74574514967074,0.7274998236064868,0.07274998236064867,-537.267362074338,0.07274998236064867,0.2909999294423642,0.36374991180298366,0.036374991180324334,0.018187495590162167,21.824994708194602,-0.07274998236064867,0.0,0.7274998236064789,-430.0430989581482,1.8187495590162257,-7.274998236064867,14.549996472129735,3.6374991180324336,-0.07274998236064867,77.0390757179216,0.109124973540973,-0.07274998236064867,-14.549996472129735,13.74574514967074,336.6271843752736,0.036374991180324334,-100.0,-0.07274998236064867,-0.07274998236067631,-0.07274998236064867,0.036374991180324334,220.58594955047047,-14.549996472129735,0.07274998236064867,133.675851751693,-0.018187495590162167,163.4472271504174,-133.675851751693,10.9124973540973,170.0,312.53867022644283,220.58594955047047,-0.0545624867704865,190.27067722610235,-188.45192766708612,0.07274998236064867,-0.018187495590162167,3.6374991180324336,72.74998236064867,-0.036374991180324334,-0.07274998236064867,0.018187495590162167,1000.0,0.0,699.9636250088197,322.24581259526394,-81.93542540495918,0.0,621.1128737623753,-140.0,0.0,372.1770955973376,-255.0,-325.0,-300.0,-186.0885477986688,40.96771270247959,127.5,0.0,70.0,-173.90193119495638,-255.82968571951153,300.0,325.0,-255.82968571951153,-621.1128737623753,350.5689271795444,0.0,1496.5981,hplb
482,0.0,0.0,0.0,0.0,0.0,0.0,0.0,0.0,377.56085878201174,0.0,0.0,0.0,0.0,0.0,0.0,0.0,-301.4138050380925,645.4563638827339,0.0,-177.82514864074852,0.0,0.0,0.0,237.47056724717143,0.0,705.0132884044369,0.0,0.0,0.0,690.1932916495209,0.0,0.0,0.0,0.0,0.0,0.0,0.0,-89.07606654472008,0.0,-1000.0,979.649214334836,0.0,-575.7223033506067,-104.99905751591677,0.0,0.0,0.0,0.0,-1000.0,0.0,0.0,0.0,0.0,0.07461954743894239,0.0,0.0,0.0,0.0,0.0,0.0,38.30049406454873,0.0,0.0,-94.52324670488602,0.0,0.0,0.0,0.0,217.867490129671,-217.867490129671,0.0,0.678359522172133,0.0,0.0,0.0,0.0,0.0,0.0,0.0,0.0,0.0,0.0,-278.2563241274759,0.0,40.70157133032798,0.0,0.0,1000.0,1000.0,-166.09541091162222,-0.016958988054303323,0.0,0.0,-61.9430096772909,20.35078566516399,0.0,20.35078566516399,0.0,0.0,0.0,0.0,21.611696865811624,234.04934315661012,0.0,0.0,0.0,0.0,0.0,0.0,0.0,0.0,0.0,0.0,0.0,0.0,0.0,0.0,0.0,0.0,0.0,0.0,0.0,0.0,0.0,-868.494117623588,0.0,0.0,20.35078566516399,0.0,21.029145187336123,10.632666706871264,0.0,-396.00413390692995,0.0,396.00413390692995,-396.00413390692995,0.0,0.0,0.0,-132.82374076943475,0.0,0.0,0.0,0.0,0.0,283.4796924482013,0.0678359522172133,0.0,0.0,0.0,-364.70029809620996,364.70029809620996,0.0,0.0,278.2563241274759,0.0,355.37347181731894,0.0,0.0,0.0,0.0,0.0,911.7177136356296,911.7177136356296,0.0,0.0,0.0,234.37500000000003,603.0773037556185,0.0,0.0,911.7855495878468,0.0,0.0,0.0,0.0,-469.70694261464524,0.0,0.0,0.0,0.0,0.0,0.0,0.0,0.0,0.0,-245.3351742708759,0.0,0.0,0.0,0.0,99.87411861479359,0.0,0.0,0.0,0.0,0.0,0.0,575.7223033506067,-747.2238039325596,747.2238039325596,132.82374076943475,0.0,0.0,0.0,0.0,0.0,0.0,456.1439484929108,-697.0466844705943,0.0,0.0,0.0,0.0,0.0,0.0,0.0,0.0,0.0,0.0,0.0,0.0,0.0,0.0,-72.86561911311469,35.49821003796501,0.0,0.0,0.0,0.0,-132.82374076943475,0.0,0.0,0.0,0.0,38.30049406454873,140.49726755388178,0.0,0.0,0.0,0.0,0.0,0.0,0.0,0.0,2.1843176613951982,13.567190443442659,0.0,0.0,-467.6109698780406,703.8905307039124,-171.50150058195288,0.0,-35.49821003796501,0.0,0.0,132.82374076943475,0.0,0.0,0.0,0.0,-279.18328788722533,0.0,0.0,169.21801588598169,421.8750000006821,0.0,-252.65698411470044,0.0,-421.8750000006821,252.77619606744042,0.0,-279.59258869057425,0.0,0.0,210.52764009976764,0.0,0.0,0.0,0.0,0.0,0.0,0.0,911.6498776834125,0.0,0.0,0.0,234.37500000000003,0.0,0.0,38.30049406454873,-0.10175392832581993,0.0,0.0,0.0,0.0,0.0678359522172133,0.0,0.0,0.0,-122.40922194135283,-301.4138050380925,0.0,-653.9233168766042,-138.54698685754914,469.70694261464524,1000.0,0.0,1000.0,0.0,0.0,0.0,0.0,0.0,-5.8406754859020715,0.0,-994.1593245140979,1000.0,-1000.0,0.0,0.0,0.0,0.0,0.0,0.0,0.0,0.0,0.0,0.0,0.0,0.0,0.0,0.0,0.0,0.0,0.0,-1000.0,0.0,-911.1952772641487,278.2563241274759,0.0,0.0,0.0,898.1655662711701,0.0,-285.6640101095965,0.0,0.0,0.0,894.2056668344995,18.219899254950946,-217.867490129671,0.0,0.0,-1.6958988054303323,0.0,0.0,-763.8717193072113,8.612548019120709,0.0,0.0,-12.501747238336144,628.1414157352953,0.0,760.4799216963506,0.0,0.0,146.40309801285267,115.30565684990563,0.0,20.35078566516399,0.0,0.0,0.0,0.0,0.0,377.62869473422893,0.0,0.0,0.0,0.0,-512.6480791476952,0.0,0.0,0.0,0.0,0.0,456.1439484929108,0.0,0.0,-56.22275264033729,0.0,0.0,0.0,0.0,0.0,0.0,0.0,-93.21640477827867,0.1356719044343514,0.0,0.0,0.0,0.0,0.0,0.0,0.0,0.0,0.0,0.0,0.0,0.0,0.0,0.0,0.0,0.0,0.0,0.0,0.0,0.07461954743894239,0.07461954743894239,0.0,266.43280955655734,0.0,40.70157133032798,0.0,0.0,0.0,-903.1358404758549,0.0,0.0,0.0,0.0,0.0,83.91444524124597,903.1358404758549,0.0,0.0,0.0,0.0,0.0,0.0,0.0,0.0,0.0,0.0,0.0,0.0,0.0,289.49803920786263,122.40922194135283,0.0,0.0,5.223368320725399,0.0,-61.9430096772909,0.0,0.0,0.0,83.91444524124597,0.0,932.1447510443613,-941.446710581394,0.0,0.0,0.0,0.0,0.0,0.0,0.0,0.0,0.0,0.0,0.0,0.0,0.0,0.0,0.0,0.0,40.70157133032798,132.82374076943475,132.82374076943475,0.0,0.0,0.0,0.0,0.0,0.0,0.0,0.0,0.0,0.0,0.678359522172133,0.0,0.0,0.0,0.0,0.0,575.7223033506067,0.0,0.0,20.35078566516399,0.0,0.0,0.0,0.0,0.0,0.0,0.0,0.0,0.0,0.0,263.18039313749523,0.0,0.0,20.35078566516399,20.35078566516399,1000.0,903.1358404758549,0.0,0.0,0.0,0.0,0.0,0.0,0.0,-632.2145914220519,456.1439484929108,-808.3273026250222,0.0678359522172133,0.0,0.0,0.0,47.05639892566185,32.02637103768495,0.0,61.9430096772909,0.0,0.0,0.0,0.0,0.0,0.0,0.0,0.0,0.0,0.0,0.0,0.0,0.0,0.0,0.0678359522172133,0.0,0.0,0.0,0.0,0.0,0.0,0.0,0.0,0.0,-319.3541626891371,1000.0,0.0,-316.8787302115549,-560.6263944730531,-5.08769641629101,0.0,-3.3917976108606647,0.0,140.625,140.625,-140.625,0.0,0.0,0.0,0.0,0.0,0.0,0.0,132.82374076943475,469.70694261464524,0.0,0.0,149.79489562371333,0.0,0.0,0.0,377.56085878201174,0.0,0.0,0.0678359522172133,0.0,0.0678359522172133,0.0,0.0,0.0,40.70157133032798,82.75986170500023,82.75986170500023,0.0,0.0,0.0,0.0,0.0,0.0,0.0,0.0,0.0,456.1439484929108,0.0,0.0,0.0,0.0,0.0,0.0,0.0,0.0,0.0,0.0,0.0,0.0,0.0,0.0,0.0,0.0,0.0,0.0,0.0,-705.0132884044369,705.0132884044369,0.10175392832581993,0.0,0.0,0.0,-20.35078566516399,0.0,0.0,0.0,0.0,0.0,-266.43280955655734,3.3917976108606647,0.0,0.0,0.0,-234.37500000000003,-603.0773037556185,0.0,-3.3917976108606647,0.0,0.0,0.0,0.0,0.0,0.0,0.0,132.82374076943475,0.0,0.0,0.0,266.43280955655734,0.0,311.43280955655734,32.02637103768495,649.4311172089044,33.69015257954061,316.8787302115549,-1000.0,278.2563241274759,-82.75986170500023,0.0,3.3917976108606647,1000.0,0.0,0.0,0.0,-56.22275264033729,0.0,0.0,0.0,0.0,0.0,0.0,0.0,0.0,0.0,516.8556802437242,-281.69589880543026,82.75986170500023,0.0,0.0,0.0,0.0,0.0,0.0,0.0,0.0,0.0,2.1843176613951982,0.0,0.0,0.0,-47.05639892566185,0.0,-575.7223033506067,20.35078566516399,0.0,0.0,0.0,0.0,107.49703021044286,0.0,0.0,0.07461954743894239,0.0,0.0,0.0,41.37993085250012,0.0,0.0,0.0,0.0,-72.86561911311469,0.0,0.0,0.0,0.0,0.0,0.0,0.0,0.0,0.0,0.0,179.62885002596624,0.00678359522172133,0.0,0.0,0.0,0.0,0.0,0.0,0.0,0.0,0.0,0.0,0.0,0.0,0.0,0.0,0.0,266.43280955655734,0.0,0.0,0.0,0.0,0.0,0.0,0.0,0.0,0.0,0.0,0.0,0.0,-1000.0,-484.5230440569011,645.4563638827339,0.0,0.0,0.0,40.70157133032798,0.0,0.0,0.0,0.0,0.0,0.0,-40.70157133032798,0.0,0.0,0.0,0.0,0.0,0.0,0.0,0.0,0.0,0.0,0.0,0.0,715.6151531919561,601.8347517345583,46.46762726879115,0.0,-20.35078566516399,0.0,-89.07606654472008,0.0,0.0,0.0,0.0,0.0,0.0,0.0,0.0,0.0,0.0,0.0,0.0,0.0,0.0,0.0,0.0,0.0,-8.479494027151674,132.82374076943475,-23.307595671241955,276.60820238913936,0.0,0.0,0.0,0.0,0.0,0.0,-0.8479494027151663,334.4790767678132,0.0,0.0,0.0,0.0,0.0,0.0,0.0,907.2878505669339,20.35078566516399,20.35078566516399,0.0,0.0,0.0,0.0,0.0,0.07461954743894239,266.43280955655734,0.0,0.0,89.07606654472008,179.62206643074452,0.0,0.0,0.0,0.0,0.0,0.0,0.0,0.0,0.0,0.0,0.0,0.0,0.0,0.0,0.0,0.0,10.632666706871264,0.0,71.22774982807397,0.0,0.0,5.223368320725399,0.0,0.0,0.0,266.43280955655734,0.0,0.0,0.0,0.0,0.0,-8.479494027151674,0.0,0.0,0.0,0.0,0.0,0.0,0.0,0.0,0.0,0.0,0.0,0.0,0.0,0.0,0.0,0.0,0.0,0.0,-0.0678359522172133,0.0,0.0,3.3917976108606647,-83.91444524124597,0.0,0.0,0.0,0.0,132.82374076943475,0.0,0.0,0.0,5.8406754859020715,1.6958988054303323,0.0,0.0,705.0132884044369,0.0678359522172133,0.0,67.83595221721329,-10.39647848046486,13.56719044344266,0.4845425158372378,210.52764009976764,-0.05087696416290997,12.501747238336144,1.356719044344266,-0.33917976108602943,-210.52764009976764,20.35078566516399,-0.0678359522172133,0.0,0.0,0.016958988054303323,0.4845425158372378,0.0,-10.799483592981261,-1.356719044344266,-166.21741020389283,-0.0678359522172133,0.016958988054303323,-210.52764009976764,6.783595221721329,0.0678359522172133,0.0678359522172133,-266.2903540569012,0.07461954743893275,-61.19003374059372,-0.05087696416290997,20.35078566516399,0.0678359522172133,20.35078566516399,-33.91797610860665,-0.03391797610860665,-294.1834380767252,125.9723095954962,-0.05087696416290997,-0.0678359522172133,-10.39647848046486,0.0678359522172133,6.783595221721329,-1.356719044344266,0.0,0.0,-6.783595221721329,166.21741020389283,0.0,13.567190443442659,0.10175392832581993,-111.67873605786951,6.783595221721329,-289.49803920786263,0.0,-13.567190443442659,0.03391797610860665,0.678359522172133,163.48082921915105,280.0,-0.0678359522172133,-281.69589880543026,266.2903540569012,21.029145187336123,0.0678359522172133,10.799483592981261,-81.403142660656,0.0,-0.0678359522172133,-0.016958988054303323,0.0,-0.0678359522172133,-93.21640477827867,0.0678359522172133,-0.016958988054303323,-0.016958988054303323,-0.016958988054303323,27.134380886885317,33.91797610860665,0.678359522172133,50.25796109892899,-0.016958988054303323,326.9616584383021,3.3917976108606647,50.0,0.0678359522172133,0.03391797610860665,0.03391797610860665,6.783595221721329,10.39647848046486,0.0678359522172133,-10.39647848046486,0.678359522172133,0.0678359522172133,-50.25796109892899,0.0678359522172133,0.27134380886879517,0.33917976108602943,0.03391797610860665,0.016958988054303323,20.35078566516399,-0.0678359522172133,61.19003374059372,0.678359522172133,-100.51592219785798,10.805848432905812,-6.783595221721329,13.567190443442659,3.3917976108606647,-0.0678359522172133,0.0,0.10175392832581993,-0.0678359522172133,-13.567190443442655,10.39647848046486,251.84875839968277,0.03391797610860665,-100.0,-0.0678359522172133,-0.0678359522172133,-0.0678359522172133,0.03391797610860665,210.52764009976764,-13.567190443442659,0.0678359522172133,326.9616584383021,-0.016958988054303323,-0.07461954743893275,-326.9616584383021,10.175392832581993,-125.9723095954962,-124.59775254776714,210.52764009976764,-0.05087696416290997,281.69589880543026,-280.0,0.0678359522172133,-0.016958988054303327,897.5974644453602,67.83595221721329,-0.03391797610860665,-0.0678359522172133,0.016958988054303323,639.3871279030529,0.0,24.96403292594272,0.0,-255.0,0.0,-56.32719804995941,30.527196493684528,0.0,-76.30330912924853,467.05451766656756,-325.0,-86.68078515581819,38.151654564624266,127.5,-233.52725883328378,0.0,-15.263598246842266,-266.43280955655734,-359.3457886101256,86.68078515581819,325.0,-359.3457886101256,56.32719804995941,9.146174694487634,0.0,1496.5981,hplb
483,0.0,0.0,0.0,0.0,0.0,0.0,0.0,0.0,-0.07877023053620043,0.0,0.0,0.0,0.0,0.0,0.0,0.0,0.0,0.0,0.0,159.18993359732758,0.0,0.0,0.0,0.0,0.0,0.0,0.0,0.0,0.0,604.6023249026664,0.0,0.0,97.25305776880302,0.0,0.0,0.0,0.0,931.0290244583406,0.0,-1000.0,1000.0,0.0,0.0,0.0,0.0,0.0,369.21827078465935,0.0,-604.6023249026664,-199.88084104498014,0.0,0.0,0.0,0.08664725358989839,0.0,0.0,0.0,15.754046107240086,0.0,0.0,-48.31185614545264,0.0,0.0,-93.29052632764453,0.0,0.0,0.0,0.0,282.3337131917782,-282.3337131917782,0.0,0.7877023053620043,0.0,0.0,0.0,0.0,0.0,0.0,0.0,96.8570960734153,0.0,0.0,0.0,0.0,47.26213832172027,0.0,0.0,0.0,0.0,222.26484637271074,-0.019692557634050107,0.0,0.0,492.71900949909764,23.631069160860132,0.0,23.631069160860132,-2.536401423265488,0.0,0.0,0.0,326.1959106488129,401.21878852770493,0.0,0.0,-41.006120136346865,0.0,0.0,0.0,0.0,0.0,0.0,0.0,0.0,0.0,0.0,0.0,0.0,0.0,0.0,0.0,0.0,0.0,0.0,-816.199372720813,0.0,0.0,23.631069160860132,0.0,24.418771466222136,0.0,0.0,0.0,0.0,0.0,0.0,0.0,0.0,0.0,-44.97867018219189,0.0,0.0,0.0,0.0,0.0,6.065307751287447,0.07877023053620043,0.0,0.0,0.0,0.0,0.0,0.0,0.0,0.0,0.0,-120.44355645205297,0.0,0.0,0.0,0.0,0.0,266.1690462562611,266.1690462562611,0.0,0.0,0.0,0.0,-35.0951495478007,0.0,0.0,266.24781648679726,0.0,0.0,0.0,0.0,0.0,0.0,0.0,0.0,0.0,0.0,0.0,0.0,0.0,0.0,0.0,0.0,0.0,0.0,0.0,-1000.0,0.0,0.0,0.0,0.0,0.0,199.88084104498014,0.0,77.73515362728926,-77.73515362728926,0.6913100838708033,0.0,0.0,0.0,0.0,0.0,0.0,203.3835363749615,454.7063950863644,0.0,0.0,0.0,0.0,0.0,0.0,0.0,0.0,0.0,0.0,0.0,0.0,0.0,0.0,-68.49190778551983,0.0,0.0,0.0,0.0,44.287360098321074,162.04420671584376,0.0,0.0,0.0,0.0,-48.31185614545264,0.0,0.0,0.0,0.0,0.0,0.0,0.0,0.0,0.0,0.0,0.0,0.0,0.0,222.14669102690644,144.41153739961715,-526.8671712753771,0.0,0.0,0.0,0.0,44.97867018219189,-903.9003187458354,0.0,0.0,0.0,73.96053637142182,0.0,0.0,-484.3749999999943,515.6250000000057,515.6250000000057,-1000.0,0.0,0.0,77.73515362728926,0.0,841.5274121272832,199.88084104498014,0.0,57.03342639628465,0.0,0.0,0.0,0.0,0.0,0.0,0.0,635.3085468103843,0.0,44.287360098321074,1000.0,0.0,0.0,0.0,-48.31185614545264,-0.11815534580430065,0.0,0.0,0.0,0.0,0.07877023053620043,0.0,0.0,0.0,813.6334140394254,0.0,0.0,-27.337413424231244,272.8828154662444,0.0,845.097755169779,0.0,-113.05569300341426,0.0,-41.006120136346865,0.0,0.0,0.0,-6.782116849166934,0.0,119.83780985258122,-1000.0,-1000.0,0.0,0.0,0.0,0.0,0.0,0.0,0.0,0.0,0.0,0.0,0.0,0.0,0.0,0.0,0.0,0.0,0.0,-253.3396346441837,0.0,-1000.0,0.0,68.97097554165946,0.0,0.0,0.0,0.0,641.1930682491343,0.0,0.0,0.0,0.0,322.2573991220029,-282.3337131917782,685.1183841295949,-165.06721108781147,0.0,0.0,0.0,0.0,0.0,-225.9019252695751,-685.1183841295949,0.0,572.2223727827347,-1.9692557634050107,-3.9385115268100215,56.578232475027704,0.0,62.22554616204742,0.0,0.0,23.631069160860132,0.0,0.0,0.0,0.0,0.0,0.0,0.0,0.0,0.0,0.0,280.2520740291068,0.0,0.0,0.0,0.0,0.0,203.3835363749615,0.0,0.0,-141.60238247309718,0.0,0.0,178.533313991081,0.0,0.0,0.0,0.0,-92.12297694637996,0.15754046107235808,0.0,0.0,0.0,0.0,0.0,0.0,0.0,0.0,0.0,0.0,0.0,0.0,0.0,0.0,0.0,0.0,0.0,0.0,0.0,0.08664725358989839,0.08664725358989839,0.0,264.2459538927599,0.0,47.26213832172027,0.0,0.0,0.0,1000.0,0.0,0.0,0.0,0.0,0.0,643.2424472784223,-1000.0,0.0,0.0,951.3783672971663,0.0,0.0,178.533313991081,0.0,0.0,0.0,0.0,0.0,0.0,0.0,272.06645757360434,-813.6334140394254,0.0,0.0,6.065307751287447,0.0,1000.0,-507.28099050090236,-670.0165073006169,0.0,-455.92798684233344,0.0,0.0,551.1194703320424,921.8749999999991,-921.8749999999991,0.0,0.0,0.0,0.0,0.0,0.0,0.0,0.0,0.0,0.0,0.0,0.0,0.0,0.0,47.262138321720265,44.97867018219189,44.97867018219189,0.0,0.0,0.0,0.0,0.0,0.0,0.0,0.0,0.0,0.0,0.7877023053620043,0.0,0.0,0.0,0.0,0.0,0.0,0.0,0.0,23.631069160860132,-951.3783672971663,0.0,0.0,0.0,0.0,0.0,0.0,0.0,0.0,0.0,-889.8004474798556,763.798862622194,0.0,23.63106916086013,23.631069160860132,-536.0891161284756,-1000.0,0.0,178.533313991081,0.0,0.0,0.0,0.0,0.0,-401.21878852770493,203.3835363749615,-224.04267678107732,0.07877023053620043,0.0,0.0,-786.6042675061393,890.6316098192688,0.0,0.0,-492.71900949909764,0.0,0.0,0.0,0.0,0.0,0.0,84.55157185544276,0.0,0.0,0.0,0.0,0.0,0.0,0.0,0.07877023053620043,0.0,0.0,0.0,-1000.0,1000.0,0.0,0.0,0.0,68.97097554165946,0.0,641.1930682491343,0.0,0.0,-746.6603653558163,-5.907767290215032,-3.9385115268100215,0.0,0.0,-265.625,-265.625,265.625,0.0,0.0,0.0,0.0,0.0,0.0,0.0,44.97867018219189,0.0,0.0,0.0,66.16405768885744,0.0,0.0,0.0,-0.07877023053620043,0.0,0.0,0.07877023053620043,0.0,0.07877023053620043,253.65471556632826,0.0,0.0,47.26213832172027,96.09968125416454,96.09968125416454,0.0,0.0,0.0,0.0,0.0,0.0,0.0,0.0,0.0,203.3835363749615,0.0,0.0,0.0,0.0,0.0,0.0,0.0,0.0,0.0,0.0,0.0,0.0,0.0,0.0,0.0,0.0,0.0,162.73551679971456,0.0,0.0,0.0,0.11815534580430065,0.0,0.0,0.0,-23.631069160860132,0.0,0.0,0.0,0.0,0.0,-264.2459538927599,3.9385115268100215,0.0,0.0,0.0,0.0,35.0951495478007,-188.28990810093302,0.0,0.0,0.0,0.0,0.0,0.0,0.0,0.0,44.97867018219189,0.0,951.3783672971663,934.7748825158968,264.2459538927599,0.0,-71.53644222508609,-41.006120136346865,0.0,452.90316014820127,0.0,-452.90316014820127,0.0,-1000.0,0.0,3.9385115268100215,609.3000501425611,0.0,0.0,0.0,-141.60238247309718,0.0,0.0,553.2746490743216,-553.2746490743216,0.0,-647.2583760004218,0.0,0.0,0.0,0.0,-11.81553458043004,96.09968125416454,0.0,0.0,0.0,0.0,0.0,0.0,0.0,0.0,0.0,0.0,0.0,0.0,270.15372118297495,-104.02734231312934,-561.1750848845716,0.0,23.631069160860132,0.0,0.0,0.0,0.0,-297.50594157653484,0.0,0.0,0.08664725358989839,0.0,0.0,0.0,48.04984062708227,0.0,0.0,0.0,0.0,-68.49190778551983,0.0,0.0,0.0,0.0,0.0,0.0,0.0,0.0,1000.0,0.0,0.007877023053620043,0.007877023053620043,0.0,0.0,0.0,0.0,0.0,253.65471556632826,0.0,0.0,0.0,-786.6042675061393,0.0,0.0,0.0,0.0,0.0,264.2459538927599,0.0,0.0,0.0,0.0,0.0,0.0,0.0,199.88084104498014,0.0,0.0,0.0,0.0,396.11502082194437,0.0,0.0,0.0,0.0,0.0,47.26213832172027,0.0,0.0,0.0,0.0,0.0,-1000.0,952.7378616782797,0.0,0.0,0.0,0.0,0.0,0.0,0.0,0.0,0.0,0.0,0.0,0.0,224.04267678107732,-1000.0,53.95760791729728,0.0,-23.631069160860132,0.0,746.3452844336717,0.0,0.0,0.0,0.0,0.0,0.0,0.0,0.0,0.0,384.1145833333333,0.0,-384.1145833333333,-384.1145833333333,0.0,0.0,0.0,0.0,-9.846278817025054,44.97867018219189,-328.1651664122179,5.907767290214986,0.0,0.0,0.0,0.0,0.0,-1000.0,999.0153721182975,141.60238247309718,0.0,0.0,0.0,0.0,0.0,0.0,0.0,1000.0,23.631069160860132,23.63106916086013,0.0,0.0,0.0,0.0,96.8570960734153,0.08664725358989839,264.2459538927599,0.0,0.0,-1000.0,0.0,0.0,0.0,0.0,0.0,0.0,0.0,0.0,0.0,0.0,0.0,0.0,0.0,0.0,126.82735778316413,0.0,0.0,0.0,0.0,82.70874206301046,0.0,0.0,6.065307751287447,0.0,0.0,0.0,264.2459538927599,0.0,181.8149951508575,0.0,0.0,0.0,-9.846278817025054,0.0,0.0,0.0,0.0,0.0,0.0,0.0,0.0,0.0,0.0,0.0,0.0,0.0,0.0,0.0,0.0,0.0,0.0,-0.07877023053620043,0.0,0.0,3.9385115268100215,-643.2424472784223,0.0,0.0,0.0,0.0,44.97867018219188,0.0,0.0,0.0,6.782116849166934,1.9692557634050107,0.0,0.0,0.0,0.07877023053620043,0.0,78.77023053620043,-24.418771466222136,15.754046107240086,0.5626445038300031,219.7689431959992,-0.059077672902150324,165.06721108781147,1.5754046107240087,253.26086441364748,-219.7689431959992,23.63106916086013,-0.07877023053620043,13.668706712115622,178.533313991081,0.019692557634050107,0.5626445038300031,-41.006120136346865,-12.540220701363012,-1.5754046107240087,-159.18993359732758,-0.07877023053620043,0.019692557634050107,-219.7689431959992,7.877023053620043,0.07877023053620043,0.07877023053620043,-264.0805364086338,0.08664725358982048,-107.36379444248927,-0.059077672902150324,23.63106916086013,0.07877023053620043,23.631069160860132,-39.385115268100215,-0.039385115268100214,309.81959116723596,-170.0,-0.059077672902150324,-0.07877023053620043,-24.418771466222136,0.07877023053620043,7.877023053620043,-1.5754046107240087,162.73551679971456,162.73551679971456,-7.877023053620043,159.18993359732758,-162.73551679971456,15.754046107240086,0.11815534580430065,-912.054826640201,7.877023053620043,-272.06645757360434,178.533313991081,-15.754046107240086,0.039385115268100214,0.7877023053620043,6.834353356057811,280.0,-0.07877023053620043,-281.969255763405,264.0805364086338,24.418771466222136,0.07877023053620043,12.540220701363012,84.00903734764097,178.533313991081,-0.07877023053620043,-0.019692557634050107,-178.533313991081,-0.07877023053620043,-92.12297694637996,0.07877023053617904,-0.019692557634050107,-0.019692557634050107,-0.019692557634050107,31.508092214480172,39.385115268100215,0.7877023053620043,58.358894548508246,-0.019692557634050107,0.0,3.9385115268100215,50.0,0.07877023053620043,0.039385115268100214,0.039385115268100214,75.0,24.418771466222136,0.07877023053620043,-24.418771466222136,0.7877023053620043,0.07877023053620043,-58.358894548508246,0.07877023053620043,0.31508092214457406,-253.26086441364748,0.039385115268100214,0.019692557634050107,23.63106916086013,-0.07877023053620043,107.36379444248927,0.7877023053620044,-116.71778909701649,163.09795532440646,-7.877023053620043,15.754046107240086,3.9385115268100215,-0.07877023053620043,41.006120136346865,0.11815534580430065,-0.07877023053620043,-150.0,24.418771466222136,465.9479574345865,0.039385115268100214,-100.0,-0.07877023053620043,-0.07877023053617904,-0.07877023053620043,0.039385115268100214,219.7689431959992,-15.754046107240086,0.07877023053620043,13.668706712115622,-0.019692557634050107,-0.08664725358982048,-13.668706712115622,11.815534580430064,170.0,92.81679710474523,219.7689431959992,-0.059077672902150324,281.969255763405,-280.0,0.07877023053620043,-0.01969255763405011,3.9385115268100215,78.77023053620043,-0.039385115268100214,-0.07877023053620043,0.019692557634050107,883.9808721345697,0.0,612.0154415249328,0.0,-255.0,0.0,783.3291000047112,-140.0,0.0,-80.0,-255.0,55.782396117846005,-300.0,40.0,127.5,127.5,0.0,70.0,-264.2459538927599,-168.44201585805166,300.0,-55.782396117846005,-168.44201585805166,-783.3291000047112,345.7215198017251,0.0,1496.5981,hplb
484,0.0,0.0,0.0,0.0,0.0,0.0,0.0,0.0,502.65342692582317,0.0,0.0,0.0,0.0,0.0,0.0,0.0,-691.5529650626728,269.3511739359952,0.0,555.4413930030921,0.0,0.0,0.0,751.9177964002575,0.0,0.0,0.0,0.0,0.0,691.5529650626728,0.0,0.0,91.18539391675459,0.0,0.0,0.0,0.0,618.9981056737954,0.0,-488.49487177637485,1000.0,0.0,-561.4210012956156,0.0,0.0,0.0,0.0,0.0,0.0,-234.85607250772546,0.0,-438.5789987043844,0.0,0.11389697041954605,0.0,0.0,0.0,20.7085400763252,0.0,0.0,-66.78645637115811,0.0,0.0,-66.78645637115811,1000.0,0.0,0.0,0.0,677.0195718341303,-663.8929020130555,0.0,1.03542700381626,0.0,0.0,0.0,0.0,0.0,0.0,0.0,0.0,0.0,0.0,0.0,0.0,62.1256202289756,0.0,57.66779589088256,0.0,1000.0,-289.8882549410375,863.8898545467746,0.0,0.0,837.3345600092052,31.0628101144878,0.0,121.35700562869556,0.0,0.0,0.0,0.0,5.1771350190813,691.5529650626728,0.0,0.0,-46.52631240481169,0.0,981.6161312953252,0.0,0.0,0.0,0.0,0.0,0.0,0.0,0.0,0.0,0.0,0.0,0.0,0.0,0.0,0.0,0.0,-489.86125163862755,0.0,0.0,121.35700562869556,0.0,32.098237118304056,21.330057216048544,0.0,0.0,0.0,0.0,0.0,0.0,0.0,0.0,0.0,0.0,0.0,0.0,0.0,0.0,65.64058382026778,0.103542700381626,863.91574022187,0.0,0.0,0.0,-695.7085400763252,0.0,0.0,0.0,0.0,668.6569911554269,0.0,0.0,0.0,0.0,0.0,142.90571434621074,142.90571434621074,0.0,0.0,0.0,0.0,0.0,0.0,0.0,143.00925704659238,0.0,0.0,0.0,-374.7707868300306,0.0,0.0,0.0,0.0,0.0,0.0,0.0,0.0,0.0,0.0,-637.1318839339649,0.0,0.0,0.0,0.0,-859.0248289886131,0.0,0.0,0.0,0.0,0.0,234.85607250772546,1000.0,-558.5490311124496,558.5490311124496,0.0,0.0,0.0,0.0,0.0,0.0,0.0,0.0,884.0561467547594,0.0,0.0,0.0,0.0,0.0,0.0,0.0,0.0,0.0,0.0,0.0,0.0,0.0,0.0,727.4198157431833,-1000.0,0.0,0.0,0.0,0.0,34.6284608112259,0.0,0.0,0.0,0.0,-66.78645637115811,-1000.0,0.0,0.0,0.0,0.0,0.0,0.0,0.0,0.0,3.3340749522898534,0.0,90.29419551420776,0.0,-981.5965340542828,15.53149576255123,441.4509688875504,0.0,1000.0,0.0,0.0,0.0,-777.824575231553,0.0,0.0,0.0,78.15875982162612,0.0,0.0,-196.47733535066965,0.0,0.0,-196.47733535066965,0.0,0.0,441.4509688875504,0.0,-172.33546287774652,234.85607250772546,0.0,296.91578768560765,0.0,0.0,0.0,0.0,0.0,0.0,0.0,369.5652158708042,0.0,0.0,1000.0,0.0,0.0,0.0,-66.78645637115811,-0.155314050572439,0.0,0.0,0.0,0.0,0.103542700381626,0.0,0.0,0.0,699.7052875964018,-691.5529650626728,0.0,-648.0856406753045,682.266535450915,0.0,992.0655457050208,0.0,7.39575105476581,0.0,-46.52631240481169,0.0,0.0,0.0,51.071373962425525,-677.0195718341303,618.552446816939,0.0,-260.13098324474936,0.0,0.0,0.0,0.0,0.0,0.0,0.0,0.0,0.0,0.0,0.0,0.0,0.0,0.0,0.0,0.0,0.0,0.0,0.0,-619.4122764753216,0.0,0.0,0.0,0.0,0.0,0.0,-68.97465877255763,0.0,0.0,0.0,0.0,0.0,0.0,-471.0626488859385,21.401887467398062,80.85819476494352,0.0,0.0,-23.080963199028332,-817.9590933460817,0.0,471.0626488859385,-26.57902248647936,0.0,-83.44676227448417,17.903828179947034,263.477537444046,0.0,0.0,0.0,-54.17608542698213,121.35700562869556,0.0,0.0,0.0,0.0,0.0,502.7569696262048,0.0,0.0,0.0,0.0,-293.8510109246565,0.0,0.0,-399.76643189762274,0.0,0.0,0.0,0.0,0.0,-18.237320960551102,0.0,0.0,129.2914599236748,0.0,0.0,0.0,0.0,-89.6457299618374,0.20708540076270765,0.0,0.0,0.0,0.0,0.0,0.0,0.0,0.0,0.0,13.126669821074763,0.0,0.0,0.0,0.0,0.0,0.0,0.0,0.0,0.0,0.11389697041954605,0.11389697041954605,0.0,259.2914599236748,0.0,62.1256202289756,0.0,0.0,0.0,0.0,0.0,0.0,57.66779589088256,0.0,0.0,356.49837389155044,0.0,0.0,0.0,965.1762648480317,0.0,0.0,129.2914599236748,0.0,0.0,0.0,0.0,0.0,0.0,0.0,163.2870838795425,-699.7052875964018,695.7085400763252,0.0,65.64058382026778,0.0,802.7060991979794,34.6284608112259,0.0,0.0,356.49837389155044,0.0,266.85264392971305,0.0,609.3749999999989,-609.3749999999989,0.0,0.0,0.0,0.0,0.0,0.0,0.0,0.0,0.0,0.0,0.0,0.0,0.0,0.0,62.1256202289756,0.0,0.0,0.0,0.0,0.0,0.0,0.0,0.0,0.0,0.0,0.0,0.0,1.03542700381626,0.0,0.0,57.66779589088256,-57.66779589088256,0.0,1000.0,0.0,0.0,121.35700562869556,-965.1762648480317,0.0,0.0,0.0,0.0,0.0,0.0,0.0,0.0,0.0,-936.9751542224116,842.3121551099626,0.0,31.0628101144878,31.0628101144878,103.00101569753724,0.0,0.0,129.2914599236748,0.0,0.0,0.0,0.0,0.0,-418.12257968561903,0.0,-260.13098324474936,0.103542700381626,0.0,0.0,0.0,51.42269880408314,0.0,0.0,-837.3345600092052,0.0,0.0,0.0,0.0,0.0,0.0,0.0,0.0,0.0,0.0,0.0,0.0,0.0,0.0,0.103542700381626,0.0,0.0,0.0,0.0,0.0,0.0,0.0,0.0,0.0,0.0,548.2173993986958,0.0,-617.1920581712534,-619.4122764753216,-7.76570252862195,-5.1771350190813,0.0,0.0,0.0,0.0,0.0,0.0,0.0,0.0,0.0,0.0,0.0,0.0,0.0,0.0,0.0,0.0,-48.99895040790083,0.0,0.0,0.0,502.65342692582317,0.0,0.0,0.103542700381626,0.0,0.103542700381626,0.0,0.0,0.0,62.1256202289756,126.32209446558372,126.32209446558372,0.0,0.0,0.0,0.0,0.0,0.0,0.0,695.7085400763252,0.0,0.0,0.0,0.0,59.98640046528328,0.0,0.0,0.0,0.0,0.0,0.0,0.0,0.0,0.0,0.0,0.0,0.0,0.0,0.0,34.6284608112259,0.0,0.0,0.0,0.155314050572439,0.0,0.0,0.0,-121.35700562869556,0.0,0.0,0.0,0.0,0.0,-259.2914599236748,5.1771350190813,0.0,0.0,0.0,0.0,0.0,68.97465877255763,0.0,0.0,0.0,0.0,0.0,0.0,0.0,0.0,0.0,0.0,965.1762648480317,0.0,259.2914599236748,0.0,1000.0,-46.52631240481169,0.0,0.0,617.1920581712534,-617.1920581712534,0.0,-904.1466696971368,0.0,5.1771350190813,1000.0,0.0,0.0,0.0,-133.57291274231622,0.0,0.0,0.0,0.0,0.0,0.0,0.0,0.0,0.0,698.0326315911774,-76.43215271445627,126.32209446558372,0.0,0.0,0.0,0.0,0.0,0.0,0.0,0.0,0.0,3.3340749522898534,0.0,0.0,206.15641479508426,-64.54936862515783,322.8410069180483,-561.4210012956156,31.0628101144878,57.66779589088256,0.0,0.0,0.0,194.3782158259408,0.0,0.0,0.11389697041954605,0.0,0.0,0.0,63.16104723279186,0.0,0.0,0.0,0.0,727.4198157431833,0.0,0.0,0.0,0.0,0.0,0.0,0.0,0.0,0.0,0.0,489.2008597253547,0.010354270038162916,0.0,0.0,0.0,0.0,0.0,0.0,0.0,0.0,0.0,0.0,0.0,0.0,0.0,0.0,0.0,259.2914599236748,0.0,0.0,0.0,0.0,0.0,0.0,0.0,234.85607250772546,0.0,0.0,0.0,115.33559178176512,0.0,0.0,269.3511739359952,0.0,0.0,0.0,62.12562022897559,0.0,0.0,0.0,0.0,0.0,637.6336864753752,-699.7593067043507,0.0,115.33559178176512,0.0,0.0,0.0,0.0,0.0,0.0,0.0,0.0,0.0,0.0,1000.0,273.43038537705377,130.9131502266971,-121.35700562869556,0.0,0.0,618.9981056737954,0.0,0.0,0.0,0.0,0.0,0.0,0.0,0.0,0.0,410.15625,0.0,-410.15625,-410.15625,0.0,0.0,0.0,0.0,-12.942837547703249,0.0,-7.76570252862195,128.6528506511177,0.0,0.0,0.0,0.0,0.0,0.0,-1.294283754770325,18.237320960551102,0.0,0.0,0.0,0.0,0.0,0.0,0.0,1000.0,31.0628101144878,31.0628101144878,0.0,0.0,0.0,0.0,0.0,0.11389697041954605,259.2914599236748,0.0,0.0,-618.9981056737954,489.19050545531655,0.0,0.0,0.0,0.0,0.0,0.0,0.0,0.0,0.0,0.0,0.0,0.0,0.0,0.0,0.0,0.0,21.330057216048544,0.0,108.7198354007073,65.64058382026778,0.0,0.0,0.0,0.0,0.0,259.2914599236748,0.0,-74.15179379163894,0.0,0.0,0.0,-12.942837547703249,0.0,0.0,0.0,0.0,0.0,0.0,0.0,0.0,0.0,0.0,0.0,0.0,0.0,0.0,0.0,0.0,0.0,0.0,-0.103542700381626,0.0,0.0,5.1771350190813,-356.49837389155044,0.0,0.0,0.0,0.0,0.0,0.0,0.0,0.0,-51.071373962425525,2.58856750954065,0.0,0.0,0.0,0.103542700381626,0.0,103.54270038162599,-10.768179902255497,20.7085400763252,0.7395907170116143,331.5442484968336,-0.0776570252862195,5.177135019081302,2.07085400763252,-0.5177135019078372,-331.5442484968336,31.0628101144878,-0.103542700381626,15.508770801603896,129.2914599236748,0.0258856750954065,0.7395907170116143,-46.52631240481169,-74.15179379163894,-2.07085400763252,-133.23960187641444,-0.103542700381626,0.0258856750954065,-331.5442484968336,10.3542700381626,0.103542700381626,0.103542700381626,-259.0740202528736,-57.5538989204628,-87.77849906896857,-0.0776570252862195,31.0628101144878,0.103542700381626,121.35700562869556,38.52284532339476,-0.051771350190813,-487.8258672768349,-45.08627354977013,-0.0776570252862195,-0.103542700381626,-10.768179902255497,0.103542700381626,10.3542700381626,-2.07085400763252,34.6284608112259,34.6284608112259,-10.3542700381626,133.23960187641444,-34.6284608112259,20.7085400763252,0.155314050572439,0.0,10.3542700381626,-163.2870838795425,129.2914599236748,-20.7085400763252,0.051771350190813,1.03542700381626,162.02141016882612,280.0,-0.103542700381626,-282.58856750954055,259.0740202528736,32.098237118304056,0.103542700381626,74.15179379163894,-85.25397604848426,129.2914599236748,-0.103542700381626,-0.0258856750954065,-129.2914599236748,-0.103542700381626,-89.6457299618374,0.103542700381626,-0.0258856750954065,-0.0258856750954065,-0.0258856750954065,41.4170801526504,-38.52284532339476,1.03542700381626,76.71219814523667,-0.0258856750954065,308.53404953604837,5.1771350190813,50.0,0.103542700381626,0.051771350190813,0.051771350190813,75.0,10.768179902255497,0.103542700381626,-10.768179902255497,1.03542700381626,0.103542700381626,-76.71219814523667,0.103542700381626,0.4141708015262111,0.5177135019078372,0.051771350190813,0.0258856750954065,31.0628101144878,-0.103542700381626,87.77849906896857,1.03542700381626,-153.42439629047334,2.588567509540648,-10.3542700381626,20.7085400763252,5.1771350190813,-0.103542700381626,46.52631240481169,0.155314050572439,-0.103542700381626,-150.0,10.768179902255497,401.94079273896335,0.051771350190813,-100.0,-0.103542700381626,-0.103542700381626,-0.103542700381626,0.051771350190813,331.5442484968336,-20.7085400763252,0.103542700381626,324.04282033765224,-0.0258856750954065,57.5538989204628,-324.04282033765224,15.531405057243898,45.08627354977013,-170.69649801155185,331.5442484968336,-0.0776570252862195,282.58856750954055,-280.0,0.103542700381626,-0.0258856750954065,5.1771350190813,103.54270038162599,-0.051771350190813,-0.103542700381626,0.0258856750954065,0.0,0.0,-151.61448529670375,0.0,-255.0,0.0,86.85385814048948,-140.0,0.0,3.0703708477216907,319.6687832531429,-325.0,-151.56271394651293,-1.5351854238608442,127.5,-159.8343916265715,0.0,70.0,-259.2914599236748,-596.3190085649042,151.56271394651293,325.0,-596.3190085649042,-86.85385814048948,80.87678207540557,0.0,1496.5981,hplb
485,0.0,0.0,0.0,0.0,0.0,0.0,0.0,0.0,-0.02249919196707367,0.0,0.0,0.0,0.0,0.0,0.0,0.0,1000.0,-35.95107599805212,0.0,-1000.0,0.0,0.0,0.0,0.0,0.0,0.0,0.0,0.0,0.0,-1000.0,0.0,0.0,60.418484970587556,0.0,0.0,0.0,0.0,577.4812199917164,0.0,-1000.0,341.97419407227915,0.0,0.0,-244.9918450420119,0.0,0.0,0.0,0.0,235.35096976878248,0.0,0.0,545.6034165314195,0.0,0.02474911116377143,0.0,0.0,0.0,4.499838393414734,0.0,0.0,95.0702930979221,0.0,0.0,-196.08487271354505,0.0,0.0,0.0,0.0,1000.0,-319.90606905901836,0.0,0.22499191967073673,0.0,0.0,0.0,0.0,0.0,0.0,0.0,0.0,0.0,0.0,0.0,0.0,13.499515180244202,0.0,0.0,-425.3562830394404,139.9144945864677,0.0,-0.005624797991768417,0.0,0.0,0.0,6.749757590122101,0.0,6.749757590122101,0.0,0.0,0.0,0.0,1.1249595983536835,-1000.0,0.0,0.0,-79.0842828869401,747.4363029338974,0.0,0.0,0.0,0.0,0.0,0.0,0.0,0.0,0.0,0.0,0.0,0.0,0.0,0.0,0.0,0.0,0.0,-578.8794307439728,0.0,0.0,6.749757590122101,0.0,6.974749509792838,6.974749509792838,0.0,-1000.0,1000.0,0.0,0.0,-291.15516581146716,0.0,0.0,0.0,0.0,0.0,0.0,0.0,0.0,1.732437781464796,0.022499191967085608,0.0,0.0,0.0,-747.4363029338974,0.0,0.0,0.0,0.0,0.0,105.62367936494127,0.0,0.0,0.0,0.0,0.0,-6.048412934768703,-6.048412934768703,0.0,0.0,0.0,296.875,-865.8605527300756,0.0,0.0,-6.025913742801618,0.0,0.0,0.0,-234.35645772567995,-944.8437989491621,0.0,0.0,0.0,0.0,0.0,0.0,0.0,0.0,0.0,-678.4733004153724,0.0,0.0,0.0,0.0,-808.1967084522223,0.0,0.0,0.0,0.0,0.0,0.0,-545.6034165314195,160.0855054135323,-160.0855054135323,0.0,0.0,0.0,0.0,0.0,0.0,0.0,0.0,-1000.0,0.0,0.0,0.0,0.0,0.0,0.0,0.0,0.0,0.0,0.0,0.0,0.0,0.0,64.38159382359454,-91.00032321317053,310.252446762637,0.0,0.0,0.0,291.15516581146716,108.65106090647552,0.0,0.0,0.0,0.0,95.0702930979221,555.2442918046489,0.0,0.0,214.70702088938634,0.0,0.0,0.0,0.0,0.0,619.4439385822772,0.0,0.0,0.0,999.9662512120494,979.7952403849848,-575.5232243885451,0.0,-310.252446762637,0.0,0.0,291.15516581146716,666.4816871414096,0.0,0.0,0.0,-99.31926550090395,0.0,0.0,215.6927509397097,0.0,0.0,215.6927509397097,0.0,0.0,300.0,0.0,-140.25684078244234,0.0,0.0,-31.9288162987543,0.0,0.0,0.0,-1000.0,0.0,1000.0,0.0,-6.070912126735789,0.0,291.15516581146716,-325.0988997642671,296.875,0.0,0.0,95.0702930979221,-0.0337487879506105,0.0,0.0,0.0,0.0,0.022499191967085608,0.0,0.0,0.0,73.35195137334746,1000.0,0.0,-52.72285525796007,-12.078033743912773,944.8437989491621,174.52565410413538,0.0,855.9342625347609,0.0,-79.0842828869401,0.0,0.0,0.0,-1.9371804283650333,-1000.0,146.00291789360412,-486.8811493989331,-1000.0,0.0,0.0,0.0,0.0,0.0,0.0,0.0,0.0,0.0,0.0,0.0,0.0,0.0,0.0,0.0,0.0,214.70702088938634,270.4904671890299,0.0,-307.08074957055555,0.0,0.0,618.7194646009381,0.0,574.7228614984365,792.2317753925597,-621.176376363742,0.0,0.0,0.0,0.0,0.0,0.0,0.0,0.0,-535.5052707746895,0.0,419.2734868430705,0.0,-176.2980798772688,0.0,0.0,-1.1249595983536835,1000.0,534.9427909755127,-1.1249595983536835,0.0,0.0,506.8475250404023,-631.4659172386821,-423.6884005009528,6.749757590122101,-265.6250000000124,265.6250000000124,0.0,235.2961926790822,0.0,0.0,0.0,-64.38159382359454,64.38159382359454,64.38159382359454,94.28825181444316,0.0,0.0,0.0,0.0,0.0,0.0,0.0,0.0,-101.01457961562295,0.0,0.0,174.19829755826584,0.0,0.0,0.0,0.0,-97.75008080329263,0.04499838393439859,0.0,0.0,0.0,0.0,0.0,0.0,0.0,0.0,0.0,680.0939309409816,0.0,0.0,0.0,0.0,0.0,0.0,0.0,0.0,0.0,0.02474911116377143,0.02474911116377143,0.0,0.0,0.0,13.499515180244202,0.0,202.75646043645204,0.0,1000.0,0.0,0.0,0.0,0.0,0.0,172.78692634070063,-1000.0,0.0,0.0,763.7585720123755,0.0,0.0,174.19829755826584,0.0,0.0,0.0,0.0,0.0,0.0,0.0,192.95981024799093,-73.35195137334746,0.0,0.0,1.732437781464796,0.0,0.0,0.0,-108.65106090647552,0.0,172.78692634070063,0.0,675.960599072497,-600.923753535089,0.0,0.0,64.38159382359454,0.0,0.0,0.0,0.0,0.0,0.0,0.0,0.0,0.0,0.0,0.0,0.0,0.0,13.499515180244202,291.15516581146716,291.15516581146716,0.0,0.0,0.0,0.0,0.0,0.0,0.0,0.0,0.0,0.0,0.22499191967073673,0.0,0.0,0.0,0.0,0.0,-545.6034165314195,0.0,0.0,6.749757590122101,-763.7585720123755,0.0,0.0,0.0,0.0,0.0,0.0,0.0,0.0,0.0,668.776604722051,0.0,0.0,6.749757590122101,6.749757590122101,815.3436530311418,-1000.0,0.0,174.19829755826584,0.0,0.0,0.0,0.0,0.0,486.8811493989331,0.0,586.4816547994254,0.022499191967085608,0.0,0.0,0.0,1.8143991236304409,0.0,0.0,0.0,0.0,0.0,0.0,0.0,0.0,0.0,0.0,0.0,0.0,0.0,0.0,0.0,0.0,0.0,0.022499191967085608,0.0,0.0,0.0,0.0,0.0,0.0,0.0,0.0,0.0,0.0,0.0,0.0,-2.4569117628039123,-577.5712167595855,-1.6874393975305253,-1.1249595983536835,0.0,0.0,0.0,0.0,0.0,0.0,0.0,0.0,0.0,0.0,0.0,0.0,291.15516581146716,944.8437989491621,0.0,0.0,84.28408413780312,0.0,0.0,0.0,-0.022499191967085608,0.0,0.0,0.022499191967085608,0.0,0.022499191967085608,0.0,0.0,0.0,13.499515180244202,27.449014199829875,27.449014199829875,0.0,0.0,0.0,0.0,0.0,0.0,0.0,0.0,0.0,0.0,0.0,0.0,0.0,0.0,0.0,0.0,0.0,0.0,0.0,0.0,0.0,0.0,0.0,0.0,0.0,0.0,0.0,108.65106090647552,0.0,0.0,0.0,0.0337487879506105,0.0,0.0,0.0,-6.749757590122101,0.0,0.0,0.0,0.0,0.0,0.0,1.1249595983536835,0.0,0.0,0.0,-296.875,865.8605527300756,617.5945050025844,0.0,0.0,0.0,0.0,0.0,0.0,0.0,0.0,291.15516581146716,0.0,763.7585720123755,25.479007185308433,-64.38159382359454,0.0,-181.843947972974,-79.0842828869401,0.0,-3.581871361157596,2.4569117628039123,1.1249595983536835,0.0,639.0326729415797,202.75646043645204,1.1249595983536835,699.7938171699964,0.0,0.0,0.0,-101.01457961562295,-328.12500000000273,328.12500000000273,45.75361548442639,-45.75361548442639,0.0,0.0,0.0,0.0,0.0,675.0984216203113,0.0,27.449014199829875,0.0,677.0806272993216,677.0806272993216,-677.0806272993216,0.0,0.0,0.0,0.0,0.0,619.4439385822772,0.0,0.0,5.062318192591558,-681.9083300646121,-876.4616069560223,0.0,6.749757590122101,0.0,0.0,0.0,0.0,-274.80299860815245,0.0,0.0,0.02474911116377143,0.0,0.0,0.0,13.72450709991494,0.0,0.0,0.0,0.0,-91.00032321317053,0.0,747.4363029338974,0.0,0.0,0.0,0.0,0.0,0.0,0.0,0.0,0.0022499191967073617,0.0022499191967073617,0.0,0.0,0.0,0.0,0.0,0.0,0.0,0.0,0.0,0.0,0.0,0.0,0.0,0.0,0.0,0.0,0.0,0.0,0.0,0.0,0.0,0.0,0.0,0.0,0.0,0.0,0.0,0.0,1000.0,-450.50928754507936,-35.95107599805212,0.0,0.0,0.0,13.499515180244202,0.0,0.0,0.0,0.0,0.0,0.0,-13.499515180244202,0.0,0.0,0.0,0.0,0.0,0.0,0.0,0.0,0.0,0.0,0.0,0.0,-1000.0,-1000.0,15.411946497445461,0.0,-6.749757590122101,0.0,577.4812199917164,0.0,0.0,0.0,0.0,0.0,0.0,0.0,0.0,0.0,358.0729166666667,0.0,-358.0729166666667,-358.0729166666667,0.0,0.0,0.0,202.75646043645204,-2.812398995884209,291.15516581146716,-1.6874393975305253,-1.687439397530511,0.0,0.0,0.0,0.0,0.0,0.0,-0.2812398995884209,101.01457961562295,0.0,0.0,0.0,0.0,0.0,0.0,0.0,586.4816547994254,6.749757590122101,6.749757590122101,0.0,0.0,0.0,0.0,0.0,0.02474911116377143,0.0,0.0,0.0,-577.4812199917164,0.0,0.0,0.0,0.0,0.0,0.0,0.0,0.0,0.0,0.0,0.0,0.0,0.0,0.0,0.0,0.0,0.0,6.974749509792838,0.0,23.624151565427354,1.732437781464796,0.0,0.0,0.0,0.0,0.0,0.0,0.0,0.0,0.0,0.0,0.0,-2.812398995884209,0.0,0.0,0.0,0.0,0.0,0.0,0.0,0.0,0.0,0.0,0.0,0.0,0.0,0.0,0.0,0.0,0.0,0.0,-0.022499191967085608,0.0,0.0,1.1249595983536835,-172.78692634070063,0.0,0.0,0.0,0.0,291.15516581146716,0.0,0.0,0.0,1.9371804283650333,0.5624797991768418,0.0,0.0,0.0,0.022499191967085608,0.0,22.49919196707367,0.0,4.499838393414734,0.16070851405052622,76.72224460772122,-0.01687439397530525,1.1249595983536835,0.44998383934147346,-0.11249595983611016,-76.72224460772122,6.749757590122101,-0.02249919196707367,26.361427628980035,174.19829755826584,0.005624797991768417,0.16070851405052622,-79.0842828869401,-3.581871361157596,-0.4499838393414848,35.95107599805212,-0.02249919196707367,0.005624797991768417,-76.72224460772122,2.249919196707367,0.02249919196707367,0.022499191967085608,0.047248303130845104,0.02474911116378103,0.0,-0.01687439397530525,6.749757590122101,0.02249919196707367,6.749757590122101,-11.249595983536835,-0.011249595983536835,52.544886408938936,-110.92347929514997,-0.01687439397530525,-0.02249919196707367,0.0,0.022499191967085608,2.249919196707367,-0.44998383934147346,108.65106090647552,108.65106090647552,-2.249919196707367,-35.95107599805212,-108.65106090647552,4.499838393414734,0.0337487879506105,-659.5218363208753,2.249919196707367,-192.95981024799093,174.19829755826584,-4.499838393414734,0.011249595983536835,0.22499191967073673,13.180713814490018,-59.88175543017981,-0.022499191967085608,-5.062318192591558,-0.047248303130845104,6.974749509792838,0.02249919196707367,3.581871361157596,147.19926719777726,174.19829755826584,-0.022499191967085608,-0.005624797991768417,-174.19829755826584,-0.02249919196707367,-845.18638373719,0.022499191967085608,-0.005624797991768417,-0.005624797991768417,-0.005624797991768417,8.999676786829468,11.249595983536835,0.22499191967073673,16.669088848604474,-0.005624797991768417,0.0,1.1249595983536835,50.0,0.022499191967085608,0.011249595983536835,0.011249595983536835,-56.228514929893294,0.0,0.022499191967085608,0.0,0.22499191967073673,0.02249919196707367,-16.669088848604474,0.02249919196707367,0.08999676786902455,0.11249595983611016,0.011249595983536835,0.005624797991768417,6.749757590122101,-0.02249919196707367,0.0,0.2249919196707424,-33.33817769720895,0.5624797991768418,-2.249919196707367,4.499838393414734,1.1249595983536835,-0.02249919196707367,79.0842828869401,0.0337487879506105,-0.02249919196707367,112.45702985978659,0.0,371.1939500767554,0.011249595983536835,-100.0,-0.02249919196707367,-0.022499191967085608,-0.02249919196707367,0.011249595983536835,76.72224460772122,-4.499838393414734,0.022499191967085608,26.361427628980035,-0.005624797991768417,-0.02474911116378103,-26.361427628980035,3.37487879506105,110.92347929514997,75.60647057125749,76.72224460772122,-0.01687439397530525,5.062318192591558,59.88175543017981,0.02249919196707367,-0.0056247979917684165,1.1249595983536835,22.49919196707367,-0.011249595983536835,-0.02249919196707367,0.005624797991768417,1000.0,0.0,359.51058672489177,0.0,-255.0,0.0,270.7534162962862,-140.0,0.0,-80.0,-255.0,177.34410957955927,-300.0,40.0,127.5,127.5,0.0,70.0,0.0,-96.39095146860294,300.0,-177.34410957955927,-96.39095146860294,-270.7534162962862,60.652114950900796,0.0,1496.5981,hplb
486,0.0,0.0,0.0,0.0,0.0,0.0,0.0,0.0,-0.1382880778320096,0.0,0.0,0.0,0.0,0.0,0.0,0.0,935.4778267572929,0.0,0.0,-635.4778267572929,0.0,0.0,0.0,246.21732300391972,0.0,0.0,0.0,0.0,0.0,-445.0054719059117,0.0,0.0,624.7270636354891,0.0,0.0,0.0,0.0,999.4468476886718,0.0,-941.9299419708993,958.5135766503971,0.0,0.0,0.0,0.0,0.0,0.0,0.0,-181.80227778507054,-132.9708018492965,0.0,-500.6712764430259,0.0,0.15211688561578285,0.0,0.0,0.0,27.657615566401923,0.0,0.0,-43.30072077226895,0.0,0.0,-43.30072077226895,0.0,0.0,0.0,0.0,0.0,0.0,0.0,1.3828807783200963,0.0,0.0,0.0,0.0,0.0,0.0,0.0,0.0,0.0,0.0,0.0,0.0,82.97284669920577,0.0,31.122150717862787,83.00009900228775,0.0,-452.2702956382571,527.4066591408066,0.0,0.0,449.99355457070874,41.48642334960289,0.0,41.48642334960289,-4.452876106192093,0.0,0.0,0.0,628.1442630284816,-1000.0,0.0,0.0,0.0,913.828807783201,0.0,0.0,0.0,0.0,0.0,0.0,0.0,0.0,0.0,0.0,0.0,0.0,0.0,0.0,0.0,0.0,0.0,-478.70180800044193,0.0,0.0,41.48642334960289,0.0,42.86930412792299,34.35134282059971,0.0,-251.6477285222123,251.6477285222123,0.0,0.0,0.0,0.0,0.0,0.0,0.0,0.0,0.0,0.0,0.0,41.770332710927526,0.1382880778320096,527.4412311602646,0.0,0.0,-251.94129952994734,-1000.0,0.0,0.0,0.0,0.0,781.7304532360547,0.0,0.0,0.0,0.0,0.0,512.7117218821714,512.7117218821714,0.0,0.0,0.0,0.0,-382.1032728029069,0.0,0.0,512.8500099600035,0.0,0.0,0.0,885.3692684923594,0.0,0.0,0.0,0.0,0.0,0.0,0.0,0.0,0.0,0.0,-159.18312687173875,0.0,0.0,0.0,0.0,-1000.0,0.0,0.0,0.0,0.0,0.0,132.9708018492965,500.6712764430259,483.00009900228775,-483.00009900228775,0.0,0.0,0.0,0.0,0.0,0.0,0.0,554.9945280940883,-486.52873069381997,0.0,0.0,0.0,0.0,0.0,0.0,0.0,0.0,0.0,0.0,0.0,0.0,0.0,11.136599428602977,293.42772287955023,-809.3413535093365,0.0,0.0,0.0,0.0,156.032904138967,0.0,0.0,0.0,0.0,-43.30072077226895,-809.3413535093365,0.0,0.0,0.0,0.0,0.0,0.0,0.0,0.0,0.0,0.0,0.0,0.0,483.00009900228775,0.0,884.8691966625312,0.0,809.3413535093365,0.0,0.0,0.0,147.35792571839454,0.0,0.0,0.0,-240.51007192549673,0.0,0.0,-1000.0,0.0,707.7707004097324,-1000.0,0.0,707.7707004097324,483.00009900228775,0.0,-554.3468254152482,132.9708018492965,0.0,298.4935186535393,0.0,0.0,0.0,-17.844122594604105,0.0,17.844122594604105,0.0,419.20698165075106,0.0,0.0,1000.0,0.0,0.0,0.0,-43.30072077226895,-0.20743211674801443,0.0,0.0,0.0,0.0,0.1382880778320096,0.0,0.0,0.0,802.4806725114302,935.4778267572929,0.0,-666.5439988900316,322.52052966896804,0.0,1000.0,0.0,0.0,0.0,0.0,0.0,0.0,0.0,-11.9066035013366,0.0,11.9066035013366,-1000.0,-1000.0,0.0,0.0,0.0,0.0,0.0,0.0,0.0,0.0,0.0,0.0,0.0,0.0,0.0,0.0,0.0,0.0,0.0,0.0,0.0,-1000.0,0.0,0.0,0.0,215.4908714279613,0.0,0.0,818.2593640307937,0.0,0.0,0.0,0.0,621.2298591368811,0.0,227.8605152867693,0.0,-3.4572019458002403,0.0,0.0,-6.914403891600481,462.8836182732777,-660.9951185754153,-227.8605152867693,-425.2747691740217,508.5250274443384,0.0,0.0,-478.3143448309977,0.0,180.78419524897402,0.0,284.323082254308,41.48642334960289,-296.8750000000367,296.8750000000367,0.0,0.0,0.0,0.0,0.0,-11.136599428602977,11.136599428602977,11.136599428602977,-260.44084572197903,0.0,0.0,0.0,0.0,0.0,554.9945280940883,0.0,0.0,-24.35714010881233,0.0,0.0,0.0,0.0,0.0,0.0,0.0,-86.17119221679904,0.27657615566386085,0.0,0.0,0.0,0.0,0.0,0.0,0.0,0.0,0.0,0.0,0.0,0.0,0.0,0.0,0.0,0.0,0.0,0.0,0.0,0.15211688561578285,0.15211688561578285,0.0,263.47898386220106,0.0,82.97284669920577,0.0,0.0,0.0,1000.0,0.0,0.0,31.122150717862787,0.0,0.0,390.569210292158,-1000.0,0.0,0.0,760.9806159896904,0.0,0.0,0.0,0.0,0.0,0.0,0.0,0.0,0.0,0.0,159.56726933348065,-802.4806725114302,338.11249174674634,0.0,41.770332710927526,0.0,0.0,449.99355457070874,293.9606504317417,0.0,390.569210292158,0.0,-25.514952058273252,329.91297013363226,0.0,0.0,11.136599428602977,0.0,0.0,0.0,0.0,0.0,0.0,0.0,0.0,0.0,0.0,0.0,0.0,0.0,82.97284669920577,0.0,0.0,0.0,0.0,0.0,0.0,0.0,0.0,0.0,0.0,0.0,0.0,1.3828807783200963,0.0,0.0,31.122150717862787,-31.122150717862787,0.0,500.6712764430259,0.0,0.0,41.48642334960289,-760.9806159896904,0.0,0.0,0.0,0.0,0.0,0.0,0.0,0.0,0.0,407.6806326611793,0.0,0.0,41.48642334960289,41.48642334960289,1000.0,-1000.0,0.0,0.0,0.0,0.0,0.0,0.0,0.0,1000.0,554.9945280940883,820.214946653605,0.1382880778320096,0.0,0.0,0.0,45.22379093446011,487.78323015557714,0.0,-449.99355457070874,0.0,0.0,0.0,0.0,0.0,0.0,0.0,0.0,0.0,0.0,0.0,0.0,0.0,0.0,0.1382880778320096,0.0,0.0,0.0,0.0,0.0,0.0,0.0,0.0,0.0,0.0,818.2593640307937,0.0,0.0,-1000.0,-10.37160583740056,0.0,-6.914403891600486,0.0,0.0,0.0,0.0,0.0,0.0,0.0,0.0,0.0,0.0,0.0,0.0,0.0,0.0,0.0,472.02168139488253,0.0,0.0,0.0,-0.1382880778320096,0.0,0.0,0.1382880778320096,0.0,0.1382880778320096,0.0,0.0,0.0,82.97284669920577,168.71145495505175,168.71145495505175,0.0,0.0,0.0,0.0,0.0,0.0,0.0,338.11249174674634,0.0,554.9945280940883,0.0,0.0,0.0,0.0,0.0,0.0,0.0,0.0,0.0,0.0,0.0,0.0,0.0,0.0,0.0,0.0,0.0,156.032904138967,0.0,0.0,0.0,0.20743211674801443,0.0,0.0,0.0,-41.48642334960289,0.0,0.0,0.0,0.0,0.0,-263.47898386220106,6.914403891600481,0.0,0.0,0.0,0.0,382.1032728029069,-818.2593640307937,-6.914403891600486,0.0,0.0,0.0,0.0,0.0,0.0,0.0,0.0,0.0,760.9806159896904,0.0,252.34238443359808,0.0,530.7572790351811,487.78323015557714,0.0,0.0,0.0,0.0,0.0,-21.35352923665721,0.0,6.914403891600486,362.70472033904935,0.0,0.0,0.0,-86.6014415445379,0.0,0.0,0.0,0.0,0.0,-860.0296967417212,0.0,0.0,0.0,148.811521034338,-10.37160583740075,168.71145495505175,0.0,0.0,0.0,0.0,0.0,0.0,0.0,0.0,0.0,0.0,0.0,0.0,284.22219553700234,-45.22379093446011,0.0,0.0,41.48642334960289,31.122150717862787,0.0,0.0,0.0,95.79016530697947,0.0,0.0,0.15211688561578285,0.0,0.0,0.0,84.35572747752587,0.0,0.0,0.0,0.0,293.42772287955023,0.0,913.828807783201,0.0,0.0,0.0,0.0,0.0,0.0,0.0,0.0,0.013828807783201391,0.013828807783201391,0.0,0.0,0.0,0.0,0.0,0.0,0.0,0.0,0.0,0.0,0.0,0.0,0.0,0.0,0.0,263.47898386220106,0.0,0.0,0.0,0.0,0.0,0.0,0.0,132.9708018492965,0.0,0.0,0.0,62.244301435725575,0.0,1000.0,0.0,0.0,0.0,0.0,82.97284669920577,0.0,0.0,0.0,0.0,0.0,0.0,-82.97284669920577,0.0,62.244301435725575,0.0,0.0,0.0,0.0,0.0,0.0,0.0,0.0,0.0,0.0,-820.214946653605,-1000.0,94.72733331492661,-891.7290036963359,850.242580346733,0.0,999.4468476886718,0.0,0.0,0.0,0.0,0.0,0.0,0.0,0.0,0.0,0.0,0.0,0.0,0.0,0.0,0.0,0.0,0.0,-17.286009729001044,0.0,-631.6014649742817,0.0,0.0,0.0,0.0,0.0,0.0,0.0,-1.7286009729001202,24.35714010881233,0.0,0.0,0.0,0.0,0.0,0.0,0.0,1000.0,41.48642334960289,41.48642334960289,0.0,0.0,0.0,0.0,0.0,0.15211688561578285,263.47898386220106,0.0,0.0,-999.4468476886718,0.0,0.0,0.0,0.0,0.0,0.0,0.0,0.0,0.0,0.0,0.0,0.0,0.0,0.0,0.0,0.0,0.0,34.35134282059971,0.0,145.2024817236101,41.770332710927526,0.0,0.0,0.0,0.0,0.0,263.47898386220106,0.0,813.8064879246016,0.0,0.0,0.0,-17.286009729001044,0.0,0.0,0.0,0.0,0.0,0.0,0.0,0.0,0.0,0.0,0.0,0.0,0.0,0.0,0.0,0.0,0.0,0.0,-0.1382880778320096,0.0,0.0,6.914403891600481,-390.569210292158,0.0,0.0,0.0,0.0,0.0,0.0,0.0,0.0,11.9066035013366,3.4572019458002403,0.0,0.0,0.0,0.1382880778320096,0.0,138.2880778320096,-8.517961307323276,27.657615566401926,0.9877719845143543,454.5264227925063,-0.10371605837400721,425.2747691740217,2.7657615566401925,-0.6914403891602205,-454.5264227925063,41.48642334960289,-0.1382880778320096,0.0,0.0,0.0345720194580024,0.9877719845143543,0.0,-53.137612708720084,-2.7657615566401925,-300.0,-0.1382880778320096,0.0345720194580024,-454.5264227925063,13.828807783200961,0.1382880778320096,0.1382880778320096,-263.1885788987533,-30.970033832247577,-223.11502569671097,-0.10371605837400721,41.48642334960289,0.1382880778320096,41.48642334960289,-69.1440389160048,-0.0691440389160048,-558.6154275393437,-170.0,-0.10371605837400721,-0.1382880778320096,-8.517961307323276,0.1382880778320096,13.828807783200944,-2.7657615566401925,156.032904138967,156.032904138967,-13.828807783200961,300.0,-156.032904138967,27.657615566401923,0.20743211674801443,-557.8900875245472,13.828807783200961,-159.56726933348065,0.0,-27.657615566401923,0.0691440389160048,1.3828807783200963,166.6359997225079,280.0,-0.1382880778320096,-294.5938013744031,263.1885788987533,42.86930412792299,0.1382880778320096,53.137612708720084,-165.94569339841155,0.0,-0.1382880778320096,-0.0345720194580024,0.0,-0.1382880778320096,-1000.0,0.1382880778319976,-0.0345720194580024,-0.0345720194580024,-0.0345720194580024,55.315231132803845,69.1440389160048,1.3828807783200963,102.45417966379208,-0.0345720194580024,333.2719994450158,6.914403891600481,50.0,0.1382880778320096,0.0691440389160048,0.0691440389160048,13.828807783200961,8.517961307323276,0.1382880778320096,-8.517961307323276,1.3828807783200963,0.1382880778320096,-102.45417966379205,0.1382880778320096,0.5531523113281764,0.6914403891602205,0.0691440389160048,0.0345720194580024,41.48642334960289,-0.1382880778320096,223.11502569671097,1.3828807783200963,-204.90835932758415,421.81756722822144,-13.828807783200944,27.657615566401923,6.914403891600481,-0.1382880778320096,0.0,0.20743211674801443,-0.1382880778320096,-27.657615566401923,8.517961307323276,196.89545608313375,0.0691440389160048,-100.0,-0.1382880778320096,-0.1382880778319976,-0.1382880778320096,0.0691440389160048,454.5264227925063,-27.657615566401923,0.1382880778320096,333.2719994450158,-0.0345720194580024,30.970033832247577,-333.2719994450158,20.74321167480144,170.0,21.87917820161634,454.5264227925063,-0.10371605837400721,294.5938013744031,-280.0,0.1382880778320096,-0.03457201945800241,6.914403891600486,138.2880778320096,-0.0691440389160048,-0.1382880778320096,0.0345720194580024,0.0,0.0,527.0911401216006,0.0,-255.0,0.0,651.257045987646,-140.0,0.0,-80.0,-255.0,-220.30240285483666,-30.72980336403066,40.0,127.5,127.5,0.0,70.0,-263.47898386220106,-292.68562139011317,30.729803364030644,220.30240285483666,-292.6856213901132,-651.257045987646,401.6869658014283,0.0,1496.5981,hplb
487,0.0,0.0,0.0,0.0,0.0,0.0,0.0,0.0,553.5246156142977,0.0,0.0,0.0,0.0,0.0,0.0,0.0,-700.0,1000.0,0.0,0.0,0.0,0.0,0.0,0.0,0.0,531.5995874830195,0.0,0.0,0.0,1000.0,0.0,0.0,88.11109547699358,0.0,0.0,0.0,0.0,693.3041276994613,0.0,-1000.0,979.0906595465704,0.0,0.0,0.0,0.0,0.0,0.0,0.0,-494.8066045106756,-382.26925420000066,0.0,0.0,0.0,0.07666758166237742,0.0,0.0,0.0,13.93956030228647,0.0,0.0,-138.05609651283083,0.0,169.1937427918545,31.13764627902367,0.0,0.0,0.0,0.0,0.0,483.1067372393998,0.0,0.6969780151143236,0.0,0.0,0.0,0.0,0.0,0.0,0.0,0.0,0.0,0.0,0.0,0.0,41.81868090685941,0.0,131.91804345961972,0.0,23.180364871025944,687.8551281529008,-0.017424450377858086,0.0,0.0,-655.7274974291414,20.909340453429706,0.0,20.909340453429706,-2.244269208982579,703.2662667953895,0.0,0.0,3.4848900755716175,620.0168343394154,0.0,0.0,-50.34858310960395,0.0,0.0,0.0,0.0,0.0,0.0,0.0,0.0,0.0,0.0,0.0,0.0,0.0,0.0,0.0,0.0,0.0,0.0,-679.3938041407372,0.0,0.0,20.909340453429706,0.0,21.606318468544032,21.606318468544032,0.0,-354.3060659445272,354.3060659445272,0.0,0.0,-1000.0,1000.0,-1000.0,1000.0,0.0,0.0,0.0,0.0,0.0,137.284774176,0.06969780151143234,0.0,0.0,0.0,-505.6966921262627,0.0,0.0,0.0,0.0,0.0,243.52503024909993,0.0,0.0,0.0,0.0,0.0,571.1800296037406,571.1800296037406,0.0,0.0,0.0,0.0,923.4590391655446,0.0,0.0,571.2497274052521,0.0,0.0,0.0,404.16320781803654,-248.18623657404336,0.0,0.0,0.0,0.0,0.0,0.0,0.0,0.0,0.0,0.0,0.0,0.0,0.0,0.0,-1000.0,0.0,0.0,0.0,0.0,0.0,382.26925420000066,0.0,-494.8066045106756,494.8066045106756,0.0,0.0,0.0,0.0,0.0,0.0,0.0,379.98316566058463,-796.1415268017381,0.0,0.0,0.0,0.0,0.0,0.0,0.0,0.0,0.0,0.0,0.0,0.0,0.0,0.0,433.57581273083565,194.80660451067558,0.0,0.0,0.0,0.0,21.33674733425617,0.0,0.0,0.0,0.0,-138.05609651283083,194.80660451067558,0.0,0.0,51.98583441196669,0.0,0.0,0.0,0.0,0.0,0.0,0.0,0.0,0.0,-12.249418549366439,505.73755083233493,-989.6132090213512,0.0,-194.80660451067558,0.0,0.0,0.0,-531.3367584059048,0.0,0.0,0.0,-71.8403542224811,0.0,0.0,767.50008099747,0.0,-976.5949127625018,744.0949937599718,23.40508723749815,-1000.0,-471.6262396396496,0.0,1000.0,382.26925420000066,0.0,216.3327558197282,0.0,0.0,0.0,42.93325838362608,0.0,-42.93325838362608,0.0,1000.0,0.0,0.0,754.0331740176001,0.0,0.0,0.0,-138.05609651283083,-0.10454670226714852,0.0,0.0,0.0,0.0,0.06969780151143234,0.0,0.0,0.0,957.7539122123142,-700.0,0.0,-398.32841824743576,-126.43833233255037,248.18623657404336,1000.0,0.0,-0.9091744991076212,0.0,-50.34858310960395,0.0,0.0,0.0,211.156987354876,-210.2478128557684,0.0,-970.1755300664456,-1000.0,0.0,0.0,0.0,0.0,0.0,0.0,0.0,0.0,0.0,0.0,0.0,0.0,0.0,0.0,0.0,0.0,51.98583441196669,1000.0,0.0,306.4170810944951,0.0,0.0,0.0,0.0,637.3746243289729,0.0,-137.284774176,0.0,703.2662667953895,0.0,0.0,0.0,210.2478128557684,0.0,-163.0468821526239,0.0,0.0,0.0,0.0,-311.00605780015377,0.0,0.0,0.0,1000.0,-1.7424450377858087,-3.4848900755716175,-900.9245751514989,0.0,0.0,0.0,817.7863319175534,20.909340453429706,-921.8750000000268,921.8750000000268,0.0,696.4087954232608,0.0,553.5943134158091,0.0,0.0,0.0,0.0,-404.9997726159434,0.0,0.0,-824.6437985766299,0.0,0.0,379.98316566058463,0.0,0.0,-12.276106106422208,0.0,0.0,0.0,0.0,0.0,0.0,0.0,-93.03021984885676,0.1393956030224217,0.0,0.0,0.0,0.0,0.0,0.0,0.0,0.0,0.0,483.1067372393998,0.0,0.0,0.0,0.0,0.0,0.0,0.0,0.0,0.0,0.07666758166237742,0.07666758166237742,0.0,228.1773009391656,0.0,41.81868090685941,0.0,0.0,0.0,-905.6657118092413,0.0,0.0,131.91804345961972,0.0,0.0,-98.89004651063372,905.6657118092413,0.0,0.0,0.0,0.0,0.0,0.0,0.0,0.0,0.0,0.0,0.0,0.0,0.0,226.46460138024574,-957.7539122123142,505.6966921262627,159.56199207705228,137.284774176,0.0,-655.7274974291414,0.0,-21.33674733425617,0.0,-98.89004651063372,0.0,-191.92026635949048,0.0,0.0,0.0,0.0,0.0,0.0,0.0,0.0,0.0,0.0,0.0,0.0,0.0,0.0,0.0,0.0,0.0,41.81868090685941,0.0,0.0,0.0,0.0,0.0,0.0,0.0,0.0,0.0,0.0,0.0,0.0,0.6969780151143236,0.0,0.0,131.91804345961972,-131.91804345961972,0.0,0.0,0.0,0.0,20.909340453429706,0.0,0.0,0.0,0.0,159.56199207705228,0.0,0.0,0.0,0.0,0.0,-524.2275826517387,899.8703959305221,0.0,20.909340453429706,20.909340453429706,1000.0,905.6657118092413,0.0,0.0,0.0,0.0,0.0,0.0,0.0,-649.8413042729698,379.98316566058463,-574.8436389921798,0.06969780151143234,0.0,0.0,-491.8543516165668,497.4749814670245,0.0,0.0,655.7274974291414,0.0,0.0,0.0,0.0,0.0,0.0,0.0,0.0,0.0,0.0,0.0,0.0,0.0,0.0,0.06969780151143234,0.0,0.0,0.0,0.0,0.0,0.0,0.0,0.0,0.0,0.0,565.9814926193894,0.0,0.0,-693.5829189055049,-5.227335113357427,-1.0960220747001204,-2.388868000871497,0.0,0.0,0.0,0.0,0.0,0.0,0.0,0.0,0.0,0.0,0.0,0.0,248.18623657404336,0.0,0.0,821.271221993125,0.0,0.0,0.0,553.5246156142977,0.0,0.0,0.06969780151143234,0.0,0.06969780151143234,0.0,0.0,0.0,41.81868090685941,85.03131784394748,85.03131784394748,0.0,0.0,0.0,0.0,0.0,0.0,0.0,505.6966921262627,0.0,379.98316566058463,0.0,0.0,0.0,217.15796806501012,0.0,0.0,0.0,0.0,0.0,0.0,0.0,0.0,0.0,0.0,0.0,0.0,0.0,21.33674733425617,0.0,-542.6768223377115,542.6768223377115,0.10454670226714852,0.0,0.0,0.0,-20.909340453429706,0.0,0.0,0.0,0.0,0.0,-228.1773009391656,3.4848900755716175,0.0,0.0,0.0,0.0,-923.4590391655446,137.284774176,-2.388868000871497,0.0,0.0,0.0,0.0,0.0,0.0,0.0,0.0,0.0,0.0,0.0,228.1773009391656,0.0,212.570698387191,-50.34858310960395,0.0,0.0,703.2662667953895,-703.2662667953895,0.0,-616.3680762498523,0.0,3.4848900755716175,1000.0,0.0,0.0,0.0,-276.11219302566167,0.0,0.0,434.59093018936983,-434.59093018936983,0.0,0.0,0.0,0.0,0.0,233.40463605252302,-243.85930627923798,85.03131784394748,0.0,-699.1809406596682,-699.1809406596682,699.1809406596682,0.0,0.0,0.0,0.0,0.0,0.0,0.0,0.0,0.0,-488.7273670898575,0.0,0.0,20.909340453429706,131.91804345961972,0.0,0.0,0.0,-61.27876294391524,0.0,0.0,0.07666758166237742,0.0,0.0,0.0,42.51565892197374,0.0,0.0,0.0,0.0,433.57581273083565,0.0,0.0,0.0,0.0,0.0,0.0,0.0,0.0,0.0,0.0,0.0069697801511430235,0.0069697801511430235,0.0,0.0,0.0,0.0,0.0,0.0,0.0,0.0,0.0,-491.8543516165668,0.0,0.0,0.0,0.0,0.0,228.1773009391656,0.0,0.0,0.0,0.0,0.0,0.0,0.0,382.26925420000066,0.0,0.0,0.0,263.83608691923945,0.0,-894.8066045106756,1000.0,0.0,0.0,0.0,41.81868090685941,0.0,0.0,0.0,0.0,0.0,958.1813190931406,-1000.0,0.0,263.83608691923945,0.0,0.0,0.0,0.0,0.0,0.0,0.0,0.0,0.0,0.0,574.8436389921798,-1000.0,264.90096210034125,-20.909340453429706,0.0,0.0,693.3041276994613,0.0,0.0,0.0,0.0,0.0,0.0,0.0,0.0,0.0,0.0,0.0,0.0,0.0,0.0,0.0,0.0,0.0,-8.712225188929043,0.0,-5.227335113357427,455.7899392308906,0.0,0.0,0.0,0.0,0.0,-0.8712225188929045,0.0,12.276106106422208,0.0,0.0,0.0,0.0,0.0,0.0,0.0,1000.0,20.909340453429706,20.909340453429706,0.0,0.0,0.0,0.0,0.0,0.07666758166237742,228.1773009391656,0.0,0.0,-693.3041276994613,0.0,0.0,0.0,0.0,0.0,0.0,0.0,0.0,0.0,0.0,0.0,0.0,0.0,0.0,5.538617427346026,0.0,0.0,21.606318468544032,0.0,73.18269158700397,137.284774176,0.0,0.0,0.0,0.0,0.0,228.1773009391656,0.0,-140.6250654596827,0.0,0.0,0.0,-8.712225188929043,0.0,0.0,0.0,0.0,0.0,0.0,0.0,0.0,0.0,0.0,0.0,0.0,0.0,0.0,0.0,0.0,0.0,0.0,-0.06969780151143234,0.0,0.0,3.4848900755716175,98.89004651063372,0.0,0.0,0.0,0.0,0.0,0.0,0.0,0.0,-211.156987354876,1.7424450377858087,0.0,0.0,531.5995874830195,0.06969780151143234,0.0,69.69780151143235,0.0,13.93956030228647,0.4978414393673739,237.66950315398435,-0.05227335113357426,3.484890075571613,1.3939560302286471,-0.3484890075550311,-237.66950315398435,20.909340453429706,-0.06969780151143234,16.78286103653465,0.0,0.017424450377858086,0.4978414393673739,-50.34858310960395,-143.0139334605542,-1.3939560302286509,-300.0,-0.06969780151143234,0.017424450377858086,-237.66950315398435,6.969780151143235,0.06969780151143234,0.06969780151143234,-228.0309355559918,-131.84137587795715,-80.44414910664244,-0.05227335113357426,20.909340453429706,0.06969780151143234,20.909340453429706,-34.84890075571617,-0.03484890075571617,-62.38371492324959,-28.376225286910838,-0.05227335113357426,-0.06969780151143234,0.0,0.06969780151143234,6.969780151143254,-1.3939560302286471,21.33674733425617,21.33674733425617,-6.969780151143235,300.0,-21.33674733425617,13.939560302286468,0.10454670226714852,-1000.0,6.969780151143235,-226.46460138024574,0.0,-13.93956030228647,0.03484890075571617,0.6969780151143236,99.58210456185894,242.11686124145209,-0.06969780151143234,-243.85930627923798,228.0309355559918,21.606318468544032,0.06969780151143234,143.0139334605542,-83.63736181371871,0.0,-0.06969780151143234,-0.017424450377858086,0.0,-0.06969780151143234,-93.03021984885676,0.06969780151155192,-0.017424450377858086,-0.017424450377858086,-0.017424450377858086,27.87912060457294,34.84890075571617,0.6969780151143236,51.637358695050196,-0.017424450377858086,182.38134808718323,3.4848900755716175,50.0,0.06969780151143234,0.03484890075571617,0.03484890075571617,6.969780151143235,0.0,0.06969780151143234,0.0,0.6969780151143236,0.06969780151143234,-51.637358695050196,0.06969780151143234,0.27879120604359287,0.3484890075550311,0.03484890075571617,0.017424450377858086,20.909340453429706,-0.06969780151143234,80.44414910664244,0.6969780151143254,-103.27471739010039,1.7424450377858136,-6.969780151143254,13.93956030228647,3.4848900755716175,-0.06969780151143234,50.34858310960395,0.10454670226714852,-0.06969780151143234,-13.93956030228648,0.0,400.51473964046824,0.03484890075571617,-100.0,-0.06969780151143234,-0.06969780151155192,-0.06969780151143234,0.03484890075571617,237.66950315398435,-13.93956030228647,0.06969780151143234,199.16420912371788,-0.017424450377858086,131.84137587795715,-199.16420912371788,10.454670226714851,28.376225286910838,335.3171660380997,237.66950315398435,-0.05227335113357426,243.85930627923798,-242.11686124145209,0.06969780151143234,-0.017424450377858086,3.4848900755716175,69.69780151143235,-0.03484890075571617,-0.06969780151143234,0.017424450377858086,578.7481155379544,0.0,783.7362625859931,0.0,-255.0,0.0,538.5450666645913,-140.0,0.0,-80.0,-255.0,279.18643343678525,-216.22888851325118,40.0,127.5,127.5,0.0,70.0,-228.1773009391656,-339.235976696553,216.22888851325118,-279.18643343678525,-339.235976696553,-538.5450666645913,307.6063241635834,0.0,1496.5981,hplb
488,0.0,0.0,0.0,0.0,0.0,0.0,0.0,0.0,-0.015657829262324834,0.0,0.0,0.0,0.0,0.0,0.0,0.0,1000.0,159.6207321367871,0.0,-1000.0,0.0,0.0,0.0,822.0269338363546,0.0,0.0,0.0,0.0,0.0,-172.35797263214977,0.0,0.0,139.6539619733026,0.0,0.0,0.0,0.0,999.9373686829505,0.0,-1000.0,314.66407860415666,0.0,0.0,0.0,0.0,0.0,0.0,0.0,-165.49264529038476,0.0,0.0,0.0,0.0,0.017223612188600617,0.0,0.0,0.0,39.268341800652706,0.0,0.0,113.94062098360563,0.0,0.0,-232.01804045831767,0.0,0.0,0.0,0.0,0.0,0.0,0.0,0.15657829262324838,0.0,0.0,0.0,0.0,0.0,0.0,0.0,0.0,0.0,0.0,263.10397423038717,0.0,9.3946975573949,0.0,0.0,-1000.0,260.1452092339207,-935.0318318067489,-0.003914457315581208,0.0,0.0,818.344048767563,4.69734877869745,0.0,121.65335476126765,0.0,0.0,0.0,451.327004529034,0.7828914631162417,-172.35797263214977,0.0,0.0,0.0,0.0,0.0,0.0,0.0,0.0,0.0,0.0,0.0,0.0,0.0,0.0,0.0,0.0,0.0,0.0,0.0,0.0,0.0,-586.2211040445796,0.0,0.0,121.65335476126765,0.0,4.853927071320699,4.853927071320699,0.0,0.0,0.0,0.0,0.0,-345.9586614419233,15.62500000000175,-15.62500000000175,0.0,0.0,0.0,0.0,0.0,0.0,-261.89832137718815,0.015657829262324834,0.0,0.0,0.0,0.0,-483.74643304383795,0.0,0.0,188.22303029864688,0.0,32.78755554080331,0.0,0.0,0.0,0.0,0.0,-452.4895410998101,-452.4895410998101,0.0,0.0,0.0,0.0,527.0460873240633,0.0,0.0,-452.47388327054773,0.0,0.0,0.0,-763.7404371644179,0.0,0.0,0.0,0.0,0.0,0.0,0.0,0.0,0.0,0.0,-854.8951560980131,0.0,0.0,0.0,0.0,-600.0435685386565,0.0,0.0,0.0,0.0,0.0,0.0,0.0,674.8866225728282,-674.8866225728282,0.0,0.0,0.0,0.0,0.0,0.0,0.0,0.0,440.86130699656815,0.0,0.0,0.0,0.0,0.0,0.0,0.0,0.0,0.0,0.0,0.0,0.0,0.0,0.0,555.1400209259252,-662.1493820774655,0.0,0.0,0.0,345.9586614419233,0.0,0.0,0.0,0.0,0.0,113.94062098360563,-662.1493820774655,0.0,0.0,0.0,0.0,0.0,0.0,0.0,0.0,0.5041821022469943,0.0,116.9560059825702,0.0,0.0,-414.7414133389075,-490.6060227175566,0.0,662.1493820774655,0.0,0.0,345.9586614419233,-823.6240324211117,0.0,0.0,0.0,-116.89760203979577,0.0,0.0,-1000.0,0.0,0.0,-1000.0,0.0,0.0,935.0318318067489,0.0,1000.0,0.0,0.0,53.39319778452769,0.0,0.0,0.0,0.0,0.0,0.0,0.0,547.4948010709276,0.0,345.9586614419233,149.56334555306842,0.0,0.0,0.0,113.94062098360563,-0.02348674389348725,0.0,0.0,0.0,0.0,0.015657829262324834,0.0,0.0,0.0,477.8860316751418,1000.0,0.0,-187.7078380117431,430.39488785861283,0.0,166.67036109460238,0.0,220.39394162978908,0.0,0.0,0.0,0.0,0.0,-1.3481390994862115,0.0,-219.04580253030286,-1000.0,-1000.0,0.0,0.0,0.0,0.0,0.0,0.0,0.0,0.0,0.0,0.0,0.0,0.0,0.0,0.0,0.0,0.0,0.0,0.0,0.0,-1000.0,188.22303029864688,0.0,0.0,0.0,0.0,0.0,261.39413927494115,0.0,0.0,0.0,908.4761035860535,0.0,0.0,0.0,-0.7828914631162417,0.0,0.0,-141.25002208807717,0.0,0.0,-710.5135681574709,0.0,0.0,703.2692490990321,-0.39144573155812085,-0.7828914631162417,0.0,0.0,-702.0949119043578,0.0,0.0,121.65335476126765,0.0,0.0,0.0,0.0,0.0,0.0,0.0,0.0,0.0,0.0,251.86843414753503,0.0,0.0,-1000.0,0.0,0.0,0.0,0.0,0.0,-118.07741947471204,0.0,0.0,269.6470722708219,0.0,0.0,0.0,0.0,-50.259766879180326,0.03131565852464622,0.0,0.0,0.0,0.0,0.0,0.0,0.0,0.0,0.0,0.0,0.0,0.0,0.0,0.0,0.0,0.0,0.0,0.0,0.0,0.017223612188600617,0.017223612188600617,0.0,226.23623903117334,0.0,9.3946975573949,0.0,0.0,0.0,1000.0,0.0,0.0,0.0,0.0,0.0,53.0144172912286,-1000.0,0.0,0.0,0.0,0.0,0.0,269.6470722708219,0.0,0.0,0.0,0.0,0.0,0.0,0.0,195.40703468152654,-477.8860316751418,483.74643304383795,0.0,87.3683000305648,0.0,818.344048767563,0.0,0.0,0.0,53.0144172912286,0.0,2.754650412048271,0.0,431.39263884231656,-431.39263884231656,0.0,0.0,0.0,0.0,0.0,0.0,0.0,0.0,0.0,0.0,0.0,0.0,0.0,0.0,9.3946975573949,345.9586614419233,345.9586614419233,0.0,0.0,0.0,0.0,0.0,0.0,0.0,0.0,0.0,0.0,0.15657829262324838,0.0,0.0,0.0,0.0,0.0,0.0,0.0,0.0,121.65335476126765,0.0,0.0,0.0,86.16264717736578,0.0,0.0,0.0,0.0,0.0,0.0,0.0,-444.40202804145156,0.0,4.69734877869745,4.69734877869745,362.7963315370142,-1000.0,0.0,269.6470722708219,0.0,0.0,0.0,0.0,0.0,172.35797263214977,0.0,289.4512975377246,0.015657829262324834,0.0,0.0,0.0,1.2626920883689097,0.0,0.0,-818.344048767563,0.0,0.0,0.0,0.0,0.0,0.0,0.0,0.0,0.0,0.0,0.0,0.0,0.0,0.0,0.015657829262324834,0.0,0.0,0.0,-695.1812126979597,695.1812126979597,0.0,0.0,0.0,0.0,0.0,261.39413927494115,0.0,0.0,-1000.0,-1.1743371946743626,0.0,-0.7828914631162417,0.0,328.12499999999994,328.12499999999994,-328.125,0.0,0.0,0.0,0.0,0.0,0.0,0.0,345.9586614419233,0.0,0.0,0.0,-701.3120204412415,0.0,0.0,0.0,-0.015657829262324834,0.0,0.0,0.015657829262324834,0.0,0.015657829262324834,0.0,0.0,0.0,9.3946975573949,19.1025517000363,19.1025517000363,0.0,0.0,0.0,0.0,0.0,0.0,0.0,483.74643304383795,0.0,0.0,0.0,0.0,0.0,0.0,0.0,0.0,0.0,0.0,0.0,0.0,0.0,0.0,0.0,0.0,0.0,0.0,0.0,0.0,0.0,0.0,0.0,0.02348674389348725,0.0,0.0,0.0,-121.65335476126765,0.0,0.0,0.0,0.0,0.0,-226.23623903117334,0.7828914631162417,0.0,0.0,0.0,0.0,-527.0460873240633,-261.39413927494115,-0.7828914631162417,0.0,0.0,0.0,0.0,0.0,0.0,0.0,345.9586614419233,0.0,0.0,171.20370567129365,226.23623903117334,0.0,805.6148671913729,0.0,0.0,0.0,0.0,0.0,188.22303029864688,-842.726584121148,0.0,0.7828914631162417,843.273779469041,0.0,0.0,0.0,-118.07741947471204,0.0,0.0,0.0,0.0,0.0,0.0,0.0,0.0,0.0,852.5464817086644,0.0,19.1025517000363,0.0,0.0,0.0,0.0,0.0,0.0,0.0,0.0,0.0,0.5041821022469943,0.0,0.0,229.75925061519644,-1.2626920883689097,0.0,0.0,4.69734877869745,0.0,0.0,0.0,0.0,-155.17893347811582,0.0,0.0,0.017223612188600617,0.0,0.0,0.0,9.55127585001815,0.0,0.0,0.0,0.0,555.1400209259252,0.0,0.0,0.0,0.0,0.0,0.0,0.0,0.0,0.0,0.0,0.0015657829262324834,0.0015657829262324834,0.0,0.0,0.0,0.0,0.0,0.0,0.0,0.0,0.0,0.0,0.0,0.0,0.0,0.0,0.0,226.23623903117334,0.0,0.0,0.0,0.0,0.0,0.0,0.0,0.0,0.0,0.0,0.0,0.0,1000.0,834.5073547096152,159.6207321367871,0.0,0.0,0.0,9.39469755739492,0.0,0.0,0.0,0.0,0.0,-991.9167215710708,982.5220240136758,0.0,0.0,0.0,0.0,0.0,0.0,0.0,0.0,0.0,0.0,0.0,0.0,-289.4512975377246,-1000.0,10.725613044692514,0.0,-121.65335476126765,0.0,999.9373686829505,0.0,0.0,0.0,0.0,0.0,0.0,0.0,0.0,0.0,319.0104166666667,0.0,-319.0104166666667,-319.0104166666667,0.0,0.0,0.0,0.0,-1.9572286577906044,345.9586614419233,-1.1743371946743626,-1.1743371946743622,0.0,0.0,0.0,0.0,0.0,-0.19572286577906045,0.0,306.30044977335893,0.0,0.0,0.0,0.0,0.0,0.0,0.0,1000.0,4.69734877869745,4.69734877869745,0.0,0.0,0.0,0.0,0.0,0.017223612188600617,226.23623903117334,0.0,0.0,-999.9373686829505,0.0,0.0,0.0,0.0,0.0,0.0,0.0,0.0,0.0,0.0,0.0,0.0,0.0,0.0,0.0,0.0,0.0,4.853927071320699,0.0,16.440720725441075,1.2056528531990116,0.0,0.0,0.0,0.0,0.0,226.23623903117334,0.0,261.39413927494115,0.0,0.0,0.0,-1.9572286577906044,0.0,0.0,0.0,0.0,0.0,0.0,0.0,0.0,0.0,0.0,0.0,0.0,0.0,0.0,0.0,0.0,0.0,0.0,-0.015657829262324834,0.0,0.0,0.7828914631162417,-53.0144172912286,0.0,0.0,0.0,0.0,345.9586614419233,0.0,0.0,0.0,1.3481390994862115,0.39144573155812085,0.0,0.0,0.0,0.015657829262324834,0.0,15.657829262324833,0.0,3.1315658524649668,0.11184163758803453,53.39319778452769,-0.011743371946743625,0.7828914631162417,0.3131565852464967,-0.0782891463118176,-53.39319778452769,4.69734877869745,-0.015657829262324834,0.0,269.6470722708219,0.003914457315581208,0.11184163758803453,0.0,-2.4927264185622544,-0.3131565852464967,-159.6207321367871,-0.015657829262324837,0.003914457315581208,-53.39319778452769,1.5657829262324834,0.015657829262324834,0.015657829262324834,-226.20335758972243,0.01722361218855732,-189.9137288524829,-0.011743371946743625,4.69734877869745,0.015657829262324834,121.65335476126765,109.12709135140778,-0.007828914631162417,157.1261733116796,-1.5814407554948082,-0.011743371946743625,-0.015657829262324834,0.0,0.015657829262324834,1.5657829262324834,-0.3131565852464967,0.0,0.0,-1.5657829262324834,159.6207321367871,0.0,3.1315658524649668,0.02348674389348725,390.7487275165006,1.5657829262324834,-195.40703468152654,269.6470722708219,-3.1315658524649668,0.007828914631162417,0.15657829262324838,46.92695950293577,229.3678048836383,-0.015657829262324834,-229.75925061519644,226.20335758972243,4.853927071320699,0.015657829262324834,2.4927264185622544,133.90167117346192,269.6470722708219,-0.015657829262324834,-0.003914457315581208,-269.6470722708219,-0.015657829262324834,-50.259766879180326,0.01565782926229531,-0.003914457315581208,-0.003914457315581208,-0.003914457315581208,6.2631317049299335,-109.12709135140778,0.15657829262324838,44.072834979404334,-0.003914457315581208,93.85391900587155,0.7828914631162417,25.912774902706406,0.015657829262324834,0.007828914631162417,0.007828914631162417,-36.59001165931821,0.0,0.015657829262324834,0.0,0.15657829262324838,0.015657829262324834,-109.01751642876198,0.015657829262324834,0.0626313170495496,0.0782891463118176,0.007828914631162417,0.003914457315581208,4.69734877869745,-0.015657829262324834,189.9137288524829,0.15657829262324835,-88.14566995880867,0.3914457315581209,-1.5657829262324834,3.1315658524649668,0.7828914631162417,-0.015657829262324834,0.0,0.02348674389348725,-0.015657829262324834,73.18002331863642,0.0,254.25638057636007,0.007828914631162417,-51.82554980541281,-0.015657829262324834,-0.01565782926229531,-0.015657829262324834,0.007828914631162417,53.39319778452769,-3.1315658524649668,0.015657829262324834,93.85391900587155,-0.003914457315581208,-0.01722361218855732,-93.85391900587155,2.3486743893487247,1.5814407554948082,-438.9435256731262,53.39319778452769,-0.011743371946743625,229.75925061519644,-229.3678048836383,0.015657829262324837,-0.003914457315581208,909.2589950491697,15.657829262324833,-0.007828914631162417,-0.015657829262324834,0.003914457315581208,1000.0,0.0,-390.75655643113174,64.94468144935765,26.08120705384107,36.13677594818774,1.999457857366565,-140.0,0.0,623.9411897985678,-255.0,-325.0,0.0,-311.9705948992839,-13.040603526920535,127.5,0.0,70.0,-226.23623903117334,-99.07744709824424,0.0,325.0,-99.07744709824424,-1.999457857366565,-66.73399812116392,-36.13677594818774,1496.5981,hplb
489,0.0,0.0,0.0,0.0,0.0,0.0,0.0,0.0,-0.0012866164775647475,0.0,0.0,0.0,0.0,0.0,0.0,0.0,-710.1591761145036,-270.0782972703316,0.0,1000.0,0.0,0.0,0.0,0.0,0.0,0.0,0.0,0.0,0.0,949.8506868571471,288.45479999110125,-288.45479999110125,97.44953402764274,0.0,0.0,0.0,0.0,95.92627056459628,0.0,-1000.0,805.0652426536246,0.0,0.0,0.0,0.0,0.0,0.0,0.0,321.68782276921064,0.0,0.0,0.0,0.0,0.0014152781253206665,0.0,0.0,0.0,0.0,0.0,0.0,-96.26490802149125,0.0,0.0,-96.26490802149125,0.0,0.0,0.0,0.0,39.147925965686454,1.1901202417474437,0.0,0.012866164775647476,0.0,0.0,0.0,0.0,0.0,0.0,0.0,0.0,0.0,0.0,0.0,0.0,0.7719698865388486,0.0,0.0,-68.0062282705084,0.0,553.6815944987022,-0.0003216541193911869,0.0,0.0,0.0,0.3859849432694243,0.0,194.9347573463753,0.0,0.0,0.0,0.0,0.06433082387823738,949.8506868571471,0.0,0.0,-42.52203174820308,0.0,145.58217141734605,0.0,0.0,0.0,0.0,0.0,0.0,0.0,0.0,0.0,0.0,0.0,0.0,0.0,0.0,0.0,0.0,-537.2634769711007,0.0,0.0,194.9347573463753,0.0,0.39885110804507173,0.0,0.0,0.0,0.0,0.0,0.0,-330.5113849207293,754.2635825386526,-754.2635825386526,330.5113849207293,0.0,0.0,0.0,0.0,0.0,0.09906946877248597,0.0012866164775647477,0.0,0.0,0.0,0.0,-296.3548384528059,0.0,0.0,0.0,0.0,-36.95334393616214,0.0,0.0,0.0,0.0,0.0,-61.919854478394484,-61.919854478394484,0.0,0.0,0.0,359.375,-853.1200408063901,0.0,0.0,226.53623212918433,0.0,0.0,0.0,-970.4712381737124,-1000.0,0.0,0.0,0.0,0.0,0.0,0.0,0.0,0.0,0.0,0.0,0.0,0.0,0.0,0.0,-1000.0,0.0,0.0,0.0,0.0,0.0,0.0,0.0,-253.68159449870222,253.68159449870222,0.0,0.0,0.0,0.0,0.0,0.0,0.0,0.0,895.6420725545931,0.0,0.0,0.0,0.0,0.0,0.0,0.0,0.0,0.0,0.0,0.0,0.0,0.0,89.12697245885096,471.9241758128677,-561.3793335118543,0.0,0.0,0.0,0.0,0.0,0.0,0.0,0.0,0.0,-96.26490802149125,-561.3793335118543,288.45479999110125,0.0,149.73872287001853,0.0,0.0,0.0,0.0,0.0,447.62900846409167,0.2573232955129495,194.5487724031059,0.0,-253.68159449870222,0.0,0.0,0.0,561.3793335118543,0.0,0.0,0.0,-978.6194600062335,0.0,0.0,0.0,-48.205469495847524,0.0,0.0,-78.12499999999868,0.0,0.0,-1000.0,921.8750000000017,-921.8750000000017,-253.68159449870222,0.0,222.55851373226398,0.0,0.0,3.5896599724056455,0.0,0.0,0.0,-597.244730798855,0.0,597.244730798855,0.0,589.1436253777115,0.0,0.0,0.0,359.375,0.0,0.0,-96.26490802149125,-0.0019299247163471213,0.0,0.0,0.0,0.0,0.0012866164775647477,0.0,0.0,0.0,357.43623418953297,-710.1591761145036,0.0,-316.55350813873804,443.54358862222296,1000.0,1000.0,0.0,1.8432067657592568,0.0,-42.52203174820308,0.0,0.0,0.0,-0.1107776787183242,0.0,-1.7324290870409327,368.1172652788286,-1000.0,0.0,0.0,0.0,0.0,0.0,0.0,0.0,0.0,0.0,0.0,0.0,0.0,0.0,0.0,0.0,0.0,149.73872287001853,-904.0685829694935,0.0,-1000.0,0.0,0.0,159.1327794224128,0.0,0.0,0.0,-159.2732779417629,0.0,0.0,0.0,0.0,0.0,-775.840557490535,0.0,0.0,0.0,736.6926315248486,0.0,-776.0335499621698,0.0,0.0,0.0,-0.06433082387823738,0.0,-0.03216541193911869,775.9692191382916,0.0,0.0,39.50174549701681,0.0,0.0,194.9347573463753,0.0,0.0,0.0,0.0,0.0,0.0,0.0,-89.12697245885096,89.12697245885096,89.12697245885096,297.2647084526901,0.0,0.0,-362.60996648148233,0.0,0.0,0.0,0.0,0.0,-192.5298160429825,0.0,609.3749999999989,0.0,0.0,0.0,0.0,0.0,-19.36541998631348,0.0025732329551308116,0.0,0.0,0.0,0.0,0.0,0.0,0.0,0.0,0.0,40.3380462074339,0.0,0.0,0.0,0.0,0.0,0.0,0.0,0.0,0.0,0.0014152781253206665,0.0014152781253206665,288.45479999110125,368.869649163338,0.0,0.7719698865388486,0.0,0.0,0.0,1000.0,0.0,0.0,0.0,0.0,0.0,329.31988259561615,-1000.0,0.0,0.0,0.0,0.0,0.0,0.0,0.0,0.0,0.0,0.0,0.0,0.0,0.0,179.08782565703356,-357.43623418953297,296.3548384528059,0.0,144.83722873708777,0.0,0.0,0.0,0.0,0.0,329.31988259561615,0.0,309.95446260930265,0.0,0.0,0.0,89.12697245885096,0.0,0.0,0.0,0.0,0.0,0.0,0.0,0.0,0.0,0.0,0.0,0.0,0.0,0.7719698865388486,0.0,0.0,0.0,0.0,0.0,0.0,0.0,0.0,0.0,0.0,0.0,0.0,0.012866164775647476,0.0,288.45479999110125,0.0,0.0,288.45479999110125,0.0,0.0,0.0,194.9347573463753,0.0,0.0,0.0,144.7381592683153,0.0,0.0,0.0,0.0,0.0,0.0,-746.3805376863215,0.0,0.0,0.3859849432694243,0.3859849432694243,-829.2654095327654,-1000.0,0.0,0.0,0.0,0.0,0.0,0.0,0.0,-674.1738959117341,0.0,-625.952343709917,0.0012866164775647477,0.0,0.0,0.0,1.6991608609781867,0.0,0.0,0.0,0.0,0.0,0.0,0.0,0.0,0.0,0.0,0.0,0.0,0.0,0.0,0.0,0.0,0.0,0.0012866164775647477,0.0,0.0,0.0,-596.652009418301,596.652009418301,0.0,0.0,0.0,0.0,-619.6674906488354,619.5269921294853,0.0,0.0,-95.93141703050651,-0.09649623581735607,-0.06433082387823738,0.0,0.0,296.875,296.875,-296.875,0.0,0.0,0.0,0.0,0.0,0.0,0.0,0.0,1000.0,0.0,0.0,39.56607632089505,0.0,0.0,0.0,-0.0012866164775647477,0.0,0.0,0.0012866164775647477,0.0,0.0012866164775647477,0.0,0.0,0.0,0.7719698865388486,1.569672102628992,1.569672102628992,0.0,0.0,0.0,0.0,0.0,0.0,0.0,296.3548384528059,0.0,0.0,0.0,0.0,0.0,0.0,0.0,0.0,0.0,0.0,0.0,0.0,0.0,0.0,0.0,0.0,0.0,0.0,0.0,0.0,0.0,-916.2501998728324,916.2501998728324,0.0019299247163471213,0.0,0.0,0.0,-194.9347573463753,0.0,0.0,0.0,0.0,0.0,-368.869649163338,0.06433082387823738,0.0,0.0,0.0,-359.375,853.1200408063901,-460.3942127070725,0.0,0.0,609.3749999999989,0.0,0.0,0.0,0.0,0.0,0.0,0.0,0.0,-457.9257376952204,279.74267670448705,0.0,66.53749008152336,-42.52203174820308,0.0,0.0,0.0,0.0,0.0,-980.1891321088624,0.0,0.06433082387823738,1000.0,0.0,0.0,-288.45479999110125,-192.5298160429825,0.0,0.0,1000.0,-1000.0,0.0,0.0,0.0,0.0,0.0,-0.19299247163476782,0.0,1.569672102628992,0.0,0.0,0.0,288.45479999110125,0.0,0.0,0.0,0.0,0.0,447.62900846409167,0.0,0.0,369.1591378707902,-42.03720706841209,990.2894605326902,0.0,0.3859849432694243,0.0,0.0,0.0,0.0,-154.38300955210156,0.0,0.0,0.0014152781253206665,0.0,0.0,0.0,0.784836051314496,0.0,0.0,0.0,0.0,471.9241758128677,0.0,0.0,0.0,0.0,0.0,0.0,0.0,0.0,0.0,0.0,0.00012866164775647475,0.00012866164775647475,0.0,0.0,0.0,0.0,0.0,0.0,0.0,0.0,0.0,0.0,288.45479999110125,0.0,0.0,0.0,0.0,368.869649163338,0.0,0.0,0.0,0.0,0.0,0.0,0.0,0.0,0.0,0.0,0.0,0.0,123.92798427246711,0.0,-270.0782972703316,0.0,0.0,0.0,0.7719698865388486,0.0,0.0,0.0,0.0,0.0,0.0,-0.7719698865388486,0.0,0.0,0.0,0.0,0.0,0.0,0.0,0.0,0.0,288.45479999110125,288.45479999110125,0.0,625.952343709917,643.7940562242417,0.8813322871318522,-194.9347573463753,0.0,0.0,95.92627056459628,0.0,0.0,0.0,0.0,0.0,0.0,0.0,0.0,0.0,0.0,0.0,0.0,0.0,0.0,0.0,0.0,0.0,-0.16082705969559347,0.0,-0.09649623581735607,-0.09649623581741164,0.0,0.0,0.0,0.0,0.0,-0.016082705969559345,0.0,192.5298160429825,0.0,0.0,0.0,0.0,0.0,0.0,0.0,1000.0,0.3859849432694243,0.3859849432694243,0.0,0.0,0.0,0.0,0.0,0.0014152781253206665,368.869649163338,0.0,0.0,-95.92627056459628,0.0,0.0,0.0,0.0,0.0,0.0,0.0,0.0,0.0,0.0,0.0,0.0,0.0,0.0,458.1250999364162,0.0,0.0,0.0,0.0,1.350947301442985,0.09906946877248597,0.0,0.0,0.0,0.0,0.0,368.869649163338,0.0,619.4626613056071,0.0,0.0,0.0,-0.16082705969559347,0.0,0.0,0.0,0.0,0.0,0.0,0.0,0.0,0.0,0.0,0.0,0.0,0.0,0.0,0.0,0.0,0.0,0.0,-0.0012866164775647477,0.0,0.0,0.06433082387823738,-329.31988259561615,0.0,0.0,0.0,0.0,0.0,0.0,0.0,0.0,0.1107776787183242,0.03216541193911869,0.0,0.0,0.0,0.0012866164775647477,0.0,1.2866164775647475,-0.39885110804507173,0.2573232955129495,0.009190117696891055,3.5896599724056455,-0.0009649623581735607,0.06433082387823738,0.025732329551294925,-0.006433082387794128,-3.5896599724056455,0.3859849432694243,-0.0012866164775647477,14.17401058273436,0.0,0.0003216541193911869,0.009190117696891055,-42.52203174820308,-0.2048293432283117,288.42906766154994,-19.762526615164802,-0.0012866164775647477,0.0003216541193911869,-3.5896599724056455,89.1063972176886,0.0012866164775647477,0.0012866164775647477,-368.86694726873515,0.0014152781253212224,-31.770890517550058,-0.0009649623581735607,0.3859849432694243,0.0012866164775647477,194.9347573463753,193.90546416432352,-0.0006433082387823739,153.76829795011835,-0.12994826423403952,-0.0009649623581735607,-0.0012866164775647477,-0.39885110804507173,0.0012866164775647477,0.12866164775647476,-0.025732329551294925,0.0,0.0,-0.12866164775647349,19.762526615164802,0.0,0.2573232955129495,0.0019299247163471213,-445.3396951579795,0.12866164775647476,-179.08782565703356,0.0,-0.2573232955129495,0.0006433082387823739,0.012866164775647476,79.13837703468451,280.0,-0.0012866164775647477,-369.1591378707902,368.86694726873515,0.39885110804507173,0.001286616477564749,0.2048293432283117,-285.0704477461158,0.0,-0.0012866164775647477,-0.0003216541193911869,0.0,-0.0012866164775647477,-19.36541998631348,0.0012866164772236872,-0.0003216541193911869,-0.0003216541193911869,-0.0003216541193911869,0.514646591025899,-193.90546416432352,0.012866164775647476,49.554263461907794,-0.0003216541193911869,144.10274348663467,0.06433082387823738,9.747040817034977,0.0012866164775647477,0.0006433082387823739,0.0006433082387823739,0.12866164775647476,0.39885110804507173,0.0012866164775647477,-0.39885110804507173,0.012866164775647476,0.0012866164775647477,-146.7563464200923,0.0012866164775647477,0.005146465910229381,0.006433082387794128,0.0006433082387823739,0.0003216541193911869,0.3859849432694243,-0.0012866164775647477,31.770890517550058,-144.21453383077497,-99.10852692381559,0.03216541193911869,-0.12866164775647476,0.2573232955129495,0.06433082387823738,-0.0012866164775647477,42.52203174820308,0.0019299247163471213,-0.0012866164775647477,-0.2573232955129495,0.39885110804507173,291.24473392383936,0.0006433082387823739,-19.494081634069953,-0.0012866164775647477,-0.0012866164772236872,-0.0012866164775647477,0.0006433082387823739,3.5896599724056455,-0.2573232955129495,0.0012866164775647477,158.27675406936902,-0.0003216541193911869,-0.0014152781253212224,-158.27675406936902,0.19299247163471211,0.12994826423403952,225.86976069120382,3.5896599724056455,-0.0009649623581735607,369.1591378707902,-280.0,0.0012866164775647477,-0.0003216541193911869,0.06433082387823738,1.2866164775647475,-0.0006433082387823739,-0.001286616477564749,0.0003216541193911869,0.0,0.0,145.33905184974074,97.20208295818452,-255.0,0.0,79.93216913201479,-140.0,88.97773556993212,-80.0,-255.0,229.5600250757696,-300.0,40.0,127.5,127.5,-88.97773556993212,70.0,-368.869649163338,-136.8617243717378,300.0,-229.5600250757696,-136.8617243717378,-79.93216913201479,182.43697761518706,0.0,1496.5981,hplb
490,0.0,0.0,0.0,0.0,0.0,0.0,0.0,0.0,-0.0839281249249716,0.0,0.0,0.0,0.0,0.0,0.0,0.0,0.0,0.0,0.0,300.0,0.0,0.0,0.0,0.0,0.0,0.0,0.0,0.0,0.0,-749.1755234529217,0.0,0.0,0.0,0.0,0.0,0.0,0.0,357.63435679115236,0.0,-1000.0,36.76003149310945,0.0,-643.2214639337311,0.0,0.0,0.0,0.0,0.0,-894.0459404808093,-149.1214745543454,0.0,0.0,0.0,0.09232093741755176,0.0,0.0,0.0,0.0,0.0,0.0,-7.391270201726002,0.0,982.100576920494,974.709306718768,0.0,0.0,0.0,0.0,530.9886142807152,-530.9886142807152,0.0,0.8392812492497161,0.0,0.0,0.0,0.0,0.0,0.0,0.0,0.0,0.0,0.0,30.002114758555706,0.0,50.35687495498296,0.0,0.0,0.0,194.0459404808094,300.0,-0.0209820312312429,0.0,0.0,395.00167649227063,25.17843747749148,0.0,25.17843747749148,-342.3308543111237,0.0,0.0,356.3553083678617,4.19640624624858,-896.0109094678511,0.0,0.0,0.0,0.0,0.0,0.0,0.0,0.0,0.0,0.0,0.0,0.0,0.0,0.0,0.0,0.0,0.0,0.0,0.0,0.0,0.0,-305.7410530331929,0.0,0.0,25.17843747749148,0.0,26.0177187267412,17.1506673047364,0.0,0.0,0.0,0.0,0.0,0.0,0.0,0.0,0.0,0.0,0.0,0.0,0.0,0.0,-23.53964913933288,0.0839281249249716,0.0,0.0,0.0,0.0,0.0,0.0,0.0,326.353193609306,0.0,397.0594443366794,0.0,0.0,0.0,0.0,0.0,679.2517640814708,679.2517640814708,0.0,0.0,0.0,0.0,0.0,0.0,0.0,679.3356922063958,0.0,0.0,0.0,0.0,-472.27954206894043,0.0,0.0,0.0,0.0,0.0,0.0,0.0,0.0,0.0,0.0,0.0,0.0,0.0,0.0,-1000.0,0.0,0.0,0.0,0.0,0.0,149.1214745543454,643.2214639337311,-194.0459404808094,194.0459404808094,0.0,0.0,0.0,0.0,0.0,0.0,0.0,146.83538601492938,-702.2766406006158,0.0,0.0,0.0,0.0,0.0,0.0,0.0,0.0,0.0,0.0,0.0,0.0,0.0,85.87655837011627,-12.47090425275142,1000.0,0.0,0.0,0.0,0.0,72.62623926774832,0.0,0.0,0.0,0.0,-7.391270201726002,1000.0,0.0,0.0,0.0,0.0,0.0,0.0,0.0,0.0,0.0,16.78562498499432,0.0,0.0,-325.33905915152803,-580.4686421236404,-444.8704170278876,0.0,-1000.0,0.0,0.0,0.0,0.0,0.0,0.0,0.0,-7.315511920646884,0.0,0.0,-960.6603157771627,-960.6603157771627,0.0,0.0,0.0,960.6603157771627,0.0,0.0,1000.0,149.1214745543454,0.0,195.8345638823953,0.0,0.0,0.0,0.0,0.0,0.0,0.0,1000.0,0.0,0.0,-227.61956905153573,0.0,0.0,0.0,-7.391270201726002,-0.12589218738745742,0.0,0.0,0.0,0.0,0.0839281249249716,0.0,0.0,0.0,902.1953232547602,0.0,0.0,-641.9542979907849,-63.779820345411515,472.27954206894043,61.93846897060093,0.0,0.0,0.0,0.0,0.0,0.0,0.0,-7.226211556040137,7.226211556040137,0.0,-569.9604892458603,297.9420750895412,0.0,0.0,0.0,0.0,0.0,0.0,0.0,0.0,0.0,0.0,0.0,0.0,0.0,0.0,0.0,0.0,0.0,1000.0,0.0,642.0299307091477,326.353193609306,0.0,339.6283686885391,0.0,0.0,0.0,23.53964913933288,0.0,0.0,0.0,0.0,0.0,0.0,0.0,-4.19640624624858,-2.09820312312429,-538.2148258367554,256.14927363627373,0.0,0.0,-113.00922021147427,0.0,0.0,546.6076383292525,0.0,-4.19640624624858,0.0,0.0,0.0,-220.73473637662732,92.28210481369783,25.17843747749148,-890.6249999998117,890.6249999998117,0.0,641.00330704688,0.0,0.0,0.0,-85.87655837011627,85.87655837011627,85.87655837011627,-435.1246422504979,0.0,0.0,-320.8321640434541,0.0,0.0,146.83538601492938,0.0,0.0,-14.782540403451947,0.0,0.0,0.0,0.0,0.0,0.0,0.0,-37.6493417302429,0.1678562498499247,0.0,0.0,0.0,0.0,0.0,0.0,0.0,0.0,0.0,0.0,0.0,0.0,0.0,0.0,0.0,0.0,0.0,0.0,0.0,0.09232093741755176,0.09232093741755176,0.0,174.59565050655758,0.0,50.35687495498296,0.0,0.0,0.0,1000.0,0.0,585.0701579914504,0.0,0.0,0.0,39.20458646299817,-1000.0,0.0,0.0,764.6967985549787,0.0,0.0,0.0,0.0,0.0,0.0,0.0,0.0,0.0,0.0,101.91368434439762,-902.1953232547602,0.0,0.0,6.46246561922281,0.0,0.0,395.00167649227063,322.37543722452233,0.0,39.20458646299817,0.0,1.5552447327552699,0.0,0.0,0.0,85.87655837011627,0.0,0.0,0.0,0.0,0.0,0.0,0.0,0.0,0.0,0.0,0.0,0.0,0.0,50.35687495498296,0.0,0.0,0.0,0.0,0.0,0.0,0.0,0.0,0.0,0.0,0.0,0.0,0.8392812492497161,0.0,0.0,0.0,0.0,0.0,643.2214639337311,0.0,0.0,25.17843747749148,-764.6967985549787,0.0,0.0,0.0,0.0,0.0,0.0,0.0,0.0,0.0,25.346293727341425,0.0,0.0,25.17843747749148,25.17843747749148,1000.0,-1000.0,0.0,0.0,0.0,0.0,0.0,0.0,0.0,465.97139871371144,146.83538601492938,476.6221007353365,0.0839281249249716,0.0,0.0,-475.56305484970045,517.7994643263121,32.33571021862359,0.0,-395.00167649227063,0.0,0.0,0.0,0.0,0.0,0.0,0.0,0.0,0.0,0.0,0.0,0.0,0.0,0.0,0.0839281249249716,0.0,0.0,0.0,0.0,0.0,0.0,0.0,0.0,0.0,0.0,1000.0,0.0,-636.8319821721279,-357.9700692908523,-6.29460936937287,-4.196406246248584,0.0,0.0,203.12500000000003,203.12500000000003,-203.12500000000003,0.0,0.0,0.0,0.0,0.0,0.0,0.0,0.0,472.27954206894043,0.0,0.0,96.47851105994641,0.0,0.0,0.0,-0.0839281249249716,0.0,0.0,0.0839281249249716,0.0,0.0839281249249716,0.0,0.0,0.0,50.35687495498296,102.39231240846537,102.39231240846537,0.0,0.0,0.0,0.0,0.0,0.0,0.0,0.0,0.0,146.83538601492938,0.0,0.0,0.0,0.0,0.0,0.0,0.0,0.0,0.0,0.0,0.0,0.0,0.0,0.0,0.0,0.0,0.0,72.62623926774832,0.0,0.0,0.0,0.12589218738745742,0.0,0.0,0.0,-25.17843747749148,0.0,0.0,0.0,0.0,0.0,-174.59565050655758,4.19640624624858,0.0,0.0,0.0,0.0,0.0,-6.898891868833118,0.0,0.0,0.0,0.0,0.0,0.0,0.0,0.0,0.0,0.0,764.6967985549787,773.6061471416192,88.7190921364413,0.0,308.21437501500566,32.33571021862359,0.0,16.640757270499762,636.8319821721279,-653.4727394426277,326.353193609306,-102.39231240846537,0.0,4.196406246248584,542.2814473527243,0.0,0.0,0.0,-14.782540403451947,0.0,0.0,0.0,0.0,0.0,0.0,0.0,0.0,0.0,180.89025987593044,-193.47947861467617,102.39231240846537,0.0,0.0,0.0,0.0,0.0,0.0,0.0,0.0,0.0,0.0,0.0,0.0,0.0,-42.23640947661164,0.0,-643.2214639337311,25.17843747749148,0.0,0.0,0.0,0.0,221.97014624857525,0.0,0.0,0.09232093741755176,0.0,0.0,0.0,51.196156204232686,0.0,0.0,0.0,0.0,-12.47090425275142,0.0,0.0,0.0,0.0,0.0,0.0,0.0,0.0,820.8860926820262,0.0,460.45997446231866,0.00839281249249716,0.0,0.0,0.0,0.0,0.0,0.0,0.0,0.0,0.0,-475.56305484970045,0.0,0.0,0.0,0.0,0.0,174.59565050655758,0.0,0.0,0.0,0.0,0.0,0.0,0.0,149.1214745543454,0.0,0.0,0.0,0.0,49.17552345292171,1000.0,0.0,0.0,0.0,0.0,50.35687495498296,0.0,0.0,0.0,0.0,0.0,-50.35687495498296,0.0,0.0,0.0,0.0,0.0,0.0,0.0,0.0,0.0,0.0,0.0,0.0,0.0,724.0978066497962,-1000.0,57.49076557360556,-858.5168375447872,833.3384000672958,0.0,357.63435679115236,0.0,0.0,0.0,0.0,0.0,0.0,0.0,0.0,0.0,253.90625,0.0,-253.90625,-253.90625000000003,0.0,0.0,0.0,0.0,-10.491015615621453,0.0,-6.29460936937287,187.18486924530333,0.0,0.0,0.0,0.0,0.0,-1.0491015615621453,0.0,341.13573401275795,0.0,0.0,0.0,0.0,0.0,0.0,0.0,902.7778322955915,25.17843747749148,25.17843747749148,0.0,0.0,0.0,0.0,0.0,0.09232093741755176,174.59565050655758,0.0,0.0,-357.63435679115236,460.45158164982615,0.0,0.0,0.0,0.0,0.0,0.0,0.0,0.0,0.0,0.0,0.0,0.0,0.0,0.0,0.0,0.0,17.1506673047364,0.0,88.12453117122018,6.46246561922281,0.0,0.0,0.0,0.0,0.0,174.59565050655758,0.0,0.0,0.0,0.0,0.0,-10.491015615621453,0.0,0.0,0.0,0.0,0.0,0.0,0.0,0.0,0.0,0.0,0.0,0.0,0.0,0.0,0.0,0.0,0.0,0.0,-0.0839281249249716,0.0,0.0,4.19640624624858,-39.20458646299817,0.0,0.0,0.0,0.0,0.0,0.0,0.0,0.0,7.226211556040137,2.09820312312429,0.0,0.0,0.0,0.0839281249249716,0.0,83.9281249249716,-8.867051422004815,16.78562498499432,0.5994866066069401,268.4608031501436,-0.06294609369372871,4.19640624624858,1.6785624984994323,-0.4196406246248898,-268.4608031501436,25.17843747749148,-0.0839281249249716,0.0,0.0,0.0209820312312429,0.5994866066069401,0.0,-13.361357488055944,-1.6785624984994323,-300.0,-0.0839281249249716,0.0209820312312429,-268.4608031501436,8.39281249249716,0.0839281249249716,0.0839281249249716,-174.41940144421505,0.09232093741747395,-5.313631511619292,-0.06294609369372871,25.17843747749148,0.0839281249249716,25.17843747749148,-41.9640624624858,-0.0419640624624858,-391.7458128250601,-81.10297988517046,-0.06294609369372871,-0.0839281249249716,-8.867051422004815,0.0839281249249716,8.392812492497114,-1.6785624984994323,72.62623926774832,72.62623926774832,-8.39281249249716,300.0,-72.62623926774832,16.78562498499432,0.12589218738745742,-1000.0,8.39281249249716,-101.91368434439762,0.0,-16.78562498499432,0.0419640624624858,0.8392812492497161,160.48857449769622,105.50471712143562,-0.0839281249249716,-193.47947861467617,174.41940144421505,26.0177187267412,0.0839281249249716,13.361357488055944,-100.71374990996588,0.0,-0.0839281249249716,-0.0209820312312429,0.0,-0.0839281249249716,-37.6493417302429,0.08392812492502344,-0.0209820312312429,-0.0209820312312429,-0.0209820312312429,33.57124996998864,41.9640624624858,0.8392812492497161,374.7868330358594,-0.0209820312312429,320.97714899539244,4.19640624624858,23.021077111370033,0.0839281249249716,0.0419640624624858,0.0419640624624858,8.39281249249716,8.867051422004815,0.0839281249249716,-8.867051422004815,0.8392812492497161,0.0839281249249716,-1000.0,0.0839281249249716,0.33571249969992323,0.4196406246248898,0.0419640624624858,0.0209820312312429,25.17843747749148,-0.0839281249249716,5.313631511619292,0.8392812492497161,-749.5736660717188,2.09820312312429,-8.392812492497114,16.78562498499432,4.19640624624858,-0.0839281249249716,0.0,0.12589218738745742,-0.0839281249249716,-16.78562498499432,8.867051422004815,27.737365502061238,0.0419640624624858,-46.042154222740066,-0.0839281249249716,-0.08392812492502344,-0.08392812492497165,0.0419640624624858,268.4608031501436,-16.78562498499432,0.0839281249249716,320.97714899539244,-0.0209820312312429,-0.09232093741747395,-320.97714899539244,12.589218738745739,81.10297988517046,522.96924373486,268.4608031501436,-0.06294609369372871,193.47947861467617,-105.50471712143562,0.0839281249249716,-0.020982031231242898,4.196406246248584,83.9281249249716,-0.0419640624624858,-0.0839281249249716,0.0209820312312429,461.49613686118283,0.0,699.9580359375375,625.2131669641406,-255.0,0.0,393.82949629131235,30.480898657781637,0.0,-80.0,-255.0,-325.0,-300.0,40.0,127.5,127.5,0.0,-15.240449328890817,-174.59565050655758,-249.70751175063648,300.0,325.0,-249.70751175063648,-393.82949629131235,243.07521685439056,0.0,1496.5981,hplb
491,0.0,0.0,0.0,0.0,0.0,0.0,0.0,0.0,554.0048597019647,0.0,0.0,0.0,0.0,0.0,0.0,0.0,287.48154903116324,1000.0,0.0,-987.4815490311632,0.0,0.0,0.0,173.81016933399533,0.0,0.0,0.0,0.0,0.0,-997.8250725734412,0.0,0.0,60.35710151655725,0.0,0.0,0.0,0.0,997.255822037639,0.0,-1000.0,915.6337918719646,0.0,0.0,0.0,0.0,0.0,0.0,0.0,1000.0,0.0,0.0,-441.5295839075137,0.0,0.021118906893178746,0.0,0.0,0.0,3.839801253303832,0.0,0.0,-1.6907924852047624,0.0,-270.4844036805252,-272.17519616573,0.0,0.0,0.0,0.0,66.92773584508578,-66.92773584508578,0.0,0.1919900626651916,0.0,0.0,0.0,0.0,0.0,0.0,0.0,0.0,0.0,0.0,0.0,0.0,11.519403759911496,0.0,0.0,-1000.0,712.7067084937637,-484.7450769906899,530.3036988161547,0.0,0.0,1000.0,5.759701879955748,0.0,194.9324438023023,-0.6182080017820226,0.0,0.0,0.0,0.9599503133259581,-997.8250725734412,0.0,0.0,-79.21860044495267,749.7425578948296,0.0,0.0,0.0,0.0,0.0,0.0,0.0,0.0,0.0,0.0,0.0,0.0,0.0,0.0,0.0,0.0,0.0,-607.5362722963664,0.0,0.0,194.9324438023023,0.0,5.951691942620939,5.951691942620939,0.0,-118.27380328036566,0.0,118.27380328036566,-118.27380328036566,0.0,0.0,0.0,0.0,0.0,0.0,0.0,0.0,0.0,1.4783234825219678,0.019199006266519162,530.3084985677214,0.0,0.0,-359.16007604996514,-1000.0,0.0,0.0,0.0,0.0,115.76507531364537,0.0,0.0,0.0,0.0,0.0,-582.6387773307051,-582.6387773307051,0.0,0.0,0.0,0.0,509.0153624414118,0.0,0.0,-582.6195783244386,0.0,0.0,0.0,-703.6119988829103,0.0,0.0,0.0,0.0,0.0,0.0,0.0,0.0,0.0,0.0,-1000.0,0.0,0.0,0.0,0.0,-1000.0,0.0,0.0,0.0,0.0,0.0,0.0,441.5295839075137,-141.76957546335757,141.76957546335757,0.0,0.0,0.0,0.0,0.0,0.0,0.0,0.0,-600.584122941226,0.0,0.0,0.0,0.0,0.0,0.0,0.0,0.0,0.0,0.0,0.0,0.0,0.0,361.32520587527426,706.2698625840898,-731.1860603652358,0.0,0.0,0.0,0.0,168.06090036708156,0.0,0.0,0.0,0.0,-1.6907924852047624,-731.1860603652358,0.0,0.0,0.0,0.0,0.0,0.0,0.0,0.0,0.0,0.0,189.17274192234655,0.0,-854.4762839571213,0.0,299.76000844415614,0.0,731.1860603652358,0.0,0.0,0.0,0.0,0.0,0.0,0.0,-1.9349398482273727,0.0,0.0,-753.471917963479,0.0,-882.9745638125331,129.50264584905415,-882.9745638125331,0.0,570.937133030406,0.0,-570.7807084020345,0.0,0.0,-102.59228899825123,0.0,0.0,0.0,0.0,0.0,0.0,0.0,417.3420236630283,0.0,0.0,510.8669195279471,0.0,0.0,0.0,-1.6907924852047624,-0.02879850939977874,0.0,0.0,0.0,0.0,0.019199006266519162,0.0,0.0,0.0,637.0066558306162,287.48154903116324,0.0,-201.12800085467774,808.3355517741675,0.0,1000.0,0.0,68.58077028463309,0.0,-79.21860044495267,0.0,0.0,0.0,-1.653034439547307,-66.92773584508578,0.0,-1000.0,-1000.0,0.0,0.0,0.0,0.0,0.0,0.0,0.0,0.0,0.0,0.0,0.0,0.0,0.0,0.0,0.0,0.0,0.0,-2.6673819372950796,0.0,-1000.0,0.0,0.0,0.0,642.9248200760757,0.0,0.0,-1.4783234825219678,0.0,0.0,0.0,66.18142965364042,0.0,0.0,0.0,0.0,0.0,0.0,0.0,207.36574444760828,-92.03289159150847,0.0,0.0,-789.9241774189002,-323.9687499672108,-0.479975156662979,-208.32569476093423,0.0,0.0,1000.0,0.0,-789.7544046124139,194.9324438023023,0.0,0.0,0.0,0.0,0.0,554.0240587082312,0.0,-361.32520587527426,361.32520587527426,361.32520587527426,330.37879919164885,0.0,222.7249494608236,-1000.0,0.0,0.0,0.0,0.0,0.0,-3.381584970409525,0.0,0.0,110.5662356742669,0.0,0.0,0.0,0.0,-98.08009937334809,0.03839801253286623,0.0,0.0,0.0,0.0,0.0,0.0,0.0,0.0,0.0,0.0,0.0,0.0,0.0,0.0,0.0,0.0,0.0,0.0,0.0,0.021118906893178746,0.021118906893178746,0.0,103.2297026896153,0.0,11.519403759911496,0.0,0.0,0.0,1000.0,0.0,0.0,0.0,0.0,0.0,549.9660200055177,-1000.0,0.0,0.0,763.8508222108029,0.0,0.0,110.5662356742669,0.0,0.0,0.0,0.0,0.0,0.0,0.0,202.51209076545547,-637.0066558306162,609.4175181551356,467.5018170675363,1.4783234825219678,0.0,0.0,1000.0,831.9390996329184,0.0,549.9660200055177,0.0,451.88592063216964,0.0,1000.0,-1000.0,361.32520587527426,0.0,0.0,0.0,0.0,0.0,0.0,0.0,0.0,0.0,0.0,0.0,0.0,0.0,11.519403759911496,0.0,0.0,0.0,0.0,0.0,0.0,0.0,0.0,0.0,0.0,0.0,0.0,0.1919900626651916,0.0,0.0,0.0,0.0,0.0,441.5295839075137,0.0,0.0,194.9324438023023,-763.8508222108029,0.0,0.0,0.0,467.5018170675363,0.0,0.0,0.0,0.0,0.0,175.7684679731803,0.0,0.0,5.759701879955748,5.759701879955748,1000.0,-1000.0,0.0,110.5662356742669,0.0,0.0,0.0,0.0,0.0,997.8250725734412,0.0,1000.0,0.019199006266519162,0.0,0.0,1.5482627196357237,0.0,0.0,0.0,-1000.0,0.0,0.0,0.0,0.0,0.0,0.0,0.0,0.0,0.0,0.0,0.0,0.0,0.0,0.0,0.019199006266519162,0.0,0.0,0.0,462.3924491699154,-462.3924491699154,0.0,0.0,0.0,0.0,-1.4783234825219678,0.0,0.0,0.0,-997.3326180627049,-1.439925469988937,-0.959950313325958,0.0,0.0,0.0,0.0,0.0,0.0,0.0,0.0,0.0,0.0,0.0,0.0,0.0,0.0,0.0,0.0,211.20554570091213,0.0,0.0,0.0,554.0048597019647,0.0,0.0,0.019199006266519162,0.0,0.019199006266519162,0.0,0.0,0.0,11.519403759911496,23.422787645153374,23.422787645153374,0.0,0.0,0.0,0.0,0.0,0.0,0.0,609.4175181551356,0.0,0.0,0.0,0.0,0.0,0.0,0.0,0.0,0.0,0.0,0.0,0.0,0.0,0.0,0.0,0.0,0.0,0.0,0.0,168.06090036708156,0.0,0.0,0.0,0.02879850939977874,0.0,0.0,0.0,-194.9324438023023,0.0,0.0,0.0,0.0,0.0,-103.2297026896153,0.9599503133259581,0.0,0.0,0.0,0.0,-509.0153624414118,0.0,0.0,0.0,0.0,0.0,0.0,0.0,0.0,0.0,0.0,0.0,763.8508222108029,0.0,-258.09550318565897,0.0,401.81575284208884,-79.21860044495267,0.0,0.0,0.0,0.0,0.0,-23.422787645153374,0.0,0.959950313325958,1000.0,0.0,0.0,0.0,-3.381584970409525,0.0,0.0,610.3357542024887,-610.3357542024887,0.0,0.0,0.0,0.0,0.0,998.5600745300111,-1.4399254699887933,23.422787645153374,0.0,0.0,0.0,0.0,0.0,0.0,0.0,0.0,0.0,0.0,0.0,0.0,106.10955362959317,-1.5482627196357237,-156.86826905281856,0.0,5.759701879955748,0.0,0.0,0.0,0.0,-282.353975843677,0.0,0.0,0.021118906893178746,0.0,0.0,0.0,11.711393822576687,0.0,0.0,0.0,0.0,706.2698625840898,0.0,749.7425578948296,0.0,0.0,0.0,0.0,0.0,0.0,0.0,0.0,935.5656219188164,0.0019199006266519161,0.0,0.0,0.0,0.0,0.0,0.0,0.0,0.0,0.0,1.5482627196357237,0.0,0.0,0.0,0.0,0.0,103.2297026896153,0.0,0.0,0.0,0.0,0.0,0.0,0.0,0.0,0.0,0.0,0.0,0.0,458.23042453664243,0.0,1000.0,0.0,0.0,0.0,11.519403759911496,0.0,0.0,0.0,0.0,0.0,0.0,-11.519403759911496,0.0,0.0,0.0,0.0,0.0,0.0,0.0,0.0,0.0,0.0,0.0,0.0,-1000.0,-1000.0,13.151319292565626,-194.9324438023023,0.0,0.0,997.255822037639,0.0,0.0,0.0,0.0,0.0,0.0,0.0,0.0,0.0,0.0,0.0,0.0,0.0,0.0,0.0,0.0,0.0,-2.399875783314895,0.0,-1.439925469988937,0.0,0.0,0.0,0.0,0.0,0.0,-0.2399875783314895,0.0,3.381584970409525,0.0,0.0,0.0,0.0,0.0,0.0,0.0,1000.0,5.759701879955748,5.759701879955748,0.0,0.0,0.0,0.0,0.0,0.021118906893178746,103.2297026896153,0.0,0.0,-997.255822037639,935.5637020181898,0.0,0.0,0.0,0.0,0.0,0.0,0.0,0.0,0.0,0.0,0.0,0.0,0.0,0.0,0.0,0.0,5.951691942620939,0.0,20.158956579845118,1.4783234825219678,0.0,0.0,0.0,0.0,0.0,103.2297026896153,0.0,-1.5781583151079808,0.0,0.0,0.0,-2.399875783314895,0.0,0.0,0.0,0.0,0.0,0.0,0.0,0.0,0.0,0.0,0.0,0.0,0.0,0.0,0.0,0.0,0.0,0.0,-0.019199006266519162,0.0,0.0,0.9599503133259581,-549.9660200055177,0.0,0.0,0.0,0.0,0.0,0.0,0.0,0.0,1.653034439547307,0.479975156662979,0.0,0.0,0.0,0.019199006266519162,0.0,19.199006266519163,0.0,3.8398012533038326,0.13713575904656544,65.46861136883032,-0.01439925469988937,322.4223603513638,0.3839801253303832,-0.095995031332479,-65.46861136883032,5.759701879955749,-0.019199006266519162,26.406200148317556,110.5662356742669,0.0047997515666297905,0.13713575904656544,-79.21860044495267,-3.0564817976299485,-0.3839801253303832,-300.0,-0.019199006266519162,0.0047997515666297905,-65.46861136883032,1.919900626651916,0.019199006266519162,0.019199006266519162,-103.1893847764556,0.021118906893122683,0.0,-0.01439925469988937,5.759701879955748,0.019199006266519162,194.9324438023023,179.573238789087,-0.009599503133259581,42.67212557625997,-170.0,-0.01439925469988937,-0.019199006266519162,0.0,0.019199006266519162,1.919900626651916,-0.3839801253303832,168.06090036708156,168.06090036708156,-1.919900626651916,300.0,-168.06090036708156,3.839801253303832,0.02879850939977874,465.4727393377837,1.919900626651916,-202.51209076545547,110.5662356742669,-3.839801253303832,0.009599503133259581,0.1919900626651916,50.282000213669434,-254.25570193235515,-0.019199006266519162,-107.54947909958196,103.1893847764556,5.951691942620939,0.019199006266519162,3.0564817976299485,-101.64531376790246,110.5662356742669,-0.019199006266519162,-0.0047997515666297905,-110.5662356742669,-0.019199006266519162,-847.8226572681776,0.019199006266519162,-0.0047997515666297905,-0.0047997515666297905,-0.0047997515666297905,7.679602506607664,-179.573238789087,0.1919900626651916,342.81604251180516,-0.0047997515666297905,74.15780027902132,0.959950313325958,50.0,0.019199006266519162,0.009599503133259581,0.009599503133259581,57.20301846378537,0.0,0.019199006266519162,0.0,0.1919900626651916,0.019199006266519162,-1000.0,0.019199006266519162,0.07679602506590388,0.095995031332479,0.009599503133259581,0.0047997515666297905,5.759701879955748,-0.019199006266519162,0.0,0.1919900626651916,-685.6320850236103,321.9423851947008,-1.919900626651916,3.839801253303832,0.959950313325958,-0.019199006266519162,79.21860044495267,0.02879850939977874,-0.019199006266519162,-114.40603692757074,0.0,435.9308452214275,0.009599503133259581,-100.0,-0.019199006266519162,-0.019199006266519162,-0.019199006266519162,0.009599503133259581,65.46861136883032,-3.839801253303832,0.019199006266519162,100.56400042733887,-0.0047997515666297905,-0.021118906893122683,-100.56400042733887,2.8798509399778736,170.0,-388.3658551767794,65.46861136883032,-0.01439925469988937,107.54947909958196,254.25570193235515,0.019199006266519162,-0.004799751566629791,67.14137996696638,19.199006266519163,-0.009599503133259581,-0.019199006266519162,0.0047997515666297905,0.0,0.0,-551.674394880633,657.1839574881949,-255.0,0.0,286.05053490930266,-140.0,0.0,-80.0,-255.0,203.76196405974292,-86.19205603971614,40.0,127.5,127.5,0.0,70.0,-103.2297026896153,-153.57686937775046,86.19205603971614,-203.76196405974292,-153.57686937775046,-286.05053490930266,192.8879740252766,0.0,1496.5981,hplb
492,0.0,0.0,0.0,0.0,0.0,0.0,0.0,0.0,-0.011827459428595675,0.0,0.0,0.0,0.0,0.0,0.0,0.0,-670.879782637269,970.879782637269,0.0,0.0,0.0,0.0,0.0,0.0,0.0,0.0,0.0,0.0,0.0,378.09518508086575,0.0,0.0,628.5278591489397,0.0,0.0,0.0,0.0,28.00467090585563,0.0,-1000.0,817.0226052852585,0.0,0.0,-696.210379063268,0.0,0.0,176.76856990656637,0.0,988.9949766196712,0.0,0.0,0.0,0.0,0.013010205371585926,0.0,0.0,0.0,0.0,0.0,0.0,-217.07569192304976,0.0,-359.94452099366356,-633.2028743658622,0.0,0.0,0.0,0.0,582.6916626197728,-582.6916626197728,0.0,0.11827459428595676,0.0,0.0,0.0,0.0,0.0,0.0,0.0,0.0,0.0,0.0,0.0,0.0,7.096475657157405,0.0,234.76164081242064,-332.44919827620424,314.3340042938021,178.0530893031645,-0.0029568648571489187,0.0,0.0,899.0423823906609,3.5482378285787024,0.0,3.5482378285787024,-48.80360711683412,0.0,0.0,0.0,0.5913729714297837,378.09518508086575,0.0,0.0,-79.51862240125611,633.039583226303,0.0,0.0,0.0,0.0,0.0,0.0,0.0,0.0,0.0,0.0,0.0,0.0,0.0,0.0,0.0,0.0,0.0,-207.13497256004217,0.0,0.0,3.5482378285787024,0.0,3.6665124228646593,0.0,0.0,-309.60762484629777,309.60762484629777,0.0,0.0,0.0,0.0,0.0,-56.18266144914884,0.0,0.0,0.0,0.0,0.0,235.67235518842244,0.011827459428595675,0.0,0.0,0.0,-633.039583226303,0.0,0.0,0.0,0.0,0.0,108.93803492721486,0.0,0.0,0.0,0.0,0.0,999.9881725405714,999.9881725405714,0.0,0.0,0.0,515.625,18.030849937974722,0.0,0.0,1000.0,0.0,0.0,0.0,1000.0,-352.87420261798155,0.0,0.0,0.0,0.0,0.0,0.0,0.0,0.0,0.0,0.0,0.0,0.0,0.0,0.0,-1000.0,0.0,0.0,0.0,0.0,0.0,0.0,0.0,-314.3340042938021,314.3340042938021,56.18266144914884,0.0,0.0,0.0,0.0,0.0,0.0,0.0,-1000.0,0.0,0.0,0.0,0.0,0.0,0.0,0.0,0.0,0.0,0.0,0.0,0.0,0.0,0.0,-95.26901622856172,-696.210379063268,0.0,0.0,0.0,0.0,-56.18266144914884,0.0,0.0,0.0,0.0,-217.07569192304976,0.0,0.0,0.0,567.2685314657674,0.0,0.0,0.0,0.0,0.0,710.3940491654778,2.365491885719135,0.0,0.0,-628.6680085876042,0.0,342.2117740496649,0.0,696.210379063268,0.0,0.0,56.18266144914884,790.1042404157469,0.0,0.0,0.0,-137.30038500867215,0.0,0.0,-732.8207755708244,0.0,0.0,-732.8207755708243,0.0,0.0,0.0,0.0,0.0,0.0,0.0,32.998611805781934,0.0,0.0,0.0,317.1001870813525,0.0,-317.1001870813525,0.0,472.4599925504472,0.0,0.0,0.0,515.625,0.0,0.0,-217.07569192304976,-0.017741189142893514,0.0,0.0,0.0,0.0,0.011827459428595675,0.0,0.0,0.0,286.05771300594347,-670.879782637269,0.0,-53.01241493417074,-914.8816701547281,352.87420261798155,723.6299087005875,0.0,221.3041842242036,0.0,-79.51862240125611,0.0,0.0,0.0,778.6958157757964,0.0,-1000.0,-1000.0,-1000.0,0.0,0.0,0.0,0.0,0.0,0.0,0.0,0.0,0.0,0.0,0.0,0.0,0.0,0.0,0.0,0.0,567.2685314657674,-971.948019256429,0.0,-1000.0,0.0,0.0,758.8168120887103,0.0,0.0,0.0,-946.0664043539002,0.0,0.0,0.0,0.0,0.0,0.0,0.0,0.0,0.0,-582.6916626197728,0.0,0.0,804.4559350157488,-600.0957691689515,0.0,-0.5913729714297837,1000.0,-0.29568648571489187,-0.5913729714297837,-1000.0,0.0,-1000.0,501.6372196427242,879.9468284731151,3.5482378285787024,0.0,0.0,0.0,372.7548853523681,0.0,0.0,0.0,0.0,0.0,0.0,-608.909623240399,0.0,0.0,0.0,0.0,0.0,0.0,0.0,0.0,-20.810763670407088,0.0,0.0,96.94093441324974,0.0,0.0,0.0,0.0,-98.81725405714043,0.0236549188571189,0.0,0.0,0.0,0.0,0.0,0.0,0.0,0.0,0.0,0.0,0.0,0.0,0.0,0.0,0.0,0.0,0.0,0.0,0.0,0.013010205371585926,0.013010205371585926,0.0,76.47659732977118,0.0,7.096475657157405,0.0,0.0,0.0,1000.0,0.0,0.0,234.76164081242064,0.0,0.0,-502.05383709861627,-1000.0,0.0,0.0,759.1827032240716,0.0,0.0,96.94093441324974,0.0,0.0,0.0,0.0,0.0,0.0,0.0,69.04499085334739,-286.05771300594347,0.0,0.0,522.2106420265893,0.0,899.0423823906609,0.0,0.0,0.0,-502.05383709861627,0.0,0.0,-600.8710911557567,-31.25000000000003,31.25000000000003,0.0,0.0,0.0,0.0,0.0,0.0,0.0,0.0,0.0,0.0,0.0,0.0,0.0,0.0,7.096475657157405,56.18266144914884,56.18266144914884,0.0,0.0,0.0,0.0,0.0,0.0,0.0,0.0,0.0,0.0,0.11827459428595676,0.0,0.0,234.76164081242064,-234.76164081242064,0.0,0.0,0.0,0.0,3.5482378285787024,-759.1827032240716,0.0,0.0,286.5382868381668,0.0,0.0,0.0,0.0,0.0,0.0,951.9254874426363,-795.4414584587371,0.0,3.5482378285787024,3.5482378285787024,614.9268400022441,-1000.0,0.0,96.94093441324974,0.0,0.0,0.0,0.0,0.0,621.9048149191342,0.0,759.3530431706638,0.011827459428595675,0.0,0.0,0.0,15.619849812521819,568.3078684035679,0.0,-899.0423823906609,0.0,0.0,0.0,0.0,0.0,0.0,0.0,0.0,0.0,0.0,0.0,0.0,0.0,0.0,0.011827459428595675,0.0,0.0,0.0,0.0,0.0,0.0,0.0,0.0,0.0,0.0,0.0,0.0,-187.24959226518988,-28.051980743570994,-0.8870594571446756,-0.5913729714297915,0.0,0.0,234.37500000000003,234.37500000000003,-234.37500000000003,0.0,0.0,0.0,0.0,0.0,0.0,0.0,56.18266144914884,352.87420261798155,0.0,0.0,-119.46179855545506,0.0,0.0,0.0,-0.011827459428595675,0.0,0.0,0.011827459428595675,0.0,0.011827459428595675,0.0,0.0,0.0,7.096475657157405,14.429500502886723,14.429500502886723,0.0,0.0,0.0,0.0,0.0,0.0,0.0,0.0,0.0,0.0,0.0,0.0,0.0,779.7141600325987,0.0,0.0,0.0,0.0,0.0,0.0,0.0,0.0,0.0,0.0,0.0,0.0,0.0,0.0,0.0,0.0,0.0,0.017741189142893514,0.0,0.0,0.0,-3.5482378285787024,0.0,0.0,0.0,0.0,0.0,-76.47659732977118,0.5913729714297837,0.0,0.0,0.0,-515.625,-18.030849937974722,946.0664043539002,0.0,0.0,0.0,0.0,0.0,0.0,0.0,0.0,56.18266144914884,0.0,759.1827032240716,0.0,76.47659732977118,0.0,-383.5947275691813,488.7892460023118,0.0,0.0,187.24959226518988,-187.24959226518988,0.0,775.6747399128601,0.0,0.5913729714297915,1000.0,0.0,0.0,0.0,-490.33404529524836,0.0,0.0,0.0,0.0,0.0,0.0,0.0,0.0,0.0,-1.774118914289275,0.0,14.429500502886723,0.0,0.0,0.0,0.0,0.0,0.0,0.0,0.0,0.0,710.3940491654778,0.0,0.0,79.13777570120513,-15.619849812521819,0.0,0.0,3.5482378285787024,234.76164081242064,0.0,0.0,0.0,-249.6117848227022,0.0,0.0,0.013010205371585926,0.0,0.0,0.0,7.214750251443362,0.0,0.0,0.0,0.0,-95.26901622856172,0.0,633.039583226303,0.0,0.0,0.0,0.0,0.0,0.0,0.0,0.0,0.0011827459428596088,0.0011827459428596088,0.0,0.0,0.0,0.0,0.0,0.0,0.0,0.0,0.0,0.0,0.0,0.0,0.0,0.0,0.0,76.47659732977118,0.0,0.0,0.0,0.0,0.0,0.0,0.0,0.0,0.0,0.0,0.0,469.5232816248413,0.0,-352.7645886548668,970.879782637269,0.0,0.0,0.0,7.096475657157405,0.0,0.0,0.0,0.0,0.0,-7.096475657157405,0.0,0.0,469.5232816248413,0.0,0.0,0.0,0.0,0.0,0.0,0.0,0.0,0.0,0.0,-759.3530431706638,0.0,787.8159697411866,-3.5482378285787024,0.0,0.0,28.00467090585563,0.0,0.0,0.0,0.0,0.0,0.0,0.0,0.0,0.0,0.0,0.0,0.0,0.0,0.0,0.0,0.0,0.0,-1.4784324285744672,56.18266144914884,-0.8870594571446756,778.8271005754539,0.0,0.0,0.0,0.0,0.0,0.0,-0.14784324285744593,20.810763670407088,0.0,0.0,0.0,0.0,0.0,0.0,0.0,1000.0,3.5482378285787024,3.5482378285787024,0.0,0.0,0.0,0.0,0.0,0.013010205371585926,76.47659732977118,0.0,0.0,-28.00467090585563,0.0,0.0,0.0,0.0,0.0,0.0,0.0,0.0,0.0,0.0,0.0,0.0,0.0,0.0,0.0,0.0,0.0,0.0,0.0,12.418832400025458,235.67235518842244,0.0,0.0,0.0,0.0,0.0,76.47659732977118,0.0,-236.64457235345378,0.0,0.0,0.0,-1.4784324285744672,0.0,0.0,0.0,0.0,0.0,0.0,0.0,0.0,0.0,0.0,0.0,0.0,0.0,0.0,0.0,0.0,0.0,0.0,-0.011827459428595675,0.0,0.0,0.5913729714297837,502.05383709861627,0.0,0.0,0.0,0.0,56.18266144914884,0.0,0.0,0.0,-778.6958157757964,0.29568648571489187,0.0,0.0,0.0,0.011827459428595675,0.0,11.827459428595674,-3.6665124228646593,2.365491885719135,0.08448185306139767,32.998611805781934,-0.008870594571446757,0.5913729714297837,0.2365491885719135,-0.05913729714395899,-32.998611805781934,3.5482378285787024,-0.011827459428595675,26.50620746708537,96.94093441324974,0.0029568648571489187,0.08448185306139767,-79.51862240125611,-236.64457235345378,-0.2365491885719135,-300.0,-0.011827459428595675,0.0029568648571489187,-32.998611805781934,159.43210022231304,0.011827459428595675,0.011827459428595675,-76.451759664971,-234.7486306070492,0.0,-0.008870594571446757,3.5482378285787024,0.011827459428595675,3.5482378285787024,-5.913729714297837,-0.005913729714297837,50.09920987529736,54.988088046860675,-0.008870594571446757,-0.011827459428595675,-3.6665124228646593,0.011827459428595675,1.1827459428595675,-0.2365491885719135,0.0,0.0,-1.1827459428595546,300.0,0.0,2.365491885719135,0.017741189142893514,-1000.0,1.1827459428595675,-69.04499085334739,96.94093441324974,-2.365491885719135,0.005913729714297837,0.11827459428595676,13.253103733542686,78.84208921549032,-0.011827459428595675,-79.13777570120513,76.451759664971,3.6665124228646593,0.011827459428595675,236.64457235345378,-75.50137118051862,96.94093441324974,-0.011827459428595675,-0.0029568648571489187,-96.94093441324974,-0.011827459428595675,-731.8568372834434,0.011827459428445763,-0.0029568648571489187,-0.0029568648571489187,-0.0029568648571489187,4.73098377143827,5.913729714297837,0.11827459428595676,76.67445603633834,-0.0029568648571489187,0.0,0.5913729714297837,50.0,0.011827459428595675,0.005913729714297837,0.005913729714297837,49.653213149484436,3.6665124228646593,0.011827459428595675,-3.6665124228646593,0.11827459428595676,0.011827459428595675,-212.49803010069505,0.011827459428595675,0.047309837715488356,0.05913729714395899,0.005913729714297837,0.0029568648571489187,3.5482378285787024,-0.011827459428595675,0.0,0.11827459428595676,-153.34891207267668,0.29568648571489187,-1.1827459428595675,2.365491885719135,0.5913729714297837,-0.011827459428595675,79.51862240125611,0.017741189142893514,-0.011827459428595675,-99.30642629896887,3.6665124228646593,365.90445720417523,0.005913729714297837,-100.0,-0.011827459428595675,-0.011827459428445763,-0.011827459428595675,0.005913729714297837,32.998611805781934,-2.365491885719135,0.011827459428595675,26.50620746708537,-0.0029568648571489187,234.7486306070492,-26.50620746708537,1.774118914289351,-54.988088046860675,295.2132348198411,32.998611805781934,-0.008870594571446757,79.13777570120513,-78.84208921549032,0.011827459428595675,-0.0029568648571489196,0.5913729714297915,11.827459428595674,-0.005913729714297837,-0.011827459428595675,0.0029568648571489187,1000.0,0.0,821.9409969671212,135.8235740643567,-255.0,0.0,380.14398329164555,-140.0,158.24935427945348,-80.0,-255.0,381.2292356834622,-178.0530893031645,40.0,127.5,127.5,-158.24935427945348,70.0,-76.47659732977118,-116.29267238147305,178.0530893031645,-381.2292356834622,-116.29267238147305,-380.14398329164555,227.2313042646523,0.0,1496.5981,hplb
493,0.0,0.0,0.0,0.0,0.0,0.0,0.0,0.0,-0.0755658080409985,0.0,0.0,0.0,0.0,0.0,0.0,0.0,763.1683088755136,-582.8225589443973,0.0,119.65425006888364,0.0,0.0,0.0,280.01284327185215,0.0,0.0,0.0,0.0,0.0,-1000.0,0.0,0.0,64.55867963708012,0.0,0.0,0.0,0.0,453.03337290279904,0.0,-1000.0,977.3302575877004,0.0,0.0,577.6972717757542,0.0,0.0,0.0,0.0,339.64353123047874,-871.2735857194552,0.0,102.81184010599225,0.0,0.08312238884514045,0.0,0.0,0.0,15.113161608199698,0.0,0.0,-129.70034490212262,0.0,-717.3598831498475,-847.0602280519702,0.0,0.0,0.0,0.0,0.0,0.0,0.0,0.755658080409985,0.0,0.0,0.0,0.0,0.0,0.0,0.0,0.0,0.0,0.0,0.0,0.0,45.3394848245991,0.0,114.79745837573871,500.8075333946397,737.6392245191262,-724.0176483350094,162.66839037233,0.0,0.0,220.73417324255922,22.66974241229955,0.0,22.66974241229955,0.0,420.90314741073394,0.0,0.0,3.7782904020499473,-1000.0,0.0,0.0,-73.77131600521376,722.6600109583234,949.2871635121475,0.0,0.0,0.0,0.0,0.0,0.0,0.0,0.0,0.0,0.0,0.0,0.0,0.0,0.0,0.0,0.0,-282.0097865248139,0.0,0.0,22.66974241229955,0.0,23.425400492709535,6.2465452619798185,0.0,-250.67823822438203,0.0,250.67823822438203,-250.67823822438203,0.0,0.0,0.0,0.0,0.0,0.0,0.0,0.0,0.0,120.61602559489559,0.0755658080409985,162.68728182434026,0.0,0.0,-152.38738726247732,-1000.0,0.0,0.0,0.0,0.0,325.6689731921959,0.0,0.0,0.0,0.0,0.0,89.61996473742694,89.61996473742694,0.0,0.0,0.0,-515.625,-1000.0,0.0,0.0,89.69553054546793,0.0,0.0,0.0,0.0,0.0,0.0,0.0,0.0,0.0,0.0,0.0,0.0,0.0,0.0,0.0,0.0,0.0,0.0,0.0,-1000.0,0.0,0.0,0.0,0.0,0.0,871.2735857194552,-102.81184010599225,262.3607754808738,-262.3607754808738,0.0,0.0,0.0,0.0,0.0,0.0,0.0,0.0,-269.8315113091706,0.0,0.0,0.0,0.0,0.0,0.0,0.0,0.0,0.0,0.0,0.0,0.0,0.0,262.73594268210496,359.95369952055336,0.0,0.0,0.0,0.0,0.0,87.7551539555046,0.0,0.0,0.0,0.0,-129.70034490212262,-577.6972717757542,0.0,0.0,0.0,0.0,0.0,0.0,0.0,0.0,2.4332190189225003,0.0,0.0,0.0,39.0373118284429,514.3157608666951,1000.0,0.0,0.0,0.0,0.0,0.0,1000.0,0.0,0.0,0.0,385.0563906233772,0.0,0.0,0.0,0.0,1000.0,-1000.0,1000.0,0.0,1000.0,0.0,-938.4467579137659,871.2735857194552,0.0,135.56654100284086,0.0,0.0,0.0,587.9488345626,0.0,-587.9488345626,0.0,570.4125232663059,0.0,0.0,0.0,-515.625,0.0,0.0,-129.70034490212262,-0.11334871206149774,0.0,0.0,0.0,0.0,0.0755658080409985,0.0,0.0,0.0,887.1418846132733,763.1683088755136,0.0,-351.7653951710684,280.26628164170853,0.0,1000.0,0.0,-763.0178270453683,0.0,-73.77131600521376,0.0,0.0,0.0,941.7312054195861,821.2866216257822,-1000.0,-475.72197266133423,-1000.0,0.0,0.0,0.0,0.0,0.0,0.0,0.0,0.0,0.0,0.0,0.0,0.0,0.0,0.0,0.0,0.0,0.0,-583.7806235071115,0.0,-1000.0,0.0,0.0,0.0,318.0533287072592,0.0,0.0,-123.04924461381809,0.0,420.90314741073394,0.0,0.0,0.0,0.0,0.0,0.0,0.0,-821.2866216257822,0.0,-297.4471472193868,0.0,-49.986782019120525,0.0,-162.80495475567955,1000.0,-1.8891452010249623,293.66885681733686,-934.2442083267227,0.0,273.2129460387302,1000.0,-287.88807250220054,22.66974241229955,0.0,0.0,0.0,0.0,0.0,0.0,0.0,-262.73594268210496,262.73594268210496,262.73594268210496,313.6581543970141,0.0,0.0,-825.2604994641362,0.0,0.0,0.0,0.0,0.0,-29.80577305276782,0.0,0.0,0.0,0.0,0.0,0.0,0.0,-92.44341919590015,0.1511316160826226,0.0,0.0,0.0,0.0,0.0,0.0,0.0,0.0,0.0,0.0,0.0,0.0,0.0,0.0,0.0,0.0,0.0,0.0,0.0,0.08312238884514045,0.08312238884514045,0.0,398.13535997429324,0.0,45.3394848245991,0.0,0.0,0.0,1000.0,0.0,0.0,114.79745837573871,0.0,0.0,374.07416959570645,-1000.0,0.0,0.0,753.9218356431155,0.0,0.0,0.0,0.0,0.0,0.0,0.0,0.0,0.0,0.0,94.00326217493796,-887.1418846132733,429.7273763041539,0.0,120.61602559489558,0.0,0.0,220.73417324255922,132.97901928705463,0.0,213.2370444800472,0.0,32.194134804030114,249.43661559577617,0.0,0.0,262.73594268210496,0.0,0.0,0.0,0.0,0.0,0.0,0.0,0.0,0.0,0.0,0.0,0.0,0.0,45.3394848245991,0.0,0.0,0.0,0.0,0.0,0.0,0.0,0.0,0.0,0.0,0.0,0.0,0.755658080409985,0.0,0.0,114.79745837573871,-114.79745837573871,0.0,-102.81184010599225,0.0,0.0,22.66974241229955,-753.9218356431155,0.0,0.0,0.0,0.0,0.0,0.0,0.0,0.0,0.0,338.4333921798866,0.0,0.0,22.66974241229955,22.66974241229955,1000.0,-1000.0,0.0,0.0,0.0,0.0,0.0,0.0,0.0,475.72197266133423,0.0,1000.0,0.0755658080409985,0.0,0.0,0.0,74.80926358565364,0.0,0.0,-220.73417324255922,0.0,0.0,0.0,0.0,0.0,0.0,12.37208654735838,0.0,0.0,0.0,0.0,0.0,0.0,0.0,0.0755658080409985,0.0,0.0,0.0,1000.0,-1000.0,0.0,0.0,0.0,0.0,-510.70535553135454,1000.0,0.0,-191.44074167172963,-416.2193764928885,-5.667435603074909,-3.7782904020499473,0.0,0.0,0.0,0.0,0.0,0.0,0.0,0.0,0.0,0.0,0.0,0.0,0.0,0.0,0.0,0.0,-10.896836061420416,0.0,0.0,0.0,-0.0755658080409985,0.0,0.0,0.0755658080409985,0.0,0.0755658080409985,37.11625964207514,0.0,0.0,45.3394848245991,92.19028581001817,92.19028581001817,0.0,0.0,0.0,0.0,0.0,0.0,0.0,429.7273763041539,0.0,0.0,0.0,0.0,0.0,948.2374214919162,0.0,0.0,0.0,0.0,0.0,0.0,0.0,0.0,0.0,0.0,0.0,0.0,0.0,87.7551539555046,0.0,0.0,0.0,0.11334871206149774,0.0,0.0,0.0,-22.66974241229955,0.0,0.0,0.0,0.0,0.0,-398.13535997429324,3.7782904020499473,0.0,0.0,0.0,515.625,1000.0,0.0,0.0,0.0,0.0,0.0,0.0,0.0,0.0,0.0,0.0,0.0,753.9218356431155,0.0,135.39941729218828,0.0,739.6142146959542,-73.77131600521376,0.0,387.65611091753647,612.3438890824635,-1000.0,0.0,907.8097141899818,0.0,3.7782904020499473,601.085943783979,0.0,34.44264876317868,0.0,-259.40068980424525,0.0,0.0,0.0,0.0,0.0,0.0,0.0,0.0,0.0,46.09514290500914,-57.43001411115904,92.19028581001817,0.0,0.0,0.0,0.0,0.0,0.0,0.0,0.0,0.0,2.4332190189225003,0.0,0.0,357.707652672359,-74.80926358565364,0.0,0.0,22.66974241229955,114.79745837573871,0.0,0.0,0.0,-134.99686638016715,0.0,0.0,0.08312238884514045,0.0,0.0,0.0,46.095142905009084,0.0,0.0,0.0,0.0,359.95369952055336,0.0,722.6600109583234,0.0,0.0,0.0,0.0,0.0,0.0,0.0,0.0,318.3751864139448,0.007556580804100044,0.0,0.0,0.0,0.0,0.0,37.11625964207514,0.0,0.0,0.0,0.0,0.0,0.0,0.0,0.0,0.0,398.13535997429324,0.0,0.0,0.0,0.0,0.0,0.0,0.0,871.2735857194552,0.0,0.0,0.0,229.59491675147743,944.3758010306315,0.0,-582.8225589443973,0.0,0.0,0.0,45.3394848245991,0.0,0.0,0.0,0.0,0.0,525.3904491919792,-570.7299340165783,0.0,229.59491675147743,0.0,0.0,0.0,0.0,0.0,0.0,0.0,0.0,0.0,0.0,-1000.0,-1000.0,1000.0,-22.66974241229955,0.0,0.0,415.9171132607239,0.0,0.0,0.0,0.0,0.0,0.0,0.0,0.0,0.0,0.0,0.0,0.0,0.0,0.0,0.0,0.0,0.0,-9.445726005124857,0.0,-5.667435603074909,1000.0,0.0,0.0,0.0,0.0,0.0,0.0,-0.9445726005124814,29.80577305276782,0.0,0.0,0.0,0.0,0.0,0.0,0.0,1000.0,22.66974241229955,22.66974241229955,0.0,0.0,0.0,0.0,0.0,0.08312238884514045,398.13535997429324,0.0,0.0,-453.03337290279904,318.3676298331407,0.0,0.0,0.0,0.0,0.0,0.0,0.0,0.0,0.0,0.0,0.0,0.0,0.0,18.55812982103757,0.0,0.0,6.2465452619798185,0.0,79.34409844304842,120.61602559489559,0.0,0.0,0.0,0.0,0.0,398.13535997429324,0.0,-3.7782904020499473,0.0,0.0,0.0,-9.445726005124857,0.0,0.0,0.0,0.0,0.0,0.0,0.0,0.0,0.0,0.0,0.0,0.0,0.0,0.0,0.0,0.0,0.0,0.0,-0.0755658080409985,0.0,0.0,3.7782904020499473,-374.07416959570645,0.0,0.0,0.0,0.0,0.0,0.0,0.0,0.0,-941.7312054195861,1.8891452010249623,0.0,0.0,0.0,0.0755658080409985,0.0,75.56580804099849,-17.17885523072971,15.113161608199698,0.539755771721421,223.32169495834546,-0.05667435603074887,162.80495475567955,1.51131616081997,36.73843060186954,-223.32169495834546,22.66974241229955,-0.0755658080409985,24.590438668404587,0.0,0.018891452010249624,0.5397557717214211,-73.77131600521376,-126.82753501586797,-1.51131616081997,-300.0,-0.0755658080409985,0.018891452010249624,-223.32169495834546,7.556580804099849,0.0755658080409985,0.0755658080409985,-397.9766717774071,-114.71433598689363,-9.459466822552756,-0.05667435603074887,22.66974241229955,0.0755658080409985,22.66974241229955,-37.782904020499245,-0.03778290402049925,-168.66687435921563,-95.38730056764544,-0.05667435603074887,-0.0755658080409985,-17.17885523072971,0.0755658080409985,7.556580804099849,-1.51131616081997,87.7551539555046,87.7551539555046,-7.556580804099849,300.0,-87.7551539555046,15.113161608199698,0.11334871206149774,-1000.0,7.556580804099849,-94.00326217493796,0.0,-15.113161608199698,0.03778290402049925,0.755658080409985,87.9413487927671,150.51257890038798,-0.0755658080409985,-415.13766678351806,397.9766717774071,23.425400492709535,0.0755658080409985,126.82753501586797,-90.67896964919846,0.0,-0.0755658080409985,-0.018891452010249624,0.0,-0.0755658080409985,-815.1034301542235,0.07556580804089208,-0.018891452010249624,-0.018891452010249624,-0.018891452010249624,30.226323216399397,37.782904020499245,0.755658080409985,55.98481803237544,-0.018891452010249624,151.29225891712963,3.7782904020499246,50.0,0.0755658080409985,0.03778290402049925,0.03778290402049925,7.556580804099849,17.17885523072971,0.0755658080409985,-17.17885523072971,0.755658080409985,0.0755658080409985,-55.98481803237544,0.0755658080409985,0.3022632321645915,-36.73843060186954,0.03778290402049925,0.018891452010249624,22.66974241229955,-0.0755658080409985,9.459466822552756,0.755658080409985,-111.96963606475089,160.91580955465457,-7.556580804099849,15.113161608199698,3.7782904020499246,-0.0755658080409985,73.77131600521376,0.11334871206149774,-0.0755658080409985,-15.113161608199704,17.17885523072971,365.88152482425903,0.03778290402049925,-100.0,-0.0755658080409985,-0.07556580804089208,-0.0755658080409985,0.03778290402049925,223.32169495834546,-15.113161608199698,0.0755658080409985,175.8826975855342,-0.018891452010249624,114.71433598689363,-175.8826975855342,11.334871206149773,95.38730056764544,509.6398927122963,223.32169495834546,-0.05667435603074887,415.13766678351806,-150.51257890038798,0.0755658080409985,-0.018891452010249624,3.7782904020499473,75.56580804099849,-0.03778290402049925,-0.0755658080409985,0.018891452010249624,0.0,0.0,723.979865430989,0.0,-255.0,0.0,570.2704986020497,-140.0,0.0,757.8173600350191,-255.0,-325.0,-275.9823516649906,-378.90868001750954,127.5,127.5,0.0,70.0,-398.13535997429324,-230.88465844409188,275.9823516649906,325.0,-230.88465844409188,-570.2704986020497,326.69644372357413,0.0,1496.5981,hplb
494,0.0,0.0,0.0,0.0,0.0,0.0,0.0,0.0,-0.09270622695127653,0.0,0.0,0.0,0.0,0.0,0.0,0.0,348.4188726494822,841.0307667534512,0.0,-1000.0,0.0,0.0,0.0,69.96000408528164,0.0,0.0,0.0,0.0,0.0,-707.1861011738888,18.636857448361805,-18.636857448361805,0.0,0.0,0.0,0.0,0.0,76.60176845240346,0.0,-1000.0,682.5528112141467,0.0,-460.53080469634233,292.993891662468,0.0,0.0,0.0,0.0,0.0,0.0,0.0,0.0,0.0,0.10197684964651899,0.0,0.0,0.0,0.0,0.0,0.0,-165.1327067821805,0.0,0.0,-165.1327067821805,0.0,0.0,0.0,0.0,0.0,0.0,0.0,0.9270622695127653,0.0,0.0,0.0,0.0,0.0,0.0,0.0,0.0,0.0,0.0,0.0,0.0,55.623736170765916,0.0,150.75609257921778,16.36635172653545,125.17696973193308,-348.27981330905527,-0.023176556737819133,0.0,0.0,369.0292525570212,27.811868085382958,0.0,27.811868085382958,-21.621997956192217,0.0,0.0,0.0,925.3109272737088,-1000.0,0.0,0.0,0.0,0.0,0.0,0.0,0.0,0.0,0.0,0.0,0.0,0.0,0.0,0.0,0.0,0.0,0.0,0.0,0.0,0.0,0.0,-443.9366323940005,0.0,0.0,27.811868085382958,0.0,28.738930354895725,0.0,0.0,-556.2474752852538,0.0,556.2474752852538,-556.2474752852538,0.0,61.234831325695666,-61.234831325695666,0.0,0.0,0.0,0.0,0.0,0.0,157.8944720544661,0.09270622695126463,0.0,0.0,0.0,0.0,-408.42669626049116,0.0,0.0,0.0,0.0,275.48323645631257,0.0,0.0,0.0,0.0,0.0,981.270436324687,981.270436324687,0.0,0.0,0.0,0.0,-262.6979306802682,0.0,0.0,1000.0,0.0,0.0,0.0,306.17574549534396,0.0,0.0,0.0,0.0,0.0,0.0,0.0,0.0,0.0,0.0,-65.0034352268236,0.0,0.0,0.0,0.0,-1000.0,0.0,0.0,0.0,0.0,0.0,0.0,460.53080469634233,523.1028435771223,-523.1028435771223,0.0,0.0,0.0,0.0,0.0,0.0,0.0,292.8138988261112,-296.7028274986738,0.0,0.0,0.0,0.0,0.0,0.0,0.0,0.0,0.0,0.0,0.0,0.0,0.0,0.0,345.5091870410018,-101.76357617193571,0.0,0.0,0.0,0.0,160.63667107792108,0.0,0.0,0.0,0.0,-165.1327067821805,-394.7574678344037,18.636857448361805,0.0,0.0,0.0,0.0,0.0,0.0,0.0,0.0,18.541245390255305,0.0,0.0,0.0,-858.4566785415313,1000.0,0.0,101.76357617193571,0.0,0.0,0.0,581.6531468418843,0.0,0.0,0.0,-234.23438118363083,0.0,0.0,194.3575550291514,0.0,0.0,194.35755502915163,0.0,0.0,648.2798133090553,0.0,347.76725860403803,0.0,0.0,98.01370211614042,0.0,0.0,0.0,-9.022874018267572,0.0,9.022874018267572,0.0,1000.0,0.0,0.0,0.0,0.0,0.0,0.0,-165.1327067821805,-0.1390593404269148,0.0,0.0,0.0,0.0,0.09270622695126463,0.0,0.0,0.0,811.551460836696,348.4188726494822,0.0,-490.65316095263313,-162.52868298993877,0.0,710.3646792995296,0.0,132.81094073039887,0.0,0.0,0.0,0.0,0.0,165.0431337218735,0.0,-297.85407445227236,-1000.0,-1000.0,0.0,0.0,0.0,0.0,0.0,0.0,0.0,0.0,0.0,0.0,0.0,0.0,0.0,0.0,0.0,0.0,0.0,-923.0274066397916,0.0,-1000.0,0.0,0.0,0.0,808.5940023132455,0.0,0.0,-139.25761460610428,0.0,0.0,0.0,0.0,920.6756159261449,0.0,0.0,0.0,703.1979476262262,0.0,-407.4292650033087,0.0,0.0,0.0,0.0,-869.2701204672591,0.0,-705.5156033000081,-4.635311347563826,0.0,0.0,0.0,1000.0,232.55485130778143,27.811868085382958,1000.0,-1000.0,0.0,613.6528973135198,0.0,0.0,0.0,0.0,0.0,0.0,-938.7801822429681,0.0,0.0,-452.45369019155584,0.0,0.0,292.8138988261112,0.0,0.0,-28.753228405925427,0.0,0.0,0.0,0.0,0.0,0.0,0.0,-90.72937730487234,0.18541245390241556,0.0,0.0,0.0,0.0,0.0,0.0,0.0,0.0,0.0,0.0,0.0,0.0,0.0,0.0,0.0,0.0,0.0,0.0,0.0,0.10197684964651899,0.10197684964651899,18.636857448361805,261.4587546097447,0.0,55.623736170765916,0.0,0.0,0.0,1000.0,0.0,211.20253430841944,150.75609257921778,0.0,0.0,-295.4031175606561,-1000.0,0.0,0.0,759.2932468024138,0.0,0.0,0.0,0.0,0.0,0.0,0.0,0.0,0.0,0.0,147.97887746466685,-811.551460836696,408.42669626049116,0.0,157.8944720544661,0.0,208.39258147910016,160.63667107792108,0.0,0.0,-295.4031175606561,0.0,-386.13249486552843,0.0,0.0,0.0,0.0,0.0,0.0,0.0,0.0,0.0,0.0,0.0,0.0,0.0,0.0,0.0,0.0,0.0,55.623736170765916,0.0,0.0,0.0,0.0,0.0,0.0,0.0,0.0,0.0,0.0,0.0,0.0,0.9270622695127653,0.0,18.636857448361805,150.75609257921778,-150.75609257921778,18.636857448361805,460.53080469634233,0.0,0.0,27.811868085382958,-759.2932468024138,0.0,0.0,0.0,0.0,0.0,0.0,0.0,0.0,0.0,698.2472889148132,0.0,0.0,27.811868085382958,27.811868085382958,1000.0,-1000.0,0.0,0.0,0.0,0.0,0.0,0.0,0.0,1000.0,292.8138988261112,942.5793101944106,0.09270622695126463,0.0,0.0,122.43181643586797,0.0,8.500092855628326,0.0,-369.0292525570212,0.0,0.0,0.0,0.0,0.0,0.0,0.0,0.0,0.0,0.0,0.0,0.0,0.0,0.0,0.09270622695126463,0.0,0.0,0.0,1000.0,-1000.0,0.0,0.0,0.0,0.0,-216.2302079663127,1000.0,0.0,0.0,-1000.0,-6.952967021345785,0.0,-4.635311347563826,0.0,0.0,0.0,0.0,0.0,0.0,0.0,0.0,0.0,0.0,0.0,0.0,0.0,0.0,0.0,237.19016265534526,0.0,0.0,0.0,-0.09270622695126463,0.0,0.0,0.09270622695126463,0.0,0.09270622695126463,0.0,0.0,0.0,55.623736170765916,113.10159688055737,113.10159688055737,0.0,0.0,0.0,0.0,0.0,0.0,0.0,408.42669626049116,0.0,292.8138988261112,0.0,0.0,0.0,173.02513986237852,0.0,0.0,0.0,0.0,0.0,0.0,0.0,0.0,0.0,0.0,0.0,0.0,0.0,160.63667107792108,0.0,0.0,0.0,0.1390593404269148,0.0,0.0,0.0,-27.811868085382958,0.0,0.0,0.0,0.0,0.0,-261.4587546097447,4.635311347563826,0.0,0.0,0.0,0.0,262.6979306802682,0.0,-4.635311347563826,0.0,0.0,0.0,0.0,0.0,0.0,0.0,0.0,0.0,759.2932468024138,0.0,261.4587546097447,0.0,714.8854508702359,8.500092855628326,923.0274066397916,76.9725933602084,0.0,-1000.0,0.0,468.55154996132694,0.0,4.635311347563826,488.93188575194995,0.0,0.0,-18.636857448361805,-330.265413564361,0.0,0.0,923.5527843574957,-923.5527843574957,0.0,0.0,0.0,0.0,0.0,333.4151568579141,-282.3176556737818,113.10159688055737,0.0,-592.064154111835,-592.064154111835,610.7010115601967,0.0,0.0,0.0,0.0,0.0,0.0,0.0,0.0,0.0,-122.43181643586797,0.0,-460.53080469634233,27.811868085382958,150.75609257921778,0.0,0.0,0.0,69.59615900778851,0.0,0.0,0.10197684964651899,0.0,0.0,0.0,56.55079844027868,0.0,0.0,0.0,0.0,345.5091870410018,0.0,0.0,0.0,0.0,0.0,0.0,0.0,0.0,0.0,0.0,0.00927062269512735,0.00927062269512735,0.0,0.0,0.0,0.0,0.0,0.0,0.0,0.0,0.0,122.43181643586797,18.636857448361805,0.0,0.0,0.0,0.0,261.4587546097447,0.0,0.0,0.0,0.0,0.0,0.0,0.0,0.0,0.0,0.0,0.0,301.51218515843556,-494.86419140065516,1000.0,841.0307667534512,0.0,0.0,0.0,55.62373617076594,0.0,0.0,0.0,0.0,0.0,944.3762638292341,-1000.0,0.0,301.51218515843556,0.0,0.0,0.0,0.0,0.0,0.0,0.0,18.636857448361805,18.636857448361805,0.0,-942.5793101944106,-1000.0,236.52890532400295,0.0,-27.811868085382958,0.0,76.60176845240346,0.0,0.0,0.0,0.0,0.0,0.0,0.0,0.0,0.0,240.88541666666669,0.0,-240.88541666666669,-240.88541666666669,0.0,0.0,0.0,0.0,-11.588278368909611,0.0,-927.6285829474907,448.38982851481467,0.0,0.0,0.0,0.0,0.0,0.0,-1.1588278368909564,28.753228405925427,0.0,0.0,0.0,0.0,0.0,0.0,0.0,1000.0,27.811868085382958,27.811868085382958,0.0,0.0,0.0,0.0,0.0,0.10197684964651899,261.4587546097447,0.0,0.0,-76.60176845240346,0.0,0.0,0.0,0.0,0.0,0.0,0.0,0.0,0.0,0.0,0.0,0.0,0.0,0.0,0.0,0.0,0.0,0.0,0.0,97.34153829884035,157.8944720544661,0.0,0.0,0.0,0.0,0.0,261.4587546097447,0.0,-21.621997956192217,0.0,0.0,0.0,-11.588278368909611,0.0,0.0,0.0,0.0,0.0,0.0,0.0,0.0,0.0,0.0,0.0,0.0,0.0,0.0,0.0,0.0,0.0,0.0,-0.09270622695126463,0.0,0.0,4.635311347563826,295.4031175606561,0.0,0.0,0.0,0.0,0.0,0.0,0.0,0.0,-165.0431337218735,2.317655673781913,0.0,0.0,0.0,0.09270622695126463,0.0,92.70622695127652,-28.738930354895725,18.541245390255305,0.6621873353662608,258.6503731940615,-0.0695296702134574,869.2701204672591,1.8541245390255305,-0.463531134756181,-258.6503731940615,27.811868085382958,-0.09270622695127653,0.0,0.0,0.023176556737819133,0.662187335366261,0.0,-165.51492390986033,16.78273290933612,-189.44963940293337,-0.09270622695127653,0.023176556737819133,-258.6503731940615,9.270622695127653,0.09270622695127653,0.09270622695126463,-261.2640715331469,-150.65411572957137,-82.229284449244,-0.0695296702134574,27.811868085382958,0.09270622695127653,27.811868085382958,-46.35311347563827,-0.046353113475638266,-193.25395200706856,-170.0,-0.0695296702134574,-0.09270622695127653,-28.738930354895725,0.09270622695126463,9.2706226951276,-1.8541245390255305,160.63667107792108,160.63667107792108,-9.270622695127653,189.44963940293337,-160.63667107792108,18.541245390255305,0.1390593404269148,-953.1581674401423,9.270622695127653,-147.97887746466685,0.0,-18.541245390255305,0.046353113475638266,0.9270622695127653,122.66329023815828,280.0,-0.09270622695126463,-282.3176556737818,261.2640715331469,28.738930354895725,0.09270622695127653,165.51492390986033,-111.24747234153187,0.0,-0.09270622695126463,-0.023176556737819133,0.0,-0.09270622695127653,-90.72937730487234,0.09270622695103725,-0.023176556737819133,-0.023176556737819133,-0.023176556737819133,37.08249078051061,46.35311347563827,0.9270622695127653,68.68372589252671,-0.023176556737819133,245.32658047631656,4.635311347563826,50.0,0.09270622695126463,0.046353113475638266,0.046353113475638266,9.270622695127653,28.738930354895725,0.09270622695126463,-28.738930354895725,0.9270622695127653,0.09270622695127653,-68.68372589252671,0.09270622695127653,0.37082490780498745,0.463531134756181,0.046353113475638266,0.023176556737819133,27.811868085382958,-0.09270622695127653,82.229284449244,-8.39136645466806,-137.36745178505342,866.9524647934771,-9.2706226951276,18.541245390255305,4.635311347563826,-0.09270622695127653,0.0,0.1390593404269148,-0.09270622695127653,-18.541245390255305,28.738930354895725,141.05168367739066,0.046353113475638266,-100.0,-0.09270622695127653,-0.09270622695103725,-0.09270622695127653,0.046353113475638266,258.6503731940615,-18.541245390255305,0.09270622695126463,245.32658047631656,-0.023176556737819133,150.65411572957137,-245.32658047631656,13.905934042691477,170.0,506.61638143871437,258.6503731940615,-0.0695296702134574,282.3176556737818,-280.0,0.09270622695127653,-0.02317655673781914,4.635311347563826,92.70622695127653,-0.046353113475638266,-0.09270622695127653,0.023176556737819133,0.0,0.0,653.1118143266667,0.0,-255.0,0.0,406.2057878700682,6.4512852400050065,0.0,-80.0,298.08594668356466,-325.0,-300.0,40.0,127.5,-149.04297334178233,0.0,-3.225642620002506,-261.4587546097447,-210.64784268517917,300.0,325.0,-210.64784268517917,-406.2057878700682,254.0913187582362,0.0,1496.5981,hplb
495,0.0,0.0,0.0,0.0,0.0,0.0,0.0,0.0,268.24282942572125,0.0,0.0,0.0,0.0,0.0,0.0,0.0,-512.9493486701006,0.0,0.0,698.3396341438219,0.0,0.0,0.0,0.0,0.0,0.0,0.0,0.0,0.0,-479.2381513298602,4.888038240255551,-4.888038240255551,0.0,0.0,0.0,0.0,0.0,970.0956346237031,0.0,-1000.0,1000.0,0.0,0.0,0.0,0.0,0.0,0.0,0.0,0.0,-406.6046138987634,0.0,0.0,0.0,0.06559371573985118,0.0,0.0,0.0,11.926130134550808,0.0,0.0,-32.63674309368284,0.0,0.0,-64.99488947563407,0.0,0.0,0.0,0.0,492.6152169815275,87.11761751588745,0.0,0.5963065067275405,0.0,0.0,0.0,0.0,0.0,0.0,0.0,0.0,0.0,0.0,711.7720718575225,0.0,35.77839040365242,0.0,36.54197317166845,71.59561527390576,-586.2947757761938,513.0387946461097,179.9050659422885,0.0,0.0,1000.0,17.88919520182621,0.0,17.88919520182621,0.0,0.0,0.0,711.7720718575225,339.80424267965776,-1000.0,0.0,0.0,0.0,0.0,0.0,0.0,0.0,0.0,0.0,0.0,0.0,0.0,0.0,0.0,0.0,0.0,0.0,0.0,0.0,0.0,0.0,-746.8622931613148,0.0,0.0,17.88919520182621,0.0,18.485501708553755,0.0,0.0,0.0,0.0,0.0,0.0,15.62499999999134,1000.0,-1000.0,-47.98314638194257,0.0,0.0,0.0,0.0,0.0,-670.6385385840521,0.05963065067275404,179.91997360495668,0.0,0.0,0.0,0.0,0.0,0.0,0.0,0.0,-1.8852362276193162,0.0,0.0,0.0,0.0,0.0,926.1876547491155,926.1876547491155,0.0,0.0,0.0,929.671875,-237.7255606685197,0.0,0.0,931.1353236400438,0.0,0.0,0.0,0.0,-128.0032136336264,0.0,0.0,0.0,0.0,0.0,0.0,0.0,0.0,0.0,0.0,0.0,0.0,0.0,0.0,-1000.0,0.0,0.0,0.0,0.0,0.0,406.6046138987634,0.0,373.255981130084,-373.255981130084,32.35814638195123,0.0,0.0,0.0,0.0,0.0,0.0,520.7618486701398,1000.0,0.0,0.0,0.0,0.0,0.0,0.0,0.0,0.0,0.0,0.0,0.0,0.0,0.0,356.07466023163204,-76.14773973089838,992.1874999999608,0.0,0.0,0.0,0.0,163.97730428205185,0.0,0.0,0.0,0.0,-32.63674309368284,992.1874999999608,4.888038240255551,0.0,0.0,0.0,0.0,0.0,0.0,0.0,437.35497681181266,0.0,0.0,0.0,0.0,-959.5507569062779,444.8515964039898,0.0,-992.1874999999608,0.0,0.0,32.35814638195123,0.0,0.0,0.0,0.0,-92.96010154918372,0.0,0.0,-453.1250000000124,546.8749999999875,0.0,-1000.0,0.0,-546.8749999999875,-213.03879464610975,0.0,1000.0,406.6046138987634,0.0,-29.965935287019278,0.0,0.0,0.0,0.0,0.0,0.0,0.0,821.3901428236929,0.0,0.0,0.0,929.6718749999999,0.0,0.0,-32.63674309368284,-0.08944597600913107,0.0,0.0,0.0,0.0,0.05963065067275404,0.0,0.0,0.0,348.42037732235815,-512.9493486701006,0.0,-312.1746084096413,-192.62481769454544,128.0032136336264,879.815325336377,0.0,497.74941600445146,0.0,0.0,0.0,0.0,0.0,-5.134199022923944,-492.6152169815275,0.0,-1000.0,-1000.0,0.0,0.0,0.0,0.0,0.0,0.0,0.0,0.0,0.0,0.0,0.0,0.0,0.0,0.0,0.0,0.0,0.0,0.0,0.0,-1000.0,0.0,29.665842773607203,430.54683161989584,0.0,0.0,0.0,516.095180113727,0.0,0.0,0.0,0.0,336.8227101460201,0.0,0.0,0.0,0.0,0.0,0.0,-2.981532533637702,0.0,-80.29267113086335,0.0,-171.39288760664772,0.0,-1.490766266818851,0.0,-731.9160123274817,0.0,910.7627312682235,0.0,86.25573619813876,17.88919520182621,0.0,0.0,0.0,56.29717378801445,0.0,268.302460076394,0.0,-356.07466023163204,356.07466023163204,356.07466023163204,-450.8839139371564,0.0,0.0,0.0,0.0,0.0,520.7618486701398,0.0,0.0,-24.547686225979987,0.0,0.0,138.07386986544918,0.0,0.0,0.0,0.0,-94.03693493272459,0.11926130134361301,0.0,0.0,0.0,0.0,0.0,0.0,0.0,0.0,0.0,579.732834497415,0.0,0.0,0.0,0.0,0.0,0.0,0.0,0.0,0.0,0.06559371573985118,0.06559371573985118,4.888038240255551,508.78224201314765,0.0,35.77839040365242,0.0,0.0,0.0,1000.0,0.0,0.0,36.54197317166845,0.0,0.0,-135.04791649664722,-1000.0,0.0,0.0,0.0,0.0,0.0,138.07386986544918,0.0,0.0,0.0,0.0,0.0,0.0,0.0,248.95409772043828,-348.42037732235815,0.0,0.0,41.13353327347043,0.0,1000.0,0.0,-196.33545066400308,0.0,-135.04791649664722,0.0,0.0,-229.0848514293718,359.37500000000205,-359.37500000000205,356.07466023163204,0.0,0.0,0.0,0.0,0.0,0.0,0.0,0.0,0.0,0.0,0.0,0.0,0.0,35.77839040365242,32.35814638195123,32.35814638195123,0.0,0.0,0.0,0.0,0.0,0.0,0.0,0.0,0.0,0.0,0.5963065067275405,0.0,4.888038240255551,36.54197317166845,-36.54197317166845,4.888038240255551,0.0,0.0,0.0,17.88919520182621,0.0,0.0,0.0,0.0,0.0,0.0,0.0,0.0,0.0,0.0,371.29442215208115,-19.741203022907897,0.0,17.88919520182621,17.88919520182621,-817.2089743062596,-1000.0,0.0,138.07386986544918,0.0,0.0,0.0,0.0,0.0,1000.0,520.7618486701398,979.5482499112168,0.05963065067275404,0.0,0.0,0.0,78.75079287775354,41.39011000451662,0.0,-1000.0,0.0,0.0,0.0,0.0,0.0,0.0,0.0,0.0,0.0,0.0,0.0,0.0,0.0,0.0,0.05963065067275404,0.0,0.0,0.0,0.0,0.0,0.0,0.0,0.0,29.665842773607203,0.0,946.6420117336229,0.0,0.0,-1000.0,-4.472298800456553,-2.9815325336377327,0.0,0.0,0.0,0.0,0.0,0.0,0.0,0.0,0.0,0.0,0.0,0.0,32.35814638195123,128.0032136336264,0.0,0.0,1000.0,0.0,0.0,0.0,268.24282942572125,0.0,0.0,0.05963065067275404,0.0,0.05963065067275404,0.0,0.0,0.0,35.77839040365242,72.74939382075993,72.74939382075993,0.0,0.0,0.0,0.0,0.0,0.0,0.0,0.0,0.0,520.7618486701398,0.0,0.0,0.0,0.0,0.0,0.0,0.0,0.0,0.0,0.0,0.0,0.0,0.0,0.0,0.0,0.0,0.0,196.33545066400308,0.0,0.0,0.0,0.08944597600913107,0.0,0.0,0.0,-17.88919520182621,0.0,0.0,0.0,0.0,0.0,-508.78224201314765,2.981532533637702,0.0,0.0,0.0,-929.6718749999999,237.7255606685197,0.0,0.0,0.0,0.0,0.0,0.0,0.0,0.0,0.0,32.35814638195123,0.0,0.0,330.5378229528261,152.70758178151561,0.0,190.24485702783466,41.39011000451662,0.0,516.095180113727,0.0,-516.095180113727,0.0,-72.74939382075993,0.0,2.9815325336377327,1000.0,0.0,0.0,-4.888038240255551,-97.63163256931689,0.0,0.0,0.0,0.0,0.0,-277.9235801012323,0.0,0.0,0.0,-8.944597600912985,0.0,72.74939382075993,0.0,713.1177315268859,713.1177315268859,-708.2296932866303,0.0,0.0,0.0,0.0,0.0,437.35497681181266,0.0,0.0,522.1991384145172,-658.4836273751685,-33.08731426523276,0.0,17.88919520182621,36.54197317166845,0.0,0.0,0.0,-123.9880541306881,0.0,0.0,0.06559371573985118,0.0,0.0,0.0,36.37469691037997,0.0,0.0,0.0,0.0,-76.14773973089838,0.0,0.0,0.0,0.0,0.0,0.0,0.0,0.0,0.0,0.0,0.005963065067275508,0.005963065067275508,0.0,0.0,0.0,0.0,0.0,0.0,0.0,0.0,0.0,0.0,4.888038240255551,0.0,0.0,0.0,0.0,508.78224201314765,0.0,0.0,0.0,0.0,0.0,0.0,0.0,406.6046138987634,0.0,0.0,0.0,73.0839463433369,672.440936803621,0.0,0.0,0.0,0.0,0.0,35.77839040365242,0.0,0.0,0.0,0.0,0.0,481.9788658198265,-517.757256223479,0.0,73.0839463433369,0.0,0.0,0.0,0.0,0.0,0.0,0.0,4.888038240255551,4.888038240255551,0.0,-979.5482499112168,-1000.0,40.846995710836524,0.0,-17.88919520182621,0.0,999.7614773973103,0.0,0.0,0.0,0.0,0.0,0.0,0.0,0.0,0.0,0.0,0.0,0.0,0.0,0.0,0.0,0.0,0.0,-7.453831334094286,32.35814638195123,-341.29500894647657,-4.472298800456429,0.0,0.0,0.0,0.0,0.0,0.0,-0.7453831334094257,24.547686225979987,0.0,0.0,0.0,0.0,0.0,0.0,0.0,1000.0,17.88919520182621,17.88919520182621,0.0,0.0,0.0,0.0,0.0,0.06559371573985118,508.78224201314765,0.0,0.0,-999.7614773973103,0.0,0.0,0.0,0.0,0.0,0.0,0.0,0.0,0.0,0.0,0.0,0.0,0.0,0.0,0.0,0.0,0.0,0.0,0.0,62.61218320639174,41.13353327347043,0.0,0.0,0.0,0.0,0.0,508.78224201314765,0.0,427.5652990862581,0.0,0.0,0.0,-7.453831334094286,0.0,0.0,0.0,0.0,0.0,0.0,0.0,0.0,0.0,0.0,0.0,0.0,0.0,0.0,0.0,0.0,0.0,0.0,-0.05963065067275404,0.0,0.0,2.981532533637702,135.04791649664722,0.0,0.0,0.0,0.0,32.35814638195123,0.0,0.0,0.0,5.134199022923944,1.490766266818851,0.0,0.0,0.0,0.05963065067275404,0.0,59.63065067275404,-18.485501708553755,11.926130134550808,0.42593321909110027,166.3695153769838,-0.044722988004565534,171.39288760664772,1.192613013455081,-0.29815325336244314,-166.3695153769838,17.88919520182621,-0.05963065067275404,0.0,138.07386986544918,0.01490766266818851,0.4259332190911003,0.0,-46.035172758769704,3.6954252268004666,-185.3902854737213,-0.05963065067275404,0.01490766266818851,-166.3695153769838,366.2871226104801,0.05963065067275404,0.05963065067275404,-508.657017646735,-36.476379455928424,-52.64682492820797,-0.044722988004565534,17.88919520182621,0.05963065067275404,17.88919520182621,-29.815325336377022,-0.02981532533637702,54.532061155827286,-170.0,-0.044722988004565534,-0.05963065067275404,-18.485501708553755,0.05963065067275404,5.963065067275404,-1.192613013455081,196.33545066400308,196.33545066400308,-5.963065067275409,185.3902854737213,-196.33545066400308,11.926130134550808,0.08944597600913107,385.7385735602279,5.963065067275404,-248.95409772043828,138.07386986544918,-11.926130134550808,0.02981532533637702,0.5963065067275405,78.04365210241032,164.63371191606643,-0.05963065067275404,-522.1991384145172,508.657017646735,18.485501708553755,0.05963065067275404,46.035172758769704,-293.80696848506034,138.07386986544918,-0.05963065067275404,-0.01490766266818851,-138.07386986544918,-0.05963065067275404,-94.03693493272459,0.05963065067282969,-0.01490766266818851,-0.01490766266818851,-0.01490766266818851,23.852260269101617,29.815325336377022,0.5963065067275405,44.17885831717436,-0.01490766266818851,156.08730420482064,2.981532533637702,50.0,0.05963065067275404,0.02981532533637702,0.02981532533637702,75.0,18.485501708553755,0.05963065067275404,-18.485501708553755,0.5963065067275405,0.05963065067275404,-44.17885831717436,0.05963065067275404,0.23852260268972714,0.29815325336244314,0.02981532533637702,0.01490766266818851,17.88919520182621,-0.05963065067275404,52.64682492820797,-1.8477126134002333,-88.35771663434872,169.90212133982888,-5.963065067275404,11.926130134550808,2.981532533637702,-0.05963065067275404,0.0,0.08944597600913107,-0.05963065067275404,-150.0,18.485501708553755,362.30715225323405,0.02981532533637702,-100.0,-0.05963065067275404,-0.05963065067282969,-0.05963065067275404,0.02981532533637702,166.3695153769838,-11.926130134550808,0.05963065067275404,156.08730420482064,-0.01490766266818851,36.476379455928424,-156.08730420482064,8.944597600913106,170.0,-594.3046138189536,166.3695153769838,-0.044722988004565534,522.1991384145172,-164.63371191606643,0.05963065067275404,-0.014907662668188514,2.9815325336377327,59.630650672754044,-0.02981532533637702,-0.05963065067275404,0.01490766266818851,0.0,0.0,-685.7683888855643,0.0,-255.0,0.0,614.9405026499841,40.072272624648946,360.3240575432047,-80.0,341.27050001007456,-202.17098716238547,-300.0,40.0,127.5,-170.63525000503728,-360.3240575432047,-20.03613631232447,-508.78224201314765,-238.31909812254594,300.0,202.17098716238547,-238.31909812254594,-614.9405026499841,451.3922030338845,0.0,1496.5981,hplb
496,0.0,0.0,0.0,0.0,0.0,0.0,0.0,0.0,-0.052783114504967726,0.0,0.0,0.0,0.0,0.0,0.0,0.0,858.9987411056395,-558.9987411056395,0.0,0.0,0.0,0.0,0.0,0.0,0.0,299.4160475055807,0.0,0.0,0.0,-769.6088971910485,0.0,0.0,87.32486968028778,0.0,0.0,0.0,0.0,536.3824127916615,0.0,-1000.0,984.1650656485097,0.0,0.0,650.0410164076371,0.0,0.0,152.4359179985818,0.0,260.5691396777719,0.0,0.0,0.0,0.0,0.05806142595536669,0.0,0.0,0.0,10.556622900993545,0.0,0.0,20.37037260412022,0.0,0.0,-207.0163958300251,0.0,0.0,0.0,0.0,0.0,0.0,0.0,0.5278311450496773,0.0,0.0,0.0,0.0,0.0,0.0,0.0,0.0,0.0,0.0,-289.3406545956011,0.0,31.669868702980636,0.0,50.77678392319063,-439.16706106307305,236.80277290174843,-352.1032119136149,-0.013195778626241932,0.0,0.0,0.0,15.834934351490318,0.0,15.834934351490318,-86.61866424337659,731.0308882449804,0.0,0.0,2.6391557252483864,-769.6088971910485,0.0,0.0,-51.508623489152534,0.0,0.0,0.0,0.0,0.0,0.0,0.0,0.0,0.0,0.0,0.0,0.0,0.0,0.0,0.0,0.0,0.0,0.0,-467.46436964915097,0.0,0.0,15.834934351490318,0.0,16.362765496539993,16.362765496539993,0.0,-1000.0,1000.0,0.0,0.0,-533.4210117874094,0.0,0.0,306.03424335326406,0.0,0.0,0.0,0.0,0.0,344.18173833567425,0.052783114504967726,0.0,0.0,0.0,0.0,0.0,0.0,0.0,289.3406545956011,0.0,409.05613535611167,0.0,0.0,0.0,0.0,0.0,999.947216885495,999.947216885495,0.0,0.0,0.0,0.0,908.1696938558478,0.0,0.0,1000.0,0.0,0.0,0.0,-848.6990769363191,-954.9064661114757,0.0,0.0,0.0,0.0,0.0,0.0,0.0,0.0,0.0,0.0,0.0,0.0,0.0,0.0,-1000.0,0.0,0.0,0.0,0.0,0.0,0.0,0.0,380.40081972033835,-380.40081972033835,0.0,0.0,0.0,0.0,0.0,0.0,0.0,0.0,-692.1545122141146,0.0,0.0,0.0,0.0,0.0,0.0,0.0,0.0,0.0,0.0,0.0,0.0,0.0,0.0,-78.88675419801291,-349.95898359236287,0.0,0.0,0.0,227.3867684341453,0.0,0.0,0.0,0.0,0.0,20.37037260412022,-1000.0,0.0,0.0,0.0,0.0,0.0,0.0,0.0,0.0,748.93144882825,0.0,0.0,0.0,0.0,-143.59804681858992,201.80289833503718,0.0,349.95898359236287,0.0,0.0,227.3867684341453,0.0,0.0,0.0,0.0,-106.50363966316968,0.0,0.0,-415.03488287521486,796.8749999999122,-274.4098828752163,-1000.0,-211.90988287512704,-859.3750000000015,617.2035926220867,0.0,0.0,0.0,0.0,179.99042046193992,0.0,0.0,0.0,-685.2124921402991,0.0,685.2124921402991,0.0,1000.0,0.0,227.3867684341453,164.50655815258068,0.0,0.0,0.0,20.37037260412022,-0.07917467175745159,0.0,0.0,0.0,0.0,0.052783114504967726,0.0,0.0,0.0,235.23361682025964,858.9987411056395,0.0,-672.1932885742813,-123.48034510012904,954.9064661114757,1000.0,0.0,0.0,0.0,-51.508623489152534,0.0,0.0,0.0,-4.544626158877622,694.90443291142,-690.3598067525425,284.5066974172144,-1000.0,0.0,0.0,0.0,0.0,0.0,0.0,0.0,0.0,0.0,0.0,0.0,0.0,0.0,0.0,0.0,0.0,0.0,-173.3168914645488,0.0,-1000.0,289.3406545956011,290.0895632857695,833.8504967845665,0.0,0.0,0.0,-1000.0,0.0,731.0308882449804,0.0,619.2873430716033,0.0,0.0,0.0,0.0,0.0,-694.90443291142,0.0,0.0,0.0,0.0,0.0,-2.6391557252483864,1000.0,-1.3195778626241932,-2.6391557252483864,-298.497677775459,0.0,0.0,497.0000284722648,-489.0825612965196,15.834934351490318,0.0,0.0,0.0,0.0,0.0,0.0,0.0,0.0,0.0,0.0,-507.314316183637,0.0,0.0,0.0,0.0,0.0,0.0,0.0,0.0,-85.09245537952359,0.0,0.0,0.0,0.0,0.0,0.0,0.0,-94.72168854950323,0.10556622901006447,0.0,0.0,0.0,0.0,0.0,0.0,0.0,0.0,0.0,0.0,0.0,0.0,0.0,0.0,0.0,0.0,0.0,0.0,0.0,0.05806142595536669,0.05806142595536669,0.0,269.44337709900645,0.0,31.669868702980636,0.0,0.0,0.0,1000.0,0.0,599.0432380720803,50.77678392319063,0.0,0.0,191.79171132697738,-1000.0,0.0,0.0,0.0,0.0,0.0,0.0,0.0,0.0,0.0,0.0,0.0,0.0,0.0,155.821456549717,-235.23361682025964,0.0,0.0,54.84108374007316,0.0,0.0,0.0,0.0,0.0,191.79171132697738,0.0,19.727324543536326,77.34269823393782,0.0,0.0,0.0,0.0,0.0,0.0,0.0,0.0,0.0,0.0,0.0,0.0,0.0,0.0,0.0,0.0,31.669868702980636,227.38676843414532,227.3867684341453,0.0,0.0,0.0,0.0,0.0,0.0,0.0,0.0,0.0,0.0,0.5278311450496773,0.0,0.0,50.77678392319063,-50.77678392319063,0.0,0.0,0.0,0.0,15.834934351490318,0.0,0.0,0.0,0.0,0.0,0.0,0.0,0.0,0.0,0.0,318.332859984818,-428.76735628170104,0.0,15.834934351490318,15.834934351490318,1000.0,-1000.0,0.0,0.0,0.0,0.0,0.0,0.0,0.0,892.8365714055183,0.0,1000.0,0.052783114504967726,0.0,0.0,-833.6581674885351,837.9147486511143,0.0,0.0,0.0,0.0,0.0,0.0,0.0,0.0,0.0,0.0,0.0,0.0,0.0,0.0,0.0,0.0,0.0,0.052783114504967726,0.0,0.0,0.0,0.0,0.0,0.0,0.0,0.0,290.0895632857695,-435.1186149704531,1000.0,0.0,0.0,-826.6831085354512,-3.9587335878725796,-2.6391557252483864,0.0,0.0,0.0,0.0,0.0,0.0,0.0,0.0,0.0,0.0,0.0,0.0,227.38676843414532,954.9064661114757,0.0,0.0,-486.4434055712712,0.0,0.0,0.0,-0.052783114504967726,0.0,0.0,0.052783114504967726,0.0,0.052783114504967726,0.0,0.0,0.0,31.669868702980636,64.39539969606062,64.39539969606062,0.0,0.0,0.0,0.0,0.0,0.0,0.0,0.0,0.0,0.0,0.0,0.0,0.0,0.0,0.0,0.0,0.0,0.0,0.0,0.0,0.0,0.0,0.0,0.0,0.0,0.0,0.0,0.0,0.0,-299.4160475055807,299.4160475055807,0.07917467175745159,0.0,0.0,0.0,-15.834934351490318,0.0,0.0,0.0,0.0,0.0,-269.44337709900645,2.6391557252483864,0.0,0.0,0.0,0.0,-908.1696938558478,-255.40732318405844,0.0,0.0,0.0,0.0,0.0,0.0,0.0,0.0,227.38676843414532,0.0,0.0,-883.0477278627377,269.44337709900645,0.0,314.44337709900645,-51.508623489152534,0.0,-820.2887082136053,731.0308882449804,89.25781996862497,289.3406545956011,-64.39539969606062,0.0,2.6391557252483864,711.3508322487221,0.0,0.0,0.0,-186.64602322590486,-359.37500000000114,359.37500000000114,0.0,0.0,0.0,-93.11318716392432,0.0,0.0,0.0,-7.917467175745156,0.0,64.39539969606062,0.0,0.0,0.0,0.0,0.0,0.0,0.0,0.0,0.0,748.93144882825,0.0,0.0,281.3195778626242,-4.256581162579183,908.9383643141391,0.0,15.834934351490318,50.77678392319063,0.0,0.0,0.0,107.15036930877504,0.0,0.0,0.05806142595536669,0.0,0.0,0.0,32.19769984803031,0.0,0.0,0.0,0.0,-78.88675419801291,0.0,0.0,0.0,0.0,0.0,0.0,0.0,0.0,0.0,0.0,0.005278311450496773,0.005278311450496773,0.0,0.0,0.0,0.0,0.0,0.0,0.0,0.0,0.0,-833.6581674885351,0.0,0.0,0.0,0.0,0.0,269.44337709900645,0.0,0.0,0.0,0.0,0.0,0.0,0.0,0.0,0.0,0.0,0.0,101.55356784638126,978.5666218890509,1000.0,-558.9987411056395,0.0,0.0,0.0,31.669868702980636,0.0,0.0,0.0,0.0,0.0,643.3615678328415,-675.0314365358222,0.0,101.55356784638126,0.0,0.0,0.0,0.0,0.0,0.0,0.0,0.0,0.0,0.0,-1000.0,407.7343716316841,36.15643343590289,-1000.0,984.1650656485097,0.0,826.471976077431,0.0,0.0,0.0,0.0,0.0,0.0,0.0,0.0,0.0,0.0,0.0,0.0,0.0,0.0,0.0,0.0,0.0,-6.597889313120959,227.3867684341453,-3.9587335878725796,-3.958733587872579,0.0,0.0,0.0,0.0,0.0,0.0,-0.6597889313120966,374.4331099751247,0.0,0.0,0.0,0.0,0.0,0.0,0.0,1000.0,15.834934351490318,15.834934351490318,0.0,0.0,0.0,0.0,0.0,0.05806142595536669,269.44337709900645,0.0,0.0,-826.471976077431,0.0,0.0,0.0,0.0,0.0,0.0,0.0,0.0,0.0,0.0,0.0,0.0,0.0,0.0,0.0,0.0,0.0,16.362765496539993,0.0,55.422270230216114,54.84108374007316,0.0,0.0,0.0,0.0,0.0,269.44337709900645,0.0,1000.0,0.0,0.0,0.0,-6.597889313120959,0.0,0.0,0.0,0.0,0.0,0.0,0.0,0.0,0.0,0.0,0.0,0.0,0.0,0.0,0.0,0.0,0.0,0.0,-0.052783114504967726,0.0,0.0,2.6391557252483864,-191.79171132697738,0.0,0.0,0.0,0.0,227.3867684341453,0.0,0.0,0.0,4.544626158877622,1.3195778626241932,0.0,0.0,299.4160475055807,0.052783114504967726,0.0,52.78311450496773,0.0,10.556622900993545,0.3770222464640552,179.99042046193992,-0.03958733587872579,2.6391557252483864,1.0556622900993546,-0.2639155725252067,-179.99042046193992,15.834934351490318,-0.052783114504967726,17.169541163050845,0.0,0.013195778626241932,0.3770222464640552,-51.508623489152534,-59.17985575238163,-1.0556622900993546,-300.0,-0.052783114504967726,0.013195778626241932,-179.99042046193992,318.2272937558081,0.052783114504967726,0.052783114504967726,-269.3325325585461,-50.71872249723516,-79.02931125148592,-0.03958733587872579,15.834934351490318,0.052783114504967726,15.834934351490318,-26.391557252483864,-0.026391557252483863,-227.0095771263207,-5.331094565001741,-0.03958733587872579,-0.052783114504967726,0.0,0.052783114504967726,5.278311450496773,-1.0556622900993546,0.0,0.0,-5.278311450496744,300.0,0.0,10.556622900993545,0.07917467175745158,-1000.0,5.278311450496773,-155.821456549717,0.0,-10.556622900993545,0.026391557252483863,0.5278311450496773,168.04832214357032,280.0,-0.052783114504967726,-281.3195778626242,269.3325325585461,16.362765496539993,0.052783114504967726,59.17985575238163,-376.2887197112726,0.0,-0.052783114504967726,-0.013195778626241932,0.0,-0.052783114504967726,-94.72168854950323,0.05278311450491088,-0.013195778626241932,-0.013195778626241932,-0.013195778626241932,21.11324580198709,26.391557252483864,0.5278311450496773,292.5138672190012,-0.013195778626241932,318.9271031240898,2.6391557252483864,50.0,0.052783114504967726,0.026391557252483863,0.026391557252483863,-108.41507276657588,0.0,0.052783114504967726,0.0,0.5278311450496773,0.052783114504967726,-799.3302217392682,0.052783114504967726,0.2111324580201881,0.2639155725252067,0.026391557252483863,0.013195778626241932,15.834934351490318,-0.052783114504967726,79.02931125148592,0.5278311450496773,-585.0277344380024,1.3195778626241932,-5.278311450496773,10.556622900993545,2.6391557252483864,-0.052783114504967726,51.508623489152534,0.07917467175745158,-0.052783114504967726,216.83014553315175,0.0,50.55519628558348,0.026391557252483863,-100.0,-0.052783114504967726,-0.05278311450491088,-0.052783114504967726,0.026391557252483863,179.99042046193992,-10.556622900993545,0.052783114504967726,336.09664428714063,-0.013195778626241932,50.71872249723516,-336.09664428714063,7.917467175745159,5.331094565001741,908.4695337409282,179.99042046193992,-0.03958733587872579,281.3195778626242,-280.0,0.052783114504967726,-0.01319577862624193,621.9264987968518,52.78311450496773,-0.026391557252483863,-0.052783114504967726,0.013195778626241932,0.0,0.0,734.8732277342756,506.81635452026694,-255.0,0.0,-290.2011785043045,-140.0,312.94898230531135,-80.0,548.266316771796,-325.0,-265.10038070847185,40.0,127.5,-274.133158385898,-312.94898230531135,70.0,-269.44337709900645,-157.70556559435852,265.10038070847185,325.0,-157.70556559435852,290.2011785043045,40.40461487823569,0.0,1496.5981,hplb
497,0.0,0.0,0.0,0.0,0.0,0.0,0.0,0.0,-0.06603364354254733,0.0,0.0,0.0,0.0,0.0,0.0,0.0,1000.0,-855.8354679440345,0.0,-153.35865893075322,0.0,0.0,0.0,408.976578355324,0.0,0.0,0.0,0.0,0.0,755.0036153619816,0.0,0.0,138.54065647771006,0.0,0.0,0.0,0.0,177.9112391650832,0.0,-1000.0,978.0464303746446,0.0,-471.88078291949074,0.0,0.0,0.0,0.0,0.0,-1000.0,-160.28666920753,0.0,226.88439828147233,0.0,0.07263700789644645,0.0,0.0,0.0,90.46906407927027,0.0,0.0,45.03317665409748,0.0,0.0,-107.51244193214293,0.0,0.0,0.0,0.0,978.1545148070988,-978.1545148070988,0.0,0.6603364354254733,0.0,0.0,0.0,0.0,0.0,0.0,0.0,108.32550087893777,0.0,0.0,-48.9329644995081,0.0,39.6201861255284,0.0,0.0,1000.0,55.10866291162783,0.09905046531382099,-0.016508410885636832,0.0,0.0,707.2639380577874,19.8100930627642,0.0,238.6323540267516,0.0,0.0,0.0,0.0,202.43582888297033,755.0036153619816,0.0,0.0,0.0,0.0,0.0,0.0,0.0,0.0,0.0,0.0,0.0,0.0,0.0,0.0,0.0,0.0,0.0,0.0,0.0,0.0,0.0,-1000.0,0.0,0.0,238.6323540267516,0.0,20.470429498189677,20.470429498189677,0.0,865.7429406899255,-865.7429406899255,0.0,0.0,430.89631658305984,0.0,0.0,-583.4419351693002,0.0,0.0,0.0,0.0,0.0,54.01755505228422,0.06603364354254733,0.0,0.0,0.0,-1000.0,526.365969022255,0.0,0.0,48.9329644995081,0.0,175.02927285549674,0.0,0.0,0.0,0.0,0.0,88.47497390589865,88.47497390589865,0.0,0.0,0.0,257.81250000000006,634.8201449448808,0.0,0.0,88.5410075494412,0.0,0.0,0.0,0.0,0.0,0.0,0.0,0.0,0.0,0.0,0.0,0.0,0.0,0.0,-289.25743529909414,0.0,0.0,0.0,0.0,-1000.0,0.0,0.0,0.0,0.0,0.0,160.28666920753,244.9963846380184,244.79228662305832,-244.79228662305832,72.66010547633468,0.0,0.0,0.0,0.0,0.0,0.0,0.0,-934.1901393911926,0.0,0.0,0.0,0.0,0.0,0.0,0.0,0.0,0.0,0.0,0.0,0.0,0.0,9.376889704151665,618.8697493587514,-1000.0,0.0,0.0,0.0,79.88551310990573,163.33060200220274,0.0,0.0,0.0,0.0,45.03317665409748,-1000.0,0.0,0.0,0.0,0.0,0.0,0.0,0.0,0.0,2.1262833220753254,0.0,218.82226096398742,0.0,1000.0,338.4355933690788,489.78867126107673,0.0,1000.0,0.0,0.0,152.54561858624044,0.0,0.0,0.0,0.0,22.639704366653973,0.0,0.0,-1000.0,-1000.0,-296.87499999999505,-1000.0,1000.0,-296.87499999999505,299.90094953468616,0.0,-537.5174419702568,160.28666920753,0.0,-10.815982998450977,0.0,0.0,0.0,0.0,0.0,0.0,0.0,352.6260429004015,0.0,79.88551310990573,0.0,257.81250000000006,0.0,0.0,45.03317665409748,-0.09905046531382099,0.0,0.0,0.0,0.0,0.06603364354254733,0.0,0.0,0.0,523.2506551726354,1000.0,0.0,-378.6440649605308,336.2754053164907,0.0,1000.0,0.0,3.401357953612603,0.0,0.0,0.0,0.0,0.0,578.602493294323,0.0,-582.0038512479357,-1000.0,-1000.0,0.0,0.0,0.0,0.0,0.0,0.0,0.0,0.0,0.0,0.0,0.0,0.0,0.0,0.0,0.0,0.0,0.0,298.02907924177464,0.0,119.85370550251957,48.9329644995081,0.0,0.0,1000.0,0.0,0.0,-56.14383837435955,0.0,0.0,0.0,0.0,199.13414670584297,0.0,55.12775737911102,0.0,-1.6508410885636833,-978.1545148070988,745.8349500957036,0.0,-91.19843978544031,0.0,-55.12775737911102,-602.8687555300488,1000.0,0.0,-3.3016821771273666,0.0,0.0,149.66484185261766,0.0,-497.6779473277542,238.6323540267516,0.0,0.0,0.0,46.30916967457355,0.0,0.0,0.0,-9.376889704151665,9.376889704151665,9.376889704151665,195.48410161691697,0.0,0.0,-264.2171026380454,0.0,0.0,0.0,0.0,0.0,-62.47926527804545,0.0,0.0,216.67878440139626,0.0,0.0,0.0,0.0,-93.39663564574526,0.13206728708681226,0.0,0.0,0.0,0.0,0.0,0.0,0.0,0.0,0.0,0.0,0.0,0.0,0.0,0.0,0.0,0.0,0.0,0.0,0.0,0.07263700789644645,0.07263700789644645,0.0,276.1701609956422,0.0,39.6201861255284,0.0,0.0,0.0,1000.0,0.0,0.0,0.0,0.0,0.0,434.159273312282,-1000.0,0.0,0.0,770.6432250255618,0.0,0.0,216.67878440139626,0.0,0.0,0.0,0.0,0.0,0.0,0.0,333.3333333333333,-523.2506551726354,473.63403097774506,0.0,5.08459055277612,0.0,471.27323057925,235.99070747853742,0.0,0.0,434.159273312282,0.0,-659.2373623334631,1000.0,0.0,0.0,9.376889704151665,0.0,0.0,0.0,0.0,0.0,0.0,0.0,0.0,0.0,0.0,0.0,0.0,0.0,39.6201861255284,152.54561858624038,152.54561858624044,0.0,0.0,0.0,0.0,0.0,0.0,0.0,0.0,0.0,0.0,0.6603364354254733,0.0,0.0,0.0,0.0,0.0,244.9963846380184,0.0,0.0,238.6323540267516,-770.6432250255618,0.0,0.0,0.0,0.0,0.0,0.0,0.0,0.0,0.0,1000.0,1.0233638009753463,0.0,19.8100930627642,19.8100930627642,1000.0,-1000.0,0.0,216.67878440139626,0.0,0.0,0.0,0.0,0.0,-138.47238538515788,0.0,0.0,0.06603364354254733,0.0,0.0,-573.3783165952309,578.7034582780548,0.0,0.0,-707.2639380577874,0.0,0.0,0.0,0.0,0.0,0.0,0.0,0.0,0.0,0.0,0.0,0.0,0.0,0.0,0.06603364354254733,0.0,0.0,0.0,0.0,0.0,0.0,0.0,0.0,0.0,0.0,1000.0,0.0,-234.31921211361464,-1000.0,-4.95252326569107,0.0,-3.3016821771273666,0.0,0.0,0.0,0.0,0.0,0.0,0.0,0.0,0.0,0.0,0.0,152.54561858624038,0.0,0.0,0.0,-344.7114232980092,0.0,0.0,0.0,-0.06603364354254733,0.0,0.0,0.06603364354254733,0.0,0.06603364354254733,0.0,0.0,0.0,39.6201861255284,80.56104512190774,80.56104512190774,0.0,0.0,0.0,0.0,0.0,0.0,0.0,473.63403097774506,0.0,0.0,0.0,0.0,584.2879900033361,0.0,0.0,0.0,0.0,0.0,0.0,0.0,0.0,0.0,0.0,0.0,0.0,0.0,0.0,235.99070747853742,0.0,0.0,0.0,0.09905046531382099,0.0,0.0,0.0,-238.6323540267516,0.0,0.0,0.0,0.0,0.0,-276.1701609956422,3.3016821771273666,0.0,0.0,0.0,-257.81250000000006,-634.8201449448808,0.0,-3.3016821771273666,0.0,0.0,0.0,0.0,0.0,0.0,0.0,152.54561858624038,0.0,770.6432250255618,1000.0,266.79327129149056,0.0,74.06406605162584,0.0,821.8246262607449,-56.14383837435955,234.31921211361464,-1000.0,48.9329644995081,-80.56104512190774,0.0,3.3016821771273666,702.4127820111604,0.0,0.0,0.0,-62.47926527804545,0.0,0.0,-853.288150208428,853.288150208428,0.0,0.0,0.0,0.0,0.0,570.3801195604274,-291.0277307927153,80.56104512190774,0.0,-614.021384703945,-614.021384703945,614.021384703945,0.0,0.0,0.0,0.0,0.0,2.1262833220753254,0.0,0.0,0.0,-5.325141682823869,265.440005071246,-471.88078291949074,19.8100930627642,0.0,0.0,0.0,0.0,-142.54266424046776,0.0,0.0,0.07263700789644645,0.0,0.0,0.0,40.28052256095388,0.0,0.0,0.0,0.0,618.8697493587514,0.0,0.0,0.0,0.0,0.0,0.0,0.0,0.0,-1000.0,0.0,0.006603364354254734,0.006603364354254734,0.0,0.0,0.0,0.0,0.0,0.0,0.0,0.0,0.0,-573.3783165952309,0.0,0.0,0.0,0.0,0.0,276.1701609956422,0.0,0.0,0.0,0.0,0.0,0.0,0.0,160.28666920753,0.0,0.0,0.0,0.0,554.1202837370083,0.0,-855.8354679440345,0.0,0.0,0.0,39.62018612552839,0.0,0.0,0.0,0.0,0.0,220.38921446876316,-260.00940059429155,0.0,0.0,0.0,0.0,0.0,0.0,0.0,0.0,0.0,0.0,0.0,0.0,0.0,-383.46877002317626,629.521035829981,-238.6323540267516,0.0,0.0,177.9112391650832,0.0,0.0,0.0,0.0,0.0,0.0,0.0,0.0,0.0,0.0,0.0,0.0,0.0,0.0,0.0,0.0,0.0,-8.254205442818437,152.54561858624044,-204.08666997153398,870.3631975303604,0.0,0.0,0.0,0.0,0.0,-0.8254205442818416,0.0,111.41222977755355,0.0,0.0,0.0,0.0,0.0,0.0,0.0,1000.0,19.8100930627642,19.8100930627642,0.0,0.0,0.0,0.0,108.32550087893777,0.07263700789644645,276.1701609956422,0.0,0.0,-177.9112391650832,0.0,0.0,0.0,0.0,0.0,0.0,0.0,0.0,0.0,0.0,0.0,0.0,0.0,0.0,0.0,0.0,0.0,20.470429498189677,0.0,69.3353257196747,5.08459055277612,0.0,0.0,0.0,0.0,0.0,276.1701609956422,0.0,0.0,0.0,0.0,0.0,-8.254205442818437,0.0,0.0,0.0,0.0,0.0,0.0,0.0,0.0,0.0,0.0,0.0,0.0,0.0,0.0,0.0,0.0,0.0,0.0,-0.06603364354254733,0.0,0.0,3.3016821771273666,-434.159273312282,0.0,0.0,0.0,0.0,152.5456185862404,0.0,0.0,0.0,-578.602493294323,1.6508410885636833,0.0,0.0,0.0,0.06603364354254733,0.0,66.03364354254732,0.0,13.206728708509466,0.47166888244676664,225.17472448008644,-0.049525232656910494,602.8687555300488,1.3206728708509468,-0.33016821771440164,-225.17472448008644,19.8100930627642,-0.06603364354254733,0.0,216.67878440139626,0.016508410885636836,0.47166888244676664,0.0,-10.51255605197881,-1.3206728708509468,9.194126874787685,-0.06603364354254733,0.016508410885636832,-225.17472448008644,6.603364354254733,0.06603364354254733,0.06603364354254733,-276.03149034420323,0.07263700789680207,-231.93729212345534,-0.049525232656910494,19.8100930627642,0.06603364354254733,238.6323540267516,185.80543919271375,-0.033016821771273665,56.90801926795859,-170.0,-0.049525232656910494,-0.06603364354254733,0.0,0.06603364354254733,6.603364354254733,-1.3206728708509468,235.99070747853742,235.99070747853742,-6.603364354254733,-9.194126874787685,-235.99070747853742,13.206728708509466,0.09905046531382099,627.1585402353742,6.603364354254733,-333.3333333333333,216.67878440139626,-13.206728708509466,0.033016821771273665,0.6603364354254733,94.6610162401327,280.0,-0.06603364354254733,-291.0277307927153,276.03149034420323,20.470429498189677,0.06603364354254733,10.51255605197881,-81.38384881364813,216.67878440139626,-0.06603364354254733,-0.016508410885636836,-216.67878440139626,-0.06603364354254733,-93.39663564574526,0.06603364354254733,-0.016508410885636832,-0.016508410885636832,-0.016508410885636832,26.413457417018932,-185.80543919271375,0.6603364354254733,48.922675659592734,-0.016508410885636832,189.3220324802654,3.3016821771273666,50.0,0.06603364354254733,0.03301682177127366,0.033016821771273665,75.0,0.0,0.06603364354254733,0.0,0.6603364354254733,0.06603364354254733,-48.922675659592734,0.06603364354254733,0.2641345741718766,0.33016821771440164,0.033016821771273665,0.016508410885636832,19.8100930627642,-0.06603364354254733,231.93729212345534,0.6603364354254734,-97.84535131918547,601.2179144414852,-6.603364354254733,13.206728708509466,3.3016821771273666,-0.06603364354254733,0.0,0.09905046531382099,-0.06603364354254733,-150.0,0.0,448.5926277527178,0.033016821771273665,-100.0,-0.06603364354254733,-0.06603364354254733,-0.06603364354254733,0.033016821771273665,225.17472448008644,-13.206728708509466,0.06603364354254733,189.3220324802654,-0.016508410885636832,-0.07263700789680207,-189.3220324802654,9.905046531382098,170.0,-620.4024083734913,225.17472448008644,-0.049525232656910494,291.0277307927153,-280.0,0.06603364354254733,-0.016508410885636836,3.3016821771273666,66.03364354254732,-0.03301682177127366,-0.06603364354254733,0.016508410885636832,0.0,0.0,-927.1915570571455,0.0,-255.0,77.26233537076081,275.32817453139353,-140.0,0.0,-80.0,-255.0,386.3632362176097,-300.0,40.0,127.5,127.5,0.0,70.0,-276.1701609956422,-306.04996351225003,300.0,-386.3632362176097,-306.04996351225003,-275.32817453139353,175.05432949539346,-77.26233537076081,1496.5981,hplb
498,0.0,0.0,0.0,0.0,0.0,0.0,0.0,0.0,474.7129667125895,0.0,0.0,0.0,0.0,0.0,0.0,0.0,1000.0,-991.9049910692418,0.0,291.90499106924176,0.0,0.0,0.0,0.0,0.0,0.0,0.0,0.0,0.0,922.3484112470687,0.0,0.0,81.09271968253653,0.0,0.0,0.0,0.0,-108.04231596683074,0.0,-1000.0,893.5183130173947,0.0,0.0,0.0,0.0,0.0,608.0023862659234,0.0,-994.7238593529048,0.0,0.0,927.6245518941639,0.0,0.064644581811649,0.0,0.0,0.0,11.75356032945871,0.0,0.0,-55.442540586941774,0.0,0.0,-177.0227358122682,0.0,0.0,0.0,0.0,0.0,147.3129801415399,0.0,0.5876780164729355,0.0,0.0,0.0,0.0,0.0,0.0,0.0,0.0,0.0,0.0,-57.22338322989265,0.0,35.26068098837613,0.0,90.7937879303123,712.4656553572768,-190.117244110208,0.0,821.7331561934795,0.0,0.0,19.004930461006325,17.630340494188065,0.0,106.48168698260535,0.0,0.0,0.0,0.0,2.9383900823646774,431.4322028035403,0.0,0.0,-57.60851190105866,0.0,0.0,0.0,0.0,0.0,0.0,0.0,0.0,0.0,0.0,0.0,0.0,0.0,0.0,0.0,0.0,0.0,0.0,-456.115881102097,0.0,0.0,106.48168698260535,0.0,18.218018510661,6.044037109418056,0.0,-62.79294502515796,0.0,62.79294502515796,-62.79294502515796,-121.58019522532643,1000.0,-1000.0,0.0,0.0,0.0,0.0,0.0,0.0,152.54229188704653,0.05876780164729355,821.7478481438914,0.0,0.0,-986.1365752441538,986.1365752441538,0.0,0.0,57.22338322989265,0.0,408.51485915988934,0.0,0.0,0.0,0.0,0.0,479.35287291920065,479.35287291920065,0.0,0.0,0.0,-914.0625,-1000.0,0.0,0.0,479.41164072084797,0.0,0.0,0.0,-316.71886010353586,0.0,0.0,0.0,0.0,0.0,0.0,0.0,0.0,0.0,0.0,0.0,0.0,0.0,0.0,0.0,-1000.0,0.0,0.0,0.0,0.0,0.0,0.0,-927.6245518941639,490.117244110208,-490.117244110208,121.58019522532643,0.0,0.0,0.0,0.0,0.0,0.0,490.91620844352843,943.8097615253577,0.0,0.0,0.0,0.0,0.0,0.0,0.0,0.0,0.0,0.0,0.0,0.0,0.0,391.2880092348595,12.358467147334679,0.0,0.0,0.0,0.0,0.0,11.22348561138088,0.0,0.0,0.0,0.0,-55.442540586941774,0.0,0.0,0.0,0.0,0.0,0.0,0.0,0.0,0.0,708.1011814824727,0.0,88.85134648841729,0.0,742.2011368008816,61.96664858046563,-719.7655117795839,0.0,0.0,0.0,0.0,121.58019522532643,376.0806878156969,0.0,0.0,0.0,-337.3045448713823,0.0,0.0,474.53591987587504,815.0658605411186,1000.0,-525.4640801241251,184.9341394588814,0.0,300.0,0.0,1000.0,0.0,0.0,43.24655997807781,0.0,0.0,0.0,-126.72454329430445,0.0,126.72454329430445,0.0,814.9151275925399,0.0,0.0,0.0,-914.0625,0.0,0.0,-55.442540586941774,-0.08815170247094031,0.0,0.0,0.0,0.0,0.05876780164729355,0.0,0.0,0.0,52.61345069821455,1000.0,0.0,-762.0340777147294,355.648890326268,0.0,1000.0,0.0,5.0599077218316,0.0,-57.60851190105866,0.0,0.0,0.0,-5.0599077218316,0.0,0.0,-1000.0,-1000.0,0.0,0.0,0.0,0.0,0.0,0.0,0.0,0.0,0.0,0.0,0.0,0.0,0.0,0.0,0.0,0.0,0.0,-1000.0,0.0,-1000.0,57.22338322989265,107.80724476024169,706.2088582694297,0.0,0.0,0.0,-860.6434733695193,0.0,0.0,0.0,0.0,0.0,0.0,200.91364684401634,352.5597273839011,358.8910575650214,0.0,0.0,-162.5461546589572,626.0521832203532,-705.1830281384339,-200.91364684401634,-498.98105194898426,-118.09480220987007,-360.36025260620374,159.6077645765925,-1000.0,0.0,1000.0,1000.0,-643.1302729363252,106.48168698260535,0.0,0.0,0.0,0.0,0.0,474.7717345142368,0.0,-391.2880092348595,391.2880092348595,391.2880092348595,300.85495157159994,0.0,0.0,0.0,0.0,0.0,490.91620844352843,0.0,0.0,-50.87770053858537,0.0,734.3750000000007,0.0,0.0,0.0,0.0,0.0,-94.12321983527065,0.11753560329452739,0.0,0.0,0.0,0.0,0.0,0.0,0.0,0.0,0.0,147.3129801415399,0.0,0.0,0.0,0.0,0.0,0.0,0.0,0.0,0.0,0.064644581811649,0.064644581811649,0.0,307.7426195058632,0.0,35.26068098837613,0.0,0.0,0.0,1000.0,0.0,0.0,90.7937879303123,0.0,0.0,919.2989250641112,-1000.0,0.0,0.0,0.0,0.0,0.0,0.0,0.0,0.0,0.0,0.0,0.0,0.0,0.0,152.03862703403232,-52.61345069821455,0.0,143.48293448271846,95.31890865715388,0.0,0.0,19.004930461006325,-113.79875037570099,0.0,919.2989250641112,0.0,1000.0,-174.82429477115946,360.0140209155084,-360.0140209155084,391.2880092348595,0.0,0.0,0.0,0.0,0.0,0.0,0.0,0.0,0.0,0.0,0.0,0.0,0.0,35.26068098837613,121.58019522532643,121.58019522532643,0.0,0.0,0.0,0.0,0.0,0.0,0.0,0.0,0.0,0.0,0.5876780164729355,0.0,0.0,90.7937879303123,-90.7937879303123,0.0,-927.6245518941639,0.0,0.0,106.48168698260535,0.0,0.0,0.0,0.0,143.48293448271846,0.0,0.0,0.0,0.0,0.0,382.0750035837208,-308.058572947182,0.0,17.630340494188065,17.630340494188065,-964.5494698454953,-1000.0,0.0,0.0,0.0,0.0,0.0,0.0,0.0,-431.4322028035403,490.91620844352843,-584.3092688550953,0.05876780164729355,0.0,0.0,-458.84326387788104,512.2783929156952,0.0,0.0,-19.004930461006325,0.0,0.0,0.0,0.0,0.0,0.0,0.0,0.0,0.0,0.0,0.0,0.0,0.0,0.0,0.05876780164729355,0.0,0.0,0.0,0.0,0.0,0.0,0.0,0.0,107.80724476024169,0.0,-154.43461510008956,0.0,0.0,0.0,-4.407585123547016,0.0,-2.9383900823646627,0.0,0.0,0.0,0.0,0.0,0.0,0.0,0.0,0.0,0.0,0.0,121.58019522532643,0.0,0.0,0.0,359.8081171460394,0.0,0.0,0.0,474.7129667125895,0.0,0.0,0.05876780164729355,0.0,0.05876780164729355,0.0,0.0,0.0,35.26068098837613,71.69671800969813,71.69671800969813,0.0,0.0,0.0,0.0,0.0,0.0,0.0,0.0,0.0,490.91620844352843,0.0,0.0,0.0,0.0,0.0,0.0,0.0,0.0,0.0,0.0,0.0,0.0,0.0,0.0,0.0,0.0,0.0,132.80368083670731,0.0,0.0,0.0,0.08815170247094031,0.0,0.0,0.0,-106.48168698260535,0.0,0.0,0.0,0.0,0.0,-307.7426195058632,2.9383900823646774,0.0,0.0,0.0,914.0625,1000.0,0.0,-2.9383900823646627,0.0,734.3750000000007,0.0,0.0,0.0,0.0,0.0,121.58019522532643,0.0,0.0,0.0,-83.54538972899627,0.0,-13.393733114225938,-57.60851190105865,0.0,-860.6434733695193,0.0,860.6434733695193,57.22338322989265,304.38396980599873,0.0,2.9383900823646627,1000.0,0.0,0.0,0.0,-232.46527639920998,703.1249999999972,-703.1249999999972,0.0,0.0,0.0,0.0,0.0,0.0,0.0,-8.815170247093931,0.0,71.69671800969813,0.0,0.0,0.0,0.0,0.0,0.0,0.0,0.0,0.0,708.1011814824727,0.0,0.0,320.96537487650414,-200.7481091793541,0.0,0.0,17.630340494188065,90.7937879303123,0.0,0.0,0.0,94.92340352585884,0.0,0.0,0.064644581811649,0.0,0.0,0.0,35.848359004849065,0.0,0.0,0.0,0.0,12.358467147334679,0.0,0.0,0.0,0.0,0.0,0.0,0.0,0.0,0.0,0.0,0.0058767801647263695,0.0058767801647263695,0.0,0.0,0.0,0.0,0.0,0.0,0.0,0.0,0.0,-458.84326387788104,0.0,0.0,0.0,0.0,0.0,307.7426195058632,0.0,0.0,0.0,0.0,0.0,0.0,0.0,0.0,0.0,0.0,0.0,181.5875758606246,1000.0,369.55657982217303,-991.9049910692418,0.0,0.0,0.0,35.26068098837613,0.0,0.0,0.0,0.0,0.0,0.0,-35.26068098837613,0.0,181.5875758606246,0.0,0.0,0.0,0.0,0.0,0.0,0.0,0.0,0.0,0.0,584.3092688550953,-1000.0,40.255944128396074,0.0,-106.48168698260535,0.0,-0.23507120658905478,0.0,0.0,0.0,0.0,0.0,0.0,0.0,0.0,0.0,0.0,0.0,0.0,0.0,0.0,0.0,0.0,0.0,-7.345975205911679,121.58019522532643,-4.407585123547016,-4.407585123546937,0.0,0.0,0.0,0.0,0.0,-1000.0,999.2654024794089,108.10108376847803,0.0,0.0,0.0,0.0,0.0,0.0,0.0,1000.0,17.630340494188065,17.630340494188065,0.0,0.0,0.0,0.0,0.0,0.064644581811649,307.7426195058632,0.0,0.0,0.23507120658905478,0.0,0.0,0.0,0.0,0.0,0.0,0.0,0.0,0.0,0.0,0.0,0.0,0.0,0.0,0.0,0.0,0.0,6.044037109418056,0.0,61.70619172965823,95.31890865715388,0.0,0.0,0.0,0.0,0.0,307.7426195058632,0.0,706.2088582694297,0.0,0.0,0.0,-7.345975205911679,0.0,0.0,0.0,0.0,0.0,0.0,0.0,0.0,0.0,0.0,0.0,0.0,0.0,0.0,0.0,0.0,0.0,0.0,-0.05876780164729355,0.0,0.0,2.9383900823646774,-919.2989250641112,0.0,0.0,0.0,0.0,121.58019522532643,0.0,0.0,0.0,5.0599077218316,1.4691950411823387,0.0,0.0,0.0,0.05876780164729355,0.0,58.767801647293545,-12.17398140124294,11.75356032945871,0.41977001176638246,176.05024081478513,-0.044075851235470156,2.9383900823647418,1.175356032945871,-0.29383900823634834,-176.05024081478513,17.630340494188065,-0.05876780164729355,19.202837300352886,0.0,0.014691950411823387,0.41977001176638246,-57.60851190105866,-100.14962195256157,-1.175356032945871,-300.0,-0.05876780164729355,0.014691950411823387,-176.05024081478513,5.876780164729355,0.05876780164729355,0.05876780164729355,-307.61920712240425,-90.72914334850029,-59.998915715689805,-0.044075851235470156,17.630340494188065,0.05876780164729355,106.48168698260535,59.467445664770516,-0.029383900823646773,-233.29891964208218,-17.159033577757526,-0.044075851235470156,-0.05876780164729355,-12.17398140124294,0.05876780164729355,5.876780164729355,-1.175356032945871,132.80368083670731,132.80368083670731,-5.876780164729355,300.0,-132.80368083670731,11.75356032945871,0.08815170247094031,-813.2695834792813,5.876780164729355,-152.03862703403232,0.0,-11.75356032945871,0.029383900823646773,0.5876780164729355,190.50851942868235,-71.79182939953756,-0.05876780164729355,-320.96537487650414,307.61920712240425,18.218018510661,0.05876780164729355,100.14962195256157,-159.37270846516958,0.0,-0.05876780164729355,-0.014691950411823387,0.0,-0.05876780164729355,-94.12321983527065,0.05876780164749107,-0.014691950411823387,-0.014691950411823387,-0.014691950411823387,23.50712065891742,-59.467445664770516,0.5876780164729355,172.3949507937623,-0.014691950411823387,361.8142015570118,2.9383900823646774,50.0,0.05876780164729355,0.029383900823646773,0.029383900823646773,5.876780164729355,12.17398140124294,0.05876780164729355,-12.17398140124294,0.5876780164729355,0.05876780164729355,-430.10566229040984,0.05876780164729355,0.23507120658905478,0.29383900823634834,0.029383900823646773,0.014691950411823387,17.630340494188065,-0.05876780164729355,59.998915715689805,0.5876780164729355,-344.7899015875246,1.4691950411822745,-5.876780164729355,11.75356032945871,2.9383900823646774,-0.05876780164729355,57.60851190105866,0.08815170247094031,-0.05876780164729355,-11.75356032945871,12.17398140124294,131.15652146168173,0.029383900823646773,-100.0,-0.05876780164729355,-0.05876780164749107,-0.05876780164729355,0.029383900823646773,176.05024081478513,-11.75356032945871,0.05876780164729355,381.0170388573647,-0.014691950411823387,90.72914334850029,-381.0170388573647,8.81517024709403,17.159033577757526,412.0384300437978,176.05024081478513,-0.044075851235470156,320.96537487650414,71.79182939953756,0.05876780164729355,-0.014691950411823383,2.9383900823646627,58.767801647293545,-0.029383900823646773,-0.05876780164729355,0.014691950411823387,0.0,0.0,513.2401995784577,257.71071149664755,-255.0,0.0,256.03323071127505,-140.0,0.0,-80.0,-255.0,1.6401727847672287,-300.0,40.0,127.5,127.5,0.0,70.0,-307.7426195058632,-226.07992498754058,300.0,-1.6401727847672287,-226.07992498754058,-256.03323071127505,204.76457950585763,0.0,1496.5981,hplb
499,0.0,0.0,0.0,0.0,0.0,0.0,0.0,0.0,-0.017285234333381336,0.0,0.0,0.0,0.0,0.0,0.0,0.0,229.64858180051093,357.8555294570823,0.0,-289.42818205596075,0.0,0.0,0.0,704.4142517217005,0.0,0.0,0.0,0.0,0.0,-672.2134006166323,0.0,0.0,139.61799632123225,0.0,0.0,0.0,0.0,194.82240341728618,0.0,-1000.0,994.8144296999856,0.0,0.0,682.5755279416311,0.0,0.0,146.836017287128,0.0,0.0,0.0,0.0,-2.673877245282142,0.0,0.019013757766736566,0.0,0.0,0.0,3.4570468666762673,0.0,0.0,242.68458637079183,0.0,0.0,-489.93593165246375,0.0,0.0,0.0,0.0,763.4054706733926,-451.036556185951,0.0,0.17285234333381339,0.0,0.0,0.0,0.0,0.0,0.0,0.0,0.0,0.0,0.0,-355.6958384504232,0.0,10.371140600028802,0.0,0.0,353.10765592068805,-114.81132697450542,0.0,-0.004321308583345334,0.0,0.0,0.0,5.185570300014401,0.0,5.185570300014401,0.0,585.0797423287288,0.0,0.0,0.8642617166690668,-835.4566627757306,0.0,0.0,0.0,0.0,885.8099282350043,0.0,0.0,0.0,0.0,0.0,0.0,0.0,0.0,0.0,0.0,0.0,0.0,0.0,0.0,0.0,0.0,-456.0299676349165,0.0,0.0,5.185570300014401,0.0,5.358422643348214,5.358422643348214,0.0,987.794812789998,-679.477644536841,-308.3171682531571,308.3171682531571,-732.6205180232556,1000.0,-1000.0,0.0,0.0,0.0,0.0,0.0,0.0,357.02680149409355,0.017285234333381336,0.0,0.0,0.0,-678.4570468666763,0.0,0.0,0.0,143.02327886410453,0.0,275.2529362491669,0.0,0.0,0.0,0.0,0.0,-146.8187320527946,-146.8187320527946,0.0,0.0,0.0,0.0,0.0,0.0,0.0,-146.80144681846122,0.0,0.0,0.0,-574.5441459211886,-287.09123104958024,0.0,0.0,0.0,0.0,0.0,0.0,0.0,0.0,0.0,0.0,0.0,0.0,0.0,0.0,-818.9040035539491,0.0,0.0,0.0,0.0,0.0,0.0,2.673877245282142,114.81132697450542,-114.81132697450542,0.0,0.0,0.0,0.0,0.0,0.0,0.0,163.24326215909838,-2.160654291672667,0.0,0.0,0.0,0.0,0.0,0.0,0.0,0.0,0.0,0.0,0.0,0.0,0.0,0.0,585.3711406000289,439.89094157083923,0.0,0.0,0.0,420.25160353581396,168.25419133232847,0.0,0.0,0.0,0.0,242.68458637079183,-242.68458637079183,0.0,0.0,0.0,0.0,0.0,0.0,0.0,0.0,0.5565845455355998,0.0,0.0,0.0,229.62265394901084,0.0,470.59286014047564,0.0,-439.89094157083923,0.0,0.0,732.6205180232556,0.0,0.0,0.0,0.0,-327.5705339542005,0.0,0.0,724.424399765472,724.424399765472,0.0,0.0,0.0,-724.424399765472,0.0,0.0,-172.5428587903432,0.0,0.0,-109.31154225549813,0.0,0.0,0.0,664.1523630737528,0.0,-664.1523630737528,0.0,0.0,312.36891448744166,420.25160353581396,166.0935370406558,0.0,0.0,0.0,242.68458637079183,-0.025927851500072003,0.0,0.0,0.0,0.0,0.017285234333381336,0.0,0.0,0.0,644.9076573760706,229.64858180051093,0.0,-478.0863398810384,383.06128055809813,287.09123104958024,1000.0,0.0,1000.0,0.0,0.0,0.0,0.0,0.0,-1.48825867610415,0.0,-998.5117413238959,-1000.0,-962.8558343276407,0.0,0.0,0.0,0.0,0.0,0.0,0.0,0.0,0.0,0.0,0.0,0.0,0.0,0.0,0.0,0.0,0.0,0.0,0.0,-1000.0,143.02327886410453,805.1084556453801,0.0,0.0,0.0,0.0,-357.58338603962915,0.0,797.7523019150474,0.0,843.2071557530576,0.0,-156.73367469556308,0.0,0.0,0.0,-606.6717959778296,-273.9287183195048,476.8024327285619,132.03001754094032,0.0,0.0,-0.8642617166690668,1000.0,-0.4321308583345334,-477.666694445231,0.0,0.0,-1000.0,910.9218726103061,-0.8642617166690668,5.185570300014401,0.0,0.0,0.0,0.0,0.0,0.0,49.79405194879813,49.79405194879813,-49.79405194879813,-49.79405194879813,94.39829595520233,0.0,0.0,0.0,0.0,0.0,163.24326215909838,0.0,0.0,-247.25134528167192,0.0,-1000.0,0.0,0.0,0.0,0.0,0.0,-98.27147656666186,0.0345704686667627,0.0,0.0,0.0,0.0,0.0,0.0,0.0,0.0,0.0,0.0,0.0,0.0,0.0,0.0,0.0,0.0,0.0,0.0,0.0,0.019013757766736566,0.019013757766736566,0.0,276.54295313332375,0.0,10.371140600028802,0.0,0.0,0.0,1000.0,0.0,0.0,0.0,0.0,0.0,151.50510617717492,-1000.0,0.0,0.0,0.0,0.0,0.0,0.0,0.0,0.0,0.0,0.0,0.0,0.0,0.0,152.00998921163884,-644.9076573760706,678.4570468666763,0.0,1.3309630436703515,0.0,0.0,0.0,-168.25419133232847,0.0,151.50510617717492,0.0,1000.0,-946.7663703894871,835.3857757033405,-835.3857757033405,0.0,0.0,0.0,0.0,0.0,0.0,0.0,0.0,0.0,0.0,0.0,0.0,0.0,0.0,10.371140600028802,732.6205180232556,732.6205180232556,0.0,0.0,0.0,0.0,0.0,0.0,0.0,0.0,0.0,0.0,0.17285234333381339,0.0,0.0,0.0,0.0,0.0,2.673877245282142,0.0,0.0,5.185570300014401,0.0,0.0,0.0,0.0,0.0,0.0,0.0,0.0,0.0,0.0,-179.632582611299,0.0,0.0,5.185570300014401,5.185570300014401,1000.0,-1000.0,0.0,0.0,0.0,0.0,0.0,0.0,0.0,835.4566627757306,163.24326215909838,1000.0,0.017285234333381336,0.0,0.0,0.0,1.3939306830276805,0.0,0.0,0.0,0.0,-312.36891448744166,0.0,0.0,0.0,0.0,0.0,0.0,0.0,0.0,0.0,0.0,0.0,0.0,0.017285234333381336,0.0,0.0,0.0,0.0,0.0,0.0,0.0,0.0,805.1084556453801,0.0,440.16891587541824,0.0,0.0,-1000.0,-1.2963925750036003,-0.8642617166690668,0.0,0.0,0.0,0.0,0.0,0.0,0.0,0.0,0.0,0.0,0.0,0.0,732.6205180232556,287.09123104958024,0.0,0.0,-1000.0,0.0,0.0,0.0,-0.017285234333381336,0.0,0.0,0.017285234333381336,0.0,0.017285234333381336,0.0,0.0,0.0,10.371140600028802,21.087985886725228,21.087985886725228,0.0,0.0,0.0,0.0,0.0,0.0,212.67255958631867,678.4570468666763,0.0,163.24326215909838,0.0,0.0,0.0,0.0,0.0,0.0,0.0,0.0,0.0,0.0,0.0,0.0,0.0,0.0,0.0,0.0,0.0,168.25419133232847,0.0,0.0,0.0,0.025927851500072003,0.0,0.0,0.0,-5.185570300014401,0.0,0.0,0.0,0.0,0.0,-276.54295313332375,0.8642617166690668,0.0,0.0,0.0,0.0,0.0,-0.8642617166690668,0.0,0.0,-1000.0,0.0,0.0,0.0,0.0,0.0,732.6205180232556,0.0,0.0,1000.0,276.54295313332375,0.0,1000.0,0.0,0.0,-358.44764775629824,797.7523019150474,-439.30465415874914,143.02327886410453,-21.087985886725228,0.0,0.8642617166690668,884.9581972808253,0.0,0.0,0.0,-247.25134528167192,0.0,0.0,0.0,0.0,0.0,0.0,0.0,0.0,0.0,277.83934570832736,-280.43213085833446,21.087985886725228,0.0,0.0,0.0,0.0,0.0,0.0,0.0,0.0,0.0,0.5565845455355998,0.0,0.0,0.0,-1.3939306830276805,487.37736764089976,0.0,5.185570300014401,0.0,0.0,0.0,0.0,-34.72518707386628,0.0,0.0,0.019013757766736566,0.0,0.0,0.0,10.543992943362614,0.0,0.0,0.0,0.0,585.3711406000289,0.0,0.0,0.0,0.0,0.0,0.0,0.0,0.0,-60.1596423821846,0.0,0.0017285234333381336,0.0017285234333381336,0.0,0.0,0.0,0.0,0.0,0.0,0.0,0.0,0.0,0.0,0.0,0.0,0.0,0.0,0.0,276.54295313332375,0.0,0.0,0.0,0.0,0.0,0.0,0.0,0.0,0.0,0.0,0.0,0.0,0.0,0.0,357.8555294570823,0.0,0.0,0.0,10.371140600028802,0.0,0.0,0.0,0.0,0.0,-10.371140600028802,0.0,0.0,0.0,0.0,0.0,0.0,0.0,0.0,0.0,0.0,0.0,0.0,0.0,-1000.0,-1000.0,11.840385518366215,577.7219340589585,-582.9075043589729,0.0,999.9308590626663,0.0,0.0,0.0,0.0,0.0,0.0,0.0,0.0,0.0,0.0,0.0,0.0,0.0,0.0,0.0,0.0,0.0,-2.160654291672667,732.6205180232556,-1.2963925750036003,279.1357382833309,0.0,0.0,0.0,0.0,0.0,-0.21606542916726673,0.0,390.2746241457765,0.0,0.0,0.0,0.0,0.0,0.0,0.0,962.8558343276407,5.185570300014401,5.185570300014401,0.0,0.0,0.0,0.0,0.0,0.019013757766736566,276.54295313332375,0.0,0.0,-999.9308590626663,0.0,0.0,0.0,0.0,0.0,0.0,0.0,0.0,0.0,0.0,0.0,0.0,0.0,0.0,0.0,0.0,0.0,5.358422643348214,0.0,18.149496050050402,214.00352262998902,0.0,0.0,0.0,0.0,0.0,276.54295313332375,0.0,0.0,0.0,0.0,0.0,-2.160654291672667,0.0,0.0,0.0,0.0,0.0,0.0,0.0,0.0,0.0,0.0,0.0,0.0,0.0,0.0,0.0,0.0,0.0,0.0,-0.017285234333381336,0.0,0.0,0.8642617166690668,-151.50510617717492,0.0,0.0,0.0,0.0,732.6205180232556,0.0,0.0,0.0,1.48825867610415,0.4321308583345334,0.0,0.0,0.0,0.017285234333381336,0.0,17.285234333381336,0.0,3.4570468666762673,0.1234659595241524,58.94264907683035,-0.012963925750036001,0.8642617166690668,0.34570468666762677,-0.08642617166709507,-58.94264907683035,5.185570300014401,-0.017285234333381336,0.0,0.0,0.004321308583345334,0.1234659595241524,0.0,-2.7518093058750424,-0.34570468666762677,-298.07592920163245,-0.01728523433338132,0.004321308583345334,-58.94264907683035,1.7285234333381336,0.017285234333381336,0.017285234333381336,-276.50665414122363,0.019013757766719472,-237.8894728878941,-0.012963925750036001,5.185570300014401,0.017285234333381333,5.185570300014433,-8.642617166690668,-0.008642617166690668,-37.36346336127281,-170.0,-0.012963925750036001,-0.017285234333381336,0.0,0.017285234333381336,1.7285234333381336,-0.34570468666762677,168.25419133232847,168.25419133232847,-1.7285234333381336,298.07592920163245,-168.25419133232847,3.4570468666762673,0.025927851500072003,-1000.0,1.7285234333381336,-152.00998921163884,0.0,-3.4570468666762673,0.008642617166690668,0.17285234333381339,119.5215849702596,280.0,-0.017285234333381336,-280.43213085833446,276.50665414122363,5.358422643348214,0.017285234333381336,2.7518093058750424,-20.742281200057533,0.0,-0.017285234333381336,-0.004321308583345334,0.0,-0.017285234333381336,-98.27147656666186,0.017285234333381336,-0.004321308583345334,-0.004321308583345334,-0.004321308583345334,6.9140937333525345,8.642617166690668,0.17285234333381339,12.80619798674536,-0.004321308583345334,239.0431699405192,0.8642617166690668,50.0,0.017285234333381336,0.008642617166690668,0.008642617166690668,-364.5817355782897,0.0,0.017285234333381336,0.0,0.17285234333381339,0.017285234333381336,-12.80619798674536,0.017285234333381333,0.06914093733371374,0.08642617166709507,0.008642617166690668,0.004321308583345334,5.185570300014401,-0.017285234333381336,237.8894728878941,0.17285234333381339,-25.61239597349072,0.43213085833453346,-1.7285234333381336,3.4570468666762673,0.8642617166690668,-0.017285234333381333,0.0,0.025927851500072003,-0.017285234333381336,729.1634711565794,0.0,187.44484888648793,0.008642617166690668,-100.0,-0.017285234333381333,-0.017285234333381336,-0.017285234333381336,0.008642617166690668,58.94264907683035,-3.4570468666762673,0.017285234333381336,239.0431699405192,-0.004321308583345334,-0.019013757766719472,-239.0431699405192,2.5927851500072,170.0,708.3402560765912,58.94264907683035,-0.012963925750036001,280.43213085833446,-280.0,0.01728523433338132,-0.004321308583345335,844.0714174697266,17.285234333381336,-0.008642617166690668,-0.017285234333381336,0.004321308583345334,1000.0,0.0,999.9913573828333,0.0,-255.0,0.0,-86.30672981240957,-140.0,0.0,707.8626832960945,-97.8553428218786,-325.0,0.0,-353.93134164804724,127.5,48.9276714109393,0.0,70.0,-276.54295313332375,-152.71966181262164,0.0,325.0,-152.71966181262164,86.30672981240957,-33.64648602284509,0.0,1496.5981,hplb
0,0.0,0.0,0.0,0.0,0.0,0.0,0.0,0.0,498.9601721057377,0.0,0.0,0.0,0.0,0.0,0.0,0.0,1000.0,0.0,0.0,-900.0079989198356,0.0,0.0,0.0,92.48621123316302,0.0,0.0,0.0,0.0,0.0,-6.529069068355284,0.0,0.0,0.0,0.0,0.0,0.0,0.0,999.8619115169572,0.0,-1000.0,989.6433637718002,0.0,0.0,-993.4709309316447,0.0,0.0,0.0,0.0,-1000.0,0.0,0.0,-1000.0,0.0,0.037974332836828086,0.0,0.0,0.0,0.0,0.0,0.0,-64.76628522938863,0.0,247.45889920853955,0.0,0.0,0.0,0.0,0.0,244.07930038095847,-244.07930038095847,0.0,0.3452212076066602,0.0,0.0,0.0,0.0,0.0,0.0,0.0,0.0,0.0,0.0,-10.99148545672415,0.0,20.71327245639961,0.0,122.6235751207827,-570.9684448000561,229.09933622075562,0.0,-0.008630530190166503,0.0,0.0,214.34033112063977,10.356636228199806,0.0,10.356636228199806,0.0,354.8705899715216,0.0,0.0,1.7261060380333006,-361.762729081699,0.0,0.0,-12.198941698391513,0.0,0.0,0.0,0.0,0.0,0.0,0.0,0.0,0.0,0.0,0.0,0.0,0.0,0.0,0.0,0.0,0.0,0.0,-536.5269897599086,0.0,0.0,10.356636228199806,0.0,10.701857435806465,10.701857435806465,0.0,0.0,0.0,0.0,0.0,-1000.0,0.0,0.0,817.3073860208491,0.0,0.0,0.0,0.0,0.0,136.27326387607815,0.03452212076066601,0.0,0.0,0.0,0.0,0.0,0.0,0.0,10.99148545672415,0.0,4.053353561094203,0.0,0.0,0.0,0.0,0.0,999.5029251085194,999.5029251085194,0.0,0.0,0.0,0.0,0.0,0.0,0.0,999.5374472292801,0.0,0.0,0.0,-137.02597762074123,-500.00000000000006,0.0,0.0,0.0,0.0,0.0,0.0,0.0,0.0,0.0,-722.926319077762,0.0,0.0,0.0,0.0,-236.00625948413403,0.0,0.0,0.0,0.0,0.0,0.0,1000.0,229.04755303961463,-229.04755303961463,182.69261397915093,0.0,0.0,0.0,0.0,0.0,0.0,355.23366001334375,-964.3164590924849,0.0,0.0,0.0,0.0,0.0,0.0,0.0,0.0,0.0,0.0,0.0,0.0,0.0,200.39580883570486,-29.191151695733595,-993.4709309316447,0.0,0.0,0.0,0.0,31.64771714148884,0.0,0.0,0.0,0.0,-64.76628522938863,0.0,0.0,0.0,0.0,0.0,0.0,0.0,0.0,0.0,1.1116122884940296,6.904424152133203,0.0,0.0,999.948216818859,1000.0,-341.92089176044146,0.0,993.4709309316447,0.0,0.0,182.69261397915093,0.0,0.0,0.0,0.0,-303.3054099641096,0.0,0.0,46.08677827877631,1000.0,1000.0,-953.9132217212236,0.0,-1.1368683772161603e-13,458.14688926037024,0.0,-99.99200108016441,0.0,0.0,-96.61989932676865,0.0,0.0,0.0,0.0,0.0,0.0,0.0,631.5976776254107,0.0,0.0,-962.9166262413939,0.0,0.0,0.0,-64.76628522938863,-0.051783181140999016,0.0,0.0,0.0,0.0,0.03452212076066601,0.0,0.0,0.0,10.19767984680044,1000.0,0.0,-431.38531007451604,-430.57156881049457,500.00000000000006,1000.0,0.0,0.0,0.0,-12.198941698391513,0.0,0.0,0.0,-2.972354597493439,0.0,2.9723545974934495,-6.529069068402521,-1000.0,0.0,0.0,0.0,0.0,0.0,0.0,0.0,0.0,0.0,0.0,0.0,0.0,0.0,0.0,0.0,0.0,0.0,0.0,0.0,-1000.0,10.99148545672415,0.0,0.0,0.0,0.0,0.0,-137.38487616457223,0.0,354.8705899715216,0.0,0.0,0.0,-244.07930038095847,0.0,-1.7261060380333006,0.0,0.0,0.0,422.4862043429399,0.0,-49.45639020173023,0.0,0.0,-387.3060988464989,-0.8630530190166503,-424.21231038097324,0.0,0.0,-32.59094643939102,0.0,0.0,10.356636228199806,0.0,0.0,0.0,464.6483975596688,0.0,498.9946942264983,207.42859157350287,7.032782737798016,-7.032782737798016,-7.032782737798016,-379.952654562893,0.0,0.0,0.0,0.0,0.0,355.23366001334375,0.0,0.0,-66.97803419636278,0.0,0.0,0.0,0.0,0.0,0.0,0.0,-39.5477879239334,0.0690442415214164,0.0,0.0,0.0,0.0,0.0,0.0,0.0,0.0,0.0,0.0,0.0,0.0,0.0,0.0,0.0,0.0,0.0,0.0,0.0,0.037974332836828086,0.037974332836828086,0.0,289.49138468357165,0.0,20.71327245639961,0.0,0.0,0.0,1000.0,0.0,0.0,122.6235751207827,0.0,0.0,-62.691001062539584,-1000.0,0.0,0.0,0.0,0.0,0.0,0.0,0.0,0.0,0.0,0.0,0.0,0.0,0.0,178.84232991996953,-10.19767984680044,0.0,0.0,125.28177841935398,0.0,0.0,214.34033112063977,0.0,0.0,-62.691001062539584,0.0,-102.23878898647298,0.0,0.0,0.0,200.39580883570486,0.0,0.0,0.0,0.0,0.0,0.0,0.0,0.0,0.0,0.0,0.0,0.0,0.0,20.71327245639961,182.69261397915093,182.69261397915093,0.0,0.0,0.0,0.0,0.0,0.0,0.0,0.0,0.0,0.0,0.3452212076066602,0.0,0.0,122.6235751207827,-122.6235751207827,0.0,1000.0,0.0,0.0,10.356636228199806,0.0,0.0,0.0,0.0,0.0,0.0,0.0,0.0,0.0,0.0,102.91189170288416,0.0,0.0,10.356636228199806,10.356636228199806,1000.0,-1000.0,0.0,0.0,0.0,0.0,0.0,0.0,0.0,-631.7082018498984,355.23366001334375,-683.2049253896242,0.03452212076066601,0.0,0.0,0.0,2.783962452770852,13.598774549482478,0.0,-214.34033112063977,0.0,0.0,0.0,0.0,0.0,0.0,0.0,0.0,0.0,0.0,0.0,0.0,0.0,0.0,0.03452212076066601,0.0,0.0,0.0,305.69611536952567,-305.69611536952567,0.0,0.0,0.0,0.0,0.0,573.9885710455595,0.0,-356.50285723861015,-1000.0,-2.5891590570499514,0.0,-1.7261060380333006,0.0,0.0,0.0,0.0,0.0,0.0,0.0,0.0,0.0,0.0,0.0,182.69261397915093,500.00000000000006,0.0,0.0,-30.864840401357718,0.0,0.0,0.0,498.9601721057377,0.0,0.0,0.03452212076066601,0.0,0.03452212076066601,0.0,0.0,0.0,20.71327245639961,42.11698732801254,42.11698732801254,0.0,0.0,0.0,0.0,0.0,0.0,0.0,0.0,0.0,355.23366001334375,0.0,0.0,0.0,0.0,0.0,0.0,0.0,0.0,0.0,0.0,0.0,0.0,0.0,0.0,0.0,0.0,0.0,214.34033112063977,0.0,0.0,0.0,0.051783181140999016,0.0,0.0,0.0,-10.356636228199806,0.0,0.0,0.0,0.0,0.0,-289.49138468357165,1.7261060380333006,0.0,0.0,0.0,0.0,0.0,0.0,-1.7261060380333006,0.0,0.0,0.0,0.0,0.0,0.0,0.0,182.69261397915093,0.0,0.0,71.26417456139532,89.0955758478668,0.0,39.99880600259837,1.3998328510909648,0.0,-137.38487616457223,711.3734472101318,-573.9885710455595,10.99148545672415,-42.11698732801254,0.0,1.7261060380333006,1000.0,0.0,0.0,0.0,-312.2251844379282,0.0,0.0,0.0,0.0,0.0,0.0,0.0,0.0,0.0,717.748000963662,0.0,42.11698732801254,0.0,0.0,0.0,0.0,0.0,0.0,0.0,0.0,0.0,1.1116122884940296,0.0,0.0,297.25886185472154,-2.783962452770852,0.0,0.0,10.356636228199806,122.6235751207827,0.0,0.0,0.0,-42.33006278277048,0.0,0.0,0.037974332836828086,0.0,0.0,0.0,21.05849366400627,0.0,0.0,0.0,0.0,-29.191151695733595,0.0,0.0,0.0,0.0,0.0,0.0,0.0,0.0,0.0,0.0,0.0034522120760666014,0.0034522120760666014,0.0,0.0,0.0,0.0,0.0,0.0,0.0,0.0,0.0,0.0,0.0,0.0,0.0,0.0,0.0,289.49138468357165,0.0,0.0,0.0,0.0,0.0,0.0,0.0,0.0,0.0,0.0,0.0,245.2471502415654,1000.0,0.0,0.0,0.0,0.0,0.0,20.71327245639961,0.0,0.0,0.0,0.0,0.0,979.2867275436004,-1000.0,0.0,245.2471502415654,0.0,0.0,0.0,0.0,0.0,0.0,0.0,0.0,0.0,0.0,462.4111957039262,-1000.0,23.647652721056225,-10.356636228199806,0.0,0.0,999.8619115169572,0.0,0.0,0.0,0.0,0.0,0.0,0.0,0.0,0.0,0.0,0.0,0.0,0.0,0.0,0.0,0.0,0.0,-4.315265095083252,182.69261397915093,-2.5891590570499514,-2.5891590570499496,0.0,0.0,0.0,0.0,0.0,-0.4315265095083253,0.0,77.96951965308693,0.0,0.0,0.0,0.0,0.0,0.0,0.0,779.2062703143018,10.356636228199806,10.356636228199806,0.0,0.0,0.0,0.0,0.0,0.037974332836828086,289.49138468357165,0.0,0.0,-999.8619115169572,0.0,0.0,0.0,0.0,0.0,0.0,0.0,0.0,0.0,0.0,0.0,0.0,0.0,0.0,0.0,0.0,0.0,10.701857435806465,0.0,36.24822679869932,125.28177841935398,0.0,0.0,0.0,0.0,0.0,289.49138468357165,0.0,0.0,0.0,0.0,0.0,-4.315265095083252,0.0,0.0,0.0,0.0,0.0,0.0,0.0,0.0,0.0,0.0,0.0,0.0,0.0,0.0,0.0,0.0,0.0,0.0,-0.03452212076066601,0.0,0.0,1.7261060380333006,62.691001062539584,0.0,0.0,0.0,0.0,182.69261397915093,0.0,0.0,0.0,2.972354597493439,0.8630530190166503,0.0,0.0,0.0,0.03452212076066601,0.0,34.52212076066601,0.0,6.904424152133203,0.24658657686190008,117.72043179387113,-0.025891590570499508,1.7261060380333006,0.6904424152133203,-0.1726106038034591,-117.72043179387113,10.356636228199804,-0.03452212076066601,4.066313899463838,0.0,0.008630530190166503,0.24658657686190008,-12.198941698391513,-128.11949674588138,-0.6904424152133203,-99.99200108016441,-0.03452212076066601,0.008630530190166503,-117.72043179387113,3.4522120760666013,0.03452212076066601,0.03452212076066601,-289.4188882299742,-122.58560078794596,-1.5511299776678964,-0.025891590570499508,10.356636228199806,0.03452212076066601,10.356636228199804,-17.261060380333006,-0.017261060380333006,21.89565981335672,-35.13445133831611,-0.025891590570499508,-0.03452212076066601,0.0,0.03452212076066601,3.4522120760666013,-0.6904424152133203,214.34033112063977,214.34033112063977,-3.4522120760666013,99.99200108016441,-214.34033112063977,6.904424152133203,0.051783181140999016,-1000.0,3.4522120760666013,-178.84232991996953,0.0,-6.904424152133203,0.017261060380333006,0.3452212076066602,107.84632751862901,96.0,-0.03452212076066601,-297.25886185472154,289.4188882299742,10.701857435806465,0.03452212076066601,128.11949674588138,-41.426544912799216,0.0,-0.03452212076066601,-0.008630530190166503,0.0,-0.03452212076066601,-39.5477879239334,0.034522120760704524,-0.008630530190166503,-0.008630530190166503,-0.008630530190166503,13.808848304266405,17.261060380333006,0.3452212076066602,25.576576218558596,-0.008630530190166503,211.62634113779418,1.7261060380333006,21.5,0.03452212076066601,0.017261060380333006,0.017261060380333006,3.4522120760666013,0.0,0.03452212076066601,0.0,0.3452212076066602,0.03452212076066601,-25.576576218558596,0.03452212076066601,0.1380884830427931,0.1726106038034591,0.017261060380333006,0.008630530190166503,10.356636228199806,-0.03452212076066601,1.5511299776678964,0.34522120760666014,-51.15315243711719,0.8630530190166508,-3.4522120760666013,6.904424152133203,1.7261060380333006,-0.03452212076066601,12.198941698391513,0.051783181140999016,-0.03452212076066601,-6.904424152133203,0.0,106.41554654984908,0.017261060380333006,-43.0,-0.03452212076066601,-0.034522120760704524,-0.03452212076066601,0.017261060380333006,117.72043179387113,-6.904424152133203,0.03452212076066601,215.69265503725802,-0.008630530190166503,122.58560078794596,-215.69265503725802,5.178318114099902,35.13445133831611,643.9329716221221,117.72043179387113,-0.025891590570499508,297.25886185472154,-96.0,0.03452212076066601,-0.008630530190166501,1.7261060380333006,34.52212076066601,-0.017261060380333006,-0.03452212076066601,0.008630530190166503,0.0,0.0,541.8358496792495,0.0,-46.0,0.0,250.2769505871072,0.6368939822801504,0.0,83.6787739773061,-93.0,-46.903230154731574,-458.14688926037024,-41.83938698865305,23.0,46.5,0.0,-0.3184469911400752,-289.49138468357165,-64.0854837670786,458.14688926037024,46.903230154731574,-64.0854837670786,-250.2769505871072,144.1256417119199,0.0,1496.5981,hclb
1,0.0,0.0,0.0,0.0,0.0,0.0,0.0,0.0,-0.04978972088402995,0.0,0.0,0.0,0.0,0.0,0.0,0.0,0.0,121.29523949690262,0.0,0.0,0.0,0.0,0.0,456.1119775609551,0.0,0.0,0.0,0.0,0.0,0.0,0.0,0.0,15.672699005849502,0.0,0.0,0.0,0.0,470.76410106943445,0.0,-1000.0,1000.0,0.0,0.0,0.0,0.0,0.0,0.0,0.0,0.0,-376.2961574439886,0.0,0.0,0.0,0.054768692972501754,0.0,0.0,0.0,9.95794417680599,0.0,0.0,100.25649409984618,0.0,213.66743245725672,0.0,0.0,0.0,0.0,0.0,0.0,0.0,0.0,0.4978972088402996,0.0,0.0,0.0,0.0,0.0,0.0,0.0,0.0,0.0,0.0,410.52330252277187,0.0,29.87383253041797,0.0,0.0,236.29206547888438,-385.4503318896222,815.923996808237,-0.012447430221007487,0.0,0.0,-392.82983443968004,14.936916265208986,0.0,14.936916265208986,0.0,0.0,0.0,410.52330252277187,974.0627459465753,0.0,0.0,0.0,-14.226948162613368,0.0,0.0,0.0,0.0,0.0,0.0,0.0,0.0,0.0,0.0,0.0,0.0,0.0,0.0,0.0,0.0,0.0,0.0,-1000.0,0.0,0.0,14.936916265208986,0.0,15.434813474049287,15.434813474049287,0.0,-39.980861908622614,-460.0191380913774,500.00000000000006,-500.00000000000006,0.0,0.0,0.0,-313.9239265571029,0.0,0.0,0.0,0.0,0.0,-406.68949401470155,0.04978972088402995,0.0,0.0,0.0,0.0,-377.92602165052955,0.0,0.0,186.77841594326773,0.0,-66.37478501873359,0.0,0.0,0.0,0.0,0.0,281.74347475700654,281.74347475700654,0.0,0.0,0.0,0.0,0.0,0.0,0.0,281.79326447789055,0.0,0.0,0.0,-15.562983201814347,0.0,0.0,0.0,0.0,0.0,0.0,0.0,0.0,0.0,0.0,-360.38036312645687,0.0,0.0,0.0,0.0,-1000.0,0.0,0.0,0.0,0.0,0.0,376.2961574439886,0.0,114.99682598198176,-114.99682598198176,279.3175201651682,0.0,0.0,0.0,0.0,0.0,0.0,0.0,-573.2556376367802,0.0,0.0,0.0,0.0,0.0,0.0,0.0,0.0,0.0,0.0,0.0,0.0,0.0,161.40091274168037,354.84191000414154,0.0,0.0,0.0,0.0,34.606406391934684,79.97123819071298,0.0,0.0,0.0,0.0,100.25649409984618,0.0,0.0,0.0,0.0,0.0,0.0,0.0,0.0,0.0,224.61380595265683,0.0,0.0,0.0,500.44715787160396,0.0,351.2888914608661,0.0,0.0,0.0,0.0,313.9239265571029,-465.02433759919643,0.0,0.0,0.0,78.48879583319723,0.0,0.0,-353.32615011841574,0.0,1000.0,-853.326150118417,500.00000000000125,499.99999999999875,-270.45350590764053,0.0,0.0,376.2961574439886,0.0,-189.50581014133905,0.0,0.0,0.0,-573.1699776574767,0.0,573.1699776574767,0.0,281.6936850361225,0.0,34.606406391934684,164.63600699616774,0.0,0.0,0.0,100.25649409984618,-0.07468458132604493,0.0,0.0,0.0,0.0,0.04978972088402995,0.0,0.0,0.0,401.16051942625296,0.0,0.0,-299.957246051087,235.3355717224691,0.0,977.6914225306224,0.0,504.2868949681151,0.0,-14.226948162613368,0.0,0.0,0.0,-4.286894968115047,-500.00000000000006,0.0,-20.712417121390445,-1000.0,0.0,0.0,0.0,0.0,0.0,0.0,0.0,0.0,0.0,0.0,0.0,0.0,0.0,0.0,0.0,0.0,0.0,-529.036740047029,0.0,-1000.0,0.0,0.0,223.01057694018795,0.0,0.0,0.0,182.07568806204472,0.0,0.0,0.0,0.0,971.5732599023738,0.0,0.0,11.723884004612046,0.0,500.00000000000006,0.0,70.776088236649,-67.04185917034634,0.0,0.0,-500.00000000000045,0.0,-1.2447430221007487,-73.2655742808505,0.0,0.0,0.0,366.35147092701,-660.2111716888253,14.936916265208986,0.0,0.0,0.0,316.8937758393718,0.0,0.0,664.9173041105793,503.5163913688989,-503.5163913688989,-503.5163913688989,-219.62477185356445,0.0,0.0,0.0,0.0,0.0,0.0,0.0,0.0,-113.41093835741054,0.0,-500.00000000000045,37.245493734586596,0.0,0.0,0.0,0.0,-38.021027911597,0.09957944176809315,0.0,0.0,0.0,0.0,0.0,0.0,0.0,0.0,0.0,0.0,0.0,0.0,0.0,0.0,0.0,0.0,0.0,0.0,0.0,0.054768692972501754,0.054768692972501754,0.0,247.44296856487438,0.0,29.87383253041797,0.0,174.98920470309147,0.0,25.17387404725631,0.0,0.0,0.0,0.0,0.0,85.54284792843225,-25.17387404725631,0.0,0.0,0.0,0.0,0.0,37.245493734586596,0.0,0.0,0.0,0.0,0.0,0.0,0.0,333.3333333333333,-401.16051942625296,377.92602165052955,0.0,3.833808508070304,0.0,0.0,-392.82983443968004,-752.1185927955612,0.0,85.54284792843225,0.0,47.52182001683525,0.0,0.0,0.0,161.40091274168037,0.0,0.0,0.0,0.0,0.0,0.0,0.0,0.0,0.0,0.0,0.0,0.0,0.0,29.87383253041797,313.9239265571029,313.9239265571029,0.0,0.0,0.0,0.0,0.0,0.0,0.0,0.0,0.0,0.0,0.4978972088402996,0.0,0.0,0.0,0.0,0.0,0.0,0.0,0.0,14.936916265208986,0.0,0.0,0.0,0.0,0.0,0.0,0.0,0.0,0.0,0.0,0.0,0.0,0.0,14.936916265208986,14.936916265208986,1000.0,-25.17387404725631,0.0,37.245493734586596,0.0,0.0,0.0,0.0,0.0,-4.461456926548806,0.0,293.9682761952929,0.04978972088402995,0.0,0.0,-499.9999999999992,504.01518534843274,0.0,0.0,392.82983443968004,0.0,0.0,0.0,0.0,0.0,0.0,0.0,0.0,0.0,0.0,0.0,0.0,0.0,0.0,0.04978972088402995,0.0,0.0,0.0,-347.1519423152371,347.1519423152371,0.0,0.0,0.0,0.0,0.0,405.08626500223266,-186.77841594326773,0.0,-470.96325995297104,-3.7342290663022464,-2.4894860442014997,0.0,0.0,0.0,0.0,0.0,0.0,0.0,0.0,0.0,0.0,0.0,0.0,313.9239265571029,0.0,0.0,0.0,-657.7216856446238,0.0,0.0,0.0,-0.04978972088402995,0.0,0.0,0.04978972088402995,0.0,0.04978972088402995,0.0,0.0,0.0,29.87383253041797,60.74345947851654,60.74345947851654,0.0,0.0,0.0,0.0,0.0,0.0,0.0,377.92602165052955,0.0,0.0,0.0,0.0,0.0,0.0,0.0,0.0,0.0,0.0,0.0,0.0,0.0,0.0,0.0,0.0,0.0,0.0,0.0,359.2887583558812,0.0,-263.88436861258526,263.88436861258526,0.07468458132604493,0.0,0.0,0.0,-14.936916265208986,0.0,0.0,0.0,0.0,0.0,-247.44296856487438,2.4894860442014974,0.0,0.0,0.0,0.0,0.0,-182.07568806204472,0.0,0.0,-500.00000000000045,0.0,0.0,0.0,0.0,0.0,313.9239265571029,0.0,0.0,0.0,86.042055823194,0.0,432.96807747372355,-14.226948162613368,0.0,0.0,0.0,0.0,186.77841594326773,-525.767797077713,174.98920470309147,2.4894860442014997,775.6176438640332,0.0,0.0,0.0,-113.41093835741054,500.00000000000045,-500.00000000000045,0.0,0.0,0.0,0.0,0.0,0.0,0.0,352.9119049938524,0.0,60.74345947851654,0.0,0.0,0.0,0.0,0.0,0.0,0.0,0.0,0.0,224.61380595265683,0.0,0.0,258.6456557637811,-4.015185348433557,0.0,0.0,14.936916265208986,0.0,0.0,0.0,0.0,-160.72492145273878,0.0,0.0,0.054768692972501754,0.0,0.0,0.0,30.37172973925827,0.0,0.0,0.0,0.0,354.84191000414154,0.0,0.0,0.0,0.0,0.0,0.0,0.0,0.0,48.10019997281432,0.0,493.70825759422416,0.004978972088402995,0.0,0.0,0.0,0.0,0.0,0.0,0.0,0.0,0.0,-499.9999999999992,0.0,0.0,0.0,0.0,0.0,247.44296856487438,0.0,0.0,0.0,0.0,0.0,0.0,0.0,376.2961574439886,0.0,0.0,0.0,0.0,0.0,0.0,121.29523949690262,0.0,0.0,0.0,29.87383253041797,0.0,0.0,0.0,0.0,0.0,-29.87383253041797,0.0,0.0,0.0,0.0,0.0,0.0,0.0,0.0,0.0,0.0,0.0,0.0,0.0,-293.9682761952929,-25.17387404793925,34.10595880556052,0.0,-14.936916265208986,0.0,470.76410106943445,0.0,0.0,0.0,0.0,0.0,0.0,0.0,0.0,0.0,500.0,0.0,-500.00000000000006,-500.0,0.0,0.0,0.0,174.98920470309147,-6.223715110503746,313.9239265571029,-975.3074889686761,-3.7342290663022437,0.0,0.0,0.0,0.0,0.0,-0.6223715110503745,0.0,300.18935430067825,0.0,0.0,0.0,0.0,0.0,0.0,0.0,1000.0,14.936916265208986,14.936916265208986,0.0,0.0,0.0,0.0,0.0,0.054768692972501754,247.44296856487438,0.0,0.0,-470.76410106943445,493.70327862213577,0.0,0.0,0.0,0.0,0.0,0.0,0.0,0.0,0.0,0.0,0.0,0.0,0.0,131.94218430629263,0.0,0.0,15.434813474049287,0.0,52.279206928231446,0.0,0.0,3.833808508070304,0.0,0.0,0.0,247.44296856487438,0.0,402.59677895803117,0.0,0.0,0.0,-6.223715110503746,0.0,0.0,0.0,0.0,0.0,0.0,0.0,0.0,0.0,0.0,0.0,0.0,0.0,0.0,0.0,0.0,0.0,0.0,-0.04978972088402995,0.0,0.0,2.4894860442014974,-85.54284792843225,0.0,0.0,0.0,0.0,313.9239265571029,0.0,0.0,0.0,4.286894968115047,1.2447430221007487,0.0,0.0,0.0,0.04978972088402995,0.0,49.78972088402995,0.0,9.95794417680599,0.3556408634573568,169.78294821454216,-0.037342290663022464,488.2761159953884,0.9957944176805991,-0.24894860442062733,-169.78294821454216,14.936916265208986,-0.04978972088402995,4.742316054204456,37.245493734586596,0.012447430221007487,0.3556408634573568,-14.226948162613368,-7.926523564740705,-0.9957944176805991,-121.29523949690262,-0.04978972088402995,0.012447430221007487,-169.78294821454216,4.978972088402995,0.04978972088402995,0.04978972088402995,-247.33841015101783,0.05476869297242499,-25.239830592219775,-0.037342290663022464,14.936916265208986,0.04978972088402995,14.936916265208986,-24.894860442014974,-0.024894860442014975,120.0685119361801,-85.0,-0.037342290663022464,-0.04978972088402995,0.0,0.04978972088402995,4.978972088402995,-0.9957944176805991,359.2887583558812,359.2887583558812,-4.978972088402995,121.29523949690262,-359.2887583558812,9.95794417680599,0.07468458132604493,-1000.0,4.978972088402995,-333.3333333333333,37.245493734586596,-9.95794417680599,0.024894860442014975,0.4978972088402996,74.98931151277175,96.0,-0.04978972088402995,-258.6456557637811,247.33841015101783,15.434813474049287,0.04978972088402995,7.926523564740705,-22.50217132624942,37.245493734586596,-0.04978972088402995,-0.012447430221007487,-37.245493734586596,-0.04978972088402995,-38.021027911597,0.04978972088402995,-0.012447430221007487,-0.012447430221007487,-0.012447430221007487,19.91588835361198,24.894860442014974,0.4978972088402996,194.5890366376105,-0.012447430221007487,145.23630697133905,2.4894860442014974,21.5,0.04978972088402995,0.024894860442014975,0.024894860442014975,6.29851575972895,0.0,0.04978972088402995,0.0,0.4978972088402996,0.04978972088402993,-509.9911909929175,0.04978972088402995,0.19915888353661293,0.24894860442062733,0.024894860442014975,0.012447430221007487,14.936916265208986,-0.04978972088402995,25.239830592219775,0.49789720884029953,-389.178073275221,487.03137297328766,-4.978972088402995,9.95794417680599,2.4894860442014974,-0.04978972088402995,14.226948162613368,0.07468458132604493,-0.04978972088402993,-12.5970315194579,0.0,405.39804354355647,0.024894860442014975,-43.0,-0.04978972088402995,-0.04978972088402995,-0.04978972088402995,0.024894860442014975,169.78294821454216,-9.95794417680599,0.04978972088402995,149.9786230255435,-0.012447430221007487,-0.05476869297242499,-149.9786230255435,7.468458132604492,85.0,694.6996969799434,169.78294821454216,-0.037342290663022464,258.6456557637811,-96.0,0.04978972088402995,-0.012447430221007489,2.4894860442014997,49.78972088402995,-0.024894860442014975,-0.04978972088402995,0.012447430221007487,0.0,0.0,454.5046142389615,315.402154355307,-46.0,0.0,400.6283956895897,-31.0,0.0,-32.0,-93.0,-65.0,-545.4704909005965,16.0,23.0,46.5,0.0,15.5,-247.44296856487438,-244.67312209081769,545.4704909005965,65.0,-244.67312209081769,-400.6283956895897,209.07579746371806,0.0,1496.5981,hclb
2,0.0,0.0,0.0,0.0,0.0,0.0,0.0,0.0,-0.017278668313005098,0.0,0.0,0.0,0.0,0.0,0.0,0.0,0.0,-499.0,0.0,787.3008353980699,0.0,0.0,0.0,0.0,0.0,0.0,0.0,0.0,0.0,879.8300903251334,19.768689224290483,-19.768689224290483,18.225592511654796,0.0,0.0,0.0,0.0,970.317681006579,0.0,-1000.0,1000.0,0.0,0.0,0.0,0.0,0.0,0.0,27.60202394947953,-1000.0,-480.54954036625253,0.0,-500.00000000000006,0.0,0.019006535144322698,0.0,0.0,0.0,31.05775761208055,0.0,0.0,-99.12549200571777,0.0,259.8381129105259,0.0,0.0,0.0,0.0,0.0,542.7656555176678,182.9040213088308,0.0,0.172786683130051,0.0,0.0,0.0,0.0,0.0,0.0,0.0,0.0,0.0,0.0,0.0,0.0,10.367200987803061,0.0,144.5851278431251,759.33169557866,-598.9814753658504,1000.0,496.3576114485876,0.0,0.0,553.5850827801601,5.1836004939015305,0.0,5.1836004939015305,-20.325062343969055,0.0,0.0,0.0,0.8639334156502549,485.4477244626635,0.0,0.0,-12.392548918627774,409.04827789164835,0.0,0.0,0.0,0.0,0.0,0.0,0.0,0.0,0.0,0.0,0.0,0.0,0.0,0.0,0.0,0.0,0.0,-364.9095525805875,0.0,0.0,5.1836004939015305,0.0,5.356387177031581,0.0,0.0,500.00000000000006,0.0,-500.00000000000006,500.00000000000006,0.0,0.0,0.0,-160.71262090480815,0.0,0.0,0.0,0.0,0.0,145.9155853032265,0.017278668313005098,496.36193111566587,0.0,0.0,-1000.0,-26.330493671716454,0.0,0.0,0.0,0.0,151.2742529971931,0.0,0.0,0.0,0.0,0.0,-203.16897018625878,-203.16897018625878,0.0,0.0,0.0,0.0,81.12239560618656,0.0,0.0,-183.3830022936553,0.0,0.0,0.0,577.6493602761539,0.0,0.0,0.0,0.0,0.0,0.0,0.0,0.0,0.0,0.0,-1000.0,0.0,0.0,0.0,0.0,-1000.0,0.0,0.0,0.0,0.0,0.0,480.54954036625253,500.00000000000006,-28.969139819409946,28.969139819409946,0.0,0.0,0.0,0.0,0.0,0.0,0.0,394.38236586246995,-323.33335142165856,0.0,0.0,0.0,0.0,0.0,0.0,0.0,0.0,0.0,0.0,0.0,0.0,0.0,307.4615512237003,615.9063109483689,-379.8300903251334,0.0,0.0,0.0,160.71262090480815,0.0,0.0,0.0,0.0,0.0,-99.12549200571777,-379.8300903251334,19.768689224290483,0.0,0.0,0.0,0.0,0.0,0.0,0.0,0.0,0.0,0.0,0.0,999.9740819975304,429.96174645109005,230.36255575924997,0.0,379.8300903251334,0.0,0.0,160.71262090480815,-21.531113392217005,0.0,0.0,0.0,-87.81603363013511,0.0,0.0,-827.8347249548189,0.0,0.0,-827.8347249548187,0.0,0.0,-627.9506151852604,0.0,0.0,480.54954036625253,0.0,48.20748459328423,0.0,0.0,0.0,-377.00981253702855,0.0,377.00981253702855,0.0,-617.1729431596566,0.0,160.71262090480815,-399.1403096226115,0.0,0.0,0.0,-99.12549200571777,-0.02591800246950765,0.0,0.0,0.0,0.0,0.017278668313005098,0.0,0.0,0.0,994.8163995060985,0.0,0.0,-491.32934006793744,809.2902850425799,0.0,884.1449917120999,0.0,0.0,0.0,-12.392548918627774,0.0,0.0,0.0,494.8742377739161,-478.8846486591232,-15.98958911479292,-1000.0,-1000.0,0.0,0.0,0.0,0.0,0.0,0.0,0.0,0.0,0.0,0.0,0.0,0.0,0.0,0.0,0.0,0.0,0.0,-29.613204320169004,0.0,-1000.0,0.0,0.0,0.0,0.0,0.0,0.0,-126.14689607893601,0.0,0.0,0.0,496.36193111566564,0.0,0.0,0.0,-500.86305301901666,-0.6807177972835081,-63.88100685854465,0.0,0.0,0.0,-1000.0,0.0,499.9991196033664,-930.5034259397286,0.24875108945838065,-0.8639334156502549,0.0,0.0,0.0,0.0,999.1360665843497,5.1836004939015305,500.00000000000045,-500.00000000000045,0.0,0.0,0.0,0.0,0.0,-307.4615512237003,307.4615512237003,307.4615512237003,101.93681525602676,0.0,0.0,0.0,0.0,0.0,394.38236586246995,0.0,0.0,-69.79334922999348,0.0,0.0,121.03860878180159,0.0,0.0,0.0,0.0,-6.559505325600753,0.03455733662622151,0.0,0.0,0.0,0.0,0.0,0.0,0.0,0.0,0.0,725.6696768264986,0.0,0.0,0.0,0.0,0.0,0.0,0.0,0.0,0.0,0.019006535144322698,0.019006535144322698,19.768689224290483,400.0058175610993,0.0,10.367200987803061,0.0,0.0,0.0,1000.0,0.0,0.0,144.5851278431251,0.0,0.0,313.7478844611991,-1000.0,0.0,0.0,0.0,0.0,0.0,121.03860878180159,0.0,0.0,0.0,0.0,0.0,0.0,0.0,121.6365175268625,-994.8163995060985,617.2822157800681,0.0,145.9155853032265,0.0,-446.41491721983994,1000.0,1000.0,0.0,313.7478844611991,0.0,307.1883791355983,0.0,0.0,0.0,307.4615512237003,0.0,0.0,0.0,0.0,0.0,0.0,0.0,0.0,0.0,0.0,0.0,0.0,0.0,10.367200987803061,160.71262090480815,160.71262090480815,0.0,0.0,0.0,0.0,0.0,0.0,0.0,0.0,0.0,0.0,0.172786683130051,0.0,19.768689224290483,144.5851278431251,-144.5851278431251,19.768689224290483,500.00000000000006,0.0,0.0,5.1836004939015305,0.0,0.0,0.0,0.0,0.0,0.0,0.0,0.0,0.0,0.0,0.0,-194.92391028424765,0.0,5.1836004939015305,5.18360049390153,1000.0,-1000.0,0.0,121.03860878180159,0.0,0.0,0.0,0.0,0.0,-485.4477244626635,394.38236586246995,-311.2485329748332,0.017278668313005098,0.0,0.0,0.0,22.81894988851081,0.0,0.0,-553.5850827801601,0.0,0.0,0.0,0.0,0.0,0.0,0.0,0.0,0.0,0.0,0.0,0.0,0.0,0.0,0.017278668313005098,0.0,0.0,0.0,0.0,0.0,0.0,0.0,0.0,0.0,-146.47195842290506,20.325062343969023,0.0,0.0,-970.386795679831,-1.2959001234753826,0.0,-0.8639334156502549,0.0,-500.00000000000006,-500.0,500.00000000000006,0.0,0.0,0.0,0.0,0.0,0.0,0.0,160.71262090480815,0.0,0.0,0.0,1000.0,0.0,0.0,0.0,-0.017278668313005098,0.0,0.0,0.017278668313005098,0.0,0.017278668313005098,0.0,0.0,0.0,10.367200987803061,21.079975341866223,21.079975341866223,0.0,0.0,0.0,0.0,0.0,0.0,0.0,617.2822157800681,0.0,394.38236586246995,0.0,0.0,0.0,496.36193111566587,0.0,0.0,0.0,0.0,0.0,0.0,0.0,0.0,0.0,0.0,0.0,0.0,0.0,0.0,0.0,0.0,0.0,0.02591800246950765,0.0,0.0,0.0,-5.1836004939015305,0.0,0.0,0.0,0.0,0.0,-400.0058175610993,0.8639334156502549,0.0,0.0,0.0,0.0,-81.12239560618656,479.674937656031,-0.8639334156502549,0.0,0.0,0.0,0.0,0.0,0.0,0.0,160.71262090480815,0.0,0.0,606.5960086266525,92.54426633739898,0.0,678.8264821174671,-12.392548918627774,0.0,500.00000000000006,0.0,-500.00000000000006,0.0,-42.611088734083225,0.0,0.8639334156503082,1000.0,0.0,211.74040010845093,-19.768689224290483,-358.96360491624364,0.0,0.0,0.0,0.0,0.0,0.0,0.0,0.0,0.0,1000.0,-2.5918002469509513,21.079975341866223,0.0,0.0,0.0,19.768689224290483,0.0,0.0,0.0,0.0,0.0,0.0,0.0,0.0,401.3017176845747,-748.4886267150094,0.0,0.0,5.1836004939015305,144.5851278431251,0.0,0.0,0.0,-45.72148050669681,0.0,0.0,0.019006535144322698,0.0,0.0,0.0,10.539987670933112,0.0,0.0,0.0,0.0,615.9063109483689,0.0,409.04827789164835,0.0,0.0,0.0,0.0,0.0,0.0,0.0,0.0,0.00172786683130051,0.00172786683130051,0.0,0.0,0.0,0.0,0.0,0.0,0.0,0.0,0.0,0.0,19.768689224290483,0.0,0.0,0.0,0.0,400.0058175610993,0.0,0.0,0.0,0.0,0.0,0.0,0.0,480.54954036625253,0.0,0.0,0.0,289.1702556862502,0.0,287.3008353980699,-499.0,0.0,0.0,0.0,10.367200987803074,0.0,0.0,0.0,0.0,0.0,474.7064475065909,-485.073648494394,0.0,289.1702556862502,0.0,0.0,0.0,0.0,0.0,0.0,0.0,19.768689224290483,19.768689224290483,0.0,311.2485329748332,-1000.0,508.1978189100744,-5.1836004939015305,0.0,0.0,970.317681006579,0.0,0.0,0.0,0.0,0.0,0.0,0.0,0.0,0.0,0.0,0.0,0.0,0.0,0.0,0.0,0.0,0.0,-2.1598335391256374,160.71262090480815,-1.2959001234753826,497.6578312391413,0.0,0.0,0.0,0.0,0.0,-0.2159833539125638,0.0,69.79334922999348,0.0,0.0,0.0,0.0,0.0,0.0,0.0,1000.0,5.18360049390153,5.1836004939015305,0.0,0.0,0.0,0.0,0.0,0.019006535144322698,400.0058175610993,0.0,0.0,-970.317681006579,0.0,0.0,0.0,0.0,0.0,0.0,0.0,0.0,0.0,0.0,0.0,0.0,0.0,0.0,0.0,0.0,0.0,0.0,0.0,18.142601728655357,145.9155853032265,0.0,0.0,0.0,0.0,0.0,400.0058175610993,0.0,-500.00000000000006,0.0,0.0,0.0,-2.1598335391256374,0.0,0.0,0.0,0.0,0.0,0.0,0.0,0.0,0.0,0.0,0.0,0.0,0.0,0.0,0.0,0.0,0.0,0.0,-0.017278668313005098,0.0,0.0,0.8639334156502549,-313.7478844611991,0.0,0.0,0.0,0.0,160.71262090480815,0.0,0.0,0.0,-494.8742377739161,0.43196670782512747,0.0,0.0,0.0,0.017278668313005098,0.0,17.2786683130051,-5.356387177031581,3.4557336626010198,0.12341905937860785,48.20748459328423,-0.012959001234753825,0.8639334156502514,0.345573366260102,-0.08639334156494272,-48.20748459328423,5.18360049390153,-0.017278668313005098,4.130849639542592,121.03860878180159,0.0043196670782512745,0.12341905937860785,-12.392548918627774,-147.3358918385553,19.423115858030382,-288.3008353980699,-0.017278668313005098,0.0043196670782512745,-48.20748459328423,1.7278668313005099,0.017278668313005098,0.017278668313005098,-399.969532357642,-144.56612130798078,0.0,-0.012959001234753825,5.1836004939015305,0.017278668313005098,5.1836004939015305,-8.63933415650255,-0.008639334156502549,-126.48915515993754,-1.745145499613514,-0.012959001234753825,-0.017278668313005098,-5.356387177031581,0.017278668313005098,1.7278668313005028,-0.345573366260102,0.0,0.0,-1.7278668313005099,288.3008353980699,0.0,3.4557336626010198,0.02591800246950765,-895.7463023130939,1.7278668313005099,-121.6365175268625,121.03860878180159,-3.4557336626010198,0.008639334156502549,0.172786683130051,122.83233501698436,96.0,-0.017278668313005098,-403.89351793152565,399.969532357642,5.356387177031581,0.017278668313005098,147.3358918385553,100.30420680619528,121.03860878180159,-0.017278668313005098,-0.0043196670782512745,-121.03860878180159,-0.017278668313005098,-415.6077832172491,0.01727866831289141,-0.0043196670782512745,-0.0043196670782512745,-0.0043196670782512745,6.9114673252020395,8.63933415650255,0.172786683130051,12.801333386398026,-0.0043196670782512745,241.53382039442613,0.8639334156502549,4.1436860784506315,0.017278668313005098,0.008639334156502549,0.008639334156502549,-18.10913923020278,5.356387177031581,0.017278668313005098,-5.356387177031581,0.172786683130051,0.017278668313005098,-12.801333386398026,0.017278668313005098,0.06911467325193144,0.08639334156494272,0.008639334156502549,0.0043196670782512745,5.1836004939015305,-0.017278668313005098,0.0,-9.711557929015191,-25.602666772796052,0.43196670782513125,-1.7278668313005028,3.4557336626010198,0.8639334156502549,-0.017278668313005098,12.392548918627774,0.02591800246950765,-0.017278668313005098,36.21827846040556,5.356387177031581,192.46708479604763,0.008639334156502549,-8.287372156901263,-0.017278668313005098,-0.01727866831289141,-0.017278668313005098,0.008639334156502549,48.20748459328423,-3.4557336626010198,0.017278668313005098,245.66467003396872,-0.0043196670782512745,144.56612130798078,-245.66467003396872,2.591800246950765,1.745145499613515,343.8811798257074,48.20748459328423,-0.012959001234753825,403.89351793152565,-96.0,0.017278668313005098,-0.0043196670782512745,497.2258645313159,17.2786683130051,-0.008639334156502549,-0.017278668313005098,0.0043196670782512745,822.1371314603855,0.0,523.6882781641978,0.0,-46.0,0.0,377.18222172642913,-31.0,0.0,-32.0,-93.0,-65.0,-372.0493848147396,16.0,23.0,46.5,0.0,15.5,-400.0058175610993,-146.7456042893508,372.0493848147396,65.0,-146.7456042893508,-377.18222172642913,137.57507404446667,0.0,1496.5981,hclb
3,0.0,0.0,0.0,0.0,0.0,0.0,0.0,0.0,-0.062245629705551114,0.0,0.0,0.0,0.0,0.0,0.0,0.0,-393.69367237026586,670.3069303391986,0.0,-449.103991460998,0.0,0.0,0.0,93.42078242786054,0.0,0.0,0.0,0.0,0.0,-645.9544975109179,0.0,0.0,29.624371583507372,0.0,0.0,0.0,0.0,989.0987153842344,0.0,-1000.0,1000.0,0.0,-414.4996694865648,415.07714846510584,0.0,0.0,499.9999999999996,85.50615061208345,210.07135192951313,-339.9427176521276,0.0,0.0,0.0,0.06847019267605721,0.0,0.0,0.0,97.95527655319367,0.0,0.0,-5.481765122735624,0.0,918.5785666364922,913.0968015137565,0.0,0.0,0.0,0.0,0.0,0.0,0.0,0.6224562970555112,0.0,0.0,0.0,0.0,0.0,0.0,0.0,499.1617542597405,0.0,0.0,0.0,0.0,37.347377823330675,0.0,0.0,-1000.0,511.13158694868736,786.0235364040144,-0.015561407426387779,0.0,0.0,-107.8202062012679,18.673688911665337,0.0,18.673688911665337,0.0,0.0,0.0,0.0,488.0606656962102,-1000.0,0.0,0.0,0.0,0.0,0.0,0.0,0.0,0.0,0.0,0.0,0.0,0.0,0.0,0.0,0.0,0.0,0.0,0.0,0.0,0.0,0.0,-366.98851385065797,0.0,0.0,18.673688911665337,0.0,19.296145208720848,5.428318439704398,0.0,0.0,0.0,0.0,0.0,0.0,0.0,0.0,0.0,0.0,0.0,0.0,0.0,0.0,4.792913487327436,0.062245629705551114,0.0,0.0,0.0,0.0,-856.8041393213823,0.0,0.0,0.0,0.0,447.08913304701423,0.0,0.0,0.0,0.0,0.0,-180.5304094575431,-180.5304094575431,0.0,0.0,0.0,500.0,0.0,0.0,0.0,-180.46816382783754,0.0,0.0,0.0,-402.85190919189023,-249.99999999999937,0.0,0.0,0.0,0.0,0.0,0.0,0.0,0.0,0.0,-1000.0,0.0,0.0,0.0,0.0,-893.6673895934902,0.0,0.0,0.0,0.0,0.0,339.9427176521276,414.4996694865648,-511.13158694868736,511.13158694868736,0.0,0.0,0.0,0.0,0.0,0.0,0.0,354.045502489082,-107.8202062012679,0.0,0.0,0.0,0.0,0.0,0.0,0.0,0.0,0.0,0.0,0.0,0.0,0.0,331.2234312171217,871.2102489087927,415.07714846510584,0.0,0.0,0.0,0.0,0.0,0.0,0.0,0.0,0.0,-5.481765122735624,0.0,0.0,0.0,0.0,0.0,0.0,0.0,0.0,0.0,105.5588888024771,0.0,0.0,0.0,392.2364955891901,1000.0,-886.5605655326094,0.0,-415.07714846510584,0.0,0.0,0.0,75.93966824077236,0.0,0.0,0.0,-13.324714465634997,0.0,0.0,-500.0000000000004,0.0,0.0,-1000.0,499.9999999999996,-499.9999999999996,0.0,0.0,500.00000000000006,339.9427176521276,0.0,184.52194375789642,0.0,0.0,0.0,0.0,0.0,0.0,0.0,319.40734491275094,0.0,0.0,0.0,500.0,0.0,0.0,-5.481765122735624,-0.09336844455832667,0.0,0.0,0.0,0.0,0.062245629705551114,0.0,0.0,0.0,769.4348118793478,-393.69367237026586,0.0,-927.5470629315133,1000.0,249.99999999999937,951.1228148527756,0.0,248.65411811650523,0.0,0.0,0.0,0.0,0.0,746.5873588375358,4.7585230459589525,-1000.0,-1000.0,-1000.0,0.0,0.0,0.0,0.0,0.0,0.0,0.0,0.0,0.0,0.0,0.0,0.0,0.0,0.0,0.0,0.0,0.0,-10.652302096943458,0.0,-1000.0,0.0,0.0,103.55457952595816,499.16175425974575,0.0,0.0,-110.35180228980454,0.0,0.0,0.0,0.0,484.94838421093266,0.0,0.0,0.0,500.00000000000006,-4.7585230459589525,0.0,-597.0439999647248,0.0,164.2395520462917,0.0,-495.16735072061675,0.0,-501.55614074263883,593.9317184794472,-463.89425477644056,0.0,313.58584318047383,-500.00000000000006,0.0,18.673688911665337,0.0,0.0,0.0,0.0,0.0,0.0,0.0,-331.2234312171217,331.2234312171217,331.2234312171217,80.55087405888978,0.0,0.0,0.0,0.0,0.0,354.045502489082,0.0,0.0,-10.96353024547117,0.0,0.0,67.55087405888978,0.0,0.0,0.0,0.0,-4.267579324254938,0.12449125941114379,0.0,0.0,0.0,0.0,0.0,0.0,0.0,0.0,0.0,0.0,0.0,0.0,0.0,0.0,0.0,0.0,0.0,0.0,0.0,0.06847019267605721,0.06847019267605721,0.0,394.4252290863964,0.0,37.347377823330675,0.0,169.08275435844516,0.0,1000.0,0.0,0.0,0.0,0.0,0.0,506.7505333539276,-1000.0,0.0,0.0,0.0,0.0,0.0,67.55087405888978,0.0,0.0,0.0,0.0,0.0,0.0,0.0,122.32950461688598,-769.4348118793478,856.8041393213823,0.0,4.792913487327436,0.0,0.0,-107.8202062012679,-107.8202062012679,0.0,506.7505333539276,0.0,0.0,502.48295402967267,0.0,0.0,331.2234312171217,0.0,0.0,0.0,0.0,0.0,0.0,0.0,0.0,0.0,0.0,0.0,0.0,0.0,37.347377823330675,0.0,0.0,0.0,0.0,0.0,0.0,0.0,0.0,0.0,0.0,0.0,0.0,0.6224562970555112,0.0,0.0,0.0,0.0,0.0,414.4996694865648,0.0,0.0,18.673688911665337,0.0,0.0,0.0,0.0,0.0,0.0,0.0,0.0,0.0,0.0,932.4491259411102,0.0,0.0,18.673688911665337,18.673688911665337,1000.0,-1000.0,0.0,67.55087405888978,0.0,0.0,0.0,0.0,0.0,1000.0,354.045502489082,1000.0,0.062245629705551114,0.0,0.0,0.0,60.49097250017775,0.0,0.0,107.8202062012679,0.0,0.0,0.0,0.0,0.0,0.0,0.0,0.0,0.0,0.0,0.0,0.0,0.0,0.0,0.062245629705551114,0.0,0.0,0.0,0.0,0.0,0.0,0.0,0.0,0.0,-338.4036035798354,697.9454065179983,0.0,-355.6867236050659,-1000.0,-4.668422227916331,0.0,-3.1122814852775558,0.0,0.0,0.0,0.0,0.0,0.0,0.0,0.0,0.0,0.0,0.0,0.0,249.99999999999937,0.0,0.0,316.6981246657514,0.0,0.0,0.0,-0.062245629705551114,0.0,0.0,0.062245629705551114,0.0,0.062245629705551114,0.0,0.0,0.0,37.347377823330675,75.93966824077236,75.93966824077236,0.0,0.0,0.0,0.0,0.0,0.0,0.0,856.8041393213823,0.0,354.045502489082,0.0,0.0,751.9467075551837,0.0,0.0,0.0,0.0,0.0,0.0,0.0,0.0,0.0,0.0,0.0,0.0,0.0,0.0,0.0,0.0,0.0,0.0,0.09336844455832667,0.0,0.0,0.0,-18.673688911665337,0.0,0.0,0.0,0.0,0.0,-394.4252290863964,3.1122814852775558,0.0,0.0,0.0,-500.00000000000006,0.0,-594.3908269920402,-3.1122814852775558,0.0,0.0,0.0,0.0,0.0,0.0,0.0,0.0,0.0,0.0,0.0,63.20179786927473,0.0,899.9604975119261,0.0,10.652302096943458,-366.33902570200934,355.6867236050659,0.0,0.0,0.0,169.08275435844516,3.1122814852775558,747.2194987069965,0.0,0.0,0.0,-10.96353024547117,-499.9999999999996,499.9999999999996,936.8737595854398,-936.8737595854398,0.0,0.0,0.0,0.0,0.0,990.6631555441675,0.0,75.93966824077236,0.0,0.0,0.0,0.0,0.0,0.0,0.0,0.0,0.0,105.5588888024771,0.0,0.0,408.4304957701454,-60.49097250017775,-5.890371456289303,-414.4996694865648,18.673688911665337,0.0,0.0,0.0,0.0,257.3164805293941,0.0,0.0,0.06847019267605721,0.0,0.0,0.0,37.96983412038618,0.0,0.0,0.0,0.0,871.2102489087927,0.0,0.0,0.0,0.0,0.0,0.0,0.0,0.0,-1000.0,0.0,746.0196181337842,0.006224562970555111,0.0,0.0,0.0,0.0,0.0,0.0,0.0,0.0,0.0,0.0,0.0,0.0,0.0,0.0,0.0,394.4252290863964,0.0,0.0,0.0,0.0,0.0,0.0,0.0,339.9427176521276,0.0,0.0,0.0,0.0,-111.92031478545168,0.0,670.3069303391986,0.0,0.0,0.0,37.347377823330646,0.0,0.0,0.0,0.0,0.0,-537.3473778233302,499.9999999999996,0.0,0.0,0.0,0.0,0.0,0.0,0.0,0.0,0.0,0.0,0.0,0.0,-1000.0,-1000.0,794.5849639034863,-518.673688911665,499.9999999999996,0.0,989.0987153842344,0.0,0.0,0.0,0.0,0.0,0.0,0.0,0.0,0.0,0.0,0.0,0.0,0.0,0.0,0.0,0.0,169.08275435844516,-7.780703713193887,0.0,-489.616806438849,747.2782853272674,0.0,0.0,0.0,0.0,0.0,-0.778070371319389,0.0,10.96353024547117,0.0,0.0,0.0,0.0,0.0,0.0,0.0,1000.0,18.673688911665337,18.673688911665337,0.0,0.0,0.0,0.0,499.1617542597405,0.06847019267605721,394.4252290863964,0.0,0.0,-989.0987153842344,746.0133935708136,0.0,0.0,0.0,0.0,0.0,0.0,0.0,0.0,0.0,0.0,0.0,0.0,0.0,0.0,0.0,0.0,5.428318439704398,0.0,65.35791119082867,0.0,0.0,4.792913487327436,0.0,0.0,0.0,394.4252290863964,0.0,697.9454065179983,0.0,0.0,0.0,-7.780703713193887,0.0,0.0,0.0,0.0,0.0,0.0,0.0,0.0,0.0,0.0,0.0,0.0,0.0,0.0,0.0,0.0,0.0,0.0,-0.062245629705551114,0.0,0.0,3.1122814852775558,-506.7505333539276,0.0,0.0,0.0,0.0,0.0,0.0,0.0,0.0,-746.5873588375358,1.5561407426387779,0.0,0.0,0.0,0.062245629705551114,0.0,62.24562970555111,-13.867826769016446,12.449125941110225,0.44461164075393655,184.52194375789642,-0.046684222279163336,495.16735072061675,1.2449125941110224,-0.31122814852766867,-184.52194375789642,18.673688911665337,-0.06224562970555111,0.0,67.55087405888978,0.015561407426387779,0.44461164075393655,0.0,-9.90950424912399,-1.2449125941110224,172.4907334920652,-0.062245629705551114,0.015561407426387779,-184.52194375789642,6.2245629705551115,0.062245629705551114,0.062245629705551114,-394.2945132640148,0.06847019267615237,-33.89195090776235,-0.046684222279163336,18.673688911665337,0.062245629705551114,18.67368891166535,-31.122814852775562,-0.031122814852775557,-413.1971821392519,-6.286808600260656,-0.046684222279163336,-0.062245629705551114,-13.867826769016446,0.062245629705551114,6.2245629705551115,-1.2449125941110224,0.0,0.0,-6.2245629705551115,-172.4907334920652,0.0,12.449125941110223,0.09336844455832667,-554.5415341463422,6.2245629705551115,-122.32950461688598,67.55087405888978,-12.449125941110223,0.031122814852775557,0.6224562970555112,231.88676573287833,75.65092381038495,-0.062245629705551114,-408.4304957701454,394.2945132640148,19.296145208720848,0.062245629705551114,9.90950424912399,-7.143881587771275,67.55087405888978,-0.062245629705551114,-0.015561407426387779,-67.55087405888978,-0.062245629705551114,-4.267579324254938,0.062245629705551114,-0.015561407426387779,-0.015561407426387779,-0.015561407426387779,24.898251882220446,31.122814852775562,0.6224562970555112,46.116230908101244,-0.015561407426387779,463.77353146575666,3.1122814852775558,5.246071147405025,0.062245629705551114,0.031122814852775557,0.031122814852775557,40.0,13.867826769016446,0.062245629705551114,-13.867826769016446,0.6224562970555112,0.062245629705551114,-46.116230908101244,0.062245629705551114,0.24898251882216016,0.31122814852766867,0.031122814852775557,0.015561407426387779,18.673688911665337,-0.062245629705551114,33.89195090776235,0.6224562970555112,-92.23246181620249,493.611209977978,-6.2245629705551115,12.449125941110223,3.1122814852775558,-0.062245629705551114,0.0,0.09336844455832667,-0.062245629705551114,-80.0,13.867826769016446,-51.25843555346984,0.031122814852775557,-10.492142294810051,-0.062245629705551114,-0.062245629705551114,-0.062245629705551114,0.031122814852775557,184.52194375789642,-12.449125941110223,0.062245629705551114,463.77353146575666,-0.015561407426387779,-0.06847019267615237,-463.77353146575666,9.336844455832667,6.286808600260662,372.2343405208537,184.52194375789642,-0.046684222279163336,408.4304957701454,-75.65092381038495,0.062245629705551114,-0.015561407426387779,3.1122814852775558,62.24562970555111,-0.031122814852775557,-0.062245629705551114,0.015561407426387779,0.0,0.0,-231.51312507252499,0.0,-46.0,0.0,-108.0,-31.0,0.0,-32.0,-93.0,-55.60548413165398,-786.0235364040144,16.0,23.0,46.5,0.0,15.5,-394.4252290863964,-206.05804497592425,786.0235364040144,55.60548413165398,-206.05804497592425,108.0,-53.54034069139192,0.0,1496.5981,hclb
4,0.0,0.0,0.0,0.0,0.0,0.0,0.0,0.0,-0.007434946131157491,0.0,0.0,0.0,0.0,0.0,0.0,0.0,-303.8705997862079,537.4274558383642,0.0,0.0,0.0,0.0,0.0,728.5998768029166,0.0,0.0,0.0,0.0,0.0,0.0,70.94318753878224,-70.94318753878224,24.505712996239765,0.0,0.0,0.0,0.0,999.9702602154748,0.0,-1000.0,1000.0,0.0,-163.66048030938504,140.21011947682285,0.0,0.0,24.49598872764028,0.0,0.0,-647.2174442735397,0.0,0.0,0.0,0.0081784407442938,0.0,0.0,0.0,0.0,0.0,0.0,-144.1529881181976,0.0,0.0,-144.1529881181976,1000.0,0.0,0.0,0.0,4.4609676786944945,1000.0,0.0,0.07434946131157491,0.0,0.0,0.0,0.0,0.0,0.0,0.0,0.0,0.0,0.0,-175.22315174811604,0.0,4.4609676786944945,0.0,119.85048801598595,416.8934081043407,347.0081847807662,0.0,0.0,0.0,0.0,0.0,2.2304838393472473,0.0,2.2304838393472473,-486.99584018888856,665.8519494942127,0.0,0.0,486.76297761516645,0.0,0.0,0.0,-6.329974694261634,0.0,351.1647635451924,0.0,0.0,0.0,0.0,0.0,0.0,0.0,0.0,0.0,0.0,0.0,0.0,0.0,0.0,0.0,0.0,-789.985459292687,0.0,0.0,2.2304838393472473,0.0,2.304833300658822,2.304833300658822,0.0,0.0,-250.0,250.0,-250.00000000000003,0.0,0.0,0.0,0.0,0.0,0.0,0.0,0.0,0.0,295.6461306162011,0.007434946131157491,0.0018587365327893727,0.0,0.0,0.0,-202.8514007017396,0.0,0.0,175.22315174811604,0.0,-89.60511087731116,0.0,0.0,0.0,0.0,0.0,96.38009366589495,96.38009366589495,0.0,0.0,0.0,0.0,-313.7001665685348,0.0,0.0,167.33071615080834,0.0,0.0,0.0,0.0,-584.8898632225511,0.0,0.0,0.0,0.0,0.0,0.0,0.0,0.0,0.0,0.0,0.0,0.0,0.0,0.0,-990.4108869896161,0.0,0.0,0.0,0.0,0.0,647.2174442735397,163.66048030938504,-120.53404773402343,120.53404773402343,0.0,0.0,0.0,0.0,0.0,0.0,0.0,0.0,265.4350432091134,0.0,0.0,0.0,0.0,0.0,0.0,0.0,0.0,0.0,0.0,0.0,0.0,0.0,374.11143441541134,162.8253791542026,140.21011947682285,0.0,0.0,0.0,0.0,54.595098053683046,0.0,0.0,0.0,0.0,-144.1529881181976,0.0,70.94318753878224,0.0,0.0,0.0,0.0,0.0,0.0,0.0,0.0,1.486989226231498,0.0,0.0,-303.8817522054046,0.0,460.0198406797023,0.0,-140.21011947682285,0.0,0.0,0.0,15.566206403320336,0.0,0.0,0.0,251.11029488472798,0.0,0.0,0.0,0.0,0.0,0.0,0.0,0.0,226.47413704674284,0.0,0.0,647.2174442735397,0.0,-29.241931746436,0.0,0.0,0.0,-1000.0,0.0,1000.0,0.0,-167.73962906177152,0.0,0.0,0.0,0.0,0.0,0.0,-144.1529881181976,-0.011152419196736235,0.0,0.0,0.0,0.0,0.007434946131157491,0.0,0.0,0.0,933.5853050965858,-303.8705997862079,0.0,-224.46718722218586,251.5853328208078,584.8898632225511,923.7174730655787,0.0,0.0,0.0,-6.329974694261634,0.0,0.0,0.0,311.08334762136275,-311.08334762136275,0.0,0.0,0.0,0.0,0.0,0.0,0.0,0.0,0.0,0.0,0.0,0.0,0.0,0.0,0.0,0.0,0.0,0.0,0.0,0.0,500.000000000003,0.0,-499.999999999997,175.22315174811604,0.0,415.8132473846822,0.0,0.0,593.5070456176779,-224.70294307741887,0.0,665.8519494942127,0.0,0.0,486.39123030860856,458.60744863213,0.0,0.0,0.0,-151.98506868946174,-145.76871022920096,0.0,-321.734651448859,0.0,0.0,-243.56736246086217,0.0,-0.18587365327893726,-0.3717473065578745,0.0,0.0,999.6282526934422,0.0,0.0,2.2304838393472473,0.0,0.0,0.0,0.0,0.0,0.0,0.0,-374.11143441541134,374.11143441541134,374.11143441541134,97.84298546803014,0.0,0.0,0.0,0.0,0.0,0.0,0.0,0.0,-48.605000204423334,0.0,0.0,78.5130107737685,0.0,0.0,0.0,0.0,-42.25650538688425,0.014869892262319946,0.0,0.0,0.0,0.0,0.0,0.0,0.0,0.0,0.0,602.779614999603,0.0,0.0,0.0,0.0,0.0,0.0,0.0,0.0,0.0,0.0081784407442938,0.0081784407442938,70.94318753878224,351.1563533664296,0.0,4.4609676786944945,0.0,0.0,0.0,-1000.0,0.0,0.0,119.85048801598595,0.0,0.0,136.53681666862968,1000.0,0.0,0.0,0.0,0.0,0.0,78.5130107737685,0.0,0.0,0.0,0.0,0.0,0.0,0.0,263.3284864308957,-933.5853050965858,202.8514007017396,0.0,120.42297886808507,0.0,0.0,0.0,-54.595098053683046,0.0,136.53681666862968,0.0,94.28031128174543,0.0,0.0,0.0,374.11143441541134,0.0,0.0,0.0,0.0,0.0,0.0,0.0,0.0,0.0,0.0,0.0,0.0,0.0,4.4609676786944945,0.0,0.0,0.0,0.0,0.0,0.0,0.0,0.0,0.0,0.0,0.0,0.0,0.07434946131157491,0.0,70.94318753878224,119.85048801598595,-119.85048801598595,70.94318753878224,163.66048030938504,0.0,0.0,2.2304838393472473,0.0,0.0,0.0,0.0,0.0,0.0,0.0,0.0,0.0,0.0,905.1388997411323,0.0,0.0,2.2304838393472473,2.2304838393472473,0.0,1000.0,0.0,78.5130107737685,0.0,0.0,0.0,0.0,0.0,603.7999137845487,0.0,1000.0,0.007434946131157491,0.0,0.0,0.0,0.5995752987197719,0.0,0.0,0.0,0.0,0.0,0.0,0.0,0.0,0.0,0.0,0.0,0.0,0.0,0.0,0.0,0.0,0.0,0.007434946131157491,0.0,0.0,0.0,0.0,0.0,0.0,0.0,0.0,0.0,0.0,874.279817158268,0.0,-17.31756335679188,-1000.0,-0.5576209598368118,-0.3717473065578745,0.0,0.0,500.0,500.0,-500.0,0.0,0.0,0.0,0.0,0.0,0.0,0.0,0.0,584.8898632225511,0.0,0.0,1000.0,0.0,0.0,0.0,-0.007434946131157491,0.0,0.0,0.007434946131157491,0.0,0.007434946131157491,0.0,401.68135267909145,0.0,4.4609676786944945,9.07063428001214,9.07063428001214,0.0,0.0,0.0,0.0,0.0,0.0,0.0,202.8514007017396,0.0,0.0,0.0,0.0,311.7234964832554,0.0,0.0,0.0,0.0,0.0,0.0,0.0,0.0,0.0,0.0,0.0,0.0,0.0,0.0,54.595098053683046,0.0,-533.6235369853839,533.6235369853839,0.011152419196736235,0.0,0.0,0.0,-2.2304838393472473,0.0,0.0,0.0,0.0,0.0,-351.1563533664296,0.3717473065578745,0.0,0.0,0.0,0.0,313.7001665685348,-458.4665697735858,0.0,0.0,0.0,0.0,0.0,0.0,0.0,0.0,0.0,0.0,0.0,0.0,-22.955081048981754,0.0,266.3644114755081,-6.329974694261634,0.0,-683.1695128510046,683.1695128510046,0.0,175.22315174811604,6.495572123308197,0.0,0.3717473065578745,846.6431837493399,0.0,0.0,-70.94318753878224,-288.3059762363952,0.0,0.0,0.0,0.0,0.0,0.0,0.0,0.0,0.0,-1.115241919673621,0.0,9.07063428001214,0.0,70.94318753878224,70.94318753878224,0.0,0.0,0.0,0.0,0.0,0.0,0.0,0.0,0.0,352.82921624594,-603.3791902983228,9.297703554508018,-163.66048030938504,2.2304838393472473,119.85048801598595,0.0,0.0,0.0,-223.71671166693935,0.0,0.0,0.0081784407442938,0.0,0.0,0.0,4.53531714000607,0.0,0.0,0.0,0.0,162.8253791542026,0.0,0.0,0.0,0.0,0.0,0.0,0.0,0.0,-1000.0,0.0,0.0007434946131157703,0.0007434946131157703,0.0,0.0,0.0,0.0,0.0,0.0,0.0,0.0,0.0,0.0,70.94318753878224,0.0,0.0,0.0,0.0,351.1563533664296,0.0,0.0,0.0,0.0,0.0,0.0,0.0,647.2174442735397,0.0,0.0,0.0,239.7009760319719,0.0,-444.08071926303074,537.4274558383642,0.0,0.0,0.0,4.4609676786944945,0.0,0.0,0.0,0.0,0.0,0.0,-4.4609676786944945,0.0,239.7009760319719,0.0,0.0,0.0,0.0,0.0,0.0,0.0,70.94318753878224,70.94318753878224,0.0,0.0,603.7999137845487,316.81643458309827,-39.39424605478291,37.16376221543567,0.0,999.9702602154748,0.0,0.0,0.0,0.0,0.0,0.0,0.0,0.0,0.0,0.0,0.0,0.0,0.0,0.0,0.0,0.0,0.0,-0.9293682663946863,0.0,-486.94885126844537,311.1658755234186,0.0,0.0,0.0,0.0,0.0,499.907063173361,-500.00000000000045,223.82815195253937,0.0,0.0,0.0,0.0,0.0,0.0,0.0,1000.0,2.2304838393472473,2.2304838393472473,0.0,0.0,0.0,0.0,0.0,0.0081784407442938,351.1563533664296,0.0,0.0,-999.9702602154748,0.0,0.0,0.0,0.0,0.0,0.0,0.0,0.0,0.0,0.0,0.0,0.0,0.0,0.0,467.6524448322377,0.0,0.0,2.304833300658822,0.0,7.806693437715367,0.0,0.0,120.42297886808507,0.0,0.0,0.0,351.1563533664296,0.0,386.9122296628215,0.0,0.0,0.0,-0.9293682663946863,0.0,0.0,0.0,0.0,0.0,0.0,0.0,0.0,0.0,0.0,0.0,0.0,0.0,0.0,0.0,0.0,0.0,0.0,-0.007434946131157491,0.0,0.0,0.3717473065578745,-136.53681666862968,0.0,0.0,0.0,0.0,0.0,0.0,0.0,0.0,-311.08334762136275,0.18587365327893726,0.0,0.0,0.0,0.007434946131157491,0.0,7.43494613115749,0.0,1.486989226231498,0.05310675807969636,25.353166307247047,-0.005576209598368118,243.56736246086217,0.14869892262314982,-0.037174730656348264,-25.353166307247047,2.2304838393472473,-0.007434946131157491,2.109991564753878,78.5130107737685,0.0018587365327893727,0.05310675807969636,-6.329974694261634,-121.03413144006703,70.79448861615909,-233.55685605215626,-0.007434946131157491,0.0018587365327893727,-25.353166307247047,7.546058071471193,0.007434946131157491,0.007434946131157491,-351.1407399795541,-119.84230957524167,-54.10226899460075,-0.005576209598368118,2.2304838393472473,0.007434946131157485,2.2304838393472473,-3.717473065578745,-0.0037174730655787453,156.36732926043518,-55.34602761292995,-0.005576209598368118,-0.007434946131157491,0.0,0.007434946131157491,0.743494613115749,-0.14869892262314982,54.595098053683046,54.595098053683046,-0.7434946131157494,233.55685605215626,-54.595098053683046,1.486989226231498,0.011152419196736235,0.0,0.743494613115749,-263.3284864308957,78.5130107737685,-1.486989226231498,0.0037174730655787453,0.07434946131157491,56.116796805546464,-21.468091822750257,-0.007434946131157491,-352.82921624594,351.1407399795541,2.304833300658822,0.007434946131157491,121.03413144006703,62.78851195802455,78.5130107737685,-0.007434946131157491,-0.0018587365327893727,-78.5130107737685,-0.007434946131157491,-42.25650538688425,0.007434946131157491,-0.0018587365327893727,-0.0018587365327893727,-0.0018587365327893727,2.973978452462996,3.717473065578745,0.07434946131157491,5.508365714921354,-0.0018587365327893727,110.12360204633904,0.3717473065578745,21.5,0.007434946131157491,0.0037174730655787453,0.0037174730655787453,40.0,0.0,0.007434946131157491,0.0,0.07434946131157491,0.007434946131157491,-5.508365714921354,0.007434946131157491,0.02973978452519077,0.037174730656348264,0.0037174730655787453,0.0018587365327893727,2.2304838393472473,-0.007434946131157491,54.10226899460075,-35.39724430807954,-11.016731429842707,243.38148880758322,-0.743494613115749,1.486989226231498,0.3717473065578745,-0.007434946131157491,6.329974694261634,0.011152419196736235,-0.007434946131157491,-80.0,0.0,607.2250651665071,0.0037174730655787453,-43.0,-0.007434946131157485,-0.007434946131157491,-0.007434946131157491,0.0037174730655787453,25.353166307247047,-1.486989226231498,0.007434946131157491,112.23359361109293,-0.0018587365327893727,119.84230957524167,-112.23359361109293,1.1152419196736234,55.34602761292995,-369.86513222778063,25.353166307247047,-0.005576209598368118,352.82921624594,21.468091822750257,0.007434946131157491,-0.0018587365327893722,0.3717473065578745,7.43494613115749,-0.0037174730655787453,-0.007434946131157491,0.0018587365327893727,1000.0,0.0,-226.47785451980843,0.0,-46.0,0.0,422.93017670385905,-31.0,6.8025634583554435,111.12763995036782,-93.0,-65.0,-226.47413704674284,-55.56381997518391,23.0,46.5,-6.8025634583554435,15.5,-351.1563533664296,-383.5083534995677,226.47413704674284,65.0,-383.5083534995677,-422.93017670385905,179.69908506635937,0.0,1496.5981,hclb
5,0.0,0.0,0.0,0.0,0.0,0.0,0.0,0.0,-0.059334644874700346,0.0,0.0,0.0,0.0,0.0,0.0,0.0,-390.5975679050539,935.8339133668354,0.0,0.0,0.0,0.0,0.0,492.9411533417928,0.0,499.0,0.0,0.0,0.0,-306.0501507423103,0.0,0.0,88.55568054095619,0.0,0.0,0.0,0.0,362.2565041548306,0.0,-1000.0,1000.0,0.0,0.0,0.0,0.0,0.0,0.0,0.0,781.1951358101078,-344.363682143313,0.0,0.0,0.0,0.06526810936222907,0.0,0.0,0.0,11.86692897494007,0.0,0.0,-5.225404391965796,0.0,0.0,-5.225404391965796,0.0,0.0,0.0,0.0,643.0636153408407,-643.0636153408407,0.0,0.5933464487470035,0.0,0.0,0.0,0.0,0.0,0.0,0.0,740.008941992,0.0,0.0,-283.82882564070195,0.0,35.60078692482021,0.0,0.0,0.0,0.0,154.63877755672758,-0.014833661218675088,0.0,0.0,697.0546170106635,17.800393462410106,0.0,17.800393462410106,-1.9105755649668008,0.0,0.0,0.0,2.9667322437350174,-1000.0,0.0,0.0,-17.510564690076343,0.0,0.0,0.0,0.0,0.0,0.0,0.0,0.0,0.0,0.0,0.0,0.0,0.0,0.0,0.0,0.0,0.0,0.0,-840.4900352043875,0.0,0.0,17.800393462410106,0.0,18.393739911157105,16.369831715980183,0.0,0.0,0.0,0.0,0.0,-408.65369301104363,-500.000000000167,500.000000000167,408.65369301104363,0.0,0.0,0.0,0.0,0.0,288.39759329605386,0.059334644874700346,0.0,0.0,0.0,-1000.0,401.75302511308985,0.0,0.0,157.98910496419327,0.0,80.21052093277962,0.0,0.0,0.0,0.0,0.0,-111.93251246079916,-111.93251246079916,0.0,0.0,0.0,0.0,0.0,0.0,0.0,-111.87317781592446,0.0,0.0,0.0,129.1670011712891,0.0,0.0,0.0,0.0,0.0,0.0,0.0,0.0,0.0,0.0,-528.726507693114,0.0,0.0,0.0,0.0,-1000.0,0.0,0.0,0.0,0.0,0.0,344.363682143313,0.0,-154.63877755672758,154.63877755672758,0.0,0.0,0.0,0.0,0.0,0.0,0.0,693.9498492576897,594.4297810535531,0.0,0.0,0.0,0.0,0.0,0.0,0.0,0.0,0.0,0.0,0.0,0.0,0.0,271.33443823605603,578.9808328367903,-84.54741716274361,0.0,0.0,0.0,0.0,43.757859764423266,0.0,0.0,0.0,0.0,-5.225404391965796,-84.54741716274361,0.0,0.0,0.0,0.0,0.0,0.0,0.0,0.0,0.0,0.0,0.0,0.0,-717.7140136867661,-563.0752361300385,626.5563582533803,0.0,84.54741716274361,0.0,0.0,0.0,0.0,0.0,0.0,0.0,-180.77302684981055,0.0,0.0,0.0,0.0,0.0,0.0,0.0,0.0,-154.63877755672758,0.0,0.0,344.363682143313,0.0,154.52546286795103,0.0,0.0,0.0,440.2708596979891,0.0,-440.2708596979891,0.0,399.4213141199648,0.0,0.0,0.0,0.0,0.0,0.0,-5.225404391965796,-0.08900196731205053,0.0,0.0,0.0,0.0,0.059334644874700346,0.0,0.0,0.0,938.4417467731666,-390.5975679050539,0.0,-470.8326945016856,693.7198771245281,0.0,949.6673224373502,0.0,298.88364756659314,0.0,-17.510564690076343,0.0,0.0,0.0,-5.108712923711758,0.0,-293.77493464288136,-550.87467757545,-1000.0,0.0,0.0,0.0,0.0,0.0,0.0,0.0,0.0,0.0,0.0,0.0,0.0,0.0,0.0,0.0,0.0,0.0,1000.0,0.0,160.00492581253607,157.98910496419327,477.50123145313444,0.0,0.0,0.0,0.0,-288.39759329605386,0.0,125.83972067650869,0.0,738.6090304199626,0.0,-643.0636153408407,0.0,0.0,-644.998767236062,0.0,0.0,-2.9667322437350174,0.0,-524.7281951008652,0.0,-2.9667322437350174,0.0,643.5154011141944,0.0,0.0,0.0,655.3823300891345,0.0,0.0,17.800393462410106,0.0,0.0,0.0,0.0,0.0,0.0,0.0,-271.33443823605603,271.33443823605603,271.33443823605603,22.26609483237281,0.0,0.0,-511.4131612256388,0.0,0.0,693.9498492576897,0.0,0.0,-10.450808783931592,0.0,0.0,68.13307102505993,0.0,0.0,0.0,0.0,-37.06653551252997,0.11866928974934904,0.0,0.0,0.0,0.0,0.0,0.0,0.0,0.0,0.0,0.0,0.0,0.0,0.0,0.0,0.0,0.0,0.0,0.0,0.0,0.06526810936222907,0.06526810936222907,0.0,355.467509261116,0.0,35.60078692482021,0.0,0.0,0.0,-449.1253224245817,0.0,0.0,0.0,0.0,0.0,282.6857535037807,449.1253224245817,0.0,0.0,0.0,0.0,0.0,68.13307102505993,0.0,0.0,0.0,0.0,0.0,0.0,0.0,280.16334506812916,-938.4417467731666,598.2469748869102,0.0,4.56876765535192,0.0,0.0,697.0546170106635,653.2967572462402,0.0,282.6857535037807,0.0,-551.1193944935933,796.738612484844,0.0,0.0,271.33443823605603,0.0,0.0,0.0,0.0,0.0,0.0,0.0,0.0,0.0,0.0,0.0,0.0,0.0,35.60078692482021,0.0,0.0,0.0,0.0,0.0,0.0,0.0,0.0,0.0,0.0,0.0,0.0,0.5933464487470035,0.0,0.0,0.0,0.0,0.0,0.0,0.0,0.0,17.800393462410106,0.0,0.0,0.0,0.0,0.0,0.0,0.0,0.0,0.0,0.0,498.9932871190122,0.0,0.0,17.800393462410106,17.800393462410106,49.53343424907939,449.1253224245817,0.0,68.13307102505993,0.0,0.0,0.0,0.0,0.0,1000.0,693.9498492576897,831.9285427963675,0.059334644874700346,0.0,0.0,0.0,12.88054807096032,76.37754088276347,0.0,-697.0546170106635,0.0,0.0,0.0,0.0,0.0,0.0,0.0,0.0,0.0,0.0,0.0,0.0,0.0,0.0,0.059334644874700346,0.0,0.0,0.0,652.8480576847478,-652.8480576847478,0.0,0.0,0.0,477.50123145313444,0.0,-2.5529468070091212,0.0,0.0,-1000.0,-4.450098365602527,-0.5475384820795917,-2.4191937616554284,0.0,0.0,0.0,0.0,0.0,0.0,0.0,0.0,0.0,0.0,0.0,0.0,0.0,0.0,0.0,658.3490623328695,0.0,0.0,0.0,-0.059334644874700346,0.0,0.0,0.059334644874700346,0.0,0.059334644874700346,0.0,0.0,0.0,35.60078692482021,72.38826674713442,72.38826674713442,0.0,0.0,0.0,0.0,0.0,0.0,125.83972067650869,598.2469748869102,0.0,693.9498492576897,0.0,0.0,0.0,0.0,0.0,0.0,0.0,0.0,0.0,0.0,0.0,0.0,0.0,0.0,0.0,0.0,0.0,43.757859764423266,0.0,-499.0,499.0,0.08900196731205053,0.0,0.0,0.0,-17.800393462410106,0.0,0.0,0.0,0.0,0.0,-355.467509261116,2.9667322437350174,0.0,0.0,0.0,0.0,0.0,2.5529468070091212,-2.4191937616554284,0.0,0.0,0.0,0.0,0.0,0.0,0.0,0.0,0.0,0.0,523.3684983796488,84.13307102505993,0.0,651.3800459119701,58.86697619268712,160.00492581253607,-285.84464648904475,125.83972067650869,0.0,157.98910496419327,-72.38826674713442,0.0,2.96673224373502,736.6503057980303,0.0,0.0,0.0,-10.450808783931592,0.0,0.0,0.0,0.0,0.0,0.0,0.0,0.0,0.0,888.6441153198325,-368.8178043579236,72.38826674713442,0.0,0.0,0.0,0.0,0.0,0.0,0.0,0.0,0.0,0.0,0.0,0.0,0.0,-12.88054807096032,-502.9451857279099,0.0,17.800393462410106,0.0,0.0,0.0,0.0,-57.211198311708415,0.0,0.0,0.06526810936222907,0.0,0.0,0.0,36.19413337356721,0.0,0.0,0.0,0.0,578.9808328367903,0.0,0.0,0.0,0.0,0.0,0.0,0.0,0.0,0.0,0.0,0.005933464487470204,0.005933464487470204,0.0,0.0,0.0,0.0,0.0,0.0,0.0,0.0,0.0,0.0,0.0,0.0,0.0,0.0,0.0,355.467509261116,0.0,0.0,0.0,0.0,0.0,0.0,0.0,344.363682143313,0.0,0.0,0.0,0.0,0.0,0.0,935.8339133668354,0.0,0.0,0.0,35.60078692482021,0.0,0.0,0.0,0.0,0.0,964.3992130751798,-1000.0,0.0,0.0,0.0,0.0,0.0,0.0,0.0,0.0,0.0,0.0,0.0,0.0,-831.9285427963675,-550.87467757545,40.64423173916974,0.0,-17.800393462410106,0.0,839.7577356079651,0.0,0.0,0.0,0.0,0.0,0.0,0.0,0.0,0.0,0.0,0.0,0.0,0.0,0.0,0.0,0.0,0.0,-7.416830609337547,0.0,-4.450098365602527,364.367705992321,0.0,0.0,0.0,0.0,0.0,0.0,-0.7416830609337545,168.43991374812487,0.0,0.0,0.0,0.0,0.0,0.0,0.0,1000.0,17.800393462410106,17.800393462410106,0.0,0.0,0.0,0.0,740.008941992,0.06526810936222907,355.467509261116,0.0,0.0,-839.7577356079651,0.0,0.0,0.0,0.0,0.0,0.0,0.0,0.0,0.0,0.0,0.0,0.0,0.0,0.0,0.0,0.0,0.0,16.369831715980183,0.0,62.30137711843537,130.4084883318606,0.0,0.0,0.0,0.0,0.0,355.467509261116,0.0,-5.011060854055514,0.0,0.0,0.0,-7.416830609337547,0.0,0.0,0.0,0.0,0.0,0.0,0.0,0.0,0.0,0.0,0.0,0.0,0.0,0.0,0.0,0.0,0.0,0.0,-0.059334644874700346,0.0,0.0,2.9667322437350174,-282.6857535037807,0.0,0.0,0.0,0.0,0.0,0.0,0.0,0.0,5.108712923711758,1.4833661218675092,0.0,0.0,499.0,0.059334644874700346,0.0,59.334644874700345,-2.0239081951769244,11.86692897494007,0.42381889196214534,198.28332263237434,-0.04450098365602526,2.9667322437350174,1.186692897494007,-0.2966732243735682,-198.28332263237434,17.800393462410106,-0.05933464487470035,5.836854896692114,68.13307102505993,0.014833661218675088,0.42381889196214534,-17.510564690076343,-9.446075464053756,-1.186692897494007,-545.2363454617815,-0.05933464487470035,0.014833661218675088,-198.28332263237434,5.933464487470035,0.05933464487470035,0.059334644874700346,-355.34290650687905,0.06526810936217056,-14.22354579056994,-0.04450098365602526,17.800393462410106,0.05933464487470035,17.800393462410106,-29.667322437350176,-0.029667322437350176,-30.96584576205699,-49.750658896768,-0.04450098365602526,-0.05933464487470035,-2.0239081951769244,0.059334644874700346,5.933464487470035,-1.186692897494007,43.757859764423266,43.757859764423266,-5.933464487470035,545.2363454617815,-43.757859764423266,11.86692897494007,0.08900196731205053,-53.79210695769116,5.933464487470035,-280.16334506812916,68.13307102505993,-11.86692897494007,0.029667322437350176,0.5933464487470035,117.7081736254214,96.0,-0.059334644874700346,-368.8178043579236,355.34290650687905,18.393739911157105,0.05933464487470035,9.446075464053756,-3.0685028245805075,68.13307102505993,-0.059334644874700346,-0.014833661218675088,-68.13307102505993,-0.05933464487470035,-37.06653551252997,0.05933464487470708,-0.014833661218675088,-0.014833661218675088,-0.014833661218675088,23.73385794988014,29.667322437350176,0.5933464487470035,284.7926657071091,-0.014833661218675088,229.5794923541507,2.9667322437350174,21.5,0.059334644874700346,0.029667322437350176,0.029667322437350176,40.0,2.0239081951769244,0.059334644874700346,-2.0239081951769244,0.5933464487470035,0.05933464487470035,-766.4588870782368,0.05933464487470035,0.23733857949886783,0.2966732243735682,0.029667322437350176,0.014833661218675088,17.800393462410106,-0.05933464487470035,14.22354579056994,0.5933464487470035,-569.5853314142182,1.4833661218675092,-5.933464487470035,11.86692897494007,2.9667322437350174,-0.05933464487470035,17.510564690076343,0.08900196731205053,-0.05933464487470035,-80.0,2.0239081951769244,341.8869933321831,0.029667322437350176,-43.0,-0.05933464487470035,-0.05933464487470708,-0.05933464487470035,0.029667322437350176,198.28332263237434,-11.86692897494007,0.059334644874700346,235.4163472508428,-0.014833661218675088,-0.06526810936217056,-235.4163472508428,8.900196731205051,49.750658896768,34.69069077088317,198.28332263237434,-0.04450098365602526,368.8178043579236,-96.0,0.05933464487470035,-0.014833661218675086,741.5757626636976,59.334644874700345,-0.029667322437350176,-0.05933464487470035,0.014833661218675088,0.0,0.0,53.76243963525381,481.6662213711277,-46.0,0.0,397.2853092133296,-31.0,0.0,-32.0,-93.0,-65.0,0.0,16.0,23.0,46.5,0.0,15.5,-355.467509261116,-284.6757950204747,0.0,65.0,-284.6757950204747,-397.2853092133296,197.21017377522003,0.0,1496.5981,hclb
6,0.0,0.0,0.0,0.0,0.0,0.0,0.0,0.0,-0.056138297714783764,0.0,0.0,0.0,0.0,0.0,0.0,0.0,642.0005986164387,-471.03053684689695,0.0,0.0,0.0,0.0,0.0,706.4867781887663,0.0,0.0,0.0,0.0,0.0,439.03521507224156,4.905283379469035,-4.905283379469035,29.759343620503223,0.0,0.0,0.0,0.0,217.3951774565603,0.0,-1000.0,1000.0,0.0,-678.5540576530336,0.0,0.0,0.0,0.0,0.0,-1000.0,-148.75738884539157,0.0,1000.0,0.0,0.061752127486317664,0.0,0.0,0.0,0.0,0.0,0.0,-88.24280035020378,0.0,88.24280035020378,0.0,0.0,0.0,0.0,0.0,0.0,0.0,0.0,0.5613829771478377,0.0,0.0,0.0,0.0,0.0,0.0,0.0,0.0,0.0,0.0,0.0,0.0,33.68297862887026,0.0,81.66379313829854,1000.0,755.5657934743441,-474.493920465521,-0.014034574428695941,0.0,0.0,0.0,16.84148931443513,0.0,16.84148931443513,0.0,0.0,0.0,0.0,719.0361202240172,-560.9647849277585,0.0,0.0,0.0,360.8302331988766,0.0,0.0,0.0,0.0,0.0,0.0,0.0,0.0,0.0,0.0,0.0,0.0,0.0,0.0,0.0,0.0,0.0,-434.25064631260784,0.0,0.0,16.84148931443513,0.0,17.40287229158297,9.93583992341793,0.0,-749.9999999999987,1000.0,-250.00000000000125,250.00000000000125,0.0,0.0,0.0,0.0,0.0,0.0,0.0,0.0,0.0,85.98644206233689,0.056138297714783764,0.0,0.0,0.0,-542.0159381154192,0.0,0.0,0.0,0.0,0.0,201.53128650074638,0.0,0.0,0.0,0.0,0.0,399.14358045823434,399.14358045823434,0.0,0.0,0.0,0.0,0.0,0.0,0.0,404.10500213541815,0.0,0.0,0.0,575.6216142804356,0.0,0.0,0.0,0.0,0.0,0.0,0.0,0.0,0.0,0.0,0.0,0.0,0.0,0.0,0.0,-939.9504253535856,0.0,0.0,0.0,0.0,0.0,148.75738884539157,-321.4459423469664,244.4342065256559,-244.4342065256559,0.0,0.0,0.0,0.0,0.0,0.0,0.0,1000.0,-772.0592418407621,0.0,0.0,0.0,0.0,0.0,0.0,0.0,0.0,0.0,0.0,0.0,0.0,0.0,360.7374289099227,189.95313342185085,240.41012865828623,0.0,0.0,0.0,0.0,79.33003193080684,0.0,0.0,0.0,0.0,-88.24280035020378,240.41012865828623,4.905283379469035,0.0,0.0,0.0,0.0,0.0,0.0,0.0,6.712936565886045,11.227659542956753,0.0,0.0,167.42247070434541,0.0,-77.01173582131048,0.0,-240.41012865828623,0.0,0.0,0.0,68.4887232120362,0.0,0.0,0.0,-472.92855414771975,0.0,0.0,-1000.0,500.00000000000045,0.0,-1000.0,-500.00000000000045,0.0,1000.0,0.0,773.4036696787589,148.75738884539157,0.0,97.16749854027573,0.0,0.0,0.0,0.0,0.0,0.0,0.0,159.00134612509282,0.0,0.0,155.34798352163733,0.0,0.0,0.0,-88.24280035020378,-0.08420744657217565,0.0,0.0,0.0,0.0,0.056138297714783764,0.0,0.0,0.0,837.0659675424575,642.0005986164387,0.0,-552.1836061476306,337.4465879899576,0.0,948.0691488573918,0.0,-499.9999999999996,0.0,0.0,0.0,0.0,0.0,617.843254725098,0.0,-117.84325472509835,-1000.0,-1000.0,0.0,0.0,0.0,0.0,0.0,0.0,0.0,0.0,0.0,0.0,0.0,0.0,0.0,0.0,0.0,0.0,0.0,-782.3802693525806,0.0,-1000.0,0.0,0.0,0.0,0.0,487.2469602327602,0.0,137.7976749544332,0.0,0.0,0.0,0.0,716.229205338278,0.0,0.0,505.8619420025166,0.0,0.0,-269.14077080159075,-498.53691466820095,0.0,-580.4237253061988,0.0,-915.2927284141635,795.3632532526324,-1.403457442869594,495.7299997824618,0.0,0.0,0.0,0.0,963.5101064853906,16.84148931443513,0.0,0.0,0.0,0.0,0.0,0.0,0.0,-360.7374289099227,360.7374289099227,360.7374289099227,81.77234045704324,0.0,0.0,0.0,0.0,0.0,1000.0,0.0,0.0,-13.15801442381047,0.0,0.0,68.77234045704324,0.0,0.0,0.0,0.0,-8.074060809126923,0.11227659542960501,0.0,0.0,0.0,0.0,0.0,0.0,0.0,0.0,0.0,0.0,0.0,0.0,0.0,0.0,0.0,0.0,0.0,0.0,0.0,0.061752127486317664,0.061752127486317664,4.905283379469035,445.50976936696594,0.0,33.68297862887026,0.0,0.0,0.0,1000.0,0.0,223.02737201759192,81.66379313829854,0.0,0.0,378.1198854616566,-1000.0,0.0,0.0,487.24696023271594,0.0,0.0,68.77234045704324,0.0,0.0,0.0,0.0,0.0,0.0,0.0,144.75021543753596,-837.0659675424575,181.18570491654265,48.5092688567688,85.98644206233689,0.0,0.0,0.0,-79.33003193080684,0.0,378.1198854616566,0.0,370.0458246525297,0.0,0.0,0.0,360.7374289099227,0.0,0.0,0.0,0.0,0.0,0.0,0.0,0.0,0.0,0.0,0.0,0.0,0.0,33.68297862887026,0.0,0.0,0.0,0.0,0.0,0.0,0.0,0.0,0.0,0.0,0.0,0.0,0.5613829771478377,0.0,4.905283379469035,81.66379313829854,-81.66379313829854,4.905283379469035,-321.4459423469664,0.0,0.0,16.84148931443513,-487.24696023271594,0.0,0.0,0.0,48.5092688567688,0.0,0.0,0.0,0.0,0.0,1000.0,0.0,0.0,16.84148931443513,16.84148931443513,1000.0,-1000.0,0.0,68.77234045704324,0.0,0.0,0.0,0.0,0.0,565.5289801819163,1000.0,187.91665189646233,0.056138297714783764,0.0,0.0,34.395282195516714,0.0,0.0,0.0,0.0,0.0,0.0,0.0,0.0,0.0,0.0,0.0,0.0,0.0,0.0,0.0,0.0,0.0,0.0,0.056138297714783764,0.0,0.0,0.0,0.0,0.0,0.0,0.0,0.0,0.0,-407.54661176034654,545.3442867147797,0.0,0.0,-217.61973064741937,-4.210372328608783,-2.8069148857391903,0.0,0.0,-250.0,-250.0,250.00000000000003,0.0,0.0,0.0,0.0,0.0,0.0,0.0,0.0,0.0,0.0,0.0,966.3170213711297,0.0,0.0,0.0,-0.056138297714783764,0.0,0.0,0.056138297714783764,0.0,0.056138297714783764,0.0,0.0,0.0,33.68297862887026,68.4887232120362,68.4887232120362,0.0,0.0,0.0,0.0,0.0,0.0,0.0,181.18570491654265,0.0,1000.0,0.0,0.0,203.16544930986385,419.51131284847696,0.0,0.0,0.0,0.0,0.0,0.0,0.0,0.0,0.0,0.0,0.0,0.0,0.0,79.33003193080684,0.0,0.0,0.0,0.08420744657217565,0.0,0.0,0.0,-16.84148931443513,0.0,0.0,0.0,0.0,0.0,-445.50976936696594,2.806914885739188,0.0,0.0,0.0,0.0,0.0,-545.3442867147797,0.0,0.0,0.0,0.0,0.0,0.0,0.0,0.0,0.0,0.0,487.24696023271594,-499.99999999999875,84.77234045704324,0.0,234.9580453735859,0.0,0.0,0.0,0.0,0.0,0.0,0.0,0.0,2.8069148857391903,631.7681502598191,0.0,0.0,-4.905283379469035,-176.48560070040756,250.00000000000023,-250.00000000000023,471.1695779695056,-471.1695779695056,0.0,-225.59177020318708,0.0,0.0,0.0,373.1128655130504,-381.5336101702678,68.4887232120362,0.0,0.0,0.0,4.905283379469035,0.0,0.0,0.0,0.0,0.0,6.712936565886045,0.0,0.0,76.60727618252429,-34.395282195516714,0.0,-678.5540576530336,16.84148931443513,81.66379313829854,0.0,0.0,0.0,-8.127281071984129,0.0,0.0,0.061752127486317664,0.0,0.0,0.0,34.2443616060181,0.0,0.0,0.0,0.0,189.95313342185085,0.0,360.8302331988766,0.0,0.0,0.0,0.0,0.0,0.0,-744.3475919057055,0.0,0.005613829771478377,0.005613829771478377,0.0,0.0,0.0,0.0,0.0,0.0,0.0,0.0,0.0,34.395282195516714,4.905283379469035,0.0,0.0,0.0,0.0,445.50976936696594,0.0,0.0,0.0,0.0,0.0,0.0,0.0,148.75738884539157,0.0,0.0,0.0,163.3275862765971,735.9589245646697,0.0,-471.03053684689695,0.0,0.0,0.0,33.68297862887027,0.0,0.0,0.0,0.0,0.0,0.0,-33.68297862887026,0.0,163.3275862765971,0.0,0.0,0.0,0.0,0.0,0.0,0.0,4.905283379469035,4.905283379469035,0.0,-187.91665189646233,-995.4358047458422,661.1314960929677,0.0,-16.84148931443513,0.0,217.3951774565603,0.0,0.0,0.0,0.0,0.0,0.0,0.0,0.0,0.0,0.0,0.0,0.0,0.0,0.0,0.0,0.0,0.0,-7.017287214347974,0.0,-720.4395776668867,1000.0,0.0,0.0,0.0,0.0,0.0,-0.7017287214347971,0.0,13.15801442381047,0.0,0.0,0.0,0.0,0.0,0.0,0.0,1000.0,16.84148931443513,16.84148931443513,0.0,0.0,0.0,0.0,0.0,0.061752127486317664,445.50976936696594,0.0,0.0,-217.3951774565603,0.0,0.0,0.0,0.0,0.0,0.0,0.0,0.0,0.0,0.0,0.0,0.0,0.0,0.0,0.0,0.0,0.0,9.93583992341793,0.0,58.94521260052295,85.98644206233689,0.0,0.0,0.0,0.0,0.0,445.50976936696594,0.0,542.5373718290406,0.0,0.0,0.0,-7.017287214347974,0.0,0.0,0.0,0.0,0.0,0.0,0.0,0.0,0.0,0.0,0.0,0.0,0.0,0.0,0.0,0.0,0.0,0.0,-0.056138297714783764,0.0,0.0,2.806914885739188,-378.1198854616566,0.0,0.0,0.0,0.0,0.0,0.0,0.0,0.0,-617.843254725098,1.403457442869594,0.0,0.0,0.0,0.056138297714783764,0.0,56.13829771478376,-7.4670323681650554,11.227659542956753,0.40098784081988403,176.49753047108257,-0.04210372328608782,360.92151755487816,1.1227659542956754,-0.28069148857386494,-176.49753047108257,16.84148931443513,-0.056138297714783764,0.0,68.77234045704324,0.014034574428695941,0.40098784081988403,0.0,-90.6010101344931,3.782517425173359,-170.9700617695417,-0.056138297714783764,0.014034574428695941,-176.49753047108257,5.613829771478376,0.056138297714783764,0.056138297714783764,-445.39187894176484,-81.60204101081229,-37.83340442963015,-0.04210372328608782,16.84148931443513,0.056138297714783764,16.84148931443513,-28.06914885739188,-0.028069148857391882,-163.69788207111623,-85.0,-0.04210372328608782,-0.056138297714783764,-7.4670323681650554,0.056138297714783764,5.613829771478376,-1.1227659542956754,79.33003193080684,79.33003193080684,-5.613829771478376,170.9700617695417,-79.33003193080684,11.227659542956753,0.08420744657217565,-718.8681434714297,5.613829771478376,-144.75021543753593,68.77234045704324,-11.227659542956753,0.028069148857391882,0.5613829771478377,138.04590153690765,96.0,-0.056138297714783764,-458.1408863527921,445.39187894176484,17.40287229158297,0.056138297714783764,90.6010101344931,1.4063831993026383,68.77234045704324,-0.056138297714783764,-0.014034574428695941,-68.77234045704324,-0.056138297714783764,-368.90429400800355,0.05613829771522205,-0.014034574428695941,-0.014034574428695941,-0.014034574428695941,22.455319085913505,28.06914885739188,0.5613829771478377,41.59146131944229,-0.014034574428695941,276.0918030738153,2.806914885739188,6.843945290302649,0.056138297714783764,0.028069148857391882,0.028069148857391882,40.0,7.4670323681650554,0.056138297714783764,-7.4670323681650554,0.5613829771478377,0.056138297714783764,-41.59146131944229,0.056138297714783764,0.22455319085906922,0.28069148857386494,0.028069148857391882,0.014034574428695941,16.84148931443513,-0.056138297714783764,37.83340442963015,-1.8912587125866795,-83.18292263888458,359.5180601120086,-5.613829771478376,11.227659542956753,2.806914885739188,-0.056138297714783764,0.0,0.08420744657217565,-0.056138297714783764,-80.0,7.4670323681650554,162.82575756526583,0.028069148857391882,-13.687890580605298,-0.056138297714783764,-0.05613829771522205,-0.056138297714783764,0.028069148857391882,176.49753047108257,-11.227659542956753,0.056138297714783764,276.0918030738153,-0.014034574428695941,81.60204101081229,-276.0918030738153,8.420744657217563,85.0,344.28221168695984,176.49753047108257,-0.04210372328608782,458.1408863527921,-96.0,0.056138297714783764,-0.014034574428695941,2.8069148857391903,56.13829771478376,-0.028069148857391882,-0.056138297714783764,0.014034574428695941,0.0,0.0,193.3339947880933,0.0,-46.0,0.0,497.8016642623433,-31.0,0.0,-32.0,-93.0,-65.0,-525.506079534479,16.0,23.0,46.5,0.0,15.5,-445.50976936696594,-154.6984764932817,525.506079534479,65.0,-154.6984764932817,-497.8016642623433,245.39072564578115,0.0,1496.5981,hclb
7,0.0,0.0,0.0,0.0,0.0,0.0,0.0,0.0,86.76605360368296,0.0,0.0,0.0,0.0,0.0,0.0,0.0,321.0002993082203,-378.9946667204444,0.0,-165.3605602500594,0.0,0.0,0.0,0.0,0.0,92.77486446315737,0.0,0.0,0.0,700.8353103410667,219.8545344380382,-219.8545344380382,9.181549883056434,0.0,0.0,0.0,0.0,67.01516937725313,0.0,-1000.0,1000.0,0.0,0.0,0.0,0.0,0.0,0.0,0.0,325.53787215258524,0.0,0.0,660.7229711734832,0.0,0.03937938511024766,0.0,0.0,0.0,0.0,0.0,0.0,-76.43758225089718,0.0,0.0,-76.43758225089718,0.0,0.0,0.0,0.0,0.0,0.0,0.0,0.3579944100928387,0.0,0.0,0.0,0.0,0.0,0.0,0.0,0.0,0.0,0.0,0.0,0.0,21.479664605570324,0.0,0.0,0.0,-9.974935479839473,838.8850946311346,-0.008949860252320967,0.0,0.0,-0.22965484100958022,10.739832302785162,0.0,10.739832302785162,0.0,0.0,0.0,0.0,1.7899720504641934,595.2718832549995,0.0,0.0,-21.027282470638358,345.48699169649035,0.0,0.0,0.0,0.0,0.0,0.0,0.0,0.0,0.0,0.0,0.0,0.0,0.0,0.0,0.0,0.0,0.0,-541.4611553584189,0.0,0.0,10.739832302785162,0.0,11.097826712878001,11.097826712878001,0.0,0.0,0.0,0.0,0.0,-1000.0,0.0,0.0,1000.0,0.0,0.0,0.0,0.0,0.0,2.756556957714856,0.03579944100928387,0.0,0.0,0.0,0.0,-345.48699169649035,0.0,0.0,0.0,0.0,180.66962944573956,0.0,0.0,0.0,0.0,0.0,405.93608830519224,405.93608830519224,0.0,0.0,0.0,0.0,540.5611978030935,0.0,0.0,625.8264221842397,0.0,0.0,0.0,-309.08178816988243,0.0,0.0,0.0,0.0,0.0,0.0,0.0,0.0,0.0,0.0,0.0,0.0,0.0,0.0,0.0,-98.64682924596462,0.0,0.0,0.0,0.0,0.0,0.0,-660.7229711734832,67.71518860412264,-67.71518860412264,0.0,0.0,0.0,0.0,0.0,0.0,0.0,105.56342708606724,-946.6348183280172,0.0,0.0,0.0,0.0,0.0,0.0,0.0,0.0,0.0,0.0,0.0,0.0,0.0,292.93141915844785,-28.680223596286453,-686.650510628389,0.0,0.0,0.0,0.0,81.38425645806232,0.0,0.0,0.0,0.0,-76.43758225089718,-686.650510628389,219.8545344380382,0.0,0.0,0.0,0.0,0.0,0.0,0.0,221.00727643853753,7.1598882018567735,0.0,0.0,1000.0,922.3098759160379,-267.4699104167753,0.0,686.650510628389,0.0,0.0,0.0,-233.42252258055677,0.0,0.0,0.0,-93.03212294575906,0.0,0.0,-556.2631899189985,0.0,0.0,-556.2631899189985,0.0,0.0,57.740253124283186,0.0,-141.45493934548324,0.0,0.0,40.69183738359568,0.0,0.0,0.0,0.0,0.0,0.0,0.0,1000.0,0.0,0.0,0.0,0.0,0.0,0.0,-76.43758225089718,-0.0536991615139258,0.0,0.0,0.0,0.0,0.03579944100928387,0.0,0.0,0.0,-214.4845359534204,321.0002993082203,0.0,-526.3266805460178,189.51181842405876,0.0,937.8997205046419,0.0,51.286279189900114,0.0,-21.027282470638358,0.0,0.0,0.0,-3.082331870899376,0.0,-48.20394731900074,393.9506786660497,-1000.0,0.0,0.0,0.0,0.0,0.0,0.0,0.0,0.0,0.0,0.0,0.0,0.0,0.0,0.0,0.0,0.0,0.0,-932.8416328587095,0.0,-1000.0,0.0,0.0,0.0,0.0,0.0,0.0,-3.9092989582141864,0.0,0.0,0.0,0.0,0.0,0.0,500.00000000000045,0.0,0.0,0.0,-345.8041277969011,148.82595605170678,0.0,0.0,-500.00000000000045,-1.7899720504641934,273.35518364442146,-0.8949860252320967,-150.61592810217098,0.0,0.0,82.29379043003271,0.0,0.0,10.739832302785162,0.0,0.0,0.0,0.0,0.0,86.80185304469225,0.0,-292.93141915844785,292.93141915844785,292.93141915844785,106.86739426878158,0.0,0.0,-374.2451766977788,0.0,0.0,105.56342708606724,0.0,0.0,-152.87516450179436,0.0,0.0,72.84011179814323,0.0,0.0,0.0,0.0,-39.42005589907161,0.07159888201886133,0.0,0.0,0.0,0.0,0.0,0.0,0.0,0.0,0.0,0.0,0.0,0.0,0.0,0.0,0.0,0.0,0.0,0.0,0.0,0.03937938511024766,0.03937938511024766,219.8545344380382,381.7715309565911,0.0,21.479664605570324,0.0,0.0,0.0,618.6362583575785,0.0,0.0,0.0,0.0,0.0,358.17385389004886,-618.6362583575785,0.0,0.0,0.0,0.0,0.0,72.84011179814323,0.0,0.0,0.0,0.0,0.0,0.0,0.0,180.48705178613963,214.4845359534204,0.0,0.0,2.756556957714856,0.0,-0.22965484100958022,0.0,-81.38425645806232,0.0,358.17385389004886,0.0,0.0,318.75379799097726,0.0,0.0,292.93141915844785,0.0,0.0,0.0,0.0,0.0,0.0,0.0,0.0,0.0,0.0,0.0,0.0,0.0,21.479664605570324,0.0,0.0,0.0,0.0,0.0,0.0,0.0,0.0,0.0,0.0,0.0,0.0,0.3579944100928387,0.0,219.8545344380382,0.0,0.0,219.8545344380382,-660.7229711734832,0.0,0.0,10.739832302785162,0.0,0.0,0.0,0.0,0.0,0.0,0.0,0.0,0.0,0.0,0.0,0.0,0.0,10.739832302785162,10.739832302785162,1000.0,-618.6362583575785,0.0,72.84011179814323,0.0,0.0,0.0,0.0,0.0,-987.9161888723079,105.56342708606724,-1000.0,0.03579944100928387,0.0,0.0,-750.0000000002626,752.8869692073685,0.0,0.0,0.22965484100958022,0.0,0.0,0.0,0.0,0.0,0.0,0.0,0.0,0.0,0.0,0.0,0.0,0.0,0.0,0.03579944100928387,0.0,0.0,0.0,0.0,0.0,0.0,0.0,0.0,0.0,-3.9092989582141864,0.0,0.0,0.0,-67.15836714129046,-2.6849580756962905,-1.7899720504641934,0.0,0.0,0.0,0.0,0.0,0.0,0.0,0.0,0.0,0.0,0.0,0.0,0.0,0.0,0.0,0.0,84.08376248049692,0.0,0.0,0.0,86.76605360368296,0.0,0.0,0.03579944100928387,0.0,0.03579944100928387,0.0,0.0,0.0,21.479664605570324,43.67531803132633,43.67531803132633,0.0,0.0,0.0,0.0,0.0,0.0,0.0,0.0,0.0,105.56342708606724,0.0,0.0,0.0,0.0,0.0,0.0,0.0,0.0,0.0,0.0,0.0,0.0,0.0,0.0,0.0,0.0,0.0,81.38425645806232,0.0,-110.08663295584938,110.08663295584938,0.0536991615139258,0.0,0.0,0.0,-10.739832302785162,0.0,0.0,0.0,0.0,0.0,-381.7715309565911,1.7899720504641934,0.0,0.0,0.0,0.0,-540.5611978030935,0.0,0.0,0.0,0.0,0.0,0.0,0.0,0.0,0.0,0.0,0.0,0.0,0.0,88.84011179814323,0.0,57.84011179814323,-21.027282470638358,0.0,0.0,0.0,0.0,0.0,-277.0978406118831,0.0,1.7899720504641934,925.4680921922534,0.0,0.0,-219.8545344380382,-152.87516450179436,0.0,0.0,0.0,0.0,0.0,0.0,0.0,0.0,0.0,384.4564890322874,-389.8264051836799,43.67531803132633,0.0,219.8545344380382,219.8545344380382,0.0,0.0,0.0,0.0,0.0,0.0,221.00727643853753,0.0,0.0,0.0,-2.8869692071058353,68.64694537197734,0.0,10.739832302785162,0.0,0.0,0.0,0.0,-25.0267213267428,0.0,0.0,0.03937938511024766,0.0,0.0,0.0,21.837659015663164,0.0,0.0,0.0,0.0,-28.680223596286453,0.0,345.48699169649035,0.0,0.0,0.0,0.0,0.0,0.0,-211.31038977811906,0.0,220.34476519585232,0.003579944100928387,0.0,0.0,0.0,0.0,0.0,0.0,0.0,0.0,0.0,-750.0000000002626,219.8545344380382,0.0,0.0,0.0,0.0,381.7715309565911,0.0,0.0,0.0,0.0,0.0,0.0,0.0,0.0,0.0,0.0,0.0,0.0,0.0,0.0,-378.9946667204444,0.0,0.0,0.0,21.479664605570324,0.0,0.0,0.0,0.0,0.0,0.0,-21.479664605570324,0.0,0.0,0.0,0.0,0.0,0.0,0.0,0.0,0.0,219.8545344380382,219.8545344380382,0.0,1000.0,1.3063730487413636,24.522617091359454,0.0,-10.739832302785162,0.0,67.01516937725313,0.0,0.0,0.0,0.0,0.0,0.0,0.0,0.0,0.0,250.00000000000003,0.0,-250.0,-250.0,0.0,0.0,0.0,0.0,-4.4749301261604835,0.0,-2.6849580756962905,387.1414471079837,0.0,0.0,0.0,0.0,0.0,0.0,-0.44749301261604846,152.87516450179436,0.0,0.0,0.0,0.0,0.0,0.0,0.0,1000.0,10.739832302785162,10.739832302785162,0.0,0.0,0.0,0.0,0.0,0.03937938511024766,381.7715309565911,0.0,0.0,-67.01516937725313,220.3411852517514,0.0,0.0,0.0,0.0,0.0,0.0,0.0,0.0,0.0,0.0,0.0,0.0,0.0,8.655884246346005,0.0,0.0,11.097826712878001,0.0,37.58941305974807,0.0,0.0,2.756556957714856,0.0,0.0,0.0,381.7715309565911,0.0,-1.7899720504641934,0.0,0.0,0.0,-4.4749301261604835,0.0,0.0,0.0,0.0,0.0,0.0,0.0,0.0,0.0,0.0,0.0,0.0,0.0,0.0,0.0,0.0,0.0,0.0,-0.03579944100928387,0.0,0.0,1.7899720504641934,-358.17385389004886,0.0,0.0,0.0,0.0,0.0,0.0,0.0,0.0,3.082331870899376,0.8949860252320967,0.0,0.0,92.77486446315737,0.03579944100928387,0.0,35.79944100928387,0.0,7.1598882018567735,0.2557102929234562,122.07609384165801,-0.0268495807569629,1.7899720504641934,0.7159888201856774,-0.17899720504660863,-122.07609384165801,10.73983230278516,-0.03579944100928387,7.009094156879453,72.84011179814323,0.008949860252320967,0.2557102929234562,-21.027282470638358,-5.69927100867838,219.13854561785251,223.35492766228344,-0.03579944100928387,0.008949860252320967,-122.07609384165801,3.5799441009283868,0.03579944100928387,0.03579944100928387,-381.6963521304716,0.039379385110204196,-6.54704084085132,-0.0268495807569629,10.739832302785162,0.03579944100928387,10.739832302785162,-17.899720504641934,-0.017899720504641933,-132.0680236636115,-85.0,-0.0268495807569629,-0.03579944100928387,0.0,0.03579944100928387,3.5799441009283868,-0.7159888201856774,81.38425645806232,81.38425645806232,-3.5799441009283868,-223.35492766228344,-81.38425645806232,7.1598882018567735,0.0536991615139258,-1000.0,3.5799441009283868,-180.48705178613963,72.84011179814323,-7.1598882018567735,0.017899720504641933,0.3579944100928387,131.58167013650444,96.0,-0.03579944100928387,-389.8264051836799,381.6963521304716,11.097826712878001,0.03579944100928387,5.69927100867838,29.880782587002514,72.84011179814323,-0.03579944100928387,-0.008949860252320967,-72.84011179814323,-0.03579944100928387,-384.90704759556195,0.03579944100928387,-0.008949860252320967,-0.008949860252320967,-0.008949860252320967,14.319776403713547,17.899720504641934,0.3579944100928387,106.43875824667386,-0.008949860252320967,256.15424611612946,1.7899720504641934,21.5,0.03579944100928387,0.017899720504641933,0.017899720504641933,40.0,0.0,0.03579944100928387,0.0,0.3579944100928387,0.03579944100928387,-266.2704530245148,0.03579944100928387,0.14319776403732476,0.17899720504660863,0.017899720504641933,0.008949860252320967,10.739832302785162,-0.03579944100928387,6.54704084085132,-109.56927280892626,-212.8775164933477,0.8949860252320967,-3.5799441009283868,7.1598882018567735,1.7899720504641934,-0.03579944100928387,21.027282470638358,0.0536991615139258,-0.03579944100928387,-80.0,0.0,136.43063002898654,0.017899720504641933,-43.0,-0.03579944100928387,-0.03579944100928387,-0.035799441009283874,0.017899720504641933,122.07609384165801,-7.1598882018567735,0.03579944100928387,263.1633402730089,-0.008949860252320967,-0.039379385110204196,-263.1633402730089,5.36991615139258,85.0,807.3141834181662,122.07609384165801,-0.0268495807569629,389.8264051836799,-96.0,0.03579944100928387,-0.00894986025232096,1.7899720504641934,35.79944100928387,-0.017899720504641933,-0.03579944100928387,0.008949860252320967,0.0,0.0,103.35675252407755,159.83169477784094,-46.0,0.0,-108.0,-31.0,0.0,-32.0,-93.0,-65.0,-896.6253477554178,16.0,23.0,46.5,0.0,15.5,-381.7715309565911,-111.40390870224374,896.6253477554178,65.0,-111.40390870224374,108.0,-70.73036334396545,0.0,1496.5981,hclb
8,0.0,0.0,0.0,0.0,0.0,0.0,0.0,0.0,-0.019804724232855217,0.0,0.0,0.0,0.0,0.0,0.0,0.0,887.1529436421481,-749.5,0.0,0.0,0.0,0.0,0.0,0.0,0.0,0.0,0.0,0.0,0.0,-1000.0,294.4591192345655,-294.4591192345655,30.562315594453395,0.0,0.0,0.0,0.0,261.1701653764982,0.0,-1000.0,1000.0,0.0,0.0,612.8470563578519,0.0,0.0,0.0,0.0,-500.0,0.0,0.0,0.0,0.0,0.02178519665664322,0.0,0.0,0.0,0.0,0.0,0.0,-99.8971757922954,0.0,556.4455765491737,456.54840075687827,0.0,0.0,0.0,0.0,81.34519723758774,314.6284219960494,0.0,0.1980472423285522,0.0,0.0,0.0,0.0,0.0,0.0,0.0,249.58087712986972,0.0,0.0,0.0,0.0,11.88283453971313,0.0,0.0,-57.80234692442486,193.36393093266798,-136.9255492105674,-0.004951181058213804,0.0,0.0,-556.7075971836672,5.941417269856565,0.0,5.941417269856565,-166.48559300229064,0.0,0.0,0.0,0.9902362116427609,-1000.0,0.0,0.0,0.0,298.0347294712846,0.0,0.0,0.0,0.0,0.0,0.0,0.0,0.0,0.0,0.0,0.0,0.0,0.0,0.0,0.0,0.0,0.0,-536.7134683470454,0.0,0.0,5.941417269856565,0.0,6.139464512185117,0.0,0.0,0.0,0.0,0.0,0.0,0.0,0.0,0.0,0.0,0.0,0.0,0.0,0.0,0.0,1.524963765929858,0.019804724232855217,0.0,0.0,0.0,-298.0347294712846,0.0,0.0,0.0,0.0,0.0,48.39348799760365,0.0,0.0,0.0,0.0,0.0,333.4729818717049,333.4729818717049,0.0,0.0,0.0,0.0,-937.7420495074334,0.0,0.0,627.9519058305033,0.0,0.0,0.0,-757.8080506272561,-792.4449316112755,0.0,0.0,0.0,0.0,0.0,0.0,0.0,0.0,0.0,0.0,0.0,0.0,0.0,0.0,-564.8368245388153,0.0,0.0,0.0,0.0,0.0,0.0,0.0,-56.43838172210058,56.43838172210058,0.0,0.0,0.0,0.0,0.0,0.0,0.0,0.0,0.0,0.0,0.0,0.0,0.0,0.0,0.0,0.0,0.0,0.0,0.0,0.0,0.0,0.0,291.82375366204917,-35.078110306857916,612.8470563578519,0.0,0.0,0.0,0.0,82.99972285248163,0.0,0.0,0.0,0.0,-99.8971757922954,0.0,294.4591192345655,0.0,0.0,0.0,0.0,0.0,0.0,0.0,128.61123835257322,3.9609448465710435,0.0,0.0,750.1976873452315,1000.0,-614.2407286465254,0.0,-612.8470563578519,0.0,0.0,0.0,24.161763564083365,0.0,0.0,0.0,-51.07250599636211,0.0,0.0,-463.34662287356826,-500.0000000023874,-500.0000000023874,-963.3466228711809,1000.0,-1000.0,136.9255492105674,0.0,-248.13603479767562,0.0,0.0,-27.74454224281557,0.0,0.0,0.0,0.0,0.0,0.0,0.0,627.9122963820375,0.0,0.0,0.0,0.0,0.0,0.0,-99.8971757922954,-0.029707086349282825,0.0,0.0,0.0,0.0,0.019804724232855217,0.0,0.0,0.0,347.2844460639039,887.1529436421481,0.0,-381.7440831954414,178.09736073605401,792.4449316112755,967.2958211566547,0.0,0.0,0.0,0.0,0.0,0.0,0.0,-1.7051867564493364,610.4920239591346,-608.7868372026853,-948.6799349507272,-500.00000000000045,0.0,0.0,0.0,0.0,0.0,0.0,0.0,0.0,0.0,0.0,0.0,0.0,0.0,0.0,0.0,0.0,0.0,0.0,0.0,-1000.0,0.0,738.7506157265703,0.0,0.0,0.0,0.0,164.3229171160624,0.0,0.0,0.0,0.0,0.0,0.0,0.0,-479.04020719601556,-0.49511810582138044,-691.8372211967223,-1000.0,0.0,0.0,582.1197760231458,0.0,478.0499709843728,232.06319585531622,0.0,-0.9902362116427609,500.0000000000143,0.0,-516.2954732196955,0.0,899.3960217019767,5.941417269856565,-500.0000000023874,500.0000000023874,0.0,0.0,0.0,0.0,0.0,-291.82375366204917,291.82375366204917,291.82375366204917,89.03905515342896,0.0,0.0,0.0,0.0,0.0,0.0,0.0,0.0,-199.7943515845908,0.0,0.0,38.645596113201805,0.0,0.0,0.0,0.0,-41.01952757671448,0.039609448465730696,0.0,0.0,0.0,0.0,0.0,0.0,0.0,0.0,0.0,0.0,0.0,0.0,0.0,0.0,0.0,0.0,0.0,0.0,0.0,0.02178519665664322,0.02178519665664322,294.4591192345655,383.86280881547816,0.0,11.88283453971313,0.0,0.0,0.0,352.7213398843967,0.0,175.4081875663207,0.0,0.0,0.0,256.7758803107815,-352.7213398843967,0.0,0.0,0.0,0.0,0.0,38.645596113201805,0.0,0.0,0.0,0.0,0.0,0.0,0.0,178.90448944901513,-347.2844460639039,0.0,0.0,1.524963765929858,0.0,360.29267996385124,-917.0002771475183,-1000.0,0.0,256.7758803107815,0.0,715.7563527329016,-499.9999999988347,0.0,0.0,291.82375366204917,0.0,0.0,0.0,0.0,0.0,0.0,0.0,0.0,0.0,0.0,0.0,0.0,0.0,11.88283453971313,0.0,0.0,0.0,0.0,0.0,0.0,0.0,0.0,0.0,0.0,0.0,0.0,0.1980472423285522,0.0,294.4591192345655,0.0,0.0,294.4591192345655,0.0,0.0,0.0,5.941417269856565,0.0,0.0,0.0,0.0,0.0,0.0,0.0,0.0,0.0,0.0,324.60190951697115,-297.8785943990567,0.0,5.941417269856565,5.941417269856565,58.56346462432206,-352.7213398843967,0.0,38.645596113201805,0.0,0.0,0.0,0.0,0.0,948.6799349507272,0.0,1000.0,0.019804724232855217,0.0,0.0,0.0,26.15496759580429,0.0,0.0,556.7075971836671,0.0,0.0,0.0,0.0,0.0,0.0,0.0,0.0,0.0,0.0,0.0,0.0,0.0,0.0,0.019804724232855217,0.0,0.0,0.0,-294.3452715317952,294.3452715317952,0.0,0.0,0.0,738.7506157265703,-3.1529120978709955,167.4758292139334,0.0,0.0,-1000.0,-1.4853543174641413,-0.9902362116427609,0.0,0.0,0.0,0.0,0.0,0.0,0.0,0.0,0.0,0.0,0.0,0.0,0.0,792.4449316112755,0.0,0.0,384.090784693924,0.0,0.0,0.0,-0.019804724232855217,0.0,0.0,0.019804724232855217,0.0,0.019804724232855217,0.0,395.9736192336372,0.0,11.88283453971313,24.161763564083365,24.161763564083365,0.0,0.0,0.0,0.0,0.0,0.0,0.0,0.0,0.0,0.0,0.0,0.0,0.0,0.0,0.0,0.0,0.0,0.0,0.0,0.0,0.0,0.0,0.0,0.0,0.0,0.0,0.0,82.99972285248163,0.0,0.0,0.0,0.029707086349282825,0.0,0.0,0.0,-5.941417269856565,0.0,0.0,0.0,0.0,0.0,-383.86280881547816,0.9902362116427609,0.0,0.0,0.0,0.0,937.7420495074334,-167.4758292139334,0.0,0.0,0.0,0.0,0.0,0.0,0.0,0.0,0.0,0.0,0.0,276.82830761320037,92.03905515342896,0.0,61.039055153428954,0.0,0.0,0.0,0.0,0.0,0.0,0.0,0.0,0.9902362116427609,923.0269587965845,0.0,0.0,-294.4591192345655,-199.7943515845908,0.0,0.0,0.0,0.0,0.0,0.0,0.0,0.0,0.0,0.0,-2.970708634928126,24.161763564083365,0.0,0.0,0.0,294.4591192345655,0.0,0.0,0.0,0.0,0.0,128.61123835257322,0.0,0.0,385.3481631329423,-26.15496759580429,0.0,0.0,5.941417269856565,0.0,0.0,0.0,0.0,-120.78892264226658,0.0,0.0,0.02178519665664322,0.0,0.0,0.0,12.080881782041683,0.0,0.0,0.0,0.0,-35.078110306857916,0.0,298.0347294712846,0.0,0.0,0.0,0.0,0.0,0.0,0.0,0.0,0.0019804724232855234,0.0019804724232855234,0.0,0.0,0.0,0.0,0.0,0.0,0.0,0.0,0.0,0.0,294.4591192345655,0.0,0.0,0.0,0.0,383.86280881547816,0.0,0.0,0.0,0.0,0.0,0.0,0.0,0.0,0.0,0.0,0.0,0.0,1000.0,26.169852486620528,-749.5,0.0,0.0,0.0,11.88283453971313,0.0,0.0,0.0,0.0,0.0,0.0,-11.88283453971313,0.0,0.0,0.0,0.0,0.0,0.0,0.0,0.0,0.0,294.4591192345655,294.4591192345655,0.0,-500.00000000000045,-1000.0,13.566236099505826,0.0,-5.941417269856565,0.0,999.9207811030685,0.0,0.0,0.0,0.0,0.0,0.0,0.0,0.0,0.0,750.0,0.0,-750.0,-750.0,0.0,0.0,0.0,0.0,-2.4755905291069022,0.0,-1.4853543174641413,1.485354317464143,0.0,0.0,0.0,0.0,0.0,0.0,-0.24755905291069022,199.7943515845908,0.0,0.0,0.0,0.0,0.0,0.0,0.0,1000.0,5.941417269856565,5.941417269856565,0.0,0.0,0.0,0.0,249.58087712986972,0.02178519665664322,383.86280881547816,0.0,0.0,-999.9207811030685,0.0,0.0,0.0,0.0,0.0,0.0,0.0,0.0,0.0,0.0,0.0,0.0,0.0,0.0,197.9868096168186,0.0,0.0,0.0,0.0,20.794960444497978,1.524963765929858,0.0,0.0,0.0,0.0,0.0,383.86280881547816,0.0,0.0,0.0,0.0,0.0,-2.4755905291069022,0.0,0.0,0.0,0.0,0.0,0.0,0.0,0.0,0.0,0.0,0.0,0.0,0.0,0.0,0.0,0.0,0.0,0.0,-0.019804724232855217,0.0,0.0,0.9902362116427609,-256.7758803107815,0.0,0.0,0.0,0.0,0.0,0.0,0.0,0.0,1.7051867564493364,0.49511810582138044,0.0,0.0,0.0,0.019804724232855217,0.0,19.804724232855218,-6.139464512185117,3.9609448465710435,0.14146231594896583,55.25518060966605,-0.014853543174641413,0.9902362116427366,0.3960944846571044,-0.09902362116433454,-55.25518060966605,5.941417269856565,-0.019804724232855217,0.0,38.645596113201805,0.004951181058213804,0.14146231594896583,0.0,-3.1529120978709955,294.0630247499084,-137.6529436421481,-0.019804724232855224,0.004951181058213804,-55.25518060966605,1.9804724232855218,0.01980472423285522,0.019804724232855217,-383.82121889458864,0.021785196656140746,-71.58184317116788,-0.014853543174641413,5.941417269856565,0.01980472423285522,5.941417269856565,-9.902362116427609,-0.009902362116427608,23.188355173564226,-85.0,-0.014853543174641413,-0.01980472423285522,-6.139464512185117,0.019804724232855217,1.9804724232855218,-0.3960944846571044,82.99972285248163,82.99972285248163,-1.9804724232855218,137.6529436421481,-82.99972285248163,3.960944846571044,0.029707086349282825,264.44053431367695,1.9804724232855218,-178.90448944901513,38.645596113201805,-3.9609448465710435,0.009902362116427608,0.1980472423285522,95.43602079886035,96.0,-0.019804724232855217,-388.31887176787046,383.82121889458864,6.139464512185117,0.019804724232855397,3.1529120978709955,14.879927033775758,38.645596113201805,-0.019804724232855217,-0.004951181058213804,-38.645596113201805,-0.01980472423285522,-339.0542570479991,0.019804724232912064,-0.004951181058213804,-0.004951181058213804,-0.004951181058213804,7.921889693142087,9.902362116427609,0.1980472423285522,14.672825066017296,-0.004951181058213804,190.8720415977207,0.9902362116427609,21.5,0.019804724232855217,0.009902362116427608,0.00990236211642761,21.303270479886425,6.139464512185117,0.019804724232855217,-6.139464512185117,0.1980472423285522,0.01980472423285522,-14.672825066017296,0.019804724232855224,0.07921889693147932,0.09902362116433454,0.009902362116427608,0.004951181058213804,5.941417269856565,-0.01980472423285522,71.58184317116788,-147.0315123749542,-29.345650132034592,0.4951181058214047,-1.9804724232855218,3.9609448465710435,0.9902362116427609,-0.019804724232855224,0.0,0.029707086349282825,-0.01980472423285522,-42.60654095977285,6.139464512185117,195.3252906426412,0.00990236211642761,-43.0,-0.01980472423285522,-0.019804724232912064,-0.01980472423285522,0.00990236211642761,55.25518060966605,-3.9609448465710435,0.019804724232855217,190.8720415977207,-0.004951181058213804,-0.021785196656140746,-190.8720415977207,2.970708634928282,85.0,-161.17651128054044,55.25518060966605,-0.014853543174641413,388.31887176787046,-96.0,0.019804724232855224,-0.004951181058213806,0.9902362116427609,19.804724232855218,-0.009902362116427608,-0.019804724232855397,0.004951181058213804,0.0,0.0,-264.45043667579336,0.0,-46.0,0.0,-108.0,-31.0,0.0,-32.0,-93.0,-65.0,0.0,16.0,23.0,46.5,0.0,15.5,-383.86280881547816,-74.53636800037461,0.0,65.0,-74.53636800037461,108.0,-62.43019972853064,0.0,1496.5981,hclb
9,0.0,0.0,0.0,0.0,0.0,0.0,0.0,0.0,-0.056147916666393335,0.0,0.0,0.0,0.0,0.0,0.0,0.0,0.08422187499959,0.0,0.0,-136.27908659501202,0.0,0.0,0.0,562.9085428181595,0.0,0.0,0.0,0.0,0.0,-549.4318712731899,0.0,0.0,543.366395951019,0.0,0.0,0.0,0.0,626.006320604251,0.0,-1000.0,1000.0,0.0,0.0,0.0,0.0,0.0,0.0,122.16338091500049,549.3476493981904,-856.9198884888374,0.0,0.0,0.0,0.061762708332988456,0.0,0.0,0.0,133.39296424827916,0.0,0.0,10.80280146161283,0.0,0.0,-36.43988250648715,0.0,0.0,0.0,0.0,72.81144270854429,146.4221908526137,0.0,0.5614791666639334,0.0,0.0,0.0,0.0,0.0,0.0,0.0,0.0,0.0,0.0,-168.09820648563903,0.0,33.688749999836006,0.0,0.0,-166.01800650082419,-799.4907376829252,1000.0,-0.014036979166598334,0.0,0.0,97.9326743452358,16.844374999918003,0.0,16.844374999918003,-1.8079629166581555,649.7792908158007,0.0,0.0,2.8073958333196667,-549.4318712731899,0.0,0.0,0.0,0.0,0.0,0.0,0.0,0.0,0.0,0.0,0.0,0.0,0.0,0.0,0.0,0.0,0.0,0.0,0.0,0.0,0.0,-674.7614521399864,0.0,0.0,16.844374999918003,0.0,17.405854166581936,9.523471347606801,0.0,-1000.0,375.0,625.0,-625.0,-523.0670468939261,0.0,0.0,475.8243629258261,0.0,0.0,0.0,0.0,0.0,172.4215960689513,0.05614791666639333,0.0,0.0,0.0,500.00000000000045,-500.00000000000045,0.0,0.0,0.0,0.0,13.89817946879284,0.0,0.0,0.0,0.0,0.0,863.99789582916,863.99789582916,0.0,0.0,0.0,0.0,-1000.0,0.0,0.0,864.0540437458264,0.0,0.0,0.0,439.69192459556723,0.0,0.0,0.0,0.0,0.0,0.0,0.0,0.0,0.0,0.0,0.0,0.0,0.0,0.0,0.0,-444.5495679377003,0.0,0.0,0.0,0.0,0.0,856.9198884888374,0.0,616.6703571026338,-616.6703571026338,0.0,0.0,0.0,0.0,0.0,0.0,0.0,0.0,486.55801730075564,0.0,0.0,0.0,0.0,0.0,0.0,0.0,0.0,0.0,0.0,0.0,0.0,0.0,228.2843862612598,-20.540833333442663,0.0,0.0,0.0,0.0,0.0,79.32906041669428,0.0,0.0,0.0,0.0,10.80280146161283,0.0,0.0,0.0,237.27143561081743,0.0,0.0,0.0,0.0,0.0,0.0,0.0,0.0,0.0,1000.0,-416.16109478555904,1000.0,0.0,0.0,0.0,0.0,47.24268396809995,-568.6356303181316,0.0,0.0,0.0,407.05360872035726,0.0,0.0,-1000.0,0.0,0.0,-749.9999999999999,-250.00000000000023,250.00000000000023,-182.82038058029138,0.0,97.06162761025564,856.9198884888374,0.0,96.37056977775673,0.0,0.0,0.0,-326.3890627137106,0.0,326.3890627137106,0.0,1000.0,47.24268396809995,0.0,0.0,0.0,0.0,0.0,10.80280146161283,-0.08422187499959,0.0,0.0,0.0,0.0,0.05614791666639333,0.0,0.0,0.0,348.37613252108804,0.08422187499959,0.0,-367.984382659339,-375.79049454428826,0.0,900.8312743650968,0.0,80.43750541627504,0.0,0.0,0.0,0.0,0.0,-4.834335624976421,0.0,-75.60316979129863,-1000.0,-1000.0,0.0,0.0,0.0,0.0,0.0,0.0,0.0,0.0,0.0,0.0,0.0,0.0,0.0,0.0,0.0,0.0,237.27143561081743,-373.76908772908337,0.0,-1000.0,0.0,0.0,0.0,0.0,0.0,0.0,-172.4215960689513,0.0,817.8774973014397,0.0,0.0,0.0,0.0,0.0,-764.1155658677064,-322.839742516675,-72.81144270854429,0.0,0.0,0.0,0.0,0.0,761.3081700343868,0.0,321.4360446000152,-2.8073958333196667,0.0,0.0,-361.44589105918794,0.0,449.6980108509904,16.844374999918003,-250.0000000011937,250.0000000011937,0.0,0.0,0.0,0.0,436.172947842041,207.88856158078107,-207.88856158078107,-207.88856158078107,-450.2751799610645,0.0,0.0,-136.0582520875064,0.0,0.0,0.0,0.0,0.0,-25.637081044874282,0.0,0.0,116.01310063482128,0.0,0.0,0.0,0.0,-37.385208333360666,0.11229583333272442,0.0,0.0,0.0,0.0,0.0,0.0,0.0,0.0,0.0,171.9909495930579,0.0,0.0,0.0,0.0,0.0,0.0,0.0,0.0,0.0,0.061762708332988456,0.061762708332988456,0.0,313.05480292798114,0.0,33.688749999836006,0.0,0.0,0.0,1000.0,0.0,0.0,0.0,0.0,0.0,-240.54476910413302,-1000.0,0.0,0.0,0.0,0.0,0.0,116.01310063482128,0.0,0.0,0.0,0.0,0.0,0.0,0.0,224.92048404666215,-348.37613252108804,0.0,0.0,4.323389583312286,0.0,18.60361392854152,79.32906041669428,0.0,0.0,-240.54476910413302,0.0,0.0,-277.9299774374937,500.00000000000045,-500.00000000000045,228.2843862612598,0.0,0.0,0.0,0.0,0.0,0.0,0.0,0.0,0.0,0.0,0.0,0.0,0.0,33.688749999836006,47.24268396809998,47.24268396809995,0.0,0.0,0.0,0.0,0.0,0.0,0.0,0.0,0.0,0.0,0.5614791666639334,0.0,0.0,0.0,0.0,0.0,0.0,0.0,0.0,16.844374999918003,0.0,0.0,0.0,0.0,0.0,0.0,0.0,0.0,0.0,0.0,0.0,963.3159597818731,0.0,16.844374999918003,16.844374999918003,-439.80609021733346,-1000.0,0.0,116.01310063482128,0.0,0.0,0.0,0.0,0.0,549.4318712731899,0.0,1000.0,0.05614791666639333,0.0,0.0,0.0,36.05745969849752,532.0455966277859,0.0,-97.9326743452358,0.0,-47.24268396809995,0.0,0.0,0.0,0.0,0.0,0.0,0.0,0.0,0.0,0.0,0.0,0.0,0.05614791666639333,0.0,0.0,0.0,-673.5759711576186,673.5759711576186,0.0,0.0,0.0,0.0,-177.0369548189291,822.4928560514176,0.0,0.0,-626.2309122709166,-4.211093749979501,-2.807395833319666,0.0,0.0,0.0,0.0,0.0,0.0,0.0,0.0,0.0,0.0,0.0,0.0,47.24268396809998,0.0,0.0,0.0,91.05951562512213,0.0,0.0,0.0,-0.05614791666639333,0.0,0.0,0.05614791666639333,0.0,0.05614791666639333,0.0,0.0,0.0,33.688749999836006,68.50045833299987,68.50045833299987,0.0,0.0,0.0,0.0,0.0,0.0,168.09820648563903,0.0,0.0,0.0,0.0,0.0,0.0,0.0,0.0,0.0,0.0,0.0,0.0,0.0,0.0,0.0,0.0,0.0,0.0,0.0,0.0,79.32906041669428,0.0,-384.1620687442409,384.1620687442409,0.08422187499959,0.0,0.0,0.0,-16.844374999918003,0.0,0.0,0.0,0.0,0.0,-313.05480292798114,2.8073958333196667,0.0,0.0,0.0,0.0,1000.0,-4.615358749977821,0.0,0.0,0.0,0.0,0.0,0.0,0.0,0.0,47.24268396809998,0.0,0.0,0.0,84.77041666672133,0.0,53.77041666672133,532.0455966277859,0.0,0.0,817.8774973014397,-817.8774973014397,0.0,-637.1360886511314,0.0,2.807395833319666,1000.0,0.0,0.0,0.0,-25.637081044874282,0.0,0.0,-500.00000000000045,500.00000000000045,0.0,0.0,0.0,0.0,0.0,-4.211093749979522,-4.211093749979568,68.50045833299987,0.0,0.0,0.0,0.0,0.0,0.0,0.0,0.0,0.0,0.0,0.0,0.0,321.47699042794017,-208.04840929155543,-973.04708124944,0.0,16.844374999918003,0.0,0.0,0.0,0.0,-68.94361686747908,0.0,0.0,0.061762708332988456,0.0,0.0,0.0,34.250229166499935,0.0,0.0,0.0,0.0,-20.540833333442663,0.0,0.0,0.0,0.0,0.0,0.0,0.0,0.0,0.0,0.0,341.9780339493716,0.005614791666639494,0.0,0.0,0.0,0.0,0.0,0.0,0.0,0.0,0.0,0.0,0.0,0.0,0.0,0.0,0.0,313.05480292798114,0.0,0.0,0.0,0.0,0.0,0.0,0.0,856.9198884888374,0.0,0.0,0.0,0.0,0.0,510.2986341634331,0.0,0.0,0.0,0.0,33.688749999836006,0.0,0.0,0.0,0.0,0.0,-33.688749999836006,0.0,0.0,0.0,0.0,0.0,0.0,0.0,0.0,0.0,0.0,0.0,0.0,0.0,-1000.0,-1000.0,38.46132291647943,0.0,-16.844374999918003,0.0,626.006320604251,0.0,0.0,0.0,0.0,0.0,0.0,0.0,0.0,0.0,875.0,0.0,-875.0,-875.0,0.0,0.0,0.0,0.0,-7.018489583299166,47.24268396809995,-4.211093749979501,0.0,0.0,0.0,0.0,0.0,0.0,0.0,-0.7018489583299168,25.637081044874282,0.0,0.0,0.0,0.0,0.0,0.0,0.0,1000.0,16.844374999918003,16.844374999918003,0.0,0.0,0.0,0.0,0.0,0.061762708332988456,313.05480292798114,0.0,0.0,-626.006320604251,341.97241915770496,0.0,0.0,0.0,0.0,0.0,0.0,0.0,0.0,0.0,0.0,0.0,0.0,0.0,192.08103437212046,0.0,0.0,9.523471347606801,0.0,58.95531249971301,172.4215960689513,0.0,0.0,0.0,0.0,0.0,313.05480292798114,0.0,0.0,0.0,0.0,0.0,-7.018489583299166,0.0,0.0,0.0,0.0,0.0,0.0,0.0,0.0,0.0,0.0,0.0,0.0,0.0,0.0,0.0,0.0,0.0,0.0,-0.05614791666639333,0.0,0.0,2.8073958333196667,240.54476910413302,0.0,0.0,0.0,0.0,47.24268396809995,0.0,0.0,0.0,4.834335624976421,1.4036979166598371,0.0,0.0,0.0,0.05614791666639333,0.0,56.14791666639333,-7.882382818975128,11.229583333278669,0.40105654761709525,175.699630194451,-0.042110937499795,2.8073958333196667,1.1229583333278668,-0.2807395833320925,-175.699630194451,16.844374999918003,-0.056147916666393315,0.0,116.01310063482128,0.014036979166598334,0.40105654761709525,0.0,-8.938748333290079,-1.1229583333278668,136.19486472001242,-0.056147916666393335,0.014036979166598334,-175.699630194451,5.614791666639333,0.056147916666393315,0.05614791666639333,-312.93689230298173,0.061762708333023816,-48.70600765659374,-0.042110937499795,16.844374999918003,0.056147916666393335,16.844374999918003,-28.07395833319667,-0.028073958333196668,34.8078281878009,-85.0,-0.042110937499795,-0.056147916666393335,-7.882382818975128,0.05614791666639333,5.61479166663932,-1.1229583333278668,79.32906041669428,79.32906041669428,-5.614791666639333,-136.19486472001242,-79.32906041669428,11.229583333278667,0.08422187499959,-1000.0,5.614791666639333,-224.92048404666215,116.01310063482128,-11.229583333278667,0.028073958333196668,0.5614791666639334,91.99609566483475,96.0,-0.05614791666639333,-325.68808417791973,312.93689230298173,17.405854166581936,0.056147916666393335,8.938748333290079,48.63560063514922,116.01310063482128,-0.05614791666639333,-0.014036979166598334,-116.01310063482128,-0.056147916666393335,-37.385208333360666,0.05614791666650702,-0.014036979166598334,-0.014036979166598334,-0.014036979166598334,22.459166666557334,28.07395833319667,0.5614791666639334,41.59858776021542,-0.014036979166598334,183.9921913296695,2.8073958333196667,21.5,0.05614791666639333,0.028073958333196668,0.028073958333196668,40.0,7.882382818975128,0.05614791666639333,-7.882382818975128,0.5614791666639334,0.056147916666393335,-41.59858776021542,0.056147916666393335,0.22459166666567398,0.2807395833320925,0.028073958333196668,0.014036979166598334,16.844374999918003,-0.056147916666393335,48.70600765659374,0.5614791666639334,-83.19717552043085,1.4036979166598333,-5.61479166663932,11.229583333278667,2.8073958333196667,-0.056147916666393335,0.0,0.08422187499959,-0.056147916666393335,-80.0,7.882382818975128,202.9093914406321,0.028073958333196668,-43.0,-0.056147916666393335,-0.05614791666650702,-0.056147916666393335,0.028073958333196668,175.699630194451,-11.229583333278667,0.05614791666639333,183.9921913296695,-0.014036979166598334,-0.061762708333023816,-183.9921913296695,8.422187499959,85.0,591.316566028278,175.699630194451,-0.042110937499795,325.68808417791973,-96.0,0.056147916666393335,-0.01403697916659833,2.807395833319666,56.14791666639333,-0.028073958333196668,-0.056147916666393335,0.014036979166598334,0.0,0.0,182.79230662195818,0.0,-46.0,0.0,395.38855063648566,-12.561668281560287,0.0,-32.0,-93.0,-65.0,-817.1796194197086,16.0,23.0,46.5,0.0,6.280834140780144,-313.05480292798114,-133.96577457315303,817.1796194197086,65.0,-133.96577457315303,-395.38855063648566,170.56907916734855,0.0,1496.5981,hclb
10,0.0,0.0,0.0,0.0,0.0,0.0,0.0,0.0,-0.04945701338033198,0.0,0.0,0.0,0.0,0.0,0.0,0.0,127.48196855502572,-42.22057412569787,0.0,0.0,0.0,0.0,0.0,151.87108118526248,0.0,0.0,0.0,0.0,0.0,127.48196855502572,0.0,0.0,7.507587622275604,0.0,0.0,0.0,0.0,-465.42540014199614,0.0,-1000.0,1000.0,0.0,0.0,0.0,0.0,0.0,0.0,0.0,-254.96393711005143,0.0,0.0,0.0,0.0,0.05440271471820779,0.0,0.0,0.0,0.0,0.0,0.0,59.29146458395752,0.0,0.0,-131.64947210299928,0.0,0.0,0.0,0.0,821.5318076704203,-821.5318076704203,0.0,0.4945701338033199,0.0,0.0,0.0,0.0,0.0,0.0,0.0,0.0,0.0,0.0,0.0,0.0,29.67420802819919,0.0,0.0,0.0,878.490376636659,0.0,-0.012364253345082996,0.0,0.0,680.1463399819255,14.837104014099594,0.0,14.837104014099594,0.0,0.0,0.0,0.0,244.8648549294507,-338.9074369545895,0.0,0.0,0.0,0.0,0.0,0.0,0.0,0.0,0.0,0.0,0.0,0.0,0.0,0.0,0.0,0.0,0.0,0.0,0.0,0.0,0.0,-1000.0,0.0,0.0,14.837104014099594,0.0,15.331674147902913,0.0,0.0,-249.99999999999932,1000.0,-750.0000000000007,750.0000000000007,0.0,0.0,0.0,-190.9409366869568,0.0,0.0,0.0,0.0,0.0,3.8081900302855605,0.04945701338033198,0.0,0.0,0.0,0.0,0.0,0.0,0.0,393.11684963633473,0.0,-104.45199649458624,0.0,0.0,0.0,0.0,0.0,614.3779706593679,614.3779706593679,0.0,0.0,0.0,0.0,-625.721108037984,0.0,0.0,614.4274276727482,0.0,0.0,0.0,-125.29691720457362,0.0,0.0,0.0,0.0,0.0,0.0,0.0,0.0,0.0,0.0,0.0,0.0,0.0,0.0,0.0,-968.7404576632262,0.0,0.0,0.0,0.0,0.0,0.0,0.0,-212.74336298435355,212.74336298435355,190.9409366869568,0.0,0.0,0.0,0.0,0.0,0.0,466.38940550961524,34.92166968436618,0.0,0.0,0.0,0.0,0.0,0.0,0.0,0.0,0.0,0.0,0.0,0.0,0.0,174.6760541351641,7.8354652102679125,0.0,0.0,0.0,0.0,0.0,80.00484164858646,0.0,0.0,0.0,0.0,59.29146458395752,0.0,0.0,0.0,192.21962820399787,0.0,0.0,0.0,0.0,0.0,349.5670027616402,9.891402676066397,0.0,0.0,-273.64793312999336,817.585806491019,-467.707300094405,0.0,0.0,0.0,0.0,190.9409366869568,537.9698341203872,0.0,0.0,0.0,-301.8261243156411,0.0,0.0,-1000.0,0.0,0.0,-1000.0,0.0,0.0,665.7470136523054,0.0,0.0,0.0,0.0,-132.96071100441702,0.0,0.0,0.0,38.57660761384716,0.0,-38.57660761384716,0.0,954.2431843512118,0.0,0.0,-1000.0,0.0,0.0,0.0,59.29146458395752,-0.07418552007049797,0.0,0.0,0.0,0.0,0.04945701338033198,0.0,0.0,0.0,333.390572551943,127.48196855502572,0.0,-323.1701510100373,-140.06685963212476,0.0,948.9616137510585,0.0,0.0,0.0,0.0,0.0,0.0,0.0,73.43618929604935,-73.43618929604935,0.0,-661.0925630454105,-1000.0,0.0,0.0,0.0,0.0,0.0,0.0,0.0,0.0,0.0,0.0,0.0,0.0,0.0,0.0,0.0,0.0,192.21962820399787,0.0,0.0,0.0,0.0,465.22757208847463,347.9744869307931,0.0,0.0,0.0,-353.37519279192577,0.0,0.0,0.0,0.0,242.3920042604341,0.0,0.0,-123.66885279923365,0.0,-748.095618374371,0.0,0.0,0.0,-144.28830666471276,0.0,0.0,0.0,-1.2364253345082996,-2.4728506690165992,291.64439694690145,0.0,382.4660592828985,683.1757354635047,-330.1055858444127,14.837104014099594,0.0,0.0,0.0,300.34319459054524,0.0,0.0,0.0,-174.6760541351641,174.6760541351641,174.6760541351641,-217.23459726661164,0.0,0.0,-339.9146707052242,0.0,0.0,466.38940550961524,0.0,0.0,-72.35800751904176,0.0,0.0,65.87549026304109,0.0,0.0,0.0,0.0,-7.001638803831684,0.09891402676060913,0.0,0.0,0.0,0.0,0.0,0.0,0.0,0.0,0.0,0.0,0.0,0.0,0.0,0.0,0.0,0.0,0.0,0.0,0.0,0.05440271471820779,0.05440271471820779,0.0,260.7846514590977,0.0,29.67420802819919,0.0,0.0,0.0,1000.0,0.0,209.33742041629955,0.0,0.0,0.0,0.8206504363488694,-1000.0,0.0,0.0,0.0,0.0,0.0,65.87549026304109,0.0,0.0,0.0,0.0,0.0,0.0,0.0,333.3333333333333,-333.390572551943,0.0,0.0,3.8081900302855605,0.0,680.1463399819255,0.0,-270.94577833554325,0.0,0.8206504363488694,0.0,-326.679091740046,320.49810337256315,0.0,0.0,174.6760541351641,0.0,0.0,0.0,0.0,0.0,0.0,0.0,0.0,0.0,0.0,0.0,0.0,0.0,29.67420802819919,190.9409366869568,190.9409366869568,0.0,0.0,0.0,0.0,0.0,0.0,0.0,0.0,0.0,0.0,0.4945701338033199,0.0,0.0,0.0,0.0,0.0,0.0,0.0,0.0,14.837104014099594,0.0,0.0,0.0,0.0,0.0,0.0,0.0,0.0,0.0,0.0,782.4713714946057,481.65797989093915,0.0,14.837104014099594,14.837104014099594,14.004800967025922,-1000.0,0.0,65.87549026304109,0.0,0.0,0.0,0.0,0.0,0.0,466.38940550961524,-163.94506852671998,0.04945701338033198,0.0,0.0,0.0,65.31505145635413,0.0,0.0,-680.1463399819255,0.0,0.0,0.0,0.0,0.0,0.0,0.0,0.0,0.0,0.0,0.0,0.0,0.0,0.0,0.04945701338033198,0.0,0.0,0.0,0.0,0.0,0.0,0.0,0.0,465.22757208847463,0.0,514.0274123669028,-393.11684963633473,-519.4281182280355,0.0,-3.709276003524899,-2.0408839611914735,-0.4319667078251275,0.0,0.0,0.0,0.0,0.0,0.0,0.0,0.0,0.0,0.0,0.0,190.9409366869568,0.0,0.0,0.0,54.83332410750245,0.0,0.0,0.0,-0.04945701338033198,0.0,0.0,0.04945701338033198,0.0,0.04945701338033198,0.0,0.0,0.0,29.67420802819919,60.337556324005014,60.337556324005014,0.0,0.0,0.0,0.0,0.0,0.0,0.0,0.0,0.0,466.38940550961524,0.0,0.0,77.69443814809577,0.0,0.0,0.0,0.0,0.0,0.0,0.0,0.0,0.0,0.0,0.0,0.0,0.0,0.0,270.94577833554325,0.0,-491.12985010064386,491.12985010064386,0.07418552007049797,0.0,0.0,0.0,-14.837104014099594,0.0,0.0,0.0,0.0,0.0,-260.7846514590977,2.4728506690165992,0.0,0.0,0.0,0.0,625.721108037984,-166.05292543610972,-0.4319667078251275,0.0,0.0,0.0,0.0,0.0,0.0,0.0,190.9409366869568,0.0,0.0,1000.0,86.10859732393361,0.0,55.1085973239336,0.0,0.0,-519.4281182280355,519.4281182280355,0.0,393.11684963633473,477.6322777963822,0.0,2.472850669016601,1000.0,0.0,0.0,0.0,-72.35800751904176,0.0,0.0,0.0,0.0,0.0,0.0,0.0,0.0,0.0,264.4939274626226,-271.9124794696721,60.337556324005014,0.0,0.0,0.0,0.0,0.0,0.0,0.0,0.0,0.0,349.5670027616402,0.0,0.0,0.0,-65.31505145635413,-1000.0,0.0,14.837104014099594,0.0,0.0,0.0,0.0,-132.72496804701564,0.0,0.0,0.05440271471820779,0.0,0.0,0.0,30.168778162002507,0.0,0.0,0.0,0.0,7.8354652102679125,0.0,0.0,0.0,0.0,0.0,0.0,0.0,0.0,0.0,0.0,0.004945701338033339,0.004945701338033339,0.0,0.0,0.0,0.0,0.0,0.0,0.0,0.0,0.0,0.0,0.0,0.0,0.0,0.0,0.0,260.7846514590977,0.0,0.0,0.0,0.0,0.0,0.0,0.0,0.0,0.0,0.0,0.0,0.0,0.0,0.0,-42.22057412569787,0.0,0.0,0.0,29.67420802819919,0.0,0.0,0.0,0.0,0.0,0.0,-29.67420802819919,0.0,0.0,0.0,0.0,0.0,0.0,0.0,0.0,0.0,0.0,0.0,0.0,163.94506852671998,-1000.0,111.57249231362317,494.0630927170901,-508.90019673118974,0.0,-0.1978280535215049,0.0,0.0,0.0,0.0,0.0,0.0,0.0,0.0,0.0,0.0,0.0,0.0,0.0,0.0,0.0,0.0,0.0,-6.1821266725415,190.9409366869568,-246.10128026395898,345.89764161424324,0.0,0.0,0.0,0.0,0.0,-0.6182126672541498,0.0,465.47485715537647,0.0,0.0,0.0,0.0,0.0,0.0,0.0,1000.0,14.837104014099594,14.837104014099594,0.0,0.0,0.0,0.0,0.0,0.05440271471820779,260.7846514590977,0.0,0.0,0.1978280535215049,0.0,0.0,0.0,0.0,0.0,0.0,0.0,0.0,0.0,0.0,0.0,0.0,0.0,0.0,245.56492505032193,0.0,0.0,0.0,0.0,51.92986404934858,3.8081900302855605,0.0,0.0,0.0,0.0,0.0,260.7846514590977,0.0,511.98652840571134,0.0,0.0,0.0,-6.1821266725415,0.0,0.0,0.0,0.0,0.0,0.0,0.0,0.0,0.0,0.0,0.0,0.0,0.0,0.0,0.0,0.0,0.0,0.0,-0.04945701338033198,0.0,0.0,2.4728506690165992,-0.8206504363488694,0.0,0.0,0.0,0.0,190.9409366869568,0.0,0.0,0.0,-73.43618929604935,1.2364253345082996,0.0,0.0,0.0,0.04945701338033198,0.0,49.45701338033198,-15.331674147902913,9.891402676066397,0.3532643812880856,137.9850673311262,-0.03709276003524899,123.66885279923365,0.9891402676066398,-0.24728506690183688,-137.9850673311262,14.837104014099594,-0.04945701338033198,0.0,65.87549026304109,0.012364253345082996,0.3532643812880856,0.0,-7.873556530149301,-0.9891402676066398,-85.26139442932785,-0.04945701338033198,0.012364253345082996,-137.9850673311262,4.9457013380331984,0.04945701338033198,0.04945701338033198,-260.68079173099915,0.05440271471836532,-14.509226426107276,-0.03709276003524899,14.837104014099594,0.04945701338033198,14.837104014099596,-24.728506690165993,-0.02472850669016599,118.96122292069352,-85.0,-0.03709276003524899,-0.04945701338033198,-15.331674147902913,0.04945701338033198,4.9457013380331984,-0.9891402676066398,270.94577833554325,270.94577833554325,-4.9457013380331984,85.26139442932785,-270.94577833554325,9.891402676066397,0.07418552007049797,-993.7461827083501,4.9457013380331984,-333.3333333333333,65.87549026304109,-9.891402676066397,0.02472850669016599,0.4945701338033199,80.79253775250932,96.0,-0.04945701338033198,-271.9124794696721,260.68079173099915,15.331674147902913,0.04945701338033198,7.873556530149301,6.527074206642671,65.87549026304109,-0.04945701338033198,-0.012364253345082996,-65.87549026304109,-0.04945701338033198,-7.001638803831684,0.04945701338044567,-0.012364253345082996,-0.012364253345082996,-0.012364253345082996,19.782805352132794,24.728506690165993,0.4945701338033199,237.1693228706285,-0.012364253345082996,161.58507550501864,2.4728506690165992,5.973670070932441,0.04945701338033198,0.02472850669016599,0.02472850669016599,37.88344646955374,15.331674147902913,0.04945701338033198,-15.331674147902913,0.4945701338033199,0.04945701338033198,-638.2250390355771,0.04945701338033198,0.1978280535215049,0.24728506690183688,0.02472850669016599,0.012364253345082996,14.837104014099594,-0.04945701338033198,14.509226426107276,0.4945701338033199,-474.338645741257,122.43242746472535,-4.9457013380331984,9.891402676066397,2.4728506690165992,-0.04945701338033198,0.0,0.07418552007049797,-0.04945701338033198,-75.76689293910748,15.331674147902913,299.7395326691659,0.02472850669016599,-11.947340141864881,-0.04945701338033198,-0.04945701338044567,-0.04945701338033198,0.02472850669016599,137.9850673311262,-9.891402676066397,0.04945701338033198,161.58507550501864,-0.012364253345082996,-0.05440271471836532,-161.58507550501864,7.418552007049796,85.0,730.011206454811,137.9850673311262,-0.03709276003524899,271.9124794696721,-96.0,0.04945701338033198,-0.012364253345082994,2.472850669016601,49.45701338033198,-0.02472850669016599,-0.04945701338033198,0.012364253345082996,0.0,0.0,327.97444054935454,401.0557161649486,-46.0,0.0,382.2177639228857,-8.600587617980784,0.0,-32.0,-93.0,-65.0,-665.7470136523054,16.0,23.0,46.5,0.0,4.300293808990392,-260.7846514590977,-167.0145646221503,665.7470136523054,65.0,-167.0145646221503,-382.2177639228857,185.3724941891049,0.0,1496.5981,hclb
11,0.0,0.0,0.0,0.0,0.0,0.0,0.0,0.0,-0.05979290078027324,0.0,0.0,0.0,0.0,0.0,0.0,0.0,-696.8468361851329,1000.0,0.0,31.064666957922555,0.0,0.0,0.0,920.9537851684788,0.0,0.0,0.0,0.0,0.0,-229.7249881800293,0.0,0.0,7.445481287846292,0.0,0.0,0.0,0.0,154.1372307236776,0.0,-2.0,1000.0,0.0,0.0,-496.73546546582236,0.0,0.0,0.0,0.0,926.5718243651622,-42.46290835513628,0.0,0.0,0.0,0.06577219085848185,0.0,0.0,0.0,11.958580156054648,0.0,0.0,-5.265761462049738,0.0,-500.00000000000006,-505.26576146204974,474.8951286311898,0.0,0.0,0.0,393.42247794931313,-127.82174930111984,0.0,0.5979290078027325,0.0,0.0,0.0,0.0,0.0,0.0,0.0,0.0,0.0,0.0,-159.01373283457633,0.0,35.87574046816395,0.0,0.0,-375.1260977504444,-426.7693976843473,470.33115698037096,-0.01494822519506831,0.0,0.0,0.0,17.937870234081974,0.0,17.937870234081974,-1.9253314051258439,95.79695267957096,0.0,66.88667666230002,2.989645039013662,-1000.0,0.0,0.0,-22.233095604909483,0.0,0.0,0.0,0.0,0.0,0.0,0.0,0.0,0.0,0.0,0.0,0.0,0.0,0.0,0.0,0.0,0.0,0.0,-588.0881763391868,0.0,0.0,17.937870234081974,0.0,18.535799241884707,18.535799241884707,0.0,250.00000000000023,687.5,-937.5000000000002,937.5000000000002,-1000.0,0.0,0.0,1000.0,0.0,0.0,0.0,0.0,0.0,163.61778619465736,0.05979290078027324,0.0,0.0,0.0,0.0,0.0,0.0,0.0,0.0,0.0,258.4962090374516,0.0,0.0,0.0,0.0,0.0,345.99523052559715,345.99523052559715,0.0,0.0,0.0,0.0,179.18626258975823,0.0,0.0,346.05502342637743,0.0,0.0,0.0,-728.9542319224435,-374.9999999999997,0.0,0.0,0.0,0.0,0.0,0.0,0.0,0.0,0.0,0.0,0.0,0.0,0.0,0.0,-375.8841119507562,0.0,0.0,0.0,0.0,0.0,42.46290835513628,0.0,-43.56175929602364,43.56175929602364,0.0,0.0,0.0,0.0,0.0,0.0,0.0,770.2750118199707,-954.4326927535888,0.0,0.0,0.0,0.0,0.0,0.0,0.0,0.0,0.0,0.0,0.0,0.0,0.0,216.39319695967362,-19.082839687890704,0.0,0.0,0.0,0.0,0.0,78.96091702119242,0.0,0.0,0.0,0.0,-5.265761462049738,496.73546546582236,0.0,0.0,0.0,0.0,0.0,0.0,0.0,0.0,0.0,0.0,0.0,0.0,-398.3299796766957,-781.5376180650194,507.8839673186942,0.0,0.0,0.0,0.0,0.0,72.94733895193336,0.0,0.0,0.0,-369.93217958272305,0.0,0.0,-1000.0,-1000.0,-500.00000000000045,500.00000000000045,-500.00000000000045,1000.0,-470.33115698037096,0.0,436.0571810471811,42.46290835513628,0.0,124.9328746395393,0.0,0.0,0.0,0.0,0.0,0.0,0.0,345.93543762481687,0.0,0.0,0.0,0.0,0.0,0.0,-5.265761462049738,-0.08968935117040985,0.0,0.0,0.0,0.0,0.05979290078027324,0.0,0.0,0.0,278.98532469548184,-696.8468361851329,0.0,-419.0609274631259,173.88353442312464,374.9999999999997,949.8964503901366,0.0,0.0,0.0,-22.233095604909483,0.0,0.0,0.0,-5.148168757181707,353.6030541630995,-348.4548854059178,-1000.0,-1000.0,0.0,0.0,0.0,0.0,0.0,0.0,0.0,0.0,0.0,0.0,0.0,0.0,0.0,0.0,0.0,0.0,0.0,-845.6235976732013,0.0,-1000.0,0.0,0.0,0.0,0.0,0.0,0.0,-163.61778619465736,0.0,321.6973621764473,0.0,0.0,0.0,0.0,0.0,0.0,0.0,-747.0255321124125,0.0,-2.989645039013662,500.00000000000045,-232.05625549472052,0.0,-2.989645039013662,-658.9047623931137,-1.494822519506831,0.0,-80.61630281891271,0.0,997.0103549609863,238.03554557274788,0.0,17.937870234081974,0.0,0.0,0.0,0.0,0.0,0.0,0.0,-216.39319695967362,216.39319695967362,216.39319695967362,103.27451544885483,0.0,0.0,0.0,0.0,0.0,770.2750118199707,0.0,0.0,-10.531522924099455,0.0,0.0,68.04141984394535,0.0,0.0,0.0,0.0,-37.020709921972674,0.1195858015605864,0.0,0.0,0.0,0.0,0.0,0.0,0.0,0.0,0.0,265.60072864819324,0.0,0.0,0.0,0.0,0.0,0.0,0.0,0.0,0.0,0.06577219085848185,0.06577219085848185,0.0,300.43461680361895,0.0,35.87574046816395,0.0,0.0,0.0,1000.0,0.0,0.0,0.0,0.0,0.0,356.7497284769167,-1000.0,0.0,0.0,718.5186087475477,0.0,0.0,68.04141984394535,0.0,0.0,0.0,0.0,0.0,0.0,0.0,196.02939211306227,-278.98532469548184,0.0,0.0,4.6040533600810365,0.0,-405.6092956443137,405.6092956443137,326.6483786231213,0.0,356.7497284769167,0.0,-680.2709814450559,1000.0,0.0,0.0,216.39319695967362,0.0,0.0,0.0,0.0,0.0,0.0,0.0,0.0,0.0,0.0,0.0,0.0,0.0,35.87574046816395,0.0,0.0,0.0,0.0,0.0,0.0,0.0,0.0,0.0,0.0,0.0,0.0,0.5979290078027325,0.0,0.0,0.0,0.0,0.0,0.0,0.0,0.0,17.937870234081974,-718.5186087475477,0.0,0.0,0.0,0.0,0.0,0.0,0.0,0.0,0.0,1000.0,-648.9392971995284,0.0,17.937870234081974,17.937870234081974,1000.0,-1000.0,0.0,68.04141984394535,0.0,0.0,0.0,0.0,0.0,1000.0,770.2750118199707,642.8674873776421,0.05979290078027324,0.0,0.0,0.0,4.8218703557806055,0.0,0.0,0.0,0.0,0.0,0.0,0.0,0.0,0.0,0.0,0.0,0.0,0.0,0.0,0.0,0.0,0.0,0.05979290078027324,0.0,0.0,0.0,-136.9847469868199,136.9847469868199,0.0,0.0,0.0,0.0,-168.53276263879687,326.6123386205868,0.0,0.0,-154.3764023267987,-4.484467558520493,-2.989645039013662,0.0,0.0,-750.0,-750.0,750.0,0.0,0.0,0.0,0.0,0.0,0.0,0.0,0.0,374.9999999999997,0.0,0.0,1000.0,0.0,0.0,0.0,-0.05979290078027324,0.0,0.0,0.05979290078027324,0.0,0.05979290078027324,0.0,0.0,0.0,35.87574046816395,72.94733895193336,72.94733895193336,0.0,0.0,0.0,0.0,0.0,0.0,225.90040949687636,0.0,0.0,770.2750118199707,0.0,0.0,0.0,0.0,0.0,0.0,0.0,0.0,0.0,0.0,0.0,0.0,0.0,0.0,0.0,0.0,0.0,78.96091702119242,0.0,-378.63654148625983,378.63654148625983,0.08968935117040985,0.0,0.0,0.0,-17.937870234081974,0.0,0.0,0.0,0.0,0.0,-300.43461680361895,2.989645039013662,0.0,0.0,0.0,0.0,-179.18626258975823,-4.914976444139506,0.0,0.0,0.0,0.0,0.0,0.0,0.0,0.0,0.0,0.0,718.5186087475477,590.1412056232248,84.04141984394535,0.0,53.04141984394535,-22.233095604909483,0.0,0.0,321.6973621764473,-321.6973621764473,0.0,0.0,0.0,2.989645039013662,623.8230261382322,0.0,0.0,0.0,-10.531522924099455,0.0,0.0,-250.00000000000023,250.00000000000023,0.0,0.0,0.0,0.0,0.0,-8.968935117040928,0.0,72.94733895193336,0.0,0.0,0.0,0.0,0.0,0.0,0.0,0.0,0.0,0.0,0.0,0.0,313.8880194791804,-270.42259900397386,-320.6568593220045,0.0,17.937870234081974,0.0,0.0,0.0,0.0,144.2019795377298,0.0,0.0,0.06577219085848185,0.0,0.0,0.0,36.47366947596668,0.0,0.0,0.0,0.0,-19.082839687890704,0.0,0.0,0.0,0.0,0.0,0.0,0.0,0.0,0.0,0.0,0.005979290078027495,0.005979290078027495,0.0,0.0,0.0,0.0,0.0,0.0,0.0,0.0,0.0,0.0,0.0,0.0,0.0,0.0,0.0,300.43461680361895,0.0,0.0,0.0,0.0,0.0,0.0,0.0,42.46290835513628,0.0,0.0,0.0,0.0,0.0,0.0,1000.0,0.0,0.0,0.0,35.87574046816395,0.0,0.0,0.0,0.0,0.0,964.1242595318361,-1000.0,0.0,0.0,0.0,0.0,0.0,0.0,0.0,0.0,0.0,0.0,0.0,0.0,-749.5817745830311,-1000.0,40.95813703448717,747.0315463585457,-764.9694165926277,0.0,154.1372307236776,0.0,0.0,0.0,0.0,0.0,0.0,0.0,0.0,0.0,0.0,0.0,0.0,0.0,0.0,0.0,0.0,0.0,-7.474112597534155,0.0,-4.484467558520493,-4.484467558520464,0.0,0.0,0.0,0.0,0.0,-680.5469973633067,679.7995861035532,10.531522924099455,0.0,0.0,0.0,0.0,0.0,0.0,0.0,893.285712794611,17.937870234081974,17.937870234081974,0.0,0.0,0.0,0.0,0.0,0.06577219085848185,300.43461680361895,0.0,0.0,-154.1372307236776,0.0,0.0,0.0,0.0,0.0,0.0,0.0,0.0,0.0,0.0,0.0,0.0,0.0,0.0,189.31827074312991,0.0,0.0,18.535799241884707,0.0,62.78254581928691,230.5044628569574,0.0,0.0,0.0,0.0,0.0,300.43461680361895,0.0,0.0,0.0,0.0,0.0,-7.474112597534155,0.0,0.0,0.0,0.0,0.0,0.0,0.0,0.0,0.0,0.0,0.0,0.0,0.0,0.0,0.0,0.0,0.0,0.0,-0.05979290078027324,0.0,0.0,2.989645039013662,-356.7497284769167,0.0,0.0,0.0,0.0,0.0,0.0,0.0,0.0,5.148168757181707,1.494822519506831,0.0,0.0,0.0,0.05979290078027324,0.0,59.792900780273236,0.0,11.95858015605465,0.4270921484305231,203.89379166073178,-0.04484467558520493,2.989645039013662,1.1958580156054648,-0.29896450390139495,-203.89379166073178,17.937870234081974,-0.05979290078027324,7.411031868303161,68.04141984394535,0.01494822519506831,0.4270921484305231,-22.233095604909483,-9.519029804220537,-1.1958580156054648,-334.2178307727896,-0.05979290078027324,0.01494822519506831,-203.89379166073178,5.979290078027324,0.05979290078027324,0.05979290078027324,-300.3090517119802,0.06577219085830073,0.0,-0.04484467558520493,17.937870234081974,0.05979290078027324,17.93787023408197,-29.89645039013662,-0.02989645039013662,-214.03001782763263,-85.0,-0.04484467558520493,-0.05979290078027324,0.0,0.05979290078027324,5.979290078027324,-1.1958580156054648,78.96091702119242,78.96091702119242,-5.979290078027324,334.2178307727896,-78.96091702119242,11.958580156054648,0.08968935117040985,146.1140649632351,5.979290078027324,-196.02939211306227,68.04141984394535,-11.958580156054648,0.02989645039013662,0.5979290078027325,104.76523186578147,96.0,-0.05979290078027324,-313.8880194791804,300.3090517119802,18.535799241884707,0.05979290078027324,9.519029804220537,-3.7100610923821673,68.04141984394535,-0.05979290078027324,-0.01494822519506831,-68.04141984394535,-0.05979290078027324,-37.020709921972674,0.05979290078027324,-0.01494822519506831,-0.01494822519506831,-0.01494822519506831,23.917160312109296,29.89645039013662,0.5979290078027325,130.1613709259678,-0.01494822519506831,202.1194318632598,2.989645039013662,21.5,0.05979290078027324,0.02989645039013662,0.02989645039013662,40.0,0.0,0.05979290078027324,0.0,0.5979290078027325,0.05979290078027324,-301.8859820467311,0.05979290078027324,0.23917160312112173,0.29896450390139495,0.02989645039013662,0.01494822519506831,17.937870234081974,-0.05979290078027324,0.0,0.5979290078027324,-260.3227418519356,1.494822519506831,-5.979290078027324,11.958580156054648,2.989645039013662,-0.05979290078027324,22.233095604909483,0.08968935117040985,-0.05979290078027324,-80.0,0.0,-115.94055412772387,0.02989645039013662,-43.0,-0.05979290078027324,-0.05979290078027324,-0.05979290078027324,0.02989645039013662,203.89379166073178,-11.958580156054648,0.05979290078027324,209.53046373156295,-0.01494822519506831,-0.06577219085830073,-209.53046373156295,8.968935117040985,85.0,-228.3433172964486,203.89379166073178,-0.04484467558520493,313.8880194791804,-96.0,0.05979290078027324,-0.014948225195068308,2.989645039013662,59.792900780273236,-0.02989645039013662,-0.05979290078027324,0.01494822519506831,0.0,0.0,-146.14396141362525,171.7246111207633,-46.0,0.0,371.0497913265376,-31.0,0.0,-29.58597218715938,-93.0,-65.0,0.0,14.79298609357969,23.0,46.5,0.0,15.5,-300.43461680361895,-28.261425410005938,0.0,65.0,-28.261425410005938,-371.0497913265376,184.39028117044623,0.0,1496.5981,hclb
12,0.0,0.0,0.0,0.0,0.0,0.0,0.0,0.0,621.9604264552792,0.0,0.0,0.0,0.0,0.0,0.0,0.0,481.50044896232953,329.3613476676328,0.0,-379.00717903824363,0.0,0.0,0.0,33.05331225501246,0.0,0.0,0.0,0.0,0.0,-338.12993742698427,0.0,0.0,67.33012202555234,0.0,0.0,0.0,0.0,-9.834518195048693,0.0,-1000.0,-3.1886747503281656,0.0,-822.5763631631687,-894.191975195625,0.0,0.0,0.0,0.0,-747.5462690726309,0.0,0.0,72.57636316316871,0.0,0.06176990872418742,0.0,0.0,0.0,11.230892495297159,0.0,0.0,-4.945336328762589,0.0,1000.0,995.0546636712374,0.0,0.0,0.0,0.0,1000.0,-801.4810209571085,0.0,0.561544624764858,0.0,0.0,0.0,0.0,0.0,0.0,0.0,0.0,0.0,0.0,-50.05949117672044,0.0,33.69267748589148,0.0,0.0,1000.0,428.0315448991421,88.10067471992011,-0.01403861561912145,0.0,0.0,-601.0775180840063,16.84633874294574,0.0,16.84633874294574,0.0,0.0,0.0,0.0,829.7690060925411,-1000.0,0.0,0.0,0.0,0.0,0.0,0.0,0.0,0.0,0.0,0.0,0.0,0.0,0.0,0.0,0.0,0.0,0.0,0.0,0.0,0.0,0.0,-467.7753378137943,0.0,0.0,16.84633874294574,0.0,17.407883367710596,17.407883367710596,0.0,-28.221775642441912,-784.278224357558,812.4999999999999,-812.4999999999999,0.0,0.0,0.0,0.0,0.0,0.0,0.0,0.0,0.0,54.38338478740976,0.0561544624764858,0.0,0.0,0.0,-700.8765125565454,700.8765125565454,0.0,0.0,0.0,0.0,40.94612416496826,0.0,0.0,0.0,0.0,0.0,290.70432183416506,290.70432183416506,0.0,0.0,0.0,-500.0,0.0,0.0,0.0,290.76047629664157,0.0,0.0,0.0,44.93703493650719,0.0,0.0,0.0,0.0,0.0,0.0,0.0,0.0,0.0,0.0,0.0,0.0,0.0,0.0,0.0,-1000.0,0.0,0.0,0.0,0.0,0.0,0.0,750.0,-394.5448182640266,394.5448182640266,0.0,0.0,0.0,0.0,0.0,0.0,0.0,661.8700625730157,-953.2502003048579,0.0,0.0,0.0,0.0,0.0,0.0,0.0,0.0,0.0,0.0,0.0,0.0,0.0,146.73097713745972,-20.538215009405683,-145.82424246271435,0.0,0.0,0.0,0.0,79.32839928987494,0.0,0.0,0.0,0.0,-4.945336328762589,748.3677327329107,0.0,0.0,0.0,0.0,0.0,0.0,0.0,0.0,422.92985934748236,0.0,0.0,0.0,0.0,0.0,607.9089126633424,0.0,145.82424246271435,0.0,0.0,0.0,0.0,0.0,0.0,0.0,-336.5944651964298,0.0,0.0,523.0433891393882,0.0,0.0,0.0,523.0433891393882,-523.0433891393882,33.48672663511552,0.0,-624.0680173988375,0.0,0.0,112.15831775494166,0.0,0.0,0.0,720.1354298489948,0.0,-720.1354298489948,0.0,1000.0,0.0,0.0,0.0,-500.0,0.0,0.0,-4.945336328762589,-0.08423169371472869,0.0,0.0,0.0,0.0,0.0561544624764858,0.0,0.0,0.0,480.89540261969694,481.50044896232953,0.0,-289.2833388127719,118.68003240534931,0.0,-55.11144351208526,0.0,1000.0,0.0,0.0,0.0,0.0,0.0,-4.83489921922548,-995.1651007807745,0.0,-1000.0,-1000.0,0.0,0.0,0.0,0.0,0.0,0.0,0.0,0.0,0.0,0.0,0.0,0.0,0.0,0.0,0.0,0.0,0.0,-1000.0,0.0,-990.3900996548572,0.0,0.0,421.12168565573916,0.0,726.9228144530514,0.0,-477.3132441348921,0.0,50.05949117672044,0.0,0.0,826.9612829687168,-4.83489921922548,0.0,175.73196316295554,0.0,0.0,-906.2896047536228,-2.8077231238242897,-1000.0,924.3880162754118,0.0,-592.0203277711382,1000.0,-1.4038615619121448,0.0,0.0,0.0,599.0396355806989,318.6937798096883,224.84900542549258,16.84633874294574,0.0,0.0,0.0,0.0,0.0,622.0165809177556,0.0,-146.73097713745972,146.73097713745972,146.73097713745972,44.197971858420104,0.0,0.0,-709.3518326283115,0.0,0.0,661.8700625730157,0.0,0.0,-9.890672657525178,0.0,0.0,68.76910750470284,0.0,0.0,0.0,0.0,-37.38455375235142,0.11230892495310886,0.0,0.0,0.0,0.0,0.0,0.0,0.0,0.0,0.0,0.0,0.0,0.0,0.0,0.0,0.0,0.0,0.0,0.0,0.0,0.06176990872418742,0.06176990872418742,0.0,231.50008464216256,0.0,33.69267748589148,0.0,0.0,0.0,1000.0,0.0,0.0,0.0,0.0,0.0,256.65907208429905,-1000.0,0.0,0.0,235.2731472846938,0.0,0.0,68.76910750470284,0.0,0.0,0.0,0.0,0.0,0.0,0.0,155.9251126045981,-480.89540261969694,0.0,0.0,373.27477393191407,0.0,0.0,-601.0775180840063,-680.4059173738813,0.0,256.65907208429905,0.0,219.27451833194763,0.0,0.0,0.0,146.73097713745972,0.0,0.0,0.0,0.0,0.0,0.0,0.0,0.0,0.0,0.0,0.0,0.0,0.0,33.69267748589148,0.0,0.0,0.0,0.0,0.0,0.0,0.0,0.0,0.0,0.0,0.0,0.0,0.561544624764858,0.0,0.0,0.0,0.0,0.0,750.0,0.0,0.0,16.84633874294574,-235.2731472846938,0.0,0.0,368.95088032122476,0.0,0.0,0.0,0.0,0.0,0.0,38.781067427614005,0.0,0.0,16.84633874294574,16.84633874294574,1000.0,-1000.0,0.0,68.76910750470284,0.0,0.0,0.0,0.0,0.0,1000.0,661.8700625730157,675.4263334043701,0.0561544624764858,0.0,0.0,4.528456295425176,0.0,37.571135646282734,0.0,601.0775180840063,0.0,0.0,0.0,0.0,0.0,0.0,0.0,0.0,0.0,0.0,0.0,0.0,0.0,0.0,0.0561544624764858,0.0,0.0,0.0,826.4240288423731,-826.4240288423731,0.0,0.0,0.0,0.0,0.0,358.84102180238057,0.0,0.0,-355.36318875967027,-4.211584685736435,-2.8077231238242923,0.0,0.0,750.0,750.0,-750.0,0.0,0.0,0.0,0.0,0.0,0.0,0.0,0.0,0.0,0.0,0.0,826.6963641300157,0.0,0.0,0.0,621.9604264552792,0.0,0.0,0.0561544624764858,0.0,0.0561544624764858,0.0,198.5189790428915,0.0,33.69267748589148,68.50844422131267,68.50844422131267,0.0,0.0,0.0,0.0,0.0,0.0,50.05949117672044,0.0,0.0,661.8700625730157,0.0,0.0,0.0,0.0,0.0,0.0,0.0,0.0,0.0,0.0,0.0,0.0,0.0,0.0,0.0,0.0,0.0,79.32839928987494,0.0,0.0,0.0,0.08423169371472869,0.0,0.0,0.0,-16.84633874294574,0.0,0.0,0.0,0.0,0.0,-231.50008464216256,2.8077231238242897,0.0,0.0,0.0,500.00000000000006,0.0,0.0,0.0,0.0,0.0,0.0,0.0,0.0,0.0,0.0,0.0,0.0,235.2731472846938,0.0,84.76910750470284,0.0,53.769107504702845,37.571135646282734,364.9730891048131,-477.3132441348921,50.05949117672044,62.28066385335859,0.0,-68.50844422131267,0.0,2.8077231238242923,1000.0,0.0,0.0,0.0,-9.890672657525178,-749.999999999999,749.999999999999,0.0,0.0,0.0,0.0,0.0,0.0,0.0,-4.211584685736417,-4.211584685736434,68.50844422131267,0.0,0.0,0.0,0.0,0.0,0.0,0.0,0.0,0.0,422.92985934748236,0.0,0.0,239.92325401363541,-4.528456295425176,-1.2822692567613103,-822.5763631631687,16.84633874294574,0.0,0.0,0.0,0.0,-64.72129555716745,0.0,0.0,0.06176990872418742,0.0,0.0,0.0,34.254222110656336,0.0,0.0,0.0,0.0,-20.538215009405683,0.0,0.0,0.0,0.0,0.0,0.0,0.0,0.0,0.0,0.0,0.005615446247648429,0.005615446247648429,0.0,0.0,0.0,0.0,0.0,0.0,0.0,0.0,0.0,4.528456295425176,0.0,0.0,0.0,0.0,0.0,231.50008464216256,0.0,0.0,0.0,0.0,0.0,0.0,0.0,0.0,0.0,0.0,0.0,0.0,532.2258576614682,-569.8464252465212,329.3613476676328,0.0,0.0,0.0,33.69267748589148,0.0,0.0,0.0,0.0,0.0,0.0,-33.69267748589148,0.0,0.0,0.0,0.0,0.0,0.0,0.0,0.0,0.0,0.0,0.0,0.0,-675.4263334043701,-1000.0,38.46580679639277,0.0,-16.84633874294574,0.0,-9.834518195048693,0.0,0.0,0.0,0.0,0.0,0.0,0.0,0.0,0.0,0.0,0.0,0.0,0.0,0.0,0.0,0.0,0.0,-7.019307809560727,0.0,-831.1728676544532,0.0,0.0,0.0,0.0,0.0,0.0,-340.66253386731347,339.9606030863574,9.890672657525178,0.0,0.0,0.0,0.0,0.0,0.0,0.0,1000.0,16.84633874294574,16.84633874294574,0.0,0.0,0.0,0.0,0.0,0.06176990872418742,231.50008464216256,0.0,0.0,9.834518195048693,0.0,0.0,0.0,0.0,0.0,0.0,0.0,0.0,0.0,0.0,0.0,0.0,0.0,0.0,99.25948952144574,0.0,0.0,17.407883367710596,0.0,58.96218560031009,54.38338478740976,0.0,0.0,0.0,0.0,0.0,231.50008464216256,0.0,418.31396253191485,0.0,0.0,0.0,-7.019307809560727,0.0,0.0,0.0,0.0,0.0,0.0,0.0,0.0,0.0,0.0,0.0,0.0,0.0,0.0,0.0,0.0,0.0,0.0,-0.0561544624764858,0.0,0.0,2.8077231238242897,-256.65907208429905,0.0,0.0,0.0,0.0,0.0,0.0,0.0,0.0,4.83489921922548,1.4038615619121448,0.0,0.0,0.0,0.0561544624764858,0.0,56.15446247648579,0.0,11.23089249529716,0.40110330340346995,191.48671704481654,-0.042115846857364345,416.28836460818263,1.123089249529716,-0.2807723123823589,-191.48671704481654,16.84633874294574,-0.0561544624764858,0.0,68.76910750470284,0.01403861561912145,0.40110330340346995,0.0,-8.93979042625682,-1.123089249529716,-431.8546175917187,-0.0561544624764858,0.01403861561912145,-191.48671704481654,5.615446247648579,0.0561544624764858,0.0561544624764858,-231.3821602709619,0.06176990872413422,-67.14354013162104,-0.042115846857364345,16.84633874294574,0.0561544624764858,16.84633874294574,-28.0772312382429,-0.0280772312382429,26.197415966652777,-85.0,-0.042115846857364345,-0.0561544624764858,0.0,0.0561544624764858,5.615446247648579,-1.123089249529716,79.32839928987494,79.32839928987494,-5.615446247648579,431.8546175917187,-79.32839928987494,11.230892495297159,0.08423169371472869,-300.3456218148874,5.615446247648579,-155.9251126045981,68.76910750470284,-11.230892495297159,0.0280772312382429,0.561544624764858,72.32083470319297,96.0,-0.0561544624764858,-244.13483869937184,231.3821602709619,17.407883367710596,0.0561544624764858,8.93979042625682,1.3837525329198268,68.76910750470284,-0.0561544624764858,-0.01403861561912145,-68.76910750470284,-0.0561544624764858,-37.38455375235142,0.0561544624764565,-0.01403861561912145,-0.01403861561912145,-0.01403861561912145,22.461784990594317,28.0772312382429,0.561544624764858,326.36188338153426,-0.01403861561912145,144.64166940638594,2.8077231238242897,21.5,0.0561544624764858,0.0280772312382429,0.0280772312382429,40.0,0.0,0.0561544624764858,0.0,0.561544624764858,0.05615446247649038,-895.8787753700691,0.0561544624764858,0.2246178499059397,0.2807723123823589,0.0280772312382429,0.01403861561912145,16.84633874294574,-0.0561544624764858,67.14354013162104,0.561544624764858,-652.7237667630685,414.88450304627054,-5.615446247648579,11.230892495297159,2.8077231238242897,-0.0561544624764858,0.0,0.08423169371472869,-0.05615446247649038,-80.0,0.0,207.62967613352748,0.0280772312382429,-43.0,-0.0561544624764858,-0.0561544624764565,-0.0561544624764858,0.0280772312382429,191.48671704481654,-11.230892495297159,0.0561544624764858,144.64166940638594,-0.01403861561912145,-0.06176990872413422,-144.64166940638594,8.423169371472868,85.0,273.0227112423188,191.48671704481654,-0.042115846857364345,244.13483869937184,-96.0,0.0561544624764858,-0.014038615619121446,2.8077231238242923,56.15446247648579,-0.0280772312382429,-0.0561544624764858,0.01403861561912145,0.0,0.0,178.7301432286135,569.5168919885349,-46.0,0.0,376.6275916284376,-31.0,0.0,-32.0,-93.0,-65.0,-121.58740135503562,16.0,23.0,46.5,0.0,15.5,-231.50008464216256,-142.90838057636003,121.58740135503562,65.0,-142.90838057636003,-376.6275916284376,184.8141964239346,0.0,1496.5981,hclb
13,0.0,0.0,0.0,0.0,0.0,0.0,0.0,0.0,-0.0559787980195874,0.0,0.0,0.0,0.0,0.0,0.0,0.0,-758.7610853702082,19.686229795708527,0.0,1000.0,0.0,0.0,0.0,420.86531545961026,0.0,0.0,0.0,0.0,0.0,-787.5017238114245,0.0,0.0,27.668608104054385,0.0,0.0,0.0,0.0,-30.693346040992594,0.0,-1000.0,1000.0,0.0,-546.2628091816327,-631.728949873016,0.0,0.0,0.0,0.0,1000.0,0.0,0.0,0.0,0.0,0.0615766778216015,0.0,0.0,0.0,11.19575960391748,0.0,0.0,-127.61925520161533,0.0,-804.3044152662086,-1000.0,0.0,0.0,0.0,0.0,0.0,0.0,0.0,0.5597879801958741,0.0,0.0,0.0,0.0,0.0,0.0,0.0,843.8241234694434,0.0,0.0,-106.16609270405198,0.0,33.58727881175244,0.0,145.3814989000832,22.58116341940131,74.53685499647823,993.3808731718852,-0.013994699504896851,0.0,0.0,0.0,16.79363940587622,0.0,16.79363940587622,-1.8025172962281804,0.0,0.0,0.0,2.79893990097937,-1000.0,0.0,0.0,-2.094260459712676,0.0,0.0,0.0,0.0,0.0,0.0,0.0,0.0,0.0,0.0,0.0,0.0,0.0,0.0,0.0,0.0,0.0,0.0,-695.5626068206561,0.0,0.0,16.79363940587622,0.0,17.353427386072095,0.0,0.0,-416.033251853669,416.033251853669,0.0,0.0,0.0,0.0,0.0,-68.07632953217608,0.0,0.0,0.0,0.0,0.0,255.8579590516434,0.055978798019587404,0.0,0.0,0.0,-635.8085225663312,200.87651255654495,0.0,0.0,0.0,0.0,154.4577772295538,0.0,0.0,0.0,0.0,0.0,254.0922379077003,254.0922379077003,0.0,0.0,0.0,0.0,372.9328888740946,0.0,0.0,254.1482167057199,0.0,0.0,0.0,316.7195046809798,-124.99999999999925,0.0,0.0,0.0,0.0,0.0,0.0,0.0,0.0,0.0,0.0,0.0,0.0,0.0,0.0,-1000.0,0.0,0.0,0.0,0.0,0.0,0.0,546.2628091816327,-755.565793474344,755.565793474344,68.07632953217608,0.0,0.0,0.0,0.0,0.0,0.0,212.49827618857546,-518.2610993465796,0.0,0.0,0.0,0.0,0.0,0.0,0.0,0.0,0.0,0.0,0.0,0.0,0.0,181.6348972805089,414.3235292176212,0.0,0.0,0.0,0.0,0.0,79.34614140002168,0.0,0.0,0.0,0.0,-127.61925520161533,631.728949873016,0.0,0.0,0.0,0.0,0.0,0.0,0.0,0.0,0.0,0.0,0.0,0.0,0.0,283.83983928918946,813.27817912669,0.0,0.0,0.0,0.0,68.07632953217608,0.0,0.0,0.0,0.0,-207.273727248795,0.0,0.0,-1000.0,0.0,500.0000000000002,-1000.0,0.0,500.0000000000003,-681.0289384778657,0.0,-758.4607270980367,0.0,0.0,8.758375542451091,0.0,0.0,0.0,-305.8167340242207,0.0,305.8167340242207,0.0,-81.65529251551322,0.0,0.0,0.0,0.0,0.0,0.0,-127.61925520161533,-0.0839681970293811,0.0,0.0,0.0,0.0,0.055978798019587404,0.0,0.0,0.0,835.783889661926,-758.7610853702082,0.0,-562.8371921144584,419.0714561415333,124.99999999999925,947.9893990097937,0.0,-40.09630319118707,0.0,-2.094260459712676,0.0,0.0,0.0,-4.819774509486529,44.9160777006736,0.0,592.2539492267988,-1000.0,0.0,0.0,0.0,0.0,0.0,0.0,0.0,0.0,0.0,0.0,0.0,0.0,0.0,0.0,0.0,0.0,0.0,444.81164195112717,0.0,475.2810728000418,0.0,0.0,0.0,0.0,217.44313258982356,0.0,-255.8579590516434,0.0,106.16609270405198,0.0,221.18978558076068,0.0,-44.9160777006736,0.0,0.0,0.0,0.0,0.0,-270.7560299934353,-296.56523711413513,0.0,0.0,-2.79893990097937,534.3592184485271,-1.399469950489685,267.9570900924559,0.0,0.0,39.95939841149149,0.0,0.0,16.79363940587622,0.0,0.0,0.0,174.31155671819366,0.0,0.0,0.0,-181.6348972805089,181.6348972805089,181.6348972805089,-90.41305586239847,0.0,0.0,-100.4529450750556,0.0,0.0,212.49827618857546,0.0,0.0,-32.55184213524037,0.0,0.0,68.80424039608252,0.0,0.0,0.0,0.0,-37.40212019804126,0.11195759603833122,0.0,0.0,0.0,0.0,0.0,0.0,0.0,0.0,0.0,0.0,0.0,0.0,0.0,0.0,0.0,0.0,0.0,0.0,0.0,0.0615766778216015,0.0615766778216015,0.0,266.43913767659143,0.0,33.58727881175244,0.0,0.0,0.0,1000.0,0.0,388.7338089958036,145.3814989000832,0.0,0.0,350.91468080730556,-1000.0,0.0,0.0,0.0,0.0,0.0,68.80424039608252,0.0,0.0,0.0,0.0,0.0,0.0,0.0,231.85420227355203,-835.783889661926,434.93201000978627,0.0,149.69186634759143,0.0,0.0,0.0,-147.42247093219777,0.0,350.91468080730556,0.0,0.0,313.5125606092643,0.0,0.0,181.6348972805089,0.0,0.0,0.0,0.0,0.0,0.0,0.0,0.0,0.0,0.0,0.0,0.0,0.0,33.58727881175244,68.07632953217608,68.07632953217608,0.0,0.0,0.0,0.0,0.0,0.0,0.0,0.0,0.0,0.0,0.5597879801958741,0.0,0.0,145.3814989000832,-145.3814989000832,0.0,546.2628091816327,0.0,0.0,16.79363940587622,0.0,0.0,0.0,0.0,0.0,0.0,0.0,0.0,0.0,0.0,426.57515285760815,0.0,0.0,16.79363940587622,16.79363940587622,1000.0,-1000.0,0.0,68.80424039608252,0.0,0.0,0.0,0.0,0.0,-592.2539492267988,212.49827618857546,-596.7787631913344,0.055978798019587404,0.0,0.0,0.0,73.92799975601083,0.0,0.0,0.0,0.0,0.0,0.0,0.0,0.0,0.0,0.0,0.0,0.0,0.0,0.0,0.0,0.0,0.0,0.055978798019587404,0.0,0.0,0.0,0.0,0.0,0.0,0.0,0.0,0.0,0.0,532.7946782048152,0.0,0.0,-652.017113703492,-4.198409851469055,0.0,-2.79893990097937,0.0,0.0,0.0,0.0,0.0,0.0,0.0,0.0,0.0,0.0,0.0,68.07632953217608,124.99999999999925,0.0,0.0,42.75833831247086,0.0,0.0,0.0,-0.055978798019587404,0.0,0.0,0.055978798019587404,0.0,0.055978798019587404,0.0,0.0,0.0,33.58727881175244,68.29413358389664,68.29413358389664,0.0,0.0,0.0,0.0,0.0,0.0,106.16609270405198,434.93201000978627,0.0,212.49827618857546,0.0,0.0,0.0,0.0,0.0,0.0,0.0,0.0,0.0,0.0,0.0,0.0,0.0,0.0,0.0,0.0,0.0,147.42247093219777,0.0,-244.79977227096197,244.79977227096197,0.0839681970293811,0.0,0.0,0.0,-16.79363940587622,0.0,0.0,0.0,0.0,0.0,-266.43913767659143,2.79893990097937,0.0,0.0,0.0,0.0,-372.9328888740946,0.0,-2.79893990097937,0.0,0.0,0.0,0.0,0.0,0.0,0.0,68.07632953217608,0.0,0.0,0.0,84.80424039608252,0.0,488.73625040586876,-2.094260459712676,682.4865445524066,-255.8579590516434,106.16609270405198,-532.7946782048152,0.0,-68.29413358389664,0.0,2.79893990097937,637.0513047169861,0.0,0.0,0.0,-323.3148399354067,0.0,0.0,0.0,0.0,0.0,0.0,0.0,0.0,0.0,-4.198409851469048,-4.198409851469478,68.29413358389664,0.0,0.0,0.0,0.0,0.0,0.0,0.0,0.0,0.0,0.0,0.0,0.0,274.83595737952953,-73.92799975601083,0.0,-546.2628091816327,16.79363940587622,145.3814989000832,0.0,0.0,0.0,3.263558984930595,0.0,0.0,0.0615766778216015,0.0,0.0,0.0,34.14706679194832,0.0,0.0,0.0,0.0,414.3235292176212,0.0,0.0,0.0,0.0,0.0,0.0,0.0,0.0,0.0,0.0,0.00559787980195874,0.00559787980195874,0.0,0.0,0.0,0.0,0.0,0.0,0.0,0.0,0.0,0.0,0.0,0.0,0.0,0.0,0.0,266.43913767659143,0.0,0.0,0.0,0.0,0.0,0.0,0.0,0.0,0.0,0.0,0.0,290.7629978001664,270.2799113431797,0.0,19.686229795708527,0.0,0.0,0.0,33.58727881175244,0.0,0.0,0.0,0.0,0.0,0.0,-33.58727881175244,0.0,290.7629978001664,0.0,0.0,0.0,0.0,0.0,0.0,0.0,0.0,0.0,0.0,596.7787631913344,-1000.0,38.34547664341738,247.031546358545,-263.82518576442124,0.0,-30.693346040992594,0.0,0.0,0.0,0.0,0.0,0.0,0.0,0.0,0.0,0.0,0.0,0.0,0.0,0.0,0.0,0.0,0.0,-6.997349752448425,68.07632953217608,-4.198409851469055,0.0,0.0,0.0,0.0,0.0,0.0,-0.6997349752448425,0.0,32.55184213524037,0.0,0.0,0.0,0.0,0.0,0.0,0.0,1000.0,16.79363940587622,16.79363940587622,0.0,0.0,0.0,0.0,843.8241234694434,0.0615766778216015,266.43913767659143,0.0,0.0,30.693346040992594,0.0,0.0,0.0,0.0,0.0,0.0,0.0,0.0,0.0,0.0,0.0,0.0,0.0,0.0,122.39988613548098,0.0,0.0,0.0,0.0,58.77773792056677,255.8579590516434,0.0,0.0,0.0,0.0,0.0,266.43913767659143,0.0,-1.8025172962281804,0.0,0.0,0.0,-6.997349752448425,0.0,0.0,0.0,0.0,0.0,0.0,0.0,0.0,0.0,0.0,0.0,0.0,0.0,0.0,0.0,0.0,0.0,0.0,-0.055978798019587404,0.0,0.0,2.79893990097937,-350.91468080730556,0.0,0.0,0.0,0.0,68.07632953217608,0.0,0.0,0.0,4.819774509486529,1.399469950489685,0.0,0.0,0.0,0.055978798019587404,0.0,55.978798019587394,-17.353427386072095,11.19575960391748,0.39984855728276714,156.18084647464886,-0.04198409851469055,2.79893990097937,1.1195759603917481,-0.2798939900975692,-156.18084647464886,16.79363940587622,-0.055978798019587404,0.6980868199042254,68.80424039608252,0.013994699504896851,0.39984855728276714,-2.094260459712676,-154.293323544799,-1.1195759603917481,-260.9251444255003,-0.055978798019587404,0.013994699504896851,-156.18084647464886,5.59787980195874,0.055978798019587404,0.055978798019587404,-266.32158220075024,-145.31992222226162,-60.882207382670295,-0.04198409851469055,16.79363940587622,0.055978798019587404,16.79363940587622,-27.9893990097937,-0.027989399009793702,-89.38704892745817,-85.0,-0.04198409851469055,-0.055978798019587404,-17.353427386072095,0.055978798019587404,5.59787980195874,-1.1195759603917481,147.42247093219777,147.42247093219777,-5.59787980195874,260.9251444255003,-147.42247093219777,11.19575960391748,0.0839681970293811,-696.2555778943305,5.59787980195874,-231.85420227355203,68.80424039608252,-11.19575960391748,0.027989399009793702,0.5597879801958741,140.7092980286146,96.0,-0.055978798019587404,-279.034367230999,266.32158220075024,17.353427386072095,0.055978798019587404,154.293323544799,1.6296827725776808,68.80424039608252,-0.055978798019587404,-0.013994699504896851,-68.80424039608252,-0.055978798019587404,-37.40212019804126,0.055978798019587404,-0.013994699504896851,-0.013994699504896851,-0.013994699504896851,22.39151920783496,27.9893990097937,0.5597879801958741,158.7412017850833,-0.013994699504896851,280.72050923732496,2.79893990097937,21.5,0.055978798019587404,0.027989399009793702,0.027989399009793702,40.0,17.353427386072095,0.055978798019587404,-17.353427386072095,0.5597879801958741,0.055978798019587404,-393.27702138973103,0.055978798019587404,0.22391519207798183,0.2798939900975692,0.027989399009793702,0.013994699504896851,16.79363940587622,-0.055978798019587404,60.882207382670295,0.5597879801958741,-317.4824035701666,1.399469950489685,-5.59787980195874,11.19575960391748,2.79893990097937,-0.055978798019587404,2.094260459712676,0.0839681970293811,-0.055978798019587404,-80.0,17.353427386072095,214.44123165968026,0.027989399009793702,-43.0,-0.055978798019587404,-0.055978798019587404,-0.055978798019587404,0.027989399009793702,156.18084647464886,-11.19575960391748,0.055978798019587404,281.4185960572292,-0.013994699504896851,145.31992222226162,-281.4185960572292,8.396819702938108,85.0,493.1507386916201,156.18084647464886,-0.04198409851469055,279.034367230999,-96.0,0.055978798019587404,-0.01399469950489685,223.98872548174006,55.978798019587394,-0.027989399009793702,-0.055978798019587404,0.013994699504896851,0.0,0.0,383.8756538013012,234.53581960464774,-46.0,0.0,174.55114257874015,-31.0,0.0,-32.0,-93.0,-65.0,-312.35193469401946,16.0,23.0,46.5,0.0,15.5,-266.43913767659143,-217.70479064461085,312.35193469401946,65.0,-217.70479064461085,-174.55114257874015,83.66179000210187,0.0,1496.5981,hclb
14,0.0,0.0,0.0,0.0,0.0,0.0,0.0,0.0,276.158377940011,0.0,0.0,0.0,0.0,0.0,0.0,0.0,-94.80309233624689,87.26736422354026,0.0,0.0,0.0,0.0,0.0,549.7537994796298,0.0,0.0,0.0,0.0,0.0,-44.160922474686856,0.0,0.0,29.645849811825755,0.0,0.0,0.0,0.0,85.2313201542263,0.0,-1000.0,1000.0,0.0,-266.4459833659595,-247.87099726744535,0.0,0.0,0.0,0.0,-127.48196855502572,-563.659649075833,0.0,0.0,0.0,0.06740114058781246,0.0,0.0,0.0,0.0,0.0,0.0,-81.36907356444866,0.0,0.0,-81.36907356444866,0.0,0.0,0.0,0.0,0.0,0.0,0.0,0.6127376417078246,0.0,0.0,0.0,0.0,0.0,0.0,0.0,0.0,0.0,0.0,0.0,0.0,36.764258502469474,0.0,75.97289739980822,166.96522175148004,0.0,124.3891843094215,-0.015318441042695615,0.0,0.0,431.4527999768385,18.382129251234737,0.0,18.382129251234737,0.0,0.0,0.0,0.0,3.063688208539123,-384.29979736617923,0.0,0.0,0.0,0.0,0.0,0.0,0.0,0.0,0.0,0.0,0.0,0.0,0.0,0.0,0.0,0.0,0.0,0.0,0.0,0.0,0.0,-471.7155135976086,0.0,0.0,18.382129251234737,0.0,18.99486689294256,0.0,0.0,0.0,0.0,0.0,0.0,0.0,0.0,0.0,0.0,0.0,0.0,0.0,0.0,0.0,80.69097724095846,0.06127376417078246,0.0,0.0,0.0,-195.20244767684312,180.04491783225976,0.0,0.0,84.2277828438918,0.0,249.71022973729927,0.0,0.0,0.0,0.0,0.0,700.2124390500884,700.2124390500884,0.0,0.0,0.0,-750.0,0.0,0.0,0.0,700.2737128142592,0.0,0.0,0.0,-940.9205855643532,-896.2224658056377,0.0,0.0,0.0,0.0,0.0,0.0,0.0,0.0,0.0,-180.1901815632282,0.0,0.0,0.0,0.0,-1000.0,0.0,0.0,0.0,0.0,0.0,563.659649075833,266.4459833659595,694.0707634375863,-694.0707634375863,0.0,0.0,0.0,0.0,0.0,0.0,0.0,340.1388748914924,-502.4423343942858,0.0,0.0,0.0,0.0,0.0,0.0,0.0,0.0,0.0,0.0,0.0,0.0,0.0,344.0134462436782,28.10893669115859,0.0,0.0,0.0,0.0,0.0,78.81134981875098,0.0,0.0,0.0,0.0,-81.36907356444866,247.87099726744535,0.0,0.0,0.0,0.0,0.0,0.0,0.0,0.0,661.0681428387918,12.254752834156491,0.0,0.0,-39.48325319645426,-1000.0,1000.0,0.0,0.0,0.0,0.0,0.0,-637.8833508472571,0.0,0.0,0.0,67.59856419325405,0.0,0.0,-1000.0,0.0,0.0,-1000.0,0.0,0.0,694.0707634375863,0.0,741.8548744646723,563.659649075833,0.0,92.14245221773206,0.0,0.0,0.0,-391.8919858901031,0.0,391.8919858901031,0.0,1000.0,0.0,0.0,0.0,-750.0,0.0,0.0,-81.36907356444866,-0.09191064625617368,0.0,0.0,0.0,0.0,0.06127376417078246,0.0,0.0,0.0,241.73837809122244,-94.80309233624689,0.0,-714.4092785136789,94.20636906757937,896.2224658056377,950.6368820853912,0.0,0.0,0.0,0.0,0.0,0.0,0.0,-5.275671095104321,-496.21050620364406,501.4861772987484,-504.40202084663395,-1000.0,0.0,0.0,0.0,0.0,0.0,0.0,0.0,0.0,0.0,0.0,0.0,0.0,0.0,0.0,0.0,0.0,0.0,-914.5235847890906,0.0,-1000.0,0.0,0.0,659.0951276324921,0.0,855.1103675837246,0.0,-741.7591200797502,0.0,0.0,0.0,0.0,0.0,918.1216511467377,-499.9999999999994,-3.063688208539123,0.0,-421.91114494309363,0.0,0.0,146.9554115373786,-730.9467122920855,499.9999999999994,0.0,1000.0,-1.5318441042695614,-3.063688208539123,-520.7596624619594,0.0,-699.6890718195161,0.0,1000.0,18.382129251234737,0.0,0.0,0.0,74.12562851036374,0.0,276.2196517041818,0.0,-344.0134462436782,344.0134462436782,344.0134462436782,6.619618655479773,0.0,0.0,-527.7675269135071,0.0,0.0,340.1388748914924,0.0,0.0,-10.792352329280874,0.0,0.0,67.74524716584351,0.0,0.0,0.0,0.0,-5.4307224046595195,0.122547528341497,0.0,0.0,0.0,0.0,0.0,0.0,0.0,0.0,0.0,0.0,0.0,0.0,0.0,0.0,0.0,0.0,0.0,0.0,0.0,0.06740114058781246,0.06740114058781246,0.0,427.7586934095217,0.0,36.764258502469474,0.0,0.0,0.0,1000.0,0.0,0.0,75.97289739980822,0.0,0.0,375.64676755974625,-1000.0,0.0,0.0,855.0837845523733,0.0,0.0,67.74524716584351,0.0,0.0,0.0,0.0,0.0,0.0,0.0,157.2385045325362,-241.73837809122244,15.157529844583365,0.0,80.69097724095846,0.0,352.64145015808754,78.81134981875098,0.0,0.0,375.64676755974625,0.0,1000.0,-629.7839548449133,-500.00000000000045,500.00000000000045,344.0134462436782,0.0,0.0,0.0,0.0,0.0,0.0,0.0,0.0,0.0,0.0,0.0,0.0,0.0,36.764258502469474,0.0,0.0,0.0,0.0,0.0,0.0,0.0,0.0,0.0,0.0,0.0,0.0,0.6127376417078246,0.0,0.0,75.97289739980822,-75.97289739980822,0.0,266.4459833659595,0.0,0.0,18.382129251234737,-855.0837845523733,0.0,0.0,0.0,0.0,0.0,0.0,0.0,0.0,0.0,11.066102652907464,0.0,0.0,18.382129251234737,18.382129251234737,562.6858908833649,-1000.0,0.0,67.74524716584351,0.0,0.0,0.0,0.0,0.0,-111.29818178718676,340.1388748914924,45.38995025603464,0.06127376417078246,0.0,0.0,0.0,80.92075898239979,0.0,0.0,-431.4527999768385,0.0,0.0,0.0,0.0,0.0,0.0,0.0,0.0,0.0,0.0,0.0,0.0,0.0,0.0,0.06127376417078246,0.0,0.0,0.0,0.0,0.0,0.0,0.0,0.0,0.0,0.0,-82.66399244725812,-84.2277828438918,0.0,-85.47641521090941,-4.595532312808685,0.0,-3.0636882085391255,0.0,0.0,0.0,0.0,0.0,0.0,0.0,0.0,0.0,0.0,0.0,0.0,896.2224658056377,0.0,0.0,303.3746163890229,0.0,0.0,0.0,276.158377940011,0.0,0.0,0.06127376417078246,0.0,0.06127376417078246,0.0,0.0,0.0,36.764258502469474,74.7539922883546,74.7539922883546,0.0,0.0,0.0,0.0,0.0,0.0,0.0,15.157529844583365,0.0,340.1388748914924,0.0,0.0,0.0,0.0,0.0,0.0,0.0,0.0,0.0,0.0,0.0,0.0,0.0,0.0,0.0,0.0,0.0,78.81134981875098,0.0,0.0,0.0,0.09191064625617368,0.0,0.0,0.0,-18.382129251234737,0.0,0.0,0.0,0.0,0.0,-427.7586934095217,3.063688208539123,0.0,0.0,0.0,750.0,0.0,475.22812849054327,-3.0636882085391255,0.0,0.0,0.0,0.0,0.0,0.0,0.0,0.0,0.0,855.0837845523733,0.0,83.74524716584351,0.0,67.90277701042687,0.0,0.0,-266.53099158920696,0.0,266.53099158920696,84.2277828438918,-712.6373431356117,0.0,3.0636882085391255,962.1001424782113,0.0,0.0,0.0,-162.7381471288973,0.0,0.0,0.0,0.0,0.0,0.0,0.0,0.0,0.0,551.1022449979746,-380.1031280603639,74.7539922883546,0.0,0.0,0.0,0.0,0.0,0.0,0.0,0.0,0.0,661.0681428387918,0.0,0.0,61.44216228758393,-80.92075898239979,16.450057214066746,-266.4459833659595,18.382129251234737,75.97289739980822,0.0,0.0,0.0,113.85111294029083,0.0,0.0,0.06740114058781246,0.0,0.0,0.0,37.3769961441773,0.0,0.0,0.0,0.0,28.10893669115859,0.0,0.0,0.0,0.0,0.0,0.0,0.0,0.0,0.0,0.0,0.0061273764170782456,0.0061273764170782456,0.0,0.0,0.0,0.0,0.0,0.0,0.0,0.0,0.0,0.0,0.0,0.0,0.0,0.0,0.0,427.7586934095217,0.0,0.0,0.0,0.0,0.0,0.0,0.0,563.659649075833,0.0,0.0,0.0,151.94579479961644,0.0,691.2127046031122,87.26736422354026,0.0,0.0,0.0,36.764258502469474,0.0,0.0,0.0,0.0,0.0,0.0,-36.764258502469474,0.0,151.94579479961644,0.0,0.0,0.0,0.0,0.0,0.0,0.0,0.0,0.0,0.0,-45.38995025603464,-1000.0,41.972528456985984,-18.382129251234737,0.0,0.0,85.2313201542263,0.0,0.0,0.0,0.0,0.0,0.0,0.0,0.0,0.0,0.0,0.0,0.0,0.0,0.0,0.0,0.0,0.0,-7.659220521347811,0.0,-4.595532312808685,375.5075957475552,0.0,0.0,0.0,0.0,0.0,-0.7659220521347808,0.0,95.02013517317266,0.0,0.0,0.0,0.0,0.0,0.0,0.0,1000.0,18.382129251234737,18.382129251234737,0.0,0.0,0.0,0.0,0.0,0.06740114058781246,427.7586934095217,0.0,0.0,-85.2313201542263,0.0,0.0,0.0,0.0,0.0,0.0,0.0,0.0,0.0,0.0,0.0,0.0,0.0,0.0,0.0,0.0,0.0,0.0,0.0,64.33745237932158,0.0,0.0,80.69097724095846,0.0,0.0,0.0,427.7586934095217,0.0,183.86699914194884,0.0,0.0,0.0,-7.659220521347811,0.0,0.0,0.0,0.0,0.0,0.0,0.0,0.0,0.0,0.0,0.0,0.0,0.0,0.0,0.0,0.0,0.0,0.0,-0.06127376417078246,0.0,0.0,3.063688208539123,-375.64676755974625,0.0,0.0,0.0,0.0,0.0,0.0,0.0,0.0,5.275671095104321,1.5318441042695614,0.0,0.0,0.0,0.06127376417078246,0.0,61.27376417078246,-18.99486689294256,12.254752834156491,0.43766974407701753,170.95380203648304,-0.04595532312808684,3.063688208539123,1.2254752834156493,-0.3063688208538906,-170.95380203648304,18.382129251234737,-0.06127376417078246,0.0,67.74524716584351,0.015318441042695615,0.43766974407701753,0.0,-85.72768065579724,-1.2254752834156493,7.535728112706636,-0.06127376417078246,0.015318441042695615,-170.95380203648304,6.127376417078246,0.06127376417078246,0.06127376417078246,-427.6300185047631,-75.90549625922036,-35.07657221648526,-0.04595532312808684,18.382129251234737,0.06127376417078249,18.382129251234737,-30.63688208539123,-0.03063688208539123,-214.633657520814,-85.0,-0.04595532312808684,-0.06127376417078246,-18.99486689294256,0.06127376417078246,6.127376417078246,-1.2254752834156493,78.81134981875098,78.81134981875098,-6.127376417078246,-7.535728112706636,-78.81134981875098,12.254752834156491,0.09191064625617368,-1000.0,6.127376417078246,-157.2385045325362,67.74524716584351,-12.254752834156491,0.03063688208539123,0.6127376417078246,178.60231962841974,96.0,-0.06127376417078246,-441.5452903479478,427.6300185047631,18.99486689294256,0.06127376417078246,85.72768065579724,-5.783269839095318,67.74524716584351,-0.06127376417078246,-0.015318441042695615,-67.74524716584351,-0.06127376417078246,-5.4307224046595195,0.06127376417078246,-0.015318441042695615,-0.015318441042695615,-0.015318441042695615,24.509505668312983,30.63688208539123,0.6127376417078246,79.88491729171534,-0.015318441042695615,357.20463925683947,3.063688208539123,5.779049410868883,0.06127376417078246,0.03063688208539123,0.03063688208539123,40.0,18.99486689294256,0.06127376417078246,-18.99486689294256,0.6127376417078246,0.06127376417078246,-148.86235181508812,0.06127376417078246,0.2450950566831125,0.3063688208538906,0.03063688208539123,0.015318441042695615,18.382129251234737,-0.06127376417078246,35.07657221648526,0.6127376417078246,-159.76983458343068,1.5318441042695623,-6.127376417078246,12.254752834156491,3.063688208539123,-0.06127376417078246,0.0,0.09191064625617368,-0.06127376417078246,-80.0,18.99486689294256,69.21468545632833,0.03063688208539123,-11.558098821737765,-0.06127376417078249,-0.06127376417078246,-0.06127376417078246,0.03063688208539123,170.95380203648304,-12.254752834156491,0.06127376417078246,357.20463925683947,-0.015318441042695615,75.90549625922036,-357.20463925683947,9.191064625617368,85.0,631.4866518273881,170.95380203648304,-0.04595532312808684,441.5452903479478,-96.0,0.06127376417078246,-0.015318441042695616,3.0636882085391255,61.27376417078246,-0.03063688208539123,-0.06127376417078246,0.015318441042695615,0.0,0.0,181.50941537090688,68.97743452337278,-46.0,0.0,286.31341480173666,-31.0,0.0,-32.0,-93.0,-65.0,-818.4599477470077,16.0,23.0,46.5,0.0,15.5,-427.7586934095217,-183.06579839661916,818.4599477470077,65.0,-183.06579839661916,-286.31341480173666,142.98465411187686,0.0,1496.5981,hclb
15,0.0,0.0,0.0,0.0,0.0,0.0,0.0,0.0,-0.05814794528169138,0.0,0.0,0.0,0.0,0.0,0.0,0.0,-545.2702542776993,269.93012342463044,0.0,0.0,0.0,0.0,0.0,0.0,0.0,335.4008790522121,0.0,0.0,0.0,-1000.0,0.0,0.0,29.71493040927473,0.0,0.0,0.0,0.0,356.3526365406703,0.0,-605.2643225274327,1000.0,0.0,0.0,545.2702542776993,0.0,0.0,749.4999999999998,0.0,1000.0,-560.9727507819213,0.0,0.0,0.0,0.06396273980975276,0.0,0.0,0.0,0.0,0.0,0.0,-5.120895714474457,0.0,5.120895714474457,0.0,0.0,0.0,0.0,0.0,0.0,0.0,0.0,0.5814794528169138,0.0,0.0,0.0,0.0,0.0,0.0,0.0,0.0,0.0,0.0,-373.29728791277284,0.0,34.88876716901483,0.0,0.0,-910.3051925653841,89.69480743461588,919.0233367556277,-0.014536986320422845,0.0,0.0,422.2061560280382,17.444383584507413,0.0,17.444383584507413,0.0,438.4481993975757,0.0,0.0,998.5463013679578,-1000.0,0.0,0.0,0.0,0.0,0.0,0.0,0.0,0.0,0.0,0.0,0.0,0.0,0.0,0.0,0.0,0.0,0.0,0.0,0.0,0.0,0.0,-754.4491595055747,0.0,0.0,17.444383584507413,0.0,18.025863037324324,18.025863037324324,0.0,0.0,0.0,0.0,0.0,0.0,500.00000000000045,-500.00000000000045,0.0,0.0,0.0,0.0,0.0,0.0,377.77467969946304,0.05814794528169138,0.0,0.0,0.0,-590.7563257798895,0.0,0.0,0.0,200.53821225529046,0.0,203.47230901030352,0.0,0.0,0.0,0.0,0.0,-211.68301588982771,-211.68301588982771,0.0,0.0,0.0,0.0,770.2805989015446,0.0,0.0,-211.62486794454603,0.0,0.0,0.0,-1000.0,0.0,0.0,0.0,0.0,0.0,0.0,0.0,0.0,0.0,0.0,-128.62629288205238,0.0,0.0,0.0,0.0,-827.9098528343882,0.0,0.0,0.0,0.0,0.0,560.9727507819213,0.0,-89.69480743461588,89.69480743461588,0.0,0.0,0.0,0.0,0.0,0.0,0.0,0.0,-363.1417564366602,0.0,0.0,0.0,0.0,0.0,0.0,0.0,0.0,0.0,0.0,0.0,0.0,0.0,183.2758814170881,598.337910966605,545.2702542776993,0.0,0.0,0.0,0.0,79.12705752654917,0.0,0.0,0.0,0.0,-5.120895714474457,0.0,0.0,0.0,0.0,0.0,0.0,0.0,0.0,0.0,1.8723638380707985,11.629589056338276,0.0,0.0,373.66586056000585,553.0554754292376,0.0,0.0,-545.2702542776993,0.0,0.0,0.0,-502.7641241257934,0.0,0.0,0.0,274.62603163898734,0.0,0.0,-30.138009883489474,247.99358507600977,0.0,-278.13159495949924,0.0,-247.99358507600977,0.0,0.0,90.54050855539867,560.9727507819213,0.0,119.15743588401847,0.0,0.0,0.0,0.0,0.0,0.0,0.0,986.0273434745401,0.0,0.0,413.8170443624398,0.0,0.0,0.0,-5.120895714474457,-0.08722191792253706,0.0,0.0,0.0,0.0,0.05814794528169138,0.0,0.0,0.0,729.4660478852609,-545.2702542776993,0.0,-496.2133740517634,745.809410665593,0.0,949.0739726408457,0.0,158.78133862376944,0.0,0.0,0.0,0.0,0.0,336.5719458184983,-747.582550390388,252.2292659481202,-227.35532676615549,-1000.0,0.0,0.0,0.0,0.0,0.0,0.0,0.0,0.0,0.0,0.0,0.0,0.0,0.0,0.0,0.0,0.0,0.0,1000.0,0.0,643.4147716782029,200.53821225529046,0.0,0.0,449.05389517137723,0.0,0.0,-379.6470435375338,0.0,611.2072750550581,0.0,0.0,995.6389041038732,0.0,0.0,-135.8312016638414,0.0,747.582550390388,0.0,709.1987579264023,0.0,-672.1039581771695,0.0,-589.4225952378683,0.0,-1.4536986320422844,-712.1061551904869,-204.57610109004696,0.0,-1000.0,776.6044650179658,962.2038355669006,17.444383584507413,0.0,0.0,0.0,0.0,0.0,0.0,0.0,-183.2758814170881,183.2758814170881,183.2758814170881,81.37041094366172,0.0,0.0,-448.26850730964975,0.0,0.0,0.0,0.0,0.0,-10.241791428948915,0.0,0.0,68.37041094366172,0.0,0.0,0.0,0.0,-9.862798397791897,0.11629589056344225,0.0,0.0,0.0,0.0,0.0,0.0,0.0,0.0,0.0,0.0,0.0,0.0,0.0,0.0,0.0,0.0,0.0,0.0,0.0,0.06396273980975276,0.06396273980975276,0.0,267.64629236074984,0.0,34.88876716901483,0.0,0.0,0.0,-678.5516477736484,0.0,0.0,0.0,0.0,0.0,354.80591449238443,678.5516477736484,0.0,0.0,349.7573003990442,0.0,0.0,68.37041094366172,0.0,0.0,0.0,0.0,0.0,0.0,0.0,251.4830531685249,-729.4660478852609,590.7563257798895,0.0,4.477391786690213,0.0,1000.0,-577.7938439719618,-656.920901498511,0.0,354.80591449238443,0.0,0.0,344.94311609459254,0.0,0.0,183.2758814170881,0.0,0.0,0.0,0.0,0.0,0.0,0.0,0.0,0.0,0.0,0.0,0.0,0.0,34.88876716901483,0.0,0.0,0.0,0.0,0.0,0.0,0.0,0.0,0.0,0.0,0.0,0.0,0.5814794528169138,0.0,0.0,0.0,0.0,0.0,0.0,0.0,0.0,17.444383584507413,-349.7573003990442,0.0,0.0,0.0,0.0,0.0,0.0,0.0,0.0,0.0,33.611506700701824,0.0,0.0,17.444383584507413,17.444383584507413,1000.0,678.5516477736484,0.0,68.37041094366172,0.0,0.0,0.0,0.0,0.0,227.35532676615549,0.0,514.4288952251105,0.05814794528169138,0.0,0.0,0.0,4.689216444502112,0.0,0.0,-422.2061560280382,0.0,0.0,0.0,0.0,0.0,0.0,0.0,0.0,0.0,0.0,0.0,0.0,0.0,0.0,0.05814794528169138,0.0,0.0,0.0,-272.9331348922376,272.9331348922376,0.0,0.0,0.0,0.0,-379.6470435375338,1000.0,0.0,-388.7927249449419,-356.5852283217971,-4.3610958961268125,0.0,-2.907397264084569,0.0,250.00000000000003,250.0,-250.00000000000003,0.0,0.0,0.0,0.0,0.0,0.0,0.0,0.0,0.0,0.0,0.0,-34.88876716901483,0.0,0.0,0.0,-0.05814794528169138,0.0,0.0,0.05814794528169138,0.0,0.05814794528169138,0.0,0.0,0.0,34.88876716901483,70.94049324366348,70.94049324366348,0.0,0.0,0.0,0.0,0.0,0.0,172.75907565748236,590.7563257798895,0.0,0.0,0.0,0.0,341.57848390725184,0.0,0.0,0.0,0.0,0.0,0.0,0.0,0.0,0.0,0.0,0.0,0.0,0.0,0.0,79.12705752654917,0.0,-335.4008790522121,335.4008790522121,0.08722191792253706,0.0,0.0,0.0,-17.444383584507413,0.0,0.0,0.0,0.0,0.0,-267.64629236074984,2.907397264084569,0.0,0.0,0.0,0.0,-770.2805989015446,-1000.0,-2.907397264084569,0.0,0.0,0.0,0.0,0.0,0.0,0.0,0.0,0.0,349.7573003990442,22.854860117814372,84.37041094366172,0.0,644.1267367235512,0.0,0.0,-1000.0,1000.0,0.0,200.53821225529046,-573.7046173694569,0.0,2.907397264084569,737.9504697935304,0.0,0.0,0.0,-10.241791428948915,0.0,0.0,0.0,0.0,0.0,0.0,0.0,0.0,0.0,119.90410108979867,0.0,70.94049324366348,0.0,-500.0,-500.00000000000006,500.0,0.0,0.0,0.0,0.0,0.0,1.8723638380707985,0.0,0.0,280.7295800491304,-4.689216444502112,0.0,0.0,17.444383584507413,0.0,0.0,0.0,0.0,51.493210595416315,0.0,0.0,0.06396273980975276,0.0,0.0,0.0,35.47024662183174,0.0,0.0,0.0,0.0,598.337910966605,0.0,0.0,0.0,0.0,0.0,0.0,0.0,0.0,0.0,0.0,0.005814794528169138,0.005814794528169138,0.0,0.0,0.0,0.0,0.0,0.0,0.0,0.0,0.0,0.0,0.0,0.0,0.0,0.0,0.0,267.64629236074984,0.0,0.0,0.0,0.0,0.0,0.0,0.0,560.9727507819213,0.0,0.0,0.0,0.0,0.0,0.0,269.93012342463044,0.0,0.0,0.0,34.88876716901483,0.0,0.0,0.0,0.0,0.0,0.0,-34.88876716901483,0.0,0.0,0.0,0.0,0.0,0.0,0.0,0.0,0.0,0.0,0.0,0.0,-514.4288952251105,-1000.0,381.40982642521044,-17.444383584507413,0.0,0.0,356.3526365406703,0.0,0.0,0.0,0.0,0.0,0.0,0.0,0.0,0.0,0.0,0.0,0.0,0.0,0.0,0.0,0.0,0.0,-7.268493160211392,0.0,-1000.0,337.21738801112497,0.0,0.0,0.0,0.0,0.0,0.0,-0.7268493160211422,210.78000368423938,0.0,0.0,0.0,0.0,0.0,0.0,0.0,1000.0,17.444383584507413,17.444383584507413,0.0,0.0,0.0,0.0,0.0,0.06396273980975276,267.64629236074984,0.0,0.0,-356.3526365406703,0.0,0.0,0.0,0.0,0.0,0.0,0.0,0.0,0.0,0.0,0.0,0.0,0.0,0.0,0.0,0.0,0.0,18.025863037324324,0.0,61.05534254577594,0.0,0.0,177.23646744417258,0.0,0.0,0.0,267.64629236074984,0.0,1000.0,0.0,0.0,0.0,-7.268493160211392,0.0,0.0,0.0,0.0,0.0,0.0,0.0,0.0,0.0,0.0,0.0,0.0,0.0,0.0,0.0,0.0,0.0,0.0,-0.05814794528169138,0.0,0.0,2.907397264084569,-354.80591449238443,0.0,0.0,0.0,0.0,0.0,0.0,0.0,0.0,-336.5719458184983,1.4536986320422844,0.0,0.0,335.4008790522121,0.05814794528169138,0.0,58.14794528169138,0.0,11.629589056338276,0.41534246629779553,198.28449341056762,-0.04361095896126853,725.2537969017097,1.1629589056338276,-0.2907397264085055,-198.28449341056762,17.444383584507413,-0.05814794528169138,0.0,68.37041094366172,0.014536986320422845,0.41534246629779553,0.0,-9.257152888845543,-1.1629589056338276,275.3401308530689,-0.05814794528169138,0.014536986320422845,-198.28449341056762,5.814794528169138,0.05814794528169138,0.05814794528169138,-267.5241816756584,0.06396273980986052,-39.57772880706662,-0.04361095896126853,17.444383584507413,0.05814794528169138,17.444383584507413,-29.07397264084569,-0.02907397264084569,-163.8945802032369,-85.0,-0.04361095896126853,-0.05814794528169138,0.0,0.05814794528169138,5.814794528169138,-1.1629589056338276,79.12705752654917,79.12705752654917,-5.814794528169138,-275.3401308530689,-79.12705752654917,11.629589056338276,0.08722191792253706,-1000.0,5.814794528169138,-251.4830531685249,68.37041094366172,-11.629589056338276,0.02907397264084569,0.5814794528169138,124.05334351294086,96.0,-0.05814794528169138,-280.7295800491304,267.5241816756584,18.025863037324324,0.05814794528169138,9.257152888845543,-1.407123394367943,68.37041094366172,-0.05814794528169138,-0.014536986320422845,-68.37041094366172,-0.05814794528169138,-9.862798397791897,0.05814794528169138,-0.014536986320422845,-0.014536986320422845,-0.014536986320422845,23.25917811267655,29.07397264084569,0.5814794528169138,43.08035896057325,-0.014536986320422845,248.1066870258817,2.907397264084569,7.838796462980517,0.05814794528169138,0.02907397264084569,0.02907397264084569,40.0,0.0,0.05814794528169138,0.0,0.5814794528169138,0.05814794528169137,-43.08035896057325,0.05814794528169138,0.2325917811268141,0.2907397264085055,0.02907397264084569,0.014536986320422845,17.444383584507413,-0.05814794528169138,39.57772880706662,0.5814794528169138,-86.1607179211465,723.8000982696675,-5.814794528169138,11.629589056338276,2.907397264084569,-0.05814794528169138,0.0,0.08722191792253706,-0.05814794528169137,-80.0,0.0,224.35488923483723,0.02907397264084569,-15.677592925961036,-0.05814794528169138,-0.05814794528169138,-0.05814794528169138,0.02907397264084569,198.28449341056762,-11.629589056338276,0.05814794528169138,248.1066870258817,-0.014536986320422845,-0.06396273980986052,-248.1066870258817,8.722191792253705,85.0,626.7924387706981,198.28449341056762,-0.04361095896126853,280.7295800491304,-96.0,0.05814794528169138,-0.014536986320422846,2.907397264084569,58.14794528169138,-0.02907397264084569,-0.05814794528169138,0.014536986320422845,0.0,0.0,80.94758927173143,0.0,-46.0,0.0,204.44039991703585,-31.0,0.0,-32.0,-93.0,-65.0,-919.0233367556277,16.0,23.0,46.5,0.0,15.5,-267.64629236074984,-275.84809983025355,919.0233367556277,65.0,-275.84809983025355,-204.44039991703585,100.01636439161733,0.0,1496.5981,hclb
16,0.0,0.0,0.0,0.0,0.0,0.0,0.0,0.0,-0.05334437379821179,0.0,0.0,0.0,0.0,0.0,0.0,0.0,764.5767711292932,644.1474066646322,0.0,-1000.0,0.0,0.0,0.0,353.62877721438883,0.0,0.0,0.0,0.0,0.0,261.4577499426415,0.0,0.0,658.4305514243798,0.0,0.0,0.0,0.0,999.7866225048074,0.0,-1000.0,983.9966878605364,0.0,-905.8379711138361,0.0,0.0,0.0,0.0,560.2038538384153,-1000.0,0.0,0.0,0.0,0.0,0.058678811178197066,0.0,0.0,0.0,570.8727285980576,0.0,0.0,-4.697861185829424,0.0,-91.81090093141233,-96.50876211724176,0.0,0.0,0.0,0.0,0.0,635.5133691270327,0.0,0.533443737982118,0.0,0.0,0.0,0.0,0.0,0.0,0.0,0.0,0.0,0.0,0.0,0.0,32.00662427892708,0.0,0.0,441.5135449260276,0.0,410.8703219512557,-0.013336093449552947,0.0,0.0,0.0,16.00331213946354,0.0,16.00331213946354,-1.7176888363032876,477.58872204554183,0.0,0.0,2.6672186899105896,-105.5175232748543,0.0,0.0,0.0,568.2688772521253,670.1321713048482,0.0,0.0,0.0,0.0,0.0,0.0,0.0,0.0,0.0,0.0,0.0,0.0,0.0,0.0,0.0,0.0,-260.99115073636034,0.0,0.0,16.00331213946354,0.0,16.536755877445653,12.413095219479303,0.0,-161.21677169909069,161.21677169909069,0.0,0.0,0.0,0.0,0.0,0.0,0.0,0.0,0.0,0.0,0.0,4.107516782462222,0.05334437379821179,0.0,0.0,0.0,0.0,-568.2688772521253,0.0,0.0,0.0,0.0,303.3953426745516,0.0,0.0,0.0,0.0,0.0,909.0287866812322,909.0287866812322,0.0,0.0,0.0,0.0,0.0,0.0,0.0,909.0821310550305,0.0,0.0,0.0,57.9242225637416,-688.6673974169132,0.0,0.0,0.0,0.0,0.0,0.0,0.0,0.0,0.0,-529.8225896208229,0.0,0.0,0.0,0.0,-172.67775822123505,0.0,0.0,0.0,0.0,0.0,0.0,905.8379711138361,-347.3515160398638,347.3515160398638,0.0,0.0,0.0,0.0,0.0,0.0,0.0,366.9752732174958,-952.3369214844188,0.0,0.0,0.0,0.0,0.0,0.0,0.0,0.0,0.0,0.0,0.0,0.0,0.0,96.03975328665669,-21.662250480715283,-931.8724921857709,0.0,0.0,0.0,0.0,79.6122182463806,0.0,0.0,0.0,0.0,-4.697861185829424,-931.8724921857709,0.0,0.0,0.0,0.0,0.0,0.0,0.0,0.0,0.0,0.0,0.0,0.0,558.4864550739724,0.0,0.0,0.0,931.8724921857709,0.0,0.0,0.0,306.9547511805795,0.0,0.0,0.0,-188.86386041471144,0.0,0.0,-793.762078865281,-250.0000000011937,-250.0000000011937,-543.7620788640874,0.0,0.0,-347.3515160398638,0.0,-144.71765430125924,0.0,0.0,94.0447750895889,0.0,0.0,0.0,0.0,0.0,0.0,0.0,908.9754423074339,0.0,0.0,324.1536360994076,0.0,0.0,0.0,-4.697861185829424,-0.08001656069731769,0.0,0.0,0.0,0.0,0.05334437379821179,0.0,0.0,0.0,77.0622278353909,764.5767711292932,0.0,-407.0668569743964,-470.6694307380457,688.6673974169132,1000.0,0.0,-749.9999999999998,0.0,0.0,0.0,0.0,0.0,-4.592950584026199,3.8498619346507903,750.7430886493752,-1000.0,-1000.0,0.0,0.0,0.0,0.0,0.0,0.0,0.0,0.0,0.0,0.0,0.0,0.0,0.0,0.0,0.0,0.0,0.0,728.1991581290096,0.0,-271.80084187099044,0.0,0.0,0.0,0.0,0.0,0.0,-4.107516782462222,0.0,477.58872204554183,0.0,0.0,0.0,0.0,0.0,-241.69220418209585,0.0,-3.8498619346507903,-460.2246600902384,-2.6672186899105896,0.0,-822.5712879686673,0.0,239.02498549218527,156.67799857297928,-1.3336093449552948,0.0,-352.9998747814278,0.0,-32.18520062430927,0.0,1000.0,16.00331213946354,0.0,0.0,0.0,0.0,0.0,0.0,0.0,-96.03975328665669,96.03975328665669,96.03975328665669,-546.2783368449628,0.0,0.0,0.0,0.0,0.0,366.9752732174958,0.0,0.0,-9.395722371658849,0.0,0.0,0.0,0.0,0.0,0.0,0.0,-37.66556262017882,0.10668874759626304,0.0,0.0,0.0,0.0,0.0,0.0,0.0,0.0,0.0,635.5133691270327,0.0,0.0,0.0,0.0,0.0,0.0,0.0,0.0,0.0,0.058678811178197066,0.058678811178197066,0.0,181.37087852701433,0.0,32.00662427892708,0.0,0.0,0.0,1000.0,0.0,0.0,0.0,0.0,0.0,-254.29151549852244,-1000.0,0.0,0.0,0.0,0.0,0.0,0.0,0.0,0.0,0.0,0.0,0.0,0.0,0.0,86.99705024545345,-77.0622278353909,0.0,0.0,4.107516782462222,0.0,0.0,0.0,-79.6122182463806,0.0,-254.29151549852244,0.0,0.0,-291.9570781187013,0.0,0.0,96.03975328665669,0.0,0.0,0.0,0.0,0.0,0.0,0.0,0.0,0.0,0.0,0.0,0.0,0.0,32.00662427892708,0.0,0.0,0.0,0.0,0.0,0.0,0.0,0.0,0.0,0.0,0.0,0.0,0.533443737982118,0.0,0.0,0.0,0.0,0.0,905.8379711138361,0.0,0.0,16.00331213946354,0.0,0.0,0.0,0.0,0.0,0.0,0.0,0.0,0.0,0.0,0.0,240.8289899454713,0.0,16.00331213946354,16.00331213946354,1000.0,-1000.0,0.0,0.0,0.0,0.0,0.0,0.0,0.0,1000.0,366.9752732174958,822.5553918696933,0.05334437379821179,0.0,0.0,0.0,20.796485347449764,628.6094620853205,0.0,0.0,0.0,0.0,0.0,0.0,0.0,0.0,0.0,0.0,0.0,0.0,0.0,0.0,0.0,0.0,0.05334437379821179,0.0,0.0,0.0,479.2720865271367,-479.2720865271367,0.0,0.0,0.0,0.0,0.0,473.48120526307963,0.0,0.0,-1000.0,-4.000828034865885,-2.6672186899105896,0.0,0.0,0.0,0.0,0.0,0.0,0.0,0.0,0.0,0.0,0.0,0.0,0.0,688.6673974169132,0.0,0.0,970.4820180656013,0.0,0.0,0.0,-0.05334437379821179,0.0,0.0,0.05334437379821179,0.0,0.05334437379821179,0.0,0.0,0.0,32.00662427892708,65.08013603381839,65.08013603381839,0.0,0.0,0.0,0.0,0.0,0.0,0.0,0.0,0.0,366.9752732174958,0.0,0.0,0.0,0.0,0.0,0.0,0.0,0.0,0.0,0.0,0.0,0.0,0.0,0.0,0.0,0.0,0.0,79.6122182463806,0.0,0.0,0.0,0.08001656069731769,0.0,0.0,0.0,-16.00331213946354,0.0,0.0,0.0,0.0,0.0,-181.37087852701433,2.6672186899105896,0.0,0.0,0.0,0.0,0.0,4.107516782462222,0.0,0.0,0.0,0.0,0.0,0.0,0.0,0.0,0.0,0.0,0.0,0.0,85.33112524035764,0.0,54.33112524035764,628.6094620853205,0.0,0.0,477.58872204554183,-477.58872204554183,0.0,241.87461514676107,0.0,2.6672186899105896,767.8455663569121,0.0,0.0,0.0,-9.395722371658849,0.0,0.0,0.0,0.0,0.0,0.0,0.0,0.0,0.0,521.820933551091,0.0,65.08013603381839,0.0,609.9272672190191,609.9272672190191,-609.9272672190191,0.0,0.0,0.0,0.0,0.0,0.0,0.0,0.0,193.3733626316121,-656.3098544744824,-128.5193936116267,-905.8379711138361,16.00331213946354,0.0,0.0,0.0,0.0,-35.91300381445447,0.0,0.0,0.058678811178197066,0.0,0.0,0.0,32.540068016909196,0.0,0.0,0.0,0.0,-21.662250480715283,0.0,568.2688772521253,0.0,0.0,0.0,0.0,0.0,0.0,0.0,0.0,867.5595985991441,0.0053344373798213315,0.0,0.0,0.0,0.0,0.0,0.0,0.0,0.0,0.0,0.0,0.0,0.0,0.0,0.0,0.0,181.37087852701433,0.0,0.0,0.0,0.0,0.0,0.0,0.0,0.0,0.0,0.0,0.0,0.0,512.3142187026785,-222.0403596315153,644.1474066646322,0.0,0.0,0.0,32.00662427892712,0.0,0.0,0.0,0.0,0.0,967.9933757210729,-1000.0,0.0,0.0,0.0,0.0,0.0,0.0,0.0,0.0,0.0,0.0,0.0,0.0,-822.5553918696933,-105.5175232748543,36.54089605177509,0.0,-16.00331213946354,0.0,999.7866225048074,0.0,0.0,0.0,0.0,0.0,0.0,0.0,0.0,0.0,0.0,0.0,0.0,0.0,0.0,0.0,0.0,0.0,-6.668046724776474,0.0,-4.000828034865885,-4.000828034866117,0.0,0.0,0.0,0.0,0.0,-0.6668046724776476,0.0,9.395722371658849,0.0,0.0,0.0,0.0,0.0,0.0,0.0,1000.0,16.00331213946354,16.00331213946354,0.0,0.0,0.0,0.0,0.0,0.058678811178197066,181.37087852701433,0.0,0.0,-999.7866225048074,867.5542641617643,0.0,0.0,0.0,0.0,0.0,0.0,0.0,0.0,0.0,0.0,0.0,0.0,0.0,0.0,0.0,0.0,12.413095219479303,0.0,56.01159248812239,0.0,0.0,4.107516782462222,0.0,0.0,0.0,181.37087852701433,0.0,-8.4924243086761,0.0,0.0,0.0,-6.668046724776474,0.0,0.0,0.0,0.0,0.0,0.0,0.0,0.0,0.0,0.0,0.0,0.0,0.0,0.0,0.0,0.0,0.0,0.0,-0.05334437379821179,0.0,0.0,2.6672186899105896,254.29151549852244,0.0,0.0,0.0,0.0,0.0,0.0,0.0,0.0,4.592950584026199,1.3336093449552948,0.0,0.0,0.0,0.05334437379821179,0.0,53.34437379821179,-4.12366065796635,10.668874759642359,0.3810312414157985,173.6569933359695,-0.040008280348658845,2.667218689910584,1.066887475964236,-0.266721868990885,-173.6569933359695,16.00331213946354,-0.053344373798211796,0.0,0.0,0.013336093449552949,0.3810312414157985,0.0,-8.4924243086761,-1.066887475964236,-408.7241777939254,-0.053344373798211796,0.013336093449552949,-173.6569933359695,5.334437379821179,0.053344373798211796,0.05334437379821179,-181.25885534203792,0.05867881117802722,-67.48665195923815,-0.040008280348658845,16.00331213946354,0.053344373798211796,16.00331213946354,-26.672186899105895,-0.026672186899105898,-235.90869071531347,-85.0,-0.040008280348658845,-0.053344373798211796,-4.12366065796635,0.05334437379821179,5.334437379821179,-1.066887475964236,79.6122182463806,79.6122182463806,-5.334437379821179,408.7241777939254,-79.6122182463806,10.668874759642359,0.08001656069731769,-268.8826854167181,5.334437379821179,-86.99705024545345,0.0,-10.668874759642359,0.026672186899105894,0.533443737982118,101.7667142435991,96.0,-0.05334437379821179,-193.3733626316121,181.25885534203792,16.536755877445653,0.053344373798211796,8.4924243086761,-64.01324855785425,0.0,-0.05334437379821179,-0.013336093449552949,0.0,-0.053344373798211796,-605.9344398723041,0.053344373798324796,-0.013336093449552947,-0.013336093449552947,-0.013336093449552947,21.337749519284717,26.672186899105895,0.533443737982118,347.9618236606917,-0.013336093449552949,203.5334284871982,2.6672186899105896,21.5,0.05334437379821179,0.026672186899105894,0.026672186899105898,5.334437379821179,4.12366065796635,0.05334437379821179,-4.12366065796635,0.533443737982118,0.053344373798211796,-964.8424451065711,0.053344373798211796,0.2133774951926164,0.266721868990885,0.026672186899105898,0.013336093449552949,16.00331213946354,-0.053344373798211796,67.48665195923815,0.533443737982118,-695.9236473213834,1.3336093449553008,-5.334437379821179,10.668874759642359,2.6672186899105896,-0.053344373798211796,0.0,0.08001656069731769,-0.053344373798211796,-10.668874759642364,4.12366065796635,281.35665134590835,0.026672186899105898,-43.0,-0.053344373798211796,-0.053344373798324796,-0.053344373798211796,0.026672186899105898,173.6569933359695,-10.668874759642359,0.05334437379821179,203.5334284871982,-0.013336093449552947,-0.05867881117802722,-203.5334284871982,8.001656069731768,85.0,318.72619551336635,173.6569933359695,-0.040008280348658845,193.3733626316121,-96.0,0.053344373798211796,-0.013336093449552947,2.6672186899105896,53.34437379821179,-0.026672186899105894,-0.053344373798211796,0.013336093449552949,0.0,0.0,205.3372073184272,616.8806214458793,-46.0,0.0,173.00225918266568,-31.0,0.0,-32.0,-93.0,-65.0,-63.51880591139181,16.0,23.0,46.5,0.0,15.5,-181.37087852701433,-245.44364753145388,63.51880591139181,65.0,-245.44364753145388,-173.00225918266568,115.84053518034938,0.0,1496.5981,hclb
17,0.0,0.0,0.0,0.0,0.0,0.0,0.0,0.0,-0.05638359824472587,0.0,0.0,0.0,0.0,0.0,0.0,0.0,407.7454526010018,-421.1788555279954,0.0,0.0,0.0,0.0,0.0,0.0,0.0,433.46651108941944,0.0,0.0,0.0,501.55249804372687,0.0,0.0,29.753922478791544,0.0,0.0,0.0,0.0,517.0116787894368,0.0,-1000.0,1000.0,0.0,-73.39224120178517,1000.0,0.0,0.0,0.0,0.0,-873.520680805388,-399.9612024859887,0.0,366.64966716823994,0.0,0.062021958069214164,0.0,0.0,0.0,11.276719648945175,0.0,0.0,21.417911689227196,0.0,-295.90545046570617,-353.63782050041664,0.0,0.0,0.0,0.0,0.0,0.0,0.0,0.5638359824472587,0.0,0.0,0.0,0.0,0.0,0.0,0.0,0.0,0.0,0.0,-175.63101617965955,0.0,33.830158946835525,0.0,0.0,817.2411988238181,-349.5369079480247,801.6591064810918,-0.014095899561181468,0.0,0.0,0.0,16.915079473417762,0.0,41.57850189697484,0.0,0.0,0.0,0.0,358.0513751949911,501.55249804372687,0.0,0.0,0.0,0.0,0.0,0.0,0.0,0.0,0.0,0.0,0.0,0.0,0.0,0.0,0.0,0.0,0.0,0.0,0.0,0.0,0.0,-1000.0,0.0,0.0,41.57850189697484,0.0,17.478915455865017,7.521372688755472,0.0,-689.3777943284207,689.3777943284207,0.0,0.0,-79.15028172393768,-250.0000000000835,250.0000000000835,0.0,0.0,0.0,0.0,0.0,0.0,179.97255324450347,0.05638359824472587,0.0,0.0,0.0,-1000.0,515.2885111241138,0.0,0.0,0.0,0.0,74.19800864494925,0.0,0.0,0.0,0.0,0.0,-128.32782431371106,-128.32782431371106,0.0,0.0,0.0,0.0,0.0,0.0,0.0,-128.27144071546633,0.0,0.0,0.0,0.0,0.0,0.0,0.0,0.0,0.0,0.0,0.0,0.0,0.0,0.0,-553.2697535366752,0.0,0.0,0.0,0.0,-1000.0,0.0,0.0,0.0,0.0,0.0,399.9612024859887,-293.2574259664548,349.5369079480247,-349.5369079480247,0.0,0.0,0.0,0.0,0.0,0.0,0.0,0.0,-468.6131805536497,0.0,0.0,0.0,0.0,0.0,0.0,0.0,0.0,0.0,0.0,0.0,0.0,0.0,171.18121330903162,488.9283505973336,257.4801561271142,0.0,0.0,0.0,79.15028172393768,73.48827508462975,0.0,0.0,0.0,0.0,21.417911689227196,-742.5198438728858,0.0,0.0,0.0,0.0,0.0,0.0,0.0,0.0,379.84394086501186,0.0,24.66342242355708,0.0,772.4660570978346,0.0,0.0,0.0,-257.4801561271142,0.0,0.0,79.15028172393768,807.6041287567547,0.0,0.0,0.0,167.91464702525093,0.0,0.0,529.0067448423671,0.0,0.0,529.0067448423671,0.0,0.0,0.0,0.0,351.2872015698393,399.9612024859887,0.0,98.86470939566638,0.0,0.0,0.0,0.0,0.0,0.0,0.0,290.2445351489048,0.0,79.15028172393768,-395.12490546901995,0.0,0.0,0.0,21.417911689227196,-0.08457539736708881,0.0,0.0,0.0,0.0,0.05638359824472587,0.0,0.0,0.0,505.0892821533835,407.7454526010018,0.0,-495.239258365344,640.8249463308059,0.0,893.7049398219823,0.0,-25.11292046569315,0.0,0.0,0.0,0.0,0.0,-4.854627808870912,805.2460119795674,-775.2784637050033,-1000.0,-1000.0,0.0,0.0,0.0,0.0,0.0,0.0,0.0,0.0,0.0,0.0,0.0,0.0,0.0,0.0,0.0,0.0,0.0,-482.76278681758447,0.0,-1000.0,0.0,0.0,378.02838900153193,741.1428781769444,0.0,0.0,-559.8164941095154,0.0,175.63101617965955,0.0,0.0,355.23219528275484,0.0,0.0,-551.0067166420858,0.0,-805.2460119795674,-688.7387616714914,0.0,0.0,699.3579486684799,0.0,0.0,1000.0,-1.4095899561181469,-2.8191799122362937,0.0,0.0,-190.5252181520782,0.0,-4.42468415486897,41.57850189697484,250.00000000000023,-250.00000000000023,0.0,0.0,0.0,0.0,0.0,-171.18121330903162,171.18121330903162,171.18121330903162,81.72328035105483,0.0,0.0,-418.6287430608606,0.0,0.0,0.0,0.0,0.0,-36.31445834548322,0.0,0.0,147.8735620749925,0.0,0.0,0.0,0.0,-37.36164017552741,0.11276719648913058,0.0,0.0,0.0,0.0,0.0,0.0,0.0,0.0,0.0,0.0,0.0,0.0,0.0,0.0,0.0,0.0,0.0,0.0,0.0,0.062021958069214164,0.062021958069214164,0.0,255.90449366008644,0.0,33.830158946835525,0.0,14.508718178532153,0.0,-178.22372837694897,0.0,0.0,0.0,0.0,0.0,372.85836897135437,178.22372837694897,0.0,0.0,0.0,0.0,0.0,147.8735620749925,0.0,0.0,0.0,0.0,0.0,0.0,0.0,333.3333333333333,-505.0892821533835,484.7114888758862,0.0,122.089501745896,0.0,0.0,0.0,-73.48827508462975,0.0,372.85836897135437,0.0,335.4967287958269,0.0,0.0,0.0,171.18121330903162,0.0,0.0,0.0,0.0,0.0,0.0,0.0,0.0,0.0,0.0,0.0,0.0,0.0,33.830158946835525,79.15028172393768,79.15028172393768,0.0,0.0,0.0,0.0,0.0,0.0,0.0,0.0,0.0,0.0,0.5638359824472587,0.0,0.0,0.0,0.0,0.0,-293.2574259664548,0.0,0.0,41.57850189697484,0.0,0.0,0.0,117.74796468105208,0.0,0.0,0.0,0.0,0.0,0.0,813.3552557777167,722.4869698364035,0.0,16.915079473417762,16.915079473417762,1000.0,178.22372837694897,0.0,147.8735620749925,0.0,0.0,0.0,0.0,0.0,767.2486495612031,0.0,1000.0,0.05638359824472587,0.0,0.0,0.0,44.37710552688786,0.0,0.0,0.0,0.0,0.0,0.0,0.0,0.0,0.0,0.0,0.0,0.0,0.0,0.0,0.0,0.0,0.0,0.05638359824472587,0.0,0.0,0.0,-36.00053713022294,36.00053713022294,0.0,0.0,0.0,0.0,-168.6490671034511,378.02838900153193,0.0,0.0,-732.7736240088202,-4.228769868354448,-2.819179912236291,0.0,0.0,0.0,0.0,0.0,0.0,0.0,0.0,0.0,0.0,0.0,0.0,79.15028172393768,0.0,0.0,0.0,-192.1307223947109,0.0,0.0,0.0,-0.05638359824472587,0.0,0.0,0.05638359824472587,0.0,0.05638359824472587,0.0,0.0,0.0,33.830158946835525,68.78798985856557,68.78798985856557,0.0,0.0,0.0,0.0,0.0,0.0,175.63101617965955,484.7114888758862,0.0,0.0,0.0,0.0,0.0,0.0,0.0,0.0,0.0,0.0,0.0,0.0,0.0,0.0,0.0,0.0,0.0,0.0,0.0,73.48827508462975,0.0,-433.46651108941944,433.46651108941944,0.08457539736708881,0.0,0.0,0.0,-41.57850189697484,0.0,0.0,0.0,0.0,0.0,-255.90449366008644,2.8191799122362937,0.0,0.0,0.0,0.0,0.0,0.0,0.0,0.0,0.0,0.0,0.0,0.0,0.0,0.0,79.15028172393768,0.0,0.0,0.0,84.72328035105483,0.0,538.434769226941,0.0,215.5364108264047,-391.16742700606426,175.63101617965955,0.0,0.0,738.8161388981891,14.508718178532153,2.819179912236291,648.0687970034852,0.0,0.0,0.0,-36.31445834548322,0.0,0.0,0.0,0.0,0.0,0.0,0.0,0.0,0.0,803.1960581417467,-258.38384434178033,68.78798985856557,0.0,0.0,0.0,0.0,0.0,0.0,0.0,0.0,0.0,379.84394086501186,0.0,0.0,10.20695892336937,-44.37710552688786,-662.907787131864,-73.39224120178517,16.915079473417762,0.0,0.0,0.0,0.0,-50.17785234741129,0.0,0.0,0.062021958069214164,0.0,0.0,0.0,34.39399492928278,0.0,0.0,0.0,0.0,488.9283505973336,0.0,0.0,0.0,0.0,0.0,0.0,0.0,0.0,-1000.0,0.0,0.005638359824472587,0.005638359824472587,0.0,0.0,0.0,0.0,0.0,0.0,0.0,0.0,0.0,0.0,0.0,0.0,0.0,0.0,0.0,255.90449366008644,0.0,0.0,0.0,0.0,0.0,0.0,0.0,399.9612024859887,0.0,0.0,0.0,0.0,0.0,0.0,-421.1788555279954,0.0,0.0,0.0,33.830158946835525,0.0,0.0,0.0,0.0,0.0,0.0,-33.830158946835525,0.0,0.0,0.0,0.0,0.0,0.0,0.0,0.0,0.0,0.0,0.0,0.0,-1000.0,268.80114760493007,38.62276479763723,-41.57850189697484,0.0,0.0,517.0116787894368,0.0,0.0,0.0,0.0,0.0,0.0,0.0,0.0,0.0,0.0,0.0,0.0,0.0,0.0,0.0,0.0,14.508718178532153,-7.047949780590739,79.15028172393768,-359.4609651511093,254.15507447342588,0.0,0.0,0.0,0.0,0.0,-0.7047949780590734,0.0,36.31445834548322,0.0,0.0,0.0,0.0,0.0,0.0,0.0,1000.0,16.915079473417762,16.915079473417762,0.0,0.0,0.0,0.0,0.0,0.062021958069214164,255.90449366008644,0.0,0.0,-517.0116787894368,0.0,0.0,0.0,0.0,0.0,0.0,0.0,0.0,0.0,0.0,0.0,0.0,0.0,0.0,0.0,0.0,0.0,7.521372688755472,0.0,59.20277815696217,179.97255324450347,0.0,0.0,0.0,0.0,0.0,255.90449366008644,0.0,375.20920908929565,0.0,0.0,0.0,-7.047949780590739,0.0,0.0,0.0,0.0,0.0,0.0,0.0,0.0,0.0,0.0,0.0,0.0,0.0,0.0,0.0,0.0,0.0,0.0,-0.05638359824472587,0.0,0.0,2.8191799122362937,-372.85836897135437,0.0,0.0,0.0,0.0,79.15028172393768,0.0,0.0,0.0,4.854627808870912,1.4095899561181469,0.0,0.0,433.46651108941944,0.05638359824472587,0.0,56.383598244725874,-9.957542767109546,11.276719648945175,0.4027399874623277,172.35298448029613,-0.0422876986835444,551.0067166420858,1.1276719648945175,-0.2819179912233949,-172.35298448029613,16.915079473417762,-0.05638359824472588,0.0,147.8735620749925,0.01409589956118147,0.4027399874623277,0.0,-8.976268840560152,-1.1276719648945175,13.433402926993608,-0.05638359824472588,0.01409589956118147,-172.35298448029613,5.638359824472587,0.05638359824472588,0.05638359824472587,-255.7860881037725,0.06202195806919847,-67.11556265431896,-0.0422876986835444,16.915079473417762,0.05638359824472588,41.57850189697484,-3.5283766988058574,-0.02819179912236294,-7.082445990630291,-79.18301850734706,-0.04228769868354441,-0.05638359824472588,-9.957542767109546,0.05638359824472587,5.638359824472587,-1.1276719648945175,73.48827508462975,73.48827508462975,-5.638359824472587,-13.433402926993608,-73.48827508462975,11.276719648945175,0.08457539736708881,-1000.0,5.638359824472587,-333.3333333333333,147.8735620749925,-11.276719648945175,0.028191799122362936,0.5638359824472587,123.809814591336,96.0,-0.05638359824472587,-268.5908032651497,255.7860881037725,17.478915455865017,0.05638359824472588,8.976268840560152,55.54982175776365,147.8735620749925,-0.05638359824472587,-0.01409589956118147,-147.8735620749925,-0.05638359824472588,-37.36164017552741,0.05638359824472588,-0.014095899561181468,-0.014095899561181468,-0.014095899561181468,22.55343929789035,3.5283766988058574,0.5638359824472587,260.2001616430069,-0.01409589956118147,247.619629182672,2.8191799122362937,21.5,0.05638359824472587,0.02819179912236294,0.02819179912236294,40.0,9.957542767109546,0.05638359824472587,-9.957542767109546,0.5638359824472587,0.05638359824472588,-697.0540882298989,0.05638359824472588,0.22553439297871591,0.2819179912233949,0.02819179912236294,0.01409589956118147,16.915079473417762,-0.05638359824472588,67.11556265431896,0.5638359824472587,-520.4003232860138,549.5971266859677,-5.638359824472587,11.276719648945175,2.8191799122362937,-0.05638359824472588,0.0,0.0845753973670888,-0.05638359824472588,-80.0,9.957542767109546,234.77495953341992,0.02819179912236294,-43.0,-0.05638359824472588,-0.05638359824472588,-0.05638359824472588,0.02819179912236294,172.35298448029613,-11.276719648945175,0.05638359824472587,247.619629182672,-0.014095899561181468,-0.06202195806919847,-247.619629182672,8.457539736708881,79.18301850734706,828.5733168781028,172.35298448029613,-0.04228769868354441,268.5908032651497,-96.0,0.05638359824472588,-0.014095899561181468,2.819179912236291,56.383598244725874,-0.02819179912236294,-0.05638359824472588,0.01409589956118147,0.0,0.0,198.3127017197858,436.853926586892,-46.0,0.0,108.67426923976421,-31.0,0.0,-32.0,-93.0,-65.0,-801.6591064810918,16.0,23.0,46.5,0.0,15.5,-255.90449366008644,-184.59710718600863,801.6591064810918,65.0,-184.59710718600863,-108.67426923976421,23.743043828763987,0.0,1496.5981,hclb
18,0.0,0.0,0.0,0.0,0.0,0.0,0.0,0.0,583.8136274785367,0.0,0.0,0.0,0.0,0.0,0.0,0.0,-563.4243419655201,105.34858029651575,0.0,1000.0,0.0,0.0,0.0,412.83273306233747,0.0,413.53129494398536,0.0,0.0,0.0,-523.3516012571608,0.0,0.0,315.27490974138294,0.0,0.0,0.0,0.0,915.1141961798411,0.0,-1000.0,1000.0,0.0,0.0,806.423528178926,0.0,0.0,0.0,0.0,1000.0,-751.8589639369733,0.0,830.3614855867415,0.0,0.06329882582676552,0.0,0.0,0.0,0.0,0.0,0.0,-5.067742358615723,0.0,5.067742358615723,0.0,0.0,0.0,0.0,0.0,732.2977115056303,-732.2977115056303,0.0,0.5754438711524131,0.0,0.0,0.0,0.0,0.0,0.0,0.0,0.0,0.0,0.0,313.90037429540666,0.0,34.52663226914479,0.0,0.0,375.50387703016486,-454.8576085565767,1000.0,-0.014386096778810328,0.0,0.0,-1000.0,17.263316134572396,0.0,17.263316134572396,-370.99689860370074,0.0,0.0,332.76062977064197,2.8772193557620658,-711.7517948317891,0.0,0.0,0.0,0.0,0.0,0.0,0.0,0.0,0.0,0.0,0.0,0.0,0.0,0.0,0.0,0.0,0.0,0.0,0.0,0.0,0.0,-878.884407090288,0.0,0.0,17.263316134572396,0.0,17.83876000572481,0.0,0.0,-230.16002066519636,355.1600206651982,-125.00000000000185,125.00000000000185,0.0,0.0,0.0,0.0,0.0,0.0,0.0,0.0,0.0,-309.4694564875331,0.05754438711524131,0.0,0.0,0.0,0.0,0.0,0.0,0.0,18.860255475235324,0.0,-52.19677580258975,0.0,0.0,0.0,0.0,0.0,646.4534654322974,646.4534654322974,0.0,0.0,0.0,0.0,295.875790395683,0.0,0.0,646.5110098194127,0.0,0.0,0.0,380.2764861790656,0.0,0.0,0.0,0.0,0.0,0.0,0.0,0.0,0.0,0.0,0.0,0.0,0.0,0.0,0.0,-696.3733386866018,0.0,0.0,0.0,0.0,0.0,751.8589639369733,-830.3614855867415,-545.1423914434233,545.1423914434233,0.0,0.0,0.0,0.0,0.0,0.0,0.0,188.40019357462825,-953.7019258124535,0.0,0.0,0.0,0.0,0.0,0.0,0.0,0.0,0.0,0.0,0.0,0.0,0.0,215.9470869554076,-19.982245153903474,917.1374288094224,0.0,0.0,0.0,0.0,79.18801690136063,0.0,0.0,0.0,0.0,-5.067742358615723,110.71390063049648,0.0,0.0,0.0,0.0,0.0,0.0,0.0,0.0,0.0,11.508877423048263,0.0,0.0,-90.28478288684664,0.0,0.0,0.0,-917.1374288094224,0.0,0.0,0.0,-786.1145192872106,0.0,0.0,0.0,275.9298700330746,0.0,0.0,0.0,0.0,0.0,0.0,0.0,0.0,-1000.0,0.0,15.063797409669178,751.8589639369733,0.0,81.36082315016266,0.0,0.0,0.0,-50.83706060723566,0.0,50.83706060723566,0.0,1000.0,0.0,0.0,706.90852218122,0.0,0.0,0.0,-5.067742358615723,-0.08631658067286198,0.0,0.0,0.0,0.0,0.05754438711524131,0.0,0.0,0.0,599.9220056506688,-563.4243419655201,0.0,-309.38709071731284,-192.86801054304286,0.0,948.7721935576207,0.0,-578.4292367431343,0.0,0.0,0.0,0.0,0.0,854.3723662191533,0.0,-275.94312947601895,-1000.0,-1000.0,0.0,0.0,0.0,0.0,0.0,0.0,0.0,0.0,0.0,0.0,0.0,0.0,0.0,0.0,0.0,0.0,0.0,-84.65562627169788,0.0,-1000.0,18.860255475235324,0.0,369.14396933858984,0.0,0.0,0.0,549.7643200983829,0.0,0.0,0.0,0.0,0.0,0.0,0.0,0.0,581.5597459150226,-732.2977115056303,500.00000000000045,-798.5219999823626,-660.8673257244291,0.0,0.0,-363.09637625931697,1000.0,-582.9983555929036,795.6447806266004,118.2125586405839,0.0,0.0,0.0,150.9963419497214,17.263316134572396,750.0000000000006,-750.0000000000006,0.0,62.73719319015305,0.0,583.871171865652,832.4586520552896,616.511565099882,-616.511565099882,-616.511565099882,-266.7927113098311,0.0,0.0,-353.60407895481774,0.0,0.0,188.40019357462825,0.0,0.0,-10.135484717231446,0.0,0.0,68.49112257695174,0.0,0.0,0.0,0.0,-37.24556128847587,0.11508877423068498,0.0,0.0,0.0,0.0,0.0,0.0,0.0,0.0,0.0,0.0,0.0,0.0,0.0,0.0,0.0,0.0,0.0,0.0,0.0,0.06329882582676552,0.06329882582676552,0.0,300.43820953235934,0.0,34.52663226914479,0.0,0.0,0.0,1000.0,0.0,206.06846986432578,0.0,0.0,0.0,-79.27712402022188,-1000.0,0.0,0.0,0.0,0.0,0.0,68.49112257695174,0.0,0.0,0.0,0.0,0.0,0.0,0.0,292.961469030096,-599.9220056506688,0.0,360.2191569035549,4.430917807873579,0.0,-79.18801690136063,-920.8119830986394,-1000.0,0.0,-79.27712402022188,0.0,-116.52268530869775,0.0,-249.99999999999991,249.99999999999991,215.9470869554076,0.0,0.0,0.0,0.0,0.0,0.0,0.0,0.0,0.0,0.0,0.0,0.0,0.0,34.52663226914479,0.0,0.0,0.0,0.0,0.0,0.0,0.0,0.0,0.0,0.0,0.0,0.0,0.5754438711524131,0.0,0.0,0.0,0.0,0.0,-830.3614855867415,0.0,0.0,17.263316134572396,0.0,0.0,0.0,0.0,360.2191569035549,0.0,0.0,0.0,0.0,0.0,503.42355663370535,0.0,0.0,17.263316134572396,17.263316134572396,1000.0,-1000.0,0.0,68.49112257695174,0.0,0.0,0.0,0.0,0.0,711.7517948317891,188.40019357462825,1000.0,0.05754438711524131,0.0,0.0,-249.99999999999966,325.99558381240655,285.54664069662977,0.0,1000.0,0.0,0.0,0.0,0.0,0.0,0.0,0.0,0.0,0.0,0.0,0.0,0.0,0.0,0.0,0.05754438711524131,0.0,0.0,0.0,-886.6929352004755,886.6929352004755,0.0,0.0,0.0,0.0,0.0,918.9082894369727,0.0,0.0,-915.3443737283021,-4.315829033643099,-2.8772193557620658,0.0,0.0,0.0,0.0,0.0,0.0,0.0,0.0,0.0,0.0,0.0,0.0,0.0,0.0,0.0,0.0,153.87356130548346,0.0,0.0,0.0,583.8136274785367,0.0,0.0,0.05754438711524131,0.0,0.05754438711524131,0.0,0.0,0.0,34.52663226914479,70.20415228059441,70.20415228059441,0.0,0.0,0.0,0.0,0.0,0.0,0.0,0.0,0.0,188.40019357462825,0.0,0.0,859.3269379497756,0.0,0.0,0.0,0.0,0.0,0.0,0.0,0.0,0.0,0.0,0.0,0.0,0.0,0.0,79.18801690136063,0.0,-598.8274159646847,598.8274159646847,0.08631658067286198,0.0,0.0,0.0,-17.263316134572396,0.0,0.0,0.0,0.0,0.0,-300.43820953235934,2.8772193557620658,0.0,0.0,0.0,0.0,-295.875790395683,-4.730148620872967,0.0,0.0,0.0,0.0,0.0,0.0,0.0,0.0,0.0,0.0,0.0,0.0,84.49112257695174,0.0,53.49112257695174,285.54664069662977,0.0,545.03417147751,0.0,-545.03417147751,18.860255475235324,-856.3186715678049,0.0,2.8772193557620658,1000.0,0.0,0.0,0.0,-10.135484717231446,0.0,0.0,1000.0,-1000.0,0.0,-240.29486361084977,0.0,0.0,0.0,9.996375680214925,-18.62803374750129,70.20415228059441,0.0,0.0,0.0,0.0,0.0,0.0,0.0,0.0,0.0,0.0,0.0,0.0,294.7576628857875,-75.99558381240692,0.0,0.0,17.263316134572396,0.0,0.0,0.0,0.0,-133.05004145948763,0.0,0.0,0.06329882582676552,0.0,0.0,0.0,35.10207614029721,0.0,0.0,0.0,0.0,-19.982245153903474,0.0,0.0,0.0,0.0,0.0,0.0,0.0,0.0,-262.5666416441002,0.0,0.005754438711524132,0.005754438711524132,0.0,0.0,0.0,0.0,0.0,0.0,0.0,0.0,0.0,-249.99999999999966,0.0,0.0,0.0,0.0,0.0,300.43820953235934,0.0,0.0,0.0,0.0,0.0,0.0,0.0,751.8589639369733,0.0,0.0,0.0,0.0,57.85362789188757,0.0,105.34858029651575,0.0,0.0,0.0,34.52663226914479,0.0,0.0,0.0,0.0,0.0,0.0,-34.52663226914479,0.0,0.0,0.0,0.0,0.0,0.0,0.0,0.0,0.0,0.0,0.0,0.0,-1000.0,-1000.0,898.7448431237159,-759.3368444558326,742.0735283212603,0.0,915.1141961798411,0.0,0.0,0.0,0.0,0.0,0.0,0.0,0.0,0.0,0.0,0.0,0.0,0.0,0.0,0.0,0.0,0.0,-7.193048389405165,0.0,-4.315829033643099,873.6391426636337,0.0,0.0,0.0,0.0,0.0,-0.7193048389405166,0.0,28.99574019246677,0.0,0.0,0.0,0.0,0.0,0.0,0.0,1000.0,17.263316134572396,17.263316134572396,0.0,0.0,0.0,0.0,0.0,0.06329882582676552,300.43820953235934,0.0,0.0,-915.1141961798411,0.0,0.0,0.0,0.0,0.0,0.0,0.0,0.0,0.0,0.0,0.0,0.0,0.0,0.0,92.6480605103497,0.0,0.0,0.0,0.0,60.421606471003386,4.430917807873579,0.0,0.0,0.0,0.0,0.0,300.43820953235934,0.0,0.0,0.0,0.0,0.0,-7.193048389405165,0.0,0.0,0.0,0.0,0.0,0.0,0.0,0.0,0.0,0.0,0.0,0.0,0.0,0.0,0.0,0.0,0.0,0.0,-0.05754438711524131,0.0,0.0,2.8772193557620658,79.27712402022188,0.0,0.0,0.0,0.0,0.0,0.0,0.0,0.0,-854.3723662191533,1.4386096778810329,0.0,0.0,413.53129494398536,0.05754438711524131,0.0,57.544387115241314,-17.83876000572481,11.508877423048263,0.41103133653743795,160.54884005152329,-0.04315829033643099,2.877219355762038,1.1508877423048263,-0.28772193557631454,-160.54884005152329,17.263316134572396,-0.05754438711524132,0.0,68.49112257695174,0.01438609677881033,0.41103133653743795,0.0,-9.161066428746494,-1.1508877423048263,-541.9242383309958,-0.05754438711524132,0.014386096778810328,-160.54884005152329,5.7544387115241316,0.05754438711524132,0.05754438711524131,-300.3173663194173,0.06329882582676545,-66.97383033322899,-0.04315829033643099,17.263316134572396,0.05754438711524132,17.263316134572396,-28.77219355762066,-0.02877219355762066,119.17060613581873,-85.0,-0.04315829033643098,-0.05754438711524132,-17.83876000572481,0.05754438711524131,5.754438711524131,-1.1508877423048263,79.18801690136063,79.18801690136063,-5.7544387115241316,541.9242383309958,-79.18801690136063,11.508877423048263,0.08631658067286196,-101.64790341605001,5.7544387115241316,-292.961469030096,68.49112257695174,-11.508877423048263,0.028772193557620656,0.5754438711524131,77.34677267932821,96.0,-0.05754438711524131,-313.38569663328883,300.3173663194173,17.83876000572481,0.057544387115240965,9.161066428746494,-0.5621419613374883,68.49112257695174,-0.05754438711524131,-0.014386096778810328,-68.49112257695174,-0.05754438711524132,-37.24556128847587,0.05754438711524132,-0.014386096778810328,-0.014386096778810328,-0.014386096778810328,23.017754846096526,28.77219355762066,0.5754438711524131,306.0202599743318,-0.014386096778810328,154.69354535865642,2.8772193557620658,21.5,0.05754438711524131,0.028772193557620656,0.02877219355762066,40.0,17.83876000572481,0.05754438711524131,-17.83876000572481,0.5754438711524131,0.05754438711524132,-832.7943843149856,0.05754438711524132,0.23017754846107322,0.28772193557631454,0.02877219355762066,0.01438609677881033,17.263316134572396,-0.05754438711524131,66.97383033322899,0.5754438711524131,-612.0405199486636,1.438609677881061,-5.754438711524131,11.508877423048263,2.8772193557620658,-0.05754438711524132,0.0,0.08631658067286198,-0.05754438711524132,-80.0,17.83876000572481,270.4928276015061,0.028772193557620656,-43.0,-0.05754438711524132,-0.05754438711524132,-0.05754438711524132,0.02877219355762066,160.54884005152329,-11.508877423048263,0.05754438711524131,154.69354535865642,-0.014386096778810328,-0.06329882582676545,-154.69354535865642,8.631658067286196,85.0,79.99737086197352,160.54884005152329,-0.04315829033643098,313.38569663328883,-96.0,0.05754438711524132,-0.014386096778810323,2.8772193557620658,57.544387115241314,-0.028772193557620656,-0.057544387115240965,0.014386096778810328,0.0,0.0,101.6191312224924,526.7741243406538,-46.0,0.0,487.26935913008293,-31.0,0.0,-32.0,-93.0,-65.0,0.0,16.0,23.0,46.5,0.0,15.5,-300.43820953235934,-137.4427861420185,0.0,65.0,-137.4427861420185,-487.26935913008293,241.03853118994815,0.0,1496.5981,hclb
19,0.0,0.0,0.0,0.0,0.0,0.0,0.0,0.0,309.007335839833,0.0,0.0,0.0,0.0,0.0,0.0,0.0,525.2333818142397,894.2184678743687,0.0,-1000.0,0.0,0.0,0.0,349.5930775805376,0.0,0.0,0.0,0.0,0.0,-749.7011501468437,0.0,0.0,13.88175491740702,0.0,0.0,0.0,0.0,423.9344680435683,0.0,-1000.0,1000.0,0.0,0.0,0.0,0.0,0.0,0.0,0.0,-25.03223166739599,-244.35005324875974,0.0,-249.50000000000003,0.0,0.06372230053681202,0.0,0.0,0.0,11.585872824864495,0.0,0.0,-89.018644598915,0.0,89.018644598915,0.0,0.0,0.0,0.0,0.0,0.0,0.0,0.0,0.5792936412432249,0.0,0.0,0.0,0.0,0.0,0.0,0.0,0.0,0.0,0.0,0.0,0.0,34.757618474593485,0.0,83.91699859836588,-740.63681868272,38.504345066853105,-628.1168268423685,-0.01448234103108062,0.0,0.0,750.2379956328166,17.378809237296743,0.0,50.41030800535598,-0.13334312855221242,598.1056894821597,0.0,0.0,998.551765896892,-896.6775707369591,0.0,0.0,-15.838006135445395,0.0,0.0,0.0,0.0,0.0,0.0,0.0,0.0,0.0,0.0,0.0,0.0,0.0,0.0,0.0,0.0,0.0,0.0,-358.51196302112027,0.0,0.0,50.41030800535598,0.0,17.95810287853997,0.0,0.0,-437.7960214122094,437.7960214122094,0.0,0.0,500.00000000000045,182.44767645645084,-182.44767645645084,-500.00000000000045,0.0,0.0,0.0,0.0,0.0,88.37755963593871,0.05792936412432248,0.0,0.0,0.0,0.0,0.0,0.0,0.0,164.15920193016973,0.0,446.98142212974005,0.0,0.0,0.0,0.0,0.0,649.3809132026072,649.3809132026072,0.0,0.0,0.0,0.0,0.0,0.0,0.0,649.4388425667315,0.0,0.0,0.0,0.0,-312.49999999999943,0.0,0.0,0.0,0.0,0.0,0.0,0.0,0.0,0.0,0.0,0.0,0.0,0.0,0.0,-344.6002609667153,0.0,0.0,0.0,0.0,0.0,244.35005324875974,249.50000000000003,589.6124817755153,-589.6124817755153,0.0,0.0,0.0,0.0,0.0,0.0,0.0,146.9764205901154,766.076001768262,0.0,0.0,0.0,0.0,0.0,0.0,0.0,0.0,0.0,0.0,0.0,0.0,0.0,261.5014473565798,13.203244417788227,0.0,0.0,0.0,0.0,0.0,0.0,0.0,0.0,0.0,0.0,-89.018644598915,0.0,0.0,0.0,0.0,0.0,0.0,0.0,0.0,0.0,1.7319823962519063,0.0,33.03149876805924,0.0,-448.8918632913378,-1000.0,73.44343142539935,0.0,0.0,0.0,0.0,0.0,-171.92260702917807,0.0,0.0,0.0,0.8900026158094079,0.0,0.0,-749.9999999999999,-1000.0,0.0,250.00000000000023,0.0,1000.0,628.1168268423685,0.0,1000.0,244.35005324875974,0.0,161.62292590685973,0.0,0.0,0.0,0.0,0.0,0.0,0.0,545.403401871016,0.0,0.0,0.0,0.0,0.0,0.0,-89.018644598915,-0.0868940461864837,0.0,0.0,0.0,0.0,0.05792936412432248,0.0,0.0,0.0,292.4579705651074,525.2333818142397,0.0,-886.734834683397,171.0224582967276,312.49999999999943,981.9961808302205,0.0,297.8059510103725,0.0,-15.838006135445395,0.0,0.0,0.0,180.8149102939293,0.0,-478.6208613043018,-334.3107825938039,0.0,0.0,0.0,0.0,0.0,0.0,0.0,0.0,0.0,0.0,0.0,0.0,0.0,0.0,0.0,0.0,0.0,0.0,-575.8338144999339,0.0,-1000.0,0.0,0.0,0.0,725.2483323727758,0.0,0.0,-90.10954203219062,0.0,598.1056894821597,0.0,0.0,995.6552976906759,0.0,0.0,0.0,0.0,0.0,-251.67453857492603,497.1150393694104,750.0000000000002,-535.1836560341321,0.0,-863.3482832379419,0.0,-1.4482341031080619,-500.0115075756265,0.0,0.0,-565.224682367178,803.9182508656668,674.5470162764839,50.41030800535598,0.0,0.0,0.0,0.0,0.0,309.0652652039573,0.0,-261.5014473565798,261.5014473565798,261.5014473565798,97.2521333105809,0.0,0.0,-147.83141382763074,0.0,0.0,146.9764205901154,0.0,0.0,-10.203292001098248,0.0,0.0,68.4141271751355,0.0,0.0,0.0,0.0,-37.20706358756775,0.11585872824858073,0.0,0.0,0.0,0.0,0.0,0.0,0.0,0.0,0.0,0.0,0.0,0.0,0.0,0.0,0.0,0.0,0.0,0.0,0.0,0.06372230053681202,0.06372230053681202,0.0,345.91557453171527,0.0,34.757618474593485,0.0,0.0,0.0,258.9617827474939,0.0,414.4932885029462,83.91699859836588,0.0,0.0,606.050525659552,-258.9617827474939,0.0,0.0,0.0,0.0,0.0,68.4141271751355,0.0,0.0,0.0,0.0,0.0,0.0,0.0,119.50398767370676,-292.4579705651074,0.0,0.0,88.37755963593871,0.0,750.2379956328166,0.0,0.0,0.0,606.050525659552,0.0,568.8434620719843,0.0,0.0,0.0,261.5014473565798,0.0,0.0,0.0,0.0,0.0,0.0,0.0,0.0,0.0,0.0,0.0,0.0,0.0,34.757618474593485,0.0,0.0,0.0,0.0,0.0,0.0,0.0,0.0,0.0,0.0,0.0,0.0,0.5792936412432249,0.0,0.0,83.91699859836588,-83.91699859836588,0.0,249.50000000000003,0.0,0.0,50.41030800535598,0.0,0.0,0.0,0.0,0.0,0.0,0.0,0.0,0.0,0.0,369.38189423707394,0.0,0.0,17.378809237296743,17.378809237296743,-719.9030451086668,-258.9617827474939,0.0,68.4141271751355,0.0,0.0,0.0,0.0,0.0,902.792252905611,146.9764205901154,1000.0,0.05792936412432248,0.0,0.0,0.0,76.50400094961418,0.0,0.0,-750.2379956328166,0.0,0.0,0.0,0.0,0.0,0.0,0.0,0.0,0.0,0.0,0.0,0.0,0.0,0.0,0.05792936412432248,0.0,0.0,0.0,0.0,0.0,0.0,0.0,0.0,0.0,-442.472049630822,1000.0,-164.15920193016973,-49.53180291920887,-424.16618550006615,-4.344702309324134,-2.8964682062161264,0.0,0.0,125.0,125.0,-125.00000000000001,0.0,0.0,0.0,0.0,0.0,0.0,0.0,0.0,312.49999999999943,0.0,0.0,112.2188021155219,0.0,0.0,0.0,309.007335839833,0.0,0.0,0.05792936412432248,0.0,0.05792936412432248,0.0,0.0,0.0,34.757618474593485,70.67382423167344,70.67382423167344,0.0,0.0,0.0,0.0,0.0,0.0,0.0,0.0,0.0,146.9764205901154,0.0,0.0,185.8026285450335,0.0,0.0,0.0,0.0,0.0,0.0,0.0,0.0,0.0,0.0,0.0,0.0,0.0,0.0,0.0,0.0,0.0,0.0,0.0868940461864837,0.0,0.0,0.0,-50.41030800535598,0.0,0.0,0.0,0.0,0.0,-345.91557453171527,2.8964682062161238,0.0,0.0,0.0,0.0,0.0,-352.3625075986314,0.0,0.0,0.0,0.0,0.0,0.0,0.0,0.0,0.0,0.0,0.0,0.0,84.4141271751355,0.0,53.414127175135505,-15.838006135445395,0.0,0.0,647.6374924013686,-647.6374924013686,164.15920193016973,-242.5964312608515,0.0,2.8964682062161264,1000.0,0.0,0.0,0.0,-178.03728919783,0.0,0.0,0.0,0.0,0.0,0.0,0.0,0.0,0.0,-8.689404618648325,0.0,70.67382423167344,0.0,0.0,0.0,0.0,0.0,0.0,0.0,0.0,0.0,1.7319823962519063,0.0,0.0,358.9496814596878,-76.50400094961418,0.0,0.0,17.378809237296743,83.91699859836588,0.0,0.0,0.0,214.2948103051038,0.0,0.0,0.06372230053681202,0.0,0.0,0.0,35.33691211583672,0.0,0.0,0.0,0.0,13.203244417788227,0.0,0.0,0.0,0.0,0.0,0.0,0.0,0.0,0.0,0.0,0.0057929364124322475,0.0057929364124322475,0.0,0.0,0.0,0.0,0.0,0.0,0.0,0.0,0.0,0.0,0.0,0.0,0.0,0.0,0.0,345.91557453171527,0.0,0.0,0.0,0.0,0.0,0.0,0.0,244.35005324875974,0.0,0.0,0.0,167.83399719673176,274.93453196108334,1000.0,894.2184678743687,0.0,0.0,0.0,34.7576184745935,0.0,0.0,0.0,0.0,0.0,-285.5180639115829,250.7604454369894,0.0,167.83399719673176,0.0,0.0,0.0,0.0,0.0,0.0,0.0,0.0,0.0,0.0,0.0,-328.19610042515194,225.48424297019443,-280.1260954043202,229.71578739896424,0.0,423.9344680435683,0.0,0.0,0.0,0.0,0.0,0.0,0.0,0.0,0.0,625.0,0.0,-625.0,-625.0,0.0,0.0,0.0,0.0,-7.2411705155402615,0.0,-1000.0,181.45792623570935,0.0,0.0,0.0,0.0,0.0,-0.724117051554031,0.0,174.36249393126798,0.0,0.0,0.0,0.0,0.0,0.0,0.0,1000.0,17.378809237296743,17.378809237296743,0.0,0.0,0.0,0.0,0.0,0.06372230053681202,345.91557453171527,0.0,0.0,-423.9344680435683,0.0,0.0,0.0,0.0,0.0,0.0,0.0,0.0,0.0,0.0,0.0,0.0,0.0,0.0,0.0,0.0,0.0,0.0,0.0,60.8258323305386,88.37755963593871,0.0,0.0,0.0,0.0,0.0,345.91557453171527,0.0,349.33269626386306,0.0,0.0,0.0,-7.2411705155402615,0.0,0.0,0.0,0.0,0.0,0.0,0.0,0.0,0.0,0.0,0.0,0.0,0.0,0.0,0.0,0.0,0.0,0.0,-0.05792936412432248,0.0,0.0,2.8964682062161238,-606.050525659552,0.0,0.0,0.0,0.0,0.0,0.0,0.0,0.0,-180.8149102939293,1.4482341031080619,0.0,0.0,0.0,0.05792936412432248,0.0,57.929364124322476,-17.95810287853997,11.585872824864495,0.4137811723165891,161.62292590685973,-0.04344702309324185,863.3482832379419,1.1585872824864496,-0.28964682062216973,-161.62292590685973,17.378809237296743,-0.05792936412432248,5.2793353784817985,68.4141271751355,0.01448234103108062,0.4137811723165891,-15.838006135445395,-93.13935336695897,-1.1585872824864496,-419.4518496886084,-0.05792936412432248,0.01448234103108062,-161.62292590685973,5.7929364124322476,0.05792936412432248,0.05792936412432248,-345.7939228670541,-83.85327629782913,-19.412806234084,-0.04344702309324185,17.378809237296743,0.05792936412432248,50.41030800535598,4.066816705897999,-0.02896468206216124,-395.8926036247653,-5.850865776556574,-0.04344702309324185,-0.05792936412432248,-17.95810287853997,0.05792936412432248,5.7929364124322476,-1.1585872824864496,0.0,0.0,-5.7929364124322476,419.4518496886084,0.0,11.585872824864495,0.0868940461864837,119.34917821438069,5.7929364124322476,-119.50398767370676,68.4141271751355,-11.585872824864495,0.02896468206216124,0.5792936412432249,221.68370867084926,96.0,-0.05792936412432248,-358.9496814596878,345.7939228670541,17.95810287853997,0.05792936412432248,93.13935336695897,-34.132608542110695,68.4141271751355,-0.05792936412432248,-0.01448234103108062,-68.4141271751355,-0.05792936412432248,-37.20706358756775,0.05792936412420879,-0.01448234103108062,-0.01448234103108062,-0.01448234103108062,23.17174564972899,-4.066816705897999,0.5792936412432249,215.8791797541195,-0.01448234103108062,438.0880819632167,2.8964682062161238,21.5,0.05792936412432248,0.02896468206216124,0.02896468206216124,40.0,17.95810287853997,0.05792936412432248,-17.95810287853997,0.5792936412432249,0.05792936412432248,-561.8007039711421,0.05792936412432248,0.2317174564977904,0.28964682062216973,0.02896468206216124,0.01448234103108062,17.378809237296743,-0.05792936412432248,19.412806234084,0.5792936412432248,-431.758359508239,861.9000491348339,-5.7929364124322476,11.585872824864495,2.8964682062161238,-0.05792936412432248,15.838006135445395,0.0868940461864837,-0.05792936412432248,-80.0,17.95810287853997,78.99669576120914,0.02896468206216124,-43.0,-0.05792936412432248,-0.05792936412420879,-0.05792936412432248,0.02896468206216124,161.62292590685973,-11.585872824864495,0.05792936412432248,443.3674173416985,-0.01448234103108062,83.85327629782913,-443.3674173416985,8.689404618648371,5.85086577655657,-26.295752428099053,161.62292590685973,-0.04344702309324185,358.9496814596878,-96.0,0.05792936412432248,-0.01448234103108062,2.8964682062161264,57.929364124322476,-0.02896468206216124,-0.05792936412432248,0.01448234103108062,0.0,0.0,-119.37814289644285,345.9215242170226,-46.0,0.0,-108.0,-31.0,0.0,-32.0,-93.0,-65.0,0.0,16.0,23.0,46.5,0.0,15.5,-345.91557453171527,-293.29150606631293,0.0,65.0,-293.29150606631293,108.0,-39.830163935160776,0.0,1496.5981,hclb
20,0.0,0.0,0.0,0.0,0.0,0.0,0.0,0.0,-0.07085396115468603,0.0,0.0,0.0,0.0,0.0,0.0,0.0,649.6060086780003,-1000.0,0.0,0.0,0.0,0.0,0.0,0.0,0.0,0.0,0.0,0.0,0.0,-639.4886749847169,0.0,0.0,14.220066413169723,0.0,0.0,0.0,0.0,486.9247448437551,0.0,-1000.0,1000.0,0.0,0.0,613.655800843032,0.0,0.0,0.0,0.0,-623.7731345363154,0.0,0.0,0.0,0.0,0.077939357270434,0.0,0.0,0.0,9.383354114401266,0.0,0.0,-0.2889101588276475,0.0,0.0,-18.141796219413436,0.0,0.0,0.0,0.0,0.0,0.0,0.0,0.7085396115468604,0.0,0.0,0.0,0.0,0.0,0.0,0.0,363.4333381778212,0.0,0.0,-242.38879591748665,0.0,42.51237669281162,0.0,0.0,384.625024502706,324.7498638681341,350.50027226373174,-0.01771349028867151,0.0,0.0,0.0,21.25618834640581,0.0,21.25618834640581,-732.5599425774603,0.0,0.0,0.0,3.542698057734302,-1000.0,0.0,0.0,-15.214061045311434,211.34746810041483,0.0,0.0,0.0,0.0,0.0,0.0,0.0,0.0,0.0,0.0,0.0,0.0,0.0,0.0,0.0,0.0,0.0,-544.0807116887221,0.0,0.0,21.25618834640581,0.0,21.964727957952668,21.964727957952668,0.0,0.0,0.0,0.0,0.0,732.1471139394145,0.0,0.0,-750.0000000000002,0.0,0.0,0.0,0.0,0.0,247.84455092639746,0.07085396115468603,0.0,0.0,0.0,-1000.0,246.18681890672826,0.0,0.0,242.38879591748665,0.0,476.1465319068846,0.0,0.0,0.0,0.0,0.0,85.91374956667005,85.91374956667005,0.0,0.0,0.0,0.0,0.0,0.0,0.0,85.98460352782479,0.0,0.0,0.0,-1000.0,-437.4999999999999,0.0,0.0,0.0,0.0,0.0,0.0,0.0,0.0,0.0,-15.113450600866988,0.0,0.0,0.0,0.0,-467.85543012368396,0.0,0.0,0.0,0.0,0.0,0.0,0.0,324.7498638681341,-324.7498638681341,17.852886060585828,0.0,0.0,0.0,0.0,0.0,0.0,360.5113250152831,230.061587795805,0.0,0.0,0.0,0.0,0.0,0.0,0.0,0.0,0.0,0.0,0.0,0.0,0.0,249.7974763148764,547.5138456618096,613.655800843032,0.0,0.0,0.0,0.0,77.8437499233767,0.0,0.0,0.0,0.0,-0.2889101588276475,0.0,0.0,0.0,319.31046133970824,0.0,0.0,0.0,0.0,0.0,0.0,4.787438116535942,0.0,0.0,1000.0,1000.0,85.60175383452474,0.0,-613.655800843032,0.0,0.0,17.852886060585828,0.0,0.0,0.0,0.0,-193.34752291287668,0.0,0.0,-289.50531851825093,0.0,1000.0,-539.5053185182508,249.9999999999999,750.0000000000001,649.4997277362683,0.0,-436.10202609825666,0.0,0.0,145.91537155351682,0.0,0.0,0.0,-444.8803994765607,0.0,444.8803994765607,0.0,902.1796677088266,0.0,0.0,521.891630834871,0.0,0.0,0.0,-0.2889101588276475,-0.10628094173202905,0.0,0.0,0.0,0.0,0.07085396115468603,0.0,0.0,0.0,350.9026057933156,649.6060086780003,0.0,-884.1160967306854,705.096543384202,437.4999999999999,955.426980577343,0.0,-370.7571955680155,0.0,-15.214061045311434,0.0,0.0,0.0,-6.100526055418747,0.0,376.85772162343426,752.3750645454638,-753.7655192531055,0.0,0.0,0.0,0.0,0.0,0.0,0.0,0.0,0.0,0.0,0.0,0.0,0.0,0.0,0.0,0.0,319.31046133970824,178.65391090762796,0.0,-308.5542497807461,242.38879591748665,0.0,730.2784450282797,0.0,0.0,0.0,-247.84455092639746,0.0,0.0,0.0,0.0,0.0,0.0,0.0,738.536289224032,-1.771349028867151,0.0,197.88349089132515,0.0,-77.03195912782553,-395.2306211903935,0.0,-742.0789872817663,0.0,0.0,-3.542698057734302,0.0,0.0,826.1963425250605,0.0,-547.445864381495,21.25618834640581,0.0,0.0,0.0,0.0,0.0,0.0,249.7974763148764,0.0,0.0,0.0,94.04326881437423,0.0,0.0,-816.3367721033112,0.0,0.0,360.5113250152831,0.0,0.0,-18.430706378241183,0.0,0.0,65.82920776906279,0.0,0.0,0.0,0.0,-16.20805567745313,0.14170792230956852,0.0,0.0,0.0,0.0,0.0,0.0,0.0,0.0,0.0,0.0,0.0,0.0,0.0,0.0,0.0,0.0,0.0,0.0,0.0,0.077939357270434,0.077939357270434,0.0,331.6266840839392,0.0,42.51237669281162,0.0,0.0,0.0,1000.0,0.0,0.0,0.0,0.0,0.0,566.0922353010259,-1000.0,0.0,0.0,0.0,0.0,0.0,65.82920776906279,0.0,0.0,0.0,0.0,0.0,0.0,0.0,181.36023722957404,-350.9026057933156,542.4657129928569,0.0,5.455755008910821,0.0,0.0,0.0,-95.69663598396254,0.0,566.0922353010259,0.0,0.0,549.8841796235728,0.0,0.0,249.7974763148764,0.0,0.0,0.0,0.0,0.0,0.0,0.0,0.0,0.0,0.0,0.0,0.0,0.0,42.51237669281162,17.852886060585774,17.852886060585828,0.0,0.0,0.0,0.0,0.0,0.0,0.0,0.0,0.0,0.0,0.7085396115468604,0.0,0.0,0.0,0.0,0.0,0.0,0.0,0.0,21.25618834640581,0.0,0.0,0.0,0.0,0.0,0.0,0.0,0.0,0.0,0.0,12.014542154313919,0.0,0.0,21.25618834640581,21.25618834640581,354.37658782177914,-1000.0,0.0,65.82920776906279,0.0,0.0,0.0,0.0,0.0,-342.1248631928606,360.5113250152831,-508.4029907808334,0.07085396115468603,0.0,0.0,-625.000000000131,630.7138658675339,0.0,0.0,0.0,0.0,0.0,0.0,0.0,0.0,0.0,0.0,0.0,0.0,0.0,0.0,0.0,0.0,0.0,0.07085396115468603,0.0,0.0,0.0,0.0,0.0,0.0,0.0,0.0,0.0,-4.774266586491763,1000.0,0.0,0.0,-1000.0,-5.3140470866014535,-3.5426980577343046,0.0,0.0,0.0,0.0,0.0,0.0,0.0,0.0,0.0,0.0,0.0,0.0,17.852886060585774,437.4999999999999,0.0,0.0,282.29317620129984,0.0,0.0,0.0,-0.07085396115468603,0.0,0.0,0.07085396115468603,0.0,0.07085396115468603,0.0,0.0,0.0,42.51237669281162,86.44183260871696,86.44183260871696,0.0,0.0,0.0,0.0,0.0,0.0,0.0,542.4657129928569,0.0,360.5113250152831,0.0,0.0,0.0,0.0,0.0,0.0,0.0,0.0,0.0,0.0,0.0,0.0,0.0,0.0,0.0,0.0,0.0,95.69663598396254,0.0,0.0,0.0,0.10628094173202905,0.0,0.0,0.0,-21.25618834640581,0.0,0.0,0.0,0.0,0.0,-331.6266840839392,3.542698057734302,0.0,0.0,0.0,0.0,0.0,0.0,0.0,0.0,0.0,0.0,0.0,0.0,0.0,0.0,17.852886060585774,0.0,0.0,0.0,81.82920776906279,0.0,593.2949207619197,-15.214061045311434,512.791839311626,-243.0702843399057,0.0,-269.72155497172025,242.38879591748665,-86.44183260871696,0.0,3.5426980577343046,1000.0,0.0,0.0,0.0,-18.430706378241183,-249.9999999999998,249.9999999999998,0.0,0.0,0.0,0.0,0.0,0.0,0.0,4.485356427664101,0.0,86.44183260871696,0.0,304.96363360950954,304.96363360950954,-304.96363360950954,0.0,0.0,0.0,0.0,0.0,0.0,0.0,0.0,347.56882534374347,-5.713865867402895,-3.179766405951696,0.0,21.25618834640581,0.0,0.0,0.0,0.0,217.32554313538583,0.0,0.0,0.077939357270434,0.0,0.0,0.0,43.22091630435848,0.0,0.0,0.0,0.0,547.5138456618096,0.0,211.34746810041483,0.0,0.0,0.0,0.0,0.0,0.0,0.0,0.0,0.007085396115468806,0.007085396115468806,0.0,0.0,0.0,0.0,0.0,0.0,0.0,0.0,0.0,-625.000000000131,0.0,0.0,0.0,0.0,0.0,331.6266840839392,0.0,0.0,0.0,0.0,0.0,0.0,0.0,0.0,0.0,0.0,0.0,0.0,-103.07691663025943,342.41377335168823,-1000.0,0.0,0.0,0.0,42.51237669281162,0.0,0.0,0.0,0.0,0.0,0.0,-42.51237669281162,0.0,0.0,0.0,0.0,0.0,0.0,0.0,0.0,0.0,0.0,0.0,0.0,754.6374715277279,-589.7497986473968,48.53496339095992,-386.1140820458877,364.8578936994819,0.0,486.9247448437551,0.0,0.0,0.0,0.0,0.0,0.0,0.0,0.0,0.0,0.0,0.0,0.0,0.0,0.0,0.0,0.0,0.0,-8.856745144335758,17.852886060585828,-5.3140470866014535,-5.3140470866014535,0.0,0.0,0.0,0.0,0.0,0.0,-0.8856745144335755,260.81950229572783,0.0,0.0,0.0,0.0,0.0,0.0,0.0,1000.0,21.25618834640581,21.25618834640581,0.0,0.0,0.0,0.0,363.4333381778212,0.077939357270434,331.6266840839392,0.0,0.0,-486.9247448437551,0.0,0.0,0.0,0.0,0.0,0.0,0.0,0.0,0.0,0.0,0.0,0.0,0.0,0.0,0.0,0.0,0.0,21.964727957952668,0.0,74.39665921242033,5.455755008910821,0.0,0.0,0.0,0.0,0.0,331.6266840839392,0.0,-5.8241956069148895,0.0,0.0,0.0,-8.856745144335758,0.0,0.0,0.0,0.0,0.0,0.0,0.0,0.0,0.0,0.0,0.0,0.0,0.0,0.0,0.0,0.0,0.0,0.0,-0.07085396115468603,0.0,0.0,3.542698057734302,-566.0922353010259,0.0,0.0,0.0,0.0,17.852886060585828,0.0,0.0,0.0,6.100526055418747,1.771349028867151,0.0,0.0,0.0,0.07085396115468603,0.0,70.85396115468603,0.0,14.170792230937208,0.5060997225334717,241.61200753747934,-0.053140470866014526,3.5426980577343326,1.4170792230937208,-0.35426980577364364,-241.61200753747934,21.25618834640581,-0.07085396115468603,5.071353681770478,65.82920776906279,0.01771349028867151,0.5060997225334717,-15.214061045311432,-11.279950615825697,-1.4170792230937208,350.3939913219997,-0.07085396115468603,0.01771349028867151,-241.61200753747934,7.085396115468604,0.07085396115468603,0.07085396115468603,-331.4778907655141,0.07793935727015484,0.0,-0.053140470866014526,21.25618834640581,0.07085396115468603,21.25618834640581,-35.426980577343016,-0.03542698057734302,-445.7184098162617,-85.0,-0.053140470866014526,-0.07085396115468585,0.0,0.07085396115468603,7.085396115468604,-1.4170792230937208,95.69663598396254,95.69663598396254,-7.085396115468604,-350.3939913219997,-95.69663598396254,14.170792230937208,0.10628094173202905,-781.6233944455527,7.085396115468604,-181.36023722957404,65.82920776906279,-14.170792230937208,0.03542698057734302,0.7085396115468604,221.02902418267135,96.0,-0.07085396115468603,-347.56882534374347,331.4778907655141,21.964727957952668,0.07085396115468603,11.279950615825697,-19.195545616560473,65.82920776906279,-0.07085396115468603,-0.01771349028867151,-65.82920776906279,-0.07085396115468603,-227.55552377786796,0.07085396115465653,-0.01771349028867151,-0.01771349028867151,-0.01771349028867151,28.341584461874415,35.426980577343016,0.7085396115468604,52.49392847047889,-0.01771349028867151,436.98669468357224,3.542698057734302,11.646725896460868,0.07085396115468603,0.03542698057734302,0.03542698057734302,40.0,0.0,0.07085396115468603,0.0,0.7085396115468604,0.07085396115468603,-52.49392847047889,0.07085396115468603,0.28341584461893365,0.35426980577364364,0.03542698057734302,0.01771349028867151,21.25618834640581,-0.07085396115468603,0.0,0.7085396115468604,-104.98785694095778,1.771349028867121,-7.085396115468604,14.170792230937208,3.542698057734302,-0.07085396115468603,15.214061045311432,0.10628094173202905,-0.07085396115468603,-80.0,0.0,22.971989993988423,0.03542698057734302,-23.293451792921736,-0.07085396115468603,-0.07085396115465653,-0.07085396115468603,0.03542698057734293,241.61200753747934,-14.170792230937208,0.07085396115468603,442.0580483653427,-0.01771349028867151,-0.07793935727015484,-442.0580483653427,10.628094173202905,85.0,525.5797497169025,241.61200753747934,-0.053140470866014526,347.56882534374347,-96.0,0.07085396115468603,-0.01771349028867151,3.5426980577343046,70.85396115468603,-0.03542698057734302,-0.07085396115468603,0.01771349028867151,0.0,0.0,-218.41203253502468,0.0,-46.0,0.0,-108.0,-31.0,0.0,-32.0,-93.0,-65.0,-1000.0,16.0,23.0,46.5,0.0,15.5,-331.6266840839392,-240.29753312937424,1000.0,65.0,-240.29753312937424,108.0,-47.944925249454066,0.0,1496.5981,hclb
21,0.0,0.0,0.0,0.0,0.0,0.0,0.0,0.0,431.94527211329427,0.0,0.0,0.0,0.0,0.0,0.0,0.0,69.41090849274104,384.0224342665699,0.0,0.0,0.0,0.0,0.0,0.0,0.0,0.0,0.0,0.0,0.0,69.41090849274104,0.0,0.0,462.1288633162103,0.0,0.0,0.0,0.0,767.2957599542431,0.0,-1000.0,956.3002524677014,0.0,0.0,277.6436339709642,0.0,0.0,242.03261615742625,347.1726665828435,-888.8218169854821,0.0,0.0,-750.0,0.0,0.02487485041778929,0.0,0.0,0.0,351.6953666588186,0.0,0.0,22.365556472042563,0.0,50.705599744448165,0.0,130.2147749599235,0.0,0.0,0.0,545.106173576713,-545.106173576713,0.0,0.22613500379875756,0.0,0.0,0.0,0.0,0.0,0.0,0.0,124.79043856493486,0.0,0.0,0.0,0.0,13.568100227925452,0.0,0.0,0.0,522.844251252052,0.0,-0.0056533750949689385,0.0,0.0,-463.93333991702707,6.784050113962726,0.0,81.79570373219016,0.0,795.6131897262687,0.0,0.0,1.1306750189937878,-267.5650611498487,0.0,0.0,-23.74629720120575,423.956765270334,578.6894829908664,0.0,0.0,0.0,0.0,0.0,0.0,0.0,0.0,0.0,0.0,0.0,0.0,0.0,0.0,0.0,0.0,-482.09944652691945,0.0,0.0,81.79570373219016,0.0,7.010185117761483,7.010185117761483,0.0,-166.9596415033718,791.9596415033724,-625.0000000000006,625.0000000000006,0.0,0.0,0.0,-73.07115621649073,0.0,0.0,0.0,0.0,0.0,1.7412395292504241,0.022613500379875754,0.0,0.0,0.0,-1000.0,576.043234729666,0.0,0.0,0.0,0.0,-86.83037293417026,0.0,0.0,0.0,0.0,0.0,757.9899973429536,757.9899973429536,0.0,0.0,0.0,0.0,0.0,0.0,0.0,758.0126108433335,0.0,0.0,0.0,642.0812618396932,0.0,0.0,0.0,0.0,0.0,0.0,0.0,0.0,0.0,0.0,0.0,0.0,0.0,0.0,0.0,-370.0568887867804,0.0,0.0,0.0,0.0,0.0,0.0,750.0,-522.844251252052,522.844251252052,54.65997085363449,0.0,0.0,0.0,0.0,0.0,0.0,336.97596964258975,-319.51872686196657,0.0,0.0,0.0,0.0,0.0,0.0,0.0,0.0,0.0,0.0,0.0,0.0,0.0,0.0,41.05705377017774,0.0,0.0,0.0,0.0,18.411185362856273,-54.65997085363449,0.0,0.0,0.0,0.0,22.365556472042563,-277.6436339709642,0.0,0.0,0.0,0.0,0.0,0.0,0.0,0.0,0.7281547122316212,0.0,75.01165361822744,0.0,-586.1204936952015,459.5680088089026,-661.6660682375341,0.0,0.0,0.0,0.0,73.07115621649073,27.58847046344842,0.0,0.0,0.0,-195.124100840077,0.0,0.0,-687.7662627353678,750.0000000000002,0.0,-687.7662627353677,-750.0000000000002,0.0,0.0,0.0,0.0,0.0,0.0,77.11203629537631,0.0,0.0,0.0,0.0,0.0,0.0,0.0,1000.0,0.0,18.411185362856273,1000.0,0.0,0.0,0.0,22.365556472042563,-0.03392025056981363,0.0,0.0,0.0,0.0,0.022613500379875754,0.0,0.0,0.0,287.53303034235864,69.41090849274104,0.0,-15.830864800803832,-623.0698867220298,0.0,944.2074709130104,0.0,0.0,0.0,-23.74629720120575,0.0,0.0,0.0,545.106173576713,-545.106173576713,0.0,-666.5969405945352,-1000.0,0.0,0.0,0.0,0.0,0.0,0.0,0.0,0.0,0.0,0.0,0.0,0.0,0.0,0.0,0.0,0.0,0.0,1000.0,0.0,0.0,0.0,232.61378604423732,0.0,0.0,0.0,0.0,-2.4693942414820453,0.0,795.6131897262687,0.0,0.0,0.0,0.0,0.0,0.0,0.0,0.0,0.0,-1.1306750189937878,-950.6819382556416,373.17966403471877,0.0,-1.1306750189937878,272.096633124191,-0.5653375094968939,0.0,135.4894717385087,0.0,0.0,0.0,176.13488196268898,81.79570373219016,0.0,0.0,0.0,367.85055131911895,0.0,431.9678856136741,0.0,0.0,0.0,0.0,-711.0018730696995,0.0,0.0,0.0,0.0,0.0,336.97596964258975,0.0,0.0,-28.340043272405605,0.0,0.0,93.88848528688112,0.0,0.0,0.0,0.0,-40.738649962012424,0.04522700075977465,0.0,0.0,0.0,0.0,0.0,0.0,0.0,0.0,0.0,0.0,0.0,0.0,0.0,0.0,0.0,0.0,0.0,0.0,0.0,0.02487485041778929,0.02487485041778929,0.0,91.47729992402485,0.0,13.568100227925452,0.0,0.0,0.0,0.0,0.0,0.0,0.0,0.0,0.0,-627.9510874297819,0.0,0.0,0.0,0.0,0.0,0.0,93.88848528688112,0.0,0.0,0.0,0.0,0.0,0.0,0.0,160.69981550897316,-287.53303034235864,0.0,0.0,331.7991243309762,0.0,0.0,-463.93333991702707,-463.93333991702707,0.0,-627.9510874297819,0.0,146.20224003066247,-814.8919774224568,0.0,0.0,0.0,0.0,0.0,0.0,0.0,0.0,0.0,0.0,0.0,0.0,0.0,0.0,0.0,0.0,13.568100227925452,73.07115621649073,73.07115621649073,0.0,0.0,0.0,0.0,0.0,0.0,0.0,0.0,0.0,0.0,0.22613500379875756,0.0,0.0,0.0,0.0,0.0,750.0,0.0,0.0,81.79570373219016,0.0,0.0,0.0,330.0578848017258,0.0,0.0,0.0,0.0,0.0,0.0,0.0,0.0,0.0,6.784050113962726,6.784050113962726,377.16933923850695,0.0,0.0,93.88848528688112,0.0,0.0,0.0,0.0,0.0,141.5692000477643,336.97596964258975,0.0,0.022613500379875754,0.0,0.0,-125.00000000000006,126.82361728063432,455.3749188758112,0.0,463.93333991702707,0.0,0.0,0.0,0.0,0.0,0.0,0.0,0.0,0.0,0.0,0.0,0.0,0.0,0.0,0.022613500379875754,0.0,0.0,0.0,0.0,0.0,0.0,0.0,0.0,232.61378604423732,0.0,906.4693544092378,0.0,-113.32555892445112,-1000.0,-1.6960125284906815,-1.1306750189937878,0.0,0.0,0.0,0.0,0.0,0.0,0.0,0.0,0.0,0.0,0.0,0.0,73.07115621649073,0.0,0.0,0.0,177.26555698168278,0.0,0.0,0.0,431.94527211329427,0.0,0.0,0.022613500379875754,0.0,0.022613500379875754,0.0,0.0,0.0,13.568100227925452,27.58847046344842,27.58847046344842,0.0,0.0,0.0,0.0,0.0,0.0,0.0,0.0,0.0,336.97596964258975,0.0,0.0,547.0531959594202,0.0,0.0,0.0,0.0,0.0,0.0,0.0,0.0,0.0,0.0,0.0,0.0,0.0,0.0,0.0,0.0,-580.7295195059125,580.7295195059125,0.03392025056981363,0.0,0.0,0.0,-81.79570373219016,0.0,0.0,0.0,0.0,0.0,-91.47729992402485,1.1306750189937878,0.0,0.0,0.0,0.0,0.0,2.4693942414820453,0.0,0.0,0.0,0.0,0.0,0.0,0.0,0.0,73.07115621649073,0.0,0.0,0.0,91.47729992402485,0.0,60.47729992402485,431.6286216746055,0.0,0.0,908.9387486507198,-908.9387486507198,0.0,0.0,0.0,1.1306750189937878,1000.0,0.0,0.0,0.0,-28.340043272405605,750.0000000000002,-750.0000000000002,0.0,0.0,0.0,0.0,0.0,0.0,0.0,73.71884979529337,-77.1108748522748,27.58847046344842,0.0,-750.0,-750.0,750.0,0.0,0.0,0.0,0.0,0.0,0.7281547122316212,0.0,0.0,19.454462657222166,-1.823617280634266,-71.29470378173727,0.0,6.784050113962726,0.0,0.0,0.0,0.0,-279.17049702913704,0.0,0.0,0.02487485041778929,0.0,0.0,0.0,13.79423523172421,0.0,0.0,0.0,0.0,41.05705377017774,0.0,423.956765270334,0.0,0.0,0.0,0.0,0.0,0.0,0.0,0.0,0.0022613500379875776,0.0022613500379875776,0.0,0.0,0.0,0.0,0.0,0.0,0.0,0.0,0.0,-125.00000000000006,0.0,0.0,0.0,0.0,0.0,91.47729992402485,0.0,0.0,0.0,0.0,0.0,0.0,0.0,0.0,0.0,0.0,0.0,0.0,0.0,0.0,384.0224342665699,0.0,0.0,0.0,13.568100227925452,0.0,0.0,0.0,0.0,0.0,0.0,-13.568100227925452,0.0,0.0,0.0,0.0,0.0,0.0,0.0,0.0,0.0,0.0,0.0,0.0,0.0,-792.5928016966196,562.5434437196351,0.0,-81.79570373219016,0.0,999.9095459984803,0.0,0.0,0.0,0.0,0.0,0.0,0.0,0.0,0.0,0.0,0.0,0.0,0.0,0.0,0.0,0.0,0.0,-2.826687547484469,73.07115621649073,-1.6960125284906815,622.4680582832043,0.0,0.0,0.0,0.0,0.0,0.0,-0.28266875474844694,28.340043272405605,0.0,0.0,0.0,0.0,0.0,0.0,0.0,1000.0,6.784050113962726,6.784050113962726,0.0,0.0,0.0,0.0,124.79043856493486,0.02487485041778929,91.47729992402485,0.0,0.0,-999.9095459984803,0.0,0.0,0.0,0.0,0.0,0.0,0.0,0.0,0.0,0.0,0.0,0.0,0.0,0.0,290.3647597529563,0.0,0.0,7.010185117761483,0.0,23.74417539886954,0.0,0.0,1.7412395292504241,0.0,0.0,0.0,91.47729992402485,0.0,-3.6000692604758333,0.0,0.0,0.0,-2.826687547484469,0.0,0.0,0.0,0.0,0.0,0.0,0.0,0.0,0.0,0.0,0.0,0.0,0.0,0.0,0.0,0.0,0.0,0.0,-0.022613500379875754,0.0,0.0,1.1306750189937878,627.9510874297819,0.0,0.0,0.0,0.0,73.07115621649076,0.0,0.0,0.0,-545.106173576713,0.5653375094968939,0.0,0.0,0.0,0.022613500379875754,0.0,22.613500379875752,0.0,4.522700075975151,0.16152500271339826,77.11203629537631,-0.016960125284906816,1.1306750189937878,0.4522700075975151,-0.11306750189955017,-77.11203629537631,6.784050113962726,-0.022613500379875754,7.915432400401916,93.88848528688112,0.0056533750949689385,0.16152500271339826,-23.74629720120575,-3.6000692604758333,-0.4522700075975151,-453.43334275931096,-0.022613500379875754,0.0056533750949689385,-77.11203629537631,2.2613500379875755,0.022613500379875754,0.022613500379875754,-91.42981157322718,0.02487485041786333,0.0,-0.016960125284906816,6.784050113962726,0.022613500379875754,81.79570373219016,63.70490342828956,-0.011306750189937877,134.32296733658177,52.37600731526704,-0.016960125284906816,-0.022613500379875754,0.0,0.022613500379875754,2.2613500379875755,-0.4522700075975151,0.0,0.0,-2.2613500379875755,453.43334275931096,0.0,4.522700075975151,0.03392025056981363,-565.4822128984978,2.2613500379875755,-160.69981550897316,93.88848528688112,-4.522700075975151,0.011306750189937877,0.22613500379875756,3.957716200200958,96.0,-0.022613500379875754,-96.56533750949697,91.42981157322718,7.010185117761483,0.022613500379875754,3.6000692604758333,-8.259368787197253,93.88848528688112,-0.022613500379875754,-0.0056533750949689385,-93.88848528688112,-0.022613500379875754,-464.6954152323465,0.022613500379762067,-0.0056533750949689385,-0.0056533750949689385,-0.0056533750949689385,9.045400151950302,-63.70490342828956,0.22613500379875756,344.5025180626273,-0.0056533750949689385,0.0,1.1306750189937878,21.5,0.022613500379875754,0.011306750189937877,0.011306750189937877,40.0,0.0,0.022613500379875754,0.0,0.22613500379875756,0.022613500379875754,-1000.0,0.022613500379875754,0.09045400151973126,0.11306750189955017,0.011306750189937877,0.0056533750949689385,6.784050113962726,-0.022613500379875754,0.0,0.22613500379875756,-689.0050361252546,0.5653375094968939,-2.2613500379875755,4.522700075975151,1.1306750189937878,-0.022613500379875754,23.74629720120575,0.03392025056981363,-0.022613500379875754,-80.0,0.0,528.1881679035936,0.011306750189937877,-43.0,-0.022613500379875754,-0.022613500379762067,-0.022613500379875754,0.011306750189937877,77.11203629537631,-4.522700075975151,0.022613500379875754,7.915432400401916,-0.0056533750949689385,-0.02487485041786333,-7.915432400401916,3.3920250569813626,-52.37600731526704,492.08439767124577,77.11203629537631,-0.016960125284906816,96.56533750949697,-96.0,0.022613500379875754,-0.005653375094968939,1.1306750189937878,22.613500379875752,-0.011306750189937877,-0.022613500379875754,0.0056533750949689385,0.0,0.0,565.4709061483078,655.4974819373726,-46.0,0.0,319.22628015242077,-31.0,0.0,-32.0,-93.0,-65.0,0.0,16.0,23.0,46.5,0.0,15.5,-91.47729992402485,-249.01767087445657,0.0,65.0,-249.01767087445657,-319.22628015242077,162.61214945081522,0.0,1496.5981,hclb
22,0.0,0.0,0.0,0.0,0.0,0.0,0.0,0.0,-0.02982597930953634,0.0,0.0,0.0,0.0,0.0,0.0,0.0,-735.5111127781353,103.71157797176352,0.0,1000.0,0.0,0.0,0.0,0.0,0.0,0.0,0.0,0.0,0.0,316.33867827945016,0.0,0.0,475.4666621383819,0.0,0.0,0.0,0.0,644.6086214647679,0.0,-1000.0,1000.0,0.0,0.0,0.0,0.0,0.0,0.0,0.0,-233.61253864805803,0.0,0.0,347.21502685325675,0.0,0.03280857724046649,0.0,0.0,0.0,0.0,0.0,0.0,-279.161219037389,0.0,0.0,-279.161219037389,0.0,0.0,0.0,0.0,1000.0,-1000.0,0.0,0.29825979309536343,0.0,0.0,0.0,0.0,0.0,0.0,0.0,0.0,0.0,0.0,-6.252755037683528,0.0,17.895587585721806,0.0,276.5345444595292,600.4226202523432,0.0,367.7779258735498,-0.007456494827384086,0.0,0.0,303.4101228444018,8.947793792860903,0.0,8.947793792860903,0.0,649.832144641178,0.0,0.0,203.14261109678569,316.33867827945016,0.0,0.0,-9.276495191567303,345.04310200825876,0.0,0.0,0.0,0.0,0.0,0.0,0.0,0.0,0.0,0.0,0.0,0.0,0.0,0.0,0.0,0.0,0.0,-425.2691966968772,0.0,0.0,8.947793792860903,0.0,9.246053585956266,9.246053585956266,0.0,0.0,0.0,0.0,0.0,0.0,0.0,0.0,0.0,0.0,0.0,0.0,0.0,0.0,285.083899904047,0.02982597930953634,0.0,0.0,0.0,-39.96170581713932,-1000.0,0.0,0.0,0.0,0.0,179.4002432705544,0.0,0.0,0.0,0.0,0.0,153.76271563391492,153.76271563391492,0.0,0.0,0.0,0.0,-1000.0,0.0,0.0,153.79254161322447,0.0,0.0,0.0,276.3285759672533,0.0,0.0,0.0,0.0,0.0,0.0,0.0,0.0,0.0,0.0,0.0,0.0,0.0,0.0,0.0,-1000.0,0.0,0.0,0.0,0.0,0.0,0.0,-347.21502685325675,-367.7779258735498,367.7779258735498,0.0,0.0,0.0,0.0,0.0,0.0,0.0,0.0,-249.77483946671873,0.0,0.0,0.0,0.0,0.0,0.0,0.0,0.0,0.0,0.0,0.0,0.0,0.0,127.50620474313428,698.6290736499848,1000.0,0.0,0.0,0.0,0.0,81.98757608973683,0.0,0.0,0.0,0.0,-279.161219037389,1000.0,0.0,0.0,0.0,0.0,0.0,0.0,0.0,0.0,0.9603965337672093,5.965195861907269,0.0,0.0,-367.7779258735498,0.0,-348.18287112252136,0.0,-1000.0,0.0,0.0,0.0,-194.8640927892367,0.0,0.0,0.0,-141.2732338445106,0.0,0.0,-437.7280944096336,0.0,0.0,-437.7280944096335,0.0,0.0,-367.7779258735498,0.0,716.3385973471851,0.0,0.0,19.71901335578211,0.0,0.0,0.0,-131.4683048663469,0.0,131.4683048663469,0.0,0.0,0.0,0.0,-681.0284679320024,0.0,0.0,0.0,-279.161219037389,-0.04473896896430451,0.0,0.0,0.0,0.0,0.02982597930953634,0.0,0.0,0.0,908.104233583635,-735.5111127781353,0.0,-452.89774496487235,421.86737396272656,0.0,934.9129896547681,0.0,248.30477370743176,0.0,-9.276495191567303,0.0,0.0,0.0,552.4356603606816,199.25956593188667,-1000.0,126.7207254741754,-1000.0,0.0,0.0,0.0,0.0,0.0,0.0,0.0,0.0,0.0,0.0,0.0,0.0,0.0,0.0,0.0,0.0,0.0,0.0,0.0,-1000.0,0.0,355.2720746179941,0.0,1000.0,0.0,279.18986934412663,-286.0442964378142,0.0,656.0848996788616,0.0,0.0,201.65131213130886,-199.25956593188667,-750.0000000000007,-602.3169550311312,-965.6534740018838,-1000.0,0.0,854.5993789632022,-595.1643583195233,1000.0,750.0000000000007,0.0,-47.97151947749455,964.9078245191454,-856.090677928679,750.0000000000068,0.0,-19.386886551198625,1000.0,0.0,8.947793792860903,0.0,0.0,0.0,0.0,0.0,0.0,0.0,-127.50620474313428,127.50620474313428,127.50620474313428,-358.0910121430299,0.0,0.0,-675.8707437239822,0.0,0.0,0.0,0.0,0.0,-5.253349155719661,0.0,0.0,74.03480413809274,0.0,0.0,0.0,0.0,-5.23732395175665,0.0596519586190926,0.0,0.0,0.0,0.0,0.0,0.0,0.0,0.0,0.0,0.0,0.0,0.0,0.0,0.0,0.0,0.0,0.0,0.0,0.0,0.03280857724046649,0.03280857724046649,0.0,217.54100888122701,0.0,17.895587585721806,0.0,0.0,0.0,1000.0,0.0,0.0,276.5345444595292,0.0,0.0,3.7440935586645026,-1000.0,0.0,0.0,0.0,0.0,0.0,74.03480413809274,0.0,0.0,0.0,0.0,0.0,0.0,0.0,141.75639889895908,-908.104233583635,694.9186038088806,0.0,278.83114486636345,0.0,221.422546754665,81.98757608973683,0.0,0.0,3.7440935586645026,0.0,-1.4932303930921478,0.0,0.0,0.0,127.50620474313428,0.0,0.0,0.0,0.0,0.0,0.0,0.0,0.0,0.0,0.0,0.0,0.0,0.0,17.895587585721806,0.0,0.0,0.0,0.0,0.0,0.0,0.0,0.0,0.0,0.0,0.0,0.0,0.29825979309536343,0.0,0.0,276.5345444595292,-276.5345444595292,0.0,-347.21502685325675,0.0,0.0,8.947793792860903,0.0,0.0,0.0,0.0,0.0,0.0,0.0,0.0,0.0,0.0,88.83934034640413,0.0,0.0,8.947793792860903,8.947793792860903,1000.0,-1000.0,0.0,74.03480413809274,0.0,0.0,0.0,0.0,0.0,-896.5303583208974,0.0,-754.8842997350176,0.02982597930953634,0.0,0.0,-374.99999999999943,377.40525218860415,454.4023114726899,0.0,-303.4101228444018,0.0,0.0,0.0,0.0,0.0,0.0,0.0,0.0,0.0,0.0,0.0,0.0,0.0,0.0,0.02982597930953634,0.0,0.0,0.0,0.0,0.0,0.0,0.0,0.0,355.2720746179941,-286.0442964378142,656.0848996788616,0.0,0.0,-1000.0,-2.2369484482152258,0.0,-1.4912989654768183,0.0,0.0,0.0,0.0,0.0,0.0,0.0,0.0,0.0,0.0,0.0,0.0,0.0,0.0,0.0,-17.895587585721806,0.0,0.0,0.0,-0.02982597930953634,0.0,0.0,0.02982597930953634,0.0,0.02982597930953634,0.0,0.0,0.0,17.895587585721806,36.38769475763434,36.38769475763434,0.0,0.0,0.0,0.0,0.0,0.0,6.252755037683528,694.9186038088806,0.0,0.0,0.0,0.0,274.69598738416084,280.30768979507184,0.0,0.0,0.0,0.0,0.0,0.0,0.0,0.0,0.0,0.0,0.0,0.0,0.0,81.98757608973683,0.0,0.0,0.0,0.04473896896430451,0.0,0.0,0.0,-8.947793792860903,0.0,0.0,0.0,0.0,0.0,-217.54100888122701,1.4912989654768172,0.0,0.0,0.0,0.0,1000.0,0.0,-1.4912989654768183,0.0,0.0,0.0,0.0,0.0,0.0,0.0,0.0,0.0,0.0,80.88656839476002,90.03480413809274,0.0,753.9534079469732,445.12581628112264,0.0,0.0,656.0848996788616,-656.0848996788616,0.0,-231.25178754687104,0.0,1.4912989654768183,589.0516971841147,0.0,0.0,0.0,-558.322438074778,0.0,0.0,0.0,0.0,0.0,0.0,0.0,0.0,0.0,219.77795732944224,-224.25185422587276,36.38769475763434,0.0,-250.0,-250.00000000000003,250.0,0.0,0.0,0.0,0.0,0.0,0.9603965337672093,0.0,0.0,0.0,-2.4052521886047202,0.0,0.0,8.947793792860903,276.5345444595292,0.0,0.0,0.0,-35.79470297117882,0.0,0.0,0.03280857724046649,0.0,0.0,0.0,18.19384737881717,0.0,0.0,0.0,0.0,698.6290736499848,0.0,345.04310200825876,0.0,0.0,0.0,0.0,0.0,0.0,0.0,0.0,0.002982597930953634,0.002982597930953634,0.0,0.0,0.0,0.0,0.0,0.0,0.0,0.0,0.0,-374.99999999999943,0.0,0.0,0.0,0.0,0.0,217.54100888122701,0.0,0.0,0.0,0.0,0.0,0.0,0.0,0.0,0.0,0.0,0.0,553.0690889190583,0.0,-335.51119371040033,103.71157797176352,0.0,0.0,0.0,17.895587585721806,0.0,0.0,0.0,0.0,0.0,982.1044124142782,-1000.0,0.0,553.0690889190583,0.0,0.0,0.0,0.0,0.0,0.0,0.0,0.0,0.0,0.0,754.8842997350176,-453.470954567272,575.4344730062651,-879.984557953491,871.0367641606301,0.0,999.880696082762,0.0,0.0,0.0,0.0,0.0,0.0,0.0,0.0,0.0,0.0,0.0,0.0,0.0,0.0,0.0,0.0,0.0,-3.728247413692044,0.0,-203.88826057952406,777.0185829568902,0.0,0.0,0.0,0.0,0.0,-0.37282474136920435,0.0,5.253349155719661,0.0,0.0,0.0,0.0,0.0,0.0,0.0,1000.0,8.947793792860903,8.947793792860903,0.0,0.0,0.0,0.0,0.0,0.03280857724046649,217.54100888122701,0.0,0.0,-999.880696082762,0.0,0.0,0.0,0.0,0.0,0.0,0.0,0.0,0.0,0.0,0.0,0.0,0.0,0.0,0.0,0.0,0.0,9.246053585956266,0.0,31.31727827501316,285.083899904047,0.0,0.0,0.0,0.0,0.0,217.54100888122701,0.0,0.0,0.0,0.0,0.0,-3.728247413692044,0.0,0.0,0.0,0.0,0.0,0.0,0.0,0.0,0.0,0.0,0.0,0.0,0.0,0.0,0.0,0.0,0.0,0.0,-0.02982597930953634,0.0,0.0,1.4912989654768172,-3.7440935586645026,0.0,0.0,0.0,0.0,0.0,0.0,0.0,0.0,-552.4356603606816,0.7456494827384086,0.0,0.0,0.0,0.02982597930953634,0.0,29.82597930953634,0.0,5.965195861907269,0.21304270935383102,101.70658944551894,-0.022369484482152254,602.3169550311312,0.5965195861907269,-0.14912989654750763,-101.70658944551894,8.947793792860903,-0.029825979309536343,3.092165063855768,74.03480413809274,0.007456494827384086,0.21304270935383102,-9.276495191567303,-281.28284036560746,-0.5965195861907375,-368.20046519362825,-0.029825979309536343,0.007456494827384086,-101.70658944551894,2.9825979309536343,0.029825979309536343,0.02982597930953634,-217.478374324677,-276.5017358822887,-7.748684234313945,-0.022369484482152254,8.947793792860903,0.029825979309536343,8.947793792860903,-14.912989654768172,-0.01491298965476817,-153.09856865310584,-85.0,-0.022369484482152254,-0.029825979309536343,0.0,0.02982597930953634,2.9825979309536343,-0.5965195861907269,81.98757608973683,81.98757608973683,-2.9825979309536343,368.20046519362825,-81.98757608973683,5.965195861907269,0.04473896896430451,-348.17886924717527,2.9825979309536343,-141.75639889895908,74.03480413809274,-5.965195861907269,0.014912989654768172,0.29825979309536343,113.22443624121809,96.0,-0.02982597930953634,-224.25185422587276,217.478374324677,9.246053585956266,0.029825979309536343,281.28284036560746,38.24362896664914,74.03480413809274,-0.02982597930953634,-0.007456494827384086,-74.03480413809274,-0.029825979309536323,-350.2804259600154,0.029825979309422657,-0.007456494827384086,-0.007456494827384086,-0.007456494827384086,11.930391723814537,14.912989654768172,0.29825979309536343,22.097322420952878,-0.007456494827384086,223.3567074185804,1.4912989654768172,4.109960941355142,0.02982597930953634,0.01491298965476817,0.01491298965476817,40.0,0.0,0.02982597930953634,0.0,0.29825979309536343,0.029825979309536343,-22.097322420952878,0.029825979309536343,0.11930391723797129,0.14912989654750763,0.014912989654768172,0.007456494827384086,8.947793792860903,-0.029825979309536343,7.748684234313945,0.29825979309536876,-44.194644841905756,601.5713055483928,-2.9825979309536343,5.965195861907269,1.4912989654768172,-0.029825979309536343,9.276495191567303,0.04473896896430451,-0.029825979309536343,-80.0,0.0,287.98879485519603,0.014912989654768172,-8.219921882710285,-0.029825979309536343,-0.029825979309422657,-0.029825979309536343,0.014912989654768172,101.70658944551894,-5.965195861907269,0.02982597930953634,226.44887248243617,-0.007456494827384086,276.5017358822887,-226.44887248243617,4.473896896430451,85.0,-72.5459393227447,101.70658944551894,-0.022369484482152254,224.25185422587276,-96.0,0.029825979309536343,-0.007456494827384086,1.4912989654768183,29.82597930953634,-0.01491298965476817,-0.029825979309536343,0.007456494827384085,752.4461145931041,0.0,348.1639562575205,0.0,-46.0,0.0,288.48013809243355,-31.0,0.0,-32.0,-93.0,-65.0,0.0,16.0,23.0,46.5,0.0,15.5,-217.54100888122701,-252.1940918840172,0.0,65.0,-252.1940918840172,-288.48013809243355,123.62695559741539,0.0,1496.5981,hclb
23,0.0,0.0,0.0,0.0,0.0,0.0,0.0,0.0,-0.04152574770335756,0.0,0.0,0.0,0.0,0.0,0.0,0.0,134.81470900189294,-122.37254389925806,0.0,0.0,0.0,0.0,0.0,648.3502529166453,0.0,0.0,0.0,0.0,0.0,-415.33754934224214,0.0,0.0,644.5989637589173,0.0,0.0,0.0,0.0,-89.69874827872529,0.0,-1000.0,987.5422756889927,0.0,0.0,-533.2403004767613,0.0,0.0,77.2155622605487,0.0,0.0,0.0,0.0,-813.7631408171105,0.0,0.045678322473734385,0.0,0.0,0.0,0.0,0.0,0.0,53.05833456149264,0.0,737.1499386027456,542.9296561713966,0.0,0.0,0.0,0.0,981.82428265566,-981.82428265566,0.0,0.4152574770335757,0.0,0.0,0.0,0.0,0.0,0.0,0.0,0.0,0.0,0.0,0.0,0.0,24.91544862201454,0.0,25.71083692171399,-1000.0,-847.0353817187932,559.3183430572486,-0.010381436925839392,0.0,0.0,-800.5387590420032,12.45772431100727,0.0,12.45772431100727,0.0,0.0,0.0,0.0,2.0762873851678783,-1000.0,0.0,0.0,-4.12180533286249,0.0,0.0,0.0,0.0,0.0,0.0,0.0,0.0,0.0,0.0,0.0,0.0,0.0,0.0,0.0,0.0,0.0,0.0,-698.876863184317,0.0,0.0,12.45772431100727,0.0,12.872981788040846,0.0,0.0,687.5000000000001,-1000.0,312.4999999999999,-312.4999999999999,0.0,0.0,0.0,-247.27861699284168,0.0,0.0,0.0,0.0,0.0,28.908319494872522,0.04152574770335756,0.0,0.0,0.0,0.0,0.0,0.0,0.0,0.0,0.0,-117.92721039877858,0.0,0.0,0.0,0.0,0.0,999.9584742522967,999.9584742522967,0.0,0.0,0.0,-250.00000000000003,-832.3128897414149,0.0,0.0,1000.0,0.0,0.0,0.0,0.0,-104.62777127171927,0.0,0.0,0.0,0.0,0.0,0.0,0.0,0.0,0.0,0.0,0.0,0.0,0.0,0.0,-1000.0,0.0,0.0,0.0,0.0,0.0,0.0,813.7631408171105,847.0353817187932,-847.0353817187932,235.0468584666709,0.0,0.0,0.0,0.0,0.0,0.0,584.6624506577579,-948.4958680035912,0.0,0.0,0.0,0.0,0.0,0.0,0.0,0.0,0.0,0.0,0.0,0.0,0.0,194.0160250326271,-26.389700918656974,-533.2403004767613,0.0,0.0,0.0,12.231758526170779,80.80589948196088,0.0,0.0,0.0,0.0,53.05833456149264,0.0,0.0,0.0,502.2320478737961,0.0,0.0,0.0,0.0,0.0,497.84096483057596,8.305149540671513,0.0,0.0,694.0707634375865,-1000.0,660.7985225359038,0.0,533.2403004767613,0.0,0.0,247.27861699284168,-689.7993482179319,0.0,0.0,0.0,-391.79795272671885,0.0,0.0,-794.1407718124979,-555.662466382192,0.0,-1000.0,761.5216945696941,-205.85922818750214,0.0,0.0,910.8996970024247,0.0,0.0,-199.99592185626418,0.0,0.0,0.0,-52.95731272431817,0.0,52.95731272431817,0.0,1000.0,0.0,12.231758526170779,0.0,-250.0,0.0,0.0,53.05833456149264,-0.062288621555036346,0.0,0.0,0.0,0.0,0.04152574770335756,0.0,0.0,0.0,173.84855290978498,134.81470900189294,0.0,-268.6853891482138,-499.37421512408906,104.62777127171927,1000.0,0.0,0.0,0.0,-4.12180533286249,0.0,0.0,0.0,401.6354984488193,18.175717344339944,-419.81121579315925,-863.2252595909209,-1000.0,0.0,0.0,0.0,0.0,0.0,0.0,0.0,0.0,0.0,0.0,0.0,0.0,0.0,0.0,0.0,0.0,502.2320478737961,-1000.0,0.0,-910.4673547120885,0.0,0.0,496.50383575453316,0.0,0.0,0.0,-526.7492843254485,0.0,0.0,0.0,0.0,0.0,0.0,0.0,-112.43597175298824,250.00000000000023,-1000.0,750.0000000000007,-2.0762873851678783,0.0,-41.314068815490145,0.0,110.35968436782036,1000.0,-251.03814369258416,0.0,-760.3798312309793,0.0,0.0,0.0,63.11348066489209,12.45772431100727,0.0,0.0,0.0,0.0,0.0,0.0,0.0,-194.0160250326271,194.0160250326271,194.0160250326271,-579.7223902950427,0.0,0.0,0.0,0.0,0.0,584.6624506577579,0.0,0.0,-89.74027402642865,0.0,0.0,0.0,0.0,0.0,0.0,0.0,-38.847425229664246,0.08305149540666909,0.0,0.0,0.0,0.0,0.0,0.0,0.0,0.0,0.0,0.0,0.0,0.0,0.0,0.0,0.0,0.0,0.0,0.0,0.0,0.045678322473734385,0.045678322473734385,0.0,281.7108754919556,0.0,24.91544862201454,0.0,87.46959201263743,0.0,864.904950997079,0.0,0.0,25.71083692171399,0.0,0.0,-324.07786881429433,-864.904950997079,0.0,0.0,0.0,0.0,0.0,0.0,0.0,0.0,0.0,0.0,0.0,0.0,0.0,232.95895439477235,-173.84855290978498,0.0,0.0,344.03555942307923,0.0,-116.39151699063495,-684.1472420513683,-1000.0,0.0,-324.07786881429433,0.0,-362.92529404395856,0.0,0.0,0.0,194.0160250326271,0.0,0.0,0.0,0.0,0.0,0.0,0.0,0.0,0.0,0.0,0.0,0.0,0.0,24.91544862201454,247.27861699284168,247.27861699284168,0.0,0.0,0.0,0.0,0.0,0.0,0.0,0.0,0.0,0.0,0.4152574770335757,0.0,0.0,25.71083692171399,-25.71083692171399,0.0,813.7631408171105,0.0,0.0,12.45772431100727,0.0,0.0,0.0,315.12723992820673,0.0,0.0,0.0,0.0,0.0,0.0,0.0,0.0,0.0,12.45772431100727,12.45772431100727,1000.0,-864.904950997079,0.0,0.0,0.0,0.0,0.0,0.0,0.0,1000.0,584.6624506577579,807.654573915253,0.04152574770335756,0.0,0.0,54.84068209195558,0.0,668.5390460872336,0.0,800.5387590420032,0.0,0.0,0.0,0.0,0.0,0.0,0.0,0.0,0.0,0.0,0.0,0.0,0.0,0.0,0.04152574770335756,0.0,0.0,0.0,0.0,0.0,0.0,0.0,0.0,0.0,-30.2454485709153,0.0,0.0,0.0,89.53264528791146,-3.1144310777518176,0.0,-2.0762873851678783,0.0,0.0,0.0,0.0,0.0,0.0,0.0,0.0,0.0,0.0,0.0,247.27861699284168,104.62777127171927,0.0,0.0,65.18976805005997,0.0,0.0,0.0,-0.04152574770335756,0.0,0.0,0.04152574770335756,0.0,0.04152574770335756,0.0,0.0,0.0,24.91544862201454,50.66141219809623,50.66141219809623,0.0,0.0,0.0,0.0,0.0,0.0,0.0,0.0,0.0,584.6624506577579,0.0,0.0,0.0,405.2108653260784,0.0,0.0,0.0,0.0,0.0,0.0,0.0,0.0,0.0,0.0,0.0,0.0,0.0,315.8527579486318,0.0,0.0,0.0,0.062288621555036346,0.0,0.0,0.0,-12.45772431100727,0.0,0.0,0.0,0.0,0.0,-281.7108754919556,2.0762873851678783,0.0,0.0,0.0,250.0,832.3128897414149,496.50383575453316,-2.0762873851678783,0.0,0.0,0.0,0.0,0.0,0.0,0.0,247.27861699284168,0.0,0.0,618.9258590442101,87.69485045932849,0.0,56.694850459328485,664.4172407543712,0.0,0.0,0.0,0.0,0.0,-740.460760416028,87.46959201263743,2.0762873851678783,1000.0,0.0,0.0,0.0,-141.16194786985665,0.0,0.0,0.0,0.0,0.0,0.0,0.0,0.0,0.0,0.0,-6.228862155503521,50.66141219809623,0.0,0.0,0.0,0.0,0.0,0.0,0.0,0.0,0.0,497.84096483057596,0.0,0.0,284.82530656970744,-54.84068209195558,125.48788391161045,0.0,12.45772431100727,25.71083692171399,0.0,0.0,0.0,-131.419008998177,0.0,0.0,0.045678322473734385,0.0,0.0,0.0,25.330706099048115,0.0,0.0,0.0,0.0,-26.389700918656974,0.0,0.0,0.0,0.0,0.0,0.0,0.0,0.0,0.0,0.0,0.004152574770335875,0.004152574770335875,0.0,0.0,0.0,0.0,0.0,0.0,0.0,0.0,0.0,54.84068209195558,0.0,0.0,0.0,0.0,0.0,281.7108754919556,0.0,0.0,0.0,0.0,0.0,0.0,0.0,0.0,0.0,0.0,0.0,51.42167384342798,1000.0,994.292255823321,-122.37254389925806,0.0,0.0,0.0,24.915448622014537,0.0,0.0,0.0,0.0,0.0,717.6213756251825,-742.536824247197,0.0,51.42167384342798,0.0,0.0,0.0,0.0,0.0,0.0,0.0,0.0,0.0,0.0,-807.654573915253,-863.2252595909209,433.6560025028784,0.0,-12.45772431100727,0.0,-89.69874827872529,0.0,0.0,0.0,0.0,0.0,0.0,0.0,0.0,0.0,375.0,0.0,-375.0,-375.0,0.0,0.0,0.0,87.46959201263743,-5.190718462919696,247.27861699284168,-3.1144310777518176,408.32529640383024,0.0,0.0,0.0,0.0,0.0,-0.5190718462919696,0.0,89.74027402642865,0.0,0.0,0.0,0.0,0.0,0.0,0.0,1000.0,12.45772431100727,12.45772431100727,0.0,0.0,0.0,0.0,0.0,0.045678322473734385,281.7108754919556,0.0,0.0,89.69874827872529,0.0,0.0,0.0,0.0,0.0,0.0,0.0,0.0,0.0,0.0,0.0,0.0,0.0,0.0,0.0,0.0,0.0,0.0,0.0,43.60203508852545,0.0,0.0,28.908319494872522,0.0,0.0,0.0,281.7108754919556,0.0,0.0,0.0,0.0,0.0,-5.190718462919696,0.0,0.0,0.0,0.0,0.0,0.0,0.0,0.0,0.0,0.0,0.0,0.0,0.0,0.0,0.0,0.0,0.0,0.0,-0.04152574770335756,0.0,0.0,2.0762873851678783,324.07786881429433,0.0,0.0,0.0,0.0,247.27861699284168,0.0,0.0,0.0,-401.6354984488193,1.0381436925839391,0.0,0.0,0.0,0.04152574770335756,0.0,41.52574770335756,-12.872981788040846,8.305149540671513,0.2966124835954112,115.85683609236762,-0.031144310777518173,2.076287385167874,0.8305149540671514,-0.20762873851718364,-115.85683609236762,12.45772431100727,-0.04152574770335757,1.3739351109541633,0.0,0.010381436925839392,0.2966124835954112,-4.12180533286249,-32.32173595608318,-0.8305149540671514,-12.442165102634874,-0.04152574770335757,0.010381436925839392,-115.85683609236762,4.1525747703357565,0.04152574770335757,0.04152574770335756,-281.6236714217785,-25.665158599240296,-6.66373223562292,-0.031144310777518173,12.45772431100727,0.04152574770335757,12.45772431100727,-20.762873851678783,-0.020762873851678784,132.8345533001265,-85.0,-0.031144310777518173,-0.04152574770335757,-12.872981788040846,0.04152574770335756,4.1525747703357565,-0.8305149540671514,315.8527579486318,315.8527579486318,-4.1525747703357565,12.442165102634874,-315.8527579486318,8.305149540671513,0.062288621555036346,-1000.0,4.1525747703357565,-232.95895439477235,0.0,-8.305149540671513,0.020762873851678784,0.4152574770335757,67.17134728705345,96.0,-0.04152574770335756,-291.05416872521096,281.6236714217785,12.872981788040846,0.04152574770335757,32.32173595608318,-49.830897244029074,0.0,-0.04152574770335756,-0.010381436925839392,0.0,-0.04152574770335757,-38.847425229664246,0.04152574770335757,-0.010381436925839392,-0.010381436925839392,-0.010381436925839392,16.610299081343026,20.762873851678783,0.4152574770335757,30.765388329719983,-0.010381436925839392,132.96875946315274,2.0762873851678783,21.5,0.04152574770335756,0.020762873851678784,0.020762873851678784,-1.963304492749633,12.872981788040846,0.04152574770335756,-12.872981788040846,0.4152574770335757,0.041525747703357346,-30.765388329719983,0.04152574770335757,0.16610299081382607,0.20762873851718364,0.020762873851678784,0.010381436925839392,12.45772431100727,-0.04152574770335757,6.66373223562292,0.4152574770335757,-61.530776659439965,1.0381436925839438,-4.1525747703357565,8.305149540671513,2.0762873851678783,-0.04152574770335757,4.12180533286249,0.062288621555036346,-0.041525747703357346,3.9266089854992714,12.872981788040846,219.74395986084133,0.020762873851678784,-43.0,-0.04152574770335757,-0.04152574770335757,-0.04152574770335757,0.020762873851678784,115.85683609236762,-8.305149540671513,0.04152574770335756,134.3426945741069,-0.010381436925839392,25.665158599240296,-134.3426945741069,6.228862155503633,85.0,553.2850774682133,115.85683609236762,-0.031144310777518173,291.05416872521096,-96.0,0.04152574770335757,-0.010381436925839392,2.0762873851678783,41.52574770335756,-0.020762873851678784,-0.04152574770335757,0.010381436925839392,0.0,0.0,440.6608940688997,0.0,-46.0,0.0,511.93843700673796,18.90055797120971,0.0,-32.0,-93.0,-65.0,-559.3183430572486,16.0,23.0,46.5,0.0,-9.450278985604855,-281.7108754919556,-88.32495086266432,559.3183430572486,65.0,-88.32495086266432,-511.93843700673796,278.8083797402156,0.0,1496.5981,hclb
24,0.0,0.0,0.0,0.0,0.0,0.0,0.0,0.0,-0.01769451670358487,0.0,0.0,0.0,0.0,0.0,0.0,0.0,-717.6262459771239,-88.92930860187214,0.0,570.9370478859763,0.0,0.0,0.0,205.71610466559815,0.0,0.0,0.0,0.0,0.0,-388.3935990196733,0.0,0.0,16.251496747286975,0.0,0.0,0.0,0.0,547.0065571695437,0.0,-1000.0,1000.0,0.0,0.0,0.0,0.0,0.0,0.0,0.0,649.6458119361367,0.0,0.0,0.0,0.0,0.01946396837396086,0.0,0.0,0.0,3.538903340716974,0.0,0.0,33.4301833823306,0.0,-484.5790413133808,-753.1276149695628,0.0,0.0,0.0,0.0,77.0567683736043,0.0,0.0,0.17694516703584873,0.0,0.0,0.0,0.0,0.0,0.0,0.0,0.0,0.0,0.0,185.82086956184816,0.0,10.616710022150924,0.0,65.67110519281128,0.0,-21.82197248107813,717.6527877521793,-0.004423629175896218,0.0,0.0,0.0,5.308355011075462,0.0,81.41182189105957,0.0,0.0,0.0,550.0583924351785,999.5576370824103,-388.3935990196733,0.0,0.0,-14.357454433563781,581.9511878215984,0.0,0.0,0.0,0.0,0.0,0.0,0.0,0.0,0.0,0.0,0.0,0.0,0.0,0.0,0.0,0.0,0.0,-925.6983240937277,0.0,0.0,81.41182189105957,0.0,5.485300178111311,0.0,0.0,843.7499999999999,-843.7499999999999,0.0,0.0,-506.30560354403445,0.0,0.0,204.32684650552181,0.0,0.0,0.0,0.0,0.0,-118.78728658286083,0.01769451670358487,0.0,0.0,0.0,0.0,-581.9511878215984,0.0,0.0,364.2375228733303,0.0,-107.78253524204627,0.0,0.0,0.0,0.0,0.0,501.29265485491476,501.29265485491476,0.0,0.0,0.0,0.0,-44.52710154737872,0.0,0.0,501.3103493716183,0.0,0.0,0.0,-216.6959031078577,0.0,0.0,0.0,0.0,0.0,0.0,0.0,0.0,0.0,0.0,0.0,0.0,0.0,0.0,0.0,-1000.0,0.0,0.0,0.0,0.0,0.0,0.0,0.0,167.63807265203255,-167.63807265203255,224.9219886649083,0.0,0.0,0.0,0.0,0.0,0.0,0.0,-940.750717928665,0.0,0.0,0.0,0.0,0.0,0.0,0.0,0.0,0.0,0.0,0.0,0.0,0.0,59.732913309587346,40.18127356141806,456.3740330606604,0.0,0.0,0.0,0.0,83.21285381293792,0.0,0.0,0.0,0.0,33.4301833823306,456.3740330606604,0.0,0.0,0.0,0.0,0.0,0.0,0.0,0.0,0.5697634378552365,0.0,76.10346687998411,0.0,0.0,-189.46004513311067,817.2838845881693,0.0,-456.3740330606604,0.0,0.0,301.97875703851264,0.0,0.0,0.0,0.0,-135.27845065101917,0.0,0.0,-1000.0,-1000.0,0.0,0.0,0.0,1000.0,145.81610017095443,0.0,0.0,0.0,0.0,-258.7671408748444,0.0,0.0,0.0,-1000.0,0.0,1000.0,0.0,708.0014357572236,77.0567683736043,0.0,0.0,0.0,0.0,0.0,33.4301833823306,-0.026541775055377304,0.0,0.0,0.0,0.0,0.01769451670358487,0.0,0.0,0.0,609.8835721932389,-717.6262459771239,0.0,-9.571636289042521,-287.8939178875881,0.0,927.8939568581723,0.0,563.7761561990869,0.0,-14.357454433563781,0.0,0.0,0.0,-1.5234978881786747,-1000.0,437.7473416890917,-1000.0,368.9860608682818,0.0,0.0,0.0,0.0,0.0,0.0,0.0,0.0,0.0,0.0,0.0,0.0,0.0,0.0,0.0,0.0,0.0,0.0,0.0,-1000.0,364.2375228733303,452.9226647636423,0.0,555.8103970933471,0.0,788.6661927766602,583.1616961242263,0.0,0.0,0.0,0.0,998.6729112472311,922.9432316263957,0.0,-778.1263800054684,790.7798729575113,0.0,8.046646496855885,-890.570552345266,-461.5730084304687,0.0,0.0,0.0,934.5172193312108,-791.222235875101,889.6858265100868,875.0000000000034,0.0,-458.16024998356136,-250.00000000000023,0.0,81.41182189105957,0.0,0.0,0.0,481.61696778229737,0.0,0.0,0.0,-59.732913309587346,59.732913309587346,59.732913309587346,-377.79841668945056,0.0,0.0,-403.7397909974462,0.0,0.0,0.0,0.0,0.0,-103.7761798882288,0.0,0.0,153.51786503288733,0.0,0.0,0.0,0.0,-41.230548329641515,0.03538903340719912,0.0,0.0,0.0,0.0,0.0,0.0,0.0,20.56316926113402,0.0,0.0,0.0,0.0,0.0,0.0,0.0,0.0,0.0,0.0,0.0,0.01946396837396086,0.01946396837396086,0.0,152.19400996887038,0.0,10.616710022150924,0.0,0.0,0.0,1000.0,0.0,328.45060045045864,65.67110519281128,0.0,0.0,-276.247867196532,-1000.0,0.0,0.0,109.54924361016299,0.0,0.0,153.51786503288733,0.0,0.0,0.0,0.0,0.0,0.0,0.0,308.56610803124255,-609.8835721932389,0.0,0.0,67.03358297898733,0.0,0.0,0.0,-308.13484247784623,0.0,-276.247867196532,0.0,0.0,-317.47841552617353,0.0,0.0,59.732913309587346,0.0,0.0,0.0,0.0,0.0,0.0,0.0,0.0,0.0,0.0,0.0,0.0,0.0,10.616710022150924,301.97875703851264,301.97875703851264,0.0,0.0,0.0,0.0,0.0,0.0,0.0,0.0,0.0,0.0,0.17694516703584873,0.0,0.0,65.67110519281128,-65.67110519281128,0.0,0.0,0.0,0.0,81.41182189105957,-109.54924361016299,0.0,0.0,0.0,0.0,0.0,0.0,0.0,0.0,0.0,274.55452834835114,-473.4089457992925,0.0,5.308355011075462,5.308355011075462,1000.0,-1000.0,0.0,153.51786503288733,0.0,0.0,0.0,0.0,0.0,388.3935990196733,0.0,523.8932311294873,0.01769451670358487,0.0,0.0,-862.9532488641217,886.321385959306,0.0,20.56316926113402,0.0,0.0,-77.0567683736043,0.0,0.0,0.0,0.0,0.0,0.0,0.0,0.0,0.0,0.0,0.0,0.0,0.01769451670358487,0.0,0.0,0.0,0.0,0.0,0.0,0.0,0.0,452.9226647636423,0.0,583.1616961242263,0.0,0.0,-1000.0,-1.3270887527688653,-0.8847258351792435,0.0,0.0,0.0,0.0,0.0,0.0,0.0,0.0,0.0,0.0,0.0,0.0,301.97875703851264,0.0,0.0,0.0,-457.2755241483821,0.0,0.0,0.0,-0.01769451670358487,0.0,0.0,0.01769451670358487,0.0,0.01769451670358487,0.0,0.0,0.0,10.616710022150924,21.587310378373544,21.587310378373544,0.0,0.0,0.0,0.0,0.0,0.0,0.0,0.0,0.0,0.0,0.0,0.0,0.0,0.0,0.0,0.0,0.0,0.0,0.0,0.0,0.0,0.0,0.0,0.0,0.0,0.0,0.0,308.13484247784623,0.0,0.0,0.0,0.026541775055377304,0.0,0.0,0.0,-81.41182189105957,0.0,0.0,0.0,0.0,0.0,-152.19400996887038,0.8847258351792435,0.0,0.0,0.0,0.0,44.52710154737872,-0.8847258351792435,0.0,0.0,0.0,0.0,0.0,0.0,0.0,0.0,301.97875703851264,0.0,109.54924361016299,715.2005937690079,92.46109665928303,0.0,61.46109665928303,-14.357454433563781,0.0,582.2769702890471,0.0,-582.2769702890471,364.2375228733303,-21.587310378373544,0.0,0.8847258351792435,945.7993177642257,0.0,80.24193157718973,0.0,-235.11839027385136,0.0,0.0,0.0,0.0,0.0,-464.9441729792207,0.0,0.0,0.0,153.52109872163925,-156.17527622717722,21.587310378373544,0.0,0.0,0.0,0.0,0.0,0.0,0.0,0.0,0.0,0.5697634378552365,0.0,0.0,0.0,-23.368137095184238,562.7439419558052,0.0,5.308355011075462,65.67110519281128,0.0,0.0,0.0,-333.2902893836516,0.0,0.0,0.01946396837396086,0.0,0.0,0.0,10.793655189186772,0.0,0.0,0.0,0.0,40.18127356141806,0.0,581.9511878215984,0.0,0.0,0.0,0.0,0.0,0.0,0.0,0.0,0.0017694516703584868,0.0017694516703584868,0.0,0.0,0.0,0.0,0.0,0.0,0.0,0.0,0.0,-862.9532488641217,0.0,0.0,0.0,0.0,0.0,152.19400996887038,0.0,0.0,0.0,0.0,0.0,0.0,0.0,0.0,0.0,0.0,0.0,131.34221038562256,570.2535804911264,-784.9232126232611,-88.92930860187214,0.0,0.0,0.0,10.616710022150924,0.0,0.0,0.0,0.0,0.0,0.0,-10.616710022150924,0.0,131.34221038562256,0.0,0.0,0.0,0.0,0.0,0.0,0.0,0.0,0.0,0.0,845.0928297387944,-1000.0,12.12074394195564,0.0,-81.41182189105957,0.0,999.929221933186,0.0,0.0,0.0,0.0,0.0,0.0,0.0,0.0,0.0,0.0,0.0,0.0,0.0,0.0,0.0,0.0,0.0,-2.211814587948109,301.97875703851264,-1000.0,154.84818747440812,0.0,0.0,0.0,0.0,0.0,-0.22118145879481094,0.0,468.0137027615591,0.0,0.0,0.0,0.0,0.0,0.0,0.0,1000.0,5.308355011075462,5.308355011075462,0.0,0.0,0.0,0.0,0.0,0.01946396837396086,152.19400996887038,0.0,0.0,-999.929221933186,0.0,0.0,0.0,0.0,0.0,0.0,0.0,0.0,0.0,0.0,0.0,0.0,0.0,0.0,0.0,0.0,0.0,0.0,0.0,18.579242538764117,0.0,0.0,67.03358297898733,0.0,0.0,0.0,152.19400996887038,0.0,0.0,0.0,0.0,0.0,-2.211814587948109,0.0,0.0,0.0,0.0,0.0,0.0,0.0,0.0,0.0,0.0,0.0,0.0,0.0,0.0,0.0,0.0,0.0,0.0,-0.01769451670358487,0.0,0.0,0.8847258351792435,276.247867196532,0.0,0.0,0.0,0.0,301.9787570385126,0.0,0.0,0.0,1.5234978881786747,0.4423629175896622,0.0,0.0,0.0,0.01769451670358487,0.0,17.69451670358487,-5.485300178111311,3.538903340716974,0.12638940502560622,49.3677016030018,-0.013270887527688652,778.1263800054684,0.35389033407169745,-0.0884725835175852,-49.3677016030018,5.308355011075461,-0.017694516703584868,4.785818144521261,153.51786503288733,0.004423629175896218,0.12638940502560622,-14.357454433563781,-68.48807225202177,-0.35389033407169745,235.6185066930197,-0.017694516703584868,0.004423629175896218,-49.3677016030018,1.769451670358487,0.017694516703584868,0.01769451670358487,-152.15685148379282,-65.65164122443734,-28.76713620980091,-0.013270887527688652,5.308355011075462,0.017694516703584868,81.41182189105957,67.25620852819168,-0.008847258351792436,165.26458031897474,-85.0,-0.013270887527688652,-0.017694516703584868,-5.485300178111311,0.01769451670358487,1.769451670358487,-0.35389033407169745,308.13484247784623,308.13484247784623,-1.769451670358487,-235.6185066930197,-308.13484247784623,3.538903340716973,0.026541775055377304,-1000.0,1.769451670358487,-308.56610803124255,153.51786503288733,-3.538903340716974,0.008847258351792436,0.17694516703584873,2.3929090722606303,96.0,-0.01769451670358487,-156.17527622717722,152.15685148379282,5.485300178111311,0.017694516703584868,68.48807225202177,56.180978108601316,153.51786503288733,-0.01769451670358487,-0.004423629175896218,-153.51786503288733,-0.017694516703584868,-623.1817361512399,0.017694516703613772,-0.004423629175896218,-0.004423629175896218,-0.004423629175896218,7.077806681433948,-67.25620852819168,0.17694516703584873,13.109425062768423,-0.004423629175896218,0.0,0.8847258351792435,21.5,0.01769451670358487,0.008847258351792436,0.008847258351792434,40.0,5.485300178111311,0.01769451670358487,-5.485300178111311,0.17694516703584873,0.017694516703584868,-13.109425062768423,0.017694516703584868,0.07077806681400034,0.0884725835175852,0.008847258351792436,0.004423629175896218,5.308355011075462,-0.017694516703584868,28.76713620980091,0.17694516703584873,-26.218850125536846,777.6840170878787,-1.769451670358487,3.538903340716974,0.8847258351792435,-0.017694516703584868,14.357454433563781,0.026541775055377304,-0.017694516703584868,-80.0,5.485300178111311,547.4759698100938,0.008847258351792434,-43.0,-0.017694516703584868,-0.017694516703613772,-0.01769451670358487,0.008847258351792434,49.3677016030018,-3.538903340716974,0.01769451670358487,4.785818144521261,-0.004423629175896218,65.65164122443734,-4.785818144521261,2.6541775055377306,85.0,288.6222538415413,49.3677016030018,-0.013270887527688652,156.17527622717722,-96.0,0.017694516703584868,-0.004423629175896216,0.8847258351792435,17.69451670358487,-0.008847258351792436,-0.017694516703584868,0.004423629175896218,1000.0,0.0,136.52226481851451,0.0,-46.0,0.0,546.6637874952298,-31.0,0.0,-32.0,-93.0,-65.0,-863.4688879231337,16.0,23.0,46.5,0.0,15.5,-152.19400996887038,-214.18568042644222,863.4688879231337,65.0,-214.18568042644222,-546.6637874952298,244.356678858135,0.0,1496.5981,hclb
25,0.0,0.0,0.0,0.0,0.0,0.0,0.0,0.0,-0.016250397360790557,0.0,0.0,0.0,0.0,0.0,0.0,0.0,729.7997394317142,-250.6836053098524,0.0,0.0,0.0,0.0,0.0,350.52958296300517,0.0,0.0,0.0,0.0,0.0,0.0,0.0,0.0,685.451418012081,0.0,0.0,0.0,0.0,1000.0,0.0,-1000.0,1000.0,0.0,0.0,-225.83074041834436,0.0,0.0,0.0,0.0,0.0,0.0,0.0,503.96899901336985,0.0,0.017875437096885688,0.0,0.0,0.0,3.2500794721581117,0.0,0.0,-172.63204087178144,0.0,485.91978952997306,228.2742003784391,736.9224594442261,0.0,0.0,0.0,0.0,0.0,0.0,0.16250397360790558,0.0,0.0,0.0,0.0,0.0,0.0,0.0,0.0,0.0,0.0,-197.96822699980584,0.0,9.750238416474335,0.0,189.13149780164542,802.4432694035987,298.47427039022887,0.0,-0.004062599340197639,0.0,0.0,0.0,4.875119208237168,0.0,6.728813942702305,-662.5324314249119,0.0,0.0,0.0,598.9187937744599,-56.032743508980616,0.0,0.0,-12.067033069514732,0.0,0.0,0.0,0.0,0.0,0.0,0.0,0.0,0.0,0.0,0.0,0.0,0.0,0.0,0.0,0.0,0.0,0.0,-406.2004871099805,0.0,0.0,6.728813942702305,0.0,5.037623181845074,0.0,0.0,-822.7842099837682,822.7842099837682,0.0,0.0,-85.01354827975254,0.0,0.0,0.0,0.0,0.0,0.0,0.0,0.0,388.35100539823213,0.016250397360790557,0.0,0.0,0.0,-850.4382562782728,850.4382562782728,0.0,0.0,197.96822699980584,0.0,-238.06052223702739,0.0,0.0,0.0,0.0,0.0,922.4441978733578,922.4441978733578,0.0,0.0,0.0,0.0,0.0,0.0,0.0,922.4604482707185,0.0,0.0,0.0,0.0,-187.49999999999932,0.0,0.0,0.0,0.0,0.0,0.0,0.0,0.0,0.0,-509.3796233289585,0.0,0.0,0.0,0.0,-485.34215578732153,0.0,0.0,0.0,0.0,0.0,0.0,-503.96899901336985,-298.47427039022887,298.47427039022887,0.0,0.0,0.0,0.0,0.0,0.0,0.0,56.032743508980616,-940.2813791422569,0.0,0.0,0.0,0.0,0.0,0.0,0.0,0.0,0.0,0.0,0.0,0.0,0.0,88.68415473303034,-34.646146321218644,-225.83074041834436,0.0,0.0,0.0,85.01354827975254,37.98398763600218,0.0,0.0,0.0,0.0,-172.63204087178144,0.0,0.0,0.0,0.0,0.0,0.0,0.0,0.0,0.0,198.50045469859236,0.0,1.8536947344651376,0.0,403.05145921954227,1000.0,0.0,0.0,225.83074041834436,0.0,0.0,85.01354827975254,-352.1871234938058,0.0,0.0,0.0,-134.3450094999024,0.0,0.0,11.521694569694091,11.521694569694205,250.0000000000001,-1000.0,1000.0,-761.5216945696941,0.0,0.0,-847.6321460903102,0.0,0.0,7.35462100060348,0.0,0.0,0.0,-344.2973167292957,0.0,344.2973167292957,0.0,963.9175685088329,0.0,85.01354827975254,-211.67211243879694,0.0,0.0,0.0,-172.63204087178144,-0.02437559604118584,0.0,0.0,0.0,0.0,0.016250397360790557,0.0,0.0,0.0,242.12889951002467,729.7997394317142,0.0,-88.63745364566044,-558.6421033166337,187.49999999999932,864.4004231697118,0.0,781.8880780995439,0.0,-12.067033069514732,0.0,0.0,0.0,-1.399159212764083,-780.4889188867799,0.0,-198.3663731482004,-1000.0,0.0,0.0,0.0,0.0,0.0,0.0,0.0,0.0,0.0,0.0,0.0,0.0,0.0,0.0,0.0,0.0,0.0,229.48019372962665,0.0,-723.7520740986571,197.96822699980584,0.0,860.5096233284867,0.0,0.0,0.0,-586.8514600968242,0.0,0.0,0.0,0.0,598.1062739064204,0.0,0.0,-299.86565682124973,-482.8819827911246,780.4889188867799,493.08148106016074,286.60159937353257,0.0,-21.881160046304487,0.0,0.0,0.0,482.4757228571048,-287.4141192415721,-582.9897556671285,0.0,0.0,-749.9999999999999,-124.55711133503834,6.728813942702305,-750.0000000011937,750.0000000011937,0.0,0.0,0.0,0.0,0.0,-88.68415473303034,88.68415473303034,88.68415473303034,-649.1256939749567,0.0,0.0,-608.8841144377722,0.0,0.0,56.032743508980616,0.0,0.0,-52.01463442002455,0.0,0.0,142.32839077299064,0.0,0.0,0.0,0.0,-41.37496026392095,0.0325007947216136,0.0,0.0,0.0,0.0,0.0,0.0,0.0,0.0,0.0,0.0,0.0,0.0,0.0,0.0,0.0,0.0,0.0,0.0,0.0,0.017875437096885688,0.017875437096885688,0.0,145.51534943690078,0.0,9.750238416474335,0.0,0.0,0.0,1000.0,0.0,0.0,189.13149780164542,0.0,0.0,-390.2765084592519,-1000.0,0.0,0.0,0.0,0.0,0.0,142.32839077299064,0.0,0.0,0.0,0.0,0.0,0.0,0.0,135.4001623699935,-242.12889951002467,0.0,0.0,190.3827783984263,0.0,0.0,0.0,-37.98398763600218,0.0,-593.2183547576096,0.0,424.2865424142803,-855.9380111374531,0.0,0.0,88.68415473303034,0.0,0.0,0.0,0.0,0.0,0.0,0.0,0.0,0.0,0.0,0.0,0.0,0.0,9.750238416474335,85.01354827975254,85.01354827975254,0.0,0.0,0.0,0.0,0.0,0.0,0.0,0.0,0.0,0.0,0.16250397360790558,0.0,0.0,189.13149780164542,-189.13149780164542,0.0,-503.96899901336985,0.0,0.0,6.728813942702305,0.0,0.0,0.0,0.0,0.0,0.0,0.0,0.0,0.0,0.0,0.0,-116.57374143297233,0.0,4.875119208237168,4.875119208237168,1000.0,-1000.0,0.0,142.32839077299064,0.0,0.0,0.0,0.0,0.0,-745.600883342819,56.032743508980616,-620.2527536237278,0.016250397360790557,0.0,0.0,0.0,21.460971200261195,702.6923121369725,0.0,0.0,0.0,0.0,0.0,0.0,0.0,0.0,15.61091125371983,0.0,0.0,0.0,0.0,0.0,0.0,0.0,0.016250397360790557,0.0,0.0,0.0,0.0,0.0,0.0,0.0,0.0,0.0,0.0,273.6581632316624,0.0,0.0,-953.2322678282837,-1.218779802059292,-0.8125198680395279,0.0,0.0,0.0,0.0,0.0,0.0,0.0,0.0,0.0,0.0,0.0,0.0,85.01354827975254,187.49999999999932,0.0,0.0,-123.74459146699881,0.0,0.0,0.0,-0.016250397360790557,0.0,0.0,0.016250397360790557,0.0,0.016250397360790557,46.83273376115949,0.0,0.0,9.750238416474335,19.825484780164484,19.825484780164484,0.0,0.0,0.0,0.0,0.0,0.0,0.0,0.0,0.0,56.032743508980616,0.0,0.0,0.0,0.0,0.0,0.0,0.0,0.0,0.0,0.0,0.0,0.0,0.0,0.0,0.0,0.0,0.0,37.98398763600218,0.0,0.0,0.0,0.02437559604118584,0.0,0.0,0.0,-6.728813942702305,0.0,0.0,0.0,0.0,0.0,-145.51534943690078,0.8125198680395279,0.0,0.0,0.0,0.0,0.0,947.1646720355352,0.0,0.0,0.0,0.0,0.0,0.0,0.0,0.0,85.01354827975254,0.0,0.0,-749.9999999999994,56.83119470387044,0.0,61.74992052784189,690.6252790674578,0.0,360.313211938711,0.0,-360.313211938711,197.96822699980584,-372.0126082739703,0.0,0.8125198680395279,732.0987965621866,0.0,0.0,0.0,-430.2776300233154,0.0,0.0,0.0,0.0,0.0,0.0,0.0,0.0,0.0,506.9420637248399,0.0,19.825484780164484,0.0,0.0,0.0,0.0,0.0,0.0,0.0,0.0,0.0,198.50045469859236,0.0,0.0,149.17168884307864,-21.460971200261195,0.0,0.0,4.875119208237168,189.13149780164542,0.0,0.0,0.0,-234.36961542105348,0.0,0.0,0.017875437096885688,0.0,0.0,0.0,9.912742390082242,0.0,0.0,0.0,0.0,-34.646146321218644,0.0,0.0,0.0,0.0,0.0,0.0,0.0,0.0,0.0,0.0,0.0016250397360790558,0.0016250397360790558,0.0,0.0,0.0,0.0,0.0,46.83273376115949,0.0,0.0,0.0,0.0,0.0,0.0,0.0,0.0,0.0,145.51534943690078,0.0,0.0,0.0,0.0,0.0,0.0,0.0,0.0,0.0,0.0,0.0,378.26299560329085,0.0,107.99833375974833,-250.6836053098524,0.0,0.0,0.0,9.750238416474335,0.0,0.0,0.0,0.0,0.0,0.0,-9.750238416474335,0.0,378.26299560329085,0.0,0.0,0.0,0.0,0.0,0.0,0.0,0.0,0.0,0.0,620.2527536237278,-1000.0,11.131522192141533,-6.728813942702305,0.0,0.0,953.1672662388405,0.0,0.0,0.0,0.0,0.0,0.0,0.0,0.0,0.0,0.0,0.0,0.0,0.0,0.0,0.0,0.0,0.0,-2.0312996700988197,85.01354827975254,-599.3250537084797,-1.2187798020592915,0.0,0.0,0.0,0.0,0.0,-0.203129967009882,0.0,249.98286141983039,0.0,0.0,0.0,0.0,0.0,0.0,0.0,1000.0,4.875119208237168,4.875119208237168,0.0,0.0,0.0,0.0,0.0,0.017875437096885688,145.51534943690078,0.0,0.0,-1000.0,0.0,0.0,0.0,0.0,0.0,0.0,0.0,0.0,0.0,0.0,0.0,0.0,0.0,0.0,23.416366880579744,0.0,0.0,0.0,0.0,17.062917228830088,190.3827783984263,0.0,0.0,0.0,0.0,0.0,145.51534943690078,0.0,-750.0,0.0,0.0,0.0,-2.0312996700988197,0.0,0.0,0.0,0.0,0.0,0.0,0.0,0.0,0.0,0.0,0.0,0.0,0.0,0.0,0.0,0.0,0.0,0.0,-0.016250397360790557,0.0,0.0,0.8125198680395279,390.2765084592519,0.0,0.0,0.0,0.0,85.01354827975254,0.0,0.0,0.0,1.399159212764083,0.40625993401976396,0.0,0.0,0.0,0.016250397360790557,0.0,16.250397360790558,-5.037623181845074,3.2500794721581117,0.1160742668627897,45.33860863660567,-0.01218779802059292,299.86565682124973,0.32500794721581117,46.75148177435547,-45.33860863660567,4.875119208237168,-0.016250397360790557,4.02234435650491,142.32839077299064,0.004062599340197639,0.1160742668627897,-12.067033069514732,-191.71856106148311,-0.32500794721581117,-479.1161341218618,-0.016250397360790557,0.004062599340197639,-45.33860863660567,1.6250397360790558,0.016250397360790557,0.016250397360790557,-145.48122360244312,-189.11362236454855,0.0,-0.01218779802059292,4.875119208237168,0.016250397360790557,6.728813942702305,-6.271503945930142,-0.008125198680395278,262.19458837605686,-39.62527776944203,-0.01218779802059292,-0.016250397360790557,-5.037623181845074,0.016250397360790557,1.6250397360790885,-0.32500794721581117,37.98398763600218,37.98398763600218,-1.6250397360790558,479.1161341218618,-37.98398763600218,3.2500794721581117,0.02437559604118584,-1000.0,1.6250397360790558,-135.4001623699935,142.32839077299064,-3.2500794721581117,0.008125198680395278,0.16250397360790558,22.15936341141511,60.08127417602855,-0.016250397360790557,-149.17168884307864,145.48122360244312,5.037623181845074,0.016250397360790557,191.71856106148311,120.97421920557724,142.32839077299064,-0.016250397360790557,-0.004062599340197639,-142.32839077299064,-0.016250397360790557,-41.37496026392095,0.01625039736068387,-0.004062599340197639,-0.004062599340197639,-0.004062599340197639,6.500158944316223,6.271503945930142,0.16250397360790558,175.4014654527409,-0.004062599340197639,40.29638246632531,0.8125198680395279,21.5,0.016250397360790557,0.008125198680395278,0.008125198680395278,30.28246098269811,5.037623181845074,0.016250397360790557,-5.037623181845074,0.16250397360790558,0.016250397360790557,-502.1253700688717,0.016250397360790557,0.0650015894432272,-46.75148177435547,0.008125198680395278,0.004062599340197639,4.875119208237168,-0.016250397360790557,0.0,0.16250397360790558,-350.8029309054818,299.45939688722996,-1.6250397360790885,3.2500794721581117,0.8125198680395279,-0.016250397360790557,12.067033069514732,0.02437559604118584,-0.016250397360790557,-60.56492196539622,5.037623181845074,343.88935171317604,0.008125198680395278,-43.0,-0.016250397360790557,-0.01625039736068387,-0.016250397360790557,0.008125198680395278,45.33860863660567,-3.2500794721581117,0.016250397360790557,44.31872682283022,-0.004062599340197639,189.11362236454855,-44.31872682283022,2.4375596041185834,39.62527776944203,765.6191114682912,45.33860863660567,-0.01218779802059292,149.17168884307864,-60.08127417602855,0.016250397360790557,-0.004062599340197639,0.8125198680395279,16.250397360790558,-0.008125198680395278,-0.016250397360790557,0.004062599340197639,0.0,0.0,999.9918748013196,326.72390461613077,-46.0,0.0,268.15495470447206,4.814727273703227,0.0,-32.0,-44.749664564659206,-65.0,0.0,16.0,23.0,22.374832282329603,0.0,-2.4073636368516134,-145.51534943690078,-109.51973629212254,0.0,65.0,-109.51973629212254,-268.15495470447206,72.77784788140787,0.0,1496.5981,hclb
26,0.0,0.0,0.0,0.0,0.0,0.0,0.0,0.0,-0.015238448023535354,0.0,0.0,0.0,0.0,0.0,0.0,0.0,81.18438549307939,-874.75,0.0,1000.0,0.0,0.0,0.0,0.0,0.0,435.0392201582622,0.0,0.0,0.0,797.6359416274997,34.18376007136461,-34.18376007136461,0.0,0.0,0.0,0.0,0.0,222.58779298116022,0.0,-1000.0,864.0505720386386,0.0,0.0,-1000.0,0.0,0.0,0.0,0.0,0.0,-812.8784905551794,0.0,146.62871298322858,0.0,0.016762292825916347,0.0,0.0,0.0,3.0476896047070707,0.0,0.0,-12.736586013060586,0.0,0.0,-12.736586013060586,0.0,0.0,0.0,0.0,162.87498291241647,-162.87498291241647,0.0,0.15238448023535356,0.0,0.0,0.0,0.0,0.0,0.0,0.0,0.0,0.0,0.0,-460.55871302070676,0.0,9.143068814121213,0.0,0.0,1000.0,-840.5144692389329,1000.0,-0.0038096120058838385,0.0,0.0,0.0,4.571534407060606,0.0,135.94942796136144,-674.4206795086001,0.0,0.0,0.0,0.7619224011767677,797.6359416274997,0.0,0.0,-19.330095691927994,0.0,923.7370578075729,0.0,0.0,0.0,0.0,0.0,0.0,0.0,0.0,0.0,0.0,0.0,0.0,0.0,0.0,0.0,0.0,-603.0693215417682,0.0,0.0,135.94942796136144,0.0,4.723918887295959,4.723918887295959,0.0,0.0,0.0,0.0,0.0,0.0,749.9999999999999,-749.9999999999999,0.0,0.0,0.0,0.0,0.0,0.0,461.732073518519,0.015238448023535354,0.0,0.0,0.0,0.0,0.0,0.0,0.0,460.55871302070676,0.0,167.85101707256047,0.0,0.0,0.0,0.0,0.0,374.4686869860517,374.4686869860517,0.0,0.0,0.0,250.00000000000003,19.330095691927994,0.0,0.0,408.6676855054398,0.0,0.0,0.0,381.26680578313454,0.0,0.0,0.0,0.0,0.0,0.0,0.0,0.0,0.0,0.0,0.0,0.0,0.0,0.0,0.0,-1000.0,0.0,0.0,0.0,0.0,0.0,812.8784905551794,-146.62871298322858,0.0,0.0,0.0,0.0,0.0,0.0,0.0,0.0,0.0,0.0,0.0,0.0,0.0,0.0,0.0,0.0,0.0,0.0,0.0,0.0,0.0,0.0,0.0,0.0,306.7294162749721,94.47327276371497,-732.1916141373506,0.0,0.0,0.0,0.0,0.0,0.0,0.0,0.0,0.0,-12.736586013060586,267.8083858626494,34.18376007136461,0.0,75.28205402535498,0.0,0.0,0.0,0.0,0.0,0.0,0.0,131.37789355430084,0.0,966.7569631704373,126.24249393150444,853.3712870167715,0.0,732.1916141373506,0.0,0.0,0.0,887.9989760378077,0.0,0.0,0.0,399.2061703457241,0.0,0.0,-435.6095608698343,-435.6095608698343,0.0,0.0,0.0,435.6095608698343,-840.5144692389329,0.0,-728.1212870167714,812.8784905551794,0.0,51.96310776025555,0.0,0.0,0.0,0.0,0.0,0.0,0.0,408.63720860939276,0.0,0.0,0.0,250.0,0.0,0.0,-12.736586013060586,-0.02285767203530303,0.0,0.0,0.0,0.0,0.015238448023535354,0.0,0.0,0.0,864.0505720386386,81.18438549307939,0.0,-572.2929895693431,200.17178842978325,0.0,1000.0,0.0,0.0,0.0,-19.330095691927994,0.0,0.0,0.0,-1.3120303748264213,1.3120303748264213,0.0,-1000.0,-671.3148418924025,0.0,0.0,0.0,0.0,0.0,0.0,0.0,0.0,0.0,0.0,0.0,0.0,0.0,0.0,0.0,0.0,75.28205402535498,0.0,0.0,-222.64874677325423,460.55871302070676,0.0,639.7462414108783,0.0,0.0,0.0,-427.5483134471543,0.0,0.0,0.0,359.8453726053512,0.0,318.5459191983461,0.0,-631.4155672200534,0.0,-482.73293248558895,109.75375310237223,-136.87283751622448,0.0,-380.3639428690416,0.0,630.6536448188766,0.0,-0.38096120058838384,136.1109151150477,0.0,0.0,-9.90499121529798,448.8927674756824,0.0,135.94942796136144,0.0,0.0,0.0,0.0,0.0,0.0,0.0,-306.7294162749721,306.7294162749721,306.7294162749721,109.28240608722092,0.0,0.0,0.0,0.0,0.0,0.0,0.0,0.0,-25.473172026121173,0.0,0.0,0.0,0.0,0.0,0.0,0.0,-41.47615519764646,0.0304768960470863,0.0,0.0,0.0,0.0,0.0,0.0,0.0,0.0,0.0,0.0,0.0,0.0,0.0,0.0,0.0,0.0,0.0,0.0,0.0,0.016762292825916347,0.016762292825916347,34.18376007136461,399.68172667026505,0.0,9.143068814121213,0.0,0.0,0.0,0.0,0.0,581.8185540449538,0.0,0.0,0.0,324.9553876292605,0.0,0.0,0.0,0.0,0.0,0.0,0.0,0.0,0.0,0.0,0.0,0.0,0.0,0.0,201.0231071805894,-864.0505720386386,0.0,0.0,1.173360497812216,0.0,0.0,0.0,0.0,0.0,324.9553876292605,0.0,283.47923243161404,0.0,0.0,0.0,306.7294162749721,0.0,0.0,0.0,0.0,0.0,0.0,0.0,0.0,0.0,0.0,0.0,0.0,0.0,9.143068814121213,0.0,0.0,0.0,0.0,0.0,0.0,0.0,0.0,0.0,0.0,0.0,0.0,0.15238448023535356,0.0,34.18376007136461,0.0,0.0,34.18376007136461,-146.62871298322858,0.0,0.0,135.94942796136144,0.0,0.0,0.0,0.0,0.0,0.0,0.0,0.0,0.0,0.0,0.0,658.4112139733652,0.0,4.571534407060606,4.571534407060606,60.047504392351016,0.0,0.0,0.0,0.0,0.0,0.0,0.0,0.0,-91.78610686464202,0.0,322.07669394510754,0.015238448023535354,0.0,0.0,0.0,1.2288719870408151,0.0,0.0,0.0,0.0,0.0,0.0,0.0,0.0,0.0,0.0,0.0,0.0,0.0,0.0,0.0,0.0,0.0,0.015238448023535354,0.0,0.0,0.0,-510.36395673642784,510.36395673642784,0.0,0.0,0.0,0.0,0.0,212.19792796372394,0.0,0.0,-222.64874677325423,-1.1428836017651516,-0.7619224011767677,0.0,0.0,-125.0,-125.0,125.00000000000001,0.0,0.0,0.0,0.0,0.0,0.0,0.0,0.0,0.0,0.0,0.0,-9.143068814121213,0.0,0.0,0.0,-0.015238448023535354,0.0,0.0,0.015238448023535354,0.0,0.015238448023535354,0.0,0.0,0.0,9.143068814121213,18.590906588713132,18.590906588713132,0.0,0.0,0.0,0.0,0.0,0.0,0.0,0.0,0.0,0.0,0.0,0.0,0.0,0.0,0.0,0.0,0.0,0.0,0.0,0.0,0.0,0.0,0.0,0.0,0.0,0.0,0.0,0.0,0.0,-484.9529281406026,484.9529281406026,0.02285767203530303,0.0,0.0,0.0,-135.94942796136144,0.0,0.0,0.0,0.0,0.0,-399.68172667026505,0.7619224011767677,0.0,0.0,0.0,-250.0,-19.330095691927994,-205.71718234744924,0.0,0.0,0.0,0.0,0.0,0.0,0.0,0.0,0.0,0.0,0.0,692.5949740447298,92.95231039529293,0.0,61.952310395292926,-19.330095691927994,0.0,-633.2654957946036,0.0,633.2654957946036,460.55871302070676,869.4080694490946,0.0,0.7619224011767677,1000.0,0.0,0.0,-34.18376007136461,-25.473172026121173,0.0,0.0,0.0,0.0,0.0,0.0,0.0,0.0,0.0,-2.2857672035302983,0.0,18.590906588713132,0.0,34.18376007136461,34.18376007136461,0.0,0.0,0.0,0.0,0.0,0.0,0.0,0.0,0.0,403.1103774755605,-1.2288719870408151,0.0,0.0,4.571534407060606,0.0,0.0,0.0,0.0,30.593997218519974,0.0,0.0,0.016762292825916347,0.0,0.0,0.0,9.295453294356566,0.0,0.0,0.0,0.0,94.47327276371497,0.0,0.0,0.0,0.0,0.0,0.0,0.0,0.0,0.0,0.0,0.0015238448023535355,0.0015238448023535355,0.0,0.0,0.0,0.0,0.0,0.0,0.0,0.0,0.0,0.0,34.18376007136461,0.0,0.0,0.0,0.0,399.68172667026505,0.0,0.0,0.0,0.0,0.0,0.0,0.0,812.8784905551794,0.0,0.0,0.0,0.0,-23.580033244125698,311.19880423028445,-874.75,0.0,0.0,0.0,9.143068814121213,0.0,0.0,0.0,0.0,0.0,0.0,-9.143068814121213,0.0,0.0,0.0,0.0,0.0,0.0,0.0,0.0,0.0,34.18376007136461,34.18376007136461,0.0,0.0,-294.1501652371423,10.438336896121719,-135.94942796136144,0.0,0.0,222.58779298116022,0.0,0.0,0.0,0.0,0.0,0.0,0.0,0.0,0.0,0.0,0.0,0.0,0.0,0.0,0.0,0.0,0.0,-1.9048060029419194,0.0,-1.1428836017651516,-1.1428836017651516,0.0,0.0,0.0,0.0,0.0,749.9535315866804,-750.1440121869746,486.03188504682794,0.0,0.0,0.0,0.0,0.0,0.0,0.0,993.39153583751,4.571534407060606,4.571534407060606,0.0,0.0,0.0,0.0,0.0,0.016762292825916347,399.68172667026505,0.0,0.0,-222.58779298116022,0.0,0.0,0.0,0.0,0.0,0.0,0.0,0.0,0.0,0.0,0.0,0.0,0.0,0.0,24.956853991170192,0.0,0.0,4.723918887295959,0.0,16.000370424712123,1.173360497812216,0.0,0.0,0.0,0.0,0.0,399.68172667026505,0.0,170.28082184855072,0.0,0.0,0.0,-1.9048060029419194,0.0,0.0,0.0,0.0,0.0,0.0,0.0,0.0,0.0,0.0,0.0,0.0,0.0,0.0,0.0,0.0,0.0,0.0,-0.015238448023535354,0.0,0.0,0.7619224011767677,-324.9553876292605,0.0,0.0,0.0,0.0,0.0,0.0,0.0,0.0,1.3120303748264213,0.38096120058838384,0.0,0.0,435.0392201582622,0.015238448023535354,0.0,15.238448023535353,0.0,3.0476896047070707,0.10884605731096682,51.96310776025555,-0.011428836017651515,0.761922401176707,0.3047689604707071,-0.07619224011754666,-51.96310776025555,4.571534407060606,-0.015238448023535354,6.443365230642665,0.0,0.0038096120058838385,0.10884605731096682,-19.330095691927994,-2.4259609253460894,33.8789911108939,-206.4343854930794,-0.015238448023535354,0.0038096120058838385,-51.96310776025555,1.5238448023535354,0.015238448023535354,0.015238448023535354,-399.6497259294156,0.01676229282588889,-2.815963813790475,-0.011428836017651515,4.571534407060606,0.015238448023535354,135.94942796136144,123.75866954253316,-0.007619224011767677,-126.374861874914,-1.5390832503770753,-0.011428836017651515,-0.015238448023535354,0.0,0.015238448023535354,1.5238448023535354,-0.3047689604707071,0.0,0.0,-1.5238448023535354,206.4343854930794,0.0,3.0476896047070707,0.02285767203530303,499.86178124940466,1.5238448023535354,-201.0231071805894,0.0,-3.0476896047070707,0.007619224011767677,0.15238448023535356,143.0732473923358,96.0,-0.015238448023535354,-403.1103774755605,399.6497259294156,4.723918887295959,0.015238448023535354,2.4259609253460894,-149.66403118254314,0.0,-0.015238448023535354,-0.0038096120058838385,0.0,-0.015238448023535354,-41.47615519764646,0.015238448023535354,-0.0038096120058838385,-0.0038096120058838385,-0.0038096120058838385,6.0953792094141415,-123.75866954253316,0.15238448023535356,68.49206750473837,-0.0038096120058838385,279.7031295540289,0.7619224011767677,21.5,0.015238448023535354,0.007619224011767677,0.007619224011767677,1.5238448023535354,0.0,0.015238448023535354,0.0,0.15238448023535356,0.015238448023535354,-182.89663215534506,0.015238448023535354,0.0609537920940002,0.07619224011754666,0.007619224011767677,0.0038096120058838385,4.571534407060606,-0.015238448023535354,2.815963813790475,-16.93949555544695,-136.98413500947674,0.3809612005884446,-1.5238448023535354,3.0476896047070707,0.7619224011767677,-0.015238448023535354,19.330095691927994,0.02285767203530303,-0.015238448023535354,-3.0476896047070707,0.0,184.67844433449568,0.007619224011767677,-43.0,-0.015238448023535354,-0.015238448023535354,-0.015238448023535354,0.007619224011767677,51.96310776025555,-3.0476896047070707,0.015238448023535354,286.1464947846716,-0.0038096120058838385,-0.01676229282588889,-286.1464947846716,2.2857672035303027,1.5390832503770706,-764.2371343128975,51.96310776025555,-0.011428836017651515,403.1103774755605,-96.0,0.015238448023535354,-0.003809612005883838,360.607295006528,15.238448023535353,-0.007619224011767677,-0.015238448023535354,0.0038096120058838385,1000.0,0.0,-659.3549312344836,114.40456465060669,-46.0,0.0,317.61279398191715,-19.666865393248152,0.0,-32.0,-93.0,-65.0,-159.48553076106714,16.0,23.0,46.5,0.0,9.833432696624076,-399.68172667026505,-215.27244155301565,159.48553076106714,65.0,-215.27244155301565,-317.61279398191715,232.87649018105338,0.0,1496.5981,hclb
27,0.0,0.0,0.0,0.0,0.0,0.0,0.0,0.0,-0.05087572447612402,0.0,0.0,0.0,0.0,0.0,0.0,0.0,107.29200437234545,1000.0,0.0,-1000.0,0.0,0.0,0.0,0.0,0.0,226.63290955886632,0.0,0.0,0.0,-539.3149650393134,0.0,0.0,551.5059216675513,0.0,0.0,0.0,0.0,-50.1686682478612,0.0,-1000.0,1000.0,0.0,-322.8514487259822,-762.9604625343204,0.0,0.0,0.0,0.0,480.2914040066298,0.0,0.0,0.0,0.0,0.055963296923786744,0.0,0.0,0.0,10.175144895224804,0.0,0.0,-20.802836634154573,0.0,-652.1522076331044,-796.7309433710866,0.0,0.0,0.0,0.0,0.0,817.3921979326433,0.0,0.5087572447612402,0.0,0.0,0.0,0.0,0.0,0.0,0.0,0.0,0.0,0.0,-186.52157821916575,0.0,30.525434685674416,0.0,57.58101419989968,145.12638106539472,795.3046155167999,-317.6819053876442,730.5468689264344,0.0,0.0,-250.32502032047017,15.262717342837208,0.0,15.262717342837208,0.0,0.0,0.0,0.0,240.73792090441145,-1000.0,0.0,0.0,-7.811526565706965,0.0,0.0,0.0,0.0,0.0,0.0,0.0,0.0,0.0,0.0,0.0,0.0,0.0,0.0,0.0,0.0,0.0,0.0,-836.4524458873246,0.0,0.0,15.262717342837208,0.0,15.77147458759845,0.0,0.0,-30.400626825838373,30.400626825838373,0.0,0.0,250.00000000000023,0.0,0.0,-373.77589910382795,0.0,0.0,0.0,0.0,0.0,248.020023203727,0.05087572447612402,730.5595878575534,0.0,0.0,-1000.0,1000.0,0.0,0.0,0.0,0.0,-85.08376509960509,0.0,0.0,0.0,0.0,0.0,796.4971481222991,796.4971481222991,0.0,0.0,0.0,0.0,411.239532149971,0.0,0.0,796.5480238467752,0.0,0.0,0.0,0.0,-170.061804259501,0.0,0.0,0.0,0.0,0.0,0.0,0.0,0.0,0.0,0.0,0.0,0.0,0.0,0.0,-1000.0,0.0,0.0,0.0,0.0,0.0,0.0,322.8514487259822,51.73076620199322,-51.73076620199322,103.21682418806203,0.0,0.0,0.0,0.0,0.0,0.0,460.68503496068655,-951.5346104547403,0.0,0.0,0.0,0.0,0.0,0.0,0.0,0.0,0.0,0.0,0.0,0.0,0.0,142.30064361221883,-22.649710209550392,-371.1198920656441,0.0,0.0,0.0,0.0,79.86155182791147,0.0,0.0,0.0,0.0,-20.802836634154573,391.8405704686762,0.0,0.0,0.0,0.0,0.0,0.0,0.0,0.0,1.6381983281313595,0.0,0.0,0.0,-420.7224005888245,0.0,1000.0,0.0,371.1198920656441,0.0,0.0,123.77589910382771,568.1162138703786,0.0,0.0,0.0,-305.5190827133545,0.0,0.0,284.5650837090819,-479.93828871210206,0.0,764.5033724211839,0.0,479.93828871210206,847.0353817187931,0.0,-573.6870188700315,0.0,0.0,-41.135104727587475,0.0,0.0,0.0,-153.25153984444637,0.0,153.25153984444637,0.0,1000.0,20.559074915765706,0.0,1000.0,0.0,0.0,0.0,-20.802836634154573,-0.07631358671418603,0.0,0.0,0.0,0.0,0.05087572447612402,0.0,0.0,0.0,800.020708313058,107.29200437234545,0.0,-251.57969702171795,-362.2065855886242,170.061804259501,924.8787873222963,0.0,577.6859376443376,0.0,-7.811526565706965,0.0,0.0,0.0,422.3140623556624,0.0,-1000.0,-1000.0,-1000.0,0.0,0.0,0.0,0.0,0.0,0.0,0.0,0.0,0.0,0.0,0.0,0.0,0.0,0.0,0.0,0.0,0.0,-676.4976698165988,0.0,-1000.0,0.0,373.46749553335803,0.0,1000.0,0.0,0.0,-249.65822153185835,0.0,186.52157821916575,0.0,0.0,238.19413468060526,-1000.0,0.0,340.79695258273404,-805.4835059285747,1000.0,-1000.0,-2.543786223806201,-307.0716077121034,811.8729824719458,0.0,-962.4378061468428,0.0,804.2116128166716,0.0,130.8303030352006,0.0,523.8276200787791,0.0,473.62859369741466,15.262717342837208,0.0,0.0,0.0,0.0,0.0,0.0,0.0,-142.30064361221883,142.30064361221883,142.30064361221883,-438.8054200736985,0.0,0.0,-376.2967702018761,0.0,0.0,460.68503496068655,0.0,0.0,-50.21954397233732,0.0,0.0,90.3839300205409,0.0,0.0,0.0,0.0,-37.9124275523876,0.10175144895228203,0.0,0.0,0.0,0.0,0.0,0.0,0.0,115.75965788226924,0.0,570.2002134580113,0.0,0.0,0.0,0.0,0.0,0.0,0.0,0.0,0.0,0.055963296923786744,0.055963296923786744,0.0,228.12549871699403,0.0,30.525434685674416,0.0,0.0,0.0,1000.0,0.0,336.7608992111233,57.58101419989968,0.0,0.0,-197.27171492843632,-1000.0,0.0,0.0,585.2614067898519,0.0,0.0,90.3839300205409,0.0,0.0,0.0,0.0,0.0,0.0,0.0,278.81748196244155,-800.020708313058,0.0,0.0,61.498444984561246,0.0,0.0,-250.32502032047017,-433.4033963364437,0.0,-197.27171492843632,0.0,296.7667431643403,-531.9508856451642,0.0,0.0,142.30064361221883,0.0,0.0,0.0,0.0,0.0,0.0,0.0,0.0,0.0,0.0,0.0,0.0,0.0,30.525434685674416,123.77589910382771,123.77589910382771,0.0,0.0,0.0,0.0,0.0,0.0,0.0,0.0,0.0,0.0,0.5087572447612402,0.0,0.0,57.58101419989968,-57.58101419989968,0.0,322.8514487259822,0.0,0.0,15.262717342837208,-585.2614067898519,0.0,0.0,0.0,0.0,0.0,0.0,0.0,0.0,0.0,1000.0,19.878248633208948,0.0,15.262717342837208,15.262717342837206,1000.0,-1000.0,0.0,90.3839300205409,0.0,0.0,0.0,0.0,0.0,1000.0,460.68503496068655,845.4699943086194,0.05087572447612402,0.0,0.0,0.0,67.18866213136121,529.4418017441807,115.75965788226924,250.32502032047017,0.0,-20.559074915765706,0.0,0.0,0.0,0.0,0.0,0.0,0.0,0.0,0.0,0.0,0.0,0.0,0.05087572447612402,0.0,0.0,0.0,-455.0737275972474,455.0737275972474,0.0,0.0,0.0,373.46749553335803,-40.79670667638189,-22.339936636310654,0.0,0.0,-323.5023301834012,-3.8156793357093193,0.0,-2.543786223806201,0.0,0.0,0.0,0.0,0.0,0.0,0.0,0.0,0.0,0.0,0.0,123.77589910382771,170.061804259501,0.0,0.0,1000.0,0.0,0.0,0.0,-0.05087572447612402,0.0,0.0,0.05087572447612402,0.0,0.05087572447612402,0.0,226.63290955886632,0.0,30.525434685674416,62.068383860871315,62.068383860871315,0.0,0.0,0.0,0.0,0.0,0.0,186.52157821916575,0.0,0.0,460.68503496068655,0.0,0.0,426.6944622330567,0.0,0.0,0.0,0.0,0.0,0.0,0.0,0.0,0.0,0.0,0.0,0.0,0.0,0.0,183.0783760159735,0.0,0.0,0.0,0.07631358671418603,0.0,0.0,0.0,-15.262717342837208,0.0,0.0,0.0,0.0,0.0,-228.12549871699403,2.543786223806201,0.0,0.0,0.0,0.0,-411.239532149971,1000.0,-2.543786223806201,0.0,0.0,0.0,0.0,0.0,0.0,0.0,123.77589910382771,0.0,585.2614067898519,0.0,85.8248551047752,0.0,54.824855104775196,521.6302751784737,0.0,791.1384851445235,186.52157821916575,-977.6600633636893,0.0,506.0478300095073,0.0,2.543786223806201,744.6853950511969,0.0,0.0,0.0,-165.38157237213667,0.0,0.0,0.0,0.0,0.0,0.0,0.0,0.0,0.0,-7.631358671418582,0.0,62.068383860871315,0.0,0.0,0.0,0.0,0.0,0.0,0.0,0.0,0.0,1.6381983281313595,0.0,0.0,239.5725367241219,-637.3888755893724,344.1159129337068,-322.8514487259822,15.262717342837208,57.58101419989968,0.0,0.0,0.0,-161.656262867657,0.0,0.0,0.055963296923786744,0.0,0.0,0.0,31.034191930435657,0.0,0.0,0.0,0.0,-22.649710209550392,0.0,0.0,0.0,0.0,0.0,0.0,0.0,0.0,-1000.0,0.0,0.005087572447612402,0.005087572447612402,0.0,0.0,0.0,0.0,0.0,0.0,0.0,0.0,0.0,0.0,0.0,0.0,0.0,0.0,0.0,228.12549871699403,0.0,0.0,0.0,0.0,0.0,0.0,0.0,0.0,0.0,0.0,0.0,115.16202839979935,-555.9601573927285,0.0,1000.0,0.0,0.0,0.0,30.52543468567444,0.0,0.0,0.0,0.0,0.0,969.4745653143256,-1000.0,0.0,115.16202839979935,0.0,0.0,0.0,0.0,0.0,0.0,0.0,0.0,0.0,0.0,-845.4699943086194,-1000.0,461.5443334992017,0.0,-15.262717342837208,0.0,323.2988272854968,0.0,0.0,0.0,0.0,0.0,0.0,0.0,0.0,0.0,0.0,0.0,0.0,0.0,0.0,0.0,0.0,0.0,-6.35946555951552,123.77589910382771,-242.00981401631464,422.87878289734743,0.0,0.0,0.0,0.0,0.0,-0.6359465559515504,0.0,50.21954397233732,0.0,0.0,0.0,0.0,0.0,0.0,0.0,1000.0,15.262717342837206,15.262717342837206,0.0,0.0,0.0,0.0,0.0,0.055963296923786744,228.12549871699403,0.0,0.0,-323.2988272854968,0.0,0.0,0.0,0.0,0.0,0.0,0.0,0.0,0.0,0.0,0.0,0.0,0.0,0.0,0.0,0.0,0.0,0.0,0.0,53.41951069993023,248.020023203727,0.0,0.0,0.0,0.0,0.0,228.12549871699403,0.0,-1000.0,0.0,0.0,0.0,-6.35946555951552,0.0,0.0,0.0,0.0,0.0,0.0,0.0,0.0,0.0,0.0,0.0,0.0,0.0,0.0,0.0,0.0,0.0,0.0,-0.05087572447612402,0.0,0.0,2.543786223806201,197.27171492843632,0.0,0.0,0.0,0.0,123.77589910382774,0.0,0.0,0.0,-422.3140623556624,1.2718931119031005,0.0,0.0,226.63290955886632,0.05087572447612402,0.0,50.87572447612402,-15.77147458759845,10.175144895224804,0.3633980319723144,141.94327128838606,-0.038156793357093016,621.6408535641089,1.0175144895224804,-0.2543786223805,-141.94327128838606,15.262717342837206,-0.05087572447612402,2.603842188568988,90.3839300205409,0.012718931119031005,0.3633980319723144,-7.811526565706965,-65.68042953649879,-1.0175144895224804,-107.29200437234545,-0.05087572447612402,0.012718931119031005,-141.94327128838606,5.087572447612402,0.05087572447612402,0.05087572447612402,-228.01865969559412,-57.52505090297594,-44.353494344344305,-0.038156793357093016,15.262717342837208,0.05087572447612402,15.262717342837208,-25.43786223806201,-0.02543786223806201,145.06031257536333,-85.0,-0.038156793357093016,-0.05087572447612402,-15.77147458759845,0.05087572447612402,5.087572447612402,-1.0175144895224804,183.0783760159735,183.0783760159735,-5.087572447612402,107.29200437234545,-183.0783760159735,10.175144895224804,0.07631358671418603,-1000.0,5.087572447612402,-278.81748196244155,90.3839300205409,-10.175144895224804,0.02543786223806201,0.5087572447612402,62.89492425542949,96.0,-0.05087572447612402,-239.5725367241219,228.01865969559412,15.77147458759845,0.05087572447612402,65.68042953649879,29.333060649192007,90.3839300205409,-0.05087572447612402,-0.012718931119031005,-90.3839300205409,-0.05087572447612402,-37.9124275523876,0.050875724476100004,-0.012718931119031005,-0.012718931119031005,-0.012718931119031005,20.350289790449608,25.43786223806201,0.5087572447612402,142.82064536465487,-0.012718931119031005,123.18600632228998,2.543786223806201,21.5,0.05087572447612402,0.02543786223806201,0.02543786223806201,40.0,15.77147458759845,0.05087572447612402,-15.77147458759845,0.5087572447612402,0.05087572447612402,-353.07683135146647,0.05087572447612402,0.20350289790440002,0.2543786223805,0.02543786223806201,0.012718931119031005,15.262717342837208,-0.05087572447612402,44.353494344344305,0.5087572447612402,-285.64129072930973,620.3689604522058,-5.087572447612402,10.175144895224804,2.543786223806201,-0.05087572447612402,7.811526565706965,0.07631358671418603,-0.05087572447612402,-80.0,15.77147458759845,335.1879490598076,0.02543786223806201,-43.0,-0.05087572447612402,-0.050875724476100004,-0.05087572447612402,0.02543786223806201,141.94327128838606,-10.175144895224804,0.05087572447612402,125.78984851085897,-0.012718931119031005,57.52505090297594,-125.78984851085897,7.631358671418603,85.0,652.8397094363008,141.94327128838606,-0.038156793357093016,239.5725367241219,-96.0,0.05087572447612402,-0.012718931119031007,2.543786223806201,50.87572447612402,-0.02543786223806201,-0.05087572447612402,0.012718931119031005,0.0,0.0,470.621085806613,210.2561859868116,-46.0,0.0,416.70833840521414,-31.0,0.0,-32.0,-93.0,-65.0,-529.353476331149,16.0,23.0,46.5,0.0,15.5,-228.12549871699403,-173.53168619215057,529.353476331149,65.0,-173.53168619215057,-416.70833840521414,191.14385265420486,0.0,1496.5981,hclb
28,0.0,0.0,0.0,0.0,0.0,0.0,0.0,0.0,-0.07516673521100727,0.0,0.0,0.0,0.0,0.0,0.0,0.0,0.0,0.0,0.0,-328.3451905166222,0.0,0.0,0.0,885.5962290088469,0.0,72.18611357634768,0.0,0.0,0.0,-39.14954561863931,0.0,0.0,20.11780200587866,0.0,0.0,0.0,0.0,893.951501428105,0.0,-1000.0,1000.0,0.0,0.0,0.0,0.0,0.0,167.638836688999,0.0,39.14954561863931,-442.1515607905479,0.0,0.0,0.0,0.08268340873132266,0.0,0.0,0.0,0.0,0.0,0.0,-2.2881010331248035,0.0,0.0,-15.282849376499541,0.0,0.0,0.0,0.0,901.6780451630402,-901.6780451630402,0.0,0.7516673521100726,0.0,0.0,0.0,0.0,0.0,0.0,0.0,0.0,0.0,0.0,-28.748401420090396,0.0,45.10004112660436,0.0,0.0,-434.38584625678146,-157.28330446852758,1000.0,-0.018791683802751816,0.0,0.0,-722.4805419471244,22.55002056330218,0.0,22.55002056330218,0.0,0.0,0.0,0.0,3.758336760550363,-39.14954561863931,0.0,0.0,0.0,0.0,0.0,0.0,0.0,0.0,0.0,0.0,0.0,0.0,0.0,0.0,0.0,0.0,0.0,0.0,0.0,0.0,0.0,-639.5032016546967,0.0,0.0,22.55002056330218,0.0,23.30168791541225,23.30168791541225,0.0,-125.0,0.0,125.0,-125.00000000000001,-12.994748343374738,-750.000000000084,750.000000000084,0.0,0.0,0.0,0.0,0.0,0.0,34.53624003133793,0.07516673521100727,0.0,0.0,0.0,-1000.0,1000.0,0.0,0.0,88.55271489748178,0.0,449.57348612481974,0.0,0.0,0.0,0.0,0.0,699.1132722981098,699.1132722981098,0.0,0.0,0.0,0.0,1000.0,0.0,0.0,699.1884390333208,0.0,0.0,0.0,0.0,-52.313885635859634,0.0,0.0,0.0,0.0,0.0,0.0,0.0,0.0,0.0,-1000.0,0.0,0.0,0.0,0.0,-702.0389103424432,0.0,0.0,0.0,0.0,0.0,442.1515607905479,0.0,157.28330446852758,-157.28330446852758,12.994748343374738,0.0,0.0,0.0,0.0,0.0,0.0,0.0,-959.4291889435774,0.0,0.0,0.0,0.0,0.0,0.0,0.0,0.0,0.0,0.0,0.0,0.0,0.0,280.2000284366047,-12.933305915597092,0.0,0.0,0.0,0.0,0.0,77.40815974368826,0.0,0.0,0.0,0.0,-2.2881010331248035,0.0,0.0,0.0,0.0,0.0,0.0,0.0,0.0,0.0,792.9055221736373,15.033347042201452,0.0,0.0,999.8872498971834,685.3206409601282,-237.9529961696146,0.0,0.0,0.0,0.0,12.994748343374738,91.70341695742886,0.0,0.0,0.0,209.16864348379943,0.0,0.0,-1000.0,0.0,750.0000000000007,-1000.0,0.0,750.0000000000007,0.0,0.0,224.1744145900475,442.1515607905479,0.0,165.91565898247177,0.0,0.0,0.0,-481.0015461091109,0.0,481.0015461091109,0.0,866.6769422518978,0.0,0.0,853.45426109061,0.0,0.0,0.0,-2.2881010331248035,-0.1127501028165109,0.0,0.0,0.0,0.0,0.07516673521100727,0.0,0.0,0.0,-203.81954048155933,0.0,0.0,-926.4844479898173,144.82479213818462,52.313885635859634,957.5833676055036,0.0,-1000.0,0.0,0.0,0.0,0.0,0.0,-6.47185590166694,431.2023809943611,575.2694749073058,0.0,-1000.0,0.0,0.0,0.0,0.0,0.0,0.0,0.0,0.0,0.0,0.0,0.0,0.0,0.0,0.0,0.0,0.0,0.0,-105.74783163105026,0.0,-1000.0,0.0,0.0,790.4851532998424,0.0,314.7164971655336,0.0,-827.4417622049752,0.0,28.748401420090396,0.0,831.6759659642228,0.0,-332.8804261574014,488.97751944899824,0.0,0.0,-1000.0,0.0,0.0,-508.15744983314994,-1000.0,-488.97751944899824,-3.758336760550363,1000.0,-1.8791683802751815,-3.758336760550363,251.27309991301564,0.0,755.2577112705081,1000.0,-830.1055858444123,22.55002056330218,0.0,0.0,0.0,0.0,0.0,0.0,0.0,-280.2000284366047,280.2000284366047,280.2000284366047,77.96665295779854,0.0,0.0,0.0,0.0,0.0,0.0,0.0,0.0,-17.570950409624345,0.0,500.00000000000045,64.96665295779854,0.0,0.0,0.0,0.0,-35.48332647889927,0.15033347042290843,0.0,0.0,0.0,0.0,0.0,0.0,0.0,0.0,0.0,0.0,0.0,0.0,0.0,0.0,0.0,0.0,0.0,0.0,0.0,0.08268340873132266,0.08268340873132266,0.0,361.16668139440327,0.0,45.10004112660436,0.0,0.0,0.0,1000.0,0.0,0.0,0.0,0.0,0.0,592.4630257180386,-1000.0,0.0,0.0,0.0,0.0,0.0,64.96665295779854,0.0,0.0,0.0,0.0,0.0,0.0,0.0,213.1677338848989,203.81954048155933,0.0,0.0,82.25756885117433,0.0,0.0,-722.4805419471244,-812.8834500341874,0.0,592.4630257180386,0.0,0.0,556.9796992391393,0.0,0.0,280.2000284366047,0.0,0.0,0.0,0.0,0.0,0.0,0.0,0.0,0.0,0.0,0.0,0.0,0.0,45.10004112660436,12.994748343374738,12.994748343374738,0.0,0.0,0.0,0.0,0.0,0.0,0.0,0.0,0.0,0.0,0.7516673521100726,0.0,0.0,0.0,0.0,0.0,0.0,0.0,0.0,22.55002056330218,0.0,0.0,0.0,76.46973023992679,0.0,0.0,0.0,0.0,0.0,0.0,1000.0,294.1904748095949,0.0,22.55002056330218,22.55002056330218,1000.0,-1000.0,0.0,64.96665295779854,0.0,0.0,0.0,0.0,0.0,-960.8504543813607,0.0,-726.9279528844747,0.07516673521100727,0.0,0.0,6.061660289516229,0.0,0.0,0.0,722.4805419471244,0.0,0.0,0.0,0.0,0.0,0.0,0.0,0.0,0.0,0.0,0.0,0.0,0.0,0.0,0.07516673521100727,0.0,0.0,0.0,152.84805768476284,-152.84805768476284,0.0,0.0,0.0,0.0,-40.71494566568322,138.25456981169103,-88.55271489748178,0.0,-1000.0,-5.637505140825544,-3.758336760550378,0.0,0.0,0.0,0.0,0.0,0.0,0.0,0.0,0.0,0.0,0.0,0.0,12.994748343374738,52.313885635859634,0.0,0.0,-71.08953781335384,0.0,0.0,0.0,-0.07516673521100727,0.0,0.0,0.07516673521100727,0.0,0.07516673521100727,0.0,0.0,0.0,45.10004112660436,91.70341695742886,91.70341695742886,0.0,0.0,0.0,0.0,0.0,0.0,28.748401420090396,0.0,0.0,0.0,0.0,0.0,0.0,0.0,0.0,0.0,0.0,0.0,0.0,0.0,0.0,0.0,0.0,0.0,0.0,0.0,0.0,90.402908087063,0.0,-122.09982155869095,122.09982155869095,0.1127501028165109,0.0,0.0,0.0,-22.55002056330218,0.0,0.0,0.0,0.0,0.0,-361.16668139440327,3.758336760550363,0.0,0.0,0.0,0.0,-1000.0,786.726816539292,0.0,0.0,500.00000000000045,0.0,0.0,0.0,0.0,0.0,12.994748343374738,0.0,0.0,862.9833595526463,80.96665295779854,0.0,49.966652957798544,0.0,105.74783163105026,0.0,28.748401420090396,-134.49623305114065,88.55271489748178,0.0,0.0,3.758336760550364,584.7838608581494,0.0,0.0,0.0,-17.570950409624345,-874.9999999999999,874.9999999999999,-750.0000000000007,750.0000000000007,0.0,0.0,0.0,0.0,0.0,1000.0,-11.275010281650836,91.70341695742886,0.0,0.0,0.0,0.0,0.0,0.0,0.0,0.0,0.0,792.9055221736373,0.0,0.0,366.80418653522884,-6.061660289516229,-1000.0,0.0,22.55002056330218,0.0,0.0,0.0,0.0,245.8054577776081,0.0,0.0,0.08268340873132266,0.0,0.0,0.0,45.85170847871443,0.0,0.0,0.0,0.0,-12.933305915597092,0.0,0.0,0.0,0.0,0.0,0.0,0.0,0.0,-293.76560847105907,0.0,0.007516673521100525,0.007516673521100525,0.0,0.0,0.0,0.0,0.0,0.0,0.0,0.0,0.0,6.061660289516229,0.0,0.0,0.0,0.0,0.0,361.16668139440327,0.0,0.0,0.0,0.0,0.0,0.0,0.0,442.1515607905479,0.0,0.0,0.0,0.0,-320.8440496535979,255.82281934566245,0.0,0.0,0.0,0.0,45.10004112660436,0.0,0.0,0.0,0.0,0.0,0.0,-45.10004112660436,0.0,0.0,0.0,0.0,0.0,0.0,0.0,0.0,0.0,0.0,0.0,0.0,726.9279528844747,-1000.0,51.48921361954001,614.3847860986075,-636.9348066619096,0.0,893.951501428105,0.0,0.0,0.0,0.0,0.0,0.0,0.0,0.0,0.0,0.0,0.0,0.0,0.0,0.0,0.0,0.0,0.0,-9.395841901375922,12.994748343374738,-5.637505140825544,5.637505140825397,0.0,0.0,0.0,0.0,0.0,249.9535315866816,-250.8931157768192,106.12366530710612,0.0,0.0,0.0,0.0,0.0,0.0,0.0,1000.0,22.55002056330218,22.55002056330218,0.0,0.0,0.0,0.0,0.0,0.08268340873132266,361.16668139440327,0.0,0.0,-893.951501428105,0.0,0.0,0.0,0.0,0.0,0.0,0.0,0.0,0.0,0.0,0.0,0.0,0.0,0.0,24.956853991171634,0.0,0.0,23.30168791541225,0.0,78.92507197155763,34.53624003133793,0.0,0.0,0.0,0.0,0.0,361.16668139440327,0.0,0.0,0.0,0.0,0.0,-9.395841901375922,0.0,0.0,0.0,0.0,0.0,0.0,0.0,0.0,0.0,0.0,0.0,0.0,0.0,0.0,0.0,0.0,0.0,0.0,-0.07516673521100727,0.0,0.0,3.758336760550363,-592.4630257180386,0.0,0.0,0.0,0.0,12.994748343374738,0.0,0.0,0.0,6.47185590166694,1.8791683802751815,0.0,0.0,72.18611357634768,0.07516673521100727,0.0,75.16673521100725,0.0,15.033347042201452,0.5369052515071947,256.31856706953477,-0.05637505140825545,3.758336760550363,1.5033347042201453,-0.3758336760557768,-256.31856706953477,22.55002056330218,-0.07516673521100727,0.0,64.96665295779854,0.018791683802751816,0.5369052515071947,0.0,-11.966544245592821,-1.5033347042201453,328.3451905166222,-0.07516673521100727,0.018791683802751816,-256.31856706953477,7.516673521100726,0.07516673521100727,0.07516673521100727,-361.00883125046096,0.08268340873210779,-55.60112848477792,-0.05637505140825545,22.55002056330218,0.07516673521100727,22.55002056330218,-37.58336760550363,-0.03758336760550363,-393.9723576400418,-85.0,-0.05637505140825545,-0.07516673521100727,0.0,0.07516673521100727,7.516673521100726,-1.5033347042201453,90.402908087063,90.402908087063,-7.516673521100726,-328.3451905166222,-90.402908087063,15.033347042201452,0.1127501028165109,-722.9903166341422,7.516673521100726,-213.1677338848989,64.96665295779854,-15.033347042201452,0.03758336760550363,0.7516673521100726,231.62111199745434,96.0,-0.07516673521100727,-378.0791968168797,361.00883125046096,23.30168791541225,0.07516673521100727,11.966544245592821,-25.233429295410104,64.96665295779854,-0.07516673521100727,-0.018791683802751816,-64.96665295779854,-0.07516673521100727,-35.48332647889927,0.07516673521100727,-0.018791683802751816,-0.018791683802751816,-0.018791683802751816,30.066694084402904,37.58336760550363,0.7516673521100726,55.689154949455514,-0.018791683802751816,463.24222399490867,3.758336760550363,21.5,0.07516673521100727,0.03758336760550363,0.03758336760550363,40.0,0.0,0.07516673521100727,0.0,0.7516673521100726,0.07516673521100727,-55.689154949455514,0.07516673521100727,0.3006669408448204,0.3758336760557768,0.03758336760550363,0.018791683802751816,22.55002056330218,-0.07516673521100727,55.60112848477792,0.7516673521100726,-111.37830989891103,1.8791683802751815,-7.516673521100726,15.033347042201452,3.758336760550363,-0.07516673521100727,0.0,0.1127501028165109,-0.07516673521100727,-80.0,0.0,-82.5935424468143,0.03758336760550363,-43.0,-0.07516673521100727,-0.07516673521100727,-0.07516673521100727,0.03758336760550363,256.31856706953477,-15.033347042201452,0.07516673521100727,463.24222399490867,-0.018791683802751816,-0.08268340873210779,-463.24222399490867,11.275010281651088,85.0,493.3119001614227,256.31856706953477,-0.05637505140825545,378.0791968168797,-96.0,0.07516673521100727,-0.01879168380275182,835.4343027247731,75.16673521100726,-0.03758336760550363,-0.07516673521100727,0.018791683802751816,0.0,0.0,-277.0472667334633,0.0,-46.0,0.0,-108.0,-21.778986854041133,0.0,-32.0,-93.0,-65.0,-1000.0,16.0,23.0,46.5,0.0,10.889493427020566,-361.16668139440327,-163.2119153307938,1000.0,65.0,-163.2119153307938,108.0,-45.14162211284531,0.0,1496.5981,hclb
29,0.0,0.0,0.0,0.0,0.0,0.0,0.0,0.0,-0.05590229007927919,0.0,0.0,0.0,0.0,0.0,0.0,0.0,0.0,471.02461465753413,0.0,0.0,0.0,0.0,0.0,0.0,0.0,327.43602235422986,0.0,0.0,0.0,-435.27436699222824,0.0,0.0,7.373115928807964,0.0,0.0,0.0,0.0,999.776390839683,0.0,-1000.0,1000.0,0.0,0.0,435.27436699222824,0.0,0.0,0.0,0.0,0.0,-924.346759101243,0.0,0.0,0.0,0.06149251908715758,0.0,0.0,0.0,11.180458015855837,0.0,0.0,-134.90694238595276,0.0,0.0,-134.90694238595276,0.0,0.0,0.0,0.0,192.2597684587066,-192.2597684587066,0.0,0.5590229007927919,0.0,0.0,0.0,0.0,0.0,0.0,0.0,619.344500938138,0.0,0.0,344.85101840656273,0.0,33.541374047567516,0.0,129.98381403963702,251.17784404810155,562.1572837629891,-342.31051315355654,236.4439199745298,0.0,0.0,875.1189978163368,16.770687023783758,0.0,16.770687023783758,-1.800053740554489,0.0,0.0,344.85101840656273,998.602442748018,-435.27436699222824,0.0,0.0,-22.391443460440023,0.0,0.0,0.0,0.0,0.0,0.0,0.0,0.0,0.0,0.0,0.0,0.0,0.0,0.0,0.0,0.0,0.0,0.0,-750.809596212122,0.0,0.0,16.770687023783758,0.0,17.329709924576548,3.9063176898161345,0.0,-27.45620762755693,27.45620762755693,0.0,0.0,-1000.0,0.0,0.0,1000.0,0.0,0.0,0.0,0.0,0.0,-210.5627280308212,0.05590229007927919,236.45789554704962,0.0,0.0,-519.972365382964,0.0,0.0,0.0,0.0,0.0,64.54783332342339,0.0,0.0,0.0,0.0,0.0,-0.15546542431404517,-0.15546542431404517,0.0,0.0,0.0,0.0,-469.7106373034998,0.0,0.0,-0.09956313423476598,0.0,0.0,0.0,0.0,-510.5307714786642,0.0,0.0,0.0,0.0,0.0,0.0,0.0,0.0,0.0,-53.63909134964021,0.0,0.0,0.0,0.0,-1000.0,0.0,0.0,0.0,0.0,0.0,924.346759101243,0.0,-219.84677060943255,219.84677060943255,0.0,0.0,0.0,0.0,0.0,0.0,0.0,0.0,-433.1958788928017,0.0,0.0,0.0,0.0,0.0,0.0,0.0,0.0,0.0,0.0,0.0,0.0,0.0,302.5527164173557,499.3332814146756,435.27436699222824,0.0,0.0,0.0,0.0,79.35386870199281,0.0,0.0,0.0,0.0,-134.90694238595276,0.0,0.0,0.0,0.0,0.0,0.0,0.0,0.0,0.0,0.0,0.0,0.0,0.0,-412.84697946841027,369.1570749040113,31.331073438668994,0.0,-435.27436699222824,0.0,0.0,0.0,-545.8843206609887,0.0,0.0,0.0,391.5474533956459,0.0,0.0,-1000.0,0.0,-750.0000000011937,-623.9967925368109,-376.003207463189,-373.9967925380047,342.31051315355654,0.0,0.0,924.346759101243,0.0,84.4261559988285,0.0,0.0,0.0,-105.75264432777689,0.0,105.75264432777689,0.0,-195.52307127556594,0.0,0.0,-805.2451958739937,0.0,0.0,0.0,-134.90694238595276,-0.08385343511891878,0.0,0.0,0.0,0.0,0.05590229007927919,0.0,0.0,0.0,903.8754442742235,0.0,0.0,-508.1070099424727,698.7665325057571,510.5307714786642,947.9511450396396,0.0,1000.0,0.0,-22.391443460440023,0.0,0.0,0.0,-4.813187175825887,-192.2597684587066,-802.9270443654674,-1000.0,-1000.0,0.0,0.0,0.0,0.0,0.0,0.0,0.0,0.0,0.0,0.0,0.0,0.0,0.0,0.0,0.0,0.0,0.0,0.0,0.0,-1000.0,0.0,0.0,0.0,816.4016088706165,0.0,0.0,819.8393097762989,0.0,0.0,0.0,0.0,995.807328244054,0.0,0.0,0.0,8.917259286216847,0.0,0.0,0.0,727.654610773718,0.0,0.0,-908.8995830612993,176.52038475731024,-10.314816538198833,-2.7951145039639593,0.0,0.0,0.0,0.0,-36.336488551531474,16.770687023783758,-375.00000000179057,375.00000000179057,0.0,0.0,0.0,0.0,0.0,-302.5527164173557,302.5527164173557,302.5527164173557,104.2109854445842,0.0,0.0,-194.6397385577385,0.0,0.0,0.0,0.0,0.0,-9.84625669263147,0.0,0.0,68.81954198414417,0.0,0.0,0.0,0.0,-37.40977099207208,0.1118045801584964,0.0,0.0,0.0,0.0,0.0,0.0,0.0,0.0,0.0,0.0,0.0,0.0,0.0,0.0,0.0,0.0,0.0,0.0,0.0,0.06149251908715758,0.06149251908715758,0.0,387.3722584014999,0.0,33.541374047567516,0.0,0.0,0.0,1000.0,0.0,0.0,129.98381403963702,0.0,0.0,450.0644506126356,-1000.0,0.0,0.0,915.817892897092,0.0,0.0,68.81954198414417,0.0,0.0,0.0,0.0,0.0,0.0,0.0,250.26986540404064,-903.8754442742235,519.972365382964,0.0,134.2882903757415,0.0,0.0,875.1189978163368,795.7651291143441,0.0,450.0644506126356,0.0,0.0,412.6546796205635,250.00000000000023,-250.00000000000023,302.5527164173557,0.0,0.0,0.0,0.0,0.0,0.0,0.0,0.0,0.0,0.0,0.0,0.0,0.0,33.541374047567516,0.0,0.0,0.0,0.0,0.0,0.0,0.0,0.0,0.0,0.0,0.0,0.0,0.5590229007927919,0.0,0.0,129.98381403963702,-129.98381403963702,0.0,0.0,0.0,0.0,16.770687023783758,-915.817892897092,0.0,0.0,0.0,0.0,0.0,0.0,0.0,0.0,0.0,-500.00000000000006,537.9905343454055,0.0,16.770687023783758,16.770687023783758,1000.0,-1000.0,0.0,68.81954198414417,0.0,0.0,0.0,0.0,0.0,435.27436699222824,0.0,968.7724513238163,0.05590229007927919,0.0,0.0,0.0,58.201689331863555,0.0,0.0,-875.1189978163368,0.0,0.0,0.0,0.0,0.0,0.0,0.0,0.0,0.0,0.0,0.0,0.0,0.0,0.0,0.05590229007927919,0.0,0.0,0.0,-780.1344531790472,780.1344531790472,0.0,0.0,0.0,0.0,0.0,819.8393097762989,0.0,0.0,-1000.0,-4.192671755945939,-0.35681930006153895,-2.4382952039024226,0.0,0.0,0.0,0.0,0.0,0.0,0.0,0.0,0.0,0.0,0.0,0.0,510.5307714786642,0.0,0.0,-33.541374047567516,0.0,0.0,0.0,-0.05590229007927919,0.0,0.0,0.05590229007927919,0.0,0.05590229007927919,0.0,0.0,0.0,33.541374047567516,68.20079389672061,68.20079389672061,0.0,0.0,0.0,0.0,0.0,0.0,0.0,519.972365382964,0.0,0.0,0.0,0.0,0.0,0.0,0.0,0.0,0.0,0.0,0.0,0.0,0.0,0.0,0.0,0.0,0.0,0.0,0.0,79.35386870199281,0.0,-327.43602235422986,327.43602235422986,0.08385343511891878,0.0,0.0,0.0,-16.770687023783758,0.0,0.0,0.0,0.0,0.0,-387.3722584014999,2.7951145039639593,0.0,0.0,0.0,0.0,469.7106373034998,-193.79668234661264,-2.4382952039024226,0.0,0.0,0.0,0.0,0.0,0.0,0.0,0.0,0.0,915.817892897092,0.0,84.81954198414417,0.0,573.7919073671081,-22.391443460440023,0.0,626.0426274296863,0.0,-626.0426274296863,0.0,-614.0851145577093,0.0,2.7951145039639615,613.7061612824222,0.0,0.0,0.0,-269.8138847719055,0.0,0.0,498.6093225282907,-498.6093225282907,0.0,-609.2765817454778,0.0,0.0,0.0,45.25374783774834,0.0,68.20079389672061,0.0,0.0,0.0,0.0,0.0,0.0,0.0,0.0,0.0,0.0,0.0,0.0,399.9502736693377,-58.201689331863555,0.0,0.0,16.770687023783758,129.98381403963702,0.0,0.0,0.0,-50.17779886972494,0.0,0.0,0.06149251908715758,0.0,0.0,0.0,34.100396948360306,0.0,0.0,0.0,0.0,499.3332814146756,0.0,0.0,0.0,0.0,0.0,0.0,0.0,0.0,0.0,0.0,0.005590229007927919,0.005590229007927919,0.0,0.0,0.0,0.0,0.0,0.0,0.0,0.0,0.0,0.0,0.0,0.0,0.0,0.0,0.0,387.3722584014999,0.0,0.0,0.0,0.0,0.0,0.0,0.0,924.346759101243,0.0,0.0,0.0,259.96762807927405,0.0,0.0,471.02461465753413,0.0,0.0,0.0,33.541374047567516,0.0,0.0,0.0,0.0,0.0,966.4586259524325,-1000.0,0.0,259.96762807927405,0.0,0.0,0.0,0.0,0.0,0.0,0.0,0.0,0.0,0.0,-1000.0,-1000.0,38.29306870430625,0.0,-16.770687023783758,0.0,999.776390839683,0.0,0.0,0.0,0.0,0.0,0.0,0.0,0.0,0.0,0.0,0.0,0.0,0.0,0.0,0.0,0.0,0.0,-6.9877862599098535,0.0,-1000.0,-4.1926717559459235,0.0,0.0,0.0,0.0,0.0,0.0,-0.6987786259909899,9.84625669263147,0.0,0.0,0.0,0.0,0.0,0.0,0.0,968.7724513238163,16.770687023783758,16.770687023783758,0.0,0.0,0.0,0.0,619.344500938138,0.06149251908715758,387.3722584014999,0.0,0.0,-999.776390839683,0.0,0.0,0.0,0.0,0.0,0.0,0.0,0.0,0.0,0.0,0.0,0.0,0.0,0.0,0.0,0.0,0.0,3.9063176898161345,0.0,58.697404583243156,94.10600330283937,0.0,40.18228707290214,0.0,0.0,0.0,387.3722584014999,0.0,191.6398093059966,0.0,0.0,0.0,-6.9877862599098535,0.0,0.0,0.0,0.0,0.0,0.0,0.0,0.0,0.0,0.0,0.0,0.0,0.0,0.0,0.0,0.0,0.0,0.0,-0.05590229007927919,0.0,0.0,2.7951145039639593,-450.0644506126356,0.0,0.0,0.0,0.0,0.0,0.0,0.0,0.0,4.813187175825887,1.3975572519819808,0.0,0.0,327.43602235422986,0.05590229007927919,0.0,55.90229007927918,-13.42339223476042,11.180458015855839,0.39930207199485135,163.78002470082123,-0.04192671755945939,908.8995830612993,1.1180458015855839,-0.279511450396285,-163.78002470082123,16.770687023783758,-0.05590229007927919,7.463814486813341,68.81954198414417,0.013975572519819797,0.39930207199485135,-22.391443460440023,-138.88345862026006,-1.1180458015855839,-471.02461465753413,-0.05590229007927919,0.013975572519819797,-163.78002470082123,5.590229007927919,0.05590229007927919,0.05590229007927919,-387.25486359233344,-129.92232152054981,0.0,-0.04192671755945939,16.770687023783758,0.05590229007927919,16.770687023783758,-27.951145039639595,-0.027951145039639594,-19.764946402543345,-85.0,-0.04192671755945939,-0.05590229007927919,-13.42339223476042,0.05590229007927919,5.590229007927917,-1.1180458015855839,79.35386870199281,79.35386870199281,-5.590229007927919,471.02461465753413,-79.35386870199281,11.180458015855837,0.08385343511891878,-230.97992265046537,5.590229007927919,-250.26986540404064,68.81954198414417,-11.180458015855837,0.027951145039639594,0.5590229007927919,127.02675248561818,96.0,-0.05590229007927919,-399.9502736693377,387.25486359233344,17.329709924576548,0.05590229007927919,138.88345862026006,1.7367938890091068,68.81954198414417,-0.05590229007927919,-0.013975572519819797,-68.81954198414417,-0.05590229007927919,-37.40977099207208,0.0559022900791655,-0.013975572519819797,-0.013975572519819797,-0.013975572519819797,22.360916031711675,27.951145039639595,0.5590229007927919,76.64291560236066,-0.013975572519819797,246.58969048442302,2.7951145039639593,21.5,0.05590229007927919,0.027951145039639594,0.027951145039639594,40.0,13.42339223476042,0.05590229007927919,-13.42339223476042,0.5590229007927919,0.05590229007927919,-147.09552848209552,0.05590229007927919,0.22360916031701095,0.279511450396285,0.027951145039639594,0.013975572519819797,16.770687023783758,-0.05590229007927919,0.0,0.5590229007927919,-153.28583120472132,907.5020258093173,-5.590229007927917,11.180458015855837,2.7951145039639593,-0.05590229007927919,22.391443460440023,0.08385343511891878,-0.05590229007927919,-80.0,13.42339223476042,272.7740625641826,0.027951145039639594,-43.0,-0.05590229007927919,-0.0559022900791655,-0.05590229007927919,0.027951145039639594,163.78002470082123,-11.180458015855837,0.05590229007927919,254.05350497123635,-0.013975572519819797,129.92232152054981,-254.05350497123635,8.385343511891877,85.0,-10.172956488729767,163.78002470082123,-0.04192671755945939,399.9502736693377,-96.0,0.05590229007927919,-0.013975572519819797,2.7951145039639615,55.90229007927918,-0.027951145039639594,-0.05590229007927919,0.013975572519819797,0.0,0.0,230.95197150542572,70.45261287973486,-46.0,0.0,478.30580255361275,-31.0,0.0,-32.0,-93.0,-65.0,0.0,16.0,23.0,46.5,0.0,15.5,-387.3722584014999,-222.59626369445766,0.0,65.0,-222.59626369445766,-478.30580255361275,235.48938982833786,0.0,1496.5981,hclb
30,0.0,0.0,0.0,0.0,0.0,0.0,0.0,0.0,-0.0557112881919129,0.0,0.0,0.0,0.0,0.0,0.0,0.0,-473.0355616626599,845.3945669882575,0.0,0.0,0.0,0.0,0.0,495.32850838596516,0.0,0.0,0.0,0.0,0.0,-247.38093107011855,0.0,0.0,18.89858345798229,0.0,0.0,0.0,0.0,973.4806411449314,0.0,-831.0623305126427,1000.0,0.0,0.0,-178.2930015528027,0.0,0.0,551.1893728513467,46.916269661546565,-53.928876674680176,-235.11777991353952,0.0,0.0,0.0,0.06128241701094693,0.0,0.0,0.0,58.05852729992914,0.0,0.0,86.55642206581825,0.0,0.0,-187.8317664719384,0.0,0.0,0.0,0.0,0.0,105.34094098774693,0.0,0.5571128819191289,0.0,0.0,0.0,0.0,0.0,0.0,0.0,0.0,0.0,0.0,704.6721745639086,0.0,33.42677291514774,0.0,0.0,-23.3738398311911,465.8291415454971,112.2690615021595,-0.013927822047978223,0.0,0.0,-723.20745860992,16.71338645757387,0.0,16.71338645757387,0.0,0.0,0.0,704.6721745639086,2.7855644095956444,-1000.0,0.0,0.0,-10.870197072976591,0.0,0.0,0.0,0.0,0.0,0.0,0.0,0.0,0.0,0.0,0.0,0.0,0.0,0.0,0.0,0.0,0.0,0.0,-945.063022750817,0.0,0.0,16.71338645757387,0.0,17.270499339492996,12.160519822229048,0.0,-277.84757049476985,0.0,277.84757049476985,-277.84757049476985,0.0,1000.0,-1000.0,-274.38818853775666,0.0,0.0,0.0,0.0,0.0,-700.3824053731313,0.0557112881919129,0.0,0.0,0.0,250.00000000000023,-250.00000000000023,0.0,0.0,2.901519511253493,0.0,1.3740693043197372,0.0,0.0,0.0,0.0,0.0,448.8663384368452,448.8663384368452,0.0,0.0,0.0,0.0,-7.651500317198188,0.0,0.0,448.9220497250371,0.0,0.0,0.0,-754.1150109129143,0.0,0.0,0.0,0.0,0.0,0.0,0.0,0.0,0.0,0.0,-372.9296192102046,0.0,0.0,0.0,0.0,-645.3429118969856,0.0,0.0,0.0,0.0,0.0,235.11777991353952,0.0,77.30271650587127,-77.30271650587127,169.04724755000973,0.0,0.0,0.0,0.0,0.0,0.0,752.6190689298815,-953.1061686623717,0.0,0.0,0.0,0.0,0.0,0.0,0.0,0.0,0.0,0.0,0.0,0.0,0.0,331.3780402972133,-20.715484723234844,774.3453694074586,0.0,0.0,0.0,0.0,79.3731598926168,0.0,0.0,0.0,0.0,86.55642206581825,952.6383709602613,0.0,0.0,0.0,0.0,0.0,0.0,0.0,0.0,1.7939034797786917,0.0,0.0,0.0,-1000.0,-611.4735749603742,0.0,0.0,-774.3453694074586,0.0,0.0,274.38818853775666,427.7212180657054,0.0,0.0,0.0,-355.82814334903105,0.0,0.0,-1000.0,-628.7250398198696,0.0,-1000.0,628.7250398198696,0.0,543.1318580513685,0.0,1000.0,235.11777991353952,0.0,-68.66487374273146,0.0,0.0,0.0,-786.5849888287383,0.0,786.5849888287383,0.0,1000.0,105.34094098774693,0.0,0.0,0.0,0.0,0.0,86.55642206581825,-0.08356693228786934,0.0,0.0,0.0,0.0,0.0557112881919129,0.0,0.0,0.0,378.41521451700646,-473.0355616626599,0.0,-399.2993646673409,167.38771286963697,0.0,842.5147031082095,0.0,-623.7352302317355,0.0,-10.870197072976591,0.0,0.0,0.0,729.5294077016694,0.0,-105.79417746993386,-1000.0,-1000.0,0.0,0.0,0.0,0.0,0.0,0.0,0.0,0.0,0.0,0.0,0.0,0.0,0.0,0.0,0.0,0.0,0.0,-26.296513702301695,0.0,-1000.0,0.0,0.0,0.0,0.0,0.0,422.49364153806266,698.5885018933526,0.0,0.0,0.0,0.0,0.0,0.0,0.0,0.0,42.38823268302298,0.0,-129.5394472412787,0.0,-972.256829735975,268.70960804050526,0.0,-2.7855644095956444,0.0,-43.7810148878208,-2.7855644095956444,625.000000000011,0.0,0.0,0.0,272.97129551737174,16.71338645757387,0.0,0.0,0.0,0.0,0.0,0.0,0.0,-331.3780402972133,331.3780402972133,331.3780402972133,92.72793943459402,0.0,0.0,0.0,0.0,0.0,752.6190689298815,0.0,0.0,-101.27534440612015,0.0,0.0,174.19868334936436,0.0,0.0,0.0,0.0,-37.42887118080871,0.11142257638377462,0.0,0.0,0.0,0.0,0.0,0.0,0.0,0.0,0.0,0.0,0.0,0.0,0.0,0.0,0.0,0.0,0.0,0.0,0.0,0.06128241701094693,0.06128241701094693,0.0,416.2357826588307,0.0,33.42677291514774,0.0,0.0,0.0,1000.0,0.0,0.0,0.0,0.0,0.0,327.3895148534585,-1000.0,0.0,0.0,0.0,0.0,0.0,174.19868334936436,0.0,0.0,0.0,0.0,0.0,0.0,0.0,315.0210075836057,-378.41521451700646,0.0,0.0,4.289769190777296,0.0,-723.20745860992,0.0,-248.42040744262653,0.0,327.3895148534585,0.0,0.0,289.9606436726498,0.0,0.0,331.3780402972133,0.0,0.0,0.0,0.0,0.0,0.0,0.0,0.0,0.0,0.0,0.0,0.0,0.0,33.42677291514774,274.38818853775666,274.38818853775666,0.0,0.0,0.0,0.0,0.0,0.0,0.0,0.0,0.0,0.0,0.5571128819191289,0.0,0.0,0.0,0.0,0.0,0.0,0.0,0.0,16.71338645757387,0.0,0.0,0.0,0.0,0.0,0.0,0.0,0.0,0.0,0.0,933.022047038023,0.0,0.0,16.71338645757387,16.71338645757387,1000.0,-1000.0,0.0,174.19868334936436,0.0,0.0,0.0,0.0,0.0,1000.0,752.6190689298815,839.023245435088,0.0557112881919129,0.0,0.0,0.0,24.932635523960755,0.0,0.0,723.20745860992,0.0,-105.34094098774693,0.0,0.0,0.0,0.0,0.0,0.0,0.0,0.0,0.0,0.0,0.0,0.0,0.0557112881919129,0.0,0.0,0.0,0.0,0.0,0.0,0.0,0.0,0.0,0.0,698.5885018933526,-2.901519511253493,0.0,-973.7034862976983,-4.178346614393467,-2.7855644095956444,0.0,0.0,0.0,0.0,0.0,0.0,0.0,0.0,0.0,0.0,0.0,0.0,274.38818853775666,0.0,0.0,0.0,275.75685992696737,0.0,0.0,0.0,-0.0557112881919129,0.0,0.0,0.0557112881919129,0.0,0.0557112881919129,0.0,0.0,0.0,33.42677291514774,67.96777159413372,67.96777159413372,0.0,0.0,0.0,0.0,0.0,0.0,0.0,0.0,0.0,752.6190689298815,0.0,0.0,0.0,734.3261496149929,0.0,0.0,0.0,0.0,0.0,0.0,0.0,0.0,0.0,0.0,0.0,0.0,0.0,248.42040744262653,0.0,0.0,0.0,0.08356693228786934,0.0,0.0,0.0,-16.71338645757387,0.0,0.0,0.0,0.0,0.0,-416.2357826588307,2.7855644095956444,0.0,0.0,0.0,0.0,7.651500317198188,-2.7855644095956444,0.0,0.0,0.0,0.0,0.0,0.0,0.0,0.0,274.38818853775666,0.0,0.0,-249.99999999999937,84.85774236161743,0.0,53.857742361617426,-10.870197072976591,0.0,695.802937483757,0.0,-695.802937483757,2.901519511253493,359.7534464715717,0.0,2.7855644095956444,759.1514676688531,0.0,0.0,0.0,-101.27534440612015,0.0,0.0,0.0,0.0,0.0,0.0,0.0,0.0,0.0,634.4251229808182,-269.8521969994006,67.96777159413372,0.0,0.0,0.0,0.0,0.0,0.0,0.0,0.0,0.0,1.7939034797786917,0.0,0.0,158.91862550261052,-24.932635523960755,0.0,0.0,16.71338645757387,0.0,0.0,0.0,0.0,-74.21474848433729,0.0,0.0,0.06128241701094693,0.0,0.0,0.0,33.98388579706686,0.0,0.0,0.0,0.0,-20.715484723234844,0.0,0.0,0.0,0.0,0.0,0.0,0.0,0.0,-1000.0,0.0,0.005571128819191289,0.005571128819191289,0.0,0.0,0.0,0.0,0.0,0.0,0.0,0.0,0.0,0.0,0.0,0.0,0.0,0.0,0.0,416.2357826588307,0.0,0.0,0.0,0.0,0.0,0.0,0.0,235.11777991353952,0.0,0.0,0.0,0.0,0.0,0.0,845.3945669882575,0.0,0.0,0.0,33.42677291514774,0.0,0.0,0.0,0.0,0.0,-783.4267729151467,749.999999999999,0.0,0.0,0.0,0.0,0.0,0.0,0.0,0.0,0.0,0.0,0.0,0.0,-839.023245435088,-1000.0,772.4883820264532,369.64930479023116,-386.362691247805,0.0,973.4806411449314,0.0,0.0,0.0,0.0,0.0,0.0,0.0,0.0,0.0,125.0,0.0,-125.00000000000001,-125.0,0.0,0.0,0.0,0.0,-6.9639110239891115,274.38818853775666,-4.178346614393467,1000.0,0.0,0.0,0.0,0.0,0.0,-0.6963911023989111,0.0,104.17686391737365,0.0,0.0,0.0,0.0,0.0,0.0,0.0,1000.0,16.71338645757387,16.71338645757387,0.0,0.0,0.0,0.0,0.0,0.06128241701094693,416.2357826588307,0.0,0.0,-973.4806411449314,0.0,0.0,0.0,0.0,0.0,0.0,0.0,0.0,0.0,0.0,0.0,0.0,0.0,0.0,0.0,0.0,0.0,12.160519822229048,0.0,58.496852601508536,0.0,0.0,4.289769190777296,0.0,0.0,0.0,416.2357826588307,0.0,0.0,0.0,0.0,0.0,-6.9639110239891115,0.0,0.0,0.0,0.0,0.0,0.0,0.0,0.0,0.0,0.0,0.0,0.0,0.0,0.0,0.0,0.0,0.0,0.0,-0.0557112881919129,0.0,0.0,2.7855644095956444,-327.3895148534585,0.0,0.0,0.0,0.0,274.38818853775666,0.0,0.0,0.0,-729.5294077016694,1.3927822047978227,0.0,0.0,0.0,0.0557112881919129,0.0,55.711288191912885,-5.109979517263945,11.14225763838258,0.39793777279937775,179.75553369989507,-0.04178346614393467,2.7855644095956444,1.1142257638382578,-0.2785564409588351,-179.75553369989507,16.71338645757387,-0.0557112881919129,3.6233990243255305,174.19868334936436,0.013927822047978223,0.39793777279937775,-10.870197072976591,-8.869237080151606,-1.1142257638382578,-372.35900532559754,-0.0557112881919129,0.013927822047978223,-179.75553369989507,5.571128819191289,0.0557112881919129,0.0557112881919129,-416.11878895362787,0.06128241701110419,-34.58706049283782,-0.04178346614393467,16.71338645757387,0.0557112881919129,16.71338645757387,-27.855644095956446,-0.027855644095956446,54.953385334471264,-85.0,-0.04178346614393467,-0.0557112881919129,-5.109979517263945,0.0557112881919129,5.571128819191289,-1.1142257638382578,248.42040744262653,248.42040744262653,-5.571128819191289,372.35900532559754,-248.42040744262653,11.14225763838258,0.08356693228786934,-1000.0,5.571128819191289,-315.0210075836057,174.19868334936436,-11.142257638382578,0.027855644095956446,0.5571128819191289,99.82484116683523,96.0,-0.0557112881919129,-428.77082250201113,416.11878895362787,17.270499339492996,0.0557112881919129,8.869237080151606,107.3451375190689,174.19868334936436,-0.0557112881919129,-0.013927822047978223,-174.19868334936436,-0.0557112881919129,-37.42887118080871,0.05571128819185629,-0.013927822047978223,-0.013927822047978223,-0.013927822047978223,22.284515276765156,27.855644095956446,0.5571128819191289,360.85006709278827,-0.013927822047978223,196.02628330934493,2.7855644095956444,21.5,0.0557112881919129,0.027855644095956446,0.02785564409595645,40.0,5.109979517263945,0.0557112881919129,-5.109979517263945,0.5571128819191289,0.0557112881919129,-1000.0,0.0557112881919129,0.22284515276692218,0.2785564409588351,0.027855644095956446,0.013927822047978223,16.71338645757387,-0.0557112881919129,34.58706049283782,0.5571128819191289,-721.7001341855765,1.3927822047978227,-5.571128819191289,11.142257638382578,2.7855644095956444,-0.0557112881919129,10.870197072976591,0.08356693228786934,-0.0557112881919129,-80.0,5.109979517263945,168.7847152374638,0.02785564409595645,-43.0,-0.0557112881919129,-0.05571128819185629,-0.0557112881919129,0.02785564409595645,179.75553369989507,-11.142257638382578,0.0557112881919129,199.64968233367046,-0.013927822047978223,-0.06128241701110419,-199.64968233367046,8.356693228786932,85.0,738.5331484565854,179.75553369989507,-0.04178346614393467,428.77082250201113,-96.0,0.0557112881919129,-0.013927822047978225,2.7855644095956444,55.711288191912885,-0.027855644095956446,-0.0557112881919129,0.013927822047978223,250.8657415243283,0.0,344.5712248023761,639.1499329072117,-46.0,0.0,536.6390368759296,-31.0,0.0,-32.0,-93.0,-65.0,-655.400919553528,16.0,23.0,46.5,0.0,15.5,-416.2357826588307,-94.5699667531265,655.400919553528,65.0,-94.5699667531265,-536.6390368759296,211.8613852688347,0.0,1496.5981,hclb
31,0.0,0.0,0.0,0.0,0.0,0.0,0.0,0.0,-0.06654118709866944,0.0,0.0,0.0,0.0,0.0,0.0,0.0,59.6418470857725,-161.30377844865924,0.0,301.0008574219495,0.0,0.0,0.0,380.7450942853277,0.0,0.0,0.0,0.0,0.0,-648.2163023610283,0.0,0.0,7.570999413368433,0.0,0.0,0.0,0.0,999.7338352516056,0.0,-1000.0,1000.0,0.0,0.0,0.0,0.0,0.0,0.0,150.35376779579735,588.5744552752558,0.0,0.0,0.0,0.0,0.07319530580876688,0.0,0.0,0.0,163.66200521553125,0.0,0.0,-2.732779251753712,0.0,0.0,-89.44345786618555,0.0,0.0,0.0,0.0,468.09406673349025,-383.72756027835067,0.0,0.6654118709866944,0.0,0.0,0.0,0.0,0.0,0.0,0.0,920.1710613434667,0.0,0.0,0.0,0.0,39.92471225920166,0.0,25.776278246075005,-118.34547292781804,-699.2361065243898,169.46508887182756,-0.016635296774667355,0.0,0.0,0.0,19.96235612960083,0.0,19.96235612960083,-836.9943879202166,196.0481879570327,0.0,0.0,3.3270593549334717,-1000.0,0.0,0.0,-21.958440351750742,0.0,0.0,0.0,0.0,0.0,0.0,0.0,0.0,0.0,0.0,0.0,0.0,0.0,0.0,0.0,0.0,0.0,0.0,-770.2889985862168,0.0,0.0,19.96235612960083,0.0,20.627768000587526,0.0,0.0,-598.904610926853,0.0,598.904610926853,-598.904610926853,-761.5335234469646,0.0,0.0,674.8228448325328,0.0,0.0,0.0,0.0,0.0,30.899949652672543,0.06654118709866944,0.0,0.0,0.0,-376.91820782253694,0.0,0.0,0.0,66.8102656947572,0.0,337.05676522170046,0.0,0.0,0.0,0.0,0.0,198.69612289246675,198.69612289246675,0.0,0.0,0.0,0.0,0.0,0.0,0.0,198.7626640795654,0.0,0.0,0.0,-549.1294768652285,-740.5561645140941,0.0,0.0,0.0,0.0,0.0,0.0,0.0,0.0,0.0,-74.05866450780422,0.0,0.0,0.0,0.0,-1000.0,0.0,0.0,0.0,0.0,0.0,0.0,0.0,529.7710176525623,-529.7710176525623,77.91340302202276,0.0,0.0,0.0,0.0,0.0,0.0,351.78369763897166,-579.7076779845306,0.0,0.0,0.0,0.0,0.0,0.0,0.0,0.0,0.0,0.0,0.0,0.0,0.0,252.81012161640598,360.53468266200474,0.0,0.0,0.0,0.0,8.797275592409022,78.27934010303439,0.0,0.0,0.0,0.0,-2.732779251753712,0.0,0.0,0.0,284.39525602376375,0.0,0.0,0.0,0.0,0.0,0.0,0.0,0.0,0.0,229.00712417695206,-1000.0,1000.0,0.0,0.0,0.0,0.0,86.71067861443179,205.3653418954113,0.0,0.0,0.0,-224.3897901204282,0.0,0.0,-259.9934423127813,-259.9934423127813,-125.00000000059686,0.0,0.0,134.99344231218447,-169.46508887182756,0.0,199.23911427841483,0.0,0.0,29.457168880230597,0.0,0.0,0.0,167.24423980748904,0.0,-167.24423980748904,0.0,121.30074696714303,0.0,8.797275592409022,-445.4733752112242,0.0,0.0,0.0,-2.732779251753712,-0.09981178064800414,0.0,0.0,0.0,0.0,0.06654118709866944,0.0,0.0,0.0,823.844900745342,59.6418470857725,0.0,-799.5483815393817,548.8853947279873,740.5561645140941,944.4733179569257,0.0,95.32690463755405,0.0,-21.958440351750742,0.0,0.0,0.0,-5.729196209195668,0.0,-89.59770842835839,-1000.0,677.5290288691211,0.0,0.0,0.0,0.0,0.0,0.0,0.0,0.0,0.0,0.0,0.0,0.0,0.0,0.0,0.0,0.0,284.39525602376375,0.0,0.0,-1000.0,0.0,0.0,834.8517616956399,0.0,0.0,137.8539342808083,-30.899949652672543,0.0,196.0481879570327,0.0,0.0,0.0,-468.09406673349025,0.0,-3.3270593549334717,0.0,0.0,0.0,592.6563603545799,0.0,0.0,0.0,0.0,-669.2889122924839,-1.6635296774667356,-595.9834197095133,0.0,0.0,219.4770752511126,1000.0,0.0,19.96235612960083,0.0,0.0,0.0,0.0,0.0,0.0,0.0,-252.81012161640598,252.81012161640598,252.81012161640598,101.65020293201685,0.0,0.0,0.0,0.0,0.0,351.78369763897166,0.0,0.0,-40.623680625789234,0.0,-250.00000000000023,75.48903817267514,0.0,0.0,0.0,0.0,-36.34588129013306,0.13308237419744273,0.0,0.0,0.0,0.0,0.0,0.0,0.0,0.0,0.0,84.3665064551396,0.0,0.0,0.0,0.0,0.0,0.0,0.0,0.0,0.0,0.07319530580876688,0.07319530580876688,0.0,335.5018841966721,0.0,39.92471225920166,0.0,0.0,0.0,1000.0,0.0,593.2475032920267,25.776278246075005,0.0,0.0,546.7486582909985,-1000.0,0.0,0.0,0.0,0.0,0.0,75.48903817267514,0.0,0.0,0.0,0.0,0.0,0.0,0.0,256.76299952873893,-823.844900745342,376.91820782253694,0.0,30.899949652672543,0.0,0.0,0.0,-156.19274312505715,0.0,546.7486582909985,0.0,0.0,510.40277700086546,1000.0,-1000.0,252.81012161640598,0.0,0.0,0.0,0.0,0.0,0.0,0.0,0.0,0.0,0.0,0.0,0.0,0.0,39.92471225920166,86.7106786144318,86.71067861443179,0.0,0.0,0.0,0.0,0.0,0.0,0.0,0.0,0.0,0.0,0.6654118709866944,0.0,0.0,25.776278246075005,-25.776278246075005,0.0,0.0,0.0,0.0,19.96235612960083,0.0,0.0,0.0,0.0,0.0,0.0,0.0,0.0,0.0,0.0,592.8976372648033,0.0,0.0,19.96235612960083,19.96235612960083,1000.0,-1000.0,0.0,75.48903817267514,0.0,0.0,0.0,0.0,0.0,1000.0,351.7836976389717,873.4378573201899,0.06654118709866944,0.0,0.0,0.0,87.87714344766422,0.0,0.0,0.0,0.0,0.0,0.0,0.0,0.0,0.0,0.0,0.0,0.0,0.0,0.0,0.0,0.0,0.0,0.06654118709866944,0.0,0.0,0.0,1000.0,-1000.0,0.0,0.0,0.0,0.0,0.0,1000.0,-66.8102656947572,0.0,-1000.0,-4.990589032400208,-3.3270593549334717,0.0,0.0,0.0,0.0,0.0,0.0,0.0,0.0,0.0,0.0,0.0,0.0,86.7106786144318,740.5561645140941,0.0,0.0,222.8041346060461,0.0,0.0,0.0,-0.06654118709866944,0.0,0.0,0.06654118709866944,0.0,0.06654118709866944,0.0,0.0,0.0,39.92471225920166,81.18024826037671,81.18024826037671,0.0,0.0,0.0,0.0,0.0,0.0,0.0,376.91820782253694,0.0,351.78369763897166,0.0,0.0,0.0,0.0,0.0,0.0,0.0,0.0,0.0,0.0,0.0,0.0,0.0,0.0,0.0,0.0,0.0,156.19274312505715,0.0,-214.07668121181368,214.07668121181368,0.09981178064800414,0.0,0.0,0.0,-19.96235612960083,0.0,0.0,0.0,0.0,0.0,-335.5018841966721,3.3270593549334717,0.0,0.0,0.0,0.0,0.0,-5.4696855795101555,0.0,0.0,-250.00000000000023,0.0,0.0,0.0,0.0,0.0,86.7106786144318,0.0,0.0,0.0,82.69176258026611,0.0,428.60997040280307,-21.958440351750742,0.0,-36.36963523218276,196.04818795703272,-159.67855272484996,66.8102656947572,124.18509363503459,0.0,3.3270593549334717,1000.0,0.0,0.0,0.0,-92.17623711793925,0.0,0.0,0.0,0.0,0.0,0.0,0.0,0.0,0.0,414.5511377368765,-350.473651293873,81.18024826037671,0.0,0.0,0.0,0.0,0.0,0.0,0.0,0.0,0.0,0.0,0.0,0.0,0.0,-172.24364990280384,0.0,0.0,19.96235612960083,25.776278246075005,0.0,0.0,0.0,156.31770386816137,0.0,0.0,0.07319530580876688,0.0,0.0,0.0,40.59012413018836,0.0,0.0,0.0,0.0,360.53468266200474,0.0,0.0,0.0,0.0,0.0,0.0,0.0,0.0,0.0,0.0,0.006654118709866985,0.006654118709866985,0.0,0.0,0.0,0.0,0.0,0.0,0.0,0.0,0.0,0.0,0.0,0.0,0.0,0.0,0.0,335.5018841966721,0.0,0.0,0.0,0.0,0.0,0.0,0.0,0.0,0.0,0.0,0.0,51.55255649215001,1000.0,208.09812114716502,-161.30377844865924,0.0,0.0,0.0,39.92471225920166,0.0,0.0,0.0,0.0,0.0,0.0,-39.92471225920166,0.0,51.55255649215001,0.0,0.0,0.0,0.0,0.0,0.0,0.0,0.0,0.0,0.0,804.0911715489314,-1000.0,45.58071316258855,0.0,-19.96235612960083,0.0,999.7338352516056,0.0,0.0,0.0,0.0,0.0,0.0,0.0,0.0,0.0,187.5,0.0,-187.5,-187.5,0.0,0.0,0.0,0.0,-8.31764838733368,86.71067861443179,-4.990589032400208,345.4830622614727,0.0,0.0,0.0,0.0,0.0,0.0,-0.8317648387333679,107.43394632054644,0.0,0.0,0.0,0.0,0.0,0.0,0.0,1000.0,19.96235612960083,19.96235612960083,0.0,0.0,0.0,0.0,920.1710613434667,0.07319530580876688,335.5018841966721,0.0,0.0,-999.7338352516056,0.0,0.0,0.0,0.0,0.0,0.0,0.0,0.0,0.0,0.0,0.0,0.0,0.0,0.0,107.03834060590684,0.0,0.0,0.0,0.0,69.86824645360291,30.899949652672543,0.0,0.0,0.0,0.0,0.0,335.5018841966721,0.0,0.0,0.0,0.0,0.0,-8.31764838733368,0.0,0.0,0.0,0.0,0.0,0.0,0.0,0.0,0.0,0.0,0.0,0.0,0.0,0.0,0.0,0.0,0.0,0.0,-0.06654118709866944,0.0,0.0,3.3270593549334717,-546.7486582909985,0.0,0.0,0.0,0.0,86.71067861443179,0.0,0.0,0.0,5.729196209195668,1.6635296774667356,0.0,0.0,0.0,0.06654118709866944,0.0,66.54118709866943,-20.627768000587526,13.308237419733887,0.47529419356192454,185.64991200528775,-0.04990589032400207,3.3270593549334717,1.3308237419733888,-0.33270593549309524,-185.64991200528775,19.96235612960083,-0.06654118709866944,7.319480117250247,75.48903817267514,0.016635296774667355,0.47529419356192454,-21.958440351750742,-36.36963523218276,-1.3308237419733888,-199.33892605906274,-0.06654118709866944,0.016635296774667355,-185.64991200528775,6.654118709866943,0.06654118709866944,0.06654118709866944,-335.36214770376466,-25.70308294026647,0.0,-0.04990589032400207,19.96235612960083,0.06654118709866944,19.96235612960083,-33.27059354933472,-0.03327059354933471,-293.139884518199,-85.0,-0.049905890324002077,-0.06654118709866944,-20.627768000587526,0.06654118709866944,6.654118709866943,-1.3308237419733888,156.19274312505715,156.19274312505715,-6.654118709866943,199.33892605906274,-156.19274312505715,13.308237419733887,0.09981178064800415,634.030440958727,6.654118709866943,-256.76299952873893,75.48903817267514,-13.308237419733887,0.03327059354933471,0.6654118709866944,199.88709538484542,96.0,-0.06654118709866944,-350.473651293873,335.36214770376466,20.627768000587526,0.06654118709866944,36.36963523218276,-4.360386345728252,75.48903817267514,-0.06654118709866944,-0.016635296774667355,-75.48903817267514,-0.06654118709866944,-36.34588129013306,0.06654118709866944,-0.016635296774667355,-0.016635296774667355,-0.016635296774667355,26.616474839467774,33.27059354933472,0.6654118709866944,49.29870199172663,-0.016635296774667355,392.4547106524406,3.3270593549334713,21.5,0.06654118709866944,0.03327059354933471,0.03327059354933472,40.0,20.627768000587526,0.06654118709866944,-20.627768000587526,0.6654118709866944,0.06654118709866944,-49.29870199172663,0.06654118709866944,0.2661647483943739,0.33270593549309524,0.03327059354933471,0.016635296774667355,19.96235612960083,-0.06654118709866944,0.0,0.6654118709866944,-98.59740398345326,1.663529677466736,-6.654118709866943,13.308237419733887,3.3270593549334713,-0.06654118709866944,21.958440351750742,0.09981178064800414,-0.06654118709866944,-80.0,20.627768000587526,61.48525292365684,0.03327059354933472,-43.0,-0.06654118709866944,-0.06654118709866944,-0.06654118709866944,0.03327059354933472,185.64991200528775,-13.308237419733887,0.06654118709866944,399.77419076969085,-0.016635296774667355,25.70308294026647,-399.77419076969085,9.981178064800414,85.0,-637.8221174154916,185.64991200528775,-0.049905890324002077,350.473651293873,-96.0,0.06654118709866944,-0.016635296774667355,3.3270593549334717,66.54118709866943,-0.03327059354933471,-0.06654118709866944,0.016635296774667355,269.2463359529672,0.0,-634.0637115522763,0.0,-46.0,0.0,19.60133920650071,-31.0,0.0,-32.0,-93.0,-65.0,0.0,16.0,23.0,46.5,0.0,15.5,-335.5018841966721,-217.80295679181822,0.0,65.0,-217.80295679181822,-19.60133920650071,8.65380342118101,0.0,1496.5981,hclb
32,0.0,0.0,0.0,0.0,0.0,0.0,0.0,0.0,-0.023766001147360313,0.0,0.0,0.0,0.0,0.0,0.0,0.0,-617.0116045709442,1000.0,0.0,73.64659885708897,0.0,0.0,0.0,0.0,0.0,0.0,0.0,0.0,0.0,-543.3650057138552,0.0,0.0,26.25673060791554,0.0,0.0,0.0,0.0,-4.162219000940159,0.0,-1000.0,344.23302623574807,0.0,-926.353401142911,0.0,0.0,0.0,249.3210421292234,0.0,234.0232091418884,0.0,0.0,0.0,0.0,0.026142601262162068,0.0,0.0,0.0,0.0,0.0,0.0,-347.57737126543987,0.0,347.57737126543987,0.0,0.0,0.0,0.0,0.0,0.0,475.0708955615409,0.0,0.23766001147360316,0.0,0.0,0.0,0.0,0.0,0.0,0.0,431.2975462187809,0.0,0.0,0.0,0.0,14.25960068841619,0.0,345.4843787643961,-160.37661028479943,369.30215199960014,630.6978480003999,0.0,0.0,0.0,-900.2693795210016,7.129800344208095,0.0,7.129800344208095,0.0,0.0,0.0,0.0,141.28696868661984,-543.3650057138552,0.0,0.0,-4.218040766727733,0.0,286.17185374628264,0.0,0.0,0.0,0.0,0.0,0.0,0.0,0.0,0.0,0.0,0.0,0.0,0.0,0.0,0.0,0.0,-268.0512511313526,0.0,0.0,7.129800344208095,0.0,7.367460355681699,0.0,0.0,125.00000000000011,-622.1486812244686,497.14868122446853,-497.14868122446853,0.0,0.0,0.0,0.0,0.0,0.0,0.0,0.0,0.0,347.314360852743,0.023766001147360313,0.005941500286840079,0.0,0.0,0.0,-654.2343439870914,0.0,0.0,0.0,0.0,68.31643178409779,0.0,0.0,0.0,0.0,0.0,-212.84413983488773,-212.84413983488773,0.0,0.0,0.0,0.0,0.0,0.0,0.0,-212.82037383374038,0.0,0.0,0.0,-130.02769894894755,0.0,0.0,0.0,0.0,0.0,0.0,0.0,0.0,0.0,0.0,0.0,0.0,0.0,0.0,0.0,-1000.0,0.0,0.0,0.0,0.0,0.0,0.0,926.353401142911,-1000.0,1000.0,0.0,0.0,0.0,0.0,0.0,0.0,0.0,0.0,0.0,0.0,0.0,0.0,0.0,0.0,0.0,0.0,0.0,0.0,0.0,0.0,0.0,0.0,113.71131293344554,650.270711956346,0.0,0.0,0.0,0.0,0.0,82.5996338841166,0.0,0.0,0.0,0.0,-347.57737126543987,0.0,0.0,0.0,0.0,0.0,0.0,0.0,0.0,0.0,0.7652652369438329,4.753200229472063,0.0,0.0,0.0,442.948750856689,0.0,0.0,0.0,0.0,0.0,0.0,28.994521399779586,0.0,0.0,0.0,-175.13740619783255,0.0,0.0,113.4533436712322,0.0,625.0000000000002,113.4533436712322,0.0,625.0000000000002,-630.6978480003999,0.0,0.0,0.0,0.0,-16.292490682981324,0.0,0.0,0.0,0.0,0.0,0.0,0.0,0.0,0.0,0.0,978.6509726383904,0.0,0.0,0.0,-347.57737126543987,-0.03564900172104047,0.0,0.0,0.0,0.0,0.023766001147360313,0.0,0.0,0.0,909.5053005347314,-617.0116045709442,0.0,-411.4079334524777,834.1690180642556,0.0,351.36282657995616,0.0,0.0,0.0,-4.218040766727733,0.0,0.0,0.0,-2.0462526987877885,2.0462526987877885,0.0,0.0,0.0,0.0,0.0,0.0,0.0,0.0,0.0,0.0,0.0,0.0,0.0,0.0,0.0,0.0,0.0,0.0,0.0,0.0,-4.067154996351178,0.0,0.0,0.0,0.0,0.0,224.52694758568862,0.0,0.0,-348.0796260896868,0.0,0.0,0.0,0.0,140.09866862925182,688.3645498894347,0.0,175.46640311667227,0.0,-690.4108025882225,-889.4338988512159,-384.6464723308209,323.4777057686874,-355.47862631360806,0.0,-358.9675112815105,652.7065357021615,-0.5941500286840079,383.45817227345293,0.0,0.0,459.6229948157567,0.0,0.0,7.129800344208095,0.0,0.0,0.0,0.0,0.0,0.0,550.5451259763101,436.8338130428646,-436.8338130428646,-436.8338130428646,92.46484053725568,0.0,0.0,-1000.0,0.0,0.0,0.0,0.0,0.0,-4.185985002087477,0.0,0.0,0.0,0.0,0.0,0.0,0.0,-11.093432374953478,0.04753200229469429,0.0,0.0,0.0,0.0,0.0,0.0,0.0,0.0,0.0,475.0708955615409,0.0,0.0,0.0,0.0,0.0,0.0,0.0,0.0,0.0,0.026142601262162068,0.026142601262162068,0.0,204.95811270397348,0.0,14.25960068841619,0.0,0.0,0.0,-839.2758238868242,0.0,0.0,345.4843787643961,0.0,0.0,518.7367383802354,839.2758238868242,0.0,0.0,0.0,0.0,0.0,0.0,0.0,0.0,0.0,0.0,0.0,0.0,0.0,89.3504170437842,-909.5053005347314,654.2343439870914,0.0,347.314360852743,0.0,-900.2693795210016,0.0,-82.59963388411661,0.0,518.7367383802354,0.0,362.662984168957,144.9803218363249,0.0,0.0,113.71131293344554,0.0,0.0,0.0,0.0,0.0,0.0,0.0,0.0,0.0,0.0,0.0,0.0,0.0,14.25960068841619,0.0,0.0,0.0,0.0,0.0,0.0,0.0,0.0,0.0,0.0,0.0,0.0,0.23766001147360316,0.0,0.0,345.4843787643961,-345.4843787643961,0.0,926.353401142911,0.0,0.0,7.129800344208095,0.0,0.0,0.0,0.0,0.0,0.0,0.0,0.0,0.0,0.0,-250.00000000000026,425.9030975331756,0.0,7.129800344208095,7.129800344208095,711.5103936141993,839.2758238868242,0.0,0.0,0.0,0.0,0.0,0.0,0.0,0.0,0.0,175.43448121217455,0.023766001147360313,0.0,0.0,0.0,31.386399658110353,0.0,0.0,900.2693795210016,0.0,0.0,0.0,0.0,0.0,0.0,0.0,0.0,0.0,0.0,0.0,0.0,0.0,0.0,0.023766001147360313,0.0,0.0,0.0,824.5655187878255,-824.5655187878255,0.0,0.0,0.0,0.0,0.0,537.3536355929359,0.0,-313.86139736056083,-567.5047093257108,-1.7824500860520238,0.0,-1.1883000573680167,0.0,0.0,0.0,0.0,0.0,0.0,0.0,0.0,0.0,0.0,0.0,0.0,0.0,0.0,0.0,460.8112948731247,0.0,0.0,0.0,-0.023766001147360313,0.0,0.0,0.023766001147360313,0.0,0.023766001147360313,0.0,0.0,0.0,14.25960068841619,28.994521399779586,28.994521399779586,0.0,0.0,0.0,0.0,0.0,0.0,0.0,654.2343439870914,0.0,0.0,0.0,0.0,0.0,0.0,0.0,0.0,0.0,0.0,0.0,0.0,0.0,0.0,0.0,0.0,0.0,0.0,0.0,82.59963388411661,0.0,0.0,0.0,0.03564900172104047,0.0,0.0,0.0,-7.129800344208095,0.0,0.0,0.0,0.0,0.0,-204.95811270397348,1.1883000573680158,0.0,0.0,0.0,0.0,0.0,348.0796260896868,-1.1883000573680167,0.0,0.0,0.0,0.0,0.0,0.0,0.0,0.0,0.0,0.0,218.3034636490588,91.24679977052794,0.0,714.4811437576193,-4.218040766727733,571.571864322062,0.0,313.86139736056083,-885.4332616826227,0.0,0.0,0.0,1.1883000573680167,562.1466811762725,0.0,0.0,0.0,-695.1547425308797,375.00000000000034,-375.00000000000034,0.0,0.0,0.0,0.0,0.0,0.0,0.0,0.0,-3.5649001721040556,28.994521399779586,0.0,804.9636336095095,804.9636336095095,-804.9636336095095,0.0,0.0,0.0,0.0,0.0,0.7652652369438329,0.0,0.0,206.7405627900255,-506.45729521965126,0.0,-926.353401142911,7.129800344208095,345.4843787643961,0.0,0.0,0.0,-49.31527048763962,0.0,0.0,0.026142601262162068,0.0,0.0,0.0,14.497260699889793,0.0,0.0,0.0,0.0,650.270711956346,0.0,0.0,0.0,0.0,0.0,0.0,0.0,0.0,0.0,0.0,0.002376600114736032,0.002376600114736032,0.0,0.0,0.0,0.0,0.0,0.0,0.0,0.0,0.0,0.0,0.0,0.0,0.0,0.0,0.0,204.95811270397348,0.0,0.0,0.0,0.0,0.0,0.0,0.0,0.0,0.0,0.0,0.0,690.9687575287923,0.0,0.0,1000.0,0.0,0.0,0.0,14.25960068841619,0.0,0.0,0.0,0.0,0.0,0.0,-14.25960068841619,0.0,690.9687575287923,0.0,0.0,0.0,0.0,0.0,0.0,0.0,0.0,0.0,0.0,824.5655187878255,-543.3650057138552,16.27971078594182,0.0,-7.129800344208095,0.0,-4.162219000940159,0.0,0.0,0.0,0.0,0.0,0.0,0.0,0.0,0.0,0.0,0.0,0.0,0.0,0.0,0.0,0.0,0.0,-2.9707501434200405,0.0,-141.88111871530384,1.7824500860520278,0.0,0.0,0.0,0.0,0.0,0.0,-0.29707501434200395,4.18598500208752,0.0,0.0,0.0,0.0,0.0,0.0,0.0,1000.0,7.129800344208095,7.129800344208095,0.0,0.0,0.0,0.0,431.2975462187809,0.026142601262162068,204.95811270397348,0.0,0.0,4.162219000940159,0.0,0.0,0.0,0.0,0.0,0.0,0.0,0.0,0.0,0.0,0.0,0.0,0.0,0.0,0.0,0.0,0.0,0.0,0.0,24.954301204728335,347.314360852743,0.0,0.0,0.0,0.0,0.0,204.95811270397348,0.0,-348.0796260896868,0.0,0.0,0.0,-2.9707501434200405,0.0,0.0,0.0,0.0,0.0,0.0,0.0,0.0,0.0,0.0,0.0,0.0,0.0,0.0,0.0,0.0,0.0,0.0,-0.023766001147360313,0.0,0.0,1.1883000573680158,-518.7367383802354,0.0,0.0,0.0,0.0,0.0,0.0,0.0,0.0,2.0462526987877885,0.5941500286840079,0.0,0.0,0.0,0.023766001147360313,0.0,23.766001147360313,-7.367460355681699,4.753200229472063,0.1697571510525737,66.30714320113529,-0.017824500860520235,183.50110816483823,0.4753200229472063,-0.11883000573634206,-66.30714320113529,7.129800344208095,-0.023766001147360317,1.4060135889092444,0.0,0.005941500286840079,0.1697571510525737,-4.218040766727733,-349.2679261470548,-0.47532002294724407,-456.6349942861448,-0.023766001147360317,0.005941500286840079,-66.30714320113529,2.3766001147360316,0.023766001147360317,0.023766001147360313,-204.90820410156397,-345.458236163134,-28.91408144941355,-0.017824500860520235,7.129800344208095,0.02376600114736032,7.129800344208095,-11.883000573680158,-0.011883000573680158,-30.966268801228768,-85.0,-0.017824500860520235,-0.023766001147360317,-7.367460355681699,0.023766001147360313,2.3766001147360316,-0.4753200229472063,82.59963388411661,82.59963388411661,-2.3766001147360316,456.6349942861448,-82.59963388411661,4.753200229472063,0.03564900172104047,-1000.0,2.3766001147360316,-89.3504170437842,0.0,-4.753200229472063,0.011883000573680158,0.23766001147360316,102.85198336311943,96.0,-0.023766001147360313,-210.30546296212955,204.90820410156397,7.367460355681699,0.023766001147360317,349.2679261470548,-28.519201376832523,0.0,-0.023766001147360313,-0.005941500286840079,0.0,-0.023766001147360317,-11.093432374953478,0.02376600114735707,-0.005941500286840079,-0.005941500286840079,-0.005941500286840079,9.506400458944126,11.883000573680158,0.23766001147360316,24.43293331391668,-0.005941500286840079,204.2979531373296,1.1883000573680158,6.735016244844755,0.023766001147360313,0.011883000573680158,0.011883000573680158,2.3766001147360316,7.367460355681699,0.023766001147360313,-7.367460355681699,0.23766001147360316,0.023766001147360317,-38.083527741651324,0.023766001147360317,0.09506400458893911,0.11883000573634206,0.011883000573680158,0.005941500286840079,7.129800344208095,-0.023766001147360317,28.91408144941355,0.23766001147362203,-48.86586662783336,182.90695813615423,-2.3766001147360316,4.753200229472063,1.1883000573680158,-0.023766001147360317,4.218040766727733,0.03564900172104047,-0.023766001147360317,-4.753200229472057,7.367460355681699,328.38172646693096,0.011883000573680158,-13.470032489689508,-0.02376600114736032,-0.02376600114735707,-0.023766001147360317,0.011883000573680158,66.30714320113529,-4.753200229472063,0.023766001147360313,205.70396672623886,-0.005941500286840079,345.458236163134,-205.70396672623886,3.5649001721040467,85.0,508.7068638326359,66.30714320113529,-0.017824500860520235,210.30546296212955,-96.0,0.023766001147360317,-0.00594150028684008,1.1883000573680167,23.766001147360313,-0.011883000573680158,-0.023766001147360317,0.005941500286840079,374.71810519045545,0.0,999.9881169994263,13.650594427734642,-46.0,0.0,339.457622347766,-31.0,0.0,-32.0,-93.0,-65.0,0.0,16.0,23.0,46.5,0.0,15.5,-204.95811270397348,-279.06645597929133,0.0,65.0,-279.06645597929133,-339.457622347766,182.80011180493125,0.0,1496.5981,hclb
33,0.0,0.0,0.0,0.0,0.0,0.0,0.0,0.0,-0.04021806243698705,0.0,0.0,0.0,0.0,0.0,0.0,0.0,-792.4832495535438,312.13857469317094,0.0,1000.0,0.0,0.0,0.0,747.2041881434415,0.0,0.0,0.0,0.0,0.0,865.4404859897411,0.0,0.0,7.08138929466125,0.0,0.0,0.0,0.0,554.0039345900012,0.0,-1000.0,1000.0,0.0,-722.7912492386716,0.0,0.0,0.0,0.0,0.0,-503.81455517036636,0.0,0.0,-277.20875076132836,0.0,0.04423986868074792,0.0,0.0,0.0,8.043612487397409,0.0,0.0,-13.947811931418258,0.0,0.0,-59.187746750677135,0.0,0.0,0.0,0.0,0.0,0.0,0.0,0.40218062436987045,0.0,0.0,0.0,0.0,0.0,0.0,0.0,0.0,0.0,0.0,-101.48867391126089,0.0,24.13083746219223,0.0,25.485919505887452,-270.57205212563474,560.9824371032261,316.80045963394787,-0.010054515609246762,0.0,0.0,-398.69136005525945,12.065418731096115,0.0,62.06510793179992,0.0,576.1274361978848,0.0,0.0,2.0109031218493523,144.61474370067884,0.0,0.0,-23.029791525481272,0.0,199.59114277582006,0.0,0.0,0.0,0.0,0.0,0.0,0.0,0.0,0.0,0.0,0.0,0.0,0.0,0.0,0.0,0.0,-406.6010737951933,0.0,0.0,62.06510793179992,0.0,12.467599355465982,0.0,0.0,0.0,0.0,0.0,0.0,0.0,0.0,0.0,-45.23993481925886,0.0,0.0,0.0,0.0,0.0,130.0713842247963,0.04021806243698705,0.0,0.0,0.0,0.0,0.0,0.0,0.0,0.0,0.0,224.05954014541985,0.0,0.0,0.0,0.0,0.0,801.8665955099158,801.8665955099158,0.0,0.0,0.0,0.0,0.0,0.0,0.0,801.9068135723528,0.0,0.0,0.0,400.42069193242264,0.0,0.0,0.0,0.0,0.0,0.0,0.0,0.0,0.0,0.0,0.0,0.0,0.0,0.0,0.0,-157.74661660159126,0.0,0.0,0.0,0.0,0.0,0.0,1000.0,-877.7828967371739,877.7828967371739,0.0,0.0,0.0,0.0,0.0,0.0,0.0,720.8257422890622,-948.0708702920208,0.0,0.0,0.0,0.0,0.0,0.0,0.0,0.0,0.0,0.0,0.0,0.0,0.0,297.7458012140464,23.086914175498627,-569.1426812658309,0.0,0.0,0.0,45.23993481925886,9.15838019062933,0.0,0.0,0.0,0.0,-13.947811931418258,-569.1426812658309,0.0,0.0,335.2404790739546,0.0,0.0,0.0,0.0,0.0,1.2950216104708403,0.0,49.999689200703806,0.0,-1000.0,-284.02591539827165,-652.169504033175,0.0,569.1426812658309,0.0,0.0,45.23993481925886,448.28471226380543,0.0,0.0,0.0,-392.2891195631687,0.0,0.0,-758.0792324499887,0.0,0.0,-758.0792324499887,0.0,0.0,-316.80045963394787,0.0,931.53353449067,0.0,0.0,103.05001400856452,0.0,0.0,0.0,0.0,0.0,0.0,0.0,725.3686189298165,0.0,45.23993481925886,-563.2509215716133,0.0,0.0,0.0,-13.947811931418258,-0.060327093655480564,0.0,0.0,0.0,0.0,0.04021806243698705,0.0,0.0,0.0,85.22810686869119,-792.4832495535438,0.0,-615.566675000847,-258.7092816584955,0.0,944.8687855999385,0.0,284.47581652943495,0.0,-23.029791525481272,0.0,0.0,0.0,-3.462775175824646,-281.0130413536103,0.0,-1000.0,-1000.0,0.0,0.0,0.0,0.0,0.0,0.0,0.0,0.0,0.0,0.0,0.0,0.0,0.0,0.0,0.0,0.0,335.2404790739546,850.5449836254584,0.0,0.0,0.0,296.3801767857095,0.0,0.0,0.0,0.0,-131.36640583526713,0.0,677.6161101091457,0.0,0.0,0.0,0.0,0.0,-1000.0,0.0,281.0130413536103,738.1440075547265,0.0,0.0,-54.15362107140306,0.0,997.9890968781507,0.0,-1.0054515609246761,-2.0109031218493523,-880.1899156154897,0.0,-395.7958679334972,-677.9576771177753,1000.0,62.06510793179992,0.0,0.0,0.0,283.68111911623555,0.0,0.0,0.0,-297.7458012140464,297.7458012140464,297.7458012140464,-175.69494007815166,0.0,0.0,0.0,0.0,0.0,720.8257422890622,0.0,0.0,-22.163719670320496,0.0,0.0,117.19632233186145,0.0,0.0,0.0,0.0,-38.978193756301295,0.08043612487381324,0.0,0.0,0.0,0.0,0.0,0.0,0.0,0.0,0.0,0.0,0.0,0.0,0.0,0.0,0.0,0.0,0.0,0.0,0.0,0.04423986868074792,0.04423986868074792,0.0,385.702188726649,0.0,24.13083746219223,0.0,0.0,0.0,1000.0,0.0,0.0,25.485919505887452,0.0,0.0,18.727475681071443,-1000.0,0.0,0.0,0.0,0.0,0.0,117.19632233186145,0.0,0.0,0.0,0.0,0.0,0.0,0.0,135.53369126506445,-85.22810686869119,0.0,0.0,28.582710313535454,0.0,0.0,-398.69136005525945,-407.84974024588877,0.0,18.727475681071443,0.0,118.71427064351698,-138.96498871874684,0.0,0.0,297.7458012140464,0.0,0.0,0.0,0.0,0.0,0.0,0.0,0.0,0.0,0.0,0.0,0.0,0.0,24.13083746219223,45.23993481925886,45.23993481925886,0.0,0.0,0.0,0.0,0.0,0.0,0.0,0.0,0.0,0.0,0.40218062436987045,0.0,0.0,25.485919505887452,-25.485919505887452,0.0,1000.0,0.0,0.0,62.06510793179992,0.0,0.0,0.0,0.0,0.0,0.0,0.0,0.0,0.0,0.0,1000.0,-153.27787696049097,0.0,12.065418731096115,12.065418731096115,1000.0,-1000.0,0.0,117.19632233186145,0.0,0.0,0.0,0.0,0.0,328.03389694543114,720.8257422890622,0.0,0.04021806243698705,0.0,0.0,-931.4766244320607,984.5903213175931,0.0,0.0,398.69136005525945,0.0,0.0,0.0,0.0,0.0,0.0,0.0,0.0,0.0,0.0,0.0,0.0,0.0,0.0,0.04021806243698705,0.0,0.0,0.0,0.0,0.0,0.0,0.0,0.0,296.3801767857095,0.0,546.2497042738785,0.0,0.0,-850.5449836254584,-3.016354682774029,-2.0109031218493523,0.0,0.0,0.0,0.0,0.0,0.0,0.0,0.0,0.0,0.0,0.0,0.0,45.23993481925886,0.0,0.0,0.0,606.2150351883521,0.0,0.0,0.0,-0.04021806243698705,0.0,0.0,0.04021806243698705,0.0,0.04021806243698705,0.0,0.0,0.0,24.13083746219223,49.066036173124196,49.066036173124196,0.0,0.0,0.0,0.0,0.0,0.0,101.48867391126089,0.0,0.0,720.8257422890622,0.0,0.0,0.0,0.0,0.0,0.0,0.0,0.0,0.0,0.0,0.0,0.0,0.0,0.0,0.0,0.0,0.0,9.15838019062933,0.0,0.0,0.0,0.060327093655480564,0.0,0.0,0.0,-62.06510793179992,0.0,0.0,0.0,0.0,0.0,-385.702188726649,2.0109031218493523,0.0,0.0,0.0,0.0,0.0,131.36640583526713,0.0,0.0,0.0,0.0,0.0,0.0,0.0,0.0,45.23993481925886,0.0,0.0,1000.0,87.95638751260259,0.0,56.95638751260259,-23.029791525481272,0.0,0.0,677.6161101091457,-677.6161101091457,0.0,399.21867609068124,0.0,2.0109031218493523,1000.0,0.0,0.0,0.0,-73.1355586820954,0.0,0.0,235.5847889847528,-235.5847889847528,0.0,0.0,0.0,0.0,0.0,388.71854340942303,-394.75125277497114,49.066036173124196,0.0,457.4454504142643,457.4454504142643,-457.4454504142643,0.0,0.0,0.0,0.0,0.0,1.2950216104708403,0.0,0.0,0.0,-53.11369688553236,-940.4068099333865,-722.7912492386716,12.065418731096115,25.485919505887452,0.0,0.0,0.0,84.33407179050131,0.0,0.0,0.04423986868074792,0.0,0.0,0.0,24.533018086562098,0.0,0.0,0.0,0.0,23.086914175498627,0.0,0.0,0.0,0.0,0.0,0.0,0.0,0.0,0.0,0.0,0.00402180624369882,0.00402180624369882,0.0,0.0,0.0,0.0,0.0,0.0,0.0,0.0,0.0,-931.4766244320607,0.0,0.0,0.0,0.0,0.0,385.702188726649,0.0,0.0,0.0,0.0,0.0,0.0,0.0,0.0,0.0,0.0,0.0,50.971839011774904,0.0,842.752480213216,312.13857469317094,0.0,0.0,0.0,24.13083746219223,0.0,0.0,0.0,0.0,0.0,0.0,-24.13083746219223,0.0,50.971839011774904,0.0,0.0,0.0,0.0,0.0,0.0,0.0,0.0,0.0,0.0,-153.44303810047344,-527.35135935389,27.54937276933613,0.0,-62.06510793179992,0.0,850.3841113757107,0.0,0.0,0.0,0.0,0.0,0.0,0.0,0.0,0.0,62.50000000000001,0.0,-62.5,-62.5,0.0,0.0,0.0,0.0,-5.027257804623382,45.23993481925886,-3.016354682774029,391.734898092197,0.0,0.0,0.0,0.0,0.0,0.0,-0.5027257804623382,22.163719670320496,0.0,0.0,0.0,0.0,0.0,0.0,0.0,846.5569618995265,12.065418731096115,12.065418731096115,0.0,0.0,0.0,0.0,0.0,0.04423986868074792,385.702188726649,0.0,0.0,-850.3841113757107,0.0,0.0,0.0,0.0,0.0,0.0,0.0,0.0,0.0,0.0,0.0,0.0,0.0,0.0,0.0,0.0,0.0,0.0,0.0,42.2289655588364,130.0713842247963,0.0,0.0,0.0,0.0,0.0,385.702188726649,0.0,-133.37730895711647,0.0,0.0,0.0,-5.027257804623382,0.0,0.0,0.0,0.0,0.0,0.0,0.0,0.0,0.0,0.0,0.0,0.0,0.0,0.0,0.0,0.0,0.0,0.0,-0.04021806243698705,0.0,0.0,2.0109031218493523,-18.727475681071443,0.0,0.0,0.0,0.0,45.23993481925886,0.0,0.0,0.0,3.462775175824646,1.0054515609246761,0.0,0.0,0.0,0.04021806243698705,0.0,40.21806243698705,-12.467599355465982,8.043612487397409,0.2872718745499075,112.20839419919383,-0.030163546827740282,2.01090312184931,0.8043612487397409,-0.2010903121846468,-112.20839419919383,12.065418731096115,-0.04021806243698705,7.676597175160424,117.19632233186145,0.010054515609246762,0.2872718745499075,-23.029791525481272,-31.88863504585558,-0.804361248739724,-519.6553251396272,-0.04021806243698705,0.010054515609246762,-112.20839419919383,4.0218062436987045,0.04021806243698705,0.04021806243698705,-385.6177307955313,-25.441679637206764,0.0,-0.030163546827740282,12.065418731096115,0.04021806243698705,62.06510793179992,29.89065798221028,-0.020109031218493525,-177.9999570944573,-13.220404496765028,-0.030163546827740282,-0.04021806243698705,-12.467599355465982,0.04021806243698705,4.0218062436987045,-0.8043612487397409,9.15838019062933,9.15838019062933,-4.0218062436987045,519.6553251396272,-9.15838019062933,8.043612487397409,0.060327093655480564,380.8580868672737,4.0218062436987045,-135.53369126506445,117.19632233186145,-8.043612487397409,0.020109031218493525,0.40218062436987045,153.89166875021175,96.0,-0.04021806243698705,-394.75125277497114,385.6177307955313,12.467599355465982,0.04021806243698705,31.88863504585558,18.934958206772563,117.19632233186145,-0.04021806243698705,-0.010054515609246762,-117.19632233186145,-0.04021806243698705,-38.978193756301295,0.04021806243698705,-0.010054515609246762,-0.010054515609246762,-0.010054515609246762,16.087224974794818,-29.89065798221028,0.40218062436987045,291.9249985013772,-0.010054515609246762,300.1067403252631,2.0109031218493523,21.5,0.04021806243698705,0.020109031218493525,0.020109031218493525,40.0,12.467599355465982,0.04021806243698705,-12.467599355465982,0.40218062436987045,0.04021806243698705,-816.1818814881258,0.04021806243698705,0.16087224974756964,0.2010903121846468,0.020109031218493525,0.010054515609246762,12.065418731096115,-0.04021806243698705,0.0,0.402180624369862,-583.8499970027544,1.0054515609247119,-4.0218062436987045,8.043612487397409,2.0109031218493523,-0.04021806243698705,23.029791525481272,0.060327093655480564,-0.04021806243698705,-80.0,12.467599355465982,73.35131857456413,0.020109031218493525,-43.0,-0.04021806243698705,-0.04021806243698705,-0.04021806243698705,0.020109031218493525,112.20839419919383,-8.043612487397409,0.04021806243698705,307.7833375004235,-0.010054515609246762,25.441679637206764,-307.7833375004235,6.032709365548057,13.220404496765022,-265.2849122294911,112.20839419919383,-0.030163546827740282,394.75125277497114,-96.0,0.04021806243698705,-0.01005451560924676,2.0109031218493523,40.21806243698705,-0.020109031218493525,-0.04021806243698705,0.010054515609246762,397.79896056133725,0.0,-380.8781958984922,524.2568829867486,-46.0,0.0,117.27745584082697,-31.0,0.0,131.88689854311204,-93.0,-65.0,0.0,-65.94344927155602,23.0,46.5,0.0,15.5,-385.702188726649,-157.68539036506544,0.0,65.0,-157.68539036506544,-117.27745584082697,47.16034569517785,0.0,1496.5981,hclb
34,0.0,0.0,0.0,0.0,0.0,0.0,0.0,0.0,-0.04277641152139805,0.0,0.0,0.0,0.0,0.0,0.0,0.0,-97.16718405192239,0.0,0.0,293.1933308619832,0.0,0.0,0.0,84.04519849822091,0.0,242.0779819561599,0.0,0.0,0.0,0.0,31.44500053690885,-31.44500053690885,30.054641305376986,0.0,0.0,0.0,0.0,264.6162122729419,0.0,-1000.0,619.3038321455315,0.0,0.0,0.0,0.0,0.0,0.0,0.0,0.0,0.0,0.0,0.0,0.0,0.047054052673656144,0.0,0.0,0.0,8.55528230427961,0.0,0.0,-30.81783399339283,0.0,0.0,-30.81783399339283,302.55495179555663,0.0,0.0,0.0,0.0,0.0,0.0,0.42776411521398056,0.0,0.0,0.0,0.0,0.0,0.0,0.0,0.0,0.0,0.0,-181.82037831468202,0.0,25.66584691283883,0.0,6.348101962317299,258.2127669442234,658.6681301089552,-524.828603433057,0.0,0.0,0.0,0.0,12.832923456419415,0.0,12.832923456419415,-32.822400987897645,0.0,0.0,0.0,12.04812205215623,0.0,0.0,0.0,0.0,0.0,0.0,0.0,0.0,0.0,0.0,0.0,0.0,0.0,0.0,0.0,0.0,0.0,0.0,0.0,0.0,0.0,0.0,-637.9175934120204,0.0,0.0,12.832923456419415,0.0,13.260687571633397,0.0,0.0,0.0,0.0,0.0,0.0,875.0000000000008,0.0,0.0,-875.0000000000008,0.0,0.0,0.0,0.0,0.0,191.46226396414696,0.04277641152139805,0.010694102880349513,0.0,0.0,0.0,-621.8506139614179,0.0,0.0,0.0,0.0,12.150653486020559,0.0,0.0,0.0,0.0,0.0,-360.115169222781,-360.115169222781,0.0,0.0,0.0,750.0,0.0,0.0,0.0,-328.62739227435077,0.0,0.0,0.0,-203.96566442434312,0.0,0.0,0.0,0.0,0.0,0.0,0.0,0.0,0.0,0.0,-172.58882931785365,0.0,0.0,0.0,0.0,-1000.0,0.0,0.0,0.0,0.0,0.0,0.0,0.0,-133.83952667589824,133.83952667589824,0.0,0.0,0.0,0.0,0.0,0.0,0.0,0.0,-327.05171978303645,0.0,0.0,0.0,0.0,0.0,0.0,0.0,0.0,0.0,0.0,0.0,0.0,0.0,84.00651665319953,634.1285803989391,97.16718405192239,0.0,0.0,0.0,0.0,80.67958243633879,0.0,0.0,0.0,0.0,-30.81783399339283,97.16718405192239,31.44500053690885,0.0,475.01909084030274,0.0,0.0,0.0,0.0,0.0,0.0,0.0,0.0,0.0,-858.857006843383,-66.34935005852955,124.37324026832516,0.0,-97.16718405192239,0.0,0.0,0.0,0.0,0.0,0.0,0.0,5.160522373737535,0.0,0.0,-869.4650790918836,0.0,0.0,-869.4650790918835,0.0,0.0,524.828603433057,0.0,-98.85896275813843,0.0,0.0,38.66660570836177,0.0,0.0,0.0,-128.94529738264413,0.0,128.94529738264413,0.0,367.05930661032903,0.0,0.0,-246.37213734669766,750.0,0.0,0.0,-30.81783399339283,-0.06416461728209708,0.0,0.0,0.0,0.0,0.04277641152139805,0.0,0.0,0.0,906.4874941072418,-97.16718405192239,0.0,-366.3640447669689,786.1419906370577,0.0,560.6920379062306,0.0,276.43208016219734,0.0,0.0,0.0,0.0,0.0,-3.68304903199249,0.0,-272.74903113020486,0.0,0.0,0.0,0.0,0.0,0.0,0.0,0.0,0.0,0.0,0.0,0.0,0.0,0.0,0.0,0.0,0.0,0.0,475.01909084030274,0.0,0.0,-826.9192400603322,0.0,608.1259235898515,0.0,112.26347379284431,0.0,0.0,-160.0172634272381,0.0,181.82037831468202,0.0,0.0,9.909301476086329,-140.5065206768051,0.0,0.0,0.0,140.5065206768051,0.0,-2.1388205760699024,215.15059301664238,0.0,0.0,-350.3100622532727,0.0,-1.0694102880349512,0.0,0.0,0.0,0.0,0.0,-27.804667488908734,12.832923456419415,0.0,0.0,0.0,0.0,0.0,0.0,0.0,-84.00651665319953,84.00651665319953,84.00651665319953,84.44471769572039,0.0,0.0,-714.8165575946745,0.0,0.0,0.0,0.0,0.0,-48.93946406215106,0.0,0.0,71.44471769572039,0.0,0.0,0.0,0.0,-0.5549570188982429,0.08555282304282466,0.0,0.0,0.0,0.0,0.0,0.0,0.0,0.0,0.0,0.0,0.0,0.0,0.0,0.0,0.0,0.0,0.0,0.0,0.0,0.047054052673656144,0.047054052673656144,31.44500053690885,171.4512343489199,0.0,25.66584691283883,0.0,0.0,0.0,0.0,0.0,279.1746599780944,6.348101962317299,0.0,0.0,337.4364412039056,0.0,0.0,0.0,0.0,0.0,0.0,71.44471769572039,0.0,0.0,0.0,0.0,0.0,0.0,0.0,212.6391978040068,-906.4874941072418,621.8506139614179,287.0848540427375,9.641885649464946,0.0,0.0,0.0,-80.67958243633879,0.0,138.12910159353612,0.0,336.88148418500737,0.0,0.0,0.0,84.00651665319953,0.0,0.0,0.0,0.0,0.0,0.0,0.0,0.0,0.0,0.0,0.0,0.0,0.0,25.66584691283883,0.0,0.0,0.0,0.0,0.0,0.0,0.0,0.0,0.0,0.0,0.0,0.0,0.42776411521398056,0.0,31.44500053690885,6.348101962317299,-6.348101962317299,31.44500053690885,0.0,0.0,0.0,12.832923456419415,0.0,0.0,0.0,0.0,287.0848540427375,0.0,0.0,0.0,0.0,0.0,311.31565697445933,0.0,0.0,12.832923456419415,12.832923456419415,1000.0,0.0,0.0,71.44471769572039,0.0,0.0,0.0,0.0,0.0,0.0,0.0,41.36818421882674,0.04277641152139805,0.0,0.0,-562.5000000000648,618.9923623300026,0.0,0.0,0.0,0.0,0.0,0.0,0.0,0.0,0.0,15.331333816182267,0.0,0.0,0.0,0.0,0.0,0.0,0.0,0.04277641152139805,0.0,0.0,0.0,0.0,0.0,0.0,0.0,0.0,608.1259235898515,0.0,21.80311488744391,0.0,0.0,-826.9192400603322,-3.2082308641048622,-0.027791747393943744,-2.1110288286759604,0.0,0.0,0.0,0.0,0.0,0.0,0.0,0.0,0.0,0.0,0.0,0.0,0.0,0.0,0.0,-25.66584691283883,0.0,0.0,0.0,-0.04277641152139805,0.0,0.0,0.04277641152139805,0.0,0.04277641152139805,45.994001448546804,0.0,0.0,25.66584691283883,52.187222056105625,52.187222056105625,0.0,0.0,0.0,0.0,0.0,0.0,181.82037831468202,621.8506139614179,0.0,0.0,0.0,0.0,0.0,0.0,0.0,0.0,0.0,0.0,0.0,0.0,0.0,0.0,0.0,0.0,0.0,0.0,0.0,80.67958243633879,0.0,-196.0839805076131,196.0839805076131,0.06416461728209708,0.0,0.0,0.0,-12.832923456419415,0.0,0.0,0.0,0.0,0.0,-171.4512343489199,2.1388205760699024,0.0,0.0,0.0,-750.0,0.0,0.0,-2.1110288286759604,0.0,0.0,0.0,0.0,0.0,0.0,0.0,0.0,0.0,0.0,333.5257927707498,87.44471769572039,0.0,678.2953316571384,0.0,0.0,-160.0172634272381,181.82037831468202,-21.80311488744391,0.0,-52.187222056105625,0.0,2.138820576069904,1000.0,0.0,0.0,-31.44500053690885,-61.63566798678566,125.00000000000011,-125.00000000000011,0.0,0.0,0.0,0.0,0.0,0.0,0.0,166.17236758964393,0.0,52.187222056105625,0.0,-875.0,-875.0,906.4450005369088,0.0,0.0,0.0,0.0,0.0,0.0,0.0,0.0,181.0759269412345,-56.492362329937805,0.0,0.0,12.832923456419415,6.348101962317299,0.0,0.0,0.0,-69.90608314215675,0.0,0.0,0.047054052673656144,0.0,0.0,0.0,26.093611028052813,0.0,0.0,0.0,0.0,634.1285803989391,0.0,0.0,0.0,0.0,0.0,0.0,0.0,0.0,0.0,0.0,0.004277641152139805,0.004277641152139805,0.0,0.0,0.0,0.0,0.0,45.994001448546804,0.0,0.0,0.0,-562.5000000000648,31.44500053690885,0.0,0.0,0.0,0.0,171.4512343489199,0.0,0.0,0.0,0.0,0.0,0.0,0.0,0.0,0.0,0.0,0.0,12.696203924634599,0.0,0.0,0.0,0.0,0.0,0.0,25.66584691283883,0.0,0.0,0.0,0.0,0.0,0.0,-25.66584691283883,0.0,12.696203924634599,0.0,0.0,0.0,0.0,0.0,0.0,0.0,31.44500053690885,31.44500053690885,0.0,958.6318157811733,0.0,29.301841892157668,0.0,-12.832923456419415,0.0,826.7481344142466,0.0,0.0,0.0,0.0,0.0,0.0,0.0,0.0,0.0,0.0,0.0,0.0,0.0,0.0,0.0,0.0,0.0,-5.347051440174766,0.0,-13.117532340191133,-3.208230864104865,0.0,0.0,0.0,0.0,0.0,-0.5347051440174757,0.0,48.93946406215106,0.0,0.0,0.0,0.0,0.0,0.0,0.0,1000.0,12.832923456419415,12.832923456419415,0.0,0.0,0.0,0.0,0.0,0.047054052673656144,171.4512343489199,0.0,0.0,-872.7421358627934,0.0,0.0,0.0,0.0,0.0,0.0,0.0,0.0,0.0,0.0,0.0,0.0,0.0,0.0,0.0,0.0,0.0,0.0,0.0,44.91523209746795,0.0,0.0,191.46226396414696,0.0,0.0,0.0,171.4512343489199,0.0,-32.850192735291586,0.0,0.0,0.0,-5.347051440174766,0.0,0.0,0.0,0.0,0.0,0.0,0.0,0.0,0.0,0.0,0.0,0.0,0.0,0.0,0.0,0.0,0.0,0.0,-0.04277641152139805,0.0,0.0,2.1388205760699024,-337.4364412039056,0.0,0.0,0.0,0.0,0.0,0.0,0.0,0.0,3.68304903199249,1.0694102880349512,0.0,0.0,242.0779819561599,0.04277641152139805,0.0,42.776411521398046,-13.260687571633397,8.55528230427961,0.3055457965814146,119.34618814470058,-0.03208230864104854,63.225208210535186,0.855528230427961,45.78011939093978,-119.34618814470058,12.832923456419415,-0.04277641152139805,0.0,71.44471769572039,0.010694102880349513,0.3055457965814146,0.0,-13.158106676523635,30.58947230648089,-196.02614681006082,-0.04277641152139805,0.010694102880349513,-119.34618814470058,4.277641152139805,0.04277641152139805,0.04277641152139805,-171.36140388472487,-6.301047909643762,-30.609598324275225,-0.03208230864104854,12.832923456419415,0.04277641152139805,12.832923456419415,-21.388205760699023,-0.021388205760699025,18.458944838254666,-85.0,-0.03208230864104854,-0.04277641152139805,-13.260687571633397,0.04277641152139805,4.277641152139805,-0.855528230427961,80.67958243633879,80.67958243633879,-4.277641152139805,196.02614681006082,-80.67958243633879,8.55528230427961,0.06416461728209708,90.54322117790252,4.277641152139805,-212.6391978040068,71.44471769572039,-8.55528230427961,0.021388205760699025,0.42776411521398056,91.59101119174223,96.0,-0.04277641152139805,-181.0759269412345,171.36140388472487,13.260687571633397,0.04277641152139805,13.158106676523635,20.11302387004266,71.44471769572039,-0.04277641152139805,-0.010694102880349513,-71.44471769572039,-0.04277641152139805,-0.5549570188982429,0.04277641152128436,-0.010694102880349513,-0.010694102880349513,-0.010694102880349513,17.11056460855922,21.388205760699023,0.42776411521398056,150.09050125648196,-0.010694102880349513,183.18202238348445,2.1388205760699024,2.416299085519024,0.04277641152139805,0.021388205760699025,0.021388205760699025,40.0,13.260687571633397,0.04277641152139805,-13.260687571633397,0.42776411521398056,0.04277641152139805,-386.8875559976034,0.04277641152139805,0.17110564608564932,-45.78011939093978,0.021388205760699025,0.010694102880349513,12.832923456419415,-0.04277641152139805,30.609598324275225,-15.294736153240445,-300.1810025129639,62.15579792250027,-4.277641152139805,8.55528230427961,2.1388205760699024,-0.04277641152139805,0.0,0.06416461728209708,-0.04277641152139805,-80.0,13.260687571633397,293.59862417712156,0.021388205760699025,-4.83259817103805,-0.04277641152139805,-0.04277641152128436,-0.04277641152139805,0.021388205760699025,119.34618814470058,-8.55528230427961,0.04277641152139805,183.18202238348445,-0.010694102880349513,6.301047909643762,-183.18202238348445,6.416461728209707,85.0,-45.78043795536585,119.34618814470058,-0.03208230864104854,181.0759269412345,-96.0,0.04277641152139805,-0.01069410288034951,2.138820576069904,42.776411521398046,-0.021388205760699025,-0.04277641152139805,0.010694102880349513,0.0,0.0,-90.56460938366322,236.79705474112143,-46.0,0.0,23.59219356586051,-31.0,0.0,-32.0,-93.0,-65.0,0.0,16.0,23.0,46.5,0.0,15.5,-171.4512343489199,-223.6925410349648,0.0,65.0,-223.6925410349648,-23.59219356586051,-0.3992357281609781,0.0,1496.5981,hclb
35,0.0,0.0,0.0,0.0,0.0,0.0,0.0,0.0,-0.0032280511683343382,0.0,0.0,0.0,0.0,0.0,0.0,0.0,-186.30862767522083,1000.0,0.0,-648.219543887373,0.0,0.0,0.0,15.833102148566411,0.0,0.0,0.0,0.0,0.0,-315.84367203583355,0.0,0.0,285.0981644719314,0.0,0.0,0.0,0.0,-85.60616547013416,0.0,-150.53309665226794,1000.0,0.0,-599.5255035985776,0.0,0.0,0.0,0.0,0.0,0.0,0.0,0.0,-48.60590099223634,0.0,0.0035508562851652306,0.0,0.0,0.0,0.0,0.0,0.0,70.56887855099998,0.0,264.8972855868567,0.0,0.0,0.0,0.0,0.0,335.0474582300012,522.0508225907959,0.0,0.03228051168334339,0.0,0.0,0.0,0.0,0.0,0.0,0.0,0.0,0.0,0.0,-352.5090510940145,0.0,1.9368307010006032,0.0,40.96889245539428,116.86108536841732,1000.0,-813.6865302480267,-0.0008070127920835846,0.0,0.0,74.63590876454835,0.9684153505003016,0.0,33.23405109680539,0.0,0.0,0.0,0.0,853.2780625667742,-315.84367203583355,0.0,0.0,-5.428994925617762,0.0,0.0,0.0,0.0,0.0,0.0,0.0,0.0,0.0,0.0,0.0,0.0,0.0,0.0,0.0,0.0,0.0,0.0,-864.9843817117369,0.0,0.0,33.23405109680539,0.0,1.000695862183645,0.0,0.0,0.0,0.0,0.0,0.0,0.0,341.2238382282254,-341.2238382282254,-335.4661641378567,0.0,0.0,0.0,0.0,0.0,393.72650348937054,0.0032280511683343382,0.0,0.0,0.0,-27.395253899708365,0.0,0.0,0.0,396.11509191231846,0.0,-54.58456093999955,0.0,0.0,0.0,0.0,0.0,210.79232012151576,210.79232012151576,0.0,0.0,0.0,0.0,0.0,0.0,0.0,210.79554817268408,0.0,0.0,0.0,-516.4563527410342,0.0,0.0,0.0,0.0,0.0,0.0,0.0,0.0,0.0,0.0,-422.8963205160842,0.0,0.0,0.0,0.0,-1000.0,0.0,0.0,0.0,0.0,0.0,0.0,648.131404590814,-186.31346975197334,186.31346975197334,335.4661641378567,0.0,0.0,0.0,0.0,0.0,0.0,0.0,-908.6538627300004,0.0,0.0,0.0,0.0,0.0,0.0,0.0,0.0,0.0,0.0,0.0,0.0,0.0,27.65132620441973,17.952110113347203,-145.9791048797596,0.0,0.0,0.0,0.0,-117.80115376258308,0.0,0.0,0.0,0.0,70.56887855099998,-145.9791048797596,0.0,0.0,0.0,0.0,0.0,0.0,0.0,0.0,606.2734965106295,0.6456102336668677,32.26563574630509,0.0,-1000.0,-413.2120338466043,578.679020207258,0.0,145.9791048797596,0.0,0.0,335.4661641378567,-126.22494040922099,0.0,0.0,0.0,-132.63183469723134,0.0,0.0,-593.401516830659,0.0,0.0,-593.401516830659,0.0,0.0,813.6865302480267,0.0,0.0,0.0,0.0,-208.65874761562083,0.0,0.0,0.0,-264.38268401678465,0.0,264.38268401678465,0.0,87.88241470416456,0.0,0.0,-105.83605621939871,0.0,0.0,0.0,70.56887855099998,-0.004842076752510138,0.0,0.0,0.0,0.0,0.0032280511683343382,0.0,0.0,0.0,142.82744201729156,-186.30862767522083,0.0,-3.6193299504118412,-38.71430925521216,0.0,953.8796613304722,0.0,0.0,0.0,-5.428994925617762,0.0,0.0,0.0,914.1262908205128,-517.7257738673118,-396.4005169532011,-1000.0,-1000.0,0.0,0.0,0.0,0.0,0.0,0.0,0.0,0.0,0.0,0.0,0.0,0.0,0.0,0.0,0.0,0.0,0.0,-667.6677142437281,0.0,-1000.0,352.5090510940145,417.9255390217327,606.1695532630089,0.0,0.0,0.0,-1000.0,0.0,0.0,0.0,0.0,853.1166600083575,182.67831563731062,0.0,573.2802674374045,0.0,0.0,-1000.0,0.0,-1000.0,477.64972002893245,0.0,-1000.0,1000.0,-0.08070127920835846,-0.1614025584167169,85.83787781151864,0.0,0.0,0.0,258.38381008162503,33.23405109680539,0.0,0.0,0.0,0.0,0.0,0.0,0.0,-27.65132620441973,27.65132620441973,27.65132620441973,-161.81511463641846,0.0,74.31609079595864,0.0,0.0,0.0,0.0,0.0,0.0,-112.39062212506815,0.0,0.0,79.35438976633313,0.0,0.0,0.0,0.0,-42.677194883166564,0.006456102336642289,0.0,0.0,0.0,0.0,0.0,0.0,0.0,119.31298991833773,0.0,857.0982808207971,0.0,0.0,0.0,0.0,0.0,0.0,0.0,0.0,0.0,0.0035508562851652306,0.0035508562851652306,0.0,123.00571597075286,0.0,1.9368307010006032,0.0,0.0,0.0,-262.14280612574356,0.0,0.0,40.96889245539428,0.0,0.0,-70.2270274161179,262.14280612574356,0.0,0.0,405.61920049712467,0.0,0.0,79.35438976633313,0.0,0.0,0.0,0.0,0.0,0.0,0.0,288.3281272372456,-142.82744201729156,27.395253899708365,0.0,41.21745239535603,0.0,-143.02910161072526,217.66501037527362,0.0,0.0,-70.2270274161179,0.0,-840.1354907225283,727.2312684232438,0.0,0.0,27.65132620441973,0.0,0.0,0.0,0.0,0.0,0.0,0.0,0.0,0.0,0.0,0.0,0.0,0.0,1.9368307010006032,335.4661641378567,335.4661641378567,0.0,0.0,0.0,0.0,0.0,0.0,0.0,0.0,0.0,0.0,0.03228051168334339,0.0,0.0,40.96889245539428,-40.96889245539428,0.0,648.131404590814,0.0,0.0,33.23405109680539,-405.61920049712467,0.0,0.0,0.0,0.0,0.0,0.0,0.0,0.0,0.0,0.0,-197.1555435289162,0.0,0.9684153505003016,0.9684153505003016,1000.0,262.14280612574356,0.0,79.35438976633313,0.0,0.0,0.0,0.0,0.0,315.84367203583355,0.0,448.5158573726691,0.0032280511683343382,0.0,0.0,0.0,4.263102717952399,259.59849932836937,119.31298991833773,-74.63590876454835,0.0,0.0,0.0,0.0,0.0,0.0,0.0,0.0,0.0,0.0,0.0,0.0,0.0,0.0,0.0032280511683343382,0.0,0.0,0.0,1000.0,-1000.0,0.0,0.0,0.0,417.9255390217327,-393.8304467369911,0.0,-43.60604081830394,0.0,-332.33228575627186,-0.24210383762507548,-0.1614025584167169,0.0,0.0,-874.9999999999999,-875.0,874.9999999999999,0.0,0.0,0.0,0.0,0.0,0.0,0.0,335.4661641378567,0.0,0.0,0.0,258.54521264004177,0.0,0.0,0.0,-0.0032280511683343382,0.0,0.0,0.0032280511683343382,0.0,0.0032280511683343382,0.0,0.0,0.0,1.9368307010006032,3.9382224253678935,3.9382224253678935,0.0,0.0,0.0,0.0,0.0,0.0,0.0,27.395253899708365,0.0,0.0,0.0,0.0,0.0,914.4042260261065,0.0,0.0,0.0,0.0,0.0,0.0,0.0,0.0,0.0,0.0,0.0,0.0,0.0,217.66501037527362,0.0,-540.0814978818406,540.0814978818406,0.004842076752510138,0.0,0.0,0.0,-33.23405109680539,0.0,0.0,0.0,0.0,0.0,-123.00571597075286,0.1614025584167169,0.0,0.0,0.0,0.0,0.0,606.1695532630089,0.0,0.0,0.0,0.0,0.0,0.0,0.0,0.0,335.4661641378567,0.0,405.61920049712467,0.0,95.35438976633313,0.0,91.7496436660415,254.16950440275158,0.0,0.0,0.0,0.0,396.11509191231846,-130.1631628345889,0.0,0.1614025584167169,946.4849638737577,0.0,0.0,0.0,-194.3284070358567,0.0,0.0,0.0,0.0,0.0,0.0,0.0,0.0,0.0,422.41211284083425,0.0,3.9382224253678935,0.0,-111.25909159762264,-111.25909159762267,111.25909159762264,0.0,0.0,0.0,0.0,0.0,606.2734965106295,0.0,0.0,123.7320274836278,-861.3613835387495,135.38572315608292,-599.5255035985776,0.9684153505003016,40.96889245539428,0.0,0.0,0.0,-151.14039827324336,0.0,0.0,0.0035508562851652306,0.0,0.0,0.0,1.9691112126839467,0.0,0.0,0.0,0.0,17.952110113347203,0.0,0.0,0.0,0.0,0.0,0.0,0.0,0.0,0.0,0.0,0.00032280511683344305,0.00032280511683344305,0.0,0.0,0.0,0.0,0.0,0.0,0.0,0.0,0.0,0.0,0.0,0.0,0.0,0.0,0.0,123.00571597075286,0.0,0.0,0.0,0.0,0.0,0.0,0.0,0.0,0.0,0.0,0.0,81.93778491078857,0.0,-372.7053946470006,1000.0,0.0,0.0,0.0,1.9368307010006032,0.0,0.0,0.0,0.0,0.0,0.0,-1.9368307010006032,0.0,81.93778491078857,0.0,0.0,0.0,0.0,0.0,0.0,0.0,0.0,0.0,0.0,-448.5158573726691,-1000.0,916.6154410764156,0.0,-33.23405109680539,0.0,332.3193735515985,0.0,0.0,0.0,0.0,0.0,0.0,0.0,0.0,0.0,0.0,0.0,0.0,0.0,0.0,0.0,0.0,0.0,-0.4035063960417924,335.4661641378567,-853.3587638459826,914.1621221884814,0.0,0.0,0.0,0.0,0.0,0.0,-0.040350639604179235,508.5057140373866,0.0,0.0,0.0,0.0,0.0,0.0,0.0,1000.0,0.9684153505003016,0.9684153505003016,0.0,0.0,0.0,0.0,0.0,0.0035508562851652306,123.00571597075286,0.0,0.0,-332.3193735515985,0.0,0.0,0.0,0.0,0.0,0.0,0.0,0.0,0.0,0.0,0.0,0.0,0.0,0.0,270.0407489409203,0.0,0.0,0.0,0.0,3.3894537267510554,41.21745239535603,0.0,0.0,0.0,0.0,0.0,123.00571597075286,0.0,-0.1614025584167169,0.0,0.0,0.0,-0.4035063960417924,0.0,0.0,0.0,0.0,0.0,0.0,0.0,0.0,0.0,0.0,0.0,0.0,0.0,0.0,0.0,0.0,0.0,0.0,-0.0032280511683343382,0.0,0.0,0.1614025584167169,70.2270274161179,0.0,0.0,0.0,0.0,335.4661641378567,0.0,0.0,0.0,-914.1262908205128,0.08070127920835846,0.0,0.0,0.0,0.0032280511683343382,0.0,3.2280511683343383,-1.000695862183645,0.6456102336668677,0.023057508345245274,9.006262759652806,-0.0024210383762507536,426.7197325625955,0.06456102336668677,-0.01614025584167576,-9.006262759652806,0.9684153505003015,-0.0032280511683343382,1.8096649752059208,79.35438976633313,0.0008070127920835846,0.023057508345245274,-5.428994925617762,-41.48279820139334,-0.0645610233666929,-165.47182843740617,-0.0032280511683343382,0.0008070127920835846,-9.006262759652806,109.73977192465104,0.0032280511683343382,0.0032280511683343382,-122.99893706329937,-40.96534159910912,-57.3188701754931,-0.0024210383762507536,0.9684153505003016,0.0032280511683343382,33.23405109680539,30.651610162137917,-0.0016140255841671691,122.76142096672818,117.47512059458131,-0.0024210383762507536,-0.0032280511683343382,-1.000695862183645,0.0032280511683343382,0.3228051168334338,-0.06456102336668677,217.66501037527362,217.66501037527362,-0.3228051168334338,165.47182843740617,-217.66501037527362,0.6456102336668677,0.004842076752501507,-37.673395028881714,0.3228051168334338,-288.3281272372456,79.35438976633313,-0.6456102336668677,0.0016140255841671691,0.03228051168334339,0.9048324876029603,96.0,-0.0032280511683343382,-123.7320274836278,122.99893706329937,1.000695862183645,0.0032280511683343382,41.48279820139334,-66.20187418979062,79.35438976633313,-0.0032280511683343382,-0.0008070127920835846,-79.35438976633313,-0.0032280511683343382,-42.677194883166564,0.0032280511683343382,-0.0008070127920835846,-0.0008070127920835846,-0.0008070127920835846,1.2912204673337353,-30.651610162137917,0.03228051168334339,2.391582409340515,-0.0008070127920835846,0.0,0.1614025584167169,21.5,0.0032280511683343382,0.0016140255841671691,0.0016140255841671691,40.0,1.000695862183645,0.0032280511683343382,-1.000695862183645,0.03228051168334339,0.0032280511683343382,-2.391582409340515,0.0032280511683343382,0.012912204673284577,0.01614025584167576,0.0016140255841671691,0.0008070127920835846,0.9684153505003016,-0.0032280511683343382,57.3188701754931,0.03228051168334645,-4.78316481868103,426.6390312833871,-0.3228051168334338,0.6456102336668677,0.1614025584167169,-0.0032280511683343382,5.428994925617762,0.004842076752501507,-0.0032280511683343382,-80.0,1.000695862183645,344.74053358286574,0.0016140255841671691,-43.0,-0.0032280511683343382,-0.0032280511683343382,-0.0032280511683343382,0.0016140255841671691,9.006262759652806,-0.6456102336668677,0.0032280511683343382,1.8096649752059206,-0.0008070127920835846,40.96534159910912,-1.8096649752059206,0.48420767525015074,-117.47512059458131,-415.03765838240383,9.006262759652806,-0.0024210383762507536,123.7320274836278,-96.0,0.0032280511683343382,-0.0008070127920835844,0.1614025584167169,3.2280511683343383,-0.0016140255841671691,-0.0032280511683343382,0.0008070127920835846,1000.0,0.0,37.671781003297546,0.0,-46.0,0.0,374.48317290868965,-31.0,109.4169668078176,-32.0,-93.0,-65.0,0.0,16.0,23.0,46.5,-109.4169668078176,15.5,-123.00571597075286,-193.60013530962235,0.0,65.0,-193.60013530962235,-374.48317290868965,220.18112099082342,0.0,1496.5981,hclb
36,0.0,0.0,0.0,0.0,0.0,0.0,0.0,0.0,-0.016588615034480073,0.0,0.0,0.0,0.0,0.0,0.0,0.0,252.2667836520389,-624.249999999999,0.0,875.2428356910397,0.0,0.0,0.0,0.0,0.0,0.0,0.0,0.0,0.0,127.5096193430785,0.0,0.0,29.348532600197878,0.0,0.0,0.0,0.0,215.36105250084933,0.0,-1000.0,228.76606380430943,0.0,-480.3812393340988,0.0,0.0,0.0,0.0,0.0,-860.1576423292162,0.0,0.0,0.0,0.0,0.018247476537915017,0.0,0.0,0.0,3.3177230068960144,0.0,0.0,-40.41446190365211,0.0,596.061327501177,395.8526642184961,0.0,0.0,0.0,0.0,917.2388352511266,-917.2388352511266,0.0,0.16588615034480075,0.0,0.0,0.0,0.0,0.0,0.0,0.0,62.39521928246743,0.0,0.0,-350.7076836461074,0.0,9.953169020688044,0.0,92.21829166595853,460.79638556137354,650.3540924588832,0.0,865.2756467750179,0.0,0.0,0.0,4.976584510344022,0.0,4.976584510344022,0.0,0.0,0.0,0.0,75.833415804393,-656.7666332034077,0.0,0.0,-1.2848590075401236,0.0,0.0,0.0,0.0,0.0,0.0,0.0,0.0,0.0,0.0,0.0,0.0,0.0,0.0,0.0,0.0,0.0,0.0,-371.4617789586928,0.0,0.0,4.976584510344022,0.0,5.142470660688823,3.0260152741005015,0.0,375.0000000000002,0.0,-375.0000000000002,375.0000000000002,-1000.0,0.0,0.0,840.2057986209712,0.0,0.0,0.0,0.0,0.0,444.2032986697209,0.016588615034480073,865.2797939287765,0.0,0.0,0.0,0.0,0.0,0.0,350.7076836461074,0.0,13.615621903000374,0.0,0.0,0.0,0.0,0.0,280.73681413782117,280.73681413782117,0.0,0.0,0.0,0.0,0.0,0.0,0.0,280.75340275285566,0.0,0.0,0.0,603.2153496824716,0.0,0.0,0.0,0.0,0.0,0.0,0.0,0.0,0.0,0.0,-622.2386893863381,0.0,0.0,0.0,0.0,-1000.0,0.0,0.0,0.0,0.0,0.0,0.0,480.3812393340988,-650.3540924588832,650.3540924588832,54.66616789342264,0.0,0.0,0.0,0.0,0.0,0.0,784.2762525464861,-127.63555512323188,0.0,0.0,0.0,0.0,0.0,0.0,0.0,0.0,0.0,0.0,0.0,0.0,0.0,223.48852292497185,10.88868521881744,0.0,0.0,0.0,0.0,105.12803348560614,74.25424623734936,0.0,0.0,0.0,0.0,-40.41446190365211,0.0,0.0,0.0,0.0,0.0,0.0,0.0,0.0,0.0,425.94305637240416,0.0,0.0,0.0,0.0,820.3269455836676,-569.3341098926271,0.0,0.0,0.0,0.0,159.79420137902878,183.8511561788385,0.0,0.0,0.0,-493.18386181779033,0.0,0.0,-50.94664364659084,0.0,0.0,-50.94664364659084,0.0,0.0,0.0,0.0,0.0,0.0,0.0,-76.58614763637159,0.0,0.0,0.0,0.0,0.0,0.0,0.0,4.065350524911082,0.0,105.12803348560614,0.0,0.0,0.0,0.0,-40.41446190365211,-0.024882922551720105,0.0,0.0,0.0,0.0,0.016588615034480073,0.0,0.0,0.0,440.1599449864799,252.2667836520389,0.0,-320.680925730819,181.3151013718176,0.0,217.01728868243146,0.0,305.0125042780242,0.0,-1.2848590075401236,0.0,0.0,0.0,-1.428279754468721,0.0,-303.58422452355546,0.0,0.0,0.0,0.0,0.0,0.0,0.0,0.0,0.0,0.0,0.0,0.0,0.0,0.0,0.0,0.0,0.0,0.0,0.0,215.4274069609873,0.0,0.0,350.7076836461074,0.0,425.408902968294,0.0,0.0,0.0,-870.146355042125,0.0,0.0,0.0,618.5713828457826,75.003985052669,0.0,0.0,-38.3314232780585,801.9014598288506,-917.2388352511266,345.482485975743,0.0,-337.32372846615453,0.0,0.0,0.0,0.0,-802.3161752047126,-0.8294307517240036,0.0,0.0,453.90525001601657,-125.00000000000011,0.0,4.976584510344022,-125.00000000059686,125.00000000059686,0.0,0.0,0.0,0.0,0.0,-223.48852292497185,223.48852292497185,223.48852292497185,90.96713600064412,0.0,0.0,0.0,0.0,0.0,784.2762525464861,0.0,0.0,-56.186541854415964,0.0,0.0,16.72535963222199,0.0,0.0,0.0,0.0,5.912100708473417,0.03317723006894176,0.0,0.0,0.0,0.0,0.0,0.0,0.0,0.0,0.0,0.0,0.0,0.0,0.0,0.0,0.0,0.0,0.0,0.0,0.0,0.018247476537915017,0.018247476537915017,0.0,316.17079991807583,0.0,9.953169020688044,0.0,0.0,0.0,56.07767271059229,0.0,0.0,92.21829166595853,0.0,0.0,230.10672013200963,-56.07767271059229,0.0,0.0,0.0,0.0,0.0,16.72535963222199,0.0,0.0,0.0,0.0,0.0,0.0,0.0,123.82059298623092,-440.1599449864799,0.0,0.0,93.4956150236135,0.0,0.0,0.0,-128.920414130772,0.0,230.10672013200963,0.0,236.01882084048304,0.0,0.0,0.0,223.48852292497185,0.0,0.0,0.0,0.0,0.0,0.0,0.0,0.0,0.0,0.0,0.0,0.0,0.0,9.953169020688044,159.79420137902878,159.79420137902878,0.0,0.0,0.0,0.0,0.0,0.0,0.0,0.0,0.0,0.0,0.16588615034480075,0.0,0.0,92.21829166595853,-92.21829166595853,0.0,480.3812393340988,0.0,0.0,4.976584510344022,0.0,0.0,0.0,0.0,0.0,0.0,0.0,0.0,0.0,0.0,279.03880993596897,0.0,0.0,4.976584510344022,4.976584510344022,187.24425523702587,-56.07767271059229,0.0,16.72535963222199,0.0,0.0,0.0,0.0,0.0,656.7666332034077,784.2762525464861,365.8816001626427,0.016588615034480073,0.0,0.0,0.0,9.803574858776713,0.0,0.0,0.0,0.0,0.0,0.0,0.0,0.0,0.0,0.0,0.0,0.0,0.0,0.0,0.0,0.0,0.0,0.016588615034480073,0.0,0.0,0.0,0.0,0.0,0.0,0.0,0.0,0.0,-662.3651023065194,1000.0,0.0,0.0,-997.7997567282989,-1.2441461275860055,-0.8294307517240034,0.0,0.0,-375.0,-375.0,375.0,0.0,0.0,0.0,0.0,0.0,0.0,0.0,159.79420137902878,0.0,0.0,0.0,454.73468076774054,0.0,0.0,0.0,-0.016588615034480073,0.0,0.0,0.016588615034480073,0.0,0.016588615034480073,0.0,0.0,0.0,9.953169020688044,20.23811034206569,20.23811034206569,0.0,0.0,0.0,0.0,0.0,0.0,0.0,0.0,0.0,784.2762525464861,0.0,0.0,0.0,0.0,0.0,0.0,0.0,0.0,0.0,0.0,0.0,0.0,0.0,0.0,0.0,0.0,0.0,128.920414130772,0.0,0.0,0.0,0.024882922551720105,0.0,0.0,0.0,-4.976584510344022,0.0,0.0,0.0,0.0,0.0,-316.17079991807583,0.8294307517240036,0.0,0.0,0.0,0.0,0.0,0.0,0.0,0.0,0.0,0.0,0.0,0.0,0.0,0.0,159.79420137902878,0.0,0.0,-298.36204318355203,92.68227699310398,0.0,61.68227699310398,-1.2848590075401236,782.3723497673117,-207.78125273560568,0.0,-574.591097031706,350.7076836461074,163.6130458367728,0.0,0.8294307517240036,837.25636659283,0.0,0.0,0.0,-240.62312518633303,0.0,0.0,0.0,0.0,0.0,0.0,0.0,0.0,0.0,939.653635432,-319.90323830083366,20.23811034206569,0.0,152.48181680475477,152.48181680475477,-152.48181680475477,0.0,0.0,0.0,0.0,0.0,425.94305637240416,0.0,0.0,0.0,-9.803574858776713,781.3719709779026,-480.3812393340988,4.976584510344022,92.21829166595853,0.0,0.0,0.0,-66.84840369392563,0.0,0.0,0.018247476537915017,0.0,0.0,0.0,10.119055171032844,0.0,0.0,0.0,0.0,10.88868521881744,0.0,0.0,0.0,0.0,0.0,0.0,0.0,0.0,-1000.0,0.0,0.0016588615034480547,0.0016588615034480547,0.0,0.0,0.0,0.0,0.0,0.0,0.0,0.0,0.0,0.0,0.0,0.0,0.0,0.0,0.0,316.17079991807583,0.0,0.0,0.0,0.0,0.0,0.0,0.0,0.0,0.0,0.0,0.0,184.43658333191706,1000.0,0.0,-624.249999999999,0.0,0.0,0.0,9.953169020688044,0.0,0.0,0.0,0.0,0.0,0.0,-9.953169020688044,0.0,184.43658333191706,0.0,0.0,0.0,0.0,0.0,0.0,0.0,0.0,0.0,0.0,634.1183998373573,0.0,11.36320129861885,0.0,-4.976584510344022,0.0,215.36105250084933,0.0,0.0,0.0,0.0,0.0,0.0,0.0,0.0,0.0,437.49999999999994,0.0,-437.5,-437.49999999999994,0.0,0.0,0.0,0.0,-2.073576879310009,159.79420137902878,-76.248131180255,318.6590921732478,0.0,0.0,0.0,0.0,0.0,0.0,-0.20735768793100093,406.89422550052336,0.0,0.0,0.0,0.0,0.0,0.0,0.0,1000.0,4.976584510344022,4.976584510344022,0.0,0.0,0.0,0.0,62.39521928246743,0.018247476537915017,316.17079991807583,0.0,0.0,-215.36105250084933,0.0,0.0,0.0,0.0,0.0,0.0,0.0,0.0,0.0,0.0,0.0,0.0,0.0,0.0,0.0,0.0,0.0,3.0260152741005015,0.0,17.418045786204075,0.0,0.0,93.4956150236135,0.0,0.0,0.0,316.17079991807583,0.0,424.57947221657,0.0,0.0,0.0,-2.073576879310009,0.0,0.0,0.0,0.0,0.0,0.0,0.0,0.0,0.0,0.0,0.0,0.0,0.0,0.0,0.0,0.0,0.0,0.0,-0.016588615034480073,0.0,0.0,0.8294307517240036,-230.10672013200963,0.0,0.0,0.0,0.0,159.79420137902878,0.0,0.0,0.0,1.428279754468721,0.4147153758620018,0.0,0.0,0.0,0.016588615034480073,0.0,16.58861503448007,-2.1164553865883207,3.317723006896015,0.11849010738914337,52.33426649440041,-0.012441461275860053,38.3314232780585,0.33177230068960145,-0.08294307517239587,-52.33426649440041,4.976584510344022,-0.016588615034480073,0.4282863358467079,16.72535963222199,0.004147153758620018,0.11849010738914337,-1.2848590075401236,-94.85919917944761,-0.33177230068960145,-503.2596193430796,-0.016588615034480073,0.004147153758620018,-52.33426649440041,1.6588615034480072,0.016588615034480073,0.016588615034480073,-316.1359638265034,-92.20004418942061,-20.866713876644212,-0.012441461275860053,4.976584510344022,0.016588615034480073,4.976584510344022,-8.294307517240036,-0.008294307517240036,9.820809988724086,-75.92969635583185,-0.012441461275860053,-0.016588615034480073,-2.1164553865883207,0.016588615034480073,1.6588615034480072,-0.33177230068960145,128.920414130772,128.920414130772,-1.6588615034480072,503.2596193430796,-128.920414130772,3.3177230068960144,0.024882922551720105,-256.8367921207405,1.6588615034480072,-123.82059298623092,16.72535963222199,-3.3177230068960144,0.008294307517240036,0.16588615034480075,80.17023143270475,96.0,-0.016588615034480073,-319.90323830083366,316.1359638265034,5.142470660688823,0.016588615034480073,94.85919917944761,-3.180978409154078,16.72535963222199,-0.016588615034480073,-0.004147153758620018,-16.72535963222199,-0.016588615034480073,5.912100708473417,0.016588615034480073,-0.004147153758620018,-0.004147153758620018,-0.004147153758620018,6.635446013792029,8.294307517240036,0.16588615034480075,138.41104052841393,-0.004147153758620018,159.9121765295628,0.8294307517240036,-2.1266196025127053,0.016588615034480073,0.008294307517240036,0.008294307517240036,-42.54247542324407,2.1164553865883207,0.016588615034480073,-2.1164553865883207,0.16588615034480075,0.016588615034480073,-390.6529412579011,0.01658861503448009,0.06635446013797264,0.08294307517239587,0.008294307517240036,0.004147153758620018,4.976584510344022,-0.016588615034480073,20.866713876644212,0.16588615034480073,-276.82208105682787,37.9167079021965,-1.6588615034480072,3.3177230068960144,0.8294307517240036,-0.01658861503448009,1.2848590075401236,0.024882922551720105,-0.016588615034480073,85.08495084648814,2.1164553865883207,310.6916892119292,0.008294307517240036,4.253239205025411,-0.016588615034480073,-0.016588615034480073,-0.016588615034480073,0.008294307517240036,52.33426649440041,-3.3177230068960144,0.016588615034480073,160.3404628654095,-0.004147153758620018,92.20004418942061,-160.3404628654095,2.4882922551720106,75.92969635583185,-139.44008556052145,52.33426649440041,-0.012441461275860053,319.90323830083366,-96.0,0.016588615034480073,-0.004147153758620017,619.4008135975066,16.58861503448007,-0.008294307517240036,-0.016588615034480073,0.004147153758620018,1000.0,0.0,256.82849781322324,252.24190072948716,-46.0,0.0,556.5328123949864,-31.0,0.0,-32.0,-93.0,-65.0,0.0,16.0,23.0,46.5,0.0,15.5,-316.17079991807583,-243.84328551800357,0.0,65.0,-243.84328551800357,-556.5328123949864,279.02746465034625,0.0,1496.5981,hclb
37,0.0,0.0,0.0,0.0,0.0,0.0,0.0,0.0,-0.009076085458691121,0.0,0.0,0.0,0.0,0.0,0.0,0.0,1000.0,-189.97498947984144,0.0,-1000.0,0.0,0.0,0.0,0.0,0.0,0.0,0.0,0.0,0.0,-868.6555938821094,0.0,0.0,6.502148522864971,0.0,0.0,0.0,0.0,-130.88813113591203,0.0,-1000.0,1000.0,0.0,0.0,-1000.0,0.0,0.0,0.0,509.1148873981956,-377.48196855502573,0.0,0.0,-736.9020630946225,0.0,0.009983694004588983,0.0,0.0,0.0,510.93010448993385,0.0,0.0,96.92659856547918,0.0,0.0,-261.4317743997526,0.0,0.0,0.0,0.0,612.4392219511869,-612.4392219511869,0.0,0.09076085458691122,0.0,0.0,0.0,0.0,0.0,0.0,0.0,0.0,0.0,0.0,-9.845815047502725,0.0,5.445651275214673,0.0,21.72689183020271,-774.6975420097191,584.7225525298777,-313.1140007003617,362.8281894832266,0.0,0.0,-321.4349225659559,2.7228256376073365,0.0,2.7228256376073365,0.0,0.0,0.0,0.0,0.45380427293455594,-868.6555938821094,0.0,0.0,-24.29726998849793,612.178367532255,0.0,0.0,0.0,0.0,0.0,0.0,0.0,0.0,0.0,0.0,0.0,0.0,0.0,0.0,0.0,0.0,0.0,-747.0253561553295,0.0,0.0,2.7228256376073365,0.0,2.8135864921942475,2.8135864921942475,0.0,-755.530262872418,0.0,755.530262872418,-755.530262872418,-358.3583729652318,0.0,0.0,0.0,0.0,0.0,0.0,0.0,0.0,32.271565458024654,0.009076085458691121,362.83045850459126,0.0,0.0,143.34087412198176,-755.5192416542368,0.0,0.0,9.845815047502725,0.0,-134.71893656608304,0.0,0.0,0.0,0.0,0.0,577.3193295747001,577.3193295747001,0.0,0.0,0.0,0.0,-215.71414155844298,0.0,0.0,577.3284056601588,0.0,0.0,0.0,213.96816238838727,0.0,0.0,0.0,0.0,0.0,0.0,0.0,0.0,0.0,0.0,0.0,0.0,0.0,0.0,0.0,-1000.0,0.0,0.0,0.0,0.0,0.0,0.0,736.9020630946225,415.2774474701223,-415.2774474701223,160.26453385413237,0.0,0.0,0.0,0.0,0.0,0.0,0.0,-937.9497277740746,0.0,0.0,0.0,0.0,0.0,0.0,0.0,0.0,0.0,0.0,0.0,0.0,0.0,51.43584092213524,-39.369565816523554,-490.76450065748736,0.0,0.0,0.0,198.09383911109944,84.0833153686722,0.0,0.0,0.0,0.0,96.92659856547918,509.23549934251264,0.0,0.0,0.0,0.0,0.0,0.0,0.0,0.0,744.8454946311634,0.0,0.0,0.0,686.8723851714503,856.3174902312055,0.0,0.0,490.76450065748736,0.0,0.0,358.3583729652318,462.47958813919723,0.0,0.0,0.0,-131.23095504965693,0.0,0.0,-798.8780230598626,0.0,0.0,-798.8780230598626,0.0,0.0,1000.0,0.0,-359.4200945395968,0.0,0.0,-213.39839780866782,0.0,0.0,0.0,-1000.0,0.0,1000.0,0.0,512.1295779986333,0.0,198.09383911109944,0.0,0.0,0.0,0.0,96.92659856547918,-0.01361412818803668,0.0,0.0,0.0,0.0,0.009076085458691121,0.0,0.0,0.0,8.083830508424606,1000.0,0.0,-16.198179992331955,-473.42310858981017,0.0,875.5827692817886,0.0,1000.0,0.0,-24.29726998849793,0.0,0.0,0.0,-0.7814509579933341,0.7814509579933341,-1000.0,-1000.0,-1000.0,0.0,0.0,0.0,0.0,0.0,0.0,0.0,0.0,0.0,0.0,0.0,0.0,0.0,0.0,0.0,0.0,0.0,-1000.0,0.0,-869.1481732059226,9.845815047502725,0.0,744.5532446793937,0.0,590.8013343628708,0.0,-777.117060089188,0.0,0.0,0.0,97.02835451676505,0.0,-326.2725660929028,0.0,869.2681446120158,0.0,-286.9481068162775,0.0,-697.7829999735434,890.7506964131073,0.0,0.0,-869.7219488849504,1000.0,-0.226902136467278,697.3291957006088,814.2276015808235,0.0,-849.8445359097578,-838.473344300467,189.85751298948514,2.7228256376073365,0.0,0.0,0.0,519.0999231814378,0.0,0.0,0.0,-51.43584092213524,51.43584092213524,51.43584092213524,-426.862699211025,0.0,0.0,0.0,0.0,0.0,0.0,0.0,0.0,-121.05139217386801,0.0,0.0,127.14005635581871,0.0,0.0,0.0,0.0,-42.09239145413089,0.01815217091738024,0.0,0.0,0.0,0.0,0.0,0.0,0.0,0.0,0.0,0.0,0.0,0.0,0.0,0.0,0.0,0.0,0.0,0.0,0.0,0.009983694004588983,0.009983694004588983,0.0,145.62062383039702,0.0,5.445651275214673,0.0,0.0,0.0,1000.0,0.0,7.12716197727679,21.72689183020271,0.0,0.0,-426.9485148753357,-1000.0,0.0,0.0,0.0,0.0,0.0,127.14005635581871,0.0,0.0,0.0,0.0,0.0,0.0,0.0,249.00845205177652,-8.083830508424606,0.0,0.0,22.42575041052193,0.0,0.0,-321.4349225659559,-565.7827717887604,0.0,-426.9485148753357,0.0,-469.0409063294666,0.0,0.0,0.0,51.43584092213524,0.0,0.0,0.0,0.0,0.0,0.0,0.0,0.0,0.0,0.0,0.0,0.0,0.0,5.445651275214673,358.3583729652318,358.3583729652318,0.0,0.0,0.0,0.0,0.0,0.0,0.0,0.0,0.0,0.0,0.09076085458691122,0.0,0.0,21.72689183020271,-21.72689183020271,0.0,736.9020630946225,0.0,0.0,2.7228256376073365,0.0,0.0,0.0,0.0,0.0,0.0,0.0,0.0,0.0,0.0,545.9584231199858,0.0,0.0,2.7228256376073365,2.7228256376073365,1000.0,-1000.0,0.0,127.14005635581871,0.0,0.0,0.0,0.0,0.0,868.6555938821094,0.0,1000.0,0.009076085458691121,0.0,0.0,0.0,0.731921463061591,0.0,0.0,321.4349225659559,0.0,0.0,0.0,0.0,0.0,0.0,0.0,0.0,0.0,0.0,0.0,0.0,0.0,0.0,0.009076085458691121,0.0,0.0,0.0,-1000.0,1000.0,0.0,0.0,0.0,0.0,-141.3776405261383,1000.0,0.0,0.0,-760.3343480895785,-0.6807064094018341,-0.453804272934556,0.0,0.0,0.0,0.0,0.0,0.0,0.0,0.0,0.0,0.0,0.0,0.0,358.3583729652318,0.0,0.0,0.0,-659.5332186473381,0.0,0.0,0.0,-0.009076085458691121,0.0,0.0,0.009076085458691121,0.0,0.009076085458691121,0.0,0.0,0.0,5.445651275214673,11.072824259603168,11.072824259603168,0.0,0.0,0.0,0.0,0.0,0.0,0.0,0.0,0.0,0.0,0.0,0.0,0.0,0.0,0.0,0.0,0.0,0.0,0.0,0.0,0.0,0.0,0.0,0.0,0.0,0.0,0.0,244.34784922280454,0.0,0.0,0.0,0.01361412818803668,0.0,0.0,0.0,-2.7228256376073365,0.0,0.0,0.0,0.0,0.0,-145.62062383039702,0.45380427293455594,0.0,0.0,0.0,0.0,215.71414155844298,-255.9005595935408,0.0,0.0,0.0,0.0,0.0,0.0,0.0,0.0,358.3583729652318,0.0,0.0,-624.9999999999993,94.18478290826178,0.0,63.184782908261774,-24.29726998849793,891.1861748836559,-891.6399791565905,0.0,0.453804272934556,9.845815047502725,451.40676387959405,0.0,0.453804272934556,1000.0,0.0,62.629178558340186,0.0,-164.50517583427342,-374.9999999999997,374.9999999999997,0.0,0.0,0.0,0.0,0.0,0.0,0.0,-0.6807064094018375,-0.6807064094016368,11.072824259603168,0.0,0.0,0.0,0.0,0.0,0.0,0.0,0.0,0.0,744.8454946311634,0.0,0.0,146.9820366492007,-0.731921463061591,0.0,0.0,2.7228256376073365,21.72689183020271,0.0,0.0,0.0,-309.4828006463341,0.0,0.0,0.009983694004588983,0.0,0.0,0.0,5.536412129801584,0.0,0.0,0.0,0.0,-39.369565816523554,0.0,612.178367532255,0.0,0.0,0.0,0.0,0.0,0.0,-656.5787403458129,0.0,0.000907608545869112,0.000907608545869112,0.0,0.0,0.0,0.0,0.0,0.0,0.0,0.0,0.0,0.0,0.0,0.0,0.0,0.0,0.0,145.62062383039702,0.0,0.0,0.0,0.0,0.0,0.0,0.0,0.0,0.0,0.0,0.0,43.45378366040542,1000.0,0.0,-189.97498947984144,0.0,0.0,0.0,5.445651275214673,0.0,0.0,0.0,0.0,0.0,0.0,-5.445651275214673,0.0,43.45378366040542,0.0,0.0,0.0,0.0,0.0,0.0,0.0,0.0,0.0,0.0,-1000.0,-1000.0,6.217118539203418,0.0,-2.7228256376073365,0.0,-130.88813113591203,0.0,0.0,0.0,0.0,0.0,0.0,0.0,0.0,0.0,0.0,0.0,0.0,0.0,0.0,0.0,0.0,0.0,-1.1345106823363902,358.3583729652318,-0.6807064094018341,0.0,0.0,0.0,0.0,0.0,0.0,-170.09375261141236,169.9803015431787,130.89720722137073,0.0,0.0,0.0,0.0,0.0,0.0,0.0,1000.0,2.7228256376073365,2.7228256376073365,0.0,0.0,0.0,0.0,0.0,0.009983694004588983,145.62062383039702,0.0,0.0,130.88813113591203,0.0,0.0,0.0,0.0,0.0,0.0,0.0,0.0,0.0,0.0,0.0,0.0,0.0,0.0,0.0,0.0,0.0,2.8135864921942475,0.0,9.529889731625678,22.42575041052193,0.0,0.0,0.0,0.0,0.0,145.62062383039702,0.0,1000.0,0.0,0.0,0.0,-1.1345106823363902,0.0,0.0,0.0,0.0,0.0,0.0,0.0,0.0,0.0,0.0,0.0,0.0,0.0,0.0,0.0,0.0,0.0,0.0,-0.009076085458691121,0.0,0.0,0.45380427293455594,426.9485148753357,0.0,0.0,0.0,0.0,358.3583729652318,0.0,0.0,0.0,0.7814509579933341,0.226902136467278,0.0,0.0,0.0,0.009076085458691121,0.0,9.07608545869112,0.0,1.815217091738224,0.06482918184779371,30.949451414136725,-0.00680706409401834,0.453804272934556,0.1815217091738224,-0.045380427293366665,-30.949451414136725,2.722825637607336,-0.009076085458691117,8.099089996165977,127.14005635581871,0.0022690213646727802,0.06482918184779371,-24.29726998849793,-23.17180463522604,-0.1815217091738224,189.97498947984144,-0.009076085458691121,0.0022690213646727802,-30.949451414136725,83.4606828098712,0.009076085458691117,0.009076085458691121,-145.60156405093375,-21.71690813619815,0.0,-0.00680706409401834,2.7228256376073365,0.009076085458691121,2.7228256376073365,-4.538042729345561,-0.0045380427293455605,183.3134765430789,-85.0,-0.00680706409401834,-0.009076085458691121,0.0,0.009076085458691121,0.907608545869112,-0.1815217091738224,244.34784922280454,244.34784922280454,-0.9076085458691097,-189.97498947984144,-244.34784922280454,1.815217091738224,0.01361412818803668,-1000.0,0.907608545869112,-249.00845205177652,127.14005635581871,-1.815217091738224,0.0045380427293455605,0.09076085458691122,4.049544998082989,96.0,-0.009076085458691121,-147.66274305860233,145.60156405093375,2.8135864921942475,0.009076085458691121,23.17180463522604,33.695679541387136,127.14005635581871,-0.009076085458691121,-0.0022690213646727802,-127.14005635581871,-0.009076085458691121,-654.2707589863859,0.009076085458673333,-0.0022690213646727802,-0.0022690213646727802,-0.0022690213646727802,3.630434183476448,4.538042729345561,0.09076085458691122,6.724244814204383,-0.0022690213646727802,0.0,0.453804272934556,21.5,0.009076085458691121,0.0045380427293455605,0.0045380427293455605,-34.569282831771254,0.0,0.009076085458691121,0.0,0.09076085458691122,0.009076085458691121,-6.724244814204383,0.00907608545869112,0.03630434183469333,0.045380427293366665,0.0045380427293455605,0.0022690213646727802,2.7228256376073365,-0.009076085458691121,0.0,0.0907608545869112,-13.448489628408765,0.22690213646727814,-0.907608545869112,1.8152170917382238,0.453804272934556,-0.00907608545869112,24.29726998849793,0.01361412818803668,-0.009076085458691121,69.13856566354251,0.0,343.20281461604804,0.0045380427293455605,-43.0,-0.009076085458691121,-0.009076085458673333,-0.009076085458691121,0.0045380427293455605,30.949451414136725,-1.8152170917382238,0.009076085458691121,8.099089996165977,-0.0022690213646727802,21.71690813619815,-8.099089996165977,1.3614128188036678,85.0,503.90088761242805,30.949451414136725,-0.00680706409401834,147.66274305860233,-96.0,0.009076085458691121,-0.0022690213646727802,97.48215878969961,9.07608545869112,-0.0045380427293455605,-0.009076085458691121,0.0022690213646727802,654.1682413511671,0.0,313.1094626576323,0.0,-46.0,0.0,283.76647502460685,-31.0,82.55307426400209,107.92089910985007,-69.755171073653,-65.0,-686.8859992996383,-53.960449554925034,23.0,34.8775855368265,-82.55307426400209,15.5,-145.62062383039702,-33.72001396971391,686.8859992996383,65.0,-33.72001396971391,-283.76647502460685,124.58159346867531,0.0,1496.5981,hclb
38,0.0,0.0,0.0,0.0,0.0,0.0,0.0,0.0,-0.046110031849006076,0.0,0.0,0.0,0.0,0.0,0.0,0.0,74.06460419937683,103.9741996010762,0.0,0.0,0.0,0.0,0.0,0.0,0.0,0.0,0.0,0.0,0.0,-242.0325510378167,0.0,0.0,430.493256517634,0.0,0.0,0.0,0.0,999.8155598726048,0.0,-1000.0,1000.0,0.0,0.0,-832.0320531615602,0.0,0.0,0.0,0.0,1000.0,0.0,0.0,0.0,0.0,0.050721035033993445,0.0,0.0,0.0,9.222006369801216,0.0,0.0,71.30786690386071,0.0,0.0,-154.79800422222738,0.0,0.0,0.0,0.0,115.13752841890384,329.21198103167563,0.0,0.46110031849006083,0.0,0.0,0.0,0.0,0.0,0.0,0.0,0.0,0.0,0.0,-170.53510603874736,0.0,27.66601910940365,0.0,0.0,-196.65915461141662,-196.65915461141662,535.0887405738181,-0.011527507962251519,0.0,0.0,297.2932050907323,13.833009554701825,0.0,13.833009554701825,0.0,469.40028360857224,0.0,0.0,422.40717640507876,-1000.0,0.0,0.0,-3.0982968055527036,0.0,0.0,0.0,0.0,0.0,0.0,0.0,0.0,0.0,0.0,0.0,0.0,0.0,0.0,0.0,0.0,0.0,0.0,-1000.0,0.0,0.0,13.833009554701825,0.0,14.294109873191886,14.294109873191886,0.0,-47.520544741386544,0.0,47.520544741386544,-47.520544741386544,-226.1058711260881,1000.0,-1000.0,0.0,0.0,0.0,0.0,0.0,0.0,174.08557849112083,0.04611003184902529,0.0,0.0,0.0,750.0000000000002,-825.5536344792613,0.0,0.0,0.0,0.0,-232.65110599159084,0.0,0.0,0.0,0.0,0.0,467.2750162980594,467.2750162980594,0.0,0.0,0.0,0.0,885.1402994507728,0.0,0.0,467.32112632990845,0.0,0.0,0.0,-116.20809855545167,0.0,0.0,0.0,0.0,0.0,0.0,0.0,0.0,0.0,0.0,-78.22437168121172,0.0,0.0,0.0,0.0,-1000.0,0.0,0.0,0.0,0.0,0.0,0.0,0.0,196.65915461141662,-196.65915461141662,31.810923997180225,0.0,0.0,0.0,0.0,0.0,0.0,757.9674489621833,-874.4321258716659,0.0,0.0,0.0,0.0,0.0,0.0,0.0,0.0,0.0,0.0,0.0,0.0,0.0,171.73777350478758,50.9976472188635,-832.0320531615602,0.0,0.0,0.0,194.29494712890786,80.34288678325036,0.0,0.0,0.0,0.0,71.30786690386071,0.0,0.0,0.0,0.0,0.0,0.0,0.0,0.0,0.0,1.4847430255371137,0.0,0.0,0.0,317.3072190703739,-76.01109015245937,1000.0,0.0,832.0320531615602,0.0,0.0,226.1058711260881,-4.7032232485986585,0.0,0.0,0.0,-458.99947089963644,0.0,0.0,0.0,0.0,0.0,-1000.0,999.9999999999999,-999.9999999999999,0.0,0.0,-502.70749117609057,0.0,0.0,45.08139782468011,0.0,0.0,0.0,-532.3305421071037,0.0,532.3305421071037,0.0,1000.0,0.0,194.29494712890786,1000.0,0.0,0.0,0.0,71.30786690386071,-0.06916504777350911,0.0,0.0,0.0,0.0,0.04611003184902529,0.0,0.0,0.0,872.5284366393305,74.06460419937683,0.0,-93.48696878254289,-162.67078288348876,0.0,748.7600687955951,0.0,0.0,0.0,-3.0982968055527036,0.0,0.0,0.0,115.13752841890384,-115.13752841890384,0.0,-1000.0,-1000.0,0.0,0.0,0.0,0.0,0.0,0.0,0.0,0.0,0.0,0.0,0.0,0.0,0.0,0.0,0.0,0.0,0.0,0.0,0.0,-1000.0,0.0,0.0,0.0,870.6529159072384,0.0,0.0,360.06461035268035,0.0,639.9353896473197,0.0,0.0,420.10167481262846,0.0,0.0,-889.0631900027342,-162.3055457727711,0.0,40.894247024255804,-13.5294370042173,-181.19476004579005,0.0,0.0,241.38039305035053,0.0,161.15279497654595,11.223935411766996,0.0,0.0,0.0,0.0,720.1336954587325,13.833009554701825,0.0,0.0,0.0,0.0,0.0,0.0,0.0,-171.73777350478758,171.73777350478758,171.73777350478758,-316.73429459129835,0.0,0.0,-532.7710937337896,0.0,0.0,757.9674489621833,0.0,0.0,-83.49013731836666,0.0,0.0,265.07294075910664,0.0,0.0,0.0,0.0,-38.38899681509939,0.09222006369739688,0.0,0.0,0.0,0.0,0.0,0.0,0.0,0.0,0.0,0.0,0.0,0.0,0.0,0.0,0.0,0.0,0.0,0.0,0.0,0.050721035033993445,0.050721035033993445,0.0,258.5157671349864,0.0,27.66601910940365,0.0,0.0,0.0,537.2078556816709,0.0,0.0,0.0,0.0,0.0,-234.56233308906496,-537.2078556816709,0.0,0.0,773.9189325096977,0.0,0.0,265.07294075910664,0.0,0.0,0.0,0.0,0.0,0.0,0.0,333.3333333333333,-872.5284366393305,75.55363447926106,0.0,3.5504724523734694,0.0,185.13939431030167,112.15381078043059,0.0,0.0,-234.56233308906496,0.0,0.0,-272.95132990416437,0.0,0.0,171.73777350478758,0.0,0.0,0.0,0.0,0.0,0.0,0.0,0.0,0.0,0.0,0.0,0.0,0.0,27.66601910940365,226.1058711260881,226.1058711260881,0.0,0.0,0.0,0.0,0.0,0.0,0.0,0.0,0.0,0.0,0.46110031849006083,0.0,0.0,0.0,0.0,0.0,0.0,0.0,0.0,13.833009554701825,-773.9189325096977,0.0,0.0,0.0,0.0,0.0,0.0,0.0,0.0,0.0,0.0,-331.5044563633776,0.0,13.833009554701825,13.833009554701825,1000.0,-537.2078556816709,0.0,265.07294075910664,0.0,0.0,0.0,0.0,0.0,1000.0,757.9674489621833,701.6083973355657,0.04611003184902529,0.0,0.0,-687.5000000001968,691.2184447114487,403.6105850270498,0.0,-297.2932050907323,0.0,0.0,0.0,0.0,0.0,0.0,0.0,0.0,0.0,0.0,0.0,0.0,0.0,0.0,0.04611003184902529,0.0,0.0,0.0,0.0,0.0,0.0,0.0,0.0,0.0,0.0,1000.0,0.0,0.0,-1000.0,-3.45825238867547,-2.305501592450304,0.0,0.0,0.0,0.0,0.0,0.0,0.0,0.0,0.0,0.0,0.0,0.0,226.1058711260881,0.0,0.0,0.0,722.4391970511829,0.0,0.0,0.0,-0.04611003184902529,0.0,0.0,0.04611003184902529,0.0,0.04611003184902529,0.0,444.3495094505795,0.0,27.66601910940365,56.25423885578742,56.25423885578742,0.0,0.0,0.0,0.0,0.0,0.0,170.53510603874736,75.55363447926106,0.0,757.9674489621833,0.0,0.0,0.0,119.10760216110336,0.0,0.0,0.0,0.0,0.0,0.0,0.0,0.0,0.0,0.0,0.0,0.0,0.0,112.15381078043059,0.0,0.0,0.0,0.06916504777350911,0.0,0.0,0.0,-13.833009554701825,0.0,0.0,0.0,0.0,0.0,-258.5157671349864,2.305501592450304,0.0,0.0,0.0,0.0,-885.1402994507728,0.0,0.0,0.0,0.0,0.0,0.0,0.0,0.0,0.0,226.1058711260881,0.0,773.9189325096977,0.0,86.77799363019878,0.0,131.33162810945984,400.5122882214971,0.0,360.06461035268035,639.9353896473197,-1000.0,0.0,-60.95746210438608,0.0,2.305501592450304,792.2005304692689,0.0,0.0,0.0,-83.49013731836666,0.0,0.0,402.6098704442811,-402.6098704442811,0.0,-535.6349318693385,0.0,0.0,0.0,171.49614307720307,-100.18827617334236,56.25423885578742,0.0,0.0,0.0,0.0,0.0,0.0,0.0,0.0,0.0,1.4847430255371137,0.0,0.0,168.70224812767052,-3.7184447112520047,0.0,0.0,13.833009554701825,0.0,0.0,0.0,0.0,-275.5644817769597,0.0,0.0,0.050721035033993445,0.0,0.0,0.0,28.12711942789371,0.0,0.0,0.0,0.0,50.9976472188635,0.0,0.0,0.0,0.0,0.0,0.0,0.0,0.0,0.0,0.0,606.9806829593967,0.004611003184900486,0.0,0.0,0.0,0.0,0.0,0.0,0.0,0.0,0.0,-687.5000000001968,0.0,0.0,0.0,0.0,0.0,258.5157671349864,0.0,0.0,0.0,0.0,0.0,0.0,0.0,0.0,0.0,0.0,0.0,0.0,645.4217172226631,0.0,103.9741996010762,0.0,0.0,0.0,27.66601910940365,0.0,0.0,0.0,0.0,0.0,0.0,-27.66601910940365,0.0,0.0,0.0,0.0,0.0,0.0,0.0,0.0,0.0,0.0,0.0,0.0,-701.6083973355657,-1000.0,150.69297397767252,0.0,-13.833009554701825,0.0,999.8155598726048,0.0,0.0,0.0,0.0,0.0,0.0,0.0,0.0,0.0,937.5,0.0,-937.5,-937.5,0.0,0.0,0.0,0.0,-5.763753981125774,226.1058711260881,-423.5599272013039,215.83762594577027,0.0,0.0,0.0,0.0,0.0,0.0,-0.5763753981125761,83.49013731836666,0.0,0.0,0.0,0.0,0.0,0.0,0.0,1000.0,13.833009554701825,13.833009554701825,0.0,0.0,0.0,0.0,0.0,0.050721035033993445,258.5157671349864,0.0,0.0,-999.8155598726048,606.9760719562119,0.0,0.0,0.0,0.0,0.0,0.0,0.0,0.0,0.0,0.0,0.0,0.0,0.0,222.17475472528974,0.0,0.0,14.294109873191886,0.0,48.41553344145639,174.08557849112083,0.0,0.0,0.0,0.0,0.0,258.5157671349864,0.0,-2.305501592450304,0.0,0.0,0.0,-5.763753981125774,0.0,0.0,0.0,0.0,0.0,0.0,0.0,0.0,0.0,0.0,0.0,0.0,0.0,0.0,0.0,0.0,0.0,0.0,-0.04611003184902529,0.0,0.0,2.305501592450304,234.56233308906496,0.0,0.0,0.0,0.0,226.1058711260881,0.0,0.0,0.0,-115.13752841890384,1.152750796225152,0.0,0.0,0.0,0.04611003184902529,0.0,46.11003184900608,0.0,9.222006369801216,0.3293573703500426,157.2352086051107,-0.034582523886754556,647.6827969523837,0.9222006369801217,-0.23055015924421696,-157.2352086051107,13.833009554701825,-0.046110031849006076,1.0327656018509013,265.07294075910664,0.011527507962251519,0.3293573703500426,-3.098296805552704,-7.340717070361109,-0.9222006369801217,-178.03880380045302,-0.046110031849006076,0.011527507962251519,-157.2352086051107,4.611003184900608,0.046110031849006076,0.04611003184902529,-258.4189360681034,0.05072103503391645,-59.07507469457812,-0.034582523886754556,13.833009554701825,0.046110031849006076,13.833009554701825,-23.05501592450304,-0.023055015924503038,297.9227742972744,-85.0,-0.034582523886754556,-0.046110031849006076,0.0,0.04611003184902529,4.611003184900608,-0.9222006369801217,112.15381078043059,112.15381078043059,-4.611003184900608,178.03880380045302,-112.15381078043059,9.222006369801216,0.06916504777350911,-1000.0,4.611003184900608,-333.3333333333333,265.07294075910664,-9.222006369801216,0.023055015924503038,0.46110031849006083,23.371742195635722,96.0,-0.04611003184902529,-268.8905243010129,258.4189360681034,14.294109873191886,0.046110031849006076,7.340717070361109,209.74090254029915,265.07294075910664,-0.04611003184902529,-0.011527507962251519,-265.07294075910664,-0.046110031849006076,-38.38899681509939,0.04611003184913898,-0.011527507962251519,-0.011527507962251519,-0.011527507962251519,18.44401273960243,23.05501592450304,0.46110031849006083,180.0502501736553,-0.011527507962251519,45.71071878942054,2.305501592450304,21.5,0.04611003184902529,0.023055015924503038,0.023055015924503038,40.0,0.0,0.04611003184902529,0.0,0.46110031849006083,0.046110031849006076,-471.82721082870285,0.046110031849006076,0.18444012739519167,0.23055015924421696,0.023055015924503038,0.011527507962251519,13.833009554701825,-0.046110031849006076,59.07507469457812,0.46110031849006083,-360.1005003473106,646.5300461561585,-4.611003184900608,9.222006369801216,2.305501592450304,-0.046110031849006076,3.098296805552704,0.06916504777350911,-0.046110031849006076,-80.0,0.0,445.665089177876,0.023055015924503038,-43.0,-0.046110031849006076,-0.04611003184913898,-0.046110031849006076,0.023055015924503038,157.2352086051107,-9.222006369801216,0.04611003184902529,46.743484391271444,-0.011527507962251519,-0.05072103503391645,-46.743484391271444,6.9165047773509105,85.0,714.8411646455984,157.2352086051107,-0.034582523886754556,268.8905243010129,-96.0,0.046110031849006076,-0.011527507962251517,2.305501592450304,46.11003184900608,-0.023055015924503038,-0.046110031849006076,0.011527507962251519,0.0,0.0,464.88820441025746,291.77696065504756,-46.0,0.0,484.7240875654175,-31.0,0.0,-32.0,-93.0,-65.0,-535.0887405738181,16.0,23.0,46.5,0.0,15.5,-258.5157671349864,-170.1006074009163,535.0887405738181,65.0,-170.1006074009163,-484.7240875654175,135.18609092010888,0.0,1496.5981,hclb
39,0.0,0.0,0.0,0.0,0.0,0.0,0.0,0.0,-0.003948423056815902,0.0,0.0,0.0,0.0,0.0,0.0,0.0,-896.2416247767715,0.0,0.0,804.7381677180099,0.0,0.0,0.0,0.0,0.0,0.0,0.0,0.0,0.0,-548.7201393661715,0.0,0.0,10.190454163349912,0.0,0.0,0.0,0.0,99.38046285486678,0.0,-1000.0,804.0796564940903,0.0,-207.4245941786533,0.0,0.0,0.0,95.76392204178018,216.8399085636289,387.03411811770417,-95.61014860026393,0.0,0.0,0.0,0.004343265362507509,0.0,0.0,0.0,0.0,0.0,0.0,-139.0729286598508,0.0,442.6147928966638,303.541864236813,0.0,0.0,0.0,0.0,838.6149051333656,-463.0180523875341,0.0,0.03948423056815902,0.0,0.0,0.0,0.0,0.0,0.0,0.0,0.0,0.0,0.0,-49.68818639285939,0.0,2.369053834089541,0.0,138.7252042026486,-229.51042620973462,364.94828608662283,809.2306674447811,-0.0009871057642039755,0.0,0.0,-179.07261326044477,1.1845269170447705,0.0,275.1306588945465,-100.07196334621432,0.0,0.0,0.0,0.1974211528407951,-1000.0,0.0,0.0,-20.722285687094455,0.0,0.0,0.0,0.0,0.0,0.0,0.0,0.0,0.0,0.0,0.0,0.0,0.0,0.0,0.0,0.0,0.0,0.0,-315.19624569920325,0.0,0.0,275.1306588945465,0.0,1.2240111476129294,0.0,0.0,0.0,0.0,0.0,0.0,0.0,0.0,0.0,0.0,0.0,0.0,0.0,0.0,0.0,188.7174191708828,0.003948423056815902,0.0,0.0,0.0,-320.26056134596183,90.02245891612942,0.0,0.0,0.0,0.0,-98.72428624630874,0.0,0.0,0.0,0.0,0.0,427.6128014351201,427.6128014351201,0.0,0.0,0.0,0.0,0.0,0.0,0.0,427.61674985817695,0.0,0.0,0.0,-294.545765171475,0.0,0.0,0.0,0.0,0.0,0.0,0.0,0.0,0.0,0.0,0.0,0.0,0.0,0.0,0.0,-1000.0,0.0,0.0,0.0,0.0,0.0,95.61014860026393,207.4245941786533,-364.94828608662283,364.94828608662283,0.0,0.0,0.0,0.0,0.0,0.0,0.0,451.2798606338286,-706.0451350636328,0.0,0.0,0.0,0.0,0.0,0.0,0.0,0.0,0.0,0.0,0.0,0.0,0.0,247.7064741259666,462.7636036300605,850.5030518465854,0.0,0.0,0.0,0.0,39.758046144499865,0.0,0.0,0.0,0.0,-139.0729286598508,850.5030518465854,0.0,0.0,0.0,0.0,0.0,0.0,0.0,0.0,0.0,217.6295931749921,273.94613197750175,0.0,-87.01687996657553,435.4550980280167,0.0,0.0,-850.5030518465854,0.0,0.0,0.0,593.2502485023299,0.0,0.0,0.0,-247.59539335518195,0.0,0.0,-1000.0,0.0,132.20763560011414,-257.20763560011426,-742.7923643998857,874.9999999999999,0.0,0.0,282.26618972341777,95.61014860026393,0.0,-28.7419458159835,0.0,0.0,0.0,296.3727213671033,0.0,-296.3727213671033,0.0,736.4689494747224,0.0,0.0,136.32460876389803,0.0,0.0,0.0,-139.0729286598508,-0.005922634585223852,0.0,0.0,0.0,0.0,0.003948423056815902,0.0,0.0,0.0,685.1112949609536,-896.2416247767715,0.0,-309.0380905317195,134.41612635734364,0.0,1000.0,0.0,0.0,0.0,-20.722285687094455,0.0,0.0,0.0,238.21570282393824,5.656510871194428,-243.87221369513267,-1000.0,-280.5145506360763,0.0,0.0,0.0,0.0,0.0,0.0,0.0,0.0,0.0,0.0,0.0,0.0,0.0,0.0,0.0,0.0,0.0,-900.6037434529061,0.0,-1000.0,0.0,0.0,99.94482412378892,0.0,0.0,0.0,-188.7174191708828,0.0,49.68818639285939,0.0,0.0,0.0,0.0,0.0,0.0,0.0,-844.27141600456,0.0,781.8990684448022,0.0,0.0,0.0,-0.1974211528407951,0.0,-0.09871057642039754,-782.096489597643,0.0,0.0,-175.68976160727016,21.0469939524547,1000.0,275.1306588945465,0.0,0.0,0.0,304.17125950243684,0.0,0.0,103.71429578675144,-143.99217833921514,143.99217833921514,143.99217833921514,-191.23865842670557,0.0,0.0,-629.2717870288247,0.0,0.0,451.2798606338286,0.0,0.0,-0.6954489144043805,0.0,0.0,79.21031538863681,0.0,0.0,0.0,0.0,-42.60515769431841,0.007896846113634441,0.0,0.0,0.0,0.0,0.0,0.0,0.0,0.0,0.0,375.5968527458315,0.0,0.0,0.0,0.0,0.0,0.0,0.0,0.0,0.0,0.004343265362507509,0.004343265362507509,0.0,342.9167895146034,0.0,2.369053834089541,0.0,16.60394633694791,0.0,1000.0,0.0,0.0,138.7252042026486,0.0,0.0,70.28121639263236,-1000.0,0.0,0.0,644.2613701096808,0.0,0.0,79.21031538863681,0.0,0.0,0.0,0.0,0.0,0.0,0.0,105.06541523306775,-685.1112949609536,230.23810242983242,0.0,139.0292327780234,0.0,-179.07261326044477,0.0,-39.758046144499865,0.0,70.28121639263236,0.0,0.0,27.676058698313952,750.0000000000007,-750.0000000000007,247.7064741259666,0.0,0.0,0.0,0.0,0.0,0.0,0.0,0.0,0.0,0.0,0.0,0.0,0.0,2.369053834089541,0.0,0.0,0.0,0.0,0.0,0.0,0.0,0.0,0.0,0.0,0.0,0.0,0.03948423056815902,0.0,0.0,138.7252042026486,-138.7252042026486,0.0,207.4245941786533,0.0,0.0,275.1306588945465,-644.2613701096808,0.0,0.0,0.0,0.0,0.0,0.0,0.0,0.0,0.0,1000.0,-824.4696485997638,0.0,1.1845269170447705,1.1845269170447705,1000.0,-1000.0,0.0,79.21031538863681,0.0,0.0,0.0,0.0,0.0,1000.0,451.2798606338286,891.9750366098275,0.003948423056815902,0.0,0.0,-62.50000000000003,67.71445670696211,0.0,0.0,179.07261326044477,0.0,0.0,0.0,0.0,0.0,0.0,0.0,0.0,0.0,0.0,0.0,0.0,0.0,0.0,0.003948423056815902,0.0,0.0,0.0,0.0,0.0,0.0,0.0,0.0,0.0,0.0,897.1402376198098,0.0,-936.2246462740444,-99.39625654709391,-0.2961317292611927,-0.1974211528407951,0.0,0.0,0.0,0.0,0.0,0.0,0.0,0.0,0.0,0.0,0.0,0.0,0.0,0.0,0.0,0.0,824.5076595455706,0.0,0.0,0.0,-0.003948423056815902,0.0,0.0,0.003948423056815902,0.0,0.003948423056815902,0.0,0.0,0.0,2.369053834089541,4.8170761293154,4.8170761293154,0.0,0.0,0.0,0.0,0.0,0.0,49.68818639285939,230.23810242983242,0.0,451.2798606338286,0.0,0.0,0.0,238.5556620491301,0.0,0.0,0.0,0.0,0.0,0.0,0.0,0.0,0.0,0.0,0.0,0.0,0.0,39.758046144499865,0.0,0.0,0.0,0.005922634585223852,0.0,0.0,0.0,-275.1306588945465,0.0,0.0,0.0,0.0,0.0,-342.9167895146034,0.1974211528407951,0.0,0.0,0.0,0.0,0.0,-797.1954134960209,0.0,0.0,0.0,0.0,0.0,0.0,0.0,0.0,0.0,0.0,644.2613701096808,935.5669796892093,95.21031538863681,0.0,294.44841781846924,-20.722285687094455,0.0,-985.9128326669038,985.9128326669038,0.0,0.0,588.4331723730145,16.60394633694791,0.1974211528407951,845.9288547447272,0.0,0.0,0.0,-278.1458573197016,0.0,0.0,0.0,0.0,0.0,0.0,0.0,0.0,0.0,0.0,-0.5922634585222681,4.8170761293154,0.0,0.0,0.0,0.0,0.0,0.0,0.0,0.0,0.0,0.0,0.0,0.0,343.2129212438646,-380.8113094527936,-801.6572985326252,-207.4245941786533,1.1845269170447705,138.7252042026486,0.0,0.0,0.0,-127.51654121205074,0.0,0.0,0.004343265362507509,0.0,0.0,0.0,2.4085380646577,0.0,0.0,0.0,0.0,462.7636036300605,0.0,0.0,0.0,0.0,0.0,0.0,0.0,0.0,720.5843590448362,0.0,0.0003948423056815902,0.0003948423056815902,0.0,0.0,0.0,0.0,0.0,0.0,0.0,0.0,0.0,-62.50000000000003,0.0,0.0,0.0,0.0,0.0,342.9167895146034,0.0,0.0,0.0,0.0,0.0,0.0,0.0,95.61014860026393,0.0,0.0,0.0,277.4504084052972,0.0,-111.02017981575764,0.0,0.0,0.0,0.0,2.369053834089541,0.0,0.0,0.0,0.0,0.0,0.0,-2.369053834089541,0.0,277.4504084052972,0.0,0.0,0.0,0.0,0.0,0.0,0.0,0.0,0.0,0.0,-172.48958724590386,-1000.0,241.260331843049,0.0,-275.1306588945465,0.0,99.38046285486678,0.0,0.0,0.0,0.0,0.0,0.0,0.0,0.0,0.0,0.0,0.0,0.0,0.0,0.0,0.0,0.0,16.60394633694791,-0.4935528821019878,0.0,-0.2961317292611927,238.85179377839128,0.0,0.0,0.0,0.0,0.0,0.0,-0.04935528821019878,0.6954489144043805,0.0,0.0,0.0,0.0,0.0,0.0,0.0,1000.0,1.1845269170447705,1.1845269170447705,0.0,0.0,0.0,0.0,0.0,0.004343265362507509,342.9167895146034,0.0,0.0,-99.38046285486678,0.0,0.0,0.0,0.0,0.0,0.0,0.0,0.0,0.0,0.0,0.0,0.0,0.0,0.0,0.0,0.0,0.0,0.0,0.0,4.145844209656697,0.0,0.0,188.7174191708828,0.0,0.0,0.0,342.9167895146034,0.0,796.8708531207548,0.0,0.0,0.0,-0.4935528821019878,0.0,0.0,0.0,0.0,0.0,0.0,0.0,0.0,0.0,0.0,0.0,0.0,0.0,0.0,0.0,0.0,0.0,0.0,-0.003948423056815902,0.0,0.0,0.1974211528407951,-70.28121639263236,0.0,0.0,0.0,0.0,0.0,0.0,0.0,0.0,-238.21570282393824,0.09871057642039754,0.0,0.0,0.0,0.003948423056815902,0.0,3.9484230568159018,-1.2240111476129294,0.7896846113631804,0.028203021834399298,11.016100328516364,-0.002961317292611926,0.1974211528407951,0.07896846113631804,-0.019742115283950572,-11.016100328516364,1.1845269170447705,-0.003948423056815902,6.907428562364818,79.21031538863681,0.0009871057642039755,0.028203021834399298,-20.722285687094455,-139.35379315328964,-0.07896846113631804,91.50345705876157,-0.003948423056815902,0.0009871057642039755,-11.016100328516364,0.3948423056815902,0.003948423056815902,0.003948423056815902,-342.9084978261841,-138.7208609372861,-11.351040483479409,-0.002961317292611926,1.1845269170447705,0.003948423056815902,275.1306588945465,271.97192044909383,-0.001974211528407951,151.51989810397706,-40.15683687323827,-0.002961317292611926,-0.003948423056815902,-1.2240111476129294,0.003948423056815902,0.3948423056815902,-0.07896846113631806,39.758046144499865,39.758046144499865,-0.3948423056815902,-91.50345705876157,-39.758046144499865,0.7896846113631804,0.005922634585223852,-1000.0,0.3948423056815902,-105.06541523306775,79.21031538863681,-0.7896846113631804,0.001974211528407951,0.03948423056815902,77.25952263292987,96.0,-0.003948423056815902,-343.8051847023869,342.9084978261841,1.2240111476129294,0.003948423056815902,139.35379315328964,-199.47392425704413,79.21031538863681,-0.003948423056815902,-0.0009871057642039755,-79.21031538863681,-0.003948423056815902,-42.60515769431841,0.003948423056815902,-0.0009871057642039755,-0.0009871057642039755,-0.0009871057642039755,1.5793692227263607,-271.97192044909383,0.03948423056815902,2.925287932220755,-0.0009871057642039755,147.61161670349492,0.1974211528407951,21.5,0.003948423056815902,0.001974211528407951,0.001974211528407951,40.0,1.2240111476129294,0.003948423056815902,-1.2240111476129294,0.03948423056815902,0.003948423056815902,-2.925287932220755,0.003948423056815902,0.01579369222713467,0.019742115283950572,0.001974211528407951,0.0009871057642039755,1.1845269170447705,-0.003948423056815902,11.351040483479409,0.03948423056815902,-5.85057586444151,0.0987105764203976,-0.3948423056815902,0.7896846113631804,0.1974211528407951,-0.003948423056815902,20.722285687094455,0.005922634585223852,-0.003948423056815902,-80.0,1.2240111476129294,140.41785405400418,0.001974211528407951,-43.0,-0.003948423056815902,-0.003948423056815902,-0.003948423056815902,0.001974211528407951,11.016100328516364,-0.7896846113631804,0.003948423056815902,154.51904526585975,-0.0009871057642039755,138.7208609372861,-154.51904526585975,0.5922634585223853,40.15683687323827,470.4412811970061,11.016100328516364,-0.002961317292611926,343.8051847023869,-96.0,0.003948423056815902,-0.0009871057642039755,0.1974211528407951,3.9484230568159018,-0.001974211528407951,-0.003948423056815902,0.0009871057642039755,0.0,0.0,190.76735834369043,0.0,-46.0,0.0,535.6570271472131,-31.0,0.0,-32.0,-93.0,-65.0,-809.2306674447811,16.0,23.0,46.5,0.0,15.5,-342.9167895146034,-12.901312841953436,809.2306674447811,65.0,-12.901312841953436,-535.6570271472131,367.3680545492878,0.0,1496.5981,hclb
40,0.0,0.0,0.0,0.0,0.0,0.0,0.0,0.0,221.47354395134684,0.0,0.0,0.0,0.0,0.0,0.0,0.0,898.952308036617,50.217791213065524,0.0,-1000.0,0.0,0.0,0.0,433.62463242478543,0.0,0.0,0.0,0.0,0.0,-1000.0,0.0,0.0,30.82558219064092,0.0,0.0,0.0,0.0,104.41117338386215,0.0,-1000.0,1000.0,0.0,0.0,0.0,0.0,0.0,132.94458708351092,203.21584208369748,-325.4040375105514,0.0,0.0,0.0,0.0,0.008681429425149356,0.0,0.0,0.0,204.79428379735398,0.0,0.0,-67.19829179317739,0.0,395.61536671424625,187.93599091172507,0.0,0.0,0.0,0.0,264.0357346385381,-109.54208009161425,0.0,0.07892208568282527,0.0,0.0,0.0,0.0,0.0,0.0,0.0,0.0,0.0,0.0,0.0,0.0,4.7353251409695165,0.0,113.33027929504523,-1000.0,375.62182872361694,-509.43597479289497,-0.0019730521420706316,0.0,0.0,616.8657113810427,2.3676625704847583,0.0,117.19191429378861,-268.5367344973943,0.0,0.0,0.0,0.39461042841412636,-1000.0,0.0,0.0,0.0,0.0,788.1637423877908,0.0,0.0,0.0,0.0,0.0,0.0,0.0,0.0,0.0,0.0,0.0,0.0,0.0,0.0,0.0,0.0,-933.4574621370571,0.0,0.0,117.19191429378861,0.0,2.4465846561675835,2.4465846561675835,0.0,-1000.0,1000.0,0.0,0.0,-128.61939222606537,0.0,0.0,-11.861691783278417,0.0,0.0,0.0,0.0,0.0,113.93797935480299,0.007892208568282526,0.0,0.0,0.0,375.00000000000034,-723.5142260814805,0.0,0.0,115.91634431649234,0.0,-394.25537215047706,0.0,0.0,0.0,0.0,0.0,207.05414301019306,207.05414301019306,0.0,0.0,0.0,375.0,121.71356614965117,0.0,0.0,207.06203521876134,0.0,0.0,0.0,528.3091926980119,0.0,0.0,0.0,0.0,0.0,0.0,0.0,0.0,0.0,0.0,0.0,0.0,0.0,0.0,0.0,-1000.0,0.0,0.0,0.0,0.0,0.0,0.0,0.0,624.378171276383,-624.378171276383,0.0,0.0,0.0,0.0,0.0,0.0,0.0,0.0,-589.0507417032119,0.0,0.0,0.0,0.0,0.0,0.0,0.0,0.0,0.0,0.0,0.0,0.0,0.0,17.402858785743323,474.0654031228814,426.4517294739345,0.0,0.0,0.0,140.4810840093438,84.20288693460347,0.0,0.0,0.0,0.0,-67.19829179317739,426.4517294739345,0.0,0.0,0.0,0.0,0.0,0.0,0.0,0.0,0.0,0.0,114.82425172330386,0.0,389.50449493086955,140.74815237810336,-701.0258662341683,0.0,-426.4517294739345,0.0,0.0,140.4810840093438,1000.0,0.0,0.0,0.0,-104.28757073751069,0.0,0.0,-624.9999999999998,-874.9999999999999,0.0,375.00000000000034,-125.00000000000011,1000.0,1000.0,0.0,1000.0,0.0,0.0,-57.29045571676008,0.0,0.0,0.0,-440.4113573033487,0.0,440.4113573033487,0.0,0.0,0.0,140.4810840093438,-1000.0,375.0,0.0,0.0,-67.19829179317739,-0.01183831285242379,0.0,0.0,0.0,0.0,0.007892208568282526,0.0,0.0,0.0,798.6051987716079,898.952308036617,0.0,0.0,-14.119856876367692,0.0,933.6739860342914,0.0,0.0,0.0,0.0,0.0,0.0,0.0,-0.679519157729164,-887.8270098337546,888.5065289914837,-895.6137766553858,-927.4158702689529,0.0,0.0,0.0,0.0,0.0,0.0,0.0,0.0,0.0,0.0,0.0,0.0,0.0,0.0,0.0,0.0,0.0,891.0666393835781,0.0,786.6238971654427,0.0,0.0,268.2826053814958,0.0,0.0,0.0,-113.93797935480299,0.0,0.0,0.0,0.0,0.0,0.0,0.0,0.0,0.0,623.7912751952165,409.1109190308848,0.0,0.0,-899.1333878286762,0.0,-0.39461042841412636,0.0,-0.19730521420706318,-0.39461042841412636,0.0,0.0,-622.8047491241812,0.0,491.20630008303374,117.19191429378861,0.0,0.0,0.0,547.8908656083099,0.0,221.48143615991512,0.0,-17.402858785743323,17.402858785743323,17.402858785743323,-456.4693073219665,0.0,0.0,0.0,0.0,0.0,0.0,0.0,0.0,-48.21710900560808,0.0,0.0,183.51792825949727,0.0,0.0,0.0,0.0,8.35926274761266,0.015784417136423257,0.0,0.0,0.0,0.0,0.0,0.0,0.0,0.0,0.0,0.0,0.0,0.0,0.0,0.0,0.0,0.0,0.0,0.0,0.0,0.008681429425149356,0.008681429425149356,0.0,111.82441707208682,0.0,4.7353251409695165,0.0,0.0,0.0,776.8540933510071,0.0,0.0,113.33027929504523,0.0,0.0,-384.1133114362547,-776.8540933510071,0.0,0.0,0.0,0.0,0.0,183.51792825949727,0.0,0.0,0.0,0.0,0.0,0.0,0.0,311.152487379019,-798.6051987716079,348.5142260814801,0.0,113.93797935480299,0.0,520.2195099728883,96.64620140815441,12.443314473550942,0.0,-384.1133114362547,0.0,624.2459513113579,-1000.0,0.0,0.0,17.402858785743323,0.0,0.0,0.0,0.0,0.0,0.0,0.0,0.0,0.0,0.0,0.0,0.0,0.0,4.7353251409695165,140.4810840093438,140.4810840093438,0.0,0.0,0.0,0.0,0.0,0.0,0.0,0.0,0.0,0.0,0.07892208568282527,0.0,0.0,113.33027929504523,-113.33027929504523,0.0,0.0,0.0,0.0,117.19191429378861,0.0,0.0,0.0,0.0,0.0,0.0,0.0,0.0,0.0,0.0,760.2038746657624,0.0,0.0,2.3676625704847583,2.3676625704847583,1000.0,-776.8540933510071,0.0,183.51792825949727,0.0,0.0,0.0,0.0,0.0,895.6137766553858,0.0,1000.0,0.007892208568282526,0.0,0.0,0.0,0.636450248113641,0.0,0.0,-616.8657113810427,0.0,0.0,0.0,0.0,0.0,0.0,0.0,0.0,0.0,0.0,0.0,0.0,0.0,0.0,0.007892208568282526,0.0,0.0,0.0,0.0,0.0,0.0,0.0,0.0,0.0,-525.8107164725436,680.1553424992364,-115.91634431649234,0.0,-104.44274221813544,-0.5919156426211896,-0.39461042841419725,0.0,0.0,0.0,0.0,0.0,0.0,0.0,0.0,0.0,0.0,0.0,0.0,140.4810840093438,0.0,0.0,0.0,-131.20383861273325,0.0,0.0,0.0,221.47354395134684,0.0,0.0,0.007892208568282526,0.0,0.007892208568282526,0.0,154.49365454692384,0.0,4.7353251409695165,9.628494453304683,9.628494453304683,0.0,0.0,0.0,0.0,0.0,0.0,0.0,348.5142260814801,0.0,0.0,0.0,0.0,0.0,0.0,0.0,0.0,0.0,0.0,0.0,0.0,0.0,0.0,0.0,0.0,0.0,0.0,0.0,84.20288693460347,0.0,-641.5380089507873,641.5380089507873,0.01183831285242379,0.0,0.0,0.0,-117.19191429378861,0.0,0.0,0.0,0.0,0.0,-111.82441707208682,0.39461042841412636,0.0,0.0,0.0,-375.0,-121.71356614965117,-0.6487395443127468,0.0,0.0,0.0,0.0,0.0,0.0,0.0,0.0,140.4810840093438,0.0,0.0,0.0,94.4215582863435,0.0,411.9357843678236,0.0,0.0,411.22399757342794,0.0,-411.22399757342794,115.91634431649234,990.3715055466953,0.0,0.39461042841419725,1000.0,0.0,0.0,0.0,-274.87766759569854,0.0,0.0,0.0,0.0,0.0,0.0,0.0,0.0,0.0,112.416332714708,-113.60016399995038,9.628494453304683,0.0,0.0,0.0,0.0,0.0,0.0,0.0,0.0,0.0,0.0,0.0,0.0,0.0,-0.636450248113641,-874.1711353564109,0.0,2.3676625704847583,113.33027929504523,0.0,0.0,0.0,-326.98583607046817,0.0,0.0,0.008681429425149356,0.0,0.0,0.0,4.814247226652341,0.0,0.0,0.0,0.0,474.0654031228814,0.0,0.0,0.0,0.0,0.0,0.0,0.0,0.0,0.0,0.0,0.0007892208568282544,0.0007892208568282544,0.0,0.0,0.0,0.0,0.0,0.0,0.0,0.0,0.0,0.0,0.0,0.0,0.0,0.0,0.0,111.82441707208682,0.0,0.0,0.0,0.0,0.0,0.0,0.0,0.0,0.0,0.0,0.0,226.66055859009046,472.50057856268245,1000.0,50.217791213065524,0.0,0.0,0.0,4.7353251409695165,0.0,0.0,0.0,0.0,0.0,0.0,-4.7353251409695165,0.0,226.66055859009046,0.0,0.0,0.0,0.0,0.0,0.0,0.0,0.0,0.0,0.0,-1000.0,-1000.0,5.406162869273532,-117.19191429378861,0.0,0.0,104.41117338386215,0.0,0.0,0.0,0.0,0.0,0.0,0.0,0.0,0.0,0.0,0.0,0.0,0.0,0.0,0.0,0.0,0.0,-0.9865260710353868,140.4810840093438,-0.5919156426211896,113.0082483573292,0.0,0.0,0.0,0.0,0.0,-0.09865260710353158,0.0,164.13345332210045,0.0,0.0,0.0,0.0,0.0,0.0,0.0,927.4158702689529,2.3676625704847583,2.3676625704847583,0.0,0.0,0.0,0.0,0.0,0.008681429425149356,111.82441707208682,0.0,0.0,-104.41117338386215,0.0,0.0,0.0,0.0,0.0,0.0,0.0,0.0,0.0,0.0,0.0,0.0,0.0,0.0,398.0158317488556,0.0,0.0,2.4465846561675835,0.0,8.286818996696654,0.0,0.0,113.93797935480299,0.0,0.0,0.0,111.82441707208682,0.0,0.0,0.0,0.0,0.0,-0.9865260710353868,0.0,0.0,0.0,0.0,0.0,0.0,0.0,0.0,0.0,0.0,0.0,0.0,0.0,0.0,0.0,0.0,0.0,0.0,-0.007892208568282526,0.0,0.0,0.39461042841412636,384.1133114362547,0.0,0.0,0.0,0.0,140.4810840093438,0.0,0.0,0.0,0.679519157729164,0.19730521420706318,0.0,0.0,0.0,0.007892208568282526,0.0,7.892208568282527,0.0,1.5784417136565054,0.05637291834487519,26.912431217843416,-0.005919156426211895,0.39461042841412636,0.15784417136565054,-0.03946104284156604,-26.912431217843416,2.3676625704847583,-0.007892208568282526,0.0,183.51792825949727,0.0019730521420706316,0.05637291834487519,0.0,-114.58671889911568,-0.15784417136565054,50.829900750317506,-0.007892208568282539,0.0019730521420706316,-26.912431217843416,0.7892208568282527,0.007892208568282526,0.007892208568282526,-111.80784343409339,-113.32159786562012,-22.466319443028283,-0.005919156426211895,2.3676625704847583,0.007892208568282526,117.19191429378861,110.8781474391626,-0.003946104284141263,416.72169159350534,-85.0,-0.005919156426211895,-0.007892208568282526,0.0,0.007892208568282526,0.7892208568282527,-0.15784417136565054,84.20288693460347,84.20288693460347,-0.7892208568282527,-50.829900750317506,-84.20288693460347,1.5784417136565054,0.01183831285242379,-1000.0,0.7892208568282527,-311.152487379019,183.51792825949727,-1.5784417136565054,0.003946104284141263,0.07892208568282527,0.0,96.0,-0.007892208568282526,-113.60016399995038,111.80784343409339,2.4465846561675835,0.007892208568282526,114.58671889911568,59.22302625425442,183.51792825949727,-0.007892208568282526,-0.0019730521420706316,-183.51792825949727,-0.007892208568282526,8.35926274761266,0.007892208568158351,-0.0019730521420706316,-0.0019730521420706316,-0.0019730521420706316,3.156883427313011,-110.8781474391626,0.07892208568282527,5.847140023026128,-0.0019730521420706316,0.0,0.39461042841412636,-3.785020945392204,0.007892208568282526,0.003946104284141263,0.003946104284141263,22.30764298190499,0.0,0.007892208568282526,0.0,0.07892208568282527,0.007892208568282526,-5.847140023026128,0.007892208568282526,0.03156883427334378,0.03946104284156604,0.003946104284141263,0.0019730521420706316,2.3676625704847583,-0.007892208568282526,22.466319443028283,0.07892208568282527,-11.694280046052256,0.1973052142070632,-0.7892208568282527,1.5784417136565054,0.39461042841412636,-0.007892208568282526,0.0,0.01183831285242379,-0.007892208568282526,-44.61528596380998,0.0,393.12336831943753,0.003946104284141263,7.570041890784408,-0.007892208568282526,-0.007892208568158351,-0.007892208568282526,0.003946104284141263,26.912431217843416,-1.5784417136565054,0.007892208568282526,0.0,-0.0019730521420706316,113.32159786562012,0.0,1.183831285242379,85.0,603.5655226920873,26.912431217843416,-0.005919156426211895,113.60016399995038,-96.0,0.007892208568282539,-0.0019730521420706316,0.39461042841419725,7.892208568282527,-0.003946104284141263,-0.007892208568282526,0.0019730521420706316,0.0,0.0,509.43202868861084,0.0,-46.0,0.0,368.2840589028818,-31.0,0.0,-32.0,-93.0,-65.0,-490.56402520710503,16.0,23.0,46.5,0.0,15.5,-111.82441707208682,-66.13753224896935,490.56402520710503,65.0,-66.13753224896935,-368.2840589028818,154.13590589589955,0.0,1496.5981,hclb
41,0.0,0.0,0.0,0.0,0.0,0.0,0.0,0.0,126.21522440050072,0.0,0.0,0.0,0.0,0.0,0.0,0.0,609.1073279603695,-541.1061451563805,0.0,0.0,0.0,0.0,0.0,277.65459112306837,0.0,0.0,0.0,0.0,0.0,-609.1073279603695,0.0,0.0,6.586176929171218,0.0,0.0,0.0,0.0,605.507400028671,0.0,-1000.0,507.19593400277563,0.0,0.0,0.0,0.0,0.0,0.0,0.0,0.0,-692.7173979886127,0.0,0.0,0.0,0.014953115882933021,0.0,0.0,0.0,2.718748342343151,0.0,0.0,46.48677534142405,0.0,824.5782460856491,728.0132288425765,0.0,0.0,0.0,0.0,88.03181375352281,834.7318337280391,0.0,0.13593741711715757,0.0,0.0,0.0,0.0,0.0,0.0,0.0,0.0,0.0,0.0,0.0,0.0,8.156245027029454,0.0,0.0,229.44692742180973,-549.9366757959829,234.0303662776597,-0.003398435427928939,0.0,0.0,-192.00252099016035,4.078122513514727,0.0,4.078122513514727,0.0,897.6022080528606,0.0,0.0,0.6796870855857877,-865.874442032281,0.0,0.0,-24.11340137899982,0.0,0.0,0.0,0.0,0.0,0.0,0.0,0.0,0.0,0.0,0.0,0.0,0.0,0.0,0.0,0.0,0.0,0.0,-464.5226867797887,0.0,0.0,4.078122513514727,0.0,4.214059930631884,4.214059930631884,0.0,0.0,0.0,0.0,0.0,-1000.0,-375.0000000001252,375.0000000001252,856.9482074155034,0.0,0.0,0.0,0.0,0.0,1.0467181118021125,0.013593741711715755,0.0,0.0,0.0,614.0710770468072,-1000.0,0.0,0.0,242.03015986425282,0.0,-228.2729893262115,0.0,0.0,0.0,0.0,0.0,-80.59383410448723,-80.59383410448723,0.0,0.0,0.0,0.0,1000.0,0.0,0.0,-80.58024036277551,0.0,0.0,0.0,0.0,-211.960450329759,0.0,0.0,0.0,0.0,0.0,0.0,0.0,0.0,0.0,0.0,0.0,0.0,0.0,0.0,-1000.0,0.0,0.0,0.0,0.0,0.0,692.7173979886127,0.0,770.5530725781903,-770.5530725781903,0.0,0.0,0.0,0.0,0.0,0.0,0.0,256.76711407191146,-553.4890431031148,0.0,0.0,0.0,0.0,0.0,0.0,0.0,0.0,0.0,0.0,0.0,0.0,0.0,374.44541337892343,348.3664196378792,0.0,0.0,0.0,0.0,143.0517925844967,0.0,0.0,0.0,0.0,0.0,46.48677534142405,0.0,0.0,0.0,73.28070148923322,0.0,0.0,0.0,0.0,0.0,358.7729506680221,0.0,0.0,0.0,843.1173036254604,-477.3724447487128,1000.0,0.0,0.0,0.0,0.0,143.05179258449664,-388.53737471864173,0.0,0.0,0.0,168.92118849467477,0.0,0.0,-1000.0,0.0,0.0,-1000.0,0.0,0.0,220.6163967822074,0.0,0.0,692.7173979886127,0.0,46.354659236950724,0.0,0.0,0.0,0.0,0.0,0.0,0.0,80.58411020741136,0.0,143.0517925844967,614.4000765080458,0.0,0.0,0.0,46.48677534142405,-0.020390612567573633,0.0,0.0,0.0,0.0,0.013593741711715755,0.0,0.0,0.0,637.1489268184632,609.1073279603695,0.0,-95.42639318192633,388.583420302454,211.960450329759,290.9410122741368,0.0,358.49127552099503,0.0,-24.11340137899982,0.0,0.0,0.0,641.508724479005,0.0,-1000.0,-866.9265407742961,-861.7520367665708,0.0,0.0,0.0,0.0,0.0,0.0,0.0,0.0,0.0,0.0,0.0,0.0,0.0,0.0,0.0,0.0,73.28070148923322,-209.71904570578602,0.0,-1000.0,0.0,184.71917929870233,358.3352321849094,0.0,0.0,0.0,-359.8196687798242,0.0,897.6022080528606,0.0,0.0,0.0,0.0,0.0,0.0,-0.33984354279289386,-88.03181375352281,-240.89256800310227,-0.6796870855857877,339.016881144791,0.0,0.0,-0.6796870855857877,109.05453531069122,0.0,0.0,-1000.0,0.0,0.0,0.0,884.5912442718646,4.078122513514727,0.0,0.0,0.0,0.0,0.0,126.22881814221243,0.0,-374.44541337892343,374.44541337892343,374.44541337892343,-88.89441222434084,0.0,0.0,-161.1915380536103,0.0,0.0,256.76711407191146,0.0,0.0,-50.07824190164854,0.0,250.00000000000023,220.33304424215353,0.0,0.0,0.0,0.0,-41.640625828828426,0.027187483423176673,0.0,0.0,0.0,0.0,0.0,0.0,0.0,0.0,0.0,922.7636474815619,0.0,0.0,0.0,0.0,0.0,0.0,0.0,0.0,0.0,0.014953115882933021,0.014953115882933021,0.0,283.7487512681578,0.0,8.156245027029454,0.0,0.0,0.0,1000.0,0.0,0.0,0.0,0.0,0.0,-23.692638551289235,-1000.0,0.0,0.0,0.0,0.0,0.0,220.33304424215353,0.0,0.0,0.0,0.0,0.0,0.0,0.0,154.8408955932629,-637.1489268184632,385.92892295319285,0.0,1.0467181118021125,0.0,-681.9750889248414,489.9725679346811,489.9725679346811,0.0,-23.692638551289235,0.0,0.0,-65.33326438011765,0.0,0.0,374.44541337892343,0.0,0.0,0.0,0.0,0.0,0.0,0.0,0.0,0.0,0.0,0.0,0.0,0.0,8.156245027029454,143.05179258449664,143.05179258449664,0.0,0.0,0.0,0.0,0.0,0.0,0.0,0.0,0.0,0.0,0.13593741711715757,0.0,0.0,0.0,0.0,0.0,0.0,0.0,0.0,4.078122513514727,0.0,0.0,0.0,0.0,0.0,0.0,0.0,0.0,0.0,0.0,533.1829236994054,0.0,0.0,4.078122513514727,4.078122513514727,1000.0,-1000.0,0.0,220.33304424215353,0.0,0.0,0.0,0.0,0.0,732.800982806577,256.76711407191146,1000.0,0.013593741711715755,0.0,0.0,-225.31336237562564,226.40960054652044,0.0,0.0,192.00252099016035,0.0,0.0,0.0,0.0,0.0,0.0,0.0,0.0,0.0,0.0,0.0,0.0,0.0,0.0,0.013593741711715755,0.0,0.0,0.0,0.0,0.0,0.0,0.0,0.0,184.71917929870233,0.0,896.1177714579458,-242.03015986425282,0.0,-790.280954294214,-1.0195306283786818,-0.6796870855857877,0.0,0.0,0.0,0.0,0.0,0.0,0.0,0.0,0.0,0.0,0.0,0.0,143.05179258449664,211.960450329759,0.0,0.0,885.2709313574504,0.0,0.0,0.0,126.21522440050072,0.0,0.0,0.013593741711715755,0.0,0.013593741711715755,0.0,0.0,0.0,8.156245027029454,16.584364888293223,16.584364888293223,0.0,0.0,0.0,0.0,0.0,0.0,0.0,385.92892295319285,0.0,256.76711407191146,0.0,0.0,642.6791456403837,0.0,0.0,0.0,0.0,0.0,0.0,0.0,0.0,0.0,0.0,0.0,0.0,0.0,0.0,0.0,0.0,0.0,0.0,0.020390612567573633,0.0,0.0,0.0,-4.078122513514727,0.0,0.0,0.0,0.0,0.0,-283.7487512681578,0.6796870855857877,0.0,0.0,0.0,0.0,-1000.0,359.8196687798242,0.0,0.0,250.00000000000023,0.0,0.0,0.0,0.0,0.0,143.05179258449664,0.0,0.0,930.1685094642719,-90.69666211076566,0.0,448.2101746108497,-24.11340137899982,0.0,0.0,897.6022080528606,-897.6022080528606,242.03015986425282,-405.12173960693497,0.0,0.6796870855857877,1000.0,0.0,0.0,0.0,-50.07824190164854,0.0,0.0,0.0,0.0,0.0,0.0,0.0,0.0,0.0,-2.03906125675735,0.0,16.584364888293223,0.0,-375.00000000000006,-375.00000000000006,375.00000000000006,0.0,0.0,0.0,0.0,0.0,358.7729506680221,0.0,0.0,286.8073431532938,-923.8598856524567,-1000.0,0.0,4.078122513514727,0.0,0.0,0.0,0.0,-238.86811704499104,0.0,0.0,0.014953115882933021,0.0,0.0,0.0,8.292182444146611,0.0,0.0,0.0,0.0,348.3664196378792,0.0,0.0,0.0,0.0,0.0,0.0,0.0,0.0,33.600748938216384,0.0,103.35533481776854,0.0013593741711716144,0.0,0.0,0.0,0.0,0.0,0.0,0.0,0.0,0.0,-225.31336237562564,0.0,0.0,0.0,0.0,0.0,283.7487512681578,0.0,0.0,0.0,0.0,0.0,0.0,0.0,692.7173979886127,0.0,0.0,0.0,0.0,218.21465592073906,1000.0,-541.1061451563805,0.0,0.0,0.0,8.156245027029456,0.0,0.0,0.0,0.0,0.0,237.35322375329545,-245.5094687803249,0.0,0.0,0.0,0.0,0.0,0.0,0.0,0.0,0.0,0.0,0.0,0.0,-1000.0,-1000.0,651.990858712909,0.0,-4.078122513514727,0.0,790.2265793273733,0.0,0.0,0.0,0.0,0.0,0.0,0.0,0.0,0.0,0.0,0.0,0.0,0.0,0.0,0.0,0.0,0.0,-1.6992177139644695,143.05179258449664,-1.0195306283786818,641.659615012005,0.0,0.0,0.0,0.0,0.0,-0.16992177139644696,0.0,292.10840176590136,0.0,0.0,0.0,0.0,0.0,0.0,0.0,861.7520367665708,4.078122513514727,4.078122513514727,0.0,0.0,0.0,0.0,0.0,0.014953115882933021,283.7487512681578,0.0,0.0,-790.2265793273733,103.35397544359736,0.0,0.0,0.0,0.0,0.0,0.0,0.0,0.0,0.0,0.0,0.0,0.0,0.0,0.0,0.0,0.0,4.214059930631884,0.0,14.273428797301545,1.0467181118021125,0.0,0.0,0.0,0.0,0.0,283.7487512681578,0.0,-2.1641236805005852,0.0,0.0,0.0,-1.6992177139644695,0.0,0.0,0.0,0.0,0.0,0.0,0.0,0.0,0.0,0.0,0.0,0.0,0.0,0.0,0.0,0.0,0.0,0.0,-0.013593741711715755,0.0,0.0,0.6796870855857877,23.692638551289235,0.0,0.0,0.0,0.0,143.0517925844967,0.0,0.0,0.0,-641.508724479005,0.33984354279289386,0.0,0.0,0.0,0.013593741711715755,0.0,13.593741711715754,0.0,2.718748342343151,0.09709815508368395,46.354659236950724,-0.010195306283786816,0.6796870855857877,0.2718748342343151,-0.06796870855237103,-46.354659236950724,4.078122513514726,-0.013593741711715755,8.037800459666608,220.33304424215353,0.003398435427928939,0.09709815508368395,-24.113401378999825,-2.1641236805005852,-0.2718748342343151,-68.00118280398897,-0.013593741711715755,0.003398435427928939,-46.354659236950724,1.3593741711715754,0.013593741711715755,0.013593741711715755,-283.72020441056316,0.0149531158828888,0.0,-0.010195306283786816,4.078122513514727,0.013593741711715755,4.078122513514727,-6.796870855857878,-0.006796870855857878,276.49979208421115,-1.372967912883297,-0.010195306283786816,-0.013593741711715755,0.0,0.013593741711715755,1.3593741711715754,-0.2718748342343151,0.0,0.0,-1.3593741711715754,68.00118280398897,0.0,2.718748342343151,0.020390612567573633,-503.69144625118497,1.3593741711715754,-154.8408955932629,220.33304424215353,-2.718748342343151,0.006796870855857878,0.13593741711715757,23.856598295481582,-87.97791376842251,-0.013593741711715755,-286.8073431532938,283.72020441056316,4.214059930631884,0.013593741711715755,2.1641236805005852,204.0205541880945,220.33304424215353,-0.013593741711715755,-0.003398435427928939,-220.33304424215353,-0.013593741711715755,-41.640625828828426,0.013593741711715755,-0.003398435427928939,-0.003398435427928939,-0.003398435427928939,5.437496684686302,6.796870855857878,0.13593741711715757,10.07126339066312,-0.003398435427928939,39.67539613129656,0.6796870855857877,21.5,0.013593741711715755,0.006796870855857878,0.006796870855857878,40.0,0.0,0.013593741711715755,0.0,0.13593741711715757,0.013593741711715755,-10.07126339066312,0.013593741711715755,0.054374966840669,0.06796870855237103,0.006796870855857878,0.003398435427928939,4.078122513514727,-0.013593741711715755,0.0,0.13593741711715754,-20.14252678132624,0.3398435427928941,-1.3593741711715754,2.718748342343151,0.6796870855857877,-0.013593741711715755,24.113401378999825,0.020390612567573633,-0.013593741711715755,-80.0,0.0,323.20058314349336,0.006796870855857878,-43.0,-0.013593741711715755,-0.013593741711715755,-0.013593741711715755,0.006796870855857878,46.354659236950724,-2.718748342343151,0.013593741711715755,47.713196590963165,-0.003398435427928939,-0.0149531158828888,-47.713196590963165,2.039061256757363,1.3729679128832912,310.3416093885632,46.354659236950724,-0.010195306283786816,286.8073431532938,87.97791376842251,0.013593741711715755,-0.003398435427928939,0.6796870855857877,13.593741711715754,-0.006796870855857878,-0.013593741711715755,0.003398435427928939,0.0,0.0,49.037886320462,0.0,-46.0,0.0,287.4231330094125,-31.0,0.0,-32.0,110.28906526099752,-65.0,-454.6467630598671,16.0,23.0,-55.14453263049876,0.0,15.5,-283.7487512681578,-84.33246609850232,454.6467630598671,65.0,-84.33246609850232,-287.4231330094125,41.021602325073204,0.0,1496.5981,hclb
42,0.0,0.0,0.0,0.0,0.0,0.0,0.0,0.0,445.4118333917387,0.0,0.0,0.0,0.0,0.0,0.0,0.0,0.0,-337.8232361934231,0.0,0.0,0.0,0.0,0.0,183.14529606796032,0.0,0.0,0.0,0.0,0.0,-948.0234288887588,0.0,0.0,0.0,0.0,0.0,0.0,0.0,999.9050211905006,0.0,-1000.0,913.1950943948979,0.0,0.0,848.8241835797465,0.0,0.0,0.0,0.0,0.0,0.0,0.0,0.0,0.0,0.02611917261242907,0.0,0.0,0.0,4.748940474962466,0.0,0.0,1.4652556345588048,0.0,100.66450094357106,0.0,0.0,0.0,0.0,0.0,421.96631426684996,-421.96631426684996,0.0,0.23744702374812335,0.0,0.0,0.0,0.0,0.0,0.0,0.0,0.0,0.0,0.0,606.8086140163899,0.0,14.2468214248874,0.0,30.48687976900909,90.0721766587622,0.0,427.9310299057475,-0.0059361755937030825,0.0,0.0,0.0,7.1234107124437,0.0,102.88761113376724,0.0,0.0,0.0,852.0407594565182,867.5857469568268,-948.0234288887588,0.0,0.0,0.0,0.0,0.0,0.0,0.0,0.0,0.0,0.0,0.0,0.0,0.0,0.0,0.0,0.0,0.0,0.0,0.0,0.0,0.0,-536.4962424791474,0.0,0.0,102.88761113376724,0.0,7.360857736191824,7.360857736191824,0.0,0.0,0.0,0.0,0.0,0.0,-125.00000000004175,125.00000000004175,-102.12975657812986,0.0,0.0,0.0,0.0,0.0,-574.4933921645203,0.02374470237481233,0.0,0.0,0.0,0.0,0.0,0.0,0.0,245.2321454401283,0.0,124.66714579417467,0.0,0.0,0.0,0.0,0.0,593.8769088377951,593.8769088377951,0.0,0.0,0.0,0.0,0.0,0.0,0.0,593.9006535401699,0.0,0.0,0.0,0.0,-291.7123264922425,0.0,0.0,0.0,0.0,0.0,0.0,0.0,0.0,0.0,-431.29814824273,0.0,0.0,0.0,0.0,-186.2539756103808,0.0,0.0,0.0,0.0,0.0,0.0,0.0,427.8954128521853,-427.8954128521853,0.0,0.0,0.0,0.0,0.0,0.0,0.0,0.0,-942.717028271814,0.0,0.0,0.0,0.0,0.0,0.0,0.0,0.0,0.0,0.0,0.0,0.0,0.0,125.77467888079693,96.68768088611698,948.0234288887588,0.0,0.0,0.0,102.12975657812986,82.60178506014395,0.0,0.0,0.0,0.0,1.4652556345588048,99.19924530901224,0.0,0.0,0.0,0.0,0.0,0.0,0.0,0.0,0.7645794164695872,0.0,95.76420042132354,0.0,427.8954128521853,0.0,517.9675895109475,0.0,-948.0234288887588,0.0,0.0,102.12975657812986,0.0,0.0,0.0,0.0,-51.67976233155605,0.0,0.0,-811.0161234665611,0.0,0.0,-811.0161234665611,0.0,0.0,427.8954128521853,0.0,0.0,0.0,0.0,-1.632349962033886,0.0,0.0,0.0,0.0,0.0,0.0,0.0,502.39252482839305,0.0,102.12975657812986,-853.9153129640198,0.0,0.0,0.0,1.4652556345588048,-0.0356170535622185,0.0,0.0,0.0,0.0,0.02374470237481233,0.0,0.0,0.0,0.0,0.0,0.0,-615.0815167955119,-35.30030079075681,291.7123264922425,1000.0,0.0,1000.0,0.0,0.0,0.0,0.0,0.0,-2.0444188744714773,-421.96631426684996,-575.9892668586785,-1000.0,-1000.0,0.0,0.0,0.0,0.0,0.0,0.0,0.0,0.0,0.0,0.0,0.0,0.0,0.0,0.0,0.0,0.0,0.0,574.1833002120256,0.0,-425.81669978797436,245.2321454401283,0.0,0.0,1000.0,0.0,0.0,573.7288127480507,0.0,0.0,0.0,0.0,866.3985118380862,0.0,749.9999999999999,0.0,284.1649780032886,0.0,0.0,-1.1872351187406165,1000.0,-455.9829748890063,-749.9999999999999,-934.3864910377837,184.10744541828046,-284.7585955626589,0.0,0.0,0.0,219.08215541306606,0.0,-438.7757251129538,102.88761113376724,0.0,0.0,0.0,204.82980441584434,0.0,445.4355780941135,0.0,-125.77467888079693,125.77467888079693,125.77467888079693,-122.77867513845706,0.0,0.0,0.0,0.0,0.0,0.0,0.0,0.0,-38.225485770994055,0.0,0.0,16.082705528665056,0.0,0.0,0.0,0.0,-6.199930247650252,0.04748940475019481,0.0,0.0,0.0,0.0,0.0,0.0,0.0,0.0,0.0,0.0,0.0,0.0,0.0,0.0,0.0,0.0,0.0,0.0,0.0,0.02611917261242907,0.02611917261242907,0.0,217.02573840583446,0.0,14.2468214248874,0.0,0.0,0.0,1000.0,0.0,160.14604977470228,30.48687976900909,0.0,0.0,223.78488963165637,-1000.0,0.0,0.0,0.0,0.0,0.0,16.082705528665056,0.0,0.0,0.0,0.0,0.0,0.0,0.0,178.83208082638248,0.0,0.0,0.0,340.2560444546451,0.0,0.0,0.0,-82.60178506014395,0.0,223.78488963165637,0.0,88.54691475401745,129.03804462998866,0.0,0.0,125.77467888079693,0.0,0.0,0.0,0.0,0.0,0.0,0.0,0.0,0.0,0.0,0.0,0.0,0.0,14.2468214248874,102.12975657812986,102.12975657812986,0.0,0.0,0.0,0.0,0.0,0.0,0.0,0.0,0.0,0.0,0.23744702374812335,0.0,0.0,30.48687976900909,-30.48687976900909,0.0,0.0,0.0,0.0,102.88761113376724,0.0,0.0,0.0,307.9408226027755,0.0,0.0,0.0,0.0,0.0,0.0,217.88247756206084,0.0,0.0,7.1234107124437,7.1234107124437,1000.0,-1000.0,0.0,16.082705528665056,0.0,0.0,0.0,0.0,0.0,948.0234288887588,0.0,1000.0,0.02374470237481233,0.0,0.0,0.0,1.9148406415116515,6.199930247650252,0.0,0.0,0.0,0.0,0.0,0.0,0.0,0.0,0.0,0.0,0.0,0.0,0.0,0.0,0.0,0.0,0.02374470237481233,0.0,0.0,0.0,0.0,0.0,0.0,0.0,0.0,0.0,0.0,1000.0,0.0,-426.2711872519493,-1000.0,-1.780852678110925,0.0,-1.1872351187406176,0.0,0.0,0.0,0.0,0.0,0.0,0.0,0.0,0.0,0.0,0.0,102.12975657812986,291.7123264922425,0.0,0.0,-218.50633458114712,0.0,0.0,0.0,445.4118333917387,0.0,0.0,0.02374470237481233,0.0,0.02374470237481233,0.0,0.0,0.0,14.2468214248874,28.968536897271047,28.968536897271047,0.0,0.0,0.0,0.0,0.0,0.0,0.0,0.0,0.0,0.0,0.0,0.0,0.0,0.0,0.0,0.0,0.0,0.0,0.0,0.0,0.0,0.0,0.0,0.0,0.0,0.0,0.0,82.60178506014395,0.0,-370.71376420530277,370.71376420530277,0.0356170535622185,0.0,0.0,0.0,-102.88761113376724,0.0,0.0,0.0,0.0,0.0,-217.02573840583446,1.1872351187406165,0.0,0.0,0.0,0.0,0.0,0.0,-1.1872351187406176,0.0,0.0,0.0,0.0,0.0,0.0,0.0,102.12975657812986,0.0,0.0,253.4931546087118,91.25105952503753,0.0,60.25105952503753,6.199930247650252,0.0,573.7288127480507,426.2711872519493,-1000.0,245.2321454401283,-28.968536897271047,0.0,1.1872351187406176,1000.0,0.0,0.0,0.0,-99.19924530901224,0.0,0.0,0.0,0.0,0.0,0.0,0.0,0.0,0.0,427.73644288650814,0.0,28.968536897271047,0.0,0.0,0.0,0.0,0.0,0.0,0.0,0.0,0.0,0.7645794164695872,0.0,0.0,222.36829644016723,-1.9148406415116515,0.0,0.0,7.1234107124437,30.48687976900909,0.0,0.0,0.0,69.18863959331463,0.0,0.0,0.02611917261242907,0.0,0.0,0.0,14.484268448635524,0.0,0.0,0.0,0.0,96.68768088611698,0.0,0.0,0.0,0.0,0.0,0.0,0.0,0.0,0.0,0.0,0.002374470237481301,0.002374470237481301,0.0,0.0,0.0,0.0,0.0,0.0,0.0,0.0,0.0,0.0,0.0,0.0,0.0,0.0,0.0,217.02573840583446,0.0,0.0,0.0,0.0,0.0,0.0,0.0,0.0,0.0,0.0,0.0,60.97375953801818,0.0,0.0,-337.8232361934231,0.0,0.0,0.0,14.2468214248874,0.0,0.0,0.0,0.0,0.0,0.0,-14.2468214248874,0.0,60.97375953801818,0.0,0.0,0.0,0.0,0.0,0.0,0.0,0.0,0.0,0.0,-1000.0,-1000.0,16.26512112674645,-723.9243752944031,621.0367641606359,0.0,999.9050211905006,0.0,0.0,0.0,0.0,0.0,0.0,0.0,0.0,0.0,562.5,0.0,-562.5,-562.5,0.0,0.0,0.0,0.0,-2.9680877968515427,102.12975657812986,-868.1793645161971,-1.7808526781109244,0.0,0.0,0.0,0.0,0.0,-0.29680877968515423,0.0,283.45763121112236,0.0,0.0,0.0,0.0,0.0,0.0,0.0,1000.0,7.1234107124437,7.1234107124437,0.0,0.0,0.0,0.0,0.0,0.02611917261242907,217.02573840583446,0.0,0.0,-999.9050211905006,0.0,0.0,0.0,0.0,0.0,0.0,0.0,0.0,0.0,0.0,0.0,0.0,0.0,0.0,185.35688210265138,0.0,0.0,7.360857736191824,0.0,24.93193749355295,0.0,0.0,32.31522185186966,0.0,0.0,0.0,217.02573840583446,0.0,0.0,0.0,0.0,0.0,-2.9680877968515427,0.0,0.0,0.0,0.0,0.0,0.0,0.0,0.0,0.0,0.0,0.0,0.0,0.0,0.0,0.0,0.0,0.0,0.0,-0.02374470237481233,0.0,0.0,1.1872351187406165,-223.78488963165637,0.0,0.0,0.0,0.0,102.12975657812986,0.0,0.0,0.0,2.0444188744714773,0.5936175593703082,0.0,0.0,0.0,0.02374470237481233,0.0,23.74470237481233,0.0,4.748940474962466,0.16960501696294522,80.96943509811007,-0.01780852678110925,934.3864910377837,0.47489404749624664,-0.11872351187412278,-80.96943509811007,7.123410712443699,-0.02374470237481233,0.0,16.082705528665056,0.0059361755937030825,0.16960501696294522,0.0,-34.26703638707984,-0.47489404749624664,337.8232361934231,-0.02374470237481233,0.0059361755937030825,-80.96943509811007,2.374470237481233,0.02374470237481233,0.02374470237481233,-216.97587453084722,-30.460760596396796,0.0,-0.01780852678110925,7.1234107124437,0.02374470237481233,102.88761113376724,83.89184923391737,-0.011872351187406165,-124.66714579417467,-85.0,-0.01780852678110925,-0.02374470237481233,0.0,0.02374470237481233,2.374470237481233,-0.47489404749624664,82.60178506014395,82.60178506014395,-2.374470237481233,-337.8232361934231,-82.60178506014395,4.748940474962466,0.0356170535622185,-1000.0,2.374470237481233,-178.83208082638248,16.082705528665056,-4.748940474962466,0.011872351187406165,0.23744702374812335,153.77037919887798,96.0,-0.02374470237481233,-222.36829644016723,216.97587453084722,7.360857736191824,0.02374470237481233,34.26703638707984,-108.17513774243332,16.082705528665056,-0.02374470237481233,-0.0059361755937030825,-16.082705528665056,-0.02374470237481233,-6.199930247650252,0.02374470237481081,-0.0059361755937030825,-0.0059361755937030825,-0.0059361755937030825,9.497880949924932,-83.89184923391737,0.23744702374812335,17.59185637194019,-0.0059361755937030825,307.54075839775595,1.1872351187406165,4.287200242565742,0.02374470237481233,0.011872351187406165,0.011872351187406165,-40.649055287251166,0.0,0.02374470237481233,0.0,0.23744702374812335,0.02374470237481233,-17.59185637194019,0.02374470237481233,0.09497880949936643,0.11872351187412278,0.011872351187406165,0.0059361755937030825,7.1234107124437,-0.02374470237481233,0.0,0.23744702374812332,-35.18371274388038,933.7928734784134,-2.374470237481233,4.748940474962466,1.1872351187406165,-0.02374470237481233,0.0,0.0356170535622185,-0.02374470237481233,81.29811057450235,0.0,21.85830916830041,0.011872351187406165,-8.574400485131484,-0.02374470237481233,-0.02374470237481081,-0.02374470237481233,0.011872351187406165,80.96943509811007,-4.748940474962466,0.02374470237481233,307.54075839775595,-0.0059361755937030825,30.460760596396796,-307.54075839775595,3.5617053562218497,85.0,707.4535970878736,80.96943509811007,-0.01780852678110925,222.36829644016723,-96.0,0.02374470237481233,-0.005936175593703083,1.1872351187406176,23.74470237481233,-0.011872351187406165,-0.02374470237481233,0.0059361755937030825,0.0,0.0,144.1616848908798,0.0,-46.0,0.0,-80.84221541683297,5.675172325166764,0.0,-32.0,-93.0,-65.0,-855.8264427579328,16.0,23.0,46.5,0.0,-2.837586162583382,-217.02573840583446,-91.04694876161504,855.8264427579328,65.0,-91.04694876161504,80.84221541683297,12.479226044059558,0.0,1496.5981,hclb
43,0.0,0.0,0.0,0.0,0.0,0.0,0.0,0.0,639.3999825315118,0.0,0.0,0.0,0.0,0.0,0.0,0.0,195.91535066320353,-18.66346672021791,0.0,0.0,0.0,0.0,0.0,291.5165109328905,0.0,0.0,0.0,0.0,0.0,111.25804454998456,0.0,0.0,6.8295160755145705,0.0,0.0,0.0,0.0,64.77798175684104,0.0,-1000.0,408.1919971680753,0.0,0.0,-372.30323136663384,0.0,0.0,207.97267895434496,0.0,0.0,0.0,0.0,0.0,0.0,0.029344140666707208,0.0,0.0,0.0,0.0,0.0,0.0,30.31200655427662,0.0,104.95576761302041,0.0,0.0,0.0,0.0,0.0,0.0,179.8026407830674,0.0,0.2667649151512289,0.0,0.0,0.0,0.0,0.0,0.0,0.0,0.0,0.0,0.0,0.0,0.0,16.00589490907373,0.0,12.427941815390692,-813.4163826969054,186.58361730309457,0.0,-0.006669122878780721,0.0,0.0,840.4087877529474,8.002947454536866,0.0,90.23061883671022,0.0,114.53918269328834,0.0,0.0,658.857339672789,-274.64083864516056,0.0,0.0,-23.58093346200114,0.0,0.0,0.0,0.0,0.0,0.0,0.0,0.0,0.0,0.0,0.0,0.0,0.0,0.0,0.0,0.0,0.0,0.0,-559.5714411415313,0.0,0.0,90.23061883671022,0.0,8.269712369688095,0.0,0.0,-87.3398688855132,0.0,87.3398688855132,-87.3398688855132,-1000.0,660.4728423383899,-660.4728423383899,864.732225832703,0.0,0.0,0.0,0.0,0.0,14.482031662055153,0.026676491515122885,0.0,0.0,0.0,-235.11904607791504,0.0,0.0,0.0,0.0,0.0,180.84008431172632,0.0,0.0,0.0,0.0,0.0,87.85727904195303,87.85727904195303,0.0,0.0,0.0,0.0,655.4208983523182,0.0,0.0,87.88395553346815,0.0,0.0,0.0,-714.2625709783997,0.0,0.0,0.0,0.0,0.0,0.0,0.0,0.0,0.0,0.0,0.0,0.0,0.0,0.0,0.0,-769.1949352578525,0.0,0.0,0.0,0.0,0.0,0.0,0.0,-186.58361730309457,186.58361730309457,87.63742437301869,0.0,0.0,0.0,0.0,0.0,0.0,385.8988831951451,869.5792231249948,0.0,0.0,0.0,0.0,0.0,0.0,0.0,0.0,0.0,0.0,0.0,0.0,0.0,199.25390249220365,285.01731406613754,-307.1733952131881,0.0,0.0,0.0,47.630349794278345,82.30567435697259,0.0,0.0,0.0,0.0,30.31200655427662,65.1298361534457,0.0,0.0,0.0,0.0,0.0,0.0,0.0,0.0,0.8589830267867242,5.335298303024577,82.22767138217336,0.0,195.87533592593084,569.04257053212,-1000.0,0.0,307.1733952131881,0.0,0.0,135.26777416729703,700.4271886295423,0.0,0.0,0.0,-246.9412162975658,0.0,0.0,764.5033724211839,0.0,0.0,764.5033724211839,0.0,0.0,0.0,0.0,608.169298673593,0.0,0.0,-95.51568740279842,0.0,0.0,0.0,-496.1447663128627,0.0,496.1447663128627,0.0,1000.0,0.0,47.630349794278345,1000.0,0.0,0.0,0.0,30.31200655427662,-0.04001473727268433,0.0,0.0,0.0,0.0,0.026676491515122885,0.0,0.0,0.0,508.1622346643643,195.91535066320353,0.0,-519.1356931600603,432.6674081393274,0.0,498.42261600478554,0.0,1000.0,0.0,-23.58093346200114,0.0,0.0,0.0,-2.296845919452152,2.296845919452152,-1000.0,0.0,-1000.0,0.0,0.0,0.0,0.0,0.0,0.0,0.0,0.0,0.0,0.0,0.0,0.0,0.0,0.0,0.0,0.0,0.0,-935.1153122770984,0.0,-1000.0,0.0,0.0,0.0,0.0,0.0,0.0,-15.341014688841877,0.0,114.53918269328834,0.0,912.4732885423274,657.5235150970328,0.0,0.0,-47.6053419052912,0.0,-2.296845919452152,0.0,0.0,0.0,51.60681563255963,0.0,-282.4902402189813,-217.63880916199656,-0.6669122878780721,-1.3338245757561442,226.60037600527573,0.0,277.8262561587886,0.0,0.0,90.23061883671022,0.0,0.0,0.0,0.0,0.0,639.4266590230269,0.0,-199.25390249220365,199.25390249220365,199.25390249220365,111.24563515897657,0.0,0.0,-741.4805439413894,0.0,0.0,385.8988831951451,0.0,0.0,-49.78787742796241,0.0,-1000.0,0.0,0.0,0.0,0.0,0.0,-40.332350848487714,0.053352983030221214,0.0,0.0,0.0,0.0,0.0,0.0,0.0,0.0,0.0,0.0,0.0,0.0,0.0,0.0,0.0,0.0,0.0,0.0,0.0,0.029344140666707208,0.029344140666707208,0.0,289.91860418917906,0.0,16.00589490907373,0.0,0.0,0.0,1000.0,0.0,0.0,12.427941815390692,0.0,0.0,380.85024442380944,-1000.0,0.0,0.0,169.04650100764428,0.0,0.0,0.0,0.0,0.0,0.0,0.0,0.0,0.0,0.0,186.52381371384377,-508.1622346643643,235.11904607791504,0.0,14.482031662055153,0.0,840.4087877529474,0.0,-169.94309872999128,0.0,380.85024442380944,0.0,340.51789357532175,0.0,-750.0000000000007,750.0000000000007,199.25390249220365,0.0,0.0,0.0,0.0,0.0,0.0,0.0,0.0,0.0,0.0,0.0,0.0,0.0,16.00589490907373,135.26777416729703,135.26777416729703,0.0,0.0,0.0,0.0,0.0,0.0,0.0,0.0,0.0,0.0,0.2667649151512289,0.0,0.0,12.427941815390692,-12.427941815390692,0.0,0.0,0.0,0.0,90.23061883671022,-169.04650100764428,0.0,0.0,0.0,0.0,0.0,0.0,0.0,0.0,0.0,1000.0,0.0,0.0,8.002947454536866,8.002947454536866,-578.1300367894946,-1000.0,0.0,0.0,0.0,0.0,0.0,0.0,0.0,-725.3591613548394,385.8988831951451,-863.9833721084797,0.026676491515122885,0.0,0.0,0.0,35.23011797307907,0.0,0.0,-840.4087877529474,0.0,0.0,0.0,0.0,0.0,0.0,0.0,0.0,0.0,0.0,0.0,0.0,0.0,0.0,0.026676491515122885,0.0,0.0,0.0,140.89854300272032,-140.89854300272032,0.0,0.0,0.0,0.0,0.0,99.19816800444646,0.0,0.0,-64.88468772290162,-2.0007368636342164,0.0,-1.3338245757561453,0.0,0.0,0.0,0.0,0.0,0.0,0.0,0.0,0.0,0.0,0.0,135.26777416729703,0.0,0.0,0.0,279.16008073454475,0.0,0.0,0.0,639.3999825315118,0.0,0.0,0.026676491515122885,0.0,0.026676491515122885,0.0,179.8026407830674,0.0,16.00589490907373,32.545319648449926,32.545319648449926,0.0,0.0,0.0,0.0,0.0,0.0,0.0,235.11904607791504,0.0,385.8988831951451,0.0,0.0,0.0,0.0,0.0,0.0,0.0,0.0,0.0,0.0,0.0,0.0,0.0,0.0,0.0,0.0,0.0,169.94309872999128,0.0,0.0,0.0,0.04001473727268433,0.0,0.0,0.0,-90.23061883671022,0.0,0.0,0.0,0.0,0.0,-289.91860418917906,1.3338245757561442,0.0,0.0,0.0,0.0,-655.4208983523182,15.341014688841877,-1.3338245757561453,0.0,-1000.0,0.0,0.0,0.0,0.0,0.0,135.26777416729703,0.0,169.04650100764428,0.0,90.66470169697543,0.0,294.7837477748905,-23.58093346200114,0.0,0.0,114.53918269328834,-114.53918269328834,0.0,667.8818689810925,0.0,1.3338245757561442,1000.0,0.0,0.0,0.0,-74.64376105874379,0.0,0.0,0.0,0.0,0.0,0.0,0.0,0.0,0.0,-2.0007368636342164,-2.0007368636340033,32.545319648449926,0.0,0.0,0.0,0.0,0.0,0.0,0.0,0.0,0.0,0.8589830267867242,0.0,0.0,293.9200779164475,-35.23011797307907,0.0,0.0,8.002947454536866,12.427941815390692,0.0,0.0,0.0,40.72148967105967,0.0,0.0,0.029344140666707208,0.0,0.0,0.0,16.272659824224963,0.0,0.0,0.0,0.0,285.01731406613754,0.0,0.0,0.0,0.0,0.0,0.0,0.0,0.0,-877.9848065517925,0.0,0.0026676491515122886,0.0026676491515122886,0.0,0.0,0.0,0.0,0.0,0.0,0.0,0.0,0.0,0.0,0.0,0.0,0.0,0.0,0.0,289.91860418917906,0.0,0.0,0.0,0.0,0.0,0.0,0.0,0.0,0.0,0.0,0.0,24.855883630781385,0.0,1000.0,-18.66346672021791,0.0,0.0,0.0,16.00589490907373,0.0,0.0,0.0,0.0,0.0,0.0,-16.00589490907373,0.0,24.855883630781385,0.0,0.0,0.0,0.0,0.0,0.0,0.0,0.0,0.0,0.0,340.66550682352045,-1000.0,18.27339668785918,0.0,-90.23061883671022,0.0,64.77798175684104,0.0,0.0,0.0,0.0,0.0,0.0,0.0,0.0,0.0,0.0,0.0,0.0,0.0,0.0,0.0,0.0,0.0,-3.3345614393903618,135.26777416729703,-659.524251960667,0.0,0.0,0.0,0.0,0.0,0.0,-0.3334561439390361,0.0,49.78787742796241,0.0,0.0,0.0,0.0,0.0,0.0,0.0,476.6821347150408,8.002947454536866,8.002947454536866,0.0,0.0,0.0,0.0,0.0,0.029344140666707208,289.91860418917906,0.0,0.0,-64.77798175684104,0.0,0.0,0.0,0.0,0.0,0.0,0.0,0.0,0.0,0.0,0.0,0.0,0.0,0.0,89.9013203915337,0.0,0.0,0.0,0.0,28.01031609087903,14.482031662055153,0.0,0.0,0.0,0.0,0.0,289.91860418917906,0.0,-15.341014688841877,0.0,0.0,0.0,-3.3345614393903618,0.0,0.0,0.0,0.0,0.0,0.0,0.0,0.0,0.0,0.0,0.0,0.0,0.0,0.0,0.0,0.0,0.0,0.0,-0.026676491515122885,0.0,0.0,1.3338245757561442,-380.85024442380944,0.0,0.0,0.0,0.0,135.26777416729703,0.0,0.0,0.0,2.296845919452152,0.6669122878780721,0.0,0.0,0.0,0.026676491515122885,0.0,26.676491515122883,-8.269712369688095,5.335298303024577,0.19054636796516347,74.42741132719286,-0.020007368636342164,330.0955821242725,0.5335298303024577,-0.13338245757569211,-74.42741132719286,8.002947454536866,-0.026676491515122885,7.860311154000381,0.0,0.006669122878780721,0.19054636796516347,-23.58093346200114,-16.674839264598024,-0.5335298303024577,-177.25188394298561,-0.026676491515122885,0.006669122878780721,-74.42741132719286,2.6676491515122884,0.026676491515122885,0.026676491515122885,-289.86258355699727,-12.398597674724057,0.0,-0.020007368636342164,8.002947454536866,0.026676491515122885,90.23061883671022,68.88942562461192,-0.013338245757561443,-133.67821738772403,-85.0,-0.020007368636342164,-0.026676491515122885,-8.269712369688095,0.026676491515122885,2.6676491515122884,-0.5335298303024577,169.94309872999128,169.94309872999128,-2.6676491515122884,177.25188394298561,-169.94309872999128,5.335298303024577,0.04001473727268433,660.1947481661625,2.6676491515122884,-186.52381371384377,0.0,-5.335298303024577,0.013338245757561443,0.26676491515122885,129.78392329001508,96.0,-0.026676491515122885,-295.9208147800815,289.86258355699727,8.269712369688095,0.026676491515122885,16.674839264598024,-114.23946120032116,0.0,-0.026676491515122885,-0.006669122878780721,0.0,-0.026676491515122885,-40.332350848487714,0.026676491515122885,-0.006669122878780721,-0.006669122878780721,-0.006669122878780721,10.670596606049154,-68.88942562461192,0.26676491515122885,19.763945651267637,-0.006669122878780721,251.70753542602978,1.3338245757561442,21.5,0.026676491515122885,0.013338245757561443,0.013338245757561443,-21.147525745626883,8.269712369688095,0.026676491515122885,-8.269712369688095,0.2667649151512289,0.026676491515122885,-19.763945651267637,0.026676491515122885,0.10670596606053095,0.13338245757569211,0.013338245757561443,0.006669122878780721,8.002947454536866,-0.026676491515122885,0.0,0.26676491515122885,-39.527891302535274,329.42866983639453,-2.6676491515122884,5.335298303024577,1.3338245757561442,-0.026676491515122885,23.58093346200114,0.04001473727268433,-0.026676491515122885,42.295051491253766,8.269712369688095,157.09485295938617,0.013338245757561443,-43.0,-0.026676491515122885,-0.026676491515122885,-0.026676491515122885,0.013338245757561443,74.42741132719286,-5.335298303024577,0.026676491515122885,259.56784658003016,-0.006669122878780721,12.398597674724057,-259.56784658003016,4.001473727268432,85.0,-911.6662325862588,74.42741132719286,-0.020007368636342164,295.9208147800815,-96.0,0.026676491515122885,-0.006669122878780721,913.8071131180836,26.676491515122883,-0.013338245757561443,-0.026676491515122885,0.006669122878780721,1000.0,0.0,-660.2080864119201,0.0,-46.0,0.0,292.8454007758117,-31.0,0.0,-32.0,-93.0,-65.0,0.0,16.0,23.0,46.5,0.0,15.5,-289.91860418917906,-197.81634263044583,0.0,65.0,-197.81634263044583,-292.8454007758117,202.20860641231027,0.0,1496.5981,hclb
44,0.0,0.0,0.0,0.0,0.0,0.0,0.0,0.0,119.86053261568361,0.0,0.0,0.0,0.0,0.0,0.0,0.0,94.48739908221637,0.0,0.0,160.5227072788041,0.0,0.0,0.0,0.0,0.0,173.11518303416233,0.0,0.0,0.0,820.6933437111543,0.0,0.0,19.757755796639145,0.0,0.0,0.0,0.0,917.5769431683816,0.0,-1000.0,1000.0,0.0,0.0,0.0,0.0,0.0,374.6605210646115,0.0,0.0,-292.1463854504436,0.0,915.1807427933707,0.0,0.03393210466271057,0.0,0.0,0.0,6.169473575030046,0.0,0.0,77.67256217884548,0.0,-465.7016892655018,-629.1966882158071,1000.0,0.0,0.0,0.0,959.2616439540249,0.0,0.0,0.30847367875150233,0.0,0.0,0.0,0.0,0.0,0.0,0.0,0.0,0.0,0.0,0.0,0.0,18.50842072509014,0.0,0.0,669.16734319862,-159.14713047657946,98.55578938595278,0.0,0.0,0.0,719.9116229839265,9.25421036254507,0.0,106.67581772338045,-388.1408177977752,72.2494570576163,0.0,0.0,1.5423683937575114,696.4539124412496,0.0,0.0,-10.560517373320005,0.0,1000.0,0.0,0.0,0.0,0.0,0.0,0.0,0.0,0.0,0.0,0.0,0.0,0.0,0.0,0.0,0.0,0.0,-1000.0,0.0,0.0,106.67581772338045,0.0,9.56268404129657,0.0,0.0,0.0,0.0,0.0,0.0,-241.16756112915076,0.0,0.0,0.0,0.0,0.0,0.0,0.0,0.0,2.3752473263865674,0.030847367875150227,0.007711841968787557,0.0,0.0,0.0,-590.5181224565915,0.0,0.0,0.0,0.0,-177.83679231710244,0.0,0.0,0.0,0.0,0.0,-498.7927038196227,-498.7927038196227,0.0,0.0,0.0,0.0,0.0,0.0,0.0,-498.7618564517476,0.0,0.0,0.0,-993.3896716935693,-844.3336987084566,0.0,0.0,0.0,0.0,0.0,0.0,0.0,0.0,0.0,0.0,0.0,0.0,0.0,0.0,-1000.0,0.0,0.0,0.0,0.0,0.0,292.1463854504436,-915.1807427933707,159.14713047657946,-159.14713047657946,3.0949966154690065,0.0,0.0,0.0,0.0,0.0,0.0,124.23943126990463,645.4927278971677,0.0,0.0,0.0,0.0,0.0,0.0,0.0,0.0,0.0,0.0,0.0,0.0,0.0,141.21540726632298,657.278676967487,0.0,0.0,0.0,0.0,238.07256451368175,81.88441584460982,0.0,0.0,0.0,0.0,77.67256217884548,0.0,0.0,0.0,0.0,0.0,0.0,0.0,0.0,0.0,0.0,0.0,97.42160736083538,0.0,0.0,-318.2942609531589,-86.86626911817123,0.0,0.0,0.0,0.0,241.16756112915076,-78.46609706756209,0.0,0.0,0.0,0.4553894882019449,0.0,0.0,-443.3861382956954,0.0,375.00000000000034,-443.3861382956954,0.0,375.00000000000034,0.0,0.0,565.6832373501338,292.1463854504436,0.0,1.0847439115903086,0.0,0.0,0.0,0.0,0.0,0.0,0.0,-124.16303012288637,0.0,238.07256451368175,0.0,0.0,0.0,0.0,77.67256217884548,-0.04627105181272534,0.0,0.0,0.0,0.0,0.030847367875150227,0.0,0.0,0.0,808.3447698165407,94.48739908221637,0.0,-132.47924067350596,772.5393717369462,844.3336987084566,794.7727267847287,0.0,112.81409619267527,0.0,-10.560517373320005,0.0,0.0,0.0,761.6710027533841,0.0,-874.4850989460593,303.5460875587504,-1000.0,0.0,0.0,0.0,0.0,0.0,0.0,0.0,0.0,0.0,0.0,0.0,0.0,0.0,0.0,0.0,0.0,0.0,0.0,0.0,-917.7003326398819,0.0,0.0,387.1475325521957,0.0,303.0665152785873,0.0,540.603010390188,0.0,72.2494570576163,0.0,290.517579093056,0.0,40.73835604597514,0.0,0.0,-29.739857147561793,-1000.0,0.0,-1.5423683937575114,-221.89542211832094,0.0,0.0,-1.5423683937575117,1000.0,28.968672950683036,0.0,-88.40855633018056,0.0,-418.8848361532199,0.0,1000.0,106.67581772338045,0.0,0.0,0.0,0.0,0.0,119.89137998355876,0.0,-141.21540726632298,141.21540726632298,141.21540726632298,97.39104379828997,0.0,0.0,0.0,0.0,0.0,124.23943126990463,0.0,0.0,-85.82243677145979,0.0,0.0,311.9030909386517,0.0,0.0,0.0,0.0,-39.91526321248498,0.061694735750279506,0.0,0.0,0.0,0.0,0.0,0.0,0.0,241.57881412607537,0.0,959.2616439540249,0.0,0.0,0.0,0.0,0.0,0.0,0.0,0.0,0.0,0.03393210466271057,0.03393210466271057,0.0,231.04593369129293,0.0,18.50842072509014,0.0,0.0,0.0,0.0,0.0,0.0,0.0,0.0,0.0,178.46467284304802,0.0,0.0,0.0,0.0,0.0,0.0,311.9030909386517,0.0,0.0,0.0,0.0,0.0,0.0,0.0,333.3333333333333,-808.3447698165407,590.5181224565915,0.0,2.3752473263865674,0.0,719.9116229839265,0.0,-84.97941246007883,0.0,178.46467284304802,0.0,138.54940963056305,0.0,-375.00000000000034,375.00000000000034,141.21540726632298,0.0,0.0,0.0,0.0,0.0,0.0,0.0,0.0,0.0,0.0,0.0,0.0,0.0,18.50842072509014,241.16756112915076,241.16756112915076,0.0,0.0,0.0,0.0,0.0,0.0,0.0,0.0,0.0,0.0,0.30847367875150233,0.0,0.0,0.0,0.0,0.0,-915.1807427933707,0.0,0.0,106.67581772338045,0.0,0.0,0.0,0.0,0.0,0.0,0.0,0.0,0.0,0.0,-310.99270441686224,842.9014648091386,0.0,9.25421036254507,9.25421036254507,0.0,0.0,0.0,311.9030909386517,0.0,0.0,0.0,0.0,0.0,-1000.0,124.23943126990463,-832.1628432092236,0.030847367875150227,0.0,0.0,40.73835604597514,0.0,0.0,241.57881412607537,-719.9116229839265,0.0,0.0,0.0,0.0,0.0,0.0,0.0,0.0,0.0,0.0,0.0,0.0,0.0,0.0,0.030847367875150227,0.0,0.0,0.0,0.0,0.0,0.0,0.0,0.0,0.0,0.0,1000.0,0.0,0.0,-917.7003326398819,-2.3135525906362675,0.0,-1.5423683937575114,0.0,0.0,0.0,0.0,0.0,0.0,0.0,0.0,0.0,0.0,0.0,241.16756112915076,844.3336987084566,0.0,0.0,582.6575322405376,0.0,0.0,0.0,119.86053261568361,0.0,0.0,0.030847367875150227,0.0,0.030847367875150227,0.0,0.0,0.0,18.50842072509014,37.63378880768328,37.63378880768328,0.0,0.0,0.0,0.0,0.0,0.0,0.0,590.5181224565915,0.0,124.23943126990463,0.0,0.0,764.3269611274345,0.0,0.0,0.0,0.0,0.0,0.0,0.0,0.0,0.0,0.0,0.0,0.0,0.0,0.0,84.97941246007883,0.0,-173.11518303416233,173.11518303416233,0.04627105181272534,0.0,0.0,0.0,-106.67581772338045,0.0,0.0,0.0,0.0,0.0,-231.04593369129293,1.5423683937575114,0.0,0.0,0.0,0.0,0.0,-60.4238446256868,-1.5423683937575114,0.0,0.0,0.0,0.0,0.0,0.0,0.0,241.16756112915076,0.0,0.0,1000.0,89.83052642496996,0.0,649.3486488815615,-10.560517373320005,0.0,480.17916576450125,72.2494570576163,-552.4286228221175,0.0,-116.09988587524538,0.0,1.5423683937575114,1000.0,0.0,0.0,0.0,-85.82243677145979,0.0,0.0,717.7415410568652,-717.7415410568652,0.0,-542.9782577165746,0.0,0.0,0.0,233.35948628192924,-237.98659146320176,37.63378880768328,0.0,-625.0,-625.0,625.0,0.0,0.0,0.0,0.0,0.0,0.0,0.0,0.0,0.0,-1000.0,-921.2062567761828,0.0,9.25421036254507,0.0,0.0,0.0,0.0,-297.94865360025153,0.0,0.0,0.03393210466271057,0.0,0.0,0.0,18.81689440384164,0.0,0.0,0.0,0.0,657.278676967487,0.0,0.0,0.0,0.0,0.0,0.0,0.0,0.0,0.0,0.0,0.003084736787515111,0.003084736787515111,0.0,0.0,0.0,0.0,0.0,0.0,0.0,0.0,0.0,40.73835604597514,0.0,0.0,0.0,0.0,0.0,231.04593369129293,0.0,0.0,0.0,0.0,0.0,0.0,0.0,292.1463854504436,0.0,0.0,0.0,0.0,0.0,0.0,0.0,0.0,0.0,0.0,18.50842072509016,0.0,0.0,0.0,0.0,0.0,-411.4327208674567,392.9243001423665,0.0,0.0,0.0,0.0,0.0,0.0,0.0,0.0,0.0,0.0,0.0,0.0,832.1628432092236,0.0,785.4574081219124,-106.67581772338045,0.0,0.0,917.5769431683816,0.0,0.0,0.0,0.0,0.0,0.0,0.0,0.0,0.0,0.0,0.0,0.0,0.0,0.0,0.0,0.0,0.0,-3.855920984393779,241.16756112915076,-2.3135525906362675,1000.0,0.0,0.0,0.0,0.0,0.0,0.0,-0.3855920984393779,85.82243677145979,0.0,0.0,0.0,0.0,0.0,0.0,0.0,1000.0,9.25421036254507,9.25421036254507,0.0,0.0,0.0,0.0,0.0,0.03393210466271057,231.04593369129293,0.0,0.0,-917.5769431683816,0.0,0.0,0.0,0.0,0.0,0.0,0.0,0.0,0.0,0.0,0.0,0.0,0.0,0.0,0.0,0.0,0.0,0.0,0.0,32.38973626890775,2.3752473263865674,0.0,0.0,0.0,0.0,0.0,231.04593369129293,0.0,59.4305593801073,0.0,0.0,0.0,-3.855920984393779,0.0,0.0,0.0,0.0,0.0,0.0,0.0,0.0,0.0,0.0,0.0,0.0,0.0,0.0,0.0,0.0,0.0,0.0,-0.030847367875150227,0.0,0.0,1.5423683937575114,-178.46467284304802,0.0,0.0,0.0,0.0,241.16756112915076,0.0,0.0,0.0,-761.6710027533841,0.7711841968787561,0.0,0.0,173.11518303416233,0.030847367875150227,0.0,30.847367875150226,-9.56268404129657,6.169473575030047,0.22033834196535879,86.06415637166914,-0.02313552590636267,1.5423683937575117,0.6169473575030047,-0.1542368393754714,-86.06415637166914,9.25421036254507,-0.03084736787515023,3.520172457773335,311.9030909386517,0.007711841968787558,0.22033834196535879,-10.560517373320005,-4.9109009657235685,-0.6169473575030047,-255.01010636102046,-0.03084736787515023,0.007711841968787558,-86.06415637166914,3.084736787515023,0.03084736787515023,0.030847367875150227,-230.98115421875508,0.033932104662665344,-38.551984262484105,-0.02313552590636267,9.25421036254507,0.03084736787515023,106.67581772338045,81.99792342326027,-0.015423683937575115,237.50981132622655,-85.0,-0.02313552590636267,-0.03084736787515023,-9.56268404129657,0.030847367875150227,3.084736787515023,-0.6169473575030047,84.97941246007883,84.97941246007883,-3.084736787515023,255.01010636102046,-84.97941246007883,6.169473575030046,0.04627105181272534,0.0,3.084736787515023,-333.3333333333333,311.9030909386517,-6.169473575030046,0.015423683937575114,0.30847367875150233,33.11981016837649,96.0,-0.030847367875150227,-237.98659146320176,230.98115421875508,9.56268404129657,0.03084736787515021,4.9109009657235685,177.46464212763613,311.9030909386517,-0.030847367875150227,-0.007711841968787558,-311.9030909386517,-0.03084736787515023,-39.91526321248498,0.03084736787515023,-0.007711841968787557,-0.007711841968787557,-0.007711841968787557,12.338947150060092,-81.99792342326027,0.30847367875150233,119.35250238267896,-0.007711841968787558,62.71944787897964,1.5423683937575114,21.5,0.030847367875150227,0.015423683937575115,0.015423683937575115,40.0,9.56268404129657,0.030847367875150227,-9.56268404129657,0.30847367875150233,0.03084736787515023,-312.3494197990354,0.03084736787515023,0.1233894715002748,0.1542368393754714,0.015423683937575115,0.007711841968787558,9.25421036254507,-0.03084736787515023,38.551984262484105,0.30847367875150233,-238.70500476535793,0.7711841968787558,-3.084736787515023,6.169473575030046,1.5423683937575114,-0.03084736787515023,10.560517373320005,0.04627105181272534,-0.03084736787515023,-80.0,9.56268404129657,737.2985708100928,0.015423683937575115,-43.0,-0.03084736787515023,-0.03084736787515023,-0.03084736787515023,0.015423683937575115,86.06415637166914,-6.169473575030046,0.030847367875150227,66.23962033675298,-0.007711841968787557,-0.033932104662665344,-66.23962033675298,4.627105181272534,85.0,-49.80761861353002,86.06415637166914,-0.02313552590636267,237.98659146320176,-96.0,0.03084736787515023,-0.007711841968787558,292.0599474868135,30.847367875150226,-0.015423683937575115,-0.03084736787515021,0.007711841968787558,0.0,0.0,-98.57121306989035,192.99691741635644,-46.0,0.0,330.38237588245306,-31.0,0.0,-32.0,-93.0,-65.0,-98.55578938595278,16.0,23.0,46.5,0.0,15.5,-231.04593369129293,-439.34991720984124,98.55578938595278,65.0,-439.34991720984124,-330.38237588245306,74.91649848365097,0.0,1496.5981,hclb
45,0.0,0.0,0.0,0.0,0.0,0.0,0.0,0.0,-0.019196333324679852,0.0,0.0,0.0,0.0,0.0,0.0,0.0,-150.9511566522866,757.8507486637275,0.0,-698.0976866954268,0.0,0.0,0.0,684.6972813221827,0.0,0.0,0.0,0.0,0.0,1000.0,0.0,0.0,17.267846892148,0.0,0.0,0.0,0.0,133.09449224739114,0.0,-1000.0,1000.0,0.0,0.0,-11.852675318385081,0.0,0.0,0.0,0.0,0.0,-198.65284904956948,0.0,0.0,0.0,0.021115966657139544,0.0,0.0,0.0,0.0,0.0,0.0,-40.46241293578336,0.0,0.0,-88.03135705582781,0.0,0.0,0.0,0.0,702.3678552307183,-702.3678552307183,0.0,0.19196333324679854,0.0,0.0,0.0,0.0,0.0,0.0,0.0,0.0,0.0,0.0,0.0,0.0,11.517799994807913,0.0,54.62817055433815,-470.12346901584965,-470.12346901584965,703.0248268337587,-0.004799083331169963,0.0,0.0,0.0,5.758899997403956,0.0,5.758899997403956,0.0,0.0,0.0,0.0,620.1421630253772,851.5842285815369,0.0,0.0,-13.307914141376585,678.7599115673777,0.0,0.0,0.0,0.0,0.0,0.0,0.0,0.0,0.0,0.0,0.0,0.0,0.0,0.0,0.0,0.0,0.0,-336.0753871553777,0.0,0.0,5.758899997403956,0.0,5.950863330650754,5.950863330650754,0.0,-1000.0,1000.0,0.0,0.0,125.00000000000011,0.0,0.0,-172.56894412004456,0.0,0.0,0.0,0.0,0.0,56.10628822033849,0.019196333324679852,0.0,0.0,0.0,0.0,-678.7599115673777,0.0,0.0,0.0,0.0,-56.95196399892972,0.0,0.0,0.0,0.0,0.0,737.0101882309264,737.0101882309264,0.0,0.0,0.0,0.0,0.0,0.0,0.0,737.029384564251,0.0,0.0,0.0,-23.566678117660445,-842.5353192731335,0.0,0.0,0.0,0.0,0.0,0.0,0.0,0.0,0.0,-152.31272479700135,0.0,0.0,0.0,0.0,-1000.0,0.0,0.0,0.0,0.0,0.0,198.65284904956948,0.0,470.12346901584965,-470.12346901584965,0.0,0.0,0.0,0.0,0.0,0.0,0.0,148.4157714184631,-941.238808330521,0.0,0.0,0.0,0.0,0.0,0.0,0.0,0.0,0.0,0.0,0.0,0.0,0.0,116.9193892609692,-35.32146667012806,-849.0488433477134,0.0,0.0,0.0,47.56894412004445,43.19902327746566,0.0,0.0,0.0,0.0,-40.46241293578336,-837.1961680293283,0.0,0.0,0.0,0.0,0.0,0.0,0.0,0.0,0.6181219330543684,3.8392666649359706,0.0,0.0,402.2376642080702,-538.0092738236291,0.0,0.0,849.0488433477134,0.0,0.0,47.56894412004445,-564.0836262072039,0.0,0.0,0.0,-19.986531628536177,0.0,0.0,-755.8637836645908,0.0,0.0,-755.8637836645908,0.0,0.0,0.0,0.0,1000.0,198.65284904956948,0.0,22.260473359692618,0.0,0.0,0.0,580.2031447734919,0.0,-580.2031447734919,0.0,573.1064802345873,0.0,47.56894412004445,-232.58778762705413,0.0,0.0,0.0,-40.46241293578336,-0.02879449998701978,0.0,0.0,0.0,0.0,0.019196333324679852,0.0,0.0,0.0,950.423954792076,-150.9511566522866,0.0,-8.871942760917722,-679.3614112414109,842.5353192731335,882.0292225422955,0.0,-205.42674937960166,0.0,-13.307914141376585,0.0,0.0,0.0,681.2476741571613,-97.75772211686049,-378.0632026606992,-1000.0,-1000.0,0.0,0.0,0.0,0.0,0.0,0.0,0.0,0.0,0.0,0.0,0.0,0.0,0.0,0.0,0.0,0.0,0.0,0.0,0.0,-1000.0,0.0,866.8287224193101,0.0,1000.0,0.0,0.0,-56.72441015339288,0.0,0.0,0.0,0.0,619.1823463591431,0.0,-249.9999999999998,-810.5509898458056,392.0824890016445,-604.6101331138578,0.0,-1000.0,0.0,-330.6851386173985,249.9999999999998,0.0,557.0524452607813,-392.5623973347615,999.040183333766,0.0,0.0,-275.98555460563296,1000.0,316.7858211229652,5.758899997403956,0.0,0.0,0.0,555.5160524952332,0.0,0.0,342.9852120784587,226.0658228174895,-226.0658228174895,-226.0658228174895,-453.04740501879263,0.0,0.0,0.0,0.0,0.0,148.4157714184631,0.0,0.0,-19.23742888293488,0.0,0.0,123.72967745510847,0.0,0.0,0.0,0.0,-41.08036666753201,0.03839266664937935,0.0,0.0,0.0,0.0,0.0,0.0,0.0,0.0,0.0,0.0,0.0,0.0,0.0,0.0,0.0,0.0,0.0,0.0,0.0,0.021115966657139544,0.021115966657139544,0.0,209.08012259603322,0.0,11.517799994807913,0.0,0.0,0.0,1000.0,0.0,758.4131397316202,54.62817055433815,0.0,0.0,-564.3582006240124,-1000.0,0.0,0.0,0.0,0.0,0.0,123.72967745510847,0.0,0.0,0.0,0.0,0.0,0.0,0.0,112.02512905179258,-950.423954792076,0.0,0.0,56.10628822033849,0.0,-212.7448698258018,212.7448698258018,169.54584654833613,0.0,-564.3582006240124,0.0,0.0,-605.4385672915444,0.0,0.0,116.9193892609692,0.0,0.0,0.0,0.0,0.0,0.0,0.0,0.0,0.0,0.0,0.0,0.0,0.0,11.517799994807913,47.56894412004445,47.56894412004445,0.0,0.0,0.0,0.0,0.0,0.0,0.0,0.0,0.0,0.0,0.19196333324679854,0.0,0.0,54.62817055433815,-54.62817055433815,0.0,0.0,0.0,0.0,5.758899997403956,0.0,0.0,0.0,0.0,0.0,0.0,0.0,0.0,0.0,0.0,1000.0,0.0,0.0,5.758899997403956,5.758899997403956,1000.0,-1000.0,0.0,123.72967745510847,0.0,0.0,0.0,0.0,0.0,0.0,148.4157714184631,70.46356342620106,0.019196333324679852,0.0,0.0,0.0,1.5480471659688253,0.0,0.0,0.0,0.0,0.0,0.0,0.0,0.0,0.0,0.0,0.0,0.0,0.0,0.0,0.0,0.0,0.0,0.019196333324679852,0.0,0.0,0.0,0.0,0.0,0.0,0.0,0.0,866.8287224193101,0.0,671.101972097647,0.0,-727.82638225104,-1000.0,-1.439724999350989,0.0,-0.9598166662339926,0.0,0.0,0.0,0.0,0.0,0.0,0.0,0.0,0.0,0.0,0.0,47.56894412004445,842.5353192731335,0.0,0.0,41.76008318356628,0.0,0.0,0.0,-0.019196333324679852,0.0,0.0,0.019196333324679852,0.0,0.019196333324679852,0.0,0.0,0.0,11.517799994807913,23.41952665610942,23.41952665610942,0.0,0.0,0.0,0.0,0.0,0.0,0.0,0.0,0.0,148.4157714184631,0.0,0.0,682.9004784564163,0.0,0.0,0.0,0.0,0.0,0.0,0.0,0.0,0.0,0.0,0.0,0.0,0.0,0.0,43.19902327746566,0.0,0.0,0.0,0.02879449998701978,0.0,0.0,0.0,-5.758899997403956,0.0,0.0,0.0,0.0,0.0,-209.08012259603322,0.9598166662339926,0.0,0.0,0.0,0.0,0.0,-671.101972097647,-0.9598166662339926,0.0,0.0,0.0,0.0,0.0,0.0,0.0,47.56894412004445,0.0,0.0,0.0,92.16073333506402,0.0,61.16073333506403,-13.307914141376585,0.0,-727.82638225104,727.82638225104,0.0,0.0,-587.5031528633133,0.0,0.9598166662339926,412.7480224190103,0.0,0.0,0.0,-128.49376999161117,0.0,0.0,0.0,0.0,0.0,0.0,0.0,0.0,0.0,149.43327479829938,0.0,23.41952665610942,0.0,0.0,0.0,0.0,0.0,0.0,0.0,0.0,0.0,0.6181219330543684,0.0,0.0,213.39929759408622,-1.5480471659688253,-138.92014725064882,0.0,5.758899997403956,54.62817055433815,0.0,0.0,0.0,-297.8012678513102,0.0,0.0,0.021115966657139544,0.0,0.0,0.0,11.70976332805471,0.0,0.0,0.0,0.0,-35.32146667012806,0.0,678.7599115673777,0.0,0.0,0.0,0.0,0.0,0.0,-128.09959829768727,0.0,412.74997488388254,0.001919633332467987,0.0,0.0,0.0,0.0,0.0,0.0,0.0,0.0,0.0,0.0,0.0,0.0,0.0,0.0,0.0,209.08012259603322,0.0,0.0,0.0,0.0,0.0,0.0,0.0,198.65284904956948,0.0,0.0,0.0,109.2563411086763,0.0,0.0,757.8507486637275,0.0,0.0,0.0,11.517799994807913,0.0,0.0,0.0,0.0,0.0,0.0,-11.517799994807913,0.0,109.2563411086763,0.0,0.0,0.0,0.0,0.0,0.0,0.0,0.0,0.0,0.0,-516.5771746918501,-148.41577141846312,696.0499667838219,0.0,-5.758899997403956,0.0,999.9232146667013,0.0,0.0,0.0,0.0,0.0,0.0,0.0,0.0,0.0,0.0,0.0,0.0,0.0,0.0,0.0,0.0,0.0,-2.3995416655850477,47.56894412004445,-620.6220713584942,681.4607534570653,0.0,0.0,0.0,0.0,0.0,0.0,-0.23995416655849816,19.23742888293488,0.0,0.0,0.0,0.0,0.0,0.0,0.0,553.8863887343509,5.758899997403956,5.758899997403956,0.0,0.0,0.0,0.0,0.0,0.021115966657139544,209.08012259603322,0.0,0.0,-999.9232146667013,412.74805525055007,0.0,0.0,0.0,0.0,0.0,0.0,0.0,0.0,0.0,0.0,0.0,0.0,0.0,0.0,0.0,0.0,5.950863330650754,0.0,20.156149990913846,0.0,0.0,56.10628822033849,0.0,0.0,0.0,209.08012259603322,0.0,671.101972097647,0.0,0.0,0.0,-2.3995416655850477,0.0,0.0,0.0,0.0,0.0,0.0,0.0,0.0,0.0,0.0,0.0,0.0,0.0,0.0,0.0,0.0,0.0,0.0,-0.019196333324679852,0.0,0.0,0.9598166662339926,564.3582006240124,0.0,0.0,0.0,0.0,47.56894412004445,0.0,0.0,0.0,-681.2476741571613,0.47990833311700953,0.0,0.0,0.0,0.019196333324679852,0.0,19.196333324679852,0.0,3.8392666649359706,0.13711666660485608,65.45949663715828,-0.01439724999350989,810.5509898458056,0.3839266664935971,-0.09598166662342411,-65.45949663715828,5.758899997403956,-0.019196333324679852,4.435971380458862,123.72967745510847,0.004799083331169963,0.13711666660485608,-13.307914141376585,-57.68422681962693,-0.3839266664935971,91.19809468398591,-0.019196333324679852,0.004799083331169963,-65.45949663715828,136.50191887668115,0.019196333324679852,0.019196333324679852,-209.0398102960514,-54.60705458768099,-31.732385276926834,-0.01439724999350989,5.758899997403956,0.019196333324679852,5.758899997403956,-9.598166662339928,-0.009598166662339926,115.30017755860973,-45.13785294325833,-0.01439724999350989,-0.019196333324679852,0.0,0.019196333324679852,1.9196333324679853,-0.3839266664935971,43.19902327746566,43.19902327746566,-1.9196333324679813,-91.19809468398591,-43.19902327746566,3.8392666649359706,0.02879449998701978,-1000.0,1.9196333324679853,-112.02512905179258,123.72967745510847,-3.8392666649359706,0.009598166662339926,0.19196333324679854,2.2179856902294306,96.0,-0.019196333324679852,-213.39929759408622,209.0398102960514,5.950863330650754,0.019196333324679852,57.68422681962693,-33.88820807872043,123.72967745510847,-0.019196333324679852,-0.004799083331169963,-123.72967745510847,-0.019196333324679852,-719.8402782349096,0.019196333324679852,-0.004799083331169963,-0.004799083331169963,-0.004799083331169963,7.678533329871941,9.598166662339928,0.19196333324679854,89.12568918862904,-0.004799083331169963,0.0,0.9598166662339926,21.5,0.019196333324679852,0.009598166662339926,0.009598166662339926,40.0,0.0,0.019196333324679852,0.0,0.19196333324679854,0.019196333324679852,-238.93290066204372,0.019196333324679852,0.07678533329874426,0.09598166662342411,0.009598166662339926,0.004799083331169963,5.758899997403956,-0.019196333324679852,31.732385276926834,0.19196333324679854,-178.25137837725808,810.0710815126886,-1.9196333324679853,3.8392666649359706,0.9598166662339926,-0.019196333324679852,13.307914141376585,0.02879449998701978,-0.019196333324679852,-80.0,0.0,423.2655283458119,0.009598166662339926,-43.0,-0.019196333324679852,-0.019196333324679852,-0.019196333324679852,0.009598166662339926,65.45949663715828,-3.8392666649359706,0.019196333324679852,4.435971380458861,-0.004799083331169963,54.60705458768099,-4.435971380458861,2.8794499987019777,45.13785294325833,721.7617376120003,65.45949663715828,-0.01439724999350989,213.39929759408622,-96.0,0.019196333324679852,-0.004799083331169964,0.9598166662339926,19.196333324679852,-0.009598166662339926,-0.019196333324679852,0.004799083331169963,0.0,0.0,296.965574999579,149.80721147341467,-46.0,0.0,268.61167167558165,-31.0,134.58228554421316,283.61627655942164,-93.0,-65.0,-703.0248268337587,-141.80813827971082,23.0,46.5,-134.58228554421316,15.5,-209.08012259603322,-125.46426049450172,703.0248268337587,65.0,-125.46426049450172,-268.61167167558165,150.29012321091705,0.0,1496.5981,hclb
46,0.0,0.0,0.0,0.0,0.0,0.0,0.0,0.0,-0.013579616307725369,0.0,0.0,0.0,0.0,0.0,0.0,0.0,-15.006275466328873,-30.9385641485321,0.0,0.0,0.0,0.0,0.0,1000.0,0.0,0.0,0.0,0.0,0.0,540.1587211726004,18.47913485620278,-18.47913485620278,293.15940234195966,0.0,0.0,0.0,0.0,-0.05431846523083994,0.0,-1000.0,995.9261151076823,0.0,0.0,-525.1524457062715,0.0,0.0,0.0,0.0,0.0,-313.2958270031918,0.0,0.0,0.0,0.014937577938546987,0.0,0.0,0.0,0.0,0.0,0.0,114.53199748273786,0.0,0.0,-251.13086445017953,0.0,0.0,0.0,0.0,0.0,0.0,0.0,0.13579616307725367,0.0,0.0,0.0,0.0,0.0,0.0,0.0,0.0,0.0,0.0,-23.55323316136142,0.0,8.147769784635221,0.0,0.0,946.4387544483114,474.6685361213576,0.0,-0.0033949040769313417,0.0,0.0,1000.0,4.0738848923176105,0.0,4.0738848923176105,0.0,0.0,0.0,0.0,309.29496140602987,540.1587211726004,0.0,0.0,-24.113976282942218,839.0587156952562,0.0,0.0,0.0,0.0,0.0,0.0,0.0,0.0,0.0,0.0,0.0,0.0,0.0,0.0,0.0,0.0,0.0,-442.7667875671164,0.0,0.0,4.0738848923176105,0.0,4.209681055394864,4.209681055394864,0.0,0.0,0.0,0.0,0.0,0.0,0.0,0.0,-365.6628619329174,0.0,0.0,0.0,0.0,0.0,24.59886361705627,0.013579616307725367,0.0,0.0,0.0,0.0,-839.0587156952562,0.0,0.0,23.55323316136142,0.0,242.78185303703003,0.0,0.0,0.0,0.0,0.0,467.21289503932036,467.21289503932036,0.0,0.0,0.0,-458.3333333333333,900.808046255775,0.0,0.0,485.70560951183086,0.0,0.0,0.0,-1000.0,-948.1112329028189,0.0,0.0,0.0,0.0,0.0,0.0,0.0,0.0,0.0,-141.60506719106172,0.0,0.0,0.0,0.0,-584.6089779733351,0.0,0.0,0.0,0.0,0.0,313.2958270031918,0.0,53.56124555168856,-53.56124555168856,365.6628619329174,0.0,0.0,0.0,0.0,0.0,0.0,0.0,-939.4133753000108,0.0,0.0,0.0,0.0,0.0,0.0,0.0,0.0,0.0,0.0,0.0,0.0,0.0,111.55536359107876,-37.568153476909856,-525.1524457062715,0.0,0.0,0.0,0.0,-184.1809388985105,0.0,0.0,0.0,0.0,114.53199748273786,0.0,18.47913485620278,0.0,0.0,0.0,0.0,0.0,0.0,0.0,420.1544859305462,2.7159232615450737,0.0,0.0,-15.026644890790806,406.0806456788782,1000.0,0.0,525.1524457062715,0.0,0.0,365.6628619329174,-893.0572596435962,0.0,0.0,0.0,30.31183805104274,0.0,0.0,0.0,0.0,0.0,-251.5616155732107,251.56161557321064,-251.56161557321064,528.2297816730461,0.0,-923.8160730451551,313.2958270031918,0.0,-135.17543142506338,0.0,0.0,0.0,-294.57258996784077,0.0,294.57258996784077,0.0,733.6649164320312,0.0,0.0,244.39482154778764,-458.3333333333333,0.0,0.0,114.53199748273786,-0.02036942446158805,0.0,0.0,0.0,0.0,0.013579616307725369,0.0,0.0,0.0,-21.101315883935644,-15.006275466328873,0.0,-319.2117659932105,-80.62086126330341,948.1112329028189,1000.0,0.0,1000.0,0.0,-24.113976282942218,0.0,0.0,0.0,-1.1692049640952031,-998.8307950359048,0.0,815.1523492529358,-1000.0,0.0,0.0,0.0,0.0,0.0,0.0,0.0,0.0,0.0,0.0,0.0,0.0,0.0,0.0,0.0,0.0,0.0,-1000.0,0.0,-1000.0,23.55323316136142,0.0,401.23808742923444,1000.0,0.0,0.0,-426.27421469139966,0.0,0.0,0.0,0.0,308.6159805906435,998.8307950359048,0.0,-1000.0,138.3989197808077,0.0,0.0,0.0,-18.284953358352208,0.0,0.0,-206.02258232208376,1000.0,-138.73841018850084,-0.6789808153862684,-172.92043841143604,0.0,-740.1524744658562,0.0,0.0,4.0738848923176105,0.0,0.0,0.0,0.0,0.0,0.0,0.0,-111.55536359107876,111.55536359107876,111.55536359107876,-172.17543512390554,0.0,0.0,-247.98646615281575,0.0,0.0,0.0,0.0,0.0,-136.59886696744167,0.0,0.0,0.0,0.0,0.0,0.0,0.0,-41.642038369227464,0.027159232615418707,0.0,0.0,0.0,0.0,0.0,0.0,0.0,0.0,0.0,0.0,0.0,0.0,0.0,0.0,0.0,0.0,0.0,0.0,0.0,0.014937577938546987,0.014937577938546987,18.47913485620278,204.8394403295337,0.0,8.147769784635221,0.0,0.0,0.0,-502.8033020793188,0.0,0.0,0.0,0.0,0.0,50.54021587641887,502.8033020793188,0.0,0.0,0.0,0.0,0.0,0.0,0.0,0.0,0.0,0.0,0.0,0.0,0.0,147.5889291890388,21.101315883935644,0.0,551.0356112113757,1.0456304556948526,0.0,818.5180769655931,181.4819230344069,0.0,0.0,50.54021587641887,0.0,0.0,8.898177507191406,0.0,0.0,111.55536359107876,0.0,0.0,0.0,0.0,0.0,0.0,0.0,0.0,0.0,0.0,0.0,0.0,0.0,8.147769784635221,365.6628619329174,365.6628619329174,0.0,0.0,0.0,0.0,0.0,0.0,0.0,0.0,0.0,0.0,0.13579616307725367,0.0,18.47913485620278,0.0,0.0,18.47913485620278,0.0,0.0,0.0,4.0738848923176105,0.0,0.0,0.0,0.0,551.0356112113757,0.0,0.0,0.0,0.0,0.0,130.56854979323452,666.7713764520522,0.0,4.0738848923176105,4.0738848923176105,1000.0,502.8033020793188,0.0,0.0,0.0,0.0,0.0,0.0,0.0,-1000.0,0.0,-716.8462658440044,0.013579616307725367,0.0,0.0,0.0,1.0950990579587099,286.5734881453027,0.0,-1000.0,0.0,0.0,0.0,0.0,0.0,0.0,0.0,0.0,0.0,0.0,0.0,0.0,0.0,0.0,0.013579616307725367,0.0,0.0,0.0,0.0,0.0,0.0,0.0,0.0,0.0,0.0,-25.03612726216524,0.0,0.0,0.0,-1.018471223079473,-0.678980815386269,0.0,0.0,-625.0,-625.0,625.0,0.0,0.0,0.0,0.0,0.0,0.0,0.0,365.6628619329174,948.1112329028189,0.0,0.0,-739.47349365047,0.0,0.0,0.0,-0.013579616307725369,0.0,0.0,0.013579616307725367,0.0,0.013579616307725367,0.0,0.0,0.0,8.147769784635221,16.56713189542495,16.56713189542495,0.0,0.0,0.0,0.0,0.0,0.0,0.0,0.0,0.0,0.0,0.0,0.0,0.0,0.0,0.0,0.0,0.0,0.0,0.0,0.0,0.0,0.0,0.0,0.0,0.0,0.0,0.0,181.4819230344069,0.0,0.0,0.0,0.02036942446158805,0.0,0.0,0.0,-4.0738848923176105,0.0,0.0,0.0,0.0,0.0,-204.8394403295337,0.6789808153862684,0.0,0.0,0.0,458.3333333333333,-900.808046255775,0.0,0.0,0.0,0.0,0.0,0.0,0.0,0.0,0.0,365.6628619329174,0.0,0.0,0.0,93.28407673845493,0.0,62.28407673845493,262.4595118623605,0.0,-426.27421469139966,0.0,426.27421469139966,23.55323316136142,-909.6243915390212,0.0,0.678980815386269,387.7664899362294,0.0,0.0,-18.47913485620278,-136.59886696744167,0.0,0.0,0.0,0.0,0.0,0.0,0.0,0.0,0.0,347.46297874367485,-207.89485399877174,16.56713189542495,0.0,920.9609516609574,920.9609516609574,-902.4818168047548,0.0,0.0,0.0,0.0,0.0,420.1544859305462,0.0,0.0,0.0,-1.0950990579587099,114.17536618547072,0.0,4.0738848923176105,0.0,0.0,0.0,0.0,-141.39946687810476,0.0,0.0,0.014937577938546987,0.0,0.0,0.0,8.283565947712475,0.0,0.0,0.0,0.0,-37.568153476909856,0.0,839.0587156952562,0.0,0.0,0.0,0.0,0.0,0.0,-1000.0,0.0,661.2413547916485,0.0013579616307725756,0.0,0.0,0.0,0.0,0.0,0.0,0.0,0.0,0.0,0.0,18.47913485620278,0.0,0.0,0.0,0.0,204.8394403295337,0.0,0.0,0.0,0.0,0.0,0.0,0.0,313.2958270031918,0.0,0.0,0.0,0.0,0.0,-953.8286239778129,-30.9385641485321,0.0,0.0,0.0,8.147769784635221,0.0,0.0,0.0,0.0,0.0,-8.147769784635221,0.0,0.0,0.0,0.0,0.0,0.0,0.0,0.0,0.0,0.0,18.47913485620278,18.47913485620278,0.0,716.8462658440044,355.3110704255362,9.302037170791879,0.0,-4.0738848923176105,0.0,-0.05431846523083994,0.0,0.0,0.0,0.0,0.0,0.0,0.0,0.0,0.0,0.0,0.0,0.0,0.0,0.0,0.0,0.0,0.0,-1.6974520384657126,365.6628619329174,-309.634451813723,206.8763827756925,0.0,0.0,0.0,0.0,0.0,-0.1697452038465671,0.0,160.15210012880308,0.0,0.0,0.0,0.0,0.0,0.0,0.0,1000.0,4.0738848923176105,4.0738848923176105,0.0,0.0,0.0,0.0,0.0,0.014937577938546987,204.8394403295337,0.0,0.0,0.05431846523083994,661.2399968300177,0.0,0.0,0.0,0.0,0.0,0.0,0.0,0.0,0.0,0.0,0.0,0.0,0.0,0.0,0.0,0.0,4.209681055394864,0.0,14.258597123111636,0.0,0.0,1.0456304556948526,0.0,0.0,0.0,204.8394403295337,0.0,400.55910661384814,0.0,0.0,0.0,-1.6974520384657126,0.0,0.0,0.0,0.0,0.0,0.0,0.0,0.0,0.0,0.0,0.0,0.0,0.0,0.0,0.0,0.0,0.0,0.0,-0.013579616307725367,0.0,0.0,0.6789808153862684,-50.54021587641887,0.0,0.0,0.0,0.0,365.6628619329174,0.0,0.0,0.0,1.1692049640952031,0.3394904076931342,0.0,0.0,0.0,0.013579616307725369,0.0,13.579616307725367,0.0,2.7159232615450737,0.0969972593408955,46.306491609343496,-0.010184712230794027,654.986971110708,0.2715923261545074,-0.0678980815385653,-46.306491609343496,4.0738848923176105,-0.013579616307725369,8.037992094314072,0.0,0.003394904076931342,0.0969972593408955,-24.113976282942218,-2.161874916190129,18.20754253004816,45.944839614860975,-0.013579616307725369,0.0033949040769313417,-46.306491609343496,1.3579616307725368,0.013579616307725369,0.013579616307725367,-204.8109231352874,0.01493757793851331,0.0,-0.010184712230794027,4.0738848923176105,0.013579616307725369,4.0738848923176105,-6.789808153862684,-0.0067898081538626835,-194.5539004711456,182.80939765143023,-0.010184712230794025,-0.013579616307725369,0.0,0.013579616307725369,1.3579616307725368,-0.2715923261545074,181.4819230344069,181.4819230344069,-1.3579616307725368,-45.944839614860975,-181.4819230344069,2.7159232615450737,0.02036942446158805,-1000.0,1.3579616307725368,-147.5889291890388,0.0,-2.7159232615450737,0.0067898081538626835,0.13579616307725367,79.80294149830263,96.0,-0.013579616307725367,-207.89485399877174,204.8109231352874,4.209681055394864,0.013579616307725369,2.161874916190129,-16.29553956927049,0.0,-0.013579616307725367,-0.003394904076931342,0.0,-0.013579616307725369,-880.7007540644836,0.01357961630779414,-0.0033949040769313417,-0.0033949040769313417,-0.0033949040769313417,5.431846523090147,6.789808153862684,0.13579616307725367,10.06079823198769,-0.0033949040769313417,151.5678909022912,0.6789808153862684,21.5,0.013579616307725367,0.006789808153862684,0.006789808153862684,1.3579616307725368,0.0,0.013579616307725367,0.0,0.13579616307725367,0.013579616307725369,-10.06079823198769,0.013579616307725369,0.05431846523083994,0.0678980815385653,0.0067898081538626835,0.0033949040769313417,4.0738848923176105,-0.013579616307725369,0.0,-9.10377126502408,-20.12159646397538,654.6474807030149,-1.3579616307725368,2.7159232615450737,0.6789808153862684,-0.013579616307725369,24.113976282942218,0.02036942446158805,-0.013579616307725369,-2.7159232615450737,0.0,409.95828173947694,0.006789808153862684,-43.0,-0.013579616307725369,-0.01357961630779414,-0.013579616307725369,0.006789808153862684,46.306491609343496,-2.7159232615450737,0.013579616307725367,159.60588299660526,-0.0033949040769313417,-0.01493757793851331,-159.60588299660526,2.036942446158805,-182.80939765143023,373.31838002840044,46.306491609343496,-0.010184712230794025,207.89485399877174,-96.0,0.013579616307725369,-0.003394904076931342,0.678980815386269,13.579616307725367,-0.006789808153862684,-0.013579616307725369,0.003394904076931342,1000.0,0.0,471.7634285188,0.0,-46.0,0.0,196.5907989966086,-31.0,0.0,-32.0,-93.0,-65.0,-528.2297816730461,16.0,23.0,46.5,0.0,15.5,-204.8394403295337,-268.5588148613722,528.2297816730461,65.0,-268.5588148613722,-196.5907989966086,105.76418846755328,0.0,1496.5981,hclb
47,0.0,0.0,0.0,0.0,0.0,0.0,0.0,0.0,-0.012778132857514807,0.0,0.0,0.0,0.0,0.0,0.0,0.0,480.8932564890186,195.61268146076648,0.0,-202.27167377212555,0.0,0.0,0.0,40.93643210182847,0.0,544.1681042198727,0.0,0.0,0.0,0.0,30.351598139139114,-30.351598139139114,27.50467025906298,0.0,0.0,0.0,0.0,682.3058881622809,0.0,-1000.0,996.1665601427455,0.0,-381.54896845268877,-461.40274735455165,0.0,0.0,272.05771867573293,380.7158168954783,-759.5148392059116,-510.0645303512385,0.0,-618.4510315473112,0.0,0.01405594614327186,0.0,0.0,0.0,0.0,0.0,0.0,72.73871382199277,0.0,179.2050084840819,0.0,1000.0,0.0,0.0,0.0,903.4898310363637,-460.8859938427223,0.0,0.12778132857514807,0.0,0.0,0.0,0.0,0.0,0.0,0.0,187.1856578474023,0.0,0.0,199.82365321647094,0.0,7.666879714508884,0.0,0.0,134.4048153472412,1000.0,-820.5187554102746,118.2219599872649,0.0,0.0,0.0,3.833439857254442,0.0,3.833439857254442,0.0,0.0,0.0,199.82365321647094,0.6389066428757403,0.0,0.0,0.0,-3.212933004785937,0.0,465.1546479874751,0.0,0.0,0.0,0.0,0.0,0.0,0.0,0.0,0.0,0.0,0.0,0.0,0.0,0.0,0.0,0.0,-665.7369831728258,0.0,0.0,3.833439857254442,0.0,3.9612211858295905,3.9612211858295905,0.0,-385.50742601362316,385.50742601362316,0.0,0.0,0.0,0.0,0.0,-251.94372230607468,0.0,0.0,0.0,0.0,0.0,-198.8397369864423,0.012778132857514805,118.22515452047928,0.0,0.0,397.65123418453595,-1000.0,0.0,0.0,22.857099212360556,0.0,183.05931933958624,0.0,0.0,0.0,0.0,0.0,-302.3965386820146,-302.3965386820146,0.0,0.0,0.0,0.0,-289.30229083708304,0.0,0.0,-272.0321624100179,0.0,0.0,0.0,0.0,-158.96601495445526,0.0,0.0,0.0,0.0,0.0,0.0,0.0,0.0,0.0,-199.76270379961892,0.0,0.0,0.0,0.0,-1000.0,0.0,0.0,0.0,0.0,0.0,510.0645303512385,1000.0,0.0,0.0,251.94372230607468,0.0,0.0,0.0,0.0,0.0,0.0,0.0,1000.0,0.0,0.0,0.0,0.0,0.0,0.0,0.0,0.0,0.0,0.0,0.0,0.0,0.0,160.12344712033547,564.46001895847,-721.378417283107,0.0,0.0,0.0,0.0,-251.94372230607468,0.0,0.0,0.0,0.0,72.73871382199277,-259.9756699285553,30.351598139139114,0.0,0.0,0.0,0.0,0.0,0.0,0.0,430.8375786978855,383.2714434669813,0.0,0.0,-1000.0,-381.54896845268877,374.8899761413297,0.0,721.378417283107,0.0,0.0,251.94372230607468,819.7014262598102,0.0,0.0,0.0,164.70460189391423,0.0,0.0,0.0,0.0,0.0,0.0,0.0,0.0,1000.0,0.0,0.0,510.0645303512385,0.0,43.573433044125494,0.0,0.0,0.0,0.0,0.0,0.0,0.0,0.0,0.0,0.0,1000.0,0.0,0.0,0.0,72.73871382199277,-0.019167199286272207,0.0,0.0,0.0,0.0,0.012778132857514805,0.0,0.0,0.0,565.3289814448601,480.8932564890186,0.0,-486.27551581181274,766.8056675232012,158.96601495445526,1000.0,0.0,743.1250797581063,0.0,-3.212933004785937,0.0,0.0,0.0,160.3647512782575,96.51016896363626,-1000.0,345.51965511804315,0.0,0.0,0.0,0.0,0.0,0.0,0.0,0.0,0.0,0.0,0.0,0.0,0.0,0.0,0.0,0.0,0.0,0.0,1000.0,0.0,317.64299930628914,0.0,0.0,400.07452468073245,0.0,0.0,0.0,180.03230517634003,0.0,0.0,0.0,991.0783966171914,0.0,0.0,0.0,-1000.0,-0.31945332143787014,-1000.0,0.0,-0.6389066428757403,0.0,-169.74910102712465,0.0,854.9479274077975,0.0,0.0,0.0,-14.496155996459777,0.0,0.0,1000.0,132.40970570910872,3.833439857254442,0.0,0.0,0.0,0.0,0.0,0.0,0.0,-160.12344712033547,160.12344712033547,160.12344712033547,93.65730643328298,0.0,0.0,0.0,0.0,0.0,0.0,0.0,0.0,-106.46629466208913,0.0,-750.0000000000011,0.0,0.0,0.0,0.0,0.0,-41.72218671424852,0.025556265715026796,0.0,0.0,0.0,0.0,0.0,0.0,0.0,0.0,0.0,442.6038371936414,0.0,0.0,0.0,0.0,0.0,0.0,0.0,0.0,0.0,0.01405594614327186,0.01405594614327186,30.351598139139114,253.56782054883251,0.0,7.666879714508884,0.0,0.0,0.0,157.5197277290429,0.0,0.0,0.0,0.0,0.0,345.58189479701025,-157.5197277290429,0.0,0.0,292.515223841869,0.0,0.0,0.0,0.0,0.0,0.0,0.0,0.0,0.0,0.0,221.9123277242753,-565.3289814448601,602.348765815464,144.41316594932675,0.9839162300286419,0.0,0.0,0.0,0.0,0.0,345.58189479701025,0.0,857.8781763664508,-554.0184682836891,625.000000000001,-625.000000000001,160.12344712033547,0.0,0.0,0.0,0.0,0.0,0.0,0.0,0.0,0.0,0.0,0.0,0.0,0.0,7.666879714508884,251.94372230607468,251.94372230607468,0.0,0.0,0.0,0.0,0.0,0.0,0.0,0.0,0.0,0.0,0.12778132857514807,0.0,30.351598139139114,0.0,0.0,30.351598139139114,1000.0,0.0,0.0,3.833439857254442,-292.515223841869,0.0,0.0,0.0,144.41316594932675,0.0,0.0,0.0,0.0,0.0,972.8584862790688,130.35361928934046,0.0,3.833439857254442,3.833439857254442,-357.88050081291055,-157.5197277290429,0.0,0.0,0.0,0.0,0.0,0.0,0.0,654.4803448819569,0.0,1000.0,0.012778132857514805,0.0,0.0,0.0,1.0304651425810154,0.0,0.0,0.0,0.0,0.0,0.0,0.0,0.0,0.0,0.0,0.0,0.0,0.0,0.0,0.0,0.0,0.0,0.012778132857514805,0.0,0.0,0.0,913.2120144211865,-913.2120144211865,0.0,0.0,0.0,0.0,0.0,580.1068298570725,-22.857099212360556,0.0,-682.3570006937109,-0.9583599643136105,-0.6389066428757403,0.0,0.0,375.0,375.0,-375.0,0.0,0.0,0.0,0.0,0.0,0.0,0.0,251.94372230607468,158.96601495445526,0.0,0.0,133.04861235198447,0.0,0.0,0.0,-0.012778132857514805,0.0,0.0,0.012778132857514805,0.0,0.012778132857514805,0.0,0.0,0.0,7.666879714508884,15.589322086168066,15.589322086168066,0.0,0.0,0.0,0.0,0.0,0.0,0.0,602.348765815464,0.0,0.0,0.0,0.0,161.46494851728954,0.0,0.0,0.0,0.0,0.0,0.0,0.0,0.0,0.0,0.0,0.0,0.0,0.0,0.0,0.0,0.0,-544.1681042198727,544.1681042198727,0.019167199286272207,0.0,0.0,0.0,-3.833439857254442,0.0,0.0,0.0,0.0,0.0,-253.56782054883251,0.6389066428757403,0.0,0.0,0.0,0.0,289.30229083708304,0.0,0.0,0.0,-750.0000000000011,0.0,0.0,0.0,0.0,0.0,251.94372230607468,0.0,292.515223841869,0.0,93.44437342849704,0.0,643.7167657942788,-3.212933004785937,0.0,180.03230517634003,0.0,-180.03230517634003,22.857099212360556,804.1121041736421,0.0,0.6389066428757403,1000.0,0.0,201.99909948500124,-30.351598139139114,-106.46629466208913,-125.00000000000055,125.00000000000055,-625.0000000000001,625.0000000000001,0.0,-381.67854874864406,0.0,0.0,0.0,197.8459838709918,0.0,15.589322086168066,0.0,737.7970485534034,737.7970485534034,-707.4454504142643,0.0,0.0,0.0,0.0,0.0,430.8375786978855,0.0,0.0,256.44290044177325,-443.63430233622245,-269.689820238671,-381.54896845268877,3.833439857254442,0.0,0.0,0.0,0.0,-53.011920008609906,0.0,0.0,0.01405594614327186,0.0,0.0,0.0,7.794661043084033,0.0,0.0,0.0,0.0,564.46001895847,0.0,0.0,0.0,0.0,0.0,0.0,0.0,0.0,-1000.0,0.0,1000.0,0.0012778132857514807,0.0,0.0,0.0,0.0,0.0,0.0,0.0,0.0,0.0,0.0,30.351598139139114,0.0,0.0,0.0,0.0,253.56782054883251,0.0,0.0,0.0,0.0,0.0,0.0,0.0,510.0645303512385,0.0,0.0,0.0,0.0,1000.0,0.0,195.61268146076648,0.0,0.0,0.0,7.666879714508884,0.0,0.0,0.0,0.0,0.0,0.0,-7.666879714508884,0.0,0.0,0.0,0.0,0.0,0.0,0.0,0.0,0.0,30.351598139139114,30.351598139139114,0.0,0.0,1000.0,170.21796952468702,-3.833439857254442,0.0,0.0,682.3058881622809,0.0,0.0,0.0,0.0,0.0,0.0,0.0,0.0,0.0,0.0,0.0,0.0,0.0,0.0,0.0,0.0,0.0,-1.5972666071893507,251.94372230607468,-0.9583599643136105,160.50658855297587,0.0,0.0,0.0,0.0,0.0,-0.1597266607189351,0.0,129.3233938744497,0.0,0.0,0.0,0.0,0.0,0.0,0.0,1000.0,3.833439857254442,3.833439857254442,0.0,0.0,0.0,0.0,187.1856578474023,0.01405594614327186,253.56782054883251,0.0,0.0,-682.3058881622809,999.9987221867143,0.0,0.0,0.0,0.0,0.0,0.0,0.0,0.0,0.0,0.0,0.0,0.0,0.0,0.0,0.0,0.0,3.9612211858295905,0.0,13.417039500390548,0.0,0.0,0.9839162300286419,0.0,0.0,0.0,253.56782054883251,0.0,399.4356180378567,0.0,0.0,0.0,-1.5972666071893507,0.0,0.0,0.0,0.0,0.0,0.0,0.0,0.0,0.0,0.0,0.0,0.0,0.0,0.0,0.0,0.0,0.0,0.0,-0.012778132857514805,0.0,0.0,0.6389066428757403,-345.58189479701025,0.0,0.0,0.0,0.0,251.94372230607468,0.0,0.0,0.0,-160.3647512782575,0.31945332143787014,0.0,0.0,544.1681042198727,0.012778132857514805,0.0,12.778132857514805,0.0,2.555626571502961,0.09127237755367719,43.573433044125494,-0.009583599643136103,0.6389066428758334,0.25556265715029614,-0.06389066428755541,-43.573433044125494,3.833439857254442,-0.012778132857514807,1.070977668261979,0.0,0.0031945332143787013,0.09127237755367719,-3.212933004785937,-2.0342787509182756,30.096035481988793,-474.2342641776595,-0.012778132857514807,0.0031945332143787017,-43.573433044125494,1.2778132857514806,0.012778132857514807,0.012778132857514805,-253.54098646983175,0.014055946143230358,-62.800990963739636,-0.009583599643136103,3.833439857254442,0.012778132857514807,3.833439857254442,-6.389066428757403,-0.0063890664287574025,-113.83246236627474,250.6531308874657,-0.009583599643136103,-0.012778132857514807,0.0,0.012778132857514805,1.2778132857514806,-0.25556265715029614,0.0,0.0,-1.2778132857514806,474.2342641776595,0.0,2.555626571502961,0.019167199286272207,-789.5681258027009,1.2778132857514806,-221.9123277242753,0.0,-2.555626571502961,0.0063890664287574025,0.12778132857514807,121.56887895295318,96.0,-0.012778132857514805,-256.44290044177325,253.54098646983175,3.9612211858295905,0.012778132857514807,2.0342787509182756,-15.33375942901783,0.0,-0.012778132857514805,-0.0031945332143787013,0.0,-0.012778132857514807,-41.72218671424852,0.012778132857540344,-0.0031945332143787017,-0.0031945332143787017,-0.0031945332143787017,5.111253143005922,6.389066428757403,0.12778132857514807,339.64466612054224,-0.0031945332143787017,242.0667802376444,0.6389066428757403,21.5,0.012778132857514805,0.0063890664287574025,0.006389066428757403,1.2778132857514806,0.0,0.012778132857514805,0.0,0.12778132857514807,0.012778132857514807,-1000.0,0.012778132857514807,0.05111253143005651,0.06389066428755541,0.006389066428757403,0.0031945332143787017,3.833439857254442,-0.012778132857514807,62.800990963739636,-15.048017740994396,-679.2893322410845,0.31945332143777705,-1.2778132857514806,2.555626571502961,0.6389066428757403,-0.012778132857514807,3.212933004785937,0.019167199286272207,-0.012778132857514807,-2.555626571502961,0.0,564.8348004276252,0.006389066428757403,-43.0,-0.012778132857514807,-0.012778132857540344,-0.012778132857514807,0.006389066428757403,43.573433044125494,-2.555626571502961,0.012778132857514805,243.13775790590637,-0.0031945332143787017,-0.014055946143230358,-243.13775790590637,1.9167199286272207,-250.6531308874657,565.0167753511179,43.573433044125494,-0.009583599643136103,256.44290044177325,-96.0,0.012778132857514807,-0.0031945332143787017,991.7173032600672,12.778132857514805,-0.0063890664287574025,-0.012778132857514807,0.0031945332143787013,892.7845442770831,0.0,610.0804921465468,660.3553338794577,-46.0,0.0,-0.4088507993612893,-31.0,0.0,-32.0,-93.0,-43.92362655031775,-179.4812445897254,16.0,23.0,46.5,0.0,15.5,-253.56782054883251,-511.8228804190153,179.4812445897254,43.92362655031775,-511.8228804190153,0.4088507993612893,6.82354767195253,0.0,1496.5981,hclb
48,0.0,0.0,0.0,0.0,0.0,0.0,0.0,0.0,-0.029585047063786986,0.0,0.0,0.0,0.0,0.0,0.0,0.0,825.8648573857199,0.0,0.0,-773.9782218531993,0.0,0.0,0.0,0.0,0.0,0.0,0.0,0.0,0.0,-486.0636079064768,0.0,0.0,12.570771948892837,0.0,0.0,0.0,0.0,470.37827920625915,0.0,-931.2812531335351,901.9052736842578,0.0,0.0,0.0,0.0,0.0,0.0,0.0,0.0,0.0,0.0,-388.60437538066367,0.0,0.03254355177014239,0.0,0.0,0.0,5.917009412757397,0.0,0.0,-124.60750368276655,0.0,-773.7579680027768,-898.3654716855433,0.0,0.0,0.0,0.0,705.8815680921339,-705.8815680921339,0.0,0.2958504706378699,0.0,0.0,0.0,0.0,0.0,0.0,0.0,0.0,0.0,0.0,-232.80232691556466,0.0,17.751028238272195,0.0,122.00204720468133,-275.59348630726333,-384.0885272403799,0.0,-0.0073962617659467465,0.0,0.0,0.0,8.875514119136097,0.0,98.09472631574214,-0.9526385154570107,0.0,0.0,0.0,1.4792523531893493,-1000.0,0.0,0.0,-17.775398510997494,0.0,0.0,0.0,0.0,0.0,0.0,0.0,0.0,0.0,0.0,0.0,0.0,0.0,0.0,0.0,0.0,0.0,0.0,-130.75656651891654,0.0,0.0,98.09472631574214,0.0,9.171364589773967,9.171364589773967,0.0,0.0,0.0,0.0,0.0,625.0000000000003,0.0,0.0,-625.0000000000003,0.0,0.0,0.0,0.0,0.0,357.0824227441576,0.029585047063786986,0.0,0.0,0.0,875.0000000000001,-996.098663342059,0.0,0.0,232.80232691556466,0.0,145.74119923714946,0.0,0.0,0.0,0.0,0.0,999.9704149529363,999.9704149529363,0.0,0.0,0.0,0.0,0.0,0.0,0.0,1000.0,0.0,0.0,0.0,285.95824665657915,0.0,0.0,0.0,0.0,0.0,0.0,0.0,0.0,0.0,0.0,-707.4092955154736,0.0,0.0,0.0,0.0,-422.6171424659997,0.0,0.0,0.0,0.0,0.0,0.0,388.60437538066367,886.9891109265997,-886.9891109265997,0.0,0.0,0.0,0.0,0.0,0.0,0.0,513.9363920935232,-823.5164769536718,0.0,0.0,0.0,0.0,0.0,0.0,0.0,0.0,0.0,0.0,0.0,0.0,0.0,200.28883536749993,179.15189436417973,-728.4056248599068,0.0,0.0,0.0,0.0,0.0,0.0,0.0,0.0,0.0,-124.60750368276655,-728.4056248599068,0.0,0.0,0.0,0.0,0.0,0.0,0.0,0.0,0.0,0.0,89.21921219660604,0.0,825.8204798151243,-445.2571583518556,1000.0,0.0,728.4056248599068,0.0,0.0,0.0,475.487681108248,0.0,0.0,0.0,-320.95089930901463,0.0,0.0,-305.7482867837344,-952.5033454155098,0.0,646.7550586317755,0.0,952.5033454155098,502.90058368621976,0.0,0.0,0.0,0.0,100.88501048751364,0.0,0.0,0.0,0.0,0.0,0.0,0.0,1000.0,0.0,0.0,-791.610978066728,0.0,0.0,0.0,-124.60750368276655,-0.044377570595680475,0.0,0.0,0.0,0.0,0.029585047063786986,0.0,0.0,0.0,324.5224161502575,825.8648573857199,0.0,-523.0262660756662,-366.7545594201852,0.0,1000.0,0.0,-96.86663133507741,0.0,-17.775398510997494,0.0,0.0,0.0,-2.547272552192036,-705.8815680921339,805.2954719794033,-1000.0,-1000.0,0.0,0.0,0.0,0.0,0.0,0.0,0.0,0.0,0.0,0.0,0.0,0.0,0.0,0.0,0.0,0.0,0.0,-529.5033806054856,0.0,-1000.0,232.80232691556466,0.0,0.0,0.0,0.0,0.0,-357.0824227441576,0.0,0.0,0.0,0.0,0.0,0.0,244.4887597244992,-20.894211569254093,0.0,0.0,0.0,926.5660866111505,-845.1317378507924,0.0,-244.4887597244992,19.414959216064744,-1000.0,-0.7396261765946747,-928.0453389643399,395.8221984734579,0.0,750.0361318044023,0.0,0.0,98.09472631574214,0.0,0.0,0.0,677.8480079879056,0.0,0.0,0.0,-200.28883536749993,200.28883536749993,200.28883536749993,-572.9896188896655,0.0,0.0,-366.0653117081716,0.0,0.0,513.9363920935232,0.0,0.0,-5.210912956170432,0.0,0.0,0.0,0.0,0.0,0.0,0.0,-40.0414952936213,0.05917009412759373,0.0,0.0,0.0,0.0,0.0,0.0,0.0,0.0,0.0,0.0,0.0,0.0,0.0,0.0,0.0,0.0,0.0,0.0,0.0,0.03254355177014239,0.03254355177014239,0.0,290.3718259547425,0.0,17.751028238272195,0.0,84.92384834963303,0.0,1000.0,0.0,0.0,122.00204720468133,0.0,0.0,-191.5833463712251,-1000.0,0.0,0.0,49.68089739794137,0.0,0.0,0.0,0.0,0.0,0.0,0.0,0.0,0.0,0.0,43.58552217297218,-324.5224161502575,121.09866334205888,0.0,124.28009582859295,0.0,-745.6980785149221,745.6980785149221,745.6980785149221,0.0,-191.5833463712251,0.0,768.3751583351536,-1000.0,1000.0,-1000.0,200.28883536749993,0.0,0.0,0.0,0.0,0.0,0.0,0.0,0.0,0.0,0.0,0.0,0.0,0.0,17.751028238272195,0.0,0.0,0.0,0.0,0.0,0.0,0.0,0.0,0.0,0.0,0.0,0.0,0.2958504706378699,0.0,0.0,122.00204720468133,-122.00204720468133,0.0,388.60437538066367,0.0,0.0,98.09472631574214,-49.68089739794137,0.0,0.0,0.0,0.0,0.0,0.0,0.0,0.0,0.0,478.50535590875427,0.0,0.0,8.875514119136097,8.875514119136097,1000.0,-1000.0,0.0,0.0,0.0,0.0,0.0,0.0,0.0,1000.0,513.9363920935232,807.3843203037887,0.029585047063786986,0.0,0.0,-817.2183548594074,819.6041775833372,0.0,0.0,0.0,0.0,0.0,0.0,0.0,0.0,0.0,0.0,0.0,0.0,0.0,0.0,0.0,0.0,0.0,0.029585047063786986,0.0,0.0,0.0,0.0,0.0,0.0,0.0,0.0,0.0,-831.1825511532597,474.1001284091021,0.0,0.0,-470.49661939451437,-2.2188785297840243,-1.4792523531893493,0.0,0.0,874.9999999999999,874.9999999999999,-875.0,0.0,0.0,0.0,0.0,0.0,0.0,0.0,0.0,0.0,0.0,0.0,751.5153841575917,0.0,0.0,0.0,-0.029585047063786986,0.0,0.0,0.029585047063786986,0.0,0.029585047063786986,0.0,0.0,0.0,17.751028238272195,36.09375741782013,36.09375741782013,0.0,0.0,0.0,0.0,0.0,0.0,0.0,121.09866334205888,0.0,513.9363920935232,0.0,0.0,0.0,0.0,0.0,0.0,0.0,0.0,0.0,0.0,0.0,0.0,0.0,0.0,0.0,0.0,0.0,0.0,0.0,0.0,0.0,0.044377570595680475,0.0,0.0,0.0,-98.09472631574214,0.0,0.0,0.0,0.0,0.0,-290.3718259547425,1.4792523531893493,0.0,0.0,0.0,0.0,0.0,-474.1001284091021,0.0,0.0,0.0,0.0,0.0,0.0,0.0,0.0,0.0,0.0,49.68089739794137,0.0,90.0829905872426,0.0,180.1816539293015,-17.775398510997494,0.0,0.0,0.0,0.0,232.80232691556466,439.39392369042787,84.92384834963303,1.4792523531893493,1000.0,0.0,255.3300203023407,0.0,-249.2150073655331,0.0,0.0,0.0,0.0,0.0,0.0,0.0,0.0,0.0,1000.0,-297.0284615440945,36.09375741782013,0.0,381.20454201188693,381.20454201188693,-381.20454201188693,0.0,0.0,0.0,0.0,0.0,0.0,0.0,0.0,0.0,-2.3858227239297776,81.38023856630046,0.0,8.875514119136097,122.00204720468133,0.0,0.0,0.0,70.65914535923679,0.0,0.0,0.03254355177014239,0.0,0.0,0.0,18.046878708910064,0.0,0.0,0.0,0.0,179.15189436417973,0.0,0.0,0.0,0.0,0.0,0.0,0.0,0.0,-478.50535590875427,0.0,0.002958504706378699,0.002958504706378699,0.0,0.0,0.0,0.0,0.0,0.0,0.0,0.0,0.0,-817.2183548594074,0.0,0.0,0.0,0.0,0.0,290.3718259547425,0.0,0.0,0.0,0.0,0.0,0.0,0.0,0.0,0.0,0.0,0.0,244.00409440936266,266.3558682989043,1000.0,0.0,0.0,0.0,0.0,17.751028238272195,0.0,0.0,0.0,0.0,0.0,0.0,-17.751028238272195,0.0,244.00409440936266,0.0,0.0,0.0,0.0,0.0,0.0,0.0,0.0,0.0,0.0,-807.3843203037887,-1000.0,20.26575723869409,-98.09472631574214,0.0,0.0,470.37827920625915,0.0,0.0,0.0,0.0,0.0,0.0,0.0,0.0,0.0,687.5,0.0,-687.5,-687.5,0.0,0.0,0.0,84.92384834963303,-3.6981308829733734,0.0,-2.2188785297840243,294.8095830143106,0.0,0.0,0.0,0.0,0.0,-1000.0,999.6301869117027,238.0132398717351,0.0,0.0,0.0,0.0,0.0,0.0,0.0,1000.0,8.875514119136097,8.875514119136097,0.0,0.0,0.0,0.0,0.0,0.03254355177014239,290.3718259547425,0.0,0.0,-470.37827920625915,0.0,0.0,0.0,0.0,0.0,0.0,0.0,0.0,0.0,0.0,0.0,0.0,0.0,0.0,0.0,0.0,0.0,9.171364589773967,0.0,31.06429941697634,124.28009582859295,0.0,0.0,0.0,0.0,0.0,290.3718259547425,0.0,471.6682375404557,0.0,0.0,0.0,-3.6981308829733734,0.0,0.0,0.0,0.0,0.0,0.0,0.0,0.0,0.0,0.0,0.0,0.0,0.0,0.0,0.0,0.0,0.0,0.0,-0.029585047063786986,0.0,0.0,1.4792523531893493,191.5833463712251,0.0,0.0,0.0,0.0,0.0,0.0,0.0,0.0,2.547272552192036,0.7396261765946747,0.0,0.0,0.0,0.029585047063786986,0.0,29.585047063786984,0.0,5.917009412757398,0.21132176474133563,100.88501048751364,-0.022188785297840238,1.4792523531893487,0.5917009412757398,-0.1479252353190077,-100.88501048751364,8.875514119136097,-0.029585047063786986,5.925132836999165,0.0,0.0073962617659467465,0.21132176474133563,-17.775398510997494,-126.71198669723935,-0.5917009412757398,-51.886635532520586,-0.029585047063786986,0.0073962617659467465,-100.88501048751364,2.9585047063786987,0.029585047063786986,0.029585047063786986,-290.3096973559086,-121.96950365291117,-17.061470220519123,-0.022188785297840238,8.875514119136097,0.029585047063786986,98.09472631574214,74.42668866471254,-0.014792523531893493,-93.12893199463535,-2.9880897534424857,-0.022188785297840238,-0.029585047063786986,0.0,0.029585047063786986,2.9585047063786987,-0.5917009412757398,0.0,0.0,-2.9585047063786987,51.886635532520586,0.0,5.917009412757397,0.044377570595680475,-1000.0,2.9585047063786987,-43.585522172972176,0.0,-5.917009412757397,0.014792523531893493,0.2958504706378699,130.75656651891654,96.0,-0.029585047063786986,-297.0284615440945,290.3096973559086,9.171364589773967,0.029585047063786986,126.71198669723935,-124.72126867315038,0.0,-0.029585047063786986,-0.0073962617659467465,0.0,-0.029585047063786986,-40.0414952936213,0.029585047063733327,-0.0073962617659467465,-0.0073962617659467465,-0.0073962617659467465,11.834018825514795,-74.42668866471254,0.2958504706378699,21.918821743384626,-0.0073962617659467465,255.58800020083393,1.4792523531893493,21.5,0.029585047063786986,0.014792523531893493,0.014792523531893493,2.9585047063786987,0.0,0.029585047063786986,0.0,0.2958504706378699,0.029585047063786986,-21.918821743384626,0.029585047063786986,0.11834018825522072,0.1479252353190077,0.014792523531893493,0.0073962617659467465,8.875514119136097,-0.029585047063786986,17.061470220519123,0.2958504706378699,-43.83764348676925,0.7396261765946757,-2.9585047063786987,5.917009412757397,1.4792523531893493,-0.029585047063786986,17.775398510997494,0.044377570595680475,-0.029585047063786986,-5.917009412757397,0.0,-113.95042610589917,0.014792523531893493,-43.0,-0.029585047063786986,-0.029585047063733327,-0.029585047063786986,0.014792523531893493,100.88501048751364,-5.917009412757397,0.029585047063786986,261.5131330378331,-0.0073962617659467465,121.96950365291117,-261.5131330378331,4.437757059568048,2.9880897534424857,589.3107105947007,100.88501048751364,-0.022188785297840238,297.0284615440945,-96.0,0.029585047063786986,-0.007396261765946748,1.4792523531893493,29.585047063786984,-0.014792523531893493,-0.029585047063786986,0.0073962617659467465,0.0,0.0,497.0846237902484,0.0,-46.0,0.0,231.63122927630513,-31.0,0.0,-32.0,-93.0,-65.0,-502.90058368621976,16.0,23.0,46.5,0.0,15.5,-290.3718259547425,43.29128074666239,502.90058368621976,65.0,43.29128074666239,-231.63122927630513,176.6969966215384,0.0,1496.5981,hclb
49,0.0,0.0,0.0,0.0,0.0,0.0,0.0,0.0,397.3486764316822,0.0,0.0,0.0,0.0,0.0,0.0,0.0,99.00236614551625,410.4680075738042,0.0,-1000.0,0.0,0.0,0.0,0.0,0.0,0.0,0.0,0.0,0.0,-649.9408259070146,0.0,0.0,6.566501654347327,0.0,0.0,0.0,0.0,207.9524251705328,0.0,-1000.0,732.6323581604653,0.0,0.0,900.8143967829043,0.0,0.0,0.0,0.0,124.6104487740763,0.0,0.0,0.0,0.0,0.013789524361044414,0.0,0.0,0.0,2.507186247462272,0.0,0.0,-1.1039976776325489,0.0,0.0,-1.1039976776325489,0.0,0.0,0.0,0.0,0.0,0.0,0.0,0.1253593123731136,0.0,0.0,0.0,0.0,0.0,0.0,0.0,0.0,0.0,0.0,-229.0790260691323,0.0,7.521558742386816,0.0,0.0,-542.0953445361297,827.9529033358577,0.0,563.6093225692629,0.0,0.0,-731.7213488777738,3.760779371193408,0.0,344.86045559207236,0.0,0.0,0.0,0.0,0.626796561865568,-649.9408259070146,0.0,0.0,-24.156454265308096,0.0,719.889157599688,0.0,0.0,0.0,0.0,0.0,0.0,0.0,0.0,0.0,0.0,0.0,0.0,0.0,0.0,0.0,0.0,-466.35172239170754,0.0,0.0,344.86045559207236,0.0,3.886138683566521,0.0,0.0,-116.31387689474901,116.31387689474901,0.0,0.0,0.0,0.0,0.0,0.0,0.0,0.0,0.0,0.0,0.0,230.04429277440528,0.012535931237311358,563.6124565520722,0.0,0.0,0.0,-147.77541209462893,0.0,0.0,0.0,0.0,125.5681558791079,0.0,0.0,0.0,0.0,0.0,229.52336690018146,229.52336690018146,0.0,0.0,0.0,-125.00000000000001,0.0,0.0,0.0,229.53590283141878,0.0,0.0,0.0,-840.9500405425035,0.0,0.0,0.0,0.0,0.0,0.0,0.0,0.0,0.0,0.0,-210.14788459456057,0.0,0.0,0.0,0.0,-554.1400657902107,0.0,0.0,0.0,0.0,0.0,0.0,0.0,172.04709666414226,-172.04709666414226,0.0,0.0,0.0,0.0,0.0,0.0,0.0,0.0,-791.2987655574973,0.0,0.0,0.0,0.0,0.0,0.0,0.0,0.0,0.0,0.0,0.0,0.0,0.0,196.40048640305022,450.8894608104324,426.3280109874221,0.0,0.0,0.0,0.0,83.73387094503155,0.0,0.0,0.0,0.0,-1.1039976776325489,-474.4863857954822,0.0,0.0,0.0,0.0,0.0,0.0,0.0,0.0,0.4036569858415078,0.0,341.09967622087896,0.0,98.98356224866029,754.8893689203758,-245.43779909791112,0.0,-426.3280109874221,0.0,0.0,0.0,167.97423861831234,0.0,0.0,0.0,-1.2634129365337685,0.0,0.0,-1000.0,-124.99999999999996,0.0,-1000.0,124.99999999999996,0.0,1000.0,0.0,0.0,0.0,0.0,-48.75862279293286,0.0,0.0,0.0,860.0677149244974,0.0,-860.0677149244974,0.0,1000.0,0.0,0.0,0.0,-125.0,0.0,0.0,-1.1039976776325489,-0.018803896855967037,0.0,0.0,0.0,0.0,0.012535931237311358,0.0,0.0,0.0,125.14208226726518,99.00236614551625,0.0,-575.5934119862759,354.3977716863129,0.0,1000.0,0.0,-874.9999999999999,0.0,-24.156454265308096,0.0,0.0,0.0,-1.0793436795325135,876.0793436795324,0.0,-1000.0,-1000.0,0.0,0.0,0.0,0.0,0.0,0.0,0.0,0.0,0.0,0.0,0.0,0.0,0.0,0.0,0.0,0.0,0.0,137.78217183554702,0.0,-70.22039705993495,0.0,0.0,0.0,286.9494848773254,0.0,0.0,-230.44794976024673,0.0,229.07902606913228,0.0,0.0,0.0,0.0,0.0,-925.6687836635845,0.0,-876.0793436795324,0.0,0.0,0.0,-16.879631411039743,0.0,781.5672446630562,1000.0,-0.313398280932784,-0.626796561865568,-896.3993508364732,0.0,-8.148355304252384,734.2809201656603,0.0,344.86045559207236,375.00000000000034,-375.00000000000034,0.0,0.0,0.0,397.3612123629195,196.40048640305022,0.0,0.0,0.0,114.64926801784583,0.0,0.0,-770.4891690310558,0.0,0.0,0.0,0.0,0.0,-2.2079953552650977,0.0,750.0000000000002,77.49281375253773,0.0,0.0,0.0,0.0,-41.746406876268864,0.02507186247444433,0.0,0.0,0.0,0.0,0.0,0.0,0.0,0.0,0.0,0.0,0.0,0.0,0.0,0.0,0.0,0.0,0.0,0.0,0.0,0.013789524361044414,0.013789524361044414,0.0,289.89330015558795,0.0,7.521558742386816,0.0,0.0,0.0,1000.0,0.0,0.0,0.0,0.0,0.0,449.79671676315553,-1000.0,0.0,0.0,0.0,0.0,0.0,77.49281375253773,0.0,0.0,0.0,0.0,0.0,0.0,0.0,155.45057413056918,-125.14208226726518,147.77541209462893,0.0,0.9652667052729669,0.0,-815.4552198228054,83.73387094503155,0.0,0.0,449.79671676315553,0.0,0.0,408.0503098868867,0.0,0.0,196.40048640305022,0.0,0.0,0.0,0.0,0.0,0.0,0.0,0.0,0.0,0.0,0.0,0.0,0.0,7.521558742386816,0.0,0.0,0.0,0.0,0.0,0.0,0.0,0.0,0.0,0.0,0.0,0.0,0.1253593123731136,0.0,0.0,0.0,0.0,0.0,0.0,0.0,0.0,344.86045559207236,0.0,0.0,0.0,0.0,0.0,0.0,0.0,0.0,0.0,0.0,-550.6362539951699,673.1911880824127,0.0,3.760779371193408,3.760779371193408,1000.0,-1000.0,0.0,77.49281375253773,0.0,0.0,0.0,0.0,0.0,649.9408259070146,0.0,651.3609379840148,0.012535931237311358,0.0,0.0,-437.4999999999994,454.05548804618854,0.0,0.0,731.7213488777738,0.0,0.0,0.0,0.0,0.0,0.0,0.0,0.0,0.0,0.0,0.0,0.0,0.0,0.0,0.012535931237311358,0.0,0.0,0.0,566.0600721059425,-566.0600721059425,0.0,0.0,0.0,0.0,0.0,-1.3689236911144462,0.0,0.0,-208.00256889548197,-0.940194842798352,-0.626796561865568,0.0,0.0,0.0,0.0,0.0,0.0,0.0,0.0,0.0,0.0,0.0,0.0,0.0,0.0,0.0,0.0,-7.521558742386816,0.0,0.0,0.0,397.3486764316822,0.0,0.0,0.012535931237311358,0.0,0.012535931237311358,0.0,0.0,0.0,7.521558742386816,15.293836109519857,15.293836109519857,0.0,0.0,0.0,0.0,0.0,0.0,229.0790260691323,147.77541209462893,0.0,0.0,0.0,0.0,0.0,0.0,0.0,0.0,0.0,0.0,0.0,0.0,0.0,0.0,0.0,0.0,0.0,0.0,0.0,83.73387094503155,0.0,0.0,0.0,0.018803896855967037,0.0,0.0,0.0,-344.86045559207236,0.0,0.0,0.0,0.0,0.0,-289.89330015558795,0.626796561865568,0.0,0.0,0.0,125.0,0.0,-769.5520502397533,0.0,0.0,750.0000000000002,0.0,0.0,0.0,0.0,0.0,0.0,0.0,0.0,0.0,93.49281375253773,0.0,210.26822584716666,-24.156454265308096,0.0,-1000.0,229.07902606913228,770.9209739308677,0.0,152.6804025087925,0.0,0.626796561865568,1000.0,0.0,0.0,0.0,-2.2079953552650977,875.0000000000001,-875.0000000000001,650.1984696658783,-650.1984696658783,0.0,0.0,0.0,0.0,0.0,500.9813795929469,-292.71388468398305,15.293836109519857,0.0,0.0,0.0,0.0,0.0,0.0,0.0,0.0,0.0,0.4036569858415078,0.0,0.0,0.0,-16.55548804618917,0.0,0.0,3.760779371193408,0.0,0.0,0.0,0.0,33.89142462425434,0.0,0.0,0.013789524361044414,0.0,0.0,0.0,7.6469180547599285,0.0,0.0,0.0,0.0,450.8894608104324,0.0,0.0,0.0,0.0,0.0,0.0,0.0,0.0,0.0,0.0,0.0012535931237311717,0.0012535931237311717,0.0,0.0,0.0,0.0,0.0,0.0,0.0,0.0,0.0,-437.4999999999994,0.0,0.0,0.0,0.0,0.0,289.89330015558795,0.0,0.0,0.0,0.0,0.0,0.0,0.0,0.0,0.0,0.0,0.0,0.0,0.0,-677.3848189348912,410.4680075738042,0.0,0.0,0.0,7.521558742386787,0.0,0.0,0.0,0.0,0.0,606.2836776284087,-613.8052363707955,0.0,0.0,0.0,0.0,0.0,0.0,0.0,0.0,0.0,0.0,0.0,0.0,-1000.0,-1000.0,8.58711289755828,0.0,-344.86045559207236,0.0,207.9524251705328,0.0,0.0,0.0,0.0,0.0,0.0,0.0,0.0,0.0,0.0,0.0,0.0,0.0,0.0,0.0,0.0,0.0,-1.56699140466392,0.0,-0.940194842798352,291.7736898411847,0.0,0.0,0.0,0.0,0.0,-0.156699140466392,0.0,2.2079953552650977,0.0,0.0,0.0,0.0,0.0,0.0,0.0,651.3609379840148,3.760779371193408,3.760779371193408,0.0,0.0,0.0,0.0,0.0,0.013789524361044414,289.89330015558795,0.0,0.0,-207.9524251705328,0.0,0.0,0.0,0.0,0.0,0.0,0.0,0.0,0.0,0.0,0.0,0.0,0.0,0.0,0.0,0.0,0.0,0.0,0.0,13.162727799176928,230.04429277440528,0.0,0.0,0.0,0.0,0.0,289.89330015558795,0.0,768.9252536778877,0.0,0.0,0.0,-1.56699140466392,0.0,0.0,0.0,0.0,0.0,0.0,0.0,0.0,0.0,0.0,0.0,0.0,0.0,0.0,0.0,0.0,0.0,0.0,-0.012535931237311358,0.0,0.0,0.626796561865568,-449.79671676315553,0.0,0.0,0.0,0.0,0.0,0.0,0.0,0.0,1.0793436795325135,0.313398280932784,0.0,0.0,0.0,0.012535931237311358,0.0,12.535931237311358,-3.886138683566521,2.507186247462272,0.08954236598079543,34.975248152098686,-0.009401948427983519,144.10153900052828,0.2507186247462272,-0.06267965618649143,-34.975248152098686,3.760779371193408,-0.01253593123731136,8.052151421769365,77.49281375253773,0.00313398280932784,0.08954236598079543,-24.156454265308092,-1.9957202529800213,-0.2507186247462272,490.5296262806795,-0.01253593123731136,0.00313398280932784,-34.975248152098686,1.253593123731136,0.01253593123731136,0.012535931237311358,-289.8669746999896,0.013789524361042532,0.0,-0.009401948427983519,3.760779371193408,0.01253593123731136,344.86045559207236,334.8317106022233,-0.00626796561865568,-77.25524734849171,-85.0,-0.009401948427983519,-0.01253593123731136,-3.886138683566521,0.012535931237311358,1.2535931237311502,-0.2507186247462272,83.73387094503155,83.73387094503155,-1.253593123731136,-490.5296262806795,-83.73387094503155,2.507186247462272,0.018803896855967037,-196.6137129008664,1.253593123731136,-155.45057413056918,77.49281375253773,-2.507186247462272,0.00626796561865568,0.1253593123731136,143.89835299656897,96.0,-0.012535931237311358,-292.71388468398305,289.8669746999896,3.886138683566521,0.01253593123731136,1.9957202529800213,-278.6499799531149,77.49281375253773,-0.012535931237311358,-0.00313398280932784,-77.49281375253773,-0.01253593123731136,-41.746406876268864,0.01253593123731136,-0.00313398280932784,-0.00313398280932784,-0.00313398280932784,5.014372494924544,-334.8317106022233,0.1253593123731136,9.287558055443498,-0.00313398280932784,279.7445545713686,0.626796561865568,21.5,0.012535931237311358,0.00626796561865568,0.00626796561865568,40.0,3.886138683566521,0.012535931237311358,-3.886138683566521,0.1253593123731136,0.012535931237311358,-9.287558055443498,0.01253593123731136,0.05014372494918007,0.06267965618649143,0.00626796561865568,0.00313398280932784,3.760779371193408,-0.01253593123731136,0.0,0.1253593123731136,-18.575116110886995,143.7881407195955,-1.2535931237311502,2.507186247462272,0.626796561865568,-0.01253593123731136,24.156454265308092,0.018803896855967037,-0.012535931237311358,-80.0,3.886138683566521,20.562212047934615,0.00626796561865568,-43.0,-0.01253593123731136,-0.01253593123731136,-0.01253593123731136,0.00626796561865568,34.975248152098686,-2.507186247462272,0.012535931237311358,287.79670599313795,-0.00313398280932784,-0.013789524361042532,-287.79670599313795,1.8803896855967035,85.0,-44.226796970380505,34.975248152098686,-0.009401948427983519,292.71388468398305,-96.0,0.01253593123731136,-0.0031339828093278404,0.626796561865568,12.535931237311358,-0.00626796561865568,-0.01253593123731136,0.00313398280932784,0.0,0.0,-803.3925550647523,0.0,-46.0,0.0,97.8325754990122,-31.0,0.0,-32.0,-93.0,-65.0,-1000.0,16.0,23.0,46.5,0.0,15.5,-289.89330015558795,-54.453636672188956,1000.0,65.0,-54.453636672188956,-97.8325754990122,187.61448116419797,0.0,1496.5981,hclb
50,0.0,0.0,0.0,0.0,0.0,0.0,0.0,0.0,-0.038004333101707755,0.0,0.0,0.0,0.0,0.0,0.0,0.0,-145.16964667168963,-586.9550329409756,0.0,1000.0,0.0,0.0,0.0,186.82384608941393,0.0,0.0,0.0,0.0,0.0,-742.5550982583337,0.0,0.0,7.04021392902499,0.0,0.0,0.0,0.0,-121.49337444982193,0.0,-1000.0,1000.0,0.0,-763.7313871124986,0.0,0.0,0.0,0.0,0.0,693.1373702321874,-314.4238660010466,0.0,0.0,0.0,0.04180476641204223,0.0,0.0,0.0,7.600866620341551,0.0,0.0,111.49063397745238,0.0,1000.0,766.977987239624,859.5088106337563,0.0,0.0,0.0,0.0,782.431559735291,0.0,0.38004333101707755,0.0,0.0,0.0,0.0,0.0,0.0,0.0,0.0,0.0,0.0,0.0,0.0,22.802599861024653,0.0,0.0,-655.802631741388,55.63971748295565,1000.0,-0.009501083275426939,0.0,0.0,-405.05663712646725,11.401299930512327,0.0,36.33926282947109,0.0,0.0,0.0,0.0,1.9002166550853878,-1000.0,0.0,0.0,-23.119890309427106,0.0,0.0,0.0,0.0,0.0,0.0,0.0,0.0,0.0,0.0,0.0,0.0,0.0,0.0,0.0,0.0,0.0,0.0,-1000.0,0.0,0.0,36.33926282947109,0.0,11.781343261529402,0.0,0.0,0.0,0.0,0.0,0.0,-1000.0,0.0,0.0,655.4873532621716,0.0,0.0,0.0,0.0,0.0,2.926333648831587,0.038004333101707755,0.0,0.0,0.0,0.0,-377.81167940284365,0.0,0.0,0.0,0.0,-283.9131635022744,0.0,0.0,0.0,0.0,0.0,210.35991279934308,210.35991279934308,0.0,0.0,0.0,0.0,-1000.0,0.0,0.0,210.39791713244477,0.0,0.0,0.0,0.0,-22.963298469960453,0.0,0.0,0.0,0.0,0.0,0.0,0.0,0.0,0.0,0.0,0.0,0.0,0.0,0.0,-1000.0,0.0,0.0,0.0,0.0,0.0,314.4238660010466,763.7313871124986,-542.2396925695317,542.2396925695317,253.91492430647946,0.0,0.0,0.0,0.0,0.0,0.0,257.4449017416663,-569.5397288552114,0.0,0.0,0.0,0.0,0.0,0.0,0.0,0.0,0.0,0.0,0.0,0.0,0.0,176.50981234185457,374.9513755424855,-569.1440124146627,0.0,0.0,0.0,90.59772243134893,81.16156235672752,0.0,0.0,0.0,0.0,111.49063397745238,-569.1440124146627,0.0,0.0,438.5404203673529,0.0,0.0,0.0,0.0,0.0,1.223739525874862,0.0,24.937962898958762,0.0,378.65354312606166,212.80156606605044,258.8264330337662,0.0,569.1440124146627,0.0,0.0,344.5126467378284,0.0,0.0,0.0,0.0,-90.17827015401974,0.0,0.0,0.0,0.0,0.0,0.0,0.0,0.0,-486.59997508657614,0.0,-166.5294640013068,314.4238660010466,0.0,-229.04439730944245,0.0,0.0,0.0,-992.0887314535066,0.0,992.0887314535066,0.0,210.32190846624135,0.0,90.59772243134893,-320.7485214078588,0.0,0.0,0.0,111.49063397745238,-0.05700649965256163,0.0,0.0,0.0,0.0,0.038004333101707755,0.0,0.0,0.0,627.3605109814471,-145.16964667168963,0.0,-15.413260206284736,80.50242158272599,22.963298469960453,873.3424070184637,0.0,0.0,0.0,-23.119890309427106,0.0,0.0,0.0,808.4073431705174,191.59265682948262,-1000.0,-852.3677114228286,-1000.0,0.0,0.0,0.0,0.0,0.0,0.0,0.0,0.0,0.0,0.0,0.0,0.0,0.0,0.0,0.0,0.0,438.5404203673529,-1000.0,0.0,-878.6586428825854,0.0,0.0,0.0,631.5769456447048,0.0,0.0,-4.150073174706449,0.0,0.0,0.0,423.08379794299407,0.0,311.4004574259459,-625.0000000000001,490.99154471115384,686.1601874064596,-502.9931142554285,0.0,-1000.0,-285.9361487150181,0.0,625.0000000000001,-1000.0,668.9398842960404,-687.1102957340023,998.0997833449146,0.0,0.0,0.0,0.0,326.14835148519046,36.33926282947109,125.00000000000011,-125.00000000000011,0.0,407.23153333393236,0.0,0.0,0.0,-176.50981234185457,176.50981234185457,176.50981234185457,-298.7125096448468,0.0,0.0,0.0,0.0,0.0,257.4449017416663,0.0,0.0,-121.53137878292364,0.0,0.0,162.99685581100738,0.0,0.0,0.0,0.0,-39.199566689829226,0.07600866620350644,0.0,0.0,0.0,0.0,0.0,0.0,0.0,0.0,0.0,782.431559735291,0.0,0.0,0.0,0.0,0.0,0.0,0.0,0.0,0.0,0.04180476641204223,0.04180476641204223,0.0,264.908945721513,0.0,22.802599861024653,0.0,0.0,0.0,-319.8243879217354,0.0,0.0,0.0,0.0,0.0,-235.45977094954696,319.8243879217354,0.0,0.0,531.7779739671055,0.0,0.0,162.99685581100738,0.0,0.0,0.0,0.0,0.0,0.0,0.0,333.3333333333333,-627.3605109814471,377.81167940284365,191.31976581140836,102.4393471716779,0.0,0.0,-405.05663712646725,-740.1331237896743,0.0,-235.45977094954696,0.0,0.0,-274.6593376393762,375.00000000000034,-375.00000000000034,176.50981234185457,0.0,0.0,0.0,0.0,0.0,0.0,0.0,0.0,0.0,0.0,0.0,0.0,0.0,22.802599861024653,344.5126467378284,344.5126467378284,0.0,0.0,0.0,0.0,0.0,0.0,0.0,0.0,0.0,0.0,0.38004333101707755,0.0,0.0,0.0,0.0,0.0,763.7313871124986,0.0,0.0,36.33926282947109,-531.7779739671055,0.0,0.0,99.51301352284631,191.31976581140836,0.0,0.0,0.0,0.0,0.0,400.6575475564748,0.0,0.0,11.401299930512327,11.401299930512327,1000.0,319.8243879217354,0.0,162.99685581100738,0.0,0.0,0.0,0.0,0.0,852.3677114228286,257.4449017416663,1000.0,0.038004333101707755,0.0,0.0,50.19015105124818,0.0,0.0,0.0,405.05663712646725,0.0,0.0,0.0,0.0,0.0,0.0,0.0,0.0,0.0,0.0,0.0,0.0,0.0,0.0,0.038004333101707755,0.0,0.0,0.0,392.4841009483313,-392.4841009483313,0.0,0.0,0.0,0.0,0.0,814.3557496777732,0.0,-818.5058228524797,121.34135711741465,-2.8503249826280816,0.0,-1.9002166550853878,0.0,625.0,625.0,-625.0,0.0,0.0,0.0,0.0,0.0,0.0,0.0,344.5126467378284,22.963298469960453,0.0,0.0,328.04856814027585,0.0,0.0,0.0,-0.038004333101707755,0.0,0.0,0.038004333101707755,0.0,0.038004333101707755,0.0,0.0,0.0,22.802599861024653,46.36528638408346,46.36528638408346,0.0,0.0,0.0,0.0,0.0,0.0,0.0,377.81167940284365,0.0,257.4449017416663,0.0,0.0,196.33547588524493,615.3440403653296,0.0,0.0,0.0,0.0,0.0,0.0,0.0,0.0,0.0,0.0,0.0,0.0,0.0,335.076486663207,0.0,0.0,0.0,0.05700649965256163,0.0,0.0,0.0,-36.33926282947109,0.0,0.0,0.0,0.0,0.0,-264.908945721513,1.9002166550853878,0.0,0.0,0.0,0.0,1000.0,185.6442503222268,-1.9002166550853878,0.0,0.0,0.0,0.0,0.0,0.0,0.0,344.5126467378284,0.0,531.7779739671055,573.0905634421036,88.39913337965845,0.0,435.2108127825021,-23.119890309427106,0.0,181.4941771475203,818.5058228524797,-1000.0,0.0,-46.36528638408346,0.0,1.9002166550853878,1000.0,0.0,0.0,0.0,-121.53137878292364,0.0,0.0,-125.00000000000011,125.00000000000011,0.0,0.0,0.0,0.0,0.0,0.0,-5.700649965255934,46.36528638408346,0.0,0.0,0.0,0.0,0.0,0.0,0.0,0.0,0.0,1.223739525874862,0.0,0.0,267.7592707041411,-832.6217107865392,-508.9614419675029,-763.7313871124986,11.401299930512327,0.0,0.0,0.0,0.0,-334.0075834765931,0.0,0.0,0.04180476641204223,0.0,0.0,0.0,23.18264319204173,0.0,0.0,0.0,0.0,374.9513755424855,0.0,0.0,0.0,0.0,0.0,0.0,0.0,0.0,0.0,0.0,0.0038004333101707755,0.0038004333101707755,0.0,0.0,0.0,0.0,0.0,0.0,0.0,0.0,0.0,50.19015105124818,0.0,0.0,0.0,0.0,0.0,264.908945721513,0.0,0.0,0.0,0.0,0.0,0.0,0.0,314.4238660010466,0.0,0.0,0.0,0.0,1000.0,1000.0,-586.9550329409756,0.0,0.0,0.0,22.802599861024653,0.0,0.0,0.0,0.0,0.0,0.0,-22.802599861024653,0.0,0.0,0.0,0.0,0.0,0.0,0.0,0.0,0.0,0.0,0.0,0.0,-1000.0,-1000.0,837.7124844252443,0.0,-36.33926282947109,0.0,-121.49337444982193,0.0,0.0,0.0,0.0,0.0,0.0,0.0,0.0,0.0,812.5,0.0,-812.5,-812.5,0.0,0.0,0.0,0.0,-4.75054163771347,344.5126467378284,-2.8503249826280816,814.5298412332025,0.0,0.0,0.0,0.0,0.0,-0.4750541637713469,0.0,121.53137878292364,0.0,0.0,0.0,0.0,0.0,0.0,0.0,1000.0,11.401299930512327,11.401299930512327,0.0,0.0,0.0,0.0,0.0,0.04180476641204223,264.908945721513,0.0,0.0,121.49337444982193,0.0,0.0,0.0,0.0,0.0,0.0,0.0,0.0,0.0,0.0,0.0,0.0,0.0,0.0,0.0,0.0,0.0,0.0,0.0,39.904549756793145,2.926333648831587,0.0,0.0,0.0,0.0,0.0,264.908945721513,0.0,-185.6442503222268,0.0,0.0,0.0,-4.75054163771347,0.0,0.0,0.0,0.0,0.0,0.0,0.0,0.0,0.0,0.0,0.0,0.0,0.0,0.0,0.0,0.0,0.0,0.0,-0.038004333101707755,0.0,0.0,1.9002166550853878,235.45977094954696,0.0,0.0,0.0,0.0,344.5126467378284,0.0,0.0,0.0,-808.4073431705174,0.9501083275426939,0.0,0.0,0.0,0.038004333101707755,0.0,38.00433310170776,-11.781343261529402,7.600866620341551,0.27145952215505537,106.03208935376462,-0.028503249826280816,317.6886894774378,0.7600866620341552,-0.19002166550899346,-106.03208935376462,11.401299930512327,-0.038004333101707755,7.706630103142369,162.99685581100738,0.009501083275426939,0.2714595221550554,-23.119890309427106,-6.050289829791893,-0.7600866620341552,-267.8753203873348,-0.038004333101707755,0.009501083275426939,-106.03208935376462,17.42221691561256,0.038004333101707755,0.038004333101707755,-264.8291366219993,0.04180476641187853,0.0,-0.028503249826280816,11.401299930512327,0.038004333101707755,36.33926282947109,5.935796348104883,-0.019002166550853877,330.1529441211286,-85.0,-0.028503249826280816,-0.038004333101707755,-11.781343261529402,0.038004333101707755,3.8004333101707743,-0.7600866620341552,335.076486663207,335.076486663207,-3.800433310170776,267.8753203873348,-335.076486663207,7.600866620341551,0.05700649965256163,-1000.0,3.8004333101707757,-333.3333333333333,162.99685581100738,-7.600866620341551,0.019002166550853877,0.38004333101707755,3.853315051571184,96.0,-0.038004333101707755,-273.45992066939704,264.8291366219993,11.781343261529402,0.038004333101707755,6.050289829791893,78.8319095845576,162.99685581100738,-0.038004333101707755,-0.009501083275426939,-162.99685581100738,-0.038004333101707755,-39.199566689829226,0.038004333101707755,-0.009501083275426939,-0.009501083275426939,-0.009501083275426939,15.201733240683103,-5.935796348104883,0.38004333101707755,266.216362138025,-0.009501083275426939,0.0,1.9002166550853878,21.5,0.038004333101707755,0.019002166550853877,0.019002166550853877,40.0,11.781343261529402,0.038004333101707755,-11.781343261529402,0.38004333101707755,0.038004333101707755,-742.3361658406212,0.038004333101707755,0.15201733240724025,0.19002166550899346,0.019002166550853877,0.009501083275426939,11.401299930512327,-0.038004333101707755,0.0,0.3800433310170776,-532.43272427605,316.7385811498951,-3.8004333101707743,7.600866620341551,1.9002166550853878,-0.038004333101707755,23.119890309427106,0.05700649965256163,-0.038004333101707755,-80.0,11.781343261529402,640.3795183297503,0.019002166550853877,-43.0,-0.038004333101707755,-0.038004333101707755,-0.038004333101707755,0.019002166550853877,106.03208935376462,-7.600866620341551,0.038004333101707755,7.706630103142368,-0.009501083275426939,-0.04180476641187853,-7.706630103142368,5.700649965256163,85.0,722.6610713359091,106.03208935376462,-0.028503249826280816,273.45992066939704,-96.0,0.038004333101707755,-0.009501083275426939,424.98401459807945,38.00433310170776,-0.019002166550853877,-0.038004333101707755,0.009501083275426939,0.0,0.0,486.58097292002526,476.11980370259624,-46.0,0.0,608.6231516909565,-31.0,13.621783605441783,48.35701060148601,-93.0,-65.0,-513.4000249134239,-24.178505300743005,23.0,46.5,-13.621783605441783,15.5,-264.908945721513,-306.37193485315726,513.4000249134239,65.0,-306.37193485315726,-608.6231516909565,262.9954043981141,0.0,1496.5981,hclb
51,0.0,0.0,0.0,0.0,0.0,0.0,0.0,0.0,-0.06531236990710522,0.0,0.0,0.0,0.0,0.0,0.0,0.0,634.5057671849121,652.7082262942685,0.0,-833.667798918364,0.0,0.0,0.0,11.105141377141308,0.0,0.0,0.0,0.0,0.0,-199.1620317334519,0.0,0.0,15.866918253561789,0.0,0.0,0.0,0.0,146.63630308490985,0.0,-1000.0,1000.0,0.0,-102.97159165405796,0.0,0.0,0.0,0.0,0.0,-538.3153271055181,-185.478122142487,0.0,0.0,0.0,0.07184360689792868,0.0,0.0,0.0,13.062473981421043,0.0,0.0,34.88014788427917,0.0,180.9838193538771,93.96799545586252,0.0,0.0,0.0,0.0,146.4399669468712,-146.4399669468712,0.0,0.6531236990710523,0.0,0.0,0.0,0.0,0.0,0.0,0.0,0.0,0.0,0.0,0.0,0.0,39.187421944263136,0.0,0.0,305.86995865439366,51.48579582702898,0.0,-0.016328092476776305,0.0,0.0,934.9600778678304,19.593710972131568,0.0,19.593710972131568,0.0,0.0,0.0,0.0,527.9349606338078,-199.1620317334519,0.0,0.0,-13.689678371491075,0.0,0.0,0.0,0.0,0.0,0.0,0.0,0.0,0.0,0.0,0.0,0.0,0.0,0.0,0.0,0.0,0.0,0.0,-893.3723184584651,0.0,0.0,19.593710972131568,0.0,20.24683467120262,20.24683467120262,0.0,-8.174954060341406,0.0,8.174954060341406,-8.174954060341406,-1000.0,0.0,0.0,878.1040282177063,0.0,0.0,0.0,0.0,0.0,5.029052482846964,0.06531236990710522,0.0,0.0,0.0,0.0,-487.9903992797132,0.0,0.0,0.0,0.0,261.70828684699933,0.0,0.0,0.0,0.0,0.0,60.242310513435655,60.242310513435655,0.0,0.0,0.0,0.0,-726.4175778493615,0.0,0.0,60.30762288334276,0.0,0.0,0.0,-543.4252179102043,-636.7786303197315,0.0,0.0,0.0,0.0,0.0,0.0,0.0,0.0,0.0,0.0,0.0,0.0,0.0,0.0,-1000.0,0.0,0.0,0.0,0.0,0.0,185.478122142487,102.97159165405796,-51.48579582702898,51.48579582702898,121.89597178229376,0.0,0.0,0.0,0.0,0.0,0.0,0.0,-468.23612094009604,0.0,0.0,0.0,0.0,0.0,0.0,0.0,0.0,0.0,0.0,0.0,0.0,0.0,201.71895691574187,496.07167176242444,0.0,0.0,0.0,0.0,0.0,78.40345063938237,0.0,0.0,0.0,0.0,34.88014788427917,0.0,0.0,0.0,0.0,0.0,0.0,0.0,0.0,0.0,513.13111140381,0.0,0.0,0.0,0.0,0.0,-180.9595726240955,0.0,0.0,0.0,0.0,121.89597178229376,0.0,0.0,0.0,0.0,45.52467213000807,0.0,0.0,-626.0032074619983,373.99679253800196,0.0,-1000.0,0.0,-373.99679253800196,0.0,0.0,0.0,185.478122142487,0.0,22.41575896155257,0.0,0.0,0.0,-679.8774832431076,0.0,679.8774832431076,0.0,60.17699814352855,0.0,0.0,-1000.0,0.0,0.0,0.0,34.88014788427917,-0.09796855486065782,0.0,0.0,0.0,0.0,0.06531236990710522,0.0,0.0,0.0,266.97575520238235,634.5057671849121,0.0,-740.1755472672584,652.427343337034,636.7786303197315,952.6561849535526,0.0,237.95466212251233,0.0,-13.689678371491075,0.0,0.0,0.0,908.4853048243589,-146.4399669468712,-1000.0,-1000.0,-1000.0,0.0,0.0,0.0,0.0,0.0,0.0,0.0,0.0,0.0,0.0,0.0,0.0,0.0,0.0,0.0,0.0,0.0,-853.1024474354616,0.0,-1000.0,0.0,0.0,511.0280530928022,0.0,0.0,0.0,-319.45349715791883,0.0,0.0,0.0,141.9150545388374,524.6693421384525,0.0,161.28314680092376,734.3997104354185,899.5252783546787,0.0,85.5074172900002,352.5475963159174,-1000.0,856.0331395078847,-161.28314680092376,-1000.0,1000.0,-901.1580876023563,-355.8132148112727,0.0,0.0,-1000.0,-374.99999999999864,713.755015995794,19.593710972131568,0.0,0.0,0.0,0.0,0.0,0.0,0.0,-201.71895691574187,201.71895691574187,201.71895691574187,93.62720439007002,0.0,0.0,0.0,0.0,0.0,0.0,0.0,0.0,-52.13567601373542,0.0,0.0,66.93752601857895,0.0,0.0,0.0,0.0,-11.512438489420362,0.13062473981426592,0.0,0.0,0.0,0.0,0.0,0.0,0.0,54.6467116621617,0.0,0.0,0.0,0.0,0.0,0.0,0.0,0.0,0.0,0.0,0.0,0.07184360689792868,0.07184360689792868,0.0,284.6564829343208,0.0,39.187421944263136,0.0,0.0,0.0,507.1836741891424,0.0,0.0,0.0,0.0,0.0,529.8871953002841,-507.1836741891424,0.0,0.0,943.0040326071031,0.0,0.0,66.93752601857895,0.0,0.0,0.0,0.0,0.0,0.0,0.0,297.7907728194884,-266.97575520238235,487.9903992797132,0.0,5.029052482846964,0.0,341.44648539515816,593.5135924726723,393.2141700509961,0.0,529.8871953002841,0.0,-379.99454943155786,898.3693062424217,-625.0000000000006,625.0000000000006,201.71895691574187,0.0,0.0,0.0,0.0,0.0,0.0,0.0,0.0,0.0,0.0,0.0,0.0,0.0,39.187421944263136,121.89597178229371,121.89597178229376,0.0,0.0,0.0,0.0,0.0,0.0,0.0,0.0,0.0,0.0,0.6531236990710523,0.0,0.0,0.0,0.0,0.0,102.97159165405796,0.0,0.0,19.593710972131568,-943.0040326071031,0.0,0.0,0.0,0.0,0.0,0.0,0.0,0.0,0.0,931.8757029810267,-912.2348242998819,0.0,19.593710972131568,19.593710972131568,1000.0,-507.1836741891424,0.0,66.93752601857895,0.0,0.0,0.0,0.0,0.0,632.6043699190244,0.0,773.3742245553422,0.06531236990710522,0.0,0.0,0.0,5.266976116080154,0.0,54.6467116621617,-934.9600778678304,0.0,0.0,0.0,0.0,0.0,0.0,0.0,0.0,0.0,0.0,0.0,0.0,0.0,0.0,0.06531236990710522,0.0,0.0,0.0,-287.33866671597457,287.33866671597457,0.0,0.0,0.0,0.0,0.0,771.2563098725609,0.0,-579.6817539376775,-146.8975525645384,-4.898427743032891,-3.265618495355284,0.0,0.0,0.0,0.0,0.0,0.0,0.0,0.0,0.0,0.0,0.0,0.0,121.89597178229371,636.7786303197315,0.0,0.0,-282.9793655088507,0.0,0.0,0.0,-0.06531236990710522,0.0,0.0,0.06531236990710522,0.0,0.06531236990710522,0.0,0.0,0.0,39.187421944263136,79.68109128666833,79.68109128666833,0.0,0.0,0.0,0.0,0.0,0.0,0.0,487.9903992797132,0.0,0.0,0.0,0.0,914.1086998733607,0.0,0.0,0.0,0.0,0.0,0.0,0.0,0.0,0.0,0.0,0.0,0.0,0.0,0.0,200.29942242167613,0.0,-347.70906952228097,347.70906952228097,0.09796855486065782,0.0,0.0,0.0,-19.593710972131568,0.0,0.0,0.0,0.0,0.0,-284.6564829343208,3.2656184953552607,0.0,0.0,0.0,0.0,726.4175778493615,507.76243459744694,0.0,0.0,0.0,0.0,0.0,0.0,0.0,0.0,121.89597178229371,0.0,943.0040326071031,0.0,82.93752601857895,0.0,539.9279252982922,-13.689678371491075,0.0,188.3089374395281,579.6817539376775,-767.9906913772056,0.0,-79.68109128666833,0.0,3.265618495355284,479.0374983319807,0.0,0.0,0.0,-52.13567601373542,0.0,0.0,0.0,0.0,0.0,-198.70666672873813,0.0,0.0,0.0,80.99287238360643,-90.78972786967233,79.68109128666833,0.0,0.0,0.0,0.0,0.0,0.0,0.0,0.0,0.0,513.13111140381,0.0,0.0,208.56203829374726,-5.266976116080154,0.0,-102.97159165405796,19.593710972131568,0.0,0.0,0.0,0.0,113.89576103790823,0.0,0.0,0.07184360689792868,0.0,0.0,0.0,39.84054564333419,0.0,0.0,0.0,0.0,496.07167176242444,0.0,0.0,0.0,0.0,0.0,0.0,0.0,0.0,0.0,0.0,0.006531236990710454,0.006531236990710454,0.0,0.0,0.0,0.0,0.0,0.0,0.0,0.0,0.0,0.0,0.0,0.0,0.0,0.0,0.0,284.6564829343208,0.0,0.0,0.0,0.0,0.0,0.0,0.0,185.478122142487,0.0,0.0,0.0,0.0,0.0,0.0,652.7082262942685,0.0,0.0,0.0,39.18742194426318,0.0,0.0,0.0,0.0,0.0,960.8125780557368,-1000.0,0.0,0.0,0.0,0.0,0.0,0.0,0.0,0.0,0.0,0.0,0.0,0.0,-1000.0,-566.5576618144274,958.8476732597279,-650.3624457829676,630.768734810836,0.0,146.63630308490985,0.0,0.0,0.0,0.0,0.0,0.0,0.0,0.0,0.0,0.0,0.0,0.0,0.0,0.0,0.0,0.0,0.0,-8.164046238388174,121.89597178229376,-529.5677698814854,1000.0,0.0,0.0,0.0,0.0,0.0,-0.8164046238388153,0.0,52.13567601373542,0.0,0.0,0.0,0.0,0.0,0.0,0.0,773.3742245553422,19.593710972131568,19.593710972131568,0.0,0.0,0.0,0.0,0.0,0.07184360689792868,284.6564829343208,0.0,0.0,-146.63630308490985,0.0,0.0,0.0,0.0,0.0,0.0,0.0,0.0,0.0,0.0,0.0,0.0,0.0,0.0,173.85453476114048,0.0,0.0,20.24683467120262,0.0,68.57798840246049,5.029052482846964,0.0,0.0,0.0,0.0,0.0,284.6564829343208,0.0,0.0,0.0,0.0,0.0,-8.164046238388174,0.0,0.0,0.0,0.0,0.0,0.0,0.0,0.0,0.0,0.0,0.0,0.0,0.0,0.0,0.0,0.0,0.0,0.0,-0.06531236990710522,0.0,0.0,3.2656184953552607,-529.8871953002841,0.0,0.0,0.0,0.0,121.89597178229376,0.0,0.0,0.0,-908.4853048243589,1.6328092476776304,0.0,0.0,0.0,0.06531236990710522,0.0,65.31236990710521,0.0,13.062473981421045,0.46651692790789767,222.7151813832288,-0.04898427743032891,265.60028956458154,1.3062473981421043,-0.3265618495356364,-222.7151813832288,19.593710972131568,-0.06531236990710522,4.563226123830359,66.93752601857895,0.016328092476776305,0.46651692790789767,-13.689678371491075,-10.39772928921002,-1.3062473981421043,-453.5461945608165,-0.06531236990710522,0.016328092476776305,-222.7151813832288,6.531236990710521,0.06531236990710522,0.06531236990710522,-284.5193269575158,0.07184360689781567,0.0,-0.04898427743032891,19.593710972131568,0.06531236990710522,19.593710972131568,-32.65618495355261,-0.03265618495355261,-234.3289301040172,-85.0,-0.04898427743032891,-0.06531236990710522,0.0,0.06531236990710522,6.531236990710521,-1.3062473981421043,200.29942242167613,200.29942242167613,-6.531236990710521,453.5461945608165,-200.29942242167613,13.062473981421043,0.09796855486065782,276.46899640036827,6.531236990710521,-297.7907728194884,66.93752601857895,-13.062473981421043,0.03265618495355261,0.6531236990710523,185.0438868168146,96.0,-0.06531236990710522,-299.3517661634196,284.5193269575158,20.24683467120262,0.06531236990710522,10.39772928921002,-11.437317869946856,66.93752601857895,-0.06531236990710522,-0.016328092476776305,-66.93752601857895,-0.06531236990710522,-11.512438489420362,0.06531236990687785,-0.016328092476776305,-0.016328092476776305,-0.016328092476776305,26.124947962842086,32.65618495355261,0.6531236990710523,365.59220136994855,-0.016328092476776305,365.5245475097988,3.2656184953552607,9.021837740065441,0.06531236990710522,0.03265618495355261,0.03265618495355261,40.0,0.0,0.06531236990710522,0.0,0.6531236990710523,0.06531236990710522,-1000.0,0.06531236990710522,0.26124947962853184,0.3265618495356364,0.03265618495355261,0.016328092476776305,19.593710972131568,-0.06531236990710522,0.0,0.6531236990710522,-731.1844027398971,263.9674803169039,-6.531236990710521,13.062473981421043,3.2656184953552607,-0.06531236990710522,13.689678371491075,0.09796855486065782,-0.06531236990710522,-80.0,0.0,121.99554663309009,0.03265618495355261,-18.043675480130883,-0.06531236990710522,-0.06531236990687785,-0.06531236990710522,0.03265618495355261,222.7151813832288,-13.062473981421043,0.06531236990710522,370.0877736336292,-0.016328092476776305,-0.07184360689781567,-370.0877736336292,9.79685548606578,85.0,-45.73615846057807,222.7151813832288,-0.04898427743032891,299.3517661634196,-96.0,0.06531236990710522,-0.01632809247677631,145.1806730341927,65.31236990710521,-0.03265618495355261,-0.06531236990710522,0.016328092476776305,0.0,0.0,-276.50165258532184,634.4077986300515,-46.0,0.0,-35.32773112907648,-31.0,0.0,-32.0,-93.0,-65.0,0.0,16.0,23.0,46.5,0.0,15.5,-284.6564829343208,-235.89130767099832,0.0,65.0,-235.89130767099832,35.32773112907648,-15.210825124920074,0.0,1496.5981,hclb
52,0.0,0.0,0.0,0.0,0.0,0.0,0.0,0.0,-0.0629477381936465,0.0,0.0,0.0,0.0,0.0,0.0,0.0,-830.9926459282556,493.07235939205714,0.0,0.0,0.0,0.0,0.0,816.4002085761445,0.0,0.0,0.0,0.0,0.0,-870.6773206273248,0.0,0.0,7.504161263734318,0.0,0.0,0.0,0.0,313.40884919671197,0.0,-1000.0,1000.0,0.0,0.0,710.0396645109788,0.0,0.0,0.0,0.0,1000.0,0.0,0.0,0.0,0.0,0.06924251201427012,0.0,0.0,0.0,12.5895476387293,0.0,0.0,76.65105276084061,0.0,-193.85817569856,-363.791073650998,0.0,0.0,0.0,0.0,0.0,0.0,0.0,0.6294773819364651,0.0,0.0,0.0,0.0,0.0,0.0,0.0,0.0,0.0,0.0,-85.60522542744687,0.0,37.7686429161879,0.0,0.0,-84.45646623222699,84.45646623222699,831.087067535546,642.5095303987913,0.0,0.0,336.38926591558896,18.88432145809395,0.0,18.88432145809395,0.0,106.3504470184447,0.0,0.0,3.147386909682325,-1000.0,0.0,0.0,-22.104693722184834,0.0,0.0,0.0,0.0,0.0,0.0,0.0,0.0,0.0,0.0,0.0,0.0,0.0,0.0,0.0,0.0,0.0,0.0,-980.5560169700968,0.0,0.0,18.88432145809395,0.0,19.513798840030418,19.513798840030418,0.0,593.5625000000001,-1000.0,406.4374999999999,-406.4374999999999,-1000.0,0.0,0.0,753.4160492867214,0.0,0.0,0.0,0.0,0.0,90.45220126835764,0.0629477381936465,642.5252673333397,0.0,0.0,-117.58207674699122,1.4156275752023504,0.0,0.0,0.0,0.0,264.7616880153574,0.0,0.0,0.0,0.0,0.0,420.04432769416024,420.04432769416024,0.0,0.0,0.0,-874.9999999999999,1000.0,0.0,0.0,420.1072754323539,0.0,0.0,0.0,-174.06847072230994,0.0,0.0,0.0,0.0,0.0,0.0,0.0,0.0,0.0,0.0,-300.277299631671,0.0,0.0,0.0,0.0,-17.551556896539566,0.0,0.0,0.0,0.0,0.0,0.0,0.0,84.45646623222699,-84.45646623222699,112.41225081591749,0.0,0.0,0.0,0.0,0.0,0.0,129.32267937267522,-839.2915657411463,0.0,0.0,0.0,0.0,0.0,0.0,0.0,0.0,0.0,0.0,0.0,0.0,0.0,232.52698046670753,98.34554444924747,701.6699665555803,0.0,0.0,0.0,134.171699897361,78.64227844244171,0.0,0.0,0.0,0.0,76.65105276084061,-8.369697955398465,0.0,0.0,0.0,0.0,0.0,0.0,0.0,0.0,2.026917169833496,0.0,0.0,0.0,0.0,0.0,1000.0,0.0,-701.6699665555803,0.0,0.0,246.58395071327857,-762.5247096557893,0.0,0.0,0.0,-153.20007280504615,0.0,0.0,-1000.0,0.0,0.0,-1000.0,0.0,0.0,168.912932464454,0.0,-338.01470814348886,0.0,0.0,23.59725798197539,0.0,0.0,0.0,0.0,0.0,0.0,0.0,419.9813799559666,0.0,134.171699897361,-6.730996120560832,-875.0,0.0,0.0,76.65105276084061,-0.09442160729046975,0.0,0.0,0.0,0.0,0.0629477381936465,0.0,0.0,0.0,-194.41421098974706,-830.9926459282556,0.0,-781.13061574446,290.43955223959216,0.0,817.3021691994622,0.0,0.0,0.0,-22.104693722184834,0.0,0.0,0.0,-5.419800258474222,5.419800258474222,0.0,-975.3357598402085,-1000.0,0.0,0.0,0.0,0.0,0.0,0.0,0.0,0.0,0.0,0.0,0.0,0.0,0.0,0.0,0.0,0.0,0.0,-686.3393598505163,0.0,-1000.0,0.0,0.0,0.0,0.0,0.0,0.0,-92.47911843819114,0.0,191.95567244589157,0.0,0.0,0.0,0.0,875.0,-3.147386909682325,0.0,-5.419800258474222,-221.46273251288522,-162.12266726429988,613.827305386859,-698.586434864604,-875.0,0.0,433.43624250043854,-1.5736934548411625,158.97528035461755,0.0,0.0,0.0,0.0,-404.76125187975225,18.88432145809395,0.0,0.0,0.0,0.0,0.0,0.0,0.0,-232.52698046670753,232.52698046670753,232.52698046670753,102.51514608345553,0.0,0.0,0.0,0.0,0.0,129.32267937267522,0.0,0.0,-93.28184519159731,0.0,0.0,201.5821522586317,0.0,0.0,0.0,0.0,-36.70522618063535,0.1258954763872232,0.0,0.0,0.0,0.0,0.0,0.0,0.0,0.0,0.0,0.0,0.0,0.0,0.0,0.0,0.0,0.0,0.0,0.0,0.0,0.06924251201427012,0.06924251201427012,0.0,315.9374328279782,0.0,37.7686429161879,0.0,0.0,0.0,1000.0,0.0,0.0,0.0,0.0,0.0,530.6194324601828,-1000.0,0.0,0.0,0.0,0.0,0.0,201.5821522586317,0.0,0.0,0.0,0.0,0.0,0.0,0.0,326.85200565669896,194.41421098974706,116.16644917178887,0.0,4.846975840910777,0.0,1000.0,-663.610734084411,-854.6652633427702,0.0,530.6194324601828,0.0,493.91420627954744,0.0,0.0,0.0,232.52698046670753,0.0,0.0,0.0,0.0,0.0,0.0,0.0,0.0,0.0,0.0,0.0,0.0,0.0,37.7686429161879,246.58395071327857,246.58395071327857,0.0,0.0,0.0,0.0,0.0,0.0,0.0,0.0,0.0,0.0,0.6294773819364651,0.0,0.0,0.0,0.0,0.0,0.0,0.0,0.0,18.88432145809395,0.0,0.0,0.0,0.0,0.0,0.0,0.0,0.0,0.0,0.0,60.29616821610711,-304.38765748843974,0.0,18.88432145809395,18.88432145809395,1000.0,-1000.0,0.0,201.5821522586317,0.0,0.0,0.0,0.0,0.0,975.3357598402085,129.32267937267522,1000.0,0.0629477381936465,0.0,0.0,-312.49999999999955,317.5762854586157,0.0,0.0,-336.38926591558896,0.0,0.0,0.0,0.0,0.0,0.0,0.0,0.0,0.0,0.0,0.0,0.0,0.0,0.0,0.0629477381936465,0.0,0.0,0.0,0.0,0.0,0.0,0.0,0.0,0.0,0.0,99.47655400770043,0.0,0.0,-313.6606401494837,-4.721080364523488,0.0,-3.147386909682325,0.0,0.0,0.0,0.0,0.0,0.0,0.0,0.0,0.0,0.0,0.0,246.58395071327857,0.0,0.0,0.0,-401.6138649700699,0.0,0.0,0.0,-0.0629477381936465,0.0,0.0,0.0629477381936465,0.0,0.0629477381936465,0.0,0.0,0.0,37.7686429161879,76.79624059624874,76.79624059624874,0.0,0.0,0.0,0.0,0.0,0.0,85.60522542744687,116.16644917178887,0.0,129.32267937267522,0.0,0.0,0.0,0.0,0.0,0.0,0.0,0.0,0.0,0.0,0.0,0.0,0.0,0.0,0.0,0.0,0.0,191.0545292583592,0.0,0.0,0.0,0.09442160729046975,0.0,0.0,0.0,-18.88432145809395,0.0,0.0,0.0,0.0,0.0,-315.9374328279782,3.147386909682325,0.0,0.0,0.0,874.9999999999999,-1000.0,-898.5977067480105,-3.147386909682325,0.0,0.0,0.0,0.0,0.0,0.0,0.0,246.58395071327857,0.0,0.0,606.5825844412184,83.4104523612707,0.0,168.57690153305958,-22.104693722184834,0.0,-991.0768251862016,191.95567244589157,799.1211527403101,0.0,-839.320950252038,0.0,3.147386909682325,716.3197230565108,0.0,0.0,0.0,-93.28184519159731,0.0,0.0,0.0,0.0,0.0,0.0,0.0,0.0,0.0,620.9358128241727,-330.10067392154866,76.79624059624874,0.0,533.6863588166417,533.6863588166417,-533.6863588166417,0.0,0.0,0.0,0.0,0.0,2.026917169833496,0.0,0.0,0.0,-5.076285458616212,0.0,0.0,18.88432145809395,0.0,0.0,0.0,0.0,144.52053275082207,0.0,0.0,0.06924251201427012,0.0,0.0,0.0,38.39812029812437,0.0,0.0,0.0,0.0,98.34554444924747,0.0,0.0,0.0,0.0,0.0,0.0,0.0,0.0,0.0,0.0,0.00629477381936465,0.00629477381936465,0.0,0.0,0.0,0.0,0.0,0.0,0.0,0.0,0.0,-312.49999999999955,0.0,0.0,0.0,0.0,0.0,315.9374328279782,0.0,0.0,0.0,0.0,0.0,0.0,0.0,0.0,0.0,0.0,0.0,0.0,0.0,-1000.0,493.07235939205714,0.0,0.0,0.0,37.7686429161879,0.0,0.0,0.0,0.0,0.0,0.0,-37.7686429161879,0.0,0.0,0.0,0.0,0.0,0.0,0.0,0.0,0.0,0.0,0.0,0.0,-1000.0,-1000.0,43.119200662647856,873.5157731792729,-892.4000946373668,0.0,313.40884919671197,0.0,0.0,0.0,0.0,0.0,0.0,0.0,0.0,0.0,312.5,0.0,-312.5,-312.5,0.0,0.0,0.0,0.0,-7.868467274205813,246.58395071327857,-4.721080364523488,325.3795935570252,0.0,0.0,0.0,0.0,0.0,-601.4411761722656,600.6543294448451,93.28184519159731,0.0,0.0,0.0,0.0,0.0,0.0,0.0,1000.0,18.88432145809395,18.88432145809395,0.0,0.0,0.0,0.0,0.0,0.06924251201427012,315.9374328279782,0.0,0.0,-313.40884919671197,0.0,0.0,0.0,0.0,0.0,0.0,0.0,0.0,0.0,0.0,0.0,0.0,0.0,0.0,0.0,0.0,0.0,19.513798840030418,0.0,66.09512510332883,90.45220126835764,0.0,0.0,0.0,0.0,0.0,315.9374328279782,0.0,898.5977067480105,0.0,0.0,0.0,-7.868467274205813,0.0,0.0,0.0,0.0,0.0,0.0,0.0,0.0,0.0,0.0,0.0,0.0,0.0,0.0,0.0,0.0,0.0,0.0,-0.0629477381936465,0.0,0.0,3.147386909682325,-530.6194324601828,0.0,0.0,0.0,0.0,246.58395071327857,0.0,0.0,0.0,5.419800258474222,1.5736934548411625,0.0,0.0,0.0,0.0629477381936465,0.0,62.947738193646494,0.0,12.5895476387293,0.4496267013831893,214.65178724033458,-0.047210803645234875,3.147386909682325,1.2589547638729301,-0.31473869096538465,-214.65178724033458,18.88432145809395,-0.0629477381936465,7.368231240728278,201.5821522586317,0.015736934548411626,0.4496267013831893,-22.104693722184834,-10.021279920426593,-1.2589547638729301,337.92028653619843,-0.0629477381936465,0.015736934548411626,-214.65178724033458,6.29477381936465,0.0629477381936465,0.0629477381936465,-315.8052425777703,0.06924251201301115,0.0,-0.047210803645234875,18.88432145809395,0.0629477381936465,18.88432145809395,-31.47386909682325,-0.03147386909682325,-220.5523005709877,-85.0,-0.047210803645234875,-0.0629477381936465,0.0,0.0629477381936465,6.29477381936465,-1.2589547638729301,191.0545292583592,191.0545292583592,-6.29477381936465,-337.92028653619843,-191.0545292583592,12.5895476387293,0.09442160729046975,-727.7599202285419,6.29477381936465,-326.85200565669896,201.5821522586317,-12.5895476387293,0.03147386909682325,0.6294773819364651,195.282653936115,96.0,-0.0629477381936465,-330.10067392154866,315.8052425777703,19.513798840030418,0.0629477381936465,10.021279920426593,126.0448664262558,201.5821522586317,-0.0629477381936465,-0.015736934548411626,-201.5821522586317,-0.0629477381936465,-36.70522618063535,0.0629477381936465,-0.015736934548411626,-0.015736934548411626,-0.015736934548411626,25.1790952774586,31.47386909682325,0.6294773819364651,46.63640553421578,-0.015736934548411626,383.1970766315017,3.147386909682325,21.5,0.0629477381936465,0.03147386909682325,0.03147386909682325,40.0,0.0,0.0629477381936465,0.0,0.6294773819364651,0.0629477381936465,-46.63640553421578,0.0629477381936465,0.2517909527716711,0.31473869096538465,0.03147386909682325,0.015736934548411626,18.88432145809395,-0.0629477381936465,0.0,0.6294773819364651,-93.27281106843157,1.5736934548411625,-6.29477381936465,12.5895476387293,3.147386909682325,-0.0629477381936465,22.104693722184834,0.09442160729046975,-0.0629477381936465,-80.0,0.0,-97.65098822178251,0.03147386909682325,-43.0,-0.0629477381936465,-0.0629477381936465,-0.0629477381936465,0.03147386909682325,214.65178724033458,-12.5895476387293,0.0629477381936465,390.56530787223,-0.015736934548411626,-0.06924251201301115,-390.56530787223,9.442160729046973,85.0,417.4011046787105,214.65178724033458,-0.047210803645234875,330.10067392154866,-96.0,0.0629477381936465,-0.015736934548411623,3.147386909682325,62.947738193646494,-0.03147386909682325,-0.0629477381936465,0.015736934548411626,389.45039104183775,0.0,-272.27155364055494,0.0,-46.0,0.0,-108.0,-31.0,0.0,-32.0,-93.0,-65.0,-1000.0,16.0,23.0,46.5,0.0,15.5,-315.9374328279782,-46.86954452903956,1000.0,65.0,-46.86954452903956,108.0,-120.16982012281022,0.0,1496.5981,hclb
53,0.0,0.0,0.0,0.0,0.0,0.0,0.0,0.0,-0.06675317759499116,0.0,0.0,0.0,0.0,0.0,0.0,0.0,137.6282236573922,4.288469708028117,0.0,0.0,0.0,0.0,0.0,4.21365932881173,0.0,0.0,0.0,0.0,0.0,257.74579043394726,0.0,0.0,24.82677133723282,0.0,0.0,0.0,0.0,819.5770194259513,0.0,-1000.0,1000.0,0.0,-851.8202552673189,-422.75628400304976,0.0,0.0,0.0,63.398596065232724,-1000.0,0.0,0.0,0.0,0.0,0.0734284953545563,0.0,0.0,0.0,0.0,0.0,0.0,26.466156088486713,0.0,0.0,-70.56850169757006,0.0,0.0,0.0,0.0,776.9147595880254,-776.9147595880254,0.0,0.6675317759499118,0.0,0.0,0.0,0.0,0.0,0.0,0.0,0.0,0.0,0.0,0.0,0.0,40.0519065569947,0.0,0.0,530.6095029068584,1000.0,-696.12785480282,-0.01668829439874779,0.0,0.0,0.0,20.02595327849735,0.0,20.02595327849735,-2.1494523185585677,0.0,0.0,0.0,3.337658879749558,-586.5687525448875,0.0,0.0,-4.697983437917809,0.0,0.0,0.0,0.0,0.0,0.0,0.0,0.0,0.0,0.0,0.0,0.0,0.0,0.0,0.0,0.0,0.0,0.0,-651.1238621378617,0.0,0.0,20.02595327849735,0.0,20.69348505444726,20.69348505444726,0.0,-642.710445315898,-124.75,767.460445315898,-767.460445315898,0.0,875.0000000000692,-875.0000000000692,-97.03465778605677,0.0,0.0,0.0,0.0,0.0,5.139994674814316,0.06675317759499116,0.0,0.0,0.0,0.0,0.0,0.0,0.0,0.0,0.0,253.38915773485883,0.0,0.0,0.0,0.0,0.0,601.4413107683521,601.4413107683521,0.0,0.0,0.0,0.0,-130.12062155291085,0.0,0.0,601.5080639459471,0.0,0.0,0.0,237.43468866179944,0.0,0.0,0.0,0.0,0.0,0.0,0.0,0.0,0.0,0.0,-861.4631595388811,0.0,0.0,0.0,0.0,-196.4409299849183,0.0,0.0,0.0,0.0,0.0,0.0,851.8202552673189,0.0,0.0,0.0,0.0,0.0,0.0,0.0,0.0,0.0,844.3145429788348,326.4488827701796,0.0,0.0,0.0,0.0,0.0,0.0,0.0,0.0,0.0,0.0,0.0,0.0,0.0,318.3159935904934,-16.298728962003537,-247.19426935865837,0.0,0.0,0.0,97.03465778605677,78.2579290629059,0.0,0.0,0.0,0.0,26.466156088486713,175.56201464439138,0.0,0.0,300.8298701495877,0.0,0.0,0.0,0.0,0.0,0.0,76.74923158423096,0.0,0.0,-558.5997609118198,-410.42001617913877,382.4297581741773,0.0,247.19426935865837,0.0,0.0,97.03465778605677,367.3379846231424,0.0,0.0,0.0,-461.22976516671815,0.0,0.0,517.2825418543476,517.282541854348,874.9999999999592,-1000.0,1000.0,-642.2825418543888,1000.0,0.0,473.6789668011697,0.0,0.0,149.37040653601397,0.0,0.0,0.0,971.5257277402633,0.0,-971.5257277402633,0.0,601.374557590757,0.0,97.03465778605677,269.8882068422568,0.0,0.0,0.0,26.466156088486713,-0.10012976639248673,0.0,0.0,0.0,0.0,0.06675317759499116,0.0,0.0,0.0,98.15704764351506,137.6282236573922,0.0,-668.9598379117311,118.48180298399784,0.0,856.3419310114389,0.0,-150.10379061124843,0.0,-4.697983437917809,0.0,0.0,0.0,806.2308273584321,-507.26513895378014,-148.8618977934035,-236.26737244984383,-1000.0,0.0,0.0,0.0,0.0,0.0,0.0,0.0,0.0,0.0,0.0,0.0,0.0,0.0,0.0,0.0,0.0,300.8298701495877,-180.1559678636686,0.0,-1000.0,0.0,0.0,0.0,0.0,0.0,0.0,-5.139994674814261,0.0,0.0,0.0,0.0,0.0,0.0,0.0,-3.337658879749558,0.0,-269.64962063424525,-427.3125452483771,215.6773647921217,-752.999531787613,0.0,0.0,0.0,0.0,-1.668829439874779,-219.01502367187126,0.0,0.0,0.0,0.0,606.855661969977,20.02595327849735,0.0,0.0,0.0,36.09752071933029,0.0,0.0,0.0,-318.3159935904934,318.3159935904934,318.3159935904934,48.24982719958929,0.0,0.0,0.0,0.0,0.0,844.3145429788348,0.0,0.0,-44.10234560908334,0.0,0.0,163.68402226705854,0.0,0.0,0.0,0.0,-36.324682240500884,0.1335063551900269,0.0,0.0,0.0,0.0,0.0,0.0,0.0,5.9029169137785304,0.0,0.0,0.0,0.0,0.0,0.0,0.0,0.0,0.0,0.0,0.0,0.0734284953545563,0.0734284953545563,0.0,400.9653580714952,0.0,40.0519065569947,0.0,0.0,0.0,-39.56421670371947,0.0,0.0,0.0,0.0,0.0,400.19460624119546,39.56421670371947,0.0,0.0,0.0,0.0,0.0,163.68402226705854,0.0,0.0,0.0,0.0,0.0,0.0,0.0,217.04128737928724,-98.15704764351506,0.0,0.0,5.139994674814316,0.0,0.0,0.0,-78.2579290629059,0.0,400.19460624119546,0.0,-221.60088852429817,585.4708125249928,0.0,0.0,318.3159935904934,0.0,0.0,0.0,0.0,0.0,0.0,0.0,0.0,0.0,0.0,0.0,0.0,0.0,40.0519065569947,97.03465778605677,97.03465778605677,0.0,0.0,0.0,0.0,0.0,0.0,0.0,0.0,0.0,0.0,0.6675317759499118,0.0,0.0,0.0,0.0,0.0,851.8202552673189,0.0,0.0,20.02595327849735,0.0,0.0,0.0,0.0,0.0,0.0,0.0,0.0,0.0,0.0,460.2496943256885,0.0,0.0,20.02595327849735,20.02595327849735,-283.14366548855173,39.56421670371947,0.0,163.68402226705854,0.0,0.0,0.0,0.0,0.0,-177.16387500526866,844.3145429788348,-559.4142380974479,0.06675317759499116,0.0,0.0,0.0,5.383166964624644,0.0,5.9029169137785304,0.0,0.0,0.0,0.0,0.0,0.0,0.0,0.0,0.0,0.0,0.0,0.0,0.0,0.0,0.0,0.06675317759499116,0.0,0.0,0.0,738.7067882362865,-738.7067882362865,0.0,0.0,0.0,0.0,0.0,-5.139994674814261,0.0,0.0,-819.8440321363314,-5.006488319624338,-3.337658879749558,0.0,0.0,0.0,0.0,0.0,0.0,0.0,0.0,0.0,0.0,0.0,0.0,97.03465778605677,0.0,0.0,0.0,610.1933208497265,0.0,0.0,0.0,-0.06675317759499116,0.0,0.0,0.06675317759499116,0.0,0.06675317759499116,0.0,0.0,0.0,40.0519065569947,81.43887666588923,81.43887666588923,0.0,0.0,0.0,0.0,0.0,0.0,0.0,0.0,0.0,844.3145429788348,0.0,0.0,0.0,811.9782759493609,0.0,0.0,0.0,0.0,0.0,0.0,0.0,0.0,0.0,0.0,0.0,0.0,0.0,78.2579290629059,0.0,0.0,0.0,0.10012976639248673,0.0,0.0,0.0,-20.02595327849735,0.0,0.0,0.0,0.0,0.0,-400.9653580714952,3.337658879749558,0.0,0.0,0.0,0.0,130.12062155291085,-524.6298605681874,0.0,0.0,0.0,0.0,0.0,0.0,0.0,0.0,97.03465778605677,0.0,0.0,0.0,82.64936448100177,0.0,51.64936448100177,-4.697983437917809,0.0,-529.7698552430016,0.0,529.7698552430016,0.0,285.89910795725314,0.0,3.337658879749558,1000.0,0.0,0.0,0.0,-44.10234560908334,0.0,0.0,0.0,0.0,0.0,0.0,0.0,0.0,0.0,851.4501828996323,0.0,81.43887666588923,0.0,-180.6295457988113,-180.6295457988113,180.6295457988113,0.0,0.0,0.0,0.0,0.0,0.0,0.0,0.0,415.98482303036815,-5.383166964624644,-637.4877062080349,-851.8202552673189,20.02595327849735,0.0,0.0,0.0,0.0,76.69555265364895,0.0,0.0,0.0734284953545563,0.0,0.0,0.0,40.71943833294461,0.0,0.0,0.0,0.0,-16.298728962003537,0.0,0.0,0.0,0.0,0.0,0.0,0.0,0.0,0.0,0.0,0.006675317759499116,0.006675317759499116,0.0,0.0,0.0,0.0,0.0,0.0,0.0,0.0,0.0,0.0,0.0,0.0,0.0,0.0,0.0,400.9653580714952,0.0,0.0,0.0,0.0,0.0,0.0,0.0,0.0,0.0,0.0,0.0,0.0,0.0,600.7556693832728,4.288469708028117,0.0,0.0,0.0,40.0519065569947,0.0,0.0,0.0,0.0,0.0,0.0,-40.0519065569947,0.0,0.0,0.0,0.0,0.0,0.0,0.0,0.0,0.0,0.0,0.0,0.0,559.4142380974479,-1000.0,857.7042026019299,0.0,-20.02595327849735,0.0,819.5770194259513,0.0,0.0,0.0,0.0,0.0,0.0,0.0,0.0,0.0,0.0,0.0,0.0,0.0,0.0,0.0,0.0,0.0,-8.344147199373896,97.03465778605677,-5.006488319624338,806.9717876297366,0.0,0.0,0.0,0.0,0.0,0.0,-0.8344147199373896,44.10234560908334,0.0,0.0,0.0,0.0,0.0,0.0,0.0,1000.0,20.02595327849735,20.02595327849735,0.0,0.0,0.0,0.0,0.0,0.0734284953545563,400.9653580714952,0.0,0.0,-819.5770194259513,0.0,0.0,0.0,0.0,0.0,0.0,0.0,0.0,0.0,0.0,0.0,0.0,0.0,0.0,0.0,0.0,0.0,20.69348505444726,0.0,70.09083647474073,0.0,0.0,5.139994674814316,0.0,0.0,0.0,400.9653580714952,0.0,519.1427493698792,0.0,0.0,0.0,-8.344147199373896,0.0,0.0,0.0,0.0,0.0,0.0,0.0,0.0,0.0,0.0,0.0,0.0,0.0,0.0,0.0,0.0,0.0,0.0,-0.06675317759499116,0.0,0.0,3.337658879749558,-400.19460624119546,0.0,0.0,0.0,0.0,97.03465778605677,0.0,0.0,0.0,-806.2308273584321,1.668829439874779,0.0,0.0,0.0,0.06675317759499116,0.0,66.75317759499116,0.0,13.350635518998232,0.476808411392794,227.62833559891988,-0.050064883196243366,3.337658879749558,1.3350635518998233,-0.3337658879750635,-227.62833559891988,20.025953278497347,-0.06675317759499116,1.5659944793059364,163.68402226705854,0.01668829439874779,0.476808411392794,-4.697983437917809,-10.627105873122446,-1.3350635518998233,-141.91669336542031,-0.06675317759499116,0.01668829439874779,-227.62833559891988,6.675317759499116,0.06675317759499116,0.06675317759499116,-400.82517639854564,0.07342849535449028,-51.75548670189808,-0.050064883196243366,20.02595327849735,0.06675317759499116,20.02595327849735,-33.376588797495586,-0.03337658879749558,-192.23770415712514,-85.0,-0.050064883196243366,-0.06675317759498454,0.0,0.06675317759499116,6.675317759499116,-1.3350635518998233,78.2579290629059,78.2579290629059,-6.675317759499116,141.91669336542031,-78.2579290629059,13.350635518998232,0.10012976639248673,27.588973170024673,6.675317759499116,-217.04128737928724,163.68402226705854,-13.350635518998232,0.03337658879749558,0.6675317759499118,167.23995947793279,96.0,-0.06675317759499116,-415.98482303036815,400.82517639854564,20.69348505444726,0.06675317759499116,10.627105873122446,83.58020915306915,163.68402226705854,-0.06675317759499116,-0.01668829439874779,-163.68402226705854,-0.06675317759499116,-36.324682240500884,0.0667531775946501,-0.01668829439874779,-0.01668829439874779,-0.01668829439874779,26.701271037996463,33.376588797495586,0.6675317759499118,49.45576045068736,-0.01668829439874779,332.91392447655966,3.337658879749558,21.5,0.06675317759499116,0.03337658879749558,0.03337658879749558,40.0,0.0,0.06675317759499116,0.0,0.6675317759499118,0.06675317759499116,-49.45576045068736,0.06675317759499116,0.267012710380063,0.3337658879750635,0.03337658879749558,0.01668829439874779,20.02595327849735,-0.06675317759499116,51.75548670189808,0.6675317759499116,-98.91152090137471,1.6688294398747798,-6.675317759499116,13.350635518998232,3.337658879749558,-0.06675317759499116,4.697983437917809,0.10012976639248673,-0.06675317759499116,-80.0,0.0,156.91066696262982,0.03337658879749558,-43.0,-0.06675317759499116,-0.0667531775946501,-0.06675317759499116,0.03337658879749227,227.62833559891988,-13.350635518998232,0.06675317759499116,334.47991895586557,-0.01668829439874779,-0.07342849535449028,-334.47991895586557,10.012976639248674,85.0,-120.89338465241275,227.62833559891988,-0.050064883196243366,415.98482303036815,-96.0,0.06675317759499116,-0.01668829439874779,3.337658879749558,66.75317759499116,-0.03337658879749558,-0.06675317759499116,0.01668829439874779,0.0,0.0,-331.4944949560022,0.0,-46.0,0.0,186.0383879089254,-31.0,0.0,-32.0,-93.0,-65.0,-303.87214519718,16.0,23.0,46.5,0.0,15.5,-400.9653580714952,-233.60621961627876,303.87214519718,65.0,-233.60621961627876,-186.0383879089254,47.891430498178565,0.0,1496.5981,hclb
54,0.0,0.0,0.0,0.0,0.0,0.0,0.0,0.0,-0.06306233777315107,0.0,0.0,0.0,0.0,0.0,0.0,0.0,304.04962974708826,-151.9491852919805,0.0,0.0,0.0,0.0,0.0,0.0,0.0,242.91638240699234,0.0,0.0,0.0,-918.6212310875801,0.0,0.0,21.19374969838657,0.0,0.0,0.0,0.0,999.7477506489072,0.0,-1000.0,1000.0,0.0,0.0,598.9814815995194,0.0,0.0,0.0,0.0,761.1323481210849,-76.7319828561458,0.0,745.5422283801124,0.0,0.06936857155051257,0.0,0.0,0.0,12.612467554630214,0.0,0.0,30.315175773722856,0.0,0.0,-77.29142118711258,0.0,0.0,0.0,0.0,0.0,840.6550839368966,0.0,0.6306233777315108,0.0,0.0,0.0,0.0,0.0,0.0,0.0,0.0,0.0,0.0,307.8195632442533,0.0,37.83740266389064,0.0,0.0,881.8399766360642,102.56990362296337,-205.13980724592673,797.911257850726,0.0,0.0,0.0,18.91870133194532,0.0,18.91870133194532,-2.0306072762954206,0.0,0.0,307.8195632442533,3.1531168886575536,-918.6212310875801,0.0,0.0,-8.412572636826745,0.0,488.9456624132661,0.0,0.0,0.0,0.0,0.0,0.0,0.0,0.0,0.0,0.0,0.0,0.0,0.0,0.0,0.0,0.0,-856.7011244914918,0.0,0.0,18.91870133194532,0.0,19.549324709676835,0.0,0.0,-229.99567828871795,-676.441821711282,906.4375,-906.4375,0.0,0.0,0.0,-107.60659696083543,0.0,0.0,0.0,0.0,0.0,-302.96376323572065,0.06306233777315107,797.9270234351693,0.0,0.0,-349.4237349073661,0.0,0.0,0.0,220.93082646651007,0.0,364.5415956361558,0.0,0.0,0.0,0.0,0.0,192.83774737874927,192.83774737874927,0.0,0.0,0.0,0.0,-391.70540193601835,0.0,0.0,192.90080971652242,0.0,0.0,0.0,-902.7892997423612,-547.7103173506076,0.0,0.0,0.0,0.0,0.0,0.0,0.0,0.0,0.0,-472.6490190530316,0.0,0.0,0.0,0.0,-466.0840135117918,0.0,0.0,0.0,0.0,0.0,76.7319828561458,-745.5422283801124,102.56990362296337,-102.56990362296337,107.60659696083543,0.0,0.0,0.0,0.0,0.0,0.0,0.0,-606.071524868908,0.0,0.0,0.0,0.0,0.0,0.0,0.0,0.0,0.0,0.0,0.0,0.0,0.0,184.42020331218652,331.6486700166265,598.9814815995194,0.0,0.0,0.0,0.0,78.63070388491174,0.0,0.0,0.0,0.0,30.315175773722856,0.0,0.0,0.0,0.0,0.0,0.0,0.0,0.0,0.0,0.0,0.0,0.0,0.0,0.0,0.0,1000.0,0.0,-598.9814815995194,0.0,0.0,107.60659696083543,-292.80482303718196,0.0,0.0,0.0,-3.8585068341096758,0.0,0.0,-1000.0,0.0,0.0,-1000.0,0.0,0.0,205.13980724592673,0.0,-946.8093780460538,76.7319828561458,0.0,-10.293378458655667,0.0,0.0,0.0,-1000.0,0.0,1000.0,0.0,697.812082575882,0.0,0.0,-819.9521985960059,0.0,0.0,0.0,30.315175773722856,-0.0945935066597266,0.0,0.0,0.0,0.0,0.06306233777315107,0.0,0.0,0.0,260.92801133409927,304.04962974708826,0.0,-813.8909509164578,509.93584254252903,547.7103173506076,1000.0,0.0,0.0,0.0,-8.412572636826745,0.0,0.0,0.0,486.6800923173598,458.13126984929266,-944.8113621666525,-1000.0,-1000.0,0.0,0.0,0.0,0.0,0.0,0.0,0.0,0.0,0.0,0.0,0.0,0.0,0.0,0.0,0.0,0.0,0.0,0.0,0.0,-1000.0,0.0,0.0,0.0,0.0,0.0,0.0,788.056333853174,0.0,0.0,0.0,677.335171241945,0.0,0.0,0.0,-389.4529320086311,0.0,-458.13126984929266,798.289167073049,0.0,0.0,-309.5470064864685,0.0,386.2998151199735,0.0,-1.5765584443287768,-3.1531168886575536,-1000.0,0.0,584.4513704626776,-70.36913736538082,0.0,18.91870133194532,0.0,0.0,0.0,0.0,0.0,0.0,0.0,-184.42020331218652,184.42020331218652,184.42020331218652,88.80010508219652,0.0,0.0,-505.03739753490584,0.0,0.0,0.0,0.0,0.0,-46.97624541338972,0.0,0.0,18.91870133194532,0.0,0.0,0.0,0.0,-36.69376622268489,0.12612467554623222,0.0,0.0,0.0,0.0,0.0,0.0,0.0,0.0,0.0,840.6550839368966,0.0,0.0,0.0,0.0,0.0,0.0,0.0,0.0,0.0,0.06936857155051257,0.06936857155051257,0.0,267.8077357575563,0.0,37.83740266389064,0.0,180.31908893220336,0.0,1000.0,0.0,217.21040838590454,0.0,0.0,0.0,557.3066085799459,-1000.0,0.0,0.0,0.0,0.0,0.0,18.91870133194532,0.0,0.0,0.0,0.0,0.0,0.0,0.0,285.5670414971639,-260.92801133409927,349.4237349073661,0.0,4.855800008532629,0.0,0.0,0.0,-186.23730084574717,0.0,557.3066085799459,0.0,0.0,520.612842357261,125.00000000000011,-125.00000000000011,184.42020331218652,0.0,0.0,0.0,0.0,0.0,0.0,0.0,0.0,0.0,0.0,0.0,0.0,0.0,37.83740266389064,107.60659696083543,107.60659696083543,0.0,0.0,0.0,0.0,0.0,0.0,0.0,0.0,0.0,0.0,0.6306233777315108,0.0,0.0,0.0,0.0,0.0,-745.5422283801124,0.0,0.0,18.91870133194532,0.0,0.0,0.0,0.0,0.0,0.0,0.0,0.0,0.0,0.0,-775.3181269975867,0.0,0.0,18.91870133194532,18.91870133194532,1000.0,-1000.0,0.0,18.91870133194532,0.0,0.0,0.0,0.0,0.0,918.6212310875801,0.0,1000.0,0.06306233777315107,0.0,0.0,0.0,83.28282593484217,0.0,0.0,0.0,0.0,0.0,0.0,0.0,0.0,0.0,0.0,0.0,0.0,0.0,0.0,0.0,0.0,0.0,0.06306233777315107,0.0,0.0,0.0,0.0,0.0,0.0,0.0,0.0,0.0,0.0,788.056333853174,-220.93082646651007,0.0,-1000.0,-4.72967533298633,-3.1531168886575642,0.0,0.0,0.0,0.0,0.0,0.0,0.0,0.0,0.0,0.0,0.0,0.0,107.60659696083543,547.7103173506076,0.0,0.0,587.6044873513351,0.0,0.0,0.0,-0.06306233777315107,0.0,0.0,0.06306233777315107,0.0,0.06306233777315107,0.0,0.0,0.0,37.83740266389064,76.9360520832443,76.9360520832443,0.0,0.0,0.0,0.0,0.0,0.0,0.0,349.4237349073661,0.0,0.0,0.0,0.0,0.0,492.10975959962815,0.0,0.0,0.0,0.0,0.0,0.0,0.0,0.0,0.0,0.0,0.0,0.0,0.0,186.23730084574717,0.0,-242.91638240699234,242.91638240699234,0.0945935066597266,0.0,0.0,0.0,-18.91870133194532,0.0,0.0,0.0,0.0,0.0,-267.8077357575563,3.1531168886575536,0.0,0.0,0.0,0.0,391.70540193601835,-788.056333853174,0.0,0.0,0.0,0.0,0.0,0.0,0.0,0.0,107.60659696083543,0.0,0.0,-1000.0,83.38753244536979,0.0,401.8112673527359,-8.412572636826745,0.0,0.0,0.0,0.0,220.93082646651007,-369.74087512042627,180.31908893220336,3.1531168886575642,754.9019180108713,0.0,0.0,0.0,-46.97624541338972,625.0000000000123,-625.0000000000123,0.0,0.0,0.0,-485.0925706174534,0.0,0.0,0.0,535.8725288815899,-72.6828604945311,76.9360520832443,0.0,0.0,0.0,0.0,0.0,0.0,0.0,0.0,0.0,0.0,0.0,0.0,209.3139012619844,-923.9379098717388,1000.0,0.0,18.91870133194532,0.0,0.0,0.0,0.0,165.75488711485008,0.0,0.0,0.06936857155051257,0.0,0.0,0.0,38.46802604162215,0.0,0.0,0.0,0.0,331.6486700166265,0.0,0.0,0.0,0.0,0.0,0.0,0.0,0.0,65.02580783927114,0.0,0.006306233777315287,0.006306233777315287,0.0,0.0,0.0,0.0,0.0,0.0,0.0,0.0,0.0,0.0,0.0,0.0,0.0,0.0,0.0,267.8077357575563,0.0,0.0,0.0,0.0,0.0,0.0,0.0,76.7319828561458,0.0,0.0,0.0,0.0,0.0,-323.1199988109048,-151.9491852919805,0.0,0.0,0.0,37.83740266389064,0.0,0.0,0.0,0.0,0.0,962.1625973361093,-1000.0,0.0,0.0,0.0,0.0,0.0,0.0,0.0,0.0,0.0,0.0,0.0,0.0,-1000.0,-1000.0,535.3074609742366,0.0,-18.91870133194532,0.0,999.7477506489072,0.0,0.0,0.0,0.0,0.0,0.0,0.0,0.0,0.0,0.0,0.0,0.0,0.0,0.0,0.0,0.0,180.31908893220336,-7.882792221643895,107.60659696083543,-4.72967533298633,560.0629447611727,0.0,0.0,0.0,0.0,0.0,-840.273498681654,839.4852194594896,267.9070718798998,0.0,0.0,0.0,0.0,0.0,0.0,0.0,1000.0,18.91870133194532,18.91870133194532,0.0,0.0,0.0,0.0,0.0,0.06936857155051257,267.8077357575563,0.0,0.0,-999.7477506489072,0.0,0.0,0.0,0.0,0.0,0.0,0.0,0.0,0.0,0.0,0.0,0.0,0.0,0.0,0.0,0.0,0.0,0.0,0.0,66.21545466180862,4.855800008532629,0.0,0.0,0.0,0.0,0.0,267.8077357575563,0.0,782.8726096882211,0.0,0.0,0.0,-7.882792221643895,0.0,0.0,0.0,0.0,0.0,0.0,0.0,0.0,0.0,0.0,0.0,0.0,0.0,0.0,0.0,0.0,0.0,0.0,-0.06306233777315107,0.0,0.0,3.1531168886575536,-557.3066085799459,0.0,0.0,0.0,0.0,107.60659696083543,0.0,0.0,0.0,-486.6800923173598,1.5765584443287768,0.0,0.0,242.91638240699234,0.06306233777315107,0.0,63.062337773151064,-19.549324709676835,12.612467554630214,0.4504452698082219,175.9439223870915,-0.0472967533298633,3.1531168886575482,1.2612467554630216,-0.3153116888659654,-175.9439223870915,18.91870133194532,-0.06306233777315107,2.8041908789422485,18.91870133194532,0.015765584443287767,0.4504452698082219,-8.412572636826745,-10.039524173485574,-1.2612467554630216,-152.10044445510775,-0.06306233777315107,0.015765584443287767,-175.9439223870915,6.3062337773151285,0.06306233777315107,0.06306233777315107,-267.67530484823266,0.06936857155046636,-41.06237064741797,-0.0472967533298633,18.91870133194532,0.06306233777315107,18.91870133194532,-31.531168886575536,-0.031531168886575534,-306.6540797150844,-85.0,-0.0472967533298633,-0.06306233777315112,-19.549324709676835,0.06306233777315107,6.306233777315107,-1.2612467554630216,186.23730084574717,186.23730084574717,-6.3062337773151285,152.10044445510775,-186.23730084574717,12.612467554630214,0.0945935066597266,682.337688696431,6.306233777315107,-285.5670414971639,18.91870133194532,-12.612467554630214,0.031531168886575534,0.6306233777315108,203.47273772911444,96.0,-0.06306233777315107,-281.9967617565155,267.67530484823266,19.549324709676835,0.06306233777315107,10.039524173485574,-56.756103995836135,18.91870133194532,-0.06306233777315107,-0.015765584443287767,-18.91870133194532,-0.06306233777315107,-36.69376622268489,0.06306233777315107,-0.015765584443287767,-0.015765584443287767,-0.015765584443287767,25.22493510926043,31.531168886575536,0.6306233777315108,96.12892399493427,-0.015765584443287767,404.14128457928666,3.1531168886575536,21.5,0.06306233777315107,0.031531168886575534,0.031531168886575534,15.765584443287766,19.549324709676835,0.06306233777315107,-19.549324709676835,0.6306233777315108,0.06306233777315107,-194.94415298943608,0.06306233777315107,0.2522493510928143,0.3153116888659654,0.031531168886575534,0.015765584443287767,18.91870133194532,-0.06306233777315107,41.06237064741797,0.6306233777315108,-192.25784798986854,1.5765584443287821,-6.306233777315107,12.612467554630214,3.1531168886575536,-0.06306233777315107,8.412572636826745,0.0945935066597266,-0.06306233777315107,-31.53116888657553,19.549324709676835,54.49403734831791,0.031531168886575534,-43.0,-0.06306233777315107,-0.06306233777315107,-0.06306233777315107,0.03153116888657556,175.9439223870915,-12.612467554630214,0.06306233777315107,406.9454754582289,-0.015765584443287767,-0.06936857155046636,-406.9454754582289,9.459350665972659,85.0,-624.936344823275,175.9439223870915,-0.0472967533298633,281.9967617565155,-96.0,0.06306233777315107,-0.015765584443287767,680.4882881306025,63.062337773151064,-0.031531168886575534,-0.06306233777315107,0.015765584443287767,388.09565813097254,0.0,-682.3692198653175,98.81522899450181,-46.0,0.0,-108.0,-31.0,0.0,-32.0,-93.0,-65.0,0.0,16.0,23.0,46.5,0.0,15.5,-267.8077357575563,-220.24892446316798,0.0,65.0,-220.24892446316798,108.0,-28.775064890739486,0.0,1496.5981,hclb
55,0.0,0.0,0.0,0.0,0.0,0.0,0.0,0.0,-0.0603699252368589,0.0,0.0,0.0,0.0,0.0,0.0,0.0,-156.1988255735162,0.0,0.0,-48.45271024561373,0.0,0.0,0.0,605.6293978674021,0.0,0.0,0.0,0.0,0.0,-149.56302980721512,0.0,0.0,8.35707311476644,0.0,0.0,0.0,0.0,257.3205372470099,0.0,-1000.0,1000.0,0.0,0.0,336.27865229611,0.0,0.0,0.0,204.0217862924954,-30.516796915378734,0.0,0.0,0.0,0.0,0.06640691776071174,0.0,0.0,0.0,216.09577133986718,0.0,0.0,18.977191673728647,0.0,0.0,-53.90411759503483,0.0,0.0,0.0,0.0,0.0,0.0,0.0,0.6036992523685891,0.0,0.0,0.0,0.0,0.0,0.0,0.0,0.0,0.0,0.0,-45.19892007540446,0.0,36.22195514211534,0.0,0.0,0.0,305.1441766093621,-25.676977547048523,-0.015092481309214725,0.0,0.0,0.0,18.11097757105767,0.0,18.11097757105767,-1.943911592626294,0.0,0.0,0.0,3.018496261842945,-1000.0,0.0,0.0,-5.978467006462707,0.0,79.6550756561122,0.0,0.0,0.0,0.0,0.0,0.0,0.0,0.0,0.0,0.0,0.0,0.0,0.0,0.0,0.0,0.0,-824.7738896970184,0.0,0.0,18.11097757105767,0.0,18.714676823426263,0.0,0.0,-18.302023189676092,861.8645231896766,-843.5625000000005,843.5625000000005,-72.88130926876349,0.0,0.0,0.0,0.0,0.0,0.0,0.0,0.0,49.84740431864259,0.0603699252368589,0.0,0.0,0.0,-775.6573844174102,112.3543463617732,0.0,0.0,0.0,0.0,109.87622862522498,0.0,0.0,0.0,0.0,0.0,-132.5525020153447,-132.5525020153447,0.0,0.0,0.0,0.0,-280.7808768000393,0.0,0.0,-132.49213209010782,0.0,0.0,0.0,-68.76605679023203,-343.7500000003091,0.0,0.0,0.0,0.0,0.0,0.0,0.0,0.0,0.0,-290.2431816504529,0.0,0.0,0.0,0.0,-1000.0,0.0,0.0,0.0,0.0,0.0,0.0,0.0,694.8558233906379,-694.8558233906379,72.88130926876349,0.0,0.0,0.0,0.0,0.0,0.0,850.4369701927849,-291.3171876463422,0.0,0.0,0.0,0.0,0.0,0.0,0.0,0.0,0.0,0.0,0.0,0.0,0.0,310.26899174503257,677.8141547285356,336.27865229611,0.0,0.0,0.0,0.0,78.90263755107725,0.0,0.0,0.0,0.0,18.977191673728647,0.0,0.0,0.0,0.0,0.0,0.0,0.0,0.0,0.0,0.0,0.0,0.0,0.0,-181.96635800842,-571.6780047896956,664.3390264752591,0.0,-336.27865229611,0.0,0.0,72.88130926876349,-552.700813115967,0.0,0.0,0.0,-455.5965371511016,0.0,0.0,-961.5997212447114,0.0,0.0,-961.5997212447115,0.0,0.0,1000.0,0.0,676.9199100604029,0.0,0.0,16.648144590995628,0.0,0.0,0.0,-173.02020572883762,0.0,173.02020572883762,0.0,-132.61287194058153,0.0,0.0,0.0,0.0,0.0,0.0,18.977191673728647,-0.09055488785528834,0.0,0.0,0.0,0.0,0.0603699252368589,0.0,0.0,0.0,830.1050756091016,-156.1988255735162,0.0,-624.9357020022404,822.9991799947475,343.7500000003091,950.1849626184295,0.0,-317.4350504965215,0.0,-5.978467006462707,0.0,0.0,0.0,609.5660325271704,707.8690179693511,-1000.0,-1000.0,-1000.0,0.0,0.0,0.0,0.0,0.0,0.0,0.0,0.0,0.0,0.0,0.0,0.0,0.0,0.0,0.0,0.0,0.0,-742.4379830520427,0.0,-1000.0,0.0,0.0,0.0,0.0,0.0,0.0,-49.84740431864259,0.0,45.19892007540446,0.0,535.1543470707704,0.0,0.0,0.0,318.8570650385013,0.0,-707.8690179693511,0.0,0.0,419.5084405723957,-650.714775064661,0.0,-321.8755613003442,0.0,-1.5092481309214725,-3.018496261842945,0.0,0.0,0.0,0.0,665.4339002512996,18.11097757105767,0.0,0.0,0.0,0.0,0.0,0.0,0.0,-310.26899174503257,310.26899174503257,310.26899174503257,86.90448195909093,0.0,0.0,0.0,0.0,0.0,850.4369701927849,0.0,0.0,-34.926925921306186,0.0,0.0,67.92601495262822,0.0,0.0,0.0,0.0,-3.599860898158974,0.12073985047365088,0.0,0.0,0.0,0.0,0.0,0.0,0.0,0.0,0.0,0.0,0.0,0.0,0.0,0.0,0.0,0.0,0.0,0.0,0.0,0.06640691776071174,0.06640691776071174,0.0,394.1950066976608,0.0,36.22195514211534,0.0,0.0,0.0,1000.0,0.0,0.0,0.0,0.0,0.0,383.737517877149,-1000.0,0.0,0.0,426.29258463300346,0.0,0.0,67.92601495262822,0.0,0.0,0.0,0.0,0.0,0.0,0.0,274.9246298990061,-830.1050756091016,663.303038055637,0.0,4.648484243238133,0.0,0.0,0.0,-151.78394681984074,0.0,383.737517877149,0.0,1000.0,-619.86234302101,0.0,0.0,310.26899174503257,0.0,0.0,0.0,0.0,0.0,0.0,0.0,0.0,0.0,0.0,0.0,0.0,0.0,36.22195514211534,72.88130926876349,72.88130926876349,0.0,0.0,0.0,0.0,0.0,0.0,0.0,0.0,0.0,0.0,0.6036992523685891,0.0,0.0,0.0,0.0,0.0,0.0,0.0,0.0,18.11097757105767,-426.29258463300346,0.0,0.0,0.0,0.0,0.0,0.0,0.0,0.0,0.0,29.278645788125132,0.0,0.0,18.11097757105767,18.11097757105767,1000.0,-1000.0,0.0,67.92601495262822,0.0,0.0,0.0,0.0,0.0,1000.0,850.4369701927849,605.9141910237774,0.0603699252368589,0.0,0.0,79.72711055030602,0.0,0.0,0.0,0.0,0.0,0.0,0.0,0.0,0.0,0.0,0.0,0.0,0.0,0.0,0.0,0.0,0.0,0.0,0.0603699252368589,0.0,0.0,0.0,0.0,0.0,0.0,0.0,0.0,0.0,-4.64848424323813,0.0,0.0,0.0,-257.5620169479573,-4.527744392764418,-3.018496261842945,0.0,0.0,-937.5,-937.5,937.5,0.0,0.0,0.0,0.0,0.0,0.0,0.0,72.88130926876349,343.7500000003091,0.0,0.0,668.4523965131426,0.0,0.0,0.0,-0.0603699252368589,0.0,0.0,0.0603699252368589,0.0,0.0603699252368589,0.0,0.0,0.0,36.22195514211534,73.65130878896787,73.65130878896787,0.0,0.0,0.0,0.0,0.0,0.0,45.19892007540446,663.303038055637,0.0,850.4369701927849,0.0,0.0,0.0,614.763883090064,0.0,0.0,0.0,0.0,0.0,0.0,0.0,0.0,0.0,0.0,0.0,0.0,0.0,151.78394681984074,0.0,-458.2400813030409,458.2400813030409,0.09055488785528834,0.0,0.0,0.0,-18.11097757105767,0.0,0.0,0.0,0.0,0.0,-394.1950066976608,3.018496261842945,0.0,0.0,0.0,0.0,280.7808768000393,45.19892007540446,0.0,0.0,0.0,0.0,0.0,0.0,0.0,0.0,72.88130926876349,0.0,426.29258463300346,0.0,83.92601495262822,0.0,716.2290530082652,-5.978467006462707,0.0,0.0,45.19892007540446,-45.19892007540446,0.0,-626.3521219049348,0.0,3.018496261842945,765.366248574423,0.0,0.0,0.0,-34.926925921306186,0.0,0.0,0.0,0.0,0.0,0.0,0.0,0.0,0.0,670.9515541676243,-389.76386130270026,73.65130878896787,0.0,-828.2225002684544,-828.2225002684544,828.2225002684544,0.0,0.0,0.0,0.0,0.0,0.0,0.0,0.0,18.014378573253722,-79.72711055030602,0.0,0.0,18.11097757105767,0.0,0.0,0.0,0.0,45.73458676703669,0.0,0.0,0.06640691776071174,0.0,0.0,0.0,36.825654394483934,0.0,0.0,0.0,0.0,677.8141547285356,0.0,0.0,0.0,0.0,0.0,0.0,0.0,0.0,0.0,0.0,0.006036992523686063,0.006036992523686063,0.0,0.0,0.0,0.0,0.0,0.0,0.0,0.0,0.0,79.72711055030602,0.0,0.0,0.0,0.0,0.0,394.1950066976608,0.0,0.0,0.0,0.0,0.0,0.0,0.0,0.0,0.0,0.0,0.0,0.0,285.55275175237813,0.0,0.0,0.0,0.0,0.0,36.22195514211534,0.0,0.0,0.0,0.0,0.0,-36.22195514211534,0.0,0.0,0.0,0.0,0.0,0.0,0.0,0.0,0.0,0.0,0.0,0.0,0.0,-605.9141910237774,-1000.0,656.1172818773125,-18.11097757105767,0.0,0.0,257.3205372470099,0.0,0.0,0.0,0.0,0.0,0.0,0.0,0.0,0.0,0.0,0.0,0.0,0.0,0.0,0.0,0.0,0.0,-7.546240654607363,72.88130926876349,-4.527744392764418,1000.0,0.0,0.0,0.0,0.0,0.0,-0.7546240654607363,0.0,34.926925921306186,0.0,0.0,0.0,0.0,0.0,0.0,0.0,1000.0,18.11097757105767,18.11097757105767,0.0,0.0,0.0,0.0,0.0,0.06640691776071174,394.1950066976608,0.0,0.0,-257.3205372470099,0.0,0.0,0.0,0.0,0.0,0.0,0.0,0.0,0.0,0.0,0.0,0.0,0.0,0.0,229.12004065152044,0.0,0.0,0.0,0.0,63.388421498701845,0.0,0.0,49.84740431864259,0.0,0.0,0.0,394.1950066976608,0.0,-50.16132792987369,0.0,0.0,0.0,-7.546240654607363,0.0,0.0,0.0,0.0,0.0,0.0,0.0,0.0,0.0,0.0,0.0,0.0,0.0,0.0,0.0,0.0,0.0,0.0,-0.0603699252368589,0.0,0.0,3.018496261842945,-383.737517877149,0.0,0.0,0.0,0.0,72.88130926876349,0.0,0.0,0.0,-609.5660325271704,1.5092481309214725,0.0,0.0,0.0,0.0603699252368589,0.0,60.3699252368589,-18.714676823426263,12.07398504737178,0.4312137516918493,168.43209141083636,-0.04527744392764417,3.018496261842926,1.207398504737178,-0.3018496261842817,-168.43209141083636,18.11097757105767,-0.0603699252368589,1.992822335487569,67.92601495262822,0.015092481309214725,0.4312137516918493,-5.978467006462707,-9.610892097707364,-1.2073985047371707,204.65153581912992,-0.0603699252368589,0.015092481309214725,-168.43209141083636,6.03699252368589,0.0603699252368589,0.0603699252368589,-394.06822985466323,0.06640691776054496,0.0,-0.04527744392764417,18.11097757105767,0.0603699252368589,18.11097757105767,-30.184962618429452,-0.03018496261842945,-97.91929461229957,-85.0,-0.04527744392764417,-0.0603699252368589,-18.714676823426263,0.0603699252368589,6.03699252368589,-1.207398504737178,151.78394681984074,151.78394681984074,-6.03699252368589,-204.65153581912992,-151.78394681984074,12.07398504737178,0.09055488785528834,-1000.0,6.03699252368589,-274.9246298990061,67.92601495262822,-12.07398504737178,0.03018496261842945,0.6036992523685891,156.2339255005601,96.0,-0.0603699252368589,-407.778239875954,394.06822985466323,18.714676823426263,0.0603699252368589,9.610892097707364,-4.517895331602156,67.92601495262822,-0.0603699252368589,-0.015092481309214725,-67.92601495262822,-0.0603699252368589,-3.599860898158974,0.060369925236972585,-0.015092481309214725,-0.015092481309214725,-0.015092481309214725,24.14797009474356,30.184962618429452,0.6036992523685891,44.72656835985609,-0.015092481309214725,310.47502866563264,3.018496261842945,4.818426710922432,0.0603699252368589,0.03018496261842945,0.03018496261842945,40.0,18.714676823426263,0.0603699252368589,-18.714676823426263,0.6036992523685891,0.0603699252368589,-44.72656835985609,0.0603699252368589,0.24147970094742277,0.3018496261842817,0.03018496261842945,0.015092481309214725,18.11097757105767,-0.060369925236858885,0.0,0.6036992523685853,-89.45313671971218,1.5092481309214918,-6.03699252368589,12.07398504737178,3.018496261842945,-0.0603699252368589,5.978467006462707,0.09055488785528834,-0.0603699252368589,-80.0,18.714676823426263,61.48508910355625,0.03018496261842945,-9.636853421844863,-0.0603699252368589,-0.060369925236972585,-0.0603699252368589,0.03018496261842945,168.43209141083636,-12.07398504737178,0.0603699252368589,312.4678510011202,-0.015092481309214725,-0.06640691776054496,-312.4678510011202,9.055488785528834,85.0,597.9105270195306,168.43209141083636,-0.04527744392764417,407.778239875954,-96.0,0.0603699252368589,-0.015092481309214721,538.1728433326134,60.3699252368589,-0.03018496261842945,-0.0603699252368589,0.015092481309214725,0.0,0.0,25.646792584430095,0.0,-46.0,0.0,298.0378751767209,-15.669715468963895,0.0,-32.0,-93.0,-65.0,-974.3230224529515,16.0,23.0,46.5,0.0,7.834857734481948,-394.1950066976608,-107.21967587059294,974.3230224529515,65.0,-107.21967587059294,-298.0378751767209,148.25938899231858,0.0,1496.5981,hclb
56,0.0,0.0,0.0,0.0,0.0,0.0,0.0,0.0,-0.05787850130001302,0.0,0.0,0.0,0.0,0.0,0.0,0.0,0.0,262.4109544528623,0.0,0.0,0.0,0.0,0.0,0.0,0.0,276.90818860028577,0.0,0.0,0.0,-567.1611145905782,0.0,0.0,15.975581129994023,0.0,0.0,0.0,0.0,803.3784156319989,0.0,-1000.0,1000.0,0.0,0.0,0.0,0.0,0.0,0.0,0.0,0.0,-442.0793833941717,0.0,0.0,0.0,0.06366635143017438,0.0,0.0,0.0,11.575700260002606,0.0,0.0,-5.0971666811544765,0.0,-994.9028333188456,-1000.0,0.0,0.0,0.0,0.0,0.0,0.0,0.0,0.5787850130001303,0.0,0.0,0.0,0.0,0.0,0.0,0.0,0.0,0.0,0.0,-346.85698441396465,0.0,34.72710078000782,0.0,0.0,131.20547722643116,131.20547722643116,149.99415234954415,-0.014469625325003257,0.0,0.0,0.0,17.36355039000391,0.0,17.36355039000391,-1.8636877418605309,353.869876292373,0.0,0.0,2.8939250650006514,-1000.0,0.0,0.0,-13.745303991275524,0.0,1000.0,0.0,0.0,0.0,0.0,0.0,0.0,0.0,0.0,0.0,0.0,0.0,0.0,0.0,0.0,0.0,0.0,-950.5895928246273,0.0,0.0,17.36355039000391,0.0,17.94233540300404,0.0,0.0,-690.2651314362089,0.0,690.2651314362089,-690.2651314362089,374.75000000000034,0.0,0.0,-374.75000000000034,0.0,0.0,0.0,0.0,0.0,351.31362901406567,0.05787850130001302,0.0,0.0,0.0,-925.2191281391364,318.9495046964977,0.0,0.0,346.85698441396465,0.0,26.44321398770086,0.0,0.0,0.0,0.0,0.0,-229.5511498995497,-229.5511498995497,0.0,0.0,0.0,0.0,0.0,0.0,0.0,-229.49327139824968,0.0,0.0,0.0,0.0,-427.08333333333314,0.0,0.0,0.0,0.0,0.0,0.0,0.0,0.0,0.0,0.0,0.0,0.0,0.0,0.0,-1000.0,0.0,0.0,0.0,0.0,0.0,442.0793833941717,0.0,-131.20547722643116,131.20547722643116,0.0,0.0,0.0,0.0,0.0,0.0,0.0,432.8388854094218,-203.29608628696514,0.0,0.0,0.0,0.0,0.0,0.0,0.0,0.0,0.0,0.0,0.0,0.0,0.0,246.84004912270817,612.1181469800856,567.1611145905782,0.0,0.0,0.0,0.0,79.15427136869869,0.0,0.0,0.0,0.0,-5.0971666811544765,567.1611145905782,0.0,0.0,0.0,0.0,0.0,0.0,0.0,0.0,0.0,0.0,0.0,0.0,0.0,262.4109544528623,0.0,0.0,-567.1611145905782,0.0,0.0,0.0,934.7989759756547,0.0,0.0,0.0,-1.2129392969779929,0.0,0.0,-298.12523032588575,-298.1252303258859,0.0,0.0,0.0,298.1252303258859,0.0,0.0,0.0,442.0793833941717,0.0,82.32674725833766,0.0,0.0,0.0,0.0,0.0,0.0,0.0,-46.5176384614945,0.0,0.0,-137.88711890954198,0.0,0.0,0.0,-5.0971666811544765,-0.08681775195001953,0.0,0.0,0.0,0.0,0.05787850130001302,0.0,0.0,0.0,903.4821782412974,0.0,0.0,-470.74881498569516,775.2299481526064,427.08333333333314,948.9392506500066,0.0,890.944039049772,0.0,-13.745303991275524,0.0,0.0,0.0,-4.98333896193128,-625.4938708344234,-260.46682925341725,-142.79495021098512,-199.45934294711583,0.0,0.0,0.0,0.0,0.0,0.0,0.0,0.0,0.0,0.0,0.0,0.0,0.0,0.0,0.0,0.0,0.0,803.6099296371988,0.0,0.0,346.85698441396465,0.0,0.0,0.0,0.0,0.0,453.32466185867327,0.0,353.869876292373,0.0,47.61850335871631,0.0,625.4938708344234,0.0,0.0,-162.79274557551946,0.0,-165.87978472583734,-2.8939250650006514,73.4777057686893,61.43721812554409,0.0,-2.8939250650006514,-523.1054306198064,161.34578304301914,0.0,0.0,0.0,622.5492081541388,-450.7248510899228,-227.3313485897255,17.36355039000391,0.0,0.0,0.0,0.0,0.0,0.0,0.0,-246.84004912270817,246.84004912270817,246.84004912270817,95.16960373127291,0.0,0.0,-183.09138993935522,0.0,0.0,432.8388854094218,0.0,0.0,-10.19433336230884,0.0,0.0,68.4242997399974,0.0,0.0,0.0,0.0,-11.515026852557025,0.11575700259982113,0.0,0.0,0.0,0.0,0.0,0.0,0.0,0.0,0.0,0.0,0.0,0.0,0.0,0.0,0.0,0.0,0.0,0.0,0.0,0.06366635143017438,0.06366635143017438,0.0,331.26434886270556,0.0,34.72710078000782,0.0,0.0,0.0,1000.0,0.0,0.0,0.0,0.0,0.0,318.2051549091803,-1000.0,0.0,0.0,0.0,0.0,0.0,68.4242997399974,0.0,0.0,0.0,0.0,0.0,0.0,0.0,316.8631976082091,-903.4821782412974,606.2696234426387,0.0,4.456644600101,0.0,0.0,0.0,-79.15427136869869,0.0,318.2051549091803,0.0,0.0,306.6901280566233,0.0,0.0,246.84004912270817,0.0,0.0,0.0,0.0,0.0,0.0,0.0,0.0,0.0,0.0,0.0,0.0,0.0,34.72710078000782,0.0,0.0,0.0,0.0,0.0,0.0,0.0,0.0,0.0,0.0,0.0,0.0,0.5787850130001303,0.0,0.0,0.0,0.0,0.0,0.0,0.0,0.0,17.36355039000391,0.0,0.0,0.0,0.0,0.0,0.0,0.0,0.0,0.0,0.0,-59.29741689174398,760.2925199566544,0.0,17.36355039000391,17.36355039000391,855.7551968070997,-1000.0,0.0,68.4242997399974,0.0,0.0,0.0,0.0,0.0,707.3912042415461,432.8388854094218,718.5681227895243,0.05787850130001302,0.0,0.0,-175.15668118781286,251.59351051180863,0.0,0.0,0.0,0.0,0.0,0.0,0.0,0.0,0.0,0.0,0.0,0.0,0.0,0.0,0.0,0.0,0.0,0.05787850130001302,0.0,0.0,0.0,-591.9699639470232,591.9699639470232,0.0,0.0,0.0,0.0,0.0,807.1945381510462,0.0,0.0,-803.6099296371988,-4.340887597500977,0.0,-2.8939250650006536,0.0,0.0,0.0,0.0,0.0,0.0,0.0,0.0,0.0,0.0,0.0,0.0,427.08333333333314,0.0,0.0,398.11178462941393,0.0,0.0,0.0,-0.05787850130001302,0.0,0.0,0.05787850130001302,0.0,0.05787850130001302,0.0,0.0,0.0,34.72710078000782,70.61177158601589,70.61177158601589,0.0,0.0,0.0,0.0,0.0,0.0,0.0,606.2696234426387,0.0,432.8388854094218,0.0,0.0,0.0,0.0,0.0,0.0,0.0,0.0,0.0,0.0,0.0,0.0,0.0,0.0,0.0,0.0,0.0,79.15427136869869,0.0,-798.5823051213366,798.5823051213366,0.08681775195001953,0.0,0.0,0.0,-17.36355039000391,0.0,0.0,0.0,0.0,0.0,-331.26434886270556,2.8939250650006514,0.0,0.0,0.0,0.0,0.0,192.80546184895377,-2.8939250650006536,0.0,0.0,0.0,0.0,0.0,0.0,0.0,0.0,0.0,0.0,0.0,84.4242997399974,0.0,659.6939231826361,-13.745303991275524,0.0,646.130123707627,353.869876292373,-1000.0,346.85698441396465,864.1872043896387,0.0,2.8939250650006536,775.0494168473693,0.0,0.0,0.0,-10.19433336230884,-624.9999999999993,624.9999999999993,0.0,0.0,0.0,-804.6382908727389,0.0,0.0,0.0,-4.340887597501013,-4.34088759750091,70.61177158601589,0.0,0.0,0.0,0.0,0.0,0.0,0.0,0.0,0.0,0.0,0.0,0.0,339.94612405770755,-76.4368293239958,-666.8581805999356,0.0,17.36355039000391,0.0,0.0,0.0,0.0,-61.71403312437615,0.0,0.0,0.06366635143017438,0.0,0.0,0.0,35.305885793007945,0.0,0.0,0.0,0.0,612.1181469800856,0.0,0.0,0.0,0.0,0.0,0.0,0.0,0.0,0.0,0.0,0.005787850130001468,0.005787850130001468,0.0,0.0,0.0,0.0,0.0,0.0,0.0,0.0,0.0,-175.15668118781286,0.0,0.0,0.0,0.0,0.0,331.26434886270556,0.0,0.0,0.0,0.0,0.0,0.0,0.0,442.0793833941717,0.0,0.0,0.0,0.0,0.0,0.0,262.4109544528623,0.0,0.0,0.0,34.72710078000782,0.0,0.0,0.0,0.0,0.0,965.2728992199922,-1000.0,0.0,0.0,0.0,0.0,0.0,0.0,0.0,0.0,0.0,0.0,0.0,0.0,81.97253426335993,-435.4037459694389,39.646773390508926,0.0,-17.36355039000391,0.0,803.3784156319989,0.0,0.0,0.0,0.0,0.0,0.0,0.0,0.0,0.0,468.75,0.0,-468.75,-468.75,0.0,0.0,0.0,0.0,-7.23481266250163,0.0,-4.340887597500977,0.0,0.0,0.0,0.0,0.0,0.0,-0.7234812662501628,0.0,357.0513177762735,0.0,0.0,0.0,0.0,0.0,0.0,0.0,1000.0,17.36355039000391,17.36355039000391,0.0,0.0,0.0,0.0,0.0,0.06366635143017438,331.26434886270556,0.0,0.0,-803.3784156319989,0.0,0.0,0.0,0.0,0.0,0.0,0.0,0.0,0.0,0.0,0.0,0.0,0.0,0.0,260.8370582605254,0.0,0.0,0.0,0.0,60.77242636501368,4.456644600101,0.0,0.0,0.0,0.0,0.0,331.26434886270556,0.0,-194.6691495908143,0.0,0.0,0.0,-7.23481266250163,0.0,0.0,0.0,0.0,0.0,0.0,0.0,0.0,0.0,0.0,0.0,0.0,0.0,0.0,0.0,0.0,0.0,0.0,-0.05787850130001302,0.0,0.0,2.8939250650006514,-318.2051549091803,0.0,0.0,0.0,0.0,0.0,0.0,0.0,0.0,4.98333896193128,1.4469625325003257,0.0,0.0,276.90818860028577,0.05787850130001302,0.0,57.87850130001302,-17.94233540300404,11.575700260002606,0.41341786642866446,161.48101862703638,-0.04340887597500977,2.8939250650006514,1.1575700260002606,-0.2893925064998827,-161.48101862703638,17.36355039000391,-0.05787850130001303,4.581767997091841,68.4242997399974,0.014469625325003257,0.41341786642866446,-13.745303991275524,-9.214257406962256,-1.1575700260002606,-262.4109544528623,-0.05787850130001303,0.014469625325003257,-161.48101862703638,5.787850130001303,0.05787850130001303,0.05787850130001302,-331.14280400997535,0.06366635143001449,0.0,-0.04340887597500977,17.36355039000391,0.05787850130001303,17.36355039000391,-28.939250650006514,-0.028939250650006514,1.0473939948501858,-85.0,-0.04340887597500977,-0.05787850130001303,-17.94233540300404,0.05787850130001302,5.787850130001303,-1.1575700260002606,79.15427136869869,79.15427136869869,-5.787850130001303,262.4109544528623,-79.15427136869869,11.575700260002606,0.08681775195001953,0.0,5.787850130001303,-316.8631976082091,68.4242997399974,-11.575700260002606,0.028939250650006514,0.5787850130001303,117.68720374642379,96.0,-0.05787850130001302,-344.28701165520846,331.14280400997535,17.94233540300404,0.05787850130001303,9.214257406962256,-1.029901820018452,68.4242997399974,-0.05787850130001302,-0.014469625325003257,-68.4242997399974,-0.05787850130001303,-11.515026852557025,0.05787850130018356,-0.014469625325003257,-0.014469625325003257,-0.014469625325003257,23.15140052000521,28.939250650006514,0.5787850130001303,117.83440194944467,-0.014469625325003257,230.79263949575574,2.8939250650006514,8.651438491279164,0.05787850130001302,0.028939250650006514,0.028939250650006514,40.0,17.94233540300404,0.05787850130001302,-17.94233540300404,0.5787850130001303,0.05787850130001303,-267.74173654703884,0.05787850130001303,0.23151400519986964,0.2893925064998827,0.028939250650006514,0.014469625325003257,17.36355039000391,-0.05787850130001303,0.0,0.5787850130001303,-235.66880389888934,1.4469625325003257,-5.787850130001303,11.575700260002606,2.8939250650006514,-0.05787850130001303,13.745303991275524,0.08681775195001953,-0.05787850130001303,-80.0,17.94233540300404,293.91295678477314,0.028939250650006514,-17.302876982558328,-0.05787850130001303,-0.05787850130018356,-0.05787850130001303,0.028939250650006514,161.48101862703638,-11.575700260002606,0.05787850130001302,235.37440749284758,-0.014469625325003257,-0.06366635143001449,-235.37440749284758,8.681775195001952,85.0,-118.4585533208039,161.48101862703638,-0.04340887597500977,344.28701165520846,-96.0,0.05787850130001303,-0.014469625325003253,50.51242842371696,57.87850130001302,-0.028939250650006514,-0.05787850130001303,0.014469625325003257,0.0,0.0,-150.02309160019416,149.90733459759417,-46.0,0.0,364.73045249990923,-31.0,0.0,-32.0,-93.0,-65.0,-149.99415234954415,16.0,23.0,46.5,0.0,15.5,-331.26434886270556,-232.198923660397,149.99415234954415,65.0,-232.198923660397,-364.73045249990923,179.9862520949632,0.0,1496.5981,hclb
57,0.0,0.0,0.0,0.0,0.0,0.0,0.0,0.0,-0.06388414074339377,0.0,0.0,0.0,0.0,0.0,0.0,0.0,-266.49239864932684,449.81093094469907,0.0,0.0,0.0,0.0,0.0,455.9089041096045,0.0,0.0,0.0,0.0,0.0,597.5121937720871,0.0,0.0,12.742110818992638,0.0,0.0,0.0,0.0,852.0775291695669,0.0,-1000.0,1000.0,0.0,0.0,-193.82907058707679,0.0,0.0,413.9758749523113,85.1349074462357,115.33078239207998,-327.1821491554381,0.0,582.3459850934263,0.0,0.07027255481779653,0.0,0.0,0.0,97.91173559491446,0.0,0.0,-47.517708622772375,0.0,719.6797880256704,635.4714425069865,0.0,0.0,0.0,0.0,0.0,369.72271452632987,0.0,0.6388414074339377,0.0,0.0,0.0,0.0,0.0,0.0,0.0,0.0,0.0,0.0,0.0,0.0,38.33048444603626,0.0,54.12185759327464,-194.27454730869192,1000.0,-620.0347087240232,-0.015971035185848442,0.0,0.0,492.5189413785003,19.16524222301813,0.0,19.16524222301813,0.0,0.0,0.0,0.0,3.1942070371696882,166.26835623422457,0.0,0.0,-16.846049670578296,0.0,0.0,0.0,0.0,0.0,0.0,0.0,0.0,0.0,0.0,0.0,0.0,0.0,0.0,0.0,0.0,0.0,0.0,-435.00862454482905,0.0,0.0,19.16524222301813,0.0,19.80408363045207,1.7186940709620977,0.0,-562.6480107061042,562.6480107061042,0.0,0.0,0.0,-624.7500000001256,624.7500000001256,-36.690636895911545,0.0,0.0,0.0,0.0,0.0,59.040936430515956,0.06388414074339377,0.0,0.0,0.0,0.0,0.0,0.0,0.0,0.0,0.0,375.64116432563384,0.0,0.0,0.0,0.0,0.0,651.377671177466,651.377671177466,0.0,0.0,0.0,0.0,0.0,0.0,0.0,651.4415553182095,0.0,0.0,0.0,0.0,0.0,0.0,0.0,0.0,0.0,0.0,0.0,0.0,0.0,0.0,-792.1947393083213,0.0,0.0,0.0,0.0,-1000.0,0.0,0.0,0.0,0.0,0.0,327.1821491554381,-582.3459850934263,-111.1006809547373,111.1006809547373,0.0,0.0,0.0,0.0,0.0,0.0,0.0,431.24383753786253,68.28327398424565,0.0,0.0,0.0,0.0,0.0,0.0,0.0,0.0,0.0,0.0,0.0,0.0,0.0,324.06327664967534,-17.446343702642494,135.99540757858603,0.0,0.0,0.0,36.690636895911545,8.578956380226145,0.0,0.0,0.0,0.0,-47.517708622772375,329.8244781656628,0.0,0.0,0.0,0.0,0.0,0.0,0.0,0.0,880.4006723978528,0.0,0.0,0.0,-886.622933584465,224.47774737027225,-772.3904309647755,0.0,-135.99540757858603,0.0,0.0,36.690636895911545,-41.124220192892835,0.0,0.0,0.0,-97.76044193774197,0.0,0.0,-1000.0,0.0,0.0,-1000.0,0.0,0.0,888.8993190452627,0.0,1000.0,327.1821491554381,0.0,173.09518443576667,0.0,0.0,0.0,0.0,0.0,0.0,0.0,902.92408920921,0.0,36.690636895911545,365.9465091574688,0.0,0.0,0.0,-47.517708622772375,-0.09582621111509064,0.0,0.0,0.0,0.0,0.06388414074339377,0.0,0.0,0.0,91.85512899890296,-266.49239864932684,0.0,-840.0923771596448,168.4516810837987,0.0,915.2514334757853,0.0,121.60781266588253,0.0,-16.846049670578296,0.0,0.0,0.0,548.3995162433961,0.0,-670.0073289092786,-1000.0,-1000.0,0.0,0.0,0.0,0.0,0.0,0.0,0.0,0.0,0.0,0.0,0.0,0.0,0.0,0.0,0.0,0.0,0.0,-147.66693426745996,0.0,-1000.0,0.0,0.0,878.3436030659152,0.0,0.0,0.0,-856.1403641529596,0.0,0.0,0.0,0.0,0.0,0.0,-124.99999999999969,-3.1942070371696882,0.0,0.0,-1000.0,-213.42144281259598,30.08739263689654,0.0,124.99999999999969,0.0,0.0,-1.5971035185848441,210.2272357754263,-490.7745800299481,0.0,0.0,0.0,686.0605867891634,19.16524222301813,0.0,0.0,0.0,0.0,0.0,0.0,0.0,-324.06327664967534,324.06327664967534,324.06327664967534,97.06922152189954,0.0,0.0,0.0,0.0,0.0,431.24383753786253,0.0,0.0,-23.482338954906936,0.0,0.0,103.91380874723279,0.0,0.0,0.0,0.0,-36.61158592566062,0.1277682814870008,0.0,0.0,0.0,0.0,0.0,0.0,0.0,0.0,0.0,369.72271452632987,0.0,0.0,0.0,0.0,0.0,0.0,0.0,0.0,0.0,0.07027255481779653,0.07027255481779653,0.0,407.2864485009966,0.0,38.33048444603626,0.0,0.0,0.0,1000.0,0.0,74.80033483132695,54.12185759327464,0.0,0.0,543.0295041706586,-1000.0,0.0,0.0,798.4492698420756,0.0,0.0,103.91380874723279,0.0,0.0,0.0,0.0,0.0,0.0,0.0,145.00287484827635,-91.85512899890296,0.0,0.0,59.040936430515956,0.0,483.93998499827416,8.578956380226145,0.0,0.0,543.0295041706586,0.0,0.0,506.41791824499796,1000.0,-1000.0,324.06327664967534,0.0,0.0,0.0,0.0,0.0,0.0,0.0,0.0,0.0,0.0,0.0,0.0,0.0,38.33048444603626,36.690636895911545,36.690636895911545,0.0,0.0,0.0,0.0,0.0,0.0,0.0,0.0,0.0,0.0,0.6388414074339377,0.0,0.0,54.12185759327464,-54.12185759327464,0.0,-582.3459850934263,0.0,0.0,19.16524222301813,-798.4492698420756,0.0,0.0,0.0,0.0,0.0,0.0,0.0,0.0,0.0,421.30086627253786,0.0,0.0,19.16524222301813,19.16524222301813,-24.045619725848624,-1000.0,0.0,103.91380874723279,0.0,0.0,0.0,0.0,0.0,5.5026946853902245,431.24383753786253,0.0,0.06388414074339377,0.0,0.0,0.0,77.49335787362357,0.0,0.0,-492.5189413785003,0.0,0.0,0.0,0.0,0.0,0.0,0.0,0.0,0.0,0.0,0.0,0.0,0.0,0.0,0.06388414074339377,0.0,0.0,0.0,0.0,0.0,0.0,0.0,0.0,0.0,0.0,22.203238912955612,0.0,0.0,-852.33306573254,-4.791310555754532,-3.1942070371696882,0.0,0.0,0.0,0.0,0.0,0.0,0.0,0.0,0.0,0.0,0.0,0.0,36.690636895911545,0.0,0.0,0.0,689.2547938263331,0.0,0.0,0.0,-0.06388414074339377,0.0,0.0,0.06388414074339377,0.0,0.06388414074339377,0.0,0.0,0.0,38.33048444603626,77.93865170694039,77.93865170694039,0.0,0.0,0.0,0.0,0.0,0.0,0.0,0.0,0.0,431.24383753786253,0.0,0.0,0.0,553.8999407614024,0.0,0.0,0.0,0.0,0.0,0.0,0.0,0.0,0.0,0.0,0.0,0.0,0.0,8.578956380226145,0.0,0.0,0.0,0.09582621111509064,0.0,0.0,0.0,-19.16524222301813,0.0,0.0,0.0,0.0,0.0,-407.2864485009966,3.1942070371696882,0.0,0.0,0.0,0.0,0.0,875.1493960287455,0.0,0.0,0.0,0.0,0.0,0.0,0.0,0.0,36.690636895911545,0.0,798.4492698420756,-476.7462802579911,83.22317185132124,0.0,52.22317185132125,-16.846049670578296,0.0,19.009031875785922,0.0,-19.009031875785922,0.0,-119.06287189983323,0.0,3.1942070371696882,694.1486528515285,0.0,0.0,0.0,-131.72605414145622,0.0,0.0,0.0,0.0,0.0,-83.30124467540907,0.0,0.0,0.0,782.6121181968122,0.0,77.93865170694039,0.0,0.0,0.0,0.0,0.0,0.0,0.0,0.0,0.0,880.4006723978528,0.0,0.0,421.66038016826013,-447.2160723999534,0.0,0.0,19.16524222301813,54.12185759327464,0.0,0.0,0.0,187.19059484840122,0.0,0.0,0.07027255481779653,0.0,0.0,0.0,38.969325853470195,0.0,0.0,0.0,0.0,-17.446343702642494,0.0,0.0,0.0,0.0,0.0,0.0,0.0,0.0,-467.424625087343,0.0,0.006388414074339376,0.006388414074339376,0.0,0.0,0.0,0.0,0.0,0.0,0.0,0.0,0.0,0.0,0.0,0.0,0.0,0.0,0.0,407.2864485009966,0.0,0.0,0.0,0.0,0.0,0.0,0.0,327.1821491554381,0.0,0.0,0.0,108.24371518654928,0.0,0.0,449.81093094469907,0.0,0.0,0.0,38.33048444603625,0.0,0.0,0.0,0.0,0.0,-160.87000952684684,122.53952508081059,0.0,108.24371518654928,0.0,0.0,0.0,0.0,0.0,0.0,0.0,0.0,0.0,0.0,0.0,-828.2289490803852,597.6605771706271,-19.16524222301813,0.0,0.0,852.0775291695669,0.0,0.0,0.0,0.0,0.0,0.0,0.0,0.0,0.0,0.0,0.0,0.0,0.0,0.0,0.0,0.0,0.0,-7.985517592924221,36.690636895911545,-4.791310555754532,549.1086302056478,0.0,0.0,0.0,0.0,0.0,-471.1060180248929,470.30746626560045,23.482338954906936,0.0,0.0,0.0,0.0,0.0,0.0,0.0,1000.0,19.16524222301813,19.16524222301813,0.0,0.0,0.0,0.0,0.0,0.07027255481779653,407.2864485009966,0.0,0.0,-852.0775291695669,0.0,0.0,0.0,0.0,0.0,0.0,0.0,0.0,0.0,0.0,0.0,0.0,0.0,0.0,0.0,0.0,0.0,1.7186940709620977,0.0,67.07834778056345,59.040936430515956,0.0,0.0,0.0,0.0,0.0,407.2864485009966,0.0,0.0,0.0,0.0,0.0,-7.985517592924221,0.0,0.0,0.0,0.0,0.0,0.0,0.0,0.0,0.0,0.0,0.0,0.0,0.0,0.0,0.0,0.0,0.0,0.0,-0.06388414074339377,0.0,0.0,3.1942070371696882,-543.0295041706586,0.0,0.0,0.0,0.0,36.690636895911545,0.0,0.0,0.0,-548.3995162433961,1.5971035185848441,0.0,0.0,0.0,0.06388414074339377,0.0,63.88414074339376,-18.085389559489972,12.776828148678753,0.4563152910242412,181.6741408159928,-0.04791310555754532,3.1942070371696882,1.2776828148678754,-0.31942070371655973,-181.6741408159928,19.16524222301813,-0.06388414074339377,5.615349890192765,103.91380874723279,0.015971035185848442,0.4563152910242412,-16.846049670578296,-64.29221279962314,-1.2776828148678754,-183.31853229537222,-0.06388414074339377,0.015971035185848442,-181.6741408159928,6.3884140743393765,0.06388414074339377,0.06388414074339377,-407.1522918054354,-54.051585038456906,-15.661597403496827,-0.04791310555754532,19.16524222301813,0.06388414074339377,19.16524222301813,-31.942070371696882,-0.03194207037169688,-326.28746758098043,-15.031254595308923,-0.04791310555754532,-0.0638841407433937,-18.085389559489972,0.06388414074339377,6.3884140743393765,-1.2776828148678754,8.578956380226145,8.578956380226145,-6.3884140743393765,183.31853229537222,-8.578956380226145,12.776828148678753,0.09582621111509064,-139.6500798634695,6.3884140743393765,-145.00287484827635,103.91380874723279,-12.776828148678753,0.03194207037169688,0.6388414074339377,210.0230942899112,96.0,-0.06388414074339377,-421.66038016826013,407.1522918054354,19.80408363045207,0.06388414074339377,64.29221279962314,27.252839855160136,103.91380874723279,-0.06388414074339377,-0.015971035185848442,-103.91380874723279,-0.06388414074339377,-36.61158592566062,0.06388414074339377,-0.015971035185848442,-0.015971035185848442,-0.015971035185848442,25.553656297357506,31.942070371696882,0.6388414074339377,47.33016277326385,-0.015971035185848442,414.43083868962964,3.1942070371696882,21.5,0.06388414074339377,0.031942070371696885,0.031942070371696885,40.0,18.085389559489972,0.06388414074339377,-18.085389559489972,0.6388414074339377,0.06388414074339377,-47.33016277326385,0.06388414074339377,0.2555365629731341,0.31942070371655973,0.03194207037169688,0.015971035185848442,19.16524222301813,-0.06388414074339377,15.661597403496827,0.6388414074339377,-94.6603255465277,1.5971035185848441,-6.3884140743393765,12.776828148678753,3.1942070371696882,-0.06388414074339377,16.846049670578296,0.09582621111509064,-0.06388414074339377,-80.0,18.085389559489972,6.297842575274558,0.031942070371696885,-43.0,-0.06388414074339377,-0.06388414074339377,-0.06388414074339377,0.03194207037169685,181.6741408159928,-12.776828148678753,0.06388414074339377,420.0461885798224,-0.015971035185848442,54.051585038456906,-420.0461885798224,9.582621111509063,15.031254595308916,17.30942092550248,181.6741408159928,-0.04791310555754532,421.66038016826013,-96.0,0.06388414074339377,-0.015971035185848442,3.1942070371696882,63.88414074339376,-0.031942070371696885,-0.06388414074339377,0.015971035185848442,0.0,0.0,-129.2464725281417,0.0,-46.0,0.0,36.691680176105244,-31.0,0.0,-32.0,-93.0,-65.0,-268.8646103212395,16.0,23.0,46.5,0.0,15.5,-407.2864485009966,-193.48843742367578,268.8646103212395,65.0,-193.48843742367578,-36.691680176105244,1.5252131233028656,0.0,1496.5981,hclb
58,0.0,0.0,0.0,0.0,0.0,0.0,0.0,0.0,-0.05652953026219809,0.0,0.0,0.0,0.0,0.0,0.0,0.0,-528.7936434402534,325.0417183830387,0.0,0.0,0.0,0.0,0.0,0.0,0.0,0.0,0.0,0.0,0.0,-750.8135647438904,0.0,0.0,206.08495906868333,0.0,0.0,0.0,0.0,999.7738818789511,0.0,-1000.0,1000.0,0.0,-620.3348146858311,0.0,0.0,0.0,0.0,137.1500840369657,659.2723934983126,-539.127810282344,0.0,0.0,0.0,0.062182483288473804,0.0,0.0,0.0,148.4559900894053,0.0,0.0,9.129020058374712,0.0,0.0,-88.05263057444206,0.0,0.0,0.0,0.0,335.51571387872536,0.0,0.0,0.565295302621981,0.0,0.0,0.0,0.0,0.0,0.0,0.0,0.0,0.0,0.0,0.0,0.0,33.91771815731886,0.0,18.286496187473148,-325.359792028853,-8.87088308642089,872.9831722448217,-0.014132382565549523,0.0,0.0,-860.0867901550596,16.95885907865943,0.0,16.95885907865943,-629.6887812524577,394.7707396396476,0.0,0.0,2.8264765131099043,-750.8135647438904,0.0,0.0,0.0,0.0,0.0,0.0,0.0,0.0,0.0,0.0,0.0,0.0,0.0,0.0,0.0,0.0,0.0,0.0,0.0,0.0,0.0,-615.7467506977475,0.0,0.0,16.95885907865943,0.0,17.52415438128141,0.0,0.0,0.0,0.0,0.0,0.0,0.0,-875.0000000000424,875.0000000000424,-97.18165063281677,0.0,0.0,0.0,0.0,0.0,22.63927001766241,0.05652953026219809,0.0,0.0,0.0,-806.4161256250811,806.4161256250811,0.0,0.0,0.0,0.0,104.00238473923537,0.0,0.0,0.0,0.0,0.0,884.4538812430867,884.4538812430867,0.0,0.0,0.0,874.9999999999999,0.0,0.0,0.0,884.5104107733489,0.0,0.0,0.0,362.5360290508267,0.0,0.0,0.0,0.0,0.0,0.0,0.0,0.0,0.0,0.0,-17.608449597704542,0.0,0.0,0.0,0.0,-555.9621244764421,0.0,0.0,0.0,0.0,0.0,539.127810282344,620.3348146858311,8.87088308642089,-8.87088308642089,60.62269240142248,0.0,0.0,0.0,0.0,0.0,0.0,0.0,-953.3720973352144,0.0,0.0,0.0,0.0,0.0,0.0,0.0,0.0,0.0,0.0,0.0,0.0,0.0,217.8513424912479,-20.388187895120765,0.0,0.0,0.0,0.0,0.0,79.290517443518,0.0,0.0,0.0,0.0,9.129020058374712,0.0,0.0,0.0,0.0,0.0,0.0,0.0,0.0,0.0,289.8443547860586,0.0,0.0,0.0,344.10473450917505,-293.97184634949804,963.1182992417116,0.0,0.0,0.0,0.0,97.18165063281677,646.8387185659362,0.0,0.0,0.0,222.32953901157134,0.0,0.0,-1000.0,0.0,-375.0000000005971,-624.999999999403,-375.0000000005971,0.0,0.0,0.0,0.0,539.127810282344,0.0,17.804179586592227,0.0,0.0,0.0,-470.1444847049915,0.0,470.1444847049915,0.0,829.5378631504051,36.558958231394286,0.0,926.1735595339111,874.9999999999999,0.0,0.0,9.129020058374712,-0.08479429539329712,0.0,0.0,0.0,0.0,0.05652953026219809,0.0,0.0,0.0,109.24570076678351,-528.7936434402534,0.0,-501.6569065998291,-319.90494092283456,0.0,911.7058068997047,0.0,0.0,0.0,0.0,0.0,0.0,0.0,319.1871190650258,664.4842861212746,-983.6714051863005,-931.6815448570595,-1000.0,0.0,0.0,0.0,0.0,0.0,0.0,0.0,0.0,0.0,0.0,0.0,0.0,0.0,0.0,0.0,0.0,0.0,0.0,0.0,-1000.0,0.0,0.0,917.7128851640732,0.0,0.0,0.0,-312.483624803721,0.0,394.7707396396476,0.0,0.0,0.0,0.0,-374.99999999999864,0.0,0.0,-1000.0,0.0,-913.6203412949357,0.0,583.5000810676496,374.99999999999864,-141.36390790916724,448.5663036101447,-1.4132382565549522,910.7938647818257,0.0,0.0,911.6033487430234,0.0,-807.1951308003603,16.95885907865943,0.0,0.0,0.0,259.0700598547681,0.0,0.0,0.0,-217.8513424912479,217.8513424912479,217.8513424912479,-394.23659928769314,0.0,0.0,0.0,0.0,0.0,0.0,0.0,0.0,-42.350618141121046,0.0,0.0,105.25305217895468,0.0,0.0,0.0,0.0,-37.347046973780195,0.11305906052443393,0.0,0.0,0.0,0.0,0.0,0.0,0.0,0.0,0.0,298.956755647331,0.0,0.0,0.0,0.0,0.0,0.0,0.0,0.0,0.0,0.062182483288473804,0.062182483288473804,0.0,302.5454364388083,0.0,33.91771815731886,0.0,0.0,0.0,1000.0,0.0,0.0,18.286496187473148,0.0,0.0,-97.71252494557909,-1000.0,0.0,0.0,662.68502348864,0.0,0.0,105.25305217895468,0.0,0.0,0.0,0.0,0.0,0.0,0.0,205.24891689924917,-109.24570076678351,0.0,138.53743139605734,22.63927001766241,0.0,0.0,-860.0867901550596,-1000.0,0.0,-97.71252494557909,0.0,-135.05957191935929,0.0,0.0,0.0,217.8513424912479,0.0,0.0,0.0,0.0,0.0,0.0,0.0,0.0,0.0,0.0,0.0,0.0,0.0,33.91771815731886,97.18165063281677,97.18165063281677,0.0,0.0,0.0,0.0,0.0,0.0,0.0,0.0,0.0,0.0,0.565295302621981,0.0,0.0,18.286496187473148,-18.286496187473148,0.0,620.3348146858311,0.0,0.0,16.95885907865943,-662.68502348864,0.0,0.0,0.0,138.53743139605734,0.0,0.0,0.0,0.0,0.0,652.6047306526805,-652.396272895361,0.0,16.95885907865943,16.95885907865943,1000.0,-1000.0,0.0,105.25305217895468,0.0,0.0,0.0,0.0,0.0,682.49510960095,0.0,1000.0,0.05652953026219809,0.0,0.0,0.0,74.65532035841291,216.8606333804854,0.0,860.0867901550596,0.0,-36.558958231394286,0.0,0.0,0.0,0.0,0.0,0.0,0.0,0.0,0.0,0.0,0.0,0.0,0.05652953026219809,0.0,0.0,0.0,0.0,0.0,0.0,0.0,0.0,0.0,0.0,1000.0,0.0,0.0,-1000.0,-4.239714769664857,-2.8264765131099043,0.0,0.0,937.5,937.5,-937.5,0.0,0.0,0.0,0.0,0.0,0.0,0.0,97.18165063281677,0.0,0.0,0.0,107.23469445577302,0.0,0.0,0.0,-0.05652953026219809,0.0,0.0,0.05652953026219809,0.0,0.05652953026219809,0.0,0.0,0.0,33.91771815731886,68.96602691988167,68.96602691988167,0.0,0.0,0.0,0.0,0.0,0.0,0.0,0.0,0.0,0.0,0.0,0.0,0.0,324.0543116206011,0.0,0.0,0.0,0.0,0.0,0.0,0.0,0.0,0.0,0.0,0.0,0.0,0.0,139.91320984494047,0.0,0.0,0.0,0.08479429539329712,0.0,0.0,0.0,-16.95885907865943,0.0,0.0,0.0,0.0,0.0,-302.5454364388083,2.8264765131099043,0.0,0.0,0.0,-875.0,0.0,285.1976273985057,0.0,0.0,0.0,0.0,0.0,0.0,0.0,0.0,97.18165063281677,0.0,662.68502348864,26.170992492756103,84.69409394756039,0.0,53.69409394756038,216.8606333804854,0.0,-27.285997405215312,394.7707396396476,-367.4847422344323,0.0,577.8726916460546,0.0,2.8264765131099043,623.4684000994104,0.0,0.0,0.0,-78.92361051606734,0.0,0.0,0.0,0.0,0.0,0.0,0.0,0.0,0.0,305.97845310314966,-296.84943304477497,68.96602691988167,0.0,0.0,0.0,0.0,0.0,0.0,0.0,0.0,0.0,289.8443547860586,0.0,0.0,18.41514770302797,-373.6120760057439,0.0,-620.3348146858311,16.95885907865943,18.286496187473148,0.0,0.0,0.0,13.45674556806918,0.0,0.0,0.062182483288473804,0.0,0.0,0.0,34.483013459940835,0.0,0.0,0.0,0.0,-20.388187895120765,0.0,0.0,0.0,0.0,0.0,0.0,0.0,0.0,0.0,0.0,0.005652953026219809,0.005652953026219809,0.0,0.0,0.0,0.0,0.0,0.0,0.0,0.0,0.0,0.0,0.0,0.0,0.0,0.0,0.0,302.5454364388083,0.0,0.0,0.0,0.0,0.0,0.0,0.0,539.127810282344,0.0,0.0,0.0,36.572992374946296,-777.980078696363,1000.0,325.0417183830387,0.0,0.0,0.0,33.91771815731886,0.0,0.0,0.0,0.0,0.0,837.3506939662783,-871.2684121235972,0.0,36.572992374946296,0.0,0.0,0.0,0.0,0.0,0.0,0.0,0.0,0.0,0.0,-1000.0,-1000.0,362.7770398502068,123.51577317927173,-140.47463225793115,0.0,999.7738818789511,0.0,0.0,0.0,0.0,0.0,0.0,0.0,0.0,0.0,0.0,0.0,0.0,0.0,0.0,0.0,0.0,0.0,-7.066191282774762,97.18165063281677,-4.239714769664857,616.6640298957111,0.0,0.0,0.0,0.0,0.0,-1000.0,999.2933808717225,42.350618141121046,0.0,0.0,0.0,0.0,0.0,0.0,0.0,1000.0,16.95885907865943,16.95885907865943,0.0,0.0,0.0,0.0,0.0,0.062182483288473804,302.5454364388083,0.0,0.0,-999.7738818789511,0.0,0.0,0.0,0.0,0.0,0.0,0.0,0.0,0.0,0.0,0.0,0.0,0.0,0.0,0.0,0.0,0.0,0.0,0.0,59.356006775308,22.63927001766241,0.0,0.0,0.0,0.0,0.0,302.5454364388083,0.0,0.0,0.0,0.0,0.0,-7.066191282774762,0.0,0.0,0.0,0.0,0.0,0.0,0.0,0.0,0.0,0.0,0.0,0.0,0.0,0.0,0.0,0.0,0.0,0.0,-0.05652953026219809,0.0,0.0,2.8264765131099043,97.71252494557909,0.0,0.0,0.0,0.0,97.18165063281677,0.0,0.0,0.0,-319.1871190650258,1.4132382565549522,0.0,0.0,0.0,0.05652953026219809,0.0,56.52953026219809,-17.52415438128141,11.305906052439617,0.40378235901570064,157.7173894315327,-0.04239714769664856,2.8264765131098954,1.1305906052439618,-0.2826476513110947,-157.7173894315327,16.958859078659426,-0.05652953026219809,0.0,105.25305217895468,0.014132382565549523,0.40378235901570064,0.0,-27.285997405215312,-1.1305906052439618,203.7519250572147,-0.05652953026219809,0.014132382565549523,-157.7173894315327,5.652953026219809,0.05652953026219809,0.05652953026219809,-302.4267244252576,-18.22431370418473,-26.57137266197826,-0.04239714769664856,16.95885907865943,0.05652953026219812,16.95885907865943,-28.264765131099047,-0.028264765131099046,-77.43101207725711,-85.0,-0.04239714769664856,-0.05652953026219809,-17.52415438128141,0.05652953026219809,5.652953026219809,-1.1305906052439618,139.91320984494047,139.91320984494047,-5.652953026219809,-203.7519250572147,-139.91320984494047,11.305906052439617,0.08479429539329712,-1000.0,5.652953026219809,-205.24891689924917,105.25305217895468,-11.305906052439617,0.028264765131099046,0.565295302621981,125.41422664995727,96.0,-0.05652953026219809,-315.26458074780294,302.4267244252576,17.52415438128141,0.05652953026219809,27.285997405215312,37.41761586431703,105.25305217895468,-0.05652953026219809,-0.014132382565549523,-105.25305217895468,-0.05652953026219809,-37.347046973780195,0.05652953026230989,-0.014132382565549523,-0.014132382565549523,-0.014132382565549523,22.611812104879235,28.264765131099047,0.565295302621981,41.881315733006204,-0.014132382565549523,250.82845329991454,2.8264765131099043,21.5,0.05652953026219809,0.028264765131099046,0.028264765131099046,40.0,17.52415438128141,0.05652953026219809,-17.52415438128141,0.565295302621981,0.05652953026219809,-41.881315733006204,0.05652953026219809,0.2261181210488985,0.2826476513110947,0.028264765131099046,0.014132382565549523,16.95885907865943,-0.05652953026219809,26.57137266197826,0.5652953026219809,-83.76263146601241,1.413238256554962,-5.652953026219809,11.305906052439617,2.8264765131099043,-0.05652953026219809,0.0,0.08479429539329712,-0.05652953026219809,-80.0,17.52415438128141,127.66226141764548,0.028264765131099046,-43.0,-0.05652953026219812,-0.05652953026230989,-0.05652953026219809,0.028264765131099046,157.7173894315327,-11.305906052439617,0.05652953026219809,250.82845329991454,-0.014132382565549523,18.22431370418473,-250.82845329991454,8.479429539329713,85.0,630.573019363545,157.7173894315327,-0.04239714769664856,315.26458074780294,-96.0,0.05652953026219809,-0.014132382565549523,2.8264765131099043,56.52953026219809,-0.028264765131099046,-0.05652953026219809,0.014132382565549523,0.0,0.0,126.98856299004717,0.0,-46.0,0.0,227.33518724923078,9.52637169300746,0.0,-32.0,-93.0,-65.0,-872.9831722448217,16.0,23.0,46.5,0.0,-4.76318584650373,-302.5454364388083,-141.11900698571466,872.9831722448217,65.0,-141.11900698571466,-227.33518724923078,92.13230917934698,0.0,1496.5981,hclb
59,0.0,0.0,0.0,0.0,0.0,0.0,0.0,0.0,-0.0628806885573924,0.0,0.0,0.0,0.0,0.0,0.0,0.0,-211.3650684900447,503.62221100340594,0.0,0.0,0.0,0.0,0.0,960.4768925842394,0.0,0.0,0.0,0.0,0.0,278.22620560211783,0.0,0.0,22.896612105851908,0.0,0.0,0.0,0.0,572.6835182936114,0.0,-1000.0,1000.0,0.0,0.0,219.06063712200827,0.0,0.0,0.0,0.0,0.0,-899.9627809286276,0.0,0.0,0.0,0.06916875741297042,0.0,0.0,0.0,12.576137711478479,0.0,0.0,14.225014465829247,0.0,45.063106848522295,0.0,0.0,0.0,0.0,0.0,0.0,0.0,0.0,0.6288068855739241,0.0,0.0,0.0,0.0,0.0,0.0,0.0,0.0,0.0,0.0,0.0,0.0,37.72841313443544,0.0,0.0,844.5382975624159,100.7307663042758,4.9989284571645936,-0.0157201721393481,0.0,0.0,0.0,18.86420656721772,0.0,42.51602503768279,-2.024758171548455,0.0,0.0,0.0,3.1440344278696197,278.22620560211783,0.0,0.0,-6.713724677029879,0.0,0.0,0.0,0.0,0.0,0.0,0.0,0.0,0.0,0.0,0.0,0.0,0.0,0.0,0.0,0.0,0.0,0.0,-808.2014654817565,0.0,0.0,42.51602503768279,0.0,19.493013452791637,0.0,0.0,-911.3921049918835,973.8921049918844,-62.500000000000924,62.500000000000924,-161.65587141361797,1000.0,-1000.0,102.36775009926643,0.0,0.0,0.0,0.0,0.0,4.841813018919211,0.0628806885573924,0.0,0.0,0.0,0.0,0.0,0.0,0.0,0.0,0.0,136.36549096403385,0.0,0.0,0.0,0.0,0.0,526.5067343021776,526.5067343021776,0.0,0.0,0.0,125.0,0.0,0.0,0.0,526.569614990735,0.0,0.0,0.0,-634.0689868232023,-468.75,0.0,0.0,0.0,0.0,0.0,0.0,0.0,0.0,0.0,-601.4339718161986,0.0,0.0,0.0,0.0,-1000.0,0.0,0.0,0.0,0.0,0.0,899.9627809286276,0.0,-105.7296947614404,105.7296947614404,59.28812131435154,0.0,0.0,0.0,0.0,0.0,0.0,0.0,-955.4362237811525,0.0,0.0,0.0,0.0,0.0,0.0,0.0,0.0,0.0,0.0,0.0,0.0,0.0,310.4261142534755,5.804093893422028,-66.86113711207312,0.0,0.0,0.0,0.0,78.64905045570336,0.0,0.0,0.0,0.0,14.225014465829247,-285.9217742340814,0.0,0.0,0.0,0.0,0.0,0.0,0.0,0.0,0.0,0.0,23.651818470465066,0.0,-206.4604610657162,0.0,738.8086028009755,0.0,66.86113711207312,0.0,0.0,59.28812131435154,-384.7770108863709,0.0,0.0,0.0,423.88135796442043,0.0,0.0,646.7550586317755,0.0,1000.0,646.7550586317755,0.0,1000.0,-4.9989284571645936,0.0,-446.64578132045034,899.9627809286276,0.0,37.499949305069805,0.0,0.0,0.0,-889.3368601411238,0.0,889.3368601411238,0.0,1000.0,0.0,0.0,-824.2127766881275,125.0,0.0,0.0,14.225014465829247,-0.09432103283608859,0.0,0.0,0.0,0.0,0.0628806885573924,0.0,0.0,0.0,819.5468031922624,-211.3650684900447,0.0,-587.0162221231234,158.92243085403706,468.75,975.0921627491613,0.0,-186.3484356201729,0.0,-6.713724677029879,0.0,0.0,0.0,591.3038928896028,276.43131004749307,-681.386767316923,-1000.0,-1000.0,0.0,0.0,0.0,0.0,0.0,0.0,0.0,0.0,0.0,0.0,0.0,0.0,0.0,0.0,0.0,0.0,0.0,-339.3389311847235,0.0,-1000.0,0.0,87.72602776743527,0.0,358.7345662605194,0.0,885.0659726244979,-4.841813018919211,0.0,0.0,0.0,0.0,0.0,0.0,0.0,484.53833996832066,0.0,-276.43131004749307,619.0720037773639,0.0,0.0,0.0,0.0,-667.04965752645,549.549086860858,-1.5720172139348099,-3.1440344278696197,-153.5553250039984,0.0,840.5513098089918,-98.89429210388013,-1000.0,42.51602503768279,0.0,0.0,0.0,0.0,0.0,0.0,0.0,-310.4261142534755,310.4261142534755,310.4261142534755,87.13758696555139,0.0,0.0,-473.55614638637985,0.0,0.0,0.0,0.0,0.0,-30.83809238269305,0.0,0.0,67.42386228852152,0.0,0.0,0.0,0.0,-36.71193114426076,0.12576137711482677,0.0,0.0,0.0,0.0,0.0,0.0,0.0,0.0,0.0,0.0,0.0,0.0,0.0,0.0,0.0,0.0,0.0,0.0,0.0,0.06916875741297042,0.06916875741297042,0.0,393.84997654199697,0.0,37.72841313443544,0.0,0.0,0.0,1000.0,0.0,621.3706064735286,0.0,0.0,0.0,412.2846722961602,-1000.0,0.0,0.0,0.0,0.0,0.0,67.42386228852152,0.0,0.0,0.0,0.0,0.0,0.0,0.0,269.40048849391883,-819.5468031922624,0.0,0.0,248.44594098119094,0.0,0.0,0.0,-137.93717177005493,0.0,412.2846722961602,0.0,375.57274115189944,0.0,50.000996753555455,-50.000996753555455,310.4261142534755,0.0,0.0,0.0,0.0,0.0,0.0,0.0,0.0,0.0,0.0,0.0,0.0,0.0,37.72841313443544,59.28812131435154,59.28812131435154,0.0,0.0,0.0,0.0,0.0,0.0,0.0,0.0,0.0,0.0,0.6288068855739241,0.0,0.0,0.0,0.0,0.0,0.0,0.0,0.0,42.51602503768279,0.0,0.0,0.0,243.60412796227172,0.0,0.0,0.0,0.0,0.0,0.0,1000.0,0.0,0.0,18.86420656721772,18.86420656721772,1000.0,-1000.0,0.0,67.42386228852152,0.0,0.0,0.0,0.0,0.0,523.1325684288255,0.0,1000.0,0.0628806885573924,0.0,0.0,0.0,83.04293219554484,0.0,0.0,0.0,0.0,0.0,0.0,0.0,0.0,0.0,0.0,0.0,0.0,0.0,0.0,0.0,0.0,0.0,0.0628806885573924,0.0,0.0,0.0,0.0,0.0,0.0,0.0,0.0,87.72602776743527,-4.841813018919211,772.8519397762398,0.0,-772.8519397762398,-660.6610688152765,-4.71605164180443,0.0,-3.1440344278696197,0.0,0.0,0.0,0.0,0.0,0.0,0.0,0.0,0.0,0.0,0.0,59.28812131435154,468.75,0.0,0.0,-156.30465576313853,0.0,0.0,0.0,-0.0628806885573924,0.0,0.0,0.0628806885573924,0.0,0.0628806885573924,0.0,0.0,0.0,37.72841313443544,76.71444004001873,76.71444004001873,0.0,0.0,0.0,0.0,0.0,0.0,0.0,0.0,0.0,0.0,0.0,0.0,417.88628806927744,178.83163210511674,0.0,0.0,0.0,0.0,0.0,0.0,0.0,0.0,0.0,0.0,0.0,0.0,0.0,137.93717177005493,0.0,-501.45068366764554,501.45068366764554,0.09432103283608859,0.0,0.0,0.0,-42.51602503768279,0.0,0.0,0.0,0.0,0.0,-393.84997654199697,3.1440344278696197,0.0,0.0,0.0,-125.00000000000001,0.0,0.0,-3.1440344278696197,0.0,0.0,0.0,0.0,0.0,0.0,0.0,59.28812131435154,0.0,0.0,0.0,83.42386228852152,0.0,52.42386228852152,-6.713724677029879,0.0,0.0,772.8519397762398,-772.8519397762398,0.0,-461.4914509263896,0.0,3.1440344278696197,512.0037878905677,0.0,0.0,0.0,-30.83809238269305,0.0,0.0,1000.0,-1000.0,0.0,0.0,0.0,0.0,0.0,1000.0,-407.9981314674103,76.71444004001873,0.0,0.0,0.0,0.0,0.0,0.0,0.0,0.0,0.0,0.0,0.0,0.0,0.0,-83.04293219554484,-276.8640293724519,0.0,18.86420656721772,0.0,0.0,0.0,0.0,13.726582555322462,0.0,0.0,0.06916875741297042,0.0,0.0,0.0,38.35722002000936,0.0,0.0,0.0,0.0,5.804093893422028,0.0,0.0,0.0,0.0,0.0,0.0,0.0,0.0,-77.38270684093472,0.0,0.00628806885573924,0.00628806885573924,0.0,0.0,0.0,0.0,0.0,0.0,0.0,0.0,0.0,0.0,0.0,0.0,0.0,0.0,0.0,393.84997654199697,0.0,0.0,0.0,0.0,0.0,0.0,0.0,899.9627809286276,0.0,0.0,0.0,0.0,0.0,-869.3759183005398,503.62221100340594,0.0,0.0,0.0,37.728413134435414,0.0,0.0,0.0,0.0,0.0,-660.3870753692388,622.6586622348034,0.0,0.0,0.0,0.0,0.0,0.0,0.0,0.0,0.0,0.0,0.0,0.0,-1000.0,-198.64122596905668,639.791191836208,0.0,-42.51602503768279,0.0,660.4095460610467,0.0,0.0,0.0,0.0,0.0,0.0,0.0,0.0,0.0,0.0,0.0,0.0,0.0,0.0,0.0,0.0,0.0,-7.86008606967405,59.28812131435154,-4.71605164180443,1000.0,0.0,0.0,0.0,0.0,0.0,-0.786008606967405,0.0,30.83809238269305,0.0,0.0,0.0,0.0,0.0,0.0,0.0,1000.0,18.86420656721772,18.86420656721772,0.0,0.0,0.0,0.0,0.0,0.06916875741297042,393.84997654199697,0.0,0.0,-660.4095460610467,0.0,0.0,0.0,0.0,0.0,0.0,0.0,0.0,0.0,0.0,0.0,0.0,0.0,0.0,250.72534183382277,0.0,0.0,0.0,0.0,66.02472298526203,4.841813018919211,0.0,0.0,0.0,0.0,0.0,393.84997654199697,0.0,-2.024758171548455,0.0,0.0,0.0,-7.86008606967405,0.0,0.0,0.0,0.0,0.0,0.0,0.0,0.0,0.0,0.0,0.0,0.0,0.0,0.0,0.0,0.0,0.0,0.0,-0.0628806885573924,0.0,0.0,3.1440344278696197,-412.2846722961602,0.0,0.0,0.0,0.0,59.28812131435154,0.0,0.0,0.0,-591.3038928896028,1.5720172139348099,0.0,0.0,0.0,0.0628806885573924,0.0,62.88068855739239,-19.493013452791637,12.57613771147848,0.44914777540994566,175.43712107512474,-0.04716051641804429,182.51131755812932,1.257613771147848,-0.31440344278712473,-175.43712107512474,18.86420656721772,-0.0628806885573924,2.2379082256766263,67.42386228852152,0.0157201721393481,0.44914777540994566,-6.713724677029878,-10.010605618337285,-1.257613771147848,-292.25714251336126,-0.0628806885573924,0.0157201721393481,-175.43712107512474,6.2880688557392395,0.0628806885573924,0.0628806885573924,-393.7179270960266,0.06916875741313164,-46.18109389605289,-0.04716051641804429,18.86420656721772,0.0628806885573924,42.51602503768279,-7.7885258082311335,-0.0314403442786962,-76.7569477139212,-85.0,-0.04716051641804429,-0.0628806885573924,-19.493013452791637,0.0628806885573924,6.2880688557392395,-1.257613771147848,137.93717177005493,137.93717177005493,-6.2880688557392395,292.25714251336126,-137.93717177005493,12.576137711478479,0.09432103283608859,461.6195704920415,6.2880688557392395,-269.40048849391883,67.42386228852152,-12.576137711478479,0.0314403442786962,0.6288068855739241,146.75405553078085,96.0,-0.0628806885573924,-407.9981314674103,393.7179270960266,19.493013452791637,0.0628806885573924,10.010605618337285,-31.684782450814723,67.42386228852152,-0.0628806885573924,-0.0157201721393481,-67.42386228852152,-0.0628806885573924,-36.71193114426076,0.0628806885573924,-0.0157201721393481,-0.0157201721393481,-0.0157201721393481,25.152275422956958,7.7885258082311335,0.6288068855739241,46.58673013495894,-0.0157201721393481,291.2702028358851,3.1440344278696197,21.5,0.0628806885573924,0.0314403442786962,0.0314403442786962,40.0,19.493013452791637,0.0628806885573924,-19.493013452791637,0.6288068855739241,0.0628806885573924,-46.58673013495894,0.0628806885573924,0.25152275422979337,0.31440344278712473,0.0314403442786962,0.0157201721393481,18.86420656721772,-0.0628806885573924,46.18109389605289,0.628806885573924,-93.17346026991788,180.93930034419452,-6.2880688557392395,12.576137711478479,3.1440344278696197,-0.0628806885573924,6.713724677029878,0.09432103283608859,-0.0628806885573924,-80.0,19.493013452791637,124.92599922089056,0.0314403442786962,-43.0,-0.0628806885573924,-0.0628806885573924,-0.0628806885573924,0.0314403442786962,175.43712107512474,-12.576137711478479,0.0628806885573924,293.5081110615617,-0.0157201721393481,-0.06916875741313164,-293.5081110615617,9.432103283608859,85.0,-517.8041411966111,175.43712107512474,-0.04716051641804429,407.9981314674103,-96.0,0.0628806885573924,-0.0157201721393481,3.1440344278696197,62.88068855739239,-0.0314403442786962,-0.0628806885573924,0.0157201721393481,0.0,0.0,-461.65101083632015,0.0,-46.0,0.0,347.6730242100925,-31.0,0.0,-32.0,-93.0,-65.0,0.0,16.0,23.0,46.5,0.0,15.5,-393.84997654199697,-138.65258177621303,0.0,65.0,-138.65258177621303,-347.6730242100925,186.53486890258398,0.0,1496.5981,hclb
60,0.0,0.0,0.0,0.0,0.0,0.0,0.0,0.0,-0.04408466060820433,0.0,0.0,0.0,0.0,0.0,0.0,0.0,-571.1987387191574,344.9341215281468,0.0,435.9689526539631,0.0,0.0,0.0,36.02815106840006,0.0,0.0,0.0,0.0,0.0,178.15932184188952,0.0,0.0,453.6119819720965,0.0,0.0,0.0,0.0,999.8236613575667,0.0,-1000.0,-106.72962853980106,0.0,0.0,0.0,0.0,0.0,601.3833373390428,0.0,1000.0,-217.7302806958859,0.0,425.5920129333131,0.0,0.04849312666920014,0.0,0.0,0.0,8.816932121640866,0.0,0.0,-3.8823891108967237,0.0,-899.6036242925271,-903.4860134034238,0.0,0.0,0.0,0.0,0.0,0.0,0.0,0.4408466060820433,0.0,0.0,0.0,0.0,0.0,0.0,0.0,0.0,0.0,0.0,-726.9332499659462,0.0,26.450796364922603,0.0,0.0,-610.1792579903372,789.7597075400847,427.8718734929245,-0.011021165152051083,0.0,0.0,-345.7939363998059,13.225398182461301,0.0,13.225398182461301,0.0,78.85284009974134,0.0,0.0,363.5681519353841,178.15932184188952,0.0,0.0,0.0,15.246340008810993,0.0,0.0,0.0,0.0,0.0,0.0,0.0,0.0,0.0,0.0,0.0,0.0,0.0,0.0,0.0,0.0,0.0,-201.33347932343298,0.0,0.0,13.225398182461301,0.0,13.666244788543345,0.0,0.0,0.0,0.0,0.0,0.0,-306.4902697582827,91.22383822822542,-91.22383822822542,306.4902697582827,0.0,0.0,0.0,0.0,0.0,730.327768832778,0.04408466060820433,0.0,0.0,0.0,0.0,-99.39987604775115,0.0,0.0,304.882833194686,0.0,37.876839114549206,0.0,0.0,0.0,0.0,0.0,398.66074732156534,398.66074732156534,0.0,0.0,0.0,-625.0,0.0,0.0,0.0,398.7048319821735,0.0,0.0,0.0,356.7159669944223,0.0,0.0,0.0,0.0,0.0,0.0,0.0,0.0,0.0,0.0,-836.4129056429492,0.0,0.0,0.0,0.0,-1000.0,0.0,0.0,0.0,0.0,0.0,217.7302806958859,-425.5920129333131,-816.6743451057605,816.6743451057605,0.0,0.0,0.0,0.0,0.0,0.0,0.0,0.0,-865.1739786587262,0.0,0.0,0.0,0.0,0.0,0.0,0.0,0.0,0.0,0.0,0.0,0.0,0.0,0.0,58.787400282221896,-181.36857018941907,0.0,0.0,0.0,0.0,80.54744927857136,0.0,0.0,0.0,0.0,-3.8823891108967237,-181.36857018941907,0.0,0.0,0.0,0.0,0.0,0.0,0.0,0.0,666.8336735379694,0.0,0.0,0.0,-788.2855102650745,818.1485423807708,-852.4456160294108,0.0,181.36857018941907,0.0,0.0,0.0,0.0,0.0,0.0,0.0,104.42214130297907,0.0,0.0,0.0,0.0,0.0,0.0,0.0,0.0,-26.914637565675775,0.0,0.0,217.7302806958859,0.0,42.44875381831872,0.0,0.0,0.0,0.0,0.0,0.0,0.0,1000.0,0.0,0.0,0.0,-625.0,0.0,0.0,-3.8823891108967237,-0.06612699091230649,0.0,0.0,0.0,0.0,0.04408466060820433,0.0,0.0,0.0,239.39347900099793,-571.1987387191574,0.0,-160.9543230651609,-175.92759795812862,0.0,-93.50423035733975,0.0,-258.6166394994765,0.0,0.0,0.0,0.0,0.0,-3.795689278366568,0.0,262.4123287778431,478.6339308998009,-1000.0,0.0,0.0,0.0,0.0,0.0,0.0,0.0,0.0,0.0,0.0,0.0,0.0,0.0,0.0,0.0,0.0,0.0,0.0,0.0,-1000.0,304.882833194686,0.0,665.4141474663832,1000.0,0.0,0.0,-1000.0,0.0,500.90325687100164,0.0,0.0,361.3639189049739,0.0,0.0,-37.72201222584067,-1.1021165152051082,0.0,-793.1803108410829,0.0,-321.7723242867902,0.0,0.0,-645.1641802570565,1000.0,0.0,-2.2042330304102165,0.0,0.0,-28.65502939533282,0.0,0.0,13.225398182461301,0.0,0.0,0.0,0.0,0.0,0.0,0.0,0.0,0.0,0.0,-339.4031850931789,0.0,0.0,0.0,0.0,0.0,0.0,0.0,0.0,-7.764778221793449,0.0,0.0,0.0,0.0,0.0,0.0,0.0,-38.59153393917957,0.08816932121643811,0.0,0.0,0.0,0.0,0.0,0.0,0.0,0.0,0.0,0.0,0.0,0.0,0.0,0.0,0.0,0.0,0.0,0.0,0.0,0.04849312666920014,0.04849312666920014,0.0,80.01666239943997,0.0,26.450796364922603,0.0,0.0,0.0,-576.2090918798601,0.0,0.0,0.0,0.0,0.0,-160.29939722041274,576.2090918798601,0.0,0.0,0.0,0.0,0.0,0.0,0.0,0.0,0.0,0.0,0.0,0.0,0.0,67.11115977447766,-239.39347900099793,84.15353603894016,0.0,3.3945188668317314,0.0,0.0,-345.7939363998059,-426.34138567837726,0.0,-160.29939722041274,0.0,-198.8909311595923,0.0,0.0,0.0,0.0,0.0,0.0,0.0,0.0,0.0,0.0,0.0,0.0,0.0,0.0,0.0,0.0,0.0,26.450796364922603,0.0,0.0,0.0,0.0,0.0,0.0,0.0,0.0,0.0,0.0,0.0,0.0,0.4408466060820433,0.0,0.0,0.0,0.0,0.0,-425.5920129333131,0.0,0.0,13.225398182461301,0.0,0.0,0.0,0.0,0.0,0.0,0.0,0.0,0.0,0.0,40.52478645043689,0.0,0.0,13.2253981824613,13.2253981824613,1000.0,576.2090918798601,0.0,0.0,0.0,0.0,0.0,0.0,0.0,-523.6849595283427,0.0,-409.8257618778333,0.04408466060820433,0.0,0.0,58.220092141792136,0.0,423.586252971538,0.0,345.7939363998059,0.0,0.0,0.0,0.0,0.0,0.0,0.0,0.0,0.0,0.0,0.0,0.0,0.0,0.0,0.04408466060820433,0.0,0.0,0.0,-186.9755696865289,186.9755696865289,0.0,0.0,0.0,0.0,-334.58585253361684,500.90325687100164,0.0,0.0,-1000.0,-3.3063495456153253,0.0,-2.2042330304102187,0.0,0.0,0.0,0.0,0.0,0.0,0.0,0.0,0.0,0.0,0.0,0.0,0.0,0.0,0.0,-26.450796364922603,0.0,0.0,0.0,-0.04408466060820433,0.0,0.0,0.04408466060820433,0.0,0.04408466060820433,0.0,0.0,0.0,26.450796364922603,53.78328594200929,53.78328594200929,0.0,0.0,0.0,0.0,0.0,0.0,422.0504167712603,84.15353603894016,0.0,0.0,0.0,0.0,0.0,0.0,0.0,0.0,0.0,0.0,0.0,0.0,0.0,0.0,0.0,0.0,0.0,0.0,0.0,80.54744927857136,0.0,0.0,0.0,0.06612699091230649,0.0,0.0,0.0,-13.225398182461301,0.0,0.0,0.0,0.0,0.0,-80.01666239943997,2.2042330304102165,0.0,0.0,0.0,625.0,0.0,665.4141474663832,-2.2042330304102187,0.0,0.0,0.0,0.0,0.0,0.0,0.0,0.0,0.0,0.0,-40.02266282813444,80.01666239943997,0.0,140.3366039172993,423.586252971538,0.0,0.0,500.90325687100164,-500.90325687100164,304.882833194686,-53.78328594200929,0.0,2.2042330304102187,828.6605580801543,0.0,0.0,0.0,-7.764778221793449,0.0,0.0,0.0,0.0,0.0,-397.1614423707474,0.0,0.0,0.0,919.7359175880046,-89.935711036286,53.78328594200929,0.0,0.0,0.0,0.0,0.0,0.0,0.0,0.0,0.0,666.8336735379694,0.0,0.0,0.0,-58.220092141792136,84.52678776300459,0.0,13.225398182461301,0.0,0.0,0.0,0.0,-95.90562948110261,0.0,0.0,0.04849312666920014,0.0,0.0,0.0,26.89164297100464,0.0,0.0,0.0,0.0,58.787400282221896,0.0,15.246340008810993,0.0,0.0,0.0,0.0,0.0,0.0,0.0,0.0,0.004408466060820433,0.004408466060820433,0.0,0.0,0.0,0.0,0.0,0.0,0.0,0.0,0.0,58.220092141792136,0.0,0.0,0.0,0.0,0.0,80.01666239943997,0.0,0.0,0.0,0.0,0.0,0.0,0.0,217.7302806958859,0.0,0.0,0.0,0.0,867.979462282335,-1000.0,344.9341215281468,0.0,0.0,0.0,26.450796364922603,0.0,0.0,0.0,0.0,0.0,-26.450796364922603,0.0,0.0,0.0,0.0,0.0,0.0,0.0,0.0,0.0,0.0,0.0,0.0,0.0,409.8257618778333,133.1082932133477,30.19799251661998,0.0,-13.225398182461301,0.0,999.8236613575667,0.0,0.0,0.0,0.0,0.0,0.0,0.0,0.0,0.0,968.75,0.0,-968.75,-968.75,0.0,0.0,0.0,0.0,-5.510582576025544,0.0,-364.6702684505892,86.62936149067068,0.0,0.0,0.0,0.0,0.0,-0.5510582576025542,0.0,312.64761141647944,0.0,0.0,0.0,0.0,0.0,0.0,0.0,1000.0,13.2253981824613,13.2253981824613,0.0,0.0,0.0,0.0,0.0,0.04849312666920014,80.01666239943997,0.0,0.0,-999.8236613575667,0.0,0.0,0.0,0.0,0.0,0.0,0.0,0.0,0.0,0.0,0.0,0.0,0.0,0.0,0.0,0.0,0.0,0.0,0.0,46.28889363861455,425.44493563809203,0.0,0.0,0.0,0.0,0.0,80.01666239943997,0.0,0.0,0.0,0.0,0.0,-5.510582576025544,0.0,0.0,0.0,0.0,0.0,0.0,0.0,0.0,0.0,0.0,0.0,0.0,0.0,0.0,0.0,0.0,0.0,0.0,-0.04408466060820433,0.0,0.0,2.2042330304102165,160.29939722041274,0.0,0.0,0.0,0.0,0.0,0.0,0.0,0.0,3.795689278366568,1.1021165152051082,0.0,0.0,0.0,0.04408466060820433,0.0,44.08466060820433,-13.666244788543343,8.816932121640866,0.3148904329157452,122.9962030968901,-0.033063495456153245,682.8861924828972,0.8816932121640866,-0.22042330304145707,-122.9962030968901,13.2253981824613,-0.04408466060820433,0.0,0.0,0.011021165152051083,0.3148904329157452,0.0,-7.018277968828297,-0.8816932121640866,-209.70433546295249,-0.04408466060820433,0.011021165152051083,-122.9962030968901,4.408466060820433,0.04408466060820433,0.04408466060820433,-79.92408461216256,0.048493126669024764,-68.61726293973805,-0.033063495456153245,13.2253981824613,0.04408466060820434,13.225398182461301,-22.042330304102165,-0.022042330304102166,30.74042382518885,-85.0,-0.033063495456153245,-0.04408466060820433,-13.666244788543343,0.04408466060820433,4.408466060820433,-0.8816932121640866,80.54744927857136,80.54744927857136,-4.408466060820433,209.70433546295249,-80.54744927857136,8.816932121640866,0.06612699091230649,-1000.0,4.408466060820433,-67.11115977447766,0.0,-8.816932121640866,0.022042330304102166,0.4408466060820433,40.23858076629023,88.83359452108083,-0.04408466060820433,-89.935711036286,79.92408461216256,13.666244788543345,0.04408466060820433,7.018277968828297,-52.90159272984522,0.0,-0.04408466060820433,-0.011021165152051083,0.0,-0.04408466060820433,-53.83787394799056,0.04408466060820433,-0.011021165152051083,-0.011021165152051083,-0.011021165152051083,17.63386424328173,22.042330304102165,0.4408466060820433,355.10748195207066,-0.011021165152051083,80.47716153258045,2.2042330304102165,21.5,0.04408466060820433,0.022042330304102166,0.022042330304102166,4.408466060820433,13.666244788543343,0.04408466060820433,-13.666244788543343,0.4408466060820433,0.04408466060820433,-1000.0,0.04408466060820433,0.17633864243327935,0.22042330304145707,0.022042330304102166,0.011021165152051083,13.2253981824613,-0.04408466060820433,68.61726293973805,0.4408466060820433,-710.2149639041413,681.784075967692,-4.408466060820433,8.816932121640866,2.2042330304102165,-0.04408466060820433,0.0,0.06612699091230649,-0.04408466060820433,-8.816932121640866,13.666244788543343,333.4690019819561,0.022042330304102166,-43.0,-0.04408466060820434,-0.04408466060820433,-0.04408466060820433,0.022042330304102166,122.9962030968901,-8.816932121640866,0.04408466060820433,80.47716153258045,-0.011021165152051083,-0.048493126669024764,-80.47716153258045,6.61269909123065,85.0,858.7186345109731,122.9962030968901,-0.033063495456153245,89.935711036286,-88.83359452108083,0.04408466060820433,-0.011021165152051086,2.2042330304102187,44.08466060820433,-0.022042330304102166,-0.04408466060820433,0.011021165152051083,0.0,0.0,599.0207217424471,644.8925180479293,-46.0,0.0,256.74506193652695,-31.0,0.0,-32.0,-93.0,-65.0,-400.95723592724875,16.0,23.0,46.5,0.0,15.5,-80.01666239943997,-237.56337250085355,400.95723592724875,65.0,-237.56337250085355,-256.74506193652695,152.61909430277586,0.0,1496.5981,hclb
61,0.0,0.0,0.0,0.0,0.0,0.0,0.0,0.0,-0.07732743501322413,0.0,0.0,0.0,0.0,0.0,0.0,0.0,-948.1208123883792,0.0,0.0,635.8332065260211,0.0,0.0,0.0,79.46219125982346,0.0,0.0,0.0,0.0,0.0,-18.157976017113775,0.0,0.0,7.771623624579014,0.0,0.0,0.0,0.0,620.6623615403745,0.0,-1000.0,1000.0,0.0,-800.9535439369472,-627.8972615215429,0.0,0.0,0.0,0.0,793.2225059900887,-513.5685722246656,0.0,0.0,0.0,0.08506017851497916,0.0,0.0,0.0,15.465487002644826,0.0,0.0,-6.809969443498289,0.0,846.8473638201842,840.0373943766859,443.6856374031989,0.0,0.0,0.0,0.0,271.434915430413,0.0,0.7732743501322414,0.0,0.0,0.0,0.0,0.0,0.0,0.0,517.4535648305618,0.0,0.0,0.0,0.0,46.39646100793448,0.0,0.0,-875.7826746955518,1000.0,718.3933752314841,770.408218578415,0.0,0.0,410.8774905485508,23.19823050396724,0.0,23.19823050396724,0.0,0.0,0.0,0.0,3.8663717506612065,-21.768359638885748,0.0,0.0,-21.519440061628302,0.0,476.77078526555437,0.0,0.0,0.0,0.0,0.0,0.0,0.0,0.0,0.0,0.0,0.0,0.0,0.0,0.0,0.0,0.0,-529.0261402899038,0.0,0.0,23.19823050396724,0.0,23.97150485409948,9.348360096358784,0.0,16.44391434209625,-16.44391434209625,0.0,0.0,-1000.0,0.0,0.0,1000.0,0.0,0.0,0.0,0.0,0.0,5.954212496018272,0.07732743501322413,770.4275504371683,0.0,0.0,-156.11215200183986,0.0,0.0,0.0,0.0,0.0,502.10887517557813,0.0,0.0,0.0,0.0,0.0,548.3889011662635,548.3889011662635,0.0,0.0,0.0,0.0,159.22626592397285,0.0,0.0,548.4662286012767,0.0,0.0,0.0,0.0,0.0,0.0,0.0,0.0,0.0,0.0,0.0,0.0,0.0,0.0,-634.2049729923579,0.0,0.0,0.0,0.0,-69.4640434198462,0.0,0.0,0.0,0.0,0.0,513.5685722246656,800.9535439369472,-718.3933752314841,718.3933752314841,0.0,0.0,0.0,0.0,0.0,0.0,0.0,3.610383621771973,-804.0192643774581,0.0,0.0,0.0,0.0,0.0,0.0,0.0,0.0,0.0,0.0,0.0,0.0,0.0,305.889895918942,144.0431260071295,-627.8972615215429,0.0,0.0,0.0,0.0,77.18992906366435,0.0,0.0,0.0,0.0,-6.809969443498289,0.0,0.0,0.0,498.1809751057774,0.0,0.0,0.0,0.0,0.0,2.489943407427063,0.0,0.0,0.0,-229.84342830941495,687.596402985122,0.0,0.0,627.8972615215429,0.0,0.0,0.0,375.336631675995,0.0,0.0,0.0,247.1857776426975,0.0,0.0,0.0,0.0,1000.0,-1000.0,1000.0,0.0,281.60662476851587,0.0,0.0,513.5685722246656,0.0,157.25033481594855,0.0,0.0,0.0,0.0,0.0,0.0,0.0,779.9344009019785,0.0,0.0,-1000.0,0.0,0.0,0.0,-6.809969443498289,-0.11599115251983619,0.0,0.0,0.0,0.0,0.07732743501322413,0.0,0.0,0.0,-33.41405955521245,-948.1208123883792,0.0,-982.3090246714586,321.15780362052044,0.0,958.6637175066121,0.0,-199.9229211129466,0.0,-21.519440061628302,0.0,0.0,0.0,-6.657892154639029,310.70220451289185,-104.12139124530628,-1000.0,-1000.0,0.0,0.0,0.0,0.0,0.0,0.0,0.0,0.0,0.0,0.0,0.0,0.0,0.0,0.0,0.0,0.0,498.1809751057774,-379.02832871957264,0.0,-1000.0,0.0,0.0,0.0,0.0,0.0,0.0,-8.444155903445335,0.0,0.0,0.0,0.0,0.0,-310.70220451289185,0.0,-311.9036532274824,0.0,0.0,0.0,0.0,0.0,0.0,0.0,308.0372814768212,0.0,-1.9331858753306033,-3.8663717506612065,-527.0201901444186,0.0,224.7824662935893,0.0,0.0,23.19823050396724,0.0,0.0,0.0,0.0,0.0,0.0,0.0,-305.889895918942,305.889895918942,305.889895918942,99.05395305898348,0.0,0.0,-231.62282717072821,0.0,0.0,3.610383621771973,0.0,0.0,-13.619938886996579,0.0,0.0,64.53451299735518,0.0,0.0,0.0,0.0,-35.26725649867759,0.15465487002666123,0.0,0.0,0.0,0.0,0.0,0.0,0.0,0.0,0.0,271.434915430413,0.0,0.0,0.0,0.0,0.0,0.0,0.0,0.0,0.0,0.08506017851497916,0.08506017851497916,0.0,386.4244089162972,0.0,46.39646100793448,0.0,12.778182365960609,0.0,1000.0,0.0,0.0,0.0,0.0,0.0,613.5771336774867,-1000.0,0.0,0.0,0.0,0.0,0.0,64.53451299735518,0.0,0.0,0.0,0.0,0.0,0.0,0.0,176.34204676330125,33.41405955521245,156.11215200183986,0.0,5.954212496018272,0.0,-564.1950030723089,975.0724936208596,897.8825645571953,0.0,613.5771336774867,0.0,0.0,578.3098771788091,0.0,0.0,305.889895918942,0.0,0.0,0.0,0.0,0.0,0.0,0.0,0.0,0.0,0.0,0.0,0.0,0.0,46.39646100793448,0.0,0.0,0.0,0.0,0.0,0.0,0.0,0.0,0.0,0.0,0.0,0.0,0.7732743501322414,0.0,0.0,0.0,0.0,0.0,800.9535439369472,0.0,0.0,23.19823050396724,0.0,0.0,0.0,0.0,0.0,0.0,0.0,0.0,0.0,0.0,-14.08456395838697,-561.1741214994192,0.0,23.19823050396724,23.19823050396724,1000.0,-1000.0,0.0,64.53451299735518,0.0,0.0,0.0,0.0,0.0,21.768359638885748,3.610383621771973,285.5073635367471,0.07732743501322413,0.0,0.0,0.0,64.72848432595778,0.0,0.0,-410.8774905485508,0.0,0.0,0.0,0.0,0.0,0.0,0.0,0.0,0.0,0.0,0.0,0.0,0.0,0.0,0.07732743501322413,0.0,0.0,0.0,0.0,0.0,0.0,0.0,0.0,0.0,0.0,25.57676821144844,0.0,0.0,-654.9925953953211,-5.79955762599181,-3.8663717506612065,0.0,0.0,-624.9999999999999,-624.9999999999999,624.9999999999999,0.0,0.0,0.0,0.0,0.0,0.0,0.0,0.0,0.0,0.0,0.0,228.6488380442505,0.0,0.0,0.0,-0.07732743501322413,0.0,0.0,0.07732743501322413,0.0,0.07732743501322413,0.0,0.0,0.0,46.39646100793448,94.33947071613343,94.33947071613343,0.0,0.0,0.0,0.0,0.0,0.0,0.0,156.11215200183986,0.0,3.610383621771973,0.0,0.0,0.0,0.0,0.0,0.0,0.0,0.0,0.0,0.0,0.0,0.0,0.0,0.0,0.0,0.0,0.0,77.18992906366435,0.0,0.0,0.0,0.11599115251983619,0.0,0.0,0.0,-23.19823050396724,0.0,0.0,0.0,0.0,0.0,-386.4244089162972,3.8663717506612065,0.0,0.0,0.0,0.0,-159.22626592397285,268.0439430350532,0.0,0.0,0.0,0.0,0.0,0.0,0.0,0.0,0.0,0.0,0.0,0.0,80.53451299735518,0.0,205.64666499919502,-21.519440061628302,34.02092411489383,259.59978713160785,0.0,-293.6207112465017,0.0,280.9971609598616,12.778182365960609,3.8663717506612065,1000.0,0.0,0.0,0.0,-13.619938886996579,-637.9988727151479,637.9988727151479,-375.0000000000142,375.0000000000142,0.0,0.0,0.0,0.0,0.0,1000.0,-377.3941422596256,94.33947071613343,0.0,0.0,0.0,0.0,0.0,0.0,0.0,0.0,0.0,2.489943407427063,0.0,0.0,26.428939534646815,-336.1633997563708,0.0,-800.9535439369472,23.19823050396724,0.0,0.0,0.0,0.0,285.034626793908,0.0,0.0,0.08506017851497916,0.0,0.0,0.0,47.16973535806672,0.0,0.0,0.0,0.0,144.0431260071295,0.0,0.0,0.0,0.0,0.0,0.0,0.0,0.0,571.4701871820192,0.0,0.007732743501322581,0.007732743501322581,0.0,0.0,0.0,0.0,0.0,0.0,0.0,0.0,0.0,0.0,0.0,0.0,0.0,0.0,0.0,386.4244089162972,0.0,0.0,0.0,0.0,0.0,0.0,0.0,513.5685722246656,0.0,0.0,0.0,0.0,-207.6299302782573,541.3975619545556,0.0,0.0,0.0,0.0,46.39646100793448,0.0,0.0,0.0,0.0,0.0,0.0,-46.39646100793448,0.0,0.0,0.0,0.0,0.0,0.0,0.0,0.0,0.0,0.0,0.0,0.0,-464.45080952741034,-1000.0,52.96929298405853,-156.63800531117084,133.4397748072036,0.0,620.6623615403745,0.0,0.0,0.0,0.0,0.0,0.0,0.0,0.0,0.0,0.0,0.0,0.0,0.0,0.0,0.0,0.0,12.778182365960609,-9.665929376653017,0.0,-5.79955762599181,371.594584633634,0.0,0.0,0.0,0.0,0.0,0.0,-0.9665929376653016,13.619938886996579,0.0,0.0,0.0,0.0,0.0,0.0,0.0,821.0565540093368,23.19823050396724,23.19823050396724,0.0,0.0,0.0,0.0,517.4535648305618,0.08506017851497916,386.4244089162972,0.0,0.0,-620.6623615403745,0.0,0.0,0.0,0.0,0.0,0.0,0.0,0.0,0.0,0.0,0.0,0.0,0.0,0.0,0.0,0.0,0.0,9.348360096358784,0.0,81.19380676388533,5.954212496018272,0.0,0.0,0.0,0.0,0.0,386.4244089162972,0.0,-271.9103147857144,0.0,0.0,0.0,-9.665929376653017,0.0,0.0,0.0,0.0,0.0,0.0,0.0,0.0,0.0,0.0,0.0,0.0,0.0,0.0,0.0,0.0,0.0,0.0,-0.07732743501322413,0.0,0.0,3.8663717506612065,-613.5771336774867,0.0,0.0,0.0,0.0,0.0,0.0,0.0,0.0,6.657892154639029,1.9331858753306033,0.0,0.0,0.0,0.07732743501322413,0.0,77.32743501322413,-14.623144757740695,15.465487002644828,0.5523388215230295,234.4402638796129,-0.057995576259918094,3.8663717506612443,1.5465487002644827,-0.38663717506597817,-234.4402638796129,23.198230503967242,-0.07732743501322413,7.173146687209434,64.53451299735518,0.019331858753306033,0.5523388215230295,-21.519440061628302,-12.310527654106522,-1.5465487002644827,312.2876058623582,-0.07732743501322413,0.019331858753306033,-234.4402638796129,7.732743501322413,0.07732743501322413,0.07732743501322413,-386.26202130276897,0.08506017851454671,0.0,-0.057995576259918094,23.19823050396724,0.07732743501322413,23.19823050396724,-38.663717506612066,-0.038663717506612065,-459.06999505232153,-85.0,-0.057995576259918094,-0.07732743501322413,-14.623144757740695,0.07732743501322413,7.732743501322413,-1.5465487002644827,77.18992906366435,77.18992906366435,-7.732743501322413,-312.2876058623582,-77.18992906366435,15.465487002644826,0.11599115251983619,-723.2948809988591,7.732743501322413,-176.34204676330125,64.53451299735518,-15.465487002644826,0.038663717506612065,0.7732743501322414,245.57725616786465,96.0,-0.07732743501322413,-403.8230817942724,386.26202130276897,23.97150485409948,0.07732743501322413,12.310527654106522,-28.258409018513884,64.53451299735518,-0.07732743501322413,-0.019331858753306033,-64.53451299735518,-0.07732743501322413,-35.26725649867759,0.07732743501322413,-0.019331858753306033,-0.019331858753306033,-0.019331858753306033,30.930974005289652,38.663717506612066,0.7732743501322414,57.28996341542387,-0.019331858753306033,483.98136564851984,3.8663717506612065,21.5,0.07732743501322413,0.038663717506612065,0.038663717506612065,40.0,14.623144757740695,0.07732743501322413,-14.623144757740695,0.7732743501322414,0.07732743501322413,-57.28996341542387,0.07732743501322413,0.3093097400528677,0.38663717506597817,0.038663717506612065,0.019331858753306033,23.19823050396724,-0.07732743501322413,0.0,0.7732743501322413,-114.57992683084774,1.9331858753305653,-7.732743501322413,15.465487002644826,3.8663717506612065,-0.07732743501322413,21.519440061628302,0.11599115251983619,-0.07732743501322413,-80.0,14.623144757740695,-83.23040531125301,0.038663717506612065,-43.0,-0.07732743501322413,-0.07732743501322413,-0.07732743501322413,0.038663717506612065,234.4402638796129,-15.465487002644826,0.07732743501322413,491.1545123357293,-0.019331858753306033,-0.08506017851454671,-491.1545123357293,11.599115251983617,85.0,475.12077259086095,234.4402638796129,-0.057995576259918094,403.8230817942724,-96.0,0.07732743501322413,-0.01933185875330603,3.8663717506612065,77.32743501322413,-0.038663717506612065,-0.07732743501322413,0.019331858753306033,0.0,0.0,-276.74378271864754,0.0,-46.0,0.0,-108.0,-31.0,0.0,-32.0,-93.0,-65.0,-1000.0,16.0,23.0,46.5,0.0,15.5,-386.4244089162972,-201.80422148265498,1000.0,65.0,-201.80422148265498,108.0,-43.737167241404265,0.0,1496.5981,hclb
62,0.0,0.0,0.0,0.0,0.0,0.0,0.0,0.0,592.922630774802,0.0,0.0,0.0,0.0,0.0,0.0,0.0,500.9560413934843,-523.9976304191132,0.0,0.0,0.0,0.0,0.0,18.525852819432735,0.0,0.0,0.0,0.0,0.0,-1000.0,0.0,0.0,511.9389846140398,0.0,0.0,0.0,0.0,-60.41469004826277,0.0,-579.9517885359489,795.3249214000356,0.0,0.0,1000.0,0.0,0.0,0.0,0.0,126.9412201280432,0.0,0.0,0.0,0.0,0.0594110547137796,0.0,0.0,0.0,10.802009947985104,0.0,0.0,46.19924495671643,0.0,0.0,-106.66794505471913,594.6697129071252,0.0,0.0,0.0,0.0,0.0,0.0,0.5401004973992553,0.0,0.0,0.0,0.0,0.0,0.0,0.0,0.0,0.0,0.0,-114.30543790307873,0.0,32.40602984395532,0.0,0.0,0.0,277.54208844002005,0.0,932.491674245882,0.0,0.0,-238.0084844644806,16.20301492197766,0.0,16.20301492197766,0.0,0.0,0.0,0.0,2.700502486996276,-1000.0,0.0,0.0,-9.56295317653553,0.0,0.0,0.0,0.0,0.0,0.0,0.0,0.0,0.0,0.0,0.0,0.0,0.0,0.0,0.0,0.0,0.0,0.0,-671.2991258399045,0.0,0.0,16.20301492197766,0.0,16.743115419376906,0.0,0.0,920.4198563486384,-356.4647126971662,-563.9551436514722,563.9551436514722,-1000.0,0.0,0.0,847.1328099885644,0.0,0.0,0.0,0.0,0.0,118.46421173305299,0.054010049739925514,932.505176758317,0.0,0.0,0.0,0.0,0.0,0.0,0.0,0.0,85.69937656868704,0.0,0.0,0.0,0.0,0.0,673.9300595824734,673.9300595824734,0.0,0.0,0.0,625.0,0.0,0.0,0.0,673.9840696322133,0.0,0.0,0.0,-329.9364276430231,0.0,0.0,0.0,0.0,0.0,0.0,0.0,0.0,0.0,0.0,0.0,0.0,0.0,0.0,0.0,-190.52367541523944,0.0,0.0,0.0,0.0,0.0,0.0,0.0,365.2371743486516,-365.2371743486516,152.86719001143558,0.0,0.0,0.0,0.0,0.0,0.0,0.0,-952.5532661654757,0.0,0.0,0.0,0.0,0.0,0.0,0.0,0.0,0.0,0.0,0.0,0.0,0.0,36.69791104070548,-21.395980104029793,372.1027384784725,0.0,0.0,0.0,0.0,79.54498497626751,0.0,0.0,0.0,0.0,46.19924495671643,-627.8972615215275,0.0,0.0,0.0,0.0,0.0,0.0,0.0,0.0,1.7391236016239873,0.0,0.0,0.0,87.69508590863154,0.0,492.1783944766948,0.0,-372.1027384784725,0.0,0.0,152.86719001143558,65.89226068270912,0.0,0.0,0.0,-56.39904285010027,0.0,0.0,-1000.0,0.0,0.0,-999.9999999999997,0.0,0.0,642.7792627886716,0.0,-285.7016761985048,0.0,0.0,-81.72413621331083,0.0,0.0,0.0,-156.53192615625048,0.0,156.53192615625048,0.0,1000.0,0.0,0.0,0.0,625.0,0.0,0.0,46.19924495671643,-0.08101507460988827,0.0,0.0,0.0,0.0,0.054010049739925514,0.0,0.0,0.0,-59.83063809606521,500.9560413934843,0.0,-272.31518304187296,-324.5926466069873,0.0,742.3299462699983,0.0,877.0494550097956,0.0,-9.56295317653553,0.0,0.0,0.0,-4.650265282607448,-1000.0,127.60081027281188,-804.438650531013,-1000.0,0.0,0.0,0.0,0.0,0.0,0.0,0.0,0.0,0.0,0.0,0.0,0.0,0.0,0.0,0.0,0.0,0.0,-717.0310114209611,0.0,-656.8323615716577,0.0,0.0,0.0,0.0,97.48248516432986,0.0,-120.20333533467698,0.0,114.30543790307873,0.0,0.0,0.0,0.0,624.9999999999972,-320.440916370555,-1.350251243498138,1000.0,0.0,0.0,0.0,-200.3253422476216,-624.9999999999972,-65.32076762178804,36.56268494960054,0.0,-2.700502486996276,0.0,0.0,-340.84091235382266,0.0,0.0,16.20301492197766,0.0,0.0,0.0,0.0,0.0,592.9766408245418,0.0,-36.69791104070548,36.69791104070548,36.69791104070548,-399.9346166612771,0.0,0.0,-326.1239504672665,0.0,0.0,0.0,0.0,0.0,-60.46870009800269,0.0,0.0,69.1979900520149,0.0,0.0,0.0,0.0,-37.59899502600745,0.10802009947979116,0.0,0.0,0.0,0.0,0.0,0.0,0.0,24.069636580486968,0.0,0.0,0.0,0.0,0.0,0.0,0.0,0.0,0.0,0.0,0.0,0.0594110547137796,0.0594110547137796,0.0,121.89590109272038,0.0,32.40602984395532,0.0,0.0,0.0,1000.0,0.0,0.0,0.0,0.0,0.0,-137.59461223949984,-1000.0,0.0,0.0,0.0,0.0,0.0,69.1979900520149,0.0,0.0,0.0,0.0,0.0,0.0,0.0,223.76637527996817,59.83063809606521,0.0,383.0611815053467,4.158773829974265,0.0,-238.0084844644806,0.0,-232.412174987703,0.0,-137.59461223949984,0.0,0.0,-175.1936072655073,872.2886164247302,-872.2886164247302,36.69791104070548,0.0,0.0,0.0,0.0,0.0,0.0,0.0,0.0,0.0,0.0,0.0,0.0,0.0,32.40602984395532,152.86719001143558,152.86719001143558,0.0,0.0,0.0,0.0,0.0,0.0,0.0,0.0,0.0,0.0,0.5401004973992553,0.0,0.0,0.0,0.0,0.0,0.0,0.0,0.0,16.20301492197766,0.0,0.0,0.0,0.0,383.0611815053467,0.0,0.0,0.0,0.0,0.0,89.92713857561426,0.0,0.0,16.20301492197766,16.20301492197766,1000.0,-1000.0,0.0,69.1979900520149,0.0,0.0,0.0,0.0,0.0,804.438650531013,0.0,861.5128190028623,0.054010049739925514,0.0,0.0,0.0,71.32798640296303,491.69555988982756,24.069636580486968,238.0084844644806,0.0,0.0,0.0,0.0,0.0,0.0,0.0,0.0,0.0,0.0,0.0,0.0,0.0,0.0,0.054010049739925514,0.0,0.0,0.0,0.0,0.0,0.0,0.0,0.0,0.0,0.0,0.0,0.0,0.0,54.300752417705226,-4.050753730494414,-2.700502486996278,0.0,0.0,0.0,0.0,0.0,0.0,0.0,0.0,0.0,0.0,0.0,0.0,152.86719001143558,0.0,0.0,0.0,-338.14040986682653,0.0,0.0,0.0,592.922630774802,0.0,0.0,0.054010049739925514,0.0,0.054010049739925514,0.0,0.0,0.0,32.40602984395532,65.89226068270912,65.89226068270912,0.0,0.0,0.0,0.0,0.0,0.0,114.30543790307873,0.0,0.0,0.0,0.0,0.0,0.0,0.0,0.0,0.0,0.0,0.0,0.0,0.0,0.0,0.0,0.0,0.0,0.0,0.0,0.0,232.412174987703,0.0,0.0,0.0,0.08101507460988827,0.0,0.0,0.0,-16.20301492197766,0.0,0.0,0.0,0.0,0.0,-121.89590109272038,2.700502486996276,0.0,0.0,0.0,-625.0,0.0,0.0,0.0,0.0,0.0,0.0,0.0,0.0,0.0,0.0,152.86719001143558,0.0,0.0,1000.0,85.1979900520149,0.0,54.197990052014895,482.13260671329203,5.897897431598253,-120.20333533467698,114.30543790307873,0.0,0.0,0.0,0.0,2.700502486996278,1000.0,0.0,0.0,0.0,-60.46870009800269,562.5000000000214,-562.5000000000214,-874.9999999997372,874.9999999997372,0.0,0.0,0.0,0.0,0.0,-4.050753730494428,-4.050753730494371,65.89226068270912,0.0,451.2924415466717,451.2924415466717,-451.2924415466717,0.0,0.0,0.0,0.0,0.0,1.7391236016239873,0.0,0.0,129.99740855370922,-71.32798640296303,-48.246735568469035,0.0,16.20301492197766,0.0,0.0,0.0,0.0,-22.967848497649484,0.0,0.0,0.0594110547137796,0.0,0.0,0.0,32.94613034135456,0.0,0.0,0.0,0.0,-21.395980104029793,0.0,0.0,0.0,0.0,0.0,0.0,0.0,0.0,0.0,0.0,0.005401004973992706,0.005401004973992706,0.0,0.0,0.0,0.0,0.0,0.0,0.0,0.0,0.0,0.0,0.0,0.0,0.0,0.0,0.0,121.89590109272038,0.0,0.0,0.0,0.0,0.0,0.0,0.0,0.0,0.0,0.0,0.0,0.0,0.0,843.1516267165072,-523.9976304191132,0.0,0.0,0.0,32.40602984395532,0.0,0.0,0.0,0.0,0.0,0.0,-32.40602984395532,0.0,0.0,0.0,0.0,0.0,0.0,0.0,0.0,0.0,0.0,0.0,0.0,-861.5128190028623,-1000.0,36.99688407184898,680.7081662287828,-696.9111811507605,0.0,-60.41469004826277,0.0,0.0,0.0,0.0,0.0,0.0,0.0,0.0,0.0,0.0,0.0,0.0,0.0,0.0,0.0,0.0,0.0,-6.751256217490692,152.86719001143558,-4.050753730494414,0.0,0.0,0.0,0.0,0.0,0.0,-0.6751256217490691,0.0,60.46870009800269,0.0,0.0,0.0,0.0,0.0,0.0,0.0,1000.0,16.20301492197766,16.20301492197766,0.0,0.0,0.0,0.0,0.0,0.0594110547137796,121.89590109272038,0.0,0.0,60.41469004826277,0.0,0.0,0.0,0.0,0.0,0.0,0.0,0.0,0.0,0.0,0.0,0.0,0.0,0.0,0.0,0.0,0.0,0.0,0.0,56.710552226921806,118.46421173305299,0.0,0.0,0.0,0.0,0.0,121.89590109272038,0.0,-2.700502486996278,0.0,0.0,0.0,-6.751256217490692,0.0,0.0,0.0,0.0,0.0,0.0,0.0,0.0,0.0,0.0,0.0,0.0,0.0,0.0,0.0,0.0,0.0,0.0,-0.054010049739925514,0.0,0.0,2.700502486996276,137.59461223949984,0.0,0.0,0.0,0.0,152.86719001143558,0.0,0.0,0.0,4.650265282607448,1.350251243498138,0.0,0.0,0.0,0.054010049739925514,0.0,54.01004973992551,-16.743115419376906,10.802009947985105,0.38578606957089656,150.68803877439217,-0.040507537304944136,2.7005024869962924,1.0802009947985105,-0.2700502486992168,-150.68803877439217,16.20301492197766,-0.05401004973992552,3.1876510588451765,69.1979900520149,0.01350251243498138,0.38578606957089656,-9.56295317653553,-8.598399918594538,-1.0802009947985312,23.041589025628866,-0.05401004973992552,0.01350251243498138,-150.68803877439217,5.401004973992552,0.05401004973992552,0.054010049739925514,-121.78247998826667,0.05941105471391823,-38.716513397148645,-0.040507537304944136,16.20301492197766,0.05401004973992552,16.20301492197766,-27.00502486996276,-0.02700502486996276,-27.85695681846734,-85.0,-0.040507537304944136,-0.05401004973992552,-16.743115419376906,0.054010049739925514,5.401004973992552,-1.0802009947985105,232.412174987703,232.412174987703,-5.401004973992552,-23.041589025628866,-232.412174987703,10.802009947985104,0.08101507460988827,-1000.0,5.401004973992552,-223.76637527996817,69.1979900520149,-10.802009947985104,0.02700502486996276,0.5401004973992553,68.07879576046824,96.0,-0.054010049739925514,-134.04816228420358,121.78247998826667,16.743115419376906,0.05401004973992552,8.598399918594538,4.385930364104202,69.1979900520149,-0.054010049739925514,-0.01350251243498138,-69.1979900520149,-0.05401004973992552,-37.59899502600745,0.05401004973958446,-0.01350251243498138,-0.01350251243498138,-0.01350251243498138,21.604019895970207,27.00502486996276,0.5401004973992553,246.60466580618666,-0.01350251243498138,132.9699404620913,2.700502486996276,21.5,0.054010049739925514,0.02700502486996276,0.02700502486996276,40.0,16.743115419376906,0.054010049739925514,-16.743115419376906,0.5401004973992553,0.05401004973992552,-659.7846062164296,0.05401004973992552,0.21604019895926285,0.2700502486992168,0.02700502486996276,0.01350251243498138,16.20301492197766,-0.05401004973992552,38.716513397148645,0.5401004973992656,-493.2093316123733,1.3502512434981213,-5.401004973992552,10.802009947985104,2.700502486996276,-0.05401004973992552,9.56295317653553,0.08101507460988827,-0.05401004973992552,-80.0,16.743115419376906,160.81111791764204,0.02700502486996276,-43.0,-0.05401004973992552,-0.05401004973958446,-0.05401004973992552,0.02700502486996276,150.68803877439217,-10.802009947985104,0.054010049739925514,136.15759152093648,-0.01350251243498138,-0.05941105471391823,-136.15759152093648,8.101507460988827,85.0,778.6637958602015,150.68803877439217,-0.040507537304944136,134.04816228420358,-96.0,0.05401004973992552,-0.013502512434981382,2.700502486996278,54.01004973992551,-0.02700502486996276,-0.05401004973992552,0.01350251243498138,0.0,0.0,357.1937321864584,413.1799404102429,-46.0,0.0,188.57651202167503,-31.0,0.0,-32.0,-93.0,-65.0,-642.7792627886716,16.0,23.0,46.5,0.0,15.5,-121.89590109272038,-137.84326941999254,642.7792627886716,65.0,-137.84326941999254,-188.57651202167503,89.39478834178914,0.0,1496.5981,hclb
63,0.0,0.0,0.0,0.0,0.0,0.0,0.0,0.0,-0.05884447239595421,0.0,0.0,0.0,0.0,0.0,0.0,0.0,473.6194552411314,178.52621270685773,0.0,-174.92748659029954,0.0,0.0,0.0,476.89953547651504,0.0,99.06454923106476,0.0,0.0,0.0,346.71669412715386,0.0,0.0,11.372152971788207,0.0,0.0,0.0,0.0,999.7646221104166,0.0,-1000.0,1000.0,0.0,0.0,-820.3361493682853,0.0,0.0,0.0,0.0,0.0,0.0,0.0,0.0,0.0,0.0647289196355242,0.0,0.0,0.0,11.768894479190841,0.0,0.0,-5.182236535669964,0.0,0.0,-5.182236535669964,208.64230024056624,0.0,0.0,0.0,0.0,0.0,0.0,0.5884447239595421,0.0,0.0,0.0,0.0,0.0,0.0,0.0,0.0,0.0,0.0,0.0,0.0,35.306683437572524,0.0,0.0,1000.0,1000.0,-835.9287875234386,-0.014711118098988552,0.0,0.0,-661.7790300155654,17.653341718786262,0.0,17.653341718786262,-79.3386709399199,0.0,0.0,0.0,2.9422236197977103,-437.27546607002415,0.0,0.0,-18.32738418826123,0.0,0.0,0.0,0.0,0.0,0.0,0.0,0.0,0.0,0.0,0.0,0.0,0.0,0.0,0.0,0.0,0.0,0.0,-459.66551320004623,0.0,0.0,17.653341718786262,0.0,18.241786442745802,0.0,0.0,0.0,0.0,0.0,0.0,0.0,0.0,0.0,0.0,0.0,0.0,0.0,0.0,0.0,4.531024374488492,0.05884447239595421,0.0,0.0,0.0,71.5270961868689,-122.7481785925779,0.0,0.0,0.0,0.0,222.26180314683282,0.0,0.0,0.0,0.0,0.0,999.941155527604,999.941155527604,0.0,0.0,0.0,-354.16666666666663,-547.7158726707419,0.0,0.0,1000.0,0.0,0.0,0.0,591.8215854886308,0.0,0.0,0.0,0.0,0.0,0.0,0.0,0.0,0.0,0.0,-930.7315797694406,0.0,0.0,0.0,0.0,-359.9114648242281,0.0,0.0,0.0,0.0,0.0,0.0,0.0,0.0,0.0,0.0,0.0,0.0,0.0,0.0,0.0,0.0,783.992160197178,-902.9033711229762,0.0,0.0,0.0,0.0,0.0,0.0,0.0,0.0,0.0,0.0,0.0,0.0,0.0,248.1946947295652,31.75887136409068,-820.3361493682853,0.0,0.0,0.0,0.0,38.006606277949956,0.0,0.0,0.0,0.0,-5.182236535669964,0.0,0.0,0.0,0.0,0.0,0.0,0.0,0.0,0.0,78.09613616712846,0.0,0.0,0.0,-1000.0,0.0,1000.0,0.0,820.3361493682853,0.0,0.0,0.0,0.0,0.0,0.0,0.0,-397.92662217489436,0.0,0.0,882.2516862105924,0.0,1000.0,-117.74831378940776,1000.0,0.0,1000.0,0.0,-996.4012738834418,0.0,0.0,126.16947170676235,0.0,0.0,0.0,368.3217905325453,0.0,-368.3217905325453,0.0,1000.0,0.0,0.0,-769.1609916884639,-354.16666666666663,0.0,0.0,-5.182236535669964,-0.0882667085939313,0.0,0.0,0.0,0.0,0.05884447239595421,0.0,0.0,0.0,226.15538066036345,473.6194552411314,0.0,-592.5021614858532,-410.6414028440306,0.0,949.4222361979771,0.0,-915.6994088455561,0.0,-18.32738418826123,0.0,0.0,0.0,681.1516386034431,0.0,234.54777024211305,-1000.0,-1000.0,0.0,0.0,0.0,0.0,0.0,0.0,0.0,0.0,0.0,0.0,0.0,0.0,0.0,0.0,0.0,0.0,0.0,0.0,0.0,-1000.0,0.0,0.0,155.54001509589938,0.0,0.0,0.0,-82.62716054161696,0.0,0.0,0.0,0.0,0.0,0.0,0.0,0.0,0.0,0.0,56.618608862575414,-2.9422236197977103,0.0,-1000.0,0.0,-2.9422236197977103,-611.2606698834778,-1.4711118098988551,0.0,-671.6847934490539,0.0,607.0250983250891,566.0342514695951,138.71815481471867,17.653341718786262,0.0,0.0,0.0,634.8243415280324,0.0,0.0,0.0,-248.1946947295652,248.1946947295652,248.1946947295652,-535.265851818962,0.0,0.0,-0.11768894479190842,0.0,0.0,783.992160197178,0.0,0.0,-10.364473071339928,0.0,0.0,68.23110552080917,0.0,0.0,0.0,0.0,-37.11555276040458,0.11768894479188499,0.0,0.0,0.0,0.0,0.0,0.0,0.0,341.65866621856117,0.0,0.0,0.0,0.0,0.0,0.0,0.0,0.0,0.0,0.0,0.0,0.0647289196355242,0.0647289196355242,0.0,332.4258002503744,0.0,35.306683437572524,0.0,0.0,0.0,1000.0,0.0,0.0,0.0,0.0,0.0,-244.21857024515617,-1000.0,0.0,0.0,0.0,0.0,0.0,68.23110552080917,0.0,0.0,0.0,0.0,0.0,0.0,0.0,153.22183773334876,-226.15538066036345,51.221082405709,0.0,4.531024374488492,0.0,0.0,-661.7790300155654,-699.7856362935153,0.0,-244.21857024515617,0.0,0.0,-281.33412300556074,0.0,0.0,248.1946947295652,0.0,0.0,0.0,0.0,0.0,0.0,0.0,0.0,0.0,0.0,0.0,0.0,0.0,35.306683437572524,0.0,0.0,0.0,0.0,0.0,0.0,0.0,0.0,0.0,0.0,0.0,0.0,0.5884447239595421,0.0,0.0,0.0,0.0,0.0,0.0,0.0,0.0,17.653341718786262,0.0,0.0,0.0,0.0,0.0,0.0,0.0,0.0,0.0,0.0,969.7755007571408,0.0,0.0,17.653341718786262,17.653341718786262,1000.0,-1000.0,0.0,68.23110552080917,0.0,0.0,0.0,0.0,0.0,437.27546607002415,783.992160197178,51.94548395268998,0.05884447239595421,0.0,0.0,0.0,77.71253215205695,0.0,341.65866621856117,661.7790300155654,0.0,0.0,0.0,0.0,0.0,0.0,0.0,0.0,0.0,0.0,0.0,0.0,0.0,0.0,0.05884447239595421,0.0,0.0,0.0,229.27208652714845,-229.27208652714845,0.0,0.0,0.0,0.0,0.0,344.38306626912924,0.0,-271.4702117148468,-1000.0,-4.4133354296965654,-2.9422236197977103,0.0,0.0,0.0,0.0,0.0,0.0,0.0,0.0,0.0,0.0,0.0,0.0,0.0,0.0,0.0,0.0,748.6854767596055,0.0,0.0,0.0,-0.05884447239595421,0.0,0.0,0.05884447239595421,0.0,0.05884447239595421,0.0,0.0,0.0,35.306683437572524,71.79025632306413,71.79025632306413,0.0,0.0,0.0,0.0,0.0,0.0,0.0,51.221082405709,0.0,783.992160197178,0.0,0.0,486.87382909623835,199.34431858049635,0.0,0.0,0.0,0.0,0.0,0.0,0.0,0.0,0.0,0.0,0.0,0.0,0.0,38.006606277949956,0.0,-99.06454923106476,99.06454923106476,0.0882667085939313,0.0,0.0,0.0,-17.653341718786262,0.0,0.0,0.0,0.0,0.0,-332.4258002503744,2.9422236197977103,0.0,0.0,0.0,354.16666666666663,547.7158726707419,726.0704820028375,0.0,0.0,0.0,0.0,0.0,0.0,0.0,0.0,0.0,0.0,0.0,1000.0,84.23110552080917,0.0,104.45218792651815,-18.32738418826123,0.0,643.4433214612204,271.4702117148468,-914.9135331760673,0.0,-71.79025632306413,0.0,2.9422236197977103,771.2950735858841,0.0,0.0,0.0,-10.364473071339928,-208.98495080777025,208.98495080777025,0.0,0.0,0.0,0.0,0.0,0.0,0.0,921.9049089100475,0.0,71.79025632306413,0.0,0.0,0.0,0.0,0.0,0.0,0.0,0.0,0.0,78.09613616712846,0.0,0.0,345.665806539464,-77.71253215205695,-978.5723239393102,0.0,17.653341718786262,0.0,0.0,0.0,0.0,99.90394239503439,0.0,0.0,0.0647289196355242,0.0,0.0,0.0,35.895128161532064,0.0,0.0,0.0,0.0,31.75887136409068,0.0,0.0,0.0,0.0,0.0,0.0,0.0,0.0,0.0,0.0,0.005884447239595421,0.005884447239595421,0.0,0.0,0.0,0.0,0.0,0.0,0.0,0.0,0.0,0.0,0.0,0.0,0.0,0.0,0.0,332.4258002503744,0.0,0.0,0.0,0.0,0.0,0.0,0.0,0.0,0.0,0.0,0.0,0.0,0.0,-224.08984999147847,178.52621270685773,0.0,0.0,0.0,35.306683437572524,0.0,0.0,0.0,0.0,0.0,964.6933165624275,-1000.0,0.0,0.0,0.0,0.0,0.0,0.0,0.0,0.0,0.0,0.0,0.0,0.0,-51.94548395268998,-1000.0,726.5266112679633,-452.393885478776,434.74054375998975,0.0,999.7646221104166,0.0,0.0,0.0,0.0,0.0,0.0,0.0,0.0,0.0,0.0,0.0,0.0,0.0,0.0,0.0,0.0,0.0,-7.355559049494276,0.0,-4.4133354296965654,681.8048122470381,0.0,0.0,0.0,0.0,0.0,-0.7355559049494276,0.0,10.364473071339928,0.0,0.0,0.0,0.0,0.0,0.0,0.0,1000.0,17.653341718786262,17.653341718786262,0.0,0.0,0.0,0.0,0.0,0.0647289196355242,332.4258002503744,0.0,0.0,-999.7646221104166,0.0,0.0,0.0,0.0,0.0,0.0,0.0,0.0,0.0,0.0,0.0,0.0,0.0,0.0,0.0,0.0,0.0,0.0,0.0,61.786696015751915,4.531024374488492,0.0,0.0,0.0,0.0,0.0,332.4258002503744,0.0,-652.8113614666557,0.0,0.0,0.0,-7.355559049494276,0.0,0.0,0.0,0.0,0.0,0.0,0.0,0.0,0.0,0.0,0.0,0.0,0.0,0.0,0.0,0.0,0.0,0.0,-0.05884447239595421,0.0,0.0,2.9422236197977103,244.21857024515617,0.0,0.0,0.0,0.0,0.0,0.0,0.0,0.0,-681.1516386034431,1.4711118098988551,0.0,0.0,99.06454923106476,0.05884447239595421,0.0,58.844472395954206,-18.241786442745802,11.768894479190841,0.4203176599711015,164.1760779847122,-0.04413335429696565,2.9422236197977103,1.1768894479190841,-0.2942223619794504,-164.1760779847122,17.653341718786262,-0.05884447239595421,6.109128062753744,68.23110552080917,0.014711118098988552,0.4203176599711015,-18.32738418826123,-9.368040005435319,-1.1768894479190841,-477.21818135768956,-0.05884447239595421,0.014711118098988552,-164.1760779847122,5.884447239595421,0.05884447239595421,0.05884447239595421,-332.3022268583429,0.06472891963554964,-11.832937355670282,-0.04413335429696565,17.653341718786262,0.05884447239595421,17.653341718786262,-29.422236197977103,-0.029422236197977104,-173.77409741464007,-43.949897989941334,-0.04413335429696565,-0.05884447239595422,-18.241786442745802,0.05884447239595421,5.884447239595421,-1.1768894479190841,38.006606277949956,38.006606277949956,-5.884447239595421,477.21818135768956,-38.006606277949956,11.768894479190841,0.0882667085939313,-132.2919428252486,5.884447239595421,-153.22183773334876,68.23110552080917,-11.768894479190841,0.029422236197977104,0.5884447239595421,148.1255403714633,96.0,-0.05884447239595421,-345.665806539464,332.3022268583429,18.241786442745802,0.05884447239595421,9.368040005435319,-2.382261354336112,68.23110552080917,-0.05884447239595421,-0.014711118098988552,-68.23110552080917,-0.05884447239595421,-37.11555276040458,0.05884447239613895,-0.014711118098988552,-0.014711118098988552,-0.014711118098988552,23.537788958381682,29.422236197977103,0.5884447239595421,362.39759899090114,-0.014711118098988552,290.14195268017284,2.9422236197977103,21.5,0.05884447239595421,0.029422236197977104,0.029422236197977104,40.0,18.241786442745802,0.05884447239595421,-18.241786442745802,0.5884447239595421,0.05884447239595421,-1000.0,0.05884447239595421,0.23537788958344663,0.2942223619794504,0.029422236197977104,0.014711118098988552,17.653341718786262,-0.05884447239595421,11.832937355670282,0.5884447239595421,-724.7951979818023,1.4711118098988551,-5.884447239595421,11.768894479190841,2.9422236197977103,-0.05884447239595421,18.32738418826123,0.0882667085939313,-0.05884447239595421,-80.0,18.241786442745802,-15.312972491656424,0.029422236197977104,-43.0,-0.05884447239595421,-0.05884447239613895,-0.05884447239595422,0.02942223619797711,164.1760779847122,-11.768894479190841,0.05884447239595421,296.2510807429266,-0.014711118098988552,-0.06472891963554964,-296.2510807429266,8.82667085939313,43.949897989941334,124.20296202339088,164.1760779847122,-0.04413335429696565,345.665806539464,-96.0,0.05884447239595421,-0.014711118098988549,2.9422236197977103,58.844472395954206,-0.029422236197977104,-0.05884447239595421,0.014711118098988552,279.8402344167198,0.0,-31.80869188751078,637.6024010090989,-46.0,0.0,226.5186683346273,-31.0,0.0,-32.0,-93.0,-65.0,-164.0712124765614,16.0,23.0,46.5,0.0,15.5,-332.4258002503744,-84.59096990337797,164.0712124765614,65.0,-84.59096990337797,-226.5186683346273,111.508241224684,0.0,1496.5981,hclb
64,0.0,0.0,0.0,0.0,0.0,0.0,0.0,0.0,-0.06025333275806066,0.0,0.0,0.0,0.0,0.0,0.0,0.0,803.9013366235208,-686.8749999999983,0.0,83.56924217995027,0.0,0.0,0.0,162.80714430785903,0.0,0.0,0.0,0.0,0.0,-993.1743016207241,0.0,0.0,463.98427340809536,0.0,0.0,0.0,0.0,999.7589866689674,0.0,-1000.0,1000.0,0.0,0.0,0.0,0.0,0.0,0.0,0.0,40.220014501085245,0.0,0.0,-149.05295049611817,0.0,0.0662786660339263,0.0,0.0,0.0,12.050666551612132,0.0,0.0,-5.3063101715603604,0.0,-380.80356986560423,-386.1098800371646,0.0,0.0,0.0,0.0,584.1820198415878,80.0244341782934,0.0,0.6025333275806066,0.0,0.0,0.0,0.0,0.0,0.0,0.0,0.0,0.0,0.0,756.26264731177,0.0,36.151999654836395,0.0,0.0,509.07415609277257,698.347121089976,-1000.0,-0.015063333189515166,0.0,0.0,-164.5887840917308,18.075999827418197,0.0,18.075999827418197,0.0,250.31701662541124,0.0,756.26264731177,998.4936666810485,-993.1743016207241,0.0,0.0,-0.4080098271121203,0.0,0.0,0.0,0.0,0.0,0.0,0.0,0.0,0.0,0.0,0.0,0.0,0.0,0.0,0.0,0.0,0.0,0.0,-779.6249717313517,0.0,0.0,18.075999827418197,0.0,18.678533154998803,1.51635632422337,0.0,429.3116038170617,258.1883961825416,-687.4999999996033,687.4999999996033,0.0,580.2364211691114,-580.2364211691114,0.0,0.0,0.0,0.0,0.0,0.0,-751.6231406893994,0.060253332758060656,0.0,0.0,0.0,-1000.0,925.0695663954147,0.0,0.0,0.0,0.0,275.5863744722394,0.0,0.0,0.0,0.0,0.0,696.1309183927453,696.1309183927453,0.0,0.0,0.0,0.0,0.0,0.0,0.0,696.1911717255034,0.0,0.0,0.0,263.81748772006193,0.0,0.0,0.0,0.0,0.0,0.0,0.0,0.0,0.0,0.0,-3.731689742148747,0.0,0.0,0.0,0.0,-662.3134246296921,0.0,0.0,0.0,0.0,0.0,0.0,149.05295049611817,301.652878910024,-301.652878910024,0.0,0.0,0.0,0.0,0.0,0.0,0.0,0.0,-879.6518995417844,0.0,0.0,0.0,0.0,0.0,0.0,0.0,0.0,0.0,0.0,0.0,0.0,0.0,90.64686026361031,56.031766707809496,0.0,0.0,0.0,0.0,0.0,78.91441339143587,0.0,0.0,0.0,0.0,-5.3063101715603604,0.0,0.0,0.0,0.0,0.0,0.0,0.0,0.0,0.0,1.9401573148106763,0.0,0.0,0.0,-506.34243629619414,-109.64819411624218,1000.0,0.0,0.0,0.0,0.0,0.0,146.4939460019969,0.0,0.0,0.0,-6.072531719800168,0.0,0.0,0.0,0.0,0.0,0.0,0.0,0.0,1000.0,0.0,-1000.0,0.0,0.0,92.2250976520001,0.0,0.0,0.0,-1000.0,0.0,1000.0,0.0,1000.0,0.0,0.0,0.0,0.0,0.0,0.0,-5.3063101715603604,-0.09037999913709098,0.0,0.0,0.0,0.0,0.060253332758060656,0.0,0.0,0.0,563.3828540960274,803.9013366235208,0.0,-615.1770041670542,-205.59769144505768,0.0,950.1266663790303,0.0,1000.0,0.0,-0.4080098271121203,0.0,0.0,0.0,-5.187811950469081,0.0,-994.812188049531,-1000.0,-1000.0,0.0,0.0,0.0,0.0,0.0,0.0,0.0,0.0,0.0,0.0,0.0,0.0,0.0,0.0,0.0,0.0,0.0,0.0,0.0,-1000.0,0.0,0.0,0.0,574.3690733753667,0.0,0.0,749.6829833745887,0.0,250.31701662541124,0.0,785.1653719067273,995.4810000431454,0.0,1000.0,-1000.0,0.0,-584.1820198415878,251.7488188603436,0.0,0.0,128.5157035840749,-1000.0,212.06229665284087,376.6387231456015,-1.5063333189515165,-3.012666637903033,0.0,0.0,1000.0,0.0,-374.95821227285813,18.075999827418197,0.0,0.0,0.0,0.0,0.0,0.0,0.0,-90.64686026361031,90.64686026361031,90.64686026361031,-353.36653861366074,0.0,0.0,-303.9293349400127,0.0,0.0,0.0,0.0,0.0,-10.612620343120721,0.0,0.0,67.94933344838788,0.0,0.0,0.0,0.0,-36.97466672419394,0.12050666551616154,0.0,0.0,0.0,0.0,0.0,0.0,0.0,0.0,0.0,0.0,0.0,0.0,0.0,0.0,0.0,0.0,0.0,0.0,0.0,0.0662786660339263,0.0662786660339263,0.0,174.59619371199818,0.0,36.151999654836395,0.0,0.0,0.0,-757.6057592318369,0.0,0.0,0.0,0.0,0.0,-3.4675052916802542,757.6057592318369,0.0,0.0,201.8328299965692,0.0,0.0,67.94933344838788,0.0,0.0,0.0,0.0,0.0,0.0,0.0,259.8749905771172,-563.3828540960274,74.93043360458535,0.0,495.20733193587444,0.0,-476.2259371015232,311.63715300979237,232.7227396183565,0.0,-3.4675052916802542,0.0,-40.44217201587419,0.0,0.0,0.0,90.64686026361031,0.0,0.0,0.0,0.0,0.0,0.0,0.0,0.0,0.0,0.0,0.0,0.0,0.0,36.151999654836395,0.0,0.0,0.0,0.0,0.0,0.0,0.0,0.0,0.0,0.0,0.0,0.0,0.6025333275806066,0.0,0.0,0.0,0.0,0.0,149.05295049611817,0.0,0.0,18.075999827418173,-201.8328299965692,0.0,0.0,490.56782531350376,0.0,0.0,0.0,0.0,0.0,0.0,320.0864368735488,-738.4329607475626,0.0,18.075999827418197,18.075999827418197,1000.0,757.6057592318369,0.0,67.94933344838788,0.0,0.0,0.0,0.0,0.0,993.1743016207241,0.0,1000.0,0.060253332758060656,0.0,0.0,73.50770822909105,0.0,434.7238818891607,0.0,164.5887840917308,0.0,0.0,0.0,0.0,0.0,0.0,0.0,0.0,0.0,0.0,0.0,0.0,0.0,0.0,0.060253332758060656,0.0,0.0,0.0,0.0,0.0,0.0,0.0,0.0,0.0,0.0,1000.0,0.0,0.0,-1000.0,-4.5189999568546,-3.012666637903033,0.0,0.0,-437.5,-437.5,437.5,0.0,0.0,0.0,0.0,0.0,0.0,0.0,0.0,0.0,0.0,0.0,628.0544543650449,0.0,0.0,0.0,-0.060253332758060656,0.0,0.0,0.060253332758060656,0.0,0.060253332758060656,0.0,664.2064540198812,0.0,36.151999654836395,73.50906596483401,73.50906596483401,0.0,0.0,0.0,0.0,0.0,0.0,0.0,74.93043360458535,0.0,0.0,0.0,0.0,0.0,0.0,0.0,0.0,0.0,0.0,0.0,0.0,0.0,0.0,0.0,0.0,0.0,0.0,0.0,78.91441339143587,0.0,0.0,0.0,0.09037999913709098,0.0,0.0,0.0,-18.075999827418197,0.0,0.0,0.0,0.0,0.0,-174.59619371199818,3.012666637903033,0.0,0.0,0.0,0.0,0.0,-3.012666637903033,0.0,0.0,0.0,0.0,0.0,0.0,0.0,0.0,0.0,0.0,201.8328299965692,0.0,83.94933344838788,0.0,127.87976705297322,434.3158720620486,0.0,746.6703167366857,250.31701662541124,-996.9873333620969,0.0,72.9848800371629,0.0,3.012666637903033,272.21885894057203,0.0,0.0,0.0,-10.612620343120721,0.0,0.0,98.94303134200743,-98.94303134200743,0.0,0.0,0.0,0.0,0.0,-5.3063101715603604,0.0,73.50906596483401,0.0,0.0,0.0,0.0,0.0,0.0,0.0,0.0,0.0,1.9401573148106763,0.0,0.0,188.15319358256184,-73.50770822909105,447.8525249957954,0.0,18.075999827418197,0.0,0.0,0.0,0.0,86.81619128675065,0.0,0.0,0.0662786660339263,0.0,0.0,0.0,36.754532982417,0.0,0.0,0.0,0.0,56.031766707809496,0.0,0.0,0.0,0.0,0.0,0.0,0.0,0.0,0.0,0.0,0.006025333275806238,0.006025333275806238,0.0,0.0,0.0,0.0,0.0,0.0,0.0,0.0,0.0,73.50770822909105,0.0,0.0,0.0,0.0,0.0,174.59619371199818,0.0,0.0,0.0,0.0,0.0,0.0,0.0,0.0,0.0,0.0,0.0,0.0,1000.0,-119.3551195758048,-686.8749999999983,0.0,0.0,0.0,36.151999654836395,0.0,0.0,0.0,0.0,0.0,0.0,-36.151999654836395,0.0,0.0,0.0,0.0,0.0,0.0,0.0,0.0,0.0,0.0,0.0,0.0,-1000.0,-1000.0,41.27353293927156,981.9240001725818,-1000.0,0.0,999.7589866689674,0.0,0.0,0.0,0.0,0.0,0.0,0.0,0.0,0.0,218.75,0.0,-218.75,-218.75,0.0,0.0,0.0,0.0,-7.531666594757582,0.0,-1000.0,-4.5189999568545485,0.0,0.0,0.0,0.0,0.0,-0.7531666594757583,0.0,10.612620343120721,0.0,0.0,0.0,0.0,0.0,0.0,0.0,1000.0,18.075999827418197,18.075999827418197,0.0,0.0,0.0,0.0,0.0,0.0662786660339263,174.59619371199818,0.0,0.0,-999.7589866689674,0.0,0.0,0.0,0.0,0.0,0.0,0.0,0.0,0.0,0.0,0.0,0.0,0.0,0.0,332.1032270099406,0.0,0.0,1.51635632422337,0.0,63.26599939596369,0.0,0.0,4.639506622370668,0.0,0.0,0.0,174.59619371199818,0.0,0.0,0.0,0.0,0.0,-7.531666594757582,0.0,0.0,0.0,0.0,0.0,0.0,0.0,0.0,0.0,0.0,0.0,0.0,0.0,0.0,0.0,0.0,0.0,0.0,-0.060253332758060656,0.0,0.0,3.012666637903033,3.4675052916802542,0.0,0.0,0.0,0.0,0.0,0.0,0.0,0.0,5.187811950469081,1.5063333189515165,0.0,0.0,0.0,0.060253332758060656,0.0,60.25333275806065,-17.162176830775433,12.050666551612132,0.43038094827186185,171.13951104343596,-0.04518999956854549,787.9377033471592,1.2050666551612133,-0.30126666379067046,-171.13951104343596,18.075999827418197,-0.060253332758060656,0.1360032757040401,67.94933344838788,0.015063333189515166,0.43038094827186185,-0.4080098271121203,-9.592330575084361,-1.2050666551612133,-200.5955788034728,-0.06025333275806066,0.015063333189515166,-171.13951104343596,6.025333275806066,0.060253332758060656,0.060253332758060656,-174.4696617132062,0.0662786660338669,-65.41903858890439,-0.04518999956854549,18.075999827418197,0.06025333275806066,18.075999827418173,-30.12666637903033,-0.03012666637903033,-209.3513162291108,-85.0,-0.04518999956854549,-0.06025333275806066,-17.162176830775433,0.060253332758060656,6.025333275806066,-1.2050666551612133,78.91441339143587,78.91441339143587,-6.025333275806066,200.5955788034728,-78.91441339143587,12.050666551612132,0.09037999913709098,551.3271861570325,6.025333275806066,-259.8749905771172,67.94933344838788,-12.050666551612132,0.03012666637903033,0.6025333275806066,153.79425104176354,96.0,-0.060253332758060656,-188.15319358256184,174.4696617132062,18.678533154998803,0.06025333275806066,9.592330575084361,-4.354665861284833,67.94933344838788,-0.060253332758060656,-0.015063333189515166,-67.94933344838788,-0.06025333275806066,-36.97466672419394,0.06025333275806066,-0.015063333189515166,-0.015063333189515166,-0.015063333189515166,24.101333103224263,30.12666637903033,0.6025333275806066,199.71688436741942,-0.015063333189515166,307.4524988078231,3.012666637903033,21.5,0.060253332758060656,0.03012666637903033,0.03012666637903033,40.0,17.162176830775433,0.060253332758060656,-17.162176830775433,0.6025333275806066,0.06025333275806066,-509.8702772879974,0.06025333275806066,0.2410133310325815,0.30126666379067046,0.03012666637903033,0.015063333189515166,18.075999827418197,-0.06025333275806066,65.41903858890439,0.6025333275806066,-399.43376873483885,786.4313700282075,-6.025333275806066,12.050666551612132,3.012666637903033,-0.06025333275806066,0.4080098271121203,0.09037999913709098,-0.06025333275806066,-80.0,17.162176830775433,156.99832552938517,0.03012666637903033,-43.0,-0.06025333275806066,-0.06025333275806066,-0.06025333275806066,0.03012666637903033,171.13951104343596,-12.050666551612132,0.060253332758060656,307.5885020835271,-0.015063333189515166,-0.0662786660338669,-307.5885020835271,9.037999913709097,85.0,-450.34756479663884,171.13951104343596,-0.04518999956854549,188.15319358256184,-96.0,0.06025333275806066,-0.015063333189515166,788.1780385446303,60.25333275806065,-0.03012666637903033,-0.06025333275806066,0.015063333189515166,404.95829737362646,0.0,-551.3573128234116,310.15339292057797,-46.0,0.0,-83.96628651603362,-31.0,0.0,-32.0,-93.0,-65.0,0.0,16.0,23.0,46.5,0.0,15.5,-174.59619371199818,-243.81451681613584,0.0,65.0,-243.81451681613584,83.96628651603362,-42.818476965277426,0.0,1496.5981,hclb
65,0.0,0.0,0.0,0.0,0.0,0.0,0.0,0.0,-0.0426402148729796,0.0,0.0,0.0,0.0,0.0,0.0,0.0,209.22269536840244,940.6512068781902,0.0,-1000.0,0.0,0.0,0.0,577.938598410103,0.0,0.0,0.0,0.0,0.0,400.8932013710572,0.0,0.0,114.52960827671126,0.0,0.0,0.0,0.0,-123.10794175007963,0.0,-1000.0,-292.3311237788876,0.0,-963.176700571456,246.73159752050842,0.0,0.0,0.0,0.0,-820.0241948314241,0.0,0.0,0.0,0.0,0.04690423636024399,0.0,0.0,0.0,0.0,0.0,0.0,9.326447472816199,0.0,-556.6944444702124,-586.6128841852858,0.0,0.0,0.0,0.0,0.0,0.0,0.0,0.426402148729796,0.0,0.0,0.0,0.0,0.0,0.0,0.0,0.0,0.0,0.0,0.0,0.0,25.58412892378776,0.0,0.0,779.0870514238864,981.588350285728,-917.964393761718,429.5855347564107,0.0,0.0,115.50363523173789,12.79206446189388,0.0,12.79206446189388,0.0,627.1813255006788,0.0,0.0,773.7272548971467,400.8932013710572,0.0,0.0,0.0,0.0,0.0,0.0,0.0,0.0,0.0,0.0,0.0,0.0,0.0,0.0,0.0,0.0,0.0,0.0,0.0,0.0,0.0,-292.05815728816515,0.0,0.0,12.79206446189388,0.0,13.218466610623674,7.152630184976994,0.0,-148.61470787513602,0.0,148.61470787513602,-148.61470787513602,0.0,0.0,0.0,-39.2448871878896,0.0,0.0,0.0,0.0,0.0,3.2832965452194274,0.0426402148729796,429.59619481012896,0.0,0.0,0.0,0.0,0.0,0.0,729.7399152233742,0.0,68.25843419655071,0.0,0.0,0.0,0.0,0.0,170.0754719870306,170.0754719870306,0.0,0.0,0.0,-937.5,0.0,0.0,0.0,170.11811220190359,0.0,0.0,0.0,791.8750690215061,0.0,0.0,0.0,0.0,0.0,0.0,0.0,0.0,0.0,0.0,0.0,0.0,0.0,0.0,0.0,-655.7582741562762,0.0,0.0,0.0,0.0,0.0,0.0,963.176700571456,18.411649714272016,-18.411649714272016,39.2448871878896,0.0,0.0,0.0,0.0,0.0,0.0,0.0,911.0934527206151,0.0,0.0,0.0,0.0,0.0,0.0,0.0,0.0,0.0,0.0,0.0,0.0,0.0,0.0,-25.94391405080816,-753.2684024794916,0.0,0.0,0.0,0.0,80.69333829782906,0.0,0.0,0.0,0.0,9.326447472816199,-1000.0,0.0,0.0,0.0,0.0,0.0,0.0,0.0,0.0,394.84862246380226,8.52804297459592,0.0,0.0,-1000.0,-1000.0,940.6512068781902,0.0,753.2684024794916,0.0,0.0,39.2448871878896,-679.7558946394238,0.0,0.0,0.0,-17.379052051578356,0.0,0.0,398.1557314357651,398.1557314357651,0.0,0.0,0.0,-398.1557314357651,1000.0,0.0,0.0,0.0,0.0,13.33323437984842,0.0,0.0,0.0,-1000.0,0.0,1000.0,0.0,170.03283177215764,0.0,0.0,1000.0,-937.5,0.0,0.0,9.326447472816199,-0.0639603223094694,0.0,0.0,0.0,0.0,0.0426402148729796,0.0,0.0,0.0,128.17936174486132,209.22269536840244,0.0,-208.72682526691122,79.90127383593517,0.0,-279.53905931699376,0.0,3.6713225005635097,0.0,0.0,0.0,0.0,0.0,-3.6713225005635097,0.0,0.0,-754.2232134175476,-1000.0,0.0,0.0,0.0,0.0,0.0,0.0,0.0,0.0,0.0,0.0,0.0,0.0,0.0,0.0,0.0,0.0,0.0,-1000.0,0.0,-877.0626191094123,0.0,0.0,393.4756075448927,0.0,0.0,510.8705185776488,-398.13191900902166,0.0,627.1813255006788,0.0,576.6548177214111,771.5952441534977,0.0,206.07747199931737,-387.92963282039784,-1.06600537182449,0.0,747.4272492760201,0.0,0.0,-634.069867047878,-206.07747199931737,0.0,1000.0,0.0,-2.13201074364898,-278.78798793573577,0.0,0.0,0.0,73.8248054520608,12.79206446189388,0.0,0.0,0.0,0.0,0.0,0.0,0.0,0.0,0.0,0.0,0.0,0.0,0.0,0.0,0.0,0.0,0.0,0.0,0.0,-20.59199224225722,0.0,0.0,0.0,0.0,0.0,0.0,0.0,-38.73597851270204,0.08528042974595927,0.0,0.0,0.0,0.0,0.0,0.0,0.0,0.0,0.0,0.0,0.0,0.0,0.0,0.0,0.0,0.0,0.0,0.0,0.0,0.04690423636024399,0.04690423636024399,0.0,56.14844563698848,0.0,25.58412892378776,0.0,0.0,0.0,0.0,0.0,125.30801953828684,0.0,0.0,0.0,230.43226795503037,0.0,0.0,0.0,0.0,0.0,0.0,0.0,0.0,0.0,0.0,0.0,0.0,0.0,0.0,97.35271909605505,-128.17936174486132,0.0,0.0,3.2832965452194274,0.0,0.0,115.50363523173789,-4.434590253980787,0.0,230.43226795503037,0.0,191.69628944232832,0.0,0.0,0.0,0.0,0.0,0.0,0.0,0.0,0.0,0.0,0.0,0.0,0.0,0.0,0.0,0.0,0.0,25.58412892378776,39.2448871878896,39.2448871878896,0.0,0.0,0.0,0.0,0.0,0.0,0.0,0.0,0.0,0.0,0.426402148729796,0.0,0.0,0.0,0.0,0.0,963.176700571456,0.0,0.0,12.79206446189388,0.0,0.0,0.0,0.0,0.0,0.0,0.0,0.0,0.0,0.0,-88.9399513376809,0.0,0.0,12.79206446189388,12.79206446189388,-859.9515225543335,0.0,0.0,0.0,0.0,0.0,0.0,0.0,0.0,353.3300120464904,0.0,371.24206678398104,0.0426402148729796,0.0,0.0,-728.4058537573821,756.1078282165112,84.47195702540408,0.0,-115.50363523173789,0.0,0.0,0.0,0.0,0.0,0.0,0.0,0.0,0.0,0.0,0.0,0.0,0.0,0.0,0.0426402148729796,0.0,0.0,0.0,0.0,0.0,0.0,0.0,0.0,0.0,0.0,622.5250140365498,-729.7399152233742,0.0,122.93738089058779,-3.1980161154734703,-2.13201074364898,0.0,0.0,0.0,0.0,0.0,0.0,0.0,0.0,0.0,0.0,0.0,0.0,39.2448871878896,0.0,0.0,0.0,75.95681619570978,0.0,0.0,0.0,-0.0426402148729796,0.0,0.0,0.0426402148729796,0.0,0.0426402148729796,0.0,0.0,0.0,25.58412892378776,52.02106214503511,52.02106214503511,0.0,0.0,0.0,0.0,0.0,0.0,0.0,0.0,0.0,0.0,0.0,0.0,0.0,0.0,0.0,0.0,0.0,0.0,0.0,0.0,0.0,0.0,0.0,0.0,0.0,0.0,0.0,119.93822548571866,0.0,0.0,0.0,0.0639603223094694,0.0,0.0,0.0,-12.79206446189388,0.0,0.0,0.0,0.0,0.0,-56.14844563698848,2.13201074364898,0.0,0.0,0.0,937.5,0.0,391.3435968012437,0.0,0.0,0.0,0.0,0.0,0.0,0.0,0.0,39.2448871878896,0.0,0.0,0.0,56.14844563698848,0.0,56.47195702540408,84.47195702540408,0.0,-6.788322207777981,627.1813255006788,-620.3930032929009,729.7399152233742,-731.7769567844589,0.0,2.13201074364898,1000.0,0.0,180.03071949527674,0.0,-20.59199224225722,-812.4999999999994,812.4999999999994,0.0,0.0,0.0,0.0,0.0,0.0,0.0,0.0,-6.396032230947185,52.02106214503511,0.0,228.72272520713213,228.72272520713213,-228.72272520713216,0.0,0.0,0.0,0.0,0.0,394.84862246380226,0.0,0.0,59.34646175246195,-27.70197445912902,0.0,-963.176700571456,12.79206446189388,0.0,0.0,0.0,0.0,-85.71752407183442,0.0,0.0,0.04690423636024399,0.0,0.0,0.0,26.010531072517555,0.0,0.0,0.0,0.0,-25.94391405080816,0.0,0.0,0.0,0.0,0.0,0.0,0.0,0.0,318.247997510646,0.0,0.004264021487298082,0.004264021487298082,0.0,0.0,0.0,0.0,0.0,0.0,0.0,0.0,0.0,-728.4058537573821,0.0,0.0,0.0,0.0,0.0,56.14844563698848,0.0,0.0,0.0,0.0,0.0,0.0,0.0,0.0,0.0,0.0,0.0,0.0,-438.4021035231632,0.0,940.6512068781902,0.0,0.0,0.0,25.58412892378776,0.0,0.0,0.0,0.0,0.0,0.0,-25.58412892378776,0.0,0.0,0.0,0.0,0.0,0.0,0.0,0.0,0.0,0.0,0.0,0.0,-371.24206678398104,0.0,29.208547187991023,-584.5180673473162,571.7260028854223,0.0,-123.10794175007963,0.0,0.0,0.0,0.0,0.0,0.0,0.0,0.0,0.0,0.0,0.0,0.0,0.0,0.0,0.0,0.0,0.0,-5.33002685912245,39.2448871878896,-774.7932602689712,3.198016115473468,0.0,0.0,0.0,0.0,0.0,-0.533002685912245,0.0,750.3319074656314,0.0,0.0,0.0,0.0,0.0,0.0,0.0,1000.0,12.79206446189388,12.79206446189388,0.0,0.0,0.0,0.0,0.0,0.04690423636024399,56.14844563698848,0.0,0.0,123.10794175007963,0.0,0.0,0.0,0.0,0.0,0.0,0.0,0.0,0.0,0.0,0.0,0.0,0.0,0.0,0.0,0.0,0.0,7.152630184976994,0.0,44.772225616628575,3.2832965452194274,0.0,0.0,0.0,0.0,0.0,56.14844563698848,0.0,0.0,0.0,0.0,0.0,-5.33002685912245,0.0,0.0,0.0,0.0,0.0,0.0,0.0,0.0,0.0,0.0,0.0,0.0,0.0,0.0,0.0,0.0,0.0,0.0,-0.0426402148729796,0.0,0.0,2.13201074364898,-230.43226795503037,0.0,0.0,0.0,0.0,39.2448871878896,0.0,0.0,0.0,3.6713225005635097,1.06600537182449,0.0,0.0,0.0,0.0426402148729796,0.0,42.6402148729796,-6.06583642564668,8.52804297459592,0.3045729633784257,133.27145986556704,-0.0319801611547347,387.92963282039784,0.852804297459592,-0.21320107436482266,-133.27145986556704,12.79206446189388,-0.0426402148729796,0.0,0.0,0.0106600537182449,0.3045729633784257,0.0,-6.788322207777981,-0.852804297459592,-149.87390224659268,-0.0426402148729796,0.0106600537182449,-133.27145986556704,4.26402148729796,0.0426402148729796,0.0426402148729796,-56.05890118575525,0.046904236360277685,-68.79362976400922,-0.0319801611547347,12.79206446189388,0.0426402148729796,12.79206446189388,-21.3201074364898,-0.0213201074364898,0.5351955674585156,-85.0,-0.0319801611547347,-0.0426402148729796,-6.06583642564668,0.0426402148729796,4.26402148729796,-0.852804297459592,119.93822548571866,119.93822548571866,-4.26402148729796,149.87390224659268,-119.93822548571866,8.52804297459592,0.0639603223094694,-258.8556874852784,4.26402148729796,-97.35271909605505,0.0,-8.52804297459592,0.0213201074364898,0.426402148729796,52.181706316727805,64.6764886115844,-0.0426402148729796,-65.74249398340913,56.05890118575525,13.218466610623674,0.0426402148729796,6.788322207777981,-51.16825784757558,0.0,-0.0426402148729796,-0.0106600537182449,0.0,-0.0426402148729796,-38.73597851270204,0.0426402148729796,-0.0106600537182449,-0.0106600537182449,-0.0106600537182449,17.05608594919184,21.3201074364898,0.426402148729796,177.18823983621434,-0.0106600537182449,104.36341263345561,2.13201074364898,21.5,0.0426402148729796,0.0213201074364898,0.0213201074364898,4.26402148729796,6.06583642564668,0.0426402148729796,-6.06583642564668,0.426402148729796,0.0426402148729796,-468.3825811205893,0.0426402148729796,0.17056085949184308,0.21320107436482266,0.0213201074364898,0.0106600537182449,12.79206446189388,-0.0426402148729796,68.79362976400922,0.426402148729796,-354.3764796724287,386.86362744857337,-4.26402148729796,8.52804297459592,2.13201074364898,-0.0426402148729796,0.0,0.0639603223094694,-0.0426402148729796,-8.52804297459592,6.06583642564668,388.2460551440945,0.0213201074364898,-43.0,-0.0426402148729796,-0.0426402148729796,-0.042640214872979615,0.0213201074364898,133.27145986556704,-8.52804297459592,0.0426402148729796,104.36341263345561,-0.0106600537182449,-0.046904236360277685,-104.36341263345561,6.39603223094694,85.0,198.61283663285485,133.27145986556704,-0.0319801611547347,65.74249398340913,-64.6764886115844,0.0426402148729796,-0.010660053718244899,578.78682846506,42.6402148729796,-0.0213201074364898,-0.0426402148729796,0.0106600537182449,0.0,0.0,176.79876113955996,291.19434128437496,-46.0,0.0,144.48946025580344,-31.0,0.0,-32.0,-93.0,-65.0,-82.03560623828196,16.0,23.0,46.5,0.0,15.5,-56.14844563698848,-302.5285310722601,82.03560623828196,65.0,-302.5285310722601,-144.48946025580344,95.69684830804053,0.0,1496.5981,hclb
66,0.0,0.0,0.0,0.0,0.0,0.0,0.0,0.0,0.0,0.0,0.0,0.0,0.0,0.0,0.0,0.0,0.0,0.0,0.0,98.6497559007154,0.0,0.0,0.0,118.77043307902048,0.0,0.0,0.0,0.0,0.0,0.0,0.0,0.0,9.520874197270691,0.0,0.0,0.0,0.0,-10.18345935940566,0.0,-1000.0,1000.0,0.0,0.0,0.0,0.0,0.0,0.0,0.0,0.0,-268.76767580501246,0.0,0.0,0.0,0.06396158333863156,0.0,0.0,0.0,11.629378788812945,0.0,0.0,-5.120803126674862,0.0,0.0,-5.120803126674862,0.0,0.0,0.0,0.0,1000.0,-477.36444549022394,0.0,0.5814689394406473,0.0,0.0,0.0,0.0,0.0,0.0,0.0,679.676721465069,0.0,0.0,0.0,0.0,34.888136366438836,0.0,0.0,222.23894907749488,0.0,0.0,0.0,0.0,0.0,0.0,17.444068183219418,0.0,17.444068183219418,0.0,0.0,0.0,0.0,2.907344697203236,0.0,0.0,0.0,-20.19407944656532,508.6740921373696,0.0,0.0,0.0,0.0,0.0,0.0,0.0,0.0,0.0,0.0,0.0,0.0,0.0,0.0,0.0,0.0,0.0,-476.53065234733435,0.0,0.0,17.444068183219418,0.0,18.02553712266006,5.021555570685045,0.0,0.0,0.0,0.0,0.0,0.0,0.0,0.0,0.0,0.0,0.0,0.0,0.0,0.0,4.477310833693013,0.05814689394406473,0.014536723486016182,0.0,0.0,-448.4452866027472,-388.2037037374346,0.0,0.0,0.0,0.0,617.6274518219083,0.0,0.0,0.0,0.0,0.0,144.28783609865212,144.28783609865212,0.0,0.0,0.0,437.49999999999994,0.0,0.0,0.0,144.3459829925962,0.0,0.0,0.0,436.07160519509745,0.0,0.0,0.0,0.0,0.0,0.0,0.0,0.0,0.0,0.0,0.0,0.0,0.0,0.0,0.0,-1000.0,0.0,0.0,0.0,0.0,0.0,268.76767580501246,0.0,24.93943727606408,-24.93943727606408,0.0,0.0,0.0,0.0,0.0,0.0,0.0,0.0,-625.922842329009,0.0,0.0,0.0,0.0,0.0,0.0,0.0,0.0,0.0,0.0,0.0,0.0,0.0,206.79123365504583,308.2336557804382,0.0,0.0,0.0,0.0,0.0,35.54751522863659,0.0,0.0,0.0,0.0,-5.120803126674862,0.0,0.0,0.0,0.0,0.0,0.0,0.0,0.0,0.0,570.9008680949229,0.0,0.0,0.0,-0.08722034091609743,-25.026657616980177,247.17838635355895,0.0,0.0,0.0,0.0,0.0,70.93921061175895,0.0,0.0,0.0,128.5236001078432,0.0,0.0,-124.99999999999943,875.0000000000003,-5.760847284846937,-1000.0,0.0,-880.7608472848473,24.93943727606408,0.0,-98.6497559007154,268.76767580501246,0.0,136.72543001667404,0.0,0.0,0.0,650.1692873112434,0.0,-650.1692873112434,0.0,144.22968920470805,0.0,0.0,-101.89531440956807,437.49999999999994,0.0,0.0,-5.120803126674862,-0.0872203409160971,0.0,0.0,0.0,0.0,0.05814689394406473,0.0,0.0,0.0,376.1075484932211,0.0,0.0,-846.164411063738,503.22269438899457,0.0,949.0734469720323,0.0,501.2028372457328,0.0,-20.19407944656532,0.0,0.0,0.0,-5.006447568584132,-1000.0,503.80361032285134,0.0,0.0,0.0,0.0,0.0,0.0,0.0,0.0,0.0,0.0,0.0,0.0,0.0,0.0,0.0,0.0,0.0,0.0,0.0,0.0,0.0,9.950871783628333,0.0,0.0,569.0285381099224,0.0,0.0,691.0866191971691,-575.3781789286159,0.0,0.0,0.0,0.0,0.0,0.0,0.0,-280.4533839587116,0.0,0.0,-296.19255306161057,0.0,417.90159698146556,-1000.0,0.0,277.5460392615083,1000.0,-1.453672348601618,-2.907344697203236,-1000.0,0.0,0.0,588.2753158091352,997.0926553027967,17.444068183219418,0.0,0.0,0.0,0.0,0.0,0.05814689394406473,0.0,-206.79123365504583,206.79123365504583,206.79123365504583,101.56470065775238,0.0,0.0,0.0,0.0,0.0,0.0,0.0,0.0,-10.241606253349724,0.0,-625.0000000000001,68.37062121118706,0.0,0.0,0.0,0.0,-37.18531060559353,0.11629378788802569,0.0,0.0,0.0,0.0,0.0,0.0,0.0,0.0,0.0,522.6355545097761,0.0,0.0,0.0,0.0,0.0,0.0,0.0,0.0,0.0,0.06396158333863156,0.06396158333863156,0.0,291.1618548662329,0.0,34.888136366438836,0.0,0.0,0.0,-107.24846228032112,0.0,205.60671854701312,0.0,0.0,0.0,492.1913421875562,107.24846228032112,0.0,0.0,0.0,0.0,0.0,68.37062121118706,0.0,0.0,0.0,0.0,0.0,0.0,0.0,158.8435507824448,-376.1075484932211,327.9748982028121,0.0,380.2720447943018,0.0,-321.8088900543971,321.8088900543971,286.2613748257605,0.0,492.1913421875562,0.0,455.00603158196265,0.0,0.0,0.0,206.79123365504583,0.0,0.0,0.0,0.0,0.0,0.0,0.0,0.0,0.0,0.0,0.0,0.0,0.0,34.888136366438836,0.0,0.0,0.0,0.0,0.0,0.0,0.0,0.0,0.0,0.0,0.0,0.0,0.5814689394406473,0.0,0.0,0.0,0.0,0.0,0.0,0.0,0.0,17.444068183219418,0.0,0.0,0.0,375.79473396060877,0.0,0.0,0.0,0.0,0.0,0.0,195.64062687307404,0.0,0.0,17.444068183219418,17.444068183219418,1000.0,107.24846228032112,0.0,68.37062121118706,0.0,0.0,0.0,0.0,0.0,859.0290881285299,0.0,1000.0,0.05814689394406473,0.0,0.0,56.70505786953214,0.0,0.0,0.0,0.0,0.0,0.0,0.0,0.0,0.0,0.0,0.0,0.0,0.0,0.0,0.0,0.0,0.0,0.0,0.05814689394406473,0.0,0.0,0.0,-757.942416773116,757.942416773116,0.0,0.0,0.0,0.0,0.0,-6.349640818693473,0.0,0.0,9.950871783628333,-4.3610170458048545,-2.907344697203236,0.0,0.0,0.0,0.0,0.0,0.0,0.0,0.0,0.0,0.0,0.0,0.0,0.0,0.0,0.0,0.0,1000.0,0.0,0.0,0.0,0.0,0.0,0.0,0.05814689394406473,0.0,0.05814689394406473,0.0,0.0,0.0,34.888136366438836,70.93921061175895,70.93921061175895,0.0,0.0,0.0,0.0,0.0,0.0,0.0,327.9748982028121,0.0,0.0,0.0,0.0,0.0,0.0,0.0,0.0,0.0,0.0,0.0,0.0,0.0,0.0,0.0,0.0,0.0,0.0,0.0,35.54751522863659,0.0,-114.30655340350509,114.30655340350509,0.0872203409160971,0.0,0.0,0.0,-17.444068183219418,0.0,0.0,0.0,0.0,0.0,-291.1618548662329,2.907344697203236,0.0,0.0,0.0,-437.5,0.0,410.9723512073335,0.0,0.0,-625.0000000000001,0.0,0.0,0.0,0.0,0.0,0.0,0.0,0.0,228.46373285562447,84.37062121118706,0.0,381.3455194139991,-20.19407944656532,0.0,-164.40582772128244,0.0,164.40582772128244,0.0,0.0,0.0,2.907344697203236,900.4791656456262,0.0,512.2525818566628,0.0,-10.241606253349724,0.0,0.0,0.0,0.0,0.0,0.0,0.0,0.0,0.0,-4.361017045804917,-4.3610170458048545,70.93921061175895,0.0,0.0,0.0,0.0,0.0,0.0,0.0,0.0,0.0,570.9008680949229,0.0,0.0,299.88388895784266,-579.3406123793081,0.0,0.0,17.444068183219418,0.0,0.0,0.0,0.0,198.09939052435902,0.0,0.0,0.06396158333863156,0.0,0.0,0.0,35.469605305879476,0.0,0.0,0.0,0.0,308.2336557804382,0.0,508.6740921373696,0.0,0.0,0.0,0.0,0.0,0.0,0.0,0.0,0.005814689394406478,0.005814689394406478,0.0,0.0,0.0,0.0,0.0,0.0,0.0,0.0,0.0,56.70505786953214,0.0,0.0,0.0,0.0,0.0,291.1618548662329,0.0,0.0,0.0,0.0,0.0,0.0,0.0,268.76767580501246,0.0,0.0,0.0,0.0,0.0,0.0,0.0,0.0,0.0,0.0,34.888136366438836,0.0,0.0,0.0,0.0,0.0,0.0,-34.888136366438836,0.0,0.0,0.0,0.0,0.0,0.0,0.0,0.0,0.0,0.0,0.0,0.0,0.0,859.0290881285299,39.83062235168434,-17.444068183219418,0.0,0.0,-10.18345935940566,0.0,0.0,0.0,0.0,0.0,0.0,0.0,0.0,0.0,0.0,0.0,0.0,0.0,0.0,0.0,0.0,0.0,-7.268361743008091,0.0,-4.3610170458048545,0.0,0.0,0.0,0.0,0.0,0.0,0.0,-0.726836174300809,10.241606253349724,0.0,0.0,0.0,0.0,0.0,0.0,0.0,1000.0,17.444068183219418,17.444068183219418,0.0,0.0,0.0,0.0,679.676721465069,0.06396158333863156,291.1618548662329,0.0,0.0,10.18345935940566,0.0,0.0,0.0,0.0,0.0,0.0,0.0,0.0,0.0,0.0,0.0,0.0,0.0,0.0,57.153276701752546,0.0,0.0,5.021555570685045,0.0,61.054238641267965,4.477310833693013,0.0,0.0,0.0,0.0,0.0,291.1618548662329,0.0,155.14884220538573,0.0,0.0,0.0,-7.268361743008091,0.0,0.0,0.0,0.0,0.0,0.0,0.0,0.0,0.0,0.0,0.0,0.0,0.0,0.0,0.0,0.0,0.0,0.0,-0.05814689394406473,0.0,0.0,2.907344697203236,-492.1913421875562,0.0,0.0,0.0,0.0,0.0,0.0,0.0,0.0,5.006447568584132,1.453672348601618,0.0,0.0,0.0,0.05814689394406473,0.0,58.14689394406472,-13.003981551975016,11.629378788812945,0.41533495674331944,172.27294524531064,-0.04361017045804855,2.907344697203257,1.1629378788812945,-0.29073446972139116,-172.27294524531064,17.444068183219418,-0.05814689394406473,6.731359815521773,68.37062121118706,0.014536723486016182,0.41533495674331944,-20.19407944656532,-9.256985515896702,-1.1629378788812945,-98.6497559007154,-0.05814689394406473,0.014536723486016182,-172.27294524531064,5.814689394406472,0.05814689394406473,0.05814689394406473,-291.03974638895016,0.06396158333847121,-6.318025909733592,-0.04361017045804855,17.444068183219418,0.05814689394406473,17.444068183219418,-29.07344697203237,-0.029073446972032364,-570.9212670190441,-41.420351516987125,-0.04361017045804855,-0.05814689394406473,-13.003981551975016,0.05814689394406473,5.814689394406472,-1.1629378788812945,35.54751522863659,35.54751522863659,-5.814689394406472,98.6497559007154,-35.54751522863659,11.629378788812945,0.0872203409160971,947.8905422209492,5.814689394406472,-158.8435507824448,68.37062121118706,-11.629378788812945,0.029073446972032364,0.5814689394406473,211.5411027659345,96.0,-0.05814689394406473,-304.2449060036475,291.03974638895016,18.02553712266006,0.05814689394406473,9.256985515896702,-1.4056515216906442,68.37062121118706,-0.05814689394406473,-0.014536723486016182,-68.37062121118706,-0.05814689394406473,-545.8594027429631,0.0581468939442921,-0.014536723486016182,-0.014536723486016182,-0.014536723486016182,23.25875757762589,29.073446972032364,0.5814689394406473,43.07958005081264,-0.014536723486016182,416.35084571634724,2.907344697203236,21.5,0.05814689394406473,0.029073446972032364,0.029073446972032364,40.0,13.003981551975016,0.05814689394406473,-13.003981551975016,0.5814689394406473,0.05814689394406473,-43.07958005081264,0.05814689394406473,0.2325875757773268,0.29073446972139116,0.029073446972032364,0.014536723486016182,17.444068183219418,-0.05814689394406473,6.318025909733592,0.5814689394406473,-86.15916010162528,1.4536723486015974,-5.814689394406472,11.629378788812945,2.907344697203236,-0.05814689394406473,20.19407944656532,0.0872203409160971,-0.05814689394406473,-80.0,13.003981551975016,176.40744569237393,0.029073446972032364,-43.0,-0.05814689394406473,-0.0581468939442921,-0.05814689394406473,0.029073446972032364,172.27294524531064,-11.629378788812945,0.05814689394406473,423.082205531869,-0.014536723486016182,-0.06396158333847121,-423.082205531869,8.722034091609707,41.420351516987125,-1000.0,172.27294524531064,-0.04361017045804855,304.2449060036475,-96.0,0.05814689394406473,-0.014536723486016184,2.907344697203236,58.14689394406472,-0.029073446972032364,-0.05814689394406473,0.014536723486016182,908.6258774106844,0.0,-972.8590529439853,0.0,-46.0,0.0,-108.0,-31.0,0.0,-32.0,-93.0,-65.0,-24.93943727606408,16.0,23.0,46.5,0.0,15.5,-291.1618548662329,-374.50683621673295,24.93943727606408,65.0,-374.50683621673295,108.0,-56.204518936357914,0.0,1496.5981,hclb
67,0.0,0.0,0.0,0.0,0.0,0.0,0.0,0.0,763.221573328842,0.0,0.0,0.0,0.0,0.0,0.0,0.0,0.0,0.0,0.0,46.95799864453403,0.0,0.0,0.0,0.0,0.0,0.0,0.0,0.0,0.0,925.7921142907695,0.0,0.0,18.93961914274288,0.0,0.0,0.0,0.0,0.0,0.0,-1000.0,-90.53021560651055,0.0,-529.6285431112942,-726.6749496874711,0.0,0.0,0.0,0.0,-728.7457077145925,-103.96137929000244,0.0,0.0,0.0,0.057593313988275635,0.0,0.0,0.0,10.47151163422252,0.0,0.0,-4.610955622935535,0.0,-686.5511959697494,-691.162151592685,1000.0,0.0,0.0,0.0,80.91112650228722,849.9432382815912,0.0,0.5235755817111261,0.0,0.0,0.0,0.0,0.0,0.0,0.0,306.5071076538473,0.0,0.0,-53.620803063965404,0.0,31.41453490266756,0.0,0.0,0.0,-923.5176908593895,802.8871403542852,0.0,0.0,0.0,1000.0,15.70726745133378,0.0,15.70726745133378,-62.79035675166529,0.0,0.0,0.0,2.61787790855563,925.7921142907695,0.0,0.0,-10.903278821675482,0.0,1000.0,0.0,0.0,0.0,0.0,0.0,0.0,0.0,0.0,0.0,0.0,0.0,0.0,0.0,0.0,0.0,0.0,-356.2452398684126,0.0,0.0,15.70726745133378,0.0,16.230843033044906,0.0,0.0,0.0,0.0,0.0,0.0,0.0,0.0,0.0,0.0,0.0,0.0,0.0,0.0,0.0,57.65233504314107,0.052357558171112595,0.013089389542778149,0.0,0.0,-830.5636136391632,0.0,0.0,0.0,53.620803063965404,0.0,135.27703925280093,0.0,0.0,0.0,0.0,0.0,-748.8951446136309,-748.8951446136309,0.0,0.0,0.0,0.0,475.90036497652625,0.0,0.0,-748.8427870554598,0.0,0.0,0.0,37.3391620310004,-78.47082845378945,0.0,0.0,0.0,0.0,0.0,0.0,0.0,0.0,0.0,0.0,0.0,0.0,0.0,0.0,-1000.0,0.0,0.0,0.0,0.0,0.0,103.96137929000244,529.6285431112942,199.1171646032983,-199.1171646032983,0.0,0.0,0.0,0.0,0.0,0.0,0.0,0.0,1000.0,0.0,0.0,0.0,0.0,0.0,0.0,0.0,0.0,0.0,0.0,0.0,0.0,0.0,2.2634385267236468,808.5066369076083,-726.6749496874711,0.0,0.0,0.0,0.0,79.71188662471762,0.0,0.0,0.0,0.0,-4.610955622935535,0.0,0.0,0.0,0.0,0.0,0.0,0.0,0.0,0.0,0.0,0.0,0.0,0.0,761.4945895414702,-890.7688090325119,0.0,0.0,726.6749496874711,0.0,0.0,0.0,331.6823385701682,0.0,0.0,0.0,46.70392040732281,0.0,0.0,0.0,0.0,0.0,0.0,0.0,0.0,-724.4005262560912,0.0,974.8208709624248,103.96137929000244,0.0,66.36570067268654,0.0,0.0,0.0,-1000.0,0.0,1000.0,0.0,0.0,0.0,0.0,1000.0,0.0,0.0,0.0,-4.610955622935535,-0.07853633725666889,0.0,0.0,0.0,0.0,0.052357558171112595,0.0,0.0,0.0,904.5808459239486,0.0,0.0,-231.05795954968966,1000.0,78.47082845378945,-144.35143652095425,0.0,0.0,0.0,-10.903278821675482,0.0,0.0,0.0,957.0631454102584,42.93685458974164,-1000.0,13.565298704357362,-352.6531376287968,0.0,0.0,0.0,0.0,0.0,0.0,0.0,0.0,0.0,0.0,0.0,0.0,0.0,0.0,0.0,0.0,0.0,0.2094302326843343,0.0,0.0,53.620803063965404,0.0,61.104443378556795,935.3264579536201,0.0,61.882698037432704,-57.65233504314108,0.0,0.0,0.0,326.5004018857416,0.0,-821.5318076704206,0.0,529.7188931146343,409.17243506163885,697.6838265783916,0.0,-2.61787790855563,-1000.0,641.4290148680641,0.0,-1000.0,0.0,-410.4813740159167,0.0,0.0,0.0,0.0,129.54126976260827,896.8219519726554,15.70726745133378,0.0,0.0,0.0,0.0,0.0,763.2739308870132,0.0,-2.2634385267236468,2.2634385267236468,2.2634385267236468,93.43176718745296,0.0,0.0,-748.9475021718021,0.0,0.0,0.0,0.0,0.0,-9.221911245870999,0.0,0.0,69.52848836577748,0.0,0.0,0.0,0.0,-37.76424418288874,0.10471511634216715,0.0,0.0,0.0,0.0,0.0,0.0,0.0,0.0,0.0,930.8543647838785,0.0,0.0,0.0,0.0,0.0,0.0,0.0,0.0,0.0,0.057593313988275635,0.057593313988275635,0.0,87.79192689250112,0.0,31.41453490266756,0.0,0.0,0.0,-919.6379119434191,0.0,0.0,0.0,0.0,0.0,291.89106195565404,919.6379119434191,0.0,0.0,455.2910272204316,0.0,0.0,69.52848836577748,0.0,0.0,0.0,0.0,0.0,0.0,0.0,118.74841328947088,-904.5808459239486,830.5636136391632,0.0,4.031531979175668,0.0,920.2881133752824,79.71188662471762,0.0,0.0,291.89106195565404,0.0,976.4647839064487,-722.3379661336835,-324.94907716073584,324.94907716073584,2.2634385267236468,0.0,0.0,0.0,0.0,0.0,0.0,0.0,0.0,0.0,0.0,0.0,0.0,0.0,31.41453490266756,0.0,0.0,0.0,0.0,0.0,0.0,0.0,0.0,0.0,0.0,0.0,0.0,0.5235755817111261,0.0,0.0,0.0,0.0,0.0,529.6285431112942,0.0,0.0,15.70726745133378,-455.2910272204316,0.0,0.0,0.0,0.0,0.0,0.0,0.0,0.0,0.0,-662.9771904963783,0.0,0.0,15.70726745133378,15.70726745133378,-121.4525927664484,919.6379119434191,0.0,69.52848836577748,0.0,0.0,0.0,0.0,0.0,-207.9429120385638,0.0,-150.0309836787453,0.052357558171112595,0.0,0.0,-930.8543647838785,1000.0,0.0,0.0,-1000.0,0.0,0.0,0.0,0.0,0.0,0.0,0.0,0.0,0.0,0.0,0.0,0.0,0.0,0.0,0.052357558171112595,0.0,0.0,0.0,-1000.0,1000.0,0.0,0.0,0.0,0.0,0.0,3.452108335415744,0.0,0.0,-0.2094302326843343,-3.926816862833445,-2.617877908555632,0.0,0.0,0.0,0.0,0.0,0.0,0.0,0.0,0.0,0.0,0.0,0.0,0.0,78.47082845378945,0.0,0.0,899.4398298812109,0.0,0.0,0.0,763.221573328842,0.0,0.0,0.052357558171112595,0.0,0.052357558171112595,0.0,0.0,0.0,31.41453490266756,63.87622096875737,63.87622096875737,0.0,0.0,0.0,0.0,0.0,0.0,0.0,830.5636136391632,0.0,0.0,0.0,0.0,0.0,961.5711311687912,0.0,0.0,0.0,0.0,0.0,0.0,0.0,0.0,0.0,0.0,0.0,0.0,0.0,79.71188662471762,0.0,0.0,0.0,0.07853633725666889,0.0,0.0,0.0,-15.70726745133378,0.0,0.0,0.0,0.0,0.0,-87.79192689250112,2.61787790855563,0.0,0.0,0.0,0.0,-475.90036497652625,-405.4145386861083,0.0,0.0,0.0,0.0,0.0,0.0,0.0,0.0,0.0,0.0,455.2910272204316,-965.2806366926097,85.52848836577748,0.0,885.0921020049407,-10.903278821675482,0.0,-463.0668737292494,0.0,463.0668737292494,53.620803063965404,267.80611760141085,0.0,2.617877908555632,1000.0,0.0,0.0,0.0,-9.221911245870999,-62.50000000000006,62.50000000000006,-1000.0,1000.0,0.0,0.0,0.0,0.0,0.0,-7.853633725666884,0.0,63.87622096875737,0.0,76.24090840237739,76.24090840237739,-76.24090840237739,0.0,0.0,0.0,0.0,0.0,0.0,0.0,0.0,99.57237748100145,-1000.0,1000.0,-529.6285431112942,15.70726745133378,0.0,0.0,0.0,0.0,-101.8766361313757,0.0,0.0,0.057593313988275635,0.0,0.0,0.0,31.938110484378686,0.0,0.0,0.0,0.0,808.5066369076083,0.0,0.0,0.0,0.0,0.0,0.0,0.0,0.0,-292.12004793729136,0.0,0.00523575581711141,0.00523575581711141,0.0,0.0,0.0,0.0,0.0,0.0,0.0,0.0,0.0,-930.8543647838785,0.0,0.0,0.0,0.0,0.0,87.79192689250112,0.0,0.0,0.0,0.0,0.0,0.0,0.0,103.96137929000244,0.0,0.0,0.0,0.0,0.0,822.6617050036605,0.0,0.0,0.0,0.0,31.41453490266756,0.0,0.0,0.0,0.0,0.0,0.0,-31.41453490266756,0.0,0.0,0.0,0.0,0.0,0.0,0.0,0.0,0.0,0.0,0.0,0.0,237.59680075078282,731.4145009565631,997.4360585160034,0.0,-15.70726745133378,0.0,0.0,0.0,0.0,0.0,0.0,0.0,0.0,0.0,0.0,0.0,0.0,0.0,0.0,0.0,0.0,0.0,0.0,0.0,-6.544694771389077,0.0,-3.926816862833445,957.6443143059578,0.0,0.0,0.0,0.0,0.0,-0.6544694771389076,0.0,62.8427143098364,0.0,0.0,0.0,0.0,0.0,0.0,0.0,440.21895470083433,15.70726745133378,15.70726745133378,0.0,0.0,0.0,0.0,306.5071076538473,0.057593313988275635,87.79192689250112,0.0,0.0,0.0,0.0,0.0,0.0,0.0,0.0,0.0,0.0,0.0,0.0,0.0,0.0,0.0,0.0,0.0,0.0,0.0,0.0,0.0,0.0,54.975436079668235,4.031531979175668,0.0,0.0,0.0,0.0,0.0,87.79192689250112,0.0,401.1107474044442,0.0,0.0,0.0,-6.544694771389077,0.0,0.0,0.0,0.0,0.0,0.0,0.0,0.0,0.0,0.0,0.0,0.0,0.0,0.0,0.0,0.0,0.0,0.0,-0.052357558171112595,0.0,0.0,2.61787790855563,-291.89106195565404,0.0,0.0,0.0,0.0,0.0,0.0,0.0,0.0,-957.0631454102584,1.308938954277815,0.0,0.0,0.0,0.052357558171112595,0.0,52.35755817111259,-16.230843033044906,10.47151163422252,0.37398255836509,146.07758729740414,-0.039268168628334446,470.28110688536566,1.047151163422252,-0.2617877908554469,-146.07758729740414,15.707267451333779,-0.052357558171112595,3.6344262738918274,69.52848836577748,0.013089389542778149,0.37398255836509,-10.903278821675482,-8.33532326083975,-1.047151163422252,-46.95799864453403,-0.052357558171112595,0.013089389542778149,-146.07758729740414,5.23575581711126,0.052357558171112595,0.052357558171112595,-87.68197602034174,0.057593313988224,-34.897305682280646,-0.039268168628334446,15.70726745133378,0.052357558171112595,15.70726745133378,-26.1787790855563,-0.026178779085556297,-78.57317592716932,-85.0,-0.039268168628334446,-0.052357558171112595,-16.230843033044906,0.052357558171112595,5.23575581711126,-1.047151163422252,79.71188662471762,79.71188662471762,-5.23575581711126,46.95799864453403,-79.71188662471762,10.47151163422252,0.07853633725666889,0.0,5.23575581711126,-118.74841328947088,69.52848836577748,-10.47151163422252,0.026178779085556297,0.5235755817111261,57.764489887422414,96.0,-0.052357558171112595,-99.57237748100145,87.68197602034174,16.230843033044906,0.052357558171112595,8.33532326083975,6.699418560442632,69.52848836577748,-0.052357558171112595,-0.013089389542778149,-69.52848836577748,-0.052357558171112595,-37.76424418288874,0.052357558171112595,-0.013089389542778149,-0.013089389542778149,-0.013089389542778149,20.94302326844504,26.1787790855563,0.5235755817111261,59.447413147800276,-0.013089389542778149,111.894553500953,2.61787790855563,21.5,0.052357558171112595,0.026178779085556297,0.026178779085556297,40.0,16.230843033044906,0.052357558171112595,-16.230843033044906,0.5235755817111261,0.052357558171112595,-100.7614276233586,0.052357558171112595,0.2094302326843343,0.2617877908554469,0.026178779085556297,0.013089389542778149,15.70726745133378,-0.052357558171112595,34.897305682280646,0.523575581711126,-118.89482629560055,468.9721679310878,-5.23575581711126,10.47151163422252,2.61787790855563,-0.052357558171112595,10.903278821675482,0.07853633725666889,-0.052357558171112595,-80.0,16.230843033044906,707.3384642554977,0.026178779085556297,-43.0,-0.052357558171112595,-0.052357558171112595,-0.052357558171112595,0.026178779085556297,146.07758729740414,-10.47151163422252,0.052357558171112595,115.52897977484483,-0.013089389542778149,-0.057593313988224,-115.52897977484483,7.853633725666889,85.0,-107.02410795568686,146.07758729740414,-0.039268168628334446,99.57237748100145,-96.0,0.052357558171112595,-0.013089389542778149,329.1182797942972,52.35755817111259,-0.026178779085556297,-0.052357558171112595,0.013089389542778149,0.0,0.0,-78.51279287727952,41.314014475558324,-46.0,0.0,170.55033982394673,-31.0,0.0,-32.0,-93.0,-65.0,-78.48661409819397,16.0,23.0,46.5,0.0,15.5,-87.79192689250112,-605.461828124122,78.48661409819397,65.0,-605.461828124122,-170.55033982394673,79.30758272319642,0.0,1496.5981,hclb
68,0.0,0.0,0.0,0.0,0.0,0.0,0.0,0.0,636.2838242844095,0.0,0.0,0.0,0.0,0.0,0.0,0.0,36.65717824597251,41.720456759475894,0.0,0.0,0.0,0.0,0.0,0.0,0.0,0.0,0.0,0.0,0.0,36.65717824597251,0.0,0.0,18.520577876236334,0.0,0.0,0.0,0.0,-52.06520477998791,0.0,-486.5258923915009,1000.0,0.0,0.0,0.0,0.0,0.0,0.0,0.0,0.0,0.0,0.0,73.31435649194502,0.0,0.0472530480357527,0.0,0.0,0.0,8.591463279200159,0.0,0.0,42.14206469251174,0.0,290.81395205528975,195.18049967844274,0.0,0.0,0.0,0.0,0.0,218.7958391209506,0.0,0.429573163960008,0.0,0.0,0.0,0.0,0.0,0.0,0.0,0.0,0.0,0.0,0.0,0.0,25.774389837600477,0.0,0.0,94.17458487168297,57.45297065111646,-36.59274227137851,0.0,0.0,0.0,-77.20110914145931,12.887194918800239,0.0,12.887194918800239,-1.3832255879513695,0.0,0.0,0.0,921.1337516901115,36.65717824597251,0.0,0.0,-11.530065431411895,86.2577224609912,273.9876194503976,0.0,0.0,0.0,0.0,0.0,0.0,0.0,0.0,0.0,0.0,0.0,0.0,0.0,0.0,0.0,0.0,-1000.0,0.0,0.0,12.887194918800239,0.0,13.316768082760248,0.0,0.0,0.0,-541.083909657923,541.083909657923,-541.083909657923,0.0,0.0,0.0,-137.77551706935876,0.0,0.0,0.0,0.0,0.0,3.307713362492059,0.04295731639600079,0.0107393290990002,0.0,0.0,-1000.0,0.0,0.0,0.0,0.0,0.0,-16.940334592036915,0.0,0.0,0.0,0.0,0.0,-874.196467451429,-874.196467451429,0.0,0.0,0.0,937.5,-337.8595243040289,0.0,0.0,-874.153510135033,0.0,0.0,0.0,0.0,0.0,0.0,0.0,0.0,0.0,0.0,0.0,0.0,0.0,0.0,0.0,0.0,0.0,0.0,0.0,-1000.0,0.0,0.0,0.0,0.0,0.0,0.0,-73.31435649194502,-20.860228379737947,20.860228379737947,0.0,0.0,0.0,0.0,0.0,0.0,0.0,0.0,0.0,0.0,0.0,0.0,0.0,0.0,0.0,0.0,0.0,0.0,0.0,0.0,0.0,0.0,0.0,887.9252040974092,0.0,0.0,0.0,0.0,137.77551706935876,80.66131104400392,0.0,0.0,0.0,0.0,42.14206469251174,0.0,0.0,0.0,0.0,0.0,0.0,0.0,0.0,0.0,0.0,0.0,0.0,0.0,0.0,78.31319903085442,0.0,0.0,0.0,0.0,0.0,137.77551706935876,0.0,0.0,0.0,0.0,-50.25455389389654,0.0,0.0,-1000.0,0.0,0.0,-1000.0,0.0,0.0,36.59274227137851,0.0,0.0,0.0,0.0,39.18960170083831,0.0,0.0,0.0,-263.40789829414695,0.0,263.40789829414695,0.0,-749.0886779971781,0.0,137.77551706935876,780.1813916359091,937.5,0.0,0.0,42.14206469251174,-0.06443597459400119,0.0,0.0,0.0,0.0,0.04295731639600079,0.0,0.0,0.0,906.4514940371959,36.65717824597251,0.0,-127.1541260490269,1000.0,0.0,803.7031411286416,0.0,1000.0,0.0,-11.530065431411895,0.0,0.0,0.0,-3.6986249416958197,0.0,-996.3013750583042,-1000.0,184.49303043479767,0.0,0.0,0.0,0.0,0.0,0.0,0.0,0.0,0.0,0.0,0.0,0.0,0.0,0.0,0.0,0.0,0.0,0.0,0.0,0.0,0.0,51.89337551440392,0.0,0.0,0.0,834.6032075980152,-3.307713362492059,0.0,0.0,0.0,0.0,918.9858858703114,0.0,0.0,0.0,0.0,0.0,-78.50360961774193,0.0,938.4593485310892,0.0,0.0,-931.0096844510645,0.0,-1.0739329099000199,-2.1478658198000398,0.0,0.0,830.3753422476906,1000.0,-915.052792922858,12.887194918800239,0.0,0.0,0.0,0.0,0.0,636.3267816008056,0.0,0.0,0.0,0.0,95.93860215221174,0.0,0.0,-125.1507467706469,0.0,0.0,0.0,0.0,0.0,-53.49138768433528,0.0,0.0,209.1840537901586,0.0,0.0,0.0,0.0,-38.70426836039992,0.08591463279197303,0.0,0.0,0.0,0.0,0.0,0.0,0.0,0.0,0.0,218.7958391209506,0.0,0.0,0.0,0.0,0.0,0.0,0.0,0.0,0.0,0.0472530480357527,0.0472530480357527,0.0,87.40853672079984,0.0,25.774389837600477,0.0,0.0,0.0,697.7451758536404,0.0,0.0,0.0,0.0,0.0,170.89000052058273,-697.7451758536404,0.0,0.0,885.4508387248954,0.0,0.0,209.1840537901586,0.0,0.0,0.0,0.0,0.0,0.0,0.0,333.3333333333333,-906.4514940371959,913.7422775390088,469.3688756961087,3.307713362492059,0.0,101.87150411941566,-179.072613260875,-259.7339243048789,0.0,170.89000052058273,0.0,202.5009928344934,-70.3152606743106,0.0,0.0,0.0,0.0,0.0,0.0,0.0,0.0,0.0,0.0,0.0,0.0,0.0,0.0,0.0,0.0,25.774389837600477,137.77551706935876,137.77551706935876,0.0,0.0,0.0,0.0,0.0,0.0,0.0,0.0,0.0,0.0,0.429573163960008,0.0,0.0,0.0,0.0,0.0,-73.31435649194502,0.0,0.0,12.887194918800239,-885.4508387248954,0.0,0.0,0.0,469.3688756961087,0.0,0.0,0.0,0.0,0.0,-266.29825981551346,0.0,0.0,12.887194918800239,12.887194918800239,964.7811497103086,-697.7451758536404,0.0,209.1840537901586,0.0,0.0,0.0,0.0,0.0,133.70151008595107,0.0,184.49303043479767,0.04295731639600079,0.0,0.0,-943.2687269395958,1000.0,0.0,0.0,77.20110914145931,0.0,0.0,0.0,0.0,0.0,0.0,0.0,0.0,0.0,0.0,0.0,0.0,0.0,0.0,0.04295731639600079,0.0,0.0,0.0,0.0,0.0,0.0,0.0,0.0,51.89337551440392,0.0,-3.307713362492059,0.0,0.0,0.0,-3.221798729700059,-2.1478658198000398,0.0,0.0,0.0,0.0,0.0,0.0,0.0,0.0,0.0,0.0,0.0,0.0,137.77551706935876,0.0,0.0,0.0,-82.52958485536737,0.0,0.0,0.0,636.2838242844095,0.0,0.0,0.04295731639600079,0.0,0.04295731639600079,0.0,0.0,0.0,25.774389837600477,52.40792600312098,52.40792600312098,0.0,0.0,0.0,0.0,0.0,0.0,0.0,913.7422775390088,0.0,0.0,0.0,0.0,0.0,0.0,0.0,0.0,0.0,0.0,0.0,0.0,0.0,0.0,0.0,0.0,0.0,0.0,0.0,80.66131104400392,0.0,-777.0414776388366,777.0414776388366,0.06443597459400119,0.0,0.0,0.0,-12.887194918800239,0.0,0.0,0.0,0.0,0.0,-87.40853672079984,2.1478658198000398,0.0,0.0,0.0,-937.5,337.8595243040289,871.4689085922477,0.0,0.0,0.0,0.0,0.0,0.0,0.0,0.0,137.77551706935876,0.0,885.4508387248954,0.0,87.40853672079984,0.0,970.1508142598086,-11.530065431411895,0.0,868.1611952297555,0.0,-868.1611952297555,0.0,-52.40792600312098,0.0,2.1478658198000398,1000.0,0.0,0.0,0.0,-53.49138768433528,0.0,0.0,827.3076503211526,-827.3076503211526,0.0,0.0,0.0,0.0,0.0,0.0,-6.443597459400124,52.40792600312098,0.0,0.0,0.0,0.0,0.0,0.0,0.0,0.0,0.0,0.0,0.0,0.0,90.6303354504999,-275.5271121813548,53.98045870459437,0.0,12.887194918800239,0.0,0.0,0.0,0.0,-172.62712862617786,0.0,0.0,0.0472530480357527,0.0,0.0,0.0,26.20396300156049,0.0,0.0,0.0,0.0,887.9252040974092,0.0,86.2577224609912,0.0,0.0,0.0,0.0,0.0,0.0,0.0,0.0,0.004295731639600202,0.004295731639600202,0.0,0.0,0.0,0.0,0.0,0.0,0.0,0.0,0.0,-943.2687269395958,0.0,0.0,0.0,0.0,0.0,87.40853672079984,0.0,0.0,0.0,0.0,0.0,0.0,0.0,0.0,0.0,0.0,0.0,0.0,0.0,0.0,41.720456759475894,0.0,0.0,0.0,25.774389837600477,0.0,0.0,0.0,0.0,0.0,0.0,-25.774389837600477,0.0,0.0,0.0,0.0,0.0,0.0,0.0,0.0,0.0,0.0,0.0,0.0,1000.0,-829.6413116680765,29.42576173126055,810.2736597689093,-823.1608546877095,0.0,-0.17182926558398423,0.0,0.0,0.0,0.0,0.0,0.0,0.0,0.0,0.0,0.0,0.0,0.0,0.0,0.0,0.0,0.0,0.0,-5.369664549500099,137.77551706935876,-922.2076846000115,3.221798729700062,0.0,0.0,0.0,0.0,0.0,624.5350396385375,-625.0720060934875,53.49138768433528,0.0,0.0,0.0,0.0,0.0,0.0,0.0,1000.0,12.887194918800239,12.887194918800239,0.0,0.0,0.0,0.0,0.0,0.0472530480357527,87.40853672079984,0.0,0.0,0.17182926558398748,0.0,0.0,0.0,0.0,0.0,0.0,0.0,0.0,0.0,0.0,0.0,0.0,0.0,0.0,388.5207388194183,0.0,0.0,0.0,0.0,45.10518221580084,0.0,0.0,3.307713362492059,0.0,0.0,0.0,87.40853672079984,0.0,-874.9999999999991,0.0,0.0,0.0,-5.369664549500099,0.0,0.0,0.0,0.0,0.0,0.0,0.0,0.0,0.0,0.0,0.0,0.0,0.0,0.0,0.0,0.0,0.0,0.0,-0.04295731639600079,0.0,0.0,2.1478658198000398,-170.89000052058273,0.0,0.0,0.0,0.0,137.77551706935876,0.0,0.0,0.0,3.6986249416958197,1.0739329099000199,0.0,0.0,0.0,0.04295731639600079,0.0,42.95731639600079,-13.316768082760248,8.591463279200159,0.30683797425714854,119.85091274484223,-0.032217987297000594,461.64080875495574,0.859146327920016,-0.2147865819799883,-119.85091274484223,12.887194918800239,-0.04295731639600081,3.843355143803965,209.1840537901586,0.0107393290990002,0.30683797425714854,-11.530065431411895,-6.8388047702435415,-0.859146327920016,-78.37763500544841,-0.0429573163960008,0.0107393290990002,-119.85091274484223,4.2957316396000795,0.04295731639600081,0.04295731639600079,-87.31832635636809,0.047253048035601,-34.16471537381247,-0.032217987297000594,12.887194918800239,0.0429573163960008,12.887194918800239,-21.478658198000396,-0.0214786581980004,74.16518082867317,-85.0,-0.032217987297000594,-0.0429573163960008,-13.316768082760248,0.04295731639600079,4.2957316396000795,-0.859146327920016,80.66131104400392,80.66131104400392,-4.2957316396000795,78.37763500544841,-80.66131104400392,8.591463279200159,0.06443597459400119,137.4265358304047,4.2957316396000795,-333.3333333333333,209.1840537901586,-8.591463279200159,0.0214786581980004,0.429573163960008,31.788531512256725,96.0,-0.04295731639600079,-97.07393290990002,87.31832635636809,13.316768082760248,0.0429573163960008,6.8388047702435415,157.63527411495772,209.1840537901586,-0.04295731639600079,-0.0107393290990002,-209.1840537901586,-0.0429573163960008,-124.96199082139117,0.04295731639600078,-0.0107393290990002,-0.0107393290990002,-0.0107393290990002,17.182926558400318,21.478658198000396,0.429573163960008,31.82600178488616,-0.0107393290990002,59.73370788070949,2.1478658198000398,21.5,0.04295731639600079,0.0214786581980004,0.0214786581980004,40.0,13.316768082760248,0.04295731639600079,-13.316768082760248,0.429573163960008,0.0429573163960008,-31.82600178488616,0.0429573163960008,0.17182926558398423,0.2147865819799883,0.0214786581980004,0.0107393290990002,12.887194918800239,-0.0429573163960008,34.16471537381247,0.429573163960008,-63.65200356977232,460.56687584505573,-4.2957316396000795,8.591463279200159,2.1478658198000398,-0.0429573163960008,11.530065431411895,0.06443597459400119,-0.0429573163960008,-80.0,13.316768082760248,515.678109823479,0.0214786581980004,-43.0,-0.0429573163960008,-0.04295731639600078,-0.0429573163960008,0.0214786581980004,119.85091274484223,-8.591463279200159,0.04295731639600079,63.57706302451345,-0.0107393290990002,-0.047253048035601,-63.57706302451345,6.443597459400118,85.0,-148.2694958818873,119.85091274484223,-0.032217987297000594,97.07393290990002,-96.0,0.0429573163960008,-0.010739329099000196,2.1478658198000398,42.95731639600079,-0.0214786581980004,-0.0429573163960008,0.0107393290990002,0.0,0.0,-137.4480144886027,0.0,-46.0,0.0,94.89186934419052,-31.0,0.0,57.45499581642419,-93.0,-65.0,0.0,-28.727497908212094,23.0,46.5,0.0,15.5,-87.40853672079984,-343.0509811973011,0.0,65.0,-343.0509811973011,-94.89186934419052,-33.51956820518364,0.0,1496.5981,hclb
69,0.0,0.0,0.0,0.0,0.0,0.0,0.0,0.0,-0.05871858747749016,0.0,0.0,0.0,0.0,0.0,0.0,0.0,0.0,-217.5857991264661,0.0,0.0,0.0,0.0,0.0,0.0,0.0,471.3145017859691,0.0,0.0,0.0,-891.5729298718737,0.0,0.0,24.823235854485585,0.0,0.0,0.0,0.0,69.78723540739534,0.0,-1000.0,939.9702113139725,0.0,0.0,1000.0,0.0,0.0,0.0,283.30832917275626,0.0,0.0,0.0,0.0,0.0,0.0645904462252962,0.0,0.0,0.0,260.3370828122906,0.0,0.0,-5.171150270517514,0.0,814.7651028788182,809.5939526083007,0.0,0.0,0.0,0.0,520.7882989185197,-520.7882989185197,0.0,0.5871858747749016,0.0,0.0,0.0,0.0,0.0,0.0,0.0,0.0,0.0,0.0,0.0,0.0,35.231152486494096,0.0,0.0,71.42217482285554,-289.00797394932164,939.2536851825602,-0.01467964686937254,0.0,0.0,-950.1346897605008,17.615576243247048,0.0,17.615576243247048,0.0,0.0,0.0,0.0,549.7606489980167,-1000.0,0.0,0.0,-4.879083362261825,0.0,0.0,0.0,0.0,0.0,0.0,0.0,0.0,0.0,0.0,0.0,0.0,0.0,0.0,0.0,0.0,0.0,0.0,-1000.0,0.0,0.0,17.615576243247048,0.0,18.202762118021948,0.0,0.0,437.5000000000004,0.0,-437.5000000000004,437.5000000000004,-221.2971078027297,1000.0,-1000.0,221.2971078027297,0.0,0.0,0.0,0.0,0.0,4.521331235766761,0.05871858747749016,0.0,0.0,0.0,0.0,0.0,0.0,0.0,0.0,0.0,141.92435132086308,0.0,0.0,0.0,0.0,0.0,404.47351571321866,404.47351571321866,0.0,0.0,0.0,187.375,237.53102649272063,0.0,0.0,404.53223430069613,0.0,0.0,0.0,-500.770961892017,-401.0416666666664,0.0,0.0,0.0,0.0,0.0,0.0,0.0,0.0,0.0,-80.07081736095286,0.0,0.0,0.0,0.0,-1000.0,0.0,0.0,0.0,0.0,0.0,0.0,0.0,289.00797394932164,-289.00797394932164,0.0,0.0,0.0,0.0,0.0,0.0,0.0,108.4270701281263,-954.0835409301843,0.0,0.0,0.0,0.0,0.0,0.0,0.0,0.0,0.0,0.0,0.0,0.0,0.0,133.01020209434,32.68064537320898,891.5729298718737,0.0,0.0,0.0,0.0,79.0694226647735,0.0,0.0,0.0,0.0,-5.171150270517514,-108.42707012812627,0.0,0.0,0.0,0.0,0.0,0.0,0.0,0.0,926.9825380888977,34.71496385596372,0.0,0.0,578.0159478986433,0.0,360.4301487721772,0.0,-891.5729298718737,0.0,0.0,0.0,-928.363323277462,0.0,0.0,0.0,-60.131390038669565,0.0,0.0,199.00921369015933,199.0092136901593,0.0,0.0,0.0,-199.0092136901593,0.0,0.0,0.0,0.0,0.0,84.75543639742406,0.0,0.0,0.0,0.0,0.0,0.0,0.0,1000.0,0.0,0.0,307.77251462554875,187.375,0.0,0.0,-5.171150270517514,-0.08807788121623523,0.0,0.0,0.0,0.0,0.05871858747749016,0.0,0.0,0.0,-23.66753699691833,0.0,0.0,-681.7221506004578,159.58921228829024,401.0416666666664,889.3295050527176,0.0,1000.0,0.0,-4.879083362261825,0.0,0.0,0.0,-5.055670381811959,5.055670381811959,-1000.0,-1000.0,-1000.0,0.0,0.0,0.0,0.0,0.0,0.0,0.0,0.0,0.0,0.0,0.0,0.0,0.0,0.0,0.0,0.0,0.0,-929.9778902426946,0.0,-1000.0,0.0,0.0,925.0917995721231,0.0,0.0,0.0,-931.5038693246645,0.0,0.0,0.0,0.0,546.8247196241422,-922.9872736175847,0.0,0.0,0.0,397.14330431725307,-574.4817108808649,-2.935929373874508,492.84765229895015,428.0877696626094,0.0,-276.3482891859456,318.61942395930726,-1.467964686937254,0.0,0.0,0.0,-924.9222679548789,0.0,995.1822562226366,17.615576243247048,0.0,0.0,0.0,0.0,0.0,0.0,0.0,-133.01020209434,133.01020209434,133.01020209434,86.13536586676379,0.0,0.0,-595.5852028742588,0.0,0.0,108.4270701281263,0.0,0.0,-10.342300541035028,0.0,0.0,68.25628250450197,0.0,0.0,0.0,0.0,15.065069129961936,0.1174371749550404,0.0,0.0,0.0,0.0,0.0,0.0,0.0,174.03573536282914,0.0,0.0,0.0,0.0,0.0,0.0,0.0,0.0,0.0,0.0,0.0,0.0645904462252962,0.0645904462252962,0.0,217.26648459884197,0.0,35.231152486494096,0.0,0.0,0.0,482.82369947688386,0.0,124.84938154689723,0.0,0.0,0.0,414.9306107655943,-482.82369947688386,0.0,0.0,0.0,0.0,0.0,68.25628250450197,0.0,0.0,0.0,0.0,0.0,0.0,0.0,333.3333333333333,23.66753699691833,0.0,0.0,4.521331235766761,0.0,-158.85102370940876,-791.283666051092,-870.3530887158655,0.0,414.9306107655943,0.0,838.7348876580603,-408.7392077625041,1000.0,-1000.0,133.01020209434,0.0,0.0,0.0,0.0,0.0,0.0,0.0,0.0,0.0,0.0,0.0,0.0,0.0,35.231152486494096,0.0,0.0,0.0,0.0,0.0,0.0,0.0,0.0,0.0,0.0,0.0,0.0,0.5871858747749016,0.0,0.0,0.0,0.0,0.0,0.0,0.0,0.0,17.615576243247048,0.0,0.0,0.0,0.0,0.0,0.0,0.0,0.0,0.0,0.0,-887.6590634987944,184.7150199421693,0.0,17.615576243247048,17.615576243247048,1000.0,-482.82369947688386,0.0,68.25628250450197,0.0,0.0,0.0,0.0,0.0,1000.0,108.4270701281263,952.4383022540118,0.05871858747749016,0.0,0.0,0.0,77.5462831336654,0.0,174.03573536282914,950.1346897605008,0.0,0.0,0.0,0.0,0.0,0.0,0.0,0.0,0.0,0.0,0.0,0.0,0.0,0.0,0.05871858747749016,0.0,0.0,0.0,0.0,0.0,0.0,0.0,0.0,0.0,-6.412069752541356,0.0,0.0,0.0,-70.02210975730543,-4.403894060811762,0.0,-2.935929373874508,0.0,187.50000000000003,187.50000000000003,-187.50000000000003,0.0,0.0,0.0,0.0,0.0,0.0,0.0,0.0,401.0416666666664,0.0,0.0,73.1959176416322,0.0,0.0,0.0,-0.05871858747749016,0.0,0.0,0.05871858747749016,0.0,0.05871858747749016,0.0,0.0,0.0,35.231152486494096,71.636676722538,71.636676722538,0.0,0.0,0.0,0.0,0.0,0.0,0.0,0.0,0.0,108.4270701281263,0.0,0.0,0.0,0.0,0.0,0.0,0.0,0.0,0.0,0.0,0.0,0.0,0.0,0.0,0.0,0.0,0.0,79.0694226647735,0.0,-598.5216022367,598.5216022367,0.08807788121623523,0.0,0.0,0.0,-17.615576243247048,0.0,0.0,0.0,0.0,0.0,-217.26648459884197,2.935929373874508,0.0,0.0,0.0,-187.375,-237.53102649272063,654.6055467871932,-2.935929373874508,0.0,0.0,0.0,0.0,0.0,0.0,0.0,0.0,0.0,0.0,584.0349958055203,84.25628250450197,0.0,53.25628250450197,-4.879083362261825,0.0,-270.48625278492983,0.0,270.48625278492983,0.0,-1000.0,0.0,2.935929373874508,771.7843379099859,0.0,0.0,0.0,-10.342300541035028,437.5000000000004,-437.5000000000004,319.09732971451695,-319.09732971451695,0.0,0.0,0.0,0.0,0.0,301.7411960206066,-230.47816678127703,71.636676722538,0.0,0.0,0.0,0.0,0.0,0.0,0.0,0.0,0.0,926.9825380888977,0.0,0.0,0.0,-77.5462831336654,0.0,0.0,17.615576243247048,0.0,0.0,0.0,0.0,91.92901019039748,0.0,0.0,0.0645904462252962,0.0,0.0,0.0,35.818338361269,0.0,0.0,0.0,0.0,32.68064537320898,0.0,0.0,0.0,0.0,0.0,0.0,0.0,0.0,860.2921795224164,0.0,0.005871858747749021,0.005871858747749021,0.0,0.0,0.0,0.0,0.0,0.0,0.0,0.0,0.0,0.0,0.0,0.0,0.0,0.0,0.0,217.26648459884197,0.0,0.0,0.0,0.0,0.0,0.0,0.0,0.0,0.0,0.0,0.0,0.0,0.0,0.0,-217.5857991264661,0.0,0.0,0.0,35.231152486494096,0.0,0.0,0.0,0.0,0.0,-910.2311524864937,874.9999999999995,0.0,0.0,0.0,0.0,0.0,0.0,0.0,0.0,0.0,0.0,0.0,0.0,-952.4383022540118,-1000.0,40.222232422080765,-17.615576243247048,0.0,0.0,69.78723540739534,0.0,0.0,0.0,0.0,0.0,0.0,0.0,0.0,0.0,93.75,0.0,-93.75,-93.75,0.0,0.0,0.0,0.0,-7.33982343468627,0.0,-551.2286136849539,226.0742727204655,0.0,0.0,0.0,0.0,0.0,-1000.0,999.2660176565314,10.342300541035028,0.0,0.0,0.0,0.0,0.0,0.0,0.0,1000.0,17.615576243247048,17.615576243247048,0.0,0.0,0.0,0.0,0.0,0.0645904462252962,217.26648459884197,0.0,0.0,-69.78723540739534,0.0,0.0,0.0,0.0,0.0,0.0,0.0,0.0,0.0,0.0,0.0,0.0,0.0,0.0,63.60355022536544,0.0,0.0,0.0,0.0,61.65451685136467,4.521331235766761,0.0,0.0,0.0,0.0,0.0,217.26648459884197,0.0,270.48625278492983,0.0,0.0,0.0,-7.33982343468627,0.0,0.0,0.0,0.0,0.0,0.0,0.0,0.0,0.0,0.0,0.0,0.0,0.0,0.0,0.0,0.0,0.0,0.0,-0.05871858747749016,0.0,0.0,2.935929373874508,-414.9306107655943,0.0,0.0,0.0,0.0,0.0,0.0,0.0,0.0,5.055670381811959,1.467964686937254,0.0,0.0,471.3145017859691,0.05871858747749016,0.0,58.71858747749016,-18.202762118021948,11.743717495498032,0.4194184819820726,163.82485906219753,-0.04403894060811762,276.3482891859456,1.1743717495498032,-0.2935929373875764,-163.82485906219753,17.615576243247048,-0.05871858747749016,1.6263611207539415,68.25628250450197,0.01467964686937254,0.4194184819820726,-4.879083362261825,-9.347999126415857,-1.1743717495498032,217.5857991264661,-0.05871858747749016,0.01467964686937254,-163.82485906219753,5.871858747749016,0.05871858747749016,0.05871858747749016,-217.14317556513916,0.06459044622523918,0.0,-0.04403894060811762,17.615576243247048,0.05871858747749016,17.615576243247048,-29.35929373874508,-0.02935929373874508,-132.16618459633943,-85.0,-0.04403894060811762,-0.05871858747749016,-18.202762118021948,0.05871858747749016,5.871858747749016,-1.1743717495498032,79.0694226647735,79.0694226647735,-5.871858747749016,-217.5857991264661,-79.0694226647735,11.743717495498032,0.08807788121623523,-1000.0,5.871858747749016,-333.3333333333333,68.25628250450197,-11.743717495498032,0.02935929373874508,0.5871858747749016,170.43053765011445,96.0,-0.05871858747749016,-230.47816678127703,217.14317556513916,18.202762118021948,0.05871858747749016,9.347999126415857,-2.2060224684861964,68.25628250450197,-0.05871858747749016,-0.01467964686937254,-68.25628250450197,-0.05871858747749015,15.065069129961936,0.05871858747751858,-0.01467964686937254,-0.01467964686937254,-0.01467964686937254,23.487434990996064,29.35929373874508,0.5871858747749016,224.077963198735,-0.01467964686937254,339.23471417947496,2.935929373874508,-4.59660519110646,0.05871858747749016,0.02935929373874508,0.029359293738745074,40.0,18.202762118021948,0.05871858747749016,-18.202762118021948,0.5871858747749016,0.05871858747749016,-585.2276226014357,0.05871858747749016,0.2348743499101147,0.2935929373875764,0.02935929373874508,0.01467964686937254,17.615576243247048,-0.05871858747749016,0.0,0.5871858747749016,-448.15592639747,274.88032449900834,-5.871858747749016,11.743717495498032,2.935929373874508,-0.05871858747749016,4.879083362261825,0.08807788121623523,-0.05871858747749016,-80.0,18.202762118021948,-48.081428033007015,0.02935929373874508,9.193210382212918,-0.05871858747749016,-0.05871858747751858,-0.05871858747749016,0.02935929373874508,163.82485906219753,-11.743717495498032,0.05871858747749016,340.8610753002289,-0.01467964686937254,-0.06459044622523918,-340.8610753002289,8.807788121623522,85.0,836.1392246359947,163.82485906219753,-0.04403894060811762,230.47816678127703,-96.0,0.05871858747749016,-0.014679646869372544,2.935929373874508,58.71858747749016,-0.02935929373874508,-0.05871858747749016,0.01467964686937254,0.0,0.0,60.716955523701095,361.14965940270065,-46.0,0.0,-108.0,-31.0,0.0,-32.0,-93.0,-65.0,-939.2536851825602,16.0,23.0,46.5,0.0,15.5,-217.26648459884197,-43.84758215739046,939.2536851825602,65.0,-43.84758215739046,108.0,-55.83291813963141,0.0,1496.5981,hclb
70,0.0,0.0,0.0,0.0,0.0,0.0,0.0,0.0,200.8318384905223,0.0,0.0,0.0,0.0,0.0,0.0,0.0,932.7581733769695,-658.7170367445913,0.0,0.0,0.0,0.0,0.0,1000.0,0.0,0.0,0.0,0.0,0.0,-619.6201741447146,0.0,0.0,22.334552834561485,0.0,0.0,0.0,0.0,136.2207109796037,0.0,-1000.0,1000.0,0.0,0.0,0.0,0.0,0.0,0.0,100.15932083708233,-1000.0,0.0,0.0,253.37903075752314,0.0,0.06627354491464955,0.0,0.0,0.0,112.20905627611425,0.0,0.0,-3.2037661014802734,0.0,117.3844055005378,0.0,0.0,0.0,0.0,0.0,299.54159643427,-299.54159643427,0.0,0.6024867719515963,0.0,0.0,0.0,0.0,0.0,0.0,0.0,0.0,0.0,0.0,0.0,0.0,36.149206317095775,0.0,35.958079062845684,680.8135581059631,0.0,-400.891673354876,292.1923452944006,0.0,0.0,-207.77964035668106,18.074603158547887,0.0,18.074603158547887,-1.9400074056841259,0.0,0.0,0.0,3.012433859757981,-915.8255556717676,0.0,0.0,-7.333951399425511,733.4440186532155,848.5069865299054,0.0,0.0,0.0,0.0,0.0,0.0,0.0,0.0,0.0,0.0,0.0,0.0,0.0,0.0,0.0,0.0,-647.966016809356,0.0,0.0,18.074603158547887,0.0,18.67708993049948,18.67708993049948,0.0,765.6250000000007,-765.6250000000007,0.0,0.0,-114.18063939905753,0.0,0.0,0.0,0.0,0.0,0.0,0.0,0.0,40.59722720687295,0.06024867719515962,292.2074074636994,0.0,0.0,0.0,-733.4440186532155,0.0,0.0,0.0,0.0,295.2710165211278,0.0,0.0,0.0,0.0,0.0,433.7067604568399,433.7067604568399,0.0,0.0,0.0,0.0,827.5955894756095,0.0,0.0,433.76700913403505,0.0,0.0,0.0,332.4867201971436,0.0,0.0,0.0,0.0,0.0,0.0,0.0,0.0,0.0,0.0,-182.89246837305117,0.0,0.0,0.0,0.0,-1000.0,0.0,0.0,0.0,0.0,0.0,0.0,-253.37903075752314,894.8672861509431,-894.8672861509431,114.18063939905753,0.0,0.0,0.0,0.0,0.0,0.0,296.20538152705296,-954.5808200884269,0.0,0.0,0.0,0.0,0.0,0.0,0.0,0.0,0.0,0.0,0.0,0.0,0.0,167.3633396625375,-18.900529121936152,940.2410315252682,0.0,0.0,0.0,0.0,78.91488360328887,0.0,0.0,0.0,0.0,-3.2037661014802734,940.2410315252682,0.0,0.0,77.88871591398252,0.0,0.0,0.0,0.0,0.0,0.0,0.0,0.0,0.0,-105.13271384905693,-1000.0,322.3018134993831,0.0,-940.2410315252682,0.0,0.0,114.18063939905753,240.50589797757775,0.0,0.0,0.0,-210.21400594462068,0.0,0.0,-927.0728006980828,-927.0728006980828,0.0,0.0,0.0,927.0728006980828,894.8672861509431,0.0,808.7157220579118,0.0,0.0,12.35246623314788,0.0,0.0,0.0,-937.1868471345974,0.0,937.1868471345974,0.0,325.7722745911077,0.0,0.0,1000.0,0.0,0.0,0.0,-3.2037661014802734,-0.09037301579273943,0.0,0.0,0.0,0.0,0.06024867719515962,0.0,0.0,0.0,788.8298738391056,932.7581733769695,0.0,-503.4977667309081,161.12449640513458,0.0,950.1243385975798,0.0,0.0,0.0,-7.333951399425511,0.0,0.0,0.0,131.4015606001705,86.31225494978565,-217.71381554995617,-1000.0,-1000.0,0.0,0.0,0.0,0.0,0.0,0.0,0.0,0.0,0.0,0.0,0.0,0.0,0.0,0.0,0.0,0.0,77.88871591398252,1000.0,0.0,863.5382943116156,0.0,0.0,0.0,0.0,0.0,0.0,-40.59722720687295,0.0,0.0,0.0,0.0,0.0,0.0,-875.0000000000003,-3.012433859757981,0.0,-385.85385138405564,428.24347580368266,-3.012433859757981,0.0,0.0,875.0000000000003,0.0,-799.8961691161062,-1.5062169298789905,0.0,562.5000000000126,0.0,-380.80786655713,0.0,409.4903291092142,18.074603158547887,0.0,0.0,0.0,0.0,0.0,200.89208716771745,0.0,-167.3633396625375,167.3633396625375,167.3633396625375,88.2842159603936,0.0,0.0,0.0,0.0,0.0,296.20538152705296,0.0,0.0,-48.6720134763267,0.0,0.0,67.95026456096808,0.0,0.0,0.0,0.0,-36.97513228048404,0.12049735439038088,0.0,0.0,0.0,0.0,0.0,0.0,0.0,0.0,0.0,0.0,0.0,0.0,0.0,0.0,0.0,0.0,0.0,0.0,0.0,0.06627354491464955,0.06627354491464955,0.0,251.31360422350556,0.0,36.149206317095775,0.0,0.0,0.0,962.2261297696552,0.0,811.3207546756217,35.958079062845684,0.0,0.0,465.7645670195885,-962.2261297696552,0.0,0.0,0.0,0.0,0.0,67.95026456096808,0.0,0.0,0.0,0.0,0.0,0.0,0.0,215.98867226978533,-788.8298738391056,0.0,0.0,40.59722720687295,0.0,-207.77964035668106,0.0,-193.0955230023464,0.0,465.7645670195885,0.0,428.7894347391045,0.0,0.0,0.0,167.3633396625375,0.0,0.0,0.0,0.0,0.0,0.0,0.0,0.0,0.0,0.0,0.0,0.0,0.0,36.149206317095775,114.18063939905753,114.18063939905753,0.0,0.0,0.0,0.0,0.0,0.0,0.0,0.0,0.0,0.0,0.6024867719515963,0.0,0.0,35.958079062845684,-35.958079062845684,0.0,-253.37903075752314,0.0,0.0,18.074603158547887,0.0,0.0,0.0,0.0,0.0,0.0,0.0,0.0,0.0,0.0,398.14427652157866,0.0,0.0,18.074603158547887,18.074603158547887,1000.0,-962.2261297696552,0.0,67.95026456096808,0.0,0.0,0.0,0.0,0.0,915.8255556717676,296.20538152705296,830.5872885542748,0.06024867719515962,0.0,0.0,0.0,4.858625468095372,0.0,0.0,207.77964035668106,0.0,0.0,0.0,0.0,0.0,0.0,0.0,0.0,0.0,0.0,0.0,0.0,0.0,0.0,0.06024867719515962,0.0,0.0,0.0,0.0,0.0,0.0,0.0,0.0,0.0,0.0,4.952441265442107,0.0,0.0,-182.0113741606995,-4.518650789636972,-3.012433859757981,0.0,0.0,-687.5,-687.5,687.5,0.0,0.0,0.0,0.0,0.0,0.0,0.0,114.18063939905753,0.0,0.0,0.0,31.694896411842137,0.0,0.0,0.0,200.8318384905223,0.0,0.0,0.06024867719515962,0.0,0.06024867719515962,0.0,0.0,0.0,36.149206317095775,73.50338617809473,73.50338617809473,0.0,0.0,0.0,0.0,0.0,0.0,0.0,0.0,0.0,296.20538152705296,0.0,0.0,0.0,136.58897170667373,0.0,0.0,0.0,0.0,0.0,0.0,0.0,0.0,0.0,0.0,0.0,0.0,0.0,193.0955230023464,0.0,0.0,0.0,0.09037301579273943,0.0,0.0,0.0,-18.074603158547887,0.0,0.0,0.0,0.0,0.0,-251.31360422350556,3.012433859757981,0.0,0.0,0.0,0.0,-827.5955894756095,-4.952441265442107,0.0,0.0,0.0,0.0,0.0,0.0,0.0,0.0,114.18063939905753,0.0,0.0,595.4962151027403,83.95026456096808,0.0,52.95026456096808,-7.333951399425511,45.54966847231506,-45.54966847231506,0.0,0.0,0.0,167.00251179948302,0.0,3.012433859757981,801.8933239254228,0.0,0.0,0.0,-120.58817160201806,0.0,0.0,574.4038960970831,-574.4038960970831,0.0,0.0,0.0,0.0,0.0,173.8551667937771,0.0,73.50338617809473,0.0,0.0,0.0,0.0,0.0,0.0,0.0,0.0,0.0,0.0,0.0,0.0,264.86955659241664,-4.858625468095372,1000.0,0.0,18.074603158547887,35.958079062845684,0.0,0.0,0.0,-55.59724582926746,0.0,0.0,0.06627354491464955,0.0,0.0,0.0,36.751693089047365,0.0,0.0,0.0,0.0,-18.900529121936152,0.0,733.4440186532155,0.0,0.0,0.0,0.0,0.0,0.0,-557.3084423765182,0.0,0.006024867719515967,0.006024867719515967,0.0,0.0,0.0,0.0,0.0,0.0,0.0,0.0,0.0,0.0,0.0,0.0,0.0,0.0,0.0,251.31360422350556,0.0,0.0,0.0,0.0,0.0,0.0,0.0,0.0,0.0,0.0,0.0,71.91615812569137,1000.0,420.8530380543276,-658.7170367445913,0.0,0.0,0.0,36.149206317095775,0.0,0.0,0.0,0.0,0.0,0.0,-36.149206317095775,0.0,71.91615812569137,0.0,0.0,0.0,0.0,0.0,0.0,0.0,0.0,0.0,0.0,-1000.0,-1000.0,177.85931558535808,0.0,-18.074603158547887,0.0,136.2207109796037,0.0,0.0,0.0,0.0,0.0,0.0,0.0,0.0,0.0,0.0,0.0,0.0,0.0,0.0,0.0,0.0,0.0,-7.531084649394953,114.18063939905753,-4.518650789636972,132.07032091703684,0.0,0.0,0.0,0.0,0.0,125.17674589230202,-125.92985435724152,48.6720134763267,0.0,0.0,0.0,0.0,0.0,0.0,0.0,830.5872885542748,18.074603158547887,18.074603158547887,0.0,0.0,0.0,0.0,0.0,0.06627354491464955,251.31360422350556,0.0,0.0,-136.2207109796037,0.0,0.0,0.0,0.0,0.0,0.0,0.0,0.0,0.0,0.0,0.0,0.0,0.0,0.0,0.0,0.0,0.0,18.67708993049948,0.0,63.261111054917606,40.59722720687295,0.0,0.0,0.0,0.0,0.0,251.31360422350556,0.0,0.0,0.0,0.0,0.0,-7.531084649394953,0.0,0.0,0.0,0.0,0.0,0.0,0.0,0.0,0.0,0.0,0.0,0.0,0.0,0.0,0.0,0.0,0.0,0.0,-0.06024867719515962,0.0,0.0,3.012433859757981,-465.7645670195885,0.0,0.0,0.0,0.0,114.18063939905753,0.0,0.0,0.0,-131.4015606001705,1.5062169298789905,0.0,0.0,0.0,0.06024867719515962,0.0,60.248677195159615,0.0,12.049735439031924,0.4303476942511401,205.44798923549428,-0.045186507896369715,3.012433859757981,1.2049735439031926,-0.3012433859758921,-205.44798923549428,18.074603158547887,-0.06024867719515962,2.4446504664751703,67.95026456096808,0.015062169298789905,0.4303476942511401,-7.333951399425511,-45.54966847231506,-1.2049735439031926,-274.0411366323782,-0.06024867719515962,0.015062169298789905,-205.44798923549428,6.024867719515962,0.06024867719515962,0.06024867719515962,-251.18708200139577,-35.891805517931004,-44.64178231619447,-0.045186507896369715,18.074603158547887,0.06024867719515962,18.074603158547887,-30.12433859757981,-0.03012433859757981,-235.9613314060823,-85.0,-0.045186507896369715,-0.06024867719515962,0.0,0.06024867719515962,6.024867719515962,-1.2049735439031926,193.0955230023464,193.0955230023464,-6.024867719515962,274.0411366323782,-193.0955230023464,12.049735439031924,0.09037301579273943,-828.7844933304843,6.024867719515962,-215.98867226978533,67.95026456096808,-12.049735439031924,0.03012433859757981,0.6024867719515963,125.87444168272702,96.0,-0.06024867719515962,-264.86955659241664,251.18708200139577,18.67708993049948,0.06024867719515962,45.54966847231506,-4.34814807322355,67.95026456096808,-0.06024867719515962,-0.015062169298789905,-67.95026456096808,-0.06024867719515962,-770.4191509336995,0.06024867719515962,-0.015062169298789905,-0.015062169298789905,-0.015062169298789905,24.099470878063848,30.12433859757981,0.6024867719515963,363.0911591446424,-0.015062169298789905,249.30423289897888,3.012433859757981,21.5,0.06024867719515962,0.03012433859757981,0.03012433859757981,40.0,0.0,0.06024867719515962,0.0,0.6024867719515963,0.06024867719515962,-1000.0,0.06024867719515962,0.24099470878073248,0.3012433859758921,0.03012433859757981,0.015062169298789905,18.074603158547887,-0.06024867719515962,44.64178231619447,0.6024867719515963,-726.1823182892848,1.506216929878991,-6.024867719515962,12.049735439031924,3.012433859757981,-0.06024867719515962,7.333951399425511,0.09037301579273943,-0.06024867719515962,-80.0,0.0,215.45107243088438,0.03012433859757981,-43.0,-0.06024867719515962,-0.06024867719515962,-0.06024867719515962,0.03012433859757981,205.44798923549428,-12.049735439031924,0.06024867719515962,251.74888336545405,-0.015062169298789905,35.891805517931004,-251.74888336545405,9.037301579273942,85.0,735.8768452763945,205.44798923549428,-0.045186507896369715,264.86955659241664,-96.0,0.06024867719515962,-0.015062169298789906,3.012433859757981,60.248677195159615,-0.03012433859757981,-0.06024867719515962,0.015062169298789905,0.0,0.0,334.77875619581965,636.9088408553575,-46.0,0.0,183.48030356825058,-31.0,0.0,-32.0,-93.0,-65.0,-493.9756127960671,16.0,23.0,46.5,0.0,15.5,-251.31360422350556,-159.85382660161693,493.9756127960671,65.0,-159.85382660161693,-183.48030356825058,90.90179196097908,0.0,1496.5981,hclb
71,0.0,0.0,0.0,0.0,0.0,0.0,0.0,0.0,-0.05199505265071425,0.0,0.0,0.0,0.0,0.0,0.0,0.0,364.3728759546141,0.0,0.0,-694.1177290231583,0.0,0.0,0.0,694.6442727419612,0.0,284.11772810831263,0.0,0.0,0.0,-387.5143764443517,0.0,0.0,0.0,0.0,0.0,0.0,0.0,427.1117178664907,0.0,-802.2435306709597,1000.0,0.0,-23.141500489737638,0.0,0.0,0.0,0.0,0.0,0.0,-145.7658662065195,0.0,0.0,0.0,0.057194557915763215,0.0,0.0,0.0,0.0,0.0,0.0,16.3338502934756,0.0,-402.9608785765515,-449.36567207382063,0.0,0.0,0.0,0.0,0.0,78.84535552142724,0.0,0.5199505265071426,0.0,0.0,0.0,0.0,0.0,0.0,0.0,778.361912619578,0.0,0.0,-45.2139027954039,0.0,31.19703159042855,0.0,0.0,31.649713110121183,-92.45019299845538,0.0,-0.012998763162678563,0.0,0.0,142.4871434730226,15.598515795214276,0.0,15.598515795214276,-1.6742406953522742,0.0,0.0,205.260892199775,998.7001236837322,-387.5143764443517,0.0,0.0,0.0,580.6638550687319,0.0,0.0,0.0,0.0,0.0,0.0,0.0,0.0,0.0,0.0,0.0,0.0,0.0,0.0,0.0,0.0,0.0,-796.2596900460801,0.0,0.0,15.598515795214276,0.0,16.118466321721417,3.205205062157063,0.0,-1000.0,1000.0,0.0,0.0,-642.3002851704454,0.0,0.0,579.5616413797006,0.0,0.0,0.0,0.0,0.0,49.21752184950887,0.05199505265071425,0.0,0.0,0.0,-436.1081381988272,-1000.0,0.0,0.0,0.0,0.0,177.29526454582447,0.0,0.0,0.0,0.0,0.0,-623.6042358756506,-623.6042358756506,0.0,0.0,0.0,0.0,-564.4654529672574,0.0,0.0,-623.5522408229999,0.0,0.0,0.0,0.0,0.0,0.0,0.0,0.0,0.0,0.0,0.0,0.0,0.0,0.0,-250.19553312250642,0.0,0.0,0.0,0.0,-1000.0,0.0,0.0,0.0,0.0,0.0,145.7658662065195,23.141500489737638,945.2087864001412,-945.2087864001412,62.73864379074474,0.0,0.0,0.0,0.0,0.0,0.0,0.0,-96.45410898138684,0.0,0.0,0.0,0.0,0.0,0.0,0.0,0.0,0.0,0.0,0.0,0.0,0.0,73.20843222752256,833.242304190381,0.0,0.0,0.0,0.0,0.0,79.74849968227787,0.0,0.0,0.0,0.0,16.3338502934756,0.0,0.0,0.0,0.0,0.0,0.0,0.0,0.0,0.0,0.0,10.399010530142851,0.0,0.0,364.294883375638,-696.5055965126962,1000.0,0.0,0.0,0.0,0.0,62.73864379074474,0.0,0.0,0.0,0.0,46.72981711669712,0.0,0.0,0.0,0.0,0.0,0.0,0.0,0.0,852.7585934016859,0.0,219.44134426686156,145.7658662065195,0.0,8.989463546784293,0.0,0.0,0.0,-1000.0,0.0,1000.0,0.0,-262.7854906802828,0.0,0.0,0.0,0.0,0.0,0.0,16.3338502934756,-0.07799257897607138,0.0,0.0,0.0,0.0,0.05199505265071425,0.0,0.0,0.0,841.9143407317631,364.3728759546141,0.0,-351.8627842080323,1000.0,0.0,945.9975263253572,0.0,0.0,0.0,0.0,0.0,0.0,0.0,285.1764473242966,-285.1764473242966,0.0,-1000.0,334.8442060076649,0.0,0.0,0.0,0.0,0.0,0.0,0.0,0.0,0.0,0.0,0.0,0.0,0.0,0.0,0.0,0.0,0.0,-572.6803019229064,0.0,-1000.0,0.0,0.0,0.0,878.8681342768929,0.0,0.0,-49.21752184950887,0.0,250.47479499517888,0.0,0.0,996.1003710511965,0.0,0.0,-940.0840052965804,0.0,285.1764473242966,499.6252080929213,-2.5997526325357128,-185.42911681320663,-174.23544293850313,0.0,0.0,-302.4724540042472,-1.2998763162678564,0.0,0.0,0.0,-80.4287162830265,659.3514336422502,0.0,15.598515795214276,0.0,0.0,0.0,0.0,0.0,0.0,0.0,-73.20843222752256,73.20843222752256,73.20843222752256,68.40573298284112,0.0,0.0,-360.8707402480186,0.0,0.0,0.0,0.0,0.0,-30.070943203793536,0.0,0.0,69.60098946985715,0.0,0.0,0.0,0.0,-37.80049473492858,0.10399010530136366,0.0,0.0,0.0,0.0,0.0,0.0,0.0,0.0,0.0,78.84535552142724,0.0,0.0,0.0,0.0,0.0,0.0,0.0,0.0,0.0,0.057194557915763215,0.057194557915763215,0.0,158.80942169737972,0.0,31.19703159042855,0.0,0.0,0.0,1000.0,0.0,0.0,0.0,0.0,0.0,321.19281751220365,-1000.0,0.0,0.0,66.06045039289633,0.0,0.0,69.60098946985715,0.0,0.0,0.0,0.0,0.0,0.0,0.0,265.4198966820267,-841.9143407317631,855.4442831300953,0.0,270.1048244184954,0.0,0.0,142.4871434730226,0.0,0.0,321.19281751220365,0.0,0.0,283.39232277727507,0.0,0.0,73.20843222752256,0.0,0.0,0.0,0.0,0.0,0.0,0.0,0.0,0.0,0.0,0.0,0.0,0.0,31.19703159042855,62.73864379074473,62.73864379074474,0.0,0.0,0.0,0.0,0.0,0.0,0.0,0.0,0.0,0.0,0.5199505265071426,0.0,0.0,0.0,0.0,0.0,23.141500489737638,0.0,0.0,15.598515795214276,-66.06045039289633,0.0,0.0,266.1012053643904,0.0,0.0,0.0,0.0,0.0,0.0,1000.0,334.22407409545843,0.0,15.598515795214276,15.598515795214276,1000.0,-1000.0,0.0,69.60098946985715,0.0,0.0,0.0,0.0,0.0,387.5143764443517,0.0,487.200363692308,0.05199505265071425,0.0,0.0,0.0,55.84607464130427,14.195256487016035,0.0,-142.4871434730226,0.0,0.0,0.0,0.0,0.0,0.0,0.0,0.0,0.0,0.0,0.0,0.0,0.0,0.0,0.05199505265071425,0.0,0.0,0.0,0.0,0.0,0.0,0.0,0.0,0.0,0.0,773.9375750685763,0.0,0.0,-1000.0,-3.8996289488035245,-2.5997526325357128,0.0,0.0,62.5,62.5,-62.50000000000001,0.0,0.0,0.0,0.0,0.0,0.0,0.0,62.73864379074473,0.0,0.0,0.0,-77.82896365049079,0.0,0.0,0.0,-0.05199505265071425,0.0,0.0,0.05199505265071425,0.0,0.05199505265071425,0.0,0.0,0.0,31.19703159042855,63.433964233871386,63.433964233871386,0.0,0.0,0.0,0.0,0.0,0.0,250.47479499517888,855.4442831300953,0.0,0.0,0.0,0.0,289.653221357523,0.0,0.0,0.0,0.0,0.0,0.0,0.0,0.0,0.0,0.0,0.0,0.0,0.0,0.0,142.4871434730226,0.0,-284.11772810831263,284.11772810831263,0.07799257897607138,0.0,0.0,0.0,-15.598515795214276,0.0,0.0,0.0,0.0,0.0,-158.80942169737972,2.5997526325357128,0.0,0.0,0.0,0.0,564.4654529672574,-760.5156588543063,0.0,0.0,0.0,0.0,0.0,0.0,0.0,0.0,62.73864379074473,0.0,66.06045039289633,0.0,85.60098946985715,0.0,910.0452725999525,14.195256487016035,572.6803019229064,-809.7331807038152,250.47479499517888,-13.421916214270084,0.0,-63.433964233871386,0.0,2.5997526325357128,525.4044128790288,0.0,0.0,0.0,-30.070943203793536,0.0,0.0,0.0,0.0,0.0,0.0,0.0,0.0,0.0,242.39627522489928,0.0,63.433964233871386,0.0,-562.5,-562.5,562.5,0.0,0.0,0.0,0.0,0.0,0.0,0.0,0.0,170.5083085437904,-134.6914301627315,-964.5378628813135,-23.141500489737638,15.598515795214276,0.0,0.0,0.0,0.0,-101.81289670074116,0.0,0.0,0.057194557915763215,0.0,0.0,0.0,31.716982116935693,0.0,0.0,0.0,0.0,833.242304190381,0.0,580.6638550687319,0.0,0.0,0.0,0.0,0.0,0.0,-324.07656388303775,0.0,0.00519950526507143,0.00519950526507143,0.0,0.0,0.0,0.0,0.0,0.0,0.0,0.0,0.0,0.0,0.0,0.0,0.0,0.0,0.0,158.80942169737972,0.0,0.0,0.0,0.0,0.0,0.0,0.0,145.7658662065195,0.0,0.0,0.0,0.0,0.0,277.21086764266903,0.0,0.0,0.0,0.0,31.19703159042855,0.0,0.0,0.0,0.0,0.0,0.0,-31.19703159042855,0.0,0.0,0.0,0.0,0.0,0.0,0.0,0.0,0.0,0.0,0.0,0.0,847.643842315357,-1000.0,325.2698324232623,-1000.0,984.4014842047857,0.0,427.1117178664907,0.0,0.0,0.0,0.0,0.0,0.0,0.0,0.0,0.0,0.0,0.0,0.0,0.0,0.0,0.0,0.0,0.0,-6.499381581339282,62.73864379074474,-1000.0,285.75359240871944,0.0,0.0,0.0,0.0,0.0,-0.6499381581339282,0.0,30.070943203793536,0.0,0.0,0.0,0.0,0.0,0.0,0.0,1000.0,15.598515795214276,15.598515795214276,0.0,0.0,0.0,0.0,778.361912619578,0.057194557915763215,158.80942169737972,0.0,0.0,-427.1117178664907,0.0,0.0,0.0,0.0,0.0,0.0,0.0,0.0,0.0,0.0,0.0,0.0,0.0,0.0,0.0,0.0,0.0,3.205205062157063,0.0,54.59480528324997,254.47841404928386,0.0,0.0,0.0,0.0,0.0,158.80942169737972,0.0,756.2416655264182,0.0,0.0,0.0,-6.499381581339282,0.0,0.0,0.0,0.0,0.0,0.0,0.0,0.0,0.0,0.0,0.0,0.0,0.0,0.0,0.0,0.0,0.0,0.0,-0.05199505265071425,0.0,0.0,2.5997526325357128,-321.19281751220365,0.0,0.0,0.0,0.0,62.73864379074474,0.0,0.0,0.0,-285.1764473242966,1.2998763162678564,0.0,0.0,284.11772810831263,0.05199505265071425,0.0,51.99505265071425,-12.913261259564345,10.399010530142851,0.37139323321938755,151.4766070198069,-0.03899628948803569,940.0840052965804,1.0399010530142851,-0.25997526325355524,-151.4766070198069,15.598515795214276,-0.05199505265071425,0.0,69.60098946985715,0.012998763162678563,0.37139323321938755,0.0,-8.277612381993094,-1.0399010530142851,329.7448530685442,-0.05199505265071425,0.012998763162678563,-151.4766070198069,5.1995052650714255,0.05199505265071425,0.05199505265071425,-158.70023208681326,0.05719455791578568,-23.605238247912553,-0.03899628948803569,15.598515795214276,0.05199505265071425,15.598515795214276,-25.99752632535713,-0.025997526325357127,-153.6900262979119,-85.0,-0.03899628948803569,-0.05199505265071425,-12.913261259564345,0.05199505265071425,5.1995052650714255,-1.0399010530142851,142.4871434730226,142.4871434730226,-5.1995052650714255,-329.7448530685442,-142.4871434730226,10.399010530142851,0.07799257897607138,-1000.0,5.1995052650714255,-265.4198966820267,69.60098946985715,-10.399010530142851,0.025997526325357127,0.5199505265071426,87.96569605200807,96.0,-0.05199505265071425,-170.5083085437904,158.70023208681326,16.118466321721417,0.05199505265071425,8.277612381993094,7.206926288999995,69.60098946985715,-0.05199505265071425,-0.012998763162678563,-69.60098946985715,-0.05199505265071425,-618.4643498036605,0.05199505265071425,-0.012998763162678563,-0.012998763162678563,-0.012998763162678563,20.798021060285702,25.99752632535713,0.5199505265071426,38.52183463259567,-0.012998763162678563,175.93139210401614,2.5997526325357128,21.5,0.05199505265071425,0.025997526325357127,0.025997526325357127,40.0,12.913261259564345,0.05199505265071425,-12.913261259564345,0.5199505265071426,0.05199505265071425,-38.52183463259567,0.05199505265071425,0.207980210602841,0.25997526325355524,0.025997526325357127,0.012998763162678563,15.598515795214276,-0.05199505265071425,23.605238247912553,0.5199505265071426,-77.04366926519134,938.7841289803125,-5.1995052650714255,10.399010530142851,2.5997526325357128,-0.05199505265071425,0.0,0.07799257897607138,-0.05199505265071425,-80.0,12.913261259564345,351.6702125937812,0.025997526325357127,-43.0,-0.05199505265071425,-0.05199505265071425,-0.05199505265071425,0.025997526325357127,151.4766070198069,-10.399010530142851,0.05199505265071425,175.93139210401614,-0.012998763162678563,-0.05719455791578568,-175.93139210401614,7.799257897607137,85.0,642.7985206721718,151.4766070198069,-0.03899628948803569,170.5083085437904,-96.0,0.05199505265071425,-0.012998763162678565,2.5997526325357128,51.99505265071425,-0.025997526325357127,-0.05199505265071425,0.012998763162678563,0.0,0.0,147.21540907198877,0.0,-46.0,0.0,145.95967474933332,13.046165823435274,0.0,-32.0,-93.0,-65.0,-852.7585934016859,16.0,23.0,46.5,0.0,-6.523082911717637,-158.80942169737972,-249.85731589304,852.7585934016859,65.0,-249.85731589304,-145.95967474933332,66.77662159763095,0.0,1496.5981,hclb
72,0.0,0.0,0.0,0.0,0.0,0.0,0.0,0.0,-0.04264537107829635,0.0,0.0,0.0,0.0,0.0,0.0,0.0,-220.354257593208,-767.1648661602349,0.0,1000.0,0.0,0.0,0.0,301.56390944273613,0.0,361.415343724912,0.0,0.0,0.0,-423.0801216587646,0.0,0.0,0.0904198230984513,0.0,0.0,0.0,0.0,114.64503527770734,0.0,-1000.0,371.7008590126718,0.0,0.0,-96.65292736769618,0.0,0.0,0.0,0.0,1000.0,-586.5421307385069,0.0,-78.73167474328295,0.0,0.046909908186243916,0.0,0.0,0.0,0.0,0.0,0.0,-3.485074112962177,0.0,657.8705577634237,653.5737989504628,0.0,0.0,0.0,0.0,109.7555405566086,-109.7555405566086,0.0,0.42645371078296357,0.0,0.0,0.0,0.0,0.0,0.0,0.0,0.0,0.0,0.0,0.0,0.0,25.587222646977814,0.0,0.0,-955.152596282692,804.293473051821,-388.1687204538167,-0.01066134276959474,0.0,0.0,-617.972290419127,12.793611323488907,0.0,12.793611323488907,-577.7750699571009,0.0,0.0,0.0,2.1322685539148174,-980.1746048954234,0.0,0.0,0.0,0.0,0.0,0.0,0.0,0.0,0.0,0.0,0.0,0.0,0.0,0.0,0.0,0.0,0.0,0.0,0.0,0.0,0.0,-1000.0,0.0,0.0,12.793611323488907,0.0,13.220065034271872,0.0,0.0,0.0,0.0,0.0,0.0,-1000.0,0.0,0.0,999.1883153000012,0.0,0.0,0.0,0.0,0.0,3.2836935730288173,0.04264537107829635,0.0,0.0,0.0,-250.19463766022727,0.0,0.0,0.0,455.3908471245488,0.0,-349.86832022919657,0.0,0.0,0.0,0.0,0.0,-127.04689326539554,-127.04689326539554,0.0,0.0,0.0,-187.50000000000003,0.0,0.0,0.0,-127.00424789431725,0.0,0.0,0.0,895.7294095797746,0.0,0.0,0.0,0.0,0.0,0.0,0.0,0.0,0.0,0.0,0.0,0.0,0.0,0.0,0.0,-1000.0,0.0,0.0,0.0,0.0,0.0,586.5421307385069,78.73167474328295,195.70652694817898,-195.70652694817898,0.0,0.0,0.0,0.0,0.0,0.0,0.0,557.0944832366588,-698.6651079402191,0.0,0.0,0.0,0.0,0.0,0.0,0.0,0.0,0.0,0.0,0.0,0.0,0.0,197.8377259171159,247.19824570099217,-435.29729549131036,0.0,0.0,0.0,0.8116846999987413,80.69281752109207,0.0,0.0,0.0,0.0,-3.485074112962177,-338.6443681236142,0.0,0.0,0.0,0.0,0.0,0.0,0.0,0.0,0.0,8.52907421565927,0.0,0.0,-608.586946103642,0.0,319.2856054087699,0.0,435.29729549131036,0.0,0.0,0.8116846999987413,0.0,0.0,0.0,0.0,10.155319535750095,0.0,0.0,-1000.0,0.0,0.0,-1000.0,0.0,0.0,1000.0,0.0,304.9625823273541,586.5421307385069,0.0,38.287767787354824,0.0,0.0,0.0,-12.466092953788802,0.0,12.466092953788802,0.0,-127.08953863647383,0.0,0.8116846999987413,0.0,-187.50000000000003,0.0,0.0,-3.485074112962177,-0.06396805661744452,0.0,0.0,0.0,0.0,0.04264537107829635,0.0,0.0,0.0,906.5135711554191,-220.354257593208,0.0,-53.36588850672366,414.5647696421711,0.0,312.21185985182126,0.0,-959.0104884873289,0.0,0.0,0.0,0.0,0.0,-3.6717664498414333,0.0,962.6822549371703,-1000.0,-1000.0,0.0,0.0,0.0,0.0,0.0,0.0,0.0,0.0,0.0,0.0,0.0,0.0,0.0,0.0,0.0,0.0,0.0,-885.18438323798,0.0,-1000.0,0.0,0.0,576.4018890083798,0.0,0.0,0.0,-3.2836935730288173,0.0,0.0,0.0,0.0,0.0,-1000.0,0.0,93.59514356064095,-403.02201800551626,890.2444594433914,0.0,-2.1322685539148174,-1000.0,-20.104247094096422,0.0,-95.72741211455576,613.8356420614675,401.95588372855883,0.0,0.0,0.0,0.0,0.0,527.7516226357686,12.793611323488907,625.0000000000005,-625.0000000000005,0.0,0.0,0.0,0.0,0.0,-197.8377259171159,197.8377259171159,197.8377259171159,84.47092578434074,0.0,0.0,0.0,0.0,0.0,557.0944832366588,0.0,0.0,-7.781832925923084,0.0,0.0,72.28261048433947,0.0,0.0,0.0,0.0,-15.790003282724001,0.08529074215654543,0.0,0.0,0.0,0.0,0.0,0.0,0.0,0.0,0.0,0.0,0.0,0.0,0.0,0.0,0.0,0.0,0.0,0.0,0.0,0.046909908186243916,0.046909908186243916,0.0,285.30865170145665,0.0,25.587222646977814,0.0,0.0,0.0,1000.0,0.0,0.0,0.0,0.0,0.0,100.33788518846882,-1000.0,0.0,0.0,0.0,0.0,0.0,72.28261048433947,0.0,0.0,0.0,0.0,0.0,0.0,0.0,333.3333333333333,-906.5135711554191,250.19463766022727,0.0,3.2836935730288173,0.0,0.0,-617.972290419127,-698.6651079402191,0.0,100.33788518846882,0.0,-760.203236083792,844.7511179895369,0.0,0.0,197.8377259171159,0.0,0.0,0.0,0.0,0.0,0.0,0.0,0.0,0.0,0.0,0.0,0.0,0.0,25.587222646977814,0.8116846999987501,0.8116846999987413,0.0,0.0,0.0,0.0,0.0,0.0,0.0,0.0,0.0,0.0,0.42645371078296357,0.0,0.0,0.0,0.0,0.0,78.73167474328295,0.0,0.0,12.793611323488907,0.0,0.0,0.0,0.0,0.0,0.0,0.0,0.0,0.0,0.0,314.4428115083816,-402.45670108133504,0.0,12.793611323488907,12.793611323488907,1000.0,-1000.0,0.0,72.28261048433947,0.0,0.0,0.0,0.0,0.0,980.1746048954234,557.0944832366588,1000.0,0.04264537107829635,0.0,0.0,0.0,56.31930470475867,0.0,0.0,617.972290419127,0.0,0.0,0.0,0.0,0.0,0.0,0.0,0.0,0.0,0.0,0.0,0.0,0.0,0.0,0.04264537107829635,0.0,0.0,0.0,0.0,0.0,0.0,0.0,0.0,0.0,-6.7891430756647,579.9073385110157,-455.3908471245488,0.0,-114.81561676202,-3.1984028308722268,-2.1322685539148174,0.0,0.0,0.0,0.0,0.0,0.0,0.0,0.0,0.0,0.0,0.0,0.0,0.8116846999987501,0.0,0.0,0.0,529.8838911896835,0.0,0.0,0.0,-0.04264537107829635,0.0,0.0,0.04264537107829635,0.0,0.04264537107829635,0.0,0.0,0.0,25.587222646977814,52.02735271552155,52.02735271552155,0.0,0.0,0.0,0.0,0.0,0.0,0.0,250.19463766022727,0.0,557.0944832366588,0.0,0.0,0.0,0.0,0.0,0.0,0.0,0.0,0.0,0.0,0.0,0.0,0.0,0.0,0.0,0.0,0.0,80.69281752109207,0.0,-1000.0,1000.0,0.06396805661744452,0.0,0.0,0.0,-12.793611323488907,0.0,0.0,0.0,0.0,0.0,-285.30865170145665,2.1322685539148174,0.0,0.0,0.0,187.50000000000003,0.0,-3.5054495026358836,0.0,0.0,0.0,0.0,0.0,0.0,0.0,0.0,0.8116846999987501,0.0,0.0,-95.61241190970733,87.47092578434074,0.0,306.665563444568,0.0,0.0,0.0,0.0,0.0,455.3908471245488,-52.02735271552155,0.0,2.1322685539148174,834.2545007670935,0.0,0.0,0.0,-7.781832925923084,0.0,0.0,0.0,0.0,0.0,0.0,0.0,0.0,0.0,-3.198402830872225,-3.198402830872093,52.02735271552155,0.0,0.0,0.0,0.0,0.0,0.0,0.0,0.0,0.0,0.0,0.0,0.0,291.7054573632011,-56.31930470475867,150.2320465702781,0.0,12.793611323488907,0.0,0.0,0.0,0.0,-268.98042664509984,0.0,0.0,0.046909908186243916,0.0,0.0,0.0,26.013676357760776,0.0,0.0,0.0,0.0,247.19824570099217,0.0,0.0,0.0,0.0,0.0,0.0,0.0,0.0,0.0,0.0,0.004264537107815158,0.004264537107829757,0.0,0.0,0.0,0.0,0.0,0.0,0.0,0.0,0.0,0.0,0.0,0.0,0.0,0.0,0.0,285.30865170145665,0.0,0.0,0.0,0.0,0.0,0.0,0.0,586.5421307385069,0.0,0.0,0.0,0.0,942.9857418842212,1000.0,-767.1648661602349,0.0,0.0,0.0,25.587222646977814,0.0,0.0,0.0,0.0,0.0,0.0,-25.587222646977814,0.0,0.0,0.0,0.0,0.0,0.0,0.0,0.0,0.0,0.0,0.0,0.0,-1000.0,-1000.0,29.212079188633005,0.0,-12.793611323488907,0.0,114.64503527770734,0.0,0.0,0.0,0.0,0.0,0.0,0.0,0.0,0.0,0.0,0.0,0.0,0.0,0.0,0.0,0.0,0.0,-5.330671384787044,0.8116846999987413,-3.1984028308722268,0.0,0.0,0.0,0.0,0.0,0.0,0.0,-0.5330671384787045,463.1726800504719,0.0,0.0,0.0,0.0,0.0,0.0,0.0,1000.0,12.793611323488907,12.793611323488907,0.0,0.0,0.0,0.0,0.0,0.046909908186243916,285.30865170145665,0.0,0.0,-114.64503527770734,0.0,0.0,0.0,0.0,0.0,0.0,0.0,0.0,0.0,0.0,0.0,0.0,0.0,0.0,319.292328137544,0.0,0.0,0.0,0.0,44.77763963221118,3.2836935730288173,0.0,0.0,0.0,0.0,0.0,285.30865170145665,0.0,0.0,0.0,0.0,0.0,-5.330671384787044,0.0,0.0,0.0,0.0,0.0,0.0,0.0,0.0,0.0,0.0,0.0,0.0,0.0,0.0,0.0,0.0,0.0,0.0,-0.04264537107829635,0.0,0.0,2.1322685539148174,-100.33788518846882,0.0,0.0,0.0,0.0,0.8116846999987413,0.0,0.0,0.0,3.6717664498414333,1.0661342769574087,0.0,0.0,361.415343724912,0.04264537107829635,0.0,42.64537107829635,-13.220065034271872,8.52907421565927,0.3046097934164025,118.98058530844685,-0.03198402830872226,2.1322685539148134,0.852907421565927,-0.21322685539095954,-118.98058530844685,12.793611323488905,-0.04264537107829635,0.0,72.28261048433947,0.010661342769574087,0.3046097934164025,0.0,-6.7891430756647,-0.852907421565927,-12.480876246557159,-0.04264537107829635,0.010661342769574087,-118.98058530844685,4.264537107829635,0.04264537107829635,0.04264537107829635,-285.2190964221921,0.04690990818611151,-15.880423105822445,-0.03198402830872226,12.793611323488907,0.04264537107829635,12.793611323488907,-21.322685539148175,-0.021322685539148175,365.748743335019,-85.0,-0.03198402830872226,-0.04264537107829635,-13.220065034271872,0.04264537107829635,4.264537107829635,-0.852907421565927,80.69281752109207,80.69281752109207,-4.264537107829635,12.480876246557159,-80.69281752109207,8.52907421565927,0.06396805661744452,-988.1747689276381,4.264537107829635,-333.3333333333333,72.28261048433947,-8.52907421565927,0.021322685539148175,0.42645371078296357,13.341472126680914,96.0,-0.04264537107829635,-294.9038601940732,285.2190964221921,13.220065034271872,0.04264537107829635,6.7891430756647,21.108165190383716,72.28261048433947,-0.04264537107829635,-0.010661342769574087,-72.28261048433947,-0.04264537107829635,-15.790003282724001,0.04264537107829635,-0.010661342769574087,-0.010661342769574087,-0.010661342769574087,17.05814843131854,21.322685539148175,0.42645371078296357,31.594889297630573,-0.010661342769574087,26.68294425336183,2.1322685539148174,10.027270195276818,0.04264537107829635,0.021322685539148175,0.021322685539148175,40.0,13.220065034271872,0.04264537107829635,-13.220065034271872,0.42645371078296357,0.04264537107829635,-31.594889297630573,0.04264537107829635,0.17058148431267023,0.21322685539095954,0.021322685539148175,0.010661342769574087,12.793611323488907,-0.04264537107829635,15.880423105822445,0.4264537107829635,-63.189778595261146,1.0661342769574134,-4.264537107829635,8.52907421565927,2.1322685539148174,-0.04264537107829635,0.0,0.06396805661744452,-0.04264537107829635,-80.0,13.220065034271872,231.8658999377181,0.021322685539148175,-20.054540390553637,-0.04264537107829635,-0.04264537107829635,-0.04264537107829636,0.021322685539148175,118.98058530844685,-8.52907421565927,0.04264537107829635,26.68294425336183,-0.010661342769574087,-0.04690990818611151,-26.68294425336183,6.396805661744453,85.0,488.7924931019882,118.98058530844685,-0.03198402830872226,294.9038601940732,-96.0,0.04264537107829635,-0.010661342769574086,2.1322685539148174,42.64537107829635,-0.021322685539148175,-0.04264537107829635,0.010661342769574087,0.0,0.0,376.32216669591566,0.0,-46.0,0.0,735.7436058676893,-1.0328825239289186,0.0,-32.0,-93.0,-65.0,-611.8312795461833,16.0,23.0,46.5,0.0,0.5164412619644593,-285.30865170145665,37.11452670738174,611.8312795461833,65.0,37.11452670738174,-735.7436058676893,355.185451784738,0.0,1496.5981,hclb
73,0.0,0.0,0.0,0.0,0.0,0.0,0.0,0.0,-0.05719590147154922,0.0,0.0,0.0,0.0,0.0,0.0,0.0,-3.860227790334804,1000.0,0.0,-447.6838018108577,0.0,0.0,0.0,235.74627494344384,0.0,317.6832057249615,0.0,0.0,0.0,-307.3855457622693,0.0,0.0,26.880730151791074,0.0,0.0,0.0,0.0,-0.22878360588614266,0.0,-1000.0,1000.0,0.0,-54.22119767760876,-60.700039782945794,0.0,0.0,0.0,0.0,655.4081292619031,-496.96531783329795,0.0,254.22506954798462,0.0,0.06291549161866677,0.0,0.0,0.0,11.439180294309843,0.0,0.0,-5.037052389594322,0.0,-842.5111551387206,-847.5482075283148,0.0,0.0,0.0,0.0,0.0,0.0,0.0,0.5719590147154922,0.0,0.0,0.0,0.0,0.0,0.0,0.0,0.0,0.0,0.0,0.0,0.0,34.31754088292953,0.0,0.0,-585.802378166708,317.28568103567704,419.64983560625467,-0.014298975367887302,0.0,0.0,0.0,17.158770441464764,0.0,17.158770441464764,-1.8417080273836395,0.0,0.0,0.0,180.83974413939538,-1000.0,0.0,0.0,-22.338793476774626,586.3640008711582,0.0,0.0,0.0,0.0,0.0,0.0,0.0,0.0,0.0,0.0,0.0,0.0,0.0,0.0,0.0,0.0,0.0,-753.218480698133,0.0,0.0,17.158770441464764,0.0,17.730729456180256,0.0,0.0,-24.805597884795645,24.805597884795645,0.0,0.0,0.0,420.61191911411254,-420.61191911411254,0.0,0.0,0.0,0.0,0.0,0.0,4.4040844133092865,0.05719590147154922,0.0,0.0,0.0,-586.3640008711582,0.0,0.0,0.0,326.1274820091398,0.0,51.77556521887889,0.0,0.0,0.0,0.0,0.0,325.3405151729097,325.3405151729097,0.0,0.0,0.0,0.0,0.0,0.0,0.0,325.3977110743813,0.0,0.0,0.0,0.0,-662.6711251012252,0.0,0.0,0.0,0.0,0.0,0.0,0.0,0.0,0.0,-334.0738992535871,0.0,0.0,0.0,0.0,-612.0091985318711,0.0,0.0,0.0,0.0,0.0,496.96531783329795,-200.00387187037586,-736.9355166419317,736.9355166419317,0.0,0.0,0.0,0.0,0.0,0.0,0.0,692.6144542377307,-953.5886679782535,0.0,0.0,0.0,0.0,0.0,0.0,0.0,0.0,0.0,0.0,0.0,0.0,0.0,270.28566825259685,-20.121639411380315,-144.15848383892313,0.0,0.0,0.0,0.0,79.22321395137354,0.0,0.0,0.0,0.0,-5.037052389594322,-83.45844405597734,0.0,0.0,0.0,0.0,0.0,0.0,0.0,0.0,0.0,0.0,0.0,0.0,0.0,1000.0,-867.3336374171124,0.0,144.15848383892313,0.0,0.0,0.0,754.0156586931489,0.0,0.0,0.0,-103.588961805524,0.0,0.0,-775.3338888911933,-751.8625199099371,-851.3671267550185,-23.471368981256255,0.0,-99.5046068450814,-419.64983560625467,0.0,0.0,496.96531783329795,0.0,80.35335115424877,0.0,0.0,0.0,-101.42345361746177,0.0,101.42345361746177,0.0,386.30209743060743,0.0,0.0,-290.85669358140944,0.0,0.0,0.0,-5.037052389594322,-0.08579385220732381,0.0,0.0,0.0,0.0,0.05719590147154922,0.0,0.0,0.0,515.6272141390328,-3.860227790334804,0.0,-305.4546297347116,158.48050364128665,662.6711251012252,948.5979507357746,0.0,-740.3533216490862,0.0,-22.338793476774626,0.0,0.0,0.0,-4.924567116700349,1000.0,-254.7221112342135,806.5982087631404,-1000.0,0.0,0.0,0.0,0.0,0.0,0.0,0.0,0.0,0.0,0.0,0.0,0.0,0.0,0.0,0.0,0.0,0.0,-1000.0,0.0,-1000.0,0.0,0.0,0.0,0.0,0.0,0.0,-4.4040844133092865,0.0,0.0,0.0,0.0,177.97994906581792,-1000.0,0.0,653.8399889364117,-564.4254595224379,0.0,-1000.0,0.0,376.9049106757004,-199.19708077292796,0.0,-745.6897585428982,0.0,562.9955619856491,-2.8597950735774607,937.5000000000017,0.0,0.0,0.0,655.4371182812237,17.158770441464764,0.0,0.0,0.0,0.0,0.0,0.0,0.0,-270.28566825259685,270.28566825259685,270.28566825259685,84.41606013137789,0.0,0.0,-61.01877815916928,0.0,0.0,692.6144542377307,0.0,0.0,-10.074104779188644,0.0,0.0,68.56081970569016,0.0,0.0,0.0,0.0,-37.28040985284508,0.11439180294307577,0.0,0.0,0.0,0.0,0.0,0.0,0.0,0.0,0.0,0.0,0.0,0.0,0.0,0.0,0.0,0.0,0.0,0.0,0.0,0.06291549161866677,0.06291549161866677,0.0,354.846487958287,0.0,34.31754088292953,0.0,0.0,0.0,518.7504855439817,0.0,0.0,0.0,0.0,0.0,247.81120576655482,-518.7504855439817,0.0,0.0,0.0,0.0,0.0,68.56081970569016,0.0,0.0,0.0,0.0,0.0,0.0,0.0,251.07282689937767,-515.6272141390328,0.0,0.0,4.4040844133092865,0.0,0.0,0.0,-79.22321395137354,0.0,247.81120576655482,0.0,210.53079591370974,0.0,0.0,0.0,270.28566825259685,0.0,0.0,0.0,0.0,0.0,0.0,0.0,0.0,0.0,0.0,0.0,0.0,0.0,34.31754088292953,0.0,0.0,0.0,0.0,0.0,0.0,0.0,0.0,0.0,0.0,0.0,0.0,0.5719590147154922,0.0,0.0,0.0,0.0,0.0,-200.00387187037586,0.0,0.0,17.158770441464764,0.0,0.0,0.0,0.0,0.0,0.0,0.0,0.0,0.0,0.0,1000.0,0.0,0.0,17.158770441464764,17.158770441464764,1000.0,-518.7504855439817,0.0,68.56081970569016,0.0,0.0,0.0,0.0,0.0,0.0,692.6144542377307,-91.34522583051437,0.05719590147154921,0.0,0.0,-896.9038068240002,972.4391655602483,19.4835530510869,0.0,0.0,0.0,0.0,0.0,0.0,0.0,0.0,0.0,0.0,0.0,0.0,0.0,0.0,0.0,0.0,0.05719590147154921,0.0,0.0,0.0,0.0,0.0,0.0,0.0,0.0,0.0,0.0,4.701503100961102,-326.1274820091398,-9.10558751427039,0.0,-4.289692610366206,-2.859795073577463,0.0,0.0,0.0,0.0,0.0,0.0,0.0,0.0,0.0,0.0,0.0,0.0,0.0,662.6711251012252,0.0,0.0,658.2969133548012,0.0,0.0,0.0,-0.05719590147154922,0.0,0.0,0.05719590147154921,0.0,0.05719590147154921,0.0,0.0,0.0,34.31754088292953,69.77899979529005,69.77899979529005,0.0,0.0,0.0,0.0,0.0,0.0,0.0,0.0,0.0,692.6144542377307,0.0,0.0,0.0,0.0,0.0,0.0,0.0,0.0,0.0,0.0,0.0,0.0,0.0,0.0,0.0,0.0,0.0,79.22321395137354,0.0,-444.89030617569387,444.89030617569387,0.08579385220732381,0.0,0.0,0.0,-17.158770441464764,0.0,0.0,0.0,0.0,0.0,-354.846487958287,2.8597950735774607,0.0,0.0,0.0,0.0,0.0,-4.701503100961102,0.0,0.0,0.0,0.0,0.0,0.0,0.0,0.0,0.0,0.0,0.0,0.0,84.56081970569016,0.0,53.56081970569016,-2.8552404256877253,0.0,-9.10558751427039,9.10558751427039,0.0,326.1274820091398,684.2366588978589,0.0,2.859795073577463,777.7024093406766,0.0,0.0,0.0,-10.074104779188644,0.0,0.0,0.0,0.0,0.0,0.0,0.0,0.0,0.0,325.49451403285474,0.0,69.77899979529005,0.0,0.0,0.0,0.0,0.0,0.0,0.0,0.0,0.0,0.0,0.0,0.0,367.7155657893856,-75.5353587362481,0.0,-54.22119767760876,17.158770441464764,0.0,0.0,0.0,0.0,-176.88542841978565,0.0,0.0,0.06291549161866677,0.0,0.0,0.0,34.889499897645024,0.0,0.0,0.0,0.0,-20.121639411380315,0.0,586.3640008711582,0.0,0.0,0.0,0.0,0.0,0.0,-964.532007869521,0.0,0.005719590147155084,0.005719590147155084,0.0,0.0,0.0,0.0,0.0,0.0,0.0,0.0,0.0,-896.9038068240002,0.0,0.0,0.0,0.0,0.0,354.846487958287,0.0,0.0,0.0,0.0,0.0,0.0,0.0,496.96531783329795,0.0,0.0,0.0,0.0,0.0,0.0,1000.0,0.0,0.0,0.0,34.31754088292953,0.0,0.0,0.0,0.0,0.0,0.0,-34.31754088292953,0.0,0.0,0.0,0.0,0.0,0.0,0.0,0.0,0.0,0.0,0.0,0.0,91.34522583051437,-193.4017912368596,39.17919250801121,-17.158770441464764,0.0,0.0,-0.22878360588614266,0.0,0.0,0.0,0.0,0.0,0.0,0.0,0.0,0.0,0.0,0.0,0.0,0.0,0.0,0.0,0.0,0.0,-7.1494876839436685,0.0,-182.2696416761841,-4.2896926103663535,0.0,0.0,0.0,0.0,0.0,0.0,-0.7149487683943653,336.2015867883284,0.0,0.0,0.0,0.0,0.0,0.0,0.0,1000.0,17.158770441464764,17.158770441464764,0.0,0.0,0.0,0.0,0.0,0.06291549161866677,354.846487958287,0.0,0.0,0.22878360588614266,0.0,0.0,0.0,0.0,0.0,0.0,0.0,0.0,0.0,0.0,0.0,0.0,0.0,0.0,63.60355022536618,0.0,0.0,0.0,0.0,60.05569654512667,0.0,0.0,4.4040844133092865,0.0,0.0,0.0,354.846487958287,0.0,0.0,0.0,0.0,0.0,-7.1494876839436685,0.0,0.0,0.0,0.0,0.0,0.0,0.0,0.0,0.0,0.0,0.0,0.0,0.0,0.0,0.0,0.0,0.0,0.0,-0.05719590147154921,0.0,0.0,2.8597950735774607,-247.81120576655482,0.0,0.0,0.0,0.0,0.0,0.0,0.0,0.0,4.924567116700349,1.4298975367887303,0.0,0.0,317.6832057249615,0.05719590147154922,0.0,57.195901471549206,-17.730729456180256,11.439180294309843,0.40854215336820865,159.5765651056223,-0.04289692610366191,91.84976960648646,1.1439180294309843,-0.2859795073576919,-159.5765651056223,17.158770441464764,-0.05719590147154922,7.446264492258209,68.56081970569016,0.014298975367887302,0.40854215336820865,-22.338793476774626,-9.10558751427039,-1.1439180294309843,-548.4559703988076,-0.05719590147154922,0.014298975367887304,-159.5765651056223,5.719590147154921,0.05719590147154922,0.05719590147154921,-354.7263765651968,0.0629154916187043,0.0,-0.04289692610366191,17.158770441464764,0.05719590147154922,17.158770441464764,-28.597950735774607,-0.02859795073577461,-7.097978265329637,-85.0,-0.04289692610366191,-0.05719590147154922,-17.730729456180256,0.05719590147154922,5.719590147154921,-1.1439180294309843,79.22321395137354,79.22321395137354,-5.719590147154921,548.4559703988076,-79.22321395137354,11.439180294309843,0.08579385220732381,-115.89715955332456,5.719590147154921,-251.07282689937767,68.56081970569016,-11.439180294309843,0.028597950735774605,0.5719590147154922,76.3636574336779,96.0,-0.05719590147154921,-367.7155657893856,354.7263765651968,17.730729456180256,0.05719590147154922,9.10558751427039,-0.07426206016873849,68.56081970569016,-0.05719590147154921,-0.014298975367887302,-68.56081970569016,-0.05719590147154922,-623.6444107240033,0.057195901471598955,-0.014298975367887302,-0.014298975367887302,-0.014298975367887302,22.878360588619685,28.597950735774607,0.5719590147154922,250.22692048459052,-0.014298975367887302,145.2810503750976,2.8597950735774607,21.5,0.05719590147154921,0.028597950735774605,0.02859795073577461,40.0,17.730729456180256,0.05719590147154921,-17.730729456180256,0.5719590147154922,0.05719590147154922,-665.930734448303,0.05719590147154922,0.22878360588614266,0.2859795073576919,0.02859795073577461,0.014298975367887304,17.158770441464764,-0.05719590147154922,0.0,0.5719590147154922,-500.45384096918104,90.4198720696977,-5.719590147154921,11.439180294309843,2.8597950735774607,-0.05719590147154922,22.338793476774626,0.08579385220732381,-0.05719590147154922,-80.0,17.730729456180256,282.07666617091394,0.02859795073577461,-43.0,-0.05719590147154922,-0.057195901471598955,-0.057195901471549224,0.02859795073577461,159.5765651056223,-11.439180294309843,0.05719590147154921,152.7273148673558,-0.014298975367887302,-0.0629154916187043,-152.7273148673558,8.57938522073238,85.0,0.0,159.5765651056223,-0.04289692610366191,367.7155657893856,-96.0,0.05719590147154922,-0.0142989753678873,2.859795073577463,57.195901471549206,-0.028597950735774605,-0.05719590147154922,0.014298975367887302,0.0,0.0,115.86856160258878,415.7038139637125,-46.0,0.0,609.2524773546318,-31.0,0.0,-32.0,-93.0,-65.0,0.0,16.0,23.0,46.5,0.0,15.5,-354.846487958287,-105.19123775112827,0.0,65.0,-105.19123775112827,-609.2524773546318,301.8035746338228,0.0,1496.5981,hclb
74,0.0,0.0,0.0,0.0,0.0,0.0,0.0,0.0,-0.06050831721829529,0.0,0.0,0.0,0.0,0.0,0.0,0.0,-1000.0,212.16672333978386,0.0,844.8692426233903,0.0,0.0,0.0,0.0,0.0,439.2078940717238,0.0,0.0,0.0,-774.2161638591492,0.0,0.0,10.347338421159575,0.0,0.0,0.0,0.0,692.9518027956474,0.0,-1000.0,981.8475048345114,0.0,0.0,498.9905520861804,0.0,0.0,0.0,0.0,1000.0,-437.8585045439434,0.0,-583.9060397915947,0.0,0.06655914894029835,0.0,0.0,0.0,12.101663443659058,0.0,0.0,-5.3287658030242255,0.0,1000.0,994.6712341969758,0.0,0.0,0.0,0.0,0.0,671.3449630312574,0.0,0.6050831721829529,0.0,0.0,0.0,0.0,0.0,0.0,0.0,0.0,0.0,0.0,-443.54771190384577,0.0,36.304990330977176,0.0,0.0,-1000.0,1000.0,157.93592962740183,-0.015127079304573823,0.0,0.0,-165.8919750119397,18.152495165488588,0.0,18.152495165488588,-291.8889966859328,104.12437233606524,0.0,0.0,398.0778522548997,-774.2161638591492,0.0,0.0,-19.315427768315924,0.0,130.3765492704605,0.0,0.0,0.0,0.0,0.0,0.0,0.0,0.0,0.0,0.0,0.0,0.0,0.0,0.0,0.0,0.0,-774.2436148468994,0.0,0.0,18.152495165488588,0.0,18.757578337671543,0.0,0.0,0.0,0.0,0.0,0.0,0.0,261.8357573423381,-261.8357573423381,0.0,0.0,0.0,0.0,0.0,0.0,448.2068523296545,0.06050831721829529,0.0,0.0,0.0,0.0,-729.19999589137,0.0,0.0,443.54771190384577,0.0,258.7884779620814,0.0,0.0,0.0,0.0,0.0,-248.21152260877605,-248.21152260877605,0.0,0.0,0.0,0.0,0.0,0.0,0.0,-248.15101429155774,0.0,0.0,0.0,-193.07062904483126,0.0,0.0,0.0,0.0,0.0,0.0,0.0,0.0,0.0,0.0,-670.7339299313926,0.0,0.0,0.0,0.0,-762.8316735027349,0.0,0.0,0.0,0.0,0.0,437.8585045439434,583.9060397915947,-901.9052085865644,901.9052085865644,0.0,0.0,0.0,0.0,0.0,0.0,0.0,0.0,-225.46520720457596,0.0,0.0,0.0,0.0,0.0,0.0,0.0,0.0,0.0,0.0,0.0,0.0,0.0,207.58342028339638,710.4033227786881,190.31012406755454,0.0,0.0,0.0,0.0,78.88865996095218,0.0,0.0,0.0,0.0,-5.3287658030242255,-308.6804280186259,0.0,0.0,115.08067935459697,0.0,0.0,0.0,0.0,0.0,0.0,0.0,0.0,0.0,-901.9052085865644,1000.0,-317.9991687949697,0.0,-190.31012406755454,0.0,0.0,0.0,-314.0091938216501,0.0,0.0,0.0,212.83102236832133,0.0,0.0,-1000.0,0.0,-625.0000000017906,-374.99999999820943,-625.0000000017906,0.0,98.09479141343559,0.0,-428.7752824149849,437.8585045439434,0.0,89.92954507809156,0.0,0.0,0.0,510.2370022357394,0.0,-510.2370022357394,0.0,439.92124071653507,0.0,0.0,0.0,0.0,0.0,0.0,-5.3287658030242255,-0.09076247582744293,0.0,0.0,0.0,0.0,0.06050831721829529,0.0,0.0,0.0,665.7905183762941,-1000.0,0.0,-709.0336034130852,902.1499250114905,0.0,1000.0,0.0,405.8342884297042,0.0,-19.315427768315924,0.0,0.0,0.0,-5.209766112495397,-319.1500731827742,-81.47444913443462,-1000.0,-1000.0,0.0,0.0,0.0,0.0,0.0,0.0,0.0,0.0,0.0,0.0,0.0,0.0,0.0,0.0,0.0,0.0,115.08067935459697,0.0,0.0,-1000.0,443.54771190384577,306.8061639354796,289.9406288715045,345.64939690581554,0.0,0.0,-367.8576132947217,0.0,104.12437233606524,0.0,0.0,395.052436393985,0.0,366.73313958674873,0.0,0.0,319.1500731827742,-1000.0,28.390821935397014,0.0,0.0,-366.73313958674873,-373.376332510815,0.0,-1.5127079304573823,-31.41623779631178,-354.9988024146312,0.0,752.1055031853958,0.0,0.0,18.152495165488588,875.0000000000002,-875.0000000000002,0.0,0.0,0.0,0.0,916.2293260276448,708.6459057442482,-708.6459057442482,-708.6459057442482,100.21376432465686,0.0,0.0,-688.1932716425295,0.0,0.0,0.0,0.0,0.0,-10.657531606048451,0.0,0.0,0.0,0.0,0.0,0.0,0.0,-36.94916827817047,0.12101663443652351,0.0,0.0,0.0,0.0,0.0,0.0,0.0,0.0,0.0,671.3449630312574,0.0,0.0,0.0,0.0,0.0,0.0,0.0,0.0,0.0,0.06655914894029835,0.06655914894029835,0.0,291.48175683973733,0.0,36.304990330977176,0.0,0.0,0.0,454.7587594626639,0.0,0.0,0.0,0.0,0.0,496.5941623048897,-454.7587594626639,0.0,0.0,0.0,0.0,0.0,0.0,0.0,0.0,0.0,0.0,0.0,0.0,0.0,258.08120494896644,-665.7905183762941,729.19999589137,0.0,4.659140425808735,0.0,-896.3579053704609,730.4659303585212,651.5772703975689,0.0,496.5941623048897,0.0,645.981061252441,-186.33606722572176,0.0,0.0,207.58342028339638,0.0,0.0,0.0,0.0,0.0,0.0,0.0,0.0,0.0,0.0,0.0,0.0,0.0,36.304990330977176,0.0,0.0,0.0,0.0,0.0,0.0,0.0,0.0,0.0,0.0,0.0,0.0,0.6050831721829529,0.0,0.0,0.0,0.0,0.0,583.9060397915947,0.0,0.0,18.152495165488588,0.0,0.0,0.0,0.0,0.0,0.0,0.0,0.0,0.0,0.0,-405.4963522084312,484.38501216938334,0.0,18.152495165488588,18.152495165488588,1000.0,-454.7587594626639,0.0,0.0,0.0,0.0,0.0,0.0,0.0,774.2161638591492,0.0,1000.0,0.06050831721829529,0.0,0.0,0.0,79.90987693207585,0.0,0.0,165.8919750119397,0.0,0.0,0.0,0.0,0.0,0.0,0.0,0.0,0.0,0.0,0.0,0.0,0.0,0.0,0.06050831721829529,0.0,0.0,0.0,0.0,0.0,0.0,0.0,0.0,306.8061639354796,0.0,26.20738791284799,0.0,0.0,-1000.0,-4.538123791372147,0.0,-3.0254158609147646,0.0,0.0,0.0,0.0,0.0,0.0,0.0,0.0,0.0,0.0,0.0,0.0,0.0,0.0,0.0,755.1309190463106,0.0,0.0,0.0,-0.06050831721829529,0.0,0.0,0.06050831721829529,0.0,0.06050831721829529,0.0,0.0,0.0,36.304990330977176,73.82014700632027,73.82014700632027,0.0,0.0,0.0,0.0,0.0,0.0,0.0,729.19999589137,0.0,0.0,0.0,0.0,0.0,0.0,0.0,0.0,0.0,0.0,0.0,0.0,0.0,0.0,0.0,0.0,0.0,0.0,0.0,78.88865996095218,0.0,-439.2078940717238,439.2078940717238,0.09076247582744293,0.0,0.0,0.0,-18.152495165488588,0.0,0.0,0.0,0.0,0.0,-291.48175683973733,3.0254158609147646,0.0,0.0,0.0,0.0,0.0,263.7332409586565,-3.0254158609147646,0.0,0.0,0.0,0.0,0.0,0.0,0.0,0.0,0.0,0.0,0.0,83.89833655634094,0.0,782.098332447711,-19.315427768315924,0.0,-104.12437233606524,104.12437233606524,0.0,443.54771190384577,-387.8293408279704,0.0,3.0254158609147646,1000.0,0.0,120.0909463460304,0.0,-10.657531606048451,0.0,0.0,0.0,0.0,0.0,-80.34923903493276,0.0,0.0,0.0,966.753810562502,-305.09612821385383,73.82014700632027,0.0,0.0,0.0,0.0,0.0,0.0,0.0,0.0,0.0,0.0,0.0,0.0,0.0,-751.2548399633332,18.01845801971294,0.0,18.152495165488588,0.0,0.0,0.0,0.0,96.96999416738876,0.0,0.0,0.06655914894029835,0.0,0.0,0.0,36.910073503160135,0.0,0.0,0.0,0.0,710.4033227786881,0.0,0.0,0.0,0.0,0.0,0.0,0.0,0.0,0.0,0.0,924.5332393540663,0.006050831721829529,0.0,0.0,0.0,0.0,0.0,0.0,0.0,0.0,0.0,0.0,0.0,0.0,0.0,0.0,0.0,291.48175683973733,0.0,0.0,0.0,0.0,0.0,0.0,0.0,437.8585045439434,0.0,0.0,0.0,0.0,0.0,0.0,212.16672333978386,0.0,0.0,0.0,36.304990330977176,0.0,0.0,0.0,0.0,0.0,0.0,-36.304990330977176,0.0,0.0,0.0,0.0,0.0,0.0,0.0,0.0,0.0,0.0,0.0,0.0,-1000.0,-1000.0,41.44819729453229,0.0,-18.152495165488588,0.0,999.757966731127,0.0,0.0,0.0,0.0,0.0,0.0,0.0,0.0,0.0,0.0,0.0,0.0,0.0,0.0,0.0,0.0,0.0,-7.563539652286911,0.0,-399.5905601853571,300.55800442248164,0.0,0.0,0.0,0.0,0.0,-0.7563539652286912,0.0,454.2052435098942,0.0,0.0,0.0,0.0,0.0,0.0,0.0,1000.0,18.152495165488588,18.152495165488588,0.0,0.0,0.0,0.0,0.0,0.06655914894029835,291.48175683973733,0.0,0.0,-999.757966731127,924.5271885223444,0.0,0.0,0.0,0.0,0.0,0.0,0.0,0.0,0.0,0.0,0.0,0.0,0.0,0.0,0.0,0.0,0.0,0.0,63.53373307921006,4.659140425808735,0.0,0.0,0.0,0.0,0.0,291.48175683973733,0.0,-265.6816087730848,0.0,0.0,0.0,-7.563539652286911,0.0,0.0,0.0,0.0,0.0,0.0,0.0,0.0,0.0,0.0,0.0,0.0,0.0,0.0,0.0,0.0,0.0,0.0,-0.06050831721829529,0.0,0.0,3.0254158609147646,-496.5941623048897,0.0,0.0,0.0,0.0,0.0,0.0,0.0,0.0,5.209766112495397,1.5127079304573823,0.0,0.0,439.2078940717238,0.06050831721829529,0.0,60.50831721829529,-18.757578337671543,12.101663443659058,0.43220226584496635,168.81820503904387,-0.04538123791372147,373.376332510815,1.2101663443659059,-0.3025415860912517,-168.81820503904387,18.152495165488588,-0.06050831721829529,6.438475922771975,0.0,0.015127079304573823,0.43220226584496635,-19.315427768315924,-9.63292410115183,-1.2101663443659059,-57.035965963174135,-0.06050831721829529,0.015127079304573823,-168.81820503904387,38.76837424924284,0.06050831721829529,0.06050831721829529,-291.3546893735787,0.06655914894008674,-8.665651162698214,-0.04538123791372147,18.152495165488588,0.06050831721829529,18.152495165488588,-30.254158609147645,-0.030254158609147645,-211.49197126275135,-85.0,-0.04538123791372147,-0.06050831721829529,-18.757578337671543,0.06050831721829529,6.0508317218295815,-1.2101663443659059,78.88865996095218,78.88865996095218,-6.050831721829532,57.035965963174135,-78.88865996095218,12.101663443659058,0.09076247582744294,0.0,6.050831721829529,-258.08120494896644,0.0,-12.101663443659058,0.030254158609147645,0.6050831721829529,177.2584008532713,96.0,-0.06050831721829529,-305.09612821385383,291.3546893735787,18.757578337671543,0.06050831721829529,9.63292410115183,-105.32752318936764,0.0,-0.06050831721829529,-0.015127079304573823,0.0,-0.06050831721829529,-36.94916827817047,0.06050831721825034,-0.015127079304573823,-0.015127079304573823,-0.015127079304573823,24.203326887318116,30.254158609147645,0.6050831721829529,74.7042873881727,-0.015127079304573823,348.0783257837706,3.0254158609147646,21.5,0.06050831721829529,0.030254158609147645,0.030254158609147645,6.050831721829529,18.757578337671543,0.06050831721829529,-18.757578337671543,0.6050831721829529,0.06050831721829529,-134.45466312631163,0.06050831721829529,0.24203326887304702,0.3025415860912517,0.030254158609147645,0.015127079304573823,18.152495165488588,-0.06050831721829529,8.665651162698214,0.6050831721829529,-149.4085747763454,371.8636245803576,-6.0508317218295815,12.101663443659058,3.0254158609147646,-0.06050831721829529,19.315427768315924,0.09076247582744294,-0.06050831721829529,-12.101663443659064,18.757578337671543,112.6767746731397,0.030254158609147645,-43.0,-0.06050831721829529,-0.06050831721825034,-0.06050831721829529,0.030254158609147645,168.81820503904387,-12.101663443659058,0.06050831721829529,354.5168017065426,-0.015127079304573823,-0.06655914894008674,-354.5168017065426,9.076247582744292,85.0,-81.5545607726021,168.81820503904387,-0.04538123791372147,305.09612821385383,-96.0,0.06050831721829529,-0.01512707930457382,3.0254158609147646,60.50831721829529,-0.030254158609147645,-0.06050831721829529,0.015127079304573823,0.0,0.0,-256.06097519944655,59.75037573813893,-46.0,0.0,28.225023836728724,-31.0,32.71754252741331,-32.0,-93.0,-65.0,-256.0307210408374,16.0,23.0,46.5,-32.71754252741331,15.5,-291.48175683973733,-209.64676884052847,256.0307210408374,65.0,-209.64676884052847,-28.225023836728724,63.75085765213339,0.0,1496.5981,hclb
75,0.0,0.0,0.0,0.0,0.0,0.0,0.0,0.0,-0.06047786264613076,0.0,0.0,0.0,0.0,0.0,0.0,0.0,908.1515629142106,-937.375,0.0,250.28156623403606,0.0,0.0,0.0,798.6408985954122,0.0,0.0,0.0,0.0,0.0,-108.35365414928016,0.0,0.0,8.669984289059324,0.0,0.0,0.0,0.0,275.85460784803206,0.0,-1000.0,1000.0,0.0,0.0,0.0,0.0,0.0,414.69853635124343,0.0,-799.7979087649304,-701.4934672249312,0.0,0.0,0.0,0.06652564891080365,0.0,0.0,0.0,12.095572529226152,0.0,0.0,40.639750193315336,0.0,97.25775169773868,0.0,0.0,0.0,0.0,0.0,200.79632206301181,-200.79632206301181,0.0,0.6047786264613076,0.0,0.0,0.0,0.0,0.0,0.0,0.0,0.0,0.0,0.0,-112.54107464561062,0.0,36.28671758767846,0.0,0.0,1000.0,930.0393634611935,-315.71332481104173,-0.015119465661532688,0.0,0.0,570.774919166125,18.14335879383923,0.0,18.14335879383923,0.0,444.9532061354199,0.0,0.0,104.8591056569785,-108.35365414928016,0.0,0.0,-20.993454946461128,0.0,405.2867862642515,0.0,0.0,0.0,0.0,0.0,0.0,0.0,0.0,0.0,0.0,0.0,0.0,0.0,0.0,0.0,0.0,-536.3435763364083,0.0,0.0,18.14335879383923,0.0,18.748137420300534,12.759690270997709,0.0,0.0,0.0,0.0,0.0,-137.89750189105402,1000.0,-1000.0,0.0,0.0,0.0,0.0,0.0,0.0,117.1978700693627,0.06047786264613076,0.0,0.0,0.0,804.2434699275623,-804.2434699275623,0.0,0.0,112.54107464561062,0.0,338.1213486758167,0.0,0.0,0.0,0.0,0.0,585.3619415114026,585.3619415114026,0.0,0.0,0.0,0.0,712.8507486269314,0.0,0.0,585.4224193740488,0.0,0.0,0.0,-201.00453151579984,0.0,0.0,0.0,0.0,0.0,0.0,0.0,0.0,0.0,0.0,0.0,0.0,0.0,0.0,0.0,66.55566999483368,0.0,0.0,0.0,0.0,0.0,701.4934672249312,0.0,69.96063653880651,-69.96063653880651,39.42245081680375,0.0,0.0,0.0,0.0,0.0,0.0,0.0,-954.6553053599926,0.0,0.0,0.0,0.0,0.0,0.0,0.0,0.0,0.0,0.0,0.0,0.0,0.0,300.8526364683506,-18.808854941547697,0.0,0.0,0.0,0.0,98.47505107425027,-39.42245081680375,0.0,0.0,0.0,0.0,40.639750193315336,0.0,0.0,0.0,0.0,0.0,0.0,0.0,0.0,0.0,1.9473871772055986,0.0,0.0,0.0,0.0,860.078726922387,270.1627277738761,0.0,0.0,0.0,0.0,137.89750189105402,291.54336981910365,0.0,0.0,0.0,298.68573905842794,0.0,0.0,-1000.0,-1000.0,428.4595660411668,-428.45956604116685,428.4595660411668,1000.0,1000.0,0.0,-817.334888462227,701.4934672249312,0.0,194.25261732470022,0.0,0.0,0.0,0.0,0.0,0.0,0.0,1000.0,0.0,98.47505107425027,-833.5729308456474,0.0,0.0,0.0,40.639750193315336,-0.09071679396919613,0.0,0.0,0.0,0.0,0.06047786264613076,0.0,0.0,0.0,-86.6464159658785,908.1515629142106,0.0,-814.3384769854403,174.64625949613654,0.0,851.7638802488151,0.0,0.0,0.0,-20.993454946461128,0.0,0.0,0.0,33.46595257696307,-696.4722343553036,663.0062817783405,896.0844966181387,-1000.0,0.0,0.0,0.0,0.0,0.0,0.0,0.0,0.0,0.0,0.0,0.0,0.0,0.0,0.0,0.0,0.0,0.0,-723.9034807013836,0.0,-1000.0,112.54107464561062,0.0,0.0,52.43065030789424,0.0,0.0,-119.14525724656829,0.0,444.9532061354199,0.0,0.0,101.83521252467196,495.6759122922918,0.0,-1000.0,0.0,0.0,0.0,-552.068863655423,-783.1128203821506,0.0,0.0,919.8431754514104,696.306866235921,-1.511946566153269,549.0449705231165,0.0,0.0,-315.10561450209303,0.0,0.0,18.14335879383923,0.0,0.0,0.0,0.0,0.0,0.0,0.0,-300.8526364683506,300.8526364683506,300.8526364683506,101.89788241723497,0.0,0.0,0.0,0.0,0.0,0.0,0.0,0.0,-56.61800150442335,0.0,0.0,166.3794785450241,0.0,0.0,0.0,0.0,-36.95221373538693,0.12095572529207721,0.0,0.0,0.0,0.0,0.0,0.0,0.0,0.0,0.0,0.0,0.0,0.0,0.0,0.0,0.0,0.0,0.0,0.0,0.0,0.06652564891080365,0.06652564891080365,0.0,384.75706393912446,0.0,36.28671758767846,0.0,0.0,0.0,1000.0,0.0,0.0,0.0,0.0,0.0,511.07734008873007,-1000.0,0.0,0.0,0.0,0.0,0.0,166.3794785450241,0.0,0.0,0.0,0.0,0.0,0.0,0.0,178.7811921121361,86.6464159658785,0.0,0.0,4.656795423752068,0.0,0.0,570.774919166125,570.774919166125,0.0,511.07734008873007,0.0,0.0,474.12512635334315,0.0,0.0,300.8526364683506,0.0,0.0,0.0,0.0,0.0,0.0,0.0,0.0,0.0,0.0,0.0,0.0,0.0,36.28671758767846,137.89750189105402,137.89750189105402,0.0,0.0,0.0,0.0,0.0,0.0,0.0,0.0,0.0,0.0,0.6047786264613076,0.0,0.0,0.0,0.0,0.0,0.0,0.0,0.0,18.14335879383923,0.0,0.0,0.0,0.0,0.0,0.0,0.0,0.0,0.0,0.0,695.7230195639219,0.0,0.0,18.14335879383923,18.14335879383923,1000.0,-1000.0,0.0,166.3794785450241,0.0,0.0,0.0,0.0,0.0,-403.5637014495799,0.0,0.0,0.06047786264613076,0.0,0.0,0.0,28.830896234888574,0.0,0.0,-570.774919166125,0.0,0.0,0.0,0.0,0.0,0.0,0.0,0.0,0.0,0.0,0.0,0.0,0.0,0.0,0.06047786264613076,0.0,0.0,0.0,0.0,0.0,0.0,0.0,0.0,0.0,-674.1920511111484,1000.0,0.0,0.0,-276.0965192986164,-4.5358396984598075,-3.02389313230654,0.0,0.0,0.0,0.0,0.0,0.0,0.0,0.0,0.0,0.0,0.0,0.0,137.89750189105402,0.0,0.0,0.0,-312.0817213697865,0.0,0.0,0.0,-0.06047786264613076,0.0,0.0,0.06047786264613076,0.0,0.06047786264613076,0.0,0.0,0.0,36.28671758767846,73.78299242827953,73.78299242827953,0.0,0.0,0.0,0.0,0.0,0.0,0.0,0.0,0.0,0.0,0.0,0.0,0.0,38.673096550795094,0.0,0.0,0.0,0.0,0.0,0.0,0.0,0.0,0.0,0.0,0.0,0.0,0.0,0.0,0.0,0.0,0.0,0.09071679396919613,0.0,0.0,0.0,-18.14335879383923,0.0,0.0,0.0,0.0,0.0,-384.75706393912446,3.023893132306538,0.0,0.0,0.0,0.0,-712.8507486269314,-455.5261253385171,0.0,0.0,0.0,0.0,0.0,0.0,0.0,0.0,137.89750189105402,0.0,0.0,1000.0,83.90442747077385,0.0,52.90442747077385,-20.993454946461128,0.0,99.52066852606298,444.9532061354199,-544.4738746614829,112.54107464561062,217.76037739082412,0.0,3.02389313230654,739.4273584975531,0.0,0.0,0.0,-56.61800150442335,0.0,0.0,0.0,0.0,0.0,0.0,0.0,0.0,0.0,389.2929036375843,-398.36458303450394,73.78299242827953,0.0,0.0,0.0,0.0,0.0,0.0,0.0,0.0,0.0,1.9473871772055986,0.0,0.0,0.0,-28.830896234888574,-981.919140561922,0.0,18.14335879383923,0.0,0.0,0.0,0.0,171.86919022798892,0.0,0.0,0.06652564891080365,0.0,0.0,0.0,36.891496214139764,0.0,0.0,0.0,0.0,-18.808854941547697,0.0,0.0,0.0,0.0,0.0,0.0,0.0,0.0,0.0,0.0,0.006047786264613076,0.006047786264613076,0.0,0.0,0.0,0.0,0.0,0.0,0.0,0.0,0.0,0.0,0.0,0.0,0.0,0.0,0.0,384.75706393912446,0.0,0.0,0.0,0.0,0.0,0.0,0.0,701.4934672249312,0.0,0.0,0.0,0.0,449.45189483529975,0.0,-937.375,0.0,0.0,0.0,36.28671758767846,0.0,0.0,0.0,0.0,0.0,-36.28671758767846,0.0,0.0,0.0,0.0,0.0,0.0,0.0,0.0,0.0,0.0,0.0,0.0,0.0,0.0,384.16714101927863,80.10043246339467,0.0,-18.14335879383923,0.0,275.85460784803206,0.0,0.0,0.0,0.0,0.0,0.0,0.0,0.0,0.0,31.250000000000004,0.0,-31.25,-31.25,0.0,0.0,0.0,0.0,-7.559732830766348,137.89750189105402,-106.37105222313176,432.5018398868392,0.0,0.0,0.0,0.0,0.0,874.3160328104107,-875.0720060934873,169.15907615003397,0.0,0.0,0.0,0.0,0.0,0.0,0.0,1000.0,18.14335879383923,18.14335879383923,0.0,0.0,0.0,0.0,0.0,0.06652564891080365,384.75706393912446,0.0,0.0,-275.85460784803206,0.0,0.0,0.0,0.0,0.0,0.0,0.0,0.0,0.0,0.0,0.0,0.0,0.0,0.0,0.0,0.0,0.0,12.759690270997709,0.0,63.50175577843731,0.0,0.0,4.656795423752068,0.0,0.0,0.0,384.75706393912446,0.0,452.5022322062106,0.0,0.0,0.0,-7.559732830766348,0.0,0.0,0.0,0.0,0.0,0.0,0.0,0.0,0.0,0.0,0.0,0.0,0.0,0.0,0.0,0.0,0.0,0.0,-0.06047786264613076,0.0,0.0,3.023893132306538,-511.07734008873007,0.0,0.0,0.0,0.0,137.89750189105402,0.0,0.0,0.0,-33.46595257696307,1.511946566153269,0.0,0.0,0.0,0.06047786264613076,0.0,60.47786264613075,-5.988447149302829,12.095572529226153,0.43198473318664826,194.25261732470022,-0.045358396984598065,80.15682454858961,1.2095572529226153,-0.30238931323043516,-194.25261732470022,18.14335879383923,-0.06047786264613076,6.997818315487042,166.3794785450241,0.01511946566153269,0.43198473318664826,-20.993454946461128,-9.62807573326424,-1.2095572529226153,-221.05812914824662,-0.06047786264613076,0.01511946566153269,-194.25261732470022,6.047786264613076,0.06047786264613076,0.06047786264613076,-384.63006042756757,0.06652564891074383,-3.6352881315239927,-0.045358396984598065,18.14335879383923,0.06047786264613076,18.14335879383923,-30.23893132306538,-0.03023893132306538,-292.4991506513705,33.314186689544556,-0.045358396984598065,-0.06047786264613076,-5.988447149302829,0.06047786264613076,6.047786264613076,-1.2095572529226153,0.0,0.0,-6.047786264613076,221.05812914824662,0.0,12.095572529226152,0.09071679396919613,-1000.0,6.047786264613076,-178.7811921121361,166.3794785450241,-12.095572529226152,0.030238931323065377,0.6047786264613076,203.58461924636006,96.0,-0.06047786264613076,-398.36458303450394,384.63006042756757,18.748137420300534,0.06047786264613076,9.62807573326424,93.80604336966701,166.3794785450241,-0.06047786264613076,-0.01511946566153269,-166.3794785450241,-0.06047786264613076,-36.95221373538693,0.060477862646215935,-0.015119465661532688,-0.015119465661532688,-0.015119465661532688,24.191145058452303,30.23893132306538,0.6047786264613076,340.9802971425528,-0.01511946566153269,400.1714201772331,3.023893132306538,21.5,0.06047786264613076,0.03023893132306538,0.03023893132306538,40.0,5.988447149302829,0.06047786264613076,-5.988447149302829,0.6047786264613076,0.06047786264613076,-933.3278184517524,0.06047786264613076,0.2419114505843254,0.30238931323043516,0.03023893132306538,0.01511946566153269,18.14335879383923,-0.06047786264613076,3.6352881315239927,0.6047786264613076,-681.9605942851056,78.64487798243636,-6.047786264613076,12.095572529226152,3.023893132306538,-0.06047786264613076,20.993454946461128,0.09071679396919613,-0.06047786264613076,-80.0,5.988447149302829,-18.800712921220082,0.03023893132306538,-43.0,-0.06047786264613076,-0.060477862646215935,-0.06047786264613076,0.03023893132306538,194.25261732470022,-12.095572529226152,0.06047786264613076,407.1692384927201,-0.015119465661532688,-0.06652564891074383,-407.1692384927201,9.071679396919613,-33.31418668954455,925.1036137186316,194.25261732470022,-0.045358396984598065,398.36458303450394,-96.0,0.06047786264613076,-0.015119465661532692,3.02389313230654,60.47786264613075,-0.03023893132306538,-0.06047786264613076,0.01511946566153269,0.0,0.0,315.68308587971865,592.3475213091996,-46.0,0.0,-73.88534728894388,-31.0,0.0,-32.0,-93.0,-65.0,-684.2866751889583,16.0,23.0,46.5,0.0,15.5,-384.75706393912446,-153.06847730676884,684.2866751889583,65.0,-153.06847730676884,73.88534728894388,-86.86958846161198,0.0,1496.5981,hclb
76,0.0,0.0,0.0,0.0,0.0,0.0,0.0,0.0,-0.056923826744161216,0.0,0.0,0.0,0.0,0.0,0.0,0.0,1000.0,-532.0931138039895,0.0,-259.7974483980711,0.0,0.0,0.0,0.0,0.0,0.0,0.0,0.0,0.0,-1000.0,0.0,0.0,0.0,0.0,0.0,0.0,0.0,999.7723046930232,0.0,-627.220289463953,982.9228519767516,0.0,0.0,433.02936402705586,0.0,0.0,0.0,0.0,0.0,-962.0977263097228,0.0,0.0,0.0,0.06261620941887713,0.0,0.0,0.0,11.384765348832243,0.0,0.0,-5.0130916752691235,0.0,5.0130916752691235,0.0,0.0,0.0,0.0,0.0,0.0,864.8478746636589,0.0,0.5692382674416122,0.0,0.0,0.0,0.0,0.0,0.0,0.0,0.0,0.0,0.0,-298.3375380796383,0.0,34.15429604649673,0.0,0.0,-216.51468201352793,424.6241198114674,-326.81880601490434,-0.014230956686040304,0.0,0.0,0.0,17.077148023248366,0.0,17.077148023248366,-416.4091910796796,482.62960832375967,0.0,0.0,2.8461913372080607,-1000.0,0.0,0.0,0.0,0.0,0.0,0.0,0.0,0.0,0.0,0.0,0.0,0.0,0.0,0.0,0.0,0.0,0.0,0.0,0.0,0.0,0.0,-516.8504609894919,0.0,0.0,17.077148023248366,0.0,17.64638629068998,17.64638629068998,0.0,-883.0033973475186,883.0033973475186,0.0,0.0,0.0,-687.3750000001048,687.3750000001048,0.0,0.0,0.0,0.0,0.0,0.0,302.72067273893873,0.056923826744161216,0.0,0.0,0.0,0.0,-255.3954541790601,0.0,0.0,298.3375380796383,0.0,272.0810070269423,0.0,0.0,0.0,0.0,0.0,262.64065164214486,262.64065164214486,0.0,0.0,0.0,0.0,0.0,0.0,0.0,262.697575468889,0.0,0.0,0.0,-584.0199024150692,0.0,0.0,0.0,0.0,0.0,0.0,0.0,0.0,0.0,0.0,-409.0403028930164,0.0,0.0,0.0,0.0,-1000.0,0.0,0.0,0.0,0.0,0.0,962.0977263097228,0.0,575.3758801885326,-575.3758801885326,0.0,0.0,0.0,0.0,0.0,0.0,0.0,0.0,89.04868641288887,0.0,0.0,0.0,0.0,0.0,0.0,0.0,0.0,0.0,0.0,0.0,0.0,0.0,289.9906856993623,235.1649848767246,0.0,0.0,0.0,0.0,0.0,79.25069349883972,0.0,0.0,0.0,0.0,-5.0130916752691235,-433.02936402705586,0.0,0.0,0.0,0.0,0.0,0.0,0.0,0.0,0.0,0.0,0.0,0.0,150.75176037706524,0.0,358.8611981750047,0.0,0.0,0.0,0.0,0.0,69.44706862787669,0.0,0.0,0.0,475.31189014949564,0.0,0.0,-895.258487423611,0.0,0.0,-895.2584874236111,0.0,0.0,1000.0,0.0,0.0,962.0977263097228,0.0,114.85955569875006,0.0,0.0,0.0,-63.28433469380491,0.0,63.28433469380491,0.0,1000.0,0.0,0.0,173.83955414840858,0.0,0.0,0.0,-5.0130916752691235,-0.08538574011624182,0.0,0.0,0.0,0.0,0.056923826744161216,0.0,0.0,0.0,903.6721584779119,1000.0,0.0,-591.6840254985801,405.64406006913924,0.0,1000.0,0.0,425.06590680205454,0.0,0.0,0.0,0.0,0.0,574.9340931979455,0.0,-1000.0,-512.5026160054708,-1000.0,0.0,0.0,0.0,0.0,0.0,0.0,0.0,0.0,0.0,0.0,0.0,0.0,0.0,0.0,0.0,0.0,0.0,1000.0,0.0,0.0,298.3375380796383,0.0,414.5762438585178,153.36427456998248,0.0,0.0,-302.72067273893873,0.0,482.62960832375967,0.0,0.0,0.0,0.0,0.0,-48.86617822898813,0.0,0.0,-1000.0,0.0,-412.0986329618459,755.6154655702148,0.0,-30.662150393211164,-132.80516431974874,-1.4230956686040304,-2.8461913372080607,0.0,0.0,0.0,-355.2631688219551,827.8473872799541,17.077148023248366,0.0,0.0,0.0,0.0,0.0,0.0,289.9906856993623,0.0,0.0,0.0,76.07506041448777,0.0,0.0,-737.4162721845994,0.0,0.0,0.0,0.0,0.0,-10.026183350538247,0.0,0.0,0.0,0.0,0.0,0.0,0.0,-37.30761732558388,0.11384765348836044,0.0,0.0,0.0,0.0,0.0,0.0,0.0,42.48999462230245,0.0,443.99173942932407,0.0,0.0,0.0,0.0,0.0,0.0,0.0,0.0,0.0,0.06261620941887713,0.06261620941887713,0.0,374.6059203505301,0.0,34.15429604649673,0.0,0.0,0.0,-324.3511106960215,0.0,0.0,0.0,0.0,0.0,404.21527776361756,324.3511106960215,0.0,0.0,0.0,0.0,0.0,0.0,0.0,0.0,0.0,0.0,0.0,0.0,0.0,172.28348699649732,-903.6721584779119,255.3954541790601,0.0,4.383134659300411,0.0,0.0,0.0,-79.25069349883972,0.0,404.21527776361756,0.0,-633.0923395619664,1000.0,0.0,0.0,289.9906856993623,0.0,0.0,0.0,0.0,0.0,0.0,0.0,0.0,0.0,0.0,0.0,0.0,0.0,34.15429604649673,0.0,0.0,0.0,0.0,0.0,0.0,0.0,0.0,0.0,0.0,0.0,0.0,0.5692382674416122,0.0,0.0,0.0,0.0,0.0,0.0,0.0,0.0,17.077148023248366,0.0,0.0,0.0,0.0,0.0,0.0,0.0,0.0,0.0,0.0,659.4716682956996,0.0,0.0,17.077148023248366,17.077148023248366,212.84652407431884,324.3511106960215,0.0,0.0,0.0,0.0,0.0,0.0,0.0,512.5026160054708,0.0,1000.0,0.05692382674416121,0.0,0.0,-556.9132738110636,561.5037738392177,5.540174236679985,42.48999462230245,0.0,0.0,0.0,0.0,0.0,0.0,0.0,0.0,0.0,0.0,0.0,0.0,0.0,0.0,0.0,0.056923826744161216,0.0,0.0,0.0,0.0,0.0,0.0,0.0,0.0,0.0,-302.72067273893873,897.2058521822775,0.0,0.0,-1000.0,-4.2692870058120915,-2.846191337208063,0.0,0.0,-812.5,-812.5,812.5,0.0,0.0,0.0,0.0,0.0,0.0,0.0,0.0,0.0,0.0,0.0,830.6935786171622,0.0,0.0,0.0,-0.056923826744161216,0.0,0.0,0.05692382674416121,0.0,0.05692382674416121,0.0,420.85613523433483,0.0,34.15429604649673,69.44706862787669,69.44706862787669,0.0,0.0,0.0,0.0,0.0,0.0,0.0,255.3954541790601,0.0,0.0,0.0,0.0,579.835234680618,0.0,0.0,0.0,0.0,0.0,0.0,0.0,0.0,0.0,0.0,0.0,0.0,0.0,0.0,79.25069349883972,0.0,0.0,0.0,0.08538574011624182,0.0,0.0,0.0,-17.077148023248366,0.0,0.0,0.0,0.0,0.0,-374.6059203505301,2.8461913372080607,0.0,0.0,0.0,0.0,0.0,0.0,0.0,0.0,0.0,0.0,0.0,0.0,0.0,0.0,0.0,0.0,0.0,-857.6403183463049,84.61523465116775,0.0,309.0106888302279,5.540174236679985,0.0,0.0,482.62960832375967,-482.62960832375967,298.3375380796383,0.0,0.0,2.846191337208063,743.4670823947619,0.0,0.0,0.0,-10.026183350538247,0.0,0.0,167.2639101633801,-167.2639101633801,0.0,0.0,0.0,0.0,0.0,787.9155102493586,-387.41378136796646,69.44706862787669,0.0,0.0,0.0,0.0,0.0,0.0,0.0,0.0,0.0,0.0,0.0,0.0,0.0,-448.5822394574782,0.0,0.0,17.077148023248366,0.0,0.0,0.0,0.0,113.56568054040063,0.0,0.0,0.06261620941887713,0.0,0.0,0.0,34.723534313938345,0.0,0.0,0.0,0.0,235.1649848767246,0.0,0.0,0.0,0.0,0.0,0.0,0.0,0.0,-554.8578957956462,0.0,0.005692382674416121,0.005692382674416121,0.0,0.0,0.0,0.0,0.0,0.0,0.0,0.0,0.0,-556.9132738110636,0.0,0.0,0.0,0.0,0.0,374.6059203505301,0.0,0.0,0.0,0.0,0.0,0.0,0.0,962.0977263097228,0.0,0.0,0.0,0.0,740.2025516019289,1000.0,-532.0931138039895,0.0,0.0,0.0,34.15429604649673,0.0,0.0,0.0,0.0,0.0,0.0,-34.15429604649673,0.0,0.0,0.0,0.0,0.0,0.0,0.0,0.0,0.0,0.0,0.0,0.0,-1000.0,-1000.0,618.8280560003684,431.85619875366064,-448.933346776909,0.0,999.7723046930232,0.0,0.0,0.0,0.0,0.0,0.0,0.0,0.0,0.0,0.0,0.0,0.0,0.0,0.0,0.0,0.0,0.0,-7.115478343020154,0.0,-4.2692870058120915,962.9797290427723,0.0,0.0,0.0,0.0,0.0,-0.7115478343020153,0.0,308.36372143017655,0.0,0.0,0.0,0.0,0.0,0.0,0.0,1000.0,17.077148023248366,17.077148023248366,0.0,0.0,0.0,0.0,0.0,0.06261620941887713,374.6059203505301,0.0,0.0,-999.7723046930232,0.0,0.0,0.0,0.0,0.0,0.0,0.0,0.0,0.0,0.0,0.0,0.0,0.0,0.0,210.42806761716741,0.0,0.0,17.64638629068998,0.0,59.77001808136928,0.0,0.0,4.383134659300411,0.0,0.0,0.0,374.6059203505301,0.0,-4.679138558369914,0.0,0.0,0.0,-7.115478343020154,0.0,0.0,0.0,0.0,0.0,0.0,0.0,0.0,0.0,0.0,0.0,0.0,0.0,0.0,0.0,0.0,0.0,0.0,-0.05692382674416121,0.0,0.0,2.8461913372080607,-404.21527776361756,0.0,0.0,0.0,0.0,0.0,0.0,0.0,0.0,-574.9340931979455,1.4230956686040304,0.0,0.0,0.0,0.056923826744161216,0.0,56.92382674416121,0.0,11.384765348832245,0.4065987624582944,194.11024919758975,-0.04269287005812091,79.5283286221993,1.1384765348832244,-0.28461913372098024,-194.11024919758975,17.077148023248366,-0.056923826744161216,0.0,0.0,0.014230956686040304,0.4065987624582944,0.0,-9.062273217670338,-1.1384765348832244,-208.10943779793945,-0.056923826744161216,0.014230956686040304,-194.11024919758975,5.6923826744161214,0.056923826744161216,0.05692382674416121,-374.48638031436707,0.06261620941857733,-31.76744308890386,-0.04269287005812091,17.077148023248366,0.056923826744161216,17.077148023248366,-28.46191337208061,-0.028461913372080608,-240.31356393803844,-85.0,-0.04269287005812091,-0.056923826744161216,0.0,0.056923826744161216,5.6923826744161214,-1.1384765348832244,79.25069349883972,79.25069349883972,-5.6923826744161214,208.10943779793945,-79.25069349883972,11.384765348832243,0.08538574011624182,-1000.0,5.6923826744161214,-172.28348699649732,0.0,-11.384765348832243,0.028461913372080608,0.5692382674416122,147.92100637464503,96.0,-0.05692382674416121,-387.41378136796646,374.48638031436707,17.64638629068998,0.056923826744161216,9.062273217670338,-68.30859209299359,0.0,-0.05692382674416121,-0.014230956686040304,0.0,-0.056923826744161216,-37.30761732558388,0.05692382674418964,-0.014230956686040304,-0.014230956686040304,-0.014230956686040304,22.769530697664486,28.46191337208061,0.5692382674416122,303.3454640730374,-0.014230956686040304,295.84201274929006,2.8461913372080607,21.5,0.05692382674416121,0.028461913372080604,0.028461913372080608,5.6923826744161214,0.0,0.05692382674416121,0.0,0.5692382674416122,0.056923826744161216,-825.6895119409517,0.056923826744161216,0.2276953069767842,0.28461913372098024,0.028461913372080608,0.014230956686040304,17.077148023248366,-0.056923826744161216,31.76744308890386,0.5692382674416122,-606.6909281460748,78.10523295359526,-5.6923826744161214,11.384765348832243,2.8461913372080607,-0.056923826744161216,0.0,0.08538574011624182,-0.056923826744161216,-11.384765348832246,0.0,115.80467178652826,0.028461913372080608,-43.0,-0.056923826744161216,-0.05692382674418964,-0.056923826744161216,0.028461913372080608,194.11024919758975,-11.384765348832243,0.05692382674416121,295.84201274929006,-0.014230956686040304,-0.06261620941857733,-295.84201274929006,8.538574011624181,85.0,793.7549444524434,194.11024919758975,-0.04269287005812091,387.41378136796646,-96.0,0.056923826744161216,-0.014230956686040304,2.846191337208063,56.92382674416121,-0.028461913372080604,-0.056923826744161216,0.014230956686040304,0.0,0.0,326.79034410153224,522.3440478679142,-46.0,0.0,321.20934919127603,4.282157665633722,0.0,-32.0,-93.0,-65.0,-673.1811939850957,16.0,23.0,46.5,0.0,-2.141078832816861,-374.6059203505301,-229.3703523269289,673.1811939850957,65.0,-229.3703523269289,-321.20934919127603,191.91277930492674,0.0,1496.5981,hclb
77,0.0,0.0,0.0,0.0,0.0,0.0,0.0,0.0,-0.05840598407225802,0.0,0.0,0.0,0.0,0.0,0.0,0.0,14.820897411077718,1000.0,0.0,-548.661767674187,0.0,0.0,0.0,272.15646683426627,0.0,0.0,0.0,0.0,0.0,-318.11352465031393,0.0,0.0,29.70922775200304,0.0,0.0,0.0,0.0,-0.23362393628906225,0.0,-1000.0,1000.0,0.0,0.0,48.58359202596129,0.0,0.0,0.0,0.0,-437.71892797093943,-295.7047077526637,0.0,-692.4279631842144,0.0,0.0642465824795416,0.0,0.0,0.0,0.0,0.0,0.0,-5.1436203306300285,0.0,-946.5993863710818,-951.7430067017118,0.0,0.0,0.0,0.0,38.63620519361925,-38.63620519361925,0.0,0.5840598407225803,0.0,0.0,0.0,0.0,0.0,0.0,0.0,0.0,0.0,0.0,-294.6709692496554,0.0,35.043590443354816,0.0,0.0,329.3025586694106,-132.67336155687252,0.0,-0.014601496018064507,0.0,0.0,170.09557612013282,17.521795221677408,0.0,17.521795221677408,-1.8806726871261519,0.0,0.0,0.0,2.920299203612901,-1000.0,0.0,0.0,0.0,0.0,0.0,0.0,0.0,0.0,0.0,0.0,0.0,0.0,0.0,0.0,0.0,0.0,0.0,0.0,0.0,0.0,0.0,-785.6706253613613,0.0,0.0,17.521795221677408,0.0,18.10585506239999,0.0,0.0,649.7318178309106,0.0,-649.7318178309106,649.7318178309106,0.0,0.0,0.0,0.0,0.0,0.0,0.0,0.0,0.0,299.1682300232193,0.05840598407225802,0.0,0.0,0.0,-496.17814776415815,0.0,0.0,0.0,294.6709692496554,0.0,93.5827959870469,0.0,0.0,0.0,0.0,0.0,-25.160623449651553,-25.160623449651553,0.0,0.0,0.0,0.0,548.7983775707567,0.0,0.0,-25.102217465579294,0.0,0.0,0.0,-474.83197898011815,0.0,0.0,0.0,0.0,0.0,0.0,0.0,0.0,0.0,0.0,-302.785507303428,0.0,0.0,0.0,0.0,-895.5034136056817,0.0,0.0,0.0,0.0,0.0,295.7047077526637,692.4279631842144,132.67336155687252,-132.67336155687252,0.0,0.0,0.0,0.0,0.0,0.0,0.0,681.8864753496861,-457.80379705932575,0.0,0.0,0.0,0.0,0.0,0.0,0.0,0.0,0.0,0.0,0.0,0.0,0.0,296.9271701470912,521.4747635185657,48.58359202596129,0.0,0.0,0.0,0.0,79.10099560870195,0.0,0.0,0.0,0.0,-5.1436203306300285,0.0,0.0,0.0,0.0,0.0,0.0,0.0,0.0,0.0,0.0,11.681196814451605,0.0,0.0,-340.5428047197953,-605.8895278335403,716.684955439558,0.0,-48.58359202596129,0.0,0.0,0.0,71.2553005681548,0.0,0.0,0.0,-198.97723355992684,0.0,0.0,-117.74831378941042,-1000.0,0.0,882.2516862105889,0.0,1000.0,0.0,0.0,0.0,295.7047077526637,0.0,83.85169995289797,0.0,0.0,0.0,0.0,0.0,0.0,0.0,974.7809705662762,0.0,0.0,0.0,0.0,0.0,0.0,-5.1436203306300285,-0.08760897610838703,0.0,0.0,0.0,0.0,0.05840598407225802,0.0,0.0,0.0,798.8806227753023,14.820897411077718,0.0,-558.2512479956572,651.0761513367311,0.0,949.202992036129,0.0,-720.397800266865,0.0,0.0,0.0,0.0,0.0,-5.028755228621473,881.6886025114153,-156.26204701592886,450.26025606574507,795.0412430983911,0.0,0.0,0.0,0.0,0.0,0.0,0.0,0.0,0.0,0.0,0.0,0.0,0.0,0.0,0.0,0.0,0.0,-1000.0,0.0,-1000.0,294.6709692496554,0.0,0.0,0.0,0.0,0.0,-299.1682300232193,0.0,0.0,0.0,861.1438094192353,0.0,0.0,80.64157340046155,-1000.0,0.0,-920.3248077050346,-128.75534515747228,364.34454341181,-1000.0,216.47458004339822,-80.64157340046155,997.0797007963871,0.0,-1.4601496018064506,-367.2648426154229,0.0,0.0,643.9225857027183,901.9591254328334,0.0,17.521795221677408,0.0,0.0,0.0,0.0,0.0,0.0,0.0,-296.9271701470912,296.9271701470912,296.9271701470912,81.31880318554839,0.0,0.0,-1000.0,0.0,0.0,681.8864753496861,0.0,0.0,-10.287240661260057,0.0,-323.53836589342734,68.31880318554839,0.0,0.0,0.0,0.0,7.774820532730132,0.1168119681444513,0.0,0.0,0.0,0.0,0.0,0.0,0.0,0.0,0.0,0.0,0.0,0.0,0.0,0.0,0.0,0.0,0.0,0.0,0.0,0.0642465824795416,0.0642465824795416,0.0,381.2459733326396,0.0,35.043590443354816,0.0,0.0,0.0,1000.0,0.0,0.0,0.0,0.0,0.0,315.29323800364466,-1000.0,0.0,0.0,0.0,0.0,0.0,68.31880318554839,0.0,0.0,0.0,0.0,0.0,0.0,0.0,261.8902084537871,-798.8806227753023,496.17814776415815,0.0,4.497260773563865,0.0,0.0,170.09557612013282,90.99458051143088,0.0,315.29323800364466,0.0,0.0,323.0680585363748,0.0,0.0,296.9271701470912,0.0,0.0,0.0,0.0,0.0,0.0,0.0,0.0,0.0,0.0,0.0,0.0,0.0,35.043590443354816,0.0,0.0,0.0,0.0,0.0,0.0,0.0,0.0,0.0,0.0,0.0,0.0,0.5840598407225803,0.0,0.0,0.0,0.0,0.0,692.4279631842144,0.0,0.0,17.521795221677408,0.0,0.0,0.0,0.0,0.0,0.0,0.0,0.0,0.0,0.0,361.050374592243,0.0,0.0,17.521795221677408,17.521795221677408,1000.0,-1000.0,0.0,68.31880318554839,0.0,0.0,0.0,0.0,0.0,1000.0,681.8864753496861,813.5255407638076,0.05840598407225802,0.0,0.0,77.13344567942706,0.0,0.0,0.0,-170.09557612013282,0.0,0.0,0.0,0.0,0.0,0.0,0.0,0.0,0.0,0.0,0.0,0.0,0.0,0.0,0.05840598407225802,0.0,0.0,0.0,0.0,0.0,0.0,0.0,0.0,0.0,0.0,0.0,0.0,-299.1682300232193,0.0,-4.380448805419352,-2.920299203612901,0.0,0.0,0.0,0.0,0.0,0.0,0.0,0.0,0.0,0.0,0.0,0.0,0.0,0.0,0.0,0.0,646.8428849063312,0.0,0.0,0.0,-0.05840598407225802,0.0,0.0,0.05840598407225802,0.0,0.05840598407225802,0.0,0.0,0.0,35.043590443354816,71.2553005681548,71.2553005681548,0.0,0.0,0.0,0.0,0.0,0.0,0.0,496.17814776415815,0.0,681.8864753496861,0.0,0.0,0.0,0.0,0.0,0.0,0.0,0.0,0.0,0.0,0.0,0.0,0.0,0.0,0.0,0.0,0.0,79.10099560870195,0.0,-702.536431547893,702.536431547893,0.08760897610838703,0.0,0.0,0.0,-17.521795221677408,0.0,0.0,0.0,0.0,0.0,-381.2459733326396,2.920299203612901,0.0,0.0,0.0,0.0,-548.7983775707567,0.0,0.0,0.0,-323.53836589342734,0.0,0.0,0.0,0.0,0.0,0.0,0.0,0.0,0.0,84.31880318554839,0.0,549.4969509497065,0.0,0.0,-299.1682300232193,299.1682300232193,0.0,294.6709692496554,0.0,0.0,2.920299203612901,772.9993023047613,0.0,0.0,0.0,-10.287240661260057,0.0,0.0,1000.0,-1000.0,0.0,0.0,0.0,0.0,0.0,464.3589112397275,-170.33430154713824,71.2553005681548,0.0,0.0,0.0,0.0,0.0,0.0,0.0,0.0,0.0,0.0,0.0,0.0,224.0530182017595,-77.13344567942706,672.0579564668539,0.0,17.521795221677408,0.0,0.0,0.0,0.0,4.2767812462873565,0.0,0.0,0.0642465824795416,0.0,0.0,0.0,35.6276502840774,0.0,0.0,0.0,0.0,521.4747635185657,0.0,0.0,0.0,0.0,0.0,0.0,0.0,0.0,-1000.0,0.0,0.005840598407225802,0.005840598407225802,0.0,0.0,0.0,0.0,0.0,0.0,0.0,0.0,0.0,77.13344567942706,0.0,0.0,0.0,0.0,0.0,381.2459733326396,0.0,0.0,0.0,0.0,0.0,0.0,0.0,295.7047077526637,0.0,0.0,0.0,0.0,0.0,-264.31093763875657,1000.0,0.0,0.0,0.0,35.043590443354816,0.0,0.0,0.0,0.0,0.0,0.0,-35.043590443354816,0.0,0.0,0.0,0.0,0.0,0.0,0.0,0.0,0.0,0.0,0.0,0.0,981.5157023345835,450.26025606574507,40.00809908949675,0.0,-17.521795221677408,0.0,-0.23362393628906225,0.0,0.0,0.0,0.0,0.0,0.0,0.0,0.0,0.0,906.2499999999999,0.0,-906.2500000000001,-906.2499999999999,0.0,0.0,0.0,0.0,-7.300748009032253,0.0,-4.380448805419352,165.95385274171895,0.0,0.0,0.0,0.0,0.0,0.0,-0.7300748009032254,304.95820991091546,0.0,0.0,0.0,0.0,0.0,0.0,0.0,1000.0,17.521795221677408,17.521795221677408,0.0,0.0,0.0,0.0,0.0,0.0642465824795416,381.2459733326396,0.0,0.0,0.23362393628906225,0.0,0.0,0.0,0.0,0.0,0.0,0.0,0.0,0.0,0.0,0.0,0.0,0.0,0.0,351.2682157739465,0.0,0.0,0.0,0.0,61.32628327587093,4.497260773563865,0.0,0.0,0.0,0.0,0.0,381.2459733326396,0.0,-4.800971890739053,0.0,0.0,0.0,-7.300748009032253,0.0,0.0,0.0,0.0,0.0,0.0,0.0,0.0,0.0,0.0,0.0,0.0,0.0,0.0,0.0,0.0,0.0,0.0,-0.05840598407225802,0.0,0.0,2.920299203612901,-315.29323800364466,0.0,0.0,0.0,0.0,0.0,0.0,0.0,0.0,5.028755228621473,1.4601496018064506,0.0,0.0,0.0,0.05840598407225802,0.0,58.40598407225802,-18.10585506239999,11.681196814451605,0.41718560051612874,162.9526955615999,-0.04380448805419351,2.920299203612899,1.1681196814451604,-0.29202992036132025,-162.9526955615999,17.521795221677408,-0.05840598407225803,0.0,68.31880318554839,0.014601496018064507,0.41718560051612874,0.0,-9.29823266430293,-1.1681196814451607,-466.15912973689075,-0.05840598407225803,0.014601496018064507,-162.9526955615999,5.840598407225802,0.05840598407225803,0.05840598407225802,-381.12332076608783,0.06424658247948382,-21.934407219272956,-0.04380448805419351,17.521795221677408,0.05840598407225803,17.521795221677408,-29.20299203612901,-0.029202992036129014,-71.64838876777394,-85.0,-0.04380448805419351,-0.05840598407225803,-18.10585506239999,0.05840598407225802,5.840598407225802,-1.1681196814451604,79.10099560870195,79.10099560870195,-5.840598407225802,466.15912973689075,-79.10099560870195,11.681196814451605,0.08760897610838703,230.48426674033175,5.840598407225802,-261.8902084537871,68.31880318554839,-11.681196814451605,0.029202992036129014,0.5840598407225803,139.5628119989143,96.0,-0.05840598407225802,-394.38731974889777,381.12332076608783,18.10585506239999,0.05840598407225803,9.29823266430293,-1.7683777011611141,68.31880318554839,-0.05840598407225802,-0.014601496018064507,-68.31880318554839,-0.05840598407225802,7.774820532730132,0.05840598407294015,-0.014601496018064507,-0.014601496018064507,-0.014601496018064507,23.36239362890321,29.20299203612901,0.5840598407225803,220.9095800269156,-0.014601496018064507,279.1256239978286,2.920299203612901,-0.9671110627521649,0.05840598407225802,0.029202992036129014,0.02920299203612901,40.0,18.10585506239999,0.05840598407225802,-18.10585506239999,0.5840598407225803,0.0584059840722819,-576.1856731816802,0.05840598407225803,0.23362393628906225,0.29202992036132025,0.029202992036129014,0.014601496018064507,17.521795221677408,-0.05840598407225803,21.934407219272956,0.5840598407225803,-441.8191600538312,1.4601496018065063,-5.840598407225802,11.681196814451605,2.920299203612901,-0.05840598407225803,0.0,0.08760897610838703,-0.0584059840722819,-80.0,18.10585506239999,201.33608060461518,0.029202992036129014,1.934222125504327,-0.05840598407225803,-0.05840598407294015,-0.058405984072258034,0.029202992036129014,162.9526955615999,-11.681196814451605,0.05840598407225802,279.1256239978286,-0.014601496018064507,-0.06424658247948382,-279.1256239978286,8.760897610838702,85.0,-199.4568121116411,162.9526955615999,-0.04380448805419351,394.38731974889777,-96.0,0.05840598407225803,-0.014601496018064503,864.0641086228482,58.40598407225802,-0.029202992036129014,-0.05840598407225803,0.014601496018064507,0.0,0.0,-230.51346973236787,355.27609315476457,-46.0,0.0,350.66625645821273,-31.0,0.0,-32.0,-93.0,-65.0,0.0,16.0,23.0,46.5,0.0,15.5,-381.2459733326396,-205.61286185090253,0.0,65.0,-205.61286185090253,-350.66625645821273,173.29701787607402,0.0,1496.5981,hclb
78,0.0,0.0,0.0,0.0,0.0,0.0,0.0,0.0,-0.05910445797955088,0.0,0.0,0.0,0.0,0.0,0.0,0.0,313.0949802428148,-820.9574330801158,0.0,812.5749239648601,0.0,0.0,0.0,1000.0,0.0,0.0,0.0,0.0,0.0,-327.5107574964918,0.0,0.0,7.432676251752952,0.0,0.0,0.0,0.0,999.7635821680816,0.0,-1000.0,1000.0,0.0,-474.4117566767551,-1000.0,0.0,0.0,0.0,0.0,859.8971651776257,-276.9102420603245,0.0,319.89314460070375,0.0,0.06501490377756625,0.0,0.0,0.0,0.0,0.0,0.0,38.331872317337684,0.0,0.0,-92.27914243287296,0.0,0.0,0.0,0.0,971.7360813772003,-360.04814709807135,0.0,0.5910445797955086,0.0,0.0,0.0,0.0,0.0,0.0,0.0,555.7436068247307,0.0,0.0,0.0,0.0,35.46267478773053,0.0,0.0,-547.9274838256831,60.94843979563041,1000.0,-0.01477611449488772,0.0,0.0,-13.936711384704381,17.73133739386526,0.0,17.731337393865264,-951.7936372733798,0.0,0.0,0.0,998.5223885505111,-1000.0,0.0,0.0,-22.26111522689893,0.0,611.7554010882341,0.0,0.0,0.0,0.0,0.0,0.0,0.0,0.0,0.0,0.0,0.0,0.0,0.0,0.0,0.0,0.0,-515.6276264368573,0.0,0.0,17.731337393865264,0.0,18.322381973660768,0.0,0.0,-592.4478200247006,0.0,592.4478200247006,-592.4478200247006,-880.7667617234828,0.0,0.0,750.1557469732721,0.0,0.0,0.0,0.0,0.0,4.551043264425415,0.05910445797955088,0.0,0.0,0.0,-1000.0,590.6871384983433,0.0,0.0,0.0,0.0,269.87756474590225,0.0,0.0,0.0,0.0,0.0,131.24518850211686,131.24518850211686,0.0,0.0,0.0,0.0,0.0,0.0,0.0,131.3042929600964,0.0,0.0,0.0,-490.75752635530426,-766.5005480626849,0.0,0.0,0.0,0.0,0.0,0.0,0.0,0.0,0.0,-101.85811055225759,0.0,0.0,0.0,0.0,-619.7787352649,0.0,0.0,0.0,0.0,0.0,276.9102420603245,154.51861207605134,-452.7216158376723,452.7216158376723,97.91702105914081,0.0,0.0,0.0,0.0,0.0,0.0,672.4892425035082,-65.44540664112486,0.0,0.0,0.0,0.0,0.0,0.0,0.0,0.0,0.0,0.0,0.0,0.0,0.0,321.9330893660831,389.9546446934771,-1000.0,0.0,0.0,0.0,32.69399369106984,-24.14721057582139,0.0,0.0,0.0,0.0,38.331872317337684,0.0,0.0,0.0,229.7153863833223,0.0,0.0,0.0,0.0,0.0,0.0,11.820891595910176,0.0,0.0,746.4302200937626,785.6885190503102,13.766677590321592,0.0,1000.0,0.0,0.0,130.61101475021064,72.10743873505207,0.0,0.0,0.0,-247.28324942836798,0.0,0.0,-192.49672115638842,0.0,0.0,-192.4967211563884,0.0,0.0,-391.7731760420419,0.0,-453.18066170416677,276.9102420603245,0.0,91.13162727962751,0.0,0.0,0.0,0.0,0.0,0.0,0.0,131.1860840441373,0.0,32.69399369106984,0.0,0.0,0.0,0.0,38.331872317337684,-0.08865668696932631,0.0,0.0,0.0,0.0,0.05910445797955088,0.0,0.0,0.0,528.2775873877152,313.0949802428148,0.0,-665.3672051195965,586.0521974828456,766.5005480626849,916.8582352987056,0.0,578.4389589245197,0.0,-22.26111522689893,0.0,0.0,0.0,356.27445864032865,-1000.0,65.28658243515166,770.4439165933663,-1000.0,0.0,0.0,0.0,0.0,0.0,0.0,0.0,0.0,0.0,0.0,0.0,0.0,0.0,0.0,0.0,0.0,229.7153863833223,0.0,0.0,-1000.0,0.0,0.0,949.890473726438,720.658118445254,0.0,0.0,-4.551043264425415,0.0,0.0,0.0,175.26323517958218,995.5671656515335,0.0,0.0,-37.624239120875245,0.0,28.26391862279968,0.0,-2.955222898977544,0.0,-681.4973227565671,0.0,-823.4436258264961,441.2044119787723,-1.477611449488772,0.0,0.0,0.0,0.0,0.0,984.5372495955078,17.731337393865264,0.0,0.0,0.0,0.0,0.0,0.0,0.0,-321.9330893660831,321.9330893660831,321.9330893660831,103.44022363098875,0.0,0.0,0.0,0.0,0.0,672.4892425035082,0.0,0.0,-53.947270115535275,0.0,-125.00000000000011,100.87310209515967,0.0,0.0,0.0,0.0,-37.08955420204491,0.11820891595914122,0.0,0.0,0.0,0.0,0.0,0.0,0.0,0.0,0.0,611.687934279129,0.0,0.0,0.0,0.0,0.0,0.0,0.0,0.0,0.0,0.06501490377756625,0.06501490377756625,0.0,406.11219777017294,0.0,35.46267478773053,0.0,190.65477052867854,0.0,1000.0,0.0,0.0,0.0,0.0,0.0,448.75974314884564,-1000.0,0.0,0.0,0.0,0.0,0.0,100.87310209515967,0.0,0.0,0.0,0.0,0.0,0.0,0.0,171.87587547895245,-528.2775873877152,409.31286150165676,0.0,4.551043264425415,0.0,0.0,-13.936711384704381,-87.7065218680238,0.0,448.75974314884564,0.0,0.0,411.67018894680075,0.0,0.0,321.9330893660831,0.0,0.0,0.0,0.0,0.0,0.0,0.0,0.0,0.0,0.0,0.0,0.0,0.0,35.46267478773052,130.61101475021064,130.61101475021064,0.0,0.0,0.0,0.0,0.0,0.0,0.0,0.0,0.0,0.0,0.5910445797955086,0.0,0.0,0.0,0.0,0.0,154.51861207605134,0.0,0.0,17.731337393865264,0.0,0.0,0.0,0.0,0.0,0.0,0.0,0.0,0.0,0.0,844.1159796934357,0.0,0.0,17.73133739386526,17.73133739386526,520.5493192994276,-1000.0,0.0,100.87310209515967,0.0,0.0,0.0,0.0,0.0,-770.4439165933663,672.4892425035082,-918.0008618834377,0.05910445797955088,0.0,0.0,0.0,78.055880255994,0.0,0.0,13.936711384704381,0.0,0.0,0.0,0.0,0.0,0.0,0.0,0.0,0.0,0.0,0.0,0.0,0.0,0.0,0.05910445797955088,0.0,0.0,0.0,18.530963960770478,-18.530963960770478,0.0,0.0,0.0,0.0,0.0,945.3394304620126,0.0,0.0,-1000.0,-4.432834348466486,-2.955222898977544,0.0,0.0,0.0,0.0,0.0,0.0,0.0,0.0,0.0,0.0,0.0,0.0,130.61101475021064,766.5005480626849,0.0,0.0,987.4924724944854,0.0,0.0,0.0,-0.05910445797955088,0.0,0.0,0.05910445797955088,0.0,0.05910445797955088,0.0,0.0,0.0,35.46267478773053,72.10743873505207,72.10743873505207,0.0,0.0,0.0,0.0,0.0,0.0,0.0,409.31286150165676,0.0,672.4892425035082,0.0,0.0,361.36335247236804,0.0,0.0,0.0,0.0,0.0,0.0,0.0,0.0,0.0,0.0,0.0,0.0,0.0,0.0,73.76981048331942,0.0,0.0,0.0,0.08865668696932631,0.0,0.0,0.0,-17.731337393865264,0.0,0.0,0.0,0.0,0.0,-406.11219777017294,2.955222898977544,0.0,0.0,0.0,0.0,0.0,571.5472942874084,0.0,0.0,-125.00000000000011,0.0,0.0,0.0,0.0,0.0,130.61101475021064,0.0,0.0,428.44714557519967,84.17910840408982,0.0,462.4919699057466,-22.26111522689893,0.0,566.996251022983,0.0,-566.996251022983,0.0,0.0,190.65477052867854,2.955222898977544,1000.0,0.0,0.0,0.0,-53.947270115535275,0.0,0.0,0.0,0.0,0.0,0.0,0.0,0.0,0.0,92.99244185532497,0.0,72.10743873505207,0.0,0.0,0.0,0.0,0.0,0.0,0.0,0.0,0.0,0.0,0.0,0.0,419.410700815572,-689.743814535123,-1000.0,-474.4117566767551,17.731337393865264,0.0,0.0,0.0,0.0,67.93043594609169,0.0,0.0,0.06501490377756625,0.0,0.0,0.0,36.05371936752603,0.0,0.0,0.0,0.0,389.9546446934771,0.0,0.0,0.0,0.0,0.0,0.0,0.0,0.0,19.064679544413593,0.0,0.005910445797955088,0.005910445797955088,0.0,0.0,0.0,0.0,0.0,0.0,0.0,0.0,0.0,0.0,0.0,0.0,0.0,0.0,0.0,406.11219777017294,0.0,0.0,0.0,0.0,0.0,0.0,0.0,276.9102420603245,0.0,0.0,0.0,0.0,1000.0,1000.0,-820.9574330801158,0.0,0.0,0.0,35.46267478773053,0.0,0.0,0.0,0.0,0.0,381.3829680272278,-416.8456428149583,0.0,0.0,0.0,0.0,0.0,0.0,0.0,0.0,0.0,0.0,0.0,0.0,918.0008618834377,-1000.0,401.84990618836036,185.2736597689076,-203.00499716277287,0.0,999.7635821680816,0.0,0.0,0.0,0.0,0.0,0.0,0.0,0.0,0.0,0.0,0.0,0.0,0.0,0.0,0.0,0.0,190.65477052867854,-7.388057247443953,130.61101475021064,-1000.0,356.9305181239017,0.0,0.0,0.0,0.0,0.0,0.0,-0.7388057247443859,53.947270115535275,0.0,0.0,0.0,0.0,0.0,0.0,0.0,1000.0,17.73133739386526,17.73133739386526,0.0,0.0,0.0,0.0,555.7436068247307,0.06501490377756625,406.11219777017294,0.0,0.0,-999.7635821680816,0.0,0.0,0.0,0.0,0.0,0.0,0.0,0.0,0.0,0.0,0.0,0.0,0.0,0.0,0.0,0.0,0.0,0.0,0.0,62.05968087852841,0.0,0.0,4.551043264425415,0.0,0.0,0.0,406.11219777017294,0.0,-576.4056807333277,0.0,0.0,0.0,-7.388057247443953,0.0,0.0,0.0,0.0,0.0,0.0,0.0,0.0,0.0,0.0,0.0,0.0,0.0,0.0,0.0,0.0,0.0,0.0,-0.05910445797955088,0.0,0.0,2.955222898977544,-448.75974314884564,0.0,0.0,0.0,0.0,130.61101475021064,0.0,0.0,0.0,-356.27445864032865,1.477611449488772,0.0,0.0,0.0,0.05910445797955088,0.0,59.10445797955087,-18.322381973660768,11.820891595910174,0.42217469985393485,164.90143776294693,-0.044328343484663156,861.0678649473714,1.1820891595910177,-0.2955222898979173,-164.90143776294693,17.73133739386526,-0.05910445797955089,7.420371742299643,100.87310209515967,0.014776114494887721,0.42217469985393485,-22.26111522689893,-9.409429710344739,-1.1820891595910177,-304.7124711275591,-0.059104457979550884,0.014776114494887721,-164.90143776294693,5.910445797955088,0.05910445797955089,0.05910445797955088,-405.9880784084158,0.06501490377750598,0.0,-0.044328343484663156,17.73133739386526,0.059104457979550884,17.731337393865264,-29.552228989775436,-0.029552228989775442,-225.35533429210437,18.177660319886755,-0.044328343484663156,-0.059104457979550884,-18.322381973660768,0.05910445797955088,5.910445797955088,-1.1820891595910177,73.76981048331942,73.76981048331942,-5.910445797955088,304.7124711275591,-73.76981048331942,11.820891595910176,0.08865668696932631,-1000.0,5.910445797955088,-171.87587547895245,100.87310209515967,-11.820891595910176,0.02955222898977544,0.5910445797955086,166.34180127989913,96.0,-0.05910445797955088,-419.410700815572,405.9880784084158,18.322381973660768,0.059104457979550884,9.409429710344739,29.94775251969863,100.87310209515967,-0.05910445797955088,-0.014776114494887721,-100.87310209515967,-0.059104457979550884,-37.08955420204491,0.05910445797952246,-0.01477611449488772,-0.01477611449488772,-0.01477611449488772,23.641783191820352,29.552228989775436,0.5910445797955086,327.07706703664127,-0.014776114494887721,325.2632308174986,2.955222898977544,21.5,0.05910445797955088,0.029552228989775442,0.029552228989775442,40.0,18.322381973660768,0.05910445797955088,-18.322381973660768,0.5910445797955086,0.059104457979550884,-893.6531704987243,0.059104457979550884,0.23641783191840204,0.2955222898979173,0.029552228989775442,0.014776114494887721,17.73133739386526,-0.059104457979550884,0.0,0.5910445797955088,-654.1541340732825,859.5902534978826,-5.910445797955088,11.820891595910176,2.955222898977544,-0.059104457979550884,22.26111522689893,0.08865668696932631,-0.059104457979550884,-80.0,18.322381973660768,299.3242689438098,0.029552228989775442,-43.0,-0.059104457979550884,-0.05910445797952246,-0.059104457979550884,0.029552228989775442,164.90143776294693,-11.820891595910176,0.05910445797955088,332.68360255979826,-0.01477611449488772,-0.06501490377750598,-332.68360255979826,8.86566869693263,-18.17766031988675,828.2301212633673,164.90143776294693,-0.044328343484663156,419.410700815572,-96.0,0.059104457979550884,-0.014776114494887721,178.21845807855973,59.10445797955087,-0.029552228989775442,-0.059104457979550884,0.014776114494887721,0.0,0.0,391.7436238130521,566.576103462083,-46.0,0.0,206.18230737960243,-31.0,0.0,-32.0,-93.0,-65.0,-608.2268239579581,16.0,23.0,46.5,0.0,15.5,-406.11219777017294,-367.25470488990146,608.2268239579581,65.0,-367.25470488990146,-206.18230737960243,85.16205453097436,0.0,1496.5981,hclb
79,0.0,0.0,0.0,0.0,0.0,0.0,0.0,0.0,-0.04955817103676852,0.0,0.0,0.0,0.0,0.0,0.0,0.0,-304.64613804527386,590.7874312514978,0.0,-121.38492863551718,0.0,0.0,0.0,604.1805329762615,0.0,0.0,0.0,0.0,0.0,-221.51288643101657,0.0,0.0,0.0,0.0,0.0,0.0,0.0,434.4966438637439,0.0,-1000.0,1000.0,0.0,0.0,0.0,0.0,0.0,0.0,0.0,526.1590244762904,0.0,0.0,0.0,0.0,0.05451398814049438,0.0,0.0,0.0,9.911634207353703,0.0,0.0,-81.62617791783975,0.0,222.57817110163478,140.95199318379503,0.0,0.0,0.0,0.0,0.0,419.9638728983838,0.0,0.4955817103676852,0.0,0.0,0.0,0.0,0.0,0.0,0.0,0.0,0.0,0.0,0.0,0.0,29.734902622061114,0.0,77.26175498853473,-698.2197252120544,-293.0277666493237,1000.0,162.5885224815103,0.0,0.0,-441.3715586981409,14.867451311030557,0.0,14.867451311030557,0.0,0.0,0.0,0.0,2.477908551838426,-562.921019392274,0.0,0.0,-3.7203547452730086,551.0140326102538,0.0,0.0,0.0,0.0,0.0,0.0,0.0,0.0,0.0,0.0,0.0,0.0,0.0,0.0,0.0,0.0,0.0,-230.29525652051214,0.0,0.0,14.867451311030557,0.0,15.363033021398241,0.0,0.0,-638.0059856617341,0.0,638.0059856617341,-638.0059856617341,437.3750000000004,0.0,0.0,-437.3750000000004,0.0,0.0,0.0,0.0,0.0,81.0777341583659,0.04955817103676852,162.6009120242695,0.0,0.0,-579.0037554982156,27.98972288796176,0.0,0.0,0.0,0.0,459.4735090381301,0.0,0.0,0.0,0.0,0.0,589.7605414352304,589.7605414352304,0.0,0.0,0.0,0.0,0.0,0.0,0.0,589.8100996062672,0.0,0.0,0.0,-43.51128134413966,0.0,0.0,0.0,0.0,0.0,0.0,0.0,0.0,0.0,0.0,0.0,0.0,0.0,0.0,0.0,-1000.0,0.0,0.0,0.0,0.0,0.0,0.0,0.0,-597.7482419511527,597.7482419511527,0.0,0.0,0.0,0.0,0.0,0.0,0.0,341.4081329612575,-951.1064055869498,0.0,0.0,0.0,0.0,0.0,0.0,0.0,0.0,0.0,0.0,0.0,0.0,0.0,210.42767921794973,-23.176731585292593,0.0,0.0,0.0,0.0,0.0,0.0,0.0,0.0,0.0,0.0,-81.62617791783975,0.0,0.0,0.0,0.0,0.0,0.0,0.0,0.0,0.0,513.8027850545122,0.0,0.0,0.0,695.2795246981709,1000.0,-769.8089426869167,0.0,0.0,0.0,0.0,0.0,-839.5858894654041,0.0,0.0,0.0,-214.32958164588513,0.0,0.0,-1000.0,-1000.0,0.0,0.0,0.0,1000.0,-890.7760086004764,0.0,43.71496140059199,0.0,0.0,138.26729719258418,0.0,0.0,0.0,-1000.0,0.0,1000.0,0.0,1000.0,0.0,0.0,68.16230438194901,0.0,0.0,0.0,-81.62617791783975,-0.07433725655515278,0.0,0.0,0.0,0.0,0.04955817103676852,0.0,0.0,0.0,471.3297636344572,-304.64613804527386,0.0,-802.241415593804,133.332420546398,0.0,1000.0,0.0,90.0421892672056,0.0,-3.7203547452730086,0.0,0.0,0.0,226.08346451712643,0.0,-316.12565378433203,-384.90370607232467,-1000.0,0.0,0.0,0.0,0.0,0.0,0.0,0.0,0.0,0.0,0.0,0.0,0.0,0.0,0.0,0.0,0.0,0.0,-565.3051234521093,0.0,-1000.0,0.0,0.0,512.2070119471272,389.15361770645336,0.0,0.0,-151.70458766156105,0.0,0.0,0.0,0.0,0.0,0.0,0.0,-197.0547174050651,-725.2411365823182,0.0,-309.4474239182765,0.0,0.0,19.04515343993097,0.0,0.0,-230.5516183190581,724.0021823063989,-2.477908551838426,0.0,0.0,729.1591946857417,0.0,0.0,14.867451311030557,0.0,0.0,0.0,0.0,0.0,0.0,0.0,-210.42767921794973,210.42767921794973,210.42767921794973,56.205247132142176,0.0,0.0,-642.0742817014107,0.0,0.0,341.4081329612575,0.0,0.0,-8.728845858610045,0.0,125.00000000000011,14.867451311030557,0.0,0.0,0.0,0.0,-38.04418289632315,0.09911634207348209,0.0,0.0,0.0,0.0,0.0,0.0,0.0,160.68869408517642,0.0,419.9638728983838,0.0,0.0,0.0,0.0,0.0,0.0,0.0,0.0,0.0,0.05451398814049438,0.05451398814049438,0.0,296.51604501059603,0.0,29.734902622061114,0.0,0.0,0.0,1000.0,0.0,597.5506781160728,77.26175498853473,0.0,0.0,518.3484384476592,-1000.0,0.0,0.0,0.0,0.0,0.0,14.867451311030557,0.0,0.0,0.0,0.0,0.0,0.0,0.0,76.76508550683738,-471.3297636344572,0.0,0.0,237.463026943833,0.0,493.8049856597918,-935.1765443579327,-935.1765443579327,0.0,518.3484384476592,0.0,0.0,480.30425555133604,-124.99999999999996,124.99999999999996,210.42767921794973,0.0,0.0,0.0,0.0,0.0,0.0,0.0,0.0,0.0,0.0,0.0,0.0,0.0,29.734902622061114,0.0,0.0,0.0,0.0,0.0,0.0,0.0,0.0,0.0,0.0,0.0,0.0,0.4955817103676852,0.0,0.0,77.26175498853473,-77.26175498853473,0.0,0.0,0.0,0.0,14.867451311030557,0.0,0.0,0.0,156.3852927854671,0.0,0.0,0.0,0.0,0.0,0.0,0.0,623.1385343507036,0.0,14.867451311030557,14.867451311030557,1000.0,-1000.0,0.0,14.867451311030557,0.0,0.0,0.0,0.0,0.0,-52.175274535401286,341.4081329612575,-178.63434871281402,0.04955817103676852,0.0,0.0,0.0,65.44864459277237,30.603473405777134,160.68869408517642,441.3715586981409,0.0,0.0,0.0,0.0,0.0,0.0,0.0,0.0,0.0,0.0,0.0,0.0,0.0,0.0,0.04955817103676852,0.0,0.0,0.0,79.71475348174579,-79.71475348174579,0.0,0.0,0.0,0.0,-576.0560818811501,936.5585061667163,0.0,0.0,-434.69487654789066,-3.716862827757639,-2.477908551838426,0.0,0.0,-312.5,-312.5,312.5,0.0,0.0,0.0,0.0,0.0,0.0,0.0,0.0,0.0,0.0,0.0,731.6371032375802,0.0,0.0,0.0,-0.04955817103676852,0.0,0.0,0.04955817103676852,0.0,0.04955817103676852,0.0,0.0,0.0,29.734902622061114,60.460968664857596,60.460968664857596,0.0,0.0,0.0,0.0,0.0,0.0,0.0,0.0,0.0,341.4081329612575,0.0,0.0,230.35042304339225,0.0,0.0,0.0,0.0,0.0,0.0,0.0,0.0,0.0,0.0,0.0,0.0,0.0,0.0,0.0,0.0,0.0,0.0,0.07433725655515278,0.0,0.0,0.0,-14.867451311030557,0.0,0.0,0.0,0.0,0.0,-296.51604501059603,2.477908551838426,0.0,0.0,0.0,0.0,0.0,509.7291033952887,0.0,0.0,125.00000000000011,0.0,0.0,0.0,0.0,0.0,0.0,0.0,0.0,0.0,86.0883657926463,0.0,55.0883657926463,26.883118660504124,0.0,934.0805976148778,0.0,-934.0805976148778,0.0,-900.0468581302616,0.0,2.477908551838426,573.7401646744947,0.0,0.0,0.0,-163.2523558356795,0.0,0.0,0.0,0.0,0.0,-443.1759315513171,0.0,0.0,0.0,-7.433725655515415,0.0,60.460968664857596,0.0,-6.818921056894397,-6.818921056894399,6.818921056894397,0.0,0.0,0.0,0.0,0.0,513.8027850545122,0.0,0.0,307.6666334938691,-485.41251749115617,0.0,0.0,14.867451311030557,77.26175498853473,0.0,0.0,0.0,161.88750688939567,0.0,0.0,0.05451398814049438,0.0,0.0,0.0,30.230484332428798,0.0,0.0,0.0,0.0,-23.176731585292593,0.0,551.0140326102538,0.0,0.0,0.0,0.0,0.0,0.0,0.0,0.0,266.420786563117,0.004955817103676994,0.0,0.0,0.0,0.0,0.0,0.0,0.0,0.0,0.0,0.0,0.0,0.0,0.0,0.0,0.0,296.51604501059603,0.0,0.0,0.0,0.0,0.0,0.0,0.0,0.0,0.0,0.0,0.0,154.52350997706947,839.1967811508175,-1000.0,590.7874312514978,0.0,0.0,0.0,29.734902622061114,0.0,0.0,0.0,0.0,0.0,0.0,-29.734902622061114,0.0,154.52350997706947,0.0,0.0,0.0,0.0,0.0,0.0,0.0,0.0,0.0,0.0,178.63434871281402,-1000.0,264.2977702035787,0.0,-14.867451311030557,0.0,434.4966438637439,0.0,0.0,0.0,0.0,0.0,0.0,0.0,0.0,0.0,843.75,0.0,-843.75,-843.75,0.0,0.0,0.0,0.0,-6.194771379596065,0.0,-3.716862827757639,226.63356021563447,0.0,0.0,0.0,0.0,0.0,0.0,-0.6194771379596066,8.728845858610045,0.0,0.0,0.0,0.0,0.0,0.0,0.0,1000.0,14.867451311030557,14.867451311030557,0.0,0.0,0.0,0.0,0.0,0.05451398814049438,296.51604501059603,0.0,0.0,-434.4966438637439,266.41583074601334,0.0,0.0,0.0,0.0,0.0,0.0,0.0,0.0,0.0,0.0,0.0,0.0,0.0,0.0,0.0,0.0,0.0,0.0,52.03607958860695,81.0777341583659,0.0,0.0,0.0,0.0,0.0,296.51604501059603,0.0,0.0,0.0,0.0,0.0,-6.194771379596065,0.0,0.0,0.0,0.0,0.0,0.0,0.0,0.0,0.0,0.0,0.0,0.0,0.0,0.0,0.0,0.0,0.0,0.0,-0.04955817103676852,0.0,0.0,2.477908551838426,-518.3484384476592,0.0,0.0,0.0,0.0,0.0,0.0,0.0,0.0,-226.08346451712643,1.238954275919213,0.0,0.0,0.0,0.04955817103676852,0.0,49.55817103676851,-15.363033021398241,9.911634207353703,0.353986935976918,138.26729719258418,-0.03716862827757639,197.0547174050651,0.9911634207353703,-0.24779085518354238,-138.26729719258418,14.867451311030555,-0.04955817103676852,1.2401182484243363,14.867451311030557,0.01238954275919213,0.353986935976918,-3.720354745273009,-85.15141581758945,-0.9911634207353703,-164.7563645707067,-0.04955817103676852,0.01238954275919213,-138.26729719258418,4.955817103676852,0.04955817103676852,0.04955817103676852,-296.41197285141874,-77.20724100039429,0.0,-0.03716862827757639,14.867451311030557,0.04955817103676852,14.867451311030557,-24.77908551838426,-0.02477908551838426,-452.0327995475841,-5.00537527471362,-0.03716862827757639,-0.04955817103676852,-15.363033021398241,0.04955817103676852,4.955817103676852,-0.9911634207353703,0.0,0.0,-4.955817103676852,164.7563645707067,0.0,9.911634207353703,0.07433725655515278,-90.48192265977059,4.955817103676852,-76.76508550683738,14.867451311030557,-9.911634207353703,0.02477908551838426,0.4955817103676852,200.560353898451,96.0,-0.04955817103676852,-307.6666334938691,296.41197285141874,15.363033021398241,0.04955817103676852,85.15141581758945,-44.60235393309159,14.867451311030557,-0.04955817103676852,-0.01238954275919213,-14.867451311030557,-0.04955817103676852,-589.058215506577,0.04955817103676852,-0.01238954275919213,-0.01238954275919213,-0.01238954275919213,19.823268414707407,24.77908551838426,0.4955817103676852,36.71640996686699,-0.01238954275919213,399.8805895484777,2.477908551838426,21.5,0.04955817103676852,0.02477908551838426,0.02477908551838426,12.38954275919213,15.363033021398241,0.04955817103676852,-15.363033021398241,0.4955817103676852,0.04955817103676852,-36.71640996686699,0.04955817103676852,0.19823268414677386,0.24779085518354238,0.02477908551838426,0.01238954275919213,14.867451311030557,-0.04955817103676852,0.0,0.49558171036768517,-73.43281993373398,195.8157631291459,-4.955817103676852,9.911634207353703,2.477908551838426,-0.04955817103676852,3.720354745273009,0.07433725655515278,-0.04955817103676852,-24.779085518384264,15.363033021398241,-42.397351310803074,0.02477908551838426,-43.0,-0.04955817103676852,-0.04955817103676852,-0.04955817103676852,0.02477908551838426,138.26729719258418,-9.911634207353703,0.04955817103676852,401.120707796902,-0.01238954275919213,77.20724100039429,-401.120707796902,7.433725655515277,5.00537527471362,21.598478086304254,138.26729719258418,-0.03716862827757639,307.6666334938691,-96.0,0.04955817103676852,-0.01238954275919213,2.477908551838426,49.55817103676851,-0.02477908551838426,-0.04955817103676852,0.01238954275919213,0.0,0.0,-18.766847825271366,0.0,-46.0,0.0,-108.0,25.78788308059149,0.0,-32.0,-93.0,-65.0,-109.22399139952357,16.0,23.0,46.5,0.0,-12.893941540295746,-296.51604501059603,-119.49015557859259,109.22399139952357,65.0,-119.49015557859259,108.0,-34.17673158529263,0.0,1496.5981,hclb
80,0.0,0.0,0.0,0.0,0.0,0.0,0.0,0.0,-0.028687610344540784,0.0,0.0,0.0,0.0,0.0,0.0,0.0,502.17310726140823,-845.0295766282189,0.0,1000.0,0.0,0.0,0.0,128.70056740077914,0.0,0.0,0.0,0.0,0.0,594.8460840583405,0.0,0.0,14.352554389655841,0.0,0.0,0.0,0.0,-507.2557728884363,0.0,-1000.0,991.3937168966378,0.0,0.0,1000.0,0.0,0.0,172.9156428217217,0.0,-1000.0,0.0,0.0,597.8413349889283,0.0,0.031556371379023236,0.0,0.0,0.0,5.737522068908157,0.0,0.0,214.25990806764503,0.0,618.2345865399021,182.13550375158673,0.0,0.0,0.0,0.0,0.0,0.0,0.0,0.28687610344540787,0.0,0.0,0.0,0.0,0.0,0.0,0.0,0.0,0.0,0.0,-360.9459596368012,0.0,17.21256620672447,0.0,0.0,1000.0,-1000.0,1000.0,-0.007171902586135196,0.0,0.0,-876.8897731786769,8.606283103362236,0.0,8.606283103362236,-0.9237410530920442,0.0,0.0,0.0,884.3219567811182,114.49234475555603,0.0,0.0,-16.013449421729778,0.0,520.2356557025444,0.0,0.0,0.0,0.0,0.0,0.0,0.0,0.0,0.0,0.0,0.0,0.0,0.0,0.0,0.0,0.0,-1000.0,0.0,0.0,8.606283103362236,0.0,8.893159206807644,0.0,0.0,187.50000000000017,-187.50000000000017,0.0,0.0,-650.3589908559604,812.5000000000346,-812.5000000000346,0.0,0.0,0.0,0.0,0.0,0.0,363.1549056333308,0.028687610344540784,0.0,0.0,0.0,-1000.0,1000.0,0.0,0.0,360.9459596368012,0.0,-140.03932887957603,0.0,0.0,0.0,0.0,0.0,431.4405393747521,431.4405393747521,0.0,0.0,0.0,0.0,-1000.0,0.0,0.0,431.46922698509667,0.0,0.0,0.0,-1000.0,-272.22125927312686,0.0,0.0,0.0,0.0,0.0,0.0,0.0,0.0,0.0,-74.57693280559876,0.0,0.0,0.0,0.0,-341.7023661796564,0.0,0.0,0.0,0.0,0.0,0.0,-597.8413349889283,0.0,0.0,650.3589908559604,0.0,0.0,0.0,0.0,0.0,0.0,480.3537393027844,-944.3234733619757,0.0,0.0,0.0,0.0,0.0,0.0,0.0,0.0,0.0,0.0,0.0,0.0,0.0,206.3800007253513,-31.52495586218369,500.8221436691796,0.0,0.0,0.0,0.0,-189.0515360027399,0.0,0.0,0.0,0.0,214.25990806764503,-499.1778563308204,0.0,0.0,0.0,0.0,0.0,0.0,0.0,0.0,0.0,0.0,0.0,0.0,904.937133397949,-95.06286660205103,-597.8413349889283,0.0,-500.8221436691796,0.0,0.0,650.3589908559604,34.99888462033976,0.0,0.0,0.0,-459.85443293260266,0.0,0.0,-1000.0,0.0,0.0,-1000.0,0.0,0.0,-1000.0,0.0,752.8117583607094,0.0,0.0,-381.2690219919517,0.0,0.0,0.0,0.0,0.0,0.0,0.0,604.3274945861292,0.0,0.0,-622.1396947518081,0.0,0.0,0.0,214.25990806764503,-0.043031415516811174,0.0,0.0,0.0,0.0,0.028687610344540784,0.0,0.0,0.0,-128.21137177692634,502.17310726140823,0.0,-309.5403611742358,188.77219560466077,272.22125927312686,1000.0,0.0,756.9013314196163,0.0,-16.013449421729778,0.0,0.0,0.0,243.09866858038373,0.0,-1000.0,-1000.0,-1000.0,0.0,0.0,0.0,0.0,0.0,0.0,0.0,0.0,0.0,0.0,0.0,0.0,0.0,0.0,0.0,0.0,0.0,-1000.0,0.0,-492.85897755294184,360.9459596368012,0.0,0.0,1000.0,0.0,0.0,-363.1549056333308,0.0,0.0,0.0,0.0,882.8875762638911,0.0,0.0,0.0,0.0,0.0,0.0,-1.4343805172270392,715.8034608400271,0.0,0.0,-942.8781686491726,1000.0,-0.7171902586135196,0.0,-82.2186912474539,0.0,-932.6893214813815,80.18236771161042,93.67813234829362,8.606283103362236,-875.0000000005975,875.0000000005975,0.0,0.0,0.0,0.0,0.0,-206.3800007253513,206.3800007253513,206.3800007253513,103.27592735282161,0.0,0.0,0.0,0.0,0.0,480.3537393027844,0.0,0.0,-221.83917472067043,0.0,0.0,0.0,0.0,0.0,0.0,0.0,-40.13123896554592,0.057375220689049766,0.0,0.0,0.0,0.0,0.0,0.0,0.0,0.0,0.0,0.0,0.0,0.0,0.0,0.0,0.0,0.0,0.0,0.0,0.0,0.031556371379023236,0.031556371379023236,0.0,296.64247865644313,0.0,17.21256620672447,0.0,0.0,0.0,1000.0,0.0,0.0,0.0,0.0,0.0,465.5430421241103,-1000.0,0.0,0.0,0.0,0.0,0.0,0.0,0.0,0.0,0.0,0.0,0.0,0.0,0.0,333.3333333333333,128.21137177692634,0.0,0.0,2.208945996529639,0.0,-876.8897731786769,0.0,-461.3074548532205,0.0,465.5430421241103,0.0,0.0,425.41180315856434,0.0,0.0,206.3800007253513,0.0,0.0,0.0,0.0,0.0,0.0,0.0,0.0,0.0,0.0,0.0,0.0,0.0,17.21256620672447,650.3589908559604,650.3589908559604,0.0,0.0,0.0,0.0,0.0,0.0,0.0,0.0,0.0,0.0,0.28687610344540787,0.0,0.0,0.0,0.0,0.0,-597.8413349889283,0.0,0.0,8.606283103362236,0.0,0.0,0.0,0.0,0.0,0.0,0.0,0.0,0.0,0.0,-105.83244959870397,0.0,0.0,8.606283103362236,8.606283103362236,1000.0,-1000.0,0.0,0.0,0.0,0.0,0.0,0.0,0.0,1000.0,480.3537393027844,979.8592887591251,0.028687610344540784,0.0,0.0,-138.7305212235621,176.61660891357744,0.0,0.0,876.8897731786769,0.0,0.0,0.0,0.0,0.0,0.0,0.0,0.0,0.0,0.0,0.0,0.0,0.0,0.0,0.028687610344540784,0.0,0.0,0.0,-1000.0,1000.0,0.0,0.0,0.0,0.0,-363.1549056333308,0.0,0.0,0.0,507.14102244705816,-2.151570775840559,0.0,-1.4343805172270405,0.0,-187.5,-187.5,187.5,0.0,0.0,0.0,0.0,0.0,0.0,0.0,650.3589908559604,272.22125927312686,0.0,0.0,-837.576808615861,0.0,0.0,0.0,-0.028687610344540784,0.0,0.0,0.028687610344540784,0.0,0.028687610344540784,0.0,0.0,0.0,17.21256620672447,34.99888462033976,34.99888462033976,0.0,0.0,0.0,0.0,0.0,0.0,0.0,0.0,0.0,480.3537393027844,0.0,0.0,245.56867183104873,0.0,0.0,0.0,0.0,0.0,0.0,0.0,0.0,0.0,0.0,0.0,0.0,0.0,0.0,461.3074548532205,0.0,0.0,0.0,0.043031415516811174,0.0,0.0,0.0,-8.606283103362236,0.0,0.0,0.0,0.0,0.0,-296.64247865644313,1.4343805172270392,0.0,0.0,0.0,0.0,1000.0,0.0,-1.4343805172270405,0.0,0.0,0.0,0.0,0.0,0.0,0.0,650.3589908559604,0.0,0.0,270.7190864040361,90.26247793109184,0.0,59.262477931091844,-16.013449421729778,0.0,0.0,0.0,0.0,360.9459596368012,0.0,0.0,1.4343805172270405,888.5027336349056,0.0,0.0,0.0,-221.83917472067043,312.5000000000003,-312.5000000000003,0.0,0.0,0.0,0.0,0.0,0.0,0.0,70.27379125391764,0.0,34.99888462033976,0.0,0.0,0.0,0.0,0.0,0.0,0.0,0.0,0.0,0.0,0.0,0.0,303.0971909839648,-37.88608769001533,0.0,0.0,8.606283103362236,0.0,0.0,0.0,0.0,-199.96182399691665,0.0,0.0,0.031556371379023236,0.0,0.0,0.0,17.49944231016988,0.0,0.0,0.0,0.0,-31.52495586218369,0.0,0.0,0.0,0.0,0.0,0.0,0.0,0.0,0.0,0.0,0.0028687610344541605,0.0028687610344541605,0.0,0.0,0.0,0.0,0.0,0.0,0.0,0.0,0.0,-138.7305212235621,0.0,0.0,0.0,0.0,0.0,296.64247865644313,0.0,0.0,0.0,0.0,0.0,0.0,0.0,0.0,0.0,0.0,0.0,0.0,240.59469662468535,918.7219412699122,-845.0295766282189,0.0,0.0,0.0,17.21256620672447,0.0,0.0,0.0,0.0,0.0,178.10407904626254,-195.316645252987,0.0,0.0,0.0,0.0,0.0,0.0,0.0,0.0,0.0,0.0,0.0,0.0,-979.8592887591251,114.49234475555603,265.21968491705917,-8.606283103362236,0.0,0.0,-507.2557728884363,0.0,0.0,0.0,0.0,0.0,0.0,0.0,0.0,0.0,781.2499999999999,0.0,-781.2499999999999,-781.25,0.0,0.0,0.0,0.0,-3.585951293067599,650.3589908559604,-885.0391470397317,243.41710105520818,0.0,0.0,0.0,0.0,0.0,0.0,-0.35859512930675985,582.7851343574716,0.0,0.0,0.0,0.0,0.0,0.0,0.0,1000.0,8.606283103362236,8.606283103362236,0.0,0.0,0.0,0.0,0.0,0.031556371379023236,296.64247865644313,0.0,0.0,507.2557728884363,0.0,0.0,0.0,0.0,0.0,0.0,0.0,0.0,0.0,0.0,0.0,0.0,0.0,0.0,0.0,0.0,0.0,0.0,0.0,30.121990861767824,0.0,0.0,2.208945996529639,0.0,0.0,0.0,296.64247865644313,0.0,-0.9237410530920442,0.0,0.0,0.0,-3.585951293067599,0.0,0.0,0.0,0.0,0.0,0.0,0.0,0.0,0.0,0.0,0.0,0.0,0.0,0.0,0.0,0.0,0.0,0.0,-0.028687610344540784,0.0,0.0,1.4343805172270392,-465.5430421241103,0.0,0.0,0.0,0.0,650.3589908559604,0.0,0.0,0.0,-243.09866858038373,0.7171902586135196,0.0,0.0,0.0,0.028687610344540784,0.0,28.687610344540783,-8.893159206807644,5.737522068908157,0.2049115024610056,80.03843286126879,-0.021515707758405587,942.8781686491726,0.5737522068908157,-0.14343805172267562,-80.03843286126879,8.606283103362236,-0.028687610344540784,5.337816473909926,0.0,0.007171902586135196,0.2049115024610056,-16.013449421729778,-4.567067566848706,-0.5737522068908157,-657.1435306331894,-0.028687610344540815,0.007171902586135196,-80.03843286126879,2.8687610344540784,0.028687610344540784,0.028687610344540784,-296.5822346747196,0.031556371378994946,-22.456894511742203,-0.021515707758405587,8.606283103362236,0.028687610344540784,8.606283103362236,-14.343805172270393,-0.014343805172270392,194.5231222347778,186.15408735794128,-0.021515707758405587,-0.028687610344540784,-8.893159206807644,0.028687610344540784,2.8687610344540784,-0.5737522068908157,461.3074548532205,461.3074548532205,-2.8687610344540784,657.1435306331894,-461.3074548532205,5.737522068908157,0.043031415516811174,-1000.0,2.8687610344540784,-333.3333333333333,0.0,-5.737522068908157,0.014343805172270392,0.28687610344540787,77.38509029355895,96.0,-0.028687610344540784,-303.0971909839648,296.5822346747196,8.893159206807644,0.028687610344540784,4.567067566848706,-34.42513241344895,0.0,-0.028687610344540784,-0.007171902586135196,0.0,-0.028687610344540784,-40.13123896554592,0.028687610344540784,-0.007171902586135196,-0.007171902586135196,-0.007171902586135196,11.475044137816313,14.343805172270393,0.28687610344540787,319.850404537981,-0.007171902586135196,149.43236411320797,1.4343805172270392,21.5,0.028687610344540784,0.014343805172270392,0.014343805172270392,2.8687610344540784,8.893159206807644,0.028687610344540784,-8.893159206807644,0.28687610344540787,0.028687610344540784,-917.0433469859232,0.028687610344540784,0.11475044137813484,0.14343805172267562,0.014343805172270392,0.007171902586135196,8.606283103362236,-0.028687610344540784,22.456894511742203,0.28687610344540787,-639.700809075962,942.1609783905591,-2.8687610344540784,5.737522068908157,1.4343805172270392,-0.028687610344540784,16.013449421729778,0.043031415516811174,-0.028687610344540784,-5.737522068908157,8.893159206807644,376.1085143147041,0.014343805172270392,-43.0,-0.028687610344540784,-0.028687610344540784,-0.028687610344540784,0.014343805172270392,80.03843286126879,-5.737522068908157,0.028687610344540784,154.7701805871179,-0.007171902586135196,-0.031556371378994946,-154.7701805871179,4.303141551681117,-186.15408735794128,804.7030378246538,80.03843286126879,-0.021515707758405587,303.0971909839648,-96.0,0.028687610344540815,-0.007171902586135195,1.4343805172270405,28.687610344540783,-0.014343805172270392,-0.028687610344540784,0.007171902586135196,0.0,0.0,999.9856561948277,597.1929424479422,-46.0,0.0,361.75227790402374,-31.0,0.0,-32.0,-93.0,-65.0,0.0,16.0,23.0,46.5,0.0,15.5,-296.64247865644313,-176.14669031778746,0.0,65.0,-176.14669031778746,-361.75227790402374,196.6543246415093,0.0,1496.5981,hclb
81,0.0,0.0,0.0,0.0,0.0,0.0,0.0,0.0,-0.0596056935921133,0.0,0.0,0.0,0.0,0.0,0.0,0.0,0.0,0.0,0.0,306.2344860524961,0.0,0.0,0.0,904.6904959462108,0.0,0.0,0.0,0.0,0.0,360.69686894247513,0.0,0.0,0.0,0.0,0.0,0.0,0.0,959.6234185979923,0.0,-1000.0,1000.0,0.0,-100.32439105960604,-410.90376874247215,0.0,0.0,0.0,0.0,949.8825087403911,0.0,0.0,1000.0,0.0,0.06556626295138357,0.0,0.0,0.0,0.0,0.0,0.0,24.68836284855928,0.0,65.12454994415901,0.0,0.0,0.0,0.0,0.0,0.0,252.98459271918193,0.0,0.5960569359211331,0.0,0.0,0.0,0.0,0.0,0.0,0.0,0.0,0.0,0.0,0.0,0.0,35.76341615526798,0.0,0.0,1000.0,805.1140923254206,-754.9071925254235,-0.014901423398028323,0.0,0.0,-510.32046855034946,17.88170807763399,0.0,17.88170807763399,0.0,0.0,0.0,0.0,396.4092539157934,-564.37205312411,0.0,0.0,0.0,0.0,0.0,0.0,0.0,0.0,0.0,0.0,0.0,0.0,0.0,0.0,0.0,0.0,0.0,0.0,0.0,0.0,0.0,-751.3975942380605,0.0,0.0,17.88170807763399,0.0,18.47776501355513,0.0,0.0,187.50000000000153,0.0,-187.50000000000153,187.50000000000153,803.5735569697076,543.255365144033,-543.255365144033,-893.3864697624259,0.0,0.0,0.0,0.0,0.0,4.589638406592721,0.0596056935921133,0.0,0.0,0.0,0.0,0.0,0.0,0.0,0.0,0.0,113.79145835504782,0.0,0.0,0.0,0.0,0.0,520.0291594664086,520.0291594664086,0.0,0.0,0.0,-62.50000000000001,0.0,0.0,0.0,520.0887651600007,0.0,0.0,0.0,0.0,-285.9810824430401,0.0,0.0,0.0,0.0,0.0,0.0,0.0,0.0,0.0,-1000.0,0.0,0.0,0.0,0.0,-1000.0,0.0,0.0,0.0,0.0,0.0,0.0,-899.675608940394,-50.20689979999713,50.20689979999713,0.0,0.0,0.0,0.0,0.0,0.0,0.0,925.0689220665852,-954.3718504174368,0.0,0.0,0.0,0.0,0.0,0.0,0.0,0.0,0.0,0.0,0.0,0.0,0.0,325.9979145130149,-19.15772256315468,-410.90376874247215,0.0,0.0,0.0,89.81291279271831,78.97982494719655,0.0,0.0,0.0,0.0,24.68836284855928,0.0,0.0,0.0,0.0,0.0,0.0,0.0,0.0,0.0,480.572900395037,11.92113871842266,0.0,0.0,-754.9966010658118,0.0,1000.0,0.0,410.90376874247215,0.0,0.0,89.81291279271831,72.71894618237823,0.0,0.0,0.0,-498.4793591167246,0.0,0.0,-1000.0,-1000.0,0.0,0.0,0.0,1000.0,754.9071925254235,0.0,-693.8549224878922,0.0,0.0,87.32006017479956,0.0,0.0,0.0,0.0,0.0,0.0,0.0,519.9695537728165,0.0,89.81291279271831,-224.83015548383014,-62.5,0.0,0.0,24.68836284855928,-0.08940854038816994,0.0,0.0,0.0,0.0,0.0596056935921133,0.0,0.0,0.0,422.5655665801325,0.0,0.0,-604.6483993419405,134.72049471594022,285.9810824430401,859.9899340033384,0.0,1000.0,0.0,0.0,0.0,0.0,0.0,-5.132050218281013,0.0,-994.867949781719,-1000.0,-1000.0,0.0,0.0,0.0,0.0,0.0,0.0,0.0,0.0,0.0,0.0,0.0,0.0,0.0,0.0,0.0,0.0,0.0,263.0941006082064,0.0,-696.7677407641561,0.0,0.0,478.6535970613687,1000.0,0.0,0.0,-485.1625388016297,0.0,0.0,0.0,0.0,393.4289692361877,-1000.0,0.0,-348.33548030726445,0.0,1000.0,0.0,-76.64770994301297,593.6642473223269,320.9446360376116,0.0,-351.35928899043506,-256.7994104202545,-1.4901423398028324,73.66742526340731,-904.3874109492157,0.0,0.0,-1000.0,959.6839883654569,17.88170807763399,0.0,0.0,0.0,0.0,0.0,0.0,525.6106401867795,199.61272567376454,-199.61272567376454,-199.61272567376454,61.62237784637765,0.0,0.0,0.0,0.0,0.0,925.0689220665852,0.0,0.0,-40.436187095599735,0.0,0.0,157.89177407429565,0.0,0.0,0.0,0.0,-37.03943064078867,0.1192113871842266,0.0,0.0,0.0,0.0,0.0,0.0,0.0,0.0,0.0,0.0,0.0,0.0,0.0,0.0,0.0,0.0,0.0,0.0,0.0,0.06556626295138357,0.06556626295138357,0.0,410.07677579459227,0.0,35.76341615526798,0.0,0.0,0.0,1000.0,0.0,0.0,0.0,0.0,0.0,340.3544021953172,-1000.0,0.0,0.0,120.78491800086101,0.0,0.0,157.89177407429565,0.0,0.0,0.0,0.0,0.0,0.0,0.0,250.46586474602017,-422.5655665801325,0.0,0.0,4.589638406592721,0.0,-510.32046855034946,0.0,-78.97982494719655,0.0,340.3544021953172,0.0,303.31497155452854,0.0,0.0,0.0,325.9979145130149,0.0,0.0,0.0,0.0,0.0,0.0,0.0,0.0,0.0,0.0,0.0,0.0,0.0,35.76341615526798,89.8129127927183,89.81291279271831,0.0,0.0,0.0,0.0,0.0,0.0,0.0,0.0,0.0,0.0,0.5960569359211331,0.0,0.0,0.0,0.0,0.0,-899.675608940394,0.0,0.0,17.88170807763399,-120.78491800086101,0.0,0.0,0.0,0.0,0.0,0.0,0.0,0.0,0.0,1000.0,0.0,0.0,17.88170807763399,17.88170807763399,1000.0,-1000.0,0.0,157.89177407429565,0.0,0.0,0.0,0.0,0.0,564.37205312411,925.0689220665852,138.52756134415074,0.0596056935921133,0.0,0.0,0.0,78.71783348747022,19.45648343519968,0.0,510.32046855034946,0.0,0.0,0.0,0.0,0.0,0.0,0.0,0.0,0.0,0.0,0.0,0.0,0.0,0.0,0.0596056935921133,0.0,0.0,0.0,0.0,0.0,0.0,0.0,0.0,0.0,-6.50894174026098,0.0,0.0,0.0,-959.8618413723625,-4.470427019408476,-2.980284679605665,0.0,0.0,0.0,0.0,0.0,0.0,0.0,0.0,0.0,0.0,0.0,0.0,89.8129127927183,285.9810824430401,0.0,0.0,962.6642730450626,0.0,0.0,0.0,-0.0596056935921133,0.0,0.0,0.0596056935921133,0.0,0.0596056935921133,0.0,252.98459271918193,0.0,35.76341615526798,72.71894618237823,72.71894618237823,0.0,0.0,0.0,0.0,0.0,0.0,0.0,0.0,0.0,925.0689220665852,0.0,0.0,0.0,0.0,0.0,0.0,0.0,0.0,0.0,0.0,0.0,0.0,0.0,0.0,0.0,0.0,0.0,78.97982494719655,0.0,0.0,0.0,0.08940854038816994,0.0,0.0,0.0,-17.88170807763399,0.0,0.0,0.0,0.0,0.0,-410.07677579459227,2.980284679605665,0.0,0.0,0.0,62.5,0.0,899.7131254266064,0.0,0.0,0.0,0.0,0.0,0.0,0.0,0.0,89.8129127927183,0.0,120.78491800086101,1000.0,84.07886128157735,0.0,53.07886128157734,19.45648343519968,0.0,421.0595283652377,0.0,-421.0595283652377,0.0,0.0,0.0,2.980284679605665,627.2605723774006,0.0,0.0,0.0,-40.436187095599735,0.0,0.0,0.0,0.0,0.0,0.0,0.0,0.0,0.0,995.5295729805914,-4.470427019408689,72.71894618237823,0.0,0.0,0.0,0.0,0.0,0.0,0.0,0.0,0.0,480.572900395037,0.0,0.0,419.0176298334093,-78.71783348747022,-792.6320661702385,-100.32439105960604,17.88170807763399,0.0,0.0,0.0,0.0,35.9419992320407,0.0,0.0,0.06556626295138357,0.0,0.0,0.0,36.359473091189116,0.0,0.0,0.0,0.0,-19.15772256315468,0.0,0.0,0.0,0.0,0.0,0.0,0.0,0.0,-356.2248619198189,0.0,0.00596056935921133,0.00596056935921133,0.0,0.0,0.0,0.0,0.0,0.0,0.0,0.0,0.0,0.0,0.0,0.0,0.0,0.0,0.0,410.07677579459227,0.0,0.0,0.0,0.0,0.0,0.0,0.0,0.0,0.0,0.0,0.0,0.0,-450.5686699133771,113.15513327797797,0.0,0.0,0.0,0.0,35.76341615526798,0.0,0.0,0.0,0.0,0.0,0.0,-35.76341615526798,0.0,0.0,0.0,0.0,0.0,0.0,0.0,0.0,0.0,0.0,0.0,0.0,-279.6035002516429,-1000.0,40.829900110597606,0.0,-17.88170807763399,0.0,959.6234185979923,0.0,0.0,0.0,0.0,0.0,0.0,0.0,0.0,0.0,0.0,0.0,0.0,0.0,0.0,0.0,0.0,0.0,-7.450711699014141,89.81291279271831,-397.8993962555962,0.0,0.0,0.0,0.0,0.0,0.0,0.0,-0.7450711699014163,40.436187095599735,0.0,0.0,0.0,0.0,0.0,0.0,0.0,858.9240610925078,17.88170807763399,17.88170807763399,0.0,0.0,0.0,0.0,0.0,0.06556626295138357,410.07677579459227,0.0,0.0,-959.6234185979923,0.0,0.0,0.0,0.0,0.0,0.0,0.0,0.0,0.0,0.0,0.0,0.0,0.0,0.0,126.49229635959097,0.0,0.0,0.0,0.0,62.58597827171897,0.0,0.0,4.589638406592721,0.0,0.0,0.0,410.07677579459227,0.0,-424.0398130448434,0.0,0.0,0.0,-7.450711699014141,0.0,0.0,0.0,0.0,0.0,0.0,0.0,0.0,0.0,0.0,0.0,0.0,0.0,0.0,0.0,0.0,0.0,0.0,-0.0596056935921133,0.0,0.0,2.980284679605665,-340.3544021953172,0.0,0.0,0.0,0.0,89.81291279271831,0.0,0.0,0.0,5.132050218281013,1.4901423398028324,0.0,0.0,0.0,0.0596056935921133,0.0,59.60569359211329,-18.477765013555125,11.921138718422661,0.4257549542293807,166.29988512199614,-0.04470427019408497,699.6947692976995,1.192113871842266,-0.29802846796224003,-166.2998851219961,17.88170807763399,-0.0596056935921133,0.0,157.89177407429565,0.014901423398028324,0.4257549542293807,0.0,-9.489226419866668,-1.192113871842266,-306.2344860524961,-0.0596056935921133,0.014901423398028324,-166.2998851219961,5.96056935921133,0.0596056935921133,0.0596056935921133,-409.95160383804875,0.06556626295132463,-17.582947205588965,-0.04470427019408497,17.88170807763399,0.0596056935921133,17.88170807763399,-29.80284679605665,-0.02980284679605665,-96.20851114945886,-85.0,-0.04470427019408497,-0.0596056935921133,-18.477765013555125,0.0596056935921133,5.96056935921133,-1.192113871842266,78.97982494719655,78.97982494719655,-5.96056935921133,306.2344860524961,-78.97982494719655,11.92113871842266,0.08940854038816994,447.01389894400876,5.96056935921133,-250.46586474602017,157.89177407429565,-11.92113871842266,0.029802846796056645,0.5960569359211331,151.16209983548512,96.0,-0.0596056935921133,-423.488056852818,409.95160383804875,18.47776501355513,0.0596056935921133,9.489226419866668,86.36494176375929,157.89177407429565,-0.0596056935921133,-0.014901423398028324,-157.89177407429565,-0.0596056935921133,-37.03943064078867,0.05960569359206147,-0.014901423398028323,-0.014901423398028323,-0.014901423398028323,23.84227743684532,29.80284679605665,0.5960569359211331,44.16036824006335,-0.014901423398028324,302.32419967097024,2.980284679605665,21.5,0.0596056935921133,0.029802846796056645,0.02980284679605665,40.0,18.477765013555125,0.0596056935921133,-18.477765013555125,0.5960569359211331,0.0596056935921133,-44.16036824006335,0.0596056935921133,0.23842277437017856,0.29802846796224003,0.02980284679605665,0.014901423398028324,17.88170807763399,-0.0596056935921133,17.582947205588965,0.596056935921133,-88.3207364801267,698.2046269578967,-5.96056935921133,11.92113871842266,2.980284679605665,-0.0596056935921133,0.0,0.08940854038816994,-0.0596056935921133,-80.0,18.477765013555125,71.87610664738439,0.02980284679605665,-43.0,-0.0596056935921133,-0.05960569359206147,-0.059605693592113304,0.02980284679605665,166.29988512199614,-11.92113871842266,0.0596056935921133,302.32419967097024,-0.014901423398028323,-0.06556626295132463,-302.32419967097024,8.940854038816994,85.0,-450.67249395888666,166.29988512199614,-0.04470427019408497,423.488056852818,-96.0,0.0596056935921133,-0.01490142339802832,2.980284679605665,59.60569359211329,-0.029802846796056645,-0.0596056935921133,0.014901423398028324,0.0,0.0,-447.0437017908048,0.0,-46.0,0.0,261.7579520120904,18.139197606813916,0.0,-32.0,-93.0,-65.0,0.0,16.0,23.0,46.5,0.0,-9.069598803406958,-410.07677579459227,-107.81810587942509,0.0,65.0,-107.81810587942509,-261.7579520120904,84.7162204445599,0.0,1496.5981,hclb
82,0.0,0.0,0.0,0.0,0.0,0.0,0.0,0.0,-0.058542014202945934,0.0,0.0,0.0,0.0,0.0,0.0,0.0,-1000.0,87.62497802587495,0.0,1000.0,0.0,0.0,0.0,0.0,0.0,474.3069880541605,0.0,0.0,0.0,584.5785519651434,0.0,0.0,7.422214797508246,0.0,0.0,0.0,0.0,-13.51386231165011,0.0,-1000.0,1000.0,0.0,0.0,176.4659368016794,0.0,0.0,600.520553834429,0.0,1000.0,0.0,0.0,0.0,0.0,0.06439621562306286,0.0,0.0,0.0,0.0,0.0,0.0,-1.8943958265653889,0.0,11.678008499287667,0.0,0.0,0.0,0.0,0.0,0.0,439.3955393444278,0.0,0.5854201420294594,0.0,0.0,0.0,0.0,0.0,0.0,0.0,0.0,0.0,0.0,0.0,0.0,35.12520852176756,0.0,0.0,-1000.0,1000.0,333.92567868177764,-0.014635503550736484,0.0,0.0,0.0,17.56260426088378,0.0,17.56260426088378,0.0,0.0,0.0,0.0,2.927100710147297,-30.71834255764088,0.0,0.0,-22.284006688606826,0.0,0.0,0.0,0.0,0.0,0.0,0.0,0.0,0.0,0.0,0.0,0.0,0.0,0.0,0.0,0.0,0.0,0.0,-1000.0,0.0,0.0,17.56260426088378,0.0,18.148024402913236,0.0,0.0,-22.047412898163785,22.047412898163785,0.0,0.0,-968.924103437905,0.0,0.0,959.1404907651828,0.0,0.0,0.0,0.0,0.0,4.507735093626855,0.058542014202945934,0.0,0.0,0.0,-36.62001507364662,0.0,0.0,0.0,0.0,0.0,225.84186163903135,0.0,0.0,0.0,0.0,0.0,399.5379881797739,399.5379881797739,0.0,0.0,0.0,-687.5,-472.9302034505548,0.0,0.0,399.59653019397683,0.0,0.0,0.0,-137.96803483901022,0.0,0.0,0.0,0.0,0.0,0.0,0.0,0.0,0.0,0.0,0.0,0.0,0.0,0.0,0.0,-355.91607825203977,0.0,0.0,0.0,0.0,0.0,0.0,0.0,-886.3574042018564,886.3574042018564,9.783612672722278,0.0,0.0,0.0,0.0,0.0,0.0,615.2968945227843,406.34334090093705,0.0,0.0,0.0,0.0,0.0,0.0,0.0,0.0,0.0,0.0,0.0,0.0,0.0,250.51903405935747,17.036820754824994,-584.5785519651434,0.0,0.0,0.0,0.0,79.08725656550246,0.0,0.0,0.0,0.0,-1.8943958265653889,-761.0444887668228,0.0,0.0,0.0,0.0,0.0,0.0,0.0,0.0,124.39129311588927,11.708402840589187,0.0,0.0,-886.3574042018564,1000.0,-886.3574042018564,0.0,584.5785519651434,0.0,0.0,9.783612672722278,982.3203117107104,0.0,0.0,0.0,-316.80971081705314,0.0,0.0,457.7191366450552,0.0,0.0,457.71913664505513,0.0,0.0,113.64259579814359,0.0,201.26757382401854,0.0,0.0,74.46135038799443,0.0,0.0,0.0,-568.6840154649757,0.0,568.6840154649757,0.0,1000.0,0.0,0.0,0.0,-687.5,0.0,0.0,-1.8943958265653889,-0.0878130213044189,0.0,0.0,0.0,0.0,0.058542014202945934,0.0,0.0,0.0,125.09131163704197,-1000.0,0.0,-676.6400105015516,213.72027122628296,0.0,959.9687439516301,0.0,-386.24796242681975,0.0,-22.284006688606826,0.0,0.0,0.0,653.6458275444289,0.0,-267.3978651176092,-1000.0,-1000.0,0.0,0.0,0.0,0.0,0.0,0.0,0.0,0.0,0.0,0.0,0.0,0.0,0.0,0.0,0.0,0.0,0.0,-193.13444151682523,0.0,-1000.0,0.0,820.145252738013,122.50624025855434,0.0,0.0,0.0,-128.89902820951613,0.0,0.0,0.0,0.0,0.0,0.0,0.0,788.7005358115566,0.0,0.0,0.0,651.1176867398523,-1000.0,529.88474802604,0.0,-791.627636521704,0.0,-1.4635503550736484,-654.0447874499996,-510.85859341008256,0.0,997.0728992898527,0.0,0.0,17.56260426088378,0.0,0.0,0.0,0.0,0.0,0.0,0.0,-250.51903405935747,250.51903405935747,250.51903405935747,103.57560384801764,0.0,0.0,0.0,0.0,0.0,615.2968945227843,0.0,0.0,-13.572404325853055,0.0,0.0,57.59386030925364,0.0,0.0,0.0,0.0,-37.145798579705406,0.11708402840577037,0.0,0.0,0.0,0.0,0.0,0.0,0.0,0.0,0.0,439.3955393444278,0.0,0.0,0.0,0.0,0.0,0.0,0.0,0.0,0.0,0.06439621562306286,0.06439621562306286,0.0,334.81063121876826,0.0,35.12520852176756,0.0,347.97436370909816,0.0,1000.0,0.0,0.0,0.0,0.0,0.0,416.2419299048644,-1000.0,0.0,0.0,0.0,0.0,0.0,57.59386030925364,0.0,0.0,0.0,0.0,0.0,0.0,0.0,333.3333333333333,-125.09131163704197,36.62001507364662,0.0,4.507735093626855,0.0,-810.408538166385,810.408538166385,721.5376689281603,0.0,416.2419299048644,0.0,1000.0,-620.903868674841,0.0,0.0,250.51903405935747,0.0,0.0,0.0,0.0,0.0,0.0,0.0,0.0,0.0,0.0,0.0,0.0,0.0,35.12520852176756,9.783612672722256,9.783612672722278,0.0,0.0,0.0,0.0,0.0,0.0,0.0,0.0,0.0,0.0,0.5854201420294594,0.0,0.0,0.0,0.0,0.0,0.0,0.0,0.0,17.56260426088378,0.0,0.0,0.0,0.0,0.0,0.0,0.0,0.0,0.0,0.0,1000.0,1000.0,0.0,17.56260426088378,17.56260426088378,-323.7494804432478,-1000.0,0.0,57.59386030925364,0.0,0.0,0.0,0.0,0.0,30.71834255764088,615.2968945227843,-267.03706597055344,0.058542014202945934,0.0,0.0,0.0,77.31309289987622,0.0,0.0,0.0,0.0,0.0,0.0,0.0,0.0,0.0,0.0,0.0,0.0,0.0,0.0,0.0,0.0,0.0,0.058542014202945934,0.0,0.0,0.0,0.0,0.0,0.0,0.0,0.0,820.145252738013,0.0,186.74165356586343,0.0,0.0,-1000.0,-4.390651065220945,-2.927100710147297,0.0,0.0,-62.50000000000001,-62.5,62.50000000000001,0.0,0.0,0.0,0.0,0.0,0.0,0.0,9.783612672722256,0.0,0.0,0.0,1000.0,0.0,0.0,0.0,-0.058542014202945934,0.0,0.0,0.058542014202945934,0.0,0.058542014202945934,0.0,0.0,0.0,35.12520852176756,71.42125732759403,71.42125732759403,0.0,0.0,0.0,0.0,0.0,0.0,0.0,36.62001507364662,0.0,615.2968945227843,0.0,0.0,0.0,658.6862949673024,0.0,0.0,0.0,0.0,0.0,0.0,0.0,0.0,0.0,0.0,0.0,0.0,0.0,88.87086923822474,0.0,-601.5140885051503,601.5140885051503,0.0878130213044189,0.0,0.0,0.0,-17.56260426088378,0.0,0.0,0.0,0.0,0.0,-334.81063121876826,2.927100710147297,0.0,0.0,0.0,687.5,472.9302034505548,-64.23541330730909,0.0,0.0,0.0,0.0,0.0,0.0,0.0,0.0,9.783612672722256,0.0,0.0,1000.0,84.29159715941081,0.0,89.91161223305744,-22.284006688606826,193.13444151682523,-193.13444151682523,0.0,0.0,0.0,910.8990543831163,347.97436370909816,2.927100710147297,772.4706075988308,0.0,0.0,0.0,-13.572404325853055,-1000.0,1000.0,-937.499999999869,937.499999999869,0.0,0.0,0.0,0.0,0.0,-8.781302130441848,0.0,71.42125732759403,0.0,-687.5,-687.5,687.5,0.0,0.0,0.0,0.0,0.0,124.39129311588927,0.0,0.0,347.98258441443113,-516.708632244304,-1000.0,0.0,17.56260426088378,0.0,0.0,0.0,0.0,80.44976663805568,0.0,0.0,0.06439621562306286,0.0,0.0,0.0,35.71062866379702,0.0,0.0,0.0,0.0,17.036820754824994,0.0,0.0,0.0,0.0,0.0,0.0,0.0,0.0,-956.4591908455875,0.0,0.005854201420294594,0.005854201420294594,0.0,0.0,0.0,0.0,0.0,0.0,0.0,0.0,0.0,0.0,0.0,0.0,0.0,0.0,0.0,334.81063121876826,0.0,0.0,0.0,0.0,0.0,0.0,0.0,0.0,0.0,0.0,0.0,0.0,-555.6696309793676,756.9372048033862,87.62497802587495,0.0,0.0,0.0,35.12520852176756,0.0,0.0,0.0,0.0,0.0,0.0,-35.12520852176756,0.0,0.0,0.0,0.0,0.0,0.0,0.0,0.0,0.0,0.0,0.0,0.0,267.03706597055344,-1000.0,698.7875746963203,-17.56260426088378,0.0,0.0,806.6313904263629,0.0,0.0,0.0,0.0,0.0,0.0,0.0,0.0,0.0,0.0,0.0,0.0,0.0,0.0,0.0,0.0,347.97436370909816,-7.317751775368242,9.783612672722278,-4.390651065220945,654.2956439020815,0.0,0.0,0.0,0.0,0.0,-0.7317751775368242,0.0,13.572404325853055,0.0,0.0,0.0,0.0,0.0,0.0,0.0,1000.0,17.56260426088378,17.56260426088378,0.0,0.0,0.0,0.0,0.0,0.06439621562306286,334.81063121876826,0.0,0.0,-806.6313904263629,0.0,0.0,0.0,0.0,0.0,0.0,0.0,0.0,0.0,0.0,0.0,0.0,0.0,0.0,63.6035502254949,0.0,0.0,0.0,0.0,61.469114913093236,4.507735093626855,0.0,0.0,0.0,0.0,0.0,334.81063121876826,0.0,183.81455285571613,0.0,0.0,0.0,-7.317751775368242,0.0,0.0,0.0,0.0,0.0,0.0,0.0,0.0,0.0,0.0,0.0,0.0,0.0,0.0,0.0,0.0,0.0,0.0,-0.058542014202945934,0.0,0.0,2.927100710147297,-416.2419299048644,0.0,0.0,0.0,0.0,9.783612672722278,0.0,0.0,0.0,-653.6458275444289,1.4635503550736484,0.0,0.0,474.3069880541605,0.058542014202945934,0.0,58.542014202945936,-18.148024402913236,11.708402840589187,0.41815724430675666,163.33221962621914,-0.04390651065220945,2.927100710147297,1.1708402840589187,-0.29271007101477087,-163.33221962621914,17.56260426088378,-0.058542014202945934,7.4280022295356085,57.59386030925364,0.014635503550736484,0.41815724430675666,-22.284006688606826,-9.319888661109104,-1.1708402840589542,-87.62497802587495,-0.058542014202945934,0.014635503550736484,-163.33221962621914,5.854201420294594,0.058542014202945934,0.058542014202945934,-334.6876929889423,0.06439621562324052,0.0,-0.04390651065220945,17.56260426088378,0.058542014202945934,17.56260426088378,-29.271007101472968,-0.029271007101472967,-181.2738482618177,-85.0,-0.04390651065220945,-0.05854201420294598,-18.148024402913236,0.058542014202945934,5.854201420294594,-1.1708402840589187,88.87086923822474,88.87086923822474,-5.854201420294594,87.62497802587495,-88.87086923822474,11.708402840589187,0.0878130213044189,0.0,5.854201420294594,-333.3333333333333,57.59386030925364,-11.708402840589187,0.029271007101472967,0.5854201420294594,169.1600026253879,96.0,-0.058542014202945934,-347.98258441443113,334.6876929889423,18.148024402913236,0.058542014202945934,9.319888661109104,-12.65655673428131,57.59386030925364,-0.058542014202945934,-0.014635503550736484,-57.59386030925364,-0.058542014202945934,-37.145798579705406,0.05854201420300278,-0.014635503550736484,-0.014635503550736484,-0.014635503550736484,23.416805681178374,29.271007101472968,0.5854201420294594,153.46994970377204,-0.014635503550736484,330.8920030212402,2.927100710147297,21.5,0.058542014202945934,0.029271007101472967,0.029271007101472967,34.651131574921415,18.148024402913236,0.058542014202945934,-18.148024402913236,0.5854201420294594,0.058542014202945934,-373.66521956610165,0.058542014202945934,0.23416805681182035,0.29271007101477087,0.029271007101472967,0.014635503550736484,17.56260426088378,-0.058542014202945934,0.0,0.5854201420294771,-306.9398994075441,1.4635503550736484,-5.854201420294594,11.708402840589187,2.927100710147297,-0.058542014202945934,22.284006688606826,0.0878130213044189,-0.058542014202945934,-69.30226314984283,18.148024402913236,104.42691301546935,0.029271007101472967,-43.0,-0.058542014202945934,-0.05854201420300278,-0.05854201420294593,0.02927100710147299,163.33221962621914,-11.708402840589187,0.058542014202945934,338.3200052507758,-0.014635503550736484,-0.06439621562324052,-338.3200052507758,8.781302130441889,85.0,-235.39723878872846,163.33221962621914,-0.04390651065220945,347.98258441443113,-96.0,0.058542014202945934,-0.014635503550736485,2.927100710147297,58.542014202945936,-0.029271007101472967,-0.058542014202945934,0.014635503550736484,717.7857877064057,0.0,-447.5975454870227,220.1952698623296,-46.0,0.0,191.07115870014712,-31.0,0.0,-32.0,-93.0,-65.0,-447.56827447992123,16.0,23.0,46.5,0.0,15.5,-334.81063121876826,-184.87667965352503,447.56827447992123,65.0,-184.87667965352503,-191.07115870014712,98.93675700706692,0.0,1496.5981,hclb
83,0.0,0.0,0.0,0.0,0.0,0.0,0.0,0.0,-0.04571368343467056,0.0,0.0,0.0,0.0,0.0,0.0,0.0,-1000.0,500.1740904334209,0.0,1000.0,0.0,0.0,0.0,482.62382122167554,0.0,0.0,0.0,0.0,0.0,474.90916760042694,0.0,0.0,7.183607845218198,0.0,0.0,0.0,0.0,882.725749498182,0.0,-1000.0,1000.0,0.0,0.0,-217.82933220146458,0.0,0.0,0.0,0.0,-945.3392188593984,-1000.0,0.0,-905.9532600418978,0.0,0.050285051778146794,0.0,0.0,0.0,0.0,0.0,0.0,-4.0258517211469,0.0,4.0258517211469,0.0,0.0,0.0,0.0,0.0,0.0,27.428210060802336,0.0,0.45713683434670566,0.0,0.0,0.0,0.0,0.0,0.0,0.0,0.0,0.0,0.0,-110.74024134955557,0.0,27.428210060802336,0.0,0.0,-9.66143688921727,663.7619061461676,1000.0,-0.01142842085866764,0.0,0.0,0.0,13.714105030401168,0.0,13.714105030401168,-1.4719806065967576,0.0,0.0,0.0,998.8571579141333,-525.0908323995731,0.0,0.0,-22.80611975087557,0.0,0.0,0.0,0.0,0.0,0.0,0.0,0.0,0.0,0.0,0.0,0.0,0.0,0.0,0.0,0.0,0.0,0.0,-418.9162389010785,0.0,0.0,13.714105030401168,0.0,14.171241864747874,14.171241864747874,0.0,0.0,0.0,0.0,0.0,812.4999999999973,-437.5000000001553,437.5000000001553,-812.4999999999973,0.0,0.0,0.0,0.0,0.0,114.26019497402518,0.04571368343467056,0.0,0.0,0.0,0.0,0.0,0.0,0.0,110.74024134955557,0.0,42.021450778676886,0.0,0.0,0.0,0.0,0.0,566.5026934911917,566.5026934911917,0.0,0.0,0.0,0.0,0.0,0.0,0.0,566.5484071746264,0.0,0.0,0.0,0.0,0.0,0.0,0.0,0.0,0.0,0.0,0.0,0.0,0.0,0.0,-1000.0,0.0,0.0,0.0,0.0,-1000.0,0.0,0.0,0.0,0.0,0.0,1000.0,905.9532600418978,-950.9526042932822,950.9526042932822,0.0,0.0,0.0,0.0,0.0,0.0,0.0,1000.0,-949.856947116268,0.0,0.0,0.0,0.0,0.0,0.0,0.0,0.0,0.0,0.0,0.0,0.0,0.0,679.5784349305183,-24.714526626131775,564.4767912170737,0.0,0.0,0.0,0.0,80.38291797309827,0.0,0.0,0.0,0.0,-4.0258517211469,782.3061234185382,0.0,0.0,0.0,0.0,0.0,0.0,0.0,0.0,0.0,9.142736686934112,0.0,0.0,-644.1564870487107,970.5580233907391,-1000.0,0.0,-564.4767912170737,0.0,0.0,0.0,-496.42935361894604,0.0,0.0,0.0,-4.607177395491021,0.0,0.0,-1000.0,0.0,0.0,-1000.0,0.0,0.0,-287.19069814711463,0.0,598.2688818468565,1000.0,0.0,75.50074253912831,0.0,0.0,0.0,-620.445337256636,0.0,620.445337256636,0.0,867.3133318606674,0.0,0.0,-892.2801488940453,0.0,0.0,0.0,-4.0258517211469,-0.06857052515200585,0.0,0.0,0.0,0.0,0.04571368343467056,0.0,0.0,0.0,905.9029769965006,-1000.0,0.0,-465.7435053150009,185.33219600663855,0.0,942.8568417173353,0.0,0.0,0.0,-22.80611975087557,0.0,0.0,0.0,-3.935948143725144,3.935948143725144,0.0,7.026535919377996,-1000.0,0.0,0.0,0.0,0.0,0.0,0.0,0.0,0.0,0.0,0.0,0.0,0.0,0.0,0.0,0.0,0.0,0.0,-117.0913957680789,0.0,-1000.0,110.74024134955557,0.0,0.0,735.1969498792985,0.0,0.0,-114.26019497402518,0.0,0.0,0.0,898.4498063680596,996.5714737423997,0.0,0.0,-868.1698959825826,-885.6355253595027,-3.935948143725144,433.6592267425722,-2.285684171733528,0.0,-960.0032811128436,0.0,0.0,0.0,884.4926832736359,0.0,0.0,0.0,895.2856839325616,-588.9788385588864,102.42863189570483,13.714105030401168,0.0,0.0,0.0,0.0,0.0,0.0,0.0,-679.5784349305183,679.5784349305183,679.5784349305183,106.66338306394145,0.0,0.0,-300.8563520529103,0.0,0.0,1000.0,0.0,0.0,-8.0517034422938,0.0,374.9999999999959,70.85726331306589,0.0,0.0,0.0,0.0,-38.42863165653294,0.09142736686932293,0.0,0.0,0.0,0.0,0.0,0.0,0.0,0.0,0.0,27.428210060802336,0.0,0.0,0.0,0.0,0.0,0.0,0.0,0.0,0.0,0.050285051778146794,0.050285051778146794,0.0,589.8763089001503,0.0,27.428210060802336,0.0,0.0,0.0,-178.63134596317678,0.0,204.90220031833027,0.0,0.0,0.0,304.76491114642084,178.63134596317678,0.0,0.0,0.0,0.0,0.0,70.85726331306589,0.0,0.0,0.0,0.0,0.0,0.0,0.0,139.6387463003595,-905.9029769965006,0.0,0.0,3.519953624469633,0.0,0.0,0.0,-80.38291797309827,0.0,304.76491114642084,0.0,266.3362794898879,0.0,0.0,0.0,679.5784349305183,0.0,0.0,0.0,0.0,0.0,0.0,0.0,0.0,0.0,0.0,0.0,0.0,0.0,27.428210060802336,0.0,0.0,0.0,0.0,0.0,0.0,0.0,0.0,0.0,0.0,0.0,0.0,0.45713683434670566,0.0,0.0,0.0,0.0,0.0,905.9532600418978,0.0,0.0,13.714105030401168,0.0,0.0,0.0,0.0,0.0,0.0,0.0,0.0,0.0,0.0,0.0,238.16961101063725,0.0,13.714105030401168,13.714105030401168,1000.0,178.63134596317678,0.0,70.85726331306589,0.0,0.0,0.0,0.0,0.0,-275.03388761571216,1000.0,-269.8552891772878,0.04571368343467056,0.0,0.0,0.0,3.686482042695933,0.0,0.0,0.0,0.0,0.0,0.0,0.0,0.0,0.0,0.0,0.0,0.0,0.0,0.0,0.0,0.0,0.0,0.04571368343467056,0.0,0.0,0.0,-1000.0,1000.0,0.0,0.0,0.0,0.0,0.0,0.0,0.0,-114.26019497402518,-882.9086042319211,-3.4285262576003106,0.0,-2.285684171733528,0.0,312.5,312.5,-312.5,0.0,0.0,0.0,0.0,0.0,0.0,0.0,0.0,0.0,0.0,0.0,1000.0,0.0,0.0,0.0,-0.04571368343467056,0.0,0.0,0.04571368343467056,0.0,0.04571368343467056,0.0,0.0,0.0,27.428210060802336,55.77069379029808,55.77069379029808,0.0,0.0,0.0,0.0,0.0,0.0,0.0,0.0,0.0,1000.0,0.0,0.0,0.0,0.0,0.0,0.0,0.0,0.0,0.0,0.0,0.0,0.0,0.0,0.0,0.0,0.0,0.0,80.38291797309827,0.0,0.0,0.0,0.06857052515200585,0.0,0.0,0.0,-13.714105030401168,0.0,0.0,0.0,0.0,0.0,-589.8763089001503,2.285684171733528,0.0,0.0,0.0,0.0,0.0,-467.2574805447775,-2.285684171733528,0.0,374.9999999999959,0.0,0.0,0.0,0.0,0.0,0.0,0.0,0.0,420.2808590255634,-89.70212603036794,0.0,55.857263313065886,-22.80611975087557,0.0,-581.5176755188027,114.26019497402518,467.2574805447775,110.74024134955557,-552.2000474092441,0.0,2.285684171733528,793.9867142333136,0.0,0.0,0.0,-8.0517034422938,0.0,0.0,0.0,0.0,0.0,0.0,0.0,0.0,0.0,993.1429474847994,0.0,55.77069379029808,0.0,0.0,0.0,0.0,0.0,0.0,0.0,0.0,0.0,0.0,0.0,0.0,600.1618876729513,-31.11469210349827,-343.6053854083069,0.0,13.714105030401168,0.0,0.0,0.0,0.0,-63.78798490705191,0.0,0.0,0.050285051778146794,0.0,0.0,0.0,27.88534689514904,0.0,0.0,0.0,0.0,-24.714526626131775,0.0,0.0,0.0,0.0,0.0,0.0,0.0,0.0,191.63690267495855,0.0,0.004571368343467056,0.004571368343467056,0.0,0.0,0.0,0.0,0.0,0.0,0.0,0.0,0.0,0.0,0.0,0.0,0.0,0.0,0.0,589.8763089001503,0.0,0.0,0.0,0.0,0.0,0.0,0.0,1000.0,0.0,0.0,0.0,0.0,0.0,-441.11707697064406,500.1740904334209,0.0,0.0,0.0,27.428210060802336,0.0,0.0,0.0,0.0,0.0,972.5717899391976,-1000.0,0.0,0.0,0.0,0.0,0.0,0.0,0.0,0.0,0.0,0.0,0.0,0.0,269.8552891772878,-793.0981840959073,31.313873152749338,-13.714105030401168,0.0,0.0,882.725749498182,0.0,0.0,0.0,0.0,0.0,0.0,0.0,0.0,0.0,156.25,0.0,-156.25,-156.25,0.0,0.0,0.0,0.0,-5.714210429333839,0.0,-1000.0,-3.428526257600291,0.0,0.0,0.0,0.0,0.0,-0.571421042933382,0.0,118.79194479184937,0.0,0.0,0.0,0.0,0.0,0.0,0.0,1000.0,13.714105030401168,13.714105030401168,0.0,0.0,0.0,0.0,0.0,0.050285051778146794,589.8763089001503,0.0,0.0,-882.725749498182,0.0,0.0,0.0,0.0,0.0,0.0,0.0,0.0,0.0,0.0,0.0,0.0,0.0,0.0,0.0,0.0,0.0,14.171241864747874,0.0,47.999367606404086,3.519953624469633,0.0,0.0,0.0,0.0,0.0,589.8763089001503,0.0,465.7854999381807,0.0,0.0,0.0,-5.714210429333839,0.0,0.0,0.0,0.0,0.0,0.0,0.0,0.0,0.0,0.0,0.0,0.0,0.0,0.0,0.0,0.0,0.0,0.0,-0.04571368343467056,0.0,0.0,2.285684171733528,-304.76491114642084,0.0,0.0,0.0,0.0,0.0,0.0,0.0,0.0,3.935948143725144,1.1428420858667323,0.0,0.0,0.0,0.04571368343467056,0.0,45.71368343467056,0.0,9.142736686934112,0.3265263102476469,155.88366051222658,-0.03428526257600292,868.1698959825826,0.9142736686934113,-0.228568417173733,-155.88366051222658,13.714105030401168,-0.04571368343467056,7.602039916958524,70.85726331306589,0.01142842085866764,0.3265263102476469,-22.80611975087557,-7.277618402799924,-0.9142736686934113,-500.1740904334209,-0.04571368343467056,0.01142842085866764,-155.88366051222658,4.571368343467056,0.04571368343467056,0.04571368343467056,-589.7803101649375,0.05028505177813762,0.0,-0.03428526257600292,13.714105030401168,0.04571368343467056,13.714105030401168,-22.85684171733528,-0.02285684171733528,3.5907887230742546,-85.0,-0.03428526257600292,-0.04571368343467056,0.0,0.04571368343467056,4.571368343467056,-0.9142736686934113,80.38291797309827,80.38291797309827,-4.571368343467056,500.1740904334209,-80.38291797309827,9.142736686934112,0.06857052515200585,-1000.0,4.571368343467056,-139.6387463003595,70.85726331306589,-9.142736686934112,0.02285684171733528,0.45713683434670566,116.43587632875023,-80.55938934343382,-0.04571368343467056,-600.1618876729513,589.7803101649375,14.171241864747874,0.04571368343467056,7.277618402799924,16.000843191461286,70.85726331306589,-0.04571368343467056,-0.01142842085866764,-70.85726331306589,-0.04571368343467056,-38.42863165653294,0.04571368343476934,-0.01142842085866764,-0.01142842085866764,-0.01142842085866764,18.285473373868225,22.85684171733528,0.45713683434670566,355.91208347644135,-0.01142842085866764,225.26971274054193,2.285684171733528,21.5,0.04571368343467056,0.02285684171733528,0.02285684171733528,40.0,0.0,0.04571368343467056,0.0,0.45713683434670566,0.04571368343467056,-1000.0,0.04571368343467056,0.1828547337390496,0.228568417173733,0.02285684171733528,0.01142842085866764,13.714105030401168,-0.04571368343467056,0.0,0.45713683434670566,-711.8241669528827,867.0270538967159,-4.571368343467056,9.142736686934112,2.285684171733528,-0.04571368343467056,22.80611975087557,0.06857052515200585,-0.04571368343467056,-80.0,0.0,269.7389267095036,0.02285684171733528,-43.0,-0.04571368343467056,-0.04571368343476934,-0.04571368343467057,0.02285684171733528,155.88366051222658,-9.142736686934112,0.04571368343467056,232.87175265750045,-0.01142842085866764,-0.05028505177813762,-232.87175265750045,6.857052515200583,85.0,695.3857650583618,155.88366051222658,-0.03428526257600292,600.1618876729513,80.55938934343382,0.04571368343467056,-0.011428420858667639,900.7354905397932,45.71368343467056,-0.02285684171733528,-0.04571368343467056,0.01142842085866764,29.854676515820344,0.0,287.1678413053973,644.0879165235586,-46.0,0.0,801.5268529339334,-31.0,0.0,-32.0,-93.0,-65.0,-712.8093018528854,16.0,23.0,46.5,0.0,15.5,-589.8763089001503,-205.95094180245167,712.8093018528854,65.0,-205.95094180245167,-801.5268529339334,390.4773206995025,0.0,1496.5981,hclb
84,0.0,0.0,0.0,0.0,0.0,0.0,0.0,0.0,325.7912846927392,0.0,0.0,0.0,0.0,0.0,0.0,0.0,0.0,390.0101705953709,0.0,0.0,0.0,0.0,0.0,95.43289797870851,0.0,0.0,0.0,0.0,0.0,683.8428209609126,0.0,0.0,434.8752928200935,0.0,0.0,0.0,0.0,376.7730833563169,0.0,-1000.0,1000.0,0.0,0.0,0.0,0.0,0.0,0.0,0.0,-683.8428209609126,0.0,0.0,0.0,0.0,0.06966475879363543,0.0,0.0,0.0,12.666319780695625,0.0,0.0,32.56086463668021,0.0,81.85393770366024,0.0,0.0,0.0,0.0,0.0,0.0,0.0,0.0,0.6333159890347813,0.0,0.0,0.0,0.0,0.0,0.0,0.0,0.0,0.0,0.0,0.0,0.0,37.99895934208688,0.0,0.0,720.0726268423116,-269.97335268579656,539.9467053715931,-0.015832899725869532,0.0,0.0,193.01831085108913,18.99947967104344,0.0,18.99947967104344,-2.0392774846926045,423.9635473397008,0.0,0.0,3.1665799451739063,547.436160932854,0.0,0.0,-2.8592219069807925,0.0,0.0,0.0,0.0,0.0,0.0,0.0,0.0,0.0,0.0,0.0,0.0,0.0,0.0,0.0,0.0,0.0,0.0,-663.2192285088445,0.0,0.0,18.99947967104344,0.0,19.63279566007822,0.0,0.0,878.452431642178,-878.452431642178,0.0,0.0,-838.0822112629658,-62.500000000020876,62.500000000020876,723.6674089226253,0.0,0.0,0.0,0.0,0.0,4.8765331155678355,0.06333159890347813,0.0,0.0,0.0,-961.5178876914108,0.0,0.0,0.0,0.0,0.0,232.51224812081102,0.0,0.0,0.0,0.0,0.0,-129.83434309781435,-129.83434309781435,0.0,0.0,0.0,0.0,-1000.0,0.0,0.0,-129.77101149891087,0.0,0.0,0.0,-1000.0,-870.2780822570471,0.0,0.0,0.0,0.0,0.0,0.0,0.0,0.0,0.0,0.0,0.0,0.0,0.0,0.0,-1000.0,0.0,0.0,0.0,0.0,0.0,0.0,0.0,-269.97335268579656,269.97335268579656,114.41480234034042,0.0,0.0,0.0,0.0,0.0,0.0,136.40666002805858,1000.0,0.0,0.0,0.0,0.0,0.0,0.0,0.0,0.0,0.0,0.0,0.0,0.0,0.0,140.50952700783225,943.8505272528021,0.0,0.0,0.0,0.0,0.0,78.60350851074871,0.0,0.0,0.0,0.0,32.56086463668021,0.0,0.0,0.0,219.99156739518375,0.0,0.0,0.0,0.0,0.0,0.0,0.0,0.0,0.0,0.0,0.0,-233.74354680439757,0.0,0.0,0.0,0.0,114.41480234034042,-101.89272106686327,0.0,0.0,0.0,-112.72436710363195,0.0,0.0,-1000.0,0.0,0.0,-1000.0,0.0,0.0,-539.9467053715931,0.0,83.80701202817534,0.0,0.0,-16.323149910385155,0.0,0.0,0.0,0.0,0.0,0.0,0.0,275.01110543232755,0.0,0.0,405.27492115586017,0.0,0.0,0.0,32.56086463668021,-0.09499739835521717,0.0,0.0,0.0,0.0,0.06333159890347813,0.0,0.0,0.0,787.9822094778674,0.0,0.0,-570.0609854722297,694.3291076838451,870.2780822570471,951.6657994517391,0.0,516.8912415400305,0.0,-2.8592219069807925,0.0,0.0,0.0,-5.452850665589275,0.0,-511.4383908744412,-1000.0,-1000.0,0.0,0.0,0.0,0.0,0.0,0.0,0.0,0.0,0.0,0.0,0.0,0.0,0.0,0.0,0.0,0.0,219.99156739518375,-2.2103316164201487,0.0,-1000.0,0.0,620.7632586316488,0.0,0.0,0.0,0.0,-4.8765331155678355,0.0,423.9635473397008,0.0,0.0,0.0,0.0,0.0,143.08822377540469,0.0,0.0,0.0,0.0,426.16239295090793,0.0,0.0,-146.2548037205786,0.0,-1.5832899725869531,-3.1665799451739063,-275.1577193125685,0.0,0.0,0.0,-133.58848393988296,18.99947967104344,0.0,0.0,0.0,0.0,0.0,325.8546162916427,0.0,-140.50952700783225,140.50952700783225,140.50952700783225,-324.9412409365558,0.0,0.0,-404.90878012904534,0.0,0.0,136.40666002805858,0.0,0.0,-49.29307306698003,0.0,0.0,67.33368021930437,0.0,0.0,0.0,0.0,-36.666840109652185,0.12666319780719254,0.0,0.0,0.0,0.0,0.0,0.0,0.0,0.0,0.0,0.0,0.0,0.0,0.0,0.0,0.0,0.0,0.0,0.0,0.0,0.06966475879363543,0.06966475879363543,0.0,223.84320722713662,0.0,37.99895934208688,0.0,93.64935685520017,0.0,1000.0,0.0,0.0,0.0,0.0,0.0,49.21057658681669,-1000.0,0.0,0.0,0.0,0.0,0.0,67.33368021930437,0.0,0.0,0.0,0.0,0.0,0.0,0.0,221.07307616961484,-787.9822094778674,961.5178876914108,0.0,4.8765331155678355,0.0,0.0,193.01831085108913,0.0,0.0,49.21057658681669,0.0,0.0,12.543736477164504,0.0,0.0,140.50952700783225,0.0,0.0,0.0,0.0,0.0,0.0,0.0,0.0,0.0,0.0,0.0,0.0,0.0,37.99895934208688,114.41480234034043,114.41480234034042,0.0,0.0,0.0,0.0,0.0,0.0,0.0,0.0,0.0,0.0,0.6333159890347813,0.0,0.0,0.0,0.0,0.0,0.0,0.0,0.0,18.99947967104344,0.0,0.0,0.0,0.0,0.0,0.0,0.0,0.0,0.0,0.0,0.0,-867.1826033507336,0.0,18.99947967104344,18.99947967104344,-7.9164498629347655,-1000.0,0.0,67.33368021930437,0.0,0.0,0.0,0.0,0.0,0.0,136.40666002805858,-22.890647938133156,0.06333159890347813,0.0,0.0,0.0,83.63842372331479,408.13414306284096,0.0,-193.01831085108913,0.0,0.0,0.0,0.0,0.0,0.0,0.0,0.0,0.0,0.0,0.0,0.0,0.0,0.0,0.06333159890347813,0.0,0.0,0.0,0.0,0.0,0.0,0.0,0.0,620.7632586316488,0.0,421.2973458405532,0.0,0.0,-1000.0,-4.74986991776086,-3.1665799451739063,0.0,0.0,0.0,0.0,0.0,0.0,0.0,0.0,0.0,0.0,0.0,0.0,114.41480234034043,870.2780822570471,0.0,0.0,-130.42190399470906,0.0,0.0,0.0,325.7912846927392,0.0,0.0,0.06333159890347813,0.0,0.06333159890347813,0.0,0.0,0.0,37.99895934208688,77.26455066224331,77.26455066224331,0.0,0.0,0.0,0.0,0.0,0.0,0.0,961.5178876914108,0.0,136.40666002805858,0.0,0.0,0.0,0.0,0.0,0.0,0.0,0.0,0.0,0.0,0.0,0.0,0.0,0.0,0.0,0.0,0.0,193.01831085108913,0.0,0.0,0.0,0.09499739835521717,0.0,0.0,0.0,-18.99947967104344,0.0,0.0,0.0,0.0,0.0,-223.84320722713662,3.1665799451739063,0.0,0.0,0.0,0.0,1000.0,-5.20585742986651,0.0,0.0,0.0,0.0,0.0,0.0,0.0,0.0,114.41480234034043,0.0,0.0,0.0,83.33368021930437,0.0,1000.0,405.27492115586017,2.210331616420187,-10.082390545434347,423.9635473397008,-416.0914884106867,0.0,-179.15727172910658,93.64935685520017,3.1665799451739063,1000.0,0.0,0.0,0.0,-49.29307306698003,0.0,0.0,0.0,0.0,0.0,0.0,0.0,0.0,0.0,0.0,-9.49973983552178,77.26455066224331,0.0,0.0,0.0,0.0,0.0,0.0,0.0,0.0,0.0,0.0,0.0,0.0,228.59307714489748,-83.63842372331479,890.6859854889512,0.0,18.99947967104344,0.0,0.0,0.0,0.0,46.39441703082021,0.0,0.0,0.06966475879363543,0.0,0.0,0.0,38.632275331121654,0.0,0.0,0.0,0.0,943.8505272528021,0.0,0.0,0.0,0.0,0.0,0.0,0.0,0.0,0.0,0.0,0.0063331598903478125,0.0063331598903478125,0.0,0.0,0.0,0.0,0.0,0.0,0.0,0.0,0.0,0.0,0.0,0.0,0.0,0.0,0.0,223.84320722713662,0.0,0.0,0.0,0.0,0.0,0.0,0.0,0.0,0.0,0.0,0.0,0.0,0.0,-600.0358089327373,390.0101705953709,0.0,0.0,0.0,37.99895934208688,0.0,0.0,0.0,0.0,0.0,0.0,-37.99895934208688,0.0,0.0,0.0,0.0,0.0,0.0,0.0,0.0,0.0,0.0,0.0,0.0,-276.8109434504362,-452.563839067146,43.38214524888252,-316.28632022026653,297.2868405492231,0.0,997.5363419879657,0.0,0.0,0.0,0.0,0.0,0.0,0.0,0.0,0.0,0.0,0.0,0.0,0.0,0.0,0.0,0.0,93.64935685520017,-7.9164498629347655,114.41480234034042,-4.74986991776086,4.749869917760868,0.0,0.0,0.0,0.0,0.0,0.0,-0.7916449862934767,49.29307306698003,0.0,0.0,0.0,0.0,0.0,0.0,0.0,700.2984086114307,18.99947967104344,18.99947967104344,0.0,0.0,0.0,0.0,0.0,0.06966475879363543,223.84320722713662,0.0,0.0,-997.5363419879657,0.0,0.0,0.0,0.0,0.0,0.0,0.0,0.0,0.0,0.0,0.0,0.0,0.0,0.0,0.0,0.0,0.0,0.0,0.0,66.49817884865203,4.8765331155678355,0.0,0.0,0.0,0.0,0.0,223.84320722713662,0.0,0.0,0.0,0.0,0.0,-7.9164498629347655,0.0,0.0,0.0,0.0,0.0,0.0,0.0,0.0,0.0,0.0,0.0,0.0,0.0,0.0,0.0,0.0,0.0,0.0,-0.06333159890347813,0.0,0.0,3.1665799451739063,-49.21057658681669,0.0,0.0,0.0,0.0,114.41480234034042,0.0,0.0,0.0,5.452850665589275,1.5832899725869531,0.0,0.0,0.0,0.06333159890347813,0.0,63.331598903478124,-19.63279566007822,12.666319780695625,0.4523685635962723,176.69516094070397,-0.047498699177608586,3.1665799451739076,1.2666319780695625,-0.316657994517659,-176.69516094070397,18.99947967104344,-0.06333159890347813,0.9530739689935975,67.33368021930437,0.015832899725869532,0.4523685635962723,-2.8592219069807925,-10.082390545434347,-1.2666319780695625,-390.0101705953709,-0.06333159890347813,0.015832899725869532,-176.69516094070397,6.333159890347813,0.06333159890347813,0.06333159890347813,-223.7102108694395,0.06966475879382594,-57.689546052943115,-0.047498699177608586,18.99947967104344,0.06333159890347813,18.99947967104344,-31.665799451739062,-0.031665799451739064,-169.10425825390632,-85.0,-0.047498699177608586,-0.06333159890347813,-19.63279566007822,0.06333159890347813,6.333159890347813,-1.2666319780695625,193.01831085108913,193.01831085108913,-6.333159890347813,390.0101705953709,-193.01831085108913,12.666319780695625,0.09499739835521717,199.8774945720587,6.333159890347813,-221.07307616961484,67.33368021930437,-12.666319780695625,0.031665799451739064,0.6333159890347813,142.51524636805743,96.0,-0.06333159890347813,-238.09281698041926,223.7102108694395,19.63279566007822,0.06333159890347813,10.082390545434347,-8.664238464869388,67.33368021930437,-0.06333159890347813,-0.015832899725869532,-67.33368021930437,-0.06333159890347813,-36.666840109652185,0.06333159890325075,-0.015832899725869532,-0.015832899725869532,-0.015832899725869532,25.33263956139125,31.665799451739062,0.6333159890347813,316.84665232423345,-0.015832899725869532,284.0774187671213,3.1665799451739063,21.5,0.06333159890347813,0.031665799451739064,0.031665799451739064,40.0,19.63279566007822,0.06333159890347813,-19.63279566007822,0.6333159890347813,0.06333159890347813,-856.6983602974714,0.06333159890347813,0.2533263956141433,0.316657994517659,0.031665799451739064,0.015832899725869532,18.99947967104344,-0.06333159890347813,57.689546052943115,0.6333159890347813,-633.6933046484669,1.583289972586952,-6.333159890347813,12.666319780695625,3.1665799451739063,-0.06333159890347813,2.8592219069807925,0.09499739835521717,-0.06333159890347813,-80.0,19.63279566007822,238.67384949796576,0.031665799451739064,-43.0,-0.06333159890347813,-0.06333159890325075,-0.06333159890347813,0.031665799451739064,176.69516094070397,-12.666319780695625,0.06333159890347813,285.03049273611487,-0.015832899725869532,-0.06966475879382594,-285.03049273611487,9.499739835521718,85.0,-27.352778510851923,176.69516094070397,-0.047498699177608586,238.09281698041926,-96.0,0.06333159890347813,-0.015832899725869536,3.1665799451739063,63.331598903478124,-0.031665799451739064,-0.06333159890347813,0.015832899725869532,0.0,0.0,-199.90916037151044,539.8517079732379,-46.0,0.0,30.816833185806686,-31.0,0.0,-32.0,-93.0,-51.148432089284825,0.0,16.0,23.0,46.5,0.0,15.5,-223.84320722713662,-285.06826652878595,0.0,51.148432089284825,-285.06826652878595,-30.816833185806686,16.57395588016413,0.0,1496.5981,hclb
85,0.0,0.0,0.0,0.0,0.0,0.0,0.0,0.0,-0.058554313481637234,0.0,0.0,0.0,0.0,0.0,0.0,0.0,-359.6944089223759,801.6226578258658,0.0,0.0,0.0,0.0,0.0,0.0,0.0,506.4520005851914,0.0,0.0,0.0,378.5963189812637,0.0,0.0,19.70233777558201,0.0,0.0,0.0,0.0,-6.108997714008353,0.0,-1000.0,1000.0,0.0,0.0,0.0,0.0,0.0,90.5930649884006,0.0,-676.5647937580254,0.0,0.0,0.0,0.0,0.06440974482975485,0.0,0.0,0.0,11.710862696327446,0.0,0.0,0.2658472761253563,0.0,-142.83453831541078,-158.83628248950967,0.0,0.0,0.0,0.0,859.5815598096177,-859.5815598096177,0.0,0.5855431348163723,0.0,0.0,0.0,0.0,0.0,0.0,0.0,0.0,0.0,0.0,0.0,0.0,35.13258808898234,0.0,0.0,1000.0,0.0,778.4795172959567,-0.014638578370409308,0.0,0.0,0.0,17.56629404449117,0.0,17.56629404449117,-329.1343435460272,0.0,0.0,0.0,2.9277156740818615,-515.5778791682111,0.0,0.0,-10.003611896473853,0.0,0.0,0.0,0.0,0.0,0.0,0.0,0.0,0.0,0.0,0.0,0.0,0.0,0.0,0.0,0.0,0.0,0.0,-956.1046603004247,0.0,0.0,17.56629404449117,0.0,18.15183717930754,2.1324486856182574,0.0,312.5000000000003,-312.5000000000003,0.0,0.0,-16.267591450224238,365.08300263310963,-365.08300263310963,0.0,0.0,0.0,0.0,0.0,0.0,4.508682138086064,0.058554313481637234,0.0,0.0,0.0,0.0,-500.58199437607686,0.0,0.0,319.56599867554365,0.0,25.27381396039161,0.0,0.0,0.0,0.0,0.0,-90.53451067491896,-90.53451067491896,0.0,0.0,0.0,0.0,-1000.0,0.0,0.0,-90.47595636143733,0.0,0.0,0.0,-545.2494730880173,0.0,0.0,0.0,0.0,0.0,0.0,0.0,0.0,0.0,0.0,0.0,0.0,0.0,0.0,0.0,-900.9773661804926,0.0,0.0,0.0,0.0,0.0,0.0,0.0,-478.18745158389123,478.18745158389123,16.267591450224238,0.0,0.0,0.0,0.0,0.0,0.0,894.1741981494748,439.44521816737665,0.0,0.0,0.0,0.0,0.0,0.0,0.0,0.0,0.0,0.0,0.0,0.0,0.0,261.7544988453503,507.8504729352651,657.6628836991375,0.0,0.0,0.0,0.0,79.08601433835464,0.0,0.0,0.0,0.0,0.2658472761253563,657.6628836991375,0.0,0.0,231.84209214896816,0.0,0.0,0.0,0.0,0.0,0.0,0.0,0.0,0.0,-219.04843842950334,259.1390131543879,-154.75224534191665,0.0,-657.6628836991375,0.0,0.0,16.267591450224238,42.79246786355305,0.0,0.0,0.0,-458.4109284518698,0.0,0.0,-1000.0,0.0,0.0,-1000.0,0.0,0.0,-478.18745158389123,0.0,0.0,0.0,0.0,72.2778261964255,0.0,0.0,0.0,0.0,0.0,0.0,0.0,1000.0,0.0,0.0,132.17793241133882,0.0,0.0,0.0,0.2658472761253563,-0.08783147022245584,0.0,0.0,0.0,0.0,0.058554313481637234,0.0,0.0,0.0,788.0574663474225,-359.6944089223759,0.0,-489.4686941229217,665.3944638700868,0.0,949.2771567408186,0.0,-551.5098059751097,0.0,-10.003611896473853,0.0,0.0,0.0,-5.041526390768918,0.0,556.5513323658786,-489.85375767317873,-1000.0,0.0,0.0,0.0,0.0,0.0,0.0,0.0,0.0,0.0,0.0,0.0,0.0,0.0,0.0,0.0,0.0,231.84209214896816,-637.7200883011787,0.0,-1000.0,0.0,368.15469215890306,327.248894651919,0.0,0.0,0.0,-4.508682138086064,0.0,0.0,0.0,0.0,0.0,-859.5815598096177,0.0,-2.9277156740818615,0.0,0.0,0.0,-47.71371101998295,-635.3947154689031,0.0,0.0,0.0,0.0,-1.4638578370409308,44.78599534590109,687.5000000000089,0.0,0.0,0.0,823.5787114859621,17.56629404449117,0.0,0.0,0.0,0.0,0.0,0.0,0.0,-261.7544988453503,261.7544988453503,261.7544988453503,91.29274920014642,0.0,0.0,-1000.0,0.0,0.0,894.1741981494748,0.0,0.0,-15.735896897973532,0.0,0.0,68.28913730367256,0.0,0.0,0.0,0.0,-10.297815485302944,0.11710862696331356,0.0,0.0,0.0,0.0,0.0,0.0,0.0,0.0,0.0,0.0,0.0,0.0,0.0,0.0,0.0,0.0,0.0,0.0,0.0,0.06440974482975485,0.06440974482975485,0.0,346.0436361490229,0.0,35.13258808898234,0.0,0.0,0.0,1000.0,0.0,0.0,0.0,0.0,0.0,327.4791660575123,-1000.0,0.0,0.0,607.3827203518568,0.0,0.0,68.28913730367256,0.0,0.0,0.0,0.0,0.0,0.0,0.0,318.7015534334749,-788.0574663474225,500.58199437607686,0.0,4.508682138086064,0.0,0.0,0.0,-95.35360578857889,0.0,327.4791660575123,0.0,317.1813505722094,0.0,0.0,0.0,261.7544988453503,0.0,0.0,0.0,0.0,0.0,0.0,0.0,0.0,0.0,0.0,0.0,0.0,0.0,35.13258808898234,16.267591450224238,16.267591450224238,0.0,0.0,0.0,0.0,0.0,0.0,0.0,0.0,0.0,0.0,0.5855431348163723,0.0,0.0,0.0,0.0,0.0,0.0,0.0,0.0,17.56629404449117,-607.3827203518568,0.0,0.0,0.0,0.0,0.0,0.0,0.0,0.0,0.0,48.76500783868001,0.0,0.0,17.56629404449117,17.56629404449117,107.10662432716813,-1000.0,0.0,68.28913730367256,0.0,0.0,0.0,0.0,0.0,5.431636841389832,894.1741981494748,-429.59970393769476,0.058554313481637234,0.0,0.0,0.0,68.79954111195491,0.0,0.0,0.0,0.0,0.0,0.0,0.0,0.0,0.0,0.0,0.0,0.0,0.0,0.0,0.0,0.0,0.0,0.058554313481637234,0.0,0.0,0.0,0.0,0.0,0.0,0.0,0.0,368.15469215890306,0.0,322.74021251383294,-319.56599867554365,0.0,-362.2799116988213,-4.391573511122792,-2.9277156740818615,0.0,0.0,0.0,0.0,0.0,0.0,0.0,0.0,0.0,0.0,0.0,0.0,16.267591450224238,0.0,0.0,0.0,826.5064271600439,0.0,0.0,0.0,-0.058554313481637234,0.0,0.0,0.058554313481637234,0.0,0.058554313481637234,0.0,0.0,0.0,35.13258808898234,71.43626244759743,71.43626244759743,0.0,0.0,0.0,0.0,0.0,0.0,0.0,500.58199437607686,0.0,894.1741981494748,0.0,0.0,0.0,0.0,0.0,0.0,0.0,0.0,0.0,0.0,0.0,0.0,0.0,0.0,0.0,0.0,0.0,95.35360578857889,0.0,-506.4520005851914,506.4520005851914,0.08783147022245584,0.0,0.0,0.0,-17.56629404449117,0.0,0.0,0.0,0.0,0.0,-346.0436361490229,2.9277156740818615,0.0,0.0,0.0,0.0,1000.0,-115.14416937170868,0.0,0.0,0.0,0.0,0.0,0.0,0.0,0.0,16.267591450224238,0.0,607.3827203518568,350.46813080399824,84.28913730367256,0.0,553.8711316797494,-10.003611896473853,0.0,-119.65285150979474,0.0,119.65285150979474,319.56599867554365,-28.64379458404438,0.0,2.9277156740818615,1000.0,0.0,0.0,0.0,-15.735896897973532,0.0,0.0,0.0,0.0,0.0,0.0,0.0,0.0,0.0,-4.391573511122802,-4.391573511122829,71.43626244759743,0.0,0.0,0.0,0.0,0.0,0.0,0.0,0.0,0.0,0.0,0.0,0.0,354.8267831712685,-68.79954111195491,-15.94591912787262,0.0,17.56629404449117,0.0,0.0,0.0,0.0,-48.83337516499779,0.0,0.0,0.06440974482975485,0.0,0.0,0.0,35.718131223798714,0.0,0.0,0.0,0.0,507.8504729352651,0.0,0.0,0.0,0.0,0.0,0.0,0.0,0.0,0.0,0.0,0.005855431348163723,0.005855431348163723,0.0,0.0,0.0,0.0,0.0,0.0,0.0,0.0,0.0,0.0,0.0,0.0,0.0,0.0,0.0,346.0436361490229,0.0,0.0,0.0,0.0,0.0,0.0,0.0,0.0,0.0,0.0,0.0,0.0,-888.9900393480899,-506.9635722546873,801.6226578258658,0.0,0.0,0.0,35.13258808898234,0.0,0.0,0.0,0.0,0.0,89.05203952313396,-124.18462761211629,0.0,0.0,0.0,0.0,0.0,0.0,0.0,0.0,0.0,0.0,0.0,0.0,429.59970393769476,-1000.0,40.10970473492151,0.0,-17.56629404449117,0.0,362.0456944448947,0.0,0.0,0.0,0.0,0.0,0.0,0.0,0.0,0.0,0.0,0.0,0.0,0.0,0.0,0.0,0.0,0.0,-7.319289185204654,16.267591450224238,-4.391573511122792,0.0,0.0,0.0,0.0,0.0,0.0,-0.7319289185204654,0.0,335.3018955735172,0.0,0.0,0.0,0.0,0.0,0.0,0.0,1000.0,17.56629404449117,17.56629404449117,0.0,0.0,0.0,0.0,0.0,0.06440974482975485,346.0436361490229,0.0,0.0,-362.0456944448947,0.0,0.0,0.0,0.0,0.0,0.0,0.0,0.0,0.0,0.0,0.0,0.0,0.0,0.0,0.0,0.0,0.0,2.1324486856182574,0.0,61.48202915571909,4.508682138086064,0.0,0.0,0.0,0.0,0.0,346.0436361490229,0.0,110.33100480351861,0.0,0.0,0.0,-7.319289185204654,0.0,0.0,0.0,0.0,0.0,0.0,0.0,0.0,0.0,0.0,0.0,0.0,0.0,0.0,0.0,0.0,0.0,0.0,-0.058554313481637234,0.0,0.0,2.9277156740818615,-327.4791660575123,0.0,0.0,0.0,0.0,16.267591450224238,0.0,0.0,0.0,5.041526390768918,1.4638578370409308,0.0,0.0,506.4520005851914,0.058554313481637234,0.0,58.55431348163722,-16.01938849368929,11.710862696327446,0.4182450962974088,167.63143198500438,-0.04391573511122792,2.9277156740818615,1.1710862696327446,-0.29277156740823784,-167.63143198500438,17.56629404449117,-0.058554313481637234,3.3345372988246176,68.28913730367256,0.014638578370409308,0.4182450962974088,-10.003611896473853,-9.321846706276133,-1.1710862696327446,-441.9282489034899,-0.058554313481637234,0.014638578370409308,-167.63143198500438,5.855431348163723,0.058554313481637234,0.058554313481637234,-345.92067209071155,0.06440974482980096,-9.992929467937113,-0.04391573511122792,17.56629404449117,0.058554313481637234,17.56629404449117,-29.277156740818615,-0.029277156740818617,4.726339300493209,-85.0,-0.04391573511122792,-0.058554313481637234,-16.01938849368929,0.058554313481637234,5.855431348163723,-1.1710862696327446,95.35360578857889,95.35360578857889,-5.855431348163723,441.9282489034899,-95.35360578857889,11.710862696327446,0.08783147022245584,-447.5028380297681,5.855431348163723,-318.7015534334749,68.28913730367256,-11.710862696327446,0.029277156740818617,0.5855431348163723,122.36717353073043,96.0,-0.058554313481637234,-359.21835668239135,345.92067209071155,18.15183717930754,0.0585543134816371,9.321846706276133,-1.9760388742918629,68.28913730367256,-0.058554313481637234,-0.014638578370409308,-68.28913730367256,-0.058554313481637234,-10.297815485302944,0.058554313481637234,-0.014638578370409308,-0.014638578370409308,-0.014638578370409308,23.421725392654892,29.277156740818615,0.5855431348163723,362.25428466713834,-0.014638578370409308,241.39980976263624,2.9277156740818615,8.076623416733334,0.058554313481637234,0.029277156740818617,0.029277156740818617,40.0,16.01938849368929,0.058554313481637234,-16.01938849368929,0.5855431348163723,0.058554313481637234,-1000.0,0.058554313481637234,0.23421725392660164,0.29277156740823784,0.029277156740818617,0.014638578370409308,17.56629404449117,-0.058554313481637234,9.992929467937113,0.5855431348163723,-724.5085693342767,1.4638578370409308,-5.855431348163723,11.710862696327446,2.9277156740818615,-0.058554313481637234,10.003611896473853,0.08783147022245584,-0.058554313481637234,-80.0,16.01938849368929,219.69004243820635,0.029277156740818617,-16.153246833466667,-0.058554313481637234,-0.058554313481637234,-0.058554313481637234,0.029277156740818617,167.63143198500438,-11.710862696327446,0.058554313481637234,244.73434706146085,-0.014638578370409308,-0.06440974482980096,-244.73434706146085,8.783147022245583,85.0,401.8301434146649,167.63143198500438,-0.04391573511122792,359.21835668239135,-96.0,0.058554313481637234,-0.01463857837040931,2.9277156740818615,58.55431348163722,-0.029277156740818617,-0.0585543134816371,0.014638578370409308,0.0,0.0,147.1814951609618,637.7457153328617,-46.0,0.0,369.7051678525726,-31.0,0.0,-32.0,-93.0,-65.0,-300.2920657120655,16.0,23.0,46.5,0.0,15.5,-346.0436361490229,-170.85666727320856,300.2920657120655,65.0,-170.85666727320856,-369.7051678525726,182.91288768935036,0.0,1496.5981,hclb
86,0.0,0.0,0.0,0.0,0.0,0.0,0.0,0.0,-0.029709430012865228,0.0,0.0,0.0,0.0,0.0,0.0,0.0,567.1703548873095,0.0,0.0,-632.2582235957536,0.0,0.0,0.0,487.6101865534479,0.0,0.0,0.0,0.0,0.0,-1000.0,0.0,0.0,21.342143278135733,0.0,0.0,0.0,0.0,285.4039969539805,0.0,-1000.0,1000.0,0.0,0.0,-310.0871143170396,0.0,0.0,578.2418857687486,0.0,0.0,0.0,0.0,-444.30218769033655,0.0,0.03268037301423391,0.0,0.0,0.0,5.941886002573046,0.0,0.0,158.129195768205,0.0,885.6460043361428,561.5383813903351,0.0,0.0,0.0,0.0,1000.0,-778.3369492913852,0.0,0.29709430012865234,0.0,0.0,0.0,0.0,0.0,0.0,0.0,0.0,0.0,0.0,0.0,0.0,17.825658007719138,0.0,0.0,-964.4038422924457,-48.47535539485375,432.8742092577098,-0.007427357503216308,0.0,0.0,795.3233916928821,8.912829003859569,0.0,8.912829003859569,0.0,0.0,0.0,0.0,1.4854715006432615,-1000.0,0.0,0.0,-9.001278318579862,0.0,0.0,0.0,0.0,0.0,0.0,0.0,0.0,0.0,0.0,0.0,0.0,0.0,0.0,0.0,0.0,0.0,0.0,-1000.0,0.0,0.0,8.912829003859569,0.0,9.209923303988221,0.0,0.0,0.0,0.0,0.0,0.0,-1000.0,0.0,0.0,517.7631812859873,0.0,0.0,0.0,0.0,0.0,2.287626110990621,0.029709430012865228,0.0,0.0,0.0,306.17448585344584,-1000.0,0.0,0.0,162.31874761880312,0.0,-126.1660593238167,0.0,0.0,0.0,0.0,0.0,-578.2121763387357,-578.2121763387357,0.0,0.0,0.0,0.0,0.0,0.0,0.0,-578.1824669087229,0.0,0.0,0.0,-608.3596716711149,0.0,0.0,0.0,0.0,0.0,0.0,0.0,0.0,0.0,0.0,-613.6714623203735,0.0,0.0,0.0,0.0,-569.4803851595424,0.0,0.0,0.0,0.0,0.0,0.0,444.30218769033655,112.15656899364438,-112.15656899364438,0.0,0.0,0.0,0.0,0.0,0.0,0.0,0.0,-250.83005060762704,0.0,0.0,0.0,0.0,0.0,0.0,0.0,0.0,0.0,0.0,0.0,0.0,0.0,75.95784002263862,662.7092861517002,-11.472542577645982,0.0,0.0,0.0,482.23681871401266,81.99934756870061,0.0,0.0,0.0,0.0,158.129195768205,298.61457173939357,0.0,0.0,0.0,0.0,0.0,0.0,0.0,0.0,0.956643646413255,0.0,0.0,0.0,1000.0,839.3680756115018,-407.94508560846475,0.0,11.472542577645982,0.0,0.0,482.23681871401266,-753.6453507183371,0.0,0.0,0.0,-163.73982162613413,0.0,0.0,-1000.0,-118.18028453360253,-925.6835633775092,-6.819715466397355,-875.0000000000001,67.4967211560934,63.68121359879058,0.0,0.0,0.0,0.0,0.8899621671933886,0.0,0.0,0.0,790.1015723867436,0.0,-790.1015723867436,0.0,0.0,0.0,482.23681871401266,-973.1553730503883,0.0,0.0,0.0,158.129195768205,-0.04456414501929784,0.0,0.0,0.0,0.0,0.029709430012865228,0.0,0.0,0.0,477.61156494056894,567.1703548873095,0.0,-297.44654328102735,874.9714250274021,0.0,628.0929944826886,0.0,212.6482746711605,0.0,-9.001278318579862,0.0,0.0,0.0,787.3517253288395,-1000.0,0.0,-835.8888104987051,435.58857572606814,0.0,0.0,0.0,0.0,0.0,0.0,0.0,0.0,0.0,0.0,0.0,0.0,0.0,0.0,0.0,0.0,0.0,-714.4771653259681,0.0,-1000.0,0.0,0.0,0.0,0.0,0.0,0.0,-3.244269757403876,0.0,0.0,0.0,0.0,0.0,0.0,687.4999999999985,412.6676462755273,0.0,0.0,-97.86849315864333,0.0,0.0,-829.9134547652703,-687.4999999999985,-414.1531177761706,968.9336243968478,-0.7427357503216307,-1.4854715006432615,0.0,0.0,-654.9620066226612,0.0,8.308961082891301,8.912829003859569,0.0,0.0,0.0,0.0,0.0,0.0,0.0,-75.95784002263862,75.95784002263862,75.95784002263862,96.05939231600682,0.0,0.0,0.0,0.0,0.0,0.0,0.0,0.0,-165.97842717760278,0.0,0.0,380.81983452117095,0.0,0.0,0.0,0.0,-40.02905699871348,0.059418860025697524,0.0,0.0,0.0,0.0,0.0,0.0,0.0,0.0,0.0,221.6630507086148,0.0,0.0,0.0,0.0,0.0,0.0,0.0,0.0,0.0,0.03268037301423391,0.03268037301423391,0.0,166.01595402006558,0.0,17.825658007719138,0.0,0.0,0.0,1000.0,0.0,0.0,0.0,0.0,0.0,265.3462724826778,-1000.0,0.0,0.0,0.0,0.0,0.0,380.81983452117095,0.0,0.0,0.0,0.0,0.0,0.0,0.0,333.3333333333333,-477.61156494056894,693.8255141465542,0.0,2.287626110990621,0.0,795.3233916928821,0.0,-81.99934756870061,0.0,265.3462724826778,0.0,1000.0,-774.6827845160357,0.0,0.0,75.95784002263862,0.0,0.0,0.0,0.0,0.0,0.0,0.0,0.0,0.0,0.0,0.0,0.0,0.0,17.825658007719138,482.23681871401266,482.23681871401266,0.0,0.0,0.0,0.0,0.0,0.0,0.0,0.0,0.0,0.0,0.29709430012865234,0.0,0.0,0.0,0.0,0.0,444.30218769033655,0.0,0.0,8.912829003859569,0.0,0.0,0.0,0.0,0.0,0.0,0.0,0.0,0.0,0.0,526.9049049493703,0.0,0.0,8.912829003859569,8.912829003859569,1000.0,-1000.0,0.0,380.81983452117095,0.0,0.0,0.0,0.0,0.0,835.8888104987051,0.0,1000.0,0.029709430012865228,0.0,0.0,-783.609177429835,822.8447239661109,0.0,0.0,-795.3233916928821,0.0,0.0,0.0,0.0,0.0,0.0,0.0,0.0,0.0,0.0,0.0,0.0,0.0,0.0,0.029709430012865228,0.0,0.0,0.0,-1000.0,1000.0,0.0,0.0,0.0,0.0,0.0,0.0,-162.31874761880312,-3.244269757403876,-285.52283467403186,-2.2282072509648922,0.0,-1.4854715006432626,0.0,0.0,0.0,0.0,0.0,0.0,0.0,0.0,0.0,0.0,0.0,482.23681871401266,0.0,0.0,0.0,-645.1675740391265,0.0,0.0,0.0,-0.029709430012865228,0.0,0.0,0.029709430012865228,0.0,0.029709430012865228,0.0,0.0,0.0,17.825658007719138,36.24550461569558,36.24550461569558,0.0,0.0,0.0,0.0,0.0,0.0,0.0,693.8255141465542,0.0,0.0,0.0,0.0,789.9097072529473,0.0,0.0,0.0,0.0,0.0,0.0,0.0,0.0,0.0,0.0,0.0,0.0,0.0,0.0,81.99934756870061,0.0,0.0,0.0,0.04456414501929784,0.0,0.0,0.0,-8.912829003859569,0.0,0.0,0.0,0.0,0.0,-166.01595402006558,1.4854715006432615,0.0,0.0,0.0,0.0,0.0,0.0,-1.4854715006432626,0.0,0.0,0.0,0.0,0.0,0.0,0.0,482.23681871401266,0.0,0.0,1000.0,90.05811399742696,0.0,752.8836281439811,-9.001278318579862,0.0,-3.244269757403876,3.244269757403876,0.0,162.31874761880312,-789.8908553340327,0.0,1.4854715006432626,1000.0,0.0,115.46867068800302,0.0,-165.97842717760278,-1000.0,1000.0,-312.5000000000072,312.5000000000072,0.0,0.0,0.0,0.0,0.0,609.2150478184437,0.0,36.24550461569558,0.0,0.0,0.0,0.0,0.0,0.0,0.0,0.0,0.0,0.956643646413255,0.0,0.0,172.70057577296026,-260.8985972448909,-918.8746220963609,0.0,8.912829003859569,0.0,0.0,0.0,0.0,-185.0833765995642,0.0,0.0,0.03268037301423391,0.0,0.0,0.0,18.12275230784779,0.0,0.0,0.0,0.0,662.7092861517002,0.0,0.0,0.0,0.0,0.0,0.0,0.0,0.0,-307.96221061585345,0.0,784.869557523633,0.0029709430012866077,0.0,0.0,0.0,0.0,0.0,0.0,0.0,0.0,0.0,-783.609177429835,0.0,0.0,0.0,0.0,0.0,166.01595402006558,0.0,0.0,0.0,0.0,0.0,0.0,0.0,0.0,0.0,0.0,0.0,0.0,946.3846738692021,0.0,0.0,0.0,0.0,0.0,17.825658007719138,0.0,0.0,0.0,0.0,0.0,0.0,-17.825658007719138,0.0,0.0,0.0,0.0,0.0,0.0,0.0,0.0,0.0,0.0,0.0,0.0,435.58857572606814,-1000.0,810.26066681176,0.0,-8.912829003859569,0.0,285.4039969539805,0.0,0.0,0.0,0.0,0.0,0.0,0.0,0.0,0.0,343.75,0.0,-343.75,-343.75,0.0,0.0,0.0,0.0,-3.713678751608155,482.23681871401266,-2.2282072509648922,787.6815000019826,0.0,0.0,0.0,0.0,0.0,0.0,-0.3713678751608154,328.2971747964059,0.0,0.0,0.0,0.0,0.0,0.0,0.0,1000.0,8.912829003859569,8.912829003859569,0.0,0.0,0.0,0.0,0.0,0.03268037301423391,166.01595402006558,0.0,0.0,-285.4039969539805,784.8665865806317,0.0,0.0,0.0,0.0,0.0,0.0,0.0,0.0,0.0,0.0,0.0,0.0,0.0,0.0,0.0,0.0,0.0,0.0,31.19490151350849,2.287626110990621,0.0,0.0,0.0,0.0,0.0,166.01595402006558,0.0,0.0,0.0,0.0,0.0,-3.713678751608155,0.0,0.0,0.0,0.0,0.0,0.0,0.0,0.0,0.0,0.0,0.0,0.0,0.0,0.0,0.0,0.0,0.0,0.0,-0.029709430012865228,0.0,0.0,1.4854715006432615,-265.3462724826778,0.0,0.0,0.0,0.0,482.23681871401266,0.0,0.0,0.0,-787.3517253288395,0.7427357503216307,0.0,0.0,0.0,0.029709430012865228,0.0,29.709430012865226,-9.209923303988221,5.941886002573046,0.21221021437760879,82.88930973589399,-0.02228207250964892,1.4854715006432637,0.5941886002573046,-0.1485471500642394,-82.88930973589399,8.912829003859569,-0.02970943001286523,3.0004261061932875,380.81983452117095,0.007427357503216308,0.21221021437760879,-9.001278318579862,-4.729741258047139,-0.5941886002573046,65.08786870844415,-0.02970943001286523,0.007427357503216308,-82.88930973589399,2.970943001286523,0.02970943001286523,0.029709430012865228,-165.95356421703846,0.03268037301415243,-43.36864363968948,-0.02228207250964892,8.912829003859569,0.02970943001286523,8.912829003859569,-14.854715006432615,-0.014854715006432616,187.5372596006659,-85.0,-0.02228207250964892,-0.02970943001286523,-9.209923303988221,0.029709430012865228,2.970943001286523,-0.5941886002573046,81.99934756870061,81.99934756870061,-2.970943001286523,-65.08786870844415,-81.99934756870061,5.941886002573046,0.04456414501929784,-1000.0,2.970943001286523,-333.3333333333333,380.81983452117095,-5.941886002573046,0.014854715006432616,0.29709430012865234,74.36163582025684,96.0,-0.029709430012865228,-172.70057577296026,165.95356421703846,9.209923303988221,0.02970943001286523,4.729741258047139,345.1685185057328,380.81983452117095,-0.029709430012865228,-0.007427357503216308,-380.81983452117095,-0.02970943001286523,-40.02905699871348,0.02970943001286523,-0.007427357503216308,-0.007427357503216308,-0.007427357503216308,11.883772005146092,14.854715006432615,0.29709430012865234,22.01097396078114,-0.007427357503216308,145.72284553432038,1.4854715006432615,21.5,0.029709430012865228,0.014854715006432616,0.014854715006432616,-47.737549095134334,9.209923303988221,0.029709430012865228,-9.209923303988221,0.29709430012865234,0.02970943001286523,-22.01097396078114,0.02970943001286523,0.11883772005137416,0.1485471500642394,0.014854715006432616,0.007427357503216308,8.912829003859569,-0.029709430012865225,43.36864363968948,0.2970943001286523,-44.02194792156228,0.7427357503216285,-2.970943001286523,5.941886002573046,1.4854715006432615,-0.02970943001286523,9.001278318579862,0.04456414501929784,-0.02970943001286523,95.47509819026867,9.209923303988221,322.77604719710985,0.014854715006432616,-43.0,-0.02970943001286523,-0.02970943001286523,-0.02970943001286523,0.014854715006432616,82.88930973589399,-5.941886002573046,0.029709430012865228,148.72327164051367,-0.007427357503216308,-0.03268037301415243,-148.72327164051367,4.456414501929784,85.0,823.8836051474887,82.88930973589399,-0.02228207250964892,172.70057577296026,-96.0,0.02970943001286523,-0.007427357503216308,1.4854715006432626,29.709430012865226,-0.014854715006432616,-0.02970943001286523,0.007427357503216308,0.0,0.0,503.42972242849316,0.0,-46.0,0.0,-106.06931664371712,-31.0,0.0,-32.0,-93.0,-65.0,-496.5554228565004,16.0,23.0,46.5,0.0,15.5,-166.01595402006558,-137.69267059754569,496.5554228565004,65.0,-137.69267059754569,106.06931664371712,-227.1043890753682,0.0,1496.5981,hclb
87,0.0,0.0,0.0,0.0,0.0,0.0,0.0,0.0,-0.023698680593045196,0.0,0.0,0.0,0.0,0.0,0.0,0.0,-1000.0,672.4677941620907,0.0,669.9559756226732,0.0,0.0,0.0,78.5987506930517,0.0,0.0,0.0,0.0,0.0,-70.97154014555917,0.0,0.0,1.7729808633638595,0.0,0.0,0.0,0.0,453.310793356182,0.0,-1000.0,1000.0,0.0,0.0,0.0,0.0,0.0,0.0,0.0,-180.54725360151542,0.0,0.0,-332.9065630709698,0.0,0.026068548652331054,0.0,0.0,0.0,4.739736118609039,0.0,0.0,152.5570232044443,0.0,358.35923554950705,46.98399772793126,0.0,0.0,0.0,0.0,0.0,0.0,0.0,0.236986805930452,0.0,0.0,0.0,0.0,0.0,0.0,0.0,0.0,0.0,0.0,0.0,0.0,14.219208355827117,0.0,0.0,-247.57251576459245,-437.6014280590125,1000.0,-0.005924670148261298,0.0,0.0,255.816768105686,7.109604177913559,0.0,7.109604177913559,0.0,0.0,0.0,0.0,1.1849340296522597,-1000.0,0.0,0.0,-21.20155640202967,0.0,0.0,0.0,0.0,0.0,0.0,0.0,0.0,0.0,0.0,0.0,0.0,0.0,0.0,0.0,0.0,0.0,0.0,-326.1905296544865,0.0,0.0,7.109604177913559,0.0,7.346590983844011,0.0,0.0,-1000.0,1000.0,0.0,0.0,-157.4245976940323,0.0,0.0,-306.5076633319878,0.0,0.0,0.0,0.0,0.0,1.8247984056644788,0.023698680593045196,0.0,0.0,0.0,926.4514013317197,-926.4514013317197,0.0,0.0,0.0,0.0,206.69578744450683,0.0,0.0,0.0,0.0,0.0,563.8978752202672,563.8978752202672,0.0,0.0,0.0,0.0,602.1096379615374,0.0,0.0,563.9215739008603,0.0,0.0,0.0,-1000.0,-533.2021551755471,0.0,0.0,0.0,0.0,0.0,0.0,0.0,0.0,0.0,-612.1053092927203,0.0,0.0,0.0,0.0,-1000.0,0.0,0.0,0.0,0.0,0.0,0.0,332.9065630709698,-437.63697607990207,437.63697607990207,463.9322610260201,0.0,0.0,0.0,0.0,0.0,0.0,929.0284598544408,-942.7020711927397,0.0,0.0,0.0,0.0,0.0,0.0,0.0,0.0,0.0,0.0,0.0,0.0,0.0,294.85702578141024,-33.52052776278192,918.6122306761048,0.0,0.0,0.0,0.0,-463.9322610260201,0.0,0.0,0.0,0.0,152.5570232044443,918.6122306761048,0.0,0.0,0.0,0.0,0.0,0.0,0.0,0.0,650.4757352787091,0.0,0.0,0.0,-0.035548020889564214,0.0,-532.8501823750402,0.0,-918.6122306761048,0.0,0.0,463.9322610260201,-230.53644926919546,0.0,0.0,0.0,-621.5467489616635,0.0,0.0,-818.2733281643782,-1000.0,0.0,181.72667183562197,0.0,1000.0,-875.2384041389146,0.0,1000.0,0.0,0.0,66.1193188545961,0.0,0.0,0.0,0.0,0.0,0.0,0.0,1000.0,0.0,0.0,-617.6107577389182,0.0,0.0,0.0,152.5570232044443,-0.03554802088956779,0.0,0.0,0.0,0.0,0.023698680593045196,0.0,0.0,0.0,342.4146605433774,-1000.0,0.0,-702.6800075668185,196.95864936560952,533.2021551755471,931.8493402965225,0.0,-135.2456094420177,0.0,-21.20155640202967,0.0,0.0,0.0,608.2874518491808,-49.67485285653515,-423.366989550628,-1000.0,308.2736181254226,0.0,0.0,0.0,0.0,0.0,0.0,0.0,0.0,0.0,0.0,0.0,0.0,0.0,0.0,0.0,0.0,0.0,-546.5944119214461,0.0,-1000.0,0.0,0.0,649.7126377636082,0.0,0.0,0.0,-652.3005336843736,0.0,0.0,0.0,703.7554744285634,0.0,581.3439878386787,0.0,-566.5113162407738,0.0,-531.6691349821435,0.0,-1.1849340296522597,77.37333345528727,-1000.0,0.0,565.3263822111215,1000.0,-0.5924670148261298,0.0,-718.3961538583766,0.0,-1000.0,0.0,985.7597954169212,7.109604177913559,0.0,0.0,0.0,0.0,0.0,0.0,0.0,-294.85702578141024,294.85702578141024,294.85702578141024,109.46182028342062,0.0,0.0,-436.1258234603258,0.0,0.0,929.0284598544408,0.0,0.0,-158.81821461713147,0.0,-1000.0,75.26026388139096,0.0,0.0,0.0,0.0,-40.63013194069548,0.04739736118610621,0.0,0.0,0.0,0.0,0.0,0.0,0.0,0.0,0.0,0.0,0.0,0.0,0.0,0.0,0.0,0.0,0.0,0.0,0.0,0.026068548652331054,0.026068548652331054,0.0,386.1172896628012,0.0,14.219208355827117,0.0,0.0,0.0,-262.59562447421564,0.0,481.56532024685487,0.0,0.0,0.0,523.6462531175395,262.59562447421564,0.0,0.0,0.0,0.0,0.0,75.26026388139096,0.0,0.0,0.0,0.0,0.0,0.0,0.0,108.7301765514955,-342.4146605433774,0.0,0.0,1.8247984056644788,0.0,255.816768105686,0.0,0.0,0.0,523.6462531175395,0.0,-516.983878823156,1000.0,0.0,0.0,294.85702578141024,0.0,0.0,0.0,0.0,0.0,0.0,0.0,0.0,0.0,0.0,0.0,0.0,0.0,14.219208355827117,463.9322610260201,463.9322610260201,0.0,0.0,0.0,0.0,0.0,0.0,0.0,0.0,0.0,0.0,0.236986805930452,0.0,0.0,0.0,0.0,0.0,332.9065630709698,0.0,0.0,7.109604177913559,0.0,0.0,0.0,0.0,0.0,0.0,0.0,0.0,0.0,0.0,460.80747509258885,0.0,0.0,7.109604177913559,7.109604177913559,1000.0,262.59562447421564,0.0,75.26026388139096,0.0,0.0,0.0,0.0,0.0,1000.0,929.0284598544408,692.8145226146357,0.023698680593045196,0.0,0.0,0.0,31.297493248915192,0.0,0.0,-255.816768105686,0.0,0.0,0.0,0.0,0.0,0.0,0.0,0.0,0.0,0.0,0.0,0.0,0.0,0.0,0.023698680593045196,0.0,0.0,0.0,-943.3464676002375,943.3464676002375,0.0,0.0,0.0,0.0,-809.7226925763295,1000.0,0.0,-192.865203344436,-453.40558807855393,-1.7774010444783896,-1.1849340296522608,0.0,0.0,0.0,0.0,0.0,0.0,0.0,0.0,0.0,0.0,0.0,0.0,463.9322610260201,533.2021551755471,0.0,0.0,-13.055270553426567,0.0,0.0,0.0,-0.023698680593045196,0.0,0.0,0.023698680593045196,0.0,0.023698680593045196,0.0,0.0,0.0,14.219208355827117,28.91239032351514,28.91239032351514,0.0,0.0,0.0,0.0,0.0,0.0,0.0,0.0,0.0,929.0284598544408,0.0,0.0,610.327908248242,0.0,0.0,0.0,0.0,0.0,0.0,0.0,0.0,0.0,0.0,0.0,0.0,0.0,0.0,0.0,0.0,0.0,0.0,0.03554802088956779,0.0,0.0,0.0,-7.109604177913559,0.0,0.0,0.0,0.0,0.0,-386.1172896628012,1.1849340296522597,0.0,0.0,0.0,0.0,-602.1096379615374,-351.47229626604405,0.0,0.0,-1000.0,0.0,0.0,0.0,0.0,0.0,463.9322610260201,0.0,0.0,0.0,91.26026388139096,0.0,60.26026388139096,-21.20155640202967,0.0,-194.05013737408822,192.865203344436,1.1849340296522608,0.0,-259.4488395927106,0.0,1.1849340296522608,627.6926764906484,0.0,0.0,0.0,-158.81821461713147,0.0,0.0,-687.5000000000007,687.5000000000007,0.0,0.0,0.0,0.0,0.0,1000.0,-391.44949279623654,28.91239032351514,0.0,0.0,0.0,0.0,0.0,0.0,0.0,0.0,0.0,650.4757352787091,0.0,0.0,0.0,-31.297493248915192,-424.99327628829485,0.0,7.109604177913559,0.0,0.0,0.0,0.0,86.55422403542146,0.0,0.0,0.026068548652331054,0.0,0.0,0.0,14.45619516175757,0.0,0.0,0.0,0.0,-33.52052776278192,0.0,0.0,0.0,0.0,0.0,0.0,0.0,0.0,0.0,0.0,0.0023698680593045194,0.0023698680593045194,0.0,0.0,0.0,0.0,0.0,0.0,0.0,0.0,0.0,0.0,0.0,0.0,0.0,0.0,0.0,386.1172896628012,0.0,0.0,0.0,0.0,0.0,0.0,0.0,0.0,0.0,0.0,0.0,0.0,-177.68471490787238,0.0,672.4677941620907,0.0,0.0,0.0,14.219208355827107,0.0,0.0,0.0,0.0,0.0,316.95834744181195,-331.17755579763906,0.0,0.0,0.0,0.0,0.0,0.0,0.0,0.0,0.0,0.0,0.0,0.0,335.25906399435956,-1000.0,626.5615044544779,0.0,-7.109604177913559,0.0,453.310793356182,0.0,0.0,0.0,0.0,0.0,0.0,0.0,0.0,0.0,0.0,0.0,0.0,0.0,0.0,0.0,0.0,0.0,-2.9623350741306504,463.9322610260201,-1.7774010444783896,1000.0,0.0,0.0,0.0,0.0,0.0,-0.296233507413065,0.0,158.81821461713147,0.0,0.0,0.0,0.0,0.0,0.0,0.0,719.7999684835728,7.109604177913559,7.109604177913559,0.0,0.0,0.0,0.0,0.0,0.026068548652331054,386.1172896628012,0.0,0.0,-453.310793356182,0.0,0.0,0.0,0.0,0.0,0.0,0.0,0.0,0.0,0.0,0.0,0.0,0.0,0.0,0.0,0.0,0.0,0.0,0.0,24.883614622697454,1.8247984056644788,0.0,0.0,0.0,0.0,0.0,386.1172896628012,0.0,1000.0,0.0,0.0,0.0,-2.9623350741306504,0.0,0.0,0.0,0.0,0.0,0.0,0.0,0.0,0.0,0.0,0.0,0.0,0.0,0.0,0.0,0.0,0.0,0.0,-0.023698680593045196,0.0,0.0,1.1849340296522597,-523.6462531175395,0.0,0.0,0.0,0.0,463.9322610260201,0.0,0.0,0.0,-608.2874518491808,0.5924670148261298,0.0,0.0,0.0,0.023698680593045196,0.0,23.698680593045193,-7.346590983844011,4.739736118609039,0.16927628995032282,66.1193188545961,-0.017774010444783894,1.1849340296522541,0.4739736118609039,-0.11849340296498667,-66.1193188545961,7.109604177913559,-0.023698680593045196,7.067185467343223,75.26026388139096,0.005924670148261299,0.16927628995032282,-21.20155640202967,-3.772829950417645,-0.4739736118609039,-342.423769784764,-0.023698680593045196,0.005924670148261299,-66.1193188545961,2.3698680593045194,0.023698680593045196,0.023698680593045196,-386.06752243355584,0.026068548652349716,0.0,-0.017774010444783894,7.109604177913559,0.023698680593045196,7.109604177913559,-11.849340296522598,-0.011849340296522598,-164.2926746404475,461.53869428612256,-0.017774010444783894,-0.02369868059304369,-7.346590983844011,0.023698680593045196,2.3698680593045194,-0.4739736118609039,0.0,0.0,-2.3698680593045194,342.423769784764,0.0,4.739736118609039,0.03554802088956779,-1000.0,2.3698680593045194,-108.7301765514955,75.26026388139096,-4.739736118609039,0.011849340296522596,0.236986805930452,175.67000189170463,96.0,-0.023698680593045196,-391.44949279623654,386.06752243355584,7.346590983844011,0.023698680593045196,3.772829950417645,46.82184716973684,75.26026388139096,-0.023698680593045196,-0.005924670148261298,-75.26026388139096,-0.023698680593045196,-40.63013194069548,0.023698680592817822,-0.005924670148261298,-0.005924670148261298,-0.005924670148261298,9.479472237218078,11.849340296522598,0.236986805930452,17.557759984378606,-0.005924670148261298,344.27281831606604,1.1849340296522597,21.5,0.023698680593045196,0.011849340296522596,0.011849340296522598,40.0,7.346590983844011,0.023698680593045196,-7.346590983844011,0.236986805930452,0.023698680593045196,-17.557759984378606,0.023698680593045196,0.09479472237194386,0.11849340296498667,0.011849340296522598,0.005924670148261299,7.109604177913559,-0.023698680593045196,0.0,0.23698680593045196,-35.11551996875721,0.5924670148261355,-2.3698680593045194,4.739736118609039,1.1849340296522597,-0.023698680593045196,21.20155640202967,0.03554802088956779,-0.023698680593045196,-80.0,7.346590983844011,19.476771803539833,0.011849340296522598,-43.0,-0.023698680593045196,-0.023698680592817822,-0.023698680593045196,0.011849340296521845,66.1193188545961,-4.739736118609039,0.023698680593045196,351.34000378340926,-0.005924670148261298,-0.026068548652349716,-351.34000378340926,3.554802088956779,-461.53869428612256,694.9940566448139,66.1193188545961,-0.017774010444783894,391.44949279623654,-96.0,0.023698680593045196,-0.005924670148261299,704.9404084582156,23.698680593045193,-0.011849340296522596,-0.023698680593045196,0.005924670148261299,0.0,0.0,875.226554798618,0.0,-46.0,0.0,-108.0,-23.498278106499807,0.0,-32.0,-93.0,-65.0,-124.76159586108542,16.0,23.0,46.5,0.0,11.749139053249904,-386.1172896628012,-106.03099583896129,124.76159586108542,65.0,-106.03099583896129,108.0,-78.59585761452068,0.0,1496.5981,hclb
88,0.0,0.0,0.0,0.0,0.0,0.0,0.0,0.0,-0.04591658954208625,0.0,0.0,0.0,0.0,0.0,0.0,0.0,678.9007794704786,-991.0794760127043,0.0,503.4530002699685,0.0,0.0,0.0,850.9982187924957,0.0,90.87583547943757,0.0,0.0,0.0,-870.106552321987,0.0,0.0,430.4883979764349,0.0,0.0,0.0,0.0,-35.884962527768266,0.0,-1000.0,1000.0,0.0,0.0,51.60145139048976,0.0,0.0,0.0,0.0,148.79614424819363,0.0,0.0,957.5903713966853,0.0,0.05050824849634029,0.0,0.0,0.0,9.18331790841725,0.0,0.0,-225.79010077641962,0.0,225.79010077641962,0.0,644.7381397440197,0.0,0.0,0.0,0.0,90.87583547943757,0.0,0.4591658954208626,0.0,0.0,0.0,0.0,0.0,0.0,0.0,0.0,0.0,0.0,-27.84343714596332,0.0,27.549953725251754,0.0,221.74637979074612,1000.0,-888.7688401253151,462.5533243251957,-0.011479147385521563,0.0,0.0,80.36242445624929,13.774976862625877,0.0,13.774976862625877,0.0,0.0,0.0,0.0,857.9291926639357,-870.106552321987,0.0,0.0,0.0,0.0,0.0,0.0,0.0,0.0,0.0,0.0,0.0,0.0,0.0,0.0,0.0,0.0,0.0,0.0,0.0,0.0,0.0,-533.757949180562,0.0,0.0,13.774976862625877,0.0,14.23414275804674,14.23414275804674,0.0,-188.29708999704454,0.0,188.29708999704454,-188.29708999704454,0.0,-187.5000000000626,187.5000000000626,0.0,0.0,0.0,0.0,0.0,0.0,253.12539433145008,0.04591658954208625,0.0,0.0,0.0,0.0,0.0,0.0,0.0,27.84343714596332,0.0,133.06141217255038,0.0,0.0,0.0,0.0,0.0,948.6932184129516,948.6932184129516,0.0,0.0,0.0,0.0,-520.6352393486875,0.0,0.0,948.7391350024938,0.0,0.0,0.0,62.49911910632951,0.0,0.0,0.0,0.0,0.0,0.0,0.0,0.0,0.0,0.0,0.0,0.0,0.0,0.0,0.0,-191.2305894876045,0.0,0.0,0.0,0.0,0.0,0.0,-957.5903713966853,808.7942271484916,-808.7942271484916,0.0,0.0,0.0,0.0,0.0,0.0,0.0,0.0,75.32335137772355,0.0,0.0,0.0,0.0,0.0,0.0,0.0,0.0,0.0,0.0,0.0,0.0,0.0,141.48990956166634,-24.633364183165497,1000.0,0.0,0.0,0.0,0.0,80.36242445624929,0.0,0.0,0.0,0.0,-225.79010077641962,948.3985486095103,0.0,0.0,0.0,0.0,0.0,0.0,0.0,0.0,1.4785141832562658,0.0,0.0,0.0,1000.0,-697.5630672738068,1000.0,0.0,-1000.0,0.0,0.0,0.0,0.0,0.0,0.0,0.0,-115.5008168447232,0.0,0.0,-1000.0,0.0,0.0,-1000.0,0.0,0.0,-79.97461297682352,0.0,129.96197855424782,0.0,0.0,76.21314588226484,0.0,0.0,0.0,-419.35975821555337,0.0,419.35975821555337,0.0,1000.0,0.0,0.0,0.0,0.0,0.0,0.0,-225.79010077641962,-0.06887488431312937,0.0,0.0,0.0,0.0,0.04591658954208625,0.0,0.0,0.0,95.61467398547306,678.9007794704786,0.0,-562.0956024218415,-282.90775828575784,0.0,942.9582947710431,0.0,0.0,0.0,0.0,0.0,0.0,0.0,-3.953418359573671,0.0,3.953418359573671,-200.74472021713584,-1000.0,0.0,0.0,0.0,0.0,0.0,0.0,0.0,0.0,0.0,0.0,0.0,0.0,0.0,0.0,0.0,0.0,0.0,-1000.0,0.0,-964.2987038304004,27.84343714596332,0.0,0.0,1000.0,0.0,0.0,-254.60390851470635,0.0,0.0,0.0,0.0,855.6333631868314,0.0,0.0,0.0,0.0,0.0,-54.806202381599284,0.0,934.2198938220072,-1000.0,0.0,-930.11251107052,0.0,-1.1479147385521562,-2.2958294771043124,0.0,0.0,-0.663638535830728,1000.0,61.69369081291223,13.774976862625877,0.0,0.0,0.0,0.0,0.0,0.0,0.0,-141.48990956166634,141.48990956166634,141.48990956166634,-361.4952058793812,0.0,0.0,-716.5918375488288,0.0,0.0,0.0,0.0,0.0,-8.087441971347005,0.0,-1000.0,70.81668209158275,0.0,0.0,0.0,0.0,-38.408341045791374,0.0918331790841216,0.0,0.0,0.0,0.0,0.0,0.0,0.0,0.0,0.0,0.0,0.0,0.0,0.0,0.0,0.0,0.0,0.0,0.0,0.0,0.05050824849634029,0.05050824849634029,0.0,228.3065916532491,0.0,27.549953725251754,0.0,0.0,0.0,1000.0,0.0,0.0,221.74637979074612,0.0,0.0,112.09617416325055,-1000.0,0.0,0.0,0.0,0.0,0.0,70.81668209158275,0.0,0.0,0.0,0.0,0.0,0.0,0.0,177.91931639352066,-95.61467398547306,0.0,0.0,225.28195718548676,0.0,0.0,80.36242445624929,0.0,0.0,112.09617416325055,0.0,-920.0677453612625,993.7555784787216,0.0,0.0,141.48990956166634,0.0,0.0,0.0,0.0,0.0,0.0,0.0,0.0,0.0,0.0,0.0,0.0,0.0,27.549953725251754,0.0,0.0,0.0,0.0,0.0,0.0,0.0,0.0,0.0,0.0,0.0,0.0,0.4591658954208626,0.0,0.0,221.74637979074612,-221.74637979074612,0.0,-957.5903713966853,0.0,0.0,13.774976862625877,0.0,0.0,0.0,0.0,0.0,0.0,0.0,0.0,0.0,0.0,855.6817109257885,-45.39304028484787,0.0,13.774976862625877,13.774976862625877,-25.246242978901584,-1000.0,0.0,70.81668209158275,0.0,0.0,0.0,0.0,0.0,70.85127253912285,0.0,186.9260467531221,0.04591658954208625,0.0,0.0,0.0,3.70284497092967,445.311887970964,0.0,-80.36242445624929,0.0,0.0,0.0,0.0,0.0,0.0,0.0,0.0,0.0,0.0,0.0,0.0,0.0,0.0,0.04591658954208625,0.0,0.0,0.0,0.0,0.0,0.0,0.0,0.0,0.0,-102.50046863672185,-51.66401624813989,0.0,-100.43942362984455,35.70129616959963,-3.4437442156564693,0.0,-2.2958294771043146,0.0,0.0,0.0,0.0,0.0,0.0,0.0,0.0,0.0,0.0,0.0,0.0,0.0,0.0,0.0,63.325881754185815,0.0,0.0,0.0,-0.04591658954208625,0.0,0.0,0.04591658954208625,0.0,0.04591658954208625,0.0,90.87583547943757,0.0,27.549953725251754,56.018239241345235,56.018239241345235,0.0,0.0,0.0,0.0,0.0,0.0,0.0,0.0,0.0,0.0,0.0,0.0,0.0,0.0,0.0,0.0,0.0,0.0,0.0,0.0,0.0,0.0,0.0,0.0,0.0,0.0,0.0,80.36242445624929,0.0,0.0,0.0,0.06887488431312937,0.0,0.0,0.0,-13.774976862625877,0.0,0.0,0.0,0.0,0.0,-228.3065916532491,2.2958294771043124,0.0,0.0,0.0,0.0,520.6352393486875,-847.8965601220156,-2.2958294771043146,0.0,-1000.0,0.0,0.0,0.0,0.0,0.0,0.0,0.0,0.0,-387.5541617207705,86.81668209158275,0.0,55.81668209158275,445.311887970964,0.0,-1000.0,100.43942362984455,899.5605763701554,27.84343714596332,-56.018239241345235,0.0,2.2958294771043146,571.3259177788889,0.0,0.0,0.0,-451.58020155283924,-360.3599682139892,360.3599682139892,-187.50000000000017,187.50000000000017,0.0,0.0,0.0,0.0,0.0,-6.887488431312931,0.0,56.018239241345235,0.0,673.8621578862112,673.8621578862112,-673.8621578862112,0.0,0.0,0.0,0.0,0.0,1.4785141832562658,0.0,0.0,238.63782430021848,-3.70284497092967,247.1739797519912,0.0,13.774976862625877,221.74637979074612,0.0,0.0,0.0,32.5596800459748,0.0,0.0,0.05050824849634029,0.0,0.0,0.0,28.009119620672617,0.0,0.0,0.0,0.0,-24.633364183165497,0.0,0.0,0.0,0.0,0.0,0.0,0.0,0.0,-1000.0,0.0,140.79210357515464,0.0045916589542087565,0.0,0.0,0.0,0.0,0.0,0.0,0.0,0.0,0.0,0.0,0.0,0.0,0.0,0.0,0.0,228.3065916532491,0.0,0.0,0.0,0.0,0.0,0.0,0.0,0.0,0.0,0.0,0.0,443.49275958149224,182.42231061668193,1000.0,-991.0794760127043,0.0,0.0,0.0,27.549953725251783,0.0,0.0,0.0,0.0,0.0,-349.39232651492864,321.84237278967686,0.0,443.49275958149224,0.0,0.0,0.0,0.0,0.0,0.0,0.0,0.0,0.0,0.0,-186.9260467531221,-1000.0,31.45286383632909,-13.774976862625877,0.0,0.0,-35.884962527768266,0.0,0.0,0.0,0.0,0.0,0.0,0.0,0.0,0.0,0.0,0.0,0.0,0.0,0.0,0.0,0.0,0.0,-5.739573692760784,0.0,-859.0771074024879,-3.4437442156564666,0.0,0.0,0.0,0.0,0.0,374.8726005191328,-375.44655788840885,35.930879117310326,0.0,0.0,0.0,0.0,0.0,0.0,0.0,1000.0,13.774976862625877,13.774976862625877,0.0,0.0,0.0,0.0,0.0,0.05050824849634029,228.3065916532491,0.0,0.0,35.884962527768266,140.78751191620043,0.0,0.0,0.0,0.0,0.0,0.0,0.0,0.0,0.0,0.0,0.0,0.0,0.0,0.0,0.0,0.0,14.23414275804674,0.0,48.21241901919057,225.28195718548676,0.0,0.0,0.0,0.0,0.0,228.3065916532491,0.0,847.8965601220156,0.0,0.0,0.0,-5.739573692760784,0.0,0.0,0.0,0.0,0.0,0.0,0.0,0.0,0.0,0.0,0.0,0.0,0.0,0.0,0.0,0.0,0.0,0.0,-0.04591658954208625,0.0,0.0,2.2958294771043124,-112.09617416325055,0.0,0.0,0.0,0.0,0.0,0.0,0.0,0.0,3.953418359573671,1.1479147385521562,0.0,0.0,90.87583547943757,0.04591658954208625,0.0,45.91658954208625,0.0,9.18331790841725,0.32797563958633036,156.57557033851413,-0.034437442156564683,930.11251107052,0.918331790841725,-0.22958294771072474,-156.57557033851413,13.774976862625875,-0.04591658954208625,0.0,70.81668209158275,0.011479147385521563,0.32797563958633036,0.0,-229.0563008458473,-0.918331790841725,-191.2743037277429,-0.04591658954208625,0.011479147385521563,-156.57557033851413,4.591658954208625,0.04591658954208625,0.04591658954208625,-228.21016681521067,-221.69587154224982,-23.584851051262262,-0.034437442156564683,13.774976862625877,0.04591658954208625,13.774976862625877,-22.95829477104313,-0.022958294771043126,-109.47656112128811,-85.0,-0.034437442156564683,-0.04591658954208625,0.0,0.04591658954208625,4.591658954208625,-0.918331790841725,80.36242445624929,80.36242445624929,-4.591658954208625,191.2743037277429,-80.36242445624929,9.18331790841725,0.06887488431312937,-1000.0,4.591658954208625,-177.91931639352066,70.81668209158275,-9.18331790841725,0.022958294771043126,0.4591658954208626,140.52390060546037,96.0,-0.04591658954208625,-238.63782430021848,228.21016681521067,14.23414275804674,0.04591658954208625,229.0563008458473,15.71677464107907,70.81668209158275,-0.04591658954208625,-0.011479147385521563,-70.81668209158275,-0.04591658954208625,-38.408341045791374,0.04591658954208625,-0.011479147385521563,-0.011479147385521563,-0.011479147385521563,18.3666358168345,22.95829477104313,0.4591658954208626,104.71106773267655,-0.011479147385521563,281.04780121092074,2.2958294771043124,21.5,0.04591658954208625,0.022958294771043126,0.022958294771043126,40.0,0.0,0.04591658954208625,0.0,0.4591658954208626,0.04591658954208625,-246.09629664403775,0.04591658954208625,0.18366635816863663,0.22958294771072474,0.022958294771043126,0.011479147385521563,13.774976862625877,-0.04591658954208625,23.584851051262262,0.4591658954208625,-209.4221354653531,928.9645963319679,-4.591658954208625,9.18331790841725,2.2958294771043124,-0.04591658954208625,0.0,0.06887488431312937,-0.04591658954208625,-80.0,0.0,127.22294208819898,0.022958294771043126,-43.0,-0.04591658954208625,-0.04591658954208625,-0.04591658954208625,0.022958294771043126,156.57557033851413,-9.18331790841725,0.04591658954208625,281.04780121092074,-0.011479147385521563,221.69587154224982,-281.04780121092074,6.887488431312938,85.0,707.3912939782805,156.57557033851413,-0.034437442156564683,238.63782430021848,-96.0,0.04591658954208625,-0.011479147385521565,2.2958294771043146,45.91658954208625,-0.022958294771043126,-0.04591658954208625,0.011479147385521563,0.0,0.0,617.3983303568567,141.3852289113612,-46.0,0.0,105.14296819124166,13.808733365648978,0.0,-32.0,-93.0,-65.0,-382.5787113483722,16.0,23.0,46.5,0.0,-6.904366682824489,-228.3065916532491,-159.78262213417378,382.5787113483722,65.0,-159.78262213417378,-105.14296819124166,42.417267297976984,0.0,1496.5981,hclb
89,0.0,0.0,0.0,0.0,0.0,0.0,0.0,0.0,-0.062256430815469485,0.0,0.0,0.0,0.0,0.0,0.0,0.0,500.0,-461.6782863994557,0.0,0.0,0.0,0.0,0.0,522.5411539327985,0.0,329.325206562098,0.0,0.0,0.0,596.6674705650314,0.0,0.0,0.0,0.0,0.0,0.0,0.0,78.63546988785549,0.0,-1000.0,1000.0,0.0,0.0,787.9615358666746,0.0,0.0,0.0,136.0259838466284,-1000.0,-726.8569920217407,0.0,0.0,0.0,0.06848207389707801,0.0,0.0,0.0,148.4772700097223,0.0,0.0,-5.482716340482692,0.0,5.482716340482692,0.0,0.0,0.0,0.0,0.0,0.0,0.0,0.0,0.622564308154695,0.0,0.0,0.0,0.0,0.0,0.0,0.0,0.0,0.0,0.0,0.0,0.0,37.35385848928169,0.0,0.0,978.6996951454605,394.6794981404089,0.0,-0.015564107703867371,0.0,0.0,201.90276538855198,18.676929244640846,0.0,18.676929244640846,0.0,0.0,0.0,0.0,3.1128215407734743,596.6674705650314,0.0,0.0,-7.981133946264159,0.0,0.0,0.0,0.0,0.0,0.0,0.0,0.0,0.0,0.0,0.0,0.0,0.0,0.0,0.0,0.0,0.0,0.0,-779.9633555602452,0.0,0.0,18.676929244640846,0.0,19.299493552795543,0.0,0.0,0.0,0.0,0.0,0.0,0.0,874.796530833287,-874.796530833287,0.0,0.0,0.0,0.0,0.0,0.0,4.793745172791148,0.062256430815469485,0.0,0.0,0.0,-1000.0,290.7154806169139,0.0,0.0,0.0,0.0,183.20281745319605,0.0,0.0,0.0,0.0,0.0,-212.45322173641978,-212.45322173641978,0.0,0.0,0.0,0.0,0.0,0.0,0.0,-212.3909653056043,0.0,0.0,0.0,-528.7490183871734,0.0,0.0,0.0,0.0,0.0,0.0,0.0,0.0,0.0,0.0,-89.53864613800545,0.0,0.0,0.0,0.0,-913.4233905171416,0.0,0.0,0.0,0.0,0.0,726.8569920217407,0.0,440.37798154491634,-440.37798154491634,0.0,0.0,0.0,0.0,0.0,0.0,0.0,0.0,110.35970982125384,0.0,0.0,0.0,0.0,0.0,0.0,0.0,0.0,0.0,0.0,0.0,0.0,0.0,264.44330006050154,691.1870917092738,-96.66747056503141,0.0,0.0,0.0,0.0,78.71210048763758,0.0,0.0,0.0,0.0,-5.482716340482692,-884.629006431706,0.0,0.0,0.0,0.0,0.0,0.0,0.0,0.0,2.004657072258179,0.0,0.0,0.0,45.69848340450744,0.0,419.07767669037685,0.0,96.66747056503141,0.0,0.0,0.0,0.0,0.0,0.0,0.0,357.154085391851,0.0,0.0,-1000.0,-1000.0,0.0,0.0,0.0,1000.0,835.0574796853252,0.0,0.0,726.8569920217407,0.0,94.98334148752231,0.0,0.0,0.0,0.0,0.0,0.0,0.0,787.4845218327648,0.0,0.0,0.0,0.0,0.0,0.0,-5.482716340482692,-0.09338464622320422,0.0,0.0,0.0,0.0,0.062256430815469485,0.0,0.0,0.0,814.0297037126049,500.0,0.0,-632.4660813962397,849.0374493833283,0.0,951.1282154077347,0.0,662.6163758840943,0.0,-7.981133946264159,0.0,0.0,0.0,-5.360278693211984,-657.2560971908823,0.0,165.93797923336987,-1000.0,0.0,0.0,0.0,0.0,0.0,0.0,0.0,0.0,0.0,0.0,0.0,0.0,0.0,0.0,0.0,0.0,0.0,0.0,0.0,-1000.0,0.0,921.1155043888817,0.0,0.0,0.0,338.54289862032135,-6.798402245049327,0.0,0.0,0.0,937.3505298275287,0.0,0.0,0.0,-134.55468407388202,0.0,657.2560971908823,-198.04396975059038,-29.15747243916409,-244.41981379018142,-776.759000130377,0.0,0.0,0.0,-1.5564107703867371,26.044650898390614,0.0,0.0,-40.46668003005517,1000.0,0.0,18.676929244640846,0.0,0.0,0.0,0.0,0.0,0.0,482.30078676328907,217.8574867027875,-217.8574867027875,-217.8574867027875,67.71775875724553,0.0,0.0,-1000.0,0.0,0.0,0.0,0.0,0.0,-10.965432680965383,0.0,625.0000000003198,67.5487138369061,0.0,0.0,0.0,0.0,-36.77435691845305,0.12451286163098055,0.0,0.0,0.0,0.0,0.0,0.0,0.0,26.75339003670128,0.0,0.0,0.0,0.0,0.0,0.0,0.0,0.0,0.0,0.0,0.0,0.06848207389707801,0.06848207389707801,0.0,347.9920138974077,0.0,37.35385848928169,0.0,17.612381961196633,0.0,1000.0,0.0,0.0,0.0,0.0,0.0,389.97150788442605,-1000.0,0.0,0.0,0.0,0.0,0.0,67.5487138369061,0.0,0.0,0.0,0.0,0.0,0.0,0.0,259.9877851867484,-814.0297037126049,709.284519383086,131.44186253310855,4.793745172791148,0.0,123.1906649009144,78.71210048763758,0.0,0.0,389.97150788442605,0.0,0.0,353.197150965973,-875.0000000001812,875.0000000001812,264.44330006050154,0.0,0.0,0.0,0.0,0.0,0.0,0.0,0.0,0.0,0.0,0.0,0.0,0.0,37.35385848928169,0.0,0.0,0.0,0.0,0.0,0.0,0.0,0.0,0.0,0.0,0.0,0.0,0.622564308154695,0.0,0.0,0.0,0.0,0.0,0.0,0.0,0.0,18.676929244640846,0.0,0.0,0.0,0.0,131.44186253310855,0.0,0.0,0.0,0.0,0.0,528.8913098759764,0.0,0.0,18.676929244640846,18.676929244640846,643.6914695468046,-1000.0,0.0,67.5487138369061,0.0,0.0,0.0,0.0,0.0,-370.481112015083,0.0,0.0,0.062256430815469485,0.0,0.0,0.0,82.21851066765825,20.812089025924735,26.75339003670128,-201.90276538855198,0.0,0.0,0.0,0.0,0.0,0.0,0.0,0.0,0.0,0.0,0.0,0.0,0.0,0.0,0.062256430815469485,0.0,0.0,0.0,669.408080562723,-669.408080562723,0.0,0.0,0.0,921.1155043888817,0.0,785.7330183807688,0.0,-792.5314206258182,-1000.0,-4.669232311160212,-3.112821540773477,0.0,0.0,0.0,0.0,0.0,0.0,0.0,0.0,0.0,0.0,0.0,0.0,0.0,0.0,0.0,0.0,-37.3538584892817,0.0,0.0,0.0,-0.062256430815469485,0.0,0.0,0.062256430815469485,0.0,0.062256430815469485,0.0,0.0,0.0,37.35385848928169,75.95284559487278,75.95284559487278,0.0,0.0,0.0,0.0,0.0,0.0,0.0,709.284519383086,0.0,0.0,0.0,0.0,0.0,0.0,0.0,0.0,0.0,0.0,0.0,0.0,0.0,0.0,0.0,0.0,0.0,0.0,0.0,78.71210048763758,0.0,-329.325206562098,329.325206562098,0.09338464622320422,0.0,0.0,0.0,-18.676929244640846,0.0,0.0,0.0,0.0,0.0,-347.9920138974077,3.1128215407734743,0.0,0.0,0.0,0.0,0.0,-872.0228728115251,0.0,0.0,625.0000000003198,0.0,0.0,0.0,0.0,0.0,0.0,0.0,0.0,14.436573259103014,83.5487138369061,0.0,761.8332332199922,12.830955079660573,0.0,-878.8212750565744,792.5314206258182,86.28985443075624,0.0,-75.95284559487278,17.612381961196633,3.112821540773477,626.5922934594876,0.0,0.0,0.0,-10.965432680965383,0.0,0.0,0.0,0.0,0.0,0.0,0.0,0.0,0.0,442.19989234657334,-361.9997108308883,75.95284559487278,0.0,0.0,0.0,0.0,0.0,0.0,0.0,0.0,0.0,2.004657072258179,0.0,0.0,0.0,-82.21851066765825,0.0,0.0,18.676929244640846,0.0,0.0,0.0,0.0,50.60312256162652,0.0,0.0,0.06848207389707801,0.0,0.0,0.0,37.97642279743639,0.0,0.0,0.0,0.0,691.1870917092738,0.0,0.0,0.0,0.0,0.0,0.0,0.0,0.0,-503.29134996614187,0.0,0.006225643081546949,0.006225643081546949,0.0,0.0,0.0,0.0,0.0,0.0,0.0,0.0,0.0,0.0,0.0,0.0,0.0,0.0,0.0,347.9920138974077,0.0,0.0,0.0,0.0,0.0,0.0,0.0,726.8569920217407,0.0,0.0,0.0,0.0,0.0,0.0,-461.6782863994557,0.0,0.0,0.0,37.35385848928169,0.0,0.0,0.0,0.0,0.0,0.0,-37.35385848928169,0.0,0.0,0.0,0.0,0.0,0.0,0.0,0.0,0.0,0.0,0.0,0.0,0.0,392.1243377833183,42.64565510859661,61.75788658957515,-80.434815834216,0.0,999.7509742767372,0.0,0.0,0.0,0.0,0.0,0.0,0.0,0.0,0.0,0.0,0.0,0.0,0.0,0.0,0.0,0.0,17.612381961196633,-7.782053851933689,0.0,-4.669232311160212,357.3304785197281,0.0,0.0,0.0,0.0,0.0,0.0,-0.7782053851933687,10.965432680965383,0.0,0.0,0.0,0.0,0.0,0.0,0.0,1000.0,18.676929244640846,18.676929244640846,0.0,0.0,0.0,0.0,0.0,0.06848207389707801,347.9920138974077,0.0,0.0,-999.7509742767372,0.0,0.0,0.0,0.0,0.0,0.0,0.0,0.0,0.0,0.0,0.0,0.0,0.0,0.0,0.0,0.0,0.0,0.0,0.0,65.36925235624295,4.793745172791148,0.0,0.0,0.0,0.0,0.0,347.9920138974077,0.0,868.9100512707516,0.0,0.0,0.0,-7.782053851933689,0.0,0.0,0.0,0.0,0.0,0.0,0.0,0.0,0.0,0.0,0.0,0.0,0.0,0.0,0.0,0.0,0.0,0.0,-0.062256430815469485,0.0,0.0,3.1128215407734743,-389.97150788442605,0.0,0.0,0.0,0.0,0.0,0.0,0.0,0.0,5.360278693211984,1.5564107703867371,0.0,0.0,329.325206562098,0.062256430815469485,0.0,62.256430815469486,-19.299493552795543,12.451286163093897,0.44468879153906776,173.6954419751599,-0.04669232311160211,3.1128215407734645,1.2451286163093898,-0.311282154078245,-173.6954419751599,18.676929244640846,-0.062256430815469485,2.660377982088053,67.5487138369061,0.015564107703867371,0.44468879153906776,-7.981133946264159,-9.911223785822813,-1.2451286163093898,-38.321713600544285,-0.062256430815469485,0.015564107703867371,-173.6954419751599,6.225643081546949,0.062256430815469485,0.062256430815469485,-347.8612753926951,0.06848207389701644,0.0,-0.04669232311160211,18.676929244640846,0.062256430815469485,18.67692924464085,-31.128215407734743,-0.031128215407734743,-167.24054956066772,-85.0,-0.04669232311160211,-0.062256430815469485,-19.299493552795543,0.062256430815469485,6.225643081546949,-1.2451286163093898,78.71210048763758,78.71210048763758,-6.225643081546949,38.321713600544285,-78.71210048763758,12.451286163093897,0.09338464622320422,-1000.0,6.225643081546949,-259.9877851867484,67.5487138369061,-12.451286163093897,0.031128215407734743,0.622564308154695,158.11652034905993,96.0,-0.062256430815469485,-361.9997108308883,347.8612753926951,19.299493552795543,0.062256430815469485,9.911223785822813,-7.159003141657337,67.5487138369061,-0.062256430815469485,-0.015564107703867371,-67.5487138369061,-0.062256430815469485,-36.77435691845305,0.062256430815469485,-0.015564107703867371,-0.015564107703867371,-0.015564107703867371,24.902572326187794,31.128215407734743,0.622564308154695,273.2282991550474,-0.015564107703867371,313.5726627160318,3.1128215407734743,21.5,0.062256430815469485,0.031128215407734743,0.031128215407734743,40.0,19.299493552795543,0.062256430815469485,-19.299493552795543,0.622564308154695,0.062256430815469485,-727.4364311043167,0.062256430815469485,0.2490257232627755,0.311282154078245,0.031128215407734743,0.015564107703867371,18.676929244640846,-0.062256430815469485,0.0,0.6225643081546949,-546.4565983100948,1.5564107703867478,-6.225643081546949,12.451286163093897,3.1128215407734743,-0.062256430815469485,7.981133946264159,0.09338464622320423,-0.062256430815469485,-80.0,19.299493552795543,211.9316789554176,0.031128215407734743,-43.0,-0.062256430815469485,-0.062256430815469485,-0.062256430815469485,0.031128215407734743,173.6954419751599,-12.451286163093897,0.062256430815469485,316.23304069811985,-0.015564107703867371,-0.06848207389701644,-316.23304069811985,9.338464622320423,85.0,791.8219652349089,173.6954419751599,-0.04669232311160211,361.9997108308883,-96.0,0.062256430815469485,-0.015564107703867368,940.4633513683021,62.256430815469486,-0.031128215407734743,-0.062256430815469485,0.015564107703867371,0.0,0.0,164.91139209926703,454.20813194926933,-46.0,0.0,195.3290694094219,11.455087958638638,0.0,-32.0,-93.0,-65.0,-835.0574796853252,16.0,23.0,46.5,0.0,-5.727543979319319,-347.9920138974077,-262.5348015170441,835.0574796853252,65.0,-262.5348015170441,-195.3290694094219,98.13121473476615,0.0,1496.5981,hclb
90,0.0,0.0,0.0,0.0,0.0,0.0,0.0,0.0,-0.04979205227410094,0.0,0.0,0.0,0.0,0.0,0.0,0.0,-143.6550861425004,85.4328071754764,0.0,0.0,0.0,0.0,0.0,0.0,0.0,0.0,0.0,0.0,0.0,-143.6550861425004,145.24994964151094,-145.24994964151094,7.259465505631596,0.0,0.0,0.0,0.0,39.696401792233814,0.0,-1000.0,1000.0,0.0,0.0,0.0,0.0,0.0,205.63131475065416,0.0,287.3101722850008,-238.29824605915783,0.0,0.0,0.0,0.054771257501528225,0.0,0.0,0.0,0.0,0.0,0.0,-52.80166995077565,0.0,402.49893417843435,349.6972642276587,0.0,0.0,0.0,0.0,0.0,0.0,0.0,0.4979205227410094,0.0,0.0,0.0,0.0,0.0,0.0,0.0,0.0,0.0,0.0,0.0,0.0,29.87523136446056,0.0,0.0,0.0,-555.0244730772494,1000.0,-0.012448013068525235,0.0,0.0,1000.0,14.93761568223028,0.0,14.93761568223028,0.0,0.0,0.0,0.0,2.489602613705047,-573.6269755803269,0.0,0.0,-22.640130139110752,0.0,0.0,0.0,0.0,0.0,0.0,0.0,0.0,0.0,0.0,0.0,0.0,0.0,0.0,0.0,0.0,0.0,0.0,-461.2715688301804,0.0,0.0,14.93761568223028,0.0,15.435536204971289,0.0,0.0,-212.7822908452203,525.2822908452206,-312.5000000000003,312.5000000000003,0.0,0.0,0.0,0.0,0.0,0.0,0.0,0.0,0.0,3.833988025105788,0.04979205227410094,0.0,0.0,0.0,0.0,0.0,0.0,0.0,0.0,0.0,219.39557796371432,0.0,0.0,0.0,0.0,0.0,600.7145021563192,600.7145021563192,0.0,0.0,0.0,0.0,0.0,0.0,0.0,746.0142438501043,0.0,0.0,0.0,-1000.0,-922.1668493542284,0.0,0.0,0.0,0.0,0.0,0.0,0.0,0.0,0.0,0.0,0.0,0.0,0.0,0.0,-276.2314225076421,0.0,0.0,0.0,0.0,0.0,238.29824605915783,0.0,201.87736510952436,-201.87736510952436,0.0,0.0,0.0,0.0,0.0,0.0,0.0,429.97188943782646,667.6718020425486,0.0,0.0,0.0,0.0,0.0,0.0,0.0,0.0,0.0,0.0,0.0,0.0,0.0,383.7903809186629,-23.083179090359625,0.0,0.0,0.0,0.0,0.0,79.97100272031581,0.0,0.0,0.0,0.0,-52.80166995077565,0.0,145.24994964151094,0.0,0.0,0.0,0.0,0.0,0.0,0.0,177.37068161741433,9.958410454820187,0.0,0.0,856.2702257790884,99.36838759231466,489.1875373945252,0.0,0.0,0.0,0.0,0.0,-939.2536962255969,0.0,0.0,0.0,-125.0633556312772,0.0,0.0,-247.58524996838258,-128.34609725354937,0.0,-1000.0,880.760847285167,-752.4147500316176,-353.147107967725,0.0,0.0,238.29824605915783,0.0,58.948823124425815,0.0,0.0,0.0,0.0,0.0,0.0,0.0,951.5459744962102,0.0,0.0,36.61079604666848,0.0,0.0,0.0,-52.80166995077565,-0.07468807841115141,0.0,0.0,0.0,0.0,0.04979205227410094,0.0,0.0,0.0,3.952122487681663,-143.6550861425004,0.0,-644.9855371967565,122.07085579576814,922.1668493542284,944.8960261370505,0.0,0.0,0.0,-22.640130139110752,0.0,0.0,0.0,943.239113538339,56.760886461661016,-1000.0,-817.7913552675302,-129.4087888826321,0.0,0.0,0.0,0.0,0.0,0.0,0.0,0.0,0.0,0.0,0.0,0.0,0.0,0.0,0.0,0.0,0.0,-960.1044299986709,0.0,-1000.0,0.0,0.0,30.517427892677915,0.0,0.0,0.0,-35.954720001009186,0.0,0.0,0.0,0.0,0.0,943.239113538339,812.3721063546461,-698.4705100403343,0.0,-1000.0,0.0,-327.701251162129,820.3753482065521,-834.9465558327681,-812.3721063546461,695.9809074266292,0.0,-1.2448013068525234,325.2116485484239,-320.0747034349876,0.0,0.0,7.492556438581573,397.60705545966084,14.93761568223028,0.0,0.0,0.0,60.64425092660795,0.0,0.0,383.7903809186629,0.0,0.0,0.0,45.03746875768262,0.0,0.0,0.0,0.0,0.0,429.97188943782646,0.0,0.0,-105.60333990155128,0.0,0.0,70.04158954517982,0.0,0.0,0.0,0.0,-38.02079477258991,0.09958410454825282,0.0,0.0,0.0,0.0,0.0,0.0,0.0,0.0,0.0,0.0,0.0,0.0,0.0,0.0,0.0,0.0,0.0,0.0,0.0,0.054771257501528225,0.054771257501528225,145.24994964151094,469.8319704638427,0.0,29.87523136446056,0.0,0.0,0.0,-348.6256537701335,0.0,0.0,0.0,0.0,0.0,333.5220484048122,348.6256537701335,0.0,0.0,311.6081214229148,0.0,0.0,70.04158954517982,0.0,0.0,0.0,0.0,0.0,0.0,0.0,153.75718961006012,-3.952122487681663,0.0,0.0,3.833988025105788,0.0,920.0289972796842,79.97100272031581,0.0,0.0,333.5220484048122,0.0,295.5012536322223,0.0,0.0,0.0,383.7903809186629,0.0,0.0,0.0,0.0,0.0,0.0,0.0,0.0,0.0,0.0,0.0,0.0,0.0,29.87523136446056,0.0,0.0,0.0,0.0,0.0,0.0,0.0,0.0,0.0,0.0,0.0,0.0,0.4979205227410094,0.0,145.24994964151094,0.0,0.0,145.24994964151094,0.0,0.0,0.0,14.93761568223028,-311.6081214229148,0.0,0.0,0.0,0.0,0.0,0.0,0.0,0.0,0.0,168.55966244183176,-263.90411401783956,0.0,14.93761568223028,14.93761568223028,-618.8542190316314,348.6256537701335,0.0,70.04158954517982,0.0,0.0,0.0,0.0,0.0,391.4183308478571,429.97188943782646,325.4304437538919,0.04979205227410094,0.0,0.0,0.0,65.75751817827515,0.0,0.0,-1000.0,0.0,0.0,0.0,0.0,0.0,0.0,0.0,0.0,0.0,0.0,0.0,0.0,0.0,0.0,0.04979205227410094,0.0,0.0,0.0,-401.1128349562316,401.1128349562316,0.0,0.0,0.0,0.0,0.0,-5.43729210833127,0.0,0.0,-39.89557000132913,-3.73440392055757,-2.489602613705047,0.0,0.0,437.5,437.5,-437.5,0.0,0.0,0.0,0.0,0.0,0.0,0.0,0.0,922.1668493542284,0.0,0.0,400.0966580733659,0.0,0.0,0.0,-0.04979205227410094,0.0,0.0,0.04979205227410094,0.0,0.04979205227410094,0.0,0.0,0.0,29.87523136446056,60.74630377440314,60.74630377440314,0.0,0.0,0.0,0.0,0.0,0.0,0.0,0.0,0.0,429.97188943782646,0.0,0.0,947.5262092391391,0.0,0.0,0.0,0.0,0.0,0.0,0.0,0.0,0.0,0.0,0.0,0.0,0.0,0.0,79.97100272031581,0.0,0.0,0.0,0.07468807841115141,0.0,0.0,0.0,-14.93761568223028,0.0,0.0,0.0,0.0,0.0,-469.8319704638427,2.489602613705047,0.0,0.0,0.0,0.0,0.0,35.954720001009186,0.0,0.0,0.0,0.0,0.0,0.0,0.0,0.0,0.0,0.0,311.6081214229148,-172.80620595485317,86.04158954517982,0.0,55.04158954517981,-22.640130139110752,0.0,0.0,0.0,0.0,0.0,-1000.0,0.0,2.489602613705047,806.4782096314798,0.0,0.0,-145.24994964151094,-105.60333990155128,0.0,0.0,0.0,0.0,0.0,0.0,0.0,0.0,0.0,48.739386840303226,-56.20819468141846,60.74630377440314,0.0,0.0,0.0,145.24994964151094,0.0,0.0,0.0,0.0,0.0,177.37068161741433,0.0,0.0,424.82698754409705,-65.75751817827515,0.0,0.0,14.93761568223028,0.0,0.0,0.0,0.0,67.04889684696582,0.0,0.0,0.054771257501528225,0.0,0.0,0.0,30.37315188720157,0.0,0.0,0.0,0.0,-23.083179090359625,0.0,0.0,0.0,0.0,0.0,0.0,0.0,0.0,0.0,0.0,0.004979205227410094,0.004979205227410094,0.0,0.0,0.0,0.0,0.0,0.0,0.0,0.0,0.0,0.0,145.24994964151094,0.0,0.0,0.0,0.0,469.8319704638427,0.0,0.0,0.0,0.0,0.0,0.0,0.0,238.29824605915783,0.0,0.0,0.0,0.0,0.0,0.0,85.4328071754764,0.0,0.0,0.0,29.87523136446056,0.0,0.0,0.0,0.0,0.0,0.0,-29.87523136446056,0.0,0.0,0.0,0.0,0.0,0.0,0.0,0.0,0.0,145.24994964151094,145.24994964151094,0.0,545.160767363476,-1000.0,981.6337650468982,0.0,-14.93761568223028,0.0,39.696401792233814,0.0,0.0,0.0,0.0,0.0,0.0,0.0,0.0,0.0,0.0,0.0,0.0,0.0,0.0,0.0,0.0,0.0,-6.224006534262617,0.0,-3.73440392055757,1000.0,0.0,0.0,0.0,0.0,0.0,0.0,-0.6224006534262617,105.60333990155128,0.0,0.0,0.0,0.0,0.0,0.0,0.0,1000.0,14.93761568223028,14.93761568223028,0.0,0.0,0.0,0.0,0.0,0.054771257501528225,469.8319704638427,0.0,0.0,-39.696401792233814,0.0,0.0,0.0,0.0,0.0,0.0,0.0,0.0,0.0,0.0,0.0,0.0,0.0,0.0,0.0,0.0,0.0,0.0,0.0,52.28165488780598,3.833988025105788,0.0,0.0,0.0,0.0,0.0,469.8319704638427,0.0,-7.926894722036309,0.0,0.0,0.0,-6.224006534262617,0.0,0.0,0.0,0.0,0.0,0.0,0.0,0.0,0.0,0.0,0.0,0.0,0.0,0.0,0.0,0.0,0.0,0.0,-0.04979205227410094,0.0,0.0,2.489602613705047,-333.5220484048122,0.0,0.0,0.0,0.0,0.0,0.0,0.0,0.0,-943.239113538339,1.2448013068525234,0.0,0.0,0.0,0.04979205227410094,0.0,49.79205227410093,-15.435536204971289,9.958410454820187,0.3556575162435781,138.9198258447416,-0.037344039205575705,2.489602613705033,0.9958410454820188,-0.24896026136942,-138.9198258447416,14.937615682230282,-0.04979205227410101,7.546710046370251,70.04158954517982,0.012448013068525235,0.3556575162435781,-22.640130139110752,-7.926894722036309,144.2541085960289,58.22227896702401,-0.04979205227410094,0.012448013068525235,-138.9198258447416,4.979205227410094,0.04979205227410101,0.04979205227410094,-469.72740715406707,0.05477125750151103,0.0,-0.037344039205575705,14.93761568223028,0.04979205227410094,14.93761568223028,-24.89602613705047,-0.02489602613705047,-174.1153176854928,-85.0,-0.037344039205575705,-0.04979205227410094,-15.435536204971289,0.04979205227410094,4.979205227410094,-0.9958410454820188,79.97100272031581,79.97100272031581,-4.979205227410094,-58.22227896702401,-79.97100272031581,9.958410454820187,0.07468807841115141,-498.2356025550819,4.979205227410094,-153.75718961006012,70.04158954517982,-9.958410454820187,0.02489602613705047,0.4979205227410094,161.24638429918912,96.0,-0.04979205227410094,-481.03518222551554,469.72740715406707,15.435536204971289,0.04979205227410094,7.926894722036309,10.291126816258735,70.04158954517982,-0.04979205227410094,-0.012448013068525235,-70.04158954517982,-0.04979205227410094,-38.02079477258991,0.04979205227393041,-0.012448013068525235,-0.012448013068525235,-0.012448013068525235,19.916820909640375,24.89602613705047,0.4979205227410094,36.889686728572585,-0.012448013068525235,314.94605855200797,2.489602613705047,21.5,0.04979205227410094,0.02489602613705047,0.02489602613705047,40.0,15.435536204971289,0.04979205227410094,-15.435536204971289,0.4979205227410094,0.04979205227410094,-36.889686728572585,0.04979205227410094,0.19916820909531907,0.24896026136942,0.02489602613705047,0.012448013068525235,14.93761568223028,-0.04979205227410094,0.0,-72.12705429801446,-73.77937345714517,1.244801306852537,-4.979205227410094,9.958410454820187,2.489602613705047,-0.04979205227410094,22.640130139110752,0.07468807841115141,-0.04979205227410094,-80.0,15.435536204971289,149.0806740490594,0.02489602613705047,-43.0,-0.04979205227410094,-0.04979205227393041,-0.04979205227410094,0.02489602613705047,138.9198258447416,-9.958410454820187,0.04979205227410094,322.49276859837823,-0.012448013068525235,-0.05477125750151103,-322.49276859837823,7.468807841115139,85.0,295.4002908686118,138.9198258447416,-0.037344039205575705,481.03518222551554,-96.0,0.04979205227410094,-0.012448013068525235,2.489602613705047,49.79205227410093,-0.02489602613705047,-0.04979205227410094,0.012448013068525235,0.0,0.0,-148.64218550333013,0.0,-46.0,0.0,102.02709907094702,-31.0,0.0,-32.0,-93.0,-65.0,-646.852892032275,16.0,23.0,46.5,0.0,15.5,-469.8319704638427,-216.12957089602523,646.852892032275,65.0,-216.12957089602523,-102.02709907094702,43.37838351363909,0.0,1496.5981,hclb
91,0.0,0.0,0.0,0.0,0.0,0.0,0.0,0.0,-0.05988274902762519,0.0,0.0,0.0,0.0,0.0,0.0,0.0,-282.38769790869094,498.49685425477725,0.0,0.0,0.0,0.0,0.0,75.73595932970869,0.0,0.0,0.0,0.0,0.0,-717.6123020913091,0.0,0.0,29.67659124648953,0.0,0.0,0.0,0.0,999.7604690038895,0.0,-1000.0,982.0351752917124,0.0,0.0,1000.0,0.0,0.0,682.5037582282997,0.0,0.0,0.0,0.0,0.0,0.0,0.06587102393034057,0.0,0.0,0.0,0.0,0.0,0.0,-5.273674097699121,0.0,5.273674097699121,0.0,0.0,0.0,0.0,0.0,324.0094866897063,156.9623524708342,0.0,0.598827490276252,0.0,0.0,0.0,0.0,0.0,0.0,0.0,0.0,0.0,0.0,0.0,0.0,35.929649416575124,0.0,0.0,300.3457882409706,-482.1117095065413,782.457497747512,-0.014970687256906298,0.0,0.0,0.0,17.964824708287562,0.0,17.964824708287562,-1.9282245186883828,540.9266061985576,0.0,0.0,2.9941374513812598,-764.665131472927,0.0,0.0,0.0,0.0,0.0,0.0,0.0,0.0,0.0,0.0,0.0,0.0,0.0,0.0,0.0,0.0,0.0,0.0,0.0,0.0,0.0,-556.4309109009776,0.0,0.0,17.964824708287562,0.0,18.563652198563812,0.0,0.0,-625.0740053530528,625.0740053530528,0.0,0.0,-1000.0,1000.0,-1000.0,1000.0,0.0,0.0,0.0,0.0,0.0,4.6109716751271375,0.05988274902762519,0.0,0.0,0.0,377.8780383826406,-1000.0,0.0,0.0,49.70006898207626,0.0,280.08247624117047,0.0,0.0,0.0,0.0,0.0,317.5561245207279,317.5561245207279,0.0,0.0,0.0,0.0,-1000.0,0.0,0.0,317.6160072697555,0.0,0.0,0.0,-1000.0,-922.5431037844146,0.0,0.0,0.0,0.0,0.0,0.0,0.0,0.0,0.0,-385.31472102829446,0.0,0.0,0.0,0.0,-1000.0,0.0,0.0,0.0,0.0,0.0,0.0,0.0,-300.3457882409706,300.3457882409706,0.0,0.0,0.0,0.0,0.0,0.0,0.0,47.05282938161798,830.1163239504853,0.0,0.0,0.0,0.0,0.0,0.0,0.0,0.0,0.0,0.0,0.0,0.0,0.0,86.16739672231223,603.0750612284095,1000.0,0.0,0.0,0.0,0.0,78.95184234820985,0.0,0.0,0.0,0.0,-5.273674097699121,0.0,0.0,0.0,750.6182559847718,0.0,0.0,0.0,0.0,0.0,0.0,11.976549805525039,0.0,0.0,181.76592126557068,0.0,0.0,0.0,-1000.0,0.0,0.0,0.0,-276.34774601053164,0.0,0.0,0.0,-29.561597746976304,0.0,0.0,-1000.0,0.0,0.0,-1000.0,0.0,0.0,-782.457497747512,0.0,-102.19472222716394,0.0,0.0,88.12102743886447,0.0,0.0,0.0,-328.586311184008,0.0,328.586311184008,0.0,1000.0,0.0,0.0,163.00188352187735,0.0,0.0,0.0,-5.273674097699121,-0.08982412354143779,0.0,0.0,0.0,0.0,0.05988274902762519,0.0,0.0,0.0,903.0833329435026,-282.38769790869094,0.0,-632.1652264971502,217.19489924189364,922.5431037844146,1000.0,0.0,0.0,0.0,0.0,0.0,0.0,0.0,-5.155904691278482,5.155904691278482,0.0,-734.1996021848666,-1000.0,0.0,0.0,0.0,0.0,0.0,0.0,0.0,0.0,0.0,0.0,0.0,0.0,0.0,0.0,0.0,0.0,750.6182559847718,0.0,0.0,-1000.0,0.0,0.0,0.0,0.0,0.0,0.0,127.16748001166894,0.0,540.9266061985576,0.0,448.1503337732175,0.0,0.0,0.0,-2.9941374513812598,0.0,-329.1653913809848,0.0,-2.9941374513812598,0.0,-528.7824553389148,0.0,0.0,0.0,-1.4970687256906299,0.0,0.0,0.0,336.65073500943794,0.0,152.45014666476416,17.964824708287562,0.0,0.0,0.0,558.9375302098631,0.0,0.0,0.0,-86.16739672231223,86.16739672231223,86.16739672231223,-477.9140800153881,0.0,0.0,0.0,0.0,0.0,47.05282938161798,0.0,0.0,-10.547348195398243,0.0,875.0000000000008,0.0,0.0,0.0,0.0,0.0,-37.01172509723748,0.11976549805518401,0.0,0.0,0.0,0.0,0.0,0.0,0.0,0.0,0.0,0.0,0.0,0.0,0.0,0.0,0.0,0.0,0.0,0.0,0.0,0.06587102393034057,0.06587102393034057,0.0,170.1908469167872,0.0,35.929649416575124,0.0,0.0,0.0,1000.0,0.0,0.0,0.0,0.0,0.0,-79.33631552369734,-1000.0,0.0,0.0,253.93371722318236,0.0,0.0,0.0,0.0,0.0,0.0,0.0,0.0,0.0,0.0,185.47697030032586,-903.0833329435026,622.1219616173594,0.0,4.6109716751271375,0.0,0.0,0.0,-78.95184234820985,0.0,-79.33631552369734,0.0,0.0,-116.34804062093482,0.0,0.0,86.16739672231223,0.0,0.0,0.0,0.0,0.0,0.0,0.0,0.0,0.0,0.0,0.0,0.0,0.0,35.929649416575124,0.0,0.0,0.0,0.0,0.0,0.0,0.0,0.0,0.0,0.0,0.0,0.0,0.598827490276252,0.0,0.0,0.0,0.0,0.0,0.0,0.0,0.0,17.964824708287562,-253.93371722318236,0.0,0.0,0.0,0.0,0.0,0.0,0.0,0.0,0.0,-177.91622479935293,0.0,0.0,17.964824708287562,17.964824708287562,-162.45625576710398,-1000.0,0.0,0.0,0.0,0.0,0.0,0.0,0.0,498.86473365779364,47.05282938161798,482.12203638599726,0.05988274902762519,0.0,0.0,79.0837247694116,0.0,0.0,0.0,0.0,0.0,0.0,0.0,0.0,0.0,0.0,0.0,0.0,0.0,0.0,0.0,0.0,0.0,0.0,0.05988274902762519,0.0,0.0,0.0,0.0,0.0,0.0,0.0,0.0,0.0,0.0,668.0940862102265,-49.70006898207626,0.0,-1000.0,-4.4912061770718905,-2.9941374513812593,0.0,0.0,812.5,812.5,-812.5,0.0,0.0,0.0,0.0,0.0,0.0,0.0,0.0,922.5431037844146,0.0,0.0,492.09501912558335,0.0,0.0,0.0,-0.05988274902762519,0.0,0.0,0.05988274902762519,0.0,0.05988274902762519,0.0,480.97183916054047,0.0,35.929649416575124,73.05695381370275,73.05695381370275,0.0,0.0,0.0,0.0,0.0,0.0,0.0,622.1219616173594,0.0,47.05282938161798,0.0,0.0,0.0,0.0,0.0,0.0,0.0,0.0,0.0,0.0,0.0,0.0,0.0,0.0,0.0,0.0,0.0,78.95184234820985,0.0,0.0,0.0,0.08982412354143779,0.0,0.0,0.0,-17.964824708287562,0.0,0.0,0.0,0.0,0.0,-170.1908469167872,2.9941374513812598,0.0,0.0,0.0,0.0,1000.0,-668.0940862102265,0.0,0.0,875.0000000000008,0.0,0.0,0.0,0.0,0.0,0.0,0.0,253.93371722318236,-401.468774365997,84.02345019447496,0.0,675.1454118118344,0.0,0.0,-540.9266061985576,540.9266061985576,0.0,49.70006898207626,-349.40469982423417,0.0,2.9941374513812593,1000.0,0.0,0.0,0.0,-10.547348195398243,0.0,0.0,0.0,0.0,0.0,-131.77845168679607,0.0,0.0,0.0,559.9967741221535,-183.6644654480029,73.05695381370275,0.0,0.0,0.0,0.0,0.0,0.0,0.0,0.0,0.0,0.0,0.0,0.0,0.0,-79.0837247694116,-204.30498374465992,0.0,17.964824708287562,0.0,0.0,0.0,0.0,111.28656240186066,0.0,0.0,0.06587102393034057,0.0,0.0,0.0,36.528476906851374,0.0,0.0,0.0,0.0,603.0750612284095,0.0,0.0,0.0,0.0,0.0,0.0,0.0,0.0,480.47329813461863,0.0,0.005988274902762691,0.005988274902762691,0.0,0.0,0.0,0.0,0.0,0.0,0.0,0.0,0.0,79.0837247694116,0.0,0.0,0.0,0.0,0.0,170.1908469167872,0.0,0.0,0.0,0.0,0.0,0.0,0.0,0.0,0.0,0.0,0.0,0.0,-666.9701180445458,0.0,498.49685425477725,0.0,0.0,0.0,35.929649416575124,0.0,0.0,0.0,0.0,0.0,361.8890694236824,-397.8187188402575,0.0,0.0,0.0,0.0,0.0,0.0,0.0,0.0,0.0,0.0,0.0,0.0,-1000.0,-1000.0,41.01968308392327,0.0,-17.964824708287562,0.0,999.7604690038895,0.0,0.0,0.0,0.0,0.0,0.0,0.0,0.0,0.0,531.25,0.0,-531.2499999999999,-531.2499999999999,0.0,0.0,0.0,0.0,-7.485343628453149,0.0,-4.4912061770718905,179.173259270931,0.0,0.0,0.0,0.0,0.0,-0.748534362845315,0.0,60.2474171774745,0.0,0.0,0.0,0.0,0.0,0.0,0.0,482.12203638599726,17.964824708287562,17.964824708287562,0.0,0.0,0.0,0.0,0.0,0.06587102393034057,170.1908469167872,0.0,0.0,-999.7604690038895,0.0,0.0,0.0,0.0,0.0,0.0,0.0,0.0,0.0,0.0,0.0,0.0,0.0,0.0,240.48591958027023,0.0,0.0,0.0,0.0,62.87688647900647,0.0,0.0,4.6109716751271375,0.0,0.0,0.0,170.1908469167872,0.0,663.1717242401568,0.0,0.0,0.0,-7.485343628453149,0.0,0.0,0.0,0.0,0.0,0.0,0.0,0.0,0.0,0.0,0.0,0.0,0.0,0.0,0.0,0.0,0.0,0.0,-0.05988274902762519,0.0,0.0,2.9941374513812598,79.33631552369734,0.0,0.0,0.0,0.0,0.0,0.0,0.0,0.0,5.155904691278482,1.4970687256906299,0.0,0.0,0.0,0.05988274902762519,0.0,59.882749027625195,-18.563652198563812,11.976549805525039,0.42773392162589424,167.0728697870743,-0.044912061770718895,2.9941374513812598,1.1976549805525039,-0.29941374513811375,-167.0728697870743,17.96482470828756,-0.05988274902762519,0.0,0.0,0.014970687256906298,0.42773392162589424,0.0,-9.533333645196876,-1.1976549805525039,-216.1091563460863,-0.05988274902762519,0.014970687256906298,-167.0728697870743,5.9882749027625195,0.05988274902762519,0.05988274902762519,-170.06509314382924,0.06587102393038788,-66.68831634372697,-0.044912061770718895,17.964824708287562,0.05988274902762519,17.964824708287562,-29.9413745138126,-0.029941374513812596,-213.3941598974435,-85.0,-0.044912061770718895,-0.05988274902762519,-18.563652198563812,0.05988274902762519,5.9882749027625195,-1.1976549805525039,78.95184234820985,78.95184234820985,-5.9882749027625195,216.1091563460863,-78.95184234820985,11.976549805525039,0.08982412354143779,214.21498189846488,5.9882749027625195,-185.47697030032586,0.0,-11.976549805525039,0.029941374513812596,0.598827490276252,158.04130662428756,96.0,-0.05988274902762519,-183.6644654480029,170.06509314382924,18.563652198563812,0.05988274902762519,9.533333645196876,-71.85929883315029,0.0,-0.05988274902762519,-0.014970687256906298,0.0,-0.05988274902762519,-37.01172509723748,0.05988274902762519,-0.014970687256906298,-0.014970687256906298,-0.014970687256906298,23.953099611050078,29.9413745138126,0.598827490276252,203.47265891069415,-0.014970687256906298,316.0826132485751,2.9941374513812598,21.5,0.05988274902762519,0.029941374513812596,0.029941374513812596,5.9882749027625195,18.563652198563812,0.05988274902762519,-18.563652198563812,0.598827490276252,0.05988274902762519,-521.686713360403,0.05988274902762519,0.23953099611043172,0.29941374513811375,0.029941374513812596,0.014970687256906298,17.964824708287562,-0.05988274902762519,66.68831634372697,0.5988274902762519,-406.9453178213883,1.4970687256906299,-5.9882749027625195,11.976549805525039,2.9941374513812598,-0.05988274902762519,0.0,0.08982412354143779,-0.05988274902762519,-11.976549805525039,18.563652198563812,46.737942585789746,0.029941374513812596,-43.0,-0.05988274902762519,-0.05988274902762519,-0.05988274902762519,0.029941374513812596,167.0728697870743,-11.976549805525039,0.05988274902762519,316.0826132485751,-0.014970687256906298,-0.06587102393038788,-316.0826132485751,8.98241235414378,85.0,-86.81918095649952,167.0728697870743,-0.044912061770718895,183.6644654480029,-96.0,0.05988274902762519,-0.014970687256906298,451.14447122459876,59.882749027625195,-0.029941374513812596,-0.05988274902762519,0.014970687256906298,0.0,0.0,-214.2449232729787,318.2140544497089,-46.0,0.0,-108.0,-31.0,0.0,-32.0,-93.0,-65.0,0.0,16.0,23.0,46.5,0.0,15.5,-170.1908469167872,-158.0245049876504,0.0,65.0,-158.0245049876504,108.0,-21.064488034806118,0.0,1496.5981,hclb
92,0.0,0.0,0.0,0.0,0.0,0.0,0.0,0.0,-0.057371941772358374,0.0,0.0,0.0,0.0,0.0,0.0,0.0,0.0,144.33413478550324,0.0,0.0,0.0,0.0,0.0,251.76110539499984,0.0,19.584888207465628,0.0,0.0,0.0,-470.99186824981797,1.066381656881178,-1.066381656881178,23.61044570700801,0.0,0.0,0.0,0.0,193.96992054077654,0.0,-1000.0,1000.0,0.0,0.0,0.0,0.0,0.0,0.0,0.0,-232.02343996620613,-362.010983703084,0.0,0.0,0.0,0.06310913594954905,0.0,0.0,0.0,0.0,0.0,0.0,-134.20700743191315,0.0,134.20700743191315,0.0,0.0,0.0,0.0,0.0,0.0,0.0,0.0,0.5737194177235839,0.0,0.0,0.0,0.0,0.0,0.0,0.0,0.0,0.0,0.0,203.66219939088143,0.0,34.423165063415034,0.0,128.79899120753396,0.0,-150.91075839516577,554.5970752097143,-0.014342985443089595,0.0,0.0,534.7440836609535,17.211582531707517,0.0,17.211582531707517,0.0,0.0,0.0,369.5630772004484,201.13672666352346,-470.99186824981797,0.0,0.0,-6.121634379822902,396.9604940264561,0.0,0.0,0.0,0.0,0.0,0.0,0.0,0.0,0.0,0.0,0.0,0.0,0.0,0.0,0.0,0.0,0.0,-391.23591915553806,0.0,0.0,17.211582531707517,0.0,17.7853019494311,0.0,0.0,0.0,0.0,0.0,0.0,0.0,-312.50000000010436,312.50000000010436,0.0,0.0,0.0,0.0,0.0,0.0,-70.44556866687589,0.057371941772358374,0.0,0.0,0.0,-464.706903484906,0.0,0.0,0.0,165.90087780956696,0.0,381.3552510999405,0.0,0.0,0.0,0.0,0.0,525.3123423343063,525.3123423343063,0.0,0.0,0.0,0.0,0.0,0.0,0.0,526.4360959329599,0.0,0.0,0.0,0.0,0.0,0.0,0.0,0.0,0.0,0.0,0.0,0.0,0.0,0.0,0.0,0.0,0.0,0.0,0.0,-1000.0,0.0,0.0,0.0,0.0,0.0,362.010983703084,0.0,150.91075839516577,-150.91075839516577,0.0,0.0,0.0,0.0,0.0,0.0,0.0,0.0,-885.8994716175666,0.0,0.0,0.0,0.0,0.0,0.0,0.0,0.0,0.0,0.0,0.0,0.0,0.0,221.75053861994024,47.695186167393196,703.0153082160241,0.0,0.0,0.0,0.0,79.2054338809918,0.0,0.0,0.0,0.0,-134.20700743191315,703.0153082160241,1.066381656881178,0.0,0.0,0.0,0.0,0.0,0.0,0.0,836.5656021355209,11.474388354471676,0.0,0.0,301.82151679033154,0.0,-81.11268157104035,0.0,-703.0153082160241,0.0,0.0,0.0,-270.15381346713326,0.0,0.0,0.0,110.64613044000407,0.0,0.0,-962.8971418155742,0.0,562.4999999999987,-962.8971418155743,0.0,562.4999999999987,0.0,0.0,527.2683331468752,362.010983703084,0.0,80.86228366388808,0.0,0.0,0.0,-1000.0,0.0,1000.0,0.0,763.3301308444462,0.0,0.0,0.0,0.0,0.0,0.0,-134.20700743191315,-0.08605791265853757,0.0,0.0,0.0,0.0,0.057371941772358374,0.0,0.0,0.0,67.01738145177983,0.0,0.0,-715.2679924906952,229.38750683308535,0.0,1000.0,0.0,-377.347309774706,0.0,-6.121634379822902,0.0,0.0,0.0,-4.939724186600011,855.0152581781895,-472.7282242168834,0.0,-1000.0,0.0,0.0,0.0,0.0,0.0,0.0,0.0,0.0,0.0,0.0,0.0,0.0,0.0,0.0,0.0,0.0,0.0,-805.800591692134,0.0,-1000.0,165.90087780956696,0.0,833.6518439535696,0.0,0.0,0.0,-765.0536518117638,0.0,0.0,0.0,126.16275522773822,198.26812957490554,144.98474182181053,-562.5000000000006,0.0,-1.4342985443089595,-1000.0,870.2074215373661,-724.0742933393586,269.3141493926646,0.0,562.5000000000006,-102.00266187607069,1000.0,0.0,721.2056962507407,-1000.0,0.0,1000.0,-484.0839819249387,-685.5109820520512,17.211582531707517,0.0,0.0,0.0,0.0,0.0,0.0,0.0,-221.75053861994024,221.75053861994024,221.75053861994024,87.64724602535124,0.0,0.0,-623.4057524176328,0.0,0.0,0.0,0.0,0.0,-10.81603244875842,0.0,0.0,17.211582531707517,0.0,0.0,0.0,0.0,-37.262805822764165,0.11474388354475507,0.0,0.0,0.0,0.0,0.0,0.0,0.0,0.0,0.0,0.0,0.0,0.0,0.0,0.0,0.0,0.0,0.0,0.0,0.0,0.06310913594954905,0.06310913594954905,1.066381656881178,306.2761502654686,0.0,34.423165063415034,0.0,0.0,0.0,1000.0,0.0,0.0,128.79899120753396,0.0,0.0,570.4651536614205,-1000.0,0.0,0.0,950.5992617508952,0.0,0.0,17.211582531707517,0.0,0.0,0.0,0.0,0.0,0.0,0.0,130.41197305184602,-67.01738145177983,67.74640945844985,0.0,133.21663072400554,0.0,455.5386497799617,79.2054338809918,0.0,0.0,570.4651536614205,0.0,0.0,533.2023478386564,0.0,0.0,221.75053861994024,0.0,0.0,0.0,0.0,0.0,0.0,0.0,0.0,0.0,0.0,0.0,0.0,0.0,34.423165063415034,0.0,0.0,0.0,0.0,0.0,0.0,0.0,0.0,0.0,0.0,0.0,0.0,0.5737194177235839,0.0,1.066381656881178,128.79899120753396,-128.79899120753396,1.066381656881178,0.0,0.0,0.0,17.211582531707517,-950.5992617508952,0.0,0.0,0.0,0.0,0.0,0.0,0.0,0.0,0.0,0.0,0.0,0.0,17.211582531707517,17.211582531707517,1000.0,-1000.0,0.0,17.211582531707517,0.0,0.0,0.0,0.0,0.0,-529.008131750182,0.0,-276.9261292149476,0.057371941772358374,0.0,0.0,0.0,75.76784510208101,0.0,0.0,-534.7440836609535,0.0,0.0,0.0,0.0,0.0,0.0,0.0,0.0,0.0,0.0,0.0,0.0,0.0,0.0,0.057371941772358374,0.0,0.0,0.0,0.0,0.0,0.0,0.0,0.0,0.0,0.0,68.59819214180584,0.0,0.0,-194.19940830786595,-4.302895632926879,-2.8685970886179213,0.0,0.0,624.9999999999999,624.9999999999999,-624.9999999999999,0.0,0.0,0.0,0.0,0.0,0.0,0.0,0.0,0.0,0.0,0.0,317.3576150365668,0.0,0.0,0.0,-0.057371941772358374,0.0,0.0,0.057371941772358374,0.0,0.057371941772358374,0.0,0.0,0.0,34.423165063415034,69.99376896227723,69.99376896227723,0.0,0.0,0.0,0.0,0.0,0.0,0.0,67.74640945844985,0.0,0.0,0.0,0.0,0.0,0.0,0.0,0.0,0.0,0.0,0.0,0.0,0.0,0.0,0.0,0.0,0.0,0.0,0.0,79.2054338809918,0.0,-19.584888207465628,19.584888207465628,0.08605791265853757,0.0,0.0,0.0,-17.211582531707517,0.0,0.0,0.0,0.0,0.0,-306.2761502654686,2.868597088617919,0.0,0.0,0.0,0.0,0.0,0.0,0.0,0.0,0.0,0.0,0.0,0.0,0.0,0.0,0.0,0.0,950.5992617508952,338.4331781302291,84.52561164552833,0.0,121.27202110397816,-6.121634379822902,0.0,-765.0536518117638,0.0,765.0536518117638,165.90087780956696,-340.1475824294105,0.0,2.8685970886179213,1000.0,0.0,351.7807800999818,-1.066381656881178,-268.4140148638263,0.0,0.0,0.0,0.0,0.0,0.0,0.0,0.0,0.0,310.57904589839546,-319.18483716424925,69.99376896227723,0.0,-312.50000000000006,-312.50000000000006,313.5663816568812,0.0,0.0,0.0,0.0,0.0,836.5656021355209,0.0,0.0,0.0,-75.76784510208101,-313.98828682179146,0.0,17.211582531707517,128.79899120753396,0.0,0.0,0.0,90.14285016034378,0.0,0.0,0.06310913594954905,0.0,0.0,0.0,34.996884481138615,0.0,0.0,0.0,0.0,47.695186167393196,0.0,396.9604940264561,0.0,0.0,0.0,0.0,0.0,0.0,399.3606478226323,0.0,0.005737194177235838,0.005737194177235838,0.0,0.0,0.0,0.0,0.0,0.0,0.0,0.0,0.0,0.0,1.066381656881178,0.0,0.0,0.0,0.0,306.2761502654686,0.0,0.0,0.0,0.0,0.0,0.0,0.0,362.010983703084,0.0,0.0,0.0,257.5979824150679,0.0,295.244893180669,144.33413478550324,0.0,0.0,0.0,34.423165063415034,0.0,0.0,0.0,0.0,0.0,0.0,-34.423165063415034,0.0,257.5979824150679,0.0,0.0,0.0,0.0,0.0,0.0,0.0,1.066381656881178,1.066381656881178,0.0,276.9261292149476,-1000.0,39.2997801140655,-17.211582531707517,0.0,0.0,193.96992054077654,0.0,0.0,0.0,0.0,0.0,0.0,0.0,0.0,0.0,0.0,0.0,0.0,0.0,0.0,0.0,0.0,0.0,-7.1714927215448006,0.0,-202.5710252078324,314.88194153132235,0.0,0.0,0.0,0.0,0.0,-85.70730004374421,84.99015077158973,176.71691025832538,0.0,0.0,0.0,0.0,0.0,0.0,0.0,1000.0,17.211582531707517,17.211582531707517,0.0,0.0,0.0,0.0,0.0,0.06310913594954905,306.2761502654686,0.0,0.0,-193.96992054077654,0.0,0.0,0.0,0.0,0.0,0.0,0.0,0.0,0.0,0.0,0.0,0.0,0.0,0.0,0.0,0.0,0.0,0.0,0.0,60.24053886097631,133.21663072400554,0.0,0.0,0.0,0.0,0.0,306.2761502654686,0.0,830.7832468649517,0.0,0.0,0.0,-7.1714927215448006,0.0,0.0,0.0,0.0,0.0,0.0,0.0,0.0,0.0,0.0,0.0,0.0,0.0,0.0,0.0,0.0,0.0,0.0,-0.057371941772358374,0.0,0.0,2.868597088617919,-570.4651536614205,0.0,0.0,0.0,0.0,0.0,0.0,0.0,0.0,4.939724186600011,1.4342985443089595,0.0,0.0,19.584888207465628,0.057371941772358374,0.0,57.371941772358376,-17.7853019494311,11.474388354471678,0.40979958408827416,160.0677175448799,-0.043028956329268786,102.00266187607069,1.1474388354471676,-0.2868597088617548,-160.0677175448799,17.211582531707517,-0.05737194177235838,2.0405447932743006,17.211582531707517,0.014342985443089595,0.40979958408827416,-6.121634379822902,-137.93260433769342,-0.08105717856602723,-144.33413478550324,-0.05737194177235838,0.014342985443089595,-160.0677175448799,5.737194177235838,0.05737194177235838,0.05737194177235838,-306.15566918774664,-128.73588207158437,-48.629982770126354,-0.043028956329268786,17.211582531707517,0.057371941772358354,17.211582531707517,-28.68597088617919,-0.02868597088617919,-320.48199957016834,-85.0,-0.043028956329268786,-0.05737194177235838,-17.7853019494311,0.057371941772358374,5.737194177235838,-1.1474388354471676,79.2054338809918,79.2054338809918,-5.737194177235838,144.33413478550324,-79.2054338809918,11.474388354471676,0.08605791265853757,-1000.0,5.737194177235838,-130.41197305184602,17.211582531707517,-11.474388354471676,0.02868597088617919,0.5737194177235839,178.8169981226738,96.0,-0.05737194177235838,-319.18483716424925,306.15566918774664,17.7853019494311,0.05737194177235838,137.93260433769342,-51.634747595122775,17.211582531707517,-0.05737194177235838,-0.014342985443089595,-17.211582531707517,-0.05737194177235838,-434.22329984922027,0.05737194177247207,-0.014342985443089595,-0.014342985443089595,-0.014342985443089595,22.948776708943353,28.68597088617919,0.5737194177235839,168.8501876139576,-0.014342985443089595,355.5934514520733,2.868597088617919,21.5,0.05737194177235838,0.02868597088617919,0.02868597088617919,14.342985443089596,17.7853019494311,0.05737194177235838,-17.7853019494311,0.5737194177235839,0.05737194177235838,-421.5396881206817,0.05737194177235838,0.22948776708938112,0.2868597088617548,0.02868597088617919,0.014342985443089595,17.211582531707517,-0.05737194177235838,48.629982770126354,0.040528589283013616,-337.7003752279152,100.56836333176173,-5.737194177235838,11.474388354471676,2.868597088617919,-0.05737194177235838,6.121634379822902,0.08605791265853757,-0.05737194177235838,-28.68597088617919,17.7853019494311,76.5084480595657,0.02868597088617919,-43.0,-0.057371941772358354,-0.05737194177247207,-0.05737194177235838,0.02868597088617919,160.0677175448799,-11.474388354471676,0.057371941772358374,357.6339962453476,-0.014342985443089595,128.73588207158437,-357.6339962453476,8.605791265853757,85.0,744.8035160644325,160.0677175448799,-0.043028956329268786,319.18483716424925,-96.0,0.05737194177235838,-0.014342985443089595,129.03135231635613,57.371941772358376,-0.02868597088617919,-0.05737194177235838,0.014342985443089595,0.0,0.0,445.3742388193996,252.68950050672413,-46.0,0.0,92.79043498814261,-31.0,0.0,-32.0,-93.0,-65.0,-554.5970752097143,16.0,23.0,46.5,0.0,15.5,-306.2761502654686,-166.65129821990948,554.5970752097143,65.0,-166.65129821990948,-92.79043498814261,69.34399420301477,0.0,1496.5981,hclb
93,0.0,0.0,0.0,0.0,0.0,0.0,0.0,0.0,-0.047779341492938575,0.0,0.0,0.0,0.0,0.0,0.0,0.0,0.0,0.0,0.0,416.2503192984836,0.0,0.0,0.0,0.0,0.0,523.2851125797786,0.0,0.0,0.0,749.2356259842832,0.0,0.0,24.11723817692437,0.0,0.0,0.0,0.0,559.4313657333252,0.0,-1000.0,877.7982468690511,0.0,0.0,-332.98530668579957,0.0,0.0,0.0,681.4631248783701,-216.24644742810773,0.0,0.0,200.00387187037586,0.0,0.05255727564235197,0.0,0.0,0.0,0.0,0.0,0.0,-4.207767340811385,0.0,0.0,-4.207767340811385,348.07348228304073,0.0,0.0,0.0,334.49733469678824,0.0,0.0,0.4777934149293857,0.0,0.0,0.0,0.0,0.0,0.0,0.0,935.0387183553969,0.0,0.0,0.0,0.0,28.667604895763148,0.0,0.0,399.5525808942347,692.0749616758765,-259.12690397314395,-0.011944835373234644,0.0,0.0,0.0,14.333802447881572,0.0,14.333802447881574,0.0,0.0,0.0,0.0,2.3889670746469287,514.7508627203197,0.0,0.0,-5.826838376081565,562.7506261577462,0.0,0.0,0.0,0.0,0.0,0.0,0.0,0.0,0.0,0.0,0.0,0.0,0.0,0.0,0.0,0.0,0.0,-978.4555962409966,0.0,0.0,14.333802447881574,0.0,14.81159586281096,0.0,0.0,939.2262158210891,-939.2262158210891,0.0,0.0,0.0,0.0,0.0,0.0,0.0,0.0,0.0,0.0,0.0,3.679009294956268,0.047779341492938575,0.0,0.0,0.0,-20.93517516266286,-1000.0,0.0,0.0,0.0,0.0,33.729024724145724,0.0,0.0,0.0,0.0,0.0,-333.5237212505683,-333.5237212505683,0.0,0.0,0.0,0.0,0.0,0.0,0.0,-333.4759419090754,0.0,0.0,0.0,558.0259974015445,0.0,0.0,0.0,0.0,0.0,0.0,0.0,0.0,0.0,0.0,-567.7991210734549,0.0,0.0,0.0,0.0,-1000.0,0.0,0.0,0.0,0.0,0.0,0.0,-200.00387187037586,-432.94805770273246,432.94805770273246,0.0,0.0,0.0,0.0,0.0,0.0,0.0,234.48476326396354,-492.3437369802883,0.0,0.0,0.0,0.0,0.0,0.0,0.0,0.0,0.0,0.0,0.0,0.0,0.0,22.86336669185909,434.2962856020921,-332.98530668579957,0.0,0.0,0.0,0.0,80.1742865092132,0.0,0.0,0.0,0.0,-4.207767340811385,0.0,0.0,0.0,0.0,0.0,0.0,0.0,0.0,0.0,1.5384947960724844,691.0189931769578,0.0,0.0,-902.26622656633,222.75679281227895,-449.6457961069813,0.0,332.98530668579957,0.0,0.0,0.0,0.0,0.0,0.0,0.0,-122.05774293211164,0.0,0.0,0.0,0.0,668.757184923755,-668.757184923755,668.757184923755,0.0,259.12690397314395,0.0,0.0,0.0,0.0,53.1300762560854,0.0,0.0,0.0,-73.57779828351755,0.0,73.57779828351755,0.0,0.0,0.0,0.0,144.75433731058945,0.0,0.0,0.0,-4.207767340811385,-0.07166901223940786,0.0,0.0,0.0,0.0,0.047779341492938575,0.0,0.0,0.0,903.9534162468328,0.0,0.0,-255.8787722761421,625.2960031437422,0.0,892.1320493169327,0.0,337.77502599017015,0.0,-5.826838376081565,0.0,0.0,0.0,-4.11380130254213,-137.74043521487442,-195.9207894727535,-781.4509745285325,-1000.0,0.0,0.0,0.0,0.0,0.0,0.0,0.0,0.0,0.0,0.0,0.0,0.0,0.0,0.0,0.0,0.0,0.0,-440.3775169007032,0.0,-1000.0,0.0,0.0,0.0,0.0,0.0,0.0,-5.2175040910287525,0.0,0.0,0.0,230.80687002056962,0.0,803.2431005180862,-437.499999999999,-2.3889670746469287,-1.1944835373234644,-1000.0,935.1037107686832,843.6532195124978,0.0,-99.22096386805791,437.499999999999,0.0,0.0,0.0,-846.0421865871448,-1000.0,0.0,723.6247146367971,-917.4103642184057,0.0,14.333802447881574,0.0,0.0,0.0,0.0,0.0,0.0,0.0,-22.86336669185909,22.86336669185909,22.86336669185909,89.27097007749386,0.0,0.0,-333.5715005920612,0.0,0.0,234.48476326396354,0.0,0.0,-8.41553468162277,0.0,-875.0000000000008,0.0,0.0,0.0,0.0,0.0,-38.222065850706144,0.09555868298588482,0.0,0.0,0.0,0.0,0.0,0.0,0.0,0.0,0.0,0.0,0.0,0.0,0.0,0.0,0.0,0.0,0.0,0.0,0.0,0.05255727564235197,0.05255727564235197,0.0,109.30749839327137,0.0,28.667604895763148,0.0,0.0,0.0,1000.0,0.0,0.0,0.0,0.0,0.0,307.5688523534555,-1000.0,0.0,0.0,0.0,0.0,0.0,0.0,0.0,0.0,0.0,0.0,0.0,0.0,0.0,326.1518654136655,-903.9534162468328,458.1845490049167,0.0,3.679009294956268,0.0,0.0,0.0,-80.1742865092132,0.0,307.5688523534555,0.0,917.1714801364528,-647.8246936337035,0.0,0.0,22.86336669185909,0.0,0.0,0.0,0.0,0.0,0.0,0.0,0.0,0.0,0.0,0.0,0.0,0.0,28.667604895763148,0.0,0.0,0.0,0.0,0.0,0.0,0.0,0.0,0.0,0.0,0.0,0.0,0.4777934149293857,0.0,0.0,0.0,0.0,0.0,-200.00387187037586,0.0,0.0,14.333802447881574,0.0,0.0,0.0,0.0,0.0,0.0,0.0,0.0,0.0,0.0,695.8924860092376,-765.8524386602861,0.0,14.333802447881572,14.333802447881572,1000.0,-1000.0,0.0,0.0,0.0,0.0,0.0,0.0,0.0,-733.2998881917872,234.48476326396354,-845.1296667549774,0.047779341492938575,0.0,0.0,0.0,63.09944606163866,0.0,0.0,0.0,0.0,0.0,0.0,0.0,0.0,0.0,0.0,0.0,0.0,0.0,0.0,0.0,0.0,0.0,0.047779341492938575,0.0,0.0,0.0,0.0,0.0,0.0,0.0,0.0,0.0,0.0,410.5628519579382,0.0,-415.78035604896695,-559.6224830992968,-3.5834506119703935,-2.3889670746469287,0.0,0.0,0.0,0.0,0.0,0.0,0.0,0.0,0.0,0.0,0.0,0.0,0.0,0.0,0.0,0.0,726.0136817114441,0.0,0.0,0.0,-0.047779341492938575,0.0,0.0,0.047779341492938575,0.0,0.047779341492938575,0.0,334.49733469678824,0.0,28.667604895763148,58.29079662138506,58.29079662138506,0.0,0.0,0.0,0.0,0.0,0.0,0.0,458.1845490049167,0.0,234.48476326396354,0.0,0.0,0.0,0.0,0.0,0.0,0.0,0.0,0.0,0.0,0.0,0.0,0.0,0.0,0.0,0.0,0.0,80.1742865092132,0.0,-650.4922130305024,650.4922130305024,0.07166901223940786,0.0,0.0,0.0,-14.333802447881574,0.0,0.0,0.0,0.0,0.0,-109.30749839327137,2.3889670746469287,0.0,0.0,0.0,0.0,0.0,-410.5628519579382,0.0,0.0,-875.0000000000008,0.0,0.0,0.0,0.0,0.0,0.0,0.0,0.0,789.0919766608273,86.44413170141229,0.0,513.628680706329,-5.826838376081565,0.0,-415.78035604896695,415.78035604896695,0.0,0.0,-58.29079662138506,0.0,2.3889670746469287,1000.0,0.0,185.69918864645547,0.0,-8.41553468162277,0.0,0.0,0.0,0.0,0.0,0.0,0.0,0.0,0.0,564.2156704614845,-3.5834506119703065,58.29079662138506,0.0,0.0,0.0,0.0,0.0,0.0,0.0,0.0,0.0,1.5384947960724844,0.0,0.0,116.47439961721211,-63.09944606163866,194.23436844123063,0.0,14.333802447881574,0.0,0.0,0.0,0.0,-206.26180819570675,0.0,0.0,0.05255727564235197,0.0,0.0,0.0,29.145398310692528,0.0,0.0,0.0,0.0,434.2962856020921,0.0,562.7506261577462,0.0,0.0,0.0,0.0,0.0,0.0,0.0,0.0,0.004777934149293858,0.004777934149293858,0.0,0.0,0.0,0.0,0.0,0.0,0.0,0.0,0.0,0.0,0.0,0.0,0.0,0.0,0.0,109.30749839327137,0.0,0.0,0.0,0.0,0.0,0.0,0.0,0.0,0.0,0.0,0.0,0.0,0.0,0.0,0.0,0.0,0.0,0.0,28.667604895763148,0.0,0.0,0.0,0.0,0.0,0.0,-28.667604895763148,0.0,0.0,0.0,0.0,0.0,0.0,0.0,0.0,0.0,0.0,0.0,0.0,845.1296667549774,-1000.0,32.728848922662934,-14.333802447881574,0.0,0.0,559.4313657333252,0.0,0.0,0.0,0.0,0.0,0.0,0.0,0.0,0.0,0.0,0.0,0.0,0.0,0.0,0.0,0.0,0.0,-5.972417686617322,0.0,-3.5834506119703935,0.0,0.0,0.0,0.0,0.0,0.0,-0.5972417686617323,0.0,8.41553468162277,0.0,0.0,0.0,0.0,0.0,0.0,0.0,1000.0,14.333802447881572,14.333802447881572,0.0,0.0,0.0,0.0,935.0387183553969,0.05255727564235197,109.30749839327137,0.0,0.0,-559.4313657333252,0.0,0.0,0.0,0.0,0.0,0.0,0.0,0.0,0.0,0.0,0.0,0.0,0.0,0.0,230.85221757375604,0.0,0.0,0.0,0.0,50.16830856758551,3.679009294956268,0.0,0.0,0.0,0.0,0.0,109.30749839327137,0.0,408.1738848832913,0.0,0.0,0.0,-5.972417686617322,0.0,0.0,0.0,0.0,0.0,0.0,0.0,0.0,0.0,0.0,0.0,0.0,0.0,0.0,0.0,0.0,0.0,0.0,-0.047779341492938575,0.0,0.0,2.3889670746469287,-307.5688523534555,0.0,0.0,0.0,0.0,0.0,0.0,0.0,0.0,4.11380130254213,1.1944835373234644,0.0,0.0,523.2851125797786,0.047779341492938575,0.0,47.77934149293857,-14.81159586281096,9.555868298587715,0.341281010663847,133.30436276529863,-0.03583450611970393,2.3889670746469287,0.9555868298587715,-0.23889670746461888,-133.30436276529863,14.333802447881572,-0.047779341492938575,1.9422794586938552,0.0,0.011944835373234644,0.341281010663847,-5.826838376081565,-7.606471165675657,-0.9555868298587715,-416.2503192984836,-0.047779341492938575,0.011944835373234644,-133.30436276529863,4.777934149293857,0.047779341492938575,0.047779341492938575,-109.20716177613608,0.052557275642232434,-50.68562727546738,-0.03583450611970393,14.333802447881572,0.047779341492938575,14.333802447881574,-23.889670746469285,-0.023889670746469287,28.610279303484795,-85.0,-0.03583450611970393,-0.04777934149293857,-14.81159586281096,0.047779341492938575,4.777934149293857,-0.9555868298587715,80.1742865092132,80.1742865092132,-4.777934149293857,416.2503192984836,-80.1742865092132,9.555868298587715,0.07166901223940786,-329.662586197083,4.777934149293857,-326.1518654136655,0.0,-9.555868298587715,0.023889670746469287,0.4777934149293857,63.96969306903552,96.0,-0.047779341492938575,-120.05785022918242,109.20716177613608,14.81159586281096,0.047779341492938575,7.606471165675657,-57.33520979152644,0.0,-0.047779341492938575,-0.011944835373234644,0.0,-0.047779341492938575,-600.9726920084523,0.04777934149296925,-0.011944835373234644,-0.011944835373234644,-0.011944835373234644,19.11173659717543,23.889670746469285,0.4777934149293857,356.93234641905343,-0.011944835373234644,125.99710667937718,2.3889670746469287,21.5,0.047779341492938575,0.023889670746469287,0.023889670746469287,4.777934149293857,14.81159586281096,0.047779341492938575,-14.81159586281096,0.4777934149293857,0.047779341492938575,-1000.0,0.047779341492938575,0.19111736597164963,0.23889670746461888,0.023889670746469287,0.011944835373234644,14.333802447881572,-0.047779341492938575,50.68562727546738,0.47779341492938576,-713.8646928381069,1.1944835373234648,-4.777934149293857,9.555868298587715,2.3889670746469287,-0.047779341492938575,5.826838376081565,0.07166901223940786,-0.047779341492938575,-9.555868298587711,14.81159586281096,344.50551105962694,0.023889670746469287,-43.0,-0.047779341492938575,-0.04777934149296925,-0.047779341492938575,0.023889670746469284,133.30436276529863,-9.555868298587715,0.047779341492938575,127.93938613807104,-0.011944835373234644,-0.052557275642232434,-127.93938613807104,7.166901223940785,85.0,361.14057596656437,133.30436276529863,-0.03583450611970393,120.05785022918242,-96.0,0.047779341492938575,-0.011944835373234642,233.19583709521655,47.77934149293857,-0.023889670746469287,-0.047779341492938575,0.011944835373234644,0.0,0.0,329.6386965263365,643.0676535809466,-46.0,0.0,210.55614830787175,-31.0,0.0,-32.0,-93.0,-65.0,0.0,16.0,23.0,46.5,0.0,15.5,-109.30749839327137,-138.2437028639202,0.0,65.0,-138.2437028639202,-210.55614830787175,131.55671197505217,0.0,1496.5981,hclb
94,0.0,0.0,0.0,0.0,0.0,0.0,0.0,0.0,-0.03975066196259175,0.0,0.0,0.0,0.0,0.0,0.0,0.0,-148.43370011160096,-133.63617577351596,0.0,0.0,0.0,0.0,0.0,1000.0,0.0,0.0,0.0,0.0,0.0,-264.3251040341679,0.0,0.0,10.023381208843318,0.0,0.0,0.0,0.0,36.68024451874663,0.0,-1000.0,857.6052244912261,0.0,0.0,115.89140392256695,0.0,0.0,0.0,0.0,1000.0,-153.86213181867822,0.0,703.1325997767981,0.0,0.04372572815881963,0.0,0.0,0.0,0.0,0.0,0.0,-3.5007082968391785,0.0,503.2397367609767,499.73902846413756,0.0,0.0,0.0,0.0,0.0,0.0,0.0,0.39750661962591755,0.0,0.0,0.0,0.0,0.0,0.0,0.0,821.2313433048914,0.0,0.0,0.0,0.0,23.850397177555053,0.0,0.0,45.60311018461917,76.5307430640043,447.36257075465863,-0.009937665490647937,0.0,0.0,0.0,11.925198588777526,0.0,214.44464311625563,0.0,0.0,0.0,0.0,1.9875330981295876,-264.3251040341679,0.0,0.0,-20.098129161783437,0.0,0.0,0.0,0.0,0.0,0.0,0.0,0.0,0.0,0.0,0.0,0.0,0.0,0.0,0.0,0.0,0.0,0.0,-498.4133463365147,0.0,0.0,214.44464311625563,0.0,12.322705208403443,12.322705208403443,0.0,0.0,0.0,0.0,0.0,0.0,-812.5000000000632,812.5000000000632,0.0,0.0,0.0,0.0,0.0,0.0,3.060800971119563,0.03975066196259175,0.0,0.0,0.0,-377.73724954655245,0.0,0.0,0.0,404.9722440163412,0.0,307.9979775278022,0.0,0.0,0.0,0.0,0.0,156.89563228159537,156.89563228159537,0.0,0.0,0.0,-562.5,0.0,0.0,0.0,156.93538294355795,0.0,0.0,0.0,0.0,-24.74887045779201,0.0,0.0,0.0,0.0,0.0,0.0,0.0,0.0,0.0,0.0,0.0,0.0,0.0,0.0,-1000.0,0.0,0.0,0.0,0.0,0.0,153.86213181867822,-703.1325997767981,476.106686181337,-476.106686181337,0.0,0.0,0.0,0.0,0.0,0.0,0.0,0.0,-570.1817155912898,0.0,0.0,0.0,0.0,0.0,0.0,0.0,0.0,0.0,0.0,0.0,0.0,0.0,236.21143299583485,553.1569588590672,115.89140392256695,0.0,0.0,0.0,0.0,80.98518314177824,0.0,0.0,0.0,0.0,-3.5007082968391785,0.0,0.0,0.0,0.0,0.0,0.0,0.0,0.0,0.0,460.54604370814445,7.95013239251835,202.5194445274781,0.0,0.0,-399.5759431173327,818.5771965891581,0.0,-115.89140392256695,0.0,0.0,0.0,-906.3163881751486,0.0,0.0,0.0,72.92486169454244,0.0,0.0,0.0,0.0,1000.0,-1000.0,1000.0,0.0,552.6374292453413,0.0,0.0,153.86213181867822,0.0,54.56457415065964,0.0,0.0,0.0,231.80848058729617,0.0,-231.80848058729617,0.0,156.85588161963278,0.0,0.0,256.70561648436586,-562.5,0.0,0.0,-3.5007082968391785,-0.059625992943887623,0.0,0.0,0.0,0.0,0.03975066196259175,0.0,0.0,0.0,244.0241300338217,-148.43370011160096,0.0,-769.3729793519796,563.9452308688182,24.74887045779201,1000.0,0.0,3.422531994979118,0.0,-20.098129161783437,0.0,0.0,0.0,-3.422531994979118,0.0,0.0,-1000.0,-1000.0,0.0,0.0,0.0,0.0,0.0,0.0,0.0,0.0,0.0,0.0,0.0,0.0,0.0,0.0,0.0,0.0,0.0,-963.1607528334029,0.0,-1000.0,0.0,0.0,459.26607239294856,0.0,0.0,0.0,-14.992690212460417,0.0,0.0,0.0,0.0,0.0,0.0,0.0,-157.0598844678811,-242.3846803705843,0.0,0.0,0.0,0.0,-53.52426633262979,0.0,155.07235136975152,921.2189605450626,241.39091382151952,-1.9875330981295876,-830.9253318970354,0.0,0.0,0.0,-25.83793027568464,214.44464311625563,0.0,0.0,0.0,0.0,0.0,0.0,0.0,-236.21143299583485,236.21143299583485,236.21143299583485,105.14799676926508,0.0,0.0,0.0,0.0,0.0,0.0,0.0,0.0,-7.001416593678357,0.0,-411.7691829467127,72.04986760748164,0.0,0.0,0.0,0.0,-39.02493380374082,0.07950132392534215,0.0,0.0,0.0,0.0,0.0,0.0,0.0,0.0,0.0,0.0,0.0,0.0,0.0,0.0,0.0,0.0,0.0,0.0,0.0,0.04372572815881963,0.04372572815881963,0.0,324.2613006033165,0.0,23.850397177555053,0.0,0.0,0.0,1000.0,0.0,0.0,0.0,0.0,0.0,538.7649600219735,-1000.0,0.0,0.0,766.000278095661,0.0,0.0,72.04986760748164,0.0,0.0,0.0,0.0,0.0,0.0,0.0,166.13778211217155,-244.0241300338217,377.73724954655245,0.0,3.060800971119563,0.0,0.0,0.0,-80.98518314177824,0.0,538.7649600219735,0.0,778.7079968225502,-278.96797060431754,0.0,0.0,236.21143299583485,0.0,0.0,0.0,0.0,0.0,0.0,0.0,0.0,0.0,0.0,0.0,0.0,0.0,23.850397177555053,0.0,0.0,0.0,0.0,0.0,0.0,0.0,0.0,0.0,0.0,0.0,0.0,0.39750661962591755,0.0,0.0,0.0,0.0,0.0,-703.1325997767981,0.0,0.0,214.44464311625563,-766.000278095661,0.0,0.0,0.0,0.0,0.0,0.0,0.0,0.0,0.0,105.68831173755413,537.0224715231595,0.0,11.925198588777526,11.925198588777526,1000.0,-1000.0,0.0,72.04986760748164,0.0,0.0,0.0,0.0,0.0,264.3251040341679,0.0,345.7592574328361,0.03975066196259175,0.0,0.0,0.0,3.2056069539832923,0.0,0.0,0.0,0.0,0.0,0.0,0.0,0.0,0.0,0.0,0.0,0.0,0.0,0.0,0.0,0.0,0.0,0.03975066196259175,0.0,0.0,0.0,0.0,0.0,0.0,0.0,0.0,0.0,-14.992690212460417,459.26607239294856,-404.9722440163412,0.0,-36.83924716659715,-2.9812996471943816,-1.9875330981295876,0.0,0.0,687.5,687.5,-687.5,0.0,0.0,0.0,0.0,0.0,0.0,0.0,0.0,24.74887045779201,0.0,0.0,-23.850397177555053,0.0,0.0,0.0,-0.03975066196259175,0.0,0.0,0.03975066196259175,0.0,0.03975066196259175,0.0,0.0,0.0,23.850397177555053,48.495807594361935,48.495807594361935,0.0,0.0,0.0,0.0,0.0,0.0,0.0,377.73724954655245,0.0,0.0,0.0,0.0,0.0,0.0,0.0,0.0,0.0,0.0,0.0,0.0,0.0,0.0,0.0,0.0,0.0,0.0,0.0,80.98518314177824,0.0,0.0,0.0,0.059625992943887623,0.0,0.0,0.0,-214.44464311625563,0.0,0.0,0.0,0.0,0.0,-324.2613006033165,1.9875330981295876,0.0,0.0,0.0,562.5,0.0,0.0,0.0,0.0,-411.7691829467127,0.0,0.0,0.0,0.0,0.0,0.0,0.0,766.000278095661,633.7754677264171,88.04986760748164,0.0,434.7871171540341,-20.098129161783437,0.0,0.0,0.0,0.0,404.9722440163412,-954.8121957695106,0.0,1.9875330981295876,820.8596667993842,0.0,0.0,0.0,-7.001416593678357,0.0,0.0,-62.50000000000006,62.50000000000006,0.0,-448.6141544668036,0.0,0.0,0.0,327.24260025051086,-333.20519954489964,48.495807594361935,0.0,0.0,0.0,0.0,0.0,0.0,0.0,0.0,0.0,460.54604370814445,0.0,0.0,0.0,-3.2056069539832923,-573.2245740877676,0.0,11.925198588777526,0.0,0.0,0.0,0.0,152.48346144983475,0.0,0.0,0.04372572815881963,0.0,0.0,0.0,24.247903797180967,0.0,0.0,0.0,0.0,553.1569588590672,0.0,0.0,0.0,0.0,0.0,0.0,0.0,0.0,0.0,0.0,0.003975066196259175,0.003975066196259175,0.0,0.0,0.0,0.0,0.0,0.0,0.0,0.0,0.0,0.0,0.0,0.0,0.0,0.0,0.0,324.2613006033165,0.0,0.0,0.0,0.0,0.0,0.0,0.0,153.86213181867822,0.0,0.0,0.0,0.0,0.0,0.0,-133.63617577351596,0.0,0.0,0.0,23.850397177555053,0.0,0.0,0.0,0.0,0.0,-23.850397177555053,0.0,0.0,0.0,0.0,0.0,0.0,0.0,0.0,0.0,0.0,0.0,0.0,0.0,-345.7592574328361,-1000.0,27.229203444375347,0.0,-214.44464311625563,0.0,36.68024451874663,0.0,0.0,0.0,0.0,0.0,0.0,0.0,0.0,0.0,718.75,0.0,-718.75,-718.75,0.0,0.0,0.0,0.0,-4.968832745323969,0.0,-2.9812996471943816,330.2238998977053,0.0,0.0,0.0,0.0,0.0,0.0,-0.4968832745323969,411.9736606100196,0.0,0.0,0.0,0.0,0.0,0.0,0.0,1000.0,11.925198588777526,11.925198588777526,0.0,0.0,0.0,0.0,821.2313433048914,0.04372572815881963,324.2613006033165,0.0,0.0,-36.68024451874663,0.0,0.0,0.0,0.0,0.0,0.0,0.0,0.0,0.0,0.0,0.0,0.0,0.0,0.0,0.0,0.0,0.0,12.322705208403443,0.0,41.73819506072134,3.060800971119563,0.0,0.0,0.0,0.0,0.0,324.2613006033165,0.0,457.278539294819,0.0,0.0,0.0,-4.968832745323969,0.0,0.0,0.0,0.0,0.0,0.0,0.0,0.0,0.0,0.0,0.0,0.0,0.0,0.0,0.0,0.0,0.0,0.0,-0.03975066196259175,0.0,0.0,1.9875330981295876,-538.7649600219735,0.0,0.0,0.0,0.0,0.0,0.0,0.0,0.0,3.422531994979118,0.9937665490647938,0.0,0.0,0.0,0.03975066196259175,0.0,39.75066196259175,0.0,7.950132392518351,0.2839332997327982,135.54975729243787,-0.029812996471943812,1.9875330981295747,0.7950132392518351,-0.19875330981310668,-135.54975729243787,11.925198588777526,-0.03975066196259175,6.699376387261146,72.04986760748164,0.009937665490647937,0.28393329973279824,-20.098129161783437,-6.328305384445031,-0.7950132392518351,282.0698758851169,-0.03975066196259173,0.009937665490647937,-135.54975729243787,3.975066196259175,0.03975066196259175,0.03975066196259175,-324.17782421319504,0.043725728158850924,-8.852056689017228,-0.029812996471943812,11.925198588777526,0.03975066196259175,214.44464311625563,182.6441135461822,-0.019875330981295874,-258.9496625152181,-85.0,-0.029812996471943812,-0.03975066196259175,0.0,0.03975066196259175,3.975066196259175,-0.7950132392518351,80.98518314177824,80.98518314177824,-3.975066196259175,-282.0698758851169,-80.98518314177824,7.95013239251835,0.059625992943887623,-522.8380544105889,3.975066196259175,-166.13778211217155,72.04986760748164,-7.95013239251835,0.019875330981295874,0.39750661962591755,192.3432448379949,96.0,-0.03975066196259175,-333.20519954489964,324.17782421319504,12.322705208403443,0.03975066196259175,6.328305384445031,-178.17037127510667,72.04986760748164,-0.03975066196259175,-0.009937665490647937,-72.04986760748164,-0.03975066196259175,-39.02493380374082,0.0397506619625752,-0.009937665490647937,-0.009937665490647937,-0.009937665490647937,15.9002647850367,-182.6441135461822,0.39750661962591755,178.88489400659233,-0.009937665490647937,377.9871132887286,1.9875330981295876,21.5,0.03975066196259175,0.019875330981295874,0.019875330981295874,40.0,0.0,0.03975066196259175,0.0,0.39750661962591755,0.03975066196259175,-477.7541386567061,0.03975066196259175,0.15900264785051377,0.19875330981310668,0.019875330981295874,0.009937665490647937,11.925198588777526,-0.039750661962591735,8.852056689017228,0.39750661962591755,-357.76978801318467,0.9937665490648069,-3.975066196259175,7.95013239251835,1.9875330981295876,-0.03975066196259175,20.098129161783437,0.059625992943887623,-0.03975066196259175,-80.0,0.0,-24.593253507260343,0.019875330981295874,-43.0,-0.03975066196259175,-0.0397506619625752,-0.03975066196259175,0.019875330981295874,135.54975729243787,-7.95013239251835,0.03975066196259175,384.6864896759898,-0.009937665490647937,-0.043725728158850924,-384.6864896759898,5.962599294388762,85.0,376.2734341243376,135.54975729243787,-0.029812996471943812,333.20519954489964,-96.0,0.03975066196259173,-0.009937665490647937,1.9875330981295876,39.75066196259175,-0.019875330981295874,-0.03975066196259175,0.009937665490647937,0.0,0.0,-477.18182092039234,298.8692446501138,-46.0,0.0,-29.60326735224828,-31.0,0.0,-32.0,-93.0,-65.0,-1000.0,16.0,23.0,46.5,0.0,15.5,-324.2613006033165,-127.8902079425744,1000.0,65.0,-127.8902079425744,29.60326735224828,72.29601886329961,0.0,1496.5981,hclb
95,0.0,0.0,0.0,0.0,0.0,0.0,0.0,0.0,535.6480609591302,0.0,0.0,0.0,0.0,0.0,0.0,0.0,0.0,-294.25342075163775,0.0,327.0182239382498,0.0,0.0,0.0,249.00495575415206,0.0,0.0,0.0,0.0,0.0,0.0,0.0,0.0,368.12153669504465,0.0,0.0,0.0,0.0,770.5856144317938,0.0,-1000.0,903.4338866922731,0.0,0.0,-433.66276106216674,0.0,0.0,0.0,0.0,433.66276106216674,0.0,0.0,0.0,0.0,0.056877568105401816,0.0,0.0,0.0,10.341376019137968,0.0,0.0,5.788198064402909,0.0,0.0,-91.93620929610579,0.0,0.0,0.0,0.0,654.2126667977789,-128.3827180609394,0.0,0.5170688009568986,0.0,0.0,0.0,0.0,0.0,0.0,0.0,0.0,0.0,0.0,0.0,0.0,31.024128057413908,0.0,22.232951815339675,340.8875929697931,109.23252787302826,632.6305832924633,-0.01292672002392246,0.0,0.0,0.0,15.512064028706954,0.0,15.512064028706954,-1.6649615390808563,0.0,0.0,0.0,2.585344004784492,-700.6429940415918,0.0,0.0,-22.56219664677204,0.0,39.8275378280561,0.0,0.0,0.0,0.0,0.0,0.0,0.0,0.0,0.0,0.0,0.0,0.0,0.0,0.0,0.0,0.0,-430.8785444771349,0.0,0.0,15.512064028706954,0.0,16.029132829663855,0.0,0.0,-500.2220160591568,500.2220160591568,0.0,0.0,-97.72440736050869,0.0,0.0,0.0,0.0,0.0,0.0,0.0,0.0,26.21438158270779,0.05170688009568984,0.0,0.0,0.0,-928.7288965074695,161.29647164442434,0.0,0.0,0.0,0.0,168.2747851361723,0.0,0.0,0.0,0.0,0.0,-3.6912519360063234,-3.6912519360063234,0.0,0.0,0.0,62.5,0.0,0.0,0.0,-3.6395450559106335,0.0,0.0,0.0,414.3108214192765,0.0,0.0,0.0,0.0,0.0,0.0,0.0,0.0,0.0,0.0,-810.5510536136409,0.0,0.0,0.0,0.0,-1000.0,0.0,0.0,0.0,0.0,0.0,0.0,0.0,-258.214449154652,258.214449154652,0.0,0.0,0.0,0.0,0.0,0.0,0.0,700.6429940415918,-184.372311168054,0.0,0.0,0.0,0.0,0.0,0.0,0.0,0.0,0.0,0.0,0.0,0.0,0.0,229.05032173611886,745.1151769013211,-433.66276106216674,0.0,0.0,0.0,97.72440736050869,79.77760511033533,0.0,0.0,0.0,0.0,5.788198064402909,0.0,0.0,0.0,0.0,0.0,0.0,0.0,0.0,0.0,0.0,0.0,0.0,0.0,632.5530229723197,1000.0,516.3359048773078,0.0,433.66276106216674,0.0,0.0,97.72440736050869,-394.08210505107235,0.0,0.0,0.0,-399.22396711427916,0.0,0.0,-1000.0,0.0,66.10381780005476,-1000.0,0.0,66.10381780005476,-148.98192128162378,0.0,-1000.0,0.0,0.0,64.48459035663934,0.0,0.0,0.0,645.4549920473746,0.0,-645.4549920473746,0.0,0.0,0.0,97.72440736050869,233.66955268744078,62.5,0.0,0.0,5.788198064402909,-0.07756032014356151,0.0,0.0,0.0,0.0,0.05170688009568984,0.0,0.0,0.0,904.7103308609577,0.0,0.0,-530.7403382737236,588.092331180376,0.0,849.6268258769634,0.0,74.0752764250854,0.0,-22.56219664677204,0.0,0.0,0.0,148.96424139626916,0.0,-223.03951782135456,399.8703031154753,-1000.0,0.0,0.0,0.0,0.0,0.0,0.0,0.0,0.0,0.0,0.0,0.0,0.0,0.0,0.0,0.0,0.0,0.0,-229.20755804782328,0.0,-1000.0,0.0,0.0,0.0,0.0,0.0,0.0,-26.2143815827078,0.0,0.0,0.0,0.0,0.0,-654.2126667977789,0.0,-434.7602370569577,0.0,0.0,-1000.0,-442.17943003274183,0.0,0.0,0.0,432.1748930521732,-139.53365078476276,-1.292672002392246,439.59408602795736,0.0,0.0,0.0,0.0,997.4146559952155,15.512064028706954,0.0,0.0,0.0,0.0,0.0,535.699767839226,0.0,-229.05032173611886,229.05032173611886,229.05032173611886,-255.60563476429746,0.0,0.0,-70.44181426212103,0.0,0.0,700.6429940415918,0.0,0.0,-41.682107601023525,0.0,0.0,69.31912484401667,0.0,0.0,0.0,0.0,-37.829311990431016,0.10341376019132237,0.0,0.0,0.0,0.0,0.0,0.0,0.0,0.0,0.0,525.8299487368395,0.0,0.0,0.0,0.0,0.0,0.0,0.0,0.0,0.0,0.056877568105401816,0.056877568105401816,0.0,314.7089457169809,0.0,31.024128057413908,0.0,0.0,0.0,1000.0,0.0,0.0,22.232951815339675,0.0,0.0,49.33046674873788,-1000.0,0.0,0.0,0.0,0.0,0.0,69.31912484401667,0.0,0.0,0.0,0.0,0.0,0.0,0.0,143.6261814923783,-904.7103308609577,767.4324248630452,0.0,338.7172374266858,0.0,0.0,0.0,-79.77760511033533,0.0,49.33046674873788,0.0,0.0,11.50115475830686,0.0,0.0,229.05032173611886,0.0,0.0,0.0,0.0,0.0,0.0,0.0,0.0,0.0,0.0,0.0,0.0,0.0,31.024128057413908,97.72440736050869,97.72440736050869,0.0,0.0,0.0,0.0,0.0,0.0,0.0,0.0,0.0,0.0,0.5170688009568986,0.0,0.0,22.232951815339675,-22.232951815339675,0.0,0.0,0.0,0.0,15.512064028706954,0.0,0.0,0.0,312.502855843978,0.0,0.0,0.0,0.0,0.0,0.0,0.0,-233.07118414846107,0.0,15.512064028706954,15.512064028706954,1000.0,-1000.0,0.0,69.31912484401667,0.0,0.0,0.0,0.0,0.0,-699.2273090738835,700.6429940415918,-1000.0,0.05170688009568984,0.0,0.0,0.0,68.28632186351497,360.8264553919316,0.0,0.0,0.0,0.0,0.0,0.0,0.0,0.0,0.0,0.0,0.0,0.0,0.0,0.0,0.0,0.0,0.05170688009568984,0.0,0.0,0.0,0.0,0.0,0.0,0.0,0.0,0.0,0.0,1000.0,0.0,-797.0068235348845,-1000.0,-3.8780160071767384,-2.585344004784492,0.0,0.0,0.0,0.0,0.0,0.0,0.0,0.0,0.0,0.0,0.0,0.0,97.72440736050869,0.0,0.0,0.0,1000.0,0.0,0.0,0.0,535.6480609591302,0.0,0.0,0.05170688009568984,0.0,0.05170688009568984,0.0,0.0,0.0,31.024128057413908,63.08239371674161,63.08239371674161,0.0,0.0,0.0,0.0,0.0,0.0,0.0,767.4324248630452,0.0,700.6429940415918,0.0,0.0,153.4162037725082,0.0,0.0,0.0,0.0,0.0,0.0,0.0,0.0,0.0,0.0,0.0,0.0,0.0,0.0,79.77760511033533,0.0,0.0,0.0,0.07756032014356151,0.0,0.0,0.0,-15.512064028706954,0.0,0.0,0.0,0.0,0.0,-314.7089457169809,2.585344004784492,0.0,0.0,0.0,-62.50000000000001,0.0,-973.7856184172922,0.0,0.0,0.0,0.0,0.0,0.0,0.0,0.0,97.72440736050869,0.0,0.0,0.0,85.65862398086203,0.0,822.0910488439072,338.2642587451595,229.20755804782328,-1000.0,797.0068235348845,-26.2143815827078,0.0,-457.16449876781394,0.0,2.585344004784492,1000.0,0.0,0.0,0.0,-86.14801123170287,0.0,0.0,0.0,0.0,0.0,0.0,0.0,0.0,0.0,802.7950215992873,0.0,63.08239371674161,0.0,0.0,0.0,0.0,0.0,0.0,0.0,0.0,0.0,0.0,0.0,0.0,326.3429937385111,-594.1162706003545,-464.1694133752253,0.0,15.512064028706954,22.232951815339675,0.0,0.0,0.0,28.959709525166375,0.0,0.0,0.056877568105401816,0.0,0.0,0.0,31.541196858370807,0.0,0.0,0.0,0.0,745.1151769013211,0.0,0.0,0.0,0.0,0.0,0.0,0.0,0.0,646.0272731134278,0.0,550.3444702768104,0.005170688009568984,0.0,0.0,0.0,0.0,0.0,0.0,0.0,0.0,0.0,0.0,0.0,0.0,0.0,0.0,0.0,314.7089457169809,0.0,0.0,0.0,0.0,0.0,0.0,0.0,0.0,0.0,0.0,0.0,44.46590363067935,-239.31901499958343,0.0,-294.25342075163775,0.0,0.0,0.0,31.024128057413908,0.0,0.0,0.0,0.0,0.0,0.0,-31.024128057413908,0.0,44.46590363067935,0.0,0.0,0.0,0.0,0.0,0.0,0.0,0.0,0.0,0.0,1000.0,-1000.0,188.83541663805573,-520.2246303136973,504.7125662849903,0.0,770.5856144317938,0.0,0.0,0.0,0.0,0.0,0.0,0.0,0.0,0.0,656.2499999999999,0.0,-656.25,-656.2499999999999,0.0,0.0,0.0,0.0,-6.46336001196123,97.72440736050869,-3.8780160071767384,149.53818776533146,0.0,0.0,0.0,0.0,0.0,0.0,-0.6463360011961231,41.682107601023525,0.0,0.0,0.0,0.0,0.0,0.0,0.0,1000.0,15.512064028706954,15.512064028706954,0.0,0.0,0.0,0.0,0.0,0.056877568105401816,314.7089457169809,0.0,0.0,-770.5856144317938,550.3392995888008,0.0,0.0,0.0,0.0,0.0,0.0,0.0,0.0,0.0,0.0,0.0,0.0,0.0,0.0,0.0,0.0,0.0,0.0,54.29222410047434,0.0,0.0,26.21438158270779,0.0,0.0,0.0,314.7089457169809,0.0,969.5353128734268,0.0,0.0,0.0,-6.46336001196123,0.0,0.0,0.0,0.0,0.0,0.0,0.0,0.0,0.0,0.0,0.0,0.0,0.0,0.0,0.0,0.0,0.0,0.0,-0.05170688009568984,0.0,0.0,2.585344004784492,-49.33046674873788,0.0,0.0,0.0,0.0,97.72440736050869,0.0,0.0,0.0,-148.96424139626916,1.292672002392246,0.0,0.0,0.0,0.05170688009568984,0.0,51.70688009568984,-16.029132829663855,10.341376019137968,0.369334857826356,144.2621954669747,-0.03878016007176738,2.585344004784492,1.0341376019137969,-0.25853440047852055,-144.2621954669747,15.512064028706952,-0.05170688009568984,7.52073221559068,69.31912484401667,0.01292672002392246,0.369334857826356,-22.56219664677204,-30.464687126573153,-1.0341376019137969,-32.76480318661203,-0.05170688009568984,0.01292672002392246,-144.2621954669747,5.170688009568984,0.05170688009568984,0.05170688009568984,-314.6003612687798,-22.176074247234414,0.0,-0.03878016007176738,15.512064028706954,0.05170688009568984,15.512064028706954,-25.85344004784492,-0.02585344004784492,-123.15039184262822,-85.0,-0.03878016007176738,-0.05170688009568984,-16.029132829663855,0.05170688009568984,5.170688009568984,-1.0341376019137969,79.77760511033533,79.77760511033533,-5.170688009568984,32.76480318661203,-79.77760511033533,10.341376019137968,0.07756032014353476,-713.545326462197,5.170688009568984,-143.6261814923783,69.31912484401667,-10.341376019137968,0.02585344004784492,0.5170688009568986,132.6850845684309,96.0,-0.05170688009568984,-326.3429937385111,314.6003612687798,16.029132829663855,0.05170688009568984,30.464687126573153,7.270868729188798,69.31912484401667,-0.05170688009568984,-0.01292672002392246,-69.31912484401667,-0.05170688009568984,-37.829311990431016,0.05170688009568984,-0.01292672002392246,-0.01292672002392246,-0.01292672002392246,20.682752038275936,25.85344004784492,0.5170688009568986,38.30833479089451,-0.01292672002392246,257.84943692127115,2.585344004784492,21.5,0.05170688009568984,0.02585344004784492,0.02585344004784492,-9.031953248677027,16.029132829663855,0.05170688009568984,-16.029132829663855,0.5170688009568986,0.05170688009568984,-38.30833479089451,0.05170688009568984,0.20682752038278096,0.25853440047852055,0.02585344004784492,0.01292672002392246,15.512064028706954,-0.05170688009568984,0.0,0.5170688009568984,-76.61666958178903,1.292672002392246,-5.170688009568984,10.341376019137968,2.585344004784492,-0.05170688009568984,22.56219664677204,0.07756032014353476,-0.05170688009568984,18.063906497354054,16.029132829663855,186.82331591162176,0.02585344004784492,-43.0,-0.05170688009568984,-0.05170688009568984,-0.05170688009568984,0.02585344004784492,144.2621954669747,-10.341376019137968,0.05170688009568984,265.3701691368618,-0.01292672002392246,22.176074247234414,-265.3701691368618,7.756032014353476,85.0,411.59109680914406,144.2621954669747,-0.03878016007176738,326.3429937385111,-96.0,0.05170688009568984,-0.012926720023922457,2.585344004784492,51.70688009568984,-0.02585344004784492,-0.05170688009568984,0.01292672002392246,0.0,0.0,229.87081101130963,0.0,-46.0,0.0,234.202071060403,-31.0,0.0,-32.0,-93.0,-65.0,-483.6486620108395,16.0,23.0,46.5,0.0,15.5,-314.7089457169809,-215.78302543678814,483.6486620108395,65.0,-215.78302543678814,-234.202071060403,110.88025716082261,0.0,1496.5981,hclb
96,0.0,0.0,0.0,0.0,0.0,0.0,0.0,0.0,-0.0589988785145296,0.0,0.0,0.0,0.0,0.0,0.0,0.0,-227.65233979604466,0.0,0.0,4.443724413277522,0.0,0.0,0.0,0.0,0.0,0.0,0.0,0.0,0.0,-854.513022976545,6.606301357367184,-6.606301357367184,19.3368024610826,0.0,0.0,0.0,0.0,309.44639986394765,0.0,-1000.0,1000.0,0.0,-25.996815836224414,-943.8314530636347,0.0,0.0,0.0,0.0,1000.0,0.0,0.0,0.0,0.0,0.06489876636598524,0.0,0.0,0.0,11.799775702905919,0.0,0.0,36.62180723353413,0.0,95.43741952797401,0.0,0.0,0.0,0.0,0.0,0.0,0.0,0.0,0.5899887851452961,0.0,0.0,0.0,0.0,0.0,0.0,0.0,0.0,0.0,0.0,361.5967119225058,0.0,35.39932710871776,0.0,0.0,-121.40558876629584,527.212830332347,455.37212212117277,59.1050959023538,0.0,0.0,-364.0287329735618,17.69966355435888,0.0,17.69966355435888,0.0,0.0,0.0,361.5967119225058,2.9499439257264797,-854.513022976545,0.0,0.0,-10.359322323746296,0.0,0.0,0.0,0.0,0.0,0.0,0.0,0.0,0.0,0.0,0.0,0.0,0.0,0.0,0.0,0.0,0.0,0.0,-1000.0,0.0,0.0,17.69966355435888,0.0,18.289652339504176,0.0,0.0,-21.11129792372884,21.11129792372884,0.0,0.0,0.0,-937.5000000000208,937.5000000000208,-132.05922676150814,0.0,0.0,0.0,0.0,0.0,-357.053798276887,0.0589988785145296,59.119845621982435,0.0,0.0,0.0,0.0,0.0,0.0,0.0,0.0,238.86223593947628,0.0,0.0,0.0,0.0,0.0,493.70972949900136,493.70972949900136,0.0,0.0,0.0,0.0,0.0,0.0,0.0,500.37502973488307,0.0,0.0,0.0,0.0,-68.20516392390762,0.0,0.0,0.0,0.0,0.0,0.0,0.0,0.0,0.0,0.0,0.0,0.0,0.0,0.0,-350.8808257269038,0.0,0.0,0.0,0.0,0.0,0.0,25.996815836224414,-125.84931317957336,125.84931317957336,132.05922676150814,0.0,0.0,0.0,0.0,0.0,0.0,0.0,-564.7697506813562,0.0,0.0,0.0,0.0,0.0,0.0,0.0,0.0,0.0,0.0,0.0,0.0,0.0,178.39116021148746,16.317821367948888,56.16854693636526,0.0,0.0,0.0,0.0,79.04111327003251,0.0,0.0,0.0,0.0,36.62180723353413,1000.0,6.606301357367184,0.0,0.0,0.0,0.0,0.0,0.0,0.0,408.353905442631,0.0,0.0,0.0,0.0,627.065327675696,778.7419138903551,0.0,-56.16854693636526,0.0,0.0,132.05922676150814,71.97863178772612,0.0,0.0,0.0,-51.066896119686476,0.0,0.0,117.20413353483491,0.0,0.0,117.20413353483445,0.0,0.0,401.36351715277374,0.0,-1000.0,0.0,0.0,-46.493468976003044,0.0,0.0,0.0,0.0,0.0,0.0,0.0,500.257031977854,0.0,0.0,0.0,0.0,0.0,0.0,36.62180723353413,-0.08849831777179439,0.0,0.0,0.0,0.0,0.0589988785145296,0.0,0.0,0.0,-286.2730833016267,-227.65233979604466,0.0,-758.8072084705699,164.900996336514,68.20516392390762,949.4994392572648,0.0,-19.341099225855835,0.0,-10.359322323746296,0.0,0.0,0.0,-5.079803440101,0.0,24.420902665956845,-1000.0,-1000.0,0.0,0.0,0.0,0.0,0.0,0.0,0.0,0.0,0.0,0.0,0.0,0.0,0.0,0.0,0.0,0.0,0.0,-690.3176046219942,0.0,-1000.0,0.0,0.0,399.8478401970961,0.0,0.0,0.0,-44.69380580837679,0.0,0.0,0.0,0.0,0.0,331.87472929878004,0.0,247.2945141007276,0.0,-331.87472929878004,0.0,-2.9499439257264797,166.9387384048232,-270.80163099059416,0.0,-250.24445802645408,1000.0,-1.4749719628632398,0.0,-577.4446912652728,0.0,0.0,0.0,-302.46772455746054,17.69966355435888,0.0,0.0,0.0,0.0,0.0,0.0,0.0,-178.39116021148746,178.39116021148746,178.39116021148746,91.55954662084038,0.0,0.0,0.0,0.0,0.0,0.0,0.0,0.0,-58.815612294439894,0.0,0.0,68.20022429709408,0.0,0.0,0.0,0.0,-1.3818421864099935,0.1179977570290986,0.0,0.0,0.0,0.0,0.0,0.0,0.0,355.8175625104359,0.0,0.0,0.0,0.0,0.0,0.0,0.0,0.0,0.0,0.0,0.0,0.06489876636598524,0.06489876636598524,6.606301357367184,262.59138450858154,0.0,35.39932710871776,0.0,0.0,0.0,-627.3803698267546,0.0,0.0,0.0,0.0,0.0,486.01078620845755,627.3803698267546,0.0,0.0,0.0,0.0,0.0,68.20022429709408,0.0,0.0,0.0,0.0,0.0,0.0,0.0,333.3333333333333,286.2730833016267,0.0,0.0,4.542913645618776,0.0,-364.0287329735618,0.0,-211.10034003154064,0.0,486.01078620845755,0.0,484.62894402204756,0.0,936.1443082123652,-936.1443082123652,178.39116021148746,0.0,0.0,0.0,0.0,0.0,0.0,0.0,0.0,0.0,0.0,0.0,0.0,0.0,35.39932710871776,132.05922676150814,132.05922676150814,0.0,0.0,0.0,0.0,0.0,0.0,0.0,0.0,0.0,0.0,0.5899887851452961,0.0,6.606301357367184,0.0,0.0,6.606301357367184,25.996815836224414,0.0,0.0,17.69966355435888,0.0,0.0,0.0,0.0,0.0,0.0,0.0,0.0,0.0,0.0,84.60281875357532,-59.25693321427525,0.0,17.69966355435888,17.69966355435888,610.5951151641341,627.3803698267546,0.0,68.20022429709408,0.0,0.0,0.0,0.0,0.0,854.513022976545,0.0,906.3174050776631,0.0589988785145296,0.0,0.0,77.9164474896527,0.0,0.0,355.8175625104359,364.0287329735618,0.0,0.0,0.0,0.0,0.0,0.0,0.0,0.0,0.0,0.0,0.0,0.0,0.0,0.0,0.0589988785145296,0.0,0.0,0.0,-1000.0,1000.0,0.0,0.0,0.0,0.0,0.0,355.1540343887193,0.0,0.0,-309.6823953780058,-4.42491588858972,-2.9499439257264823,0.0,0.0,0.0,0.0,0.0,0.0,0.0,0.0,0.0,0.0,0.0,0.0,132.05922676150814,68.20516392390762,0.0,0.0,-299.51778063173407,0.0,0.0,0.0,-0.0589988785145296,0.0,0.0,0.0589988785145296,0.0,0.0589988785145296,0.0,0.0,0.0,35.39932710871776,71.97863178772612,71.97863178772612,0.0,0.0,0.0,0.0,0.0,0.0,0.0,0.0,0.0,0.0,0.0,0.0,0.0,0.0,0.0,0.0,0.0,0.0,0.0,0.0,0.0,0.0,0.0,0.0,0.0,0.0,0.0,211.10034003154064,0.0,-503.39413845017606,503.39413845017606,0.08849831777179439,0.0,0.0,0.0,-17.69966355435888,0.0,0.0,0.0,0.0,0.0,-262.59138450858154,2.9499439257264797,0.0,0.0,0.0,0.0,0.0,-303.6864279297902,0.0,0.0,0.0,0.0,0.0,0.0,0.0,0.0,132.05922676150814,0.0,0.0,0.0,84.20022429709408,0.0,53.20022429709408,-10.359322323746296,0.0,-348.380233738167,0.0,348.380233738167,0.0,0.0,0.0,2.9499439257264823,770.6949587654292,0.0,0.0,-6.606301357367184,-58.815612294439894,-937.5000000000009,937.5000000000009,0.0,0.0,0.0,0.0,0.0,0.0,0.0,0.0,-8.84983177717936,71.97863178772612,0.0,-937.5,-937.5,944.1063013573672,0.0,0.0,0.0,0.0,0.0,408.353905442631,0.0,0.0,267.0163003971713,-77.9164474896527,0.0,-25.996815836224414,17.69966355435888,0.0,0.0,0.0,0.0,133.35405807687022,0.0,0.0,0.06489876636598524,0.0,0.0,0.0,35.98931589386306,0.0,0.0,0.0,0.0,16.317821367948888,0.0,0.0,0.0,0.0,0.0,0.0,0.0,0.0,0.0,0.0,0.005899887851453128,0.005899887851453128,0.0,0.0,0.0,0.0,0.0,0.0,0.0,0.0,0.0,77.9164474896527,6.606301357367184,0.0,0.0,0.0,0.0,262.59138450858154,0.0,0.0,0.0,0.0,0.0,0.0,0.0,0.0,0.0,0.0,0.0,0.0,71.40694425094267,-496.2710835935301,0.0,0.0,0.0,0.0,35.39932710871776,0.0,0.0,0.0,0.0,0.0,0.0,-35.39932710871776,0.0,0.0,0.0,0.0,0.0,0.0,0.0,0.0,0.0,6.606301357367184,6.606301357367184,0.0,-906.3174050776631,-1000.0,40.41423178245278,0.0,-17.69966355435888,0.0,309.44639986394765,0.0,0.0,0.0,0.0,0.0,0.0,0.0,0.0,0.0,0.0,0.0,0.0,0.0,0.0,0.0,0.0,0.0,-7.374859814316203,132.05922676150814,-4.42491588858972,4.4249158885897035,0.0,0.0,0.0,0.0,0.0,-0.73748598143162,0.0,58.815612294439894,0.0,0.0,0.0,0.0,0.0,0.0,0.0,1000.0,17.69966355435888,17.69966355435888,0.0,0.0,0.0,0.0,0.0,0.06489876636598524,262.59138450858154,0.0,0.0,-309.44639986394765,0.0,0.0,0.0,0.0,0.0,0.0,0.0,0.0,0.0,0.0,0.0,0.0,0.0,0.0,251.69706922508803,0.0,0.0,0.0,0.0,61.94882244025609,4.542913645618776,0.0,0.0,0.0,0.0,0.0,262.59138450858154,0.0,700.5843242011599,0.0,0.0,0.0,-7.374859814316203,0.0,0.0,0.0,0.0,0.0,0.0,0.0,0.0,0.0,0.0,0.0,0.0,0.0,0.0,0.0,0.0,0.0,0.0,-0.0589988785145296,0.0,0.0,2.9499439257264797,-486.01078620845755,0.0,0.0,0.0,0.0,132.05922676150814,0.0,0.0,0.0,5.079803440101,1.4749719628632398,0.0,0.0,0.0,0.0589988785145296,0.0,58.99887851452959,-18.289652339504176,11.799775702905919,0.4214205608180685,164.6068710555376,-0.04424915888589719,2.9499439257264726,1.179977570290592,-0.29499439257270427,-164.6068710555376,17.699663554358878,-0.0589988785145296,3.4531074412487652,68.20022429709408,0.0147497196286324,0.4214205608180685,-10.359322323746296,-9.392621459512895,5.426323787076626,223.20861538276714,-0.0589988785145296,0.0147497196286324,-164.6068710555376,5.899887851452959,0.0589988785145296,0.0589988785145296,-262.46748686370097,0.06489876636598273,0.0,-0.04424915888589719,17.69966355435888,0.0589988785145296,17.69966355435888,-29.4994392572648,-0.0294994392572648,-218.14359129198368,-85.0,-0.04424915888589719,-0.0589988785145296,-18.289652339504176,0.0589988785145296,5.899887851452959,-1.179977570290592,211.10034003154064,211.10034003154064,-5.899887851452959,-223.20861538276714,-211.10034003154064,11.799775702905919,0.08849831777179439,-601.3676987650475,5.899887851452959,-333.3333333333333,68.20022429709408,-11.799775702905919,0.0294994392572648,0.5899887851452961,189.70180211764247,96.0,-0.0589988785145296,-275.86613217435064,262.46748686370097,18.289652339504176,0.0589988785145296,9.392621459512895,-2.5984299203413883,68.20022429709408,-0.0589988785145296,-0.0147497196286324,-68.20022429709408,-0.0589988785145296,-1.3818421864099935,0.058998878514984344,-0.0147497196286324,-0.0147497196286324,-0.0147497196286324,23.599551405811837,29.4994392572648,0.5899887851452961,157.52643612313005,-0.0147497196286324,375.95049679403616,2.9499439257264797,3.6408650189314766,0.0589988785145296,0.0294994392572648,0.0294994392572648,40.0,18.289652339504176,0.0589988785145296,-18.289652339504176,0.5899887851452961,0.0589988785145296,-385.1577201304864,0.0589988785145296,0.2359955140582315,0.29499439257270427,0.0294994392572648,0.0147497196286324,17.69966355435888,-0.0589988785145296,0.0,-2.713161893538313,-315.0528722462601,1.4749719628632478,-5.899887851452959,11.799775702905919,2.9499439257264797,-0.0589988785145296,10.359322323746296,0.08849831777179439,-0.0589988785145296,-80.0,18.289652339504176,-13.721358694810071,0.0294994392572648,-7.281730037862957,-0.0589988785145296,-0.058998878514984344,-0.058998878514529604,0.0294994392572648,164.6068710555376,-11.799775702905919,0.0589988785145296,379.40360423528494,-0.0147497196286324,-0.06489876636598273,-379.40360423528494,8.849831777179439,85.0,393.03663091700355,164.6068710555376,-0.04424915888589719,275.86613217435064,-96.0,0.0589988785145296,-0.014749719628632396,2.9499439257264823,58.99887851452959,-0.0294994392572648,-0.0589988785145296,0.0147497196286324,353.71266350290193,0.0,-255.39743994815626,227.63128400735633,-46.0,0.0,-97.3904524894879,-31.0,0.0,-32.0,-93.0,-65.0,-856.7356392739465,16.0,23.0,46.5,0.0,15.5,-262.59138450858154,-119.63269938206015,856.7356392739465,65.0,-119.63269938206015,97.3904524894879,-50.345955210299735,0.0,1496.5981,hclb
97,0.0,0.0,0.0,0.0,0.0,0.0,0.0,0.0,-0.06029533272481074,0.0,0.0,0.0,0.0,0.0,0.0,0.0,-59.316581552650106,-848.602393907192,0.0,937.6214178455189,0.0,0.0,0.0,97.06766108650933,0.0,0.0,0.0,0.0,0.0,-167.82459506469127,0.0,0.0,10.892466955667508,0.0,0.0,0.0,0.0,458.39606272688343,0.0,-1000.0,1000.0,0.0,-131.86521440245315,1000.0,0.0,0.0,600.0470433507501,0.0,235.76515365975638,-651.7202872548339,0.0,919.8170713858801,0.0,0.06632486599735145,0.0,0.0,0.0,12.059066544962148,0.0,0.0,9.8640634476154,0.0,1000.0,964.3418461988758,0.0,0.0,0.0,0.0,0.0,0.0,0.0,0.6029533272481075,0.0,0.0,0.0,0.0,0.0,0.0,0.0,0.0,0.0,0.0,0.0,0.0,36.17719963488645,0.0,0.0,-175.5538234635842,916.4388978578706,59.40702455173732,-0.015073833181202685,0.0,0.0,0.0,18.088599817443225,0.0,18.088599817443225,-1.941509713737105,0.0,0.0,0.0,3.014766636240537,-912.8545531453742,0.0,0.0,-18.775006191114112,552.2640678590285,0.0,0.0,0.0,0.0,0.0,0.0,0.0,0.0,0.0,0.0,0.0,0.0,0.0,0.0,0.0,0.0,0.0,-478.4792843921065,0.0,0.0,18.088599817443225,0.0,18.69155314469133,0.0,0.0,-1000.0,1000.0,0.0,0.0,62.50000000000006,0.0,0.0,-108.02221724873964,0.0,0.0,0.0,0.0,0.0,4.642740619810424,0.06029533272481074,0.0,0.0,0.0,263.5690269915508,-1000.0,0.0,0.0,0.0,0.0,135.77243100917116,0.0,0.0,0.0,0.0,0.0,400.0132519819747,400.0132519819747,0.0,0.0,0.0,0.0,-779.365233795508,0.0,0.0,400.0735473146995,0.0,0.0,0.0,-74.80159317516777,0.0,0.0,0.0,0.0,0.0,0.0,0.0,0.0,0.0,0.0,-482.18834803393037,0.0,0.0,0.0,0.0,-1000.0,0.0,0.0,0.0,0.0,0.0,651.7202872548339,-787.951856983427,-215.4263165445825,215.4263165445825,45.52221724873958,0.0,0.0,0.0,0.0,0.0,0.0,745.029958080683,-770.4290779861428,0.0,0.0,0.0,0.0,0.0,0.0,0.0,0.0,0.0,0.0,0.0,0.0,0.0,351.13823621320097,165.28503823934497,779.3278799410123,0.0,0.0,0.0,0.0,78.91017139479412,0.0,0.0,0.0,0.0,9.8640634476154,-220.67212005898773,0.0,0.0,0.0,0.0,0.0,0.0,0.0,0.0,0.0,0.0,0.0,0.0,0.0,1000.0,-943.1668433318373,0.0,-779.3278799410123,0.0,0.0,45.52221724873958,0.0,0.0,0.0,0.0,-67.90567244561964,0.0,0.0,-1000.0,0.0,0.0,-1000.0,0.0,0.0,701.0125813132881,0.0,733.1984485834523,651.7202872548339,0.0,43.79158965868828,0.0,0.0,0.0,-172.8064235893076,0.0,172.8064235893076,0.0,1000.0,0.0,0.0,-66.55715585225414,0.0,0.0,0.0,9.8640634476154,-0.0904429990872161,0.0,0.0,0.0,0.0,0.06029533272481074,0.0,0.0,0.0,857.4790115390231,-59.316581552650106,0.0,-374.9305607798533,195.98049857830563,0.0,950.1476663624054,0.0,-455.72112450180174,0.0,-18.775006191114112,0.0,0.0,0.0,-5.191428147606264,141.2775274487691,319.6350252006389,-1000.0,-1000.0,0.0,0.0,0.0,0.0,0.0,0.0,0.0,0.0,0.0,0.0,0.0,0.0,0.0,0.0,0.0,0.0,0.0,0.0,0.0,-1000.0,0.0,541.362755942217,0.0,0.0,0.0,0.0,-4.642740619810424,0.0,0.0,0.0,390.01376369489657,0.0,0.0,0.0,0.0,-96.56811728173508,-141.2775274487691,0.0,-648.6452237262705,0.0,-790.8364544094932,0.0,-108.9869815888645,0.0,95.06073396361482,645.63045709003,0.0,0.0,1000.0,-42.314492035798025,-385.2064426879233,18.088599817443225,-625.0000000017908,625.0000000017908,0.0,160.72391779461793,0.0,0.0,0.0,-351.13823621320097,351.13823621320097,351.13823621320097,-61.00797814846595,0.0,0.0,0.0,0.0,0.0,745.029958080683,0.0,0.0,-25.794090353508782,0.0,0.0,67.94093345503785,0.0,0.0,0.0,0.0,-36.970466727518925,0.12059066544966174,0.0,0.0,0.0,0.0,0.0,0.0,0.0,0.0,0.0,0.0,0.0,0.0,0.0,0.0,0.0,0.0,0.0,0.0,0.0,0.06632486599735145,0.06632486599735145,0.0,435.0791696682388,0.0,36.17719963488645,0.0,0.0,0.0,409.5433359906347,0.0,127.44386019516367,0.0,0.0,0.0,133.8623028348539,-409.5433359906347,0.0,0.0,825.3157056179485,0.0,0.0,67.94093345503785,0.0,0.0,0.0,0.0,0.0,0.0,0.0,159.49309479736883,-857.4790115390231,184.16690514942067,105.97221495262396,4.642740619810424,0.0,0.0,0.0,-124.4323886435337,0.0,133.8623028348539,0.0,96.89183610733497,0.0,0.0,0.0,351.13823621320097,0.0,0.0,0.0,0.0,0.0,0.0,0.0,0.0,0.0,0.0,0.0,0.0,0.0,36.17719963488645,45.52221724873958,45.52221724873958,0.0,0.0,0.0,0.0,0.0,0.0,0.0,0.0,0.0,0.0,0.6029533272481075,0.0,0.0,0.0,0.0,0.0,-787.951856983427,0.0,0.0,18.088599817443225,-825.3157056179485,0.0,0.0,0.0,105.97221495262396,0.0,0.0,0.0,0.0,0.0,107.86052564425044,903.1087122955058,0.0,18.088599817443225,18.088599817443225,1000.0,-409.5433359906347,0.0,67.94093345503785,0.0,0.0,0.0,0.0,0.0,912.8545531453742,745.029958080683,888.2042464242049,0.06029533272481073,0.0,0.0,-593.7500000000979,673.3786004821711,0.0,0.0,0.0,0.0,0.0,0.0,0.0,0.0,0.0,0.0,0.0,0.0,0.0,0.0,0.0,0.0,0.0,0.06029533272481073,0.0,0.0,0.0,-789.1919433886277,789.1919433886277,0.0,0.0,0.0,541.362755942217,0.0,-4.642740619810424,0.0,0.0,-1000.0,-4.522149954360806,0.0,-3.014766636240537,0.0,0.0,0.0,0.0,0.0,0.0,0.0,0.0,0.0,0.0,0.0,45.52221724873958,0.0,0.0,0.0,617.8083239483173,0.0,0.0,0.0,-0.06029533272481074,0.0,0.0,0.06029533272481073,0.0,0.06029533272481073,0.0,0.0,0.0,36.17719963488645,73.5603059242691,73.5603059242691,0.0,0.0,0.0,0.0,0.0,0.0,0.0,184.16690514942067,0.0,745.029958080683,0.0,0.0,0.0,0.0,0.0,0.0,0.0,0.0,0.0,0.0,0.0,0.0,0.0,0.0,0.0,0.0,0.0,124.4323886435337,0.0,0.0,0.0,0.0904429990872161,0.0,0.0,0.0,-18.088599817443225,0.0,0.0,0.0,0.0,0.0,-435.0791696682388,3.014766636240537,0.0,0.0,0.0,0.0,779.365233795508,4.642740619810424,-3.014766636240537,0.0,0.0,0.0,0.0,0.0,0.0,0.0,45.52221724873958,0.0,825.3157056179485,0.0,83.94093345503785,0.0,237.10783860445852,-18.775006191114112,0.0,0.0,0.0,0.0,0.0,-73.5603059242691,0.0,3.014766636240537,547.8881913033294,0.0,0.0,0.0,-25.794090353508782,0.0,0.0,0.0,0.0,0.0,0.0,0.0,0.0,0.0,921.78966765653,-448.64561953132113,73.5603059242691,0.0,0.0,0.0,0.0,0.0,0.0,0.0,0.0,0.0,0.0,0.0,0.0,0.0,-79.62860048207324,-854.1012765579735,-131.86521440245315,18.088599817443225,0.0,0.0,0.0,0.0,-110.53486726946677,0.0,0.0,0.06632486599735145,0.0,0.0,0.0,36.78015296213455,0.0,0.0,0.0,0.0,165.28503823934497,0.0,552.2640678590285,0.0,0.0,0.0,0.0,0.0,0.0,0.0,0.0,0.006029533272481074,0.006029533272481074,0.0,0.0,0.0,0.0,0.0,0.0,0.0,0.0,0.0,-593.7500000000979,0.0,0.0,0.0,0.0,0.0,435.0791696682388,0.0,0.0,0.0,0.0,0.0,0.0,0.0,651.7202872548339,0.0,0.0,0.0,0.0,0.0,1000.0,-848.602393907192,0.0,0.0,0.0,36.17719963488645,0.0,0.0,0.0,0.0,0.0,35.975457728186825,-72.15265736307327,0.0,0.0,0.0,0.0,0.0,0.0,0.0,0.0,0.0,0.0,0.0,0.0,-1000.0,-1000.0,41.30230291649536,-824.6437460583867,806.5551462409435,0.0,999.7588186691004,0.0,0.0,0.0,0.0,0.0,0.0,0.0,0.0,0.0,0.0,0.0,0.0,0.0,0.0,0.0,0.0,0.0,-7.536916590601344,45.52221724873958,-4.522149954360806,444.1234695769604,0.0,0.0,0.0,0.0,0.0,-0.7536916590601345,0.0,25.794090353508782,0.0,0.0,0.0,0.0,0.0,0.0,0.0,888.2042464242049,18.088599817443225,18.088599817443225,0.0,0.0,0.0,0.0,0.0,0.06632486599735145,435.0791696682388,0.0,0.0,-999.7588186691004,0.0,0.0,0.0,0.0,0.0,0.0,0.0,0.0,0.0,0.0,0.0,0.0,0.0,0.0,0.0,0.0,0.0,0.0,0.0,63.310099361051286,0.0,0.0,4.642740619810424,0.0,0.0,0.0,435.0791696682388,0.0,-6.584250333547529,0.0,0.0,0.0,-7.536916590601344,0.0,0.0,0.0,0.0,0.0,0.0,0.0,0.0,0.0,0.0,0.0,0.0,0.0,0.0,0.0,0.0,0.0,0.0,-0.06029533272481073,0.0,0.0,3.014766636240537,-133.8623028348539,0.0,0.0,0.0,0.0,45.52221724873958,0.0,0.0,0.0,5.191428147606264,1.5073833181202685,0.0,0.0,0.0,0.06029533272481074,0.0,60.295332724810734,-18.69155314469133,12.05906654496215,0.4306809480343624,168.22397830222198,-0.04522149954360805,3.0147666362405445,1.205906654496215,-0.3014766636244323,-168.22397830222198,18.088599817443225,-0.06029533272481074,6.258335397038038,67.94093345503785,0.015073833181202685,0.4306809480343624,-18.775006191114112,-9.599016969788066,-1.205906654496215,-29.702442385676775,-0.06029533272481074,0.015073833181202685,-168.22397830222198,6.029533272481074,0.06029533272481074,0.06029533272481073,-434.95254946951667,0.06632486599729182,-10.312921300958212,-0.04522149954360805,18.088599817443225,0.06029533272481074,18.088599817443225,-30.147666362405374,-0.03014766636240537,-87.90949732598472,-85.0,-0.04522149954360805,-0.06029533272481074,-18.69155314469133,0.06029533272481074,6.029533272481103,-1.205906654496215,124.4323886435337,124.4323886435337,-6.029533272481074,29.702442385676775,-124.4323886435337,12.059066544962148,0.0904429990872161,-1000.0,6.029533272481074,-159.49309479736883,67.94093345503785,-12.059066544962148,0.03014766636240537,0.6029533272481075,93.73264019496332,96.0,-0.06029533272481073,-448.64561953132113,434.95254946951667,18.69155314469133,0.06029533272481074,9.599016969788066,-4.413465814735247,67.94093345503785,-0.06029533272481073,-0.015073833181202685,-67.94093345503785,-0.06029533272481074,-589.2345345865474,0.06029533272487517,-0.015073833181202685,-0.015073833181202685,-0.015073833181202685,24.118133089924296,30.147666362405374,0.6029533272481075,44.671304632493275,-0.015073833181202685,181.20694499288862,3.014766636240537,21.5,0.06029533272481073,0.03014766636240537,0.03014766636240537,40.0,18.69155314469133,0.06029533272481073,-18.69155314469133,0.6029533272481075,0.06029533272481074,-44.671304632493275,0.06029533272481074,0.24118133089962157,0.3014766636244323,0.03014766636240537,0.015073833181202685,18.088599817443225,-0.06029533272481074,10.312921300958212,0.6029533272481075,-89.34260926498655,1.5073833181202616,-6.029533272481103,12.059066544962148,3.014766636240537,-0.06029533272481074,18.775006191114112,0.0904429990872161,-0.06029533272481074,-80.0,18.69155314469133,227.16829373874063,0.03014766636240537,-43.0,-0.06029533272481074,-0.06029533272487517,-0.06029533272481074,0.03014766636240537,168.22397830222198,-12.059066544962148,0.06029533272481073,187.46528038992665,-0.015073833181202685,-0.06632486599729182,-187.46528038992665,9.04429990872161,85.0,490.98477253807874,168.22397830222198,-0.04522149954360805,448.64561953132113,-96.0,0.06029533272481074,-0.015073833181202683,393.0285303311371,60.295332724810734,-0.03014766636240537,-0.06029533272481074,0.015073833181202685,0.0,0.0,239.55024646861213,0.0,-46.0,0.0,683.1529684755671,-31.0,0.0,-32.0,-93.0,-65.0,-760.4196058650255,16.0,23.0,46.5,0.0,15.5,-435.0791696682388,-116.63342646927386,760.4196058650255,65.0,-116.63342646927386,-683.1529684755671,340.76845050891063,0.0,1496.5981,hclb
98,0.0,0.0,0.0,0.0,0.0,0.0,0.0,0.0,-0.056760689173645754,0.0,0.0,0.0,0.0,0.0,0.0,0.0,-849.1625533649446,715.1592714129091,0.0,714.860569037158,0.0,0.0,0.0,562.1805147157233,0.0,0.0,0.0,0.0,0.0,1000.0,0.0,0.0,7.389082151963088,0.0,0.0,0.0,0.0,0.0,0.0,-1000.0,982.9717932479062,0.0,0.0,-809.8803426440697,0.0,0.0,0.0,143.2003755160084,1000.0,0.0,0.0,260.45960251715127,0.0,0.06243675809109561,0.0,0.0,0.0,0.0,0.0,0.0,4.577172327364672,0.0,0.0,-24.15051873440547,0.0,0.0,0.0,0.0,0.0,0.0,0.0,0.5676068917364576,0.0,0.0,0.0,0.0,0.0,0.0,0.0,0.0,0.0,0.0,-173.91297437394599,0.0,34.056413504187454,0.0,0.0,702.6156474218246,2.8725544914630063,741.0671008440484,-0.014190172293411438,0.0,0.0,-609.7309910221113,17.028206752093727,0.0,17.028206752093727,-1.8276941913905203,0.0,0.0,0.0,895.6989349047126,163.6590148543985,0.0,0.0,-22.356506617299257,0.0,0.0,0.0,0.0,0.0,0.0,0.0,0.0,0.0,0.0,0.0,0.0,0.0,0.0,0.0,0.0,0.0,0.0,-449.3762992101832,0.0,0.0,17.028206752093727,0.0,17.595813643830187,0.0,0.0,-755.6208824903136,755.6208824903136,0.0,0.0,-28.72769106177014,937.5000000000347,-937.5000000000347,0.0,0.0,0.0,0.0,0.0,0.0,178.2835474403167,0.056760689173645754,0.0,0.0,0.0,0.0,0.0,0.0,0.0,173.91297437394599,0.0,355.39584579259684,0.0,0.0,0.0,0.0,0.0,571.0737824104262,571.0737824104262,0.0,0.0,0.0,812.5,0.0,0.0,0.0,571.1305430995999,0.0,0.0,0.0,-235.04769237831263,-736.0491519991814,0.0,0.0,0.0,0.0,0.0,0.0,0.0,0.0,0.0,-191.60186590042264,0.0,0.0,0.0,0.0,-45.53771786641377,0.0,0.0,0.0,0.0,0.0,0.0,-260.45960251715127,-743.9396553355114,743.9396553355114,0.0,0.0,0.0,0.0,0.0,0.0,0.0,836.3409851456015,-953.4472239814348,0.0,0.0,0.0,0.0,0.0,0.0,0.0,0.0,0.0,0.0,0.0,0.0,0.0,287.82739874502835,-20.2957243305417,-890.377844117904,0.0,0.0,0.0,28.72769106177014,0.0,0.0,0.0,0.0,0.0,4.577172327364672,-80.49750147383429,0.0,0.0,0.0,0.0,0.0,0.0,0.0,0.0,0.0,154.55251335073754,0.0,0.0,-746.8122098269744,0.0,698.216389569162,0.0,890.377844117904,0.0,0.0,28.72769106177014,0.0,0.0,0.0,0.0,-433.46692105060794,0.0,0.0,-1000.0,-340.0105908071896,0.0,-1000.0,340.0105908071896,0.0,-741.0671008440484,0.0,-756.0758597901174,0.0,0.0,158.36232279447168,0.0,0.0,0.0,-774.4882467241771,0.0,774.4882467241771,0.0,571.0170217212526,0.0,28.72769106177014,0.0,812.5,0.0,0.0,4.577172327364672,-0.08514103376046862,0.0,0.0,0.0,0.0,0.056760689173645754,0.0,0.0,0.0,28.50951111432005,-849.1625533649446,0.0,-801.0792990427484,178.24333242393817,736.0491519991814,1000.0,0.0,0.0,0.0,-22.356506617299257,0.0,0.0,0.0,-4.887095337850984,0.0,4.887095337850984,-1000.0,510.0967588117481,0.0,0.0,0.0,0.0,0.0,0.0,0.0,0.0,0.0,0.0,0.0,0.0,0.0,0.0,0.0,0.0,0.0,-999.7729572433057,0.0,-1000.0,173.91297437394599,0.0,0.0,1000.0,0.0,196.90639094100587,-178.28354744031674,0.0,0.0,0.0,249.04671368535122,892.8609004460303,0.0,-687.5000000000006,-796.1320387649247,0.0,0.0,559.536001888683,-2.8380344586822877,-330.3620769955162,0.0,687.5000000000006,-153.1364459167728,0.0,-1.4190172293411438,0.0,0.0,0.0,0.0,-3.8209151660072393,741.9911550591914,17.028206752093727,0.0,0.0,0.0,0.0,0.0,0.0,748.6879780829345,460.86057933790613,-460.86057933790613,-460.86057933790613,104.00436878257011,0.0,0.0,0.0,0.0,0.0,836.3409851456015,0.0,0.0,-19.5733464070408,0.0,562.5000000001601,0.0,0.0,0.0,0.0,0.0,-37.323931082635426,0.11352137834722859,0.0,0.0,0.0,0.0,0.0,0.0,0.0,0.0,0.0,0.0,0.0,0.0,0.0,0.0,0.0,0.0,0.0,0.0,0.0,0.06243675809109561,0.06243675809109561,0.0,372.4752609102992,0.0,34.056413504187454,0.0,0.0,0.0,254.70279872411487,0.0,0.0,0.0,0.0,0.0,515.3321193305883,-254.70279872411487,0.0,0.0,366.0727395766228,0.0,0.0,0.0,0.0,0.0,0.0,0.0,0.0,0.0,0.0,149.79209973672775,-28.50951111432005,0.0,0.0,56.646682730196034,0.0,-609.7309910221113,0.0,0.0,0.0,515.3321193305883,0.0,0.0,478.00818824795283,-812.500000000091,812.500000000091,287.82739874502835,0.0,0.0,0.0,0.0,0.0,0.0,0.0,0.0,0.0,0.0,0.0,0.0,0.0,34.056413504187454,28.72769106177014,28.72769106177014,0.0,0.0,0.0,0.0,0.0,0.0,0.0,0.0,0.0,0.0,0.5676068917364576,0.0,0.0,0.0,0.0,0.0,-260.45960251715127,0.0,0.0,17.028206752093727,-366.0727395766228,0.0,0.0,52.276109663825316,0.0,0.0,0.0,0.0,0.0,0.0,726.8931914285436,0.0,0.0,17.028206752093727,17.028206752093727,1000.0,-254.70279872411487,0.0,0.0,0.0,0.0,0.0,0.0,0.0,912.2613142920711,836.3409851456015,510.0967588117481,0.056760689173645754,0.0,0.0,0.0,74.96059872368119,0.0,0.0,609.7309910221113,0.0,0.0,0.0,0.0,0.0,0.0,0.0,0.0,0.0,0.0,0.0,0.0,0.0,0.0,0.056760689173645754,0.0,0.0,0.0,0.0,0.0,0.0,0.0,0.0,0.0,0.0,232.99050916562203,0.0,0.0,-411.5010993626331,-4.257051688023353,-2.8380344586822877,0.0,0.0,562.5,562.5,-562.5,0.0,0.0,0.0,0.0,0.0,0.0,0.0,28.72769106177014,736.0491519991814,0.0,0.0,744.8291895178737,0.0,0.0,0.0,-0.056760689173645754,0.0,0.0,0.056760689173645754,0.0,0.056760689173645754,0.0,0.0,0.0,34.056413504187454,69.24804079184783,69.24804079184783,0.0,0.0,0.0,0.0,0.0,0.0,0.0,0.0,0.0,836.3409851456015,0.0,0.0,0.0,0.0,0.0,0.0,0.0,0.0,0.0,0.0,0.0,0.0,0.0,0.0,0.0,0.0,0.0,0.0,0.0,-498.21294889899224,498.21294889899224,0.08514103376046862,0.0,0.0,0.0,-17.028206752093727,0.0,0.0,0.0,0.0,0.0,-372.4752609102992,2.8380344586822877,0.0,0.0,0.0,-812.5,0.0,-821.7164525596833,0.0,0.0,562.5000000001601,0.0,0.0,0.0,0.0,0.0,28.72769106177014,0.0,366.0727395766228,0.0,84.64786216527085,0.0,53.64786216527085,-22.356506617299257,411.27405660593877,-1000.0,0.0,588.7259433940612,173.91297437394599,-69.24804079184783,0.0,2.8380344586822877,727.1177957938821,0.0,0.0,0.0,-19.5733464070408,0.0,0.0,-562.5000000000006,562.5000000000006,0.0,0.0,0.0,0.0,0.0,568.3341784987452,-385.2464159743695,69.24804079184783,0.0,-437.50000000000006,-437.50000000000006,437.50000000000006,0.0,0.0,0.0,0.0,0.0,0.0,0.0,0.0,0.0,-74.96059872368119,-729.9235346071139,0.0,17.028206752093727,0.0,0.0,0.0,0.0,163.52148520974947,0.0,0.0,0.06243675809109561,0.0,0.0,0.0,34.624020395923914,0.0,0.0,0.0,0.0,-20.2957243305417,0.0,0.0,0.0,0.0,0.0,0.0,0.0,0.0,0.0,0.0,0.005676068917364737,0.005676068917364737,0.0,0.0,0.0,0.0,0.0,0.0,0.0,0.0,0.0,0.0,0.0,0.0,0.0,0.0,0.0,372.4752609102992,0.0,0.0,0.0,0.0,0.0,0.0,0.0,0.0,0.0,0.0,0.0,0.0,0.0,-1000.0,715.1592714129091,0.0,0.0,0.0,34.056413504187454,0.0,0.0,0.0,0.0,0.0,0.0,-34.056413504187454,0.0,0.0,0.0,0.0,0.0,0.0,0.0,0.0,0.0,0.0,0.0,0.0,1000.0,75.92032914646967,38.88107208394735,0.0,-17.028206752093727,0.0,0.0,0.0,0.0,0.0,0.0,0.0,0.0,0.0,0.0,0.0,0.0,0.0,0.0,0.0,0.0,0.0,0.0,0.0,-7.09508614670564,28.72769106177014,-897.1179521340538,380.9893642863461,0.0,0.0,0.0,0.0,0.0,-0.709508614670572,0.0,193.48632078098677,0.0,0.0,0.0,0.0,0.0,0.0,0.0,1000.0,17.028206752093727,17.028206752093727,0.0,0.0,0.0,0.0,0.0,0.06243675809109561,372.4752609102992,0.0,0.0,0.0,0.0,0.0,0.0,0.0,0.0,0.0,0.0,0.0,0.0,0.0,0.0,0.0,0.0,0.0,249.10647444949612,0.0,0.0,0.0,0.0,59.59872363232805,0.0,0.0,4.370573066370724,0.0,0.0,0.0,372.4752609102992,0.0,817.0507239096105,0.0,0.0,0.0,-7.09508614670564,0.0,0.0,0.0,0.0,0.0,0.0,0.0,0.0,0.0,0.0,0.0,0.0,0.0,0.0,0.0,0.0,0.0,0.0,-0.056760689173645754,0.0,0.0,2.8380344586822877,-515.3321193305883,0.0,0.0,0.0,0.0,28.72769106177014,0.0,0.0,0.0,4.887095337850984,1.4190172293411438,0.0,0.0,0.0,0.056760689173645754,0.0,56.76068917364575,-17.595813643830187,11.35213783472915,0.40543349409746965,158.36232279447168,-0.04257051688023431,949.2684846816975,1.135213783472915,-0.2838034458679911,-158.36232279447168,17.028206752093727,-0.056760689173645754,7.452168872433085,0.0,0.014190172293411438,0.40543349409746965,-22.356506617299257,-9.036301716443518,-1.1352137834729206,-580.8572870851224,-0.056760689173645754,0.014190172293411438,-158.36232279447168,5.676068917364575,0.056760689173645754,0.056760689173645754,-372.35606346303445,0.06243675809101049,0.0,-0.04257051688023431,17.028206752093727,0.056760689173645754,17.028206752093727,-28.38034458682288,-0.028380344586822877,-310.6828325579983,-5.732829606538218,-0.04257051688023431,-0.056760689173645754,-17.595813643830187,0.056760689173645754,5.676068917364575,-1.135213783472915,0.0,0.0,-5.676068917364575,580.8572870851224,0.0,11.35213783472915,0.08514103376046862,-155.78461904800315,5.676068917364575,-149.79209973672775,0.0,-11.35213783472915,0.028380344586822877,0.5676068917364576,200.2698247606871,96.0,-0.056760689173645754,-385.2464159743695,372.35606346303445,17.595813643830187,0.056760689173645754,9.036301716443518,-68.11282700837504,0.0,-0.056760689173645754,-0.014190172293411438,0.0,-0.056760689173645754,-37.323931082635426,0.056760689173645754,-0.014190172293411438,-0.014190172293411438,-0.014190172293411438,22.7042756694583,28.38034458682288,0.5676068917364576,361.3683837276824,-0.014190172293411438,393.0874806489411,2.8380344586822877,21.5,0.056760689173645754,0.028380344586822877,0.028380344586822877,-8.687776613520494,17.595813643830187,0.056760689173645754,-17.595813643830187,0.5676068917364576,0.056760689173645754,-1000.0,0.056760689173645754,0.22704275669434537,0.2838034458679911,0.028380344586822877,0.014190172293411438,17.028206752093727,-0.056760689173645754,0.0,0.5676068917364603,-722.7367674553648,947.8494674523563,-5.676068917364575,11.35213783472915,2.8380344586822877,-0.056760689173645754,22.356506617299257,0.08514103376046862,-0.056760689173645754,17.37555322704099,17.595813643830187,77.11714054261219,0.028380344586822877,-43.0,-0.056760689173645754,-0.056760689173645754,-0.056760689173645754,0.028380344586822877,158.36232279447168,-11.35213783472915,0.056760689173645754,400.5396495213742,-0.014190172293411438,-0.06243675809101049,-400.5396495213742,8.514103376046862,5.732829606538221,262.3095388585503,158.36232279447168,-0.04257051688023431,385.2464159743695,-96.0,0.056760689173645754,-0.014190172293411442,251.88474814403352,56.76068917364575,-0.028380344586822877,-0.056760689173645754,0.014190172293411438,0.0,0.0,155.75623870341633,638.6316162723176,-46.0,0.0,43.12916652749717,-31.0,0.0,-32.0,-93.0,-65.0,0.0,16.0,23.0,46.5,0.0,15.5,-372.4752609102992,-240.63862575236166,0.0,65.0,-240.63862575236166,-43.12916652749717,52.78296230925382,0.0,1496.5981,hclb
99,0.0,0.0,0.0,0.0,0.0,0.0,0.0,0.0,-0.013703070095931259,0.0,0.0,0.0,0.0,0.0,0.0,0.0,160.6479669512313,-718.1875000000018,0.0,948.8085144890108,0.0,0.0,0.0,0.0,0.0,0.0,0.0,0.0,0.0,-533.654803485799,0.0,0.0,60.10469556497395,0.0,0.0,0.0,0.0,999.9451877196165,0.0,-1000.0,1000.0,0.0,-373.0068365345677,950.4071983914521,0.0,0.0,0.0,214.78714074013016,-1000.0,0.0,0.0,0.0,0.0,0.015073377105537937,0.0,0.0,0.0,217.5277547593164,0.0,0.0,263.12380010902,0.0,257.20651180968656,-272.66143952769784,0.0,0.0,0.0,0.0,113.87479509625891,-47.768902354416376,0.0,0.1370307009593126,0.0,0.0,0.0,0.0,0.0,0.0,0.0,0.0,0.0,0.0,-104.33493481129955,0.0,8.221842057558757,0.0,0.0,323.05267722869127,766.8171244403277,-160.62741234608757,-0.0034257675239828147,0.0,0.0,0.0,4.110921028779378,0.0,4.110921028779378,-0.441238857088706,0.0,0.0,0.0,200.34653011853385,-1000.0,0.0,0.0,0.0,0.0,0.0,0.0,0.0,0.0,0.0,0.0,0.0,0.0,0.0,0.0,0.0,0.0,0.0,0.0,0.0,0.0,0.0,-1000.0,0.0,0.0,4.110921028779378,0.0,4.24795172973869,4.24795172973869,0.0,-113.92240937343684,-745.546340626565,859.4687500000018,-859.4687500000018,-105.49175144641072,723.3560401486932,-723.3560401486932,-687.4999999999937,0.0,0.0,0.0,0.0,0.0,105.39007120868625,0.013703070095931259,0.0,0.0,0.0,0.0,-212.13408011865502,0.0,0.0,104.33493481129955,0.0,-208.94658818406322,0.0,0.0,0.0,0.0,0.0,188.2014991160196,188.2014991160196,0.0,0.0,0.0,0.0,-696.6927340411919,0.0,0.0,188.21520218611553,0.0,0.0,0.0,-1000.0,-368.9838220908662,0.0,0.0,0.0,0.0,0.0,0.0,0.0,0.0,0.0,-735.0607720700798,0.0,0.0,0.0,0.0,-435.27511316720756,0.0,0.0,0.0,0.0,0.0,0.0,373.0068365345677,-606.1897120942401,606.1897120942401,792.9917514464045,0.0,0.0,0.0,0.0,0.0,0.0,466.345196514201,-727.3194176625227,0.0,0.0,0.0,0.0,0.0,0.0,0.0,0.0,0.0,0.0,0.0,0.0,0.0,177.52587721847868,174.61530815702753,1000.0,0.0,0.0,0.0,0.0,-398.38713315678393,0.0,0.0,0.0,0.0,263.12380010902,49.592801608547916,0.0,0.0,0.0,0.0,0.0,0.0,0.0,0.0,0.0,0.0,0.0,0.0,0.0,1000.0,-910.1301983309811,0.0,-1000.0,0.0,0.0,792.9917514464045,0.0,0.0,0.0,0.0,-498.8842231537368,0.0,0.0,-1000.0,0.0,0.0,-1000.0,0.0,0.0,160.62741234608757,0.0,301.37862516607765,0.0,0.0,-347.8771492624949,0.0,0.0,0.0,0.0,0.0,0.0,0.0,188.18779604592368,0.0,0.0,-1000.0,0.0,0.0,0.0,263.12380010902,-0.020554605143896888,0.0,0.0,0.0,0.0,0.013703070095931259,0.0,0.0,0.0,36.559573848807766,160.6479669512313,0.0,-225.08796583652565,364.4910015769063,368.9838220908662,926.8515350479656,0.0,344.41924679460374,0.0,0.0,0.0,0.0,0.0,213.8767072644906,-558.2959540590944,0.0,386.5190006977931,-1000.0,0.0,0.0,0.0,0.0,0.0,0.0,0.0,0.0,0.0,0.0,0.0,0.0,0.0,0.0,0.0,0.0,0.0,0.0,0.0,-1000.0,104.33493481129955,0.0,0.0,0.0,0.0,0.0,530.1184885533298,0.0,0.0,0.0,576.504400496772,199.66137661373727,-555.5788410371646,-187.50000000000017,899.4841581883348,0.0,1000.0,0.0,-136.3431923783803,0.0,-810.0121259806937,187.50000000000017,-1000.0,734.8143810358247,-0.34257675239828145,135.65803887358373,0.0,0.0,-1000.0,0.0,-0.6851535047965629,4.110921028779378,0.0,0.0,0.0,0.0,0.0,0.0,607.7312150434451,430.2053378249664,-430.2053378249664,-430.2053378249664,60.8518525667197,0.0,0.0,0.0,0.0,0.0,466.345196514201,0.0,0.0,-266.74415122836444,0.0,0.0,77.25938598081375,0.0,0.0,0.0,0.0,-41.62969299040687,0.027406140191871667,0.0,0.0,0.0,0.0,0.0,0.0,0.0,0.0,0.0,66.10589274184252,0.0,0.0,0.0,0.0,0.0,0.0,0.0,0.0,0.0,0.015073377105537937,0.015073377105537937,0.0,270.78526319929244,0.0,8.221842057558757,0.0,0.0,0.0,1000.0,0.0,0.0,0.0,0.0,0.0,383.70362954596345,-1000.0,0.0,0.0,0.0,0.0,0.0,77.25938598081375,0.0,0.0,0.0,0.0,0.0,0.0,0.0,333.3333333333333,-36.559573848807766,212.13408011865502,0.0,1.0551363973867063,0.0,0.0,0.0,-394.60461828962053,0.0,383.70362954596345,0.0,0.0,342.0739365555566,0.0,0.0,177.52587721847868,0.0,0.0,0.0,0.0,0.0,0.0,0.0,0.0,0.0,0.0,0.0,0.0,0.0,8.221842057558757,792.9917514464045,792.9917514464045,0.0,0.0,0.0,0.0,0.0,0.0,0.0,0.0,0.0,0.0,0.1370307009593126,0.0,0.0,0.0,0.0,0.0,373.0068365345677,0.0,0.0,4.110921028779378,0.0,0.0,0.0,0.0,0.0,0.0,0.0,0.0,0.0,0.0,2.4528495471716947,-364.1769593113325,0.0,4.110921028779378,4.110921028779378,1000.0,-1000.0,0.0,77.25938598081375,0.0,0.0,0.0,0.0,0.0,0.0,466.345196514201,32.71031501573492,0.013703070095931259,0.0,0.0,0.0,1.1050547241647422,29.407533414094047,0.0,0.0,0.0,0.0,0.0,0.0,0.0,0.0,0.0,0.0,0.0,0.0,0.0,0.0,0.0,0.0,0.013703070095931259,0.0,0.0,0.0,0.0,0.0,0.0,0.0,0.0,0.0,0.0,530.1184885533298,0.0,0.0,-1000.0,-1.0277302571948446,-0.6851535047965629,0.0,0.0,0.0,0.0,0.0,0.0,0.0,0.0,0.0,0.0,0.0,0.0,792.9917514464045,368.9838220908662,0.0,0.0,-1000.0,0.0,0.0,0.0,-0.013703070095931259,0.0,0.0,0.013703070095931259,0.0,0.013703070095931259,0.0,0.0,0.0,8.221842057558757,16.71774551703614,16.71774551703614,0.0,0.0,0.0,0.0,0.0,0.0,0.0,212.13408011865502,0.0,466.345196514201,0.0,0.0,0.0,215.05654159975026,0.0,0.0,0.0,0.0,0.0,0.0,0.0,0.0,0.0,0.0,0.0,0.0,0.0,394.60461828962053,0.0,0.0,0.0,0.020554605143896888,0.0,0.0,0.0,-4.110921028779378,0.0,0.0,0.0,0.0,0.0,-270.78526319929244,0.6851535047965629,0.0,0.0,0.0,0.0,696.6927340411919,-530.1184885533298,0.0,0.0,0.0,0.0,0.0,0.0,0.0,0.0,792.9917514464045,0.0,0.0,0.0,93.25938598081375,0.0,274.39346609946875,29.407533414094047,0.0,0.0,0.0,0.0,104.33493481129955,-16.71774551703614,0.0,0.6851535047965629,1000.0,0.0,61.75425569432417,0.0,-266.74415122836444,0.0,0.0,0.0,0.0,0.0,-635.5085597620161,0.0,0.0,0.0,733.0053115556902,0.0,16.71774551703614,0.0,907.1016005188055,907.1016005188055,-907.1016005188055,0.0,0.0,0.0,0.0,0.0,0.0,0.0,0.0,273.868453970877,-67.21094746600727,0.0,-373.0068365345677,4.110921028779378,0.0,0.0,0.0,0.0,-254.14697931585118,0.0,0.0,0.015073377105537937,0.0,0.0,0.0,8.35887275851807,0.0,0.0,0.0,0.0,174.61530815702753,0.0,0.0,0.0,0.0,0.0,0.0,0.0,0.0,0.0,0.0,0.0013703070095931259,0.0013703070095931259,0.0,0.0,0.0,0.0,0.0,0.0,0.0,0.0,0.0,0.0,0.0,0.0,0.0,0.0,0.0,270.78526319929244,0.0,0.0,0.0,0.0,0.0,0.0,0.0,0.0,0.0,0.0,0.0,0.0,1000.0,-55.51008990788142,-718.1875000000018,0.0,0.0,0.0,8.221842057558757,0.0,0.0,0.0,0.0,0.0,0.0,-8.221842057558757,0.0,0.0,0.0,0.0,0.0,0.0,0.0,0.0,0.0,0.0,0.0,0.0,-32.71031501573492,-613.4809993022069,224.44314461546318,-1000.0,995.8890789712207,0.0,999.9451877196165,0.0,0.0,0.0,0.0,0.0,0.0,0.0,0.0,0.0,593.75,0.0,-593.75,-593.75,0.0,0.0,0.0,0.0,-1.7128837619914075,792.9917514464045,-200.68910687093205,214.02881134255543,0.0,0.0,0.0,0.0,0.0,0.0,-0.17128837619914075,371.079086039664,0.0,0.0,0.0,0.0,0.0,0.0,0.0,1000.0,4.110921028779378,4.110921028779378,0.0,0.0,0.0,0.0,0.0,0.015073377105537937,270.78526319929244,0.0,0.0,-999.9451877196165,0.0,0.0,0.0,0.0,0.0,0.0,0.0,0.0,0.0,0.0,0.0,0.0,0.0,0.0,0.0,0.0,0.0,4.24795172973869,0.0,14.388223600727825,0.0,0.0,1.0551363973867063,0.0,0.0,0.0,270.78526319929244,0.0,528.9920961914446,0.0,0.0,0.0,-1.7128837619914075,0.0,0.0,0.0,0.0,0.0,0.0,0.0,0.0,0.0,0.0,0.0,0.0,0.0,0.0,0.0,0.0,0.0,0.0,-0.013703070095931259,0.0,0.0,0.6851535047965629,-383.70362954596345,0.0,0.0,0.0,0.0,792.9917514464045,0.0,0.0,0.0,-213.8767072644906,0.34257675239828145,0.0,0.0,0.0,0.013703070095931259,0.0,13.703070095931258,0.0,2.7406140191862516,0.0978790721137947,46.7274690271256,-0.010277302571948444,100.51584181166515,0.27406140191862516,-0.06851535047947528,-46.7274690271256,4.110921028779377,-0.013703070095931259,0.0,77.25938598081375,0.0034257675239828147,0.0978790721137947,0.0,-2.1815287592719983,-0.2740614019186296,-391.2689814402403,-0.013703070095931259,0.0034257675239828147,-46.7274690271256,1.3703070095931258,0.013703070095931259,0.013703070095931259,-270.756486752091,0.015073377105524385,-72.32685514128679,-0.010277302571948444,4.110921028779378,0.013703070095931259,4.110921028779378,-6.85153504796563,-0.0068515350479656295,281.27344332535,397.00312307709487,-0.010277302571948444,-0.013703070095931259,0.0,0.013703070095931259,1.3703070095931258,-0.27406140191862516,394.60461828962053,394.60461828962053,-1.3703070095931258,391.2689814402403,-394.60461828962053,2.7406140191862516,0.020554605143896888,-1000.0,1.3703070095931258,-333.3333333333333,77.25938598081375,-2.7406140191862516,0.0068515350479656295,0.1370307009593126,56.271991459131414,96.0,-0.013703070095931259,-273.868453970877,270.756486752091,4.24795172973869,0.013703070095931259,2.1815287592719983,60.815701865696184,77.25938598081375,-0.013703070095931259,-0.0034257675239828147,-77.25938598081375,-0.013703070095931259,-41.62969299040687,0.013703070095931259,-0.0034257675239828147,-0.0034257675239828147,-0.0034257675239828147,5.481228038372503,6.85153504796563,0.1370307009593126,10.152262057322218,-0.0034257675239828147,112.54398291826283,0.6851535047965629,21.5,0.013703070095931259,0.0068515350479656295,0.0068515350479656295,40.0,0.0,0.013703070095931259,0.0,0.1370307009593126,0.013703070095931259,-10.152262057322218,0.01370307009593126,0.05481228038354402,0.06851535047947528,0.0068515350479656295,0.0034257675239828147,4.110921028779378,-0.013703070095931259,72.32685514128679,0.1370307009593148,-20.304524114644437,100.1732650592669,-1.3703070095931258,2.7406140191862516,0.6851535047965629,-0.01370307009593126,0.0,0.020554605143896888,-0.013703070095931259,-80.0,0.0,385.28487361279895,0.0068515350479656295,-43.0,-0.013703070095931259,-0.013703070095931259,-0.01370307009593126,0.0068515350479656295,46.7274690271256,-2.7406140191862516,0.013703070095931259,112.54398291826283,-0.0034257675239828147,-0.015073377105524385,-112.54398291826283,2.0554605143896887,-397.00312307709487,587.7858235629909,46.7274690271256,-0.010277302571948444,273.868453970877,-96.0,0.013703070095931259,-0.0034257675239828134,577.1895540015685,13.703070095931258,-0.0068515350479656295,-0.013703070095931259,0.0034257675239828147,145.33200519654656,0.0,999.993148464952,0.0,-46.0,0.0,255.1785769718075,-31.0,0.0,-32.0,-93.0,-65.0,0.0,16.0,23.0,46.5,0.0,15.5,-270.78526319929244,-131.13789429694776,0.0,65.0,-131.13789429694776,-255.1785769718075,96.4962840482591,0.0,1496.5981,hclb
100,0.0,0.0,0.0,0.0,0.0,0.0,0.0,0.0,421.60911797408227,0.0,0.0,0.0,0.0,0.0,0.0,0.0,-485.30133875054173,0.0,0.0,992.8242775850044,0.0,0.0,0.0,772.9225433694269,0.0,0.0,0.0,0.0,0.0,799.4996470966449,0.0,0.0,18.779440819314768,0.0,0.0,0.0,0.0,999.7692578760834,0.0,-1000.0,982.6943407062564,0.0,-436.9221537471285,1000.0,0.0,0.0,0.0,0.0,-1000.0,-147.71212556674146,0.0,0.0,0.0,0.06345408407716135,0.0,0.0,0.0,11.537106195829033,0.0,0.0,-124.33024164841375,0.0,124.33024164841375,0.0,0.0,0.0,0.0,0.0,0.0,0.0,0.0,0.5768553097914517,0.0,0.0,0.0,0.0,0.0,0.0,0.0,0.0,0.0,0.0,-98.30829117806907,0.0,34.6113185874871,0.0,119.25006922018346,1000.0,718.4610768735643,123.5626885375604,-0.014421382744786292,0.0,0.0,0.0,17.30565929374355,0.0,17.30565929374355,-1.8574740975291135,0.0,0.0,0.0,269.5463488332088,716.9106896962469,0.0,0.0,-10.94570894604602,0.0,0.0,0.0,0.0,0.0,0.0,0.0,0.0,0.0,0.0,0.0,0.0,0.0,0.0,0.0,0.0,0.0,0.0,-392.6768205787182,0.0,0.0,17.30565929374355,0.0,17.882514603535,0.0,0.0,0.0,0.0,0.0,0.0,0.0,-562.3750000001461,562.3750000001461,0.0,0.0,0.0,0.0,0.0,0.0,222.0001462836467,0.05768553097914516,0.0,0.0,0.0,-95.36969616168216,0.0,0.0,0.0,58.78121965137854,0.0,426.3165037589437,0.0,0.0,0.0,0.0,0.0,609.8652099468671,609.8652099468671,0.0,0.0,0.0,562.5,107.08179219791725,0.0,0.0,609.9228954778463,0.0,0.0,0.0,-287.51924001626685,0.0,0.0,0.0,0.0,0.0,0.0,0.0,0.0,0.0,0.0,-66.79566275541421,0.0,0.0,0.0,0.0,-24.63759077430649,0.0,0.0,0.0,0.0,0.0,147.71212556674146,436.9221537471285,-718.4610768735643,718.4610768735643,0.0,0.0,0.0,0.0,0.0,0.0,0.0,82.58895740039806,-858.37810140654,0.0,0.0,0.0,0.0,0.0,0.0,0.0,0.0,0.0,0.0,0.0,0.0,0.0,247.90319175030766,109.56337838264842,248.87953790676832,0.0,0.0,0.0,0.0,79.17376137110634,0.0,0.0,0.0,0.0,-124.33024164841375,-751.1204620932317,0.0,0.0,0.0,0.0,0.0,0.0,0.0,0.0,0.0,0.0,0.0,0.0,-1000.0,0.0,-281.53892312643575,0.0,-248.87953790676832,0.0,0.0,0.0,-429.5532213251307,0.0,0.0,0.0,-32.877190624101615,0.0,0.0,-1000.0,-1000.0,0.0,-84.61942708275399,84.61942708275399,915.380572917246,0.0,0.0,274.3632007114402,147.71212556674146,0.0,81.76887006070865,0.0,0.0,0.0,-1000.0,0.0,1000.0,0.0,1000.0,0.0,0.0,0.0,562.5,0.0,0.0,-124.33024164841375,-0.08652829646871774,0.0,0.0,0.0,0.0,0.05768553097914516,0.0,0.0,0.0,-71.8418298905434,-485.30133875054173,0.0,-937.3171913460219,261.6464009892619,0.0,1000.0,0.0,-517.2612255895067,0.0,-10.94570894604602,0.0,0.0,0.0,-4.966724217304499,0.0,522.2279498068112,-1000.0,-1000.0,0.0,0.0,0.0,0.0,0.0,0.0,0.0,0.0,0.0,0.0,0.0,0.0,0.0,0.0,0.0,0.0,0.0,0.0,0.0,-1000.0,58.78121965137854,0.0,0.0,0.0,0.0,0.0,777.9998537163533,0.0,39.52707152669053,0.0,0.0,266.66207228425156,0.0,0.0,5.202658421738704,998.5578617255213,0.0,637.2070494122529,0.0,-897.9068380532175,298.00532078298727,0.0,-141.41797111282173,0.0,-1000.0,-2.884276548957258,0.0,0.0,45.0933622639537,0.0,0.0,17.30565929374355,-437.500000002089,437.500000002089,0.0,0.0,0.0,421.6668035050614,0.0,-247.90319175030766,247.90319175030766,247.90319175030766,92.40860275021699,0.0,0.0,-747.9426832446624,0.0,0.0,82.58895740039806,0.0,0.0,-10.160344856460569,0.0,437.49999999999693,0.0,0.0,0.0,0.0,0.0,-3.1119770727772718,0.11537106195822637,0.0,0.0,0.0,0.0,0.0,0.0,0.0,0.0,0.0,0.0,0.0,0.0,0.0,0.0,0.0,0.0,0.0,0.0,0.0,0.06345408407716135,0.06345408407716135,0.0,332.3660855544786,0.0,34.6113185874871,0.0,0.0,0.0,1000.0,0.0,0.0,119.25006922018346,0.0,0.0,631.7818286556875,-1000.0,0.0,0.0,683.0682567835624,0.0,0.0,0.0,0.0,0.0,0.0,0.0,0.0,0.0,0.0,130.8922735262394,71.8418298905434,95.36969616168216,0.0,201.90800468691117,0.0,-925.9976082068761,925.9976082068761,846.8238468357697,0.0,631.7818286556875,0.0,628.6698515829103,0.0,562.5000000000006,-562.5000000000006,247.90319175030766,0.0,0.0,0.0,0.0,0.0,0.0,0.0,0.0,0.0,0.0,0.0,0.0,0.0,34.6113185874871,0.0,0.0,0.0,0.0,0.0,0.0,0.0,0.0,0.0,0.0,0.0,0.0,0.5768553097914517,0.0,0.0,119.25006922018346,-119.25006922018346,0.0,436.9221537471285,0.0,0.0,17.30565929374355,-683.0682567835624,0.0,0.0,78.21614958133354,0.0,0.0,0.0,0.0,0.0,0.0,349.25324620416893,0.0,0.0,17.30565929374355,17.30565929374355,1000.0,-1000.0,0.0,0.0,0.0,0.0,0.0,0.0,0.0,119.81007982619212,82.58895740039806,218.53150775387644,0.05768553097914516,0.0,0.0,76.18198444810108,0.0,0.0,0.0,0.0,0.0,0.0,0.0,0.0,0.0,0.0,0.0,0.0,0.0,0.0,0.0,0.0,0.0,0.0,0.05768553097914516,0.0,0.0,0.0,0.0,0.0,0.0,0.0,0.0,0.0,0.0,817.5269252430438,0.0,0.0,-1000.0,-4.326414823435887,-1.634612201826772,-1.2496643471304862,0.0,0.0,0.0,0.0,0.0,0.0,0.0,0.0,0.0,0.0,0.0,0.0,0.0,0.0,0.0,47.97763881291096,0.0,0.0,0.0,421.60911797408227,0.0,0.0,0.05768553097914516,0.0,0.05768553097914516,0.0,0.0,0.0,34.6113185874871,70.3763477945571,70.3763477945571,0.0,0.0,0.0,0.0,0.0,0.0,39.52707152669053,95.36969616168216,0.0,82.58895740039806,0.0,0.0,0.0,0.0,0.0,0.0,0.0,0.0,0.0,0.0,0.0,0.0,0.0,0.0,0.0,0.0,0.0,79.17376137110634,0.0,0.0,0.0,0.08652829646871774,0.0,0.0,0.0,-17.30565929374355,0.0,0.0,0.0,0.0,0.0,-332.3660855544786,2.884276548957258,0.0,0.0,0.0,-562.5,-107.08179219791725,-777.9998537163533,-1.2496643471304862,0.0,437.49999999999693,0.0,0.0,0.0,0.0,0.0,0.0,0.0,683.0682567835624,-481.49588645206745,84.46289380417096,0.0,148.83258996585312,-10.94570894604602,0.0,0.0,39.52707152669053,-39.52707152669053,58.78121965137854,-499.9295691196878,0.0,2.884276548957258,1000.0,0.0,0.0,0.0,-248.6604832968275,0.0,0.0,0.0,0.0,0.0,-1000.0,0.0,0.0,0.0,403.48816313332867,-345.3453300247863,70.3763477945571,0.0,0.0,0.0,0.0,0.0,0.0,0.0,0.0,0.0,0.0,0.0,0.0,0.0,-76.18198444810108,505.298233475799,-436.9221537471285,17.30565929374355,119.25006922018346,0.0,0.0,0.0,251.17837233927344,0.0,0.0,0.06345408407716135,0.0,0.0,0.0,35.18817389727855,0.0,0.0,0.0,0.0,109.56337838264842,0.0,0.0,0.0,0.0,0.0,0.0,0.0,0.0,-751.57537128513,0.0,0.005768553097914681,0.005768553097914681,0.0,0.0,0.0,0.0,0.0,0.0,0.0,0.0,0.0,76.18198444810108,0.0,0.0,0.0,0.0,0.0,332.3660855544786,0.0,0.0,0.0,0.0,0.0,0.0,0.0,147.71212556674146,0.0,0.0,0.0,238.50013844036692,0.0,-266.49304545751056,0.0,0.0,0.0,0.0,34.6113185874871,0.0,0.0,0.0,0.0,0.0,-34.6113185874871,0.0,0.0,238.50013844036692,0.0,0.0,0.0,0.0,0.0,0.0,0.0,0.0,0.0,0.0,-218.53150775387644,-163.279230477561,39.51458872071444,-218.38205035774536,201.0763910640018,0.0,999.7692578760834,0.0,0.0,0.0,0.0,0.0,0.0,0.0,0.0,0.0,0.0,0.0,0.0,0.0,0.0,0.0,0.0,0.0,-7.210691372393171,0.0,-270.98848710768743,341.0189152013504,0.0,0.0,0.0,0.0,0.0,-0.7210691372393145,0.0,68.9415645078391,0.0,0.0,0.0,0.0,0.0,0.0,0.0,1000.0,17.30565929374355,17.30565929374355,0.0,0.0,0.0,0.0,0.0,0.06345408407716135,332.3660855544786,0.0,0.0,-999.7692578760834,0.0,0.0,0.0,0.0,0.0,0.0,0.0,0.0,0.0,0.0,0.0,0.0,0.0,0.0,0.0,0.0,0.0,0.0,0.0,60.56980752810242,163.21892663226816,0.0,0.0,0.0,0.0,0.0,332.3660855544786,0.0,774.5077674169975,0.0,0.0,0.0,-7.210691372393171,0.0,0.0,0.0,0.0,0.0,0.0,0.0,0.0,0.0,0.0,0.0,0.0,0.0,0.0,0.0,0.0,0.0,0.0,-0.05768553097914516,0.0,0.0,2.884276548957258,-631.7818286556875,0.0,0.0,0.0,0.0,0.0,0.0,0.0,0.0,4.966724217304499,1.442138274478629,0.0,0.0,0.0,0.05768553097914516,0.0,57.685530979145156,-17.882514603535,11.537106195829033,0.412039506993894,160.94263143181502,-0.04326414823435887,136.21531269108303,1.1537106195829032,-0.28842765489571576,-160.94263143181502,17.30565929374355,-0.057685530979145166,3.6485696486820065,0.0,0.014421382744786292,0.412039506993894,-10.94570894604602,-128.43360575206395,-1.1537106195829032,-507.5229388344627,-0.057685530979145166,0.014421382744786292,-160.94263143181502,5.768553097914516,0.057685530979145166,0.05768553097914516,-332.24494593942234,-119.18661513610641,0.0,-0.04326414823435887,17.30565929374355,0.057685530979145166,17.30565929374355,-28.84276548957258,-0.028842765489572583,-404.4250858668517,-85.0,-0.04326414823435887,-0.057685530979145166,-17.882514603535,0.05768553097914516,5.768553097914516,-1.1537106195829032,79.17376137110634,79.17376137110634,-5.768553097914516,507.5229388344627,-79.17376137110634,11.537106195829033,0.08652829646871774,-329.2847419173444,5.768553097914516,-130.8922735262394,0.0,-11.537106195829033,0.028842765489572583,0.5768553097914517,234.32929783650548,96.0,-0.05768553097914516,-345.3453300247863,332.24494593942234,17.882514603535,0.057685530979145166,128.43360575206395,-69.22263717497442,0.0,-0.05768553097914516,-0.014421382744786292,0.0,-0.057685530979145166,-3.1119770727772718,0.05768553097910562,-0.014421382744786292,-0.014421382744786292,-0.014421382744786292,23.074212391658065,28.84276548957258,0.5768553097914517,361.82517850945004,-0.014421382744786292,465.01002602432897,2.884276548957258,4.440265085345894,0.05768553097914516,0.028842765489572583,0.028842765489572583,5.768553097914516,17.882514603535,0.05768553097914516,-17.882514603535,0.5768553097914517,0.057685530979145166,-1000.0,0.057685530979145166,0.23074212391657056,0.28842765489571576,0.028842765489572583,0.014421382744786292,17.30565929374355,-0.057685530979145166,0.0,0.5768553097914516,-723.6503570189001,134.7731744166044,-5.768553097914516,11.537106195829033,2.884276548957258,-0.057685530979145166,10.94570894604602,0.08652829646871774,-0.057685530979145166,-11.537106195829033,17.882514603535,-45.728581168589585,0.028842765489572583,-8.880530170691788,-0.057685530979145166,-0.05768553097910562,-0.057685530979145166,0.028842765489572583,160.94263143181502,-11.537106195829033,0.05768553097914516,468.65859567301095,-0.014421382744786292,119.18661513610641,-468.65859567301095,8.652829646871773,85.0,432.1643850567758,160.94263143181502,-0.04326414823435887,345.3453300247863,-96.0,0.057685530979145166,-0.014421382744786292,2.884276548957258,57.685530979145156,-0.028842765489572583,-0.057685530979145166,0.014421382744786292,0.0,0.0,205.6932106142944,638.1748214905499,-46.0,0.0,-108.0,-31.0,0.0,-32.0,-93.0,-65.0,-123.5626885375604,16.0,23.0,46.5,0.0,15.5,-332.3660855544786,-205.44979117068385,123.5626885375604,65.0,-205.44979117068385,108.0,-22.27295796147005,0.0,1496.5981,hclb
101,0.0,0.0,0.0,0.0,0.0,0.0,0.0,0.0,-0.03458587876905964,0.0,0.0,0.0,0.0,0.0,0.0,0.0,-200.94895551777142,-94.20391696871383,0.0,1000.0,0.0,0.0,0.0,171.18700267218992,0.0,0.0,0.0,0.0,0.0,0.0,0.0,0.0,6.976630678437855,0.0,0.0,0.0,0.0,948.1982709322808,0.0,-1000.0,1000.0,0.0,0.0,0.0,0.0,0.0,0.0,0.0,368.85005727950085,0.0,0.0,464.78050597334146,0.0,0.038044466645945234,0.0,0.0,0.0,6.917175753811929,0.0,0.0,46.4755037372845,0.0,215.46038275251703,-212.82261360044367,0.0,0.0,0.0,0.0,425.56688411404417,-425.56688411404417,0.0,0.3458587876905964,0.0,0.0,0.0,0.0,0.0,0.0,0.0,853.4594053618214,0.0,0.0,0.0,0.0,20.751527261435786,0.0,108.73146656920238,1000.0,-649.10879094512,884.1609787199371,-0.00864646969226491,0.0,0.0,128.35657375529865,10.375763630717893,0.0,10.375763630717893,-635.1438036049371,477.36444092584617,0.0,0.0,1.7292939384529822,-1000.0,0.0,0.0,-23.259021400765945,0.0,0.0,0.0,0.0,0.0,0.0,0.0,0.0,0.0,0.0,0.0,0.0,0.0,0.0,0.0,0.0,0.0,0.0,-1000.0,0.0,0.0,10.375763630717893,0.0,10.72162241840849,0.0,0.0,0.0,0.0,0.0,0.0,-1000.0,0.0,0.0,525.2414999097548,0.0,0.0,0.0,0.0,0.0,111.39457923441995,0.03458587876905964,0.0,0.0,0.0,-1000.0,815.5847272210505,0.0,0.0,0.0,0.0,-281.90875652181273,0.0,0.0,0.0,0.0,0.0,252.98844181044683,252.98844181044683,0.0,0.0,0.0,687.5,0.0,0.0,0.0,253.02302768921587,0.0,0.0,0.0,-120.28541764771973,0.0,0.0,0.0,0.0,0.0,0.0,0.0,0.0,0.0,0.0,0.0,0.0,0.0,0.0,0.0,-1000.0,0.0,0.0,0.0,0.0,0.0,0.0,-464.78050597334146,-235.05218777481718,235.05218777481718,474.7585000902452,0.0,0.0,0.0,0.0,0.0,0.0,1000.0,-761.8251378209948,0.0,0.0,0.0,0.0,0.0,0.0,0.0,0.0,0.0,0.0,0.0,0.0,0.0,310.6643867615207,155.24962428657338,296.87940421161204,0.0,0.0,0.0,0.0,-65.67991550460425,0.0,0.0,0.0,0.0,46.4755037372845,296.87940421161204,0.0,0.0,0.0,0.0,0.0,0.0,0.0,0.0,0.0,0.0,0.0,0.0,414.05660317030276,0.0,669.0173635313422,0.0,-296.87940421161204,0.0,0.0,474.7585000902452,-603.2594905826943,0.0,0.0,0.0,-716.1042467966245,0.0,0.0,-1000.0,562.5000000008954,999.9999999999999,-1000.0,-562.5000000008955,1000.0,-884.1609787199371,0.0,-233.32565604969034,0.0,0.0,-312.58398281996455,0.0,0.0,0.0,-372.84118241174735,0.0,372.84118241174735,0.0,-73.2405437759294,0.0,0.0,-504.3621483914185,687.5,0.0,0.0,46.4755037372845,-0.05187881815358946,0.0,0.0,0.0,0.0,0.03458587876905964,0.0,0.0,0.0,580.5456517836412,-200.94895551777142,0.0,-142.70872934536774,376.88818103951064,0.0,937.2929393845297,0.0,1000.0,0.0,-23.259021400765945,0.0,0.0,0.0,425.56688411404417,-425.56688411404417,-1000.0,-1000.0,716.5365702812377,0.0,0.0,0.0,0.0,0.0,0.0,0.0,0.0,0.0,0.0,0.0,0.0,0.0,0.0,0.0,0.0,0.0,1000.0,0.0,51.66338555264349,0.0,0.0,634.0301383085739,0.0,372.4435416321746,0.0,-111.39457923441995,0.0,477.36444092584617,0.0,0.0,0.0,0.0,0.0,-1.7292939384529822,0.0,0.0,1000.0,-860.5391150469197,524.885385961401,0.0,0.0,0.0,-455.20576473315265,-0.8646469692264911,858.8098211084667,-409.4465285955359,0.0,774.3552350458266,-306.28061295866735,-746.3530564262057,10.375763630717893,0.0,0.0,0.0,0.0,0.0,0.0,0.0,-310.6643867615207,310.6643867615207,310.6643867615207,109.34184564695401,0.0,0.0,0.0,0.0,0.0,1000.0,0.0,0.0,-164.34455947727145,0.0,0.0,73.08282424618807,0.0,0.0,0.0,0.0,-39.541412123094034,0.0691717575371058,0.0,0.0,0.0,0.0,0.0,0.0,0.0,0.0,0.0,0.0,0.0,0.0,0.0,0.0,0.0,0.0,0.0,0.0,0.0,0.038044466645945234,0.038044466645945234,0.0,399.74721100770876,0.0,20.751527261435786,0.0,0.0,0.0,1000.0,0.0,0.0,108.73146656920238,0.0,0.0,377.28337567384324,-1000.0,0.0,0.0,0.0,0.0,0.0,73.08282424618807,0.0,0.0,0.0,0.0,0.0,0.0,0.0,333.3333333333333,-580.5456517836412,184.41527277894951,0.0,111.39457923441995,0.0,0.0,128.35657375529865,-280.7220108303423,0.0,377.28337567384324,0.0,668.7406039744002,-330.9986404236512,-687.5000000000007,687.5000000000007,310.6643867615207,0.0,0.0,0.0,0.0,0.0,0.0,0.0,0.0,0.0,0.0,0.0,0.0,0.0,20.751527261435786,474.7585000902452,474.7585000902452,0.0,0.0,0.0,0.0,0.0,0.0,0.0,0.0,0.0,0.0,0.3458587876905964,0.0,0.0,108.73146656920238,-108.73146656920238,0.0,-464.78050597334146,0.0,0.0,10.375763630717893,0.0,0.0,0.0,0.0,0.0,0.0,0.0,0.0,0.0,0.0,0.0,-67.62920534859552,0.0,10.375763630717893,10.375763630717893,1000.0,-1000.0,0.0,73.08282424618807,0.0,0.0,0.0,0.0,0.0,1000.0,1000.0,716.5365702812377,0.03458587876905964,0.0,0.0,0.0,45.67559375436742,0.0,0.0,-128.35657375529865,0.0,0.0,0.0,0.0,0.0,0.0,0.0,0.0,0.0,0.0,0.0,0.0,0.0,0.0,0.03458587876905964,0.0,0.0,0.0,0.0,0.0,0.0,0.0,0.0,0.0,0.0,1000.0,0.0,0.0,-948.3366144473565,-2.5939409076794733,0.0,-1.7292939384529835,0.0,0.0,0.0,0.0,0.0,0.0,0.0,0.0,0.0,0.0,0.0,474.7585000902452,0.0,0.0,0.0,29.731472558073847,0.0,0.0,0.0,-0.03458587876905964,0.0,0.0,0.03458587876905964,0.0,0.03458587876905964,0.0,0.0,0.0,20.751527261435786,42.19477209825277,42.19477209825277,0.0,0.0,0.0,0.0,0.0,0.0,0.0,184.41527277894951,0.0,1000.0,0.0,0.0,428.5447282760602,0.0,0.0,0.0,0.0,0.0,0.0,0.0,0.0,0.0,0.0,0.0,0.0,0.0,0.0,409.07858458564095,0.0,0.0,0.0,0.05187881815358946,0.0,0.0,0.0,-10.375763630717893,0.0,0.0,0.0,0.0,0.0,-399.74721100770876,1.7292939384529822,0.0,0.0,0.0,-687.5,0.0,111.39457923441995,-1.7292939384529835,0.0,0.0,0.0,0.0,0.0,0.0,0.0,474.7585000902452,0.0,0.0,71.13353440219677,89.08282424618807,0.0,242.49809702513758,-23.259021400765945,0.0,0.0,477.36444092584617,-477.36444092584617,0.0,-645.4542626809471,0.0,1.7292939384529835,756.8470570069711,0.0,0.0,0.0,-381.8074926156762,0.0,0.0,0.0,0.0,0.0,0.0,0.0,0.0,0.0,-5.187881815358992,0.0,42.19477209825277,0.0,-59.03900632725852,-59.03900632725852,59.03900632725852,0.0,0.0,0.0,0.0,0.0,0.0,0.0,0.0,407.5290337307473,-45.67559375436742,0.0,0.0,10.375763630717893,108.73146656920238,0.0,0.0,0.0,-315.1288749502046,0.0,0.0,0.038044466645945234,0.0,0.0,0.0,21.097386049126385,0.0,0.0,0.0,0.0,155.24962428657338,0.0,0.0,0.0,0.0,0.0,0.0,0.0,0.0,0.0,0.0,0.0034585878769059645,0.0034585878769059645,0.0,0.0,0.0,0.0,0.0,0.0,0.0,0.0,0.0,0.0,0.0,0.0,0.0,0.0,0.0,399.74721100770876,0.0,0.0,0.0,0.0,0.0,0.0,0.0,0.0,0.0,0.0,0.0,217.46293313840476,1000.0,-731.1540157790738,-94.20391696871383,0.0,0.0,0.0,20.751527261435786,0.0,0.0,0.0,0.0,0.0,0.0,-20.751527261435786,0.0,217.46293313840476,0.0,0.0,0.0,0.0,0.0,0.0,0.0,0.0,0.0,0.0,1000.0,-1000.0,452.2360552328661,562.5417380658319,-572.9175016965497,0.0,948.1982709322808,0.0,0.0,0.0,0.0,0.0,0.0,0.0,0.0,0.0,281.25,0.0,-281.25,-281.25,0.0,0.0,0.0,0.0,-4.323234846132457,474.7585000902452,-2.5939409076794733,425.9507873683807,0.0,0.0,0.0,0.0,0.0,0.0,-0.4323234846132209,164.34455947727145,0.0,0.0,0.0,0.0,0.0,0.0,0.0,1000.0,10.375763630717893,10.375763630717893,0.0,0.0,0.0,0.0,853.4594053618214,0.038044466645945234,399.74721100770876,0.0,0.0,-948.1982709322808,0.0,0.0,0.0,0.0,0.0,0.0,0.0,0.0,0.0,0.0,0.0,0.0,0.0,0.0,0.0,0.0,0.0,0.0,0.0,36.31517270751263,111.39457923441995,0.0,0.0,0.0,0.0,0.0,399.74721100770876,0.0,-112.50824453078337,0.0,0.0,0.0,-4.323234846132457,0.0,0.0,0.0,0.0,0.0,0.0,0.0,0.0,0.0,0.0,0.0,0.0,0.0,0.0,0.0,0.0,0.0,0.0,-0.03458587876905964,0.0,0.0,1.7292939384529822,-377.28337567384324,0.0,0.0,0.0,0.0,474.7585000902452,0.0,0.0,0.0,-425.56688411404417,0.8646469692264911,0.0,0.0,0.0,0.03458587876905964,0.0,34.58587876905964,-10.72162241840849,6.917175753811929,0.2470419912075689,96.4946017656764,-0.02593940907679473,1.7292939384529822,0.6917175753811929,-0.1729293938446972,-96.4946017656764,10.375763630717893,-0.03458587876905964,7.753007133588649,73.08282424618807,0.00864646969226491,0.2470419912075689,-23.259021400765945,-114.23753846923636,-0.6917175753811929,-704.8471275135147,-0.03458587876905964,0.00864646969226491,-96.4946017656764,3.4585878769059644,0.03458587876905964,0.03458587876905964,-399.67458066229375,-108.69342210255641,0.0,-0.02593940907679473,10.375763630717893,0.03458587876905964,10.375763630717893,-17.292939384529824,-0.01729293938452982,328.42679932334465,62.18674174892923,-0.02593940907679473,-0.03458587876905963,-10.72162241840849,0.03458587876905964,3.4585878769059644,-0.6917175753811929,409.07858458564095,409.07858458564095,-3.4585878769059644,704.8471275135147,-409.07858458564095,6.917175753811929,0.05187881815358946,-984.6827758471433,3.4585878769059644,-333.3333333333333,73.08282424618807,-6.917175753811929,0.01729293938452982,0.3458587876905964,35.677182336341936,96.0,-0.03458587876905964,-407.5290337307473,399.67458066229375,10.72162241840849,0.03458587876905964,114.23753846923636,31.579769723316303,73.08282424618807,-0.03458587876905964,-0.00864646969226491,-73.08282424618807,-0.03458587876905964,-39.541412123094034,0.03458587876911953,-0.00864646969226491,-0.00864646969226491,-0.00864646969226491,13.834351507623857,17.292939384529824,0.3458587876905964,160.17558353988125,-0.00864646969226491,63.601357539095225,1.7292939384529822,21.5,0.03458587876905964,0.01729293938452982,0.01729293938452982,40.0,10.72162241840849,0.03458587876905964,-10.72162241840849,0.3458587876905964,0.03458587876905964,-429.2791247535906,0.03458587876905964,0.13834351507566112,0.1729293938446972,0.01729293938452982,0.00864646969226491,10.375763630717893,-0.03458587876905964,0.0,0.34585878769059647,-320.3511670797625,0.8646469692264911,-3.4585878769059644,6.917175753811929,1.7292939384529822,-0.03458587876905964,23.259021400765945,0.05187881815358946,-0.03458587876905964,-80.0,10.72162241840849,550.822564657895,0.01729293938452982,-43.0,-0.03458587876905964,-0.03458587876911953,-0.03458587876905965,0.017292939384529814,96.4946017656764,-6.917175753811929,0.03458587876905964,71.35436467268387,-0.00864646969226491,108.69342210255641,-71.35436467268387,5.187881815358946,-62.18674174892923,545.5241329240877,96.4946017656764,-0.02593940907679473,407.5290337307473,-96.0,0.03458587876905964,-0.008646469692264909,1.7292939384529835,34.58587876905964,-0.01729293938452982,-0.03458587876905964,0.00864646969226491,0.0,0.0,984.6654829077587,269.1035412137094,-46.0,0.0,830.9160242058028,-31.0,0.0,-32.0,-93.0,-65.0,0.0,16.0,23.0,46.5,0.0,15.5,-399.74721100770876,-235.69368970769042,0.0,65.0,-235.69368970769042,-830.9160242058028,397.9388333027903,0.0,1496.5981,hclb
102,0.0,0.0,0.0,0.0,0.0,0.0,0.0,0.0,-0.05600606466088656,0.0,0.0,0.0,0.0,0.0,0.0,0.0,48.31777197576844,-220.54197523299982,0.0,0.0,0.0,0.0,0.0,325.57849351163696,0.0,0.0,0.0,0.0,0.0,-319.1845513180705,0.0,0.0,186.68048974511316,0.0,0.0,0.0,0.0,-45.49319173276784,0.0,-1000.0,818.6985230467922,0.0,0.0,0.0,0.0,0.0,0.0,0.0,814.0242713957001,-714.2560911729546,0.0,543.1574920533981,0.0,0.06160667112713009,0.0,0.0,0.0,11.201212932177313,0.0,0.0,30.75239551402375,0.0,0.0,-76.30159331145248,0.0,0.0,0.0,0.0,197.04053668993026,-197.04053668993026,0.0,0.5600606466088657,0.0,0.0,0.0,0.0,0.0,0.0,0.0,0.0,0.0,0.0,0.0,0.0,33.60363879653194,0.0,0.0,0.0,-491.4087545753018,857.5662745151344,-0.014001516165221642,0.0,0.0,-795.247559312968,16.80181939826597,0.0,16.80181939826597,0.0,0.0,0.0,0.0,90.78536029009686,-319.1845513180705,0.0,0.0,-3.4959413877821457,0.0,0.0,0.0,0.0,0.0,0.0,0.0,0.0,0.0,0.0,0.0,0.0,0.0,0.0,0.0,0.0,0.0,0.0,-511.0293454536644,0.0,0.0,16.80181939826597,0.0,17.361880044874837,17.361880044874837,0.0,0.0,0.0,0.0,0.0,-107.05398882547622,0.0,0.0,0.0,0.0,0.0,0.0,0.0,0.0,4.312466978888263,0.05600606466088656,0.0,0.0,0.0,0.0,0.0,0.0,0.0,0.0,0.0,205.0274897727132,0.0,0.0,0.0,0.0,0.0,630.6247125546461,630.6247125546461,0.0,0.0,0.0,0.0,0.0,0.0,0.0,630.680718619307,0.0,0.0,0.0,377.7303461866599,0.0,0.0,0.0,0.0,0.0,0.0,0.0,0.0,0.0,0.0,0.0,0.0,0.0,0.0,0.0,-76.91531859000659,0.0,0.0,0.0,0.0,0.0,714.2560911729546,-543.1574920533981,491.4087545753018,-491.4087545753018,0.0,0.0,0.0,0.0,0.0,0.0,0.0,0.0,-953.2019710147881,0.0,0.0,0.0,0.0,0.0,0.0,0.0,0.0,0.0,0.0,0.0,0.0,0.0,256.61947839553625,-6.451942958898169,0.0,0.0,0.0,0.0,107.0539888254762,1.0361879277012105,0.0,0.0,0.0,0.0,30.75239551402375,0.0,0.0,0.0,419.4626423337618,0.0,0.0,0.0,0.0,0.0,1.8033952820796773,0.0,0.0,0.0,905.8000373939117,-77.01747175669216,762.2755339176039,0.0,0.0,0.0,0.0,107.05398882547622,68.32739888628161,0.0,0.0,0.0,315.7989047612457,0.0,0.0,705.5114672126903,0.0,1000.0,-294.4885327873098,1000.0,0.0,0.0,0.0,0.0,714.2560911729546,0.0,189.9444925659219,0.0,0.0,0.0,0.0,0.0,0.0,0.0,630.5687064899852,0.0,107.0539888254762,0.0,0.0,0.0,0.0,30.75239551402375,-0.08400909699132984,0.0,0.0,0.0,0.0,0.05600606466088656,0.0,0.0,0.0,57.27391598195973,48.31777197576844,0.0,-629.0056712466566,-0.577868635311745,0.0,659.6475665517592,0.0,201.86265885723276,0.0,-3.4959413877821457,0.0,0.0,0.0,-4.822122167302487,802.9594633100697,-1000.0,-866.4581784595708,-1000.0,0.0,0.0,0.0,0.0,0.0,0.0,0.0,0.0,0.0,0.0,0.0,0.0,0.0,0.0,0.0,0.0,419.4626423337618,-1000.0,0.0,-954.7308325258753,0.0,0.0,0.0,721.6459458376542,0.0,0.0,-6.11586226096794,0.0,0.0,0.0,0.0,87.98505705705253,0.0,0.0,0.0,193.48812532402025,-1000.0,0.0,-31.023544920608202,-37.606174203589504,962.1940081377059,0.0,-407.6158046803976,933.6412549755098,-194.8882769405424,28.223241687563874,0.0,0.0,353.31659835463194,-187.50000000000017,-603.8285180351606,16.80181939826597,0.0,0.0,0.0,0.0,0.0,0.0,0.0,-256.61947839553625,256.61947839553625,256.61947839553625,-75.11943670629623,0.0,0.0,0.0,0.0,0.0,0.0,0.0,0.0,-45.549197797428725,0.0,0.0,175.85277589329888,0.0,0.0,0.0,0.0,-23.25376235716414,0.11201212932181052,0.0,0.0,0.0,0.0,0.0,0.0,0.0,0.0,0.0,0.0,0.0,0.0,0.0,0.0,0.0,0.0,0.0,0.0,0.0,0.06160667112713009,0.06160667112713009,0.0,341.4182654633589,0.0,33.60363879653194,0.0,0.0,0.0,155.6275030510251,0.0,0.0,0.0,0.0,0.0,233.96260087379898,-155.6275030510251,0.0,0.0,0.0,0.0,0.0,175.85277589329888,0.0,0.0,0.0,0.0,0.0,0.0,0.0,170.34311515122147,-57.27391598195973,0.0,0.0,4.312466978888263,0.0,0.0,-795.247559312968,-796.2837472406692,0.0,233.96260087379898,0.0,480.31305028793076,-269.6042117712959,0.0,0.0,256.61947839553625,0.0,0.0,0.0,0.0,0.0,0.0,0.0,0.0,0.0,0.0,0.0,0.0,0.0,33.60363879653194,107.05398882547622,107.05398882547622,0.0,0.0,0.0,0.0,0.0,0.0,0.0,0.0,0.0,0.0,0.5600606466088657,0.0,0.0,0.0,0.0,0.0,-543.1574920533981,0.0,0.0,16.80181939826597,0.0,0.0,0.0,0.0,0.0,0.0,0.0,0.0,0.0,0.0,399.618510993329,318.5109122155972,0.0,16.80181939826597,16.80181939826597,1000.0,-155.6275030510251,0.0,175.85277589329888,0.0,0.0,0.0,0.0,0.0,433.7770264470205,0.0,832.9342886669905,0.05600606466088656,0.0,0.0,0.0,4.5164890715814945,160.41416516190105,0.0,795.247559312968,0.0,0.0,0.0,0.0,0.0,0.0,0.0,0.0,0.0,0.0,0.0,0.0,0.0,0.0,0.05600606466088656,0.0,0.0,0.0,0.0,0.0,0.0,0.0,0.0,0.0,0.0,897.207320665827,0.0,-858.0540154526702,0.0,-4.200454849566457,0.0,-2.8003032330443305,0.0,0.0,0.0,0.0,0.0,0.0,0.0,0.0,0.0,0.0,0.0,107.05398882547622,0.0,0.0,0.0,-247.7116164474844,0.0,0.0,0.0,-0.05600606466088656,0.0,0.0,0.05600606466088656,0.0,0.05600606466088656,0.0,0.0,0.0,33.60363879653194,68.32739888628161,68.32739888628161,0.0,0.0,0.0,0.0,0.0,0.0,0.0,0.0,0.0,0.0,0.0,0.0,0.0,0.0,0.0,0.0,0.0,0.0,0.0,0.0,0.0,0.0,0.0,0.0,0.0,0.0,0.0,1.0361879277012105,0.0,0.0,0.0,0.08400909699132984,0.0,0.0,0.0,-16.80181939826597,0.0,0.0,0.0,0.0,0.0,-341.4182654633589,2.8003032330443283,0.0,0.0,0.0,0.0,0.0,0.0,-2.8003032330443305,0.0,0.0,0.0,0.0,0.0,0.0,0.0,107.05398882547622,0.0,0.0,1000.0,84.79878706782269,0.0,53.79878706782269,156.91822377411893,45.269167474124686,-6.11586226096794,858.0540154526702,-897.207320665827,0.0,0.0,0.0,2.8003032330443305,1000.0,0.0,0.0,0.0,-45.549197797428725,0.0,0.0,0.0,0.0,0.0,0.0,0.0,0.0,0.0,-8.400909699132967,0.0,68.32739888628161,0.0,0.0,0.0,0.0,0.0,0.0,0.0,0.0,0.0,1.8033952820796773,0.0,0.0,354.01963001205837,-4.5164890715814945,-972.7564264901565,0.0,16.80181939826597,0.0,0.0,0.0,0.0,90.17161294491851,0.0,0.0,0.06160667112713009,0.0,0.0,0.0,34.16369944314081,0.0,0.0,0.0,0.0,-6.451942958898169,0.0,0.0,0.0,0.0,0.0,0.0,0.0,0.0,0.0,0.0,0.005600606466088656,0.005600606466088656,0.0,0.0,0.0,0.0,0.0,0.0,0.0,0.0,0.0,0.0,0.0,0.0,0.0,0.0,0.0,341.4182654633589,0.0,0.0,0.0,0.0,0.0,0.0,0.0,714.2560911729546,0.0,0.0,0.0,0.0,367.5023232938389,0.0,-220.54197523299982,0.0,0.0,0.0,33.60363879653194,0.0,0.0,0.0,0.0,0.0,0.0,-33.60363879653194,0.0,0.0,0.0,0.0,0.0,0.0,0.0,0.0,0.0,0.0,0.0,0.0,-1000.0,-751.8657033306208,38.364154292707305,0.0,-16.80181939826597,0.0,-45.49319173276784,0.0,0.0,0.0,0.0,0.0,0.0,0.0,0.0,0.0,0.0,0.0,0.0,0.0,0.0,0.0,0.0,0.0,-7.000758082610787,107.05398882547622,-92.18551190661901,-4.200454849566498,0.0,0.0,0.0,0.0,0.0,-0.7000758082610821,0.0,45.549197797428725,0.0,0.0,0.0,0.0,0.0,0.0,0.0,832.9342886669905,16.80181939826597,16.80181939826597,0.0,0.0,0.0,0.0,0.0,0.06160667112713009,341.4182654633589,0.0,0.0,45.49319173276784,0.0,0.0,0.0,0.0,0.0,0.0,0.0,0.0,0.0,0.0,0.0,0.0,0.0,0.0,0.0,0.0,0.0,17.361880044874837,0.0,58.8063678939309,4.312466978888263,0.0,0.0,0.0,0.0,0.0,341.4182654633589,0.0,0.0,0.0,0.0,0.0,-7.000758082610787,0.0,0.0,0.0,0.0,0.0,0.0,0.0,0.0,0.0,0.0,0.0,0.0,0.0,0.0,0.0,0.0,0.0,0.0,-0.05600606466088656,0.0,0.0,2.8003032330443283,-233.96260087379898,0.0,0.0,0.0,0.0,107.0539888254762,0.0,0.0,0.0,4.822122167302487,1.4001516165221641,0.0,0.0,0.0,0.05600606466088656,0.0,56.00606466088656,0.0,11.201212932177313,0.4000433190063326,190.9806804936232,-0.04200454849566492,407.6158046803976,1.1201212932177314,-0.2800303233040415,-190.9806804936232,16.80181939826597,-0.05600606466088657,1.1653137959273818,175.85277589329888,0.014001516165221642,0.4000433190063326,-3.4959413877821452,-8.91616549401227,-1.1201212932177314,172.22420325723138,-0.05600606466088657,0.014001516165221642,-190.9806804936232,5.6006064660886565,0.05600606466088657,0.05600606466088656,-341.3006527275709,0.061606671126975224,-42.528204164811946,-0.04200454849566492,16.80181939826597,0.05600606466088657,16.80181939826597,-28.003032330443283,-0.028003032330443284,-155.50740283233696,-6.692800458450753,-0.04200454849566492,-0.05600606466088657,0.0,0.05600606466088656,5.6006064660886565,-1.1201212932177314,1.0361879277012105,1.0361879277012105,-5.6006064660886565,-172.22420325723138,-1.0361879277012105,11.201212932177313,0.08400909699132984,-1000.0,5.6006064660886565,-170.34311515122147,175.85277589329888,-11.201212932177313,0.028003032330443284,0.5600606466088657,157.25141781166414,96.0,-0.05600606466088656,-354.01963001205837,341.3006527275709,17.361880044874837,0.05600606466088657,8.91616549401227,108.64549830023492,175.85277589329888,-0.05600606466088656,-0.014001516165221642,-175.85277589329888,-0.05600606466088657,-23.25376235716414,0.05600606466094341,-0.014001516165221642,-0.014001516165221642,-0.014001516165221642,22.402425864354626,28.003032330443283,0.5600606466088657,41.493493155633416,-0.014001516165221642,313.3375218274009,2.8003032330443283,14.427184411626397,0.05600606466088656,0.028003032330443284,0.028003032330443284,40.0,0.0,0.05600606466088656,0.0,0.5600606466088657,0.05600606466088657,-41.493493155633416,0.05600606466088657,0.2240242586431549,0.2800303233040415,0.028003032330443284,0.014001516165221642,16.80181939826597,-0.05600606466088657,42.528204164811946,0.5600606466088657,-82.98698631126683,406.21565306387544,-5.6006064660886565,11.201212932177313,2.8003032330443283,-0.05600606466088657,3.4959413877821452,0.08400909699132984,-0.05600606466088657,-80.0,0.0,-7.589618584745779,0.028003032330443284,-28.854368823252795,-0.05600606466088657,-0.05600606466094341,-0.05600606466088657,0.028003032330443284,190.9806804936232,-11.201212932177313,0.05600606466088656,314.5028356233283,-0.014001516165221642,-0.061606671126975224,-314.5028356233283,8.400909699132983,6.692800458450753,687.4448365889722,190.9806804936232,-0.04200454849566492,354.01963001205837,-96.0,0.05600606466088657,-0.014001516165221644,2.8003032330443305,56.00606466088656,-0.028003032330443284,-0.05600606466088657,0.014001516165221642,0.0,0.0,142.40572245253514,0.0,-46.0,0.0,59.16144040247046,-31.0,0.0,-32.0,-93.0,-65.0,-857.5662745151344,16.0,23.0,46.5,0.0,15.5,-341.4182654633589,-82.58199436017273,857.5662745151344,65.0,-82.58199436017273,-59.16144040247046,-27.54233218192656,0.0,1496.5981,hclb
103,0.0,0.0,0.0,0.0,0.0,0.0,0.0,0.0,260.9009251669409,0.0,0.0,0.0,0.0,0.0,0.0,0.0,-492.6698320309544,-906.0624999999866,0.0,1000.0,0.0,0.0,0.0,0.0,0.0,246.13740111595385,0.0,0.0,0.0,-930.3386281616775,0.0,0.0,29.68266567040312,0.0,0.0,0.0,0.0,-72.53647460281832,0.0,-1000.0,1000.0,0.0,0.0,1000.0,0.0,0.0,0.0,219.21412510471822,0.0,0.0,0.0,-552.429005846534,0.0,0.06556867703872653,0.0,0.0,0.0,231.13570274812918,0.0,0.0,-34.537982733067636,0.0,-0.11174193573526736,-34.649724668802904,0.0,0.0,0.0,0.0,0.0,0.0,0.0,0.5960788821705482,0.0,0.0,0.0,0.0,0.0,0.0,0.0,0.0,0.0,0.0,-174.63934018903117,0.0,35.76473293023289,0.0,29.288514710752157,-221.91558495421464,326.0926094221951,0.0,-0.0149019720542637,0.0,0.0,0.0,17.882366465116444,0.0,17.882366465116444,0.0,0.0,0.0,0.0,2.9803944108527403,-1000.0,0.0,0.0,0.0,0.0,0.0,0.0,0.0,0.0,0.0,0.0,0.0,0.0,0.0,0.0,0.0,0.0,0.0,0.0,0.0,0.0,0.0,-1000.0,0.0,0.0,17.882366465116444,0.0,18.478445347286993,0.0,0.0,-19.863437043254702,19.863437043254702,0.0,0.0,-884.443055071326,0.0,0.0,884.443055071326,0.0,0.0,0.0,0.0,0.0,208.51766229249654,0.0596078882170548,0.0,0.0,0.0,-728.6862581169878,0.0,0.0,0.0,62.09714644640442,0.0,159.69249466603335,0.0,0.0,0.0,0.0,0.0,-288.047622725191,-288.047622725191,0.0,0.0,0.0,0.0,0.0,0.0,0.0,-287.98801483697395,0.0,0.0,0.0,-1000.0,-793.4111545697573,0.0,0.0,0.0,0.0,0.0,0.0,0.0,0.0,0.0,0.0,0.0,0.0,0.0,0.0,-842.8298270475991,0.0,0.0,0.0,0.0,0.0,0.0,552.429005846534,669.4865791076807,-669.4865791076807,0.0,0.0,0.0,0.0,0.0,0.0,0.0,69.66137183832245,-225.6863055535551,0.0,0.0,0.0,0.0,0.0,0.0,0.0,0.0,0.0,0.0,0.0,0.0,0.0,134.38517651569637,748.7085023547079,870.579454346098,0.0,0.0,0.0,0.0,78.97960329007746,0.0,0.0,0.0,0.0,-34.537982733067636,-129.42054565390197,0.0,0.0,0.0,0.0,0.0,0.0,0.0,0.0,178.27816940606925,0.0,0.0,0.0,-492.75924386328006,-836.1532135487656,1000.0,0.0,-870.579454346098,0.0,0.0,0.0,0.0,0.0,0.0,0.0,-55.482424942012926,0.0,0.0,-1000.0,656.2500000004507,0.0,-656.2500000004509,-1000.0,343.7499999995493,995.5791885298758,0.0,432.91065821537484,0.0,0.0,87.32640483550544,0.0,0.0,0.0,0.0,0.0,0.0,0.0,351.55114942433903,0.0,0.0,-146.7067022634776,0.0,0.0,0.0,-34.537982733067636,-0.08941183232558103,0.0,0.0,0.0,0.0,0.0596078882170548,0.0,0.0,0.0,567.689687886336,-492.6698320309544,0.0,-690.9417598737165,882.8619172985378,793.4111545697573,949.8039441085274,0.0,5.132239175488384,0.0,0.0,0.0,0.0,0.0,-5.132239175488384,0.0,0.0,-1000.0,-1000.0,0.0,0.0,0.0,0.0,0.0,0.0,0.0,0.0,0.0,0.0,0.0,0.0,0.0,0.0,0.0,0.0,0.0,-854.7682226193864,0.0,-1000.0,62.09714644640442,217.5298204305631,176.35879540548015,0.0,0.0,0.0,-386.7958316985658,0.0,112.54219374262675,0.0,0.0,0.0,0.0,0.0,780.423149676666,0.0,0.0,-722.1361894570803,0.0,0.0,-80.2620214842643,0.0,-783.4035440875188,444.14083799361816,-1.4901972054263701,-2.9803944108527403,343.73329771017967,0.0,0.0,0.0,30.916244497236825,17.882366465116444,0.0,0.0,0.0,0.0,0.0,260.96053305515795,0.0,-134.38517651569637,134.38517651569637,134.38517651569637,81.07842235658904,0.0,0.0,-727.5239241700035,0.0,0.0,69.66137183832245,0.0,0.0,-10.498936044630959,0.0,0.0,68.07842235658904,0.0,0.0,0.0,0.0,2.1398777726037235,0.1192157764341494,0.0,0.0,0.0,0.0,0.0,0.0,0.0,0.0,0.0,0.0,0.0,0.0,0.0,0.0,0.0,0.0,0.0,0.0,0.0,0.06556867703872653,0.06556867703872653,0.0,218.46359887228542,0.0,35.76473293023289,0.0,0.0,0.0,1000.0,0.0,0.0,29.288514710752157,0.0,0.0,452.30884587419405,-1000.0,0.0,0.0,0.0,0.0,0.0,68.07842235658904,0.0,0.0,0.0,0.0,0.0,0.0,0.0,333.3333333333333,-567.689687886336,728.6862581169878,0.0,33.87832210346539,0.0,600.1829249774069,-600.1829249774069,-679.1625282674843,0.0,452.30884587419405,0.0,454.44872364679776,0.0,0.0,0.0,134.38517651569637,0.0,0.0,0.0,0.0,0.0,0.0,0.0,0.0,0.0,0.0,0.0,0.0,0.0,35.76473293023289,0.0,0.0,0.0,0.0,0.0,0.0,0.0,0.0,0.0,0.0,0.0,0.0,0.5960788821705482,0.0,0.0,29.288514710752157,-29.288514710752157,0.0,552.429005846534,0.0,0.0,17.882366465116444,0.0,0.0,0.0,0.0,0.0,0.0,0.0,0.0,0.0,0.0,152.5005204442317,-121.7359024674886,0.0,17.882366465116444,17.882366465116444,1000.0,-1000.0,0.0,68.07842235658904,0.0,0.0,0.0,0.0,0.0,1000.0,69.66137183832245,986.5661517064036,0.0596078882170548,0.0,0.0,0.0,78.72073180322332,0.0,0.0,0.0,0.0,0.0,0.0,0.0,0.0,0.0,0.0,0.0,0.0,0.0,0.0,0.0,0.0,0.0,0.0596078882170548,0.0,0.0,0.0,0.0,0.0,0.0,0.0,0.0,217.5298204305631,0.0,736.9887543657262,0.0,-834.8835969161851,-145.2317773806136,-4.470591616279111,-2.9803944108527425,0.0,0.0,0.0,0.0,0.0,0.0,0.0,0.0,0.0,0.0,0.0,0.0,0.0,793.4111545697573,0.0,0.0,33.896638908089564,0.0,0.0,0.0,260.9009251669409,0.0,0.0,0.0596078882170548,0.0,0.0596078882170548,0.0,0.0,0.0,35.76473293023289,72.72162362480687,72.72162362480687,0.0,0.0,0.0,0.0,0.0,0.0,112.54219374262675,728.6862581169878,0.0,69.66137183832245,0.0,0.0,0.0,0.0,0.0,0.0,0.0,0.0,0.0,0.0,0.0,0.0,0.0,0.0,0.0,0.0,0.0,78.97960329007746,0.0,-820.1596163605219,820.1596163605219,0.08941183232558103,0.0,0.0,0.0,-17.882366465116444,0.0,0.0,0.0,0.0,0.0,-218.46359887228542,2.9803944108527403,0.0,0.0,0.0,0.0,0.0,0.0,0.0,0.0,0.0,0.0,0.0,0.0,0.0,0.0,0.0,0.0,0.0,0.0,84.07842235658904,0.0,781.7646804735768,0.0,0.0,-386.7958316985658,947.4257906588118,-560.6299589602461,62.09714644640442,-72.72162362480687,0.0,2.9803944108527425,1000.0,0.0,0.0,0.0,-69.07596546613527,187.5000000000071,-187.5000000000071,0.0,0.0,0.0,0.0,0.0,0.0,0.0,-8.941183232558242,0.0,72.72162362480687,0.0,856.0326170641575,856.0326170641575,-856.0326170641575,0.0,0.0,0.0,0.0,0.0,178.27816940606925,0.0,0.0,231.87537372112277,-78.72073180322332,0.0,0.0,17.882366465116444,29.288514710752157,0.0,0.0,0.0,86.66771417101312,0.0,0.0,0.06556867703872653,0.0,0.0,0.0,36.36081181240343,0.0,0.0,0.0,0.0,748.7085023547079,0.0,0.0,0.0,0.0,0.0,0.0,0.0,0.0,0.0,0.0,0.00596078882170548,0.00596078882170548,0.0,0.0,0.0,0.0,0.0,0.0,0.0,0.0,0.0,0.0,0.0,0.0,0.0,0.0,0.0,218.46359887228542,0.0,0.0,0.0,0.0,0.0,0.0,0.0,0.0,0.0,0.0,0.0,58.577029421504314,0.0,1000.0,-906.0624999999866,0.0,0.0,0.0,35.76473293023289,0.0,0.0,0.0,0.0,0.0,0.0,-35.76473293023289,0.0,58.577029421504314,0.0,0.0,0.0,0.0,0.0,0.0,0.0,0.0,0.0,0.0,-986.5661517064036,-1000.0,40.83140342868255,0.0,-17.882366465116444,0.0,144.99334582774478,0.0,0.0,0.0,0.0,0.0,0.0,0.0,0.0,0.0,0.0,0.0,0.0,0.0,0.0,0.0,0.0,0.0,-7.4509860271318535,0.0,-4.470591616279111,-4.470591616279109,0.0,0.0,0.0,0.0,0.0,-0.7450986027131852,0.0,72.59608249103538,0.0,0.0,0.0,0.0,0.0,0.0,0.0,1000.0,17.882366465116444,17.882366465116444,0.0,0.0,0.0,0.0,0.0,0.06556867703872653,218.46359887228542,0.0,0.0,-144.99334582774475,0.0,0.0,0.0,0.0,0.0,0.0,0.0,0.0,0.0,0.0,0.0,0.0,0.0,0.0,287.01110762228404,0.0,0.0,0.0,0.0,62.58828262790755,0.0,0.0,146.42051584609214,0.0,0.0,0.0,218.46359887228542,0.0,173.3784009946274,0.0,0.0,0.0,-7.4509860271318535,0.0,0.0,0.0,0.0,0.0,0.0,0.0,0.0,0.0,0.0,0.0,0.0,0.0,0.0,0.0,0.0,0.0,0.0,-0.0596078882170548,0.0,0.0,2.9803944108527403,-452.30884587419405,0.0,0.0,0.0,0.0,0.0,0.0,0.0,0.0,5.132239175488384,1.4901972054263701,0.0,0.0,246.13740111595385,0.0596078882170548,0.0,59.6078882170548,-18.478445347286993,11.921577643410963,0.42577063012182004,166.30600812558293,-0.0447059161627911,2.9803944108527958,1.192157764341096,-0.29803944108590485,-166.30600812558293,17.882366465116444,-0.05960788821705481,0.0,68.07842235658904,0.014901972054263702,0.42577063012182004,0.0,-38.778090514907205,-1.192157764341096,398.732332030941,-0.05960788821705481,0.014901972054263702,-166.30600812558293,5.9607888217054805,0.05960788821705481,0.0596078882170548,-218.33842230702965,-29.222946033713395,-27.5427878977994,-0.0447059161627911,17.882366465116444,0.05960788821705481,17.882366465116444,-29.803944108527404,-0.029803944108527405,-132.14970676823395,-85.0,-0.0447059161627911,-0.05960788821705481,-18.478445347286993,0.0596078882170548,5.9607888217054805,-1.192157764341096,78.97960329007746,78.97960329007746,-5.9607888217054805,-398.732332030941,-78.97960329007746,11.921577643410961,0.0894118323255822,-1000.0,5.9607888217054805,-333.3333333333333,68.07842235658904,-11.921577643410961,0.0298039441085274,0.5960788821705482,172.73543996842912,96.0,-0.0596078882170548,-231.87537372112277,218.33842230702965,18.478445347286993,0.05960788821705481,38.778090514907205,-3.4510435038767353,68.07842235658904,-0.0596078882170548,-0.014901972054263702,-68.07842235658904,-0.05960788821705481,2.1398777726037235,0.059607888217328764,-0.0149019720542637,-0.0149019720542637,-0.0149019720542637,23.843155286821922,29.803944108527404,0.5960788821705482,44.16199418280973,-0.014901972054263702,345.47087993685824,2.9803944108527403,1.9104555245508785,0.0596078882170548,0.0298039441085274,0.029803944108527405,40.0,18.478445347286993,0.0596078882170548,-18.478445347286993,0.5960788821705482,0.05960788821705481,-44.16199418280973,0.05960788821705481,0.23843155286891715,0.29803944108590485,0.029803944108527405,0.014901972054263702,17.882366465116444,-0.05960788821705481,27.5427878977994,0.596078882170548,-88.32398836561946,1.4901972054263153,-5.9607888217054805,11.921577643410961,2.9803944108527403,-0.05960788821705481,0.0,0.0894118323255822,-0.05960788821705481,-80.0,18.478445347286993,-34.749572777759994,0.029803944108527405,-3.820911049101757,-0.05960788821705481,-0.059607888217328764,-0.05960788821705481,0.029803944108527405,166.30600812558293,-11.921577643410961,0.0596078882170548,345.47087993685824,-0.0149019720542637,29.222946033713395,-345.47087993685824,8.94118323255822,85.0,704.5736957284096,166.30600812558293,-0.0447059161627911,231.87537372112277,-96.0,0.05960788821705481,-0.0149019720542637,2.9803944108527425,59.6078882170548,-0.0298039441085274,-0.05960788821705481,0.0149019720542637,0.0,0.0,4.391007526015722,0.0,-46.0,0.0,-108.0,-31.0,0.0,-32.0,-93.0,-65.0,-995.5791885298758,16.0,23.0,46.5,0.0,15.5,-218.46359887228542,-51.91814139325312,995.5791885298758,65.0,-51.91814139325312,108.0,-55.25487265891437,0.0,1496.5981,hclb
104,0.0,0.0,0.0,0.0,0.0,0.0,0.0,0.0,-0.058621708112361386,0.0,0.0,0.0,0.0,0.0,0.0,0.0,-542.3517992702341,383.1555874219822,0.0,0.0,0.0,0.0,0.0,362.5698016430788,0.0,0.0,0.0,0.0,0.0,-996.5992325951177,22.592238754567195,-22.592238754567195,553.5487980355762,0.0,0.0,0.0,0.0,999.7655131675506,0.0,-1000.0,1000.0,0.0,0.0,538.9510318653518,0.0,0.0,0.0,169.09262498219803,1000.0,0.0,0.0,0.0,0.0,0.06448387892355137,0.0,0.0,0.0,180.8169666046703,0.0,0.0,44.78040681532374,0.0,-418.29841515516716,-545.9393228236678,0.0,0.0,0.0,0.0,364.469095914019,-364.469095914019,0.0,0.5862170811236139,0.0,0.0,0.0,0.0,0.0,0.0,0.0,0.0,0.0,0.0,0.0,0.0,35.173024867416835,0.0,0.0,0.0,0.0,818.4879697767786,-0.014655427028090346,0.0,0.0,0.0,17.586512433708418,0.0,17.586512433708418,-24.47985775578536,0.0,0.0,0.0,916.5017897020085,-1000.0,0.0,0.0,-22.280763146493573,0.0,0.0,0.0,0.0,0.0,0.0,0.0,0.0,0.0,0.0,0.0,0.0,0.0,0.0,0.0,0.0,0.0,0.0,-766.9974788839896,0.0,0.0,17.586512433708418,0.0,18.17272951483203,8.910266036850146,0.0,0.0,0.0,0.0,0.0,0.0,0.0,0.0,-172.4213144838244,0.0,0.0,0.0,0.0,0.0,4.513871524651826,0.058621708112361386,0.0,0.0,0.0,0.0,-946.7243416224723,0.0,0.0,0.0,0.0,133.51791081320388,0.0,0.0,0.0,0.0,0.0,-28.565893342284024,-28.565893342284024,0.0,0.0,0.0,0.0,-768.01714623529,0.0,0.0,-5.9150328796044676,0.0,0.0,0.0,111.31235758159872,0.0,0.0,0.0,0.0,0.0,0.0,0.0,0.0,0.0,0.0,-618.4945028377539,0.0,0.0,0.0,0.0,-1000.0,0.0,0.0,0.0,0.0,0.0,0.0,0.0,0.0,0.0,172.4213144838244,0.0,0.0,0.0,0.0,0.0,0.0,3.4007674048823446,-7.327713514045173,0.0,0.0,0.0,0.0,0.0,0.0,0.0,0.0,0.0,0.0,0.0,0.0,0.0,130.35209613811534,927.1730248674169,538.9510318653518,0.0,0.0,0.0,0.0,79.0792074806515,0.0,0.0,0.0,0.0,44.78040681532374,0.0,22.592238754567195,0.0,0.0,0.0,0.0,0.0,0.0,0.0,0.0,0.0,0.0,0.0,0.0,0.0,1000.0,0.0,-538.9510318653518,0.0,0.0,172.4213144838244,-391.14145462510686,0.0,0.0,0.0,-68.847619472068,0.0,0.0,-1000.0,-1000.0,-187.3750000008947,0.0,0.0,812.6249999991055,0.0,0.0,-616.8444125780178,0.0,0.0,-70.1254242572873,0.0,0.0,0.0,0.0,0.0,0.0,0.0,-6.03227629582919,0.0,0.0,0.0,0.0,0.0,0.0,44.78040681532374,-0.08793256216854207,0.0,0.0,0.0,0.0,0.058621708112361386,0.0,0.0,0.0,730.9129656018157,-542.3517992702341,0.0,-509.78047279992944,577.6483572620837,0.0,949.3108540561807,0.0,-812.5000000000008,0.0,-22.280763146493573,0.0,0.0,0.0,-5.047329068474268,0.0,817.547329068475,-933.8203765814098,-1000.0,0.0,0.0,0.0,0.0,0.0,0.0,0.0,0.0,0.0,0.0,0.0,0.0,0.0,0.0,0.0,0.0,0.0,0.0,0.0,-1000.0,0.0,0.0,0.0,0.0,0.0,0.0,435.07916019442393,0.0,0.0,0.0,0.0,913.5707042963904,0.0,0.0,-459.7164375538133,116.50971225060364,-364.469095914019,-631.6102362761769,-1000.0,0.0,-896.4814590417697,0.0,0.0,1000.0,-117.97525495341267,997.0689145943819,631.9019836076438,0.0,-379.54597183580137,494.61659850146395,0.0,17.586512433708418,0.0,0.0,0.0,0.0,0.0,0.0,0.0,-130.35209613811534,130.35209613811534,130.35209613811534,-442.5686794073316,0.0,0.0,0.0,0.0,0.0,3.4007674048823446,0.0,0.0,-82.86050085317693,0.0,0.0,68.27565837752772,0.0,0.0,0.0,0.0,-37.13782918876386,0.11724341622486605,0.0,0.0,0.0,0.0,0.0,0.0,0.0,0.0,0.0,0.0,0.0,0.0,0.0,0.0,0.0,0.0,0.0,0.0,0.0,0.06448387892355137,0.06448387892355137,22.592238754567195,214.62775451564306,0.0,35.173024867416835,0.0,37.68248609642632,0.0,1000.0,0.0,0.0,0.0,0.0,0.0,-73.90722622002926,-1000.0,0.0,0.0,0.0,0.0,0.0,68.27565837752772,0.0,0.0,0.0,0.0,0.0,0.0,0.0,255.66582629466322,-730.9129656018157,946.7243416224723,0.0,145.1783864870496,0.0,0.0,0.0,-251.5005219644759,0.0,-73.90722622002926,0.0,791.1719305139654,-902.2169859227586,0.0,0.0,130.35209613811534,0.0,0.0,0.0,0.0,0.0,0.0,0.0,0.0,0.0,0.0,0.0,0.0,0.0,35.173024867416835,172.4213144838244,172.4213144838244,0.0,0.0,0.0,0.0,0.0,0.0,0.0,0.0,0.0,0.0,0.5862170811236139,0.0,22.592238754567195,0.0,0.0,22.592238754567195,0.0,0.0,0.0,17.586512433708418,0.0,0.0,0.0,140.6645149623978,0.0,0.0,0.0,0.0,0.0,0.0,0.0,0.0,0.0,17.586512433708418,17.586512433708418,1000.0,-1000.0,0.0,68.27565837752772,0.0,0.0,0.0,0.0,0.0,933.8203765814098,3.4007674048823446,1000.0,0.058621708112361386,0.0,0.0,0.0,41.77727594470296,546.1251009313529,0.0,0.0,0.0,0.0,0.0,0.0,0.0,0.0,0.0,0.0,0.0,0.0,0.0,0.0,0.0,0.0,0.058621708112361386,0.0,0.0,0.0,-86.49264205852154,86.49264205852154,0.0,0.0,0.0,0.0,0.0,435.07916019442393,0.0,0.0,-1000.0,-4.3966281084271035,0.0,-2.9310854056180693,0.0,0.0,0.0,0.0,0.0,0.0,0.0,0.0,0.0,0.0,0.0,172.4213144838244,0.0,0.0,0.0,-376.6148864301833,0.0,0.0,0.0,-0.058621708112361386,0.0,0.0,0.058621708112361386,0.0,0.058621708112361386,0.0,0.0,0.0,35.173024867416835,71.5184838970809,71.5184838970809,0.0,0.0,0.0,0.0,0.0,0.0,0.0,946.7243416224723,0.0,3.4007674048823446,0.0,0.0,0.0,0.0,0.0,0.0,0.0,0.0,0.0,0.0,0.0,0.0,0.0,0.0,0.0,0.0,0.0,251.5005219644759,0.0,0.0,0.0,0.08793256216854207,0.0,0.0,0.0,-17.586512433708418,0.0,0.0,0.0,0.0,0.0,-214.62775451564306,2.9310854056180693,0.0,0.0,0.0,0.0,768.01714623529,564.9208398055761,-2.9310854056180693,0.0,0.0,0.0,0.0,0.0,0.0,0.0,172.4213144838244,0.0,0.0,941.9347794126516,84.27565837752772,0.0,1000.0,523.8443377848594,0.0,1000.0,0.0,-1000.0,0.0,-462.65993852218776,37.68248609642632,2.9310854056180693,613.6758222143983,0.0,0.0,-22.592238754567195,-82.86050085317693,0.0,0.0,0.0,0.0,0.0,-417.0007929645086,0.0,0.0,0.0,614.0978747293267,-4.396628108426853,71.5184838970809,0.0,22.592238754567195,22.592238754567195,0.0,0.0,0.0,0.0,0.0,0.0,0.0,0.0,0.0,223.42101073249728,-41.77727594470296,-920.05065933488,0.0,17.586512433708418,0.0,0.0,0.0,0.0,16.57375787745073,0.0,0.0,0.06448387892355137,0.0,0.0,0.0,35.75924194854045,0.0,0.0,0.0,0.0,927.1730248674169,0.0,0.0,0.0,0.0,0.0,0.0,0.0,0.0,930.1460897612083,0.0,19.99755182884078,0.005862170811236306,0.0,0.0,0.0,0.0,0.0,0.0,0.0,0.0,0.0,0.0,22.592238754567195,0.0,0.0,0.0,0.0,214.62775451564306,0.0,0.0,0.0,0.0,0.0,0.0,0.0,0.0,0.0,0.0,0.0,0.0,0.0,-701.548011118486,383.1555874219822,0.0,0.0,0.0,35.173024867416835,0.0,0.0,0.0,0.0,0.0,964.8269751325831,-1000.0,0.0,0.0,0.0,0.0,0.0,0.0,0.0,0.0,0.0,22.592238754567195,22.592238754567195,0.0,-1000.0,-1000.0,40.15587005696756,0.0,-17.586512433708418,0.0,999.7655131675506,0.0,0.0,0.0,0.0,0.0,0.0,0.0,0.0,0.0,406.25,0.0,-406.25,-406.25,0.0,0.0,0.0,37.68248609642632,-7.327713514045173,172.4213144838244,-917.9673324048176,0.0,0.0,0.0,0.0,0.0,0.0,-0.7327713514045174,0.0,82.86050085317693,0.0,0.0,0.0,0.0,0.0,0.0,0.0,1000.0,17.586512433708418,17.586512433708418,0.0,0.0,0.0,0.0,0.0,0.06448387892355137,214.62775451564306,0.0,0.0,-999.7655131675506,19.991689658029543,0.0,0.0,0.0,0.0,0.0,0.0,0.0,0.0,0.0,0.0,0.0,0.0,0.0,0.0,0.0,0.0,8.910266036850146,0.0,61.55279351797946,4.513871524651826,0.0,0.0,0.0,0.0,0.0,214.62775451564306,0.0,-589.4006975613614,0.0,0.0,0.0,-7.327713514045173,0.0,0.0,0.0,0.0,0.0,0.0,0.0,0.0,0.0,0.0,0.0,0.0,0.0,0.0,0.0,0.0,0.0,0.0,-0.058621708112361386,0.0,0.0,2.9310854056180693,73.90722622002926,0.0,0.0,0.0,0.0,172.4213144838244,0.0,0.0,0.0,5.047329068474268,1.4655427028090346,0.0,0.0,0.0,0.058621708112361386,0.0,58.62170811236138,-9.262463477981882,11.724341622472279,0.41872648651686706,181.3750977071886,-0.04396628108427104,459.7164375538133,1.1724341622472279,-0.2931085405617814,-181.3750977071886,17.586512433708418,-0.058621708112361386,7.426921048831191,68.27565837752772,0.014655427028090346,0.41872648651686706,-22.280763146493573,-9.332575931488101,21.419804592319966,159.1962118482519,-0.058621708112361386,0.014655427028090346,-181.3750977071886,5.862170811236139,0.058621708112361386,0.058621708112361386,-214.50464892860717,0.06448387892359903,0.0,-0.04396628108427104,17.586512433708418,0.058621708112361386,17.586512433708418,-29.310854056180695,-0.029310854056180693,-88.95638452021674,-85.0,-0.04396628108427104,-0.058621708112361386,-9.262463477981882,0.058621708112361386,5.862170811236139,-1.1724341622472279,251.5005219644759,251.5005219644759,-5.862170811236139,-159.1962118482519,-251.5005219644759,11.724341622472277,0.08793256216854207,-1000.0,5.862170811236139,-255.66582629466322,68.27565837752772,-11.724341622472277,0.029310854056180693,0.5862170811236139,127.44511819998236,96.0,-0.058621708112361386,-227.81763884092413,214.50464892860717,18.17272951483203,0.05862170811236144,9.332575931488101,-2.070391357306093,68.27565837752772,-0.058621708112361386,-0.014655427028090346,-68.27565837752772,-0.058621708112361386,-37.13782918876386,0.05862170811235963,-0.014655427028090346,-0.014655427028090346,-0.014655427028090346,23.448683244944554,29.310854056180695,0.5862170811236139,181.45547696993452,-0.014655427028090346,247.46331535113353,2.9310854056180693,21.5,0.058621708112361386,0.029310854056180693,0.029310854056180693,40.0,9.262463477981882,0.058621708112361386,-9.262463477981882,0.5862170811236139,0.058621708112361386,-457.50371491431054,0.058621708112361386,0.2344868324493845,0.2931085405617814,0.029310854056180693,0.014655427028090346,17.586512433708418,-0.058621708112361386,0.0,-10.709902296159983,-362.91095393986905,458.25089485100426,-5.862170811236139,11.724341622472277,2.9310854056180693,-0.058621708112361386,22.280763146493573,0.08793256216854207,-0.058621708112361386,-80.0,9.262463477981882,146.86253498463265,0.029310854056180693,-43.0,-0.058621708112361386,-0.05862170811235963,-0.058621708112361386,0.029310854056180693,181.3750977071886,-11.724341622472277,0.058621708112361386,254.89023639996472,-0.014655427028090346,-0.06448387892359903,-254.89023639996472,8.793256216854207,85.0,756.0500999571616,181.3750977071886,-0.04396628108427104,227.81763884092413,-96.0,0.058621708112361386,-0.014655427028090345,2.9310854056180693,58.62170811236138,-0.029310854056180693,-0.05862170811236144,0.014655427028090346,0.0,0.0,181.48271936916518,276.048237944376,-46.0,0.0,49.37829188763848,-31.0,0.0,-32.0,-93.0,-65.0,-818.4879697767786,16.0,23.0,46.5,0.0,15.5,-214.62775451564306,-163.43629286208338,818.4879697767786,65.0,-163.43629286208338,-49.37829188763848,22.793256216854218,0.0,1496.5981,hclb
105,0.0,0.0,0.0,0.0,0.0,0.0,0.0,0.0,-0.05771326629111171,0.0,0.0,0.0,0.0,0.0,0.0,0.0,-366.74231951070476,767.7571742308008,0.0,0.0,0.0,0.0,0.0,923.7030619631503,0.0,0.0,0.0,0.0,0.0,-768.5259886790562,0.0,0.0,540.0828498679704,0.0,0.0,0.0,0.0,32.951791954922044,0.0,-1000.0,1000.0,0.0,0.0,245.28031429837074,0.0,0.0,0.0,0.0,889.9879938913903,-772.1141076373209,0.0,0.0,0.0,0.06348459292027996,0.0,0.0,0.0,11.542653258222343,0.0,0.0,-13.037488529171616,0.0,0.0,-13.037488529171616,0.0,0.0,0.0,0.0,0.0,891.4054588968089,0.0,0.5771326629111172,0.0,0.0,0.0,0.0,0.0,0.0,0.0,387.1108225895449,0.0,0.0,43.059308658038674,0.0,34.62795977466703,0.0,7.954873544467755,-506.1094067759899,-45.435842164232156,429.31442927963263,-0.01442831657277793,0.0,0.0,37.31795438227417,17.313979887333517,0.0,17.313979887333517,0.0,0.0,0.0,420.4223748298835,998.5571683427222,-810.9349285653758,0.0,0.0,-12.84001553528933,0.0,0.0,0.0,0.0,0.0,0.0,0.0,0.0,0.0,0.0,0.0,0.0,0.0,0.0,0.0,0.0,0.0,0.0,-673.233482931711,0.0,0.0,17.313979887333517,0.0,17.89111255024463,0.0,0.0,-1000.0,1000.0,0.0,0.0,0.0,0.0,0.0,0.0,0.0,0.0,0.0,0.0,0.0,-30.660513609155274,0.05771326629111171,0.0,0.0,0.0,682.0355385234056,-682.0355385234056,0.0,0.0,377.3630661718448,0.0,35.37808667449325,0.0,0.0,0.0,0.0,0.0,821.2397107848743,821.2397107848743,0.0,0.0,0.0,0.0,-885.0274696244242,0.0,0.0,821.2974240511654,0.0,0.0,0.0,516.9432370623996,0.0,0.0,0.0,0.0,0.0,0.0,0.0,0.0,0.0,0.0,0.0,0.0,0.0,0.0,0.0,-1000.0,0.0,0.0,0.0,0.0,0.0,772.1141076373209,0.0,-383.8785871154005,383.8785871154005,0.0,0.0,0.0,0.0,0.0,0.0,0.0,42.40893988631953,129.192170373505,0.0,0.0,0.0,0.0,0.0,0.0,0.0,0.0,0.0,0.0,0.0,0.0,0.0,201.08170296564504,-19.914693483555315,245.28031429837074,0.0,0.0,0.0,0.0,79.17096010459771,0.0,0.0,0.0,0.0,-13.037488529171616,0.0,0.0,0.0,0.0,0.0,0.0,0.0,0.0,0.0,1.8583671745737433,0.0,0.0,0.0,-225.1955260206995,113.24721893046882,0.0,0.0,-245.28031429837074,0.0,0.0,0.0,70.41018487515629,0.0,0.0,0.0,355.05861174889424,0.0,0.0,-687.6250000000001,-1000.0,0.0,312.3750000000003,0.0,1000.0,-429.31442927963263,0.0,0.0,772.1141076373209,0.0,81.84905284760399,0.0,0.0,0.0,-233.80710641714018,0.0,233.80710641714018,0.0,1000.0,0.0,0.0,-203.62398047559162,0.0,0.0,0.0,-13.037488529171616,-0.08656989943666757,0.0,0.0,0.0,0.0,0.05771326629111171,0.0,0.0,0.0,901.6566928334951,-366.74231951070476,0.0,-354.16963548357876,-355.04398609396213,0.0,948.8566331455559,0.0,534.7603433631167,0.0,-12.84001553528933,0.0,0.0,0.0,341.63968589443925,123.59997074244404,-1000.0,672.3145068861314,-1000.0,0.0,0.0,0.0,0.0,0.0,0.0,0.0,0.0,0.0,0.0,0.0,0.0,0.0,0.0,0.0,0.0,0.0,-966.8173549799136,0.0,-1000.0,377.3630661718448,0.0,0.0,3.7127572704002887,0.0,0.0,28.80214643458153,0.0,0.0,0.0,0.0,995.6715050281666,0.0,0.0,0.0,337.2176647914318,-123.59997074244404,0.0,203.81732283670323,575.6802888169141,0.0,0.0,-502.57779446383904,0.0,-338.6604964487096,-206.7029861512588,-832.8178143890366,0.0,0.0,0.0,896.3007756939058,17.313979887333517,0.0,0.0,0.0,0.0,0.0,0.0,51.85714789337572,-149.2245550722693,149.2245550722693,149.2245550722693,-428.90096631122634,0.0,0.0,-202.6826231148201,0.0,0.0,42.40893988631953,0.0,0.0,-10.165229969407722,0.0,0.0,68.45734674177766,0.0,0.0,0.0,0.0,-37.22867337088883,0.11542653258215944,0.0,0.0,0.0,0.0,0.0,0.0,0.0,0.0,0.0,312.5365381606779,0.0,0.0,0.0,0.0,0.0,0.0,0.0,0.0,0.0,0.06348459292027996,0.06348459292027996,0.0,285.5390497074227,0.0,34.62795977466703,0.0,0.0,0.0,1000.0,0.0,0.0,7.954873544467755,0.0,0.0,-213.90128127140346,-1000.0,0.0,0.0,0.0,0.0,0.0,68.45734674177766,0.0,0.0,0.0,0.0,0.0,0.0,0.0,224.41116097723702,-901.6566928334951,0.0,0.0,12.398795048883354,0.0,0.0,37.31795438227417,-41.85300572232354,0.0,-213.90128127140346,0.0,-907.4809951164106,656.3510404741182,0.0,0.0,201.08170296564504,0.0,0.0,0.0,0.0,0.0,0.0,0.0,0.0,0.0,0.0,0.0,0.0,0.0,34.62795977466703,0.0,0.0,0.0,0.0,0.0,0.0,0.0,0.0,0.0,0.0,0.0,0.0,0.5771326629111172,0.0,0.0,7.954873544467755,-7.954873544467755,0.0,0.0,0.0,0.0,17.313979887333517,0.0,0.0,0.0,0.0,0.0,0.0,0.0,0.0,0.0,0.0,1000.0,500.0926238095399,0.0,17.313979887333517,17.313979887333517,-82.94898191811632,-1000.0,0.0,68.45734674177766,0.0,0.0,0.0,0.0,0.0,624.632028169254,42.40893988631953,1000.0,0.05771326629111171,0.0,0.0,0.0,76.21861288974034,523.1983285882933,0.0,-37.31795438227417,0.0,0.0,0.0,0.0,0.0,0.0,0.0,0.0,0.0,0.0,0.0,0.0,0.0,0.0,0.05771326629111171,0.0,0.0,0.0,0.0,0.0,0.0,0.0,0.0,0.0,0.0,28.80214643458153,0.0,0.0,-33.1826450200864,-4.328494971833379,0.0,-2.8856633145555857,0.0,0.0,0.0,0.0,0.0,0.0,0.0,0.0,0.0,0.0,0.0,0.0,0.0,0.0,0.0,899.1864390084614,0.0,0.0,0.0,-0.05771326629111171,0.0,0.0,0.05771326629111171,0.0,0.05771326629111171,0.0,578.868920736131,0.0,34.62795977466703,70.41018487515629,70.41018487515629,0.0,0.0,0.0,0.0,0.0,0.0,0.0,0.0,0.0,42.40893988631953,0.0,0.0,0.0,346.608798122104,0.0,0.0,0.0,0.0,0.0,0.0,0.0,0.0,0.0,0.0,0.0,0.0,0.0,79.17096010459771,0.0,0.0,0.0,0.08656989943666757,0.0,0.0,0.0,-17.313979887333517,0.0,0.0,0.0,0.0,0.0,-285.5390497074227,2.8856633145555857,0.0,0.0,0.0,0.0,885.0274696244242,937.4999999999991,-2.8856633145555857,0.0,0.0,0.0,0.0,0.0,0.0,0.0,0.0,0.0,0.0,23.745517369512086,84.45734674177766,0.0,53.457346741777656,510.358313053004,0.0,966.3021464345807,0.0,-966.3021464345807,377.3630661718448,0.0,0.0,2.8856633145555857,767.7367456884974,0.0,0.0,0.0,-26.074977058343233,0.0,0.0,1000.0,-1000.0,0.0,0.0,0.0,0.0,0.0,-8.656989943666758,0.0,70.41018487515629,0.0,0.0,0.0,0.0,0.0,0.0,0.0,0.0,0.0,1.8583671745737433,0.0,0.0,298.5245346229228,-388.7551510504182,-1000.0,0.0,17.313979887333517,7.954873544467755,0.0,0.0,0.0,-82.63511322839048,0.0,0.0,0.06348459292027996,0.0,0.0,0.0,35.205092437578145,0.0,0.0,0.0,0.0,-19.914693483555315,0.0,0.0,0.0,0.0,0.0,0.0,0.0,0.0,-465.63349307720773,0.0,0.005771326629111171,0.005771326629111171,0.0,0.0,0.0,0.0,0.0,0.0,0.0,0.0,0.0,0.0,0.0,0.0,0.0,0.0,0.0,285.5390497074227,0.0,0.0,0.0,0.0,0.0,0.0,0.0,772.1141076373209,0.0,0.0,0.0,15.90974708893551,0.0,156.50335486998085,767.7571742308008,0.0,0.0,0.0,34.62795977466703,0.0,0.0,0.0,0.0,0.0,0.0,-34.62795977466703,0.0,15.90974708893551,0.0,0.0,0.0,0.0,0.0,0.0,0.0,0.0,0.0,0.0,-1000.0,486.01160649000957,386.1423855315156,-17.313979887333517,0.0,0.0,32.951791954922044,0.0,0.0,0.0,0.0,0.0,0.0,0.0,0.0,0.0,671.875,0.0,-671.875,-671.875,0.0,0.0,0.0,0.0,-7.214158286388965,0.0,-1000.0,342.28030315027064,0.0,0.0,0.0,0.0,0.0,-0.7214158286388965,0.0,387.52829614125255,0.0,0.0,0.0,0.0,0.0,0.0,0.0,1000.0,17.313979887333517,17.313979887333517,0.0,0.0,0.0,0.0,387.1108225895449,0.06348459292027996,285.5390497074227,0.0,0.0,-32.951791954922044,0.0,0.0,0.0,0.0,0.0,0.0,0.0,0.0,0.0,0.0,0.0,0.0,0.0,0.0,289.4344603680655,0.0,0.0,0.0,0.0,60.59892960566731,12.398795048883354,0.0,0.0,0.0,0.0,0.0,285.5390497074227,0.0,-937.4999999999991,0.0,0.0,0.0,-7.214158286388965,0.0,0.0,0.0,0.0,0.0,0.0,0.0,0.0,0.0,0.0,0.0,0.0,0.0,0.0,0.0,0.0,0.0,0.0,-0.05771326629111171,0.0,0.0,2.8856633145555857,213.90128127140346,0.0,0.0,0.0,0.0,0.0,0.0,0.0,0.0,-341.63968589443925,1.442831657277793,0.0,0.0,0.0,0.05771326629111171,0.0,57.71326629111171,-17.89111255024463,11.542653258222344,0.41223761636508366,161.02001295220168,-0.043284949718333784,502.57779446383904,1.1542653258222344,-0.2885663314554654,-161.02001295220168,17.313979887333517,-0.05771326629111172,4.280005178429777,68.45734674177766,0.01442831657277793,0.41223761636508366,-12.84001553528933,-17.14282553801263,-1.1542653258222344,-401.0148547200961,-0.05771326629111172,0.01442831657277793,-161.02001295220168,5.771326629111171,0.05771326629111172,0.05771326629111171,-285.4178518482113,-7.891388951547532,-28.433163579987188,-0.043284949718333784,17.313979887333517,0.05771326629111165,17.313979887333517,-28.85663314555586,-0.02885663314555586,18.7351079760726,-85.0,-0.043284949718333784,-0.05771326629111172,-17.89111255024463,0.05771326629111171,5.771326629111171,-1.1542653258222344,79.17096010459771,79.17096010459771,-5.771326629111171,401.0148547200961,-79.17096010459771,11.542653258222343,0.08656989943666757,13.698650545021565,5.771326629111171,-224.41116097723702,68.45734674177766,-11.542653258222343,0.02885663314555586,0.5771326629111172,88.54240887089469,96.0,-0.05771326629111171,-298.5245346229228,285.4178518482113,17.89111255024463,0.05771326629111172,17.14282553801263,-0.7985728075564671,68.45734674177766,-0.05771326629111171,-0.01442831657277793,-68.45734674177766,-0.05771326629111172,-37.22867337088883,0.05771326629077066,-0.01442831657277793,-0.01442831657277793,-0.01442831657277793,23.085306516444685,28.85663314555586,0.5771326629111172,186.59884910852236,-0.01442831657277793,172.8048125633596,2.8856633145555857,21.5,0.05771326629111171,0.02885663314555586,0.02885663314555586,40.0,17.89111255024463,0.05771326629111171,-17.89111255024463,0.5771326629111172,0.05771326629111172,-474.2799149987131,0.05771326629111172,0.23085306516435367,0.2885663314554654,0.02885663314555586,0.01442831657277793,17.313979887333517,-0.05771326629111172,28.433163579987188,0.5771326629111172,-373.1976982170447,501.13496280656125,-5.771326629111171,11.542653258222343,2.8856633145555857,-0.05771326629111172,12.84001553528933,0.08656989943666757,-0.05771326629111172,-80.0,17.89111255024463,319.7415688428457,0.02885663314555586,-43.0,-0.05771326629111165,-0.05771326629077066,-0.05771326629111172,0.02885663314555586,161.02001295220168,-11.542653258222343,0.05771326629111171,177.08481774178938,-0.01442831657277793,7.891388951547532,-177.08481774178938,8.656989943666757,85.0,-89.1186784342793,161.02001295220168,-0.043284949718333784,298.5245346229228,-96.0,0.05771326629111172,-0.014428316572777926,2.8856633145555857,57.71326629111171,-0.02885663314555586,-0.05771326629111172,0.01442831657277793,0.0,0.0,-13.727507178167121,287.6810658901907,-46.0,0.0,416.1020990564059,-31.0,0.0,-32.0,-93.0,-65.0,0.0,16.0,23.0,46.5,0.0,15.5,-285.5390497074227,-237.10645561445526,0.0,65.0,-237.10645561445526,-416.1020990564059,205.5646726174256,0.0,1496.5981,hclb
106,0.0,0.0,0.0,0.0,0.0,0.0,0.0,0.0,-0.04504328543560796,0.0,0.0,0.0,0.0,0.0,0.0,0.0,-350.55078461967975,1000.0,0.0,112.56158969921276,0.0,0.0,0.0,0.0,0.0,0.0,0.0,0.0,0.0,579.3181965221399,19.271204637408573,-19.271204637408573,30.00454339187305,0.0,0.0,0.0,0.0,999.8198268582619,0.0,-1000.0,1000.0,0.0,0.0,0.0,0.0,0.0,0.0,0.0,-581.0442308209167,0.0,0.0,386.4035198932849,0.0,0.0495476139791813,0.0,0.0,0.0,9.008657087121591,0.0,0.0,-20.761997449911178,0.0,0.0,-323.674261145115,0.0,0.0,0.0,0.0,0.0,232.3820950110791,0.0,0.4504328543560796,0.0,0.0,0.0,0.0,0.0,0.0,0.0,457.55973638371574,0.0,0.0,0.0,0.0,27.025971261364777,0.0,111.34220513181567,839.5101273922634,497.5186934082151,0.0,-0.011260821358901989,0.0,0.0,-492.5499066646466,13.512985630682389,0.0,13.512985630682389,0.0,0.0,0.0,0.0,2.252164271780398,-51.06092957160883,0.0,0.0,0.0,0.0,0.0,0.0,0.0,0.0,0.0,0.0,0.0,0.0,0.0,0.0,0.0,0.0,0.0,0.0,0.0,0.0,0.0,-986.501031152116,0.0,0.0,13.512985630682389,0.0,13.963418485038467,0.0,0.0,70.72195717104819,-70.72195717104819,0.0,0.0,-302.9122636952039,0.0,0.0,0.0,0.0,0.0,0.0,0.0,0.0,114.8105381103575,0.04504328543560796,0.0,0.0,0.0,0.0,-73.72626923571852,0.0,0.0,0.0,0.0,-155.9308161261777,0.0,0.0,0.0,0.0,0.0,430.8192626364509,430.8192626364509,0.0,0.0,0.0,0.0,0.0,0.0,0.0,450.1355105592951,0.0,0.0,0.0,-645.4440681710474,0.0,0.0,0.0,0.0,0.0,0.0,0.0,0.0,0.0,0.0,-358.50669767540194,0.0,0.0,0.0,0.0,-1000.0,0.0,0.0,0.0,0.0,0.0,0.0,-386.4035198932849,-497.5186934082151,497.5186934082151,302.9122636952039,0.0,0.0,0.0,0.0,0.0,0.0,630.3791260937488,-875.912798530854,0.0,0.0,0.0,0.0,0.0,0.0,0.0,0.0,0.0,0.0,0.0,0.0,0.0,288.9954961579771,76.12821520507055,738.6803388117414,0.0,0.0,0.0,0.0,80.45062817100359,0.0,0.0,0.0,0.0,-20.761997449911178,738.6803388117414,19.271204637408573,0.0,0.0,0.0,0.0,0.0,0.0,0.0,290.3348518323807,0.0,0.0,0.0,-995.0373868164302,0.0,-625.4563167301534,0.0,-738.6803388117414,0.0,0.0,302.9122636952039,853.850201148809,0.0,0.0,0.0,-479.58290006790264,0.0,0.0,-1000.0,-687.6249999997003,0.0,0.0,-312.3750000002981,999.9999999999984,0.0,0.0,742.9805196129361,0.0,0.0,-257.69212550086127,0.0,0.0,0.0,-886.5173157196691,0.0,886.5173157196691,0.0,731.353912331656,0.0,0.0,0.0,0.0,0.0,0.0,-20.761997449911178,-0.06756492815341193,0.0,0.0,0.0,0.0,0.04504328543560796,0.0,0.0,0.0,312.78927067072937,-350.55078461967975,0.0,-311.17024637577674,236.65525468891815,0.0,942.521642717804,0.0,0.0,0.0,0.0,0.0,0.0,0.0,-3.8782268760058574,553.4623599315157,-549.5841330555098,-1000.0,-1000.0,0.0,0.0,0.0,0.0,0.0,0.0,0.0,0.0,0.0,0.0,0.0,0.0,0.0,0.0,0.0,0.0,0.0,0.0,0.0,-1000.0,0.0,0.0,269.6132534039476,0.0,0.0,0.0,357.8745442860803,0.0,0.0,0.0,632.6134493327739,0.0,0.0,0.0,0.0,0.0,-553.4623599315157,0.0,0.0,0.0,-143.6801001163103,0.0,-2.252164271780398,0.0,-1.126082135890199,-2.252164271780398,123.36410768594124,0.0,435.72866292502545,0.0,-208.07010474375045,13.512985630682389,0.0,0.0,0.0,0.0,0.0,0.0,0.0,-288.9954961579771,288.9954961579771,288.9954961579771,83.99134291287841,0.0,0.0,-615.3351037386792,0.0,0.0,630.3791260937488,0.0,0.0,-121.75184833139485,0.0,0.0,70.99134291287841,0.0,0.0,0.0,0.0,-11.111039661330366,0.09008657087123001,0.0,0.0,0.0,0.0,0.0,0.0,0.0,0.0,0.0,232.3820950110791,0.0,0.0,0.0,0.0,0.0,0.0,0.0,0.0,0.0,0.0495476139791813,0.0495476139791813,19.271204637408573,375.98683907085547,0.0,27.025971261364777,0.0,0.0,0.0,1000.0,0.0,0.0,111.34220513181567,0.0,0.0,384.3378965569435,-1000.0,0.0,0.0,0.0,0.0,0.0,70.99134291287841,0.0,0.0,0.0,0.0,0.0,0.0,0.0,328.8336770507053,-312.78927067072937,73.72626923571852,0.0,114.8105381103575,0.0,-492.5499066646466,0.0,-383.36289186620746,0.0,384.3378965569435,0.0,373.22685689561314,0.0,0.0,0.0,288.9954961579771,0.0,0.0,0.0,0.0,0.0,0.0,0.0,0.0,0.0,0.0,0.0,0.0,0.0,27.025971261364777,302.9122636952039,302.9122636952039,0.0,0.0,0.0,0.0,0.0,0.0,0.0,0.0,0.0,0.0,0.4504328543560796,0.0,19.271204637408573,111.34220513181567,-111.34220513181567,19.271204637408573,-386.4035198932849,0.0,0.0,13.512985630682389,0.0,0.0,0.0,0.0,0.0,0.0,0.0,0.0,0.0,0.0,877.7158209006495,-958.2496974509811,0.0,13.512985630682389,13.512985630682389,1000.0,-1000.0,0.0,70.99134291287841,0.0,0.0,0.0,0.0,0.0,1000.0,630.3791260937488,849.7668150420989,0.04504328543560796,0.0,0.0,-656.2499999999163,715.7360931726988,0.0,0.0,492.5499066646466,0.0,0.0,0.0,0.0,0.0,0.0,0.0,0.0,0.0,0.0,0.0,0.0,0.0,0.0,0.04504328543560796,0.0,0.0,0.0,0.0,0.0,0.0,0.0,0.0,0.0,0.0,1000.0,0.0,-372.51220230997194,-1000.0,-3.378246407670597,0.0,-2.2521642717804298,0.0,0.0,0.0,0.0,0.0,0.0,0.0,0.0,0.0,0.0,0.0,302.9122636952039,0.0,0.0,0.0,229.9107224530554,0.0,0.0,0.0,-0.04504328543560796,0.0,0.0,0.04504328543560796,0.0,0.04504328543560796,0.0,0.0,0.0,27.025971261364777,54.95280823144171,54.95280823144171,0.0,0.0,0.0,0.0,0.0,0.0,0.0,73.72626923571852,0.0,630.3791260937488,0.0,0.0,0.0,0.0,0.0,0.0,0.0,0.0,0.0,0.0,0.0,0.0,0.0,0.0,0.0,0.0,0.0,383.36289186620746,0.0,0.0,0.0,0.06756492815341193,0.0,0.0,0.0,-13.512985630682389,0.0,0.0,0.0,0.0,0.0,-375.98683907085547,2.252164271780398,0.0,0.0,0.0,0.0,0.0,-715.808815477179,-2.2521642717804298,0.0,0.0,0.0,0.0,0.0,0.0,0.0,302.9122636952039,0.0,0.0,0.0,86.99134291287841,0.0,129.7176121485969,0.0,0.0,-357.93427119109856,372.51220230997194,-14.57793111887338,0.0,798.8973929173673,0.0,2.2521642717804298,713.5925616941526,0.0,0.0,-19.271204637408573,-344.4362585950262,0.0,0.0,688.5343028828281,-688.5343028828281,0.0,-743.7487295914106,0.0,0.0,0.0,351.75020486006076,0.0,54.95280823144171,0.0,0.0,0.0,19.271204637408573,0.0,0.0,0.0,0.0,0.0,290.3348518323807,0.0,0.0,386.12157829386723,-291.8681881838616,120.42826531348747,0.0,13.512985630682389,111.34220513181567,0.0,0.0,0.0,-189.66455228778534,0.0,0.0,0.0495476139791813,0.0,0.0,0.0,27.476404115720854,0.0,0.0,0.0,0.0,76.12821520507055,0.0,0.0,0.0,0.0,0.0,0.0,0.0,0.0,0.0,0.0,0.0045043285435607955,0.0045043285435607955,0.0,0.0,0.0,0.0,0.0,0.0,0.0,0.0,0.0,-656.2499999999163,19.271204637408573,0.0,0.0,0.0,0.0,375.98683907085547,0.0,0.0,0.0,0.0,0.0,0.0,0.0,0.0,0.0,0.0,0.0,222.68441026363135,0.0,-813.0072106414124,1000.0,0.0,0.0,0.0,27.025971261364777,0.0,0.0,0.0,0.0,0.0,0.0,-27.025971261364777,0.0,222.68441026363135,0.0,0.0,0.0,0.0,0.0,0.0,0.0,19.271204637408573,19.271204637408573,0.0,-849.7668150420989,-51.06092957160883,30.854650523391456,0.0,-13.512985630682389,0.0,999.8198268582619,0.0,0.0,0.0,0.0,0.0,0.0,0.0,0.0,0.0,921.875,0.0,-921.875,-921.875,0.0,0.0,0.0,0.0,-5.6304106794510265,302.9122636952039,-3.378246407670597,-3.3782464076705967,0.0,0.0,0.0,0.0,0.0,0.0,-0.5630410679450994,121.75184833139485,0.0,0.0,0.0,0.0,0.0,0.0,0.0,1000.0,13.512985630682389,13.512985630682389,0.0,0.0,0.0,0.0,457.55973638371574,0.0495476139791813,375.98683907085547,0.0,0.0,-999.8198268582619,0.0,0.0,0.0,0.0,0.0,0.0,0.0,0.0,0.0,0.0,0.0,0.0,0.0,0.0,0.0,0.0,0.0,0.0,0.0,47.29544970738836,114.8105381103575,0.0,0.0,0.0,0.0,0.0,375.98683907085547,0.0,985.4220688811266,0.0,0.0,0.0,-5.6304106794510265,0.0,0.0,0.0,0.0,0.0,0.0,0.0,0.0,0.0,0.0,0.0,0.0,0.0,0.0,0.0,0.0,0.0,0.0,-0.04504328543560796,0.0,0.0,2.252164271780398,-384.3378965569435,0.0,0.0,0.0,0.0,302.9122636952039,0.0,0.0,0.0,3.8782268760058574,1.126082135890199,0.0,0.0,0.0,0.04504328543560796,0.0,45.043285435607956,-13.963418485038467,9.008657087121593,0.3217377531114854,125.67076636534621,-0.033782464076705966,2.252164271780398,0.9008657087121592,-0.2252164271736774,-125.67076636534621,13.512985630682389,-0.045043285435607955,0.0,70.99134291287841,0.011260821358901989,0.3217377531114854,0.0,-118.51309617316292,18.370338928696412,-762.0108050795332,-0.045043285435607955,0.011260821358901989,-125.67076636534621,4.504328543560796,0.045043285435607955,0.04504328543560796,-375.89224817144066,-111.2926575178365,-41.11558305320341,-0.033782464076705966,13.512985630682389,0.045043285435607955,13.512985630682389,-22.521642717803978,-0.022521642717803977,197.0463991793811,-85.0,-0.033782464076705966,-0.045043285435607955,-13.963418485038467,0.04504328543560796,4.504328543560796,-0.9008657087121592,383.36289186620746,383.36289186620746,-4.504328543560796,762.0108050795332,-383.36289186620746,9.008657087121591,0.06756492815341193,-578.2123375017936,4.504328543560796,-328.8336770507053,70.99134291287841,-9.008657087121591,0.022521642717803977,0.4504328543560796,77.79256159394419,96.0,-0.04504328543560796,-386.12157829386723,375.89224817144066,13.963418485038467,0.045043285435607955,118.51309617316292,16.939400390148762,70.99134291287841,-0.04504328543560796,-0.011260821358901989,-70.99134291287841,-0.045043285435607955,-11.111039661330366,0.04504328543396241,-0.011260821358901989,-0.011260821358901989,-0.011260821358901989,18.017314174243182,22.521642717803978,0.4504328543560796,355.5809627314029,-0.011260821358901989,155.58512318788837,2.252164271780398,7.807684102445581,0.04504328543560796,0.022521642717803977,0.022521642717803977,40.0,13.963418485038467,0.04504328543560796,-13.963418485038467,0.4504328543560796,0.045043285435607955,-1000.0,0.045043285435607955,0.18017314173818022,0.2252164271736774,0.022521642717803977,0.011260821358901989,13.512985630682389,-0.045043285435607955,41.11558305320341,-9.185169464348206,-711.1619254628058,1.1260821358901993,-4.504328543560796,9.008657087121591,2.252164271780398,-0.045043285435607955,0.0,0.06756492815341193,-0.045043285435607955,-80.0,13.963418485038467,346.0725242394531,0.022521642717803977,-15.615368204891162,-0.045043285435607955,-0.04504328543396241,-0.045043285435607955,0.022521642717803977,125.67076636534621,-9.008657087121591,0.04504328543560796,155.58512318788837,-0.011260821358901989,111.2926575178365,-155.58512318788837,6.756492815341193,85.0,457.1085700405078,125.67076636534621,-0.033782464076705966,386.12157829386723,-96.0,0.045043285435607955,-0.011260821358901989,634.8656136045544,45.043285435607956,-0.022521642717803977,-0.045043285435607955,0.011260821358901989,0.0,0.0,578.1898158590758,644.4190372685971,-46.0,0.0,615.5196187883055,-31.0,0.0,-32.0,-93.0,-65.0,0.0,16.0,23.0,46.5,0.0,15.5,-375.98683907085547,-156.40797195166778,0.0,65.0,-156.40797195166778,-615.5196187883055,297.037944927298,0.0,1496.5981,hclb
107,0.0,0.0,0.0,0.0,0.0,0.0,0.0,0.0,-0.05499755745952358,0.0,0.0,0.0,0.0,0.0,0.0,0.0,-387.13132400211487,956.1869641127183,0.0,0.0,0.0,0.0,0.0,273.7858794024558,0.0,54.31362067452004,0.0,0.0,0.0,228.19276372200352,0.0,0.0,20.96150706613463,0.0,0.0,0.0,0.0,-9.631905563077899,0.0,-1000.0,1000.0,0.0,-223.94183181218912,-65.00327153207778,0.0,0.0,0.0,0.0,0.0,0.0,0.0,0.0,0.0,0.06049731320542051,0.0,0.0,0.0,10.999511491904716,0.0,0.0,-171.04829060755046,0.0,171.04829060755046,0.0,0.0,0.0,0.0,0.0,0.0,0.0,0.0,0.5499755745952358,0.0,0.0,0.0,0.0,0.0,0.0,0.0,873.8217763925268,0.0,0.0,0.0,0.0,32.99853447571415,0.0,166.20483904728175,366.1225661502646,563.3481212126985,26.71627674975521,-0.013749389364880895,0.0,0.0,-172.3323960245243,16.499267237857076,0.0,16.499267237857076,0.0,0.0,0.0,0.0,454.23226365425455,228.19276372200352,0.0,0.0,-8.823046914009955,0.0,0.0,0.0,0.0,0.0,0.0,0.0,0.0,0.0,0.0,0.0,0.0,0.0,0.0,0.0,0.0,0.0,0.0,-552.6201118713973,0.0,0.0,16.499267237857076,0.0,17.04924281245231,17.04924281245231,0.0,0.0,0.0,0.0,0.0,0.0,0.0,0.0,0.0,0.0,0.0,0.0,0.0,0.0,170.43965097166506,0.05499755745952358,0.0,0.0,0.0,0.0,0.0,0.0,0.0,0.0,0.0,339.62048385232157,0.0,0.0,0.0,0.0,0.0,628.1663886854461,628.1663886854461,0.0,0.0,0.0,0.0,0.0,0.0,0.0,628.2213862429056,0.0,0.0,0.0,-421.8043073946575,-974.0556164514094,0.0,0.0,0.0,0.0,0.0,0.0,0.0,0.0,0.0,0.0,0.0,0.0,0.0,0.0,44.70880795921641,0.0,0.0,0.0,0.0,0.0,0.0,223.94183181218912,-590.0643979624538,590.0643979624538,0.0,0.0,0.0,0.0,0.0,0.0,0.0,0.0,-788.4808292254638,0.0,0.0,0.0,0.0,0.0,0.0,0.0,0.0,0.0,0.0,0.0,0.0,0.0,188.19714212670485,19.814680475971794,-65.00327153207775,0.0,0.0,0.0,0.0,79.44524669658811,0.0,0.0,0.0,0.0,-171.04829060755046,0.0,0.0,0.0,0.0,0.0,0.0,0.0,0.0,0.0,1.7709213501968293,0.0,0.0,0.0,-1000.0,-70.52931263703684,0.0,0.0,65.00327153207778,0.0,0.0,0.0,-289.79550702459056,0.0,0.0,0.0,-88.64525668960303,0.0,0.0,0.0,0.0,166.9746817990498,520.4003182009504,-520.4003182009504,687.3750000000002,-26.71627674975521,0.0,0.0,0.0,0.0,108.09642424038731,0.0,0.0,0.0,0.0,0.0,0.0,0.0,129.49687398614137,0.0,0.0,0.0,0.0,0.0,0.0,-171.04829060755046,-0.08249633618928537,0.0,0.0,0.0,0.0,0.05499755745952358,0.0,0.0,0.0,-142.42424324385843,-387.13132400211487,0.0,-805.6600831500418,165.76951488083628,974.0556164514094,947.4987787297617,0.0,1000.0,0.0,-8.823046914009955,0.0,0.0,0.0,442.9515505626165,-442.9515505626165,-1000.0,584.012589792589,-1000.0,0.0,0.0,0.0,0.0,0.0,0.0,0.0,0.0,0.0,0.0,0.0,0.0,0.0,0.0,0.0,0.0,0.0,-812.9286913158166,0.0,-1000.0,0.0,196.4832240174233,0.0,994.4242075394781,0.0,0.0,-172.2105723218619,0.0,0.0,0.0,951.2210062622628,451.48238578127837,442.9515505626165,0.0,0.0,0.0,0.0,0.0,545.2475857695932,-129.11335958680752,-343.8486980545852,0.0,-776.1583972656452,213.9890128228817,-1.3749389364880895,-547.9974636425694,-359.69724570137777,0.0,62.17038051093766,1000.0,-97.91879285962798,16.499267237857076,0.0,0.0,0.0,0.0,0.0,0.0,0.0,-188.19714212670485,188.19714212670485,188.19714212670485,90.82353542210524,0.0,0.0,0.0,0.0,0.0,0.0,0.0,0.0,-9.686903120537423,0.0,-687.5000000000007,69.00048850809529,0.0,0.0,0.0,0.0,3.3154132381147186,0.10999511491910344,0.0,0.0,0.0,0.0,0.0,0.0,0.0,0.0,0.0,0.0,0.0,0.0,0.0,0.0,0.0,0.0,0.0,0.0,0.0,0.06049731320542051,0.06049731320542051,0.0,273.19763063480013,0.0,32.99853447571415,0.0,0.0,0.0,-346.9016602568884,0.0,0.0,166.20483904728175,0.0,0.0,605.4965172424966,346.9016602568884,0.0,0.0,545.5262334183614,0.0,0.0,69.00048850809529,0.0,0.0,0.0,0.0,0.0,0.0,0.0,184.20670395713245,142.42424324385843,0.0,50.45522273229082,170.43965097166506,0.0,0.0,-172.3323960245243,-251.7776427211124,0.0,605.4965172424966,0.0,608.8119304806113,0.0,0.0,0.0,188.19714212670485,0.0,0.0,0.0,0.0,0.0,0.0,0.0,0.0,0.0,0.0,0.0,0.0,0.0,32.99853447571415,0.0,0.0,0.0,0.0,0.0,0.0,0.0,0.0,0.0,0.0,0.0,0.0,0.5499755745952358,0.0,0.0,166.20483904728175,-166.20483904728175,0.0,223.94183181218912,0.0,0.0,16.499267237857076,-545.5262334183614,0.0,0.0,0.0,50.45522273229082,0.0,0.0,0.0,0.0,0.0,160.0397742104017,0.0,0.0,16.499267237857076,16.499267237857076,835.6066230511186,346.9016602568884,0.0,69.00048850809529,0.0,0.0,0.0,0.0,0.0,65.33536270920354,0.0,154.6680888670506,0.05499755745952358,0.0,0.0,-93.75000000000004,98.18516016941446,0.0,0.0,172.3323960245243,0.0,0.0,0.0,0.0,0.0,0.0,0.0,0.0,0.0,0.0,0.0,0.0,0.0,0.0,0.05499755745952358,0.0,0.0,0.0,0.0,0.0,0.0,0.0,0.0,196.4832240174233,0.0,-172.2105723218619,0.0,0.0,-187.07130868418335,-4.124816809464278,0.0,-2.749877872976179,0.0,0.0,0.0,0.0,0.0,0.0,0.0,0.0,0.0,0.0,0.0,0.0,974.0556164514094,0.0,0.0,-32.99853447571415,0.0,0.0,0.0,-0.05499755745952358,0.0,0.0,0.05499755745952358,0.0,0.05499755745952358,0.0,0.0,0.0,32.99853447571415,67.09702010061876,67.09702010061876,0.0,0.0,0.0,0.0,0.0,0.0,0.0,0.0,0.0,0.0,0.0,0.0,0.0,447.6868402598814,0.0,0.0,0.0,0.0,0.0,0.0,0.0,0.0,0.0,0.0,0.0,0.0,0.0,79.44524669658811,0.0,-54.31362067452004,54.31362067452004,0.08249633618928537,0.0,0.0,0.0,-16.499267237857076,0.0,0.0,0.0,0.0,0.0,-273.19763063480013,2.749877872976179,0.0,0.0,0.0,0.0,0.0,0.0,-2.749877872976179,0.0,-687.5000000000007,0.0,0.0,0.0,0.0,0.0,0.0,0.0,545.5262334183614,149.59501602190886,85.00048850809529,0.0,54.00048850809529,-8.823046914009955,0.0,-172.2105723218619,0.0,172.2105723218619,0.0,-356.8925271252093,0.0,2.749877872976179,535.4879457733389,0.0,0.0,0.0,-342.0965812151009,0.0,0.0,0.0,0.0,0.0,0.0,0.0,0.0,0.0,-8.249633618928527,0.0,67.09702010061876,0.0,0.0,0.0,0.0,0.0,0.0,0.0,0.0,0.0,1.7709213501968293,0.0,0.0,285.5720810631931,-4.435160169414431,-120.28501125647269,-223.94183181218912,16.499267237857076,166.20483904728175,0.0,0.0,0.0,153.55799770721927,0.0,0.0,0.06049731320542051,0.0,0.0,0.0,33.54851005030938,0.0,0.0,0.0,0.0,19.814680475971794,0.0,0.0,0.0,0.0,0.0,0.0,0.0,0.0,0.0,0.0,0.005499755745952358,0.005499755745952358,0.0,0.0,0.0,0.0,0.0,0.0,0.0,0.0,0.0,-93.75000000000004,0.0,0.0,0.0,0.0,0.0,273.19763063480013,0.0,0.0,0.0,0.0,0.0,0.0,0.0,0.0,0.0,0.0,0.0,332.4096780945635,-379.62307658838057,-170.69773960366004,956.1869641127183,0.0,0.0,0.0,32.99853447571415,0.0,0.0,0.0,0.0,0.0,540.4950625675,-573.4935970432141,0.0,332.4096780945635,0.0,0.0,0.0,0.0,0.0,0.0,0.0,0.0,0.0,0.0,-154.6680888670506,877.540716223796,485.3601671196551,0.0,-16.499267237857076,0.0,186.8513184543454,0.0,0.0,0.0,0.0,0.0,0.0,0.0,0.0,0.0,546.875,0.0,-546.875,-546.875,0.0,0.0,0.0,0.0,-6.874694682440457,0.0,-455.6072025907427,443.5620234504172,0.0,0.0,0.0,0.0,0.0,-0.6874694682440448,0.0,9.686903120537423,0.0,0.0,0.0,0.0,0.0,0.0,0.0,1000.0,16.499267237857076,16.499267237857076,0.0,0.0,0.0,0.0,873.8217763925268,0.06049731320542051,273.19763063480013,0.0,0.0,-186.8513184543454,0.0,0.0,0.0,0.0,0.0,0.0,0.0,0.0,0.0,0.0,0.0,0.0,0.0,0.0,0.0,0.0,0.0,17.04924281245231,0.0,57.74743533249976,0.0,0.0,170.43965097166506,0.0,0.0,0.0,273.19763063480013,0.0,0.0,0.0,0.0,0.0,-6.874694682440457,0.0,0.0,0.0,0.0,0.0,0.0,0.0,0.0,0.0,0.0,0.0,0.0,0.0,0.0,0.0,0.0,0.0,0.0,-0.05499755745952358,0.0,0.0,2.749877872976179,-605.4965172424966,0.0,0.0,0.0,0.0,0.0,0.0,0.0,0.0,-442.9515505626165,1.3749389364880895,0.0,0.0,54.31362067452004,0.05499755745952358,0.0,54.99755745952358,0.0,10.999511491904718,0.39283969613945413,187.54167093697538,-0.041248168094642684,725.7031745333544,1.0999511491904717,-0.2749877872974706,-187.54167093697538,16.499267237857076,-0.05499755745952358,2.9410156380033183,69.00048850809529,0.013749389364880895,0.39283969613945413,-8.823046914009955,-174.96045019483807,-1.0999511491904717,-569.0556401106035,-0.05499755745952358,0.013749389364880895,-187.54167093697538,5.499755745952358,0.05499755745952358,0.05499755745952358,-273.0821357641352,-166.14434173407628,0.0,-0.041248168094642684,16.499267237857076,0.05499755745952358,16.499267237857076,-27.498778729761792,-0.02749877872976179,-321.97439002430167,-85.0,-0.041248168094642684,-0.05499755745952358,0.0,0.05499755745952358,5.499755745952358,-1.0999511491904717,79.44524669658811,79.44524669658811,-5.499755745952358,569.0556401106035,-79.44524669658811,10.999511491904716,0.08249633618928537,-255.51402120843522,5.499755745952358,-184.20670395713245,69.00048850809529,-10.999511491904716,0.02749877872976179,0.5499755745952358,201.41502078751046,96.0,-0.05499755745952358,-285.5720810631931,273.0821357641352,17.04924281245231,0.05499755745952358,174.96045019483807,3.003419556666854,69.00048850809529,-0.05499755745952358,-0.013749389364880895,-69.00048850809529,-0.05499755745952358,3.3154132381147186,0.05499755745952358,-0.013749389364880895,-0.013749389364880895,-0.013749389364880895,21.999022983809432,27.498778729761792,0.5499755745952358,360.497543588549,-0.013749389364880895,399.8890259370176,2.749877872976179,1.0921712539188198,0.05499755745952358,0.02749877872976179,0.02749877872976179,40.0,0.0,0.05499755745952358,0.0,0.5499755745952358,0.05499755745952358,-1000.0,0.05499755745952358,0.21999022983794703,0.2749877872974706,0.02749877872976179,0.013749389364880895,16.499267237857076,-0.05499755745952358,0.0,0.5499755745952358,-720.995087177098,724.3282355968663,-5.499755745952358,10.999511491904716,2.749877872976179,-0.05499755745952358,8.823046914009955,0.08249633618928537,-0.05499755745952358,-80.0,0.0,201.44859477492327,0.02749877872976179,-2.1843425078376413,-0.05499755745952358,-0.05499755745952358,-0.05499755745952358,0.02749877872976179,187.54167093697538,-10.999511491904716,0.05499755745952358,402.8300415750209,-0.013749389364880895,166.14434173407628,-402.8300415750209,8.249633618928536,85.0,374.781900074887,187.54167093697538,-0.041248168094642684,285.5720810631931,-96.0,0.05499755745952358,-0.013749389364880894,953.970884135239,54.99755745952358,-0.02749877872976179,-0.05499755745952358,0.013749389364880895,0.0,0.0,255.48652242970547,639.502456411451,-46.0,0.0,-88.29343276919445,-31.0,0.0,-32.0,-93.0,-65.0,0.0,16.0,23.0,46.5,0.0,15.5,-273.19763063480013,-355.00659248214254,0.0,65.0,-355.00659248214254,88.29343276919445,-48.39830403590683,0.0,1496.5981,hclb
108,0.0,0.0,0.0,0.0,0.0,0.0,0.0,0.0,-0.05598722372865722,0.0,0.0,0.0,0.0,0.0,0.0,0.0,-40.65482425052156,471.15504758956354,0.0,0.0,0.0,0.0,0.0,0.0,0.0,304.0357782740582,0.0,0.0,0.0,-186.00139508584596,57.33091939886362,-57.33091939886362,29.76268235559642,0.0,0.0,0.0,0.0,654.7347221759006,0.0,-1000.0,1000.0,0.0,0.0,145.3465708353244,0.0,0.0,0.0,0.0,0.0,0.0,0.0,-81.30964850104311,0.0,0.061585946101777214,0.0,0.0,0.0,11.197444745731444,0.0,0.0,-24.040914635991953,0.0,-24.040914635991953,-48.081829271983906,0.0,0.0,0.0,0.0,0.0,0.0,0.0,0.5598722372865722,0.0,0.0,0.0,0.0,0.0,0.0,0.0,0.0,0.0,0.0,0.0,0.0,33.59233423719433,0.0,0.0,208.65932224383192,-764.0927034641502,1000.0,-0.013996805932164305,0.0,0.0,-512.7390447246878,16.796167118597165,0.0,16.796167118597165,-59.13370800292785,0.0,0.0,0.0,2.799361186432861,-1000.0,0.0,0.0,0.0,0.0,0.0,0.0,0.0,0.0,0.0,0.0,0.0,0.0,0.0,0.0,0.0,0.0,0.0,0.0,0.0,0.0,0.0,-750.7251454363158,0.0,0.0,16.796167118597165,0.0,17.356039355883738,0.0,0.0,-109.82980046891322,0.0,109.82980046891322,-109.82980046891322,0.0,45.61191911411271,-45.61191911411271,0.0,0.0,0.0,0.0,0.0,0.0,4.311016227106616,0.05598722372865722,0.0,0.0,0.0,557.0355385234038,-557.0355385234038,0.0,0.0,0.0,0.0,115.647313913818,0.0,0.0,0.0,0.0,0.0,511.8421681504633,511.8421681504633,0.0,0.0,0.0,0.0,305.68625561744267,0.0,0.0,569.2290747730556,0.0,0.0,0.0,0.0,0.0,0.0,0.0,0.0,0.0,0.0,0.0,0.0,0.0,0.0,-586.295936822365,0.0,0.0,0.0,0.0,-333.54872818846974,0.0,0.0,0.0,0.0,0.0,0.0,81.30964850104311,-181.1860768446885,181.1860768446885,0.0,0.0,0.0,0.0,0.0,0.0,0.0,813.998604914154,-429.91625314688076,0.0,0.0,0.0,0.0,0.0,0.0,0.0,0.0,0.0,0.0,0.0,0.0,0.0,324.70246614371723,3.854556430851879,145.3465708353244,0.0,0.0,0.0,0.0,79.34529040340561,0.0,0.0,0.0,0.0,-24.040914635991953,0.0,57.33091939886362,0.0,398.56851635907685,0.0,0.0,0.0,0.0,0.0,0.0,0.0,0.0,0.0,582.9066266194617,0.0,108.78289390018654,0.0,-145.3465708353244,0.0,0.0,0.0,0.0,0.0,0.0,0.0,-422.1970347216744,0.0,0.0,-765.3403198570204,0.0,937.4999999999795,-765.3403198570203,0.0,937.4999999999795,-945.2787803088387,0.0,0.0,0.0,0.0,76.85906379954804,0.0,0.0,0.0,0.0,0.0,0.0,0.0,931.5318409509734,0.0,0.0,467.8543375986554,0.0,0.0,0.0,-24.040914635991953,-0.08398083559298583,0.0,0.0,0.0,0.0,0.05598722372865722,0.0,0.0,0.0,237.40727066646696,-40.65482425052156,0.0,-601.574703387637,156.351678539077,0.0,947.9936118643286,0.0,0.0,0.0,0.0,0.0,0.0,0.0,-4.82049996303764,0.0,4.82049996303764,-1000.0,-1000.0,0.0,0.0,0.0,0.0,0.0,0.0,0.0,0.0,0.0,0.0,0.0,0.0,0.0,0.0,0.0,0.0,398.56851635907685,-345.0413289291846,0.0,-1000.0,0.0,0.0,0.0,0.0,0.0,0.0,53.01990317175701,0.0,0.0,0.0,0.0,0.0,0.0,0.0,-9.797764152515011,0.0,0.0,-160.4593832063316,-2.799361186432861,0.0,-80.20729671367458,0.0,6.998402966082152,-1000.0,-1.3996805932164305,0.0,0.0,0.0,1000.0,-107.83967986750486,-222.39309050947315,16.796167118597165,0.0,0.0,0.0,0.0,0.0,0.0,0.0,-324.70246614371723,324.70246614371723,324.70246614371723,81.80255525426855,0.0,0.0,-362.4147406253752,0.0,0.0,813.998604914154,0.0,0.0,-48.081829271983906,0.0,0.0,68.80255525426855,0.0,0.0,0.0,0.0,-12.941610687745285,0.11197444745725237,0.0,0.0,0.0,0.0,0.0,0.0,0.0,0.0,0.0,0.0,0.0,0.0,0.0,0.0,0.0,0.0,0.0,0.0,0.0,0.061585946101777214,0.061585946101777214,57.33091939886362,409.5050213979858,0.0,33.59233423719433,0.0,0.0,0.0,-371.0144119312577,0.0,82.54762188893187,0.0,0.0,0.0,350.6336300471356,371.0144119312577,0.0,0.0,0.0,0.0,0.0,68.80255525426855,0.0,0.0,0.0,0.0,0.0,0.0,0.0,250.24171514543858,-237.40727066646696,0.0,0.0,4.311016227106616,0.0,407.9156648719065,-920.6547095965943,-1000.0,0.0,350.6336300471356,0.0,0.0,337.6920193593903,0.0,0.0,324.70246614371723,0.0,0.0,0.0,0.0,0.0,0.0,0.0,0.0,0.0,0.0,0.0,0.0,0.0,33.59233423719433,0.0,0.0,0.0,0.0,0.0,0.0,0.0,0.0,0.0,0.0,0.0,0.0,0.5598722372865722,0.0,57.33091939886362,0.0,0.0,57.33091939886362,81.30964850104311,0.0,0.0,16.796167118597165,0.0,0.0,0.0,0.0,0.0,0.0,0.0,0.0,0.0,0.0,63.04161621918666,0.0,0.0,16.796167118597165,16.796167118597165,476.72040543506716,371.0144119312577,0.0,68.80255525426855,0.0,0.0,0.0,0.0,0.0,1000.0,813.998604914154,608.8982701041286,0.05598722372865722,0.0,0.0,0.0,73.93912710851023,0.0,0.0,512.7390447246878,0.0,0.0,0.0,0.0,0.0,0.0,0.0,0.0,0.0,0.0,0.0,0.0,0.0,0.0,0.05598722372865722,0.0,0.0,0.0,0.0,0.0,0.0,0.0,0.0,0.0,0.0,53.01990317175701,0.0,0.0,-654.9586710708154,-4.199041779649291,0.0,-2.799361186432863,0.0,0.0,0.0,0.0,0.0,0.0,0.0,0.0,0.0,0.0,0.0,0.0,0.0,0.0,0.0,780.4062706769597,0.0,0.0,0.0,-0.05598722372865722,0.0,0.0,0.05598722372865722,0.0,0.05598722372865722,0.0,0.0,0.0,33.59233423719433,68.30441294896181,68.30441294896181,0.0,0.0,0.0,0.0,0.0,0.0,0.0,0.0,0.0,813.998604914154,0.0,0.0,0.0,0.0,0.0,0.0,0.0,0.0,0.0,0.0,0.0,0.0,0.0,0.0,0.0,0.0,0.0,79.34529040340561,0.0,-304.0357782740582,304.0357782740582,0.08398083559298583,0.0,0.0,0.0,-16.796167118597165,0.0,0.0,0.0,0.0,0.0,-409.5050213979858,2.799361186432861,0.0,0.0,0.0,0.0,-305.68625561744267,829.0978625657699,-2.799361186432863,0.0,0.0,0.0,0.0,0.0,0.0,0.0,0.0,0.0,0.0,0.0,84.80255525426855,0.0,53.802555254268555,0.0,0.0,882.117765737527,0.0,-882.117765737527,0.0,-68.30441294896181,0.0,2.799361186432863,1000.0,0.0,0.0,-57.33091939886362,-48.081829271983906,62.50000000000006,-62.50000000000006,-437.50000000000733,437.50000000000733,0.0,0.0,0.0,0.0,0.0,1000.0,-422.1021467369336,68.30441294896181,0.0,813.5354614107506,813.5354614107506,-756.2045420118869,0.0,0.0,0.0,0.0,0.0,0.0,0.0,0.0,0.0,-73.93912710851023,0.0,0.0,16.796167118597165,0.0,0.0,0.0,0.0,32.35182378483583,0.0,0.0,0.061585946101777214,0.0,0.0,0.0,34.152206474480906,0.0,0.0,0.0,0.0,3.854556430851879,0.0,0.0,0.0,0.0,0.0,0.0,0.0,0.0,0.0,0.0,0.005598722372865722,0.005598722372865722,0.0,0.0,0.0,0.0,0.0,0.0,0.0,0.0,0.0,0.0,57.33091939886362,0.0,0.0,0.0,0.0,409.5050213979858,0.0,0.0,0.0,0.0,0.0,0.0,0.0,0.0,0.0,0.0,0.0,0.0,0.0,0.0,471.15504758956354,0.0,0.0,0.0,33.59233423719433,0.0,0.0,0.0,0.0,0.0,0.0,-33.59233423719433,0.0,0.0,0.0,0.0,0.0,0.0,0.0,0.0,0.0,57.33091939886362,57.33091939886362,0.0,-789.8668427194065,-1000.0,38.3512482541302,-16.796167118597165,0.0,0.0,654.7347221759006,0.0,0.0,0.0,0.0,0.0,0.0,0.0,0.0,0.0,796.875,0.0,-796.875,-796.875,0.0,0.0,0.0,0.0,-6.998402966082154,0.0,-4.199041779649291,417.9031049572843,0.0,0.0,0.0,0.0,0.0,-0.6998402966082153,0.0,48.081829271983906,0.0,0.0,0.0,0.0,0.0,0.0,0.0,819.0314273847222,16.796167118597165,16.796167118597165,0.0,0.0,0.0,0.0,0.0,0.061585946101777214,409.5050213979858,0.0,0.0,-654.7347221759006,0.0,0.0,0.0,0.0,0.0,0.0,0.0,0.0,0.0,0.0,0.0,0.0,0.0,0.0,0.0,0.0,0.0,0.0,0.0,58.78658491509009,4.311016227106616,0.0,0.0,0.0,0.0,0.0,409.5050213979858,0.0,-888.2315705686977,0.0,0.0,0.0,-6.998402966082154,0.0,0.0,0.0,0.0,0.0,0.0,0.0,0.0,0.0,0.0,0.0,0.0,0.0,0.0,0.0,0.0,0.0,0.0,-0.05598722372865722,0.0,0.0,2.799361186432861,-350.6336300471356,0.0,0.0,0.0,0.0,0.0,0.0,0.0,0.0,4.82049996303764,1.3996805932164305,0.0,0.0,304.0357782740582,0.05598722372865722,0.0,55.98722372865721,-17.356039355883738,11.197444745731445,0.39990874091898015,156.20435420295365,-0.041990417796492915,2.7993611864328622,1.1197444745731444,-0.2799361186434271,-156.20435420295365,16.796167118597168,-0.05598722372865722,0.0,68.80255525426855,0.013996805932164305,0.39990874091898015,0.0,-8.913166017603658,56.211174924290525,-430.500223339042,-0.05598722372865722,0.013996805932164305,-156.20435420295365,5.598722372865722,0.05598722372865722,0.05598722372865722,-409.38744822815534,0.061585946101522945,-42.70429304334172,-0.041990417796492915,16.796167118597165,0.05598722372865722,16.796167118597165,-27.993611864328606,-0.02799361186432861,-72.94302087047627,-85.0,-0.041990417796492915,-0.05598722372865722,-17.356039355883738,0.05598722372865722,5.598722372865722,-1.1197444745731444,79.34529040340561,79.34529040340561,-5.598722372865722,430.500223339042,-79.34529040340561,11.197444745731444,0.08398083559298583,191.83145505612924,5.598722372865722,-250.24171514543858,68.80255525426855,-11.197444745731444,0.02799361186432861,0.5598722372865722,150.39367584690925,96.0,-0.05598722372865722,-422.1021467369336,409.38744822815534,17.356039355883738,0.05598722372865722,8.913166017603658,1.6178867798799104,68.80255525426855,-0.05598722372865722,-0.013996805932164305,-68.80255525426855,-0.05598722372865722,-12.941610687745285,0.05598722372848872,-0.013996805932164305,-0.013996805932164305,-0.013996805932164305,22.394889491462887,27.993611864328606,0.5598722372865722,229.65681852718248,-0.013996805932164305,300.7873516938185,2.799361186432861,9.270166530305504,0.05598722372865722,0.02799361186432861,0.02799361186432861,40.0,17.356039355883738,0.05598722372865722,-17.356039355883738,0.5598722372865722,0.055987223728657234,-606.0113868216063,0.05598722372865722,0.22394889491476988,0.2799361186434271,0.02799361186432861,0.013996805932164305,16.796167118597165,-0.05598722372865722,42.70429304334172,-28.105587462145262,-459.31363705436496,1.399680593216429,-5.598722372865722,11.197444745731444,2.799361186432861,-0.05598722372865722,0.0,0.08398083559298583,-0.055987223728657234,-80.0,17.356039355883738,44.128332999504394,0.02799361186432861,-18.540333060611008,-0.05598722372865722,-0.05598722372848872,-0.05598722372865722,0.02799361186432861,156.20435420295365,-11.197444745731444,0.05598722372865722,300.7873516938185,-0.013996805932164305,-0.061585946101522945,-300.7873516938185,8.398083559298582,85.0,-116.20658565100923,156.20435420295365,-0.041990417796492915,422.1021467369336,-96.0,0.05598722372865722,-0.013996805932164305,2.799361186432863,55.98722372865721,-0.02799361186432861,-0.05598722372865722,0.013996805932164305,0.0,0.0,-246.58066835915488,376.35456829442376,-46.0,0.0,224.7516603772231,-31.0,0.0,-32.0,-93.0,-65.0,-54.72121969116131,16.0,23.0,46.5,0.0,15.5,-409.5050213979858,-76.48015678434022,54.72121969116131,65.0,-76.48015678434022,-224.7516603772231,108.76752561223873,0.0,1496.5981,hclb
109,0.0,0.0,0.0,0.0,0.0,0.0,0.0,0.0,-0.045478909364957694,0.0,0.0,0.0,0.0,0.0,0.0,0.0,-1000.0,394.0510189134089,0.0,1000.0,0.0,0.0,0.0,939.8768818195259,0.0,0.0,0.0,0.0,0.0,640.6775073664996,0.0,0.0,670.2544817424366,0.0,0.0,0.0,0.0,29.113622071904047,0.0,-670.5034398257694,879.3703154412223,0.0,0.0,0.0,0.0,0.0,0.0,0.0,-93.34600206034669,0.0,0.0,-28.155074741129823,0.0,0.05002680030149845,0.0,0.0,0.0,9.09578187299154,0.0,0.0,-1.5671382314201026,0.0,0.0,-8.88125139138251,88.06881315237382,0.0,0.0,0.0,228.36868019459732,0.0,0.0,0.454789093649577,0.0,0.0,0.0,0.0,0.0,0.0,0.0,0.0,0.0,0.0,3.5018760211017423,0.0,27.28734561897462,0.0,0.0,394.39466107267185,-205.14175960473017,644.2720937135382,0.0,0.0,0.0,0.0,13.64367280948731,0.0,13.64367280948731,-1.4644208815529964,0.0,0.0,498.29159100718084,998.8630272658761,32.08586856631702,0.0,0.0,0.0,0.0,0.0,0.0,0.0,0.0,0.0,0.0,0.0,0.0,0.0,0.0,0.0,0.0,0.0,0.0,0.0,0.0,0.0,-481.9644836440143,0.0,0.0,13.64367280948731,0.0,14.098461903136883,14.098461903136883,0.0,0.0,0.0,0.0,0.0,-7.314113159962395,0.0,0.0,0.0,0.0,0.0,0.0,0.0,0.0,0.0,0.045478909364957694,0.011369727341239423,0.0,0.0,196.67043706099105,-516.9677509738369,0.0,0.0,460.23947910339183,0.0,64.36538198812735,0.0,0.0,0.0,0.0,0.0,476.9566223323974,476.9566223323974,0.0,0.0,0.0,312.5,0.0,0.0,0.0,477.0021012417623,0.0,0.0,0.0,473.2537300605238,0.0,0.0,0.0,0.0,0.0,0.0,0.0,0.0,0.0,0.0,0.0,0.0,0.0,0.0,0.0,-1000.0,0.0,0.0,0.0,0.0,0.0,0.0,28.155074741129823,-205.14175960473017,205.14175960473017,7.314113159962395,0.0,0.0,0.0,0.0,0.0,0.0,608.5916388001826,0.0,0.0,0.0,0.0,0.0,0.0,0.0,0.0,0.0,0.0,0.0,0.0,0.0,0.0,117.6112780647312,322.6012816259834,424.5134199527172,0.0,0.0,0.0,0.0,80.40663015413928,0.0,0.0,0.0,0.0,-1.5671382314201026,424.5134199527172,0.0,0.0,0.0,0.0,0.0,0.0,0.0,0.0,0.0,0.0,0.0,0.0,-1000.0,-1000.0,124.06197414872486,0.0,-424.5134199527172,0.0,0.0,7.314113159962395,-944.5157305747516,0.0,0.0,0.0,-311.31737320224397,0.0,0.0,-92.49055678719208,0.0,312.5000000000003,-92.49055678719208,0.0,312.5000000000003,-410.28351920946034,0.0,859.7055255552237,0.0,0.0,67.36233762040408,0.0,0.0,0.0,0.0,0.0,0.0,0.0,476.91114342303246,0.0,0.0,734.6190915633674,312.5,0.0,0.0,-1.5671382314201026,-0.06821836404743654,0.0,0.0,0.0,0.0,0.045478909364957694,0.0,0.0,0.0,898.635583876411,-1000.0,0.0,-202.12088265798164,-163.9338588647595,0.0,822.1097701237011,0.0,0.0,0.0,0.0,0.0,0.0,0.0,0.0,65.15308555623844,-65.15308555623844,0.0,141.68877920131064,0.0,0.0,0.0,0.0,0.0,0.0,0.0,0.0,0.0,0.0,0.0,0.0,0.0,0.0,0.0,0.0,0.0,-970.7044622906365,0.0,-1000.0,460.23947910339183,0.0,0.0,502.6925818046989,235.07370676127417,0.0,0.0,0.0,34.55023588268724,0.0,0.0,996.5890817976282,0.0,0.0,-751.9147772694114,0.0,-293.52176575083575,0.0,0.0,0.0,0.0,0.0,0.0,451.5564279031272,-1.1369727341239424,-2.273945468247885,-158.53947804624252,0.0,0.0,0.0,997.7260545317521,13.64367280948731,0.0,0.0,0.0,0.0,0.0,0.0,0.0,-117.6112780647312,117.6112780647312,117.6112780647312,-562.9941301222573,0.0,0.0,0.0,0.0,0.0,608.5916388001826,0.0,0.0,-10.448389622802722,0.0,0.0,70.90421812700846,0.0,0.0,0.0,0.0,-11.339705096349727,0.09095781872990537,0.0,0.0,0.0,0.0,0.0,0.0,0.0,0.0,0.0,0.0,0.0,0.0,0.0,0.0,0.0,0.0,0.0,0.0,0.0,0.05002680030149845,0.05002680030149845,0.0,204.51549619173966,0.0,27.28734561897462,0.0,0.0,0.0,0.0,0.0,0.0,0.0,0.0,0.0,-445.4211032182572,0.0,0.0,0.0,0.0,0.0,0.0,70.90421812700846,0.0,0.0,0.0,0.0,0.0,0.0,0.0,160.6548278813381,-898.635583876411,320.2973139128458,0.0,3.5018760211017423,0.0,0.0,0.0,-87.72074331410167,0.0,-445.4211032182572,0.0,0.0,-456.76080831460695,0.0,0.0,117.6112780647312,0.0,0.0,0.0,0.0,0.0,0.0,0.0,0.0,0.0,0.0,0.0,0.0,0.0,27.28734561897462,7.314113159962395,7.314113159962395,0.0,0.0,0.0,0.0,0.0,0.0,0.0,0.0,0.0,0.0,0.454789093649577,0.0,0.0,0.0,0.0,0.0,28.155074741129823,0.0,0.0,13.64367280948731,0.0,0.0,0.0,0.0,0.0,0.0,0.0,0.0,0.0,0.0,0.0,9.502412027130811,0.0,13.64367280948731,13.64367280948731,370.5166683692346,0.0,0.0,70.90421812700846,0.0,0.0,0.0,0.0,0.0,438.39455843218735,608.5916388001826,141.68877920131064,0.045478909364957694,0.0,0.0,-31.250000000000014,34.91754919093125,646.8983482492657,0.0,0.0,0.0,0.0,0.0,0.0,0.0,0.0,0.0,0.0,0.0,0.0,0.0,0.0,0.0,0.0,0.045478909364957694,0.0,0.0,0.0,-837.9424392945526,837.9424392945526,0.0,0.0,0.0,0.0,-936.1916625826514,970.7418984653386,0.0,0.0,-29.295537709363543,-3.4109182023718176,-1.3320931914208052,-0.9418522768270796,0.0,0.0,0.0,0.0,0.0,0.0,0.0,0.0,0.0,0.0,0.0,7.314113159962395,0.0,0.0,0.0,1000.0,0.0,0.0,0.0,-0.045478909364957694,0.0,0.0,0.045478909364957694,0.0,0.045478909364957694,0.0,228.36868019459732,0.0,27.28734561897462,55.48426942524839,55.48426942524839,0.0,0.0,0.0,0.0,0.0,0.0,34.55023588268724,320.2973139128458,0.0,608.5916388001826,0.0,0.0,0.0,3.915734096322902,0.0,0.0,0.0,0.0,0.0,0.0,0.0,0.0,0.0,0.0,0.0,0.0,0.0,87.72074331410167,0.0,0.0,0.0,0.06821836404743654,0.0,0.0,0.0,-13.64367280948731,0.0,0.0,0.0,0.0,0.0,-204.51549619173966,2.273945468247885,0.0,0.0,0.0,-312.5,0.0,-936.1916625826514,-0.9418522768270796,0.0,0.0,0.0,0.0,0.0,0.0,0.0,7.314113159962395,0.0,0.0,0.0,86.90421812700846,0.0,376.20153203985427,646.8983482492657,0.0,0.0,34.55023588268724,-34.55023588268724,460.23947910339183,-1000.0,0.0,2.273945468247885,1000.0,0.0,204.95525294411962,0.0,-10.448389622802722,0.0,0.0,0.0,0.0,0.0,0.0,0.0,0.0,0.0,0.0,-6.821836404743635,55.48426942524839,0.0,0.0,0.0,0.0,0.0,0.0,0.0,0.0,0.0,0.0,0.0,0.0,207.92641439411148,-3.6675491909312328,48.81371471120168,0.0,13.64367280948731,0.0,0.0,0.0,0.0,-70.2788494908267,0.0,0.0,0.05002680030149845,0.0,0.0,0.0,27.742134712624196,0.0,0.0,0.0,0.0,322.6012816259834,0.0,0.0,0.0,0.0,0.0,0.0,0.0,0.0,0.0,0.0,703.6304864627162,0.0045478909364957696,0.0,0.0,0.0,0.0,0.0,0.0,0.0,0.0,0.0,-31.250000000000014,0.0,0.0,0.0,0.0,0.0,204.51549619173966,0.0,0.0,0.0,0.0,0.0,0.0,0.0,0.0,0.0,0.0,0.0,0.0,-205.48540176399314,0.0,394.0510189134089,0.0,0.0,0.0,27.28734561897462,0.0,0.0,0.0,0.0,0.0,0.0,-27.28734561897462,0.0,0.0,0.0,0.0,0.0,0.0,0.0,0.0,0.0,0.0,0.0,0.0,1000.0,470.48042699850436,35.06878701131892,-941.3627969921936,927.7191241827063,0.0,29.113622071904047,0.0,0.0,0.0,0.0,0.0,0.0,0.0,0.0,0.0,0.0,0.0,0.0,0.0,0.0,0.0,0.0,0.0,-5.684863670619712,7.314113159962395,-1000.0,7.326652298694722,0.0,0.0,0.0,0.0,0.0,-0.5684863670619712,0.0,470.68786872619455,0.0,0.0,0.0,0.0,0.0,0.0,0.0,1000.0,13.64367280948731,13.64367280948731,0.0,0.0,0.0,0.0,0.0,0.05002680030149845,204.51549619173966,0.0,0.0,-29.113622071904047,703.6259385717798,0.0,0.0,0.0,0.0,0.0,0.0,0.0,0.0,0.0,0.0,0.0,0.0,0.0,114.18434009729866,0.0,0.0,14.098461903136883,0.0,47.75285483320558,38.05211190378898,0.0,0.0,0.0,0.0,0.0,204.51549619173966,0.0,933.3951485096776,0.0,0.0,0.0,-5.684863670619712,0.0,0.0,0.0,0.0,0.0,0.0,0.0,0.0,0.0,0.0,0.0,0.0,0.0,0.0,0.0,0.0,0.0,0.0,-0.045478909364957694,0.0,0.0,2.273945468247885,445.4211032182572,0.0,0.0,0.0,0.0,7.314113159962395,0.0,0.0,0.0,0.0,1.1369727341239424,0.0,0.0,0.0,0.045478909364957694,0.0,45.478909364957694,0.0,9.09578187299154,0.32484935260684067,155.08308093450572,-0.03410918202371827,751.9147772694114,0.909578187299154,-0.22739454682445626,-155.08308093450572,13.64367280948731,-0.045478909364957694,0.0,70.90421812700846,0.011369727341239423,0.32484935260684067,0.0,-7.240242370902637,-0.909578187299154,-394.0510189134089,-0.045478909364957694,0.011369727341239423,-155.08308093450572,4.54789093649577,0.045478909364957694,0.045478909364957694,-204.4199904820732,0.050026800301422376,-34.69583858952046,-0.03410918202371827,13.64367280948731,0.045478909364957694,13.64367280948731,-22.73945468247885,-0.022739454682478847,-29.669543398606887,-85.0,-0.03410918202371827,-0.045478909364957694,0.0,0.045478909364957694,4.54789093649577,-0.909578187299154,87.72074331410167,87.72074331410167,-4.54789093649577,394.0510189134089,-87.72074331410167,9.09578187299154,0.06821836404743654,-467.4111061179574,4.54789093649577,-160.6548278813381,70.90421812700846,-9.09578187299154,0.022739454682478847,0.454789093649577,50.53022066449541,96.0,-0.045478909364957694,-214.7482507988551,204.4199904820732,14.098461903136883,0.045478909364957694,7.240242370902637,16.329526889059373,70.90421812700846,-0.045478909364957694,-0.011369727341239423,-70.90421812700846,-0.045478909364957694,-11.339705096349727,0.045478909364957694,-0.011369727341239423,-0.011369727341239423,-0.011369727341239423,18.19156374598308,22.73945468247885,0.454789093649577,355.7961246505092,-0.011369727341239423,101.06044132899082,2.273945468247885,7.943798016422749,0.045478909364957694,0.022739454682478847,0.022739454682478847,40.0,0.0,0.045478909364957694,0.0,0.454789093649577,0.045478909364957694,-1000.0,0.045478909364957694,0.1819156374594968,0.22739454682445626,0.022739454682478847,0.011369727341239423,13.64367280948731,-0.04547890936495771,34.69583858952046,0.454789093649577,-711.5922493010185,750.7778045352875,-4.54789093649577,9.09578187299154,2.273945468247885,-0.045478909364957694,0.0,0.06821836404743654,-0.045478909364957694,-80.0,0.0,429.0631725536046,0.022739454682478847,-15.887596032845497,-0.045478909364957694,-0.045478909364957694,-0.045478909364957694,0.022739454682478847,155.08308093450572,-9.09578187299154,0.045478909364957694,101.06044132899082,-0.011369727341239423,-0.050026800301422376,-101.06044132899082,6.821836404743654,85.0,359.0151886072708,155.08308093450572,-0.03410918202371827,214.7482507988551,-96.0,0.045478909364957694,-0.011369727341239425,2.273945468247885,45.478909364957694,-0.022739454682478847,-0.045478909364957694,0.011369727341239423,224.66454215049703,0.0,233.39979215919706,644.2038753494908,-46.0,0.0,430.83847443343615,-24.361217390136517,0.0,-32.0,-93.0,-65.0,-233.98857450407786,16.0,23.0,46.5,0.0,12.180608695068258,-204.51549619173966,-358.7843230627779,233.98857450407786,65.0,-358.7843230627779,-430.83847443343615,204.9805283039405,0.0,1496.5981,hclb
110,0.0,0.0,0.0,0.0,0.0,0.0,0.0,0.0,602.6710301901795,0.0,0.0,0.0,0.0,0.0,0.0,0.0,0.0,-794.0611496201753,0.0,952.4551120555336,0.0,0.0,0.0,0.0,0.0,0.0,0.0,0.0,0.0,-249.72934973758194,33.97127630875146,-33.97127630875146,29.041284543666286,0.0,0.0,0.0,0.0,999.795888320934,0.0,-1000.0,967.6384159644191,0.0,0.0,0.0,0.0,0.0,0.0,0.0,66.90016871377465,-616.8191121924883,0.0,-199.2764752480591,0.0,0.056130711743122674,0.0,0.0,0.0,10.20558395330293,0.0,0.0,-15.817617570355209,0.0,0.0,-15.817617570355209,929.7544053168781,0.0,0.0,0.0,0.0,578.7820958589143,0.0,0.5102791976651465,0.0,0.0,0.0,0.0,0.0,0.0,0.0,0.0,0.0,0.0,0.0,0.0,30.616751859908792,0.0,0.0,0.0,-10.829260816080755,0.07654187964977198,686.5281996626129,0.0,0.0,452.76452854831444,15.308375929954396,0.0,15.308375929954396,-156.4090892856434,0.0,0.0,0.0,2.5513959883257327,-249.72934973758194,0.0,0.0,-0.8309984294937804,608.9449767463925,1000.0,0.0,0.0,0.0,0.0,0.0,0.0,0.0,0.0,0.0,0.0,0.0,0.0,0.0,0.0,0.0,0.0,-702.4303972794306,0.0,0.0,15.308375929954396,0.0,15.818655127619541,0.0,0.0,-331.6774982541973,331.6774982541973,0.0,0.0,0.0,1000.0,-1000.0,0.0,0.0,0.0,0.0,0.0,0.0,3.92914982202165,0.05102791976651465,686.5409566425545,0.0,0.0,0.0,-608.9449767463925,0.0,0.0,0.0,0.0,114.31742012570147,0.0,0.0,0.0,0.0,0.0,220.5279155927679,220.5279155927679,0.0,0.0,0.0,0.0,0.0,0.0,0.0,254.55021982128588,0.0,0.0,0.0,0.0,-610.8342467711414,0.0,0.0,0.0,0.0,0.0,0.0,0.0,0.0,0.0,-840.999729947483,0.0,0.0,0.0,0.0,-1000.0,0.0,0.0,0.0,0.0,0.0,616.8191121924883,199.2764752480591,107.7826815264755,-107.7826815264755,0.0,0.0,0.0,0.0,0.0,0.0,0.0,0.0,-235.19562987216625,0.0,0.0,0.0,0.0,0.0,0.0,0.0,0.0,0.0,0.0,0.0,0.0,0.0,159.9402804142013,-22.58883209339414,-16.447294224251834,0.0,0.0,0.0,0.0,79.84618010358203,0.0,0.0,0.0,0.0,-15.817617570355209,-16.447294224251834,33.97127630875146,0.0,0.0,0.0,0.0,0.0,0.0,0.0,577.051582286922,0.0,0.0,0.0,0.0,-118.61194234255635,373.9593254883093,0.0,16.447294224251834,0.0,0.0,0.0,849.1231458628366,0.0,0.0,0.0,297.6049128643168,0.0,0.0,-1000.0,0.0,812.49999999998,-1000.0,0.0,812.49999999998,96.95342071039474,0.0,0.0,616.8191121924883,0.0,62.52171604499385,0.0,0.0,0.0,-1000.0,0.0,1000.0,0.0,357.4207785119515,0.0,0.0,0.0,0.0,0.0,0.0,-15.817617570355209,-0.07654187964977198,0.0,0.0,0.0,0.0,0.05102791976651465,0.0,0.0,0.0,327.7938616795416,0.0,0.0,-258.31377520682184,160.16321864981848,610.8342467711414,913.1523758476765,0.0,748.3295691818807,0.0,-0.8309984294937804,0.0,0.0,0.0,251.67043081811929,0.0,-1000.0,0.0,-1000.0,0.0,0.0,0.0,0.0,0.0,0.0,0.0,0.0,0.0,0.0,0.0,0.0,0.0,0.0,0.0,0.0,0.0,0.0,0.0,-1000.0,0.0,0.0,697.8462962473312,0.0,0.0,0.0,-547.0094558001922,0.0,0.0,0.0,809.2547746463758,0.0,0.0,937.5000000000009,0.0,676.8285585967338,0.0,-706.4766413420786,-2.5513959883257327,0.0,-134.0278033220039,-937.5000000000009,-2.5513959883257327,-532.0765553582888,-678.1042565908967,0.0,0.0,0.0,545.6139480106798,0.0,0.0,15.308375929954396,-312.50000000149214,312.50000000149214,0.0,0.0,0.0,602.722058109946,0.0,-159.9402804142013,159.9402804142013,159.9402804142013,83.62541447619084,0.0,0.0,-102.97261453019863,0.0,0.0,0.0,0.0,0.0,-31.635235140710417,0.0,812.5000000000005,69.79441604669707,0.0,0.0,0.0,0.0,-37.89720802334853,0.10205583953300812,0.0,0.0,0.0,0.0,0.0,0.0,0.0,0.0,0.0,578.7820958589143,0.0,0.0,0.0,0.0,0.0,0.0,0.0,0.0,0.0,0.056130711743122674,0.056130711743122674,33.97127630875146,245.7346964608984,0.0,30.616751859908792,0.0,0.0,0.0,1000.0,0.0,64.39583041279793,0.0,0.0,0.0,253.92766429290162,-1000.0,0.0,0.0,0.0,0.0,0.0,69.79441604669707,0.0,0.0,0.0,0.0,0.0,0.0,0.0,234.1434657598102,-327.7938616795416,0.0,0.0,408.3260949674329,0.0,372.91834844473243,79.84618010358203,0.0,0.0,253.92766429290162,0.0,642.4763917264152,-426.44593545686206,1000.0,-1000.0,159.9402804142013,0.0,0.0,0.0,0.0,0.0,0.0,0.0,0.0,0.0,0.0,0.0,0.0,0.0,30.616751859908792,0.0,0.0,0.0,0.0,0.0,0.0,0.0,0.0,0.0,0.0,0.0,0.0,0.5102791976651465,0.0,33.97127630875146,0.0,0.0,33.97127630875146,199.2764752480591,0.0,0.0,15.308375929954396,0.0,0.0,0.0,404.3969451454112,0.0,0.0,0.0,0.0,0.0,0.0,-111.70073001222754,-1000.0,0.0,15.308375929954396,15.308375929954396,283.611555948049,-1000.0,0.0,69.79441604669707,0.0,0.0,0.0,0.0,0.0,249.72934973758194,0.0,569.5813980628349,0.05102791976651465,0.0,0.0,0.0,67.38965775450637,0.0,0.0,-452.76452854831444,0.0,0.0,0.0,0.0,0.0,0.0,0.0,0.0,0.0,0.0,0.0,0.0,0.0,0.0,0.05102791976651465,0.0,0.0,0.0,0.0,0.0,0.0,0.0,0.0,0.0,0.0,150.83684044713908,0.0,0.0,-1000.0,-3.827093982488599,-2.5513959883257327,0.0,0.0,-562.5,-562.5,562.5,0.0,0.0,0.0,0.0,0.0,0.0,0.0,0.0,610.8342467711414,0.0,0.0,548.1653439990055,0.0,0.0,0.0,602.6710301901795,0.0,0.0,0.05102791976651465,0.0,0.05102791976651465,0.0,0.0,0.0,30.616751859908792,62.254062115147875,62.254062115147875,0.0,0.0,0.0,0.0,0.0,0.0,0.0,0.0,0.0,0.0,0.0,0.0,0.0,256.06393471001616,0.0,0.0,0.0,0.0,0.0,0.0,0.0,0.0,0.0,0.0,0.0,0.0,0.0,79.84618010358203,0.0,-677.1415223543339,677.1415223543339,0.07654187964977198,0.0,0.0,0.0,-15.308375929954396,0.0,0.0,0.0,0.0,0.0,-245.7346964608984,2.5513959883257327,0.0,0.0,0.0,0.0,0.0,1000.0,0.0,0.0,812.5000000000005,0.0,0.0,0.0,0.0,0.0,0.0,0.0,0.0,-792.786642948149,85.79441604669707,0.0,54.794416046697066,-0.8309984294937804,0.0,452.9905441998078,0.0,-452.9905441998078,0.0,786.8690837476887,0.0,2.5513959883257327,1000.0,0.0,0.0,-33.97127630875146,-31.635235140710417,0.0,0.0,-812.4999999998689,812.4999999998689,0.0,0.0,0.0,0.0,0.0,833.3455419825057,0.0,62.254062115147875,0.0,0.0,0.0,33.97127630875146,0.0,0.0,0.0,0.0,0.0,577.051582286922,0.0,0.0,257.21597840836426,-646.1717536134207,562.9487675051612,0.0,15.308375929954396,0.0,0.0,0.0,0.0,-208.96042862704866,0.0,0.0,0.056130711743122674,0.0,0.0,0.0,31.127031057573937,0.0,0.0,0.0,0.0,-22.58883209339414,0.0,608.9449767463925,0.0,0.0,0.0,0.0,0.0,0.0,626.6720730664093,0.0,0.005102791976651465,0.005102791976651465,0.0,0.0,0.0,0.0,0.0,0.0,0.0,0.0,0.0,0.0,33.97127630875146,0.0,0.0,0.0,0.0,245.7346964608984,0.0,0.0,0.0,0.0,0.0,0.0,0.0,616.8191121924883,0.0,0.0,0.0,0.0,218.6317560173674,1000.0,-794.0611496201753,0.0,0.0,0.0,30.616751859908792,0.0,0.0,0.0,0.0,0.0,0.0,-30.616751859908792,0.0,0.0,0.0,0.0,0.0,0.0,0.0,0.0,0.0,33.97127630875146,33.97127630875146,0.0,-569.5813980628349,0.0,291.0180597500787,0.0,-15.308375929954396,0.0,999.795888320934,0.0,0.0,0.0,0.0,0.0,0.0,0.0,0.0,0.0,0.0,0.0,0.0,0.0,0.0,0.0,0.0,0.0,-6.378489970814332,0.0,-3.827093982488599,252.23684072752755,0.0,0.0,0.0,0.0,0.0,-255.60830131184946,254.97045231476804,31.635235140710417,0.0,0.0,0.0,0.0,0.0,0.0,0.0,1000.0,15.308375929954396,15.308375929954396,0.0,0.0,0.0,0.0,0.0,0.056130711743122674,245.7346964608984,0.0,0.0,-999.795888320934,0.0,0.0,0.0,0.0,0.0,0.0,0.0,0.0,0.0,0.0,0.0,0.0,0.0,0.0,338.57076117716696,0.0,0.0,0.0,0.0,53.57931575484039,3.92914982202165,0.0,0.0,0.0,0.0,0.0,245.7346964608984,0.0,-461.1141890266379,0.0,0.0,0.0,-6.378489970814332,0.0,0.0,0.0,0.0,0.0,0.0,0.0,0.0,0.0,0.0,0.0,0.0,0.0,0.0,0.0,0.0,0.0,0.0,-0.05102791976651465,0.0,0.0,2.5513959883257327,-253.92766429290162,0.0,0.0,0.0,0.0,0.0,0.0,0.0,0.0,-251.67043081811929,1.2756979941628663,0.0,0.0,0.0,0.05102791976651465,0.0,51.02791976651465,-15.818655127619541,10.20558395330293,0.36448514118939035,142.36789614857588,-0.03827093982488598,2.5513959883257327,1.020558395330293,-0.25513959883255666,-142.36789614857588,15.308375929954396,-0.051027919766514655,0.27699947649792683,69.79441604669707,0.012756979941628664,0.3644851411893904,-0.8309984294937804,-8.123644826830116,32.95071791342117,-158.39396243535828,-0.051027919766514655,0.012756979941628664,-142.36789614857588,5.102791976651465,0.051027919766514655,0.05102791976651465,-245.62753782938876,0.05613071174316612,-65.27649570802727,-0.03827093982488598,15.308375929954396,0.051027919766514655,15.308375929954396,-25.51395988325733,-0.025513959883257328,-47.378927558686655,-85.0,-0.03827093982488598,-0.051027919766514655,-15.818655127619541,0.05102791976651465,5.102791976651462,-1.020558395330293,79.84618010358203,79.84618010358203,-5.102791976651465,158.39396243535828,-79.84618010358203,10.20558395330293,0.07654187964977197,0.0,5.102791976651465,-234.1434657598102,69.79441604669707,-10.20558395330293,0.025513959883257324,0.5102791976651465,64.57844380170546,96.0,-0.05102791976651465,-257.21597840836426,245.62753782938876,15.818655127619541,0.051027919766514655,8.123644826830116,8.560912326879702,69.79441604669707,-0.05102791976651465,-0.012756979941628664,-69.79441604669707,-0.051027919766514655,-646.842184769741,0.05102791976674203,-0.012756979941628664,-0.012756979941628664,-0.012756979941628664,20.41116790660586,25.51395988325733,0.5102791976651465,37.80531005701769,-0.012756979941628664,128.879888126913,2.5513959883257327,21.5,0.05102791976651465,0.025513959883257328,0.025513959883257328,40.0,15.818655127619541,0.05102791976651465,-15.818655127619541,0.5102791976651465,0.051027919766514655,-37.80531005701769,0.051027919766514655,0.20411167906604533,0.25513959883255666,0.025513959883257328,0.012756979941628664,15.308375929954396,-0.051027919766514655,65.27649570802727,-16.475358956710586,-75.61062011403538,1.2756979941628663,-5.102791976651462,10.20558395330293,2.5513959883257327,-0.051027919766514655,0.8309984294937804,0.07654187964977197,-0.051027919766514655,-80.0,15.818655127619541,540.0967410415626,0.025513959883257328,-43.0,-0.051027919766514655,-0.05102791976674203,-0.051027919766514655,0.025513959883257328,142.36789614857588,-10.20558395330293,0.05102791976651465,129.15688760341092,-0.012756979941628664,-0.05613071174316612,-129.15688760341092,7.654187964977197,85.0,-152.87596248873257,142.36789614857588,-0.03827093982488598,257.21597840836426,-96.0,0.051027919766514655,-0.012756979941628662,811.8061706347015,51.02791976651465,-0.025513959883257328,-0.051027919766514655,0.012756979941628664,0.0,0.0,-97.05547654992776,0.0,-46.0,0.0,360.73025148706836,-31.0,0.0,-32.0,-93.0,-65.0,-97.0299625900445,16.0,23.0,46.5,0.0,15.5,-245.7346964608984,-331.13631241451395,97.0299625900445,65.0,-331.13631241451395,-360.73025148706836,173.5332735917686,0.0,1496.5981,hclb
111,0.0,0.0,0.0,0.0,0.0,0.0,0.0,0.0,-0.021320508954133403,0.0,0.0,0.0,0.0,0.0,0.0,0.0,-278.93606518619754,1000.0,0.0,-377.7173214230853,0.0,0.0,0.0,0.0,0.0,0.0,0.0,0.0,0.0,-249.4886135084406,3.835118933267502,-3.835118933267502,30.528816752113936,0.0,0.0,0.0,0.0,174.8284637178224,0.0,-951.2293565371606,993.60384731376,0.0,0.0,0.0,0.0,0.0,0.0,152.3659168266876,528.424678694638,0.0,0.0,0.0,0.0,0.02345255984926098,0.0,0.0,0.0,156.63001861751428,0.0,0.0,126.39123185643123,0.0,290.7621395479363,0.0,788.0258249604452,0.0,0.0,0.0,0.0,686.1290210690898,0.0,0.21320508954133405,0.0,0.0,0.0,0.0,0.0,0.0,0.0,0.0,0.0,0.0,0.0,0.0,12.792305372480042,0.0,9.503892812041169,-141.62894039651965,373.43292245636883,-721.0319540503713,-0.005330127238533351,0.0,0.0,0.0,6.396152686240021,0.0,6.396152686240021,-316.33514634302355,0.0,0.0,0.0,1.0660254477066702,-1000.0,0.0,0.0,0.0,0.0,0.0,0.0,0.0,0.0,0.0,0.0,0.0,0.0,0.0,0.0,0.0,0.0,0.0,0.0,0.0,0.0,0.0,-1000.0,0.0,0.0,6.396152686240021,0.0,6.609357775781354,0.0,0.0,0.0,-359.4687499999999,359.4687499999999,-359.4687499999999,-417.1533714043675,0.0,0.0,0.0,0.0,0.0,0.0,0.0,0.0,11.145572001509333,0.021320508954133403,0.0,0.0,0.0,0.0,-157.17922261590851,0.0,0.0,0.0,0.0,-313.46290814771345,0.0,0.0,0.0,0.0,0.0,534.7546637700028,534.7546637700028,0.0,0.0,0.0,0.0,0.0,0.0,0.0,538.6111032122244,0.0,0.0,0.0,-1000.0,-699.9713396722601,0.0,0.0,0.0,0.0,0.0,0.0,0.0,0.0,0.0,0.0,0.0,0.0,0.0,0.0,-1000.0,0.0,0.0,0.0,0.0,0.0,0.0,0.0,373.43292245636883,-373.43292245636883,417.1533714043675,0.0,0.0,0.0,0.0,0.0,0.0,750.5113864915594,-784.7499427941848,0.0,0.0,0.0,0.0,0.0,0.0,0.0,0.0,0.0,0.0,0.0,0.0,0.0,284.65643246999855,122.70742619756189,0.0,0.0,0.0,0.0,0.0,82.84662859563252,0.0,0.0,0.0,0.0,126.39123185643123,0.0,3.835118933267502,0.0,256.69259238941515,0.0,0.0,0.0,0.0,0.0,172.1540321316166,0.0,0.0,0.0,-1000.0,-1000.0,760.2286607544872,0.0,0.0,0.0,0.0,417.1533714043675,-6.00981084658911,0.0,0.0,0.0,-521.8467019028951,0.0,0.0,-696.3384643645151,105.26545412992833,0.0,-801.6039184944434,0.0,-105.26545412992833,746.8658449127377,0.0,608.9198627351652,0.0,0.0,-440.5157800179678,0.0,0.0,0.0,-1000.0,0.0,1000.0,0.0,510.05678375819264,0.0,0.0,-284.7499427941848,0.0,0.0,0.0,126.39123185643123,-0.031980763431200106,0.0,0.0,0.0,0.0,0.021320508954133403,0.0,0.0,0.0,321.44981518214337,-278.93606518619754,0.0,0.0,-307.3821488518693,699.9713396722601,1000.0,0.0,242.02288936156185,0.0,0.0,0.0,0.0,0.0,-1.8356958209505998,-240.18719354061125,0.0,-1000.0,-1000.0,0.0,0.0,0.0,0.0,0.0,0.0,0.0,0.0,0.0,0.0,0.0,0.0,0.0,0.0,0.0,0.0,256.69259238941515,-825.0862542463603,0.0,-1000.0,0.0,0.0,483.96753915304924,0.0,0.0,0.0,-179.46448519985842,0.0,0.0,0.0,0.0,0.0,0.0,0.0,-40.268359122552134,0.0,240.18719354061125,71.10847532470609,-1.0660254477066702,0.0,-28.708065306740625,0.0,39.20233367484546,-865.1997975279176,-0.5330127238533351,0.0,0.0,0.0,588.4753339317275,0.0,0.0,6.396152686240021,0.0,0.0,0.0,215.45938620436064,0.0,0.0,0.0,-284.65643246999855,284.65643246999855,284.65643246999855,-126.72348799518733,0.0,0.0,0.0,0.0,0.0,750.5113864915594,0.0,0.0,-145.3631220674227,0.0,0.0,0.0,0.0,0.0,0.0,0.0,-40.86794910458666,0.0426410179086929,0.0,0.0,0.0,0.0,0.0,0.0,0.0,49.102435573703495,0.0,686.1290210690898,0.0,0.0,0.0,0.0,0.0,0.0,0.0,0.0,0.0,0.02345255984926098,0.02345255984926098,3.835118933267502,376.39233067917183,0.0,12.792305372480042,0.0,0.0,0.0,146.61182819499226,0.0,0.0,9.503892812041169,0.0,0.0,-235.9413800993457,-146.61182819499226,0.0,0.0,0.0,0.0,0.0,0.0,0.0,0.0,0.0,0.0,0.0,0.0,0.0,333.3333333333333,-321.44981518214337,157.17922261590851,0.0,11.145572001509333,0.0,0.0,0.0,-500.0,0.0,-235.9413800993457,0.0,0.0,-276.80932920393235,0.0,0.0,284.65643246999855,0.0,0.0,0.0,0.0,0.0,0.0,0.0,0.0,0.0,0.0,0.0,0.0,0.0,12.792305372480042,417.1533714043675,417.1533714043675,0.0,0.0,0.0,0.0,0.0,0.0,0.0,0.0,0.0,0.0,0.21320508954133405,0.0,3.835118933267502,9.503892812041169,-9.503892812041169,3.835118933267502,0.0,0.0,0.0,6.396152686240021,0.0,0.0,0.0,0.0,0.0,0.0,0.0,0.0,0.0,0.0,0.0,0.0,0.0,6.396152686240021,6.396152686240021,1000.0,-146.61182819499226,0.0,0.0,0.0,0.0,0.0,0.0,0.0,1000.0,750.5113864915594,771.6018217732624,0.021320508954133403,0.0,0.0,0.0,28.1567778609266,0.0,49.102435573703495,0.0,0.0,0.0,0.0,0.0,0.0,0.0,0.0,0.0,0.0,0.0,0.0,0.0,0.0,0.0,0.021320508954133403,0.0,0.0,0.0,956.6060072105932,-956.6060072105932,0.0,0.0,0.0,0.0,-695.4969460468092,1000.0,0.0,0.0,-174.91374575363966,-1.5990381715600053,0.0,-1.0660254477066702,0.0,0.0,0.0,0.0,0.0,0.0,0.0,0.0,0.0,0.0,0.0,417.1533714043675,699.9713396722601,0.0,0.0,589.5413593794342,0.0,0.0,0.0,-0.021320508954133403,0.0,0.0,0.021320508954133403,0.0,0.021320508954133403,0.0,0.0,0.0,12.792305372480042,26.01102092404275,26.01102092404275,0.0,0.0,0.0,0.0,0.0,0.0,0.0,157.17922261590851,0.0,750.5113864915594,0.0,0.0,0.0,0.0,0.0,0.0,0.0,0.0,0.0,0.0,0.0,0.0,0.0,0.0,0.0,0.0,0.0,500.0,0.0,0.0,0.0,0.031980763431200106,0.0,0.0,0.0,-6.396152686240021,0.0,0.0,0.0,0.0,0.0,-376.39233067917183,1.0660254477066702,0.0,0.0,0.0,0.0,0.0,0.0,-1.0660254477066702,0.0,0.0,0.0,0.0,0.0,0.0,0.0,417.1533714043675,0.0,0.0,0.0,91.73589820917331,0.0,217.91512082508183,0.0,0.0,516.0324608469507,0.0,-516.0324608469507,0.0,-32.02083177063186,0.0,1.0660254477066702,1000.0,0.0,0.0,-3.835118933267502,-164.37090769150504,0.0,0.0,772.5245956890087,-772.5245956890087,0.0,0.0,0.0,0.0,0.0,-1.5990381715600037,-1.5990381715598687,26.01102092404275,0.0,0.0,0.0,3.835118933267502,0.0,0.0,0.0,0.0,0.0,172.1540321316166,0.0,0.0,379.59040702229186,-714.2857989300164,98.31427715298065,0.0,6.396152686240021,9.503892812041169,0.0,0.0,0.0,-332.51514753609194,0.0,0.0,0.02345255984926098,0.0,0.0,0.0,13.005510462021375,0.0,0.0,0.0,0.0,122.70742619756189,0.0,0.0,0.0,0.0,0.0,0.0,0.0,0.0,79.01150966236503,0.0,51.485154523162905,0.00213205089541324,0.0,0.0,0.0,0.0,0.0,0.0,0.0,0.0,0.0,0.0,3.835118933267502,0.0,0.0,0.0,0.0,376.39233067917183,0.0,0.0,0.0,0.0,0.0,0.0,0.0,0.0,0.0,0.0,0.0,19.007785624082338,0.0,201.7550896343229,1000.0,0.0,0.0,0.0,12.792305372480042,0.0,0.0,0.0,0.0,0.0,0.0,-12.792305372480042,0.0,19.007785624082338,0.0,0.0,0.0,0.0,0.0,0.0,0.0,3.835118933267502,3.835118933267502,0.0,-935.9262312495017,-1000.0,14.604548633581379,308.3404255743872,-314.73657826062725,0.0,174.8284637178224,0.0,0.0,0.0,0.0,0.0,0.0,0.0,0.0,0.0,0.0,0.0,0.0,0.0,0.0,0.0,0.0,0.0,-2.6650636192666752,417.1533714043675,-1.5990381715600053,0.0,0.0,0.0,0.0,0.0,0.0,0.0,-0.26650636192666755,145.3631220674227,0.0,0.0,0.0,0.0,0.0,0.0,0.0,835.6755905237607,6.396152686240021,6.396152686240021,0.0,0.0,0.0,0.0,0.0,0.02345255984926098,376.39233067917183,0.0,0.0,-174.8284637178224,51.48302247226749,0.0,0.0,0.0,0.0,0.0,0.0,0.0,0.0,0.0,0.0,0.0,0.0,0.0,0.0,0.0,0.0,0.0,0.0,22.386534401840073,11.145572001509333,0.0,0.0,0.0,0.0,0.0,376.39233067917183,0.0,167.6323928100257,0.0,0.0,0.0,-2.6650636192666752,0.0,0.0,0.0,0.0,0.0,0.0,0.0,0.0,0.0,0.0,0.0,0.0,0.0,0.0,0.0,0.0,0.0,0.0,-0.021320508954133403,0.0,0.0,1.0660254477066702,235.9413800993457,0.0,0.0,0.0,0.0,417.1533714043675,0.0,0.0,0.0,1.8356958209505998,0.5330127238533351,0.0,0.0,0.0,0.021320508954133403,0.0,21.320508954133402,-6.609357775781354,4.264101790826681,0.15228934967238145,59.48421998203219,-0.015990381715600053,1.066025447706673,0.4264101790826681,-0.10660254477141962,-59.48421998203219,6.396152686240021,-0.021320508954133403,0.0,0.0,0.005330127238533351,0.15228934967238145,0.0,-12.898117837539417,3.408708754184834,-343.34661339071715,-0.021320508954133403,0.005330127238533351,-59.48421998203219,2.1320508954133404,0.021320508954133403,0.021320508954133403,-376.3475576103684,-9.480440252191624,-71.3967658567006,-0.015990381715600053,6.396152686240021,0.021320508954133403,6.396152686240021,-10.660254477066701,-0.010660254477066701,384.85967400441405,-85.0,-0.015990381715600053,-0.021320508954133403,-6.609357775781354,0.021320508954133403,2.1320508954133404,-0.4264101790826681,500.0,500.0,-2.1320508954133404,343.34661339071715,-500.0,4.264101790826681,0.031980763431200106,301.1378127227125,2.1320508954133404,-333.3333333333333,0.0,-4.264101790826681,0.010660254477066701,0.21320508954133405,0.0,96.0,-0.021320508954133403,-381.1894451938517,376.3475576103684,6.609357775781354,0.021320508954133403,12.898117837539417,-25.584610744960127,0.0,-0.021320508954133403,-0.005330127238533351,0.0,-0.021320508954133403,-40.86794910458666,0.021320508954133403,-0.005330127238533351,-0.005330127238533351,-0.005330127238533351,8.528203581653361,10.660254477066701,0.21320508954133405,15.795832071393761,-0.005330127238533351,0.0,1.0660254477066702,21.5,0.021320508954133403,0.010660254477066701,0.010660254477066701,2.1320508954133404,6.609357775781354,0.021320508954133403,-6.609357775781354,0.21320508954133405,0.02132050895413344,-15.795832071393761,0.021320508954133403,0.08528203581721529,0.10660254477141962,0.010660254477066701,0.005330127238533351,6.396152686240021,-0.021320508954133403,71.3967658567006,-1.704354377092417,-31.591664142787522,0.5330127238533322,-2.1320508954133404,4.264101790826681,1.0660254477066702,-0.021320508954133403,0.0,0.0319807634312001,-0.02132050895413344,-4.264101790826681,6.609357775781354,467.12876656263063,0.010660254477066701,-43.0,-0.021320508954133403,-0.021320508954133403,-0.021320508954133403,0.010660254477066701,59.48421998203219,-4.264101790826681,0.021320508954133403,0.0,-0.005330127238533351,9.480440252191624,0.0,3.19807634312001,85.0,-483.8425498060151,59.48421998203219,-0.015990381715600053,381.1894451938517,-96.0,0.021320508954133403,-0.0053301272385333515,1.0660254477066702,21.320508954133402,-0.010660254477066701,-0.021320508954133403,0.005330127238533351,510.26065572705505,0.0,-326.98236383955594,0.0,-46.0,0.0,696.6103380891683,-31.0,0.0,394.288359381983,-93.0,-65.0,-25.83389086236639,-197.1441796909915,23.0,46.5,0.0,15.5,-376.39233067917183,-134.61361902653866,25.83389086236639,65.0,-134.61361902653866,-696.6103380891683,360.03144896935754,0.0,1496.5981,hclb
112,0.0,0.0,0.0,0.0,0.0,0.0,0.0,0.0,-0.05907346686338939,0.0,0.0,0.0,0.0,0.0,0.0,0.0,0.0,0.0,0.0,520.28608219801,0.0,0.0,0.0,99.55641832055447,0.0,0.0,0.0,0.0,0.0,0.0,40.05382540417149,-40.05382540417149,0.0,0.0,0.0,0.0,0.0,-244.81840099787485,0.0,-869.4729755978486,1000.0,0.0,0.0,290.18398731030095,0.0,0.0,0.0,0.0,-290.18398731030095,0.0,0.0,0.0,0.0,0.06498081354978676,0.0,0.0,0.0,11.81469337267788,0.0,0.0,6.1344640471071585,0.0,0.0,-67.92996344369324,0.0,0.0,0.0,0.0,0.0,364.403420849511,0.0,0.590734668633894,0.0,0.0,0.0,0.0,0.0,0.0,0.0,967.5193591776984,0.0,0.0,-223.13580047232364,0.0,35.44408011803364,0.0,0.0,608.9729408229769,318.7889535126759,0.0,-0.014768366715847348,0.0,0.0,1000.0,17.72204005901682,0.0,17.72204005901682,0.0,0.0,0.0,0.0,2.95367334316947,-462.14661819722164,0.0,0.0,0.0,0.0,0.0,0.0,0.0,0.0,0.0,0.0,0.0,0.0,0.0,0.0,0.0,0.0,0.0,0.0,0.0,0.0,0.0,-609.654180280488,0.0,0.0,17.72204005901682,0.0,18.312774727650712,0.0,0.0,-20.95846639691511,20.95846639691511,0.0,0.0,-74.0644274908004,0.0,0.0,0.0,0.0,0.0,0.0,0.0,0.0,227.68445742080462,0.05907346686338939,0.0,0.0,0.0,-416.6486668997162,0.0,0.0,0.0,223.13580047232364,0.0,274.6995189620023,0.0,0.0,0.0,0.0,0.0,123.54722407714564,123.54722407714564,0.0,0.0,0.0,0.0,950.4040231278875,0.0,0.0,163.66012294818051,0.0,0.0,0.0,26.546938544358795,0.0,0.0,0.0,0.0,0.0,0.0,0.0,0.0,0.0,0.0,0.0,0.0,0.0,0.0,0.0,-541.0021170698701,0.0,0.0,0.0,0.0,0.0,0.0,0.0,-318.7889535126759,318.7889535126759,74.0644274908004,0.0,0.0,0.0,0.0,0.0,0.0,462.14661819722164,-112.18690077544329,0.0,0.0,0.0,0.0,0.0,0.0,0.0,0.0,0.0,0.0,0.0,0.0,0.0,274.36185587212697,397.27805364507196,290.18398731030095,0.0,0.0,0.0,0.0,79.03357984679766,0.0,0.0,0.0,0.0,6.1344640471071585,0.0,40.05382540417149,0.0,0.0,0.0,0.0,0.0,0.0,0.0,41.955991037172836,0.0,0.0,0.0,-637.5779070253518,0.0,0.0,0.0,-290.18398731030095,0.0,0.0,74.0644274908004,-150.18439429327265,0.0,0.0,0.0,-268.39071006495476,0.0,0.0,-811.3750441334895,0.0,0.0,-811.3750441334894,0.0,0.0,0.0,0.0,-117.29182482734171,0.0,0.0,11.716965211258298,0.0,0.0,0.0,102.91042371066844,0.0,-102.91042371066844,0.0,163.54197601445372,0.0,0.0,0.0,0.0,0.0,0.0,6.1344640471071585,-0.0886102002950841,0.0,0.0,0.0,0.0,0.05907346686338939,0.0,0.0,0.0,328.22607863608226,0.0,0.0,-668.3502094025907,562.4606430048615,0.0,949.5367334316948,0.0,5.086225496937884,0.0,0.0,0.0,0.0,0.0,-5.086225496937884,0.0,0.0,234.74203339606015,-1000.0,0.0,0.0,0.0,0.0,0.0,0.0,0.0,0.0,0.0,0.0,0.0,0.0,0.0,0.0,0.0,0.0,0.0,-244.58210713042152,0.0,0.0,223.13580047232364,0.0,0.0,0.0,0.0,0.0,-229.58662305380597,0.0,0.0,0.0,71.04362026353881,0.0,0.0,0.0,-2.95367334316947,737.6894291329669,0.0,0.0,-54.68452749038636,0.0,-150.58604339509264,0.0,0.0,0.0,-739.1662658045516,51.73085414721689,-678.5743916278262,0.0,0.0,205.38220780642223,640.0234306039288,17.72204005901682,0.0,0.0,0.0,0.0,0.0,0.0,0.0,-274.36185587212697,274.36185587212697,274.36185587212697,72.5004363173644,0.0,0.0,0.0,0.0,0.0,462.14661819722164,0.0,0.0,-61.79549939658608,0.0,-187.50000000000017,68.18530662732212,0.0,0.0,0.0,0.0,-37.09265331366106,0.11814693372671331,0.0,0.0,0.0,0.0,0.0,0.0,0.0,0.0,0.0,364.403420849511,0.0,0.0,0.0,0.0,0.0,0.0,0.0,0.0,0.0,0.06498081354978676,0.06498081354978676,40.05382540417149,358.5471624994491,0.0,35.44408011803364,0.0,0.0,0.0,0.0,0.0,0.0,0.0,0.0,0.0,434.100120870414,0.0,0.0,0.0,0.0,0.0,0.0,68.18530662732212,0.0,0.0,0.0,0.0,0.0,0.0,0.0,203.218060093496,-328.22607863608226,416.6486668997162,0.0,4.54865694848098,0.0,0.0,1000.0,846.9019926624019,0.0,434.100120870414,0.0,-274.1399901321721,671.147457688925,437.5000000000004,-437.5000000000004,274.36185587212697,0.0,0.0,0.0,0.0,0.0,0.0,0.0,0.0,0.0,0.0,0.0,0.0,0.0,35.44408011803364,74.0644274908004,74.0644274908004,0.0,0.0,0.0,0.0,0.0,0.0,0.0,0.0,0.0,0.0,0.590734668633894,0.0,40.05382540417149,0.0,0.0,40.05382540417149,0.0,0.0,0.0,17.72204005901682,0.0,0.0,0.0,0.0,0.0,0.0,0.0,0.0,0.0,0.0,0.0,-8.247085787780819,0.0,17.72204005901682,17.72204005901682,574.636690944558,0.0,0.0,68.18530662732212,0.0,0.0,0.0,0.0,0.0,193.01748979647448,462.14661819722164,0.0,0.05907346686338939,0.0,0.0,-406.24999999999943,484.26495205979995,8.684870309957716,0.0,-1000.0,0.0,0.0,0.0,0.0,0.0,0.0,0.0,0.0,0.0,0.0,0.0,0.0,0.0,0.0,0.05907346686338939,0.0,0.0,0.0,0.0,0.0,0.0,0.0,0.0,0.0,-229.58662305380597,0.0,0.0,0.0,244.58210713042152,-4.430510014754205,0.0,-2.95367334316947,0.0,-906.25,-906.25,906.25,0.0,0.0,0.0,0.0,0.0,0.0,0.0,74.0644274908004,0.0,0.0,0.0,642.9771039470983,0.0,0.0,0.0,-0.05907346686338939,0.0,0.0,0.05907346686338939,0.0,0.05907346686338939,0.0,0.0,0.0,35.44408011803364,72.06962957333506,72.06962957333506,0.0,0.0,0.0,0.0,0.0,0.0,0.0,416.6486668997162,0.0,462.14661819722164,0.0,0.0,0.0,0.0,0.0,0.0,0.0,0.0,0.0,0.0,0.0,0.0,0.0,0.0,0.0,0.0,0.0,153.09800733759812,0.0,0.0,0.0,0.0886102002950841,0.0,0.0,0.0,-17.72204005901682,0.0,0.0,0.0,0.0,0.0,-358.5471624994491,2.95367334316947,0.0,0.0,0.0,0.0,-950.4040231278875,0.0,-2.95367334316947,0.0,-187.50000000000017,0.0,0.0,0.0,0.0,0.0,74.0644274908004,0.0,0.0,0.0,84.18530662732212,0.0,469.8339735270383,8.684870309957716,0.0,0.0,0.0,0.0,223.13580047232364,-222.25402386660772,0.0,2.95367334316947,770.4050636887509,0.0,0.0,-40.05382540417149,-61.79549939658608,0.0,0.0,0.0,0.0,0.0,0.0,0.0,0.0,0.0,42.54749687992887,-51.40851690943737,72.06962957333506,0.0,0.0,0.0,40.05382540417149,0.0,0.0,0.0,0.0,0.0,41.955991037172836,0.0,0.0,320.4301756342744,-442.41837290931153,0.0,0.0,17.72204005901682,0.0,0.0,0.0,0.0,104.63189804367914,0.0,0.0,0.06498081354978676,0.0,0.0,0.0,36.03481478666753,0.0,0.0,0.0,0.0,397.27805364507196,0.0,0.0,0.0,0.0,0.0,0.0,0.0,0.0,0.0,0.0,0.00590734668633894,0.00590734668633894,0.0,0.0,0.0,0.0,0.0,0.0,0.0,0.0,0.0,-406.24999999999943,40.05382540417149,0.0,0.0,0.0,0.0,358.5471624994491,0.0,0.0,0.0,0.0,0.0,0.0,0.0,0.0,0.0,0.0,0.0,0.0,0.0,112.81027006036737,0.0,0.0,0.0,0.0,35.44408011803364,0.0,0.0,0.0,0.0,0.0,0.0,-35.44408011803364,0.0,0.0,0.0,0.0,0.0,0.0,0.0,0.0,0.0,40.05382540417149,40.05382540417149,0.0,0.0,-34.387095004687026,40.46532480142174,927.7198866759273,-945.4419267349442,0.0,-244.81840099787485,0.0,0.0,0.0,0.0,0.0,0.0,0.0,0.0,0.0,0.0,0.0,0.0,0.0,0.0,0.0,0.0,0.0,-7.384183357923675,74.0644274908004,-4.430510014754205,46.97800689468311,0.0,0.0,0.0,0.0,0.0,-760.4102480224803,759.6718296866879,284.9312998689097,0.0,0.0,0.0,0.0,0.0,0.0,0.0,1000.0,17.72204005901682,17.72204005901682,0.0,0.0,0.0,0.0,967.5193591776984,0.06498081354978676,358.5471624994491,0.0,0.0,244.81840099787485,0.0,0.0,0.0,0.0,0.0,0.0,0.0,0.0,0.0,0.0,0.0,0.0,0.0,0.0,0.0,0.0,0.0,0.0,0.0,62.02714020655887,0.0,0.0,4.54865694848098,0.0,0.0,0.0,358.5471624994491,0.0,0.0,0.0,0.0,0.0,-7.384183357923675,0.0,0.0,0.0,0.0,0.0,0.0,0.0,0.0,0.0,0.0,0.0,0.0,0.0,0.0,0.0,0.0,0.0,0.0,-0.05907346686338939,0.0,0.0,2.95367334316947,-434.100120870414,0.0,0.0,0.0,0.0,74.0644274908004,0.0,0.0,0.0,5.086225496937884,1.476836671584735,0.0,0.0,0.0,0.05907346686338939,0.0,59.07346686338939,-18.312774727650712,11.81469337267788,0.4219533347384957,164.81497254885642,-0.04430510014754205,2.95367334316947,1.181469337267788,-0.29536733431672246,-164.81497254885642,17.72204005901682,-0.0590734668633894,0.0,68.18530662732212,0.01476836671584735,0.4219533347384957,0.0,-9.404495924651798,38.872356066903706,-520.28608219801,-0.0590734668633894,0.01476836671584735,-164.81497254885642,5.90734668633894,0.0590734668633894,0.05907346686338939,-358.42310821903595,0.06498081354972834,-28.407783003703344,-0.04430510014754205,17.72204005901682,0.0590734668633894,17.72204005901682,-29.5367334316947,-0.0295367334316947,-246.29173595829894,-85.0,-0.04430510014754205,-0.0590734668633894,-18.312774727650712,0.05907346686338939,5.90734668633894,-1.181469337267788,153.09800733759812,153.09800733759812,-5.90734668633894,520.28608219801,-153.09800733759812,11.81469337267788,0.0886102002950841,228.8325917633989,5.90734668633894,-203.218060093496,68.18530662732212,-11.81469337267788,0.029536733431694696,0.590734668633894,167.08755235064768,96.0,-0.05907346686338939,-371.8386925437118,358.42310821903595,18.312774727650712,0.0590734668633894,9.404495924651798,-2.702853608745258,68.18530662732212,-0.05907346686338939,-0.014768366715847348,-68.18530662732212,-0.0590734668633894,-37.09265331366106,0.05907346686338436,-0.014768366715847348,-0.014768366715847348,-0.014768366715847348,23.62938674535576,29.5367334316947,0.590734668633894,362.5107031749433,-0.014768366715847348,334.17510470129537,2.95367334316947,21.5,0.05907346686338939,0.029536733431694696,0.0295367334316947,40.0,18.312774727650712,0.05907346686338939,-18.312774727650712,0.590734668633894,0.0590734668633894,-1000.0,0.0590734668633894,0.2362938674533176,0.29536733431672246,0.0295367334316947,0.01476836671584735,17.72204005901682,-0.0590734668633894,28.407783003703344,-19.436178033451853,-725.0214063498865,1.476836671584735,-5.90734668633894,11.81469337267788,2.95367334316947,-0.0590734668633894,0.0,0.0886102002950841,-0.0590734668633894,-80.0,18.312774727650712,178.62306434284005,0.0295367334316947,-43.0,-0.0590734668633894,-0.05907346686338436,-0.0590734668633894,0.0295367334316947,164.81497254885642,-11.81469337267788,0.05907346686338939,334.17510470129537,-0.014768366715847348,-0.06498081354972834,-334.17510470129537,8.861020029508408,85.0,-14.393101774487704,164.81497254885642,-0.04430510014754205,371.8386925437118,-96.0,0.0590734668633894,-0.014768366715847348,73.99729360670828,59.07346686338939,-0.029536733431694696,-0.0590734668633894,0.014768366715847348,0.0,0.0,-228.8621284968306,637.4892968250567,-46.0,0.0,78.13868564226954,7.379346692276752,0.0,-32.0,-93.0,-65.0,0.0,16.0,23.0,46.5,0.0,-3.689673346138376,-358.5471624994491,-283.2549623865192,0.0,65.0,-283.2549623865192,-78.13868564226954,37.46709628233793,0.0,1496.5981,hclb
113,0.0,0.0,0.0,0.0,0.0,0.0,0.0,0.0,-0.062073348487076484,0.0,0.0,0.0,0.0,0.0,0.0,0.0,394.72505600232887,-248.62158733497108,0.0,211.25112130322793,0.0,0.0,0.0,1000.0,0.0,0.0,0.0,0.0,0.0,-209.64052189612937,0.0,0.0,7.487897615192959,0.0,0.0,0.0,0.0,728.3951096583934,0.0,-1000.0,1000.0,0.0,0.0,814.9154658938005,0.0,0.0,0.0,0.0,-1000.0,0.0,0.0,0.0,0.0,0.06828068333577697,0.0,0.0,0.0,0.0,0.0,0.0,52.39721879689952,0.0,121.1942162640841,0.0,0.0,0.0,0.0,0.0,166.2434302930047,-166.2434302930047,0.0,0.620733484870765,0.0,0.0,0.0,0.0,0.0,0.0,0.0,0.0,0.0,0.0,0.0,0.0,37.244009092245896,0.0,0.0,565.5160615796008,0.0,749.8883283418917,583.3127158253805,0.0,0.0,117.57315482903141,18.622004546122948,0.0,18.622004546122948,-1.9987618212834377,0.0,0.0,0.0,3.1036674243538243,-785.6499188229191,0.0,0.0,-22.140281383242655,425.8812132990949,942.1226031218456,0.0,0.0,0.0,0.0,0.0,0.0,0.0,0.0,0.0,0.0,0.0,0.0,0.0,0.0,0.0,0.0,-784.6524051381343,0.0,0.0,18.622004546122948,0.0,19.242738030993713,19.242738030993713,0.0,0.0,0.0,0.0,0.0,-1000.0,0.0,0.0,826.4085649390164,0.0,0.0,0.0,0.0,0.0,4.779647833504886,0.062073348487076484,583.3282341625022,0.0,0.0,-1000.0,-91.84710572638869,0.0,0.0,0.0,0.0,198.67426324746825,0.0,0.0,0.0,0.0,0.0,-212.7068521124508,-212.7068521124508,0.0,0.0,0.0,0.0,0.0,0.0,0.0,-212.64477876396373,0.0,0.0,0.0,-85.18201279291827,0.0,0.0,0.0,0.0,0.0,0.0,0.0,0.0,0.0,0.0,0.0,0.0,0.0,0.0,0.0,-1000.0,0.0,0.0,0.0,0.0,0.0,0.0,0.0,-397.8147056965418,397.8147056965418,173.59143506098363,0.0,0.0,0.0,0.0,0.0,0.0,576.0093969267897,461.51019604939034,0.0,0.0,0.0,0.0,0.0,0.0,0.0,0.0,0.0,0.0,0.0,0.0,0.0,233.86938014169257,647.7952318221244,814.9154658938005,0.0,0.0,0.0,0.0,78.73059180280528,0.0,0.0,0.0,0.0,52.39721879689952,0.0,0.0,0.0,0.0,0.0,0.0,0.0,0.0,0.0,0.0,12.414669697415297,0.0,0.0,575.257450357284,973.0721560538258,-832.298644116941,0.0,-814.9154658938005,0.0,0.0,173.59143506098363,-95.7248414133588,0.0,0.0,0.0,-352.1244691220785,0.0,0.0,823.3775293158882,-1000.0,0.0,823.3775293158882,1000.0,0.0,-397.8147056965418,0.0,-0.7012333078857296,0.0,0.0,-40.65190852285804,0.0,0.0,0.0,915.9081793451961,0.0,-915.9081793451961,0.0,0.0,0.0,0.0,1000.0,0.0,0.0,0.0,52.39721879689952,-0.09311002273061472,0.0,0.0,0.0,0.0,0.062073348487076484,0.0,0.0,0.0,729.0559685900881,394.72505600232887,0.0,-487.45918615667557,840.8000913698035,0.0,951.0366742435383,0.0,973.5776782405495,0.0,-22.140281383242655,0.0,0.0,0.0,13.756777987370006,12.665543772080468,-1000.0,0.0,-1000.0,0.0,0.0,0.0,0.0,0.0,0.0,0.0,0.0,0.0,0.0,0.0,0.0,0.0,0.0,0.0,0.0,0.0,-271.35659694765843,0.0,-1000.0,0.0,0.0,0.0,0.0,0.0,0.0,790.3516241223025,0.0,0.0,0.0,0.0,0.0,-740.8046116626916,0.0,-233.88676019649353,0.0,561.8956375976064,0.0,-3.1036674243538243,897.3169429700442,0.0,0.0,75.55898511720045,-734.5925407042965,-1.5518337121769121,0.0,-1000.0,0.0,188.4788502882227,1000.0,0.0,18.622004546122948,0.0,0.0,0.0,0.0,0.0,0.0,150.0573910949007,-83.81198904679187,83.81198904679187,83.81198904679187,102.72561168582736,0.0,0.0,-212.76892546093788,0.0,0.0,576.0093969267897,0.0,0.0,-68.79699746718458,0.0,0.0,67.58533030258471,0.0,0.0,0.0,0.0,-36.792665151292354,0.12414669697412789,0.0,0.0,0.0,0.0,0.0,0.0,0.0,57.615083304469344,0.0,0.0,0.0,0.0,0.0,0.0,0.0,0.0,0.0,0.0,0.0,0.06828068333577697,0.06828068333577697,0.0,317.4547104442773,0.0,37.244009092245896,0.0,33.94755812185994,0.0,992.5492435111576,0.0,0.0,0.0,0.0,0.0,447.0531382258413,-992.5492435111576,0.0,0.0,0.0,0.0,0.0,67.58533030258471,0.0,0.0,0.0,0.0,0.0,0.0,0.0,261.55080171271146,-729.0559685900881,665.9658924272937,155.22410765493925,4.779647833504886,0.0,0.0,117.57315482903141,-134.74887203475745,0.0,447.0531382258413,0.0,509.1145527562303,-98.85407968168136,0.0,0.0,233.86938014169257,0.0,0.0,0.0,0.0,0.0,0.0,0.0,0.0,0.0,0.0,0.0,0.0,0.0,37.244009092245896,173.5914350609836,173.59143506098363,0.0,0.0,0.0,0.0,0.0,0.0,0.0,0.0,0.0,0.0,0.620733484870765,0.0,0.0,0.0,0.0,0.0,0.0,0.0,0.0,18.622004546122948,0.0,0.0,0.0,0.0,155.22410765493925,0.0,0.0,0.0,0.0,0.0,0.0,11.145261500220572,0.0,18.622004546122948,18.622004546122948,249.28185811960358,-992.5492435111576,0.0,67.58533030258471,0.0,0.0,0.0,0.0,0.0,-214.350081177081,576.0093969267897,-437.4590921257037,0.062073348487076484,0.0,0.0,5.005772174422096,0.0,0.0,57.615083304469344,-117.57315482903141,0.0,0.0,0.0,0.0,0.0,0.0,0.0,0.0,0.0,0.0,0.0,0.0,0.0,0.0,0.062073348487076484,0.0,0.0,0.0,0.0,0.0,0.0,0.0,0.0,0.0,0.0,1000.0,0.0,0.0,-938.291778930039,-4.655501136530737,0.0,-3.1036674243538243,0.0,0.0,0.0,0.0,0.0,0.0,0.0,0.0,0.0,0.0,0.0,173.5914350609836,0.0,0.0,0.0,191.58251771257653,0.0,0.0,0.0,-0.062073348487076484,0.0,0.0,0.062073348487076484,0.0,0.062073348487076484,0.0,0.0,0.0,37.244009092245896,75.72948515423332,75.72948515423332,0.0,0.0,0.0,0.0,0.0,0.0,0.0,665.9658924272937,0.0,576.0093969267897,0.0,0.0,19.101293292107282,0.0,0.0,0.0,0.0,0.0,0.0,0.0,0.0,0.0,0.0,0.0,0.0,0.0,0.0,252.32202686378886,0.0,-45.94578853243674,45.94578853243674,0.09311002273061472,0.0,0.0,0.0,-18.622004546122948,0.0,0.0,0.0,0.0,0.0,-317.4547104442773,3.1036674243538243,0.0,0.0,0.0,0.0,0.0,-1.9987618212834377,-3.1036674243538243,0.0,0.0,0.0,0.0,0.0,0.0,0.0,173.5914350609836,0.0,0.0,0.0,83.58533030258471,0.0,718.5512227298784,-22.140281383242655,209.6483758776975,788.3528623010191,0.0,-998.0012381787166,0.0,-171.45432656759212,33.94755812185994,3.1036674243538243,565.0361400532015,0.0,0.0,0.0,-68.79699746718458,0.0,0.0,882.0907049531535,-882.0907049531535,0.0,-795.1312719558074,0.0,0.0,0.0,-9.311002273061387,0.0,75.72948515423332,0.0,0.0,0.0,0.0,0.0,0.0,0.0,0.0,0.0,0.0,0.0,0.0,331.4212138538694,-5.005772174422096,14.811708949980261,0.0,18.622004546122948,0.0,0.0,0.0,0.0,-65.28725266072348,0.0,0.0,0.06828068333577697,0.0,0.0,0.0,37.86474257711666,0.0,0.0,0.0,0.0,647.7952318221244,0.0,425.8812132990949,0.0,0.0,0.0,0.0,0.0,0.0,0.0,0.0,0.0062073348487078255,0.0062073348487078255,0.0,0.0,0.0,0.0,0.0,0.0,0.0,0.0,0.0,5.005772174422096,0.0,0.0,0.0,0.0,0.0,317.4547104442773,0.0,0.0,0.0,0.0,0.0,0.0,0.0,0.0,0.0,0.0,0.0,0.0,0.0,0.0,-248.62158733497108,0.0,0.0,0.0,37.244009092245896,0.0,0.0,0.0,0.0,0.0,898.3901969693294,-935.6342060615752,0.0,0.0,0.0,0.0,0.0,0.0,0.0,0.0,0.0,0.0,0.0,0.0,437.4590921257037,-1000.0,61.6215370057547,-18.622004546122948,0.0,0.0,728.3951096583934,0.0,0.0,0.0,0.0,0.0,0.0,0.0,0.0,0.0,453.125,0.0,-453.12499999999994,-453.12499999999994,0.0,0.0,0.0,33.94755812185994,-7.759168560884561,173.59143506098363,-4.655501136530737,14.445792155576637,0.0,0.0,0.0,0.0,0.0,-0.7759168560884563,0.0,68.79699746718458,0.0,0.0,0.0,0.0,0.0,0.0,0.0,1000.0,18.622004546122948,18.622004546122948,0.0,0.0,0.0,0.0,0.0,0.06828068333577697,317.4547104442773,0.0,0.0,-728.3951096583934,0.0,0.0,0.0,0.0,0.0,0.0,0.0,0.0,0.0,0.0,0.0,0.0,0.0,0.0,22.97289426621837,0.0,0.0,19.242738030993713,0.0,65.17701591143032,4.779647833504886,0.0,0.0,0.0,0.0,0.0,317.4547104442773,0.0,0.0,0.0,0.0,0.0,-7.759168560884561,0.0,0.0,0.0,0.0,0.0,0.0,0.0,0.0,0.0,0.0,0.0,0.0,0.0,0.0,0.0,0.0,0.0,0.0,-0.062073348487076484,0.0,0.0,3.1036674243538243,-447.0531382258413,0.0,0.0,0.0,0.0,173.59143506098363,0.0,0.0,0.0,-13.756777987370006,1.5518337121769121,0.0,0.0,0.0,0.062073348487076484,0.0,62.07334848707648,0.0,12.414669697415299,0.4433810606219749,211.67011834093083,-0.04655501136530736,3.10366742435383,1.2414669697415297,-0.3103667424351215,-211.67011834093083,18.622004546122948,-0.062073348487076484,7.380093794414218,67.58533030258471,0.015518337121769121,0.4433810606219749,-22.140281383242655,-9.882077079142158,-1.2414669697415297,-357.3545899705857,-0.062073348487076484,0.015518337121769121,-211.67011834093083,6.2073348487076485,0.062073348487076484,0.062073348487076484,-317.3243564124544,0.06828068333578431,0.0,-0.04655501136530736,18.622004546122948,0.062073348487076484,18.622004546122948,-31.036674243538243,-0.031036674243538242,-154.39370048098294,-85.0,-0.04655501136530736,-0.062073348487076484,0.0,0.062073348487076484,6.2073348487076485,-1.2414669697415297,252.32202686378886,252.32202686378886,-6.2073348487076485,357.3545899705857,-252.32202686378886,12.414669697415297,0.09311002273061472,-519.6032431306107,6.2073348487076485,-261.55080171271146,67.58533030258471,-12.414669697415297,0.031036674243538242,0.620733484870765,121.86479653916889,96.0,-0.062073348487076484,-331.4212138538694,317.3243564124544,19.242738030993713,0.062073348487076484,9.882077079142158,-6.902687881907184,67.58533030258471,-0.062073348487076484,-0.015518337121769121,-67.58533030258471,-0.062073348487076484,-462.67387845038724,0.06207334848709812,-0.015518337121769121,-0.015518337121769121,-0.015518337121769121,24.829339394830594,31.036674243538243,0.620733484870765,330.6200040424649,-0.015518337121769121,236.34949928392356,3.1036674243538243,21.5,0.062073348487076484,0.031036674243538242,0.031036674243538242,40.0,0.0,0.062073348487076484,0.0,0.620733484870765,0.062073348487076484,-899.8828280066708,0.06207334848707656,0.24829339394815872,0.3103667424351215,0.031036674243538242,0.015518337121769121,18.622004546122948,-0.062073348487076484,0.0,0.6207334848707649,-661.2400080849299,1.551833712176907,-6.2073348487076485,12.414669697415297,3.1036674243538243,-0.06207334848707656,22.140281383242655,0.09311002273061472,-0.062073348487076484,-80.0,0.0,326.94348629617906,0.031036674243538242,-43.0,-0.062073348487076484,-0.06207334848709812,-0.062073348487076484,0.031036674243538242,211.67011834093083,-12.414669697415297,0.062073348487076484,243.72959307833779,-0.015518337121769121,-0.06828068333578431,-243.72959307833779,9.311002273061472,85.0,429.9002658644523,211.67011834093083,-0.04655501136530736,331.4212138538694,-96.0,0.062073348487076484,-0.01551833712176912,3.1036674243538243,62.07334848707648,-0.031036674243538242,-0.062073348487076484,0.015518337121769121,0.0,0.0,167.4985838110173,569.2628239642058,-46.0,0.0,327.375428783045,-31.0,0.0,-32.0,-93.0,-65.0,-352.0736226453499,16.0,23.0,46.5,0.0,15.5,-317.4547104442773,-261.6562336354556,352.0736226453499,65.0,-261.6562336354556,-327.375428783045,164.03539090812225,0.0,1496.5981,hclb
114,0.0,0.0,0.0,0.0,0.0,0.0,0.0,0.0,-0.05286200255554681,0.0,0.0,0.0,0.0,0.0,0.0,0.0,449.88228438644296,-964.2272380063521,0.0,1000.0,0.0,0.0,0.0,27.954770244908573,0.0,0.0,0.0,0.0,0.0,-349.45247014955294,0.0,0.0,14.805954784584529,0.0,0.0,0.0,0.0,290.5654436961195,0.0,-1000.0,1000.0,0.0,0.0,1000.0,0.0,0.0,0.0,0.0,-301.30948583881445,-158.05817952256785,0.0,0.0,0.0,0.05814820281198815,0.0,0.0,0.0,0.0,0.0,0.0,-134.82272094262888,0.0,174.6277689217604,0.0,0.0,0.0,0.0,0.0,494.44118282600476,-494.44118282600476,0.0,0.5286200255554682,0.0,0.0,0.0,0.0,0.0,0.0,0.0,0.0,0.0,0.0,0.0,0.0,31.717201533328087,0.0,143.4356899106139,1000.0,0.0,488.88957773287376,-0.013215500638886704,0.0,0.0,597.3727922502192,15.858600766664043,0.0,15.858600766664043,0.0,355.09389986957007,0.0,0.0,2.6431001277773407,-1000.0,0.0,0.0,-15.025794958937,481.2898324329657,0.0,0.0,0.0,0.0,0.0,0.0,0.0,0.0,0.0,0.0,0.0,0.0,0.0,0.0,0.0,0.0,0.0,-486.0545241148225,0.0,0.0,15.858600766664043,0.0,16.38722079221951,0.0,0.0,0.0,0.0,0.0,0.0,-39.80504797913153,136.83575734233824,-136.83575734233824,0.0,0.0,0.0,0.0,0.0,0.0,147.506064107391,0.052862002555546815,0.0,0.0,0.0,-1000.0,25.33063084023523,0.0,0.0,42.002208132844636,0.0,170.9122729345208,0.0,0.0,0.0,0.0,0.0,-9.26489773309305,-9.26489773309305,0.0,0.0,0.0,0.0,-1000.0,0.0,0.0,-9.212035730537536,0.0,0.0,0.0,-139.92285725216038,-817.9732369214454,0.0,0.0,0.0,0.0,0.0,0.0,0.0,0.0,0.0,0.0,0.0,0.0,0.0,0.0,-1000.0,0.0,0.0,0.0,0.0,0.0,158.05817952256785,0.0,-162.6385163395292,162.6385163395292,39.80504797913153,0.0,0.0,0.0,0.0,0.0,0.0,650.5475298504471,1000.0,0.0,0.0,0.0,0.0,0.0,0.0,0.0,0.0,0.0,0.0,0.0,0.0,0.0,271.5161269698822,471.5243377490178,200.87967160192443,0.0,0.0,0.0,0.0,79.66093774188977,0.0,0.0,0.0,0.0,-134.82272094262888,-799.1203283980756,0.0,0.0,0.0,0.0,0.0,0.0,0.0,0.0,1.7021564822898654,10.572400511109363,0.0,0.0,510.43027377230624,673.0687901118354,536.0519978216564,0.0,-200.87967160192443,0.0,0.0,39.80504797913153,0.0,0.0,0.0,0.0,-336.5584782698472,0.0,0.0,-1000.0,0.0,0.0,-1000.0,0.0,0.0,-162.6385163395292,0.0,-825.5562685070668,158.05817952256785,0.0,28.019001408954296,0.0,0.0,0.0,572.7796067864572,0.0,-572.7796067864572,0.0,-439.6248294674903,0.0,0.0,0.0,0.0,0.0,0.0,-134.82272094262888,-0.07929300383332022,0.0,0.0,0.0,0.0,0.052862002555546815,0.0,0.0,0.0,862.9732570300248,449.88228438644296,0.0,-433.0694147799947,666.6352681498524,817.9732369214454,946.4310012777734,0.0,-429.82871231291807,0.0,-15.025794958937,0.0,0.0,0.0,-4.551418420033467,505.55881717399524,-71.1786864410438,-1000.0,844.7299029739123,0.0,0.0,0.0,0.0,0.0,0.0,0.0,0.0,0.0,0.0,0.0,0.0,0.0,0.0,0.0,0.0,0.0,1000.0,0.0,405.10484085521875,0.0,304.1182674384397,0.0,0.0,0.0,0.0,-149.20822058968088,0.0,355.09389986957007,0.0,0.0,0.0,-1000.0,0.0,0.0,-1.3215500638886704,0.0,-374.9787696775533,-956.8101706474679,0.0,0.0,0.0,-2.6431001277773407,0.0,0.0,954.1670705196906,0.0,0.0,964.7394710307999,852.9386881492501,-428.16233879972117,15.858600766664043,0.0,0.0,0.0,0.0,0.0,0.0,0.0,-271.5161269698822,271.5161269698822,271.5161269698822,97.45339444782763,0.0,0.0,0.0,0.0,0.0,650.5475298504471,0.0,0.0,-22.579110043161485,0.0,0.0,69.42759948889064,0.0,0.0,0.0,0.0,-37.71379974444532,0.10572400511114771,0.0,0.0,0.0,0.0,0.0,0.0,0.0,0.0,0.0,0.0,0.0,0.0,0.0,0.0,0.0,0.0,0.0,0.0,0.0,0.05814820281198815,0.05814820281198815,0.0,356.9437264587728,0.0,31.717201533328087,0.0,0.0,0.0,966.3562589585781,0.0,0.0,143.4356899106139,0.0,0.0,432.9507380224821,-966.3562589585781,0.0,0.0,11.642769055167959,0.0,0.0,69.42759948889064,0.0,0.0,0.0,0.0,0.0,0.0,0.0,162.01817470494083,-862.9732570300248,493.3795367267991,0.0,147.506064107391,0.0,597.3727922502192,0.0,-119.4659857210213,0.0,432.9507380224821,0.0,670.1864917638895,-274.9495534858528,0.0,0.0,271.5161269698822,0.0,0.0,0.0,0.0,0.0,0.0,0.0,0.0,0.0,0.0,0.0,0.0,0.0,31.717201533328087,39.80504797913153,39.80504797913153,0.0,0.0,0.0,0.0,0.0,0.0,0.0,0.0,0.0,0.0,0.5286200255554682,0.0,0.0,143.4356899106139,-143.4356899106139,0.0,0.0,0.0,0.0,15.858600766664043,-11.642769055167959,0.0,0.0,0.0,0.0,0.0,0.0,0.0,0.0,0.0,43.91909501668371,0.0,0.0,15.858600766664043,15.858600766664043,-458.8006141037536,-966.3562589585781,0.0,69.42759948889064,0.0,0.0,0.0,0.0,0.0,1000.0,650.5475298504471,844.7299029739123,0.052862002555546815,0.0,0.0,0.0,69.81182608925035,0.0,0.0,-597.3727922502192,0.0,0.0,0.0,0.0,0.0,0.0,0.0,0.0,0.0,0.0,0.0,0.0,0.0,0.0,0.052862002555546815,0.0,0.0,0.0,-210.48215884256302,210.48215884256302,0.0,0.0,0.0,304.1182674384397,0.0,205.8856792798892,-42.002208132844636,0.0,-594.8951591447812,-3.964650191666011,0.0,-2.6431001277773407,0.0,0.0,0.0,0.0,0.0,0.0,0.0,0.0,0.0,0.0,0.0,39.80504797913153,817.9732369214454,0.0,0.0,539.220232358856,0.0,0.0,0.0,-0.052862002555546815,0.0,0.0,0.052862002555546815,0.0,0.052862002555546815,0.0,0.0,0.0,31.717201533328087,64.49164311776711,64.49164311776711,0.0,0.0,0.0,0.0,0.0,0.0,0.0,493.3795367267991,0.0,650.5475298504471,0.0,0.0,0.0,0.0,0.0,0.0,0.0,0.0,0.0,0.0,0.0,0.0,0.0,0.0,0.0,0.0,0.0,119.4659857210213,0.0,0.0,0.0,0.07929300383332022,0.0,0.0,0.0,-15.858600766664043,0.0,0.0,0.0,0.0,0.0,-356.9437264587728,2.6431001277773407,0.0,0.0,0.0,0.0,1000.0,0.0,-2.6431001277773407,0.0,0.0,0.0,0.0,0.0,0.0,0.0,39.80504797913153,0.0,11.642769055167959,33.68575676368458,85.42759948889064,0.0,547.8071362156898,-15.025794958937,0.0,-149.20822058968088,355.09389986957007,-205.8856792798892,42.002208132844636,-64.49164311776711,0.0,2.6431001277773407,651.1108509569995,0.0,0.0,0.0,-309.4504898643893,0.0,0.0,0.0,0.0,0.0,0.0,0.0,0.0,0.0,360.9083766504388,-368.83767703377083,64.49164311776711,0.0,0.0,0.0,0.0,0.0,0.0,0.0,0.0,0.0,1.7021564822898654,0.0,0.0,0.0,-69.81182608925035,0.0,0.0,15.858600766664043,143.4356899106139,0.0,0.0,0.0,-104.31678116781426,0.0,0.0,0.05814820281198815,0.0,0.0,0.0,32.245821558883556,0.0,0.0,0.0,0.0,471.5243377490178,0.0,481.2898324329657,0.0,0.0,0.0,0.0,0.0,0.0,0.0,0.0,0.005286200255554681,0.005286200255554681,0.0,0.0,0.0,0.0,0.0,0.0,0.0,0.0,0.0,0.0,0.0,0.0,0.0,0.0,0.0,356.9437264587728,0.0,0.0,0.0,0.0,0.0,0.0,0.0,158.05817952256785,0.0,0.0,0.0,286.8713798212278,126.9146274338123,645.9841869931925,-964.2272380063521,0.0,0.0,0.0,31.717201533328087,0.0,0.0,0.0,0.0,0.0,0.0,-31.717201533328087,0.0,286.8713798212278,0.0,0.0,0.0,0.0,0.0,0.0,0.0,0.0,0.0,0.0,1000.0,-1000.0,36.21047175054957,0.0,-15.858600766664043,0.0,594.6837111345592,0.0,0.0,0.0,0.0,0.0,0.0,0.0,0.0,0.0,0.0,0.0,0.0,0.0,0.0,0.0,0.0,0.0,-6.607750319443351,39.80504797913153,-3.964650191666011,364.8730268421048,0.0,0.0,0.0,0.0,0.0,-0.6607750319443352,0.0,64.58131817600612,0.0,0.0,0.0,0.0,0.0,0.0,0.0,1000.0,15.858600766664043,15.858600766664043,0.0,0.0,0.0,0.0,0.0,0.05814820281198815,356.9437264587728,0.0,0.0,-594.6837111345592,0.0,0.0,0.0,0.0,0.0,0.0,0.0,0.0,0.0,0.0,0.0,0.0,0.0,0.0,0.0,0.0,0.0,0.0,0.0,55.505102683324154,147.506064107391,0.0,0.0,0.0,0.0,0.0,356.9437264587728,0.0,0.0,0.0,0.0,0.0,-6.607750319443351,0.0,0.0,0.0,0.0,0.0,0.0,0.0,0.0,0.0,0.0,0.0,0.0,0.0,0.0,0.0,0.0,0.0,0.0,-0.052862002555546815,0.0,0.0,2.6431001277773407,-432.9507380224821,0.0,0.0,0.0,0.0,39.80504797913153,0.0,0.0,0.0,4.551418420033467,1.3215500638886704,0.0,0.0,0.0,0.052862002555546815,0.0,52.86200255554681,-16.38722079221951,10.572400511109363,0.3775857325396201,147.4849871299756,-0.03964650191666011,2.6431001277773407,1.0572400511109363,-0.26431001277760363,-147.4849871299756,15.858600766664043,-0.052862002555546815,5.0085983196456665,69.42759948889064,0.013215500638886704,0.3775857325396201,-15.025794958936999,-151.8513207174582,-1.0572400511109363,-485.6550463800909,-0.052862002555546815,0.013215500638886704,-147.4849871299756,5.286200255554681,0.052862002555546815,0.052862002555546815,-356.83271625340524,-143.37754170780278,-22.468164611155828,-0.03964650191666011,15.858600766664043,0.052862002555546815,15.858600766664043,-26.431001277773404,-0.026431001277773408,-118.39251840549095,-85.0,-0.03964650191666011,-0.052862002555546815,-16.38722079221951,0.052862002555546815,5.286200255554681,-1.0572400511109363,119.4659857210213,119.4659857210213,-5.286200255554681,485.6550463800909,-119.4659857210213,10.572400511109363,0.07929300383332022,-1000.0,5.286200255554681,-162.01817470494083,69.42759948889064,-10.572400511109363,0.026431001277773408,0.5286200255554682,108.26735369499868,96.0,-0.052862002555546815,-368.83767703377083,356.83271625340524,16.38722079221951,0.052862002555546815,151.8513207174582,5.993196422234441,69.42759948889064,-0.052862002555546815,-0.013215500638886704,-69.42759948889064,-0.052862002555546815,-519.003632177411,0.052862002555546815,-0.013215500638886704,-0.013215500638886704,-0.013215500638886704,21.144801022218726,26.431001277773404,0.5286200255554682,253.29528381493301,-0.013215500638886704,211.52610907035168,2.6431001277773407,21.5,0.052862002555546815,0.026431001277773408,0.026431001277773408,40.0,16.38722079221951,0.052862002555546815,-16.38722079221951,0.5286200255554682,0.052862002555546815,-681.5575791581102,0.052862002555546815,0.21144801022205684,0.26431001277760363,0.026431001277773408,0.013215500638886704,15.858600766664043,-0.052862002555546815,22.468164611155828,0.5286200255554682,-506.59056762986603,1.3215500638886701,-5.286200255554681,10.572400511109363,2.6431001277773407,-0.052862002555546815,15.025794958936999,0.07929300383332022,-0.052862002555546815,-80.0,16.38722079221951,357.7578288781332,0.026431001277773408,-43.0,-0.052862002555546815,-0.052862002555546815,-0.052862002555546815,0.026431001277773408,147.4849871299756,-10.572400511109363,0.052862002555546815,216.53470738999735,-0.013215500638886704,143.37754170780278,-216.53470738999735,7.929300383332021,85.0,700.7628530798387,147.4849871299756,-0.03964650191666011,368.83767703377083,-96.0,0.052862002555546815,-0.013215500638886702,2.6431001277773407,52.86200255554681,-0.026431001277773408,-0.052862002555546815,0.013215500638886704,0.0,0.0,673.7225076053777,428.26229534317724,-46.0,0.0,505.6287047464736,-31.0,0.0,-32.0,-93.0,-65.0,-326.25106139334457,16.0,23.0,46.5,0.0,15.5,-356.9437264587728,-253.4410477103189,326.25106139334457,65.0,-253.4410477103189,-505.6287047464736,247.17465403434224,0.0,1496.5981,hclb
115,0.0,0.0,0.0,0.0,0.0,0.0,0.0,0.0,234.34933023346713,0.0,0.0,0.0,0.0,0.0,0.0,0.0,58.213844088823066,976.4858592299794,0.0,-804.6161785478064,0.0,0.0,0.0,628.7659232655603,0.0,0.0,0.0,0.0,0.0,-729.5712940524229,0.0,0.0,0.0,0.0,0.0,0.0,0.0,165.56937513131737,0.0,-1000.0,1000.0,0.0,0.0,-786.8022759238884,0.0,0.0,0.0,0.0,1000.0,-255.15589311800204,0.0,-458.1597258874882,0.0,0.040157544771015186,0.0,0.0,0.0,7.301371776515372,0.0,0.0,135.50010335256795,0.0,0.0,-280.6453188219152,0.0,0.0,0.0,0.0,416.1454221744832,0.0,0.0,0.3650685888257686,0.0,0.0,0.0,0.0,0.0,0.0,0.0,0.0,0.0,0.0,0.0,0.0,21.904115329546116,0.0,0.0,-487.2392677877377,57.67960384072351,-86.75914574097295,-0.009126714720644214,0.0,0.0,373.6333782320685,10.952057664773058,0.0,10.952057664773058,0.0,0.0,0.0,0.0,1.8253429441288431,-729.5712940524229,0.0,0.0,-19.674657055871158,0.0,0.0,0.0,0.0,0.0,0.0,0.0,0.0,0.0,0.0,0.0,0.0,0.0,0.0,0.0,0.0,0.0,0.0,-1000.0,0.0,0.0,10.952057664773058,0.0,11.317126253598826,0.0,0.0,0.0,0.0,0.0,0.0,-1000.0,0.0,0.0,583.8545778255168,0.0,0.0,0.0,0.0,0.0,2.8110281339584167,0.036506858882576855,0.0,0.0,0.0,-578.2704734302741,0.0,0.0,0.0,0.0,0.0,-120.6928862985727,0.0,0.0,0.0,0.0,0.0,-412.4654798198057,-412.4654798198057,0.0,0.0,0.0,0.0,-18.244138393201922,0.0,0.0,-412.4289729609231,0.0,0.0,0.0,5.5347092162946865,0.0,0.0,0.0,0.0,0.0,0.0,0.0,0.0,0.0,0.0,0.0,0.0,0.0,0.0,0.0,-1000.0,0.0,0.0,0.0,0.0,0.0,255.15589311800204,458.1597258874882,29.079541900249446,-29.079541900249446,0.0,0.0,0.0,0.0,0.0,0.0,0.0,0.0,330.2393664282818,0.0,0.0,0.0,0.0,0.0,0.0,0.0,0.0,0.0,0.0,0.0,0.0,0.0,142.51213612624016,549.8732169833049,-786.8022759238884,0.0,0.0,0.0,0.0,81.31280725285974,0.0,0.0,0.0,0.0,135.50010335256795,0.0,0.0,0.0,0.0,0.0,0.0,0.0,0.0,0.0,1.1755208560215162,0.0,0.0,0.0,-28.600061940474063,0.0,1000.0,0.0,786.8022759238884,0.0,0.0,416.1454221744832,135.50010335256795,0.0,0.0,0.0,-14.816477093542858,0.0,0.0,941.125843105295,0.0,0.0,941.125843105295,0.0,0.0,86.75914574097295,0.0,-769.9712355173281,255.15589311800204,0.0,20.54132902952969,0.0,0.0,0.0,0.0,0.0,0.0,0.0,-412.50198667868824,416.1454221744832,0.0,0.0,0.0,0.0,0.0,135.50010335256795,-0.054760288323865286,0.0,0.0,0.0,0.0,0.036506858882576855,0.0,0.0,0.0,906.5596142263456,58.213844088823066,0.0,-327.82154962232033,766.0045082977166,0.0,633.2425586204229,0.0,1000.0,0.0,-19.674657055871158,0.0,0.0,0.0,-3.1432405497900477,0.0,-996.85675945021,-1000.0,-1000.0,0.0,0.0,0.0,0.0,0.0,0.0,0.0,0.0,0.0,0.0,0.0,0.0,0.0,0.0,0.0,0.0,0.0,-516.3694065547463,0.0,-1000.0,0.0,317.915190878406,0.0,0.0,0.0,889.9693531250316,306.6915347518021,0.0,0.0,0.0,0.0,0.0,0.0,0.0,0.0,0.0,-416.1454221744832,0.0,508.9805904326524,0.0,947.7002739648202,0.0,-63.191429098261146,1000.0,-0.9126714720644215,-510.80593337678124,-136.9363716186832,0.0,0.0,6.631225748376835,-439.8748804481582,10.952057664773058,-187.50000000089528,187.50000000089528,0.0,0.0,0.0,234.3858370923497,0.0,-142.51213612624016,142.51213612624016,142.51213612624016,105.3732852793558,0.0,0.0,0.0,0.0,0.0,0.0,0.0,0.0,-145.1452154693473,0.0,0.0,377.70949904435025,0.0,0.0,0.0,0.0,-39.349314111742316,0.07301371776549104,0.0,0.0,0.0,0.0,0.0,0.0,0.0,0.0,0.0,0.0,0.0,0.0,0.0,0.0,0.0,0.0,0.0,0.0,0.0,0.040157544771015186,0.040157544771015186,0.0,231.2107643497248,0.0,21.904115329546116,0.0,0.0,0.0,1000.0,0.0,0.0,0.0,0.0,0.0,265.2255205751554,-1000.0,0.0,0.0,0.0,0.0,0.0,377.70949904435025,0.0,0.0,0.0,0.0,0.0,0.0,0.0,333.3333333333333,-906.5596142263456,578.2704734302741,61.366086154132304,33.94322133915483,0.0,0.0,373.6333782320685,292.32057097920875,0.0,265.2255205751554,0.0,460.12361648442936,-234.24741002101632,-562.5000000000005,562.5000000000005,142.51213612624016,0.0,0.0,0.0,0.0,0.0,0.0,0.0,0.0,0.0,0.0,0.0,0.0,0.0,21.904115329546116,416.1454221744832,416.1454221744832,0.0,0.0,0.0,0.0,0.0,0.0,0.0,0.0,0.0,0.0,0.3650685888257686,0.0,0.0,0.0,0.0,0.0,458.1597258874882,0.0,0.0,10.952057664773058,0.0,0.0,0.0,31.132193205196415,61.366086154132304,0.0,0.0,0.0,0.0,0.0,770.8007543581095,0.0,0.0,10.952057664773058,10.952057664773058,301.16637786515486,-1000.0,0.0,377.70949904435025,0.0,0.0,0.0,0.0,0.0,729.5712940524229,0.0,1000.0,0.036506858882576855,0.0,0.0,0.0,48.21252241999739,0.0,0.0,-373.6333782320685,0.0,-416.1454221744832,0.0,0.0,0.0,0.0,0.0,0.0,0.0,0.0,0.0,0.0,0.0,0.0,0.036506858882576855,0.0,0.0,0.0,0.0,0.0,0.0,0.0,0.0,317.915190878406,0.0,960.4456028461607,0.0,-653.7540680943587,-483.63059344525374,-2.738014416193265,0.0,-1.825342944128843,0.0,-468.75,-468.75,468.75,0.0,0.0,0.0,0.0,0.0,0.0,0.0,416.1454221744832,0.0,0.0,0.0,-438.04953750402933,0.0,0.0,0.0,234.34933023346713,0.0,0.0,0.036506858882576855,0.0,0.036506858882576855,0.0,0.0,0.0,21.904115329546116,44.53836783674377,44.53836783674377,0.0,0.0,0.0,0.0,0.0,0.0,0.0,578.2704734302741,0.0,0.0,0.0,0.0,0.0,0.0,0.0,0.0,0.0,0.0,0.0,0.0,0.0,0.0,0.0,0.0,0.0,0.0,0.0,81.31280725285974,0.0,0.0,0.0,0.054760288323865286,0.0,0.0,0.0,-10.952057664773058,0.0,0.0,0.0,0.0,0.0,-231.2107643497248,1.8253429441288431,0.0,0.0,0.0,0.0,18.244138393201922,0.0,-1.825342944128843,0.0,0.0,0.0,0.0,0.0,0.0,0.0,416.1454221744832,0.0,0.0,67.19744614960003,88.69862822348463,0.0,635.9691016537588,-19.674657055871158,0.0,306.6915347518021,653.7540680943587,-960.4456028461607,0.0,90.96173551582419,0.0,1.825342944128843,1000.0,0.0,0.0,0.0,-145.1452154693473,0.0,0.0,1000.0,-1000.0,0.0,-310.6780837417821,0.0,0.0,0.0,233.94877876591806,-239.4248075983046,44.53836783674377,0.0,0.0,0.0,0.0,0.0,0.0,0.0,0.0,0.0,1.1755208560215162,0.0,0.0,0.0,-48.21252241999739,0.0,0.0,10.952057664773058,0.0,0.0,0.0,0.0,-162.28702785515418,0.0,0.0,0.040157544771015186,0.0,0.0,0.0,22.269183918371883,0.0,0.0,0.0,0.0,549.8732169833049,0.0,0.0,0.0,0.0,0.0,0.0,0.0,0.0,-1000.0,0.0,0.003650685888257686,0.003650685888257686,0.0,0.0,0.0,0.0,0.0,0.0,0.0,0.0,0.0,0.0,0.0,0.0,0.0,0.0,0.0,231.2107643497248,0.0,0.0,0.0,0.0,0.0,0.0,0.0,255.15589311800204,0.0,0.0,0.0,0.0,0.0,0.0,976.4858592299794,0.0,0.0,0.0,21.90411532954613,0.0,0.0,0.0,0.0,0.0,978.0958846704539,-1000.0,0.0,0.0,0.0,0.0,0.0,0.0,0.0,0.0,0.0,0.0,0.0,0.0,-1000.0,-1000.0,25.00719833456515,0.0,-10.952057664773058,0.0,483.4845660097234,0.0,0.0,0.0,0.0,0.0,0.0,0.0,0.0,0.0,0.0,0.0,0.0,0.0,0.0,0.0,0.0,0.0,-4.563357360322108,416.1454221744832,-2.738014416193265,236.68679318211133,0.0,0.0,0.0,0.0,0.0,-1000.0,999.5436642639678,145.1452154693473,0.0,0.0,0.0,0.0,0.0,0.0,0.0,1000.0,10.952057664773058,10.952057664773058,0.0,0.0,0.0,0.0,0.0,0.040157544771015186,231.2107643497248,0.0,0.0,-483.4845660097234,0.0,0.0,0.0,0.0,0.0,0.0,0.0,0.0,0.0,0.0,0.0,0.0,0.0,0.0,0.0,0.0,0.0,0.0,0.0,38.3322018267057,0.0,0.0,2.8110281339584167,0.0,0.0,0.0,231.2107643497248,0.0,0.0,0.0,0.0,0.0,-4.563357360322108,0.0,0.0,0.0,0.0,0.0,0.0,0.0,0.0,0.0,0.0,0.0,0.0,0.0,0.0,0.0,0.0,0.0,0.0,-0.036506858882576855,0.0,0.0,1.8253429441288431,-265.2255205751554,0.0,0.0,0.0,0.0,416.1454221744832,0.0,0.0,0.0,3.1432405497900477,0.9126714720644215,0.0,0.0,0.0,0.036506858882576855,0.0,36.50685888257686,-11.317126253598826,7.301371776515372,0.26076327773269187,101.85413628238943,-0.027380144161932643,1.8253429441288418,0.7301371776515372,-0.1825342944129602,-101.85413628238943,10.952057664773058,-0.03650685888257686,6.55821901862372,377.70949904435025,0.009126714720644215,0.26076327773269187,-19.674657055871158,-5.811891934108794,-0.7301371776515372,-230.08352477099606,-0.036506858882576904,0.009126714720644215,-101.85413628238943,3.650685888257686,0.03650685888257686,0.036506858882576855,-231.13409994607122,0.040157544770834545,0.0,-0.027380144161932643,10.952057664773058,0.03650685888257686,10.952057664773058,-18.25342944128843,-0.018253429441288428,160.04220041031502,-85.0,-0.027380144161932643,-0.03650685888257686,-11.317126253598826,0.036506858882576855,3.650685888257698,-0.7301371776515372,81.31280725285974,81.31280725285974,-3.650685888257686,230.08352477099606,-81.31280725285974,7.301371776515372,0.054760288323865286,-105.47836436366606,3.650685888257686,-333.3333333333333,377.70949904435025,-7.301371776515372,0.018253429441288428,0.3650685888257686,81.95538740558008,96.0,-0.036506858882576855,-239.4248075983046,231.13409994607122,11.317126253598826,0.03650685888257686,5.811891934108794,333.90126838525816,377.70949904435025,-0.036506858882576855,-0.009126714720644215,-377.70949904435025,-0.03650685888257686,-39.349314111742316,0.03650685888257686,-0.009126714720644214,-0.009126714720644214,-0.009126714720644214,14.602743553030743,18.25342944128843,0.3650685888257686,27.047019074633315,-0.009126714720644215,157.35255579253644,1.825342944128843,21.5,0.036506858882576855,0.01825342944128843,0.01825342944128843,-15.567275676808789,11.317126253598826,0.036506858882576855,-11.317126253598826,0.3650685888257686,0.03650685888257686,-27.047019074633315,0.03650685888257686,0.1460274355303568,0.1825342944129602,0.018253429441288428,0.009126714720644215,10.952057664773058,-0.03650685888257686,0.0,0.3650685888257686,-54.09403814926663,0.9126714720644231,-3.650685888257698,7.301371776515372,1.825342944128843,-0.03650685888257686,19.674657055871158,0.054760288323865286,-0.03650685888257686,31.134551353617578,11.317126253598826,291.9592239330835,0.01825342944128843,-43.0,-0.03650685888257686,-0.03650685888257686,-0.03650685888257687,0.01825342944128843,101.85413628238943,-7.301371776515372,0.036506858882576855,163.91077481116017,-0.009126714720644214,-0.040157544770834545,-163.91077481116017,5.476028832386528,85.0,94.97586536608969,101.85413628238943,-0.027380144161932643,239.4248075983046,-96.0,0.036506858882576904,-0.009126714720644214,1.825342944128843,36.50685888257686,-0.01825342944128843,-0.03650685888257686,0.009126714720644215,0.0,0.0,105.46011093422477,0.0,-46.0,0.0,18.203096433159658,-20.48145863717629,0.0,-32.0,-93.0,-65.0,0.0,16.0,23.0,46.5,0.0,10.240729318588144,-231.2107643497248,-129.6721960779293,0.0,65.0,-129.6721960779293,-18.203096433159658,-159.6744289201781,0.0,1496.5981,hclb
116,0.0,0.0,0.0,0.0,0.0,0.0,0.0,0.0,-0.011865348441171288,0.0,0.0,0.0,0.0,0.0,0.0,0.0,-549.0815287939322,872.7127209961614,0.0,0.0,0.0,0.0,0.0,0.0,0.0,0.0,0.0,0.0,0.0,669.9521877362932,0.0,0.0,14.215272294636119,0.0,0.0,0.0,0.0,999.9525386062353,0.0,-1000.0,1000.0,0.0,0.0,0.0,0.0,0.0,9.304619581080988,0.0,774.549663408297,-452.58551661993164,0.0,0.0,0.0,0.013051883285279077,0.0,0.0,0.0,2.3730696882342577,0.0,0.0,200.47609500340712,0.0,176.0840598255283,-228.0029552394434,461.5464534168858,0.0,0.0,0.0,0.0,51.57934871414534,0.0,0.11865348441171289,0.0,0.0,0.0,0.0,0.0,0.0,0.0,0.0,0.0,0.0,0.0,0.0,7.1192090647027735,0.0,0.0,0.0,-225.45033659170304,0.0,-0.002966337110292822,0.0,0.0,0.0,3.5596045323513867,0.0,3.5596045323513867,-436.626609503081,0.0,0.0,0.0,0.5932674220585644,669.9521877362932,0.0,0.0,-16.522503504814004,0.0,0.0,0.0,0.0,0.0,0.0,0.0,0.0,0.0,0.0,0.0,0.0,0.0,0.0,0.0,0.0,0.0,0.0,-1000.0,0.0,0.0,3.5596045323513867,0.0,3.6782580167630994,0.0,0.0,-6.466333909412352,6.466333909412352,0.0,0.0,0.0,0.0,0.0,-604.5631100683788,0.0,0.0,0.0,0.0,0.0,0.9136318299701888,0.011865348441171288,0.0,0.0,0.0,0.0,0.0,0.0,0.0,0.0,0.0,-356.0178286602509,0.0,0.0,0.0,0.0,0.0,-9.292754232639817,-9.292754232639817,0.0,0.0,0.0,0.0,0.0,0.0,0.0,-9.280888884198646,0.0,0.0,0.0,-46.1102412463311,0.0,0.0,0.0,0.0,0.0,0.0,0.0,0.0,0.0,0.0,-766.9249838162777,0.0,0.0,0.0,0.0,-172.22897773823578,0.0,0.0,0.0,0.0,0.0,452.58551661993164,0.0,225.45033659170304,-225.45033659170304,0.0,0.0,0.0,0.0,0.0,0.0,0.0,0.0,247.55002976792753,0.0,0.0,0.0,0.0,0.0,0.0,0.0,0.0,0.0,0.0,0.0,0.0,0.0,116.14366420623917,-38.25386062353149,-895.420322350658,0.0,0.0,0.0,604.5631100683788,83.8015998074417,0.0,0.0,0.0,0.0,200.47609500340712,-895.420322350658,0.0,0.0,0.0,0.0,0.0,0.0,0.0,0.0,0.0,0.0,0.0,0.0,-549.0993268165939,-1000.0,1000.0,0.0,895.420322350658,0.0,0.0,604.5631100683788,-1.2102655409994716,0.0,0.0,0.0,23.5758922534435,0.0,0.0,0.0,0.0,477.0382258674622,-477.0382258674631,477.0382258674622,0.0,0.0,0.0,323.6133941795674,452.58551661993164,0.0,-50.69727765657381,0.0,0.0,0.0,-1000.0,0.0,1000.0,0.0,0.0,0.0,604.5631100683788,314.8291260705552,0.0,0.0,0.0,200.47609500340712,-0.01779802266175693,0.0,0.0,0.0,0.0,0.011865348441171288,0.0,0.0,0.0,84.8677733984427,-549.0815287939322,0.0,-44.876084042862516,199.39142909167006,0.0,592.9707148451508,0.0,170.80193696981073,0.0,-16.522503504814004,0.0,0.0,0.0,-1.0216065007848385,-169.7803304690259,0.0,-1000.0,-1000.0,0.0,0.0,0.0,0.0,0.0,0.0,0.0,0.0,0.0,0.0,0.0,0.0,0.0,0.0,0.0,0.0,0.0,0.0,0.0,-1000.0,0.0,0.0,436.24454528327516,0.0,854.3192164395895,871.7487092102435,-0.9136318299701888,0.0,0.0,0.0,0.0,0.0,665.1150572309654,0.0,0.0,0.0,-495.33472676193946,-85.58543734654222,0.0,474.3788933188986,-490.3555849949357,0.0,-105.81228879156903,0.0,-0.2966337110292822,-0.5932674220585644,1000.0,0.0,-0.5932674220585644,1000.0,-1000.0,3.5596045323513867,0.0,0.0,0.0,0.0,0.0,0.0,116.14366420623917,0.0,0.0,0.0,107.14943381657974,0.0,13.331195866348635,0.0,0.0,0.0,0.0,0.0,0.0,-203.61092006156457,0.0,-62.50000000000006,410.5888896872005,0.0,0.0,0.0,0.0,-41.813465155882874,0.023730696882350504,0.0,0.0,0.0,0.0,0.0,0.0,0.0,7.6099970190389445,0.0,51.57934871414534,0.0,0.0,0.0,0.0,0.0,0.0,0.0,0.0,0.0,0.013051883285279077,0.013051883285279077,0.0,209.7705945180049,0.0,7.1192090647027735,0.0,0.0,0.0,1000.0,0.0,0.0,0.0,0.0,0.0,128.69771189142836,-1000.0,0.0,0.0,0.0,0.0,0.0,410.5888896872005,0.0,0.0,0.0,0.0,0.0,0.0,0.0,333.3333333333333,-84.8677733984427,0.0,105.21902136951047,0.9136318299701888,0.0,0.0,0.0,-83.8015998074417,0.0,128.69771189142836,0.0,86.88424673554547,0.0,312.5000000000003,-312.5000000000003,116.14366420623917,0.0,0.0,0.0,0.0,0.0,0.0,0.0,0.0,0.0,0.0,0.0,0.0,0.0,7.1192090647027735,604.5631100683788,604.5631100683788,0.0,0.0,0.0,0.0,0.0,0.0,0.0,0.0,0.0,0.0,0.11865348441171289,0.0,0.0,0.0,0.0,0.0,0.0,0.0,0.0,3.5596045323513867,0.0,0.0,0.0,0.0,105.21902136951047,0.0,0.0,0.0,0.0,0.0,0.0,75.11593396127469,0.0,3.5596045323513867,3.5596045323513867,-186.40626801130819,-1000.0,0.0,410.5888896872005,0.0,0.0,0.0,0.0,0.0,330.04781226370676,0.0,759.2057534857095,0.011865348441171288,0.0,0.0,-343.7499999999995,359.4198876663434,0.0,7.6099970190389445,0.0,0.0,0.0,0.0,0.0,0.0,0.0,0.0,0.0,0.0,0.0,0.0,0.0,0.0,0.0,0.011865348441171288,0.0,0.0,0.0,869.8180216317799,-869.8180216317799,0.0,0.0,0.0,0.0,0.0,435.33091345330496,0.0,0.0,-1000.0,-0.8899011330878468,-0.5932674220585644,0.0,0.0,0.0,0.0,0.0,0.0,0.0,0.0,0.0,0.0,0.0,0.0,604.5631100683788,0.0,0.0,0.0,-1000.0,0.0,0.0,0.0,-0.011865348441171288,0.0,0.0,0.011865348441171288,0.0,0.011865348441171288,0.0,0.0,0.0,7.1192090647027735,14.475725098228972,14.475725098228972,0.0,0.0,0.0,0.0,0.0,0.0,0.0,0.0,0.0,0.0,0.0,0.0,0.0,0.0,0.0,0.0,0.0,0.0,0.0,0.0,0.0,0.0,0.0,0.0,0.0,0.0,0.0,83.8015998074417,0.0,0.0,0.0,0.01779802266175693,0.0,0.0,0.0,-3.5596045323513867,0.0,0.0,0.0,0.0,0.0,-209.7705945180049,0.5932674220585644,0.0,0.0,0.0,0.0,0.0,0.9136318299701888,0.0,0.0,-62.50000000000006,0.0,0.0,0.0,0.0,0.0,604.5631100683788,0.0,0.0,1000.0,93.62693031176575,0.0,62.62693031176574,-16.522503504814004,0.0,0.0,0.0,0.0,0.0,-15.685990639228443,0.0,0.5932674220585644,1000.0,0.0,151.33488462096645,0.0,-203.61092006156457,0.0,0.0,0.0,0.0,0.0,0.0,0.0,0.0,0.0,765.145181550102,0.0,14.475725098228972,0.0,0.0,0.0,0.0,0.0,0.0,0.0,0.0,0.0,0.0,0.0,0.0,212.44029791726845,-67.24923638048926,-888.7784328653723,0.0,3.5596045323513867,0.0,0.0,0.0,0.0,-357.43015095428166,0.0,0.0,0.013051883285279077,0.0,0.0,0.0,7.237862549114486,0.0,0.0,0.0,0.0,-38.25386062353149,0.0,0.0,0.0,0.0,0.0,0.0,0.0,0.0,0.0,0.0,0.0011865348441171628,0.0011865348441171628,0.0,0.0,0.0,0.0,0.0,0.0,0.0,0.0,0.0,-343.7499999999995,0.0,0.0,0.0,0.0,0.0,209.7705945180049,0.0,0.0,0.0,0.0,0.0,0.0,0.0,452.58551661993164,0.0,0.0,0.0,0.0,0.0,0.0,872.7127209961614,0.0,0.0,0.0,7.1192090647027735,0.0,0.0,0.0,0.0,0.0,0.0,-7.1192090647027735,0.0,0.0,0.0,0.0,0.0,0.0,0.0,0.0,0.0,0.0,0.0,0.0,-759.2057534857095,0.0,8.127763682202334,-3.5596045323513867,0.0,0.0,999.9525386062353,0.0,0.0,0.0,0.0,0.0,0.0,0.0,0.0,0.0,984.375,0.0,-984.375,-984.375,0.0,0.0,0.0,0.0,-1.483168555146411,604.5631100683788,-0.8899011330878468,-0.8899011330878461,0.0,0.0,0.0,0.0,0.0,-919.5239354135251,919.3756185580105,203.61092006156457,0.0,0.0,0.0,0.0,0.0,0.0,0.0,1000.0,3.5596045323513867,3.5596045323513867,0.0,0.0,0.0,0.0,0.0,0.013051883285279077,209.7705945180049,0.0,0.0,-999.9525386062353,0.0,0.0,0.0,0.0,0.0,0.0,0.0,0.0,0.0,0.0,0.0,0.0,0.0,0.0,0.0,0.0,0.0,0.0,0.0,12.458615863229854,0.9136318299701888,0.0,0.0,0.0,0.0,0.0,209.7705945180049,0.0,-1.888963471834586,0.0,0.0,0.0,-1.483168555146411,0.0,0.0,0.0,0.0,0.0,0.0,0.0,0.0,0.0,0.0,0.0,0.0,0.0,0.0,0.0,0.0,0.0,0.0,-0.011865348441171288,0.0,0.0,0.5932674220585644,-128.69771189142836,0.0,0.0,0.0,0.0,604.5631100683788,0.0,0.0,0.0,1.0216065007848385,0.2966337110292822,0.0,0.0,0.0,0.011865348441171288,0.0,11.865348441171289,-3.6782580167630994,2.3730696882342577,0.0847524888655092,33.104322150867894,-0.008899011330878465,0.5932674220585596,0.23730696882342578,-0.05932674220582612,-33.104322150867894,3.5596045323513867,-0.011865348441171288,5.507501168271335,410.5888896872005,0.002966337110292822,0.0847524888655092,-16.522503504814004,-1.888963471834586,-0.23730696882342578,-323.63119220222916,-0.011865348441171288,0.002966337110292822,-33.104322150867894,1.1865348441171288,0.011865348441171288,0.011865348441171288,-209.74567728627846,0.013051883285288451,-22.98373044089095,-0.008899011330878465,3.5596045323513867,0.011865348441171288,3.5596045323513867,-5.932674220585644,-0.005932674220585644,412.0465661107699,-85.0,-0.008899011330878467,-0.011865348441171292,-3.6782580167630994,0.011865348441171288,1.1865348441171288,-0.23730696882342578,83.8015998074417,83.8015998074417,-1.1865348441171288,323.63119220222916,-83.8015998074417,2.3730696882342577,0.017798022661756934,-784.4918775028282,1.1865348441171288,-333.3333333333333,410.5888896872005,-2.3730696882342577,0.005932674220585644,0.11865348441171289,11.219021010715629,96.0,-0.011865348441171288,-212.44029791726845,209.74567728627846,3.6782580167630994,0.011865348441171288,1.888963471834586,396.35047155779506,410.5888896872005,-0.011865348441171288,-0.002966337110292822,-410.5888896872005,-0.011865348441171288,-41.813465155882874,0.011865348442086088,-0.002966337110292822,-0.002966337110292822,-0.002966337110292822,4.746139376468515,5.932674220585644,0.11865348441171289,8.790740026353063,-0.002966337110292822,16.930540853159922,0.5932674220585644,21.5,0.011865348441171288,0.005932674220585644,0.005932674220585644,-95.80057534647202,3.678258016763099,0.011865348441171288,-3.6782580167630994,0.11865348441171289,0.011865348441171288,-8.790740026353063,0.011865348441171288,0.04746139376470637,0.05932674220582612,0.005932674220585644,0.002966337110292822,3.5596045323513867,-0.011865348441171288,22.98373044089095,0.11865348441171289,-17.581480052706127,0.29663371102928715,-1.1865348441171288,2.3730696882342577,0.5932674220585644,-0.011865348441171288,16.522503504814004,0.017798022661756934,-0.011865348441171288,191.60115069294403,3.678258016763099,509.1975912832156,0.005932674220585644,-43.0,-0.011865348441171288,-0.011865348442086088,-0.011865348441171288,0.005932674220585646,33.104322150867894,-2.3730696882342577,0.011865348441171288,22.438042021431258,-0.002966337110292822,-0.013051883285288451,-22.438042021431258,1.7798022661756934,85.0,612.6341623992669,33.104322150867894,-0.008899011330878467,212.44029791726845,-96.0,0.011865348441171288,-0.0029663371102928216,0.5932674220585644,11.865348441171289,-0.005932674220585644,-0.011865348441171288,0.002966337110292822,0.0,0.0,784.4859448286076,0.0,-46.0,0.0,205.73669898529874,-31.0,0.0,-32.0,-93.0,-65.0,0.0,16.0,23.0,46.5,0.0,15.5,-209.7705945180049,-151.76744032893396,0.0,65.0,-151.76744032893396,-205.73669898529874,-95.90015370830672,0.0,1496.5981,hclb
117,0.0,0.0,0.0,0.0,0.0,0.0,0.0,0.0,655.447417595919,0.0,0.0,0.0,0.0,0.0,0.0,0.0,-553.6205555354392,300.0327623946582,0.0,0.0,0.0,0.0,0.0,458.05381452278596,0.0,0.0,0.0,0.0,0.0,886.0574761688486,0.0,0.0,17.83557320481047,0.0,0.0,0.0,0.0,437.27746700547084,0.0,-1000.0,1000.0,0.0,-630.2347909252985,-962.6717115587079,0.0,0.0,0.0,0.0,0.0,-311.36284673874957,0.0,0.0,0.0,0.06047634164494632,0.0,0.0,0.0,10.995698480930786,0.0,0.0,-4.841772564437016,0.0,4.841772564437016,0.0,0.0,0.0,0.0,0.0,0.0,792.0255674953322,0.0,0.5497849240465393,0.0,0.0,0.0,0.0,0.0,0.0,0.0,0.0,0.0,0.0,0.0,0.0,32.98709544279236,0.0,0.0,141.26670234851915,471.4687308791594,553.7030232740461,-0.013744623101163481,0.0,0.0,-780.1869384933235,16.49354772139618,0.0,16.49354772139618,-1.7703074554308387,0.0,0.0,0.0,34.01974656712365,645.0959482213883,0.0,0.0,-11.949402113046853,423.80955305220584,0.0,0.0,0.0,0.0,0.0,0.0,0.0,0.0,0.0,0.0,0.0,0.0,0.0,0.0,0.0,0.0,0.0,-405.44472848027,0.0,0.0,16.49354772139618,0.0,17.043332645442717,0.0,0.0,546.7812500000001,-546.7812500000001,0.0,0.0,187.50000000000017,202.54814129367577,-202.54814129367577,-187.50000000000017,0.0,0.0,0.0,0.0,0.0,4.233343915158352,0.054978492404653925,0.0,0.0,0.0,-673.2366466098908,0.0,0.0,0.0,0.0,0.0,218.3677671691236,0.0,0.0,0.0,0.0,0.0,500.8629290024076,500.8629290024076,0.0,0.0,0.0,0.0,0.0,0.0,0.0,500.91790749481225,0.0,0.0,0.0,662.8576601309252,0.0,0.0,0.0,0.0,0.0,0.0,0.0,0.0,0.0,0.0,0.0,0.0,0.0,0.0,0.0,-949.8748270312177,0.0,0.0,0.0,0.0,0.0,311.36284673874957,630.2347909252985,-158.76606004613905,158.76606004613905,0.0,0.0,0.0,0.0,0.0,0.0,0.0,240.96152794746024,-703.4409164738275,0.0,0.0,0.0,0.0,0.0,0.0,0.0,0.0,0.0,0.0,0.0,0.0,0.0,163.41340237596793,259.85741025779794,-962.6717115587079,0.0,0.0,0.0,0.0,79.44717226712994,0.0,0.0,0.0,0.0,-4.841772564437016,0.0,0.0,0.0,0.0,0.0,0.0,0.0,0.0,0.0,0.0,0.0,0.0,0.0,0.0,0.0,612.7354332276786,0.0,962.6717115587079,0.0,0.0,0.0,0.0,0.0,0.0,0.0,29.659743669461932,0.0,0.0,-1000.0,0.0,-437.50000000029877,-999.9999999999995,0.0,-437.50000000029877,312.7026708330203,0.0,0.0,311.36284673874957,0.0,73.94282154185453,0.0,0.0,0.0,-61.17259768387538,0.0,61.17259768387538,0.0,500.80795051000297,0.0,0.0,568.0533452257852,0.0,0.0,0.0,-4.841772564437016,-0.0824677386069809,0.0,0.0,0.0,0.0,0.054978492404653925,0.0,0.0,0.0,853.9341070426915,-553.6205555354392,0.0,-434.1671236314866,-37.25332598466315,0.0,947.489246202327,0.0,0.0,0.0,-11.949402113046853,0.0,0.0,0.0,861.9553227937516,0.0,-861.9553227937516,-158.59226464272388,-1000.0,0.0,0.0,0.0,0.0,0.0,0.0,0.0,0.0,0.0,0.0,0.0,0.0,0.0,0.0,0.0,0.0,0.0,0.0,0.0,-1000.0,0.0,562.50261902491,0.0,0.0,0.0,0.0,440.902382271351,0.0,0.0,0.0,0.0,31.27082194689095,0.0,-62.50000000000006,383.8897047474615,0.0,0.0,0.0,620.9346107914106,0.0,-78.76218821890704,62.50000000000006,-546.0001948508536,0.0,-1.3744623101163482,-623.6835354116433,-1000.0,0.0,0.0,255.99176373357903,997.2510753797673,16.49354772139618,0.0,0.0,0.0,455.587747720198,0.0,655.5023960883236,0.0,-163.41340237596793,163.41340237596793,163.41340237596793,-361.63404408808196,0.0,0.0,0.0,0.0,0.0,240.96152794746024,0.0,0.0,-9.683545128874032,0.0,0.0,69.00430151906922,0.0,0.0,0.0,0.0,-6.063231021283286,0.10995698480924691,0.0,0.0,0.0,0.0,0.0,0.0,0.0,0.0,0.0,792.0255674953322,0.0,0.0,0.0,0.0,0.0,0.0,0.0,0.0,0.0,0.06047634164494632,0.06047634164494632,0.0,248.41770389503714,0.0,32.98709544279236,0.0,0.0,0.0,1000.0,0.0,423.86968093713585,0.0,0.0,0.0,-143.12783856432395,-1000.0,0.0,0.0,0.0,0.0,0.0,69.00430151906922,0.0,0.0,0.0,0.0,0.0,0.0,0.0,135.14824282675667,-853.9341070426915,249.42709355768503,143.726154509714,115.81201487196333,0.0,-259.32334654882675,-520.8635919444968,-600.3107642116267,0.0,-143.12783856432395,0.0,0.0,-149.19106958560724,187.50000000000017,-187.50000000000017,163.41340237596793,0.0,0.0,0.0,0.0,0.0,0.0,0.0,0.0,0.0,0.0,0.0,0.0,0.0,32.98709544279236,0.0,0.0,0.0,0.0,0.0,0.0,0.0,0.0,0.0,0.0,0.0,0.0,0.5497849240465393,0.0,0.0,0.0,0.0,0.0,630.2347909252985,0.0,0.0,16.49354772139618,0.0,0.0,0.0,111.57867095680497,143.726154509714,0.0,0.0,0.0,0.0,0.0,463.6616207480606,0.0,0.0,16.49354772139618,16.49354772139618,1000.0,-1000.0,0.0,69.00430151906922,0.0,0.0,0.0,0.0,0.0,-158.40608294693442,240.96152794746024,-116.97727667004881,0.054978492404653925,0.0,0.0,-281.2499999999996,353.85695329068864,0.0,0.0,780.1869384933235,0.0,0.0,0.0,0.0,0.0,0.0,0.0,0.0,0.0,0.0,0.0,0.0,0.0,0.0,0.054978492404653925,0.0,0.0,0.0,0.0,0.0,0.0,0.0,0.0,562.50261902491,0.0,440.902382271351,0.0,0.0,-1000.0,-4.123386930349045,0.0,-2.7489246202326965,0.0,0.0,0.0,0.0,0.0,0.0,0.0,0.0,0.0,0.0,0.0,0.0,0.0,0.0,0.0,1000.0,0.0,0.0,0.0,655.447417595919,0.0,0.0,0.054978492404653925,0.0,0.054978492404653925,0.0,0.0,0.0,32.98709544279236,67.07376073367779,67.07376073367779,0.0,0.0,0.0,0.0,0.0,0.0,0.0,249.42709355768503,0.0,240.96152794746024,0.0,0.0,0.0,866.6889709897922,0.0,0.0,0.0,0.0,0.0,0.0,0.0,0.0,0.0,0.0,0.0,0.0,0.0,79.44717226712994,0.0,0.0,0.0,0.0824677386069809,0.0,0.0,0.0,-16.49354772139618,0.0,0.0,0.0,0.0,0.0,-248.41770389503714,2.7489246202326965,0.0,0.0,0.0,0.0,0.0,-1.7703074554308387,-2.7489246202326965,0.0,0.0,0.0,0.0,0.0,0.0,0.0,0.0,0.0,0.0,1000.0,85.00430151906922,0.0,303.4313950767542,-11.949402113046853,0.0,439.13207481592013,0.0,-439.13207481592013,0.0,-67.07376073367779,0.0,2.7489246202326965,1000.0,0.0,0.0,0.0,-9.683545128874032,0.0,0.0,49.471515671004745,-49.471515671004745,0.0,-445.1357261865093,0.0,0.0,0.0,-8.24677386069795,0.0,67.07376073367779,0.0,0.0,0.0,0.0,0.0,0.0,0.0,0.0,0.0,0.0,0.0,0.0,260.7878646860842,-864.6325207860212,0.0,-630.2347909252985,16.49354772139618,0.0,0.0,0.0,0.0,-31.483677455844543,0.0,0.0,0.06047634164494632,0.0,0.0,0.0,33.53688036683889,0.0,0.0,0.0,0.0,259.85741025779794,0.0,423.80955305220584,0.0,0.0,0.0,0.0,0.0,0.0,0.0,0.0,0.005497849240465393,0.005497849240465393,0.0,0.0,0.0,0.0,0.0,0.0,0.0,0.0,0.0,-281.2499999999996,0.0,0.0,0.0,0.0,0.0,248.41770389503714,0.0,0.0,0.0,0.0,0.0,0.0,0.0,311.36284673874957,0.0,0.0,0.0,0.0,0.0,-477.0063201455799,300.0327623946582,0.0,0.0,0.0,32.98709544279236,0.0,0.0,0.0,0.0,0.0,0.0,-32.98709544279236,0.0,0.0,0.0,0.0,0.0,0.0,0.0,0.0,0.0,0.0,0.0,0.0,-69.54088537182872,328.09760063173,904.3492382869802,0.0,-16.49354772139618,0.0,999.7800860303809,0.0,0.0,0.0,0.0,0.0,0.0,0.0,0.0,0.0,0.0,0.0,0.0,0.0,0.0,0.0,0.0,0.0,-6.872311550581742,0.0,-35.39420887724,862.5655840594432,0.0,0.0,0.0,0.0,0.0,-0.6872311550581742,0.0,9.683545128874032,0.0,0.0,0.0,0.0,0.0,0.0,0.0,813.4818379581225,16.49354772139618,16.49354772139618,0.0,0.0,0.0,0.0,0.0,0.06047634164494632,248.41770389503714,0.0,0.0,-999.7800860303809,0.0,0.0,0.0,0.0,0.0,0.0,0.0,0.0,0.0,0.0,0.0,0.0,0.0,0.0,0.0,0.0,0.0,0.0,0.0,57.72741702488663,4.233343915158352,0.0,0.0,0.0,0.0,0.0,248.41770389503714,0.0,0.0,0.0,0.0,0.0,-6.872311550581742,0.0,0.0,0.0,0.0,0.0,0.0,0.0,0.0,0.0,0.0,0.0,0.0,0.0,0.0,0.0,0.0,0.0,0.0,-0.054978492404653925,0.0,0.0,2.7489246202326965,143.12783856432395,0.0,0.0,0.0,0.0,0.0,0.0,0.0,0.0,-861.9553227937516,1.3744623101163482,0.0,0.0,0.0,0.054978492404653925,0.0,54.97849240465393,-17.043332645442717,10.995698480930786,0.39270351717609947,153.38999380898446,-0.04123386930349045,18.384335593678223,1.0995698480930787,-0.27489246202379625,-153.38999380898446,16.49354772139618,-0.05497849240465393,3.983134037682284,69.00430151906922,0.013744623101163483,0.39270351717609947,-11.949402113046853,-8.752575990821878,-1.0995698480930787,253.58779314078095,-0.05497849240465393,0.013744623101163483,-153.38999380898446,5.497849240465393,0.05497849240465393,0.054978492404653925,-248.30224906098755,0.06047634164511932,0.0,-0.04123386930349045,16.49354772139618,0.05497849240465393,16.49354772139618,-27.489246202326967,-0.027489246202326966,-194.46896294302988,-85.0,-0.04123386930349045,-0.05497849240465393,-17.043332645442717,0.054978492404653925,5.497849240465393,-1.0995698480930787,79.44717226712994,79.44717226712994,-5.497849240465393,-253.58779314078095,-79.44717226712994,10.995698480930786,0.0824677386069809,-1000.0,5.497849240465393,-135.14824282675667,69.00430151906922,-10.995698480930786,0.027489246202326963,0.5497849240465393,108.54178090787165,96.0,-0.054978492404653925,-260.7878646860842,248.30224906098755,17.043332645442717,0.05497849240465393,8.752575990821878,3.0301106334845604,69.00430151906922,-0.054978492404653925,-0.013744623101163481,-69.00430151906922,-0.05497849240465393,-429.87278407348913,0.054978492404199185,-0.013744623101163481,-0.013744623101163481,-0.013744623101163481,21.99139696186157,27.489246202326967,0.5497849240465393,40.73219056029952,-0.013744623101163481,213.10042777806103,2.7489246202326965,5.780540130874339,0.054978492404653925,0.027489246202326963,0.027489246202326966,40.0,17.043332645442717,0.054978492404653925,-17.043332645442717,0.5497849240465393,0.05497849240465393,-40.73219056029952,0.05497849240465393,0.21991396961913517,0.27489246202379625,0.027489246202326966,0.013744623101163483,16.49354772139618,-0.05497849240465393,0.0,0.5497849240465393,-81.46438112059904,17.009873283561774,-5.497849240465393,10.995698480930786,2.7489246202326965,-0.05497849240465393,11.949402113046853,0.0824677386069809,-0.05497849240465393,-80.0,17.043332645442717,310.95249203482314,0.027489246202326966,-11.561080261748678,-0.05497849240465393,-0.054978492404199185,-0.05497849240465393,0.027489246202326966,153.38999380898446,-10.995698480930786,0.054978492404653925,217.0835618157433,-0.013744623101163481,-0.06047634164511932,-217.0835618157433,8.246773860698088,85.0,607.6195183886183,153.38999380898446,-0.04123386930349045,260.7878646860842,-96.0,0.05497849240465393,-0.013744623101163481,2.7489246202326965,54.97849240465393,-0.027489246202326963,-0.05497849240465393,0.013744623101163481,0.0,0.0,133.56681664673124,0.0,-46.0,0.0,244.15633887442232,-31.0,0.0,-32.0,-93.0,-65.0,-866.4056941070664,16.0,23.0,46.5,0.0,15.5,-248.41770389503714,-279.4688145789786,866.4056941070664,65.0,-279.4688145789786,-244.15633887442232,117.81418950023618,0.0,1496.5981,hclb
118,0.0,0.0,0.0,0.0,0.0,0.0,0.0,0.0,-0.05234095120278412,0.0,0.0,0.0,0.0,0.0,0.0,0.0,874.1697117865049,200.7034617588585,0.0,-1000.0,0.0,0.0,0.0,488.9249878171235,0.0,0.0,0.0,0.0,0.0,-562.7057434645762,0.0,0.0,445.8223454076599,0.0,0.0,0.0,0.0,999.7906361951875,0.0,-1000.0,1000.0,0.0,0.0,0.0,0.0,0.0,0.0,0.0,-34.28013603600539,-747.4216341941468,0.0,0.0,0.0,0.0575750463231143,0.0,0.0,0.0,10.468190240556824,0.0,0.0,-119.91765713511498,0.0,0.0,-119.91765713511498,0.0,0.0,0.0,0.0,674.2517274372898,0.0,0.0,0.5234095120278413,0.0,0.0,0.0,0.0,0.0,0.0,0.0,0.0,0.0,0.0,-118.3024852367294,0.0,31.404570721670478,0.0,115.30816403252227,-698.4243119484092,-141.38675237528616,0.0,-0.01308523780069603,0.0,0.0,0.0,15.702285360835239,0.0,15.702285360835239,-1.6853786287308878,0.0,0.0,0.0,2.617047560139206,-562.7057434645762,0.0,0.0,0.0,0.0,0.0,0.0,0.0,0.0,0.0,0.0,0.0,0.0,0.0,0.0,0.0,0.0,0.0,0.0,0.0,0.0,0.0,-430.0836448688351,0.0,0.0,15.702285360835239,0.0,16.22569487286308,0.0,0.0,-1000.0,0.0,1000.0,-1000.0,562.5000000000005,0.0,0.0,-562.5000000000005,0.0,0.0,0.0,0.0,0.0,237.64090251186605,0.05234095120278412,0.0,0.0,0.0,448.8256170922682,-980.0471375719345,0.0,0.0,118.3024852367294,0.0,117.459189184526,0.0,0.0,0.0,0.0,0.0,390.63650347470985,390.63650347470985,0.0,0.0,0.0,-812.375,-87.32386155014478,0.0,0.0,390.68884442591263,0.0,0.0,0.0,681.5507977026797,0.0,0.0,0.0,0.0,0.0,0.0,0.0,0.0,0.0,0.0,-238.3454668238494,0.0,0.0,0.0,0.0,-1000.0,0.0,0.0,0.0,0.0,0.0,747.4216341941468,0.0,732.7044479844146,-732.7044479844146,0.0,0.0,0.0,0.0,0.0,0.0,0.0,0.0,-420.7892886612385,0.0,0.0,0.0,0.0,0.0,0.0,0.0,0.0,0.0,0.0,0.0,0.0,0.0,266.81255398034847,542.305339533646,-277.18383228592324,0.0,0.0,0.0,0.0,79.71356392851881,0.0,0.0,0.0,0.0,-119.91765713511498,-277.18383228592324,0.0,0.0,0.0,0.0,0.0,0.0,0.0,0.0,0.0,0.0,0.0,0.0,874.0912003597008,0.0,0.0,0.0,277.18383228592324,0.0,0.0,0.0,505.7362351601925,0.0,0.0,0.0,310.7816395487579,0.0,0.0,0.0,0.0,687.2207959443936,-1000.0,999.9999999999999,-312.77920405560633,591.3176956091285,0.0,666.1123577276878,747.4216341941468,0.0,66.31768992724892,0.0,0.0,0.0,0.0,0.0,0.0,0.0,44.65967042594024,0.0,0.0,947.7889008187742,-812.375,0.0,0.0,-119.91765713511498,-0.07851142680417618,0.0,0.0,0.0,0.0,0.05234095120278412,0.0,0.0,0.0,904.584150710646,874.1697117865049,0.0,-526.3715899716448,273.78552837755154,0.0,946.170475601392,0.0,0.0,0.0,0.0,0.0,0.0,0.0,-4.506555898559764,4.506555898559764,0.0,-1000.0,-1000.0,0.0,0.0,0.0,0.0,0.0,0.0,0.0,0.0,0.0,0.0,0.0,0.0,0.0,0.0,0.0,0.0,0.0,0.0,0.0,-1000.0,118.3024852367294,0.0,0.0,0.0,0.0,0.0,649.5880187214534,0.0,0.0,0.0,0.0,0.0,321.24171666415043,0.0,808.6436541246311,0.0,-1000.0,-265.31733017970157,0.0,664.815383113443,-735.2924739079918,0.0,-811.2607016847703,150.3708899115361,-1.308523780069603,-2.617047560139206,0.0,0.0,1000.0,0.0,-359.76989084451986,15.702285360835239,0.0,0.0,0.0,0.0,0.0,0.0,0.0,-266.81255398034847,266.81255398034847,266.81255398034847,-333.44727066979834,0.0,0.0,0.0,0.0,0.0,0.0,0.0,0.0,-9.218986205185416,0.0,62.50000000000006,69.53180975944318,0.0,0.0,0.0,0.0,-4.618466306855611,0.10468190240551022,0.0,0.0,0.0,0.0,0.0,0.0,0.0,0.0,0.0,674.2517274372898,0.0,0.0,0.0,0.0,0.0,0.0,0.0,0.0,0.0,0.0575750463231143,0.0575750463231143,0.0,352.3443637397916,0.0,31.404570721670478,0.0,0.0,0.0,1000.0,0.0,69.11336300581236,115.30816403252227,0.0,0.0,-19.368183810612166,-1000.0,0.0,0.0,960.2094066723974,0.0,0.0,69.53180975944318,0.0,0.0,0.0,0.0,0.0,0.0,0.0,143.36121495627836,-904.584150710646,531.2215204796663,0.0,119.33841727513665,0.0,0.0,0.0,-79.71356392851881,0.0,-19.368183810612166,0.0,-23.986650117467775,0.0,0.0,0.0,266.81255398034847,0.0,0.0,0.0,0.0,0.0,0.0,0.0,0.0,0.0,0.0,0.0,0.0,0.0,31.404570721670478,0.0,0.0,0.0,0.0,0.0,0.0,0.0,0.0,0.0,0.0,0.0,0.0,0.5234095120278413,0.0,0.0,115.30816403252227,-115.30816403252227,0.0,0.0,0.0,0.0,15.702285360835239,-960.2094066723974,0.0,0.0,0.0,0.0,0.0,0.0,0.0,0.0,0.0,1000.0,114.04850816038329,0.0,15.702285360835239,15.702285360835239,1000.0,-1000.0,0.0,69.53180975944318,0.0,0.0,0.0,0.0,0.0,562.7057434645762,0.0,1000.0,0.05234095120278412,0.0,0.0,0.0,69.1237033420197,415.9790804292415,0.0,0.0,0.0,0.0,0.0,0.0,0.0,0.0,0.0,0.0,0.0,0.0,0.0,0.0,0.0,0.0,0.05234095120278412,0.0,0.0,0.0,522.6660793165396,-522.6660793165396,0.0,0.0,0.0,0.0,0.0,649.5880187214534,0.0,0.0,-1000.0,-3.9255713402088097,-2.617047560139206,0.0,0.0,906.25,906.25,-906.25,0.0,0.0,0.0,0.0,0.0,0.0,0.0,0.0,0.0,0.0,0.0,642.8471567156193,0.0,0.0,0.0,-0.05234095120278412,0.0,0.0,0.05234095120278412,0.0,0.05234095120278412,0.0,0.0,0.0,31.404570721670478,63.855960467396635,63.855960467396635,0.0,0.0,0.0,0.0,0.0,0.0,0.0,531.2215204796663,0.0,0.0,0.0,0.0,0.0,0.0,0.0,0.0,0.0,0.0,0.0,0.0,0.0,0.0,0.0,0.0,0.0,0.0,0.0,79.71356392851881,0.0,0.0,0.0,0.07851142680417618,0.0,0.0,0.0,-15.702285360835239,0.0,0.0,0.0,0.0,0.0,-352.3443637397916,2.617047560139206,0.0,0.0,0.0,812.375,87.32386155014478,-4.302426188870093,0.0,0.0,62.50000000000006,0.0,0.0,0.0,0.0,0.0,0.0,0.0,960.2094066723974,103.86675399130768,85.53180975944318,0.0,585.7533302391095,415.9790804292415,0.0,645.2855925325833,0.0,-645.2855925325833,118.3024852367294,441.88027469279604,0.0,2.617047560139206,681.2634950227367,0.0,0.0,0.0,-239.83531427022996,0.0,0.0,360.85360007939903,-360.85360007939903,0.0,-887.2289212333194,0.0,0.0,0.0,234.41989548364052,-3.925571340208762,63.855960467396635,0.0,0.0,0.0,0.0,0.0,0.0,0.0,0.0,0.0,0.0,0.0,0.0,360.19550642020926,-743.3754307793095,-1000.0,0.0,15.702285360835239,115.30816403252227,0.0,0.0,0.0,22.199715455060065,0.0,0.0,0.0575750463231143,0.0,0.0,0.0,31.927980233698317,0.0,0.0,0.0,0.0,542.305339533646,0.0,0.0,0.0,0.0,0.0,0.0,0.0,0.0,0.0,0.0,0.005234095120278562,0.005234095120278562,0.0,0.0,0.0,0.0,0.0,0.0,0.0,0.0,0.0,0.0,0.0,0.0,0.0,0.0,0.0,352.3443637397916,0.0,0.0,0.0,0.0,0.0,0.0,0.0,747.4216341941468,0.0,0.0,0.0,230.61632806504454,1000.0,380.17164526469134,200.7034617588585,0.0,0.0,0.0,31.40457072167044,0.0,0.0,0.0,0.0,0.0,646.7664595873258,-678.1710303089963,0.0,230.61632806504454,0.0,0.0,0.0,0.0,0.0,0.0,0.0,0.0,0.0,0.0,-1000.0,-1000.0,35.85355157390713,-808.6238019590703,792.921516598235,0.0,999.7906361951875,0.0,0.0,0.0,0.0,0.0,0.0,0.0,0.0,0.0,0.0,0.0,0.0,0.0,0.0,0.0,0.0,0.0,-6.542618900348016,0.0,-3.9255713402088097,0.0,0.0,0.0,0.0,0.0,0.0,0.0,-0.6542618900348016,127.52147144191481,0.0,0.0,0.0,0.0,0.0,0.0,0.0,1000.0,15.702285360835239,15.702285360835239,0.0,0.0,0.0,0.0,0.0,0.0575750463231143,352.3443637397916,0.0,0.0,-999.7906361951875,0.0,0.0,0.0,0.0,0.0,0.0,0.0,0.0,0.0,0.0,0.0,0.0,0.0,0.0,0.0,0.0,0.0,0.0,0.0,54.95799876292334,119.33841727513665,0.0,0.0,0.0,0.0,0.0,352.3443637397916,0.0,0.0,0.0,0.0,0.0,-6.542618900348016,0.0,0.0,0.0,0.0,0.0,0.0,0.0,0.0,0.0,0.0,0.0,0.0,0.0,0.0,0.0,0.0,0.0,0.0,-0.05234095120278412,0.0,0.0,2.617047560139206,19.368183810612166,0.0,0.0,0.0,0.0,0.0,0.0,0.0,0.0,4.506555898559764,1.308523780069603,0.0,0.0,0.0,0.05234095120278412,0.0,52.34095120278412,-16.22569487286308,10.468190240556824,0.37386393716274374,146.03125385576772,-0.03925571340208809,2.617047560139206,1.0468190240556825,-0.2617047560152672,-146.03125385576772,15.702285360835237,-0.05234095120278412,0.0,69.53180975944318,0.01308523780069603,0.37386393716274374,0.0,-123.64084346400671,-1.0468190240556825,-74.87317354536344,-0.05234095120278408,0.01308523780069603,-146.03125385576772,5.234095120278412,0.05234095120278412,0.05234095120278412,-352.23444774226573,-115.25058898619922,-34.46173128527403,-0.03925571340208809,15.702285360835239,0.05234095120278412,15.702285360835239,-26.170475601392063,-0.02617047560139206,-82.99745789925197,-85.0,-0.03925571340208809,-0.05234095120278412,-16.22569487286308,0.05234095120278412,5.234095120278412,-1.0468190240556825,79.71356392851881,79.71356392851881,-5.234095120278412,74.87317354536344,-79.71356392851881,10.468190240556824,0.07851142680417618,-935.2520227749669,5.234095120278412,-143.36121495627836,69.53180975944318,-10.468190240556824,0.02617047560139206,0.5234095120278413,131.5928974929112,96.0,-0.05234095120278412,-364.121077760418,352.23444774226573,16.22569487286308,0.05234095120278412,123.64084346400671,6.72266831610166,69.53180975944318,-0.05234095120278412,-0.01308523780069603,-69.53180975944318,-0.05234095120278412,-4.618466306855611,0.052340951202897806,-0.01308523780069603,-0.01308523780069603,-0.01308523780069603,20.93638048111365,26.170475601392063,0.5234095120278413,38.77810222236462,-0.01308523780069603,263.1857949858224,2.617047560139206,4.926280713567012,0.05234095120278412,0.02617047560139206,0.02617047560139206,40.0,16.22569487286308,0.05234095120278412,-16.22569487286308,0.5234095120278413,0.05234095120278412,-38.77810222236462,0.05234095120278412,0.20936380481248307,0.2617047560152672,0.02617047560139206,0.01308523780069603,15.702285360835239,-0.05234095120278412,34.46173128527403,0.5234095120278413,-77.55620444472925,1.308523780069603,-5.234095120278412,10.468190240556824,2.617047560139206,-0.05234095120278412,0.0,0.07851142680417618,-0.05234095120278412,-80.0,16.22569487286308,133.37533011559995,0.02617047560139206,-9.852561427134024,-0.05234095120278412,-0.052340951202897806,-0.05234095120278412,0.02617047560139206,146.03125385576772,-10.468190240556824,0.05234095120278412,263.1857949858224,-0.01308523780069603,115.25058898619922,-263.1857949858224,7.851142680417618,85.0,538.7383157088863,146.03125385576772,-0.03925571340208809,364.121077760418,-96.0,0.05234095120278408,-0.01308523780069603,2.617047560139206,52.34095120278412,-0.02617047560139206,-0.05234095120278412,0.01308523780069603,0.0,0.0,343.90815669023704,0.0,-46.0,0.0,367.6449169794279,-31.0,0.0,-32.0,-93.0,-65.0,-591.3176956091285,16.0,23.0,46.5,0.0,15.5,-352.3443637397916,-155.57504557066002,591.3176956091285,65.0,-155.57504557066002,-367.6449169794279,177.8440767715239,0.0,1496.5981,hclb
119,0.0,0.0,0.0,0.0,0.0,0.0,0.0,0.0,-0.0381787198726885,0.0,0.0,0.0,0.0,0.0,0.0,0.0,-663.9858140741715,647.0053887302325,0.0,413.0145782464655,0.0,0.0,0.0,0.0,0.0,0.0,0.0,0.0,0.0,-713.0010359986168,0.0,0.0,30.156250290813478,0.0,0.0,0.0,0.0,999.8472851205088,0.0,-1000.0,376.5989388121651,0.0,0.0,0.0,0.0,0.0,12.4190584342997,0.0,1000.0,0.0,0.0,-1000.0,0.0,0.04199659186006293,0.0,0.0,0.0,7.6357439745377,0.0,0.0,-313.3008789991864,0.0,-119.46549186666573,-432.76637086585214,526.217236732219,0.0,0.0,0.0,0.0,0.0,0.0,0.38178719872688505,0.0,0.0,0.0,0.0,0.0,0.0,0.0,0.0,0.0,0.0,0.0,0.0,22.9072319236131,0.0,309.93860640239774,-619.6310004929024,1000.0,-279.8859581618143,195.23536307229654,0.0,0.0,-285.87997144321304,11.45361596180655,0.0,11.45361596180655,-1.2293547799017688,0.0,0.0,0.0,666.8656924145151,-713.0010359986168,0.0,0.0,0.0,0.0,0.0,0.0,0.0,0.0,0.0,0.0,0.0,0.0,0.0,0.0,0.0,0.0,0.0,0.0,0.0,0.0,0.0,-287.93267495515386,0.0,0.0,11.45361596180655,0.0,11.835403160533437,0.0,0.0,100.44316074116728,790.0880892588326,-890.5312499999999,890.5312499999999,0.0,1000.0,-1000.0,0.0,0.0,0.0,0.0,0.0,0.0,312.87836783259473,0.0381787198726885,195.2449077522647,0.0,0.0,-794.0338881067473,0.0,0.0,0.0,0.0,0.0,118.40242775874721,0.0,0.0,0.0,0.0,0.0,-267.9447405964286,-267.9447405964286,0.0,0.0,0.0,-406.25,0.0,0.0,0.0,-267.9065618765559,0.0,0.0,0.0,0.0,0.0,0.0,0.0,0.0,0.0,0.0,0.0,0.0,0.0,0.0,-5.3042968143116696,0.0,0.0,0.0,0.0,-1000.0,0.0,0.0,0.0,0.0,0.0,0.0,1000.0,-679.6509674696006,679.6509674696006,0.0,0.0,0.0,0.0,0.0,0.0,0.0,0.0,-153.3741958518765,0.0,0.0,0.0,0.0,0.0,0.0,0.0,0.0,0.0,0.0,0.0,0.0,0.0,124.57100799239,766.3053760558228,-623.0131499272118,0.0,0.0,0.0,0.0,81.14394929285847,0.0,0.0,0.0,0.0,-313.3008789991864,-623.0131499272118,0.0,0.0,0.0,0.0,0.0,0.0,0.0,0.0,0.0,0.0,0.0,0.0,-943.9290403157947,735.7219271538058,700.7180320374971,0.0,623.0131499272118,0.0,0.0,0.0,46.57803824467997,0.0,0.0,0.0,-158.81708185236823,0.0,0.0,160.04805969676815,821.1412709272781,0.0,-661.0932112305101,0.0,-821.1412709272781,320.3490325303994,0.0,-1000.0,0.0,0.0,25.374679151942473,0.0,0.0,0.0,0.0,0.0,0.0,0.0,-185.37968008919484,0.0,0.0,213.64972488419505,-406.25,0.0,0.0,-313.3008789991864,-0.05726807980903275,0.0,0.0,0.0,0.0,0.0381787198726885,0.0,0.0,0.0,907.402434745335,-663.9858140741715,0.0,-502.57910547774765,961.0884774632616,0.0,388.0525547739717,0.0,0.0,0.0,0.0,0.0,0.0,0.0,-3.2871877810385848,0.0,3.2871877810385848,-1000.0,-1000.0,0.0,0.0,0.0,0.0,0.0,0.0,0.0,0.0,0.0,0.0,0.0,0.0,0.0,0.0,0.0,0.0,0.0,0.0,0.0,-1000.0,0.0,0.0,0.0,0.0,0.0,0.0,687.1216321674053,0.0,0.0,0.0,0.0,664.9567564208808,880.715582903179,0.0,665.6126857959252,949.0415700400997,-880.715582903179,-517.3531854855516,0.0,0.0,-54.69483408961365,0.0,-1000.0,836.5430489255023,-949.996038036917,-1.908935993634425,97.99436792802868,0.0,0.0,0.0,-24.81616791724753,11.45361596180655,0.0,0.0,0.0,0.0,0.0,0.0,0.0,-124.57100799239,124.57100799239,124.57100799239,85.3642560254623,0.0,0.0,-1000.0,0.0,0.0,0.0,0.0,0.0,-6.724545193577342,0.0,0.0,0.0,0.0,0.0,0.0,0.0,-39.18212801273115,0.07635743974574159,0.0,0.0,0.0,0.0,0.0,0.0,0.0,0.0,0.0,0.0,0.0,0.0,0.0,0.0,0.0,0.0,0.0,0.0,0.0,0.04199659186006293,0.04199659186006293,0.0,212.9352640178523,0.0,22.9072319236131,0.0,0.0,0.0,947.8262765311209,0.0,0.0,309.93860640239774,0.0,0.0,602.8459208935396,-947.8262765311209,0.0,0.0,0.0,0.0,0.0,0.0,0.0,0.0,0.0,0.0,0.0,0.0,0.0,95.97755831838462,-907.402434745335,794.0338881067473,0.0,312.87836783259473,0.0,0.0,-285.87997144321304,-367.0239207360715,0.0,602.8459208935396,0.0,0.0,563.6637928808085,0.0,0.0,124.57100799239,0.0,0.0,0.0,0.0,0.0,0.0,0.0,0.0,0.0,0.0,0.0,0.0,0.0,22.9072319236131,0.0,0.0,0.0,0.0,0.0,0.0,0.0,0.0,0.0,0.0,0.0,0.0,0.38178719872688505,0.0,0.0,309.93860640239774,-309.93860640239774,0.0,1000.0,0.0,0.0,11.45361596180655,0.0,0.0,0.0,0.0,0.0,0.0,0.0,0.0,0.0,0.0,50.472267671694205,0.0,0.0,11.45361596180655,11.45361596180655,1000.0,-947.8262765311209,0.0,0.0,0.0,0.0,0.0,0.0,0.0,840.7056841492232,0.0,1000.0,0.0381787198726885,0.0,0.0,50.420453694724124,0.0,0.0,0.0,285.87997144321304,0.0,0.0,0.0,0.0,0.0,0.0,0.0,0.0,0.0,0.0,0.0,0.0,0.0,0.0,0.0381787198726885,0.0,0.0,0.0,-1000.0,1000.0,0.0,0.0,0.0,0.0,0.0,687.1216321674053,0.0,0.0,-1000.0,-2.863403990451637,-1.9089359936344266,0.0,0.0,0.0,0.0,0.0,0.0,0.0,0.0,0.0,0.0,0.0,0.0,0.0,0.0,0.0,0.0,-22.9072319236131,0.0,0.0,0.0,-0.0381787198726885,0.0,0.0,0.0381787198726885,0.0,0.0381787198726885,0.0,0.0,0.0,22.9072319236131,46.57803824467997,46.57803824467997,0.0,0.0,0.0,0.0,0.0,0.0,0.0,794.0338881067473,0.0,0.0,0.0,0.0,0.0,0.0,0.0,0.0,0.0,0.0,0.0,0.0,0.0,0.0,0.0,0.0,0.0,0.0,0.0,81.14394929285847,0.0,0.0,0.0,0.05726807980903275,0.0,0.0,0.0,-11.45361596180655,0.0,0.0,0.0,0.0,0.0,-212.9352640178523,1.908935993634425,0.0,0.0,0.0,406.25,0.0,0.0,0.0,0.0,0.0,0.0,0.0,0.0,0.0,0.0,0.0,0.0,0.0,-562.5000000000006,88.3642560254623,0.0,851.3981441322096,0.0,0.0,687.1216321674053,0.0,-687.1216321674053,0.0,0.0,0.0,1.9089359936344266,541.6759809404116,0.0,0.0,0.0,-626.6017579983728,0.0,0.0,0.0,0.0,0.0,-1000.0,0.0,0.0,0.0,2.4408928238601106,-2.8634039904517294,46.57803824467997,0.0,960.4804758304788,960.4804758304788,-960.4804758304788,0.0,0.0,0.0,0.0,0.0,0.0,0.0,0.0,218.6620719987555,-50.420453694724124,726.7149637220291,0.0,11.45361596180655,309.93860640239774,0.0,0.0,0.0,4.503721645097642,0.0,0.0,0.04199659186006293,0.0,0.0,0.0,23.289019122339987,0.0,0.0,0.0,0.0,766.3053760558228,0.0,0.0,0.0,0.0,0.0,0.0,0.0,0.0,-632.2714791200035,0.0,0.003817871987268959,0.003817871987268959,0.0,0.0,0.0,0.0,0.0,0.0,0.0,0.0,0.0,50.420453694724124,0.0,0.0,0.0,0.0,0.0,212.9352640178523,0.0,0.0,0.0,0.0,0.0,0.0,0.0,0.0,0.0,0.0,0.0,619.8772128047955,-914.9570499018773,1000.0,647.0053887302325,0.0,0.0,0.0,22.9072319236131,0.0,0.0,0.0,0.0,0.0,-22.9072319236131,0.0,0.0,619.8772128047955,0.0,0.0,0.0,0.0,0.0,0.0,0.0,0.0,0.0,0.0,-1000.0,-872.2953518493936,26.152423112791627,-697.8747475287232,686.4211315669166,0.0,999.8472851205088,0.0,0.0,0.0,0.0,0.0,0.0,0.0,0.0,0.0,0.0,0.0,0.0,0.0,0.0,0.0,0.0,0.0,-4.772339984086064,0.0,-667.8201604113324,0.0,0.0,0.0,0.0,0.0,0.0,-470.92120389979897,470.44396990139035,6.724545193577342,0.0,0.0,0.0,0.0,0.0,0.0,0.0,1000.0,11.45361596180655,11.45361596180655,0.0,0.0,0.0,0.0,0.0,0.04199659186006293,212.9352640178523,0.0,0.0,-999.8472851205088,0.0,0.0,0.0,0.0,0.0,0.0,0.0,0.0,0.0,0.0,0.0,0.0,0.0,0.0,0.0,0.0,0.0,0.0,0.0,40.087655866322926,312.87836783259473,0.0,0.0,0.0,0.0,0.0,212.9352640178523,0.0,-3.1382907735361956,0.0,0.0,0.0,-4.772339984086064,0.0,0.0,0.0,0.0,0.0,0.0,0.0,0.0,0.0,0.0,0.0,0.0,0.0,0.0,0.0,0.0,0.0,0.0,-0.0381787198726885,0.0,0.0,1.908935993634425,-602.8459208935396,0.0,0.0,0.0,0.0,0.0,0.0,0.0,0.0,3.2871877810385848,0.9544679968172125,0.0,0.0,0.0,0.0381787198726885,0.0,38.1787198726885,-11.835403160533437,7.6357439745377,0.272705141947775,106.51862844480092,-0.028634039904516375,334.38731420407476,0.7635743974537701,-0.19089359936390216,-106.51862844480092,11.45361596180655,-0.0381787198726885,0.0,0.0,0.009544679968172124,0.272705141947775,0.0,-316.0166586061308,-0.7635743974537701,-396.03415290252656,-0.0381787198726885,0.009544679968172124,-106.51862844480092,3.81787198726885,0.0381787198726885,0.0381787198726885,-212.85508870611955,-309.89660981053777,-69.33837830354462,-0.028634039904516375,11.45361596180655,0.0381787198726885,11.45361596180655,-19.089359936344252,-0.01908935993634425,-49.06404945520259,-85.0,-0.028634039904516375,-0.0381787198726885,-11.835403160533437,0.0381787198726885,3.81787198726885,-0.7635743974537701,81.14394929285847,81.14394929285847,-3.81787198726885,396.03415290252656,-81.14394929285847,7.6357439745377,0.05726807980903275,-1000.0,3.81787198726885,-95.97755831838462,0.0,-7.6357439745377,0.01908935993634425,0.38178719872688505,125.64477636943691,96.0,-0.0381787198726885,-221.52547598920722,212.85508870611955,11.835403160533437,0.0381787198726885,316.0166586061308,-45.814463847226136,0.0,-0.0381787198726885,-0.009544679968172124,0.0,-0.0381787198726885,-39.18212801273115,0.038178719872802185,-0.009544679968172124,-0.009544679968172124,-0.009544679968172124,15.2714879490754,19.089359936344252,0.38178719872688505,28.28565908567964,-0.009544679968172124,251.28955273887382,1.908935993634425,21.5,0.0381787198726885,0.01908935993634425,0.01908935993634425,3.81787198726885,11.835403160533437,0.0381787198726885,-11.835403160533437,0.38178719872688505,0.0381787198726885,-28.28565908567964,0.0381787198726885,0.15271487949121365,0.19089359936390216,0.01908935993634425,0.009544679968172124,11.45361596180655,-0.0381787198726885,69.33837830354462,0.38178719872688505,-56.57131817135928,333.4328462072576,-3.8178719872688505,7.6357439745377,1.908935993634425,-0.0381787198726885,0.0,0.05726807980903275,-0.0381787198726885,-7.6357439745377,11.835403160533437,85.49141212738843,0.01908935993634425,-43.0,-0.0381787198726885,-0.038178719872802185,-0.03817871987268856,0.01908935993634425,106.51862844480092,-7.6357439745377,0.0381787198726885,251.28955273887382,-0.009544679968172124,309.89660981053777,-251.28955273887382,5.726807980903274,85.0,627.794697966901,106.51862844480092,-0.028634039904516375,221.52547598920722,-96.0,0.0381787198726885,-0.009544679968172091,1.9089359936344266,38.1787198726885,-0.01908935993634425,-0.0381787198726885,0.009544679968172124,0.0,0.0,959.5178362714786,0.0,-46.0,0.0,218.42313599510186,-31.0,0.0,-32.0,-93.0,-65.0,-40.463074368585126,16.0,23.0,46.5,0.0,15.5,-212.9352640178523,-89.99513377248607,40.463074368585126,65.0,-89.99513377248607,-218.42313599510186,130.20986392752957,0.0,1496.5981,hclb
120,0.0,0.0,0.0,0.0,0.0,0.0,0.0,0.0,485.58973322674655,0.0,0.0,0.0,0.0,0.0,0.0,0.0,-548.5731685531008,617.4674189580653,0.0,-10.366780837670262,0.0,0.0,0.0,0.0,0.0,0.0,0.0,0.0,0.0,-197.82323702320855,0.0,0.0,7.691245591936692,0.0,0.0,0.0,0.0,55.87338437326208,0.0,-1000.0,995.6145394566628,0.0,0.0,0.0,0.0,0.0,0.0,0.0,746.3964055763093,-21.587327314534377,0.0,0.0,0.0,0.0803066389498781,0.0,0.0,0.0,14.601207081758066,0.0,0.0,-6.429398185002011,0.0,-244.88181308213305,-251.31121126713506,0.0,0.0,0.0,0.0,0.0,241.6268582684827,0.0,0.7300603540879034,0.0,0.0,0.0,0.0,0.0,0.0,0.0,573.8625530368836,0.0,0.0,0.0,0.0,43.8036212452742,0.0,0.0,-572.1872477878459,71.7747679643691,903.0844982689794,-0.01825150885219758,0.0,0.0,967.4800389339152,21.9018106226371,0.0,21.9018106226371,0.0,0.0,0.0,0.0,3.6503017704395164,-1000.0,0.0,0.0,-21.69532102552883,0.0,0.0,0.0,0.0,0.0,0.0,0.0,0.0,0.0,0.0,0.0,0.0,0.0,0.0,0.0,0.0,0.0,0.0,-672.1772943285928,0.0,0.0,21.9018106226371,0.0,22.631870976725004,0.9571565450946622,0.0,0.0,0.0,0.0,0.0,-293.2891174771394,1000.0,-1000.0,293.2891174771394,0.0,0.0,0.0,0.0,0.0,5.6214647264769155,0.07300603540879033,0.0,0.0,0.0,0.0,0.0,0.0,0.0,0.0,0.0,319.33593961602895,0.0,0.0,0.0,0.0,0.0,630.3249979970406,630.3249979970406,0.0,0.0,0.0,-302.0833333333333,870.2759310435888,0.0,0.0,630.3980040324493,0.0,0.0,0.0,-28.337011940216428,0.0,0.0,0.0,0.0,0.0,0.0,0.0,0.0,0.0,0.0,-68.65917470785735,0.0,0.0,0.0,0.0,-1000.0,0.0,0.0,0.0,0.0,0.0,21.587327314534377,0.0,-71.7747679643691,71.7747679643691,0.0,0.0,0.0,0.0,0.0,0.0,0.0,802.1767629767915,-958.7269615078569,0.0,0.0,0.0,0.0,0.0,0.0,0.0,0.0,0.0,0.0,0.0,0.0,0.0,331.5859407014663,-13.797585836483869,0.0,0.0,0.0,0.0,0.0,77.62639042371217,0.0,0.0,0.0,0.0,-6.429398185002011,0.0,0.0,0.0,0.0,0.0,0.0,0.0,0.0,0.0,2.350794340164157,0.0,0.0,0.0,-143.5495359287382,0.0,102.43438982409437,0.0,0.0,0.0,0.0,0.0,0.0,0.0,0.0,0.0,-397.65250943307854,0.0,0.0,-1000.0,-1000.0,0.0,0.0,0.0,1000.0,0.0,0.0,361.1167123675625,21.587327314534377,0.0,127.97476145700219,0.0,0.0,0.0,436.19606640935467,0.0,-436.19606640935467,0.0,1000.0,0.0,0.0,-1000.0,-302.0833333333333,0.0,0.0,-6.429398185002011,-0.10950905311318548,0.0,0.0,0.0,0.0,0.07300603540879033,0.0,0.0,0.0,898.1210046134865,-548.5731685531008,0.0,-823.6811356911845,167.81869374484586,0.0,952.1175571610579,0.0,0.0,0.0,-21.69532102552883,0.0,0.0,0.0,270.4749576854448,104.58844632663325,-375.063404012078,-1000.0,-1000.0,0.0,0.0,0.0,0.0,0.0,0.0,0.0,0.0,0.0,0.0,0.0,0.0,0.0,0.0,0.0,0.0,0.0,-943.8345914851006,0.0,-1000.0,0.0,0.0,0.0,0.0,0.0,0.0,-7.972259066641072,0.0,0.0,0.0,0.0,0.0,0.0,0.0,159.39627481097028,0.0,-104.58844632663325,-891.323329589784,-3.6503017704395164,0.0,0.0,0.0,-163.0465765814098,-1000.0,-1.8251508852197582,0.0,0.0,0.0,1000.0,950.9795627164167,-3.6503017704395164,21.9018106226371,0.0,0.0,0.0,0.0,0.0,485.66273926215536,0.0,-331.5859407014663,331.5859407014663,331.5859407014663,100.09411394377078,0.0,0.0,-369.7480080383683,0.0,0.0,802.1767629767915,0.0,0.0,-12.858796370004022,0.0,187.50000000000017,65.39879291824194,0.0,0.0,0.0,0.0,-35.69939645912097,0.14601207081750545,0.0,0.0,0.0,0.0,0.0,0.0,0.0,0.0,0.0,241.6268582684827,0.0,0.0,0.0,0.0,0.0,0.0,0.0,0.0,0.0,0.0803066389498781,0.0803066389498781,0.0,412.98473361970827,0.0,43.8036212452742,0.0,0.0,0.0,1000.0,0.0,856.2671355671134,0.0,0.0,0.0,517.3021667546303,-1000.0,0.0,0.0,0.0,0.0,0.0,65.39879291824194,0.0,0.0,0.0,0.0,0.0,0.0,0.0,224.05909810953094,-898.1210046134865,0.0,0.0,5.6214647264769155,0.0,0.0,967.4800389339152,889.8536485102031,0.0,517.3021667546303,0.0,0.0,481.60277029550934,0.0,0.0,331.5859407014663,0.0,0.0,0.0,0.0,0.0,0.0,0.0,0.0,0.0,0.0,0.0,0.0,0.0,43.8036212452742,0.0,0.0,0.0,0.0,0.0,0.0,0.0,0.0,0.0,0.0,0.0,0.0,0.7300603540879034,0.0,0.0,0.0,0.0,0.0,0.0,0.0,0.0,21.9018106226371,0.0,0.0,0.0,0.0,0.0,0.0,0.0,0.0,0.0,0.0,7.446615611696613,-91.88424183619964,0.0,21.9018106226371,21.9018106226371,1000.0,-1000.0,0.0,65.39879291824194,0.0,0.0,0.0,0.0,0.0,1000.0,802.1767629767915,617.9756492134313,0.07300603540879033,0.0,0.0,0.0,92.58627301055877,0.0,0.0,-967.4800389339152,0.0,0.0,0.0,0.0,0.0,0.0,0.0,0.0,0.0,0.0,0.0,0.0,0.0,0.0,0.07300603540879033,0.0,0.0,0.0,-238.45241489713104,238.45241489713104,0.0,0.0,0.0,0.0,0.0,244.0924317171523,0.0,-252.06469078379342,-56.165408514899354,-5.475452655659275,-3.6503017704395164,0.0,0.0,0.0,0.0,0.0,0.0,0.0,0.0,0.0,0.0,0.0,0.0,0.0,0.0,0.0,0.0,1000.0,0.0,0.0,0.0,485.58973322674655,0.0,0.0,0.07300603540879033,0.0,0.07300603540879033,0.0,0.0,0.0,43.8036212452742,89.06736319872421,89.06736319872421,0.0,0.0,0.0,0.0,0.0,0.0,0.0,0.0,0.0,802.1767629767915,0.0,0.0,0.0,276.76077733414184,0.0,0.0,0.0,0.0,0.0,0.0,0.0,0.0,0.0,0.0,0.0,0.0,0.0,77.62639042371217,0.0,-360.4132874437769,360.4132874437769,0.10950905311318548,0.0,0.0,0.0,-21.9018106226371,0.0,0.0,0.0,0.0,0.0,-412.98473361970827,3.6503017704395164,0.0,0.0,0.0,302.0833333333333,-870.2759310435888,755.9075682828477,0.0,0.0,187.50000000000017,0.0,0.0,0.0,0.0,0.0,0.0,0.0,0.0,-96.66522372997326,81.39879291824194,0.0,50.39879291824194,-21.69532102552883,0.0,747.9353092162066,252.06469078379342,-1000.0,0.0,-89.06736319872421,0.0,3.6503017704395164,1000.0,0.0,0.0,0.0,-12.858796370004022,250.00000000000023,-250.00000000000023,0.0,0.0,0.0,0.0,0.0,0.0,0.0,487.11936098322485,-429.41109158668604,89.06736319872421,0.0,0.0,0.0,0.0,0.0,0.0,0.0,0.0,0.0,2.350794340164157,0.0,0.0,0.0,-334.21313127904136,945.3429927444753,0.0,21.9018106226371,0.0,0.0,0.0,0.0,178.64626349197675,0.0,0.0,0.0803066389498781,0.0,0.0,0.0,44.533681599362104,0.0,0.0,0.0,0.0,-13.797585836483869,0.0,0.0,0.0,0.0,0.0,0.0,0.0,0.0,0.0,0.0,0.007300603540879033,0.007300603540879033,0.0,0.0,0.0,0.0,0.0,0.0,0.0,0.0,0.0,0.0,0.0,0.0,0.0,0.0,0.0,412.98473361970827,0.0,0.0,0.0,0.0,0.0,0.0,0.0,21.587327314534377,0.0,0.0,0.0,0.0,0.0,0.0,617.4674189580653,0.0,0.0,0.0,43.8036212452742,0.0,0.0,0.0,0.0,0.0,0.0,-43.8036212452742,0.0,0.0,0.0,0.0,0.0,0.0,0.0,0.0,0.0,0.0,0.0,0.0,-817.9788181655915,-1000.0,326.7699115891632,0.0,-21.9018106226371,0.0,55.87338437326208,0.0,0.0,0.0,0.0,0.0,0.0,0.0,0.0,0.0,921.875,0.0,-921.875,-921.875,0.0,0.0,0.0,0.0,-9.12575442609879,0.0,-5.475452655659275,700.6964162651686,0.0,0.0,0.0,0.0,0.0,-0.9125754426098791,0.0,12.858796370004022,0.0,0.0,0.0,0.0,0.0,0.0,0.0,799.9968310478398,21.9018106226371,21.9018106226371,0.0,0.0,0.0,0.0,573.8625530368836,0.0803066389498781,412.98473361970827,0.0,0.0,-55.87338437326208,0.0,0.0,0.0,0.0,0.0,0.0,0.0,0.0,0.0,0.0,0.0,0.0,0.0,0.0,180.20664372188844,0.0,0.0,0.9571565450946622,0.0,76.65633717922985,5.6214647264769155,0.0,0.0,0.0,0.0,0.0,412.98473361970827,0.0,-759.5578700532873,0.0,0.0,0.0,-9.12575442609879,0.0,0.0,0.0,0.0,0.0,0.0,0.0,0.0,0.0,0.0,0.0,0.0,0.0,0.0,0.0,0.0,0.0,0.0,-0.07300603540879033,0.0,0.0,3.6503017704395164,-517.3021667546303,0.0,0.0,0.0,0.0,0.0,0.0,0.0,0.0,-270.4749576854448,1.8251508852197582,0.0,0.0,0.0,0.07300603540879033,0.0,73.00603540879032,-21.67471443163033,14.601207081758067,0.5214716814913595,205.60115188071435,-0.05475452655659274,3.650301770439519,1.4601207081758067,-0.3650301770460658,-205.60115188071435,21.9018106226371,-0.07300603540879033,7.231773675176277,65.39879291824194,0.018251508852197583,0.5214716814913595,-21.69532102552883,-11.622560837080641,-1.4601207081758067,-58.52746956729425,-0.07300603540879033,0.018251508852197583,-205.60115188071435,7.300603540879033,0.07300603540879033,0.07300603540879033,-412.8314209453496,0.08030663894966937,0.0,-0.05475452655659274,21.9018106226371,0.07300603540879033,21.9018106226371,-36.50301770439516,-0.036503017704395166,-275.94529756497127,-85.0,-0.05475452655659274,-0.07300603540879033,-21.67471443163033,0.07300603540879033,7.300603540879033,-1.4601207081758067,77.62639042371217,77.62639042371217,-7.300603540879033,58.52746956729425,-77.62639042371217,14.601207081758066,0.10950905311318548,-1000.0,7.300603540879033,-224.05909810953094,65.39879291824194,-14.601207081758066,0.03650301770439516,0.7300603540879034,205.92028392279613,96.0,-0.07300603540879033,-429.41109158668604,412.8314209453496,22.631870976725004,0.07300603540879033,11.622560837080641,-22.208449572306485,65.39879291824194,-0.07300603540879033,-0.018251508852197583,-65.39879291824194,-0.07300603540879033,-35.69939645912097,0.0730060354089801,-0.01825150885219758,-0.01825150885219758,-0.01825150885219758,29.20241416351613,36.50301770439516,0.7300603540879034,303.0640247792403,-0.01825150885219758,404.608794170416,3.6503017704395164,21.5,0.07300603540879033,0.036503017704395166,0.036503017704395166,40.0,21.67471443163033,0.07300603540879033,-21.67471443163033,0.7300603540879034,0.07300603540879033,-801.015381370744,0.07300603540879033,0.2920241416372775,0.3650301770460658,0.036503017704395166,0.018251508852197583,21.9018106226371,-0.07300603540879033,0.0,0.7300603540879034,-606.1280495584806,1.825150885219756,-7.300603540879033,14.601207081758066,3.6503017704395164,-0.07300603540879033,21.69532102552883,0.10950905311318548,-0.07300603540879033,-80.0,21.67471443163033,-101.09482122409091,0.036503017704395166,-43.0,-0.07300603540879033,-0.0730060354089801,-0.07300603540879033,0.036503017704395166,205.60115188071435,-14.601207081758066,0.07300603540879033,411.84056784559226,-0.01825150885219758,-0.08030663894966937,-411.84056784559226,10.950905311318548,85.0,811.713860904342,205.60115188071435,-0.05475452655659274,429.41109158668604,-96.0,0.07300603540879033,-0.018251508852197583,3.6503017704395164,73.00603540879032,-0.036503017704395166,-0.07300603540879033,0.018251508852197583,0.0,0.0,96.87899871331625,497.95135659150367,-46.0,0.0,125.97724176569017,-31.0,0.0,-32.0,-93.0,-65.0,-903.0844982689794,16.0,23.0,46.5,0.0,15.5,-412.98473361970827,-77.55144226788586,903.0844982689794,65.0,-77.55144226788586,-125.97724176569017,70.44254389855881,0.0,1496.5981,hclb
121,0.0,0.0,0.0,0.0,0.0,0.0,0.0,0.0,-0.0687994685912789,0.0,0.0,0.0,0.0,0.0,0.0,0.0,-90.47011138509254,1000.0,0.0,-565.6789470900437,0.0,0.0,0.0,980.2384462921196,0.0,0.0,0.0,0.0,0.0,-252.25600253994196,0.0,0.0,17.18712602732039,0.0,0.0,0.0,0.0,-12.04908026595232,0.0,-1000.0,1000.0,0.0,0.0,0.0,0.0,0.0,874.7500000000006,0.0,1000.0,0.0,0.0,0.0,0.0,0.07567941545016765,0.0,0.0,0.0,13.75989371825578,0.0,0.0,-6.0589398672718175,0.0,332.6571179577749,326.5981780905031,0.0,0.0,0.0,0.0,0.0,0.0,0.0,0.687994685912789,0.0,0.0,0.0,0.0,0.0,0.0,0.0,0.0,0.0,0.0,0.0,0.0,41.27968115476734,0.0,0.0,-634.2167366283136,188.4153653578989,0.0,-0.017199867147819726,0.0,0.0,-52.54490443015146,20.63984057738367,0.0,20.63984057738367,0.0,0.0,0.0,0.0,3.439973429563945,-847.2444008790145,0.0,0.0,-12.292405716812581,0.0,0.0,0.0,0.0,0.0,0.0,0.0,0.0,0.0,0.0,0.0,0.0,0.0,0.0,0.0,0.0,0.0,0.0,-714.3745342872613,0.0,0.0,20.63984057738367,0.0,21.32783526329646,21.32783526329646,0.0,0.0,0.0,0.0,0.0,0.0,0.0,0.0,0.0,0.0,0.0,0.0,0.0,0.0,5.297559081528334,0.0687994685912789,0.0,0.0,0.0,-331.0541336372987,-508.00194126924725,0.0,0.0,0.0,0.0,330.04324208015277,0.0,0.0,0.0,0.0,0.0,-209.97360747364317,-209.97360747364317,0.0,0.0,0.0,-843.6874999999999,0.0,0.0,0.0,-209.9048080050519,0.0,0.0,0.0,-896.1307805743511,0.0,0.0,0.0,0.0,0.0,0.0,0.0,0.0,0.0,0.0,0.0,0.0,0.0,0.0,0.0,-1000.0,0.0,0.0,0.0,0.0,0.0,0.0,0.0,-188.4153653578989,188.4153653578989,0.0,0.0,0.0,0.0,0.0,0.0,0.0,594.9883983390725,-118.3037523856197,0.0,0.0,0.0,0.0,0.0,0.0,0.0,0.0,0.0,0.0,0.0,0.0,0.0,287.74439667729035,852.2982300776248,-657.2738860749655,0.0,0.0,0.0,0.0,78.05125367228084,0.0,0.0,0.0,0.0,-6.0589398672718175,-657.2738860749655,0.0,0.0,529.8932905606024,0.0,0.0,0.0,0.0,0.0,2.215342888639043,0.0,0.0,0.0,-376.8307307157978,0.0,177.36789801378745,0.0,657.2738860749655,0.0,0.0,0.0,12.74400791156998,0.0,0.0,0.0,-304.4280389457274,0.0,0.0,-59.619576357576406,940.3804236424236,0.0,-1000.0,0.0,-940.3804236424236,0.0,0.0,-119.87757581962904,0.0,0.0,156.55493422398024,0.0,0.0,0.0,-836.5511522742038,0.0,836.5511522742038,0.0,1000.0,0.0,0.0,0.0,-843.6875,0.0,0.0,-6.0589398672718175,-0.10319920288691836,0.0,0.0,0.0,0.0,0.0687994685912789,0.0,0.0,0.0,899.0935628616965,-90.47011138509254,0.0,-844.8901433462607,1000.0,0.0,954.3997342956394,0.0,0.0,0.0,-12.292405716812581,0.0,0.0,0.0,499.1362519219455,0.0,-499.1362519219455,-1000.0,-1000.0,0.0,0.0,0.0,0.0,0.0,0.0,0.0,0.0,0.0,0.0,0.0,0.0,0.0,0.0,0.0,0.0,529.8932905606024,-1000.0,0.0,-988.2261176084127,0.0,0.0,0.0,0.0,0.0,0.0,-7.512901970167377,0.0,0.0,0.0,431.1133700537913,0.0,0.0,0.0,0.0,0.0,0.0,561.2853257124538,0.0,-529.6754887576571,0.0,0.0,-3.439973429563945,0.0,-1.7199867147819725,-3.439973429563945,33.21553616391271,0.0,0.0,-596.1742630108488,550.2687437547413,20.63984057738367,0.0,0.0,0.0,0.0,0.0,0.0,287.74439667729035,0.0,0.0,0.0,91.5325119985568,0.0,0.0,-335.2924069422339,0.0,0.0,594.9883983390725,0.0,0.0,-12.117879734543598,0.0,0.0,66.24010628174422,0.0,0.0,0.0,0.0,-7.397685406304788,0.1375989371824744,0.0,0.0,0.0,0.0,0.0,0.0,0.0,0.0,0.0,0.0,0.0,0.0,0.0,0.0,0.0,0.0,0.0,0.0,0.0,0.07567941545016765,0.07567941545016765,0.0,369.98450295903456,0.0,41.27968115476734,0.0,0.0,0.0,1000.0,0.0,109.47458990154996,0.0,0.0,0.0,515.5321135426199,-1000.0,0.0,0.0,0.0,0.0,0.0,66.24010628174422,0.0,0.0,0.0,0.0,0.0,0.0,0.0,238.12484476242045,-899.0935628616965,839.056074906546,0.0,5.297559081528334,0.0,0.0,-52.54490443015146,-130.5961581024323,0.0,515.5321135426199,0.0,1000.0,-491.8655718636849,0.0,0.0,287.74439667729035,0.0,0.0,0.0,0.0,0.0,0.0,0.0,0.0,0.0,0.0,0.0,0.0,0.0,41.27968115476734,0.0,0.0,0.0,0.0,0.0,0.0,0.0,0.0,0.0,0.0,0.0,0.0,0.687994685912789,0.0,0.0,0.0,0.0,0.0,0.0,0.0,0.0,20.63984057738367,0.0,0.0,0.0,0.0,0.0,0.0,0.0,0.0,0.0,0.0,1000.0,0.0,0.0,20.63984057738367,20.63984057738367,1000.0,-1000.0,0.0,66.24010628174422,0.0,0.0,0.0,0.0,0.0,1000.0,594.9883983390725,710.2996339640458,0.0687994685912789,0.0,0.0,0.0,5.548185717110991,0.0,0.0,52.54490443015146,0.0,0.0,0.0,0.0,0.0,0.0,0.0,0.0,0.0,0.0,0.0,0.0,0.0,0.0,0.0687994685912789,0.0,0.0,0.0,0.0,0.0,0.0,0.0,0.0,0.0,0.0,143.22246645791674,0.0,-150.73536842808412,11.773882391587371,-5.159960144345917,-3.439973429563945,0.0,0.0,156.25,156.25,-156.25,0.0,0.0,0.0,0.0,0.0,0.0,0.0,0.0,0.0,0.0,0.0,553.7087171843052,0.0,0.0,0.0,-0.0687994685912789,0.0,0.0,0.0687994685912789,0.0,0.0687994685912789,0.0,0.0,0.0,41.27968115476734,83.93535168136025,83.93535168136025,0.0,0.0,0.0,0.0,0.0,0.0,0.0,839.056074906546,0.0,594.9883983390725,0.0,0.0,0.0,505.0598861676543,0.0,0.0,0.0,0.0,0.0,0.0,0.0,0.0,0.0,0.0,0.0,0.0,0.0,78.05125367228084,0.0,-429.1385570852921,429.1385570852921,0.10319920288691836,0.0,0.0,0.0,-20.63984057738367,0.0,0.0,0.0,0.0,0.0,-369.98450295903456,3.439973429563945,0.0,0.0,0.0,843.6874999999999,0.0,-3.439973429563945,0.0,0.0,0.0,0.0,0.0,0.0,0.0,0.0,0.0,0.0,0.0,988.1888526094634,82.24010628174422,0.0,890.2961811882902,-12.292405716812581,0.0,-10.952875399731322,150.73536842808412,-139.7824930283528,0.0,-71.19134376979027,0.0,3.439973429563945,1000.0,0.0,0.0,0.0,-12.117879734543598,0.0,0.0,1000.0,-1000.0,0.0,0.0,0.0,0.0,0.0,-10.31992028869189,0.0,83.93535168136025,0.0,0.0,0.0,0.0,0.0,0.0,0.0,0.0,0.0,2.215342888639043,0.0,0.0,385.46438339207236,-5.548185717110991,-877.684373851444,0.0,20.63984057738367,0.0,0.0,0.0,0.0,194.22609331686806,0.0,0.0,0.07567941545016765,0.0,0.0,0.0,41.96767584068013,0.0,0.0,0.0,0.0,852.2982300776248,0.0,0.0,0.0,0.0,0.0,0.0,0.0,0.0,0.0,0.0,0.006879946859128072,0.006879946859128072,0.0,0.0,0.0,0.0,0.0,0.0,0.0,0.0,0.0,0.0,0.0,0.0,0.0,0.0,0.0,369.98450295903456,0.0,0.0,0.0,0.0,0.0,0.0,0.0,0.0,0.0,0.0,0.0,0.0,-722.4750983704544,855.9783526905966,1000.0,0.0,0.0,0.0,41.27968115476734,0.0,0.0,0.0,0.0,0.0,0.0,-41.27968115476734,0.0,0.0,0.0,0.0,0.0,0.0,0.0,0.0,0.0,0.0,0.0,0.0,-930.1412393711913,-847.2444008790145,552.1875221526803,-20.63984057738367,0.0,0.0,-12.04908026595232,0.0,0.0,0.0,0.0,0.0,0.0,0.0,0.0,0.0,0.0,0.0,0.0,0.0,0.0,0.0,0.0,0.0,-8.599933573909862,0.0,-5.159960144345917,499.89992602330847,0.0,0.0,0.0,0.0,0.0,0.0,-0.8599933573909864,12.117879734543598,0.0,0.0,0.0,0.0,0.0,0.0,0.0,780.1583945928545,20.63984057738367,20.63984057738367,0.0,0.0,0.0,0.0,0.0,0.07567941545016765,369.98450295903456,0.0,0.0,12.04908026595232,0.0,0.0,0.0,0.0,0.0,0.0,0.0,0.0,0.0,0.0,0.0,0.0,0.0,0.0,214.56927854264606,0.0,0.0,21.32783526329646,0.0,72.23944202084284,5.297559081528334,0.0,0.0,0.0,0.0,0.0,369.98450295903456,0.0,0.0,0.0,0.0,0.0,-8.599933573909862,0.0,0.0,0.0,0.0,0.0,0.0,0.0,0.0,0.0,0.0,0.0,0.0,0.0,0.0,0.0,0.0,0.0,0.0,-0.0687994685912789,0.0,0.0,3.439973429563945,-515.5321135426199,0.0,0.0,0.0,0.0,0.0,0.0,0.0,0.0,-499.1362519219455,1.7199867147819725,0.0,0.0,0.0,0.0687994685912789,0.0,68.7994685912789,0.0,13.75989371825578,0.4914247756519921,234.60618789626108,-0.05159960144345918,3.439973429563945,1.375989371825578,-0.34399734295622686,-234.60618789626108,20.63984057738367,-0.0687994685912789,4.09746857227086,66.24010628174422,0.017199867147819726,0.49142477565199216,-12.292405716812581,-10.952875399731322,-1.375989371825578,-343.85094152486374,-0.0687994685912789,0.017199867147819726,-234.60618789626108,6.87994685912789,0.0687994685912789,0.0687994685912789,-369.8400240749931,0.07567941545040698,0.0,-0.05159960144345918,20.63984057738367,0.0687994685912789,20.63984057738367,-34.39973429563945,-0.03439973429563945,-305.45843064652763,-85.0,-0.05159960144345918,-0.0687994685912789,0.0,0.0687994685912789,6.87994685912789,-1.375989371825578,78.05125367228084,78.05125367228084,-6.87994685912789,343.85094152486374,-78.05125367228084,13.75989371825578,0.10319920288691836,530.8472577817556,6.87994685912789,-238.12484476242045,66.24010628174422,-13.75989371825578,0.03439973429563945,0.687994685912789,211.22253583656519,96.0,-0.0687994685912789,-385.46438339207236,369.8400240749931,21.32783526329646,0.0687994685912789,10.952875399731322,-16.31925602779048,66.24010628174422,-0.0687994685912789,-0.017199867147819726,-66.24010628174422,-0.0687994685912789,-7.397685406304788,0.06879946859130041,-0.017199867147819726,-0.017199867147819726,-0.017199867147819726,27.51978743651156,34.39973429563945,0.687994685912789,194.10051635647298,-0.017199867147819726,418.3476031008595,3.439973429563945,7.1388161327163395,0.0687994685912789,0.03439973429563945,0.03439973429563945,40.0,0.0,0.0687994685912789,0.0,0.687994685912789,0.0687994685912789,-480.3579364842914,0.0687994685912789,0.2751978743649488,0.34399734295622686,0.03439973429563945,0.017199867147819726,20.63984057738367,-0.0687994685912789,0.0,0.687994685912789,-388.20103271294596,1.7199867147819723,-6.87994685912789,13.75989371825578,3.439973429563945,-0.0687994685912789,12.292405716812581,0.10319920288691836,-0.0687994685912789,-80.0,0.0,-62.15286005106242,0.03439973429563945,-14.277632265432679,-0.0687994685912789,-0.06879946859130041,-0.0687994685912789,0.03439973429563945,234.60618789626108,-13.75989371825578,0.0687994685912789,422.44507167313037,-0.017199867147819726,-0.07567941545040698,-422.44507167313037,10.319920288691833,85.0,-377.6522449464875,234.60618789626108,-0.05159960144345918,385.46438339207236,-96.0,0.0687994685912789,-0.01719986714781973,434.55334348335526,68.7994685912789,-0.03439973429563945,-0.0687994685912789,0.017199867147819726,0.0,0.0,-530.8816575160513,286.25742012781836,-46.0,0.0,8.492049695674723,-31.0,0.0,-32.0,-93.0,-65.0,0.0,16.0,23.0,46.5,0.0,15.5,-369.98450295903456,-132.07323326580564,0.0,65.0,-132.07323326580564,-8.492049695674723,8.965679432168656,0.0,1496.5981,hclb
122,0.0,0.0,0.0,0.0,0.0,0.0,0.0,0.0,-0.028800855790014276,0.0,0.0,0.0,0.0,0.0,0.0,0.0,-973.0700734567708,899.4297015096378,0.0,0.0,0.0,0.0,0.0,272.8495465197559,0.0,0.0,0.0,0.0,0.0,-908.9864793191404,69.14994354092778,-69.14994354092778,6.869029251027531,0.0,0.0,0.0,0.0,558.447136389885,0.0,-1000.0,1000.0,0.0,0.0,0.0,0.0,0.0,0.0,0.0,882.0565527759112,0.0,0.0,0.0,0.0,0.03168094136911481,0.0,0.0,0.0,5.760171158002855,0.0,0.0,50.639496597076686,0.0,-604.4233260516581,-782.4614488864604,0.0,0.0,0.0,0.0,0.0,89.0586720198966,0.0,0.28800855790014274,0.0,0.0,0.0,0.0,0.0,0.0,0.0,0.0,0.0,0.0,0.0,0.0,17.280513474008565,0.0,0.0,-1000.0,186.9932054504044,1000.0,-0.007200213947503569,0.0,0.0,0.0,8.640256737004282,0.0,8.640256737004282,0.0,0.0,0.0,0.0,1.4400427895007137,-908.9864793191404,0.0,0.0,-23.49447183601305,83.30563143151117,0.0,0.0,0.0,0.0,0.0,0.0,0.0,0.0,0.0,0.0,0.0,0.0,0.0,0.0,0.0,0.0,0.0,-800.9911957123926,0.0,0.0,8.640256737004282,0.0,8.928265294904426,8.928265294904426,0.0,0.0,0.0,0.0,0.0,-228.6776194318789,0.0,0.0,0.0,0.0,0.0,0.0,0.0,0.0,2.2176658958310975,0.028800855790014276,0.0,0.0,0.0,0.0,-83.30563143151117,0.0,0.0,0.0,0.0,222.19983232563803,0.0,0.0,0.0,0.0,0.0,655.1561443319836,655.1561443319836,0.0,0.0,0.0,0.0,-93.9392684082984,0.0,0.0,724.3348887287013,0.0,0.0,0.0,-342.46372243602855,0.0,0.0,0.0,0.0,0.0,0.0,0.0,0.0,0.0,0.0,-616.6670182308927,0.0,0.0,0.0,0.0,-493.2394019724042,0.0,0.0,0.0,0.0,0.0,0.0,0.0,-786.1200692900512,786.1200692900512,228.6776194318789,0.0,0.0,0.0,0.0,0.0,0.0,0.0,384.01367516034554,0.0,0.0,0.0,0.0,0.0,0.0,0.0,0.0,0.0,0.0,0.0,0.0,0.0,290.93308874285907,-31.479657683994333,1000.0,0.0,0.0,0.0,0.0,82.09111356520856,0.0,0.0,0.0,0.0,50.639496597076686,1000.0,69.14994354092778,0.0,0.0,0.0,0.0,0.0,0.0,0.0,621.1987173403928,0.0,0.0,0.0,26.88672525954439,1000.0,-904.06351651414,0.0,-1000.0,0.0,0.0,228.6776194318789,655.0628226487348,0.0,0.0,0.0,-90.65350998348447,0.0,0.0,-46.62768518369556,187.5000000000071,0.0,-46.627685183695405,-187.5000000000071,0.0,-599.1268638396468,0.0,231.25307944367535,0.0,0.0,-212.55781475313876,0.0,0.0,0.0,-810.6571726442792,0.0,810.6571726442792,0.0,724.2772870171214,0.0,0.0,660.6542993446328,0.0,0.0,0.0,50.639496597076686,-0.04320128368502141,0.0,0.0,0.0,0.0,0.028800855790014276,0.0,0.0,0.0,-447.36830510208034,-973.0700734567708,0.0,-648.6928649768366,-169.09244221637294,0.0,1000.0,0.0,-180.46955377649374,0.0,-23.49447183601305,0.0,0.0,0.0,160.8027531659916,940.8443012557076,-921.1775006452054,-1000.0,-725.2666258125653,0.0,0.0,0.0,0.0,0.0,0.0,0.0,0.0,0.0,0.0,0.0,0.0,0.0,0.0,0.0,0.0,0.0,-441.4376601869549,0.0,-1000.0,0.0,0.0,551.1213862430275,0.0,0.0,0.0,-554.2664396952962,0.0,0.0,0.0,0.0,0.0,0.0,0.0,0.0,0.0,-940.8443012557076,0.0,0.0,719.1146414744394,0.0,0.0,-1.4400427895007137,0.0,-0.7200213947503569,-1.4400427895007137,0.0,0.0,62.04725990550811,0.0,-449.06438301287864,8.640256737004282,0.0,0.0,0.0,0.0,0.0,0.0,0.0,-290.93308874285907,290.93308874285907,290.93308874285907,110.73430067801019,0.0,0.0,0.0,0.0,0.0,0.0,0.0,0.0,-127.39862623772558,0.0,0.0,8.640256737004282,0.0,0.0,0.0,0.0,-40.11991442099857,0.05760171158016489,0.0,0.0,0.0,0.0,0.0,0.0,0.0,0.0,0.0,89.0586720198966,0.0,0.0,0.0,0.0,0.0,0.0,0.0,0.0,0.0,0.03168094136911481,0.03168094136911481,69.14994354092778,381.17291758485624,0.0,17.280513474008565,0.0,0.0,0.0,1000.0,0.0,0.0,0.0,0.0,0.0,254.30495684026246,-1000.0,0.0,0.0,0.0,0.0,0.0,8.640256737004282,0.0,0.0,0.0,0.0,0.0,0.0,0.0,266.9970652374642,447.36830510208034,0.0,0.0,2.2176658958310975,0.0,0.0,0.0,-310.76873299708745,0.0,254.30495684026246,0.0,214.18504241926388,0.0,1000.0,-1000.0,290.93308874285907,0.0,0.0,0.0,0.0,0.0,0.0,0.0,0.0,0.0,0.0,0.0,0.0,0.0,17.280513474008565,228.6776194318789,228.6776194318789,0.0,0.0,0.0,0.0,0.0,0.0,0.0,0.0,0.0,0.0,0.28800855790014274,0.0,69.14994354092778,0.0,0.0,69.14994354092778,0.0,0.0,0.0,8.640256737004282,0.0,0.0,0.0,0.0,0.0,0.0,0.0,0.0,0.0,0.0,1000.0,0.0,0.0,8.640256737004282,8.640256737004282,-328.37395329210017,-1000.0,0.0,8.640256737004282,0.0,0.0,0.0,0.0,0.0,908.9864793191404,0.0,1000.0,0.028800855790014276,0.0,0.0,0.0,2.3225832990661512,0.0,0.0,0.0,0.0,0.0,0.0,0.0,0.0,0.0,0.0,0.0,0.0,0.0,0.0,0.0,0.0,0.0,0.028800855790014276,0.0,0.0,0.0,-1000.0,1000.0,0.0,0.0,0.0,0.0,-576.1616665223307,1000.0,0.0,-426.98338692993804,-558.5623398130451,-2.1600641842510706,-0.2805998842744275,-1.1594429052262873,0.0,-500.00000000000006,-500.0,500.00000000000006,0.0,0.0,0.0,0.0,0.0,0.0,0.0,228.6776194318789,0.0,0.0,0.0,-385.5770803178698,0.0,0.0,0.0,-0.028800855790014276,0.0,0.0,0.028800855790014276,0.0,0.028800855790014276,0.0,0.0,0.0,17.280513474008565,35.13704406381741,35.13704406381741,0.0,0.0,0.0,0.0,0.0,0.0,0.0,0.0,0.0,0.0,0.0,0.0,0.0,163.2825068495119,0.0,0.0,0.0,0.0,0.0,0.0,0.0,0.0,0.0,0.0,0.0,0.0,0.0,310.76873299708745,0.0,0.0,0.0,0.04320128368502141,0.0,0.0,0.0,-8.640256737004282,0.0,0.0,0.0,0.0,0.0,-381.17291758485624,1.4400427895007137,0.0,0.0,0.0,0.0,93.9392684082984,-449.159213641247,-1.1594429052262873,0.0,0.0,0.0,0.0,0.0,0.0,0.0,228.6776194318789,0.0,0.0,0.0,90.23982884199714,0.0,59.239828841997145,-23.49447183601305,0.0,-427.26398681421244,426.98338692993804,0.2805998842744275,0.0,619.9257785849175,0.0,1.4400427895007148,595.4726891092854,0.0,0.0,-69.14994354092778,-127.39862623772558,-437.5000000000906,437.5000000000906,0.0,0.0,0.0,0.0,0.0,0.0,0.0,1000.0,-387.6531101376095,35.13704406381741,0.0,0.0,0.0,69.14994354092778,0.0,0.0,0.0,0.0,0.0,621.1987173403928,0.0,0.0,0.0,-91.38125531896276,82.98704648626074,0.0,8.640256737004282,0.0,0.0,0.0,0.0,79.73152912759467,0.0,0.0,0.03168094136911481,0.0,0.0,0.0,17.568522031908707,0.0,0.0,0.0,0.0,-31.479657683994333,0.0,83.30563143151117,0.0,0.0,0.0,0.0,0.0,0.0,-995.6990867127236,0.0,0.0028800855790014276,0.0028800855790014276,0.0,0.0,0.0,0.0,0.0,0.0,0.0,0.0,0.0,0.0,69.14994354092778,0.0,0.0,0.0,0.0,381.17291758485624,0.0,0.0,0.0,0.0,0.0,0.0,0.0,0.0,0.0,0.0,0.0,0.0,167.16948530604517,-1000.0,899.4297015096378,0.0,0.0,0.0,17.280513474008565,0.0,0.0,0.0,0.0,0.0,0.0,-17.280513474008565,0.0,0.0,0.0,0.0,0.0,0.0,0.0,0.0,0.0,69.14994354092778,69.14994354092778,0.0,-1000.0,-1000.0,183.01109306567167,0.0,-8.640256737004282,0.0,558.447136389885,0.0,0.0,0.0,0.0,0.0,0.0,0.0,0.0,0.0,0.0,0.0,0.0,0.0,0.0,0.0,0.0,0.0,-3.6001069737517852,228.6776194318789,-2.1600641842510706,548.7755528028703,0.0,0.0,0.0,0.0,0.0,0.0,-0.36001069737517843,127.39862623772558,0.0,0.0,0.0,0.0,0.0,0.0,0.0,725.2666258125653,8.640256737004282,8.640256737004282,0.0,0.0,0.0,0.0,0.0,0.03168094136911481,381.17291758485624,0.0,0.0,-558.447136389885,0.0,0.0,0.0,0.0,0.0,0.0,0.0,0.0,0.0,0.0,0.0,0.0,0.0,0.0,0.0,0.0,0.0,8.928265294904426,0.0,30.240898579514994,2.2176658958310975,0.0,0.0,0.0,0.0,0.0,381.17291758485624,0.0,1000.0,0.0,0.0,0.0,-3.6001069737517852,0.0,0.0,0.0,0.0,0.0,0.0,0.0,0.0,0.0,0.0,0.0,0.0,0.0,0.0,0.0,0.0,0.0,0.0,-0.028800855790014276,0.0,0.0,1.4400427895007137,-254.30495684026246,0.0,0.0,0.0,0.0,228.6776194318789,0.0,0.0,0.0,-160.8027531659916,0.7200213947503569,0.0,0.0,0.0,0.028800855790014276,0.0,28.80085579001427,0.0,5.760171158002855,0.20572039850010196,98.21091824394868,-0.021600641842510704,1.4400427895007137,0.5760171158002855,-0.14400427895011075,-98.21091824394868,8.640256737004282,-0.028800855790014263,7.831490612004351,8.640256737004282,0.007200213947503569,0.20572039850010196,-23.49447183601305,-4.585096241769465,68.5739264251275,73.64037194713308,-0.028800855790014276,0.007200213947503569,-98.21091824394868,2.8800855790014275,0.028800855790014276,0.028800855790014276,-381.1124357876971,0.031680941369015704,0.0,-0.021600641842510704,8.640256737004282,0.028800855790014276,8.640256737004282,-14.400427895007137,-0.014400427895007136,-175.21088865361193,-85.0,-0.021600641842510704,-0.028800855790014276,0.0,0.028800855790014276,2.8800855790014275,-0.5760171158002855,310.76873299708745,310.76873299708745,-2.8800855790014275,-73.64037194713308,-310.76873299708745,5.760171158002855,0.04320128368502141,599.1124634117518,2.8800855790014275,-266.9970652374642,8.640256737004282,-5.760171158002855,0.014400427895007136,0.28800855790014274,162.17321624420916,96.0,-0.028800855790014276,-387.6531101376095,381.1124357876971,8.928265294904426,0.028800855790014276,4.585096241769465,-25.920770211013004,8.640256737004282,-0.028800855790014276,-0.007200213947503569,-8.640256737004282,-0.028800855790014276,-123.42554585250974,0.028800855789853586,-0.007200213947503569,-0.007200213947503569,-0.007200213947503569,11.52034231600571,14.400427895007137,0.28800855790014274,21.337834033426518,-0.007200213947503569,316.51494187641396,1.4400427895007137,21.5,0.028800855790014276,0.014400427895007138,0.014400427895007138,7.200213947503568,0.0,0.028800855790014276,0.0,0.28800855790014274,0.028800855790014276,-21.337834033426518,0.028800855790014276,0.11520342316009646,0.14400427895011075,0.014400427895007136,0.007200213947503568,8.640256737004282,-0.028800855790014276,0.0,-34.28696321256375,-42.675668066853035,0.7200213947503569,-2.8800855790014275,5.760171158002855,1.4400427895007137,-0.028800855790014276,23.49447183601305,0.04320128368502141,-0.028800855790014276,-14.400427895007136,0.0,3.5494744703526133,0.014400427895007138,-43.0,-0.028800855790014276,-0.028800855789853586,-0.02880085579001428,0.014400427895007138,98.21091824394868,-5.760171158002855,0.028800855790014276,324.3464324884183,-0.007200213947503569,-0.031680941369015704,-324.3464324884183,4.32012836850214,85.0,-648.7934010342981,98.21091824394868,-0.021600641842510704,387.6531101376095,-96.0,0.028800855790014276,-0.007200213947503567,1.4400427895007148,28.80085579001427,-0.014400427895007138,-0.028800855790014276,0.007200213947503569,1000.0,0.0,-1000.0,0.0,-46.0,0.0,-108.0,-31.0,0.0,333.2775997225874,-93.0,-65.0,-400.87313616035317,-166.6387998612937,23.0,46.5,0.0,15.5,-381.17291758485624,-83.28100359794728,400.87313616035317,65.0,-83.28100359794728,108.0,-42.47965768399421,0.0,1496.5981,hclb
123,0.0,0.0,0.0,0.0,0.0,0.0,0.0,0.0,-0.03229838674508242,0.0,0.0,0.0,0.0,0.0,0.0,0.0,-433.44395890575527,3.210222275044785,0.0,1000.0,0.0,0.0,0.0,336.68095463659733,0.0,140.56768874952894,0.0,0.0,0.0,315.12959337107145,37.769376659902946,-37.769376659902946,6.934083326791871,0.0,0.0,0.0,0.0,285.93257222676823,0.0,-1000.0,990.3104839764753,0.0,-1000.0,0.0,0.0,0.0,0.0,0.0,-443.7571001882256,-279.1147086494197,0.0,0.0,0.0,0.03552822541958278,0.0,0.0,0.0,6.459677349016484,0.0,0.0,-127.84430701738492,0.0,144.54853192013502,0.0,389.6039688937928,0.0,0.0,0.0,138.9837590962895,-138.9837590962895,0.0,0.32298386745082425,0.0,0.0,0.0,0.0,0.0,0.0,0.0,0.0,0.0,0.0,0.0,0.0,19.379032047049453,0.0,117.97817850565032,905.5853122181732,914.716880719008,84.20636163269756,-0.008074596686270606,0.0,0.0,0.0,9.689516023524726,0.0,9.689516023524726,-38.809384713094815,0.0,0.0,0.0,1.614919337254121,-684.8704066289285,0.0,0.0,-23.352122326141814,0.0,0.0,0.0,0.0,0.0,0.0,0.0,0.0,0.0,0.0,0.0,0.0,0.0,0.0,0.0,0.0,0.0,0.0,-470.9733724440898,0.0,0.0,9.689516023524726,0.0,10.012499890975551,10.012499890975551,0.0,0.0,0.0,0.0,0.0,929.9890099784625,0.0,0.0,-946.6932348812127,0.0,0.0,0.0,0.0,0.0,120.46515428502167,0.03229838674508242,0.0,0.0,0.0,-458.5207681186005,458.5207681186005,0.0,0.0,0.0,0.0,84.93987113692043,0.0,0.0,0.0,0.0,0.0,877.8950641121937,877.8950641121937,0.0,0.0,0.0,0.0,145.31228036656367,0.0,0.0,915.6967391588418,0.0,0.0,0.0,-49.023030554505056,0.0,0.0,0.0,0.0,0.0,0.0,0.0,0.0,0.0,0.0,-245.75799439324464,0.0,0.0,0.0,0.0,-477.92603683694006,0.0,0.0,0.0,0.0,0.0,279.1147086494197,1000.0,-461.82821202994757,461.82821202994757,16.70422490275021,0.0,0.0,0.0,0.0,0.0,0.0,1000.0,-945.4969756921519,0.0,0.0,0.0,0.0,0.0,0.0,0.0,0.0,0.0,0.0,0.0,0.0,0.0,444.52418810216056,-30.08064530196703,-437.9285342770907,0.0,0.0,0.0,0.0,81.73786293874667,0.0,0.0,0.0,0.0,-127.84430701738492,-437.9285342770907,37.769376659902946,0.0,0.0,0.0,0.0,0.0,0.0,0.0,0.0,0.0,0.0,0.0,-1000.0,-623.4549072510445,1000.0,0.0,437.9285342770907,0.0,0.0,16.704224902750184,-333.77628046565496,0.0,0.0,0.0,-434.54984508314124,0.0,0.0,-1000.0,-1000.0,630.4171730478432,-1000.0,1000.0,630.4171730478431,452.88866868906047,0.0,79.55379821514975,279.1147086494197,0.0,11.69541095923418,0.0,0.0,0.0,-91.58659560271815,0.0,91.58659560271815,0.0,1000.0,0.0,0.0,-725.0947298102332,0.0,0.0,0.0,-127.84430701738492,-0.04844758011762363,0.0,0.0,0.0,0.0,0.03229838674508242,0.0,0.0,0.0,369.7944329719184,-433.44395890575527,0.0,-534.0860320462683,-64.79036740417315,0.0,1000.0,0.0,2.7808910987515882,0.0,-23.352122326141814,0.0,0.0,0.0,-2.7808910987515882,0.0,0.0,-1000.0,-1000.0,0.0,0.0,0.0,0.0,0.0,0.0,0.0,0.0,0.0,0.0,0.0,0.0,0.0,0.0,0.0,0.0,0.0,-713.9382342262516,0.0,-1000.0,0.0,0.0,0.0,0.0,0.0,0.0,-82.69577762511872,0.0,0.0,0.0,0.0,0.0,0.0,0.0,-1.614919337254121,0.0,-138.9837590962895,0.0,195.80853929197468,0.0,-43.48977775225349,0.0,0.0,-1000.0,-0.8074596686270605,-197.4234586292288,0.0,0.0,945.5975988101959,0.0,0.0,9.689516023524726,0.0,0.0,0.0,0.0,0.0,0.0,0.0,-444.52418810216056,444.52418810216056,444.52418810216056,-148.8387143193951,0.0,0.0,-438.3023931315994,0.0,0.0,1000.0,0.0,0.0,-36.4364819262193,0.0,-812.5000000000008,0.0,0.0,0.0,0.0,0.0,-39.770161325491756,0.0645967734901864,0.0,0.0,0.0,0.0,0.0,0.0,0.0,0.0,0.0,0.0,0.0,0.0,0.0,0.0,0.0,0.0,0.0,0.0,0.0,0.03552822541958278,0.03552822541958278,37.769376659902946,534.0645107531441,0.0,19.379032047049453,0.0,0.0,0.0,1000.0,0.0,0.0,117.97817850565032,0.0,0.0,168.3567136237191,-1000.0,0.0,0.0,0.0,0.0,0.0,0.0,0.0,0.0,0.0,0.0,0.0,0.0,0.0,156.99112414802994,-369.7944329719184,0.0,0.0,120.46515428502167,0.0,0.0,0.0,-98.44208784149689,0.0,168.3567136237191,0.0,1000.0,-871.4134477017727,-437.5000000000004,437.5000000000004,444.52418810216056,0.0,0.0,0.0,0.0,0.0,0.0,0.0,0.0,0.0,0.0,0.0,0.0,0.0,19.379032047049453,16.704224902750184,16.704224902750184,0.0,0.0,0.0,0.0,0.0,0.0,0.0,0.0,0.0,0.0,0.32298386745082425,0.0,37.769376659902946,117.97817850565032,-117.97817850565032,37.769376659902946,1000.0,0.0,0.0,9.689516023524726,0.0,0.0,0.0,0.0,0.0,0.0,0.0,0.0,0.0,0.0,43.96848627884373,0.0,0.0,9.689516023524726,9.689516023524726,1000.0,-1000.0,0.0,0.0,0.0,0.0,0.0,0.0,0.0,684.8704066289285,1000.0,398.9386901958029,0.03229838674508242,0.0,0.0,-468.7499999999993,471.35463418822775,0.0,0.0,0.0,0.0,0.0,0.0,0.0,0.0,0.0,0.0,0.0,0.0,0.0,0.0,0.0,0.0,0.0,0.03229838674508242,0.0,0.0,0.0,1000.0,-1000.0,0.0,0.0,0.0,0.0,0.0,631.2424566011329,0.0,0.0,-1000.0,-2.4223790058811816,-1.614919337254121,0.0,0.0,0.0,0.0,0.0,0.0,0.0,0.0,0.0,0.0,0.0,0.0,16.704224902750184,0.0,0.0,0.0,947.21251814745,0.0,0.0,0.0,-0.03229838674508242,0.0,0.0,0.03229838674508242,0.0,0.03229838674508242,0.0,0.0,0.0,19.379032047049453,39.40403182900056,39.40403182900056,0.0,0.0,0.0,0.0,0.0,0.0,0.0,0.0,0.0,1000.0,0.0,0.0,0.0,0.0,0.0,0.0,0.0,0.0,0.0,0.0,0.0,0.0,0.0,0.0,0.0,0.0,0.0,98.44208784149689,0.0,-140.56768874952894,140.56768874952894,0.04844758011762363,0.0,0.0,0.0,-9.689516023524726,0.0,0.0,0.0,0.0,0.0,-534.0645107531441,1.614919337254121,0.0,0.0,0.0,0.0,-145.31228036656367,-631.2424566011329,0.0,0.0,-812.5000000000008,0.0,0.0,0.0,0.0,0.0,16.704224902750184,0.0,0.0,0.0,89.54032265098351,0.0,58.54032265098351,-23.352122326141814,713.9382342262516,-713.9382342262516,0.0,0.0,0.0,-373.18031229465555,0.0,1.614919337254121,736.4659117889612,0.0,0.0,-37.769376659902946,-272.39283893751997,812.5000000000008,-812.5000000000008,0.0,0.0,0.0,0.0,0.0,0.0,0.0,782.2448841522698,-541.3316477707876,39.40403182900056,0.0,37.769376659902946,37.769376659902946,0.0,0.0,0.0,0.0,0.0,0.0,0.0,0.0,0.0,0.0,-2.604634188228431,75.82060555932611,-1000.0,9.689516023524726,117.97817850565032,0.0,0.0,0.0,5.731124334676937,0.0,0.0,0.03552822541958278,0.0,0.0,0.0,19.70201591450028,0.0,0.0,0.0,0.0,-30.08064530196703,0.0,0.0,0.0,0.0,0.0,0.0,0.0,0.0,0.0,0.0,0.003229838674508242,0.003229838674508242,0.0,0.0,0.0,0.0,0.0,0.0,0.0,0.0,0.0,-468.7499999999993,37.769376659902946,0.0,0.0,0.0,0.0,534.0645107531441,0.0,0.0,0.0,0.0,0.0,0.0,0.0,279.1147086494197,0.0,0.0,0.0,235.95635701130064,768.9087802154138,0.0,3.210222275044785,0.0,0.0,0.0,19.379032047049456,0.0,0.0,0.0,0.0,0.0,-846.8289627008193,827.4499306537698,0.0,235.95635701130064,0.0,0.0,0.0,0.0,0.0,0.0,0.0,37.769376659902946,37.769376659902946,0.0,-398.9386901958029,-1000.0,22.124394920381462,0.0,-9.689516023524726,0.0,285.93257222676823,0.0,0.0,0.0,0.0,0.0,0.0,0.0,0.0,0.0,953.125,0.0,-953.125,-953.125,0.0,0.0,0.0,0.0,-4.037298343135303,16.704224902750184,-2.4223790058811816,538.9092687649064,0.0,0.0,0.0,0.0,0.0,-0.4037298343135303,0.0,36.4364819262193,0.0,0.0,0.0,0.0,0.0,0.0,0.0,1000.0,9.689516023524726,9.689516023524726,0.0,0.0,0.0,0.0,0.0,0.03552822541958278,534.0645107531441,0.0,0.0,-285.93257222676823,0.0,0.0,0.0,0.0,0.0,0.0,0.0,0.0,0.0,0.0,0.0,0.0,0.0,0.0,0.0,0.0,0.0,10.012499890975551,0.0,33.91330608233654,120.46515428502167,0.0,0.0,0.0,0.0,0.0,534.0645107531441,0.0,590.8181525507839,0.0,0.0,0.0,-4.037298343135303,0.0,0.0,0.0,0.0,0.0,0.0,0.0,0.0,0.0,0.0,0.0,0.0,0.0,0.0,0.0,0.0,0.0,0.0,-0.03229838674508242,0.0,0.0,1.614919337254121,-168.3567136237191,0.0,0.0,0.0,0.0,16.70422490275021,0.0,0.0,0.0,2.7808910987515882,0.8074596686270605,0.0,0.0,140.56768874952894,0.03229838674508242,0.0,32.29838674508242,0.0,6.459677349016484,0.23070276246487445,110.13749880073107,-0.024223790058811815,1.614919337254121,0.6459677349016485,-0.16149193372530077,-110.13749880073107,9.689516023524726,-0.032298386745082425,7.784040775380604,0.0,0.008074596686270606,0.23070276246487445,-23.352122326141814,-123.12008167546765,37.1234089250013,-569.7662633692895,-0.03229838674508244,0.008074596686270606,-110.13749880073107,3.229838674508242,0.032298386745082425,0.03229838674508242,-533.9966841409794,-117.94265028023072,0.0,-0.024223790058811815,9.689516023524726,0.032298386745082425,9.689516023524726,-16.149193372541212,-0.016149193372541212,-38.2356264846368,-85.0,-0.024223790058811815,-0.032298386745082425,0.0,0.03229838674508242,3.229838674508242,-0.6459677349016485,98.44208784149689,98.44208784149689,-3.229838674508242,569.7662633692895,-98.44208784149689,6.459677349016484,0.04844758011762363,-874.7633676321195,3.229838674508242,-156.99112414802994,0.0,-6.459677349016484,0.016149193372541212,0.32298386745082425,133.52150801156708,96.0,-0.03229838674508242,-541.3316477707876,533.9966841409794,10.012499890975551,0.032298386745082425,123.12008167546765,-38.75806409409887,0.0,-0.03229838674508242,-0.008074596686270606,0.0,-0.03229838674508242,-39.770161325491756,0.03229838674503397,-0.008074596686270606,-0.008074596686270606,-0.008074596686270606,12.919354698032969,16.149193372541212,0.32298386745082425,349.2860448531753,-0.008074596686270606,259.25897524775354,1.614919337254121,21.5,0.03229838674508242,0.016149193372541212,0.01614919337254121,3.229838674508242,0.0,0.03229838674508242,0.0,0.32298386745082425,0.032298386745082425,-1000.0,0.032298386745082425,0.12919354698021834,0.16149193372530077,0.016149193372541212,0.008074596686270606,9.689516023524726,-0.032298386745082425,0.0,-18.56170446250065,-698.5720897063507,0.8074596686270605,-3.229838674508242,6.459677349016485,1.614919337254121,-0.032298386745082425,23.352122326141814,0.04844758011762363,-0.032298386745082425,-6.459677349016488,0.0,46.28109645503397,0.016149193372541212,-43.0,-0.032298386745082425,-0.03229838674503397,-0.032298386745082425,0.016149193372541212,110.13749880073107,-6.459677349016485,0.03229838674508242,267.04301602313416,-0.008074596686270606,117.94265028023072,-267.04301602313416,4.844758011762362,85.0,618.1443778951937,110.13749880073107,-0.024223790058811815,541.3316477707876,-96.0,0.03229838674508244,-0.008074596686270604,1.614919337254121,32.29838674508242,-0.016149193372541212,-0.032298386745082425,0.008074596686270606,586.2562857999139,0.0,337.65218811698895,650.7139551468247,-46.0,0.0,495.0873274408741,-31.0,0.0,-32.0,165.73115929652045,-65.0,-537.095030321758,16.0,23.0,-82.86557964826022,0.0,15.5,-534.0645107531441,-52.0122207897109,537.095030321758,65.0,-52.0122207897109,-495.0873274408741,265.30777643023237,0.0,1496.5981,hclb
124,0.0,0.0,0.0,0.0,0.0,0.0,0.0,0.0,-0.020722909602783092,0.0,0.0,0.0,0.0,0.0,0.0,0.0,-232.85945088585538,564.1074435449309,0.0,0.0,0.0,0.0,0.0,0.0,0.0,0.0,0.0,0.0,0.0,-969.8684707967795,0.0,0.0,0.0,0.0,0.0,0.0,0.0,618.8897179072853,0.0,-1000.0,993.7831271191651,0.0,0.0,0.0,0.0,0.0,0.0,0.0,202.72792168263496,-718.7398463884234,0.0,0.0,0.0,0.022795200563045084,0.0,0.0,0.0,4.144581920556618,0.0,0.0,19.346974409891,0.0,1000.0,734.8873081422387,198.57799773375632,0.0,0.0,0.0,0.0,0.0,0.0,0.2072290960278309,0.0,0.0,0.0,0.0,0.0,0.0,0.0,0.0,0.0,0.0,62.9504276846101,0.0,12.433745761669854,0.0,73.64791677364205,304.0024131428094,-8.828070502258981,600.4299814322626,-0.005180727400695773,0.0,0.0,0.0,6.216872880834927,0.0,6.216872880834927,0.0,0.0,0.0,62.9504276846101,1.0361454801391545,-1000.0,0.0,0.0,-1.4183203978660377,0.0,0.0,0.0,0.0,0.0,0.0,0.0,0.0,0.0,0.0,0.0,0.0,0.0,0.0,0.0,0.0,0.0,0.0,-239.94202904385372,0.0,0.0,6.216872880834927,0.0,6.424101976862758,6.424101976862758,0.0,-953.2187500000001,0.0,953.2187500000001,-953.2187500000001,0.0,0.0,0.0,-284.4596662676524,0.0,0.0,0.0,0.0,0.0,12.293153128446257,0.020722909602783092,0.0,0.0,0.0,0.0,0.0,0.0,0.0,0.0,0.0,453.19810520798427,0.0,0.0,0.0,0.0,0.0,710.1842330408396,710.1842330408396,0.0,0.0,0.0,0.0,-398.88814686201465,0.0,0.0,710.2049559504424,0.0,0.0,0.0,119.05970996476606,0.0,0.0,0.0,0.0,0.0,0.0,0.0,0.0,0.0,0.0,-654.3884512136588,0.0,0.0,0.0,0.0,-1000.0,0.0,0.0,0.0,0.0,0.0,718.7398463884234,0.0,-107.0526033237871,107.0526033237871,284.4596662676524,0.0,0.0,0.0,0.0,0.0,0.0,30.131529203220424,312.4113860399333,0.0,0.0,0.0,0.0,0.0,0.0,0.0,0.0,0.0,0.0,0.0,0.0,0.0,345.178180613908,-23.744080314485284,1000.0,0.0,0.0,0.0,0.0,-284.4596662676524,0.0,0.0,0.0,0.0,19.346974409891,1000.0,0.0,0.0,0.0,0.0,0.0,0.0,0.0,0.0,272.70537888263465,0.0,0.0,0.0,0.0,98.22453282152821,399.67773150165726,0.0,-1000.0,0.0,0.0,284.4596662676524,-572.5922959651722,0.0,0.0,0.0,210.57178754376287,0.0,0.0,-921.3941404563922,-921.3941404563922,0.0,0.0,0.0,921.3941404563922,-115.88067382604618,0.0,-49.67549460430055,718.7398463884234,0.0,70.66512174549034,0.0,0.0,0.0,364.15136645760435,0.0,-364.15136645760435,0.0,489.2197598103106,0.0,0.0,0.0,0.0,0.0,0.0,19.346974409891,-0.031084364404174634,0.0,0.0,0.0,0.0,0.020722909602783092,0.0,0.0,0.0,721.0777482365304,-232.85945088585538,0.0,-959.7681161754149,178.9638517265934,0.0,1000.0,0.0,-1000.0,0.0,-1.4183203978660377,0.0,0.0,0.0,647.584666024838,29.687640296946938,322.727693678215,-309.8361968034086,-1000.0,0.0,0.0,0.0,0.0,0.0,0.0,0.0,0.0,0.0,0.0,0.0,0.0,0.0,0.0,0.0,0.0,0.0,1000.0,0.0,0.0,0.0,381.0273904543025,272.0381011934278,0.0,0.0,0.0,-284.9985320110809,0.0,0.0,0.0,0.0,0.0,0.0,0.0,0.0,0.0,-29.687640296946938,-1000.0,110.90460571137159,-1000.0,0.0,0.0,-1.0361454801391545,1000.0,-0.5180727400695773,-111.94075119151074,0.0,0.0,-727.9955102557143,933.2556837979471,175.7378156818209,6.216872880834927,0.0,0.0,0.0,0.0,0.0,0.0,0.0,-345.178180613908,345.178180613908,345.178180613908,90.27373847730941,0.0,0.0,0.0,0.0,0.0,30.131529203220424,0.0,0.0,-98.46988390058627,0.0,0.0,0.0,0.0,0.0,0.0,0.0,-29.96095319532021,0.04144581920556162,0.0,0.0,0.0,0.0,0.0,0.0,0.0,0.0,0.0,0.0,0.0,0.0,0.0,0.0,0.0,0.0,0.0,0.0,0.0,0.022795200563045084,0.022795200563045084,0.0,437.0335986933514,0.0,12.433745761669854,0.0,0.0,0.0,1000.0,0.0,850.7495375907372,73.64791677364205,0.0,0.0,571.3130322665721,-1000.0,0.0,0.0,87.89508121994739,0.0,0.0,0.0,0.0,0.0,0.0,0.0,0.0,0.0,0.0,79.98067634795125,-721.0777482365304,0.0,0.0,292.49885582387344,0.0,0.0,0.0,0.0,0.0,571.3130322665721,0.0,1000.0,-458.647920928748,0.0,0.0,345.178180613908,0.0,0.0,0.0,0.0,0.0,0.0,0.0,0.0,0.0,0.0,0.0,0.0,0.0,12.433745761669854,284.4596662676524,284.4596662676524,0.0,0.0,0.0,0.0,0.0,0.0,0.0,0.0,0.0,0.0,0.2072290960278309,0.0,0.0,73.64791677364205,-73.64791677364205,0.0,0.0,0.0,0.0,6.216872880834927,-87.89508121994739,0.0,0.0,217.25527501081706,0.0,0.0,0.0,0.0,0.0,0.0,0.0,875.3903602633546,0.0,6.216872880834927,6.216872880834927,-254.1463316608378,-1000.0,0.0,0.0,0.0,0.0,0.0,0.0,0.0,309.8361968034086,30.131529203220424,788.1317628148835,0.020722909602783092,0.0,0.0,-927.7091211210954,929.3802757597771,0.0,0.0,0.0,0.0,0.0,0.0,0.0,0.0,0.0,0.0,0.0,0.0,0.0,0.0,0.0,0.0,0.0,0.020722909602783092,0.0,0.0,0.0,0.0,0.0,0.0,0.0,0.0,381.0273904543025,-12.960430817653105,0.0,0.0,0.0,-1000.0,-1.554218220208732,0.0,-1.0361454801391545,0.0,-593.75,-593.75,593.75,0.0,0.0,0.0,0.0,0.0,0.0,0.0,284.4596662676524,0.0,0.0,0.0,-551.2215490937542,0.0,0.0,0.0,-0.020722909602783092,0.0,0.0,0.020722909602783092,0.0,0.020722909602783092,0.0,0.0,0.0,12.433745761669854,25.28194971539537,25.28194971539537,0.0,0.0,0.0,0.0,0.0,0.0,0.0,0.0,0.0,30.131529203220424,0.0,0.0,570.4785591856884,78.89034935594921,0.0,0.0,0.0,0.0,0.0,0.0,0.0,0.0,0.0,0.0,0.0,0.0,0.0,0.0,0.0,0.0,0.0,0.031084364404174634,0.0,0.0,0.0,-6.216872880834927,0.0,0.0,0.0,0.0,0.0,-437.0335986933514,1.0361454801391545,0.0,0.0,0.0,0.0,398.88814686201465,0.0,-1.0361454801391545,0.0,0.0,0.0,0.0,0.0,0.0,0.0,284.4596662676524,0.0,87.89508121994739,997.0695458146346,91.85541807944338,0.0,60.85541807944338,-1.4183203978660377,0.0,-272.0381011934278,0.0,272.0381011934278,0.0,-597.8742456805676,0.0,1.0361454801391545,615.7069437996346,0.0,0.0,0.0,-245.76571744787037,937.4999999999991,-937.4999999999991,277.34105934963674,-277.34105934963674,0.0,0.0,0.0,0.0,0.0,1000.0,-348.7199852267584,25.28194971539537,0.0,0.0,0.0,0.0,0.0,0.0,0.0,0.0,0.0,272.70537888263465,0.0,0.0,92.97626812721899,-1.6711546386815792,-1000.0,0.0,6.216872880834927,73.64791677364205,0.0,0.0,0.0,274.18906720834406,0.0,0.0,0.022795200563045084,0.0,0.0,0.0,12.640974857697685,0.0,0.0,0.0,0.0,-23.744080314485284,0.0,0.0,0.0,0.0,0.0,0.0,0.0,0.0,790.4382692836276,0.0,0.002072290960278309,0.002072290960278309,0.0,0.0,0.0,0.0,0.0,0.0,0.0,0.0,0.0,-927.7091211210954,0.0,0.0,0.0,0.0,0.0,437.0335986933514,0.0,0.0,0.0,0.0,0.0,0.0,0.0,718.7398463884234,0.0,0.0,0.0,147.2958335472841,-312.66647469337636,0.0,564.1074435449309,0.0,0.0,0.0,12.433745761669854,0.0,0.0,0.0,0.0,0.0,0.0,-12.433745761669854,0.0,147.2958335472841,0.0,0.0,0.0,0.0,0.0,0.0,0.0,0.0,0.0,0.0,-788.1317628148835,-1000.0,663.564101619544,-6.216872880834927,0.0,0.0,999.9171083615879,0.0,0.0,0.0,0.0,0.0,0.0,0.0,0.0,0.0,0.0,0.0,0.0,0.0,0.0,0.0,0.0,0.0,-2.5903637003478863,284.4596662676524,-1.554218220208732,996.5346755481876,0.0,0.0,0.0,0.0,0.0,-0.2590363700347887,0.0,98.46988390058627,0.0,0.0,0.0,0.0,0.0,0.0,0.0,1000.0,6.216872880834927,6.216872880834927,0.0,0.0,0.0,0.0,0.0,0.022795200563045084,437.0335986933514,0.0,0.0,-999.9171083615879,0.0,0.0,0.0,0.0,0.0,0.0,0.0,0.0,0.0,0.0,0.0,0.0,0.0,0.0,0.0,0.0,0.0,6.424101976862758,0.0,21.759055082922245,75.24358081305635,0.0,0.0,0.0,0.0,0.0,437.0335986933514,0.0,272.0381011934278,0.0,0.0,0.0,-2.5903637003478863,0.0,0.0,0.0,0.0,0.0,0.0,0.0,0.0,0.0,0.0,0.0,0.0,0.0,0.0,0.0,0.0,0.0,0.0,-0.020722909602783092,0.0,0.0,1.0361454801391545,-571.3130322665721,0.0,0.0,0.0,0.0,284.4596662676524,0.0,0.0,0.0,-647.584666024838,0.5180727400695773,0.0,0.0,0.0,0.020722909602783092,0.0,20.72290960278309,0.0,4.144581920556618,0.14802078287702208,70.66512174549034,-0.015542182202087317,1.0361454801391545,0.4144581920556618,-0.1036145480148761,-70.66512174549034,6.216872880834927,-0.020722909602783092,0.4727734659553459,0.0,0.005180727400695773,0.14802078287702208,-1.4183203978660377,-76.94700398240235,-0.4144581920556618,-331.2479926590755,-0.020722909602783092,0.005180727400695773,-70.66512174549034,2.072290960278309,0.020722909602783092,0.020722909602783092,-436.99008058318555,-73.62512157307899,-27.124312399588153,-0.015542182202087317,6.216872880834927,0.020722909602783092,6.216872880834927,-10.361454801391545,-0.010361454801391546,-423.23715201266407,282.3666523977713,-0.015542182202087319,-0.020722909602783092,0.0,0.020722909602783092,2.072290960278309,-0.4144581920556618,0.0,0.0,-2.072290960278309,331.2479926590755,0.0,4.144581920556618,0.031084364404174638,-1000.0,2.072290960278309,-79.98067634795125,0.0,-4.144581920556618,0.010361454801391546,0.2072290960278309,239.94202904385372,96.0,-0.020722909602783092,-441.6962533539774,436.99008058318555,6.424101976862758,0.020722909602783092,76.94700398240235,-24.867491523339623,0.0,-0.020722909602783092,-0.005180727400695773,0.0,-0.020722909602783092,-29.96095319532021,0.02072290960279588,-0.005180727400695773,-0.005180727400695773,-0.005180727400695773,8.289163841113236,10.361454801391545,0.2072290960278309,199.12280874296022,-0.005180727400695773,479.4112846217521,1.0361454801391545,16.016622077799262,0.020722909602783092,0.010361454801391546,0.010361454801391546,2.072290960278309,0.0,0.020722909602783092,0.0,0.2072290960278309,0.020722909602783092,-566.6622549249632,0.020722909602783092,0.08289163841209302,0.1036145480148761,0.010361454801391546,0.005180727400695773,6.216872880834927,-0.020722909602783092,27.124312399588153,0.2072290960278309,-398.24561748592043,0.5180727400695775,-2.072290960278309,4.144581920556618,1.0361454801391545,-0.020722909602783092,1.4183203978660377,0.031084364404174634,-0.020722909602783092,-4.144581920556618,0.0,-131.19483319904808,0.010361454801391546,-32.033244155598524,-0.020722909602783092,-0.02072290960279588,-0.020722909602783092,0.010361454801391546,70.66512174549034,-4.144581920556618,0.020722909602783092,479.88405808770744,-0.005180727400695773,73.62512157307899,-479.88405808770744,3.1084364404174636,-282.3666523977713,599.9776527835203,70.66512174549034,-0.015542182202087319,441.6962533539774,-96.0,0.020722909602783092,-0.005180727400695773,1.0361454801391545,20.72290960278309,-0.010361454801391546,-0.020722909602783092,0.005180727400695773,1000.0,0.0,515.4403309389822,367.539446182003,-46.0,0.0,-108.0,-1.8762967000875277,0.0,-32.0,-93.0,-65.0,-484.5493076062164,16.0,23.0,46.5,0.0,0.9381483500437638,-437.0335986933514,-142.994234009296,484.5493076062164,65.0,-142.99423400929595,108.0,-42.60239971846934,0.0,1496.5981,hclb
125,0.0,0.0,0.0,0.0,0.0,0.0,0.0,0.0,-0.00764870106005825,0.0,0.0,0.0,0.0,0.0,0.0,0.0,955.9608063160721,-463.5022722103574,0.0,-261.54301731331736,0.0,0.0,0.0,300.5271715902814,0.0,85.05150146880099,0.0,0.0,0.0,-1000.0,0.0,0.0,874.6694158805402,0.0,0.0,0.0,0.0,316.4392394241465,0.0,-1000.0,1000.0,0.0,0.0,0.0,0.0,0.0,0.0,0.0,-955.9608063160721,0.0,0.0,0.0,0.0,0.008413571166071639,0.0,0.0,0.0,1.52974021201165,0.0,0.0,-127.66520445297854,0.0,0.0,-288.91854055348045,0.0,0.0,0.0,0.0,0.0,776.627932767343,0.0,0.0764870106005825,0.0,0.0,0.0,0.0,0.0,0.0,0.0,0.0,0.0,0.0,-193.52939674489517,0.0,4.58922063603495,0.0,180.74272087979247,955.9608063160721,-890.9154574083253,0.0,-0.0019121752650145625,0.0,0.0,0.0,2.294610318017475,0.0,74.16005997130772,0.0,458.00664795694325,0.0,0.0,0.3824350530029125,-1000.0,0.0,0.0,-2.298563708309532,0.0,0.0,0.0,0.0,0.0,0.0,0.0,0.0,0.0,0.0,0.0,0.0,0.0,0.0,0.0,0.0,0.0,0.0,-564.881787197167,0.0,0.0,74.16005997130772,0.0,2.371097328618057,0.0,0.0,0.0,0.0,0.0,0.0,-161.2533361005019,0.0,0.0,0.0,0.0,0.0,0.0,0.0,0.0,374.86106760631213,0.007648701060058249,0.0,0.0,0.0,-460.28389161909894,460.28389161909894,0.0,0.0,86.47675398698279,0.0,-275.5716581211558,0.0,0.0,0.0,0.0,0.0,999.99235129894,999.99235129894,0.0,0.0,0.0,0.0,0.0,0.0,0.0,1000.0,0.0,0.0,0.0,77.61180591748405,-230.9802251648785,0.0,0.0,0.0,0.0,0.0,0.0,0.0,0.0,0.0,0.0,0.0,0.0,0.0,0.0,-321.21906442813776,0.0,0.0,0.0,0.0,0.0,0.0,0.0,1000.0,-1000.0,0.0,0.0,0.0,0.0,0.0,0.0,0.0,0.0,-937.4858278445189,0.0,0.0,0.0,0.0,0.0,0.0,0.0,0.0,0.0,0.0,0.0,0.0,0.0,23.545949085378016,31.924930077313544,1000.0,0.0,0.0,0.0,161.2533361005019,0.0,0.0,0.0,0.0,0.0,-127.66520445297854,1000.0,0.0,0.0,0.0,0.0,0.0,0.0,0.0,0.0,0.24628817413031356,0.0,71.86544965329024,0.0,955.949333264482,-934.9661241438433,1000.0,0.0,-1000.0,0.0,0.0,161.2533361005019,9.331415293271066,0.0,0.0,0.0,-144.89333406189849,0.0,0.0,705.629215526478,0.0,-582.6629654968885,705.6292155264779,0.0,-582.6629654968885,109.08454259167468,0.0,274.9547104763253,0.0,0.0,21.339875957562512,0.0,0.0,0.0,-1000.0,0.0,1000.0,0.0,1000.0,0.0,161.2533361005019,-93.64737567055124,0.0,0.0,0.0,-127.66520445297854,-0.011473051590087375,0.0,0.0,0.0,0.0,0.007648701060058249,0.0,0.0,0.0,246.8127162826997,955.9608063160721,0.0,-1.532375805539688,-839.3600670319469,230.9802251648785,834.4364640828173,0.0,0.0,0.0,-2.298563708309532,0.0,0.0,0.0,-0.6585531612710228,0.0,0.6585531612710228,-102.59024441101297,-1000.0,0.0,0.0,0.0,0.0,0.0,0.0,0.0,0.0,0.0,0.0,0.0,0.0,0.0,0.0,0.0,0.0,0.0,-683.5301657716168,0.0,-1000.0,86.47675398698279,0.0,0.0,0.0,0.0,0.0,-375.10735578044245,0.0,565.0592907148556,0.0,0.0,0.0,0.0,0.0,-20.935516475166708,0.0,0.0,-427.44921829612883,-0.3824350530029125,-10.957529138639458,0.0,0.0,20.553081422163796,-456.55056388775307,-0.19121752650145624,0.0,447.9110992367361,0.0,0.0,0.0,449.1496048773014,74.16005997130772,0.0,0.0,0.0,97.23327942473213,0.0,0.0,0.0,-23.545949085378016,23.545949085378016,23.545949085378016,-849.6014718107115,0.0,0.0,-542.2434600414975,0.0,0.0,0.0,0.0,0.0,-55.09830324687408,0.0,0.0,239.72359588849025,0.0,0.0,0.0,0.0,-42.23512989399418,0.015297402120040715,0.0,0.0,0.0,0.0,0.0,0.0,0.0,0.0,0.0,776.627932767343,0.0,0.0,0.0,0.0,0.0,0.0,0.0,0.0,0.0,0.008413571166071639,0.008413571166071639,0.0,118.01620887336637,0.0,4.58922063603495,0.0,0.0,0.0,1000.0,0.0,0.0,180.74272087979247,0.0,0.0,-765.1327015760936,-1000.0,0.0,0.0,0.0,0.0,0.0,239.72359588849025,0.0,0.0,0.0,0.0,0.0,0.0,0.0,188.29392906572232,-246.8127162826997,0.0,0.0,181.33167086141702,0.0,0.0,0.0,0.0,0.0,-765.1327015760936,0.0,192.63216852991218,-1000.0,0.0,0.0,23.545949085378016,0.0,0.0,0.0,0.0,0.0,0.0,0.0,0.0,0.0,0.0,0.0,0.0,0.0,4.58922063603495,161.2533361005019,161.2533361005019,0.0,0.0,0.0,0.0,0.0,0.0,0.0,0.0,0.0,0.0,0.0764870106005825,0.0,0.0,180.74272087979247,-180.74272087979247,0.0,0.0,0.0,0.0,74.16005997130772,0.0,0.0,0.0,0.0,0.0,0.0,0.0,0.0,0.0,0.0,599.0230680110078,0.0,0.0,2.294610318017475,2.294610318017475,1000.0,-1000.0,0.0,239.72359588849025,0.0,0.0,0.0,0.0,0.0,102.59024441101297,0.0,247.57918723616223,0.007648701060058249,0.0,0.0,0.0,10.101202421386926,846.1370158822772,0.0,0.0,0.0,0.0,0.0,0.0,0.0,0.0,0.0,0.0,0.0,0.0,0.0,0.0,0.0,0.0,0.007648701060058249,0.0,0.0,0.0,0.0,0.0,0.0,0.0,0.0,0.0,0.0,189.95193493441315,0.0,0.0,-316.4698342283832,-0.573652579504369,-0.3824350530029125,0.0,0.0,0.0,0.0,0.0,0.0,0.0,0.0,0.0,0.0,0.0,0.0,161.2533361005019,230.9802251648785,0.0,0.0,449.5320399303043,0.0,0.0,0.0,-0.007648701060058249,0.0,0.0,0.007648701060058249,0.0,0.007648701060058249,0.0,0.0,0.0,4.58922063603495,9.331415293271066,9.331415293271066,0.0,0.0,0.0,0.0,0.0,0.0,107.05264275791237,0.0,0.0,0.0,0.0,0.0,0.0,0.0,0.0,0.0,0.0,0.0,0.0,0.0,0.0,0.0,0.0,0.0,0.0,0.0,0.0,0.0,0.0,-85.05150146880099,85.05150146880099,0.011473051590087375,0.0,0.0,0.0,-74.16005997130772,0.0,0.0,0.0,0.0,0.0,-118.01620887336637,0.3824350530029125,0.0,0.0,0.0,0.0,0.0,-189.95193493441315,0.0,0.0,0.0,0.0,0.0,0.0,0.0,0.0,161.2533361005019,0.0,0.0,0.0,94.47025978798835,0.0,63.47025978798835,843.8384521739677,0.0,-565.0592907148556,565.0592907148556,0.0,86.47675398698279,0.0,0.0,0.3824350530029125,789.5298375801851,0.0,0.0,0.0,-416.583745006459,-562.4999999999994,562.4999999999994,612.3011828814807,-612.3011828814807,0.0,0.0,0.0,0.0,0.0,0.0,-1.1473051590084538,9.331415293271066,0.0,0.0,0.0,0.0,0.0,0.0,0.0,0.0,0.0,0.24628817413031356,0.0,0.0,118.58986145287074,-786.72913518873,126.32781152794064,0.0,2.294610318017475,180.74272087979247,0.0,0.0,0.0,-278.20913044883355,0.0,0.0,0.008413571166071639,0.0,0.0,0.0,4.665707646635532,0.0,0.0,0.0,0.0,31.924930077313544,0.0,0.0,0.0,0.0,0.0,0.0,0.0,0.0,-1000.0,0.0,0.0007648701060058469,0.0007648701060058469,0.0,0.0,0.0,0.0,0.0,0.0,0.0,0.0,0.0,0.0,0.0,0.0,0.0,0.0,0.0,118.01620887336637,0.0,0.0,0.0,0.0,0.0,0.0,0.0,0.0,0.0,0.0,0.0,361.48544175958494,0.0,969.37249947908,-463.5022722103574,0.0,0.0,0.0,4.58922063603495,0.0,0.0,0.0,0.0,0.0,-4.58922063603495,0.0,0.0,361.48544175958494,0.0,0.0,0.0,0.0,0.0,0.0,0.0,0.0,0.0,0.0,-247.57918723616223,-1000.0,5.239360226139904,-74.16005997130772,0.0,0.0,316.4392394241465,0.0,0.0,0.0,0.0,0.0,0.0,0.0,0.0,0.0,890.6249999999999,0.0,-890.625,-890.6249999999999,0.0,0.0,0.0,0.0,-0.9560876325072815,161.2533361005019,-0.573652579504369,0.5736525795043718,0.0,0.0,0.0,0.0,0.0,-1000.0,999.9043912367492,141.57505723385685,0.0,0.0,0.0,0.0,0.0,0.0,0.0,1000.0,2.294610318017475,2.294610318017475,0.0,0.0,0.0,0.0,0.0,0.008413571166071639,118.01620887336637,0.0,0.0,-316.4392394241465,0.0,0.0,0.0,0.0,0.0,0.0,0.0,0.0,0.0,0.0,0.0,0.0,0.0,0.0,0.0,0.0,0.0,0.0,0.0,8.031136113061162,0.0,0.0,288.38431361932936,0.0,0.0,0.0,118.01620887336637,0.0,189.56949988141022,0.0,0.0,0.0,-0.9560876325072815,0.0,0.0,0.0,0.0,0.0,0.0,0.0,0.0,0.0,0.0,0.0,0.0,0.0,0.0,0.0,0.0,0.0,0.0,-0.007648701060058249,0.0,0.0,0.3824350530029125,765.1327015760936,0.0,0.0,0.0,0.0,161.2533361005019,0.0,0.0,0.0,0.6585531612710228,0.19121752650145624,0.0,0.0,85.05150146880099,0.007648701060058249,0.0,7.648701060058249,-2.371097328618057,1.5297402120116501,0.054633579000416065,21.339875957562512,-0.005736525795043687,0.3824350530029125,0.152974021201165,-0.03824350529680487,-21.339875957562512,2.294610318017475,-0.00764870106005825,0.766187902769844,239.72359588849025,0.0019121752650145625,0.054633579000416065,-2.298563708309532,-181.96039408855017,-0.152974021201165,-230.9155167923974,-0.00764870106005825,0.0019121752650145625,-21.339875957562512,0.764870106005825,0.00764870106005825,0.007648701060058249,-118.00014660114023,-180.7343073086264,-66.17040247563807,-0.005736525795043687,2.294610318017475,0.00764870106005825,74.16005997130772,68.04109912326112,-0.003824350530029125,346.3391880134129,-0.7725188070658832,-0.005736525795043687,-0.00764870106005825,-2.371097328618057,0.007648701060058249,0.764870106005825,-0.152974021201165,0.0,0.0,-0.764870106005825,230.9155167923974,0.0,1.52974021201165,0.011473051590087375,-690.9931198959255,0.764870106005825,-188.29392906572232,239.72359588849025,-1.52974021201165,0.003824350530029125,0.0764870106005825,0.383093951384922,96.0,-0.007648701060058249,-119.73716661187919,118.00014660114023,2.371097328618057,0.00764870106005825,181.96039408855017,158.67970496313012,239.72359588849025,-0.007648701060058249,-0.0019121752650145625,-239.72359588849025,-0.00764870106005825,-42.23512989399418,0.007648701060171937,-0.0019121752650145625,-0.0019121752650145625,-0.0019121752650145625,3.0594804240233,-68.04109912326112,0.0764870106005825,5.666731397867096,-0.0019121752650145625,0.0,0.3824350530029125,21.5,0.007648701060058249,0.003824350530029125,0.003824350530029125,40.0,2.371097328618057,0.007648701060058249,-2.371097328618057,0.0764870106005825,0.00764870106005825,-5.666731397867096,0.00764870106005825,0.03059480423672767,0.03824350529680487,0.003824350530029125,0.0019121752650145625,2.294610318017475,-0.00764870106005825,66.17040247563807,0.0764870106005825,-11.333462795734192,0.19121752650145626,-0.764870106005825,1.52974021201165,0.3824350530029125,-0.00764870106005825,2.298563708309532,0.011473051590087375,-0.00764870106005825,-80.0,2.371097328618057,309.7929583099348,0.003824350530029125,-43.0,-0.00764870106005825,-0.007648701060171937,-0.00764870106005825,0.003824350530029125,21.339875957562512,-1.52974021201165,0.007648701060058249,0.766187902769844,-0.0019121752650145625,180.7343073086264,-0.766187902769844,1.1473051590087373,0.7725188070658832,347.8522540172782,21.339875957562512,-0.005736525795043687,119.73716661187919,-96.0,0.00764870106005825,-0.0019121752650145623,0.3824350530029125,7.648701060058249,-0.003824350530029125,-0.00764870106005825,0.0019121752650145625,318.1081629440687,0.0,581.9047529537207,0.0,-46.0,0.0,285.9883657526706,-31.0,0.0,51.69146609615203,-93.0,-65.0,-109.08454259167468,-25.845733048076017,23.0,46.5,0.0,15.5,-118.01620887336637,-31.583827861101252,109.08454259167468,65.0,-31.583827861101252,-285.9883657526706,63.271895341767305,0.0,1496.5981,hclb
126,0.0,0.0,0.0,0.0,0.0,0.0,0.0,0.0,-0.0006792645580142464,0.0,0.0,0.0,0.0,0.0,0.0,0.0,-634.3953582311342,0.0,0.0,664.147934716449,0.0,0.0,0.0,825.8834251111155,0.0,0.0,0.0,0.0,0.0,-260.3807332434401,60.74972777790648,-60.74972777790648,18.6086212188556,0.0,0.0,0.0,0.0,20.1309473930419,0.0,-1000.0,822.4132635481442,0.0,0.0,589.8174377007438,0.0,0.0,0.0,0.0,0.0,-623.6529043061116,0.0,0.0,0.0,0.0007471910138137361,0.0,0.0,0.0,0.1358529116028493,0.0,0.0,-152.4793268869153,0.0,152.4793268869153,0.0,0.0,0.0,0.0,0.0,408.42604627831145,-159.97883257524126,0.0,0.006792645580142464,0.0,0.0,0.0,0.0,0.0,0.0,0.0,0.0,0.0,0.0,0.0,0.0,0.40755873480854793,0.0,132.169597062204,-440.4948470293705,500.0,634.3963771279714,-0.0001698161395035616,0.0,0.0,-419.9319884797855,0.20377936740427396,0.0,34.20043478780508,0.0,0.0,0.0,0.0,0.03396322790071232,-260.3807332434401,0.0,0.0,-12.376367034412286,0.0,0.0,0.0,0.0,0.0,0.0,0.0,0.0,0.0,0.0,0.0,0.0,0.0,0.0,0.0,0.0,0.0,0.0,-219.57661109007398,0.0,0.0,34.20043478780508,0.0,0.21057201298441647,0.0,0.0,-708.1537594236282,0.0,708.1537594236282,-708.1537594236282,0.0,0.0,0.0,0.0,0.0,0.0,0.0,0.0,0.0,132.22190043317113,0.0006792645580142464,0.0,0.0,0.0,-1000.0,396.1428541237865,0.0,0.0,0.0,0.0,-17.328255337120154,0.0,0.0,0.0,0.0,0.0,-80.0048692049001,-80.0048692049001,0.0,0.0,0.0,0.0,0.0,0.0,0.0,-19.25446216243564,0.0,0.0,0.0,110.12516067168457,-566.3372698324513,0.0,0.0,0.0,0.0,0.0,0.0,0.0,0.0,0.0,0.0,0.0,0.0,0.0,0.0,-1000.0,0.0,0.0,0.0,0.0,0.0,623.6529043061116,0.0,-500.0,500.0,0.0,0.0,0.0,0.0,0.0,0.0,0.0,0.0,-550.2135721153843,0.0,0.0,0.0,0.0,0.0,0.0,0.0,0.0,0.0,0.0,0.0,0.0,0.0,262.1431459735107,595.12550711982,894.7760914745743,0.0,0.0,0.0,0.0,0.0,0.0,0.0,0.0,0.0,-152.4793268869153,304.9586537738306,60.74972777790648,0.0,0.0,0.0,0.0,0.0,0.0,0.0,60.771600096674455,0.0,33.996655420400806,0.0,0.0,1000.0,-940.4948470293705,0.0,-894.7760914745743,0.0,0.0,0.0,0.0,0.0,0.0,0.0,235.54824044593101,0.0,0.0,587.8809017370799,-312.50000000089886,-312.50000000089886,900.3809017379788,0.0,0.0,0.0,0.0,604.6427817458194,623.6529043061116,0.0,1.8951481168597482,0.0,0.0,0.0,-727.1828649836423,0.0,727.1828649836423,0.0,-415.76461187816363,0.0,0.0,0.0,0.0,0.0,0.0,-152.4793268869153,-0.0010188968370213698,0.0,0.0,0.0,0.0,0.0006792645580142464,0.0,0.0,0.0,905.0279651155205,-634.3953582311342,0.0,-381.4120169541556,586.975317901016,566.3372698324513,856.6136983359493,0.0,705.6866322949217,0.0,-12.376367034412286,0.0,0.0,0.0,113.23907744761553,-1000.0,181.07429025746285,0.0,-1000.0,0.0,0.0,0.0,0.0,0.0,0.0,0.0,0.0,0.0,0.0,0.0,0.0,0.0,0.0,0.0,0.0,0.0,344.92183594270114,0.0,324.7881714914271,0.0,0.0,0.0,0.0,925.2974249576213,942.7269177282741,-132.2437727519391,0.0,0.0,0.0,24.897678025046957,0.0,0.0,0.0,0.0,-1000.0,591.5739537216886,570.6759670191345,459.8006218561751,0.0,-320.1841601359365,0.0,-151.8656173344377,929.9713422006387,999.9830183860496,-459.8345850840758,0.0,0.0,0.0,0.0,248.00569174036093,34.20043478780508,-62.5000000003019,62.5000000003019,0.0,0.0,0.0,0.0,0.0,-262.1431459735107,262.1431459735107,262.1431459735107,105.24051412280943,0.0,0.0,0.0,0.0,0.0,0.0,0.0,0.0,-40.619459649422595,0.0,0.0,0.0,0.0,0.0,0.0,0.0,-42.93207354419857,0.0013585291160806614,0.0,0.0,0.0,0.0,0.0,0.0,0.0,0.0,0.0,0.0,0.0,0.0,0.0,0.0,0.0,0.0,0.0,0.0,0.0,0.0007471910138137361,0.0007471910138137361,60.74972777790648,358.00729306190783,0.0,0.40755873480854793,0.0,0.0,0.0,1000.0,0.0,0.0,132.169597062204,0.0,0.0,297.1017800733153,-1000.0,0.0,0.0,142.65795067001108,0.0,0.0,0.0,0.0,0.0,0.0,0.0,0.0,0.0,0.0,73.19220369669132,-905.0279651155205,603.8571458762135,151.831654106537,253.81966159077282,0.0,0.0,-419.9319884797855,-419.9319884797855,0.0,297.1017800733153,0.0,39.983384222310775,214.18632230680595,0.0,0.0,262.1431459735107,0.0,0.0,0.0,0.0,0.0,0.0,0.0,0.0,0.0,0.0,0.0,0.0,0.0,0.40755873480854793,0.0,0.0,0.0,0.0,0.0,0.0,0.0,0.0,0.0,0.0,0.0,0.0,0.006792645580142464,0.0,60.74972777790648,132.169597062204,-132.169597062204,60.74972777790648,0.0,0.0,0.0,34.20043478780508,-142.65795067001108,0.0,0.0,121.5977611576017,151.831654106537,0.0,0.0,0.0,0.0,0.0,1000.0,647.4040316457217,0.0,0.20377936740427394,0.20377936740427396,1000.0,-1000.0,0.0,0.0,0.0,0.0,0.0,0.0,0.0,-739.6192667565599,0.0,-351.50611208940404,0.0006792645580142464,0.0,0.0,0.0,0.8970658866518146,0.0,0.0,419.9319884797855,0.0,0.0,0.0,0.0,0.0,0.0,0.0,0.0,0.0,0.0,0.0,0.0,0.0,0.0,0.0006792645580142464,0.0,0.0,0.0,0.0,0.0,0.0,0.0,0.0,0.0,-705.8239197422608,1000.0,0.0,-426.41985300967826,-20.133664451274065,-0.05094484185106849,-0.03396322790069917,0.0,0.0,0.0,0.0,0.0,0.0,0.0,0.0,0.0,0.0,0.0,0.0,0.0,566.3372698324513,0.0,0.0,248.03965496826163,0.0,0.0,0.0,-0.0006792645580142464,0.0,0.0,0.0006792645580142464,0.0,0.0006792645580142464,0.0,248.44721370307016,0.0,0.40755873480854793,0.8287027607773808,0.8287027607773808,0.0,0.0,0.0,0.0,0.0,0.0,0.0,603.8571458762135,0.0,0.0,0.0,0.0,113.29756212606054,0.0,0.0,0.0,0.0,0.0,0.0,0.0,0.0,0.0,0.0,0.0,0.0,0.0,0.0,0.0,0.0,0.0,0.0,0.0010188968370213698,0.0,0.0,0.0,-34.20043478780508,0.0,0.0,0.0,0.0,0.0,-358.00729306190783,0.03396322790071232,0.0,0.0,0.0,0.0,0.0,-1000.0,0.0,0.0,0.0,0.0,0.0,0.0,0.0,0.0,0.0,0.0,142.65795067001108,0.0,95.86414708839715,0.0,449.8713359543675,-12.376367034412286,0.0,-426.41985300967826,426.41985300967826,0.0,0.0,-0.8287027607773808,0.0,0.03396322790071232,591.7609580424789,0.0,0.0,-60.74972777790648,-304.9586537738306,0.0,0.0,1000.0,-1000.0,0.0,0.0,0.0,0.0,0.0,-0.10188968370212592,0.0,0.8287027607773808,0.0,0.0,0.0,60.74972777790648,0.0,0.0,0.0,0.0,0.0,60.771600096674455,0.0,0.0,358.16012758746103,-0.8970658866518146,-778.3776030875827,0.0,0.20377936740427396,132.169597062204,0.0,0.0,0.0,-103.88036773706574,0.0,0.0,0.0007471910138137361,0.0,0.0,0.0,0.4143513803886904,0.0,0.0,0.0,0.0,595.12550711982,0.0,0.0,0.0,0.0,0.0,0.0,0.0,0.0,-1000.0,0.0,6.792645580142465e-05,6.792645580142465e-05,0.0,0.0,0.0,0.0,0.0,0.0,0.0,0.0,0.0,0.0,60.74972777790648,0.0,0.0,0.0,0.0,358.00729306190783,0.0,0.0,0.0,0.0,0.0,0.0,0.0,623.6529043061116,0.0,0.0,0.0,264.339194124408,0.0,0.0,0.0,0.0,0.0,0.0,0.4075587348085037,0.0,0.0,0.0,0.0,0.0,999.5924412651915,-1000.0,0.0,264.339194124408,0.0,0.0,0.0,0.0,0.0,0.0,0.0,60.74972777790648,60.74972777790648,0.0,351.50611208940404,-1000.0,113.7628583483003,-34.20043478780508,0.0,0.0,20.1309473930419,0.0,0.0,0.0,0.0,0.0,0.0,0.0,0.0,0.0,0.0,0.0,0.0,0.0,0.0,0.0,0.0,0.0,-0.08490806975178081,0.0,-0.05094484185106849,113.24661728420948,0.0,0.0,0.0,0.0,0.0,0.0,-0.00849080697517808,40.619459649422595,0.0,0.0,0.0,0.0,0.0,0.0,0.0,1000.0,0.20377936740427396,0.20377936740427394,0.0,0.0,0.0,0.0,0.0,0.0007471910138137361,358.00729306190783,0.0,0.0,-20.1309473930419,0.0,0.0,0.0,0.0,0.0,0.0,0.0,0.0,0.0,0.0,0.0,0.0,0.0,0.0,124.22360685153508,0.0,0.0,0.0,0.0,0.713227785914959,132.22190043317113,0.0,0.0,0.0,0.0,0.0,358.00729306190783,0.0,999.9660367720993,0.0,0.0,0.0,-0.08490806975178081,0.0,0.0,0.0,0.0,0.0,0.0,0.0,0.0,0.0,0.0,0.0,0.0,0.0,0.0,0.0,0.0,0.0,0.0,-0.0006792645580142464,0.0,0.0,0.03396322790071232,-297.1017800733153,0.0,0.0,0.0,0.0,0.0,0.0,0.0,0.0,-113.23907744761553,0.016981613950406427,0.0,0.0,0.0,0.0006792645580142464,0.0,0.6792645580142465,-0.21057201298441647,0.1358529116028493,0.00485188970010176,1.8951481168597482,-0.0005094484185106849,0.033963227900690486,0.01358529116028493,-0.0033963227901772086,-1.8951481168597482,0.20377936740427394,-0.0006792645580142464,4.1254556781374285,0.0,0.0001698161395035616,0.00485188970010176,-12.376367034412286,-132.2777359798398,60.736142486746196,-29.752576485314762,-0.0006792645580142464,0.00016981613950356163,-1.8951481168597482,0.06792645580142465,0.0006792645580142464,0.0006792645580142464,-358.005866606336,-132.16884987119016,-36.78796069422961,-0.0005094484185106849,0.20377936740427394,0.0006792645580142464,34.20043478780508,33.65702314139369,-0.0003396322790071232,78.86895010017433,-0.06860572035943889,-0.0005094484185106849,-0.0006792645580142464,-0.21057201298441647,0.0006792645580142464,0.06792645580142675,-0.01358529116028493,0.0,0.0,-0.06792645580142465,29.752576485314762,0.0,0.1358529116028493,0.0010188968370213698,-1000.0,0.06792645580142465,-73.19220369669132,0.0,-0.1358529116028493,0.0003396322790071232,0.006792645580142464,95.3530042385389,96.0,-0.0006792645580142464,-358.16012758746103,358.005866606336,0.21057201298441647,0.0006792645580142465,132.2777359798398,-34.81177289001781,0.0,-0.0006792645580142464,-0.0001698161395035616,0.0,-0.0006792645580142464,-42.93207354419857,0.0006792645579594137,-0.0001698161395035616,-0.0001698161395035616,-0.0001698161395035616,0.2717058232056986,-33.65702314139369,0.006792645580142464,0.5032501294185749,-0.00016981613950356163,186.58055279894037,0.03396322790071232,21.5,0.0006792645580142464,0.0003396322790071232,0.0003396322790071232,0.06792645580142465,0.21057201298441644,0.0006792645580142464,-0.21057201298441647,0.006792645580142464,0.0006792645580142464,-0.5032501294185749,0.0006792645580142464,0.0027170582321658088,0.0033963227901772086,0.0003396322790071232,0.0001698161395035616,0.20377936740427394,-0.0006792645580142464,36.78796069422961,-30.368071243373098,-1.0065002588371499,0.016981613950378005,-0.06792645580142675,0.1358529116028493,0.03396322790071232,-0.0006792645580142464,12.376367034412286,0.0010188968370213698,-0.0006792645580142464,-0.1358529116028493,0.21057201298441644,239.86291484060723,0.0003396322790071232,-43.0,-0.0006792645580142464,-0.0006792645579594137,-0.0006792645580142464,0.0003396322790071232,1.8951481168597482,-0.1358529116028493,0.0006792645580142464,190.7060084770778,-0.0001698161395035616,132.16884987119016,-190.7060084770778,0.10188968370213697,0.06860572035943889,770.7961323821428,1.8951481168597482,-0.0005094484185106849,358.16012758746103,-96.0,0.0006792645580142464,-0.00016981613950356158,24.931641252947617,0.6792645580142465,-0.0003396322790071232,-0.0006792645580142465,0.0001698161395035616,0.0,0.0,365.6032832397496,0.0,164.83203058458324,0.0,95.38397325722985,-31.0,0.0,-32.0,-93.0,153.84995701024314,-634.3963771279714,16.0,-82.41601529229162,46.5,0.0,15.5,-358.00729306190783,-135.9825471035415,634.3963771279714,-153.84995701024314,-135.9825471035415,-95.38397325722985,65.06390984572312,0.0,1496.5981,hclb
127,0.0,0.0,0.0,0.0,0.0,0.0,0.0,0.0,574.9643562131123,0.0,0.0,0.0,0.0,0.0,0.0,0.0,-739.2024281676588,420.2676293112422,0.0,1000.0,0.0,0.0,0.0,0.0,0.0,0.0,0.0,0.0,0.0,-428.45294930240516,0.6797053981136969,-0.6797053981136969,0.0,0.0,0.0,0.0,0.0,-87.16150899812374,0.0,-1000.0,-640.5278422899402,0.0,0.0,689.2505211347464,0.0,0.0,613.9251811691853,6.1053599536464755,478.4048563353176,-795.2982954454753,0.0,0.0,0.0,0.005422169764469336,0.0,0.0,0.0,7.091209001730721,0.0,0.0,-60.16512412003129,0.0,0.0,-60.16512412003129,0.0,0.0,0.0,0.0,1000.0,-1000.0,0.0,0.04929245240421231,0.0,0.0,0.0,0.0,0.0,0.0,0.0,0.0,0.0,0.0,0.0,0.0,2.9575471442527386,0.0,59.504453456486765,240.1418468139974,298.2790738380728,403.4418523238544,-0.0012323113101053076,0.0,0.0,0.0,1.4787735721263693,0.0,1.4787735721263693,0.0,0.0,0.0,0.0,0.24646226202106153,-715.4009306662899,0.0,0.0,-2.6235474386270425,0.0,0.0,0.0,0.0,0.0,0.0,0.0,0.0,0.0,0.0,0.0,0.0,0.0,0.0,0.0,0.0,0.0,0.0,-99.06911530777224,0.0,0.0,1.4787735721263693,0.0,1.5280660245305813,1.5280660245305813,0.0,0.0,0.0,0.0,0.0,130.59556247518347,0.0,0.0,-130.59556247518347,0.0,0.0,0.0,0.0,0.0,59.8840053399992,0.00492924524042123,0.0,0.0,0.0,0.0,0.0,0.0,0.0,86.52480231438881,0.0,-169.46051126110706,0.0,0.0,0.0,0.0,0.0,18.072768745875106,18.072768745875106,0.0,0.0,0.0,0.0,0.0,0.0,0.0,18.757403389229225,0.0,0.0,0.0,-56.08634196116672,-519.8104270049058,0.0,0.0,0.0,0.0,0.0,0.0,0.0,0.0,0.0,0.0,0.0,0.0,0.0,0.0,-1000.0,0.0,0.0,0.0,0.0,0.0,795.2982954454753,0.0,-701.7209261619272,701.7209261619272,0.0,0.0,0.0,0.0,0.0,0.0,0.0,286.94798136388476,-936.6020047031369,0.0,0.0,0.0,0.0,0.0,0.0,0.0,0.0,0.0,0.0,0.0,0.0,0.0,174.32156961709362,-41.028301903831505,689.2505211347464,0.0,0.0,0.0,0.0,0.0,0.0,0.0,0.0,0.0,-60.16512412003129,0.0,0.6797053981136969,0.0,0.0,0.0,0.0,0.0,0.0,0.0,344.5472493079833,0.0,0.0,0.0,-1000.0,0.0,16.825776987387826,0.0,-689.2505211347464,0.0,0.0,0.0,-60.16512412003129,0.0,0.0,0.0,223.81286031338573,0.0,0.0,341.360407572433,0.0,924.2997301980498,-582.9393226256168,924.2997301980498,0.0,-403.4418523238544,0.0,0.0,795.2982954454753,0.0,16.808726269836395,0.0,0.0,0.0,-108.91058015606811,0.0,108.91058015606811,0.0,454.1593656984734,0.0,0.0,-236.5670027966927,0.0,0.0,0.0,-60.16512412003129,-0.0073938678606318455,0.0,0.0,0.0,0.0,0.00492924524042123,0.0,0.0,0.0,653.9739771198904,-739.2024281676588,0.0,-1.7490316257513616,189.66107104913388,519.8104270049058,-639.0490687178138,0.0,0.0,0.0,-2.6235474386270425,0.0,0.0,0.0,784.5930205096284,-699.8717920245936,-84.72122848503489,-1000.0,-731.3878467390937,0.0,0.0,0.0,0.0,0.0,0.0,0.0,0.0,0.0,0.0,0.0,0.0,0.0,0.0,0.0,0.0,0.0,-446.98574891458543,0.0,-1000.0,0.0,640.1560431025766,343.7088222131275,0.0,0.0,0.0,-403.7515492498688,0.0,0.0,0.0,0.0,0.0,699.8717920245936,-937.5000000000002,-224.88500440249908,0.0,-1000.0,687.6755284834896,-761.2981466608605,-706.933428756021,0.0,937.5000000000002,0.0,261.63622087192095,-0.12323113101053076,761.0516843988395,0.0,0.0,484.44761941316347,0.0,-200.70364745555253,1.4787735721263693,0.0,0.0,0.0,0.0,0.0,574.9692854583527,0.0,-174.32156961709362,174.32156961709362,174.32156961709362,94.6376983905428,0.0,0.0,0.0,0.0,0.0,286.94798136388476,0.0,0.0,-1.3213413270890442,0.0,0.0,0.0,0.0,0.0,0.0,0.0,-42.507075475957876,0.009858490480892886,0.0,0.0,0.0,0.0,0.0,0.0,0.0,0.0,0.0,0.0,0.0,0.0,0.0,0.0,0.0,0.0,0.0,0.0,0.0,0.005422169764469336,0.005422169764469336,0.6797053981136969,269.33572056900937,0.0,2.9575471442527386,0.0,0.0,0.0,1000.0,0.0,0.0,59.504453456486765,0.0,0.0,75.29643083047922,-1000.0,0.0,0.0,702.6585493450713,0.0,0.0,0.0,0.0,0.0,0.0,0.0,0.0,0.0,0.0,33.02303843592408,-653.9739771198904,0.0,224.63854214047802,59.8840053399992,0.0,0.0,0.0,0.0,0.0,75.29643083047922,0.0,-45.56769630962843,78.35705166414978,0.0,0.0,174.32156961709362,0.0,0.0,0.0,0.0,0.0,0.0,0.0,0.0,0.0,0.0,0.0,0.0,0.0,2.9575471442527386,0.0,0.0,0.0,0.0,0.0,0.0,0.0,0.0,0.0,0.0,0.0,0.0,0.04929245240421231,0.0,0.6797053981136969,59.504453456486765,-59.504453456486765,0.6797053981136969,0.0,0.0,0.0,1.4787735721263693,-702.6585493450713,0.0,0.0,0.0,224.63854214047802,0.0,0.0,0.0,0.0,0.0,726.0347928174341,0.0,0.0,1.4787735721263693,1.4787735721263693,1000.0,-1000.0,0.0,0.0,0.0,0.0,0.0,0.0,0.0,715.4009306662899,286.94798136388476,1000.0,0.00492924524042123,0.0,0.0,0.0,0.3975084197453978,0.0,0.0,0.0,0.0,0.0,0.0,0.0,0.0,0.0,0.0,0.0,0.0,0.0,0.0,0.0,0.0,0.0,0.00492924524042123,0.0,0.0,0.0,0.0,0.0,0.0,0.0,0.0,640.1560431025766,-60.289189298762324,297.3367858383392,-86.52480231438881,0.0,-850.1045746617327,-0.3696933930315923,-0.24646226202106133,0.0,0.0,0.0,0.0,0.0,0.0,0.0,0.0,0.0,0.0,0.0,0.0,0.0,519.8104270049058,0.0,0.0,283.99043421963205,0.0,0.0,0.0,574.9643562131123,0.0,0.0,0.00492924524042123,0.0,0.00492924524042123,0.0,0.0,0.0,2.9575471442527386,6.0136791933139015,6.0136791933139015,0.0,0.0,0.0,0.0,0.0,0.0,0.0,0.0,0.0,286.94798136388476,0.0,0.0,785.0174285248287,0.0,0.0,0.0,0.0,0.0,0.0,0.0,0.0,0.0,0.0,0.0,0.0,0.0,0.0,0.0,0.0,-197.2637148026688,197.2637148026688,0.0073938678606318455,0.0,0.0,0.0,-1.4787735721263693,0.0,0.0,0.0,0.0,0.0,-269.33572056900937,0.24646226202106153,0.0,0.0,0.0,0.0,0.0,343.46235995110646,0.0,0.0,0.0,0.0,0.0,0.0,0.0,0.0,0.0,0.0,702.6585493450713,0.0,95.01415095191575,0.0,64.01415095191575,-2.6235474386270425,297.09032357631816,0.0,0.0,-297.09032357631816,86.52480231438881,-66.17880331334518,0.0,0.24646226202106133,1000.0,0.0,0.0,-0.6797053981136969,-120.33024824006257,0.0,0.0,0.0,0.0,0.0,0.0,0.0,0.0,0.0,214.61287808213964,-215.35226486820298,6.0136791933139015,0.0,0.0,0.0,0.6797053981136969,0.0,0.0,0.0,0.0,0.0,344.5472493079833,0.0,0.0,55.092535879901305,-0.3975084197453978,-62.29030879953484,0.0,1.4787735721263693,59.504453456486765,0.0,0.0,0.0,-178.03429984825385,0.0,0.0,0.005422169764469336,0.0,0.0,0.0,3.0068395966569508,0.0,0.0,0.0,0.0,-41.028301903831505,0.0,0.0,0.0,0.0,0.0,0.0,0.0,0.0,-726.7144982155478,0.0,0.0004929245240421231,0.0004929245240421231,0.0,0.0,0.0,0.0,0.0,0.0,0.0,0.0,0.0,0.0,0.6797053981136969,0.0,0.0,0.0,0.0,269.33572056900937,0.0,0.0,0.0,0.0,0.0,0.0,0.0,795.2982954454753,0.0,0.0,0.0,119.00890691297353,0.0,0.0,420.2676293112422,0.0,0.0,0.0,2.9575471442527386,0.0,0.0,0.0,0.0,0.0,0.0,-2.9575471442527386,0.0,119.00890691297353,0.0,0.0,0.0,0.0,0.0,0.0,0.0,0.6797053981136969,0.6797053981136969,0.0,-1000.0,-1000.0,788.3939615145173,0.0,-1.4787735721263693,0.0,552.9945341044529,0.0,0.0,0.0,0.0,0.0,0.0,0.0,0.0,0.0,0.0,0.0,0.0,0.0,0.0,0.0,0.0,0.0,-0.6161556550526537,0.0,-0.3696933930315923,1000.0,0.0,0.0,0.0,0.0,0.0,0.0,-0.06161556550526538,87.84614364147785,0.0,0.0,0.0,0.0,0.0,0.0,0.0,731.3878467390937,1.4787735721263693,1.4787735721263693,0.0,0.0,0.0,0.0,0.0,0.005422169764469336,269.33572056900937,0.0,0.0,-552.9945341044529,0.0,0.0,0.0,0.0,0.0,0.0,0.0,0.0,0.0,0.0,0.0,0.0,0.0,0.0,98.6318574013344,0.0,0.0,1.5280660245305813,0.0,5.175707502442292,59.8840053399992,0.0,0.0,0.0,0.0,0.0,269.33572056900937,0.0,0.0,0.0,0.0,0.0,-0.6161556550526537,0.0,0.0,0.0,0.0,0.0,0.0,0.0,0.0,0.0,0.0,0.0,0.0,0.0,0.0,0.0,0.0,0.0,0.0,-0.00492924524042123,0.0,0.0,0.24646226202106153,-75.29643083047922,0.0,0.0,0.0,0.0,0.0,0.0,0.0,0.0,-784.5930205096284,0.12323113101053076,0.0,0.0,0.0,0.00492924524042123,0.0,4.92924524042123,0.0,0.9858490480842462,0.03520889457443736,16.808726269836395,-0.0036969339303159227,0.2464622620210548,0.09858490480842462,-0.02464622620209652,-16.808726269836395,1.4787735721263693,-0.00492924524042123,0.8745158128756808,0.0,0.0012323113101053076,0.03520889457443736,-2.6235474386270425,-60.289189298762324,0.5811204933052723,-681.0652011435834,-0.00492924524042123,0.0012323113101053076,-16.808726269836395,0.49292452404212306,0.00492924524042123,0.00492924524042123,-269.3253691540045,-59.4990312867223,-37.259980598703805,-0.0036969339303159227,1.4787735721263693,0.00492924524042123,1.4787735721263693,-2.4646226202106156,-0.002464622620210615,211.96758673706495,-0.49785376928254427,-0.0036969339303159227,-0.00492924524042123,0.0,0.00492924524042123,0.49292452404212306,-0.09858490480842462,0.0,0.0,-0.49292452404212306,681.0652011435834,0.0,0.9858490480842461,0.0073938678606318455,-396.5859748253987,0.49292452404212306,-33.02303843592408,0.0,-0.9858490480842461,0.002464622620210615,0.04929245240421231,0.4372579064378404,96.0,-0.00492924524042123,-270.4448007481043,269.3253691540045,1.5280660245305813,0.00492924524042123,60.289189298762324,-5.915094288505429,0.0,-0.00492924524042123,-0.0012323113101053076,0.0,-0.00492924524042123,-42.507075475957876,0.004929245240435893,-0.0012323113101053076,-0.0012323113101053076,-0.0012323113101053076,1.9716980961684922,2.4646226202106156,0.04929245240421231,335.76796971166505,-0.0012323113101053076,0.0,0.24646226202106153,21.5,0.00492924524042123,0.002464622620210615,0.002464622620210615,0.49292452404212306,0.0,0.00492924524042123,0.0,0.04929245240421231,0.00492924524042123,-1000.0,0.00492924524042123,0.019716980961672882,0.02464622620209652,0.002464622620210615,0.0012323113101053076,1.4787735721263693,-0.00492924524042123,37.259980598703805,-0.29056024665263613,-671.5359394233301,0.12323113101053751,-0.49292452404212306,0.9858490480842461,0.24646226202106153,-0.00492924524042123,2.6235474386270425,0.0073938678606318455,-0.00492924524042123,-0.9858490480842477,0.0,211.76166355411658,0.002464622620210615,-43.0,-0.00492924524042123,-0.004929245240435893,-0.00492924524042123,0.002464622620210615,16.808726269836395,-0.9858490480842461,0.00492924524042123,0.8745158128756808,-0.0012323113101053076,59.4990312867223,-0.8745158128756808,0.7393867860631845,0.49785376928254427,109.3200803124498,16.808726269836395,-0.0036969339303159227,270.4448007481043,-96.0,0.00492924524042123,-0.0012323113101053076,0.24646226202106133,4.92924524042123,-0.002464622620210615,-0.00492924524042123,0.0012323113101053076,1000.0,0.0,396.5835102027785,664.232030288335,148.19028530191173,0.0,694.5093544996798,-2.7324837584403574,0.0,-32.0,-93.0,-65.0,0.0,16.0,-74.09514265095586,46.5,0.0,1.3662418792201787,-269.33572056900937,-33.727363705862714,0.0,65.0,-33.727363705862714,-694.5093544996798,349.9657621320716,0.0,1496.5981,hclb
128,0.0,0.0,0.0,0.0,0.0,0.0,0.0,0.0,-0.01948841006841473,0.0,0.0,0.0,0.0,0.0,0.0,0.0,185.27853437084656,237.28883889632263,0.0,-44.74065858641427,0.0,0.0,0.0,0.0,0.0,0.0,0.0,0.0,0.0,-185.27853437084656,0.0,0.0,29.258042029428605,0.0,0.0,0.0,0.0,999.9220463597269,0.0,-1000.0,1000.0,0.0,0.0,0.0,0.0,0.0,4.986734974434171,0.0,0.0,0.0,0.0,0.0,0.0,0.02143725107524086,0.0,0.0,0.0,3.897682013682946,0.0,0.0,-149.4419229849979,0.0,1000.0,825.9176625307194,0.0,0.0,0.0,0.0,754.6062355468279,-754.6062355468279,0.0,0.1948841006841473,0.0,0.0,0.0,0.0,0.0,0.0,0.0,0.0,0.0,0.0,367.4681645295751,0.0,11.69304604104884,0.0,155.93911516640074,125.20616374938797,639.77367263906,-572.4316560785396,-0.0048721025171036825,0.0,0.0,0.0,5.846523020524419,0.0,5.84652302052442,0.0,0.0,0.0,367.4681645295751,0.9744205034207364,-185.27853437084656,0.0,0.0,-1.3112641080594447,0.0,0.0,0.0,0.0,0.0,0.0,0.0,0.0,0.0,0.0,0.0,0.0,0.0,0.0,0.0,0.0,0.0,0.0,-442.1471358382813,0.0,0.0,5.84652302052442,0.0,6.041407121208565,6.041407121208565,0.0,0.0,0.0,0.0,0.0,-859.1975472259923,0.0,0.0,834.5571327417096,0.0,0.0,0.0,0.0,0.0,-210.02844178790644,0.01948841006841473,0.0,0.0,0.0,0.0,-117.80207790876403,0.0,0.0,0.0,0.0,-1.0310889031230914,0.0,0.0,0.0,0.0,0.0,999.9805115899316,999.9805115899316,0.0,0.0,0.0,0.0,58.37837544501218,0.0,0.0,1000.0,0.0,0.0,0.0,0.0,-718.0102458357214,0.0,0.0,0.0,0.0,0.0,0.0,0.0,0.0,0.0,-644.0804235415603,0.0,0.0,0.0,0.0,-1000.0,0.0,0.0,0.0,0.0,0.0,0.0,0.0,-67.34201656052039,67.34201656052039,0.0,0.0,0.0,0.0,0.0,0.0,0.0,0.0,-874.4780524842784,0.0,0.0,0.0,0.0,0.0,0.0,0.0,0.0,0.0,0.0,0.0,0.0,0.0,152.0956283561518,82.59744193612993,0.0,0.0,0.0,0.0,24.640414484282744,83.0316705830901,0.0,0.0,0.0,0.0,-149.4419229849979,0.0,0.0,0.0,0.0,0.0,0.0,0.0,0.0,0.0,935.1528008102063,0.0,0.0,0.0,-707.1156891995804,0.0,57.86414718886758,0.0,0.0,0.0,0.0,24.640414484282744,-800.3518148260696,0.0,0.0,0.0,-88.14713600602283,0.0,0.0,-1000.0,0.0,0.0,-1000.0,0.0,0.0,572.4316560785396,0.0,0.0,0.0,0.0,-16.576192249795866,0.0,0.0,0.0,-519.7848823248224,0.0,519.7848823248224,0.0,537.1304126550951,0.0,24.640414484282744,0.0,0.0,0.0,0.0,-149.4419229849979,-0.029232615102622088,0.0,0.0,0.0,0.0,0.01948841006841473,0.0,0.0,0.0,-24.030994413820736,185.27853437084656,0.0,-298.39331892360605,-847.879491763654,718.0102458357214,905.1037905499246,0.0,-672.0665152493006,0.0,-1.3112641080594447,0.0,0.0,0.0,-1.6779521068904928,0.0,673.7444673561911,-1000.0,-1000.0,0.0,0.0,0.0,0.0,0.0,0.0,0.0,0.0,0.0,0.0,0.0,0.0,0.0,0.0,0.0,0.0,0.0,0.0,0.0,-1000.0,0.0,0.0,934.5252740060039,0.0,0.0,0.0,-725.1243590222998,0.0,0.0,0.0,0.0,0.0,-400.48724644544626,0.0,0.0,0.0,-354.1189891013816,0.0,963.283043305575,0.0,-699.9856115133115,0.0,-0.9744205034207365,0.0,-0.48721025171036825,-964.2574638089958,-122.18096819957168,0.0,-484.5470347460698,1000.0,422.59873923303473,5.84652302052442,687.5000000000007,-687.5000000000007,0.0,562.9168354165766,0.0,0.0,0.0,-152.0956283561518,152.0956283561518,152.0956283561518,-472.50325332220024,0.0,0.0,0.0,0.0,0.0,0.0,0.0,0.0,-11.646030121477054,0.0,0.0,100.74273247059979,0.0,0.0,0.0,0.0,-41.05115899315852,0.03897682013684248,0.0,0.0,0.0,0.0,0.0,0.0,0.0,0.0,0.0,0.0,0.0,0.0,0.0,0.0,0.0,0.0,0.0,0.0,0.0,0.02143725107524086,0.02143725107524086,0.0,244.19794634246884,0.0,11.69304604104884,0.0,0.0,0.0,1000.0,0.0,0.0,155.93911516640074,0.0,0.0,-524.5234413486537,-1000.0,0.0,0.0,734.3792705642354,0.0,0.0,100.74273247059979,0.0,0.0,0.0,0.0,0.0,0.0,0.0,147.38237861276045,24.030994413820736,117.80207790876403,0.0,394.9832953377903,0.0,0.0,0.0,-83.0316705830901,0.0,-524.5234413486537,0.0,0.0,-565.5746003418122,0.0,0.0,152.0956283561518,0.0,0.0,0.0,0.0,0.0,0.0,0.0,0.0,0.0,0.0,0.0,0.0,0.0,11.693046041048838,24.640414484282744,24.640414484282744,0.0,0.0,0.0,0.0,0.0,0.0,0.0,0.0,0.0,0.0,0.1948841006841473,0.0,0.0,155.93911516640074,-155.93911516640074,0.0,0.0,0.0,0.0,5.84652302052442,-734.3792705642354,0.0,0.0,237.54357259612163,0.0,0.0,0.0,0.0,0.0,0.0,-719.1476587469879,0.0,0.0,5.846523020524419,5.846523020524419,1000.0,-1000.0,0.0,100.74273247059979,0.0,0.0,0.0,0.0,0.0,185.27853437084656,0.0,273.6692755027246,0.019488410068447592,0.0,0.0,0.0,1.5716010690885878,0.0,0.0,0.0,0.0,0.0,0.0,0.0,0.0,0.0,0.0,0.0,0.0,0.0,0.0,0.0,0.0,0.0,0.01948841006841473,0.0,0.0,0.0,349.0901081589284,-349.0901081589284,0.0,0.0,0.0,0.0,0.0,209.40091498370404,0.0,0.0,-1000.0,-1.461630755131105,-0.9744205034207374,0.0,0.0,0.0,0.0,0.0,0.0,0.0,0.0,0.0,0.0,0.0,0.0,24.640414484282744,718.0102458357214,0.0,0.0,-60.97387500961432,0.0,0.0,0.0,-0.01948841006841473,0.0,0.0,0.01948841006841473,0.0,0.019488410068447592,0.0,0.0,0.0,11.69304604104884,23.775860283465974,23.775860283465974,0.0,0.0,0.0,0.0,0.0,0.0,0.0,117.80207790876403,0.0,0.0,0.0,0.0,0.0,0.0,0.0,0.0,0.0,0.0,0.0,0.0,0.0,0.0,0.0,0.0,0.0,0.0,0.0,83.0316705830901,0.0,0.0,0.0,0.029232615102622095,0.0,0.0,0.0,-5.84652302052442,0.0,0.0,0.0,0.0,0.0,-244.19794634246884,0.9744205034207364,0.0,0.0,0.0,0.0,-58.37837544501218,0.0,0.0,0.0,0.0,0.0,0.0,0.0,0.0,0.0,24.640414484282744,0.0,734.3792705642354,0.0,92.10231798631705,0.0,127.95799877427349,-1.3112641080594447,0.0,-725.1243590222998,0.0,725.1243590222998,0.0,-824.1276751095355,0.0,0.9744205034207374,518.6908434231598,0.0,0.0,0.0,-323.52426045427853,0.0,0.0,0.0,0.0,0.0,0.0,0.0,0.0,0.0,889.7400006391603,-248.58283860786216,23.775860283465974,0.0,0.0,0.0,0.0,0.0,0.0,0.0,0.0,0.0,935.1528008102063,0.0,0.0,0.0,-1.5716010690885878,102.06824776981821,0.0,5.84652302052442,155.93911516640074,0.0,0.0,0.0,-85.63958063871375,0.0,0.0,0.02143725107524086,0.0,0.0,0.0,11.887930141732985,0.0,0.0,0.0,0.0,82.59744193612993,0.0,0.0,0.0,0.0,0.0,0.0,0.0,0.0,676.7961823751955,0.0,0.0019488410068414731,0.0019488410068414731,0.0,0.0,0.0,0.0,0.0,0.0,0.0,0.0,0.0,0.0,0.0,0.0,0.0,0.0,0.0,244.19794634246884,0.0,0.0,0.0,0.0,0.0,0.0,0.0,0.0,0.0,0.0,0.0,311.8782303328015,325.81641015527885,0.0,237.28883889632263,0.0,0.0,0.0,11.69304604104884,0.0,0.0,0.0,0.0,0.0,-474.390049345394,462.6970033043452,0.0,311.8782303328015,0.0,0.0,0.0,0.0,0.0,0.0,0.0,0.0,0.0,0.0,-273.6692755027246,-1000.0,13.34956089686409,0.0,-5.84652302052442,0.0,999.9220463597269,0.0,0.0,0.0,0.0,0.0,0.0,0.0,0.0,0.0,0.0,0.0,0.0,0.0,0.0,0.0,0.0,0.0,-2.436051258551842,24.640414484282744,-1.461630755131105,247.12120785273078,0.0,0.0,0.0,0.0,0.0,-0.24360512585518418,0.0,11.646030121477054,0.0,0.0,0.0,0.0,0.0,0.0,0.0,1000.0,5.846523020524419,5.846523020524419,0.0,0.0,0.0,0.0,0.0,0.02143725107524086,244.19794634246884,0.0,0.0,-999.9220463597269,0.0,0.0,0.0,0.0,0.0,0.0,0.0,0.0,0.0,0.0,0.0,0.0,0.0,0.0,0.0,0.0,0.0,6.041407121208565,0.0,20.462830571835468,78.22338448956525,0.0,79.21633825210343,0.0,0.0,0.0,244.19794634246884,0.0,933.5508535025831,0.0,0.0,0.0,-2.436051258551842,0.0,0.0,0.0,0.0,0.0,0.0,0.0,0.0,0.0,0.0,0.0,0.0,0.0,0.0,0.0,0.0,0.0,0.0,-0.019488410068447592,0.0,0.0,0.9744205034207364,524.5234413486537,0.0,0.0,0.0,0.0,24.640414484282744,0.0,0.0,0.0,1.6779521068904928,0.48721025171036825,0.0,0.0,0.0,0.01948841006841473,0.0,19.48841006841473,0.0,3.897682013682946,0.1392029290601052,66.45547833329422,-0.014616307551311047,0.9744205034207365,0.3897682013682946,-0.09744205034155584,-66.45547833329422,5.846523020524419,-0.01948841006841473,0.4370880360198149,100.74273247059979,0.0048721025171036825,0.1392029290601052,-1.3112641080594447,-159.04167004929184,-0.3897682013682946,-377.8267146807549,-0.01948841006841473,0.0048721025171036825,-66.45547833329422,1.948841006841473,0.01948841006841473,0.01948841006841473,-244.15702068132518,-155.91767791532547,-67.68667280646824,-0.014616307551311047,5.846523020524419,0.01948841006841473,5.84652302052442,-9.744205034207365,-0.009744205034207365,71.34028992571022,-85.0,-0.014616307551311047,-0.01948841006841473,0.0,0.01948841006841473,1.9488410068414623,-0.3897682013682946,83.0316705830901,83.0316705830901,-1.948841006841473,377.8267146807549,-83.0316705830901,3.897682013682946,0.029232615102622095,359.1747354556109,1.948841006841473,-147.38237861276045,100.74273247059979,-3.897682013682946,0.009744205034207365,0.1948841006841473,74.59832973090151,96.0,-0.01948841006841473,-248.58283860786216,244.15702068132518,6.041407121208565,0.01948841006841473,159.04167004929184,77.35664038850226,100.74273247059979,-0.01948841006841473,-0.0048721025171036825,-100.74273247059979,-0.01948841006841473,-41.05115899315852,0.019488410068505237,-0.0048721025171036825,-0.0048721025171036825,-0.0048721025171036825,7.795364027365892,9.744205034207365,0.1948841006841473,174.40514324782797,-0.0048721025171036825,148.7595714257832,0.9744205034207365,21.5,0.01948841006841473,0.009744205034207365,0.009744205034207365,40.0,0.0,0.01948841006841473,0.0,0.1948841006841473,0.01948841006841473,-494.33847812461266,0.01948841006841473,0.07795364027314111,0.09744205034155584,0.009744205034207365,0.0048721025171036825,5.846523020524419,-0.01948841006841473,67.68667280646824,0.1948841006841473,-348.81028649565593,0.48721025171036847,-1.9488410068414623,3.897682013682946,0.9744205034207365,-0.01948841006841473,1.3112641080594447,0.029232615102622095,-0.01948841006841473,-80.0,0.0,173.12587442327953,0.009744205034207365,-43.0,-0.01948841006841473,-0.019488410068505237,-0.01948841006841473,0.009744205034207365,66.45547833329422,-3.897682013682946,0.01948841006841473,149.19665946180302,-0.0048721025171036825,155.91767791532547,-149.19665946180302,2.9232615102622095,85.0,-180.14074981590227,66.45547833329422,-0.014616307551311047,248.58283860786216,-96.0,0.01948841006841473,-0.0048721025171036825,0.9744205034207374,19.48841006841473,-0.009744205034207365,-0.01948841006841473,0.0048721025171036825,497.55882976113264,0.0,-359.18447966064514,319.93333487678467,-46.0,0.0,-25.545606773702076,-31.0,0.0,499.41706679197586,-93.0,-14.053602879192404,0.0,-249.70853339598793,23.0,46.5,0.0,15.5,-244.19794634246884,-87.48629378456579,0.0,14.053602879192404,-87.48629378456579,25.545606773702076,-52.4255440845229,0.0,1496.5981,hclb
129,0.0,0.0,0.0,0.0,0.0,0.0,0.0,0.0,81.59065938882813,0.0,0.0,0.0,0.0,0.0,0.0,0.0,-291.2264776798618,737.9864302875482,0.0,0.0,0.0,0.0,0.0,666.5237671194143,0.0,0.0,0.0,0.0,0.0,173.12003978742723,0.0,0.0,0.0,0.0,0.0,0.0,0.0,478.8677591849056,0.0,-1000.0,1000.0,0.0,-963.3428217540281,0.0,0.0,0.0,0.0,0.0,619.1101336056954,0.0,0.0,1000.0,0.0,0.023098035136862677,0.0,0.0,0.0,4.199642752153074,0.0,0.0,100.89978488513839,0.0,-685.043197158179,-892.3904950040522,1000.0,0.0,0.0,0.0,0.0,0.0,0.0,0.20998213760765375,0.0,0.0,0.0,0.0,0.0,0.0,0.0,0.0,0.0,0.0,-414.70572606812044,0.0,12.598928256459224,0.0,0.0,271.64767576038537,847.2286209214672,0.0,999.9947504465598,0.0,0.0,0.0,6.299464128229612,0.0,43.80070905863397,0.0,0.0,0.0,0.0,859.296551052568,173.12003978742723,0.0,0.0,-1.7556144887275102,0.0,555.3668201602352,0.0,0.0,0.0,0.0,0.0,0.0,0.0,0.0,0.0,0.0,0.0,0.0,0.0,0.0,0.0,0.0,-679.3975180432446,0.0,0.0,43.80070905863397,0.0,6.509446265837266,0.0,0.0,-1000.0,1000.0,0.0,0.0,0.0,0.0,0.0,-308.2470827310116,0.0,0.0,0.0,0.0,0.0,416.3225885276994,0.02099821376076537,1000.0,0.0,0.0,0.0,-145.1868198907589,0.0,0.0,414.70572606812044,0.0,17.106945596570142,0.0,0.0,0.0,0.0,0.0,73.5213076225726,73.5213076225726,0.0,0.0,0.0,218.6875,-1000.0,0.0,0.0,73.54230583633337,0.0,0.0,0.0,0.0,-146.27740565161227,0.0,0.0,0.0,0.0,0.0,0.0,0.0,0.0,0.0,-1000.0,0.0,0.0,0.0,0.0,-1000.0,0.0,0.0,0.0,0.0,0.0,0.0,-36.65717824597186,-847.2286209214672,847.2286209214672,0.0,0.0,0.0,0.0,0.0,0.0,0.0,0.0,540.4938991771546,0.0,0.0,0.0,0.0,0.0,0.0,0.0,0.0,0.0,0.0,0.0,0.0,0.0,85.51064856405927,148.0873503254694,-464.346517467289,0.0,0.0,0.0,308.2470827310116,82.8791804101627,0.0,0.0,0.0,0.0,100.89978488513839,-464.346517467289,0.0,0.0,0.0,0.0,0.0,0.0,0.0,0.0,1.7260531711368874,0.0,37.501244930404354,0.0,-947.5532739204964,-216.43885383159022,6.87201019864176,0.0,464.346517467289,0.0,0.0,308.2470827310116,-721.7223494681346,0.0,0.0,0.0,-104.86529755386005,0.0,0.0,125.69956999676009,0.0,0.0,125.69956999675976,0.0,0.0,0.0,0.0,0.0,0.0,0.0,-24.29416401762731,0.0,0.0,0.0,825.0846436556212,0.0,-825.0846436556212,0.0,73.50030940881184,0.0,308.2470827310116,651.5171081456568,218.6875,0.0,0.0,100.89978488513839,-0.031497320641148054,0.0,0.0,0.0,0.0,0.02099821376076537,0.0,0.0,0.0,871.5940573600665,-291.2264776798618,0.0,-348.30492792631094,222.32975130356738,146.27740565161227,830.5192464379631,0.0,1000.0,0.0,-1.7556144887275102,0.0,0.0,0.0,733.3157740162821,-733.3157740162821,-1000.0,144.20660889615894,-1000.0,0.0,0.0,0.0,0.0,0.0,0.0,0.0,0.0,0.0,0.0,0.0,0.0,0.0,0.0,0.0,0.0,0.0,478.9517520399487,0.0,0.0,414.70572606812044,0.0,1.0499106880382694,0.0,0.0,1000.0,-418.04864169883626,0.0,0.0,0.0,236.60218495004528,858.2466403645298,0.0,-812.5,390.50569109929046,-0.5249553440191342,733.3157740162821,-841.307104846149,-1.0499106880382685,0.0,0.0,812.5,-820.6789219695936,218.71663682182577,0.0,0.0,-45.68447261896267,0.0,-630.1430044065206,1000.0,0.0,43.80070905863397,0.0,0.0,0.0,0.0,0.0,81.61165760258889,0.0,-85.51064856405927,85.51064856405927,85.51064856405927,60.65632868950744,0.0,0.0,0.0,0.0,0.0,0.0,0.0,0.0,-106.44751296073474,0.0,0.0,213.2814626206708,0.0,0.0,0.0,0.0,-40.900178623923466,0.041996427521553414,0.0,0.0,0.0,0.0,0.0,0.0,0.0,0.0,0.0,0.0,0.0,0.0,0.0,0.0,0.0,0.0,0.0,0.0,0.0,0.023098035136862677,0.023098035136862677,0.0,177.3110058119062,0.0,12.598928256459224,0.0,0.0,0.0,-1000.0,0.0,928.1335677831414,0.0,0.0,0.0,219.04664973962645,1000.0,0.0,0.0,1000.0,0.0,0.0,213.2814626206708,0.0,0.0,0.0,0.0,0.0,0.0,0.0,226.46583934774822,-871.5940573600665,145.1868198907589,0.0,1.6168624595789327,0.0,0.0,0.0,-82.8791804101627,0.0,219.04664973962645,0.0,178.14647111570298,0.0,0.0,0.0,85.51064856405927,0.0,0.0,0.0,0.0,0.0,0.0,0.0,0.0,0.0,0.0,0.0,0.0,0.0,12.598928256459224,308.2470827310116,308.2470827310116,0.0,0.0,0.0,0.0,0.0,0.0,0.0,0.0,0.0,0.0,0.20998213760765375,0.0,0.0,0.0,0.0,0.0,-36.65717824597186,0.0,0.0,43.80070905863397,-1000.0,0.0,0.0,0.0,0.0,0.0,0.0,0.0,0.0,0.0,-606.8067222457785,1000.0,0.0,6.299464128229612,6.299464128229612,-337.13149875864445,1000.0,0.0,213.2814626206708,0.0,0.0,0.0,0.0,0.0,-1000.0,0.0,-894.8722247741304,0.02099821376076537,0.0,0.0,0.0,27.731141015913646,29.899643047067002,0.0,0.0,0.0,0.0,0.0,0.0,0.0,0.0,0.0,0.0,0.0,0.0,0.0,0.0,0.0,0.0,0.02099821376076537,0.0,0.0,0.0,0.0,0.0,0.0,0.0,0.0,0.0,-655.7249415775489,238.72621056675086,0.0,0.0,-478.9517520399487,-1.5748660320574004,-1.0499106880382694,0.0,0.0,0.0,0.0,0.0,0.0,0.0,0.0,0.0,0.0,0.0,0.0,308.2470827310116,146.27740565161227,0.0,0.0,-629.0930937184824,0.0,0.0,0.0,81.59065938882813,0.0,0.0,0.02099821376076537,0.0,0.02099821376076537,0.0,0.0,0.0,12.598928256459224,25.617820788133756,25.617820788133756,0.0,0.0,0.0,0.0,0.0,0.0,0.0,145.1868198907589,0.0,0.0,0.0,0.0,0.0,735.1237202210841,0.0,0.0,0.0,0.0,0.0,0.0,0.0,0.0,0.0,0.0,0.0,0.0,0.0,82.8791804101627,0.0,0.0,0.0,0.031497320641148054,0.0,0.0,0.0,-43.80070905863397,0.0,0.0,0.0,0.0,0.0,-177.3110058119062,1.0499106880382685,0.0,0.0,0.0,-218.6875,1000.0,-1000.0,0.0,0.0,0.0,0.0,0.0,0.0,0.0,0.0,308.2470827310116,0.0,1000.0,86.78509278857335,91.80035724784693,0.0,205.98717713860583,28.144028558339492,0.0,-762.3237001212874,0.0,762.3237001212874,414.70572606812044,-747.3401702562683,0.0,1.0499106880382685,1000.0,0.0,0.0,0.0,-106.44751296073474,0.0,0.0,0.0,0.0,0.0,0.0,0.0,0.0,0.0,1000.0,-3.1497320641149145,25.617820788133756,0.0,-789.1112501342272,-789.1112501342272,789.1112501342272,0.0,0.0,0.0,0.0,0.0,1.7260531711368874,0.0,0.0,178.8858718439636,-27.731141015913646,-59.676865001240174,-963.3428217540281,6.299464128229612,0.0,0.0,0.0,0.0,-141.15213527272013,0.0,0.0,0.023098035136862677,0.0,0.0,0.0,12.808910394066878,0.0,0.0,0.0,0.0,148.0873503254694,0.0,0.0,0.0,0.0,0.0,0.0,0.0,0.0,254.94245009283213,0.0,0.002099821376076537,0.002099821376076537,0.0,0.0,0.0,0.0,0.0,0.0,0.0,0.0,0.0,0.0,0.0,0.0,0.0,0.0,0.0,177.3110058119062,0.0,0.0,0.0,0.0,0.0,0.0,0.0,0.0,0.0,0.0,0.0,0.0,0.0,0.0,737.9864302875482,0.0,0.0,0.0,12.598928256459224,0.0,0.0,0.0,0.0,0.0,0.0,-12.598928256459224,0.0,0.0,0.0,0.0,0.0,0.0,0.0,0.0,0.0,0.0,0.0,0.0,894.8722247741304,-682.6733513164138,749.5074966472084,0.0,-43.80070905863397,0.0,478.8677591849056,0.0,0.0,0.0,0.0,0.0,0.0,0.0,0.0,0.0,0.0,0.0,0.0,0.0,0.0,0.0,0.0,0.0,-2.6247767200956673,308.2470827310116,-859.8215063965872,736.6985862531413,0.0,0.0,0.0,0.0,0.0,-0.2624776720095672,0.0,521.1532390288552,0.0,0.0,0.0,0.0,0.0,0.0,0.0,1000.0,6.299464128229612,6.299464128229612,0.0,0.0,0.0,0.0,0.0,0.023098035136862677,177.3110058119062,0.0,0.0,-478.8677591849056,0.0,0.0,0.0,0.0,0.0,0.0,0.0,0.0,0.0,0.0,0.0,0.0,0.0,0.0,0.0,0.0,0.0,0.0,0.0,22.048124448803645,0.0,0.0,1.6168624595789327,0.0,0.0,0.0,177.3110058119062,0.0,1000.0,0.0,0.0,0.0,-2.6247767200956673,0.0,0.0,0.0,0.0,0.0,0.0,0.0,0.0,0.0,0.0,0.0,0.0,0.0,0.0,0.0,0.0,0.0,0.0,-0.02099821376076537,0.0,0.0,1.0499106880382685,-219.04664973962645,0.0,0.0,0.0,0.0,308.2470827310116,0.0,0.0,0.0,-733.3157740162821,0.5249553440191342,0.0,0.0,0.0,0.02099821376076537,0.0,20.99821376076537,-6.509446265837266,4.199642752153074,0.14998724114832407,58.585016392535394,-0.015748660320574027,430.17323087030314,0.41996427521530744,-0.10499106880388354,-58.585016392535394,6.299464128229611,-0.02099821376076537,0.5852048295758367,213.2814626206708,0.005249553440191342,0.14998724114832407,-1.7556144887275102,-3.342915630715879,-0.41996427521530744,-446.7599526076864,-0.02099821376076537,0.005249553440191342,-58.585016392535394,2.099821376076537,0.02099821376076537,0.02099821376076537,-177.26690956300857,0.023098035136841905,-7.4893065994014245,-0.015748660320574027,6.299464128229612,0.02099821376076537,43.80070905863397,27.002138050021667,-0.010499106880382685,-6.106410019713697,-85.0,-0.015748660320574027,-0.02099821376076537,-6.509446265837266,0.02099821376076537,2.099821376076537,-0.41996427521530744,82.8791804101627,82.8791804101627,-2.099821376076537,446.7599526076864,-82.8791804101627,4.199642752153074,0.031497320641148054,-293.0647566339446,2.099821376076537,-226.46583934774822,213.2814626206708,-4.199642752153074,0.010499106880382685,0.20998213760765375,87.07623198157773,96.0,-0.02099821376076537,-182.0356039080785,177.26690956300857,6.509446265837266,0.02099821376076537,3.342915630715879,150.58236117734802,213.2814626206708,-0.02099821376076537,-0.005249553440191342,-213.2814626206708,-0.02099821376076537,-40.900178623923466,0.020998213761092944,-0.005249553440191342,-0.005249553440191342,-0.005249553440191342,8.399285504306148,-27.002138050021667,0.20998213760765375,343.70470108000654,-0.005249553440191342,173.56725913357963,1.0499106880382685,21.5,0.02099821376076537,0.010499106880382685,0.010499106880382685,-45.382988679093856,6.509446265837266,0.02099821376076537,-6.509446265837266,0.20998213760765375,0.02099821376076537,-1000.0,0.02099821376076537,0.08399285504310683,0.10499106880388354,0.010499106880382685,0.005249553440191342,6.299464128229612,-0.020998213760765383,7.4893065994014245,0.20998213760765372,-687.4094021600131,429.648275526284,-2.099821376076537,4.199642752153074,1.0499106880382685,-0.02099821376076537,1.7556144887275102,0.031497320641148054,-0.02099821376076537,90.76597735818771,6.509446265837266,683.1797277988182,0.010499106880382685,-43.0,-0.02099821376076537,-0.020998213761092944,-0.02099821376076537,0.010499106880382685,58.585016392535394,-4.199642752153074,0.02099821376076537,174.15246396315547,-0.005249553440191342,-0.023098035136841905,-174.15246396315547,3.1497320641148057,85.0,508.012878121564,58.585016392535394,-0.015748660320574027,182.0356039080785,-96.0,0.02099821376076537,-0.005249553440191342,237.65209563808355,20.99821376076537,-0.010499106880382685,-0.02099821376076537,0.005249553440191342,0.0,0.0,293.05425752706424,656.2952989199935,-46.0,0.0,-86.34625678405382,27.679968034226555,0.0,40.09311355863204,-93.0,-65.0,0.0,-20.046556779316024,23.0,46.5,0.0,-13.839984017113277,-177.3110058119062,-542.0275925260981,0.0,65.0,-542.0275925260981,86.34625678405382,-119.51421966873919,0.0,1496.5981,hclb
130,0.0,0.0,0.0,0.0,0.0,0.0,0.0,0.0,-0.018338721895626322,0.0,0.0,0.0,0.0,0.0,0.0,0.0,298.17124980880726,61.119375878835214,0.0,0.0,0.0,0.0,0.0,0.0,0.0,0.0,0.0,0.0,0.0,-1000.0,3.4622835581133944,-3.4622835581133944,831.5518683968063,0.0,0.0,0.0,0.0,877.9667339660695,0.0,-1000.0,1000.0,0.0,-289.3816099501182,0.0,0.0,0.0,812.125,76.28931263393967,0.0,0.0,0.0,0.0,0.0,0.020172594085194062,0.0,0.0,0.0,0.0,0.0,0.0,-277.9642184354021,0.0,-722.035781564598,-1000.0,250.331519922209,0.0,0.0,0.0,0.0,0.0,0.0,0.1833872189562632,0.0,0.0,0.0,0.0,0.0,0.0,0.0,0.0,0.0,0.0,-93.70656022916721,0.0,11.003233137375792,0.0,275.195093807756,820.9516743851224,125.89181106144554,0.0,-0.0045846804739065805,0.0,0.0,1000.0,5.501616568687896,0.0,5.501616568687896,-973.7309211705194,0.0,0.0,0.0,756.2187495771991,-1000.0,0.0,0.0,0.0,0.0,37.22998649869214,0.0,0.0,0.0,0.0,0.0,0.0,0.0,0.0,0.0,0.0,0.0,0.0,0.0,0.0,0.0,0.0,-739.3684464823813,0.0,0.0,5.501616568687896,0.0,5.685003787644159,0.0,0.0,0.0,0.0,0.0,0.0,-51.18387504963324,0.0,0.0,51.18387504963324,0.0,0.0,0.0,0.0,0.0,370.31373562288644,0.018338721895626322,0.0,0.0,0.0,0.0,-243.28296949405754,0.0,0.0,93.70656022916721,0.0,-323.02583471168333,0.0,0.0,0.0,0.0,0.0,653.8688490712187,653.8688490712187,0.0,0.0,0.0,0.0,-309.0341909964384,0.0,0.0,657.3494713512277,0.0,0.0,0.0,0.0,-129.62132620422634,0.0,0.0,0.0,0.0,0.0,0.0,0.0,0.0,0.0,0.0,0.0,0.0,0.0,0.0,-1000.0,0.0,0.0,0.0,0.0,0.0,0.0,289.3816099501182,-125.89181106144554,125.89181106144554,0.0,0.0,0.0,0.0,0.0,0.0,0.0,0.0,935.0649348856077,0.0,0.0,0.0,0.0,0.0,0.0,0.0,0.0,0.0,0.0,0.0,0.0,0.0,0.0,265.1810427432543,412.4471402410745,0.0,0.0,0.0,0.0,83.14778908854174,0.0,0.0,0.0,0.0,-277.964218435402,412.4471402410745,3.4622835581133944,0.0,0.0,0.0,0.0,0.0,0.0,0.0,0.0,79.95705701306494,0.0,0.0,298.1437417259638,260.54575389873673,984.4414732737949,0.0,-412.4471402410745,0.0,0.0,0.0,951.9400962941598,0.0,0.0,0.0,-140.02283168527788,0.0,0.0,-379.3583118968744,0.0,0.0,-186.86159074078319,-192.49672115609005,192.49672115609005,0.0,0.0,-885.7241095677327,0.0,0.0,-31.982754999744316,0.0,0.0,0.0,-327.75387076062106,0.0,327.75387076062106,0.0,1000.0,0.0,0.0,1000.0,0.0,0.0,0.0,-277.9642184354021,-0.027508082843439478,0.0,0.0,0.0,0.0,0.018338721895626322,0.0,0.0,0.0,911.3505943427704,298.17124980880726,0.0,0.0,-378.69575651591356,129.62132620422634,929.1693609478132,0.0,420.8862774823374,0.0,0.0,0.0,0.0,0.0,705.3402591958708,-394.6142244946632,-731.612312183545,-834.8756390251526,-1000.0,0.0,0.0,0.0,0.0,0.0,0.0,0.0,0.0,0.0,0.0,0.0,0.0,0.0,0.0,0.0,0.0,0.0,-121.95991114634808,0.0,-1000.0,93.70656022916721,0.0,969.6781307673668,0.0,0.0,0.0,-366.85145206477307,0.0,0.0,0.0,0.0,755.3018134824177,0.0,0.0,621.4321571640098,850.7133690917647,394.6142244946632,0.0,0.0,0.0,0.0,0.0,-1000.0,0.0,-851.1718371391553,-0.916936094781316,0.0,0.0,-950.8714125953401,0.0,938.9512433631829,5.501616568687896,62.50000000000006,-62.50000000000006,0.0,0.0,0.0,0.0,706.8026410967568,706.8026410967568,-706.8026410967568,-706.8026410967568,-711.6248985298249,0.0,0.0,-356.1474875158315,0.0,0.0,0.0,0.0,0.0,-5.538249255292158,0.0,0.0,76.33225562087473,0.0,0.0,0.0,0.0,16.39645668050885,0.03667744379123883,0.0,0.0,0.0,0.0,0.0,0.0,0.0,0.0,0.0,0.0,0.0,0.0,0.0,0.0,0.0,0.0,0.0,0.0,0.0,0.020172594085194062,0.020172594085194062,3.4622835581133944,92.33225562087473,0.0,11.003233137375792,0.0,0.0,0.0,227.1796876099889,0.0,213.8515373631628,275.195093807756,0.0,0.0,-546.0974543706835,-227.1796876099889,0.0,0.0,489.8643128715894,0.0,0.0,76.33225562087473,0.0,0.0,0.0,0.0,0.0,0.0,0.0,246.45614882746042,-911.3505943427704,243.28296949405754,0.0,276.6071753937192,0.0,298.63162675042213,701.3683732495779,618.220584161036,0.0,-546.0974543706835,0.0,0.0,-529.7009976901746,-187.50000000000017,187.50000000000017,0.0,0.0,0.0,0.0,0.0,0.0,0.0,0.0,0.0,0.0,0.0,0.0,0.0,0.0,11.003233137375792,0.0,0.0,0.0,0.0,0.0,0.0,0.0,0.0,0.0,0.0,0.0,0.0,0.1833872189562632,0.0,3.4622835581133944,275.195093807756,-275.195093807756,3.4622835581133944,289.3816099501182,0.0,0.0,5.501616568687896,-489.8643128715894,0.0,0.0,0.0,0.0,0.0,0.0,0.0,0.0,0.0,1000.0,-678.3712538914219,0.0,5.501616568687896,5.501616568687896,-632.7420500076287,-227.1796876099889,0.0,76.33225562087473,0.0,0.0,0.0,0.0,0.0,834.8756390251526,0.0,975.1277047341258,0.018338721895626322,0.0,0.0,24.218902080588215,0.0,800.9571541506997,0.0,-1000.0,0.0,0.0,0.0,0.0,0.0,0.0,0.0,0.0,0.0,0.0,0.0,0.0,0.0,0.0,0.018338721895626322,0.0,0.0,0.0,0.0,0.0,0.0,0.0,0.0,0.0,0.0,1000.0,0.0,-397.17332129740623,-878.0400888536519,-1.375404142171974,-0.9169360947813152,0.0,0.0,0.0,0.0,0.0,0.0,0.0,0.0,0.0,0.0,0.0,0.0,0.0,129.62132620422634,0.0,0.0,-11.003233137375792,0.0,0.0,0.0,-0.018338721895626322,0.0,0.0,0.018338721895626322,0.0,0.018338721895626322,0.0,0.0,0.0,11.003233137375792,22.37324071266411,22.37324071266411,0.0,0.0,0.0,0.0,0.0,0.0,0.0,243.28296949405754,0.0,0.0,0.0,0.0,0.0,706.9192231510842,0.0,0.0,0.0,0.0,0.0,0.0,0.0,0.0,0.0,0.0,0.0,0.0,0.0,83.14778908854174,0.0,-840.8167141270967,840.8167141270967,0.027508082843439478,0.0,0.0,0.0,-5.501616568687896,0.0,0.0,0.0,0.0,0.0,-92.33225562087473,0.916936094781316,0.0,0.0,0.0,0.0,309.0341909964384,-571.9249538469735,0.0,0.0,0.0,0.0,0.0,0.0,0.0,0.0,0.0,0.0,489.8643128715894,318.2754961990245,92.33225562087473,0.0,304.61522511493223,800.9571541506997,0.0,-938.7764059117466,397.17332129740623,541.6030846143403,93.70656022916721,929.5668555814957,0.0,0.9169360947813152,628.6573344068287,0.0,0.0,-3.4622835581133944,-555.9284368708041,0.0,0.0,536.5066093126896,-536.5066093126896,0.0,0.0,0.0,0.0,0.0,93.7076597630467,-96.45846804739074,22.37324071266411,0.0,0.0,0.0,3.4622835581133944,0.0,0.0,0.0,0.0,0.0,0.0,0.0,0.0,0.0,-24.218902080588215,0.0,-289.3816099501182,5.501616568687896,275.195093807756,0.0,0.0,0.0,-306.7378182036646,0.0,0.0,0.020172594085194062,0.0,0.0,0.0,11.186620356332055,0.0,0.0,0.0,0.0,265.1810427432543,0.0,0.0,0.0,0.0,0.0,0.0,0.0,0.0,0.0,0.0,820.9451531475349,0.001833872189562632,0.0,0.0,0.0,0.0,0.0,0.0,0.0,0.0,0.0,24.218902080588215,3.4622835581133944,0.0,0.0,0.0,0.0,92.33225562087473,0.0,0.0,0.0,0.0,0.0,0.0,0.0,0.0,0.0,0.0,0.0,550.390187615512,0.0,0.0,61.119375878835214,0.0,0.0,0.0,11.003233137375792,0.0,0.0,0.0,0.0,0.0,0.0,-11.003233137375792,0.0,550.390187615512,0.0,0.0,0.0,0.0,0.0,0.0,0.0,3.4622835581133944,3.4622835581133944,0.0,-1000.0,-1000.0,719.4812476495882,-5.501616568687896,0.0,0.0,877.9667339660695,0.0,0.0,0.0,0.0,0.0,0.0,0.0,0.0,0.0,0.0,0.0,0.0,0.0,0.0,0.0,0.0,0.0,-2.2923402369532893,0.0,-756.6772176245897,802.002287056303,0.0,0.0,0.0,0.0,0.0,-0.22923402369532903,0.0,99.24480948445937,0.0,0.0,0.0,0.0,0.0,0.0,0.0,975.1277047341258,5.501616568687896,5.501616568687896,0.0,0.0,0.0,0.0,0.0,0.020172594085194062,92.33225562087473,0.0,0.0,-877.9667339660695,820.9433192753454,0.0,0.0,0.0,0.0,0.0,0.0,0.0,0.0,0.0,0.0,0.0,0.0,0.0,420.40835706354835,0.0,0.0,0.0,0.0,19.255657990407638,276.6071753937192,0.0,0.0,0.0,0.0,0.0,92.33225562087473,0.0,566.9552273490395,0.0,0.0,0.0,-2.2923402369532893,0.0,0.0,0.0,0.0,0.0,0.0,0.0,0.0,0.0,0.0,0.0,0.0,0.0,0.0,0.0,0.0,0.0,0.0,-0.018338721895626322,0.0,0.0,0.916936094781316,546.0974543706835,0.0,0.0,0.0,0.0,0.0,0.0,0.0,0.0,-705.3402591958708,0.458468047390658,0.0,0.0,0.0,0.018338721895626322,0.0,18.338721895626318,-5.685003787644159,3.667744379125264,0.13099087068304513,51.16503408879743,-0.013754041421719739,378.5678428359902,0.3667744379125264,-0.09169360947805671,-51.16503408879743,5.501616568687896,-0.018338721895626322,0.0,76.33225562087473,0.0045846804739065805,0.13099087068304513,0.0,-278.11461833353985,3.0955091202008678,-359.2906256876425,-0.018338721895626322,0.0045846804739065805,-51.16503408879743,1.833872189562632,0.018338721895626322,0.018338721895626322,-92.2937443048939,-275.17492121367087,-14.198257565597714,-0.013754041421719739,5.501616568687896,0.018338721895626322,5.501616568687896,-9.16936094781316,-0.009169360947813161,337.22409227728104,-85.0,-0.013754041421719739,-0.018338721895626322,-5.685003787644159,0.018338721895626322,1.8338721895626264,-0.3667744379125264,83.14778908854174,83.14778908854174,-1.833872189562632,359.2906256876425,-83.14778908854174,3.667744379125264,0.027508082843439478,-1000.0,1.833872189562632,-246.45614882746042,76.33225562087473,-3.667744379125264,0.009169360947813161,0.1833872189562632,0.0,96.0,-0.018338721895626322,-96.45846804739074,92.2937443048939,5.685003787644159,0.018338721895626322,278.11461833353985,54.3257893461232,76.33225562087473,-0.018338721895626322,-0.0045846804739065805,-76.33225562087473,-0.018338721895626322,16.39645668050885,0.018338721894451737,-0.0045846804739065805,-0.0045846804739065805,-0.0045846804739065805,7.335488758250528,9.16936094781316,0.1833872189562632,13.58670058442226,-0.0045846804739065805,0.0,0.916936094781316,-7.281292245473109,0.018338721895626322,0.009169360947813161,0.009169360947813161,40.0,5.685003787644159,0.018338721895626322,-5.685003787644159,0.1833872189562632,0.018338721895626322,-13.58670058442226,0.018338721895626322,0.07335488758246811,0.09169360947805671,0.009169360947813161,0.0045846804739065805,5.501616568687896,-0.018338721895626322,14.198257565597714,-1.5477545601004339,-27.17340116884452,378.10937478859955,-1.8338721895626264,3.667744379125264,0.9169360947813159,-0.018338721895626322,0.0,0.027508082843439478,-0.018338721895626322,-80.0,5.685003787644159,538.4132708669886,0.009169360947813161,14.562584490946218,-0.018338721895626322,-0.018338721894451737,-0.018338721895626322,0.009169360947813161,51.16503408879743,-3.667744379125264,0.018338721895626322,0.0,-0.0045846804739065805,275.17492121367087,0.0,2.7508082843439476,85.0,519.152208724714,51.16503408879743,-0.013754041421719739,96.45846804739074,-96.0,0.018338721895626322,-0.00458468047390658,0.9169360947813152,18.338721895626318,-0.009169360947813161,-0.018338721895626322,0.0045846804739065805,160.6987875640134,0.0,999.9908306390522,0.0,-46.0,0.0,513.6319311353323,-31.0,0.0,-32.0,-93.0,-65.0,0.0,16.0,23.0,46.5,0.0,15.5,-92.33225562087473,-231.67545266332402,0.0,65.0,-231.67545266332402,-513.6319311353323,228.73613479982322,0.0,1496.5981,hclb
131,0.0,0.0,0.0,0.0,0.0,0.0,0.0,0.0,-0.022707350363640137,0.0,0.0,0.0,0.0,0.0,0.0,0.0,-170.9164401451268,311.76290626547876,0.0,0.0,0.0,0.0,0.0,0.0,0.0,0.0,0.0,0.0,0.0,923.4261992919643,0.0,0.0,2.8908597674956695,0.0,0.0,0.0,0.0,999.9091705985455,0.0,-1000.0,1000.0,0.0,0.0,189.250957914471,0.0,0.0,0.0,85.34973277504487,-407.6004482629829,0.0,0.0,0.0,0.0,0.02497808539998627,0.0,0.0,0.0,89.8912028477729,0.0,0.0,140.10557738742742,0.0,0.0,-286.2104367409288,0.0,0.0,0.0,0.0,941.496055307264,-623.1439906972706,0.0,0.22707350363640139,0.0,0.0,0.0,0.0,0.0,0.0,0.0,0.0,0.0,0.0,190.7509422142781,0.0,13.624410218184082,0.0,0.0,494.4978059784229,86.89735771543998,388.8943274135991,-0.005676837590910034,0.0,0.0,648.5060256814841,6.812205109092041,0.0,6.812205109092041,0.0,0.0,0.0,458.868444599007,775.0330069110888,219.29086039502738,0.0,0.0,-16.78455109664738,0.0,0.0,0.0,0.0,0.0,0.0,0.0,0.0,0.0,0.0,0.0,0.0,0.0,0.0,0.0,0.0,0.0,0.0,-1000.0,0.0,0.0,6.812205109092041,0.0,7.039278612728442,7.039278612728442,0.0,-95.47263910490136,95.47263910490136,0.0,0.0,0.0,324.31304951323165,-324.31304951323165,-426.31601412835624,0.0,0.0,0.0,0.0,0.0,-189.0024762362778,0.022707350363640137,0.0,0.0,0.0,0.0,0.0,0.0,0.0,268.1175023847289,0.0,-290.8253208543864,0.0,0.0,0.0,0.0,0.0,511.739075191257,511.739075191257,0.0,0.0,0.0,0.0,343.43999688977357,0.0,0.0,511.7617825416206,0.0,0.0,0.0,21.183281805379647,0.0,0.0,0.0,0.0,0.0,0.0,0.0,0.0,0.0,0.0,-955.2403803874063,0.0,0.0,0.0,0.0,-1000.0,0.0,0.0,0.0,0.0,0.0,0.0,0.0,-86.89735771543998,86.89735771543998,426.31601412835624,0.0,0.0,0.0,0.0,0.0,0.0,704.1353388969369,-942.379888868183,0.0,0.0,0.0,0.0,0.0,0.0,0.0,0.0,0.0,0.0,0.0,0.0,0.0,196.53277474840286,-33.91705985454394,-344.9093108838546,0.0,0.0,0.0,0.0,-162.08554537181539,0.0,0.0,0.0,0.0,140.10557738742742,-534.1602687983255,0.0,0.0,129.79476279159934,0.0,0.0,0.0,0.0,0.0,312.1540748396671,0.0,0.0,0.0,217.94382624292683,391.7385416738069,0.0,0.0,344.9093108838546,0.0,0.0,426.31601412835624,-2.316149737091294,0.0,0.0,0.0,-496.4615299520693,0.0,0.0,0.0,0.0,302.6513540569956,-1000.0,1000.0,-697.3486459430044,0.0,0.0,137.96819083459883,0.0,0.0,-186.798404016528,0.0,0.0,0.0,-51.02527065524231,0.0,51.02527065524231,0.0,511.7163678408933,0.0,0.0,-1000.0,0.0,0.0,0.0,140.10557738742742,-0.034061025545460206,0.0,0.0,0.0,0.0,0.022707350363640137,0.0,0.0,0.0,416.80325129470003,-170.9164401451268,0.0,-108.08898486422147,-191.380110736734,0.0,931.35367518182,0.0,-299.97781391448507,0.0,-16.78455109664738,0.0,0.0,0.0,733.8499427802318,-941.496055307264,507.6239264415173,-1000.0,-1000.0,0.0,0.0,0.0,0.0,0.0,0.0,0.0,0.0,0.0,0.0,0.0,0.0,0.0,0.0,0.0,0.0,129.79476279159934,0.0,0.0,-1000.0,268.1175023847289,0.0,311.42289815795635,0.0,0.0,0.0,-123.15159860338929,0.0,0.0,0.0,725.9955806473001,773.8976393929069,0.0,-312.4999999999992,611.9158127853646,-30.843705096420386,0.0,298.6156524180433,0.0,-1000.0,-1000.0,312.4999999999992,-1000.0,1000.0,30.276021337329382,-1.1353675181820069,-15.75828927284698,0.0,0.0,0.0,155.09559751385171,6.812205109092041,0.0,0.0,0.0,186.4674289200756,0.0,0.0,0.0,-196.53277474840286,196.53277474840286,196.53277474840286,-81.22434789615623,0.0,0.0,0.0,0.0,0.0,704.1353388969369,0.0,0.0,-146.1048593535014,0.0,-562.5000000000006,75.45852992727197,0.0,0.0,0.0,0.0,-40.729264963635984,0.045414700727295435,0.0,0.0,0.0,0.0,0.0,0.0,0.0,0.0,0.0,0.0,0.0,0.0,0.0,0.0,0.0,0.0,0.0,0.0,0.0,0.02497808539998627,0.02497808539998627,0.0,287.9913046756748,0.0,13.624410218184082,0.0,0.0,0.0,1000.0,0.0,0.0,0.0,0.0,0.0,-9.262790671854145,-1000.0,0.0,0.0,0.0,0.0,0.0,75.45852992727197,0.0,0.0,0.0,0.0,0.0,0.0,0.0,333.3333333333333,-416.80325129470003,0.0,0.0,1.7484659780002894,0.0,648.5060256814841,0.0,-264.23046875654086,0.0,-9.262790671854145,0.0,0.0,-49.99205563549013,-62.50000000000006,62.50000000000006,196.53277474840286,0.0,0.0,0.0,0.0,0.0,0.0,0.0,0.0,0.0,0.0,0.0,0.0,0.0,13.624410218184082,426.31601412835624,426.31601412835624,0.0,0.0,0.0,0.0,0.0,0.0,0.0,0.0,0.0,0.0,0.22707350363640139,0.0,0.0,0.0,0.0,0.0,0.0,0.0,0.0,6.812205109092041,0.0,0.0,0.0,0.0,0.0,0.0,0.0,0.0,0.0,0.0,0.0,-142.071436194186,0.0,6.812205109092041,6.812205109092041,1000.0,-1000.0,0.0,75.45852992727197,0.0,0.0,0.0,0.0,0.0,780.7091396049726,704.1353388969369,573.3191725396507,0.022707350363640137,0.0,0.0,0.0,1.8311856114678366,0.0,0.0,-648.5060256814841,0.0,0.0,0.0,0.0,0.0,0.0,0.0,0.0,0.0,0.0,0.0,0.0,0.0,0.0,0.022707350363640137,0.0,0.0,0.0,-1000.0,1000.0,0.0,0.0,0.0,0.0,0.0,502.8476776963722,0.0,-314.5763781418051,-1000.0,-1.7030512772730202,-1.1353675181820069,0.0,0.0,0.0,0.0,0.0,0.0,0.0,0.0,0.0,0.0,0.0,0.0,426.31601412835624,0.0,0.0,0.0,156.2309650320337,0.0,0.0,0.0,-0.022707350363640137,0.0,0.0,0.022707350363640137,0.0,0.022707350363640137,0.0,318.35206460999336,0.0,13.624410218184082,27.702967443640965,27.702967443640965,0.0,0.0,0.0,0.0,0.0,0.0,0.0,0.0,0.0,704.1353388969369,0.0,0.0,0.0,735.8050456465412,0.0,0.0,0.0,0.0,0.0,0.0,0.0,0.0,0.0,0.0,0.0,0.0,0.0,264.23046875654086,0.0,-268.84744822264474,268.84744822264474,0.034061025545460206,0.0,0.0,0.0,-6.812205109092041,0.0,0.0,0.0,0.0,0.0,-287.9913046756748,1.1353675181820069,0.0,0.0,0.0,0.0,-343.43999688977357,-406.2481463449218,0.0,0.0,-562.5000000000006,0.0,0.0,0.0,0.0,0.0,426.31601412835624,0.0,0.0,0.0,91.45852992727197,0.0,60.458529927271975,-16.78455109664738,0.0,-529.3997449483111,314.5763781418051,214.82336680650602,268.1175023847289,-30.01911718073226,0.0,1.1353675181820069,1000.0,0.0,0.0,0.0,-146.1048593535014,0.0,0.0,0.0,0.0,0.0,0.0,0.0,0.0,0.0,1000.0,-48.165722167139705,27.702967443640965,0.0,266.84317940832085,266.84317940832085,-266.84317940832085,0.0,0.0,0.0,0.0,0.0,312.1540748396671,0.0,0.0,244.93473634035422,-1.8311856114678366,0.0,0.0,6.812205109092041,0.0,0.0,0.0,0.0,-292.77541251785215,0.0,0.0,0.02497808539998627,0.0,0.0,0.0,13.851483721820482,0.0,0.0,0.0,0.0,-33.91705985454394,0.0,0.0,0.0,0.0,0.0,0.0,0.0,0.0,0.0,0.0,0.0022707350363640787,0.0022707350363640787,0.0,0.0,0.0,0.0,0.0,0.0,0.0,0.0,0.0,0.0,0.0,0.0,0.0,0.0,0.0,287.9913046756748,0.0,0.0,0.0,0.0,0.0,0.0,0.0,0.0,0.0,0.0,0.0,0.0,-611.4651377186377,0.0,311.76290626547876,0.0,0.0,0.0,13.624410218184039,0.0,0.0,0.0,0.0,0.0,793.2782079672129,-806.9026181853969,0.0,0.0,0.0,0.0,0.0,0.0,0.0,0.0,0.0,0.0,0.0,0.0,-600.7809901824694,0.0,751.3595806456347,0.0,-6.812205109092041,0.0,999.9091705985455,0.0,0.0,0.0,0.0,0.0,0.0,0.0,0.0,0.0,0.0,0.0,0.0,0.0,0.0,0.0,0.0,0.0,-2.838418795455027,426.31601412835624,-775.6006906701798,782.2677165364078,0.0,0.0,0.0,0.0,0.0,0.0,-0.2838418795455017,414.2223617382303,0.0,0.0,0.0,0.0,0.0,0.0,0.0,972.5381823571813,6.812205109092041,6.812205109092041,0.0,0.0,0.0,0.0,0.0,0.02497808539998627,287.9913046756748,0.0,0.0,-999.9091705985455,0.0,0.0,0.0,0.0,0.0,0.0,0.0,0.0,0.0,0.0,0.0,0.0,0.0,0.0,293.59975641631905,0.0,0.0,7.039278612728442,0.0,23.842717881822143,1.7484659780002894,0.0,0.0,0.0,0.0,0.0,287.9913046756748,0.0,716.5356769846961,0.0,0.0,0.0,-2.838418795455027,0.0,0.0,0.0,0.0,0.0,0.0,0.0,0.0,0.0,0.0,0.0,0.0,0.0,0.0,0.0,0.0,0.0,0.0,-0.022707350363640137,0.0,0.0,1.1353675181820069,9.262790671854145,0.0,0.0,0.0,0.0,426.31601412835624,0.0,0.0,0.0,-733.8499427802318,0.5676837590909827,0.0,0.0,0.0,0.022707350363640137,0.0,22.707350363640135,0.0,4.5414700727280275,0.1621953597402867,77.43206474001286,-0.017030512772730103,388.08418721463545,0.45414700727280277,-0.11353675181811096,-77.43206474001286,6.812205109092041,-0.022707350363640137,5.594850365549127,75.45852992727197,0.005676837590910034,0.1621953597402867,-16.78455109664738,-3.615010177893055,-0.45414700727280277,-140.84646612035195,-0.022707350363640137,0.005676837590910034,-77.43206474001286,2.2707350363640137,0.022707350363640137,0.022707350363640137,-287.9436192399112,0.024978085400004214,-10.051022537836939,-0.017030512772730103,6.812205109092041,0.022707350363640137,6.812205109092041,-11.35367518182007,-0.011353675181820068,334.4454455855181,159.79210298508772,-0.017030512772730103,-0.022707350363640137,0.0,0.022707350363640137,2.2707350363640137,-0.45414700727280277,264.23046875654086,264.23046875654086,-2.2707350363640137,140.84646612035195,-264.23046875654086,4.5414700727280275,0.034061025545460206,-1000.0,2.2707350363640137,-333.3333333333333,75.45852992727197,-4.5414700727280275,0.011353675181820068,0.22707350363640139,27.02224621605537,96.0,-0.022707350363640137,-293.10045850749395,287.9436192399112,7.039278612728442,0.022707350363640137,3.615010177893055,48.209709490903805,75.45852992727197,-0.022707350363640137,-0.005676837590910034,-75.45852992727197,-0.022707350363640137,-40.729264963635984,0.022707350363640137,-0.005676837590910034,-0.005676837590910034,-0.005676837590910034,9.082940145456055,11.35367518182007,0.22707350363640139,16.82330820066187,-0.005676837590910034,48.44964206656161,1.1353675181820069,21.5,0.022707350363640137,0.011353675181820068,0.011353675181820068,40.0,0.0,0.022707350363640137,0.0,0.22707350363640139,0.022707350363640137,-16.82330820066187,0.022707350363640137,0.09082940145447083,0.11353675181811096,0.011353675181820068,0.005676837590910034,6.812205109092041,-0.022707350363640137,10.051022537836939,0.22707350363640139,-33.64661640132374,387.51650345554435,-2.2707350363640137,4.5414700727280275,1.1353675181820069,-0.022707350363640137,16.78455109664738,0.034061025545460206,-0.022707350363640137,-80.0,0.0,419.8114608690703,0.011353675181820068,-43.0,-0.022707350363640137,-0.022707350363640137,-0.022707350363640137,0.011353675181820068,77.43206474001286,-4.5414700727280275,0.022707350363640137,54.04449243211074,-0.005676837590910034,-0.024978085400004214,-54.04449243211074,3.40610255454602,-159.79210298508772,622.8287191089897,77.43206474001286,-0.017030512772730103,293.10045850749395,-96.0,0.022707350363640137,-0.005676837590910035,727.1309481654821,22.707350363640135,-0.011353675181820068,-0.022707350363640137,0.005676837590910034,0.0,0.0,611.0943189112191,0.0,-46.0,0.0,394.3279802594275,-20.177243307179477,0.0,166.05011534475807,-93.0,-65.0,-388.8943274135991,-83.02505767237903,23.0,46.5,0.0,10.088621653589739,-287.9913046756748,-127.03604835121814,388.8943274135991,65.0,-127.03604835121814,-394.3279802594275,171.92376786607983,0.0,1496.5981,hclb
132,0.0,0.0,0.0,0.0,0.0,0.0,0.0,0.0,311.0759343164366,0.0,0.0,0.0,0.0,0.0,0.0,0.0,0.0,0.0,0.0,725.7250471693308,0.0,0.0,0.0,148.16983974267956,0.0,0.0,0.0,0.0,0.0,-731.3661059011056,29.974823075378254,-29.974823075378254,15.49904542744422,0.0,0.0,0.0,0.0,359.1535528490327,0.0,-1000.0,994.4788431346151,0.0,0.0,0.0,0.0,0.0,0.0,0.0,-917.0805179224403,0.0,0.0,-952.9766300209487,0.0,0.020244241839744603,0.0,0.0,0.0,0.0,0.0,0.0,-181.6379079461976,0.0,356.0278652182919,0.0,0.0,0.0,0.0,0.0,0.0,0.0,0.0,0.18403856217949807,0.0,0.0,0.0,0.0,0.0,0.0,0.0,0.0,0.0,0.0,0.0,0.0,11.042313730769884,0.0,228.15551974084224,400.96580012752867,288.8631349432938,0.0,-0.004600964054487452,0.0,0.0,0.0,5.521156865384942,0.0,5.521156865384942,0.0,458.41929009441037,0.0,0.0,789.1393343497161,-1000.0,0.0,0.0,-15.094229350139091,0.0,0.0,0.0,0.0,0.0,0.0,0.0,0.0,0.0,0.0,0.0,0.0,0.0,0.0,0.0,0.0,0.0,0.0,-912.9648951657257,0.0,0.0,5.521156865384942,0.0,5.70519542756444,5.70519542756444,0.0,-1000.0,0.0,1000.0,-1000.0,-1000.0,0.0,0.0,825.6100427279057,0.0,0.0,0.0,0.0,0.0,229.57261666962438,0.018403856217949807,0.0,0.0,0.0,0.0,0.0,0.0,0.0,47.90423049416857,0.0,-231.79454526533166,0.0,0.0,0.0,0.0,0.0,418.68811973565516,418.68811973565516,0.0,0.0,0.0,0.0,-172.91738155567754,0.0,0.0,448.6813466672514,0.0,0.0,0.0,0.0,-443.27882963339255,0.0,0.0,0.0,0.0,0.0,0.0,0.0,0.0,0.0,0.0,0.0,0.0,0.0,0.0,-659.954891218885,0.0,0.0,0.0,0.0,0.0,0.0,952.9766300209487,-288.8631349432938,288.8631349432938,174.38995727209428,0.0,0.0,0.0,0.0,0.0,0.0,268.63389409889436,126.58019047625963,0.0,0.0,0.0,0.0,0.0,0.0,0.0,0.0,0.0,0.0,0.0,0.0,0.0,203.37519761930815,-35.63845751282008,695.4699938025972,0.0,0.0,0.0,0.0,83.14121052198708,0.0,0.0,0.0,0.0,-181.6379079461976,695.4699938025972,29.974823075378254,0.0,0.0,0.0,0.0,0.0,0.0,0.0,112.31512060282512,3.680771243589961,0.0,0.0,-577.7262698865876,0.0,147.99877728274356,0.0,-695.4699938025972,0.0,0.0,174.38995727209428,0.0,0.0,0.0,0.0,-313.37529849896185,0.0,0.0,-1000.0,-1000.0,0.0,0.0,0.0,1000.0,0.0,0.0,0.0,0.0,0.0,-194.77401809087252,0.0,0.0,0.0,0.0,0.0,0.0,0.0,-235.82202026771125,0.0,0.0,693.659218631773,0.0,0.0,0.0,-181.6379079461976,-0.027605784326924707,0.0,0.0,0.0,0.0,0.018403856217949807,0.0,0.0,0.0,284.58744595659357,0.0,0.0,-228.21372165871338,178.04425435798763,443.27882963339255,1000.0,0.0,216.6923948446807,0.0,-15.094229350139091,0.0,0.0,0.0,-1.5845720203654778,-834.1579643602673,619.0501415359521,-955.0285473972083,-1000.0,0.0,0.0,0.0,0.0,0.0,0.0,0.0,0.0,0.0,0.0,0.0,0.0,0.0,0.0,0.0,0.0,0.0,598.1445405621221,0.0,238.91737228821756,0.0,0.0,81.74769335722856,0.0,0.0,0.0,-311.91291419707125,0.0,458.41929009441037,0.0,0.0,788.2191415388186,0.0,562.4999999999987,-395.0297635803068,620.1683533552051,834.1579643602673,547.5672223551672,0.0,-643.8309339334215,0.0,-562.4999999999987,0.0,705.5786109089014,-620.6284497606539,-0.9201928108974903,-952.1937054746077,0.0,0.0,0.0,-92.10852698696156,5.521156865384942,0.0,0.0,0.0,0.0,0.0,311.09433817265455,368.3744318823491,164.9992342630408,-164.9992342630408,-164.9992342630408,104.41345810654913,0.0,0.0,0.0,0.0,0.0,268.63389409889436,0.0,0.0,-81.35473368280536,0.0,0.0,0.0,0.0,0.0,0.0,0.0,-41.15961437820502,0.03680771243579173,0.0,0.0,0.0,0.0,0.0,0.0,0.0,0.0,0.0,0.0,0.0,0.0,0.0,0.0,0.0,0.0,0.0,0.0,0.0,0.020244241839744603,0.020244241839744603,29.974823075378254,295.6944263757182,0.0,11.042313730769884,0.0,0.0,0.0,1000.0,0.0,109.6290817729232,228.15551974084224,0.0,0.0,445.6908273917812,-1000.0,0.0,0.0,497.5594712672486,0.0,0.0,0.0,0.0,0.0,0.0,0.0,0.0,0.0,0.0,304.32163172190855,-284.58744595659357,0.0,0.0,229.57261666962438,0.0,0.0,0.0,-257.53116779408134,0.0,445.6908273917812,0.0,-424.5177278805122,829.0489408940884,0.0,0.0,203.37519761930815,0.0,0.0,0.0,0.0,0.0,0.0,0.0,0.0,0.0,0.0,0.0,0.0,0.0,11.042313730769884,174.3899572720943,174.38995727209428,0.0,0.0,0.0,0.0,0.0,0.0,0.0,0.0,0.0,0.0,0.18403856217949807,0.0,29.974823075378254,228.15551974084224,-228.15551974084224,29.974823075378254,952.9766300209487,0.0,0.0,5.521156865384942,-497.5594712672486,0.0,0.0,0.0,0.0,0.0,0.0,0.0,0.0,0.0,464.28629929176253,0.0,0.0,5.521156865384942,5.521156865384942,-83.55070115225698,-1000.0,0.0,0.0,0.0,0.0,0.0,0.0,0.0,955.0285473972083,268.63389409889436,1000.0,0.018403856217949807,0.0,0.0,0.0,1.4841395478618093,0.0,0.0,0.0,0.0,0.0,0.0,0.0,0.0,0.0,0.0,0.0,0.0,0.0,0.0,0.0,0.0,0.0,0.018403856217949807,0.0,0.0,0.0,-112.83276803531601,112.83276803531601,0.0,0.0,0.0,0.0,-231.08541365074018,459.3394829053079,-47.90423049416857,0.0,-359.2271682739045,-1.3802892163462357,-0.9201928108974903,0.0,0.0,-218.75,-218.75,218.75,0.0,0.0,0.0,0.0,0.0,0.0,0.0,174.3899572720943,443.27882963339255,0.0,0.0,-91.18833417606407,0.0,0.0,0.0,311.0759343164366,0.0,0.0,0.018403856217949807,0.0,0.018403856217949807,0.0,0.0,0.0,11.042313730769884,22.45270458589876,22.45270458589876,0.0,0.0,0.0,0.0,0.0,0.0,0.0,0.0,0.0,268.63389409889436,0.0,0.0,0.0,0.0,0.0,0.0,0.0,0.0,0.0,0.0,0.0,0.0,0.0,0.0,0.0,0.0,0.0,257.53116779408134,0.0,-681.6982583257692,681.6982583257692,0.027605784326924707,0.0,0.0,0.0,-5.521156865384942,0.0,0.0,0.0,0.0,0.0,-295.6944263757182,0.9201928108974903,0.0,0.0,0.0,0.0,172.91738155567754,80.82750054633107,0.0,0.0,0.0,0.0,0.0,0.0,0.0,0.0,174.3899572720943,0.0,497.5594712672486,-687.4999999999635,92.31922875641004,0.0,45.32997135124638,-15.094229350139091,0.0,0.0,458.41929009441037,-458.41929009441037,47.90423049416857,-22.45270458589876,0.0,0.9201928108974903,1000.0,0.0,0.0,-29.974823075378254,-537.6657731644898,0.0,0.0,0.0,0.0,0.0,0.0,0.0,0.0,0.0,-1.3802892163462193,-1.3802892163458864,22.45270458589876,0.0,114.36136260356608,114.36136260356608,-84.38653952818781,0.0,0.0,0.0,0.0,0.0,112.31512060282512,0.0,0.0,298.45500480841065,-1.4841395478618093,-240.15727121251228,0.0,5.521156865384942,228.15551974084224,0.0,0.0,0.0,-258.8609175717645,0.0,0.0,0.020244241839744603,0.0,0.0,0.0,11.22635229294938,0.0,0.0,0.0,0.0,-35.63845751282008,0.0,0.0,0.0,0.0,0.0,0.0,0.0,0.0,-98.61991184511736,0.0,0.0018403856217950332,0.0018403856217950332,0.0,0.0,0.0,0.0,0.0,0.0,0.0,0.0,0.0,0.0,29.974823075378254,0.0,0.0,0.0,0.0,295.6944263757182,0.0,0.0,0.0,0.0,0.0,0.0,0.0,0.0,0.0,0.0,0.0,456.3110394816845,761.6211592678392,0.0,0.0,0.0,0.0,0.0,11.042313730769884,0.0,0.0,0.0,0.0,0.0,0.0,-11.042313730769884,0.0,456.3110394816845,0.0,0.0,0.0,0.0,0.0,0.0,0.0,29.974823075378254,29.974823075378254,0.0,-1000.0,-1000.0,12.606641509295615,0.0,-5.521156865384942,0.0,359.1535528490327,0.0,0.0,0.0,0.0,0.0,0.0,0.0,0.0,0.0,0.0,0.0,0.0,0.0,0.0,0.0,0.0,0.0,-2.300482027243726,174.38995727209428,-789.5994307551648,0.0,0.0,0.0,0.0,0.0,0.0,-0.2300482027243726,0.0,129.25896417697393,0.0,0.0,0.0,0.0,0.0,0.0,0.0,1000.0,5.521156865384942,5.521156865384942,0.0,0.0,0.0,0.0,0.0,0.020244241839744603,295.6944263757182,0.0,0.0,-359.1535528490327,0.0,0.0,0.0,0.0,0.0,0.0,0.0,0.0,0.0,0.0,0.0,0.0,0.0,0.0,340.8491291628846,0.0,0.0,5.70519542756444,0.0,19.3240490288473,0.0,0.0,229.57261666962438,0.0,0.0,0.0,295.6944263757182,0.0,0.0,0.0,0.0,0.0,-2.300482027243726,0.0,0.0,0.0,0.0,0.0,0.0,0.0,0.0,0.0,0.0,0.0,0.0,0.0,0.0,0.0,0.0,0.0,0.0,-0.018403856217949807,0.0,0.0,0.9201928108974903,-445.6908273917812,0.0,0.0,0.0,0.0,174.38995727209428,0.0,0.0,0.0,1.5845720203654778,0.46009640544874514,0.0,0.0,0.0,0.018403856217949807,0.0,18.403856217949805,0.0,3.680771243589961,0.1314561158424986,62.75714970320883,-0.013802892163462354,395.0297635803068,0.36807712435899614,-0.09201928108979018,-62.75714970320883,5.521156865384942,-0.018403856217949807,5.031409783379697,0.0,0.004600964054487452,0.1314561158424986,-15.094229350139091,-231.08541365074018,29.60674595101927,-725.7250471693308,-0.018403856217949807,0.004600964054487452,-62.75714970320883,52.85144084805445,0.018403856217949807,0.018403856217949807,-295.6557782776605,-228.1352754990025,-26.470201105371057,-0.013802892163462354,5.521156865384942,0.018403856217949807,5.521156865384942,-9.201928108974903,-0.009201928108974904,288.4532050709809,-85.0,-0.013802892163462354,-0.018403856217949807,0.0,0.018403856217949807,1.8403856217949806,-0.36807712435899614,257.53116779408134,257.53116779408134,-1.8403856217949794,725.7250471693308,-257.53116779408134,3.680771243589961,0.027605784326924707,-1000.0,1.8403856217949806,-304.32163172190855,0.0,-3.680771243589961,0.009201928108974904,0.18403856217949807,57.053430414678346,96.0,-0.018403856217949807,-299.83529402475654,295.6557782776605,5.70519542756444,0.018403856217949807,231.08541365074018,-73.09568268779924,0.0,-0.018403856217949807,-0.004600964054487452,0.0,-0.018403856217949807,-41.15961437820502,0.018403856217901193,-0.004600964054487452,-0.004600964054487452,-0.004600964054487452,7.361542487179922,9.201928108974903,0.18403856217949807,302.484289026605,-0.004600964054487452,109.07545104597699,0.9201928108974903,21.5,0.018403856217949807,0.009201928108974904,0.009201928108974904,1.8403856217949806,0.0,0.018403856217949807,0.0,0.18403856217949807,0.018403856217949807,-880.1829531288656,0.018403856217949807,0.07361542487184636,0.09201928108979018,0.009201928108974904,0.004600964054487452,5.521156865384942,-0.018403856217949807,26.470201105371057,-14.803372975509635,-604.96857805321,394.56966717485807,-1.8403856217949806,3.680771243589961,0.9201928108974903,-0.018403856217949807,15.094229350139091,0.027605784326924707,-0.018403856217949807,-3.680771243589959,0.0,387.78535826767455,0.009201928108974904,-43.0,-0.018403856217949807,-0.018403856217901193,-0.018403856217949807,0.009201928108974904,62.75714970320883,-3.680771243589961,0.018403856217949807,114.10686082935669,-0.004600964054487452,228.1352754990025,-114.10686082935669,2.7605784326924705,85.0,808.4736892359881,62.75714970320883,-0.013802892163462354,299.83529402475654,-96.0,0.018403856217949807,-0.004600964054487452,0.9201928108974903,18.403856217949805,-0.009201928108974904,-0.018403856217949807,0.004600964054487452,0.0,0.0,999.990798071891,577.6986641022606,95.57685159481991,0.0,466.28760386877684,-31.0,51.01105522625947,-32.0,-93.0,-49.01074259483634,0.0,16.0,-47.78842579740996,46.5,-51.01105522625947,15.5,-295.6944263757182,-128.92444069591005,0.0,49.01074259483634,-128.92444069591005,-466.28760386877684,268.77145046739054,0.0,1496.5981,hclb
133,0.0,0.0,0.0,0.0,0.0,0.0,0.0,0.0,135.08447870831043,0.0,0.0,0.0,0.0,0.0,0.0,0.0,-1000.0,105.63009120446281,0.0,1000.0,0.0,0.0,0.0,115.39237778733668,0.0,0.0,0.0,0.0,0.0,-237.667216970857,153.3734912022606,-153.3734912022606,3.814143480084141,0.0,0.0,0.0,0.0,999.9205528927896,0.0,-1000.0,1000.0,0.0,0.0,0.0,0.0,0.0,0.0,0.0,-596.2026979030261,-394.8057303144893,0.0,-859.8582004295042,0.0,0.021847954483178,0.0,0.0,0.0,0.0,0.0,0.0,-12.940875291889867,0.0,132.739222049749,0.0,0.0,0.0,0.0,0.0,799.2232836292228,-799.2232836292228,0.0,0.19861776802681022,0.0,0.0,0.0,0.0,0.0,0.0,0.0,0.0,0.0,0.0,0.0,0.0,11.917066081608613,0.0,0.0,-79.01270566100766,782.5176279638185,35.508925223106075,-0.004965444200670256,0.0,0.0,-136.56753998334636,5.958533040804307,0.0,5.958533040804307,-154.01304041530688,0.0,0.0,0.0,0.9930888401340511,-985.8185054521765,0.0,0.0,-16.833892151320306,703.5503975092336,0.0,0.0,0.0,0.0,0.0,0.0,0.0,0.0,0.0,0.0,0.0,0.0,0.0,0.0,0.0,0.0,0.0,-578.2245995334188,0.0,0.0,5.958533040804307,0.0,6.1571508088311155,0.0,0.0,-100.36012671624732,100.36012671624732,0.0,0.0,-187.26501264628746,0.0,0.0,67.46666588842834,0.0,0.0,0.0,0.0,0.0,1.5293568138064448,0.019861776802681023,0.0,0.0,0.0,77.8006700707945,-1000.0,0.0,0.0,0.0,0.0,-65.35457422835697,0.0,0.0,0.0,0.0,0.0,291.1881944447671,291.1881944447671,0.0,0.0,0.0,-906.2499999999999,-661.2069210395885,0.0,0.0,444.58154742383033,0.0,0.0,0.0,182.27073663244406,0.0,0.0,0.0,0.0,0.0,0.0,0.0,0.0,0.0,0.0,-838.1942568400582,0.0,0.0,0.0,0.0,-1000.0,0.0,0.0,0.0,0.0,0.0,394.8057303144893,859.8582004295042,-184.64279686547047,184.64279686547047,119.79834675785912,0.0,0.0,0.0,0.0,0.0,0.0,748.1512884813195,-722.8061450408993,0.0,0.0,0.0,0.0,0.0,0.0,0.0,0.0,0.0,0.0,0.0,0.0,0.0,391.5036504703661,183.59364314104434,974.0117144443789,0.0,0.0,0.0,0.0,82.99396054292922,0.0,0.0,0.0,0.0,-12.940875291889867,974.0117144443789,153.3734912022606,0.0,0.0,0.0,0.0,0.0,0.0,0.0,0.0,3.9723553605362043,0.0,0.0,-1000.0,-32.83957517071099,0.0,0.0,-974.0117144443789,0.0,0.0,119.79834675785912,-274.76412558400693,0.0,0.0,0.0,-244.1695459418413,0.0,0.0,0.0,0.0,950.2476965774594,-1000.0,1000.0,-49.7523034225407,597.8748310983481,0.0,736.3444974735219,394.8057303144893,0.0,-147.3779500213083,0.0,0.0,0.0,0.0,0.0,0.0,0.0,444.54182387022496,0.0,0.0,-357.93671343843994,-906.2499999999999,0.0,0.0,-12.940875291889867,-0.02979266520402153,0.0,0.0,0.0,0.0,0.019861776802681023,0.0,0.0,0.0,791.2491596584073,-1000.0,0.0,-82.33878261165803,110.08836554881474,0.0,929.9308884013406,0.0,-753.7041416569994,0.0,-16.833892151320306,0.0,0.0,0.0,-1.7100989827110646,755.4142406397104,0.0,70.2561675160362,-1000.0,0.0,0.0,0.0,0.0,0.0,0.0,0.0,0.0,0.0,0.0,0.0,0.0,0.0,0.0,0.0,0.0,0.0,39.52549577122829,0.0,-960.4745042287717,0.0,0.0,0.0,0.0,0.0,0.0,151.8441343884541,0.0,0.0,0.0,0.0,0.0,-1000.0,0.0,0.0,46.41497921144362,-554.6375242689332,-257.700568687261,0.0,0.0,-26.743882464809992,0.0,-0.9930888401340511,-489.2947328421752,-46.91152363151065,-0.9930888401340511,1000.0,0.0,0.0,0.0,495.64444004385854,5.958533040804307,0.0,0.0,0.0,303.4575311640662,0.0,135.1043404851131,0.0,-391.5036504703661,391.5036504703661,391.5036504703661,-197.5959943732821,0.0,0.0,0.0,0.0,0.0,748.1512884813195,0.0,0.0,-145.68009734163886,0.0,-937.4999999999991,76.0276446394638,0.0,0.0,0.0,0.0,-41.0138223197319,0.039723553605382364,0.0,0.0,0.0,0.0,0.0,0.0,0.0,0.0,0.0,0.0,0.0,0.0,0.0,0.0,0.0,0.0,0.0,0.0,0.0,0.021847954483178,0.021847954483178,153.3734912022606,483.5312951098299,0.0,11.917066081608613,0.0,0.0,0.0,1000.0,0.0,0.0,0.0,0.0,0.0,-239.82999600993236,-1000.0,0.0,0.0,0.0,0.0,0.0,76.0276446394638,0.0,0.0,0.0,0.0,0.0,0.0,0.0,192.74153317780625,-791.2491596584073,218.6489324199719,0.0,1.5293568138064448,0.0,-136.56753998334636,0.0,-202.79230730078834,0.0,-239.82999600993236,0.0,-280.84381832966426,0.0,0.0,0.0,391.5036504703661,0.0,0.0,0.0,0.0,0.0,0.0,0.0,0.0,0.0,0.0,0.0,0.0,0.0,11.917066081608613,119.79834675785912,119.79834675785912,0.0,0.0,0.0,0.0,0.0,0.0,0.0,0.0,0.0,0.0,0.19861776802681022,0.0,153.3734912022606,0.0,0.0,153.3734912022606,859.8582004295042,0.0,0.0,5.958533040804307,0.0,0.0,0.0,0.0,0.0,0.0,0.0,0.0,0.0,0.0,0.0,380.0635858143172,0.0,5.958533040804307,5.958533040804307,1000.0,-1000.0,0.0,76.0276446394638,0.0,0.0,0.0,0.0,0.0,-84.43766206385965,748.1512884813195,-193.36540207881495,0.019861776802681023,0.0,0.0,0.0,26.230313664626383,0.0,0.0,136.56753998334636,0.0,0.0,0.0,0.0,0.0,0.0,0.0,0.0,0.0,0.0,0.0,0.0,0.0,0.0,0.019861776802681023,0.0,0.0,0.0,0.0,0.0,0.0,0.0,0.0,0.0,-848.1558656115459,1000.0,0.0,0.0,-1000.0,-1.4896332602010767,0.0,-0.9930888401340511,0.0,93.75000000000001,93.75000000000001,-93.75000000000001,0.0,0.0,0.0,0.0,0.0,0.0,0.0,119.79834675785912,0.0,0.0,0.0,496.6375288839926,0.0,0.0,0.0,135.08447870831043,0.0,0.0,0.019861776802681023,0.0,0.019861776802681023,0.0,0.0,0.0,11.917066081608613,24.231367699270844,24.231367699270844,0.0,0.0,0.0,0.0,0.0,0.0,0.0,218.6489324199719,0.0,748.1512884813195,0.0,0.0,0.0,0.0,0.0,0.0,0.0,0.0,0.0,0.0,0.0,0.0,0.0,0.0,0.0,0.0,0.0,202.79230730078834,0.0,0.0,0.0,0.02979266520402153,0.0,0.0,0.0,-5.958533040804307,0.0,0.0,0.0,0.0,0.0,-483.5312951098299,0.9930888401340511,0.0,0.0,0.0,906.25,661.2069210395885,-154.01304041530688,-0.9930888401340511,0.0,-937.4999999999991,0.0,0.0,0.0,0.0,0.0,119.79834675785912,0.0,0.0,0.0,92.0276446394638,0.0,279.6765770594357,-16.833892151320306,0.0,845.9869595846931,0.0,-845.9869595846931,0.0,-298.99549328327777,0.0,0.9930888401340511,1000.0,0.0,0.0,-153.3734912022606,-145.68009734163886,0.0,0.0,436.88972420689345,-436.88972420689345,0.0,0.0,0.0,0.0,0.0,835.2149903196561,0.0,24.231367699270844,0.0,343.08408781069824,343.08408781069824,-189.71059660843764,0.0,0.0,0.0,0.0,0.0,0.0,0.0,0.0,488.00019489043314,-26.230313664626383,0.0,0.0,5.958533040804307,0.0,0.0,0.0,0.0,-283.2671635400149,0.0,0.0,0.021847954483178,0.0,0.0,0.0,12.115683849635422,0.0,0.0,0.0,0.0,183.59364314104434,0.0,703.5503975092336,0.0,0.0,0.0,0.0,0.0,0.0,-426.11063439686507,0.0,0.001986177680268104,0.001986177680268104,0.0,0.0,0.0,0.0,0.0,0.0,0.0,0.0,0.0,0.0,153.3734912022606,0.0,0.0,0.0,0.0,483.5312951098299,0.0,0.0,0.0,0.0,0.0,0.0,0.0,394.8057303144893,0.0,0.0,0.0,0.0,0.0,0.0,105.63009120446281,0.0,0.0,0.0,11.917066081608624,0.0,0.0,0.0,0.0,0.0,-198.56705134050966,186.64998525890104,0.0,0.0,0.0,0.0,0.0,0.0,0.0,0.0,0.0,153.3734912022606,153.3734912022606,0.0,135.45584331500197,-1000.0,13.605317109836498,0.0,-5.958533040804307,0.0,999.9205528927896,0.0,0.0,0.0,0.0,0.0,0.0,0.0,0.0,0.0,0.0,0.0,0.0,0.0,0.0,0.0,0.0,0.0,-2.4827221003351276,119.79834675785912,-1.4896332602010767,-1.4896332602010767,0.0,0.0,0.0,0.0,0.0,-0.24827221003351277,0.0,145.68009734163886,0.0,0.0,0.0,0.0,0.0,0.0,0.0,942.0904412361871,5.958533040804307,5.958533040804307,0.0,0.0,0.0,0.0,0.0,0.021847954483178,483.5312951098299,0.0,0.0,-999.9205528927896,0.0,0.0,0.0,0.0,0.0,0.0,0.0,0.0,0.0,0.0,0.0,0.0,0.0,0.0,0.0,0.0,0.0,0.0,0.0,20.854865642815074,1.5293568138064448,0.0,0.0,0.0,0.0,0.0,483.5312951098299,0.0,0.0,0.0,0.0,0.0,-2.4827221003351276,0.0,0.0,0.0,0.0,0.0,0.0,0.0,0.0,0.0,0.0,0.0,0.0,0.0,0.0,0.0,0.0,0.0,0.0,-0.019861776802681023,0.0,0.0,0.9930888401340511,239.82999600993236,0.0,0.0,0.0,0.0,119.79834675785912,0.0,0.0,0.0,1.7100989827110646,0.4965444200670256,0.0,0.0,0.0,0.019861776802681023,0.0,19.86177680268102,-6.1571508088311155,3.9723553605362043,0.14186983430486444,55.41435727948004,-0.014896332602010766,0.9930888401340511,0.39723553605362044,-0.09930888401307986,-55.41435727948004,5.958533040804307,-0.019861776802681023,5.611297383773436,76.0276446394638,0.004965444200670256,0.14186983430486444,-16.833892151320306,-3.161994866986902,152.97625566620698,-105.63009120446281,-0.019861776802681023,0.004965444200670256,-55.41435727948004,1.9861776802681022,0.019861776802681023,0.019861776802681023,-483.48958537854406,0.021847954482949128,-11.16018149717545,-0.014896332602010766,5.958533040804307,0.019861776802681023,5.958533040804307,-9.93088840134051,-0.009930888401340512,110.18254002817302,-85.0,-0.014896332602010766,-0.019861776802681023,-6.1571508088311155,0.019861776802681023,1.9861776802681022,-0.39723553605362044,202.79230730078834,202.79230730078834,-1.9861776802681022,105.63009120446281,-202.79230730078834,3.9723553605362043,0.02979266520402153,-600.5837687683643,1.9861776802681022,-192.74153317780625,76.0276446394638,-3.9723553605362043,0.009930888401340512,0.19861776802681022,20.584695652914508,96.0,-0.019861776802681023,-488.00019489043314,483.48958537854406,6.1571508088311155,0.019861776802681023,3.161994866986902,52.193512476246724,76.0276446394638,-0.019861776802681023,-0.004965444200670256,-76.0276446394638,-0.019861776802681023,-744.5642198289655,0.019861776802567337,-0.004965444200670256,-0.004965444200670256,-0.004965444200670256,7.944710721072409,9.93088840134051,0.19861776802681022,32.454660167637485,-0.004965444200670256,35.55809392205558,0.9930888401340511,21.5,0.019861776802681023,0.009930888401340512,0.009930888401340512,40.0,6.1571508088311155,0.019861776802681023,-6.1571508088311155,0.19861776802681022,0.019861776802681023,-67.93379272553955,0.019861776802681023,0.07944710721039883,0.09930888401307986,0.009930888401340512,0.004965444200670256,5.958533040804307,-0.019861776802681023,11.16018149717545,-76.48812783310349,-64.90932033527497,0.4965444200670256,-1.9861776802681022,3.9723553605362043,0.9930888401340511,-0.019861776802681023,16.833892151320306,0.02979266520402153,-0.019861776802681023,-80.0,6.1571508088311155,341.2239777865899,0.009930888401340512,-43.0,-0.019861776802681023,-0.019861776802567337,-0.019861776802681023,0.009930888401340512,55.41435727948004,-3.9723553605362043,0.019861776802681023,41.169391305829016,-0.004965444200670256,-0.021847954482949128,-41.169391305829016,2.979266520402153,85.0,-27.295748842786786,55.41435727948004,-0.014896332602010766,488.00019489043314,-96.0,0.019861776802681023,-0.004965444200670256,0.9930888401340511,19.86177680268102,-0.009930888401340512,-0.019861776802681023,0.004965444200670256,1000.0,0.0,-32.809918441491206,35.47913255790206,-45.05690738494072,0.0,808.4616461378832,-21.086980898743928,0.0,-32.0,-93.0,-65.0,-633.3837563214541,16.0,22.52845369247036,46.5,0.0,10.543490449371964,-483.5312951098299,-57.95681424657502,633.3837563214541,65.0,-57.95681424657502,-808.4616461378832,377.1409779906842,0.0,1496.5981,hclb
134,0.0,0.0,0.0,0.0,0.0,0.0,0.0,0.0,-0.01823752661392936,0.0,0.0,0.0,0.0,0.0,0.0,0.0,-1000.0,0.0,0.0,605.1967751132801,0.0,0.0,0.0,425.7644295445773,0.0,0.0,0.0,0.0,0.0,-1000.0,38.242649074283875,-38.242649074283875,6.672551328352398,0.0,0.0,0.0,0.0,251.08099863253332,0.0,-1000.0,1000.0,0.0,0.0,0.0,0.0,0.0,0.0,72.04141310175646,993.7494047129345,0.0,0.0,-1000.0,0.0,0.020061279275353172,0.0,0.0,0.0,75.68891842454234,0.0,0.0,21.56919717251455,0.0,86.19939795071299,0.0,0.0,0.0,0.0,0.0,283.00925620943616,-283.00925620943616,0.0,0.1823752661392936,0.0,0.0,0.0,0.0,0.0,0.0,0.0,0.0,0.0,0.0,-36.83835952501131,0.0,10.942515968357617,0.0,0.0,-826.5583279703137,288.22103052105473,920.8764370039241,-0.00455938165348234,0.0,0.0,-306.55825198757964,5.471257984178808,0.0,122.24027107571307,-38.829897431252434,0.0,0.0,0.0,999.5440618346518,-1000.0,0.0,0.0,-23.92439933347973,740.5889323477305,0.0,0.0,0.0,0.0,0.0,0.0,0.0,0.0,0.0,0.0,0.0,0.0,0.0,0.0,0.0,0.0,0.0,-902.943153602595,0.0,0.0,122.24027107571307,0.0,5.6536332503181015,0.0,0.0,0.0,0.0,0.0,0.0,-865.7393867722977,0.0,0.0,757.9707916490702,0.0,0.0,0.0,0.0,0.0,38.242649074283875,0.01823752661392936,0.0,0.0,0.0,0.0,-740.5889323477305,0.0,0.0,406.29973300639136,0.0,-96.31017793143499,0.0,0.0,0.0,0.0,0.0,33.32324221847054,33.32324221847054,0.0,0.0,0.0,0.0,-1000.0,0.0,0.0,71.58412881936835,0.0,0.0,0.0,332.7276359440501,0.0,0.0,0.0,0.0,0.0,0.0,0.0,0.0,0.0,0.0,-644.920148384973,0.0,0.0,0.0,0.0,-295.9842924919449,0.0,0.0,0.0,0.0,0.0,0.0,1000.0,-288.22103052105473,288.22103052105473,46.913989915594506,0.0,0.0,0.0,0.0,0.0,0.0,0.0,-940.927196149527,0.0,0.0,0.0,0.0,0.0,0.0,0.0,0.0,0.0,0.0,0.0,0.0,0.0,61.77159634127081,81.064023737106,6.250595287065494,0.0,0.0,0.0,60.854605207633035,83.15800981199314,0.0,0.0,0.0,0.0,21.56919717251455,6.250595287065494,38.242649074283875,0.0,0.0,0.0,0.0,0.0,0.0,0.0,0.0,0.0,116.76901309153426,0.0,-79.15091928599679,497.29114175611267,878.9700462215661,0.0,-6.250595287065494,0.0,0.0,107.76859512322754,-605.4511114283914,0.0,0.0,0.0,-44.134678610696824,0.0,0.0,-847.8626660899562,152.13733391004382,0.0,-1000.0,0.0,-152.13733391004382,0.0,0.0,-850.2153321503955,0.0,0.0,-79.18930047472472,0.0,0.0,0.0,-769.2594950660854,0.0,769.2594950660854,0.0,71.54765376614048,0.0,60.854605207633035,179.34699791280286,0.0,0.0,0.0,21.56919717251455,-0.027356289920894037,0.0,0.0,0.0,0.0,0.01823752661392936,0.0,0.0,0.0,43.67202168864424,-1000.0,0.0,-114.95952967538739,202.96364583850817,0.0,1000.0,0.0,0.0,0.0,-23.92439933347973,0.0,0.0,0.0,-1.5702510414593485,-710.6735269613238,712.2437780027831,-955.637352306629,-585.8287357880938,0.0,0.0,0.0,0.0,0.0,0.0,0.0,0.0,0.0,0.0,0.0,0.0,0.0,0.0,0.0,0.0,0.0,-748.846051261011,0.0,-1000.0,36.8383595250113,0.0,0.0,895.804229604556,0.0,0.0,0.0,0.0,0.0,0.0,0.0,998.6321855039553,427.6642707518876,305.6109496556228,-878.1164924339049,0.0,0.0,0.0,-0.9118763306964679,-736.800607588439,0.0,-305.6109496556228,-135.78395118225183,-90.38834189862165,-0.45593816534823395,0.0,1000.0,0.0,270.8635411516764,0.0,-498.2551236971855,122.24027107571307,187.50000000000017,-187.50000000000017,0.0,0.0,0.0,0.0,0.0,-61.77159634127081,61.77159634127081,61.77159634127081,113.27689401069385,0.0,0.0,0.0,0.0,0.0,0.0,0.0,0.0,-64.6302007781984,0.0,0.0,122.24027107571307,0.0,0.0,0.0,0.0,-41.17624733860706,0.0364750532278385,0.0,0.0,0.0,0.0,0.0,0.0,0.0,0.0,0.0,0.0,0.0,0.0,0.0,0.0,0.0,0.0,0.0,0.0,0.0,0.020061279275353172,0.020061279275353172,38.242649074283875,154.12409101848493,0.0,10.942515968357617,0.0,0.0,0.0,1000.0,0.0,0.0,0.0,0.0,0.0,235.70406205709824,-1000.0,0.0,0.0,966.9794093329119,0.0,0.0,122.24027107571307,0.0,0.0,0.0,0.0,0.0,0.0,0.0,300.981051200865,-43.67202168864424,0.0,65.77035973120462,1.4042895492725598,0.0,-1000.0,693.4417480124204,563.3697482848328,0.0,235.70406205709824,0.0,0.0,194.5278147184912,687.5000000000007,-687.5000000000007,61.77159634127081,0.0,0.0,0.0,0.0,0.0,0.0,0.0,0.0,0.0,0.0,0.0,0.0,0.0,10.942515968357617,107.76859512322756,107.76859512322754,0.0,0.0,0.0,0.0,0.0,0.0,0.0,0.0,0.0,0.0,0.1823752661392936,0.0,38.242649074283875,0.0,0.0,38.242649074283875,1000.0,0.0,0.0,122.24027107571307,-966.9794093329119,0.0,0.0,0.0,65.77035973120462,0.0,0.0,0.0,0.0,0.0,-138.17951554563683,0.0,0.0,5.471257984178808,5.471257984178808,1000.0,-1000.0,0.0,122.24027107571307,0.0,0.0,0.0,0.0,0.0,955.637352306629,0.0,1000.0,0.01823752661392936,0.0,0.0,0.0,24.08525925463857,0.0,0.0,306.55825198757964,0.0,0.0,0.0,0.0,0.0,0.0,0.0,0.0,0.0,0.0,0.0,0.0,0.0,0.0,0.01823752661392936,0.0,0.0,0.0,-1000.0,1000.0,0.0,0.0,0.0,0.0,0.0,39.7417737619489,-369.46137348138006,-39.7417737619489,-251.15394873898902,-1.367814496044702,-0.9118763306964687,0.0,0.0,0.0,0.0,0.0,0.0,0.0,0.0,0.0,0.0,0.0,0.0,107.76859512322756,0.0,0.0,0.0,-226.4797062148127,0.0,0.0,0.0,-0.01823752661392936,0.0,0.0,0.01823752661392936,0.0,0.01823752661392936,0.0,0.0,0.0,10.942515968357617,22.24978246899382,22.24978246899382,0.0,0.0,0.0,0.0,0.0,0.0,0.0,0.0,0.0,0.0,0.0,0.0,0.0,0.0,0.0,0.0,0.0,0.0,0.0,0.0,0.0,0.0,0.0,0.0,0.0,0.0,0.0,130.07199972758764,0.0,-739.1574591542937,739.1574591542937,0.027356289920894037,0.0,0.0,0.0,-122.24027107571307,0.0,0.0,0.0,0.0,0.0,-154.12409101848493,0.9118763306964679,0.0,0.0,0.0,0.0,1000.0,-39.7417737619489,0.0,0.0,0.0,0.0,0.0,0.0,0.0,0.0,107.76859512322756,0.0,966.9794093329119,0.0,92.35249467721412,0.0,61.352494677214125,-23.92439933347973,0.0,-39.7417737619489,39.7417737619489,0.0,406.29973300639136,-627.7008938973852,0.0,0.9118763306964687,863.3476693310974,0.0,0.0,-38.242649074283875,-64.6302007781984,0.0,0.0,0.0,0.0,0.0,0.0,0.0,0.0,0.0,800.4120538995027,-158.227534506619,22.24978246899382,0.0,0.0,0.0,38.242649074283875,0.0,0.0,0.0,0.0,0.0,0.0,0.0,0.0,0.0,-24.08525925463857,5.90866224737783,0.0,5.471257984178808,0.0,0.0,0.0,0.0,-318.24336050059674,0.0,0.0,0.020061279275353172,0.0,0.0,0.0,11.12489123449691,0.0,0.0,0.0,0.0,81.064023737106,0.0,740.5889323477305,0.0,0.0,0.0,0.0,0.0,0.0,0.0,0.0,0.001823752661392988,0.001823752661392988,0.0,0.0,0.0,0.0,0.0,0.0,0.0,0.0,0.0,0.0,38.242649074283875,0.0,0.0,0.0,0.0,154.12409101848493,0.0,0.0,0.0,0.0,0.0,0.0,0.0,0.0,0.0,0.0,0.0,0.0,-251.26915232418094,0.0,0.0,0.0,0.0,0.0,10.942515968357611,0.0,0.0,0.0,0.0,0.0,-697.2718470857587,686.3293311174011,0.0,0.0,0.0,0.0,0.0,0.0,0.0,0.0,0.0,38.242649074283875,38.242649074283875,0.0,-585.8287357880938,-1000.0,12.492705730541614,-122.24027107571307,0.0,0.0,251.08099863253332,0.0,0.0,0.0,0.0,0.0,0.0,0.0,0.0,0.0,0.0,0.0,0.0,0.0,0.0,0.0,0.0,0.0,-2.2796908267411706,107.76859512322754,-1000.0,156.85972001057434,0.0,0.0,0.0,0.0,0.0,-0.22796908267411703,0.0,470.92993378458976,0.0,0.0,0.0,0.0,0.0,0.0,0.0,1000.0,5.471257984178808,5.471257984178808,0.0,0.0,0.0,0.0,0.0,0.020061279275353172,154.12409101848493,0.0,0.0,-251.08099863253332,0.0,0.0,0.0,0.0,0.0,0.0,0.0,0.0,0.0,0.0,0.0,0.0,0.0,0.0,369.5787295771469,0.0,0.0,0.0,0.0,19.14940294462583,0.0,0.0,1.4042895492725598,0.0,0.0,0.0,154.12409101848493,0.0,0.0,0.0,0.0,0.0,-2.2796908267411706,0.0,0.0,0.0,0.0,0.0,0.0,0.0,0.0,0.0,0.0,0.0,0.0,0.0,0.0,0.0,0.0,0.0,0.0,-0.01823752661392936,0.0,0.0,0.9118763306964679,-235.70406205709824,0.0,0.0,0.0,0.0,107.76859512322754,0.0,0.0,0.0,1.5702510414593485,0.45593816534823395,0.0,0.0,0.0,0.01823752661392936,0.0,18.237526613929358,-5.6536332503181015,3.6475053227858716,0.13026804724235255,50.88269925286291,-0.013678144960447019,948.1300838849521,0.36475053227858717,-0.09118763306962213,-50.88269925286291,5.471257984178807,-0.01823752661392936,7.9747997778265765,122.24027107571307,0.00455938165348234,0.13026804724235255,-23.92439933347973,-2.9034142369375857,37.87789854200529,394.80322488671993,-0.01823752661392936,0.00455938165348234,-50.88269925286291,1.8237526613929358,0.01823752661392936,0.01823752661392936,-154.08579221259566,0.020061279275322346,0.0,-0.013678144960447019,5.471257984178808,0.01823752661392936,122.24027107571307,107.65024978456958,-0.00911876330696468,144.15897659839445,-85.0,-0.013678144960447019,-0.01823752661392936,-5.6536332503181015,0.01823752661392936,1.8237526613929358,-0.36475053227858717,130.07199972758764,130.07199972758764,-1.8237526613929358,-394.80322488671993,-130.07199972758764,3.6475053227858716,0.027356289920894037,-1000.0,1.8237526613929358,-300.981051200865,122.24027107571307,-3.6475053227858716,0.00911876330696468,0.1823752661392936,28.739882418846847,96.0,-0.01823752661392936,-158.227534506619,154.08579221259566,5.6536332503181015,0.01823752661392936,2.9034142369375857,-16.413773952536438,122.24027107571307,-0.01823752661392936,-0.00455938165348234,-122.24027107571307,-0.01823752661392936,-781.7651796863375,0.01823752661392936,-0.00455938165348234,-0.00455938165348234,-0.00455938165348234,7.295010645571743,-107.65024978456958,0.1823752661392936,13.511727530096813,-0.00455938165348234,49.50496505986712,0.9118763306964679,21.5,0.01823752661392936,0.00911876330696468,0.00911876330696468,32.51658559543295,5.6536332503181015,0.01823752661392936,-5.6536332503181015,0.1823752661392936,0.01823752661392936,-13.511727530096813,0.01823752661392936,0.07295010645566435,0.09118763306962213,0.00911876330696468,0.00455938165348234,5.471257984178808,-0.01823752661392936,0.0,-18.938949271002645,-27.023455060193626,947.6741457196039,-1.8237526613929358,3.6475053227858716,0.9118763306964679,-0.01823752661392936,23.92439933347973,0.027356289920894037,-0.01823752661392936,-65.0331711908659,5.6536332503181015,376.9746930214629,0.00911876330696468,-43.0,-0.01823752661392936,-0.01823752661392936,-0.01823752661392936,0.00911876330696468,50.88269925286291,-3.6475053227858716,0.01823752661392936,57.47976483769369,-0.00455938165348234,-0.020061279275322346,-57.47976483769369,2.7356289920894037,85.0,635.3115188706369,50.88269925286291,-0.013678144960447019,158.227534506619,-96.0,0.01823752661392936,-0.004559381653482341,0.9118763306964687,18.237526613929358,-0.00911876330696468,-0.01823752661392936,0.00455938165348234,0.0,0.0,79.1144442327689,0.0,52.7226457206809,0.0,207.62525810926718,-31.0,0.0,-32.0,-93.0,-65.0,-920.8764370039241,16.0,-26.36132286034045,46.5,0.0,15.5,-154.12409101848493,-58.731332520866154,920.8764370039241,65.0,-58.731332520866154,-207.62525810926718,111.10763970020534,0.0,1496.5981,hclb
135,0.0,0.0,0.0,0.0,0.0,0.0,0.0,0.0,-0.02196078734486573,0.0,0.0,0.0,0.0,0.0,0.0,0.0,0.0,0.0,0.0,-333.39266803786836,0.0,0.0,0.0,86.99934612153888,0.0,0.0,0.0,0.0,0.0,0.0,37.663145981145135,-37.663145981145135,16.079337299142445,0.0,0.0,0.0,0.0,689.9600589904575,0.0,-1000.0,993.4117637965403,0.0,-876.0567035018888,0.0,0.0,0.0,0.0,0.0,-375.71053865931776,0.0,0.0,0.0,0.0,0.02415686607933378,0.0,0.0,0.0,4.392157468973146,0.0,0.0,-14.488395332552667,0.0,14.488395332552667,0.0,0.0,0.0,0.0,0.0,930.1941883029508,0.0,0.0,0.21960787344865734,0.0,0.0,0.0,0.0,0.0,0.0,0.0,0.0,0.0,0.0,0.0,0.0,13.176472406919439,0.0,0.0,0.0,376.62345482146856,0.03294118101729859,-0.005490196836216432,0.0,0.0,0.0,6.5882362034597195,0.0,6.5882362034597195,0.0,0.0,0.0,0.0,1.0980393672432864,0.0,0.0,0.0,-14.43532930053604,850.2191156304186,883.3496124800507,0.0,0.0,0.0,0.0,0.0,0.0,0.0,0.0,0.0,0.0,0.0,0.0,0.0,0.0,0.0,0.0,-167.96980917309313,0.0,0.0,6.5882362034597195,0.0,6.807844076908377,0.0,0.0,0.0,0.0,0.0,0.0,-357.57198138466316,362.53607997239305,-362.53607997239305,357.57198138466316,0.0,0.0,0.0,0.0,0.0,1.6909806255546602,0.02196078734486573,0.0,0.0,0.0,-1000.0,-746.2418203160345,0.0,0.0,0.0,0.0,86.97484671937075,0.0,0.0,0.0,0.0,0.0,35.69625927153044,35.69625927153044,0.0,0.0,0.0,0.0,-55.63336924336022,0.0,0.0,73.38136604002044,0.0,0.0,0.0,0.0,-328.1250000001512,0.0,0.0,0.0,0.0,0.0,0.0,0.0,0.0,0.0,0.0,0.0,0.0,0.0,0.0,-1000.0,0.0,0.0,0.0,0.0,0.0,0.0,876.0567035018888,354.6958146700181,-354.6958146700181,0.0,0.0,0.0,0.0,0.0,0.0,0.0,0.0,-46.11455120146551,0.0,0.0,0.0,0.0,0.0,0.0,0.0,0.0,0.0,0.0,0.0,0.0,0.0,0.0,861.8070196235622,-500.34616484257106,0.0,0.0,0.0,0.0,82.78196047816856,0.0,0.0,0.0,0.0,-14.488395332552667,-500.34616484257106,37.663145981145135,0.0,875.0597462483707,0.0,0.0,0.0,0.0,0.0,39.46832270089248,0.0,0.0,0.0,0.0,-854.1290633504384,855.0419795125891,0.0,500.34616484257106,0.0,0.0,0.0,26.792160560736193,0.0,0.0,0.0,-8.490472348097455,0.0,0.0,-1000.0,0.0,0.0,-999.9999999999999,0.0,0.0,731.3192694914866,0.0,397.0136852914675,0.0,0.0,-21.51136378599317,0.0,0.0,0.0,-911.2961091644206,0.0,911.2961091644206,0.0,555.3799951277639,0.0,0.0,816.8178263632253,0.0,0.0,0.0,-14.488395332552667,-0.03294118101729859,0.0,0.0,0.0,0.0,0.02196078734486573,0.0,0.0,0.0,871.1614806174792,0.0,0.0,-9.623552867024026,101.2355874333979,328.1250000001512,1000.0,0.0,0.0,0.0,-14.43532930053604,0.0,0.0,0.0,726.0731550915067,-726.0731550915067,0.0,-754.803261655582,-1000.0,0.0,0.0,0.0,0.0,0.0,0.0,0.0,0.0,0.0,0.0,0.0,0.0,0.0,0.0,0.0,0.0,875.0597462483707,-309.9520978601632,0.0,-1000.0,0.0,0.0,1.0980393672432864,0.0,0.0,0.0,677.7555855417704,0.0,0.0,0.0,469.48372275575315,0.0,0.0,0.0,453.56219488115033,0.0,-204.12103321144411,65.7478942794487,-67.53565237119695,-1000.0,-227.01790179751458,0.0,-454.66023424839364,1000.0,-0.5490196836216432,66.43761300395366,0.0,0.0,0.0,-544.4894192794397,915.919676528788,6.5882362034597195,0.0,0.0,0.0,752.9793036446326,0.0,0.0,0.0,0.0,0.0,0.0,-882.9808415269268,0.0,0.0,-482.0425506624332,0.0,0.0,0.0,0.0,0.0,-28.976790665105334,0.0,0.0,0.0,0.0,0.0,0.0,0.0,-40.803921265513424,0.043921574689590265,0.0,0.0,0.0,0.0,0.0,0.0,0.0,0.0,0.0,930.1941883029508,0.0,0.0,0.0,0.0,0.0,0.0,0.0,0.0,0.0,0.02415686607933378,0.02415686607933378,37.663145981145135,51.353178891597885,0.0,13.176472406919439,0.0,0.0,0.0,1000.0,0.0,0.0,0.0,0.0,0.0,-757.6962918153263,-1000.0,0.0,0.0,0.0,0.0,0.0,0.0,0.0,0.0,0.0,0.0,0.0,0.0,0.0,55.989936391031044,-871.1614806174792,896.0227046856158,0.0,744.8312562792489,0.0,0.0,0.0,-82.78196047816856,0.0,-757.6962918153263,0.0,-798.5002130808397,0.0,-937.5000000000906,937.5000000000906,0.0,0.0,0.0,0.0,0.0,0.0,0.0,0.0,0.0,0.0,0.0,0.0,0.0,0.0,13.176472406919439,0.0,0.0,0.0,0.0,0.0,0.0,0.0,0.0,0.0,0.0,0.0,0.0,0.21960787344865734,0.0,37.663145981145135,0.0,0.0,37.663145981145135,876.0567035018888,0.0,0.0,6.5882362034597195,0.0,0.0,0.0,743.1402756536943,0.0,0.0,0.0,0.0,0.0,0.0,0.0,0.0,0.0,6.5882362034597195,6.5882362034597195,1000.0,-1000.0,0.0,0.0,0.0,0.0,0.0,0.0,0.0,944.6683433099706,0.0,953.433325499879,0.02196078734486573,0.0,0.0,0.0,29.002356944230176,0.0,0.0,0.0,0.0,0.0,0.0,0.0,0.0,0.0,0.0,0.0,0.0,0.0,0.0,0.0,0.0,0.0,0.02196078734486573,0.0,0.0,0.0,0.0,0.0,0.0,0.0,0.0,0.0,0.0,988.8057227691768,0.0,0.0,-1000.0,-1.6470590508649299,-1.0980393672432864,0.0,0.0,0.0,0.0,0.0,0.0,0.0,0.0,0.0,0.0,0.0,0.0,0.0,328.1250000001512,0.0,0.0,917.0177158960313,0.0,0.0,0.0,-0.02196078734486573,0.0,0.0,0.02196078734486573,0.0,0.02196078734486573,0.0,0.0,0.0,13.176472406919439,26.792160560736193,26.792160560736193,0.0,0.0,0.0,0.0,0.0,0.0,0.0,896.0227046856158,0.0,0.0,0.0,0.0,727.9639788818996,0.0,0.0,0.0,0.0,0.0,0.0,0.0,0.0,0.0,0.0,0.0,0.0,0.0,0.0,82.78196047816856,0.0,0.0,0.0,0.03294118101729859,0.0,0.0,0.0,-6.5882362034597195,0.0,0.0,0.0,0.0,0.0,-51.353178891597885,1.0980393672432864,0.0,0.0,0.0,0.0,55.63336924336022,-1000.0,0.0,0.0,0.0,0.0,0.0,0.0,0.0,0.0,0.0,0.0,0.0,-779.2812951424858,51.353178891597885,0.0,956.6305472166428,-14.43532930053604,309.9520978601632,-322.2444144582296,0.0,12.292316598066463,0.0,0.0,0.0,1.0980393672432864,1000.0,0.0,0.0,-37.663145981145135,-28.976790665105334,0.0,0.0,0.0,0.0,0.0,-681.2517428870724,0.0,0.0,0.0,53.00023794246282,-56.29435604419257,26.792160560736193,0.0,0.0,0.0,37.663145981145135,0.0,0.0,0.0,0.0,0.0,39.46832270089248,0.0,0.0,0.0,-959.1965452471811,836.0289782334269,-876.0567035018888,6.5882362034597195,0.0,0.0,0.0,0.0,-272.2467693473837,0.0,0.0,0.02415686607933378,0.0,0.0,0.0,13.396080280368096,0.0,0.0,0.0,0.0,861.8070196235622,0.0,850.2191156304186,0.0,0.0,0.0,0.0,0.0,0.0,-734.1624806454623,0.0,0.002196078734486573,0.002196078734486573,0.0,0.0,0.0,0.0,0.0,0.0,0.0,0.0,0.0,0.0,37.663145981145135,0.0,0.0,0.0,0.0,51.353178891597885,0.0,0.0,0.0,0.0,0.0,0.0,0.0,0.0,0.0,0.0,0.0,0.0,98.39134598728978,465.57583610888037,0.0,0.0,0.0,0.0,13.176472406919439,0.0,0.0,0.0,0.0,0.0,-13.176472406919439,0.0,0.0,0.0,0.0,0.0,0.0,0.0,0.0,0.0,0.0,37.663145981145135,37.663145981145135,0.0,-1000.0,189.86508165438863,743.0071182131328,0.0,-6.5882362034597195,0.0,689.9600589904575,0.0,0.0,0.0,0.0,0.0,0.0,0.0,0.0,0.0,484.375,0.0,-484.375,-484.375,0.0,0.0,0.0,0.0,-2.745098418108216,0.0,-1.6470590508649299,782.6112758752273,0.0,0.0,0.0,0.0,0.0,-536.2735970985792,535.9990872567683,28.976790665105334,0.0,0.0,0.0,0.0,0.0,0.0,0.0,953.433325499879,6.5882362034597195,6.5882362034597195,0.0,0.0,0.0,0.0,0.0,0.02415686607933378,51.353178891597885,0.0,0.0,-689.9600589904575,0.0,0.0,0.0,0.0,0.0,0.0,0.0,0.0,0.0,0.0,0.0,0.0,0.0,0.0,0.0,0.0,0.0,0.0,0.0,23.058826712109017,0.0,0.0,1.6909806255546602,0.0,0.0,0.0,51.353178891597885,0.0,1000.0,0.0,0.0,0.0,-2.745098418108216,0.0,0.0,0.0,0.0,0.0,0.0,0.0,0.0,0.0,0.0,0.0,0.0,0.0,0.0,0.0,0.0,0.0,0.0,-0.02196078734486573,0.0,0.0,1.0980393672432864,757.6962918153263,0.0,0.0,0.0,0.0,0.0,0.0,0.0,0.0,-726.0731550915067,0.5490196836216432,0.0,0.0,0.0,0.02196078734486573,0.0,21.96078734486573,-6.807844076908377,4.392157468973146,0.15686276674904093,61.270596692175396,-0.016470590508649297,1.098039367243307,0.4392157468973146,-0.10980393672423361,-61.270596692175396,6.588236203459719,-0.02196078734486573,4.811776433512013,0.0,0.005490196836216432,0.15686276674904093,-14.43532930053604,-3.496157345301981,37.22393023424782,333.39266803786836,-0.02196078734486573,0.005490196836216432,-61.270596692175396,2.196078734486573,0.02196078734486573,0.02196078734486573,-51.30706123817369,0.0241568660793523,-28.01259996358379,-0.016470590508649297,6.5882362034597195,0.02196078734486573,6.5882362034597195,-10.980393672432864,-0.010980393672432864,-30.091588154714877,-85.0,-0.016470590508649297,-0.02196078734486573,-6.807844076908377,0.02196078734486573,2.196078734486573,-0.4392157468973146,82.78196047816856,82.78196047816856,-2.196078734486573,-333.39266803786836,-82.78196047816856,4.392157468973146,0.03294118101729859,-1000.0,2.196078734486573,-55.98993639103104,0.0,-4.392157468973146,0.010980393672432864,0.21960787344865734,2.4058882167560065,55.74533636057103,-0.02196078734486573,-56.29435604419257,51.30706123817369,6.807844076908377,0.02196078734486573,3.496157345301981,-26.352944813838715,0.0,-0.02196078734486573,-0.005490196836216432,0.0,-0.02196078734486573,-891.023036895932,0.021960787344752042,-0.005490196836216432,-0.005490196836216432,-0.005490196836216432,8.784314937946291,10.980393672432864,0.21960787344865734,16.270198324128206,-0.005490196836216432,0.0,1.0980393672432864,21.5,0.02196078734486573,0.010980393672432864,0.010980393672432864,2.196078734486573,6.807844076908377,0.02196078734486573,-6.807844076908377,0.21960787344865734,0.02196078734486573,-16.270198324128206,0.02196078734486573,0.08784314937946017,0.10980393672423361,0.010980393672432864,0.005490196836216432,6.5882362034597195,-0.02196078734486573,28.01259996358379,-18.61196511712391,-32.54039664825641,0.5490196836216228,-2.196078734486573,4.392157468973146,1.0980393672432864,-0.02196078734486573,14.43532930053604,0.03294118101729859,-0.02196078734486573,-4.392157468973146,6.807844076908377,560.4855743051312,0.010980393672432864,-43.0,-0.02196078734486573,-0.021960787344752042,-0.02196078734486573,0.010980393672432864,61.270596692175396,-4.392157468973146,0.02196078734486573,4.811776433512013,-0.005490196836216432,-0.0241568660793523,-4.811776433512013,3.2941181017298593,85.0,719.2159070610609,61.270596692175396,-0.016470590508649297,56.29435604419257,-55.74533636057103,0.02196078734486573,-0.005490196836216432,470.58176212299645,21.96078734486573,-0.010980393672432864,-0.02196078734486573,0.005490196836216432,0.0,0.0,268.63680893382366,0.0,-46.0,0.0,89.94034273759917,-31.0,0.0,-32.0,140.0447097138571,-65.0,-731.3522106725039,16.0,23.0,-70.02235485692854,0.0,15.5,-51.353178891597885,-288.23880495774745,731.3522106725039,65.0,-288.23880495774745,-89.94034273759917,57.048604408475654,0.0,1496.5981,hclb
136,0.0,0.0,0.0,0.0,0.0,0.0,0.0,0.0,423.20627544177296,0.0,0.0,0.0,0.0,0.0,0.0,0.0,0.0,428.65057604543523,0.0,0.0,0.0,0.0,0.0,0.0,0.0,0.0,0.0,0.0,0.0,-106.7917057933015,77.35479324590118,-77.35479324590118,6.936201324602074,0.0,0.0,0.0,0.0,20.108464368475502,0.0,-776.5309443309696,928.2075967041251,0.0,0.0,0.0,0.0,0.0,239.606596552005,0.0,0.0,0.0,0.0,0.0,0.0,0.03565348335465046,0.0,0.0,0.0,0.0,0.0,0.0,-61.676040712673256,0.0,0.0,-61.676040712673256,0.0,0.0,0.0,0.0,0.0,0.0,0.0,0.32412257595095306,0.0,0.0,0.0,0.0,0.0,0.0,0.0,0.0,0.0,0.0,0.0,0.0,19.44735455705718,0.0,33.036670145162866,214.32528802271761,549.2292002150205,-334.9039121923028,-0.008103064398773825,0.0,0.0,81.72636198289537,9.72367727852859,0.0,71.79240329587492,0.0,0.0,0.0,0.0,1.620612879754765,-1000.0,0.0,0.0,-23.34748778254627,0.0,0.0,0.0,0.0,0.0,0.0,0.0,0.0,0.0,0.0,0.0,0.0,0.0,0.0,0.0,0.0,0.0,0.0,-256.97353212603,0.0,0.0,71.79240329587492,0.0,10.047799854479543,0.0,0.0,0.0,0.0,0.0,0.0,0.0,0.0,0.0,0.0,0.0,0.0,0.0,0.0,0.0,35.5324139799852,0.0324122575950953,0.0,0.0,0.0,0.0,0.0,0.0,0.0,0.0,0.0,72.24868479024268,0.0,0.0,0.0,0.0,0.0,782.1810328951776,782.1810328951776,0.0,0.0,0.0,0.0,0.0,0.0,0.0,859.5682383986739,0.0,0.0,0.0,-480.9612733937631,-484.375,0.0,0.0,0.0,0.0,0.0,0.0,0.0,0.0,0.0,0.0,0.0,0.0,0.0,0.0,-585.3539956262001,0.0,0.0,0.0,0.0,0.0,0.0,0.0,-214.32528802271761,214.32528802271761,0.0,0.0,0.0,0.0,0.0,0.0,0.0,893.2082942066985,784.9935087986009,0.0,0.0,0.0,0.0,0.0,0.0,0.0,0.0,0.0,0.0,0.0,0.0,0.0,309.3201731194807,32.03362905538445,106.7917057933015,0.0,0.0,0.0,0.0,81.72636198289537,0.0,0.0,0.0,0.0,-61.676040712673256,106.7917057933015,77.35479324590118,0.0,0.0,0.0,0.0,0.0,0.0,0.0,78.39846794046605,6.48245151901906,62.06872601734633,0.0,-549.6233122936643,213.93117594407371,0.0,0.0,-106.7917057933015,0.0,0.0,0.0,259.04684102470196,0.0,0.0,0.0,-479.28156307820734,0.0,0.0,241.7871486996206,1000.0,1000.0,-695.7128513003793,-62.50000000000006,62.50000000000006,334.9039121923028,0.0,0.0,0.0,0.0,8.703836707420507,0.0,0.0,0.0,614.6264077749358,0.0,-614.6264077749358,0.0,1000.0,0.0,0.0,761.6460210160546,0.0,0.0,0.0,-61.676040712673256,-0.048618386392642945,0.0,0.0,0.0,0.0,0.0324122575950953,0.0,0.0,0.0,353.43676240696374,0.0,0.0,-374.08323264095714,-210.1501088258563,484.375,1000.0,0.0,46.433800230733574,0.0,-23.34748778254627,0.0,0.0,0.0,-2.7906953789377504,0.0,-43.643104851795826,-1000.0,-1000.0,0.0,0.0,0.0,0.0,0.0,0.0,0.0,0.0,0.0,0.0,0.0,0.0,0.0,0.0,0.0,0.0,0.0,663.3019039631326,0.0,298.43165136915,0.0,344.6321391951239,0.0,0.0,0.0,0.0,-36.57608867455007,0.0,0.0,0.0,0.0,0.0,0.0,49.133718442391796,0.0,0.0,0.0,-1000.0,-1000.0,0.0,0.0,-49.133718442391796,-1.620612879754765,0.0,-0.8103064398773825,998.3793871202453,181.0449238718922,0.0,872.1403267698865,-44.27187980312749,0.0,71.79240329587492,0.0,0.0,0.0,404.0178297937503,0.0,423.23868769936803,874.3439890414672,565.0238159219865,-565.0238159219865,-565.0238159219865,-294.1527935302231,0.0,0.0,0.0,0.0,0.0,893.2082942066985,0.0,0.0,-57.27874113502077,0.0,0.0,0.0,0.0,0.0,0.0,0.0,-39.75877424049047,0.06482451519212873,0.0,0.0,0.0,0.0,0.0,0.0,0.0,0.0,0.0,0.0,0.0,0.0,0.0,0.0,0.0,0.0,0.0,0.0,0.0,0.03565348335465046,0.03565348335465046,77.35479324590118,398.83772160046163,0.0,19.44735455705718,0.0,0.0,0.0,1000.0,0.0,0.0,33.036670145162866,0.0,0.0,-82.82142970062779,-1000.0,0.0,0.0,0.0,0.0,0.0,0.0,0.0,0.0,0.0,0.0,0.0,0.0,0.0,85.65784404201001,-353.43676240696374,0.0,0.0,35.5324139799852,0.0,0.0,81.72636198289537,0.0,0.0,-82.82142970062779,0.0,877.4197960588817,-1000.0,0.0,0.0,309.3201731194807,0.0,0.0,0.0,0.0,0.0,0.0,0.0,0.0,0.0,0.0,0.0,0.0,0.0,19.44735455705718,0.0,0.0,0.0,0.0,0.0,0.0,0.0,0.0,0.0,0.0,0.0,0.0,0.32412257595095306,0.0,77.35479324590118,33.036670145162866,-33.036670145162866,77.35479324590118,0.0,0.0,0.0,71.79240329587492,0.0,0.0,0.0,0.0,0.0,0.0,0.0,0.0,0.0,0.0,346.19013606432196,548.5488057787832,0.0,9.72367727852859,9.72367727852859,-730.5274925170069,-1000.0,0.0,0.0,0.0,0.0,0.0,0.0,0.0,1000.0,893.2082942066985,586.4784220914476,0.0324122575950953,0.0,0.0,-372.92535364055936,415.7303701173963,0.0,0.0,-81.72636198289537,0.0,0.0,0.0,0.0,0.0,0.0,0.0,0.0,0.0,0.0,0.0,0.0,0.0,0.0,0.0324122575950953,0.0,0.0,0.0,0.0,0.0,0.0,0.0,0.0,344.6321391951239,0.0,591.0073345631064,0.0,0.0,-992.4536758316391,-2.4309193196321477,-1.620612879754765,0.0,0.0,0.0,0.0,0.0,0.0,0.0,0.0,0.0,0.0,0.0,0.0,0.0,484.375,0.0,0.0,873.7609396496413,0.0,0.0,0.0,423.20627544177296,0.0,0.0,0.0324122575950953,0.0,0.0324122575950953,0.0,0.0,0.0,19.44735455705718,39.54295426601627,39.54295426601627,0.0,0.0,0.0,0.0,0.0,0.0,0.0,0.0,0.0,893.2082942066985,0.0,0.0,0.0,0.0,0.0,0.0,0.0,0.0,0.0,0.0,0.0,0.0,0.0,0.0,0.0,0.0,0.0,81.72636198289537,0.0,0.0,0.0,0.048618386392642945,0.0,0.0,0.0,-71.79240329587492,0.0,0.0,0.0,0.0,0.0,-398.83772160046163,1.620612879754765,0.0,0.0,0.0,0.0,0.0,-1.620612879754765,0.0,0.0,0.0,0.0,0.0,0.0,0.0,0.0,0.0,0.0,0.0,75.58728418764973,89.51754848098093,0.0,58.51754848098094,-23.34748778254627,627.5834232376565,-38.19670155430481,0.0,-589.3867216833517,0.0,219.50388675868572,0.0,1.620612879754765,1000.0,0.0,0.0,-77.35479324590118,-123.35208142534651,687.5000000000063,-687.5000000000063,245.30589071526396,-245.30589071526396,0.0,0.0,0.0,0.0,0.0,-2.4309193196321583,-2.430919319632231,39.54295426601627,0.0,0.0,0.0,77.35479324590118,0.0,0.0,0.0,0.0,0.0,78.39846794046605,0.0,0.0,403.69956023972594,-42.805016476836926,0.0,0.0,9.72367727852859,33.036670145162866,0.0,0.0,0.0,-19.24358247746176,0.0,0.0,0.03565348335465046,0.0,0.0,0.0,19.771477133008133,0.0,0.0,0.0,0.0,32.03362905538445,0.0,0.0,0.0,0.0,0.0,0.0,0.0,0.0,-814.7800889184613,0.0,0.00324122575950953,0.00324122575950953,0.0,0.0,0.0,0.0,0.0,0.0,0.0,0.0,0.0,-372.92535364055936,77.35479324590118,0.0,0.0,0.0,0.0,398.83772160046163,0.0,0.0,0.0,0.0,0.0,0.0,0.0,0.0,0.0,0.0,0.0,66.07334029032573,0.0,0.0,428.65057604543523,0.0,0.0,0.0,19.447354557057178,0.0,0.0,0.0,0.0,0.0,-98.57836355726263,79.13100900020545,0.0,66.07334029032573,0.0,0.0,0.0,0.0,0.0,0.0,0.0,77.35479324590118,77.35479324590118,0.0,-850.7069592765554,-1000.0,22.202396452640286,-1000.0,928.2075967041251,0.0,364.7406035635994,0.0,0.0,0.0,0.0,0.0,0.0,0.0,0.0,0.0,859.375,0.0,-859.375,-859.375,0.0,0.0,0.0,0.0,-4.051532199386912,0.0,-2.4309193196321477,0.0,0.0,0.0,0.0,0.0,0.0,-0.4051532199386913,0.0,57.27874113502077,0.0,0.0,0.0,0.0,0.0,0.0,0.0,735.7714628148922,9.72367727852859,9.72367727852859,0.0,0.0,0.0,0.0,0.0,0.03565348335465046,398.83772160046163,0.0,0.0,-364.7406035635994,0.0,0.0,0.0,0.0,0.0,0.0,0.0,0.0,0.0,0.0,0.0,0.0,0.0,0.0,0.0,0.0,0.0,0.0,0.0,34.03287047485007,35.5324139799852,0.0,0.0,0.0,0.0,0.0,398.83772160046163,0.0,0.0,0.0,0.0,0.0,-4.051532199386912,0.0,0.0,0.0,0.0,0.0,0.0,0.0,0.0,0.0,0.0,0.0,0.0,0.0,0.0,0.0,0.0,0.0,0.0,-0.0324122575950953,0.0,0.0,1.620612879754765,82.82142970062779,0.0,0.0,0.0,0.0,0.0,0.0,0.0,0.0,2.7906953789377504,0.8103064398773825,0.0,0.0,0.0,0.0324122575950953,0.0,32.4122575950953,-10.047799854479543,6.482451519019061,0.23151612567925214,90.43019869031588,-0.024309193196321473,1.620612879754765,0.648245151901906,-0.16206128797832958,-90.43019869031588,9.72367727852859,-0.0324122575950953,7.7824959275154235,0.0,0.008103064398773825,0.23151612567925214,-23.34748778254627,-38.19670155430481,76.70654809399927,-428.65057604543523,-0.0324122575950953,0.008103064398773825,-90.43019869031588,3.24122575950953,0.0324122575950953,0.0324122575950953,-398.7696558595119,-33.00101666180826,0.0,-0.024309193196321473,9.72367727852859,0.0324122575950953,71.79240329587492,45.86259721979868,-0.01620612879754765,-25.553709225150136,-85.0,-0.024309193196321473,-0.0324122575950953,-10.047799854479543,0.0324122575950953,3.24122575950953,-0.648245151901906,81.72636198289537,81.72636198289537,-3.24122575950953,428.65057604543523,-81.72636198289537,6.48245151901906,0.048618386392642945,-61.99639635585925,3.24122575950953,-85.65784404201001,0.0,-6.48245151901906,0.01620612879754765,0.32412257595095306,93.52080816023928,96.0,-0.0324122575950953,-406.13047955935815,398.7696558595119,10.047799854479543,0.0324122575950953,38.19670155430481,-100.96343513146077,0.0,-0.0324122575950953,-0.008103064398773825,0.0,-0.0324122575950953,-39.75877424049047,0.03241225759505361,-0.008103064398773825,-0.008103064398773825,-0.008103064398773825,12.96490303803812,-45.86259721979868,0.32412257595095306,131.34882220325426,-0.008103064398773825,179.25912039296315,1.620612879754765,21.5,0.0324122575950953,0.01620612879754765,0.01620612879754765,3.24122575950953,10.047799854479543,0.0324122575950953,-10.047799854479543,0.32412257595095306,0.0324122575950953,-346.0196039182232,0.0324122575950953,0.12964903038323428,0.16206128797832958,0.01620612879754765,0.008103064398773825,9.72367727852859,-0.0324122575950953,0.0,-38.35327404699964,-262.6976444065085,0.8103064398773827,-3.24122575950953,6.48245151901906,1.620612879754765,-0.0324122575950953,23.34748778254627,0.048618386392642945,-0.0324122575950953,-6.482451519019065,10.047799854479543,133.12026582226872,0.01620612879754765,-43.0,-0.0324122575950953,-0.03241225759505361,-0.0324122575950953,0.01620612879754765,90.43019869031588,-6.48245151901906,0.0324122575950953,187.04161632047857,-0.008103064398773825,33.00101666180826,-187.04161632047857,4.8618386392642945,85.0,-70.42578994640432,90.43019869031588,-0.024309193196321473,406.13047955935815,-96.0,0.0324122575950953,-0.008103064398773823,1.620612879754765,32.4122575950953,-0.01620612879754765,-0.0324122575950953,0.008103064398773825,0.0,0.0,61.9801902270617,214.67078171496894,-46.0,0.0,461.95699559231156,-31.0,0.0,-32.0,-93.0,-65.0,0.0,16.0,23.0,46.5,0.0,15.5,-398.83772160046163,-113.87668334480696,0.0,65.0,-113.87668334480696,-461.95699559231156,279.8396024821314,0.0,1496.5981,hclb
137,0.0,0.0,0.0,0.0,0.0,0.0,0.0,0.0,-0.029763915093726164,0.0,0.0,0.0,0.0,0.0,0.0,0.0,-728.9826436740199,286.673373250762,0.0,1000.0,0.0,0.0,0.0,249.2290600097357,0.0,13.05661645783806,0.0,0.0,0.0,514.1625812523478,0.0,0.0,142.08621563029703,0.0,0.0,0.0,0.0,440.7011557993809,0.0,-1000.0,1000.0,0.0,0.0,0.0,0.0,0.0,0.0,0.0,495.55075499399913,-666.0704356269453,0.0,0.0,0.0,0.03274030660307534,0.0,0.0,0.0,5.952783018745233,0.0,0.0,46.32075186804644,0.0,0.0,-306.8272616555554,0.0,0.0,0.0,0.0,0.0,0.0,0.0,0.2976391509372617,0.0,0.0,0.0,0.0,0.0,0.0,0.0,144.61737280737486,0.0,0.0,0.0,0.0,17.8583490562357,0.0,68.7740438505668,639.0701420107987,-774.4277753560597,1000.0,-0.007440978773431542,0.0,0.0,0.0,8.92917452811785,0.0,8.92917452811785,0.0,563.6298139706624,0.0,0.0,1.4881957546863083,-292.89357017860146,0.0,0.0,-23.45527532235202,0.0,0.0,0.0,0.0,0.0,0.0,0.0,0.0,0.0,0.0,0.0,0.0,0.0,0.0,0.0,0.0,0.0,0.0,-793.899451537387,0.0,0.0,8.92917452811785,0.0,9.22681367905511,9.22681367905511,0.0,726.5625000000007,0.0,-726.5625000000007,726.5625000000007,-353.14801352360183,0.0,0.0,0.0,0.0,0.0,0.0,0.0,0.0,71.06586531278371,0.029763915093726164,0.0,0.0,0.0,0.0,0.0,0.0,0.0,0.0,0.0,-69.60317862439734,0.0,0.0,0.0,0.0,0.0,584.8320279319437,584.8320279319437,0.0,0.0,0.0,0.0,566.514762575844,0.0,0.0,584.8617918470375,0.0,0.0,0.0,-574.220008486082,0.0,0.0,0.0,0.0,0.0,0.0,0.0,0.0,0.0,0.0,0.0,0.0,0.0,0.0,0.0,-1000.0,0.0,0.0,0.0,0.0,0.0,666.0704356269453,0.0,-152.05247624596416,152.05247624596416,338.9953121294036,0.0,0.0,0.0,0.0,0.0,0.0,807.0561514309493,-944.673272405461,0.0,0.0,0.0,0.0,0.0,0.0,0.0,0.0,0.0,0.0,0.0,0.0,0.0,417.6966931538902,-31.094433962509534,-280.73069257232703,0.0,0.0,0.0,14.152701394198232,-72.58080045365489,0.0,0.0,0.0,0.0,46.32075186804644,-280.73069257232703,0.0,0.0,0.0,0.0,0.0,0.0,0.0,0.0,112.76368248459082,0.0,0.0,0.0,270.9727104533396,-351.402588656756,982.5684207588337,0.0,280.73069257232703,0.0,0.0,353.14801352360183,36.31197641434592,0.0,0.0,0.0,-225.5955909113485,0.0,0.0,-412.1190982629287,-1000.0,0.0,587.8809017370713,0.0,1000.0,-926.4802516020238,0.0,0.0,666.0704356269453,0.0,-164.9195612061425,0.0,0.0,0.0,685.1523585801184,0.0,-685.1523585801184,0.0,1000.0,0.0,14.152701394198232,0.0,0.0,0.0,0.0,46.32075186804644,-0.044645872640589244,0.0,0.0,0.0,0.0,0.029763915093726164,0.0,0.0,0.0,611.8926313115426,-728.9826436740199,0.0,-286.45589990858207,60.367888874802205,0.0,920.7292561526648,0.0,126.30655143443698,0.0,-23.45527532235202,0.0,0.0,0.0,873.693448565563,0.0,-1000.0,0.0,548.3301922452591,0.0,0.0,0.0,0.0,0.0,0.0,0.0,0.0,0.0,0.0,0.0,0.0,0.0,0.0,0.0,0.0,0.0,1000.0,0.0,559.1797885402442,0.0,0.0,111.80528441857335,0.0,0.0,0.0,-183.82954779737452,0.0,563.6298139706624,0.0,752.0180294506835,0.0,0.0,438.90768651318933,0.0,-0.7440978773431541,0.0,0.0,890.5798126918222,0.0,-668.3512627795186,-438.90768651318933,-1.4881957546863083,362.66174917752153,0.0,-892.0680084465085,-970.4470929320054,0.0,-715.6783168152227,1000.0,1000.0,8.92917452811785,0.0,0.0,0.0,0.0,0.0,0.0,0.0,-417.6966931538902,417.6966931538902,417.6966931538902,-24.696781172613594,0.0,0.0,-621.5198675348505,0.0,0.0,807.0561514309493,0.0,0.0,-122.95842208637535,0.0,0.0,88.19991837545302,0.0,0.0,0.0,0.0,-40.02360849062738,0.05952783018744577,0.0,0.0,0.0,0.0,0.0,0.0,0.0,0.0,0.0,0.0,0.0,0.0,0.0,0.0,0.0,0.0,0.0,0.0,0.0,0.03274030660307534,0.03274030660307534,0.0,507.743910135145,0.0,17.8583490562357,0.0,0.0,0.0,1000.0,0.0,0.0,68.7740438505668,0.0,0.0,151.29463823492836,-1000.0,0.0,0.0,0.0,0.0,0.0,88.19991837545302,0.0,0.0,0.0,0.0,0.0,0.0,0.0,264.63315051246235,-611.8926313115426,0.0,0.0,71.06586531278371,0.0,0.0,0.0,-266.4145116757487,0.0,151.29463823492836,0.0,1000.0,-888.728970255699,0.0,0.0,417.6966931538902,0.0,0.0,0.0,0.0,0.0,0.0,0.0,0.0,0.0,0.0,0.0,0.0,0.0,17.8583490562357,353.14801352360183,353.14801352360183,0.0,0.0,0.0,0.0,0.0,0.0,0.0,0.0,0.0,0.0,0.2976391509372617,0.0,0.0,68.7740438505668,-68.7740438505668,0.0,0.0,0.0,0.0,8.92917452811785,0.0,0.0,0.0,0.0,0.0,0.0,0.0,0.0,0.0,0.0,288.57695576364165,0.0,0.0,8.92917452811785,8.92917452811785,1000.0,-1000.0,0.0,88.19991837545302,0.0,0.0,0.0,0.0,0.0,915.018075953984,807.0561514309493,1000.0,0.029763915093726164,0.0,0.0,0.0,2.400247152915488,135.19927347622038,0.0,0.0,0.0,0.0,0.0,0.0,0.0,0.0,0.0,0.0,0.0,0.0,0.0,0.0,0.0,0.0,0.029763915093726164,0.0,0.0,0.0,0.0,0.0,0.0,0.0,0.0,0.0,0.0,491.60555059186123,0.0,0.0,-440.8202114597558,-2.2322936320294624,-0.07688306629904429,-1.411312688387264,0.0,0.0,0.0,0.0,0.0,0.0,0.0,0.0,0.0,0.0,0.0,353.14801352360183,0.0,0.0,0.0,285.8098789394636,0.0,0.0,0.0,-0.029763915093726164,0.0,0.0,0.029763915093726164,0.0,0.029763915093726164,0.0,0.0,0.0,17.8583490562357,36.31197641434592,36.31197641434592,0.0,0.0,0.0,0.0,0.0,0.0,0.0,0.0,0.0,807.0561514309493,0.0,0.0,0.0,876.2561216551328,0.0,0.0,0.0,0.0,0.0,0.0,0.0,0.0,0.0,0.0,0.0,0.0,0.0,266.4145116757487,0.0,-13.05661645783806,13.05661645783806,0.044645872640589244,0.0,0.0,0.0,-8.92917452811785,0.0,0.0,0.0,0.0,0.0,-507.743910135145,1.4881957546863083,0.0,0.0,0.0,0.0,-566.514762575844,183.82954779737452,-1.411312688387264,0.0,0.0,0.0,0.0,0.0,0.0,0.0,353.14801352360183,0.0,0.0,190.07287598694847,90.04721698125476,0.0,59.04721698125476,111.74399815386836,0.0,0.0,563.6298139706624,-563.6298139706624,0.0,0.0,0.0,1.4881957546863083,1000.0,0.0,202.90810361195366,0.0,-260.50650978750895,0.0,0.0,0.0,0.0,0.0,0.0,0.0,0.0,0.0,-4.464587264058991,0.0,36.31197641434592,0.0,0.0,0.0,0.0,0.0,0.0,0.0,0.0,0.0,112.76368248459082,0.0,0.0,514.4407910312334,-2.400247152915488,617.5033619860073,0.0,8.92917452811785,68.7740438505668,0.0,0.0,0.0,-179.0699048479295,0.0,0.0,0.03274030660307534,0.0,0.0,0.0,18.15598820717296,0.0,0.0,0.0,0.0,-31.094433962509534,0.0,0.0,0.0,0.0,0.0,0.0,0.0,0.0,-1000.0,0.0,441.8584408402676,0.0029763915093726162,0.0,0.0,0.0,0.0,0.0,0.0,0.0,0.0,0.0,0.0,0.0,0.0,0.0,0.0,0.0,507.743910135145,0.0,0.0,0.0,0.0,0.0,0.0,0.0,666.0704356269453,0.0,0.0,0.0,137.5480877011336,37.58546764595942,0.0,286.673373250762,0.0,0.0,0.0,17.85834905623571,0.0,0.0,0.0,0.0,0.0,191.67056664038773,-209.52891569662344,0.0,137.5480877011336,0.0,0.0,0.0,0.0,0.0,0.0,0.0,0.0,0.0,0.0,548.3301922452591,622.1245057753824,896.6444034943353,-8.92917452811785,0.0,0.0,440.7011557993809,0.0,0.0,0.0,0.0,0.0,0.0,0.0,0.0,0.0,0.0,0.0,0.0,0.0,0.0,0.0,0.0,0.0,-3.7204893867157707,353.14801352360183,-2.2322936320294624,874.0238280231033,0.0,0.0,0.0,0.0,0.0,-0.37204893867157707,0.0,122.95842208637535,0.0,0.0,0.0,0.0,0.0,0.0,0.0,1000.0,8.92917452811785,8.92917452811785,0.0,0.0,0.0,0.0,144.61737280737486,0.03274030660307534,507.743910135145,0.0,0.0,-440.7011557993809,441.8554644487582,0.0,0.0,0.0,0.0,0.0,0.0,0.0,0.0,0.0,0.0,0.0,0.0,0.0,0.0,0.0,0.0,9.22681367905511,0.0,31.252110848412475,71.06586531278371,0.0,0.0,0.0,0.0,0.0,507.743910135145,0.0,-72.10114644510021,0.0,0.0,0.0,-3.7204893867157707,0.0,0.0,0.0,0.0,0.0,0.0,0.0,0.0,0.0,0.0,0.0,0.0,0.0,0.0,0.0,0.0,0.0,0.0,-0.029763915093726164,0.0,0.0,1.4881957546863083,-151.29463823492836,0.0,0.0,0.0,0.0,353.14801352360183,0.0,0.0,0.0,-873.693448565563,0.7440978773431541,0.0,0.0,13.05661645783806,0.029763915093726164,0.0,29.763915093726162,0.0,5.952783018745233,0.21259939352661547,101.49495046960621,-0.022322936320294622,1.4881957546863083,0.5952783018745234,-0.1488195754686235,-101.49495046960621,8.92917452811785,-0.029763915093726168,7.818425107450673,88.19991837545302,0.007440978773431542,0.21259939352661547,-23.45527532235202,-73.51245913348748,-0.5952783018745234,-557.6907295767421,-0.029763915093726168,0.007440978773431542,-101.49495046960621,2.9763915093726165,0.029763915093726168,0.029763915093726164,-507.68140591344815,-68.7413035439637,0.0,-0.022322936320294622,8.92917452811785,0.029763915093726168,8.92917452811785,-14.881957546863083,-0.014881957546863084,116.51372926910139,69.57464502918856,-0.022322936320294622,-0.029763915093726168,0.0,0.029763915093726164,2.9763915093726165,-0.5952783018745234,266.4145116757487,266.4145116757487,-2.9763915093726165,557.6907295767421,-266.4145116757487,5.952783018745233,0.044645872640589244,-266.5550673084051,2.9763915093726165,-264.63315051246235,88.19991837545302,-5.952783018745233,0.014881957546863084,0.2976391509372617,71.61397497714552,96.0,-0.029763915093726164,-514.4407910312334,507.68140591344815,9.22681367905511,0.029763915093726168,73.51245913348748,52.48322026298176,88.19991837545302,-0.029763915093726164,-0.007440978773431542,-88.19991837545302,-0.029763915093726168,-40.02360849062738,0.029763915093726168,-0.007440978773431542,-0.007440978773431542,-0.007440978773431542,11.905566037490466,14.881957546863083,0.2976391509372617,22.05134059506338,-0.007440978773431542,135.40952484684036,1.4881957546863083,21.5,0.029763915093726164,0.014881957546863084,0.014881957546863084,40.0,0.0,0.029763915093726164,0.0,0.2976391509372617,0.029763915093726157,-22.05134059506338,0.029763915093726168,0.11905566037489734,0.1488195754686235,0.014881957546863084,0.007440978773431542,8.92917452811785,-0.029763915093726168,0.0,0.2976391509372617,-44.10268119012676,0.7440978773431541,-2.9763915093726165,5.952783018745233,1.4881957546863083,-0.029763915093726168,23.45527532235202,0.044645872640589244,-0.029763915093726157,-80.0,0.0,505.784727941716,0.014881957546863084,-43.0,-0.029763915093726168,-0.029763915093726168,-0.029763915093726168,0.014881957546863084,101.49495046960621,-5.952783018745233,0.029763915093726164,143.22794995429103,-0.007440978773431542,68.7413035439637,-143.22794995429103,4.464587264058924,-69.57464502918855,-358.40201914927303,101.49495046960621,-0.022322936320294622,514.4407910312334,-96.0,0.029763915093726168,-0.007440978773431542,753.5062252053698,29.763915093726162,-0.014881957546863084,-0.029763915093726168,0.007440978773431542,1000.0,0.0,193.02043695288205,0.0,-46.0,0.0,906.4251854404283,-31.0,0.0,-32.0,-93.0,-65.0,-73.5197483979762,16.0,23.0,46.5,0.0,15.5,-507.743910135145,-326.7148230937865,73.5197483979762,65.0,-326.7148230937865,-906.4251854404283,425.482786834037,0.0,1496.5981,hclb
138,0.0,0.0,0.0,0.0,0.0,0.0,0.0,0.0,0.0,0.0,0.0,0.0,0.0,0.0,0.0,0.0,37.1039428546153,0.0,0.0,65.86399954186624,0.0,0.0,0.0,58.33619571576859,0.0,0.0,0.0,0.0,0.0,962.8960571453847,0.0,0.0,8.848030859669134,0.0,0.0,0.0,0.0,-54.54821758017761,0.0,-295.5623263507196,993.8847046025129,0.0,0.0,-679.2019497802439,0.0,0.0,0.0,0.0,0.0,0.0,0.0,0.0,0.0,0.022422749790820262,0.0,0.0,0.0,4.076863598324748,0.0,0.0,66.40774077193558,0.0,138.201018357258,0.0,0.0,0.0,0.0,0.0,915.6147803501897,-58.421455363993644,0.0,0.20384317991623743,0.0,0.0,0.0,0.0,0.0,0.0,0.0,0.0,0.0,0.0,-729.7399152233742,0.0,12.230590794974246,0.0,0.0,65.03516294001852,-0.828836601847712,1.657673203695424,0.0,0.0,0.0,287.5499430120396,6.115295397487123,0.0,6.115295397487123,-228.92572644313503,285.6599784265244,0.0,0.0,1.019215899581187,962.8960571453847,0.0,0.0,-21.701475712715947,0.0,328.1585496500345,0.0,0.0,0.0,0.0,0.0,0.0,0.0,0.0,0.0,0.0,0.0,0.0,0.0,0.0,0.0,0.0,-938.9643219932857,0.0,0.0,6.115295397487123,0.0,6.31913857740336,0.0,0.0,0.0,796.7812500000005,-796.7812500000005,796.7812500000006,-357.95605743156796,620.35463175375,-620.35463175375,153.34729830237438,0.0,0.0,0.0,0.0,0.0,731.3095077087291,0.02038431799162374,0.005096079497905935,0.0,0.0,0.0,0.0,0.0,0.0,729.7399152233742,0.0,-119.03601121895586,0.0,0.0,0.0,0.0,0.0,93.02068753084238,93.02068753084238,0.0,0.0,0.0,906.25,0.0,0.0,0.0,93.04107184883401,0.0,0.0,0.0,-409.74034414276827,-38.53137804682612,0.0,0.0,0.0,0.0,0.0,0.0,0.0,0.0,0.0,-3.0576476987435592,0.0,0.0,0.0,0.0,-1000.0,0.0,0.0,0.0,0.0,0.0,0.0,0.0,-0.828836601847712,0.828836601847712,204.60875912919357,0.0,0.0,0.0,0.0,0.0,0.0,0.0,988.3508579298939,0.0,0.0,0.0,0.0,0.0,0.0,0.0,0.0,0.0,0.0,0.0,0.0,0.0,34.25515659625147,-34.8462728033505,-1000.0,0.0,0.0,0.0,0.0,82.941183882846,0.0,0.0,0.0,0.0,66.40774077193558,-320.7980502197561,0.0,0.0,0.0,0.0,0.0,0.0,0.0,0.0,0.0,0.0,0.0,0.0,0.0,0.0,64.20632633817081,0.0,1000.0,0.0,0.0,204.60875912919357,172.69568562090782,0.0,0.0,0.0,-70.25731922465366,0.0,0.0,-158.74836057819255,0.0,0.0,-158.74836057819257,0.0,0.0,-1.657673203695424,0.0,0.0,0.0,0.0,-230.67769581540935,0.0,0.0,0.0,0.0,0.0,0.0,0.0,93.00030321285077,0.0,0.0,966.649382217178,906.25,0.0,0.0,66.40774077193558,-0.03057647698743561,0.0,0.0,0.0,0.0,0.02038431799162374,0.0,0.0,0.0,706.3347615904734,37.1039428546153,0.0,-14.467650475143966,118.30180101570167,38.53137804682612,1000.0,0.0,919.4131518464486,0.0,-21.701475712715947,0.0,0.0,0.0,-0.22626592970705883,0.0,-919.1868859167415,0.0,-1000.0,0.0,0.0,0.0,0.0,0.0,0.0,0.0,0.0,0.0,0.0,0.0,0.0,0.0,0.0,0.0,0.0,0.0,945.5333196917888,0.0,1000.0,729.7399152233742,0.0,228.26935140380508,0.0,658.8620744079612,0.0,-501.988269366605,0.0,285.6599784265244,0.0,0.0,0.0,-1000.0,0.0,949.7420790941674,432.66929121026595,84.38521964981032,0.0,-1.019215899581187,0.0,890.2105778916484,0.0,-950.7612949937486,0.0,-433.1788991600566,0.0,0.0,0.0,434.72600003325346,252.08831658220197,0.0,6.115295397487123,437.5000000000004,-437.5000000000004,0.0,81.14869958404842,0.0,0.02038431799162374,0.0,-34.25515659625147,34.25515659625147,34.25515659625147,29.475912530342782,0.0,0.0,0.0,0.0,0.0,0.0,0.0,0.0,-71.79327758532236,0.0,0.0,0.0,0.0,0.0,0.0,0.0,-40.961568200837625,0.0407686359831132,0.0,0.0,0.0,0.0,0.0,0.0,0.0,0.0,0.0,136.69827828535503,0.0,0.0,0.0,0.0,0.0,0.0,0.0,0.0,0.0,0.022422749790820262,0.022422749790820262,0.0,112.79268349067976,0.0,12.230590794974246,0.0,0.0,0.0,1000.0,0.0,0.0,0.0,0.0,0.0,167.9480698874635,-1000.0,0.0,0.0,0.0,0.0,0.0,0.0,0.0,0.0,0.0,0.0,0.0,0.0,0.0,312.98810733109525,-706.3347615904734,0.0,0.0,1.569592485355027,0.0,0.0,287.5499430120396,0.0,0.0,167.9480698874635,0.0,126.98650168662587,0.0,0.0,0.0,34.25515659625147,0.0,0.0,0.0,0.0,0.0,0.0,0.0,0.0,0.0,0.0,0.0,0.0,0.0,12.230590794974246,204.60875912919357,204.60875912919357,0.0,0.0,0.0,0.0,0.0,0.0,0.0,0.0,0.0,0.0,0.20384317991623743,0.0,0.0,0.0,0.0,0.0,0.0,0.0,0.0,6.115295397487123,0.0,0.0,0.0,0.0,0.0,0.0,0.0,0.0,0.0,0.0,0.0,-52.383022285818654,0.0,6.115295397487123,6.115295397487123,-929.9757612771716,-1000.0,0.0,0.0,0.0,0.0,0.0,0.0,0.0,-833.4871374571321,0.0,-762.9750142575832,0.02038431799162374,0.0,0.0,0.0,26.920403953366527,0.0,0.0,-287.5499430120396,0.0,0.0,0.0,0.0,0.0,0.0,0.0,0.0,0.0,0.0,0.0,0.0,0.0,0.0,0.02038431799162374,0.0,0.0,0.0,435.87809373773376,-435.87809373773376,0.0,0.0,0.0,0.0,0.0,1000.0,0.0,-234.52561925172267,-699.0666399763417,-1.5288238493717803,-1.019215899581187,0.0,0.0,-968.75,-968.75,968.75,0.0,0.0,0.0,0.0,0.0,0.0,0.0,204.60875912919357,38.53137804682612,0.0,0.0,435.74521593283464,0.0,0.0,0.0,0.0,0.0,0.0,0.02038431799162374,0.0,0.02038431799162374,0.0,720.4950467008409,0.0,12.230590794974246,24.868867949780967,24.868867949780967,0.0,0.0,0.0,0.0,0.0,0.0,0.0,0.0,0.0,0.0,0.0,0.0,0.0,1.5288238493717792,0.0,0.0,0.0,0.0,0.0,0.0,0.0,0.0,0.0,0.0,0.0,0.0,0.0,287.5499430120396,0.0,0.0,0.0,0.03057647698743561,0.0,0.0,0.0,-6.115295397487123,0.0,0.0,0.0,0.0,0.0,-112.79268349067976,1.019215899581187,0.0,0.0,0.0,-906.25,0.0,228.26935140380508,0.0,0.0,0.0,0.0,0.0,0.0,0.0,0.0,204.60875912919357,0.0,0.0,0.0,78.5375268944283,0.0,60.92313640167525,-21.701475712715947,753.5333202845528,-273.7189179627999,520.1855976782471,-1000.0,729.7399152233742,147.82681767112686,0.0,1.019215899581187,920.7946940117464,0.0,0.0,0.0,-71.79327758532236,0.0,0.0,0.0,0.0,0.0,-229.32123834212422,0.0,0.0,0.0,0.0,0.0,24.868867949780967,0.0,0.0,0.0,0.0,0.0,0.0,0.0,0.0,0.0,0.0,0.0,0.0,117.3791550387951,-163.61868223872156,-103.29637593212492,0.0,6.115295397487123,0.0,0.0,0.0,0.0,-208.26894054256897,0.0,0.0,0.022422749790820262,0.0,0.0,0.0,12.434433974890483,0.0,0.0,0.0,0.0,-34.8462728033505,0.0,0.0,0.0,0.0,0.0,0.0,0.0,0.0,135.32420616866466,0.0,180.5663870157754,0.0020384317991624322,0.0,0.0,0.0,0.0,0.0,0.0,0.0,0.0,0.0,0.0,0.0,0.0,0.0,0.0,0.0,112.79268349067976,0.0,0.0,0.0,0.0,0.0,0.0,0.0,0.0,0.0,0.0,0.0,0.0,140.07188525109683,0.0,0.0,0.0,0.0,0.0,12.230590794974246,0.0,0.0,0.0,0.0,0.0,0.0,-12.230590794974246,0.0,0.0,0.0,0.0,0.0,0.0,0.0,0.0,0.0,0.0,0.0,0.0,762.9750142575832,129.40891968825255,15.492081673634043,-6.115295397487123,0.0,0.0,-54.54821758017761,0.0,0.0,0.0,0.0,0.0,0.0,0.0,0.0,0.0,0.0,0.0,0.0,0.0,0.0,0.0,0.0,0.0,-2.5480397489529674,204.60875912919357,-1.5288238493717803,0.0,0.0,0.0,0.0,0.0,0.0,-0.25480397489529677,0.0,801.5331928086965,0.0,0.0,0.0,0.0,0.0,0.0,0.0,1000.0,6.115295397487123,6.115295397487123,0.0,0.0,0.0,0.0,0.0,0.022422749790820262,112.79268349067976,0.0,0.0,54.54821758017761,180.56434858397625,0.0,0.0,0.0,0.0,0.0,0.0,0.0,0.0,0.0,0.0,0.0,0.0,0.0,360.24752335042047,0.0,0.0,0.0,0.0,21.40353389120493,1.569592485355027,0.0,0.0,0.0,0.0,0.0,112.79268349067976,0.0,-229.94494234271622,0.0,0.0,0.0,-2.5480397489529674,0.0,0.0,0.0,0.0,0.0,0.0,0.0,0.0,0.0,0.0,0.0,0.0,0.0,0.0,0.0,0.0,0.0,0.0,-0.02038431799162374,0.0,0.0,1.019215899581187,-167.9480698874635,0.0,0.0,0.0,0.0,204.60875912919357,0.0,0.0,0.0,0.22626592970705883,0.5096079497905935,0.0,0.0,0.0,0.02038431799162374,0.0,20.38431799162374,-6.31913857740336,4.076863598324748,0.14560227136874102,56.87224719663024,-0.015288238493717805,1.0192158995812741,0.40768635983247486,-0.10192158995812406,-56.87224719663024,6.115295397487123,-0.02038431799162374,7.233825237571983,0.0,0.005096079497905935,0.14560227136874102,-21.701475712715947,-3.245183424266145,-0.40768635983247486,-102.96794239648153,-0.02038431799162374,0.005096079497905935,-56.87224719663024,97.08589967737484,0.02038431799162374,0.02038431799162374,-112.74987642289732,0.022422749790773716,-6.406647635074862,-0.015288238493717805,6.115295397487123,0.02038431799162374,6.115295397487123,-10.192158995811871,-0.01019215899581187,168.84561027946262,-85.0,-0.015288238493717805,-0.02038431799162374,-6.31913857740336,0.02038431799162374,2.0384317991623675,-0.40768635983247486,287.5499430120396,287.5499430120396,-2.0384317991623675,102.96794239648153,-287.5499430120396,4.076863598324748,0.03057647698743561,61.863747441047785,2.038431799162374,-312.98810733109525,0.0,-4.076863598324748,0.01019215899581187,0.20384317991623743,3.6169126187859915,82.61439049275305,-0.02038431799162374,-117.3791550387951,112.74987642289732,6.31913857740336,0.02038431799162374,3.245183424266145,-119.50864946816091,0.0,-0.02038431799162374,-0.005096079497905935,0.0,-0.02038431799162374,-40.961568200837625,0.020384317991652162,-0.005096079497905935,-0.005096079497905935,-0.005096079497905935,8.153727196649497,10.192158995811871,0.20384317991623743,34.46775138270499,-0.005096079497905935,0.0,1.019215899581187,21.5,0.02038431799162374,0.01019215899581187,0.01019215899581187,2.038431799162374,6.31913857740336,0.02038431799162374,-6.31913857740336,0.20384317991623743,0.02038431799162374,-73.19879096402828,0.02038431799162374,0.08153727196645377,0.10192158995812406,0.01019215899581187,0.005096079497905935,6.115295397487123,-0.02038431799162374,6.406647635074862,0.20384317991623743,-68.93550276540998,0.5096079497905066,-2.0384317991623675,4.076863598324748,1.019215899581187,-0.02038431799162374,21.701475712715947,0.03057647698743561,-0.02038431799162374,-4.076863598324748,6.31913857740336,493.84630367361933,0.01019215899581187,-43.0,-0.02038431799162374,-0.020384317991652162,-0.02038431799162374,0.01019215899581187,56.87224719663024,-4.076863598324748,0.02038431799162374,7.233825237571983,-0.005096079497905935,-0.022422749790773716,-7.233825237571983,3.0576476987435606,85.0,-170.46668527615998,56.87224719663024,-0.015288238493717805,117.3791550387951,-82.61439049275305,0.02038431799162374,-0.005096079497905935,1.019215899581187,20.38431799162374,-0.01019215899581187,-0.02038431799162374,0.005096079497905935,16.566376951225948,0.0,-61.8739396000436,38.73103958132329,144.1432988600409,0.0,306.19749890586013,-31.0,95.04746787821247,-32.0,-93.0,-65.0,0.0,16.0,-72.07164943002044,46.5,-95.04746787821247,15.5,-112.79268349067976,-285.5773631310504,0.0,65.0,-285.5773631310504,-306.19749890586013,211.83385828742934,0.0,1496.5981,hclb
139,0.0,0.0,0.0,0.0,0.0,0.0,0.0,0.0,204.8101878930684,0.0,0.0,0.0,0.0,0.0,0.0,0.0,-557.6200144056602,1000.0,0.0,163.75001301094466,0.0,0.0,0.0,815.0293422528357,0.0,0.0,0.0,0.0,0.0,598.3452972838247,53.86846431541655,-53.86846431541655,6.318535559589947,0.0,0.0,0.0,0.0,310.51981676159335,0.0,-1000.0,1000.0,0.0,0.0,0.0,0.0,0.0,0.0,0.0,0.0,-834.8991895220084,0.0,0.0,0.0,0.03449830902548001,0.0,0.0,0.0,6.272419822848459,0.0,0.0,54.45416673544765,0.0,171.06266437229726,0.0,1000.0,0.0,0.0,0.0,35.269889843689384,691.3107043668714,0.0,0.3136209911424229,0.0,0.0,0.0,0.0,0.0,0.0,0.0,31.197609641233715,0.0,0.0,-116.78565847923454,0.0,18.81725946854538,0.0,0.0,465.27405292830565,-465.27405292830565,930.5481058566113,0.0,0.0,0.0,-662.27148393008,9.408629734272688,0.0,9.408629734272688,-373.22848798391215,0.0,0.0,0.0,1.5681049557121147,239.72750749866802,0.0,0.0,-18.567273129581736,0.0,1000.0,0.0,0.0,0.0,0.0,0.0,0.0,0.0,0.0,0.0,0.0,0.0,0.0,0.0,0.0,0.0,0.0,-756.4904389204999,0.0,0.0,9.408629734272688,0.0,9.72225072541511,9.72225072541511,0.0,804.6874999999998,-804.6874999999998,0.0,0.0,0.0,460.3059595570565,-460.3059595570565,-225.5168311077449,0.0,0.0,0.0,0.0,0.0,119.2005401110312,0.031362099114242294,0.007840524778560573,0.0,0.0,-264.4504491841957,0.0,0.0,0.0,0.0,0.0,-208.43566168927885,0.0,0.0,0.0,0.0,0.0,208.9221517293607,208.9221517293607,0.0,0.0,0.0,0.0,-516.4472900018112,0.0,0.0,262.8219781438915,0.0,0.0,0.0,0.0,0.0,0.0,0.0,0.0,0.0,0.0,0.0,0.0,0.0,0.0,0.0,0.0,0.0,0.0,0.0,-1000.0,0.0,0.0,0.0,0.0,0.0,834.8991895220084,0.0,-465.27405292830565,465.27405292830565,225.5168311077449,0.0,0.0,0.0,0.0,0.0,0.0,358.6177897851567,0.0,0.0,0.0,0.0,0.0,0.0,0.0,0.0,0.0,0.0,0.0,0.0,0.0,0.0,340.1276471601072,233.99528882989262,-40.72528287816459,0.0,0.0,0.0,0.0,81.83242798946152,0.0,0.0,0.0,0.0,54.45416673544765,-40.72528287816459,53.86846431541655,0.0,0.0,0.0,0.0,0.0,0.0,0.0,0.0,0.0,0.0,0.0,0.0,0.0,0.0,0.0,40.72528287816459,0.0,0.0,225.5168311077449,-362.11198597246783,0.0,0.0,0.0,150.82956855754406,0.0,0.0,79.77006097500266,0.0,0.0,79.77006097500269,0.0,0.0,-930.5481058566113,0.0,233.20190715433336,834.8991895220084,0.0,-200.40450111764017,0.0,0.0,0.0,-800.63898187912,0.0,800.63898187912,0.0,270.55699284513526,0.0,0.0,1000.0,0.0,0.0,0.0,54.45416673544765,-0.047043148671363444,0.0,0.0,0.0,0.0,0.031362099114242294,0.0,0.0,0.0,683.2421111685209,-557.6200144056602,0.0,-22.212273310281034,275.36684056878005,0.0,941.2892035350144,0.0,0.0,0.0,-18.567273129581736,0.0,0.0,0.0,522.1212127493293,-35.269889843689384,-486.8513229056399,1000.0,-118.66185553788593,0.0,0.0,0.0,0.0,0.0,0.0,0.0,0.0,0.0,0.0,0.0,0.0,0.0,0.0,0.0,0.0,0.0,1000.0,0.0,0.0,0.0,689.3547348419496,318.35016407701437,523.8298922328443,0.0,1000.0,-65.33207579561466,0.0,116.78565847923454,0.0,199.53548682443775,0.0,0.0,0.0,-674.1567134944728,0.0,0.0,0.0,-1.5681049557121147,-374.711180714,94.9764608548097,0.0,347.1685482983973,0.0,-0.7840524778560574,0.0,0.0,0.0,506.6414053218176,1000.0,107.13795203415275,9.408629734272688,0.0,0.0,0.0,0.0,0.0,204.84154999218262,0.0,-340.1276471601072,340.1276471601072,340.1276471601072,-73.50740687060448,0.0,0.0,-7.7977388994721935,0.0,0.0,358.6177897851567,0.0,0.0,-116.6084976368496,0.0,0.0,68.11942619925831,0.0,0.0,0.0,0.0,-39.86379008857577,0.06272419822847768,0.0,0.0,0.0,0.0,0.0,0.0,0.0,0.0,0.0,726.5805942105608,0.0,0.0,0.0,0.0,0.0,0.0,0.0,0.0,0.0,0.03449830902548001,0.03449830902548001,53.86846431541655,429.8552273372587,0.0,18.81725946854538,0.0,0.0,0.0,-1000.0,0.0,0.0,0.0,0.0,0.0,19.222043223141217,1000.0,0.0,0.0,565.3938201041066,0.0,0.0,68.11942619925831,0.0,0.0,0.0,0.0,0.0,0.0,0.0,252.16347964016663,-683.2421111685209,264.4504491841957,63.50511412394122,2.4148816317966553,0.0,30.37925697271364,-692.6507409027936,-1000.0,0.0,19.222043223141217,0.0,0.0,-20.641746865434556,0.0,0.0,340.1276471601072,0.0,0.0,0.0,0.0,0.0,0.0,0.0,0.0,0.0,0.0,0.0,0.0,0.0,18.817259468545377,225.5168311077449,225.5168311077449,0.0,0.0,0.0,0.0,0.0,0.0,0.0,0.0,0.0,0.0,0.3136209911424229,0.0,53.86846431541655,0.0,0.0,53.86846431541655,0.0,0.0,0.0,9.408629734272688,-565.3938201041066,0.0,0.0,0.0,63.50511412394122,0.0,0.0,0.0,0.0,0.0,-370.8147051835317,0.0,0.0,9.408629734272688,9.408629734272688,319.257766972067,1000.0,0.0,68.11942619925831,0.0,0.0,0.0,0.0,0.0,-444.50571295612167,358.6177897851567,-118.66185553788593,0.031362099114242294,0.0,0.0,0.0,2.5291292785699677,0.0,0.0,662.27148393008,0.0,0.0,0.0,0.0,0.0,0.0,0.0,0.0,0.0,0.0,0.0,0.0,0.0,0.0,0.031362099114242294,0.0,0.0,0.0,0.0,0.0,0.0,0.0,0.0,689.3547348419496,0.0,369.8037467606343,0.0,0.0,-1000.0,-2.3521574335681725,0.0,-1.5681049557121147,0.0,-31.250000000000004,-31.25,31.250000000000004,0.0,0.0,0.0,0.0,0.0,0.0,0.0,225.5168311077449,0.0,0.0,0.0,615.3474623116824,0.0,0.0,0.0,204.8101878930684,0.0,0.0,0.031362099114242294,0.0,0.031362099114242294,0.0,0.0,0.0,18.81725946854538,38.261760919375604,38.261760919375604,0.0,0.0,0.0,0.0,0.0,0.0,116.78565847923454,264.4504491841957,0.0,358.6177897851567,0.0,0.0,0.0,524.8214894830653,0.0,0.0,0.0,0.0,0.0,0.0,0.0,0.0,0.0,0.0,0.0,0.0,0.0,307.3492590972064,0.0,0.0,0.0,0.047043148671363444,0.0,0.0,0.0,-9.408629734272688,0.0,0.0,0.0,0.0,0.0,-429.8552273372587,1.5681049557121147,0.0,0.0,0.0,0.0,516.4472900018112,-54.87832390689776,-1.5681049557121147,0.0,0.0,0.0,0.0,0.0,0.0,0.0,225.5168311077449,0.0,565.3938201041066,1000.0,89.72758017715154,0.0,323.1780293613472,-18.567273129581736,0.0,-120.2103997025124,116.78565847923454,3.424741223277863,0.0,-400.37374689184344,0.0,1.5681049557121147,1000.0,0.0,0.0,-53.86846431541655,-116.6084976368496,-687.586352723096,687.586352723096,201.42434957406627,-201.42434957406627,0.0,0.0,0.0,0.0,0.0,-4.704314867136247,0.0,38.261760919375604,0.0,0.0,0.0,53.86846431541655,0.0,0.0,0.0,0.0,0.0,0.0,0.0,0.0,436.9116996379631,-729.1097234891307,-192.0751228383117,0.0,9.408629734272688,0.0,0.0,0.0,0.0,-360.7435504201819,0.0,0.0,0.03449830902548001,0.0,0.0,0.0,19.1308804596878,0.0,0.0,0.0,0.0,233.99528882989262,0.0,0.0,0.0,0.0,0.0,0.0,0.0,0.0,525.9717426583186,0.0,304.19726116177065,0.0031362099114243193,0.0,0.0,0.0,0.0,0.0,0.0,0.0,0.0,0.0,0.0,53.86846431541655,0.0,0.0,0.0,0.0,429.8552273372587,0.0,0.0,0.0,0.0,0.0,0.0,0.0,834.8991895220084,0.0,0.0,0.0,0.0,-718.2881086460425,0.0,1000.0,0.0,0.0,0.0,18.81725946854538,0.0,0.0,0.0,0.0,0.0,0.0,-18.81725946854538,0.0,0.0,0.0,0.0,0.0,0.0,0.0,0.0,0.0,53.86846431541655,53.86846431541655,0.0,1000.0,795.2217945425464,546.3045273763213,-9.408629734272688,0.0,0.0,999.874551603543,0.0,0.0,0.0,0.0,0.0,0.0,0.0,0.0,0.0,0.0,0.0,0.0,0.0,0.0,0.0,0.0,0.0,-3.9202623892802873,225.5168311077449,-2.3521574335681725,522.4693320494972,0.0,0.0,0.0,0.0,0.0,0.0,-0.39202623892802874,116.6084976368496,0.0,0.0,0.0,0.0,0.0,0.0,0.0,1000.0,9.408629734272688,9.408629734272688,0.0,0.0,0.0,0.0,31.197609641233715,0.03449830902548001,429.8552273372587,0.0,0.0,-999.874551603543,304.19412495185924,0.0,0.0,0.0,0.0,0.0,0.0,0.0,0.0,0.0,0.0,0.0,0.0,0.0,0.0,0.0,0.0,9.72225072541511,0.0,32.93020406995441,0.0,0.0,119.2005401110312,0.0,0.0,0.0,429.8552273372587,0.0,0.0,0.0,0.0,0.0,-3.9202623892802873,0.0,0.0,0.0,0.0,0.0,0.0,0.0,0.0,0.0,0.0,0.0,0.0,0.0,0.0,0.0,0.0,0.0,0.0,-0.031362099114242294,0.0,0.0,1.5681049557121147,-19.222043223141217,0.0,0.0,0.0,0.0,225.5168311077449,0.0,0.0,0.0,-522.1212127493293,0.7840524778560574,0.0,0.0,0.0,0.031362099114242294,0.0,31.362099114242294,0.0,6.272419822848459,0.22401499367315925,106.94475797956623,-0.023521574335681722,263.48305107213423,0.627241982284846,-0.15681049557131613,-106.94475797956623,9.408629734272688,-0.031362099114242294,6.189091043193912,68.11942619925831,0.007840524778560573,0.22401499367315925,-18.567273129581736,-4.992846178989978,53.24122233313171,-606.1299986052845,-0.031362099114242294,0.007840524778560573,-106.94475797956623,3.1362099114242294,0.031362099114242294,0.031362099114242294,-429.789366929119,0.0344983090256599,-9.047779389002358,-0.023521574335681722,9.408629734272688,0.031362099114242294,9.408629734272688,-15.681049557121147,-0.015681049557121147,254.61798733744467,-85.0,-0.023521574335681722,-0.031362099114242294,0.0,0.031362099114242294,3.1362099114242294,-0.627241982284846,307.3492590972064,307.3492590972064,-3.1362099114242294,606.1299986052845,-307.3492590972064,6.272419822848459,0.047043148671363444,-70.13216447829035,3.1362099114242294,-252.16347964016663,68.11942619925831,-6.272419822848459,0.015681049557121147,0.3136209911424229,5.553068327570259,96.0,-0.031362099114242294,-436.9116996379631,429.789366929119,9.72225072541511,0.031362099114242294,4.992846178989978,30.484907262167866,68.11942619925831,-0.031362099114242294,-0.007840524778560573,-68.11942619925831,-0.031362099114242294,-39.86379008857577,0.03136209911421387,-0.007840524778560573,-0.007840524778560573,-0.007840524778560573,12.544839645696918,15.681049557121147,0.3136209911424229,209.67591933240683,-0.007840524778560573,4.917045611946605,1.5681049557121147,21.5,0.031362099114242294,0.015681049557121147,0.015681049557121147,37.19592301105339,0.0,0.031362099114242294,0.0,0.3136209911424229,0.031362099114242294,-582.5569676346868,0.031362099114242294,0.12544839645707384,0.15681049557131613,0.015681049557121147,0.007840524778560573,9.408629734272688,-0.031362099114242294,9.047779389002358,-26.620611166565855,-419.35183866481367,262.6989985942782,-3.1362099114242294,6.272419822848459,1.5681049557121147,-0.031362099114242294,18.567273129581736,0.047043148671363444,-0.031362099114242294,-74.39184602210678,0.0,1000.0,0.015681049557121147,-43.0,-0.031362099114242294,-0.03136209911421387,-0.031362099114242294,0.015681049557121147,106.94475797956623,-6.272419822848459,0.031362099114242294,11.106136655140517,-0.007840524778560573,-0.0344983090256599,-11.106136655140517,4.704314867136344,85.0,-0.6791942678816767,106.94475797956623,-0.023521574335681722,436.9116996379631,-96.0,0.031362099114242294,-0.007840524778560575,201.10359178014986,31.362099114242294,-0.015681049557121147,-0.031362099114242294,0.007840524778560573,0.0,0.0,70.11648342873323,372.88104830227996,28.501681753229008,0.0,753.4598715244106,-25.578911079596253,0.0,-32.0,85.80226017733776,-65.0,0.0,16.0,-14.250840876614504,-42.90113008866888,0.0,12.789455539798126,-429.8552273372587,-639.2564495798181,0.0,65.0,-639.2564495798181,-753.4598715244106,359.91937717540924,0.0,1496.5981,hclb
140,0.0,0.0,0.0,0.0,0.0,0.0,0.0,0.0,195.07577617715685,0.0,0.0,0.0,0.0,0.0,0.0,0.0,1000.0,-65.57494136378433,0.0,-387.80943805485106,0.0,0.0,0.0,152.15920466455862,0.0,0.0,0.0,0.0,0.0,-641.7131978512463,0.0,0.0,721.125063292757,0.0,0.0,0.0,0.0,1000.0,0.0,-1000.0,1000.0,0.0,-508.5118207419885,0.0,0.0,0.0,0.0,0.0,-379.5283883756259,-741.981657425358,0.0,618.4833554795753,0.0,0.021803192203394436,0.0,0.0,0.0,0.0,0.0,0.0,81.95201297010124,0.0,174.66903434950518,0.0,0.0,0.0,0.0,0.0,446.83047542376727,95.60144116977204,0.0,0.1982108382121784,0.0,0.0,0.0,0.0,0.0,0.0,0.0,89.5985520364454,0.0,0.0,-195.84888467171388,0.0,11.892650292730703,0.0,0.0,1000.0,-1.9882561447987541,-487.511666968414,-0.004955270955304459,0.0,0.0,20.235614055699916,5.946325146365352,0.0,5.946325146365352,-200.27627329034271,0.0,0.0,0.0,893.5512114344742,-641.7131978512463,0.0,0.0,0.0,0.0,0.0,0.0,0.0,0.0,0.0,0.0,0.0,0.0,0.0,0.0,0.0,0.0,0.0,0.0,0.0,0.0,0.0,-612.4430099650635,0.0,0.0,5.946325146365352,0.0,6.14453598457753,6.14453598457753,0.0,0.0,0.0,0.0,0.0,0.0,0.0,0.0,-256.6210473196064,0.0,0.0,0.0,0.0,0.0,197.37510812594766,0.019821083821217837,0.0,0.0,0.0,0.0,-604.3593026262804,0.0,0.0,0.0,0.0,-261.20249851707456,0.0,0.0,0.0,0.0,0.0,108.38104321571913,108.38104321571913,0.0,0.0,0.0,0.0,-353.4805596295906,0.0,0.0,108.40086429954034,0.0,0.0,0.0,-214.5845176126407,0.0,0.0,0.0,0.0,0.0,0.0,0.0,0.0,0.0,0.0,-878.6002318458984,0.0,0.0,0.0,0.0,-1000.0,0.0,0.0,0.0,0.0,0.0,741.981657425358,-109.97153473758681,489.49992311321273,-489.49992311321273,0.0,0.0,0.0,0.0,0.0,0.0,0.0,0.0,-337.08254961561545,0.0,0.0,0.0,0.0,0.0,0.0,0.0,0.0,0.0,0.0,0.0,0.0,0.0,91.06155119262961,569.2877361547676,131.213120964459,0.0,0.0,0.0,256.6210473196064,20.235614055699916,0.0,0.0,0.0,0.0,81.95201297010124,131.213120964459,0.0,0.0,0.0,0.0,0.0,0.0,0.0,0.0,0.0,3.9642167642435675,0.0,0.0,0.0,-1000.0,1000.0,0.0,-131.213120964459,0.0,0.0,256.6210473196064,-355.5202801045141,0.0,0.0,0.0,286.67767357887476,0.0,0.0,-1000.0,0.0,-687.5000000014925,-999.9999999999999,0.0,-687.5000000014925,487.511666968414,0.0,34.12728754977843,741.981657425358,0.0,47.35428177465292,0.0,0.0,0.0,788.4470630062729,0.0,-788.4470630062729,0.0,1000.0,0.0,256.6210473196064,0.0,0.0,0.0,0.0,81.95201297010124,-0.029731625731826757,0.0,0.0,0.0,0.0,0.019821083821217837,0.0,0.0,0.0,973.8180607979348,1000.0,0.0,-5.046811318464524,91.8837220045225,0.0,864.4286766425797,0.0,1000.0,0.0,0.0,0.0,0.0,0.0,827.3407116307818,-971.6043153177231,-855.7363963130585,-605.9836203104309,-1000.0,0.0,0.0,0.0,0.0,0.0,0.0,0.0,0.0,0.0,0.0,0.0,0.0,0.0,0.0,0.0,0.0,0.0,-8.213132760319922,0.0,-1000.0,0.0,0.0,199.63803439129936,0.0,0.0,0.0,-197.37510812594766,0.0,195.8488846717139,0.0,0.0,892.5601572434133,524.7738398939559,1000.0,-1000.0,541.7817210722405,0.0,-953.1448023768104,-717.8095933804009,0.0,0.0,-1000.0,552.7288671872325,779.4321619891958,-542.277248167771,716.81853918934,0.0,0.0,-983.6938825294651,-794.2366721502333,1000.0,5.946325146365352,312.4999999999998,-312.4999999999998,0.0,0.0,0.0,195.09559726097808,0.0,-91.06155119262961,91.06155119262961,91.06155119262961,-601.5273260094496,0.0,0.0,-891.638777868102,0.0,0.0,0.0,0.0,0.0,-92.71702137940393,0.0,0.0,141.5176485037856,0.0,0.0,0.0,0.0,-41.01789161787821,0.03964216764244891,0.0,0.0,0.0,0.0,0.0,0.0,0.0,0.0,0.0,542.4319165935393,0.0,0.0,0.0,0.0,0.0,0.0,0.0,0.0,0.0,0.021803192203394436,0.021803192203394436,0.0,183.09733442838603,0.0,11.892650292730703,0.0,0.0,0.0,1000.0,0.0,0.0,0.0,0.0,0.0,-544.3330577907766,-1000.0,0.0,0.0,0.0,0.0,0.0,141.5176485037856,0.0,0.0,0.0,0.0,0.0,0.0,0.0,204.14766998835452,-973.8180607979348,604.3593026262804,0.0,1.5262234542337865,0.0,0.0,20.235614055699916,0.0,0.0,-580.2668652050647,0.0,-585.3509494086549,0.0,0.0,0.0,91.06155119262961,0.0,0.0,0.0,0.0,0.0,0.0,0.0,0.0,0.0,0.0,0.0,0.0,0.0,11.892650292730703,256.6210473196064,256.6210473196064,0.0,0.0,0.0,0.0,0.0,0.0,0.0,0.0,0.0,0.0,0.1982108382121784,0.0,0.0,0.0,0.0,0.0,-109.97153473758681,0.0,0.0,5.946325146365352,0.0,0.0,0.0,0.0,0.0,0.0,0.0,0.0,0.0,0.0,0.0,568.6974236818663,0.0,5.946325146365352,5.946325146365352,1000.0,-1000.0,0.0,141.5176485037856,0.0,0.0,0.0,0.0,0.0,247.69681816167713,0.0,711.5409826515305,0.019821083821217837,0.0,0.0,-528.4566369055315,530.0550657365426,690.563109245206,0.0,-20.235614055699916,0.0,0.0,0.0,0.0,0.0,0.0,2.7641390318683183,0.0,0.0,0.0,0.0,0.0,0.0,0.0,0.019821083821217837,0.0,0.0,0.0,0.0,0.0,0.0,0.0,0.0,0.0,0.0,613.9075987448498,0.0,-407.5826550474643,-1000.0,-1.486581286591338,0.0,-0.9910541910608919,0.0,0.0,0.0,0.0,0.0,0.0,0.0,0.0,0.0,0.0,0.0,256.6210473196064,0.0,0.0,0.0,17.297171661595826,0.0,0.0,0.0,195.07577617715685,0.0,0.0,0.019821083821217837,0.0,0.019821083821217837,8.292417095604955,0.0,0.0,11.892650292730703,24.181722261885763,24.181722261885763,0.0,0.0,0.0,0.0,0.0,0.0,195.84888467171388,604.3593026262804,0.0,0.0,0.0,0.0,0.0,829.0473069477887,0.0,0.0,0.0,0.0,0.0,0.0,0.0,0.0,0.0,0.0,0.0,0.0,0.0,20.235614055699916,0.0,-567.0571469373476,567.0571469373476,0.029731625731826757,0.0,0.0,0.0,-5.946325146365352,0.0,0.0,0.0,0.0,0.0,-183.09733442838603,0.991054191060892,0.0,0.0,0.0,0.0,353.4805596295906,443.1002398489384,-0.9910541910608919,0.0,0.0,0.0,0.0,0.0,0.0,0.0,256.6210473196064,0.0,0.0,946.6005054495585,92.03578323575643,0.0,665.3950858620368,690.563109245206,8.213132760319922,245.7251317229907,603.4315397191782,-857.3698042024887,0.0,-379.7020023663998,0.0,0.9910541910608919,814.5467445319398,0.0,0.0,0.0,-92.71702137940393,0.0,0.0,133.1034707526945,-133.1034707526945,0.0,0.0,0.0,0.0,0.0,875.6270692727157,0.0,24.181722261885763,0.0,0.0,0.0,0.0,0.0,0.0,0.0,0.0,0.0,0.0,0.0,0.0,187.55707828816003,-544.0303454245504,-845.2139061992339,-508.5118207419885,5.946325146365352,0.0,0.0,0.0,0.0,-298.68153336051853,0.0,0.0,0.021803192203394436,0.0,0.0,0.0,12.090861130942882,0.0,0.0,0.0,0.0,569.2877361547676,0.0,0.0,0.0,0.0,0.0,0.0,0.0,0.0,0.0,0.0,0.0019821083821217837,0.0019821083821217837,0.0,0.0,0.0,0.0,0.0,8.292417095604955,0.0,0.0,0.0,-528.4566369055315,0.0,0.0,0.0,0.0,0.0,183.09733442838603,0.0,0.0,0.0,0.0,0.0,0.0,0.0,741.981657425358,0.0,0.0,0.0,0.0,156.81792638171464,1000.0,-65.57494136378433,0.0,0.0,0.0,11.892650292730703,0.0,0.0,0.0,0.0,0.0,0.0,-11.892650292730703,0.0,0.0,0.0,0.0,0.0,0.0,0.0,0.0,0.0,0.0,0.0,0.0,-1000.0,-1000.0,842.6247493653229,0.0,-5.946325146365352,0.0,991.707582904395,0.0,0.0,0.0,0.0,0.0,0.0,0.0,0.0,0.0,0.0,0.0,0.0,0.0,0.0,0.0,0.0,0.0,-2.47763547765223,256.6210473196064,-894.0467385300046,827.5607256611974,0.0,0.0,0.0,0.0,0.0,0.0,-0.247763547765223,92.71702137940393,0.0,0.0,0.0,0.0,0.0,0.0,0.0,711.5409826515305,5.946325146365352,5.946325146365352,0.0,0.0,0.0,0.0,89.5985520364454,0.021803192203394436,183.09733442838603,0.0,0.0,-1000.0,0.0,0.0,0.0,0.0,0.0,0.0,0.0,0.0,0.0,0.0,0.0,0.0,0.0,0.0,287.6747820164763,0.0,0.0,6.14453598457753,0.0,20.81213801227873,0.0,0.0,197.37510812594766,0.0,0.0,0.0,183.09733442838603,0.0,-443.7384787479817,0.0,0.0,0.0,-2.47763547765223,0.0,0.0,0.0,0.0,0.0,0.0,0.0,0.0,0.0,0.0,0.0,0.0,0.0,0.0,0.0,0.0,0.0,0.0,-0.019821083821217837,0.0,0.0,0.991054191060892,544.3330577907766,0.0,0.0,0.0,0.0,256.6210473196064,0.0,0.0,0.0,-827.3407116307818,0.49552709553044594,0.0,0.0,0.0,0.019821083821217837,0.0,19.821083821217837,0.0,3.9642167642435675,0.141579170151556,67.58989583035283,-0.014865812865913378,447.2711328127675,0.3964216764243568,8.193311676498704,-67.58989583035283,5.946325146365352,-0.019821083821217837,0.0,141.5176485037856,0.004955270955304459,0.141579170151556,0.0,-3.1555165443379796,-0.3964216764243568,-546.6156205813646,-0.019821083821217837,0.004955270955304459,-67.58989583035283,1.9821083821217838,0.019821083821217837,0.019821083821217837,-183.0557101523614,0.021803192203339622,-71.57984566542927,-0.014865812865913378,5.946325146365352,0.019821083821217837,5.946325146365352,-9.91054191060892,-0.009910541910608918,332.78234418250383,-22.237543521642916,-0.014865812865913378,-0.019821083821217837,0.0,0.019821083821217837,1.982108382121794,-0.3964216764243568,20.235614055699916,20.235614055699916,-1.9821083821217838,546.6156205813646,-20.235614055699916,3.9642167642435675,0.029731625731826757,-1000.0,1.9821083821217838,-204.14766998835452,141.5176485037856,-3.9642167642435675,0.009910541910608918,0.1982108382121784,1.261702829616131,96.0,-0.019821083821217837,-187.55707828816003,183.0557101523614,6.14453598457753,0.019821083821217837,3.1555165443379796,117.7323479183242,141.5176485037856,-0.019821083821217837,-0.004955270955304459,-141.5176485037856,-0.019821083821217837,-41.01789161787821,0.01982108382110415,-0.004955270955304459,-0.004955270955304459,-0.004955270955304459,7.928433528487135,9.91054191060892,0.1982108382121784,270.914246178972,-0.004955270955304459,2.523405659232262,0.9910541910608919,21.5,0.019821083821217837,0.009910541910608918,0.009910541910608918,-55.569591025788625,0.0,0.019821083821217837,0.0,0.1982108382121784,0.019821083821217837,-783.3728475848262,0.019821083821217837,0.07928433528503298,-8.193311676498704,0.009910541910608918,0.004955270955304459,5.946325146365352,-0.019821083821217837,71.57984566542927,0.1982108382121784,-541.828492357944,446.7756057172371,-1.982108382121794,3.9642167642435675,0.9910541910608919,-0.019821083821217837,0.0,0.029731625731826757,-0.019821083821217837,111.13918205157725,0.0,454.04274263720305,0.009910541910608918,-43.0,-0.019821083821217837,-0.01982108382110415,-0.019821083821217837,0.009910541910608918,67.58989583035283,-3.9642167642435675,0.019821083821217837,2.523405659232262,-0.004955270955304459,-0.021803192203339622,-2.523405659232262,2.9731625731826754,22.237543521642916,839.2398088028564,67.58989583035283,-0.014865812865913378,187.55707828816003,-96.0,0.019821083821217837,-0.00495527095530446,0.9910541910608919,19.821083821217837,-0.009910541910608918,-0.019821083821217837,0.004955270955304459,0.0,0.0,999.9900894580894,512.4586014058542,-46.0,0.0,414.4914132211403,-31.0,0.0,-32.0,-93.0,-65.0,0.0,16.0,23.0,46.5,0.0,15.5,-183.09733442838603,-155.36120927668455,0.0,65.0,-155.36120927668455,-414.4914132211403,147.38847846034716,0.0,1496.5981,hclb
141,0.0,0.0,0.0,0.0,0.0,0.0,0.0,0.0,-0.019608160836048265,0.0,0.0,0.0,0.0,0.0,0.0,0.0,462.16898757733486,-564.030589048678,0.0,57.42799520887843,0.0,0.0,0.0,0.0,0.0,0.0,0.0,0.0,0.0,-819.3027947977902,15.276595410402852,-15.276595410402852,5.228303624617386,0.0,0.0,0.0,0.0,329.76588898400917,0.0,-1000.0,1000.0,0.0,0.0,209.33705685823625,0.0,0.0,0.0,0.0,477.5467844224328,0.0,0.0,0.0,0.0,0.021568976919672484,0.0,0.0,0.0,3.921632167209653,0.0,0.0,169.11080431266993,0.0,0.0,-358.6786801286268,677.3240580109201,0.0,0.0,0.0,727.8427590869303,-531.4509199229785,0.0,0.19608160836048266,0.0,0.0,0.0,0.0,0.0,0.0,0.0,204.87702590542236,0.0,0.0,0.0,0.0,11.764896501628959,0.0,0.0,-1.1917039493420134,421.5783178135006,-462.1395753360808,320.758894200641,0.0,0.0,1000.0,5.8824482508144795,0.0,5.8824482508144795,-15.907978189324012,0.0,0.0,0.0,422.2898464264241,-819.3027947977902,0.0,0.0,-18.658358022422544,0.0,0.0,0.0,0.0,0.0,0.0,0.0,0.0,0.0,0.0,0.0,0.0,0.0,0.0,0.0,0.0,0.0,0.0,-930.4452663219377,0.0,0.0,5.8824482508144795,0.0,6.078529859174963,0.0,0.0,-953.1713977174445,953.1713977174445,0.0,0.0,0.0,0.0,0.0,-527.7894844412967,0.0,0.0,0.0,0.0,0.0,1.5098283843757154,0.019608160836048265,320.76379624085,0.0,0.0,-938.9216321672096,0.0,0.0,0.0,207.6908065889436,0.0,-105.02225093004078,0.0,0.0,0.0,0.0,0.0,-588.7814050378302,-588.7814050378302,0.0,0.0,0.0,0.0,0.0,0.0,0.0,-573.4852014665912,0.0,0.0,0.0,-751.756063717596,-91.54929986275437,0.0,0.0,0.0,0.0,0.0,0.0,0.0,0.0,0.0,-695.8203896283467,0.0,0.0,0.0,0.0,-1000.0,0.0,0.0,0.0,0.0,0.0,0.0,0.0,523.6449195269092,-523.6449195269092,267.02642685543924,0.0,0.0,0.0,0.0,0.0,0.0,0.0,-2.451020104506034,0.0,0.0,0.0,0.0,0.0,0.0,0.0,0.0,0.0,0.0,0.0,0.0,0.0,76.13294940568107,903.764896501629,-120.41297720197763,0.0,0.0,0.0,64.37121842190578,-172.65729721641588,0.0,0.0,0.0,0.0,169.11080431266993,-329.75003406021386,15.276595410402852,0.0,76.20907790538479,0.0,0.0,0.0,0.0,0.0,0.0,0.0,0.0,0.0,0.0,-102.06660171340866,1000.0,0.0,120.41297720197763,0.0,0.0,527.7894844412967,346.7482334343925,0.0,0.0,0.0,-180.4521031917592,0.0,0.0,-699.5742487291652,0.0,0.0,-699.5742487291649,0.0,0.0,945.2232373404098,0.0,-459.3127547859811,0.0,0.0,-39.662360906448704,0.0,0.0,0.0,475.25393096686423,0.0,-475.25393096686423,0.0,0.0,196.39183916395174,64.37121842190578,-926.7402484879052,0.0,0.0,0.0,169.11080431266993,-0.029412241254072397,0.0,0.0,0.0,0.0,0.019608160836048265,0.0,0.0,0.0,899.7484221101621,462.16898757733486,0.0,-272.09662482638055,882.1066600673275,91.54929986275437,669.0410228321666,0.0,1000.0,0.0,-18.658358022422544,0.0,0.0,0.0,-1.6882626479837748,1.6882626479837748,-1000.0,-1000.0,868.3399851541433,0.0,0.0,0.0,0.0,0.0,0.0,0.0,0.0,0.0,0.0,0.0,0.0,0.0,0.0,0.0,0.0,76.20907790538479,-670.1556783726467,0.0,-1000.0,0.0,0.0,0.0,676.0284508721788,0.0,0.0,13.766767026027136,0.0,0.0,0.0,0.0,421.3094383846218,0.0,0.0,-153.07362475079458,999.5097959790988,-729.531021734914,0.0,0.0,0.0,973.597611434261,0.0,-396.5757279194081,0.0,-1000.0,-0.9804080418024133,0.0,0.0,128.067565737927,486.1066437926929,-1000.0,5.8824482508144795,0.0,0.0,0.0,253.68882545983962,0.0,0.0,0.0,-76.13294940568107,76.13294940568107,76.13294940568107,-145.9520996046267,0.0,0.0,-573.5244177882633,0.0,0.0,0.0,0.0,0.0,-189.56787581595688,0.0,0.0,336.8414254186479,0.0,0.0,0.0,0.0,-41.039183916395174,0.03921632167207479,0.0,0.0,0.0,0.0,0.0,0.0,0.0,0.0,0.0,0.0,0.0,0.0,0.0,0.0,0.0,0.0,0.0,0.0,0.0,0.021568976919672484,0.021568976919672484,15.276595410402852,168.21131723847142,0.0,11.764896501628959,0.0,0.0,0.0,1000.0,0.0,0.0,0.0,0.0,0.0,19.22061406099215,-1000.0,0.0,0.0,0.0,0.0,0.0,336.8414254186479,0.0,0.0,0.0,0.0,0.0,0.0,0.0,310.14842210731257,-899.7484221101621,938.9216321672096,0.0,1.5098283843757154,0.0,0.0,1000.0,905.6308703609766,0.0,19.22061406099215,0.0,0.0,-21.818569855403023,0.0,0.0,76.13294940568107,0.0,0.0,0.0,0.0,0.0,0.0,0.0,0.0,0.0,0.0,0.0,0.0,0.0,11.764896501628959,527.7894844412967,527.7894844412967,0.0,0.0,0.0,0.0,0.0,0.0,0.0,0.0,0.0,0.0,0.19608160836048266,0.0,15.276595410402852,0.0,0.0,15.276595410402852,0.0,0.0,0.0,5.8824482508144795,0.0,0.0,0.0,0.0,0.0,0.0,0.0,0.0,0.0,0.0,364.02486125007226,0.0,0.0,5.8824482508144795,5.8824482508144795,1000.0,-1000.0,0.0,336.8414254186479,0.0,0.0,0.0,0.0,0.0,819.3027947977902,0.0,1000.0,0.019608160836048265,0.0,0.0,0.0,25.89537754983546,0.0,0.0,-1000.0,0.0,-196.39183916395174,0.0,0.0,0.0,0.0,0.0,0.0,0.0,0.0,0.0,0.0,0.0,0.0,0.019608160836048265,0.0,0.0,0.0,609.4540648953449,-609.4540648953449,0.0,0.0,0.0,0.0,0.0,13.766767026027082,-207.6908065889436,0.0,-329.84432162735334,-1.4706120627036197,-0.980408041802414,0.0,0.0,0.0,0.0,0.0,0.0,0.0,0.0,0.0,0.0,0.0,0.0,527.7894844412967,91.54929986275437,0.0,0.0,-870.9520262202707,0.0,0.0,0.0,-0.019608160836048265,0.0,0.0,0.019608160836048265,0.0,0.019608160836048265,0.0,0.0,0.0,11.764896501628959,23.921956219978885,23.921956219978885,0.0,0.0,0.0,0.0,0.0,0.0,0.0,938.9216321672096,0.0,0.0,0.0,0.0,0.0,0.0,0.0,0.0,0.0,0.0,0.0,0.0,0.0,0.0,0.0,0.0,0.0,0.0,0.0,94.36912963902337,0.0,0.0,0.0,0.029412241254072397,0.0,0.0,0.0,-5.8824482508144795,0.0,0.0,0.0,0.0,0.0,-168.21131723847142,0.9804080418024133,0.0,0.0,0.0,0.0,0.0,-863.10763158126,0.0,0.0,0.0,0.0,0.0,0.0,0.0,0.0,527.7894844412967,0.0,0.0,0.0,92.07836783279035,0.0,1000.0,-18.658358022422544,0.0,-849.3408645552329,0.0,849.3408645552329,207.6908065889436,322.8262772144136,0.0,0.980408041802414,1000.0,0.0,0.0,-15.276595410402852,-189.56787581595688,0.0,0.0,0.0,0.0,0.0,0.0,0.0,0.0,0.0,694.3497775656431,-1.470612062703708,23.921956219978885,0.0,0.0,0.0,15.276595410402852,0.0,0.0,0.0,0.0,0.0,0.0,0.0,0.0,171.15254136387867,-25.89537754983546,-851.3485192705075,0.0,5.8824482508144795,0.0,0.0,0.0,0.0,-173.3301081378386,0.0,0.0,0.021568976919672484,0.0,0.0,0.0,11.960978109989442,0.0,0.0,0.0,0.0,903.764896501629,0.0,0.0,0.0,0.0,0.0,0.0,0.0,0.0,0.0,0.0,0.0019608160836048823,0.0019608160836048823,0.0,0.0,0.0,0.0,0.0,0.0,0.0,0.0,0.0,0.0,15.276595410402852,0.0,0.0,0.0,0.0,168.21131723847142,0.0,0.0,0.0,0.0,0.0,0.0,0.0,0.0,0.0,0.0,0.0,0.0,1000.0,0.0,-564.030589048678,0.0,0.0,0.0,11.764896501628959,0.0,0.0,0.0,0.0,0.0,-11.764896501628959,0.0,0.0,0.0,0.0,0.0,0.0,0.0,0.0,0.0,0.0,15.276595410402852,15.276595410402852,0.0,868.3399851541433,-1000.0,13.431590172693063,0.0,-5.8824482508144795,0.0,329.76588898400917,0.0,0.0,0.0,0.0,0.0,0.0,0.0,0.0,0.0,0.0,0.0,0.0,0.0,0.0,0.0,0.0,0.0,-2.451020104506034,527.7894844412967,-422.7800504473254,0.0,0.0,0.0,0.0,0.0,0.0,0.0,-0.24510201045060334,397.25868240490047,0.0,0.0,0.0,0.0,0.0,0.0,0.0,1000.0,5.8824482508144795,5.8824482508144795,0.0,0.0,0.0,0.0,204.87702590542236,0.021568976919672484,168.21131723847142,0.0,0.0,-329.76588898400917,0.0,0.0,0.0,0.0,0.0,0.0,0.0,0.0,0.0,0.0,0.0,0.0,0.0,0.0,0.0,0.0,0.0,0.0,0.0,20.58856887785068,1.5098283843757154,0.0,0.0,0.0,0.0,0.0,168.21131723847142,0.0,846.2192453501335,0.0,0.0,0.0,-2.451020104506034,0.0,0.0,0.0,0.0,0.0,0.0,0.0,0.0,0.0,0.0,0.0,0.0,0.0,0.0,0.0,0.0,0.0,0.0,-0.019608160836048265,0.0,0.0,0.9804080418024133,-19.22061406099215,0.0,0.0,0.0,0.0,527.7894844412967,0.0,0.0,0.0,1.6882626479837748,0.4902040209012066,0.0,0.0,0.0,0.019608160836048265,0.0,19.608160836048263,-6.078529859174963,3.921632167209653,0.14005829168605904,54.706768732574666,-0.014706120627036199,549.6493526702027,0.3921632167209653,-0.09804080418024341,-54.706768732574666,5.8824482508144795,-0.019608160836048265,6.219452674140848,336.8414254186479,0.004902040209012066,0.14005829168605904,-18.658358022422544,-3.121619205099364,14.884432193681887,44.433606262464764,-0.019608160836048265,0.004902040209012066,-54.706768732574666,1.9608160836048265,0.019608160836048265,0.019608160836048265,-168.1701401007157,0.02156897691965315,-8.95077149616748,-0.014706120627036199,5.8824482508144795,0.019608160836048265,5.8824482508144795,-9.804080418024132,-0.009804080418024132,151.28973847105334,170.676872971975,-0.014706120627036199,-0.019608160836048265,-6.078529859174963,0.019608160836048265,1.9608160836048265,-0.3921632167209653,94.36912963902337,94.36912963902337,-1.9608160836048265,-44.433606262464764,-94.36912963902337,3.921632167209653,0.029412241254072397,-1000.0,1.9608160836048265,-310.14842210731257,336.8414254186479,-3.921632167209653,0.009804080418024132,0.19608160836048266,68.02415620659514,96.0,-0.019608160836048265,-172.62315342658238,168.1701401007157,6.078529859174963,0.01960816083604823,3.121619205099364,313.31163241538985,336.8414254186479,-0.019608160836048265,-0.004902040209012066,-336.8414254186479,-0.019608160836048265,-41.039183916395174,0.019608160835755808,-0.004902040209012066,-0.004902040209012066,-0.004902040209012066,7.843264334419306,9.804080418024132,0.19608160836048266,14.527196159406955,-0.004902040209012066,129.82885973904942,0.9804080418024133,21.5,0.019608160836048265,0.009804080418024132,0.009804080418024132,40.0,6.078529859174963,0.019608160836048265,-6.078529859174963,0.19608160836048266,0.019608160836048265,-14.527196159406955,0.019608160836048265,0.07843264334417199,0.09804080418024341,0.009804080418024132,0.004902040209012066,5.8824482508144795,-0.019608160836048265,8.95077149616748,-7.442216096840943,-29.05439231881391,549.1591486493015,-1.9608160836048265,3.921632167209653,0.9804080418024133,-0.019608160836048265,18.658358022422544,0.029412241254072397,-0.019608160836048265,-80.0,6.078529859174963,371.7421413596377,0.009804080418024132,-43.0,-0.019608160836048265,-0.019608160835755808,-0.019608160836048265,0.009804080418024132,54.706768732574666,-3.921632167209653,0.019608160836048265,136.04831241319027,-0.004902040209012066,-0.02156897691965315,-136.04831241319027,2.9412241254072393,-170.676872971975,662.1471563688535,54.706768732574666,-0.014706120627036199,172.62315342658238,-96.0,0.019608160836048265,-0.004902040209012066,0.980408041802414,19.608160836048263,-0.009804080418024132,-0.01960816083604823,0.004902040209012066,419.5900380701787,0.0,516.906533915253,0.0,-46.0,0.0,-108.0,-24.320002001516613,0.0,-32.0,-93.0,-65.0,-483.083662004329,16.0,23.0,46.5,0.0,12.160001000758307,-168.21131723847142,-198.41203322179908,483.083662004329,65.0,-198.41203322179908,108.0,-211.63622424949733,0.0,1496.5981,hclb
142,0.0,0.0,0.0,0.0,0.0,0.0,0.0,0.0,-0.026636799341205327,0.0,0.0,0.0,0.0,0.0,0.0,0.0,1000.0,-538.5107398102227,0.0,-158.17379501199514,0.0,0.0,0.0,0.0,0.0,133.43117887428875,0.0,0.0,0.0,-1000.0,180.60058424880057,-180.60058424880057,13.10563898425093,0.0,0.0,0.0,0.0,999.8934528026347,0.0,-1000.0,1000.0,0.0,0.0,0.0,0.0,0.0,0.0,0.0,-854.858329834213,0.0,0.0,0.0,0.0,0.029300479275352204,0.0,0.0,0.0,5.327359868241065,0.0,0.0,0.27452826060940083,0.0,0.0,-188.18708315596712,0.0,0.0,0.0,0.0,0.0,0.0,0.0,0.26636799341205325,0.0,0.0,0.0,0.0,0.0,0.0,0.0,0.0,0.0,0.0,0.0,0.0,15.982079604723197,0.0,0.0,1000.0,-635.5930946247473,0.0,-0.006659199835301332,0.0,0.0,-94.82136201489743,7.991039802361598,0.0,26.852864456219766,-891.2554396559265,0.0,0.0,0.0,1.3318399670602663,-1000.0,0.0,0.0,-17.305687750308405,0.0,0.0,0.0,0.0,0.0,0.0,0.0,0.0,0.0,0.0,0.0,0.0,0.0,0.0,0.0,0.0,0.0,0.0,-1000.0,0.0,0.0,26.852864456219766,0.0,8.25740779577365,8.25740779577365,0.0,-789.202546237041,337.40945562480687,451.79309061223415,-451.79309061223415,-188.46161141657655,0.0,0.0,0.0,0.0,0.0,0.0,0.0,0.0,2.0510335492727996,0.026636799341205327,0.0,0.0,0.0,0.0,-42.8621656404066,0.0,0.0,0.0,0.0,-129.3775143795983,0.0,0.0,0.0,0.0,0.0,288.00587497457286,288.00587497457286,0.0,0.0,0.0,0.0,-434.2993920828375,0.0,0.0,468.63309602271465,0.0,0.0,0.0,-264.6557675923538,0.0,0.0,0.0,0.0,0.0,0.0,0.0,0.0,0.0,0.0,-115.92334699392416,0.0,0.0,0.0,0.0,-532.9594521308493,0.0,0.0,0.0,0.0,0.0,0.0,0.0,854.858329834213,-854.858329834213,175.26882869719535,0.0,0.0,0.0,0.0,0.0,0.0,0.0,-900.7947941454852,0.0,0.0,0.0,0.0,0.0,0.0,0.0,0.0,0.0,0.0,0.0,0.0,0.0,263.75512728793717,29.378710030746902,854.858329834213,0.0,0.0,0.0,13.1927827193812,82.30968326653826,0.0,0.0,0.0,0.0,0.27452826060940083,854.858329834213,180.60058424880057,0.0,0.0,0.0,0.0,0.0,0.0,0.0,0.0,0.0,18.861824653858168,0.0,490.45142445896033,-1000.0,1000.0,0.0,-854.858329834213,0.0,0.0,188.46161141657655,-240.80528183753967,0.0,0.0,0.0,-95.60517994059705,0.0,0.0,47.69945973994594,47.69945973994592,0.0,0.0,0.0,-47.69945973994592,219.26523520946566,0.0,13.032124846208148,0.0,0.0,-166.74702621022345,0.0,0.0,0.0,-153.58179196863284,0.0,153.58179196863284,0.0,468.5798224240322,0.0,13.1927827193812,-1000.0,0.0,0.0,0.0,0.27452826060940083,-0.03995519901180799,0.0,0.0,0.0,0.0,0.026636799341205327,0.0,0.0,0.0,248.52807571089596,1000.0,0.0,-322.03040926196985,234.1591369866506,0.0,938.9874416050797,0.0,0.0,0.0,-17.305687750308405,0.0,0.0,0.0,639.2832842558453,0.0,-639.2832842558453,-904.061860067638,-1000.0,0.0,0.0,0.0,0.0,0.0,0.0,0.0,0.0,0.0,0.0,0.0,0.0,0.0,0.0,0.0,0.0,0.0,0.0,0.0,-1000.0,0.0,0.0,709.7971504683381,775.6336705827817,790.4936190443339,0.0,178.54955069952777,0.0,0.0,0.0,0.0,0.0,0.0,0.0,0.0,-442.8817232763621,0.0,0.0,-271.4979237592881,-38.15987873621077,0.0,0.0,-389.14867525845114,502.1092483017793,442.21580329283194,270.1660837922278,0.0,0.0,0.0,1000.0,-394.23714240493655,26.852864456219766,562.5000000000005,-562.5000000000005,0.0,0.0,0.0,0.0,0.0,-263.75512728793717,263.75512728793717,263.75512728793717,104.97832788206735,0.0,0.0,0.0,0.0,0.0,0.0,0.0,0.0,-187.91255489535772,0.0,0.0,87.86542285114014,0.0,0.0,0.0,0.0,-40.33632006587947,0.0532735986824379,0.0,0.0,0.0,0.0,0.0,0.0,0.0,0.0,0.0,0.0,0.0,0.0,0.0,0.0,0.0,0.0,0.0,0.0,0.0,0.029300479275352204,0.029300479275352204,180.60058424880057,354.4277674196961,0.0,15.982079604723197,0.0,60.725909465191094,0.0,1000.0,0.0,389.89299180952366,0.0,0.0,0.0,311.7200525224139,-1000.0,0.0,0.0,0.0,0.0,0.0,87.86542285114014,0.0,0.0,0.0,0.0,0.0,0.0,0.0,333.3333333333333,-248.52807571089596,42.8621656404066,0.0,2.0510335492727996,0.0,0.0,-94.82136201489743,-352.39987397863104,0.0,311.7200525224139,0.0,271.3837324565344,0.0,811.1443082123654,-811.1443082123654,263.75512728793717,0.0,0.0,0.0,0.0,0.0,0.0,0.0,0.0,0.0,0.0,0.0,0.0,0.0,15.982079604723197,188.46161141657655,188.46161141657655,0.0,0.0,0.0,0.0,0.0,0.0,0.0,0.0,0.0,0.0,0.26636799341205325,0.0,180.60058424880057,0.0,0.0,180.60058424880057,0.0,0.0,0.0,26.852864456219766,0.0,0.0,0.0,0.0,0.0,0.0,0.0,0.0,0.0,0.0,447.6700774445134,0.0,0.0,7.991039802361598,7.991039802361598,1000.0,-1000.0,0.0,87.86542285114014,0.0,0.0,0.0,0.0,0.0,904.061860067638,0.0,1000.0,0.026636799341205327,0.0,0.0,2.1480676040157722,0.0,0.0,0.0,94.82136201489743,0.0,0.0,0.0,0.0,0.0,0.0,0.0,0.0,0.0,0.0,0.0,0.0,0.0,0.0,0.026636799341205327,0.0,0.0,0.0,0.0,0.0,0.0,0.0,0.0,0.0,-62.173588688985035,950.5202898568509,0.0,0.0,-1000.0,-1.9977599505903996,0.0,-1.3318399670602663,0.0,0.0,0.0,0.0,0.0,0.0,0.0,0.0,0.0,0.0,0.0,188.46161141657655,0.0,0.0,0.0,-392.9053024378763,0.0,0.0,0.0,-0.026636799341205327,0.0,0.0,0.026636799341205327,0.0,0.026636799341205327,0.0,0.0,0.0,15.982079604723197,32.49689519627049,32.49689519627049,0.0,0.0,0.0,0.0,0.0,0.0,0.0,42.8621656404066,0.0,0.0,0.0,0.0,435.1082956735155,206.46841700560753,0.0,0.0,0.0,0.0,0.0,0.0,0.0,0.0,0.0,0.0,0.0,0.0,0.0,257.5785119637336,0.0,-323.7778772352312,323.7778772352312,0.03995519901180799,0.0,0.0,0.0,-26.852864456219766,0.0,0.0,0.0,0.0,0.0,-354.4277674196961,1.3318399670602663,0.0,0.0,0.0,0.0,434.2993920828375,-181.45828918758832,-1.3318399670602663,0.0,0.0,0.0,0.0,0.0,0.0,0.0,188.46161141657655,0.0,0.0,-311.88835627764706,90.67264013175894,0.0,102.53480577216553,-17.305687750308405,0.0,59.264850200924485,0.0,-59.264850200924485,0.0,-273.30217703381015,60.725909465191094,1.3318399670602663,879.9586000889244,0.0,0.0,-180.60058424880057,-187.91255489535772,-305.1799841069945,305.1799841069945,0.0,0.0,0.0,0.0,0.0,0.0,0.0,472.3488743642108,-360.4210472714674,32.49689519627049,0.0,-686.7331661538809,-686.7331661538809,867.3337504026815,0.0,0.0,0.0,0.0,0.0,0.0,0.0,0.0,0.0,-2.1480676040157722,0.0,0.0,7.991039802361598,0.0,0.0,0.0,0.0,-172.44219961882433,0.0,0.0,0.029300479275352204,0.0,0.0,0.0,16.248447598135247,0.0,0.0,0.0,0.0,29.378710030746902,0.0,0.0,0.0,0.0,0.0,0.0,0.0,0.0,-169.70499403790316,0.0,0.0026636799341205326,0.0026636799341205326,0.0,0.0,0.0,0.0,0.0,0.0,0.0,0.0,0.0,2.1480676040157722,180.60058424880057,0.0,0.0,0.0,0.0,354.4277674196961,0.0,0.0,0.0,0.0,0.0,0.0,0.0,0.0,0.0,0.0,0.0,0.0,1000.0,0.0,-538.5107398102227,0.0,0.0,0.0,15.982079604723197,0.0,0.0,0.0,0.0,0.0,0.0,-15.982079604723197,0.0,0.0,0.0,0.0,0.0,0.0,0.0,0.0,0.0,180.60058424880057,180.60058424880057,0.0,-1000.0,-1000.0,659.8229202278487,0.0,-26.852864456219766,0.0,999.8934528026347,0.0,0.0,0.0,0.0,0.0,0.0,0.0,0.0,0.0,109.37499999999999,0.0,-109.375,-109.37499999999999,0.0,0.0,0.0,60.725909465191094,-3.3295999176506657,188.46161141657655,-1.9977599505903996,1000.0,0.0,0.0,0.0,0.0,0.0,-405.7918688835562,405.45890889179117,187.91255489535772,0.0,0.0,0.0,0.0,0.0,0.0,0.0,1000.0,7.991039802361598,7.991039802361598,0.0,0.0,0.0,0.0,0.0,0.029300479275352204,354.4277674196961,0.0,0.0,-999.8934528026347,0.0,0.0,0.0,0.0,0.0,0.0,0.0,0.0,0.0,0.0,0.0,0.0,0.0,0.0,95.17334918047122,0.0,0.0,8.25740779577365,0.0,27.968639308265594,2.0510335492727996,0.0,0.0,0.0,0.0,0.0,354.4277674196961,0.0,0.0,0.0,0.0,0.0,-3.3295999176506657,0.0,0.0,0.0,0.0,0.0,0.0,0.0,0.0,0.0,0.0,0.0,0.0,0.0,0.0,0.0,0.0,0.0,0.0,-0.026636799341205327,0.0,0.0,1.3318399670602663,-311.7200525224139,0.0,0.0,0.0,0.0,188.46161141657655,0.0,0.0,0.0,-639.2832842558453,0.6659199835301332,0.0,0.0,133.43117887428875,0.026636799341205327,0.0,26.636799341205325,0.0,5.327359868241065,0.1902628524371809,90.83148575351015,-0.019977599505903994,389.14867525845114,0.5327359868241065,-0.13318399670653558,-90.83148575351015,7.991039802361598,-0.026636799341205306,5.768562583436135,87.86542285114014,0.006659199835301332,0.1902628524371809,-17.305687750308405,-4.240578455120816,180.0678482619765,-303.31546517778213,-0.026636799341205327,0.006659199835301332,-90.83148575351015,72.71320576105464,0.026636799341205327,0.026636799341205327,-354.37183014107956,0.02930047927532586,-18.830583549513566,-0.019977599505903994,7.991039802361598,0.026636799341205327,26.852864456219766,5.543424983255505,-0.013318399670602664,182.81947342972867,-85.0,-0.019977599505903994,-0.026636799341205327,0.0,0.026636799341205327,2.6636799341205326,-0.5327359868241065,257.5785119637336,257.5785119637336,-2.6636799341205326,303.31546517778213,-257.5785119637336,5.327359868241065,0.03995519901180799,-222.30109969153477,2.6636799341205326,-333.3333333333333,87.86542285114014,-5.327359868241065,0.013318399670602664,0.26636799341205325,80.50760231549246,96.0,-0.026636799341205327,-360.4210472714674,354.37183014107956,8.25740779577365,0.026636799341205327,4.240578455120816,-33.0100868390984,87.86542285114014,-0.026636799341205327,-0.006659199835301332,-87.86542285114014,-0.026636799341205327,-40.33632006587947,0.026636799341217158,-0.006659199835301332,-0.006659199835301332,-0.006659199835301332,10.65471973648213,-5.543424983255505,0.26636799341205325,274.4888488829301,-0.006659199835301332,155.2466420475488,1.3318399670602663,21.5,0.026636799341205327,0.013318399670602664,0.013318399670602664,40.0,0.0,0.026636799341205327,0.0,0.26636799341205325,0.026636799341205327,-783.9974692249581,0.026636799341205327,0.10654719736533025,0.13318399670653558,0.013318399670602664,0.006659199835301332,7.991039802361598,-0.026636799341205327,18.830583549513566,-90.03392413098825,-548.9776977658602,388.482755274921,-2.6636799341205326,5.327359868241065,1.3318399670602663,-0.026636799341205327,17.305687750308405,0.03995519901180799,-0.026636799341205327,-80.0,0.0,273.41625773905616,0.013318399670602664,-43.0,-0.026636799341205327,-0.026636799341217158,-0.026636799341205327,0.013318399670602664,90.83148575351015,-5.327359868241065,0.026636799341205327,161.01520463098493,-0.006659199835301332,-0.02930047927532586,-161.01520463098493,3.9955199011807983,85.0,278.832624850034,90.83148575351015,-0.019977599505903994,360.4210472714674,-96.0,0.026636799341205327,-0.006659199835301331,1.3318399670602663,26.636799341205325,-0.013318399670602664,-0.026636799341205327,0.006659199835301332,0.0,0.0,3.0225460823985126,509.508620342028,-46.0,0.0,103.03303055409663,-31.0,70.0495258269341,-32.0,-93.0,-65.0,-219.26523520946566,16.0,23.0,46.5,-70.0495258269341,15.5,-354.4277674196961,-100.97405812023183,219.26523520946566,65.0,-100.97405812023183,-103.03303055409663,66.68971872953725,0.0,1496.5981,hclb
143,0.0,0.0,0.0,0.0,0.0,0.0,0.0,0.0,-0.021340680335501065,0.0,0.0,0.0,0.0,0.0,0.0,0.0,-922.1812185825754,655.3258576454434,0.0,96.55219576270122,0.0,0.0,0.0,254.12747376496742,0.0,0.0,0.0,0.0,0.0,-914.0267516806981,36.263189438954726,-36.263189438954726,23.54288031587594,0.0,0.0,0.0,0.0,597.4599439287538,0.0,-1000.0,1000.0,0.0,0.0,0.0,0.0,0.0,0.0,0.0,836.2079702632734,0.0,0.0,0.0,0.0,0.02347474836907228,0.0,0.0,0.0,0.0,0.0,0.0,-55.49792314661617,0.0,0.0,-197.2861184732244,0.0,0.0,0.0,0.0,880.6298024863291,2.4704743174887653,0.0,0.2134068033550107,0.0,0.0,0.0,0.0,0.0,0.0,0.0,0.0,0.0,0.0,79.45441640875498,0.0,12.80440820130064,0.0,88.79352252762135,-460.26894355920115,375.9390267040723,719.5789143483624,959.4122534872856,0.0,0.0,0.0,6.40220410065032,0.0,6.40220410065032,0.0,0.0,0.0,186.21002717659218,948.2240697759562,-914.0267516806981,0.0,0.0,-6.985490648709468,0.0,0.0,0.0,0.0,0.0,0.0,0.0,0.0,0.0,0.0,0.0,0.0,0.0,0.0,0.0,0.0,0.0,0.0,-1000.0,0.0,0.0,6.40220410065032,0.0,6.615610904005331,6.615610904005331,0.0,-590.2560559543081,-409.7439440456919,1000.0,-1000.0,312.3750000000003,0.0,0.0,-454.1631953266085,0.0,0.0,0.0,0.0,0.0,10.982338504699953,0.021340680335501065,959.4175886573695,0.0,0.0,0.0,-338.41831912797943,0.0,0.0,52.29682109629101,0.0,-200.83259355358226,0.0,0.0,0.0,0.0,0.0,-131.1119179158648,-131.1119179158648,0.0,0.0,0.0,468.75,0.0,0.0,0.0,-94.8273877965746,0.0,0.0,0.0,0.0,-67.02061526409429,0.0,0.0,0.0,0.0,0.0,0.0,0.0,0.0,0.0,0.0,0.0,0.0,0.0,0.0,-1000.0,0.0,0.0,0.0,0.0,0.0,0.0,0.0,-375.9390267040723,375.9390267040723,0.0,0.0,0.0,0.0,0.0,0.0,0.0,0.0,-603.5174019810582,0.0,0.0,0.0,0.0,0.0,0.0,0.0,0.0,0.0,0.0,0.0,0.0,0.0,139.72353209399478,354.39242224708687,1000.0,0.0,0.0,0.0,141.78819532660825,82.8445912861144,0.0,0.0,0.0,0.0,-55.49792314661617,1000.0,36.263189438954726,0.0,0.0,0.0,0.0,0.0,0.0,0.0,36.950359345756624,4.2681360671002135,0.0,0.0,-202.6343152547164,549.2437381534282,0.0,0.0,-1000.0,0.0,0.0,141.78819532660825,567.9958908370922,0.0,0.0,0.0,-99.85414284565206,0.0,0.0,-1000.0,0.0,0.0,-1000.0,0.0,0.0,0.0,0.0,0.0,0.0,0.0,-10.072871342055748,0.0,0.0,0.0,-202.60796784042338,0.0,202.60796784042338,0.0,0.0,0.0,141.78819532660825,-527.6583013436534,468.75,0.0,0.0,-55.49792314661617,-0.0320110205032516,0.0,0.0,0.0,0.0,0.021340680335501065,0.0,0.0,0.0,873.8028452674787,-922.1812185825754,0.0,-239.06764720993354,458.20470691298254,67.02061526409429,788.8821448411423,0.0,1000.0,0.0,-6.985490648709468,0.0,0.0,0.0,344.95717384331545,-344.95717384331545,-1000.0,-985.8523469694561,-453.64931820384476,0.0,0.0,0.0,0.0,0.0,0.0,0.0,0.0,0.0,0.0,0.0,0.0,0.0,0.0,0.0,0.0,0.0,-402.4546933499041,0.0,-1000.0,0.0,0.0,0.0,972.3026482869539,0.0,642.199252833844,490.7896958822587,0.0,106.7556107678372,0.0,648.143622939998,947.1570357591812,0.0,0.0,-960.7968760398426,-0.5335170083875267,-535.6726286430137,0.0,-1000.0,0.0,-23.673455431952334,0.0,0.0,1000.0,0.0,998.9329659832249,0.0,0.0,833.2113430902056,581.4914220916145,-247.55889915767978,6.40220410065032,0.0,0.0,0.0,0.0,0.0,0.0,0.0,-139.72353209399478,139.72353209399478,139.72353209399478,95.71735458160926,0.0,0.0,-361.25063674010966,0.0,0.0,0.0,0.0,0.0,-75.1969965645979,0.0,937.5000000000005,217.52005925950803,0.0,0.0,0.0,0.0,9.571899018457003,0.0426813606710543,0.0,0.0,0.0,0.0,0.0,0.0,0.0,0.0,0.0,883.1002768038179,0.0,0.0,0.0,0.0,0.0,0.0,0.0,0.0,0.0,0.02347474836907228,0.02347474836907228,36.263189438954726,231.45539602689456,0.0,12.80440820130064,0.0,0.0,0.0,333.1643107053915,0.0,492.9909059795309,88.79352252762135,0.0,0.0,180.71581451660037,-333.1643107053915,0.0,0.0,0.0,0.0,0.0,217.52005925950803,0.0,0.0,0.0,0.0,0.0,0.0,0.0,333.3333333333333,-873.8028452674787,338.41831912797943,0.0,90.43675491345493,0.0,0.0,0.0,-82.8445912861144,0.0,180.71581451660037,0.0,-809.7122864649426,1000.0,0.0,0.0,139.72353209399478,0.0,0.0,0.0,0.0,0.0,0.0,0.0,0.0,0.0,0.0,0.0,0.0,0.0,12.80440820130064,141.78819532660822,141.78819532660825,0.0,0.0,0.0,0.0,0.0,0.0,0.0,0.0,0.0,0.0,0.2134068033550107,0.0,36.263189438954726,88.79352252762135,-88.79352252762135,36.263189438954726,0.0,0.0,0.0,6.40220410065032,0.0,0.0,0.0,0.0,0.0,0.0,0.0,0.0,0.0,0.0,1000.0,277.5292032153515,0.0,6.40220410065032,6.40220410065032,1000.0,-333.1643107053915,0.0,217.52005925950803,0.0,0.0,0.0,0.0,0.0,899.8790986501542,0.0,1000.0,0.021340680335501065,0.0,0.0,0.0,1.720973435627193,0.0,0.0,0.0,0.0,0.0,0.0,0.0,0.0,0.0,0.0,0.0,0.0,0.0,0.0,0.0,0.0,0.0,0.021340680335501065,0.0,0.0,0.0,0.0,0.0,0.0,0.0,0.0,0.0,0.0,1000.0,-52.29682109629101,0.0,-1000.0,-1.60055102516258,-1.0670340167750965,0.0,0.0,0.0,0.0,0.0,0.0,0.0,0.0,0.0,0.0,0.0,0.0,141.78819532660822,67.02061526409429,0.0,0.0,586.7194779493008,0.0,0.0,0.0,-0.021340680335501065,0.0,0.0,0.021340680335501065,0.0,0.021340680335501065,0.0,0.0,0.0,12.80440820130064,26.035630009311305,26.035630009311305,0.0,0.0,0.0,0.0,0.0,0.0,106.7556107678372,338.41831912797943,0.0,0.0,0.0,0.0,0.0,346.7946064202021,0.0,0.0,0.0,0.0,0.0,0.0,0.0,0.0,0.0,0.0,0.0,0.0,0.0,82.8445912861144,0.0,-679.0075742125434,679.0075742125434,0.0320110205032516,0.0,0.0,0.0,-6.40220410065032,0.0,0.0,0.0,0.0,0.0,-231.45539602689456,1.0670340167750534,0.0,0.0,0.0,-468.75,0.0,-1.0670340167750965,0.0,0.0,937.5000000000005,0.0,0.0,0.0,0.0,0.0,141.78819532660822,0.0,0.0,0.0,91.73186393289978,0.0,399.1501830608792,-6.985490648709468,402.4546933499041,489.7226618654836,106.7556107678372,-998.9329659832249,52.29682109629101,541.960260827781,0.0,1.0670340167750965,815.0325674724083,0.0,0.0,-36.263189438954726,-252.7840416198406,0.0,0.0,456.8012005181785,-456.8012005181785,0.0,-502.45920429376037,0.0,0.0,0.0,233.05594705205715,-236.25704910238233,26.035630009311305,0.0,0.0,0.0,36.263189438954726,0.0,0.0,0.0,0.0,0.0,36.950359345756624,0.0,0.0,0.0,-884.8212502394451,1.007796017781122,0.0,6.40220410065032,88.79352252762135,0.0,0.0,0.0,-218.2887414071249,0.0,0.0,0.02347474836907228,0.0,0.0,0.0,13.017815004655652,0.0,0.0,0.0,0.0,354.39242224708687,0.0,0.0,0.0,0.0,0.0,0.0,0.0,0.0,-1000.0,0.0,0.0021340680335501677,0.0021340680335501677,0.0,0.0,0.0,0.0,0.0,0.0,0.0,0.0,0.0,0.0,36.263189438954726,0.0,0.0,0.0,0.0,231.45539602689456,0.0,0.0,0.0,0.0,0.0,0.0,0.0,0.0,0.0,0.0,0.0,177.5870450552427,0.0,-911.602271139176,655.3258576454434,0.0,0.0,0.0,12.80440820130064,0.0,0.0,0.0,0.0,0.0,0.0,-12.80440820130064,0.0,177.5870450552427,0.0,0.0,0.0,0.0,0.0,0.0,0.0,36.263189438954726,36.263189438954726,0.0,-453.64931820384476,-1000.0,361.41297245002033,0.0,-6.40220410065032,0.0,597.4599439287538,0.0,0.0,0.0,0.0,0.0,0.0,0.0,0.0,0.0,0.0,0.0,0.0,0.0,0.0,0.0,0.0,0.0,-2.6675850419376763,141.78819532660825,-948.7575867843437,581.4511044974219,0.0,0.0,0.0,0.0,0.0,-0.2667585041937634,0.0,127.49381766088891,0.0,0.0,0.0,0.0,0.0,0.0,0.0,1000.0,6.40220410065032,6.40220410065032,0.0,0.0,0.0,0.0,0.0,0.02347474836907228,231.45539602689456,0.0,0.0,-597.4599439287538,0.0,0.0,0.0,0.0,0.0,0.0,0.0,0.0,0.0,0.0,0.0,0.0,0.0,0.0,339.5037871062717,0.0,0.0,6.615610904005331,0.0,22.40771435227612,197.19236568129213,0.0,0.0,0.0,0.0,0.0,231.45539602689456,0.0,0.0,0.0,0.0,0.0,-2.6675850419376763,0.0,0.0,0.0,0.0,0.0,0.0,0.0,0.0,0.0,0.0,0.0,0.0,0.0,0.0,0.0,0.0,0.0,0.0,-0.021340680335501065,0.0,0.0,1.0670340167750534,-180.71581451660037,0.0,0.0,0.0,0.0,141.78819532660825,0.0,0.0,0.0,-344.95717384331545,0.5335170083875267,0.0,0.0,0.0,0.021340680335501065,0.0,21.340680335501066,0.0,4.2681360671002135,0.15243343096786477,72.77171994405865,-0.0160055102516258,960.7968760398426,0.4268136067100214,-0.10670340167760883,-72.77171994405865,6.40220410065032,-0.02134068033550107,2.328496882903156,217.52005925950803,0.005335170083875267,0.15243343096786477,-6.985490648709467,-92.19095883703176,35.836375832244705,170.30316517443077,-0.02134068033550107,0.005335170083875267,-72.77171994405865,137.3026285312145,0.02134068033550107,0.021340680335501065,-231.41058059819,-88.7700477792523,0.0,-0.0160055102516258,6.40220410065032,0.02134068033550107,6.40220410065032,-10.670340167750538,-0.010670340167750534,214.8035748510012,-85.0,-0.0160055102516258,-0.02134068033550107,0.0,0.021340680335501065,2.1340680335501068,-0.4268136067100214,82.8445912861144,82.8445912861144,-2.1340680335501077,-170.30316517443077,-82.8445912861144,4.2681360671002135,0.0320110205032516,-1000.0,2.1340680335501068,-333.3333333333333,217.52005925950803,-4.2681360671002135,0.010670340167750534,0.2134068033550107,59.766911802483385,96.0,-0.021340680335501065,-236.25704910238233,231.41058059819,6.615610904005331,0.02134068033550107,92.19095883703176,56.742682359242224,217.52005925950803,-0.021340680335501065,-0.005335170083875267,-217.52005925950803,-0.02134068033550107,9.571899018457003,0.021340680335614755,-0.005335170083875267,-0.005335170083875267,-0.005335170083875267,8.536272134200427,10.670340167750535,0.2134068033550107,15.810776543561403,-0.005335170083875267,117.20532672206362,1.0670340167750534,-3.718915492453448,0.021340680335501065,0.010670340167750534,0.010670340167750534,40.0,0.0,0.021340680335501065,0.0,0.2134068033550107,0.02134068033550107,-15.810776543561403,0.02134068033550107,0.08536272134207679,0.10670340167760883,0.010670340167750534,0.005335170083875267,6.40220410065032,-0.02134068033550107,0.0,-17.918187916122353,-31.621553087122805,960.263359031455,-2.1340680335501068,4.2681360671002135,1.0670340167750534,-0.02134068033550107,6.985490648709467,0.0320110205032516,-0.02134068033550107,-80.0,0.0,456.60488150107784,0.010670340167750534,7.437830984906896,-0.02134068033550107,-0.021340680335614755,-0.02134068033550107,0.010670340167750534,72.77171994405865,-4.2681360671002135,0.021340680335501065,119.53382360496677,-0.005335170083875267,88.7700477792523,-119.53382360496677,3.2011020503251597,85.0,680.4034374155577,72.77171994405865,-0.0160055102516258,236.25704910238233,-96.0,0.02134068033550107,-0.005335170083875266,649.2106569567729,21.340680335501066,-0.010670340167750534,-0.02134068033550107,0.005335170083875267,0.0,0.0,280.4104153114698,0.0,-46.0,0.0,107.13004029342517,-31.0,135.1685604976644,32.3733539820702,-93.0,-65.0,-719.5789143483624,-16.1866769910351,23.0,46.5,-135.1685604976644,15.5,-231.45539602689456,-238.31614009395295,719.5789143483624,65.0,-238.31614009395295,-107.13004029342517,24.126644950316418,0.0,1496.5981,hclb
144,0.0,0.0,0.0,0.0,0.0,0.0,0.0,0.0,0.0,0.0,0.0,0.0,0.0,0.0,0.0,0.0,704.3502594510962,0.0,0.0,-113.88990159242098,0.0,0.0,0.0,543.6749911131051,0.0,0.0,0.0,0.0,0.0,553.4310498823847,0.0,0.0,6.8113618457601675,0.0,0.0,0.0,0.0,942.935448283887,0.0,-630.0473514250812,1000.0,0.0,0.0,0.0,0.0,0.0,0.0,0.0,-876.7214105198649,-309.3011284649335,0.0,0.0,0.0,0.028270503423073023,0.0,0.0,0.0,5.140091531471235,0.0,0.0,-37.15382456519406,0.0,217.18020461725246,0.0,0.0,0.0,0.0,0.0,0.0,0.0,0.0,0.25700457657356174,0.0,0.0,0.0,0.0,0.0,0.0,0.0,649.5106112015796,0.0,0.0,6.617693715731164,0.0,15.420274594413705,0.0,94.899264278189,1000.0,280.95171062972304,-518.1202017022791,831.5934523128719,0.0,0.0,-23.620658040012277,7.7101372972068525,0.0,7.71013729720687,-0.8275547365669382,0.0,0.0,6.617693715731164,657.505283672479,-334.53224453810964,0.0,0.0,-23.620658040012277,0.0,0.0,0.0,0.0,0.0,0.0,0.0,0.0,0.0,0.0,0.0,0.0,0.0,0.0,0.0,0.0,0.0,0.0,-482.59269589780047,0.0,0.0,7.71013729720687,0.0,7.967141873780413,0.0,0.0,0.0,0.0,0.0,0.0,0.0,0.0,0.0,-180.02638005205839,0.0,0.0,0.0,0.0,0.0,90.26050580207425,0.025700457657356172,831.5998774272863,0.0,0.0,-414.3965187978111,0.0,0.0,0.0,0.0,0.0,-81.89211501593397,0.0,0.0,0.0,0.0,0.0,-130.27572648481845,-130.27572648481845,0.0,0.0,0.0,-156.25,0.0,0.0,0.0,-130.25002602716108,0.0,0.0,0.0,0.0,-213.4170178381998,0.0,0.0,0.0,0.0,0.0,0.0,0.0,0.0,0.0,0.0,0.0,0.0,0.0,0.0,-1000.0,0.0,0.0,0.0,0.0,0.0,309.3011284649335,0.0,237.1684910725561,-237.1684910725561,37.44100947308647,0.0,0.0,0.0,0.0,0.0,0.0,887.9632944204943,0.0,0.0,0.0,0.0,0.0,0.0,0.0,0.0,0.0,0.0,0.0,0.0,0.0,0.0,329.3432283652365,381.67670186075355,-381.0598988136161,0.0,0.0,0.0,142.58537057897192,-37.44100947308647,0.0,0.0,0.0,0.0,-37.15382456519406,-381.0598988136161,0.0,0.0,0.0,0.0,0.0,0.0,0.0,0.0,0.0,0.0,0.0,0.0,0.0,43.783219557166944,360.4470805526912,0.0,381.0598988136161,0.0,0.0,180.02638005205839,-809.9745549268403,0.0,0.0,0.0,-399.3796862584618,0.0,0.0,-543.0663742537822,0.0,0.0,-543.066374253782,0.0,0.0,518.1202017022791,0.0,0.0,309.3011284649335,0.0,71.70427686402373,0.0,0.0,0.0,0.0,0.0,0.0,0.0,-414.9992197770428,0.0,142.58537057897192,0.0,-156.25,0.0,0.0,-37.15382456519406,-0.038550686486034255,0.0,0.0,0.0,0.0,0.025700457657356172,0.0,0.0,0.0,992.2898627027931,704.3502594510962,0.0,-190.8085512111966,612.5712017857522,213.4170178381998,790.2648582497062,0.0,0.0,0.0,-23.620658040012277,0.0,0.0,0.0,18.440639898746984,-18.440639898746984,0.0,0.0,-844.4289794382726,0.0,0.0,0.0,0.0,0.0,0.0,0.0,0.0,0.0,0.0,0.0,0.0,0.0,0.0,0.0,0.0,0.0,0.0,0.0,-943.0382501145165,0.0,0.0,0.0,0.0,0.0,0.0,909.7394941979258,0.0,0.0,0.0,0.0,656.2202607896112,247.03938653162814,0.0,-1000.0,0.0,-228.59874663288116,-168.55677592417177,-1.2850228828678087,0.0,-55.25911553867542,0.0,670.6048467223266,29.347770975582762,-0.6425114414339044,0.0,0.0,0.0,-488.7947631609038,0.0,1000.0,7.71013729720687,0.0,0.0,0.0,0.0,0.0,0.025700457657356172,0.0,-329.3432283652365,329.3432283652365,329.3432283652365,111.48056650854105,0.0,0.0,0.0,0.0,0.0,887.9632944204943,0.0,0.0,-64.53550062606851,0.0,0.0,217.44527904750066,0.0,0.0,0.0,0.0,-40.429954234264386,0.05140091531472951,0.0,0.0,0.0,0.0,0.0,0.0,0.0,0.0,0.0,0.0,0.0,0.0,0.0,0.0,0.0,0.0,0.0,0.0,0.0,0.028270503423073023,0.028270503423073023,0.0,420.20313683376526,0.0,15.420274594413705,0.0,0.0,0.0,0.0,0.0,0.0,94.899264278189,0.0,0.0,212.71783632710623,0.0,0.0,0.0,0.0,0.0,0.0,217.44527904750066,0.0,0.0,0.0,0.0,0.0,0.0,0.0,160.8642319659335,-992.2898627027931,414.3965187978111,0.0,96.87819951780541,0.0,-23.620658040012277,0.0,0.0,0.0,212.71783632710623,0.0,1000.0,-827.7121179071582,0.0,0.0,329.3432283652365,0.0,0.0,0.0,0.0,0.0,0.0,0.0,0.0,0.0,0.0,0.0,0.0,0.0,15.420274594413705,180.02638005205839,180.02638005205839,0.0,0.0,0.0,0.0,0.0,0.0,0.0,0.0,0.0,0.0,0.25700457657356174,0.0,0.0,94.899264278189,-94.899264278189,0.0,0.0,0.0,0.0,7.71013729720687,0.0,0.0,0.0,0.0,0.0,0.0,0.0,0.0,0.0,0.0,0.0,-704.116115804233,0.0,7.7101372972068525,7.7101372972068525,471.04387005917033,0.0,0.0,217.44527904750066,0.0,0.0,0.0,0.0,0.0,-665.4677554618904,887.9632944204943,-844.4289794382726,0.025700457657356172,0.0,0.0,0.0,33.941125830489874,0.0,0.0,23.620658040012277,0.0,0.0,0.0,0.0,0.0,0.0,0.0,0.0,0.0,0.0,0.0,0.0,0.0,0.0,0.025700457657356172,0.0,0.0,0.0,781.6361535120556,-781.6361535120556,0.0,0.0,0.0,0.0,0.0,909.7394941979258,0.0,0.0,-943.0382501145165,-1.9275343243017131,0.0,-1.2850228828678087,0.0,-843.75,-843.75,843.75,0.0,0.0,0.0,0.0,0.0,0.0,0.0,180.02638005205839,213.4170178381998,0.0,0.0,512.490259721964,0.0,0.0,0.0,0.0,0.0,0.0,0.025700457657356172,0.0,0.025700457657356172,0.0,0.0,0.0,15.420274594413705,31.35455834197453,31.35455834197453,0.0,0.0,0.0,0.0,0.0,0.0,0.0,414.3965187978111,0.0,887.9632944204943,0.0,0.0,20.653449303045324,0.0,0.0,0.0,0.0,0.0,0.0,0.0,0.0,0.0,0.0,0.0,0.0,0.0,0.0,0.0,0.0,0.0,0.0,0.038550686486034255,0.0,0.0,0.0,-7.71013729720687,0.0,0.0,0.0,0.0,0.0,-420.20313683376526,1.2850228828678087,0.0,0.0,0.0,156.25,0.0,90.26050580207425,-1.2850228828678087,0.0,0.0,0.0,0.0,0.0,0.0,0.0,180.02638005205839,0.0,0.0,-306.6444567046739,90.85990846852877,0.0,474.25642726633987,-23.620658040012277,0.0,1000.0,0.0,-1000.0,0.0,-841.3291132688148,0.0,1.2850228828678087,805.239037448388,0.0,0.0,0.0,-254.3340291824465,0.0,0.0,0.0,0.0,0.0,-1000.0,0.0,0.0,0.0,0.0,-3.8550686486033783,31.35455834197453,0.0,495.565904615453,495.56590461545295,-495.56590461545295,0.0,0.0,0.0,0.0,0.0,0.0,0.0,0.0,422.13067115806695,-33.941125830489874,395.9842189647511,0.0,7.7101372972068525,94.899264278189,0.0,0.0,0.0,-165.9951539887611,0.0,0.0,0.028270503423073023,0.0,0.0,0.0,15.677279170987266,0.0,0.0,0.0,0.0,381.67670186075355,0.0,0.0,0.0,0.0,0.0,0.0,0.0,0.0,0.0,0.0,0.0025700457657356177,0.0025700457657356177,0.0,0.0,0.0,0.0,0.0,0.0,0.0,0.0,0.0,0.0,0.0,0.0,0.0,0.0,0.0,420.20313683376526,0.0,0.0,0.0,0.0,0.0,0.0,0.0,309.3011284649335,0.0,0.0,0.0,189.798528556378,418.0892067899065,0.0,0.0,0.0,0.0,0.0,15.420274594413705,0.0,0.0,0.0,0.0,0.0,0.0,-15.420274594413705,0.0,189.798528556378,0.0,0.0,0.0,0.0,0.0,0.0,0.0,0.0,0.0,0.0,1000.0,-1000.0,38.258262798334314,-351.2002011330784,343.4900638358715,0.0,942.935448283887,0.0,0.0,0.0,0.0,0.0,0.0,0.0,0.0,0.0,0.0,0.0,0.0,0.0,0.0,0.0,0.0,0.0,-3.212557207169522,180.02638005205839,-658.1477951139129,22.580983627347052,0.0,0.0,0.0,0.0,0.0,-0.3212557207169522,0.0,64.53550062606851,0.0,0.0,0.0,0.0,0.0,0.0,0.0,1000.0,7.7101372972068525,7.7101372972068525,0.0,0.0,0.0,0.0,649.5106112015796,0.028270503423073023,420.20313683376526,0.0,0.0,-942.935448283887,0.0,0.0,0.0,0.0,0.0,0.0,0.0,0.0,0.0,0.0,0.0,0.0,0.0,0.0,0.0,0.0,0.0,0.0,0.0,26.985480540223982,0.0,0.0,96.87819951780541,0.0,0.0,0.0,420.20313683376526,0.0,-91.08806053864119,0.0,0.0,0.0,-3.212557207169522,0.0,0.0,0.0,0.0,0.0,0.0,0.0,0.0,0.0,0.0,0.0,0.0,0.0,0.0,0.0,0.0,0.0,0.0,-0.025700457657356172,0.0,0.0,1.2850228828678087,-212.71783632710623,0.0,0.0,0.0,0.0,180.02638005205839,0.0,0.0,0.0,-18.440639898746984,0.6425114414339044,0.0,0.0,0.0,0.025700457657356172,0.0,25.70045765735617,-7.967141873780413,5.140091531471235,0.18357469755254407,71.70427686402373,-0.019275343243017128,329.39515327767344,0.5140091531471235,-0.1285022882867679,-71.70427686402373,7.7101372972068525,-0.025700457657356176,7.873552680004092,217.44527904750066,0.006425114414339044,0.1835746975525441,-23.620658040012277,-98.99077713724016,-0.5140091531471235,-590.4603578586753,-0.025700457657356176,0.006425114414339044,-71.70427686402373,148.71651407756974,0.025700457657356176,0.025700457657356172,-420.1491658726848,-94.8709937747659,0.0,-0.019275343243017128,7.7101372972068525,0.025700457657356176,7.7101372972068525,-12.850228828678087,-0.012850228828678088,129.1334310959585,34.845263249693495,-0.019275343243017128,-0.025700457657356016,-7.967141873780413,0.025700457657356172,2.5700457657356175,-0.5140091531471235,0.0,0.0,-2.570045765735614,590.4603578586753,0.0,5.140091531471235,0.038550686486034255,-581.0123717679917,2.5700457657356175,-160.8642319659335,217.44527904750066,-5.140091531471235,0.012850228828678086,0.25700457657356174,47.70213780279915,96.0,-0.025700457657356172,-425.9857398066703,420.1491658726848,7.967141873780413,0.025700457657356176,98.99077713724016,40.458261546839225,217.44527904750066,-0.025700457657356172,-0.006425114414339044,-217.44527904750066,-0.025700457657356176,-40.429954234264386,0.025700457657128802,-0.006425114414339043,-0.006425114414339044,-0.006425114414339044,10.28018306294247,12.850228828678087,0.25700457657356174,112.13658009805926,-0.006425114414339043,87.5307229255942,1.2850228828678087,21.5,0.025700457657356172,0.012850228828678086,0.012850228828678088,40.0,7.967141873780413,0.025700457657356172,-7.967141873780413,0.25700457657356174,0.025700457657356176,-298.32808716039034,0.025700457657356176,0.1028018306294598,0.1285022882867679,0.012850228828678088,0.006425114414339044,7.7101372972068525,-0.025700457657356176,0.0,0.25700457657356174,-224.2731601961185,328.7526418362395,-2.5700457657356175,5.140091531471235,1.2850228828678087,-0.025700457657356176,23.620658040012277,0.038550686486034255,-0.025700457657356176,-80.0,7.967141873780413,402.14552242166565,0.012850228828678088,-43.0,-0.025700457657356176,-0.025700457657128802,-0.025700457657356176,0.012850228828678008,71.70427686402373,-5.140091531471235,0.025700457657356172,95.4042756055983,-0.006425114414339044,94.8709937747659,-95.4042756055983,3.8550686486034254,-34.845263249693495,268.20729161260704,71.70427686402373,-0.019275343243017128,425.9857398066703,-96.0,0.025700457657356176,-0.006425114414339043,1.2850228828678087,25.70045765735617,-0.012850228828678086,-0.025700457657356176,0.006425114414339043,0.0,0.0,580.999521539163,186.19150706233108,-46.0,0.0,608.0431150763038,-31.0,146.14646831183413,-32.0,-93.0,-65.0,0.0,16.0,23.0,46.5,-146.14646831183413,15.5,-420.20313683376526,-236.15036843290451,0.0,65.0,-236.15036843290451,-608.0431150763038,282.5074038818645,0.0,1496.5981,hclb
145,0.0,0.0,0.0,0.0,0.0,0.0,0.0,0.0,211.94755047421157,0.0,0.0,0.0,0.0,0.0,0.0,0.0,434.13026630766194,823.5086124070615,0.0,-840.2740159544339,0.0,0.0,0.0,0.0,0.0,0.0,0.0,0.0,0.0,1000.0,0.0,0.0,0.0,0.0,0.0,0.0,0.0,1000.0,0.0,-1000.0,1000.0,0.0,-134.9814527364324,-569.1117190440943,0.0,0.0,860.3414441116292,179.65539659848974,0.0,0.0,0.0,1000.0,0.0,0.013178682335181161,0.0,0.0,0.0,0.0,0.0,0.0,36.46529549087738,0.0,112.02386661408332,0.0,1000.0,0.0,0.0,0.0,38.475149922054015,945.7027294484042,0.0,0.11980620304699376,0.0,0.0,0.0,0.0,0.0,0.0,0.0,163.09465728630738,0.0,0.0,-48.34198412642991,0.0,7.188372182819625,0.0,0.0,1000.0,-328.09389807560945,226.63694324396548,0.0,0.0,0.0,-362.9779876580757,3.5941860914098127,0.0,3.5941860914098127,0.0,688.1546687116602,0.0,0.0,0.5990310152349687,1000.0,0.0,0.0,0.0,0.0,1000.0,0.0,0.0,0.0,0.0,0.0,0.0,0.0,0.0,0.0,0.0,0.0,0.0,0.0,0.0,0.0,0.0,-578.7959253442741,0.0,0.0,3.5941860914098127,0.0,3.7139922944568062,0.0,0.0,0.0,0.0,0.0,0.0,-148.48916210496068,0.0,0.0,0.0,0.0,0.0,0.0,0.0,0.0,49.2644918898917,0.011980620304699374,0.0029951550761748436,0.0,0.0,0.0,-85.87615334836929,0.0,0.0,0.0,0.0,99.13905102099154,0.0,0.0,0.0,0.0,0.0,139.67053650867553,139.67053650867553,0.0,0.0,0.0,0.0,-248.2475091787691,0.0,0.0,139.68251712898024,0.0,0.0,0.0,-488.04637318037766,0.0,0.0,0.0,0.0,0.0,0.0,0.0,0.0,0.0,0.0,0.0,0.0,0.0,0.0,0.0,-1000.0,0.0,0.0,0.0,0.0,0.0,0.0,-865.0185472635676,101.45695483164397,-101.45695483164397,0.0,0.0,0.0,0.0,0.0,0.0,0.0,0.0,873.2546576852055,0.0,0.0,0.0,0.0,0.0,0.0,0.0,0.0,0.0,0.0,0.0,0.0,0.0,89.78790593801584,83.73145653957278,-569.1117190440943,0.0,0.0,0.0,148.48916210496068,6.2759809352816465,0.0,0.0,0.0,0.0,36.46529549087738,0.0,0.0,0.0,0.0,0.0,0.0,0.0,0.0,0.0,621.9158025519221,182.05152065942963,0.0,0.0,0.0,-564.5323056436858,236.43840756807637,0.0,569.1117190440943,0.0,0.0,148.48916210496068,-664.4294461365462,0.0,0.0,0.0,-29.745836698463165,0.0,0.0,-285.5078782023861,-285.5078782023861,0.0,0.0,0.0,285.5078782023861,-226.63694324396548,0.0,84.69155128427144,0.0,0.0,27.14994971482961,0.0,0.0,0.0,-1000.0,0.0,1000.0,0.0,1000.0,0.0,148.48916210496068,1000.0,0.0,0.0,0.0,36.46529549087738,-0.01797093045704906,0.0,0.0,0.0,0.0,0.011980620304699374,0.0,0.0,0.0,368.21403042138644,434.13026630766194,0.0,-348.44756229919625,113.38938456246365,0.0,777.501148047389,0.0,1000.0,0.0,0.0,0.0,0.0,0.0,990.7617436830463,-990.7617436830463,-1000.0,308.5793754042867,-224.79178733027442,0.0,0.0,0.0,0.0,0.0,0.0,0.0,0.0,0.0,0.0,0.0,0.0,0.0,0.0,0.0,0.0,0.0,1000.0,0.0,53.84407114052158,0.0,0.0,621.5300265781107,1000.0,0.0,361.1620757600106,-373.60836202014,0.0,736.4966528380901,0.0,999.4009689847651,0.0,0.0,1000.0,0.0,0.0,952.2865937609923,0.0,746.5022913788304,-7.326149316323668,-1000.0,-1000.0,-500.59903101523497,0.0,-0.29951550761748436,-747.1013223940653,-820.596357616682,0.0,0.0,1000.0,740.0926595158162,3.5941860914098127,0.0,0.0,0.0,0.0,0.0,211.95953109451628,0.0,-89.78790593801584,89.78790593801584,89.78790593801584,84.8649930388538,0.0,0.0,0.0,0.0,0.0,0.0,0.0,0.0,-75.55857112320594,0.0,0.0,226.0930380440208,0.0,0.0,0.0,0.0,-5.73888290020633,0.023961240609385467,0.0,0.0,0.0,0.0,0.0,0.0,0.0,0.0,0.0,984.1778793704581,0.0,0.0,0.0,0.0,0.0,0.0,0.0,0.0,0.0,0.013178682335181161,0.013178682335181161,0.0,183.39178187707597,0.0,7.188372182819625,0.0,10.529205925395104,0.0,-1000.0,0.0,343.668499164885,0.0,0.0,0.0,159.67298411788835,1000.0,0.0,0.0,0.0,0.0,0.0,226.0930380440208,0.0,0.0,0.0,0.0,0.0,0.0,0.0,192.93197511475805,-368.21403042138644,85.87615334836929,0.0,209.034669661154,0.0,630.7460314066427,-993.7240190647184,-1000.0,0.0,-73.85898824298658,0.0,0.0,153.934101217682,0.0,0.0,89.78790593801584,0.0,0.0,0.0,0.0,0.0,0.0,0.0,0.0,0.0,0.0,0.0,0.0,0.0,7.188372182819625,148.48916210496068,148.48916210496068,0.0,0.0,0.0,0.0,0.0,0.0,0.0,0.0,0.0,0.0,0.11980620304699376,0.0,0.0,0.0,0.0,0.0,-865.0185472635676,0.0,0.0,3.5941860914098127,0.0,0.0,0.0,208.1121618976922,0.0,0.0,0.0,0.0,0.0,0.0,-831.4885952481194,0.0,0.0,3.5941860914098127,3.5941860914098127,-875.8197390184386,1000.0,0.0,226.0930380440208,0.0,0.0,0.0,0.0,0.0,-308.5793754042867,0.0,-224.79178733027442,0.011980620304699374,0.0,0.0,0.0,15.822120629541928,5.73888290020633,0.0,362.9779876580757,0.0,0.0,0.0,0.0,0.0,0.0,17.963997873913456,0.0,0.0,0.0,0.0,0.0,0.0,0.0,0.011980620304699374,0.0,0.0,0.0,-715.7591939653677,715.7591939653677,0.0,0.0,0.0,0.0,-15.58168260393927,1000.0,0.0,0.0,-946.1559288594784,-0.8985465228524532,0.0,-0.5990310152349687,0.0,-781.25,-781.2499999999999,781.25,0.0,0.0,0.0,0.0,0.0,0.0,0.0,148.48916210496068,0.0,0.0,0.0,740.6916905310511,0.0,0.0,0.0,211.94755047421157,0.0,0.0,0.011980620304699374,0.0,0.011980620304699374,53.89199362174037,0.0,0.0,7.188372182819625,14.616356771733237,14.616356771733237,0.0,0.0,0.0,0.0,0.0,0.0,48.34198412642991,85.87615334836929,0.0,0.0,0.0,0.0,649.6673069579178,342.12596813336313,0.0,0.0,0.0,0.0,0.0,0.0,0.0,0.0,0.0,0.0,0.0,0.0,0.0,6.2759809352816465,0.0,0.0,0.0,0.01797093045704906,0.0,0.0,0.0,-3.5941860914098127,0.0,0.0,0.0,0.0,0.0,-183.39178187707597,0.5990310152349687,0.0,0.0,0.0,0.0,248.2475091787691,358.02667941620075,-0.5990310152349687,0.0,0.0,0.0,0.0,0.0,0.0,0.0,148.48916210496068,0.0,0.0,461.120208160556,93.60387593906013,0.0,-1.0675037951456026,5.73888290020633,0.0,0.0,736.4966528380901,-736.4966528380901,0.0,-679.0458029082794,10.529205925395104,0.5990310152349687,1000.0,0.0,60.680507553334024,0.0,-75.55857112320594,0.0,0.0,0.0,0.0,0.0,-297.57193242167375,0.0,0.0,0.0,7.3081783858666185,-9.105271431571396,14.616356771733237,0.0,0.0,0.0,0.0,0.0,0.0,0.0,0.0,0.0,621.9158025519221,0.0,0.0,176.9821500140618,-1000.0,0.0,-134.9814527364324,3.5941860914098127,0.0,0.0,0.0,0.0,-104.4319547452295,0.0,0.0,0.013178682335181161,0.0,0.0,0.0,7.3081783858666185,0.0,0.0,0.0,0.0,83.73145653957278,0.0,0.0,0.0,0.0,0.0,0.0,0.0,0.0,924.3025841949757,0.0,1000.0,0.0011980620304699373,0.0,0.0,0.0,0.0,0.0,53.89199362174037,0.0,0.0,0.0,0.0,0.0,0.0,0.0,0.0,0.0,183.39178187707597,0.0,0.0,0.0,0.0,0.0,0.0,0.0,0.0,0.0,0.0,0.0,0.0,-752.3404793184062,0.0,823.5086124070615,0.0,0.0,0.0,7.188372182819625,0.0,0.0,0.0,0.0,0.0,0.0,-7.188372182819625,0.0,0.0,0.0,0.0,0.0,0.0,0.0,0.0,0.0,0.0,0.0,0.0,1000.0,1000.0,1000.0,-3.5941860914098127,0.0,0.0,946.1080063782597,0.0,0.0,0.0,0.0,0.0,0.0,0.0,0.0,0.0,0.0,0.0,0.0,0.0,0.0,0.0,0.0,10.529205925395104,-1.4975775380874219,148.48916210496068,-0.8985465228524532,1000.0,0.0,0.0,0.0,0.0,0.0,0.0,-0.1497577538087422,75.55857112320594,0.0,0.0,0.0,0.0,0.0,0.0,0.0,1000.0,3.5941860914098127,3.5941860914098127,0.0,0.0,0.0,0.0,163.09465728630738,0.013178682335181161,183.39178187707597,0.0,0.0,-1000.0,999.9988019379696,0.0,0.0,0.0,0.0,0.0,0.0,0.0,0.0,0.0,0.0,0.0,0.0,0.0,26.945996810870184,0.0,0.0,0.0,0.0,12.579651319934346,49.2644918898917,0.0,0.0,0.0,0.0,0.0,183.39178187707597,0.0,263.5033471619099,0.0,0.0,0.0,-1.4975775380874219,0.0,0.0,0.0,0.0,0.0,0.0,0.0,0.0,0.0,0.0,0.0,0.0,0.0,0.0,0.0,0.0,0.0,0.0,-0.011980620304699374,0.0,0.0,0.5990310152349687,-159.67298411788835,0.0,0.0,0.0,0.0,148.48916210496068,0.0,0.0,0.0,-990.7617436830463,0.29951550761748436,0.0,0.0,0.0,0.011980620304699374,0.0,11.980620304699373,-3.7139922944568062,2.396124060939875,0.08557585931928124,33.425930650111255,-0.00898546522852453,500.59903101523497,0.23961240609398748,53.83209052021688,-33.425930650111255,3.5941860914098123,-0.011980620304699374,0.0,226.0930380440208,0.0029951550761748436,0.08557585931928124,0.0,-1.9073147525081688,-0.23961240609398748,-417.3648627602895,-0.011980620304699374,0.0029951550761748436,-33.425930650111255,1.1980620304699374,0.011980620304699374,0.011980620304699374,-183.36662257443606,0.013178682335137637,0.0,-0.00898546522852453,3.5941860914098127,0.011980620304699374,3.5941860914098127,-5.9903101523496876,-0.005990310152349687,-99.13905102099154,-7.486023586056284,-0.00898546522852453,-0.011980620304699374,-3.7139922944568062,0.011980620304699374,1.1980620304699374,-0.23961240609398748,6.2759809352816465,6.2759809352816465,-1.1980620304699374,417.3648627602895,-6.2759809352816465,2.396124060939875,0.01797093045704906,328.96812630365065,1.1980620304699374,-192.93197511475805,226.0930380440208,-2.396124060939875,0.005990310152349687,0.11980620304699376,87.11189057479906,96.0,-0.011980620304699374,-186.0874214456332,183.36662257443606,3.7139922944568062,0.011980620304699374,1.9073147525081688,211.71629367838142,226.0930380440208,-0.011980620304699374,-0.0029951550761748436,-226.0930380440208,-0.011980620304699374,-5.73888290020633,0.01198062030471192,-0.0029951550761748436,-0.0029951550761748436,-0.0029951550761748436,4.79224812187975,5.9903101523496876,0.11980620304699376,339.2507613788297,-0.0029951550761748436,174.22378114959812,0.5990310152349687,3.4684724653381336,0.011980620304699374,0.005990310152349687,0.005990310152349687,40.0,3.7139922944568062,0.011980620304699374,-3.7139922944568062,0.11980620304699376,0.011980620304699374,-1000.0,0.011980620304699374,0.04792248121873399,-53.83209052021688,0.005990310152349687,0.0029951550761748436,3.5941860914098127,-0.011980620304699374,0.0,0.11980620304699374,-678.5015227576594,500.2995155076175,-1.1980620304699374,2.396124060939875,0.5990310152349687,-0.011980620304699374,0.0,0.01797093045704906,-0.011980620304699374,-80.0,3.7139922944568062,813.8380438889158,0.005990310152349687,-6.936944930676267,-0.011980620304699374,-0.01198062030471192,-0.011980620304699374,0.005990310152349687,33.425930650111255,-2.396124060939875,0.011980620304699374,174.22378114959812,-0.0029951550761748436,-0.013178682335137637,-174.22378114959812,1.797093045704906,7.486023586056284,-209.13451629267172,33.425930650111255,-0.00898546522852453,186.0874214456332,-96.0,0.011980620304699374,-0.0029951550761748436,1000.0,11.980620304699373,-0.005990310152349687,-0.011980620304699374,0.0029951550761748436,1000.0,0.0,-328.974116613803,660.7492386211703,-46.0,0.0,-108.0,5.4741111914724625,0.0,-32.0,-93.0,84.54753308257501,0.0,16.0,23.0,46.5,0.0,-2.7370555957362313,-183.39178187707597,-709.4060891436862,0.0,-84.54753308257501,-709.4060891436862,108.0,-160.45717785442568,0.0,1496.5981,hclb
146,0.0,0.0,0.0,0.0,0.0,0.0,0.0,0.0,-0.01070431905406775,0.0,0.0,0.0,0.0,0.0,0.0,0.0,-740.5615578263967,1000.0,0.0,71.11458028584786,0.0,0.0,0.0,82.265252981291,0.0,37.750646030341514,0.0,0.0,0.0,-365.4702061173233,0.0,0.0,0.0,0.0,0.0,0.0,0.0,584.6947286781146,0.0,-1000.0,1000.0,0.0,0.0,0.0,0.0,0.0,0.0,0.0,1000.0,-1000.0,0.0,629.2821530812059,0.0,0.011774750959485113,0.0,0.0,0.0,2.14086381081355,0.0,0.0,-35.038702533065816,0.0,-338.35451016565366,-605.9315497420187,0.0,0.0,0.0,0.0,173.551887028617,0.0,0.0,0.10704319054067751,0.0,0.0,0.0,0.0,0.0,0.0,0.0,0.0,0.0,0.0,-22.4040641041571,0.0,6.42259143244065,0.0,111.60878784947067,487.450562319215,585.0546320948398,0.0,524.4473131406914,0.0,0.0,-692.3760129386031,3.211295716220325,0.0,3.211295716220325,0.0,664.08219076955,0.0,0.0,0.5352159527033875,-365.4702061173233,0.0,0.0,0.0,0.0,231.25344729155955,0.0,0.0,0.0,0.0,0.0,0.0,0.0,0.0,0.0,0.0,0.0,0.0,0.0,0.0,0.0,0.0,-618.9780158779495,0.0,0.0,3.211295716220325,0.0,3.318338906761002,0.0,0.0,-1000.0,0.0,1000.0,-1000.0,-232.53833704329912,0.0,0.0,0.0,0.0,0.0,0.0,0.0,0.0,134.837084520791,0.01070431905406775,524.449989220455,0.0,0.0,-281.3020139054226,0.0,0.0,0.0,0.0,0.0,-371.7921545032593,0.0,0.0,0.0,0.0,0.0,429.2083896143383,429.2083896143383,0.0,0.0,0.0,-531.2500000000002,-67.35682336435627,0.0,0.0,429.21909393339234,0.0,0.0,0.0,495.44721297639654,0.0,0.0,0.0,0.0,0.0,0.0,0.0,0.0,0.0,0.0,0.0,0.0,0.0,0.0,0.0,-668.0990966689528,0.0,0.0,0.0,0.0,0.0,1000.0,-629.2821530812059,-212.94617104783882,212.94617104783882,19.783788308681608,0.0,0.0,0.0,0.0,0.0,0.0,0.0,-657.1768897871493,0.0,0.0,0.0,0.0,0.0,0.0,0.0,0.0,0.0,0.0,0.0,0.0,0.0,245.5177313645493,242.5837415270497,735.3139170249259,0.0,0.0,0.0,212.75454873461754,-19.783788308681608,0.0,0.0,0.0,0.0,-35.038702533065816,735.3139170249259,0.0,0.0,153.21219428501036,0.0,0.0,0.0,0.0,0.0,0.3446790735409877,0.0,0.0,0.0,-823.5712585542298,-25.570455411551094,645.2222381901702,0.0,-735.3139170249259,0.0,0.0,232.53833704329912,13.059269245962655,0.0,0.0,0.0,365.6040101054991,0.0,0.0,-1000.0,0.0,0.0,-1000.0,0.0,0.0,372.108461047001,0.0,0.0,1000.0,0.0,29.86505016084902,0.0,0.0,0.0,-279.49514686360664,0.0,279.49514686360664,0.0,94.37132174687218,0.0,212.75454873461754,0.0,-531.25,0.0,0.0,-35.038702533065816,-0.016056478581101624,0.0,0.0,0.0,0.0,0.01070431905406775,0.0,0.0,0.0,664.5431218791915,-740.5615578263967,0.0,0.0,-75.76973591282479,0.0,712.5976107924164,0.0,-48.97874112469583,0.0,0.0,0.0,0.0,0.0,123.38434916036891,-1000.0,925.594391964327,-1000.0,-1000.0,0.0,0.0,0.0,0.0,0.0,0.0,0.0,0.0,0.0,0.0,0.0,0.0,0.0,0.0,0.0,0.0,153.21219428501036,-415.2624540456692,0.0,-1000.0,0.0,0.0,0.0,0.0,0.0,0.0,-135.18176359433198,0.0,686.4862548737071,0.0,597.5711837184725,0.0,0.0,0.0,52.659513782626725,0.0,826.448112971383,136.8631015316368,252.67935550401816,-661.8849323200259,-1000.0,0.0,-53.194729735330114,0.0,-0.26760797635169375,-253.21457145672156,0.0,0.0,-487.5509735219142,1000.0,189.06837907878892,3.211295716220325,0.0,0.0,0.0,193.91067081684355,0.0,0.0,0.0,-245.5177313645493,245.5177313645493,245.5177313645493,-449.7793178775662,0.0,0.0,0.0,0.0,0.0,0.0,0.0,0.0,-79.39816641048947,0.0,0.0,290.613684923804,0.0,0.0,0.0,0.0,-41.92956809459322,0.021408638108146454,0.0,0.0,0.0,0.0,0.0,0.0,0.0,0.0,0.0,173.551887028617,0.0,0.0,0.0,0.0,0.0,0.0,0.0,0.0,0.0,0.011774750959485113,0.011774750959485113,0.0,339.37686755373574,0.0,6.42259143244065,0.0,0.0,0.0,1000.0,0.0,0.0,111.60878784947067,0.0,0.0,-394.3231795878986,-1000.0,0.0,0.0,0.0,0.0,0.0,290.613684923804,0.0,0.0,0.0,0.0,0.0,0.0,0.0,206.32600529264982,-664.5431218791915,281.3020139054226,0.0,112.4330204166339,0.0,-692.3760129386031,0.0,0.0,0.0,-394.3231795878986,0.0,0.0,-436.2527476824918,380.0984067023984,-380.0984067023984,245.5177313645493,0.0,0.0,0.0,0.0,0.0,0.0,0.0,0.0,0.0,0.0,0.0,0.0,0.0,6.42259143244065,232.53833704329912,232.53833704329912,0.0,0.0,0.0,0.0,0.0,0.0,0.0,0.0,0.0,0.0,0.10704319054067751,0.0,0.0,111.60878784947067,-111.60878784947067,0.0,-629.2821530812059,0.0,0.0,3.211295716220325,0.0,0.0,0.0,0.0,0.0,0.0,0.0,0.0,0.0,0.0,0.0,0.0,0.0,3.211295716220325,3.211295716220325,1000.0,-1000.0,0.0,290.613684923804,0.0,0.0,0.0,0.0,0.0,365.4702061173233,0.0,1000.0,0.01070431905406775,0.0,0.0,0.0,14.136582499332757,32.157700212902455,0.0,692.3760129386031,0.0,0.0,0.0,0.0,0.0,0.0,0.0,0.0,0.0,0.0,0.0,0.0,0.0,0.0,0.01070431905406775,0.0,0.0,0.0,0.0,0.0,0.0,0.0,0.0,0.0,-135.18176359433198,686.4862548737071,0.0,0.0,-584.7375459543308,-0.8028239290550813,0.0,-0.5352159527033875,0.0,31.25,31.25,-31.250000000000004,0.0,0.0,0.0,0.0,0.0,0.0,0.0,232.53833704329912,0.0,0.0,0.0,-297.9473784904219,0.0,0.0,0.0,-0.01070431905406775,0.0,0.0,0.01070431905406775,0.0,0.01070431905406775,0.0,0.0,0.0,6.42259143244065,13.059269245962655,13.059269245962655,0.0,0.0,0.0,0.0,0.0,0.0,22.4040641041571,281.3020139054226,0.0,0.0,0.0,0.0,0.0,124.30599103092416,0.0,0.0,0.0,0.0,0.0,0.0,0.0,0.0,0.0,0.0,0.0,0.0,0.0,0.0,0.0,-37.750646030341514,37.750646030341514,0.016056478581101624,0.0,0.0,0.0,-3.211295716220325,0.0,0.0,0.0,0.0,0.0,-339.37686755373574,0.5352159527033875,0.0,0.0,0.0,531.25,67.35682336435627,0.0,-0.5352159527033875,0.0,0.0,0.0,0.0,0.0,0.0,0.0,232.53833704329912,0.0,0.0,-911.4604775194574,93.85913618918644,0.0,344.16115009460907,32.157700212902455,0.0,0.0,686.4862548737071,-686.4862548737071,0.0,0.0,0.0,0.5352159527033875,1000.0,0.0,0.0,0.0,-302.6157421094308,0.0,0.0,0.0,0.0,0.0,0.0,0.0,0.0,0.0,340.1796914827908,-341.7853393409012,13.059269245962655,0.0,571.8068130178302,571.8068130178303,-571.8068130178302,0.0,0.0,0.0,0.0,0.0,0.3446790735409877,0.0,0.0,0.0,-187.68846952794974,31.527327777672504,0.0,3.211295716220325,111.60878784947067,0.0,0.0,0.0,-325.70960255151266,0.0,0.0,0.011774750959485113,0.0,0.0,0.0,6.529634622981328,0.0,0.0,0.0,0.0,242.5837415270497,0.0,0.0,0.0,0.0,0.0,0.0,0.0,0.0,-434.6124994865604,0.0,956.7280919648531,0.001070431905406775,0.0,0.0,0.0,0.0,0.0,0.0,0.0,0.0,0.0,0.0,0.0,0.0,0.0,0.0,0.0,339.37686755373574,0.0,0.0,0.0,0.0,0.0,0.0,0.0,1000.0,0.0,0.0,0.0,223.21757569894135,-39.290688448151485,-1000.0,1000.0,0.0,0.0,0.0,6.42259143244064,0.0,0.0,0.0,0.0,0.0,-943.9225914324397,937.4999999999991,0.0,223.21757569894135,0.0,0.0,0.0,0.0,0.0,0.0,0.0,0.0,0.0,0.0,-1000.0,-1000.0,131.63844958296056,0.0,-3.211295716220325,0.0,584.6947286781146,0.0,0.0,0.0,0.0,0.0,0.0,0.0,0.0,0.0,0.0,0.0,0.0,0.0,0.0,0.0,0.0,0.0,-1.3380398817584687,232.53833704329912,-0.8028239290550813,465.2885064427701,0.0,0.0,0.0,0.0,0.0,-1000.0,999.8661960118242,79.39816641048947,0.0,0.0,0.0,0.0,0.0,0.0,0.0,1000.0,3.211295716220325,3.211295716220325,0.0,0.0,0.0,0.0,0.0,0.011774750959485113,339.37686755373574,0.0,0.0,-584.6947286781146,956.7270215329477,0.0,0.0,0.0,0.0,0.0,0.0,0.0,0.0,0.0,0.0,0.0,0.0,0.0,0.0,0.0,0.0,0.0,0.0,11.239535006771138,0.0,0.0,134.837084520791,0.0,0.0,0.0,339.37686755373574,0.0,0.0,0.0,0.0,0.0,-1.3380398817584687,0.0,0.0,0.0,0.0,0.0,0.0,0.0,0.0,0.0,0.0,0.0,0.0,0.0,0.0,0.0,0.0,0.0,0.0,-0.01070431905406775,0.0,0.0,0.5352159527033875,394.3231795878986,0.0,0.0,0.0,0.0,232.53833704329915,0.0,0.0,0.0,-123.38434916036891,0.26760797635169375,0.0,0.0,37.750646030341514,0.01070431905406775,0.0,10.70431905406775,-3.318338906761002,2.14086381081355,0.07645942181476964,29.86505016084902,-0.008028239290550812,0.5352159527033891,0.21408638108135503,-0.05352159527023713,-29.86505016084902,3.211295716220325,-0.01070431905406775,0.0,290.613684923804,0.0026760797635169377,0.07645942181476964,0.0,-113.31291544287828,-0.21408638108135503,-330.5530224594511,-0.010704319054067744,0.0026760797635169377,-29.86505016084902,1.070431905406775,0.01070431905406775,0.01070431905406775,-339.3543884837222,-111.59701309851118,-9.771867881690866,-0.008028239290550812,3.211295716220325,0.01070431905406775,3.211295716220325,-5.352159527033875,-0.005352159527033875,381.5640223849502,18.702652084220766,-0.008028239290550812,-0.01070431905406775,-3.318338906761002,0.01070431905406775,1.070431905406775,-0.21408638108135503,0.0,0.0,-1.070431905406775,330.5530224594511,0.0,2.14086381081355,0.016056478581101624,-1000.0,1.070431905406775,-206.32600529264982,290.613684923804,-2.14086381081355,0.005352159527033875,0.10704319054067751,0.0,96.0,-0.01070431905406775,-341.7853393409012,339.3543884837222,3.318338906761002,0.01070431905406775,113.31291544287828,277.7685020589226,290.613684923804,-0.01070431905406775,-0.0026760797635169377,-290.613684923804,-0.01070431905406775,-41.92956809459322,0.01070431905406775,-0.0026760797635169377,-0.0026760797635169377,-0.0026760797635169377,4.2817276216271,5.352159527033875,0.10704319054067751,49.4273845038083,-0.0026760797635169377,0.0,0.5352159527033875,21.5,0.01070431905406775,0.005352159527033875,0.005352159527033875,40.0,3.318338906761002,0.01070431905406775,-3.318338906761002,0.10704319054067751,0.01070431905406775,-132.42102875306028,0.01070431905406775,0.042817276216169375,0.05352159527023713,0.005352159527033875,0.0026760797635169377,3.211295716220325,-0.01070431905406775,9.771867881690866,0.10704319054067751,-98.8547690076166,0.2676079763516922,-1.070431905406775,2.14086381081355,0.5352159527033875,-0.01070431905406775,0.0,0.016056478581101624,-0.01070431905406775,-80.0,3.318338906761002,441.92637750811974,0.005352159527033875,-43.0,-0.01070431905406775,-0.01070431905406775,-0.01070431905406775,0.005352159527033875,29.86505016084902,-2.14086381081355,0.01070431905406775,0.0,-0.0026760797635169377,111.59701309851118,0.0,1.6056478581101623,-18.702652084220766,746.3204564597571,29.86505016084902,-0.008028239290550812,341.7853393409012,-96.0,0.010704319054067744,-0.002676079763516937,598.106399671176,10.70431905406775,-0.005352159527033875,-0.01070431905406775,0.0026760797635169377,0.0,0.0,627.886186793472,82.99364424925199,-46.0,0.0,420.888948446735,31.921134761807547,0.0,-32.0,221.57008303700667,-65.0,-372.108461047001,16.0,23.0,-110.78504151850333,0.0,-15.960567380903774,-339.37686755373574,-116.21677495660707,372.108461047001,65.0,-116.21677495660707,-420.888948446735,71.02500724120281,0.0,1496.5981,hclb
147,0.0,0.0,0.0,0.0,0.0,0.0,0.0,0.0,-0.0076792138421169645,0.0,0.0,0.0,0.0,0.0,0.0,0.0,102.65733508382618,414.3284150820581,0.0,-350.2787200610409,0.0,0.0,0.0,0.0,0.0,394.0725426598446,0.0,0.0,0.0,-482.53382555183833,99.00438844527544,-99.00438844527544,20.417342764262344,0.0,0.0,0.0,0.0,610.8489871004156,0.0,-1000.0,1000.0,0.0,0.0,1000.0,0.0,0.0,896.502700530848,0.0,1000.0,-400.0257372087572,0.0,787.951856983427,0.0,0.008447135226330005,0.0,0.0,0.0,1.5358427684233928,0.0,0.0,-98.83655267419664,0.0,126.70724701304415,-10.536841423197004,0.0,0.0,0.0,0.0,0.0,394.94494336385327,0.0,0.07679213842116964,0.0,0.0,0.0,0.0,0.0,0.0,0.0,0.0,0.0,0.0,0.0,0.0,4.607528305270178,0.0,77.9613190140908,118.08091766450502,163.43354939699776,0.0,-0.001919803460529241,0.0,0.0,905.0395378420833,2.303764152635089,0.0,2.303764152635089,0.0,0.0,0.0,0.0,572.7981759031048,-979.1327776860301,0.0,0.0,-10.412946609826873,0.0,89.53718054609692,0.0,0.0,0.0,0.0,0.0,0.0,0.0,0.0,0.0,0.0,0.0,0.0,0.0,0.0,0.0,0.0,-697.8478604121511,0.0,0.0,2.3037641526350896,0.0,2.3805562910562585,0.0,0.0,-209.7025839408157,209.7025839408157,0.0,0.0,0.0,0.0,0.0,-38.40753576204453,0.0,0.0,0.0,0.0,0.0,78.55261847993381,0.007679213842116964,0.0,0.0,0.0,-315.05938374512994,0.0,0.0,0.0,0.0,0.0,-169.69693543917592,0.0,0.0,0.0,0.0,0.0,238.38454727999112,238.38454727999112,0.0,0.0,0.0,0.0,1000.0,0.0,0.0,337.39661493910864,0.0,0.0,0.0,-454.64619510255284,0.0,0.0,0.0,0.0,0.0,0.0,0.0,0.0,0.0,0.0,0.0,0.0,0.0,0.0,0.0,-1000.0,0.0,0.0,0.0,0.0,0.0,400.0257372087572,-787.951856983427,266.07936566006083,-266.07936566006083,0.0,0.0,0.0,0.0,0.0,0.0,0.0,496.59895213419173,-622.4363607535581,0.0,0.0,0.0,0.0,0.0,0.0,0.0,0.0,0.0,0.0,0.0,0.0,0.0,351.82799542170915,316.9545974423736,167.8283474514393,0.0,0.0,0.0,38.40753576204453,0.0,0.0,0.0,0.0,0.0,-98.83655267419664,-832.1716525485607,99.00438844527544,0.0,0.0,0.0,0.0,0.0,0.0,0.0,381.59690907092977,0.0,0.0,0.0,102.64581626306301,0.0,596.2084263411389,0.0,-167.82834745143927,0.0,0.0,38.40753576204453,-990.6313591126174,0.0,0.0,0.0,-117.34444706637782,0.0,0.0,-988.4869693016246,-1000.0,0.0,-175.98696930162492,187.49999999999997,812.5,429.5129150570586,0.0,0.0,400.0257372087572,0.0,21.425006619506327,0.0,0.0,0.0,0.0,0.0,0.0,0.0,1000.0,0.0,38.40753576204453,-162.54319487567534,0.0,0.0,0.0,-98.83655267419664,-0.011518820763175446,0.0,0.0,0.0,0.0,0.007679213842116964,0.0,0.0,0.0,616.0993267764352,102.65733508382618,0.0,-280.1277270602571,263.0089519652536,0.0,885.432071159014,0.0,0.6611803118062719,0.0,-10.412946609826873,0.0,0.0,0.0,-0.6611803118062719,0.0,0.0,-1000.0,-1000.0,0.0,0.0,0.0,0.0,0.0,0.0,0.0,0.0,0.0,0.0,0.0,0.0,0.0,0.0,0.0,0.0,0.0,-389.12029604421593,0.0,-1000.0,0.0,0.0,282.34524993993807,0.0,0.0,0.0,230.84978341796602,0.0,0.0,0.0,259.28182668225645,572.414215210999,0.0,0.0,623.9873431396383,-34.790596735463815,0.0,-876.5117983203811,321.22970633431623,0.0,-269.62188812066694,0.0,-1000.0,714.1368314393063,34.59861638941089,-321.6136670264221,0.0,0.0,0.0,0.0,809.7373349765799,2.3037641526350896,0.0,0.0,0.0,0.0,0.0,0.0,0.0,-351.82799542170915,351.82799542170915,351.82799542170915,-145.97106702918745,0.0,0.0,0.0,0.0,0.0,496.59895213419173,0.0,0.0,-80.15800308225619,0.0,0.0,116.87169299362114,0.0,0.0,0.0,0.0,-0.4085504553914041,0.01535842768407747,0.0,0.0,0.0,0.0,0.0,0.0,0.0,0.0,0.0,394.94494336385327,0.0,0.0,0.0,0.0,0.0,0.0,0.0,0.0,0.0,0.008447135226330005,0.008447135226330005,99.00438844527544,426.34639192171153,0.0,4.607528305270178,0.0,0.0,0.0,1000.0,0.0,0.0,77.9613190140908,0.0,0.0,-70.89936994236913,-1000.0,0.0,0.0,375.3456503297929,0.0,0.0,116.87169299362114,0.0,0.0,0.0,0.0,0.0,0.0,0.0,232.61595347071705,-616.0993267764352,315.05938374512994,89.42158856275638,78.55261847993381,0.0,960.1440566876412,-55.10451884555789,-55.10451884555789,0.0,-70.89936994236913,0.0,879.8005725636187,-951.1084929613793,0.0,0.0,351.82799542170915,0.0,0.0,0.0,0.0,0.0,0.0,0.0,0.0,0.0,0.0,0.0,0.0,0.0,4.607528305270178,38.40753576204453,38.40753576204453,0.0,0.0,0.0,0.0,0.0,0.0,0.0,0.0,0.0,0.0,0.07679213842116964,0.0,99.00438844527544,77.9613190140908,-77.9613190140908,99.00438844527544,-787.951856983427,0.0,0.0,2.3037641526350896,-375.3456503297929,0.0,0.0,0.0,89.42158856275638,0.0,0.0,0.0,0.0,0.0,-901.828252921609,857.2472196614838,0.0,2.303764152635089,2.303764152635089,1000.0,-1000.0,0.0,116.87169299362114,0.0,0.0,0.0,0.0,0.0,979.1327776860301,496.59895213419173,1000.0,0.007679213842116964,0.0,0.0,0.0,10.141498909064325,0.0,0.0,-905.0395378420833,0.0,0.0,0.0,0.0,0.0,0.0,0.0,0.0,0.0,0.0,0.0,0.0,0.0,0.0,0.007679213842116964,0.0,0.0,0.0,0.0,0.0,0.0,0.0,0.0,0.0,0.0,513.1950333579041,0.0,0.0,-610.8797039557841,-0.5759410381588168,-0.3839606921058021,0.0,0.0,0.0,0.0,0.0,0.0,0.0,0.0,0.0,0.0,0.0,0.0,38.40753576204453,0.0,0.0,0.0,810.1212956686857,0.0,0.0,0.0,-0.007679213842116964,0.0,0.0,0.007679213842116964,0.0,0.007679213842116964,0.0,0.0,0.0,4.607528305270178,9.368640887382695,9.368640887382695,0.0,0.0,0.0,0.0,0.0,0.0,0.0,315.05938374512994,0.0,496.59895213419173,0.0,0.0,0.0,0.0,0.0,0.0,0.0,0.0,0.0,0.0,0.0,0.0,0.0,0.0,0.0,0.0,0.0,0.0,0.0,-394.0725426598446,394.0725426598446,0.011518820763175446,0.0,0.0,0.0,-2.3037641526350896,0.0,0.0,0.0,0.0,0.0,-426.34639192171153,0.3839606921058482,0.0,0.0,0.0,0.0,-1000.0,-230.84978341796602,0.0,0.0,0.0,0.0,0.0,0.0,0.0,0.0,38.40753576204453,0.0,375.3456503297929,0.0,74.51839650000238,0.0,378.52354097670656,-10.412946609826873,0.0,0.0,0.0,0.0,0.0,-1000.0,0.0,0.3839606921058482,802.7710599043814,0.0,0.0,-99.00438844527544,-236.0806411104378,0.0,0.0,0.0,0.0,0.0,-591.9949225235542,0.0,0.0,0.0,426.92233295987035,-428.07421503618775,9.368640887382695,0.0,416.24849177927933,416.24849177927933,-317.2441033340039,0.0,0.0,0.0,0.0,0.0,381.59690907092977,0.0,0.0,0.0,-405.08644227291757,-103.38305383488763,0.0,2.303764152635089,77.9613190140908,0.0,0.0,0.0,-156.04178346201104,0.0,0.0,0.008447135226330005,0.0,0.0,0.0,4.684320443691347,0.0,0.0,0.0,0.0,316.9545974423736,0.0,0.0,0.0,0.0,0.0,0.0,0.0,0.0,0.0,0.0,0.0007679213842116964,0.0007679213842116964,0.0,0.0,0.0,0.0,0.0,0.0,0.0,0.0,0.0,0.0,99.00438844527544,0.0,0.0,0.0,0.0,426.34639192171153,0.0,0.0,0.0,0.0,0.0,0.0,0.0,400.0257372087572,0.0,0.0,0.0,155.9226380281816,0.0,67.08409312318422,414.3284150820581,0.0,0.0,0.0,4.607528305270178,0.0,0.0,0.0,0.0,0.0,0.0,-4.607528305270178,0.0,155.9226380281816,0.0,0.0,0.0,0.0,0.0,0.0,0.0,99.00438844527544,99.00438844527544,0.0,-1000.0,-1000.0,5.2602614818501205,0.0,-2.3037641526350896,0.0,610.8489871004156,0.0,0.0,0.0,0.0,0.0,0.0,0.0,0.0,0.0,531.2500000000002,0.0,-531.25,-531.25,0.0,0.0,0.0,0.0,-0.9599017302646204,38.40753576204453,-572.9901562491578,427.49827399802905,0.0,0.0,0.0,0.0,0.0,-0.09599017302646207,0.0,80.15800308225619,0.0,0.0,0.0,0.0,0.0,0.0,0.0,1000.0,2.303764152635089,2.303764152635089,0.0,0.0,0.0,0.0,0.0,0.008447135226330005,426.34639192171153,0.0,0.0,-610.8489871004156,0.0,0.0,0.0,0.0,0.0,0.0,0.0,0.0,0.0,0.0,0.0,0.0,0.0,0.0,0.0,0.0,0.0,0.0,0.0,8.063174534222812,0.0,0.0,78.55261847993381,0.0,0.0,0.0,426.34639192171153,0.0,512.8110726657983,0.0,0.0,0.0,-0.9599017302646204,0.0,0.0,0.0,0.0,0.0,0.0,0.0,0.0,0.0,0.0,0.0,0.0,0.0,0.0,0.0,0.0,0.0,0.0,-0.007679213842116964,0.0,0.0,0.3839606921058482,70.89936994236913,0.0,0.0,0.0,0.0,38.40753576204453,0.0,0.0,0.0,0.6611803118062719,0.19198034605290104,0.0,0.0,394.0725426598446,0.007679213842116964,0.0,7.679213842116964,-2.3805562910562585,1.5358427684233928,0.0548515274436926,21.425006619506327,-0.005759410381587723,286.5910682976054,0.1535842768423393,-0.03839606921064842,-21.425006619506327,2.303764152635089,-0.007679213842116962,3.4709822032756246,116.87169299362114,0.0019198034605292411,0.0548515274436926,-10.412946609826873,-79.18384985775594,98.85080416843306,-166.7070301048434,-0.0076792138421169645,0.0019198034605292411,-21.425006619506327,0.7679213842116964,0.007679213842116962,0.007679213842116964,-426.3302655726431,-77.95287187886447,0.0,-0.005759410381587723,2.303764152635089,0.007679213842116964,2.3037641526350896,-3.839606921058482,-0.0038396069210584823,190.52282865882967,-0.7756005980538134,-0.005759410381587723,-0.007679213842116964,-2.3805562910562585,0.007679213842116964,0.7679213842116964,-0.1535842768423393,0.0,0.0,-0.7679213842116964,166.7070301048434,0.0,1.5358427684233928,0.011518820763175446,-367.3418965993376,0.7679213842116964,-232.61595347071705,116.87169299362114,-1.5358427684233926,0.003839606921058482,0.07679213842116964,70.03193176506427,76.05423926842577,-0.007679213842116964,-428.07421503618775,426.3302655726431,2.3805562910562585,0.0076792138421169645,79.18384985775594,107.65663638308047,116.87169299362114,-0.007679213842116964,-0.0019198034605292411,-116.87169299362114,-0.007679213842116964,-0.4085504553914041,0.007679213842401182,-0.001919803460529241,-0.001919803460529241,-0.001919803460529241,3.0716855368467857,3.839606921058482,0.07679213842116964,5.689337555277731,-0.001919803460529241,136.59288132685293,0.3839606921058482,0.5882359198015514,0.007679213842116964,0.0038396069210584823,0.003839606921058482,40.0,2.3805562910562585,0.007679213842116964,-2.3805562910562585,0.07679213842116964,0.0076792138421169645,-5.689337555277731,0.0076792138421169645,0.03071685536849955,0.03839606921064842,0.0038396069210584823,0.0019198034605292411,2.303764152635089,-0.0076792138421169645,0.0,-49.42540208421653,-11.378675110555463,286.3990879515525,-0.7679213842116964,1.5358427684233928,0.3839606921058482,-0.0076792138421169645,10.412946609826873,0.011518820763175446,-0.0076792138421169645,-80.0,2.3805562910562585,208.23188087817465,0.0038396069210584823,-1.1764718396031029,-0.007679213842116964,-0.007679213842401182,-0.0076792138421169645,0.003839606921058482,21.425006619506327,-1.5358427684233928,0.007679213842116964,140.06386353012854,-0.001919803460529241,77.95287187886447,-140.06386353012854,1.1518820763175446,0.7756005980538134,67.67672922143545,21.425006619506327,-0.005759410381587723,428.07421503618775,-76.05423926842577,0.0076792138421169645,-0.0019198034605292414,259.6657873743623,7.679213842116964,-0.0038396069210584823,-0.0076792138421169645,0.0019198034605292411,640.5734583161734,0.0,-62.174858064642066,0.0,-46.0,0.0,298.37680794984976,-31.0,0.0,-32.0,154.84817087059093,-65.0,-429.5129150570586,16.0,23.0,-77.42408543529547,0.0,15.5,-426.34639192171153,-52.190097416163624,429.5129150570586,65.0,-52.190097416163624,-298.37680794984976,94.97612509127879,0.0,1496.5981,hclb
148,0.0,0.0,0.0,0.0,0.0,0.0,0.0,0.0,-0.013190806947077891,0.0,0.0,0.0,0.0,0.0,0.0,0.0,0.0,0.0,0.0,252.91473881311722,0.0,0.0,0.0,724.1555902911931,0.0,0.0,0.0,0.0,0.0,787.4508131172458,0.0,0.0,654.5553639587135,0.0,0.0,0.0,0.0,679.0351901611634,0.0,-1000.0,533.4644476261775,0.0,0.0,0.0,0.0,0.0,0.0,254.75230940042928,-53.20342266401889,0.0,0.0,0.0,0.0,0.014509887641798726,0.0,0.0,0.0,0.0,0.0,0.0,127.55697211321427,0.0,741.8981355238586,483.2991801020125,0.0,0.0,0.0,0.0,244.7158724574422,-244.7158724574422,0.0,0.1319080694707789,0.0,0.0,0.0,0.0,0.0,0.0,0.0,0.0,0.0,0.0,328.88463088105,0.0,7.9144841682467355,0.0,0.0,0.0,14.717340963783045,0.0,-0.003297701736769473,0.0,0.0,-818.7610623374643,3.9572420841233673,0.0,3.9572420841233678,-0.42474398369569144,0.0,0.0,605.6355626941047,65.74524810410821,271.6970566034774,0.0,0.0,-16.10693781816815,0.0,0.0,0.0,0.0,0.0,0.0,0.0,0.0,0.0,0.0,0.0,0.0,0.0,0.0,0.0,0.0,0.0,0.0,-252.57279721637838,0.0,0.0,3.9572420841233678,0.0,4.0891501535941455,0.0,0.0,0.0,0.0,0.0,0.0,-386.1559275350604,0.0,0.0,0.0,0.0,0.0,0.0,0.0,0.0,-327.86893874612497,0.013190806947077891,0.0,0.0,0.0,-887.8286922087038,887.8286922087038,0.0,0.0,276.7509318130547,0.0,-78.39057452876288,0.0,0.0,0.0,0.0,0.0,738.7562250730083,738.7562250730083,0.0,0.0,0.0,0.0,496.679069128092,0.0,0.0,738.7694158799553,0.0,0.0,0.0,232.1751392384582,0.0,0.0,0.0,0.0,0.0,0.0,0.0,0.0,0.0,0.0,-480.7546077981025,0.0,0.0,0.0,0.0,-53.613539458725185,0.0,0.0,0.0,0.0,0.0,0.0,0.0,14.697554753362427,-14.697554753362427,349.08927619263517,0.0,0.0,0.0,0.0,0.0,0.0,515.7537565137684,-939.2870122578003,0.0,0.0,0.0,0.0,0.0,0.0,0.0,0.0,0.0,0.0,0.0,0.0,0.0,62.94555484241865,-37.72367722116884,-734.2473904532269,0.0,0.0,0.0,37.066651342425246,-349.08927619263517,0.0,0.0,0.0,0.0,127.55697211321427,-734.2473904532269,0.0,0.0,73.86646827949212,0.0,0.0,0.0,0.0,0.0,0.0,257.39047078984487,0.0,0.0,-0.019786210420617678,0.0,-38.50586791065646,0.0,734.2473904532269,0.0,0.0,386.1559275350604,-983.907215524565,0.0,0.0,0.0,-387.92493426205397,0.0,0.0,-1000.0,-62.49999999999909,0.0,0.0,-937.5000000000009,1000.0,29.414895717145473,0.0,320.81571623049854,0.0,0.0,36.80235138234731,0.0,0.0,0.0,0.0,0.0,0.0,0.0,1000.0,0.0,37.066651342425246,1000.0,0.0,0.0,0.0,127.55697211321427,-0.019786210420616835,0.0,0.0,0.0,0.0,0.013190806947077891,0.0,0.0,0.0,49.65629737460182,0.0,0.0,-185.4264193636668,-441.7745557674377,0.0,434.31359352257,0.0,95.39652898685885,0.0,-16.10693781816815,0.0,0.0,0.0,-1.1357284781434194,-76.49937895447505,-17.761421554240385,-1000.0,-1000.0,0.0,0.0,0.0,0.0,0.0,0.0,0.0,0.0,0.0,0.0,0.0,0.0,0.0,0.0,0.0,0.0,73.86646827949212,-320.91204661104825,0.0,-1000.0,276.7509318130547,0.0,0.0,1000.0,0.0,718.1466851814757,327.86893874612497,0.0,0.0,0.0,0.0,65.0857077567543,92.757302548117,0.0,-533.202394225731,0.0,-260.97379605108415,834.248294305208,0.0,0.0,0.0,0.0,0.0,1000.0,-0.3297701736769473,-0.6595403473538946,-627.337274558091,0.0,607.4470663116817,0.0,-872.5791893836348,3.9572420841233678,0.0,0.0,0.0,0.0,0.0,0.0,958.1146630138223,895.1691081714036,-895.1691081714036,-895.1691081714036,-533.4850421816595,0.0,0.0,-261.25696573393884,0.0,0.0,515.7537565137684,0.0,0.0,-131.04198330863176,0.0,0.0,103.10809618773085,0.0,0.0,0.0,0.0,-41.680919305292214,0.02638161389414116,0.0,0.0,0.0,0.0,0.0,0.0,0.0,0.0,0.0,0.0,0.0,0.0,0.0,0.0,0.0,0.0,0.0,0.0,0.0,0.014509887641798726,0.014509887641798726,0.0,156.30739345300307,0.0,7.9144841682467355,0.0,0.0,0.0,1000.0,0.0,0.0,0.0,0.0,0.0,-351.7893873711537,-1000.0,0.0,0.0,0.0,0.0,0.0,103.10809618773085,0.0,0.0,0.0,0.0,0.0,0.0,0.0,84.19093240545946,-49.65629737460182,0.0,0.0,1.015692134924997,0.0,0.0,-818.7610623374643,-818.7610623374643,0.0,-351.7893873711537,0.0,-960.0338726806312,566.5635660041853,0.0,0.0,62.94555484241865,0.0,0.0,0.0,0.0,0.0,0.0,0.0,0.0,0.0,0.0,0.0,0.0,0.0,7.914484168246735,386.1559275350604,386.1559275350604,0.0,0.0,0.0,0.0,0.0,0.0,0.0,0.0,0.0,0.0,0.1319080694707789,0.0,0.0,0.0,0.0,0.0,0.0,0.0,0.0,3.9572420841233678,0.0,0.0,0.0,0.0,0.0,0.0,0.0,0.0,0.0,0.0,0.0,0.0,0.0,3.9572420841233673,3.9572420841233673,1000.0,-1000.0,0.0,103.10809618773085,0.0,0.0,0.0,0.0,0.0,0.0,515.7537565137684,-127.66393716487599,0.013190806947077891,0.0,0.0,0.0,17.420344974608795,639.9538186104121,0.0,818.7610623374643,0.0,0.0,0.0,0.0,0.0,0.0,0.0,0.0,0.0,0.0,0.0,0.0,0.0,0.0,0.013190806947077891,0.0,0.0,0.0,0.0,0.0,0.0,0.0,0.0,0.0,0.0,327.86893874612497,0.0,0.0,-679.0879533889517,-0.9893105210308419,-0.6595403473538951,0.0,0.0,0.0,0.0,0.0,0.0,0.0,0.0,0.0,0.0,0.0,0.0,386.1559275350604,0.0,0.0,0.0,-264.4725827245992,0.0,0.0,0.0,-0.013190806947077891,0.0,0.0,0.013190806947077891,0.0,0.013190806947077891,0.0,0.0,0.0,7.9144841682467355,16.092784475435028,16.092784475435028,0.0,0.0,0.0,0.0,0.0,0.0,0.0,0.0,0.0,515.7537565137684,0.0,0.0,0.0,0.0,0.0,0.0,0.0,0.0,0.0,0.0,0.0,0.0,0.0,0.0,0.0,0.0,0.0,0.0,0.0,0.0,0.0,0.019786210420616835,0.0,0.0,0.0,-3.9572420841233678,0.0,0.0,0.0,0.0,0.0,-156.30739345300307,0.6595403473538946,0.0,0.0,0.0,0.0,-496.679069128092,-327.86893874612497,0.0,0.0,0.0,0.0,0.0,0.0,0.0,0.0,386.1559275350604,0.0,0.0,114.9720365654374,93.36183861058443,0.0,62.36183861058442,623.846880792244,0.0,0.0,0.0,0.0,276.7509318130547,-1000.0,0.0,0.6595403473538951,1000.0,0.0,0.0,0.0,-131.04198330863176,0.0,0.0,0.0,0.0,0.0,0.0,0.0,0.0,0.0,479.7652972770717,-0.9893105210308022,16.092784475435028,0.0,0.0,0.0,0.0,0.0,0.0,0.0,0.0,0.0,0.0,0.0,0.0,158.28601449506482,-17.420344974608795,0.0,0.0,3.9572420841233678,0.0,0.0,0.0,0.0,-133.63956800912786,0.0,0.0,0.014509887641798726,0.0,0.0,0.0,8.046392237717512,0.0,0.0,0.0,0.0,-37.72367722116884,0.0,0.0,0.0,0.0,0.0,0.0,0.0,0.0,-374.29198715735384,0.0,0.0013190806947077892,0.0013190806947077892,0.0,0.0,0.0,0.0,0.0,0.0,0.0,0.0,0.0,0.0,0.0,0.0,0.0,0.0,0.0,156.30739345300307,0.0,0.0,0.0,0.0,0.0,0.0,0.0,0.0,0.0,0.0,0.0,0.0,427.54275064376793,92.98428173582897,0.0,0.0,0.0,0.0,7.9144841682467355,0.0,0.0,0.0,0.0,0.0,0.0,-7.9144841682467355,0.0,0.0,0.0,0.0,0.0,0.0,0.0,0.0,0.0,0.0,0.0,0.0,105.06485916589727,-728.3029433965226,9.035702758748359,-453.94460582140715,449.9873637372838,0.0,679.0351901611634,0.0,0.0,0.0,0.0,0.0,0.0,0.0,0.0,0.0,0.0,0.0,0.0,0.0,0.0,0.0,0.0,0.0,-1.648850868384737,386.1559275350604,-66.07501827778515,0.0,0.0,0.0,0.0,0.0,0.0,-0.16488508683847367,0.0,407.79291512168646,0.0,0.0,0.0,0.0,0.0,0.0,0.0,977.4009220010213,3.9572420841233673,3.9572420841233673,0.0,0.0,0.0,0.0,0.0,0.014509887641798726,156.30739345300307,0.0,0.0,-679.0351901611634,0.0,0.0,0.0,0.0,0.0,0.0,0.0,0.0,0.0,0.0,0.0,0.0,0.0,0.0,0.0,0.0,0.0,0.0,0.0,13.850347294431785,0.0,0.0,1.015692134924997,0.0,0.0,0.0,156.30739345300307,0.0,326.7846544150754,0.0,0.0,0.0,-1.648850868384737,0.0,0.0,0.0,0.0,0.0,0.0,0.0,0.0,0.0,0.0,0.0,0.0,0.0,0.0,0.0,0.0,0.0,0.0,-0.013190806947077891,0.0,0.0,0.6595403473538946,351.7893873711537,0.0,0.0,0.0,0.0,386.1559275350604,0.0,0.0,0.0,1.1357284781434194,0.3297701736769473,0.0,0.0,0.0,0.013190806947077891,0.0,13.19080694707789,-4.0891501535941455,2.638161389415578,0.09422004962198494,36.80235138234731,-0.009893105210308418,533.202394225731,0.2638161389415578,-0.06595403473534134,-36.80235138234731,3.9572420841233673,-0.013190806947077891,5.368979272722716,103.10809618773085,0.003297701736769473,0.09422004962198494,-16.10693781816815,-2.099976465974578,-0.2638161389415578,-252.91473881311722,-0.013190806947077891,0.003297701736769473,-36.80235138234731,1.319080694707789,0.013190806947077891,0.013190806947077891,-156.2796927584142,0.014509887641785681,-24.068589017257423,-0.009893105210308418,3.9572420841233673,0.013190806947077891,3.9572420841233678,-6.595403473538946,-0.006595403473538946,134.6730391823566,347.7570046909803,-0.009893105210308418,-0.013190806947077891,-4.0891501535941455,0.013190806947077891,1.319080694707789,-0.2638161389415578,0.0,0.0,-1.319080694707789,252.91473881311722,0.0,2.638161389415578,0.019786210420616835,-1000.0,1.319080694707789,-84.19093240545946,103.10809618773085,-2.638161389415578,0.006595403473538946,0.1319080694707789,46.3566048409167,96.0,-0.013190806947077891,-159.27532501609562,156.2796927584142,4.0891501535941455,0.013190806947077891,2.099976465974578,87.27912785123688,103.10809618773085,-0.013190806947077891,-0.003297701736769473,-103.10809618773085,-0.013190806947077891,-41.680919305292214,0.013190806947079636,-0.003297701736769473,-0.003297701736769473,-0.003297701736769473,5.276322778831156,6.595403473538946,0.1319080694707789,9.772739096915245,-0.003297701736769473,87.3442304091107,0.6595403473538946,21.5,0.013190806947077891,0.006595403473538946,0.006595403473538946,34.33980311736059,4.0891501535941455,0.013190806947077891,-4.0891501535941455,0.1319080694707789,0.013190806947077891,-9.772739096915245,0.013190806947077891,0.052763227788318545,0.06595403473534134,0.006595403473538946,0.003297701736769473,3.9572420841233673,-0.013190806947077891,24.068589017257423,0.1319080694707789,-19.54547819383049,532.8726240520541,-1.319080694707789,2.638161389415578,0.6595403473538946,-0.013190806947077891,16.10693781816815,0.019786210420616835,-0.013190806947077891,-68.67960623472118,4.0891501535941455,222.49780319327772,0.006595403473538946,-43.0,-0.013190806947077891,-0.013190806947079636,-0.013190806947077891,0.006595403473538946,36.80235138234731,-2.638161389415578,0.013190806947077891,92.7132096818334,-0.003297701736769473,-0.014509887641785681,-92.7132096818334,1.9786210420616834,-347.7570046909803,634.0358350094897,36.80235138234731,-0.009893105210308418,159.27532501609562,-96.0,0.013190806947077891,-0.0032977017367694737,0.6595403473538951,13.19080694707789,-0.006595403473538946,-0.013190806947077891,0.003297701736769473,113.2880373870321,0.0,970.578508879381,0.0,-46.0,0.0,86.06089390106285,-31.0,0.0,-32.0,-93.0,-65.0,-29.414895717145473,16.0,23.0,46.5,0.0,15.5,-156.30739345300307,-88.85823518414985,29.414895717145473,65.0,-88.85823518414985,-86.06089390106285,-1.2686573224409088,0.0,1496.5981,hclb
149,0.0,0.0,0.0,0.0,0.0,0.0,0.0,0.0,-0.005359685182398287,0.0,0.0,0.0,0.0,0.0,0.0,0.0,524.7444051513885,1000.0,0.0,-950.0039994599176,0.0,0.0,0.0,0.0,0.0,0.0,0.0,0.0,0.0,-888.9819518287231,162.78816425846517,-162.78816425846517,6.433023477725934,0.0,0.0,0.0,0.0,999.9785612592698,0.0,-1000.0,1000.0,0.0,0.0,0.31252358995470786,0.0,0.0,0.0,0.0,-452.4795645451818,-472.9107818645905,0.0,0.0,0.0,0.00589565370064804,0.0,0.0,0.0,1.0719370364796574,0.0,0.0,-29.863667868325187,0.0,104.47685734700528,0.0,0.0,0.0,0.0,0.0,0.0,0.0,0.0,0.053596851823982876,0.0,0.0,0.0,0.0,0.0,0.0,0.0,0.0,0.0,0.0,0.0,0.0,3.2158111094389725,0.0,0.0,22.121096146871423,569.6415316016896,0.0,885.6754930457312,0.0,0.0,0.0,1.6079055547194863,0.0,1.6079055547194863,-162.96074612133876,0.0,0.0,0.0,693.9958769095496,-1000.0,0.0,0.0,-24.448527479743053,0.0,0.0,0.0,0.0,0.0,0.0,0.0,0.0,0.0,0.0,0.0,0.0,0.0,0.0,0.0,0.0,0.0,0.0,-480.0746030575135,0.0,0.0,1.6079055547194863,0.0,1.6615024065434687,0.0,0.0,0.0,0.0,0.0,0.0,0.0,0.0,0.0,-74.6131894786801,0.0,0.0,0.0,0.0,0.0,0.4126957590446678,0.005359685182398287,885.6768329670268,0.0,0.0,0.0,0.0,0.0,0.0,0.0,0.0,-275.45898645518724,0.0,0.0,0.0,0.0,0.0,791.363046339319,791.363046339319,0.0,0.0,0.0,0.0,0.0,0.0,0.0,954.1565702829665,0.0,0.0,0.0,0.0,-22.44022107409924,0.0,0.0,0.0,0.0,0.0,0.0,0.0,0.0,0.0,-68.93314731615166,0.0,0.0,0.0,0.0,-296.3753398997738,0.0,0.0,0.0,0.0,0.0,472.9107818645905,0.0,-569.6415316016896,569.6415316016896,74.6131894786801,0.0,0.0,0.0,0.0,0.0,0.0,111.01804817127689,-936.7418976842795,0.0,0.0,0.0,0.0,0.0,0.0,0.0,0.0,0.0,0.0,0.0,0.0,0.0,399.44939712846906,-40.85612592704069,816.7171112225165,0.0,0.0,0.0,0.0,84.45867179657778,0.0,0.0,0.0,0.0,-29.863667868325187,816.4045876325617,162.78816425846517,0.0,0.0,0.0,0.0,0.0,0.0,0.0,0.0,0.0,0.0,0.0,-139.28306320337924,1000.0,-1000.0,0.0,-816.7171112225165,0.0,0.0,74.6131894786801,-760.2177539483881,0.0,0.0,0.0,128.403776039053,0.0,0.0,-1000.0,0.0,-65.3804236427219,-1000.0,0.0,-65.38042364272208,0.0,0.0,-89.28706266329687,472.9107818645905,0.0,-144.11833961636665,0.0,0.0,0.0,-1000.0,0.0,1000.0,0.0,1000.0,0.0,0.0,-802.1185638887646,0.0,0.0,0.0,-29.863667868325187,-0.00803952777359743,0.0,0.0,0.0,0.0,0.005359685182398287,0.0,0.0,0.0,135.6955730697964,524.7444051513885,0.0,-16.2990183198287,-447.51194999286037,22.44022107409924,922.6798425911992,0.0,-1000.0,0.0,-24.448527479743053,0.0,0.0,0.0,596.4214329071139,-449.4483619370932,853.0269290299793,1000.0,-1000.0,0.0,0.0,0.0,0.0,0.0,0.0,0.0,0.0,0.0,0.0,0.0,0.0,0.0,0.0,0.0,0.0,0.0,0.0,0.0,-1000.0,0.0,0.0,0.0,404.3099458187313,0.0,0.0,902.0071375928829,0.0,0.0,0.0,0.0,693.7278926504297,449.4483619370932,120.8817185272922,450.7130965062996,0.0,0.0,729.5392047627961,-0.26798425911991436,-1000.0,-457.1266469293968,-120.8817185272922,-1000.0,525.4600017933783,-0.13399212955995718,0.0,-0.7912244196047595,0.0,1000.0,0.0,-764.9700118006774,1.6079055547194863,0.0,0.0,0.0,466.80442815020587,0.0,0.0,0.0,-399.44939712846906,399.44939712846906,399.44939712846906,-542.3627162347186,0.0,0.0,-45.85414908739824,0.0,0.0,111.01804817127689,0.0,0.0,-134.34052521533047,0.0,0.0,78.92806296352035,0.0,0.0,0.0,0.0,-42.46403148176017,0.010719370364790632,0.0,0.0,0.0,0.0,0.0,0.0,0.0,0.0,0.0,0.0,0.0,0.0,0.0,0.0,0.0,0.0,0.0,0.0,0.0,0.00589565370064804,0.00589565370064804,162.78816425846517,345.52563508473276,0.0,3.2158111094389725,0.0,0.0,0.0,1000.0,0.0,17.83381994599074,0.0,0.0,0.0,-501.84120775035245,-1000.0,0.0,0.0,0.0,0.0,0.0,78.92806296352035,0.0,0.0,0.0,0.0,0.0,0.0,0.0,160.02486768583785,-135.6955730697964,0.0,0.0,256.3038576830998,0.0,-600.6652302680965,600.6652302680965,441.5933689928386,0.0,-501.84120775035245,0.0,-544.3052392321126,0.0,0.0,0.0,399.44939712846906,0.0,0.0,0.0,0.0,0.0,0.0,0.0,0.0,0.0,0.0,0.0,0.0,0.0,3.2158111094389725,74.6131894786801,74.6131894786801,0.0,0.0,0.0,0.0,0.0,0.0,0.0,0.0,0.0,0.0,0.053596851823982876,0.0,162.78816425846517,0.0,0.0,162.78816425846517,0.0,0.0,0.0,1.6079055547194863,0.0,0.0,0.0,255.89116192405515,0.0,0.0,0.0,0.0,0.0,0.0,0.0,-157.25755542540773,0.0,1.6079055547194863,1.6079055547194863,1000.0,-1000.0,0.0,78.92806296352035,0.0,0.0,0.0,0.0,0.0,-1000.0,111.01804817127689,-766.4440462809594,0.005359685182398287,0.0,0.0,0.0,7.078229952668709,0.0,0.0,0.0,0.0,0.0,0.0,0.0,0.0,0.0,0.0,0.0,0.0,0.0,0.0,0.0,0.0,0.0,0.005359685182398287,0.0,0.0,0.0,0.0,0.0,0.0,0.0,0.0,0.0,0.0,902.0071375928829,0.0,0.0,-1000.0,-0.40197638867987157,-0.26798425911991436,0.0,0.0,0.0,0.0,0.0,0.0,0.0,0.0,0.0,0.0,0.0,0.0,74.6131894786801,22.44022107409924,0.0,0.0,235.29797245844247,0.0,0.0,0.0,-0.005359685182398287,0.0,0.0,0.005359685182398287,0.0,0.005359685182398287,0.0,0.0,0.0,3.2158111094389725,6.53881592252591,6.53881592252591,0.0,0.0,0.0,0.0,0.0,0.0,0.0,0.0,0.0,111.01804817127689,0.0,0.0,596.8829018013183,0.0,0.0,0.0,0.0,0.0,0.0,0.0,0.0,0.0,0.0,0.0,0.0,0.0,0.0,159.07186127525787,0.0,0.0,0.0,0.00803952777359743,0.0,0.0,0.0,-1.6079055547194863,0.0,0.0,0.0,0.0,0.0,-345.52563508473276,0.26798425911991436,0.0,0.0,0.0,0.0,0.0,-163.22873038045867,0.0,0.0,0.0,0.0,0.0,0.0,0.0,0.0,74.6131894786801,0.0,0.0,0.0,-53.9237620437363,0.0,63.92806296352034,-24.448527479743053,0.0,738.7784072124243,0.0,-738.7784072124243,0.0,-766.7565698709141,0.0,0.26798425911991436,1000.0,0.0,276.7221143539648,-162.78816425846517,-134.34052521533047,-166.9924754038854,166.9924754038854,0.0,0.0,0.0,-739.6316690934625,0.0,0.0,0.0,68.12919453879192,0.0,6.53881592252591,0.0,-7.203077219875894,-7.203077219875894,169.99124147834107,0.0,0.0,0.0,0.0,0.0,0.0,0.0,0.0,346.7315642507724,-7.078229952668709,0.0,0.0,1.6079055547194863,0.0,0.0,0.0,0.0,-300.0455852913344,0.0,0.0,0.00589565370064804,0.0,0.0,0.0,3.269407961262955,0.0,0.0,0.0,0.0,-40.85612592704069,0.0,0.0,0.0,0.0,0.0,0.0,0.0,0.0,0.0,0.0,0.0005359685182398287,0.0005359685182398287,0.0,0.0,0.0,0.0,0.0,0.0,0.0,0.0,0.0,0.0,162.78816425846517,0.0,0.0,0.0,0.0,345.52563508473276,0.0,0.0,0.0,0.0,0.0,0.0,0.0,472.9107818645905,0.0,0.0,0.0,0.0,0.0,-442.2818163656194,1000.0,0.0,0.0,0.0,3.2158111094389725,0.0,0.0,0.0,0.0,0.0,0.0,-3.2158111094389725,0.0,0.0,0.0,0.0,0.0,0.0,0.0,0.0,0.0,162.78816425846517,162.78816425846517,0.0,766.4440462809594,-1000.0,600.5542861512612,-1.6079055547194863,0.0,0.0,999.9785612592698,0.0,0.0,0.0,0.0,0.0,0.0,0.0,0.0,0.0,0.0,0.0,0.0,0.0,0.0,0.0,0.0,0.0,-0.6699606477997859,74.6131894786801,-694.1298690391095,596.4809254126385,0.0,0.0,0.0,0.0,0.0,-876.6506738853049,876.5836778205248,134.34052521533047,0.0,0.0,0.0,0.0,0.0,0.0,0.0,1000.0,1.6079055547194863,1.6079055547194863,0.0,0.0,0.0,0.0,0.0,0.00589565370064804,345.52563508473276,0.0,0.0,-999.9785612592698,0.0,0.0,0.0,0.0,0.0,0.0,0.0,0.0,0.0,0.0,0.0,0.0,0.0,0.0,0.0,0.0,0.0,0.0,0.0,5.627669441518202,0.4126957590446678,0.0,0.0,0.0,0.0,0.0,345.52563508473276,0.0,0.0,0.0,0.0,0.0,-0.6699606477997859,0.0,0.0,0.0,0.0,0.0,0.0,0.0,0.0,0.0,0.0,0.0,0.0,0.0,0.0,0.0,0.0,0.0,0.0,-0.005359685182398287,0.0,0.0,0.26798425911991436,501.84120775035245,0.0,0.0,0.0,0.0,74.6131894786801,0.0,0.0,0.0,-596.4214329071139,0.13399212955995718,0.0,0.0,0.0,0.005359685182398287,0.0,5.3596851823982865,-1.6615024065434687,1.0719370364796574,0.0382834655885592,14.95352165889122,-0.004019763886798715,549.2869034937004,0.10719370364796575,-0.026798425912602397,-14.95352165889122,1.6079055547194863,-0.005359685182398287,8.14950915991435,78.92806296352035,0.0013399212955995717,0.0382834655885592,-24.44852747974305,-0.8532618810381791,162.6809705548172,-574.7404056914709,-0.005359685182398287,0.0013399212955995717,-14.95352165889122,0.5359685182398287,0.005359685182398287,0.005359685182398287,-345.51437974584974,0.005895653700638116,0.0,-0.004019763886798715,1.6079055547194863,0.005359685182398287,1.6079055547194863,-2.6798425911991437,-0.0026798425911991434,324.35604141467337,-85.0,-0.004019763886798715,-0.005359685182398294,-1.6615024065434687,0.005359685182398287,0.5359685182398287,-0.10719370364796575,159.07186127525787,159.07186127525787,-0.5359685182398287,574.7404056914709,-159.07186127525787,1.0719370364796574,0.00803952777359743,-30.297361465520225,0.5359685182398287,-160.02486768583785,78.92806296352035,-1.0719370364796574,0.0026798425911991434,0.053596851823982876,4.074754579957175,-52.85182500725664,-0.005359685182398287,-346.7315642507724,345.51437974584974,1.6615024065434687,0.005359685182398287,0.8532618810381791,72.49644074464246,78.92806296352035,-0.005359685182398287,-0.0013399212955995717,-78.92806296352035,-0.005359685182398287,-42.46403148176017,0.005359685182398287,-0.0013399212955995717,-0.0013399212955995717,-0.0013399212955995717,2.143874072959315,2.6798425911991437,0.053596851823982876,335.98057117300584,-0.0013399212955995717,0.0,0.26798425911991436,21.5,0.005359685182398287,0.0026798425911991434,0.0026798425911991434,40.0,1.6615024065434687,0.005359685182398287,-1.6615024065434687,0.053596851823982876,0.005359685182398287,-1000.0,0.005359685182398287,0.021438740730218342,0.026798425912602397,0.0026798425911991434,0.0013399212955995717,1.6079055547194863,-0.005359685182398287,0.0,-81.3404852774086,-671.9611423460117,549.1529113641404,-0.5359685182398287,1.0719370364796574,0.26798425911991436,-0.005359685182398287,24.44852747974305,0.00803952777359743,-0.005359685182398287,-80.0,1.6615024065434687,484.6957707308919,0.0026798425911991434,-43.0,-0.005359685182398287,-0.005359685182398287,-0.005359685182398287,0.002679842591199147,14.95352165889122,-1.0719370364796574,0.005359685182398287,8.14950915991435,-0.0013399212955995717,-0.005895653700638116,-8.14950915991435,0.8039527773597429,85.0,200.51661616476832,14.95352165889122,-0.004019763886798715,346.7315642507724,52.85182500725664,0.005359685182398287,-0.0013399212955995717,0.26798425911991436,5.3596851823982865,-0.0026798425911991434,-0.005359685182398287,0.0013399212955995717,0.0,0.0,30.294681622929026,664.0194288269942,-46.0,0.0,317.25377180786444,-31.0,0.0,-32.0,98.93487852777615,-65.0,0.0,16.0,23.0,-49.467439263888075,0.0,15.5,-345.52563508473276,-184.65018543955748,0.0,65.0,-184.65018543955748,-317.25377180786444,122.11068127249108,0.0,1496.5981,hclb
150,0.0,0.0,0.0,0.0,0.0,0.0,0.0,0.0,-0.005918819505711884,0.0,0.0,0.0,0.0,0.0,0.0,0.0,504.293499318636,409.009002093806,0.0,-498.88287956759245,0.0,0.0,0.0,653.3726733078953,0.0,0.0,0.0,0.0,0.0,-909.4487341743823,180.49466888799924,-180.49466888799924,26.615498385557807,0.0,0.0,0.0,0.0,481.5618020275304,0.0,-1000.0,1000.0,0.0,0.0,-203.59965530388172,0.0,0.0,0.0,0.0,608.7548901596281,0.0,0.0,0.0,0.0,0.006510701456301796,0.0,0.0,0.0,1.1837639011423768,0.0,0.0,-0.8878229258566677,0.0,446.19080745732134,265.9080323076267,0.0,0.0,0.0,0.0,0.0,0.0,0.0,0.05918819505711884,0.0,0.0,0.0,0.0,0.0,0.0,0.0,0.0,0.0,0.0,-135.41569426604948,0.0,3.5512917034271307,0.0,0.0,210.23357574382067,-285.1028126079593,217.94699981490908,-0.001479704876427971,0.0,0.0,0.0,1.7756458517135654,0.0,10.548215088974112,0.0,0.0,0.0,0.0,0.2959409752855942,-909.4487341743823,0.0,0.0,-4.253695703365941,0.0,0.0,0.0,0.0,0.0,0.0,0.0,0.0,0.0,0.0,0.0,0.0,0.0,0.0,0.0,0.0,0.0,0.0,-758.681006558501,0.0,0.0,10.548215088974112,0.0,1.8348340467706845,0.0,0.0,0.0,0.0,0.0,0.0,0.0,0.0,0.0,-179.394952223838,0.0,0.0,0.0,0.0,0.0,135.8714433679893,0.005918819505711884,0.0,0.0,0.0,-407.11679956183013,0.0,0.0,0.0,135.41569426604948,0.0,-165.20311589292527,0.0,0.0,0.0,0.0,0.0,121.89842101430482,121.89842101430482,0.0,0.0,0.0,0.0,0.0,0.0,0.0,302.39900872180976,0.0,0.0,0.0,-1000.0,0.0,0.0,0.0,0.0,0.0,0.0,0.0,0.0,0.0,0.0,0.0,0.0,0.0,0.0,0.0,-1000.0,0.0,0.0,0.0,0.0,0.0,0.0,0.0,181.0115340965512,-181.0115340965512,179.394952223838,0.0,0.0,0.0,0.0,0.0,0.0,0.0,-529.8068167775263,0.0,0.0,0.0,0.0,0.0,0.0,0.0,0.0,0.0,0.0,0.0,0.0,0.0,304.4101064084352,435.77312162963017,-203.59965530388172,0.0,0.0,0.0,0.0,84.4021992299231,0.0,0.0,0.0,0.0,-0.8878229258566677,0.0,180.49466888799924,0.0,0.0,0.0,0.0,0.0,0.0,0.0,180.6852548760832,0.0,8.772569237260548,0.0,58.48835783848273,-407.6259888660278,1000.0,0.0,203.59965530388172,0.0,0.0,179.394952223838,-854.7046192492058,0.0,0.0,0.0,-90.47728058179635,0.0,0.0,-689.0048111930492,310.99518880695064,0.0,-1000.0,0.0,-310.99518880695064,-104.0912785114081,0.0,-727.850809280684,0.0,0.0,-247.28364503282495,0.0,0.0,0.0,754.291246427634,0.0,-754.291246427634,0.0,1000.0,0.0,0.0,-4.641104818597376,0.0,0.0,0.0,-0.8878229258566677,-0.008878229258567827,0.0,0.0,0.0,0.0,0.005918819505711884,0.0,0.0,0.0,544.9693785811816,504.293499318636,0.0,-293.8169258130541,354.07837014960916,0.0,931.7319789901164,0.0,1000.0,0.0,-4.253695703365941,0.0,0.0,0.0,-0.5096103594418119,0.0,-999.4903896405582,-1000.0,-1000.0,0.0,0.0,0.0,0.0,0.0,0.0,0.0,0.0,0.0,0.0,0.0,0.0,0.0,0.0,0.0,0.0,0.0,-518.414522694447,0.0,-1000.0,135.41569426604948,0.0,0.0,181.34339675384342,0.0,0.0,481.585477305553,0.0,0.0,0.0,509.8011986326869,0.0,0.0,187.9608082689616,283.1473521205522,0.0,0.0,-951.9398380070874,0.0,0.0,481.7195005434303,-187.9608082689616,-374.1149914727595,925.1568483310382,-0.1479704876427971,-0.2959409752855942,0.0,0.0,-362.6371371263887,0.0,0.0,10.548215088974112,0.0,0.0,0.0,243.7349145926541,0.0,0.0,0.0,-304.4101064084352,304.4101064084352,304.4101064084352,-147.6649827904305,0.0,0.0,-697.6128289172017,0.0,0.0,0.0,0.0,0.0,-181.17059807555134,0.0,0.0,78.81623609885763,0.0,0.0,0.0,0.0,18.108106978825926,0.011837639011184602,0.0,0.0,0.0,0.0,0.0,0.0,0.0,0.0,0.0,0.0,0.0,0.0,0.0,0.0,0.0,0.0,0.0,0.0,0.0,0.006510701456301796,0.006510701456301796,180.49466888799924,399.2263425072928,0.0,3.5512917034271307,0.0,0.0,0.0,1000.0,0.0,221.2784057454847,0.0,0.0,0.0,-89.31858208792099,-1000.0,0.0,0.0,265.62225620853354,0.0,0.0,78.81623609885763,0.0,0.0,0.0,0.0,0.0,0.0,0.0,252.89366885283368,-544.9693785811816,407.11679956183013,0.0,0.4557491019398148,0.0,0.0,0.0,-263.7971514537611,0.0,-89.31858208792099,0.0,0.0,-71.21047510909506,0.0,0.0,304.4101064084352,0.0,0.0,0.0,0.0,0.0,0.0,0.0,0.0,0.0,0.0,0.0,0.0,0.0,3.5512917034271307,179.394952223838,179.394952223838,0.0,0.0,0.0,0.0,0.0,0.0,0.0,0.0,0.0,0.0,0.05918819505711884,0.0,180.49466888799924,0.0,0.0,180.49466888799924,0.0,0.0,0.0,10.548215088974112,-265.62225620853354,0.0,0.0,0.0,0.0,0.0,0.0,0.0,0.0,0.0,176.24203882134725,0.0,0.0,1.7756458517135654,1.7756458517135654,1000.0,-1000.0,0.0,78.81623609885763,0.0,0.0,0.0,0.0,0.0,909.4487341743823,0.0,1000.0,0.005918819505711884,0.0,0.0,0.0,7.816646702936217,0.0,0.0,0.0,0.0,0.0,0.0,0.0,0.0,0.0,0.0,0.0,0.0,0.0,0.0,0.0,0.0,0.0,0.005918819505711884,0.0,0.0,0.0,0.0,0.0,0.0,0.0,0.0,0.0,0.0,1000.0,0.0,0.0,-1000.0,-0.44391146292839134,-0.2959409752855945,0.0,0.0,0.0,0.0,0.0,0.0,0.0,0.0,0.0,0.0,0.0,0.0,179.394952223838,0.0,0.0,0.0,-362.34119615110313,0.0,0.0,0.0,-0.005918819505711884,0.0,0.0,0.005918819505711884,0.0,0.005918819505711884,0.0,0.0,0.0,3.5512917034271307,7.2209597969685,7.2209597969685,0.0,0.0,0.0,0.0,0.0,0.0,0.0,407.11679956183013,0.0,0.0,0.0,0.0,0.0,0.0,0.0,0.0,0.0,0.0,0.0,0.0,0.0,0.0,0.0,0.0,0.0,0.0,0.0,263.7971514537611,0.0,0.0,0.0,0.008878229258567827,0.0,0.0,0.0,-10.548215088974112,0.0,0.0,0.0,0.0,0.0,-399.2263425072928,0.2959409752855942,0.0,0.0,0.0,0.0,0.0,-481.585477305553,0.0,0.0,0.0,0.0,0.0,0.0,0.0,0.0,179.394952223838,0.0,265.62225620853354,351.1507445782811,94.81623609885763,0.0,470.9330356606878,-4.253695703365941,518.414522694447,0.0,0.0,-518.414522694447,135.41569426604948,-861.9255790461743,0.0,0.2959409752855945,976.9959161091003,0.0,0.0,-180.49466888799924,-181.17059807555134,0.0,0.0,0.0,0.0,0.0,-617.6475066616263,0.0,0.0,0.0,399.6702539702212,-400.55807689607786,7.2209597969685,0.0,0.0,0.0,180.49466888799924,0.0,0.0,0.0,0.0,0.0,180.6852548760832,0.0,0.0,0.0,-7.816646702936217,0.0,0.0,1.7756458517135654,0.0,0.0,0.0,0.0,-143.47248287921926,0.0,0.0,0.006510701456301796,0.0,0.0,0.0,3.61047989848425,0.0,0.0,0.0,0.0,435.77312162963017,0.0,0.0,0.0,0.0,0.0,0.0,0.0,0.0,0.0,0.0,0.0005918819505711884,0.0005918819505711884,0.0,0.0,0.0,0.0,0.0,0.0,0.0,0.0,0.0,0.0,180.49466888799924,0.0,0.0,0.0,0.0,399.2263425072928,0.0,0.0,0.0,0.0,0.0,0.0,0.0,0.0,0.0,0.0,0.0,0.0,390.6081999486234,0.0,409.009002093806,0.0,0.0,0.0,3.5512917034271307,0.0,0.0,0.0,0.0,0.0,0.0,-3.5512917034271307,0.0,0.0,0.0,0.0,0.0,0.0,0.0,0.0,0.0,180.49466888799924,180.49466888799924,0.0,-1000.0,-1000.0,4.054391361412462,-339.5784768406237,329.03026175164956,0.0,481.5618020275304,0.0,0.0,0.0,0.0,0.0,0.0,0.0,0.0,0.0,0.0,0.0,0.0,0.0,0.0,0.0,0.0,0.0,-0.7398524382139858,179.394952223838,-0.44391146292839134,400.11416543314954,0.0,0.0,0.0,0.0,0.0,-0.07398524382139855,0.0,316.5862923416008,0.0,0.0,0.0,0.0,0.0,0.0,0.0,1000.0,1.7756458517135654,1.7756458517135654,0.0,0.0,0.0,0.0,0.0,0.006510701456301796,399.2263425072928,0.0,0.0,-481.5618020275304,0.0,0.0,0.0,0.0,0.0,0.0,0.0,0.0,0.0,0.0,0.0,0.0,0.0,0.0,0.0,0.0,0.0,0.0,0.0,6.214760480997478,0.0,0.0,0.4557491019398148,0.0,0.0,0.0,399.2263425072928,0.0,481.2895363302674,0.0,0.0,0.0,-0.7398524382139858,0.0,0.0,0.0,0.0,0.0,0.0,0.0,0.0,0.0,0.0,0.0,0.0,0.0,0.0,0.0,0.0,0.0,0.0,-0.005918819505711884,0.0,0.0,0.2959409752855942,89.31858208792099,0.0,0.0,0.0,0.0,179.394952223838,0.0,0.0,0.0,0.5096103594418119,0.1479704876427971,0.0,0.0,0.0,0.005918819505711884,0.0,5.918819505711884,-1.8348340467706845,1.1837639011423768,0.04227728218365632,16.51350642093616,-0.004439114629283913,90.9676393522073,0.11837639011423769,-0.029594097528388374,-16.51350642093616,1.7756458517135654,-0.005918819505711884,1.417898567788647,78.81623609885763,0.001479704876427971,0.04227728218365632,-4.253695703365941,-0.9422760653093576,180.376292497885,-414.41962184484953,-0.005918819505711884,0.001479704876427971,-16.51350642093616,196.61172913370729,0.005918819505711884,0.005918819505711884,-399.2139129863308,0.006510701456283073,0.0,-0.004439114629283913,1.7756458517135654,0.005918819505711884,10.548215088974112,5.813159484404606,-0.002959409752855942,173.71050729965714,-85.0,-0.004439114629283913,-0.005918819505711884,-1.8348340467706845,0.005918819505711884,0.5918819505711884,-0.11837639011423769,263.7971514537611,263.7971514537611,-0.5918819505711781,414.41962184484953,-263.7971514537611,1.1837639011423768,0.008878229258567827,177.29947183353215,0.5918819505711884,-252.89366885283368,78.81623609885763,-1.1837639011423768,0.002959409752855942,0.05918819505711884,73.45423145326353,96.0,-0.005918819505711884,-400.55807689607786,399.2139129863308,1.8348340467706845,0.005918819505711884,0.9422760653093576,-133.07876372839326,78.81623609885763,-0.005918819505711884,-0.001479704876427971,-78.81623609885763,-0.005918819505711884,18.108106978825926,0.0059188195058368365,-0.001479704876427971,-0.001479704876427971,-0.001479704876427971,2.3675278022847537,-5.813159484404606,0.05918819505711884,336.2567369341962,-0.001479704876427971,145.4905643387384,0.2959409752855942,-8.758112514127369,0.005918819505711884,0.002959409752855942,0.002959409752855942,40.0,1.8348340467706843,0.005918819505711884,-1.8348340467706845,0.05918819505711884,0.005918819505711881,-1000.0,0.005918819505711884,0.02367527802260838,0.029594097528388374,0.002959409752855942,0.001479704876427971,1.7756458517135654,-0.005918819505711884,0.0,-90.1881462489425,-672.5134738683925,90.8196688645645,-0.5918819505711884,1.1837639011423768,0.2959409752855942,-0.005918819505711884,4.253695703365941,0.008878229258567827,-0.005918819505711881,-80.0,1.8348340467706843,214.33899947595074,0.002959409752855942,17.516225028254738,-0.005918819505711884,-0.0059188195058368365,-0.005918819505711884,0.002959409752855942,16.51350642093616,-1.1837639011423768,0.005918819505711884,146.90846290652706,-0.001479704876427971,-0.006510701456283073,-146.90846290652706,0.8878229258567826,85.0,-81.5399324006032,16.51350642093616,-0.004439114629283913,400.55807689607786,-96.0,0.005918819505711884,-0.001479704876427971,510.0971396079725,5.918819505711884,-0.002959409752855942,-0.005918819505711884,0.001479704876427971,350.17107713956227,0.0,-291.15815254678597,663.7432630658038,-46.0,0.0,159.89568994651717,-31.0,196.0198471831361,-32.0,-93.0,-65.0,-113.85572130350097,16.0,23.0,46.5,-196.0198471831361,15.5,-399.2263425072928,-70.86651659673147,113.85572130350097,65.0,-70.86651659673147,-159.89568994651717,146.19128586216962,0.0,1496.5981,hclb
151,0.0,0.0,0.0,0.0,0.0,0.0,0.0,0.0,0.0,0.0,0.0,0.0,0.0,0.0,0.0,0.0,-870.8143102885426,970.9109844160986,0.0,370.01640109235746,0.0,0.0,0.0,476.0570227623824,0.0,0.0,0.0,0.0,0.0,332.6871498260416,7.593095930472446,-7.593095930472446,0.0,0.0,0.0,0.0,0.0,1000.0,0.0,-1000.0,281.8687643842217,0.0,0.0,0.0,0.0,0.0,0.0,0.0,538.127160462501,-721.6390143945642,0.0,0.0,0.0,0.0,0.0,0.0,0.0,0.0,0.0,0.0,-145.287679746175,0.0,-710.5873576690869,-1000.0,0.0,0.0,0.0,0.0,312.95396855357603,0.0,0.0,0.0,0.0,0.0,0.0,0.0,0.0,0.0,0.0,0.0,0.0,0.0,358.3750186834644,0.0,0.0,0.0,190.79830196426374,0.0,-68.01408524258781,870.8143102885426,0.0,0.0,0.0,-717.975272026891,0.0,0.0,39.45884981476979,-491.28469326595285,0.0,0.0,554.2259289521359,321.35243291570407,332.6871498260416,0.0,0.0,-16.227057715372016,0.0,0.0,0.0,0.0,0.0,0.0,0.0,0.0,0.0,0.0,0.0,0.0,0.0,0.0,0.0,0.0,0.0,0.0,-496.4327139093708,0.0,0.0,39.45884981476979,0.0,0.0,0.0,0.0,-468.02242817426384,1000.0,-531.9775718257362,531.9775718257362,-144.12496258473803,0.0,0.0,0.0,0.0,0.0,0.0,0.0,0.0,-167.5767167192007,0.0,0.0,0.0,0.0,0.0,0.0,0.0,0.0,0.0,0.0,-188.3356138862208,0.0,0.0,0.0,0.0,0.0,294.3127235153697,294.3127235153697,0.0,0.0,0.0,93.75000000000001,0.0,0.0,0.0,301.90581944584216,0.0,0.0,0.0,0.0,-414.06249999999994,0.0,0.0,0.0,0.0,0.0,0.0,0.0,0.0,0.0,0.0,0.0,0.0,0.0,0.0,-1000.0,0.0,0.0,0.0,0.0,0.0,721.6390143945642,0.0,-802.8002250459548,802.8002250459548,144.12496258473803,0.0,0.0,0.0,0.0,0.0,0.0,0.0,-935.0,0.0,0.0,0.0,0.0,0.0,0.0,0.0,0.0,0.0,0.0,0.0,0.0,0.0,265.85567172376795,-3.541150185230208,0.0,0.0,0.0,0.0,0.0,85.0,0.0,0.0,0.0,0.0,-145.287679746175,0.0,7.593095930472446,0.0,0.0,0.0,0.0,0.0,0.0,0.0,7.593095930472446,0.0,39.45884981476979,0.0,0.0,734.786139803367,-264.67306458345377,0.0,0.0,0.0,0.0,144.12496258473803,0.0,0.0,0.0,0.0,216.1131860318256,0.0,0.0,-583.6404316774705,-1000.0,0.0,416.3595683225295,0.0,1000.0,-870.8143102885426,0.0,0.0,721.6390143945642,0.0,-229.124962584738,0.0,0.0,0.0,-779.2643374476226,0.0,779.2643374476226,0.0,-219.9699461843358,0.0,0.0,0.0,93.75000000000001,0.0,0.0,-145.287679746175,0.0,0.0,0.0,0.0,0.0,0.0,0.0,0.0,0.0,723.8230916700197,-870.8143102885426,0.0,-152.7311549595791,202.10023461162905,414.06249999999994,321.3276141989915,0.0,0.0,0.0,-16.227057715372016,0.0,0.0,0.0,748.3756498464531,0.0,-748.3756498464531,-332.6871498260416,-1000.0,0.0,0.0,0.0,0.0,0.0,0.0,0.0,0.0,0.0,0.0,0.0,0.0,0.0,0.0,0.0,0.0,0.0,0.0,0.0,-1000.0,0.0,0.0,491.28469326595285,0.0,131.94679792555826,0.0,167.5767167192007,0.0,195.85091026867144,0.0,0.0,321.35243291570407,0.0,0.0,-160.67621645785204,-523.5721776800499,-312.95396855357603,580.8729395528864,63.44645300307275,0.0,0.0,0.0,0.0,0.0,523.5721776800499,-63.44645300307275,0.0,0.0,24.704043384099975,0.0,0.0,39.45884981476979,0.0,0.0,0.0,0.0,0.0,0.0,0.0,-265.85567172376795,265.85567172376795,265.85567172376795,105.10023461162905,0.0,0.0,-50.519140262613234,0.0,0.0,0.0,0.0,0.0,-53.10371814856052,0.0,312.4999999999986,0.0,0.0,0.0,0.0,0.0,-43.0,0.0,0.0,0.0,0.0,0.0,0.0,0.0,0.0,0.0,0.0,312.95396855357603,0.0,0.0,0.0,0.0,0.0,0.0,0.0,0.0,0.0,0.0,0.0,7.593095930472446,361.85567172376795,0.0,0.0,0.0,0.0,0.0,1000.0,0.0,259.91976956408195,190.79830196426374,0.0,0.0,282.6575210148598,-1000.0,0.0,0.0,0.0,0.0,0.0,0.0,0.0,0.0,0.0,0.0,0.0,0.0,0.0,165.4775713031236,-723.8230916700197,0.0,0.0,190.79830196426371,0.0,0.0,-717.975272026891,-947.100234611629,0.0,282.6575210148598,0.0,365.0050900559153,-125.34756904105546,0.0,0.0,265.85567172376795,0.0,0.0,0.0,0.0,0.0,0.0,0.0,0.0,0.0,0.0,0.0,0.0,0.0,0.0,144.12496258473803,144.12496258473803,0.0,0.0,0.0,0.0,0.0,0.0,0.0,0.0,0.0,0.0,0.0,0.0,7.593095930472446,190.79830196426374,-190.79830196426374,7.593095930472446,0.0,0.0,0.0,39.45884981476979,0.0,0.0,0.0,0.0,0.0,0.0,0.0,0.0,0.0,0.0,870.2993309257901,0.0,0.0,0.0,0.0,1000.0,-1000.0,0.0,0.0,0.0,0.0,0.0,0.0,0.0,-1000.0,0.0,-494.47417163726135,0.0,0.0,0.0,0.0,0.0,4.126823103742936,0.0,717.975272026891,0.0,0.0,0.0,0.0,0.0,0.0,0.0,0.0,0.0,0.0,0.0,0.0,0.0,0.0,0.0,0.0,0.0,0.0,-632.7729675523206,632.7729675523206,0.0,0.0,0.0,0.0,0.0,854.712320253825,0.0,0.0,-1000.0,0.0,0.0,0.0,0.0,0.0,0.0,0.0,0.0,0.0,0.0,0.0,0.0,0.0,0.0,144.12496258473803,414.06249999999994,0.0,0.0,24.704043384099975,0.0,0.0,0.0,0.0,0.0,0.0,0.0,0.0,0.0,0.0,0.0,0.0,0.0,0.0,0.0,0.0,0.0,0.0,0.0,0.0,0.0,195.85091026867144,0.0,0.0,0.0,0.0,0.0,0.0,748.3756498464531,0.0,0.0,0.0,0.0,0.0,0.0,0.0,0.0,0.0,0.0,0.0,0.0,0.0,229.12496258473803,0.0,0.0,0.0,0.0,0.0,0.0,0.0,-39.45884981476979,0.0,0.0,0.0,0.0,0.0,-361.85567172376795,0.0,0.0,0.0,0.0,-93.75000000000001,0.0,-1000.0,0.0,0.0,312.4999999999986,0.0,0.0,0.0,0.0,0.0,144.12496258473803,0.0,0.0,683.6743213486377,96.0,0.0,65.0,-12.100234611629048,0.0,-832.4232832807993,195.85091026867144,636.5723730121279,0.0,0.0,0.0,0.0,809.2016980357362,0.0,0.0,-7.593095930472446,-434.700322077088,0.0,0.0,0.0,0.0,0.0,0.0,0.0,0.0,0.0,0.0,0.0,0.0,0.0,-215.31477289940526,-215.31477289940526,222.9078688298777,0.0,0.0,0.0,0.0,0.0,7.593095930472446,0.0,0.0,361.85567172376795,-312.95396855357603,-1000.0,0.0,0.0,190.79830196426374,0.0,0.0,0.0,-206.01741945520087,0.0,0.0,0.0,0.0,0.0,0.0,0.0,0.0,0.0,0.0,0.0,-3.541150185230208,0.0,0.0,0.0,0.0,0.0,0.0,0.0,0.0,358.80432266663905,0.0,0.0,0.0,0.0,0.0,0.0,0.0,0.0,0.0,0.0,0.0,0.0,0.0,7.593095930472446,0.0,0.0,0.0,0.0,361.85567172376795,0.0,0.0,0.0,0.0,0.0,0.0,0.0,721.6390143945642,0.0,0.0,0.0,381.5966039285275,-833.4850590222268,0.0,970.9109844160986,0.0,0.0,0.0,0.0,0.0,0.0,0.0,0.0,0.0,-580.0982788568433,580.0982788568433,0.0,381.5966039285275,0.0,0.0,0.0,0.0,0.0,0.0,0.0,7.593095930472446,7.593095930472446,0.0,494.47417163726135,-1000.0,748.3756498464531,-1000.0,960.5411501852302,0.0,1000.0,0.0,0.0,0.0,0.0,0.0,0.0,0.0,0.0,0.0,0.0,0.0,0.0,0.0,0.0,0.0,0.0,0.0,0.0,144.12496258473803,-321.35243291570407,748.3756498464531,0.0,0.0,0.0,0.0,0.0,0.0,0.0,53.10371814856052,0.0,0.0,0.0,0.0,0.0,0.0,0.0,1000.0,0.0,0.0,0.0,0.0,0.0,0.0,0.0,0.0,361.85567172376795,0.0,0.0,-1000.0,0.0,0.0,0.0,0.0,0.0,0.0,0.0,0.0,0.0,0.0,0.0,0.0,0.0,0.0,0.0,0.0,0.0,0.0,0.0,0.0,0.0,0.0,386.64921223293516,0.0,0.0,0.0,361.85567172376795,0.0,1000.0,0.0,0.0,0.0,0.0,0.0,0.0,0.0,0.0,0.0,0.0,0.0,0.0,0.0,0.0,0.0,0.0,0.0,0.0,0.0,0.0,0.0,0.0,0.0,0.0,0.0,0.0,-282.6575210148598,0.0,0.0,0.0,0.0,144.12496258473803,0.0,0.0,0.0,-748.3756498464531,0.0,0.0,0.0,0.0,0.0,0.0,0.0,0.0,0.0,0.0,0.0,0.0,160.67621645785204,0.0,0.0,0.0,0.0,0.0,5.409019238457339,0.0,0.0,0.0,-16.227057715372016,-190.79830196426371,7.593095930472458,-470.1130752199135,0.0,0.0,0.0,0.0,0.0,0.0,-361.85567172376795,-190.79830196426374,-6.419061465513067,0.0,0.0,0.0,39.45884981476979,39.45884981476979,0.0,227.2087907824779,-85.0,0.0,0.0,0.0,0.0,0.0,0.0,229.12496258473803,229.12496258473803,0.0,470.1130752199135,-229.12496258473803,0.0,0.0,-88.57304923864888,0.0,-165.4775713031236,0.0,0.0,0.0,0.0,38.182788739894775,96.0,0.0,-361.85567172376795,361.85567172376795,0.0,0.0,190.79830196426371,-39.458849814769906,0.0,0.0,0.0,0.0,0.0,-43.0,0.0,0.0,0.0,0.0,0.0,-39.45884981476979,0.0,0.0,0.0,70.95655824133222,0.0,21.5,0.0,0.0,0.0,0.0,0.0,0.0,0.0,0.0,0.0,0.0,0.0,0.0,0.0,0.0,0.0,0.0,0.0,6.419061465513067,-3.796547965236229,0.0,160.67621645785204,0.0,0.0,0.0,0.0,16.227057715372016,0.0,0.0,0.0,0.0,305.4607249285707,0.0,-43.0,0.0,0.0,0.0,0.0,0.0,0.0,0.0,76.36557747978955,0.0,190.79830196426374,-76.36557747978955,0.0,85.0,-385.51051580060494,0.0,0.0,361.85567172376795,-96.0,0.0,0.0,0.0,0.0,0.0,0.0,0.0,1000.0,0.0,88.57304923864888,0.0,204.2230200411804,0.0,736.0282846906758,-12.10023461162908,0.0,-32.0,-93.0,-65.0,0.0,16.0,-102.1115100205902,46.5,0.0,6.05011730581454,-361.85567172376795,-99.44330547336983,0.0,65.0,-99.44330547336983,-736.0282846906758,387.74356725272287,0.0,1496.5981,hclb
152,0.0,0.0,0.0,0.0,0.0,0.0,0.0,0.0,87.03050828971533,0.0,0.0,0.0,0.0,0.0,0.0,0.0,106.19905102385394,1000.0,0.0,-736.0379542743129,0.0,0.0,0.0,0.0,0.0,0.0,0.0,0.0,0.0,0.0,127.55577317305637,-127.55577317305637,30.876084163068864,0.0,0.0,0.0,0.0,499.90746056529593,0.0,-1000.0,1000.0,0.0,-893.8009489761461,-683.9529111338054,0.0,0.0,0.0,174.62324687426465,-1000.0,-833.107996856158,0.0,0.0,0.0,0.0061677565893377305,0.0,0.0,0.0,57.835762436888,0.0,0.0,-72.67801481133453,0.0,853.3620996346734,690.7935138965192,1000.0,0.0,0.0,0.0,0.0,999.5478313513404,0.0,0.05607051444847442,0.0,0.0,0.0,0.0,0.0,0.0,0.0,1000.0,0.0,0.0,0.0,0.0,3.364230866908465,0.0,59.62915306534604,689.516253716448,0.0,583.3172026925942,-0.0014017628612118603,0.0,0.0,174.32425873089002,1.6821154334542325,0.0,6.6397707169822615,0.0,488.3343747595913,0.0,0.0,999.8598237138788,0.0,0.0,0.0,0.0,0.0,1000.0,0.0,0.0,0.0,0.0,0.0,0.0,0.0,0.0,0.0,0.0,0.0,0.0,0.0,0.0,0.0,0.0,-813.9155339073909,0.0,0.0,6.6397707169822615,0.0,1.738185947902707,1.738185947902707,0.0,-115.15316188535945,115.15316188535945,0.0,0.0,0.0,0.0,0.0,-89.89057092681962,0.0,0.0,0.0,0.0,0.0,60.060896026599174,0.005607051444847441,0.0,0.0,0.0,0.0,0.0,0.0,0.0,0.0,0.0,-207.66663557853263,0.0,0.0,0.0,0.0,0.0,398.0403569531498,398.0403569531498,0.0,0.0,0.0,-968.75,-544.0668861437705,0.0,0.0,525.601737177651,0.0,0.0,0.0,0.0,0.0,0.0,0.0,0.0,0.0,0.0,0.0,0.0,0.0,0.0,0.0,0.0,0.0,0.0,0.0,-1000.0,0.0,0.0,0.0,0.0,0.0,833.107996856158,893.8009489761461,-583.3172026925942,583.3172026925942,89.89057092681962,0.0,0.0,0.0,0.0,0.0,0.0,0.0,213.384175232791,0.0,0.0,0.0,0.0,0.0,0.0,0.0,0.0,0.0,0.0,0.0,0.0,0.0,286.0963265160715,-35.799524138532995,0.0,0.0,0.0,0.0,0.0,84.43368780407042,0.0,0.0,0.0,0.0,-72.67801481133453,683.9529111338054,127.55577317305637,0.0,0.0,0.0,0.0,0.0,0.0,0.0,130.78688155313705,117.90889472634615,4.9576552835280285,0.0,689.5078431392808,379.0240968557289,0.0,0.0,0.0,0.0,0.0,89.89057092681962,0.0,0.0,0.0,0.0,334.95150538950685,0.0,0.0,-1000.0,0.0,0.0,-1000.0,0.0,0.0,-583.3172026925942,0.0,-8.871410683355293,833.107996856158,0.0,-155.20421330396024,0.0,0.0,0.0,-1000.0,0.0,1000.0,0.0,729.6711070163017,0.0,0.0,0.0,-968.75,0.0,0.0,-72.67801481133453,-0.008410577167271161,0.0,0.0,0.0,0.0,0.005607051444847441,0.0,0.0,0.0,688.2490889989906,106.19905102385394,0.0,0.0,-27.445974173608434,0.0,1000.0,0.0,1000.0,0.0,0.0,0.0,0.0,0.0,378.95497854458273,-1000.0,-378.95497854458273,498.2265796097118,-111.49196173615103,0.0,0.0,0.0,0.0,0.0,0.0,0.0,0.0,0.0,0.0,0.0,0.0,0.0,0.0,0.0,0.0,0.0,57.73631151831307,0.0,-578.4161807858271,0.0,136.22260353306484,3.050561323556593,0.0,0.0,1000.0,-63.29200440667998,0.0,488.3343747595913,0.0,136.40431579028174,999.5794711416364,551.5312045370563,1000.0,0.0,-603.395657836044,448.4687954629438,0.0,0.0,855.5630223098298,-1000.0,-1000.0,-547.9872918866073,1000.0,603.2554815499228,-0.28035257224237203,-209.51004730656157,0.0,677.8439624408188,-958.7051821092027,184.05712312681356,6.6397707169822615,0.0,0.0,0.0,0.0,0.0,87.03611534116017,0.0,-286.0963265160715,286.0963265160715,286.0963265160715,-122.19754654422461,0.0,0.0,-382.96804313757843,0.0,0.0,0.0,0.0,0.0,-115.98829441879661,0.0,687.5000000001602,6.6397707169822615,0.0,0.0,0.0,0.0,-42.43929485551526,0.01121410288988045,0.0,0.0,0.0,0.0,0.0,0.0,0.0,0.0,0.0,999.5478313513404,0.0,0.0,0.0,0.0,0.0,0.0,0.0,0.0,0.0,0.0061677565893377305,0.0061677565893377305,127.55577317305637,380.974916227102,0.0,3.364230866908465,0.0,0.0,0.0,101.34475045279189,0.0,280.2869566387061,59.62915306534604,0.0,0.0,-90.41913770851215,-101.34475045279189,0.0,0.0,330.6827109109795,0.0,0.0,6.6397707169822615,0.0,0.0,0.0,0.0,0.0,0.0,0.0,271.3051779691303,-688.2490889989906,0.0,47.917203743546715,60.060896026599174,0.0,0.0,174.32425873089002,0.0,0.0,-90.41913770851215,0.0,-132.85843256402723,0.0,0.0,0.0,286.0963265160715,0.0,0.0,0.0,0.0,0.0,0.0,0.0,0.0,0.0,0.0,0.0,0.0,0.0,3.364230866908465,89.89057092681962,89.89057092681962,0.0,0.0,0.0,0.0,0.0,0.0,0.0,0.0,0.0,0.0,0.05607051444847442,0.0,127.55577317305637,59.62915306534604,-59.62915306534604,127.55577317305637,893.8009489761461,0.0,0.0,6.6397707169822615,-330.6827109109795,0.0,0.0,0.0,47.917203743546715,0.0,0.0,0.0,0.0,0.0,-374.52566717923906,0.0,0.0,1.6821154334542325,1.6821154334542325,-150.20646695236644,-101.34475045279189,0.0,6.6397707169822615,0.0,0.0,0.0,0.0,0.0,501.7734203902882,0.0,1000.0,0.005607051444847441,0.0,0.0,-971.6343634697979,972.0865321184574,0.0,0.0,-174.32425873089002,0.0,0.0,0.0,0.0,0.0,0.0,0.0,0.0,0.0,0.0,0.0,0.0,0.0,0.0,0.005607051444847441,0.0,0.0,0.0,0.0,0.0,0.0,0.0,0.0,136.22260353306484,0.0,428.0929316764679,0.0,0.0,-636.1524923041402,-0.420528858363582,-0.28035257224237203,0.0,0.0,0.0,0.0,0.0,0.0,0.0,0.0,0.0,0.0,0.0,0.0,89.89057092681962,0.0,0.0,0.0,862.1814381398748,0.0,0.0,0.0,87.03050828971533,0.0,0.0,0.005607051444847441,0.0,0.005607051444847441,0.0,0.0,0.0,3.364230866908465,6.840602762713879,6.840602762713879,0.0,0.0,0.0,0.0,0.0,0.0,0.0,0.0,0.0,0.0,0.0,0.0,379.4377456739841,0.0,0.0,0.0,0.0,0.0,0.0,0.0,0.0,0.0,0.0,0.0,0.0,0.0,0.0,174.32425873089002,0.0,-903.9749500232925,903.9749500232925,0.008410577167271161,0.0,0.0,0.0,-6.6397707169822615,0.0,0.0,0.0,0.0,0.0,-380.974916227102,0.28035257224237203,0.0,0.0,0.0,968.75,544.0668861437705,63.29200440667998,0.0,0.0,687.5000000001602,0.0,0.0,0.0,0.0,0.0,89.89057092681962,0.0,330.6827109109795,0.0,94.87858971103051,0.0,63.878589711030514,0.0,0.0,0.0,488.3343747595913,-488.3343747595913,0.0,-6.840602762713879,0.0,0.28035257224237203,1000.0,0.0,45.77897950908198,-127.55577317305637,-235.24660054948868,0.0,0.0,215.0279816133641,-215.0279816133641,0.0,0.0,0.0,0.0,0.0,-0.841057716727117,0.0,6.840602762713879,0.0,127.55577317305637,127.55577317305637,0.0,0.0,0.0,0.0,0.0,0.0,130.78688155313705,0.0,0.0,382.2365028021927,-1000.0,295.6449463428542,-893.8009489761461,1.6821154334542325,59.62915306534604,0.0,0.0,0.0,-363.697607786436,0.0,0.0,0.0061677565893377305,0.0,0.0,0.0,3.4203013813569396,0.0,0.0,0.0,0.0,-35.799524138532995,0.0,0.0,0.0,0.0,0.0,0.0,0.0,0.0,439.91697297863027,0.0,1000.0,0.0005607051444847602,0.0,0.0,0.0,0.0,0.0,0.0,0.0,0.0,0.0,-971.6343634697979,127.55577317305637,0.0,0.0,0.0,0.0,380.974916227102,0.0,0.0,0.0,0.0,0.0,0.0,0.0,833.107996856158,0.0,0.0,0.0,119.25830613069208,0.0,-638.7103139338143,1000.0,0.0,0.0,0.0,3.364230866908465,0.0,0.0,0.0,0.0,0.0,525.9193919018953,-529.2836227688038,0.0,119.25830613069208,0.0,0.0,0.0,0.0,0.0,0.0,0.0,127.55577317305637,127.55577317305637,0.0,-111.49196173615103,1000.0,383.2785759137045,528.3024153914604,-534.9421861084427,0.0,636.1300640983608,0.0,0.0,0.0,0.0,0.0,0.0,0.0,0.0,0.0,0.0,0.0,0.0,0.0,0.0,0.0,0.0,0.0,-0.7008814306059321,89.89057092681962,-1000.0,379.0172168156205,0.0,0.0,0.0,0.0,0.0,-0.07008814306059302,0.0,115.98829441879661,0.0,0.0,0.0,0.0,0.0,0.0,0.0,1000.0,1.6821154334542325,1.6821154334542325,0.0,0.0,0.0,0.0,1000.0,0.0061677565893377305,380.974916227102,0.0,0.0,-636.1300640983608,999.9994392948555,0.0,0.0,0.0,0.0,0.0,0.0,0.0,0.0,0.0,0.0,0.0,0.0,0.0,451.98747501164627,0.0,0.0,1.738185947902707,0.0,5.887404017089814,60.060896026599174,0.0,0.0,0.0,0.0,0.0,380.974916227102,0.0,-60.521795655365736,0.0,0.0,0.0,-0.7008814306059321,0.0,0.0,0.0,0.0,0.0,0.0,0.0,0.0,0.0,0.0,0.0,0.0,0.0,0.0,0.0,0.0,0.0,0.0,-0.005607051444847441,0.0,0.0,0.28035257224237203,90.41913770851215,0.0,0.0,0.0,0.0,89.89057092681962,0.0,0.0,0.0,-378.95497854458273,0.14017628612118602,0.0,0.0,0.0,0.005607051444847441,0.0,5.607051444847441,0.0,1.1214102889694881,0.040050367463196006,19.120045426929778,-0.004205288583635581,500.07008814306056,0.11214102889694882,-0.028035257224267283,-19.120045426929778,1.6821154334542323,-0.005607051444847442,0.0,6.6397707169822615,0.0014017628612118603,0.040050367463196006,0.0,-60.521795655365736,127.44363214415942,-370.161096749541,-0.005607051444847441,0.0014017628612118603,-19.120045426929778,0.5607051444847441,0.005607051444847442,0.005607051444847441,-380.9631414190679,-59.62298530875672,-73.31537901858417,-0.004205288583635581,1.6821154334542325,0.005607051444847441,6.639770716982262,2.1541295611043076,-0.0028035257224237205,280.9820145971168,-85.0,-0.004205288583635581,-0.005607051444847441,0.0,0.005607051444847441,0.5607051444847441,-0.11214102889694882,174.32425873089002,174.32425873089002,-0.5607051444847441,370.161096749541,-174.32425873089002,1.1214102889694881,0.008410577167271161,154.2171225713181,0.5607051444847441,-271.3051779691303,6.6397707169822615,-1.1214102889694881,0.0028035257224237205,0.05607051444847442,0.0,96.0,-0.005607051444847441,-382.2365028021927,380.9631414190679,1.738185947902707,0.005607051444847441,60.521795655365736,-5.046346300362459,6.6397707169822615,-0.005607051444847441,-0.0014017628612118603,-6.6397707169822615,-0.005607051444847441,-42.43929485551526,0.005607051444847441,-0.0014017628612118603,-0.0014017628612118603,-0.0014017628612118603,2.2428205779389763,-2.1541295611043076,0.05607051444847442,4.1541242392020195,-0.0014017628612118603,0.0,0.28035257224237203,21.5,0.005607051444847441,0.0028035257224237205,0.0028035257224237205,3.880590502975875,0.0,0.005607051444847441,0.0,0.05607051444847442,0.005607051444847441,-4.1541242392020195,0.005607051444847441,0.022428205779362997,0.028035257224267283,0.0028035257224237205,0.0014017628612118603,1.6821154334542325,-0.005607051444847441,73.31537901858417,-63.72181607207971,-8.308248478404039,499.92991185693944,-0.5607051444847441,1.1214102889694881,0.28035257224237203,-0.005607051444847441,0.0,0.008410577167271161,-0.005607051444847441,-7.76118100595175,0.0,933.1027002853143,0.0028035257224237205,-43.0,-0.005607051444847441,-0.005607051444847441,-0.005607051444847441,0.0028035257224237205,19.120045426929778,-1.1214102889694881,0.005607051444847441,0.0,-0.0014017628612118603,59.62298530875672,0.0,0.8410577167271162,85.0,-459.2567145325315,19.120045426929778,-0.004205288583635581,382.2365028021927,-96.0,0.005607051444847441,-0.00140176286121186,136.68466836252412,5.607051444847441,-0.0028035257224237205,-0.005607051444847441,0.0014017628612118603,847.5150660166836,0.0,-154.2199260970405,0.0,-46.0,0.0,622.4828653687508,-31.0,0.0,-32.0,121.07613625525512,-65.0,0.0,16.0,23.0,-60.53806812762756,0.0,15.5,-380.974916227102,-569.4050924988783,0.0,65.0,-569.4050924988783,-622.4828653687508,313.48425326231427,0.0,1496.5981,hclb
153,0.0,0.0,0.0,0.0,0.0,0.0,0.0,0.0,-0.019410122746449966,0.0,0.0,0.0,0.0,0.0,0.0,0.0,1000.0,-316.03832847253045,0.0,-186.55413923170403,0.0,0.0,0.0,780.4817796386762,0.0,370.7707988846645,0.0,0.0,0.0,0.0,5.088996583989731,-5.088996583989731,8.550121949500095,0.0,0.0,0.0,0.0,942.893017138325,0.0,-1000.0,1000.0,0.0,0.0,780.5091460927994,0.0,0.0,0.0,0.0,-814.5728999999141,0.0,0.0,0.0,0.0,0.021351135021120626,0.0,0.0,0.0,3.882024549289993,0.0,0.0,-129.56222096381543,0.0,-687.0839047488778,-1000.0,0.0,0.0,0.0,0.0,564.6440967091503,-381.29022242184357,0.0,0.19410122746449968,0.0,0.0,0.0,0.0,0.0,0.0,0.0,0.0,0.0,0.0,0.0,0.0,11.646073647869981,0.0,187.27446205505046,1000.0,-961.7588454296947,147.18594542978053,-0.0048525306866124916,0.0,0.0,-844.8112956432535,5.823036823934991,0.0,6.38156334397712,-5.714002536425369,0.0,0.0,0.0,790.1194006682708,0.0,0.0,0.0,-22.020914337803333,0.0,0.0,0.0,0.0,0.0,0.0,0.0,0.0,0.0,0.0,0.0,0.0,0.0,0.0,0.0,0.0,0.0,0.0,-1000.0,0.0,0.0,6.38156334397712,0.0,6.01713805139949,0.0,0.0,-256.2290274225999,0.0,256.2290274225999,-256.2290274225999,-183.35387428730672,0.0,0.0,0.0,0.0,0.0,0.0,0.0,0.0,188.76904150652712,0.019410122746449966,0.0,0.0,0.0,-1000.0,1000.0,0.0,0.0,0.0,0.0,-338.450490374095,0.0,0.0,0.0,0.0,0.0,629.822908305921,629.822908305921,0.0,0.0,0.0,0.0,1000.0,0.0,0.0,634.9313150126573,0.0,0.0,0.0,0.0,-322.32318731374176,0.0,0.0,0.0,0.0,0.0,0.0,0.0,0.0,0.0,-1000.0,0.0,0.0,0.0,0.0,-605.9612895581711,0.0,0.0,0.0,0.0,0.0,0.0,0.0,814.5728999999141,-814.5728999999141,0.0,0.0,0.0,0.0,0.0,0.0,0.0,0.0,-941.3082898925962,0.0,0.0,0.0,0.0,0.0,0.0,0.0,0.0,0.0,0.0,0.0,0.0,0.0,0.5458387450331657,-34.67742438137788,-185.42710000008594,0.0,0.0,0.0,0.0,8.331818899406537,0.0,0.0,0.0,0.0,-129.56222096381543,-965.9362460928854,5.088996583989731,0.0,0.0,0.0,0.0,0.0,0.0,0.0,0.0,0.0,0.5585265200421299,0.0,776.3317454296088,-1000.0,1000.0,0.0,185.42710000008594,0.0,0.0,183.35387428730672,-976.3196502493311,0.0,0.0,0.0,-157.55957209142218,0.0,0.0,-1000.0,-1000.0,0.0,0.0,0.0,1000.0,-147.18594542978053,0.0,126.55333229559363,0.0,0.0,45.82242356318886,0.0,0.0,0.0,1000.0,0.0,-1000.0,0.0,701.7868407193376,183.35387428730672,0.0,889.8139103122605,0.0,0.0,0.0,-129.56222096381543,-0.029115184119674946,0.0,0.0,0.0,0.0,0.019410122746449966,0.0,0.0,0.0,591.2479073147874,1000.0,0.0,-14.680609558535554,-444.83392975125673,322.32318731374176,746.9097136059604,0.0,870.9860773094595,0.0,-22.020914337803333,0.0,0.0,0.0,445.21546567103,-316.2015429804894,-1000.0,0.0,-1000.0,0.0,0.0,0.0,0.0,0.0,0.0,0.0,0.0,0.0,0.0,0.0,0.0,0.0,0.0,0.0,0.0,0.0,-57.02934237068945,0.0,-1000.0,0.0,0.0,0.0,0.0,0.0,0.0,-183.6800449225375,0.0,0.0,0.0,0.0,789.1488945309483,751.5574462713392,0.0,-269.92331280016197,0.0,-1000.0,-757.5872060276976,-0.9705061373224982,785.1876741032764,-258.2100816208707,0.0,-125.62164060263467,-1000.0,-0.4852530686612491,0.0,-104.02644539683496,0.0,1000.0,797.5300661287766,-814.5392224372414,6.38156334397712,0.0,0.0,0.0,645.1893603184436,0.0,0.0,790.573315069112,790.0274763240789,-790.0274763240789,-790.0274763240789,-534.0504705299303,0.0,0.0,-628.7177321173247,0.0,0.0,0.0,0.0,0.0,-67.92939210483661,0.0,0.0,259.4718497380167,0.0,0.0,0.0,0.0,-41.058987725355,0.03882024549295693,0.0,0.0,0.0,0.0,0.0,0.0,0.0,0.0,0.0,0.0,0.0,0.0,0.0,0.0,0.0,0.0,0.0,0.0,0.0,0.021351135021120626,0.021351135021120626,5.088996583989731,92.66381419574317,0.0,11.646073647869981,0.0,0.0,0.0,1000.0,0.0,154.0003689300759,187.27446205505046,0.0,0.0,-401.63682458297666,-1000.0,0.0,0.0,0.0,0.0,0.0,259.4718497380167,0.0,0.0,0.0,0.0,0.0,0.0,0.0,333.3333333333333,-591.2479073147874,0.0,0.0,188.76904150652712,0.0,0.0,-844.8112956432535,-853.1431145426601,0.0,-401.63682458297666,0.0,-720.2371087644232,277.5412964560915,0.0,0.0,0.5458387450331657,0.0,0.0,0.0,0.0,0.0,0.0,0.0,0.0,0.0,0.0,0.0,0.0,0.0,11.646073647869981,183.35387428730672,183.35387428730672,0.0,0.0,0.0,0.0,0.0,0.0,0.0,0.0,0.0,0.0,0.19410122746449968,0.0,5.088996583989731,187.27446205505046,-187.27446205505046,5.088996583989731,0.0,0.0,0.0,6.38156334397712,0.0,0.0,0.0,0.0,0.0,0.0,0.0,0.0,0.0,0.0,0.0,0.0,0.0,5.823036823934991,5.823036823934991,1000.0,-1000.0,0.0,259.4718497380167,0.0,0.0,0.0,0.0,0.0,-1000.0,0.0,-842.1978013742472,0.019410122746449966,0.0,0.0,0.0,25.633839961365247,0.0,0.0,844.8112956432535,0.0,-183.35387428730672,0.0,0.0,0.0,0.0,0.0,0.0,0.0,0.0,0.0,0.0,0.0,0.0,0.019410122746449966,0.0,0.0,0.0,432.0949120584919,-432.0949120584919,0.0,0.0,0.0,0.0,-183.6800449225375,0.0,0.0,0.0,-942.9706576293106,-1.4557592059837816,-0.9705061373224982,0.0,0.0,0.0,0.0,0.0,0.0,0.0,0.0,0.0,0.0,0.0,0.0,183.35387428730672,322.32318731374176,0.0,0.0,186.4312837000811,0.0,0.0,0.0,-0.019410122746449966,0.0,0.0,0.019410122746449966,0.0,0.019410122746449966,0.0,0.0,0.0,11.646073647869981,23.68034975066896,23.68034975066896,0.0,0.0,0.0,0.0,0.0,0.0,0.0,0.0,0.0,0.0,0.0,0.0,0.0,446.88667723949936,0.0,0.0,0.0,0.0,0.0,0.0,0.0,0.0,0.0,0.0,0.0,0.0,0.0,8.331818899406537,0.0,-550.6742217863747,550.6742217863747,0.029115184119674946,0.0,0.0,0.0,-6.38156334397712,0.0,0.0,0.0,0.0,0.0,-92.66381419574317,0.9705061373224982,0.0,0.0,0.0,0.0,-1000.0,0.0,0.0,0.0,0.0,0.0,0.0,0.0,0.0,0.0,183.35387428730672,0.0,0.0,0.0,92.11797545071,0.0,61.117975450710006,-22.020914337803333,0.0,0.0,0.0,0.0,0.0,-1000.0,0.0,0.9705061373224982,1000.0,0.0,381.43123163525786,-5.088996583989731,-442.47831621493754,0.0,0.0,968.436879792721,-968.436879792721,0.0,0.0,0.0,0.0,0.0,997.0884815880327,0.0,23.68034975066896,0.0,-145.944318698217,-145.944318698217,151.0333152822067,0.0,0.0,0.0,0.0,0.0,0.0,0.0,0.0,97.03109181369439,-25.633839961365247,0.0,0.0,5.823036823934991,187.27446205505046,0.0,0.0,0.0,-313.78493975822624,0.0,0.0,0.021351135021120626,0.0,0.0,0.0,11.84017487533448,0.0,0.0,0.0,0.0,-34.67742438137788,0.0,0.0,0.0,0.0,0.0,0.0,0.0,0.0,0.0,0.0,0.0019410122746450521,0.0019410122746450521,0.0,0.0,0.0,0.0,0.0,0.0,0.0,0.0,0.0,0.0,5.088996583989731,0.0,0.0,0.0,0.0,92.66381419574317,0.0,0.0,0.0,0.0,0.0,0.0,0.0,0.0,0.0,0.0,0.0,374.5489241101009,125.42629306397555,1000.0,-316.03832847253045,0.0,0.0,0.0,11.646073647869981,0.0,0.0,0.0,0.0,0.0,0.0,-11.646073647869981,0.0,374.5489241101009,0.0,0.0,0.0,0.0,0.0,0.0,0.0,5.088996583989731,5.088996583989731,0.0,723.4804148603924,-1000.0,460.1826113208176,647.5464761636941,-653.9280395076712,0.0,942.893017138325,0.0,0.0,0.0,0.0,0.0,0.0,0.0,0.0,0.0,828.125,0.0,-828.125,-828.125,0.0,0.0,0.0,0.0,-2.4262653433062797,183.35387428730672,-790.604653736932,445.43091803351564,0.0,0.0,0.0,0.0,0.0,937.1580164052086,-937.4006429395392,67.92939210483661,0.0,0.0,0.0,0.0,0.0,0.0,0.0,881.2826134861452,5.823036823934991,5.823036823934991,0.0,0.0,0.0,0.0,0.0,0.021351135021120626,92.66381419574317,0.0,0.0,-942.893017138325,0.0,0.0,0.0,0.0,0.0,0.0,0.0,0.0,0.0,0.0,0.0,0.0,0.0,0.0,89.9517114508551,0.0,0.0,0.0,0.0,20.380628883772467,0.0,0.0,188.76904150652712,0.0,0.0,0.0,92.66381419574317,0.0,-6.684508673747867,0.0,0.0,0.0,-2.4262653433062797,0.0,0.0,0.0,0.0,0.0,0.0,0.0,0.0,0.0,0.0,0.0,0.0,0.0,0.0,0.0,0.0,0.0,0.0,-0.019410122746449966,0.0,0.0,0.9705061373224982,401.63682458297666,0.0,0.0,0.0,0.0,183.35387428730672,0.0,0.0,0.0,-445.21546567103,0.4852530686612491,0.0,0.0,370.7707988846645,0.019410122746449966,0.0,19.410122746449964,-6.01713805139949,3.882024549289993,0.13864373390321402,54.15424246259541,-0.014557592059837473,395.54495340279664,0.3882024549289993,-0.09705061373199442,-54.15424246259541,5.82303682393499,-0.019410122746449966,7.340304779267777,259.4718497380167,0.0048525306866124916,0.13864373390321402,-22.020914337803333,-190.36455359628536,4.7007941290607125,-497.40753229576546,-0.019410122746449966,0.0048525306866124916,-54.15424246259541,1.9410122746449965,0.019410122746449966,0.019410122746449966,-92.6230529379756,-187.25311092002937,-5.567280999248439,-0.014557592059837473,5.823036823934991,0.019410122746449966,6.38156334397712,-9.146534853182853,-0.009705061373224983,388.05960004895013,-10.292241296797982,-0.014557592059837473,-0.019410122746449966,-6.01713805139949,0.019410122746449966,1.9410122746449965,-0.3882024549289993,8.331818899406537,8.331818899406537,-1.9410122746449965,497.40753229576546,-8.331818899406537,3.882024549289993,0.029115184119674946,-1000.0,1.9410122746449965,-333.3333333333333,259.4718497380167,-3.882024549289993,0.009705061373224983,0.19410122746449968,3.6701523896338886,96.0,-0.019410122746449966,-97.03109181369439,92.6230529379756,6.01713805139949,0.019410122746449966,190.36455359628536,235.62117592223456,259.4718497380167,-0.019410122746449966,-0.0048525306866124916,-259.4718497380167,-0.019410122746449966,-41.058987725355,0.019410122746449966,-0.0048525306866124916,-0.0048525306866124916,-0.0048525306866124916,7.764049098579986,9.146534853182853,0.19410122746449968,199.7930170978017,-0.0048525306866124916,0.0,0.9705061373224982,21.5,0.019410122746449966,0.009705061373224983,0.009705061373224983,40.0,6.01713805139949,0.019410122746449966,-6.01713805139949,0.19410122746449968,0.019410122746449966,-570.6181019138538,0.019410122746449966,0.07764049098561543,0.09705061373199442,0.009705061373224983,0.0048525306866124916,5.823036823934991,-0.019410122746449966,5.567280999248439,-2.3503970645303562,-399.5860341956034,395.0597003341354,-1.9410122746449965,3.882024549289993,0.9705061373224982,-0.019410122746449966,22.020914337803333,0.029115184119674946,-0.019410122746449966,-80.0,6.01713805139949,363.68691091892583,0.009705061373224983,-43.0,-0.019410122746449966,-0.019410122746449966,-0.019410122746449966,0.009705061373224983,54.15424246259541,-3.882024549289993,0.019410122746449966,7.340304779267777,-0.0048525306866124916,187.25311092002937,-7.340304779267777,2.9115184119674944,10.292241296797984,689.6501281239089,54.15424246259541,-0.014557592059837473,97.03109181369439,-96.0,0.019410122746449966,-0.0048525306866124916,0.9705061373224982,19.410122746449964,-0.009705061373224983,-0.019410122746449966,0.0048525306866124916,363.1099543219498,0.0,999.9902949386268,370.82508481605214,-46.0,0.0,295.52042162358634,-31.0,0.0,-32.0,-93.0,-65.0,0.0,16.0,23.0,46.5,0.0,15.5,-92.66381419574317,-49.90197116069959,0.0,65.0,-49.90197116069959,-295.52042162358634,28.9791167133534,0.0,1496.5981,hclb
154,0.0,0.0,0.0,0.0,0.0,0.0,0.0,0.0,103.48132367675326,0.0,0.0,0.0,0.0,0.0,0.0,0.0,0.0,0.0,0.0,393.1633250684387,0.0,0.0,0.0,868.2950376943222,0.0,0.0,0.0,0.0,0.0,-773.3172935114469,108.0938741261566,-108.0938741261566,15.555544269753975,0.0,0.0,0.0,0.0,-75.56713840830707,0.0,-1000.0,1000.0,0.0,0.0,257.66920844044375,0.0,0.0,0.0,0.0,0.0,0.0,0.0,226.6827064885531,0.0,0.0,0.0,0.0,0.0,0.0,0.0,0.0,-113.65348644410324,0.0,448.4487757951829,0.0,0.0,0.0,0.0,0.0,981.1926318298006,-642.5161233346063,0.0,0.0,0.0,0.0,0.0,0.0,0.0,0.0,0.0,0.0,0.0,0.0,0.0,0.0,0.0,0.0,189.22062485241122,658.0432865800534,500.0,127.89489678098391,462.9693868092512,0.0,0.0,405.4191234169486,0.0,0.0,0.0,0.0,0.0,0.0,0.0,0.0,-773.3172935114469,0.0,0.0,-15.444455730246025,0.0,927.294293455888,0.0,0.0,0.0,0.0,0.0,0.0,0.0,0.0,0.0,0.0,0.0,0.0,0.0,0.0,0.0,0.0,-813.4123227889381,0.0,0.0,0.0,0.0,0.0,0.0,0.0,-297.9677614023047,0.0,297.9677614023047,-297.9677614023047,-1000.0,0.0,0.0,665.2047106489204,0.0,0.0,0.0,0.0,0.0,189.22062485241122,0.0,462.9693868092512,0.0,0.0,-1000.0,520.0954595779023,0.0,0.0,0.0,0.0,-364.5418596985002,0.0,0.0,0.0,0.0,0.0,51.19759024907361,51.19759024907361,0.0,0.0,0.0,0.0,443.56994856324866,0.0,0.0,159.29146437523022,0.0,0.0,0.0,-49.12815460594837,0.0,0.0,0.0,0.0,0.0,0.0,0.0,0.0,0.0,0.0,0.0,0.0,0.0,0.0,0.0,-1000.0,0.0,0.0,0.0,0.0,0.0,0.0,-226.6827064885531,-500.0,500.0,334.79528935107965,0.0,0.0,0.0,0.0,0.0,0.0,0.0,-455.09545957790226,0.0,0.0,0.0,0.0,0.0,0.0,0.0,0.0,0.0,0.0,0.0,0.0,0.0,233.80386363455727,436.90454042209774,1000.0,0.0,0.0,0.0,0.0,70.62383406586895,0.0,0.0,0.0,0.0,-113.65348644410324,742.3307915595562,108.0938741261566,0.0,0.0,0.0,0.0,0.0,0.0,0.0,108.09387412615615,0.0,0.0,0.0,0.0,1000.0,-68.63941990849969,0.0,-1000.0,0.0,0.0,334.79528935107965,-1000.0,0.0,0.0,0.0,-224.22438789759144,0.0,0.0,-1000.0,-1000.0,0.0,-301.6955405301094,301.6955405301094,698.3044594698906,0.0,0.0,-538.1972550230616,0.0,0.0,-405.4191234169486,0.0,0.0,0.0,402.25892847095025,0.0,-402.25892847095025,0.0,-408.3704101820034,0.0,0.0,-26.969966744899686,0.0,0.0,0.0,-113.65348644410324,0.0,0.0,0.0,0.0,0.0,0.0,0.0,0.0,0.0,486.48700245689525,0.0,0.0,-10.296303820164017,228.91759518719445,0.0,1000.0,0.0,799.0070708777644,0.0,-15.444455730246025,0.0,0.0,0.0,0.0,-799.0070708777644,0.0,1000.0,-775.7756121024086,0.0,0.0,0.0,0.0,0.0,0.0,0.0,0.0,0.0,0.0,0.0,0.0,0.0,0.0,0.0,0.0,0.0,-222.01045515029844,0.0,-146.443316741991,0.0,0.0,0.0,0.0,429.8430647260875,0.0,-189.22062485241077,0.0,0.0,0.0,0.0,0.0,0.0,0.0,-373.4740997460287,-361.69596416428675,-182.18556095203644,-57.0573041149114,-829.5925746297057,0.0,0.0,0.0,373.47409974602874,1000.0,361.69596416428675,829.5925746297057,0.0,0.0,0.0,0.0,-330.914070206965,0.0,0.0,0.0,0.0,0.0,0.0,103.48132367675326,0.0,-233.80386363455727,233.80386363455727,233.80386363455727,108.44445573024602,0.0,0.0,0.0,0.0,0.0,0.0,0.0,0.0,-183.66101253446368,0.0,0.0,0.0,0.0,0.0,0.0,0.0,-43.0,0.0,0.0,0.0,0.0,0.0,0.0,0.0,0.0,0.0,0.0,338.6765084951943,0.0,0.0,0.0,0.0,0.0,0.0,0.0,0.0,0.0,0.0,0.0,108.0938741261566,329.8038636345573,0.0,0.0,0.0,0.0,0.0,1000.0,0.0,104.63119937046326,189.22062485241122,0.0,0.0,101.75577753195685,-1000.0,0.0,0.0,0.0,0.0,0.0,0.0,0.0,0.0,0.0,0.0,0.0,0.0,0.0,271.13744092964606,-486.48700245689525,479.90454042209774,0.0,189.22062485241122,0.0,0.0,405.4191234169486,0.0,0.0,101.75577753195685,0.0,-887.3066648286148,946.0624423605716,0.0,0.0,233.80386363455727,0.0,0.0,0.0,0.0,0.0,0.0,0.0,0.0,0.0,0.0,0.0,0.0,0.0,0.0,334.79528935107965,334.79528935107965,0.0,0.0,0.0,0.0,0.0,0.0,0.0,0.0,0.0,0.0,0.0,0.0,108.0938741261566,189.22062485241122,-189.22062485241122,108.0938741261566,-226.6827064885531,0.0,0.0,0.0,0.0,0.0,0.0,0.0,0.0,0.0,0.0,0.0,0.0,0.0,-950.9053816354092,1000.0,0.0,0.0,0.0,1000.0,-1000.0,0.0,0.0,0.0,0.0,0.0,0.0,0.0,-1000.0,0.0,-775.7756121024086,0.0,0.0,0.0,0.0,0.0,0.0,0.0,-405.4191234169486,0.0,0.0,0.0,0.0,0.0,0.0,0.0,0.0,0.0,0.0,0.0,0.0,0.0,0.0,0.0,0.0,0.0,0.0,0.0,0.0,0.0,0.0,0.0,0.0,0.0,649.0592943001642,0.0,-838.279919152575,75.56713840830744,0.0,0.0,0.0,0.0,-718.75,-718.75,718.75,0.0,0.0,0.0,0.0,0.0,0.0,0.0,334.79528935107965,0.0,0.0,0.0,-330.914070206965,0.0,0.0,0.0,103.48132367675326,0.0,0.0,0.0,0.0,0.0,0.0,0.0,0.0,0.0,0.0,0.0,0.0,0.0,0.0,0.0,0.0,0.0,0.0,479.90454042209774,0.0,0.0,0.0,0.0,0.0,0.0,0.0,0.0,0.0,0.0,0.0,0.0,0.0,0.0,0.0,0.0,0.0,0.0,0.0,405.4191234169486,0.0,0.0,0.0,0.0,0.0,0.0,0.0,0.0,0.0,0.0,0.0,0.0,0.0,-329.8038636345573,0.0,0.0,0.0,0.0,0.0,-443.56994856324866,0.0,0.0,0.0,0.0,0.0,0.0,0.0,0.0,0.0,334.79528935107965,0.0,0.0,-211.40310297742627,96.0,0.0,544.9045404220977,-15.444455730246025,0.0,-189.22062485241077,838.279919152575,-649.0592943001642,0.0,-1000.0,0.0,0.0,914.2606988243416,0.0,0.0,-108.0938741261566,-562.1022622392861,0.0,0.0,0.0,0.0,0.0,0.0,0.0,0.0,0.0,0.0,0.0,0.0,0.0,0.0,0.0,108.0938741261566,0.0,0.0,0.0,0.0,0.0,108.09387412615615,0.0,0.0,329.8038636345573,-338.6765084951943,160.06654094558485,0.0,0.0,189.22062485241122,0.0,0.0,0.0,-379.99724432637163,0.0,0.0,0.0,0.0,0.0,0.0,0.0,0.0,0.0,0.0,0.0,436.90454042209774,0.0,0.0,0.0,0.0,0.0,0.0,0.0,0.0,0.0,0.0,0.0,0.0,0.0,0.0,0.0,0.0,0.0,0.0,0.0,0.0,0.0,0.0,108.0938741261566,0.0,0.0,0.0,0.0,329.8038636345573,0.0,0.0,0.0,0.0,0.0,0.0,0.0,0.0,0.0,0.0,0.0,378.44124970482244,35.19459936564738,-406.9112358088233,0.0,0.0,0.0,0.0,0.0,0.0,0.0,0.0,0.0,0.0,0.0,0.0,0.0,378.44124970482244,0.0,0.0,0.0,0.0,0.0,0.0,0.0,108.0938741261566,108.0938741261566,0.0,1000.0,-773.3172935114469,0.0,0.0,0.0,0.0,-75.56713840830707,0.0,0.0,0.0,0.0,0.0,0.0,0.0,0.0,0.0,0.0,0.0,0.0,0.0,0.0,0.0,0.0,0.0,0.0,334.79528935107965,0.0,0.0,0.0,0.0,0.0,0.0,0.0,0.0,0.0,183.66101253446368,0.0,0.0,0.0,0.0,0.0,0.0,0.0,1000.0,0.0,0.0,0.0,0.0,0.0,0.0,0.0,0.0,329.8038636345573,0.0,0.0,75.56713840830707,0.0,0.0,0.0,0.0,0.0,0.0,0.0,0.0,0.0,0.0,0.0,0.0,0.0,0.0,0.0,0.0,0.0,0.0,0.0,0.0,189.22062485241122,0.0,0.0,0.0,0.0,0.0,329.8038636345573,0.0,0.0,0.0,0.0,0.0,0.0,0.0,0.0,0.0,0.0,0.0,0.0,0.0,0.0,0.0,0.0,0.0,0.0,0.0,0.0,0.0,0.0,0.0,0.0,0.0,0.0,0.0,0.0,-101.75577753195685,0.0,0.0,0.0,0.0,334.79528935107965,0.0,0.0,0.0,0.0,0.0,0.0,0.0,0.0,0.0,0.0,0.0,0.0,0.0,0.0,0.0,0.0,0.0,0.0,0.0,0.0,0.0,0.0,5.148151910082008,0.0,0.0,0.0,-15.444455730246025,-189.22062485241077,108.0938741261566,-393.1633250684387,0.0,0.0,0.0,0.0,0.0,0.0,-329.8038636345573,-189.22062485241122,-27.666632809261912,0.0,0.0,0.0,0.0,0.0,0.0,423.0974039682542,-70.62383406586895,0.0,0.0,0.0,0.0,0.0,0.0,405.4191234169486,405.4191234169486,0.0,393.1633250684387,-405.4191234169486,0.0,0.0,-775.496109664866,0.0,-271.13744092964606,0.0,0.0,0.0,0.0,2.574075955041004,96.0,0.0,-329.8038636345573,329.8038636345573,0.0,0.0,189.22062485241077,0.0,0.0,0.0,0.0,0.0,0.0,-43.0,0.0,0.0,0.0,0.0,0.0,0.0,0.0,63.94744839049159,0.0,0.0,0.0,21.5,0.0,0.0,0.0,0.0,0.0,0.0,0.0,0.0,0.0,-191.8423451714755,0.0,0.0,0.0,0.0,0.0,0.0,0.0,27.666632809261912,-54.0469370630783,-127.89489678098317,0.0,0.0,0.0,0.0,0.0,15.444455730246025,0.0,0.0,0.0,0.0,587.6940097270956,0.0,-43.0,0.0,0.0,0.0,0.0,0.0,0.0,0.0,5.148151910082008,0.0,189.22062485241122,-5.148151910082008,0.0,70.62383406586895,611.2510110188192,0.0,0.0,329.8038636345573,-96.0,0.0,0.0,0.0,0.0,0.0,0.0,0.0,0.0,0.0,647.6012128838821,127.89489678098391,-46.0,0.0,350.37038608128285,-31.0,0.0,424.4314009651493,-93.0,-65.0,-127.89489678098391,-212.21570048257465,23.0,46.5,0.0,15.5,-329.8038636345573,-207.6967654007239,127.89489678098391,65.0,-207.6967654007239,-350.37038608128285,175.18519304064145,0.0,1496.5981,hclb
155,0.0,0.0,0.0,0.0,0.0,0.0,0.0,0.0,0.0,0.0,0.0,0.0,0.0,0.0,0.0,0.0,-748.1173916939009,927.0272897300863,0.0,0.0,0.0,0.0,0.0,0.0,0.0,523.3249460888504,0.0,0.0,0.0,0.0,0.0,0.0,31.0,0.0,0.0,0.0,0.0,551.8116571434836,0.0,-1000.0,1000.0,0.0,-572.8941563901052,-137.47296446024944,0.0,0.0,0.0,284.87879460134275,850.9205769296137,0.0,0.0,746.2104488169074,0.0,0.0,0.0,0.0,0.0,284.87879460134275,0.0,0.0,178.90989803618504,0.0,0.0,-357.8197960723704,0.0,0.0,0.0,0.0,508.13570955641484,173.73025224908702,0.0,0.0,0.0,0.0,0.0,0.0,0.0,0.0,0.0,0.0,0.0,0.0,297.06325173683655,0.0,0.0,0.0,0.0,0.0,660.505774042003,0.0,0.0,0.0,0.0,0.0,0.0,0.0,0.0,0.0,0.0,0.0,509.22814985819645,0.0,0.0,0.0,0.0,0.0,123.56934428622935,196.87856353018927,0.0,0.0,0.0,0.0,0.0,0.0,0.0,0.0,0.0,0.0,0.0,0.0,0.0,0.0,0.0,0.0,-1000.0,0.0,0.0,0.0,0.0,0.0,0.0,0.0,-276.73571484241324,0.0,276.73571484241324,-276.73571484241324,0.0,0.0,0.0,-536.7296941085555,0.0,0.0,0.0,0.0,0.0,-297.06325173683655,0.0,0.0,0.0,0.0,-827.1768857489506,0.0,0.0,0.0,0.0,0.0,-36.404897721847796,0.0,0.0,0.0,0.0,0.0,-430.38729410732486,-430.38729410732486,0.0,0.0,0.0,0.0,10.14210206932708,0.0,0.0,-430.38729410732486,0.0,0.0,0.0,-30.062099162637423,0.0,0.0,0.0,0.0,0.0,0.0,0.0,0.0,0.0,0.0,-221.49340532147227,0.0,0.0,0.0,0.0,-1000.0,0.0,0.0,0.0,0.0,0.0,0.0,-173.31629242680222,-660.505774042003,660.505774042003,536.7296941085555,0.0,0.0,0.0,0.0,0.0,0.0,0.0,-231.3924585372788,0.0,0.0,0.0,0.0,0.0,0.0,0.0,0.0,0.0,0.0,0.0,0.0,0.0,54.61679708424862,660.6075414627212,70.51310719108938,0.0,0.0,0.0,0.0,-338.8785635301893,0.0,0.0,0.0,0.0,178.90989803618504,207.98607165133882,0.0,0.0,0.0,0.0,0.0,0.0,0.0,0.0,0.0,0.0,0.0,0.0,-748.1173916939009,0.0,17.098510460808484,0.0,-70.51310719108938,0.0,0.0,536.7296941085555,0.0,0.0,0.0,0.0,-178.90989803618527,0.0,0.0,-1000.0,-813.4312599549685,835.9998260681921,-835.9998260681921,649.4310860231606,1000.0,0.0,0.0,161.81138757537667,0.0,0.0,-197.8511305783662,0.0,0.0,0.0,-347.15986440595043,0.0,347.15986440595043,0.0,-430.38729410732486,0.0,0.0,100.17011839664391,0.0,0.0,0.0,178.90989803618504,0.0,0.0,0.0,0.0,0.0,0.0,0.0,0.0,0.0,802.1488694216338,-748.1173916939009,0.0,-323.8911710176689,741.1436818420824,0.0,1000.0,0.0,0.0,0.0,0.0,0.0,0.0,0.0,0.0,112.09479041825084,-112.09479041825084,-821.090101963815,0.0,0.0,0.0,0.0,0.0,0.0,0.0,0.0,0.0,0.0,0.0,0.0,0.0,0.0,0.0,0.0,0.0,0.0,394.8667389469082,0.0,-156.9449181965754,0.0,0.0,0.0,0.0,0.0,0.0,297.06325173683655,0.0,212.1648981213599,0.0,0.0,0.0,379.76950002533437,0.0,211.51323863184126,0.0,-1000.0,0.0,812.776143978648,112.09479041825084,0.0,0.0,-211.51323863184126,678.2357306465517,0.0,-812.776143978648,0.0,0.0,-391.5934264116091,0.0,0.0,0.0,937.5000000000001,-937.5000000000001,0.0,0.0,0.0,0.0,0.0,-54.61679708424862,54.61679708424862,54.61679708424862,93.0,0.0,0.0,0.0,0.0,0.0,0.0,0.0,0.0,-178.90989803618535,0.0,0.0,0.0,0.0,0.0,0.0,0.0,-43.0,0.0,0.0,0.0,0.0,0.0,0.0,0.0,0.0,0.0,0.0,234.47350326822314,0.0,0.0,0.0,0.0,0.0,0.0,0.0,0.0,0.0,0.0,0.0,0.0,150.61679708424862,0.0,0.0,0.0,173.4296121568634,0.0,820.8795221740432,0.0,0.0,0.0,0.0,0.0,296.13959065050886,-820.8795221740432,0.0,0.0,0.0,0.0,0.0,0.0,0.0,0.0,0.0,0.0,0.0,0.0,0.0,333.3333333333333,-802.1488694216338,703.6075414627212,0.0,0.0,0.0,0.0,0.0,-197.8511305783662,0.0,296.13959065050886,0.0,0.0,253.13959065050886,0.0,0.0,54.61679708424862,0.0,0.0,0.0,0.0,0.0,0.0,0.0,0.0,0.0,0.0,0.0,0.0,0.0,0.0,536.7296941085555,536.7296941085555,0.0,0.0,0.0,0.0,0.0,0.0,0.0,0.0,0.0,0.0,0.0,0.0,0.0,0.0,0.0,0.0,-173.31629242680222,0.0,0.0,0.0,0.0,0.0,0.0,0.0,0.0,0.0,0.0,0.0,0.0,0.0,-196.87856353018927,0.0,0.0,0.0,0.0,1000.0,-820.8795221740432,0.0,0.0,0.0,0.0,0.0,0.0,0.0,821.090101963815,0.0,1000.0,0.0,0.0,0.0,0.0,0.0,0.0,0.0,0.0,0.0,0.0,0.0,0.0,0.0,0.0,0.0,0.0,0.0,0.0,0.0,0.0,0.0,0.0,0.0,0.0,0.0,0.0,-551.1669603417251,551.1669603417251,0.0,0.0,0.0,0.0,0.0,565.6416725671213,0.0,-56.41352270892486,-551.8116571434836,0.0,0.0,0.0,0.0,0.0,0.0,0.0,0.0,0.0,0.0,0.0,0.0,0.0,0.0,536.7296941085555,0.0,0.0,0.0,-391.5934264116091,0.0,0.0,0.0,0.0,0.0,0.0,0.0,0.0,0.0,0.0,447.3924585372788,0.0,0.0,0.0,0.0,0.0,0.0,0.0,0.0,0.0,0.0,212.1648981213599,703.6075414627212,0.0,0.0,0.0,0.0,0.0,0.0,0.0,0.0,0.0,0.0,0.0,0.0,0.0,0.0,0.0,0.0,0.0,0.0,0.0,197.8511305783662,0.0,-75.93248755157163,75.93248755157163,0.0,0.0,0.0,0.0,0.0,0.0,0.0,0.0,0.0,0.0,-150.61679708424862,0.0,0.0,0.0,0.0,0.0,-10.14210206932708,-1000.0,0.0,0.0,0.0,0.0,0.0,0.0,0.0,0.0,536.7296941085555,0.0,0.0,-134.73571484241322,96.0,0.0,768.6075414627212,0.0,0.0,-702.9367482631635,268.57842083028476,434.3583274328787,0.0,0.0,173.4296121568634,0.0,1000.0,0.0,0.0,0.0,-178.90989803618535,0.0,0.0,-906.2499999998031,906.2499999998031,0.0,0.0,0.0,0.0,0.0,221.49340532147232,0.0,0.0,0.0,186.16817562139644,186.16817562139647,-186.16817562139644,0.0,0.0,0.0,0.0,0.0,0.0,0.0,0.0,150.61679708424862,-234.47350326822314,0.0,-572.8941563901052,0.0,0.0,0.0,0.0,0.0,-169.09907056806196,0.0,0.0,0.0,0.0,0.0,0.0,0.0,0.0,0.0,0.0,0.0,660.6075414627212,0.0,123.56934428622935,0.0,0.0,0.0,0.0,0.0,0.0,0.0,0.0,0.0,0.0,0.0,0.0,0.0,0.0,0.0,0.0,0.0,0.0,0.0,0.0,0.0,0.0,0.0,0.0,0.0,150.61679708424862,0.0,0.0,0.0,0.0,0.0,0.0,0.0,0.0,0.0,0.0,0.0,0.0,0.0,-656.8191113096136,927.0272897300863,0.0,0.0,0.0,0.0,0.0,0.0,0.0,0.0,0.0,0.0,0.0,0.0,0.0,0.0,0.0,0.0,0.0,0.0,0.0,0.0,0.0,0.0,0.0,0.0,0.0,0.0,713.8698562936643,-713.8698562936643,0.0,551.8116571434836,0.0,0.0,0.0,0.0,0.0,0.0,0.0,0.0,0.0,0.0,0.0,0.0,0.0,0.0,0.0,0.0,173.4296121568634,0.0,536.7296941085555,0.0,0.0,0.0,0.0,0.0,0.0,0.0,0.0,0.0,178.90989803618535,0.0,0.0,0.0,0.0,0.0,0.0,0.0,1000.0,0.0,0.0,0.0,0.0,0.0,0.0,0.0,0.0,150.61679708424862,0.0,0.0,-551.8116571434836,0.0,0.0,0.0,0.0,0.0,0.0,0.0,0.0,0.0,0.0,0.0,0.0,0.0,0.0,0.0,0.0,0.0,0.0,0.0,0.0,212.1648981213599,0.0,0.0,0.0,0.0,0.0,150.61679708424862,0.0,1000.0,0.0,0.0,0.0,0.0,0.0,0.0,0.0,0.0,0.0,0.0,0.0,0.0,0.0,0.0,0.0,0.0,0.0,0.0,0.0,0.0,0.0,0.0,0.0,0.0,0.0,0.0,-296.13959065050886,0.0,0.0,0.0,0.0,536.7296941085555,0.0,0.0,0.0,0.0,0.0,0.0,0.0,523.3249460888504,0.0,0.0,0.0,0.0,0.0,0.0,0.0,0.0,0.0,0.0,0.0,0.0,0.0,0.0,0.0,0.0,0.0,0.0,0.0,0.0,0.0,-178.90989803618538,0.0,0.0,0.0,0.0,0.0,0.0,-150.61679708424862,0.0,-74.0,0.0,0.0,0.0,0.0,0.0,0.0,110.40489772184779,338.8785635301893,0.0,0.0,0.0,0.0,0.0,0.0,197.8511305783662,197.8511305783662,0.0,178.90989803618538,-197.8511305783662,0.0,0.0,-414.25035268502813,0.0,-333.3333333333333,0.0,0.0,0.0,0.0,80.97279275441723,96.0,0.0,-150.61679708424862,150.61679708424862,0.0,0.0,0.0,0.0,0.0,0.0,0.0,0.0,0.0,-166.56934428622935,0.0,0.0,0.0,0.0,0.0,0.0,0.0,0.0,0.0,161.94558550883445,0.0,21.5,0.0,0.0,0.0,0.0,0.0,0.0,0.0,0.0,0.0,0.0,0.0,0.0,0.0,0.0,0.0,0.0,0.0,74.0,0.0,0.0,0.0,0.0,0.0,0.0,0.0,0.0,0.0,0.0,0.0,0.0,347.71131538853706,0.0,-43.0,0.0,0.0,0.0,0.0,0.0,0.0,0.0,161.94558550883445,0.0,0.0,-161.94558550883445,0.0,-338.8785635301893,107.60292915513641,0.0,0.0,150.61679708424862,-96.0,0.0,0.0,0.0,0.0,0.0,0.0,0.0,836.8032010551775,0.0,414.25035268502813,0.0,-46.0,0.0,-108.0,-31.0,0.0,120.4638596206388,-93.0,-65.0,0.0,-60.2319298103194,23.0,46.5,0.0,15.5,-150.61679708424862,-178.61224482047507,0.0,65.0,-178.61224482047507,108.0,-54.0,0.0,1496.5981,hclb
156,0.0,0.0,0.0,0.0,0.0,0.0,0.0,0.0,-0.003733263720847649,0.0,0.0,0.0,0.0,0.0,0.0,0.0,-380.5641466093431,157.9386405260302,0.0,0.0,0.0,0.0,0.0,0.0,0.0,0.0,0.0,0.0,0.0,443.17046291686034,0.0,0.0,15.721261185645675,0.0,0.0,0.0,0.0,-99.05861003233825,0.0,-640.6148673539328,964.609139288218,0.0,-336.0581544286763,0.0,0.0,0.0,0.0,0.0,0.0,0.0,0.0,0.0,0.0,0.004106590092942738,0.0,0.0,0.0,0.7466527441695298,0.0,0.0,98.0760150210111,0.0,197.1383583170702,0.0,0.0,0.0,0.0,0.0,1000.0,-1000.0,0.0,0.03733263720847649,0.0,0.0,0.0,0.0,0.0,0.0,0.0,0.0,0.0,0.0,0.0,0.0,2.2399582325085894,0.0,0.0,-301.594826346328,301.594826346328,732.8685017360203,-0.0009333159302119122,0.0,0.0,-14.512716820630516,1.1199791162542947,0.0,35.39086071178201,0.0,0.0,0.0,0.0,0.18666318604238244,443.17046291686034,0.0,0.0,-15.19623368612358,0.0,0.0,0.0,0.0,0.0,0.0,0.0,0.0,0.0,0.0,0.0,0.0,0.0,0.0,0.0,0.0,0.0,0.0,-544.9364700750368,0.0,0.0,35.39086071178201,0.0,1.157311753462771,0.0,0.0,31.25000000000003,0.0,-31.25000000000003,31.25000000000003,0.0,0.0,0.0,-295.2143733380813,0.0,0.0,0.0,0.0,0.0,0.2874613065052688,0.003733263720847649,0.0,0.0,0.0,0.0,-693.6256696658164,0.0,0.0,0.0,0.0,222.0106878799711,0.0,0.0,0.0,0.0,0.0,-289.12828756840497,-289.12828756840497,0.0,0.0,0.0,-718.75,-968.8710247537167,0.0,0.0,-289.1245543046841,0.0,0.0,0.0,-470.7853719429854,0.0,0.0,0.0,0.0,0.0,0.0,0.0,0.0,0.0,0.0,0.0,0.0,0.0,0.0,0.0,-1000.0,0.0,0.0,0.0,0.0,0.0,0.0,336.0581544286763,-34.46332808234831,34.46332808234831,295.2143733380813,0.0,0.0,0.0,0.0,0.0,0.0,0.0,-242.58764104345906,0.0,0.0,0.0,0.0,0.0,0.0,0.0,0.0,0.0,0.0,0.0,0.0,0.0,247.46864947354845,686.3898567496832,-398.6644707361935,0.0,0.0,0.0,0.0,-83.07219067541249,0.0,0.0,0.0,0.0,98.0760150210111,-398.6644707361935,0.0,0.0,0.0,0.0,0.0,0.0,0.0,0.0,420.11683776197776,0.0,34.27088159552772,0.0,0.0,0.0,0.0,0.0,398.6644707361935,0.0,0.0,295.2143733380813,4.554581739434132,0.0,0.0,0.0,-98.78104187469319,0.0,0.0,-409.58285057662084,-1000.0,0.0,590.4171494233792,0.0,1000.0,267.13149826397967,0.0,425.07013879000993,0.0,0.0,-201.72637688150388,0.0,0.0,0.0,189.79534446510687,0.0,-189.79534446510687,0.0,-289.1320208321258,0.0,0.0,-1000.0,-718.75,0.0,0.0,98.0760150210111,-0.005599895581271473,0.0,0.0,0.0,0.0,0.003733263720847649,0.0,0.0,0.0,332.3501188635714,-380.5641466093431,0.0,-482.60841899879654,634.5659889139719,0.0,1000.0,0.0,1000.0,0.0,-15.19623368612358,0.0,0.0,0.0,922.9818493113222,-1000.0,-922.9818493113222,-900.2647345751247,-444.0780206705318,0.0,0.0,0.0,0.0,0.0,0.0,0.0,0.0,0.0,0.0,0.0,0.0,0.0,0.0,0.0,0.0,0.0,568.4917046379525,0.0,667.5353816154075,0.0,0.0,419.99662667016656,0.0,0.0,0.0,-420.4042990684831,0.0,0.0,0.0,0.0,0.0,0.0,0.0,0.0,-282.61221144362975,0.0,762.1888667057777,-298.3838899788952,860.3041989275737,-865.6524725340599,0.0,-325.0353602938246,0.0,282.5188798506085,298.1972267928528,-382.80058275681165,0.0,-494.4954429930361,446.33077728157184,0.0,35.39086071178201,0.0,0.0,0.0,0.0,0.0,0.0,343.6120522304952,96.14340275694677,-96.14340275694677,-96.14340275694677,107.44958094195405,0.0,98.3599251016775,0.0,0.0,0.0,0.0,0.0,0.0,-99.0623432960591,0.0,-455.8845914733566,0.0,0.0,0.0,0.0,0.0,-42.62667362791524,0.007466527441694475,0.0,0.0,0.0,0.0,0.0,0.0,0.0,227.2396727573122,0.0,0.0,0.0,0.0,0.0,0.0,0.0,0.0,0.0,0.0,0.0,0.004106590092942738,0.004106590092942738,0.0,234.79866764780184,0.0,2.2399582325085894,0.0,0.0,0.0,-172.90312323804463,0.0,0.0,0.0,0.0,0.0,260.52862508159194,172.90312323804463,0.0,0.0,0.0,0.0,0.0,0.0,0.0,0.0,0.0,0.0,0.0,0.0,0.0,181.64549002501226,-332.3501188635714,693.6256696658164,324.84869710778224,0.2874613065052688,0.0,-14.512716820630516,0.0,-212.14218266266883,0.0,260.52862508159194,0.0,0.0,217.9019514536767,0.0,0.0,247.46864947354845,0.0,0.0,0.0,0.0,0.0,0.0,0.0,0.0,0.0,0.0,0.0,0.0,0.0,2.2399582325085894,295.2143733380813,295.2143733380813,0.0,0.0,0.0,0.0,0.0,0.0,0.0,0.0,0.0,0.0,0.03733263720847649,0.0,0.0,0.0,0.0,0.0,336.0581544286763,0.0,0.0,35.39086071178201,0.0,0.0,0.0,0.0,324.84869710778224,0.0,0.0,0.0,0.0,0.0,4.935374638960593,0.0,0.0,1.1199791162542947,1.1199791162542947,1000.0,172.90312323804463,0.0,0.0,0.0,0.0,0.0,0.0,0.0,-542.9057283417355,0.0,-444.0780206705318,0.003733263720847649,0.0,0.0,0.0,4.930308066768012,0.0,227.2396727573122,14.512716820630516,0.0,0.0,0.0,0.0,0.0,0.0,0.0,0.0,0.0,0.0,0.0,0.0,0.0,0.0,0.003733263720847649,0.0,0.0,0.0,602.016661196562,-602.016661196562,0.0,0.0,0.0,0.0,0.0,836.3715899271676,0.0,0.0,-737.7355853480291,-0.2799947790635737,0.0,-0.18666318604238244,0.0,0.0,0.0,0.0,0.0,0.0,0.0,0.0,0.0,0.0,0.0,295.2143733380813,0.0,0.0,0.0,-494.3087798069937,0.0,0.0,0.0,-0.003733263720847649,0.0,0.0,0.0037332637208476486,0.0,0.003733263720847649,0.0,0.0,0.0,2.2399582325085894,4.554581739434132,4.554581739434132,0.0,0.0,0.0,0.0,0.0,0.0,0.0,693.6256696658164,0.0,0.0,0.0,0.0,0.0,923.3032833176873,0.0,0.0,0.0,0.0,0.0,0.0,0.0,0.0,0.0,0.0,0.0,0.0,0.0,212.14218266266883,0.0,0.0,0.0,0.005599895581271473,0.0,0.0,0.0,-35.39086071178201,0.0,0.0,0.0,0.0,0.0,-234.79866764780184,0.18666318604238244,0.0,0.0,0.0,718.75,968.8710247537167,560.1807859196846,-0.18666318604238244,0.0,-455.8845914733566,0.0,0.0,0.0,0.0,0.0,295.2143733380813,0.0,0.0,119.25756531437311,-12.669981825746618,0.0,757.8790169216469,-15.19623368612358,836.7792623254841,139.77648685120147,0.0,-976.5557491766856,0.0,0.0,0.0,0.18666318604238244,660.6416001147712,0.0,0.0,0.0,-99.0623432960591,0.0,0.0,0.0,0.0,0.0,0.0,0.0,0.0,0.0,76.41672190324923,-76.97671146137668,4.554581739434132,0.0,771.3803410814564,771.3803410814563,-771.3803410814563,0.0,0.0,0.0,0.0,0.0,420.11683776197776,0.0,0.0,158.66194052361618,-4.930308066768012,-61.58035175996699,-336.0581544286763,1.1199791162542947,0.0,0.0,0.0,0.0,48.660376864387956,0.0,0.0,0.004106590092942738,0.0,0.0,0.0,2.2772908697170657,0.0,0.0,0.0,0.0,686.3898567496832,0.0,0.0,0.0,0.0,0.0,0.0,0.0,0.0,0.0,0.0,0.0003733263720847649,0.0003733263720847649,0.0,0.0,0.0,0.0,0.0,0.0,0.0,0.0,0.0,0.0,0.0,0.0,0.0,0.0,0.0,234.79866764780184,0.0,0.0,0.0,0.0,0.0,0.0,0.0,0.0,0.0,0.0,0.0,0.0,0.0,0.0,157.9386405260302,0.0,0.0,0.0,2.2399582325085894,0.0,0.0,0.0,0.0,0.0,428.04470776690937,-430.28466599941794,0.0,0.0,0.0,0.0,0.0,0.0,0.0,0.0,0.0,0.0,0.0,0.0,1000.0,-1000.0,925.8605689664679,-35.39086071178201,0.0,0.0,-99.05861003233825,0.0,0.0,0.0,0.0,0.0,0.0,0.0,0.0,0.0,0.0,0.0,0.0,0.0,0.0,0.0,0.0,0.0,-0.46665796510595614,295.2143733380813,-0.2799947790635737,1000.0,0.0,0.0,0.0,0.0,0.0,0.0,-0.04666579651059562,99.0623432960591,0.0,0.0,0.0,0.0,0.0,0.0,0.0,1000.0,1.1199791162542947,1.1199791162542947,0.0,0.0,0.0,0.0,0.0,0.004106590092942738,234.79866764780184,0.0,0.0,99.05861003233825,0.0,0.0,0.0,0.0,0.0,0.0,0.0,0.0,0.0,0.0,0.0,0.0,0.0,0.0,0.0,0.0,0.0,0.0,0.0,3.9199269068900313,0.2874613065052688,0.0,0.0,0.0,0.0,0.0,234.79866764780184,0.0,-140.18415924951802,0.0,0.0,0.0,-0.46665796510595614,0.0,0.0,0.0,0.0,0.0,0.0,0.0,0.0,0.0,0.0,0.0,0.0,0.0,0.0,0.0,0.0,0.0,0.0,-0.003733263720847649,0.0,0.0,0.18666318604238244,-260.52862508159194,0.0,0.0,0.0,0.0,295.2143733380813,0.0,0.0,0.0,-922.9818493113222,0.09333159302119122,0.0,0.0,0.0,0.003733263720847649,0.0,3.7332637208476487,-1.157311753462771,0.7466527441695298,0.026666169434626064,10.41580578116494,-0.0027999477906357367,0.18666318604238086,0.07466527441695298,-0.018666318604104504,-10.41580578116494,1.1199791162542947,-0.003733263720847649,5.06541122870786,0.0,0.0009333159302119123,0.026666169434626064,-15.19623368612358,-0.5943355843589317,-0.07466527441695298,222.62550608331287,-0.003733263720847649,0.0009333159302119123,-10.41580578116494,0.3733263720847649,0.003733263720847649,0.0037332637208476486,-234.79082779398806,0.004106590092932414,-27.95546744131377,-0.0027999477906357367,1.1199791162542947,0.003733263720847649,35.39086071178201,32.404249735103896,-0.0018666318604238245,-163.66275306641018,82.69513103960688,-0.0027999477906357367,-0.0037332637208476504,-1.157311753462771,0.003733263720847649,0.3733263720847649,-0.07466527441695298,212.14218266266883,212.14218266266883,-0.3733263720847649,-222.62550608331287,-212.14218266266883,0.7466527441695298,0.005599895581271473,-949.3565308491861,0.3733263720847649,-181.64549002501226,0.0,-0.7466527441695298,0.0018666318604238243,0.03733263720847649,120.65210474969913,-11.923329081577087,-0.0037332637208476486,-235.63865198499286,234.79082779398806,1.157311753462771,0.003733263720847649,0.5943355843589317,-38.75079806054492,0.0,-0.0037332637208476486,-0.0009333159302119123,0.0,-0.003733263720847649,-42.62667362791524,0.003733263720792728,-0.0009333159302119122,-0.0009333159302119122,-0.0009333159302119122,1.4933054883390595,-32.404249735103896,0.03733263720847649,178.91525937473116,-0.0009333159302119122,236.2387982706904,0.18666318604238244,21.5,0.0037332637208476486,0.0018666318604238243,0.0018666318604238245,0.3733263720847649,1.157311753462771,0.0037332637208476486,-1.157311753462771,0.03733263720847649,0.003733263720847649,-531.2140146058271,0.003733263720847649,0.014933054883272234,0.018666318604104504,0.0018666318604238245,0.0009333159302119123,1.1199791162542947,-0.003733263720847649,27.95546744131377,0.03733263720847649,-357.8305187494623,0.09333159302119282,-0.3733263720847649,0.7466527441695298,0.18666318604238244,-0.003733263720847649,15.19623368612358,0.005599895581271473,-0.003733263720847649,-0.7466527441695298,1.157311753462771,205.05970124937562,0.0018666318604238245,-43.0,-0.003733263720847649,-0.003733263720792728,-0.003733263720847649,0.0018666318604238252,10.41580578116494,-0.7466527441695298,0.0037332637208476486,241.30420949939827,-0.0009333159302119122,-0.004106590092932414,-241.30420949939827,0.5599895581271472,-82.69513103960688,605.5603442931109,10.41580578116494,-0.0027999477906357367,235.63865198499286,11.923329081577094,0.003733263720847649,-0.0009333159302119122,0.18666318604238244,3.7332637208476487,-0.0018666318604238243,-0.003733263720847649,0.0009333159302119122,1000.0,0.0,-50.645335782674294,352.2987552310959,-46.0,0.0,-108.0,-31.0,0.0,230.0122229417387,-93.0,-65.0,-1000.0,-115.00611147086936,23.0,46.5,0.0,15.5,-234.79866764780184,-253.72007811376358,1000.0,65.0,-253.72007811376358,108.0,-34.81126415576992,0.0,1496.5981,hclb
157,0.0,0.0,0.0,0.0,0.0,0.0,0.0,0.0,261.18608797378675,0.0,0.0,0.0,0.0,0.0,0.0,0.0,-675.630010014291,278.0025380276356,0.0,0.0,0.0,0.0,0.0,236.7629707770975,0.0,0.0,0.0,0.0,0.0,-595.7745176588919,141.8366259952686,-141.8366259952686,516.4793276173059,0.0,0.0,0.0,0.0,999.9837917070547,0.0,-1000.0,1000.0,0.0,0.0,375.6779003806078,0.0,0.0,0.0,0.0,271.4045276731829,-141.61937571891235,0.0,0.0,0.0,0.004457280559904575,0.0,0.0,0.0,0.8104146472648198,0.0,0.0,-42.827810489505275,0.0,0.0,-57.25156276529492,0.0,0.0,0.0,0.0,55.72382395108177,-55.72382395108177,0.0,0.040520732363241,0.0,0.0,0.0,0.0,0.0,0.0,0.0,0.0,0.0,0.0,0.0,0.0,2.4312439417944596,0.0,0.0,-433.5864836111101,837.8180440620728,0.0,-0.0010130183090810247,0.0,0.0,-486.1932997301324,1.2156219708972298,0.0,55.429800799524216,-78.28789926300067,879.9345876303493,0.0,0.0,0.20260366181620496,-595.7745176588919,0.0,0.0,-4.355302344536912,0.0,0.0,0.0,0.0,0.0,0.0,0.0,0.0,0.0,0.0,0.0,0.0,0.0,0.0,0.0,0.0,0.0,0.0,-308.7246340885228,0.0,0.0,55.429800799524216,0.0,1.2561427032604706,1.2561427032604706,0.0,156.25000000002774,-62.500000000026375,-93.75000000000139,93.75000000000139,0.0,691.9144412436129,-691.9144412436129,-14.423752275789642,0.0,0.0,0.0,0.0,0.0,0.312009639196954,0.004052073236324099,0.0,0.0,0.0,-4.72710491733818,0.0,0.0,0.0,0.0,0.0,86.73493644210028,0.0,0.0,0.0,0.0,0.0,858.159321931495,858.159321931495,0.0,0.0,0.0,0.0,-71.28273680825981,0.0,0.0,1000.0,0.0,0.0,0.0,0.0,-167.37547126364512,0.0,0.0,0.0,0.0,0.0,0.0,0.0,0.0,0.0,0.0,0.0,0.0,0.0,0.0,-819.868162761123,0.0,0.0,0.0,0.0,0.0,141.61937571891235,0.0,162.18195593792726,-162.18195593792726,0.0,0.0,0.0,0.0,0.0,0.0,0.0,0.0,-931.5898188844671,0.0,0.0,0.0,0.0,0.0,0.0,0.0,0.0,0.0,0.0,0.0,0.0,0.0,278.7181242297535,46.89107033796305,1000.0,0.0,0.0,0.0,14.423752275789642,0.0,0.0,0.0,0.0,0.0,-42.827810489505275,624.3220996193922,141.8366259952686,0.0,28.09096906696376,0.0,0.0,0.0,0.0,0.0,764.4383619615988,0.0,54.214178828626984,0.0,-675.6360881241455,0.0,0.0,0.0,-1000.0,0.0,0.0,14.423752275789642,137.49461783819828,0.0,0.0,0.0,41.95395132064732,0.0,0.0,-45.604536967265744,0.0,0.0,-45.60453696726563,0.0,0.0,1000.0,0.0,602.3664499034901,141.61937571891235,0.0,13.817569735865176,0.0,0.0,0.0,0.0,0.0,0.0,0.0,1000.0,0.0,14.423752275789642,0.0,0.0,0.0,0.0,-42.827810489505275,-0.0060781098544861484,0.0,0.0,0.0,0.0,0.004052073236324099,0.0,0.0,0.0,0.0,-675.630010014291,0.0,-485.99183532589274,-449.32780448592985,167.37547126364512,961.8164631709994,0.0,607.9461659269172,0.0,-4.355302344536912,0.0,0.0,0.0,-0.34888350564745296,392.4027175787303,-1000.0,-1000.0,-1000.0,0.0,0.0,0.0,0.0,0.0,0.0,0.0,0.0,0.0,0.0,0.0,0.0,0.0,0.0,0.0,0.0,28.09096906696376,0.0,0.0,-1000.0,0.0,0.0,700.7591584711213,0.0,0.0,0.0,-622.9137456055272,0.0,879.9345876303493,0.0,0.0,0.0,-448.1265415298121,402.7482385030426,-0.20260366181620496,-336.53677065789265,0.0,-722.8400653123429,-106.49545116069663,0.0,994.5438833872896,-402.7482385030426,0.0,846.0843658143563,336.43546882698456,106.29284749888043,0.0,0.0,0.0,-637.0659700643121,-31.48135215518995,55.429800799524216,0.0,0.0,0.0,0.0,0.0,261.1901400470231,0.0,-278.7181242297535,278.7181242297535,278.7181242297535,-424.48967060985933,0.0,0.0,-0.008104146472648198,0.0,0.0,0.0,0.0,0.0,-100.07937325480019,0.0,0.0,93.61333762852482,0.0,0.0,0.0,0.0,-13.265835378899347,0.008104146472676418,0.0,0.0,0.0,0.0,0.0,0.0,0.0,0.0,0.0,0.0,0.0,0.0,0.0,0.0,0.0,0.0,0.0,0.0,0.0,0.004457280559904575,0.004457280559904575,141.8366259952686,373.90770958248874,0.0,2.4312439417944596,0.0,0.0,0.0,-187.74202547855447,0.0,114.91790116703154,0.0,0.0,0.0,-376.5026310296996,187.74202547855447,0.0,0.0,0.0,0.0,0.0,93.61333762852482,0.0,0.0,0.0,0.0,0.0,0.0,0.0,102.90821136284093,0.0,4.72710491733818,0.0,0.312009639196954,0.0,-1000.0,513.8067002698676,513.8067002698676,0.0,-376.5026310296996,0.0,-389.76846640859895,0.0,0.0,0.0,278.7181242297535,0.0,0.0,0.0,0.0,0.0,0.0,0.0,0.0,0.0,0.0,0.0,0.0,0.0,2.4312439417944596,14.423752275789642,14.423752275789642,0.0,0.0,0.0,0.0,0.0,0.0,0.0,0.0,0.0,0.0,0.040520732363241,0.0,141.8366259952686,0.0,0.0,141.8366259952686,0.0,0.0,0.0,55.429800799524216,0.0,0.0,0.0,0.0,0.0,0.0,0.0,0.0,0.0,0.0,593.8762841003892,0.0,0.0,1.2156219708972298,1.2156219708972298,1000.0,187.74202547855447,0.0,93.61333762852482,0.0,0.0,0.0,0.0,0.0,629.2638888191123,0.0,728.9799641328314,0.004052073236324099,0.0,0.0,0.0,0.3267707631292791,521.0345583071314,0.0,486.1932997301324,0.0,0.0,0.0,0.0,0.0,0.0,0.0,0.0,0.0,0.0,0.0,0.0,0.0,0.0,0.004052073236324099,0.0,0.0,0.0,0.0,0.0,0.0,0.0,0.0,0.0,0.0,957.7800004959433,0.0,0.0,-1000.0,-0.30390549272430745,-0.20260366181620496,0.0,0.0,0.0,0.0,0.0,0.0,0.0,0.0,0.0,0.0,0.0,0.0,14.423752275789642,167.37547126364512,0.0,0.0,-31.278748493373744,0.0,0.0,0.0,261.18608797378675,0.0,0.0,0.004052073236324099,0.0,0.004052073236324099,0.0,0.0,0.0,2.4312439417944596,4.9435293483154,4.9435293483154,0.0,0.0,0.0,0.0,0.0,0.0,0.0,4.72710491733818,0.0,0.0,0.0,0.0,0.0,0.0,0.0,0.0,0.0,0.0,0.0,0.0,0.0,0.0,0.0,0.0,0.0,0.0,0.0,0.0,0.0,0.0,0.0,0.0060781098544861484,0.0,0.0,0.0,-55.429800799524216,0.0,0.0,0.0,0.0,0.0,-373.90770958248874,0.20260366181620496,0.0,0.0,0.0,0.0,71.28273680825981,-257.02084202482206,0.0,0.0,0.0,0.0,0.0,0.0,0.0,0.0,14.423752275789642,0.0,0.0,1000.0,95.18958535273518,0.0,68.91669027007336,516.6792559625945,0.0,-879.9345876303493,879.9345876303493,0.0,0.0,132.5510884898829,0.0,0.20260366181620496,1000.0,0.0,0.0,-141.8366259952686,-100.07937325480019,0.0,0.0,0.0,0.0,0.0,0.0,0.0,0.0,0.0,-0.6078109854486229,0.0,4.9435293483154,0.0,179.9570801964573,179.9570801964573,-38.12045420118869,0.0,0.0,0.0,0.0,0.0,764.4383619615988,0.0,0.0,374.81942606066167,-0.3267707631292791,-595.1347968941687,0.0,1.2156219708972298,0.0,0.0,0.0,0.0,36.55670537313202,0.0,0.0,0.004457280559904575,0.0,0.0,0.0,2.4717646741577,0.0,0.0,0.0,0.0,46.89107033796305,0.0,0.0,0.0,0.0,0.0,0.0,0.0,0.0,0.0,0.0,0.0004052073236324099,0.0004052073236324099,0.0,0.0,0.0,0.0,0.0,0.0,0.0,0.0,0.0,0.0,141.8366259952686,0.0,0.0,0.0,0.0,373.90770958248874,0.0,0.0,0.0,0.0,0.0,0.0,0.0,141.61937571891235,0.0,0.0,0.0,0.0,0.0,-477.4890424519089,278.0025380276356,0.0,0.0,0.0,2.4312439417944596,0.0,0.0,0.0,0.0,0.0,0.0,-2.4312439417944596,0.0,0.0,0.0,0.0,0.0,0.0,0.0,0.0,0.0,141.8366259952686,141.8366259952686,0.0,-1000.0,-966.5106288397797,2.775670166882008,0.0,-55.429800799524216,0.0,999.9837917070547,0.0,0.0,0.0,0.0,0.0,0.0,0.0,0.0,0.0,750.0,0.0,-750.0,-750.0,0.0,0.0,0.0,0.0,-0.5065091545405124,14.423752275789642,-0.30390549272430745,-0.3039054927243074,0.0,0.0,0.0,0.0,0.0,0.0,-0.05065091545405124,100.07937325480019,0.0,0.0,0.0,0.0,0.0,0.0,0.0,728.9799641328314,1.2156219708972298,1.2156219708972298,0.0,0.0,0.0,0.0,0.0,0.004457280559904575,373.90770958248874,0.0,0.0,-999.9837917070547,0.0,0.0,0.0,0.0,0.0,0.0,0.0,0.0,0.0,0.0,0.0,0.0,0.0,0.0,0.0,0.0,0.0,1.2561427032604706,0.0,4.254676898140304,0.312009639196954,0.0,0.0,0.0,0.0,0.0,373.90770958248874,0.0,879.2894975711265,0.0,0.0,0.0,-0.5065091545405124,0.0,0.0,0.0,0.0,0.0,0.0,0.0,0.0,0.0,0.0,0.0,0.0,0.0,0.0,0.0,0.0,0.0,0.0,-0.004052073236324099,0.0,0.0,0.20260366181620496,376.5026310296996,0.0,0.0,0.0,0.0,14.423752275789642,0.0,0.0,0.0,0.34888350564745296,0.10130183090810246,0.0,0.0,0.0,0.004052073236324099,0.0,4.052073236324099,0.0,0.8104146472648198,0.02894338025945785,13.817569735865176,-0.0030390549272430742,0.20260366181620496,0.081041464726482,-0.020260366181673817,-13.817569735865176,1.2156219708972298,-0.004052073236324099,1.4517674481789706,93.61333762852482,0.0010130183090810247,0.028943380259457852,-4.355302344536912,-0.6450900592227526,141.75558453054214,397.6274719866554,-0.004052073236232719,0.0010130183090810247,-13.817569735865176,77.77396534335213,0.004052073236324099,0.004052073236324099,-373.8992002286925,0.004457280559956509,0.0,-0.0030390549272430742,1.2156219708972298,0.004052073236324099,55.429800799524216,52.18814221046493,-0.0020260366181620495,-78.02433175302646,-0.409259396868734,-0.0030390549272430742,-0.004052073236324099,0.0,0.004052073236324099,0.4052073236324099,-0.081041464726482,0.0,0.0,-0.4052073236324105,-397.6274719866554,0.0,0.8104146472648198,0.0060781098544861484,-597.5074504655855,0.4052073236324099,-102.90821136284093,93.61333762852482,-0.8104146472648198,0.0020260366181620495,0.040520732363241,121.49795883147318,96.0,-0.004052073236324099,-374.81942606066167,373.8992002286925,1.2561427032604706,0.004052073236324099,0.6450900592227526,-42.832087103410785,93.61333762852482,-0.004052073236324099,-0.0010130183090810247,-93.61333762852482,-0.004052073236324099,-13.265835378899347,0.004052073236210412,-0.0010130183090810247,-0.0010130183090810247,-0.0010130183090810247,1.6208292945296396,-52.18814221046493,0.040520732363241,3.0020797589612016,-0.0010130183090810247,241.5441502147674,0.20260366181620496,6.835521351265879,0.004052073236324099,0.0020260366181620495,0.0020260366181620495,40.0,0.0,0.004052073236324099,0.0,0.040520732363241,0.004052073236324099,-3.0020797589612016,0.004052073236324099,0.01620829294534932,0.020260366181673817,0.0020260366181620495,0.0010130183090810247,1.2156219708972298,-0.004052073236324099,0.0,-70.87779226527107,-6.004159517922403,0.10130183090810248,-0.4052073236324099,0.8104146472648198,0.20260366181620496,-0.004052073236324099,4.355302344536912,0.0060781098544861484,-0.004052073236324099,-80.0,0.0,38.02363301451996,0.0020260366181620495,-13.671042702531757,-0.004052073236324099,-0.004052073236210412,-0.004052073236324099,0.0020260366181620495,13.817569735865176,-0.8104146472648198,0.004052073236324099,242.99591766294637,-0.0010130183090810247,-0.004457280559956509,-242.99591766294637,0.6078109854486148,0.409259396868734,288.7033606509617,13.817569735865176,-0.0030390549272430742,374.81942606066167,-96.0,0.004052073236232719,-0.0010130183090810247,0.20260366181620496,4.052073236324099,-0.0020260366181620495,-0.004052073236324099,0.0010130183090810247,641.1582164753765,0.0,-402.49457557103267,0.0,-46.0,0.0,-108.0,0.11037752676592957,77.36875801971972,92.94035742564267,-93.0,-65.0,-1000.0,-46.47017871282134,23.0,46.5,-77.36875801971972,-0.05518876338296479,-373.90770958248874,-74.58033838765198,1000.0,65.0,-74.58033838765198,108.0,-32.78656011011081,0.0,1496.5981,hclb
158,0.0,0.0,0.0,0.0,0.0,0.0,0.0,0.0,-0.006729215711626642,0.0,0.0,0.0,0.0,0.0,0.0,0.0,850.017284586113,0.0,0.0,-576.1754406787775,0.0,0.0,0.0,0.0,0.0,0.0,0.0,0.0,0.0,716.0915670640937,228.1329896452957,-228.1329896452957,27.541005066875055,0.0,0.0,0.0,0.0,230.8205860543071,0.0,-1000.0,415.1885367884655,0.0,0.0,0.0,0.0,0.0,0.0,48.57987308932934,-566.1088516502067,0.0,0.0,0.0,0.0,0.007402137282807916,0.0,0.0,0.0,93.88804549939037,0.0,0.0,-90.94071411249077,0.0,130.07651439709852,0.0,0.0,0.0,0.0,0.0,136.69489256910526,270.0256430439456,0.0,0.06729215711626643,0.0,0.0,0.0,0.0,0.0,0.0,0.0,0.0,0.0,0.0,-167.619565933821,0.0,4.037529426975985,0.0,27.349031395257576,-310.8124324978325,455.5608441482978,-240.9221563368643,385.9162072039873,0.0,0.0,-876.5438505022665,2.0187647134879927,0.0,2.0187647134879927,0.0,0.0,0.0,0.0,0.33646078558133213,716.0915670640937,0.0,0.0,-3.31027926589798,0.0,743.7310128442946,0.0,0.0,0.0,0.0,0.0,0.0,0.0,0.0,0.0,0.0,0.0,0.0,0.0,0.0,0.0,0.0,-627.468834767587,0.0,0.0,2.0187647134879927,0.0,2.0860568706042595,0.0,0.0,281.25000000000017,-281.25000000000017,0.0,0.0,0.0,0.0,0.0,-39.13580028460775,0.0,0.0,0.0,0.0,0.0,195.48674693887384,0.006729215711626642,385.9178895079152,0.0,0.0,963.2257006658602,-963.2257006658602,0.0,0.0,0.0,0.0,-243.5894275927235,0.0,0.0,0.0,0.0,0.0,109.42245689564845,109.42245689564845,0.0,0.0,0.0,-656.2499999999999,-595.0932805026208,0.0,0.0,337.5621757566558,0.0,0.0,0.0,-407.81144966255414,0.0,0.0,0.0,0.0,0.0,0.0,0.0,0.0,0.0,0.0,-169.00003291237385,0.0,0.0,0.0,0.0,-1000.0,0.0,0.0,0.0,0.0,0.0,0.0,0.0,141.50387968749652,-141.50387968749652,39.13580028460775,0.0,0.0,0.0,0.0,0.0,0.0,0.0,-937.1869951062787,0.0,0.0,0.0,0.0,0.0,0.0,0.0,0.0,0.0,0.0,0.0,0.0,0.0,195.34966620933585,-40.30831371534934,-1000.0,0.0,0.0,0.0,0.0,84.32034921312571,0.0,0.0,0.0,0.0,-90.94071411249077,-1000.0,228.1329896452957,0.0,0.0,0.0,0.0,0.0,0.0,0.0,473.92837164115895,0.0,0.0,0.0,0.0,314.0569644608013,-735.4174044605427,0.0,1000.0,0.0,0.0,39.13580028460775,284.0998080571684,0.0,0.0,0.0,-65.42014019018399,0.0,0.0,-1000.0,0.0,0.0,-1000.0,0.0,0.0,597.0647238357943,0.0,442.24972315675825,0.0,0.0,-104.68163766229513,0.0,0.0,0.0,209.41102169011594,0.0,-209.41102169011594,0.0,1000.0,0.0,0.0,-535.5905548747975,-656.25,0.0,0.0,-90.94071411249077,-0.010093823567439963,0.0,0.0,0.0,0.0,0.006729215711626642,0.0,0.0,0.0,400.59671414761965,850.017284586113,0.0,-69.46420294411159,189.26602062321035,0.0,417.2073015019535,0.0,0.0,0.0,-3.31027926589798,0.0,0.0,0.0,861.6899676634525,-861.6899676634525,0.0,-1000.0,-1000.0,0.0,0.0,0.0,0.0,0.0,0.0,0.0,0.0,0.0,0.0,0.0,0.0,0.0,0.0,0.0,0.0,0.0,0.0,0.0,-1000.0,0.0,769.1524970828466,245.57870124994906,0.0,0.0,0.0,-441.2821289347371,0.0,167.619565933821,0.0,0.0,0.0,0.0,843.6860531773231,-958.8751354348251,0.0,724.9950750943473,0.0,-0.33646078558133213,-356.3866213131653,-514.9436207787636,-843.6860531773231,958.5386746492437,-344.8892764253727,-0.16823039279066607,0.0,-1000.0,0.0,0.0,1000.0,324.07494483127806,2.0187647134879927,0.0,0.0,0.0,0.0,0.0,0.0,0.0,-195.34966620933585,195.34966620933585,195.34966620933585,94.96443612357265,0.0,0.0,-744.4983768605402,0.0,0.0,0.0,0.0,0.0,-166.31916571907414,0.0,0.0,0.0,0.0,0.0,0.0,0.0,-42.32707842883734,0.013458431423245825,0.0,0.0,0.0,0.0,0.0,0.0,0.0,0.0,0.0,0.0,0.0,0.0,0.0,0.0,0.0,0.0,0.0,0.0,0.0,0.007402137282807916,0.007402137282807916,228.1329896452957,262.4055044448752,0.0,4.037529426975985,0.0,0.0,0.0,1000.0,0.0,0.0,27.349031395257576,0.0,0.0,173.23802684081227,-1000.0,0.0,0.0,0.0,0.0,0.0,0.0,0.0,0.0,0.0,0.0,0.0,0.0,0.0,209.15627825586236,-400.59671414761965,0.0,0.0,27.867181005052828,0.0,0.0,-876.5438505022665,-1000.0,0.0,173.23802684081227,0.0,130.9109484119749,0.0,0.0,0.0,195.34966620933585,0.0,0.0,0.0,0.0,0.0,0.0,0.0,0.0,0.0,0.0,0.0,0.0,0.0,4.037529426975985,39.13580028460775,39.13580028460775,0.0,0.0,0.0,0.0,0.0,0.0,0.0,0.0,0.0,0.0,0.06729215711626643,0.0,228.1329896452957,27.349031395257576,-27.349031395257576,228.1329896452957,0.0,0.0,0.0,2.0187647134879927,0.0,0.0,0.0,0.0,0.0,0.0,0.0,0.0,0.0,0.0,0.0,0.0,0.0,2.0187647134879927,2.0187647134879927,1000.0,-1000.0,0.0,0.0,0.0,0.0,0.0,0.0,0.0,283.90843293590626,0.0,349.4126883224856,0.006729215711626642,0.0,0.0,8.886890663733215,0.0,0.0,0.0,876.5438505022665,0.0,0.0,0.0,0.0,0.0,0.0,0.0,0.0,0.0,0.0,0.0,0.0,0.0,0.0,0.006729215711626642,0.0,0.0,0.0,191.06007210595564,-191.06007210595564,0.0,0.0,0.0,769.1524970828466,0.0,-28.08386175096703,0.0,0.0,-1000.0,-0.5046911783719982,0.0,-0.33646078558133213,0.0,0.0,0.0,0.0,0.0,0.0,0.0,0.0,0.0,0.0,0.0,39.13580028460775,0.0,0.0,0.0,324.4114056168594,0.0,0.0,0.0,-0.006729215711626642,0.0,0.0,0.006729215711626642,0.0,0.006729215711626642,0.0,406.72053561305086,0.0,4.037529426975985,8.209643168184504,8.209643168184504,0.0,0.0,0.0,0.0,0.0,0.0,167.619565933821,0.0,0.0,0.0,0.0,0.0,230.81183513924452,631.457517996979,0.0,0.0,0.0,0.0,0.0,0.0,0.0,0.0,0.0,0.0,0.0,0.0,0.0,123.45614949773346,0.0,-319.6604344591336,319.6604344591336,0.010093823567439963,0.0,0.0,0.0,-2.0187647134879927,0.0,0.0,0.0,0.0,0.0,-262.4055044448752,0.33646078558133213,0.0,0.0,0.0,656.2499999999999,595.0932805026208,441.2821289347371,-0.33646078558133213,0.0,0.0,0.0,0.0,0.0,0.0,0.0,39.13580028460775,0.0,0.0,0.0,67.05583823553934,0.0,63.65415685767467,-3.31027926589798,0.0,0.0,167.619565933821,-167.619565933821,0.0,275.89016488898386,0.0,0.33646078558133213,946.4971988199351,0.0,0.0,-228.1329896452957,-221.0172285095893,0.0,0.0,0.0,0.0,0.0,0.0,0.0,0.0,0.0,242.12920684499758,-74.1385562893679,8.209643168184504,0.0,0.0,0.0,228.1329896452957,0.0,0.0,0.0,0.0,0.0,473.92837164115895,0.0,0.0,189.78102169062345,-8.886890663733215,381.86351838474184,0.0,2.0187647134879927,27.349031395257576,0.0,0.0,0.0,-271.45516824557603,0.0,0.0,0.007402137282807916,0.0,0.0,0.0,4.104821584092252,0.0,0.0,0.0,0.0,-40.30831371534934,0.0,0.0,0.0,0.0,0.0,0.0,0.0,0.0,-425.06264043217016,0.0,367.0685672671822,0.0006729215711626835,0.0,0.0,0.0,0.0,0.0,0.0,0.0,0.0,0.0,8.886890663733215,228.1329896452957,0.0,0.0,0.0,0.0,262.4055044448752,0.0,0.0,0.0,0.0,0.0,0.0,0.0,0.0,0.0,0.0,0.0,54.69806279051515,1000.0,0.0,0.0,0.0,0.0,0.0,4.037529426975985,0.0,0.0,0.0,0.0,0.0,0.0,-4.037529426975985,0.0,54.69806279051515,0.0,0.0,0.0,0.0,0.0,0.0,0.0,228.1329896452957,228.1329896452957,0.0,-349.4126883224856,0.0,866.8788658986879,-799.0685792114484,797.0498144979605,0.0,999.9730831371537,0.0,0.0,0.0,0.0,0.0,0.0,0.0,0.0,0.0,0.0,0.0,0.0,0.0,0.0,0.0,0.0,0.0,-0.8411519639533303,39.13580028460775,-0.5046911783719982,935.9032182472195,0.0,0.0,0.0,0.0,0.0,687.2442856126083,-687.3284008090037,166.31916571907414,0.0,0.0,0.0,0.0,0.0,0.0,0.0,1000.0,2.0187647134879927,2.0187647134879927,0.0,0.0,0.0,0.0,0.0,0.007402137282807916,262.4055044448752,0.0,0.0,-999.9730831371537,367.067894345611,0.0,0.0,0.0,0.0,0.0,0.0,0.0,0.0,0.0,0.0,0.0,0.0,0.0,363.19048503609224,0.0,0.0,0.0,0.0,7.065676497207974,195.48674693887384,0.0,0.0,0.0,0.0,0.0,262.4055044448752,0.0,-195.70342768478804,0.0,0.0,0.0,-0.8411519639533303,0.0,0.0,0.0,0.0,0.0,0.0,0.0,0.0,0.0,0.0,0.0,0.0,0.0,0.0,0.0,0.0,0.0,0.0,-0.006729215711626642,0.0,0.0,0.33646078558133213,-173.23802684081227,0.0,0.0,0.0,0.0,39.13580028460775,0.0,0.0,0.0,-861.6899676634525,0.16823039279066607,0.0,0.0,0.0,0.006729215711626642,0.0,6.729215711626642,-2.0860568706042595,1.3458431423253288,0.04806582651161888,18.774511835438336,-0.0050469117837199816,0.33646078558133213,0.13458431423253286,-0.03364607855791878,-18.774511835438336,2.018764713487993,-0.006729215711626643,1.1034264219659933,0.0,0.0016823039279066608,0.04806582651161888,-3.3102792658979796,-28.420322536548362,227.99840533106317,-273.8418439073355,-0.006729215711626643,0.0016823039279066608,-18.774511835438336,0.6729215711626643,0.006729215711626643,0.006729215711626642,-262.3913730918808,-27.341629257974798,-63.24752496391647,-0.0050469117837199816,2.0187647134879927,0.006729215711626643,2.0187647134879967,-3.364607855813321,-0.0033646078558133216,313.4575110884359,-85.0,-0.0050469117837199816,-0.006729215711626643,-2.0860568706042595,0.006729215711626642,0.6729215711626643,-0.13458431423253286,123.45614949773346,123.45614949773346,-0.6729215711626643,273.8418439073355,-123.45614949773346,1.3458431423253285,0.010093823567439963,-1000.0,0.6729215711626643,-209.15627825586236,0.0,-1.3458431423253285,0.0033646078558133216,0.06729215711626643,17.366050736027898,68.40168137786466,-0.006729215711626642,-263.91957797999135,262.3913730918808,2.0860568706042595,0.006729215711626643,28.420322536548362,-8.075058853951962,0.0,-0.006729215711626642,-0.0016823039279066608,0.0,-0.006729215711626643,-42.32707842883734,0.00672921571174033,-0.0016823039279066608,-0.0016823039279066608,-0.0016823039279066608,2.691686284650657,3.364607855813321,0.06729215711626643,309.52802490318925,-0.0016823039279066608,33.628675050089804,0.33646078558133213,21.5,0.006729215711626642,0.0033646078558133216,0.0033646078558133216,0.6729215711626643,2.0860568706042595,0.006729215711626642,-2.0860568706042595,0.06729215711626643,0.006729215711626643,-918.6130593288705,0.006729215711626643,0.026916862846292133,0.03364607855791878,0.0033646078558133216,0.0016823039279066608,2.0187647134879927,-0.006729215711626643,63.24752496391647,-113.99920266553158,-619.0560498063785,0.16823039279066604,-0.6729215711626643,1.3458431423253285,0.33646078558133213,-0.006729215711626643,3.3102792658979796,0.010093823567439963,-0.006729215711626643,-1.3458431423253285,2.0860568706042595,374.5762295337353,0.0033646078558133216,-43.0,-0.006729215711626643,-0.00672921571174033,-0.006729215711626643,0.0033646078558133216,18.774511835438336,-1.3458431423253285,0.006729215711626642,34.732101472055795,-0.0016823039279066608,27.341629257974798,-34.732101472055795,1.0093823567439963,85.0,954.9050900743384,18.774511835438336,-0.0050469117837199816,263.91957797999135,-68.40168137786466,0.006729215711626643,-0.0016823039279066608,0.33646078558133213,6.729215711626642,-0.0033646078558133216,-0.006729215711626643,0.0016823039279066608,0.0,0.0,643.8540678932142,609.0850344256812,-46.0,43.962329267735704,113.00539090875318,-31.0,0.0,-32.0,-93.0,-65.0,-356.14256749893,16.0,23.0,46.5,0.0,15.5,-262.4055044448752,-103.12106128815925,356.14256749893,65.0,-103.12106128815925,-113.00539090875318,60.20376409577124,-43.962329267735704,1496.5981,hclb
159,0.0,0.0,0.0,0.0,0.0,0.0,0.0,0.0,266.3819924505068,0.0,0.0,0.0,0.0,0.0,0.0,0.0,-81.30821744152308,298.91884036325786,0.0,0.0,0.0,0.0,0.0,550.0326991925394,0.0,0.0,0.0,0.0,0.0,81.30821744152308,125.56207246170518,-125.56207246170518,376.135069668712,0.0,0.0,0.0,0.0,999.9755336521423,0.0,-1000.0,615.9766890440751,0.0,0.0,651.4531609888891,0.0,0.0,0.0,0.0,0.0,0.0,0.0,0.0,0.0,0.006728245660873274,0.0,0.0,0.0,1.2233173928849992,0.0,0.0,-32.16402555234892,0.0,57.49300912261944,-5.357014510388852,0.0,0.0,0.0,0.0,30.685998080659374,0.0,0.0,0.061165869644249964,0.0,0.0,0.0,0.0,0.0,0.0,0.0,0.0,0.0,0.0,0.0,0.0,3.669952178654998,0.0,0.0,-404.35629068077316,265.2432832051822,275.41541295580265,-0.001529146741106249,0.0,0.0,988.1964254725908,1.834976089327499,0.0,1.834976089327499,-125.75902656195953,0.0,0.0,0.0,287.9448557856689,-520.4661829930299,0.0,0.0,0.0,0.0,0.0,0.0,0.0,0.0,0.0,0.0,0.0,0.0,0.0,0.0,0.0,0.0,0.0,0.0,0.0,0.0,0.0,-293.5106601240892,0.0,0.0,1.834976089327499,0.0,1.8961419589717485,0.0,0.0,0.0,0.0,0.0,0.0,-582.6836660321866,0.0,0.0,551.9976679515272,0.0,0.0,0.0,0.0,0.0,0.47097719626072665,0.006116586964424996,0.0,0.0,0.0,-1000.0,457.378579378867,0.0,0.0,0.0,0.0,-191.94716653564168,0.0,0.0,0.0,0.0,0.0,179.7162847871351,179.7162847871351,0.0,0.0,0.0,0.0,1000.0,0.0,0.0,305.2844738358047,0.0,0.0,0.0,518.4720955420275,0.0,0.0,0.0,0.0,0.0,0.0,0.0,0.0,0.0,0.0,-843.6623672268704,0.0,0.0,0.0,0.0,-1000.0,0.0,0.0,0.0,0.0,0.0,0.0,0.0,-540.6586961609848,540.6586961609848,0.0,0.0,0.0,0.0,0.0,0.0,0.0,601.774400434553,-394.36647014230516,0.0,0.0,0.0,0.0,0.0,0.0,0.0,0.0,0.0,0.0,0.0,0.0,0.0,259.0708866687971,502.068055406903,0.0,0.0,0.0,0.0,0.0,37.29264937427024,0.0,0.0,0.0,0.0,-32.16402555234892,-651.4531609888891,125.56207246170518,0.0,0.0,0.0,0.0,0.0,0.0,0.0,0.0,0.0,0.0,0.0,194.09802063383296,1000.0,-945.014986841758,0.0,0.0,0.0,0.0,30.685998080659374,-992.5377639034015,0.0,0.0,0.0,-332.6593283440118,0.0,0.0,-1000.0,0.0,0.0,-1000.0,0.0,0.0,-275.41541295580265,0.0,162.61643488304617,0.0,0.0,-20.227371743524486,0.0,0.0,0.0,0.0,0.0,0.0,0.0,305.27224066187586,30.685998080659374,0.0,0.0,0.0,0.0,0.0,-32.16402555234892,-0.009174880446637492,0.0,0.0,0.0,0.0,0.006116586964424996,0.0,0.0,0.0,960.8723745364023,-81.30821744152308,0.0,0.0,57.319479407425206,0.0,508.3489844456282,0.0,-585.6168383164638,0.0,0.0,0.0,0.0,0.0,-0.5266381376369978,594.3794608016991,-8.235984347598256,251.427568239544,-1000.0,0.0,0.0,0.0,0.0,0.0,0.0,0.0,0.0,0.0,0.0,0.0,0.0,0.0,0.0,0.0,0.0,0.0,0.0,0.0,-1000.0,0.0,0.0,0.0,818.9611258218742,0.0,0.0,125.09109526544445,0.0,0.0,0.0,0.0,287.6390264374476,0.0,0.0,-357.61544591471704,999.8470853258893,-625.0654588823585,-65.3207189955332,393.41537387737463,0.0,0.0,0.0,-195.99045956316513,-571.7477967354085,-1000.0,-393.7212032255959,0.0,0.0,0.0,406.3411241042904,567.1126208270173,1.834976089327499,0.0,0.0,0.0,326.3556262074626,0.0,266.3881090374712,345.95881363376645,86.88792696496934,-86.88792696496934,-86.88792696496934,-579.8491898409734,0.0,0.0,0.0,0.0,0.0,601.774400434553,0.0,0.0,-95.01404918535721,0.0,0.0,109.46268068777438,0.0,0.0,0.0,0.0,-42.3883413035575,0.012233173928507313,0.0,0.0,0.0,0.0,0.0,0.0,0.0,0.0,0.0,0.0,0.0,0.0,0.0,0.0,0.0,0.0,0.0,0.0,0.0,0.006728245660873274,0.006728245660873274,125.56207246170518,353.84756927591206,0.0,3.669952178654998,0.0,47.79058075549116,0.0,950.6280643909093,0.0,0.0,0.0,0.0,0.0,-654.5784829669889,-950.6280643909093,0.0,0.0,0.0,0.0,0.0,109.46268068777438,0.0,0.0,0.0,0.0,0.0,0.0,0.0,97.83688670802974,-960.8723745364023,542.621420621133,0.0,0.47097719626072665,0.0,-1.9116590821681712,990.108084554759,952.8154351804887,0.0,-654.5784829669889,0.0,-586.084935650485,-110.88188862006132,0.0,0.0,259.0708866687971,0.0,0.0,0.0,0.0,0.0,0.0,0.0,0.0,0.0,0.0,0.0,0.0,0.0,3.669952178654998,30.685998080659374,30.685998080659374,0.0,0.0,0.0,0.0,0.0,0.0,0.0,0.0,0.0,0.0,0.061165869644249964,0.0,125.56207246170518,0.0,0.0,125.56207246170518,0.0,0.0,0.0,1.834976089327499,0.0,0.0,0.0,0.0,0.0,0.0,0.0,0.0,0.0,0.0,-68.26499046531626,0.0,0.0,1.834976089327499,1.834976089327499,1000.0,-950.6280643909093,0.0,109.46268068777438,0.0,0.0,0.0,0.0,0.0,-730.9613852465142,601.774400434553,-1000.0,0.006116586964424996,0.0,0.0,8.077826884660983,0.0,345.2702462406258,0.0,-988.1964254725908,0.0,-30.685998080659374,0.0,0.0,0.0,0.0,0.0,0.0,0.0,0.0,0.0,0.0,0.0,0.0,0.006116586964424996,0.0,0.0,0.0,0.0,0.0,0.0,0.0,0.0,0.0,0.0,125.09109526544445,0.0,0.0,-1000.0,-0.4587440223318747,0.0,-0.3058293482212498,0.0,-656.25,-656.25,656.25,0.0,0.0,0.0,0.0,0.0,0.0,0.0,30.685998080659374,0.0,0.0,0.0,567.4184501752385,0.0,0.0,0.0,266.3819924505068,0.0,0.0,0.006116586964424996,0.0,0.006116586964424996,0.0,0.0,0.0,3.669952178654998,7.462236096598531,7.462236096598531,0.0,0.0,0.0,0.0,0.0,0.0,0.0,542.621420621133,0.0,601.774400434553,0.0,0.0,0.0,0.0,0.0,0.0,0.0,0.0,0.0,0.0,0.0,0.0,0.0,0.0,0.0,0.0,0.0,37.29264937427024,0.0,0.0,0.0,0.009174880446637492,0.0,0.0,0.0,-1.834976089327499,0.0,0.0,0.0,0.0,0.0,-353.84756927591206,0.3058293482212498,0.0,0.0,0.0,0.0,-1000.0,-125.09109526544445,-0.3058293482212498,0.0,0.0,0.0,0.0,0.0,0.0,0.0,30.685998080659374,0.0,0.0,129.4671133098932,94.776682607115,0.0,606.398103228248,345.2702462406258,0.0,0.0,0.0,0.0,0.0,-1000.0,47.79058075549116,0.3058293482212498,1000.0,0.0,0.0,-125.56207246170518,-95.01404918535721,-406.2500000000455,406.2500000000455,-968.749999999935,968.749999999935,0.0,0.0,0.0,0.0,0.0,842.7448791822067,0.0,7.462236096598531,0.0,0.0,0.0,125.56207246170518,0.0,0.0,0.0,0.0,0.0,0.0,0.0,0.0,355.2238013429077,-8.077826884660983,0.0,0.0,1.834976089327499,0.0,0.0,0.0,0.0,-245.1747757596358,0.0,0.0,0.006728245660873274,0.0,0.0,0.0,3.7311180482992476,0.0,0.0,0.0,0.0,502.068055406903,0.0,0.0,0.0,0.0,0.0,0.0,0.0,0.0,0.0,0.0,884.9757253440467,0.0006116586964424996,0.0,0.0,0.0,0.0,0.0,0.0,0.0,0.0,0.0,8.077826884660983,125.56207246170518,0.0,0.0,0.0,0.0,353.84756927591206,0.0,0.0,0.0,0.0,0.0,0.0,0.0,0.0,0.0,0.0,0.0,0.0,0.0,0.0,298.91884036325786,0.0,0.0,0.0,3.669952178654998,0.0,0.0,0.0,0.0,0.0,0.0,-3.669952178654998,0.0,0.0,0.0,0.0,0.0,0.0,0.0,0.0,0.0,125.56207246170518,125.56207246170518,0.0,757.3846178584633,-1000.0,4.189862070631121,-1.834976089327499,0.0,0.0,999.9755336521423,0.0,0.0,0.0,0.0,0.0,0.0,0.0,0.0,0.0,0.0,0.0,0.0,0.0,0.0,0.0,0.0,47.79058075549116,-0.7645733705531246,30.685998080659374,-288.0977704597795,-0.4587440223318747,0.0,0.0,0.0,0.0,0.0,0.0,-0.07645733705531246,95.01404918535721,0.0,0.0,0.0,0.0,0.0,0.0,0.0,757.3846178584633,1.834976089327499,1.834976089327499,0.0,0.0,0.0,0.0,0.0,0.006728245660873274,353.84756927591206,0.0,0.0,-999.9755336521423,884.9751136853503,0.0,0.0,0.0,0.0,0.0,0.0,0.0,0.0,0.0,0.0,0.0,0.0,0.0,0.0,0.0,0.0,0.0,0.0,6.422416312646246,0.47097719626072665,0.0,0.0,0.0,0.0,0.0,353.84756927591206,0.0,-0.6679312965150785,0.0,0.0,0.0,-0.7645733705531246,0.0,0.0,0.0,0.0,0.0,0.0,0.0,0.0,0.0,0.0,0.0,0.0,0.0,0.0,0.0,0.0,0.0,0.0,-0.006116586964424996,0.0,0.0,0.3058293482212498,654.5784829669889,0.0,0.0,0.0,0.0,30.685998080659374,0.0,0.0,0.0,0.5266381376369978,0.1529146741106249,0.0,0.0,0.0,0.006116586964424996,0.0,6.116586964424996,-1.8961419589717485,1.2233173928849992,0.04368990688874997,17.065277630745737,-0.004587440223318746,553.6059054778822,0.12233173928849993,-0.030582934822177776,-17.065277630745737,1.834976089327499,-0.006116586964424996,0.0,109.46268068777438,0.001529146741106249,0.04368990688874997,0.0,-0.9737606447363283,125.43974072241669,-217.61062292173477,-0.006116586964424995,0.001529146741106249,-17.065277630745737,248.66576860991168,0.006116586964424996,0.006116586964424996,-353.83472444328675,0.006728245660895836,-73.25316473164375,-0.004587440223318746,1.834976089327499,0.006116586964424996,1.834976089327499,-3.0582934822124983,-0.003058293482212498,265.20033126728543,-37.91042465767717,-0.004587440223318747,-0.006116586964424996,-1.8961419589717485,0.006116586964424996,0.6116586964424996,-0.12233173928849993,37.29264937427024,37.29264937427024,-0.6116586964425039,217.61062292173477,-37.29264937427024,1.2233173928849992,0.009174880446637494,320.29688363104395,0.6116586964424996,-97.83688670802974,109.46268068777438,-1.2233173928849992,0.003058293482212498,0.061165869644249964,0.0,96.0,-0.006116586964424996,-355.2238013429077,353.83472444328675,1.8961419589717485,0.006116586964424996,0.9737606447363283,-145.93133358300472,109.46268068777438,-0.006116586964424996,-0.001529146741106249,-109.46268068777438,-0.006116586964424996,-42.3883413035575,0.006116586964538683,-0.001529146741106249,-0.001529146741106249,-0.001529146741106249,2.4466347857699984,3.0582934822124983,0.061165869644249964,4.531626367266831,-0.001529146741106249,0.0,0.3058293482212498,21.5,0.006116586964424996,0.003058293482212498,0.003058293482212498,40.0,1.8961419589717483,0.006116586964424996,-1.8961419589717485,0.061165869644249964,0.006116586964424996,-4.531626367266831,0.006116586964424996,0.02446634785770381,0.030582934822177776,0.003058293482212498,0.001529146741106249,1.834976089327499,-0.006116586964424996,73.25316473164375,-62.71987036120834,-9.063252734533663,553.4529908037715,-0.6116586964424996,1.2233173928849992,0.3058293482212498,-0.006116586964424996,0.0,0.009174880446637492,-0.006116586964424996,-80.0,1.8961419589717483,387.8845436927652,0.003058293482212498,-43.0,-0.006116586964424996,-0.006116586964538683,-0.006116586964424996,0.003058293482212498,17.065277630745737,-1.2233173928849992,0.006116586964424996,0.0,-0.001529146741106249,-0.006728245660895836,0.0,0.9174880446637493,37.91042465767717,-547.2000472620103,17.065277630745737,-0.004587440223318747,355.2238013429077,-96.0,0.006116586964424995,-0.0015291467411062492,0.3058293482212498,6.116586964424996,-0.003058293482212498,-0.006116586964424995,0.001529146741106249,429.79329511686296,0.0,-320.2999419245262,0.0,-46.0,0.0,464.7993117266676,-31.0,248.05410991346918,-32.0,-93.0,-65.0,0.0,16.0,23.0,46.5,-248.05410991346918,15.5,-353.84756927591206,-142.70976793312937,0.0,65.0,-142.70976793312937,-464.7993117266676,305.0594933066149,0.0,1496.5981,hclb
160,0.0,0.0,0.0,0.0,0.0,0.0,0.0,0.0,140.34932168604524,0.0,0.0,0.0,0.0,0.0,0.0,0.0,0.0,-272.46851303074516,0.0,530.6631135218743,0.0,0.0,0.0,0.0,0.0,0.0,0.0,0.0,0.0,-608.4279459436405,0.9454934536883334,-0.9454934536883334,0.0,0.0,0.0,0.0,0.0,4.076563792337895,0.0,-450.9794043667611,1000.0,0.0,0.0,0.0,0.0,0.0,0.0,0.0,608.4279459436405,0.0,0.0,0.0,0.0,0.01407917446792316,0.0,0.0,0.0,0.0,0.0,0.0,137.09392166441708,0.0,0.0,-351.26882666875383,1000.0,0.0,0.0,0.0,0.0,983.0967625495327,0.0,0.12799249516282274,0.0,0.0,0.0,0.0,0.0,0.0,0.0,0.0,0.0,0.0,-337.8258380466416,0.0,7.679549709769365,0.0,24.251309388009805,-350.2429448896487,0.009599437137211704,0.0,0.0,0.0,0.0,357.7162682823149,3.8397748548846824,0.0,3.8397748548846824,-506.61639536409194,0.0,0.0,0.0,0.6399624758141137,-828.5464486044459,0.0,0.0,-2.2728980827204404,0.0,1000.0,0.0,0.0,0.0,0.0,0.0,0.0,0.0,0.0,0.0,0.0,0.0,0.0,0.0,0.0,0.0,0.0,-935.2733369949922,0.0,0.0,3.8397748548846824,0.0,3.9677673500475046,0.0,0.0,-115.77433774113761,115.77433774113761,0.0,0.0,0.0,0.0,0.0,-488.36274833317094,0.0,0.0,0.0,0.0,0.0,363.06268964740514,0.012799249516282274,0.0031998123790705686,0.0,0.0,0.0,-604.8340651806902,0.0,0.0,337.8258380466416,0.0,-27.956298728207077,0.0,0.0,0.0,0.0,0.0,-480.22949042681336,-480.22949042681336,0.0,0.0,0.0,0.0,-1000.0,0.0,0.0,-479.27119772360874,0.0,0.0,0.0,-1000.0,-368.0890581870589,0.0,0.0,0.0,0.0,0.0,0.0,0.0,0.0,0.0,0.0,0.0,0.0,0.0,0.0,-1000.0,0.0,0.0,0.0,0.0,0.0,0.0,0.0,-0.009599437137211704,0.009599437137211704,443.12421653783525,0.0,0.0,0.0,0.0,0.0,0.0,220.11850266080552,1000.0,0.0,0.0,0.0,0.0,0.0,0.0,0.0,0.0,0.0,0.0,0.0,0.0,0.0,110.77516879769381,594.508337550753,0.0,0.0,0.0,0.0,45.238531795335696,-114.54979418839241,0.0,0.0,0.0,0.0,137.09392166441708,0.0,0.9454934536883334,0.0,0.0,0.0,0.0,0.0,0.0,0.0,0.0,2.559849903256455,0.0,0.0,-0.01919887427442341,0.0,258.1754016168545,0.0,0.0,0.0,0.0,488.36274833317094,381.17702249250885,0.0,0.0,0.0,-286.4200220748289,0.0,0.0,-692.1157140738445,307.88428592615566,0.0,-1000.0,0.0,-307.88428592615566,0.0,0.0,0.0,0.0,0.0,-292.86451619901527,0.0,0.0,0.0,-1000.0,0.0,1000.0,0.0,-552.0507243866707,0.0,45.238531795335696,0.0,0.0,0.0,0.0,137.09392166441708,-0.01919887427442341,0.0,0.0,0.0,0.0,0.012799249516282274,0.0,0.0,0.0,667.5858027956725,0.0,0.0,-131.06851404779172,788.6617035150872,368.0890581870589,881.1610929628055,0.0,1000.0,0.0,-2.2728980827204404,0.0,0.0,0.0,990.1304986979947,-1000.0,-990.1304986979947,0.0,0.0,0.0,0.0,0.0,0.0,0.0,0.0,0.0,0.0,0.0,0.0,0.0,0.0,0.0,0.0,0.0,0.0,0.0,32.74000336346374,0.0,28.612242573060712,337.8258380466416,0.0,505.2587660759793,881.2999568487952,1000.0,466.6820800578557,-362.1171961937168,0.0,0.0,0.0,0.0,0.0,0.0,1000.0,263.2743815038965,-684.159259729396,1000.0,-110.39596942877643,-867.5128078166193,911.2321296137335,-929.5683344707595,-1000.0,-704.5643224041082,-178.58622997337966,683.8392784914889,866.8728453408053,0.0,0.0,1000.0,1000.0,-781.8297436415871,3.8397748548846824,812.5000000000005,-812.5000000000005,0.0,0.0,0.0,140.36212093556153,0.0,-110.77516879769381,110.77516879769381,110.77516879769381,91.96013739042615,0.0,0.0,0.0,0.0,0.0,220.11850266080552,0.0,0.0,-165.67228622831715,0.0,0.0,122.67868189207924,0.0,0.0,0.0,0.0,-14.165502484821925,0.025598499032573097,0.0,0.0,0.0,0.0,0.0,0.0,0.0,0.0,0.0,983.0967625495327,0.0,0.0,0.0,0.0,0.0,0.0,0.0,0.0,0.0,0.01407917446792316,0.01407917446792316,0.9454934536883334,204.21531889443736,0.0,7.679549709769365,0.0,0.0,0.0,0.0,0.0,0.0,24.251309388009805,0.0,0.0,209.70257159327042,0.0,0.0,0.0,30.661833226554673,0.0,0.0,122.67868189207924,0.0,0.0,0.0,0.0,0.0,0.0,0.0,311.7577789983307,-667.5858027956725,604.8340651806902,0.0,91.60209997833252,0.0,29.14184593287206,328.57442234944284,0.0,0.0,209.70257159327042,0.0,195.5370691084485,0.0,0.0,0.0,110.77516879769381,0.0,0.0,0.0,0.0,0.0,0.0,0.0,0.0,0.0,0.0,0.0,0.0,0.0,7.679549709769365,488.36274833317094,488.36274833317094,0.0,0.0,0.0,0.0,0.0,0.0,0.0,0.0,0.0,0.0,0.12799249516282274,0.0,0.9454934536883334,24.251309388009805,-24.251309388009805,0.9454934536883334,0.0,0.0,0.0,3.8397748548846824,-30.661833226554673,0.0,0.0,66.36524837756897,0.0,0.0,0.0,0.0,0.0,0.0,377.2204033814611,-544.8585669698191,0.0,3.8397748548846824,3.8397748548846824,-334.32569091210155,0.0,0.0,122.67868189207924,0.0,0.0,0.0,0.0,0.0,933.5384899670231,220.11850266080552,1000.0,0.012799249516282274,0.0,0.0,0.0,16.90323745046726,0.7529107890378364,0.0,-357.7162682823149,0.0,0.0,0.0,0.0,0.0,0.0,0.0,0.0,0.0,0.0,0.0,0.0,0.0,0.0,0.012799249516282274,0.0,0.0,0.0,0.0,0.0,0.0,0.0,0.0,0.0,0.0,1000.0,0.0,0.0,-860.9861909081405,-0.9599437137211706,0.0,-0.6399624758141137,0.0,-406.25,-406.25,406.25,0.0,0.0,0.0,0.0,0.0,0.0,0.0,488.36274833317094,368.0890581870589,0.0,0.0,218.810218834227,0.0,0.0,0.0,140.34932168604524,0.0,0.0,0.012799249516282274,0.0,0.012799249516282274,0.0,0.0,0.0,7.679549709769365,15.615084409864373,15.615084409864373,0.0,0.0,0.0,0.0,0.0,0.0,0.0,604.8340651806902,0.0,220.11850266080552,0.0,0.0,991.2325140813466,0.0,0.0,0.0,0.0,0.0,0.0,0.0,0.0,0.0,0.0,0.0,0.0,0.0,0.0,328.57442234944284,0.0,0.0,0.0,0.01919887427442341,0.0,0.0,0.0,-3.8397748548846824,0.0,0.0,0.0,0.0,0.0,-204.21531889443736,0.6399624758141137,0.0,0.0,0.0,0.0,1000.0,0.0,-0.6399624758141137,0.0,0.0,0.0,0.0,0.0,0.0,0.0,488.36274833317094,0.0,30.661833226554673,0.0,93.44015009674355,0.0,667.2742152774338,-1.519987293682604,856.8584301177375,-362.1171961937168,0.0,-494.7412339240207,337.8258380466416,365.5619380826445,0.0,0.6399624758141137,1000.0,0.0,0.0,-0.9454934536883334,-214.17490500433675,0.0,0.0,-343.7500000000107,343.7500000000107,0.0,0.0,0.0,0.0,0.0,7.8075422049321865,-9.727429632374538,15.615084409864373,0.0,0.0,0.0,0.9454934536883334,0.0,0.0,0.0,0.0,0.0,0.0,0.0,0.0,197.36772040322634,-1000.0,0.0,0.0,3.8397748548846824,24.251309388009805,0.0,0.0,0.0,-165.6562870050053,0.0,0.0,0.01407917446792316,0.0,0.0,0.0,7.8075422049321865,0.0,0.0,0.0,0.0,594.508337550753,0.0,0.0,0.0,0.0,0.0,0.0,0.0,0.0,0.0,0.0,0.0012799249516282274,0.0012799249516282274,0.0,0.0,0.0,0.0,0.0,0.0,0.0,0.0,0.0,0.0,0.9454934536883334,0.0,0.0,0.0,0.0,204.21531889443736,0.0,0.0,0.0,0.0,0.0,0.0,0.0,0.0,0.0,0.0,0.0,48.50261877601961,1000.0,139.0910594655146,-272.46851303074516,0.0,0.0,0.0,7.679549709769365,0.0,0.0,0.0,0.0,0.0,0.0,-7.679549709769365,0.0,48.50261877601961,0.0,0.0,0.0,0.0,0.0,0.0,0.0,0.9454934536883334,0.9454934536883334,0.0,0.0,104.9920413625772,1000.0,0.0,-3.8397748548846824,0.0,4.076563792337895,0.0,0.0,0.0,0.0,0.0,0.0,0.0,0.0,0.0,0.0,0.0,0.0,0.0,0.0,0.0,0.0,0.0,-1.5999061895352842,488.36274833317094,-0.9599437137211706,1000.0,0.0,0.0,0.0,0.0,0.0,-0.15999061895352842,0.0,503.4981242749588,0.0,0.0,0.0,0.0,0.0,0.0,0.0,1000.0,3.8397748548846824,3.8397748548846824,0.0,0.0,0.0,0.0,0.0,0.01407917446792316,204.21531889443736,0.0,0.0,-4.076563792337895,0.0,0.0,0.0,0.0,0.0,0.0,0.0,0.0,0.0,0.0,0.0,0.0,0.0,0.0,0.0,0.0,0.0,0.0,0.0,13.43921199209639,25.236851600763544,0.0,0.0,0.0,0.0,0.0,204.21531889443736,0.0,-1.357629288112662,0.0,0.0,0.0,-1.5999061895352842,0.0,0.0,0.0,0.0,0.0,0.0,0.0,0.0,0.0,0.0,0.0,0.0,0.0,0.0,0.0,0.0,0.0,0.0,-0.012799249516282274,0.0,0.0,0.6399624758141137,-209.70257159327042,0.0,0.0,0.0,0.0,488.36274833317094,0.0,0.0,0.0,-990.1304986979947,0.31998123790705685,0.0,0.0,0.0,0.012799249516282274,0.0,12.799249516282273,-3.9677673500475046,2.559849903256455,0.09142321083058767,35.70990615042754,-0.009599437137211704,441.2899409002117,0.2559849903256455,-0.06399624758143194,-35.70990615042754,3.8397748548846824,-0.012799249516282274,0.7576326942401468,122.67868189207924,0.0031998123790705686,0.09142321083058767,-2.2728980827204404,-26.28894991100196,0.6895084633626878,-258.1946004911291,-0.012799249516282274,0.0031998123790705686,-35.70990615042754,1.2799249516282274,0.012799249516282274,0.012799249516282274,-204.18844047045314,-24.237230213541896,-8.86679553034321,-0.009599437137211704,3.8397748548846824,0.012799249516282274,3.8397748548846824,-6.399624758141137,-0.006399624758141137,41.36889042399117,113.2570699872479,-0.009599437137211704,-0.012799249516282274,-3.9677673500475046,0.012799249516282274,1.2799249516282316,-0.2559849903256455,328.57442234944284,328.57442234944284,-1.2799249516282274,258.1946004911291,-328.57442234944284,2.559849903256455,0.01919887427442341,-71.2260872243404,1.2799249516282274,-311.7577789983307,122.67868189207924,-2.559849903256455,0.006399624758141137,0.12799249516282274,32.76712851194793,96.0,-0.012799249516282274,-207.09515003560088,204.18844047045314,3.9677673500475046,0.012799249516282274,26.28894991100196,107.31958247254028,122.67868189207924,-0.012799249516282274,-0.0031998123790705686,-122.67868189207924,-0.012799249516282274,-14.165502484821925,0.012799249516111744,-0.0031998123790705686,-0.0031998123790705686,-0.0031998123790705686,5.11969980651291,6.399624758141137,0.12799249516282274,9.48264398538041,-0.0031998123790705686,64.77662432965572,0.6399624758141137,7.7227137182250765,0.012799249516282274,0.006399624758141137,0.006399624758141137,40.0,3.9677673500475046,0.012799249516282274,-3.9677673500475046,0.12799249516282274,0.012799249516282274,-9.48264398538041,0.012799249516282274,0.05119699806513722,0.06399624758143194,0.006399624758141137,0.0031998123790705686,3.8397748548846824,-0.012799249516282274,8.86679553034321,-0.3447542316813439,-18.96528797076082,440.9699596623047,-1.2799249516282316,2.559849903256455,0.6399624758141137,-0.012799249516282274,2.2728980827204404,0.01919887427442341,-0.012799249516282274,-80.0,3.9677673500475046,690.009261268231,0.006399624758141137,-15.445427436450153,-0.012799249516282274,-0.012799249516111744,-0.012799249516282276,0.006399624758141137,35.70990615042754,-2.559849903256455,0.012799249516282274,65.53425702389586,-0.0031998123790705686,24.237230213541896,-65.53425702389586,1.919887427442341,-113.2570699872479,-348.90445162400454,35.70990615042754,-0.009599437137211704,207.09515003560088,-96.0,0.012799249516282274,-0.003199812379070568,0.6399624758141137,12.799249516282273,-0.006399624758141137,-0.012799249516282274,0.0031998123790705686,1000.0,0.0,71.21968759958226,0.0,-46.0,0.0,400.37196264273405,-1.802850707992455,0.0,-32.0,-93.0,-65.0,0.0,16.0,23.0,46.5,0.0,0.9014253539962275,-204.21531889443736,-524.3529742632256,0.0,65.0,-524.3529742632256,-400.37196264273405,145.88622760928277,0.0,1496.5981,hclb
161,0.0,0.0,0.0,0.0,0.0,0.0,0.0,0.0,-0.00968001829132481,0.0,0.0,0.0,0.0,0.0,0.0,0.0,149.52829053056269,-356.3780550459024,0.0,42.35854039235315,0.0,0.0,0.0,352.095148223637,0.0,391.7587202054606,0.0,0.0,0.0,371.87362110451807,0.0,0.0,6.513381673551962,0.0,0.0,0.0,0.0,54.917085281560276,0.0,-1000.0,997.0959945126026,0.0,0.0,-521.4019116350808,0.0,0.0,0.0,0.0,-1000.0,-669.1688898860085,0.0,0.0,0.0,0.010648020120470392,0.0,0.0,0.0,1.936003658264962,0.0,0.0,85.29433072475874,0.0,0.0,-173.14612228208549,0.0,0.0,0.0,0.0,0.0,391.7587202054606,0.0,0.09680018291324811,0.0,0.0,0.0,0.0,0.0,0.0,0.0,694.3292741793681,0.0,0.0,0.0,0.0,5.808010974794887,0.0,0.0,1000.0,27.39560679992925,-149.51377050312567,-0.0024200045728312025,0.0,0.0,-925.2020346407512,2.9040054873974435,0.0,2.9040054873974435,0.0,0.0,0.0,0.0,0.4840009145662405,371.87362110451807,0.0,0.0,-24.27268992220974,0.0,0.0,0.0,0.0,0.0,0.0,0.0,0.0,0.0,0.0,0.0,0.0,0.0,0.0,0.0,0.0,0.0,0.0,-580.8439815903029,0.0,0.0,2.9040054873974435,0.0,3.0008056703106916,3.0008056703106916,0.0,343.7500000000002,-343.7500000000002,0.0,0.0,0.0,0.0,0.0,-258.4404530068442,0.0,0.0,0.0,0.0,0.0,0.7453614084320099,0.00968001829132481,0.0,0.0,0.0,-515.0780868648319,515.0780868648319,0.0,0.0,412.0008049617531,0.0,164.0145567373083,0.0,0.0,0.0,0.0,0.0,748.2907830720279,748.2907830720279,0.0,0.0,0.0,0.0,15.100833643377232,0.0,0.0,748.3004630903192,0.0,0.0,0.0,180.07260445158323,0.0,0.0,0.0,0.0,0.0,0.0,0.0,0.0,0.0,0.0,-554.7600017823488,0.0,0.0,0.0,0.0,-248.81443142750112,0.0,0.0,0.0,0.0,0.0,669.1688898860085,0.0,972.6043932000707,-972.6043932000707,258.4404530068442,0.0,0.0,0.0,0.0,0.0,0.0,0.0,-938.1460059446806,0.0,0.0,0.0,0.0,0.0,0.0,0.0,0.0,0.0,0.0,0.0,0.0,0.0,232.30024261359887,-39.127992683470076,478.59808836491925,0.0,0.0,0.0,0.0,-236.32462542408237,0.0,0.0,0.0,0.0,85.29433072475874,1000.0,0.0,0.0,74.29075472437444,0.0,0.0,0.0,0.0,0.0,0.31169658898066643,0.0,0.0,0.0,0.0,-945.2087864001414,972.6043932000707,0.0,-478.59808836491925,0.0,0.0,258.4404530068442,-354.6770107253285,0.0,0.0,0.0,247.46204276392893,0.0,0.0,-1000.0,0.0,0.0,-1000.0,0.0,0.0,1000.0,0.0,658.5848785465215,669.1688898860085,0.0,10.893034790655744,0.0,0.0,0.0,-183.48107724843433,0.0,183.48107724843433,0.0,748.2811030537366,0.0,0.0,0.0,0.0,0.0,0.0,85.29433072475874,-0.014520027436987215,0.0,0.0,0.0,0.0,0.00968001829132481,0.0,0.0,0.0,223.48290176836113,149.52829053056269,0.0,-579.4144248772744,-146.84416774307672,0.0,1000.0,0.0,479.1405975488932,0.0,-24.27268992220974,0.0,0.0,0.0,-0.8334495748830791,-465.27300334474126,-13.034144629268859,-505.2374449500542,-1000.0,0.0,0.0,0.0,0.0,0.0,0.0,0.0,0.0,0.0,0.0,0.0,0.0,0.0,0.0,0.0,0.0,74.29075472437444,0.0,0.0,-1000.0,0.0,945.0441946452744,0.0,240.22465868234062,523.510589748651,0.0,-1.0570579974126764,0.0,0.0,0.0,0.0,0.0,465.27300334474126,0.0,0.0,718.4168797389307,0.0,0.0,-354.7606648017796,0.0,0.0,0.0,-120.59633025573655,0.0,-718.6588801962138,354.2766638872134,-242.3338833095652,0.0,0.0,0.0,-131.41419769758903,2.9040054873974435,0.0,0.0,0.0,46.497059050689415,0.0,0.0,0.0,-232.30024261359887,232.30024261359887,232.30024261359887,-239.9624804082555,0.0,0.0,0.0,0.0,0.0,0.0,0.0,0.0,-87.85179155732675,0.0,-367.65377442007053,0.0,0.0,0.0,0.0,0.0,-42.03199817086752,0.01936003658263889,0.0,0.0,0.0,0.0,0.0,0.0,0.0,96.43020515773907,0.0,0.0,0.0,0.0,0.0,0.0,0.0,0.0,0.0,0.0,0.0,0.010648020120470392,0.010648020120470392,0.0,326.3642389553339,0.0,5.808010974794887,0.0,0.0,0.0,968.4198439607658,0.0,0.0,0.0,0.0,0.0,76.66789322166309,-968.4198439607658,0.0,0.0,0.0,0.0,0.0,0.0,0.0,0.0,0.0,0.0,0.0,0.0,0.0,193.61466053010096,-223.48290176836113,0.0,0.0,0.7453614084320099,0.0,-947.3178622235131,22.115827582761863,0.0,0.0,76.66789322166309,0.0,34.635895050795575,0.0,0.0,0.0,232.30024261359887,0.0,0.0,0.0,0.0,0.0,0.0,0.0,0.0,0.0,0.0,0.0,0.0,0.0,5.808010974794887,258.4404530068442,258.4404530068442,0.0,0.0,0.0,0.0,0.0,0.0,0.0,0.0,0.0,0.0,0.09680018291324811,0.0,0.0,0.0,0.0,0.0,0.0,0.0,0.0,2.9040054873974435,0.0,0.0,0.0,0.0,0.0,0.0,0.0,0.0,0.0,0.0,0.0,-114.15898290300692,0.0,2.9040054873974435,2.9040054873974435,1000.0,-968.4198439607658,0.0,0.0,0.0,0.0,0.0,0.0,0.0,-866.6361761544638,0.0,-444.8083288037426,0.00968001829132481,0.0,0.0,-231.89090654959307,232.6715308818006,0.0,96.43020515773907,925.2020346407512,0.0,0.0,0.0,0.0,0.0,0.0,0.0,0.0,0.0,0.0,0.0,0.0,0.0,0.0,0.00968001829132481,0.0,0.0,0.0,0.0,0.0,0.0,0.0,0.0,945.0441946452744,-415.324047250971,1000.0,-412.0008049617531,-585.7330107464417,-1000.0,-0.7260013718494065,-0.4840009145662405,0.0,0.0,-531.25,-531.25,531.25,0.0,0.0,0.0,0.0,0.0,0.0,0.0,258.4404530068442,0.0,0.0,0.0,-130.93019678302278,0.0,0.0,0.0,-0.00968001829132481,0.0,0.0,0.00968001829132481,0.0,0.00968001829132481,0.0,391.7587202054606,0.0,5.808010974794887,11.80962231541627,11.80962231541627,0.0,0.0,0.0,0.0,0.0,0.0,0.0,0.0,0.0,0.0,0.0,0.0,0.0,0.0,0.0,0.0,0.0,0.0,0.0,0.0,0.0,0.0,0.0,0.0,0.0,0.0,0.0,22.115827582761863,0.0,0.0,0.0,0.014520027436987215,0.0,0.0,0.0,-2.9040054873974435,0.0,0.0,0.0,0.0,0.0,-326.3642389553339,0.4840009145662405,0.0,0.0,0.0,0.0,-15.100833643377232,-0.4840009145662405,0.0,0.0,-367.65377442007053,0.0,0.0,0.0,0.0,0.0,258.4404530068442,0.0,0.0,465.91564252107565,94.06399634173503,0.0,63.063996341735034,-24.27268992220974,0.0,413.78298833899214,585.7330107464417,-999.5159990854338,412.0008049617531,-366.4866330407448,0.0,0.4840009145662405,1000.0,0.0,0.0,0.0,-87.85179155732675,0.0,0.0,0.0,0.0,0.0,0.0,0.0,0.0,0.0,881.8502421095321,-328.54224307088185,11.80962231541627,0.0,416.24849177927933,416.24849177927933,-416.24849177927933,0.0,0.0,0.0,0.0,0.0,0.31169658898066643,0.0,0.0,0.0,-0.7806243322075508,0.0,0.0,2.9040054873974435,0.0,0.0,0.0,0.0,50.34033269117257,0.0,0.0,0.010648020120470392,0.0,0.0,0.0,5.904811157708135,0.0,0.0,0.0,0.0,-39.127992683470076,0.0,0.0,0.0,0.0,0.0,0.0,0.0,0.0,0.0,0.0,0.0009680018291325088,0.0009680018291325088,0.0,0.0,0.0,0.0,0.0,0.0,0.0,0.0,0.0,-231.89090654959307,0.0,0.0,0.0,0.0,0.0,326.3642389553339,0.0,0.0,0.0,0.0,0.0,0.0,0.0,669.1688898860085,0.0,0.0,0.0,0.0,0.0,0.0,-356.3780550459024,0.0,0.0,0.0,5.808010974794887,0.0,0.0,0.0,0.0,0.0,0.0,-5.808010974794887,0.0,0.0,0.0,0.0,0.0,0.0,0.0,0.0,0.0,0.0,0.0,0.0,414.14154451105264,-1000.0,6.630812529557496,0.0,-2.9040054873974435,0.0,999.9612799268347,0.0,0.0,0.0,0.0,0.0,0.0,0.0,0.0,0.0,0.0,0.0,0.0,0.0,0.0,0.0,0.0,0.0,-1.2100022864156017,258.4404530068442,-0.7260013718494065,327.81624169903256,0.0,0.0,0.0,0.0,0.0,-0.12100022864156015,0.0,499.85259651907984,0.0,0.0,0.0,0.0,0.0,0.0,0.0,969.33321570731,2.9040054873974435,2.9040054873974435,0.0,0.0,0.0,0.0,694.3292741793681,0.010648020120470392,326.3642389553339,0.0,0.0,-999.9612799268347,0.0,0.0,0.0,0.0,0.0,0.0,0.0,0.0,0.0,0.0,0.0,0.0,0.0,0.0,0.0,0.0,0.0,3.0008056703106916,0.0,10.164019205891051,0.7453614084320099,0.0,0.0,0.0,0.0,0.0,326.3642389553339,0.0,0.0,0.0,0.0,0.0,-1.2100022864156017,0.0,0.0,0.0,0.0,0.0,0.0,0.0,0.0,0.0,0.0,0.0,0.0,0.0,0.0,0.0,0.0,0.0,0.0,-0.00968001829132481,0.0,0.0,0.4840009145662405,-76.66789322166309,0.0,0.0,0.0,0.0,258.4404530068442,0.0,0.0,0.0,0.8334495748830791,0.24200045728312025,0.0,0.0,391.7587202054606,0.00968001829132481,0.0,9.68001829132481,0.0,1.936003658264962,0.06914298779517722,33.00886237341761,-0.0072600137184936075,120.59633025573655,0.1936003658264962,-0.048400091456661354,-33.00886237341761,2.904005487397443,-0.00968001829132481,8.09089664073658,0.0,0.0024200045728312025,0.06914298779517722,-24.272689922209736,-1.541058911978837,-0.1936003658264962,164.49122412298652,-0.00968001829132481,0.0024200045728312025,-33.00886237341761,2.5625024651088397,0.00968001829132481,0.00968001829132481,-326.34391091692214,0.010648020120457319,0.0,-0.0072600137184936075,2.9040054873974435,0.00968001829132481,2.9040054873974435,-4.840009145662405,-0.004840009145662405,-115.46917689288884,235.34694357665856,-0.0072600137184936075,-0.00968001829132481,0.0,0.00968001829132481,0.968001829132481,-0.1936003658264962,22.115827582761863,22.115827582761863,-0.968001829132481,-164.49122412298652,-22.115827582761863,1.936003658264962,0.014520027436987215,-1000.0,0.968001829132481,-193.61466053010096,0.0,-1.936003658264962,0.004840009145662405,0.09680018291324811,144.8536062193186,96.0,-0.00968001829132481,-328.54224307088185,326.34391091692214,3.0008056703106916,0.009680018291324803,1.541058911978837,-13.210522585566371,0.0,-0.00968001829132481,-0.0024200045728312025,0.0,-0.00968001829132481,-42.03199817086752,0.00968001829132481,-0.0024200045728312025,-0.0024200045728312025,-0.0024200045728312025,3.872007316529924,4.840009145662405,0.09680018291324811,7.171683551585659,-0.0024200045728312025,281.61631579790065,0.4840009145662405,21.5,0.00968001829132481,0.004840009145662405,0.004840009145662405,0.968001829132481,0.0,0.00968001829132481,0.0,0.09680018291324811,0.00968001829132481,-7.171683551585659,0.00968001829132481,0.038720073165336544,0.048400091456661354,0.004840009145662405,0.0024200045728312025,2.9040054873974435,-0.00968001829132481,0.0,0.0968001829132481,-14.343367103171317,120.35432979845342,-0.968001829132481,1.936003658264962,0.4840009145662405,-0.00968001829132481,24.272689922209736,0.014520027436987215,-0.00968001829132481,-1.936003658264962,0.0,52.67386905193613,0.004840009145662405,-43.0,-0.00968001829132481,-0.00968001829132481,-0.00968001829132481,0.004840009145662405,33.00886237341761,-1.936003658264962,0.00968001829132481,289.7072124386372,-0.0024200045728312025,-0.010648020120457319,-289.7072124386372,1.4520027436987215,-235.34694357665856,522.3942965245357,33.00886237341761,-0.0072600137184936075,328.54224307088185,-96.0,0.00968001829132481,-0.0024200045728312025,0.4840009145662405,9.68001829132481,-0.004840009145662405,-0.009680018291324803,0.0024200045728312025,1000.0,0.0,149.50893049398002,0.0,-46.0,0.0,-108.0,-31.0,1.5945006359763587,-32.0,215.80210762151086,-65.0,-850.4862294968743,16.0,23.0,-107.90105381075543,-1.5945006359763587,15.5,-326.3642389553339,-103.0142017431087,850.4862294968743,65.0,-103.0142017431087,108.0,-47.878739621783055,0.0,1496.5981,hclb
162,0.0,0.0,0.0,0.0,0.0,0.0,0.0,0.0,279.0892176641271,0.0,0.0,0.0,0.0,0.0,0.0,0.0,1000.0,244.84569401994054,0.0,-1000.0,0.0,0.0,0.0,0.0,0.0,0.0,0.0,0.0,0.0,-1000.0,0.0,0.0,16.35715575424806,0.0,0.0,0.0,0.0,1000.0,0.0,-1000.0,789.0816488444327,0.0,-611.2460033697712,0.0,0.0,0.0,0.0,183.7785530808086,-1000.0,-703.4703687426887,0.0,0.0,0.0,0.008423785831344288,0.0,0.0,0.0,185.3101505046868,0.0,0.0,92.28059279403051,0.0,217.64877542712568,0.0,0.0,0.0,0.0,0.0,627.7514186460137,-627.7514186460137,0.0,0.07657987119391048,0.0,0.0,0.0,0.0,0.0,0.0,0.0,275.74442283100245,0.0,0.0,0.0,0.0,4.5947922716346286,0.0,0.0,-161.90708057285212,-463.8395366038196,0.011486980679086569,610.6114621461207,0.0,0.0,-689.7678819325781,2.2973961358173143,0.0,2.2973961358173143,0.0,0.0,0.0,0.0,505.6982436041573,-1000.0,0.0,0.0,-14.473602730413383,0.0,0.0,0.0,0.0,0.0,0.0,0.0,0.0,0.0,0.0,0.0,0.0,0.0,0.0,0.0,0.0,0.0,0.0,-534.8162539545724,0.0,0.0,2.2973961358173143,0.0,2.373976007011225,0.0,0.0,0.0,0.0,0.0,0.0,-705.9462571514098,0.0,0.0,396.0168889302536,0.0,0.0,0.0,0.0,0.0,0.5896650081931102,0.007657987119391046,610.6133766429006,0.0,0.0,0.0,-262.19456661163736,0.0,0.0,0.0,0.0,-236.37015865553968,0.0,0.0,0.0,0.0,0.0,69.8699792978816,69.8699792978816,0.0,0.0,0.0,0.0,0.0,0.0,0.0,69.87763728500099,0.0,0.0,0.0,-574.2353204088953,0.0,0.0,0.0,0.0,0.0,0.0,0.0,0.0,0.0,0.0,-119.76690016882378,0.0,0.0,0.0,0.0,-1000.0,0.0,0.0,0.0,0.0,0.0,703.4703687426887,611.2460033697712,593.2472254072073,-593.2472254072073,200.7946275385741,0.0,0.0,0.0,0.0,0.0,0.0,0.0,-675.2942792021647,0.0,0.0,0.0,0.0,0.0,0.0,0.0,0.0,0.0,0.0,0.0,0.0,0.0,135.49943869171665,222.25776145939378,388.7539966302288,0.0,0.0,0.0,109.1347406825821,-200.7946275385741,0.0,0.0,0.0,0.0,92.28059279403051,388.7539966302288,0.0,0.0,0.0,0.0,0.0,0.0,0.0,0.0,569.5568373624219,0.0,0.0,0.0,1000.0,-668.3327653807982,42.5861482041264,0.0,-388.7539966302288,0.0,0.0,309.9293682211562,110.66489869181895,0.0,0.0,0.0,265.7744681203472,0.0,0.0,-533.6106117372533,0.0,0.0,-533.6106117372533,0.0,0.0,129.40768880338777,0.0,1000.0,703.4703687426887,0.0,21.36578406310102,0.0,0.0,0.0,254.06876180742125,0.0,-254.06876180742125,0.0,1000.0,0.0,109.1347406825821,0.0,0.0,0.0,0.0,92.28059279403051,-0.011486980679086569,0.0,0.0,0.0,0.0,0.007657987119391046,0.0,0.0,0.0,428.1457665017609,1000.0,0.0,-111.66079046823097,303.1287064066997,0.0,689.7956145994266,0.0,0.0,0.0,-14.473602730413383,0.0,0.0,0.0,-0.6593526909795832,-468.95740680294085,469.6167594939204,-515.6118500754835,-766.1988319080397,0.0,0.0,0.0,0.0,0.0,0.0,0.0,0.0,0.0,0.0,0.0,0.0,0.0,0.0,0.0,0.0,0.0,294.80969003204757,0.0,-658.6244174532474,0.0,0.0,569.3102501771775,0.0,0.0,0.0,357.7862480012326,0.0,0.0,0.0,0.0,505.3153442481877,0.0,0.0,0.0,0.0,-158.7940118430729,-1000.0,-986.1464651191818,0.0,-479.92823915018045,0.0,-253.04057148006342,616.3773690842766,-0.19144967798477616,985.7635657632122,782.1780283919959,0.0,0.0,1000.0,-624.8364280699167,2.2973961358173143,0.0,0.0,0.0,0.0,0.0,279.0968756512465,0.0,-135.49943869171665,135.49943869171665,135.49943869171665,-52.9950073700619,0.0,0.0,-930.1376786892378,0.0,0.0,0.0,0.0,0.0,-125.36818263309517,0.0,0.0,101.58343038082349,0.0,0.0,0.0,0.0,-42.234201288060895,0.015315974238773603,0.0,0.0,0.0,0.0,0.0,0.0,0.0,77.78256746087655,0.0,0.0,0.0,0.0,0.0,0.0,0.0,0.0,0.0,0.0,0.0,0.008423785831344288,0.008423785831344288,0.0,229.96784126783845,0.0,4.5947922716346286,0.0,0.0,0.0,1000.0,0.0,0.0,0.0,0.0,0.0,131.88713899877223,-1000.0,0.0,0.0,0.0,0.0,0.0,101.58343038082349,0.0,0.0,0.0,0.0,0.0,0.0,0.0,178.27208465152412,-428.1457665017609,262.19456661163736,0.0,0.5896650081931102,0.0,0.0,-689.7678819325781,-689.7678819325781,0.0,-70.0311336750189,0.0,0.0,89.65293771071134,0.0,0.0,135.49943869171665,0.0,0.0,0.0,0.0,0.0,0.0,0.0,0.0,0.0,0.0,0.0,0.0,0.0,4.5947922716346286,309.9293682211562,309.9293682211562,0.0,0.0,0.0,0.0,0.0,0.0,0.0,0.0,0.0,0.0,0.07657987119391048,0.0,0.0,0.0,0.0,0.0,611.2460033697712,0.0,0.0,2.2973961358173143,0.0,0.0,0.0,0.0,0.0,0.0,0.0,0.0,0.0,0.0,111.44601337799683,-396.6500275876088,0.0,2.2973961358173143,2.2973961358173143,1000.0,-1000.0,0.0,101.58343038082349,0.0,0.0,0.0,0.0,0.0,515.6118500754835,0.0,1000.0,0.007657987119391046,0.0,0.0,0.0,10.11346598931579,0.0,77.78256746087655,689.7678819325781,0.0,0.0,0.0,0.0,0.0,0.0,15.532174821060858,0.0,0.0,0.0,0.0,0.0,0.0,0.0,0.007657987119391046,0.0,0.0,0.0,0.0,0.0,0.0,0.0,0.0,0.0,0.0,927.0964981784101,0.0,0.0,-953.4341074852949,-0.5743490339543286,-0.3828993559695523,0.0,0.0,-343.75,-343.75,343.75,0.0,0.0,0.0,0.0,0.0,0.0,0.0,309.9293682211562,0.0,0.0,0.0,-624.4535287139471,0.0,0.0,0.0,279.0892176641271,0.0,0.0,0.007657987119391046,0.0,0.007657987119391046,46.596524463182575,0.0,0.0,4.5947922716346286,9.342744285657078,9.342744285657078,0.0,0.0,0.0,0.0,0.0,0.0,0.0,262.19456661163736,0.0,0.0,0.0,0.0,0.0,0.0,0.0,0.0,0.0,0.0,0.0,0.0,0.0,0.0,0.0,0.0,0.0,0.0,0.0,0.0,0.0,-560.8718666885527,560.8718666885527,0.011486980679086569,0.0,0.0,0.0,-2.2973961358173143,0.0,0.0,0.0,0.0,0.0,-229.96784126783845,0.3828993559695523,0.0,0.0,0.0,0.0,0.0,642.2137519987674,0.0,0.0,0.0,0.0,0.0,0.0,0.0,0.0,309.9293682211562,0.0,0.0,126.30878439236774,94.46840257612179,0.0,325.66296918775913,-14.473602730413383,0.0,1000.0,0.0,-1000.0,0.0,101.32215440616187,0.0,0.3828993559695523,1000.0,0.0,0.0,0.0,-125.36818263309517,0.0,0.0,0.0,0.0,0.0,-927.9327503718476,0.0,0.0,0.0,350.3090904706166,-231.69088836970127,9.342744285657078,0.0,705.8296032198073,705.8296032198073,-705.8296032198073,0.0,0.0,0.0,0.0,0.0,569.5568373624219,0.0,0.0,0.0,-10.11346598931579,0.0,-611.2460033697712,2.2973961358173143,0.0,0.0,0.0,0.0,-256.1357215450035,0.0,0.0,0.008423785831344288,0.0,0.0,0.0,4.671372142828539,0.0,0.0,0.0,0.0,222.25776145939378,0.0,0.0,0.0,0.0,0.0,0.0,0.0,0.0,0.0,0.0,0.0007657987119391046,0.0007657987119391046,0.0,0.0,0.0,0.0,0.0,46.596524463182575,0.0,0.0,0.0,0.0,0.0,0.0,0.0,0.0,0.0,229.96784126783845,0.0,0.0,0.0,0.0,0.0,0.0,0.0,703.4703687426887,0.0,0.0,0.0,0.0,611.2460033697712,1000.0,244.84569401994054,0.0,0.0,0.0,4.5947922716346286,0.0,0.0,0.0,0.0,0.0,0.0,-4.5947922716346286,0.0,0.0,0.0,0.0,0.0,0.0,0.0,0.0,0.0,0.0,0.0,0.0,-1000.0,-1000.0,5.245721176782868,-253.42657420472688,251.12917806890957,0.0,953.4034755368174,0.0,0.0,0.0,0.0,0.0,0.0,0.0,0.0,0.0,0.0,0.0,0.0,0.0,0.0,0.0,0.0,0.0,-0.9572483899238808,309.9293682211562,-505.88969328214205,231.11653933574712,0.0,0.0,0.0,0.0,0.0,62.588372946148496,-62.684097785140885,125.36818263309517,0.0,0.0,0.0,0.0,0.0,0.0,0.0,766.1988319080397,2.2973961358173143,2.2973961358173143,0.0,0.0,0.0,0.0,275.74442283100245,0.008423785831344288,229.96784126783845,0.0,0.0,-1000.0,0.0,0.0,0.0,0.0,0.0,0.0,0.0,0.0,0.0,0.0,0.0,0.0,0.0,0.0,303.73419557586766,0.0,0.0,0.0,0.0,8.0408864753606,0.5896650081931102,0.0,0.0,0.0,0.0,0.0,229.96784126783845,0.0,-73.28640117755947,0.0,0.0,0.0,-0.9572483899238808,0.0,0.0,0.0,0.0,0.0,0.0,0.0,0.0,0.0,0.0,0.0,0.0,0.0,0.0,0.0,0.0,0.0,0.0,-0.007657987119391046,0.0,0.0,0.3828993559695523,-131.88713899877223,0.0,0.0,0.0,0.0,309.9293682211562,0.0,0.0,0.0,0.6593526909795832,0.19144967798477616,0.0,0.0,0.0,0.007657987119391046,0.0,7.657987119391046,-2.373976007011225,1.5315974238782095,0.05469990799565033,21.365784063101025,-0.0057434903395432845,253.04057148006342,0.15315974238782093,46.558234527585675,-21.365784063101025,2.2973961358173143,-0.0076579871193910454,4.824534243471128,101.58343038082349,0.0019144967798477616,0.05469990799565033,-14.473602730413383,-1.2191515494071155,-0.15315974238785657,-244.84569401994054,-0.0076579871193910454,0.0019144967798477616,-21.365784063101025,0.7657987119391046,0.0076579871193910454,0.007657987119391046,-229.9517594948877,0.00842378583133015,-29.644151581482184,-0.0057434903395432845,2.2973961358173143,0.007657987119391046,2.2973961358173143,-3.8289935596955234,-0.003828993559695523,294.96151569784865,200.0211708395156,-0.0057434903395432845,-0.007657987119391046,-2.373976007011225,0.007657987119391046,0.7657987119391046,-0.15315974238782093,0.0,0.0,-0.7657987119391046,244.84569401994054,0.0,1.5315974238782093,0.011486980679086569,-1000.0,0.7657987119391046,-178.27208465152412,101.58343038082349,-1.5315974238782093,0.003828993559695523,0.07657987119391048,27.915197617057743,96.0,-0.007657987119391046,-231.69088836970127,229.9517594948877,2.373976007011225,0.007657987119391046,1.2191515494071155,92.39384583755428,101.58343038082349,-0.007657987119391046,-0.0019144967798477616,-101.58343038082349,-0.007657987119391046,-42.234201288060895,0.007657987119391046,-0.0019144967798477616,-0.0019144967798477616,-0.0019144967798477616,3.0631948477564186,3.8289935596955234,0.07657987119391048,5.6736112070777835,-0.0019144967798477616,51.00586099064436,0.3828993559695523,21.5,0.007657987119391046,0.003828993559695523,0.003828993559695523,-3.0098564389402047,2.373976007011225,0.007657987119391046,-2.373976007011225,0.07657987119391048,0.007657987119391046,-5.6736112070777835,0.007657987119391046,0.030631948477548576,-46.558234527585675,0.003828993559695523,0.0019144967798477616,2.2973961358173143,-0.007657987119391046,29.644151581482184,0.07657987119392828,-11.347222414155567,252.84912180207866,-0.7657987119391046,1.5315974238782093,0.3828993559695523,-0.007657987119391046,14.473602730413383,0.011486980679086569,-0.007657987119391046,6.0197128778804085,2.373976007011225,353.5598593434106,0.003828993559695523,-43.0,-0.007657987119391046,-0.007657987119391046,-0.007657987119391046,0.003828993559695523,21.365784063101025,-1.5315974238782093,0.007657987119391046,55.830395234115485,-0.0019144967798477616,-0.00842378583133015,-55.830395234115485,1.148698067908657,-200.0211708395156,704.6002685280822,21.365784063101025,-0.0057434903395432845,231.69088836970127,-96.0,0.0076579871193910454,-0.0019144967798477614,0.3828993559695523,7.657987119391046,-0.003828993559695523,-0.007657987119391046,0.0019144967798477616,0.0,0.0,870.5769952223734,0.0,-46.0,0.0,158.5256818672453,-31.0,0.0,-32.0,65.93701267659706,-65.0,-129.41917578406685,16.0,23.0,-32.96850633829853,0.0,15.5,-229.96784126783845,-97.42413779840712,129.41917578406685,65.0,-97.42413779840712,-158.5256818672453,32.683018658875966,0.0,1496.5981,hclb
163,0.0,0.0,0.0,0.0,0.0,0.0,0.0,0.0,0.0,0.0,0.0,0.0,0.0,0.0,0.0,0.0,-80.71446910817622,-7.482015072985565,0.0,469.71097646196574,0.0,0.0,0.0,0.0,0.0,0.0,0.0,0.0,0.0,-249.2796931560822,0.0,0.0,24.013212252624378,0.0,0.0,0.0,0.0,1000.0,0.0,-1000.0,1000.0,0.0,-634.0206007838949,-886.7352802551587,0.0,0.0,0.0,0.0,-304.02643851963626,-450.8534885421204,0.0,0.0,0.0,0.0,0.0,0.0,0.0,0.0,0.0,0.0,114.15115996162695,0.0,959.2892833182461,730.9869633949924,0.0,0.0,0.0,0.0,0.0,0.0,0.0,0.0,0.0,0.0,0.0,0.0,0.0,0.0,0.0,314.59639941057634,0.0,0.0,-44.89073365198022,0.0,0.0,0.0,0.0,389.87736436497676,1000.0,-919.2855308918238,0.0,0.0,0.0,-526.2228175639545,0.0,0.0,73.01620197128494,-464.68199716888097,0.0,0.0,312.5849721332446,0.0,-1000.0,0.0,0.0,-6.986787747375621,415.7639701834211,0.0,0.0,0.0,0.0,0.0,0.0,0.0,0.0,0.0,0.0,0.0,0.0,0.0,0.0,0.0,0.0,0.0,-290.00828852671845,0.0,0.0,73.01620197128494,0.0,0.0,0.0,0.0,0.0,0.0,0.0,0.0,-342.4534798848808,0.0,0.0,0.0,0.0,0.0,0.0,0.0,0.0,44.89073365198022,0.0,0.0,0.0,0.0,35.76354809343291,-451.52751827685404,0.0,0.0,357.4757057852248,0.0,184.94364986358767,0.0,0.0,0.0,0.0,0.0,447.11018188862084,447.11018188862084,0.0,0.0,0.0,0.0,0.0,0.0,0.0,447.11018188862084,0.0,0.0,0.0,-489.71959228620494,0.0,0.0,0.0,0.0,0.0,0.0,0.0,0.0,0.0,0.0,-694.359896444726,0.0,0.0,0.0,0.0,-357.6857755913783,0.0,0.0,0.0,0.0,0.0,450.8534885421204,634.0206007838949,-14.654236053511681,14.654236053511681,342.4534798848808,0.0,0.0,0.0,0.0,0.0,0.0,750.7203068439178,-935.0,0.0,0.0,0.0,0.0,0.0,0.0,0.0,0.0,0.0,0.0,0.0,0.0,0.0,359.3569322818639,83.05583872915808,0.0,0.0,0.0,0.0,0.0,-342.4534798848808,0.0,0.0,0.0,0.0,114.15115996162695,886.7352802551588,0.0,0.0,0.0,0.0,0.0,0.0,0.0,0.0,0.0,0.0,73.01620197128494,0.0,-1000.0,-619.3663647303832,705.2172905757237,0.0,0.0,0.0,0.0,342.4534798848808,727.2214236613456,0.0,0.0,0.0,-264.0845691125255,0.0,0.0,-995.1497715903093,0.0,0.0,-995.1497715903091,0.0,0.0,985.3457639464883,0.0,361.7237994901283,450.8534885421204,0.0,0.0,0.0,0.0,0.0,0.0,0.0,0.0,0.0,1000.0,0.0,0.0,0.0,0.0,0.0,0.0,114.15115996162695,0.0,0.0,0.0,0.0,0.0,0.0,0.0,0.0,0.0,284.66957362009333,-80.71446910817622,0.0,-575.9035383365942,196.98678774737562,0.0,1000.0,0.0,0.0,0.0,-6.986787747375621,0.0,0.0,0.0,0.0,0.0,0.0,-1000.0,-1000.0,0.0,0.0,0.0,0.0,0.0,0.0,0.0,0.0,0.0,0.0,0.0,0.0,0.0,0.0,0.0,0.0,0.0,0.0,0.0,-1000.0,357.4757057852248,0.0,464.6819971688812,0.0,0.0,0.0,-44.89073365198022,0.0,0.0,0.0,0.0,0.0,0.0,0.0,0.0,0.0,0.0,-677.3395865086968,0.0,0.0,0.0,0.0,0.0,117.7686107405541,0.0,0.0,677.3395865086968,0.0,-795.1081972492509,-877.9418542594364,860.9215443234071,73.01620197128494,0.0,0.0,0.0,0.0,0.0,0.0,0.0,-359.3569322818639,359.3569322818639,359.3569322818639,99.98678774737562,0.0,0.0,-552.8898181113791,0.0,0.0,750.7203068439178,0.0,0.0,-114.15115996162672,0.0,0.0,73.01620197128494,0.0,0.0,0.0,0.0,10.039636757873154,0.0,0.0,0.0,0.0,0.0,0.0,0.0,0.0,0.0,0.0,0.0,0.0,0.0,0.0,0.0,0.0,0.0,0.0,0.0,0.0,0.0,0.0,0.0,455.3569322818639,0.0,0.0,0.0,0.0,0.0,987.8609077851866,0.0,0.0,0.0,0.0,0.0,278.68718834363506,-987.8609077851866,0.0,0.0,0.0,0.0,0.0,73.01620197128494,0.0,0.0,0.0,0.0,0.0,0.0,0.0,96.66942950890615,-284.66957362009333,0.0,0.0,0.0,0.0,-526.2228175639545,0.0,0.0,0.0,278.68718834363506,0.0,288.7268251015082,0.0,0.0,0.0,359.3569322818639,0.0,0.0,0.0,0.0,0.0,0.0,0.0,0.0,0.0,0.0,0.0,0.0,0.0,0.0,342.4534798848808,342.4534798848808,0.0,0.0,0.0,0.0,0.0,0.0,0.0,0.0,0.0,0.0,0.0,0.0,0.0,0.0,0.0,0.0,634.0206007838949,0.0,0.0,73.01620197128494,0.0,0.0,0.0,0.0,0.0,0.0,0.0,0.0,0.0,0.0,727.2214236613456,-605.0567093494737,0.0,0.0,0.0,1000.0,-987.8609077851866,0.0,73.01620197128494,0.0,0.0,0.0,0.0,0.0,1000.0,750.7203068439178,964.2177508107281,0.0,0.0,0.0,0.0,0.0,0.0,0.0,526.2228175639545,0.0,0.0,0.0,0.0,0.0,0.0,0.0,0.0,0.0,0.0,0.0,0.0,0.0,0.0,0.0,0.0,0.0,0.0,304.9906314931894,-304.9906314931894,0.0,0.0,0.0,0.0,-580.2087364830991,1000.0,0.0,0.0,-1000.0,0.0,0.0,0.0,0.0,0.0,0.0,0.0,0.0,0.0,0.0,0.0,0.0,0.0,0.0,342.4534798848808,0.0,0.0,0.0,65.81334707415624,0.0,0.0,0.0,0.0,0.0,0.0,0.0,0.0,0.0,0.0,0.0,0.0,0.0,0.0,0.0,0.0,0.0,0.0,0.0,0.0,0.0,0.0,0.0,0.0,750.7203068439178,0.0,0.0,0.0,0.0,0.0,0.0,0.0,0.0,0.0,0.0,0.0,0.0,0.0,0.0,0.0,0.0,0.0,0.0,0.0,0.0,0.0,0.0,0.0,0.0,0.0,-73.01620197128494,0.0,0.0,0.0,0.0,0.0,-455.3569322818639,0.0,0.0,0.0,0.0,0.0,0.0,464.6819971688812,0.0,0.0,0.0,0.0,0.0,0.0,0.0,0.0,342.4534798848808,0.0,0.0,0.0,96.0,0.0,65.0,-6.986787747375615,0.0,1000.0,0.0,-1000.0,357.4757057852248,727.2214236613456,0.0,0.0,1000.0,0.0,0.0,0.0,-114.15115996162672,0.0,0.0,0.0,0.0,0.0,0.0,0.0,0.0,0.0,694.359896444726,0.0,0.0,0.0,0.0,0.0,0.0,0.0,0.0,0.0,0.0,0.0,0.0,0.0,0.0,455.3569322818639,0.0,142.0,-634.0206007838949,0.0,0.0,0.0,0.0,0.0,22.091755209491296,0.0,0.0,0.0,0.0,0.0,0.0,0.0,0.0,0.0,0.0,0.0,83.05583872915808,0.0,415.7639701834211,0.0,0.0,0.0,0.0,0.0,0.0,-537.6343961680376,0.0,0.0,0.0,0.0,0.0,0.0,0.0,0.0,0.0,0.0,0.0,0.0,0.0,0.0,0.0,0.0,0.0,0.0,455.3569322818639,0.0,0.0,0.0,0.0,0.0,0.0,0.0,450.8534885421204,0.0,0.0,0.0,0.0,0.0,1000.0,-7.482015072985565,0.0,0.0,0.0,0.0,0.0,0.0,0.0,0.0,0.0,0.0,0.0,0.0,0.0,0.0,0.0,0.0,0.0,0.0,0.0,0.0,0.0,0.0,0.0,-964.2177508107281,-1000.0,0.0,0.0,-73.01620197128494,0.0,1000.0,0.0,0.0,0.0,0.0,0.0,0.0,0.0,0.0,0.0,0.0,0.0,0.0,0.0,0.0,0.0,0.0,0.0,0.0,342.4534798848808,0.0,0.0,0.0,0.0,0.0,0.0,0.0,0.0,0.0,471.62686574685154,0.0,0.0,0.0,0.0,0.0,0.0,0.0,1000.0,0.0,0.0,0.0,0.0,0.0,0.0,314.59639941057634,0.0,455.3569322818639,0.0,0.0,-1000.0,0.0,0.0,0.0,0.0,0.0,0.0,0.0,0.0,0.0,0.0,0.0,0.0,0.0,0.0,0.0,0.0,0.0,0.0,0.0,0.0,0.0,0.0,0.0,0.0,0.0,0.0,455.3569322818639,0.0,-464.68199716888097,0.0,0.0,0.0,0.0,0.0,0.0,0.0,0.0,0.0,0.0,0.0,0.0,0.0,0.0,0.0,0.0,0.0,0.0,0.0,0.0,0.0,0.0,0.0,0.0,0.0,0.0,-278.68718834363506,0.0,0.0,0.0,0.0,342.4534798848808,0.0,0.0,0.0,0.0,0.0,0.0,0.0,0.0,0.0,0.0,0.0,0.0,0.0,0.0,0.0,0.0,0.0,0.0,0.0,0.0,0.0,0.0,2.3289292491252067,73.01620197128494,0.0,0.0,-6.986787747375621,0.0,0.0,-381.51449228080395,0.0,0.0,0.0,0.0,0.0,0.0,-455.3569322818639,0.0,0.0,0.0,0.0,0.0,73.01620197128494,73.01620197128494,0.0,-170.97007436883644,342.4534798848808,0.0,0.0,0.0,0.0,0.0,0.0,0.0,0.0,0.0,381.51449228080395,0.0,0.0,0.0,-98.67214289728116,0.0,-96.66942950890615,73.01620197128494,0.0,0.0,0.0,143.97588458414856,96.0,0.0,-455.3569322818639,455.3569322818639,0.0,0.0,0.0,0.0,73.01620197128494,0.0,0.0,-73.01620197128494,0.0,-405.72433342554797,0.0,0.0,0.0,0.0,0.0,-73.01620197128494,0.0,0.0,0.0,285.6228399191719,0.0,-5.019818378936577,0.0,0.0,0.0,36.50810098564247,0.0,0.0,0.0,0.0,0.0,0.0,0.0,0.0,0.0,0.0,0.0,0.0,0.0,0.0,0.0,0.0,0.0,0.0,0.0,0.0,0.0,6.986787747375621,0.0,0.0,-73.01620197128494,0.0,-3.2728863664952,0.0,10.039636757873154,0.0,0.0,0.0,0.0,0.0,0.0,0.0,287.9517691682971,0.0,0.0,-287.9517691682971,0.0,-342.4534798848808,-327.7297506582283,0.0,0.0,455.3569322818639,-96.0,0.0,0.0,0.0,0.0,0.0,0.0,0.0,1000.0,0.0,32.61190984261667,0.0,-46.0,0.0,274.6299368622202,-31.0,0.0,-32.0,-93.0,-65.0,-66.0602330546645,16.0,23.0,46.5,0.0,15.5,-455.3569322818639,-18.8188688429961,66.0602330546645,65.0,-18.8188688429961,-274.6299368622202,137.31496843110978,0.0,1496.5981,hclb
164,0.0,0.0,0.0,0.0,0.0,0.0,0.0,0.0,-0.007505880488965556,0.0,0.0,0.0,0.0,0.0,0.0,0.0,125.1017368405096,271.882908024489,0.0,0.0,0.0,0.0,0.0,143.92820708066154,0.0,250.27201652037567,0.0,0.0,0.0,757.2733156618735,0.0,0.0,19.348029881174057,0.0,0.0,0.0,0.0,0.0,0.0,-1000.0,1000.0,0.0,-117.62494749761686,-1000.0,0.0,0.0,0.0,0.0,0.0,-409.0770425014358,0.0,0.0,0.0,0.008256468538093031,0.0,0.0,0.0,1.5011760977931112,0.0,0.0,-59.957093504056196,0.0,346.523639822727,0.0,1000.0,0.0,0.0,0.0,1000.0,-422.3633790692792,0.0,0.07505880488965558,0.0,0.0,0.0,0.0,0.0,0.0,0.0,0.0,0.0,0.0,0.0,0.0,4.503528293379334,0.0,154.81825773521788,-851.1705013329328,1000.0,-876.9465906425783,0.0,0.0,0.0,154.2797004293887,2.251764146689667,0.0,59.44667444795533,-132.07583586364183,0.0,0.0,119.78700090303403,0.3752940244482778,757.2733156618735,0.0,0.0,-11.486090160019218,0.0,1000.0,0.0,0.0,0.0,0.0,0.0,0.0,0.0,0.0,0.0,0.0,0.0,0.0,0.0,0.0,0.0,0.0,-686.8584010851448,0.0,0.0,59.44667444795533,0.0,2.3268229515793224,2.3268229515793224,0.0,0.0,0.0,0.0,0.0,-286.56654631867076,0.0,0.0,0.0,0.0,0.0,0.0,0.0,0.0,155.39621053286822,0.007505880488965557,0.001876470122241389,0.0,0.0,-499.28026610703023,0.0,0.0,0.0,155.02612479081745,0.0,-277.3540718457519,0.0,0.0,0.0,0.0,0.0,166.93170283468103,166.93170283468103,0.0,0.0,0.0,0.0,0.0,0.0,0.0,166.93920871517,0.0,0.0,0.0,570.0450271472135,0.0,0.0,0.0,0.0,0.0,0.0,0.0,0.0,0.0,0.0,0.0,0.0,0.0,0.0,0.0,-1000.0,0.0,0.0,0.0,0.0,0.0,409.0770425014358,117.62494749761686,-123.05340935742174,123.05340935742174,286.56654631867076,0.0,0.0,0.0,0.0,0.0,0.0,0.0,26.92859638923187,0.0,0.0,0.0,0.0,0.0,0.0,0.0,0.0,0.0,0.0,0.0,0.0,0.0,95.43580234137302,516.4775286038821,-1000.0,0.0,0.0,0.0,0.0,-147.7293521184947,0.0,0.0,0.0,0.0,-59.957093504056196,0.0,0.0,0.0,202.7165168895432,0.0,0.0,0.0,0.0,0.0,0.0,0.0,57.194910301265665,0.0,-751.8561126228021,253.57234923700275,-856.5989631927376,0.0,1000.0,0.0,0.0,286.56654631867076,239.32471176089763,0.0,0.0,0.0,30.850742621605605,0.0,0.0,-832.5675465540085,0.0,0.0,-832.5675465540085,0.0,0.0,876.9465906425783,0.0,1000.0,409.0770425014358,0.0,-113.24214173280353,0.0,0.0,0.0,330.2620439123538,0.0,-330.2620439123538,0.0,-297.5305762514615,0.0,0.0,0.0,0.0,0.0,0.0,-59.957093504056196,-0.011258820733448334,0.0,0.0,0.0,0.0,0.007505880488965556,0.0,0.0,0.0,801.7161313518686,125.1017368405096,0.0,-7.657393440012812,195.76218385845556,0.0,980.9478505457483,0.0,490.907955532728,0.0,-11.486090160019218,0.0,0.0,0.0,615.335225038466,-106.24318057119402,-1000.0,-757.2733156618735,-621.6798766140578,0.0,0.0,0.0,0.0,0.0,0.0,0.0,0.0,0.0,0.0,0.0,0.0,0.0,0.0,0.0,0.0,202.7165168895432,0.030023521954944954,0.0,0.0,0.0,0.0,131.83414651189605,0.0,542.2985196022994,0.0,-155.39621053286817,0.0,119.78700090303403,0.0,0.0,0.0,-92.71129918873964,0.0,0.0,0.0,-801.0455202400664,0.0,0.0,0.0,373.91185057304153,0.0,-0.3752940244482778,1000.0,-0.1876470122241389,-0.3752940244482778,-102.95468010558102,0.0,-711.0430459417979,167.5375797225591,710.6677519173496,59.44667444795533,0.0,0.0,0.0,441.6462888310192,0.0,0.0,0.0,-95.43580234137302,95.43580234137302,95.43580234137302,-397.5082241724995,0.0,0.0,0.0,0.0,0.0,0.0,0.0,0.0,-96.84421785634737,0.0,0.0,78.4988239022069,0.0,0.0,0.0,0.0,-42.24941195110345,0.015011760977901035,0.0,0.0,0.0,0.0,0.0,0.0,0.0,0.0,0.0,577.6366209307208,0.0,0.0,0.0,0.0,0.0,0.0,0.0,0.0,0.0,0.008256468538093031,0.008256468538093031,0.0,189.9346262435799,0.0,4.503528293379334,0.0,0.0,0.0,0.0,0.0,0.0,154.81825773521788,0.0,0.0,-182.87484579628764,0.0,0.0,0.0,0.0,0.0,0.0,78.4988239022069,0.0,0.0,0.0,0.0,0.0,0.0,0.0,228.95280036171494,-801.7161313518686,499.28026610703023,0.0,169.4684686756229,0.0,0.0,154.2797004293887,15.442506229212626,0.0,-182.87484579628764,0.0,0.0,-225.12425774739108,87.50049837677813,-87.50049837677813,95.43580234137302,0.0,0.0,0.0,0.0,0.0,0.0,0.0,0.0,0.0,0.0,0.0,0.0,0.0,4.503528293379334,286.56654631867076,286.56654631867076,0.0,0.0,0.0,0.0,0.0,0.0,0.0,0.0,0.0,0.0,0.07505880488965558,0.0,0.0,154.81825773521788,-154.81825773521788,0.0,117.62494749761686,0.0,0.0,59.44667444795533,0.0,0.0,0.0,14.072258142754663,0.0,0.0,0.0,0.0,0.0,0.0,0.0,-226.22817602070157,0.0,2.251764146689667,2.251764146689667,534.9122585588846,0.0,0.0,78.4988239022069,0.0,0.0,0.0,0.0,0.0,-1000.0,0.0,-621.6798766140578,0.007505880488965557,0.0,0.0,0.605295648003008,0.0,0.0,0.0,-154.2797004293887,0.0,0.0,0.0,0.0,0.0,0.0,0.0,0.0,0.0,0.0,0.0,0.0,0.0,0.0,0.007505880488965557,0.0,0.0,0.0,267.1313590101688,-267.1313590101688,0.0,0.0,0.0,0.0,0.0,96.22493688206197,-155.02612479081745,0.0,-0.030023521954944954,-0.5629410366724168,0.0,-0.3752940244482778,0.0,0.0,0.0,0.0,0.0,0.0,0.0,0.0,0.0,0.0,0.0,286.56654631867076,0.0,0.0,0.0,0.0,0.0,0.0,0.0,-0.007505880488965556,0.0,0.0,0.007505880488965556,0.0,0.007505880488965557,0.0,0.0,0.0,4.503528293379334,9.15717419653798,9.15717419653798,0.0,0.0,0.0,0.0,0.0,0.0,119.78700090303403,499.28026610703023,0.0,0.0,0.0,0.0,615.9814813485664,0.0,0.0,0.0,0.0,0.0,0.0,0.0,0.0,0.0,0.0,0.0,0.0,0.0,0.0,138.83719420017607,0.0,-250.27201652037567,250.27201652037567,0.011258820733448334,0.0,0.0,0.0,-59.44667444795533,0.0,0.0,0.0,0.0,0.0,-189.9346262435799,0.3752940244482778,0.0,0.0,0.0,0.0,0.0,695.7423147346103,-0.3752940244482778,0.0,0.0,0.0,0.0,0.0,0.0,0.0,286.56654631867076,0.0,0.0,0.0,94.4988239022069,0.0,562.7790900092372,-11.486090160019218,0.0,540.3461042017422,119.78700090303403,-660.1331051047762,155.02612479081745,230.16753756435966,0.0,0.3752940244482778,1000.0,0.0,0.0,0.0,-406.48073332678314,0.0,0.0,0.0,0.0,0.0,0.0,0.0,0.0,0.0,190.49756728025233,-191.62344935359806,9.15717419653798,0.0,0.0,0.0,0.0,0.0,0.0,0.0,0.0,0.0,0.0,0.0,0.0,0.0,-578.2419165787238,126.62045087810957,-117.62494749761686,2.251764146689667,154.81825773521788,0.0,0.0,0.0,-346.39759919545446,0.0,0.0,0.008256468538093031,0.0,0.0,0.0,4.57858709826899,0.0,0.0,0.0,0.0,516.4775286038821,0.0,0.0,0.0,0.0,0.0,0.0,0.0,0.0,0.0,0.0,0.0007505880488965556,0.0007505880488965556,0.0,0.0,0.0,0.0,0.0,0.0,0.0,0.0,0.0,0.605295648003008,0.0,0.0,0.0,0.0,0.0,189.9346262435799,0.0,0.0,0.0,0.0,0.0,0.0,0.0,409.0770425014358,0.0,0.0,0.0,309.63651547043577,1000.0,367.828421178636,271.882908024489,0.0,0.0,0.0,4.503528293379334,0.0,0.0,0.0,0.0,0.0,0.0,-4.503528293379334,0.0,309.63651547043577,0.0,0.0,0.0,0.0,0.0,0.0,0.0,0.0,0.0,0.0,1000.0,-1000.0,621.1230094835078,0.0,-59.44667444795533,0.0,0.0,0.0,0.0,0.0,0.0,0.0,0.0,0.0,0.0,0.0,765.6249999999999,0.0,-765.6249999999999,-765.625,0.0,0.0,0.0,0.0,-0.9382350611206947,286.56654631867076,-0.5629410366724168,807.0419896654917,0.0,0.0,0.0,0.0,0.0,-0.09382350611206948,0.0,251.87034264716482,0.0,0.0,0.0,0.0,0.0,0.0,0.0,1000.0,2.251764146689667,2.251764146689667,0.0,0.0,0.0,0.0,0.0,0.008256468538093031,189.9346262435799,0.0,0.0,0.0,0.0,0.0,0.0,0.0,0.0,0.0,0.0,0.0,0.0,0.0,0.0,0.0,0.0,0.0,0.0,0.0,0.0,2.3268229515793224,0.0,7.881174513413836,275.18321143590225,0.0,0.0,0.0,0.0,0.0,189.9346262435799,0.0,-695.984004086356,0.0,0.0,0.0,-0.9382350611206947,0.0,0.0,0.0,0.0,0.0,0.0,0.0,0.0,0.0,0.0,0.0,0.0,0.0,0.0,0.0,0.0,0.0,0.0,-0.007505880488965557,0.0,0.0,0.3752940244482778,182.87484579628764,0.0,0.0,0.0,0.0,286.56654631867076,0.0,0.0,0.0,-615.335225038466,0.1876470122241389,0.0,0.0,250.27201652037567,0.007505880488965556,0.0,7.5058804889655555,0.0,1.5011760977931115,0.053613432064039686,25.59505246737255,-0.005629410366724167,0.3752940244482778,0.15011760977931113,-0.03752940244391051,-25.59505246737255,2.251764146689667,-0.007505880488965556,3.828696720006406,78.4988239022069,0.001876470122241389,0.053613432064039686,-11.486090160019218,-156.0131939090621,-0.15011760977931113,-396.9846448649986,-0.007505880488965556,0.001876470122241389,-25.59505246737255,0.7505880488965556,0.007505880488965556,0.007505880488965556,-189.91886389455286,-154.81000126668002,-38.62526151223909,-0.005629410366724167,2.251764146689667,0.007505880488965556,59.44667444795533,53.441970056782885,-0.003752940244482778,338.9515136780294,146.97125818910916,-0.005629410366724167,-0.007505880488965556,0.0,0.007505880488965557,0.7505880488965556,-0.15011760977931113,138.83719420017607,138.83719420017607,-0.7505880488965556,396.9846448649986,-138.83719420017607,1.5011760977931112,0.011258820733448334,-1000.0,0.7505880488965556,-228.95280036171494,78.4988239022069,-1.5011760977931112,0.003752940244482778,0.07505880488965558,1.914348360003203,96.0,-0.007505880488965556,-191.62344935359806,189.91886389455286,2.3268229515793224,0.007505880488965556,156.0131939090621,12.296857014182592,78.4988239022069,-0.007505880488965556,-0.001876470122241389,-78.4988239022069,-0.007505880488965556,-42.24941195110345,0.007505880488965556,-0.001876470122241389,-0.001876470122241389,-0.001876470122241389,3.0023521955862225,-53.441970056782885,0.07505880488965558,5.560919207263879,-0.001876470122241389,0.0,0.3752940244482778,21.5,0.007505880488965556,0.003752940244482778,0.003752940244482778,40.0,0.0,0.007505880488965556,0.0,0.07505880488965558,0.007505880488965553,-5.560919207263879,0.007505880488965556,0.030023521954944954,0.03752940244391051,0.003752940244482778,0.001876470122241389,2.251764146689667,-0.007505880488965556,38.62526151223909,0.07505880488965556,-11.121838414527758,0.187647012224139,-0.7505880488965556,1.5011760977931112,0.3752940244482778,-0.007505880488965556,11.486090160019218,0.011258820733448334,-0.007505880488965553,-80.0,0.0,672.8840429920808,0.003752940244482778,-43.0,-0.007505880488965556,-0.007505880488965556,-0.007505880488965556,0.003752940244482778,25.595052467372547,-1.5011760977931112,0.007505880488965556,3.828696720006406,-0.001876470122241389,154.81000126668002,-3.828696720006406,1.1258820733448334,-146.97125818910916,542.4866882387562,25.595052467372547,-0.005629410366724167,191.62344935359806,-96.0,0.007505880488965556,-0.0018764701222413892,0.3752940244482778,7.5058804889655555,-0.003752940244482778,-0.007505880488965556,0.001876470122241389,70.13548907327504,0.0,999.9962470597555,0.0,-46.0,0.0,480.52011920053167,-31.0,0.0,-32.0,-34.15315059629358,-65.0,0.0,16.0,23.0,17.07657529814679,0.0,15.5,-189.9346262435799,-326.4864437966263,0.0,65.0,-326.4864437966263,-480.52011920053167,233.73633706872627,0.0,1496.5981,hclb
165,0.0,0.0,0.0,0.0,0.0,0.0,0.0,0.0,-0.009791522193828945,0.0,0.0,0.0,0.0,0.0,0.0,0.0,500.00000000000006,-423.96122635672003,0.0,0.0,0.0,0.0,0.0,396.78891367383244,0.0,0.0,0.0,0.0,0.0,-537.8536887871858,129.29041507765197,-129.29041507765197,6.515455646138562,0.0,0.0,0.0,0.0,-241.924324745486,0.0,-1000.0,1000.0,0.0,0.0,837.4019714845307,0.0,0.0,0.0,0.0,0.0,-697.2019010713307,0.0,0.0,0.0,0.01077067441319457,0.0,0.0,0.0,1.958304438765789,0.0,0.0,46.92863014459584,0.0,824.2395074791132,598.5049119486607,0.0,0.0,0.0,0.0,0.0,594.2494915217337,0.0,0.09791522193828946,0.0,0.0,0.0,0.0,0.0,0.0,0.0,0.0,0.0,0.0,-192.41856595947522,0.0,5.874913316297367,0.0,0.0,-211.98061317836002,329.6663545546494,93.47263917227042,-0.0024478805484572366,0.0,0.0,1000.0,2.9374566581486836,0.0,2.9374566581486836,0.0,0.0,0.0,0.0,0.48957610969144727,-537.8536887871858,0.0,0.0,-24.268151713377833,460.62895323711103,0.0,0.0,0.0,0.0,0.0,0.0,0.0,0.0,0.0,0.0,0.0,0.0,0.0,0.0,0.0,0.0,0.0,-816.6534119704854,0.0,0.0,2.9374566581486836,0.0,3.0353718800869727,0.0,0.0,-332.32833838764446,738.5783383876447,-406.25000000000034,406.25000000000034,0.0,0.0,0.0,-272.66322567504835,0.0,0.0,0.0,0.0,0.0,193.17251316840006,0.009791522193828946,0.0,0.0,0.0,-979.4535460860043,0.0,0.0,0.0,192.41856595947522,0.0,-39.35004508620059,0.0,0.0,0.0,0.0,0.0,-311.6444918011059,-311.6444918011059,0.0,0.0,0.0,0.0,0.0,0.0,0.0,-182.3442852012601,0.0,0.0,0.0,-320.4794974554928,-388.0208333333366,0.0,0.0,0.0,0.0,0.0,0.0,0.0,0.0,0.0,0.0,0.0,0.0,0.0,0.0,-1000.0,0.0,0.0,0.0,0.0,0.0,697.2019010713307,0.0,211.98061317836002,-211.98061317836002,272.66322567504835,0.0,0.0,0.0,0.0,0.0,0.0,0.0,642.5570051729097,0.0,0.0,0.0,0.0,0.0,0.0,0.0,0.0,0.0,0.0,0.0,0.0,0.0,286.24845418943914,479.74120172642483,37.85368878718573,0.0,0.0,0.0,0.0,-124.99622774875834,0.0,0.0,0.0,0.0,46.92863014459584,-799.5482826973449,129.29041507765197,0.0,0.0,0.0,0.0,0.0,0.0,0.0,129.60570209229272,0.0,0.0,0.0,459.17341865557285,576.8591600318622,0.0,0.0,-37.85368878718573,0.0,0.0,272.66322567504835,0.0,0.0,0.0,0.0,235.17798388593928,0.0,0.0,-656.8141037309992,-800.6835633781061,-800.6835633781061,143.8694596471068,0.0,0.0,541.6469677330094,0.0,0.0,697.2019010713307,0.0,-120.34865100550725,0.0,0.0,0.0,-1000.0,0.0,1000.0,0.0,-182.36386824564775,0.0,0.0,833.827625670578,0.0,0.0,0.0,46.92863014459584,-0.014687283290743418,0.0,0.0,0.0,0.0,0.009791522193828946,0.0,0.0,0.0,719.7898433232685,500.00000000000006,0.0,-225.82122055091716,727.20803972378,388.0208333333366,924.8957610969145,0.0,0.0,0.0,-24.268151713377833,0.0,0.0,0.0,492.6896140015016,237.84543798968986,-730.5350519911915,-1000.0,-1000.0,0.0,0.0,0.0,0.0,0.0,0.0,0.0,0.0,0.0,0.0,0.0,0.0,0.0,0.0,0.0,0.0,0.0,-1000.0,0.0,-758.1148413432888,192.41856595947522,0.0,0.0,0.0,0.0,0.0,-193.4878001830408,0.0,0.0,0.0,547.2208860790236,0.0,762.1545620103102,0.0,690.2882796355065,0.0,-1000.0,0.0,0.0,-323.40278278421283,0.0,0.0,-690.7778557451979,273.3000348530975,-0.24478805484572363,-0.48957610969144727,248.0823037784598,0.0,1000.0,0.0,-957.4414492543518,2.9374566581486836,0.0,0.0,0.0,0.0,0.0,0.0,579.1381705098777,292.88971632043854,-292.88971632043854,-292.88971632043854,115.30984727461204,0.0,0.0,0.0,0.0,0.0,0.0,0.0,0.0,-178.8059653858567,0.0,-286.7691829467143,78.0416955612342,0.0,0.0,0.0,0.0,-42.0208477806171,0.01958304438766791,0.0,0.0,0.0,0.0,0.0,0.0,0.0,0.0,0.0,594.2494915217337,0.0,0.0,0.0,0.0,0.0,0.0,0.0,0.0,0.0,0.01077067441319457,0.01077067441319457,129.29041507765197,380.2901497506734,0.0,5.874913316297367,0.0,0.0,0.0,1000.0,0.0,0.0,0.0,0.0,0.0,192.1145171175383,-1000.0,0.0,0.0,607.2428210476448,0.0,0.0,78.0416955612342,0.0,0.0,0.0,0.0,0.0,0.0,0.0,272.2178039901618,-719.7898433232685,518.8245928488933,0.0,0.7539472089248318,0.0,852.33300207371,147.66699792629,0.0,0.0,192.1145171175383,0.0,0.0,150.09366933692118,0.0,0.0,286.24845418943914,0.0,0.0,0.0,0.0,0.0,0.0,0.0,0.0,0.0,0.0,0.0,0.0,0.0,5.874913316297367,272.66322567504835,272.66322567504835,0.0,0.0,0.0,0.0,0.0,0.0,0.0,0.0,0.0,0.0,0.09791522193828946,0.0,129.29041507765197,0.0,0.0,129.29041507765197,0.0,0.0,0.0,2.9374566581486836,-607.2428210476448,0.0,0.0,0.0,0.0,0.0,0.0,0.0,0.0,0.0,1000.0,0.0,0.0,2.9374566581486836,2.9374566581486836,-61.9146570370109,-1000.0,0.0,78.0416955612342,0.0,0.0,0.0,0.0,0.0,537.8536887871858,0.0,1000.0,0.009791522193828946,0.0,0.0,0.0,12.931103845835953,0.0,0.0,-1000.0,0.0,0.0,0.0,0.0,0.0,0.0,0.0,0.0,0.0,0.0,0.0,0.0,0.0,0.0,0.009791522193828946,0.0,0.0,0.0,0.0,0.0,0.0,0.0,0.0,0.0,0.0,-193.4878001830408,0.0,0.0,241.8851586567111,-0.7343641645371709,-0.48957610969144727,0.0,0.0,0.0,0.0,0.0,0.0,0.0,0.0,0.0,0.0,0.0,0.0,272.66322567504835,388.0208333333366,0.0,0.0,43.048126855339625,0.0,0.0,0.0,-0.009791522193828946,0.0,0.0,0.009791522193828946,0.0,0.009791522193828946,0.0,0.0,0.0,5.874913316297367,11.945657076471313,11.945657076471313,0.0,0.0,0.0,0.0,0.0,0.0,0.0,518.8245928488933,0.0,0.0,0.0,0.0,472.1679887758203,21.364675286570073,0.0,0.0,0.0,0.0,0.0,0.0,0.0,0.0,0.0,0.0,0.0,0.0,0.0,147.66699792629,0.0,-617.5614397154155,617.5614397154155,0.014687283290743418,0.0,0.0,0.0,-2.9374566581486836,0.0,0.0,0.0,0.0,0.0,-380.2901497506734,0.48957610969144727,0.0,0.0,0.0,0.0,0.0,193.4878001830408,0.0,0.0,-286.7691829467143,0.0,0.0,0.0,0.0,0.0,272.66322567504835,0.0,607.2428210476448,0.0,94.0416955612342,0.0,581.8662884101275,-24.268151713377833,0.0,0.0,0.0,0.0,192.41856595947522,-11.945657076471313,0.0,0.48957610969144727,961.9442698414645,0.0,0.0,-129.29041507765197,-178.8059653858567,0.0,0.0,0.0,0.0,0.0,0.0,0.0,0.0,0.0,381.02451391521055,-382.493242244285,11.945657076471313,0.0,641.8947125526151,641.8947125526151,-512.6042974749632,0.0,0.0,0.0,0.0,0.0,129.60570209229272,0.0,0.0,0.0,-607.1805953675697,-210.39116736280008,0.0,2.9374566581486836,0.0,0.0,0.0,0.0,-229.64839922650444,0.0,0.0,0.01077067441319457,0.0,0.0,0.0,5.972828538235657,0.0,0.0,0.0,0.0,479.74120172642483,0.0,460.62895323711103,0.0,0.0,0.0,0.0,0.0,0.0,-1000.0,0.0,0.0009791522193828954,0.0009791522193828954,0.0,0.0,0.0,0.0,0.0,0.0,0.0,0.0,0.0,0.0,129.29041507765197,0.0,0.0,0.0,0.0,380.2901497506734,0.0,0.0,0.0,0.0,0.0,0.0,0.0,697.2019010713307,0.0,0.0,0.0,0.0,0.0,1000.0,-423.96122635672003,0.0,0.0,0.0,5.874913316297367,0.0,0.0,0.0,0.0,0.0,559.2844598742714,-565.1593731905688,0.0,0.0,0.0,0.0,0.0,0.0,0.0,0.0,0.0,129.29041507765197,129.29041507765197,0.0,-1000.0,-1000.0,500.23985676516327,0.0,-2.9374566581486836,0.0,-241.924324745486,0.0,0.0,0.0,0.0,0.0,0.0,0.0,0.0,0.0,734.375,0.0,-734.375,-734.375,0.0,0.0,0.0,0.0,-1.2239402742286183,272.66322567504835,-0.7343641645371709,875.2915421421382,0.0,0.0,0.0,0.0,0.0,0.0,-0.12239402742286182,371.2245313453319,0.0,0.0,0.0,0.0,0.0,0.0,0.0,1000.0,2.9374566581486836,2.9374566581486836,0.0,0.0,0.0,0.0,0.0,0.01077067441319457,380.2901497506734,0.0,0.0,241.924324745486,0.0,0.0,0.0,0.0,0.0,0.0,0.0,0.0,0.0,0.0,0.0,0.0,0.0,0.0,308.78071985770777,0.0,0.0,0.0,0.0,10.281098303520393,0.0,0.0,0.7539472089248318,0.0,0.0,0.0,380.2901497506734,0.0,-193.97737629273226,0.0,0.0,0.0,-1.2239402742286183,0.0,0.0,0.0,0.0,0.0,0.0,0.0,0.0,0.0,0.0,0.0,0.0,0.0,0.0,0.0,0.0,0.0,0.0,-0.009791522193828946,0.0,0.0,0.48957610969144727,-192.1145171175383,0.0,0.0,0.0,0.0,272.66322567504835,0.0,0.0,0.0,-492.6896140015016,0.24478805484572363,0.0,0.0,0.0,0.009791522193828946,0.0,9.791522193828945,-3.0353718800869727,1.958304438765789,0.06993944424163533,27.318346920782755,-0.007343641645371709,0.4895761096914839,0.1958304438765789,-0.0489576109687202,-27.318346920782755,2.9374566581486836,-0.009791522193828946,8.089383904459277,78.0416955612342,0.0024478805484572366,0.06993944424163533,-24.268151713377833,-1.5588103332570427,129.09458463377533,-76.03877364328002,-0.009791522193828946,0.0024478805484572366,-27.318346920782755,0.9791522193828945,0.009791522193828946,0.009791522193828946,-380.26958755406633,0.010770674413211842,0.0,-0.007343641645371709,2.9374566581486836,0.009791522193828946,2.9374566581486836,-4.895761096914473,-0.004895761096914473,87.88634851295626,124.00728400718162,-0.007343641645371709,-0.009791522193828946,-3.0353718800869727,0.009791522193828946,0.9791522193828945,-0.1958304438765789,147.66699792629,147.66699792629,-0.9791522193828945,76.03877364328002,-147.66699792629,1.958304438765789,0.014687283290743418,-1000.0,0.9791522193828945,-272.2178039901618,78.0416955612342,-1.958304438765789,0.004895761096914473,0.09791522193828946,56.45530513772929,96.0,-0.009791522193828946,-382.493242244285,380.26958755406633,3.0353718800869727,0.009791522193828946,1.5588103332570427,66.2918689286392,78.0416955612342,-0.009791522193828946,-0.0024478805484572366,-78.0416955612342,-0.009791522193828946,-502.6498010177281,0.009791522193985375,-0.0024478805484572366,-0.0024478805484572366,-0.0024478805484572366,3.916608877531578,4.895761096914473,0.09791522193828946,74.39656062205573,-0.0024478805484572366,104.8212263709993,0.48957610969144727,21.5,0.009791522193828946,0.004895761096914473,0.004895761096914473,40.0,3.0353718800869727,0.009791522193828946,-3.0353718800869727,0.09791522193828946,0.009791522193828946,-208.68109385546262,0.009791522193828946,0.03916608877489125,0.0489576109687202,0.004895761096914473,0.0024478805484572366,2.9374566581486836,-0.009791522193828946,0.0,-64.54729231688766,-148.79312124411146,0.244788054845687,-0.9791522193828945,1.958304438765789,0.48957610969144727,-0.009791522193828946,24.268151713377833,0.014687283290743418,-0.009791522193828946,-80.0,3.0353718800869727,381.9331495759252,0.004895761096914473,-43.0,-0.009791522193828946,-0.009791522193985375,-0.009791522193828946,0.004895761096914473,27.318346920782755,-1.958304438765789,0.009791522193828946,112.91061027545858,-0.0024478805484572366,-0.010770674413211842,-112.91061027545858,1.4687283290743416,-124.00728400718162,404.5662429677082,27.318346920782755,-0.007343641645371709,382.493242244285,-96.0,0.009791522193828946,-0.0024478805484572366,547.710462188715,9.791522193828945,-0.004895761096914473,-0.009791522193828946,0.0024478805484572366,1000.0,0.0,364.87549733362323,134.28453323340688,-46.0,0.0,386.7364873037509,-31.0,0.0,-32.0,-93.0,-65.0,-635.1196069052799,16.0,23.0,46.5,0.0,15.5,-380.2901497506734,-152.2847503494208,635.1196069052799,65.0,-152.2847503494208,-386.7364873037509,159.7327330778644,0.0,1496.5981,hclb
166,0.0,0.0,0.0,0.0,0.0,0.0,0.0,0.0,-0.000985251248560557,0.0,0.0,0.0,0.0,0.0,0.0,0.0,176.9941449128352,98.10912119817083,0.0,0.0,0.0,0.0,0.0,7.400139895798489,0.0,0.0,0.0,0.0,0.0,-299.3967178730928,65.63928907265193,-65.63928907265193,333.27033475844786,0.0,0.0,0.0,0.0,642.9204156818226,0.0,-1000.0,824.8814596763464,0.0,0.0,0.0,0.0,0.0,0.0,0.0,0.0,0.0,0.0,0.0,0.0,0.0010837763734175873,0.0,0.0,0.0,0.1970502497121114,0.0,0.0,-143.7370219812795,0.0,767.2629993592577,623.5259773779783,0.0,0.0,0.0,0.0,0.0,299.9878686222291,0.0,0.00985251248560557,0.0,0.0,0.0,0.0,0.0,0.0,0.0,0.0,0.0,0.0,0.0,0.0,0.5911507491363343,0.0,121.77049116377411,-168.85102193984108,0.0,231.960084683015,-0.00024631281214013926,0.0,0.0,0.0,0.2955753745681671,0.0,175.11854032365363,-65.67101416285004,0.0,0.0,0.0,583.7260755588932,-1000.0,0.0,0.0,-9.46338138582791,0.0,0.0,0.0,0.0,0.0,0.0,0.0,0.0,0.0,0.0,0.0,0.0,0.0,0.0,0.0,0.0,0.0,0.0,-288.383040872699,0.0,0.0,175.11854032365363,0.0,0.3054278870537727,0.0,0.0,0.0,0.0,0.0,0.0,0.0,0.0,0.0,0.0,0.0,0.0,0.0,0.0,0.0,121.84635550991328,0.000985251248560557,0.0,0.0,0.0,-645.7818255274361,645.7818255274361,0.0,0.0,0.0,0.0,-130.81718518559836,0.0,0.0,0.0,0.0,0.0,644.9641902349451,644.9641902349451,0.0,0.0,0.0,0.0,633.0280978447411,0.0,0.0,710.6044645588456,0.0,0.0,0.0,0.0,-592.5771770623387,0.0,0.0,0.0,0.0,0.0,0.0,0.0,0.0,0.0,-555.5421888300829,0.0,0.0,0.0,0.0,-617.2220457933115,0.0,0.0,0.0,0.0,0.0,0.0,0.0,168.85102193984108,-168.85102193984108,0.0,0.0,0.0,0.0,0.0,0.0,0.0,700.6032821269072,-935.3202066557822,0.0,0.0,0.0,0.0,0.0,0.0,0.0,0.0,0.0,0.0,0.0,0.0,0.0,261.1847539528526,132.2170654485097,122.40257296025763,0.0,0.0,0.0,0.0,0.0,0.0,0.0,0.0,0.0,-143.7370219812795,122.40257296025763,65.63928907265193,0.0,0.0,0.0,0.0,0.0,0.0,0.0,0.0,0.0,174.82296494908547,0.0,168.85102193984108,0.0,0.0,0.0,-122.40257296025763,0.0,0.0,0.0,1.2020065232438797,0.0,0.0,0.0,-422.22606506244915,0.0,0.0,-988.6716574570326,0.0,0.0,-887.4265757229307,-101.24508173410193,101.24508173410193,168.85102193984108,0.0,435.811165077853,0.0,0.0,2.7488509834839543,0.0,0.0,0.0,51.63200630898285,0.0,-51.63200630898285,0.0,345.2910205650262,0.0,0.0,0.0,0.0,0.0,0.0,-143.7370219812795,-0.0014778768728408356,0.0,0.0,0.0,0.0,0.000985251248560557,0.0,0.0,0.0,442.10350546965793,176.9941449128352,0.0,-261.8230317514229,-112.88424481142593,592.5771770623387,1000.0,0.0,0.0,0.0,-9.46338138582791,0.0,0.0,0.0,444.16885820403036,1.4114709386878985,-445.58032914271826,-1000.0,-1000.0,0.0,0.0,0.0,0.0,0.0,0.0,0.0,0.0,0.0,0.0,0.0,0.0,0.0,0.0,0.0,0.0,0.0,-357.0756433131826,0.0,-1000.0,0.0,0.0,0.0,1000.0,0.0,0.0,-56.207066437261346,0.0,0.0,0.0,0.0,583.6768129964652,-767.4399753686929,656.2499999999978,0.0,0.0,766.028504430005,-1000.0,-0.04926256242802785,0.0,0.0,-656.2499999999978,-791.8876690606606,0.0,-0.024631281214013926,0.0,238.02789526261995,0.0,-0.04926256242802785,0.0,1000.0,175.11854032365363,0.0,0.0,0.0,0.0,0.0,0.0,0.0,-261.1847539528526,261.1847539528526,261.1847539528526,-209.48915906075314,0.0,0.0,0.0,0.0,0.0,700.6032821269072,0.0,0.0,-43.933061635010745,0.0,0.0,0.0,0.0,0.0,0.0,0.0,-42.90147487514395,0.001970502497120022,0.0,0.0,0.0,0.0,0.0,0.0,0.0,0.0,0.0,299.9878686222291,0.0,0.0,0.0,0.0,0.0,0.0,0.0,0.0,0.0,0.0010837763734175873,0.0010837763734175873,65.63928907265193,356.9877037031405,0.0,0.5911507491363343,0.0,0.0,0.0,949.333243489939,0.0,0.0,121.77049116377411,0.0,0.0,8.455294972341525,-949.333243489939,0.0,0.0,0.0,0.0,0.0,0.0,0.0,0.0,0.0,0.0,0.0,0.0,0.0,96.12768029089966,-442.10350546965793,0.0,0.0,407.6043640739327,0.0,0.0,0.0,0.0,0.0,8.455294972341525,0.0,-34.44617990280242,0.0,0.0,0.0,261.1847539528526,0.0,0.0,0.0,0.0,0.0,0.0,0.0,0.0,0.0,0.0,0.0,0.0,0.0,0.5911507491363343,0.0,0.0,0.0,0.0,0.0,0.0,0.0,0.0,0.0,0.0,0.0,0.0,0.00985251248560557,0.0,65.63928907265193,121.77049116377411,-121.77049116377411,65.63928907265193,0.0,0.0,0.0,175.11854032365363,0.0,0.0,0.0,285.7580085640194,0.0,0.0,0.0,0.0,0.0,0.0,74.34193111904747,0.0,0.0,0.2955753745681671,0.2955753745681671,1000.0,-949.333243489939,0.0,0.0,0.0,0.0,0.0,0.0,0.0,1000.0,700.6032821269072,721.635098576149,0.000985251248560557,0.0,0.0,-283.28373296130957,284.58489798521214,311.75549019686895,0.0,0.0,0.0,0.0,0.0,0.0,0.0,0.0,0.0,0.0,0.0,0.0,0.0,0.0,0.0,0.0,0.000985251248560557,0.0,0.0,0.0,0.0,0.0,0.0,0.0,0.0,0.0,0.0,416.9986861417255,0.0,-473.20575257898685,-642.9243566868174,-0.07389384364204178,-0.04926256242802785,0.0,0.0,-187.5,-187.5,187.5,0.0,0.0,0.0,0.0,0.0,0.0,0.0,0.0,592.5771770623387,0.0,0.0,1000.0,0.0,0.0,0.0,-0.000985251248560557,0.0,0.0,0.000985251248560557,0.0,0.000985251248560557,0.0,0.0,0.0,0.5911507491363343,1.2020065232438797,1.2020065232438797,0.0,0.0,0.0,0.0,0.0,0.0,0.0,0.0,0.0,700.6032821269072,0.0,0.0,0.0,444.2536883365314,0.0,0.0,0.0,0.0,0.0,0.0,0.0,0.0,0.0,0.0,0.0,0.0,0.0,0.0,0.0,-445.85456586968655,445.85456586968655,0.0014778768728408356,0.0,0.0,0.0,-175.11854032365363,0.0,0.0,0.0,0.0,0.0,-356.9877037031405,0.04926256242802785,0.0,0.0,0.0,0.0,-633.0280978447411,-416.9986861417255,0.0,0.0,0.0,0.0,0.0,0.0,0.0,0.0,0.0,0.0,0.0,139.9812201916994,95.8029497502879,0.0,64.8029497502879,302.29210881104103,0.0,-473.20575257898685,473.20575257898685,0.0,0.0,0.0,0.0,0.04926256242802785,588.642222769545,0.0,0.0,-65.63928907265193,-287.474043962559,0.0,0.0,0.0,0.0,0.0,0.0,0.0,0.0,0.0,912.6037863768654,-357.2093852340661,1.2020065232438797,0.0,0.0,0.0,65.63928907265193,0.0,0.0,0.0,0.0,0.0,0.0,0.0,0.0,0.0,-301.2890336461317,0.0,0.0,0.2955753745681671,121.77049116377411,0.0,0.0,0.0,-157.79982051751884,0.0,0.0,0.0010837763734175873,0.0,0.0,0.0,0.6010032616219398,0.0,0.0,0.0,0.0,132.2170654485097,0.0,0.0,0.0,0.0,0.0,0.0,0.0,0.0,0.0,0.0,9.852512485605571e-05,9.852512485605571e-05,0.0,0.0,0.0,0.0,0.0,0.0,0.0,0.0,0.0,-283.28373296130957,65.63928907265193,0.0,0.0,0.0,0.0,356.9877037031405,0.0,0.0,0.0,0.0,0.0,0.0,0.0,0.0,0.0,0.0,0.0,243.54098232754822,0.0,789.7994549035234,98.10912119817083,0.0,0.0,0.0,0.5911507491363343,0.0,0.0,0.0,0.0,0.0,0.0,-0.5911507491363343,0.0,243.54098232754822,0.0,0.0,0.0,0.0,0.0,0.0,0.0,65.63928907265193,65.63928907265193,0.0,-721.635098576149,-1000.0,444.92858544179546,-175.11854032365363,0.0,0.0,642.9204156818226,0.0,0.0,0.0,0.0,0.0,0.0,0.0,0.0,0.0,0.0,0.0,0.0,0.0,0.0,0.0,0.0,0.0,-0.12315640607005207,0.0,-583.7507068401072,801.3891797269561,0.0,0.0,0.0,0.0,0.0,0.0,-0.012315640607006965,43.933061635010745,0.0,0.0,0.0,0.0,0.0,0.0,0.0,1000.0,0.2955753745681671,0.2955753745681671,0.0,0.0,0.0,0.0,0.0,0.0010837763734175873,356.9877037031405,0.0,0.0,-642.9204156818226,0.0,0.0,0.0,0.0,0.0,0.0,0.0,0.0,0.0,0.0,0.0,0.0,0.0,0.0,222.92728293484328,0.0,0.0,0.0,0.0,1.034513810988585,121.84635550991328,0.0,0.0,0.0,0.0,0.0,356.9877037031405,0.0,351.27840941644735,0.0,0.0,0.0,-0.12315640607005207,0.0,0.0,0.0,0.0,0.0,0.0,0.0,0.0,0.0,0.0,0.0,0.0,0.0,0.0,0.0,0.0,0.0,0.0,-0.000985251248560557,0.0,0.0,0.04926256242802785,-8.455294972341525,0.0,0.0,0.0,0.0,0.0,0.0,0.0,0.0,-444.16885820403036,0.024631281214013926,0.0,0.0,0.0,0.000985251248560557,0.0,0.985251248560557,-0.3054278870537727,0.1970502497121114,0.007037508918289693,2.7488509834839543,-0.0007389384364204178,791.8876690606606,0.01970502497121114,-0.004926256243332459,-2.7488509834839543,0.2955753745681671,-0.000985251248560557,3.154460461942637,0.0,0.00024631281214013926,0.007037508918289693,-9.46338138582791,-121.9273431625395,65.61958404768072,-275.103266111006,-0.000985251248560557,0.00024631281214013926,-2.7488509834839543,0.0985251248560557,0.000985251248560557,0.000985251248560557,-356.9856346755185,-121.76940738740069,-45.489556665067035,-0.0007389384364204178,0.2955753745681671,0.000985251248560557,175.11854032365363,174.3303393248052,-0.0004926256242802785,195.23350462232122,-0.09951037610461626,-0.0007389384364204178,-0.000985251248560557,-0.3054278870537727,0.000985251248560557,0.0985251248560557,-0.01970502497121114,0.0,0.0,-0.0985251248560557,275.103266111006,0.0,0.1970502497121114,0.0014778768728408356,-1000.0,0.0985251248560557,-96.12768029089966,0.0,-0.1970502497121114,0.0004926256242802785,0.00985251248560557,65.45575793785572,96.0,-0.000985251248560557,-357.2093852340661,356.9856346755185,0.3054278870537727,0.000985251248560557,121.9273431625395,-176.00526644735817,0.0,-0.000985251248560557,-0.00024631281214013926,0.0,-0.000985251248560557,-42.90147487514395,0.0009852512486316113,-0.00024631281214013926,-0.00024631281214013926,-0.00024631281214013926,0.3941004994242228,-174.3303393248052,0.00985251248560557,120.78081290834929,-0.00024631281214013926,127.75705541376881,0.04926256242802785,21.5,0.000985251248560557,0.0004926256242802785,0.0004926256242802785,0.0985251248560557,0.3054278870537727,0.000985251248560557,-0.3054278870537727,0.00985251248560557,0.000985251248560557,-360.8825426874855,0.000985251248560557,0.003941004994771902,0.004926256243332459,0.0004926256242802785,0.00024631281214013926,0.2955753745681671,-0.000985251248560557,45.489556665067035,-32.80979202384036,-241.56162581669858,791.8630377794466,-0.0985251248560557,0.1970502497121114,0.04926256242802785,-0.000985251248560557,9.46338138582791,0.0014778768728408356,-0.000985251248560557,-0.1970502497121114,0.3054278870537727,160.3971138454866,0.0004926256242802785,-43.0,-0.000985251248560557,-0.0009852512486316113,-0.000985251248560557,0.0004926256242802785,2.7488509834839543,-0.1970502497121114,0.000985251248560557,130.91151587571144,-0.00024631281214013926,121.76940738740069,-130.91151587571144,0.14778768728408354,0.09951037610461626,624.4814368959497,2.7488509834839543,-0.0007389384364204178,357.2093852340661,-96.0,0.000985251248560557,-0.00024631281214013926,0.04926256242802785,0.985251248560557,-0.0004926256242802785,-0.000985251248560557,0.00024631281214013926,0.0,0.0,599.1884007515197,240.10172977913624,-46.0,0.0,484.6108798453776,-31.0,0.0,-32.0,-93.0,-65.0,-400.8111066228561,16.0,23.0,46.5,0.0,15.5,-356.9877037031405,-2.5972933279677495,400.8111066228561,65.0,-2.5972933279677495,-484.6108798453776,330.25881058393986,0.0,1496.5981,hclb
167,0.0,0.0,0.0,0.0,0.0,0.0,0.0,0.0,86.42831473860304,0.0,0.0,0.0,0.0,0.0,0.0,0.0,-236.16765104522847,993.0669885804834,0.0,0.0,0.0,0.0,0.0,228.18825637052612,0.0,0.0,0.0,0.0,0.0,-402.25307487111246,147.855383349789,-147.855383349789,30.94327629703585,0.0,0.0,0.0,0.0,404.0507272457469,0.0,-1000.0,999.2299949823871,0.0,0.0,119.79755760212589,0.0,0.0,874.8598353210812,23.711783804798774,175.76203296541428,-870.9598406469629,0.0,-342.86113534880076,0.0,0.0028233517312497005,0.0,0.0,0.0,0.0,0.0,0.0,-43.15651248546578,0.0,0.0,-291.58610538247984,0.0,0.0,0.0,0.0,308.2347836018491,-123.4320200194374,0.0,0.02566683392042875,0.0,0.0,0.0,0.0,0.0,0.0,0.0,331.5333747324292,0.0,0.0,0.0,0.0,1.5400100352257249,0.0,76.4552097504812,-932.7288944240381,407.17271469030646,0.0,81.18173650268511,0.0,0.0,-507.9609549093223,0.7700050176128624,0.0,0.7700050176128624,-438.02497557954905,0.0,0.0,0.0,0.12833416960214372,-434.84549344964694,0.0,0.0,0.0,46.05017561003149,0.0,0.0,0.0,0.0,0.0,0.0,0.0,0.0,0.0,0.0,0.0,0.0,0.0,0.0,0.0,0.0,0.0,-347.80005725555554,0.0,0.0,0.7700050176128624,0.0,0.7956718515332912,0.0,0.0,0.0,343.75000000000017,-343.7500000000002,343.75000000000017,678.5735569697074,0.0,0.0,-927.0031498667215,0.0,0.0,0.0,0.0,0.0,76.65284437166851,0.0025666833920428745,81.18237817353312,0.0,0.0,699.38792676886,-1000.0,0.0,0.0,0.0,0.0,-115.2851315417999,0.0,0.0,0.0,0.0,0.0,206.65297726396548,206.65297726396548,0.0,0.0,0.0,0.0,0.0,0.0,0.0,354.5109272971465,0.0,0.0,0.0,-1000.0,-195.11113338970267,0.0,0.0,0.0,0.0,0.0,0.0,0.0,0.0,0.0,0.0,0.0,0.0,0.0,0.0,-1000.0,0.0,0.0,0.0,0.0,0.0,870.9598406469629,342.86113534880076,-407.17271469030646,407.17271469030646,42.520378984547975,0.0,0.0,0.0,0.0,0.0,0.0,32.59241857853448,-681.2722744813054,0.0,0.0,0.0,0.0,0.0,0.0,0.0,0.0,0.0,0.0,0.0,0.0,0.0,387.4159280267408,254.15636531880034,119.79755760212589,0.0,0.0,0.0,21.10645033005443,84.74076497740367,0.0,0.0,0.0,0.0,-43.15651248546578,0.0,147.855383349789,0.0,0.0,0.0,0.0,0.0,0.0,0.0,180.53110648082108,24.22512048320735,0.0,0.0,-814.3454293806129,0.0,-821.2784408001294,0.0,-119.79755760212589,0.0,0.0,248.42959289701406,3.131353738292307,0.0,0.0,0.0,273.2449990604759,0.0,0.0,-1000.0,0.0,1000.0,-1000.0,0.0,1000.0,0.0,0.0,1000.0,870.9598406469629,0.0,-120.10009729815204,0.0,0.0,0.0,-734.660410813471,0.0,734.660410813471,0.0,1000.0,184.80276358241167,21.10645033005443,0.0,0.0,0.0,0.0,-43.15651248546578,-0.003850025088064312,0.0,0.0,0.0,0.0,0.0025666833920428745,0.0,0.0,0.0,691.4377445396143,-236.16765104522847,0.0,-373.1110773266089,443.01932090249073,195.11113338970267,1000.0,0.0,0.0,0.0,0.0,0.0,0.0,0.0,-0.22099144005489402,291.08644458715327,-290.8654531470984,-1000.0,-1000.0,0.0,0.0,0.0,0.0,0.0,0.0,0.0,0.0,0.0,0.0,0.0,0.0,0.0,0.0,0.0,0.0,0.0,-595.9390060206845,0.0,-1000.0,0.0,0.0,470.6180515053568,0.0,0.0,0.0,-109.32856750270057,0.0,0.0,0.0,0.0,0.0,-599.3212281890023,0.0,0.0,-0.06416708480107186,0.0,0.0,-465.30575854605627,0.0,287.40941395971265,0.0,-0.12833416960214372,0.0,0.0,465.1774243764541,593.7500000000114,0.0,-128.05923894514865,0.0,-153.0731088927612,0.7700050176128624,-812.3750000008962,812.3750000008962,0.0,0.0,0.0,86.43088142199508,636.3242595770122,248.90833155027138,-248.90833155027138,-248.90833155027138,92.48666332159142,0.0,0.0,0.0,0.0,0.0,32.59241857853448,0.0,0.0,-181.83219836698322,0.0,0.0,0.0,0.0,0.0,0.0,0.0,-1.1755373199210464,0.00513336678432097,0.0,0.0,0.0,0.0,0.0,0.0,0.0,0.0,0.0,0.0,0.0,0.0,0.0,0.0,0.0,0.0,0.0,0.0,0.0,0.0028233517312497005,0.0028233517312497005,147.855383349789,482.90259134833224,0.0,1.5400100352257249,0.0,0.0,0.0,936.2915900111781,0.0,0.0,76.4552097504812,0.0,0.0,260.30357329003425,-936.2915900111781,0.0,0.0,0.0,0.0,0.0,0.0,0.0,0.0,0.0,0.0,0.0,0.0,0.0,115.93335241851851,-691.4377445396143,254.5618976211085,0.0,76.65284437166851,0.0,0.0,-507.9609549093223,-635.2220988712739,0.0,260.30357329003425,0.0,1000.0,-740.8719640298868,0.0,0.0,387.4159280267408,0.0,0.0,0.0,0.0,0.0,0.0,0.0,0.0,0.0,0.0,0.0,0.0,0.0,1.5400100352257249,248.42959289701412,248.42959289701406,0.0,0.0,0.0,0.0,0.0,0.0,0.0,0.0,0.0,0.0,0.02566683392042875,0.0,147.855383349789,76.4552097504812,-76.4552097504812,147.855383349789,342.86113534880076,0.0,0.0,0.7700050176128624,0.0,0.0,0.0,0.0,0.0,0.0,0.0,0.0,0.0,0.0,480.3147600194717,0.0,0.0,0.7700050176128624,0.7700050176128624,1000.0,-936.2915900111781,0.0,0.0,0.0,0.0,0.0,0.0,0.0,434.84549344964694,32.59241857853448,1000.0,0.0025666833920428745,0.0,0.0,0.0,3.3896720882486227,0.0,0.0,507.9609549093223,0.0,-184.80276358241167,0.0,0.0,0.0,0.0,0.0,0.0,0.0,0.0,0.0,0.0,0.0,0.0,0.0025666833920428745,0.0,0.0,0.0,0.0,0.0,0.0,0.0,0.0,0.0,0.0,361.2894840026562,0.0,0.0,-404.0609939793155,-0.1925012544032156,-0.12833416960214372,0.0,0.0,-281.25,-281.25,281.25,0.0,0.0,0.0,0.0,0.0,0.0,0.0,248.42959289701412,195.11113338970267,0.0,0.0,-281.0040136683077,0.0,0.0,0.0,86.42831473860304,0.0,0.0,0.0025666833920428745,0.0,0.0025666833920428745,0.0,0.0,0.0,1.5400100352257249,3.131353738292307,3.131353738292307,0.0,0.0,0.0,0.0,0.0,0.0,0.0,254.5618976211085,0.0,32.59241857853448,0.0,0.0,0.0,0.0,0.0,0.0,0.0,0.0,0.0,0.0,0.0,0.0,0.0,0.0,0.0,0.0,0.0,127.26114396195165,0.0,0.0,0.0,0.0038500250880643115,0.0,0.0,0.0,-0.7700050176128624,0.0,0.0,0.0,0.0,0.0,-482.90259134833224,0.12833416960214372,0.0,0.0,0.0,0.0,0.0,109.32856750270057,0.0,0.0,0.0,0.0,0.0,0.0,0.0,0.0,248.42959289701412,0.0,0.0,564.5358287219115,95.48666332159142,0.0,319.04856094269996,0.0,0.0,0.0,0.0,0.0,0.0,0.0,0.0,0.12833416960214372,1000.0,0.0,0.0,-147.855383349789,-334.7426178679456,0.0,0.0,0.0,0.0,0.0,0.0,0.0,0.0,0.0,66.6111829382737,-66.99618544708017,3.131353738292307,0.0,0.0,0.0,147.855383349789,0.0,0.0,0.0,0.0,0.0,180.53110648082108,0.0,0.0,416.48390966446175,-3.3896720882486227,-427.79496299220733,0.0,0.7700050176128624,76.4552097504812,0.0,0.0,0.0,-127.608388039096,0.0,0.0,0.0028233517312497005,0.0,0.0,0.0,1.5656768691461536,0.0,0.0,0.0,0.0,254.15636531880034,0.0,46.05017561003149,0.0,0.0,0.0,0.0,0.0,0.0,0.0,0.0,0.0002566683392042875,0.0002566683392042875,0.0,0.0,0.0,0.0,0.0,0.0,0.0,0.0,0.0,0.0,147.855383349789,0.0,0.0,0.0,0.0,482.90259134833224,0.0,0.0,0.0,0.0,0.0,0.0,0.0,870.9598406469629,0.0,0.0,0.0,152.9104195009624,1000.0,46.28786622375809,993.0669885804834,0.0,0.0,0.0,1.5400100352257249,0.0,0.0,0.0,0.0,0.0,0.0,-1.5400100352257249,0.0,152.9104195009624,0.0,0.0,0.0,0.0,0.0,0.0,0.0,147.855383349789,147.855383349789,0.0,-1000.0,-1000.0,1.7581781235493694,-1000.0,999.2299949823871,0.0,404.0507272457469,0.0,0.0,0.0,0.0,0.0,0.0,0.0,0.0,0.0,468.75,0.0,-468.75,-468.75,0.0,0.0,0.0,0.0,-0.32083542400535936,248.42959289701406,-0.1925012544032156,66.8036841926769,0.0,0.0,0.0,0.0,0.0,-0.03208354240053594,0.0,181.83219836698322,0.0,0.0,0.0,0.0,0.0,0.0,0.0,1000.0,0.7700050176128624,0.7700050176128624,0.0,0.0,0.0,0.0,331.5333747324292,0.0028233517312497005,482.90259134833224,0.0,0.0,-404.0507272457469,0.0,0.0,0.0,0.0,0.0,0.0,0.0,0.0,0.0,0.0,0.0,0.0,0.0,0.0,0.0,0.0,0.0,0.0,0.0,2.695017561645019,0.0,0.0,76.65284437166851,0.0,0.0,0.0,482.90259134833224,0.0,-76.86382574649497,0.0,0.0,0.0,-0.32083542400535936,0.0,0.0,0.0,0.0,0.0,0.0,0.0,0.0,0.0,0.0,0.0,0.0,0.0,0.0,0.0,0.0,0.0,0.0,-0.0025666833920428745,0.0,0.0,0.12833416960214372,-260.30357329003425,0.0,0.0,0.0,0.0,248.42959289701406,0.0,0.0,0.0,0.22099144005489402,0.06416708480107186,0.0,0.0,0.0,0.0025666833920428745,0.0,2.5666833920428744,-0.7956718515332912,0.5133366784085749,0.018333452800306245,7.161046663799621,-0.0019250125440321557,0.12833416960214372,0.051333667840857494,-0.012833416960688737,-7.161046663799621,0.7700050176128623,-0.0025666833920428745,0.0,0.0,0.0006416708480107186,0.018333452800306245,0.0,-76.86382574649497,147.80404968194816,-756.899337535255,-0.0025666833920428745,0.0006416708480107186,-7.161046663799621,0.25666833920428744,0.0025666833920428745,0.0025666833920428745,-482.89720131320894,-76.45238639874995,-32.11881361695691,-0.0019250125440321557,0.7700050176128624,0.0025666833920428745,0.7700050176128624,-1.2833416960214374,-0.0012833416960214372,147.4039451587568,-85.0,-0.0019250125440321557,-0.0025666833920428745,-0.7956718515332912,0.0025666833920428745,0.25666833920428744,-0.051333667840857494,127.26114396195165,127.26114396195165,-0.25666833920428744,756.899337535255,-127.26114396195165,0.5133366784085749,0.0038500250880643115,-1000.0,0.25666833920428744,-115.93335241851851,0.0,-0.5133366784085749,0.0012833416960214372,0.02566683392042875,93.27776933165222,96.0,-0.0025666833920428745,-483.4800951115419,482.89720131320894,0.7956718515332912,0.0025666833920428745,76.86382574649497,-3.0800200704514396,0.0,-0.0025666833920428745,-0.0006416708480107186,0.0,-0.0025666833920428745,-47.225712929952536,0.0025666833919095696,-0.0006416708480107186,-0.0006416708480107186,-0.0006416708480107186,1.0266733568171498,1.2833416960214374,0.02566683392042875,290.9885557132405,-0.0006416708480107186,186.55553866330445,0.12833416960214372,0.7161028295626668,0.0025666833920428745,0.0012833416960214372,0.0012833416960214372,-102.69793861702877,0.7956718515332912,0.0025666833920428745,-0.7956718515332912,0.02566683392042875,0.0025666833920428745,-869.1624840235369,0.0025666833920428723,0.01026673356864194,0.012833416960688737,0.0012833416960214372,0.0006416708480107186,0.7700050176128624,-0.0025666833920428745,32.11881361695691,-73.90202484097408,-581.977111426481,0.06416708480107189,-0.25666833920428744,0.5133366784085749,0.12833416960214372,-0.0025666833920428723,0.0,0.0038500250880643115,-0.0025666833920428745,205.39587723405754,0.7956718515332912,148.604391789257,0.0012833416960214372,-1.4322056591253336,-0.0025666833920428745,-0.0025666833919095696,-0.0025666833920428745,0.0012833416960214372,7.161046663799621,-0.5133366784085749,0.0025666833920428745,186.55553866330445,-0.0006416708480107186,76.45238639874995,-186.55553866330445,0.38500250880643117,85.0,886.7219567684693,7.161046663799621,-0.0019250125440321557,483.4800951115419,-96.0,0.0025666833920428745,-0.0006416708480107187,0.12833416960214372,2.5666833920428744,-0.0012833416960214372,-0.0025666833920428745,0.0006416708480107186,56.34205382353957,0.0,999.998716658304,578.1739283102963,-46.0,0.0,379.48309126114975,-31.0,0.0,-32.0,-93.0,-65.0,0.0,16.0,23.0,46.5,0.0,15.5,-482.90259134833224,-20.996003750161005,0.0,65.0,-20.996003750161005,-379.48309126114975,191.15322149619846,0.0,1496.5981,hclb
168,0.0,0.0,0.0,0.0,0.0,0.0,0.0,0.0,522.9794125047729,0.0,0.0,0.0,0.0,0.0,0.0,0.0,-53.44337474220788,693.8135327874996,0.0,-392.5735350054486,0.0,0.0,0.0,15.201615651789034,0.0,0.0,0.0,0.0,0.0,0.0,0.0,0.0,19.043804022630333,0.0,0.0,0.0,0.0,506.3688672219094,0.0,-1000.0,1000.0,0.0,0.0,0.0,0.0,0.0,0.0,0.0,0.0,-801.4802703361922,0.0,-53.44337474220788,0.0,0.0680968636840754,0.0,0.0,0.0,12.381247942528036,0.0,0.0,31.434197757668098,0.0,0.0,-79.22402404741634,0.0,0.0,0.0,0.0,0.0,0.0,0.0,0.6190623971264019,0.0,0.0,0.0,0.0,0.0,0.0,0.0,0.0,0.0,0.0,0.0,0.0,37.1437438275841,0.0,0.0,-677.0111784767212,990.5410138954102,-927.5457936890434,-0.015476559928160044,0.0,0.0,319.6759051242892,18.571871913792055,0.0,18.571871913792055,-1.9933809187476612,0.0,0.0,0.0,3.095311985632009,0.0,0.0,0.0,-10.588068079720147,0.0,0.0,0.0,0.0,0.0,0.0,0.0,0.0,0.0,0.0,0.0,0.0,0.0,0.0,0.0,0.0,0.0,0.0,-959.7360354970253,0.0,0.0,18.571871913792055,0.0,19.190934310918458,19.190934310918458,0.0,0.0,0.0,0.0,0.0,-110.65822180508444,0.0,0.0,0.0,0.0,0.0,0.0,0.0,0.0,4.766780457873291,0.06190623971264018,0.0,0.0,0.0,-589.1293558516768,0.0,0.0,0.0,0.0,0.0,72.73760026327639,0.0,0.0,0.0,0.0,0.0,-139.2125745447978,-139.2125745447978,0.0,0.0,0.0,0.0,0.0,0.0,0.0,-139.15066830508516,0.0,0.0,0.0,305.5220076209946,0.0,0.0,0.0,0.0,0.0,0.0,0.0,0.0,0.0,0.0,-552.1034063531974,0.0,0.0,0.0,0.0,-1000.0,0.0,0.0,0.0,0.0,0.0,801.4802703361922,53.44337474220788,9.458986104589826,-9.458986104589826,110.65822180508444,0.0,0.0,0.0,0.0,0.0,0.0,0.0,-365.9901720549313,0.0,0.0,0.0,0.0,0.0,0.0,0.0,0.0,0.0,0.0,0.0,0.0,0.0,258.3477541051545,570.8918517367329,0.0,0.0,0.0,0.0,0.0,78.74746978902334,0.0,0.0,0.0,0.0,31.434197757668098,0.0,0.0,0.0,0.0,0.0,0.0,0.0,0.0,0.0,0.0,0.0,0.0,0.0,-981.0820277908203,0.0,-614.1088176299235,0.0,0.0,0.0,0.0,110.65822180508444,0.0,0.0,0.0,0.0,357.6149440406957,0.0,0.0,-109.69994592246843,-109.69994592246843,0.0,0.0,0.0,109.69994592246843,1000.0,0.0,934.2667876211542,801.4802703361922,0.0,21.69458582599526,0.0,0.0,0.0,0.0,0.0,0.0,0.0,-139.27448078451044,0.0,0.0,102.92510568749992,0.0,0.0,0.0,31.434197757668098,-0.09285935956896027,0.0,0.0,0.0,0.0,0.06190623971264018,0.0,0.0,0.0,792.0224364921002,-53.44337474220788,0.0,-456.51913437585625,752.5117738641002,0.0,950.9531198563201,0.0,224.0257202614706,0.0,-10.588068079720147,0.0,0.0,0.0,758.7983497802121,-560.945639288841,-421.8784307528418,0.0,-1000.0,0.0,0.0,0.0,0.0,0.0,0.0,0.0,0.0,0.0,0.0,0.0,0.0,0.0,0.0,0.0,0.0,0.0,0.0,0.0,-1000.0,0.0,493.3835078192398,0.0,0.0,0.0,536.1402962192494,-4.766780457873291,0.0,0.0,0.0,0.0,0.0,560.945639288841,0.0,996.9046880143679,-279.9812007598312,0.0,-459.8598104937653,680.0691908338692,0.0,-425.60679803969884,0.0,-1000.0,1000.0,278.4335447670152,-683.1645028195013,0.0,0.0,-623.4332028958113,-412.8624255449638,361.8777034724262,18.571871913792055,-562.3750000020897,562.3750000020897,0.0,0.0,0.0,523.0413187444855,0.0,-258.3477541051545,258.3477541051545,258.3477541051545,91.20682013719211,0.0,0.0,0.0,0.0,0.0,0.0,0.0,0.0,-47.78982628974824,0.0,0.0,67.61875205747197,0.0,0.0,0.0,0.0,-36.80937602873598,0.12381247942532171,0.0,0.0,0.0,0.0,0.0,0.0,0.0,0.0,0.0,0.0,0.0,0.0,0.0,0.0,0.0,0.0,0.0,0.0,0.0,0.0680968636840754,0.0680968636840754,0.0,341.96650616262644,0.0,37.1437438275841,0.0,0.0,0.0,-734.2468480455879,0.0,0.0,0.0,0.0,0.0,396.253577336972,734.2468480455879,0.0,0.0,609.7735593523328,0.0,0.0,67.61875205747197,0.0,0.0,0.0,0.0,0.0,0.0,0.0,319.91201183234176,-792.0224364921002,589.1293558516768,0.0,248.82143931337484,0.0,0.0,319.6759051242892,130.27021353018142,0.0,396.253577336972,0.0,359.444201308236,0.0,0.0,0.0,258.3477541051545,0.0,0.0,0.0,0.0,0.0,0.0,0.0,0.0,0.0,0.0,0.0,0.0,0.0,37.14374382758411,110.65822180508444,110.65822180508444,0.0,0.0,0.0,0.0,0.0,0.0,0.0,0.0,0.0,0.0,0.6190623971264019,0.0,0.0,0.0,0.0,0.0,53.44337474220788,0.0,0.0,18.571871913792055,-609.7735593523328,0.0,0.0,244.05465885550154,0.0,0.0,0.0,0.0,0.0,0.0,26.282832560351622,0.0,0.0,18.571871913792055,18.571871913792055,1000.0,734.2468480455879,0.0,67.61875205747197,0.0,0.0,0.0,0.0,0.0,-1000.0,0.0,-555.3608457080954,0.06190623971264018,0.0,0.0,0.0,4.992296045397912,0.0,0.0,-319.6759051242892,0.0,0.0,0.0,0.0,0.0,0.0,0.0,0.0,0.0,0.0,0.0,0.0,0.0,0.0,0.06190623971264018,0.0,0.0,0.0,968.5658022423319,-968.5658022423319,0.0,0.0,0.0,493.3835078192398,0.0,-4.766780457873324,0.0,0.0,-1000.0,-4.642967978448014,0.0,-3.0953119856320117,0.0,0.0,0.0,0.0,0.0,0.0,0.0,0.0,0.0,0.0,0.0,110.65822180508444,0.0,0.0,0.0,-258.460187437753,0.0,0.0,0.0,522.9794125047729,0.0,0.0,0.06190623971264018,0.0,0.06190623971264018,0.0,0.0,0.0,37.1437438275841,75.52561244942103,75.52561244942103,0.0,0.0,0.0,0.0,0.0,0.0,0.0,589.1293558516768,0.0,0.0,0.0,0.0,0.0,764.1284770194706,0.0,0.0,0.0,0.0,0.0,0.0,0.0,0.0,0.0,0.0,0.0,0.0,0.0,189.4056915941078,0.0,-663.1147291998038,663.1147291998038,0.09285935956896027,0.0,0.0,0.0,-18.571871913792055,0.0,0.0,0.0,0.0,0.0,-341.96650616262644,3.095311985632009,0.0,0.0,0.0,0.0,0.0,-945.0135077272045,-3.0953119856320117,0.0,0.0,0.0,0.0,0.0,0.0,0.0,110.65822180508444,0.0,609.7735593523328,15.154114828800257,83.61875205747197,0.0,641.7481079091488,-10.588068079720147,0.0,-949.7802881850778,0.0,949.7802881850778,0.0,-75.52561244942103,0.0,3.0953119856320117,1000.0,0.0,0.0,0.0,-47.78982628974824,0.0,0.0,0.0,0.0,0.0,0.0,0.0,0.0,0.0,588.7746131585939,-45.95714276229228,75.52561244942103,0.0,0.0,0.0,0.0,0.0,0.0,0.0,0.0,0.0,0.0,0.0,0.0,309.9382673356781,-4.992296045397912,0.0,0.0,18.571871913792055,0.0,0.0,0.0,0.0,-82.14234638522929,0.0,0.0,0.0680968636840754,0.0,0.0,0.0,37.762806224710516,0.0,0.0,0.0,0.0,570.8918517367329,0.0,0.0,0.0,0.0,0.0,0.0,0.0,0.0,0.0,0.0,0.006190623971264018,0.006190623971264018,0.0,0.0,0.0,0.0,0.0,0.0,0.0,0.0,0.0,0.0,0.0,0.0,0.0,0.0,0.0,341.96650616262644,0.0,0.0,0.0,0.0,0.0,0.0,0.0,801.4802703361922,0.0,0.0,0.0,0.0,488.24987787349767,0.0,693.8135327874996,0.0,0.0,0.0,37.1437438275841,0.0,0.0,0.0,0.0,0.0,962.8562561724159,-1000.0,0.0,0.0,0.0,0.0,0.0,0.0,0.0,0.0,0.0,0.0,0.0,0.0,555.3608457080954,-1000.0,806.5342512226291,-18.571871913792055,0.0,0.0,999.7523750411492,0.0,0.0,0.0,0.0,0.0,0.0,0.0,0.0,0.0,0.0,0.0,0.0,0.0,0.0,0.0,0.0,0.0,-7.738279964080025,110.65822180508444,-4.642967978448014,805.4426518033149,0.0,0.0,0.0,0.0,0.0,-0.7738279964080025,0.0,47.78982628974824,0.0,0.0,0.0,0.0,0.0,0.0,0.0,1000.0,18.571871913792055,18.571871913792055,0.0,0.0,0.0,0.0,0.0,0.0680968636840754,341.96650616262644,0.0,0.0,-999.7523750411492,0.0,0.0,0.0,0.0,0.0,0.0,0.0,0.0,0.0,0.0,0.0,0.0,0.0,0.0,331.5573645999019,0.0,0.0,19.190934310918458,0.0,65.0015516982722,0.0,0.0,4.766780457873291,0.0,0.0,0.0,341.96650616262644,0.0,943.0201268084567,0.0,0.0,0.0,-7.738279964080025,0.0,0.0,0.0,0.0,0.0,0.0,0.0,0.0,0.0,0.0,0.0,0.0,0.0,0.0,0.0,0.0,0.0,0.0,-0.06190623971264018,0.0,0.0,3.095311985632009,-396.253577336972,0.0,0.0,0.0,0.0,110.65822180508444,0.0,0.0,0.0,-758.7983497802121,1.5476559928160047,0.0,0.0,0.0,0.06190623971264018,0.0,61.90623971264018,0.0,12.381247942528036,0.44218742651885845,211.10027742010303,-0.046429679784480135,3.0953119856320654,1.2381247942528038,-0.3095311985634328,-211.10027742010303,18.571871913792055,-0.061906239712640185,3.529356026573382,67.61875205747197,0.015476559928160044,0.44218742651885845,-10.588068079720147,-9.855473362253125,-1.2381247942528038,-247.79662303984315,-0.061906239712640185,0.015476559928160046,-211.10027742010303,6.190623971264018,0.061906239712640185,0.06190623971264018,-341.83650305922976,0.0680968636839042,-34.67704389192604,-0.046429679784480135,18.571871913792055,0.061906239712640185,18.571871913792055,-30.953119856320093,-0.030953119856320092,-16.88442021191006,-85.0,-0.046429679784480135,-0.061906239712640185,0.0,0.06190623971264018,6.190623971264018,-1.2381247942528038,189.4056915941078,189.4056915941078,-6.190623971264018,247.79662303984315,-189.4056915941078,12.381247942528036,0.09285935956896027,167.0730585148699,6.190623971264018,-319.91201183234176,67.61875205747197,-12.381247942528036,0.03095311985632009,0.6190623971264019,114.12978359396406,96.0,-0.06190623971264018,-355.8954100979704,341.83650305922976,19.190934310918458,0.061906239712640185,9.855473362253125,-6.668735597696355,67.61875205747197,-0.06190623971264018,-0.015476559928160044,-67.61875205747197,-0.061906239712640185,-36.80937602873598,0.06190623971264131,-0.015476559928160044,-0.015476559928160044,-0.015476559928160044,24.762495885056072,30.953119856320093,0.6190623971264019,45.86478534710096,-0.015476559928160046,224.73021116135473,3.095311985632009,21.5,0.06190623971264018,0.030953119856320092,0.030953119856320092,40.0,0.0,0.06190623971264018,0.0,0.6190623971264019,0.061906239712640185,-45.86478534710096,0.061906239712640185,0.2476249588507926,0.3095311985634328,0.030953119856320092,0.015476559928160046,18.571871913792055,-0.061906239712640185,34.67704389192604,0.6190623971264019,-91.72957069420193,1.5476559928159483,-6.190623971264018,12.381247942528036,3.095311985632009,-0.061906239712640185,10.588068079720147,0.09285935956896027,-0.061906239712640185,-80.0,0.0,424.55561653314066,0.030953119856320092,-43.0,-0.061906239712640185,-0.06190623971264131,-0.061906239712640185,0.030953119856320092,211.10027742010303,-12.381247942528036,0.06190623971264018,228.25956718792813,-0.015476559928160044,-0.0680968636839042,-228.25956718792813,9.285935956896026,85.0,-308.15859062841304,211.10027742010303,-0.046429679784480135,355.8954100979704,-96.0,0.061906239712640185,-0.015476559928160043,3.0953119856320117,61.90623971264018,-0.030953119856320092,-0.061906239712640185,0.015476559928160046,0.0,0.0,-239.5582179456828,0.0,-46.0,0.0,404.34565237821107,-31.0,0.0,-32.0,-93.0,-65.0,-72.45420631095658,16.0,23.0,46.5,0.0,15.5,-341.96650616262644,-342.41327014791136,72.45420631095658,65.0,-342.41327014791136,-404.34565237821107,202.4118820023217,0.0,1496.5981,hclb
169,0.0,0.0,0.0,0.0,0.0,0.0,0.0,0.0,-0.052212766308968414,0.0,0.0,0.0,0.0,0.0,0.0,0.0,-120.41113509722138,806.4202955162597,0.0,-422.03191956624033,0.0,0.0,0.0,597.1874323083053,0.0,0.0,0.0,0.0,0.0,-101.86931424678994,0.0,0.0,0.0,0.0,0.0,0.0,0.0,999.7911489347641,0.0,-1000.0,1000.0,0.0,0.0,-440.57374041667174,0.0,0.0,0.0,365.5839853016553,719.7668879042483,0.0,0.0,56.912698143565194,0.0,0.057434042939788515,0.0,0.0,0.0,0.0,0.0,0.0,-4.59820428627595,0.0,4.59820428627595,0.0,0.0,0.0,0.0,0.0,0.0,0.0,0.0,0.5221276630896842,0.0,0.0,0.0,0.0,0.0,0.0,0.0,0.0,0.0,0.0,0.0,0.0,31.327659785381048,0.0,0.0,-1000.0,-278.4658138106638,0.0,-0.013053191577242102,0.0,0.0,415.8887890657629,15.663829892690524,0.0,15.663829892690524,-736.1970431722925,0.0,0.0,0.0,538.5940409970067,-1000.0,0.0,0.0,0.0,105.9389702304053,0.0,0.0,0.0,0.0,0.0,0.0,0.0,0.0,0.0,0.0,0.0,0.0,0.0,0.0,0.0,0.0,0.0,-380.96207161740136,0.0,0.0,15.663829892690524,0.0,16.185957555780206,16.185957555780206,0.0,-1000.0,0.0,1000.0,-1000.0,0.0,-656.0625000001088,656.0625000001088,0.0,0.0,0.0,0.0,0.0,0.0,4.020383005790565,0.05221276630896841,0.0,0.0,0.0,0.0,-636.041729217273,0.0,0.0,0.0,0.0,55.23109810881812,0.0,0.0,0.0,0.0,0.0,652.4715660252336,652.4715660252336,0.0,0.0,0.0,31.25,0.0,0.0,0.0,652.5237787915426,0.0,0.0,0.0,335.84408475833,0.0,0.0,0.0,0.0,0.0,0.0,0.0,0.0,0.0,0.0,-272.7383015687147,0.0,0.0,0.0,0.0,-1000.0,0.0,0.0,0.0,0.0,0.0,0.0,-56.912698143565194,278.4658138106638,-278.4658138106638,0.0,0.0,0.0,0.0,0.0,0.0,0.0,898.1306857532101,-421.86639006354704,0.0,0.0,0.0,0.0,0.0,0.0,0.0,0.0,0.0,0.0,0.0,0.0,0.0,218.28552432787208,522.8158602187552,-440.57374041667174,0.0,0.0,0.0,0.0,79.72651060279419,0.0,0.0,0.0,0.0,-4.59820428627595,0.0,0.0,0.0,0.0,0.0,0.0,0.0,0.0,0.0,0.23658338908150547,376.026538563449,0.0,0.0,-120.48945424668489,-677.4210818680125,-58.679996428653105,0.0,440.57374041667174,0.0,0.0,0.0,17.439943958940376,0.0,0.0,0.0,-454.32751950777697,0.0,0.0,-1000.0,0.0,1000.0,-999.9999999999998,0.0,1000.0,0.0,0.0,1000.0,0.0,0.0,98.31902251078809,0.0,0.0,0.0,0.0,0.0,0.0,0.0,1000.0,0.0,0.0,-651.5840813419022,31.25,0.0,0.0,-4.59820428627595,-0.07831914946345261,0.0,0.0,0.0,0.0,0.05221276630896841,0.0,0.0,0.0,904.3730761154338,-120.41113509722138,0.0,-329.5766277416014,-188.02536164499156,0.0,946.1063831544842,0.0,671.179871926554,0.0,0.0,0.0,0.0,0.0,-4.495519179202103,0.0,-666.6843527473519,-1000.0,-1000.0,0.0,0.0,0.0,0.0,0.0,0.0,0.0,0.0,0.0,0.0,0.0,0.0,0.0,0.0,0.0,0.0,0.0,0.0,0.0,-1000.0,0.0,0.0,734.7523754862267,1000.0,0.0,0.0,-4.25696639487207,0.0,0.0,0.0,938.3828779363547,535.9834026815582,0.0,0.0,-210.22985219717702,-1.3053191577242103,0.0,0.0,0.0,0.0,-342.00301502402885,0.0,-560.3724874590505,883.6516631797122,0.0,-2.6106383154484205,-182.2502867421454,0.0,-135.8076123476194,-713.9788385588877,1000.0,15.663829892690524,0.0,0.0,0.0,876.242631125961,0.0,0.0,0.0,-218.28552432787208,218.28552432787208,218.28552432787208,-794.1908013419629,0.0,0.0,-347.5806467410754,0.0,0.0,898.1306857532101,0.0,0.0,-9.1964085725519,0.0,593.75000000024,69.55744673820632,0.0,0.0,0.0,0.0,-22.950728660802994,0.10442553261797186,0.0,0.0,0.0,0.0,0.0,0.0,0.0,0.0,0.0,0.0,0.0,0.0,0.0,0.0,0.0,0.0,0.0,0.0,0.0,0.057434042939788515,0.057434042939788515,0.0,303.8429710660784,0.0,31.327659785381048,0.0,0.0,0.0,1000.0,0.0,0.0,0.0,0.0,0.0,-613.2474776824446,-1000.0,0.0,0.0,0.0,0.0,0.0,69.55744673820632,0.0,0.0,0.0,0.0,0.0,0.0,0.0,126.98735720580045,-904.3730761154338,530.1027589868677,0.0,4.020383005790565,0.0,336.16227846296874,79.72651060279419,0.0,0.0,-613.2474776824446,0.0,-279.1005091322105,-357.09769721103703,0.0,0.0,218.28552432787208,0.0,0.0,0.0,0.0,0.0,0.0,0.0,0.0,0.0,0.0,0.0,0.0,0.0,31.327659785381048,0.0,0.0,0.0,0.0,0.0,0.0,0.0,0.0,0.0,0.0,0.0,0.0,0.5221276630896842,0.0,0.0,0.0,0.0,0.0,-56.912698143565194,0.0,0.0,15.663829892690524,0.0,0.0,0.0,0.0,0.0,0.0,0.0,0.0,0.0,0.0,1000.0,1000.0,0.0,15.663829892690524,15.663829892690524,1000.0,-1000.0,0.0,69.55744673820632,0.0,0.0,0.0,0.0,0.0,1000.0,898.1306857532101,556.849493333429,0.05221276630896841,0.0,0.0,0.0,4.210586654487524,0.5056169542082595,0.0,-415.8887890657629,0.0,0.0,0.0,0.0,0.0,0.0,0.0,0.0,0.0,0.0,0.0,0.0,0.0,0.0,0.05221276630896841,0.0,0.0,0.0,704.0574343995047,-704.0574343995047,0.0,0.0,0.0,0.0,-5.701634080937898,736.1970431722925,0.0,0.0,-1000.0,-3.915957473172631,0.0,-2.6106383154484227,0.0,0.0,0.0,0.0,0.0,0.0,0.0,0.0,0.0,0.0,0.0,0.0,0.0,0.0,0.0,866.8030259678291,0.0,0.0,0.0,-0.05221276630896841,0.0,0.0,0.05221276630896841,0.0,0.05221276630896841,0.0,0.0,0.0,31.327659785381048,63.69957489694146,63.69957489694146,0.0,0.0,0.0,0.0,0.0,0.0,0.0,530.1027589868677,0.0,898.1306857532101,0.0,0.0,0.0,0.0,0.0,0.0,0.0,0.0,0.0,0.0,0.0,0.0,0.0,0.0,0.0,0.0,0.0,79.72651060279419,0.0,0.0,0.0,0.07831914946345261,0.0,0.0,0.0,-15.663829892690524,0.0,0.0,0.0,0.0,0.0,-303.8429710660784,2.6106383154484205,0.0,0.0,0.0,-31.250000000000004,0.0,-1.4446676860658272,-2.6106383154484227,0.0,593.75000000024,0.0,0.0,0.0,0.0,0.0,0.0,0.0,0.0,35.01604183292372,85.55744673820632,0.0,584.660205725074,0.5056169542082595,0.0,0.0,0.0,0.0,0.0,-46.25963093800109,0.0,2.6106383154484227,764.697947352002,0.0,0.0,0.0,-9.1964085725519,531.2500000000109,-531.2500000000109,-281.2499999999968,281.2499999999968,0.0,0.0,0.0,0.0,0.0,580.4972301079657,-315.59084348559634,63.69957489694146,0.0,-281.25,-281.25,281.25,0.0,0.0,0.0,0.0,0.0,0.23658338908150547,0.0,0.0,0.0,-4.210586654487524,-1000.0,0.0,15.663829892690524,0.0,0.0,0.0,0.0,-51.161594483493374,0.0,0.0,0.057434042939788515,0.0,0.0,0.0,31.84978744847073,0.0,0.0,0.0,0.0,522.8158602187552,0.0,105.9389702304053,0.0,0.0,0.0,0.0,0.0,0.0,-954.8148943024884,0.0,0.00522127663089699,0.00522127663089699,0.0,0.0,0.0,0.0,0.0,0.0,0.0,0.0,0.0,0.0,0.0,0.0,0.0,0.0,0.0,303.8429710660784,0.0,0.0,0.0,0.0,0.0,0.0,0.0,0.0,0.0,0.0,0.0,0.0,1000.0,0.0,806.4202955162597,0.0,0.0,0.0,31.327659785381048,0.0,0.0,0.0,0.0,0.0,0.0,-31.327659785381048,0.0,0.0,0.0,0.0,0.0,0.0,0.0,0.0,0.0,0.0,0.0,0.0,-556.849493333429,-1000.0,35.76574492164336,-15.663829892690524,0.0,0.0,999.7911489347641,0.0,0.0,0.0,0.0,0.0,0.0,0.0,0.0,0.0,703.125,0.0,-703.125,-703.125,0.0,0.0,0.0,0.0,-6.526595788621053,0.0,-539.8993601547309,311.6748860124237,0.0,0.0,0.0,0.0,0.0,-0.6526595788621051,0.0,9.1964085725519,0.0,0.0,0.0,0.0,0.0,0.0,0.0,1000.0,15.663829892690524,15.663829892690524,0.0,0.0,0.0,0.0,0.0,0.057434042939788515,303.8429710660784,0.0,0.0,-999.7911489347641,0.0,0.0,0.0,0.0,0.0,0.0,0.0,0.0,0.0,0.0,0.0,0.0,0.0,0.0,0.0,0.0,0.0,16.185957555780206,0.0,54.82340462441683,0.0,0.0,4.020383005790565,0.0,0.0,0.0,303.8429710660784,0.0,0.0,0.0,0.0,0.0,-6.526595788621053,0.0,0.0,0.0,0.0,0.0,0.0,0.0,0.0,0.0,0.0,0.0,0.0,0.0,0.0,0.0,0.0,0.0,0.0,-0.05221276630896841,0.0,0.0,2.6106383154484205,613.2474776824446,0.0,0.0,0.0,0.0,0.0,0.0,0.0,0.0,4.495519179202103,1.3053191577242103,0.0,0.0,0.0,0.05221276630896841,0.0,52.212766308968405,0.0,10.442553261793682,0.37294833077834577,178.04553311358225,-0.03915957473172631,770.6023396562275,1.0442553261793683,-0.2610638315447886,-178.04553311358225,15.663829892690524,-0.052212766308968414,0.0,69.55744673820632,0.013053191577242104,0.37294833077834577,0.0,-8.31227239638632,-1.0442553261793683,-263.977240852798,-0.052212766308968414,0.013053191577242102,-178.04553311358225,5.221276630896841,0.052212766308968414,0.05221276630896841,-303.73332425682963,0.057434042939865405,-22.44511170659473,-0.03915957473172631,15.663829892690524,0.052212766308968414,15.663829892690524,-26.106383154484206,-0.026106383154484204,-32.78598640222339,-85.0,-0.03915957473172631,-0.052212766308968414,0.0,0.05221276630896841,5.221276630896841,-1.0442553261793683,79.72651060279419,79.72651060279419,-5.221276630896841,263.977240852798,-79.72651060279419,10.442553261793682,0.07831914946345261,202.6096184708124,5.221276630896841,-126.98735720580045,69.55744673820632,-10.442553261793682,0.026106383154484204,0.5221276630896842,82.39415693540035,96.0,-0.05221276630896841,-315.59084348559634,303.73332425682963,16.185957555780206,0.052212766308968414,8.31227239638632,6.902127167444121,69.55744673820632,-0.05221276630896841,-0.013053191577242104,-69.55744673820632,-0.052212766308968414,-128.8896988912083,0.05221276630874104,-0.013053191577242102,-0.013053191577242102,-0.013053191577242102,20.885106523587364,26.106383154484206,0.5221276630896842,38.68313323915675,-0.013053191577242102,164.7883138708007,2.6106383154484205,14.086002645849918,0.05221276630896841,0.026106383154484204,0.026106383154484207,40.0,0.0,0.05221276630896841,0.0,0.5221276630896842,0.052212766308968414,-38.68313323915675,0.052212766308968414,0.20885106523587638,0.2610638315447886,0.026106383154484204,0.013053191577242104,15.663829892690524,-0.052212766308968414,22.44511170659473,0.5221276630896842,-77.3662664783135,769.2970204985033,-5.221276630896841,10.442553261793682,2.6106383154484205,-0.052212766308968414,0.0,0.07831914946345261,-0.052212766308968414,-80.0,0.0,225.27623273292875,0.026106383154484207,-28.172005291699836,-0.052212766308968414,-0.05221276630874104,-0.052212766308968414,0.026106383154484207,178.04553311358225,-10.442553261793682,0.05221276630896841,164.7883138708007,-0.013053191577242102,-0.057434042939865405,-164.7883138708007,7.83191494634526,85.0,-336.733425601559,178.04553311358225,-0.03915957473172631,315.59084348559634,-96.0,0.052212766308968414,-0.0130531915772421,940.9935162518032,52.212766308968405,-0.026106383154484204,-0.052212766308968414,0.013053191577242104,0.0,0.0,-202.63572485396688,0.0,-46.0,0.0,456.06244986857587,-0.6482851812198658,0.0,-32.0,-93.0,-65.0,0.0,16.0,23.0,46.5,0.0,0.3241425906099329,-303.8429710660784,-174.1146382494354,0.0,65.0,-174.1146382494354,-456.06244986857587,221.96952303511745,0.0,1496.5981,hclb
170,0.0,0.0,0.0,0.0,0.0,0.0,0.0,0.0,881.3519821604283,0.0,0.0,0.0,0.0,0.0,0.0,0.0,85.6814456439144,218.33290376710156,0.0,0.0,0.0,0.0,0.0,429.2363847549103,0.0,0.0,0.0,0.0,0.0,-994.533261944621,0.0,0.0,23.616192344975655,0.0,0.0,0.0,0.0,514.5837857302781,0.0,-1000.0,985.5228358103861,0.0,0.0,0.0,0.0,0.0,0.0,0.0,297.2535872421623,0.0,0.0,0.0,0.0,0.053082935361896504,0.0,0.0,0.0,9.651442793075882,0.0,0.0,-4.2498519765528044,0.0,0.0,-4.2498519765528044,0.0,0.0,0.0,0.0,0.0,0.0,0.0,0.4825721396537941,0.0,0.0,0.0,0.0,0.0,0.0,0.0,0.0,0.0,0.0,0.0,0.0,28.954328379227647,0.0,0.0,0.0,471.5723063930694,-550.4929898681302,-0.012064303491344852,0.0,0.0,906.1231813169605,14.477164189613823,0.0,14.477164189613823,0.0,0.0,0.0,0.0,2.4128606982689704,-994.533261944621,0.0,0.0,-6.317323226389478,0.0,0.0,0.0,0.0,0.0,0.0,0.0,0.0,0.0,0.0,0.0,0.0,0.0,0.0,0.0,0.0,0.0,0.0,-589.1321407314247,0.0,0.0,14.477164189613823,0.0,14.959736329267615,0.0,0.0,0.0,0.0,0.0,0.0,0.0,541.1072669524107,-541.1072669524107,0.0,0.0,0.0,0.0,0.0,0.0,3.7158054753342293,0.04825721396537941,0.0,0.0,0.0,0.0,-519.1297636695354,0.0,0.0,0.0,0.0,159.93098705836567,0.0,0.0,0.0,0.0,0.0,418.7768193082171,418.7768193082171,0.0,0.0,0.0,0.0,208.3586445412394,0.0,0.0,418.8250765221825,0.0,0.0,0.0,-413.17049549933995,-675.6692612590693,0.0,0.0,0.0,0.0,0.0,0.0,0.0,0.0,0.0,0.0,0.0,0.0,0.0,0.0,-408.28941713152676,0.0,0.0,0.0,0.0,0.0,0.0,0.0,78.92068347506074,-78.92068347506074,0.0,0.0,0.0,0.0,0.0,0.0,0.0,0.0,693.6277333806328,0.0,0.0,0.0,0.0,0.0,0.0,0.0,0.0,0.0,0.0,0.0,0.0,0.0,8.485674522011607,495.4326492556871,611.5982290585443,0.0,0.0,0.0,0.0,10.454126621477858,0.0,0.0,0.0,0.0,-4.2498519765528044,611.5982290585443,0.0,0.0,0.0,0.0,0.0,0.0,0.0,0.0,1.5538822896878974,0.0,0.0,0.0,-1000.0,-607.3483770819915,376.17427071722307,0.0,-611.5982290585443,0.0,0.0,0.0,0.0,0.0,0.0,0.0,-4.863522880811729,0.0,0.0,-1000.0,0.0,0.0,-1000.0,0.0,0.0,550.4929898681302,0.0,0.0,0.0,0.0,124.18350034193068,0.0,0.0,0.0,0.0,0.0,0.0,0.0,1000.0,0.0,0.0,0.0,0.0,0.0,0.0,-4.2498519765528044,-0.07238582094806911,0.0,0.0,0.0,0.0,0.04825721396537941,0.0,0.0,0.0,381.8042440307472,85.6814456439144,0.0,-473.52835829206015,-37.92100359158576,675.6692612590693,1000.0,0.0,69.13328472680251,0.0,-6.317323226389478,0.0,0.0,0.0,-4.154946122419146,0.0,-64.97833860438337,-1000.0,-1000.0,0.0,0.0,0.0,0.0,0.0,0.0,0.0,0.0,0.0,0.0,0.0,0.0,0.0,0.0,0.0,0.0,0.0,-485.22318541385846,0.0,-1000.0,0.0,0.0,0.0,0.0,42.92970045097138,0.0,517.7655447043962,0.0,0.0,0.0,0.0,0.0,0.0,718.7499999999993,-820.6704467336957,-765.3623212554465,0.0,-581.9064028984753,0.0,0.0,0.0,-718.7499999999993,818.2575860354267,921.2704324599634,764.155890906312,-2.4128606982689704,-251.79640619254087,0.0,0.0,0.0,-31.36718907749662,14.477164189613823,-687.5000000014925,687.5000000014925,0.0,724.3655048943176,0.0,881.4002393743937,0.0,-8.485674522011607,8.485674522011607,8.485674522011607,-634.699624461004,0.0,0.0,-581.2714379057483,0.0,0.0,0.0,0.0,0.0,-8.499703953105609,0.0,0.0,0.0,0.0,0.0,0.0,0.0,-38.17427860346206,0.0965144279308082,0.0,0.0,0.0,0.0,0.0,0.0,0.0,0.0,0.0,0.0,0.0,0.0,0.0,0.0,0.0,0.0,0.0,0.0,0.0,0.053082935361896504,0.053082935361896504,0.0,94.83423172893572,0.0,28.954328379227647,0.0,0.0,0.0,1000.0,0.0,0.0,0.0,0.0,0.0,-312.91662256811503,-1000.0,0.0,0.0,0.0,0.0,0.0,0.0,0.0,0.0,0.0,0.0,0.0,0.0,0.0,196.37738024380823,-381.8042440307472,519.1297636695354,0.0,697.5595570518852,0.0,906.1231813169605,0.0,-10.454126621477858,0.0,-312.91662256811503,0.0,-351.0909011715771,0.0,-287.4745385803707,287.4745385803707,8.485674522011607,0.0,0.0,0.0,0.0,0.0,0.0,0.0,0.0,0.0,0.0,0.0,0.0,0.0,28.954328379227647,0.0,0.0,0.0,0.0,0.0,0.0,0.0,0.0,0.0,0.0,0.0,0.0,0.4825721396537941,0.0,0.0,0.0,0.0,0.0,0.0,0.0,0.0,14.477164189613823,0.0,0.0,0.0,693.843751576551,0.0,0.0,0.0,0.0,0.0,0.0,437.87442605471324,0.0,0.0,14.477164189613823,14.477164189613823,-125.18156424984579,-1000.0,0.0,0.0,0.0,0.0,0.0,0.0,0.0,994.533261944621,0.0,1000.0,0.04825721396537941,0.0,0.0,0.0,63.730544928992835,0.0,0.0,-906.1231813169605,0.0,0.0,0.0,0.0,0.0,0.0,0.0,0.0,0.0,0.0,0.0,0.0,0.0,0.0,0.04825721396537941,0.0,0.0,0.0,0.0,0.0,0.0,0.0,0.0,0.0,0.0,517.7655447043962,0.0,0.0,-514.7768145861415,-3.619291047403456,0.0,-2.4128606982689704,0.0,-156.25,-156.25,156.25,0.0,0.0,0.0,0.0,0.0,0.0,0.0,0.0,675.6692612590693,0.0,0.0,-28.954328379227647,0.0,0.0,0.0,881.3519821604283,0.0,0.0,0.04825721396537941,0.0,0.04825721396537941,0.0,0.0,0.0,28.954328379227647,58.873801037762874,58.873801037762874,0.0,0.0,0.0,0.0,0.0,0.0,0.0,519.1297636695354,0.0,0.0,0.0,0.0,0.0,0.0,0.0,0.0,0.0,0.0,0.0,0.0,0.0,0.0,0.0,0.0,0.0,0.0,0.0,10.454126621477858,0.0,-899.6835958309077,899.6835958309077,0.07238582094806911,0.0,0.0,0.0,-14.477164189613823,0.0,0.0,0.0,0.0,0.0,-94.83423172893572,2.4128606982689704,0.0,0.0,0.0,0.0,-208.3586445412394,314.32999367480426,-2.4128606982689704,0.0,0.0,0.0,0.0,0.0,0.0,0.0,0.0,0.0,0.0,427.42029943323536,86.34855720692411,0.0,574.4783208764595,-6.317323226389478,0.0,832.0955383792004,0.0,-832.0955383792004,0.0,-58.873801037762874,0.0,2.4128606982689704,1000.0,0.0,0.0,0.0,-8.499703953105609,0.0,0.0,0.0,0.0,0.0,-523.0352324694184,0.0,0.0,0.0,98.45352277633917,-105.69210487114604,58.873801037762874,0.0,0.0,0.0,0.0,0.0,0.0,0.0,0.0,0.0,1.5538822896878974,0.0,0.0,0.0,-63.730544928992835,-384.2993308482978,0.0,14.477164189613823,0.0,0.0,0.0,0.0,21.070492063761208,0.0,0.0,0.053082935361896504,0.0,0.0,0.0,29.436900518881437,0.0,0.0,0.0,0.0,495.4326492556871,0.0,0.0,0.0,0.0,0.0,0.0,0.0,0.0,0.0,0.0,572.8510344869104,0.0048257213965379455,0.0,0.0,0.0,0.0,0.0,0.0,0.0,0.0,0.0,0.0,0.0,0.0,0.0,0.0,0.0,94.83423172893572,0.0,0.0,0.0,0.0,0.0,0.0,0.0,0.0,0.0,0.0,0.0,0.0,468.6164785299911,0.0,218.33290376710156,0.0,0.0,0.0,28.954328379227647,0.0,0.0,0.0,0.0,0.0,196.48362159722598,-225.4379499764536,0.0,0.0,0.0,0.0,0.0,0.0,0.0,0.0,0.0,0.0,0.0,0.0,-1000.0,-1000.0,33.056191566284895,-14.477164189613823,0.0,0.0,514.5837857302781,0.0,0.0,0.0,0.0,0.0,0.0,0.0,0.0,0.0,0.0,0.0,0.0,0.0,0.0,0.0,0.0,0.0,-6.032151745672426,0.0,-3.619291047403456,102.07281382374264,0.0,0.0,0.0,0.0,0.0,-0.6032151745672426,0.0,8.499703953105609,0.0,0.0,0.0,0.0,0.0,0.0,0.0,1000.0,14.477164189613823,14.477164189613823,0.0,0.0,0.0,0.0,0.0,0.053082935361896504,94.83423172893572,0.0,0.0,-514.5837857302781,572.8462087655139,0.0,0.0,0.0,0.0,0.0,0.0,0.0,0.0,0.0,0.0,0.0,0.0,0.0,449.84179791545387,0.0,0.0,0.0,0.0,50.67007466364838,0.0,0.0,3.7158054753342293,0.0,0.0,0.0,94.83423172893572,0.0,-314.32999367480426,0.0,0.0,0.0,-6.032151745672426,0.0,0.0,0.0,0.0,0.0,0.0,0.0,0.0,0.0,0.0,0.0,0.0,0.0,0.0,0.0,0.0,0.0,0.0,-0.04825721396537941,0.0,0.0,2.4128606982689704,312.91662256811503,0.0,0.0,0.0,0.0,0.0,0.0,0.0,0.0,4.154946122419146,1.2064303491344852,0.0,0.0,0.0,0.04825721396537941,0.0,48.25721396537941,-14.959736329267615,9.651442793075882,0.34469438546699577,134.63762696340854,-0.036192910474034556,2.4128606982690144,0.9651442793075882,-0.24128606982879686,-134.63762696340854,14.477164189613823,-0.04825721396537941,2.1057744087964925,0.0,0.012064303491344852,0.34469438546699577,-6.317323226389478,-7.682548463291141,-0.9651442793075882,-304.0143494110159,-0.04825721396537941,0.012064303491344852,-134.63762696340854,4.825721396537941,0.04825721396537941,0.04825721396537941,-94.73289157960843,0.05308293536189379,-49.15582449565876,-0.036192910474034556,14.477164189613823,0.04825721396537941,14.477164189613823,-24.128606982689703,-0.024128606982689704,-98.14051610992796,-15.328105231981183,-0.036192910474034556,-0.04825721396537941,-14.959736329267615,0.04825721396537941,4.825721396537915,-0.9651442793075882,10.454126621477858,10.454126621477858,-4.825721396537941,304.0143494110159,-10.454126621477858,9.651442793075882,0.07238582094806911,-214.21139847548645,4.825721396537941,-196.37738024380823,0.0,-9.651442793075882,0.024128606982689704,0.4825721396537941,118.38208957301504,96.0,-0.04825721396537941,-105.69210487114604,94.73289157960843,14.959736329267615,0.04825721396537941,7.682548463291141,-57.90865675845533,0.0,-0.04825721396537941,-0.012064303491344852,0.0,-0.04825721396537941,-38.17427860346206,0.04825721396537941,-0.012064303491344852,-0.012064303491344852,-0.012064303491344852,19.302885586151763,24.128606982689703,0.4825721396537941,303.31059837401995,-0.012064303491344852,234.65840473723358,2.4128606982689704,21.5,0.04825721396537941,0.024128606982689704,0.024128606982689704,4.825721396537941,14.959736329267615,0.04825721396537941,-14.959736329267615,0.4825721396537941,0.04825721396537939,-838.4266683288561,0.04825721396537941,0.19302885586340923,0.24128606982879686,0.024128606982689704,0.012064303491344852,14.477164189613823,-0.04825721396537941,49.15582449565876,0.4825721396537941,-606.6211967480399,1.2064303491344415,-4.825721396537915,9.651442793075882,2.4128606982689704,-0.04825721396537941,6.317323226389478,0.07238582094806911,-0.04825721396537939,-9.651442793075882,14.959736329267615,150.8948094075157,0.024128606982689704,-43.0,-0.04825721396537941,-0.04825721396537941,-0.04825721396537941,0.024128606982689704,134.63762696340854,-9.651442793075882,0.04825721396537941,236.76417914603007,-0.012064303491344852,-0.05308293536189379,-236.76417914603007,7.23858209480691,15.328105231981178,313.19300322957304,134.63762696340854,-0.036192910474034556,105.69210487114604,-96.0,0.04825721396537941,-0.012064303491344852,2.4128606982689704,48.25721396537941,-0.024128606982689704,-0.04825721396537941,0.012064303491344852,0.0,0.0,214.18726986850376,535.1160699548361,-46.0,0.0,-108.0,-31.0,0.0,-32.0,-93.0,-65.0,0.0,16.0,23.0,46.5,0.0,15.5,-94.83423172893572,-171.96530147127692,0.0,65.0,-171.96530147127692,108.0,-27.458532319041293,0.0,1496.5981,hclb
171,0.0,0.0,0.0,0.0,0.0,0.0,0.0,0.0,-0.0637171468824061,0.0,0.0,0.0,0.0,0.0,0.0,0.0,-327.5984613324741,-650.6614073141327,0.0,1000.0,0.0,0.0,0.0,292.471338617619,0.0,0.0,0.0,0.0,0.0,577.8002324288306,0.0,0.0,13.971767957771018,0.0,0.0,0.0,0.0,822.1592581247469,0.0,-1000.0,1000.0,0.0,0.0,0.0,0.0,0.0,0.0,0.0,-1000.0,-651.716221239295,0.0,-714.6650131394183,0.0,0.07008886157059653,0.0,0.0,0.0,12.743429376481219,0.0,0.0,2.892094351676956,0.0,82.82312999960023,0.0,0.0,0.0,0.0,0.0,402.87289795292406,-402.87289795292406,0.0,0.637171468824061,0.0,0.0,0.0,0.0,0.0,0.0,0.0,0.0,0.0,0.0,0.0,0.0,38.23028812944366,0.0,20.06829036330486,342.1146791154293,-731.66440499427,887.24554580464,-0.015929286720601524,0.0,0.0,0.0,19.11514406472183,0.0,19.11514406472183,0.0,861.8899958991781,0.0,0.0,3.1858573441203046,-57.3813555828286,0.0,0.0,-15.620083096127857,0.0,0.0,0.0,0.0,0.0,0.0,0.0,0.0,0.0,0.0,0.0,0.0,0.0,0.0,0.0,0.0,0.0,0.0,-740.600313708403,0.0,0.0,19.11514406472183,0.0,19.752315533545886,19.752315533545886,0.0,-31.250000000001364,1000.0,-968.7499999999986,968.7499999999986,0.0,0.0,0.0,-85.71522435127719,0.0,0.0,0.0,0.0,0.0,24.974510673250126,0.0637171468824061,0.0,0.0,0.0,0.0,-377.7415209395405,0.0,0.0,0.0,0.0,121.38696576209415,0.0,0.0,0.0,0.0,0.0,233.4333071910194,233.4333071910194,0.0,0.0,0.0,187.5,429.30684237721516,0.0,0.0,233.4970243379018,0.0,0.0,0.0,0.0,0.0,0.0,0.0,0.0,0.0,0.0,0.0,0.0,0.0,0.0,0.0,0.0,0.0,0.0,0.0,-941.0046704061349,0.0,0.0,0.0,0.0,0.0,651.716221239295,714.6650131394183,647.9730090945102,-647.9730090945102,85.71522435127719,0.0,0.0,0.0,0.0,0.0,0.0,635.1815880116592,-577.9665517972414,0.0,0.0,0.0,0.0,0.0,0.0,0.0,0.0,0.0,0.0,0.0,0.0,0.0,393.7199204407328,360.228379692503,35.133215764225156,0.0,0.0,0.0,0.0,78.56456816487697,0.0,0.0,0.0,0.0,2.892094351676956,35.133215764225156,0.0,0.0,307.2159845035555,0.0,0.0,0.0,0.0,0.0,2.051692129614016,0.0,0.0,0.0,559.5515087518423,-820.0859053369378,704.7527013493577,0.0,-35.133215764225156,0.0,0.0,85.71522435127719,-922.2650808034646,0.0,0.0,0.0,-36.76019647155905,0.0,0.0,-1000.0,0.0,0.0,-999.9999999999998,0.0,0.0,-83.69139589975975,0.0,940.5319095255297,651.716221239295,0.0,52.995678352850575,0.0,0.0,0.0,0.0,0.0,0.0,0.0,457.2190920024435,0.0,0.0,0.0,187.5,0.0,0.0,2.892094351676956,-0.09557572032360914,0.0,0.0,0.0,0.0,0.0637171468824061,0.0,0.0,0.0,755.5580416956449,-327.5984613324741,0.0,-570.0338580120156,545.0675987593423,0.0,972.7702490120464,0.0,354.8944214536408,0.0,-15.620083096127857,0.0,0.0,0.0,950.8677080389766,-593.219755061632,-712.5423744309857,-570.3348489563432,-1000.0,0.0,0.0,0.0,0.0,0.0,0.0,0.0,0.0,0.0,0.0,0.0,0.0,0.0,0.0,0.0,0.0,307.2159845035555,0.0,0.0,-1000.0,0.0,177.58587328772353,0.0,0.0,0.0,0.0,-27.02620280286414,0.0,861.8899958991781,0.0,0.0,0.0,0.0,0.0,-3.1858573441203046,429.264057191568,190.3468571087079,69.19152162681033,-3.1858573441203046,-1000.0,670.393481768274,0.0,0.0,-334.7446389466717,-430.85698586362815,0.0,0.0,0.0,-233.25538637885558,0.0,655.5903802143964,19.11514406472183,0.0,0.0,0.0,0.0,0.0,0.0,316.4349543625314,-77.28496607820136,77.28496607820136,77.28496607820136,95.87665371964664,0.0,0.0,-284.0543730482211,0.0,0.0,635.1815880116592,0.0,0.0,-39.79445492131355,0.0,0.0,46.344895052675355,0.0,0.0,0.0,0.0,-36.62828531175939,0.12743429376479815,0.0,0.0,0.0,0.0,0.0,0.0,0.0,0.0,0.0,0.0,0.0,0.0,0.0,0.0,0.0,0.0,0.0,0.0,0.0,0.07008886157059653,0.07008886157059653,0.0,476.97649106425155,0.0,38.23028812944366,0.0,89.44341980112728,0.0,1000.0,0.0,0.0,20.06829036330486,0.0,0.0,430.84349657339595,-1000.0,0.0,0.0,0.0,0.0,0.0,46.344895052675355,0.0,0.0,0.0,0.0,0.0,0.0,0.0,246.86677123613433,-755.5580416956449,377.7415209395405,0.0,24.974510673250126,0.0,0.0,0.0,-164.27979251615417,0.0,430.84349657339595,0.0,1000.0,-605.7847887383635,0.0,0.0,393.7199204407328,0.0,0.0,0.0,0.0,0.0,0.0,0.0,0.0,0.0,0.0,0.0,0.0,0.0,38.23028812944366,85.71522435127719,85.71522435127719,0.0,0.0,0.0,0.0,0.0,0.0,0.0,0.0,0.0,0.0,0.637171468824061,0.0,0.0,20.06829036330486,-20.06829036330486,0.0,714.6650131394183,0.0,0.0,19.11514406472183,0.0,0.0,0.0,0.0,0.0,0.0,0.0,0.0,0.0,0.0,0.0,-286.25158588700685,0.0,19.11514406472183,19.11514406472183,1000.0,-1000.0,0.0,46.344895052675355,0.0,0.0,0.0,0.0,0.0,0.0,635.1815880116592,54.09129403522498,0.0637171468824061,0.0,0.0,0.0,5.13833277358832,0.0,0.0,0.0,0.0,0.0,0.0,0.0,0.0,0.0,0.0,0.0,0.0,0.0,0.0,0.0,0.0,0.0,0.0637171468824061,0.0,0.0,0.0,0.0,0.0,0.0,0.0,0.0,177.58587328772353,0.0,834.863793096314,0.0,0.0,-1000.0,-4.778786016180457,-3.1858573441203073,0.0,0.0,0.0,0.0,0.0,0.0,0.0,0.0,0.0,0.0,0.0,0.0,85.71522435127719,0.0,0.0,0.0,425.5208511796612,0.0,0.0,0.0,-0.0637171468824061,0.0,0.0,0.0637171468824061,0.0,0.0637171468824061,0.0,0.0,0.0,38.23028812944366,77.73491919653543,77.73491919653543,0.0,0.0,0.0,0.0,0.0,0.0,0.0,377.7415209395405,0.0,635.1815880116592,0.0,0.0,598.32008253059,358.0336718549619,0.0,0.0,0.0,0.0,0.0,0.0,0.0,0.0,0.0,0.0,0.0,0.0,0.0,164.27979251615417,0.0,-353.68494813548,353.68494813548,0.09557572032360914,0.0,0.0,0.0,-19.11514406472183,0.0,0.0,0.0,0.0,0.0,-476.97649106425155,3.1858573441203046,0.0,0.0,0.0,-187.5,-429.30684237721516,-3.1858573441203073,0.0,0.0,0.0,0.0,0.0,0.0,0.0,0.0,85.71522435127719,0.0,0.0,-349.72125899921,83.25657062351878,0.0,429.9980915630593,-15.620083096127857,0.0,-30.21206014698445,861.8899958991781,-831.6779357521937,0.0,-1000.0,89.44341980112728,3.1858573441203073,1000.0,0.0,0.0,0.0,-79.93103564792327,0.0,0.0,0.0,0.0,0.0,0.0,0.0,0.0,0.0,38.86745959826772,-48.42503163062828,77.73491919653543,0.0,0.0,0.0,0.0,0.0,0.0,0.0,0.0,0.0,2.051692129614016,0.0,0.0,442.8878174821643,-5.13833277358832,329.9148250371584,0.0,19.11514406472183,20.06829036330486,0.0,0.0,0.0,-1.330043562662805,0.0,0.0,0.07008886157059653,0.0,0.0,0.0,38.867459598267715,0.0,0.0,0.0,0.0,360.228379692503,0.0,0.0,0.0,0.0,0.0,0.0,0.0,0.0,0.0,0.0,0.006371714688240791,0.006371714688240791,0.0,0.0,0.0,0.0,0.0,0.0,0.0,0.0,0.0,0.0,0.0,0.0,0.0,0.0,0.0,476.97649106425155,0.0,0.0,0.0,0.0,0.0,0.0,0.0,651.716221239295,0.0,0.0,0.0,40.13658072660972,1000.0,0.0,-650.6614073141327,0.0,0.0,0.0,38.23028812944369,0.0,0.0,0.0,0.0,0.0,670.7761381570061,-709.0064262864498,0.0,40.13658072660972,0.0,0.0,0.0,0.0,0.0,0.0,0.0,0.0,0.0,0.0,-54.09129403522498,-627.7162045391718,1000.0,0.0,-19.11514406472183,0.0,999.7451314124704,0.0,0.0,0.0,0.0,0.0,0.0,0.0,0.0,0.0,0.0,0.0,0.0,0.0,0.0,0.0,0.0,89.44341980112728,-7.964643360300764,85.71522435127719,-4.778786016180457,1000.0,0.0,0.0,0.0,0.0,0.0,-0.7964643360300762,0.0,39.79445492131355,0.0,0.0,0.0,0.0,0.0,0.0,0.0,1000.0,19.11514406472183,19.11514406472183,0.0,0.0,0.0,0.0,0.0,0.07008886157059653,476.97649106425155,0.0,0.0,-999.7451314124704,0.0,0.0,0.0,0.0,0.0,0.0,0.0,0.0,0.0,0.0,0.0,0.0,0.0,0.0,176.84247406774,0.0,0.0,19.752315533545886,0.0,66.9030042265264,0.0,0.0,24.974510673250126,0.0,0.0,0.0,476.97649106425155,0.0,0.0,0.0,0.0,0.0,-7.964643360300764,0.0,0.0,0.0,0.0,0.0,0.0,0.0,0.0,0.0,0.0,0.0,0.0,0.0,0.0,0.0,0.0,0.0,0.0,-0.0637171468824061,0.0,0.0,3.1858573441203046,-430.84349657339595,0.0,0.0,0.0,0.0,85.71522435127719,0.0,0.0,0.0,-950.8677080389766,1.5929286720601525,0.0,0.0,0.0,0.0637171468824061,0.0,63.71714688240609,0.0,12.743429376481219,0.4551224777314721,217.27547086900475,-0.04778786016180457,3.1858573441203046,1.274342937648122,-0.31858573441199206,-217.27547086900475,19.11514406472183,-0.0637171468824061,5.206694365375952,46.344895052675355,0.015929286720601524,0.4551224777314721,-15.620083096127857,-30.21206014698445,-1.274342937648122,-21.74013135339328,-0.0637171468824061,0.015929286720601524,-217.27547086900475,6.371714688240609,0.0637171468824061,0.0637171468824061,-476.84268505579854,-19.99820150173421,-19.359887077274706,-0.04778786016180457,19.11514406472183,0.0637171468824061,19.11514406472183,-31.85857344120305,-0.03185857344120305,-70.78691249256373,-85.0,-0.04778786016180457,-0.0637171468824061,0.0,0.0637171468824061,6.371714688240609,-1.274342937648122,164.27979251615417,164.27979251615417,-6.371714688240609,21.74013135339328,-164.27979251615417,12.743429376481219,0.09557572032360914,-1000.0,6.371714688240609,-246.86677123613433,46.344895052675355,-12.743429376481219,0.03185857344120305,0.637171468824061,142.5084645030039,96.0,-0.0637171468824061,-491.31284911279255,476.84268505579854,19.752315533545886,0.0637171468824061,30.21206014698445,-30.115681206212457,46.344895052675355,-0.0637171468824061,-0.015929286720601524,-46.344895052675355,-0.0637171468824061,-36.62828531175939,0.06371714688217872,-0.015929286720601524,-0.015929286720601524,-0.015929286720601524,25.486858752962437,31.85857344120305,0.637171468824061,47.20644119650342,-0.015929286720601524,279.81023464063185,3.1858573441203046,21.5,0.0637171468824061,0.03185857344120305,0.03185857344120305,29.544162214578286,0.0,0.0637171468824061,0.0,0.637171468824061,0.06371714688240598,-47.20644119650342,0.0637171468824061,0.2548685875295963,0.31858573441199206,0.03185857344120305,0.015929286720601524,19.11514406472183,-0.0637171468824061,19.359887077274706,0.637171468824061,-94.41288239300684,1.5929286720601525,-6.371714688240609,12.743429376481219,3.1858573441203046,-0.0637171468824061,15.620083096127857,0.09557572032360914,-0.06371714688240598,-59.08832442915657,0.0,182.38266997924583,0.03185857344120305,-43.0,-0.0637171468824061,-0.06371714688217872,-0.0637171468824061,0.03185857344120305,217.27547086900475,-12.743429376481219,0.0637171468824061,285.0169290060078,-0.015929286720601524,19.99820150173421,-285.0169290060078,9.557572032360913,85.0,525.3219400257024,217.27547086900475,-0.04778786016180457,491.31284911279255,-96.0,0.0637171468824061,-0.015929286720601524,3.1858573441203073,63.71714688240609,-0.03185857344120305,-0.0637171468824061,0.015929286720601524,0.0,0.0,196.41399152167858,0.0,-46.0,0.0,553.2377398310555,-31.0,0.0,-32.0,-93.0,-65.0,-803.5541499048802,16.0,23.0,46.5,0.0,15.5,-476.97649106425155,-181.05262641658302,803.5541499048802,65.0,-181.05262641658302,-553.2377398310555,288.4908531745137,0.0,1496.5981,hclb
172,0.0,0.0,0.0,0.0,0.0,0.0,0.0,0.0,-0.02574123186021366,0.0,0.0,0.0,0.0,0.0,0.0,0.0,-75.19704630389049,1000.0,0.0,-600.2833318016407,0.0,0.0,0.0,0.0,0.0,0.0,0.0,0.0,0.0,0.0,0.0,0.0,6.81212024593327,0.0,0.0,0.0,0.0,926.681976729923,0.0,-1000.0,1000.0,0.0,-479.4740745715967,-172.3612276591607,0.0,0.0,0.0,0.0,-231.9158006085455,-1000.0,0.0,0.0,0.0,0.02831535504628846,0.0,0.0,0.0,5.148246372042732,0.0,0.0,-2.266944485822833,0.0,-57.92590778370217,-60.192852269525005,0.0,0.0,0.0,0.0,0.0,0.0,0.0,0.25741231860213665,0.0,0.0,0.0,0.0,0.0,0.0,0.0,0.0,0.0,0.0,-69.63874319619015,0.0,15.444739116128197,0.0,0.0,-368.36753119309515,1000.0,-610.1463875508098,-0.006435307965053415,0.0,0.0,-373.0271325942972,7.7223695580640985,0.0,7.7223695580640985,-0.8288676658986986,0.0,0.0,0.0,1.287061593010683,-1000.0,0.0,0.0,-23.618998529955952,0.0,0.0,0.0,0.0,0.0,0.0,0.0,0.0,0.0,0.0,0.0,0.0,0.0,0.0,0.0,0.0,0.0,0.0,-455.4250610114424,0.0,0.0,7.7223695580640985,0.0,7.979781876666236,7.979781876666236,0.0,218.7500000000014,0.0,-218.7500000000014,218.7500000000014,-921.7917729182475,0.0,0.0,921.7917729182475,0.0,0.0,0.0,0.0,0.0,71.6208180494266,0.02574123186021366,0.0,0.0,0.0,0.0,-244.85422226562858,0.0,0.0,69.63874319619015,0.0,85.60645812369928,0.0,0.0,0.0,0.0,0.0,311.1830365756027,311.1830365756027,0.0,0.0,0.0,0.0,266.7034084424813,0.0,0.0,311.2087778074629,0.0,0.0,0.0,96.08878497105196,0.0,0.0,0.0,0.0,0.0,0.0,0.0,0.0,0.0,0.0,-1000.0,0.0,0.0,0.0,0.0,-1000.0,0.0,0.0,0.0,0.0,0.0,1000.0,479.4740745715967,0.0,0.0,0.0,0.0,0.0,0.0,0.0,0.0,0.0,1000.0,-698.5116780889409,0.0,0.0,0.0,0.0,0.0,0.0,0.0,0.0,0.0,0.0,0.0,0.0,0.0,832.4500787278669,212.15071500971405,-172.3612276591607,0.0,0.0,0.0,0.0,82.40013558211842,0.0,0.0,0.0,0.0,-2.266944485822833,0.0,0.0,0.0,0.0,0.0,0.0,0.0,0.0,0.0,0.0,0.0,0.0,0.0,-685.3820457024906,-164.8561202740873,-120.80925723004395,0.0,172.3612276591607,0.0,0.0,0.0,-15.42421607847848,0.0,0.0,0.0,-2.59428715097863,0.0,0.0,-999.1577226973579,0.0,0.0,-999.1577226973579,0.0,0.0,1000.0,0.0,1000.0,1000.0,0.0,5.3774650612101595,0.0,0.0,0.0,755.327079388277,0.0,-755.327079388277,0.0,311.15729534374253,0.0,0.0,0.0,0.0,0.0,0.0,-2.266944485822833,-0.03861184779032049,0.0,0.0,0.0,0.0,0.02574123186021366,0.0,0.0,0.0,909.8774948598175,-75.19704630389049,0.0,-563.6851303651641,443.0027404475961,0.0,932.8706159301069,0.0,0.0,0.0,-23.618998529955952,0.0,0.0,0.0,-2.2163200631644493,2.2163200631644493,0.0,-997.0839474507687,-1000.0,0.0,0.0,0.0,0.0,0.0,0.0,0.0,0.0,0.0,0.0,0.0,0.0,0.0,0.0,0.0,0.0,0.0,-73.21505834263583,0.0,-1000.0,69.63874319619015,0.0,0.0,0.0,0.0,0.0,-71.6208180494266,0.0,0.0,0.0,0.0,0.0,0.0,-531.2499999999981,-413.49644581205325,0.0,-2.2163200631644493,0.0,0.0,0.0,-34.6605686997777,531.2499999999981,412.2093842190426,0.0,-0.6435307965053415,-1.287061593010683,-939.3124717663602,0.0,0.0,-1000.0,983.268199290861,7.7223695580640985,0.0,0.0,0.0,0.0,0.0,0.0,0.0,-832.4500787278669,832.4500787278669,832.4500787278669,111.47075215791321,0.0,0.0,0.0,0.0,0.0,1000.0,0.0,0.0,-4.533888971645666,0.0,531.2500000000803,74.85175362795727,0.0,0.0,0.0,0.0,-40.42587681397863,0.051482463720049054,0.0,0.0,0.0,0.0,0.0,0.0,0.0,0.0,0.0,0.0,0.0,0.0,0.0,0.0,0.0,0.0,0.0,0.0,0.0,0.02831535504628846,0.02831535504628846,0.0,632.5756657565524,0.0,15.444739116128197,0.0,94.25145811337852,0.0,1000.0,0.0,0.0,0.0,0.0,0.0,272.21967864552755,-1000.0,0.0,0.0,0.0,0.0,0.0,74.85175362795727,0.0,0.0,0.0,0.0,0.0,0.0,0.0,151.80835367048078,-909.8774948598175,244.85422226562858,0.0,1.9820748532364507,0.0,0.0,-373.0271325942972,-455.4272681764156,0.0,272.21967864552755,0.0,231.7938018315489,0.0,0.0,0.0,832.4500787278669,0.0,0.0,0.0,0.0,0.0,0.0,0.0,0.0,0.0,0.0,0.0,0.0,0.0,15.444739116128197,0.0,0.0,0.0,0.0,0.0,0.0,0.0,0.0,0.0,0.0,0.0,0.0,0.25741231860213665,0.0,0.0,0.0,0.0,0.0,479.4740745715967,0.0,0.0,7.7223695580640985,0.0,0.0,0.0,0.0,0.0,0.0,0.0,0.0,0.0,0.0,-12.798610428736687,801.5969923828965,0.0,7.7223695580640985,7.7223695580640985,1000.0,-1000.0,0.0,74.85175362795727,0.0,0.0,0.0,0.0,0.0,997.0839474507687,1000.0,1000.0,0.02574123186021366,0.0,0.0,0.0,2.075846483584373,0.0,0.0,373.0271325942972,0.0,0.0,0.0,0.0,0.0,0.0,0.0,0.0,0.0,0.0,0.0,0.0,0.0,0.0,0.02574123186021366,0.0,0.0,0.0,-903.3110065530393,903.3110065530393,0.0,0.0,0.0,0.0,0.0,0.0,0.0,0.0,-998.4057597067907,-1.9305923895160246,-1.287061593010683,0.0,0.0,0.0,0.0,0.0,0.0,0.0,0.0,0.0,0.0,0.0,0.0,0.0,0.0,0.0,0.0,984.5552608838717,0.0,0.0,0.0,-0.02574123186021366,0.0,0.0,0.02574123186021366,0.0,0.02574123186021366,0.0,0.0,0.0,15.444739116128197,31.40430286946067,31.40430286946067,0.0,0.0,0.0,0.0,0.0,0.0,0.0,244.85422226562858,0.0,1000.0,0.0,0.0,0.0,0.0,0.0,0.0,0.0,0.0,0.0,0.0,0.0,0.0,0.0,0.0,0.0,0.0,0.0,82.40013558211842,0.0,0.0,0.0,0.03861184779032049,0.0,0.0,0.0,-7.7223695580640985,0.0,0.0,0.0,0.0,0.0,-632.5756657565524,1.287061593010683,0.0,0.0,0.0,0.0,-266.7034084424813,0.0,0.0,0.0,531.2500000000803,0.0,0.0,0.0,0.0,0.0,0.0,0.0,0.0,0.0,-199.87441297131443,0.0,304.70597589358584,-23.618998529955952,71.6208180494266,-71.6208180494266,0.0,0.0,69.63874319619015,-46.828518947939145,94.25145811337852,1.287061593010683,883.9945644987605,0.0,0.0,0.0,-4.533888971645666,0.0,0.0,0.0,0.0,0.0,0.0,0.0,0.0,0.0,996.1388152209679,0.0,31.40430286946067,0.0,0.0,0.0,0.0,0.0,0.0,0.0,0.0,0.0,0.0,0.0,0.0,638.3674429251005,-2.075846483584373,17.280049319151924,-479.4740745715967,7.7223695580640985,0.0,0.0,0.0,0.0,13.736387943182113,0.0,0.0,0.02831535504628846,0.0,0.0,0.0,15.702151434730334,0.0,0.0,0.0,0.0,212.15071500971405,0.0,0.0,0.0,0.0,0.0,0.0,0.0,0.0,-1000.0,0.0,0.0025741231860214398,0.0025741231860214398,0.0,0.0,0.0,0.0,0.0,0.0,0.0,0.0,0.0,0.0,0.0,0.0,0.0,0.0,0.0,632.5756657565524,0.0,0.0,0.0,0.0,0.0,0.0,0.0,1000.0,0.0,0.0,0.0,0.0,-503.11915044637044,1000.0,1000.0,0.0,0.0,0.0,15.44473911612829,0.0,0.0,0.0,0.0,0.0,133.57805928469747,-149.02279840082568,0.0,0.0,0.0,0.0,0.0,0.0,0.0,0.0,0.0,0.0,0.0,0.0,-1000.0,-1000.0,17.63274382424636,0.0,-7.7223695580640985,0.0,926.681976729923,0.0,0.0,0.0,0.0,0.0,0.0,0.0,0.0,0.0,0.0,0.0,0.0,0.0,0.0,0.0,0.0,94.25145811337852,-3.2176539825267074,0.0,-1.9305923895160246,-1.930592389516029,0.0,0.0,0.0,0.0,0.0,-0.3217653982526708,0.0,74.17263216783581,0.0,0.0,0.0,0.0,0.0,0.0,0.0,1000.0,7.7223695580640985,7.7223695580640985,0.0,0.0,0.0,0.0,0.0,0.02831535504628846,632.5756657565524,0.0,0.0,-926.681976729923,0.0,0.0,0.0,0.0,0.0,0.0,0.0,0.0,0.0,0.0,0.0,0.0,0.0,0.0,0.0,0.0,0.0,7.979781876666236,0.0,27.028293453224343,1.9820748532364507,0.0,0.0,0.0,0.0,0.0,632.5756657565524,0.0,-2.1159292589093814,0.0,0.0,0.0,-3.2176539825267074,0.0,0.0,0.0,0.0,0.0,0.0,0.0,0.0,0.0,0.0,0.0,0.0,0.0,0.0,0.0,0.0,0.0,0.0,-0.02574123186021366,0.0,0.0,1.287061593010683,-272.21967864552755,0.0,0.0,0.0,0.0,0.0,0.0,0.0,0.0,2.2163200631644493,0.6435307965053415,0.0,0.0,0.0,0.02574123186021366,0.0,25.74123186021366,0.0,5.148246372042732,0.183865941858669,87.7776006433286,-0.019305923895160244,1.2870615930106366,0.5148246372042732,-0.12870615930133494,-87.7776006433286,7.7223695580640985,-0.02574123186021366,7.872999509985317,74.85175362795727,0.006435307965053415,0.183865941858669,-23.618998529955952,-4.09800411214583,-0.5148246372042732,-324.51962189446886,-0.02574123186021366,0.006435307965053415,-87.7776006433286,2.574123186021366,0.02574123186021366,0.02574123186021366,-632.5216091696459,0.0283153550462351,0.0,-0.019305923895160244,7.7223695580640985,0.025741231860213536,7.7223695580640985,-12.87061593010683,-0.01287061593010683,-38.36846106378738,-85.0,-0.019305923895160244,-0.02574123186021366,0.0,0.02574123186021366,2.574123186021366,-0.5148246372042732,82.40013558211842,82.40013558211842,-2.574123186021366,324.51962189446886,-82.40013558211842,5.148246372042732,0.03861184779032049,467.45674865048545,2.574123186021366,-151.80835367048078,74.85175362795727,-5.148246372042732,0.01287061593010683,0.25741231860213665,140.92128259129103,-194.7261665992717,-0.02574123186021366,-638.3674429251005,632.5216091696459,7.979781876666236,0.02574123186021366,4.09800411214583,43.96227539570077,74.85175362795727,-0.02574123186021366,-0.006435307965053415,-74.85175362795727,-0.02574123186021366,-40.42587681397863,0.025741231860270504,-0.006435307965053415,-0.006435307965053415,-0.006435307965053415,10.296492744085464,12.87061593010683,0.25741231860213665,19.071035154435197,-0.006435307965053415,273.96956567259673,1.287061593010683,21.5,0.02574123186021366,0.01287061593010683,0.01287061593010683,40.0,0.0,0.02574123186021366,0.0,0.25741231860213665,0.02574123186021366,-19.071035154435197,0.02574123186021366,0.10296492744107422,0.12870615930133494,0.01287061593010683,0.006435307965053415,7.7223695580640985,-0.02574123186021366,0.0,0.2574123186021366,-38.142070308870395,0.643530796505388,-2.574123186021366,5.148246372042732,1.287061593010683,-0.02574123186021366,23.618998529955952,0.03861184779032049,-0.02574123186021366,-80.0,0.0,5.9975666614729155,0.01287061593010683,-43.0,-0.025741231860213536,-0.025741231860270504,-0.02574123186021366,0.01287061593010683,87.7776006433286,-5.148246372042732,0.02574123186021366,281.84256518258206,-0.006435307965053415,-0.0283153550462351,-281.84256518258206,3.861184779032049,85.0,-879.4613099181915,87.7776006433286,-0.019305923895160244,638.3674429251005,194.7261665992717,0.02574123186021366,-0.006435307965053417,1.287061593010683,25.74123186021366,-0.01287061593010683,-0.02574123186021366,0.006435307965053415,1000.0,0.0,-857.3232317156057,0.0,-46.0,0.0,777.5527922462004,-31.0,0.0,-32.0,-93.0,-65.0,-389.8536124491902,16.0,23.0,46.5,0.0,15.5,-632.5756657565524,-19.73395460465503,389.8536124491902,65.0,-19.73395460465503,-777.5527922462004,365.50819683223915,0.0,1496.5981,hclb
173,0.0,0.0,0.0,0.0,0.0,0.0,0.0,0.0,-0.06563345888146692,0.0,0.0,0.0,0.0,0.0,0.0,0.0,121.58597023349948,1000.0,0.0,-381.945824048945,0.0,0.0,0.0,373.2609036599573,0.0,0.0,0.0,0.0,0.0,1000.0,0.0,0.0,7.554115668528667,0.0,0.0,0.0,0.0,999.7374661644743,0.0,-1000.0,1000.0,0.0,0.0,1000.0,0.0,0.0,0.0,0.0,-1000.0,-941.367692453267,0.0,677.4471375834016,0.0,0.07219680476954693,0.0,0.0,0.0,13.126691776293383,0.0,0.0,-1.0061524718508448,0.0,15.328054892781076,0.0,0.0,0.0,0.0,0.0,0.0,0.0,0.0,0.6563345888146692,0.0,0.0,0.0,0.0,0.0,0.0,0.0,854.1169597737501,0.0,0.0,462.51561574551505,0.0,39.38007532888015,0.0,0.0,1000.0,1000.0,-554.6972538278678,-0.01640836472036673,0.0,0.0,-12.152093548061771,19.690037664440077,0.0,19.690037664440077,-2.113397375982725,0.0,0.0,462.51561574551505,3.2816729440733456,34.21401859886873,0.0,0.0,-21.995384890190987,0.0,0.0,0.0,0.0,0.0,0.0,0.0,0.0,0.0,0.0,0.0,0.0,0.0,0.0,0.0,0.0,0.0,0.0,-417.6241381475762,0.0,0.0,19.690037664440077,0.0,20.346372253254742,20.346372253254742,0.0,-548.610050779624,704.8600507796257,-156.2500000000017,156.2500000000017,-1000.0,-718.6875000000371,718.6875000000371,985.6780975790698,0.0,0.0,0.0,0.0,0.0,-457.46183941164213,0.06563345888146692,0.0,0.0,0.0,839.6217349639912,-971.5373036043179,0.0,0.0,0.0,0.0,313.5393597944147,0.0,0.0,0.0,0.0,0.0,638.8495134855503,638.8495134855503,0.0,0.0,0.0,0.0,741.5656737643773,0.0,0.0,638.9151469444319,0.0,0.0,0.0,-834.1869982442124,-753.5283562883894,0.0,0.0,0.0,0.0,0.0,0.0,0.0,0.0,0.0,-551.377026948727,0.0,0.0,0.0,0.0,-820.9810609121756,0.0,0.0,0.0,0.0,0.0,941.367692453267,-677.4471375834016,-295.5013135344566,295.5013135344566,14.32190242093023,0.0,0.0,0.0,0.0,0.0,0.0,965.7859814011313,-824.41530549615,0.0,0.0,0.0,0.0,0.0,0.0,0.0,0.0,0.0,0.0,0.0,0.0,0.0,561.8162572695111,115.16895219291342,555.8611673499022,0.0,0.0,0.0,0.0,78.37102065297184,0.0,0.0,0.0,0.0,-1.0061524718508448,-444.1388326500978,0.0,0.0,0.0,0.0,0.0,0.0,0.0,0.0,0.0,0.0,0.0,0.0,-1000.0,295.5013135344566,-972.9484511178582,0.0,-555.8611673499022,0.0,0.0,14.32190242093023,620.0444835341331,0.0,0.0,0.0,-23.597870711845985,0.0,0.0,-1000.0,0.0,122.5077418212262,-1000.0,0.0,122.50774182122638,704.4986864655434,0.0,1000.0,941.367692453267,0.0,131.11717171190008,0.0,0.0,0.0,102.2437554124972,0.0,-102.2437554124972,0.0,1000.0,0.0,0.0,0.0,0.0,0.0,0.0,-1.0061524718508448,-0.09845018832220037,0.0,0.0,0.0,0.0,0.06563345888146692,0.0,0.0,0.0,708.5981001738335,121.58597023349948,0.0,-771.4328666835676,304.465244742756,753.5283562883894,1000.0,0.0,0.0,0.0,-21.995384890190987,0.0,0.0,0.0,-5.6510408096942335,5.6510408096942335,0.0,-352.1701143683483,-1000.0,0.0,0.0,0.0,0.0,0.0,0.0,0.0,0.0,0.0,0.0,0.0,0.0,0.0,0.0,0.0,0.0,0.0,0.0,0.0,-1000.0,0.0,0.0,0.0,0.0,0.0,0.0,457.46183941164213,0.0,0.0,0.0,0.0,0.0,0.0,0.0,-6.021440719833873,0.0,-5.6510408096942335,0.0,311.3748124145587,-88.37545238389521,0.0,0.0,0.0,0.0,-1.6408364720366728,-314.65648535863204,-331.0419930732909,0.0,118.61618326843166,-1000.0,775.8642450178857,19.690037664440077,0.0,0.0,0.0,0.0,0.0,0.0,0.0,-561.8162572695111,561.8162572695111,561.8162572695111,101.8686931138976,0.0,0.0,-361.21611997333105,0.0,0.0,965.7859814011313,0.0,0.0,-16.33420736463192,0.0,0.0,19.690037664440077,0.0,0.0,0.0,0.0,-36.43665411185331,0.1312669177632415,0.0,0.0,0.0,0.0,0.0,0.0,0.0,0.0,0.0,0.0,0.0,0.0,0.0,0.0,0.0,0.0,0.0,0.0,0.0,0.07219680476954693,0.07219680476954693,0.0,644.6895654932177,0.0,39.38007532888015,0.0,0.0,0.0,1000.0,0.0,0.0,0.0,0.0,0.0,433.6488670167662,-1000.0,0.0,0.0,0.0,0.0,0.0,19.690037664440077,0.0,0.0,0.0,0.0,0.0,0.0,0.0,139.20804604919206,-708.5981001738335,131.91556864032665,2.7397677757605265,5.053776333872926,0.0,-12.152093548061771,0.0,-92.69292307390207,0.0,433.6488670167662,0.0,397.21221290491286,0.0,0.0,0.0,561.8162572695111,0.0,0.0,0.0,0.0,0.0,0.0,0.0,0.0,0.0,0.0,0.0,0.0,0.0,39.38007532888015,14.32190242093023,14.32190242093023,0.0,0.0,0.0,0.0,0.0,0.0,0.0,0.0,0.0,0.0,0.6563345888146692,0.0,0.0,0.0,0.0,0.0,-677.4471375834016,0.0,0.0,19.690037664440077,0.0,0.0,0.0,0.0,2.7397677757605265,0.0,0.0,0.0,0.0,0.0,1000.0,0.0,0.0,19.690037664440077,19.690037664440077,1000.0,-1000.0,0.0,19.690037664440077,0.0,0.0,0.0,0.0,0.0,1000.0,965.7859814011313,1000.0,0.06563345888146692,0.0,0.0,-782.5631332515545,787.8560028999242,0.0,0.0,12.152093548061771,0.0,0.0,0.0,0.0,0.0,0.0,0.0,0.0,0.0,0.0,0.0,0.0,0.0,0.0,0.06563345888146692,0.0,0.0,0.0,567.0232125808852,-567.0232125808852,0.0,0.0,0.0,0.0,0.0,457.46183941164213,0.0,0.0,-1000.0,-4.922509416110018,-3.2816729440733456,0.0,0.0,0.0,0.0,0.0,0.0,0.0,0.0,0.0,0.0,0.0,0.0,14.32190242093023,753.5283562883894,0.0,0.0,897.7621012303906,0.0,0.0,0.0,-0.06563345888146692,0.0,0.0,0.06563345888146692,0.0,0.06563345888146692,0.0,0.0,0.0,39.38007532888015,80.07281983538964,80.07281983538964,0.0,0.0,0.0,0.0,0.0,0.0,0.0,131.91556864032665,0.0,965.7859814011313,0.0,0.0,0.0,0.0,0.0,0.0,0.0,0.0,0.0,0.0,0.0,0.0,0.0,0.0,0.0,0.0,0.0,92.69292307390207,0.0,0.0,0.0,0.09845018832220037,0.0,0.0,0.0,-19.690037664440077,0.0,0.0,0.0,0.0,0.0,-644.6895654932177,3.2816729440733456,0.0,0.0,0.0,0.0,-741.5656737643773,542.5381605883579,0.0,0.0,0.0,0.0,0.0,0.0,0.0,0.0,14.32190242093023,0.0,0.0,0.0,82.87330822370666,0.0,183.78887686403328,-21.995384890190987,0.0,1000.0,0.0,-1000.0,0.0,539.9716636987434,0.0,3.2816729440733456,701.4764864290206,0.0,0.0,0.0,-16.33420736463192,0.0,0.0,-656.2500000000249,656.2500000000249,0.0,0.0,0.0,0.0,0.0,546.4545175326169,-4.922509416109972,80.07281983538964,0.0,0.0,0.0,0.0,0.0,0.0,0.0,0.0,0.0,0.0,0.0,0.0,654.5345843254378,-5.292869648369674,-541.0930080277498,0.0,19.690037664440077,0.0,0.0,0.0,0.0,149.3685416355799,0.0,0.0,0.07219680476954693,0.0,0.0,0.0,40.03640991769482,0.0,0.0,0.0,0.0,115.16895219291342,0.0,0.0,0.0,0.0,0.0,0.0,0.0,0.0,-392.70896623184433,0.0,0.0065633458881466916,0.0065633458881466916,0.0,0.0,0.0,0.0,0.0,0.0,0.0,0.0,0.0,-782.5631332515545,0.0,0.0,0.0,0.0,0.0,644.6895654932177,0.0,0.0,0.0,0.0,0.0,0.0,0.0,941.367692453267,0.0,0.0,0.0,0.0,0.0,-816.2210211653477,1000.0,0.0,0.0,0.0,39.38007532888015,0.0,0.0,0.0,0.0,0.0,960.6199246711199,-1000.0,0.0,0.0,0.0,0.0,0.0,0.0,0.0,0.0,0.0,0.0,0.0,0.0,-1000.0,682.0439042305204,44.958919333804836,-19.690037664440077,0.0,0.0,999.7374661644743,0.0,0.0,0.0,0.0,0.0,0.0,0.0,0.0,0.0,640.6249999999999,0.0,-640.625,-640.6249999999999,0.0,0.0,0.0,0.0,-8.204182360183363,14.32190242093023,-4.922509416110018,0.0,0.0,0.0,0.0,0.0,0.0,0.0,-0.8204182360183364,16.33420736463192,0.0,0.0,0.0,0.0,0.0,0.0,0.0,1000.0,19.690037664440077,19.690037664440077,0.0,0.0,0.0,0.0,854.1169597737501,0.07219680476954693,644.6895654932177,0.0,0.0,-999.7374661644743,0.0,0.0,0.0,0.0,0.0,0.0,0.0,0.0,0.0,0.0,0.0,0.0,0.0,0.0,0.0,0.0,0.0,20.346372253254742,0.0,68.91513182554027,5.053776333872926,0.0,0.0,0.0,0.0,0.0,644.6895654932177,0.0,-547.9332309084139,0.0,0.0,0.0,-8.204182360183363,0.0,0.0,0.0,0.0,0.0,0.0,0.0,0.0,0.0,0.0,0.0,0.0,0.0,0.0,0.0,0.0,0.0,0.0,-0.06563345888146692,0.0,0.0,3.2816729440733456,-433.6488670167662,0.0,0.0,0.0,0.0,14.32190242093023,0.0,0.0,0.0,5.6510408096942335,1.6408364720366728,0.0,0.0,0.0,0.06563345888146692,0.0,65.63345888146691,0.0,13.126691776293384,0.46881042058190653,223.81009478580216,-0.049225094161100186,3.2816729440733456,1.3126691776293384,-0.3281672944071943,-223.81009478580216,19.690037664440077,-0.06563345888152067,7.331794963396995,19.690037664440077,0.01640836472036673,0.46881042058190653,-21.995384890190987,-10.44884665392891,-1.3126691776293384,-739.6401461845544,-0.06563345888146692,0.01640836472036673,-223.81009478580216,6.563345888146691,0.06563345888152067,0.06563345888146692,-644.5517352295667,0.07219680476961361,0.0,-0.049225094161100186,19.690037664440077,0.06563345888146692,19.690037664440077,-32.81672944073346,-0.03281672944073346,-269.5485900140327,-85.0,-0.049225094161100186,-0.06563345888146692,0.0,0.06563345888146692,6.563345888146691,-1.3126691776293384,92.69292307390207,92.69292307390207,-6.563345888146691,739.6401461845544,-92.69292307390207,13.126691776293383,0.09845018832220037,21.50026982946804,6.563345888146691,-139.20804604919206,19.690037664440077,-13.126691776293383,0.03281672944073346,0.6563345888146692,192.8582166708919,96.0,-0.06563345888146692,-659.4570937415477,644.5517352295667,20.346372253254742,0.06563345888146692,10.44884665392891,-59.070112993320244,19.690037664440077,-0.06563345888146692,-0.01640836472036673,-19.690037664440077,-0.06563345888146692,-36.43665411185331,0.06563345888146692,-0.01640836472036673,-0.01640836472036673,-0.01640836472036673,26.253383552586765,32.81672944073346,0.6563345888146692,332.0213219574615,-0.01640836472036673,378.3846383783868,3.2816729440733456,21.5,0.06563345888146692,0.03281672944073346,0.03281672944073346,16.40836472036673,0.0,0.06563345888146692,0.0,0.6563345888146692,0.06563345888146692,-898.8115881747708,0.06563345888146692,0.2625338355256588,0.3281672944071943,0.03281672944073346,0.01640836472036673,19.690037664440077,-0.06563345888146692,0.0,0.6563345888146692,-664.042643914923,1.6408364720366726,-6.563345888146691,13.126691776293383,3.2816729440733456,-0.06563345888146692,21.995384890190987,0.09845018832220037,-0.06563345888146692,-32.81672944073346,0.0,25.366407752345282,0.03281672944073346,-43.0,-0.06563345888146692,-0.06563345888146692,-0.06563345888146692,0.03281672944073346,223.81009478580216,-13.126691776293383,0.06563345888146692,385.7164333417838,-0.01640836472036673,-0.07219680476961361,-385.7164333417838,9.845018832220036,85.0,-166.0966260276398,223.81009478580216,-0.049225094161100186,659.4570937415477,-96.0,0.06563345888146692,-0.016408364720366726,3.2816729440733456,65.63345888146691,-0.03281672944073346,-0.06563345888146692,0.01640836472036673,402.06031353174404,0.0,-171.33451919658435,566.7902662173093,-46.0,0.0,679.5587251666755,-31.0,0.0,-32.0,-93.0,-65.0,-149.8014326376756,16.0,23.0,46.5,0.0,15.5,-644.6895654932177,-174.73494938792518,149.8014326376756,65.0,-174.73494938792518,-679.5587251666755,366.03274613592447,0.0,1496.5981,hclb
174,0.0,0.0,0.0,0.0,0.0,0.0,0.0,0.0,-0.012256641976711516,0.0,0.0,0.0,0.0,0.0,0.0,0.0,0.0,9.25938231999119,0.0,0.0,0.0,0.0,0.0,58.27410177475201,0.0,0.0,0.0,0.0,0.0,0.0,0.0,0.0,6.561306874100161,0.0,0.0,0.0,0.0,0.0,0.0,-1000.0,1000.0,0.0,0.0,0.0,0.0,0.0,0.0,96.03445424470307,0.0,-1000.0,0.0,0.0,0.0,0.01348230617439583,0.0,0.0,0.0,98.48578264004537,0.0,0.0,-1.079401603416727,0.0,877.6464995486378,876.5670979452211,0.0,0.0,0.0,0.0,378.9457869316669,-378.9457869316669,0.0,0.12256641976711517,0.0,0.0,0.0,0.0,0.0,0.0,0.0,0.0,0.0,0.0,0.0,0.0,7.35398518602691,0.0,0.0,4.629691159995595,4.611306197030528,0.018384962965067274,-0.003064160494177879,0.0,0.0,0.0,3.676992593013455,0.0,3.676992593013455,-0.39466387165168726,0.0,0.0,0.0,0.6128320988355758,-1000.0,0.0,0.0,-24.167821338214505,0.0,0.0,0.0,0.0,0.0,0.0,0.0,0.0,0.0,0.0,0.0,0.0,0.0,0.0,0.0,0.0,0.0,0.0,-440.78265607689355,0.0,0.0,3.676992593013455,0.0,3.7995590127805703,3.7995590127805703,0.0,0.0,0.0,0.0,0.0,0.0,781.2500000000198,-781.2500000000198,0.0,0.0,0.0,0.0,0.0,0.0,0.9437614322067862,0.012256641976711516,0.0,0.0,0.0,0.0,0.0,0.0,0.0,153.91068500303805,0.0,-10.195193355313721,0.0,0.0,0.0,0.0,0.0,478.83314881203364,478.83314881203364,0.0,0.0,0.0,0.0,879.3891508202936,0.0,0.0,478.84540545401035,0.0,0.0,0.0,-473.234779180876,0.0,0.0,0.0,0.0,0.0,0.0,0.0,0.0,0.0,0.0,-155.66256769624323,0.0,0.0,0.0,0.0,-761.4518478317075,0.0,0.0,0.0,0.0,0.0,1000.0,0.0,995.3703088400044,-995.3703088400044,0.0,0.0,0.0,0.0,0.0,0.0,0.0,1000.0,-938.9834086424312,0.0,0.0,0.0,0.0,0.0,0.0,0.0,0.0,0.0,0.0,0.0,0.0,0.0,909.0387722703388,-38.0973432093154,0.0,0.0,0.0,0.0,0.0,83.76207916035213,0.0,0.0,0.0,0.0,-1.079401603416727,0.0,0.0,0.0,0.0,0.0,0.0,0.0,0.0,0.0,0.0,0.0,0.0,0.0,0.0,-990.7590026429739,1000.0,0.0,0.0,0.0,0.0,0.0,-870.8733770536243,0.0,0.0,0.0,-1.235265233886821,0.0,0.0,-1000.0,0.0,-223.59182523300038,-182.65817476699996,-817.3418252329999,593.7499999999995,999.9816150370349,0.0,1000.0,1000.0,0.0,-41.96693001976586,0.0,0.0,0.0,135.0773317590759,0.0,-135.0773317590759,0.0,1000.0,0.0,0.0,0.0,0.0,0.0,0.0,-1.079401603416727,-0.018384962965067274,0.0,0.0,0.0,0.0,0.012256641976711516,0.0,0.0,0.0,674.0127760783419,0.0,0.0,-472.64461818749527,206.8015795102109,0.0,926.1283209883558,0.0,0.0,0.0,-24.167821338214505,0.0,0.0,0.0,357.5456248188372,-357.5456248188372,0.0,-998.6115267414043,-1000.0,0.0,0.0,0.0,0.0,0.0,0.0,0.0,0.0,0.0,0.0,0.0,0.0,0.0,0.0,0.0,0.0,0.0,-999.9509734320915,0.0,-1000.0,0.0,0.0,0.0,0.0,0.0,0.0,-0.9437614322067986,0.0,0.0,0.0,0.0,0.0,-21.40016211282965,906.2499999999974,0.0,0.0,0.0,-330.1081987582358,0.0,-33.106518563900295,-341.99797155077385,-906.2499999999974,-0.6128320988355758,51.037677117943986,-0.3064160494177879,-0.6128320988355758,531.2500000000105,0.0,0.0,-1000.0,992.0331827151375,3.676992593013455,-937.5000000002992,937.5000000002992,0.0,0.0,0.0,0.0,0.0,-909.0387722703388,909.0387722703388,909.0387722703388,114.71649294287221,0.0,0.0,-521.1791078299431,0.0,0.0,1000.0,0.0,0.0,-2.158803206833568,0.0,0.0,77.5486716046577,0.0,0.0,0.0,0.0,-41.77433580232885,0.02451328395341079,0.0,0.0,0.0,0.0,0.0,0.0,0.0,0.0,0.0,0.0,0.0,0.0,0.0,0.0,0.0,0.0,0.0,0.0,0.0,0.01348230617439583,0.01348230617439583,0.0,611.2343020666277,0.0,7.35398518602691,0.0,0.0,0.0,424.1990487927457,0.0,0.0,0.0,0.0,0.0,230.2784229019823,-424.1990487927457,0.0,0.0,0.0,0.0,0.0,77.5486716046577,0.0,0.0,0.0,0.0,0.0,0.0,0.0,146.92755202563117,-674.0127760783419,0.0,0.0,0.9437614322067862,0.0,0.0,0.0,-83.76207916035213,0.0,230.2784229019823,0.0,873.5854169833474,-685.0813298836939,904.2164623185508,-904.2164623185508,909.0387722703388,0.0,0.0,0.0,0.0,0.0,0.0,0.0,0.0,0.0,0.0,0.0,0.0,0.0,7.35398518602691,0.0,0.0,0.0,0.0,0.0,0.0,0.0,0.0,0.0,0.0,0.0,0.0,0.12256641976711517,0.0,0.0,0.0,0.0,0.0,0.0,0.0,0.0,3.676992593013455,0.0,0.0,0.0,0.0,0.0,0.0,0.0,0.0,0.0,0.0,-452.74817610421564,0.0,0.0,3.676992593013455,3.676992593013455,1000.0,-424.1990487927457,0.0,77.5486716046577,0.0,0.0,0.0,0.0,0.0,998.6115267414043,1000.0,1000.0,0.012256641976711516,0.0,0.0,0.0,0.9884106279790928,0.0,0.0,0.0,0.0,0.0,0.0,0.0,0.0,0.0,0.0,0.0,0.0,0.0,0.0,0.0,0.0,0.0,0.012256641976711516,0.0,0.0,0.0,0.0,0.0,0.0,0.0,0.0,0.0,0.0,-0.9437614322067986,-153.91068500303805,0.0,-0.049026567908526886,-0.9192481482533638,0.0,-0.6128320988355763,0.0,0.0,0.0,0.0,0.0,0.0,0.0,0.0,0.0,0.0,0.0,0.0,0.0,0.0,0.0,992.6460148139731,0.0,0.0,0.0,-0.012256641976711516,0.0,0.0,0.012256641976711516,0.0,0.012256641976711516,0.0,0.0,0.0,7.35398518602691,14.95310321158805,14.95310321158805,0.0,0.0,0.0,0.0,0.0,0.0,0.0,0.0,0.0,1000.0,0.0,0.0,358.6009216930321,0.0,0.0,0.0,0.0,0.0,0.0,0.0,0.0,0.0,0.0,0.0,0.0,0.0,0.0,83.76207916035213,0.0,0.0,0.0,0.018384962965067274,0.0,0.0,0.0,-3.676992593013455,0.0,0.0,0.0,0.0,0.0,-611.2343020666277,0.6128320988355758,0.0,0.0,0.0,0.0,-879.3891508202936,217.9607960134662,-0.6128320988355763,0.0,0.0,0.0,0.0,0.0,0.0,0.0,0.0,0.0,0.0,-497.65293708037746,-297.80447020371105,0.0,62.5486716046577,-24.167821338214505,0.0,217.0170345812594,0.0,-217.0170345812594,153.91068500303805,-885.8264802652124,0.0,0.6128320988355763,944.7642172677517,0.0,0.0,0.0,-2.158803206833568,0.0,0.0,0.0,0.0,0.0,0.0,0.0,0.0,0.0,767.8161179111243,-613.9920465113877,14.95310321158805,0.0,-425.1579109167643,-425.1579109167644,425.1579109167643,0.0,0.0,0.0,0.0,0.0,0.0,0.0,0.0,0.0,-0.9884106279790928,223.1859358617268,0.0,3.676992593013455,0.0,0.0,0.0,0.0,-49.3013392221263,0.0,0.0,0.01348230617439583,0.0,0.0,0.0,7.476551605794025,0.0,0.0,0.0,0.0,-38.0973432093154,0.0,0.0,0.0,0.0,0.0,0.0,0.0,0.0,-38.69135342046736,0.0,0.0012256641976711867,0.0012256641976711867,0.0,0.0,0.0,0.0,0.0,0.0,0.0,0.0,0.0,0.0,0.0,0.0,0.0,0.0,0.0,611.2343020666277,0.0,0.0,0.0,0.0,0.0,0.0,0.0,1000.0,0.0,0.0,0.0,0.0,0.0,1000.0,9.25938231999119,0.0,0.0,0.0,7.35398518602691,0.0,0.0,0.0,0.0,0.0,0.0,-7.35398518602691,0.0,0.0,0.0,0.0,0.0,0.0,0.0,0.0,0.0,0.0,0.0,0.0,-1000.0,-1000.0,366.9967214470795,0.0,-3.676992593013455,0.0,0.0,0.0,0.0,0.0,0.0,0.0,0.0,0.0,0.0,0.0,0.0,0.0,0.0,0.0,0.0,0.0,0.0,0.0,-1.53208024708894,0.0,-0.9192481482533638,971.6737200561665,0.0,0.0,0.0,0.0,0.0,0.0,-0.15320802470889397,156.06948820987162,0.0,0.0,0.0,0.0,0.0,0.0,0.0,1000.0,3.676992593013455,3.676992593013455,0.0,0.0,0.0,0.0,0.0,0.01348230617439583,611.2343020666277,0.0,0.0,0.0,0.0,0.0,0.0,0.0,0.0,0.0,0.0,0.0,0.0,0.0,0.0,0.0,0.0,0.0,0.0,0.0,0.0,3.7995590127805703,0.0,12.869474075547092,0.9437614322067862,0.0,0.0,0.0,0.0,0.0,611.2343020666277,0.0,-218.35545988511788,0.0,0.0,0.0,-1.53208024708894,0.0,0.0,0.0,0.0,0.0,0.0,0.0,0.0,0.0,0.0,0.0,0.0,0.0,0.0,0.0,0.0,0.0,0.0,-0.012256641976711516,0.0,0.0,0.6128320988355758,-230.2784229019823,0.0,0.0,0.0,0.0,0.0,0.0,0.0,0.0,-357.5456248188372,0.3064160494177879,0.0,0.0,0.0,0.012256641976711516,0.0,12.256641976711515,0.0,2.451328395342303,0.08754744269079653,41.795149140586275,-0.009192481482533637,0.6128320988355758,0.24513283953423032,-0.0612832098852384,-41.795149140586275,3.6769925930134546,-0.012256641976711533,8.055940446071501,77.5486716046577,0.003064160494177879,0.08754744269079653,-24.167821338214505,-1.9512574026940621,-0.2451328395342216,-9.25938231999119,-0.012256641976711516,0.003064160494177879,-41.795149140586275,1.2256641976711515,0.012256641976711533,0.012256641976711516,-611.2085631184766,0.013482306174382702,0.0,-0.009192481482533637,3.676992593013455,0.012256641976711516,3.676992593013455,-6.128320988355759,-0.006128320988355758,58.53083603174273,-85.0,-0.009192481482533637,-0.012256641976711516,0.0,0.012256641976711516,1.2256641976711515,-0.24513283953423032,83.76207916035213,83.76207916035213,-1.2256641976711515,9.25938231999119,-83.76207916035213,2.451328395342303,0.018384962965067274,-414.88158967476295,1.2256641976711515,-146.92755202563117,77.5486716046577,-2.451328395342303,0.006128320988355758,0.12256641976711517,118.16115454687382,-295.3531418083687,-0.012256641976711516,-613.9920465113877,611.2085631184766,3.7995590127805703,0.012256641976711516,1.9512574026940621,62.84070123260403,77.5486716046577,-0.012256641976711516,-0.003064160494177879,-77.5486716046577,-0.012256641976711516,-41.77433580232885,0.012256641976576943,-0.003064160494177879,-0.003064160494177879,-0.003064160494177879,4.902656790684606,6.128320988355759,0.12256641976711517,9.080639624497726,-0.003064160494177879,228.26636864767613,0.6128320988355758,21.5,0.012256641976711516,0.006128320988355758,0.006128320988355758,40.0,0.0,0.012256641976711516,0.0,0.12256641976711517,0.012256641976711516,-9.080639624497726,0.012256641976711516,0.049026567908526886,0.0612832098852384,0.006128320988355758,0.003064160494177879,3.676992593013455,-0.012256641976711516,0.0,0.1225664197671108,-18.161279248995452,0.306416049417788,-1.2256641976711515,2.4513283953423035,0.6128320988355758,-0.012256641976711516,24.167821338214505,0.018384962965067274,-0.012256641976711516,-80.0,0.0,29.13985221307448,0.006128320988355758,-43.0,-0.012256641976711516,-0.012256641976576943,-0.012256641976711516,0.006128320988355758,41.795149140586275,-2.451328395342303,0.012256641976711516,236.32230909374763,-0.003064160494177879,-0.013482306174382702,-236.32230909374763,1.8384962965067273,85.0,-219.4010244229326,41.795149140586275,-0.009192481482533637,613.9920465113877,295.3531418083687,0.012256641976711516,-0.003064160494177879,0.6128320988355763,12.256641976711515,-0.006128320988355758,-0.012256641976711516,0.003064160494177879,1000.0,0.0,-585.1245386462255,0.0,-46.0,0.0,794.6465342503383,-31.0,0.0,-32.0,-93.0,-65.0,-1000.0,16.0,23.0,46.5,0.0,15.5,-611.2343020666277,20.16148700905182,1000.0,65.0,20.16148700905182,-794.6465342503383,365.29008441003157,0.0,1496.5981,hclb
175,0.0,0.0,0.0,0.0,0.0,0.0,0.0,0.0,-0.059509783051466376,0.0,0.0,0.0,0.0,0.0,0.0,0.0,275.2190167304228,-682.2767312540226,0.0,0.0,0.0,0.0,0.0,508.9348311593819,0.0,0.0,0.0,0.0,0.0,-1000.0,0.0,0.0,888.5415108269061,0.0,0.0,0.0,0.0,238.4068837801404,0.0,-1000.0,1000.0,0.0,0.0,1000.0,0.0,0.0,0.0,0.0,-154.01461107827055,0.0,0.0,0.0,0.0,0.06546076135678658,0.0,0.0,0.0,11.901956610293276,0.0,0.0,-5.240828227398765,0.0,573.5425344190802,568.3017061916814,0.0,0.0,0.0,0.0,0.0,692.6267084792058,0.0,0.5950978305146639,0.0,0.0,0.0,0.0,0.0,0.0,0.0,0.0,0.0,0.0,-543.3566524505607,0.0,35.705869830879834,0.0,0.0,-334.25720380428646,-309.1123107373347,724.8702479441544,-0.014877445762866594,0.0,0.0,0.0,17.852934915439917,0.0,17.852934915439917,-1.9162150142564196,0.0,0.0,0.0,760.6078190060418,-1000.0,0.0,0.0,-15.036792411185218,0.0,0.0,0.0,0.0,0.0,0.0,0.0,0.0,0.0,0.0,0.0,0.0,0.0,0.0,0.0,0.0,0.0,0.0,-447.49308045310147,0.0,0.0,17.852934915439917,0.0,18.44803274595458,0.0,0.0,0.0,0.0,0.0,0.0,0.0,0.0,0.0,0.0,0.0,0.0,0.0,0.0,0.0,547.9389057455236,0.059509783051466376,0.0,0.0,0.0,0.0,-403.3261792729025,0.0,0.0,348.60070083830885,0.0,193.61813116629543,0.0,0.0,0.0,0.0,0.0,866.6406070259554,866.6406070259554,0.0,0.0,0.0,0.0,-386.8316887253215,0.0,0.0,866.7001168090069,0.0,0.0,0.0,688.3808869628137,0.0,0.0,0.0,0.0,0.0,0.0,0.0,0.0,0.0,0.0,-595.513516275939,0.0,0.0,0.0,0.0,-388.686064601357,0.0,0.0,0.0,0.0,0.0,0.0,0.0,488.271814882557,-488.271814882557,0.0,0.0,0.0,0.0,0.0,0.0,0.0,0.0,-551.0145002188242,0.0,0.0,0.0,0.0,0.0,0.0,0.0,0.0,0.0,0.0,0.0,0.0,0.0,43.849386708946845,384.13009249348903,878.7955943478478,0.0,0.0,0.0,0.0,78.9895119118019,0.0,0.0,0.0,0.0,-5.240828227398765,-121.20440565215222,0.0,0.0,0.0,0.0,0.0,0.0,0.0,0.0,0.0,0.0,0.0,0.0,1000.0,202.61587438010827,0.0,0.0,-878.7955943478478,0.0,0.0,0.0,-504.1133605085362,0.0,0.0,0.0,-5.997594301870095,0.0,0.0,-377.6124685668058,0.0,0.0,-377.61246856680583,0.0,0.0,179.1595041452223,0.0,294.2668985110914,0.0,0.0,87.04278280178931,0.0,0.0,0.0,541.5083045110999,0.0,-541.5083045110999,0.0,866.581097242904,0.0,0.0,0.0,0.0,0.0,0.0,-5.240828227398765,-0.08926467457719957,0.0,0.0,0.0,0.0,0.059509783051466376,0.0,0.0,0.0,291.84361777411516,275.2190167304228,0.0,-465.8520254581501,-464.9106453357258,0.0,949.7548915257332,0.0,-364.33374409046473,0.0,-15.036792411185218,0.0,0.0,0.0,-5.123792320731428,-112.83246424859453,482.2900006597907,-993.2585334099866,-1000.0,0.0,0.0,0.0,0.0,0.0,0.0,0.0,0.0,0.0,0.0,0.0,0.0,0.0,0.0,0.0,0.0,0.0,-761.355077087654,0.0,-1000.0,348.60070083830885,0.0,0.0,0.0,0.0,0.0,-547.9389057455236,0.0,194.7559516122518,0.0,0.0,757.6323298534685,0.0,0.0,0.0,0.0,112.83246424859453,-1000.0,-413.41295118178107,-562.4199235385902,0.0,0.0,-381.7916540793076,1000.0,-1.4877445762866595,410.4374620292077,-404.69005121580847,0.0,653.9453494957527,0.0,0.0,17.852934915439917,0.0,0.0,0.0,163.6147679623533,0.0,0.0,0.0,-43.849386708946845,43.849386708946845,43.849386708946845,-941.3734016049902,0.0,0.0,0.0,0.0,0.0,0.0,0.0,0.0,-10.48165645479753,0.0,0.0,68.09804338970673,0.0,0.0,0.0,0.0,-37.049021694853366,0.1190195661029663,0.0,0.0,0.0,0.0,0.0,0.0,0.0,0.0,0.0,692.6267084792058,0.0,0.0,0.0,0.0,0.0,0.0,0.0,0.0,0.0,0.06546076135678658,0.06546076135678658,0.0,127.94743009865357,0.0,35.705869830879834,0.0,0.0,0.0,-603.2680031058744,0.0,0.0,0.0,0.0,0.0,-633.5173374711342,603.2680031058744,0.0,0.0,0.0,0.0,0.0,68.09804338970673,0.0,0.0,0.0,0.0,0.0,0.0,0.0,149.16436015103383,-291.84361777411516,403.3261792729025,0.0,4.5822532949628965,0.0,0.0,0.0,-78.9895119118019,0.0,-633.5173374711342,0.0,0.0,-670.5663591659875,0.0,0.0,43.849386708946845,0.0,0.0,0.0,0.0,0.0,0.0,0.0,0.0,0.0,0.0,0.0,0.0,0.0,35.705869830879834,0.0,0.0,0.0,0.0,0.0,0.0,0.0,0.0,0.0,0.0,0.0,0.0,0.5950978305146639,0.0,0.0,0.0,0.0,0.0,0.0,0.0,0.0,17.852934915439917,0.0,0.0,0.0,0.0,0.0,0.0,0.0,0.0,0.0,0.0,10.891468522095169,0.0,0.0,17.852934915439917,17.852934915439917,1000.0,603.2680031058744,0.0,68.09804338970673,0.0,0.0,0.0,0.0,0.0,993.2585334099866,0.0,1000.0,0.059509783051466376,0.0,0.0,0.0,78.59116991704015,873.8934694435288,0.0,0.0,0.0,0.0,0.0,0.0,0.0,0.0,0.0,0.0,0.0,0.0,0.0,0.0,0.0,0.0,0.059509783051466376,0.0,0.0,0.0,0.0,0.0,0.0,0.0,0.0,0.0,0.0,0.0,0.0,0.0,-591.8278770456178,-4.463233728859978,-2.9754891525733216,0.0,0.0,0.0,0.0,0.0,0.0,0.0,0.0,0.0,0.0,0.0,0.0,0.0,0.0,0.0,0.0,656.920838648326,0.0,0.0,0.0,-0.059509783051466376,0.0,0.0,0.059509783051466376,0.0,0.059509783051466376,0.0,0.0,0.0,35.705869830879834,72.60193532278899,72.60193532278899,0.0,0.0,0.0,0.0,0.0,0.0,194.7559516122518,403.3261792729025,0.0,0.0,0.0,0.0,0.0,0.0,0.0,0.0,0.0,0.0,0.0,0.0,0.0,0.0,0.0,0.0,0.0,0.0,0.0,78.9895119118019,0.0,-73.70992697109337,73.70992697109337,0.08926467457719957,0.0,0.0,0.0,-17.852934915439917,0.0,0.0,0.0,0.0,0.0,-127.94743009865357,2.975489152573319,0.0,0.0,0.0,0.0,386.8316887253215,-378.8885231423699,0.0,0.0,0.0,0.0,0.0,0.0,0.0,0.0,0.0,0.0,0.0,0.0,84.09804338970673,0.0,456.4242226626092,858.8566770323437,353.1829541332718,-926.8274288878935,194.7559516122518,378.8885231423699,348.60070083830885,-576.7152958313252,0.0,2.9754891525733216,768.7092771921701,0.0,0.0,0.0,-10.48165645479753,0.0,0.0,0.0,0.0,0.0,0.0,0.0,0.0,0.0,586.5870488182189,0.0,72.60193532278899,0.0,0.0,0.0,0.0,0.0,0.0,0.0,0.0,0.0,0.0,0.0,0.0,141.33713128523354,-771.217878396246,20.064454527545365,0.0,17.852934915439917,0.0,0.0,0.0,0.0,53.578686277504346,0.0,0.0,0.06546076135678658,0.0,0.0,0.0,36.300967661394495,0.0,0.0,0.0,0.0,384.13009249348903,0.0,0.0,0.0,0.0,0.0,0.0,0.0,0.0,0.0,0.0,0.005950978305146638,0.005950978305146638,0.0,0.0,0.0,0.0,0.0,0.0,0.0,0.0,0.0,0.0,0.0,0.0,0.0,0.0,0.0,127.94743009865357,0.0,0.0,0.0,0.0,0.0,0.0,0.0,0.0,0.0,0.0,0.0,0.0,690.6903208936665,0.0,-682.2767312540226,0.0,0.0,0.0,35.705869830879834,0.0,0.0,0.0,0.0,0.0,0.0,-35.705869830879834,0.0,0.0,0.0,0.0,0.0,0.0,0.0,0.0,0.0,0.0,0.0,0.0,-1000.0,-1000.0,40.76420139025448,-103.15470342675955,85.30176851131964,0.0,238.4068837801404,0.0,0.0,0.0,0.0,0.0,0.0,0.0,0.0,0.0,0.0,0.0,0.0,0.0,0.0,0.0,0.0,0.0,-7.4387228814333,0.0,-762.0955635823285,-4.463233728860018,0.0,0.0,0.0,0.0,0.0,0.0,-0.7438722881433298,359.0823572931064,0.0,0.0,0.0,0.0,0.0,0.0,0.0,1000.0,17.852934915439917,17.852934915439917,0.0,0.0,0.0,0.0,0.0,0.06546076135678658,127.94743009865357,0.0,0.0,-238.4068837801404,0.0,0.0,0.0,0.0,0.0,0.0,0.0,0.0,0.0,0.0,0.0,0.0,0.0,0.0,36.85496348554668,0.0,0.0,0.0,0.0,62.48527220403971,199.3382049072147,0.0,0.0,0.0,0.0,0.0,127.94743009865357,0.0,373.9968189755401,0.0,0.0,0.0,-7.4387228814333,0.0,0.0,0.0,0.0,0.0,0.0,0.0,0.0,0.0,0.0,0.0,0.0,0.0,0.0,0.0,0.0,0.0,0.0,-0.059509783051466376,0.0,0.0,2.975489152573319,633.5173374711342,0.0,0.0,0.0,0.0,0.0,0.0,0.0,0.0,5.123792320731428,1.4877445762866595,0.0,0.0,0.0,0.059509783051466376,0.0,59.50978305146638,-18.44803274595458,11.901956610293276,0.4250698789390456,166.03229471359123,-0.044632337288599784,381.7916540793076,1.1901956610293276,-0.2975489152570958,-166.03229471359123,17.852934915439914,-0.059509783051466376,5.012264137061739,68.09804338970673,0.014877445762866594,0.4250698789390456,-15.036792411185218,-9.47395746179268,-1.1901956610293276,407.05771452359977,-0.059509783051466376,0.014877445762866594,-166.03229471359123,5.950978305146638,0.059509783051466376,0.059509783051466376,-127.82245955424531,0.06546076135661301,-21.623478255860135,-0.044632337288599784,17.852934915439917,0.059509783051466376,17.852934915439917,-29.754891525733193,-0.029754891525733188,-141.92106808806486,-85.0,-0.044632337288599784,-0.059509783051466376,-18.44803274595458,0.059509783051466376,5.950978305146638,-1.1901956610293276,78.9895119118019,78.9895119118019,-5.950978305146638,-407.05771452359977,-78.9895119118019,11.901956610293276,0.08926467457719957,-1000.0,5.950978305146638,-149.16436015103383,68.09804338970673,-11.901956610293276,0.029754891525733188,0.5950978305146639,116.46300636453752,96.0,-0.059509783051466376,-141.33713128523354,127.82245955424531,18.44803274595458,0.059509783051466376,9.47395746179268,-3.313696272052841,68.09804338970673,-0.059509783051466376,-0.014877445762866594,-68.09804338970673,-0.059509783051466376,-37.049021694853366,0.05950978305152322,-0.014877445762866594,-0.014877445762866594,-0.014877445762866594,23.80391322058655,29.754891525733193,0.5950978305146639,44.08931051825448,-0.014877445762866594,227.9137485920133,2.975489152573319,21.5,0.059509783051466376,0.029754891525733188,0.029754891525733188,40.0,18.44803274595458,0.059509783051466376,-18.44803274595458,0.5950978305146639,0.059509783051466376,-44.08931051825448,0.059509783051466376,0.23803913220564787,0.2975489152570958,0.029754891525733188,0.014877445762866594,17.852934915439917,-0.059509783051466376,21.623478255860135,0.5950978305146638,-88.17862103650896,380.3039095030209,-5.950978305146638,11.901956610293276,2.975489152573319,-0.059509783051466376,15.036792411185218,0.08926467457719957,-0.059509783051466376,-80.0,18.44803274595458,120.82075118181945,0.029754891525733188,-43.0,-0.059509783051466376,-0.05950978305152322,-0.05950978305146321,0.029754891525733188,166.03229471359123,-11.901956610293276,0.059509783051466376,232.92601272907504,-0.014877445762866594,-0.06546076135661301,-232.92601272907504,8.926467457719957,85.0,669.8771182393261,166.03229471359123,-0.044632337288599784,141.33713128523354,-96.0,0.059509783051466376,-0.014877445762868178,2.9754891525733216,59.50978305146638,-0.029754891525733188,-0.059509783051466376,0.014877445762866594,0.0,0.0,95.94049301909763,0.0,-46.0,0.0,-19.247941112718593,-31.0,0.0,-32.0,-93.0,-65.0,-904.0297520893766,16.0,23.0,46.5,0.0,15.5,-127.94743009865357,-174.3994374593238,904.0297520893766,65.0,-174.3994374593238,19.247941112718593,-10.942611572906195,0.0,1496.5981,hclb
176,0.0,0.0,0.0,0.0,0.0,0.0,0.0,0.0,210.06799470037345,0.0,0.0,0.0,0.0,0.0,0.0,0.0,184.29827681421693,-400.0867611242199,0.0,-169.5641172028021,0.0,0.0,0.0,312.3321739402255,0.0,0.0,0.0,0.0,0.0,-944.1055121166407,0.0,0.0,5.949967535020995,0.0,0.0,0.0,0.0,409.6542886454204,0.0,-483.5705908547675,1000.0,0.0,-654.0846532499197,739.6965155620802,0.0,0.0,0.0,0.0,-650.1689641471709,-43.64556742509776,0.0,-16.195030637594755,0.0,0.05946952701538805,0.0,0.0,0.0,10.812641275497917,0.0,0.0,-4.761166374979249,0.0,4.761166374979249,0.0,41.831730607542525,0.0,0.0,0.0,156.68598472324305,-156.68598472324305,0.0,0.5406320637748959,0.0,0.0,0.0,0.0,0.0,0.0,0.0,0.0,0.0,0.0,0.0,0.0,32.43792382649376,0.0,0.0,-719.5305653155647,783.8536204981189,-97.83976975096861,27.349784428822602,0.0,0.0,0.0,16.21896191324688,0.0,16.21896191324688,0.0,0.0,0.0,0.0,2.7031603188744793,-1000.0,0.0,0.0,0.0,870.0426585991004,0.0,0.0,0.0,0.0,0.0,0.0,0.0,0.0,0.0,0.0,0.0,0.0,0.0,0.0,0.0,0.0,0.0,-403.09672621719676,0.0,0.0,16.21896191324688,0.0,16.759593977021776,0.0,0.0,0.0,0.0,0.0,0.0,0.0,0.0,0.0,0.0,0.0,0.0,0.0,0.0,0.0,4.162866891066696,0.054063206377489584,27.363300230416975,0.0,0.0,-870.0426585991004,0.0,0.0,0.0,0.0,0.0,408.896100282972,0.0,0.0,0.0,0.0,0.0,225.20971608159044,225.20971608159044,0.0,0.0,0.0,0.0,-621.8265214446524,0.0,0.0,225.26377928796794,0.0,0.0,0.0,176.75100692498,0.0,0.0,0.0,0.0,0.0,0.0,0.0,0.0,0.0,0.0,0.0,0.0,0.0,0.0,0.0,-97.49941331447829,0.0,0.0,0.0,0.0,0.0,43.64556742509776,670.2796838875145,216.14637950188114,-216.14637950188114,0.0,0.0,0.0,0.0,0.0,0.0,0.0,55.89448788335932,-952.570542072684,0.0,0.0,0.0,0.0,0.0,0.0,0.0,0.0,0.0,0.0,0.0,0.0,0.0,60.60006024658417,-7.924941793803793,739.6965155620802,0.0,0.0,0.0,0.0,79.53961615587355,0.0,0.0,0.0,0.0,-4.761166374979249,0.0,0.0,0.0,0.0,0.0,0.0,0.0,0.0,0.0,1.74083524535787,0.0,0.0,0.0,86.377412253682,0.0,-483.2734660733399,0.0,-739.6965155620802,0.0,0.0,0.0,209.62082341601686,0.0,0.0,0.0,-11.573130378542942,0.0,0.0,-457.1093619046799,0.0,0.0,-457.1093619046799,0.0,0.0,1000.0,0.0,1000.0,43.64556742509776,0.0,71.29672963732241,0.0,0.0,0.0,0.0,0.0,0.0,0.0,225.15565287521295,0.0,0.0,0.0,0.0,0.0,0.0,-4.761166374979249,-0.08109480956623437,0.0,0.0,0.0,0.0,0.054063206377489584,0.0,0.0,0.0,0.0,184.29827681421693,0.0,-422.57110582578196,157.50801296712876,0.0,947.0316031887447,0.0,0.0,0.0,0.0,0.0,0.0,0.0,463.714846633085,0.0,-463.714846633085,-1000.0,-1000.0,0.0,0.0,0.0,0.0,0.0,0.0,0.0,0.0,0.0,0.0,0.0,0.0,0.0,0.0,0.0,0.0,0.0,1000.0,0.0,590.1294585290674,0.0,0.0,0.0,0.0,0.0,235.84545417392187,413.21885605257694,0.0,0.0,0.0,0.0,0.0,0.0,0.0,0.0,0.0,-156.68598472324305,0.0,8.37060044855616,-77.45094945639175,0.0,0.0,-2.7031603188744793,0.0,-1.3515801594372396,-11.07376076743064,0.0,0.0,0.0,-84.18195610656505,569.0317262139315,16.21896191324688,0.0,0.0,0.0,0.0,0.0,210.12205790675094,0.0,-60.60006024658417,60.60006024658417,60.60006024658417,82.18735872450208,0.0,548.2783224759405,0.0,0.0,0.0,55.89448788335932,0.0,0.0,-9.522332749958498,0.0,468.7499999999987,69.18735872450208,0.0,0.0,0.0,0.0,-24.143903707050672,0.10812641275720125,0.0,0.0,0.0,0.0,0.0,0.0,0.0,0.0,0.0,0.0,0.0,0.0,0.0,0.0,0.0,0.0,0.0,0.0,0.0,0.05946952701538805,0.05946952701538805,0.0,145.78741897108625,0.0,32.43792382649376,0.0,0.0,0.0,1000.0,0.0,36.71998413321218,0.0,0.0,0.0,340.55841219031123,-1000.0,0.0,0.0,624.8147887623626,0.0,0.0,69.18735872450208,0.0,0.0,0.0,0.0,0.0,0.0,0.0,134.36557540573224,0.0,0.0,0.0,4.162866891066696,0.0,0.0,0.0,-79.53961615587355,0.0,340.55841219031123,0.0,316.41450848326053,0.0,968.0721541061826,-968.0721541061826,60.60006024658417,0.0,0.0,0.0,0.0,0.0,0.0,0.0,0.0,0.0,0.0,0.0,0.0,0.0,32.43792382649376,0.0,0.0,0.0,0.0,0.0,0.0,0.0,0.0,0.0,0.0,0.0,0.0,0.5406320637748959,0.0,0.0,0.0,0.0,0.0,670.2796838875145,0.0,0.0,16.21896191324688,-624.8147887623626,0.0,0.0,0.0,0.0,0.0,0.0,0.0,0.0,0.0,1000.0,-921.7032683028925,0.0,16.21896191324688,16.21896191324688,1000.0,-1000.0,0.0,69.18735872450208,0.0,0.0,0.0,0.0,0.0,1000.0,55.89448788335932,1000.0,0.054063206377489584,0.0,0.0,0.0,71.3981873366718,0.0,0.0,0.0,0.0,0.0,0.0,0.0,0.0,0.0,0.0,0.0,0.0,0.0,0.0,0.0,0.0,0.0,0.054063206377489584,0.0,0.0,0.0,0.0,0.0,0.0,0.0,0.0,0.0,0.0,1000.0,0.0,-586.7811439474231,-409.8705414709326,-4.05474047831172,-2.7031603188744815,0.0,0.0,218.75000000000003,218.75000000000003,-218.75000000000003,0.0,0.0,0.0,0.0,0.0,0.0,0.0,0.0,0.0,0.0,0.0,571.7348865328061,0.0,0.0,0.0,210.06799470037345,0.0,0.0,0.054063206377489584,0.0,0.054063206377489584,0.0,0.0,0.0,32.43792382649376,65.9571117805373,65.9571117805373,0.0,0.0,0.0,0.0,0.0,0.0,0.0,0.0,0.0,55.89448788335932,0.0,0.0,468.36968870218703,0.0,0.0,0.0,0.0,0.0,0.0,0.0,0.0,0.0,0.0,0.0,0.0,0.0,0.0,79.53961615587355,0.0,0.0,0.0,0.08109480956623437,0.0,0.0,0.0,-16.21896191324688,0.0,0.0,0.0,0.0,0.0,-145.78741897108625,2.7031603188744793,0.0,0.0,0.0,0.0,621.8265214446524,0.0,0.0,0.0,468.7499999999987,0.0,0.0,0.0,0.0,0.0,0.0,0.0,624.8147887623626,67.944474265736,85.18735872450208,0.0,54.18735872450208,0.0,0.0,413.21885605257694,586.7811439474231,-1000.0,0.0,143.66371163547956,0.0,2.7031603188744815,1000.0,0.0,0.0,0.0,-9.522332749958498,0.0,0.0,0.0,0.0,0.0,-419.12255818900144,0.0,0.0,0.0,0.0,-8.109480956623543,65.9571117805373,0.0,118.4341781664713,118.4341781664713,-118.4341781664713,0.0,0.0,0.0,0.0,0.0,1.74083524535787,0.0,0.0,149.84215944939797,-71.3981873366718,0.0,-654.0846532499197,16.21896191324688,0.0,0.0,0.0,0.0,28.465880131855663,0.0,0.0,0.05946952701538805,0.0,0.0,0.0,32.97855589026865,0.0,0.0,0.0,0.0,-7.924941793803793,0.0,870.0426585991004,0.0,0.0,0.0,0.0,0.0,0.0,0.0,0.0,0.005406320637748959,0.005406320637748959,0.0,0.0,0.0,0.0,0.0,0.0,0.0,0.0,0.0,0.0,0.0,0.0,0.0,0.0,0.0,145.78741897108625,0.0,0.0,0.0,0.0,0.0,0.0,0.0,43.64556742509776,0.0,0.0,0.0,0.0,1000.0,219.14315616597537,-400.0867611242199,0.0,0.0,0.0,32.43792382649376,0.0,0.0,0.0,0.0,0.0,0.0,-32.43792382649376,0.0,0.0,0.0,0.0,0.0,0.0,0.0,0.0,0.0,0.0,0.0,0.0,-1000.0,-1000.0,505.4029850707674,0.0,-16.21896191324688,0.0,409.6542886454204,0.0,0.0,0.0,0.0,0.0,0.0,0.0,0.0,0.0,0.0,0.0,0.0,0.0,0.0,0.0,0.0,0.0,-6.757900797186201,0.0,-4.05474047831172,472.42442918049875,0.0,0.0,0.0,0.0,0.0,-0.6757900797186199,0.0,9.522332749958498,0.0,0.0,0.0,0.0,0.0,0.0,0.0,1000.0,16.21896191324688,16.21896191324688,0.0,0.0,0.0,0.0,0.0,0.05946952701538805,145.78741897108625,0.0,0.0,-409.6542886454204,0.0,0.0,0.0,0.0,0.0,0.0,0.0,0.0,0.0,0.0,0.0,0.0,0.0,0.0,0.0,0.0,0.0,0.0,0.0,56.76636669636408,0.0,0.0,4.162866891066696,0.0,0.0,0.0,145.78741897108625,0.0,-2.7031603188744815,0.0,0.0,0.0,-6.757900797186201,0.0,0.0,0.0,0.0,0.0,0.0,0.0,0.0,0.0,0.0,0.0,0.0,0.0,0.0,0.0,0.0,0.0,0.0,-0.054063206377489584,0.0,0.0,2.7031603188744793,-340.55841219031123,0.0,0.0,0.0,0.0,0.0,0.0,0.0,0.0,-463.714846633085,1.3515801594372396,0.0,0.0,0.0,0.054063206377489584,0.0,54.063206377489585,-16.759593977021776,10.812641275497917,0.3861657598392113,150.836345793196,-0.040547404783117184,2.7031603188744793,1.0812641275497918,-0.2703160318896752,-150.836345793196,16.218961913246876,-0.054063206377489584,0.0,69.18735872450208,0.013515801594372396,0.3861657598392113,0.0,-8.606862455298995,-1.0812641275497918,385.352601512805,-0.054063206377489584,0.013515801594372396,-150.836345793196,5.4063206377489585,0.054063206377489584,0.054063206377489584,-145.67388623769338,0.05946952701523854,-30.093871242071657,-0.040547404783117184,16.21896191324688,0.054063206377489584,16.21896191324688,-27.031603188744796,-0.027031603188744792,-378.80222904090033,-85.0,-0.040547404783117184,-0.054063206377489584,-16.759593977021776,0.054063206377489584,5.4063206377489585,-1.0812641275497918,79.53961615587355,79.53961615587355,-5.4063206377489585,-385.352601512805,-79.53961615587355,10.812641275497917,0.08109480956623437,-1000.0,5.4063206377489585,-134.36557540573224,69.18735872450208,-10.812641275497917,0.027031603188744792,0.5406320637748959,105.64277645644549,96.0,-0.054063206377489584,-157.9516404060215,145.67388623769338,16.759593977021776,0.054063206377489584,8.606862455298995,4.311511071514417,69.18735872450208,-0.054063206377489584,-0.013515801594372396,-69.18735872450208,-0.054063206377489584,-894.186562306151,0.054063206377489584,-0.013515801594372396,-0.013515801594372396,-0.013515801594372396,21.625282550995834,27.031603188744796,0.5406320637748959,40.054078024927094,-0.013515801594372396,211.28555291289098,2.7031603188744793,14.775112172399815,0.054063206377489584,0.027031603188744792,0.027031603188744792,40.0,16.759593977021776,0.054063206377489584,-16.759593977021776,0.5406320637748959,0.054063206377489584,-40.054078024927094,0.054063206377489584,0.2162528255121856,0.2703160318896752,0.027031603188744792,0.013515801594372396,16.21896191324688,-0.054063206377489584,30.093871242071657,0.5406320637748959,-80.10815604985419,1.3515801594372405,-5.4063206377489585,10.812641275497917,2.7031603188744793,-0.054063206377489584,0.0,0.08109480956623437,-0.054063206377489584,-80.0,16.759593977021776,99.89072415727162,0.027031603188744792,-29.55022434479963,-0.054063206377489584,-0.054063206377489584,-0.054063206377489584,0.027031603188744792,150.836345793196,-10.812641275497917,0.054063206377489584,211.28555291289098,-0.013515801594372396,-0.05946952701523854,-211.28555291289098,8.109480956623438,85.0,667.4880373638324,150.836345793196,-0.040547404783117184,157.9516404060215,-96.0,0.054063206377489584,-0.0135158015943724,2.7031603188744815,54.063206377489585,-0.027031603188744792,-0.054063206377489584,0.013515801594372396,0.0,0.0,97.81273814777983,0.0,-46.0,0.0,45.3382531787162,-7.144764395963664,0.0,-32.0,-93.0,-65.0,-902.1602302490314,16.0,23.0,46.5,0.0,3.572382197981832,-145.78741897108625,-128.3566042891273,902.1602302490314,65.0,-128.3566042891273,-45.3382531787162,17.8102107347264,0.0,1496.5981,hclb
177,0.0,0.0,0.0,0.0,0.0,0.0,0.0,0.0,-0.06618058860273159,0.0,0.0,0.0,0.0,0.0,0.0,0.0,-594.1051716450515,1000.0,0.0,-151.0496649878147,0.0,0.0,0.0,288.1271703456896,0.0,0.0,0.0,0.0,0.0,-494.4449756292871,0.0,0.0,7.564292281344123,0.0,0.0,0.0,0.0,999.7352776455891,0.0,-1000.0,1000.0,0.0,-560.64553851705,594.2172744196226,0.0,0.0,0.0,0.0,892.2452664862036,-769.2820409740448,0.0,1000.0,0.0,0.07279864746303133,0.0,0.0,0.0,13.23611772054632,0.0,0.0,-56.27569476386845,0.0,56.27569476386845,0.0,0.0,0.0,0.0,0.0,592.9993995266829,0.0,0.0,0.661805886027316,0.0,0.0,0.0,0.0,0.0,0.0,0.0,0.0,0.0,0.0,0.0,0.0,39.70835316163896,0.0,50.447390927588145,473.9079160746883,482.79715245129347,684.6456046075663,259.1491724832696,0.0,0.0,290.08636321105905,19.85417658081948,0.0,19.85417658081948,0.0,654.9334233474951,0.0,0.0,3.30902943013658,-670.8312771113214,0.0,0.0,-21.973116710535482,0.0,0.0,0.0,0.0,0.0,0.0,0.0,0.0,0.0,0.0,0.0,0.0,0.0,0.0,0.0,0.0,0.0,0.0,-462.31130588535405,0.0,0.0,19.85417658081948,0.0,20.515982466846793,0.0,0.0,-338.8690083614963,338.8690083614963,0.0,0.0,0.0,0.0,0.0,0.0,0.0,0.0,0.0,0.0,0.0,55.5432962499985,0.0661805886027316,259.16571763042026,0.0,0.0,-1000.0,319.2493780758648,0.0,0.0,0.0,0.0,264.52778737356465,0.0,0.0,0.0,0.0,0.0,136.29550645063745,136.29550645063745,0.0,0.0,0.0,0.0,0.0,0.0,0.0,136.36168703924017,0.0,0.0,0.0,-365.77882232596704,0.0,0.0,0.0,0.0,0.0,0.0,0.0,0.0,0.0,0.0,-356.3922813820518,0.0,0.0,0.0,0.0,-1000.0,0.0,0.0,0.0,0.0,0.0,769.2820409740448,-439.35446148294994,-482.79715245129347,482.79715245129347,0.0,0.0,0.0,0.0,0.0,0.0,0.0,176.38630148203427,-275.7580693717525,0.0,0.0,0.0,0.0,0.0,0.0,0.0,0.0,0.0,0.0,0.0,0.0,0.0,335.7280550251535,664.2228573652278,635.6593422710848,0.0,0.0,0.0,0.0,78.31576055112411,0.0,0.0,0.0,0.0,-56.27569476386845,41.4420678514622,0.0,0.0,0.0,0.0,0.0,0.0,0.0,0.0,2.1310149530072233,0.0,0.0,0.0,-404.94876638553694,0.0,444.0015686266486,0.0,-635.6593422710848,0.0,0.0,0.0,0.0,0.0,0.0,0.0,264.554273960866,0.0,0.0,-1000.0,-999.9999999999999,0.0,0.0,0.0,999.9999999999999,0.0,0.0,0.0,769.2820409740448,0.0,106.32808165049704,0.0,0.0,0.0,-650.1614102498718,0.0,650.1614102498718,0.0,838.7996260592122,0.0,0.0,0.0,0.0,0.0,0.0,-56.27569476386845,-0.0992708829040974,0.0,0.0,0.0,0.0,0.0661805886027316,0.0,0.0,0.0,899.6990479150492,-594.1051716450515,0.0,-688.608080896794,626.0092592657388,0.0,953.0902943013658,0.0,5.698148678695216,0.0,-21.973116710535482,0.0,0.0,0.0,-5.698148678695216,0.0,0.0,-1000.0,-1000.0,0.0,0.0,0.0,0.0,0.0,0.0,0.0,0.0,0.0,0.0,0.0,0.0,0.0,0.0,0.0,0.0,0.0,77.09150617712804,0.0,-922.908493822872,0.0,0.0,0.0,0.0,0.0,0.0,-57.67431120300572,0.0,654.9334233474951,0.0,0.0,0.0,-1000.0,0.0,0.0,0.0,407.00060047331715,902.6555661530247,-3.30902943013658,910.8878374464219,-1000.0,0.0,-3.30902943013658,-413.889465873184,-1.65451471506829,0.0,-618.7856874580186,0.0,-273.63168158305837,-252.42978867480326,1000.0,19.85417658081948,0.0,0.0,0.0,226.93994561869013,0.0,0.0,0.0,-335.7280550251535,335.7280550251535,335.7280550251535,-125.20294662870099,0.0,0.0,-853.9124729799419,0.0,0.0,176.38630148203427,0.0,0.0,-11.656607672560606,0.0,0.0,66.76388227945368,0.0,0.0,0.0,0.0,-36.38194113972684,0.13236117720553092,0.0,0.0,0.0,0.0,0.0,0.0,0.0,0.0,0.0,592.9993995266829,0.0,0.0,0.0,0.0,0.0,0.0,0.0,0.0,0.0,0.07279864746303133,0.07279864746303133,0.0,418.4919373046072,0.0,39.70835316163896,0.0,0.0,0.0,1000.0,0.0,0.0,50.447390927588145,0.0,0.0,251.68279349265845,-1000.0,0.0,0.0,509.501788742223,0.0,0.0,66.76388227945368,0.0,0.0,0.0,0.0,0.0,0.0,0.0,154.10376862845135,-899.6990479150492,680.7506219241352,0.0,179.58285498884007,0.0,290.08636321105905,0.0,-78.31576055112411,0.0,251.68279349265845,0.0,-405.6100741466237,620.9109264995554,0.0,0.0,335.7280550251535,0.0,0.0,0.0,0.0,0.0,0.0,0.0,0.0,0.0,0.0,0.0,0.0,0.0,39.70835316163896,0.0,0.0,0.0,0.0,0.0,0.0,0.0,0.0,0.0,0.0,0.0,0.0,0.661805886027316,0.0,0.0,50.447390927588145,-50.447390927588145,0.0,-439.35446148294994,0.0,0.0,19.85417658081948,-509.501788742223,0.0,0.0,124.03955873884156,0.0,0.0,0.0,0.0,0.0,0.0,350.42088663316673,0.0,0.0,19.85417658081948,19.85417658081948,1000.0,-1000.0,0.0,66.76388227945368,0.0,0.0,0.0,0.0,0.0,670.8312771113214,176.38630148203427,1000.0,0.0661805886027316,0.0,0.0,0.0,87.40092161970745,0.0,0.0,-290.08636321105905,0.0,0.0,0.0,0.0,0.0,0.0,0.0,0.0,0.0,0.0,0.0,0.0,0.0,0.0,0.0661805886027316,0.0,0.0,0.0,0.0,0.0,0.0,0.0,0.0,0.0,-402.74088785551055,1000.0,0.0,0.0,-1000.0,-4.96354414520487,-3.30902943013658,0.0,0.0,0.0,0.0,0.0,0.0,0.0,0.0,0.0,0.0,0.0,0.0,0.0,0.0,0.0,0.0,729.6773478470782,0.0,0.0,0.0,-0.0661805886027316,0.0,0.0,0.0661805886027316,0.0,0.0661805886027316,0.0,0.0,0.0,39.70835316163896,80.74031809533254,80.74031809533254,0.0,0.0,0.0,0.0,0.0,0.0,0.0,680.7506219241352,0.0,176.38630148203427,0.0,0.0,0.0,0.0,0.0,0.0,0.0,0.0,0.0,0.0,0.0,0.0,0.0,0.0,0.0,0.0,0.0,78.31576055112411,0.0,0.0,0.0,0.0992708829040974,0.0,0.0,0.0,-19.85417658081948,0.0,0.0,0.0,0.0,0.0,-418.4919373046072,3.30902943013658,0.0,0.0,0.0,0.0,0.0,0.0,0.0,0.0,0.0,0.0,0.0,0.0,0.0,0.0,0.0,0.0,509.501788742223,0.0,82.76388227945368,0.0,732.5145042035889,-21.973116710535482,0.0,345.06657665250486,654.9334233474951,-1000.0,0.0,-80.74031809533254,0.0,3.30902943013658,568.2955746701931,0.0,0.0,0.0,-112.5513895277369,0.0,0.0,0.0,0.0,0.0,0.0,0.0,0.0,0.0,779.8477628318639,-433.3825697402219,80.74031809533254,0.0,0.0,0.0,0.0,0.0,0.0,0.0,0.0,0.0,2.1310149530072233,0.0,0.0,0.0,-680.4003211463903,-332.47303440849333,-560.64553851705,19.85417658081948,50.447390927588145,0.0,0.0,0.0,109.99571148601316,0.0,0.0,0.07279864746303133,0.0,0.0,0.0,40.37015904766627,0.0,0.0,0.0,0.0,664.2228573652278,0.0,0.0,0.0,0.0,0.0,0.0,0.0,0.0,0.0,0.0,0.006618058860273166,0.006618058860273166,0.0,0.0,0.0,0.0,0.0,0.0,0.0,0.0,0.0,0.0,0.0,0.0,0.0,0.0,0.0,418.4919373046072,0.0,0.0,0.0,0.0,0.0,0.0,0.0,769.2820409740448,0.0,0.0,0.0,100.89478185517629,-957.4785249509387,71.1093216762747,1000.0,0.0,0.0,0.0,39.70835316163896,0.0,0.0,0.0,0.0,0.0,0.0,-39.70835316163896,0.0,100.89478185517629,0.0,0.0,0.0,0.0,0.0,0.0,0.0,0.0,0.0,0.0,-1000.0,-1000.0,45.33370319287115,0.0,-19.85417658081948,0.0,999.7352776455891,0.0,0.0,0.0,0.0,0.0,0.0,0.0,0.0,0.0,0.0,0.0,0.0,0.0,0.0,0.0,0.0,0.0,-8.27257357534145,0.0,-4.96354414520487,428.41902559501693,0.0,0.0,0.0,0.0,0.0,-0.827257357534145,0.0,11.656607672560606,0.0,0.0,0.0,0.0,0.0,0.0,0.0,1000.0,19.85417658081948,19.85417658081948,0.0,0.0,0.0,0.0,0.0,0.07279864746303133,418.4919373046072,0.0,0.0,-999.7352776455891,0.0,0.0,0.0,0.0,0.0,0.0,0.0,0.0,0.0,0.0,0.0,0.0,0.0,0.0,0.0,0.0,0.0,0.0,0.0,69.48961803286818,0.0,0.0,55.5432962499985,0.0,0.0,0.0,418.4919373046072,0.0,-3.30902943013658,0.0,0.0,0.0,-8.27257357534145,0.0,0.0,0.0,0.0,0.0,0.0,0.0,0.0,0.0,0.0,0.0,0.0,0.0,0.0,0.0,0.0,0.0,0.0,-0.0661805886027316,0.0,0.0,3.30902943013658,-251.68279349265845,0.0,0.0,0.0,0.0,0.0,0.0,0.0,0.0,5.698148678695216,1.65451471506829,0.0,0.0,0.0,0.0661805886027316,0.0,66.18058860273159,-20.515982466846793,13.23611772054632,0.47271849001951144,184.64384220162114,-0.0496354414520487,3.30902943013658,1.323611772054632,-0.3309029430136099,-184.64384220162114,19.85417658081948,-0.06618058860273159,7.324372236845161,66.76388227945368,0.0165451471506829,0.47271849001951144,-21.973116710535482,-60.98334063314229,-1.323611772054632,-254.84516336713375,-0.06618058860273159,0.0165451471506829,-184.64384220162114,6.61805886027316,0.06618058860273159,0.0661805886027316,-418.3529580685414,-50.374592280125135,0.0,-0.0496354414520487,19.85417658081948,0.06618058860273159,19.85417658081948,-33.0902943013658,-0.0330902943013658,-220.5815539524937,-85.0,-0.0496354414520487,-0.06618058860273159,-20.515982466846793,0.0661805886027316,6.61805886027316,-1.323611772054632,78.31576055112411,78.31576055112411,-6.61805886027316,254.84516336713375,-78.31576055112411,13.236117720546318,0.0992708829040974,-1000.0,6.61805886027316,-154.10376862845135,66.76388227945368,-13.23611772054632,0.0330902943013658,0.661805886027316,172.1520202241985,96.0,-0.0661805886027316,-433.3825697402219,418.3529580685414,20.515982466846793,0.06618058860273161,60.98334063314229,-12.652824043824353,66.76388227945368,-0.0661805886027316,-0.0165451471506829,-66.76388227945368,-0.06618058860273159,-36.38194113972684,0.0661805886026179,-0.0165451471506829,-0.0165451471506829,-0.0165451471506829,26.47223544109264,33.0902943013658,0.661805886027316,296.7265078136201,-0.0165451471506829,336.9796682115519,3.30902943013658,21.5,0.0661805886027316,0.0330902943013658,0.03309029430136579,40.0,20.515982466846793,0.0661805886027316,-20.515982466846793,0.661805886027316,0.06618058860273159,-792.1164362787678,0.06618058860273159,0.26472235441093517,0.3309029430136099,0.0330902943013658,0.0165451471506829,19.85417658081948,-0.06618058860273159,0.0,0.661805886027316,-593.4530156272402,1.65451471506829,-6.61805886027316,13.23611772054632,3.30902943013658,-0.06618058860273159,21.973116710535482,0.0992708829040974,-0.06618058860273159,-80.0,20.515982466846793,75.38416328768841,0.03309029430136579,-43.0,-0.06618058860273159,-0.0661805886026179,-0.06618058860273159,0.03309029430136579,184.64384220162114,-13.23611772054632,0.0661805886027316,344.304040448397,-0.0165451471506829,50.374592280125135,-344.304040448397,9.927088290409738,85.0,766.7600555680622,184.64384220162114,-0.0496354414520487,433.3825697402219,-96.0,0.06618058860273159,-0.0165451471506829,3.30902943013658,66.18058860273159,-0.0330902943013658,-0.06618058860273161,0.0165451471506829,0.0,0.0,315.32130509813237,495.38992846514765,-46.0,0.0,307.17389224067233,-31.0,0.0,-32.0,-93.0,-65.0,-684.6456046075663,16.0,23.0,46.5,0.0,15.5,-418.4919373046072,-185.37987477370157,684.6456046075663,65.0,-185.37987477370157,-307.17389224067233,156.60432871211177,0.0,1496.5981,hclb
178,0.0,0.0,0.0,0.0,0.0,0.0,0.0,0.0,-0.060019899338412584,0.0,0.0,0.0,0.0,0.0,0.0,0.0,989.3975928491717,220.10736768896686,0.0,-1000.0,0.0,0.0,0.0,0.0,0.0,0.0,0.0,0.0,0.0,-463.5758801247864,0.0,0.0,506.51003964244995,0.0,0.0,0.0,0.0,318.07980609213035,0.0,-1000.0,1000.0,0.0,0.0,0.0,0.0,0.0,0.0,0.0,0.0,-66.21050861775802,0.0,978.7951856983434,0.0,0.06602188927236341,0.0,0.0,0.0,0.0,0.0,0.0,8.218017825461857,0.0,-689.8515902249915,-722.1448832811229,0.0,0.0,0.0,0.0,452.6269945031723,-452.6269945031723,0.0,0.6001989933841259,0.0,0.0,0.0,0.0,0.0,0.0,0.0,0.0,0.0,0.0,-265.22460217920906,0.0,36.01193960304755,0.0,0.0,948.592732599797,124.34469990313676,-874.0348791156235,-0.015004974834603144,0.0,0.0,-398.7319977003348,18.005969801523776,0.0,18.005969801523776,0.0,607.3196636026706,0.0,0.0,798.5590158472968,-1000.0,0.0,0.0,-13.137789205536345,0.0,0.0,0.0,0.0,0.0,0.0,0.0,0.0,0.0,0.0,0.0,0.0,0.0,0.0,0.0,0.0,0.0,0.0,-522.8817799164157,0.0,0.0,18.005969801523776,0.0,18.606168794907898,18.606168794907898,0.0,270.82305307151375,-270.82305307151375,0.0,0.0,-801.8849402812004,0.0,0.0,761.3736293996071,0.0,0.0,0.0,0.0,0.0,269.84613442826685,0.060019899338412584,0.0,0.0,0.0,0.0,0.0,0.0,0.0,265.22460217920906,0.0,204.2330495843314,0.0,0.0,0.0,0.0,0.0,930.1314576257829,930.1314576257829,0.0,0.0,0.0,0.0,0.0,0.0,0.0,930.1914775251213,0.0,0.0,0.0,-87.56391752452568,-520.6155842583602,0.0,0.0,0.0,0.0,0.0,0.0,0.0,0.0,0.0,0.0,0.0,0.0,0.0,0.0,-880.45006213277,0.0,0.0,0.0,0.0,0.0,66.21050861775802,-978.7951856983434,749.6901792124868,-749.6901792124868,0.0,0.0,0.0,0.0,0.0,0.0,0.0,536.4241198752136,-954.5064672849841,0.0,0.0,0.0,0.0,0.0,0.0,0.0,0.0,0.0,0.0,0.0,0.0,0.0,228.72422664326348,8.266162409535713,452.9734729739581,0.0,0.0,0.0,40.51131088159329,78.93799016682033,0.0,0.0,0.0,0.0,8.218017825461857,452.9734729739581,0.0,0.0,0.0,0.0,0.0,0.0,0.0,0.0,695.0103367196311,12.003979867682517,0.0,0.0,115.27268388454054,-510.07279542480944,719.4877261139404,0.0,-452.9734729739581,0.0,0.0,40.51131088159329,-359.029714400398,0.0,0.0,0.0,-254.65958144424837,0.0,0.0,-1000.0,0.0,1000.0,-1000.0,0.0,1000.0,874.0348791156235,0.0,0.0,66.21050861775802,0.0,125.72986657716658,0.0,0.0,0.0,0.0,0.0,0.0,0.0,930.0714377264445,0.0,40.51131088159329,0.0,0.0,0.0,0.0,8.218017825461857,-0.09002984900761887,0.0,0.0,0.0,0.0,0.060019899338412584,0.0,0.0,0.0,88.49576544479476,989.3975928491717,0.0,-591.9645502198139,-322.90843892021496,520.6155842583602,909.498638787613,0.0,457.79470783620974,0.0,-13.137789205536345,0.0,0.0,0.0,-5.167713333037432,-452.6269945031723,0.0,-1000.0,-1000.0,0.0,0.0,0.0,0.0,0.0,0.0,0.0,0.0,0.0,0.0,0.0,0.0,0.0,0.0,0.0,0.0,0.0,1000.0,0.0,681.6801143105168,265.22460217920906,0.0,693.0776959609343,0.0,0.0,0.0,-964.856471147898,0.0,607.3196636026706,0.0,0.0,795.5580208803761,0.0,0.0,0.0,521.3224400847685,0.0,0.0,0.0,-80.81679445917256,0.0,0.0,-400.7800054071087,0.0,-522.8229375682288,-3.0009949669206293,-451.6127113101651,0.0,416.3885635420588,530.3254249855304,0.0,18.005969801523776,0.0,0.0,0.0,0.0,0.0,0.0,0.0,-228.72422664326348,228.72422664326348,228.72422664326348,-395.8404592855115,0.0,0.0,0.0,0.0,0.0,536.4241198752136,0.0,0.0,-24.075275230669604,0.0,0.0,108.50733101391077,0.0,0.0,0.0,0.0,-9.739807391988062,0.12003979867681194,0.0,0.0,0.0,0.0,0.0,0.0,0.0,0.0,0.0,0.0,0.0,0.0,0.0,0.0,0.0,0.0,0.0,0.0,0.0,0.06602188927236341,0.06602188927236341,0.0,312.72024677558096,0.0,36.01193960304755,0.0,0.0,0.0,1000.0,0.0,0.0,0.0,0.0,0.0,-94.59887493045721,-1000.0,0.0,0.0,0.0,0.0,0.0,108.50733101391077,0.0,0.0,0.0,0.0,0.0,0.0,0.0,174.29392663880523,-88.49576544479476,0.0,0.0,4.621532249057766,0.0,-398.7319977003348,0.0,-78.93799016682033,0.0,-94.59887493045721,0.0,0.0,-104.33868232244528,-843.7500000001361,843.7500000001361,228.72422664326348,0.0,0.0,0.0,0.0,0.0,0.0,0.0,0.0,0.0,0.0,0.0,0.0,0.0,36.01193960304755,40.51131088159329,40.51131088159329,0.0,0.0,0.0,0.0,0.0,0.0,0.0,0.0,0.0,0.0,0.6001989933841259,0.0,0.0,0.0,0.0,0.0,-978.7951856983434,0.0,0.0,18.005969801523776,0.0,0.0,0.0,0.0,0.0,0.0,0.0,0.0,0.0,0.0,-340.90370480019743,0.0,0.0,18.005969801523776,18.005969801523776,1000.0,-1000.0,0.0,108.50733101391077,0.0,0.0,0.0,0.0,0.0,1000.0,536.4241198752136,785.196218928523,0.060019899338412584,0.0,0.0,0.0,4.840176168076272,489.97426862336533,0.0,398.7319977003348,0.0,0.0,0.0,0.0,0.0,0.0,0.0,0.0,0.0,0.0,0.0,0.0,0.0,0.0,0.060019899338412584,0.0,0.0,0.0,0.0,0.0,0.0,0.0,0.0,0.0,0.0,335.54088841570695,0.0,0.0,-318.31988568948316,-4.501492450380965,-3.0009949669206293,0.0,0.0,0.0,0.0,0.0,0.0,0.0,0.0,0.0,0.0,0.0,0.0,40.51131088159329,520.6155842583602,0.0,0.0,419.38955850897946,0.0,0.0,0.0,-0.060019899338412584,0.0,0.0,0.060019899338412584,0.0,0.060019899338412584,0.0,0.0,0.0,36.01193960304755,73.22427719286335,73.22427719286335,0.0,0.0,0.0,0.0,0.0,0.0,0.0,0.0,0.0,536.4241198752136,0.0,0.0,0.0,0.0,0.0,0.0,0.0,0.0,0.0,0.0,0.0,0.0,0.0,0.0,0.0,0.0,0.0,78.93799016682033,0.0,0.0,0.0,0.09002984900761887,0.0,0.0,0.0,-18.005969801523776,0.0,0.0,0.0,0.0,0.0,-312.72024677558096,3.0009949669206293,0.0,0.0,0.0,0.0,0.0,-35.14352885210201,0.0,0.0,0.0,0.0,0.0,0.0,0.0,0.0,40.51131088159329,0.0,0.0,0.0,83.99602013231748,0.0,52.99602013231748,476.83647941782897,0.0,-1000.0,607.3196636026706,392.68033639732937,265.22460217920906,-432.2539915932614,0.0,3.0009949669206293,729.5143216415104,0.0,0.0,0.0,-24.075275230669604,0.0,0.0,0.0,0.0,0.0,0.0,0.0,0.0,0.0,283.1175617416146,-292.12054664237655,73.22427719286335,0.0,-968.75,-968.75,968.75,0.0,0.0,0.0,0.0,0.0,695.0103367196311,0.0,0.0,34.104177484347275,-4.840176168076272,289.8422793271063,0.0,18.005969801523776,0.0,0.0,0.0,0.0,80.79827203116756,0.0,0.0,0.06602188927236341,0.0,0.0,0.0,36.61213859643168,0.0,0.0,0.0,0.0,8.266162409535713,0.0,0.0,0.0,0.0,0.0,0.0,0.0,0.0,0.0,0.0,511.1980437304483,0.006001989933841259,0.0,0.0,0.0,0.0,0.0,0.0,0.0,0.0,0.0,0.0,0.0,0.0,0.0,0.0,0.0,312.72024677558096,0.0,0.0,0.0,0.0,0.0,0.0,0.0,66.21050861775802,0.0,0.0,0.0,0.0,1000.0,-1000.0,220.10736768896686,0.0,0.0,0.0,36.01193960304755,0.0,0.0,0.0,0.0,0.0,0.0,-36.01193960304755,0.0,0.0,0.0,0.0,0.0,0.0,0.0,0.0,0.0,0.0,0.0,0.0,-785.196218928523,-1000.0,41.113631046812635,-18.005969801523776,0.0,0.0,318.07980609213035,0.0,0.0,0.0,0.0,0.0,0.0,0.0,0.0,0.0,0.0,0.0,0.0,0.0,0.0,0.0,0.0,0.0,-7.5024874173015945,40.51131088159329,-800.0595133307571,287.6190541919956,0.0,0.0,0.0,0.0,0.0,-0.7502487417301574,0.0,289.29987740987866,0.0,0.0,0.0,0.0,0.0,0.0,0.0,1000.0,18.005969801523776,18.005969801523776,0.0,0.0,0.0,0.0,0.0,0.06602188927236341,312.72024677558096,0.0,0.0,-318.07980609213035,511.19204174051447,0.0,0.0,0.0,0.0,0.0,0.0,0.0,0.0,0.0,0.0,0.0,0.0,0.0,0.0,0.0,0.0,18.606168794907898,0.0,63.020894305333215,4.621532249057766,0.0,0.0,0.0,0.0,0.0,312.72024677558096,0.0,725.2202298461157,0.0,0.0,0.0,-7.5024874173015945,0.0,0.0,0.0,0.0,0.0,0.0,0.0,0.0,0.0,0.0,0.0,0.0,0.0,0.0,0.0,0.0,0.0,0.0,-0.060019899338412584,0.0,0.0,3.0009949669206293,94.59887493045721,0.0,0.0,0.0,0.0,40.51131088159329,0.0,0.0,0.0,5.167713333037432,1.5004974834603142,0.0,0.0,0.0,0.060019899338412584,0.0,60.01989933841258,0.0,12.003979867682517,0.428713566702947,204.66785674398687,-0.045014924503809436,400.7800054071087,1.2003979867682517,-0.30009949669118896,-204.66785674398687,18.005969801523776,-0.060019899338412584,4.379263068512115,108.50733101391077,0.015004974834603146,0.428713566702947,-13.137789205536345,-9.555167974675271,-1.2003979867682517,-209.50496053813856,-0.060019899338412584,0.015004974834603146,-204.66785674398687,6.001989933841259,0.060019899338412584,0.060019899338412584,-312.5942049869702,0.06602188927223551,0.0,-0.045014924503809436,18.005969801523776,0.060019899338412584,18.005969801523776,-30.009949669206293,-0.030009949669206292,-177.9574711732587,-85.0,-0.045014924503809436,-0.060019899338412584,0.0,0.060019899338412584,6.001989933841259,-1.2003979867682517,78.93799016682033,78.93799016682033,-6.001989933841259,209.50496053813856,-78.93799016682033,12.003979867682517,0.09002984900761887,433.0752743942594,6.001989933841259,-174.29392663880523,108.50733101391077,-12.003979867682517,0.03000994966920629,0.6001989933841259,147.99113755495347,96.0,-0.060019899338412584,-326.2247241267238,312.5942049869702,18.606168794907898,0.060019899338412584,9.555167974675271,36.48345180781561,108.50733101391077,-0.060019899338412584,-0.015004974834603144,-108.50733101391077,-0.060019899338412584,-9.739807391988062,0.060019899338412584,-0.015004974834603144,-0.015004974834603144,-0.015004974834603144,24.007959735365034,30.009949669206293,0.6001989933841259,44.46724292234691,-0.015004974834603144,291.60301204139483,3.0009949669206293,7.8708986629146604,0.060019899338412584,0.03000994966920629,0.030009949669206292,40.0,0.0,0.060019899338412584,0.0,0.6001989933841259,0.060019899338412584,-44.46724292234694,0.060019899338412584,0.24007959735280338,0.30009949669118896,0.030009949669206292,0.015004974834603146,18.005969801523776,-0.060019899338412584,0.0,0.6001989933841259,-88.93448584469382,399.2795079236484,-6.001989933841259,12.003979867682517,3.0009949669206293,-0.060019899338412584,13.137789205536345,0.09002984900761887,-0.060019899338412584,-80.0,0.0,120.1412459719503,0.030009949669206292,-15.741797325829321,-0.060019899338412584,-0.060019899338412584,-0.060019899338412584,0.030009949669206292,204.66785674398687,-12.003979867682517,0.060019899338412584,295.98227510990694,-0.015004974834603144,-0.06602188927223551,-295.98227510990694,9.002984900761886,85.0,-436.4372937652425,204.66785674398687,-0.045014924503809436,326.2247241267238,-96.0,0.060019899338412584,-0.015004974834603144,3.0009949669206293,60.01989933841258,-0.03000994966920629,-0.060019899338412584,0.015004974834603144,0.0,0.0,-433.1052843439286,0.0,-46.0,0.0,153.16560326823807,-31.0,0.0,-32.0,-93.0,-65.0,0.0,16.0,23.0,46.5,0.0,15.5,-312.72024677558096,-200.93951800311785,0.0,65.0,-200.93951800311785,-153.16560326823807,55.3400807632906,0.0,1496.5981,hclb
179,0.0,0.0,0.0,0.0,0.0,0.0,0.0,0.0,-0.012068843275843706,0.0,0.0,0.0,0.0,0.0,0.0,0.0,0.0,454.4419483560293,0.0,71.44201174725939,0.0,0.0,0.0,728.7469413259653,0.0,0.0,0.0,0.0,0.0,-814.5164890092962,252.88427920820058,-252.88427920820058,30.73327856360382,0.0,0.0,0.0,0.0,808.8730186158559,0.0,-1000.0,996.3793470172469,0.0,0.0,-811.7045209163703,0.0,0.0,0.0,0.0,626.2210099256664,0.0,0.0,0.0,0.0,0.013275727603461452,0.0,0.0,0.0,0.0,0.0,0.0,56.61130979301217,0.0,1000.0,630.7045128122968,0.0,0.0,0.0,0.0,0.0,0.0,0.0,0.12068843275843708,0.0,0.0,0.0,0.0,0.0,0.0,0.0,0.0,0.0,0.0,0.0,0.0,7.241305965506225,0.0,0.0,0.0,-100.33704982237775,0.0,855.6182650250748,0.0,0.0,-975.0673448802504,3.6206529827531124,0.0,3.6206529827531124,-253.27289596168293,0.0,0.0,0.0,0.6034421637921854,-814.5164890092962,0.0,0.0,0.0,0.0,0.0,0.0,0.0,0.0,0.0,0.0,0.0,0.0,0.0,0.0,0.0,0.0,0.0,0.0,0.0,0.0,0.0,-1000.0,0.0,0.0,3.6206529827531124,0.0,3.741341415511549,0.0,0.0,723.536344124621,-500.5515238746502,-222.98482024997085,222.98482024997085,-461.729487474194,1000.0,-1000.0,35.82269049347866,0.0,0.0,0.0,0.0,0.0,0.9293009322399649,0.012068843275843706,855.6212822358938,0.0,0.0,-731.8404949803328,0.0,0.0,0.0,0.0,0.0,-297.7116148731289,0.0,0.0,0.0,0.0,0.0,-393.6818408905334,-393.6818408905334,0.0,0.0,0.0,0.0,-1000.0,0.0,0.0,-140.78549283905699,0.0,0.0,0.0,-758.153087835814,0.0,0.0,0.0,0.0,0.0,0.0,0.0,0.0,0.0,0.0,-615.3879519973875,0.0,0.0,0.0,0.0,-1000.0,0.0,0.0,0.0,0.0,0.0,0.0,0.0,100.33704982237775,-100.33704982237775,425.90679698071534,0.0,0.0,0.0,0.0,0.0,0.0,0.0,-207.08187908431648,0.0,0.0,0.0,0.0,0.0,0.0,0.0,0.0,0.0,0.0,0.0,0.0,0.0,290.12065341209285,693.6680322906702,188.29547908362974,0.0,0.0,0.0,0.0,60.02077290569156,0.0,0.0,0.0,0.0,56.61130979301217,1000.0,252.88427920820058,0.0,0.0,0.0,0.0,0.0,0.0,0.0,0.0,2.4137686551687416,0.0,0.0,-538.8762430246531,-739.5503426694086,726.5580597480441,0.0,-188.29547908362974,0.0,0.0,425.90679698071534,14.723988796529325,0.0,0.0,0.0,-185.33265044975576,0.0,0.0,-454.1602520590318,0.0,0.0,-454.1602520590316,0.0,0.0,0.0,0.0,0.0,0.0,0.0,-452.25549714680295,0.0,0.0,0.0,0.0,0.0,0.0,0.0,-140.80963052560867,0.0,0.0,253.91303568234088,0.0,0.0,0.0,56.61130979301217,-0.01810326491376556,0.0,0.0,0.0,0.0,0.012068843275843706,0.0,0.0,0.0,510.45177713084,0.0,0.0,-112.57944090874481,914.5871201715507,0.0,1000.0,0.0,-700.5315483002597,0.0,0.0,0.0,0.0,0.0,-0.753122368593209,970.4221506278539,-269.137479959001,-1000.0,-1000.0,0.0,0.0,0.0,0.0,0.0,0.0,0.0,0.0,0.0,0.0,0.0,0.0,0.0,0.0,0.0,0.0,0.0,552.0256533760067,0.0,-447.97434662399326,0.0,191.07870601104042,0.0,0.0,0.0,0.0,251.95497827596068,0.0,0.0,0.0,0.0,0.0,-511.83645388533375,0.0,-729.2479808942975,-925.0019749783005,-458.5856967425201,-34.58930482856806,262.61985583865544,252.60077745062046,0.0,0.0,728.6445387305052,0.0,924.7002538964044,-263.2232980024476,0.0,0.0,140.3416579092709,1000.0,-1000.0,3.6206529827531124,0.0,0.0,0.0,0.0,0.0,0.0,0.0,-290.12065341209285,290.12065341209285,290.12065341209285,90.58623134483126,0.0,0.0,0.0,0.0,0.0,0.0,0.0,0.0,-312.68417739469095,0.0,406.24999999999693,0.0,0.0,0.0,0.0,0.0,-41.79311567241563,0.024137686551674035,0.0,0.0,0.0,0.0,0.0,0.0,0.0,0.0,0.0,0.0,0.0,0.0,0.0,0.0,0.0,0.0,0.0,0.0,0.0,0.013275727603461452,0.013275727603461452,252.88427920820058,383.7068847569241,0.0,7.241305965506225,0.0,0.0,0.0,1000.0,0.0,0.0,0.0,0.0,0.0,268.97429937754794,-1000.0,0.0,0.0,0.0,0.0,0.0,0.0,0.0,0.0,0.0,0.0,0.0,0.0,0.0,333.3333333333333,-510.45177713084,731.8404949803328,0.0,0.9293009322399649,0.0,-460.9949147666573,-514.0724301135931,-1000.0,0.0,268.97429937754794,0.0,227.1811837051323,0.0,0.0,0.0,290.12065341209285,0.0,0.0,0.0,0.0,0.0,0.0,0.0,0.0,0.0,0.0,0.0,0.0,0.0,7.241305965506225,425.90679698071534,425.90679698071534,0.0,0.0,0.0,0.0,0.0,0.0,0.0,0.0,0.0,0.0,0.12068843275843708,0.0,252.88427920820058,0.0,0.0,252.88427920820058,0.0,0.0,0.0,3.6206529827531124,0.0,0.0,0.0,0.0,0.0,0.0,0.0,0.0,0.0,0.0,1000.0,0.0,0.0,3.6206529827531124,3.6206529827531124,1000.0,-1000.0,0.0,0.0,0.0,0.0,0.0,0.0,0.0,814.5164890092962,0.0,1000.0,0.012068843275843706,0.0,0.0,0.0,15.938631666219594,0.0,0.0,975.0673448802504,0.0,0.0,0.0,0.0,0.0,0.0,0.0,0.0,0.0,0.0,0.0,0.0,0.0,0.0,0.012068843275843706,0.0,0.0,0.0,0.0,0.0,0.0,0.0,0.0,191.07870601104042,0.0,251.95497827596068,0.0,0.0,-1000.0,-0.9051632456882999,-0.6034421637921858,0.0,0.0,0.0,0.0,0.0,0.0,0.0,0.0,0.0,0.0,0.0,0.0,425.90679698071534,0.0,0.0,0.0,-859.0548999269369,0.0,0.0,0.0,-0.012068843275843706,0.0,0.0,0.012068843275843706,0.0,0.012068843275843706,0.0,0.0,0.0,7.241305965506225,14.723988796529325,14.723988796529325,0.0,0.0,0.0,0.0,0.0,0.0,0.0,731.8404949803328,0.0,0.0,0.0,0.0,0.0,0.28600503745696726,0.0,0.0,0.0,0.0,0.0,0.0,0.0,0.0,0.0,0.0,0.0,0.0,0.0,485.9275698864069,0.0,0.0,0.0,0.01810326491376556,0.0,0.0,0.0,-3.6206529827531124,0.0,0.0,0.0,0.0,0.0,-383.7068847569241,0.6034421637921854,0.0,0.0,0.0,0.0,1000.0,-932.8033442931745,0.0,0.0,406.24999999999693,0.0,0.0,0.0,0.0,0.0,425.90679698071534,0.0,0.0,1000.0,93.58623134483126,0.0,794.426726325164,0.0,0.0,-680.8483660172138,0.0,680.8483660172138,0.0,0.0,0.0,0.6034421637921858,953.0932337241056,0.0,0.0,-252.88427920820058,-312.68417739469095,156.24999999999667,-156.24999999999667,0.0,0.0,0.0,0.0,0.0,0.0,0.0,1000.0,-386.4223744939891,14.723988796529325,0.0,0.0,0.0,252.88427920820058,0.0,0.0,0.0,0.0,0.0,0.0,0.0,0.0,0.0,-15.938631666219594,-159.19271574758272,0.0,3.6206529827531124,0.0,0.0,0.0,0.0,-323.73462511779076,0.0,0.0,0.013275727603461452,0.0,0.0,0.0,7.361994398264661,0.0,0.0,0.0,0.0,693.6680322906702,0.0,0.0,0.0,0.0,0.0,0.0,0.0,0.0,-916.3998504271299,0.0,580.6395186506642,0.0012068843275843707,0.0,0.0,0.0,0.0,0.0,0.0,0.0,0.0,0.0,0.0,252.88427920820058,0.0,0.0,0.0,0.0,383.7068847569241,0.0,0.0,0.0,0.0,0.0,0.0,0.0,0.0,0.0,0.0,0.0,0.0,0.0,697.6630216729258,454.4419483560293,0.0,0.0,0.0,7.241305965506225,0.0,0.0,0.0,0.0,0.0,-7.241305965506225,0.0,0.0,0.0,0.0,0.0,0.0,0.0,0.0,0.0,0.0,252.88427920820058,252.88427920820058,0.0,-1000.0,-1000.0,8.553162681409908,-3.6206529827531124,0.0,0.0,999.9517246268963,0.0,0.0,0.0,0.0,0.0,0.0,0.0,0.0,0.0,0.0,0.0,0.0,0.0,0.0,0.0,0.0,0.0,-1.508605409480464,425.90679698071534,-0.9051632456882999,385.8032162857576,0.0,0.0,0.0,0.0,0.0,-0.15086054094804635,0.0,312.68417739469095,0.0,0.0,0.0,0.0,0.0,0.0,0.0,1000.0,3.6206529827531124,3.6206529827531124,0.0,0.0,0.0,0.0,0.0,0.013275727603461452,383.7068847569241,0.0,0.0,-999.9517246268963,580.6383117663366,0.0,0.0,0.0,0.0,0.0,0.0,0.0,0.0,0.0,0.0,0.0,0.0,0.0,0.0,0.0,0.0,0.0,0.0,12.672285439635893,0.9293009322399649,0.0,0.0,0.0,0.0,0.0,383.7068847569241,0.0,678.9270061676993,0.0,0.0,0.0,-1.508605409480464,0.0,0.0,0.0,0.0,0.0,0.0,0.0,0.0,0.0,0.0,0.0,0.0,0.0,0.0,0.0,0.0,0.0,0.0,-0.012068843275843706,0.0,0.0,0.6034421637921854,-268.97429937754794,0.0,0.0,0.0,0.0,425.90679698071534,0.0,0.0,0.0,0.753122368593209,0.3017210818960927,0.0,0.0,0.0,0.012068843275843706,0.0,12.068843275843706,-3.741341415511549,2.4137686551687416,0.08620602339888363,33.67207273960394,-0.00905163245688278,0.603442163792216,0.24137686551687418,-0.06034421637955015,-33.67207273960394,3.6206529827531124,-0.012068843275843705,0.0,0.0,0.003017210818960927,0.08620602339888363,0.0,-1.921359849514488,252.6429023426837,-525.8839601032887,-0.012068843275843708,0.003017210818960927,-33.67207273960394,1.2068843275843708,0.012068843275843705,0.012068843275843706,-383.6815401860448,0.013275727603373842,-72.52639423601948,-0.00905163245688278,3.6206529827531124,0.012068843275843708,3.6206529827531124,-6.034421637921854,-0.006034421637921854,370.2380091091484,-61.239726076551776,-0.00905163245688278,-0.012068843275843708,-3.741341415511549,0.012068843275843706,1.2068843275843708,-0.24137686551687418,485.9275698864069,485.9275698864069,-1.2068843275843708,525.8839601032887,-485.9275698864069,2.4137686551687416,0.01810326491376556,-458.98738858741217,1.2068843275843708,-333.3333333333333,0.0,-2.4137686551687416,0.006034421637921853,0.12068843275843708,28.144860227186204,96.0,-0.012068843275843706,-386.4223744939891,383.6815401860448,3.741341415511549,0.012068843275843708,1.921359849514488,-14.48261193101257,0.0,-0.012068843275843706,-0.003017210818960927,0.0,-0.012068843275843621,-41.79311567241563,0.012068843275673178,-0.0030172108189609266,-0.003017210818960927,-0.003017210818960927,4.827537310337483,6.034421637921854,0.12068843275843708,278.3705741418603,-0.0030172108189609266,56.28972045437241,0.6034421637921854,21.5,0.012068843275843706,0.006034421637921852,0.006034421637921854,1.2068843275843708,3.741341415511549,0.012068843275843706,-3.741341415511549,0.12068843275843708,0.012068843275843708,-817.2287139015997,0.012068843275843708,0.04827537310366027,0.06034421637955015,0.006034421637921854,0.003017210818960927,3.6206529827531124,-0.012068843275843708,72.52639423601948,-126.32145117134185,-556.7411482837206,0.30172108189606206,-1.2068843275843717,2.4137686551687416,0.6034421637921854,-0.012068843275843708,0.0,0.01810326491376556,-0.012068843275843708,-2.4137686551687416,3.741341415511549,466.1659825890931,0.006034421637921854,-43.0,-0.012068843275843708,-0.012068843275673178,-0.012068843275843712,0.006034421637921854,33.67207273960394,-2.4137686551687416,0.012068843275843706,56.28972045437241,-0.003017210818960927,-0.013275727603373842,-56.28972045437241,1.8103264913765558,61.239726076551776,472.4388745351501,33.67207273960394,-0.00905163245688278,386.4223744939891,-96.0,0.012068843275843708,-0.0030172108189609266,0.6034421637921858,12.068843275843706,-0.006034421637921852,-0.012068843275843708,0.0030172108189609266,0.0,0.0,458.98135416577423,538.8581397597394,-46.0,0.0,301.5044303989923,-31.0,0.0,-32.0,-93.0,-65.0,0.0,16.0,23.0,46.5,0.0,15.5,-383.7068847569241,-142.43135747130233,0.0,65.0,-142.43135747130233,-301.5044303989923,157.39007900121027,0.0,1496.5981,hclb
180,0.0,0.0,0.0,0.0,0.0,0.0,0.0,0.0,-0.05549587819023299,0.0,0.0,0.0,0.0,0.0,0.0,0.0,492.93942459288337,-382.8823497155499,0.0,0.0,0.0,0.0,0.0,760.0633657564355,0.0,0.0,0.0,0.0,0.0,-1000.0,0.0,0.0,205.2599605950407,0.0,0.0,0.0,0.0,-9.719178133717163,0.0,-1000.0,1000.0,0.0,0.0,443.44613250214434,0.0,0.0,0.0,0.0,1000.0,-732.8640559206524,0.0,936.3855570950277,0.0,0.061045466009311176,0.0,0.0,0.0,0.0,0.0,0.0,-136.6167583020332,0.0,0.0,-136.6167583020332,0.0,0.0,0.0,0.0,0.0,644.8673530980881,0.0,0.55495878190233,0.0,0.0,0.0,0.0,0.0,0.0,0.0,874.5564269867078,0.0,0.0,0.0,0.0,33.297526914139794,0.0,131.7294212960795,16.347520819485723,79.96196372445793,-440.50892126521455,-0.013873969547558247,0.0,0.0,1000.0,16.648763457069897,0.0,16.648763457069897,0.0,0.0,0.0,0.0,2.7747939095116494,-1000.0,0.0,0.0,0.0,0.0,141.18756451903403,0.0,0.0,0.0,0.0,0.0,0.0,0.0,0.0,0.0,0.0,0.0,0.0,0.0,0.0,0.0,0.0,-418.3015539807848,0.0,0.0,16.648763457069897,0.0,17.203722238972226,0.0,0.0,605.2840526890901,-584.4649656122344,-20.81908707685568,20.81908707685568,0.0,0.0,0.0,0.0,0.0,0.0,0.0,0.0,0.0,136.00260391672745,0.05549587819023299,0.0,0.0,0.0,340.5872429267237,-340.5872429267237,0.0,0.0,0.0,0.0,143.76734842598583,0.0,0.0,0.0,0.0,0.0,918.8227400846699,918.8227400846699,0.0,0.0,0.0,0.0,0.0,0.0,0.0,918.8782359628601,0.0,0.0,0.0,-43.163484103122755,-779.4727398369802,0.0,0.0,0.0,0.0,0.0,0.0,0.0,0.0,0.0,0.0,0.0,0.0,0.0,0.0,-1000.0,0.0,0.0,0.0,0.0,0.0,732.8640559206524,-936.3855570950277,920.038036275542,-920.038036275542,0.0,0.0,0.0,0.0,0.0,0.0,0.0,0.0,752.4433795986889,0.0,0.0,0.0,0.0,0.0,0.0,0.0,0.0,0.0,0.0,0.0,0.0,0.0,254.87495141294724,-20.801648723906805,443.44613250214434,0.0,0.0,0.0,0.0,79.39491630278647,0.0,0.0,0.0,0.0,-136.6167583020332,0.0,0.0,0.0,0.0,0.0,0.0,0.0,0.0,0.0,599.6025403825854,11.099175638046598,0.0,0.0,52.347259510383424,-787.7288130407006,1000.0,0.0,-443.44613250214434,0.0,0.0,0.0,-807.1191943712188,0.0,0.0,0.0,294.97425772201393,0.0,0.0,8.635030487501307,-31.2500000000035,0.0,39.88503048750481,0.0,31.2500000000035,1000.0,0.0,457.1937228355342,732.8640559206524,0.0,75.43858384796357,0.0,0.0,0.0,-1000.0,0.0,1000.0,0.0,523.5789803182413,0.0,0.0,203.43771216386222,0.0,0.0,0.0,-136.6167583020332,-0.08324381728534948,0.0,0.0,0.0,0.0,0.05549587819023299,0.0,0.0,0.0,304.35377985755827,492.93942459288337,0.0,-486.84029060522016,-261.32100953837426,779.4727398369802,947.7479390951165,0.0,0.0,0.0,0.0,0.0,0.0,0.0,30.702838891460516,-30.702838891460516,0.0,-561.4165033239836,-915.1561215814313,0.0,0.0,0.0,0.0,0.0,0.0,0.0,0.0,0.0,0.0,0.0,0.0,0.0,0.0,0.0,0.0,0.0,-1000.0,0.0,-990.5028053790446,0.0,0.0,597.8155731048593,0.0,0.0,0.0,-735.6051442993129,0.0,0.0,0.0,0.0,0.0,0.0,-1000.0,0.0,0.0,30.702838891460516,0.0,0.0,441.2553265185054,-551.4615605052937,1000.0,-2.7747939095116494,-965.2517129698658,-1.3873969547558247,-2.7747939095116494,-535.2505016699607,0.0,0.0,986.4719439630318,608.7950322744366,16.648763457069897,0.0,0.0,0.0,242.48156724299932,0.0,0.0,0.0,-254.87495141294724,254.87495141294724,254.87495141294724,-336.0671623840908,0.0,0.0,0.0,0.0,0.0,0.0,0.0,0.0,-9.774674011907395,0.0,-968.7500000000009,68.9008243619534,0.0,0.0,0.0,0.0,-37.4504121809767,0.1109917563804439,0.0,0.0,0.0,0.0,0.0,0.0,0.0,0.0,0.0,644.8673530980881,0.0,0.0,0.0,0.0,0.0,0.0,0.0,0.0,0.0,0.061045466009311176,0.061045466009311176,0.0,339.77577577490064,0.0,33.297526914139794,0.0,0.0,0.0,-708.6808240341746,0.0,0.0,131.7294212960795,0.0,0.0,16.33441065876923,708.6808240341746,0.0,0.0,196.11299675934194,0.0,0.0,68.9008243619534,0.0,0.0,0.0,0.0,0.0,0.0,0.0,139.43385132692825,-304.35377985755827,0.0,0.0,136.00260391672745,0.0,920.6050836972136,79.39491630278647,0.0,0.0,16.33441065876923,0.0,0.0,-21.11600152220747,629.6479268972623,-629.6479268972623,254.87495141294724,0.0,0.0,0.0,0.0,0.0,0.0,0.0,0.0,0.0,0.0,0.0,0.0,0.0,33.297526914139794,0.0,0.0,0.0,0.0,0.0,0.0,0.0,0.0,0.0,0.0,0.0,0.0,0.55495878190233,0.0,0.0,131.7294212960795,-131.7294212960795,0.0,-936.3855570950277,0.0,0.0,16.648763457069897,-196.11299675934194,0.0,0.0,0.0,0.0,0.0,0.0,0.0,0.0,0.0,0.0,0.0,0.0,16.648763457069897,16.648763457069897,-705.4795400105146,708.6808240341746,0.0,68.9008243619534,0.0,0.0,0.0,0.0,0.0,561.4165033239836,0.0,1000.0,0.05549587819023299,0.0,0.0,0.0,73.29023513280126,175.4864195030449,0.0,-1000.0,0.0,0.0,0.0,0.0,0.0,0.0,0.0,0.0,0.0,0.0,0.0,0.0,0.0,0.0,0.05549587819023299,0.0,0.0,0.0,49.122858721258126,-49.122858721258126,0.0,0.0,0.0,0.0,-757.7733061592957,619.983734964842,0.0,0.0,9.497194620955383,-4.162190864267474,-2.7747939095116494,0.0,0.0,0.0,0.0,0.0,0.0,0.0,0.0,0.0,0.0,0.0,0.0,0.0,779.4727398369802,0.0,0.0,611.5698261839483,0.0,0.0,0.0,-0.05549587819023299,0.0,0.0,0.05549587819023299,0.0,0.05549587819023299,0.0,0.0,0.0,33.297526914139794,67.70497139208425,67.70497139208425,0.0,0.0,0.0,0.0,0.0,0.0,0.0,0.0,0.0,0.0,0.0,0.0,35.48103400363963,0.0,0.0,0.0,0.0,0.0,0.0,0.0,0.0,0.0,0.0,0.0,0.0,0.0,0.0,79.39491630278647,0.0,0.0,0.0,0.08324381728534948,0.0,0.0,0.0,-16.648763457069897,0.0,0.0,0.0,0.0,0.0,-339.77577577490064,2.7747939095116494,0.0,0.0,0.0,0.0,0.0,-22.16816185998281,0.0,0.0,-968.7500000000009,0.0,0.0,0.0,0.0,0.0,0.0,0.0,196.11299675934194,0.0,84.9008243619534,0.0,53.900824361953404,175.4864195030449,0.0,0.0,0.0,0.0,0.0,-874.8241657633031,0.0,2.7747939095116494,567.7364201111918,0.0,0.0,0.0,-273.2335166040664,0.0,0.0,0.0,0.0,0.0,0.0,0.0,0.0,0.0,343.9379666391681,-352.26234836770305,67.70497139208425,0.0,0.0,0.0,0.0,0.0,0.0,0.0,0.0,0.0,599.6025403825854,0.0,0.0,0.0,-718.1575882308894,633.5729982773028,0.0,16.648763457069897,131.7294212960795,0.0,0.0,0.0,-11.911583378431025,0.0,0.0,0.061045466009311176,0.0,0.0,0.0,33.85248569604212,0.0,0.0,0.0,0.0,-20.801648723906805,0.0,0.0,0.0,0.0,0.0,0.0,0.0,0.0,-594.789960748257,0.0,0.005549587819023299,0.005549587819023299,0.0,0.0,0.0,0.0,0.0,0.0,0.0,0.0,0.0,0.0,0.0,0.0,0.0,0.0,0.0,339.77577577490064,0.0,0.0,0.0,0.0,0.0,0.0,0.0,732.8640559206524,0.0,0.0,0.0,263.458842592159,1000.0,506.6870149262732,-382.8823497155499,0.0,0.0,0.0,33.297526914139794,0.0,0.0,0.0,0.0,0.0,0.0,-33.297526914139794,0.0,263.458842592159,0.0,0.0,0.0,0.0,0.0,0.0,0.0,0.0,0.0,0.0,-1000.0,-1000.0,73.49571056394923,0.0,-16.648763457069897,0.0,-9.719178133717163,0.0,0.0,0.0,0.0,0.0,0.0,0.0,0.0,0.0,609.375,0.0,-609.3749999999999,-609.375,0.0,0.0,0.0,0.0,-6.936984773779123,0.0,-4.162190864267474,383.58119150707523,0.0,0.0,0.0,0.0,0.0,-0.6936984773779123,0.0,9.774674011907395,0.0,0.0,0.0,0.0,0.0,0.0,0.0,915.1561215814313,16.648763457069897,16.648763457069897,0.0,0.0,0.0,0.0,874.5564269867078,0.061045466009311176,339.77577577490064,0.0,0.0,9.719178133717163,0.0,0.0,0.0,0.0,0.0,0.0,0.0,0.0,0.0,0.0,0.0,0.0,0.0,0.0,0.0,0.0,0.0,0.0,0.0,58.270672099744644,0.0,0.0,136.00260391672745,0.0,0.0,0.0,339.77577577490064,0.0,617.2089410553305,0.0,0.0,0.0,-6.936984773779123,0.0,0.0,0.0,0.0,0.0,0.0,0.0,0.0,0.0,0.0,0.0,0.0,0.0,0.0,0.0,0.0,0.0,0.0,-0.05549587819023299,0.0,0.0,2.7747939095116494,-16.33441065876923,0.0,0.0,0.0,0.0,0.0,0.0,0.0,0.0,-30.702838891460516,1.3873969547558247,0.0,0.0,0.0,0.05549587819023299,0.0,55.495878190232986,-17.203722238972226,11.099175638046598,0.3963991299302356,154.83350015075004,-0.04162190864267474,2.7747939095116494,1.10991756380466,-0.2774793909520117,-154.83350015075004,16.648763457069897,-0.05549587819023299,0.0,68.9008243619534,0.013873969547558247,0.3963991299302356,0.0,-140.5643651039652,-1.10991756380466,-110.05707487733349,-0.05549587819023299,0.013873969547558247,-154.83350015075004,5.549587819023299,0.05549587819023299,0.05549587819023299,-339.6592344307011,-131.66837583007023,-67.22395327297248,-0.04162190864267474,16.648763457069897,0.05549587819023299,16.648763457069897,-27.747939095116493,-0.027747939095116494,-76.54339515301335,-85.0,-0.04162190864267474,-0.05549587819023299,-17.203722238972226,0.05549587819023299,5.549587819023299,-1.10991756380466,79.39491630278647,79.39491630278647,-5.549587819023299,110.05707487733349,-79.39491630278647,11.099175638046598,0.08324381728534948,-1000.0,5.549587819023299,-139.43385132692825,68.9008243619534,-11.099175638046598,0.027747939095116494,0.55495878190233,121.71007265130504,96.0,-0.05549587819023299,-352.26234836770305,339.6592344307011,17.203722238972226,0.05549587819023299,140.5643651039652,2.305770533673882,68.9008243619534,-0.05549587819023299,-0.013873969547558247,-68.9008243619534,-0.05549587819023299,-37.4504121809767,0.05549587819023216,-0.013873969547558247,-0.013873969547558247,-0.013873969547558247,22.198351276093195,27.747939095116493,0.55495878190233,41.11550875418851,-0.013873969547558247,243.42014530261008,2.7747939095116494,21.5,0.05549587819023299,0.027747939095116494,0.027747939095116494,40.0,17.203722238972226,0.05549587819023299,-17.203722238972226,0.55495878190233,0.05549587819023299,-41.11550875418851,0.05549587819023299,0.22198351276186568,0.2774793909520117,0.027747939095116494,0.013873969547558247,16.648763457069897,-0.05549587819023299,67.22395327297248,0.55495878190233,-82.23101750837702,1.387396954755825,-5.549587819023299,11.099175638046598,2.7747939095116494,-0.05549587819023299,0.0,0.08324381728534948,-0.05549587819023299,-80.0,17.203722238972226,251.7376901702185,0.027747939095116494,-43.0,-0.05549587819023299,-0.05549587819023216,-0.05549587819023299,0.027747939095116494,154.83350015075004,-11.099175638046598,0.05549587819023299,243.42014530261008,-0.013873969547558247,131.66837583007023,-243.42014530261008,8.324381728534947,85.0,578.7497110205815,154.83350015075004,-0.04162190864267474,352.26234836770305,-96.0,0.05549587819023299,-0.013873969547558245,2.7747939095116494,55.495878190232986,-0.027747939095116494,-0.05549587819023299,0.013873969547558247,0.0,0.0,440.48117332611946,0.0,-46.0,0.0,399.0007570652282,-31.0,0.0,-32.0,-93.0,-65.0,-559.4910787347854,16.0,23.0,46.5,0.0,15.5,-339.77577577490064,-239.82610679178748,559.4910787347854,65.0,-239.82610679178748,-399.0007570652282,195.5726993562655,0.0,1496.5981,hclb
181,0.0,0.0,0.0,0.0,0.0,0.0,0.0,0.0,-0.04192019950977037,0.0,0.0,0.0,0.0,0.0,0.0,0.0,637.9716931555377,231.1750443427419,0.0,-1000.0,0.0,0.0,0.0,662.835933303778,0.0,0.0,0.0,0.0,0.0,-768.2583494227291,0.0,0.0,16.146466136514878,0.0,0.0,0.0,0.0,70.10564014265147,0.0,-1000.0,1000.0,0.0,0.0,0.0,0.0,0.0,0.0,0.0,1000.0,0.0,0.0,0.0,0.0,0.04611221946101624,0.0,0.0,0.0,8.384039901954074,0.0,0.0,124.17125230825297,0.0,-579.519120192286,-838.9369415192745,0.0,0.0,0.0,0.0,0.0,0.0,0.0,0.41920199509770373,0.0,0.0,0.0,0.0,0.0,0.0,0.0,0.0,0.0,0.0,0.0,0.0,25.15211970586222,0.0,0.0,-1000.0,341.09545942154756,-320.09973169936814,-0.010480049877442593,0.0,0.0,37.448837705005474,12.57605985293111,0.0,12.57605985293111,0.0,0.0,0.0,0.0,998.9519950122558,-966.5178816181792,0.0,0.0,-13.927097454319156,0.0,0.0,0.0,0.0,0.0,0.0,0.0,0.0,0.0,0.0,0.0,0.0,0.0,0.0,0.0,0.0,0.0,0.0,-1000.0,0.0,0.0,12.57605985293111,0.0,12.995261848028813,0.0,0.0,0.0,0.0,0.0,0.0,616.4109263647586,385.56251910515994,-385.56251910515994,-1000.0,0.0,0.0,0.0,0.0,0.0,3.2278553622523316,0.04192019950977037,0.0,0.0,0.0,0.0,0.0,0.0,0.0,16.292345475721362,0.0,-77.05523192562609,0.0,0.0,0.0,0.0,0.0,170.3699247646839,170.3699247646839,0.0,0.0,0.0,968.75,0.0,0.0,0.0,170.41184496419368,0.0,0.0,0.0,0.0,0.0,0.0,0.0,0.0,0.0,0.0,0.0,0.0,0.0,0.0,-221.60263443759857,0.0,0.0,0.0,0.0,-431.08263767491565,0.0,0.0,0.0,0.0,0.0,0.0,0.0,658.9045405784525,-658.9045405784525,0.0,0.0,0.0,0.0,0.0,0.0,0.0,198.25953219545013,-948.6240648406754,0.0,0.0,0.0,0.0,0.0,0.0,0.0,0.0,0.0,0.0,0.0,0.0,0.0,129.4518885746167,-26.231920196091853,-869.7133437328087,0.0,0.0,0.0,383.58907363524145,0.0,0.0,0.0,0.0,0.0,124.17125230825297,-869.7133437328087,0.0,0.0,0.0,0.0,0.0,0.0,0.0,0.0,548.5464780670993,0.0,0.0,0.0,317.80908115690494,0.0,658.9045405784525,0.0,869.7133437328087,0.0,0.0,383.58907363524145,0.0,0.0,0.0,0.0,-231.2176480833989,0.0,0.0,-527.5208188915309,-189.17304862737154,0.0,-338.3477702641594,0.0,189.17304862737154,1000.0,0.0,-109.9204150788056,0.0,0.0,116.95735663225932,0.0,0.0,0.0,-265.84678792504894,0.0,265.84678792504894,0.0,259.0782267786417,0.0,383.58907363524145,-1000.0,968.75,0.0,0.0,124.17125230825297,-0.06288029926465555,0.0,0.0,0.0,0.0,0.04192019950977037,0.0,0.0,0.0,-130.0399002451148,637.9716931555377,0.0,-358.3597301337011,168.73825627580038,0.0,557.3710261196438,0.0,0.0,0.0,-13.927097454319156,0.0,0.0,0.0,-3.6093291777912695,-92.83436717619178,96.44369635398304,-1000.0,-1000.0,0.0,0.0,0.0,0.0,0.0,0.0,0.0,0.0,0.0,0.0,0.0,0.0,0.0,0.0,0.0,0.0,0.0,-929.7266790593092,0.0,-1000.0,0.0,0.0,547.1966476428836,624.6019247080883,0.0,0.0,-551.7743334293516,0.0,0.0,0.0,0.0,996.8559850367673,92.83436717619178,-156.25000000000014,0.0,0.0,0.0,-402.8429819370523,0.0,0.0,-152.88924499388884,156.25000000000014,-812.8249648479162,659.718979811149,-1.0480049877442592,-2.0960099754885184,0.0,0.0,0.0,1000.0,-596.1667447563834,12.57605985293111,0.0,0.0,0.0,9.994801273146791,0.0,0.0,129.4518885746167,0.0,0.0,0.0,88.5482562792183,0.0,0.0,-88.75022221346762,0.0,0.0,198.25953219545013,0.0,0.0,-135.24656901873553,0.0,0.0,455.2050337332874,0.0,0.0,0.0,0.0,-38.807980049022966,0.08384039901958362,0.0,0.0,0.0,0.0,0.0,0.0,0.0,0.0,0.0,0.0,0.0,0.0,0.0,0.0,0.0,0.0,0.0,0.0,0.0,0.04611221946101624,0.04611221946101624,0.0,217.06784867266265,0.0,25.15211970586222,0.0,0.0,0.0,-752.3333762691032,0.0,0.0,0.0,0.0,0.0,247.30055872057437,752.3333762691032,0.0,0.0,0.0,0.0,0.0,455.2050337332874,0.0,0.0,0.0,0.0,0.0,0.0,0.0,333.3333333333333,130.0399002451148,0.0,0.0,3.2278553622523316,0.0,-15.76970566531628,53.218543370321754,53.218543370321754,0.0,247.30055872057437,0.0,208.49257867155143,0.0,0.0,0.0,129.4518885746167,0.0,0.0,0.0,0.0,0.0,0.0,0.0,0.0,0.0,0.0,0.0,0.0,0.0,25.15211970586222,383.5890736352414,383.58907363524145,0.0,0.0,0.0,0.0,0.0,0.0,0.0,0.0,0.0,0.0,0.41920199509770373,0.0,0.0,0.0,0.0,0.0,0.0,0.0,0.0,12.57605985293111,0.0,0.0,0.0,0.0,0.0,0.0,0.0,0.0,0.0,0.0,670.3396490160269,-509.13375638455574,0.0,12.57605985293111,12.57605985293111,1000.0,752.3333762691032,0.0,455.2050337332874,0.0,0.0,0.0,0.0,0.0,966.5178816181792,198.25953219545013,1000.0,0.04192019950977037,0.0,0.0,-799.2214429101253,854.583054962707,0.0,0.0,-37.448837705005474,0.0,0.0,0.0,0.0,0.0,0.0,0.0,0.0,0.0,0.0,0.0,0.0,0.0,0.0,0.04192019950977037,0.0,0.0,0.0,0.0,0.0,0.0,0.0,0.0,0.0,0.0,-4.577685786468008,-16.292345475721362,0.0,-70.27332094069084,-3.1440149632327348,-2.0960099754885184,0.0,0.0,0.0,0.0,0.0,0.0,0.0,0.0,0.0,0.0,0.0,0.0,383.5890736352414,0.0,0.0,0.0,-594.0707347808949,0.0,0.0,0.0,-0.04192019950977037,0.0,0.0,0.04192019950977037,0.0,0.04192019950977037,0.0,0.0,0.0,25.15211970586222,51.14264340191985,51.14264340191985,0.0,0.0,0.0,0.0,0.0,0.0,0.0,0.0,0.0,198.25953219545013,0.0,0.0,0.0,0.0,0.0,0.0,0.0,0.0,0.0,0.0,0.0,0.0,0.0,0.0,0.0,0.0,0.0,0.0,0.0,0.0,0.0,0.06288029926465555,0.0,0.0,0.0,-12.57605985293111,0.0,0.0,0.0,0.0,0.0,-217.06784867266265,2.0960099754885184,0.0,0.0,0.0,-968.75,0.0,241.56516596355465,0.0,0.0,0.0,0.0,0.0,0.0,0.0,0.0,383.5890736352414,0.0,0.0,1000.0,87.61596009804593,0.0,56.615960098045925,-13.927097454319156,0.0,-310.20916746579695,0.0,310.20916746579695,16.292345475721362,-51.14264340191985,0.0,2.0960099754885184,837.0729525853276,0.0,0.0,0.0,-135.24656901873553,0.0,0.0,-531.2500000000005,531.2500000000005,0.0,0.0,0.0,0.0,0.0,441.814498073494,-226.4998935623611,51.14264340191985,0.0,0.0,0.0,0.0,0.0,0.0,0.0,0.0,0.0,548.5464780670993,0.0,0.0,0.0,-55.36161205258173,-943.8944887955195,0.0,12.57605985293111,0.0,0.0,0.0,0.0,-137.142772239796,0.0,0.0,0.04611221946101624,0.0,0.0,0.0,25.571321700959924,0.0,0.0,0.0,0.0,-26.231920196091853,0.0,0.0,0.0,0.0,0.0,0.0,0.0,0.0,0.0,0.0,0.004192019950977041,0.004192019950977041,0.0,0.0,0.0,0.0,0.0,0.0,0.0,0.0,0.0,-799.2214429101253,0.0,0.0,0.0,0.0,0.0,217.06784867266265,0.0,0.0,0.0,0.0,0.0,0.0,0.0,0.0,0.0,0.0,0.0,0.0,1000.0,166.02297123226967,231.1750443427419,0.0,0.0,0.0,25.15211970586222,0.0,0.0,0.0,0.0,0.0,0.0,-25.15211970586222,0.0,0.0,0.0,0.0,0.0,0.0,0.0,0.0,0.0,0.0,0.0,0.0,-1000.0,-1000.0,28.715336664192705,-12.57605985293111,0.0,0.0,70.10564014265147,0.0,0.0,0.0,0.0,0.0,0.0,0.0,0.0,0.0,0.0,0.0,0.0,0.0,0.0,0.0,0.0,0.0,-5.240024938721296,383.58907363524145,-1000.0,223.35587859912823,0.0,0.0,0.0,0.0,0.0,0.0,-0.5240024938721296,151.5389144944569,0.0,0.0,0.0,0.0,0.0,0.0,0.0,1000.0,12.57605985293111,12.57605985293111,0.0,0.0,0.0,0.0,0.0,0.04611221946101624,217.06784867266265,0.0,0.0,-70.10564014265147,0.0,0.0,0.0,0.0,0.0,0.0,0.0,0.0,0.0,0.0,0.0,0.0,0.0,0.0,0.0,0.0,0.0,0.0,0.0,44.016209485258884,0.0,0.0,3.2278553622523316,0.0,0.0,0.0,217.06784867266265,0.0,303.5354717038404,0.0,0.0,0.0,-5.240024938721296,0.0,0.0,0.0,0.0,0.0,0.0,0.0,0.0,0.0,0.0,0.0,0.0,0.0,0.0,0.0,0.0,0.0,0.0,-0.04192019950977037,0.0,0.0,2.0960099754885184,-247.30055872057437,0.0,0.0,0.0,0.0,383.58907363524145,0.0,0.0,0.0,3.6093291777912695,1.0480049877442592,0.0,0.0,0.0,0.04192019950977037,0.0,41.92019950977036,-12.995261848028813,8.384039901954074,0.2994299964983598,116.95735663225932,-0.031440149632327774,812.8249648479162,0.8384039901954075,-0.2096009975491408,-116.95735663225932,12.576059852931111,-0.04192019950977037,4.642365818106385,455.2050337332874,0.010480049877442593,0.2994299964983598,-13.927097454319156,-6.673695761956537,-0.8384039901954075,130.85326250172045,-0.04192019950977037,0.010480049877442593,-116.95735663225932,4.192019950977037,0.04192019950977037,0.04192019950977037,-216.97981625369187,0.04611221946074741,-27.100251276899538,-0.031440149632327774,12.57605985293111,0.04192019950977037,12.57605985293111,-20.960099754885185,-0.020960099754885185,132.00967811116394,-4.2339401504868075,-0.031440149632327774,-0.04192019950977037,-12.995261848028813,0.04192019950977037,4.192019950977037,-0.8384039901954075,0.0,0.0,-4.192019950977037,-130.85326250172045,0.0,8.384039901954074,0.06288029926465555,-1000.0,4.192019950977037,-333.3333333333333,455.2050337332874,-8.384039901954074,0.020960099754885185,0.41920199509770373,89.58993253342527,96.0,-0.04192019950977037,-226.4998935623611,216.97981625369187,12.995261848028813,0.04192019950977037,6.673695761956537,404.9007943215628,455.2050337332874,-0.04192019950977037,-0.010480049877442593,-455.2050337332874,-0.04192019950977037,-38.807980049022966,0.041920199509873995,-0.010480049877442593,-0.010480049877442593,-0.010480049877442593,16.768079803908147,20.960099754885185,0.41920199509770373,31.057627811802234,-0.010480049877442593,174.53749924874415,2.0960099754885184,21.5,0.04192019950977037,0.020960099754885185,0.020960099754885185,40.0,12.995261848028813,0.04192019950977037,-12.995261848028813,0.41920199509770373,0.04192019950977037,-31.057627811802234,0.0419201995097704,0.16768079803932778,0.2096009975491408,0.020960099754885185,0.010480049877442593,12.57605985293111,-0.04192019950977037,27.100251276899538,0.41920199509770373,-62.11525562360447,811.776959860172,-4.192019950977037,8.384039901954074,2.0960099754885184,-0.0419201995097704,13.927097454319156,0.06288029926465555,-0.04192019950977037,-80.0,12.995261848028813,250.87684681646516,0.020960099754885185,-43.0,-0.04192019950977037,-0.041920199509873995,-0.04192019950977037,0.020960099754885185,116.95735663225932,-8.384039901954074,0.04192019950977037,179.17986506685054,-0.010480049877442593,-0.04611221946074741,-179.17986506685054,6.288029926465554,4.2339401504868075,792.8490909252158,116.95735663225932,-0.031440149632327774,226.4998935623611,-96.0,0.04192019950977037,-0.010480049877442589,2.0960099754885184,41.92019950977036,-0.020960099754885185,-0.04192019950977037,0.010480049877442593,0.0,0.0,320.0787715996133,0.0,-46.0,0.0,-108.0,-31.0,0.0,-32.0,-93.0,-65.0,-679.9002683006319,16.0,23.0,46.5,0.0,15.5,-217.06784867266265,-113.73407457666917,679.9002683006319,65.0,-113.73407457666917,108.0,-258.5464071362699,0.0,1496.5981,hclb
182,0.0,0.0,0.0,0.0,0.0,0.0,0.0,0.0,-0.05682970903204002,0.0,0.0,0.0,0.0,0.0,0.0,0.0,284.4920367373892,11.308924420487227,0.0,0.0,0.0,0.0,0.0,0.0,0.0,0.0,0.0,0.0,0.0,-870.9798995578999,0.0,0.0,28.00976281905823,0.0,0.0,0.0,0.0,764.3729751959119,0.0,-1000.0,1000.0,0.0,-693.3983345840993,-582.8411792293023,0.0,0.0,0.0,0.0,116.64147006776795,0.0,0.0,0.0,0.0,0.0625126799357103,0.0,0.0,0.0,11.365941806408005,0.0,0.0,-97.06034330724829,0.0,97.06034330724829,0.0,0.0,0.0,0.0,0.0,722.5069880419372,0.0,0.0,0.5682970903204003,0.0,0.0,0.0,0.0,0.0,0.0,0.0,0.0,0.0,0.0,-174.94654352459708,0.0,34.097825419224016,0.0,92.05554026515989,0.0,1000.0,225.83007900783844,-0.014207427258010006,0.0,0.0,0.0,17.048912709612008,0.0,17.048912709612008,0.0,0.0,0.0,0.0,161.0633564129993,-1000.0,0.0,0.0,-1.7343006113332189,207.58944312420013,0.0,0.0,0.0,0.0,0.0,0.0,0.0,0.0,0.0,0.0,0.0,0.0,0.0,0.0,0.0,0.0,0.0,-501.4362646874549,0.0,0.0,17.048912709612008,0.0,17.61720979993241,17.61720979993241,0.0,0.0,0.0,0.0,0.0,0.0,0.0,0.0,0.0,0.0,0.0,0.0,0.0,0.0,271.37797138522404,0.05682970903204002,0.0,0.0,0.0,-1000.0,-50.0097976411231,0.0,0.0,174.94654352459708,0.0,381.81487717497765,0.0,0.0,0.0,0.0,0.0,-237.3797879500758,-237.3797879500758,0.0,0.0,0.0,0.0,0.0,0.0,0.0,-237.32295824104378,0.0,0.0,0.0,0.0,-450.76177309099484,0.0,0.0,0.0,0.0,0.0,0.0,0.0,0.0,0.0,-949.2722950956537,0.0,0.0,0.0,0.0,-1000.0,0.0,0.0,0.0,0.0,0.0,0.0,693.3983345840993,-810.0398046518673,810.0398046518673,0.0,0.0,0.0,0.0,0.0,0.0,0.0,129.02010044210007,-111.04930091849008,0.0,0.0,0.0,0.0,0.0,0.0,0.0,0.0,0.0,0.0,0.0,0.0,0.0,203.57821422413707,884.0104288229268,-223.55194183135654,0.0,0.0,0.0,0.0,79.26019938776395,0.0,0.0,0.0,0.0,-97.06034330724829,359.28923739794584,0.0,0.0,348.1643069889519,0.0,0.0,0.0,0.0,0.0,1.8299166308321304,0.0,0.0,0.0,-116.64147006776795,1000.0,0.0,0.0,223.55194183135654,0.0,0.0,0.0,780.8098937249517,0.0,0.0,0.0,-116.26530786224245,0.0,0.0,-620.1441807440357,-182.1425770127272,0.0,0.0,-438.00160373130836,620.1441807440356,189.96019534813274,0.0,-915.3723502991479,0.0,0.0,114.52910841149256,0.0,0.0,0.0,-266.4404053505654,0.0,266.4404053505654,0.0,-513.6032384545875,0.0,0.0,174.06604098214072,0.0,0.0,0.0,-97.06034330724829,-0.08524456354806004,0.0,0.0,0.0,0.0,0.05682970903204002,0.0,0.0,0.0,901.8609712717919,284.4920367373892,0.0,-822.5909980989724,1000.0,450.76177309099484,948.41485451602,0.0,277.33465405737525,0.0,-1.7343006113332189,0.0,0.0,0.0,-4.893037947659112,-195.92041289807423,-76.5212032116419,-12.044421216957112,-440.9067689473753,0.0,0.0,0.0,0.0,0.0,0.0,0.0,0.0,0.0,0.0,0.0,0.0,0.0,0.0,0.0,0.0,348.1643069889519,0.0,0.0,-1000.0,174.94654352459708,235.39970596796016,0.0,830.0804967419673,0.0,0.0,-273.2078880160562,0.0,0.0,0.0,0.0,158.2218709613973,-526.586575143863,-656.2500000000003,-1000.0,0.0,0.0,0.0,-242.08873640301562,-1000.0,1000.0,656.2500000000003,503.0073306967157,-701.9407264983906,-1.4207427258010006,239.2472509514136,-25.553417231118146,0.0,814.5877776132113,0.0,0.0,17.048912709612008,0.0,0.0,0.0,0.0,0.0,0.0,0.0,-203.57821422413707,203.57821422413707,203.57821422413707,83.36835880492522,0.0,0.0,0.0,0.0,0.0,129.02010044210007,0.0,0.0,-10.009606084176824,0.0,-656.2500000000006,68.634058193592,0.0,0.0,0.0,0.0,24.54116159639179,0.11365941806401705,0.0,0.0,0.0,0.0,0.0,0.0,0.0,0.0,0.0,722.5069880419372,0.0,0.0,0.0,0.0,0.0,0.0,0.0,0.0,0.0,0.0625126799357103,0.0625126799357103,0.0,288.2122724177291,0.0,34.097825419224016,0.0,0.0,0.0,1000.0,0.0,199.42777093342534,92.05554026515989,0.0,0.0,530.3936513891266,-1000.0,0.0,0.0,0.0,0.0,0.0,68.634058193592,0.0,0.0,0.0,0.0,0.0,0.0,0.0,167.14542156248498,-901.8609712717919,842.4203545169229,0.0,96.43142786062698,0.0,0.0,0.0,-79.26019938776395,0.0,530.3936513891266,0.0,554.9348129855184,0.0,0.0,0.0,203.57821422413707,0.0,0.0,0.0,0.0,0.0,0.0,0.0,0.0,0.0,0.0,0.0,0.0,0.0,34.097825419224016,0.0,0.0,0.0,0.0,0.0,0.0,0.0,0.0,0.0,0.0,0.0,0.0,0.5682970903204003,0.0,0.0,92.05554026515989,-92.05554026515989,0.0,693.3983345840993,0.0,0.0,17.048912709612008,0.0,0.0,0.0,0.0,0.0,0.0,0.0,0.0,0.0,0.0,883.0379519068468,0.0,0.0,17.048912709612008,17.048912709612008,1000.0,-1000.0,0.0,68.634058193592,0.0,0.0,0.0,0.0,0.0,12.044421216957112,129.02010044210007,0.0,0.05682970903204002,0.0,0.0,-200.23502178171924,204.81793188866018,0.0,0.0,0.0,0.0,0.0,0.0,0.0,0.0,0.0,0.0,0.0,0.0,0.0,0.0,0.0,0.0,0.0,0.05682970903204002,0.0,0.0,0.0,139.94539389704778,-139.94539389704778,0.0,0.0,0.0,235.39970596796016,0.0,-273.2078880160562,0.0,0.0,-1000.0,-4.262228177403002,0.0,-2.841485451602001,0.0,-93.75000000000001,-93.75000000000001,93.75000000000001,0.0,0.0,0.0,0.0,0.0,0.0,0.0,0.0,450.76177309099484,0.0,0.0,817.4292630648133,0.0,0.0,0.0,-0.05682970903204002,0.0,0.0,0.05682970903204002,0.0,0.05682970903204002,0.0,0.0,0.0,34.097825419224016,69.33224501908883,69.33224501908883,0.0,0.0,0.0,0.0,0.0,0.0,0.0,842.4203545169229,0.0,129.02010044210007,0.0,0.0,0.0,0.0,0.0,0.0,0.0,0.0,0.0,0.0,0.0,0.0,0.0,0.0,0.0,0.0,0.0,79.26019938776395,0.0,0.0,0.0,0.08524456354806004,0.0,0.0,0.0,-17.048912709612008,0.0,0.0,0.0,0.0,0.0,-288.2122724177291,2.841485451602001,0.0,0.0,0.0,0.0,0.0,0.0,-2.841485451602001,0.0,-656.2500000000006,0.0,0.0,0.0,0.0,0.0,0.0,0.0,0.0,224.98369712677533,84.634058193592,0.0,896.0544127105148,-1.7343006113332189,0.0,-273.2078880160562,0.0,273.2078880160562,174.94654352459708,711.4776487058629,0.0,2.841485451602001,1000.0,0.0,0.0,0.0,-194.1206866144966,0.0,0.0,-31.25000000000003,31.25000000000003,0.0,0.0,0.0,0.0,0.0,1000.0,-59.252161259152246,69.33224501908883,0.0,0.0,0.0,0.0,0.0,0.0,0.0,0.0,0.0,1.8299166308321304,0.0,0.0,241.7467956907858,-727.0898981488782,0.0,-693.3983345840993,17.048912709612008,92.05554026515989,0.0,0.0,0.0,175.6440421505884,0.0,0.0,0.0625126799357103,0.0,0.0,0.0,34.666122509544415,0.0,0.0,0.0,0.0,884.0104288229268,0.0,207.58944312420013,0.0,0.0,0.0,0.0,0.0,0.0,-647.4281135858996,0.0,0.005682970903204003,0.005682970903204003,0.0,0.0,0.0,0.0,0.0,0.0,0.0,0.0,0.0,-200.23502178171924,0.0,0.0,0.0,0.0,0.0,288.2122724177291,0.0,0.0,0.0,0.0,0.0,0.0,0.0,0.0,0.0,0.0,0.0,184.11108053031978,0.0,463.6515278274977,11.308924420487227,0.0,0.0,0.0,34.097825419224016,0.0,0.0,0.0,0.0,0.0,0.0,-34.097825419224016,0.0,184.11108053031978,0.0,0.0,0.0,0.0,0.0,0.0,0.0,0.0,0.0,0.0,559.0932310526247,-1000.0,38.928350686947425,0.0,-17.048912709612008,0.0,999.772681163872,0.0,0.0,0.0,0.0,0.0,0.0,0.0,0.0,0.0,578.125,0.0,-578.125,-578.125,0.0,0.0,0.0,0.0,-7.103713629005004,0.0,-162.4840991388003,54.9899330817492,0.0,0.0,0.0,0.0,0.0,-0.7103713629005004,0.0,184.9561496087739,0.0,0.0,0.0,0.0,0.0,0.0,0.0,1000.0,17.048912709612008,17.048912709612008,0.0,0.0,0.0,0.0,0.0,0.0625126799357103,288.2122724177291,0.0,0.0,-999.772681163872,0.0,0.0,0.0,0.0,0.0,0.0,0.0,0.0,0.0,0.0,0.0,0.0,0.0,0.0,0.0,0.0,0.0,17.61720979993241,0.0,59.671194483642026,0.0,0.0,96.43142786062698,0.0,0.0,0.0,288.2122724177291,0.0,0.0,0.0,0.0,0.0,-7.103713629005004,0.0,0.0,0.0,0.0,0.0,0.0,0.0,0.0,0.0,0.0,0.0,0.0,0.0,0.0,0.0,0.0,0.0,0.0,-0.05682970903204002,0.0,0.0,2.841485451602001,-530.3936513891266,0.0,0.0,0.0,0.0,0.0,0.0,0.0,0.0,4.893037947659112,1.4207427258010006,0.0,0.0,0.0,0.05682970903204002,0.0,56.82970903204002,0.0,11.365941806408005,0.40592649308600015,193.7893077992565,-0.04262228177403002,496.9926693032843,1.1365941806408004,-0.28414854516004634,-193.7893077992565,17.048912709612008,-0.05682970903204002,0.5781002037777396,68.634058193592,0.014207427258010006,0.40592649308600015,-1.7343006113332189,-101.10282994306112,-1.1365941806408004,-295.80096115787643,-0.05682970903204002,0.014207427258010006,-193.7893077992565,5.682970903204002,0.05682970903204002,0.05682970903204002,-288.0929300287613,-91.99302758522465,0.0,-0.04262228177403002,17.048912709612008,0.05682970903204002,17.048912709612008,-28.414854516020014,-0.02841485451602001,-378.34627595231126,-85.0,-0.04262228177403002,-0.05682970903204002,0.0,0.05682970903204002,5.682970903204002,-1.1365941806408004,79.26019938776395,79.26019938776395,-5.682970903204002,295.80096115787643,-79.26019938776395,11.365941806408005,0.08524456354806004,-561.0064685649061,5.682970903204002,-167.14542156248498,68.634058193592,-11.365941806408005,0.02841485451602001,0.5682970903204003,205.6477495247431,96.0,-0.05682970903204002,-300.998956949938,288.0929300287613,17.61720979993241,0.05682970903204002,101.10282994306112,0.43840735514392914,68.634058193592,-0.05682970903204002,-0.014207427258010006,-68.634058193592,-0.05682970903204002,-183.04828152780834,0.056829709031929965,-0.014207427258010006,-0.014207427258010006,-0.014207427258010006,22.73188361281601,28.414854516020014,0.5682970903204003,355.5428813038361,-0.014207427258010006,410.71739884570843,2.841485451602001,-9.429095346593895,0.05682970903204002,0.02841485451602001,0.02841485451602001,40.0,0.0,0.05682970903204002,0.0,0.5682970903204003,0.056829709032040064,-982.4212225532835,0.05682970903204002,0.2273188361280063,0.28414854516004634,0.02841485451602001,0.014207427258010006,17.048912709612008,-0.05682970903204002,0.0,0.5682970903204002,-711.0857626076722,495.5719265774833,-5.682970903204002,11.365941806408005,2.841485451602001,-0.05682970903204002,1.7343006113332189,0.08524456354806004,-0.056829709032040064,-80.0,0.0,73.77033557618338,0.02841485451602001,18.85819069318779,-0.05682970903204002,-0.056829709031929965,-0.05682970903204002,0.02841485451602001,193.7893077992565,-11.365941806408005,0.05682970903204002,411.2954990494862,-0.014207427258010006,91.99302758522465,-411.2954990494862,8.524456354806002,85.0,609.5884421089922,193.7893077992565,-0.04262228177403002,300.998956949938,-96.0,0.05682970903204002,-0.014207427258010007,2.841485451602001,56.82970903204002,-0.02841485451602001,-0.05682970903204002,0.014207427258010006,0.0,0.0,145.18777935441898,626.8783412494474,-46.0,0.0,-108.0,-31.0,0.0,-32.0,-93.0,-65.0,-415.79027435597106,16.0,23.0,46.5,0.0,15.5,-288.2122724177291,-249.4143777267718,415.79027435597106,65.0,-249.4143777267718,108.0,-57.060689129173966,0.0,1496.5981,hclb
183,0.0,0.0,0.0,0.0,0.0,0.0,0.0,0.0,-0.07840994561412072,0.0,0.0,0.0,0.0,0.0,0.0,0.0,1000.0,-803.3196521316581,0.0,0.0,0.0,0.0,0.0,0.0,0.0,0.0,0.0,0.0,0.0,-716.1100430000442,0.0,0.0,21.06169736120931,0.0,0.0,0.0,0.0,618.7469798412855,0.0,-1000.0,1000.0,0.0,0.0,-317.5534068364401,0.0,0.0,468.2874954711534,0.0,-504.534857130061,-266.1248769886495,0.0,0.0,0.0,0.08625094017561034,0.0,0.0,0.0,15.681989122824143,0.0,0.0,-6.905302543750379,0.0,6.905302543750379,0.0,0.0,0.0,0.0,0.0,1000.0,-381.8854056175096,0.0,0.7840994561412072,0.0,0.0,0.0,0.0,0.0,0.0,0.0,0.0,0.0,0.0,0.0,0.0,47.04596736847244,0.0,0.0,414.3454836799391,-278.39110171134973,-721.4912833702291,-0.01960248640353018,0.0,0.0,-755.9541436855111,23.522983684236216,0.0,23.52298368423622,0.0,0.0,0.0,0.0,3.920497280706036,-1000.0,0.0,0.0,-8.205442840718547,0.0,0.0,0.0,0.0,0.0,0.0,0.0,0.0,0.0,0.0,0.0,0.0,0.0,0.0,0.0,0.0,0.0,0.0,-531.9960041080182,0.0,0.0,23.52298368423622,0.0,24.30708314037742,24.30708314037742,0.0,468.75000000367885,0.0,-468.75000000367885,468.75000000367885,0.0,-406.2500000259206,406.2500000259206,0.0,0.0,0.0,0.0,0.0,0.0,6.0375658122872915,0.07840994561412072,0.0,0.0,0.0,-1000.0,776.9295491228097,0.0,0.0,0.0,0.0,518.1106437167302,0.0,0.0,0.0,0.0,0.0,531.7909144744607,531.7909144744607,0.0,0.0,0.0,0.0,0.0,0.0,0.0,531.8693244200748,0.0,0.0,0.0,-1000.0,-730.563812632631,0.0,0.0,0.0,0.0,0.0,0.0,0.0,0.0,0.0,-632.4791749831721,0.0,0.0,0.0,0.0,-1000.0,0.0,0.0,0.0,0.0,0.0,266.1248769886495,0.0,1000.0,-1000.0,0.0,0.0,0.0,0.0,0.0,0.0,0.0,283.8899569999557,-737.412781447399,0.0,0.0,0.0,0.0,0.0,0.0,0.0,0.0,0.0,0.0,0.0,0.0,0.0,318.3452700435373,211.43442912283854,220.64490013010533,0.0,0.0,0.0,0.0,77.0805954929738,0.0,0.0,0.0,0.0,-6.905302543750379,538.1983069665455,0.0,0.0,0.0,0.0,0.0,0.0,0.0,0.0,855.8264708045047,0.0,0.0,0.0,278.39110171134973,-1000.0,909.8106265498782,0.0,-220.64490013010533,0.0,0.0,0.0,-7.997814452640313,0.0,0.0,0.0,-16.78495569112971,0.0,0.0,-1000.0,0.0,0.0,-1000.0,0.0,0.0,721.6088982886503,0.0,286.8697213184637,266.1248769886495,0.0,190.29731905117777,0.0,0.0,0.0,887.9879471348459,0.0,-887.9879471348459,0.0,1000.0,0.0,0.0,194.21957393039133,0.0,0.0,0.0,-6.905302543750379,-0.11761491842118107,0.0,0.0,0.0,0.0,0.07840994561412072,0.0,0.0,0.0,43.569950018285326,1000.0,0.0,-996.7951654708755,374.15151640382226,730.563812632631,959.2049728070604,0.0,1000.0,0.0,-8.205442840718547,0.0,0.0,0.0,-6.75109631737587,-13.721740482471205,-979.5271632001529,-1000.0,-1000.0,0.0,0.0,0.0,0.0,0.0,0.0,0.0,0.0,0.0,0.0,0.0,0.0,0.0,0.0,0.0,0.0,0.0,-226.79936860001408,0.0,-1000.0,0.0,154.1400117762437,853.3016705557299,0.0,0.0,0.0,-861.864036616792,0.0,0.0,0.0,859.3997718391277,0.0,0.0,0.0,-1000.0,0.0,-986.2782595175288,-635.2660827326657,0.0,0.0,14.548399591611819,0.0,996.0795027192939,0.0,-1.960248640353018,-3.920497280706036,-1000.0,0.0,996.0795027192939,1000.0,0.0,23.52298368423622,0.0,0.0,0.0,0.0,0.0,0.0,318.3452700435373,0.0,0.0,0.0,85.5234537178944,0.0,145.04141598602638,0.0,0.0,0.0,283.8899569999557,0.0,0.0,-13.810605087500758,0.0,0.0,64.31801087717585,0.0,0.0,0.0,0.0,-35.159005438587926,0.15681989122807272,0.0,0.0,0.0,0.0,0.0,0.0,0.0,0.0,0.0,618.1145943824904,0.0,0.0,0.0,0.0,0.0,0.0,0.0,0.0,0.0,0.08625094017561034,0.08625094017561034,0.0,398.6632809207132,0.0,47.04596736847244,0.0,0.0,0.0,1000.0,0.0,9.375121827008627,0.0,0.0,0.0,624.041111833346,-1000.0,0.0,0.0,106.80305904002387,0.0,0.0,64.31801087717585,0.0,0.0,0.0,0.0,0.0,0.0,0.0,177.3320013693394,-43.569950018285326,223.07045087719024,0.0,6.0375658122872915,0.0,-755.9541436855111,0.0,-77.0805954929738,0.0,624.041111833346,0.0,0.0,588.8821063947581,-781.2500000122782,781.2500000122782,318.3452700435373,0.0,0.0,0.0,0.0,0.0,0.0,0.0,0.0,0.0,0.0,0.0,0.0,0.0,47.04596736847243,0.0,0.0,0.0,0.0,0.0,0.0,0.0,0.0,0.0,0.0,0.0,0.0,0.7840994561412072,0.0,0.0,0.0,0.0,0.0,0.0,0.0,0.0,23.52298368423622,-106.80305904002387,0.0,0.0,0.0,0.0,0.0,0.0,0.0,0.0,0.0,0.0,544.0125846121191,0.0,23.522983684236216,23.522983684236216,1000.0,-1000.0,0.0,64.31801087717585,0.0,0.0,0.0,0.0,0.0,1000.0,283.8899569999557,1000.0,0.07840994561412072,0.0,0.0,0.0,6.3232020427387345,0.0,0.0,755.9541436855111,0.0,0.0,0.0,0.0,0.0,0.0,0.0,0.0,0.0,0.0,0.0,0.0,0.0,0.0,0.07840994561412072,0.0,0.0,0.0,-314.7203805200877,314.7203805200877,0.0,0.0,0.0,154.1400117762437,0.0,0.0,0.0,-8.562366061062145,-773.2006313999859,-5.880745921059055,-3.920497280706036,0.0,0.0,0.0,0.0,0.0,0.0,0.0,0.0,0.0,0.0,0.0,0.0,0.0,730.563812632631,0.0,0.0,1000.0,0.0,0.0,0.0,-0.07840994561412072,0.0,0.0,0.07840994561412072,0.0,0.07840994561412072,0.0,0.0,0.0,47.04596736847244,95.66013364922729,95.66013364922729,0.0,0.0,0.0,0.0,0.0,0.0,0.0,223.07045087719024,0.0,283.8899569999557,0.0,0.0,0.0,0.0,0.0,0.0,0.0,0.0,0.0,0.0,0.0,0.0,0.0,0.0,0.0,0.0,0.0,77.0805954929738,0.0,0.0,0.0,0.11761491842118107,0.0,0.0,0.0,-23.52298368423622,0.0,0.0,0.0,0.0,0.0,-398.6632809207132,3.920497280706036,0.0,0.0,0.0,0.0,0.0,861.864036616792,0.0,0.0,0.0,0.0,0.0,0.0,0.0,0.0,0.0,0.0,106.80305904002387,0.0,80.31801087717585,0.0,272.3884617543661,-8.205442840718547,0.0,0.0,8.562366061062145,-8.562366061062145,0.0,-103.6579481018676,0.0,3.920497280706036,646.6377390954034,0.0,0.0,0.0,-13.810605087500758,-906.2500000140972,906.2500000140972,54.45305082612401,-54.45305082612401,0.0,0.0,0.0,0.0,0.0,1000.0,-379.28231685894616,95.66013364922729,0.0,0.0,0.0,0.0,0.0,0.0,0.0,0.0,0.0,855.8264708045047,0.0,0.0,37.02320182494437,-624.4377964252292,459.4631432673541,0.0,23.52298368423622,0.0,0.0,0.0,0.0,294.5912351239884,0.0,0.0,0.08625094017561034,0.0,0.0,0.0,47.83006682461364,0.0,0.0,0.0,0.0,211.43442912283854,0.0,0.0,0.0,0.0,0.0,0.0,0.0,0.0,-1000.0,0.0,522.3610892749233,0.007840994561412296,0.0,0.0,0.0,0.0,0.0,0.0,0.0,0.0,0.0,0.0,0.0,0.0,0.0,0.0,0.0,398.6632809207132,0.0,0.0,0.0,0.0,0.0,0.0,0.0,266.1248769886495,0.0,0.0,0.0,0.0,1000.0,782.3348641884027,-803.3196521316581,0.0,0.0,0.0,47.04596736847244,0.0,0.0,0.0,0.0,0.0,0.0,-47.04596736847244,0.0,0.0,0.0,0.0,0.0,0.0,0.0,0.0,0.0,0.0,0.0,0.0,-1000.0,-1000.0,53.71081274567271,0.0,-23.52298368423622,0.0,772.8869916175291,0.0,0.0,0.0,0.0,0.0,0.0,0.0,0.0,0.0,0.0,0.0,0.0,0.0,0.0,0.0,0.0,0.0,-9.801243201765091,0.0,-5.880745921059055,373.40157093788696,0.0,0.0,0.0,0.0,0.0,0.0,-0.9801243201765092,13.810605087500758,0.0,0.0,0.0,0.0,0.0,0.0,0.0,1000.0,23.522983684236216,23.522983684236216,0.0,0.0,0.0,0.0,0.0,0.08625094017561034,398.6632809207132,0.0,0.0,-772.8869916175291,522.3532482803619,0.0,0.0,0.0,0.0,0.0,0.0,0.0,0.0,0.0,0.0,0.0,0.0,0.0,0.0,0.0,0.0,24.30708314037742,0.0,82.33044289482676,6.0375658122872915,0.0,0.0,0.0,0.0,0.0,398.6632809207132,0.0,-12.48286334176818,0.0,0.0,0.0,-9.801243201765091,0.0,0.0,0.0,0.0,0.0,0.0,0.0,0.0,0.0,0.0,0.0,0.0,0.0,0.0,0.0,0.0,0.0,0.0,-0.07840994561412072,0.0,0.0,3.920497280706036,-624.041111833346,0.0,0.0,0.0,0.0,0.0,0.0,0.0,0.0,6.75109631737587,1.960248640353018,0.0,0.0,0.0,0.07840994561412072,0.0,78.40994561412072,0.0,15.681989122824143,0.5600710401008623,267.3779145441516,-0.05880745921059054,3.920497280706036,1.5681989122824145,-0.39204972807090144,-267.3779145441516,23.522983684236216,-0.07840994561412072,2.735147613572849,64.31801087717585,0.01960248640353018,0.5600710401008623,-8.205442840718547,-12.48286334176818,-1.5681989122824145,-196.68034786834187,-0.07840994561412072,0.01960248640353018,-267.3779145441516,7.840994561412072,0.07840994561412072,0.07840994561412072,-398.4986200349235,0.08625094017555467,-39.809817118360115,-0.05880745921059054,23.522983684236216,0.07840994561412072,23.52298368423622,-39.20497280706036,-0.03920497280706036,-461.889940916933,-85.0,-0.05880745921059054,-0.07840994561412072,0.0,0.07840994561412072,7.840994561412072,-1.5681989122824145,77.0805954929738,77.0805954929738,-7.840994561412072,196.68034786834187,-77.0805954929738,15.681989122824143,0.11761491842118107,813.938631203054,7.840994561412072,-177.3320013693394,64.31801087717585,-15.681989122824143,0.03920497280706036,0.7840994561412072,249.19879136771888,96.0,-0.07840994561412072,-416.3055186838905,398.4986200349235,24.30708314037742,0.07840994561412078,12.48286334176818,-29.773923859769027,64.31801087717585,-0.07840994561412072,-0.01960248640353018,-64.31801087717585,-0.07840994561412072,-35.159005438587926,0.0784099456143481,-0.01960248640353018,-0.01960248640353018,-0.01960248640353018,31.363978245648287,39.20497280706036,0.7840994561412072,58.09196845686347,-0.01960248640353018,495.6624351218649,3.920497280706036,21.5,0.07840994561412072,0.03920497280706036,0.03920497280706036,40.0,0.0,0.07840994561412072,0.0,0.7840994561412072,0.07840994561412072,-58.09196845686347,0.07840994561412072,0.3136397824567807,0.39204972807090144,0.03920497280706036,0.01960248640353018,23.522983684236216,-0.07840994561412072,39.809817118360115,0.7840994561412072,-116.18393691372694,1.960248640353018,-7.840994561412072,15.681989122824143,3.920497280706036,-0.07840994561412072,8.205442840718547,0.11761491842118107,-0.07840994561412072,-80.0,0.0,-122.44535830773074,0.03920497280706036,-43.0,-0.07840994561412072,-0.0784099456143481,-0.07840994561412072,0.03920497280706036,267.3779145441516,-15.681989122824143,0.07840994561412072,498.39758273543777,-0.01960248640353018,-0.08625094017555467,-498.39758273543777,11.761491842118106,85.0,-666.9531926236428,267.3779145441516,-0.05880745921059054,416.3055186838905,-96.0,0.07840994561412072,-0.019602486403530177,863.3202691198337,78.40994561412072,-0.03920497280706036,-0.07840994561412078,0.01960248640353018,0.0,0.0,-814.0954510942822,0.0,-46.0,0.0,-108.0,-31.0,0.0,-32.0,-93.0,-65.0,-0.11761491842116811,16.0,23.0,46.5,0.0,15.5,-398.6632809207132,-172.14587681625764,0.11761491842116811,65.0,-172.14587681625764,108.0,-43.03353535082152,0.0,1496.5981,hclb
184,0.0,0.0,0.0,0.0,0.0,0.0,0.0,0.0,-0.04248708127433787,0.0,0.0,0.0,0.0,0.0,0.0,0.0,-95.4216643574162,322.57519568151304,0.0,0.0,0.0,0.0,0.0,838.439551252884,0.0,0.0,0.0,0.0,0.0,0.0,0.0,0.0,226.57876386909362,0.0,0.0,0.0,0.0,543.7718772287668,0.0,-1000.0,9.044917912049504,0.0,-63.61444290480608,904.5783356425839,0.0,0.0,0.0,0.0,0.0,0.0,0.0,872.7711141899737,0.0,0.046735789402008045,0.0,0.0,0.0,8.497416254867574,0.0,0.0,-3.74169562422736,0.0,-656.4326414843317,-660.174337108559,0.0,0.0,0.0,0.0,466.83790734153735,-65.48492847497323,0.0,0.4248708127433787,0.0,0.0,0.0,0.0,0.0,0.0,0.0,717.1691080856644,0.0,0.0,0.0,0.0,25.492248764602724,0.0,0.0,2.25149057832715,193.09481929315956,0.0,-0.010621770318584467,0.0,0.0,961.362356646173,12.746124382301362,0.0,12.746124382301362,-1.3680840170351658,0.0,0.0,0.0,2.1243540637168934,0.0,0.0,0.0,0.0,0.0,1000.0,0.0,0.0,0.0,0.0,0.0,0.0,0.0,0.0,0.0,0.0,0.0,0.0,0.0,0.0,0.0,0.0,-309.20370716373026,0.0,0.0,12.746124382301362,0.0,13.170995195044743,0.0,0.0,-212.28886949157433,212.28886949157433,0.0,0.0,0.0,-218.75000000007307,218.75000000007307,0.0,0.0,0.0,0.0,0.0,0.0,3.271505258124014,0.04248708127433787,0.0,0.0,0.0,-1000.0,234.327424763924,0.0,0.0,0.0,0.0,222.7017758799383,0.0,0.0,0.0,0.0,0.0,-410.23813089113463,-410.23813089113463,0.0,0.0,0.0,0.0,684.1358234896244,0.0,0.0,-410.1956438098603,0.0,0.0,0.0,-2.4201490331221542,-764.4646673034687,0.0,0.0,0.0,0.0,0.0,0.0,0.0,0.0,0.0,-549.8446973789121,0.0,0.0,0.0,0.0,-1000.0,0.0,0.0,0.0,0.0,0.0,0.0,-809.1566712851676,-193.09481929315956,193.09481929315956,0.0,0.0,0.0,0.0,0.0,0.0,0.0,0.0,1000.0,0.0,0.0,0.0,0.0,0.0,0.0,0.0,0.0,0.0,0.0,0.0,0.0,0.0,27.387609131506395,771.9031328110386,904.5783356425839,0.0,0.0,0.0,0.0,80.70880479129187,0.0,0.0,0.0,0.0,-3.74169562422736,0.0,0.0,0.0,0.0,0.0,0.0,0.0,0.0,0.0,0.0,0.0,0.0,0.0,-485.59801841210145,-163.02282273058847,-1000.0,0.0,-904.5783356425839,0.0,0.0,0.0,428.4333984456488,0.0,0.0,0.0,-4.281989674432225,0.0,0.0,70.78526402713726,449.0778657178854,449.0778657178854,-378.29260169074814,0.0,0.0,0.0,0.0,1000.0,0.0,0.0,37.8301519641108,0.0,0.0,0.0,943.7169535427208,0.0,-943.7169535427208,0.0,-410.280617972409,0.0,0.0,1000.0,0.0,0.0,0.0,-3.74169562422736,-0.0637306219115068,0.0,0.0,0.0,0.0,0.04248708127433787,0.0,0.0,0.0,906.5450708264067,-95.4216643574162,0.0,-416.8160519697792,733.6201110249422,764.4646673034687,0.0,0.0,715.6760900675388,0.0,0.0,0.0,0.0,0.0,-3.6581376977207265,-1000.0,287.9820476301819,1000.0,-380.93931365290376,0.0,0.0,0.0,0.0,0.0,0.0,0.0,0.0,0.0,0.0,0.0,0.0,0.0,0.0,0.0,0.0,0.0,-456.05817444613535,0.0,-1000.0,0.0,0.0,0.0,0.0,0.0,99.86831615909853,-3.271505258124014,0.0,0.0,0.0,0.0,0.0,1000.0,429.0450683719303,-2.1243540637168934,-1.0621770318584467,-466.83790734153735,-1000.0,0.0,0.0,-345.19090256607785,-429.0450683719303,0.0,0.0,0.0,-2.1243540637168934,0.0,0.0,1000.0,0.0,-626.2636239617555,12.746124382301362,0.0,0.0,0.0,0.0,0.0,0.0,0.0,-27.387609131506395,27.387609131506395,27.387609131506395,-112.01514462012432,0.0,0.0,0.0,0.0,0.0,0.0,0.0,0.0,-7.48339124845472,0.0,-718.7500000000041,21.791042294350866,0.0,0.0,0.0,0.0,-6.5155668073387005,0.08497416254897416,0.0,0.0,0.0,0.0,0.0,0.0,0.0,677.2645988177284,0.0,401.3529788665641,0.0,0.0,0.0,0.0,0.0,0.0,0.0,0.0,0.0,0.046735789402008045,0.046735789402008045,0.0,114.89019287663882,0.0,25.492248764602724,0.0,0.0,0.0,0.0,0.0,157.34489902269263,0.0,0.0,0.0,100.86785538066624,0.0,0.0,0.0,0.0,0.0,0.0,21.791042294350866,0.0,0.0,0.0,0.0,0.0,0.0,0.0,103.06790238791008,-906.5450708264067,765.672575236076,0.0,3.271505258124014,0.0,880.6535518548811,80.70880479129187,0.0,0.0,100.86785538066624,0.0,0.0,94.35228857332754,0.0,0.0,27.387609131506395,0.0,0.0,0.0,0.0,0.0,0.0,0.0,0.0,0.0,0.0,0.0,0.0,0.0,25.492248764602724,0.0,0.0,0.0,0.0,0.0,0.0,0.0,0.0,0.0,0.0,0.0,0.0,0.4248708127433787,0.0,0.0,0.0,0.0,0.0,-809.1566712851676,0.0,0.0,12.746124382301362,0.0,0.0,0.0,0.0,0.0,0.0,0.0,0.0,0.0,0.0,271.20663198851526,0.0,0.0,12.74612438230136,12.746124382301362,-183.13572617808381,0.0,0.0,21.791042294350866,0.0,0.0,0.0,0.0,0.0,-61.23472468386717,0.0,-56.421646493505705,0.04248708127433787,0.0,0.0,0.0,56.11026040580235,196.51772836525674,677.2645988177284,-961.362356646173,0.0,0.0,0.0,0.0,0.0,0.0,0.0,0.0,0.0,0.0,0.0,0.0,0.0,0.0,0.04248708127433787,0.0,0.0,0.0,0.0,0.0,0.0,0.0,0.0,0.0,0.0,0.0,0.0,0.0,-547.2133308119886,-3.1865310955753405,0.0,-2.124354063716895,0.0,0.0,0.0,0.0,0.0,0.0,0.0,0.0,0.0,0.0,0.0,0.0,764.4646673034687,0.0,0.0,375.8607301019614,0.0,0.0,0.0,-0.04248708127433787,0.0,0.0,0.04248708127433787,0.0,0.04248708127433787,0.0,0.0,0.0,25.492248764602724,51.834239154692206,51.834239154692206,0.0,0.0,0.0,0.0,0.0,0.0,0.0,765.672575236076,0.0,0.0,0.0,0.0,0.0,0.0,0.0,0.0,0.0,0.0,0.0,0.0,0.0,0.0,0.0,0.0,0.0,0.0,0.0,80.70880479129187,0.0,0.0,0.0,0.0637306219115068,0.0,0.0,0.0,-12.746124382301362,0.0,0.0,0.0,0.0,0.0,-114.89019287663882,2.1243540637168934,0.0,0.0,0.0,0.0,-684.1358234896244,0.0,-2.124354063716895,0.0,-718.7500000000041,0.0,0.0,0.0,0.0,0.0,0.0,0.0,0.0,0.0,87.50258374513243,0.0,822.1751589812084,196.51772836525674,3.271505258124014,-3.271505258124014,0.0,0.0,0.0,376.59915929095655,0.0,2.124354063716895,834.869709919159,0.0,0.0,0.0,-7.48339124845472,0.0,0.0,0.0,0.0,0.0,0.0,0.0,0.0,0.0,543.4716351877613,0.0,51.834239154692206,0.0,0.0,0.0,0.0,0.0,0.0,0.0,0.0,0.0,0.0,0.0,0.0,124.4497861633649,-457.4632392723665,0.0,-63.61444290480608,12.746124382301362,0.0,0.0,0.0,0.0,48.87294231574492,0.0,0.0,0.046735789402008045,0.0,0.0,0.0,25.917119577346103,0.0,0.0,0.0,0.0,771.9031328110386,0.0,0.0,0.0,0.0,0.0,0.0,0.0,0.0,0.0,0.0,0.004248708127433787,0.004248708127433787,0.0,0.0,0.0,0.0,0.0,0.0,0.0,0.0,0.0,0.0,0.0,0.0,0.0,0.0,0.0,114.89019287663882,0.0,0.0,0.0,0.0,0.0,0.0,0.0,0.0,0.0,0.0,0.0,0.0,0.0,0.0,322.57519568151304,0.0,0.0,0.0,25.492248764602724,0.0,0.0,0.0,0.0,0.0,0.0,-25.492248764602724,0.0,0.0,0.0,0.0,0.0,0.0,0.0,0.0,0.0,0.0,0.0,0.0,675.4823328406019,938.7652753161328,29.103650672921443,0.0,-12.746124382301362,0.0,543.7718772287668,0.0,0.0,0.0,0.0,0.0,0.0,0.0,0.0,0.0,0.0,0.0,0.0,0.0,0.0,0.0,0.0,0.0,-5.310885159292235,0.0,-3.1865310955753405,-3.186531095575339,0.0,0.0,0.0,0.0,0.0,562.0049145308166,-562.5360030467458,7.48339124845472,0.0,0.0,0.0,0.0,0.0,0.0,0.0,1000.0,12.746124382301362,12.74612438230136,0.0,0.0,0.0,0.0,717.1691080856644,0.046735789402008045,114.89019287663882,0.0,0.0,-543.7718772287668,0.0,0.0,0.0,0.0,0.0,0.0,0.0,0.0,0.0,0.0,0.0,0.0,0.0,0.0,0.0,0.0,0.0,0.0,0.0,44.61143533805477,3.271505258124014,0.0,0.0,0.0,0.0,0.0,114.89019287663882,0.0,-1.3680840170351658,0.0,0.0,0.0,-5.310885159292235,0.0,0.0,0.0,0.0,0.0,0.0,0.0,0.0,0.0,0.0,0.0,0.0,0.0,0.0,0.0,0.0,0.0,0.0,-0.04248708127433787,0.0,0.0,2.1243540637168934,-100.86785538066624,0.0,0.0,0.0,0.0,0.0,0.0,0.0,0.0,3.6581376977207265,1.0621770318584467,0.0,0.0,0.0,0.04248708127433787,0.0,42.48708127433787,-13.17099519504474,8.497416254867574,0.3034791519595562,118.53895675540268,-0.0318653109557534,2.1243540637168934,0.8497416254867574,-0.2124354063721512,-118.53895675540268,12.74612438230136,-0.04248708127433787,0.0,21.791042294350866,0.010621770318584467,0.3034791519595562,0.0,-6.763943338876075,-0.8497416254867574,-227.15353132409683,-0.04248708127433787,0.010621770318584467,-118.53895675540268,4.248708127433787,0.04248708127433787,0.04248708127433787,-114.80097000596247,0.04673578940177166,-36.576602311175606,-0.0318653109557534,12.746124382301362,0.04248708127433787,12.746124382301362,-21.243540637168934,-0.021243540637168934,-186.1251735687627,-85.0,-0.0318653109557534,-0.04248708127433787,-13.17099519504474,0.04248708127433787,4.248708127433787,-0.8497416254867574,80.70880479129187,80.70880479129187,-4.248708127433787,227.15353132409683,-80.70880479129187,8.497416254867574,0.0637306219115068,300.42375206583097,4.248708127433787,-103.06790238791008,21.791042294350866,-8.497416254867574,0.021243540637168934,0.4248708127433787,104.2040129924448,96.0,-0.04248708127433787,-124.4497861633649,114.80097000596247,13.170995195044743,0.04248708127433787,6.763943338876075,-29.193455234854497,21.791042294350866,-0.04248708127433787,-0.010621770318584467,-21.791042294350866,-0.04248708127433787,-6.5155668073387005,0.04248708127433787,-0.010621770318584467,-0.010621770318584467,-0.010621770318584467,16.994832509735147,21.243540637168934,0.4248708127433787,226.53392805551326,-0.010621770318584467,208.4080259848896,2.1243540637168934,5.382137467386244,0.04248708127433787,0.021243540637168934,0.021243540637168934,15.14422927460922,13.17099519504474,0.04248708127433787,-13.17099519504474,0.4248708127433787,0.04248708127433787,-616.646551488287,0.04248708127433787,0.16994832509781332,0.2124354063721512,0.021243540637168934,0.010621770318584467,12.746124382301362,-0.04248708127433787,36.576602311175606,0.4248708127433787,-453.0678561110265,1.0621770318584471,-4.248708127433787,8.497416254867574,2.1243540637168934,-0.04248708127433787,0.0,0.0637306219115068,-0.04248708127433787,-30.28845854921844,13.17099519504474,307.49524232022486,0.021243540637168934,-10.764274934772487,-0.04248708127433787,-0.04248708127433787,-0.04248708127433787,0.021243540637168934,118.53895675540268,-8.497416254867574,0.04248708127433787,208.4080259848896,-0.010621770318584467,-0.04673578940177166,-208.4080259848896,6.37306219115068,85.0,-304.7927246983612,118.53895675540268,-0.0318653109557534,124.4497861633649,-96.0,0.04248708127433787,-0.010621770318584465,2.124354063716895,42.48708127433787,-0.021243540637168934,-0.04248708127433787,0.010621770318584467,575.0316440374334,0.0,-300.4449956064681,390.1126234327737,-46.0,0.0,53.75713565653365,-31.0,0.0,-32.0,-93.0,-65.0,0.0,16.0,23.0,46.5,0.0,15.5,-114.89019287663882,-356.3681846359698,0.0,65.0,-356.3681846359698,-53.75713565653365,39.35094138197718,0.0,1496.5981,hclb
185,0.0,0.0,0.0,0.0,0.0,0.0,0.0,0.0,-0.05541749035267985,0.0,0.0,0.0,0.0,0.0,0.0,0.0,0.0,3.1482066561568445,0.0,0.0,0.0,0.0,0.0,0.0,0.0,0.0,0.0,0.0,0.0,-681.4709309528166,54.718244262930895,-54.718244262930895,121.13887415508299,0.0,0.0,0.0,0.0,999.7783300385898,0.0,-1000.0,1000.0,0.0,0.0,-318.5290690471834,0.0,0.0,230.30951479532513,0.0,0.0,0.0,0.0,0.0,0.0,0.0609592393879239,0.0,0.0,0.0,0.0,0.0,0.0,21.724922601774338,0.0,70.22633924983282,-42.583051167823676,0.0,0.0,0.0,0.0,349.99240489637225,401.5618112540229,0.0,0.5541749035267985,0.0,0.0,0.0,0.0,0.0,0.0,0.0,0.0,0.0,0.0,-216.73496822853767,0.0,33.250494211607915,0.0,0.0,234.58427353841682,-231.43606688225998,212.72287538511824,882.3778795191384,0.0,0.0,286.95877985341485,16.625247105803957,0.0,16.625247105803957,-733.4382727383297,0.0,0.0,0.0,67.41843247682414,-681.4709309528166,0.0,0.0,-14.710812548575902,0.0,0.0,0.0,0.0,0.0,0.0,0.0,0.0,0.0,0.0,0.0,0.0,0.0,0.0,0.0,0.0,0.0,0.0,-696.2162557716266,0.0,0.0,16.625247105803957,0.0,17.179422009330754,0.0,0.0,0.0,0.0,0.0,0.0,0.0,0.0,0.0,-134.53431301943084,0.0,0.0,0.0,0.0,0.0,221.00211498569402,0.05541749035267985,882.3917338917266,0.0,0.0,0.0,-934.6687170323485,0.0,0.0,98.27514101686923,0.0,200.09556969436375,0.0,0.0,0.0,0.0,0.0,-284.97234156790336,-284.97234156790336,0.0,0.0,0.0,0.0,0.0,0.0,0.0,-230.19867981461977,0.0,0.0,0.0,-981.3872138841443,-883.2502740313424,0.0,0.0,0.0,0.0,0.0,0.0,0.0,0.0,0.0,-400.92600437972794,0.0,0.0,0.0,0.0,-1000.0,0.0,0.0,0.0,0.0,0.0,0.0,0.0,231.43606688225998,-231.43606688225998,134.53431301943084,0.0,0.0,0.0,0.0,0.0,0.0,0.0,-18.341967332272397,0.0,0.0,0.0,0.0,0.0,0.0,0.0,0.0,0.0,0.0,0.0,0.0,0.0,152.43762957827363,913.8357131734205,681.4709309528166,0.0,0.0,0.0,0.0,79.40283347437934,0.0,0.0,0.0,0.0,21.724922601774338,1000.0,54.718244262930895,0.0,0.0,0.0,0.0,0.0,0.0,0.0,63.88434273262965,11.08349807053597,0.0,0.0,212.63974914958922,-250.23238461493074,466.0203404206768,0.0,-681.4709309528166,0.0,0.0,134.53431301943084,107.34956431050487,0.0,0.0,0.0,-59.549637786342714,0.0,0.0,-25.16945590503937,0.0,1000.0,-493.91945590503906,468.74999999999955,531.2500000000005,0.0,0.0,0.0,0.0,0.0,-59.32234840983341,0.0,0.0,0.0,-1000.0,0.0,1000.0,0.0,0.0,0.0,0.0,0.0,0.0,0.0,0.0,21.724922601774338,-0.08312623552901978,0.0,0.0,0.0,0.0,0.05541749035267985,0.0,0.0,0.0,705.5532636677563,0.0,0.0,-522.0358357003126,833.3797713133608,883.2502740313424,947.7087451763399,0.0,4.771445919365711,0.0,-14.710812548575902,0.0,0.0,0.0,-4.771445919365711,0.0,0.0,593.9166344265058,-1000.0,0.0,0.0,0.0,0.0,0.0,0.0,0.0,0.0,0.0,0.0,0.0,0.0,0.0,0.0,0.0,0.0,0.0,0.0,0.0,-1000.0,0.0,0.0,740.8199280186727,1000.0,0.0,726.7071680081228,-230.1682134553928,0.0,216.73496822853767,0.0,0.0,64.64755795919012,0.0,0.0,-1000.0,0.0,-349.99240489637225,-530.5226813374347,0.0,0.0,-74.61965075988343,0.0,464.90534650277095,0.0,-1.3854372588169963,-2.7708745176339926,906.2500000000017,0.0,-290.2994618218267,475.76526806637384,736.7636832041183,16.625247105803957,0.0,0.0,0.0,166.61943332514994,0.0,0.0,0.0,-152.43762957827363,152.43762957827363,152.43762957827363,-176.0665320875631,0.0,0.0,0.0,0.0,0.0,0.0,0.0,0.0,-91.08446781588218,0.0,0.0,68.91650192946403,0.0,0.0,0.0,0.0,-37.45825096473202,0.1108349807054164,0.0,0.0,0.0,0.0,0.0,0.0,0.0,0.0,0.0,751.5542161503952,0.0,0.0,0.0,0.0,0.0,0.0,0.0,0.0,0.0,0.0609592393879239,0.0609592393879239,54.718244262930895,237.35413150773766,0.0,33.250494211607915,0.0,0.0,0.0,-691.6437076755489,0.0,0.0,0.0,0.0,0.0,169.67414259725464,691.6437076755489,0.0,0.0,0.0,0.0,0.0,68.91650192946403,0.0,0.0,0.0,0.0,0.0,0.0,0.0,232.07208525720887,-705.5532636677563,934.6687170323485,0.0,4.267146757156354,0.0,-360.09470928754365,647.0534891409585,433.1163426471483,0.0,169.67414259725464,0.0,-166.97525153947652,299.19114317199916,0.0,0.0,152.43762957827363,0.0,0.0,0.0,0.0,0.0,0.0,0.0,0.0,0.0,0.0,0.0,0.0,0.0,33.250494211607915,134.53431301943084,134.53431301943084,0.0,0.0,0.0,0.0,0.0,0.0,0.0,0.0,0.0,0.0,0.5541749035267985,0.0,54.718244262930895,0.0,0.0,54.718244262930895,0.0,0.0,0.0,16.625247105803957,0.0,0.0,0.0,0.0,0.0,0.0,0.0,0.0,0.0,0.0,178.80389065994507,0.0,0.0,16.625247105803957,16.625247105803957,1000.0,691.6437076755489,0.0,68.91650192946403,0.0,0.0,0.0,0.0,0.0,-912.4457034736892,0.0,-852.2033470579379,0.05541749035267985,0.0,0.0,0.0,73.18671279504983,106.0744132404531,0.0,-286.95877985341485,0.0,0.0,0.0,0.0,0.0,0.0,0.0,0.0,0.0,0.0,0.0,0.0,0.0,0.0,0.05541749035267985,0.0,0.0,0.0,1000.0,-1000.0,0.0,0.0,0.0,0.0,0.0,727.3866827918176,-98.27514101686923,0.0,-1000.0,-4.156311776450989,0.0,-2.7708745176339926,0.0,0.0,0.0,0.0,0.0,0.0,0.0,0.0,0.0,0.0,0.0,134.53431301943084,883.2502740313424,0.0,0.0,449.23509589992557,0.0,0.0,0.0,-0.05541749035267985,0.0,0.0,0.05541749035267985,0.0,0.05541749035267985,0.0,0.0,0.0,33.250494211607915,67.60933823026942,67.60933823026942,0.0,0.0,0.0,0.0,0.0,0.0,216.73496822853767,934.6687170323485,0.0,0.0,0.0,0.0,0.0,0.0,0.0,0.0,0.0,0.0,0.0,0.0,0.0,0.0,0.0,0.0,0.0,0.0,0.0,213.9371464938102,0.0,0.0,0.0,0.08312623552901978,0.0,0.0,0.0,-16.625247105803957,0.0,0.0,0.0,0.0,0.0,-237.35413150773766,2.7708745176339926,0.0,0.0,0.0,0.0,0.0,973.5823360177681,-2.7708745176339926,0.0,0.0,0.0,0.0,0.0,0.0,0.0,134.53431301943084,0.0,0.0,28.449562267358985,84.91650192946403,0.0,988.5852189618125,91.3636006918772,0.0,743.4141225623753,216.73496822853767,-960.149090790913,98.27514101686923,39.74022608023546,0.0,2.7708745176339926,784.6143819952745,0.0,0.0,-54.718244262930895,-91.08446781588218,0.0,0.0,0.0,0.0,0.0,0.0,0.0,0.0,0.0,642.4364476639165,-249.8230668370906,67.60933823026942,0.0,403.94256693587624,403.94256693587624,-349.2243226729454,0.0,0.0,0.0,0.0,0.0,63.88434273262965,0.0,0.0,0.0,-824.740928945445,0.0,0.0,16.625247105803957,0.0,0.0,0.0,0.0,-4.682391049422351,0.0,0.0,0.0609592393879239,0.0,0.0,0.0,33.80466911513471,0.0,0.0,0.0,0.0,913.8357131734205,0.0,0.0,0.0,0.0,0.0,0.0,0.0,0.0,-194.5862411106017,0.0,607.4143051712048,0.00554174903526799,0.0,0.0,0.0,0.0,0.0,0.0,0.0,0.0,0.0,0.0,54.718244262930895,0.0,0.0,0.0,0.0,237.35413150773766,0.0,0.0,0.0,0.0,0.0,0.0,0.0,0.0,0.0,0.0,0.0,0.0,0.0,0.0,3.1482066561568445,0.0,0.0,0.0,33.25049421160793,0.0,0.0,0.0,0.0,0.0,255.0930180773741,-288.343512288982,0.0,0.0,0.0,0.0,0.0,0.0,0.0,0.0,0.0,54.718244262930895,54.718244262930895,0.0,852.2033470579379,-1000.0,37.9609808915857,-16.625247105803957,0.0,0.0,999.7783300385898,0.0,0.0,0.0,0.0,0.0,0.0,0.0,0.0,0.0,0.0,0.0,0.0,0.0,0.0,0.0,0.0,0.0,-6.927186294084982,134.53431301943084,-68.80386973564111,245.66675506063964,0.0,0.0,0.0,0.0,0.0,-0.6927186294084982,0.0,189.3596088327514,0.0,0.0,0.0,0.0,0.0,0.0,0.0,1000.0,16.625247105803957,16.625247105803957,0.0,0.0,0.0,0.0,0.0,0.0609592393879239,237.35413150773766,0.0,0.0,-999.7783300385898,607.4087634221695,0.0,0.0,0.0,0.0,0.0,0.0,0.0,0.0,0.0,0.0,0.0,0.0,0.0,0.0,0.0,0.0,0.0,0.0,58.18836487031385,221.00211498569402,0.0,0.0,0.0,0.0,0.0,237.35413150773766,0.0,-966.200680737425,0.0,0.0,0.0,-6.927186294084982,0.0,0.0,0.0,0.0,0.0,0.0,0.0,0.0,0.0,0.0,0.0,0.0,0.0,0.0,0.0,0.0,0.0,0.0,-0.05541749035267985,0.0,0.0,2.7708745176339926,-169.67414259725464,0.0,0.0,0.0,0.0,134.53431301943084,0.0,0.0,0.0,4.771445919365711,1.3854372588169963,0.0,0.0,0.0,0.05541749035267985,0.0,55.41749035267985,-17.179422009330754,11.083498070535972,0.39583921680485606,154.61479808397678,-0.04156311776450989,535.094653497229,1.108349807053597,-0.277087451762837,-154.61479808397678,16.625247105803957,-0.05541749035267985,4.903604182858634,68.91650192946403,0.013854372588169963,0.39583921680485606,-14.710812548575902,-8.822464464146101,53.60989445587728,-3.1482066561568445,-0.05541749035267985,0.013854372588169963,-154.61479808397678,5.541749035267985,0.05541749035267985,0.05541749035267985,-237.23775477799705,0.060959239387953675,-23.101086782210118,-0.04156311776450989,16.625247105803957,0.05541749035267985,16.625247105803957,-27.708745176339928,-0.027708745176339925,-147.5728578150018,-85.0,-0.04156311776450989,-0.05541749035267985,-17.179422009330754,0.05541749035267985,5.541749035267985,-1.108349807053597,213.9371464938102,213.9371464938102,-5.541749035267985,3.1482066561568445,-213.9371464938102,11.08349807053597,0.08312623552901978,82.7791232438019,5.541749035267985,-232.07208525720887,68.91650192946403,-11.08349807053597,0.027708745176339925,0.5541749035267985,130.50895892507816,96.0,-0.05541749035267985,-249.8230668370906,237.23775477799705,17.179422009330754,0.05541749035267985,8.822464464146101,2.4155135062482653,68.91650192946403,-0.05541749035267985,-0.013854372588169963,-68.91650192946403,-0.05541749035267985,-37.45825096473202,0.05541749035279354,-0.013854372588169963,-0.013854372588169963,-0.013854372588169963,22.16699614107194,27.708745176339928,0.5541749035267985,41.05743316504212,-0.013854372588169963,256.11431366729767,2.7708745176339926,21.5,0.05541749035267985,0.027708745176339925,0.027708745176339925,40.0,17.179422009330754,0.05541749035267985,-17.179422009330754,0.5541749035267985,0.05541749035267985,-41.05743316504212,0.05541749035267985,0.22166996141015716,0.277087451762837,0.027708745176339925,0.013854372588169963,16.625247105803957,-0.05541749035267985,23.101086782210118,-26.80494722793864,-82.11486633008424,533.7092162384121,-5.541749035267985,11.08349807053597,2.7708745176339926,-0.05541749035267985,14.710812548575902,0.08312623552901978,-0.05541749035267985,-80.0,17.179422009330754,428.67227772738516,0.027708745176339925,-43.0,-0.05541749035267985,-0.05541749035279354,-0.05541749035267985,0.027708745176339925,154.61479808397678,-11.08349807053597,0.05541749035267985,261.0179178501563,-0.013854372588169963,-0.060959239387953675,-261.0179178501563,8.312623552901977,85.0,-132.1744721551111,154.61479808397678,-0.04156311776450989,249.8230668370906,-96.0,0.05541749035267985,-0.013854372588169964,2.7708745176339926,55.41749035267985,-0.027708745176339925,-0.05541749035267985,0.013854372588169963,0.0,0.0,-295.52970737409646,0.0,-46.0,0.0,0.11294795287801662,-31.0,0.0,-32.0,-93.0,-65.0,-212.72287538511824,16.0,23.0,46.5,0.0,15.5,-237.35413150773766,-423.98988667796283,212.72287538511824,65.0,-423.98988667796283,-0.11294795287801662,-3.922157294319117,0.0,1496.5981,hclb
186,0.0,0.0,0.0,0.0,0.0,0.0,0.0,0.0,304.31752804798384,0.0,0.0,0.0,0.0,0.0,0.0,0.0,0.0,0.0,0.0,132.26187528254428,0.0,0.0,0.0,0.0,0.0,0.0,0.0,0.0,0.0,-700.4923827835,0.0,0.0,7.751488927401084,0.0,0.0,0.0,0.0,-0.30497969764928357,0.0,-1000.0,1000.0,0.0,0.0,0.0,0.0,0.0,0.0,0.0,366.5778147087239,-581.7406760586666,0.0,0.0,0.0,0.08386941685336725,0.0,0.0,0.0,0.0,0.0,0.0,-6.714636343238059,0.0,0.0,-6.714636343238059,0.0,0.0,0.0,0.0,0.0,0.0,0.0,0.7624492441224057,0.0,0.0,0.0,0.0,0.0,0.0,0.0,0.0,0.0,0.0,0.0,0.0,45.74695464734434,0.0,0.0,0.0,765.6840605738204,-858.4536854925607,-0.019061231103060138,0.0,0.0,0.0,22.87347732367217,0.0,22.87347732367217,-2.4550865660740393,0.0,0.0,0.0,221.94026600059863,-700.4923827835,0.0,0.0,-21.563498243088514,0.0,0.0,0.0,0.0,0.0,0.0,0.0,0.0,0.0,0.0,0.0,0.0,0.0,0.0,0.0,0.0,0.0,0.0,-519.9952029175678,0.0,0.0,22.87347732367217,0.0,23.635926567794574,4.030124875890692,0.0,0.0,0.0,0.0,0.0,0.0,0.0,0.0,0.0,0.0,0.0,0.0,0.0,0.0,5.870859179742523,0.07624492441224055,0.0,0.0,0.0,-33.511278767870635,-323.8684704531536,0.0,0.0,0.0,0.0,477.32882220972255,0.0,0.0,0.0,0.0,0.0,323.9828284937621,323.9828284937621,0.0,0.0,0.0,-593.75,0.0,0.0,0.0,324.05907341817436,0.0,0.0,0.0,0.0,0.0,0.0,0.0,0.0,0.0,0.0,0.0,0.0,0.0,0.0,-10.592961498340554,0.0,0.0,0.0,0.0,-1000.0,0.0,0.0,0.0,0.0,0.0,581.7406760586666,0.0,234.31593942617963,-234.31593942617963,0.0,0.0,0.0,0.0,0.0,0.0,0.0,0.0,-602.399851212954,0.0,0.0,0.0,0.0,0.0,0.0,0.0,0.0,0.0,0.0,0.0,0.0,0.0,309.8121271980689,344.8777189859204,333.9145680747761,0.0,0.0,0.0,0.0,77.29926263436371,0.0,0.0,0.0,0.0,-6.714636343238059,333.9145680747761,0.0,0.0,0.0,0.0,0.0,0.0,0.0,0.0,0.0,15.248984882448113,0.0,0.0,-858.568052879179,-327.1999317315381,600.8937541349035,0.0,-333.9145680747761,0.0,0.0,0.0,0.0,0.0,0.0,0.0,283.18612039731966,0.0,0.0,-335.6277512101566,0.0,0.0,-335.6277512101565,0.0,0.0,1000.0,0.0,0.0,581.7406760586666,0.0,143.48432622756883,0.0,0.0,0.0,0.0,0.0,0.0,0.0,586.415227651614,0.0,0.0,-546.6640868216788,-593.75,0.0,0.0,-6.714636343238059,-0.11436738661836084,0.0,0.0,0.0,0.0,0.07624492441224055,0.0,0.0,0.0,899.8272600419642,0.0,0.0,-943.5785896549465,523.1200478923561,0.0,958.1224622061203,0.0,0.0,0.0,-21.563498243088514,0.0,0.0,0.0,765.3940289334615,0.0,-765.3940289334615,-1000.0,-1000.0,0.0,0.0,0.0,0.0,0.0,0.0,0.0,0.0,0.0,0.0,0.0,0.0,0.0,0.0,0.0,0.0,0.0,-1000.0,0.0,-1000.0,0.0,0.0,0.0,826.3079779677138,0.0,0.0,-5.870859179742523,0.0,0.0,0.0,0.0,218.1280197799866,0.0,0.0,0.0,-845.5595156440371,0.0,0.0,0.0,-721.6930266808345,612.4645479678587,0.0,-526.0302450944622,917.9582742870708,843.6533925337311,-3.8122462206120282,-226.57820311726283,0.0,635.6623686550886,0.0,-685.221569523045,22.87347732367217,0.0,0.0,0.0,0.0,0.0,304.3937729723961,0.0,-309.8121271980689,309.8121271980689,309.8121271980689,99.3145133606404,0.0,0.0,-262.50864408226414,0.0,0.0,0.0,0.0,0.0,-13.429272686476118,0.0,0.0,64.75101511755189,0.0,0.0,0.0,0.0,-35.37550755877594,0.1524898488250983,0.0,0.0,0.0,0.0,0.0,0.0,0.0,202.74325967674602,0.0,0.0,0.0,0.0,0.0,0.0,0.0,0.0,0.0,0.0,0.0,0.08386941685336725,0.08386941685336725,0.0,390.5631423156208,0.0,45.74695464734434,0.0,0.0,0.0,-587.8023688553881,0.0,680.04811923731,0.0,0.0,0.0,587.4175087693018,587.8023688553881,0.0,0.0,0.0,0.0,0.0,64.75101511755189,0.0,0.0,0.0,0.0,0.0,0.0,0.0,173.33173430585592,-899.8272600419642,357.3797492210242,0.0,5.870859179742523,0.0,-764.7164757215638,764.7164757215638,687.4172130872003,0.0,587.4175087693018,0.0,552.0420012105259,0.0,593.750000000004,-593.750000000004,309.8121271980689,0.0,0.0,0.0,0.0,0.0,0.0,0.0,0.0,0.0,0.0,0.0,0.0,0.0,45.74695464734434,0.0,0.0,0.0,0.0,0.0,0.0,0.0,0.0,0.0,0.0,0.0,0.0,0.7624492441224057,0.0,0.0,0.0,0.0,0.0,0.0,0.0,0.0,22.87347732367217,0.0,0.0,0.0,0.0,0.0,0.0,0.0,0.0,0.0,0.0,794.984684097852,-116.61416746441114,0.0,22.87347732367217,22.87347732367217,1000.0,587.8023688553881,0.0,64.75101511755189,0.0,0.0,0.0,0.0,0.0,700.4923827835,0.0,1000.0,0.07624492441224055,0.0,0.0,0.0,84.5718153148597,0.0,202.74325967674602,0.0,0.0,0.0,0.0,0.0,0.0,0.0,0.0,0.0,0.0,0.0,0.0,0.0,0.0,0.0,0.07624492441224055,0.0,0.0,0.0,0.0,0.0,0.0,0.0,0.0,0.0,0.0,0.0,0.0,-5.870859179742523,0.0,-5.718369330918042,-2.226683706125171,-1.5855625144868533,0.0,343.75,343.75,-343.75,0.0,0.0,0.0,0.0,0.0,0.0,0.0,0.0,0.0,0.0,0.0,-45.746954647344346,0.0,0.0,0.0,304.31752804798384,0.0,0.0,0.07624492441224055,0.0,0.07624492441224055,0.0,0.0,0.0,45.74695464734434,93.01880778293348,93.01880778293348,0.0,0.0,0.0,0.0,0.0,0.0,0.0,357.3797492210242,0.0,0.0,0.0,0.0,771.9587169253554,0.0,0.0,0.0,0.0,0.0,0.0,0.0,0.0,0.0,0.0,0.0,0.0,0.0,0.0,77.29926263436371,0.0,0.0,0.0,0.11436738661836084,0.0,0.0,0.0,-22.87347732367217,0.0,0.0,0.0,0.0,0.0,-390.5631423156208,3.812246220612028,0.0,0.0,0.0,593.75,0.0,0.0,-1.5855625144868533,0.0,0.0,0.0,0.0,0.0,0.0,0.0,0.0,0.0,0.0,665.8222691166291,80.75101511755189,0.0,407.1307643385761,-21.563498243088514,0.0,-5.870859179742523,5.870859179742523,0.0,0.0,-93.01880778293348,0.0,3.8122462206120247,1000.0,0.0,0.0,0.0,-13.429272686476118,968.7499999999985,-968.7499999999985,0.0,0.0,0.0,0.0,0.0,0.0,0.0,-0.8437771634955356,0.0,93.01880778293348,0.0,-906.25,-906.2499999999999,906.2499999999999,0.0,0.0,0.0,0.0,0.0,0.0,0.0,0.0,407.71825030837493,-84.5718153148597,0.0,0.0,22.87347732367217,0.0,0.0,0.0,0.0,259.25675364504724,0.0,0.0,0.08386941685336725,0.0,0.0,0.0,46.50940389146674,0.0,0.0,0.0,0.0,344.8777189859204,0.0,0.0,0.0,0.0,0.0,0.0,0.0,0.0,0.0,0.0,0.0076244924412240565,0.0076244924412240565,0.0,0.0,0.0,0.0,0.0,0.0,0.0,0.0,0.0,0.0,0.0,0.0,0.0,0.0,0.0,390.5631423156208,0.0,0.0,0.0,0.0,0.0,0.0,0.0,581.7406760586666,0.0,0.0,0.0,0.0,498.83968999126813,0.0,0.0,0.0,0.0,0.0,45.74695464734434,0.0,0.0,0.0,0.0,0.0,0.0,-45.74695464734434,0.0,0.0,0.0,0.0,0.0,0.0,0.0,0.0,0.0,0.0,0.0,0.0,-1000.0,-1000.0,824.1864901477402,-22.87347732367217,0.0,0.0,-0.30497969764928357,0.0,0.0,0.0,0.0,0.0,0.0,0.0,0.0,0.0,0.0,0.0,0.0,0.0,0.0,0.0,0.0,0.0,-9.530615551530104,0.0,-223.84638911090465,766.2403475944374,0.0,0.0,0.0,0.0,0.0,0.0,-0.9530615551530071,13.429272686476118,0.0,0.0,0.0,0.0,0.0,0.0,0.0,1000.0,22.87347732367217,22.87347732367217,0.0,0.0,0.0,0.0,0.0,0.08386941685336725,390.5631423156208,0.0,0.0,0.30497969764928357,0.0,0.0,0.0,0.0,0.0,0.0,0.0,0.0,0.0,0.0,0.0,0.0,0.0,0.0,0.0,0.0,0.0,4.030124875890692,0.0,80.05717063285259,5.870859179742523,0.0,0.0,0.0,0.0,0.0,390.5631423156208,0.0,-4.681770272199211,0.0,0.0,0.0,-9.530615551530104,0.0,0.0,0.0,0.0,0.0,0.0,0.0,0.0,0.0,0.0,0.0,0.0,0.0,0.0,0.0,0.0,0.0,0.0,-0.07624492441224055,0.0,0.0,3.8122462206120282,-587.4175087693018,0.0,0.0,0.0,0.0,0.0,0.0,0.0,0.0,-765.3940289334615,1.9061231103060141,0.0,0.0,0.0,0.07624492441224055,0.0,76.24492441224056,-19.605801691903864,15.248984882448113,0.5446066029445754,220.78358886193254,-0.05718369330918042,526.0302450944622,1.5248984882448113,-0.38122462206152413,-220.78358886193254,22.87347732367217,-0.07624492441224057,7.187832747696171,64.75101511755189,0.01906123110306014,0.5446066029445754,-21.563498243088514,-12.138191966428586,-1.5248984882449577,-132.26187528254428,-0.07624492441224057,0.01906123110306014,-220.78358886193254,7.6244924412240564,0.07624492441224057,0.07624492441224055,-390.40302797435515,0.08386941685346462,0.0,-0.05718369330918042,22.87347732367217,0.07624492441224057,22.87347732367217,-38.12246220612028,-0.03812246220612028,-434.20182572354554,-85.0,-0.05718369330918042,-0.07624492441224057,-19.605801691903864,0.07624492441224055,7.6244924412240564,-1.5248984882448113,77.29926263436371,77.29926263436371,-7.6244924412240564,132.26187528254428,-77.29926263436371,15.248984882448113,0.11436738661836084,522.9932144507301,7.6244924412240564,-173.33173430585592,64.75101511755189,-15.248984882448113,0.038122462206120276,0.7624492441224057,235.89464741373664,96.0,-0.07624492441224055,-407.71825030837493,390.40302797435515,23.635926567794574,0.07624492441224057,12.138191966428586,-26.742894177136755,64.75101511755189,-0.07624492441224055,-0.01906123110306014,-64.75101511755189,-0.07624492441224057,-35.37550755877594,0.07624492441217583,-0.019061231103060138,-0.019061231103060138,-0.019061231103060138,30.497969764896226,38.12246220612028,0.7624492441224057,56.4879583739193,-0.01906123110306014,464.6014620797771,3.8122462206120282,21.5,0.07624492441224055,0.03812246220612028,0.03812246220612028,40.0,19.605801691903864,0.07624492441224055,-19.605801691903864,0.7624492441224057,0.07624492441224057,-56.487958373919355,0.07624492441224057,0.30497969764928357,0.38122462206152413,0.03812246220612028,0.01906123110306014,22.87347732367217,-0.07624492441224057,0.0,0.7624492441224788,-112.9759167478386,524.1241219841562,-7.6244924412240564,15.248984882448113,3.8122462206120282,-0.07624492441224057,21.563498243088514,0.11436738661836084,-0.07624492441224057,-80.0,19.605801691903864,-29.05379861337562,0.03812246220612028,-43.0,-0.07624492441224057,-0.07624492441217583,-0.07624492441224057,0.03812246220612028,220.78358886193254,-15.248984882448113,0.07624492441224055,471.78929482747327,-0.019061231103060138,-0.08386941685346462,-471.78929482747327,11.436738661836085,85.0,-472.5322334033358,220.78358886193254,-0.05718369330918042,407.71825030837493,-96.0,0.07624492441224057,-0.01906123110306014,3.8122462206120247,76.24492441224056,-0.03812246220612028,-0.07624492441224057,0.01906123110306014,0.0,0.0,-664.5776514203756,0.0,-46.0,0.0,-55.423807988126555,-31.0,0.0,-32.0,-93.0,-65.0,-141.54631450743932,16.0,23.0,46.5,0.0,15.5,-390.5631423156208,-230.20295503167162,141.54631450743932,65.0,-230.20295503167162,55.423807988126555,-18.15270312610693,0.0,1496.5981,hclb
187,0.0,0.0,0.0,0.0,0.0,0.0,0.0,0.0,-0.07408422460979648,0.0,0.0,0.0,0.0,0.0,0.0,0.0,285.02323134393043,-207.0022251113836,0.0,-294.94410391496984,0.0,0.0,0.0,0.0,0.0,0.0,0.0,0.0,0.0,-311.6076237081478,0.0,0.0,14.836167976668753,0.0,0.0,0.0,0.0,402.05802695994555,0.0,-1000.0,1000.0,0.0,0.0,83.74642765652835,0.0,0.0,0.0,0.0,630.3802433103767,-179.52713291131192,0.0,0.0,0.0,0.08149264707081894,0.0,0.0,0.0,14.816844921959296,0.0,0.0,-6.524350713969113,0.0,-285.6773864688526,-292.2017371828217,0.0,0.0,0.0,0.0,122.82431281406326,-122.82431281406326,0.0,0.7408422460979649,0.0,0.0,0.0,0.0,0.0,0.0,0.0,0.0,0.0,0.0,100.17480111825,0.0,44.4505347658779,0.0,0.0,-1000.0,132.32657233673027,715.0878949929843,-0.01852105615244912,0.0,0.0,562.9015174092935,22.22526738293895,0.0,22.22526738293895,0.0,147.29055700881054,0.0,267.7420871544635,3.704211230489824,-1000.0,0.0,0.0,-2.0420758144016724,0.0,1000.0,0.0,0.0,0.0,0.0,0.0,0.0,0.0,0.0,0.0,0.0,0.0,0.0,0.0,0.0,0.0,0.0,-503.76852766729786,0.0,0.0,22.22526738293895,0.0,22.96610962903691,1.2580403280524308,0.0,9.79857622547297,271.45142377452385,-281.2499999999968,281.2499999999968,-1000.0,0.0,0.0,1000.0,0.0,0.0,0.0,0.0,0.0,-94.47031582329568,0.07408422460979648,0.0,0.0,0.0,0.0,0.0,0.0,0.0,0.0,0.0,403.35395172682547,0.0,0.0,0.0,0.0,0.0,699.0289790929875,699.0289790929875,0.0,0.0,0.0,0.0,798.9380941921809,0.0,0.0,699.1030633175973,0.0,0.0,0.0,-624.188834431652,-909.194657579933,0.0,0.0,0.0,0.0,0.0,0.0,0.0,0.0,0.0,0.0,0.0,0.0,0.0,0.0,-124.93189607011676,0.0,0.0,0.0,0.0,0.0,179.52713291131192,0.0,132.32657233673027,-132.32657233673027,0.0,0.0,0.0,0.0,0.0,0.0,0.0,688.3923762918522,-959.0773729981838,0.0,0.0,0.0,0.0,0.0,0.0,0.0,0.0,0.0,0.0,0.0,0.0,0.0,359.12985907295115,-13.366310156081408,-603.7958509461594,0.0,0.0,0.0,0.0,77.51749331441056,0.0,0.0,0.0,0.0,-6.524350713969113,-687.5422786026877,0.0,0.0,0.0,0.0,0.0,0.0,0.0,0.0,2.385512032434935,0.0,0.0,0.0,1000.0,1000.0,-237.293184352893,0.0,603.7958509461594,0.0,0.0,0.0,591.6107571521958,0.0,0.0,0.0,-261.89907679385965,0.0,0.0,-784.1366640821958,-1000.0,0.0,215.86333591780416,0.0,1000.0,264.6531446734605,0.0,0.0,179.52713291131192,0.0,131.69357400302653,0.0,0.0,0.0,0.0,0.0,0.0,0.0,698.9548948683777,0.0,0.0,-474.9177617782152,0.0,0.0,0.0,-6.524350713969113,-0.11112633691469471,0.0,0.0,0.0,0.0,0.07408422460979648,0.0,0.0,0.0,22.803623340332344,285.02323134393043,0.0,-873.4689235295815,147.517456823914,909.194657579933,957.0421123048982,0.0,-296.5044279315794,0.0,-2.0420758144016724,0.0,0.0,0.0,532.047888489448,402.6374881075739,-638.1809486654425,-1000.0,-1000.0,0.0,0.0,0.0,0.0,0.0,0.0,0.0,0.0,0.0,0.0,0.0,0.0,0.0,0.0,0.0,0.0,0.0,-597.6456361416157,0.0,-1000.0,0.0,0.0,0.0,0.0,0.0,0.0,92.08480379086075,0.0,314.85784304502397,0.0,0.0,0.0,0.0,0.0,0.0,0.0,-525.4618009216372,-94.40266760615327,-3.704211230489824,0.0,0.0,0.0,-3.704211230489824,0.0,-1.852105615244912,0.0,0.0,0.0,0.0,0.0,640.2376302954845,22.22526738293895,-843.6875000007449,843.6875000007449,0.0,0.0,0.0,0.0,409.98166438035196,50.85180530740079,-50.85180530740079,-50.85180530740079,80.22523089244238,0.0,0.0,0.0,0.0,0.0,688.3923762918522,0.0,0.0,-13.04870142793819,0.0,0.0,65.1831550780407,0.0,0.0,0.0,0.0,-35.59157753902035,0.14816844921961092,0.0,0.0,0.0,0.0,0.0,0.0,0.0,0.0,0.0,0.0,0.0,0.0,0.0,0.0,0.0,0.0,0.0,0.0,0.0,0.08149264707081894,0.08149264707081894,0.0,440.3130141509919,0.0,44.4505347658779,0.0,0.0,0.0,-614.8193047759884,0.0,0.0,0.0,0.0,0.0,518.3460189668825,614.8193047759884,0.0,0.0,172.64761693707234,0.0,0.0,65.1831550780407,0.0,0.0,0.0,0.0,0.0,0.0,0.0,167.92284255576595,-22.803623340332344,0.0,0.0,5.704485294954326,0.0,562.9015174092935,0.0,-77.51749331441056,0.0,518.3460189668825,0.0,0.0,482.75444142786216,0.0,0.0,359.12985907295115,0.0,0.0,0.0,0.0,0.0,0.0,0.0,0.0,0.0,0.0,0.0,0.0,0.0,44.4505347658779,0.0,0.0,0.0,0.0,0.0,0.0,0.0,0.0,0.0,0.0,0.0,0.0,0.7408422460979649,0.0,0.0,0.0,0.0,0.0,0.0,0.0,0.0,22.22526738293895,-172.64761693707234,0.0,0.0,0.0,0.0,0.0,0.0,0.0,0.0,0.0,-400.8326519376049,-437.932823440311,0.0,22.22526738293895,22.22526738293895,1000.0,614.8193047759884,0.0,65.1831550780407,0.0,0.0,0.0,0.0,0.0,1000.0,688.3923762918522,753.9598862209418,0.07408422460979648,0.0,0.0,0.0,92.80664074568507,0.0,0.0,-562.9015174092935,0.0,0.0,0.0,0.0,0.0,0.0,0.0,0.0,0.0,0.0,0.0,0.0,0.0,0.0,0.07408422460979648,0.0,0.0,0.0,0.0,0.0,0.0,0.0,0.0,0.0,-593.0573531641153,1000.0,0.0,0.0,-402.3543638583843,-5.556316845734736,-3.704211230489824,0.0,0.0,0.0,0.0,0.0,0.0,0.0,0.0,0.0,0.0,0.0,0.0,0.0,909.194657579933,0.0,0.0,643.9418415259743,0.0,0.0,0.0,-0.07408422460979648,0.0,0.0,0.07408422460979648,0.0,0.07408422460979648,0.0,0.0,0.0,44.4505347658779,90.38275402395172,90.38275402395172,0.0,0.0,0.0,0.0,0.0,0.0,167.5672860362135,0.0,0.0,688.3923762918522,0.0,0.0,0.0,538.4265402283515,0.0,0.0,0.0,0.0,0.0,0.0,0.0,0.0,0.0,0.0,0.0,0.0,0.0,77.51749331441056,0.0,0.0,0.0,0.11112633691469471,0.0,0.0,0.0,-22.22526738293895,0.0,0.0,0.0,0.0,0.0,-440.3130141509919,3.704211230489824,0.0,0.0,0.0,0.0,-798.9380941921809,-685.142156954976,0.0,0.0,0.0,0.0,0.0,0.0,0.0,0.0,0.0,0.0,172.64761693707234,0.0,81.1831550780407,0.0,50.183155078040706,-2.0420758144016724,0.0,0.0,314.85784304502397,-314.85784304502397,0.0,501.2280031282441,0.0,3.704211230489824,709.54817197546,0.0,0.0,0.0,-13.04870142793819,0.0,0.0,0.0,0.0,0.0,0.0,0.0,0.0,0.0,0.0,-11.112633691469568,90.38275402395172,0.0,0.0,0.0,0.0,0.0,0.0,0.0,0.0,0.0,2.385512032434935,0.0,0.0,445.8693309967266,-92.80664074568507,0.0,0.0,22.22526738293895,0.0,0.0,0.0,0.0,215.3084402763258,0.0,0.0,0.08149264707081894,0.0,0.0,0.0,45.19137701197586,0.0,0.0,0.0,0.0,-13.366310156081408,0.0,0.0,0.0,0.0,0.0,0.0,0.0,0.0,841.3012373888128,0.0,0.00740842246097986,0.00740842246097986,0.0,0.0,0.0,0.0,0.0,0.0,0.0,0.0,0.0,0.0,0.0,0.0,0.0,0.0,0.0,440.3130141509919,0.0,0.0,0.0,0.0,0.0,0.0,0.0,179.52713291131192,0.0,0.0,0.0,0.0,905.4826020832678,0.0,-207.0022251113836,0.0,0.0,0.0,44.45053476587793,0.0,0.0,0.0,0.0,0.0,710.1899310706281,-754.640465836506,0.0,0.0,0.0,0.0,0.0,0.0,0.0,0.0,0.0,0.0,0.0,0.0,-753.9598862209418,-1000.0,589.1742340860621,0.0,-22.22526738293895,0.0,402.05802695994555,0.0,0.0,0.0,0.0,0.0,0.0,0.0,0.0,0.0,0.0,0.0,0.0,0.0,0.0,0.0,0.0,0.0,-9.26052807622456,0.0,-5.556316845734736,543.9828570740863,0.0,0.0,0.0,0.0,0.0,0.0,-0.9260528076224561,13.04870142793819,0.0,0.0,0.0,0.0,0.0,0.0,0.0,1000.0,22.22526738293895,22.22526738293895,0.0,0.0,0.0,0.0,0.0,0.08149264707081894,440.3130141509919,0.0,0.0,-402.05802695994555,0.0,0.0,0.0,0.0,0.0,0.0,0.0,0.0,0.0,0.0,0.0,0.0,0.0,0.0,0.0,0.0,0.0,1.2580403280524308,0.0,77.78843584028633,173.27177133116783,0.0,0.0,0.0,0.0,0.0,440.3130141509919,0.0,681.4379457244862,0.0,0.0,0.0,-9.26052807622456,0.0,0.0,0.0,0.0,0.0,0.0,0.0,0.0,0.0,0.0,0.0,0.0,0.0,0.0,0.0,0.0,0.0,0.0,-0.07408422460979648,0.0,0.0,3.704211230489824,-518.3460189668825,0.0,0.0,0.0,0.0,0.0,0.0,0.0,0.0,-532.047888489448,1.852105615244912,0.0,0.0,0.0,0.07408422460979648,0.0,74.08422460979648,-21.70806930098448,14.816844921959296,0.5291730329271177,209.21106731743708,-0.05556316845734736,3.704211230489824,1.4816844921959298,-0.37042112304856356,-209.21106731743708,22.225267382938945,-0.07408422460979648,0.6806919381338908,65.1831550780407,0.01852105615244912,0.5291730329271177,-2.0420758144016724,-11.794208557879074,-1.4816844921959298,216.92309768242302,-0.07408422460979648,0.01852105615244912,-209.21106731743708,7.408422460979648,0.07408422460979648,0.07408422460979648,-440.15743727931124,0.08149264707077634,-46.343593886885714,-0.05556316845734736,22.22526738293895,0.07408422460979648,22.22526738293895,-37.04211230489825,-0.03704211230489824,-352.9262062111364,-85.0,-0.05556316845734736,-0.07408422460979648,-21.70806930098448,0.07408422460979648,7.408422460979648,-1.4816844921959298,77.51749331441056,77.51749331441056,-7.408422460979648,-216.92309768242302,-77.51749331441056,14.816844921959296,0.11112633691469471,-779.1246490620186,7.408422460979648,-167.92284255576595,65.1831550780407,-14.816844921959296,0.03704211230489824,0.7408422460979649,218.36723088239538,96.0,-0.07408422460979648,-456.9819646881962,440.15743727931124,22.96610962903691,0.07408422460979648,11.794208557879074,-23.717914453715107,65.1831550780407,-0.07408422460979648,-0.01852105615244912,-65.1831550780407,-0.07408422460979648,-35.59157753902035,0.0740842246098249,-0.01852105615244912,-0.01852105615244912,-0.01852105615244912,29.633689843918592,37.04211230489825,0.7408422460979649,54.88714990778135,-0.01852105615244912,436.05376982665683,3.704211230489824,21.5,0.07408422460979648,0.03704211230489824,0.03704211230489824,40.0,21.70806930098448,0.07408422460979648,-21.70806930098448,0.7408422460979649,0.07408422460979648,-54.88714990778135,0.07408422460979648,0.2963368984387418,0.37042112304856356,0.03704211230489824,0.01852105615244912,22.22526738293895,-0.07408422460979648,46.343593886885714,0.7408422460979649,-109.7742998155627,1.852105615244912,-7.408422460979648,14.816844921959296,3.704211230489824,-0.07408422460979648,2.0420758144016724,0.11112633691469471,-0.07408422460979648,-80.0,21.70806930098448,-53.35516028724021,0.03704211230489824,-43.0,-0.07408422460979648,-0.0740842246098249,-0.07408422460979648,0.03704211230489824,209.21106731743708,-14.816844921959296,0.07408422460979648,436.73446176479075,-0.01852105615244912,-0.08149264707077634,-436.73446176479075,11.11263369146947,85.0,480.3849972967648,209.21106731743708,-0.05556316845734736,456.9819646881962,-96.0,0.07408422460979648,-0.018521056152449124,3.704211230489824,74.08422460979648,-0.03704211230489824,-0.07408422460979648,0.01852105615244912,0.0,0.0,-200.653432716731,0.0,-46.0,0.0,106.27900434984463,-18.515505154946972,0.0,-32.0,-93.0,-65.0,-979.7410396664447,16.0,23.0,46.5,0.0,9.257752577473486,-440.3130141509919,-161.9532799890856,979.7410396664447,65.0,-161.9532799890856,-106.27900434984463,61.29424817129004,0.0,1496.5981,hclb
188,0.0,0.0,0.0,0.0,0.0,0.0,0.0,0.0,-0.009104710466529026,0.0,0.0,0.0,0.0,0.0,0.0,0.0,-326.29990881025424,364.04485447506454,0.0,370.67041398900665,0.0,0.0,0.0,0.0,0.0,0.0,0.0,0.0,0.0,-1000.0,331.8360162176255,-331.8360162176255,2.5913228548275398,0.0,0.0,0.0,0.0,315.4402862152692,0.0,-1000.0,997.2685868600413,0.0,0.0,1000.0,0.0,0.0,0.0,0.0,1000.0,0.0,0.0,55.65377265800342,0.0,0.010015181513427507,0.0,0.0,0.0,1.8209420933058051,0.0,0.0,-111.4138269076275,0.0,312.92476682724055,201.51093991961304,0.0,0.0,0.0,0.0,0.0,0.0,0.0,0.09104710466529026,0.0,0.0,0.0,0.0,0.0,0.0,0.0,0.0,0.0,0.0,0.0,0.0,5.462826279917415,0.0,0.0,-473.643041607354,926.4289064399234,0.0,-0.0022761776166322564,0.0,0.0,-277.6325152909254,2.7314131399587076,0.0,2.7314131399587076,0.0,0.0,0.0,0.0,0.4552355233264513,-1000.0,0.0,0.0,-14.184748290224503,0.0,173.92790923190068,0.0,0.0,0.0,0.0,0.0,0.0,0.0,0.0,0.0,0.0,0.0,0.0,0.0,0.0,0.0,0.0,-726.0911495182445,0.0,0.0,2.7314131399587076,0.0,2.8224602446239975,0.0,0.0,875.232281456014,-1000.0,124.76771854398605,-124.76771854398605,0.0,0.0,0.0,0.0,0.0,0.0,0.0,0.0,0.0,0.7010627059227378,0.009104710466529026,0.0,0.0,0.0,0.0,0.0,0.0,0.0,0.0,0.0,-116.26982096803688,0.0,0.0,0.0,0.0,0.0,307.0880648094181,307.0880648094181,0.0,0.0,0.0,0.0,0.0,0.0,0.0,638.9331857375101,0.0,0.0,0.0,-13.164617001250804,0.0,0.0,0.0,0.0,0.0,0.0,0.0,0.0,0.0,0.0,0.0,0.0,0.0,0.0,0.0,-728.367376568363,0.0,0.0,0.0,0.0,0.0,0.0,-55.65377265800342,-926.4289064399234,926.4289064399234,0.0,0.0,0.0,0.0,0.0,0.0,0.0,0.0,-937.959030901622,0.0,0.0,0.0,0.0,0.0,0.0,0.0,0.0,0.0,0.0,0.0,0.0,0.0,312.890694238773,-39.35811581338839,381.9536814682576,0.0,0.0,0.0,0.0,84.08042424288057,0.0,0.0,0.0,0.0,-111.4138269076275,-618.0463185317424,331.8360162176255,0.0,35.386367699211974,0.0,0.0,0.0,0.0,0.0,332.1291878946478,0.0,0.0,0.0,-852.8578128798467,1000.0,-455.72572070528076,0.0,-381.9536814682576,0.0,0.0,0.0,-988.8922532308346,0.0,0.0,0.0,-56.22360577278937,0.0,0.0,487.5008392563052,0.0,0.0,261.9002373310042,225.60060192530102,-225.60060192530102,0.0,0.0,-662.4168237104948,0.0,0.0,-58.678282041264595,0.0,0.0,0.0,0.0,0.0,0.0,0.0,638.914976316577,0.0,0.0,-590.4308396580404,0.0,0.0,0.0,-111.4138269076275,-0.013657065699793539,0.0,0.0,0.0,0.0,0.009104710466529026,0.0,0.0,0.0,309.42635129087597,-326.29990881025424,0.0,-359.0774039194447,198.71281729984054,0.0,1000.0,0.0,379.688553487609,0.0,-14.184748290224503,0.0,0.0,0.0,45.97011251835414,-366.6451452732593,-59.01352073270387,-943.662585346379,-1000.0,0.0,0.0,0.0,0.0,0.0,0.0,0.0,0.0,0.0,0.0,0.0,0.0,0.0,0.0,0.0,0.0,35.386367699211974,-684.5232949428647,0.0,-1000.0,0.0,0.0,0.0,0.0,0.0,0.0,205.42858471948705,0.0,0.0,0.0,0.0,0.0,366.6451452732593,0.0,-0.4552355233264513,0.0,0.0,-358.22328809172,0.0,0.0,0.0,0.0,0.0,0.0,-0.22761776166322564,-0.4552355233264513,0.0,0.0,-46.07117480453286,0.0,40.15311300128899,2.7314131399587076,0.0,0.0,0.0,0.0,0.0,0.0,0.0,-312.890694238773,312.890694238773,312.890694238773,105.3638061969187,0.0,0.0,0.0,0.0,0.0,0.0,0.0,0.0,-222.827653815255,0.0,0.0,0.0,0.0,0.0,0.0,0.0,-42.0895289533471,0.018209420933067367,0.0,0.0,0.0,0.0,0.0,0.0,0.0,0.0,0.0,0.0,0.0,0.0,0.0,0.0,0.0,0.0,0.0,0.0,0.0,0.010015181513427507,0.010015181513427507,331.8360162176255,407.0697521454672,0.0,5.462826279917415,0.0,0.0,0.0,-768.9224279619211,0.0,537.4047300118756,0.0,0.0,0.0,245.72922959073085,768.9224279619211,0.0,0.0,0.0,0.0,0.0,0.0,0.0,0.0,0.0,0.0,0.0,0.0,0.0,242.03038317274817,-309.42635129087597,0.0,0.0,0.7010627059227378,0.0,0.0,-277.6325152909254,-361.712939533806,0.0,245.72922959073085,0.0,946.8181320199665,-743.1784313825827,0.0,0.0,312.890694238773,0.0,0.0,0.0,0.0,0.0,0.0,0.0,0.0,0.0,0.0,0.0,0.0,0.0,5.462826279917415,0.0,0.0,0.0,0.0,0.0,0.0,0.0,0.0,0.0,0.0,0.0,0.0,0.09104710466529026,0.0,331.8360162176255,0.0,0.0,331.8360162176255,-55.65377265800342,0.0,0.0,2.7314131399587076,0.0,0.0,0.0,0.0,0.0,0.0,0.0,0.0,0.0,0.0,-830.0554657775239,243.04905206873661,0.0,2.7314131399587076,2.7314131399587076,1000.0,768.9224279619211,0.0,0.0,0.0,0.0,0.0,0.0,0.0,943.662585346379,0.0,1000.0,0.009104710466529026,0.0,0.0,12.024070843975366,0.0,0.0,0.0,277.6325152909254,0.0,0.0,0.0,0.0,0.0,0.0,0.0,0.0,0.0,0.0,0.0,0.0,0.0,0.0,0.009104710466529026,0.0,0.0,0.0,109.83007368939678,-109.83007368939678,0.0,0.0,0.0,0.0,-794.571415280513,1000.0,0.0,0.0,-315.4767050571353,-0.6828532849896769,-0.4552355233264513,0.0,0.0,0.0,0.0,0.0,0.0,0.0,0.0,0.0,0.0,0.0,0.0,0.0,0.0,0.0,0.0,-5.462826279917415,0.0,0.0,0.0,-0.009104710466529026,0.0,0.0,0.009104710466529026,0.0,0.009104710466529026,0.0,0.0,0.0,5.462826279917415,11.107746769165411,11.107746769165411,0.0,0.0,0.0,0.0,0.0,0.0,0.0,0.0,0.0,0.0,0.0,0.0,0.0,46.754028089522535,0.0,0.0,0.0,0.0,0.0,0.0,0.0,0.0,0.0,0.0,0.0,0.0,0.0,84.08042424288057,0.0,-936.3219001052444,936.3219001052444,0.013657065699793539,0.0,0.0,0.0,-2.7314131399587076,0.0,0.0,0.0,0.0,0.0,-407.0697521454672,0.4552355233264513,0.0,0.0,0.0,0.0,0.0,-1000.0,0.0,0.0,0.0,0.0,0.0,0.0,0.0,0.0,0.0,0.0,0.0,535.9814597219716,94.1790579066942,0.0,63.1790579066942,-14.184748290224503,0.0,0.0,0.0,0.0,0.0,-1000.0,0.0,0.4552355233264513,1000.0,0.0,0.0,-331.8360162176255,-222.827653815255,0.0,0.0,0.0,0.0,0.0,-206.4228191024322,0.0,0.0,0.0,-1.3657065699792952,0.0,11.107746769165411,0.0,0.0,0.0,331.8360162176255,0.0,0.0,0.0,0.0,0.0,332.1291878946478,0.0,0.0,409.1183120004362,-12.024070843975366,1000.0,0.0,2.7314131399587076,0.0,0.0,0.0,0.0,-136.06667411676304,0.0,0.0,0.010015181513427507,0.0,0.0,0.0,5.5538733845827055,0.0,0.0,0.0,0.0,-39.35811581338839,0.0,0.0,0.0,0.0,0.0,0.0,0.0,0.0,0.0,0.0,0.0009104710466529034,0.0009104710466529034,0.0,0.0,0.0,0.0,0.0,0.0,0.0,0.0,0.0,12.024070843975366,331.8360162176255,0.0,0.0,0.0,0.0,407.0697521454672,0.0,0.0,0.0,0.0,0.0,0.0,0.0,0.0,0.0,0.0,0.0,0.0,1000.0,-1000.0,364.04485447506454,0.0,0.0,0.0,5.462826279917415,0.0,0.0,0.0,0.0,0.0,994.5371737200826,-1000.0,0.0,0.0,0.0,0.0,0.0,0.0,0.0,0.0,0.0,331.8360162176255,331.8360162176255,0.0,-1000.0,-1000.0,52.99075475909492,0.0,-2.7314131399587076,0.0,315.4402862152692,0.0,0.0,0.0,0.0,0.0,0.0,0.0,0.0,0.0,0.0,0.0,0.0,0.0,0.0,0.0,0.0,0.0,-1.1380888083161282,0.0,-0.6828532849896769,46.07117480453286,0.0,0.0,0.0,0.0,0.0,0.0,-0.11380888083161282,222.827653815255,0.0,0.0,0.0,0.0,0.0,0.0,0.0,1000.0,2.7314131399587076,2.7314131399587076,0.0,0.0,0.0,0.0,0.0,0.010015181513427507,407.0697521454672,0.0,0.0,-315.4402862152692,0.0,0.0,0.0,0.0,0.0,0.0,0.0,0.0,0.0,0.0,0.0,0.0,0.0,0.0,468.1609500526222,0.0,0.0,0.0,0.0,9.559945989855477,0.7010627059227378,0.0,0.0,0.0,0.0,0.0,407.0697521454672,0.0,999.5447644766735,0.0,0.0,0.0,-1.1380888083161282,0.0,0.0,0.0,0.0,0.0,0.0,0.0,0.0,0.0,0.0,0.0,0.0,0.0,0.0,0.0,0.0,0.0,0.0,-0.009104710466529026,0.0,0.0,0.4552355233264513,-245.72922959073085,0.0,0.0,0.0,0.0,0.0,0.0,0.0,0.0,-45.97011251835414,0.22761776166322564,0.0,0.0,0.0,0.009104710466529026,0.0,9.104710466529026,-2.8224602446239975,1.8209420933058051,0.06503364618949305,25.402142201615977,-0.006828532849896769,0.4552355233264513,0.18209420933058051,-0.04552355233259506,-25.402142201615977,2.7314131399587076,-0.009104710466529027,4.728249430074834,0.0,0.0022761776166322564,0.06503364618949305,-14.184748290224503,-1.4494699062715881,331.65392200829496,-408.41535965381695,-0.009104710466529027,0.0022761776166322564,-25.402142201615977,0.9104710466529026,0.009104710466529027,0.009104710466529026,-407.0506322534872,0.01001518151318193,-16.311355227725628,-0.006828532849896769,2.7314131399587076,0.009104710466529027,2.7314131399587076,-4.552355233264513,-0.004552355233264513,160.95067277621152,-85.0,-0.006828532849896769,-0.009104710466529027,-2.8224602446239975,0.009104710466529026,0.9104710466529026,-0.18209420933058051,84.08042424288057,84.08042424288057,-0.9104710466529026,408.41535965381695,-84.08042424288057,1.8209420933058054,0.013657065699793539,-134.55681729488686,0.9104710466529026,-242.03038317274817,0.0,-1.8209420933058051,0.004552355233264513,0.09104710466529026,89.76935097986117,96.0,-0.009104710466529026,-409.1183120004362,407.0506322534872,2.8224602446239975,0.009104710466529026,1.4494699062715881,-10.92565255983459,0.0,-0.009104710466529026,-0.0022761776166322564,0.0,-0.009104710466529026,-42.0895289533471,0.009104710466529137,-0.0022761776166322564,-0.0022761776166322564,-0.0022761776166322564,3.6418841866116103,4.552355233264513,0.09104710466529026,270.01757586883633,-0.0022761776166322564,174.8104525296475,0.4552355233264513,21.5,0.009104710466529026,0.004552355233264513,0.004552355233264514,0.9104710466529026,2.8224602446239975,0.009104710466529026,-2.8224602446239975,0.09104710466529026,0.009104710466529027,-796.561822872729,0.009104710466529026,0.03641884186606603,0.04552355233259506,0.004552355233264513,0.0022761776166322564,2.7314131399587076,-0.009104710466529027,16.311355227725628,-165.82696100414748,-540.0351517376727,0.22761776166322562,-0.9104710466529026,1.8209420933058051,0.4552355233264513,-0.009104710466529026,14.184748290224503,0.013657065699793539,-0.009104710466529027,-1.8209420933058051,2.8224602446239975,155.39182330183348,0.004552355233264514,-43.0,-0.009104710466529027,-0.009104710466529137,-0.009104710466529027,0.004552355233264514,25.402142201615977,-1.8209420933058051,0.009104710466529026,179.53870195972235,-0.0022761776166322564,-0.01001518151318193,-179.53870195972235,1.3657065699793536,85.0,334.82188437654486,25.402142201615977,-0.006828532849896769,409.1183120004362,-96.0,0.009104710466529027,-0.0022761776166322573,0.4552355233264513,9.104710466529026,-0.004552355233264513,-0.009104710466529026,0.0022761776166322564,0.0,0.0,134.55226493965358,526.5442470038927,-46.0,0.0,-105.45030971138351,-16.97728524636258,0.0,-32.0,-93.0,-65.0,0.0,16.0,23.0,46.5,0.0,8.48864262318129,-407.0697521454672,-19.32514918507043,0.0,65.0,-19.32514918507043,105.45030971138351,-47.71756409910091,0.0,1496.5981,hclb
189,0.0,0.0,0.0,0.0,0.0,0.0,0.0,0.0,-0.04231531296049621,0.0,0.0,0.0,0.0,0.0,0.0,0.0,0.0,-140.48248361743254,0.0,521.1419620353072,0.0,0.0,0.0,0.0,0.0,0.0,0.0,0.0,0.0,9.340757741190941,27.28282822790061,-27.28282822790061,0.0,0.0,0.0,0.0,0.0,999.8307387481581,0.0,-1000.0,1000.0,0.0,0.0,0.0,0.0,0.0,0.0,0.0,-9.340757741190941,-1000.0,0.0,0.0,0.0,0.04654684425625387,0.0,0.0,0.0,8.463062592099241,0.0,0.0,-12.820844637353334,0.0,0.0,-12.820844637353334,0.0,0.0,0.0,0.0,0.0,25.389187776297728,0.0,0.42315312960496204,0.0,0.0,0.0,0.0,0.0,0.0,0.0,786.1757610268891,0.0,0.0,268.430876928607,0.0,25.389187776297717,0.0,0.0,0.0,-520.6727151856423,907.5678555923346,-0.010578828240124053,0.0,0.0,0.0,12.694593888148864,0.0,12.694593888148864,0.0,0.0,0.0,268.430876928607,2.1157656480248104,-990.6592422588091,0.0,0.0,-16.64370827508177,0.0,0.0,0.0,0.0,0.0,0.0,0.0,0.0,0.0,0.0,0.0,0.0,0.0,0.0,0.0,0.0,0.0,0.0,-371.0039012238082,0.0,0.0,12.694593888148864,0.0,13.117747017753826,7.482676772821177,0.0,0.0,-219.14854499852223,219.14854499852225,-219.14854499852223,0.0,0.0,0.0,0.0,0.0,0.0,0.0,0.0,0.0,-265.1725978306488,0.04231531296049621,0.0,0.0,0.0,0.0,0.0,0.0,0.0,0.0,0.0,261.9028747389012,0.0,0.0,0.0,0.0,0.0,733.3706470591795,733.3706470591795,0.0,0.0,0.0,-93.75,0.0,0.0,0.0,760.6957906000407,0.0,0.0,0.0,0.0,0.0,0.0,0.0,0.0,0.0,0.0,0.0,0.0,0.0,0.0,-729.7164075533971,0.0,0.0,0.0,0.0,-1000.0,0.0,0.0,0.0,0.0,0.0,1000.0,0.0,162.64408599597687,-162.64408599597687,0.0,0.0,0.0,0.0,0.0,0.0,0.0,1000.0,-948.7524767121613,0.0,0.0,0.0,0.0,0.0,0.0,0.0,0.0,0.0,0.0,0.0,0.0,0.0,654.029755300619,-26.073874815801517,0.0,0.0,0.0,0.0,0.0,80.72615339098988,0.0,0.0,0.0,0.0,-12.820844637353334,0.0,27.28282822790061,0.0,0.0,0.0,0.0,0.0,0.0,0.0,227.08954406517225,0.0,0.0,0.0,683.3168011816192,0.0,153.30332825478592,0.0,0.0,0.0,0.0,0.0,-948.3753181881946,0.0,0.0,0.0,-8.811816329184694,0.0,0.0,-1000.0,0.0,219.44709266260466,-219.44709266260466,-780.5529073373954,1000.0,-358.0286291896655,0.0,552.6443221550425,1000.0,0.0,52.298923314436905,0.0,0.0,0.0,266.6232411621347,0.0,-266.6232411621347,0.0,942.0836701017085,0.0,0.0,-879.1889794424663,-93.75,0.0,0.0,-12.820844637353334,-0.0634729694407443,0.0,0.0,0.0,0.0,0.04231531296049621,0.0,0.0,0.0,679.489708655689,0.0,0.0,-736.649626662123,175.73115303203673,0.0,1000.0,0.0,0.0,0.0,-16.64370827508177,0.0,0.0,0.0,-3.643348445898431,3.643348445898431,0.0,-1000.0,-818.6594755049308,0.0,0.0,0.0,0.0,0.0,0.0,0.0,0.0,0.0,0.0,0.0,0.0,0.0,0.0,0.0,0.0,0.0,0.0,0.0,-1000.0,0.0,0.0,198.4441627599469,0.0,0.0,0.0,65.36588199337716,0.0,0.0,0.0,0.0,0.0,0.0,0.0,0.0,0.0,-3.643348445898431,0.0,664.2757760599897,0.0,-56.97756890130815,0.0,-2.1157656480248104,0.0,-1.0578828240124052,-666.3915417080144,-655.3430134940292,0.0,0.0,-1000.0,997.8842343519752,12.694593888148864,-593.68750000194,593.68750000194,0.0,0.0,0.0,0.0,0.05585100132485428,-653.973904299294,653.973904299294,653.973904299294,95.69959352919571,0.0,0.0,-181.47251012758892,0.0,0.0,1000.0,0.0,0.0,-25.641689274706668,0.0,0.0,12.694593888148864,0.0,0.0,0.0,0.0,-38.768468703950376,0.08463062592090864,0.0,0.0,0.0,0.0,0.0,0.0,0.0,0.0,0.0,25.389187776297728,0.0,0.0,0.0,0.0,0.0,0.0,0.0,0.0,0.0,0.04654684425625387,0.04654684425625387,27.28282822790061,741.5666927085197,0.0,25.389187776297717,0.0,0.0,0.0,1000.0,0.0,0.0,0.0,0.0,0.0,299.8874039678179,-1000.0,0.0,0.0,0.0,0.0,0.0,12.694593888148864,0.0,0.0,0.0,0.0,0.0,0.0,0.0,123.66796707460274,-679.489708655689,0.0,0.0,3.2582790979582064,0.0,-440.6574277280485,440.6574277280485,359.93127433705865,0.0,299.8874039678179,0.0,261.1189352638675,0.0,0.0,0.0,654.029755300619,0.0,0.0,0.0,0.0,0.0,0.0,0.0,0.0,0.0,0.0,0.0,0.0,0.0,25.389187776297728,0.0,0.0,0.0,0.0,0.0,0.0,0.0,0.0,0.0,0.0,0.0,0.0,0.42315312960496204,0.0,27.28282822790061,0.0,0.0,27.28282822790061,0.0,0.0,0.0,12.694593888148864,0.0,0.0,0.0,0.0,0.0,0.0,0.0,0.0,0.0,0.0,-773.6437823186885,933.2123360386892,0.0,12.694593888148864,12.694593888148862,1000.0,-1000.0,0.0,12.694593888148864,0.0,0.0,0.0,0.0,0.0,990.6592422588091,1000.0,1000.0,0.04231531296049621,0.0,0.0,0.0,25.952708717759183,5.4810521537868375,0.0,0.0,0.0,0.0,0.0,0.0,0.0,0.0,0.0,0.0,0.0,0.0,0.0,0.0,0.0,0.0,0.04231531296049621,0.0,0.0,0.0,-1000.0,1000.0,0.0,0.0,0.0,0.0,0.0,263.81004475332406,0.0,0.0,-1000.0,-3.173648472037216,-2.1157656480248104,0.0,0.0,0.0,0.0,0.0,0.0,0.0,0.0,0.0,0.0,0.0,0.0,0.0,0.0,0.0,0.0,1000.0,0.0,0.0,0.0,-0.04231531296049621,0.0,0.0,0.04231531296049621,0.0,0.04231531296049621,0.0,0.0,0.0,25.389187776297717,51.62468181180538,51.62468181180538,0.0,0.0,0.0,0.0,0.0,0.0,0.0,0.0,0.0,1000.0,0.0,0.0,0.0,0.0,0.0,0.0,0.0,0.0,0.0,0.0,0.0,0.0,0.0,0.0,0.0,0.0,0.0,80.72615339098988,0.0,0.0,0.0,0.0634729694407443,0.0,0.0,0.0,-12.694593888148864,0.0,0.0,0.0,0.0,0.0,-741.5666927085197,2.1157656480248104,0.0,0.0,0.0,93.75,0.0,196.3283971119221,0.0,0.0,0.0,0.0,0.0,0.0,0.0,0.0,0.0,0.0,0.0,118.81982244506025,87.53693740790075,0.0,56.53693740790076,-11.162656121294958,0.0,261.69427910529924,0.0,-261.69427910529924,0.0,-1000.0,0.0,2.1157656480248104,820.5719511020898,0.0,0.0,-27.28282822790061,-25.641689274706668,0.0,0.0,0.0,0.0,0.0,0.0,0.0,0.0,0.0,723.3691106093225,0.0,51.62468181180538,0.0,0.0,0.0,27.28282822790061,0.0,0.0,0.0,0.0,0.0,227.08954406517225,0.0,0.0,751.0876381246313,-51.34189649405691,-63.52389870111699,0.0,12.694593888148864,0.0,0.0,0.0,0.0,140.001294500615,0.0,0.0,0.04654684425625387,0.0,0.0,0.0,25.81234090590269,0.0,0.0,0.0,0.0,-26.073874815801517,0.0,0.0,0.0,0.0,0.0,0.0,0.0,0.0,0.0,0.0,411.9518637050303,0.004231531296049621,0.0,0.0,0.0,0.0,0.0,0.0,0.0,0.0,0.0,0.0,27.28282822790061,0.0,0.0,0.0,0.0,741.5666927085197,0.0,0.0,0.0,0.0,0.0,0.0,0.0,1000.0,0.0,0.0,0.0,0.0,1000.0,64.44552644915872,-140.48248361743254,0.0,0.0,0.0,25.389187776297717,0.0,0.0,0.0,0.0,0.0,974.6108122237023,-1000.0,0.0,0.0,0.0,0.0,0.0,0.0,0.0,0.0,0.0,27.28282822790061,27.28282822790061,0.0,-818.6594755049308,-1000.0,28.985989377939912,0.0,-12.694593888148864,0.0,999.8307387481581,0.0,0.0,0.0,0.0,0.0,0.0,0.0,0.0,0.0,0.0,0.0,0.0,0.0,0.0,0.0,0.0,0.0,-5.289414120062027,0.0,-3.173648472037216,-3.173648472037216,0.0,0.0,0.0,0.0,0.0,-1000.0,999.4710585879938,25.641689274706668,0.0,0.0,0.0,0.0,0.0,0.0,0.0,1000.0,12.694593888148862,12.694593888148862,0.0,0.0,0.0,0.0,786.1757610268891,0.04654684425625387,741.5666927085197,0.0,0.0,-999.8307387481581,411.94763217373423,0.0,0.0,0.0,0.0,0.0,0.0,0.0,0.0,0.0,0.0,0.0,0.0,0.0,0.0,0.0,0.0,7.482676772821177,0.0,44.43107860852103,3.2582790979582064,0.0,0.0,0.0,0.0,0.0,741.5666927085197,0.0,0.0,0.0,0.0,0.0,-5.289414120062027,0.0,0.0,0.0,0.0,0.0,0.0,0.0,0.0,0.0,0.0,0.0,0.0,0.0,0.0,0.0,0.0,0.0,0.0,-0.04231531296049621,0.0,0.0,2.1157656480248104,-299.8874039678179,0.0,0.0,0.0,0.0,0.0,0.0,0.0,0.0,3.643348445898431,1.0578828240124052,0.0,0.0,0.0,0.04231531296049621,0.0,42.31531296049621,-5.635070244932649,8.463062592099241,0.30225223543211577,133.02507670542678,-0.03173648472037215,2.1157656480248104,0.8463062592099242,-0.2115765648023853,-133.02507670542678,12.694593888148862,-0.04231531296049621,5.54790275836059,12.694593888148864,0.010578828240124053,0.30225223543211577,-16.64370827508177,-6.736597823307761,26.436521968690684,-380.65947841787465,-0.04231531296049621,0.010578828240124053,-133.02507670542678,147.3640770156845,0.04231531296049621,0.04231531296049621,-741.477830551303,0.04654684425655301,0.0,-0.03173648472037215,12.694593888148864,0.04231531296049621,12.694593888148864,-21.157656480248107,-0.021157656480248106,-228.61545818873765,-85.0,-0.03173648472037216,-0.04231531296049621,-5.635070244932649,0.04231531296049621,4.2315312960496385,-0.8463062592099242,80.72615339098988,80.72615339098988,-4.23153129604961,380.65947841787465,-80.72615339098988,8.463062592099241,0.06347296944074432,0.0,4.231531296049621,-123.66796707460274,12.694593888148864,-8.463062592099241,0.021157656480248106,0.42315312960496204,184.16240666553074,96.0,-0.04231531296049621,-751.0876381246313,741.477830551303,13.117747017753826,0.04231531296049621,6.736597823307761,-181.21632738408164,12.694593888148864,-0.04231531296049621,-0.010578828240124053,-12.694593888148864,-0.04231531296049621,-38.768468703950376,0.04231531296049621,-0.010578828240124053,-0.010578828240124053,-0.010578828240124053,16.926125184198483,21.157656480248107,0.42315312960496204,143.44414821023997,-0.010578828240124053,362.7769105727009,2.1157656480248104,21.5,0.04231531296049621,0.021157656480248106,0.021157656480248106,10.578828240124054,5.635070244932649,0.04231531296049621,-5.635070244932649,0.42315312960496204,0.04231531296049621,-367.63172965151466,0.04231531296049621,0.16926125184190113,0.2115765648023853,0.021157656480248106,0.010578828240124053,12.694593888148864,-0.04231531296049621,0.0,-13.218260984345342,-286.88829642047995,1.0578828240124056,-4.2315312960496385,8.463062592099241,2.1157656480248104,-0.04231531296049621,16.64370827508177,0.0634729694407443,-0.04231531296049621,-21.157656480248107,5.635070244932649,-52.928566640812406,0.021157656480248106,-43.0,-0.04231531296049621,-0.04231531296049621,-0.04231531296049621,0.021157656480248106,133.02507670542678,-8.463062592099241,0.04231531296049621,368.3248133310615,-0.010578828240124053,-0.04654684425655301,-368.3248133310615,6.347296944074431,85.0,-472.80765439361176,133.02507670542678,-0.03173648472037216,751.0876381246313,-96.0,0.04231531296049621,-0.010578828240124055,2.1157656480248104,42.31531296049621,-0.021157656480248106,-0.04231531296049621,0.010578828240124053,1000.0,0.0,-549.5603840591493,224.1875814412747,-46.0,0.0,782.0582055664307,-12.09782453772161,143.1325457196349,-32.0,-93.0,-65.0,-549.5392264026691,16.0,23.0,46.5,-143.1325457196349,6.048912268860805,-741.5666927085197,-87.07272785980258,549.5392264026691,65.0,-87.07272785980258,-782.0582055664307,479.52150082723136,0.0,1496.5981,hclb
190,0.0,0.0,0.0,0.0,0.0,0.0,0.0,0.0,-0.07192784620748406,0.0,0.0,0.0,0.0,0.0,0.0,0.0,700.8975088090747,-203.52247044130095,0.0,0.0,0.0,0.0,0.0,524.8784509553709,0.0,0.0,0.0,0.0,0.0,236.752839834081,0.0,0.0,10.889667386062893,0.0,0.0,0.0,0.0,801.3152022826265,0.0,-1000.0,1000.0,0.0,0.0,422.69185951181623,0.0,0.0,0.0,64.53915565695125,0.0,-960.2902083832289,0.0,766.7470426817695,0.0,0.0791206308279584,0.0,0.0,0.0,0.0,0.0,0.0,-6.334445656004846,0.0,0.0,-6.334445656004846,0.0,0.0,0.0,0.0,0.0,0.0,0.0,0.7192784620748407,0.0,0.0,0.0,0.0,0.0,0.0,0.0,0.0,0.0,0.0,0.0,0.0,43.156707724490445,0.0,0.0,482.5097949293089,91.21341754235038,-375.45066529481096,-0.017981961551871015,0.0,0.0,-31.215826447282325,21.578353862245223,0.0,21.578353862245223,-2.3160766478773667,811.5960891005514,0.0,0.0,518.2265475278383,75.574761500764,0.0,0.0,-18.520727212751986,0.0,0.0,0.0,0.0,0.0,0.0,0.0,0.0,0.0,0.0,0.0,0.0,0.0,0.0,0.0,0.0,0.0,0.0,-477.19522226040147,0.0,0.0,21.578353862245223,0.0,22.297632324320062,0.0,0.0,0.0,0.0,0.0,0.0,0.0,1000.0,-1000.0,0.0,0.0,0.0,0.0,0.0,0.0,5.538444157976301,0.07192784620748406,0.0,0.0,0.0,0.0,-690.9104841524911,0.0,0.0,0.0,0.0,327.1905191115136,0.0,0.0,0.0,0.0,0.0,34.6790635355088,34.6790635355088,0.0,0.0,0.0,843.75,1000.0,0.0,0.0,34.75099138171629,0.0,0.0,0.0,-598.5520235967375,0.0,0.0,0.0,0.0,0.0,0.0,0.0,0.0,0.0,0.0,0.0,0.0,0.0,0.0,0.0,-1000.0,0.0,0.0,0.0,0.0,0.0,960.2902083832289,-766.7470426817695,284.2372477524606,-284.2372477524606,0.0,0.0,0.0,0.0,0.0,0.0,0.0,161.178078333317,-267.46606586494124,0.0,0.0,0.0,0.0,0.0,0.0,0.0,0.0,0.0,0.0,0.0,0.0,0.0,382.5696868672053,676.6816226354847,-170.90330596138617,0.0,0.0,0.0,0.0,77.7352875330441,0.0,0.0,0.0,0.0,-6.334445656004846,-593.5951654732024,0.0,0.0,0.0,0.0,0.0,0.0,0.0,0.0,0.0,78.92472489844806,0.0,0.0,0.0,-193.0238302101103,0.0,0.0,170.90330596138617,0.0,0.0,0.0,0.0,0.0,0.0,0.0,392.30693692467906,0.0,0.0,0.0,-343.687500000002,0.0,343.687500000002,0.0,343.687500000002,375.45066529481096,0.0,364.9520250636201,960.2902083832289,0.0,122.94340338583646,0.0,0.0,0.0,-964.637789294052,0.0,964.637789294052,0.0,1000.0,0.0,0.0,1000.0,843.75,0.0,0.0,-6.334445656004846,-0.1078917693112261,0.0,0.0,0.0,0.0,0.07192784620748406,0.0,0.0,0.0,900.6863586047107,700.8975088090747,0.0,-761.9831427092276,769.4852440841892,0.0,955.963923103742,0.0,218.4465441853298,0.0,-18.520727212751986,0.0,0.0,0.0,-6.192987558464104,-356.88214883871785,144.6285922118525,-792.9534413393176,-1000.0,0.0,0.0,0.0,0.0,0.0,0.0,0.0,0.0,0.0,0.0,0.0,0.0,0.0,0.0,0.0,0.0,0.0,0.0,0.0,-1000.0,0.0,198.3970863325428,0.0,0.0,0.0,0.0,-5.538444157976301,0.0,811.5960891005514,0.0,0.0,514.6301552174641,0.0,0.0,-260.91146991910625,0.0,356.88214883871785,-300.94219513601365,0.0,-814.1222791164722,572.6428419862425,0.0,0.0,-620.5402595551386,-1.7981961551871017,-3.5963923103742035,968.7500000000018,0.0,114.4249782984524,0.0,0.0,21.578353862245223,0.0,0.0,0.0,86.71733171035612,0.0,0.0,0.0,-382.5696868672053,382.5696868672053,382.5696868672053,10.417826260899119,0.0,0.0,-965.3928643106987,0.0,0.0,161.178078333317,0.0,0.0,-12.668891312009691,0.0,0.0,65.61443075850319,0.0,0.0,0.0,0.0,-35.807215379251595,0.14385569241494522,0.0,0.0,0.0,0.0,0.0,0.0,0.0,0.0,0.0,0.0,0.0,0.0,0.0,0.0,0.0,0.0,0.0,0.0,0.0,0.0791206308279584,0.0791206308279584,0.0,464.1841176257085,0.0,43.156707724490445,0.0,0.0,0.0,1000.0,0.0,0.0,0.0,0.0,0.0,382.608839323766,-1000.0,0.0,0.0,177.03567909736677,0.0,0.0,65.61443075850319,0.0,0.0,0.0,0.0,0.0,0.0,0.0,159.06507408680048,-900.6863586047107,690.9104841524911,0.0,96.22322135739061,0.0,0.0,-31.215826447282325,-108.95111398032643,0.0,382.608839323766,0.0,346.8016239445144,0.0,0.0,0.0,382.5696868672053,0.0,0.0,0.0,0.0,0.0,0.0,0.0,0.0,0.0,0.0,0.0,0.0,0.0,43.156707724490445,0.0,0.0,0.0,0.0,0.0,0.0,0.0,0.0,0.0,0.0,0.0,0.0,0.7192784620748407,0.0,0.0,0.0,0.0,0.0,-766.7470426817695,0.0,0.0,21.578353862245223,-177.03567909736677,0.0,0.0,90.68477719941431,0.0,0.0,0.0,0.0,0.0,0.0,616.6782603249586,0.0,0.0,21.578353862245223,21.578353862245223,1000.0,-1000.0,0.0,65.61443075850319,0.0,0.0,0.0,0.0,0.0,-282.6213201614464,161.178078333317,125.08297104137995,0.07192784620748406,0.0,0.0,94.99099632358379,0.0,0.0,0.0,31.215826447282325,0.0,0.0,0.0,0.0,0.0,0.0,0.0,0.0,0.0,0.0,0.0,0.0,0.0,0.0,0.07192784620748406,0.0,0.0,0.0,1000.0,-1000.0,0.0,0.0,0.0,198.3970863325428,-5.538444157976301,811.5960891005514,0.0,0.0,-1000.0,-5.394588465561306,-3.5963923103742035,0.0,0.0,968.75,968.75,-968.75,0.0,0.0,0.0,0.0,0.0,0.0,0.0,0.0,0.0,0.0,0.0,118.0213706088266,0.0,0.0,0.0,-0.07192784620748406,0.0,0.0,0.07192784620748408,0.0,0.07192784620748406,0.0,0.0,0.0,43.156707724490445,87.75197237313051,87.75197237313051,0.0,0.0,0.0,0.0,0.0,0.0,0.0,690.9104841524911,0.0,161.178078333317,0.0,0.0,0.0,0.0,0.0,0.0,0.0,0.0,0.0,0.0,0.0,0.0,0.0,0.0,0.0,0.0,0.0,77.7352875330441,0.0,0.0,0.0,0.1078917693112261,0.0,0.0,0.0,-21.578353862245223,0.0,0.0,0.0,0.0,0.0,-464.1841176257085,3.5963923103742035,0.0,0.0,0.0,-843.75,-1000.0,0.0,0.0,0.0,0.0,0.0,0.0,0.0,0.0,0.0,0.0,0.0,177.03567909736677,604.5574035504177,81.61443075850319,0.0,741.5249149109943,-18.520727212751986,0.0,0.0,811.5960891005514,-811.5960891005514,0.0,-87.75197237313051,0.0,3.5963923103742035,629.7604557305766,0.0,0.0,0.0,-12.668891312009691,0.0,0.0,0.0,0.0,0.0,0.0,0.0,0.0,0.0,-10.789176931122768,0.0,87.75197237313051,0.0,0.0,0.0,0.0,0.0,0.0,0.0,0.0,0.0,0.0,0.0,0.0,480.36788302239256,-94.99099632358379,-609.9375604295526,0.0,21.578353862245223,0.0,0.0,0.0,0.0,148.66125211645,0.0,0.0,0.0791206308279584,0.0,0.0,0.0,43.875986186565285,0.0,0.0,0.0,0.0,676.6816226354847,0.0,0.0,0.0,0.0,0.0,0.0,0.0,0.0,0.0,0.0,0.007192784620748407,0.007192784620748407,0.0,0.0,0.0,0.0,0.0,0.0,0.0,0.0,0.0,94.99099632358379,0.0,0.0,0.0,0.0,0.0,464.1841176257085,0.0,0.0,0.0,0.0,0.0,0.0,0.0,960.2902083832289,0.0,0.0,0.0,0.0,1000.0,0.0,-203.52247044130095,0.0,0.0,0.0,43.15670772449039,0.0,0.0,0.0,0.0,0.0,956.8432922755096,-1000.0,0.0,0.0,0.0,0.0,0.0,0.0,0.0,0.0,0.0,0.0,0.0,0.0,-125.08297104137995,-1000.0,49.270574652126534,0.0,-21.578353862245223,0.0,999.7122886151693,0.0,0.0,0.0,0.0,0.0,0.0,0.0,0.0,0.0,0.0,0.0,0.0,0.0,0.0,0.0,0.0,0.0,-8.990980775935508,0.0,-520.0247436830253,-5.394588465561526,0.0,0.0,0.0,0.0,0.0,0.0,-0.8990980775935509,12.668891312009691,0.0,0.0,0.0,0.0,0.0,0.0,0.0,1000.0,21.578353862245223,21.578353862245223,0.0,0.0,0.0,0.0,0.0,0.0791206308279584,464.1841176257085,0.0,0.0,-999.7122886151693,0.0,0.0,0.0,0.0,0.0,0.0,0.0,0.0,0.0,0.0,0.0,0.0,0.0,0.0,0.0,0.0,0.0,0.0,0.0,75.52423851785828,0.0,0.0,5.538444157976301,0.0,0.0,0.0,464.1841176257085,0.0,-5.91246895825157,0.0,0.0,0.0,-8.990980775935508,0.0,0.0,0.0,0.0,0.0,0.0,0.0,0.0,0.0,0.0,0.0,0.0,0.0,0.0,0.0,0.0,0.0,0.0,-0.07192784620748406,0.0,0.0,3.5963923103742035,-382.608839323766,0.0,0.0,0.0,0.0,0.0,0.0,0.0,0.0,6.192987558464104,1.7981961551871017,0.0,0.0,0.0,0.07192784620748406,0.0,71.92784620748407,-22.297632324320062,14.385569241496816,0.5137703300534576,200.67869091888056,-0.05394588465561305,260.91146991910625,1.4385569241496814,-0.3596392310381703,-200.67869091888056,21.578353862245223,-0.07192784620748408,6.173575737583995,65.61443075850319,0.01798196155187102,0.5137703300534576,-18.520727212751986,-11.45091311622787,-1.4385569241496814,-497.37503836777375,-0.07192784620748408,0.01798196155187102,-200.67869091888056,7.192784620748407,0.07192784620748408,0.07192784620748408,-464.03306914867306,0.07912063082823248,-9.655428339810499,-0.05394588465561305,21.578353862245223,0.07192784620748408,21.578353862245223,-35.96392310374203,-0.03596392310374204,-280.49363634619914,-85.0,-0.05394588465561305,-0.07192784620748408,-22.297632324320062,0.07192784620748406,7.192784620748407,-1.4385569241496814,77.7352875330441,77.7352875330441,-7.192784620748407,497.37503836777375,-77.7352875330441,14.385569241496814,0.1078917693112261,364.974288579296,7.192784620748407,-159.06507408680048,65.61443075850319,-14.385569241496814,0.03596392310374203,0.7192784620748407,190.4957856773069,96.0,-0.07192784620748408,-480.36788302239256,464.03306914867306,22.297632324320062,0.07192784620748408,11.45091311622787,-20.698984690477694,65.61443075850319,-0.07192784620748408,-0.01798196155187102,-65.61443075850319,-0.07192784620748408,-35.807215379251595,0.07192784620747261,-0.017981961551871015,-0.017981961551871015,-0.017981961551871015,28.771138482993628,35.96392310374203,0.7192784620748407,215.95901893144185,-0.01798196155187102,374.81799561702985,3.5963923103742035,21.5,0.07192784620748408,0.03596392310374204,0.03596392310374204,40.0,22.297632324320062,0.07192784620748408,-22.297632324320062,0.7192784620748407,0.07192784620748408,-541.2979706763944,0.07192784620748408,0.28771138483068626,0.3596392310381703,0.03596392310374204,0.01798196155187102,21.578353862245223,-0.07192784620748408,9.655428339810499,0.7192784620748407,-431.9180378628837,259.11327376391915,-7.192784620748407,14.385569241496814,3.5963923103742035,-0.07192784620748408,18.520727212751986,0.1078917693112261,-0.07192784620748408,-80.0,22.297632324320062,62.3674330770958,0.03596392310374204,-43.0,-0.07192784620748408,-0.07192784620747261,-0.07192784620748409,0.03596392310374204,200.67869091888056,-14.385569241496814,0.07192784620748408,380.9915713546138,-0.017981961551871015,-0.07912063082823248,-380.9915713546138,10.78917693112261,85.0,-316.00065640365324,200.67869091888056,-0.05394588465561305,480.36788302239256,-96.0,0.07192784620748408,-0.017981961551871015,3.5963923103742035,71.92784620748407,-0.03596392310374204,-0.07192784620748408,0.01798196155187102,0.0,0.0,-365.01025250239974,325.3389517449525,-46.0,0.0,294.5472388815217,-31.0,0.0,-32.0,-93.0,-65.0,0.0,16.0,23.0,46.5,0.0,15.5,-464.1841176257085,-211.02868519354578,0.0,65.0,-211.02868519354578,-294.5472388815217,154.0267194756255,0.0,1496.5981,hclb
191,0.0,0.0,0.0,0.0,0.0,0.0,0.0,0.0,-0.028478779388883893,0.0,0.0,0.0,0.0,0.0,0.0,0.0,-593.3708027692296,795.1421033769723,0.0,-81.17130591901743,0.0,0.0,0.0,75.36334961876084,0.0,0.0,0.0,0.0,0.0,0.0,0.0,0.0,0.0,0.0,0.0,0.0,0.0,-34.16307231692102,0.0,-1000.0,-378.3556367085836,0.0,-1000.0,-406.6291972307704,0.0,0.0,632.2932156383259,0.0,0.0,0.0,0.0,0.0,0.0,0.03132665732780282,0.0,0.0,0.0,5.6957558777767785,0.0,0.0,-29.260522196593207,0.0,0.0,-116.78698845643694,0.0,0.0,0.0,0.0,404.8505087508804,-404.8505087508804,0.0,0.28478779388883896,0.0,0.0,0.0,0.0,0.0,0.0,0.0,0.0,0.0,0.0,0.0,0.0,17.087267633330338,0.0,55.927979778360125,-261.50550468868585,975.4763021466407,0.0,909.0838851678246,0.0,0.0,772.7806936628493,8.543633816665169,0.0,8.543633816665169,0.0,0.0,0.0,0.0,737.1894483797921,0.0,0.0,0.0,0.0,0.0,0.0,0.0,0.0,0.0,0.0,0.0,0.0,0.0,0.0,0.0,0.0,0.0,0.0,0.0,0.0,0.0,0.0,-357.322713069417,0.0,0.0,8.543633816665169,0.0,8.82842161055401,0.0,0.0,0.0,0.0,0.0,0.0,0.0,0.0,0.0,-87.52646625984373,0.0,0.0,0.0,0.0,0.0,58.120845791304184,0.028478779388883893,909.0910048626719,0.0,0.0,0.0,0.0,0.0,0.0,0.0,0.0,-120.13144491916925,0.0,0.0,0.0,0.0,0.0,58.0643665361157,58.0643665361157,0.0,0.0,0.0,0.0,299.6384817926179,0.0,0.0,58.09284531550458,0.0,0.0,0.0,-314.6625702090813,0.0,0.0,0.0,0.0,0.0,0.0,0.0,0.0,0.0,0.0,0.0,0.0,0.0,0.0,0.0,-1000.0,0.0,0.0,0.0,0.0,0.0,0.0,1000.0,-975.4763021466407,975.4763021466407,87.52646625984373,0.0,0.0,0.0,0.0,0.0,0.0,0.0,55.74439669861273,0.0,0.0,0.0,0.0,0.0,0.0,0.0,0.0,0.0,0.0,0.0,0.0,0.0,0.0,-31.60848824444644,-406.6291972307704,0.0,0.0,0.0,0.0,82.12364328172272,0.0,0.0,0.0,0.0,-29.260522196593207,0.0,0.0,0.0,0.0,0.0,0.0,0.0,0.0,0.0,714.5132622718053,0.0,0.0,0.0,-593.413520938313,357.5390833549684,-236.98180683532655,0.0,406.6291972307704,0.0,0.0,87.52646625984373,0.0,0.0,0.0,0.0,-60.009664958537506,0.0,0.0,-413.8596314852572,0.0,0.0,-413.8596314852572,0.0,0.0,0.0,0.0,0.0,0.0,0.0,-90.1943150465803,0.0,0.0,0.0,-922.7950241759686,0.0,922.7950241759686,0.0,1000.0,0.0,0.0,0.0,0.0,0.0,0.0,-29.260522196593207,-0.04271816908332583,0.0,0.0,0.0,0.0,0.028478779388883893,0.0,0.0,0.0,107.2929943699631,-593.3708027692296,0.0,-72.08997594513619,143.68953659786,0.0,-369.8120028919184,0.0,0.0,0.0,0.0,0.0,0.0,0.0,-2.4520229053829334,-404.8505087508804,407.30253165626334,0.0,0.0,0.0,0.0,0.0,0.0,0.0,0.0,0.0,0.0,0.0,0.0,0.0,0.0,0.0,0.0,0.0,0.0,0.0,-1000.0,0.0,-1000.0,0.0,34.049157199365496,713.5962455754833,0.0,0.0,0.0,-772.6341080631095,0.0,0.0,0.0,0.0,735.7655094103479,0.0,0.0,-80.65107499098818,0.0,0.0,-916.5010470701235,-1.4239389694441946,-445.6492081033955,0.0,0.0,-288.65561868363,212.67881333309037,-0.7119694847220973,0.0,718.7500000000076,0.0,-193.564139122462,1000.0,0.0,8.543633816665169,0.0,0.0,0.0,0.0,0.0,0.0,0.0,0.0,0.0,0.0,58.10952713280247,0.0,0.0,-477.4548359400277,0.0,0.0,0.0,0.0,0.0,-34.1915510963099,0.0,0.0,0.0,0.0,0.0,0.0,0.0,-40.15212206111161,0.0569575587777868,0.0,0.0,0.0,0.0,0.0,0.0,0.0,0.0,0.0,0.0,0.0,0.0,0.0,0.0,0.0,0.0,0.0,0.0,0.0,0.03132665732780282,0.03132665732780282,0.0,60.922650716054775,0.0,17.087267633330338,0.0,673.3351562182582,0.0,0.0,0.0,0.0,55.927979778360125,0.0,0.0,237.6689626423908,0.0,0.0,0.0,218.55298864063147,0.0,0.0,0.0,0.0,0.0,0.0,0.0,0.0,0.0,0.0,119.10757102313899,-107.2929943699631,0.0,0.0,58.120845791304184,0.0,0.0,772.7806936628493,603.1305841212829,0.0,237.6689626423908,0.0,197.51684058127918,0.0,0.0,0.0,0.0,0.0,0.0,0.0,0.0,0.0,0.0,0.0,0.0,0.0,0.0,0.0,0.0,0.0,17.087267633330338,87.52646625984373,87.52646625984373,0.0,0.0,0.0,0.0,0.0,0.0,0.0,0.0,0.0,0.0,0.28478779388883896,0.0,0.0,55.927979778360125,-55.927979778360125,0.0,1000.0,0.0,0.0,8.543633816665169,-218.55298864063147,0.0,0.0,0.0,0.0,0.0,0.0,0.0,0.0,0.0,136.38903090773118,0.0,0.0,8.543633816665169,8.543633816665169,0.0,0.0,0.0,0.0,0.0,0.0,0.0,0.0,0.0,-60.36564970089855,0.0,0.0,0.028478779388883893,0.0,0.0,-840.0858018617646,877.6960984418413,29.194716989420755,0.0,-772.7806936628493,0.0,0.0,0.0,0.0,0.0,0.0,0.0,0.0,0.0,0.0,0.0,0.0,0.0,0.0,0.028478779388883893,0.0,0.0,0.0,0.0,0.0,0.0,0.0,0.0,34.049157199365496,-11.708128674537306,713.5962455754833,0.0,-760.9259793885722,0.0,-2.135908454166291,-1.4239389694441957,0.0,0.0,0.0,0.0,0.0,0.0,0.0,0.0,0.0,0.0,0.0,0.0,87.52646625984373,0.0,0.0,0.0,-192.1402001530178,0.0,0.0,0.0,-0.028478779388883893,0.0,0.0,0.028478779388883893,0.0,0.028478779388883893,0.0,0.0,0.0,17.087267633330338,34.744110854438354,34.744110854438354,0.0,0.0,0.0,0.0,0.0,0.0,0.0,0.0,0.0,0.0,0.0,0.0,0.0,0.0,0.0,0.0,0.0,0.0,0.0,0.0,0.0,0.0,0.0,0.0,0.0,0.0,0.0,169.65010954156645,0.0,0.0,0.0,0.04271816908332583,0.0,0.0,0.0,-8.543633816665169,0.0,0.0,0.0,0.0,0.0,-60.922650716054775,1.4239389694441946,0.0,0.0,0.0,0.0,-299.6384817926179,1000.0,0.0,0.0,0.0,0.0,0.0,0.0,0.0,0.0,87.52646625984373,0.0,218.55298864063147,54.265387626008454,60.922650716054775,0.0,59.304244122223224,29.194716989420755,0.0,239.07402061142784,760.9259793885722,-1000.0,0.0,-34.744110854438354,673.3351562182582,1.4239389694441957,833.3863962488036,0.0,0.0,0.0,-146.04751065303014,0.0,0.0,-93.75000000000355,93.75000000000355,0.0,0.0,0.0,0.0,0.0,63.058559170221066,-67.33037607855363,34.744110854438354,0.0,0.0,0.0,0.0,0.0,0.0,0.0,0.0,0.0,714.5132622718053,0.0,0.0,0.0,-37.61029658007674,0.0,-1000.0,8.543633816665169,55.927979778360125,0.0,0.0,0.0,-178.34668378287378,0.0,0.0,0.03132665732780282,0.0,0.0,0.0,17.372055427219177,0.0,0.0,0.0,0.0,-31.60848824444644,0.0,0.0,0.0,0.0,0.0,0.0,0.0,0.0,0.0,0.0,0.0028478779388883893,0.0028478779388883893,0.0,0.0,0.0,0.0,0.0,0.0,0.0,0.0,0.0,-840.0858018617646,0.0,0.0,0.0,0.0,0.0,60.922650716054775,0.0,0.0,0.0,0.0,0.0,0.0,0.0,0.0,0.0,0.0,0.0,111.85595955672025,0.0,-267.91291145747664,795.1421033769723,0.0,0.0,0.0,17.087267633330338,0.0,0.0,0.0,0.0,0.0,-557.1364070616196,540.0491394282892,0.0,111.85595955672025,0.0,0.0,0.0,0.0,0.0,0.0,0.0,0.0,0.0,0.0,1000.0,-60.36564970089855,19.507963881385468,0.0,-8.543633816665169,0.0,-0.11391511755552301,0.0,0.0,0.0,0.0,0.0,0.0,0.0,0.0,0.0,0.0,0.0,0.0,0.0,0.0,0.0,0.0,673.3351562182582,-3.5598474236104867,87.52646625984373,-737.9014178645142,65.19446762438737,0.0,0.0,0.0,0.0,0.0,188.05550032462497,-188.41148506698602,34.1915510963099,0.0,0.0,0.0,0.0,0.0,0.0,0.0,1000.0,8.543633816665169,8.543633816665169,0.0,0.0,0.0,0.0,0.0,0.03132665732780282,60.922650716054775,0.0,0.0,0.1139151175555213,0.0,0.0,0.0,0.0,0.0,0.0,0.0,0.0,0.0,0.0,0.0,0.0,0.0,0.0,0.0,0.0,0.0,0.0,0.0,29.90271835832809,0.0,0.0,58.120845791304184,0.0,0.0,0.0,60.922650716054775,0.0,-287.8276933939609,0.0,0.0,0.0,-3.5598474236104867,0.0,0.0,0.0,0.0,0.0,0.0,0.0,0.0,0.0,0.0,0.0,0.0,0.0,0.0,0.0,0.0,0.0,0.0,-0.028478779388883893,0.0,0.0,1.4239389694441946,-237.6689626423908,0.0,0.0,0.0,0.0,87.52646625984373,0.0,0.0,0.0,2.4520229053829334,0.7119694847220973,0.0,0.0,0.0,0.028478779388883893,0.0,28.47877938888389,-8.828421610554008,5.695755877776779,0.20341985277774208,79.45579449498608,-0.021359084541662916,369.30669367461815,0.5695755877776779,-0.14239389694440518,-79.45579449498608,8.543633816665169,-0.028478779388883893,0.0,0.0,0.007119694847220973,0.20341985277774208,0.0,-60.46180145707035,-0.5695755877776779,-120.59999468872525,-0.028478779388883893,0.007119694847220973,-79.45579449498608,2.8478779388883892,0.028478779388883893,0.028478779388883893,-60.86284527933809,-55.89665312103235,-10.957405071690872,-0.021359084541662916,8.543633816665169,0.028478779388883893,8.543633816665169,-14.239389694441947,-0.014239389694441945,131.08884999086013,-85.0,-0.021359084541662916,-0.028478779388883893,-8.828421610554008,0.028478779388883893,2.8478779388883892,-0.5695755877776779,169.65010954156645,169.65010954156645,-2.8478779388883892,120.59999468872525,-169.65010954156645,5.6957558777767785,0.04271816908332583,-321.2012623887895,2.8478779388883892,-119.10757102313899,0.0,-5.6957558777767785,0.014239389694441945,0.28478779388883896,18.022493986284047,66.61840659383155,-0.028478779388883893,-67.33037607855363,60.86284527933809,8.82842161055401,0.028478779388883893,60.46180145707035,-34.174535266660655,0.0,-0.028478779388883893,-0.007119694847220973,0.0,-0.028478779388883893,-40.15212206111161,0.028478779388883893,-0.007119694847220973,-0.007119694847220973,-0.007119694847220973,11.391511755553557,14.239389694441947,0.28478779388883896,21.09921567974213,-0.007119694847220973,36.044987972568094,1.4239389694441946,21.5,0.028478779388883893,0.014239389694441945,0.014239389694441947,2.8478779388883892,8.828421610554008,0.028478779388883893,-8.828421610554008,0.28478779388883896,0.028478779388883893,-21.09921567974213,0.028478779388883893,0.11391511755552301,0.14239389694440518,0.014239389694441945,0.007119694847220973,8.543633816665169,-0.028478779388883893,10.957405071690872,0.28478779388883896,-42.19843135948426,368.59472418989606,-2.8478779388883892,5.6957558777767785,1.4239389694441946,-0.028478779388883893,0.0,0.04271816908332583,-0.028478779388883893,-5.695755877776776,8.828421610554008,458.3147468806769,0.014239389694441947,-43.0,-0.028478779388883893,-0.028478779388883893,-0.028478779388883893,0.014239389694441947,79.45579449498608,-5.6957558777767785,0.028478779388883893,36.044987972568094,-0.007119694847220973,55.89665312103235,-36.044987972568094,4.271816908332584,85.0,99.06035117234597,79.45579449498608,-0.021359084541662916,67.33037607855363,-66.61840659383155,0.028478779388883893,-0.007119694847220972,1.4239389694441957,28.47877938888389,-0.014239389694441945,-0.028478779388883893,0.007119694847220972,0.0,0.0,321.187022999095,0.0,-46.0,0.0,305.7037142170876,28.56533596492639,0.0,-32.0,-93.0,-65.0,0.0,16.0,23.0,46.5,0.0,-14.282667982463195,-60.922650716054775,-279.96806309780317,0.0,65.0,-279.96806309780317,-305.7037142170876,168.51518577242993,0.0,1496.5981,hclb
192,0.0,0.0,0.0,0.0,0.0,0.0,0.0,0.0,-0.02882746770444779,0.0,0.0,0.0,0.0,0.0,0.0,0.0,1000.0,-442.8197563780877,0.0,-202.40631170955373,0.0,0.0,0.0,1000.0,0.0,653.9169054172032,0.0,0.0,0.0,317.2275413783505,0.0,0.0,12.473423593761135,0.0,0.0,0.0,0.0,-464.7330252605283,0.0,-1000.0,1000.0,0.0,0.0,0.0,0.0,0.0,622.069687051335,0.0,-797.5936882904463,-744.6623218053345,0.0,0.0,0.0,0.03171021447483915,0.0,0.0,0.0,5.765493540889558,0.0,0.0,15.61666142964745,0.0,38.84953982681042,0.0,0.0,0.0,0.0,0.0,0.0,937.694505784567,0.0,0.2882746770444779,0.0,0.0,0.0,0.0,0.0,0.0,0.0,0.0,0.0,0.0,0.0,0.0,17.296480622668675,0.0,0.0,116.14051704732687,1000.0,-963.7728968445219,-0.007206866926111948,0.0,0.0,-899.578205348693,8.648240311334337,0.0,8.648240311334337,0.0,0.0,0.0,0.0,139.692386249641,233.19042961742645,0.0,0.0,-17.889489369970622,0.0,0.0,0.0,0.0,0.0,0.0,0.0,0.0,0.0,0.0,0.0,0.0,0.0,0.0,0.0,0.0,0.0,0.0,-1000.0,0.0,0.0,8.648240311334337,0.0,8.936514988378814,0.0,0.0,0.0,0.0,0.0,0.0,0.0,0.0,0.0,-54.46620125645787,0.0,0.0,0.0,0.0,0.0,2.2197150132424888,0.02882746770444779,0.0,0.0,0.0,-23.876531421479967,0.0,0.0,0.0,441.5289743310698,0.0,-299.1726998533832,0.0,0.0,0.0,0.0,0.0,377.9591404163694,377.9591404163694,0.0,0.0,0.0,0.0,0.0,0.0,0.0,377.98796788407384,0.0,0.0,0.0,130.0177226337273,0.0,0.0,0.0,0.0,0.0,0.0,0.0,0.0,0.0,0.0,0.0,0.0,0.0,0.0,0.0,-344.85260843555506,0.0,0.0,0.0,0.0,0.0,744.6623218053345,0.0,-36.22710315547806,36.22710315547806,0.0,0.0,0.0,0.0,0.0,0.0,0.0,84.03711176092406,-920.4923955824655,0.0,0.0,0.0,0.0,0.0,0.0,0.0,0.0,0.0,0.0,0.0,0.0,0.0,195.14273361916338,-7.592481496740916,-519.6338530879043,0.0,0.0,0.0,54.46620125645787,38.80367960374316,0.0,0.0,0.0,0.0,15.61666142964745,-519.6338530879043,0.0,0.0,0.0,0.0,0.0,0.0,0.0,0.0,0.9282444600837039,0.0,0.0,0.0,-179.14758283758243,857.0795203178957,-717.6802743985975,0.0,519.6338530879043,0.0,0.0,54.46620125645787,-220.08171309453837,0.0,0.0,0.0,309.25187631657263,0.0,0.0,-1000.0,0.0,-541.3314827496381,-1000.0,0.0,-541.3314827496381,963.7728968445219,0.0,0.0,744.6623218053345,0.0,41.62495529166617,0.0,0.0,0.0,-1000.0,0.0,1000.0,0.0,1000.0,0.0,54.46620125645787,0.0,0.0,0.0,0.0,15.61666142964745,-0.04324120155667168,0.0,0.0,0.0,0.0,0.02882746770444779,0.0,0.0,0.0,296.47244406039385,1000.0,0.0,-44.29727977669548,-341.16000290554587,0.0,879.947532595766,0.0,4.644105047186485,0.0,-17.889489369970622,0.0,0.0,0.0,-2.4820449693529008,-2.162060077833587,0.0,-437.37873187275164,-444.0780206705315,0.0,0.0,0.0,0.0,0.0,0.0,0.0,0.0,0.0,0.0,0.0,0.0,0.0,0.0,0.0,0.0,0.0,-1000.0,0.0,-535.3822846102894,0.0,0.0,0.0,1000.0,0.0,0.0,-3.1479594733261926,0.0,0.0,0.0,0.0,138.2510128644186,0.0,0.0,-570.5668798174316,0.0,2.162060077833587,-21.24227268559804,0.0,0.0,-38.81618526403895,0.0,0.0,0.0,-0.7206866926111948,-1.4413733852223896,0.0,0.0,0.0,-259.1119031019485,894.0613610246843,8.648240311334337,0.0,0.0,0.0,117.81071547257534,0.0,0.0,0.0,-195.14273361916338,195.14273361916338,195.14273361916338,-12.686719643494285,0.0,0.0,0.0,0.0,0.0,84.03711176092406,0.0,0.0,-23.23287839716297,0.0,0.0,128.7007077155683,0.0,0.0,0.0,0.0,-40.11725322955522,0.05765493540883426,0.0,0.0,0.0,0.0,0.0,0.0,0.0,0.0,0.0,937.694505784567,0.0,0.0,0.0,0.0,0.0,0.0,0.0,0.0,0.0,0.03171021447483915,0.03171021447483915,0.0,285.3772400782738,0.0,17.296480622668675,0.0,0.0,0.0,578.0034854223006,0.0,0.0,0.0,0.0,0.0,-222.58894236661178,-578.0034854223006,0.0,0.0,0.0,0.0,0.0,128.7007077155683,0.0,0.0,0.0,0.0,0.0,0.0,0.0,333.3333333333333,-296.47244406039385,23.876531421479967,0.0,2.2197150132424888,0.0,-899.578205348693,0.0,-38.80367960374316,0.0,-222.58894236661178,0.0,0.0,-262.706195596167,0.0,0.0,195.14273361916338,0.0,0.0,0.0,0.0,0.0,0.0,0.0,0.0,0.0,0.0,0.0,0.0,0.0,17.296480622668675,54.46620125645787,54.46620125645787,0.0,0.0,0.0,0.0,0.0,0.0,0.0,0.0,0.0,0.0,0.2882746770444779,0.0,0.0,0.0,0.0,0.0,0.0,0.0,0.0,8.648240311334337,0.0,0.0,0.0,0.0,0.0,0.0,0.0,0.0,0.0,0.0,782.8586886113153,168.70072697231527,0.0,8.648240311334337,8.648240311334337,1000.0,-578.0034854223006,0.0,128.7007077155683,0.0,0.0,0.0,0.0,0.0,-795.8116977446748,84.03711176092406,-444.0780206705315,0.02882746770444779,0.0,0.0,0.0,38.070789313395366,0.0,0.0,899.578205348693,0.0,0.0,0.0,0.0,0.0,0.0,0.0,0.0,0.0,0.0,0.0,0.0,0.0,0.0,0.02882746770444779,0.0,0.0,0.0,-971.6732338001184,971.6732338001184,0.0,0.0,0.0,0.0,0.0,461.4697559163844,-441.5289743310698,0.0,0.0,-2.1620600778335843,-1.4413733852223896,0.0,0.0,843.75,843.75,-843.75,0.0,0.0,0.0,0.0,0.0,0.0,0.0,54.46620125645787,0.0,0.0,0.0,895.5027344099067,0.0,0.0,0.0,-0.02882746770444779,0.0,0.0,0.02882746770444779,0.0,0.02882746770444779,0.0,0.0,0.0,17.296480622668675,35.1695105994263,35.1695105994263,0.0,0.0,0.0,0.0,0.0,0.0,0.0,23.876531421479967,0.0,84.03711176092406,0.0,0.0,0.0,0.0,0.0,0.0,0.0,0.0,0.0,0.0,0.0,0.0,0.0,0.0,0.0,0.0,0.0,38.80367960374316,0.0,-653.9169054172032,653.9169054172032,0.04324120155667168,0.0,0.0,0.0,-8.648240311334337,0.0,0.0,0.0,0.0,0.0,-285.3772400782738,1.4413733852223896,0.0,0.0,0.0,0.0,0.0,-461.4697559163844,0.0,0.0,0.0,0.0,0.0,0.0,0.0,0.0,54.46620125645787,0.0,0.0,95.92264495191353,90.23450645911043,0.0,83.1110378805904,-17.889489369970622,464.61771538971055,-464.61771538971055,0.0,0.0,441.5289743310698,-255.25122369396468,0.0,1.4413733852223896,887.9591640198938,0.0,0.0,0.0,-23.23287839716297,0.0,0.0,0.0,0.0,0.0,0.0,0.0,0.0,0.0,287.5393001561074,-291.8634203117746,35.1695105994263,0.0,0.0,0.0,0.0,0.0,0.0,0.0,0.0,0.0,0.9282444600837039,0.0,0.0,0.0,-975.7652950979624,-12.990126278327038,0.0,8.648240311334337,0.0,0.0,0.0,0.0,-313.9534223716519,0.0,0.0,0.03171021447483915,0.0,0.0,0.0,17.58475529971315,0.0,0.0,0.0,0.0,-7.592481496740916,0.0,0.0,0.0,0.0,0.0,0.0,0.0,0.0,-1000.0,0.0,0.002882746770444779,0.002882746770444779,0.0,0.0,0.0,0.0,0.0,0.0,0.0,0.0,0.0,0.0,0.0,0.0,0.0,0.0,0.0,285.3772400782738,0.0,0.0,0.0,0.0,0.0,0.0,0.0,744.6623218053345,0.0,0.0,0.0,0.0,0.0,1000.0,-442.8197563780877,0.0,0.0,0.0,17.296480622668675,0.0,0.0,0.0,0.0,0.0,0.0,-17.296480622668675,0.0,0.0,0.0,0.0,0.0,0.0,0.0,0.0,0.0,0.0,0.0,0.0,1000.0,-1000.0,19.74681537754673,0.0,-8.648240311334337,0.0,-464.7330252605283,0.0,0.0,0.0,0.0,0.0,0.0,0.0,0.0,0.0,0.0,0.0,0.0,0.0,0.0,0.0,0.0,0.0,-3.603433463055974,54.46620125645787,-140.41307294225214,289.701360233941,0.0,0.0,0.0,0.0,0.0,-0.3603433463055974,0.0,464.7618527282327,0.0,0.0,0.0,0.0,0.0,0.0,0.0,1000.0,8.648240311334337,8.648240311334337,0.0,0.0,0.0,0.0,0.0,0.03171021447483915,285.3772400782738,0.0,0.0,464.7330252605283,0.0,0.0,0.0,0.0,0.0,0.0,0.0,0.0,0.0,0.0,0.0,0.0,0.0,0.0,0.0,0.0,0.0,0.0,0.0,30.268841089670182,2.2197150132424888,0.0,0.0,0.0,0.0,0.0,285.3772400782738,0.0,460.028382531162,0.0,0.0,0.0,-3.603433463055974,0.0,0.0,0.0,0.0,0.0,0.0,0.0,0.0,0.0,0.0,0.0,0.0,0.0,0.0,0.0,0.0,0.0,0.0,-0.02882746770444779,0.0,0.0,1.4413733852223896,222.58894236661178,0.0,0.0,0.0,0.0,54.46620125645787,0.0,0.0,0.0,2.4820449693529008,0.7206866926111948,0.0,0.0,653.9169054172032,0.02882746770444779,0.0,28.82746770444779,-8.936514988378814,5.765493540889558,0.2059104836031985,80.42863489540933,-0.02162060077833584,570.5668798174316,0.5765493540889558,-0.14413733852217092,-80.42863489540933,8.648240311334337,-0.02882746770444779,5.9631631233235405,128.7007077155683,0.007206866926111948,0.2059104836031985,-17.889489369970622,-4.589332858548573,-0.5765493540889558,-354.7739319123586,-0.02882746770444779,0.007206866926111948,-80.42863489540933,2.882746770444779,0.02882746770444779,0.02882746770444779,-285.3167023960945,0.03171021447489257,-16.81169808337512,-0.02162060077833584,8.648240311334337,0.02882746770444779,8.648240311334337,-14.413733852223896,-0.014413733852223895,351.7633766766996,-41.71525384189239,-0.02162060077833584,-0.02882746770444779,-8.936514988378814,0.02882746770444779,2.882746770444779,-0.5765493540889558,38.80367960374316,38.80367960374316,-2.882746770444779,354.7739319123586,-38.80367960374316,5.765493540889558,0.04324120155667168,173.35751838644046,2.882746770444779,-333.3333333333333,128.7007077155683,-5.765493540889558,0.014413733852223895,0.2882746770444779,11.07431994417387,96.0,-0.02882746770444779,-291.8634203117746,285.3167023960945,8.936514988378814,0.02882746770444779,4.589332858548573,94.10774647023078,128.7007077155683,-0.02882746770444779,-0.007206866926111948,-128.7007077155683,-0.02882746770444779,-40.11725322955522,0.02882746770444779,-0.007206866926111948,-0.007206866926111948,-0.007206866926111948,11.530987081779116,14.413733852223896,0.2882746770444779,129.02327253128487,-0.007206866926111948,16.1854767650242,1.4413733852223896,21.5,0.02882746770444779,0.014413733852223895,0.014413733852223895,40.0,8.936514988378814,0.02882746770444779,-8.936514988378814,0.2882746770444779,0.02882746770444779,-344.35471732278864,0.02882746770444779,0.11530987081772313,0.14413733852217092,0.014413733852223895,0.007206866926111948,8.648240311334337,-0.02882746770444779,16.81169808337512,0.2882746770444779,-258.04654506256975,569.8461931248205,-2.882746770444779,5.765493540889558,1.4413733852223896,-0.02882746770444779,17.889489369970622,0.04324120155667168,-0.02882746770444779,-80.0,8.936514988378814,474.3597285986058,0.014413733852223895,-43.0,-0.02882746770444779,-0.02882746770444779,-0.028827467704447794,0.014413733852223895,80.42863489540933,-5.765493540889558,0.02882746770444779,22.14863988834774,-0.007206866926111948,-0.03171021447489257,-22.14863988834774,4.324120155667168,41.71525384189239,-91.60237598006077,80.42863489540933,-0.02162060077833584,291.8634203117746,-96.0,0.02882746770444779,-0.007206866926111947,1.4413733852223896,28.82746770444779,-0.014413733852223895,-0.02882746770444779,0.007206866926111948,0.0,0.0,-173.37193212029268,215.33144479150377,-46.0,0.0,339.9858583904331,-31.0,0.0,405.790000134048,-93.0,-65.0,0.0,-202.895000067024,23.0,46.5,0.0,15.5,-285.3772400782738,-160.4063062269539,0.0,65.0,-160.4063062269539,-339.9858583904331,121.49768257487878,0.0,1496.5981,hclb
193,0.0,0.0,0.0,0.0,0.0,0.0,0.0,0.0,-0.036503917591600814,0.0,0.0,0.0,0.0,0.0,0.0,0.0,-530.9723721410586,-577.4069674016569,0.0,906.4321267682794,0.0,0.0,0.0,0.0,0.0,0.0,0.0,0.0,0.0,241.54041542175264,0.0,0.0,11.337085878551035,0.0,0.0,0.0,0.0,0.0,0.0,-1000.0,1000.0,0.0,-184.00204431187672,0.0,0.0,0.0,0.0,0.0,0.0,-840.36197850495,0.0,0.0,0.0,0.04015430935073215,0.0,0.0,0.0,0.0,0.0,0.0,-3.214778342567069,0.0,3.214778342567069,0.0,820.6863319328148,0.0,0.0,0.0,0.0,0.0,0.0,0.36503917591600815,0.0,0.0,0.0,0.0,0.0,0.0,0.0,0.0,0.0,0.0,-97.46860457615755,0.0,21.90235055496049,0.0,0.0,0.0,826.4874581472153,531.027128017446,137.32292142869045,0.0,0.0,801.583636466121,10.951175277480244,0.0,10.951175277480244,-1.1754261464499192,0.0,0.0,0.0,1.8251958795800407,0.0,0.0,0.0,-18.856177542674615,0.0,0.0,0.0,0.0,0.0,0.0,0.0,0.0,0.0,0.0,0.0,0.0,0.0,0.0,0.0,0.0,0.0,0.0,-414.39324316443174,0.0,0.0,10.951175277480244,0.0,11.316214453396249,0.0,0.0,0.0,0.0,0.0,0.0,-257.2931126399346,0.0,0.0,257.2931126399346,0.0,0.0,0.0,0.0,0.0,100.2794062307108,0.036503917591600814,137.33204740808836,0.0,0.0,0.0,0.0,0.0,0.0,97.46860457615755,0.0,77.8805647047962,0.0,0.0,0.0,0.0,0.0,813.1184067952694,813.1184067952694,0.0,0.0,0.0,-31.250000000000004,705.5817641006478,0.0,0.0,813.154910712861,0.0,0.0,0.0,0.0,-75.81294335561039,0.0,0.0,0.0,0.0,0.0,0.0,0.0,0.0,0.0,-102.68623119725017,0.0,0.0,0.0,0.0,-1000.0,0.0,0.0,0.0,0.0,0.0,840.36197850495,184.00204431187672,-357.5145861646613,357.5145861646613,0.0,0.0,0.0,0.0,0.0,0.0,0.0,241.54041542175264,-946.8637732172702,0.0,0.0,0.0,0.0,0.0,0.0,0.0,0.0,0.0,0.0,0.0,0.0,0.0,387.22865356872023,-28.398432963359674,105.42991240742947,0.0,0.0,0.0,0.0,81.31310432324833,0.0,0.0,0.0,0.0,-3.214778342567069,105.42991240742947,0.0,0.0,0.0,0.0,0.0,0.0,0.0,0.0,0.0,7.300783518320163,0.0,0.0,0.0,1000.0,-173.51254185278458,0.0,-105.42991240742947,0.0,0.0,0.0,-383.71848644454224,0.0,0.0,0.0,295.7317950469918,0.0,0.0,74.56310573762198,0.0,0.0,74.56310573762198,0.0,0.0,468.972871982554,0.0,-28.48942679803872,840.36197850495,0.0,20.532825757317937,0.0,0.0,0.0,0.0,0.0,0.0,0.0,1000.0,0.0,0.0,0.0,-31.25,0.0,0.0,-3.214778342567069,-0.05475587638740122,0.0,0.0,0.0,0.0,0.036503917591600814,0.0,0.0,0.0,907.7357203992715,-530.9723721410586,0.0,-425.47440621830157,-160.82554007277983,75.81294335561039,938.2519587958004,0.0,181.6056505675615,0.0,-18.856177542674615,0.0,0.0,0.0,818.3943494324385,0.0,-1000.0,0.0,-1000.0,0.0,0.0,0.0,0.0,0.0,0.0,0.0,0.0,0.0,0.0,0.0,0.0,0.0,0.0,0.0,0.0,0.0,-999.8539843296337,0.0,-1000.0,97.46860457615755,0.0,0.0,79.26607618608327,0.0,0.0,-100.2794062307108,0.0,0.0,0.0,0.0,0.0,0.0,0.0,-12.183870319148355,0.0,0.0,-208.78901260884584,0.0,-598.1765688935133,727.4867071193473,0.0,-29.274363653473323,-191.3486103707187,-0.9125979397900204,-1.8251958795800407,0.0,0.0,0.0,0.0,217.8128689872121,10.951175277480244,0.0,0.0,0.0,0.0,0.0,0.0,0.0,-387.22865356872023,387.22865356872023,387.22865356872023,-243.18746911854794,0.0,0.0,-186.91809712232225,0.0,0.0,241.54041542175264,0.0,0.0,-6.429556685134131,0.0,0.0,72.69921648167984,0.0,0.0,0.0,0.0,-39.34960824083992,0.07300783518316116,0.0,0.0,0.0,0.0,0.0,0.0,0.0,71.23094637333477,0.0,0.0,0.0,0.0,0.0,0.0,0.0,0.0,0.0,0.0,0.0,0.04015430935073215,0.04015430935073215,0.0,475.9278700504001,0.0,21.90235055496049,0.0,0.0,0.0,-867.1329244579796,0.0,719.1522644639707,0.0,0.0,0.0,-29.298060085198625,867.1329244579796,0.0,0.0,980.40871880217,0.0,0.0,72.69921648167984,0.0,0.0,0.0,0.0,0.0,0.0,0.0,138.13108105481058,-907.7357203992715,0.0,0.0,106.9795864458712,0.0,1000.0,-198.41636353387898,-279.7294678571273,0.0,-29.298060085198625,0.0,0.0,-68.64766832603854,0.0,0.0,387.22865356872023,0.0,0.0,0.0,0.0,0.0,0.0,0.0,0.0,0.0,0.0,0.0,0.0,0.0,21.90235055496049,0.0,0.0,0.0,0.0,0.0,0.0,0.0,0.0,0.0,0.0,0.0,0.0,0.36503917591600815,0.0,0.0,0.0,0.0,0.0,184.00204431187672,0.0,0.0,10.951175277480244,-980.40871880217,0.0,0.0,104.16878479131795,0.0,0.0,0.0,0.0,0.0,0.0,642.8462467760793,0.0,0.0,10.951175277480244,10.951175277480244,1000.0,867.1329244579796,0.0,72.69921648167984,0.0,0.0,0.0,0.0,0.0,-1000.0,241.54041542175264,-696.4539329938995,0.036503917591600814,0.0,0.0,0.0,48.20863802507908,0.0,71.23094637333477,-801.583636466121,0.0,0.0,0.0,0.0,0.0,0.0,0.0,0.0,0.0,0.0,0.0,0.0,0.0,0.0,0.036503917591600814,0.0,0.0,0.0,-482.7188421668376,482.7188421668376,0.0,0.0,0.0,0.0,0.0,-100.2794062307108,0.0,0.0,-0.14601567036632232,-2.737793819370061,-1.8251958795800423,0.0,0.0,0.0,0.0,0.0,0.0,0.0,0.0,0.0,0.0,0.0,0.0,0.0,75.81294335561039,0.0,0.0,219.63806486679215,0.0,0.0,0.0,-0.036503917591600814,0.0,0.0,0.036503917591600814,0.0,0.036503917591600814,0.0,0.0,0.0,21.90235055496049,44.53477946175299,44.53477946175299,0.0,0.0,0.0,0.0,0.0,0.0,0.0,0.0,0.0,241.54041542175264,0.0,0.0,821.5373367370754,0.0,0.0,0.0,0.0,0.0,0.0,0.0,0.0,0.0,0.0,0.0,0.0,0.0,0.0,81.31310432324833,0.0,0.0,0.0,0.05475587638740122,0.0,0.0,0.0,-10.951175277480244,0.0,0.0,0.0,0.0,0.0,-475.9278700504001,1.8251958795800407,0.0,0.0,0.0,31.25,-705.5817641006478,814.2783130006133,0.0,0.0,0.0,0.0,0.0,0.0,0.0,0.0,0.0,0.0,980.40871880217,786.3557373187806,88.69921648167984,0.0,57.69921648167984,-18.856177542674615,0.0,713.9989067699024,0.0,-713.9989067699024,97.46860457615755,-428.2532659062952,0.0,1.8251958795800423,735.3039477545411,0.0,0.0,0.0,-6.429556685134131,0.0,0.0,0.0,0.0,0.0,0.0,0.0,0.0,0.0,173.13793280611438,-75.92728924760442,44.53477946175299,0.0,0.0,0.0,0.0,0.0,0.0,0.0,0.0,0.0,0.0,0.0,0.0,408.213962260906,-48.20863802507908,0.0,-184.00204431187672,10.951175277480244,0.0,0.0,0.0,0.0,-52.23193782562393,0.0,0.0,0.04015430935073215,0.0,0.0,0.0,22.267389730876495,0.0,0.0,0.0,0.0,-28.398432963359674,0.0,0.0,0.0,0.0,0.0,0.0,0.0,0.0,152.1233783842698,0.0,0.0036503917591601855,0.0036503917591601855,0.0,0.0,0.0,0.0,0.0,0.0,0.0,0.0,0.0,0.0,0.0,0.0,0.0,0.0,0.0,475.9278700504001,0.0,0.0,0.0,0.0,0.0,0.0,0.0,840.36197850495,0.0,0.0,0.0,0.0,0.0,0.0,-577.4069674016569,0.0,0.0,0.0,21.90235055496049,0.0,0.0,0.0,0.0,0.0,0.0,-21.90235055496049,0.0,0.0,0.0,0.0,0.0,0.0,0.0,0.0,0.0,0.0,0.0,0.0,677.8027916512738,-1000.0,846.542520287322,0.0,-10.951175277480244,0.0,0.0,0.0,0.0,0.0,0.0,0.0,0.0,0.0,0.0,0.0,0.0,0.0,0.0,0.0,0.0,0.0,0.0,0.0,-4.562989698950105,0.0,-2.737793819370061,894.7268321653097,0.0,0.0,0.0,0.0,0.0,0.0,-0.45629896989501023,103.89816126129168,0.0,0.0,0.0,0.0,0.0,0.0,0.0,981.3488586573743,10.951175277480244,10.951175277480244,0.0,0.0,0.0,0.0,0.0,0.04015430935073215,475.9278700504001,0.0,0.0,0.0,0.0,0.0,0.0,0.0,0.0,0.0,0.0,0.0,0.0,0.0,0.0,0.0,0.0,0.0,0.0,0.0,0.0,0.0,0.0,38.329113471180854,2.810801654553261,0.0,0.0,0.0,0.0,0.0,475.9278700504001,0.0,-817.2789350266432,0.0,0.0,0.0,-4.562989698950105,0.0,0.0,0.0,0.0,0.0,0.0,0.0,0.0,0.0,0.0,0.0,0.0,0.0,0.0,0.0,0.0,0.0,0.0,-0.036503917591600814,0.0,0.0,1.8251958795800407,29.298060085198625,0.0,0.0,0.0,0.0,0.0,0.0,0.0,0.0,-818.3943494324385,0.9125979397900204,0.0,0.0,0.0,0.036503917591600814,0.0,36.50391759160081,-11.316214453396249,7.300783518320163,0.2607422685114344,101.84593008056623,-0.02737793819370061,41.45823397262168,0.7300783518320163,-0.18251958795792314,-101.84593008056623,10.951175277480244,-0.036503917591600814,6.285392514224871,72.69921648167984,0.009125979397900203,0.2607422685114344,-18.856177542674615,-5.811423680583289,-0.7300783518320163,201.94721277443603,-0.036503917591600814,0.009125979397900203,-101.84593008056623,197.65360513004273,0.036503917591600814,0.036503917591600814,-475.8512118234578,0.040154309350761,-12.974339034041702,-0.02737793819370061,10.951175277480244,0.0365039175916008,10.951175277480244,-18.251958795800405,-0.018251958795800407,-27.193870585405268,-85.0,-0.02737793819370061,-0.036503917591600814,-11.316214453396249,0.036503917591600814,3.6503917591600814,-0.7300783518320163,81.31310432324833,81.31310432324833,-3.6503917591600725,-201.94721277443603,-81.31310432324833,7.300783518320163,0.05475587638740122,-603.9486222029723,3.6503917591600814,-138.13108105481058,72.69921648167984,-7.300783518320163,0.018251958795800407,0.36503917591600815,106.36860155457539,96.0,-0.036503917591600814,-484.14125150851044,475.8512118234578,11.316214453396249,0.036503917591600814,5.811423680583289,-165.1086979991237,72.69921648167984,-0.036503917591600814,-0.009125979397900203,-72.69921648167984,-0.036503917591600814,-39.34960824083992,0.036503917591594826,-0.009125979397900203,-0.009125979397900203,-0.009125979397900203,14.601567036640326,18.251958795800405,0.36503917591600815,27.04483994567687,-0.009125979397900203,206.45181059492592,1.8251958795800407,21.5,0.036503917591600814,0.018251958795800407,0.018251958795800407,40.0,11.316214453396249,0.036503917591600814,-11.316214453396249,0.36503917591600815,0.036503917591600814,-27.04483994567687,0.036503917591600814,0.14601567036632232,0.18251958795792314,0.018251958795800407,0.009125979397900203,10.951175277480244,-0.036503917591600814,12.974339034041702,0.36503917591600815,-54.08967989135374,40.54563603283166,-3.6503917591600814,7.300783518320163,1.8251958795800407,-0.036503917591600814,18.856177542674615,0.05475587638740122,-0.036503917591600814,-80.0,11.316214453396249,303.39169264349556,0.018251958795800407,-43.0,-0.0365039175916008,-0.036503917591594826,-0.036503917591600814,0.018251958795800407,101.84593008056623,-7.300783518320163,0.036503917591600814,212.73720310915078,-0.009125979397900203,-0.040154309350761,-212.73720310915078,5.475587638740121,85.0,334.79946815596156,101.84593008056623,-0.02737793819370061,484.14125150851044,-96.0,0.036503917591600814,-0.009125979397900202,1.8251958795800423,36.50391759160081,-0.018251958795800407,-0.036503917591600814,0.009125979397900203,0.0,0.0,-396.06962975582354,0.0,-46.0,0.0,294.64460146274865,-31.0,194.00321337088266,-32.0,254.74286314290237,-65.0,-1000.0,16.0,23.0,-127.3714315714512,-194.00321337088266,15.5,-475.9278700504001,-251.15975481787163,1000.0,65.0,-251.15975481787163,-294.64460146274865,228.05145385135614,0.0,1496.5981,hclb
194,0.0,0.0,0.0,0.0,0.0,0.0,0.0,0.0,418.0278413344295,0.0,0.0,0.0,0.0,0.0,0.0,0.0,324.2593510381712,439.1568367680905,0.0,-280.9928038346855,0.0,0.0,0.0,623.2870458952882,0.0,0.0,0.0,0.0,0.0,-1000.0,0.0,0.0,25.578561135095754,0.0,0.0,0.0,0.0,-1.3978301580293722,0.0,172.93181912716162,1000.0,0.0,0.0,0.0,0.0,0.0,56.03630293331315,0.0,-100.71340047505424,0.0,0.0,0.0,0.0,0.01075755485424068,0.0,0.0,0.0,1.9559190644068054,0.0,0.0,-380.88950211249477,0.0,0.0,-380.88950211249477,0.0,0.0,0.0,0.0,0.0,0.0,0.0,0.09779595322034028,0.0,0.0,0.0,0.0,0.0,0.0,0.0,0.0,0.0,0.0,0.0,0.0,5.867757193220417,0.0,380.0282457511343,187.81227199765596,1000.0,-662.1223408225941,-0.0024448988305085066,0.0,0.0,-578.892557633992,2.9338785966102083,0.0,2.9338785966102083,-0.3149029693695553,0.0,0.0,0.0,634.79373978972,-1000.0,0.0,0.0,-5.20530980828729,0.0,0.0,0.0,0.0,0.0,0.0,0.0,0.0,0.0,0.0,0.0,0.0,0.0,0.0,0.0,0.0,0.0,0.0,-264.5912718160196,0.0,0.0,2.9338785966102083,0.0,3.031674549830548,0.0,0.0,0.0,0.0,0.0,0.0,0.0,0.0,0.0,0.0,0.0,0.0,0.0,0.0,0.0,380.78127459093093,0.009779595322034026,0.0,0.0,0.0,0.0,-595.1508000242002,0.0,0.0,0.0,0.0,91.64417640455092,0.0,0.0,0.0,0.0,0.0,-90.58969253982993,-90.58969253982993,0.0,0.0,0.0,531.2499999999999,-1000.0,0.0,0.0,-90.5799129445079,0.0,0.0,0.0,-1000.0,0.0,0.0,0.0,0.0,0.0,0.0,0.0,0.0,0.0,0.0,0.0,0.0,0.0,0.0,0.0,-1000.0,0.0,0.0,0.0,0.0,0.0,0.0,0.0,-337.8776591774059,337.8776591774059,0.0,0.0,0.0,0.0,0.0,0.0,0.0,0.0,-343.0275684554608,0.0,0.0,0.0,0.0,0.0,0.0,0.0,0.0,0.0,0.0,0.0,0.0,0.0,66.67345039833356,556.0626381530138,776.454049436883,0.0,0.0,0.0,0.0,84.01226087247457,0.0,0.0,0.0,0.0,-380.88950211249477,776.454049436883,0.0,0.0,0.0,0.0,0.0,0.0,0.0,0.0,0.0,0.0,0.0,0.0,-337.8776591774059,1000.0,-250.77878765480426,0.0,-776.454049436883,0.0,0.0,0.0,204.44255929208998,0.0,0.0,0.0,-190.99974309077288,0.0,0.0,0.0,0.0,0.0,0.0,0.0,0.0,662.1223408225941,0.0,-266.81249776660263,0.0,0.0,-56.72718992399963,0.0,0.0,0.0,0.0,0.0,0.0,0.0,-174.64790645524178,0.0,0.0,-215.75733780608618,531.2499999999999,0.0,0.0,-380.88950211249477,-0.01466939298305104,0.0,0.0,0.0,0.0,0.009779595322034026,0.0,0.0,0.0,913.0538605309152,324.2593510381712,0.0,-95.06392719153796,555.5701158970041,0.0,966.5334944600171,0.0,1000.0,0.0,-5.20530980828729,0.0,0.0,0.0,-0.8420231572271328,-16.76007747610936,-982.3978993666635,-808.8780119677017,57.25821539762046,0.0,0.0,0.0,0.0,0.0,0.0,0.0,0.0,0.0,0.0,0.0,0.0,0.0,0.0,0.0,0.0,0.0,752.3183696800693,0.0,753.6770814568105,0.0,0.0,0.0,312.90289734081176,171.298421706932,754.2901368416331,-380.78127459093093,0.0,0.0,0.0,0.0,634.3047600236183,-249.72789003982098,0.0,0.0,-0.24448988305085068,266.48796751593034,-408.05656594408384,0.0,969.2296742655448,0.0,0.0,-474.09280844831676,0.0,0.0,-0.48897976610170135,0.0,0.0,-6.3567369593221175,830.3053271060913,0.0,2.9338785966102083,0.0,0.0,0.0,0.0,0.0,418.03762092975154,0.0,-66.67345039833356,66.67345039833356,66.67345039833356,-132.65906640306042,0.0,0.0,-1000.0,0.0,0.0,0.0,0.0,0.0,-1.7225127227209616,0.0,0.0,36.40038413659301,0.0,0.0,0.0,0.0,-42.0220404677966,0.019559190644031332,0.0,0.0,0.0,0.0,0.0,0.0,0.0,0.0,0.0,0.0,0.0,0.0,0.0,0.0,0.0,0.0,0.0,0.0,0.0,0.01075755485424068,0.01075755485424068,0.0,160.71753133392676,0.0,5.867757193220417,0.0,0.0,0.0,1000.0,0.0,0.0,380.0282457511343,0.0,0.0,213.1368863218819,-1000.0,0.0,0.0,469.5707219511952,0.0,0.0,36.40038413659301,0.0,0.0,0.0,0.0,0.0,0.0,0.0,88.19709060533988,-913.0538605309152,595.1508000242002,0.0,380.78127459093093,0.0,-831.5000343276487,252.60747669365662,168.59521582118205,0.0,213.1368863218819,0.0,0.0,171.11484585408527,0.0,0.0,66.67345039833356,0.0,0.0,0.0,0.0,0.0,0.0,0.0,0.0,0.0,0.0,0.0,0.0,0.0,5.867757193220417,0.0,0.0,0.0,0.0,0.0,0.0,0.0,0.0,0.0,0.0,0.0,0.0,0.09779595322034028,0.0,0.0,380.0282457511343,-380.0282457511343,0.0,0.0,0.0,0.0,2.9338785966102083,-469.5707219511952,0.0,0.0,0.0,0.0,0.0,0.0,0.0,0.0,0.0,828.7271239102256,0.0,0.0,2.9338785966102083,2.9338785966102083,1000.0,-1000.0,0.0,36.40038413659301,0.0,0.0,0.0,0.0,0.0,808.8780119677017,0.0,1000.0,0.009779595322034026,0.0,0.0,-636.1821573353357,649.0975100431277,0.0,0.0,578.892557633992,0.0,0.0,0.0,0.0,0.0,0.0,0.0,0.0,0.0,0.0,0.0,0.0,0.0,0.0,0.009779595322034026,0.0,0.0,0.0,-1000.0,1000.0,0.0,0.0,0.0,0.0,0.0,-380.78127459093093,0.0,0.0,1.3587117767411883,-0.7334696491525521,-0.48897976610170135,0.0,0.0,0.0,0.0,0.0,0.0,0.0,0.0,0.0,0.0,0.0,0.0,0.0,0.0,0.0,0.0,-5.867757193220416,0.0,0.0,0.0,418.0278413344295,0.0,0.0,0.009779595322034026,0.0,0.009779595322034026,0.0,0.0,0.0,5.867757193220417,11.931106292881513,11.931106292881513,0.0,0.0,0.0,0.0,0.0,0.0,0.0,595.1508000242002,0.0,0.0,0.0,0.0,0.0,0.0,0.0,0.0,0.0,0.0,0.0,0.0,0.0,0.0,0.0,0.0,0.0,0.0,0.0,84.01226087247457,0.0,0.0,0.0,0.01466939298305104,0.0,0.0,0.0,-2.9338785966102083,0.0,0.0,0.0,0.0,0.0,-160.71753133392676,0.48897976610170135,0.0,0.0,0.0,-531.2500000000001,1000.0,380.78127459093093,0.0,0.0,0.0,0.0,0.0,0.0,0.0,0.0,0.0,0.0,469.5707219511952,781.1152471743441,94.0440809355932,0.0,658.1948809597934,-5.20530980828729,0.0,0.0,0.0,0.0,0.0,192.51145299920847,0.0,0.48897976610170135,1000.0,0.0,0.0,0.0,-761.7790042249895,0.0,0.0,0.0,0.0,0.0,0.0,0.0,0.0,0.0,161.4510009830793,-162.91794028138432,11.931106292881513,0.0,641.8947125526151,641.8947125526151,-641.8947125526151,0.0,0.0,0.0,0.0,0.0,0.0,0.0,0.0,0.0,-12.915352707791953,-659.1536379891918,0.0,2.9338785966102083,380.0282457511343,0.0,0.0,0.0,-37.11121061479136,0.0,0.0,0.01075755485424068,0.0,0.0,0.0,5.965553146440756,0.0,0.0,0.0,0.0,556.0626381530138,0.0,0.0,0.0,0.0,0.0,0.0,0.0,0.0,0.0,0.0,0.0009779595322034036,0.0009779595322034036,0.0,0.0,0.0,0.0,0.0,0.0,0.0,0.0,0.0,-636.1821573353357,0.0,0.0,0.0,0.0,0.0,160.71753133392676,0.0,0.0,0.0,0.0,0.0,0.0,0.0,0.0,0.0,0.0,0.0,760.0564915022686,0.0,0.0,439.1568367680905,0.0,0.0,0.0,5.867757193220417,0.0,0.0,0.0,0.0,0.0,0.0,-5.867757193220417,0.0,760.0564915022686,0.0,0.0,0.0,0.0,0.0,0.0,0.0,0.0,0.0,0.0,57.25821539762046,-1000.0,6.699022795593309,0.0,-2.9338785966102083,0.0,-1.3978301580293722,0.0,0.0,0.0,0.0,0.0,0.0,0.0,0.0,0.0,234.375,0.0,-234.375,-234.375,0.0,0.0,0.0,0.0,-1.2224494152542533,0.0,-635.0382296727709,162.18447063223186,0.0,0.0,0.0,0.0,0.0,-1000.0,999.8777550584746,1.7225127227209616,0.0,0.0,0.0,0.0,0.0,0.0,0.0,1000.0,2.9338785966102083,2.9338785966102083,0.0,0.0,0.0,0.0,0.0,0.01075755485424068,160.71753133392676,0.0,0.0,1.3978301580293722,0.0,0.0,0.0,0.0,0.0,0.0,0.0,0.0,0.0,0.0,0.0,0.0,0.0,0.0,0.0,0.0,0.0,0.0,0.0,10.26857508813573,380.78127459093093,0.0,0.0,0.0,0.0,0.0,160.71753133392676,0.0,-381.58515732640217,0.0,0.0,0.0,-1.2224494152542533,0.0,0.0,0.0,0.0,0.0,0.0,0.0,0.0,0.0,0.0,0.0,0.0,0.0,0.0,0.0,0.0,0.0,0.0,-0.009779595322034026,0.0,0.0,0.48897976610170135,-213.1368863218819,0.0,0.0,0.0,0.0,0.0,0.0,0.0,0.0,0.8420231572271328,0.24448988305085068,0.0,0.0,0.0,0.009779595322034026,0.0,9.779595322034027,-3.031674549830548,1.9559190644068054,0.06985425230024304,27.28507094847493,-0.00733469649152552,474.09280844831676,0.19559190644068056,-0.048897976610218,-27.28507094847493,2.9338785966102083,-0.009779595322034026,1.7351032694290967,36.40038413659301,0.0024448988305085066,0.06985425230024304,-5.20530980828729,-381.58515732640217,-0.19559190644065438,-482.4233839715762,-0.009779595322034026,0.0024448988305085066,-27.28507094847493,0.9779595322034027,0.009779595322034026,0.009779595322034026,-160.69699418375046,-380.01748819628006,-57.18998198631777,-0.00733469649152552,2.9338785966102083,0.009779595322034026,2.9338785966102083,-4.889797661017013,-0.004889797661017013,-24.043574801658565,-85.0,-0.00733469649152552,-0.009779595322034026,-3.031674549830548,0.009779595322034026,0.9779595322034027,-0.19559190644068056,84.01226087247457,84.01226087247457,-0.9779595322034027,482.4233839715762,-84.01226087247457,1.9559190644068054,0.01466939298305104,-1000.0,0.9779595322034027,-88.19709060533988,36.40038413659301,-1.9559190644068054,0.004889797661017013,0.09779595322034028,23.76598179788449,96.0,-0.009779595322034026,-162.91794028138432,160.69699418375046,3.031674549830548,0.009779595322034026,381.58515732640217,24.664869750152263,36.40038413659301,-0.009779595322034026,-0.0024448988305085066,-36.40038413659301,-0.009779595322034026,-42.0220404677966,0.00977959532202895,-0.0024448988305085066,-0.0024448988305085066,-0.0024448988305085066,3.911838128813611,4.889797661017013,0.09779595322034028,7.245457684210905,-0.0024448988305085066,45.79686032633988,0.48897976610170135,21.5,0.009779595322034026,0.004889797661017013,0.004889797661017013,19.17815160049991,3.031674549830548,0.009779595322034026,-3.031674549830548,0.09779595322034028,0.009779595322034026,-7.245457684210905,0.009779595322034026,0.03911838128812306,0.048897976610218,0.004889797661017013,0.0024448988305085066,2.9338785966102083,-0.009779595322034026,57.18998198631777,0.09779595322032719,-14.49091536842181,473.8483185652659,-0.9779595322034027,1.9559190644068054,0.48897976610170135,-0.009779595322034026,5.20530980828729,0.01466939298305104,-0.009779595322034026,-38.35630320099982,3.031674549830548,215.66473701113594,0.004889797661017013,-43.0,-0.009779595322034026,-0.00977959532202895,-0.009779595322034026,0.004889797661017013,27.28507094847493,-1.9559190644068054,0.009779595322034026,47.53196359576898,-0.0024448988305085066,380.01748819628006,-47.53196359576898,1.466939298305104,85.0,500.4369678840128,27.28507094847493,-0.00733469649152552,162.91794028138432,-96.0,0.009779595322034026,-0.0024448988305085066,0.48897976610170135,9.779595322034027,-0.004889797661017013,-0.009779595322034026,0.0024448988305085066,524.9728583031556,0.0,999.995110202339,0.0,-46.0,0.0,440.0255237181726,-31.0,0.0,-32.0,135.90845714694092,-65.0,0.0,16.0,23.0,-67.95422857347046,0.0,15.5,-160.71753133392676,-178.55352639634458,0.0,65.0,-178.55352639634458,-440.0255237181726,207.1913472179085,0.0,1496.5981,hclb
195,0.0,0.0,0.0,0.0,0.0,0.0,0.0,0.0,177.58785314548908,0.0,0.0,0.0,0.0,0.0,0.0,0.0,-96.60193752436953,414.73472846390143,0.0,0.0,0.0,0.0,0.0,78.49564448836075,0.0,0.0,0.0,0.0,0.0,176.5494034659868,0.0,0.0,878.6967374096865,0.0,0.0,0.0,0.0,999.8783226367473,0.0,-1000.0,1000.0,0.0,0.0,-278.97905579224283,0.0,0.0,0.0,0.0,199.03158985062555,-749.0179995893493,0.0,0.0,0.0,0.03346127489464834,0.0,0.0,0.0,0.0,0.0,0.0,-43.209401124537486,0.0,43.209401124537486,0.0,0.0,0.0,0.0,0.0,0.0,0.0,0.0,0.30419340813338924,0.0,0.0,0.0,0.0,0.0,0.0,0.0,0.0,0.0,0.0,0.0,0.0,18.251604488003352,0.0,40.530471176909714,0.0,1000.0,-784.2968613867241,653.790041609104,0.0,0.0,81.92764657785277,9.125802244001676,0.0,9.125802244001676,-472.9339363422074,0.0,0.0,0.0,1.520967040666946,-52.38922677046969,0.0,0.0,0.0,461.5411256591167,0.0,0.0,0.0,0.0,0.0,0.0,0.0,0.0,0.0,0.0,0.0,0.0,0.0,0.0,0.0,0.0,0.0,-311.68755683037,0.0,0.0,9.125802244001676,0.0,9.429995652135064,9.429995652135064,0.0,0.0,0.0,0.0,0.0,767.8603354546177,1000.0,-1000.0,-767.8603354546177,0.0,0.0,0.0,0.0,0.0,42.87276041953681,0.03041934081333892,653.7976464443074,0.0,0.0,-648.2641567156414,-173.40153147252556,0.0,0.0,0.0,0.0,-36.2256293576381,0.0,0.0,0.0,0.0,0.0,711.601020901115,711.601020901115,0.0,0.0,0.0,0.0,0.0,0.0,0.0,711.6314402419283,0.0,0.0,0.0,914.5796557204694,0.0,0.0,0.0,0.0,0.0,0.0,0.0,0.0,0.0,0.0,0.0,0.0,0.0,0.0,0.0,-1000.0,0.0,0.0,0.0,0.0,0.0,749.0179995893493,0.0,-215.70313861327588,215.70313861327588,0.0,0.0,0.0,0.0,0.0,0.0,0.0,228.9386302364565,-584.7617232352849,0.0,0.0,0.0,0.0,0.0,0.0,0.0,0.0,0.0,0.0,0.0,0.0,0.0,202.74739253531163,329.2922988543859,-278.97905579224283,0.0,0.0,0.0,0.0,81.92764657785277,0.0,0.0,0.0,0.0,-43.209401124537486,0.0,0.0,0.0,0.0,0.0,0.0,0.0,0.0,0.0,0.0,6.083868162667784,0.0,0.0,-880.9444279223137,334.75871069096206,-16.671548762650332,0.0,278.97905579224283,0.0,0.0,0.0,0.0,0.0,0.0,0.0,236.7086865230207,0.0,0.0,-1000.0,609.3750000006893,1000.0,-1000.0,-609.3750000006894,1000.0,784.2968613867241,0.0,0.0,749.0179995893493,0.0,21.80230559563293,0.0,0.0,0.0,-1000.0,0.0,1000.0,0.0,589.9791880295725,0.0,0.0,725.1484072654931,0.0,0.0,0.0,-43.209401124537486,-0.04562901122000838,0.0,0.0,0.0,0.0,0.03041934081333892,0.0,0.0,0.0,908.9465511781456,-96.60193752436953,0.0,0.0,-578.2532058917641,0.0,935.2096704066694,0.0,0.0,0.0,0.0,0.0,0.0,0.0,-2.6191052440284563,911.2664518835613,-908.6473466395329,-745.8323767562263,-1000.0,0.0,0.0,0.0,0.0,0.0,0.0,0.0,0.0,0.0,0.0,0.0,0.0,0.0,0.0,0.0,0.0,0.0,0.0,0.0,-1000.0,0.0,0.0,471.9544335680181,0.0,951.9203154980378,0.0,489.39906642944527,0.0,0.0,0.0,0.0,0.0,-697.5086392302353,0.0,838.9558993683235,0.0,-213.75781265332603,-54.172714793088666,-1.520967040666946,1000.0,-132.3122957656279,0.0,-840.4768664089904,341.5614154615805,-0.760483520333473,0.0,507.3096224946172,0.0,-790.8339412922137,0.0,1000.0,9.125802244001676,0.0,0.0,0.0,0.0,0.0,177.61827248630243,0.0,-202.74739253531163,202.74739253531163,202.74739253531163,-761.4528730043291,0.0,0.0,0.0,0.0,0.0,228.9386302364565,0.0,0.0,-5.357859895255544,0.0,843.7500000000321,73.91613183733222,0.0,0.0,0.0,0.0,-39.95806591866611,0.06083868162602357,0.0,0.0,0.0,0.0,0.0,0.0,0.0,0.0,0.0,0.0,0.0,0.0,0.0,0.0,0.0,0.0,0.0,0.0,0.0,0.03346127489464834,0.03346127489464834,0.0,292.66352437264385,0.0,18.251604488003352,0.0,400.29079904626224,0.0,1000.0,0.0,0.0,40.530471176909714,0.0,0.0,-882.3314834896229,-1000.0,0.0,0.0,0.0,0.0,0.0,73.91613183733222,0.0,0.0,0.0,0.0,0.0,0.0,0.0,103.89585227679,-908.9465511781456,360.1245625290503,0.0,42.87276041953681,0.0,0.0,81.92764657785277,0.0,0.0,-882.3314834896229,0.0,0.0,-922.289549408289,0.0,0.0,202.74739253531163,0.0,0.0,0.0,0.0,0.0,0.0,0.0,0.0,0.0,0.0,0.0,0.0,0.0,18.251604488003352,0.0,0.0,0.0,0.0,0.0,0.0,0.0,0.0,0.0,0.0,0.0,0.0,0.30419340813338924,0.0,0.0,40.530471176909714,-40.530471176909714,0.0,0.0,0.0,0.0,9.125802244001676,0.0,0.0,0.0,0.0,0.0,0.0,0.0,0.0,0.0,0.0,87.6822854139891,0.0,0.0,9.125802244001676,9.125802244001676,1000.0,-1000.0,0.0,73.91613183733222,0.0,0.0,0.0,0.0,0.0,-201.77839647330404,228.9386302364565,81.9725281167348,0.03041934081333892,0.0,0.0,0.0,2.4531025555899744,848.3690048416613,0.0,-81.92764657785277,0.0,0.0,0.0,0.0,0.0,0.0,0.0,0.0,0.0,0.0,0.0,0.0,0.0,0.0,0.03041934081333892,0.0,0.0,0.0,0.0,0.0,0.0,0.0,0.0,0.0,0.0,961.3534999974634,0.0,0.0,-1000.0,-2.2814505610004194,0.0,-1.5209670406669473,0.0,0.0,0.0,0.0,0.0,0.0,0.0,0.0,0.0,0.0,0.0,0.0,0.0,0.0,0.0,210.68702574845315,0.0,0.0,0.0,177.58785314548908,0.0,0.0,0.03041934081333892,0.0,0.03041934081333892,0.0,0.0,0.0,18.251604488003352,37.11159579227348,37.11159579227348,0.0,0.0,0.0,0.0,0.0,0.0,0.0,360.1245625290503,0.0,228.9386302364565,0.0,0.0,0.0,0.0,0.0,0.0,0.0,0.0,0.0,0.0,0.0,0.0,0.0,0.0,0.0,0.0,0.0,81.92764657785277,0.0,0.0,0.0,0.04562901122000838,0.0,0.0,0.0,-9.125802244001676,0.0,0.0,0.0,0.0,0.0,-292.66352437264385,1.520967040666946,0.0,0.0,0.0,0.0,0.0,-0.9795027741893065,-1.5209670406669473,0.0,843.7500000000321,0.0,0.0,0.0,0.0,0.0,0.0,0.0,0.0,79.67077067346855,89.91613183733222,0.0,419.0406943663825,848.3690048416613,0.0,488.41956365525596,0.0,-488.41956365525596,0.0,-37.11159579227348,400.29079904626224,1.5209670406669473,1000.0,0.0,0.0,0.0,-86.41880224907497,781.2500000000666,-781.2500000000666,1000.0,-1000.0,0.0,-532.2718268489821,0.0,0.0,0.0,-4.562901122000881,0.0,37.11159579227348,0.0,-718.75,-718.75,718.75,0.0,0.0,0.0,0.0,0.0,0.0,0.0,0.0,299.50787605564506,-2.4531025555899744,0.0,0.0,9.125802244001676,40.530471176909714,0.0,0.0,0.0,-264.70856456379715,0.0,0.0,0.03346127489464834,0.0,0.0,0.0,18.55579789613674,0.0,0.0,0.0,0.0,329.2922988543859,0.0,461.5411256591167,0.0,0.0,0.0,0.0,0.0,0.0,0.0,0.0,0.003041934081333979,0.003041934081333979,0.0,0.0,0.0,0.0,0.0,0.0,0.0,0.0,0.0,0.0,0.0,0.0,0.0,0.0,0.0,292.66352437264385,0.0,0.0,0.0,0.0,0.0,0.0,0.0,749.0179995893493,0.0,0.0,0.0,81.06094235381943,0.0,5.827714801886486,414.73472846390143,0.0,0.0,0.0,18.251604488003352,0.0,0.0,0.0,0.0,0.0,0.0,-18.251604488003352,0.0,81.06094235381943,0.0,0.0,0.0,0.0,0.0,0.0,0.0,0.0,0.0,0.0,-81.9725281167348,-1000.0,20.83724845713707,0.0,-9.125802244001676,0.0,999.8783226367473,0.0,0.0,0.0,0.0,0.0,0.0,0.0,0.0,0.0,0.0,0.0,0.0,0.0,0.0,0.0,0.0,400.29079904626224,-3.8024176016673668,0.0,-2.2814505610004194,-2.2814505610003835,0.0,0.0,0.0,0.0,0.0,-0.3802417601667365,0.0,5.357859895255544,0.0,0.0,0.0,0.0,0.0,0.0,0.0,1000.0,9.125802244001676,9.125802244001676,0.0,0.0,0.0,0.0,0.0,0.03346127489464834,292.66352437264385,0.0,0.0,-999.8783226367473,0.0,0.0,0.0,0.0,0.0,0.0,0.0,0.0,0.0,0.0,0.0,0.0,0.0,0.0,0.0,0.0,0.0,9.429995652135064,0.0,31.940307854005866,42.87276041953681,0.0,0.0,0.0,0.0,0.0,292.66352437264385,0.0,0.0,0.0,0.0,0.0,-3.8024176016673668,0.0,0.0,0.0,0.0,0.0,0.0,0.0,0.0,0.0,0.0,0.0,0.0,0.0,0.0,0.0,0.0,0.0,0.0,-0.03041934081333892,0.0,0.0,1.520967040666946,882.3314834896229,0.0,0.0,0.0,0.0,0.0,0.0,0.0,0.0,2.6191052440284563,0.760483520333473,0.0,0.0,0.0,0.03041934081333892,0.0,30.41934081333892,0.0,6.083868162667784,0.21728100580956372,103.7299521734857,-0.02281450561000419,1.520967040666946,0.6083868162667785,-0.15209670406606818,-103.7299521734857,9.125802244001676,-0.03041934081333892,0.0,73.91613183733222,0.00760483520333473,0.21728100580956372,0.0,-45.37323023439306,-0.6083868162668296,-318.1327909395319,-0.03041934081333892,0.00760483520333473,-103.7299521734857,3.041934081333892,0.03041934081333892,0.03041934081333892,-292.59964375693585,-40.497009902015044,-70.28579848669129,-0.02281450561000419,9.125802244001676,0.030419340813338924,9.125802244001676,-15.20967040666946,-0.01520967040666946,106.51142784432939,-85.0,-0.02281450561000419,-0.03041934081333892,0.0,0.03041934081333892,3.041934081333892,-0.6083868162667785,81.92764657785277,81.92764657785277,-3.041934081333892,318.1327909395319,-81.92764657785277,6.083868162667784,0.04562901122000838,264.7660082523139,3.041934081333892,-103.89585227679,73.91613183733222,-6.083868162667784,0.01520967040666946,0.30419340813338924,0.0,96.0,-0.03041934081333892,-299.50787605564506,292.59964375693585,9.429995652135064,0.03041934081333892,45.37323023439306,37.41292286132557,73.91613183733222,-0.03041934081333892,-0.00760483520333473,-73.91613183733222,-0.03041934081333892,-501.49919157778277,0.030419340813452607,-0.00760483520333473,-0.00760483520333473,-0.00760483520333473,12.167736325335568,15.20967040666946,0.30419340813338924,22.5369291250816,-0.00760483520333473,0.0,1.520967040666946,21.5,0.03041934081333892,0.01520967040666946,0.01520967040666946,40.0,0.0,0.03041934081333892,0.0,0.30419340813338924,0.03041934081333892,-22.5369291250816,0.03041934081333892,0.12167736325272926,0.15209670406606818,0.01520967040666946,0.00760483520333473,9.125802244001676,-0.03041934081333892,70.28579848669129,0.3041934081334148,-45.0738582501632,0.7604835203334734,-3.041934081333892,6.083868162667784,1.520967040666946,-0.03041934081333892,0.0,0.04562901122000838,-0.03041934081333892,-80.0,0.0,502.5093477082148,0.01520967040666946,-43.0,-0.030419340813338924,-0.030419340813452607,-0.03041934081333892,0.01520967040666946,103.7299521734857,-6.083868162667784,0.03041934081333892,0.0,-0.00760483520333473,40.497009902015044,0.0,4.562901122000838,85.0,-502.9099575869363,103.7299521734857,-0.02281450561000419,299.50787605564506,-96.0,0.03041934081333892,-0.007604835203334732,1.5209670406669473,30.41934081333892,-0.01520967040666946,-0.03041934081333892,0.00760483520333473,557.1215149315624,0.0,-264.78121792272054,0.0,-46.0,0.0,658.5399648202786,-31.0,0.0,229.72673975033626,-93.0,-65.0,0.0,-114.86336987516813,23.0,46.5,0.0,15.5,-292.66352437264385,-237.80078314441766,0.0,65.0,-237.80078314441766,-658.5399648202786,309.04255393880953,0.0,1496.5981,hclb
196,0.0,0.0,0.0,0.0,0.0,0.0,0.0,0.0,371.1143259805409,0.0,0.0,0.0,0.0,0.0,0.0,0.0,74.36488592571425,-142.0060223078308,0.0,0.0,0.0,0.0,0.0,341.7216612347132,0.0,0.0,0.0,0.0,0.0,143.71211679438707,41.52837900056833,-41.52837900056833,591.9699710826329,0.0,0.0,0.0,0.0,167.37223542908822,0.0,-366.618806501436,1000.0,0.0,0.0,471.21834229416237,0.0,0.0,40.578007696399894,0.0,-148.7297718514285,0.0,0.0,0.0,0.0,0.024209635080664278,0.0,0.0,0.0,0.0,0.0,0.0,22.85213659594666,0.0,0.0,-93.04736636364822,0.0,0.0,0.0,0.0,0.0,170.4738423414508,0.0,0.22008759164220468,0.0,0.0,0.0,0.0,0.0,0.0,0.0,0.0,0.0,0.0,0.0,0.0,13.205255498532281,0.0,0.0,0.0,506.7287194627668,22.44234274529026,-0.005502189791055117,0.0,0.0,0.0,6.602627749266141,0.0,6.602627749266141,-42.237061045655736,0.0,0.0,0.0,1.1004379582110233,-146.81609426006256,0.0,0.0,-22.606723053306126,0.0,0.0,0.0,0.0,0.0,0.0,0.0,0.0,0.0,0.0,0.0,0.0,0.0,0.0,0.0,0.0,0.0,0.0,-489.86545929339877,0.0,0.0,6.602627749266141,0.0,6.822715340908345,6.822715340908345,0.0,0.0,0.0,0.0,0.0,-115.89950295959488,0.0,0.0,0.0,0.0,0.0,0.0,0.0,0.0,1.6946744556449749,0.022008759164220466,0.0,0.0,0.0,-643.7870001793381,0.0,0.0,0.0,0.0,0.0,-76.59589474014045,0.0,0.0,0.0,0.0,0.0,-132.84923178181742,-132.84923178181742,0.0,0.0,0.0,0.0,-272.023142457939,0.0,0.0,-91.29884402208488,0.0,0.0,0.0,0.0,0.0,0.0,0.0,0.0,0.0,0.0,0.0,0.0,0.0,0.0,-153.7800163914015,0.0,0.0,0.0,0.0,-1000.0,0.0,0.0,0.0,0.0,0.0,0.0,0.0,-6.723749543597705,6.723749543597705,0.0,0.0,0.0,0.0,0.0,0.0,0.0,290.5282110544496,-298.36584654903356,0.0,0.0,0.0,0.0,0.0,0.0,0.0,0.0,0.0,0.0,0.0,0.0,0.0,119.78392164963147,613.0830651911565,-69.34723086867282,0.0,0.0,0.0,115.89950295959488,8.932624346810394,0.0,0.0,0.0,0.0,22.85213659594666,-540.5655731628352,41.52837900056833,0.0,0.0,0.0,0.0,0.0,0.0,0.0,0.0,4.401751832844093,0.0,0.0,0.0,513.4524690063645,-155.4535213950262,0.0,69.34723086867282,0.0,0.0,115.89950295959488,-973.1493138196511,0.0,0.0,0.0,-193.03678579161829,0.0,0.0,-936.8506668928926,-936.8506668928928,-1000.0,0.0,0.0,-63.149333107107125,500.00496991916907,0.0,0.0,0.0,0.0,66.1172444031814,0.0,0.0,0.0,-761.6077251193268,0.0,761.6077251193268,0.0,-50.76485384401343,0.0,115.89950295959488,0.0,0.0,0.0,0.0,22.85213659594666,-0.033013138746330696,0.0,0.0,0.0,0.0,0.022008759164220466,0.0,0.0,0.0,984.4647479039235,74.36488592571425,0.0,-15.071148702204084,259.1033712614793,0.0,815.1048766225153,0.0,-239.0958048880267,0.0,-22.606723053306126,0.0,0.0,0.0,581.3576741527355,-342.2618692647088,0.0,-31.111653740872896,-1000.0,0.0,0.0,0.0,0.0,0.0,0.0,0.0,0.0,0.0,0.0,0.0,0.0,0.0,0.0,0.0,0.0,0.0,-832.5397295342549,0.0,-1000.0,0.0,0.0,0.0,589.5575332493838,0.0,0.0,39.83370454492336,0.0,0.0,0.0,0.0,0.0,1000.0,-468.74999999999915,0.0,0.0,-657.7381307352912,514.4113483314035,0.0,0.0,-612.8874225313978,468.74999999999915,-518.0322793524698,-286.06205278915087,-0.5502189791055117,-1.1004379582110233,0.0,0.0,411.48049149745447,0.0,0.0,6.602627749266141,-31.25000000015095,31.25000000015095,0.0,0.0,0.0,371.13633473970515,0.0,-119.78392164963147,119.78392164963147,119.78392164963147,-472.8581164930063,0.0,0.0,0.0,0.0,0.0,290.5282110544496,0.0,0.0,-70.19522976770156,0.0,781.2500000000003,191.49775112675079,0.0,0.0,0.0,0.0,-37.30656273744768,0.04401751832845563,0.0,0.0,0.0,0.0,0.0,0.0,0.0,0.0,0.0,0.0,0.0,0.0,0.0,0.0,0.0,0.0,0.0,0.0,0.0,0.024209635080664278,0.024209635080664278,41.52837900056833,122.09685413160902,0.0,13.205255498532281,0.0,0.0,0.0,-959.7385938836529,0.0,0.0,0.0,0.0,0.0,-432.4947063657168,959.7385938836529,0.0,0.0,0.0,0.0,0.0,191.49775112675079,0.0,0.0,0.0,0.0,0.0,0.0,0.0,163.28848643113292,-984.4647479039235,643.7870001793381,222.15307476956684,1.6946744556449749,0.0,0.0,0.0,-8.932624346810394,0.0,-432.4947063657168,0.0,0.0,-469.8012691031645,-156.25000000000006,156.25000000000006,119.78392164963147,0.0,0.0,0.0,0.0,0.0,0.0,0.0,0.0,0.0,0.0,0.0,0.0,0.0,13.205255498532281,115.89950295959488,115.89950295959488,0.0,0.0,0.0,0.0,0.0,0.0,0.0,0.0,0.0,0.0,0.22008759164220468,0.0,41.52837900056833,0.0,0.0,41.52837900056833,0.0,0.0,0.0,6.602627749266141,0.0,0.0,0.0,0.0,222.15307476956684,0.0,0.0,0.0,0.0,0.0,0.0,0.0,0.0,6.602627749266141,6.602627749266141,1000.0,959.7385938836529,0.0,191.49775112675079,0.0,0.0,0.0,0.0,0.0,-822.0722519990645,290.5282110544496,-919.2885677723431,0.022008759164220466,0.0,0.0,0.0,1.7748492211717788,584.0630877134683,0.0,0.0,0.0,0.0,0.0,0.0,0.0,0.0,0.0,0.0,0.0,0.0,0.0,0.0,0.0,0.0,0.022008759164220466,0.0,0.0,0.0,0.0,0.0,0.0,0.0,0.0,0.0,0.0,39.83370454492336,0.0,0.0,-167.4602704657451,-1.6506569373165352,0.0,-1.1004379582110233,0.0,781.2499999999999,781.2499999999999,-781.25,0.0,0.0,0.0,0.0,0.0,0.0,0.0,115.89950295959488,0.0,0.0,0.0,412.5809294556655,0.0,0.0,0.0,371.1143259805409,0.0,0.0,0.022008759164220466,0.0,0.022008759164220466,0.0,170.4738423414508,0.0,13.205255498532281,26.85068618034897,26.85068618034897,0.0,0.0,0.0,0.0,0.0,0.0,0.0,643.7870001793381,0.0,290.5282110544496,0.0,0.0,583.2526283167749,0.0,0.0,0.0,0.0,0.0,0.0,0.0,0.0,0.0,0.0,0.0,0.0,0.0,0.0,8.932624346810394,0.0,0.0,0.0,0.033013138746330696,0.0,0.0,0.0,-6.602627749266141,0.0,0.0,0.0,0.0,0.0,-122.09685413160902,1.1004379582110233,0.0,0.0,0.0,0.0,272.023142457939,-39.83370454492336,-1.1004379582110233,0.0,781.2500000000003,0.0,0.0,0.0,0.0,0.0,115.89950295959488,0.0,0.0,339.99300874010356,2.3129324819775547,0.0,704.385248346494,561.4563646601622,0.0,0.0,0.0,0.0,0.0,-1000.0,0.0,1.1004379582110233,1000.0,0.0,196.5831374774871,-41.52837900056833,-70.19522976770156,0.0,0.0,-156.25000000000014,156.25000000000014,0.0,0.0,0.0,0.0,0.0,277.527527460327,-127.0488249435586,26.85068618034897,0.0,0.0,0.0,41.52837900056833,0.0,0.0,0.0,0.0,0.0,0.0,0.0,0.0,0.0,-1.7748492211717788,-332.3742719527697,0.0,6.602627749266141,0.0,0.0,0.0,0.0,-151.2895018029913,0.0,0.0,0.024209635080664278,0.0,0.0,0.0,13.425343090174485,0.0,0.0,0.0,0.0,613.0830651911565,0.0,0.0,0.0,0.0,0.0,0.0,0.0,0.0,0.0,0.0,0.0022008759164221093,0.0022008759164221093,0.0,0.0,0.0,0.0,0.0,0.0,0.0,0.0,0.0,0.0,41.52837900056833,0.0,0.0,0.0,0.0,122.09685413160902,0.0,0.0,0.0,0.0,0.0,0.0,0.0,0.0,0.0,0.0,0.0,0.0,0.0,0.0,-142.0060223078308,0.0,0.0,0.0,13.20525549853228,0.0,0.0,0.0,0.0,0.0,-242.0425576260463,228.83730212751402,0.0,0.0,0.0,0.0,0.0,0.0,0.0,0.0,0.0,41.52837900056833,41.52837900056833,0.0,672.9068443741938,-1000.0,598.3286283442659,0.0,-6.602627749266141,0.0,167.37223542908822,0.0,0.0,0.0,0.0,0.0,0.0,0.0,0.0,0.0,0.0,0.0,0.0,0.0,0.0,0.0,0.0,0.0,-2.7510948955275585,115.89950295959488,-1.6506569373165352,708.650796323017,0.0,0.0,0.0,0.0,0.0,-0.2751094895527559,0.0,70.19522976770156,0.0,0.0,0.0,0.0,0.0,0.0,0.0,753.6182766018508,6.602627749266141,6.602627749266141,0.0,0.0,0.0,0.0,0.0,0.024209635080664278,122.09685413160902,0.0,0.0,-167.37223542908822,0.0,0.0,0.0,0.0,0.0,0.0,0.0,0.0,0.0,0.0,0.0,0.0,0.0,0.0,85.2369211707254,0.0,0.0,6.822715340908345,0.0,23.109197122431492,1.6946744556449749,0.0,0.0,0.0,0.0,0.0,122.09685413160902,0.0,-2.4033565007323823,0.0,0.0,0.0,-2.7510948955275585,0.0,0.0,0.0,0.0,0.0,0.0,0.0,0.0,0.0,0.0,0.0,0.0,0.0,0.0,0.0,0.0,0.0,0.0,-0.022008759164220466,0.0,0.0,1.1004379582110233,432.4947063657168,0.0,0.0,0.0,0.0,115.89950295959488,0.0,0.0,0.0,-581.3576741527355,0.5502189791055117,0.0,0.0,0.0,0.022008759164220466,0.0,22.008759164220464,0.0,4.401751832844093,0.15720542260157475,75.0498687499918,-0.016506569373165348,295.87920458290296,0.44017518328440935,-0.11004379582111096,-75.0498687499918,6.60262774926614,-0.022008759164220466,7.535574351102042,191.49775112675079,0.005502189791055117,0.15720542260157475,-22.606723053306126,-3.5037944589434056,41.08820381728392,67.64113638211654,-0.022008759164220466,0.005502189791055117,-75.0498687499918,2.2008759164220466,0.022008759164220466,0.022008759164220466,-122.05063573736413,0.024209635080642576,0.0,-0.016506569373165348,6.602627749266141,0.022008759164220466,6.602627749266141,-11.004379582110234,-0.011004379582110233,121.8093408467527,-11.15550902239666,-0.016506569373165348,-0.022008759164220466,0.0,0.022008759164220466,2.2008759164220466,-0.44017518328440935,8.932624346810394,8.932624346810394,-2.2008759164220466,-67.64113638211654,-8.932624346810394,4.401751832844093,0.033013138746330696,-1000.0,2.2008759164220466,-163.28848643113292,191.49775112675079,-4.401751832844093,0.011004379582110233,0.22008759164220468,3.767787175551021,6.714684314821648,-0.022008759164220466,-127.0488249435586,122.05063573736413,6.822715340908345,0.022008759164220466,3.5037944589434056,165.08724012968622,191.49775112675079,-0.022008759164220466,-0.005502189791055117,-191.49775112675079,-0.022008759164220466,-37.30656273744768,0.02200875916444784,-0.005502189791055117,-0.005502189791055117,-0.005502189791055117,8.803503665688186,11.004379582110234,0.22008759164220468,64.69284721191664,-0.005502189791055117,0.0,1.1004379582110233,19.753719326934863,0.022008759164220466,0.011004379582110233,0.011004379582110233,40.0,0.0,0.022008759164220466,0.0,0.22008759164220468,0.022008759164220466,-161.46706274417483,0.022008759164220466,0.0880350366568905,0.11004379582111096,0.011004379582110233,0.005502189791055117,6.602627749266141,-0.022008759164220466,0.0,-20.54410190864196,-129.38569442383329,295.3289856037975,-2.2008759164220466,4.401751832844093,1.1004379582110233,-0.022008759164220466,22.606723053306126,0.033013138746330696,-0.022008759164220466,-80.0,0.0,353.7129237372509,0.011004379582110233,-39.50743865386973,-0.022008759164220466,-0.02200875916444784,-0.022008759164220466,0.011004379582110233,75.0498687499918,-4.401751832844093,0.022008759164220466,7.535574351102042,-0.005502189791055117,-0.024209635080642576,-7.535574351102042,3.3013138746330695,11.15550902239666,690.9411327894593,75.0498687499918,-0.016506569373165348,127.0488249435586,-6.714684314821648,0.022008759164220466,-0.005502189791055118,1.1004379582110233,22.008759164220464,-0.011004379582110233,-0.022008759164220466,0.005502189791055117,0.0,0.0,477.54168295595855,96.77421553225818,-46.0,0.0,207.63958880170452,-31.0,0.0,-32.0,-93.0,-65.0,-522.4473126644593,16.0,23.0,46.5,0.0,15.5,-122.09685413160902,-202.42342193425958,522.4473126644593,65.0,-202.42342193425958,-207.63958880170452,20.175736377798138,0.0,1496.5981,hclb
197,0.0,0.0,0.0,0.0,0.0,0.0,0.0,0.0,-0.02490296548891638,0.0,0.0,0.0,0.0,0.0,0.0,0.0,292.2034025290808,-605.6025164704877,0.0,765.1001653429465,0.0,0.0,0.0,216.95218051806216,0.0,0.0,0.0,0.0,0.0,187.9100097036536,0.0,0.0,477.36311090440495,0.0,0.0,0.0,0.0,-86.20528189848872,0.0,-1000.0,992.5291103533251,0.0,0.0,519.8865877672656,0.0,0.0,0.0,0.0,-1000.0,0.0,0.0,0.0,0.0,0.02739326203783265,0.0,0.0,0.0,4.980593097783276,0.0,0.0,68.64922518375897,0.0,0.0,-294.0828177722501,0.0,0.0,0.0,0.0,214.61982868469926,-214.61982868469926,0.0,0.24902965488916384,0.0,0.0,0.0,0.0,0.0,0.0,0.0,0.0,0.0,0.0,-453.7667124057872,0.0,14.94177929334983,0.0,50.06833464085389,610.5917228914542,548.9059259810045,0.0,-0.006225741372229095,0.0,0.0,-639.8756602173462,7.470889646674915,0.0,7.470889646674915,0.0,492.83345084859286,0.0,0.0,1.245148274445819,187.9100097036536,0.0,0.0,-6.556338001755072,0.0,0.0,0.0,0.0,0.0,0.0,0.0,0.0,0.0,0.0,0.0,0.0,0.0,0.0,0.0,0.0,0.0,0.0,-777.3079930734216,0.0,0.0,7.470889646674915,0.0,7.719919301564079,7.719919301564079,0.0,0.0,0.0,0.0,0.0,0.0,0.0,0.0,-362.7320429560091,0.0,0.0,0.0,0.0,0.0,505.75257538928764,0.02490296548891638,0.0,0.0,0.0,0.0,-342.261197640109,0.0,0.0,453.7667124057872,0.0,-20.54475584948217,0.0,0.0,0.0,0.0,0.0,434.2454890365048,434.2454890365048,0.0,0.0,0.0,531.2499999999999,-805.8390617684614,0.0,0.0,434.27039200199374,0.0,0.0,0.0,-7.803887409296522,0.0,0.0,0.0,0.0,0.0,0.0,0.0,0.0,0.0,0.0,0.0,0.0,0.0,0.0,0.0,-580.8496356705019,0.0,0.0,0.0,0.0,0.0,0.0,0.0,-548.9059259810045,548.9059259810045,256.2373120448783,0.0,0.0,0.0,0.0,0.0,0.0,0.0,-600.8322661437888,0.0,0.0,0.0,0.0,0.0,0.0,0.0,0.0,0.0,0.0,0.0,0.0,0.0,109.67470857706115,360.5127177442136,519.8865877672656,0.0,0.0,0.0,106.4947309111308,82.48480048561944,0.0,0.0,0.0,0.0,68.64922518375897,0.0,0.0,0.0,162.29603891320446,0.0,0.0,0.0,0.0,0.0,0.801875488742553,0.0,0.0,0.0,-206.61755054279683,891.1943014192123,-938.3142030895503,0.0,-519.8865877672656,0.0,0.0,362.7320429560091,780.5077170020684,0.0,0.0,0.0,-148.45465217762106,0.0,0.0,953.8162939738409,-602.3912709274208,1000.0,735.0662939738309,821.1412709274305,781.2499999999903,0.0,0.0,0.0,0.0,0.0,-253.80300021329288,0.0,0.0,0.0,76.93788086074026,0.0,-76.93788086074026,0.0,284.0155821484542,0.0,106.4947309111308,768.9980645997205,531.2499999999999,0.0,0.0,68.64922518375897,-0.03735444823337457,0.0,0.0,0.0,0.0,0.02490296548891638,0.0,0.0,0.0,233.8547580045868,292.2034025290808,0.0,-399.455072049705,70.38104893956023,0.0,1000.0,0.0,35.675988359421694,0.0,-6.556338001755072,0.0,0.0,0.0,840.924577976233,0.0,-876.6005663356547,-1000.0,-1000.0,0.0,0.0,0.0,0.0,0.0,0.0,0.0,0.0,0.0,0.0,0.0,0.0,0.0,0.0,0.0,0.0,162.29603891320446,-1000.0,0.0,-993.1217621557882,453.7667124057872,79.22743219232204,0.0,0.0,0.0,0.0,-506.5544508780302,0.0,492.83345084859286,0.0,0.0,0.0,-214.61982868469926,0.0,0.0,-98.30483913890039,0.0,0.0,0.0,0.0,0.0,0.0,-1.245148274445819,0.0,97.68226500167748,-1.245148274445819,0.0,0.0,-741.6510134798139,963.1191576739652,0.0,7.470889646674915,0.0,0.0,0.0,0.0,0.0,0.0,0.0,-109.67470857706115,109.67470857706115,109.67470857706115,-358.8940595394933,0.0,0.0,0.0,0.0,0.0,0.0,0.0,0.0,-125.29692330678334,0.0,0.0,0.0,0.0,0.0,0.0,0.0,10.780630457429707,0.04980593097710897,0.0,0.0,0.0,0.0,0.0,0.0,0.0,0.0,0.0,0.0,0.0,0.0,0.0,0.0,0.0,0.0,0.0,0.0,0.0,0.02739326203783265,0.02739326203783265,0.0,200.69411547927788,0.0,14.94177929334983,0.0,0.0,0.0,1000.0,0.0,0.0,50.06833464085389,0.0,0.0,-66.9874157745818,-1000.0,0.0,0.0,750.1581533224169,0.0,0.0,0.0,0.0,0.0,0.0,0.0,0.0,0.0,0.0,259.1026643578072,-233.8547580045868,342.261197640109,0.0,51.98586298350045,0.0,0.0,-639.8756602173462,-978.5977727478439,0.0,-66.9874157745818,0.0,0.0,-56.2067853171521,531.2500000000005,-531.2500000000005,109.67470857706115,0.0,0.0,0.0,0.0,0.0,0.0,0.0,0.0,0.0,0.0,0.0,0.0,0.0,14.94177929334983,362.7320429560091,362.7320429560091,0.0,0.0,0.0,0.0,0.0,0.0,0.0,0.0,0.0,0.0,0.24902965488916384,0.0,0.0,50.06833464085389,-50.06833464085389,0.0,0.0,0.0,0.0,7.470889646674915,-750.1581533224169,0.0,0.0,0.0,0.0,0.0,0.0,0.0,0.0,0.0,1000.0,765.3547508912234,0.0,7.470889646674915,7.470889646674915,1000.0,-1000.0,0.0,0.0,0.0,0.0,0.0,0.0,0.0,-187.9100097036536,0.0,-39.144070457421094,0.02490296548891638,0.0,0.0,0.0,2.008246288356185,453.4698044434651,0.0,639.8756602173462,0.0,0.0,0.0,0.0,0.0,0.0,0.0,0.0,0.0,0.0,0.0,0.0,0.0,0.0,0.02490296548891638,0.0,0.0,0.0,-528.842780002011,528.842780002011,0.0,0.0,0.0,79.22743219232204,0.0,662.5669434190659,0.0,0.0,-669.4097056042915,-1.8677224116687288,-1.24514827444582,0.0,0.0,0.0,0.0,0.0,0.0,0.0,0.0,0.0,0.0,0.0,0.0,362.7320429560091,0.0,0.0,0.0,-740.405865205368,0.0,0.0,0.0,-0.02490296548891638,0.0,0.0,0.02490296548891638,0.0,0.02490296548891638,0.0,0.0,0.0,14.94177929334983,30.381617896477987,30.381617896477987,0.0,0.0,0.0,0.0,0.0,0.0,0.0,342.261197640109,0.0,0.0,0.0,0.0,0.0,843.0687233048287,0.0,0.0,0.0,0.0,0.0,0.0,0.0,0.0,0.0,0.0,0.0,0.0,0.0,338.7221125304977,0.0,0.0,0.0,0.03735444823337457,0.0,0.0,0.0,-7.470889646674915,0.0,0.0,0.0,0.0,0.0,-200.69411547927788,1.245148274445819,0.0,0.0,0.0,-531.2500000000001,805.8390617684614,337.4330565809341,0.0,0.0,0.0,0.0,0.0,0.0,0.0,0.0,362.7320429560091,0.0,750.1581533224169,789.3646813167347,91.01940690221673,0.0,402.2806045423257,446.91346644171006,676.2879434485033,-169.12139429709612,492.83345084859286,-1000.0,453.7667124057872,750.1260991055904,0.0,1.24514827444582,1000.0,0.0,0.0,0.0,-225.43359258849114,0.0,0.0,0.0,0.0,0.0,0.0,0.0,0.0,0.0,-3.7354448233375024,0.0,30.381617896477987,0.0,0.0,0.0,0.0,0.0,0.0,0.0,0.0,0.0,0.801875488742553,0.0,0.0,206.29728271428408,-2.008246288356185,-698.3908576035244,0.0,7.470889646674915,50.06833464085389,0.0,0.0,0.0,-66.10140778506411,0.0,0.0,0.02739326203783265,0.0,0.0,0.0,15.190808948238994,0.0,0.0,0.0,0.0,360.5127177442136,0.0,0.0,0.0,0.0,0.0,0.0,0.0,0.0,-1000.0,0.0,0.0024902965488916382,0.0024902965488916382,0.0,0.0,0.0,0.0,0.0,0.0,0.0,0.0,0.0,0.0,0.0,0.0,0.0,0.0,0.0,200.69411547927788,0.0,0.0,0.0,0.0,0.0,0.0,0.0,0.0,0.0,0.0,0.0,100.13666928170778,0.0,349.5069704011081,-605.6025164704877,0.0,0.0,0.0,14.94177929334983,0.0,0.0,0.0,0.0,0.0,789.315820335119,-804.2575996284688,0.0,100.13666928170778,0.0,0.0,0.0,0.0,0.0,0.0,0.0,0.0,0.0,0.0,39.144070457421094,-1000.0,860.1272546647365,0.0,-7.470889646674915,0.0,-6.97784970616668,0.0,0.0,0.0,0.0,0.0,0.0,0.0,0.0,0.0,421.875,0.0,-421.875,-421.875,0.0,0.0,0.0,0.0,-3.1128706861145488,362.7320429560091,-1.8677224116687288,841.20100089316,0.0,0.0,0.0,0.0,0.0,0.0,-0.3112870686114548,579.0636357125705,0.0,0.0,0.0,0.0,0.0,0.0,0.0,1000.0,7.470889646674915,7.470889646674915,0.0,0.0,0.0,0.0,0.0,0.02739326203783265,200.69411547927788,0.0,0.0,6.97784970616668,0.0,0.0,0.0,0.0,0.0,0.0,0.0,0.0,0.0,0.0,0.0,0.0,0.0,0.0,0.0,0.0,0.0,7.719919301564079,0.0,26.148113763362204,51.98586298350045,0.0,0.0,0.0,0.0,0.0,200.69411547927788,0.0,-338.6782048553799,0.0,0.0,0.0,-3.1128706861145488,0.0,0.0,0.0,0.0,0.0,0.0,0.0,0.0,0.0,0.0,0.0,0.0,0.0,0.0,0.0,0.0,0.0,0.0,-0.02490296548891638,0.0,0.0,1.245148274445819,66.9874157745818,0.0,0.0,0.0,0.0,362.7320429560091,0.0,0.0,0.0,-840.924577976233,0.6225741372229097,0.0,0.0,0.0,0.02490296548891638,0.0,24.90296548891638,0.0,4.980593097783276,0.1778783249208313,84.91911231720486,-0.018677224116687284,1.245148274445819,0.4980593097783277,-0.12451482744384282,-84.91911231720486,7.470889646674915,-0.024902965488916382,2.185446000585024,0.0,0.0062257413722290956,0.1778783249208313,-6.556338001755072,-54.0328867466888,-0.4980593097783277,-451.70105140153964,-0.024902965488916382,0.0062257413722290956,-84.91911231720486,2.490296548891638,0.024902965488916382,0.02490296548891638,-200.64181925175114,-50.040941378816086,0.0,-0.018677224116687284,7.470889646674915,0.024902965488916382,7.470889646674915,-12.451482744458191,-0.012451482744458191,33.65743185299231,-85.0,-0.018677224116687284,-0.024902965488916382,0.0,0.02490296548891638,2.490296548891638,-0.4980593097783277,338.7221125304977,338.7221125304977,-2.490296548891638,451.70105140153964,-338.7221125304977,4.980593097783276,0.03735444823337457,-377.65283505335344,2.490296548891638,-259.1026643578072,0.0,-4.980593097783276,0.01245148274445819,0.24902965488916384,99.86376801242625,96.0,-0.02490296548891638,-206.29728271428408,200.64181925175114,7.719919301564079,0.024902965488916382,54.0328867466888,-29.883558586699905,0.0,-0.02490296548891638,-0.0062257413722290956,0.0,-0.024902965488916382,10.780630457429707,0.024902965489257443,-0.006225741372229095,-0.006225741372229095,-0.006225741372229095,9.961186195566553,12.451482744458191,0.24902965488916384,267.8417838684219,-0.0062257413722290956,197.54209002426748,1.245148274445819,-4.145166954269033,0.02490296548891638,0.01245148274445819,0.012451482744458191,-50.757068906673766,0.0,0.02490296548891638,0.0,0.24902965488916384,0.024902965488916393,-766.6253824920661,0.024902965488916382,0.09961186195494177,0.12451482744384282,0.012451482744458191,0.0062257413722290956,7.470889646674915,-0.024902965488916382,0.0,0.24902965488916384,-535.6835677368438,0.6225741372229097,-2.490296548891638,4.980593097783276,1.245148274445819,-0.024902965488916382,6.556338001755072,0.03735444823337457,-0.024902965488916393,101.51413781334753,0.0,240.31537382377317,0.012451482744458191,8.290333908538067,-0.024902965488916382,-0.024902965489257443,-0.024902965488916382,0.012451482744458191,84.91911231720486,-4.980593097783276,0.02490296548891638,199.7275360248525,-0.006225741372229095,50.040941378816086,-199.7275360248525,3.7354448233374566,85.0,261.72888685227997,84.91911231720486,-0.018677224116687284,206.29728271428408,-96.0,0.024902965488916382,-0.006225741372229096,1.24514827444582,24.90296548891638,-0.01245148274445819,-0.024902965488916382,0.0062257413722290956,450.84782101833025,0.0,377.640383570609,498.78359862364425,-46.0,0.0,209.57385624197923,-31.0,0.0,-32.0,-93.0,-65.0,0.0,16.0,23.0,46.5,0.0,15.5,-200.69411547927788,-174.21396603870906,0.0,65.0,-174.21396603870906,-209.57385624197923,118.48355913989374,0.0,1496.5981,hclb
198,0.0,0.0,0.0,0.0,0.0,0.0,0.0,0.0,92.8822029556636,0.0,0.0,0.0,0.0,0.0,0.0,0.0,264.21004163798085,0.0,0.0,-164.59156504078194,0.0,0.0,0.0,672.7083423508323,0.0,0.0,0.0,0.0,0.0,0.0,0.0,0.0,0.0,0.0,0.0,0.0,0.0,-139.30936517267125,0.0,-1000.0,903.0804090946873,0.0,0.0,0.0,0.0,0.0,0.0,0.0,-350.5572880849346,-740.7218973330107,0.0,-655.4394973657628,0.0,0.03088973115430349,0.0,0.0,0.0,5.6163147553461545,0.0,0.0,131.91829495463756,0.0,0.0,-271.2557417010855,1000.0,0.0,0.0,0.0,78.7344733978075,0.0,0.0,0.2808157377673077,0.0,0.0,0.0,0.0,0.0,0.0,0.0,0.0,0.0,0.0,0.0,0.0,16.848944266038465,0.0,0.0,276.40555030966544,327.7912832892229,-264.1679192773158,0.0,0.0,0.0,0.0,8.424472133019233,0.0,8.424472133019233,0.0,0.0,0.0,0.0,339.70465968898844,0.0,0.0,0.0,-7.648933163240784,0.0,818.3353644588481,0.0,0.0,0.0,0.0,0.0,0.0,0.0,0.0,0.0,0.0,0.0,0.0,0.0,0.0,0.0,0.0,-1000.0,0.0,0.0,8.424472133019233,0.0,8.70528787078654,0.0,0.0,0.0,0.0,0.0,0.0,-1000.0,0.0,0.0,596.8259633442769,0.0,0.0,0.0,0.0,0.0,2.162281180808268,0.028081573776730772,0.007020393444182693,0.0,0.0,0.0,0.0,0.0,0.0,0.0,0.0,-342.5808676370253,0.0,0.0,0.0,0.0,0.0,18.15505956398181,18.15505956398181,0.0,0.0,0.0,0.0,0.0,0.0,0.0,18.18314113775854,0.0,0.0,0.0,-1000.0,-708.3121970359952,0.0,0.0,0.0,0.0,0.0,0.0,0.0,0.0,0.0,0.0,0.0,0.0,0.0,0.0,-1000.0,0.0,0.0,0.0,0.0,0.0,740.7218973330107,655.4394973657628,418.71224040950636,-418.71224040950636,0.0,0.0,0.0,0.0,0.0,0.0,0.0,0.0,55.8734885225625,0.0,0.0,0.0,0.0,0.0,0.0,0.0,0.0,0.0,0.0,0.0,0.0,0.0,174.695896186282,-31.76737048930769,-569.092250918809,0.0,0.0,0.0,403.1740366557231,21.804867002686322,0.0,0.0,0.0,0.0,131.91829495463756,-569.092250918809,0.0,0.0,0.0,0.0,0.0,0.0,0.0,0.0,657.1494915049777,0.0,0.0,0.0,0.0,-90.92095712028345,1000.0,0.0,569.092250918809,0.0,0.0,403.1740366557231,0.0,0.0,0.0,0.0,233.13944850413293,0.0,0.0,427.937434040411,0.0,1000.0,-572.0625659595889,1000.0,0.0,746.5035236987293,0.0,-327.1670842217692,740.7218973330107,0.0,56.54272383439253,0.0,0.0,0.0,-1000.0,0.0,1000.0,0.0,532.8243373676792,0.0,403.1740366557231,121.74225046386334,0.0,0.0,0.0,131.91829495463756,-0.042122360665096156,0.0,0.0,0.0,0.0,0.028081573776730772,0.0,0.0,0.0,312.6211693593167,264.21004163798085,0.0,-5.099288775493855,155.87793102758027,708.3121970359952,433.94715932732953,0.0,81.63584160499772,0.0,-7.648933163240784,0.0,0.0,0.0,140.34487808061294,-1000.0,778.0192803143893,0.0,694.484738291303,0.0,0.0,0.0,0.0,0.0,0.0,0.0,0.0,0.0,0.0,0.0,0.0,0.0,0.0,0.0,0.0,0.0,0.0,0.0,139.19703887756543,0.0,0.0,656.2452648293678,0.0,302.30107750836703,0.0,-659.311772685786,0.0,0.0,0.0,0.0,338.3005810001519,0.0,-843.7500000000005,0.0,-1000.0,921.2655266021925,967.5518553843416,-1000.0,0.0,-958.5938209875466,843.7500000000005,-170.5543691889125,1000.0,999.2979606555817,998.5959213111635,-705.1831373334297,0.0,-29.934603629385315,0.0,-715.9320192391284,8.424472133019233,0.0,0.0,0.0,0.0,0.0,92.91028452944033,0.0,-174.695896186282,174.695896186282,174.695896186282,70.13864211204927,0.0,0.0,-514.6973593774741,0.0,0.0,0.0,0.0,0.0,-139.33744674644797,0.0,0.0,477.557721900377,0.0,0.0,0.0,0.0,-40.191842622326924,0.0561631475534803,0.0,0.0,0.0,0.0,0.0,0.0,0.0,0.0,0.0,78.7344733978075,0.0,0.0,0.0,0.0,0.0,0.0,0.0,0.0,0.0,0.03088973115430349,0.03088973115430349,0.0,265.07958143093583,0.0,16.848944266038465,0.0,0.0,0.0,737.2996346023241,0.0,0.0,0.0,0.0,0.0,17.87981520616586,-737.2996346023241,0.0,0.0,26.818851806009945,0.0,0.0,477.557721900377,0.0,0.0,0.0,0.0,0.0,0.0,0.0,333.3333333333333,-312.6211693593167,0.0,0.0,2.162281180808268,0.0,0.0,0.0,-21.804867002686322,0.0,17.87981520616586,0.0,124.83109204238987,-147.14311945855093,-656.2500000000006,656.2500000000006,174.695896186282,0.0,0.0,0.0,0.0,0.0,0.0,0.0,0.0,0.0,0.0,0.0,0.0,0.0,16.848944266038465,403.17403665572306,403.1740366557231,0.0,0.0,0.0,0.0,0.0,0.0,0.0,0.0,0.0,0.0,0.2808157377673077,0.0,0.0,0.0,0.0,0.0,655.4394973657628,0.0,0.0,8.424472133019233,-26.818851806009945,0.0,0.0,0.0,0.0,0.0,0.0,0.0,0.0,0.0,0.0,0.0,0.0,8.424472133019233,8.424472133019233,0.0,-737.2996346023241,0.0,477.557721900377,0.0,0.0,0.0,0.0,0.0,186.55126979021605,0.0,694.484738291303,0.028081573776730772,0.0,0.0,37.085729825569665,0.0,24.893976295845356,0.0,0.0,0.0,0.0,0.0,0.0,0.0,0.0,0.0,0.0,0.0,0.0,0.0,0.0,0.0,0.0,0.028081573776730772,0.0,0.0,0.0,0.0,0.0,0.0,0.0,0.0,0.0,-892.1737640970988,1000.0,0.0,0.0,28.304295118246046,-2.106118033254802,-1.4040786888365386,0.0,0.0,0.0,0.0,0.0,0.0,0.0,0.0,0.0,0.0,0.0,0.0,403.17403665572306,708.3121970359952,0.0,0.0,-744.4625441796771,0.0,0.0,0.0,92.8822029556636,0.0,0.0,0.028081573776730772,0.0,0.028081573776730772,0.0,0.0,0.0,16.848944266038465,34.25952000761154,34.25952000761154,0.0,0.0,0.0,0.0,0.0,0.0,0.0,0.0,0.0,0.0,0.0,0.0,142.76270158278936,0.0,0.0,0.0,0.0,0.0,0.0,0.0,0.0,0.0,0.0,0.0,0.0,0.0,0.0,21.804867002686322,0.0,0.0,0.0,0.042122360665096156,0.0,0.0,0.0,-8.424472133019233,0.0,0.0,0.0,0.0,0.0,-265.07958143093583,1.4040786888365386,0.0,0.0,0.0,0.0,0.0,-343.7547351706322,0.0,0.0,0.0,0.0,0.0,0.0,0.0,0.0,403.17403665572306,0.0,26.818851806009945,858.9268915534138,90.38368524465385,0.0,59.38368524465385,17.24504313260457,110.89274375931939,-110.89274375931939,0.0,0.0,0.0,-34.25952000761154,0.0,1.4040786888365386,983.7684398887993,0.0,0.0,0.0,-139.33744674644797,0.0,0.0,0.0,0.0,0.0,0.0,0.0,0.0,0.0,267.18569946419063,-271.39793553070035,34.25952000761154,0.0,-593.75,-593.75,593.75,0.0,0.0,0.0,0.0,0.0,657.1494915049777,0.0,0.0,0.0,-115.82020322337718,-774.4660362219352,0.0,8.424472133019233,0.0,0.0,0.0,0.0,-361.2955614559863,0.0,0.0,0.03088973115430349,0.0,0.0,0.0,17.12976000380577,0.0,0.0,0.0,0.0,-31.76737048930769,0.0,0.0,0.0,0.0,0.0,0.0,0.0,0.0,0.0,0.0,0.002808157377673077,0.002808157377673077,0.0,0.0,0.0,0.0,0.0,0.0,0.0,0.0,0.0,37.085729825569665,0.0,0.0,0.0,0.0,0.0,265.07958143093583,0.0,0.0,0.0,0.0,0.0,0.0,0.0,740.7218973330107,0.0,0.0,0.0,0.0,0.0,341.5436432942388,0.0,0.0,0.0,0.0,16.848944266038465,0.0,0.0,0.0,0.0,0.0,0.0,-16.848944266038465,0.0,0.0,0.0,0.0,0.0,0.0,0.0,0.0,0.0,0.0,0.0,0.0,1000.0,186.55126979021605,161.99857961984995,0.0,-8.424472133019233,0.0,-139.30936517267125,0.0,0.0,0.0,0.0,0.0,0.0,0.0,0.0,0.0,0.0,0.0,0.0,0.0,0.0,0.0,0.0,0.0,-3.510196722091347,403.1740366557231,-340.4066990334067,412.0545190802348,0.0,0.0,0.0,0.0,0.0,0.0,-0.35101967220913466,139.33744674644797,0.0,0.0,0.0,0.0,0.0,0.0,0.0,1000.0,8.424472133019233,8.424472133019233,0.0,0.0,0.0,0.0,0.0,0.03088973115430349,265.07958143093583,0.0,0.0,139.30936517267125,0.0,0.0,0.0,0.0,0.0,0.0,0.0,0.0,0.0,0.0,0.0,0.0,0.0,0.0,0.0,0.0,0.0,0.0,0.0,29.485652465567313,2.162281180808268,0.0,0.0,0.0,0.0,0.0,265.07958143093583,0.0,998.5959213111635,0.0,0.0,0.0,-3.510196722091347,0.0,0.0,0.0,0.0,0.0,0.0,0.0,0.0,0.0,0.0,0.0,0.0,0.0,0.0,0.0,0.0,0.0,0.0,-0.028081573776730772,0.0,0.0,1.4040786888365386,-17.87981520616586,0.0,0.0,0.0,0.0,403.1740366557231,0.0,0.0,0.0,-140.34487808061294,0.7020393444182693,0.0,0.0,0.0,0.028081573776730772,0.0,28.08157377673077,-8.70528787078654,5.616314755346155,0.20058266983379122,78.34759083707885,-0.021061180332548078,170.5543691889125,0.5616314755346155,-0.14040786888253365,-78.34759083707885,8.424472133019233,-0.028081573776730772,2.549644387746928,477.557721900377,0.007020393444182693,0.20058266983379122,-7.648933163240784,-4.470586545254719,-0.5616314755346155,-99.6184765971989,-0.028081573776730772,0.007020393444182693,-78.34759083707885,2.8081573776730773,0.028081573776730772,0.028081573776730772,-265.02061012600484,0.030889731154403847,0.0,-0.021061180332548078,8.424472133019233,0.028081573776730772,8.424472133019233,-14.040786888365387,-0.014040786888365386,357.8787339635069,-24.64110595413613,-0.021061180332548078,-0.028081573776730772,-8.70528787078654,0.028081573776730772,2.8081573776730773,-0.5616314755346155,21.804867002686322,21.804867002686322,-2.8081573776730773,99.6184765971989,-21.804867002686322,5.6163147553461545,0.042122360665096156,-1000.0,2.8081573776730773,-333.3333333333333,477.557721900377,-5.6163147553461545,0.014040786888365386,0.2808157377673077,1.2748221938734638,96.0,-0.028081573776730772,-271.39793553070035,265.02061012600484,8.70528787078654,0.028081573776730772,4.470586545254719,443.85983336830026,477.557721900377,-0.028081573776730772,-0.007020393444182693,-477.557721900377,-0.028081573776730772,-40.191842622326924,0.028081573776730772,-0.007020393444182693,-0.007020393444182693,-0.007020393444182693,11.232629510692309,14.040786888365387,0.2808157377673077,20.80493597183701,-0.007020393444182693,0.0,1.4040786888365386,21.5,0.028081573776730772,0.014040786888365386,0.014040786888365386,40.0,8.70528787078654,0.028081573776730772,-8.70528787078654,0.2808157377673077,0.028081573776730772,-20.80493597183701,0.028081573776730772,0.1123262951058166,0.14040786888253365,0.014040786888365386,0.007020393444182693,8.424472133019233,-0.028081573776730772,0.0,0.2808157377673077,-41.60987194367402,169.85232984449422,-2.8081573776730773,5.6163147553461545,1.4040786888365386,-0.028081573776730772,7.648933163240784,0.042122360665096156,-0.028081573776730772,-80.0,8.70528787078654,692.6497627670838,0.014040786888365386,-43.0,-0.028081573776730772,-0.028081573776730772,-0.028081573776730772,0.014040786888365386,78.34759083707885,-5.6163147553461545,0.028081573776730772,2.5496443877469277,-0.007020393444182693,-0.030889731154403847,-2.5496443877469277,4.2122360665096155,24.64110595413613,688.2478868427821,78.34759083707885,-0.021061180332548078,271.39793553070035,-96.0,0.028081573776730772,-0.007020393444182692,1.4040786888365386,28.08157377673077,-0.014040786888365386,-0.028081573776730772,0.007020393444182693,0.0,0.0,517.6503547916981,0.0,-46.0,0.0,363.38524947363766,16.62444035213892,0.0,-32.0,-93.0,-65.0,-482.3356044214135,16.0,23.0,46.5,0.0,-8.312220176069461,-265.07958143093583,-331.35420131109754,482.3356044214135,65.0,-331.35420131109754,-363.38524947363766,-41.64137063616784,0.0,1496.5981,hclb
199,0.0,0.0,0.0,0.0,0.0,0.0,0.0,0.0,0.0,0.0,0.0,0.0,0.0,0.0,0.0,0.0,575.2811223810102,-71.03644449204364,0.0,0.0,0.0,0.0,0.0,0.0,0.0,0.0,0.0,0.0,0.0,259.8841362378162,0.0,0.0,30.429358449201125,0.0,0.0,0.0,0.0,-263.91444353594386,0.0,-759.3439090113789,-18.21280362028989,0.0,0.0,0.0,0.0,0.0,615.9435061576447,0.0,-426.2248306835651,-653.0568515994432,0.0,724.3374140784553,0.0,0.028402973116689753,0.0,0.0,0.0,5.164176930306509,0.0,0.0,42.592950404588464,0.0,518.2083110217989,426.20053248768704,964.8772026584394,0.0,0.0,0.0,1000.0,-183.65967428388524,0.0,0.25820884651532544,0.0,0.0,0.0,0.0,0.0,0.0,0.0,0.0,0.0,0.0,-215.35686877685157,0.0,15.492530790919526,0.0,0.0,926.0120333332513,175.54225227309158,-22.0284853363663,-0.0064552211628831355,0.0,0.0,513.631512519727,7.746265395459763,0.0,7.746265395459763,-0.8314324857794873,0.0,0.0,0.0,122.74654046640404,259.8841362378162,0.0,0.0,0.0,0.0,38.346595795990986,0.0,0.0,0.0,0.0,0.0,0.0,0.0,0.0,0.0,0.0,0.0,0.0,0.0,0.0,0.0,0.0,-49.633626769193896,0.0,0.0,7.746265395459763,0.0,8.004474241975087,8.004474241975087,0.0,-134.60072893870029,134.60072893870029,0.0,0.0,-134.60072893870029,1000.0,-1000.0,0.0,0.0,0.0,0.0,0.0,0.0,217.3450768950196,0.025820884651532542,0.0,0.0,0.0,0.0,-741.3003635464478,0.0,0.0,215.35686877685157,0.0,79.43195012478613,0.0,0.0,0.0,0.0,0.0,-615.9176852729933,-615.9176852729933,0.0,0.0,0.0,-218.75000000000003,0.0,0.0,0.0,-615.8918643883417,0.0,0.0,0.0,0.0,0.0,0.0,0.0,0.0,0.0,0.0,0.0,0.0,0.0,0.0,0.0,0.0,0.0,0.0,0.0,-1000.0,0.0,0.0,0.0,0.0,0.0,653.0568515994432,-724.3374140784553,-153.5137669367253,153.5137669367253,0.0,0.0,0.0,0.0,0.0,0.0,0.0,0.0,84.19989186164018,0.0,0.0,0.0,0.0,0.0,0.0,0.0,0.0,0.0,0.0,0.0,0.0,0.0,78.18374689318397,708.6287174070608,315.39698614319394,0.0,0.0,0.0,134.60072893870029,0.0,0.0,0.0,0.0,0.0,42.592950404588464,315.39698614319394,0.0,0.0,0.0,0.0,0.0,0.0,0.0,0.0,0.0,0.0,0.0,0.0,0.0,329.0560192098169,-378.0639783654942,0.0,-315.39698614319394,0.0,0.0,134.60072893870029,31.501479274869705,0.0,0.0,0.0,279.05920132869124,0.0,0.0,81.43994138472961,-889.1229801670023,0.0,970.562921551732,0.0,889.1229801670023,22.0284853363663,0.0,0.0,653.0568515994432,0.0,88.04921666172595,0.0,0.0,0.0,0.0,0.0,0.0,0.0,0.0,0.0,134.60072893870029,440.8356909805476,-218.75000000000003,0.0,0.0,42.592950404588464,-0.038731326977298815,0.0,0.0,0.0,0.0,0.025820884651532542,0.0,0.0,0.0,992.2537346045402,575.2811223810102,0.0,-198.53450707677558,915.7820118708768,0.0,-10.466538224830128,0.0,0.0,0.0,0.0,0.0,0.0,0.0,0.0,0.0,0.0,114.43627509107989,-1000.0,0.0,0.0,0.0,0.0,0.0,0.0,0.0,0.0,0.0,0.0,0.0,0.0,0.0,0.0,0.0,0.0,0.0,-263.81115999733794,0.0,0.0,215.35686877685157,0.0,0.0,0.0,0.0,0.0,-217.3450768950196,0.0,0.0,0.0,0.0,121.4554962338274,0.0,0.0,-660.0088058644916,-202.01387054855783,-1000.0,0.0,66.26404663305743,-36.99099935178553,0.0,0.0,597.9900135150012,922.4922094795392,201.36834843226953,-67.55509086563406,-348.0280115468865,0.0,0.0,0.0,530.355292815218,7.746265395459763,0.0,0.0,0.0,0.0,0.0,0.025820884651532542,0.0,-78.18374689318397,78.18374689318397,78.18374689318397,87.83582306969349,0.0,0.0,0.0,0.0,0.0,0.0,0.0,0.0,-49.41482812952336,0.0,0.0,0.0,0.0,0.0,0.0,0.0,-40.417911534846745,0.05164176930296815,0.0,0.0,0.0,0.0,0.0,0.0,0.0,0.0,0.0,816.3403257161148,0.0,0.0,0.0,0.0,0.0,0.0,0.0,0.0,0.0,0.028402973116689753,0.028402973116689753,0.0,169.01956996287745,0.0,15.492530790919526,0.0,0.0,0.0,0.0,0.0,0.0,0.0,0.0,0.0,257.8074470069697,0.0,0.0,0.0,870.2673116386344,0.0,0.0,0.0,0.0,0.0,0.0,0.0,0.0,0.0,0.0,16.544542256397964,-992.2537346045402,741.3003635464478,0.0,443.66429005369736,0.0,513.631512519727,0.0,0.0,0.0,257.8074470069697,0.0,217.38953547212296,0.0,0.0,0.0,78.18374689318397,0.0,0.0,0.0,0.0,0.0,0.0,0.0,0.0,0.0,0.0,0.0,0.0,0.0,15.492530790919526,134.60072893870029,134.60072893870029,0.0,0.0,0.0,0.0,0.0,0.0,0.0,0.0,0.0,0.0,0.25820884651532544,0.0,0.0,0.0,0.0,0.0,-724.3374140784553,0.0,0.0,7.746265395459763,-870.2673116386344,0.0,0.0,441.67608193552934,0.0,0.0,0.0,0.0,0.0,0.0,0.0,0.0,0.0,7.746265395459763,7.746265395459763,713.7086841730596,0.0,0.0,0.0,0.0,0.0,0.0,0.0,0.0,-374.3204113288961,0.0,0.0,0.025820884651532542,0.0,0.0,0.0,2.0822699122557315,0.0,0.0,-513.631512519727,0.0,0.0,0.0,0.0,0.0,0.0,0.0,0.0,0.0,0.0,0.0,0.0,0.0,0.0,0.025820884651532542,0.0,0.0,0.0,-22.899890369850823,22.899890369850823,0.0,0.0,0.0,0.0,0.0,-217.3450768950196,0.0,0.0,263.81115999733794,-1.9365663488649407,0.0,-1.2910442325766271,0.0,0.0,0.0,0.0,0.0,0.0,0.0,0.0,0.0,0.0,0.0,134.60072893870029,0.0,0.0,0.0,531.6463370477946,0.0,0.0,0.0,0.0,0.0,0.0,0.025820884651532542,0.0,0.025820884651532542,0.0,0.0,0.0,15.492530790919526,31.501479274869705,31.501479274869705,0.0,0.0,0.0,0.0,0.0,0.0,0.0,741.3003635464478,0.0,0.0,0.0,0.0,2.2231781684969554,0.0,0.0,0.0,0.0,0.0,0.0,0.0,0.0,0.0,0.0,0.0,0.0,0.0,0.0,0.0,0.0,0.0,0.0,0.038731326977298815,0.0,0.0,0.0,-7.746265395459763,0.0,0.0,0.0,0.0,0.0,-169.01956996287745,1.2910442325766271,0.0,0.0,0.0,218.75000000000003,0.0,999.1685675142205,-1.2910442325766271,0.0,0.0,0.0,0.0,0.0,0.0,0.0,134.60072893870029,0.0,870.2673116386344,0.0,90.83582306969349,0.0,801.1361866161412,0.0,0.0,781.8234906192009,0.0,-781.8234906192009,215.35686877685157,0.0,0.0,1.2910442325766271,441.9853401785261,0.0,0.0,0.0,-49.41482812952336,0.0,0.0,0.0,0.0,0.0,0.0,0.0,0.0,0.0,0.0,-3.8731326977298863,31.501479274869705,0.0,0.0,0.0,0.0,0.0,0.0,0.0,0.0,0.0,0.0,0.0,0.0,170.9561363117424,-818.4225956283705,-45.50772158969047,0.0,7.746265395459763,0.0,0.0,0.0,0.0,-70.88442736859798,0.0,0.0,0.028402973116689753,0.0,0.0,0.0,15.750739637434851,0.0,0.0,0.0,0.0,708.6287174070608,0.0,0.0,0.0,0.0,0.0,0.0,0.0,0.0,0.0,0.0,0.002582088465153254,0.002582088465153254,0.0,0.0,0.0,0.0,0.0,0.0,0.0,0.0,0.0,0.0,0.0,0.0,0.0,0.0,0.0,169.01956996287745,0.0,0.0,0.0,0.0,0.0,0.0,0.0,653.0568515994432,0.0,0.0,0.0,0.0,0.0,0.0,-71.03644449204364,0.0,0.0,0.0,15.492530790919531,0.0,0.0,0.0,0.0,0.0,-55.05803529083447,39.56550449991494,0.0,0.0,0.0,0.0,0.0,0.0,0.0,0.0,0.0,0.0,0.0,0.0,0.0,0.0,19.910484154796755,-407.5454841251393,399.7992187296795,0.0,-263.91444353594386,0.0,0.0,0.0,0.0,0.0,0.0,0.0,0.0,0.0,0.0,0.0,0.0,0.0,0.0,0.0,0.0,0.0,-3.227610581441568,134.60072893870029,-123.39206258269235,4.1597445173618794,0.0,0.0,0.0,0.0,0.0,-0.3227610581441568,0.0,264.7716969063749,0.0,0.0,0.0,0.0,0.0,0.0,0.0,1000.0,7.746265395459763,7.746265395459763,0.0,0.0,0.0,0.0,0.0,0.028402973116689753,169.01956996287745,0.0,0.0,263.91444353594386,0.0,0.0,0.0,0.0,0.0,0.0,0.0,0.0,0.0,0.0,0.0,0.0,0.0,0.0,0.0,0.0,0.0,8.004474241975087,0.0,27.11192888410917,0.0,0.0,1.9882081181680045,0.0,0.0,0.0,169.01956996287745,0.0,-1000.0,0.0,0.0,0.0,-3.227610581441568,0.0,0.0,0.0,0.0,0.0,0.0,0.0,0.0,0.0,0.0,0.0,0.0,0.0,0.0,0.0,0.0,0.0,0.0,-0.025820884651532542,0.0,0.0,1.2910442325766271,-257.8074470069697,0.0,0.0,0.0,0.0,134.60072893870029,0.0,0.0,0.0,0.0,0.6455221162883136,0.0,0.0,0.0,0.025820884651532542,0.0,25.82088465153254,0.0,5.164176930306509,0.1844348903680896,88.04921666172595,-0.019365663488649407,62.01879234949033,0.5164176930306509,-0.12910442325744498,-88.04921666172595,7.746265395459763,-0.025820884651532542,0.0,0.0,0.0064552211628831355,0.1844348903680896,0.0,-4.110684836524133,-0.5164176930306509,-504.2446778889665,-0.025820884651532542,0.0064552211628831355,-88.04921666172595,2.5820884651532543,0.025820884651532542,0.025820884651532542,-168.96534610510923,0.028402973116685798,-70.84726998404788,-0.019365663488649407,7.746265395459763,0.025820884651532542,7.746265395459764,-12.910442325766272,-0.012910442325766271,-8.584680140738243,-2.6079093498047867,-0.019365663488649407,-0.025820884651532542,0.0,0.025820884651532542,2.5820884651532543,-0.5164176930306509,0.0,0.0,-2.5820884651532543,504.2446778889665,0.0,5.164176930306509,0.038731326977298815,-895.5578928805771,2.5820884651532543,-16.544542256397964,0.0,-5.164176930306509,0.012910442325766271,0.25820884651532544,49.633626769193896,96.0,-0.025820884651532542,-174.82926900947228,168.96534610510923,8.004474241975087,0.025820884651532542,4.110684836524133,-30.98506158183943,0.0,-0.025820884651532542,-0.0064552211628831355,0.0,-0.025820884651532542,-40.417911534846745,0.025820884651531748,-0.0064552211628831355,-0.0064552211628831355,-0.0064552211628831355,10.328353860613017,12.910442325766272,0.25820884651532544,295.73700077503617,-0.0064552211628831355,99.26725353838779,1.2910442325766271,21.5,0.025820884651532542,0.012910442325766271,0.012910442325766271,-64.7182760041969,0.0,0.025820884651532542,0.0,0.25820884651532544,0.025820884651532542,-848.9509064927026,0.025820884651532542,0.1032835386059277,0.12910442325744498,0.012910442325766271,0.0064552211628831355,7.746265395459763,-0.025820884651532542,70.84726998404788,0.25820884651532544,-591.4740015500723,61.37327023320202,-2.5820884651532543,5.164176930306509,1.2910442325766271,-0.025820884651532542,0.0,0.038731326977298815,-0.025820884651532542,129.4365520083938,0.0,339.75826573035795,0.012910442325766271,-43.0,-0.025820884651532542,-0.025820884651531748,-0.025820884651537552,0.012910442325766271,88.04921666172595,-5.164176930306509,0.025820884651532542,99.26725353838779,-0.0064552211628831355,-0.028402973116685798,-99.26725353838779,3.873132697729881,2.6079093498047867,777.6970914689222,88.04921666172595,-0.019365663488649407,174.82926900947228,-96.0,0.025820884651532542,-0.006455221162880631,1.2910442325766271,25.82088465153254,-0.012910442325766271,-0.025820884651532542,0.0064552211628831355,0.0,0.0,895.5449824382514,553.2139057176664,-46.0,0.0,281.0429287323262,-31.0,0.0,-32.0,-93.0,-65.0,0.0,16.0,23.0,46.5,0.0,15.5,-169.01956996287745,-268.87383836175997,0.0,65.0,-268.87383836175997,-281.0429287323262,154.72295092450616,0.0,1496.5981,hclb
200,0.0,0.0,0.0,0.0,0.0,0.0,0.0,0.0,448.17129658547384,0.0,0.0,0.0,0.0,0.0,0.0,0.0,230.74473951022065,0.0,0.0,-619.1493251477283,0.0,0.0,0.0,0.0,0.0,0.0,0.0,0.0,0.0,-897.9697108729091,0.0,0.0,6.610378265600182,0.0,0.0,0.0,0.0,426.0896482197412,0.0,-1000.0,995.5315333505346,0.0,0.0,0.0,0.0,0.0,0.0,0.0,77.84529953812722,0.0,0.0,0.0,0.0,0.016384377714715015,0.0,0.0,0.0,2.9789777663103063,0.0,0.0,99.0312032608582,0.0,-97.41260158543196,-299.4102377364439,0.0,0.0,0.0,0.0,795.1116841145099,-795.1116841145099,0.0,0.1489488883155153,0.0,0.0,0.0,0.0,0.0,0.0,0.0,759.6332586314358,0.0,0.0,-225.21854027627523,0.0,8.93693329893092,0.0,0.0,-144.42117576530876,447.42655107945325,0.0,-0.0037237222078878827,0.0,0.0,0.0,4.4684666494654595,0.0,4.46846664946546,0.0,0.0,0.0,0.0,0.7447444415775766,-897.9697108729091,0.0,0.0,-24.060444691222514,0.0,297.49023159221224,0.0,0.0,0.0,0.0,0.0,0.0,0.0,0.0,0.0,0.0,0.0,0.0,0.0,0.0,0.0,0.0,-810.7857447589454,0.0,0.0,4.46846664946546,0.0,4.617415537780975,0.0,0.0,0.0,0.0,0.0,0.0,-301.02883941187014,0.0,0.0,0.0,0.0,0.0,0.0,0.0,0.0,226.3654467163047,0.014894888831551531,0.0,0.0,0.0,-1000.0,1000.0,0.0,0.0,0.0,0.0,-169.40566722984394,0.0,0.0,0.0,0.0,0.0,944.7110709208853,944.7110709208853,0.0,0.0,0.0,0.0,639.5359890513391,0.0,0.0,944.7259658097169,0.0,0.0,0.0,-827.9172007399642,-569.0979482155535,0.0,0.0,0.0,0.0,0.0,0.0,0.0,0.0,0.0,-529.0411862210633,0.0,0.0,0.0,0.0,-346.84436335210665,0.0,0.0,0.0,0.0,0.0,0.0,0.0,552.5734489205468,-552.5734489205468,301.02883941187014,0.0,0.0,0.0,0.0,0.0,0.0,0.0,-1000.0,0.0,0.0,0.0,0.0,0.0,0.0,0.0,0.0,0.0,0.0,0.0,0.0,0.0,125.89592143577848,-37.042044467379384,589.3796718245612,0.0,0.0,0.0,0.0,83.4956162280133,0.0,0.0,0.0,0.0,99.0312032608582,589.3796718245612,0.0,0.0,0.0,0.0,0.0,0.0,0.0,0.0,485.9284522868654,0.0,0.0,0.0,230.72239717697332,125.57549933587984,485.9975726933652,0.0,-589.3796718245612,0.0,0.0,301.02883941187014,911.3989760067312,0.0,0.0,0.0,-101.84410301669652,0.0,0.0,176.27922081909026,703.1250000002279,703.1250000002279,-526.8457791811377,0.0,0.0,1000.0,0.0,0.0,0.0,0.0,-342.9677157998546,0.0,0.0,0.0,0.0,0.0,0.0,0.0,944.6961760320537,0.0,0.0,0.0,0.0,0.0,0.0,99.0312032608582,-0.022342333247327296,0.0,0.0,0.0,0.0,0.014894888831551531,0.0,0.0,0.0,-528.0770112241077,230.74473951022065,0.0,-166.94733391671457,-596.3828369766618,569.0979482155535,1000.0,0.0,0.0,0.0,-24.060444691222514,0.0,0.0,0.0,445.31897646368526,-795.1116841145099,349.7927076508246,-1000.0,-1000.0,0.0,0.0,0.0,0.0,0.0,0.0,0.0,0.0,0.0,0.0,0.0,0.0,0.0,0.0,0.0,0.0,0.0,806.9964327962539,0.0,380.84720502118614,0.0,0.0,485.4488368664902,0.0,752.473410737022,0.0,-712.29389900317,0.0,225.21854027627523,0.0,0.0,0.0,0.0,0.0,608.9595390168264,0.0,0.0,0.0,-0.7447444415775766,0.0,-816.4501018545906,0.0,-1000.0,779.5190134686528,-0.3723722207887883,0.0,266.4944804364177,0.0,-490.7530591932084,1000.0,-120.98629737104034,4.46846664946546,0.0,0.0,0.0,0.0,0.0,448.1861914743054,0.0,-125.89592143577848,125.89592143577848,125.89592143577848,-420.8645944251147,0.0,0.0,0.0,0.0,0.0,0.0,0.0,0.0,-102.9664328901537,0.0,0.0,0.0,0.0,0.0,0.0,0.0,-41.510511116844846,0.029789777663113012,0.0,0.0,0.0,0.0,0.0,0.0,0.0,0.0,0.0,0.0,0.0,0.0,0.0,0.0,0.0,0.0,0.0,0.0,0.0,0.016384377714715015,0.016384377714715015,0.0,218.91694366946817,0.0,8.93693329893092,0.0,0.0,0.0,1000.0,0.0,0.0,0.0,0.0,0.0,-250.68753747509209,-1000.0,0.0,0.0,0.0,0.0,0.0,0.0,0.0,0.0,0.0,0.0,0.0,0.0,0.0,270.26191491964846,528.0770112241077,0.0,390.295716541596,1.1469064400294542,0.0,148.36693025449676,-148.36693025449676,-532.8913858943802,0.0,-250.68753747509209,0.0,-73.90324264804765,-218.2948059438893,1000.0,-1000.0,125.89592143577848,0.0,0.0,0.0,0.0,0.0,0.0,0.0,0.0,0.0,0.0,0.0,0.0,0.0,8.936933298930919,301.02883941187014,301.02883941187014,0.0,0.0,0.0,0.0,0.0,0.0,0.0,0.0,0.0,0.0,0.1489488883155153,0.0,0.0,0.0,0.0,0.0,0.0,0.0,0.0,4.46846664946546,0.0,0.0,0.0,0.0,390.295716541596,0.0,0.0,0.0,0.0,0.0,615.4280230753371,-531.9324068473238,0.0,4.4684666494654595,4.4684666494654595,962.1078211584498,-1000.0,0.0,0.0,0.0,0.0,0.0,0.0,0.0,897.9697108729091,0.0,1000.0,0.014894888831551531,0.0,0.0,-570.5772395412847,590.2480680846102,0.0,0.0,0.0,0.0,0.0,0.0,0.0,0.0,0.0,0.0,0.0,0.0,0.0,0.0,0.0,0.0,0.0,0.014894888831551531,0.0,0.0,0.0,0.0,0.0,0.0,0.0,0.0,0.0,0.0,773.1549378633201,0.0,-774.7814597237248,-426.14922777506774,-1.117116662366365,-0.7447444415775772,0.0,0.0,406.25,406.25,-406.25,0.0,0.0,0.0,0.0,0.0,0.0,0.0,301.02883941187014,569.0979482155535,0.0,0.0,-610.9946121226712,0.0,0.0,0.0,448.17129658547384,0.0,0.0,0.014894888831551531,0.0,0.014894888831551531,0.0,0.0,0.0,8.93693329893092,18.17176437449287,18.17176437449287,0.0,0.0,0.0,0.0,0.0,0.0,225.21854027627523,0.0,0.0,0.0,0.0,0.0,0.0,446.60142639208186,0.0,0.0,0.0,0.0,0.0,0.0,0.0,0.0,0.0,0.0,0.0,0.0,0.0,384.5244556398834,0.0,0.0,0.0,0.022342333247327296,0.0,0.0,0.0,-4.46846664946546,0.0,0.0,0.0,0.0,0.0,-218.91694366946817,0.7447444415775766,0.0,0.0,0.0,0.0,-639.5359890513391,-287.7061009968299,0.0,0.0,0.0,0.0,0.0,0.0,0.0,0.0,301.02883941187014,0.0,0.0,0.0,93.02102223368969,0.0,-36.03031773760622,-24.060444691222514,0.0,-1000.0,1000.0,0.0,0.0,893.2272116322383,0.0,0.7447444415775772,1000.0,0.0,0.0,0.0,-102.9664328901537,0.0,0.0,0.0,0.0,0.0,0.0,0.0,0.0,0.0,749.0752465528979,-222.26829365656727,18.17176437449287,0.0,0.0,0.0,0.0,0.0,0.0,0.0,0.0,0.0,485.9284522868654,0.0,0.0,0.0,-19.670828543325456,111.4803727841509,0.0,4.46846664946546,0.0,0.0,0.0,0.0,-217.89499904689438,0.0,0.0,0.016384377714715015,0.0,0.0,0.0,9.085882187246433,0.0,0.0,0.0,0.0,-37.042044467379384,0.0,0.0,0.0,0.0,0.0,0.0,0.0,0.0,0.0,0.0,0.0014894888831551531,0.0014894888831551531,0.0,0.0,0.0,0.0,0.0,0.0,0.0,0.0,0.0,-570.5772395412847,0.0,0.0,0.0,0.0,0.0,218.91694366946817,0.0,0.0,0.0,0.0,0.0,0.0,0.0,0.0,0.0,0.0,0.0,0.0,-79.8145465891597,0.0,0.0,0.0,0.0,0.0,8.936933298930967,0.0,0.0,0.0,0.0,0.0,-740.3493100004503,731.4123767015193,0.0,0.0,0.0,0.0,0.0,0.0,0.0,0.0,0.0,0.0,0.0,0.0,-1000.0,-1000.0,456.8044252416947,-617.440256565141,612.9717899156756,0.0,426.0896482197412,0.0,0.0,0.0,0.0,0.0,0.0,0.0,0.0,0.0,0.0,0.0,0.0,0.0,0.0,0.0,0.0,0.0,-1.8618611039439423,301.02883941187014,-1.117116662366365,667.7526033862828,0.0,0.0,0.0,0.0,0.0,0.0,-0.18618611039439417,102.9664328901537,0.0,0.0,0.0,0.0,0.0,0.0,0.0,1000.0,4.4684666494654595,4.4684666494654595,0.0,0.0,0.0,0.0,759.6332586314358,0.016384377714715015,218.91694366946817,0.0,0.0,-426.0896482197412,0.0,0.0,0.0,0.0,0.0,0.0,0.0,0.0,0.0,0.0,0.0,0.0,0.0,0.0,0.0,0.0,0.0,0.0,0.0,15.639633273129109,226.3654467163047,0.0,0.0,0.0,0.0,0.0,218.91694366946817,0.0,772.4101934217425,0.0,0.0,0.0,-1.8618611039439423,0.0,0.0,0.0,0.0,0.0,0.0,0.0,0.0,0.0,0.0,0.0,0.0,0.0,0.0,0.0,0.0,0.0,0.0,-0.014894888831551531,0.0,0.0,0.7447444415775766,250.68753747509209,0.0,0.0,0.0,0.0,301.02883941187014,0.0,0.0,0.0,-445.31897646368526,0.3723722207887883,0.0,0.0,0.0,0.014894888831551531,0.0,14.894888831551532,-4.617415537780975,2.9789777663103063,0.10639206308251094,41.556739840028776,-0.011171166623663648,0.7447444415776174,0.2978977766310306,-0.07447444415811333,-41.556739840028776,4.4684666494654595,-0.014894888831551531,8.020148230407505,0.0,0.0037237222078878827,0.10639206308251094,-24.060444691222514,-2.3712663019822457,-0.2978977766310306,388.40458563750764,-0.014894888831551531,0.0037237222078878827,-41.556739840028776,1.4894888831551532,0.014894888831551531,0.014894888831551531,-218.88566440292192,0.016384377714706685,0.0,-0.011171166623663648,4.4684666494654595,0.014894888831551531,4.468466649465462,-7.447444415775766,-0.0074474444157757655,217.52655661228897,-85.0,-0.011171166623663648,-0.014894888831551531,-4.617415537780975,0.014894888831551531,1.4894888831551532,-0.2978977766310306,384.5244556398834,384.5244556398834,-1.4894888831551532,-388.40458563750764,-384.5244556398834,2.9789777663103063,0.022342333247327296,-678.4329866041041,1.4894888831551532,-270.26191491964846,0.0,-2.9789777663103063,0.0074474444157757655,0.1489488883155153,41.73683347917864,96.0,-0.014894888831551531,-222.26829365656727,218.88566440292192,4.617415537780975,0.014894888831551531,2.3712663019822457,-17.8738665978617,0.0,-0.014894888831551531,-0.0037237222078878827,0.0,-0.014894888831551531,-41.510511116844846,0.014894888831577191,-0.0037237222078878827,-0.0037237222078878827,-0.0037237222078878827,5.957955532620613,7.447444415775766,0.1489488883155153,11.035250763074202,-0.0037237222078878827,75.45351872794978,0.7447444415775766,21.5,0.014894888831551531,0.0074474444157757655,0.0074474444157757655,1.4894888831551532,4.617415537780975,0.014894888831551531,-4.617415537780975,0.1489488883155153,0.014894888831551531,-11.035250763074202,0.014894888831551531,0.05957955532653614,0.07447444415811333,0.0074474444157757655,0.0037237222078878827,4.4684666494654595,-0.014894888831551531,0.0,0.1489488883155153,-22.070501526148405,0.37237222078874765,-1.4894888831551532,2.9789777663103063,0.7447444415775766,-0.014894888831551531,24.060444691222514,0.022342333247327296,-0.014894888831551531,-2.9789777663103063,4.617415537780975,395.3848142807602,0.0074474444157757655,-43.0,-0.014894888831551531,-0.014894888831577191,-0.014894888831551531,0.0074474444157757655,41.556739840028776,-2.9789777663103063,0.014894888831551531,83.47366695835728,-0.0037237222078878827,-0.016384377714706685,-83.47366695835728,2.2342333247327297,85.0,653.7922521308375,41.556739840028776,-0.011171166623663648,222.26829365656727,-96.0,0.014894888831551531,-0.0037237222078878827,0.7447444415775772,14.894888831551532,-0.0074474444157757655,-0.014894888831551531,0.0037237222078878827,0.0,0.0,-321.57446084031164,0.0,-46.0,0.0,-108.0,-31.0,0.0,136.49405215879895,441.94606135002687,33.05133997129591,-1000.0,-68.24702607939948,23.0,-220.97303067501346,0.0,15.5,-218.91694366946817,-177.48981523386584,1000.0,-33.05133997129591,-177.48981523386584,108.0,-45.80781114264673,0.0,1496.5981,hclb
201,0.0,0.0,0.0,0.0,0.0,0.0,0.0,0.0,230.46331804373332,0.0,0.0,0.0,0.0,0.0,0.0,0.0,0.0,0.0,0.0,254.06252583203386,0.0,0.0,0.0,0.0,0.0,0.0,0.0,0.0,0.0,843.0669148504471,32.089807367116606,-32.089807367116606,293.220132077271,0.0,0.0,0.0,0.0,-270.04517414757316,0.0,-1000.0,948.7305721297471,0.0,0.0,0.0,0.0,0.0,0.0,0.0,70.57949241776736,0.0,0.0,0.0,0.0,0.032556227197081865,0.0,0.0,0.0,5.919314035837303,0.0,0.0,-39.63938499001394,0.0,0.0,-39.63938499001394,0.0,0.0,0.0,0.0,688.3097913340041,-688.3097913340041,0.0,0.2959657017918652,0.0,0.0,0.0,0.0,0.0,0.0,0.0,897.3637441650872,0.0,0.0,-275.5584306125638,0.0,17.75794210751191,0.0,26.336311253861368,0.0,563.989930347425,0.0,-0.007399142544796629,0.0,0.0,0.0,8.878971053755954,0.0,125.35011383441565,0.0,0.0,0.0,0.0,1.4798285089593257,784.326588072664,0.0,0.0,-4.707084192098274,0.0,430.82457631718097,0.0,0.0,0.0,0.0,0.0,0.0,0.0,0.0,0.0,0.0,0.0,0.0,0.0,0.0,0.0,0.0,-604.5408990972406,0.0,0.0,125.35011383441565,0.0,9.17493675554782,9.17493675554782,0.0,-350.8178621696851,945.2954339954224,-594.4775718257373,594.4775718257373,0.0,1000.0,-1000.0,0.0,0.0,0.0,0.0,0.0,0.0,304.1736777702225,0.029596570179186515,0.0,0.0,0.0,0.0,-876.3742034381349,0.0,0.0,275.5584306125638,0.0,107.2450736195883,0.0,0.0,0.0,0.0,0.0,-332.7718039950742,-332.7718039950742,0.0,0.0,0.0,0.0,0.0,0.0,0.0,-300.65240005777844,0.0,0.0,0.0,0.0,-144.55716115448914,0.0,0.0,0.0,0.0,0.0,0.0,0.0,0.0,0.0,0.0,0.0,0.0,0.0,0.0,-1000.0,0.0,0.0,0.0,0.0,0.0,0.0,0.0,-465.5253123749765,465.5253123749765,0.0,0.0,0.0,0.0,0.0,0.0,0.0,58.740326777783146,-68.24468187010068,0.0,0.0,0.0,0.0,0.0,0.0,0.0,0.0,0.0,0.0,0.0,0.0,0.0,106.96725884422223,965.1080768242877,-913.6464072682145,0.0,0.0,0.0,0.0,0.0,0.0,0.0,0.0,0.0,-39.63938499001394,-913.6464072682145,32.089807367116606,0.0,0.0,0.0,0.0,0.0,0.0,0.0,33.04281692688639,0.0,116.47114278065969,0.0,-439.96366566907363,589.551577053328,-394.94581995720915,0.0,913.6464072682145,0.0,0.0,0.0,0.0,0.0,0.0,0.0,-50.86946124156733,0.0,0.0,0.0,0.0,0.0,0.0,0.0,0.0,98.46461797244848,0.0,-282.04227896070995,0.0,0.0,100.92430431102603,0.0,0.0,0.0,0.0,0.0,0.0,0.0,0.0,0.0,0.0,194.62953440813033,0.0,0.0,0.0,-39.63938499001394,-0.04439485526877977,0.0,0.0,0.0,0.0,0.029596570179186515,0.0,0.0,0.0,841.6070692386979,0.0,0.0,-446.63974168564073,785.7124484822128,144.55716115448914,1000.0,0.0,-595.0881086015023,0.0,-4.707084192098274,0.0,0.0,0.0,637.8150229377652,637.4881550402049,-680.2150693764678,0.0,-1000.0,0.0,0.0,0.0,0.0,0.0,0.0,0.0,0.0,0.0,0.0,0.0,0.0,0.0,0.0,0.0,0.0,0.0,-1000.0,0.0,-730.0732121331437,275.5584306125638,0.0,0.0,0.0,0.0,0.0,-305.12668732999236,0.0,0.0,0.0,0.0,0.0,-325.797946374209,0.0,-8.246913448550867,0.0,-1000.0,454.98031931808305,-523.867313661748,0.0,0.0,0.0,6.767084939591541,839.4541276940904,-0.7399142544796629,522.3874851527886,0.0,0.0,39.5025561613119,0.0,0.0,125.35011383441565,0.0,0.0,0.0,0.0,0.0,230.49291461391252,0.0,-106.96725884422223,106.96725884422223,106.96725884422223,-175.7935303140683,0.0,0.0,-379.7205269597209,0.0,0.0,58.740326777783146,0.0,0.0,-26.60614747230511,0.0,-531.2499999999977,74.0806859641627,0.0,0.0,0.0,0.0,-36.61624044826296,0.05919314035838852,0.0,0.0,0.0,0.0,0.0,0.0,0.0,128.42509433557996,0.0,0.0,0.0,0.0,0.0,0.0,0.0,0.0,0.0,0.0,0.0,0.032556227197081865,0.032556227197081865,32.089807367116606,197.04794480838493,0.0,17.75794210751191,0.0,0.0,0.0,0.0,0.0,0.0,26.336311253861368,0.0,0.0,115.23558130398905,0.0,0.0,0.0,0.0,0.0,0.0,74.0806859641627,0.0,0.0,0.0,0.0,0.0,0.0,0.0,201.51363303241354,-841.6070692386979,876.3742034381349,0.0,99.39194734818787,0.0,0.0,0.0,0.0,0.0,115.23558130398905,0.0,0.0,78.6193408557261,0.0,0.0,106.96725884422223,0.0,0.0,0.0,0.0,0.0,0.0,0.0,0.0,0.0,0.0,0.0,0.0,0.0,17.75794210751191,0.0,0.0,0.0,0.0,0.0,0.0,0.0,0.0,0.0,0.0,0.0,0.0,0.2959657017918652,0.0,32.089807367116606,26.336311253861368,-26.336311253861368,32.089807367116606,0.0,0.0,0.0,125.35011383441565,0.0,0.0,0.0,70.77670019052914,0.0,0.0,0.0,0.0,0.0,0.0,244.64736883840584,0.0,0.0,8.878971053755954,8.878971053755954,1000.0,0.0,0.0,74.0806859641627,0.0,0.0,0.0,0.0,0.0,7.500908408975988,58.740326777783146,0.0,0.029596570179186515,0.0,0.0,0.0,2.386751980878684,267.58130047032927,128.42509433557996,0.0,0.0,0.0,0.0,0.0,0.0,0.0,0.0,0.0,0.0,0.0,0.0,0.0,0.0,0.0,0.029596570179186515,0.0,0.0,0.0,-428.0932812767395,428.0932812767395,0.0,0.0,0.0,0.0,0.0,592.012643533365,0.0,-897.1393308633574,269.9267878668564,-2.219742763438989,-1.4798285089593257,0.0,0.0,468.75,468.75,-468.75,0.0,0.0,0.0,0.0,0.0,0.0,0.0,0.0,144.55716115448914,0.0,0.0,40.98238467027123,0.0,0.0,0.0,230.46331804373332,0.0,0.0,0.029596570179186515,0.0,0.029596570179186515,0.0,0.0,0.0,17.75794210751191,36.10781561860755,36.10781561860755,0.0,0.0,0.0,0.0,0.0,0.0,0.0,876.3742034381349,0.0,58.740326777783146,0.0,0.0,640.3632876301931,0.0,0.0,0.0,0.0,0.0,0.0,0.0,0.0,0.0,0.0,0.0,0.0,0.0,0.0,0.0,0.0,-689.4391834950102,689.4391834950102,0.04439485526877977,0.0,0.0,0.0,-125.35011383441565,0.0,0.0,0.0,0.0,0.0,-197.04794480838493,1.4798285089593257,0.0,0.0,0.0,0.0,0.0,0.0,0.0,0.0,-531.2499999999977,0.0,0.0,0.0,0.0,0.0,0.0,0.0,0.0,0.0,90.0806859641627,0.0,935.4548894022977,262.874216278231,0.0,-305.12668732999236,897.1393308633574,-592.012643533365,275.5584306125638,-36.10781561860755,0.0,1.4798285089593257,1000.0,0.0,0.0,-32.089807367116606,-79.27876998002785,0.0,0.0,0.0,0.0,0.0,0.0,0.0,0.0,0.0,-4.439485526877974,0.0,36.10781561860755,0.0,0.0,0.0,32.089807367116606,0.0,0.0,0.0,0.0,0.0,33.04281692688639,0.0,0.0,203.7071730987019,-2.386751980878684,-269.46123446683833,0.0,8.878971053755954,26.336311253861368,0.0,0.0,0.0,-48.01596291498646,0.0,0.0,0.032556227197081865,0.0,0.0,0.0,18.053907809303777,0.0,0.0,0.0,0.0,965.1080768242877,0.0,0.0,0.0,0.0,0.0,0.0,0.0,0.0,0.0,0.0,0.0029596570179186515,0.0029596570179186515,0.0,0.0,0.0,0.0,0.0,0.0,0.0,0.0,0.0,0.0,32.089807367116606,0.0,0.0,0.0,0.0,197.04794480838493,0.0,0.0,0.0,0.0,0.0,0.0,0.0,0.0,0.0,0.0,0.0,52.672622507722735,42.59973928909116,0.0,0.0,0.0,0.0,0.0,17.75794210751191,0.0,0.0,0.0,0.0,0.0,-17.75794210751191,0.0,0.0,52.672622507722735,0.0,0.0,0.0,0.0,0.0,0.0,0.0,32.089807367116606,32.089807367116606,0.0,0.0,791.82749648164,660.6369382029359,0.0,-125.35011383441565,0.0,-270.04517414757316,0.0,0.0,0.0,0.0,0.0,0.0,0.0,0.0,0.0,390.62499999999994,0.0,-390.625,-390.62499999999994,0.0,0.0,0.0,0.0,-3.6995712723983147,0.0,-2.219742763438989,638.1435448667542,0.0,0.0,0.0,0.0,0.0,0.0,-0.3699571272398315,302.16457808486894,0.0,0.0,0.0,0.0,0.0,0.0,0.0,1000.0,8.878971053755954,8.878971053755954,0.0,0.0,0.0,0.0,897.3637441650872,0.032556227197081865,197.04794480838493,0.0,0.0,270.04517414757316,0.0,0.0,0.0,0.0,0.0,0.0,0.0,0.0,0.0,0.0,0.0,0.0,0.0,0.0,344.7195917475051,0.0,0.0,9.17493675554782,0.0,31.07639868814584,28.61524715765873,0.0,0.0,0.0,0.0,0.0,197.04794480838493,0.0,-1.4798285089593257,0.0,0.0,0.0,-3.6995712723983147,0.0,0.0,0.0,0.0,0.0,0.0,0.0,0.0,0.0,0.0,0.0,0.0,0.0,0.0,0.0,0.0,0.0,0.0,-0.029596570179186515,0.0,0.0,1.4798285089593257,-115.23558130398905,0.0,0.0,0.0,0.0,0.0,0.0,0.0,0.0,-637.8150229377652,0.7399142544796629,0.0,0.0,0.0,0.029596570179186515,0.0,29.596570179186514,0.0,5.919314035837303,0.2114040727084751,100.92430431102603,-0.022197427634389887,1.4798285089593257,0.5919314035837303,-0.14798285089596355,-100.92430431102603,8.878971053755954,-0.029596570179186515,1.569028064032758,74.0806859641627,0.007399142544796629,0.2114040727084751,-4.707084192098274,-31.048085226387855,31.497875963532877,-254.06252583203386,-0.029596570179186515,0.007399142544796629,-100.92430431102603,2.9596570179186514,0.029596570179186515,0.029596570179186515,-196.98579201100864,-26.303755026664263,-52.840903671008135,-0.022197427634389887,8.878971053755954,0.029596570179186515,125.35011383441565,101.67285769106644,-0.014798285089593258,-44.99000156438361,-2.9892535880978386,-0.022197427634389887,-0.029596570179186515,0.0,0.029596570179186515,2.9596570179186514,-0.5919314035837303,0.0,0.0,-2.9596570179186514,254.06252583203386,0.0,5.919314035837303,0.04439485526877977,0.0,2.9596570179186514,-201.51363303241354,74.0806859641627,-5.919314035837303,0.014798285089593258,0.2959657017918652,111.65993542141018,96.0,-0.029596570179186515,-203.7071730987019,196.98579201100864,9.17493675554782,0.029596570179186515,31.048085226387855,-77.90634103152104,74.0806859641627,-0.029596570179186515,-0.007399142544796629,-74.0806859641627,-0.029596570179186515,-36.61624044826296,0.029596570179186515,-0.007399142544796629,-0.007399142544796629,-0.007399142544796629,11.838628071674606,-101.67285769106644,0.2959657017918652,241.88699433840756,-0.007399142544796629,221.75084277878761,1.4798285089593257,19.787948733090804,0.029596570179186515,0.014798285089593258,0.014798285089593258,40.0,0.0,0.029596570179186515,0.0,0.2959657017918652,0.029596570179186515,-681.8062651522124,0.029596570179186515,0.11838628071677704,0.14798285089596355,0.014798285089593258,0.007399142544796629,8.878971053755954,-0.029596570179186515,52.840903671008135,-15.748937981766439,-483.7739886768151,0.7399142544796629,-2.9596570179186514,5.919314035837303,1.4798285089593257,-0.029596570179186515,4.707084192098274,0.04439485526877977,-0.029596570179186515,-80.0,0.0,338.43357881982035,0.014798285089593258,-39.57589746618161,-0.029596570179186515,-0.029596570179186515,-0.029596570179186515,0.014798285089593258,100.92430431102603,-5.919314035837303,0.029596570179186515,223.31987084282036,-0.007399142544796629,26.303755026664263,-223.31987084282036,4.439485526877977,2.989253588097838,76.78276054312322,100.92430431102603,-0.022197427634389887,203.7071730987019,-96.0,0.029596570179186515,-0.007399142544796629,1.4798285089593257,29.596570179186514,-0.014798285089593258,-0.029596570179186515,0.007399142544796629,0.0,0.0,-98.47941625753808,439.9192708138048,-46.0,0.0,-9.989521822848673,-31.0,0.0,-32.0,-93.0,-65.0,-98.46461797244848,16.0,23.0,46.5,0.0,15.5,-197.04794480838493,-290.4176159048339,98.46461797244848,65.0,-290.4176159048339,9.989521822848673,32.47858109537685,0.0,1496.5981,hclb
202,0.0,0.0,0.0,0.0,0.0,0.0,0.0,0.0,451.8993389790589,0.0,0.0,0.0,0.0,0.0,0.0,0.0,479.47883014510717,520.5211698548928,0.0,-1000.0,0.0,0.0,0.0,444.7686000501889,0.0,341.80903950355196,0.0,0.0,0.0,-724.6736536256788,0.0,0.0,0.0,0.0,0.0,0.0,0.0,-3.724258849313597,0.0,-1000.0,796.9081166704897,0.0,-245.19482348057159,0.0,0.0,0.0,0.0,0.0,0.0,0.0,0.0,0.0,0.0,0.023391804725401425,0.0,0.0,0.0,0.0,0.0,0.0,-1.8727620631683521,0.0,0.0,-1.8727620631683521,1000.0,0.0,0.0,0.0,666.6945070476055,-666.6945070476055,0.0,0.21265277023107426,0.0,0.0,0.0,0.0,0.0,0.0,0.0,0.0,0.0,0.0,0.0,0.0,12.759166213864455,0.0,0.0,0.0,612.414152366951,-44.5201102752452,0.0,0.0,0.0,0.0,6.379583106932228,0.0,151.21964445142777,0.0,0.0,0.0,0.0,1.0632638511553711,-724.6736536256788,0.0,0.0,-3.4288964697404762,611.5902189458466,860.4848297860328,0.0,0.0,0.0,0.0,0.0,0.0,0.0,0.0,0.0,0.0,0.0,0.0,0.0,0.0,0.0,0.0,-571.5503795838813,0.0,0.0,151.21964445142777,0.0,6.592235877163302,6.592235877163302,0.0,969.6131079105445,-969.6131079105445,0.0,0.0,0.0,0.0,0.0,0.0,0.0,0.0,0.0,0.0,0.0,1.6374263307792707,0.021265277023107425,0.005316319255776856,0.0,0.0,0.0,-611.5902189458466,0.0,0.0,0.0,0.0,109.7483297669659,0.0,0.0,0.0,0.0,0.0,124.4131798878592,124.4131798878592,0.0,0.0,0.0,0.0,-377.5090714381563,0.0,0.0,124.4344451648823,0.0,0.0,0.0,-195.79062593191068,0.0,0.0,0.0,0.0,0.0,0.0,0.0,0.0,0.0,0.0,0.0,0.0,0.0,0.0,0.0,-1000.0,0.0,0.0,0.0,0.0,0.0,0.0,245.19482348057159,-366.80891488775114,366.80891488775114,0.0,0.0,0.0,0.0,0.0,0.0,0.0,0.0,171.29549993511947,0.0,0.0,0.0,0.0,0.0,0.0,0.0,0.0,0.0,0.0,0.0,0.0,0.0,26.87747413762547,110.34617215373851,0.0,0.0,0.0,0.0,0.0,82.85220702066616,0.0,0.0,0.0,0.0,-1.8727620631683521,0.0,0.0,0.0,151.5549924772575,0.0,0.0,0.0,0.0,0.0,699.0150974243129,4.253055404621485,144.84006134449555,0.0,265.9717562258694,1000.0,-121.61409140717956,0.0,0.0,0.0,0.0,0.0,-644.0080233252407,0.0,0.0,0.0,-2.1431855026455082,0.0,0.0,-1000.0,-389.64853043492457,0.0,-610.3514695650754,0.0,389.64853043492457,245.6052374791999,0.0,-846.2877450328583,0.0,0.0,-10.337612371869838,0.0,0.0,0.0,0.0,0.0,0.0,0.0,917.8030533950257,0.0,0.0,494.872984216771,0.0,0.0,0.0,-1.8727620631683521,-0.031897915534661134,0.0,0.0,0.0,0.0,0.021265277023107425,0.0,0.0,0.0,66.91305110359326,479.47883014510717,0.0,-256.147704155988,170.5754387558173,0.0,948.1277611219175,0.0,0.0,0.0,-3.4288964697404762,0.0,0.0,0.0,190.2452890802293,326.8605634439797,-517.105852524209,0.0,-1000.0,0.0,0.0,0.0,0.0,0.0,0.0,0.0,0.0,0.0,0.0,0.0,0.0,0.0,0.0,0.0,0.0,151.5549924772575,928.1372765465624,0.0,931.7764742877835,0.0,0.0,698.330355504169,474.1087406070585,432.02326015892373,0.0,-700.6525237550921,0.0,0.0,0.0,0.0,0.0,6.444929508414873,0.0,-1000.0,0.0,-1000.0,0.0,-620.8443516358939,296.395927580676,0.0,0.0,-13.186475371583887,1000.0,-0.5316319255776856,619.7810877847385,-106.45134607925996,0.0,253.6049118508759,1000.0,0.0,151.21964445142777,0.0,0.0,0.0,0.0,0.0,451.920604256082,0.0,-26.87747413762547,26.87747413762547,26.87747413762547,82.10281484208339,0.0,0.0,-793.4111387841896,0.0,0.0,0.0,0.0,0.0,-3.7455241263367043,0.0,0.0,0.0,0.0,0.0,0.0,0.0,-40.87347229768926,0.04253055404622905,0.0,0.0,0.0,0.0,0.0,0.0,0.0,0.0,0.0,0.0,0.0,0.0,0.0,0.0,0.0,0.0,0.0,0.0,0.0,0.023391804725401425,0.023391804725401425,0.0,118.62441873300399,0.0,12.759166213864455,0.0,0.0,0.0,-62.614240281799894,0.0,0.0,0.0,0.0,0.0,298.2772231992898,62.614240281799894,0.0,0.0,0.0,0.0,0.0,0.0,0.0,0.0,0.0,0.0,0.0,0.0,0.0,190.5167931946271,-66.91305110359326,0.0,775.0688412168993,1.6374263307792707,0.0,0.0,0.0,-82.85220702066616,0.0,298.2772231992898,0.0,0.0,257.4037509016005,0.0,0.0,26.87747413762547,0.0,0.0,0.0,0.0,0.0,0.0,0.0,0.0,0.0,0.0,0.0,0.0,0.0,12.759166213864455,0.0,0.0,0.0,0.0,0.0,0.0,0.0,0.0,0.0,0.0,0.0,0.0,0.21265277023107426,0.0,0.0,0.0,0.0,0.0,245.19482348057159,0.0,0.0,151.21964445142777,0.0,0.0,0.0,0.0,775.0688412168993,0.0,0.0,0.0,0.0,0.0,-859.5884836374082,0.0,0.0,6.379583106932228,6.379583106932228,-113.20671496762938,62.614240281799894,0.0,0.0,0.0,0.0,0.0,0.0,0.0,-275.32634637432125,0.0,-272.9173449088869,0.021265277023107425,0.0,0.0,0.0,1.7148926970777343,10.073026223035605,0.0,0.0,0.0,0.0,0.0,0.0,0.0,0.0,0.0,0.0,0.0,0.0,0.0,0.0,0.0,0.0,0.021265277023107425,0.0,0.0,0.0,0.0,0.0,0.0,0.0,0.0,0.0,-44.54087904488114,42.218710793957996,0.0,0.0,3.6391977412210963,-1.594895776733057,-1.063263851155372,0.0,0.0,0.0,0.0,0.0,0.0,0.0,0.0,0.0,0.0,0.0,0.0,0.0,0.0,0.0,0.0,254.66817570203128,0.0,0.0,0.0,451.8993389790589,0.0,0.0,0.021265277023107425,0.0,0.021265277023107425,0.0,0.0,0.0,12.759166213864455,25.94363796819106,25.94363796819106,0.0,0.0,0.0,0.0,0.0,0.0,0.0,0.0,0.0,0.0,0.0,0.0,192.07622943191885,0.0,0.0,0.0,0.0,0.0,0.0,0.0,0.0,0.0,0.0,0.0,0.0,0.0,0.0,82.85220702066616,0.0,-341.80903950355196,341.80903950355196,0.031897915534661134,0.0,0.0,0.0,-151.21964445142777,0.0,0.0,0.0,0.0,0.0,-118.62441873300399,1.0632638511553711,0.0,0.0,0.0,0.0,377.5090714381563,157.59797681632074,0.0,0.0,0.0,0.0,0.0,0.0,0.0,0.0,0.0,0.0,0.0,68.0405552901974,91.74694459537852,0.0,60.746944595378515,6.644129753295125,0.0,-498.5136678938903,0.0,498.5136678938903,0.0,-669.9516612934318,0.0,1.063263851155372,1000.0,0.0,267.42734191589574,0.0,-3.7455241263367043,0.0,0.0,-218.7573271319759,218.7573271319759,0.0,0.0,0.0,0.0,0.0,-3.189791553466108,0.0,25.94363796819106,0.0,0.0,0.0,0.0,0.0,0.0,0.0,0.0,0.0,699.0150974243129,0.0,0.0,123.40910606320318,-1.7148926970777343,1000.0,-245.19482348057159,6.379583106932228,0.0,0.0,0.0,0.0,-194.78738936673142,0.0,0.0,0.023391804725401425,0.0,0.0,0.0,12.97181898409553,0.0,0.0,0.0,0.0,110.34617215373851,0.0,611.5902189458466,0.0,0.0,0.0,0.0,0.0,0.0,40.86813803772725,0.0,0.002126527702310742,0.002126527702310742,0.0,0.0,0.0,0.0,0.0,0.0,0.0,0.0,0.0,0.0,0.0,0.0,0.0,0.0,0.0,118.62441873300399,0.0,0.0,0.0,0.0,0.0,0.0,0.0,0.0,0.0,0.0,0.0,0.0,0.0,-642.1352612620724,520.5211698548928,0.0,0.0,0.0,12.759166213864455,0.0,0.0,0.0,0.0,0.0,0.0,-12.759166213864455,0.0,0.0,0.0,0.0,0.0,0.0,0.0,0.0,0.0,0.0,0.0,0.0,272.9173449088869,-1000.0,206.64294419274742,0.0,-151.21964445142777,0.0,-3.724258849313597,0.0,0.0,0.0,0.0,0.0,0.0,0.0,0.0,0.0,359.375,0.0,-359.375,-359.375,0.0,0.0,0.0,0.0,-2.6581596278884287,0.0,-1.594895776733057,190.48133365518578,0.0,0.0,0.0,0.0,0.0,0.0,-0.2658159627888429,3.7455241263367043,0.0,0.0,0.0,0.0,0.0,0.0,0.0,1000.0,6.379583106932228,6.379583106932228,0.0,0.0,0.0,0.0,0.0,0.023391804725401425,118.62441873300399,0.0,0.0,3.724258849313597,0.0,0.0,0.0,0.0,0.0,0.0,0.0,0.0,0.0,0.0,0.0,0.0,0.0,0.0,0.0,0.0,0.0,6.592235877163302,0.0,22.3285408742628,0.0,0.0,1.6374263307792707,0.0,0.0,0.0,118.62441873300399,0.0,539.6691148366929,0.0,0.0,0.0,-2.6581596278884287,0.0,0.0,0.0,0.0,0.0,0.0,0.0,0.0,0.0,0.0,0.0,0.0,0.0,0.0,0.0,0.0,0.0,0.0,-0.021265277023107425,0.0,0.0,1.0632638511553711,-298.2772231992898,0.0,0.0,0.0,0.0,0.0,0.0,0.0,0.0,-190.2452890802293,0.5316319255776856,0.0,0.0,341.80903950355196,0.021265277023107425,0.0,21.265277023107423,0.0,4.253055404621485,0.15189483587933872,72.51459464879632,-0.015948957767330567,238.11763415468462,0.42530554046214847,-0.10632638511560821,-72.51459464879632,6.379583106932227,-0.021265277023107425,1.142965489913492,0.0,0.005316319255776856,0.15189483587933872,-3.4288964697404762,-3.385432102078539,-0.42530554046214847,0.0,-0.021265277023107425,0.005316319255776856,-72.51459464879632,2.1265277023107423,0.021265277023107425,0.021265277023107425,-118.57976165125548,0.023391804725418165,-23.942653135172694,-0.015948957767330567,6.379583106932228,0.021265277023107425,151.21964445142777,134.20742283294186,-0.010632638511553712,-78.94788369231225,-85.0,-0.015948957767330567,-0.021265277023107425,0.0,0.021265277023107425,2.1265277023107423,-0.42530554046214847,82.85220702066616,82.85220702066616,-2.1265277023107423,0.0,-82.85220702066616,4.253055404621485,0.031897915534661134,0.0,2.1265277023107423,-190.5167931946271,0.0,-4.253055404621485,0.010632638511553712,0.21265277023107426,64.036926038997,96.0,-0.021265277023107425,-123.40910606320318,118.57976165125548,6.592235877163302,0.021265277023107425,3.385432102078539,-170.35839377222413,0.0,-0.021265277023107425,-0.005316319255776856,0.0,-0.021265277023107425,-652.4636912435358,0.021265277023107425,-0.005316319255776856,-0.005316319255776856,-0.005316319255776856,8.50611080924297,-134.20742283294186,0.21265277023107426,100.23244497872378,-0.005316319255776856,126.9308865880805,1.0632638511553711,21.5,0.021265277023107425,0.010632638511553712,0.010632638511553712,2.1265277023107423,0.0,0.021265277023107425,0.0,0.21265277023107426,0.021265277023107425,-269.1875107071817,0.021265277023107425,0.08506110809250056,0.10632638511560821,0.010632638511553712,0.005316319255776856,6.379583106932228,-0.021265277023107425,23.942653135172694,0.21265277023107423,-200.46488995744755,237.58600222910692,-2.1265277023107423,4.253055404621485,1.0632638511553711,-0.021265277023107425,3.4288964697404762,0.031897915534661134,-0.021265277023107425,-4.2530554046214775,0.0,558.3169066670582,0.010632638511553712,-43.0,-0.021265277023107425,-0.021265277023107425,-0.021265277023107425,0.010632638511553712,72.51459464879632,-4.253055404621485,0.021265277023107425,128.073852077994,-0.005316319255776856,-0.023391804725418165,-128.073852077994,3.1897915534661134,85.0,-85.03230505738576,72.51459464879632,-0.015948957767330567,123.40910606320318,-96.0,0.021265277023107425,-0.0053163192557768545,1.063263851155372,21.265277023107423,-0.010632638511553712,-0.021265277023107425,0.005316319255776856,0.0,0.0,-201.09575984246626,168.9550657284579,-46.0,0.0,182.13261961270564,6.174167131084471,0.0,-32.0,-93.0,-65.0,-201.0851272039547,16.0,23.0,46.5,0.0,-3.0870835655422355,-118.62441873300399,-363.5295173003268,201.0851272039547,65.0,-363.5295173003268,-182.13261961270564,175.18224284130952,0.0,1496.5981,hclb
203,0.0,0.0,0.0,0.0,0.0,0.0,0.0,0.0,-0.008815551038951949,0.0,0.0,0.0,0.0,0.0,0.0,0.0,-1000.0,511.8365196033404,0.0,148.61752892360198,0.0,0.0,0.0,1000.0,0.0,0.0,0.0,0.0,0.0,-1000.0,0.0,0.0,19.5721574798173,0.0,0.0,0.0,0.0,418.0561193573569,0.0,-1000.0,-130.478440321403,0.0,0.0,0.0,0.0,0.0,0.0,0.0,0.0,-146.35996784821262,0.0,-1000.0,0.0,0.009697106142855863,0.0,0.0,0.0,1.7631102077903897,0.0,0.0,-0.7763561948303656,0.0,688.775172894547,687.9988166997167,891.8663540893936,0.0,0.0,0.0,0.0,0.0,0.0,0.08815551038951949,0.0,0.0,0.0,0.0,0.0,0.0,0.0,0.0,0.0,0.0,0.0,0.0,5.289330623371169,0.0,0.0,-956.7568382059245,1000.0,382.8023365936916,-0.0022038877597379872,0.0,0.0,0.0,2.6446653116855847,0.0,135.72305312229705,-419.6000161959787,0.0,0.0,0.0,0.44077755194759743,-1000.0,0.0,0.0,-11.233018842221856,865.8899821514613,0.0,0.0,0.0,0.0,0.0,0.0,0.0,0.0,0.0,0.0,0.0,0.0,0.0,0.0,0.0,0.0,0.0,-177.42427834151033,0.0,0.0,135.72305312229705,0.0,2.732820822075104,0.0,0.0,72.45547087157138,-710.9940811689235,638.5386102973521,-638.5386102973521,0.0,0.0,0.0,0.0,0.0,0.0,0.0,0.0,0.0,0.6787974299993028,0.008815551038951949,0.0,0.0,0.0,-313.6334864786046,-1000.0,0.0,0.0,0.0,0.0,89.47089177835797,0.0,0.0,0.0,0.0,0.0,-540.4990265463512,-540.4990265463512,0.0,0.0,0.0,0.0,-448.64504289378925,0.0,0.0,-540.4902109953122,0.0,0.0,0.0,-172.07631150064785,-987.0278082257014,0.0,0.0,0.0,0.0,0.0,0.0,0.0,0.0,0.0,0.0,0.0,0.0,0.0,0.0,-1000.0,0.0,0.0,0.0,0.0,0.0,146.35996784821262,1000.0,-617.2108867328668,617.2108867328668,0.0,0.0,0.0,0.0,0.0,0.0,0.0,0.0,-490.121549760516,0.0,0.0,0.0,0.0,0.0,0.0,0.0,0.0,0.0,0.0,0.0,0.0,0.0,0.0,552.8499601612986,1000.0,0.0,0.0,0.0,0.0,84.10962934506585,0.0,0.0,0.0,0.0,-0.7763561948303656,1000.0,0.0,0.0,0.0,0.0,0.0,0.0,0.0,0.0,0.0,0.0,133.07838781061147,0.0,-617.2108867328668,1000.0,-573.9677249387913,0.0,-1000.0,0.0,0.0,0.0,-989.2450277324787,0.0,0.0,0.0,72.29152330523053,0.0,0.0,-936.5678465478925,0.0,0.0,-936.5678465478925,0.0,0.0,382.7891132671332,0.0,0.0,146.35996784821262,0.0,-59.514241946389916,0.0,0.0,0.0,-861.5342339969362,0.0,861.5342339969362,0.0,-540.50784209739,0.0,0.0,0.0,0.0,0.0,0.0,-0.7763561948303656,-0.013223326558427922,0.0,0.0,0.0,0.0,0.008815551038951949,0.0,0.0,0.0,780.1673175326371,-1000.0,0.0,-36.82007860551451,643.6783769949551,987.0278082257014,5.244612800894032,0.0,419.19236090464415,0.0,-11.233018842221856,0.0,0.0,0.0,580.8076390953559,0.0,-1000.0,936.9812327653747,-1000.0,0.0,0.0,0.0,0.0,0.0,0.0,0.0,0.0,0.0,0.0,0.0,0.0,0.0,0.0,0.0,0.0,0.0,-581.9086184384873,0.0,-1000.0,0.0,0.0,419.3161554525244,0.0,0.0,0.0,-0.6787974299993028,0.0,0.0,0.0,0.0,0.0,0.0,0.0,-670.1147083009852,0.0,0.0,-35.212797246604396,0.0,0.0,406.5632024862415,0.0,669.6739307490376,-363.1960205286065,-0.22038877597379872,-0.44077755194759743,0.0,0.0,-887.3834019323193,0.0,881.6532937570006,135.72305312229705,0.0,0.0,0.0,0.0,0.0,0.0,0.0,0.0,0.0,0.0,102.46990863443146,0.0,0.0,0.0,0.0,0.0,0.0,0.0,0.0,-1.552712389660731,0.0,-218.75000000000367,0.0,0.0,0.0,0.0,0.0,-30.616597288141833,0.01763110207790039,0.0,0.0,0.0,0.0,0.0,0.0,0.0,0.0,0.0,0.0,0.0,0.0,0.0,0.0,0.0,0.0,0.0,0.0,0.0,0.009697106142855863,0.009697106142855863,0.0,89.9143683734935,0.0,5.289330623371169,0.0,0.0,0.0,1000.0,0.0,0.0,0.0,0.0,0.0,145.91071044573619,-1000.0,0.0,0.0,0.0,0.0,0.0,0.0,0.0,0.0,0.0,0.0,0.0,0.0,0.0,59.14142611383678,-780.1673175326371,447.74350432714334,0.0,872.1604593959037,0.0,0.0,0.0,-84.10962934506585,0.0,145.91071044573619,0.0,0.0,115.29411315759435,0.0,0.0,0.0,0.0,0.0,0.0,0.0,0.0,0.0,0.0,0.0,0.0,0.0,0.0,0.0,0.0,5.289330623371169,0.0,0.0,0.0,0.0,0.0,0.0,0.0,0.0,0.0,0.0,0.0,0.0,0.08815551038951949,0.0,0.0,0.0,0.0,0.0,1000.0,0.0,0.0,135.72305312229705,0.0,0.0,0.0,871.4816619659043,0.0,0.0,0.0,0.0,0.0,0.0,11.654158473494475,0.0,0.0,2.6446653116855847,2.6446653116855847,1000.0,-1000.0,0.0,0.0,0.0,0.0,0.0,0.0,0.0,-74.17863893096899,0.0,0.0,0.008815551038951949,0.0,0.0,0.0,11.642194511370182,0.0,0.0,0.0,0.0,0.0,0.0,0.0,0.0,0.0,0.0,0.0,0.0,0.0,0.0,0.0,0.0,0.0,0.008815551038951949,0.0,0.0,0.0,-374.1323886357342,374.1323886357342,0.0,0.0,0.0,0.0,0.0,1000.0,0.0,0.0,-999.4540235389876,-0.6611663279213962,0.0,-0.44077755194759743,0.0,0.0,0.0,0.0,0.0,0.0,0.0,0.0,0.0,0.0,0.0,0.0,987.0278082257014,0.0,0.0,-5.289330623371169,0.0,0.0,0.0,-0.008815551038951949,0.0,0.0,0.008815551038951949,0.0,0.008815551038951949,0.0,0.0,0.0,5.289330623371169,10.754972267521376,10.754972267521376,0.0,0.0,0.0,0.0,0.0,0.0,0.0,447.74350432714334,0.0,0.0,0.0,0.0,0.0,581.5666580398097,0.0,0.0,0.0,0.0,0.0,0.0,0.0,0.0,0.0,0.0,0.0,0.0,0.0,84.10962934506585,0.0,0.0,0.0,0.013223326558427922,0.0,0.0,0.0,-135.72305312229705,0.0,0.0,0.0,0.0,0.0,-89.9143683734935,0.44077755194759743,0.0,0.0,0.0,0.0,448.64504289378925,-580.6838445474756,-0.44077755194759743,0.0,-218.75000000000367,0.0,0.0,0.0,0.0,0.0,0.0,0.0,0.0,0.0,89.9143683734935,0.0,510.980394119353,-11.233018842221856,581.3626419774749,-581.3626419774749,0.0,0.0,0.0,-1000.0,0.0,0.44077755194759743,94.25581736610498,0.0,0.0,0.0,-1.552712389660731,-93.75000000000355,93.75000000000355,0.0,0.0,0.0,0.0,0.0,0.0,0.0,0.0,-1.3223326558427289,10.754972267521376,0.0,-531.2499999999999,-531.2499999999999,531.25,0.0,0.0,0.0,0.0,0.0,0.0,0.0,0.0,90.5755347014149,-11.642194511370182,192.0698853740427,0.0,2.6446653116855847,0.0,0.0,0.0,0.0,-224.31397481140573,0.0,0.0,0.009697106142855863,0.0,0.0,0.0,5.377486133760688,0.0,0.0,0.0,0.0,552.8499601612986,0.0,865.8899821514613,0.0,0.0,0.0,0.0,0.0,0.0,0.0,0.0,631.5600077952739,0.0008815551038951949,0.0,0.0,0.0,0.0,0.0,0.0,0.0,0.0,0.0,0.0,0.0,0.0,0.0,0.0,0.0,89.9143683734935,0.0,0.0,0.0,0.0,0.0,0.0,0.0,146.35996784821262,0.0,0.0,0.0,0.0,0.0,-851.382471076398,511.8365196033404,0.0,0.0,0.0,5.289330623371169,0.0,0.0,0.0,0.0,0.0,-5.289330623371169,0.0,0.0,0.0,0.0,0.0,0.0,0.0,0.0,0.0,0.0,0.0,0.0,0.0,0.0,-137.19740616559432,587.6053105014918,-135.72305312229705,0.0,0.0,418.0561193573569,0.0,0.0,0.0,0.0,0.0,0.0,0.0,0.0,0.0,328.1250000000001,0.0,-328.1250000000001,-328.1250000000001,0.0,0.0,0.0,0.0,-1.1019438798689936,0.0,-0.6611663279213962,582.227824367731,0.0,0.0,0.0,0.0,0.0,-0.11019438798689936,0.0,1.552712389660731,0.0,0.0,0.0,0.0,0.0,0.0,0.0,1000.0,2.6446653116855847,2.6446653116855847,0.0,0.0,0.0,0.0,0.0,0.009697106142855863,89.9143683734935,0.0,0.0,-418.0561193573569,631.55912624017,0.0,0.0,0.0,0.0,0.0,0.0,0.0,0.0,0.0,0.0,0.0,0.0,0.0,0.0,0.0,0.0,0.0,0.0,9.256328590899546,0.6787974299993028,0.0,0.0,0.0,0.0,0.0,89.9143683734935,0.0,580.3999838040213,0.0,0.0,0.0,-1.1019438798689936,0.0,0.0,0.0,0.0,0.0,0.0,0.0,0.0,0.0,0.0,0.0,0.0,0.0,0.0,0.0,0.0,0.0,0.0,-0.008815551038951949,0.0,0.0,0.44077755194759743,-145.91071044573619,0.0,0.0,0.0,0.0,0.0,0.0,0.0,0.0,-580.8076390953559,0.22038877597379872,0.0,0.0,0.0,0.008815551038951949,0.0,8.815551038951948,-2.732820822075104,1.7631102077903897,0.06296822170679964,24.595387398675935,-0.006611663279213961,0.4407775519475763,0.17631102077903898,-0.04407775519473489,-24.595387398675935,2.6446653116855847,-0.008815551038951949,3.744339614073952,0.0,0.0022038877597379872,0.06296822170679964,-11.233018842221856,-1.4034357254012093,-0.17631102077903898,339.54595147305764,-0.008815551038951949,0.0022038877597379872,-24.595387398675935,0.8815551038951949,0.008815551038951949,0.008815551038951949,-89.8958557163117,0.00969710614288033,-27.722717083515413,-0.006611663279213961,2.6446653116855847,0.008815551038951949,135.72305312229705,128.6706122911355,-0.0044077755194759745,-39.282137010398834,-85.0,-0.006611663279213961,-0.008815551038951949,-2.732820822075104,0.008815551038951949,0.8815551038951949,-0.17631102077903898,84.10962934506585,84.10962934506585,-0.8815551038951949,-339.54595147305764,-84.10962934506585,1.7631102077903897,0.013223326558427922,-685.4930210716628,0.8815551038951949,-59.14142611383678,0.0,-1.7631102077903897,0.0044077755194759745,0.08815551038951949,9.205019651378628,91.67747858128389,-0.008815551038951949,-91.89786735725762,89.8958557163117,2.732820822075104,0.008815551038951949,1.4034357254012093,-143.65704905735387,0.0,-0.008815551038951949,-0.0022038877597379872,0.0,-0.008815551038951949,-896.5065794396031,0.008815551038951949,-0.0022038877597379872,-0.0022038877597379872,-0.0022038877597379872,3.5262204155807795,-128.6706122911355,0.08815551038951949,6.531221375982739,-0.0022038877597379872,14.665699688683302,0.44077755194759743,15.749076196018514,0.008815551038951949,0.0044077755194759745,0.0044077755194759745,0.8815551038951949,2.732820822075104,0.008815551038951949,-2.732820822075104,0.08815551038951949,0.008815551038951949,-6.531221375982739,0.008815551038951949,0.03526220415574244,0.04407775519473489,0.0044077755194759745,0.0022038877597379872,2.6446653116855847,-0.008815551038951949,27.722717083515413,0.08815551038951949,-13.062442751965477,0.2203887759738199,-0.8815551038951949,1.7631102077903897,0.44077755194759743,-0.008815551038951949,11.233018842221856,0.013223326558427922,-0.008815551038951949,-1.7631102077903897,2.732820822075104,342.9097056486222,0.0044077755194759745,-31.498152392037028,-0.008815551038951949,-0.008815551038951949,-0.008815551038951949,0.0044077755194759745,24.595387398675935,-1.7631102077903897,0.008815551038951949,18.410039302757255,-0.0022038877597379872,-0.00969710614288033,-18.410039302757255,1.3223326558427921,85.0,106.62043981154952,24.595387398675935,-0.006611663279213961,91.89786735725762,-91.67747858128389,0.008815551038951949,-0.002203887759737987,0.44077755194759743,8.815551038951948,-0.0044077755194759745,-0.008815551038951949,0.0022038877597379872,771.9091094969979,0.0,-80.10283656468145,0.0,-46.0,0.0,443.62381942312066,-31.0,0.0,-32.0,-93.0,-65.0,-765.5914498608248,16.0,23.0,46.5,0.0,15.5,-89.9143683734935,-118.59573083721648,765.5914498608248,65.0,-118.59573083721648,-443.62381942312066,293.1996566882897,0.0,1496.5981,hclb
204,0.0,0.0,0.0,0.0,0.0,0.0,0.0,0.0,-0.029252996322842457,0.0,0.0,0.0,0.0,0.0,0.0,0.0,546.2018683507746,-176.86279974974727,0.0,0.0,0.0,0.0,0.0,0.0,0.0,0.0,0.0,0.0,0.0,-996.6973409537144,0.0,0.0,135.45713889227954,0.0,0.0,0.0,0.0,-84.69051293469587,0.0,-1000.0,991.2241011031473,0.0,0.0,0.0,0.0,0.0,0.0,0.0,0.0,-790.9184956322862,0.0,0.0,0.0,0.032178295955227754,0.0,0.0,0.0,5.850599264568491,0.0,0.0,-72.53988262390713,0.0,0.0,-286.8380217733439,0.0,0.0,0.0,0.0,0.0,0.0,0.0,0.29252996322842456,0.0,0.0,0.0,0.0,0.0,0.0,0.0,0.0,0.0,0.0,-9.076571610471575,0.0,17.551797793705475,0.0,141.3963817975537,89.80771336812049,127.4271753594233,198.98766042486307,-0.007313249080710614,0.0,0.0,0.0,8.775898896852738,0.0,8.775898896852738,-0.9419464815964602,0.0,0.0,0.0,1.4626498161421229,-1000.0,0.0,0.0,-3.8230215717880425,0.0,624.7599346877338,0.0,0.0,0.0,0.0,0.0,0.0,0.0,0.0,0.0,0.0,0.0,0.0,0.0,0.0,0.0,0.0,-437.7219079493709,0.0,0.0,8.775898896852738,0.0,9.068428860081161,9.068428860081161,0.0,-698.0587001739289,33.65682930714888,664.40187086678,-664.40187086678,-822.8859633187774,0.0,0.0,608.5878241693406,0.0,0.0,0.0,0.0,0.0,152.72543412488412,0.029252996322842457,0.0,0.0,0.0,0.0,0.0,0.0,0.0,9.076571610471575,0.0,34.68296535536175,0.0,0.0,0.0,0.0,0.0,721.0161186877224,721.0161186877224,0.0,0.0,0.0,781.2499999999999,740.3041559302383,0.0,0.0,721.0453716840452,0.0,0.0,0.0,364.2169528058788,0.0,0.0,0.0,0.0,0.0,0.0,0.0,0.0,0.0,0.0,0.0,0.0,0.0,0.0,0.0,-1000.0,0.0,0.0,0.0,0.0,0.0,790.9184956322862,0.0,-127.4271753594233,127.4271753594233,121.30284088532363,0.0,0.0,0.0,0.0,0.0,0.0,3.302659046285635,-944.5072238049238,0.0,0.0,0.0,0.0,0.0,0.0,0.0,0.0,0.0,0.0,0.0,0.0,0.0,293.0426849218491,-31.29880147086302,450.4954726029398,0.0,0.0,0.0,92.99529826411313,34.38693814254438,0.0,0.0,0.0,0.0,-72.53988262390713,450.4954726029398,0.0,0.0,0.0,0.0,0.0,0.0,0.0,0.0,0.0,0.0,0.0,0.0,745.1456492811535,1000.0,-37.61946199130281,0.0,-450.4954726029398,0.0,0.0,214.29813914943676,995.6578360779633,0.0,0.0,0.0,248.72879986500686,0.0,0.0,-441.5561767102806,-1000.0,0.0,558.4438232897191,0.0,1000.0,0.0,0.0,-394.09768847729106,790.9184956322862,0.0,-55.937061566975245,0.0,0.0,0.0,-703.5301741133748,0.0,703.5301741133748,0.0,296.79772029873845,0.0,92.99529826411313,1000.0,781.2499999999999,0.0,0.0,-72.53988262390713,-0.04387949448426368,0.0,0.0,0.0,0.0,0.029252996322842457,0.0,0.0,0.0,835.5343220752793,546.2018683507746,0.0,-505.36939957453967,8.356174665340532,0.0,1000.0,0.0,0.0,0.0,-3.8230215717880425,0.0,0.0,0.0,-2.5186829833968365,41.907842532104205,-39.38915954870737,476.3841786659209,869.434586541842,0.0,0.0,0.0,0.0,0.0,0.0,0.0,0.0,0.0,0.0,0.0,0.0,0.0,0.0,0.0,0.0,0.0,-516.4943817689931,0.0,-431.92088081958974,9.076571610471575,0.0,0.0,0.0,0.0,0.0,-152.72543412488412,0.0,0.0,0.0,0.0,0.0,0.0,-406.24999999999864,0.0,-712.1128215760727,-41.907842532104205,0.0,-1.4626498161421229,0.0,0.0,406.24999999999864,-1.4626498161421229,0.0,711.3814966680017,0.0,352.8899384646757,0.0,0.0,141.37054491864558,-444.3080668624355,8.775898896852738,0.0,0.0,0.0,0.0,0.0,0.0,0.0,-293.0426849218491,293.0426849218491,293.0426849218491,-76.91337380919964,0.0,0.0,0.0,0.0,0.0,3.302659046285635,0.0,0.0,-76.5851408021436,0.0,0.0,0.0,0.0,0.0,0.0,0.0,-40.07470036771576,0.05850599264683744,0.0,0.0,0.0,0.0,0.0,0.0,0.0,0.0,0.0,0.0,0.0,0.0,0.0,0.0,0.0,0.0,0.0,0.0,0.0,0.032178295955227754,0.032178295955227754,0.0,383.19208565728064,0.0,17.551797793705475,0.0,0.0,0.0,1000.0,0.0,615.998089639433,141.3963817975537,0.0,0.0,307.87888443815615,-1000.0,0.0,0.0,884.4505143021863,0.0,0.0,0.0,0.0,0.0,0.0,0.0,0.0,0.0,0.0,145.9073026497903,-835.5343220752793,0.0,0.0,250.91677118412912,0.0,-645.7807958755736,645.7807958755736,490.09101684770565,0.0,307.87888443815615,0.0,0.0,267.8041840704404,0.0,0.0,293.0426849218491,0.0,0.0,0.0,0.0,0.0,0.0,0.0,0.0,0.0,0.0,0.0,0.0,0.0,17.551797793705475,214.2981391494368,214.29813914943676,0.0,0.0,0.0,0.0,0.0,0.0,0.0,0.0,0.0,0.0,0.29252996322842456,0.0,0.0,141.3963817975537,-141.3963817975537,0.0,0.0,0.0,0.0,8.775898896852738,-884.4505143021863,0.0,0.0,107.26790866971658,0.0,0.0,0.0,0.0,0.0,0.0,373.88170701515946,265.56863303720064,0.0,8.775898896852738,8.775898896852738,1000.0,-1000.0,0.0,0.0,0.0,0.0,0.0,0.0,0.0,460.7473008249708,3.302659046285635,1000.0,0.029252996322842457,0.0,0.0,-149.36106789364234,151.72011309710587,167.88579611641921,0.0,0.0,0.0,0.0,0.0,0.0,0.0,0.0,0.0,0.0,0.0,0.0,0.0,0.0,0.0,0.0,0.029252996322842457,0.0,0.0,0.0,0.0,0.0,0.0,0.0,0.0,0.0,0.0,-152.72543412488412,0.0,0.0,84.57350094940335,-2.1939747242131844,-1.4626498161421229,0.0,0.0,0.0,0.0,0.0,0.0,0.0,0.0,0.0,0.0,0.0,0.0,214.2981391494368,0.0,0.0,0.0,-442.8454170462934,0.0,0.0,0.0,-0.029252996322842457,0.0,0.0,0.029252996322842457,0.0,0.029252996322842457,0.0,0.0,0.0,17.551797793705475,35.68865551386779,35.68865551386779,0.0,0.0,0.0,0.0,0.0,0.0,0.0,0.0,0.0,3.302659046285635,0.0,0.0,0.0,0.0,0.0,0.0,0.0,0.0,0.0,0.0,0.0,0.0,0.0,0.0,0.0,0.0,0.0,155.689779027868,0.0,0.0,0.0,0.04387949448426368,0.0,0.0,0.0,-8.775898896852738,0.0,0.0,0.0,0.0,0.0,-383.19208565728064,1.4626498161421229,0.0,0.0,0.0,-781.25,-740.3041559302383,152.72543412488412,0.0,0.0,0.0,0.0,0.0,0.0,0.0,0.0,214.2981391494368,0.0,884.4505143021863,0.0,90.14940073543151,0.0,59.149400735431506,164.06277454463117,0.0,0.0,0.0,0.0,9.076571610471575,959.9691805640955,0.0,1.4626498161421229,619.5041563042079,0.0,0.0,0.0,-359.377904397251,0.0,0.0,0.0,0.0,0.0,0.0,0.0,0.0,0.0,-4.387949448426433,0.0,35.68865551386779,0.0,-468.75000000000006,-468.75000000000006,468.75000000000006,0.0,0.0,0.0,0.0,0.0,0.0,0.0,0.0,389.77400982992026,-2.3590452034635097,0.0,0.0,8.775898896852738,141.3963817975537,0.0,0.0,0.0,-33.36082351175821,0.0,0.0,0.032178295955227754,0.0,0.0,0.0,17.844327756933897,0.0,0.0,0.0,0.0,-31.29880147086302,0.0,0.0,0.0,0.0,0.0,0.0,0.0,0.0,0.0,0.0,0.0029252996322842485,0.0029252996322842485,0.0,0.0,0.0,0.0,0.0,0.0,0.0,0.0,0.0,-149.36106789364234,0.0,0.0,0.0,0.0,0.0,383.19208565728064,0.0,0.0,0.0,0.0,0.0,0.0,0.0,790.9184956322862,0.0,0.0,0.0,282.7927635951074,541.3511029502982,156.95494527395982,-176.86279974974727,0.0,0.0,0.0,17.551797793705475,0.0,0.0,0.0,0.0,0.0,0.0,-17.551797793705475,0.0,282.7927635951074,0.0,0.0,0.0,0.0,0.0,0.0,0.0,0.0,0.0,0.0,869.434586541842,-62.86852050910829,20.038302481147085,181.34771419957468,-190.12361309642742,0.0,-84.69051293469587,0.0,0.0,0.0,0.0,0.0,0.0,0.0,0.0,0.0,0.0,0.0,0.0,0.0,0.0,0.0,0.0,0.0,-3.656624540355307,214.29813914943676,-2.1939747242131844,-2.193974724213179,0.0,0.0,0.0,0.0,0.0,-1000.0,999.6343375459645,85.66171241261517,0.0,0.0,0.0,0.0,0.0,0.0,0.0,1000.0,8.775898896852738,8.775898896852738,0.0,0.0,0.0,0.0,0.0,0.032178295955227754,383.19208565728064,0.0,0.0,84.69051293469587,0.0,0.0,0.0,0.0,0.0,0.0,0.0,0.0,0.0,0.0,0.0,0.0,0.0,0.0,0.0,0.0,0.0,9.068428860081161,0.0,30.71564613898458,143.64886251441254,0.0,0.0,0.0,0.0,0.0,383.19208565728064,0.0,-155.1300304226227,0.0,0.0,0.0,-3.656624540355307,0.0,0.0,0.0,0.0,0.0,0.0,0.0,0.0,0.0,0.0,0.0,0.0,0.0,0.0,0.0,0.0,0.0,0.0,-0.029252996322842457,0.0,0.0,1.4626498161421229,-307.87888443815615,0.0,0.0,0.0,0.0,214.29813914943676,0.0,0.0,0.0,2.5186829833968365,0.7313249080710613,0.0,0.0,0.0,0.029252996322842457,0.0,29.252996322842456,0.0,5.850599264568491,0.20894997373458898,99.75271746089277,-0.02193974724213184,1.4626498161421229,0.5850599264568491,-0.14626498161536006,-99.75271746089277,8.775898896852738,-0.029252996322842457,1.2743405239293475,0.0,0.007313249080710614,0.20894997373458898,-3.8230215717880425,-146.05345881215112,-0.5850599264568491,-369.3390686010273,-0.029252996322842457,0.007313249080710614,-99.75271746089277,2.9252996322842457,0.029252996322842457,0.029252996322842457,-383.13065436500256,-141.36420350159855,0.0,-0.02193974724213184,8.775898896852738,0.029252996322842457,8.775898896852738,-14.626498161421228,-0.014626498161421229,-27.036922211785665,-37.34149077115147,-0.02193974724213184,-0.029252996322842457,0.0,0.029252996322842457,2.9252996322842457,-0.5850599264568491,155.689779027868,155.689779027868,-2.9252996322842457,369.3390686010273,-155.689779027868,5.850599264568491,0.04387949448426368,-1000.0,2.9252996322842457,-145.9073026497903,0.0,-5.850599264568491,0.014626498161421229,0.29252996322842456,126.34234989363492,96.0,-0.029252996322842457,-389.77400982992026,383.13065436500256,9.068428860081161,0.029252996322842457,146.05345881215112,-35.103595587410894,0.0,-0.029252996322842457,-0.007313249080710614,0.0,-0.029252996322842457,-40.07470036771576,0.02925299632306983,-0.007313249080710614,-0.007313249080710614,-0.007313249080710614,11.701198529136983,14.626498161421228,0.29252996322842456,21.672813650687615,-0.007313249080710614,251.4103592633405,1.4626498161421229,21.5,0.029252996322842457,0.014626498161421229,0.014626498161421229,-43.57234949977232,0.0,0.029252996322842457,0.0,0.29252996322842456,0.029252996322842457,-21.672813650687615,0.029252996322842457,0.1170119852925211,0.14626498161536006,0.014626498161421229,0.007313249080710614,8.775898896852738,-0.029252996322842457,0.0,0.29252996322842456,-43.34562730137523,0.7313249080710614,-2.9252996322842457,5.850599264568491,1.4626498161421229,-0.029252996322842457,3.8230215717880425,0.04387949448426368,-0.029252996322842457,87.14469899954463,0.0,207.8401838264323,0.014626498161421229,-43.0,-0.029252996322842457,-0.02925299632306983,-0.029252996322842457,0.014626498161421229,99.75271746089277,-5.850599264568491,0.029252996322842457,252.68469978726984,-0.007313249080710614,141.36420350159855,-252.68469978726984,4.387949448426368,37.34149077115147,603.5740403401387,99.75271746089277,-0.02193974724213184,389.77400982992026,-96.0,0.029252996322842457,-0.007313249080710616,1.4626498161421229,29.252996322842456,-0.014626498161421229,-0.029252996322842457,0.007313249080710614,0.0,0.0,800.9977130769755,0.0,-46.0,0.0,403.599513302293,27.95914443361671,0.0,-32.0,-93.0,-65.0,-198.98766042486307,16.0,23.0,46.5,0.0,-13.979572216808355,-383.19208565728064,-174.4793603146741,198.98766042486307,65.0,-174.4793603146741,-403.599513302293,217.88890462870984,0.0,1496.5981,hclb
205,0.0,0.0,0.0,0.0,0.0,0.0,0.0,0.0,369.96542075008847,0.0,0.0,0.0,0.0,0.0,0.0,0.0,648.1371275966878,-921.718749999993,0.0,615.488166757448,0.0,0.0,0.0,109.07202735854798,0.0,0.0,0.0,0.0,0.0,367.02761442267763,0.0,0.0,30.168381492408432,0.0,0.0,0.0,0.0,925.3314329104625,0.0,-1000.0,1000.0,0.0,-515.6252475066441,0.0,0.0,0.0,0.0,87.39941188410295,-221.91896565874742,-423.8366284732226,0.0,1000.0,0.0,0.0413927763959958,0.0,0.0,0.0,94.92537122882268,0.0,0.0,68.87357839410271,0.0,147.68894908257965,0.0,560.4434748196721,0.0,0.0,0.0,0.0,0.0,0.0,0.37629796723598713,0.0,0.0,0.0,0.0,0.0,0.0,0.0,1000.0,0.0,0.0,0.0,0.0,22.577878034159227,0.0,0.0,1000.0,-428.30868155595135,1000.0,96.29985695766436,0.0,0.0,243.1866991249957,11.288939017079613,0.0,11.288939017079613,0.0,502.20083393625214,0.0,0.0,672.0113399591077,209.70968997934298,0.0,0.0,0.0,0.0,1000.0,0.0,0.0,0.0,0.0,0.0,0.0,0.0,0.0,0.0,0.0,0.0,0.0,0.0,0.0,0.0,0.0,-287.5369147641689,0.0,0.0,11.288939017079613,0.0,11.6652369843156,3.78564429140868,0.0,-64.89654651334622,64.89654651334622,0.0,0.0,783.4374725233176,0.0,0.0,-1000.0,0.0,0.0,0.0,0.0,0.0,2.8974943477171005,0.03762979672359871,96.30926440684526,0.0,0.0,-117.64043740627699,-753.3933396130244,0.0,0.0,0.0,0.0,421.51249032127475,0.0,0.0,0.0,0.0,0.0,-371.03265196324645,-371.03265196324645,0.0,0.0,0.0,0.0,-858.6701796829194,0.0,0.0,-370.99502216652286,0.0,0.0,0.0,-1000.0,-961.0834246771144,0.0,0.0,0.0,0.0,0.0,0.0,0.0,0.0,0.0,0.0,0.0,0.0,0.0,0.0,-751.3492938526796,0.0,0.0,0.0,0.0,0.0,423.8366284732226,-484.3747524933559,-115.61594244170112,115.61594244170112,216.56252747668236,0.0,0.0,0.0,0.0,0.0,0.0,157.31792444333468,1000.0,0.0,0.0,0.0,0.0,0.0,0.0,0.0,0.0,0.0,0.0,0.0,0.0,0.0,220.2334281041979,843.0856957087409,-308.8710238672621,0.0,0.0,0.0,0.0,-216.56252747668236,0.0,0.0,0.0,0.0,68.87357839410271,-308.8710238672621,0.0,0.0,0.0,0.0,0.0,0.0,0.0,0.0,1.2116794544991762,0.0,0.0,0.0,1000.0,171.68201337910568,178.09033940619554,0.0,308.8710238672621,0.0,0.0,216.56252747668236,789.5367625965878,0.0,0.0,0.0,57.27938650958981,0.0,0.0,-1000.0,0.0,-468.7500000001479,-1000.0,0.0,-468.7500000001479,-543.9246239976525,0.0,-199.92756002549868,423.8366284732226,0.0,112.55842144165776,0.0,0.0,0.0,-1000.0,0.0,1000.0,0.0,-19.683017800906896,0.0,0.0,0.0,0.0,0.0,0.0,68.87357839410271,-0.05644469508539807,0.0,0.0,0.0,0.0,0.03762979672359871,0.0,0.0,0.0,738.8486753811007,648.1371275966878,0.0,-687.182604191861,1000.0,961.0834246771144,953.4183071589778,0.0,908.584449066562,0.0,0.0,0.0,0.0,0.0,91.41555093343806,-1000.0,0.0,0.0,-640.6702622140737,0.0,0.0,0.0,0.0,0.0,0.0,0.0,0.0,0.0,0.0,0.0,0.0,0.0,0.0,0.0,0.0,0.0,1000.0,0.0,0.0,0.0,74.51804790264248,0.0,1000.0,0.0,1000.0,497.79916606374786,0.0,502.20083393625214,0.0,0.0,670.1298501229277,0.0,0.0,-836.9464148976438,0.0,1000.0,667.1902405347955,-91.83324167707003,0.0,-145.3239977196656,0.0,0.0,0.0,-0.9407449180899677,89.9517518408901,0.0,0.0,0.0,623.8133747256927,-300.2664983803692,11.288939017079613,0.0,0.0,0.0,0.0,0.0,370.00305054681206,0.0,-220.2334281041979,220.2334281041979,220.2334281041979,85.47404065528026,0.0,0.0,-351.38726395906315,0.0,0.0,157.31792444333468,0.0,0.0,-78.81537068847697,0.0,0.0,57.87063185810184,0.0,0.0,0.0,0.0,-39.23702032764013,0.0752595934478558,0.0,0.0,0.0,0.0,0.0,0.0,0.0,85.3001488537806,0.0,0.0,0.0,0.0,0.0,0.0,0.0,0.0,0.0,0.0,0.0,0.0413927763959958,0.0413927763959958,0.0,308.70746875947816,0.0,22.577878034159227,0.0,0.0,0.0,-1000.0,0.0,0.0,0.0,0.0,0.0,443.0894504240158,1000.0,0.0,0.0,101.85687880791511,0.0,0.0,57.87063185810184,0.0,0.0,0.0,0.0,0.0,0.0,0.0,95.84563825472297,-738.8486753811007,871.0337770193014,0.0,219.0772883657711,0.0,1000.0,-756.8133008750043,-756.8133008750043,0.0,443.0894504240158,0.0,403.85243009637566,0.0,0.0,0.0,220.2334281041979,0.0,0.0,0.0,0.0,0.0,0.0,0.0,0.0,0.0,0.0,0.0,0.0,0.0,22.577878034159227,216.56252747668236,216.56252747668236,0.0,0.0,0.0,0.0,0.0,0.0,0.0,0.0,0.0,0.0,0.37629796723598713,0.0,0.0,0.0,0.0,0.0,-484.3747524933559,0.0,0.0,11.288939017079613,-101.85687880791511,0.0,0.0,216.179794018054,0.0,0.0,0.0,0.0,0.0,0.0,0.0,482.1100064592424,0.0,11.288939017079613,11.288939017079613,-76.19590691586814,1000.0,0.0,57.87063185810184,0.0,0.0,0.0,0.0,0.0,790.290310020657,157.31792444333468,1000.0,0.03762979672359871,0.0,0.0,0.0,34.55294509312359,0.0,85.3001488537806,-243.1866991249957,0.0,0.0,0.0,0.0,0.0,0.0,0.0,0.0,0.0,0.0,0.0,0.0,0.0,0.0,0.03762979672359871,0.0,0.0,0.0,0.0,0.0,0.0,0.0,0.0,74.51804790264248,0.0,1000.0,0.0,0.0,-1000.0,-2.822234754269904,-1.8814898361799355,0.0,0.0,0.0,0.0,0.0,0.0,0.0,0.0,0.0,0.0,0.0,0.0,216.56252747668236,961.0834246771144,0.0,0.0,-298.3850085441893,0.0,0.0,0.0,369.96542075008847,0.0,0.0,0.03762979672359871,0.0,0.03762979672359871,0.0,0.0,0.0,22.577878034159227,45.90835200279042,45.90835200279042,0.0,0.0,0.0,0.0,0.0,0.0,0.0,871.0337770193014,0.0,157.31792444333468,0.0,0.0,94.65547643133993,0.0,0.0,0.0,0.0,0.0,0.0,0.0,0.0,0.0,0.0,0.0,0.0,0.0,0.0,0.0,0.0,0.0,0.0,0.05644469508539807,0.0,0.0,0.0,-11.288939017079613,0.0,0.0,0.0,0.0,0.0,-308.70746875947816,1.8814898361799353,0.0,0.0,0.0,0.0,858.6701796829194,0.0,0.0,0.0,0.0,0.0,0.0,0.0,0.0,0.0,216.56252747668236,0.0,101.85687880791511,0.0,88.47404065528026,0.0,928.5078176745817,0.0,0.0,497.79916606374786,502.20083393625214,-1000.0,0.0,743.6284105937974,0.0,1.8814898361799355,1000.0,0.0,0.0,0.0,-78.81537068847697,0.0,0.0,-718.749999999999,718.749999999999,0.0,-501.9083398659642,0.0,0.0,0.0,-5.644469508539786,0.0,45.90835200279042,0.0,0.0,0.0,0.0,0.0,0.0,0.0,0.0,0.0,1.2116794544991762,0.0,0.0,317.17417302228785,-34.55294509312359,0.0,-515.6252475066441,11.288939017079613,0.0,0.0,0.0,0.0,85.00077184089366,0.0,0.0,0.0413927763959958,0.0,0.0,0.0,22.95417600139521,0.0,0.0,0.0,0.0,843.0856957087409,0.0,0.0,0.0,0.0,0.0,0.0,0.0,0.0,-691.6466192806804,0.0,1000.0,0.003762979672359871,0.0,0.0,0.0,0.0,0.0,0.0,0.0,0.0,0.0,0.0,0.0,0.0,0.0,0.0,0.0,308.70746875947816,0.0,0.0,0.0,0.0,0.0,0.0,0.0,423.8366284732226,0.0,0.0,0.0,0.0,1000.0,5.541143773221639,-921.718749999993,0.0,0.0,0.0,22.577878034159227,0.0,0.0,0.0,0.0,0.0,0.0,-22.577878034159227,0.0,0.0,0.0,0.0,0.0,0.0,0.0,0.0,0.0,0.0,0.0,0.0,-640.6702622140737,1000.0,120.43188718700506,0.0,-11.288939017079613,0.0,999.849480813105,0.0,0.0,0.0,0.0,0.0,0.0,0.0,0.0,0.0,0.0,0.0,0.0,0.0,0.0,0.0,0.0,0.0,-4.7037245904498395,216.56252747668236,-672.9520848771975,91.83324167707003,0.0,0.0,0.0,0.0,0.0,-0.4703724590449839,0.0,78.81537068847697,0.0,0.0,0.0,0.0,0.0,0.0,0.0,1000.0,11.288939017079613,11.288939017079613,0.0,0.0,0.0,0.0,1000.0,0.0413927763959958,308.70746875947816,0.0,0.0,-999.849480813105,999.9962370203276,0.0,0.0,0.0,0.0,0.0,0.0,0.0,0.0,0.0,0.0,0.0,0.0,0.0,0.0,0.0,0.0,3.78564429140868,0.0,39.51128655977865,0.0,0.0,2.8974943477171005,0.0,0.0,0.0,308.70746875947816,0.0,-1.8814898361799355,0.0,0.0,0.0,-4.7037245904498395,0.0,0.0,0.0,0.0,0.0,0.0,0.0,0.0,0.0,0.0,0.0,0.0,0.0,0.0,0.0,0.0,0.0,0.0,-0.03762979672359871,0.0,0.0,1.8814898361799353,-443.0894504240158,0.0,0.0,0.0,0.0,216.56252747668236,0.0,0.0,0.0,-91.41555093343806,0.9407449180899677,0.0,0.0,0.0,0.03762979672359871,0.0,37.62979672359871,-7.879592692906916,7.525959344719742,0.26878426231141933,112.55842144165776,-0.028222347542699033,836.9464148976438,0.7525959344719743,-0.18814898361865198,-112.55842144165776,11.288939017079613,-0.03762979672359871,0.0,57.87063185810184,0.009407449180899677,0.26878426231141933,0.0,-5.990663638396256,-0.7525959344719743,-341.90654435414285,-0.03762979672359871,0.009407449180899677,-112.55842144165776,3.762979672359871,0.03762979672359871,0.03762979672359871,-308.6284461863586,0.041392776396037334,-69.40540182004855,-0.028222347542699033,11.288939017079613,0.03762979672359871,11.288939017079613,-18.814898361799354,-0.018814898361799354,-352.1070885012262,212.7619180075989,-0.028222347542699033,-0.03762979672359871,-7.879592692906916,0.03762979672359871,3.762979672359871,-0.7525959344719743,0.0,0.0,-3.762979672359871,341.90654435414285,0.0,7.525959344719742,0.05644469508539807,-1000.0,3.762979672359871,-95.84563825472297,57.87063185810184,-7.525959344719742,0.018814898361799354,0.37629796723598713,171.79565104796524,96.0,-0.03762979672359871,-317.17417302228785,308.6284461863586,11.6652369843156,0.03762979672359871,5.990663638396256,12.714875789783292,57.87063185810184,-0.03762979672359871,-0.009407449180899677,-57.87063185810184,-0.03762979672359871,-39.23702032764013,0.03762979672359871,-0.009407449180899677,-0.009407449180899677,-0.009407449180899677,15.051918689439484,18.814898361799354,0.37629796723598713,351.9193170983976,-0.009407449180899677,343.5913020959305,1.8814898361799355,21.5,0.03762979672359871,0.018814898361799354,0.018814898361799354,32.69829560141079,7.879592692906916,0.03762979672359871,-7.879592692906916,0.37629796723598713,0.03762979672359871,-1000.0,0.03762979672359871,0.15051918689505328,0.18814898361865198,0.018814898361799354,0.009407449180899677,11.288939017079613,-0.03762979672359871,69.40540182004855,0.37629796723598713,-703.8386341967952,836.0056699795538,-3.762979672359871,7.525959344719742,1.8814898361799355,-0.03762979672359871,0.0,0.05644469508539807,-0.03762979672359871,-65.39659120282158,7.879592692906916,592.08038597157,0.018814898361799354,-43.0,-0.03762979672359871,-0.03762979672359871,-0.03762979672359871,0.018814898361799354,112.55842144165776,-7.525959344719742,0.03762979672359871,343.5913020959305,-0.009407449180899677,-0.041392776396037334,-343.5913020959305,5.644469508539806,-212.7619180075989,872.4623545672247,112.55842144165776,-0.028222347542699033,317.17417302228785,-96.0,0.03762979672359871,-0.009407449180899679,1.8814898361799355,37.62979672359871,-0.018814898361799354,-0.03762979672359871,0.009407449180899677,358.786369168879,0.0,543.9058090992907,648.0806829016024,-46.0,0.0,-108.0,-31.0,0.0,6.418269188418634,-93.0,-65.0,-456.0753760023475,-3.209134594209317,23.0,46.5,0.0,15.5,-308.70746875947816,-677.0811578124637,456.0753760023475,65.0,-677.0811578124636,108.0,-62.238927731071584,0.0,1496.5981,hclb
206,0.0,0.0,0.0,0.0,0.0,0.0,0.0,0.0,-0.03410244823805345,0.0,0.0,0.0,0.0,0.0,0.0,0.0,0.0,-1000.0,0.0,758.0603736197554,0.0,0.0,0.0,0.0,0.0,0.0,0.0,0.0,0.0,634.4239344988559,118.71260971856161,-118.71260971856161,0.0,0.0,0.0,0.0,0.0,468.2209067662187,0.0,-1000.0,1000.0,0.0,0.0,0.0,0.0,0.0,0.0,0.0,-978.7783610691595,-617.1025302964049,0.0,0.0,0.0,0.037512693061844064,0.0,0.0,0.0,6.82048964761069,0.0,0.0,-42.57415884768481,0.0,0.0,-42.57415884768481,0.0,0.0,0.0,0.0,0.0,0.0,0.0,0.3410244823805345,0.0,0.0,0.0,0.0,0.0,0.0,0.0,0.0,0.0,0.0,-104.84565771590171,0.0,20.46146894283207,0.0,0.0,1000.0,0.0,736.8387346889149,-0.008525612059513363,0.0,0.0,-738.8947090115892,10.230734471416035,0.0,10.230734471416035,0.0,0.0,0.0,0.0,1.7051224119026724,520.1912346811982,0.0,0.0,-0.8573538907974678,0.0,1000.0,0.0,0.0,0.0,0.0,0.0,0.0,0.0,0.0,0.0,0.0,0.0,0.0,0.0,0.0,0.0,0.0,-466.29554482765855,0.0,0.0,10.230734471416035,0.0,10.571758953796568,0.0,0.0,-493.19838977173004,-156.12500000000003,649.32338977173,-649.32338977173,0.0,0.0,0.0,0.0,0.0,0.0,0.0,0.0,0.0,107.47154623023184,0.03410244823805345,0.0,0.0,0.0,0.0,0.0,0.0,0.0,104.84565771590171,0.0,167.4131159834693,0.0,0.0,0.0,0.0,0.0,545.3879736550134,545.3879736550134,0.0,0.0,0.0,343.75,-911.3847595659807,0.0,0.0,664.134685821813,0.0,0.0,0.0,0.0,0.0,0.0,0.0,0.0,0.0,0.0,0.0,0.0,0.0,0.0,0.0,0.0,0.0,0.0,0.0,-1000.0,0.0,0.0,0.0,0.0,0.0,617.1025302964049,0.0,263.1612653110851,-263.1612653110851,0.0,0.0,0.0,0.0,0.0,0.0,0.0,114.2326998176577,-946.0832956773673,0.0,0.0,0.0,0.0,0.0,0.0,0.0,0.0,0.0,0.0,0.0,0.0,0.0,462.9291690029411,-29.359020704778622,344.35442657030353,0.0,0.0,0.0,0.0,81.5556527279566,0.0,0.0,0.0,0.0,-42.57415884768481,344.35442657030353,118.71260971856161,0.0,132.5425753220183,0.0,0.0,0.0,0.0,0.0,877.8496696978976,0.0,0.0,0.0,736.7875810165579,473.6263157054727,284.38290424192564,0.0,-344.35442657030353,0.0,0.0,0.0,295.5978181092896,0.0,0.0,0.0,228.21252187802156,0.0,0.0,-1000.0,0.0,843.8124999995559,-1000.0,0.0,843.8124999995558,263.1612653110851,0.0,0.0,617.1025302964049,0.0,13.590177856212563,0.0,0.0,0.0,-975.5872863481588,0.0,975.5872863481588,0.0,727.3312163508037,0.0,0.0,-1000.0,343.75,0.0,0.0,-42.57415884768481,-0.05115367235708017,0.0,0.0,0.0,0.0,0.03410244823805345,0.0,0.0,0.0,30.363943102729777,0.0,0.0,-627.3008746678669,132.48673510512762,0.0,937.0512241190268,0.0,2.9362207932963864,0.0,-0.8573538907974678,0.0,0.0,0.0,-2.9362207932963864,0.0,0.0,1000.0,-1000.0,0.0,0.0,0.0,0.0,0.0,0.0,0.0,0.0,0.0,0.0,0.0,0.0,0.0,0.0,0.0,0.0,132.5425753220183,-531.6426834408295,0.0,-1000.0,104.84565771590171,0.0,758.038961146071,421.8946496639631,0.0,0.0,-327.1404361988772,0.0,0.0,0.0,0.0,0.0,0.0,130.92001946285464,0.0,81.59082808651033,0.0,0.0,-1.7051224119026724,0.0,-45.91894655253897,-130.92001946285464,-212.6524472438842,174.17833618706226,-82.44338929246166,0.0,0.0,0.0,92.06610846292295,0.0,0.0,10.230734471416035,0.0,0.0,0.0,0.0,0.0,0.0,0.0,-462.9291690029411,462.9291690029411,462.9291690029411,49.16181684858705,0.0,0.0,-63.264735425466824,0.0,0.0,114.2326998176577,0.0,0.0,-85.14831769536961,0.0,-156.25000000000014,73.17951035238931,0.0,0.0,0.0,0.0,-39.58975517619466,0.06820489647589056,0.0,0.0,0.0,0.0,0.0,0.0,0.0,0.0,0.0,0.0,0.0,0.0,0.0,0.0,0.0,0.0,0.0,0.0,0.0,0.037512693061844064,0.037512693061844064,118.71260971856161,474.78326328456745,0.0,20.46146894283207,0.0,0.0,0.0,1000.0,0.0,0.0,0.0,0.0,0.0,290.1378950884527,-1000.0,0.0,0.0,0.0,0.0,0.0,73.17951035238931,0.0,0.0,0.0,0.0,0.0,0.0,0.0,155.43184827588618,-30.363943102729777,0.0,0.0,2.6258885143301263,0.0,82.31445479740376,-821.2091638089929,-902.7648165369495,0.0,290.1378950884527,0.0,250.54813991225802,0.0,0.0,0.0,462.9291690029411,0.0,0.0,0.0,0.0,0.0,0.0,0.0,0.0,0.0,0.0,0.0,0.0,0.0,20.46146894283207,0.0,0.0,0.0,0.0,0.0,0.0,0.0,0.0,0.0,0.0,0.0,0.0,0.3410244823805345,0.0,118.71260971856161,0.0,0.0,118.71260971856161,0.0,0.0,0.0,10.230734471416035,0.0,0.0,0.0,0.0,0.0,0.0,0.0,0.0,0.0,0.0,-582.2111224518674,0.0,0.0,10.230734471416035,10.230734471416035,1000.0,-1000.0,0.0,73.17951035238931,0.0,0.0,0.0,0.0,0.0,-1000.0,114.2326998176577,-724.9164107962987,0.03410244823805345,0.0,0.0,0.0,45.037154676669296,37.87504739459972,0.0,738.8947090115892,0.0,0.0,0.0,0.0,0.0,0.0,0.0,0.0,0.0,0.0,0.0,0.0,0.0,0.0,0.03410244823805345,0.0,0.0,0.0,0.0,0.0,0.0,0.0,0.0,0.0,0.0,962.5412083880233,0.0,0.0,-1000.0,-2.5576836178540088,-1.7051224119026724,0.0,0.0,0.0,0.0,0.0,0.0,0.0,0.0,0.0,0.0,0.0,0.0,0.0,0.0,0.0,0.0,93.77123087482563,0.0,0.0,0.0,-0.03410244823805345,0.0,0.0,0.03410244823805345,0.0,0.03410244823805345,0.0,0.0,0.0,20.46146894283207,41.604986850425206,41.604986850425206,0.0,0.0,0.0,0.0,0.0,0.0,0.0,0.0,0.0,114.2326998176577,0.0,0.0,0.0,0.0,0.0,0.0,0.0,0.0,0.0,0.0,0.0,0.0,0.0,0.0,0.0,0.0,0.0,81.5556527279566,0.0,0.0,0.0,0.05115367235708017,0.0,0.0,0.0,-10.230734471416035,0.0,0.0,0.0,0.0,0.0,-474.78326328456745,1.7051224119026724,0.0,0.0,0.0,-343.75,911.3847595659807,795.4977527580477,0.0,0.0,-156.25000000000014,0.0,0.0,0.0,0.0,0.0,0.0,0.0,0.0,0.0,11.854094281626374,0.0,58.17951035238931,37.01769350380226,531.6426834408295,468.3573165591705,0.0,-1000.0,104.84565771590171,253.9928312588644,0.0,1.7051224119026724,1000.0,0.0,0.0,-118.71260971856161,-85.14831769536961,0.0,0.0,0.0,0.0,0.0,-539.4681700106903,0.0,0.0,0.0,477.3409469024214,-482.45631413812947,41.604986850425206,0.0,0.0,0.0,118.71260971856161,0.0,0.0,0.0,0.0,0.0,877.8496696978976,0.0,0.0,0.0,-45.037154676669296,-498.3997222822643,0.0,10.230734471416035,0.0,0.0,0.0,0.0,59.20841911484351,0.0,0.0,0.037512693061844064,0.0,0.0,0.0,20.802493425212603,0.0,0.0,0.0,0.0,-29.359020704778622,0.0,0.0,0.0,0.0,0.0,0.0,0.0,0.0,965.0730448806031,0.0,0.003410244823805348,0.003410244823805348,0.0,0.0,0.0,0.0,0.0,0.0,0.0,0.0,0.0,0.0,118.71260971856161,0.0,0.0,0.0,0.0,474.78326328456745,0.0,0.0,0.0,0.0,0.0,0.0,0.0,617.1025302964049,0.0,0.0,0.0,0.0,-220.71798744940406,0.0,-1000.0,0.0,0.0,0.0,20.46146894283207,0.0,0.0,0.0,0.0,0.0,0.0,-20.46146894283207,0.0,0.0,0.0,0.0,0.0,0.0,0.0,0.0,0.0,118.71260971856161,118.71260971856161,0.0,724.9164107962987,520.1912346811982,23.360177043066614,847.5497401911215,-857.7804746625375,0.0,468.2209067662187,0.0,0.0,0.0,0.0,0.0,0.0,0.0,0.0,0.0,0.0,0.0,0.0,0.0,0.0,0.0,0.0,0.0,-4.262806029756681,0.0,-2.5576836178540088,479.89863052027545,0.0,0.0,0.0,0.0,0.0,-953.2556982153213,952.8294176123457,189.99397541127132,0.0,0.0,0.0,0.0,0.0,0.0,0.0,1000.0,10.230734471416035,10.230734471416035,0.0,0.0,0.0,0.0,0.0,0.037512693061844064,474.78326328456745,0.0,0.0,-468.2209067662187,0.0,0.0,0.0,0.0,0.0,0.0,0.0,0.0,0.0,0.0,0.0,0.0,0.0,0.0,0.0,0.0,0.0,0.0,0.0,35.80757064995612,2.6258885143301263,0.0,0.0,0.0,0.0,0.0,474.78326328456745,0.0,-39.16391402387944,0.0,0.0,0.0,-4.262806029756681,0.0,0.0,0.0,0.0,0.0,0.0,0.0,0.0,0.0,0.0,0.0,0.0,0.0,0.0,0.0,0.0,0.0,0.0,-0.03410244823805345,0.0,0.0,1.7051224119026724,-290.1378950884527,0.0,0.0,0.0,0.0,0.0,0.0,0.0,0.0,2.9362207932963864,0.8525612059513362,0.0,0.0,0.0,0.03410244823805345,0.0,34.10244823805345,-10.571758953796568,6.82048964761069,0.24358891598609606,95.14583058416912,-0.025576836178540084,212.6524472438842,0.682048964761069,-0.17051224118983457,-95.14583058416912,10.230734471416035,-0.034102448238053376,0.2857846302658226,73.17951035238931,0.008525612059513363,0.24358891598609606,-0.8573538907974678,-5.429109759497521,118.03056075380054,241.9396263802446,-0.03410244823805345,0.008525612059513363,-95.14583058416912,3.410244823805345,0.03410244823805345,0.03410244823805345,-474.71164814326755,0.0375126930618588,0.0,-0.025576836178540084,10.230734471416035,0.03410244823805345,10.230734471416035,-17.051224119026724,-0.017051224119026726,-165.69840820187437,-85.0,-0.025576836178540084,-0.03410244823805345,-10.571758953796568,0.03410244823805345,3.410244823805345,-0.682048964761069,81.5556527279566,81.5556527279566,-3.410244823805345,-241.9396263802446,-81.5556527279566,6.82048964761069,0.05115367235708017,-755.59100050958,3.410244823805345,-155.43184827588618,73.17951035238931,-6.82048964761069,0.017051224119026726,0.3410244823805345,156.82521866696672,18.674583929237063,-0.03410244823805345,-482.45631413812947,474.71164814326755,10.571758953796568,0.03410244823805345,5.429109759497521,32.25657246672516,73.17951035238931,-0.03410244823805345,-0.008525612059513363,-73.17951035238931,-0.03410244823805345,-39.58975517619466,0.03410244823805345,-0.008525612059513363,-0.008525612059513363,-0.008525612059513363,13.64097929522138,17.051224119026724,0.3410244823805345,25.265651338367718,-0.008525612059513363,313.3646527036676,1.7051224119026724,21.5,0.03410244823805345,0.017051224119026726,0.017051224119026726,40.0,10.571758953796568,0.03410244823805345,-10.571758953796568,0.3410244823805345,0.03410244823805345,-25.265651338367718,0.03410244823805345,0.13640979295178113,0.17051224118983457,0.017051224119026726,0.008525612059513363,10.230734471416035,-0.03410244823805345,0.0,-59.01528037690027,-50.531302676735436,211.79988603793288,-3.410244823805345,6.82048964761069,1.7051224119026724,-0.03410244823805345,0.8573538907974678,0.05115367235708017,-0.03410244823805345,-80.0,10.571758953796568,161.4633738552112,0.017051224119026726,-43.0,-0.03410244823805345,-0.03410244823805345,-0.03410244823805345,0.017051224119026726,95.14583058416912,-6.82048964761069,0.03410244823805345,313.65043733393344,-0.008525612059513363,-0.0375126930618588,-313.65043733393344,5.115367235708017,85.0,418.9575908524072,95.14583058416912,-0.025576836178540084,482.45631413812947,-18.67458392923706,0.03410244823805345,-0.008525612059513365,1.7051224119026724,34.10244823805345,-0.017051224119026726,-0.03410244823805345,0.008525612059513363,302.2035765220742,0.0,-244.42605071453903,0.0,-46.0,0.0,137.86837171165965,36.26402939774129,0.0,-32.0,-93.0,-65.0,-1000.0,16.0,23.0,46.5,0.0,-18.132014698870645,-474.78326328456745,-220.6717929700547,1000.0,65.0,-220.6717929700547,-137.86837171165965,51.100777210564566,0.0,1496.5981,hclb
207,0.0,0.0,0.0,0.0,0.0,0.0,0.0,0.0,425.73908534431155,0.0,0.0,0.0,0.0,0.0,0.0,0.0,84.10944422501547,-234.09887294101708,0.0,0.0,0.0,0.0,0.0,993.4217944159093,0.0,0.0,0.0,0.0,0.0,715.7761851270066,0.0,0.0,9.4455751728309,0.0,0.0,0.0,0.0,913.1130741780396,0.0,-1000.0,980.6523365173804,0.0,0.0,-859.3836667083594,0.0,0.0,0.0,0.0,169.46957209392417,-314.5839011707842,0.0,109.97153473758681,0.0,0.07094143276822251,0.0,0.0,0.0,12.898442321746396,0.0,0.0,-112.45127556517912,0.0,0.0,-112.45127556517912,0.0,0.0,0.0,0.0,0.0,0.0,0.0,0.6449221160873199,0.0,0.0,0.0,0.0,0.0,0.0,0.0,0.0,0.0,0.0,0.0,0.0,38.69532696523919,0.0,106.77166146283729,0.0,511.2998400086708,-84.01270590760237,-0.016123052902182994,0.0,0.0,1000.0,19.347663482619595,0.0,19.347663482619595,-2.076649213799527,0.0,0.0,0.0,3.224610580436599,715.7761851270066,0.0,0.0,-20.129146950617496,0.0,0.0,0.0,0.0,0.0,0.0,0.0,0.0,0.0,0.0,0.0,0.0,0.0,0.0,0.0,0.0,0.0,0.0,-403.5836957102175,0.0,0.0,19.347663482619595,0.0,19.992585598706917,19.992585598706917,0.0,-852.8938036656449,0.0,852.8938036656449,-852.8938036656449,0.0,0.0,0.0,0.0,0.0,0.0,0.0,0.0,0.0,111.73756175670965,0.06449221160873198,0.0,0.0,0.0,-1000.0,171.36932777376956,0.0,0.0,77.66883904268497,0.0,495.2098697489852,0.0,0.0,0.0,0.0,0.0,-64.98581315222854,-64.98581315222854,0.0,0.0,0.0,0.0,898.5755613145977,0.0,0.0,-64.92132094061981,0.0,0.0,0.0,0.0,-5.760371762093882,0.0,0.0,0.0,0.0,0.0,0.0,0.0,0.0,0.0,-1000.0,0.0,0.0,0.0,0.0,-1000.0,0.0,0.0,0.0,0.0,0.0,314.5839011707842,-109.97153473758681,394.3551849632456,-394.3551849632456,0.0,0.0,0.0,0.0,0.0,0.0,0.0,0.0,-127.32929654660745,0.0,0.0,0.0,0.0,0.0,0.0,0.0,0.0,0.0,0.0,0.0,0.0,0.0,274.8934855718539,817.1656169804457,-859.3836667083594,0.0,0.0,0.0,0.0,78.48628662751807,0.0,0.0,0.0,0.0,-112.45127556517912,0.0,0.0,0.0,0.0,0.0,0.0,0.0,0.0,0.0,0.0,0.0,0.0,0.0,0.0,116.94465504542518,453.853222319583,0.0,859.3836667083594,0.0,0.0,0.0,0.0,0.0,0.0,0.0,97.40637979400697,0.0,0.0,-833.7356084359665,0.0,-962.8417816887546,129.10617325278793,-962.8417816887546,0.0,905.6550249719164,0.0,100.75827466589118,314.5839011707842,0.0,141.43215495825802,0.0,0.0,0.0,0.0,0.0,0.0,0.0,0.0,0.0,0.0,667.8531611162617,0.0,0.0,0.0,-112.45127556517912,-0.09673831741309796,0.0,0.0,0.0,0.0,0.06449221160873198,0.0,0.0,0.0,902.1660498898623,84.10944422501547,0.0,-985.0973488234222,1000.0,5.760371762093882,1000.0,0.0,1000.0,0.0,-20.129146950617496,0.0,0.0,0.0,-5.55277941951044,0.0,-994.4472205804896,-1000.0,-1000.0,0.0,0.0,0.0,0.0,0.0,0.0,0.0,0.0,0.0,0.0,0.0,0.0,0.0,0.0,0.0,0.0,0.0,-86.62895697552534,0.0,-1000.0,0.0,0.0,0.0,0.0,0.0,0.0,-111.73756175670965,0.0,0.0,0.0,926.3914865399299,0.0,0.0,-718.7500000000007,-207.35366048945394,0.0,0.0,0.0,0.0,-18.78302889059796,0.0,718.7500000000007,204.12904990901734,-589.9701642404478,-1.6123052902182995,-3.224610580436599,-331.591511130877,0.0,22.302570223559783,0.0,-64.22250776923558,19.347663482619595,1000.0,-1000.0,0.0,0.0,0.0,425.8035775559203,0.0,-274.8934855718539,274.8934855718539,274.8934855718539,100.2307046288711,0.0,0.0,-385.36528975234916,0.0,0.0,0.0,0.0,0.0,-11.35922820468366,0.0,0.0,0.0,0.0,0.0,0.0,0.0,-30.812718728404093,0.12898442321750703,0.0,0.0,0.0,0.0,0.0,0.0,0.0,0.0,0.0,0.0,0.0,0.0,0.0,0.0,0.0,0.0,0.0,0.0,0.0,0.07094143276822251,0.07094143276822251,0.0,357.99504325010747,0.0,38.69532696523919,0.0,0.0,0.0,1000.0,0.0,265.0374983760614,106.77166146283729,0.0,0.0,704.8379563745024,-1000.0,0.0,0.0,838.2497566713705,0.0,0.0,0.0,0.0,0.0,0.0,0.0,0.0,0.0,0.0,134.5278985700725,-902.1660498898623,828.6306722262304,0.0,111.73756175670965,0.0,157.23623200863904,842.763767991361,764.2774813638428,0.0,704.8379563745024,0.0,674.0252376460983,0.0,0.0,0.0,274.8934855718539,0.0,0.0,0.0,0.0,0.0,0.0,0.0,0.0,0.0,0.0,0.0,0.0,0.0,38.69532696523919,0.0,0.0,0.0,0.0,0.0,0.0,0.0,0.0,0.0,0.0,0.0,0.0,0.6449221160873199,0.0,0.0,106.77166146283729,-106.77166146283729,0.0,-109.97153473758681,0.0,0.0,19.347663482619595,-838.2497566713705,0.0,0.0,0.0,0.0,0.0,0.0,0.0,0.0,0.0,1000.0,0.0,0.0,19.347663482619595,19.347663482619595,1000.0,-1000.0,0.0,0.0,0.0,0.0,0.0,0.0,0.0,-244.6919843963965,0.0,-26.70831037451012,0.06449221160873198,0.0,0.0,5.2008362075898855,0.0,0.0,0.0,-1000.0,0.0,0.0,0.0,0.0,0.0,0.0,0.0,0.0,0.0,0.0,0.0,0.0,0.0,0.0,0.06449221160873198,0.0,0.0,0.0,0.0,0.0,0.0,0.0,0.0,0.0,0.0,0.0,-77.66883904268497,-111.73756175670965,-913.3710430244746,-4.836915870654899,0.0,-3.2246105804366016,0.0,0.0,0.0,0.0,0.0,0.0,0.0,0.0,0.0,0.0,0.0,0.0,5.760371762093882,0.0,0.0,-38.69532696523919,0.0,0.0,0.0,425.73908534431155,0.0,0.0,0.06449221160873198,0.0,0.06449221160873198,0.0,0.0,0.0,38.69532696523919,78.68049816265302,78.68049816265302,0.0,0.0,0.0,0.0,0.0,0.0,0.0,828.6306722262304,0.0,0.0,0.0,0.0,0.0,0.0,0.0,0.0,0.0,0.0,0.0,0.0,0.0,0.0,0.0,0.0,0.0,0.0,0.0,78.48628662751807,0.0,-0.6735704986520749,0.6735704986520749,0.09673831741309796,0.0,0.0,0.0,-19.347663482619595,0.0,0.0,0.0,0.0,0.0,-357.99504325010747,3.224610580436599,0.0,0.0,0.0,0.0,-898.5755613145977,86.9020164471064,-3.2246105804366016,0.0,0.0,0.0,0.0,0.0,0.0,0.0,0.0,0.0,838.2497566713705,68.619909706837,83.1015576782536,0.0,880.732229904484,-20.129146950617496,0.0,-24.835545309603248,111.73756175670965,-86.9020164471064,77.66883904268497,-78.68049816265302,0.0,3.2246105804366016,1000.0,0.0,0.0,0.0,-224.90255113035823,0.0,0.0,0.0,0.0,0.0,0.0,0.0,0.0,0.0,1000.0,-9.67383174130984,78.68049816265302,0.0,0.0,0.0,0.0,0.0,0.0,0.0,0.0,0.0,0.0,0.0,0.0,362.83195912076235,-5.2008362075898855,-646.6207565827124,0.0,19.347663482619595,106.77166146283729,0.0,0.0,0.0,278.13672500608124,0.0,0.0,0.07094143276822251,0.0,0.0,0.0,39.34024908132651,0.0,0.0,0.0,0.0,817.1656169804457,0.0,0.0,0.0,0.0,0.0,0.0,0.0,0.0,0.0,0.0,0.006449221160873198,0.006449221160873198,0.0,0.0,0.0,0.0,0.0,0.0,0.0,0.0,0.0,5.2008362075898855,0.0,0.0,0.0,0.0,0.0,357.99504325010747,0.0,0.0,0.0,0.0,0.0,0.0,0.0,314.5839011707842,0.0,0.0,0.0,213.54332292567457,804.0527806831157,-475.5775802108561,-234.09887294101708,0.0,0.0,0.0,38.69532696523919,0.0,0.0,0.0,0.0,0.0,-38.69532696523919,0.0,0.0,213.54332292567457,0.0,0.0,0.0,0.0,0.0,0.0,0.0,0.0,0.0,0.0,-1.6830048826622033,-528.9157992693899,44.177164951981425,-186.6057464182223,167.25808293560272,0.0,913.1130741780396,0.0,0.0,0.0,0.0,0.0,0.0,0.0,0.0,0.0,0.0,0.0,0.0,0.0,0.0,0.0,0.0,0.0,-8.0615264510915,0.0,-4.836915870654899,4.836915870654913,0.0,0.0,0.0,0.0,0.0,0.0,-0.80615264510915,89.02806724736863,0.0,0.0,0.0,0.0,0.0,0.0,0.0,971.6086847428277,19.347663482619595,19.347663482619595,0.0,0.0,0.0,0.0,0.0,0.07094143276822251,357.99504325010747,0.0,0.0,-913.1130741780396,0.0,0.0,0.0,0.0,0.0,0.0,0.0,0.0,0.0,0.0,0.0,0.0,0.0,0.0,0.33678524932603743,0.0,0.0,19.992585598706917,0.0,67.71682218916858,111.73756175670965,0.0,0.0,0.0,0.0,0.0,357.99504325010747,0.0,-88.97866566090593,0.0,0.0,0.0,-8.0615264510915,0.0,0.0,0.0,0.0,0.0,0.0,0.0,0.0,0.0,0.0,0.0,0.0,0.0,0.0,0.0,0.0,0.0,0.0,-0.06449221160873198,0.0,0.0,3.224610580436599,-704.8379563745024,0.0,0.0,0.0,0.0,0.0,0.0,0.0,0.0,5.55277941951044,1.6123052902182995,0.0,0.0,0.0,0.06449221160873198,0.0,64.49221160873198,0.0,12.898442321746396,0.46065865434808556,219.9184415857761,-0.04836915870654898,3.2246105804365968,1.2898442321746397,-0.3224610580437002,-219.9184415857761,19.347663482619595,-0.06449221160873198,6.709715650205832,0.0,0.016123052902182994,0.46065865434808556,-20.129146950617496,-117.03882155094578,-1.2898442321746397,149.9894287160016,-0.06449221160873198,0.016123052902182994,-219.9184415857761,6.449221160873198,0.06449221160873198,0.06449221160873198,-357.8596096057305,-106.70072003006769,0.0,-0.04836915870654898,19.347663482619595,0.06449221160873198,19.347663482619595,-32.24610580436599,-0.03224610580436599,-454.95157584775023,-85.0,-0.04836915870654898,-0.06449221160873198,0.0,0.06449221160873198,6.449221160873198,-1.2898442321746397,78.48628662751807,78.48628662751807,-6.449221160873198,-149.9894287160016,-78.48628662751807,12.898442321746396,0.09673831741309796,-1000.0,6.449221160873198,-134.5278985700725,0.0,-12.898442321746396,0.03224610580436599,0.6449221160873199,246.27433720585555,96.0,-0.06449221160873198,-372.5057908620722,357.8596096057305,19.992585598706917,0.06449221160873198,117.03882155094578,-77.39065393047859,0.0,-0.06449221160873198,-0.016123052902182994,0.0,-0.06449221160873198,-30.812718728404093,0.06449221160892193,-0.016123052902182994,-0.016123052902182994,-0.016123052902182994,25.796884643492792,32.24610580436599,0.6449221160873199,47.780667275616764,-0.016123052902182994,485.83895876150524,3.224610580436599,18.630969944638647,0.06449221160873198,0.03224610580436599,0.03224610580436599,6.449221160873198,0.0,0.06449221160873198,0.0,0.6449221160873199,0.06449221160873198,-47.780667275616764,0.06449221160873198,0.2579688464350198,0.3224610580437002,0.03224610580436599,0.016123052902182994,19.347663482619595,-0.06449221160873198,0.0,0.6449221160873199,-95.56133455123353,1.612305290218302,-6.449221160873198,12.898442321746396,3.224610580436599,-0.06449221160873198,20.129146950617496,0.09673831741309796,-0.06449221160873198,-12.898442321746396,0.0,-56.64161621555983,0.03224610580436599,-37.26193988927729,-0.06449221160873198,-0.06449221160892193,-0.06449221160873198,0.03224610580436599,219.9184415857761,-12.898442321746396,0.06449221160873198,492.5486744117111,-0.016123052902182994,106.70072003006769,-492.5486744117111,9.673831741309796,85.0,686.6992432859408,219.9184415857761,-0.04836915870654898,372.5057908620722,-96.0,0.06449221160873198,-0.016123052902182994,929.6160971203665,64.49221160873198,-0.03224610580436599,-0.06449221160873198,0.016123052902182994,0.0,0.0,178.32543482988157,0.0,-46.0,0.0,-108.0,-31.0,0.0,-32.0,-93.0,-65.0,-821.642319064314,16.0,23.0,46.5,0.0,15.5,-357.99504325010747,-221.49510879052139,821.642319064314,65.0,-221.49510879052139,108.0,-18.5292836151973,0.0,1496.5981,hclb
208,0.0,0.0,0.0,0.0,0.0,0.0,0.0,0.0,539.5836159843328,0.0,0.0,0.0,0.0,0.0,0.0,0.0,13.759316418545936,349.3737871160686,0.0,0.0,0.0,0.0,0.0,359.5713946429467,0.0,0.0,0.0,0.0,0.0,-460.19105378949325,0.0,0.0,23.540094656221303,0.0,0.0,0.0,0.0,-0.2588819664216473,0.0,-1000.0,982.7054038500102,0.0,0.0,807.4902201449581,0.0,0.0,0.0,0.0,-476.23978227259175,-537.8296006575638,0.0,-115.1812994985809,0.0,0.07119254076589683,0.0,0.0,0.0,12.944098321068873,0.0,0.0,-54.78627985052587,0.0,0.0,-54.78627985052587,158.83889367932576,0.0,0.0,0.0,0.0,813.3104203290645,0.0,0.6472049160534437,0.0,0.0,0.0,0.0,0.0,0.0,0.0,0.0,0.0,0.0,0.0,0.0,38.83229496320662,0.0,49.086561889815016,265.2996715064623,-854.7245307305252,966.3172791772234,702.9765994596385,0.0,0.0,393.6613612044061,19.41614748160331,0.0,32.649309680200716,-2.083999829692393,0.0,0.0,0.0,374.4312102580747,-460.19105378949325,0.0,0.0,-6.029582479300568,0.0,0.0,0.0,0.0,0.0,0.0,0.0,0.0,0.0,0.0,0.0,0.0,0.0,0.0,0.0,0.0,0.0,0.0,-400.1108733159165,0.0,0.0,32.649309680200716,0.0,20.06335239765675,0.0,0.0,-445.9404946375461,0.0,445.9404946375461,-445.9404946375461,-442.23902796843487,0.0,0.0,442.23902796843487,0.0,0.0,0.0,0.0,0.0,54.070039743426555,0.06472049160534436,702.9927795825398,0.0,0.0,-739.8811160639293,357.69611609982564,0.0,0.0,0.0,0.0,416.16714135786407,0.0,0.0,0.0,0.0,0.0,376.73254061759303,376.73254061759303,0.0,0.0,0.0,0.0,0.0,0.0,0.0,376.79726110919836,0.0,0.0,0.0,-194.39516023656358,-597.7565405984511,0.0,0.0,0.0,0.0,0.0,0.0,0.0,0.0,0.0,-8.991833633702335,0.0,0.0,0.0,0.0,-430.1099476577962,0.0,0.0,0.0,0.0,0.0,537.8296006575638,115.1812994985809,-111.59274844669821,111.59274844669821,0.0,0.0,0.0,0.0,0.0,0.0,0.0,0.0,-573.8491598076332,0.0,0.0,0.0,0.0,0.0,0.0,0.0,0.0,0.0,0.0,0.0,0.0,0.0,280.9811852735577,378.30635880483885,807.4902201449581,0.0,0.0,0.0,0.0,78.46323034786022,0.0,0.0,0.0,0.0,-54.78627985052587,0.0,0.0,0.0,0.0,0.0,0.0,0.0,0.0,0.0,0.0,0.0,13.233162198597405,0.0,743.131782283827,0.0,-207.35155971424678,0.0,-807.4902201449581,0.0,0.0,0.0,-116.03286944489795,0.0,0.0,0.0,237.84877250491564,0.0,0.0,-1000.0,-1000.0,0.0,0.0,0.0,1000.0,-966.3172791772234,0.0,333.5398499369189,537.8296006575638,0.0,102.10694123105054,0.0,0.0,0.0,-563.7662810446932,0.0,563.7662810446932,0.0,229.40813445654263,0.0,0.0,0.0,0.0,0.0,0.0,-54.78627985052587,-0.09708073740801655,0.0,0.0,0.0,0.0,0.06472049160534436,0.0,0.0,0.0,318.9974076297353,13.759316418545936,0.0,-849.8999422390968,441.74345519380245,597.7565405984511,1000.0,0.0,0.0,0.0,-6.029582479300568,0.0,0.0,0.0,-5.572434327220167,-202.23859592256778,207.81103024978796,-1000.0,-1000.0,0.0,0.0,0.0,0.0,0.0,0.0,0.0,0.0,0.0,0.0,0.0,0.0,0.0,0.0,0.0,0.0,0.0,-1000.0,0.0,-1000.0,0.0,0.0,0.0,0.0,0.0,0.0,-54.070039743426555,0.0,0.0,0.0,0.0,371.1951856778075,0.0,0.0,-188.83361741917096,-9.612504013719075,202.23859592256778,-484.11963011510323,-187.7720550384479,0.0,-294.95717219638414,0.0,0.0,0.0,7.994491723585466,184.53603045818068,0.0,0.0,0.0,0.0,771.2421007855907,32.649309680200716,0.0,0.0,0.0,97.57411179478991,0.0,539.6483364759382,77.78572184006357,-203.1954634334941,203.1954634334941,203.1954634334941,-11.48862763655822,0.0,0.0,0.0,0.0,0.0,0.0,0.0,0.0,-11.399435921421713,0.0,0.0,15.35471353021092,0.0,0.0,0.0,0.0,-36.52795083946556,0.12944098321070896,0.0,0.0,0.0,0.0,0.0,0.0,0.0,0.0,0.0,813.3104203290645,0.0,0.0,0.0,0.0,0.0,0.0,0.0,0.0,0.0,0.07119254076589683,0.07119254076589683,0.0,364.0370869524888,0.0,38.83229496320662,0.0,0.0,0.0,1000.0,0.0,0.0,49.086561889815016,0.0,0.0,476.2422074815468,-1000.0,0.0,0.0,895.0768731434796,0.0,0.0,15.35471353021092,0.0,0.0,0.0,0.0,0.0,0.0,0.0,133.37029110530548,-318.9974076297353,382.1849999641037,0.0,54.070039743426555,0.0,114.0638377733095,279.5975234310966,201.13429308323637,0.0,476.2422074815468,0.0,742.0131367284254,-302.2988800863441,0.0,0.0,280.9811852735577,0.0,0.0,0.0,0.0,0.0,0.0,0.0,0.0,0.0,0.0,0.0,0.0,0.0,38.83229496320662,0.0,0.0,0.0,0.0,0.0,0.0,0.0,0.0,0.0,0.0,0.0,0.0,0.6472049160534437,0.0,0.0,49.086561889815016,-49.086561889815016,0.0,115.1812994985809,0.0,0.0,32.649309680200716,-895.0768731434796,0.0,0.0,0.0,0.0,0.0,0.0,0.0,0.0,0.0,304.2100550852204,-795.161043630025,0.0,19.41614748160331,19.41614748160331,1000.0,-1000.0,0.0,15.35471353021092,0.0,0.0,0.0,0.0,0.0,460.19105378949325,0.0,760.9808880872082,0.06472049160534436,0.0,0.0,0.0,85.47265494937228,0.0,0.0,-393.6613612044061,0.0,0.0,0.0,0.0,0.0,0.0,0.0,0.0,0.0,0.0,0.0,0.0,0.0,0.0,0.06472049160534436,0.0,0.0,0.0,-61.24658959437207,61.24658959437207,0.0,0.0,0.0,0.0,0.0,891.5230476984012,0.0,0.0,-945.5930874418278,-4.854036870400828,-3.2360245802672156,0.0,0.0,0.0,0.0,0.0,0.0,0.0,0.0,0.0,0.0,0.0,0.0,0.0,597.7565405984511,0.0,0.0,774.4781253658579,0.0,0.0,0.0,539.5836159843328,0.0,0.0,0.06472049160534436,0.0,0.06472049160534436,0.0,0.0,0.0,38.83229496320662,78.95899975852012,78.95899975852012,0.0,0.0,0.0,0.0,0.0,0.0,0.0,382.1849999641037,0.0,0.0,0.0,0.0,0.0,0.0,0.0,0.0,0.0,0.0,0.0,0.0,0.0,0.0,0.0,0.0,0.0,0.0,0.0,78.46323034786022,0.0,0.0,0.0,0.09708073740801655,0.0,0.0,0.0,-32.649309680200716,0.0,0.0,0.0,0.0,0.0,-364.0370869524888,3.2360245802672183,0.0,0.0,0.0,0.0,0.0,-5.320024409959609,0.0,0.0,0.0,0.0,0.0,0.0,0.0,0.0,0.0,0.0,895.0768731434796,0.0,83.05590167893112,0.0,434.2409016430349,-6.029582479300568,945.5930874418278,-59.39006415338622,0.0,-886.2030232884416,0.0,-194.99186920341808,0.0,3.2360245802672156,1000.0,0.0,0.0,0.0,-109.57255970105174,0.0,0.0,0.0,0.0,0.0,0.0,0.0,0.0,0.0,377.88295745659195,-378.5991975636912,78.95899975852012,0.0,0.0,0.0,0.0,0.0,0.0,0.0,0.0,0.0,0.0,0.0,0.0,0.0,-898.7830752784369,-436.55278193689674,0.0,19.41614748160331,49.086561889815016,0.0,0.0,0.0,205.05650526287795,0.0,0.0,0.07119254076589683,0.0,0.0,0.0,39.47949987926006,0.0,0.0,0.0,0.0,378.30635880483885,0.0,0.0,0.0,0.0,0.0,0.0,0.0,0.0,1000.0,0.0,71.86275200295161,0.006472049160534437,0.0,0.0,0.0,0.0,0.0,0.0,0.0,0.0,0.0,0.0,0.0,0.0,0.0,0.0,0.0,364.0370869524888,0.0,0.0,0.0,0.0,0.0,0.0,0.0,537.8296006575638,0.0,0.0,0.0,98.17312377963003,0.0,0.0,349.3737871160686,0.0,0.0,0.0,38.83229496320662,0.0,0.0,0.0,0.0,0.0,0.0,-38.83229496320662,0.0,98.17312377963003,0.0,0.0,0.0,0.0,0.0,0.0,0.0,0.0,0.0,0.0,-1000.0,-1000.0,44.3335367496609,0.0,-32.649309680200716,0.0,-0.2588819664216473,0.0,0.0,0.0,0.0,0.0,0.0,0.0,0.0,0.0,0.0,0.0,0.0,0.0,0.0,0.0,0.0,0.0,-8.090061450668044,0.0,-376.0492225482083,373.7451606932904,0.0,0.0,0.0,0.0,0.0,-0.8090061450668046,0.0,11.399435921421713,0.0,0.0,0.0,0.0,0.0,0.0,0.0,760.9808880872082,19.41614748160331,19.41614748160331,0.0,0.0,0.0,0.0,0.0,0.07119254076589683,364.0370869524888,0.0,0.0,0.2588819664216473,71.85627995379107,0.0,0.0,0.0,0.0,0.0,0.0,0.0,0.0,0.0,0.0,0.0,0.0,0.0,0.0,0.0,0.0,0.0,0.0,67.95651618561159,0.0,0.0,54.070039743426555,0.0,0.0,0.0,364.0370869524888,0.0,0.0,0.0,0.0,0.0,-8.090061450668044,0.0,0.0,0.0,0.0,0.0,0.0,0.0,0.0,0.0,0.0,0.0,0.0,0.0,0.0,0.0,0.0,0.0,0.0,-0.06472049160534436,0.0,0.0,3.2360245802672183,-476.2422074815468,0.0,0.0,0.0,0.0,0.0,0.0,0.0,0.0,5.572434327220167,1.6180122901336091,0.0,0.0,0.0,0.06472049160534436,0.0,64.72049160534436,-20.06335239765675,12.944098321068873,0.46228922575245973,180.57017157891076,-0.048540368704008276,188.83361741917096,1.2944098321068873,-0.32360245802703247,-180.57017157891076,19.41614748160331,-0.06472049160534436,2.0098608264335227,15.35471353021092,0.01618012290133609,0.46228922575245973,-6.029582479300569,-59.39006415338622,-1.2944098321068873,-363.1331035346146,-0.06472049160534436,0.01618012290133609,-180.57017157891076,6.472049160534437,0.06472049160534436,0.06472049160534436,-363.90117392011757,-49.01536934904914,-48.008880537085716,-0.048540368704008276,19.41614748160331,0.06472049160534436,32.649309680200716,-19.127083604074777,-0.03236024580267218,-356.0990958621772,-85.0,-0.048540368704008276,-0.06472049160534436,-20.06335239765675,0.06472049160534436,6.472049160534437,-1.2944098321068873,78.46323034786022,78.46323034786022,-6.472049160534437,363.1331035346146,-78.46323034786022,12.944098321068873,0.09708073740801655,287.1412890985357,6.472049160534437,-133.37029110530548,15.35471353021092,-12.944098321068873,0.03236024580267218,0.6472049160534437,212.4749855597742,96.0,-0.06472049160534436,-378.5991975636912,363.90117392011757,20.06335239765675,0.06472049160534436,59.39006415338622,-75.54303859479957,15.35471353021092,-0.06472049160534436,-0.01618012290133609,-15.35471353021092,-0.06472049160534436,-36.52795083946556,0.06472049160538518,-0.01618012290133609,-0.01618012290133609,-0.01618012290133609,25.888196642137746,19.127083604074777,0.6472049160534437,166.3736605053769,-0.01618012290133609,422.9401102931149,3.2360245802672183,21.5,0.06472049160534436,0.03236024580267218,0.03236024580267218,14.149405925639897,20.06335239765675,0.06472049160534436,-20.06335239765675,0.6472049160534437,0.06472049160534436,-403.2213930799113,0.06472049160534436,0.2588819664216473,0.32360245802703247,0.03236024580267218,0.01618012290133609,19.41614748160331,-0.06472049160534436,48.008880537085716,0.6472049160534437,-332.7473210107538,187.21560512903736,-6.472049160534437,12.944098321068873,3.2360245802672183,-0.06472049160534436,6.029582479300569,0.09708073740801655,-0.06472049160534436,-28.298811851279794,20.06335239765675,6.48681043267635,0.03236024580267218,-43.0,-0.06472049160534436,-0.06472049160538518,-0.06472049160534436,0.03236024580267218,180.57017157891076,-12.944098321068873,0.06472049160534436,424.9499711195484,-0.01618012290133609,49.01536934904914,-424.9499711195484,9.708073740801654,85.0,-214.92774400792064,180.57017157891076,-0.048540368704008276,378.5991975636912,-96.0,0.06472049160534436,-0.016180122901336087,3.2360245802672156,64.72049160534436,-0.03236024580267218,-0.06472049160534436,0.01618012290133609,0.0,0.0,-287.1736493443384,236.8477325745344,-46.0,0.0,25.915392210819675,-31.0,0.0,-32.0,-93.0,-65.0,0.0,16.0,23.0,46.5,0.0,15.5,-364.0370869524888,-211.5433156955543,0.0,65.0,-211.5433156955543,-25.915392210819675,47.4931908225424,0.0,1496.5981,hclb
209,0.0,0.0,0.0,0.0,0.0,0.0,0.0,0.0,-0.04602906802692753,0.0,0.0,0.0,0.0,0.0,0.0,0.0,294.8257802050322,-203.72078145286835,0.0,0.0,0.0,0.0,0.0,936.038333153503,0.0,0.0,0.0,0.0,0.0,-816.0704118664117,0.0,0.0,9.30146549082154,0.0,0.0,0.0,0.0,637.8854656935512,0.0,-1000.0,917.2010140737691,0.0,0.0,874.8192901813254,0.0,0.0,0.0,0.0,410.34843958993565,-834.2492216552529,0.0,0.0,0.0,0.050631974829747566,0.0,0.0,0.0,0.0,0.0,0.0,68.85207583348593,0.0,-608.2259301401972,-758.0909615798828,0.0,0.0,0.0,0.0,0.0,0.0,0.0,0.46029068026927533,0.0,0.0,0.0,0.0,0.0,0.0,0.0,0.0,0.0,0.0,233.2902069100127,0.0,27.61744081615652,0.0,0.0,-695.5724036053621,0.0,623.74008083445,-0.011507267006731882,0.0,0.0,472.64173496340896,13.80872040807826,0.0,13.80872040807826,0.0,0.0,0.0,480.8956822132153,2.3014534013463765,-1000.0,0.0,0.0,-20.681292105783236,0.0,297.83401578322224,0.0,0.0,0.0,0.0,0.0,0.0,0.0,0.0,0.0,0.0,0.0,0.0,0.0,0.0,0.0,0.0,-305.8107159564669,0.0,0.0,13.80872040807826,0.0,14.269011088347536,0.0,0.0,-1000.0,593.8610080295784,406.13899197042156,-406.13899197042156,-1000.0,0.0,0.0,781.2828927268284,0.0,0.0,0.0,0.0,0.0,-229.7459686719393,0.04602906802692753,0.0,0.0,0.0,0.0,0.0,0.0,0.0,0.0,0.0,313.7867296773547,0.0,0.0,0.0,0.0,0.0,622.9920174410126,622.9920174410126,0.0,0.0,0.0,0.0,443.28247417794364,0.0,0.0,623.0380465090395,0.0,0.0,0.0,213.32693518951496,0.0,0.0,0.0,0.0,0.0,0.0,0.0,0.0,0.0,0.0,-237.95671001850872,0.0,0.0,0.0,0.0,-1000.0,0.0,0.0,0.0,0.0,0.0,834.2492216552529,0.0,-81.5031825625581,81.5031825625581,218.71710727317156,0.0,0.0,0.0,0.0,0.0,0.0,183.92958813358828,-949.9594471087515,0.0,0.0,0.0,0.0,0.0,0.0,0.0,0.0,0.0,0.0,0.0,0.0,0.0,337.22205697611156,-21.947247401653115,110.8961920714439,0.0,0.0,0.0,0.0,-218.71710727317156,0.0,0.0,0.0,0.0,68.85207583348593,-763.9230981098815,0.0,0.0,0.0,0.0,0.0,0.0,0.0,0.0,953.4378463567223,9.205813605385506,0.0,0.0,918.4968174374419,1000.0,-366.7271465779845,0.0,-110.8961920714439,0.0,0.0,218.71710727317156,347.8949040855874,0.0,0.0,0.0,247.6151514304613,0.0,0.0,558.4438232897234,242.340005490561,0.0,1000.0,-683.8961822008376,441.55617671027665,-81.5031825625581,0.0,0.0,834.2492216552529,0.0,128.42109979512782,0.0,0.0,0.0,-85.35715532189658,0.0,85.35715532189658,0.0,622.9459883729858,0.0,0.0,-1000.0,0.0,0.0,0.0,68.85207583348593,-0.0690436020403913,0.0,0.0,0.0,0.0,0.04602906802692753,0.0,0.0,0.0,32.75343323519951,294.8257802050322,0.0,-791.9805995446349,183.01782222159977,0.0,877.1019514466933,0.0,65.94124285537646,0.0,-20.681292105783236,0.0,0.0,0.0,664.7011022536926,0.0,-730.6423451090691,-35.07429394927298,-1000.0,0.0,0.0,0.0,0.0,0.0,0.0,0.0,0.0,0.0,0.0,0.0,0.0,0.0,0.0,0.0,0.0,0.0,-110.17903070588608,0.0,-1000.0,0.0,251.75138732845483,951.955710366256,0.0,0.0,0.0,-723.691877684783,0.0,247.60547530320264,0.0,0.0,0.0,841.9793417106325,0.0,-2.3014534013463765,0.0,-841.9793417106325,-1000.0,0.0,0.0,0.0,0.0,0.0,770.7820325475204,-1.1507267006731883,-2.3014534013463765,0.0,0.0,-594.0147157456796,287.3427717716339,310.5911951154219,13.80872040807826,-156.25000000074607,156.25000000074607,0.0,0.0,0.0,0.0,25.956499447350286,-311.2655575287613,311.2655575287613,311.2655575287613,104.47547850039774,0.0,0.0,0.0,0.0,0.0,183.92958813358828,0.0,0.0,-81.01295560619971,0.0,-590.775397389337,53.90778303515407,0.0,0.0,0.0,0.0,-35.755967809731374,0.09205813605380403,0.0,0.0,0.0,0.0,0.0,0.0,0.0,0.0,0.0,0.0,0.0,0.0,0.0,0.0,0.0,0.0,0.0,0.0,0.0,0.050631974829747566,0.050631974829747566,0.0,424.01624337072604,0.0,27.61744081615652,0.0,0.0,0.0,1000.0,0.0,34.004347090654804,0.0,0.0,0.0,519.9235892006692,-1000.0,0.0,0.0,0.0,0.0,0.0,53.90778303515407,0.0,0.0,0.0,0.0,0.0,0.0,0.0,101.9369053188223,-32.75343323519951,0.0,0.0,3.5442382380734174,0.0,472.64173496340896,0.0,0.0,0.0,519.9235892006692,0.0,-277.74781171904453,761.9154331099824,1000.0,-1000.0,337.22205697611156,0.0,0.0,0.0,0.0,0.0,0.0,0.0,0.0,0.0,0.0,0.0,0.0,0.0,27.61744081615652,218.71710727317156,218.71710727317156,0.0,0.0,0.0,0.0,0.0,0.0,0.0,0.0,0.0,0.0,0.46029068026927533,0.0,0.0,0.0,0.0,0.0,0.0,0.0,0.0,13.80872040807826,0.0,0.0,0.0,0.0,0.0,0.0,0.0,0.0,0.0,0.0,1000.0,809.0658963951546,0.0,13.80872040807826,13.80872040807826,1000.0,-1000.0,0.0,53.90778303515407,0.0,0.0,0.0,0.0,0.0,596.7201545584601,183.92958813358828,1000.0,0.04602906802692753,0.0,0.0,0.0,60.787959910704515,0.0,0.0,-472.64173496340896,0.0,0.0,0.0,0.0,0.0,0.0,0.0,0.0,0.0,0.0,0.0,0.0,0.0,0.0,0.04602906802692753,0.0,0.0,0.0,-161.98015833667432,161.98015833667432,0.0,0.0,0.0,251.75138732845483,0.0,1000.0,0.0,-524.1306920153244,-889.8209692941139,-3.452180102019565,-2.3014534013463765,0.0,0.0,0.0,0.0,0.0,0.0,0.0,0.0,0.0,0.0,0.0,0.0,218.71710727317156,0.0,0.0,0.0,-281.1220672289113,0.0,0.0,0.0,-0.04602906802692753,0.0,0.0,0.04602906802692753,0.0,0.04602906802692753,0.0,0.0,0.0,27.61744081615652,56.15546299285159,56.15546299285159,0.0,0.0,0.0,0.0,0.0,0.0,247.6054753032026,0.0,0.0,183.92958813358828,0.0,0.0,0.0,668.6642050108112,0.0,0.0,0.0,0.0,0.0,0.0,0.0,0.0,0.0,0.0,0.0,0.0,0.0,0.0,0.0,0.0,0.0,0.0690436020403913,0.0,0.0,0.0,-13.80872040807826,0.0,0.0,0.0,0.0,0.0,-424.01624337072604,2.3014534013463765,0.0,0.0,0.0,0.0,-443.28247417794364,-50.345743035090436,0.0,0.0,-590.775397389337,0.0,0.0,0.0,0.0,0.0,218.71710727317156,0.0,0.0,81.69078670348028,86.7941863946145,0.0,55.79418639461449,-20.681292105783236,0.0,-774.0376207198734,771.736167318527,2.3014534013463765,0.0,291.73944109273583,0.0,2.3014534013463765,821.1034242065429,0.0,0.0,0.0,-81.01295560619971,0.0,0.0,0.0,0.0,0.0,0.0,0.0,0.0,0.0,231.05234981446938,0.0,56.15546299285159,0.0,0.0,0.0,0.0,0.0,0.0,0.0,0.0,0.0,953.4378463567223,0.0,0.0,434.37278367678493,-60.787959910704515,-1000.0,0.0,13.80872040807826,0.0,0.0,0.0,0.0,164.34487424917137,0.0,0.0,0.050631974829747566,0.0,0.0,0.0,28.077731496425795,0.0,0.0,0.0,0.0,-21.947247401653115,0.0,0.0,0.0,0.0,0.0,0.0,0.0,0.0,-1000.0,0.0,0.004602906802692885,0.004602906802692885,0.0,0.0,0.0,0.0,0.0,0.0,0.0,0.0,0.0,0.0,0.0,0.0,0.0,0.0,0.0,424.01624337072604,0.0,0.0,0.0,0.0,0.0,0.0,0.0,834.2492216552529,0.0,0.0,0.0,0.0,1000.0,0.0,-203.72078145286835,0.0,0.0,0.0,27.61744081615652,0.0,0.0,0.0,0.0,0.0,972.3825591838435,-1000.0,0.0,0.0,0.0,0.0,0.0,0.0,0.0,0.0,0.0,0.0,0.0,0.0,-1000.0,-438.35413939081286,700.1941166092565,0.0,-13.80872040807826,0.0,889.636853022006,0.0,0.0,0.0,0.0,0.0,0.0,0.0,0.0,0.0,0.0,0.0,0.0,0.0,0.0,0.0,0.0,0.0,-5.753633503365942,218.71710727317156,-3.452180102019565,665.2120249087917,0.0,0.0,0.0,0.0,0.0,0.0,-0.5753633503365941,81.01295560619971,0.0,0.0,0.0,0.0,0.0,0.0,0.0,1000.0,13.80872040807826,13.80872040807826,0.0,0.0,0.0,0.0,0.0,0.050631974829747566,424.01624337072604,0.0,0.0,-889.636853022006,0.0,0.0,0.0,0.0,0.0,0.0,0.0,0.0,0.0,0.0,0.0,0.0,0.0,0.0,0.0,0.0,0.0,0.0,0.0,48.33052142827391,251.14971354127601,0.0,0.0,0.0,0.0,0.0,424.01624337072604,0.0,1000.0,0.0,0.0,0.0,-5.753633503365942,0.0,0.0,0.0,0.0,0.0,0.0,0.0,0.0,0.0,0.0,0.0,0.0,0.0,0.0,0.0,0.0,0.0,0.0,-0.04602906802692753,0.0,0.0,2.3014534013463765,-519.9235892006692,0.0,0.0,0.0,0.0,218.71710727317156,0.0,0.0,0.0,-664.7011022536926,1.1507267006731883,0.0,0.0,0.0,0.04602906802692753,0.0,46.029068026927526,-14.269011088347536,9.205813605385506,0.32877905733519663,128.42109979512782,-0.03452180102019565,2.3014534013463765,0.9205813605385507,-0.23014534013479926,-128.42109979512782,13.80872040807826,-0.04602906802692753,6.8937640352610785,53.90778303515407,0.011507267006731882,0.32877905733519663,-20.681292105783236,-7.327827629886087,-0.9205813605385507,-91.10499875216382,-0.04602906802692753,0.011507267006731882,-128.42109979512782,4.602906802692753,0.04602906802692753,0.04602906802692753,-423.91958232786936,0.05063197482962041,-3.6948490889864374,-0.03452180102019565,13.80872040807826,0.04602906802692753,13.80872040807826,-23.014534013463766,-0.023014534013463765,-268.72929637680176,214.06817140245187,-0.03452180102019565,-0.04602906802692753,-14.269011088347536,0.04602906802692753,4.602906802692753,-0.9205813605385507,0.0,0.0,-4.602906802692753,91.10499875216382,0.0,9.205813605385506,0.0690436020403913,-1000.0,4.602906802692753,-101.9369053188223,53.90778303515407,-9.205813605385506,0.023014534013463765,0.46029068026927533,197.9951498861587,96.0,-0.04602906802692753,-434.37278367678493,423.91958232786936,14.269011088347536,0.04602906802692753,7.327827629886087,-1.327098597158611,53.90778303515407,-0.04602906802692753,-0.011507267006731882,-53.90778303515407,-0.04602906802692753,-35.755967809731374,0.04602906802692753,-0.011507267006731882,-0.011507267006731882,-0.011507267006731882,18.411627210771012,23.014534013463766,0.46029068026927533,34.101785774450036,-0.011507267006731882,389.09653573705634,2.3014534013463765,20.179437306212062,0.04602906802692753,0.023014534013463765,0.023014534013463765,31.556798320269788,14.269011088347536,0.04602906802692753,-14.269011088347536,0.46029068026927533,0.04602906802692753,-34.101785774450036,0.04602906802692753,0.18411627210804227,0.23014534013479926,0.023014534013463765,0.011507267006731882,13.80872040807826,-0.04602906802692753,3.6948490889864374,0.46029068026927533,-68.20357154890007,1.1507267006731885,-4.602906802692753,9.205813605385506,2.3014534013463765,-0.04602906802692753,20.681292105783236,0.0690436020403913,-0.04602906802692753,-63.113596640539576,14.269011088347536,-51.29244992518275,0.023014534013463765,-40.358874612424124,-0.04602906802692753,-0.04602906802692753,-0.04602906802692753,0.023014534013463765,128.42109979512782,-9.205813605385506,0.04602906802692753,395.9902997723174,-0.011507267006731882,-0.05063197482962041,-395.9902997723174,6.904360204039128,-214.06817140245187,659.3744733345809,128.42109979512782,-0.03452180102019565,434.37278367678493,-96.0,0.04602906802692753,-0.011507267006731884,2.3014534013463765,46.029068026927526,-0.023014534013463765,-0.04602906802692753,0.011507267006731882,0.0,0.0,457.7400871940946,0.0,-46.0,0.0,16.09342674350502,-31.0,0.0,-32.0,-93.0,-65.0,-542.236898271892,16.0,23.0,46.5,0.0,15.5,-424.01624337072604,-113.05242432398862,542.236898271892,65.0,-113.05242432398862,-16.09342674350502,6.408809268985439,0.0,1496.5981,hclb
210,0.0,0.0,0.0,0.0,0.0,0.0,0.0,0.0,-0.05817554910901493,0.0,0.0,0.0,0.0,0.0,0.0,0.0,-285.76494597797466,295.7627085735787,0.0,0.0,0.0,0.0,0.0,950.1768872018823,0.0,0.0,0.0,0.0,0.0,633.2467681516556,17.901765641951073,-17.901765641951073,20.992207877293907,0.0,0.0,0.0,0.0,999.7672978035638,0.0,-1000.0,1000.0,0.0,0.0,-919.0117141296303,0.0,0.0,0.0,0.0,134.28163052936156,-1000.0,0.0,562.7517385734122,0.0,0.06399310402007731,0.0,0.0,0.0,0.0,0.0,0.0,-11.090581905518121,0.0,-871.0573897156239,-882.147971621142,0.0,0.0,0.0,0.0,0.0,0.0,0.0,0.5817554910901495,0.0,0.0,0.0,0.0,0.0,0.0,0.0,588.188937599848,0.0,0.0,-146.59643651839946,0.0,34.90532946540896,0.0,0.0,0.0,0.0,531.3495243578636,-0.014543887277253732,0.0,0.0,0.0,17.45266473270448,0.0,17.45266473270448,-484.36109142928234,0.0,0.0,0.0,429.7145867806352,184.6553918412837,0.0,0.0,-8.722112487396709,0.0,0.0,0.0,0.0,0.0,0.0,0.0,0.0,0.0,0.0,0.0,0.0,0.0,0.0,0.0,0.0,0.0,0.0,-873.3914084159749,0.0,0.0,17.45266473270448,0.0,18.03442022379463,18.03442022379463,0.0,0.0,0.0,0.0,0.0,0.0,0.0,0.0,0.0,0.0,0.0,0.0,0.0,0.0,151.07595379979364,0.05817554910901493,0.0,0.0,0.0,-266.155665421806,0.0,0.0,0.0,0.0,0.0,-22.42827232256286,0.0,0.0,0.0,0.0,0.0,210.38593905219767,210.38593905219767,0.0,0.0,0.0,0.0,0.0,0.0,0.0,228.34588024325777,0.0,0.0,0.0,-228.37556933241427,0.0,0.0,0.0,0.0,0.0,0.0,0.0,0.0,0.0,0.0,-519.6274289942576,0.0,0.0,0.0,0.0,-1000.0,0.0,0.0,0.0,0.0,0.0,1000.0,-562.7517385734122,275.7671833823706,-275.7671833823706,0.0,0.0,0.0,0.0,0.0,0.0,0.0,448.5913763103719,-687.7513880386239,0.0,0.0,0.0,0.0,0.0,0.0,0.0,0.0,0.0,0.0,0.0,0.0,0.0,380.0135046365317,257.82078188886857,80.98828587036974,0.0,0.0,0.0,0.0,79.12426953998948,0.0,0.0,0.0,0.0,-11.090581905518121,1000.0,17.901765641951073,0.0,0.0,0.0,0.0,0.0,0.0,0.0,79.47368153008026,11.635109821802986,0.0,0.0,245.49731505622506,-30.26986832614554,-152.70292466168007,0.0,-80.98828587036974,0.0,0.0,0.0,14.352331325243952,0.0,0.0,0.0,266.85755848011854,0.0,0.0,735.066293973831,735.066293973831,735.066293973831,-1000.0,1000.0,-1000.0,275.7671833823706,0.0,1000.0,1000.0,0.0,119.25435292175146,0.0,0.0,0.0,-126.88744651452055,0.0,126.88744651452055,0.0,1000.0,0.0,0.0,-617.349230986031,0.0,0.0,0.0,-11.090581905518121,-0.0872633236635224,0.0,0.0,0.0,0.0,0.05817554910901493,0.0,0.0,0.0,823.9493841972258,-285.76494597797466,0.0,-419.6706301778538,429.91427289468476,0.0,949.0877745545075,0.0,-462.2750268530376,0.0,-8.722112487396709,0.0,0.0,0.0,-5.0089147782863455,467.28394163132396,0.0,-184.6553918412837,-1000.0,0.0,0.0,0.0,0.0,0.0,0.0,0.0,0.0,0.0,0.0,0.0,0.0,0.0,0.0,0.0,0.0,0.0,0.0,0.0,-1000.0,0.0,0.0,544.0597546361,0.0,0.0,0.0,-212.647869687923,0.0,146.59643651839946,0.0,0.0,426.80580932518444,0.0,0.0,-216.31168211804297,-1.4543887277253733,-467.28394163132396,-1000.0,-674.3886038507701,302.8762996025813,-381.20967647786995,0.0,0.0,0.0,0.0,671.4798263953194,844.6138007904142,0.0,0.0,0.0,410.7772693895122,17.45266473270448,0.0,0.0,0.0,0.0,0.0,0.0,0.0,-380.0135046365317,380.0135046365317,380.0135046365317,90.08700266559373,0.0,0.0,-771.7704708549603,0.0,0.0,448.5913763103719,0.0,0.0,-22.181163811036242,0.0,0.0,68.36489017819702,0.0,0.0,0.0,0.0,-25.787548265641963,0.11635109821801705,0.0,0.0,0.0,0.0,0.0,0.0,0.0,0.0,0.0,0.0,0.0,0.0,0.0,0.0,0.0,0.0,0.0,0.0,0.0,0.06399310402007731,0.06399310402007731,17.901765641951073,464.3783948147287,0.0,34.90532946540896,0.0,0.0,0.0,675.0198958809348,0.0,0.0,0.0,0.0,0.0,288.88759060793865,-675.0198958809348,0.0,0.0,0.0,0.0,0.0,68.36489017819702,0.0,0.0,0.0,0.0,0.0,0.0,0.0,291.1304694719916,-823.9493841972258,266.155665421806,0.0,4.47951728139418,0.0,0.0,0.0,-79.12426953998948,0.0,288.88759060793865,0.0,99.24102146709777,163.8590208751989,-593.6875000000005,593.6875000000005,380.0135046365317,0.0,0.0,0.0,0.0,0.0,0.0,0.0,0.0,0.0,0.0,0.0,0.0,0.0,34.90532946540896,0.0,0.0,0.0,0.0,0.0,0.0,0.0,0.0,0.0,0.0,0.0,0.0,0.5817554910901495,0.0,17.901765641951073,0.0,0.0,17.901765641951073,-562.7517385734122,0.0,0.0,17.45266473270448,0.0,0.0,0.0,0.0,0.0,0.0,0.0,0.0,0.0,0.0,1000.0,992.8576137198414,0.0,17.45266473270448,17.45266473270448,1000.0,-675.0198958809348,0.0,68.36489017819702,0.0,0.0,0.0,0.0,0.0,-1000.0,448.5913763103719,-714.7217404266277,0.05817554910901493,0.0,0.0,-903.1593883635358,907.8508308595415,0.0,0.0,0.0,0.0,0.0,0.0,0.0,0.0,0.0,0.0,0.0,0.0,0.0,0.0,0.0,0.0,0.0,0.05817554910901493,0.0,0.0,0.0,-1000.0,1000.0,0.0,0.0,0.0,0.0,0.0,1000.0,0.0,-521.9916785334235,-1000.0,-4.36316618317612,0.0,-2.9087774554507493,0.0,0.0,0.0,0.0,0.0,0.0,0.0,0.0,0.0,0.0,0.0,0.0,0.0,0.0,0.0,413.68604684496296,0.0,0.0,0.0,-0.05817554910901493,0.0,0.0,0.05817554910901493,0.0,0.05817554910901493,0.0,0.0,0.0,34.90532946540896,70.97416991299822,70.97416991299822,0.0,0.0,0.0,0.0,0.0,0.0,146.59643651839946,266.155665421806,0.0,448.5913763103719,0.0,0.0,0.0,0.0,0.0,0.0,0.0,0.0,0.0,0.0,0.0,0.0,0.0,0.0,0.0,0.0,0.0,79.12426953998948,0.0,-946.9908628702768,946.9908628702768,0.0872633236635224,0.0,0.0,0.0,-17.45266473270448,0.0,0.0,0.0,0.0,0.0,-464.3783948147287,2.9087774554507466,0.0,0.0,0.0,0.0,0.0,-89.68979133950889,-2.9087774554507493,0.0,0.0,0.0,0.0,0.0,0.0,0.0,0.0,0.0,0.0,1000.0,84.36489017819702,0.0,319.52055560000304,-8.722112487396709,0.0,-302.33766102743186,668.5881150518229,-366.25045402439105,0.0,-56.62183858775427,0.0,2.9087774554507493,737.8260703853141,0.0,0.0,-17.901765641951073,-22.181163811036242,0.0,0.0,0.0,0.0,0.0,0.0,0.0,0.0,0.0,510.90109662790536,0.0,70.97416991299822,0.0,-343.75000000000006,-343.75000000000006,361.6517656419511,0.0,0.0,0.0,0.0,0.0,79.47368153008026,0.0,0.0,477.4678933642571,-4.691442496005607,-977.2017001243715,0.0,17.45266473270448,0.0,0.0,0.0,0.0,-96.357976192602,0.0,0.0,0.06399310402007731,0.0,0.0,0.0,35.48708495649911,0.0,0.0,0.0,0.0,257.82078188886857,0.0,0.0,0.0,0.0,0.0,0.0,0.0,0.0,-1000.0,0.0,0.005817554910901493,0.005817554910901493,0.0,0.0,0.0,0.0,0.0,0.0,0.0,0.0,0.0,-903.1593883635358,17.901765641951073,0.0,0.0,0.0,0.0,464.3783948147287,0.0,0.0,0.0,0.0,0.0,0.0,0.0,1000.0,0.0,0.0,0.0,0.0,0.0,0.0,295.7627085735787,0.0,0.0,0.0,34.90532946540896,0.0,0.0,0.0,0.0,0.0,965.094670534591,-1000.0,0.0,0.0,0.0,0.0,0.0,0.0,0.0,0.0,0.0,17.901765641951073,17.901765641951073,0.0,714.7217404266277,-1000.0,39.85025113967524,0.0,-17.45266473270448,0.0,999.7672978035638,0.0,0.0,0.0,0.0,0.0,0.0,0.0,0.0,0.0,0.0,0.0,0.0,0.0,0.0,0.0,0.0,0.0,-7.271943638626869,0.0,-431.1689755083606,-4.3631661831761175,0.0,0.0,0.0,0.0,0.0,811.8808147763677,-812.6080091402305,22.181163811036242,0.0,0.0,0.0,0.0,0.0,0.0,0.0,1000.0,17.45266473270448,17.45266473270448,0.0,0.0,0.0,0.0,588.188937599848,0.06399310402007731,464.3783948147287,0.0,0.0,-999.7672978035638,0.0,0.0,0.0,0.0,0.0,0.0,0.0,0.0,0.0,0.0,0.0,0.0,0.0,0.0,473.4954314351384,0.0,0.0,18.03442022379463,0.0,61.084326564465684,151.07595379979364,0.0,0.0,0.0,0.0,0.0,464.3783948147287,0.0,149.38845454632667,0.0,0.0,0.0,-7.271943638626869,0.0,0.0,0.0,0.0,0.0,0.0,0.0,0.0,0.0,0.0,0.0,0.0,0.0,0.0,0.0,0.0,0.0,0.0,-0.05817554910901493,0.0,0.0,2.9087774554507466,-288.88759060793865,0.0,0.0,0.0,0.0,0.0,0.0,0.0,0.0,5.0089147782863455,1.4543887277253733,0.0,0.0,0.0,0.05817554910901493,0.0,58.17554910901493,0.0,11.635109821802986,0.4155396364929638,198.37862246174095,-0.0436316618317612,216.31168211804297,1.1635109821802987,-0.29087774554523094,-198.37862246174095,17.45266473270448,-0.05817554910901492,2.9073708291322364,68.36489017819702,0.014543887277253734,0.4155396364929638,-8.722112487396709,-9.261547418156486,16.738254659770746,-9.997762595604058,-0.05817554910901492,0.014543887277253734,-198.37862246174095,5.817554910901493,0.05817554910901492,0.05817554910901492,-464.2562261615996,0.06399310401991641,-29.335531168142452,-0.0436316618317612,17.45266473270448,0.05817554910901493,17.45266473270448,-29.08777455450747,-0.029087774554507465,69.20802846549873,-85.0,-0.0436316618317612,-0.05817554910901492,0.0,0.05817554910901493,5.817554910901493,-1.1635109821802987,79.12426953998948,79.12426953998948,-5.817554910901493,9.997762595604058,-79.12426953998948,11.635109821802985,0.0872633236635224,-1000.0,5.817554910901493,-291.1304694719916,68.36489017819702,-11.635109821802986,0.029087774554507465,0.5817554910901495,104.91765754446345,96.0,-0.05817554910901492,-477.4678933642571,464.2562261615996,18.03442022379463,0.05817554910901492,9.261547418156486,-1.4457687526210643,68.36489017819702,-0.05817554910901492,-0.014543887277253734,-68.36489017819702,-0.05817554910901492,-25.787548265641963,0.05817554910899095,-0.014543887277253732,-0.014543887277253732,-0.014543887277253732,23.270219643605973,29.08777455450747,0.5817554910901495,43.10080994614298,-0.014543887277253734,206.92794425979466,2.9087774554507466,15.802551588271728,0.05817554910901492,0.029087774554507468,0.02908777455450746,40.0,0.0,0.05817554910901492,0.0,0.5817554910901495,0.05817554910901492,-43.10080994614298,0.05817554910901492,0.2327021964362075,0.29087774554523094,0.029087774554507465,0.014543887277253732,17.45266473270448,-0.05817554910901492,29.335531168142452,-8.369127329885373,-86.20161989228596,214.8572933903176,-5.817554910901493,11.635109821802986,2.9087774554507466,-0.05817554910901492,8.722112487396709,0.0872633236635224,-0.05817554910901492,-80.0,0.0,248.37824730087172,0.02908777455450746,-31.605103176543455,-0.05817554910901493,-0.05817554910899095,-0.05817554910901492,0.02908777455450746,198.37862246174095,-11.635109821802986,0.05817554910901493,209.8353150889269,-0.014543887277253732,-0.06399310401991641,-209.8353150889269,8.726332366352239,85.0,515.2445062636725,198.37862246174095,-0.0436316618317612,477.4678933642571,-96.0,0.05817554910901492,-0.014543887277253729,2.9087774554507493,58.17554910901493,-0.029087774554507468,-0.05817554910901492,0.014543887277253734,0.0,0.0,192.85420448521126,0.0,-46.0,0.0,639.4353169374451,-31.0,0.0,-32.0,-93.0,-65.0,-807.1167077402342,16.0,23.0,46.5,0.0,15.5,-464.3783948147287,-152.02027110826972,807.1167077402342,65.0,-152.02027110826972,-639.4353169374451,317.53176538958235,0.0,1496.5981,hclb
211,0.0,0.0,0.0,0.0,0.0,0.0,0.0,0.0,-0.05812017113305278,0.0,0.0,0.0,0.0,0.0,0.0,0.0,227.44607749594724,-664.7965598958889,0.0,196.86961518690129,0.0,0.0,0.0,162.57534635669998,0.0,0.0,0.0,0.0,0.0,-227.44607749594724,0.0,0.0,28.673357971226963,0.0,0.0,0.0,0.0,999.7675193154679,0.0,-1000.0,1000.0,0.0,0.0,0.0,0.0,0.0,0.0,0.0,-1000.0,-345.14038440560654,0.0,0.0,0.0,0.06393218824639645,0.0,0.0,0.0,0.0,0.0,0.0,58.98310684951854,0.0,-208.39489359397373,-341.7164565063633,0.0,0.0,0.0,0.0,0.0,0.0,0.0,0.5812017113305278,0.0,0.0,0.0,0.0,0.0,0.0,0.0,0.0,0.0,0.0,595.2415865985118,0.0,34.87210267983167,0.0,0.0,474.1787839796441,79.87612517459532,0.0,398.31682347710057,0.0,0.0,-469.35659725868345,17.436051339915835,0.0,17.436051339915835,0.0,411.10513608921724,0.0,595.2415865985118,461.0639481086823,-227.44607749594724,0.0,0.0,-1.0421862467325302,0.0,0.0,0.0,0.0,0.0,0.0,0.0,0.0,0.0,0.0,0.0,0.0,0.0,0.0,0.0,0.0,0.0,0.0,-750.2054989969624,0.0,0.0,17.436051339915835,0.0,18.01725305124636,18.01725305124636,0.0,402.1558019085311,-402.1558019085311,0.0,0.0,-192.3046697619081,693.8096849631679,-693.8096849631679,0.0,0.0,0.0,0.0,0.0,0.0,-590.7663334212668,0.05812017113305278,398.3313535198838,0.0,0.0,-461.14628160363606,0.0,0.0,0.0,0.0,0.0,221.9570237077951,0.0,0.0,0.0,0.0,0.0,-15.929055346556504,-15.929055346556504,0.0,0.0,0.0,0.0,0.0,0.0,0.0,-15.870935175423451,0.0,0.0,0.0,-680.1901108784409,-857.305890482829,0.0,0.0,0.0,0.0,0.0,0.0,0.0,0.0,0.0,-67.70113251947669,0.0,0.0,0.0,0.0,-1000.0,0.0,0.0,0.0,0.0,0.0,345.14038440560654,0.0,789.6736498633422,-789.6736498633422,0.0,0.0,0.0,0.0,0.0,0.0,0.0,0.0,-503.5831562565695,0.0,0.0,0.0,0.0,0.0,0.0,0.0,0.0,0.0,0.0,0.0,0.0,0.0,205.1538531124399,441.3943500568572,1000.0,0.0,0.0,0.0,192.3046697619081,35.26874524461857,0.0,0.0,0.0,0.0,58.98310684951854,1000.0,0.0,0.0,273.25883400348096,0.0,0.0,0.0,0.0,0.0,643.3575814899217,11.624034226610556,0.0,0.0,227.35889723924763,-482.4386274494992,263.85243384298633,0.0,-1000.0,0.0,0.0,192.3046697619081,0.0,0.0,0.0,0.0,102.61109103480794,0.0,0.0,793.9404508685361,0.0,0.0,793.9404508685359,0.0,0.0,869.5497750379376,0.0,847.5679211747106,345.14038440560654,0.0,162.9210383190914,0.0,0.0,0.0,-596.8076574570568,0.0,596.8076574570568,0.0,-15.987175517689558,0.0,192.3046697619081,0.0,0.0,0.0,0.0,58.98310684951854,-0.08718025669957917,0.0,0.0,0.0,0.0,0.05812017113305278,0.0,0.0,0.0,303.9376219255439,227.44607749594724,0.0,-633.2269497485208,606.4178627574404,857.305890482829,756.7554158046182,0.0,234.72448736498674,0.0,-1.0421862467325302,0.0,0.0,0.0,-5.004146734555882,599.6113797088323,-829.3317203392631,-1000.0,896.9826031668092,0.0,0.0,0.0,0.0,0.0,0.0,0.0,0.0,0.0,0.0,0.0,0.0,0.0,0.0,0.0,0.0,273.25883400348096,0.0,0.0,-1000.0,0.0,0.0,641.4861119794376,0.0,0.0,0.0,-52.59124806865486,0.0,411.10513608921724,0.0,0.0,458.1579395520297,0.0,0.0,0.0,0.0,-599.6113797088323,-332.96319512134664,-164.0446291235213,0.0,751.0729099086076,0.0,-231.98497833266748,1000.0,-1.4530042783263195,161.13862056686867,0.0,0.0,0.0,-218.7500000000002,-422.3874507603005,17.436051339915835,0.0,0.0,0.0,0.0,0.0,0.0,0.0,-205.1538531124399,205.1538531124399,205.1538531124399,82.41815202012197,0.0,0.0,0.0,0.0,0.0,0.0,0.0,0.0,-74.338456062871,0.0,0.0,260.68063553529754,0.0,0.0,0.0,0.0,-37.18798288669472,0.11624034226614438,0.0,0.0,0.0,0.0,0.0,0.0,0.0,0.0,0.0,0.0,0.0,0.0,0.0,0.0,0.0,0.0,0.0,0.0,0.0,0.06393218824639645,0.06393218824639645,0.0,289.52981888582934,0.0,34.87210267983167,0.0,83.80635451865984,0.0,1000.0,0.0,0.0,0.0,0.0,0.0,417.65911487521856,-1000.0,0.0,0.0,0.0,0.0,0.0,260.68063553529754,0.0,0.0,0.0,0.0,0.0,0.0,0.0,250.06849966565414,-303.9376219255439,461.14628160363606,0.0,4.47525317724506,0.0,0.0,-469.35659725868345,-504.625342503302,0.0,417.65911487521856,0.0,0.0,380.47113198852384,468.68750000000045,-468.68750000000045,205.1538531124399,0.0,0.0,0.0,0.0,0.0,0.0,0.0,0.0,0.0,0.0,0.0,0.0,0.0,34.87210267983167,192.3046697619081,192.3046697619081,0.0,0.0,0.0,0.0,0.0,0.0,0.0,0.0,0.0,0.0,0.5812017113305278,0.0,0.0,0.0,0.0,0.0,0.0,0.0,0.0,17.436051339915835,0.0,0.0,0.0,0.0,0.0,0.0,0.0,0.0,0.0,0.0,180.12763803888194,0.0,0.0,17.436051339915835,17.436051339915835,1000.0,-1000.0,0.0,260.68063553529754,0.0,0.0,0.0,0.0,0.0,756.7442044900383,0.0,1000.0,0.05812017113305278,0.0,0.0,0.0,4.6869766578011856,0.0,0.0,469.35659725868345,0.0,0.0,0.0,0.0,0.0,0.0,0.0,0.0,0.0,0.0,0.0,0.0,0.0,0.0,0.05812017113305278,0.0,0.0,0.0,-813.5671913415902,813.5671913415902,0.0,0.0,0.0,0.0,0.0,1000.0,0.0,0.0,-1000.0,-4.359012834978959,-2.9060085566526417,0.0,0.0,0.0,0.0,0.0,0.0,0.0,0.0,0.0,0.0,0.0,0.0,192.3046697619081,857.305890482829,0.0,0.0,-419.4814422036478,0.0,0.0,0.0,-0.05812017113305278,0.0,0.0,0.05812017113305278,0.0,0.05812017113305278,0.0,0.0,0.0,34.87210267983167,70.9066087823244,70.9066087823244,0.0,0.0,0.0,0.0,0.0,0.0,0.0,461.14628160363606,0.0,0.0,0.0,0.0,0.0,0.0,0.0,0.0,0.0,0.0,0.0,0.0,0.0,0.0,0.0,0.0,0.0,0.0,0.0,35.26874524461857,0.0,0.0,0.0,0.08718025669957917,0.0,0.0,0.0,-17.436051339915835,0.0,0.0,0.0,0.0,0.0,-289.52981888582934,2.906008556652639,0.0,0.0,0.0,0.0,0.0,52.59124806865486,0.0,0.0,0.0,0.0,0.0,0.0,0.0,0.0,192.3046697619081,0.0,0.0,1000.0,84.37596577338944,0.0,503.6818651350621,-1.0421862467325302,0.0,0.0,411.10513608921724,-411.10513608921724,0.0,-70.9066087823244,83.80635451865984,2.9060085566526417,1000.0,0.0,0.0,0.0,-74.338456062871,-781.2499999999992,781.2499999999992,1000.0,-1000.0,0.0,0.0,0.0,0.0,0.0,58.98310684951854,0.0,70.9066087823244,0.0,-655.8665830769405,-655.8665830769405,655.8665830769405,0.0,0.0,0.0,0.0,0.0,643.3575814899217,0.0,0.0,302.60685739076644,-4.6869766578011856,-574.9324287430941,0.0,17.436051339915835,0.0,0.0,0.0,0.0,47.71282295198833,0.0,0.0,0.06393218824639645,0.0,0.0,0.0,35.4533043911622,0.0,0.0,0.0,0.0,441.3943500568572,0.0,0.0,0.0,0.0,0.0,0.0,0.0,0.0,0.0,0.0,0.005812017113305278,0.005812017113305278,0.0,0.0,0.0,0.0,0.0,0.0,0.0,0.0,0.0,0.0,0.0,0.0,0.0,0.0,0.0,289.52981888582934,0.0,0.0,0.0,0.0,0.0,0.0,0.0,345.14038440560654,0.0,0.0,0.0,0.0,1000.0,-500.6703086464937,-664.7965598958889,0.0,0.0,0.0,34.87210267983164,0.0,0.0,0.0,0.0,0.0,965.1278973201684,-1000.0,0.0,0.0,0.0,0.0,0.0,0.0,0.0,0.0,0.0,0.0,0.0,0.0,885.6481323915446,-470.701873005909,39.81231722614117,0.0,-17.436051339915835,0.0,999.7675193154679,0.0,0.0,0.0,0.0,0.0,0.0,0.0,0.0,0.0,0.0,0.0,0.0,0.0,0.0,0.0,0.0,83.80635451865984,-7.265021391631601,192.3046697619081,-462.51695238700864,-4.359012834978958,0.0,0.0,0.0,0.0,0.0,0.0,-0.72650213916316,74.338456062871,0.0,0.0,0.0,0.0,0.0,0.0,0.0,988.6655292247353,17.436051339915835,17.436051339915835,0.0,0.0,0.0,0.0,0.0,0.06393218824639645,289.52981888582934,0.0,0.0,-999.7675193154679,0.0,0.0,0.0,0.0,0.0,0.0,0.0,0.0,0.0,0.0,0.0,0.0,0.0,0.0,0.0,0.0,0.0,18.01725305124636,0.0,61.02617968970542,4.47525317724506,0.0,0.0,0.0,0.0,0.0,289.52981888582934,0.0,585.9888553541301,0.0,0.0,0.0,-7.265021391631601,0.0,0.0,0.0,0.0,0.0,0.0,0.0,0.0,0.0,0.0,0.0,0.0,0.0,0.0,0.0,0.0,0.0,0.0,-0.05812017113305278,0.0,0.0,2.906008556652639,-417.65911487521856,0.0,0.0,0.0,0.0,192.3046697619081,0.0,0.0,0.0,5.004146734555882,1.4530042783263195,0.0,0.0,0.0,0.05812017113305278,0.0,58.12017113305278,0.0,11.624034226610556,0.4151440795218056,198.18978356370997,-0.043590128349789585,231.98497833266748,1.1624034226610556,-0.29060085566516136,-198.18978356370997,17.436051339915835,-0.05812017113305278,0.3473954155775101,260.68063553529754,0.014530042783263196,0.4151440795218056,-1.0421862467325302,-9.252731244381721,-1.1624034226610556,240.48086721304037,-0.05812017113305278,0.014530042783263196,-198.18978356370997,5.812017113305278,0.05812017113305278,0.05812017113305278,-289.4077665264499,0.06393218824635806,-63.77696836445658,-0.043590128349789585,17.436051339915835,0.05812017113305278,17.436051339915835,-29.06008556652639,-0.02906008556652639,-156.09568284987344,-41.1388825290569,-0.043590128349789585,-0.05812017113305278,0.0,0.05812017113305278,5.812017113305278,-1.1624034226610556,35.26874524461857,35.26874524461857,-5.812017113305278,-240.48086721304037,-35.26874524461857,11.624034226610556,0.08718025669957917,-900.0759581052365,5.812017113305278,-250.06849966565414,260.68063553529754,-11.624034226610556,0.02906008556652639,0.5812017113305278,158.3067374371302,96.0,-0.05812017113305278,-302.60685739076644,289.4077665264499,18.01725305124636,0.05812017113305278,9.252731244381721,190.9364301756341,260.68063553529754,-0.05812017113305278,-0.014530042783263196,-260.68063553529754,-0.05812017113305278,-37.18798288669472,0.058120171133280156,-0.014530042783263196,-0.014530042783263196,-0.014530042783263196,23.248068453221112,29.06008556652639,0.5812017113305278,43.05978178820058,-0.014530042783263196,316.2660794586829,2.906008556652639,21.5,0.05812017113305278,0.02906008556652639,0.02906008556652639,40.0,0.0,0.05812017113305278,0.0,0.5812017113305278,0.05812017113305278,-43.05978178820058,0.05812017113305278,0.23248068453214998,0.29060085566516136,0.02906008556652639,0.014530042783263196,17.436051339915835,-0.05812017113305278,63.77696836445658,0.5812017113305278,-86.11956357640116,230.53197405434116,-5.812017113305278,11.624034226610556,2.906008556652639,-0.05812017113305278,1.0421862467325302,0.08718025669957917,-0.05812017113305278,-80.0,0.0,192.5349509029839,0.02906008556652639,-43.0,-0.05812017113305278,-0.058120171133280156,-0.05812017113305278,0.02906008556652639,198.18978356370997,-11.624034226610556,0.05812017113305278,316.6134748742604,-0.014530042783263196,-0.06393218824635806,-316.6134748742604,8.718025669957916,41.1388825290569,679.883537744301,198.18978356370997,-0.043590128349789585,302.60685739076644,-96.0,0.05812017113305278,-0.014530042783263194,2.9060085566526417,58.12017113305278,-0.02906008556652639,-0.05812017113305278,0.014530042783263196,0.0,0.0,30.49712298173239,0.0,-46.0,0.0,-108.0,-31.0,0.0,-32.0,-93.0,-54.15961775803663,-869.5497750379376,16.0,23.0,46.5,0.0,15.5,-289.52981888582934,-240.24777385497222,869.5497750379376,54.15961775803663,-240.24777385497222,108.0,-152.37422364446968,0.0,1496.5981,hclb
212,0.0,0.0,0.0,0.0,0.0,0.0,0.0,0.0,-0.03300083402077874,0.0,0.0,0.0,0.0,0.0,0.0,0.0,166.13849713157677,-638.746778694744,0.0,1000.0,0.0,0.0,0.0,609.8529130782085,0.0,0.0,0.0,0.0,0.0,0.0,0.0,0.0,0.0,0.0,0.0,0.0,0.0,247.6203652693692,0.0,-1000.0,1000.0,0.0,0.0,0.0,0.0,0.0,0.0,0.0,-319.52606493600115,-1000.0,0.0,0.0,0.0,0.036300917422830634,0.0,0.0,0.0,0.0,0.0,0.0,-2.9062734494303784,0.0,-474.4094433185048,-477.3157167679352,0.0,0.0,0.0,0.0,0.0,0.0,0.0,0.33000834020778747,0.0,0.0,0.0,0.0,0.0,0.0,0.0,0.0,0.0,0.0,-128.6512381557862,0.0,19.800500412467247,0.0,0.0,319.95425751012516,-186.97635618116556,1000.0,-0.008250208505194685,0.0,0.0,-918.3330842360987,9.900250206233624,0.0,9.900250206233624,0.0,382.0511494899954,0.0,0.0,1.650041701038937,-1000.0,0.0,0.0,-19.849958298961063,0.0,0.0,0.0,0.0,0.0,0.0,0.0,0.0,0.0,0.0,0.0,0.0,0.0,0.0,0.0,0.0,0.0,0.0,-451.84010288511604,0.0,0.0,9.900250206233624,0.0,10.23025854644141,10.23025854644141,0.0,-614.0931466040266,47.32728176271655,566.7658648413101,-566.7658648413101,0.0,0.0,0.0,0.0,0.0,0.0,0.0,0.0,0.0,131.19230237538616,0.03300083402077874,0.0,0.0,0.0,0.0,0.0,0.0,0.0,128.6512381557862,0.0,137.21832815510768,0.0,0.0,0.0,0.0,0.0,566.0728803515644,566.0728803515644,0.0,0.0,0.0,718.75,-600.8247980015835,0.0,0.0,566.1058811855852,0.0,0.0,0.0,-876.8448512840448,-623.8064385453157,0.0,0.0,0.0,0.0,0.0,0.0,0.0,0.0,0.0,0.0,0.0,0.0,0.0,0.0,-1000.0,0.0,0.0,0.0,0.0,0.0,1000.0,0.0,-373.5759580582844,373.5759580582844,0.0,0.0,0.0,0.0,0.0,0.0,0.0,1000.0,284.9526892873719,0.0,0.0,0.0,0.0,0.0,0.0,0.0,0.0,0.0,0.0,0.0,0.0,0.0,755.8613851853953,-29.799666391688504,153.3875678044244,0.0,0.0,0.0,0.0,81.66691576390134,0.0,0.0,0.0,0.0,-2.9062734494303784,153.3875678044244,0.0,0.0,0.0,0.0,0.0,0.0,0.0,0.0,1.0626268554700395,6.600166804155748,0.0,0.0,721.7193833822259,908.3189852593447,-373.1477654841604,0.0,-153.3875678044244,0.0,0.0,0.0,0.0,0.0,0.0,0.0,-3.3259340553943275,0.0,0.0,0.0,0.0,0.0,0.0,0.0,0.0,-560.55231423945,0.0,-12.750929327152363,1000.0,0.0,30.86592824695417,0.0,0.0,0.0,825.8941998731744,0.0,-825.8941998731744,0.0,1000.0,0.0,0.0,1000.0,718.75,0.0,0.0,-2.9062734494303784,-0.049501251031168106,0.0,0.0,0.0,0.0,0.03300083402077874,0.0,0.0,0.0,907.370207174395,166.13849713157677,0.0,-566.8264198624993,190.01645705247304,623.8064385453157,936.5004170103894,0.0,0.0,0.0,-19.849958298961063,0.0,0.0,0.0,-2.8413718091890234,0.0,2.8413718091890234,533.2097229328435,-1000.0,0.0,0.0,0.0,0.0,0.0,0.0,0.0,0.0,0.0,0.0,0.0,0.0,0.0,0.0,0.0,0.0,0.0,-557.5159733811963,0.0,-805.268341986649,128.6512381557862,0.0,0.0,0.0,0.0,0.0,-132.2549292308562,0.0,382.0511494899954,0.0,0.0,0.0,0.0,0.0,0.0,0.0,0.0,-941.9977341250793,0.0,-994.2248540463637,946.9478592281961,0.0,-1.650041701038937,0.0,-0.8250208505194685,-1.650041701038937,0.0,0.0,998.349958298961,0.0,0.0,9.900250206233624,0.0,0.0,0.0,0.0,0.0,0.0,755.8613851853953,0.0,0.0,0.0,106.24979149480532,0.0,0.0,-433.9601204824563,0.0,0.0,1000.0,0.0,0.0,-5.812546898860745,0.0,0.0,73.39983319584425,0.0,0.0,0.0,0.0,-39.699916597922126,0.06600166804131646,0.0,0.0,0.0,0.0,0.0,0.0,0.0,0.0,0.0,0.0,0.0,0.0,0.0,0.0,0.0,0.0,0.0,0.0,0.0,0.036300917422830634,0.036300917422830634,0.0,632.9752450292365,0.0,19.800500412467247,0.0,0.0,0.0,28.013000024369198,0.0,210.8068583635976,0.0,0.0,0.0,267.4137587664895,-28.013000024369198,0.0,0.0,335.72206701317265,0.0,0.0,73.39983319584425,0.0,0.0,0.0,0.0,0.0,0.0,0.0,150.613367628372,-907.370207174395,0.0,0.0,2.5410642195999618,0.0,0.0,-918.3330842360987,-1000.0,0.0,267.4137587664895,0.0,227.71384216856734,0.0,1000.0,-1000.0,755.8613851853953,0.0,0.0,0.0,0.0,0.0,0.0,0.0,0.0,0.0,0.0,0.0,0.0,0.0,19.800500412467247,0.0,0.0,0.0,0.0,0.0,0.0,0.0,0.0,0.0,0.0,0.0,0.0,0.33000834020778747,0.0,0.0,0.0,0.0,0.0,0.0,0.0,0.0,9.900250206233624,-335.72206701317265,0.0,0.0,0.0,0.0,0.0,0.0,0.0,0.0,0.0,622.3602291720837,0.0,0.0,9.900250206233624,9.900250206233624,-230.677960344125,-28.013000024369198,0.0,73.39983319584425,0.0,0.0,0.0,0.0,0.0,-533.2097229328435,1000.0,-529.4712784521896,0.03300083402077874,0.0,0.0,0.0,2.6612815435328,0.0,0.0,918.3330842360987,0.0,0.0,0.0,0.0,0.0,0.0,0.0,0.0,0.0,0.0,0.0,0.0,0.0,0.0,0.03300083402077874,0.0,0.0,0.0,-1000.0,1000.0,0.0,0.0,0.0,0.0,0.0,249.79622025913918,0.0,0.0,-247.75236860545272,-2.475062551558406,0.0,-1.650041701038937,0.0,0.0,0.0,0.0,0.0,0.0,0.0,0.0,0.0,0.0,0.0,0.0,623.8064385453157,0.0,0.0,1000.0,0.0,0.0,0.0,-0.03300083402077874,0.0,0.0,0.03300083402077874,0.0,0.03300083402077874,0.0,0.0,0.0,19.800500412467247,40.26101750535007,40.26101750535007,0.0,0.0,0.0,0.0,0.0,0.0,0.0,0.0,0.0,1000.0,0.0,0.0,0.0,0.0,0.0,0.0,0.0,0.0,0.0,0.0,0.0,0.0,0.0,0.0,0.0,0.0,0.0,81.66691576390134,0.0,0.0,0.0,0.049501251031168106,0.0,0.0,0.0,-9.900250206233624,0.0,0.0,0.0,0.0,0.0,-632.9752450292365,1.650041701038937,0.0,0.0,0.0,-718.75,600.8247980015835,0.0,-1.650041701038937,0.0,0.0,0.0,0.0,0.0,0.0,0.0,0.0,0.0,335.72206701317265,0.0,-122.88614015615883,0.0,58.39983319584425,-19.849958298961063,0.0,-132.2549292308562,382.0511494899954,-249.79622025913918,128.6512381557862,-40.26101750535007,0.0,1.650041701038937,871.0789418144263,0.0,19.800500412467247,0.0,-5.812546898860745,0.0,0.0,0.0,0.0,0.0,0.0,0.0,0.0,0.0,635.4503075807949,-640.4004326839117,40.26101750535007,0.0,0.0,0.0,0.0,0.0,0.0,0.0,0.0,0.0,1.0626268554700395,0.0,0.0,0.0,-2.6612815435328,-541.1909705010075,0.0,9.900250206233624,0.0,0.0,0.0,0.0,16.693095051063267,0.0,0.0,0.036300917422830634,0.0,0.0,0.0,20.130508752675034,0.0,0.0,0.0,0.0,-29.799666391688504,0.0,0.0,0.0,0.0,0.0,0.0,0.0,0.0,0.0,0.0,0.0033000834020779687,0.0033000834020779687,0.0,0.0,0.0,0.0,0.0,0.0,0.0,0.0,0.0,0.0,0.0,0.0,0.0,0.0,0.0,632.9752450292365,0.0,0.0,0.0,0.0,0.0,0.0,0.0,1000.0,0.0,0.0,0.0,0.0,0.0,1000.0,-638.746778694744,0.0,0.0,0.0,19.800500412467247,0.0,0.0,0.0,0.0,0.0,-19.800500412467247,0.0,0.0,0.0,0.0,0.0,0.0,0.0,0.0,0.0,0.0,0.0,0.0,0.0,529.4712784521896,-1000.0,22.605571304233447,0.0,-9.900250206233624,0.0,247.6203652693692,0.0,0.0,0.0,0.0,0.0,0.0,0.0,0.0,0.0,0.0,0.0,0.0,0.0,0.0,0.0,0.0,0.0,-4.1251042525973425,0.0,-2.475062551558406,637.9253701323534,0.0,0.0,0.0,0.0,0.0,0.0,-0.4125104252597343,134.46378505464693,0.0,0.0,0.0,0.0,0.0,0.0,0.0,1000.0,9.900250206233624,9.900250206233624,0.0,0.0,0.0,0.0,0.0,0.036300917422830634,632.9752450292365,0.0,0.0,-247.6203652693692,0.0,0.0,0.0,0.0,0.0,0.0,0.0,0.0,0.0,0.0,0.0,0.0,0.0,0.0,0.0,0.0,0.0,10.23025854644141,0.0,34.650875721817684,0.0,0.0,2.5410642195999618,0.0,0.0,0.0,632.9752450292365,0.0,0.0,0.0,0.0,0.0,-4.1251042525973425,0.0,0.0,0.0,0.0,0.0,0.0,0.0,0.0,0.0,0.0,0.0,0.0,0.0,0.0,0.0,0.0,0.0,0.0,-0.03300083402077874,0.0,0.0,1.650041701038937,-267.4137587664895,0.0,0.0,0.0,0.0,0.0,0.0,0.0,0.0,2.8413718091890234,0.8250208505194685,0.0,0.0,0.0,0.03300083402077874,0.0,33.00083402077874,0.0,6.600166804155748,0.23572024300556244,112.53284401085553,-0.024750625515584053,1.650041701038937,0.6600166804155748,-0.16500417010430696,-112.53284401085553,9.900250206233622,-0.03300083402077874,6.616652766320354,73.39983319584425,0.008250208505194685,0.23572024300556244,-19.849958298961063,-5.25373277610894,-0.6600166804155748,-527.3917184368328,-0.03300083402077874,0.008250208505194685,-112.53284401085553,3.300083402077874,0.03300083402077874,0.03300083402077874,-632.9059432777929,0.03630091742285671,0.0,-0.024750625515584053,9.900250206233624,0.03300083402077874,9.900250206233624,-16.50041701038937,-0.01650041701038937,-97.51841155718556,-85.0,-0.024750625515584053,-0.03300083402077874,0.0,0.03300083402077874,3.300083402077874,-0.6600166804155748,81.66691576390134,81.66691576390134,-3.300083402077874,527.3917184368328,-81.66691576390134,6.600166804155748,0.049501251031168106,93.44241453943684,3.300083402077874,-150.613367628372,73.39983319584425,-6.600166804155748,0.01650041701038937,0.33000834020778747,141.70660496562482,-116.28597335200308,-0.03300083402077874,-640.4004326839117,632.9059432777929,10.23025854644141,0.03300083402077874,5.25373277610894,33.79883237090989,73.39983319584425,-0.03300083402077874,-0.008250208505194685,-73.39983319584425,-0.03300083402077874,-39.699916597922126,0.03300083402077874,-0.008250208505194685,-0.008250208505194685,-0.008250208505194685,13.200333608311496,16.50041701038937,0.33000834020778747,246.63429915430544,-0.008250208505194685,276.7965571649293,1.650041701038937,21.5,0.03300083402077874,0.01650041701038937,0.01650041701038937,40.0,0.0,0.03300083402077874,0.0,0.33000834020778747,0.03300083402077874,-691.003911652625,0.03300083402077874,0.1320033360835282,0.16500417010430696,0.01650041701038937,0.008250208505194685,9.900250206233624,-0.03300083402077874,0.0,0.3300083402077874,-493.2685983086109,0.8250208505194685,-3.300083402077874,6.600166804155748,1.650041701038937,-0.03300083402077874,19.849958298961063,0.049501251031168106,-0.03300083402077874,-80.0,0.0,169.3898428183182,0.01650041701038937,-43.0,-0.03300083402077874,-0.03300083402077874,-0.03300083402077874,0.01650041701038937,112.53284401085553,-6.600166804155748,0.03300083402077874,283.41320993124964,-0.008250208505194685,-0.03630091742285671,-283.41320993124964,4.950125103116811,85.0,-437.6005316325535,112.53284401085553,-0.024750625515584053,640.4004326839117,116.28597335200308,0.03300083402077874,-0.008250208505194683,1.650041701038937,33.00083402077874,-0.01650041701038937,-0.03300083402077874,0.008250208505194685,1000.0,0.0,-532.9066007169973,444.36961249831967,-46.0,0.0,804.7298475643095,-20.579276730820247,0.0,-32.0,-93.0,-65.0,-439.44768576055003,16.0,23.0,46.5,0.0,10.289638365410124,-632.9752450292365,-186.08293786938145,439.44768576055003,65.0,-186.08293786938145,-804.7298475643095,383.81546589566085,0.0,1496.5981,hclb
213,0.0,0.0,0.0,0.0,0.0,0.0,0.0,0.0,-0.06982466038041907,0.0,0.0,0.0,0.0,0.0,0.0,0.0,529.0570003386047,-702.5312500000011,0.0,57.59213140559825,0.0,0.0,0.0,970.3576694381795,0.0,0.0,0.0,0.0,0.0,-786.1389479666244,0.0,0.0,18.659124468145023,0.0,0.0,0.0,0.0,-79.12075403491912,0.0,-1000.0,1000.0,0.0,0.0,1000.0,0.0,0.0,0.0,0.0,-706.2942643377522,0.0,0.0,0.0,0.0,0.07680712641865739,0.0,0.0,0.0,13.964932076083812,0.0,0.0,60.742903422790135,0.0,0.0,-139.93348211808967,0.0,0.0,0.0,0.0,1000.0,-983.0287871421274,0.0,0.6982466038041906,0.0,0.0,0.0,0.0,0.0,0.0,0.0,0.0,0.0,0.0,-88.96344931462326,0.0,41.89479622825144,0.0,0.0,735.5275944781027,-674.1724487347533,929.5590313645239,-0.017456165095104767,0.0,0.0,0.0,20.94739811412572,0.0,20.94739811412572,0.0,0.0,0.0,0.0,3.491233019020953,-786.1389479666244,0.0,0.0,-10.79775053744752,0.0,0.0,0.0,0.0,0.0,0.0,0.0,0.0,0.0,0.0,0.0,0.0,0.0,0.0,0.0,0.0,0.0,0.0,-881.8749005045912,0.0,0.0,20.94739811412572,0.0,21.645644717929912,0.0,0.0,0.0,0.0,0.0,0.0,-810.3175832523883,0.0,0.0,609.6411977115085,0.0,0.0,0.0,0.0,0.0,94.33994816391564,0.06982466038041907,0.0,0.0,0.0,457.43542278390873,-1000.0,0.0,0.0,0.0,0.0,299.5405304625199,0.0,0.0,0.0,0.0,0.0,25.550021541408995,25.550021541408995,0.0,0.0,0.0,0.0,164.2733059604077,0.0,0.0,25.619846201789414,0.0,0.0,0.0,-1000.0,0.0,0.0,0.0,0.0,0.0,0.0,0.0,0.0,0.0,0.0,0.0,0.0,0.0,0.0,0.0,-1000.0,0.0,0.0,0.0,0.0,0.0,0.0,0.0,674.1724487347533,-674.1724487347533,183.70517268300716,0.0,0.0,0.0,0.0,0.0,0.0,0.0,-415.128437407545,0.0,0.0,0.0,0.0,0.0,0.0,0.0,0.0,0.0,0.0,0.0,0.0,0.0,189.3747909339665,527.4944413682589,963.376211965772,0.0,0.0,0.0,0.0,77.94770930157767,0.0,0.0,0.0,0.0,60.742903422790135,-36.62378803422803,0.0,0.0,0.0,0.0,0.0,0.0,0.0,0.0,535.6044816217008,0.0,0.0,0.0,1000.0,-348.3448974695066,703.4057788751038,0.0,-963.376211965772,0.0,0.0,200.6763855408798,-914.8139143358887,0.0,0.0,0.0,-73.92929053563353,0.0,0.0,852.8146077632429,785.5706354636392,1000.0,-508.6402421800266,575.88421447963,-361.4548499432692,0.0,0.0,0.0,0.0,0.0,-66.84207952321563,0.0,0.0,0.0,698.3066513333821,0.0,-698.3066513333821,0.0,927.7149300505837,16.97121285787264,0.0,0.0,0.0,0.0,0.0,60.742903422790135,-0.1047369905706286,0.0,0.0,0.0,0.0,0.06982466038041907,0.0,0.0,0.0,181.79523827958872,529.0570003386047,0.0,-770.2262998873761,701.3977068649069,0.0,937.9411173323368,0.0,1000.0,0.0,-10.79775053744752,0.0,0.0,0.0,868.3281892266551,-914.66153257051,-953.666656656145,-1000.0,-955.0981784908905,0.0,0.0,0.0,0.0,0.0,0.0,0.0,0.0,0.0,0.0,0.0,0.0,0.0,0.0,0.0,0.0,0.0,-1000.0,0.0,-921.1585446066033,0.0,0.0,533.3561275574494,0.0,0.0,0.0,-629.9444297856164,0.0,88.96344931462326,0.0,0.0,0.0,0.0,1000.0,76.469062101244,0.0,-85.33846742949004,377.2967025033139,568.9519730620856,-14.692341031498586,0.0,-1000.0,-79.96029512026496,1000.0,-1.7456165095104765,-572.4432060811065,-828.2965249665507,0.0,-429.76758747115923,0.0,0.0,20.94739811412572,0.0,0.0,0.0,0.0,0.0,0.0,0.0,-189.3747909339665,189.3747909339665,189.3747909339665,89.8328184613637,0.0,0.0,-902.234733169555,0.0,0.0,0.0,0.0,0.0,-79.19057869529954,0.0,0.0,83.00628078178883,0.0,0.0,0.0,0.0,-36.017533961958094,0.1396493207612366,0.0,0.0,0.0,0.0,0.0,0.0,0.0,0.0,0.0,0.0,0.0,0.0,0.0,0.0,0.0,0.0,0.0,0.0,0.0,0.07680712641865739,0.07680712641865739,0.0,271.4098588578827,0.0,41.89479622825144,0.0,0.0,0.0,-320.25878014735895,0.0,0.0,0.0,0.0,0.0,577.8969889527341,320.25878014735895,0.0,0.0,0.0,0.0,0.0,83.00628078178883,0.0,0.0,0.0,0.0,0.0,0.0,0.0,293.95830016819707,-181.79523827958872,542.5645772160913,0.0,5.376498849292375,0.0,0.0,0.0,-261.65288198458484,0.0,577.8969889527341,0.0,541.879454990776,0.0,0.0,0.0,189.3747909339665,0.0,0.0,0.0,0.0,0.0,0.0,0.0,0.0,0.0,0.0,0.0,0.0,0.0,41.89479622825144,200.67638554087978,200.6763855408798,0.0,0.0,0.0,0.0,0.0,0.0,0.0,0.0,0.0,0.0,0.6982466038041906,0.0,0.0,0.0,0.0,0.0,0.0,0.0,0.0,20.94739811412572,0.0,0.0,0.0,0.0,0.0,0.0,0.0,0.0,0.0,0.0,238.3593852360783,0.0,0.0,20.94739811412572,20.94739811412572,1000.0,320.25878014735895,0.0,83.00628078178883,0.0,0.0,0.0,0.0,0.0,786.1389479666244,0.0,860.9410467570132,0.06982466038041907,0.0,0.0,0.0,92.2134389838263,0.0,0.0,0.0,0.0,-16.97121285787264,0.0,0.0,0.0,0.0,0.0,0.0,0.0,0.0,0.0,0.0,0.0,0.0,0.06982466038041907,0.0,0.0,0.0,0.0,0.0,0.0,0.0,0.0,0.0,0.0,292.67894835959294,0.0,-221.46234587973996,0.0,-5.23684952853143,-1.5473739231067234,-1.9438590959142297,0.0,0.0,0.0,0.0,0.0,0.0,0.0,0.0,0.0,0.0,0.0,200.67638554087978,0.0,0.0,0.0,-426.27635445213826,0.0,0.0,0.0,-0.06982466038041907,0.0,0.0,0.06982466038041907,0.0,0.06982466038041907,0.0,0.0,0.0,41.89479622825144,85.18608566411126,85.18608566411126,0.0,0.0,0.0,0.0,0.0,0.0,88.96344931462326,542.5645772160913,0.0,0.0,0.0,0.0,175.69351477498492,698.6465777104244,0.0,0.0,0.0,0.0,0.0,0.0,0.0,0.0,0.0,0.0,0.0,0.0,0.0,261.65288198458484,0.0,0.0,0.0,0.1047369905706286,0.0,0.0,0.0,-20.94739811412572,0.0,0.0,0.0,0.0,0.0,-271.4098588578827,3.491233019020953,0.0,0.0,0.0,0.0,-164.2733059604077,0.0,-1.9438590959142297,0.0,0.0,0.0,0.0,0.0,0.0,0.0,200.67638554087978,0.0,0.0,998.9292708805212,82.03506792391619,0.0,593.5996451400074,-10.797750537447513,78.84145539339664,-629.9444297856164,310.4257951943632,240.6771791978565,0.0,-1000.0,0.0,3.491233019020953,544.6587002133676,0.0,0.0,0.0,-79.19057869529954,0.0,0.0,0.0,0.0,0.0,0.0,0.0,0.0,0.0,120.42305798605906,-130.8967570431219,85.18608566411126,0.0,933.7910381746422,933.7910381746422,-933.7910381746422,0.0,0.0,0.0,0.0,0.0,535.6044816217008,0.0,0.0,156.22365040035504,-92.2134389838263,-1000.0,0.0,20.94739811412572,0.0,0.0,0.0,0.0,130.43260129644017,0.0,0.0,0.07680712641865739,0.0,0.0,0.0,42.59304283205563,0.0,0.0,0.0,0.0,527.4944413682589,0.0,0.0,0.0,0.0,0.0,0.0,0.0,0.0,755.511314164232,0.0,0.006982466038041757,0.006982466038041757,0.0,0.0,0.0,0.0,0.0,0.0,0.0,0.0,0.0,0.0,0.0,0.0,0.0,0.0,0.0,271.4098588578827,0.0,0.0,0.0,0.0,0.0,0.0,0.0,0.0,0.0,0.0,0.0,0.0,1000.0,-590.5881322549443,-702.5312500000011,0.0,0.0,0.0,41.894796228251444,0.0,0.0,0.0,0.0,0.0,-620.2426771130393,578.3478808847879,0.0,0.0,0.0,0.0,0.0,0.0,0.0,0.0,0.0,0.0,0.0,0.0,-1000.0,-1000.0,922.1699848459964,-1000.0,979.0526018858743,0.0,-79.12075403491912,0.0,0.0,0.0,0.0,0.0,0.0,0.0,0.0,0.0,15.625000000000002,0.0,-15.625,-15.625,0.0,0.0,0.0,0.0,-8.728082547552383,200.6763855408798,-5.23684952853143,1000.0,0.0,0.0,0.0,0.0,0.0,0.0,-0.8728082547552383,79.19057869529954,0.0,0.0,0.0,0.0,0.0,0.0,0.0,816.0392252479037,20.94739811412572,20.94739811412572,0.0,0.0,0.0,0.0,0.0,0.07680712641865739,271.4098588578827,0.0,0.0,79.12075403491912,0.0,0.0,0.0,0.0,0.0,0.0,0.0,0.0,0.0,0.0,0.0,0.0,0.0,0.0,0.0,0.0,0.0,0.0,0.0,73.31589339944001,94.33994816391564,0.0,0.0,0.0,0.0,0.0,271.4098588578827,0.0,531.8087536343427,0.0,0.0,0.0,-8.728082547552383,0.0,0.0,0.0,0.0,0.0,0.0,0.0,0.0,0.0,0.0,0.0,0.0,0.0,0.0,0.0,0.0,0.0,0.0,-0.06982466038041907,0.0,0.0,3.491233019020953,-577.8969889527341,0.0,0.0,0.0,0.0,200.6763855408798,0.0,0.0,0.0,-868.3281892266551,1.7456165095104765,0.0,0.0,0.0,0.06982466038041907,0.0,69.82466038041905,-21.645644717929912,13.964932076083812,0.4987475741458504,194.8108024613692,-0.0523684952853143,3.491233019020953,1.3964932076083814,-0.34912330190289226,-194.8108024613692,20.94739811412572,-0.06982466038041907,3.5992501791491733,83.00628078178883,0.017456165095104767,0.4987475741458504,-10.79775053744752,-11.116085932564681,-1.396493207608387,115.88211825579822,-0.06982466038041907,0.017456165095104767,-194.8108024613692,6.982466038041906,0.06982466038041907,0.06982466038041907,-271.26322707108363,0.07680712641846082,-33.081157355208084,-0.0523684952853143,20.94739811412572,0.06982466038041907,20.94739811412572,-34.91233019020953,-0.034912330190209534,-244.86387203241677,-85.0,-0.0523684952853143,-0.06982466038041907,-21.645644717929912,0.06982466038041907,6.982466038041906,-1.3964932076083814,261.65288198458484,261.65288198458484,-6.982466038041906,-115.88211825579822,-261.65288198458484,13.964932076083812,0.1047369905706286,-1000.0,6.982466038041906,-293.95830016819707,83.00628078178883,-13.964932076083812,0.034912330190209534,0.6982466038041906,192.55657497184401,96.0,-0.06982466038041907,-287.12040744347695,271.26322707108363,21.645644717929912,0.06982466038041907,11.116085932564681,-0.7833116747138718,83.00628078178883,-0.06982466038041907,-0.017456165095104767,-83.00628078178886,-0.06982466038041907,-36.017533961958094,0.06982466038064644,-0.017456165095104767,-0.017456165095104767,-0.017456165095104767,27.929864152167625,34.91233019020953,0.6982466038041906,280.9869926156245,-0.017456165095104767,381.51389976453885,3.491233019020953,21.5,0.06982466038041907,0.034912330190209534,0.034912330190209534,40.0,21.645644717929912,0.06982466038041907,-21.645644717929912,0.6982466038041906,0.06982466038041907,-739.4982873281824,0.06982466038041907,0.2792986415224732,0.34912330190289226,0.034912330190209534,0.017456165095104767,20.94739811412572,-0.06982466038041907,33.081157355208084,0.6982466038041935,-561.973985231249,1.7456165095104765,-6.982466038041906,13.964932076083812,3.491233019020953,-0.06982466038041907,10.79775053744752,0.1047369905706286,-0.06982466038041907,-80.0,21.645644717929912,46.41107565309136,0.034912330190209534,-43.0,-0.06982466038041907,-0.06982466038064644,-0.06982466038041907,0.034912330190209534,194.8108024613692,-13.964932076083812,0.06982466038041907,385.11314994368803,-0.017456165095104767,-0.07680712641846082,-385.11314994368803,10.473699057062857,85.0,869.4588449372432,194.8108024613692,-0.0523684952853143,287.12040744347695,-96.0,0.06982466038041907,-0.017456165095104767,3.491233019020953,69.82466038041905,-0.034912330190209534,-0.06982466038041907,0.017456165095104767,0.0,0.0,70.4060563052859,458.5112947125579,-46.0,0.0,-108.0,-31.0,0.0,-32.0,-93.0,-65.0,-929.5590313645239,16.0,23.0,46.5,0.0,15.5,-271.4098588578827,-176.84367694953153,929.5590313645239,65.0,-176.84367694953153,108.0,-57.09957718166402,0.0,1496.5981,hclb
214,0.0,0.0,0.0,0.0,0.0,0.0,0.0,0.0,-0.00618432162325155,0.0,0.0,0.0,0.0,0.0,0.0,0.0,1000.0,0.0,0.0,-673.3959918618096,0.0,0.0,0.0,531.8238459623409,0.0,0.0,0.0,0.0,0.0,-1000.0,0.0,0.0,27.97225284848424,0.0,0.0,0.0,0.0,577.3639708534535,0.0,-1000.0,1000.0,0.0,0.0,376.8339808223594,0.0,0.0,0.0,220.06349209153512,0.0,-135.12702399128284,0.0,0.0,0.0,0.006802753785579263,0.0,0.0,0.0,0.0,0.0,0.0,287.60562224311906,0.0,576.8451422590979,0.0,0.0,0.0,0.0,0.0,481.26762477974756,227.30851277770563,0.0,0.0618432162325155,0.0,0.0,0.0,0.0,0.0,0.0,0.0,0.0,0.0,0.0,0.0,0.0,3.71059297395093,0.0,0.0,-173.40063010302708,499.99536175878256,-999.9907235175651,-0.0015460804058128874,0.0,0.0,0.0,1.855296486975465,0.0,1.855296486975465,-0.1991351562659247,866.3981713915429,0.0,0.0,128.0444313119967,-1000.0,0.0,0.0,-2.891073643641901,0.0,995.3926110547966,0.0,0.0,0.0,0.0,0.0,0.0,0.0,0.0,0.0,0.0,0.0,0.0,0.0,0.0,0.0,0.0,-1000.0,0.0,0.0,1.855296486975465,0.0,1.9171397032079802,0.0,0.0,-143.91526613706293,0.0,143.91526613706293,-143.91526613706293,0.0,0.0,0.0,-864.4507645022169,0.0,0.0,0.0,0.0,0.0,0.47619276499036933,0.00618432162325155,0.0,0.0,0.0,-98.04026004584989,0.0,0.0,0.0,0.0,0.0,-128.74782387362544,0.0,0.0,0.0,0.0,0.0,291.9422143138702,291.9422143138702,0.0,0.0,0.0,0.0,0.0,0.0,0.0,291.94839863549345,0.0,0.0,0.0,-793.9648902882132,0.0,0.0,0.0,0.0,0.0,0.0,0.0,0.0,0.0,0.0,0.0,0.0,0.0,0.0,0.0,-1000.0,0.0,0.0,0.0,0.0,0.0,135.12702399128284,0.0,499.99536175878256,-499.99536175878256,864.4507645022169,0.0,0.0,0.0,0.0,0.0,0.0,0.0,-838.9696444817068,0.0,0.0,0.0,0.0,0.0,0.0,0.0,0.0,0.0,0.0,0.0,0.0,0.0,131.2964579067313,57.51398869515051,0.0,0.0,0.0,0.0,0.0,-406.18542575672444,0.0,0.0,0.0,0.0,287.605622243119,-376.8339808223594,0.0,0.0,0.0,0.0,0.0,0.0,0.0,0.0,0.0,221.30035641618542,0.0,0.0,0.0,0.0,326.5947316557555,0.0,0.0,0.0,0.0,864.4507645022169,-22.487848235938372,0.0,0.0,0.0,-221.21001938602672,0.0,0.0,-309.75436658914583,0.0,0.0,-309.75436658914595,0.0,0.0,999.9907235175651,0.0,0.0,135.12702399128284,0.0,-441.01108141662064,0.0,0.0,0.0,-1000.0,0.0,1000.0,0.0,291.936029992247,0.0,0.0,-383.5953793798563,0.0,0.0,0.0,287.60562224311906,-0.009276482434870559,0.0,0.0,0.0,0.0,0.00618432162325155,0.0,0.0,0.0,539.879364767532,1000.0,0.0,-319.0349181402574,287.21455639391763,0.0,1000.0,0.0,21.075102736021165,0.0,-2.891073643641901,0.0,0.0,0.0,-0.5324700917619609,-12.21544357855106,-8.327189065708211,-643.5856526023998,-1000.0,0.0,0.0,0.0,0.0,0.0,0.0,0.0,0.0,0.0,0.0,0.0,0.0,0.0,0.0,0.0,0.0,0.0,-422.6112918600543,0.0,-1000.0,0.0,0.0,0.0,1000.0,0.0,0.0,-0.47619276499036933,0.0,866.3981713915429,0.0,0.0,127.73521523083411,-1000.0,0.0,-564.1768236965796,-739.1241653057665,530.9478187988035,0.0,173.71047728453655,0.0,0.0,0.0,0.0,516.7522193248258,738.9695572651852,-174.01969336569914,518.1774740193446,0.0,-1000.0,1000.0,-0.3092160811625775,1.855296486975465,1000.0,-1000.0,0.0,0.0,0.0,0.0,0.0,-131.2964579067313,131.2964579067313,131.2964579067313,94.65420931899159,0.0,0.0,0.0,0.0,0.0,0.0,0.0,0.0,-289.23952001597877,0.0,0.0,1.855296486975465,0.0,0.0,0.0,0.0,-42.381567837674844,0.012368643245736166,0.0,0.0,0.0,0.0,0.0,0.0,0.0,0.0,0.0,708.5761375574532,0.0,0.0,0.0,0.0,0.0,0.0,0.0,0.0,0.0,0.006802753785579263,0.006802753785579263,0.0,226.059593582081,0.0,3.71059297395093,0.0,236.78974743071086,0.0,1000.0,0.0,837.2525569136377,0.0,0.0,0.0,489.8237382012107,-1000.0,0.0,0.0,0.0,0.0,0.0,1.855296486975465,0.0,0.0,0.0,0.0,0.0,0.0,0.0,333.3333333333333,-539.879364767532,98.04026004584989,0.0,0.47619276499036933,0.0,0.0,0.0,-458.26533874549244,0.0,489.8237382012107,0.0,0.0,447.44217036353587,0.0,0.0,131.2964579067313,0.0,0.0,0.0,0.0,0.0,0.0,0.0,0.0,0.0,0.0,0.0,0.0,0.0,3.71059297395093,864.4507645022169,864.4507645022169,0.0,0.0,0.0,0.0,0.0,0.0,0.0,0.0,0.0,0.0,0.0618432162325155,0.0,0.0,0.0,0.0,0.0,0.0,0.0,0.0,1.855296486975465,0.0,0.0,0.0,0.0,0.0,0.0,0.0,0.0,0.0,0.0,-264.125456106637,0.0,0.0,1.855296486975465,1.855296486975465,1000.0,-1000.0,0.0,1.855296486975465,0.0,0.0,0.0,0.0,0.0,643.5856526023998,0.0,1000.0,0.00618432162325155,0.0,0.0,0.0,8.167280178021278,0.0,0.0,0.0,0.0,0.0,0.0,0.0,0.0,0.0,0.0,0.0,0.0,0.0,0.0,0.0,0.0,0.0,0.00618432162325155,0.0,0.0,0.0,0.0,0.0,0.0,0.0,0.0,0.0,0.0,865.9219786265525,0.0,0.0,-577.3887081399457,-0.4638241217438662,0.0,-0.3092160811625775,0.0,718.75,718.75,-718.75,0.0,0.0,0.0,0.0,0.0,0.0,0.0,864.4507645022169,0.0,0.0,0.0,-1000.0,0.0,0.0,0.0,-0.00618432162325155,0.0,0.0,0.00618432162325155,0.0,0.00618432162325155,0.0,0.0,0.0,3.71059297395093,7.54487238036689,7.54487238036689,0.0,0.0,0.0,0.0,0.0,0.0,0.0,98.04026004584989,0.0,0.0,0.0,0.0,0.0,0.0,0.0,0.0,0.0,0.0,0.0,0.0,0.0,0.0,0.0,0.0,0.0,0.0,0.0,458.26533874549244,0.0,0.0,0.0,0.009276482434870559,0.0,0.0,0.0,-1.855296486975465,0.0,0.0,0.0,0.0,0.0,-226.059593582081,0.3092160811625775,0.0,0.0,0.0,0.0,0.0,0.0,-0.3092160811625775,0.0,0.0,0.0,0.0,0.0,0.0,0.0,864.4507645022169,0.0,0.0,1000.0,94.76313567534969,0.0,161.8033957211996,-2.891073643641901,0.0,-0.47619276499036933,866.3981713915429,-865.9219786265525,0.0,-30.032720616305262,236.78974743071086,0.3092160811625775,1000.0,0.0,24.035984420931527,0.0,-289.23952001597877,-843.7500000000042,843.7500000000042,0.0,0.0,0.0,0.0,0.0,0.0,0.0,226.52341770382486,-227.4510659473126,7.54487238036689,0.0,0.0,0.0,0.0,0.0,0.0,0.0,0.0,0.0,0.0,0.0,0.0,0.0,-716.7434177354745,-177.33438422946762,0.0,1.855296486975465,0.0,0.0,0.0,0.0,-196.95177866995832,0.0,0.0,0.006802753785579263,0.0,0.0,0.0,3.772436190183445,0.0,0.0,0.0,0.0,57.51398869515051,0.0,0.0,0.0,0.0,0.0,0.0,0.0,0.0,1000.0,0.0,0.000618432162325155,0.000618432162325155,0.0,0.0,0.0,0.0,0.0,0.0,0.0,0.0,0.0,0.0,0.0,0.0,0.0,0.0,0.0,226.059593582081,0.0,0.0,0.0,0.0,0.0,0.0,0.0,135.12702399128284,0.0,0.0,0.0,0.0,326.60400813819035,1000.0,0.0,0.0,0.0,0.0,3.71059297395093,0.0,0.0,0.0,0.0,0.0,0.0,-3.71059297395093,0.0,0.0,0.0,0.0,0.0,0.0,0.0,0.0,0.0,0.0,0.0,0.0,-1000.0,-1000.0,4.236260311927312,-1000.0,998.1447035130245,0.0,577.3639708534535,0.0,0.0,0.0,0.0,0.0,0.0,0.0,0.0,0.0,0.0,0.0,0.0,0.0,0.0,0.0,0.0,236.78974743071086,-0.7730402029064437,864.4507645022169,-128.19903935257798,226.98724182556873,0.0,0.0,0.0,0.0,0.0,-0.07730402029064437,0.0,289.23952001597877,0.0,0.0,0.0,0.0,0.0,0.0,0.0,1000.0,1.855296486975465,1.855296486975465,0.0,0.0,0.0,0.0,0.0,0.006802753785579263,226.059593582081,0.0,0.0,-577.3639708534535,0.0,0.0,0.0,0.0,0.0,0.0,0.0,0.0,0.0,0.0,0.0,0.0,0.0,0.0,0.0,0.0,0.0,0.0,0.0,6.493537704414127,0.47619276499036933,0.0,0.0,0.0,0.0,0.0,226.059593582081,0.0,-0.1991351562659247,0.0,0.0,0.0,-0.7730402029064437,0.0,0.0,0.0,0.0,0.0,0.0,0.0,0.0,0.0,0.0,0.0,0.0,0.0,0.0,0.0,0.0,0.0,0.0,-0.00618432162325155,0.0,0.0,0.3092160811625775,-489.8237382012107,0.0,0.0,0.0,0.0,864.4507645022169,0.0,0.0,0.0,0.5324700917619609,0.15460804058128874,0.0,0.0,0.0,0.00618432162325155,0.0,6.18432162325155,-1.9171397032079802,1.23686432465031,0.04417372588036821,17.254257328871823,-0.004638241217438662,564.1768236965796,0.123686432465031,-0.030921608115477284,-17.254257328871823,1.855296486975465,-0.00618432162325155,0.9636912145473003,1.855296486975465,0.0015460804058128874,0.04417372588036821,-2.891073643641901,-0.9845440024188715,-0.123686432465031,-326.60400813819035,-0.00618432162325155,0.0015460804058128874,-17.254257328871823,0.618432162325155,0.00618432162325155,0.00618432162325155,-226.04660650667216,0.006802753785576704,-64.57167339887528,-0.004638241217438662,1.855296486975465,0.00618432162325155,1.855296486975465,-3.092160811625775,-0.003092160811625775,199.10164455978452,405.56080927277605,-0.004638241217438662,-0.00618432162325155,-1.9171397032079802,0.00618432162325155,0.618432162325155,-0.123686432465031,458.26533874549244,458.26533874549244,-0.618432162325155,326.60400813819035,-458.26533874549244,1.23686432465031,0.009276482434877324,-1000.0,0.618432162325155,-333.3333333333333,1.855296486975465,-1.23686432465031,0.003092160811625775,0.0618432162325155,79.75872953506435,96.0,-0.00618432162325155,-227.4510659473126,226.04660650667216,1.9171397032079802,0.00618432162325155,0.9845440024188715,-5.5658894609264,1.855296486975465,-0.00618432162325155,-0.0015460804058128874,-1.855296486975465,-0.00618432162325155,-42.381567837674844,0.006184321623379674,-0.0015460804058128874,-0.0015460804058128874,-0.0015460804058128874,2.47372864930062,3.092160811625775,0.0618432162325155,4.581809282625514,-0.0015460804058128874,158.55376785558138,0.3092160811625775,21.5,0.00618432162325155,0.003092160811625775,0.003092160811625775,1.5460804058128874,1.9171397032079802,0.00618432162325155,-1.9171397032079802,0.0618432162325155,0.00618432162325155,-4.581809282625514,0.00618432162325155,0.02473728649226814,0.030921608115477284,0.003092160811625775,0.0015460804058128874,1.855296486975465,-0.00618432162325155,64.57167339887528,0.0618432162325155,-9.163618565251,564.0222156559984,-0.618432162325155,1.23686432465031,0.3092160811625775,-0.00618432162325155,2.891073643641901,0.009276482434877324,-0.00618432162325155,-3.092160811625775,1.9171397032079802,345.0723918327633,0.003092160811625775,-43.0,-0.00618432162325155,-0.006184321623379674,-0.006184321623251554,0.003092160811625775,17.254257328871823,-1.23686432465031,0.00618432162325155,159.5174590701287,-0.0015460804058128874,-0.006802753785576704,-159.5174590701287,0.9276482434877323,-405.56080927277605,568.4146513065252,17.254257328871823,-0.004638241217438662,227.4510659473126,-96.0,0.00618432162325155,-0.001546080405812885,0.3092160811625775,6.18432162325155,-0.003092160811625775,-0.00618432162325155,0.0015460804058128874,372.3728377120042,0.0,999.9969078391883,0.0,-46.0,0.0,102.75972574191107,-31.0,0.0,-32.0,-93.0,-65.0,0.0,16.0,23.0,46.5,0.0,15.5,-226.059593582081,-148.12061316280497,0.0,65.0,-148.12061316280497,-102.75972574191107,53.85359152025616,0.0,1496.5981,hclb
215,0.0,0.0,0.0,0.0,0.0,0.0,0.0,0.0,-0.02156078204182065,0.0,0.0,0.0,0.0,0.0,0.0,0.0,151.5187018285048,347.3957503332449,0.0,0.0,0.0,0.0,0.0,12.412895623856173,0.0,0.0,0.0,0.0,0.0,-151.5187018285048,0.0,0.0,10.065759547674608,0.0,0.0,0.0,0.0,756.4073327566264,0.0,-1000.0,1000.0,0.0,0.0,-1000.0,0.0,0.0,0.0,0.0,1000.0,-780.3957802144561,0.0,0.0,0.0,0.02371686024632532,0.0,0.0,0.0,4.312156408364131,0.0,0.0,238.61212659171326,0.0,0.0,-482.92061179887867,0.0,0.0,0.0,0.0,973.3067861612839,-614.4706605046739,0.0,0.21560782041820656,0.0,0.0,0.0,0.0,0.0,0.0,0.0,0.0,0.0,0.0,0.0,0.0,12.936469225092393,0.0,0.0,-794.0569623533095,-155.99107876714825,600.4811951107122,-0.005390195510455163,0.0,0.0,395.4065055416217,6.468234612546197,0.0,6.468234612546197,-0.6942571817498902,0.0,0.0,0.0,1.0780391020910327,-151.5187018285048,0.0,0.0,-20.457747169200832,0.0,0.0,0.0,0.0,0.0,0.0,0.0,0.0,0.0,0.0,0.0,0.0,0.0,0.0,0.0,0.0,0.0,0.0,-1000.0,0.0,0.0,6.468234612546197,0.0,6.683842432964401,6.683842432964401,0.0,0.0,0.0,0.0,0.0,0.0,0.0,0.0,-721.5327383905919,0.0,0.0,0.0,0.0,0.0,1.6601802172201892,0.02156078204182065,0.0,0.0,0.0,-738.9030308396776,738.9030308396776,0.0,0.0,0.0,0.0,-233.3275752800136,0.0,0.0,0.0,0.0,0.0,406.4613096689686,406.4613096689686,0.0,0.0,0.0,0.0,975.2020115639438,0.0,0.0,406.48287045101046,0.0,0.0,0.0,-571.2844701930578,0.0,0.0,0.0,0.0,0.0,0.0,0.0,0.0,0.0,0.0,-1000.0,0.0,0.0,0.0,0.0,-402.72992739676255,0.0,0.0,0.0,0.0,0.0,780.3957802144561,0.0,-444.49011634356395,444.49011634356395,721.5327383905919,0.0,0.0,0.0,0.0,0.0,0.0,0.0,-942.0072541635917,0.0,0.0,0.0,0.0,0.0,0.0,0.0,0.0,0.0,0.0,0.0,0.0,0.0,249.04672321473814,-34.37568718327174,-1000.0,0.0,0.0,0.0,0.0,-326.12623284897023,0.0,0.0,0.0,0.0,238.61212659171326,0.0,0.0,0.0,0.0,0.0,0.0,0.0,0.0,0.0,0.0,0.0,0.0,0.0,657.9349120769679,946.4339496533835,-238.54707869687343,0.0,1000.0,0.0,0.0,721.5327383905919,-286.2562899886779,0.0,0.0,0.0,147.5140098269153,0.0,0.0,0.0,0.0,1000.0,-1000.0,1000.0,0.0,-600.4811951107122,0.0,-303.0374036570096,780.3957802144561,0.0,-321.8842387790133,0.0,0.0,0.0,-460.6902256931129,0.0,460.6902256931129,0.0,406.4397488869268,0.0,0.0,12.737010231151096,0.0,0.0,0.0,238.61212659171326,-0.03234117306273098,0.0,0.0,0.0,0.0,0.02156078204182065,0.0,0.0,0.0,0.8551872425946385,151.5187018285048,0.0,-231.24520693393947,197.49971716206662,0.0,930.7803910209103,0.0,1000.0,0.0,-20.457747169200832,0.0,0.0,0.0,453.1580855992789,-973.3067861612839,-479.85129943799495,-528.6976337662254,-1000.0,0.0,0.0,0.0,0.0,0.0,0.0,0.0,0.0,0.0,0.0,0.0,0.0,0.0,0.0,0.0,0.0,0.0,-243.50642411520656,0.0,-1000.0,0.0,0.0,0.0,0.0,0.0,0.0,-1.6601802172201892,0.0,0.0,0.0,0.0,0.0,0.0,0.0,0.0,0.0,0.0,0.0,-1.0780391020910327,0.0,-4.1947625143963805,0.0,-1.0780391020910327,-832.5479833220119,-0.5390195510455164,0.0,1000.0,0.0,-618.6933487537494,-156.25000000000014,-382.38469034834156,6.468234612546197,0.0,0.0,0.0,0.0,0.0,0.0,249.04672321473814,0.0,0.0,0.0,109.1455907608367,0.0,0.0,0.0,0.0,0.0,0.0,0.0,0.0,-244.30848520716543,0.0,0.0,75.68784359163587,0.0,0.0,0.0,0.0,-40.843921795817934,0.04312156408314828,0.0,0.0,0.0,0.0,0.0,0.0,0.0,235.28268465181122,0.0,358.83612565660997,0.0,0.0,0.0,0.0,0.0,0.0,0.0,0.0,0.0,0.02371686024632532,0.02371686024632532,0.0,340.734566806374,0.0,12.936469225092393,0.0,0.0,0.0,-162.27369279892272,0.0,0.0,0.0,0.0,0.0,412.1379334792249,162.27369279892272,0.0,0.0,0.0,0.0,0.0,75.68784359163587,0.0,0.0,0.0,0.0,0.0,0.0,0.0,333.3333333333333,-0.8551872425946385,0.0,0.0,1.6601802172201892,0.0,0.0,395.4065055416217,0.0,0.0,412.1379334792249,0.0,371.29401168340695,0.0,1000.0,-1000.0,249.04672321473814,0.0,0.0,0.0,0.0,0.0,0.0,0.0,0.0,0.0,0.0,0.0,0.0,0.0,12.936469225092393,721.5327383905919,721.5327383905919,0.0,0.0,0.0,0.0,0.0,0.0,0.0,0.0,0.0,0.0,0.21560782041820656,0.0,0.0,0.0,0.0,0.0,0.0,0.0,0.0,6.468234612546197,0.0,0.0,0.0,0.0,0.0,0.0,0.0,0.0,0.0,0.0,183.37027433652395,-1000.0,0.0,6.468234612546197,6.468234612546197,1000.0,162.27369279892272,0.0,75.68784359163587,0.0,0.0,0.0,0.0,0.0,-319.78366440526986,0.0,313.36761575779366,0.02156078204182065,0.0,0.0,-948.9946808730303,950.7334039391172,0.0,235.28268465181122,-395.4065055416217,0.0,0.0,0.0,0.0,0.0,0.0,0.0,0.0,0.0,0.0,0.0,0.0,0.0,0.0,0.02156078204182065,0.0,0.0,0.0,-1000.0,1000.0,0.0,0.0,0.0,0.0,-1.6601802172201892,0.0,0.0,0.0,-756.4935758847935,-1.6170586531365492,0.0,-1.0780391020910327,0.0,0.0,0.0,0.0,0.0,0.0,0.0,0.0,0.0,0.0,0.0,721.5327383905919,0.0,0.0,0.0,-1000.0,0.0,0.0,0.0,-0.02156078204182065,0.0,0.0,0.02156078204182065,0.0,0.02156078204182065,0.0,0.0,0.0,12.936469225092393,26.3041540910212,26.3041540910212,0.0,0.0,0.0,0.0,0.0,0.0,0.0,0.0,0.0,0.0,0.0,0.0,455.01446893307997,0.0,0.0,0.0,0.0,0.0,0.0,0.0,0.0,0.0,0.0,0.0,0.0,0.0,0.0,395.4065055416217,0.0,0.0,0.0,0.03234117306273098,0.0,0.0,0.0,-6.468234612546197,0.0,0.0,0.0,0.0,0.0,-340.734566806374,1.0780391020910327,0.0,0.0,0.0,0.0,-975.2020115639438,-0.6942571817498902,-1.0780391020910327,0.0,0.0,0.0,0.0,0.0,0.0,0.0,721.5327383905919,0.0,0.0,-436.1991301194931,91.68784359163587,0.0,60.68784359163587,-20.457747169200832,0.0,-0.6942571817498902,0.0,0.6942571817498902,0.0,-312.5604440796991,0.0,1.0780391020910327,1000.0,0.0,97.16582034966629,0.0,-244.30848520716543,0.0,0.0,-593.7500000000001,593.7500000000001,0.0,0.0,0.0,0.0,0.0,1000.0,-3.234117306273104,26.3041540910212,0.0,0.0,0.0,0.0,0.0,0.0,0.0,0.0,0.0,0.0,0.0,0.0,342.35162545951056,-360.57484872269674,534.0210877158025,0.0,6.468234612546197,0.0,0.0,0.0,0.0,-253.08333648444852,0.0,0.0,0.02371686024632532,0.0,0.0,0.0,13.1520770455106,0.0,0.0,0.0,0.0,-34.37568718327174,0.0,0.0,0.0,0.0,0.0,0.0,0.0,0.0,-21.38348089662304,0.0,0.002156078204182127,0.002156078204182127,0.0,0.0,0.0,0.0,0.0,0.0,0.0,0.0,0.0,-948.9946808730303,0.0,0.0,0.0,0.0,0.0,340.734566806374,0.0,0.0,0.0,0.0,0.0,0.0,0.0,780.3957802144561,0.0,0.0,0.0,0.0,1000.0,0.0,347.3957503332449,0.0,0.0,0.0,12.936469225092393,0.0,0.0,0.0,0.0,0.0,0.0,-12.936469225092393,0.0,0.0,0.0,0.0,0.0,0.0,0.0,0.0,0.0,0.0,0.0,0.0,-313.36761575779366,-1000.0,469.78360463172714,0.0,-6.468234612546197,0.0,756.4073327566264,0.0,0.0,0.0,0.0,0.0,0.0,0.0,0.0,0.0,0.0,0.0,0.0,0.0,0.0,0.0,0.0,0.0,-2.695097755227582,721.5327383905919,-1.6170586531365492,456.6315275862165,0.0,0.0,0.0,0.0,0.0,437.4218005074644,-437.69131028298716,244.30848520716543,0.0,0.0,0.0,0.0,0.0,0.0,0.0,1000.0,6.468234612546197,6.468234612546197,0.0,0.0,0.0,0.0,0.0,0.02371686024632532,340.734566806374,0.0,0.0,-756.4073327566264,0.0,0.0,0.0,0.0,0.0,0.0,0.0,0.0,0.0,0.0,0.0,0.0,0.0,0.0,0.0,0.0,0.0,6.683842432964401,0.0,22.638821143911688,1.6601802172201892,0.0,0.0,0.0,0.0,0.0,340.734566806374,0.0,0.0,0.0,0.0,0.0,-2.695097755227582,0.0,0.0,0.0,0.0,0.0,0.0,0.0,0.0,0.0,0.0,0.0,0.0,0.0,0.0,0.0,0.0,0.0,0.0,-0.02156078204182065,0.0,0.0,1.0780391020910327,-412.1379334792249,0.0,0.0,0.0,0.0,721.5327383905919,0.0,0.0,0.0,-453.1580855992789,0.5390195510455164,0.0,0.0,0.0,0.02156078204182065,0.0,21.56078204182065,0.0,4.312156408364131,0.15400558601300468,73.52226676260841,-0.016170586531365487,1.0780391020910327,0.43121564083641317,-0.10780391020887237,-73.52226676260841,6.468234612546197,-0.021560782041820655,6.8192490564002775,75.68784359163587,0.005390195510455163,0.15400558601300468,-20.457747169200832,-3.432476501061112,-0.4312156408364131,-498.9144521617497,-0.021560782041820655,0.005390195510455164,-73.52226676260841,2.1560782041820654,0.021560782041820655,0.02156078204182065,-340.68928916408584,0.023716860246002783,-9.994187005090975,-0.016170586531365487,6.468234612546197,0.021560782041820655,6.468234612546197,-10.780391020910328,-0.010780391020910328,284.23725662350625,323.94859386274635,-0.01617058653136549,-0.021560782041820693,0.0,0.02156078204182065,2.1560782041820654,-0.43121564083641317,395.4065055416217,395.4065055416217,-2.1560782041820654,498.9144521617497,-395.4065055416217,4.312156408364131,0.03234117306273098,-1000.0,2.1560782041820654,-333.3333333333333,75.68784359163587,-4.312156408364132,0.010780391020910326,0.21560782041820656,57.81130173348487,96.0,-0.02156078204182065,-345.58574276578366,340.68928916408584,6.683842432964401,0.021560782041820655,3.432476501061112,49.81490514145109,75.68784359163587,-0.02156078204182065,-0.005390195510455163,-75.68784359163587,-0.021560782041820655,-40.843921795817934,0.021560782041820655,-0.005390195510455163,-0.005390195510455163,-0.005390195510455163,8.624312816728262,10.780391020910328,0.21560782041820656,62.99016623982948,-0.005390195510455163,108.80335441056945,1.0780391020910327,21.5,0.02156078204182065,0.010780391020910326,0.010780391020910328,40.0,0.0,0.02156078204182065,0.0,0.21560782041820656,0.021560782041820655,-157.0228099290158,0.021560782041820655,0.08624312816715474,0.10780391020887237,0.010780391020910328,0.005390195510455164,6.468234612546197,-0.021560782041820655,9.994187005090975,0.21560782041820656,-125.98033247965895,0.5390195510455165,-2.1560782041820654,4.312156408364131,1.0780391020910327,-0.021560782041820655,20.457747169200832,0.032341173062730974,-0.021560782041820655,-80.0,0.0,371.86099075590596,0.010780391020910328,-43.0,-0.021560782041820655,-0.021560782041820655,-0.02156078204182065,0.010780391020910347,73.52226676260841,-4.312156408364131,0.02156078204182065,115.62260346696974,-0.005390195510455163,-0.023716860246002783,-115.62260346696974,3.2341173062730975,-323.94859386274635,597.2373619015859,73.52226676260841,-0.01617058653136549,345.58574276578366,-96.0,0.021560782041820655,-0.005390195510455161,1.0780391020910327,21.56078204182065,-0.010780391020910326,-0.021560782041820655,0.005390195510455163,0.0,0.0,999.989219608979,94.03264368918633,-46.0,0.0,428.481301763306,-31.0,0.0,-32.0,-93.0,-65.0,0.0,16.0,23.0,46.5,0.0,15.5,-340.734566806374,-118.77765427145745,0.0,65.0,-118.77765427145745,-428.481301763306,188.25515920883643,0.0,1496.5981,hclb
216,0.0,0.0,0.0,0.0,0.0,0.0,0.0,0.0,305.3637815597172,0.0,0.0,0.0,0.0,0.0,0.0,0.0,103.73558216349448,0.0,0.0,-409.114449463019,0.0,0.0,0.0,1000.0,0.0,0.0,0.0,0.0,0.0,-552.5693064657116,0.0,0.0,12.392894395348996,0.0,0.0,0.0,0.0,-248.30558471434625,0.0,-1000.0,1000.0,0.0,0.0,0.0,0.0,0.0,0.0,8.022631392015747,1000.0,0.0,0.0,0.0,0.0,0.07455170448247372,0.0,0.0,0.0,0.0,0.0,0.0,-5.96865464370823,0.0,0.0,-5.96865464370823,0.0,0.0,0.0,0.0,0.0,0.0,0.0,0.6777427680213876,0.0,0.0,0.0,0.0,0.0,0.0,0.0,0.0,0.0,0.0,-236.43604970373192,0.0,40.664566081283255,0.0,0.0,-388.8603062099611,20.254143253057947,959.4917134938842,-0.016943569200534688,0.0,0.0,863.2479449575583,20.332283040641627,0.0,20.332283040641627,0.0,0.0,0.0,0.0,422.06754278505827,-1000.0,0.0,0.0,-17.109294087323615,0.0,0.0,0.0,0.0,0.0,0.0,0.0,0.0,0.0,0.0,0.0,0.0,0.0,0.0,0.0,0.0,0.0,0.0,-702.2081933097294,0.0,0.0,20.332283040641627,0.0,21.010025808663016,21.010025808663016,0.0,0.0,0.0,0.0,0.0,0.0,0.0,0.0,0.0,0.0,0.0,0.0,0.0,0.0,241.65466901749662,0.06777427680213875,0.0,0.0,0.0,0.0,-833.6230462707616,0.0,0.0,236.43604970373192,0.0,521.2815232586172,0.0,0.0,0.0,0.0,0.0,-161.10734778780937,-161.10734778780937,0.0,0.0,0.0,468.75,925.6060346918313,0.0,0.0,-161.03957351100723,0.0,0.0,0.0,0.0,-77.13999097456633,0.0,0.0,0.0,0.0,0.0,0.0,0.0,0.0,0.0,0.0,0.0,0.0,0.0,0.0,-1000.0,0.0,0.0,0.0,0.0,0.0,0.0,0.0,20.254143253057947,-20.254143253057947,0.0,0.0,0.0,0.0,0.0,0.0,0.0,447.43069353428837,-123.40359368993337,0.0,0.0,0.0,0.0,0.0,0.0,0.0,0.0,0.0,0.0,0.0,0.0,0.0,295.51448352252544,817.7327569916172,-551.1662756977828,0.0,0.0,0.0,0.0,78.15479804298398,0.0,0.0,0.0,0.0,-5.96865464370823,-551.1662756977828,0.0,0.0,0.0,0.0,0.0,0.0,0.0,0.0,2.1823317130283613,21.577486752443498,0.0,0.0,1000.0,1000.0,631.3938370430968,0.0,551.1662756977828,0.0,0.0,0.0,-95.53992909209327,0.0,0.0,0.0,-230.54586429751964,0.0,0.0,-92.309788178762,907.6902118212381,0.0,-1000.0,0.0,-907.6902118212381,40.50828650611584,0.0,-1000.0,0.0,0.0,152.9554858523092,0.0,0.0,0.0,19.28830380692358,0.0,-19.28830380692358,0.0,0.0,0.0,0.0,0.0,468.75,0.0,0.0,-5.96865464370823,-0.10166141520320812,0.0,0.0,0.0,0.0,0.06777427680213875,0.0,0.0,0.0,899.330587203346,103.73558216349448,0.0,-1000.0,1000.0,77.13999097456633,981.5593657868018,0.0,5.835365232664267,0.0,-17.109294087323615,0.0,0.0,0.0,-5.835365232664267,0.0,0.0,-1000.0,-1000.0,0.0,0.0,0.0,0.0,0.0,0.0,0.0,0.0,0.0,0.0,0.0,0.0,0.0,0.0,0.0,0.0,0.0,-1000.0,0.0,-751.9655123928624,236.43604970373192,0.0,0.0,8.40245845109617,0.0,0.0,-243.83700073052498,0.0,0.0,0.0,0.0,418.6788289449513,0.0,0.0,0.0,0.0,0.0,0.0,0.0,-91.25806371407984,0.0,0.0,-216.9293575381307,177.79098437200128,-1.694356920053469,-3.388713840106938,-257.7317644522077,0.0,393.21127209257736,0.0,10.166141520320814,20.332283040641627,0.0,0.0,0.0,0.0,0.0,305.43155583651935,0.0,-295.51448352252544,295.51448352252544,295.51448352252544,96.55443872689587,0.0,0.0,-161.17512206461151,0.0,0.0,447.43069353428837,0.0,0.0,-11.93730928741646,0.0,-1000.0,38.772917253839886,0.0,0.0,0.0,0.0,-36.222572319786124,0.13554855360416695,0.0,0.0,0.0,0.0,0.0,0.0,0.0,0.0,0.0,0.0,0.0,0.0,0.0,0.0,0.0,0.0,0.0,0.0,0.0,0.07455170448247372,0.07455170448247372,0.0,377.9596281620977,0.0,40.664566081283255,0.0,0.0,0.0,-331.39288582568173,0.0,248.0552184992074,0.0,0.0,0.0,590.321321256668,331.39288582568173,0.0,0.0,0.0,0.0,0.0,38.772917253839886,0.0,0.0,0.0,0.0,0.0,0.0,0.0,234.06939776990978,-899.330587203346,833.6230462707616,0.0,5.218619313764691,0.0,863.2479449575583,0.0,-78.15479804298398,0.0,590.321321256668,0.0,0.0,554.098748936882,0.0,0.0,295.51448352252544,0.0,0.0,0.0,0.0,0.0,0.0,0.0,0.0,0.0,0.0,0.0,0.0,0.0,40.664566081283255,0.0,0.0,0.0,0.0,0.0,0.0,0.0,0.0,0.0,0.0,0.0,0.0,0.6777427680213876,0.0,0.0,0.0,0.0,0.0,0.0,0.0,0.0,20.332283040641627,0.0,0.0,0.0,0.0,0.0,0.0,0.0,0.0,0.0,0.0,932.9505338941683,62.29215210644889,0.0,20.332283040641627,20.332283040641627,1000.0,331.39288582568173,0.0,38.772917253839886,0.0,0.0,0.0,0.0,0.0,1000.0,447.43069353428837,783.962349223258,0.06777427680213875,0.0,0.0,0.0,5.465511322115333,0.0,0.0,-863.2479449575583,0.0,0.0,0.0,0.0,0.0,0.0,0.0,0.0,0.0,0.0,0.0,0.0,0.0,0.0,0.06777427680213875,0.0,0.0,0.0,0.0,0.0,0.0,0.0,0.0,0.0,0.0,-243.83700073052498,0.0,0.0,248.03448760713763,-5.083070760160389,0.0,-3.388713840106938,0.0,0.0,0.0,0.0,0.0,0.0,0.0,0.0,0.0,0.0,0.0,0.0,77.13999097456633,0.0,0.0,406.7661274530051,0.0,0.0,0.0,305.3637815597172,0.0,0.0,0.06777427680213875,0.0,0.06777427680213875,0.0,0.0,0.0,40.664566081283255,82.68461769860929,82.68461769860929,0.0,0.0,0.0,0.0,0.0,0.0,0.0,833.6230462707616,0.0,447.43069353428837,0.0,0.0,0.0,0.0,0.0,0.0,0.0,0.0,0.0,0.0,0.0,0.0,0.0,0.0,0.0,0.0,0.0,78.15479804298398,0.0,-436.7055254321632,436.7055254321632,0.10166141520320812,0.0,0.0,0.0,-20.332283040641627,0.0,0.0,0.0,0.0,0.0,-377.9596281620977,3.388713840106938,0.0,0.0,0.0,-468.75,-925.6060346918313,1000.0,-3.388713840106938,0.0,-1000.0,0.0,0.0,0.0,0.0,0.0,0.0,0.0,0.0,824.1457864350566,82.44514463957225,0.0,885.0681909103339,-17.10929408732362,0.0,756.162999269475,0.0,-756.162999269475,236.43604970373192,-178.22454679070256,0.0,3.388713840106938,1000.0,0.0,0.0,0.0,-11.93730928741646,0.0,0.0,0.0,0.0,0.0,0.0,0.0,0.0,0.0,383.0426989222581,-393.208840442579,82.68461769860929,0.0,0.0,0.0,0.0,0.0,0.0,0.0,0.0,0.0,2.1823317130283613,0.0,0.0,0.0,-5.465511322115333,-572.9600611034315,0.0,20.332283040641627,0.0,0.0,0.0,0.0,301.2098348429165,0.0,0.0,0.07455170448247372,0.0,0.0,0.0,41.342308849304644,0.0,0.0,0.0,0.0,817.7327569916172,0.0,0.0,0.0,0.0,0.0,0.0,0.0,0.0,-131.71501877641643,0.0,0.006777427680213943,0.006777427680213943,0.0,0.0,0.0,0.0,0.0,0.0,0.0,0.0,0.0,0.0,0.0,0.0,0.0,0.0,0.0,377.9596281620977,0.0,0.0,0.0,0.0,0.0,0.0,0.0,0.0,0.0,0.0,0.0,0.0,336.76171361457205,-538.4049987506021,0.0,0.0,0.0,0.0,40.664566081283255,0.0,0.0,0.0,0.0,0.0,0.0,-40.664566081283255,0.0,0.0,0.0,0.0,0.0,0.0,0.0,0.0,0.0,0.0,0.0,0.0,-783.962349223258,-1000.0,46.425379609465054,0.0,-20.332283040641627,0.0,-248.30558471434625,0.0,0.0,0.0,0.0,0.0,0.0,0.0,0.0,0.0,0.0,0.0,0.0,0.0,0.0,0.0,0.0,0.0,-8.471784600267327,0.0,-423.7618997051117,388.12576968241854,0.0,0.0,0.0,0.0,0.0,-0.8471784600267341,0.0,248.3733589911484,0.0,0.0,0.0,0.0,0.0,0.0,0.0,1000.0,20.332283040641627,20.332283040641627,0.0,0.0,0.0,0.0,0.0,0.07455170448247372,377.9596281620977,0.0,0.0,248.30558471434625,0.0,0.0,0.0,0.0,0.0,0.0,0.0,0.0,0.0,0.0,0.0,0.0,0.0,0.0,218.3527627160816,0.0,0.0,21.010025808663016,0.0,71.16299064224569,5.218619313764691,0.0,0.0,0.0,0.0,0.0,377.9596281620977,0.0,-1000.0,0.0,0.0,0.0,-8.471784600267327,0.0,0.0,0.0,0.0,0.0,0.0,0.0,0.0,0.0,0.0,0.0,0.0,0.0,0.0,0.0,0.0,0.0,0.0,-0.06777427680213875,0.0,0.0,3.388713840106938,-590.321321256668,0.0,0.0,0.0,0.0,0.0,0.0,0.0,0.0,5.835365232664267,1.694356920053469,0.0,0.0,0.0,0.06777427680213875,0.0,67.77427680213876,0.0,13.55485536042775,0.48410197715813397,231.11028389529318,-0.05083070760160406,216.9293575381307,1.3554855360427753,-0.33887138401075845,-231.11028389529318,20.332283040641627,-0.06777427680213875,5.7030980291078714,38.772917253839886,0.016943569200534688,0.48410197715813397,-17.109294087323615,-10.789664866900011,-1.3554855360427753,305.37886729952453,-0.06777427680213875,0.016943569200534688,-231.11028389529318,6.777427680213876,0.06777427680213875,0.06777427680213875,-377.8173021808131,0.0745517044823527,-14.396878540487876,-0.05083070760160406,20.332283040641627,0.06777427680213875,20.332283040641627,-33.88713840106938,-0.033887138401069376,-472.6660565434821,-85.0,-0.05083070760160406,-0.06777427680213875,0.0,0.06777427680213875,6.777427680213876,-1.3554855360427753,78.15479804298398,78.15479804298398,-6.777427680213876,-305.37886729952453,-78.15479804298398,13.554855360427752,0.10166141520320812,-484.7526072782796,6.777427680213876,-234.06939776990978,38.772917253839886,-13.554855360427752,0.033887138401069376,0.6777427680213876,250.0,96.0,-0.06777427680213875,-393.208840442579,377.8173021808131,21.010025808663016,0.06777427680213875,10.789664866900011,-42.55621490872632,38.772917253839886,-0.06777427680213875,-0.016943569200534688,-38.772917253839886,-0.06777427680213875,-36.222572319786124,0.06777427680196979,-0.016943569200534688,-0.016943569200534688,-0.016943569200534688,27.109710720855503,33.88713840106938,0.6777427680213876,81.77508444687204,-0.016943569200534688,494.2969019708921,3.388713840106938,21.5,0.06777427680213875,0.033887138401069376,0.033887138401069376,26.16388630713382,0.0,0.06777427680213875,0.0,0.6777427680213876,0.06777427680213875,-144.90071868904738,0.06777427680213875,0.27109710720867497,0.33887138401075845,0.033887138401069376,0.016943569200534688,20.332283040641627,-0.06777427680213875,14.396878540487876,0.6777427680213877,-163.5501688937441,215.2350006180772,-6.777427680213876,13.554855360427752,3.388713840106938,-0.06777427680213875,17.109294087323615,0.10166141520320812,-0.06777427680213875,-52.32777261426764,0.0,-124.2735769039227,0.033887138401069376,-43.0,-0.06777427680213875,-0.06777427680196979,-0.06777427680213875,0.033887138401069376,231.11028389529318,-13.554855360427752,0.06777427680213875,500.0,-0.016943569200534688,-0.0745517044823527,-500.0,10.166141520320812,85.0,153.47817479651172,231.11028389529318,-0.05083070760160406,393.208840442579,-96.0,0.06777427680213875,-0.016943569200534685,3.388713840106938,67.77427680213876,-0.033887138401069376,-0.06777427680213875,0.016943569200534688,676.0196826038778,0.0,-515.2812798601215,63.12563424217534,-46.0,0.0,-95.08001792470839,-31.0,0.0,-32.0,-93.0,-65.0,-1000.0,16.0,23.0,46.5,0.0,15.5,-377.9596281620977,-176.9362579389938,1000.0,65.0,-176.9362579389938,95.08001792470839,-29.650615348097972,0.0,1496.5981,hclb
217,0.0,0.0,0.0,0.0,0.0,0.0,0.0,0.0,-0.024803470463620973,0.0,0.0,0.0,0.0,0.0,0.0,0.0,328.0386166793477,-125.54437891301399,0.0,0.0,0.0,0.0,0.0,2.9385006165218783,0.0,0.0,0.0,0.0,0.0,0.0,273.63012438135667,-273.63012438135667,360.60381615406465,0.0,0.0,0.0,0.0,999.9007861181457,0.0,-1000.0,1000.0,0.0,0.0,0.0,0.0,0.0,0.0,0.0,-957.4461453526292,0.0,0.0,0.0,0.0,0.02728381751009225,0.0,0.0,0.0,4.960694092724195,0.0,0.0,-93.39440042594846,0.0,0.0,-93.39440042594846,0.0,0.0,0.0,0.0,0.0,14.882082278172584,0.0,0.24803470463620972,0.0,0.0,0.0,0.0,0.0,0.0,0.0,0.0,0.0,0.0,0.0,0.0,14.882082278172584,0.0,0.0,863.1891370992417,-905.7429917466126,811.4859834932251,0.0,0.0,0.0,820.9962121095342,7.441041139086292,0.0,7.441041139086292,-8.36875331055154,0.0,0.0,0.0,512.2940289461969,0.0,0.0,0.0,0.0,0.0,0.0,0.0,0.0,0.0,0.0,0.0,0.0,0.0,0.0,0.0,0.0,0.0,0.0,0.0,0.0,0.0,0.0,-388.6066575687254,0.0,0.0,7.441041139086292,0.0,7.6890758437225015,0.0,0.0,-731.8420111480231,0.0,731.8420111480231,-731.8420111480231,0.0,0.0,0.0,0.0,0.0,0.0,0.0,0.0,0.0,1.9098672256988147,0.024803470463620973,0.006200867615905243,0.0,0.0,0.0,0.0,0.0,0.0,0.0,0.0,74.20493525826845,0.0,0.0,0.0,0.0,0.0,666.6194515097847,666.6194515097847,0.0,0.0,0.0,0.0,351.410517675726,0.0,0.0,940.2743793616049,0.0,0.0,0.0,28.161750724360644,0.0,0.0,0.0,0.0,0.0,0.0,0.0,0.0,0.0,0.0,-904.6659058076708,0.0,0.0,0.0,0.0,-529.6106086685784,0.0,0.0,0.0,0.0,0.0,0.0,0.0,94.25700825338743,-94.25700825338743,0.0,0.0,0.0,0.0,0.0,0.0,0.0,0.0,56.938872099323184,0.0,0.0,0.0,0.0,0.0,0.0,0.0,0.0,0.0,0.0,0.0,0.0,0.0,282.13745974629785,-33.07861181455161,629.4075286732815,0.0,0.0,0.0,0.0,82.49484948317428,0.0,0.0,0.0,0.0,-93.39440042594846,629.4075286732815,273.63012438135667,0.0,0.0,0.0,0.0,0.0,0.0,0.0,266.06004281973384,0.0,0.0,0.0,1000.0,0.0,0.0,0.0,-629.4075286732815,0.0,0.0,0.0,-636.9683255987834,0.0,0.0,0.0,-48.10479716178472,0.0,0.0,-465.3028314396141,0.0,0.0,-465.30283143961407,0.0,0.0,-811.4859834932251,0.0,62.969637593760865,0.0,0.0,-13.293166889671852,0.0,0.0,0.0,41.525695730162866,0.0,-41.525695730162866,0.0,967.050716413514,0.0,0.0,0.0,0.0,0.0,0.0,-93.39440042594846,-0.03720520569543146,0.0,0.0,0.0,0.0,0.024803470463620973,0.0,0.0,0.0,173.61467522658398,328.0386166793477,0.0,-397.2139136435622,-155.05885859994697,0.0,945.2843010433432,0.0,0.0,0.0,0.0,0.0,0.0,0.0,980.8740439255017,-980.8740439255017,0.0,0.0,-960.5365917707124,0.0,0.0,0.0,0.0,0.0,0.0,0.0,0.0,0.0,0.0,0.0,0.0,0.0,0.0,0.0,0.0,0.0,632.8145252156434,0.0,-367.18547478435664,0.0,0.0,0.0,423.9796624649909,0.0,0.0,5.660214335924014,0.0,0.0,0.0,0.0,511.05385542301593,0.0,-31.25000000000003,531.2430675328155,-0.6200867615905243,980.8740439255017,0.0,-582.691256723067,-16.407495711685275,-1000.0,31.25000000000003,-1000.0,0.0,0.0,581.4510831998859,-393.554567176807,0.0,0.0,0.0,-1.2401735231810487,7.441041139086292,0.0,0.0,0.0,0.0,0.0,0.0,0.0,-282.13745974629785,282.13745974629785,282.13745974629785,-242.11266694403497,0.0,0.0,-26.825943992836443,0.0,0.0,0.0,0.0,0.0,-186.78880085189692,0.0,0.0,62.156740095743146,0.0,0.0,0.0,0.0,-40.5196529536379,0.04960694092721951,0.0,0.0,0.0,0.0,0.0,0.0,0.0,0.0,0.0,14.882082278172584,0.0,0.0,0.0,0.0,0.0,0.0,0.0,0.0,0.0,0.02728381751009225,0.02728381751009225,273.63012438135667,373.1767656535736,0.0,14.882082278172584,0.0,0.0,0.0,0.0,0.0,394.7077894779478,0.0,0.0,0.0,-64.44936025731397,0.0,0.0,0.0,0.0,0.0,0.0,62.156740095743146,0.0,0.0,0.0,0.0,0.0,0.0,0.0,129.53555252290846,-173.61467522658398,0.0,0.0,1.9098672256988147,0.0,0.0,820.9962121095342,738.5013626263599,0.0,-64.44936025731397,0.0,0.0,-104.96901321095187,0.0,0.0,282.13745974629785,0.0,0.0,0.0,0.0,0.0,0.0,0.0,0.0,0.0,0.0,0.0,0.0,0.0,14.882082278172584,0.0,0.0,0.0,0.0,0.0,0.0,0.0,0.0,0.0,0.0,0.0,0.0,0.24803470463620972,0.0,273.63012438135667,0.0,0.0,273.63012438135667,0.0,0.0,0.0,7.441041139086292,0.0,0.0,0.0,0.0,0.0,0.0,0.0,0.0,0.0,0.0,0.0,-521.4500038459026,0.0,7.441041139086292,7.441041139086292,0.0,0.0,0.0,62.156740095743146,0.0,0.0,0.0,0.0,0.0,-217.06700704509086,0.0,-168.65216650251088,0.024803470463620973,0.0,0.0,32.75652610013486,0.0,330.15197285131075,0.0,-820.9962121095342,0.0,0.0,0.0,0.0,0.0,0.0,0.0,0.0,0.0,0.0,0.0,0.0,0.0,0.0,0.024803470463620973,0.0,0.0,0.0,-862.3176872475142,862.3176872475142,0.0,0.0,0.0,0.0,0.0,5.6602143359240245,0.0,0.0,-1000.0,-1.8602602847715701,0.0,-1.2401735231810487,0.0,531.25,531.2499999999999,-531.25,0.0,0.0,0.0,0.0,0.0,0.0,0.0,0.0,0.0,0.0,0.0,0.0,0.0,0.0,0.0,-0.024803470463620973,0.0,0.0,0.024803470463620973,0.0,0.024803470463620973,0.0,0.0,0.0,14.882082278172584,30.260233965617587,30.260233965617587,0.0,0.0,0.0,0.0,0.0,0.0,0.0,0.0,0.0,0.0,0.0,0.0,355.95987938791666,627.049743344503,0.0,0.0,0.0,0.0,0.0,0.0,0.0,0.0,0.0,0.0,0.0,0.0,0.0,82.49484948317428,0.0,0.0,0.0,0.03720520569543146,0.0,0.0,0.0,-7.441041139086292,0.0,0.0,0.0,0.0,0.0,-373.1767656535736,1.2401735231810487,0.0,0.0,0.0,0.0,-351.410517675726,-235.94033154450477,-1.2401735231810487,0.0,0.0,0.0,0.0,0.0,0.0,0.0,0.0,0.0,0.0,-1000.0,91.0393059072758,0.0,60.0393059072758,330.15197285131075,0.0,-230.28011720858075,0.0,230.28011720858075,0.0,-667.2285595644009,0.0,1.2401735231810487,903.5988316960909,0.0,0.0,-273.63012438135667,-186.78880085189692,0.0,0.0,-406.2500000000108,406.2500000000108,0.0,0.0,0.0,0.0,0.0,919.7960227904796,-18.850637552352055,30.260233965617587,0.0,-85.14904896244059,-85.14904896244059,358.77917334379725,0.0,0.0,0.0,0.0,0.0,266.06004281973384,0.0,0.0,359.90690895553644,-47.638608378307445,754.0434673499655,0.0,7.441041139086292,0.0,0.0,0.0,0.0,-69.03339473516411,0.0,0.0,0.02728381751009225,0.0,0.0,0.0,15.130116982808794,0.0,0.0,0.0,0.0,-33.07861181455161,0.0,0.0,0.0,0.0,0.0,0.0,0.0,0.0,0.0,0.0,0.0024803470463620973,0.0024803470463620973,0.0,0.0,0.0,0.0,0.0,0.0,0.0,0.0,0.0,32.75652610013486,273.63012438135667,0.0,0.0,0.0,0.0,373.1767656535736,0.0,0.0,0.0,0.0,0.0,0.0,0.0,0.0,0.0,0.0,0.0,0.0,-144.80251484666155,-93.59675955351132,-125.54437891301399,0.0,0.0,0.0,14.882082278172584,0.0,0.0,0.0,0.0,0.0,753.4685979801508,-768.3506802583233,0.0,0.0,0.0,0.0,0.0,0.0,0.0,0.0,0.0,273.63012438135667,273.63012438135667,0.0,208.11557473179843,-217.06700704509086,1000.0,-545.6603257242926,538.2192845852063,0.0,999.9007861181457,0.0,0.0,0.0,0.0,0.0,0.0,0.0,0.0,0.0,0.0,0.0,0.0,0.0,0.0,0.0,0.0,0.0,-3.100433807952619,0.0,-512.9141157077876,1000.0,0.0,0.0,0.0,0.0,0.0,0.0,-0.31004338079526217,186.78880085189692,0.0,0.0,0.0,0.0,0.0,0.0,0.0,1000.0,7.441041139086292,7.441041139086292,0.0,0.0,0.0,0.0,0.0,0.02728381751009225,373.1767656535736,0.0,0.0,-999.9007861181457,0.0,0.0,0.0,0.0,0.0,0.0,0.0,0.0,0.0,0.0,0.0,0.0,0.0,0.0,0.0,0.0,0.0,0.0,0.0,26.04364398680202,0.0,0.0,1.9098672256988147,0.0,0.0,0.0,373.1767656535736,0.0,227.57157823395326,0.0,0.0,0.0,-3.100433807952619,0.0,0.0,0.0,0.0,0.0,0.0,0.0,0.0,0.0,0.0,0.0,0.0,0.0,0.0,0.0,0.0,0.0,0.0,-0.024803470463620973,0.0,0.0,1.2401735231810487,64.44936025731397,0.0,0.0,0.0,0.0,0.0,0.0,0.0,0.0,-980.8740439255017,0.6200867615905243,0.0,0.0,0.0,0.024803470463620973,0.0,24.80347046362097,-7.6890758437225015,4.960694092724195,0.17716764616872124,69.20168259350251,-0.01860260284771573,468.75693246718447,0.4960694092724195,-0.12401735231799194,-69.20168259350251,7.441041139086292,-0.024803470463620973,0.0,62.156740095743146,0.006200867615905243,0.17716764616872124,0.0,-3.9487124978085433,273.13405497208424,-202.4942377663337,-0.024803470463620973,0.006200867615905243,-69.20168259350251,2.4803470463620974,0.024803470463620973,0.024803470463620973,-373.12467836559995,0.02728381750998307,-70.97149625639177,-0.01860260284771573,7.441041139086292,0.024803470463620973,7.441041139086295,-12.401735231810488,-0.012401735231810486,-3.2334390018766803,-85.0,-0.01860260284771573,-0.024803470463620973,-7.689075843722501,0.024803470463620973,2.4803470463620974,-0.4960694092724195,82.49484948317428,82.49484948317428,-2.4803470463620974,202.4942377663337,-82.49484948317428,4.960694092724195,0.03720520569543146,264.4568289255567,2.4803470463620974,-129.53555252290846,62.156740095743146,-4.960694092724195,0.012401735231810486,0.24803470463620972,99.30347841089055,96.0,-0.024803470463620973,-378.7575465078885,373.12467836559995,7.6890758437225015,0.024803470463620973,3.9487124978085433,32.39257553939807,62.156740095743146,-0.024803470463620973,-0.006200867615905243,-62.156740095743146,-0.024803470463620973,-40.5196529536379,0.024803470463572074,-0.006200867615905243,-0.006200867615905243,-0.006200867615905243,9.92138818544839,12.401735231810488,0.24803470463620972,88.11996866317457,-0.006200867615905243,198.6069568217811,1.2401735231810487,21.5,0.024803470463620973,0.012401735231810486,0.012401735231810486,33.55871709423367,7.689075843722501,0.024803470463620973,-7.6890758437225015,0.24803470463620972,0.024803470463620973,-227.60736363005196,0.024803470463620973,0.09921388185432534,0.12401735231799194,0.012401735231810486,0.006200867615905243,7.441041139086292,-0.024803470463620973,70.97149625639177,-136.56702748604212,-176.23993732634915,468.136845705594,-2.4803470463620974,4.960694092724195,1.2401735231810487,-0.024803470463620973,0.0,0.03720520569543146,-0.024803470463620973,-67.11743418846734,7.689075843722501,314.34763772781275,0.012401735231810486,-43.0,-0.024803470463620973,-0.024803470463572074,-0.024803470463620976,0.012401735231810486,69.20168259350251,-4.960694092724195,0.024803470463620973,198.6069568217811,-0.006200867615905243,-0.02728381750998307,-198.6069568217811,3.7205205695431456,85.0,-115.21414418648936,69.20168259350251,-0.01860260284771573,378.7575465078885,-96.0,0.024803470463620973,-0.006200867615905242,1.2401735231810487,24.80347046362097,-0.012401735231810486,-0.024803470463620973,0.006200867615905243,0.0,0.0,-264.4692306607885,139.4873949668774,-46.0,0.0,-108.0,-31.0,0.0,-32.0,-93.0,-65.0,0.0,16.0,23.0,46.5,0.0,15.5,-373.1767656535736,-245.31424299264864,0.0,65.0,-245.31424299264864,108.0,-71.43646129288008,0.0,1496.5981,hclb
218,0.0,0.0,0.0,0.0,0.0,0.0,0.0,0.0,-0.035584495715685054,0.0,0.0,0.0,0.0,0.0,0.0,0.0,1000.0,146.42146545866137,0.0,-870.1410074371346,0.0,0.0,0.0,952.9572966638643,0.0,0.0,0.0,0.0,0.0,0.0,0.0,0.0,3.2793811482927273,0.0,0.0,0.0,0.0,999.8576620171377,0.0,-1000.0,611.6150645029454,0.0,0.0,0.0,0.0,0.0,0.0,0.0,-1000.0,0.0,0.0,0.0,0.0,0.039142945281355424,0.0,0.0,0.0,7.116899143137011,0.0,0.0,-229.37792710902568,0.0,305.53037115072146,0.0,0.0,0.0,0.0,0.0,0.0,0.0,0.0,0.35584495715685055,0.0,0.0,0.0,0.0,0.0,0.0,0.0,0.0,0.0,0.0,326.23888026158096,0.0,21.35069742941103,0.0,251.62826720023222,-3.3656099688572,0.0,-409.4516838096758,-0.008896123928921263,0.0,0.0,-290.56611830161194,10.675348714705516,0.0,10.675348714705516,0.0,583.4009447461539,0.0,326.23888026158096,1.7792247857842527,0.0,0.0,0.0,0.0,0.0,0.0,0.0,0.0,0.0,0.0,0.0,0.0,0.0,0.0,0.0,0.0,0.0,0.0,0.0,0.0,0.0,0.0,-374.5414910218326,0.0,0.0,10.675348714705516,0.0,11.031193671862365,0.0,0.0,316.62843352336085,0.0,-316.62843352336085,316.62843352336085,0.0,-93.7500000000313,93.7500000000313,-76.15244404169579,0.0,0.0,0.0,0.0,0.0,-71.87060689124107,0.035584495715685054,0.0,0.0,0.0,-384.56837240309983,0.0,0.0,0.0,0.0,0.0,139.01578864037816,0.0,0.0,0.0,0.0,0.0,127.83585975799434,127.83585975799434,0.0,0.0,0.0,281.25,0.0,0.0,0.0,127.87144425371002,0.0,0.0,0.0,-69.33324937635359,0.0,0.0,0.0,0.0,0.0,0.0,0.0,0.0,0.0,0.0,-121.83401637296981,0.0,0.0,0.0,0.0,-1000.0,0.0,0.0,0.0,0.0,0.0,0.0,0.0,590.4949394467508,-590.4949394467508,55.1656015090905,0.0,0.0,0.0,0.0,0.0,0.0,0.0,-561.9965887044978,0.0,0.0,0.0,0.0,0.0,0.0,0.0,0.0,0.0,0.0,0.0,0.0,0.0,132.77905540066484,355.8021706893739,0.0,0.0,0.0,0.0,20.986842532605287,-30.65534959090981,0.0,0.0,0.0,0.0,-229.37792710902568,0.0,0.0,0.0,0.0,0.0,0.0,0.0,0.0,0.0,607.6132300307761,0.0,0.0,0.0,590.4949394467508,0.0,-412.87067052210637,0.0,0.0,0.0,0.0,76.15244404169579,-956.5869152268642,0.0,0.0,0.0,-154.78460570722586,0.0,0.0,911.688764657942,0.0,1000.0,-88.3112353420579,1000.0,0.0,590.4949394467508,0.0,870.1410074371346,0.0,0.0,74.77049112858062,0.0,0.0,0.0,0.0,0.0,0.0,0.0,245.69109908545363,0.0,20.986842532605287,-246.9202184847053,281.25,0.0,0.0,-229.37792710902568,-0.05337674357352758,0.0,0.0,0.0,0.0,0.035584495715685054,0.0,0.0,0.0,357.2011693363378,1000.0,0.0,-551.1244016261388,534.8744785054254,0.0,528.4204698281826,0.0,1000.0,0.0,0.0,0.0,0.0,0.0,870.323798398429,-870.323798398429,-1000.0,-215.5838841258732,-1000.0,0.0,0.0,0.0,0.0,0.0,0.0,0.0,0.0,0.0,0.0,0.0,0.0,0.0,0.0,0.0,0.0,0.0,0.0,0.0,-1000.0,0.0,0.0,606.4674092687385,0.0,0.0,0.0,-535.742623139535,0.0,583.4009447461538,0.0,0.0,0.0,0.0,0.0,0.0,295.24972407106,870.323798398429,0.0,0.0,0.0,78.69785303928654,0.0,-1.779224785784253,-897.8516117338232,-296.1393364639521,-1.7792247857842527,-961.2266619521616,0.0,-175.43481029858688,973.4431524956999,0.0,10.675348714705516,0.0,0.0,0.0,0.0,0.0,0.0,0.0,-132.77905540066484,132.77905540066484,132.77905540066484,67.57548888431522,0.0,0.0,-872.7756254238717,0.0,0.0,0.0,0.0,0.0,-31.65176385928271,0.0,0.0,93.86994338946828,0.0,0.0,0.0,0.0,-39.4415504284315,0.07116899143139387,0.0,0.0,0.0,0.0,0.0,0.0,0.0,0.0,0.0,0.0,0.0,0.0,0.0,0.0,0.0,0.0,0.0,0.0,0.0,0.039142945281355424,0.039142945281355424,0.0,221.66215625752784,0.0,21.35069742941103,0.0,0.0,0.0,-328.1330542490393,0.0,0.0,251.62826720023222,0.0,0.0,546.2859965328544,328.1330542490393,0.0,0.0,0.0,0.0,0.0,93.86994338946828,0.0,0.0,0.0,0.0,0.0,0.0,0.0,124.8471636739442,-357.2011693363378,384.56837240309983,0.0,254.36827337033998,0.0,-290.56611830161194,0.0,-24.51025191818069,0.0,546.2859965328544,0.0,506.8444461044229,0.0,57.06568804470764,-57.06568804470764,132.77905540066484,0.0,0.0,0.0,0.0,0.0,0.0,0.0,0.0,0.0,0.0,0.0,0.0,0.0,21.35069742941103,76.15244404169579,76.15244404169579,0.0,0.0,0.0,0.0,0.0,0.0,0.0,0.0,0.0,0.0,0.35584495715685055,0.0,0.0,251.62826720023222,-251.62826720023222,0.0,0.0,0.0,0.0,10.675348714705516,0.0,0.0,0.0,0.0,0.0,0.0,0.0,0.0,0.0,0.0,0.0,0.0,0.0,10.675348714705516,10.675348714705516,1000.0,328.1330542490393,0.0,93.86994338946828,0.0,0.0,0.0,0.0,0.0,-784.4161158741268,0.0,-629.1867039704549,0.035584495715685054,0.0,0.0,0.0,46.99441009195006,0.0,0.0,290.56611830161194,0.0,0.0,0.0,0.0,0.0,0.0,0.0,0.0,0.0,0.0,0.0,0.0,0.0,0.0,0.035584495715685054,0.0,0.0,0.0,-637.2625010929901,637.2625010929901,0.0,0.0,0.0,0.0,0.0,1000.0,0.0,-345.8742691246427,-1000.0,-2.6688371786763794,-1.7792247857842527,0.0,0.0,0.0,0.0,0.0,0.0,0.0,0.0,0.0,0.0,0.0,0.0,76.15244404169579,0.0,0.0,0.0,-173.65558551280262,0.0,0.0,0.0,-0.035584495715685054,0.0,0.0,0.035584495715685054,0.0,0.035584495715685054,0.0,0.0,0.0,21.35069742941103,43.413084773135765,43.413084773135765,0.0,0.0,0.0,0.0,0.0,0.0,0.0,384.56837240309983,0.0,0.0,0.0,0.0,0.0,873.3876234795434,0.0,0.0,0.0,0.0,0.0,0.0,0.0,0.0,0.0,0.0,0.0,0.0,0.0,24.51025191818069,0.0,0.0,0.0,0.05337674357352758,0.0,0.0,0.0,-10.675348714705516,0.0,0.0,0.0,0.0,0.0,-221.66215625752784,1.7792247857842527,0.0,0.0,0.0,-281.25,0.0,-393.53259073126156,0.0,0.0,0.0,0.0,0.0,0.0,0.0,0.0,76.15244404169579,0.0,0.0,385.7158018019222,88.883100856863,0.0,442.4514732599628,0.0,0.0,-929.2752138707965,929.2752138707965,0.0,0.0,-1000.0,0.0,1.7792247857842527,610.0690317511912,0.0,0.0,0.0,-534.9082982597472,0.0,0.0,0.0,0.0,0.0,0.0,0.0,0.0,0.0,116.49634201561702,0.0,43.413084773135765,0.0,0.0,0.0,0.0,0.0,0.0,0.0,0.0,0.0,607.6132300307761,0.0,0.0,229.668667793557,-46.99441009195006,0.0,0.0,10.675348714705516,251.62826720023222,0.0,0.0,0.0,18.6056685901292,0.0,0.0,0.039142945281355424,0.0,0.0,0.0,21.706542386567882,0.0,0.0,0.0,0.0,355.8021706893739,0.0,0.0,0.0,0.0,0.0,0.0,0.0,0.0,-76.42476723442206,0.0,0.003558449571568607,0.003558449571568607,0.0,0.0,0.0,0.0,0.0,0.0,0.0,0.0,0.0,0.0,0.0,0.0,0.0,0.0,0.0,221.66215625752784,0.0,0.0,0.0,0.0,0.0,0.0,0.0,0.0,0.0,0.0,0.0,503.25653440046443,0.0,1000.0,146.42146545866137,0.0,0.0,0.0,21.35069742941103,0.0,0.0,0.0,0.0,0.0,0.0,-21.35069742941103,0.0,503.25653440046443,0.0,0.0,0.0,0.0,0.0,0.0,0.0,0.0,0.0,0.0,629.1867039704549,-1000.0,897.7630030447878,0.0,-10.675348714705516,0.0,999.8576620171377,0.0,0.0,0.0,0.0,0.0,0.0,0.0,0.0,0.0,46.87500000000001,0.0,-46.87500000000001,-46.87500000000001,0.0,0.0,0.0,0.0,-4.448061964460632,76.15244404169579,-2.6688371786763794,870.718786300867,0.0,0.0,0.0,0.0,0.0,-0.4448061964460632,0.0,31.65176385928271,0.0,0.0,0.0,0.0,0.0,0.0,0.0,1000.0,10.675348714705516,10.675348714705516,0.0,0.0,0.0,0.0,0.0,0.039142945281355424,221.66215625752784,0.0,0.0,-999.8576620171377,0.0,0.0,0.0,0.0,0.0,0.0,0.0,0.0,0.0,0.0,0.0,0.0,0.0,0.0,0.0,0.0,0.0,0.0,0.0,37.3637205014693,254.3682733703399,0.0,0.0,0.0,0.0,0.0,221.66215625752784,0.0,998.2207752142158,0.0,0.0,0.0,-4.448061964460632,0.0,0.0,0.0,0.0,0.0,0.0,0.0,0.0,0.0,0.0,0.0,0.0,0.0,0.0,0.0,0.0,0.0,0.0,-0.035584495715685054,0.0,0.0,1.7792247857842527,-546.2859965328544,0.0,0.0,0.0,0.0,76.15244404169579,0.0,0.0,0.0,-870.323798398429,0.8896123928921267,0.0,0.0,0.0,0.035584495715685054,0.0,35.58449571568505,-11.031193671862365,7.116899143137011,0.25417496939775036,99.28074304676129,-0.02668837178676379,1.779224785784253,0.7116899143137011,-0.1779224785779579,-99.28074304676129,10.675348714705516,-0.035584495715685054,0.0,93.86994338946828,0.008896123928921263,0.25417496939775036,0.0,-257.29331891816173,-0.7116899143137011,-276.2804580215268,-0.035584495715685054,0.008896123928921263,-99.28074304676129,3.5584495715685054,0.035584495715685054,0.035584495715685054,-221.5874288165308,-251.58912425494495,-42.72093157672424,-0.02668837178676379,10.675348714705516,0.035584495715685054,10.675348714705516,-17.792247857842526,-0.017792247857842527,-96.29485706365392,27.06131552362562,-0.02668837178676379,-0.035584495715685054,-11.031193671862365,0.035584495715685054,3.5584495715685054,-0.7116899143137011,24.51025191818069,24.51025191818069,-3.5584495715685054,276.2804580215268,-24.51025191818069,7.116899143137011,0.05337674357352758,-1000.0,3.5584495715685054,-124.8471636739442,93.86994338946828,-7.116899143137011,0.017792247857842527,0.35584495715685055,137.7811004065347,96.0,-0.035584495715685054,-229.668667793557,221.5874288165308,11.031193671862365,0.035584495715685054,257.29331891816173,51.16854853064631,93.86994338946828,-0.035584495715685054,-0.008896123928921263,-93.86994338946828,-0.035584495715685054,-39.4415504284315,0.03558449571557137,-0.008896123928921263,-0.008896123928921263,-0.008896123928921263,14.233798286274022,17.792247857842526,0.35584495715685055,26.363663263347647,-0.008896123928921263,275.5622008130694,1.7792247857842527,21.5,0.035584495715685054,0.017792247857842527,0.017792247857842527,40.0,11.031193671862365,0.035584495715685054,-11.031193671862365,0.35584495715685055,0.035584495715685054,-26.363663263347647,0.035584495715685054,0.14233798286227284,0.1779224785779579,0.017792247857842527,0.008896123928921263,10.675348714705516,-0.035584495715685054,42.72093157672424,0.35584495715685055,-52.72732652669529,0.8896123928921265,-3.5584495715685054,7.116899143137011,1.7792247857842527,-0.035584495715685054,0.0,0.05337674357352758,-0.035584495715685054,-80.0,11.031193671862365,156.41467781188433,0.017792247857842527,-43.0,-0.035584495715685054,-0.03558449571557137,-0.035584495715685054,0.017792247857842527,99.28074304676129,-7.116899143137011,0.035584495715685054,275.5622008130694,-0.008896123928921263,251.58912425494495,-275.5622008130694,5.337674357352758,-27.06131552362562,687.2207281210332,99.28074304676129,-0.02668837178676379,229.668667793557,-96.0,0.035584495715685054,-0.008896123928921262,1.7792247857842527,35.58449571568505,-0.017792247857842527,-0.035584495715685054,0.008896123928921263,0.0,0.0,818.9389521150672,0.0,-46.0,0.0,22.350800993576,-4.065798503603469,0.0,-32.0,-74.69238802745224,-65.0,-181.04325563707494,16.0,23.0,37.34619401372612,0.0,2.0328992518017346,-221.66215625752784,-175.02034640201353,181.04325563707494,65.0,-175.02034640201353,-22.350800993576,-16.188098554319406,0.0,1496.5981,hclb
219,0.0,0.0,0.0,0.0,0.0,0.0,0.0,0.0,311.1653021243161,0.0,0.0,0.0,0.0,0.0,0.0,0.0,-124.11855734615014,-444.3934917081406,0.0,1000.0,0.0,0.0,0.0,952.9980293797978,0.0,460.3655925728735,0.0,0.0,0.0,-832.8791003469566,0.0,0.0,19.414898445380732,0.0,0.0,0.0,0.0,999.8840808740023,0.0,-1000.0,1000.0,0.0,0.0,501.39288495080706,0.0,0.0,588.734808191815,0.0,455.60477274229976,0.0,0.0,0.0,0.0,0.03187775964930804,0.0,0.0,0.0,0.0,0.0,0.0,-330.228099568417,0.0,308.5840397550427,-21.644059813374326,686.7569887200327,0.0,0.0,0.0,92.51220514508539,0.0,0.0,0.28979781499419766,0.0,0.0,0.0,0.0,0.0,0.0,0.0,206.8626815101056,0.0,0.0,0.0,0.0,17.38786889965186,0.0,327.6759468110349,-517.7927630614975,-186.35001733759697,124.16202701839927,-0.007244945374854941,0.0,0.0,82.0730420685586,8.69393444982593,0.0,8.69393444982593,0.0,721.5176592114241,0.0,0.0,1.4489890749709882,-832.8791003469566,0.0,0.0,-10.944648383482143,425.8645791110394,0.0,0.0,0.0,0.0,0.0,0.0,0.0,0.0,0.0,0.0,0.0,0.0,0.0,0.0,0.0,0.0,0.0,-858.6285308681936,0.0,0.0,8.69393444982593,0.0,8.983732264820127,8.983732264820127,0.0,0.0,0.0,0.0,0.0,0.0,-31.250000000010438,31.250000000010438,0.0,0.0,0.0,0.0,0.0,0.0,329.9073899864903,0.028979781499419766,0.0,0.0,0.0,0.0,-425.8645791110394,0.0,0.0,0.0,0.0,-15.526328383221298,0.0,0.0,0.0,0.0,0.0,394.3220120227892,394.3220120227892,0.0,0.0,0.0,0.0,529.4984982597541,0.0,0.0,394.3509918042886,0.0,0.0,0.0,-452.6704485574867,0.0,0.0,0.0,0.0,0.0,0.0,0.0,0.0,0.0,0.0,-283.441747395843,0.0,0.0,0.0,0.0,-344.7453257731993,0.0,0.0,0.0,0.0,0.0,0.0,0.0,62.187990319197695,-62.187990319197695,0.0,0.0,0.0,0.0,0.0,0.0,0.0,0.0,-944.4184289873115,0.0,0.0,0.0,0.0,0.0,0.0,0.0,0.0,0.0,0.0,0.0,0.0,0.0,92.67287379446455,-31.408087400232095,501.39288495080706,0.0,0.0,0.0,0.0,82.0730420685586,0.0,0.0,0.0,0.0,-330.228099568417,0.0,0.0,0.0,0.0,0.0,0.0,0.0,0.0,0.0,0.9331489642808037,5.795956299883953,0.0,0.0,0.0,-248.53800765679472,0.0,0.0,-501.39288495080706,0.0,0.0,0.0,0.0,0.0,0.0,0.0,-166.7586523843006,0.0,0.0,-583.5008651988004,0.0,0.0,-583.5008651988005,0.0,0.0,-124.16202701839927,0.0,679.9824889302549,0.0,0.0,16.748012844462778,0.0,0.0,0.0,0.0,0.0,0.0,0.0,1000.0,0.0,0.0,0.0,0.0,0.0,0.0,-330.228099568417,-0.04346967224912964,0.0,0.0,0.0,0.0,0.028979781499419766,0.0,0.0,0.0,253.04520029053393,-124.11855734615014,0.0,-348.09872648113316,183.52779970233087,0.0,991.7948812654278,0.0,-467.81395463698493,0.0,-10.944648383482143,0.0,0.0,0.0,301.3788624978488,166.43509213913612,0.0,-1000.0,-1000.0,0.0,0.0,0.0,0.0,0.0,0.0,0.0,0.0,0.0,0.0,0.0,0.0,0.0,0.0,0.0,0.0,0.0,0.0,0.0,-1000.0,0.0,0.0,0.0,0.0,0.0,0.0,-330.8405389507711,0.0,721.5176592114241,0.0,0.0,0.0,0.0,0.0,-74.21213488177624,0.0,-258.9472972842215,-429.632614082293,0.0,-871.5192879520055,528.623990478088,0.0,72.76314580680526,535.2456059759617,-0.7244945374854941,-1.4489890749709882,0.0,0.0,220.75729538096772,0.0,0.0,8.69393444982593,0.0,0.0,0.0,0.0,0.0,311.1942819058155,0.0,-92.67287379446455,92.67287379446455,92.67287379446455,98.14869208359819,0.0,0.0,-1000.0,0.0,0.0,0.0,0.0,0.0,-5.104305514764178,0.0,0.0,16.899053184398127,0.0,0.0,0.0,0.0,-40.10202185005802,0.05795956299884859,0.0,0.0,0.0,0.0,0.0,0.0,0.0,0.0,0.0,92.51220514508539,0.0,0.0,0.0,0.0,0.0,0.0,0.0,0.0,0.0,0.03187775964930804,0.03187775964930804,0.0,182.8769174945806,0.0,17.38786889965186,0.0,0.0,0.0,1000.0,0.0,0.0,327.6759468110349,0.0,0.0,531.7746190892246,-1000.0,0.0,0.0,0.0,0.0,0.0,16.899053184398127,0.0,0.0,0.0,0.0,0.0,0.0,0.0,286.2095102893979,-253.04520029053393,0.0,0.0,329.9073899864903,0.0,0.0,82.0730420685586,0.0,0.0,531.7746190892246,0.0,-207.5167658169214,699.189363056088,0.0,0.0,92.67287379446455,0.0,0.0,0.0,0.0,0.0,0.0,0.0,0.0,0.0,0.0,0.0,0.0,0.0,17.38786889965186,0.0,0.0,0.0,0.0,0.0,0.0,0.0,0.0,0.0,0.0,0.0,0.0,0.28979781499419766,0.0,0.0,327.6759468110349,-327.6759468110349,0.0,0.0,0.0,0.0,8.69393444982593,0.0,0.0,0.0,0.0,0.0,0.0,0.0,0.0,0.0,0.0,961.7499233926226,0.0,0.0,8.69393444982593,8.69393444982593,1000.0,-1000.0,0.0,16.899053184398127,0.0,0.0,0.0,0.0,0.0,832.8791003469566,0.0,1000.0,0.028979781499419766,0.0,0.0,0.0,2.337012379488922,0.0,0.0,-82.0730420685586,0.0,0.0,0.0,0.0,0.0,0.0,0.0,0.0,0.0,0.0,0.0,0.0,0.0,0.0,0.028979781499419766,0.0,0.0,0.0,0.0,0.0,0.0,0.0,0.0,0.0,0.0,390.677120260653,0.0,0.0,-1000.0,-2.1734836124564825,-1.4489890749709882,0.0,0.0,0.0,0.0,0.0,0.0,0.0,0.0,0.0,0.0,0.0,0.0,0.0,0.0,0.0,0.0,222.20628445593871,0.0,0.0,0.0,311.1653021243161,0.0,0.0,0.028979781499419766,0.0,0.028979781499419766,0.0,0.0,0.0,17.38786889965186,35.35533342929211,35.35533342929211,0.0,0.0,0.0,0.0,0.0,0.0,0.0,0.0,0.0,0.0,0.0,0.0,0.0,303.8740216849488,0.0,0.0,0.0,0.0,0.0,0.0,0.0,0.0,0.0,0.0,0.0,0.0,0.0,82.0730420685586,0.0,-686.9537249111204,686.9537249111204,0.04346967224912964,0.0,0.0,0.0,-8.69393444982593,0.0,0.0,0.0,0.0,0.0,-182.8769174945806,1.4489890749709882,0.0,0.0,0.0,0.0,-529.4984982597541,-1.4489890749709957,0.0,0.0,0.0,0.0,0.0,0.0,0.0,0.0,0.0,0.0,0.0,896.5759345084621,90.20404370011605,0.0,59.204043700116046,-10.944648383482143,0.0,-332.2895280257421,721.5176592114241,-389.228131185682,0.0,-35.35533342929211,0.0,1.4489890749709882,1000.0,0.0,147.0819482105052,0.0,-660.456199136834,0.0,0.0,0.0,0.0,0.0,0.0,0.0,0.0,0.0,468.49214850288007,-189.39736833195013,35.35533342929211,0.0,0.0,0.0,0.0,0.0,0.0,0.0,0.0,0.0,0.9331489642808037,0.0,0.0,0.0,-94.84921752457431,-813.9555068007732,0.0,8.69393444982593,327.6759468110349,0.0,0.0,0.0,-180.39778252530326,0.0,0.0,0.03187775964930804,0.0,0.0,0.0,17.677666714646055,0.0,0.0,0.0,0.0,-31.408087400232095,0.0,425.8645791110394,0.0,0.0,0.0,0.0,0.0,0.0,0.0,0.0,0.0028979781499418986,0.0028979781499418986,0.0,0.0,0.0,0.0,0.0,0.0,0.0,0.0,0.0,0.0,0.0,0.0,0.0,0.0,0.0,182.8769174945806,0.0,0.0,0.0,0.0,0.0,0.0,0.0,0.0,0.0,0.0,0.0,655.3518936220698,1000.0,887.3501469802544,-444.3934917081406,0.0,0.0,0.0,17.387868899651835,0.0,0.0,0.0,0.0,0.0,982.6121311003482,-1000.0,0.0,655.3518936220698,0.0,0.0,0.0,0.0,0.0,0.0,0.0,0.0,0.0,0.0,-1000.0,-1000.0,323.7251720120513,0.0,-8.69393444982593,0.0,999.8840808740023,0.0,0.0,0.0,0.0,0.0,0.0,0.0,0.0,0.0,0.0,0.0,0.0,0.0,0.0,0.0,0.0,0.0,-3.6224726874274706,0.0,-2.1734836124564825,491.0979064044423,0.0,0.0,0.0,0.0,0.0,312.8075895638764,-313.1698368326191,5.104305514764178,0.0,0.0,0.0,0.0,0.0,0.0,0.0,1000.0,8.69393444982593,8.69393444982593,0.0,0.0,0.0,0.0,206.8626815101056,0.03187775964930804,182.8769174945806,0.0,0.0,-999.8840808740023,0.0,0.0,0.0,0.0,0.0,0.0,0.0,0.0,0.0,0.0,0.0,0.0,0.0,0.0,113.29406616912345,0.0,0.0,8.983732264820127,0.0,30.428770574390754,329.9073899864903,0.0,0.0,0.0,0.0,0.0,182.8769174945806,0.0,0.0,0.0,0.0,0.0,-3.6224726874274706,0.0,0.0,0.0,0.0,0.0,0.0,0.0,0.0,0.0,0.0,0.0,0.0,0.0,0.0,0.0,0.0,0.0,0.0,-0.028979781499419766,0.0,0.0,1.4489890749709882,-531.7746190892246,0.0,0.0,0.0,0.0,0.0,0.0,0.0,0.0,-301.3788624978488,0.7244945374854941,0.0,0.0,460.3655925728735,0.028979781499419766,0.0,28.97978149941976,0.0,5.7959562998839536,0.20699843928156975,98.82105491302138,-0.02173483612456482,1.4489890749709846,0.5795956299883953,-0.1448989074971223,-98.82105491302138,8.69393444982593,-0.028979781499419766,3.648216127827381,16.899053184398127,0.007244945374854941,0.20699843928156975,-10.944648383482143,-332.2895280257421,-0.5795956299883953,-431.48795094570926,-0.028979781499419766,0.007244945374854941,-98.82105491302138,2.8979781499419763,0.028979781499419766,0.028979781499419766,-182.81605995343185,-327.64406905138554,-37.62762352847446,-0.02173483612456482,8.69393444982593,0.028979781499419766,8.69393444982593,-14.489890749709883,-0.014489890749709883,75.04324867866005,-85.0,-0.02173483612456482,-0.028979781499419766,0.0,0.028979781499419766,2.8979781499419763,-0.5795956299883953,82.0730420685586,82.0730420685586,-2.8979781499419763,431.48795094570926,-82.0730420685586,5.795956299883953,0.04346967224912964,-976.764410275185,2.8979781499419763,-286.2095102893979,16.899053184398127,-5.795956299883953,0.014489890749709883,0.28979781499419766,87.02468162028329,96.0,-0.028979781499419766,-189.39736833195013,182.81605995343185,8.983732264820127,0.028979781499419766,332.2895280257421,-17.876684614905628,16.899053184398127,-0.028979781499419766,-0.007244945374854941,-16.899053184398127,-0.028979781499419766,-465.9666009610974,0.028979781499533452,-0.007244945374854941,-0.007244945374854941,-0.007244945374854941,11.591912599767905,14.489890749709883,0.28979781499419766,21.470395618381446,-0.007244945374854941,170.4011471127392,1.4489890749709882,21.5,0.028979781499419766,0.014489890749709883,0.014489890749709883,11.34750474214104,0.0,0.028979781499419766,0.0,0.28979781499419766,0.028979781499419766,-21.470395618381446,0.028979781499419766,0.11591912599772058,0.1448989074971223,0.014489890749709883,0.007244945374854941,8.69393444982593,-0.028979781499419766,37.62762352847446,0.28979781499419766,-42.94079123676289,0.7244945374854979,-2.8979781499419763,5.795956299883953,1.4489890749709882,-0.028979781499419766,10.944648383482143,0.04346967224912964,-0.028979781499419766,-22.69500948428208,0.0,210.89256562943868,0.014489890749709883,-43.0,-0.028979781499419766,-0.028979781499533452,-0.028979781499419766,0.014489890749709883,98.82105491302138,-5.795956299883953,0.028979781499419766,174.04936324056658,-0.007244945374854941,327.64406905138554,-174.04936324056658,4.346967224912964,85.0,478.8002753300325,98.82105491302138,-0.02173483612456482,189.39736833195013,-96.0,0.028979781499419766,-0.007244945374854941,1.4489890749709882,28.97978149941976,-0.014489890749709883,-0.028979781499419766,0.007244945374854941,352.8715579813279,0.0,976.7499203844353,0.0,-46.0,0.0,363.62835160938266,-31.0,0.0,-32.0,-93.0,-65.0,0.0,16.0,23.0,46.5,0.0,15.5,-182.8769174945806,-30.494783104135433,0.0,65.0,-30.494783104135433,-363.62835160938266,189.30352903717315,0.0,1496.5981,hclb
220,0.0,0.0,0.0,0.0,0.0,0.0,0.0,0.0,-0.03398333599656995,0.0,0.0,0.0,0.0,0.0,0.0,0.0,0.0,0.0,0.0,115.74114395189923,0.0,0.0,0.0,0.0,0.0,0.0,0.0,0.0,0.0,0.0,200.18830539323014,-200.18830539323014,20.622208343642193,0.0,0.0,0.0,0.0,999.8640666560138,0.0,-1000.0,1000.0,0.0,0.0,0.0,0.0,0.0,0.0,0.0,0.0,0.0,0.0,0.0,0.0,0.037381669596218525,0.0,0.0,0.0,0.0,0.0,0.0,-69.72223425450684,0.0,240.04716793785832,170.32493368335147,416.64480314849584,0.0,0.0,0.0,0.0,672.0221851397877,0.0,0.3398333599656995,0.0,0.0,0.0,0.0,0.0,0.0,0.0,0.0,0.0,0.0,-1.7514975297550184,0.0,20.39000159794197,0.0,0.0,217.85436774326107,13.627920160537391,273.8833414094438,-0.008495833999142487,0.0,0.0,56.04237323453276,10.195000798970986,0.0,10.195000798970986,-321.78951892821397,619.0482250373432,0.0,0.0,1.6991667998284976,-175.4935508253538,0.0,0.0,-9.626759930833622,0.0,0.0,0.0,0.0,0.0,0.0,0.0,0.0,0.0,0.0,0.0,0.0,0.0,0.0,0.0,0.0,0.0,0.0,-594.5880761467404,0.0,0.0,10.195000798970986,0.0,10.534834158936684,10.534834158936684,0.0,0.0,0.0,0.0,0.0,0.0,-156.25000000354441,156.25000000354441,0.0,0.0,0.0,0.0,0.0,0.0,4.368214401490903,0.03398333599656995,0.0,0.0,0.0,0.0,-485.8406047485421,0.0,0.0,1.7514975297550184,0.0,126.94951627246265,0.0,0.0,0.0,0.0,0.0,-35.27894459828384,-35.27894459828384,0.0,0.0,0.0,0.0,-494.68874672609076,0.0,0.0,164.94334413094285,0.0,0.0,0.0,-782.591560800307,0.0,0.0,0.0,0.0,0.0,0.0,0.0,0.0,0.0,0.0,0.0,0.0,0.0,0.0,0.0,-1000.0,0.0,0.0,0.0,0.0,0.0,0.0,0.0,-13.627920160537391,13.627920160537391,0.0,0.0,0.0,0.0,0.0,0.0,0.0,175.4935508253538,723.0355564900037,0.0,0.0,0.0,0.0,0.0,0.0,0.0,0.0,0.0,0.0,0.0,0.0,0.0,310.0091007069685,497.404294029488,0.0,0.0,0.0,0.0,0.0,81.56768306434644,0.0,0.0,0.0,0.0,-69.72223425450684,0.0,200.18830539323014,0.0,175.4495766552615,0.0,0.0,0.0,0.0,0.0,0.0,6.79666719931399,0.0,0.0,74.3830890787234,101.63892939979814,204.22644758272367,0.0,0.0,0.0,0.0,0.0,-184.62118168517532,0.0,0.0,0.0,-124.53644685773577,0.0,0.0,676.1921370781464,-719.7437599550938,0.0,676.1921370781465,719.7437599550938,0.0,0.0,0.0,-115.74114395189923,0.0,0.0,34.31549268395709,0.0,0.0,0.0,0.0,0.0,0.0,0.0,1000.0,0.0,0.0,244.245359662893,0.0,0.0,0.0,-69.72223425450684,-0.050975003994854926,0.0,0.0,0.0,0.0,0.03398333599656995,0.0,0.0,0.0,908.2373161366826,0.0,0.0,-584.7538072670436,665.0433797454372,0.0,936.9916679982849,0.0,-148.0175267170796,0.0,-9.626759930833622,0.0,0.0,0.0,317.8868916382012,830.1306350788784,-1000.0,-23.509291107391682,-1000.0,0.0,0.0,0.0,0.0,0.0,0.0,0.0,0.0,0.0,0.0,0.0,0.0,0.0,0.0,0.0,0.0,175.4495766552615,0.0,0.0,-1000.0,1.7514975297550184,0.0,120.5069501158957,0.0,0.0,0.0,195.82009099173922,0.0,619.0482250373432,0.0,0.0,0.0,0.0,0.0,-1.6991667998284976,-329.3747915783383,-830.1306350788784,0.0,998.3008332001715,633.4285812131128,0.0,0.0,0.0,0.0,328.52520817842407,-1000.0,-790.4880944238305,0.0,0.0,171.10899812128196,825.426567567371,10.195000798970986,0.0,0.0,0.0,0.0,0.0,0.0,310.0091007069685,0.0,0.0,0.0,95.83009273151964,0.0,0.0,-835.1246225410503,0.0,0.0,175.4935508253538,0.0,0.0,-139.44446850901366,0.0,0.0,73.20333280068601,0.0,0.0,0.0,0.0,1.3686884819749479,0.06796667199308085,0.0,0.0,0.0,0.0,0.0,0.0,0.0,0.0,0.0,672.0221851397877,0.0,0.0,0.0,0.0,0.0,0.0,0.0,0.0,0.0,0.037381669596218525,0.037381669596218525,200.18830539323014,399.2124335076545,0.0,20.39000159794197,0.0,0.0,0.0,657.3407632492713,0.0,597.0023715718839,0.0,0.0,0.0,323.3142390892151,-657.3407632492713,0.0,0.0,0.0,0.0,0.0,73.20333280068601,0.0,0.0,0.0,0.0,0.0,0.0,0.0,198.1960253822468,-908.2373161366826,485.8406047485421,0.0,2.6167168717358846,0.0,0.0,56.04237323453276,-25.525309829813676,0.0,323.3142390892151,0.0,1000.0,-675.31707242881,1000.0,-1000.0,310.0091007069685,0.0,0.0,0.0,0.0,0.0,0.0,0.0,0.0,0.0,0.0,0.0,0.0,0.0,20.39000159794197,0.0,0.0,0.0,0.0,0.0,0.0,0.0,0.0,0.0,0.0,0.0,0.0,0.3398333599656995,0.0,200.18830539323014,0.0,0.0,200.18830539323014,0.0,0.0,0.0,10.195000798970986,0.0,0.0,0.0,0.0,0.0,0.0,0.0,0.0,0.0,0.0,25.83009117901895,453.78053871201337,0.0,10.195000798970986,10.195000798970986,-183.23953594034685,-657.3407632492713,0.0,73.20333280068601,0.0,0.0,0.0,0.0,0.0,199.00284193274547,175.4935508253538,148.47052966508454,0.03398333599656995,0.0,0.0,-707.9529268787894,710.6934401887985,0.0,0.0,-56.04237323453276,0.0,0.0,0.0,0.0,0.0,0.0,0.0,0.0,0.0,0.0,0.0,0.0,0.0,0.0,0.03398333599656995,0.0,0.0,0.0,0.0,0.0,0.0,0.0,0.0,0.0,0.0,1000.0,0.0,-64.62473385502187,-1000.0,-2.5487501997427464,-1.6991667998284976,0.0,0.0,0.0,0.0,0.0,0.0,0.0,0.0,0.0,0.0,0.0,0.0,0.0,0.0,0.0,0.0,827.1257343671995,0.0,0.0,0.0,-0.03398333599656995,0.0,0.0,0.03398333599656995,0.0,0.03398333599656995,0.0,0.0,0.0,20.39000159794197,41.45966991581535,41.45966991581535,0.0,0.0,0.0,0.0,0.0,0.0,0.0,485.8406047485421,0.0,175.4935508253538,0.0,0.0,0.0,320.81285686750584,0.0,0.0,0.0,0.0,0.0,0.0,0.0,0.0,0.0,0.0,0.0,0.0,0.0,81.56768306434644,0.0,-277.7151851998292,277.7151851998292,0.050975003994854926,0.0,0.0,0.0,-10.195000798970986,0.0,0.0,0.0,0.0,0.0,-399.2124335076545,1.6991667998284976,0.0,0.0,0.0,0.0,494.68874672609076,120.5069501158957,0.0,0.0,0.0,0.0,0.0,0.0,0.0,0.0,0.0,0.0,0.0,669.3705161149121,89.20333280068601,0.0,544.0439375492281,-9.626759930833622,0.0,316.32704110763495,683.672958892365,-1000.0,1.7514975297550184,-226.08085160099066,0.0,1.6991667998284976,1000.0,0.0,0.0,-200.18830539323014,-139.44446850901366,468.7499999995737,-468.7499999995737,1000.0,-1000.0,0.0,0.0,0.0,0.0,0.0,401.76118370739727,-406.85868410688227,41.45966991581535,0.0,-33.12104177356721,-33.12104177356721,233.30934716679735,0.0,0.0,0.0,0.0,0.0,0.0,0.0,0.0,0.0,-674.7626984497967,0.0,0.0,10.195000798970986,0.0,0.0,0.0,0.0,23.151075564130856,0.0,0.0,0.037381669596218525,0.0,0.0,0.0,20.72983495790767,0.0,0.0,0.0,0.0,497.404294029488,0.0,0.0,0.0,0.0,0.0,0.0,0.0,0.0,-2.0640689056899366,0.0,0.003398333599657092,0.003398333599657092,0.0,0.0,0.0,0.0,0.0,0.0,0.0,0.0,0.0,-707.9529268787894,200.18830539323014,0.0,0.0,0.0,0.0,399.2124335076545,0.0,0.0,0.0,0.0,0.0,0.0,0.0,0.0,0.0,0.0,0.0,0.0,0.0,0.0,0.0,0.0,0.0,0.0,20.39000159794197,0.0,0.0,0.0,0.0,0.0,-317.4551952138671,297.0651936159251,0.0,0.0,0.0,0.0,0.0,0.0,0.0,0.0,0.0,200.18830539323014,200.18830539323014,0.0,-170.77080431820121,0.0,344.09144202515625,-10.195000798970986,0.0,0.0,999.8640666560138,0.0,0.0,0.0,0.0,0.0,0.0,0.0,0.0,0.0,0.0,0.0,0.0,0.0,0.0,0.0,0.0,0.0,-4.247916999571244,0.0,-2.5487501997427464,725.1227907746459,0.0,0.0,0.0,0.0,0.0,-0.42479169995712446,0.0,141.1959660387687,0.0,0.0,0.0,0.0,0.0,0.0,0.0,977.6997253468833,10.195000798970986,10.195000798970986,0.0,0.0,0.0,0.0,0.0,0.037381669596218525,399.2124335076545,0.0,0.0,-999.8640666560138,0.0,0.0,0.0,0.0,0.0,0.0,0.0,0.0,0.0,0.0,0.0,0.0,0.0,0.0,138.8575925999146,0.0,0.0,10.534834158936684,0.0,35.68250279639845,2.6167168717358846,0.0,0.0,0.0,0.0,0.0,399.2124335076545,0.0,-323.48868572804247,0.0,0.0,0.0,-4.247916999571244,0.0,0.0,0.0,0.0,0.0,0.0,0.0,0.0,0.0,0.0,0.0,0.0,0.0,0.0,0.0,0.0,0.0,0.0,-0.03398333599656995,0.0,0.0,1.6991667998284976,-323.3142390892151,0.0,0.0,0.0,0.0,0.0,0.0,0.0,0.0,-317.8868916382012,0.8495833999142488,0.0,0.0,0.0,0.03398333599656995,0.0,33.98333599656995,0.0,6.79666719931399,0.24273811426121394,115.88317574830353,-0.025487501997427463,1.6991667998284976,0.679666719931399,-0.16991667998274806,-115.88317574830353,10.195000798970986,-0.033983335996569955,3.2089199769445407,73.20333280068601,0.008495833999142489,0.24273811426121394,-9.626759930833622,-5.410147090652515,199.50863867329875,-115.74114395189923,-0.033983335996569955,0.008495833999142489,-115.88317574830353,3.398333599656995,0.033983335996569955,0.03398333599656995,-399.14106850206167,0.037381669596227046,0.0,-0.025487501997427463,10.195000798970986,0.033983335996569955,10.195000798970986,-16.991667998284974,-0.016991667998284977,-107.6959964107954,-85.0,-0.025487501997427463,-0.033983335996569955,0.0,0.03398333599656995,3.398333599656995,-0.679666719931399,81.56768306434644,81.56768306434644,-3.398333599656995,115.74114395189923,-81.56768306434644,6.79666719931399,0.050975003994854926,0.0,3.398333599656995,-198.1960253822468,73.20333280068601,-6.79666719931399,0.016991667998284974,0.3398333599656995,146.1884518167609,96.0,-0.03398333599656995,-406.85868410688227,399.14106850206167,10.534834158936684,0.033983335996569955,5.410147090652515,32.42332960480219,73.20333280068601,-0.03398333599656995,-0.008495833999142487,-73.20333280068601,-0.033983335996569955,1.3686884819749479,0.0339833359964814,-0.008495833999142487,-0.008495833999142487,-0.008495833999142487,13.59333439862798,16.991667998284974,0.3398333599656995,124.90204271981708,-0.008495833999142487,289.1679836565773,1.6991667998284976,1.0148225588410238,0.03398333599656995,0.016991667998284974,0.016991667998284977,40.0,0.0,0.03398333599656995,0.0,0.3398333599656995,0.033983335996569955,-324.35132004654264,0.033983335996569955,0.13593334398615803,0.16991667998274806,0.016991667998284977,0.008495833999142487,10.195000798970986,-0.033983335996569955,0.0,-99.75431933664937,-249.80408543963415,0.8495833999142488,-3.398333599656995,6.79666719931399,1.6991667998284976,-0.033983335996569955,9.626759930833622,0.050975003994854926,-0.033983335996569955,-80.0,0.0,208.70129989370676,0.016991667998284977,-2.0296451176820476,-0.033983335996569955,-0.0339833359964814,-0.033983335996569955,0.016991667998284977,115.88317574830353,-6.79666719931399,0.03398333599656995,292.3769036335218,-0.008495833999142487,-0.037381669596227046,-292.3769036335218,5.097500399485492,85.0,77.16372136608979,115.88317574830353,-0.025487501997427463,406.85868410688227,-96.0,0.033983335996569955,-0.008495833999142489,1.6991667998284976,33.98333599656995,-0.016991667998284974,-0.033983335996569955,0.008495833999142489,0.0,0.0,-273.9003330774421,199.44927732672556,-46.0,0.0,-108.0,-31.0,0.0,-32.0,-93.0,-65.0,-273.8833414094438,16.0,23.0,46.5,0.0,15.5,-399.2124335076545,-231.8523754578376,273.8833414094438,65.0,-231.8523754578376,108.0,-71.91083160222959,0.0,1496.5981,hclb
221,0.0,0.0,0.0,0.0,0.0,0.0,0.0,0.0,-0.046256178294829316,0.0,0.0,0.0,0.0,0.0,0.0,0.0,-413.56881563801096,315.3193711052596,0.0,-231.1018800538128,0.0,0.0,0.0,0.0,0.0,0.0,0.0,0.0,0.0,548.3697790744909,38.74131366978442,-38.74131366978442,10.982254377342734,0.0,0.0,0.0,0.0,-139.60625046593913,0.0,-1000.0,1000.0,0.0,0.0,244.21581356473928,0.0,0.0,0.0,0.0,1000.0,0.0,0.0,523.5632455333839,0.0,0.050881796124357996,0.0,0.0,0.0,9.251235658965863,0.0,0.0,22.789022111252986,0.0,96.54024019778407,0.0,631.8493235365563,0.0,0.0,0.0,0.0,362.66451612732175,0.0,0.46256178294829314,0.0,0.0,0.0,0.0,0.0,0.0,0.0,409.2041844041629,0.0,0.0,-144.87336483836486,0.0,27.75370697689759,0.0,0.0,-764.7986073190543,219.69997137175187,840.4291494926025,0.0,0.0,0.0,0.0,13.876853488448795,0.0,13.876853488448795,-40.230762610877576,0.0,0.0,0.0,774.7566701291403,548.3697790744909,0.0,0.0,-18.99548408234149,0.0,378.22577490472196,0.0,0.0,0.0,0.0,0.0,0.0,0.0,0.0,0.0,0.0,0.0,0.0,0.0,0.0,0.0,0.0,-1000.0,0.0,0.0,13.876853488448795,0.0,14.339415271397087,0.0,0.0,0.0,0.0,0.0,0.0,-119.32926230903706,0.0,0.0,0.0,0.0,0.0,0.0,0.0,0.0,148.4350905670667,0.046256178294829316,0.011564044573707329,0.0,0.0,-605.0206782244627,0.0,0.0,0.0,144.87336483836486,0.0,37.177508575544095,0.0,0.0,0.0,0.0,0.0,-393.57612705347924,-393.57612705347924,0.0,0.0,0.0,656.2499999999999,0.0,0.0,0.0,-354.7885572054,0.0,0.0,0.0,-534.499074171061,0.0,0.0,0.0,0.0,0.0,0.0,0.0,0.0,0.0,0.0,0.0,0.0,0.0,0.0,0.0,-1000.0,0.0,0.0,0.0,0.0,0.0,0.0,-523.5632455333839,-219.69997137175187,219.69997137175187,0.0,0.0,0.0,0.0,0.0,0.0,0.0,0.0,0.0,0.0,0.0,0.0,0.0,0.0,0.0,0.0,0.0,0.0,0.0,0.0,0.0,0.0,89.69354138225015,580.5231495423944,-611.237717903096,0.0,0.0,0.0,119.32926230903706,80.32812599222224,0.0,0.0,0.0,0.0,22.789022111252986,-855.4535314678353,38.74131366978442,0.0,0.0,0.0,0.0,0.0,0.0,0.0,0.0,0.0,0.0,0.0,426.7909495871494,866.1908923306531,-508.06182422419,0.0,611.237717903096,0.0,0.0,119.32926230903706,56.43253751969176,0.0,0.0,0.0,-50.895158217123594,0.0,0.0,617.3179801844276,0.0,645.766403110689,-28.44842292626143,645.766403110689,0.0,0.0,0.0,152.87937253213317,0.0,0.0,48.72661145035154,0.0,0.0,0.0,-1000.0,0.0,1000.0,0.0,592.8842019379888,0.0,119.32926230903706,61.33264190988075,656.2499999999999,0.0,0.0,22.789022111252986,-0.06938426744224396,0.0,0.0,0.0,0.0,0.046256178294829316,0.0,0.0,0.0,905.795020519329,-413.56881563801096,0.0,-383.61075544478393,740.9981774841377,0.0,847.4895370983924,0.0,-345.04671567397475,0.0,-18.99548408234149,0.0,0.0,0.0,512.9808555766452,-167.9341399026705,0.0,451.6302209255091,-1000.0,0.0,0.0,0.0,0.0,0.0,0.0,0.0,0.0,0.0,0.0,0.0,0.0,0.0,0.0,0.0,0.0,0.0,929.6214265789216,0.0,96.52055500904405,144.87336483836486,972.5220973226373,0.0,1000.0,0.0,166.64080683376926,-109.69377689728229,0.0,0.0,0.0,0.0,772.4438612143988,167.9341399026705,0.0,-1000.0,0.0,0.0,0.0,-935.2152559712017,0.0,-579.2474566018177,0.0,-93.92714665094024,1000.0,-1.1564044573707328,932.9024470564602,504.76527687969735,0.0,-822.476366579504,0.0,1000.0,13.876853488448795,0.0,0.0,0.0,0.0,0.0,0.0,0.0,-89.69354138225015,89.69354138225015,89.69354138225015,102.74424842337562,0.0,0.0,-947.7652714999786,0.0,0.0,0.0,0.0,0.0,-73.75121808653108,0.0,0.0,166.38731639005647,0.0,0.0,0.0,0.0,-38.374382170517066,0.09251235658977919,0.0,0.0,0.0,0.0,0.0,0.0,0.0,0.0,0.0,362.66451612732175,0.0,0.0,0.0,0.0,0.0,0.0,0.0,0.0,0.0,0.050881796124357996,0.050881796124357996,38.74131366978442,176.44230572328428,0.0,27.75370697689759,0.0,0.0,0.0,0.0,0.0,452.447991602269,0.0,0.0,0.0,309.7855663865255,0.0,0.0,0.0,0.0,0.0,0.0,166.38731639005647,0.0,0.0,0.0,0.0,0.0,0.0,0.0,333.3333333333333,-905.795020519329,605.0206782244627,205.39240712899934,3.561725728701857,0.0,0.0,0.0,-80.32812599222224,0.0,309.7855663865255,0.0,271.4111842160084,0.0,0.0,0.0,89.69354138225015,0.0,0.0,0.0,0.0,0.0,0.0,0.0,0.0,0.0,0.0,0.0,0.0,0.0,27.75370697689759,119.32926230903706,119.32926230903706,0.0,0.0,0.0,0.0,0.0,0.0,0.0,0.0,0.0,0.0,0.46256178294829314,0.0,38.74131366978442,0.0,0.0,38.74131366978442,-523.5632455333839,0.0,0.0,13.876853488448795,0.0,0.0,0.0,0.0,205.39240712899934,0.0,0.0,0.0,0.0,0.0,242.1914447273588,-486.32121110401454,0.0,13.876853488448795,13.876853488448795,654.9874202786432,0.0,0.0,166.38731639005647,0.0,0.0,0.0,0.0,0.0,-1000.0,0.0,-948.5266395541911,0.046256178294829316,0.0,0.0,61.08789146379279,0.0,0.0,0.0,0.0,0.0,0.0,0.0,0.0,0.0,0.0,0.0,0.0,0.0,0.0,0.0,0.0,0.0,0.0,0.046256178294829316,0.0,0.0,0.0,0.0,0.0,0.0,0.0,0.0,972.5220973226373,-152.23734842290133,42.54357152561904,0.0,0.0,-833.1008715698775,-3.4692133721121987,-2.3128089147414657,0.0,0.0,0.0,0.0,0.0,0.0,0.0,0.0,0.0,0.0,0.0,0.0,119.32926230903706,0.0,0.0,0.0,179.83644233523745,0.0,0.0,0.0,-0.046256178294829316,0.0,0.0,0.046256178294829316,0.0,0.046256178294829316,0.0,0.0,0.0,27.75370697689759,56.43253751969176,56.43253751969176,0.0,0.0,0.0,0.0,0.0,0.0,0.0,605.0206782244627,0.0,0.0,0.0,0.0,516.9635125278301,0.0,0.0,0.0,0.0,0.0,0.0,0.0,0.0,0.0,0.0,0.0,0.0,0.0,0.0,80.32812599222224,0.0,-821.3328527484932,821.3328527484932,0.06938426744224396,0.0,0.0,0.0,-13.876853488448795,0.0,0.0,0.0,0.0,0.0,-176.44230572328428,2.3128089147414657,0.0,0.0,0.0,-656.25,0.0,-42.54357152561904,0.0,0.0,0.0,0.0,0.0,0.0,0.0,0.0,119.32926230903706,0.0,0.0,0.0,86.74876434103413,0.0,660.7694425654969,-18.99548408234149,0.0,0.0,0.0,0.0,144.87336483836486,0.0,0.0,2.3128089147414657,698.4124881132038,0.0,83.58415780288745,-38.74131366978442,-73.75121808653108,-31.25000000000003,31.25000000000003,0.0,0.0,0.0,0.0,0.0,0.0,0.0,179.91151909539647,-186.84994583962083,56.43253751969176,0.0,0.0,0.0,38.74131366978442,0.0,0.0,0.0,0.0,0.0,0.0,0.0,0.0,0.0,-423.75240759111455,499.6690822761637,0.0,13.876853488448795,0.0,0.0,0.0,0.0,-126.01512921472778,0.0,0.0,0.050881796124357996,0.0,0.0,0.0,28.21626875984588,0.0,0.0,0.0,0.0,580.5231495423944,0.0,0.0,0.0,0.0,0.0,0.0,0.0,0.0,0.0,0.0,0.004625617829482931,0.004625617829482931,0.0,0.0,0.0,0.0,0.0,0.0,0.0,0.0,0.0,61.08789146379279,38.74131366978442,0.0,0.0,0.0,0.0,176.44230572328428,0.0,0.0,0.0,0.0,0.0,0.0,0.0,0.0,0.0,0.0,0.0,0.0,-1000.0,571.0766156689145,315.3193711052596,0.0,0.0,0.0,27.75370697689759,0.0,0.0,0.0,0.0,0.0,0.0,-27.75370697689759,0.0,0.0,0.0,0.0,0.0,0.0,0.0,0.0,0.0,38.74131366978442,38.74131366978442,0.0,948.5266395541911,0.0,548.6489946597881,-13.876853488448795,0.0,0.0,832.9158468566982,0.0,0.0,0.0,0.0,0.0,0.0,0.0,0.0,0.0,0.0,0.0,0.0,0.0,0.0,0.0,0.0,0.0,-5.782022286853664,119.32926230903706,-775.913074586511,700.3442449953387,0.0,0.0,0.0,0.0,0.0,0.0,-0.5782022286853664,218.62458292489595,0.0,0.0,0.0,0.0,0.0,0.0,0.0,1000.0,13.876853488448795,13.876853488448795,0.0,0.0,0.0,0.0,409.2041844041629,0.050881796124357996,176.44230572328428,0.0,0.0,-832.9158468566982,0.0,0.0,0.0,0.0,0.0,0.0,0.0,0.0,0.0,0.0,0.0,0.0,0.0,0.0,410.6664263742466,0.0,0.0,0.0,0.0,48.56898720957078,0.0,0.0,3.561725728701857,0.0,0.0,0.0,176.44230572328428,0.0,0.0,0.0,0.0,0.0,-5.782022286853664,0.0,0.0,0.0,0.0,0.0,0.0,0.0,0.0,0.0,0.0,0.0,0.0,0.0,0.0,0.0,0.0,0.0,0.0,-0.046256178294829316,0.0,0.0,2.3128089147414657,-309.7855663865255,0.0,0.0,0.0,0.0,119.32926230903706,0.0,0.0,0.0,-512.9808555766452,1.1564044573707328,0.0,0.0,0.0,0.046256178294829316,0.0,46.25617829482931,-14.339415271397087,9.251235658965863,0.3304012735344951,129.05473744257378,-0.03469213372112198,888.5347395219409,0.9251235658965863,-0.23128089147418873,-129.05473744257378,13.876853488448795,-0.046256178294829316,6.331828027447163,166.38731639005647,0.011564044573707329,0.3304012735344951,-18.99548408234149,-7.36398358453647,37.816190103887834,329.35132458656415,-0.046256178294829316,0.011564044573707329,-129.05473744257378,4.625617829482931,0.046256178294829316,0.046256178294829316,-176.34516774886507,0.05088179612431225,-11.365668383176825,-0.03469213372112198,13.876853488448795,0.046256178294829316,13.876853488448795,-23.128089147414656,-0.023128089147414658,12.179127972315712,-85.0,-0.03469213372112198,-0.046256178294829316,-14.339415271397087,0.046256178294829316,4.625617829482931,-0.9251235658965863,80.32812599222224,80.32812599222224,-4.625617829482931,-329.35132458656415,-80.32812599222224,9.251235658965863,0.06938426744224396,-1000.0,4.625617829482931,-333.3333333333333,166.38731639005647,-9.251235658965863,0.023128089147414658,0.46256178294829314,95.90268886119598,96.0,-0.046256178294829316,-186.84994583962083,176.34516774886507,14.339415271397087,0.046256178294829316,7.36398358453647,110.8799024362614,166.38731639005647,-0.046256178294829316,-0.011564044573707329,-166.38731639005647,-0.046256178294829316,-38.374382170517066,0.046256178294811434,-0.011564044573707329,-0.011564044573707329,-0.011564044573707329,18.502471317931725,23.128089147414656,0.46256178294829314,34.27004609418262,-0.011564044573707329,185.4735496949448,2.3128089147414657,21.5,0.046256178294829316,0.023128089147414658,0.023128089147414658,28.154644869992637,14.339415271397087,0.046256178294829316,-14.339415271397087,0.46256178294829314,0.046256178294829274,-34.27004609418262,0.046256178294829316,0.18502471317952995,0.23128089147418873,0.023128089147414658,0.011564044573707329,13.876853488448795,-0.046256178294829316,11.365668383176825,-18.908095051943917,-68.54009218836524,887.3783350645701,-4.625617829482931,9.251235658965863,2.3128089147414657,-0.046256178294829316,18.99548408234149,0.06938426744224396,-0.046256178294829274,-56.309289739985275,14.339415271397087,555.1638799861746,0.023128089147414658,-43.0,-0.046256178294829316,-0.046256178294811434,-0.046256178294829316,0.023128089147414658,129.05473744257378,-9.251235658965863,0.046256178294829316,191.80537772239197,-0.011564044573707329,-0.05088179612431225,-191.80537772239197,6.9384267442243965,85.0,728.4420673988091,129.05473744257378,-0.03469213372112198,186.84994583962083,-96.0,0.046256178294829316,-0.01156404457370733,2.3128089147414657,46.25617829482931,-0.023128089147414658,-0.046256178294829316,0.011564044573707329,0.0,0.0,159.5477224182501,0.0,-46.0,0.0,-51.47361246259504,-31.0,0.0,13.218021667474204,-93.0,-65.0,-840.4291494926025,-6.609010833737102,23.0,46.5,0.0,15.5,-176.44230572328428,-429.1487507714468,840.4291494926025,65.0,-429.1487507714468,51.47361246259504,-83.48956636416969,0.0,1496.5981,hclb
222,0.0,0.0,0.0,0.0,0.0,0.0,0.0,0.0,443.08896277307235,0.0,0.0,0.0,0.0,0.0,0.0,0.0,-98.55996565886865,-733.843750000001,0.0,644.8550883362574,0.0,0.0,0.0,595.5508797208929,0.0,0.0,0.0,0.0,0.0,-881.490363749365,0.0,0.0,0.0,0.0,0.0,0.0,0.0,978.180523745898,0.0,-1000.0,700.2049162624673,0.0,-637.9929275328066,0.0,0.0,0.0,0.0,0.0,-85.72808455132673,-237.0192725012701,0.0,0.0,0.0,0.0,0.0,0.0,0.0,0.0,0.0,0.0,0.0,0.0,0.0,0.0,0.0,0.0,0.0,0.0,0.0,0.0,0.0,0.0,0.0,0.0,0.0,0.0,0.0,0.0,0.0,0.0,0.0,0.0,0.0,0.0,0.0,0.0,0.0,-998.8400306755051,0.0,489.1863444589476,0.0,0.0,0.0,85.0,0.0,0.0,379.7950837375327,-253.10774468230704,0.0,0.0,0.0,424.45012292088853,-881.490363749365,0.0,0.0,-17.960330014522867,0.0,0.0,0.0,0.0,0.0,0.0,0.0,0.0,0.0,0.0,0.0,0.0,0.0,0.0,0.0,0.0,0.0,0.0,-431.9829208307418,0.0,0.0,379.7950837375327,0.0,0.0,0.0,0.0,-524.4160334193904,0.0,524.4160334193904,-524.4160334193904,-1000.0,0.0,0.0,1000.0,0.0,0.0,0.0,0.0,0.0,0.0,0.0,0.0,0.0,0.0,648.0533077851056,-685.954883873213,0.0,0.0,0.0,0.0,-6.179175454580218,0.0,0.0,0.0,0.0,0.0,273.07698751508593,273.07698751508593,0.0,0.0,0.0,0.0,-436.2512002496109,0.0,0.0,273.07698751508593,0.0,0.0,0.0,-1000.0,-649.724877710478,0.0,0.0,0.0,0.0,0.0,0.0,0.0,0.0,0.0,-725.0727790635912,0.0,0.0,0.0,0.0,-1000.0,0.0,0.0,0.0,0.0,0.0,237.0192725012701,637.9929275328066,4.420546436911802,-4.420546436911802,0.0,0.0,0.0,0.0,0.0,0.0,0.0,0.0,447.1321902931795,0.0,0.0,0.0,0.0,0.0,0.0,0.0,0.0,0.0,0.0,0.0,0.0,0.0,221.56474655989842,374.6966598256401,427.78548642675383,0.0,0.0,0.0,0.0,85.0,0.0,0.0,0.0,0.0,0.0,427.78548642675383,0.0,0.0,159.34629066702897,0.0,0.0,0.0,0.0,0.0,301.03284739998685,0.0,379.7950837375327,0.0,390.62637880007895,-251.78709516963937,-442.15464125711344,0.0,-427.78548642675383,0.0,0.0,0.0,404.4491202791071,0.0,0.0,0.0,118.50963625063503,0.0,0.0,-208.66851725151366,791.3314827484863,0.0,-1000.0,0.0,-791.3314827484863,4.420546436911802,0.0,1000.0,237.0192725012701,0.0,-85.0,0.0,0.0,0.0,0.0,0.0,0.0,0.0,576.1977490709824,0.0,0.0,0.0,0.0,0.0,0.0,0.0,0.0,0.0,0.0,0.0,0.0,0.0,0.0,0.0,0.0,234.1720688624805,-98.55996565886865,0.0,-407.93168332296716,238.782566131676,649.724877710478,1000.0,0.0,346.8660349481522,0.0,-17.960330014522867,0.0,0.0,0.0,0.0,0.0,-346.8660349481522,-1000.0,-1000.0,0.0,0.0,0.0,0.0,0.0,0.0,0.0,0.0,0.0,0.0,0.0,0.0,0.0,0.0,0.0,0.0,159.34629066702897,-21.819476254102064,0.0,-1000.0,0.0,0.0,554.1405920822938,0.0,0.0,0.0,-301.03284739998685,0.0,0.0,0.0,956.2456517112105,424.45012292088853,0.0,0.0,-725.0727790635912,0.0,0.0,0.0,0.0,-609.3796167630583,0.0,0.0,-89.58753583695488,1000.0,0.0,0.0,-301.03284739998685,0.0,0.0,0.0,0.0,379.7950837375327,0.0,0.0,0.0,0.0,0.0,443.08896277307235,221.56474655989842,0.0,0.0,0.0,103.8809900435686,0.0,0.0,-303.1207615558965,0.0,0.0,0.0,0.0,0.0,0.0,0.0,-93.74999999999662,80.0,0.0,0.0,0.0,0.0,-43.0,0.0,0.0,0.0,0.0,0.0,0.0,0.0,0.0,0.0,0.0,0.0,0.0,0.0,0.0,0.0,0.0,0.0,0.0,0.0,0.0,0.0,0.0,0.0,317.5647465598984,0.0,0.0,0.0,0.0,0.0,1000.0,0.0,0.0,0.0,0.0,0.0,341.1757971304321,-1000.0,0.0,0.0,0.0,0.0,0.0,80.0,0.0,0.0,0.0,0.0,0.0,0.0,0.0,143.9943069435806,-234.1720688624805,37.901576088107376,602.4352534401017,0.0,0.0,0.0,85.0,0.0,0.0,341.1757971304321,0.0,1000.0,-701.8242028695679,-468.749999999997,468.749999999997,221.56474655989842,0.0,0.0,0.0,0.0,0.0,0.0,0.0,0.0,0.0,0.0,0.0,0.0,0.0,0.0,0.0,0.0,0.0,0.0,0.0,0.0,0.0,0.0,0.0,0.0,0.0,0.0,0.0,0.0,0.0,0.0,0.0,0.0,637.9929275328066,0.0,0.0,379.7950837375327,0.0,0.0,0.0,0.0,602.4352534401017,0.0,0.0,0.0,0.0,0.0,1000.0,0.0,0.0,0.0,0.0,-344.23061420507213,-1000.0,0.0,80.0,0.0,0.0,0.0,0.0,0.0,881.490363749365,0.0,1000.0,0.0,0.0,0.0,0.0,0.0,7.0793399709542655,0.0,-85.0,0.0,0.0,0.0,0.0,0.0,0.0,0.0,0.0,0.0,0.0,0.0,0.0,0.0,0.0,0.0,0.0,0.0,0.0,-771.5492709780074,771.5492709780074,0.0,0.0,0.0,0.0,0.0,274.92722093640884,0.0,0.0,-1000.0,0.0,0.0,0.0,0.0,0.0,0.0,0.0,0.0,0.0,0.0,0.0,0.0,0.0,0.0,0.0,649.724877710478,0.0,0.0,0.0,0.0,0.0,0.0,443.08896277307235,0.0,0.0,0.0,0.0,0.0,0.0,0.0,0.0,0.0,0.0,0.0,0.0,0.0,0.0,0.0,0.0,0.0,0.0,37.901576088107376,0.0,0.0,0.0,0.0,0.0,0.0,0.0,0.0,0.0,0.0,0.0,0.0,0.0,0.0,0.0,0.0,0.0,0.0,0.0,85.0,0.0,0.0,0.0,0.0,0.0,0.0,0.0,-379.7950837375327,0.0,0.0,0.0,0.0,0.0,-317.5647465598984,0.0,0.0,0.0,0.0,0.0,436.2512002496109,301.03284739998674,0.0,0.0,-93.74999999999662,0.0,0.0,0.0,0.0,0.0,0.0,0.0,0.0,470.58396658060974,96.0,0.0,102.90157608810738,-10.880990043568602,21.819476254102064,0.0,0.0,-21.8194762541018,0.0,404.4491202791071,0.0,0.0,1000.0,0.0,0.0,0.0,0.0,406.25000000000387,-406.25000000000387,0.0,0.0,0.0,0.0,0.0,0.0,0.0,725.0727790635912,0.0,0.0,0.0,0.0,0.0,0.0,0.0,0.0,0.0,0.0,0.0,301.03284739998685,0.0,0.0,317.5647465598984,0.0,-853.0000000000001,-637.9929275328066,0.0,0.0,0.0,0.0,0.0,-74.22382668188706,0.0,0.0,0.0,0.0,0.0,0.0,0.0,0.0,0.0,0.0,0.0,374.6966598256401,0.0,0.0,0.0,0.0,0.0,0.0,0.0,0.0,0.0,0.0,0.0,0.0,0.0,0.0,0.0,0.0,0.0,0.0,0.0,0.0,0.0,0.0,0.0,0.0,0.0,0.0,0.0,317.5647465598984,0.0,0.0,0.0,0.0,0.0,0.0,0.0,237.0192725012701,0.0,0.0,0.0,0.0,1000.0,1000.0,-733.843750000001,0.0,0.0,0.0,0.0,0.0,0.0,0.0,0.0,0.0,0.0,0.0,0.0,0.0,0.0,0.0,0.0,0.0,0.0,0.0,0.0,0.0,0.0,0.0,-1000.0,-1000.0,0.0,-379.7950837375327,0.0,0.0,978.180523745898,0.0,0.0,0.0,0.0,0.0,0.0,0.0,0.0,0.0,0.0,0.0,0.0,0.0,0.0,0.0,0.0,0.0,0.0,0.0,-424.45012292088853,0.0,0.0,0.0,0.0,0.0,0.0,-220.04487084530504,220.04487084530504,0.0,0.0,0.0,0.0,0.0,0.0,0.0,0.0,1000.0,0.0,0.0,0.0,0.0,0.0,0.0,0.0,0.0,317.5647465598984,0.0,0.0,-978.180523745898,0.0,0.0,0.0,0.0,0.0,0.0,0.0,0.0,0.0,0.0,0.0,0.0,0.0,0.0,0.0,0.0,0.0,0.0,0.0,0.0,0.0,0.0,0.0,0.0,0.0,0.0,317.5647465598984,0.0,0.0,0.0,0.0,0.0,0.0,0.0,0.0,0.0,0.0,0.0,0.0,0.0,0.0,0.0,0.0,0.0,0.0,0.0,0.0,0.0,0.0,0.0,0.0,0.0,0.0,0.0,0.0,-341.1757971304321,0.0,0.0,0.0,0.0,0.0,0.0,0.0,0.0,0.0,0.0,0.0,0.0,0.0,0.0,0.0,0.0,0.0,0.0,0.0,0.0,0.0,212.2250614604443,0.0,0.0,0.0,0.0,0.0,5.986776671507623,80.0,0.0,0.0,-17.960330014522867,0.0,0.0,187.54862732261233,0.0,0.0,0.0,0.0,0.0,0.0,-317.5647465598984,0.0,0.0,0.0,0.0,0.0,379.7950837375327,379.7950837375327,0.0,42.09983548362595,-85.0,0.0,0.0,0.0,0.0,0.0,0.0,85.0,85.0,0.0,-187.54862732261233,-85.0,0.0,0.0,506.3931091041406,0.0,-143.9943069435806,80.0,0.0,0.0,0.0,101.98292083074179,96.0,0.0,-317.5647465598984,317.5647465598984,0.0,0.0,0.0,-299.7950837375328,80.0,0.0,0.0,-80.0,0.0,-43.0,0.0,0.0,0.0,0.0,0.0,-379.7950837375327,0.0,0.0,0.0,197.97906498997597,0.0,21.5,0.0,0.0,0.0,40.0,0.0,0.0,0.0,0.0,0.0,0.0,0.0,0.0,0.0,0.0,0.0,0.0,0.0,0.0,0.0,0.0,212.22506146044424,0.0,0.0,0.0,0.0,17.960330014522867,0.0,0.0,-80.0,0.0,201.81962695855736,0.0,-43.0,0.0,0.0,0.0,0.0,0.0,0.0,0.0,203.96584166148358,0.0,0.0,-203.96584166148358,0.0,85.0,-629.7781676348509,0.0,0.0,317.5647465598984,-96.0,0.0,0.0,956.2456517112105,0.0,0.0,0.0,0.0,0.0,0.0,-1000.0,0.0,-46.0,0.0,324.27049277437305,-10.880990043568602,0.0,-32.0,-93.0,-65.0,-493.6068908958594,16.0,23.0,46.5,0.0,5.440495021784301,-317.5647465598984,-127.5958002766703,493.6068908958594,65.0,-127.5958002766703,-324.27049277437305,312.03278825595294,0.0,1496.5981,hclb
223,0.0,0.0,0.0,0.0,0.0,0.0,0.0,0.0,620.0991927746159,0.0,0.0,0.0,0.0,0.0,0.0,0.0,334.4344083346007,-159.7128183648096,0.0,0.0,0.0,0.0,0.0,268.47010804513025,0.0,328.522573358318,0.0,0.0,0.0,369.58005562114727,4.456836654112124,-4.456836654112124,297.17329135061755,0.0,0.0,0.0,0.0,990.7157515568149,0.0,-1000.0,998.9775044101367,0.0,0.0,0.0,0.0,0.0,0.0,143.63134725165648,0.0,0.0,0.0,0.0,0.0,0.003749150496050191,0.0,0.0,0.0,144.313010978232,0.0,0.0,130.0553670362724,0.0,265.4680485094569,0.0,847.7631763945168,0.0,0.0,0.0,228.7610817498051,0.0,0.0,0.03408318632877591,0.0,0.0,0.0,0.0,0.0,0.0,0.0,0.0,0.0,0.0,569.8984262883555,0.0,2.0449911797265545,0.0,0.0,-79.8564091824048,-79.8564091824048,0.0,341.7935418419338,0.0,0.0,510.91015083606226,1.0224955898632773,0.0,1.0224955898632773,-430.47376210635093,0.0,0.0,569.8984262883555,48.129605884684416,215.78568174858233,0.0,0.0,-3.940775019592839,602.7307430660286,968.757607088321,0.0,0.0,0.0,0.0,0.0,0.0,0.0,0.0,0.0,0.0,0.0,0.0,0.0,0.0,0.0,0.0,-832.015556422924,0.0,0.0,1.0224955898632773,0.0,1.056578776192053,0.0,0.0,0.0,0.0,0.0,0.0,-395.5234155457293,-343.7500000001148,343.7500000001148,0.0,0.0,0.0,0.0,0.0,0.0,-569.6359857536239,0.003408318632877591,341.794393921592,0.0,0.0,0.0,-602.7307430660286,0.0,0.0,0.0,0.0,-73.09031684592445,0.0,0.0,0.0,0.0,0.0,246.35115629537583,246.35115629537583,0.0,0.0,0.0,0.0,-1000.0,0.0,0.0,250.81140126812073,0.0,0.0,0.0,356.2662753859924,0.0,0.0,0.0,0.0,0.0,0.0,0.0,0.0,0.0,0.0,-121.29599966254818,0.0,0.0,0.0,0.0,-609.1935287353696,0.0,0.0,0.0,0.0,0.0,0.0,0.0,79.8564091824048,-79.8564091824048,166.76233379592418,0.0,0.0,0.0,0.0,0.0,0.0,153.79437387256496,0.0,0.0,0.0,0.0,0.0,0.0,0.0,0.0,0.0,0.0,0.0,0.0,0.0,0.0,0.0,-41.63667254684896,-704.0144639557479,0.0,0.0,0.0,0.0,84.65575981807936,0.0,0.0,0.0,0.0,130.0553670362724,-704.0144639557479,4.456836654112124,0.0,0.0,0.0,0.0,0.0,0.0,0.0,0.0,0.0,0.0,0.0,334.4292958566515,174.71647749184189,0.0,0.0,704.0144639557479,0.0,0.0,395.5234155457293,4.158148732110661,0.0,0.0,0.0,-209.82463327342666,0.0,0.0,-475.4923404221089,0.0,0.0,-475.49234042210884,0.0,0.0,0.0,0.0,0.0,0.0,0.0,-241.90888462827502,0.0,0.0,0.0,-1000.0,0.0,1000.0,0.0,250.80458463085498,228.7610817498051,0.0,0.0,0.0,0.0,0.0,130.0553670362724,-0.005112477949316387,0.0,0.0,0.0,0.0,0.003408318632877591,0.0,0.0,0.0,356.75293953150276,334.4344083346007,0.0,-2.627183346395226,-116.81177459799807,0.0,1000.0,0.0,4.882757273460584,0.0,-3.940775019592839,0.0,0.0,0.0,787.7599202501249,0.0,-792.6426775235855,0.0,-1000.0,0.0,0.0,0.0,0.0,0.0,0.0,0.0,0.0,0.0,0.0,0.0,0.0,0.0,0.0,0.0,0.0,0.0,0.0,0.0,-990.7293848313442,0.0,0.0,425.9071775922639,0.0,0.0,0.0,574.0928224077361,0.0,0.0,0.0,0.0,47.959189953040536,-286.30511102044017,0.0,0.0,466.3346456051333,57.54402927063505,990.2317587981728,-429.6766224441997,0.0,0.0,0.0,-471.29302243805955,0.0,-466.41985357095524,429.5062065125558,0.0,0.0,-410.7067825804589,0.0,0.0,1.0224955898632773,1000.0,-1000.0,0.0,38.514759907234605,0.0,620.1026010932487,0.0,0.0,0.0,0.0,-212.44503882621416,0.0,0.0,0.0,0.0,0.0,153.79437387256496,0.0,0.0,-135.41268147318448,0.0,-31.25000000000003,0.0,0.0,0.0,0.0,0.0,-42.65916813671224,0.00681663726575867,0.0,0.0,0.0,0.0,0.0,0.0,0.0,0.0,0.0,0.0,0.0,0.0,0.0,0.0,0.0,0.0,0.0,0.0,0.0,0.003749150496050191,0.003749150496050191,4.456836654112124,95.31833627342448,0.0,2.0449911797265545,0.0,0.0,0.0,-410.06986717791966,0.0,0.0,0.0,0.0,0.0,-135.73524119719255,410.06986717791966,0.0,0.0,390.5126989636261,0.0,0.0,0.0,0.0,0.0,0.0,0.0,0.0,0.0,0.0,277.3385188076413,-356.75293953150276,0.0,447.1430115298954,0.2624405347315756,0.0,0.0,510.91015083606226,259.49205722205875,0.0,-135.73524119719255,0.0,-247.8704393282351,69.47602999433036,0.0,0.0,0.0,0.0,0.0,0.0,0.0,0.0,0.0,0.0,0.0,0.0,0.0,0.0,0.0,0.0,2.0449911797265545,395.5234155457293,395.5234155457293,0.0,0.0,0.0,0.0,0.0,0.0,0.0,0.0,0.0,0.0,0.03408318632877591,0.0,4.456836654112124,0.0,0.0,4.456836654112124,0.0,0.0,0.0,1.0224955898632773,-390.5126989636261,0.0,0.0,0.0,447.1430115298954,0.0,0.0,0.0,0.0,0.0,-691.062424621683,0.0,0.0,1.0224955898632773,1.0224955898632773,63.89229644431478,410.06986717791966,0.0,0.0,0.0,0.0,0.0,0.0,0.0,-215.78568174858233,153.79437387256496,-159.71281836480966,0.003408318632877591,0.0,0.0,0.0,4.501171657376698,270.18939021199685,0.0,-510.91015083606226,0.0,-228.7610817498051,0.0,0.0,0.0,0.0,0.0,0.0,0.0,0.0,0.0,0.0,0.0,0.0,0.003408318632877591,0.0,0.0,0.0,0.0,0.0,0.0,0.0,0.0,0.0,0.0,1000.0,0.0,0.0,-990.7293848313442,-0.25562389746582426,-0.17041593164387955,0.0,0.0,0.0,0.0,0.0,0.0,0.0,0.0,0.0,0.0,0.0,0.0,395.5234155457293,0.0,0.0,0.0,-410.536366648815,0.0,0.0,0.0,620.0991927746159,0.0,0.0,0.003408318632877591,0.0,0.003408318632877591,0.0,0.0,0.0,2.0449911797265545,4.158148732110661,4.158148732110661,0.0,0.0,0.0,0.0,0.0,0.0,0.0,0.0,0.0,153.79437387256496,0.0,0.0,0.0,788.0533764844157,0.0,0.0,0.0,0.0,0.0,0.0,0.0,0.0,0.0,0.0,0.0,0.0,0.0,251.41809361400354,0.0,-328.522573358318,328.522573358318,0.005112477949316387,0.0,0.0,0.0,-1.0224955898632773,0.0,0.0,0.0,0.0,0.0,-95.31833627342448,0.17041593164387955,0.0,0.0,0.0,0.0,1000.0,-738.1622371657425,0.0,0.0,-31.25000000000003,0.0,0.0,0.0,0.0,0.0,395.5234155457293,0.0,390.5126989636261,121.03603407304585,95.31833627342448,0.0,64.31833627342448,266.24861519240403,0.0,-164.06941475800636,0.0,164.06941475800636,0.0,0.0,0.0,0.17041593164387955,1000.0,0.0,0.0,-4.456836654112124,-135.41268147318448,0.0,0.0,0.0,0.0,0.0,0.0,0.0,0.0,0.0,120.78475186761659,0.0,4.158148732110661,0.0,0.0,0.0,4.456836654112124,0.0,0.0,0.0,0.0,0.0,0.0,0.0,0.0,96.0852079658219,-4.501171657376698,13.980321048187978,0.0,1.0224955898632773,0.0,0.0,0.0,0.0,-355.9348953918216,0.0,0.0,0.003749150496050191,0.0,0.0,0.0,2.0790743660553304,0.0,0.0,0.0,0.0,-41.63667254684896,0.0,602.7307430660286,0.0,0.0,0.0,0.0,0.0,0.0,892.2973818586961,0.0,0.00034083186328775914,0.00034083186328775914,0.0,0.0,0.0,0.0,0.0,0.0,0.0,0.0,0.0,0.0,4.456836654112124,0.0,0.0,0.0,0.0,95.31833627342448,0.0,0.0,0.0,0.0,0.0,0.0,0.0,0.0,0.0,0.0,0.0,0.0,0.0,668.8688166692011,-159.7128183648096,0.0,0.0,0.0,2.0449911797265545,0.0,0.0,0.0,0.0,0.0,0.0,-2.0449911797265545,0.0,0.0,0.0,0.0,0.0,0.0,0.0,0.0,0.0,4.456836654112124,4.456836654112124,0.0,0.0,0.0,790.3880747479369,0.0,-1.0224955898632773,0.0,990.7157515568149,0.0,0.0,0.0,0.0,0.0,0.0,0.0,0.0,0.0,0.0,0.0,0.0,0.0,0.0,0.0,0.0,0.0,-0.42603982910970384,395.5234155457293,-48.21481385050636,787.7977525869499,0.0,0.0,0.0,0.0,0.0,-42.53767936870583,42.49507538579486,135.41268147318448,0.0,0.0,0.0,0.0,0.0,0.0,0.0,840.2871816351903,1.0224955898632773,1.0224955898632773,0.0,0.0,0.0,0.0,0.0,0.003749150496050191,95.31833627342448,0.0,0.0,-990.7157515568149,0.0,0.0,0.0,0.0,0.0,0.0,0.0,0.0,0.0,0.0,0.0,0.0,0.0,0.0,0.0,0.0,0.0,0.0,0.0,3.5787345645214703,0.0,0.0,0.2624405347315756,0.0,0.0,0.0,95.31833627342448,0.0,733.4252367200115,0.0,0.0,0.0,-0.42603982910970384,0.0,0.0,0.0,0.0,0.0,0.0,0.0,0.0,0.0,0.0,0.0,0.0,0.0,0.0,0.0,0.0,0.0,0.0,-0.003408318632877591,0.0,0.0,0.17041593164387955,135.73524119719255,0.0,0.0,0.0,0.0,395.5234155457293,0.0,0.0,0.0,-787.7599202501249,0.08520796582193978,0.0,0.0,328.522573358318,0.003408318632877591,0.0,3.4083186328775916,-1.056578776192053,0.6816637265755183,0.024345133091982794,9.509208985728478,-0.0025562389746581933,24.15001090816415,0.06816637265755182,-0.017041593162175114,-9.509208985728478,1.0224955898632775,-0.003408318632877591,1.313591673197613,0.0,0.0008520796582193978,0.024345133091982794,-3.940775019592839,-0.5426043263503288,4.388670281454572,-174.72158996979107,-0.003408318632877591,0.0008520796582193978,-9.509208985728478,0.3408318632877591,0.003408318632877591,0.003408318632877591,-95.31117880429555,0.0037491504961653503,-61.76151923614725,-0.0025562389746581933,1.0224955898632773,0.003408318632877593,1.0224955898632773,-1.7041593164387954,-0.0017041593164387955,142.73338612125738,-85.0,-0.0025562389746581933,-0.003408318632877591,-1.056578776192053,0.003408318632877591,0.3408318632877591,-0.06816637265755182,251.41809361400354,251.41809361400354,-0.3408318632877591,174.72158996979107,-251.41809361400354,0.6816637265755182,0.005112477949316387,-392.37359474459174,0.3408318632877591,-277.3385188076413,0.0,-0.6816637265755182,0.0017041593164387955,0.03408318632877591,0.6567958365988065,96.0,-0.003408318632877591,-96.0852079658219,95.31117880429555,1.056578776192053,0.003408318632877591,0.5426043263503288,-4.089982359453087,0.0,-0.003408318632877591,-0.0008520796582193978,0.0,-0.003408318632877591,-645.3899112027408,0.0034083186328207477,-0.0008520796582193978,-0.0008520796582193978,-0.0008520796582193978,1.3633274531510364,1.7041593164387954,0.03408318632877591,2.5251380671286054,-0.0008520796582193978,0.0,0.17041593164387955,21.5,0.003408318632877591,0.0017041593164387955,0.0017041593164387955,-114.03970901161479,1.056578776192053,0.003408318632877591,-1.056578776192053,0.03408318632877591,0.003408318632877591,-2.5251380671286054,0.003408318632877591,0.013633274529297523,0.017041593162175114,0.0017041593164387955,0.0008520796582193978,1.0224955898632773,-0.003408318632877591,61.76151923614725,-2.194335140727286,-5.050276134257211,24.064802942342208,-0.3408318632877591,0.6816637265755182,0.17041593164387955,-0.003408318632877591,3.940775019592839,0.005112477949316387,-0.003408318632877591,228.07941802322958,1.056578776192053,706.0844073925952,0.0017041593164387955,-43.0,-0.003408318632877593,-0.0034083186328207477,-0.003408318632877591,0.0017041593164387955,9.509208985728478,-0.6816637265755182,0.003408318632877591,1.313591673197613,-0.0008520796582193978,-0.0037491504961653503,-1.313591673197613,0.5112477949316386,85.0,-64.23236492646298,9.509208985728478,-0.0025562389746581933,96.0852079658219,-96.0,0.003408318632877591,-0.0008520796582193977,0.17041593164387955,3.4083186328775916,-0.0017041593164387955,-0.003408318632877591,0.0008520796582193978,994.3556436520448,0.0,392.3718905852753,0.0,-46.0,0.0,420.7057920792624,-31.0,0.0,-32.0,-93.0,-65.0,0.0,16.0,23.0,46.5,0.0,15.5,-95.31833627342448,-350.14951200077354,0.0,65.0,-350.14951200077354,-420.7057920792624,212.22747128771385,0.0,1496.5981,hclb
224,0.0,0.0,0.0,0.0,0.0,0.0,0.0,0.0,-0.0006219644216314546,0.0,0.0,0.0,0.0,0.0,0.0,0.0,423.31496264080334,555.3883497287824,0.0,-642.6340492291843,0.0,0.0,0.0,0.0,0.0,577.6028937165963,0.0,0.0,0.0,-423.31496264080334,0.0,0.0,531.5256389192934,0.0,0.0,0.0,0.0,-0.0024878576865405566,0.0,-1000.0,999.8134106735106,0.0,0.0,0.0,0.0,0.0,0.0,0.0,0.0,-495.76952035183064,0.0,0.0,0.0,0.0006841608637941104,0.0,0.0,0.0,0.12439288432629092,0.0,0.0,-0.054774333398265575,0.0,-528.3472222351062,-528.4019965685045,0.0,0.0,0.0,0.0,325.8399616640468,251.7629320525495,0.0,0.006219644216314547,0.0,0.0,0.0,0.0,0.0,0.0,0.0,0.0,0.0,0.0,-56.02335068412302,0.0,0.3731786529788728,0.0,0.0,912.7543004995981,0.0,0.0,-0.00015549110540786365,0.0,0.0,-372.2179332205719,0.1865893264894364,0.0,0.1865893264894364,-0.020027254376298563,0.0,0.0,0.0,0.031098221081572727,-423.31496264080334,0.0,0.0,0.0,0.0,0.0,0.0,0.0,0.0,0.0,0.0,0.0,0.0,0.0,0.0,0.0,0.0,0.0,0.0,0.0,0.0,0.0,-702.4925354834899,0.0,0.0,0.1865893264894364,0.0,0.19280897070575095,0.19280897070575095,0.0,523.3906249999983,-523.3906249999983,0.0,0.0,-857.5463795668579,0.0,0.0,857.5463795668579,0.0,0.0,0.0,0.0,0.0,56.071241944588635,0.0006219644216314546,0.0,0.0,0.0,0.0,0.0,0.0,0.0,236.63589173792664,0.0,-241.42180310491227,0.0,0.0,0.0,0.0,0.0,931.2040697844243,931.2040697844243,0.0,0.0,0.0,593.75,0.0,0.0,0.0,931.2046917488459,0.0,0.0,0.0,771.7600635412626,0.0,0.0,0.0,0.0,0.0,0.0,0.0,0.0,0.0,0.0,-236.72230332823872,0.0,0.0,0.0,0.0,-1000.0,0.0,0.0,0.0,0.0,0.0,495.76952035183064,0.0,0.0,0.0,0.0,0.0,0.0,0.0,0.0,0.0,0.0,0.0,-935.2021384370303,0.0,0.0,0.0,0.0,0.0,0.0,0.0,0.0,0.0,0.0,0.0,0.0,0.0,241.22862593901903,-29.934248328222488,0.0,0.0,0.0,0.0,0.0,62.44482088344679,0.0,0.0,0.0,0.0,-0.054774333398265575,0.0,0.0,0.0,594.8054573812889,0.0,0.0,0.0,0.0,0.0,0.0,0.0,0.0,0.0,0.0,0.0,912.7543004995981,0.0,0.0,0.0,0.0,0.0,-691.0266386866729,0.0,0.0,0.0,247.82207652828862,0.0,0.0,0.0,0.0,1000.0,-1000.0,1000.0,0.0,0.0,0.0,-1000.0,495.76952035183064,0.0,-60.32392220568357,0.0,0.0,0.0,-845.9336125451212,0.0,845.9336125451212,0.0,1000.0,0.0,0.0,0.0,593.75,0.0,0.0,-0.054774333398265575,-0.0009329466324471819,0.0,0.0,0.0,0.0,0.0006219644216314546,0.0,0.0,0.0,937.3685897900638,423.31496264080334,0.0,0.0,-853.3114393315419,0.0,1000.0,0.0,0.05355113670246774,0.0,0.0,0.0,0.0,0.0,-0.05355113670246774,0.0,0.0,-576.6850373591967,-422.4398847900657,0.0,0.0,0.0,0.0,0.0,0.0,0.0,0.0,0.0,0.0,0.0,0.0,0.0,0.0,0.0,0.0,594.8054573812889,466.16939051766593,0.0,466.16939051766593,0.0,0.0,0.0,0.0,0.0,0.0,-56.071241944588635,0.0,56.02335068412302,0.0,0.0,0.0,-325.8399616640468,0.0,-0.031098221081572733,-130.3051924558366,0.0,0.0,90.84034697400944,0.0,-0.8374750937267538,0.0,0.0,-537.6871240290864,130.28964334529581,-90.87144519509101,0.0,0.0,577.1986168425358,50.614680832034026,0.0,0.1865893264894364,0.0,0.0,0.0,542.39825438113,0.0,0.0,0.0,-241.22862593901903,241.22862593901903,241.22862593901903,-950.0620315984677,0.0,0.0,-68.79655217999736,0.0,0.0,0.0,0.0,0.0,-0.10954866679654174,0.0,0.0,0.0,0.0,0.0,0.0,0.0,-30.120837654711924,0.0012439288432633255,0.0,0.0,0.0,0.0,0.0,0.0,0.0,0.0,0.0,0.0,0.0,0.0,0.0,0.0,0.0,0.0,0.0,0.0,0.0,0.0006841608637941104,0.0006841608637941104,0.0,112.22899752768507,0.0,0.3731786529788728,0.0,0.0,0.0,1000.0,0.0,0.0,0.0,0.0,0.0,-954.3086592396401,-1000.0,0.0,0.0,0.0,0.0,0.0,0.0,0.0,0.0,0.0,0.0,0.0,0.0,0.0,234.1641784944966,-937.3685897900638,0.0,0.0,592.0504037792299,0.0,-51.40433747068645,-320.81359574988545,-383.2584166333323,0.0,-954.3086592396401,0.0,-493.0123925763093,-491.41710431804273,0.0,0.0,241.22862593901903,0.0,0.0,0.0,0.0,0.0,0.0,0.0,0.0,0.0,0.0,0.0,0.0,0.0,0.3731786529788728,0.0,0.0,0.0,0.0,0.0,0.0,0.0,0.0,0.0,0.0,0.0,0.0,0.006219644216314547,0.0,0.0,0.0,0.0,0.0,0.0,0.0,0.0,0.1865893264894364,0.0,0.0,0.0,592.0025125187643,0.0,0.0,0.0,0.0,0.0,0.0,-634.8919563710779,173.94615225452634,0.0,0.1865893264894364,0.1865893264894364,1000.0,-1000.0,0.0,0.0,0.0,0.0,0.0,0.0,0.0,0.0,0.0,247.9552183788124,0.0006219644216314546,0.0,0.0,0.05015698800156516,0.0,500.5393843330115,0.0,372.2179332205719,0.0,0.0,0.0,0.0,0.0,0.0,0.0,0.0,0.0,0.0,0.0,0.0,0.0,0.0,0.0006219644216314546,0.0,0.0,0.0,0.0,0.0,0.0,0.0,0.0,0.0,-484.14138305168285,519.970959430892,-236.63589173792664,-35.87746763967483,0.0,-0.0466473316223591,-0.03109822108157273,0.0,0.0,0.0,0.0,0.0,0.0,0.0,0.0,0.0,0.0,0.0,0.0,0.0,0.0,0.0,0.0,577.2297150636174,0.0,0.0,0.0,-0.0006219644216314546,0.0,0.0,0.0006219644216314546,0.0,0.0006219644216314546,0.0,577.6028937165963,0.0,0.3731786529788728,0.7587965943903747,0.7587965943903747,0.0,0.0,0.0,0.0,0.0,0.0,56.02335068412302,0.0,0.0,0.0,0.0,0.0,0.0,0.0,0.0,0.0,0.0,0.0,0.0,0.0,0.0,0.0,0.0,0.0,0.0,0.0,0.0,62.44482088344679,0.0,0.0,0.0,0.0009329466324471819,0.0,0.0,0.0,-0.1865893264894364,0.0,0.0,0.0,0.0,0.0,-112.22899752768507,0.031098221081572727,0.0,0.0,0.0,-593.75,0.0,480.02904056910796,0.0,0.0,0.0,0.0,0.0,0.0,0.0,0.0,0.0,0.0,0.0,0.0,-128.99962841133396,0.0,64.8756071156737,500.5393843330115,0.0,908.0991816762022,91.90081832379785,-1000.0,236.63589173792664,-691.7854352810632,0.0,0.03109822108157273,1000.0,0.0,0.0,0.0,-0.10954866679654174,0.0,0.0,0.0,0.0,0.0,0.0,0.0,0.0,0.0,236.629008664994,0.0,0.7587965943903747,0.0,0.0,0.0,0.0,0.0,0.0,0.0,0.0,0.0,0.0,0.0,0.0,112.36893952255215,-0.05015698800156516,439.24098437306776,0.0,0.1865893264894364,0.0,0.0,0.0,0.0,-255.6880939292338,0.0,0.0,0.0006841608637941104,0.0,0.0,0.0,0.37939829719518736,0.0,0.0,0.0,0.0,-29.934248328222488,0.0,0.0,0.0,0.0,0.0,0.0,0.0,0.0,0.0,0.0,6.219644216314547e-05,6.219644216314547e-05,0.0,0.0,0.0,0.0,0.0,0.0,0.0,0.0,0.0,0.05015698800156516,0.0,0.0,0.0,0.0,0.0,112.22899752768507,0.0,0.0,0.0,0.0,0.0,0.0,0.0,495.76952035183064,0.0,0.0,0.0,0.0,0.0,-796.0041239475776,555.3883497287824,0.0,0.0,0.0,0.3731786529788728,0.0,0.0,0.0,0.0,0.0,-878.5300575936544,878.1568789406756,0.0,0.0,0.0,0.0,0.0,0.0,0.0,0.0,0.0,0.0,0.0,0.0,329.60489683112195,-1000.0,0.4260456288175465,-1000.0,999.8134106735106,0.0,-0.0024878576865405566,0.0,0.0,0.0,0.0,0.0,0.0,0.0,0.0,0.0,0.0,0.0,0.0,0.0,0.0,0.0,0.0,0.0,-0.07774555270393183,0.0,-0.0466473316223591,-0.04664733162235907,0.0,0.0,0.0,0.0,0.0,0.0,-0.007774555270393184,236.74544040472318,0.0,0.0,0.0,0.0,0.0,0.0,0.0,1000.0,0.1865893264894364,0.1865893264894364,0.0,0.0,0.0,0.0,0.0,0.0006841608637941104,112.22899752768507,0.0,0.0,0.0024878576865405566,0.0,0.0,0.0,0.0,0.0,0.0,0.0,0.0,0.0,0.0,0.0,0.0,0.0,0.0,0.0,0.0,0.0,0.19280897070575095,0.0,0.6530626427130275,0.0,0.0,56.071241944588635,0.0,0.0,0.0,112.22899752768507,0.0,-480.08016604456583,0.0,0.0,0.0,-0.07774555270393183,0.0,0.0,0.0,0.0,0.0,0.0,0.0,0.0,0.0,0.0,0.0,0.0,0.0,0.0,0.0,0.0,0.0,0.0,-0.0006219644216314546,0.0,0.0,0.031098221081572727,954.3086592396401,0.0,0.0,0.0,0.0,0.0,0.0,0.0,0.0,0.05355113670246774,0.015549110540786375,0.0,0.0,577.6028937165963,0.0006219644216314546,0.0,0.6219644216314546,0.0,0.12439288432629092,0.004442603011653247,2.1208986777632606,-0.00046647331622359095,0.031098221081572733,0.012439288432629092,-0.003109822108172011,-2.1208986777632606,0.18658932648943638,-0.0006219644216314546,0.0,0.0,0.00015549110540786365,0.004442603011653247,0.0,-0.09901673592355564,-0.012439288432629092,-336.06926314040146,-0.0006219644216314546,0.00015549110540786365,-2.1208986777632606,0.06219644216314546,0.0006219644216314546,0.0006219644216314546,-112.22769140239964,0.0006841608637946,-61.107092240993836,-0.00046647331622359095,0.1865893264894364,0.0006219644216314546,0.1865893264894364,-0.3109822108157273,-0.0003109822108157273,302.5288953459061,-62.50763929003156,-0.00046647331622359095,-0.0006219644216314546,0.0,0.0006219644216314546,0.06219644216314546,-0.012439288432629092,62.44482088344679,62.44482088344679,-0.06219644216314546,336.06926314040146,-62.44482088344679,0.12439288432629092,0.0009329466324471819,180.27409021018482,0.06219644216314546,-234.1641784944966,0.0,-0.12439288432629092,0.0003109822108157273,0.006219644216314547,0.0,-128.87523552700767,-0.0006219644216314546,-112.36893952255215,112.22769140239964,0.19280897070575095,0.0006219644216314546,0.09901673592355564,-0.7463573059577016,0.0,-0.0006219644216314546,-0.00015549110540786365,0.0,-0.0006219644216314546,-30.120837654711924,0.0006219644216314546,-0.00015549110540786365,-0.00015549110540786365,-0.00015549110540786365,0.24878576865258184,0.3109822108157273,0.006219644216314547,212.11781273796169,-0.00015549110540786365,0.0,0.03109822108157273,15.091517048437534,0.0006219644216314546,0.0003109822108157273,0.0003109822108157273,0.06219644216314546,0.0,0.0006219644216314546,0.0,0.006219644216314547,0.0006219644216314546,-635.4318424321326,0.0006219644216314546,0.0024878576865405566,0.003109822108172011,0.0003109822108157273,0.00015549110540786365,0.1865893264894364,-0.0006219644216314546,61.107092240993836,0.006219644216314546,-424.23562547592337,0.015549110540786368,-0.06219644216314546,0.12439288432629092,0.03109822108157273,-0.0006219644216314546,0.0,0.0009329466324471819,-0.0006219644216314546,-0.12439288432629092,0.0,340.73294595373875,0.0003109822108157273,-30.18303409687507,-0.0006219644216314546,-0.0006219644216314546,-0.0006219644216314546,0.0003109822108157273,2.1208986777632606,-0.12439288432629092,0.0006219644216314546,0.0,-0.00015549110540786365,-0.0006841608637946,0.0,0.09329466324471819,62.50763929003156,-398.6235423317628,2.1208986777632606,-0.00046647331622359095,112.36893952255215,128.87523552700767,0.0006219644216314546,-0.00015549110540786365,0.03109822108157273,0.6219644216314546,-0.0003109822108157273,-0.0006219644216314546,0.00015549110540786365,1000.0,0.0,-180.27440119239563,423.3140296941709,-46.0,0.0,452.08256884297356,-31.0,0.0,-32.0,-93.0,-65.0,0.0,16.0,23.0,46.5,0.0,15.5,-112.22899752768507,-85.04485202450495,0.0,65.0,-85.04485202450495,-452.08256884297356,226.38336485338405,0.0,1496.5981,hclb
225,0.0,0.0,0.0,0.0,0.0,0.0,0.0,0.0,-0.00809572230094098,0.0,0.0,0.0,0.0,0.0,0.0,0.0,-104.07355965530724,-370.15385171053646,0.0,0.0,0.0,0.0,0.0,312.45092012807527,0.0,92.07032074170836,0.0,0.0,0.0,-17.17604988635958,0.0,0.0,444.43152309745403,0.0,0.0,0.0,0.0,0.0,0.0,-1000.0,997.5712833097177,0.0,0.0,975.2035991957259,0.0,0.0,0.0,0.0,-635.7713329431027,0.0,0.0,0.0,0.0,0.008905294531031949,0.0,0.0,0.0,1.619144460188196,0.0,0.0,-0.7129632773027863,0.0,0.7129632773027863,0.0,0.0,0.0,0.0,0.0,0.0,0.0,0.0,0.0809572230094098,0.0,0.0,0.0,0.0,0.0,0.0,0.0,0.0,0.0,0.0,0.0,0.0,4.857433380564588,0.0,0.0,0.0,0.0,532.3862438618215,200.24529902324173,0.0,0.0,0.0,2.428716690282294,0.0,2.428716690282294,0.0,0.0,0.0,0.0,0.404786115047049,-17.17604988635958,0.0,0.0,-24.33717076901837,545.1782625867086,0.0,0.0,0.0,0.0,0.0,0.0,0.0,0.0,0.0,0.0,0.0,0.0,0.0,0.0,0.0,0.0,0.0,-198.3309292849927,0.0,0.0,2.428716690282294,0.0,2.5096739132917034,0.0,0.0,-519.9322715294188,0.0,519.9322715294188,-519.9322715294188,0.0,0.0,0.0,0.0,0.0,0.0,0.0,0.0,0.0,0.623370617172455,0.00809572230094098,200.24732295381696,0.0,0.0,-942.3455134900992,0.0,0.0,0.0,0.0,0.0,232.18553567663434,0.0,0.0,0.0,0.0,0.0,693.5212608020585,693.5212608020585,0.0,0.0,0.0,0.0,0.0,0.0,0.0,693.5293565243594,0.0,0.0,0.0,995.7900111325471,0.0,0.0,0.0,0.0,0.0,0.0,0.0,0.0,0.0,0.0,-1.4178308323046316,0.0,0.0,0.0,0.0,-1000.0,0.0,0.0,0.0,0.0,0.0,0.0,0.0,428.30054062306283,-428.30054062306283,0.0,0.0,0.0,0.0,0.0,0.0,0.0,0.0,-883.8601184676351,0.0,0.0,0.0,0.0,0.0,0.0,0.0,0.0,0.0,0.0,0.0,0.0,0.0,0.0,357.40553982376696,757.0209424847695,0.0,0.0,0.0,0.0,16.634088657247222,0.0,0.0,0.0,0.0,-0.7129632773027863,-218.18265671095628,0.0,0.0,0.0,0.0,0.0,0.0,0.0,0.0,335.69363496957357,0.0,0.0,0.0,428.30054062306283,0.0,-207.4707923200399,0.0,-757.0209424847695,0.0,0.0,0.0,0.0,0.0,0.0,0.0,-0.8159138792298108,0.0,0.0,-481.36841368427287,-481.3684136842726,0.0,0.0,0.0,481.3684136842726,428.30054062306283,0.0,693.9180218556291,0.0,0.0,5.952976562378112,0.0,0.0,0.0,0.0,0.0,0.0,0.0,693.5131650797575,0.0,0.0,91.56267133662561,0.0,0.0,0.0,-0.7129632773027863,-0.012143583451411468,0.0,0.0,0.0,0.0,0.00809572230094098,0.0,0.0,0.0,645.243559682897,-104.07355965530724,0.0,-291.9697249151595,-629.4208892220516,0.0,1000.0,0.0,263.87410859813093,0.0,-24.33717076901837,0.0,0.0,0.0,-0.6970416901110151,-263.1770669080199,0.0,630.3909863363491,387.70217395800205,0.0,0.0,0.0,0.0,0.0,0.0,0.0,0.0,0.0,0.0,0.0,0.0,0.0,0.0,0.0,0.0,0.0,454.8879228852918,0.0,454.8555399960879,0.0,0.0,335.4329527114836,0.0,0.0,0.0,-336.317005586746,0.0,0.0,0.0,0.0,0.0,0.0,-906.25,112.2857244352864,-1000.0,263.1770669080199,-358.8959750840704,-163.55766823983754,0.0,-10.90089007821703,906.25,-1000.0,1000.0,999.7976069424765,163.1528821247905,0.0,0.0,-5.262219495611637,0.0,0.0,2.428716690282294,0.0,0.0,0.0,454.71591283905207,0.0,0.0,0.0,0.0,0.0,0.0,-776.9454958595451,0.0,0.0,0.0,0.0,0.0,0.0,0.0,0.0,-1.4259265546055726,0.0,31.249999999999545,0.0,0.0,0.0,0.0,0.0,-42.1904277699059,0.016191444601872718,0.0,0.0,0.0,0.0,0.0,0.0,0.0,0.0,0.0,0.0,0.0,0.0,0.0,0.0,0.0,0.0,0.0,0.0,0.0,0.008905294531031949,0.008905294531031949,0.0,77.23872577757558,0.0,4.857433380564588,0.0,0.0,0.0,1000.0,0.0,411.6625362862831,0.0,0.0,0.0,-748.2982084022551,-1000.0,0.0,0.0,0.0,0.0,0.0,0.0,0.0,0.0,0.0,0.0,0.0,0.0,0.0,66.11030976166423,-645.243559682897,397.16725090339054,887.3094894496666,0.623370617172455,0.0,0.0,0.0,-16.634088657247222,0.0,-748.2982084022551,0.0,0.0,-790.488636172161,0.0,0.0,0.0,0.0,0.0,0.0,0.0,0.0,0.0,0.0,0.0,0.0,0.0,0.0,0.0,0.0,4.857433380564588,0.0,0.0,0.0,0.0,0.0,0.0,0.0,0.0,0.0,0.0,0.0,0.0,0.0809572230094098,0.0,0.0,0.0,0.0,0.0,0.0,0.0,0.0,2.428716690282294,0.0,0.0,0.0,0.0,887.3094894496666,0.0,0.0,0.0,0.0,0.0,313.27668380277123,0.0,0.0,2.428716690282294,2.428716690282294,1000.0,-1000.0,0.0,0.0,0.0,0.0,0.0,0.0,0.0,386.7850635500105,0.0,387.70217395800205,0.00809572230094098,0.0,0.0,10.69155783014984,0.0,437.9476093293232,0.0,0.0,0.0,0.0,0.0,0.0,0.0,0.0,0.0,0.0,0.0,0.0,0.0,0.0,0.0,0.0,0.00809572230094098,0.0,0.0,0.0,0.0,0.0,0.0,0.0,0.0,0.0,-15.193665875846364,14.309613000584022,0.0,0.0,-0.03238288920397281,-0.6071791725705735,-0.404786115047049,0.0,0.0,0.0,0.0,0.0,0.0,0.0,0.0,0.0,0.0,0.0,0.0,0.0,0.0,0.0,0.0,-4.857433380564588,0.0,0.0,0.0,-0.00809572230094098,0.0,0.0,0.00809572230094098,0.0,0.00809572230094098,0.0,0.0,0.0,4.857433380564588,9.876781207147996,9.876781207147996,0.0,0.0,0.0,0.0,0.0,0.0,0.0,397.16725090339054,0.0,0.0,0.0,0.0,0.0,0.0,0.0,0.0,0.0,0.0,0.0,0.0,0.0,0.0,0.0,0.0,0.0,0.0,0.0,16.634088657247222,0.0,-92.07032074170836,92.07032074170836,0.012143583451411468,0.0,0.0,0.0,-2.428716690282294,0.0,0.0,0.0,0.0,0.0,-77.23872577757558,0.404786115047049,0.0,0.0,0.0,0.0,0.0,-503.1076689368721,0.0,0.0,31.249999999999545,0.0,0.0,0.0,0.0,0.0,0.0,0.0,0.0,0.0,77.23872577757558,0.0,117.15184681998257,413.61043856030483,0.0,-824.2310086477717,0.0,824.2310086477717,0.0,-9.876781207147996,0.0,0.404786115047049,81.22567625549557,0.0,0.0,0.0,-1.4259265546055726,0.0,0.0,0.0,0.0,0.0,0.0,0.0,0.0,0.0,0.810651659734055,-0.6071791725707385,9.876781207147996,0.0,856.0326170641574,856.0326170641574,-856.0326170641574,0.0,0.0,0.0,0.0,0.0,335.69363496957357,0.0,0.0,78.45308412271673,-10.69155783014984,0.0,0.0,2.428716690282294,0.0,0.0,0.0,0.0,-62.18184067706321,0.0,0.0,0.008905294531031949,0.0,0.0,0.0,4.938390603573998,0.0,0.0,0.0,0.0,357.40553982376696,0.0,545.1782625867086,0.0,0.0,0.0,0.0,0.0,0.0,223.28967638389486,0.0,0.000809572230094098,0.000809572230094098,0.0,0.0,0.0,0.0,0.0,0.0,0.0,0.0,0.0,10.69155783014984,0.0,0.0,0.0,0.0,0.0,77.23872577757558,0.0,0.0,0.0,0.0,0.0,0.0,0.0,0.0,0.0,0.0,0.0,0.0,0.0,-150.00043039808855,-370.15385171053646,0.0,0.0,0.0,4.857433380564588,0.0,0.0,0.0,0.0,0.0,0.0,-4.857433380564588,0.0,0.0,0.0,0.0,0.0,0.0,0.0,0.0,0.0,0.0,0.0,0.0,1000.0,1000.0,5.545569776144571,0.0,-2.428716690282294,0.0,0.0,0.0,0.0,0.0,0.0,0.0,0.0,0.0,0.0,0.0,0.0,0.0,0.0,0.0,0.0,0.0,0.0,0.0,-1.0119652876176226,0.0,-0.6071791725705735,0.0,0.0,0.0,0.0,0.0,0.0,0.0,-0.10119652876176224,1.4259265546055726,0.0,0.0,0.0,0.0,0.0,0.0,0.0,1000.0,2.428716690282294,2.428716690282294,0.0,0.0,0.0,0.0,0.0,0.008905294531031949,77.23872577757558,0.0,0.0,0.0,0.0,0.0,0.0,0.0,0.0,0.0,0.0,0.0,0.0,0.0,0.0,0.0,0.0,0.0,0.0,0.0,0.0,0.0,0.0,8.50050841598803,0.623370617172455,0.0,0.0,0.0,0.0,0.0,77.23872577757558,0.0,838.1358355333086,0.0,0.0,0.0,-1.0119652876176226,0.0,0.0,0.0,0.0,0.0,0.0,0.0,0.0,0.0,0.0,0.0,0.0,0.0,0.0,0.0,0.0,0.0,0.0,-0.00809572230094098,0.0,0.0,0.404786115047049,748.2982084022551,0.0,0.0,0.0,0.0,0.0,0.0,0.0,0.0,0.6970416901110151,0.2023930575235245,0.0,0.0,92.07032074170836,0.00809572230094098,0.0,8.095722300940979,-2.5096739132917034,1.6191444601881961,0.05782658786386414,22.58706521962533,-0.006071791725705734,0.4047861150470453,0.1619144460188196,-0.04047861150491379,-22.58706521962533,2.428716690282294,-0.00809572230094098,8.112390256339458,0.0,0.002023930575235245,0.05782658786386414,-24.33717076901837,-1.2888389903093866,-0.16191444601884086,474.2274113658437,-0.00809572230094098,0.002023930575235245,-22.58706521962533,0.809572230094098,0.00809572230094098,0.00809572230094098,-77.22172476074361,0.008905294531035078,0.0,-0.006071791725705734,2.428716690282294,0.00809572230094098,2.428716690282294,-4.04786115047049,-0.00404786115047049,-183.5111941385976,-17.45175660964226,-0.006071791725705734,-0.00809572230094098,-2.5096739132917034,0.00809572230094098,0.809572230094098,-0.1619144460188196,16.634088657247222,16.634088657247222,-0.809572230094098,-474.2274113658437,-16.634088657247222,1.619144460188196,0.012143583451411468,-702.9988669139477,0.809572230094098,-66.11030976166423,0.0,-1.619144460188196,0.00404786115047049,0.0809572230094098,72.99243122878987,78.85787023776378,-0.00809572230094098,-79.06026329528747,77.22172476074361,2.5096739132917034,0.00809572230094098,1.2888389903093866,-9.714866761129223,0.0,-0.00809572230094098,-0.002023930575235245,0.0,-0.00809572230094098,-587.3686903566145,0.0080957223006778,-0.002023930575235245,-0.002023930575235245,-0.002023930575235245,3.238288920376392,4.04786115047049,0.0809572230094098,5.997918259708754,-0.002023930575235245,137.87247220124027,0.404786115047049,21.5,0.00809572230094098,0.00404786115047049,0.00404786115047049,0.809572230094098,2.5096739132917034,0.00809572230094098,-2.5096739132917034,0.0809572230094098,0.00809572230094098,-5.997918259708754,0.00809572230094098,0.03238288920397281,0.04047861150491379,0.00404786115047049,0.002023930575235245,2.428716690282294,-0.00809572230094098,0.0,0.08095722300942043,-11.995836519417509,0.20239305752352266,-0.809572230094098,1.619144460188196,0.404786115047049,-0.00809572230094098,24.33717076901837,0.012143583451411468,-0.00809572230094098,-1.6191444601881955,2.5096739132917034,274.07409544449445,0.00404786115047049,-43.0,-0.00809572230094098,-0.0080957223006778,-0.00809572230094098,0.00404786115047049,22.58706521962533,-1.619144460188196,0.00809572230094098,145.98486245757974,-0.002023930575235245,-0.008905294531035078,-145.98486245757974,1.2143583451411468,17.45175660964226,308.9937286003943,22.58706521962533,-0.006071791725705734,79.06026329528747,-78.85787023776378,0.00809572230094098,-0.002023930575235245,0.404786115047049,8.095722300940979,-0.00404786115047049,-0.00809572230094098,0.002023930575235245,1000.0,0.0,-257.6919654320871,0.0,-46.0,0.0,-108.0,-31.0,0.0,-32.0,-93.0,278.39625962321975,-960.6867844848844,16.0,23.0,46.5,0.0,15.5,-77.23872577757558,-211.89225476743124,960.6867844848844,-278.39625962321975,-211.89225476743124,108.0,-49.54735273448244,0.0,1496.5981,hclb
226,0.0,0.0,0.0,0.0,0.0,0.0,0.0,0.0,-0.014415299296594814,0.0,0.0,0.0,0.0,0.0,0.0,0.0,38.824420501407104,-890.4062499999933,0.0,1000.0,0.0,0.0,0.0,3.297493475748935,0.0,0.0,0.0,0.0,0.0,-912.5021147465743,0.0,0.0,378.9003731046264,0.0,0.0,0.0,0.0,504.5550780124845,0.0,-1000.0,995.6754102110216,0.0,0.0,342.66247562802107,0.0,0.0,0.0,172.13036194605843,460.7946414133024,-857.6685557655882,0.0,405.997766413299,0.0,0.01585682922632259,0.0,0.0,0.0,0.0,0.0,0.0,105.63379209322645,0.0,222.88957653183977,0.0,0.0,0.0,0.0,0.0,0.0,663.9560228346696,0.0,0.14415299296594816,0.0,0.0,0.0,0.0,0.0,0.0,0.0,0.0,0.0,0.0,0.0,0.0,8.64917957795689,0.0,2.6044900904107986,1000.0,952.7578328039182,-409.5343400916937,-0.0036038248241487035,0.0,0.0,-1000.0,4.324589788978445,0.0,4.324589788978445,0.0,616.5874669709796,0.0,0.0,0.7207649648297407,-1000.0,0.0,0.0,-10.299477212236917,0.0,0.0,0.0,0.0,0.0,0.0,0.0,0.0,0.0,0.0,0.0,0.0,0.0,0.0,0.0,0.0,0.0,0.0,-188.99279895167547,0.0,0.0,4.324589788978445,0.0,4.4687427819443934,0.0,0.0,0.0,0.0,0.0,0.0,0.0,0.0,0.0,-328.5233686250662,0.0,0.0,0.0,0.0,0.0,3.7144681362485987,0.014415299296594814,0.0,0.0,0.0,-962.5347831977074,962.5347831977074,0.0,0.0,0.0,0.0,280.64042148569695,0.0,0.0,0.0,0.0,0.0,876.6295554603012,876.6295554603012,0.0,0.0,0.0,0.0,-1000.0,0.0,0.0,876.6439707595978,0.0,0.0,0.0,0.0,-172.84208785090283,0.0,0.0,0.0,0.0,0.0,0.0,0.0,0.0,0.0,0.0,0.0,0.0,0.0,0.0,-32.371791251309276,0.0,0.0,0.0,0.0,0.0,857.6685557655882,-405.997766413299,-54.796875000003354,54.796875000003354,328.5233686250662,0.0,0.0,0.0,0.0,0.0,0.0,87.49788525342568,-939.6849722713933,0.0,0.0,0.0,0.0,0.0,0.0,0.0,0.0,0.0,0.0,0.0,0.0,0.0,303.10313620943094,4.107580037812901,818.8808192451638,0.0,0.0,0.0,0.0,-326.46831344841667,0.0,0.0,0.0,0.0,105.63379209322645,476.21834361714275,0.0,0.0,0.0,0.0,0.0,0.0,0.0,0.0,0.4641726373462234,175.0134218053774,0.0,0.0,-436.1041604731607,571.4505473307609,1000.0,0.0,-818.8808192451638,0.0,0.0,328.5233686250662,-982.4133348581544,0.0,0.0,0.0,272.82247875507977,0.0,0.0,-853.8011930160394,-853.8011930160393,0.0,0.0,0.0,853.8011930160393,897.9609578039149,0.0,-1000.0,857.6685557655882,0.0,38.163629860849994,0.0,0.0,0.0,-31.651576780512226,0.0,31.651576780512226,0.0,868.8016698897721,0.0,0.0,-589.4109658756624,0.0,0.0,0.0,105.63379209322645,-0.02162294894489222,0.0,0.0,0.0,0.0,0.014415299296594814,0.0,0.0,0.0,25.527973648335063,38.824420501407104,0.0,-739.5307543935055,-166.8825460963347,172.84208785090283,1000.0,0.0,0.0,0.0,-10.299477212236917,0.0,0.0,0.0,-1.2411572694368815,774.5705693072185,-773.3294120377817,-87.17355863255517,0.0,0.0,0.0,0.0,0.0,0.0,0.0,0.0,0.0,0.0,0.0,0.0,0.0,0.0,0.0,0.0,0.0,0.0,-495.38726079033097,0.0,-1000.0,0.0,0.0,0.0,0.0,0.0,0.0,-4.178640773594822,0.0,616.5874669709796,0.0,0.0,0.0,0.0,0.0,-0.7207649648297407,0.0,-774.5705693072185,-347.2581720250341,129.8652808815392,0.0,753.9192115349168,0.0,0.0,764.7693742285219,-0.36038248241487036,-130.58604584636896,-477.93286341979865,0.0,358.94992506420067,0.0,-273.9126987690245,4.324589788978445,0.0,0.0,0.0,0.0,0.0,0.0,0.0,-303.10313620943094,303.10313620943094,303.10313620943094,-258.10201107840015,0.0,0.0,0.0,0.0,0.0,87.49788525342568,0.0,0.0,-112.04680425779173,0.0,0.0,0.0,0.0,0.0,0.0,0.0,-0.21700975116554366,0.028830598593231116,0.0,0.0,0.0,0.0,0.0,0.0,0.0,0.0,0.0,663.9560228346696,0.0,0.0,0.0,0.0,0.0,0.0,0.0,0.0,0.0,0.01585682922632259,0.01585682922632259,0.0,396.220076350112,0.0,8.64917957795689,0.0,148.50367887887757,0.0,1000.0,0.0,0.0,2.6044900904107986,0.0,0.0,54.9211667217902,-1000.0,0.0,0.0,0.0,0.0,0.0,0.0,0.0,0.0,0.0,0.0,0.0,0.0,0.0,62.99759965055849,-25.527973648335063,0.0,0.0,3.7144681362485987,0.0,-973.6589311117566,-26.3410688882434,-28.396124064892945,0.0,54.9211667217902,0.0,814.9534090860129,-760.2492521153882,0.0,0.0,303.10313620943094,0.0,0.0,0.0,0.0,0.0,0.0,0.0,0.0,0.0,0.0,0.0,0.0,0.0,8.64917957795689,328.5233686250662,328.5233686250662,0.0,0.0,0.0,0.0,0.0,0.0,0.0,0.0,0.0,0.0,0.14415299296594816,0.0,0.0,2.6044900904107986,-2.6044900904107986,0.0,-405.997766413299,0.0,0.0,4.324589788978445,0.0,0.0,0.0,0.0,0.0,0.0,0.0,0.0,0.0,0.0,-802.6320590487753,588.6267973416359,0.0,4.324589788978445,4.324589788978445,1000.0,-1000.0,0.0,0.0,0.0,0.0,0.0,0.0,0.0,87.17355863255517,87.49788525342568,584.7019416308453,0.014415299296594814,0.0,0.0,0.0,19.0374620496244,358.5184284313181,0.0,1000.0,0.0,0.0,0.0,0.0,0.0,0.0,0.0,0.0,0.0,0.0,0.0,0.0,0.0,0.0,0.014415299296594814,0.0,0.0,0.0,-1000.0,1000.0,0.0,0.0,0.0,0.0,0.0,612.4088261973848,0.0,0.0,-504.61273920966903,-1.0811474472446112,-0.7207649648297407,0.0,0.0,0.0,0.0,0.0,0.0,0.0,0.0,0.0,0.0,0.0,0.0,328.5233686250662,172.84208785090283,0.0,0.0,85.75799126000595,0.0,0.0,0.0,-0.014415299296594814,0.0,0.0,0.014415299296594814,0.0,0.014415299296594814,0.0,0.0,0.0,8.64917957795689,17.586665141845675,17.586665141845675,0.0,0.0,0.0,0.0,0.0,0.0,0.0,0.0,0.0,87.49788525342568,0.0,0.0,0.0,0.0,0.0,0.0,0.0,0.0,0.0,0.0,0.0,0.0,0.0,0.0,0.0,0.0,0.0,2.055055176649546,0.0,0.0,0.0,0.02162294894489222,0.0,0.0,0.0,-4.324589788978445,0.0,0.0,0.0,0.0,0.0,-396.220076350112,0.7207649648297407,0.0,0.0,0.0,0.0,1000.0,0.0,0.0,0.0,0.0,0.0,0.0,0.0,0.0,0.0,328.5233686250662,0.0,0.0,112.46305174127723,93.11694014068104,0.0,62.11694014068104,348.2189512190812,0.0,-4.178640773594822,616.5874669709796,-612.4088261973848,0.0,-1000.0,148.50367887887757,0.7207649648297407,836.0655884893006,0.0,0.0,0.0,-117.25578443861333,0.0,0.0,-468.7500000000039,468.7500000000039,0.0,0.0,0.0,0.0,0.0,0.0,-2.1622948944892273,17.586665141845675,0.0,0.0,0.0,0.0,0.0,0.0,0.0,0.0,0.0,0.4641726373462234,0.0,0.0,397.3012237973566,-682.993484884294,0.0,0.0,4.324589788978445,2.6044900904107986,0.0,0.0,0.0,173.32349367852765,0.0,0.0,0.01585682922632259,0.0,0.0,0.0,8.793332570922837,0.0,0.0,0.0,0.0,4.107580037812901,0.0,0.0,0.0,0.0,0.0,0.0,0.0,0.0,0.0,0.0,0.0014415299296594815,0.0014415299296594815,0.0,0.0,0.0,0.0,0.0,0.0,0.0,0.0,0.0,0.0,0.0,0.0,0.0,0.0,0.0,396.220076350112,0.0,0.0,0.0,0.0,0.0,0.0,0.0,857.6685557655882,0.0,0.0,0.0,5.208980180821597,132.44571600281753,0.0,-890.4062499999933,0.0,0.0,0.0,8.64917957795689,0.0,0.0,0.0,0.0,0.0,0.0,-8.64917957795689,0.0,5.208980180821597,0.0,0.0,0.0,0.0,0.0,0.0,0.0,0.0,0.0,0.0,309.99463919501403,-1000.0,9.874480018167452,0.0,-4.324589788978445,0.0,504.5550780124845,0.0,0.0,0.0,0.0,0.0,0.0,0.0,0.0,0.0,140.625,0.0,-140.625,-140.625,0.0,0.0,0.0,148.50367887887757,-1.801912412074352,328.5233686250662,-1.0811474472446112,1.0811474472446168,0.0,0.0,0.0,0.0,0.0,0.0,-0.1801912412074352,112.04680425779173,0.0,0.0,0.0,0.0,0.0,0.0,0.0,894.6965808258594,4.324589788978445,4.324589788978445,0.0,0.0,0.0,0.0,0.0,0.01585682922632259,396.220076350112,0.0,0.0,-504.5550780124845,0.0,0.0,0.0,0.0,0.0,0.0,0.0,0.0,0.0,0.0,0.0,0.0,0.0,0.0,0.0,0.0,0.0,0.0,0.0,15.136064261424558,3.7144681362485987,0.0,0.0,0.0,0.0,0.0,396.220076350112,0.0,-0.7207649648297407,0.0,0.0,0.0,-1.801912412074352,0.0,0.0,0.0,0.0,0.0,0.0,0.0,0.0,0.0,0.0,0.0,0.0,0.0,0.0,0.0,0.0,0.0,0.0,-0.014415299296594814,0.0,0.0,0.7207649648297407,-54.9211667217902,0.0,0.0,0.0,0.0,328.5233686250662,0.0,0.0,0.0,1.2411572694368815,0.36038248241487036,0.0,0.0,0.0,0.014415299296594814,0.0,14.415299296594814,-4.4687427819443934,2.8830598593189634,0.1029664235471058,40.21868503749954,-0.01081147447244611,0.7207649648297407,0.2883059859318963,-0.07207649648114511,-40.21868503749954,4.324589788978445,-0.014415299296594814,3.433159070745639,0.0,0.0036038248241487035,0.10296642354710582,-10.299477212236917,-4.899405738424562,-0.2883059859318963,-148.4181705014138,-0.014415299296594814,0.0036038248241487035,-40.21868503749954,1.4415299296594815,0.014415299296594814,0.014415299296594814,-396.18980422158904,-2.5886332611845444,0.0,-0.01081147447244611,4.324589788978445,0.014415299296594814,4.324589788978445,-7.207649648297408,-0.007207649648297407,-260.0414670612231,325.0123682194606,-0.01081147447244611,-0.014415299296594814,-4.4687427819443934,0.014415299296594814,1.4415299296594815,-0.2883059859318963,2.055055176649546,2.055055176649546,-1.4415299296594815,148.4181705014138,-2.055055176649546,2.883059859318963,0.02162294894489222,-1000.0,1.4415299296594815,-62.99759965055849,0.0,-2.883059859318963,0.007207649648297407,0.14415299296594816,184.88268859837638,96.0,-0.014415299296594814,-399.4635186918458,396.18980422158904,4.4687427819443934,0.014415299296594814,4.899405738424562,-17.29835915591378,0.0,-0.014415299296594814,-0.0036038248241487035,0.0,-0.014415299296594814,-0.21700975116554366,0.014415299296501871,-0.0036038248241487035,-0.0036038248241487035,-0.0036038248241487035,5.766119718637926,7.207649648297408,0.14415299296594816,43.36624383332412,-0.0036038248241487035,366.3322181260071,0.7207649648297407,0.829269840412513,0.014415299296594814,0.007207649648297407,0.007207649648297407,1.4415299296594815,4.4687427819443934,0.014415299296594814,-4.4687427819443934,0.14415299296594816,0.014415299296594814,-108.73886176725335,0.014415299296594814,0.057661197184529556,0.07207649648114511,0.007207649648297407,0.0036038248241487035,4.324589788978445,-0.014415299296594814,0.0,0.14415299296594816,-86.73248766664824,0.36038248241487036,-1.4415299296594815,2.883059859318963,0.7207649648297407,-0.014415299296594814,10.299477212236917,0.02162294894489222,-0.014415299296594814,-2.883059859318962,4.4687427819443934,-86.71007696013437,0.007207649648297407,-1.658539680825026,-0.014415299296594814,-0.014415299296501871,-0.014415299296594814,0.007207649648297407,40.21868503749954,-2.883059859318963,0.014415299296594814,369.76537719675275,-0.0036038248241487035,2.5886332611845444,-369.76537719675275,2.162294894489222,-325.0123682194606,489.7322789423543,40.21868503749954,-0.01081147447244611,399.4635186918458,-96.0,0.014415299296594814,-0.0036038248241487044,0.7207649648297407,14.415299296594814,-0.007207649648297407,-0.014415299296594814,0.0036038248241487035,833.7764772827534,0.0,511.5661746381305,65.37261793392923,-46.0,0.0,22.033918857512226,-31.0,0.0,-32.0,-93.0,-65.0,-488.4266177122212,16.0,23.0,46.5,0.0,15.5,-396.220076350112,-86.61341671839328,488.4266177122212,65.0,-86.61341671839328,-22.033918857512226,18.945374041883262,0.0,1496.5981,hclb
227,0.0,0.0,0.0,0.0,0.0,0.0,0.0,0.0,103.45571667664808,0.0,0.0,0.0,0.0,0.0,0.0,0.0,670.9056365516152,199.4857151938657,0.0,-975.0019997299592,0.0,0.0,0.0,587.9689833371848,0.0,0.0,0.0,0.0,0.0,-809.177430168542,0.0,0.0,17.384609648990487,0.0,0.0,0.0,0.0,26.82533127225267,0.0,-1000.0,1000.0,0.0,0.0,0.0,0.0,0.0,0.0,0.0,0.0,0.0,0.0,366.8092733732712,0.0,0.030268414603520498,0.0,0.0,0.0,0.0,0.0,0.0,92.73143402201887,0.0,1000.0,807.2672091030379,0.0,0.0,0.0,0.0,0.0,285.464224918981,0.0,0.2751674054854139,0.0,0.0,0.0,0.0,0.0,0.0,0.0,0.0,0.0,0.0,-366.708051942659,0.0,16.510044329124835,0.0,0.0,-20.948868894775536,148.75942380309309,0.0,-0.006879185137135347,0.0,0.0,-1000.0,8.255022164562417,0.0,8.255022164562417,-493.5072233493065,0.0,0.0,0.0,1.3758370274270693,-1000.0,0.0,0.0,-13.007270384886626,637.6732521733754,0.0,0.0,0.0,0.0,0.0,0.0,0.0,0.0,0.0,0.0,0.0,0.0,0.0,0.0,0.0,0.0,0.0,-569.0362405542146,0.0,0.0,8.255022164562417,0.0,8.530189570047831,0.0,0.0,0.0,0.0,0.0,0.0,-51.70173066340806,0.0,0.0,-233.76249425557296,0.0,0.0,0.0,0.0,0.0,368.8268409648967,0.027516740548541387,0.0,0.0,0.0,0.0,-637.6732521733754,0.0,0.0,366.708051942659,0.0,340.8367253051155,0.0,0.0,0.0,0.0,0.0,266.5650520713731,266.5650520713731,0.0,0.0,0.0,0.0,289.03844839707324,0.0,0.0,266.59256881192164,0.0,0.0,0.0,0.0,0.0,0.0,0.0,0.0,0.0,0.0,0.0,0.0,0.0,0.0,0.0,0.0,0.0,0.0,0.0,-1000.0,0.0,0.0,0.0,0.0,0.0,0.0,-366.8092733732712,387.75814226804675,-387.75814226804675,0.0,0.0,0.0,0.0,0.0,0.0,0.0,190.82256983145808,-943.9429406782759,0.0,0.0,0.0,0.0,0.0,0.0,0.0,0.0,0.0,0.0,0.0,0.0,0.0,148.1029556412389,-31.993303780583446,505.0810669901979,0.0,0.0,0.0,0.0,30.23851049271385,0.0,0.0,0.0,0.0,92.73143402201887,505.0810669901979,0.0,0.0,0.0,0.0,0.0,0.0,0.0,0.0,0.0,5.503348109708277,0.0,0.0,670.8643614407924,431.86564297583874,0.0,0.0,-505.0810669901979,0.0,0.0,285.464224918981,0.0,0.0,0.0,0.0,-193.33925539033987,0.0,0.0,-1000.0,342.4959906724763,-888.5253450662641,-1000.0,-342.4959906724763,-888.5253450662641,536.5175660711399,0.0,0.0,0.0,0.0,46.533195637716624,0.0,0.0,0.0,0.0,0.0,0.0,0.0,478.881922069963,285.464224918981,0.0,1000.0,0.0,0.0,0.0,92.73143402201887,-0.04127511082281208,0.0,0.0,0.0,0.0,0.027516740548541387,0.0,0.0,0.0,961.5064673427237,670.9056365516152,0.0,-601.919314190977,186.46970931521324,0.0,829.2153266540412,0.0,0.0,0.0,-13.007270384886626,0.0,0.0,0.0,-2.369191361229538,0.0,2.369191361229538,-997.1393551842615,-1000.0,0.0,0.0,0.0,0.0,0.0,0.0,0.0,0.0,0.0,0.0,0.0,0.0,0.0,0.0,0.0,0.0,0.0,-177.06767612928752,0.0,-1000.0,366.708051942659,795.9969256362656,492.6211843036437,0.0,0.0,0.0,-368.8268409648967,0.0,0.0,0.0,0.0,0.0,0.0,0.0,17.920865092110162,0.0,0.0,-364.32720333110063,421.8125198792425,-924.2943881544295,884.8739056445891,0.0,-19.296702119537233,523.8423259358649,-0.6879185137135346,-423.1883569066695,0.0,0.0,0.0,0.0,-112.52753644407481,8.255022164562417,0.0,0.0,0.0,0.0,0.0,103.48323341719662,0.0,-148.1029556412389,148.1029556412389,148.1029556412389,100.50392227517835,0.0,0.0,-212.3443867391385,0.0,0.0,190.82256983145808,0.0,0.0,-100.00135687494321,0.0,93.75000000000009,179.03969551052128,0.0,0.0,0.0,0.0,-40.248325945145865,0.05503348109709805,0.0,0.0,0.0,0.0,0.0,0.0,0.0,0.0,0.0,0.0,0.0,0.0,0.0,0.0,0.0,0.0,0.0,0.0,0.0,0.030268414603520498,0.030268414603520498,0.0,238.59960753153064,0.0,16.510044329124835,0.0,0.0,0.0,1000.0,0.0,843.5223826421859,0.0,0.0,0.0,353.81156504795285,-1000.0,0.0,0.0,0.0,0.0,0.0,179.03969551052128,0.0,0.0,0.0,0.0,0.0,0.0,0.0,189.67874685140487,-961.5064673427237,0.0,0.0,2.1187890222376855,0.0,-35.54971828867451,-964.4502817113255,-994.6887922040394,0.0,353.81156504795285,0.0,1000.0,-686.4367608971929,0.0,0.0,148.1029556412389,0.0,0.0,0.0,0.0,0.0,0.0,0.0,0.0,0.0,0.0,0.0,0.0,0.0,16.510044329124835,285.464224918981,285.464224918981,0.0,0.0,0.0,0.0,0.0,0.0,0.0,0.0,0.0,0.0,0.2751674054854139,0.0,0.0,0.0,0.0,0.0,-366.8092733732712,0.0,0.0,8.255022164562417,0.0,0.0,0.0,0.0,0.0,0.0,0.0,0.0,0.0,0.0,596.2790389828443,211.38886088533482,0.0,8.255022164562417,8.255022164562417,1000.0,-1000.0,0.0,179.03969551052128,0.0,0.0,0.0,0.0,0.0,997.1393551842615,190.82256983145808,1000.0,0.027516740548541387,0.0,0.0,-879.9285278440609,916.2683147013454,0.0,0.0,1000.0,0.0,-285.464224918981,0.0,0.0,0.0,0.0,0.0,0.0,0.0,0.0,0.0,0.0,0.0,0.0,0.027516740548541387,0.0,0.0,0.0,-26.817499172316964,26.817499172316964,0.0,0.0,0.0,795.9969256362656,0.0,300.86201946803453,0.0,0.0,-1000.0,-2.0637555411406043,0.0,-1.3758370274270693,0.0,656.25,656.2499999999999,-656.25,0.0,0.0,0.0,0.0,0.0,0.0,0.0,285.464224918981,0.0,0.0,0.0,-111.15169941664774,0.0,0.0,0.0,103.45571667664808,0.0,0.0,0.027516740548541387,0.0,0.027516740548541387,0.0,0.0,0.0,16.510044329124835,33.57042346922049,33.57042346922049,0.0,0.0,0.0,0.0,0.0,0.0,0.0,0.0,0.0,190.82256983145808,0.0,0.0,0.0,0.0,0.0,0.0,0.0,0.0,0.0,0.0,0.0,0.0,0.0,0.0,0.0,0.0,0.0,30.23851049271385,0.0,0.0,0.0,0.04127511082281208,0.0,0.0,0.0,-8.255022164562417,0.0,0.0,0.0,0.0,0.0,-238.59960753153064,1.3758370274270693,0.0,0.0,0.0,0.0,-289.03844839707324,368.8268409648967,-1.3758370274270693,0.0,93.75000000000009,0.0,0.0,0.0,0.0,0.0,285.464224918981,0.0,0.0,-43.53091511401351,90.49665189029173,0.0,59.49665189029172,-13.007270384886626,177.06767612928752,0.0,0.0,-177.06767612928752,366.708051942659,-33.57042346922049,0.0,1.3758370274270693,996.5366696012352,0.0,0.0,0.0,-100.00135687494321,0.0,0.0,0.0,0.0,0.0,0.0,0.0,0.0,0.0,-4.127511082281217,0.0,33.57042346922049,0.0,0.0,0.0,0.0,0.0,0.0,0.0,0.0,0.0,0.0,0.0,0.0,244.7908741549525,-36.33978685728448,972.6714963722382,0.0,8.255022164562417,0.0,0.0,0.0,0.0,32.21304001223865,0.0,0.0,0.030268414603520498,0.0,0.0,0.0,16.785211734610247,0.0,0.0,0.0,0.0,-31.993303780583446,0.0,637.6732521733754,0.0,0.0,0.0,0.0,0.0,0.0,-1000.0,0.0,455.8894261322009,0.0027516740548541386,0.0,0.0,0.0,0.0,0.0,0.0,0.0,0.0,0.0,-879.9285278440609,0.0,0.0,0.0,0.0,0.0,238.59960753153064,0.0,0.0,0.0,0.0,0.0,0.0,0.0,0.0,0.0,0.0,0.0,0.0,0.0,0.0,199.4857151938657,0.0,0.0,0.0,16.510044329124835,0.0,0.0,0.0,0.0,0.0,0.0,-16.510044329124835,0.0,0.0,0.0,0.0,0.0,0.0,0.0,0.0,0.0,0.0,0.0,0.0,-1000.0,-1000.0,18.848967275750855,0.0,-8.255022164562417,0.0,822.8222569085183,0.0,0.0,0.0,0.0,0.0,0.0,0.0,0.0,0.0,0.0,0.0,0.0,0.0,0.0,0.0,0.0,0.0,-3.4395925685676736,285.464224918981,-2.0637555411406043,-2.0637555411406034,0.0,0.0,0.0,0.0,0.0,-0.34395925685676737,0.0,466.70940881760225,0.0,0.0,0.0,0.0,0.0,0.0,0.0,1000.0,8.255022164562417,8.255022164562417,0.0,0.0,0.0,0.0,0.0,0.030268414603520498,238.59960753153064,0.0,0.0,-822.8222569085183,455.88667445814605,0.0,0.0,0.0,0.0,0.0,0.0,0.0,0.0,0.0,0.0,0.0,0.0,0.0,0.0,0.0,0.0,0.0,0.0,28.89257757596846,2.1187890222376855,0.0,0.0,0.0,0.0,0.0,238.59960753153064,0.0,-369.7128800105595,0.0,0.0,0.0,-3.4395925685676736,0.0,0.0,0.0,0.0,0.0,0.0,0.0,0.0,0.0,0.0,0.0,0.0,0.0,0.0,0.0,0.0,0.0,0.0,-0.027516740548541387,0.0,0.0,1.3758370274270693,-353.81156504795285,0.0,0.0,0.0,0.0,285.464224918981,0.0,0.0,0.0,2.369191361229538,0.6879185137135346,0.0,0.0,0.0,0.027516740548541387,0.0,27.516740548541385,-8.530189570047831,5.503348109708277,0.1965481467752956,76.77170613043049,-0.02063755541140604,1.375837027427071,0.5503348109708277,-0.13758370274273748,-76.77170613043049,8.255022164562416,-0.027516740548541387,4.335756794962209,179.03969551052128,0.006879185137135347,0.1965481467752956,-13.007270384886626,-4.380665095327588,-0.5503348109708277,104.6106479844783,-0.027516740548541387,0.006879185137135347,-76.77170613043049,2.7516740548541385,0.027516740548541387,0.027516740548541387,-238.54182237637858,0.030268414603419027,-31.618394824363122,-0.02063755541140604,8.255022164562417,0.027516740548541387,8.255022164562417,-13.758370274270694,-0.013758370274270694,-283.20378971097915,-33.01770128811653,-0.02063755541140604,-0.027516740548541377,-8.530189570047831,0.027516740548541387,2.7516740548541385,-0.5503348109708277,30.23851049271385,30.23851049271385,-2.7516740548541385,-104.6106479844783,-30.23851049271385,5.503348109708277,0.04127511082281208,-463.4152669296493,2.7516740548541385,-189.67874685140487,179.03969551052128,-5.503348109708277,0.013758370274270694,0.2751674054854139,150.47982854774426,96.0,-0.027516740548541387,-244.7908741549525,238.54182237637858,8.530189570047831,0.027516740548541387,4.380665095327588,146.01960685227155,179.03969551052128,-0.027516740548541387,-0.006879185137135347,-179.03969551052128,-0.027516740548541387,-677.9215781185213,0.0275167405485869,-0.006879185137135347,-0.006879185137135347,-0.006879185137135347,11.006696219416554,13.758370274270694,0.2751674054854139,20.38646515390039,-0.006879185137135347,296.6239003005263,1.3758370274270693,21.5,0.027516740548541387,0.013758370274270694,0.013758370274270694,-50.46059064937573,8.530189570047831,0.027516740548541387,-8.530189570047831,0.2751674054854139,0.027516740548541387,-20.38646515390039,0.027516740548541387,0.1100669621942232,0.13758370274273748,0.013758370274270694,0.006879185137135347,8.255022164562417,-0.027516740548541387,31.618394824363122,0.27516740548541385,-40.77293030780078,0.6879185137135333,-2.7516740548541385,5.503348109708277,1.3758370274270693,-0.027516740548541387,13.007270384886626,0.04127511082281208,-0.027516740548541387,100.92118129875146,8.530189570047831,10.624590953223013,0.013758370274270694,-43.0,-0.027516740548541387,-0.0275167405485869,-0.027516740548541387,0.013758370274270688,76.77170613043049,-5.503348109708277,0.027516740548541387,300.9596570954885,-0.006879185137135347,-0.030268414603419027,-300.9596570954885,4.127511082281208,33.01770128811653,119.8901406106461,76.77170613043049,-0.02063755541140604,244.7908741549525,-96.0,0.027516740548541387,-0.006879185137135346,1.3758370274270693,27.516740548541385,-0.013758370274270694,-0.027516740548541387,0.006879185137135347,1000.0,0.0,-73.11605751176484,0.0,-46.0,0.0,-108.0,-31.0,0.0,-32.0,-93.0,-65.0,-536.5175660711399,16.0,23.0,46.5,0.0,15.5,-238.59960753153064,-42.83763096546166,536.5175660711399,65.0,-42.83763096546166,108.0,-128.38564045356284,0.0,1496.5981,hclb
228,0.0,0.0,0.0,0.0,0.0,0.0,0.0,0.0,-0.0017743858881582337,0.0,0.0,0.0,0.0,0.0,0.0,0.0,352.1375629426253,100.9245775575626,0.0,0.0,0.0,0.0,0.0,506.3013415157461,0.0,0.0,0.0,0.0,0.0,-972.0478841221642,149.05214558202283,-149.05214558202283,520.7338868887273,0.0,0.0,0.0,0.0,999.9929024564473,0.0,-1000.0,1000.0,0.0,0.0,749.3611984630669,0.0,0.0,0.0,0.0,805.1997034428133,0.0,0.0,0.0,0.0,0.00195182447703246,0.0,0.0,0.0,0.3548771776316467,0.0,0.0,-115.08838937592928,0.0,-720.9926313892346,-1000.0,0.0,0.0,0.0,0.0,1000.0,-1000.0,0.0,0.017743858881582336,0.0,0.0,0.0,0.0,0.0,0.0,0.0,0.0,0.0,0.0,0.0,0.0,1.0646315328949403,0.0,119.88773634298344,0.0,-1000.0,805.1997034428133,966.6226478209683,0.0,0.0,664.3261828317047,0.5323157664474701,0.0,0.5323157664474701,0.0,935.715401115186,0.0,0.0,0.08871929440791168,-1000.0,0.0,0.0,0.0,429.78696151277217,0.0,0.0,0.0,0.0,0.0,0.0,0.0,0.0,0.0,0.0,0.0,0.0,0.0,0.0,0.0,0.0,0.0,-127.99385843586157,0.0,0.0,0.5323157664474701,0.0,0.5500596253290525,0.5500596253290525,0.0,0.0,0.0,0.0,0.0,836.0810207651639,0.0,0.0,-1000.0,0.0,0.0,0.0,0.0,0.0,120.02436405637174,0.0017743858881582337,966.6230914174403,0.0,0.0,-771.9451832569177,0.0,0.0,0.0,0.0,0.0,84.86232128400775,0.0,0.0,0.0,0.0,0.0,378.0998022735882,378.0998022735882,0.0,0.0,0.0,0.0,0.0,0.0,0.0,527.1537222414992,0.0,0.0,0.0,546.5769485779795,0.0,0.0,0.0,0.0,0.0,0.0,0.0,0.0,0.0,0.0,-69.54386667407823,0.0,0.0,0.0,0.0,-1000.0,0.0,0.0,0.0,0.0,0.0,0.0,0.0,194.80029655718667,-194.80029655718667,163.91897923483614,0.0,0.0,0.0,0.0,0.0,0.0,27.952115877835766,-593.4184536695059,0.0,0.0,0.0,0.0,0.0,0.0,0.0,0.0,0.0,0.0,0.0,0.0,0.0,132.64711815654152,299.8679760994089,-185.28938226327443,0.0,0.0,0.0,0.0,-163.91897923483614,0.0,0.0,0.0,0.0,-115.08838937592928,-934.6505807263412,149.05214558202283,0.0,0.0,0.0,0.0,0.0,0.0,0.0,716.8573504609324,0.0,0.0,0.0,801.0761126223657,-393.72418393482087,1000.0,0.0,185.28938226327443,0.0,0.0,163.91897923483614,0.0,0.0,0.0,0.0,-153.5804386434536,0.0,0.0,-386.9733339465805,0.0,1000.0,-1000.0,613.0266660534194,386.9733339465806,-805.1997034428133,0.0,-509.474829328064,0.0,0.0,6.050655878619578,0.0,0.0,0.0,807.593108021182,0.0,-807.593108021182,0.0,167.4869644407725,0.0,0.0,-338.18457417158277,0.0,0.0,0.0,-115.08838937592928,-0.0026615788322373506,0.0,0.0,0.0,0.0,0.0017743858881582337,0.0,0.0,0.0,282.61033377262015,352.1375629426253,0.0,-260.02022794520616,41.3187150085069,0.0,969.0379150416675,0.0,2.541985223375491,0.0,0.0,0.0,0.0,0.0,877.8239259821314,0.0,-880.3659112055069,-874.3494974107803,560.5867989122132,0.0,0.0,0.0,0.0,0.0,0.0,0.0,0.0,0.0,0.0,0.0,0.0,0.0,0.0,0.0,0.0,0.0,0.0,0.0,-1000.0,0.0,0.0,567.7480696533117,0.0,0.0,0.0,-687.8295689352813,0.0,935.715401115186,0.0,0.0,0.0,0.0,1000.0,-887.4842707240119,-2.095249332813637,-1000.0,0.0,-0.08871929440791168,0.0,0.0,-1000.0,887.395551429604,1000.0,2.050889685609681,0.0,-650.5237040312174,0.0,-112.5315004366549,693.9992939130377,0.0,0.5323157664474701,0.0,0.0,0.0,0.0,0.0,0.0,0.0,-132.64711815654152,132.64711815654152,132.64711815654152,-397.1279779944873,0.0,188.5076929824845,0.0,0.0,0.0,27.952115877835766,0.0,0.0,-154.32028530072782,0.0,156.25000000000014,31.49440072478,0.0,0.0,0.0,0.0,-42.822561411184175,0.003548771776195281,0.0,0.0,0.0,0.0,0.0,0.0,0.0,0.0,0.0,0.0,0.0,0.0,0.0,0.0,0.0,0.0,0.0,0.0,0.0,0.00195182447703246,0.00195182447703246,149.05214558202283,228.2922409789099,0.0,1.0646315328949403,0.0,0.0,0.0,1000.0,0.0,0.0,119.88773634298344,0.0,0.0,-163.26785957452594,-1000.0,0.0,0.0,0.0,0.0,0.0,31.49440072478,0.0,0.0,0.0,0.0,0.0,0.0,0.0,42.66461947862052,-282.61033377262015,342.15822174414564,0.0,120.02436405637174,0.0,664.3261828317047,0.0,0.0,0.0,-163.26785957452594,0.0,0.0,-206.09042098571013,0.0,0.0,132.64711815654152,0.0,0.0,0.0,0.0,0.0,0.0,0.0,0.0,0.0,0.0,0.0,0.0,0.0,1.0646315328949403,163.91897923483612,163.91897923483614,0.0,0.0,0.0,0.0,0.0,0.0,0.0,0.0,0.0,0.0,0.017743858881582336,0.0,149.05214558202283,119.88773634298344,-119.88773634298344,149.05214558202283,0.0,0.0,0.0,0.5323157664474701,0.0,0.0,0.0,0.0,0.0,0.0,0.0,0.0,0.0,0.0,655.534474458361,0.0,0.0,0.5323157664474701,0.5323157664474701,1000.0,-1000.0,0.0,31.49440072478,0.0,0.0,0.0,0.0,0.0,874.3494974107803,27.952115877835766,1000.0,0.0017743858881582337,0.0,0.0,0.0,0.14309154769504612,489.7731008168557,0.0,-664.3261828317047,0.0,0.0,0.0,0.0,0.0,0.0,0.0,0.0,0.0,0.0,0.0,0.0,0.0,0.0,0.0017743858881582337,0.0,0.0,0.0,848.1210252370765,-848.1210252370765,0.0,0.0,0.0,0.0,0.0,815.6339018332164,0.0,0.0,-1000.0,-0.1330789416118675,0.0,-0.08871929440791168,0.0,0.0,0.0,0.0,0.0,0.0,0.0,0.0,0.0,0.0,0.0,163.91897923483612,0.0,0.0,0.0,-112.44278114224699,0.0,0.0,0.0,-0.0017743858881582337,0.0,0.0,0.0017743858881582337,0.0,0.0017743858881582337,0.0,0.0,0.0,1.0646315328949403,2.1647507835530453,2.1647507835530453,0.0,0.0,0.0,0.0,0.0,0.0,0.0,342.15822174414564,0.0,27.952115877835766,0.0,0.0,0.0,877.9767006071019,0.0,0.0,0.0,0.0,0.0,0.0,0.0,0.0,0.0,0.0,0.0,0.0,0.0,0.0,0.0,0.0,0.0,0.0026615788322373506,0.0,0.0,0.0,-0.5323157664474701,0.0,0.0,0.0,0.0,0.0,-228.2922409789099,0.08871929440791168,0.0,0.0,0.0,0.0,0.0,0.0,-0.08871929440791168,0.0,156.25000000000014,0.0,0.0,0.0,0.0,0.0,163.91897923483612,0.0,0.0,1000.0,95.64512282236835,0.0,406.803344566514,489.7731008168557,0.0,-687.8295689352813,935.715401115186,-247.8858321799047,0.0,-2.1647507835530453,0.0,0.08871929440791168,872.1158162134417,0.0,0.0,-149.05214558202283,-394.0957579866947,0.0,0.0,-843.749999999803,843.749999999803,0.0,0.0,0.0,0.0,0.0,191.4340871253645,-122.15637833451024,2.1647507835530453,0.0,930.5586898551688,930.5586898551688,-781.5065442731461,0.0,0.0,0.0,0.0,0.0,716.8573504609324,0.0,0.0,106.53509946923549,-0.14309154769504612,-861.6357166848363,0.0,0.5323157664474701,119.88773634298344,0.0,0.0,0.0,-159.57634659427964,0.0,0.0,0.00195182447703246,0.0,0.0,0.0,1.0823753917765226,0.0,0.0,0.0,0.0,299.8679760994089,0.0,429.78696151277217,0.0,0.0,0.0,0.0,0.0,0.0,0.0,0.0,831.1666729620953,0.00017743858881581753,0.0,0.0,0.0,0.0,0.0,0.0,0.0,0.0,0.0,0.0,149.05214558202283,0.0,0.0,0.0,0.0,228.2922409789099,0.0,0.0,0.0,0.0,0.0,0.0,0.0,0.0,0.0,0.0,0.0,239.7754726859669,1000.0,0.0,100.9245775575626,0.0,0.0,0.0,1.0646315328949403,0.0,0.0,0.0,0.0,0.0,-1.0646315328949403,0.0,0.0,239.7754726859669,0.0,0.0,0.0,0.0,0.0,0.0,0.0,149.05214558202283,149.05214558202283,0.0,560.5867989122132,-1000.0,879.1921549404902,-839.3282709672338,838.7959552007864,0.0,999.9929024564473,0.0,0.0,0.0,0.0,0.0,0.0,0.0,0.0,0.0,0.0,0.0,0.0,0.0,0.0,0.0,0.0,0.0,-0.2217982360197792,163.91897923483614,-0.1330789416118675,1000.0,0.0,0.0,0.0,0.0,0.0,0.0,-0.02217982360197792,154.32028530072782,0.0,0.0,0.0,0.0,0.0,0.0,0.0,1000.0,0.5323157664474701,0.5323157664474701,0.0,0.0,0.0,0.0,0.0,0.00195182447703246,228.2922409789099,0.0,0.0,-999.9929024564473,831.1664955235065,0.0,0.0,0.0,0.0,0.0,0.0,0.0,0.0,0.0,0.0,0.0,0.0,0.0,0.0,0.0,0.0,0.5500596253290525,0.0,1.8631051825661455,120.02436405637174,0.0,0.0,0.0,0.0,0.0,228.2922409789099,0.0,567.7480696533117,0.0,0.0,0.0,-0.2217982360197792,0.0,0.0,0.0,0.0,0.0,0.0,0.0,0.0,0.0,0.0,0.0,0.0,0.0,0.0,0.0,0.0,0.0,0.0,-0.0017743858881582337,0.0,0.0,0.08871929440791168,163.26785957452594,0.0,0.0,0.0,0.0,163.91897923483614,0.0,0.0,0.0,-877.8239259821314,0.04435964720395584,0.0,0.0,0.0,0.0017743858881582337,0.0,1.7743858881582335,0.0,0.3548771776316468,0.012674184915415953,6.050655878619578,-0.0013307894161186753,0.08871929440783788,0.03548771776316467,-0.00887192944094295,-6.050655878619578,0.5323157664474701,-0.0017743858881582337,0.0,31.49440072478,0.0004435964720395584,0.012674184915415955,0.0,-120.17021857637742,149.0166578642595,-453.0621405001879,-0.0017743858881582337,0.0004435964720395584,-6.050655878619578,0.17743858881582336,0.0017743858881582337,0.0017743858881582337,-228.2885147685447,-119.88578451850641,-73.78334748305576,-0.0013307894161186753,0.5323157664474701,0.0017743858881582337,0.5323157664474701,-0.8871929440791169,-0.0008871929440791168,-11.078973800951985,163.73976626013217,-0.0013307894161186753,-0.0017743858881582337,0.0,0.0017743858881582337,0.17743858881582336,-0.03548771776316467,0.0,0.0,-0.17743858881582336,453.0621405001879,0.0,0.3548771776316467,0.0026615788322373506,-1000.0,0.17743858881582336,-42.66461947862052,31.49440072478,-0.3548771776316467,0.0008871929440791168,0.017743858881582336,65.00505698630154,96.0,-0.0017743858881582337,-228.69147780374573,228.2885147685447,0.5500596253290525,0.0017743858881582337,120.17021857637742,29.365137658990164,31.49440072478,-0.0017743858881582337,-0.0004435964720395584,-31.49440072478,-0.0017743858881582337,-472.6095229239563,0.001774385888325014,-0.0004435964720395584,-0.0004435964720395584,-0.0004435964720395584,0.7097543552632934,0.8871929440791169,0.017743858881582336,179.44384423700797,-0.0004435964720395584,130.01011397260308,0.08871929440791168,21.5,0.0017743858881582337,0.0008871929440791168,0.0008871929440791168,15.924638951205823,0.0,0.0017743858881582337,0.0,0.017743858881582336,0.0017743858881582337,-535.7023364212487,0.0017743858881582337,0.007097543552731622,0.00887192944094295,0.0008871929440791168,0.0004435964720395584,0.5323157664474701,-0.0017743858881582337,73.78334748305576,-74.50832893212976,-358.88768847401593,0.04435964720402963,-0.17743858881582336,0.3548771776316467,0.08871929440791168,-0.0017743858881582337,0.0,0.0026615788322373506,-0.0017743858881582337,-31.849277902411647,0.0,358.50913145029756,0.0008871929440791168,-43.0,-0.0017743858881582337,-0.001774385888325014,-0.0017743858881582337,0.0008871929440791168,6.050655878619578,-0.3548771776316467,0.0017743858881582337,130.01011397260308,-0.0004435964720395584,119.88578451850641,-130.01011397260308,0.266157883223735,-163.73976626013217,798.3368517052082,6.050655878619578,-0.0013307894161186753,228.69147780374573,-96.0,0.0017743858881582337,-0.00044359647203955847,0.08871929440791168,1.7743858881582337,-0.0008871929440791168,-0.0017743858881582337,0.0004435964720395584,269.9288806275699,0.0,999.9991128070559,356.2584921842407,-46.0,0.0,-17.435080915604658,-31.0,0.0,-32.0,-93.0,-65.0,0.0,16.0,23.0,46.5,0.0,15.5,-228.2922409789099,-198.93278485601792,0.0,65.0,-198.93278485601792,17.435080915604658,-23.488828581705324,0.0,1496.5981,hclb
229,0.0,0.0,0.0,0.0,0.0,0.0,0.0,0.0,320.2486054996787,0.0,0.0,0.0,0.0,0.0,0.0,0.0,736.0194172349208,131.70871542666364,0.0,-1000.0,0.0,0.0,0.0,638.558088091103,0.0,0.0,0.0,0.0,0.0,-888.3624853362884,43.41777988954255,-43.41777988954255,362.8047197615293,0.0,0.0,0.0,0.0,-92.3384936275779,0.0,-1000.0,1000.0,0.0,0.0,345.0064338759829,0.0,0.0,0.0,217.38811942854701,-1000.0,0.0,0.0,-807.336634225385,0.0,0.0428594308726573,0.0,0.0,0.0,0.0,0.0,0.0,82.08340071321345,0.0,57.379417162929144,-160.49922018638028,256.3759409590441,0.0,0.0,0.0,0.0,258.0026687149732,0.0,0.3896311897555022,0.0,0.0,0.0,0.0,0.0,0.0,0.0,0.0,0.0,0.0,0.0,0.0,23.37787138533013,0.0,0.0,-309.3802894395646,-238.9274560614084,-182.88360979600714,-0.009740779743887554,0.0,0.0,67.19118998069843,11.688935692665066,0.0,11.688935692665066,0.0,0.0,0.0,0.0,1.9481559487775109,-888.3624853362884,0.0,0.0,-21.77419862725945,0.0,0.0,0.0,0.0,0.0,0.0,0.0,0.0,0.0,0.0,0.0,0.0,0.0,0.0,0.0,0.0,0.0,0.0,-821.8768250926073,0.0,0.0,11.688935692665066,0.0,12.078566882420567,0.0,0.0,530.9909812643185,469.0090187356815,-1000.0,1000.0,0.0,748.4615850347859,-748.4615850347859,-299.9620380625229,0.0,0.0,0.0,0.0,0.0,3.000160161117364,0.038963118975550215,0.0,0.0,0.0,-477.8312862259151,0.0,0.0,0.0,0.0,0.0,25.068333781888164,0.0,0.0,0.0,0.0,0.0,179.06189641664764,179.06189641664764,0.0,0.0,0.0,0.0,0.0,0.0,0.0,222.51863942516576,0.0,0.0,0.0,0.0,0.0,0.0,0.0,0.0,0.0,0.0,0.0,0.0,0.0,0.0,0.0,0.0,0.0,0.0,0.0,-1000.0,0.0,0.0,0.0,0.0,0.0,0.0,807.336634225385,1000.0,-1000.0,299.9620380625229,0.0,0.0,0.0,0.0,0.0,0.0,0.0,-469.83172744113864,0.0,0.0,0.0,0.0,0.0,0.0,0.0,0.0,0.0,0.0,0.0,0.0,0.0,110.37083863745846,450.4165338161352,345.0064338759829,0.0,0.0,0.0,0.0,-95.60492533157438,0.0,0.0,0.0,0.0,82.08340071321345,0.0,43.41777988954255,0.0,0.0,0.0,0.0,0.0,0.0,0.0,44.67239232055454,225.18074322365706,0.0,0.0,534.4583644231396,-704.4690916382689,497.95634478582036,0.0,-345.0064338759829,0.0,0.0,299.9620380625229,-952.4649948498287,0.0,0.0,0.0,-111.1504756765172,0.0,0.0,-1000.0,0.0,0.0,-1000.0,0.0,0.0,761.0725439385916,0.0,633.7523706408434,0.0,0.0,-95.65001078916339,0.0,0.0,0.0,-9.509551692573496,0.0,9.509551692573496,0.0,269.91343001571704,0.0,0.0,0.0,0.0,0.0,0.0,82.08340071321345,-0.05844467846332532,0.0,0.0,0.0,0.0,0.038963118975550215,0.0,0.0,0.0,739.2815592558319,736.0194172349208,0.0,-427.47779044950295,311.74864703072114,0.0,939.481559487775,0.0,127.18832782564982,0.0,-21.77419862725945,0.0,0.0,0.0,872.8116721743502,0.0,-1000.0,-1000.0,166.11414468075526,0.0,0.0,0.0,0.0,0.0,0.0,0.0,0.0,0.0,0.0,0.0,0.0,0.0,0.0,0.0,0.0,0.0,-1000.0,0.0,-907.8173588483246,0.0,0.0,0.0,0.0,0.0,0.0,-4.254772592129356,0.0,0.0,0.0,288.5736627919392,0.0,0.0,0.0,-1.9481559487775109,0.0,0.0,-53.9911400923819,0.0,-155.1540598162988,-62.049839394363374,0.0,0.0,0.0,-0.9740779743887554,-1.9481559487775109,-350.8426682344993,0.0,-367.24743474418017,1000.0,0.0,11.688935692665066,0.0,0.0,0.0,0.0,0.0,320.2875686186543,0.0,-110.37083863745846,110.37083863745846,110.37083863745846,-247.4584284859985,0.0,0.0,-47.47271682850237,0.0,0.0,0.0,0.0,0.0,-135.795236636096,0.0,218.7500000000002,72.20737620488995,0.0,0.0,0.0,0.0,-39.10368810244498,0.07792623795103282,0.0,0.0,0.0,0.0,0.0,0.0,0.0,0.0,0.0,0.0,0.0,0.0,0.0,0.0,0.0,0.0,0.0,0.0,0.0,0.0428594308726573,0.0428594308726573,43.41777988954255,198.57821484234842,0.0,23.37787138533013,0.0,0.0,0.0,1000.0,0.0,270.20193137777244,0.0,0.0,0.0,81.9294322726893,-1000.0,0.0,0.0,0.0,0.0,0.0,72.20737620488995,0.0,0.0,0.0,0.0,0.0,0.0,0.0,273.95894169753575,-739.2815592558319,477.8312862259151,0.0,3.000160161117364,0.0,0.0,67.19118998069843,-137.16592275025008,0.0,81.9294322726893,0.0,42.82574417024432,0.0,0.0,0.0,110.37083863745846,0.0,0.0,0.0,0.0,0.0,0.0,0.0,0.0,0.0,0.0,0.0,0.0,0.0,23.37787138533013,299.9620380625229,299.9620380625229,0.0,0.0,0.0,0.0,0.0,0.0,0.0,0.0,0.0,0.0,0.3896311897555022,0.0,43.41777988954255,0.0,0.0,43.41777988954255,807.336634225385,0.0,0.0,11.688935692665066,0.0,0.0,0.0,0.0,0.0,0.0,0.0,0.0,0.0,0.0,-41.33414551002009,0.0,0.0,11.688935692665066,11.688935692665066,1000.0,-1000.0,0.0,72.20737620488995,0.0,0.0,0.0,0.0,0.0,888.3624853362884,0.0,1000.0,0.038963118975550215,0.0,0.0,0.0,51.45636476706771,354.440003318148,0.0,-67.19118998069843,0.0,0.0,0.0,0.0,0.0,0.0,0.0,0.0,0.0,0.0,0.0,0.0,0.0,0.0,0.038963118975550215,0.0,0.0,0.0,-1000.0,1000.0,0.0,0.0,0.0,0.0,-4.254772592129356,0.0,0.0,0.0,92.1826411516754,-2.9222339231662664,-1.9481559487775109,0.0,0.0,0.0,0.0,0.0,0.0,0.0,0.0,0.0,0.0,0.0,0.0,299.9620380625229,0.0,0.0,0.0,-365.29927879540264,0.0,0.0,0.0,320.2486054996787,0.0,0.0,0.038963118975550215,0.0,0.038963118975550215,0.0,258.0026687149732,0.0,23.37787138533013,47.535005150171266,47.535005150171266,0.0,0.0,0.0,0.0,0.0,0.0,0.0,477.8312862259151,0.0,0.0,0.0,0.0,0.0,876.1663967181446,0.0,0.0,0.0,0.0,0.0,0.0,0.0,0.0,0.0,0.0,0.0,0.0,0.0,204.3571127309485,0.0,-65.75413050213592,65.75413050213592,0.05844467846332532,0.0,0.0,0.0,-11.688935692665066,0.0,0.0,0.0,0.0,0.0,-198.57821484234842,1.9481559487775109,0.0,0.0,0.0,0.0,0.0,0.0,0.0,0.0,218.7500000000002,0.0,0.0,0.0,0.0,0.0,299.9620380625229,0.0,0.0,0.0,88.20737620488995,0.0,535.0386624308051,332.66580469088854,0.0,0.0,0.0,0.0,0.0,-1000.0,0.0,1.9481559487775109,1000.0,0.0,0.0,-43.41777988954255,-135.795236636096,0.0,0.0,0.0,0.0,0.0,0.0,0.0,0.0,0.0,120.91136935868904,-126.7558372050218,47.535005150171266,0.0,0.0,0.0,43.41777988954255,0.0,0.0,0.0,0.0,0.0,44.67239232055454,0.0,0.0,80.58907940682565,-51.45636476706771,863.3574818611885,0.0,11.688935692665066,0.0,0.0,0.0,0.0,-64.6328361969589,0.0,0.0,0.0428594308726573,0.0,0.0,0.0,23.767502575085633,0.0,0.0,0.0,0.0,450.4165338161352,0.0,0.0,0.0,0.0,0.0,0.0,0.0,0.0,-700.8869171803052,0.0,223.31510941094118,0.003896311897555016,0.0,0.0,0.0,0.0,0.0,0.0,0.0,0.0,0.0,0.0,43.41777988954255,0.0,0.0,0.0,0.0,198.57821484234842,0.0,0.0,0.0,0.0,0.0,0.0,0.0,0.0,0.0,0.0,0.0,0.0,185.82772609791374,727.300113238156,131.70871542666364,0.0,0.0,0.0,23.37787138533013,0.0,0.0,0.0,0.0,0.0,0.0,-23.37787138533013,0.0,0.0,0.0,0.0,0.0,0.0,0.0,0.0,0.0,43.41777988954255,43.41777988954255,0.0,-2.7393657275252963,-1000.0,902.8561332163965,0.0,-11.688935692665066,0.0,-92.3384936275779,0.0,0.0,0.0,0.0,0.0,0.0,0.0,0.0,0.0,0.0,0.0,0.0,0.0,0.0,0.0,0.0,0.0,-4.870389871943777,299.9620380625229,-2.9222339231662664,1000.0,0.0,0.0,0.0,0.0,0.0,0.0,-0.4870389871943777,135.795236636096,0.0,0.0,0.0,0.0,0.0,0.0,0.0,831.1464895917194,11.688935692665066,11.688935692665066,0.0,0.0,0.0,0.0,0.0,0.0428594308726573,198.57821484234842,0.0,0.0,92.3384936275779,223.3112130990436,0.0,0.0,0.0,0.0,0.0,0.0,0.0,0.0,0.0,0.0,0.0,0.0,0.0,161.87839960855456,0.0,0.0,0.0,0.0,40.91127492432773,3.000160161117364,0.0,0.0,0.0,0.0,0.0,198.57821484234842,0.0,-1.9481559487775109,0.0,0.0,0.0,-4.870389871943777,0.0,0.0,0.0,0.0,0.0,0.0,0.0,0.0,0.0,0.0,0.0,0.0,0.0,0.0,0.0,0.0,0.0,0.0,-0.038963118975550215,0.0,0.0,1.9481559487775109,-81.9294322726893,0.0,0.0,0.0,0.0,299.9620380625229,0.0,0.0,0.0,-872.8116721743502,0.9740779743887554,0.0,0.0,0.0,0.038963118975550215,0.0,38.963118975550216,-12.078566882420567,7.792623795110043,0.27830799268250156,108.70710194178511,-0.02922233923166266,1.9481559487775109,0.7792623795110044,-0.194815594878051,-108.70710194178511,11.688935692665066,-0.038963118975550215,7.258066209086484,72.20737620488995,0.009740779743887554,0.27830799268250156,-21.77419862725945,-6.202928540906867,42.63851751003155,132.27186733841563,-0.038963118975550215,0.009740779743887554,-108.70710194178511,3.8963118975550217,0.038963118975550215,0.038963118975550215,-198.49639229250022,0.04285943087310784,-3.9200072913074173,-0.02922233923166266,11.688935692665066,0.038963118975550215,11.688935692665066,-19.481559487775108,-0.019481559487775107,22.400070763938157,91.66965031504381,-0.02922233923166266,-0.038963118975550215,-12.078566882420567,0.038963118975550215,3.8963118975550217,-0.7792623795110044,204.3571127309485,204.3571127309485,-3.8963118975550217,-132.27186733841563,-204.3571127309485,7.792623795110043,0.05844467846332532,-1000.0,3.8963118975550217,-273.95894169753575,72.20737620488995,-7.792623795110043,0.019481559487775107,0.3896311897555022,106.86944761237574,96.0,-0.038963118975550215,-207.34491661184745,198.49639229250022,12.078566882420567,0.038963118975550215,6.202928540906867,25.45163343422965,72.20737620488995,-0.038963118975550215,-0.009740779743887554,-72.20737620488995,-0.038963118975550215,-39.10368810244498,0.038963118975550215,-0.009740779743887554,-0.009740779743887554,-0.009740779743887554,15.585247590220087,19.481559487775108,0.3896311897555022,38.17629993966551,-0.009740779743887554,206.480829015665,1.9481559487775109,21.5,0.038963118975550215,0.019481559487775107,0.019481559487775107,40.0,12.078566882420567,0.038963118975550215,-12.078566882420567,0.3896311897555022,0.038963118975550215,-56.79529827697621,0.038963118975550215,0.15585247590252038,0.194815594878051,0.019481559487775107,0.009740779743887554,11.688935692665066,-0.038963118975550215,3.9200072913074173,-21.319258755015774,-76.35259987933102,0.9740779743887555,-3.8963118975550217,7.792623795110043,1.9481559487775109,-0.038963118975550215,21.77419862725945,0.05844467846332532,-0.038963118975550215,-80.0,12.078566882420567,216.86028059053507,0.019481559487775107,-43.0,-0.038963118975550215,-0.038963118975550215,-0.038963118975550215,0.019481559487775107,108.70710194178511,-7.792623795110043,0.038963118975550215,213.73889522475147,-0.009740779743887554,-0.04285943087310784,-213.73889522475147,5.844467846332532,-91.66965031504381,691.6348982513257,108.70710194178511,-0.02922233923166266,207.34491661184745,-96.0,0.038963118975550215,-0.009740779743887554,290.52181874071675,38.963118975550216,-0.019481559487775107,-0.038963118975550215,0.009740779743887554,0.0,0.0,421.7915842979278,18.6189983373107,-46.0,0.0,-38.87877381965535,-31.0,0.0,-32.0,-93.0,-65.0,-578.1889341425845,16.0,23.0,46.5,0.0,15.5,-198.57821484234842,-152.22744439357618,578.1889341425845,65.0,-152.22744439357618,38.87877381965535,-34.11335957572001,0.0,1496.5981,hclb
230,0.0,0.0,0.0,0.0,0.0,0.0,0.0,0.0,-0.03599044581062001,0.0,0.0,0.0,0.0,0.0,0.0,0.0,-11.959307720907304,961.8674757720678,0.0,-925.0059991898755,0.0,0.0,0.0,159.11537648691456,0.0,0.0,0.0,0.0,0.0,872.6996906891653,46.909533618607846,-46.909533618607846,22.382715248100588,0.0,0.0,0.0,0.0,109.88104499940874,0.0,-1000.0,1000.0,0.0,0.0,-379.1711212593541,0.0,0.0,0.0,0.0,-481.56926170890387,-646.2811122218101,0.0,0.0,0.0,0.039589490391746036,0.0,0.0,0.0,7.1980891621240035,0.0,0.0,57.47871530892141,0.0,0.0,-171.37564001961536,0.0,0.0,0.0,0.0,0.0,718.6388398762871,0.0,0.3599044581062002,0.0,0.0,0.0,0.0,0.0,0.0,0.0,224.2246591332407,0.0,0.0,0.0,0.0,21.59426748637201,0.0,0.0,0.0,-481.56926170890387,519.3756310388948,-0.008997611452655005,0.0,0.0,542.2908097179047,10.797133743186006,0.0,10.797133743186006,0.0,0.0,0.0,0.0,839.9329833764006,872.6996906891653,0.0,0.0,-7.821895899484649,0.0,0.0,0.0,0.0,0.0,0.0,0.0,0.0,0.0,0.0,0.0,0.0,0.0,0.0,0.0,0.0,0.0,0.0,-555.4939320807534,0.0,0.0,10.797133743186006,0.0,11.157038201292204,11.157038201292204,0.0,-656.2870026765268,656.2870026765268,0.0,0.0,0.0,0.0,0.0,-228.85435532853677,0.0,0.0,0.0,0.0,0.0,2.7712643274177395,0.03599044581062001,0.0,0.0,0.0,0.0,0.0,0.0,0.0,0.0,0.0,153.3382392553258,0.0,0.0,0.0,0.0,0.0,414.4314711777105,414.4314711777105,0.0,0.0,0.0,0.0,-1000.0,0.0,0.0,461.37699524212894,0.0,0.0,0.0,-292.36046089345587,0.0,0.0,0.0,0.0,0.0,0.0,0.0,0.0,0.0,0.0,-176.8324456456844,0.0,0.0,0.0,0.0,-1000.0,0.0,0.0,0.0,0.0,0.0,646.2811122218101,0.0,481.56926170890387,-481.56926170890387,171.14466518768018,0.0,0.0,0.0,0.0,0.0,0.0,0.0,848.4131886171813,0.0,0.0,0.0,0.0,0.0,0.0,0.0,0.0,0.0,0.0,0.0,0.0,0.0,241.9139473341654,-28.603821675751988,-379.1711212593541,0.0,0.0,0.0,57.709690140856594,-171.14466518768018,0.0,0.0,0.0,0.0,57.47871530892141,0.0,46.909533618607846,0.0,366.58076206234864,0.0,0.0,0.0,0.0,0.0,697.7127367135246,0.0,0.0,0.0,507.3623376492715,-455.7761857685362,0.0,0.0,379.1711212593541,0.0,0.0,228.85435532853677,-956.0916561110436,0.0,0.0,0.0,235.41027830134453,0.0,0.0,-1000.0,-219.5865243142803,0.0,-780.4134756857198,0.0,219.5865243142803,0.0,0.0,1000.0,646.2811122218101,0.0,122.72742021421426,0.0,0.0,0.0,-1000.0,0.0,1000.0,0.0,1000.0,0.0,57.709690140856594,-701.6995170002081,0.0,0.0,0.0,57.47871530892141,-0.053985668715930024,0.0,0.0,0.0,0.0,0.03599044581062001,0.0,0.0,0.0,291.4901295432894,-11.959307720907304,0.0,-527.930575524089,176.191637967302,0.0,880.2855327644534,0.0,0.0,0.0,-7.821895899484649,0.0,0.0,0.0,-3.0987773842944475,527.6380954106419,-524.5393180263474,839.6299421885493,-1000.0,0.0,0.0,0.0,0.0,0.0,0.0,0.0,0.0,0.0,0.0,0.0,0.0,0.0,0.0,0.0,0.0,366.58076206234864,0.0,0.0,-1000.0,0.0,889.9749932173488,649.6443107398159,1000.0,0.0,0.0,-653.5744674223345,0.0,0.0,0.0,0.0,838.1334610858695,-1000.0,-968.7500000000005,79.13374716653425,-0.8997611452655004,472.3619045893582,0.0,0.0,476.0781827423475,0.0,968.7500000000005,-1000.0,312.3557203789955,0.0,-1.7995222905310009,-746.2004896578408,0.0,-479.7462734717988,1000.0,717.2826129141093,10.797133743186006,0.0,0.0,0.0,0.0,0.0,0.0,0.0,-241.9139473341654,241.9139473341654,241.9139473341654,93.62380673736064,0.0,0.0,-538.6949856494923,0.0,0.0,0.0,0.0,0.0,-113.89692471069394,0.0,0.0,130.5116009787326,0.0,0.0,0.0,0.0,-39.400955418938,0.07198089162120014,0.0,0.0,0.0,0.0,0.0,0.0,0.0,0.0,0.0,393.66266739175495,0.0,0.0,0.0,0.0,0.0,0.0,0.0,0.0,0.0,0.039589490391746036,0.039589490391746036,46.909533618607846,330.7158581720414,0.0,21.59426748637201,0.0,0.0,0.0,1000.0,0.0,0.0,0.0,0.0,0.0,391.1324908387387,-1000.0,0.0,0.0,0.0,0.0,0.0,130.5116009787326,0.0,0.0,0.0,0.0,0.0,0.0,0.0,185.1646440269178,-291.4901295432894,0.0,0.0,207.15748329962554,0.0,0.0,542.2908097179047,542.2908097179047,0.0,391.1324908387387,0.0,0.0,351.7315354198007,0.0,0.0,241.9139473341654,0.0,0.0,0.0,0.0,0.0,0.0,0.0,0.0,0.0,0.0,0.0,0.0,0.0,21.59426748637201,228.85435532853677,228.85435532853677,0.0,0.0,0.0,0.0,0.0,0.0,0.0,0.0,0.0,0.0,0.3599044581062002,0.0,46.909533618607846,0.0,0.0,46.909533618607846,0.0,0.0,0.0,10.797133743186006,0.0,0.0,0.0,204.3862189722078,0.0,0.0,0.0,0.0,0.0,0.0,-746.395720532838,1000.0,0.0,10.797133743186006,10.797133743186006,-795.1100835056328,-1000.0,0.0,130.5116009787326,0.0,0.0,0.0,0.0,0.0,-1000.0,0.0,-588.6792855069017,0.03599044581062001,0.0,0.0,-766.2815666259086,769.1839390059222,0.0,0.0,-542.2908097179047,0.0,0.0,0.0,0.0,0.0,0.0,0.0,0.0,0.0,0.0,0.0,0.0,0.0,0.0,0.03599044581062001,0.0,0.0,0.0,0.0,0.0,0.0,0.0,0.0,889.9749932173488,0.0,573.8118793631018,0.0,-577.7420360456204,-1000.0,-2.6992834357965014,-1.7995222905310024,0.0,0.0,281.25,281.25,-281.25,0.0,0.0,0.0,0.0,0.0,0.0,0.0,228.85435532853677,0.0,0.0,0.0,239.33586173284152,0.0,0.0,0.0,-0.03599044581062001,0.0,0.0,0.03599044581062001,0.0,0.03599044581062001,0.0,324.9761724845321,0.0,21.59426748637201,43.90834388895643,43.90834388895643,0.0,0.0,0.0,0.0,0.0,0.0,0.0,0.0,0.0,0.0,0.0,0.0,0.0,0.0,0.0,0.0,0.0,0.0,0.0,0.0,0.0,0.0,0.0,0.0,0.0,0.0,0.0,0.0,0.0,0.0,0.0,0.053985668715930024,0.0,0.0,0.0,-10.797133743186006,0.0,0.0,0.0,0.0,0.0,-330.7158581720414,1.7995222905310009,0.0,0.0,0.0,0.0,1000.0,-346.42553257766554,0.0,0.0,0.0,0.0,0.0,0.0,0.0,0.0,228.85435532853677,0.0,0.0,3.592766716512415,88.801910837876,0.0,57.801910837875994,-7.821895899484649,0.0,-1000.0,577.7420360456204,422.2579639543796,0.0,-1000.0,0.0,1.7995222905310024,1000.0,0.0,0.0,-46.909533618607846,-113.89692471069394,31.25000000000003,-31.25000000000003,0.0,0.0,0.0,0.0,0.0,0.0,0.0,174.13316220988781,-2.6992834357965876,43.90834388895643,0.0,0.0,0.0,46.909533618607846,0.0,0.0,0.0,0.0,0.0,697.7127367135246,0.0,0.0,336.11442504363447,-396.5650397717685,-591.6241928589995,0.0,10.797133743186006,0.0,0.0,0.0,0.0,-27.943629711775515,0.0,0.0,0.039589490391746036,0.0,0.0,0.0,21.95417194447821,0.0,0.0,0.0,0.0,-28.603821675751988,0.0,0.0,0.0,0.0,0.0,0.0,0.0,0.0,0.0,0.0,0.003599044581062001,0.003599044581062001,0.0,0.0,0.0,0.0,0.0,0.0,0.0,0.0,0.0,-766.2815666259086,46.909533618607846,0.0,0.0,0.0,0.0,330.7158581720414,0.0,0.0,0.0,0.0,0.0,0.0,0.0,646.2811122218101,0.0,0.0,0.0,0.0,0.0,-430.49387634059406,961.8674757720678,0.0,0.0,0.0,21.59426748637202,0.0,0.0,0.0,0.0,0.0,-810.3192328132575,788.7249653268855,0.0,0.0,0.0,0.0,0.0,0.0,0.0,0.0,0.0,46.909533618607846,46.909533618607846,0.0,588.6792855069017,712.3296328777146,24.65345538027472,-689.4027031896371,678.6055694464511,0.0,999.8560382167576,0.0,0.0,0.0,0.0,0.0,0.0,0.0,0.0,0.0,0.0,0.0,0.0,0.0,0.0,0.0,0.0,0.0,-4.498805726327504,228.85435532853677,-840.832744521666,0.0,0.0,0.0,0.0,0.0,0.0,0.0,-0.4498805726327503,113.89692471069394,0.0,0.0,0.0,0.0,0.0,0.0,0.0,1000.0,10.797133743186006,10.797133743186006,0.0,0.0,0.0,0.0,224.2246591332407,0.039589490391746036,330.7158581720414,0.0,0.0,-999.8560382167575,0.0,0.0,0.0,0.0,0.0,0.0,0.0,0.0,0.0,0.0,0.0,0.0,0.0,0.0,162.48808624226606,0.0,0.0,11.157038201292204,0.0,37.789968101151025,2.7712643274177395,0.0,0.0,0.0,0.0,0.0,330.7158581720414,0.0,994.2703210269503,0.0,0.0,0.0,-4.498805726327504,0.0,0.0,0.0,0.0,0.0,0.0,0.0,0.0,0.0,0.0,0.0,0.0,0.0,0.0,0.0,0.0,0.0,0.0,-0.03599044581062001,0.0,0.0,1.7995222905310009,-391.1324908387387,0.0,0.0,0.0,0.0,228.85435532853677,0.0,0.0,0.0,3.0987773842944475,0.8997611452655004,0.0,0.0,0.0,0.03599044581062001,0.0,35.99044581062002,0.0,7.1980891621240035,0.2570746129330001,122.72742021421426,-0.026992834357965012,920.8662528334658,0.7198089162124004,-0.17995222905312286,-122.72742021421426,10.797133743186006,-0.03599044581062001,2.6072986331615495,130.5116009787326,0.008997611452655005,0.2570746129330001,-7.821895899484649,-5.7296789730496585,46.189724702395445,-24.902168861284963,-0.03599044581062001,0.008997611452655005,-122.72742021421426,3.5990445810620018,0.03599044581062001,0.03599044581062001,-330.64027823583905,0.03958949039168201,-46.139878868069324,-0.026992834357965012,10.797133743186006,0.03599044581062001,10.797133743186006,-17.99522290531001,-0.01799522290531001,-91.55456858828717,167.50963016080755,-0.026992834357965012,-0.03599044581062001,0.0,0.03599044581062001,3.5990445810620018,-0.7198089162124004,0.0,0.0,-3.5990445810620018,24.902168861284963,0.0,7.198089162124002,0.053985668715930024,-1000.0,3.5990445810620018,-185.1646440269178,130.5116009787326,-7.1980891621240035,0.01799522290531001,0.3599044581062002,131.98264388102226,96.0,-0.03599044581062001,-338.81370847943106,330.64027823583905,11.157038201292204,0.03599044581062001,5.7296789730496585,87.32306600598855,130.5116009787326,-0.03599044581062001,-0.008997611452655005,-130.5116009787326,-0.03599044581062001,-39.400955418938,0.0359904458107337,-0.008997611452655005,-0.008997611452655005,-0.008997611452655005,14.396178324248007,17.99522290531001,0.3599044581062002,26.664421539944968,-0.008997611452655005,261.35798912888293,1.7995222905310009,21.5,0.03599044581062001,0.01799522290531001,0.017995222905310006,40.0,0.0,0.03599044581062001,0.0,0.3599044581062002,0.03599044581062001,-26.664421539944968,0.03599044581062001,0.14396178324238917,0.17995222905312286,0.01799522290531001,0.008997611452655005,10.797133743186006,-0.03599044581062001,46.139878868069324,-23.094862351197722,-53.328843079889936,919.9664916882002,-3.5990445810620018,7.1980891621240035,1.7995222905310009,-0.03599044581062001,7.821895899484649,0.053985668715930024,-0.03599044581062001,-80.0,0.0,374.98089890480105,0.017995222905310006,-43.0,-0.03599044581062001,-0.0359904458107337,-0.03599044581062001,0.017995222905310006,122.72742021421426,-7.1980891621240035,0.03599044581062001,263.9652877620445,-0.008997611452655005,-0.03958949039168201,-263.9652877620445,5.398566871593002,-167.50963016080755,704.650252840045,122.72742021421426,-0.026992834357965012,338.81370847943106,-96.0,0.03599044581062001,-0.008997611452655003,1.7995222905310024,35.99044581062002,-0.01799522290531001,-0.03599044581062001,0.008997611452655005,0.0,0.0,480.6063737381999,0.0,-46.0,0.0,-8.48126584655273,-31.0,0.0,-32.0,-93.0,-65.0,-519.3756310388948,16.0,23.0,46.5,0.0,15.5,-330.7158581720414,-347.03726919302557,519.3756310388948,65.0,-347.03726919302557,8.48126584655273,-49.70168821680164,0.0,1496.5981,hclb
231,0.0,0.0,0.0,0.0,0.0,0.0,0.0,0.0,340.28734383194103,0.0,0.0,0.0,0.0,0.0,0.0,0.0,349.5760204163098,0.0,0.0,420.8644225820034,0.0,0.0,0.0,0.0,0.0,0.0,0.0,0.0,0.0,-938.1393024400801,0.0,0.0,7.125910903491381,0.0,0.0,0.0,0.0,532.4549324410066,0.0,-1000.0,987.2164908039036,0.0,0.0,0.0,0.0,0.0,610.473360881908,0.0,588.5632820237703,-726.3188851299609,0.0,0.0,0.0,0.046872867052243805,0.0,0.0,0.0,8.522339464064249,0.0,0.0,-178.4680028681106,0.0,0.0,-178.4680028681106,0.0,0.0,0.0,0.0,229.85200750426202,-229.85200750426202,0.0,0.42611697320321246,0.0,0.0,0.0,0.0,0.0,0.0,0.0,0.0,0.0,0.0,0.0,0.0,25.567018392192747,0.0,174.71533272410096,184.24717241079543,351.9460318525624,296.10793629487523,-0.010652924330080311,0.0,0.0,-234.80529463586151,12.783509196096373,0.0,12.783509196096373,-539.9176610317056,0.0,0.0,0.0,809.3748895100362,-1000.0,0.0,0.0,-22.93237058572963,0.0,4.049561863656777,0.0,0.0,0.0,0.0,0.0,0.0,0.0,0.0,0.0,0.0,0.0,0.0,0.0,0.0,0.0,0.0,-295.4158969048551,0.0,0.0,12.783509196096373,0.0,13.209626169299584,0.0,0.0,0.0,0.0,0.0,0.0,0.0,0.0,0.0,0.0,0.0,0.0,0.0,0.0,0.0,177.9964334177657,0.042611697320321246,0.0,0.0,0.0,-675.6364992808793,0.0,0.0,0.0,0.0,0.0,248.63054218974966,0.0,0.0,0.0,0.0,0.0,-9.353157651791593,-9.353157651791593,0.0,0.0,0.0,406.25,0.0,0.0,0.0,-9.310545954471271,0.0,0.0,0.0,0.0,0.0,0.0,0.0,0.0,0.0,0.0,0.0,0.0,0.0,0.0,0.0,0.0,0.0,0.0,0.0,-1000.0,0.0,0.0,0.0,0.0,0.0,726.3188851299609,0.0,-648.0539681474377,648.0539681474377,0.0,0.0,0.0,0.0,0.0,0.0,0.0,61.860697559919956,-273.2123023482251,0.0,0.0,0.0,0.0,0.0,0.0,0.0,0.0,0.0,0.0,0.0,0.0,0.0,360.65731004809265,649.6811782090078,0.0,0.0,0.0,0.0,0.0,61.339378298093195,0.0,0.0,0.0,0.0,-178.4680028681106,0.0,0.0,0.0,0.0,0.0,0.0,0.0,0.0,0.0,0.0,0.0,0.0,0.0,0.0,1000.0,124.75648628712804,0.0,0.0,0.0,0.0,0.0,866.9794391728875,0.0,0.0,0.0,240.57687852803696,0.0,0.0,-285.16839871215495,-669.4034771368213,0.0,0.0,384.2350784246662,285.168398712155,-296.10793629487523,0.0,-1000.0,726.3188851299609,0.0,57.54725722560306,0.0,0.0,0.0,-126.51515672759477,0.0,126.51515672759477,0.0,76.93159336049325,0.0,0.0,0.0,406.25,0.0,0.0,-178.4680028681106,-0.06391754598048187,0.0,0.0,0.0,0.0,0.042611697320321246,0.0,0.0,0.0,925.8771125058105,349.5760204163098,0.0,-690.9485612346749,862.959239777096,0.0,1000.0,0.0,-387.4519071189738,0.0,-22.93237058572963,0.0,0.0,0.0,-3.668867139279549,731.6416293045303,-340.52085504627695,693.188299876267,-1000.0,0.0,0.0,0.0,0.0,0.0,0.0,0.0,0.0,0.0,0.0,0.0,0.0,0.0,0.0,0.0,0.0,0.0,0.0,0.0,-1000.0,0.0,467.37462076971184,538.5455643779915,0.0,0.0,0.0,-177.9964334177657,0.0,0.0,0.0,0.0,807.2443046440201,-961.4936368087923,0.0,-405.7527371880261,-65.89496760952089,0.0,0.0,-2.1305848660160622,0.0,283.1442046044644,0.0,0.0,0.0,64.82967517651286,0.0,59.52670698771509,0.0,11.694722786845944,1000.0,22.468371514865193,12.783509196096373,-218.7500000010445,218.7500000010445,0.0,0.0,0.0,340.3299555292613,0.0,-360.65731004809265,360.65731004809265,360.65731004809265,107.41003112166538,0.0,0.0,0.0,0.0,0.0,61.860697559919956,0.0,0.0,-7.505340288019312,0.0,-843.7500000000008,0.0,0.0,0.0,0.0,0.0,-38.73883026796788,0.0852233946406861,0.0,0.0,0.0,0.0,0.0,0.0,0.0,15.834494796572926,0.0,0.0,0.0,0.0,0.0,0.0,0.0,0.0,0.0,0.0,0.0,0.046872867052243805,0.046872867052243805,0.0,448.1349705840284,0.0,25.567018392192747,0.0,0.0,0.0,-224.86801502150183,0.0,0.0,174.71533272410096,0.0,0.0,549.4893880648931,224.86801502150183,0.0,0.0,0.0,0.0,0.0,0.0,0.0,0.0,0.0,0.0,0.0,0.0,0.0,98.4719656349517,-925.8771125058105,675.6364992808793,0.0,177.9964334177657,0.0,0.0,-234.80529463586151,-296.1446729339547,0.0,549.4893880648931,0.0,510.7505577969252,0.0,0.0,0.0,360.65731004809265,0.0,0.0,0.0,0.0,0.0,0.0,0.0,0.0,0.0,0.0,0.0,0.0,0.0,25.567018392192747,0.0,0.0,0.0,0.0,0.0,0.0,0.0,0.0,0.0,0.0,0.0,0.0,0.42611697320321246,0.0,0.0,174.71533272410096,-174.71533272410096,0.0,0.0,0.0,0.0,12.783509196096373,0.0,0.0,0.0,0.0,0.0,0.0,0.0,0.0,0.0,0.0,1000.0,-692.6724641169113,0.0,12.783509196096373,12.783509196096373,1000.0,224.86801502150183,0.0,0.0,0.0,0.0,0.0,0.0,0.0,575.5860447414921,61.860697559919956,1000.0,0.042611697320321246,0.0,0.0,0.0,56.274833696815676,0.0,15.834494796572926,234.80529463586151,0.0,0.0,0.0,0.0,0.0,0.0,0.0,0.0,0.0,0.0,0.0,0.0,0.0,0.0,0.042611697320321246,0.0,0.0,0.0,0.0,0.0,0.0,0.0,0.0,467.37462076971184,0.0,360.54913096022574,0.0,0.0,-1000.0,-3.1958772990240933,-2.1305848660160622,0.0,0.0,0.0,0.0,0.0,0.0,0.0,0.0,0.0,0.0,0.0,0.0,0.0,0.0,0.0,0.0,36.293679167727205,0.0,0.0,0.0,340.28734383194103,0.0,0.0,0.042611697320321246,0.0,0.042611697320321246,0.0,0.0,0.0,25.567018392192747,51.986270730791915,51.986270730791915,0.0,0.0,0.0,0.0,0.0,0.0,0.0,675.6364992808793,0.0,61.860697559919956,0.0,0.0,0.0,0.0,0.0,0.0,0.0,0.0,0.0,0.0,0.0,0.0,0.0,0.0,0.0,0.0,0.0,61.339378298093195,0.0,0.0,0.0,0.06391754598048187,0.0,0.0,0.0,-12.783509196096373,0.0,0.0,0.0,0.0,0.0,-448.1349705840284,2.1305848660160622,0.0,0.0,0.0,-406.25,0.0,617.6033479942788,0.0,0.0,-843.7500000000008,0.0,0.0,0.0,0.0,0.0,0.0,0.0,0.0,-754.0118424150045,87.47766053593575,0.0,732.1141598168151,-22.93237058572963,0.0,439.6069145765131,0.0,-439.6069145765131,0.0,814.9931684420956,0.0,2.1305848660160622,1000.0,0.0,0.0,0.0,-356.9360057362212,0.0,0.0,0.0,0.0,0.0,0.0,0.0,0.0,0.0,-3.195877299024062,-3.1958772990240933,51.986270730791915,0.0,881.5671087914816,881.5671087914816,-881.5671087914816,0.0,0.0,0.0,0.0,0.0,0.0,0.0,0.0,454.5267251820766,-56.274833696815676,808.7004746056663,0.0,12.783509196096373,174.71533272410096,0.0,0.0,0.0,76.12318606740664,0.0,0.0,0.046872867052243805,0.0,0.0,0.0,25.993135365395958,0.0,0.0,0.0,0.0,649.6811782090078,0.0,0.0,0.0,0.0,0.0,0.0,0.0,0.0,-1000.0,0.0,384.72290296952207,0.004261169732032125,0.0,0.0,0.0,0.0,0.0,0.0,0.0,0.0,0.0,0.0,0.0,0.0,0.0,0.0,0.0,448.1349705840284,0.0,0.0,0.0,0.0,0.0,0.0,0.0,726.3188851299609,0.0,0.0,0.0,349.4306654482019,238.7183481388871,469.86139729950605,0.0,0.0,0.0,0.0,25.567018392192747,0.0,0.0,0.0,0.0,0.0,-382.95035485821376,357.38333646602103,0.0,349.4306654482019,0.0,0.0,0.0,0.0,0.0,0.0,0.0,0.0,0.0,0.0,-1000.0,268.7743446177591,29.189012664420055,0.0,-12.783509196096373,0.0,999.8295532107185,0.0,0.0,0.0,0.0,0.0,0.0,0.0,0.0,0.0,296.875,0.0,-296.875,-296.875,0.0,0.0,0.0,0.0,-5.326462165040155,0.0,-810.4401819430442,0.0,0.0,0.0,0.0,0.0,0.0,0.0,-0.5326462165040156,7.505340288019312,0.0,0.0,0.0,0.0,0.0,0.0,0.0,1000.0,12.783509196096373,12.783509196096373,0.0,0.0,0.0,0.0,0.0,0.046872867052243805,448.1349705840284,0.0,0.0,-999.8295532107185,384.71864179979,0.0,0.0,0.0,0.0,0.0,0.0,0.0,0.0,0.0,0.0,0.0,0.0,0.0,0.0,0.0,0.0,0.0,0.0,44.742282186337306,177.9964334177657,0.0,0.0,0.0,0.0,0.0,448.1349705840284,0.0,-621.106029514009,0.0,0.0,0.0,-5.326462165040155,0.0,0.0,0.0,0.0,0.0,0.0,0.0,0.0,0.0,0.0,0.0,0.0,0.0,0.0,0.0,0.0,0.0,0.0,-0.042611697320321246,0.0,0.0,2.1305848660160622,-549.4893880648931,0.0,0.0,0.0,0.0,0.0,0.0,0.0,0.0,3.668867139279549,1.0652924330080311,0.0,0.0,0.0,0.042611697320321246,0.0,42.61169732032124,-13.209626169299584,8.522339464064249,0.30436926657372315,118.88663552369626,-0.031958772990240934,405.7527371880261,0.8522339464064249,-0.2130584866018486,-118.88663552369626,12.783509196096373,-0.042611697320321246,7.644123528576543,0.0,0.010652924330080311,0.30436926657372315,-22.93237058572963,-181.49911493749596,-0.8522339464064249,-770.4404429983132,-0.042611697320321246,0.010652924330080311,-118.88663552369626,136.98489929612862,0.042611697320321246,0.042611697320321246,-448.04548601965587,-174.6684598570486,0.0,-0.031958772990240934,12.783509196096373,0.042611697320321246,12.783509196096373,-21.30584866016062,-0.021305848660160623,-202.7658010182904,-65.64315972744564,-0.031958772990240934,-0.042611697320321246,-13.209626169299584,0.042611697320321246,4.26116973203213,-0.8522339464064249,61.339378298093195,61.339378298093195,-4.26116973203213,770.4404429983132,-61.339378298093195,8.522339464064249,0.06391754598048187,-557.962602565281,4.2611697320321245,-98.4719656349517,0.0,-8.522339464064249,0.021305848660160623,0.42611697320321246,172.73714030866873,96.0,-0.042611697320321246,-457.7226024811007,448.04548601965587,13.209626169299584,0.042611697320321246,181.49911493749596,-183.85776634848216,0.0,-0.042611697320321246,-0.010652924330080311,0.0,-0.042611697320321246,-38.73883026796788,0.04261169732035519,-0.010652924330080311,-0.010652924330080311,-0.010652924330080311,17.044678928128498,21.30584866016062,0.42611697320321246,354.37996083479544,-0.010652924330080311,337.8301570887609,2.1305848660160622,21.5,0.042611697320321246,0.021305848660160623,0.021305848660160623,4.2611697320321245,13.209626169299584,0.042611697320321246,-13.209626169299584,0.42611697320321246,0.042611697320321246,-1000.0,0.042611697320321246,0.17044678928152734,0.2130584866018486,0.021305848660160623,0.010652924330080311,12.783509196096373,-0.042611697320321246,0.0,0.42611697320321246,-708.7599216695909,404.6874447550181,-4.26116973203213,8.522339464064249,2.1305848660160622,-0.042611697320321246,22.93237058572963,0.06391754598048187,-0.042611697320321246,-8.522339464064245,13.209626169299584,188.94264244987025,0.021305848660160623,-43.0,-0.042611697320321246,-0.04261169732035519,-0.04261169732032125,0.021305848660160623,118.88663552369626,-8.522339464064249,0.042611697320321246,345.47428061733746,-0.010652924330080311,174.6684598570486,-345.47428061733746,6.391754598048186,65.64315972744564,456.3716711844369,118.88663552369626,-0.031958772990240934,457.7226024811007,-96.0,0.042611697320321246,-0.010652924330080308,2.1305848660160622,42.61169732032124,-0.021305848660160623,-0.042611697320321246,0.010652924330080311,0.0,0.0,557.9412967166209,645.6200391652046,-46.0,0.0,333.27414286286375,-31.0,132.7237295640965,-32.0,-93.0,-65.0,0.0,16.0,23.0,46.5,-132.7237295640965,15.5,-448.1349705840284,-265.0658285172769,0.0,65.0,-265.0658285172769,-333.27414286286375,256.4353697396569,0.0,1496.5981,hclb
232,0.0,0.0,0.0,0.0,0.0,0.0,0.0,0.0,-0.03530156645815126,0.0,0.0,0.0,0.0,0.0,0.0,0.0,511.6510675856858,-655.5520903287227,0.0,0.0,0.0,0.0,0.0,871.2133903814621,0.0,0.0,0.0,0.0,0.0,-589.5061796619918,9.466837994680924,-9.466837994680924,26.858017952678622,0.0,0.0,0.0,0.0,319.87724698400325,0.0,-1000.0,1000.0,0.0,0.0,77.85511207630606,0.0,0.0,0.0,178.87705760127446,0.0,0.0,0.0,0.0,0.0,0.03883172310401111,0.0,0.0,0.0,185.9373708929047,0.0,0.0,113.70638233496766,0.0,0.0,-246.20627652286046,0.0,0.0,0.0,0.0,0.0,0.0,0.0,0.3530156645815126,0.0,0.0,0.0,0.0,0.0,0.0,0.0,0.0,0.0,0.0,0.0,0.0,21.180939874890758,0.0,0.0,-316.12497757867555,0.0,272.84559726258,-0.008825391614537815,0.0,0.0,-549.3287179582293,10.590469937445379,0.0,10.590469937445379,0.0,0.0,0.0,0.0,1.765078322907563,-589.5061796619918,0.0,0.0,-3.361817428596214,336.7720268978767,466.30610540974504,0.0,0.0,0.0,0.0,0.0,0.0,0.0,0.0,0.0,0.0,0.0,0.0,0.0,0.0,0.0,0.0,-1000.0,0.0,0.0,10.590469937445379,0.0,10.94348560202689,0.0,0.0,-735.364339437288,735.364339437288,0.0,0.0,296.337341142169,0.0,0.0,-656.2499999999972,0.0,0.0,0.0,0.0,0.0,2.7182206172776584,0.03530156645815126,0.0,0.0,0.0,0.0,-423.53331055638114,0.0,0.0,0.0,0.0,-223.96023302962294,0.0,0.0,0.0,0.0,0.0,180.2332249231918,180.2332249231918,0.0,0.0,0.0,0.0,-776.185789396702,0.0,0.0,189.73536448433083,0.0,0.0,0.0,-502.9808596497288,0.0,0.0,0.0,0.0,0.0,0.0,0.0,0.0,0.0,0.0,-442.8750016107568,0.0,0.0,0.0,0.0,-1000.0,0.0,0.0,0.0,0.0,0.0,0.0,0.0,316.12497757867555,-316.12497757867555,0.0,0.0,0.0,0.0,0.0,0.0,0.0,0.0,417.8060698546874,0.0,0.0,0.0,0.0,0.0,0.0,0.0,0.0,0.0,0.0,0.0,0.0,0.0,8.993711350343688,57.881910241764956,77.85511207630606,0.0,0.0,0.0,359.91265885782815,66.86750298141911,0.0,0.0,0.0,0.0,113.70638233496766,0.0,9.466837994680924,0.0,0.0,0.0,0.0,0.0,0.0,0.0,10.603548434633934,0.0,0.0,0.0,784.4437124985786,468.318734919903,0.0,0.0,-77.85511207630606,0.0,0.0,359.91265885782815,582.0251172548707,0.0,0.0,0.0,-125.10650215793038,0.0,0.0,312.9627456407575,0.0,526.7462486490308,-213.78350300827333,526.7462486490308,0.0,316.12497757867555,0.0,-23.30213517137156,0.0,0.0,31.623867436822934,0.0,0.0,0.0,-230.32776765578197,0.0,230.32776765578197,0.0,1000.0,0.0,359.91265885782815,591.2267108669142,0.0,0.0,0.0,113.70638233496766,-0.05295234968722689,0.0,0.0,0.0,0.0,0.03530156645815126,0.0,0.0,0.0,911.9384786465016,511.6510675856858,0.0,-2.2412116190641425,-96.44922709372355,0.0,577.7381243712475,0.0,3.0394648720468678,0.0,-3.361817428596214,0.0,0.0,0.0,-3.0394648720468678,0.0,0.0,0.0,-1000.0,0.0,0.0,0.0,0.0,0.0,0.0,0.0,0.0,0.0,0.0,0.0,0.0,0.0,0.0,0.0,0.0,0.0,-679.9815467501644,0.0,-1000.0,0.0,0.0,0.0,0.0,866.2739241746058,0.0,-3.8549310572306683,0.0,0.0,0.0,0.0,0.0,-366.68383630142387,0.0,0.0,0.0,366.68383630142387,431.52243268743325,-1.765078322907563,-47.533559235900675,0.0,0.0,-1.765078322907563,1000.0,-0.8825391614537815,0.0,-312.9725029353467,0.0,-1000.0,104.86181873710935,257.22866408654545,10.590469937445379,0.0,0.0,0.0,355.3560867394753,0.0,0.0,0.0,-8.993711350343688,8.993711350343688,8.993711350343688,-266.05458260250936,0.0,0.0,-810.3352386485855,0.0,0.0,0.0,0.0,0.0,-132.4998941878928,0.0,-781.2500000000007,432.85234556619787,0.0,0.0,0.0,0.0,-39.469843354184874,0.07060313291603756,0.0,0.0,0.0,0.0,0.0,0.0,0.0,0.0,0.0,0.0,0.0,0.0,0.0,0.0,0.0,0.0,0.0,0.0,0.0,0.03883172310401111,0.03883172310401111,9.466837994680924,97.93339805871344,0.0,21.180939874890758,0.0,0.0,0.0,1000.0,0.0,815.6355624808785,0.0,0.0,0.0,-242.49921780047725,-1000.0,0.0,0.0,0.0,0.0,0.0,432.85234556619787,0.0,0.0,0.0,0.0,0.0,0.0,0.0,333.3333333333333,-911.9384786465016,86.76128365850445,0.0,2.7182206172776584,0.0,0.0,-549.3287179582293,-616.1962209396484,0.0,-242.49921780047725,0.0,0.0,-281.96906115466214,0.0,0.0,8.993711350343688,0.0,0.0,0.0,0.0,0.0,0.0,0.0,0.0,0.0,0.0,0.0,0.0,0.0,21.180939874890758,359.91265885782815,359.91265885782815,0.0,0.0,0.0,0.0,0.0,0.0,0.0,0.0,0.0,0.0,0.3530156645815126,0.0,9.466837994680924,0.0,0.0,9.466837994680924,0.0,0.0,0.0,10.590469937445379,0.0,0.0,0.0,0.0,0.0,0.0,0.0,0.0,0.0,0.0,1000.0,0.0,0.0,10.590469937445379,10.590469937445379,-277.5177952950821,-1000.0,0.0,432.85234556619787,0.0,0.0,0.0,0.0,0.0,-410.49382033800816,0.0,-284.9460485993509,0.03530156645815126,0.0,0.0,0.0,46.62076158891133,0.0,0.0,549.3287179582293,0.0,0.0,0.0,0.0,0.0,0.0,0.0,0.0,0.0,0.0,0.0,0.0,0.0,0.0,0.03530156645815126,0.0,0.0,0.0,0.0,0.0,0.0,0.0,0.0,0.0,-3.8549310572306683,0.0,0.0,0.0,-320.0184532498356,-2.6476174843613447,-1.7650783229075615,0.0,0.0,593.75,593.75,-593.75,0.0,0.0,0.0,0.0,0.0,0.0,0.0,359.91265885782815,0.0,0.0,0.0,-741.006257590547,0.0,0.0,0.0,-0.03530156645815126,0.0,0.0,0.03530156645815126,0.0,0.03530156645815126,0.0,0.0,0.0,21.180939874890758,43.06791107894454,43.06791107894454,0.0,0.0,0.0,0.0,0.0,0.0,0.0,86.76128365850445,0.0,0.0,0.0,0.0,0.0,0.0,0.0,0.0,0.0,0.0,0.0,0.0,0.0,0.0,0.0,0.0,0.0,0.0,0.0,66.86750298141911,0.0,0.0,0.0,0.05295234968722689,0.0,0.0,0.0,-10.590469937445379,0.0,0.0,0.0,0.0,0.0,-97.93339805871344,1.765078322907563,0.0,0.0,0.0,0.0,776.185789396702,0.0,0.0,0.0,-781.2500000000007,0.0,0.0,0.0,0.0,0.0,359.91265885782815,0.0,0.0,1000.0,88.93968670836975,0.0,144.7009703668742,-3.361817428596214,0.0,0.0,0.0,0.0,0.0,538.9572061759261,0.0,1.7650783229075615,862.7969318037501,0.0,0.0,-9.466837994680924,-132.4998941878928,343.75000000000034,-343.75000000000034,0.0,0.0,0.0,0.0,0.0,0.0,0.0,543.4560171538316,-105.87625051179765,43.06791107894454,0.0,0.0,0.0,9.466837994680924,0.0,0.0,0.0,0.0,0.0,10.603548434633934,0.0,0.0,0.0,-46.62076158891133,-850.0616866291615,0.0,10.590469937445379,0.0,0.0,0.0,0.0,-343.00668906064226,0.0,0.0,0.03883172310401111,0.0,0.0,0.0,21.53395553947227,0.0,0.0,0.0,0.0,57.881910241764956,0.0,336.7720268978767,0.0,0.0,0.0,0.0,0.0,0.0,0.0,0.0,0.0035301566458150312,0.0035301566458150312,0.0,0.0,0.0,0.0,0.0,0.0,0.0,0.0,0.0,0.0,9.466837994680924,0.0,0.0,0.0,0.0,97.93339805871344,0.0,0.0,0.0,0.0,0.0,0.0,0.0,0.0,0.0,0.0,0.0,0.0,0.0,1000.0,-655.5520903287227,0.0,0.0,0.0,21.180939874890758,0.0,0.0,0.0,0.0,0.0,0.0,-21.180939874890758,0.0,0.0,0.0,0.0,0.0,0.0,0.0,0.0,0.0,9.466837994680924,9.466837994680924,0.0,284.9460485993509,-1000.0,24.181573023833618,0.0,-10.590469937445379,0.0,319.87724698400325,0.0,0.0,0.0,0.0,0.0,0.0,0.0,0.0,0.0,0.0,0.0,0.0,0.0,0.0,0.0,0.0,0.0,-4.412695807268906,359.91265885782815,-2.6476174843613447,103.22863302743616,0.0,0.0,0.0,0.0,0.0,0.0,-0.44126958072689076,132.4998941878928,0.0,0.0,0.0,0.0,0.0,0.0,0.0,1000.0,10.590469937445379,10.590469937445379,0.0,0.0,0.0,0.0,0.0,0.03883172310401111,97.93339805871344,0.0,0.0,-319.87724698400325,0.0,0.0,0.0,0.0,0.0,0.0,0.0,0.0,0.0,0.0,0.0,0.0,0.0,0.0,0.0,0.0,0.0,0.0,0.0,37.06664478105883,2.7182206172776584,0.0,0.0,0.0,0.0,0.0,97.93339805871344,0.0,-1.7650783229075615,0.0,0.0,0.0,-4.412695807268906,0.0,0.0,0.0,0.0,0.0,0.0,0.0,0.0,0.0,0.0,0.0,0.0,0.0,0.0,0.0,0.0,0.0,0.0,-0.03530156645815126,0.0,0.0,1.765078322907563,242.49921780047725,0.0,0.0,0.0,0.0,359.91265885782815,0.0,0.0,0.0,3.0394648720468678,0.8825391614537815,0.0,0.0,0.0,0.03530156645815126,0.0,35.30156645815126,-10.94348560202689,7.060313291630252,0.25215404612965187,98.49137041824201,-0.026476174843613445,1.765078322907563,0.7060313291630252,-0.17650783229049694,-98.49137041824201,10.590469937445379,-0.03530156645815126,1.1206058095320712,432.85234556619787,0.008825391614537815,0.25215404612965187,-3.361817428596214,-5.62000938013823,8.760806665517899,143.9010227430369,-0.03530156645815126,0.008825391614537815,-98.49137041824201,3.530156645815126,0.03530156645815126,0.03530156645815126,-97.85926476915128,0.03883172310396629,-59.60422644967106,-0.026476174843613445,10.590469937445379,0.03530156645815126,10.590469937445379,-17.650783229075632,-0.01765078322907563,290.28809433648644,-70.43296119369238,-0.026476174843613445,-0.03530156645815126,-10.94348560202689,0.03530156645815126,3.530156645815126,-0.7060313291630252,66.86750298141911,66.86750298141911,-3.530156645815126,-143.9010227430369,-66.86750298141911,7.060313291630252,0.05295234968722689,-1000.0,3.530156645815126,-333.3333333333333,432.85234556619787,-7.060313291630252,0.01765078322907563,0.3530156645815126,0.5603029047660356,96.0,-0.03530156645815126,-105.87625051179765,97.85926476915128,10.94348560202689,0.03530156645815126,5.62000938013823,390.4904658164164,432.85234556619787,-0.03530156645815126,-0.008825391614537815,-432.85234556619787,-0.03530156645815126,-376.2418702520616,0.035301566458201705,-0.008825391614537815,-0.008825391614537815,-0.008825391614537815,14.120626583260504,17.650783229075632,0.3530156645815126,26.15404804968213,-0.008825391614537815,0.0,1.765078322907563,21.5,0.03530156645815126,0.01765078322907563,0.01765078322907563,40.0,10.94348560202689,0.03530156645815126,-10.94348560202689,0.3530156645815126,0.03530156645815126,-26.15404804968213,0.03530156645815126,0.14120626583235207,0.17650783229049694,0.01765078322907563,0.008825391614537815,10.590469937445379,-0.03530156645815126,59.60422644967106,-4.3804033327589496,-52.30809609936426,0.8825391614537816,-3.530156645815126,7.060313291630252,1.765078322907563,-0.03530156645815126,3.361817428596214,0.05295234968722689,-0.03530156645815126,-80.0,10.94348560202689,467.9272920416905,0.01765078322907563,-43.0,-0.03530156645815126,-0.035301566458201705,-0.03530156645815126,0.01765078322907563,98.49137041824201,-7.060313291630252,0.03530156645815126,1.1206058095320712,-0.008825391614537815,-0.03883172310396629,-1.1206058095320712,5.2952349687226885,70.43296119369238,747.1523144145231,98.49137041824201,-0.026476174843613445,105.87625051179765,-96.0,0.03530156645815126,-0.008825391614537815,1.7650783229075615,35.30156645815126,-0.01765078322907563,-0.03530156645815126,0.008825391614537815,0.0,0.0,411.0117743755154,0.0,-46.0,0.0,101.75835225946207,-31.0,0.0,-32.0,-93.0,-65.0,-588.9705748412555,16.0,23.0,46.5,0.0,15.5,-97.93339805871344,-124.92060298104823,588.9705748412555,65.0,-124.92060298104823,-101.75835225946207,-146.13113510138473,0.0,1496.5981,hclb
233,0.0,0.0,0.0,0.0,0.0,0.0,0.0,0.0,-0.03771721738921685,0.0,0.0,0.0,0.0,0.0,0.0,0.0,14.916965051228416,373.55152866901614,0.0,0.0,0.0,0.0,0.0,0.0,0.0,0.0,0.0,0.0,0.0,42.67201000516913,0.0,0.0,0.0,0.0,0.0,0.0,0.0,999.849131130443,0.0,-1000.0,1000.0,0.0,0.0,0.0,0.0,0.0,0.0,0.0,-57.588975056397544,0.0,0.0,0.0,0.0,0.041488939128122244,0.0,0.0,0.0,7.54344347784337,0.0,0.0,-209.68419098328658,0.0,0.0,-209.68419098328658,0.0,0.0,0.0,0.0,578.7726977639499,-578.7726977639499,0.0,0.3771721738921685,0.0,0.0,0.0,0.0,0.0,0.0,0.0,0.0,0.0,0.0,0.0,0.0,22.630330433530112,0.0,206.36256137187615,0.0,380.04498779561106,317.8229783246163,-0.009429304347304213,0.0,0.0,0.0,11.315165216765056,0.0,38.38049232408437,-774.3129198707508,0.0,0.0,0.0,1.8858608694608425,-233.50220295921883,0.0,0.0,0.0,0.0,0.0,0.0,0.0,0.0,0.0,0.0,0.0,0.0,0.0,0.0,0.0,0.0,0.0,0.0,0.0,0.0,0.0,-315.6423770843073,0.0,0.0,38.38049232408437,0.0,11.692337390657222,0.0,0.0,-64.61289070070268,914.1494156714699,-849.5365249707672,849.5365249707672,-1000.0,0.0,0.0,1000.0,0.0,0.0,0.0,0.0,0.0,209.26678711084585,0.03771721738921685,0.0,0.0,0.0,-1000.0,969.3985189914977,0.0,0.0,0.0,0.0,113.88053403177236,0.0,0.0,0.0,0.0,0.0,999.9622827826108,999.9622827826108,0.0,0.0,0.0,0.0,712.0431107306329,0.0,0.0,1000.0,0.0,0.0,0.0,0.0,-215.58886163014205,0.0,0.0,0.0,0.0,0.0,0.0,0.0,0.0,0.0,-232.14175326512384,0.0,0.0,0.0,0.0,-1000.0,0.0,0.0,0.0,0.0,0.0,0.0,0.0,-431.1405037254137,431.1405037254137,0.0,0.0,0.0,0.0,0.0,0.0,0.0,276.17421296438795,-740.4454509570955,0.0,0.0,0.0,0.0,0.0,0.0,0.0,0.0,0.0,0.0,0.0,0.0,0.0,177.53954406608295,29.75369507150841,0.0,0.0,0.0,0.0,0.0,20.68076634580211,0.0,0.0,0.0,0.0,-209.68419098328658,0.0,0.0,0.0,0.0,0.0,0.0,0.0,0.0,0.0,0.0,0.0,27.065327107319316,0.0,0.0,811.1854915210247,-488.7294787818112,0.0,0.0,0.0,0.0,0.0,-227.28643793880332,0.0,0.0,0.0,-245.06965406067536,0.0,0.0,1000.0,277.9389355010813,0.0,852.8146077632359,-130.75354326431722,-147.18539223676407,-51.095515929802616,0.0,0.0,0.0,0.0,84.5502701701129,0.0,0.0,0.0,963.724101551164,0.0,-963.724101551164,0.0,1000.0,0.0,0.0,0.0,0.0,0.0,0.0,-209.68419098328658,-0.056575826083825276,0.0,0.0,0.0,0.0,0.03771721738921685,0.0,0.0,0.0,940.9387413301135,14.916965051228416,0.0,-517.4709253935591,-361.4063658354277,215.58886163014205,965.9239358019278,0.0,0.0,0.0,0.0,0.0,0.0,0.0,-3.2474524172115538,3.2474524172115538,0.0,-198.967306477399,-1000.0,0.0,0.0,0.0,0.0,0.0,0.0,0.0,0.0,0.0,0.0,0.0,0.0,0.0,0.0,0.0,0.0,0.0,0.0,0.0,-1000.0,0.0,0.0,773.098425470818,0.0,0.0,18.658553343200197,-209.26678711084585,0.0,0.0,0.0,0.0,0.0,0.0,0.0,-353.7353340366166,0.0,-582.0201501811614,-699.4115101965859,0.0,0.0,-50.78623321458049,0.0,351.8494731671558,0.0,-0.9429304347304213,-1.8858608694608425,0.0,0.0,251.658021661397,877.4489067910417,0.0,38.38049232408437,0.0,0.0,0.0,551.6182253123501,0.0,0.0,0.0,-177.53954406608295,177.53954406608295,177.53954406608295,-473.8832426708541,0.0,0.0,-619.1631185504069,0.0,0.0,276.17421296438795,0.0,0.0,-6.6432592228208405,0.0,-891.6481421474285,72.45655652215663,0.0,0.0,0.0,0.0,-39.228278261078316,0.0754344347784187,0.0,0.0,0.0,0.0,0.0,0.0,0.0,83.65565150571713,0.0,0.0,0.0,0.0,0.0,0.0,0.0,0.0,0.0,0.0,0.0,0.041488939128122244,0.041488939128122244,0.0,265.9961005882396,0.0,22.630330433530112,0.0,0.0,0.0,345.19422942845677,0.0,768.601927743349,206.36256137187615,0.0,0.0,-63.98100892029302,-345.19422942845677,0.0,0.0,0.0,0.0,0.0,72.45655652215663,0.0,0.0,0.0,0.0,0.0,0.0,0.0,105.21412569476911,-940.9387413301135,30.601481008502354,0.0,209.26678711084585,0.0,0.0,0.0,-20.68076634580211,0.0,-63.98100892029302,0.0,0.0,-103.20928718137134,343.75000000000034,-343.75000000000034,177.53954406608295,0.0,0.0,0.0,0.0,0.0,0.0,0.0,0.0,0.0,0.0,0.0,0.0,0.0,22.630330433530112,0.0,0.0,0.0,0.0,0.0,0.0,0.0,0.0,0.0,0.0,0.0,0.0,0.3771721738921685,0.0,0.0,206.36256137187615,-206.36256137187615,0.0,0.0,0.0,0.0,38.38049232408437,0.0,0.0,0.0,0.0,0.0,0.0,0.0,0.0,0.0,0.0,-223.4392817651032,697.8390789593993,0.0,11.315165216765056,11.315165216765056,823.7888363141025,-345.19422942845677,0.0,72.45655652215663,0.0,0.0,0.0,0.0,0.0,-567.5304905633822,276.17421296438795,-598.1635842497295,0.03771721738921685,0.0,0.0,0.0,49.8109737363736,7.7215738806606,83.65565150571713,0.0,0.0,0.0,0.0,0.0,0.0,0.0,0.0,0.0,0.0,0.0,0.0,0.0,0.0,0.0,0.03771721738921685,0.0,0.0,0.0,0.0,0.0,0.0,0.0,0.0,0.0,0.0,563.8316383599722,0.0,0.0,-1000.0,-2.828791304191264,-1.8858608694608425,0.0,0.0,0.0,0.0,0.0,0.0,0.0,0.0,0.0,0.0,0.0,0.0,0.0,215.58886163014205,0.0,0.0,253.54388253085784,0.0,0.0,0.0,-0.03771721738921685,0.0,0.0,0.03771721738921685,0.0,0.03771721738921685,0.0,0.0,0.0,22.630330433530112,46.01500521484456,46.01500521484456,0.0,0.0,0.0,0.0,0.0,0.0,0.0,30.601481008502354,0.0,276.17421296438795,0.0,0.0,0.0,0.0,0.0,0.0,0.0,0.0,0.0,0.0,0.0,0.0,0.0,0.0,0.0,0.0,0.0,20.68076634580211,0.0,0.0,0.0,0.056575826083825276,0.0,0.0,0.0,-38.38049232408437,0.0,0.0,0.0,0.0,0.0,-265.9961005882396,1.8858608694608425,0.0,0.0,0.0,0.0,-712.0431107306329,918.6065627133233,0.0,0.0,-891.6481421474285,0.0,0.0,0.0,0.0,0.0,0.0,0.0,0.0,748.1579204716757,88.45655652215663,0.0,88.05803753065899,7.7215738806606,0.0,709.3397756024775,0.0,-709.3397756024775,0.0,-273.3014431536479,0.0,1.8858608694608425,647.0457015231935,0.0,0.0,0.0,-419.36838196657317,0.0,0.0,0.0,0.0,0.0,0.0,0.0,0.0,0.0,499.2672954020053,-272.7831247452641,46.01500521484456,0.0,-400.07895545838215,-400.0789554583822,400.07895545838215,0.0,0.0,0.0,0.0,0.0,0.0,0.0,0.0,1.699349755549406,-49.8109737363736,20.548538140465325,0.0,11.315165216765056,206.36256137187615,0.0,0.0,0.0,21.10082016020594,0.0,0.0,0.041488939128122244,0.0,0.0,0.0,23.00750260742228,0.0,0.0,0.0,0.0,29.75369507150841,0.0,0.0,0.0,0.0,0.0,0.0,0.0,0.0,286.59522380172774,0.0,966.081250306923,0.003771721738921685,0.0,0.0,0.0,0.0,0.0,0.0,0.0,0.0,0.0,0.0,0.0,0.0,0.0,0.0,0.0,265.9961005882396,0.0,0.0,0.0,0.0,0.0,0.0,0.0,0.0,0.0,0.0,0.0,412.7251227437523,0.0,-27.75504495394071,373.55152866901614,0.0,0.0,0.0,22.630330433530112,0.0,0.0,0.0,0.0,0.0,0.0,-22.630330433530112,0.0,412.7251227437523,0.0,0.0,0.0,0.0,0.0,0.0,0.0,0.0,0.0,0.0,598.1635842497295,-1000.0,25.836293911613545,0.0,-38.38049232408437,0.0,999.849131130443,0.0,0.0,0.0,0.0,0.0,0.0,0.0,0.0,0.0,0.0,0.0,0.0,0.0,0.0,0.0,0.0,0.0,-4.714652173652107,0.0,-2.828791304191264,269.9543334410727,0.0,0.0,0.0,0.0,0.0,-0.47146521736521063,0.0,6.6432592228208405,0.0,0.0,0.0,0.0,0.0,0.0,0.0,1000.0,11.315165216765056,11.315165216765056,0.0,0.0,0.0,0.0,0.0,0.041488939128122244,265.9961005882396,0.0,0.0,-999.849131130443,966.0774785851842,0.0,0.0,0.0,0.0,0.0,0.0,0.0,0.0,0.0,0.0,0.0,0.0,0.0,0.0,0.0,0.0,0.0,0.0,39.6030782586777,209.26678711084585,0.0,0.0,0.0,0.0,0.0,265.9961005882396,0.0,-921.706917982717,0.0,0.0,0.0,-4.714652173652107,0.0,0.0,0.0,0.0,0.0,0.0,0.0,0.0,0.0,0.0,0.0,0.0,0.0,0.0,0.0,0.0,0.0,0.0,-0.03771721738921685,0.0,0.0,1.8858608694608425,63.98100892029302,0.0,0.0,0.0,0.0,0.0,0.0,0.0,0.0,3.2474524172115538,0.9429304347304213,0.0,0.0,0.0,0.03771721738921685,0.0,37.71721738921685,-11.692337390657222,7.54344347784337,0.2694086956372632,105.23103651591501,-0.028287913041912638,1.8858608694608217,0.754344347784337,-0.18858608694620216,-105.23103651591501,11.315165216765056,-0.03771721738921685,0.0,72.45655652215663,0.009429304347304213,0.2694086956372632,0.0,-212.36714238023944,-0.754344347784337,-388.46849372024457,-0.03771721738921685,0.009429304347304213,-105.23103651591501,3.771721738921685,0.03771721738921685,0.03771721738921685,-265.91689443172226,-206.3210724327481,-31.506704380417673,-0.028287913041912638,11.315165216765056,0.03771721738921685,38.38049232408437,8.206718412710888,-0.018858608694608425,-82.37382965135468,-24.49020530211301,-0.028287913041912638,-0.03771721738921685,-11.692337390657222,0.03771721738921685,3.771721738921685,-0.754344347784337,20.68076634580211,20.68076634580211,-3.771721738921685,388.46849372024457,-20.68076634580211,7.54344347784337,0.056575826083825276,-1000.0,3.771721738921685,-105.21412569476911,72.45655652215663,-7.54344347784337,0.018858608694608425,0.3771721738921685,129.36773134838978,96.0,-0.03771721738921685,-274.4824745008135,265.91689443172226,11.692337390657222,0.03771721738921685,212.36714238023944,0.13056854777707283,72.45655652215663,-0.03771721738921685,-0.009429304347304213,-72.45655652215663,-0.03771721738921685,-39.228278261078316,0.03771721738922906,-0.009429304347304213,-0.009429304347304213,-0.009429304347304213,15.08688695568674,-8.206718412710888,0.3771721738921685,194.28542720811504,-0.009429304347304213,258.73546269677956,1.8858608694608425,21.5,0.03771721738921685,0.018858608694608425,0.018858608694608425,40.0,11.692337390657222,0.03771721738921685,-11.692337390657222,0.3771721738921685,0.03771721738921685,-526.9687947578759,0.03771721738921685,0.15086886955702994,0.18858608694620216,0.018858608694608425,0.009429304347304213,11.315165216765056,-0.03771721738921685,31.506704380417673,0.3771721738921685,-388.5708544162301,0.9429304347304424,-3.771721738921685,7.54344347784337,1.8858608694608425,-0.03771721738921685,0.0,0.056575826083825276,-0.03771721738921685,-80.0,11.692337390657222,102.389109891956,0.018858608694608425,-43.0,-0.03771721738921685,-0.03771721738922906,-0.03771721738921685,0.018858608694608425,105.23103651591501,-7.54344347784337,0.03771721738921685,258.73546269677956,-0.009429304347304213,206.3210724327481,-258.73546269677956,5.657582608382527,24.49020530211301,753.8549910126537,105.23103651591501,-0.028287913041912638,274.4824745008135,-96.0,0.03771721738921685,-0.009429304347304213,1.8858608694608425,37.71721738921685,-0.018858608694608425,-0.03771721738921685,0.009429304347304213,0.0,0.0,733.2536789964917,332.6833675497609,-46.0,0.0,186.5574902294558,6.888023376358924,0.0,-32.0,-93.0,-65.0,-266.7274623948137,16.0,23.0,46.5,0.0,-3.444011688179462,-265.9961005882396,-123.48993005216194,266.7274623948137,65.0,-123.48993005216194,-186.5574902294558,91.32759997137852,0.0,1496.5981,hclb
234,0.0,0.0,0.0,0.0,0.0,0.0,0.0,0.0,-0.04607985774830891,0.0,0.0,0.0,0.0,0.0,0.0,0.0,-19.38888665488753,274.65119031910206,0.0,0.0,0.0,0.0,0.0,895.1433624775289,0.0,533.1200053350614,0.0,0.0,0.0,-683.4500950032941,44.492540305484034,-44.492540305484034,7.19041868745191,0.0,0.0,0.0,0.0,-360.40578280619366,0.0,-1000.0,986.1760426755073,0.0,-743.2613181755851,-517.2122439561307,0.0,0.0,0.0,0.0,0.0,0.0,0.0,0.0,0.0,0.05068784352309308,0.0,0.0,0.0,9.215971549661782,0.0,0.0,-18.888946240862424,0.0,-747.8968747836874,-766.7858210245498,0.0,0.0,0.0,0.0,0.0,0.0,0.0,0.46079857748308917,0.0,0.0,0.0,0.0,0.0,0.0,0.0,0.0,0.0,0.0,0.0,0.0,27.64791464898535,0.0,0.0,216.0682631479517,-577.0029742215507,1000.0,750.4775437524247,0.0,0.0,901.6404223425312,13.823957324492675,0.0,13.823957324492675,0.0,0.0,0.0,0.0,2.3039928874154456,-1000.0,0.0,0.0,-22.791216456310508,0.0,0.5534747262773109,0.0,0.0,0.0,0.0,0.0,0.0,0.0,0.0,0.0,0.0,0.0,0.0,0.0,0.0,0.0,0.0,-899.2799260410084,0.0,0.0,13.823957324492675,0.0,14.28475590197576,0.0,0.0,0.0,0.0,0.0,0.0,-1000.0,-281.25000000009396,281.25000000009396,1000.0,0.0,0.0,0.0,0.0,0.0,3.5481490466198005,0.04607985774830891,750.4890637168618,0.0,0.0,-456.1854867713099,0.0,0.0,0.0,367.16651048770126,0.0,310.2490304812065,0.0,0.0,0.0,0.0,0.0,-36.59558009020913,-36.59558009020913,0.0,0.0,0.0,0.0,308.1639000219181,0.0,0.0,7.943040073023212,0.0,0.0,0.0,-1000.0,-935.3271683436167,0.0,0.0,0.0,0.0,0.0,0.0,0.0,0.0,0.0,0.0,0.0,0.0,0.0,0.0,-1000.0,0.0,0.0,0.0,0.0,0.0,0.0,743.2613181755851,-58.582927171150345,58.582927171150345,0.0,0.0,0.0,0.0,0.0,0.0,0.0,316.54990499670583,113.61496199254987,0.0,0.0,0.0,0.0,0.0,0.0,0.0,0.0,0.0,0.0,0.0,0.0,0.0,226.59878796825637,431.6174298706335,-40.422336517403465,0.0,0.0,0.0,0.0,80.3459343674208,0.0,0.0,0.0,0.0,-18.888946240862424,476.78990743872725,44.492540305484034,0.0,0.0,0.0,0.0,0.0,0.0,0.0,529.7578405069685,0.0,0.0,0.0,370.57818211190056,-891.1031831140849,900.7466541523864,0.0,40.422336517403465,0.0,0.0,0.0,56.21742645293688,0.0,0.0,0.0,-170.33445754600058,0.0,0.0,-381.41389597242426,-1000.0,0.0,618.5861040275756,0.0,1000.0,-635.5859013927011,0.0,0.0,0.0,0.0,48.21686875036107,0.0,0.0,0.0,0.0,0.0,0.0,0.0,478.4237027950607,0.0,0.0,-422.306842416953,0.0,0.0,0.0,-18.888946240862424,-0.06911978662246336,0.0,0.0,0.0,0.0,0.04607985774830891,0.0,0.0,0.0,376.0722678011181,-19.38888665488753,0.0,-735.288803343617,641.2827087208867,935.3271683436167,1000.0,0.0,3.96747575212935,0.0,-22.791216456310508,0.0,0.0,0.0,-3.96747575212935,0.0,0.0,0.0,-1000.0,0.0,0.0,0.0,0.0,0.0,0.0,0.0,0.0,0.0,0.0,0.0,0.0,0.0,0.0,0.0,0.0,0.0,0.0,0.0,360.2214633752004,0.0,0.0,483.78152878198887,0.0,0.0,0.0,-488.81344924810423,0.0,0.0,0.0,0.0,0.0,0.0,-218.7500000000002,616.288261126682,-284.7071857440991,0.0,-661.8227128136218,-2.3039928874154456,690.3094219767349,-752.355950434833,218.7500000000002,-618.5922540140974,0.0,283.55518930039136,0.0,0.0,0.0,0.0,449.9432046921997,286.59799746030507,13.823957324492675,0.0,0.0,0.0,0.0,0.0,0.0,0.0,-226.59878796825637,226.59878796825637,226.59878796825637,106.57524490664872,0.0,0.0,-470.5728224375341,0.0,0.0,316.54990499670583,0.0,0.0,-37.77789248172479,0.0,-136.10860901751093,0.0,0.0,0.0,0.0,0.0,-38.392014225169106,0.09215971549664859,0.0,0.0,0.0,0.0,0.0,0.0,0.0,0.0,0.0,0.0,0.0,0.0,0.0,0.0,0.0,0.0,0.0,0.0,0.0,0.05068784352309308,0.05068784352309308,44.492540305484034,313.3828164185946,0.0,27.64791464898535,0.0,0.0,0.0,0.0,0.0,0.0,0.0,0.0,0.0,433.9675784564853,0.0,0.0,0.0,0.0,0.0,0.0,0.0,0.0,0.0,0.0,0.0,0.0,0.0,0.0,299.7599753470028,-376.0722678011181,456.1854867713099,0.0,3.5481490466198005,0.0,0.0,901.6404223425312,821.2944879751104,0.0,433.9675784564853,0.0,395.5755642313162,0.0,-406.2500000000004,406.2500000000004,226.59878796825637,0.0,0.0,0.0,0.0,0.0,0.0,0.0,0.0,0.0,0.0,0.0,0.0,0.0,27.64791464898535,0.0,0.0,0.0,0.0,0.0,0.0,0.0,0.0,0.0,0.0,0.0,0.0,0.46079857748308917,0.0,44.492540305484034,0.0,0.0,44.492540305484034,743.2613181755851,0.0,0.0,13.823957324492675,0.0,0.0,0.0,0.0,0.0,0.0,0.0,0.0,0.0,0.0,1000.0,0.0,0.0,13.823957324492675,13.823957324492675,392.59457101055966,0.0,0.0,0.0,0.0,0.0,0.0,0.0,0.0,102.1302179037699,316.54990499670583,-43.5092313250815,0.04607985774830891,0.0,0.0,-374.03789408832927,434.89292908179243,0.0,0.0,-901.6404223425312,0.0,0.0,0.0,0.0,0.0,0.0,0.0,0.0,0.0,0.0,0.0,0.0,0.0,0.0,0.04607985774830891,0.0,0.0,0.0,934.9090108158895,-934.9090108158895,0.0,0.0,0.0,0.0,-968.0958312913257,963.0639108252103,-367.16651048770126,0.0,360.2214633752004,-3.4559893311231686,-2.3039928874154456,0.0,0.0,0.0,0.0,0.0,0.0,0.0,0.0,0.0,0.0,0.0,0.0,0.0,935.3271683436167,0.0,0.0,288.90199034772047,0.0,0.0,0.0,-0.04607985774830891,0.0,0.0,0.04607985774830891,0.0,0.04607985774830891,0.0,0.0,0.0,27.64791464898535,56.21742645293688,56.21742645293688,0.0,0.0,0.0,0.0,0.0,0.0,0.0,456.1854867713099,0.0,316.54990499670583,0.0,0.0,0.0,0.0,0.0,0.0,0.0,0.0,0.0,0.0,0.0,0.0,0.0,0.0,0.0,0.0,0.0,80.3459343674208,0.0,-576.4117076054634,576.4117076054634,0.06911978662246336,0.0,0.0,0.0,-13.823957324492675,0.0,0.0,0.0,0.0,0.0,-313.3828164185946,2.3039928874154456,0.0,0.0,0.0,0.0,-308.1639000219181,-98.95300760057978,0.0,0.0,-136.10860901751093,0.0,0.0,0.0,0.0,0.0,0.0,0.0,0.0,964.1466059380632,86.78402845033821,0.0,511.9695152216481,-22.791216456310508,0.0,380.32937444264167,0.0,-380.32937444264167,367.16651048770126,0.0,0.0,2.3039928874154456,777.396793550341,0.0,0.0,-44.492540305484034,-37.77789248172479,93.75000000000009,-93.75000000000009,0.0,0.0,0.0,0.0,0.0,0.0,0.0,-6.911978662246337,0.0,56.21742645293688,0.0,-851.6112501342272,-851.6112501342272,896.1037904397111,0.0,0.0,0.0,0.0,0.0,529.7578405069685,0.0,0.0,323.7507844119641,-60.85503499346309,-916.5642344643481,-743.2613181755851,13.823957324492675,0.0,0.0,0.0,0.0,123.94864986621371,0.0,0.0,0.05068784352309308,0.0,0.0,0.0,28.108713226468435,0.0,0.0,0.0,0.0,431.6174298706335,0.0,0.0,0.0,0.0,0.0,0.0,0.0,0.0,0.0,0.0,0.004607985774830895,0.004607985774830895,0.0,0.0,0.0,0.0,0.0,0.0,0.0,0.0,0.0,-374.03789408832927,44.492540305484034,0.0,0.0,0.0,0.0,313.3828164185946,0.0,0.0,0.0,0.0,0.0,0.0,0.0,0.0,0.0,0.0,0.0,0.0,1000.0,-295.51645513419,274.65119031910206,0.0,0.0,0.0,27.647914648985363,0.0,0.0,0.0,0.0,0.0,-455.4585663723419,427.81065172335656,0.0,0.0,0.0,0.0,0.0,0.0,0.0,0.0,0.0,44.492540305484034,44.492540305484034,0.0,0.0,-897.8697820962301,31.56470255759161,591.1021968547379,-604.9261541792306,0.0,-360.40578280619366,0.0,0.0,0.0,0.0,0.0,0.0,0.0,0.0,0.0,0.0,0.0,0.0,0.0,0.0,0.0,0.0,0.0,-5.759982218538614,0.0,-3.4559893311231686,-3.4559893311231686,0.0,0.0,0.0,0.0,0.0,-0.5759982218538614,0.0,404.94440296942605,0.0,0.0,0.0,0.0,0.0,0.0,0.0,956.4907686749185,13.823957324492675,13.823957324492675,0.0,0.0,0.0,0.0,0.0,0.05068784352309308,313.3828164185946,0.0,0.0,360.40578280619366,0.0,0.0,0.0,0.0,0.0,0.0,0.0,0.0,0.0,0.0,0.0,0.0,0.0,0.0,21.645851135201042,0.0,0.0,0.0,0.0,48.38385063572436,3.5481490466198005,0.0,0.0,0.0,0.0,0.0,313.3828164185946,0.0,580.4305434951533,0.0,0.0,0.0,-5.759982218538614,0.0,0.0,0.0,0.0,0.0,0.0,0.0,0.0,0.0,0.0,0.0,0.0,0.0,0.0,0.0,0.0,0.0,0.0,-0.04607985774830891,0.0,0.0,2.3039928874154456,-433.9675784564853,0.0,0.0,0.0,0.0,0.0,0.0,0.0,0.0,3.96747575212935,1.1519964437077228,0.0,0.0,533.1200053350614,0.04607985774830891,0.0,46.07985774830891,-14.28475590197576,9.215971549661782,0.32914184105934935,128.56280311778184,-0.03455989331123168,2.303992887415438,0.9215971549661783,-0.23039928874155036,-128.56280311778184,13.823957324492675,-0.04607985774830891,7.597072152103503,0.0,0.011519964437077227,0.32914184105934935,-22.791216456310508,-7.335913353530714,43.57094315051768,-255.26230366421453,-0.04607985774830891,0.011519964437077227,-128.56280311778184,4.607985774830891,0.04607985774830891,0.04607985774830891,-313.2860487173232,0.050687843523139806,0.0,-0.03455989331123168,13.823957324492675,0.04607985774830891,13.823957324492675,-23.039928874154455,-0.023039928874154455,-264.6665975685855,-85.0,-0.03455989331123168,-0.04607985774830891,-14.28475590197576,0.04607985774830891,4.607985774830891,-0.9215971549661783,80.3459343674208,80.3459343674208,-4.607985774830891,255.26230366421453,-80.3459343674208,9.215971549661782,0.06911978662246336,0.0,4.607985774830891,-299.7599753470028,0.0,-9.215971549661782,0.023039928874154455,0.46079857748308917,183.82220083590425,96.0,-0.04607985774830891,-323.7507844119641,313.2860487173232,14.28475590197576,0.04607985774830891,7.335913353530714,-55.295829297970755,0.0,-0.04607985774830891,-0.011519964437077227,0.0,-0.04607985774830891,-38.392014225169106,0.0460798577484226,-0.011519964437077227,-0.011519964437077227,-0.011519964437077227,18.431943099323565,23.039928874154455,0.46079857748308917,339.1213203325722,-0.011519964437077227,360.047329519705,2.3039928874154456,21.5,0.04607985774830891,0.023039928874154455,0.023039928874154455,4.607985774830891,14.28475590197576,0.04607985774830891,-14.28475590197576,0.46079857748308917,0.04607985774830891,-949.0851317791617,0.04607985774830891,0.18431943099326445,0.23039928874155036,0.023039928874154455,0.011519964437077227,13.823957324492675,-0.04607985774830891,0.0,-21.78547157525884,-678.2426406651444,1.1519964437077306,-4.607985774830891,9.215971549661782,2.3039928874154456,-0.04607985774830891,22.791216456310508,0.06911978662246336,-0.04607985774830891,-9.215971549661782,14.28475590197576,135.86452914951883,0.023039928874154455,-43.0,-0.04607985774830891,-0.0460798577484226,-0.04607985774830891,0.023039928874154455,128.56280311778184,-9.215971549661782,0.04607985774830891,367.6444016718085,-0.011519964437077227,-0.050687843523139806,-367.6444016718085,6.9119786622463355,85.0,-103.56051260088127,128.56280311778184,-0.03455989331123168,323.7507844119641,-96.0,0.04607985774830891,-0.011519964437077226,2.3039928874154456,46.07985774830891,-0.023039928874154455,-0.04607985774830891,0.011519964437077227,1000.0,0.0,-364.43713853617305,609.9638114465895,-46.0,0.0,20.192786523074517,-31.0,0.0,-32.0,-93.0,-65.0,-364.4140986072989,16.0,23.0,46.5,0.0,15.5,-313.3828164185946,-259.81317901573254,364.4140986072989,65.0,-259.81317901573254,-20.192786523074517,35.44031502310719,0.0,1496.5981,hclb
235,0.0,0.0,0.0,0.0,0.0,0.0,0.0,0.0,-0.038664589747195194,0.0,0.0,0.0,0.0,0.0,0.0,0.0,-145.43591819790893,687.4035846274315,0.0,0.0,0.0,0.0,0.0,1.906832820224373,0.0,0.0,0.0,0.0,0.0,208.0513867128284,0.0,0.0,271.96888079216455,0.0,0.0,0.0,0.0,518.2182238522564,0.0,-1000.0,239.0619447209668,0.0,0.0,-62.615468514919456,0.0,0.0,0.0,0.0,0.0,0.0,0.0,0.0,0.0,0.042531048721925487,0.0,0.0,0.0,7.732917949439039,0.0,0.0,-3.4050615370697415,0.0,0.0,-3.4050615370697415,0.0,0.0,0.0,0.0,338.64017228940764,-338.64017228940764,0.0,0.38664589747195194,0.0,0.0,0.0,0.0,0.0,0.0,0.0,0.0,0.0,0.0,0.0,0.0,23.198753848317118,0.0,0.0,0.0,-144.78606751190955,541.3178157435232,-0.009666147436798798,0.0,0.0,765.2608644088237,11.599376924158559,0.0,89.85489184199196,0.0,524.9896823366487,0.0,0.0,1.9332294873597597,-547.8421701261335,0.0,0.0,-7.9787901113293485,0.0,0.0,0.0,0.0,0.0,0.0,0.0,0.0,0.0,0.0,0.0,0.0,0.0,0.0,0.0,0.0,0.0,0.0,-353.364839115881,0.0,0.0,89.85489184199196,0.0,11.986022821630508,11.986022821630508,0.0,0.0,0.0,0.0,0.0,0.0,0.0,0.0,0.0,0.0,0.0,0.0,0.0,0.0,2.9771734105340424,0.038664589747195194,0.0,0.0,0.0,0.0,0.0,0.0,0.0,0.0,0.0,-23.518177810227215,0.0,0.0,0.0,0.0,0.0,498.60669968802256,498.60669968802256,0.0,0.0,0.0,0.0,0.0,0.0,0.0,498.6453642777698,0.0,0.0,0.0,-158.72242482681375,-805.6921957456013,0.0,0.0,0.0,0.0,0.0,0.0,0.0,0.0,0.0,0.0,0.0,0.0,0.0,0.0,-1000.0,0.0,0.0,0.0,0.0,0.0,0.0,0.0,-396.5317482316137,396.5317482316137,0.0,0.0,0.0,0.0,0.0,0.0,0.0,755.8935568389619,442.3426197477129,0.0,0.0,0.0,0.0,0.0,0.0,0.0,0.0,0.0,0.0,0.0,0.0,0.0,173.3119282646745,50.72135081671148,-62.615468514919456,0.0,0.0,0.0,0.0,81.09487643553328,0.0,0.0,0.0,0.0,-3.4050615370697415,0.0,0.0,0.0,0.0,0.0,0.0,0.0,0.0,0.0,431.93259336038017,0.0,78.2555149178334,0.0,-251.74568071970413,0.0,-396.5317482316137,0.0,62.615468514919456,0.0,0.0,0.0,0.0,0.0,0.0,0.0,-381.84352465616905,0.0,0.0,-670.5526677931207,-1000.0,0.0,287.13761866550226,42.30971354137699,957.690286458623,-541.3178157435232,0.0,290.87183639581787,0.0,0.0,50.751374602402336,0.0,0.0,0.0,0.0,0.0,0.0,0.0,498.5680350982754,0.0,0.0,0.0,0.0,0.0,0.0,-3.4050615370697415,-0.05799688462079279,0.0,0.0,0.0,0.0,0.038664589747195194,0.0,0.0,0.0,397.1176383620945,-145.43591819790893,0.0,-186.56368857477014,-126.81803580121975,805.6921957456013,256.6497545123978,0.0,0.0,0.0,-7.9787901113293485,0.0,0.0,0.0,-3.3290211772335163,3.3290211772335163,0.0,-445.11693735098913,-1000.0,0.0,0.0,0.0,0.0,0.0,0.0,0.0,0.0,0.0,0.0,0.0,0.0,0.0,0.0,0.0,0.0,0.0,964.419974390147,0.0,446.04709217890166,0.0,0.0,430.68759357052033,0.0,0.0,0.0,-434.9097667709143,0.0,524.9896823366487,0.0,862.0009732708371,0.0,0.0,0.0,924.6131186412508,0.0,-341.9691934666412,-795.6677408782398,0.0,0.0,-914.0628433654355,0.0,-926.5463481286106,0.0,-0.9666147436798799,-1.9332294873597597,317.68884732854053,0.0,953.7265384977509,790.9171540645037,0.0,89.85489184199196,-281.2500000013429,281.2500000013429,0.0,0.0,0.0,0.0,0.0,-173.3119282646745,173.3119282646745,173.3119282646745,-208.31353531259447,0.0,222.964964994466,0.0,0.0,0.0,755.8935568389619,0.0,0.0,-6.810123074139483,0.0,906.2500000000007,72.26708205056096,0.0,0.0,0.0,0.0,-39.13354102528048,0.07732917949458781,0.0,0.0,0.0,0.0,0.0,0.0,0.0,0.0,0.0,0.0,0.0,0.0,0.0,0.0,0.0,0.0,0.0,0.0,0.0,0.042531048721925487,0.042531048721925487,0.0,261.57901031523545,0.0,23.198753848317118,0.0,249.90171262000428,0.0,367.24638521768406,0.0,0.0,0.0,0.0,0.0,-60.9035702031064,-367.24638521768406,0.0,0.0,0.0,0.0,0.0,72.26708205056096,0.0,0.0,0.0,0.0,0.0,0.0,0.0,117.78827970529368,-397.1176383620945,0.0,0.0,2.9771734105340424,0.0,684.1659879732905,81.09487643553328,0.0,0.0,-60.9035702031064,0.0,0.0,-100.03711122838688,1000.0,-1000.0,173.3119282646745,0.0,0.0,0.0,0.0,0.0,0.0,0.0,0.0,0.0,0.0,0.0,0.0,0.0,23.198753848317118,0.0,0.0,0.0,0.0,0.0,0.0,0.0,0.0,0.0,0.0,0.0,0.0,0.38664589747195194,0.0,0.0,0.0,0.0,0.0,0.0,0.0,0.0,89.85489184199196,0.0,0.0,0.0,0.0,0.0,0.0,0.0,0.0,0.0,0.0,8.827794384972325,0.0,0.0,11.599376924158559,11.599376924158559,-389.9086114155513,-367.24638521768406,0.0,72.26708205056096,0.0,0.0,0.0,0.0,0.0,-7.040892522877357,755.8935568389619,-380.60761733383026,0.038664589747195194,0.0,0.0,0.0,3.118022987470241,249.80215833690693,0.0,-765.2608644088237,0.0,0.0,0.0,0.0,0.0,0.0,0.0,0.0,0.0,0.0,0.0,0.0,0.0,0.0,0.038664589747195194,0.0,0.0,0.0,558.2881241860806,-558.2881241860806,0.0,0.0,0.0,0.0,0.0,995.7778267996059,0.0,-475.01031766335126,-518.3728822112453,-2.8998442310396397,-1.9332294873597633,0.0,0.0,-843.7499999999999,-843.7499999999999,843.7499999999999,0.0,0.0,0.0,0.0,0.0,0.0,0.0,0.0,805.6921957456013,0.0,0.0,955.6597679851106,0.0,0.0,0.0,-0.038664589747195194,0.0,0.0,0.038664589747195194,0.0,0.038664589747195194,0.0,0.0,0.0,23.198753848317118,47.17079949157814,47.17079949157814,0.0,0.0,0.0,0.0,0.0,0.0,0.0,0.0,0.0,755.8935568389619,0.0,0.0,0.0,0.0,0.0,0.0,0.0,0.0,0.0,0.0,0.0,0.0,0.0,0.0,0.0,0.0,0.0,81.09487643553328,0.0,0.0,0.0,0.05799688462079279,0.0,0.0,0.0,-89.85489184199196,0.0,0.0,0.0,0.0,0.0,-261.57901031523545,1.9332294873597597,0.0,0.0,0.0,0.0,0.0,0.0,0.0,0.0,906.2500000000007,0.0,0.0,0.0,0.0,0.0,0.0,0.0,0.0,0.0,88.26708205056096,0.0,57.26708205056096,241.82336822557758,0.0,-434.9097667709143,1000.0,-565.0902332290857,0.0,-47.17079949157814,249.90171262000428,1.9332294873597597,825.7541598452906,0.0,0.0,0.0,-6.810123074139483,0.0,0.0,0.0,0.0,0.0,0.0,0.0,0.0,0.0,-5.799688462079276,0.0,47.17079949157814,0.0,0.0,0.0,0.0,0.0,0.0,0.0,0.0,0.0,431.93259336038017,0.0,0.0,270.2785430083544,-3.118022987470241,62.776255607997044,0.0,11.599376924158559,0.0,0.0,0.0,0.0,-132.34703038365495,0.0,0.0,0.042531048721925487,0.0,0.0,0.0,23.58539974578907,0.0,0.0,0.0,0.0,50.72135081671148,0.0,0.0,0.0,0.0,0.0,0.0,0.0,0.0,0.0,0.0,0.0038664589747195196,0.0038664589747195196,0.0,0.0,0.0,0.0,0.0,0.0,0.0,0.0,0.0,0.0,0.0,0.0,0.0,0.0,0.0,261.57901031523545,0.0,0.0,0.0,0.0,0.0,0.0,0.0,0.0,0.0,0.0,0.0,0.0,0.0,0.0,687.4035846274315,0.0,0.0,0.0,23.198753848317118,0.0,0.0,0.0,0.0,0.0,0.0,-23.198753848317118,0.0,0.0,0.0,0.0,0.0,0.0,0.0,0.0,0.0,0.0,0.0,0.0,380.60761733383015,-1000.0,26.48524397682871,0.0,-89.85489184199196,0.0,518.2182238522564,0.0,0.0,0.0,0.0,0.0,0.0,0.0,0.0,0.0,0.0,0.0,0.0,0.0,0.0,0.0,0.0,249.90171262000428,-4.833073718399403,0.0,-2.8998442310396397,-2.8998442310396513,0.0,0.0,0.0,0.0,0.0,-422.2153788851837,421.7320715133438,6.810123074139483,0.0,0.0,0.0,0.0,0.0,0.0,0.0,1000.0,11.599376924158559,11.599376924158559,0.0,0.0,0.0,0.0,0.0,0.042531048721925487,261.57901031523545,0.0,0.0,-518.2182238522564,0.0,0.0,0.0,0.0,0.0,0.0,0.0,0.0,0.0,0.0,0.0,0.0,0.0,0.0,0.0,0.0,0.0,11.986022821630508,0.0,40.597819234554954,0.0,0.0,2.9771734105340424,0.0,0.0,0.0,261.57901031523545,0.0,428.75436408316045,0.0,0.0,0.0,-4.833073718399403,0.0,0.0,0.0,0.0,0.0,0.0,0.0,0.0,0.0,0.0,0.0,0.0,0.0,0.0,0.0,0.0,0.0,0.0,-0.038664589747195194,0.0,0.0,1.9332294873597597,60.9035702031064,0.0,0.0,0.0,0.0,0.0,0.0,0.0,0.0,3.3290211772335163,0.9666147436798799,0.0,0.0,0.0,0.038664589747195194,0.0,38.664589747195194,0.0,7.732917949439039,0.27617564105139425,131.8462510379356,-0.028998442310396392,1.9332294873597675,0.773291794943904,-0.1933229487360677,-131.8462510379356,11.599376924158559,-0.038664589747195194,2.6595967037764496,72.26708205056096,0.009666147436798798,0.27617564105139425,-7.9787901113293485,-6.155402687753849,-0.773291794943904,-541.9676664295226,-0.038664589747195194,0.009666147436798798,-131.8462510379356,3.8664589747195195,0.038664589747195194,0.038664589747195194,-261.4978146767663,0.04253104872191471,-45.34268325787941,-0.028998442310396392,11.599376924158559,0.038664589747195194,89.85489184199196,58.92322004423579,-0.019332294873597597,84.8184412907653,-85.0,-0.028998442310396395,-0.038664589747195194,0.0,0.038664589747195194,3.866458974719535,-0.773291794943904,81.09487643553328,81.09487643553328,-3.8664589747195195,541.9676664295226,-81.09487643553328,7.732917949439039,0.05799688462079279,19.944995789091877,3.8664589747195195,-117.78827970529368,72.26708205056096,-7.732917949439039,0.019332294873597597,0.38664589747195194,46.640922143692535,96.0,-0.038664589747195194,-270.2785430083544,261.4978146767663,11.986022821630508,0.038664589747195194,6.155402687753849,-52.38594056390673,72.26708205056096,-0.038664589747195194,-0.009666147436798798,-72.26708205056096,-0.038664589747195194,-39.13354102528048,0.038664589747195194,-0.009666147436798798,-0.009666147436798798,-0.009666147436798798,15.465835898878078,-58.92322004423579,0.38664589747195194,352.43041861930243,-0.009666147436798798,90.62224758360863,1.9332294873597597,21.5,0.038664589747195194,0.019332294873597597,0.019332294873597597,40.0,0.0,0.038664589747195194,0.0,0.38664589747195194,0.038664589747195194,-1000.0,0.038664589747195194,0.15465835898885993,0.1933229487360677,0.019332294873597597,0.009666147436798798,11.599376924158559,-0.038664589747195194,45.34268325787941,0.386645897471952,-704.8608372386049,0.9666147436798722,-3.866458974719535,7.732917949439039,1.9332294873597597,-0.038664589747195194,7.9787901113293485,0.057996884620792784,-0.038664589747195194,-80.0,0.0,368.1462870206982,0.019332294873597597,-43.0,-0.038664589747195194,-0.038664589747195194,-0.038664589747195194,0.019332294873597597,131.8462510379356,-7.732917949439039,0.038664589747195194,93.28184428738507,-0.009666147436798798,-0.04253104872191471,-93.28184428738507,5.799688462079279,85.0,2.929458382954408,131.8462510379356,-0.028998442310396395,270.2785430083544,-96.0,0.038664589747195194,-0.009666147436798798,863.9342027581969,38.664589747195194,-0.019332294873597597,-0.038664589747195194,0.009666147436798798,73.99126968242399,0.0,-19.964328083965473,647.5695813806976,-46.0,0.0,501.88021992403014,-31.0,0.0,-32.0,-41.242750862422156,-65.0,0.0,16.0,23.0,20.621375431211078,0.0,15.5,-261.57901031523545,-235.79925663704324,0.0,65.0,-235.79925663704324,-501.88021992403014,275.19985075660867,0.0,1496.5981,hclb
236,0.0,0.0,0.0,0.0,0.0,0.0,0.0,0.0,-0.047016236730685834,0.0,0.0,0.0,0.0,0.0,0.0,0.0,-420.81569690668357,-108.28823043398592,0.0,752.0355163671591,0.0,0.0,0.0,78.24593890641745,0.0,0.0,0.0,0.0,0.0,-289.0217904405998,0.0,0.0,638.3017004536911,0.0,0.0,0.0,0.0,999.8119350530771,0.0,-1000.0,978.234668694442,0.0,0.0,0.0,0.0,0.0,0.0,0.0,1000.0,-638.8708766612998,0.0,290.1625126527167,0.0,0.05171786040369453,0.0,0.0,0.0,9.403247346137167,0.0,0.0,92.7510468974763,0.0,-92.1032259498611,-290.0270094890566,0.0,0.0,0.0,0.0,720.7800780212131,-720.7800780212131,0.0,0.47016236730685834,0.0,0.0,0.0,0.0,0.0,0.0,0.0,0.0,0.0,0.0,-123.82093540804614,0.0,28.209742038411502,0.0,0.0,-207.3367639204397,-720.3603412445499,1000.0,-0.011754059182671459,0.0,0.0,632.6858685312634,14.104871019205751,0.0,17.71192627317768,0.0,0.0,0.0,0.0,998.8245940817328,-289.0217904405998,0.0,0.0,-12.36225849494798,0.0,0.0,0.0,0.0,0.0,0.0,0.0,0.0,0.0,0.0,0.0,0.0,0.0,0.0,0.0,0.0,0.0,0.0,-1000.0,0.0,0.0,17.71192627317768,0.0,14.57503338651261,14.57503338651261,0.0,-1000.0,1000.0,0.0,0.0,0.0,0.0,0.0,-290.6748304366718,0.0,0.0,0.0,0.0,0.0,127.44118563630879,0.047016236730685834,0.0,0.0,0.0,0.0,0.0,0.0,0.0,123.82093540804614,0.0,-255.0021667380664,0.0,0.0,0.0,0.0,0.0,804.4410509859284,804.4410509859284,0.0,0.0,0.0,-781.1875,0.0,0.0,0.0,804.4880672226591,0.0,0.0,0.0,0.0,0.0,0.0,0.0,0.0,0.0,0.0,0.0,0.0,0.0,0.0,-382.8284500396351,0.0,0.0,0.0,0.0,-718.850092214571,0.0,0.0,0.0,0.0,0.0,638.8708766612998,-290.1625126527167,-141.2465625063295,141.2465625063295,290.6748304366718,0.0,0.0,0.0,0.0,0.0,0.0,0.0,513.5120973327437,0.0,0.0,0.0,0.0,0.0,0.0,0.0,0.0,0.0,0.0,0.0,0.0,0.0,151.92891341532768,-20.586450053753737,0.0,0.0,0.0,0.0,0.0,80.25136009020073,0.0,0.0,0.0,0.0,92.7510468974763,0.0,0.0,0.0,447.0106585676956,0.0,0.0,0.0,0.0,0.0,1.5139228227238846,0.0,3.6070552539719305,0.0,579.1137787382204,0.0,361.2541609205141,0.0,0.0,0.0,0.0,290.6748304366718,787.3475004332208,0.0,0.0,0.0,217.80537512658555,0.0,0.0,-1000.0,0.0,0.0,-1000.0,0.0,0.0,-861.6069037508793,0.0,0.0,638.8708766612998,0.0,-210.60082327523378,0.0,0.0,0.0,0.0,0.0,0.0,0.0,976.3653305558374,0.0,0.0,860.093178613792,-781.1875,0.0,0.0,92.7510468974763,-0.07052435509602875,0.0,0.0,0.0,0.0,0.047016236730685834,0.0,0.0,0.0,328.6980525917969,-420.81569690668357,0.0,-8.241505663298653,-446.5975175605814,0.0,925.3498423137568,0.0,941.8350917382143,0.0,-12.36225849494798,0.0,0.0,0.0,0.0,-1000.0,58.1649082617858,0.0,-578.3467955061521,0.0,0.0,0.0,0.0,0.0,0.0,0.0,0.0,0.0,0.0,0.0,0.0,0.0,0.0,0.0,0.0,447.0106585676956,0.0,0.0,-1000.0,123.82093540804614,0.0,0.0,961.4249040435113,0.0,0.0,716.975032367444,0.0,0.0,0.0,0.0,996.4737822451985,279.219921978787,0.0,0.0,0.0,0.0,-679.7597321618643,0.0,0.0,-125.52036900216626,0.0,-981.3001549808893,747.0207521391916,-1.175405918267146,-2.350811836534292,1000.0,0.0,-766.242477386013,0.0,154.3322626377236,17.71192627317768,0.0,0.0,0.0,0.0,0.0,0.0,0.0,-151.92891341532768,151.92891341532768,151.92891341532768,-524.7440066315763,0.0,0.0,-171.97129580663977,0.0,0.0,0.0,0.0,0.0,-105.17273664171923,0.0,0.0,70.59675265386284,0.0,0.0,0.0,0.0,-38.29837632693142,0.09403247346131138,0.0,0.0,0.0,0.0,0.0,0.0,0.0,0.0,0.0,0.0,0.0,0.0,0.0,0.0,0.0,0.0,0.0,0.0,0.0,0.05171786040369453,0.05171786040369453,0.0,238.52566606919052,0.0,28.209742038411502,0.0,0.0,0.0,1000.0,0.0,0.0,0.0,0.0,0.0,-369.47857478502283,-1000.0,0.0,0.0,0.0,0.0,0.0,70.59675265386284,0.0,0.0,0.0,0.0,0.0,0.0,0.0,333.3333333333333,-328.6980525917969,0.0,0.0,238.74753634544535,0.0,0.0,632.6858685312634,261.75967800439093,0.0,-369.47857478502283,0.0,0.0,-407.77695111195425,0.0,0.0,151.92891341532768,0.0,0.0,0.0,0.0,0.0,0.0,0.0,0.0,0.0,0.0,0.0,0.0,0.0,28.209742038411502,290.6748304366718,290.6748304366718,0.0,0.0,0.0,0.0,0.0,0.0,0.0,0.0,0.0,0.0,0.47016236730685834,0.0,0.0,0.0,0.0,0.0,-290.1625126527167,0.0,0.0,17.71192627317768,0.0,0.0,0.0,235.1272861171827,0.0,0.0,0.0,0.0,0.0,0.0,874.0093457144308,0.0,0.0,14.104871019205751,14.104871019205751,-463.79237427021656,-1000.0,0.0,70.59675265386284,0.0,0.0,0.0,0.0,0.0,0.0,0.0,421.65320449384785,0.047016236730685834,0.0,0.0,0.0,3.7915236620674504,620.7030177803872,0.0,-632.6858685312634,0.0,0.0,0.0,0.0,0.0,0.0,0.0,0.0,0.0,0.0,0.0,0.0,0.0,0.0,0.047016236730685834,0.0,0.0,0.0,891.5150180264832,-891.5150180264832,0.0,0.0,0.0,0.0,0.0,716.975032367444,0.0,0.0,-1000.0,-3.5262177548014506,0.0,-2.350811836534291,0.0,0.0,0.0,0.0,0.0,0.0,0.0,0.0,0.0,0.0,0.0,290.6748304366718,0.0,0.0,0.0,-609.5594029117551,0.0,0.0,0.0,-0.047016236730685834,0.0,0.0,0.047016236730685834,0.0,0.047016236730685834,0.0,0.0,0.0,28.209742038411502,57.35980881143672,57.35980881143672,0.0,0.0,0.0,0.0,0.0,0.0,0.0,0.0,0.0,0.0,0.0,0.0,0.0,4.04809798251199,0.0,0.0,0.0,0.0,0.0,0.0,0.0,0.0,0.0,0.0,0.0,0.0,0.0,370.9261905268726,0.0,-229.78747444540926,229.78747444540926,0.07052435509602875,0.0,0.0,0.0,-17.71192627317768,0.0,0.0,0.0,0.0,0.0,-238.52566606919052,2.350811836534292,0.0,0.0,0.0,781.1875,0.0,0.0,-2.350811836534291,0.0,0.0,0.0,0.0,0.0,0.0,0.0,290.6748304366718,0.0,0.0,-825.2134806472277,86.59675265386284,0.0,55.596752653862836,608.3407592854392,0.0,716.975032367444,0.0,-716.975032367444,123.82093540804614,729.987691621784,0.0,2.350811836534291,1000.0,0.0,0.0,0.0,-105.17273664171923,0.0,0.0,0.0,0.0,0.0,-845.9301408264768,0.0,0.0,0.0,624.880333863627,-249.10431933359473,57.35980881143672,0.0,833.3554012705804,833.3554012705804,-833.3554012705804,0.0,0.0,0.0,0.0,0.0,1.5139228227238846,0.0,0.0,0.0,-3.7915236620674504,-129.1227884139476,0.0,14.104871019205751,0.0,0.0,0.0,0.0,-319.91338249120344,0.0,0.0,0.05171786040369453,0.0,0.0,0.0,28.67990440571836,0.0,0.0,0.0,0.0,-20.586450053753737,0.0,0.0,0.0,0.0,0.0,0.0,0.0,0.0,-689.5682189253207,0.0,0.004701623673068589,0.004701623673068589,0.0,0.0,0.0,0.0,0.0,0.0,0.0,0.0,0.0,0.0,0.0,0.0,0.0,0.0,0.0,238.52566606919052,0.0,0.0,0.0,0.0,0.0,0.0,0.0,638.8708766612998,0.0,0.0,0.0,0.0,620.2416099010752,0.0,-108.28823043398592,0.0,0.0,0.0,28.209742038411502,0.0,0.0,0.0,0.0,0.0,0.0,-28.209742038411502,0.0,0.0,0.0,0.0,0.0,0.0,0.0,0.0,0.0,0.0,0.0,0.0,0.0,-289.0217904405998,36.25422014303179,399.9360927391797,-417.64801901235734,0.0,999.8119350530771,0.0,0.0,0.0,0.0,0.0,0.0,0.0,0.0,0.0,0.0,0.0,0.0,0.0,0.0,0.0,0.0,0.0,-5.8770295913357415,290.6748304366718,-1000.0,249.6261995613054,0.0,0.0,0.0,0.0,0.0,0.0,-0.587702959133573,228.99367204976537,0.0,0.0,0.0,0.0,0.0,0.0,0.0,1000.0,14.104871019205751,14.104871019205751,0.0,0.0,0.0,0.0,0.0,0.05171786040369453,238.52566606919052,0.0,0.0,-999.8119350530771,0.0,0.0,0.0,0.0,0.0,0.0,0.0,0.0,0.0,0.0,0.0,0.0,0.0,0.0,114.89373722270463,0.0,0.0,14.57503338651261,0.0,49.36704856722013,0.0,0.0,3.6202502282626483,0.0,0.0,0.0,238.52566606919052,0.0,0.0,0.0,0.0,0.0,-5.8770295913357415,0.0,0.0,0.0,0.0,0.0,0.0,0.0,0.0,0.0,0.0,0.0,0.0,0.0,0.0,0.0,0.0,0.0,0.0,-0.047016236730685834,0.0,0.0,2.350811836534292,369.47857478502283,0.0,0.0,0.0,0.0,290.6748304366718,0.0,0.0,0.0,0.0,1.175405918267146,0.0,0.0,0.0,0.047016236730685834,0.0,47.01623673068583,0.0,9.403247346137167,0.33583026236204166,160.3253672516387,-0.035262177548014376,981.3001549808893,0.9403247346137168,-0.23508118365353597,-160.3253672516387,14.104871019205751,-0.047016236730685834,4.120752831649327,70.59675265386284,0.011754059182671459,0.33583026236204166,-12.36225849494798,-7.484984887520909,-0.9403247346137168,-222.93158902648952,-0.047016236730685834,0.011754059182671459,-160.3253672516387,4.701623673068584,0.047016236730685834,0.047016236730685834,-238.42693197205614,0.05171786040375442,-31.172542010339384,-0.035262177548014376,14.104871019205751,0.047016236730685834,17.71192627317768,-19.901063111370988,-0.023508118365342917,310.89922573830177,-85.0,-0.035262177548014376,-0.047016236730685834,0.0,0.047016236730685834,4.701623673068584,-0.9403247346137168,370.9261905268726,370.9261905268726,-4.701623673068584,222.93158902648952,-370.9261905268726,9.403247346137167,0.07052435509602875,-347.43038740407655,4.701623673068584,-333.3333333333333,70.59675265386284,-9.403247346137167,0.023508118365342917,0.47016236730685834,2.0603764158246634,96.0,-0.047016236730685834,-249.10431933359473,238.42693197205614,14.57503338651261,0.047016236730685834,7.484984887520909,10.570213323068115,70.59675265386284,-0.047016236730685834,-0.011754059182671459,-70.59675265386284,-0.047016236730685834,-38.29837632693142,0.047016236730685834,-0.011754059182671459,-0.011754059182671459,-0.011754059182671459,18.806494692274335,19.901063111370988,0.47016236730685834,34.83315438783836,-0.011754059182671459,0.0,2.350811836534292,21.5,0.047016236730685834,0.023508118365342917,0.023508118365342917,40.0,0.0,0.047016236730685834,0.0,0.47016236730685834,0.047016236730685834,-34.83315438783836,0.047016236730685834,0.18806494692285014,0.23508118365353597,0.023508118365342917,0.011754059182671459,14.104871019205751,-0.047016236730685834,31.172542010339384,0.4701623673068584,-69.66630877567673,980.1247490626221,-4.701623673068584,9.403247346137167,2.350811836534292,-0.047016236730685834,12.36225849494798,0.07052435509602875,-0.047016236730685834,-80.0,0.0,628.5708589141805,0.023508118365342917,-43.0,-0.047016236730685834,-0.047016236730685834,-0.047016236730685834,0.023508118365342917,160.3253672516387,-9.403247346137167,0.047016236730685834,4.120752831649327,-0.011754059182671459,-0.05171786040375442,-4.120752831649327,7.052435509602875,85.0,0.0,160.3253672516387,-0.035262177548014376,249.10431933359473,-96.0,0.047016236730685834,-0.011754059182671459,2.350811836534291,47.01623673068583,-0.023508118365342917,-0.047016236730685834,0.011754059182671459,0.0,0.0,209.0137830365905,0.0,-46.0,0.0,719.1161247533265,-31.0,0.0,-32.0,-93.0,-65.0,-138.3930962491207,16.0,23.0,46.5,0.0,15.5,-238.52566606919052,-308.657476422977,138.3930962491207,65.0,-308.657476422977,-719.1161247533265,351.9221438785949,0.0,1496.5981,hclb
237,0.0,0.0,0.0,0.0,0.0,0.0,0.0,0.0,247.42355664383572,0.0,0.0,0.0,0.0,0.0,0.0,0.0,998.6221594272074,-566.8298002133716,0.0,0.0,0.0,0.0,0.0,863.6930455515046,0.0,0.0,0.0,0.0,0.0,233.93444822692686,44.984021265507614,-44.984021265507614,30.273896246329297,0.0,0.0,0.0,0.0,879.8068421887781,0.0,-1000.0,1000.0,0.0,-571.0126049919539,-803.5692126460877,0.0,0.0,0.0,85.62158193528177,-1000.0,-415.32692390908255,0.0,0.0,0.0,0.03614091081621982,0.0,0.0,0.0,92.192656629134,0.0,0.0,-74.60276271761427,0.0,1000.0,923.0646569288675,1000.0,0.0,0.0,0.0,195.72338761867678,-195.72338761867678,0.0,0.32855373469261206,0.0,0.0,0.0,0.0,0.0,0.0,0.0,1000.0,0.0,0.0,0.0,0.0,19.713224081556724,0.0,45.35826569949136,715.2072593205213,-713.7801356875248,0.0,0.0,0.0,0.0,370.95441165202817,9.856612040778362,0.0,59.1332688377575,-46.04196429121794,758.5654244688463,0.0,0.0,882.7395903497966,-558.4778727521091,0.0,0.0,0.0,0.0,1000.0,0.0,0.0,0.0,0.0,0.0,0.0,0.0,0.0,0.0,0.0,0.0,0.0,0.0,0.0,0.0,0.0,-375.2588154974373,0.0,0.0,59.1332688377575,0.0,10.185165775470972,10.185165775470972,0.0,0.0,0.0,0.0,0.0,0.0,-468.75000000016115,468.75000000016115,-2.3325803535182104,0.0,0.0,0.0,0.0,0.0,47.888129456624476,0.032855373469261206,0.008213843367315302,0.0,0.0,0.0,-159.23998301742247,0.0,0.0,0.0,0.0,-80.12308832901203,0.0,0.0,0.0,0.0,0.0,224.0886969456166,224.0886969456166,0.0,0.0,0.0,156.1875,-151.51900155429416,0.0,0.0,269.10557358459346,0.0,0.0,0.0,-121.66653066090811,-588.8870856069042,0.0,0.0,0.0,0.0,0.0,0.0,0.0,0.0,0.0,0.0,0.0,0.0,0.0,0.0,-1000.0,0.0,0.0,0.0,0.0,0.0,415.32692390908255,571.0126049919539,713.7801356875248,-713.7801356875248,0.0,0.0,0.0,0.0,0.0,0.0,0.0,792.4123209790359,1000.0,0.0,0.0,0.0,0.0,0.0,0.0,0.0,0.0,0.0,0.0,0.0,0.0,0.0,340.1741510110745,178.6587892021061,-803.5692126460877,0.0,0.0,0.0,2.3325803535182104,81.68160727960462,0.0,0.0,0.0,0.0,-74.60276271761427,0.0,44.984021265507614,0.0,0.0,0.0,0.0,0.0,0.0,0.0,0.0,0.0,49.27665679697914,0.0,998.5728763670035,-1000.0,1000.0,0.0,803.5692126460877,0.0,0.0,2.3325803535182104,40.083555632498665,0.0,0.0,0.0,-201.57366716107305,0.0,0.0,-875.6494708884092,0.0,0.0,-875.6494708884092,0.0,0.0,0.0,0.0,431.7430761536317,415.32692390908255,0.0,30.35521625057605,0.0,0.0,0.0,0.0,0.0,0.0,0.0,132.96506573918086,0.0,2.3325803535182104,1000.0,156.1875,0.0,0.0,-74.60276271761427,-0.0492830602038918,0.0,0.0,0.0,0.0,0.032855373469261206,0.0,0.0,0.0,859.185123882638,998.6221594272074,0.0,-132.2853770601832,329.4939035623965,588.8870856069042,983.3717631780914,0.0,0.0,0.0,0.0,0.0,0.0,0.0,-2.828847655703422,-638.1993640014434,641.0282116571468,885.313681649887,552.6656440694081,0.0,0.0,0.0,0.0,0.0,0.0,0.0,0.0,0.0,0.0,0.0,0.0,0.0,0.0,0.0,0.0,0.0,1000.0,0.0,174.66422702504542,0.0,0.0,0.0,0.0,0.0,8.449760346432527,-2.9041081911168476,0.0,758.5654244688463,0.0,104.79730246305273,881.0968216763335,214.85885108446948,0.0,557.8088204883702,648.5449688390438,227.6171252982971,0.0,-1.6427686734630602,0.0,-790.0652744965598,0.0,-1000.0,370.00342037576956,-649.3663531757753,0.0,0.0,0.0,-233.60883248302025,-330.77189089031,1000.0,59.1332688377575,0.0,0.0,0.0,0.0,0.0,247.45641201730498,0.0,-340.1741510110745,340.1741510110745,340.1741510110745,86.42892530614776,0.0,0.0,0.0,0.0,0.0,792.4123209790359,0.0,0.0,-60.8215743897642,0.0,0.0,75.76150565966597,0.0,0.0,0.0,0.0,-39.71446265307388,0.06571074693854435,0.0,0.0,0.0,0.0,0.0,0.0,0.0,0.0,0.0,0.0,0.0,0.0,0.0,0.0,0.0,0.0,0.0,0.0,0.0,0.03614091081621982,0.03614091081621982,44.984021265507614,429.6030763172223,0.0,19.713224081556724,0.0,0.0,0.0,-1000.0,0.0,0.0,45.35826569949136,0.0,0.0,248.48014347654933,1000.0,0.0,0.0,440.7918059267177,0.0,0.0,75.76150565966597,0.0,0.0,0.0,0.0,0.0,0.0,0.0,125.0862718324791,-859.185123882638,159.23998301742247,0.0,83.71941946196534,0.0,0.0,370.95441165202817,289.27280437242354,0.0,11.869350409846476,0.0,-656.6816605035111,865.4473413269866,0.0,0.0,340.1741510110745,0.0,0.0,0.0,0.0,0.0,0.0,0.0,0.0,0.0,0.0,0.0,0.0,0.0,19.713224081556724,2.3325803535182104,2.3325803535182104,0.0,0.0,0.0,0.0,0.0,0.0,0.0,0.0,0.0,0.0,0.32855373469261206,0.0,44.984021265507614,45.35826569949136,-45.35826569949136,44.984021265507614,571.0126049919539,0.0,0.0,59.1332688377575,-440.7918059267177,0.0,0.0,35.83129000534087,0.0,0.0,0.0,0.0,0.0,0.0,0.0,33.28283976239658,0.0,9.856612040778362,9.856612040778362,-786.4380133600874,1000.0,0.0,75.76150565966597,0.0,0.0,0.0,0.0,0.0,673.164191102222,792.4123209790359,552.6656440694081,0.032855373469261206,0.0,0.0,-671.8750000000566,674.5245511891135,0.0,0.0,-370.95441165202817,0.0,0.0,0.0,0.0,0.0,0.0,18.20083023590022,0.0,0.0,0.0,0.0,0.0,0.0,0.0,0.032855373469261206,0.0,0.0,0.0,1000.0,-1000.0,0.0,0.0,0.0,0.0,0.0,755.6613162777295,0.0,0.0,-825.3357729749546,-2.4641530101945905,0.0,-1.6427686734630602,0.0,0.0,0.0,0.0,0.0,0.0,0.0,0.0,0.0,0.0,0.0,2.3325803535182104,588.8870856069042,0.0,0.0,768.0339361904428,0.0,0.0,0.0,247.42355664383572,0.0,0.0,0.032855373469261206,0.0,0.032855373469261206,54.60249070770066,0.0,0.0,19.713224081556724,40.083555632498665,40.083555632498665,0.0,0.0,0.0,0.0,0.0,0.0,0.0,159.23998301742247,0.0,792.4123209790359,0.0,0.0,0.0,0.0,0.0,0.0,0.0,0.0,0.0,0.0,0.0,0.0,0.0,0.0,0.0,0.0,0.0,81.68160727960462,0.0,0.0,0.0,0.0492830602038918,0.0,0.0,0.0,-59.1332688377575,0.0,0.0,0.0,0.0,0.0,-429.6030763172223,1.6427686734630602,0.0,0.0,0.0,-156.1875,151.51900155429416,0.0,-1.6427686734630602,0.0,0.0,0.0,0.0,0.0,0.0,0.0,2.3325803535182104,0.0,440.7918059267177,74.67933976148379,89.42892530614776,0.0,217.66890832357024,0.0,0.0,-2.9041081911168476,758.5654244688463,-755.6613162777295,0.0,0.0,0.0,1.6427686734630602,1000.0,0.0,0.0,-44.984021265507614,-151.53810578874692,0.0,0.0,0.0,0.0,0.0,0.0,0.0,0.0,0.0,-4.928306020389185,0.0,40.083555632498665,0.0,0.0,0.0,44.984021265507614,0.0,0.0,0.0,0.0,0.0,0.0,0.0,0.0,436.9955353478061,-2.649551189056865,0.0,-571.0126049919539,9.856612040778362,45.35826569949136,0.0,0.0,0.0,-277.2696360060934,0.0,0.0,0.03614091081621982,0.0,0.0,0.0,20.041777816249333,0.0,0.0,0.0,0.0,178.6587892021061,0.0,0.0,0.0,0.0,0.0,0.0,0.0,0.0,0.0,0.0,1000.0,0.003285537346982892,0.0,0.0,0.0,0.0,0.0,54.60249070770066,0.0,0.0,0.0,-671.8750000000566,44.984021265507614,0.0,0.0,0.0,0.0,429.6030763172223,0.0,0.0,0.0,0.0,0.0,0.0,0.0,415.32692390908255,0.0,0.0,0.0,90.71653139898272,1000.0,1000.0,-566.8298002133716,0.0,0.0,0.0,19.713224081556724,0.0,0.0,0.0,0.0,0.0,0.0,-19.713224081556724,0.0,90.71653139898272,0.0,0.0,0.0,0.0,0.0,0.0,0.0,44.984021265507614,44.984021265507614,0.0,1000.0,1000.0,22.505930826443926,0.0,-59.1332688377575,0.0,825.2043514810774,0.0,0.0,0.0,0.0,0.0,0.0,0.0,0.0,0.0,0.0,0.0,0.0,0.0,0.0,0.0,0.0,0.0,-4.106921683657651,2.3325803535182104,-883.5609746865281,-2.4641530101945897,0.0,0.0,0.0,0.0,0.0,-297.8762198689285,297.46552770056275,60.8215743897642,0.0,0.0,0.0,0.0,0.0,0.0,0.0,1000.0,9.856612040778362,9.856612040778362,0.0,0.0,0.0,0.0,1000.0,0.03614091081621982,429.6030763172223,0.0,0.0,-879.8068421887781,999.996714462653,0.0,0.0,0.0,0.0,0.0,0.0,0.0,0.0,0.0,0.0,0.0,0.0,0.0,27.30124535385033,0.0,0.0,10.185165775470972,0.0,34.49814214272426,0.0,0.0,47.888129456624476,0.0,0.0,0.0,429.6030763172223,0.0,-46.04196429121794,0.0,0.0,0.0,-4.106921683657651,0.0,0.0,0.0,0.0,0.0,0.0,0.0,0.0,0.0,0.0,0.0,0.0,0.0,0.0,0.0,0.0,0.0,0.0,-0.032855373469261206,0.0,0.0,1.6427686734630602,-248.48014347654933,0.0,0.0,0.0,0.0,2.3325803535182104,0.0,0.0,0.0,2.828847655703422,0.8213843367315301,0.0,0.0,0.0,0.032855373469261206,0.0,32.8553734692612,0.0,6.571074693852241,0.23468123906615146,112.03682353018068,-0.0246415301019459,442.1911795116298,0.6571074693852241,54.43821384035425,-112.03682353018068,9.856612040778362,-0.032855373469261206,0.0,75.76150565966597,0.008213843367315302,0.23468123906615146,0.0,-50.588841155797844,44.32691379612239,-431.79235921383577,-0.032855373469261206,0.008213843367315302,-112.03682353018068,3.2855373469261204,0.032855373469261206,0.032855373469261206,-429.5340800329368,-45.32212478867512,-69.98835889940318,-0.0246415301019459,9.856612040778362,0.032855373469261206,59.1332688377575,32.84897006234854,-0.016427686734630603,150.11144722841522,-85.0,-0.0246415301019459,-0.032855373469261206,0.0,0.032855373469261206,3.2855373469261204,-0.6571074693852241,81.68160727960462,81.68160727960462,-3.2855373469261204,431.79235921383577,-81.68160727960462,6.571074693852241,0.0492830602038918,-164.64734671896326,3.2855373469261204,-125.0862718324791,75.76150565966597,-6.571074693852241,0.016427686734630603,0.32855373469261206,33.0713442650458,96.0,-0.032855373469261206,-436.9955353478061,429.5340800329368,10.185165775470972,0.032855373469261206,50.588841155797844,-12.941599300426788,75.76150565966597,-0.032855373469261206,-0.008213843367315302,-75.76150565966597,-0.032855373469261206,-39.71446265307388,0.032855373469261206,-0.008213843367315302,-0.008213843367315302,-0.008213843367315302,13.142149387704482,-32.84897006234854,0.32855373469261206,24.341724819037843,-0.008213843367315302,66.1426885300916,1.6427686734630602,21.5,0.032855373469261206,0.016427686734630603,0.016427686734630603,40.0,0.0,0.032855373469261206,0.0,0.32855373469261206,0.032855373469261206,-24.341724819037843,0.032855373469261206,0.13142149387713897,-54.43821384035425,0.016427686734630603,0.008213843367315302,9.856612040778362,-0.032855373469261206,69.98835889940318,-22.163456898061195,-48.683449638075686,441.3697951748983,-3.2855373469261204,6.571074693852241,1.6427686734630602,-0.032855373469261206,0.0,0.0492830602038918,-0.032855373469261206,-80.0,0.0,896.2993756921475,0.016427686734630603,-43.0,-0.032855373469261206,-0.032855373469261206,-0.032855373469261206,0.016427686734630603,112.03682353018068,-6.571074693852241,0.032855373469261206,66.1426885300916,-0.008213843367315302,45.32212478867512,-66.1426885300916,4.92830602038918,85.0,-131.80411395875527,112.03682353018068,-0.0246415301019459,436.9955353478061,-96.0,0.032855373469261206,-0.0082138433673153,106.4400711365158,32.8553734692612,-0.016427686734630603,-0.032855373469261206,0.008213843367315302,0.0,0.0,164.63091903222863,0.0,-46.0,0.0,753.5965707024887,-31.0,0.0,-32.0,-93.0,-65.0,0.0,16.0,23.0,46.5,0.0,15.5,-429.6030763172223,-619.0297396860541,0.0,65.0,-619.0297396860541,-753.5965707024887,381.6263163279947,0.0,1496.5981,hclb
238,0.0,0.0,0.0,0.0,0.0,0.0,0.0,0.0,309.3705403838771,0.0,0.0,0.0,0.0,0.0,0.0,0.0,208.49193138325552,-485.0152684234471,0.0,821.295569681471,0.0,0.0,0.0,318.13295340760556,0.0,0.0,0.0,0.0,0.0,0.0,0.0,0.0,30.106891126793975,0.0,0.0,0.0,0.0,510.73035374733536,0.0,-1000.0,987.8763501374821,0.0,0.0,-208.49193138325552,0.0,0.0,0.0,0.0,0.0,-641.1169051981905,0.0,0.0,0.0,0.044453382829767074,0.0,0.0,0.0,8.082433241678624,0.0,0.0,-19.83283548714196,0.0,467.061790659896,53.01867834214187,0.0,0.0,0.0,0.0,375.7826366168749,-375.7826366168749,0.0,0.4041216620839312,0.0,0.0,0.0,0.0,0.0,0.0,0.0,0.0,0.0,0.0,0.0,0.0,24.247299725035873,0.0,147.67729632659348,287.27986685300294,419.78467480073886,0.0,-0.010103041552098279,0.0,0.0,1000.0,12.123649862517937,0.0,12.123649862517937,-1.3012717519105719,0.0,0.0,0.0,2.020608310419656,0.0,0.0,0.0,0.0,0.0,0.0,0.0,0.0,0.0,0.0,0.0,0.0,0.0,0.0,0.0,0.0,0.0,0.0,0.0,0.0,0.0,0.0,-1000.0,0.0,0.0,12.123649862517937,0.0,12.527771524601869,2.3338655189752586,0.0,0.0,0.0,0.0,0.0,0.0,-781.2500000000737,781.2500000000737,-394.2102768306122,0.0,0.0,0.0,0.0,0.0,150.78903312463976,0.040412166208393115,0.0,0.0,0.0,0.0,-227.8494938767995,0.0,0.0,0.0,0.0,-202.9192845463813,0.0,0.0,0.0,0.0,0.0,274.6865486224226,274.6865486224226,0.0,0.0,0.0,0.0,0.0,0.0,0.0,274.726960788631,0.0,0.0,0.0,-48.97515556991919,0.0,0.0,0.0,0.0,0.0,0.0,0.0,0.0,0.0,0.0,-647.9100249809255,0.0,0.0,0.0,0.0,-1000.0,0.0,0.0,0.0,0.0,0.0,641.1169051981905,0.0,-287.27986685300294,287.27986685300294,394.2102768306122,0.0,0.0,0.0,0.0,0.0,0.0,0.0,787.0897573924528,0.0,0.0,0.0,0.0,0.0,0.0,0.0,0.0,0.0,0.0,0.0,0.0,0.0,261.1414957951236,201.01436036015676,-208.49193138325552,0.0,0.0,0.0,0.0,80.9183712129523,0.0,0.0,0.0,0.0,-19.83283548714196,0.0,0.0,0.0,0.0,0.0,0.0,0.0,0.0,0.0,0.0,0.0,0.0,0.0,0.0,707.0645416537418,0.0,0.0,208.49193138325552,0.0,0.0,394.2102768306122,677.7450056391383,0.0,0.0,0.0,111.24350600789171,0.0,0.0,369.75806950409907,369.7580695040991,399.5678576828874,-1000.0,1000.0,-970.1902118212117,132.5048079477359,0.0,-238.279432447982,641.1169051981905,0.0,-357.71097328419717,0.0,0.0,0.0,-934.9308923973955,0.0,934.9308923973955,0.0,-168.38575252356623,0.0,0.0,262.2184054360174,0.0,0.0,0.0,-19.83283548714196,-0.060618249312589675,0.0,0.0,0.0,0.0,0.040412166208393115,0.0,0.0,0.0,512.7477020939175,208.49193138325552,0.0,-198.97081565148383,393.5617819855552,0.0,1000.0,0.0,0.0,0.0,0.0,0.0,0.0,0.0,622.0664504834854,-375.7826366168749,-246.28381386661044,604.6130888062297,-1000.0,0.0,0.0,0.0,0.0,0.0,0.0,0.0,0.0,0.0,0.0,0.0,0.0,0.0,0.0,0.0,0.0,0.0,-489.1079975878312,0.0,-1000.0,0.0,0.0,0.0,0.0,0.0,388.4311116499181,-150.78903312463976,0.0,0.0,0.0,0.0,0.0,0.0,0.0,-35.37323120509103,-1.010304155209828,0.0,1000.0,-2.020608310419656,550.2828373891572,-983.9599433161766,0.0,33.35262289467138,0.0,0.0,0.0,0.0,0.0,-814.68846169668,0.0,0.0,12.123649862517937,0.0,0.0,0.0,0.0,0.0,309.4109525500855,0.0,-261.1414957951236,261.1414957951236,261.1414957951236,84.91756675832137,0.0,0.0,0.0,0.0,0.0,0.0,0.0,0.0,-138.52135515170917,0.0,0.0,0.0,0.0,0.0,0.0,0.0,-38.958783379160685,0.08082433241678899,0.0,0.0,0.0,0.0,0.0,0.0,0.0,0.0,0.0,0.0,0.0,0.0,0.0,0.0,0.0,0.0,0.0,0.0,0.0,0.044453382829767074,0.044453382829767074,0.0,349.05906255344496,0.0,24.247299725035873,0.0,42.547233296471575,0.0,1000.0,0.0,0.0,147.67729632659348,0.0,0.0,441.0450098815954,-1000.0,0.0,0.0,0.0,0.0,0.0,0.0,0.0,0.0,0.0,0.0,0.0,0.0,0.0,333.3333333333333,-512.7477020939175,227.8494938767995,0.0,150.78903312463976,0.0,524.8713519564355,475.1286480435645,0.0,0.0,441.0450098815954,0.0,1000.0,-597.9137734975652,151.3546554460222,-151.3546554460222,261.1414957951236,0.0,0.0,0.0,0.0,0.0,0.0,0.0,0.0,0.0,0.0,0.0,0.0,0.0,24.247299725035873,394.2102768306122,394.2102768306122,0.0,0.0,0.0,0.0,0.0,0.0,0.0,0.0,0.0,0.0,0.4041216620839312,0.0,0.0,147.67729632659348,-147.67729632659348,0.0,0.0,0.0,0.0,12.123649862517937,0.0,0.0,0.0,0.0,0.0,0.0,0.0,0.0,0.0,0.0,1000.0,80.9183712129523,0.0,12.123649862517937,12.123649862517937,-507.3742175333811,-1000.0,0.0,0.0,0.0,0.0,0.0,0.0,0.0,-1000.0,0.0,-469.6214487320964,0.040412166208393115,0.0,0.0,-352.57155970204565,396.60613627092897,0.0,0.0,-1000.0,0.0,0.0,0.0,0.0,0.0,0.0,0.0,0.0,0.0,0.0,0.0,0.0,0.0,0.0,0.040412166208393115,0.0,0.0,0.0,457.5750901324344,-457.5750901324344,0.0,0.0,0.0,0.0,0.0,0.0,0.0,0.0,-661.6810355368085,-3.030912465629484,0.0,-2.0206083104196577,0.0,0.0,0.0,0.0,0.0,0.0,0.0,0.0,0.0,0.0,0.0,394.2102768306122,0.0,0.0,0.0,-812.6678533862603,0.0,0.0,0.0,309.3705403838771,0.0,0.0,0.040412166208393115,0.0,0.040412166208393115,0.0,0.0,0.0,24.247299725035873,49.30284277423961,49.30284277423961,0.0,0.0,0.0,0.0,0.0,0.0,0.0,227.8494938767995,0.0,0.0,0.0,0.0,0.0,625.5459379940285,0.0,0.0,0.0,0.0,0.0,0.0,0.0,0.0,0.0,0.0,0.0,0.0,0.0,475.1286480435645,0.0,0.0,0.0,0.060618249312589675,0.0,0.0,0.0,-12.123649862517937,0.0,0.0,0.0,0.0,0.0,-349.05906255344496,2.020608310419656,0.0,0.0,0.0,0.0,0.0,150.78903312463976,-2.0206083104196577,0.0,0.0,0.0,0.0,0.0,0.0,0.0,394.2102768306122,0.0,0.0,0.0,87.91756675832137,0.0,284.76706063512086,0.0,150.78903312463976,0.0,0.0,-150.78903312463976,0.0,628.4421628648987,42.547233296471575,2.0206083104196577,1000.0,0.0,0.0,0.0,-433.8759478048961,281.2500000000002,-281.2500000000002,0.0,0.0,0.0,0.0,0.0,0.0,0.0,1000.0,-358.1517999503335,49.30284277423961,0.0,0.0,0.0,0.0,0.0,0.0,0.0,0.0,0.0,0.0,0.0,0.0,0.0,-44.034576568883324,59.195471439002496,0.0,12.123649862517937,147.67729632659348,0.0,0.0,0.0,-279.3870582637718,0.0,0.0,0.044453382829767074,0.0,0.0,0.0,24.651421387119804,0.0,0.0,0.0,0.0,201.01436036015676,0.0,0.0,0.0,0.0,0.0,0.0,0.0,0.0,-1000.0,0.0,241.4708161400308,0.004041216620839428,0.0,0.0,0.0,0.0,0.0,0.0,0.0,0.0,0.0,-352.57155970204565,0.0,0.0,0.0,0.0,0.0,349.05906255344496,0.0,0.0,0.0,0.0,0.0,0.0,0.0,641.1169051981905,0.0,0.0,0.0,295.35459265318696,0.0,1000.0,-485.0152684234471,0.0,0.0,0.0,24.247299725035873,0.0,0.0,0.0,0.0,0.0,975.7527002749641,-1000.0,0.0,295.35459265318696,0.0,0.0,0.0,0.0,0.0,0.0,0.0,0.0,0.0,0.0,469.6214487320964,-395.3869111937703,653.2282718467777,-1000.0,987.8763501374821,0.0,510.73035374733536,0.0,0.0,0.0,0.0,0.0,0.0,0.0,0.0,0.0,0.0,0.0,0.0,0.0,0.0,0.0,0.0,42.547233296471575,-5.051520776049141,394.2102768306122,-3.030912465629484,980.6668254787324,0.0,0.0,0.0,0.0,0.0,-0.505152077604914,0.0,138.52135515170917,0.0,0.0,0.0,0.0,0.0,0.0,0.0,1000.0,12.123649862517937,12.123649862517937,0.0,0.0,0.0,0.0,0.0,0.044453382829767074,349.05906255344496,0.0,0.0,-510.73035374733536,241.46677492340996,0.0,0.0,0.0,0.0,0.0,0.0,0.0,0.0,0.0,0.0,0.0,0.0,0.0,0.0,0.0,0.0,2.3338655189752586,0.0,42.43277451881278,150.78903312463976,0.0,0.0,0.0,0.0,0.0,349.05906255344496,0.0,-152.09030487655033,0.0,0.0,0.0,-5.051520776049141,0.0,0.0,0.0,0.0,0.0,0.0,0.0,0.0,0.0,0.0,0.0,0.0,0.0,0.0,0.0,0.0,0.0,0.0,-0.040412166208393115,0.0,0.0,2.020608310419656,-441.0450098815954,0.0,0.0,0.0,0.0,394.2102768306122,0.0,0.0,0.0,-622.0664504834854,1.010304155209828,0.0,0.0,0.0,0.040412166208393115,0.0,40.41216620839312,-10.193906005626609,8.082433241678624,0.28865833005995084,117.41767475936733,-0.030309124656294838,2.0206083104196537,0.8082433241678624,-0.20206083104176287,-117.41767475936733,12.123649862517937,-0.04041216620839312,0.0,0.0,0.010103041552098279,0.28865833005995084,0.0,-154.11091318696998,-0.8082433241678624,-544.7722326412794,-0.04041216620839312,0.01010304155209828,-117.41767475936733,4.041216620839312,0.04041216620839312,0.040412166208393115,-348.9741970044068,-147.63284294376425,-69.06567450595466,-0.030309124656294838,12.123649862517937,0.04041216620839312,12.123649862517937,-20.20608310419656,-0.02020608310419656,271.98495905233597,-85.0,-0.030309124656294838,-0.04041216620839312,-10.193906005626609,0.040412166208393115,4.041216620839312,-0.8082433241678624,475.1286480435645,475.1286480435645,-4.041216620839312,544.7722326412794,-475.1286480435645,8.082433241678624,0.060618249312589675,-1000.0,4.041216620839312,-333.3333333333333,0.0,-8.082433241678624,0.020206083104196557,0.4041216620839312,49.74270391287096,96.0,-0.040412166208393115,-358.1517999503335,348.9741970044068,12.527771524601869,0.04041216620839312,154.11091318696998,-48.49459945007163,0.0,-0.040412166208393115,-0.010103041552098279,0.0,-0.04041216620839312,-38.958783379160685,0.04041216620833628,-0.010103041552098279,-0.010103041552098279,-0.010103041552098279,16.164866483357248,20.20608310419656,0.4041216620839312,134.15602020661532,-0.01010304155209828,99.48540782574192,2.020608310419656,21.5,0.040412166208393115,0.020206083104196557,0.02020608310419656,4.041216620839312,10.193906005626609,0.040412166208393115,-10.193906005626609,0.4041216620839312,0.04041216620839312,-342.58733334055825,0.04041216620839312,0.16164866483339813,0.20206083104176287,0.02020608310419656,0.01010304155209828,12.123649862517937,-0.04041216620839312,69.06567450595466,0.4041216620839312,-268.31204041323065,1.0103041552098304,-4.041216620839312,8.082433241678624,2.020608310419656,-0.04041216620839312,0.0,0.060618249312589675,-0.04041216620839312,-8.082433241678624,10.193906005626609,542.0216307826902,0.02020608310419656,-43.0,-0.04041216620839312,-0.04041216620833628,-0.04041216620839312,0.02020608310419656,117.41767475936733,-8.082433241678624,0.040412166208393115,99.48540782574192,-0.010103041552098279,147.63284294376425,-99.48540782574192,6.061824931258967,85.0,564.3539612737054,117.41767475936733,-0.030309124656294838,358.1517999503335,-96.0,0.04041216620839312,-0.01010304155209828,2.0206083104196577,40.41216620839312,-0.020206083104196557,-0.04041216620839312,0.010103041552098279,0.0,0.0,867.4749859691599,208.43131313394292,-46.0,0.0,782.8207731564861,-31.0,0.0,-32.0,-93.0,-65.0,-132.5048079477359,16.0,23.0,46.5,0.0,15.5,-349.05906255344496,-262.63457251891845,132.5048079477359,65.0,-262.63457251891845,-782.8207731564861,413.6370779928592,0.0,1496.5981,hclb
239,0.0,0.0,0.0,0.0,0.0,0.0,0.0,0.0,-0.045049910733839515,0.0,0.0,0.0,0.0,0.0,0.0,0.0,-28.959943494121262,0.0,0.0,409.8297390075495,0.0,0.0,0.0,16.200842590634462,0.0,0.0,0.0,0.0,0.0,73.23629515463745,0.0,0.0,943.9918898641915,0.0,0.0,0.0,0.0,-7.889741033185343,0.0,-1000.0,679.8508887746514,0.0,0.0,149.9936407620305,0.0,0.0,0.0,0.0,-1000.0,0.0,0.0,-805.7300075774533,0.0,0.04955490180589095,0.0,0.0,0.0,9.009982146767904,0.0,0.0,-82.31784500777472,0.0,82.31784500777472,0.0,0.0,0.0,0.0,0.0,17.573482879676817,-17.573482879676817,0.0,0.4504991073383952,0.0,0.0,0.0,0.0,0.0,0.0,0.0,0.0,0.0,0.0,0.0,0.0,27.029946440303714,0.0,78.35044953581513,-75.74011887196797,1000.0,-473.17567541206205,-0.011262477683459879,0.0,0.0,271.3877739792814,13.514973220151857,0.0,13.514973220151857,0.0,0.0,0.0,0.0,998.8737522316541,73.23629515463745,0.0,0.0,-22.833135299799842,0.0,0.0,0.0,0.0,0.0,0.0,0.0,0.0,0.0,0.0,0.0,0.0,0.0,0.0,0.0,0.0,0.0,0.0,-235.20181466896602,0.0,0.0,13.514973220151857,0.0,13.96547232749025,13.96547232749025,0.0,0.0,0.0,0.0,0.0,0.0,0.0,0.0,0.0,0.0,0.0,0.0,0.0,0.0,81.81929266232079,0.045049910733839515,0.0,0.0,0.0,0.0,-865.0502812867439,0.0,0.0,0.0,0.0,146.22934326205322,0.0,0.0,0.0,0.0,0.0,264.08657457367565,264.08657457367565,0.0,0.0,0.0,0.0,-1000.0,0.0,0.0,264.1316244844095,0.0,0.0,0.0,0.0,0.0,0.0,0.0,0.0,0.0,0.0,0.0,0.0,0.0,0.0,0.0,0.0,0.0,0.0,0.0,-1000.0,0.0,0.0,0.0,0.0,0.0,0.0,805.7300075774533,-526.824324587938,526.824324587938,0.0,0.0,0.0,0.0,0.0,0.0,0.0,0.0,-84.5909397017539,0.0,0.0,0.0,0.0,0.0,0.0,0.0,0.0,0.0,0.0,0.0,0.0,0.0,14.206111501593085,840.0702455802798,149.9936407620305,0.0,0.0,0.0,0.0,0.0,0.0,0.0,0.0,0.0,-82.31784500777472,0.0,0.0,0.0,0.0,0.0,0.0,0.0,0.0,0.0,1.4506071256279665,0.0,0.0,0.0,-1000.0,526.824324587938,-796.8344358824527,0.0,-149.9936407620305,0.0,0.0,0.0,0.0,0.0,0.0,0.0,-43.71550493803295,0.0,0.0,-724.7871243645816,0.0,657.930737411536,-724.7871243645816,0.0,657.930737411536,473.17567541206205,0.0,153.01552571412617,0.0,0.0,153.62019560239276,0.0,0.0,0.0,464.19421175214774,0.0,-464.19421175214774,0.0,976.5705037834027,0.0,0.0,481.41182371871867,0.0,0.0,0.0,-82.31784500777472,-0.06757486610075927,0.0,0.0,0.0,0.0,0.045049910733839515,0.0,0.0,0.0,985.0344196542202,-28.959943494121262,0.0,-372.88711585000726,113.98779204429832,0.0,622.3758441415712,0.0,620.8577815930826,0.0,-22.833135299799842,0.0,0.0,0.0,-3.8787973141822496,-1000.0,383.0210157210997,-273.0517846266262,-1000.0,0.0,0.0,0.0,0.0,0.0,0.0,0.0,0.0,0.0,0.0,0.0,0.0,0.0,0.0,0.0,0.0,0.0,-1000.0,0.0,-992.29045860975,0.0,0.0,0.0,87.58290377370543,0.0,0.0,-83.26989978794876,0.0,0.0,0.0,0.0,996.6212566949621,982.4265171203232,0.0,-1000.0,0.0,0.0,0.0,43.465945802473925,0.0,-443.6807205242146,0.0,455.6454242289743,1000.0,-1.126247768345988,-45.7184413391659,-954.9725489329733,0.0,-540.7600777934371,0.0,511.47763581644136,13.514973220151857,-343.75000000164135,343.75000000164135,0.0,0.0,0.0,0.0,0.0,-14.206111501593085,14.206111501593085,14.206111501593085,-829.9974750381759,0.0,0.0,-947.5803277279063,0.0,0.0,0.0,0.0,0.0,-7.934790943919182,0.0,-1000.0,70.9900178532321,0.0,0.0,0.0,0.0,-38.49500892661605,0.09009982146769313,0.0,0.0,0.0,0.0,0.0,0.0,0.0,174.3982430068065,0.0,0.0,0.0,0.0,0.0,0.0,0.0,0.0,0.0,0.0,0.0,0.04955490180589095,0.04955490180589095,0.0,101.19612935482519,0.0,27.029946440303714,0.0,0.0,0.0,1000.0,0.0,123.91251109467616,78.35044953581513,0.0,0.0,-516.8767243851031,-1000.0,0.0,0.0,923.4030445083459,0.0,0.0,70.9900178532321,0.0,0.0,0.0,0.0,0.0,0.0,0.0,78.40060488965534,-985.0344196542202,865.0502812867439,0.0,353.32606724321545,0.0,271.3877739792814,0.0,0.0,0.0,-516.8767243851031,0.0,-555.3717333117191,0.0,0.0,0.0,14.206111501593085,0.0,0.0,0.0,0.0,0.0,0.0,0.0,0.0,0.0,0.0,0.0,0.0,0.0,27.029946440303714,0.0,0.0,0.0,0.0,0.0,0.0,0.0,0.0,0.0,0.0,0.0,0.0,0.4504991073383952,0.0,0.0,78.35044953581513,-78.35044953581513,0.0,805.7300075774533,0.0,0.0,13.514973220151857,-923.4030445083459,0.0,0.0,271.50677458089467,0.0,0.0,0.0,0.0,0.0,0.0,102.61522614780688,0.0,0.0,13.514973220151857,13.514973220151857,1000.0,-1000.0,0.0,70.9900178532321,0.0,0.0,0.0,0.0,0.0,-800.1845105280113,0.0,-755.9058817058053,0.045049910733839515,0.0,0.0,0.0,3.632953515607487,936.8206281912079,174.3982430068065,-271.3877739792814,0.0,0.0,0.0,0.0,0.0,0.0,0.0,0.0,0.0,0.0,0.0,0.0,0.0,0.0,0.045049910733839515,0.0,0.0,0.0,0.0,0.0,0.0,0.0,0.0,0.0,0.0,0.0,0.0,0.0,-75.56035839769874,-3.378743305037915,0.0,-2.252495536691974,0.0,0.0,0.0,0.0,0.0,0.0,0.0,0.0,0.0,0.0,0.0,0.0,0.0,0.0,0.0,-27.02994644030371,0.0,0.0,0.0,-0.045049910733839515,0.0,0.0,0.045049910733839515,0.0,0.045049910733839515,0.0,0.0,0.0,27.029946440303714,54.96089109528422,54.96089109528422,0.0,0.0,0.0,0.0,0.0,0.0,0.0,865.0502812867439,0.0,0.0,0.0,0.0,0.0,0.0,0.0,0.0,0.0,0.0,0.0,0.0,0.0,0.0,0.0,0.0,0.0,0.0,0.0,0.0,0.0,0.0,0.0,0.06757486610075927,0.0,0.0,0.0,-13.514973220151857,0.0,0.0,0.0,0.0,0.0,-101.19612935482519,2.252495536691976,0.0,0.0,0.0,0.0,1000.0,83.26989978794876,-2.252495536691974,0.0,-1000.0,0.0,0.0,0.0,0.0,0.0,0.0,0.0,923.4030445083459,173.60524400103898,86.9900178532321,0.0,921.040299139976,913.987492891408,83.26989978794876,0.0,0.0,-83.26989978794876,0.0,-54.96089109528422,0.0,2.252495536691974,447.1208481701699,0.0,0.0,0.0,-164.63569001554944,0.0,0.0,0.0,0.0,0.0,0.0,0.0,0.0,0.0,-3.3787433050380287,-3.3787433050379576,54.96089109528422,0.0,0.0,0.0,0.0,0.0,0.0,0.0,0.0,0.0,1.4506071256279665,0.0,0.0,107.95361596490112,-3.632953515607487,0.0,0.0,13.514973220151857,78.35044953581513,0.0,0.0,0.0,9.293566338811871,0.0,0.0,0.04955490180589095,0.0,0.0,0.0,27.48044554764211,0.0,0.0,0.0,0.0,840.0702455802798,0.0,0.0,0.0,0.0,0.0,0.0,0.0,0.0,0.0,0.0,0.0045049910733839515,0.0045049910733839515,0.0,0.0,0.0,0.0,0.0,0.0,0.0,0.0,0.0,0.0,0.0,0.0,0.0,0.0,0.0,101.19612935482519,0.0,0.0,0.0,0.0,0.0,0.0,0.0,0.0,0.0,0.0,0.0,156.70089907163026,-54.10419549009882,364.7595808009853,0.0,0.0,0.0,0.0,27.02994644030371,0.0,0.0,0.0,0.0,0.0,-505.86871358436133,478.8387671440576,0.0,156.70089907163026,0.0,0.0,0.0,0.0,0.0,0.0,0.0,0.0,0.0,0.0,755.9058817058053,-1000.0,30.859188852680077,-13.514973220151857,0.0,0.0,-7.889741033185343,0.0,0.0,0.0,0.0,0.0,0.0,0.0,0.0,0.0,0.0,0.0,0.0,0.0,0.0,0.0,0.0,0.0,-5.631238841729896,0.0,-1000.0,0.0,0.0,0.0,0.0,0.0,0.0,-0.5631238841729941,0.0,7.934790943919182,0.0,0.0,0.0,0.0,0.0,0.0,0.0,1000.0,13.514973220151857,13.514973220151857,0.0,0.0,0.0,0.0,0.0,0.04955490180589095,101.19612935482519,0.0,0.0,7.889741033185343,0.0,0.0,0.0,0.0,0.0,0.0,0.0,0.0,0.0,0.0,0.0,0.0,0.0,0.0,0.0,0.0,0.0,13.96547232749025,0.0,47.3024062705315,0.0,0.0,81.81929266232079,0.0,0.0,0.0,101.19612935482519,0.0,-83.26989978794876,0.0,0.0,0.0,-5.631238841729896,0.0,0.0,0.0,0.0,0.0,0.0,0.0,0.0,0.0,0.0,0.0,0.0,0.0,0.0,0.0,0.0,0.0,0.0,-0.045049910733839515,0.0,0.0,2.252495536691976,516.8767243851031,0.0,0.0,0.0,0.0,0.0,0.0,0.0,0.0,3.8787973141822496,1.126247768345988,0.0,0.0,0.0,0.045049910733839515,0.0,45.04991073383952,0.0,9.009982146767905,0.3217850766702823,153.62019560239276,-0.03378743305037964,544.3545757710257,0.9009982146767904,-0.22524955366915833,-153.62019560239276,13.514973220151857,-0.045049910733839515,7.611045099933281,70.9900178532321,0.011262477683459879,0.3217850766702823,-22.833135299799842,-85.52239532464074,-0.9009982146767904,-380.86979551342824,-0.045049910733839515,0.011262477683459879,-153.62019560239276,4.504991073383952,0.045049910733839515,0.045049910733839515,-101.10152454228546,-78.3008946340079,0.0,-0.03378743305037964,13.514973220151857,0.045049910733839515,13.514973220151857,-22.524955366919762,-0.022524955366919758,-100.56307266245354,-4.550040984117791,-0.03378743305037964,-0.045049910733839515,0.0,0.045049910733839515,4.504991073383962,-0.9009982146767904,0.0,0.0,-4.504991073383952,380.86979551342824,0.0,9.009982146767904,0.06757486610075927,-478.00639513798706,4.504991073383952,-78.40060488965534,70.9900178532321,-9.009982146767904,0.02252495536691976,0.4504991073383952,93.22177896250182,96.0,-0.045049910733839515,-111.33235926993908,101.10152454228546,13.96547232749025,0.045049910733839515,85.52239532464074,16.930124972624753,70.9900178532321,-0.045049910733839515,-0.011262477683459879,-70.9900178532321,-0.045049910733839515,-38.49500892661605,0.04504991073382822,-0.011262477683459879,-0.011262477683459879,-0.011262477683459879,18.019964293535807,22.524955366919762,0.4504991073383952,282.2747557287895,-0.011262477683459879,178.83251282507035,2.252495536691976,21.5,0.045049910733839515,0.02252495536691976,0.022524955366919758,40.0,0.0,0.045049910733839515,0.0,0.4504991073383952,0.045049910733839515,-780.0715619565054,0.045049910733839515,0.18019964293538626,0.22524955366915833,0.022524955366919758,0.011262477683459879,13.514973220151857,-0.045049910733839515,0.0,0.4504991073383952,-564.549511457579,543.2283280026797,-4.504991073383962,9.009982146767904,2.252495536691976,-0.045049910733839515,22.833135299799842,0.06757486610075927,-0.045049910733839515,-80.0,0.0,216.72637736668523,0.022524955366919758,-43.0,-0.045049910733839515,-0.04504991073382822,-0.045049910733839515,0.022524955366919758,153.62019560239276,-9.009982146767904,0.045049910733839515,186.44355792500363,-0.011262477683459879,78.3008946340079,-186.44355792500363,6.757486610075927,4.550040984117791,452.8671071317251,153.62019560239276,-0.03378743305037964,111.33235926993908,-96.0,0.045049910733839515,-0.011262477683459879,2.252495536691974,45.04991073383952,-0.02252495536691976,-0.045049910733839515,0.01126247768345988,0.0,0.0,477.98387018262014,497.79680622771593,-46.0,0.0,16.546671905880316,-31.0,0.0,-32.0,-93.0,-65.0,0.0,16.0,23.0,46.5,0.0,15.5,-101.19612935482519,-226.0199437054971,0.0,65.0,-226.0199437054971,-16.546671905880316,-2.4442220700641997,0.0,1496.5981,hclb
240,0.0,0.0,0.0,0.0,0.0,0.0,0.0,0.0,95.70632702845819,0.0,0.0,0.0,0.0,0.0,0.0,0.0,-494.18402832592426,556.52088425287,0.0,0.0,0.0,0.0,0.0,0.0,0.0,0.0,0.0,0.0,0.0,494.18402832592426,0.0,0.0,0.0,0.0,0.0,0.0,0.0,22.69985978690022,0.0,-1000.0,-829.9384350032939,0.0,0.0,0.0,0.0,0.0,137.420521518739,0.0,0.0,-136.81182794232885,0.0,0.0,0.0,0.02709413211134436,0.0,0.0,0.0,4.926205838401148,0.0,0.0,-2.1691726375091918,0.0,0.0,-2.1691726375091918,0.0,0.0,0.0,0.0,0.0,909.0384347929604,0.0,0.2463102919200574,0.0,0.0,0.0,0.0,0.0,0.0,0.0,0.0,0.0,0.0,0.0,0.0,14.778617515203443,0.0,0.0,399.92019248289756,-113.35314774618718,513.2733402290847,0.0,0.0,0.0,0.0,7.389308757601722,0.0,7.389308757601722,-0.7931191399819539,0.0,0.0,0.0,1.231551459600287,494.18402832592426,0.0,0.0,0.0,0.0,364.2313433043902,0.0,0.0,0.0,0.0,0.0,0.0,0.0,0.0,0.0,0.0,0.0,0.0,0.0,0.0,0.0,0.0,-182.29360326906806,0.0,0.0,7.389308757601722,0.0,7.635619049521779,0.0,0.0,0.0,0.0,0.0,0.0,0.0,0.0,0.0,0.0,0.0,0.0,0.0,0.0,0.0,1.8965892477844408,0.024631029192005736,0.006157757298001435,0.0,0.0,110.57077209639111,-812.0260827251363,0.0,0.0,0.0,0.0,-20.38210555894487,0.0,0.0,0.0,0.0,0.0,-776.2200573166643,-776.2200573166643,0.0,0.0,0.0,0.0,0.0,0.0,0.0,-776.1954262874723,0.0,0.0,0.0,843.8022393006395,0.0,0.0,0.0,0.0,0.0,0.0,0.0,0.0,0.0,0.0,-26.22045489274464,0.0,0.0,0.0,0.0,-1000.0,0.0,0.0,0.0,0.0,0.0,136.81182794232885,0.0,-399.92019248289756,399.92019248289756,0.0,0.0,0.0,0.0,0.0,0.0,0.0,0.0,0.0,0.0,0.0,0.0,0.0,0.0,0.0,0.0,0.0,0.0,0.0,0.0,0.0,0.0,0.0,668.3077223055475,0.0,0.0,0.0,0.0,0.0,82.51226605160741,0.0,0.0,0.0,0.0,-2.1691726375091918,0.0,0.0,0.0,0.0,0.0,0.0,0.0,0.0,0.0,0.0,0.0,0.0,0.0,0.0,286.5670447367104,0.0,0.0,0.0,0.0,0.0,0.0,-524.9988405847627,0.0,0.0,0.0,65.92351674576327,0.0,0.0,5.8582263326203545,5.8582263326203545,0.0,0.0,0.0,-5.8582263326203545,-513.2733402290847,0.0,-243.3195007129251,136.81182794232885,0.0,-13.791694605911403,0.0,0.0,0.0,0.0,0.0,0.0,0.0,-638.8241668271173,0.0,0.0,96.1899454223883,0.0,0.0,0.0,-2.1691726375091918,-0.03694654378800861,0.0,0.0,0.0,0.0,0.024631029192005736,0.0,0.0,0.0,910.0984251907909,-494.18402832592426,0.0,-69.07628466341293,862.9743827135688,0.0,-822.5491262456922,0.0,291.53396299628804,0.0,0.0,0.0,0.0,0.0,884.5970872981364,-176.13105029442443,-1000.0,-948.6419015172036,-474.3459277472551,0.0,0.0,0.0,0.0,0.0,0.0,0.0,0.0,0.0,0.0,0.0,0.0,0.0,0.0,0.0,0.0,0.0,0.0,0.0,-736.8510591879262,0.0,714.0526752842579,0.0,0.0,0.0,308.8663839822233,-1.8965892477844408,0.0,0.0,0.0,880.2253898194477,0.0,0.0,0.0,0.0,-971.1637525794678,176.13105029442443,-1000.0,0.0,199.89111046194841,-1000.0,0.0,-1.231551459600287,0.0,970.5479768496676,-1.231551459600287,20.369035542751135,0.0,0.0,1000.0,893.0282658181567,7.389308757601722,0.0,0.0,0.0,0.0,0.0,95.7309580576502,0.0,0.0,0.0,0.0,74.39611479081796,0.0,0.0,0.0,0.0,0.0,0.0,0.0,0.0,-4.3383452750183835,0.0,0.0,0.0,0.0,0.0,0.0,0.0,-40.53689708079943,0.049262058384027925,0.0,0.0,0.0,0.0,0.0,0.0,0.0,838.3095640076818,0.0,909.0384347929604,0.0,0.0,0.0,0.0,0.0,0.0,0.0,0.0,0.0,0.02709413211134436,0.02709413211134436,0.0,53.82928251068199,0.0,14.778617515203443,0.0,0.0,0.0,0.0,0.0,0.0,0.0,0.0,0.0,146.62650329823967,0.0,0.0,0.0,0.0,0.0,0.0,0.0,0.0,0.0,0.0,0.0,0.0,0.0,0.0,60.76453442302269,-910.0984251907909,701.4553106287452,0.0,1.8965892477844408,0.0,0.0,0.0,-82.51226605160741,0.0,146.62650329823967,0.0,106.08960621744023,0.0,0.0,0.0,0.0,0.0,0.0,0.0,0.0,0.0,0.0,0.0,0.0,0.0,0.0,0.0,0.0,0.0,14.778617515203443,0.0,0.0,0.0,0.0,0.0,0.0,0.0,0.0,0.0,0.0,0.0,0.0,0.2463102919200574,0.0,0.0,0.0,0.0,0.0,0.0,0.0,0.0,7.389308757601722,0.0,0.0,0.0,0.0,0.0,0.0,0.0,0.0,0.0,0.0,0.0,1000.0,0.0,7.389308757601722,7.389308757601722,758.4502261413434,0.0,0.0,0.0,0.0,0.0,0.0,0.0,0.0,-545.5421268087207,0.0,-474.3459277472551,0.024631029192005736,0.0,0.0,0.0,32.52879276649958,13.677679370780897,838.3095640076818,0.0,0.0,0.0,0.0,0.0,0.0,0.0,0.0,0.0,0.0,0.0,0.0,0.0,0.0,0.0,0.024631029192005736,0.0,0.0,0.0,0.0,0.0,0.0,0.0,0.0,714.0526752842579,0.0,952.0425767369886,0.0,-690.7902251726993,-1000.0,-1.8473271894004306,-1.231551459600288,0.0,0.0,0.0,0.0,0.0,0.0,0.0,0.0,0.0,0.0,0.0,0.0,0.0,0.0,0.0,0.0,894.259817277757,0.0,0.0,0.0,95.70632702845819,0.0,0.0,0.024631029192005736,0.0,0.024631029192005736,0.0,0.0,0.0,14.778617515203443,30.049855614247,30.049855614247,0.0,0.0,0.0,0.0,0.0,0.0,0.0,701.4553106287452,0.0,0.0,0.0,0.0,886.7178189115682,0.0,0.0,0.0,0.0,0.0,0.0,0.0,0.0,0.0,0.0,0.0,0.0,0.0,0.0,82.51226605160741,0.0,0.0,0.0,0.03694654378800861,0.0,0.0,0.0,-7.389308757601722,0.0,0.0,0.0,0.0,0.0,-53.82928251068199,1.231551459600287,0.0,0.0,0.0,0.0,0.0,-2.024670599582242,0.0,0.0,0.0,0.0,0.0,0.0,0.0,0.0,0.0,0.0,0.0,71.10528621326569,53.82928251068199,0.0,761.529104790344,13.677679370780897,263.14894081207376,-3.9212598473666826,690.7902251726993,-950.0179061374064,0.0,-555.0486961990097,0.0,1.231551459600288,1000.0,0.0,0.0,0.0,-4.3383452750183835,0.0,0.0,0.0,0.0,0.0,0.0,0.0,0.0,0.0,22.525800513943523,0.0,30.049855614247,0.0,0.0,0.0,0.0,0.0,0.0,0.0,0.0,0.0,0.0,0.0,0.0,59.37126407888354,-941.56722755946,-16.818776678602298,0.0,7.389308757601722,0.0,0.0,0.0,0.0,-112.77879503930853,0.0,0.0,0.02709413211134436,0.0,0.0,0.0,15.0249278071235,0.0,0.0,0.0,0.0,668.3077223055475,0.0,0.0,0.0,0.0,0.0,0.0,0.0,0.0,-846.3824477351269,0.0,0.0024631029192006444,0.0024631029192006444,0.0,0.0,0.0,0.0,0.0,0.0,0.0,0.0,0.0,0.0,0.0,0.0,0.0,0.0,0.0,53.82928251068199,0.0,0.0,0.0,0.0,0.0,0.0,0.0,136.81182794232885,0.0,0.0,0.0,0.0,-473.6489431636062,-758.0386142011674,556.52088425287,0.0,0.0,0.0,14.778617515203443,0.0,0.0,0.0,0.0,0.0,0.0,-14.778617515203443,0.0,0.0,0.0,0.0,0.0,0.0,0.0,0.0,0.0,0.0,0.0,0.0,1000.0,-1000.0,903.590073908092,-7.389308757601722,0.0,0.0,736.7525350711581,0.0,0.0,0.0,0.0,0.0,0.0,0.0,0.0,0.0,0.0,0.0,0.0,0.0,0.0,0.0,0.0,0.0,-3.0788786490007185,0.0,-1.8473271894004306,884.8704917221676,0.0,0.0,0.0,0.0,0.0,-0.30788786490007175,0.0,4.3383452750183835,0.0,0.0,0.0,0.0,0.0,0.0,0.0,1000.0,7.389308757601722,7.389308757601722,0.0,0.0,0.0,0.0,0.0,0.02709413211134436,53.82928251068199,0.0,0.0,-736.7525350711581,0.0,0.0,0.0,0.0,0.0,0.0,0.0,0.0,0.0,0.0,0.0,0.0,0.0,0.0,0.0,0.0,0.0,0.0,0.0,25.862580651606024,1.8965892477844408,0.0,0.0,0.0,0.0,0.0,53.82928251068199,0.0,0.0,0.0,0.0,0.0,-3.0788786490007185,0.0,0.0,0.0,0.0,0.0,0.0,0.0,0.0,0.0,0.0,0.0,0.0,0.0,0.0,0.0,0.0,0.0,0.0,-0.024631029192005736,0.0,0.0,1.231551459600287,-146.62650329823967,0.0,0.0,0.0,0.0,0.0,0.0,0.0,0.0,-884.5970872981364,0.6157757298001434,0.0,0.0,0.0,0.024631029192005736,0.0,24.631029192005737,-7.635619049521779,4.926205838401148,0.175935922800041,68.72057144569601,-0.018473271894004304,1.231551459600287,0.4926205838401148,-0.12315514596009544,-68.72057144569601,7.389308757601722,-0.02463102919200574,0.0,0.0,0.006157757298001435,0.175935922800041,0.0,-3.9212598473666826,-0.4926205838401148,-62.33685592694576,-0.02463102919200574,0.006157757298001435,-68.72057144569601,2.463102919200574,0.02463102919200574,0.024631029192005736,-53.77755734937864,0.027094132111206384,-26.85921771001853,-0.018473271894004304,7.389308757601722,0.02463102919200574,7.389308757601722,-12.31551459600287,-0.01231551459600287,47.2413232689634,-85.0,-0.018473271894004304,-0.02463102919200574,-7.635619049521779,0.024631029192005736,2.463102919200574,-0.4926205838401148,82.51226605160741,82.51226605160741,-2.463102919200574,62.33685592694576,-82.51226605160741,4.926205838401148,0.03694654378800861,183.91875545346556,2.463102919200574,-60.76453442302269,0.0,-4.926205838401148,0.01231551459600287,0.2463102919200574,17.269071165853234,58.75548834908314,-0.024631029192005736,-59.37126407888354,53.77755734937864,7.635619049521779,0.02463102919200574,3.9212598473666826,-29.557235030407163,0.0,-0.024631029192005736,-0.006157757298001435,0.0,-0.024631029192005736,-40.53689708079943,0.02463102919200574,-0.006157757298001435,-0.006157757298001435,-0.006157757298001435,9.852411676802296,12.31551459600287,0.2463102919200574,27.774696432312,-0.006157757298001435,34.53814233170647,1.231551459600287,21.5,0.024631029192005736,0.01231551459600287,0.012315514596002868,2.463102919200574,7.635619049521779,0.024631029192005736,-7.635619049521779,0.2463102919200574,0.02463102919200574,-46.8270617916844,0.02463102919200576,0.09852411676805585,0.12315514596009544,0.01231551459600287,0.006157757298001435,7.389308757601722,-0.02463102919200574,26.85921771001853,0.2463102919200574,-55.549392864624,0.6157757298001435,-2.463102919200574,4.926205838401148,1.231551459600287,-0.02463102919200576,0.0,0.03694654378800861,-0.02463102919200574,-4.926205838401148,7.635619049521779,381.63310830885297,0.01231551459600287,-43.0,-0.02463102919200574,-0.02463102919200574,-0.02463102919200574,0.01231551459600287,68.72057144569601,-4.926205838401148,0.024631029192005736,34.53814233170647,-0.006157757298001435,-0.027094132111206384,-34.53814233170647,3.6946543788008603,85.0,-444.09126514583147,68.72057144569601,-0.018473271894004304,59.37126407888354,-58.75548834908314,0.02463102919200574,-0.006157757298001434,881.456941279048,24.631029192005737,-0.01231551459600287,-0.02463102919200574,0.006157757298001435,673.1555347180683,0.0,-183.93107096806156,19.052365359372402,-46.0,0.0,321.83986601765014,13.133333625637432,0.0,-32.0,-93.0,-65.0,0.0,16.0,23.0,46.5,0.0,-6.566666812818716,-53.82928251068199,-268.85431326954443,0.0,65.0,-268.85431326954443,-321.83986601765014,174.46699906442836,0.0,1496.5981,hclb
241,0.0,0.0,0.0,0.0,0.0,0.0,0.0,0.0,-0.04154417369592919,0.0,0.0,0.0,0.0,0.0,0.0,0.0,394.62369210746886,-18.743011354834806,0.0,0.0,0.0,0.0,0.0,921.4742537433352,0.0,0.0,0.0,0.0,0.0,419.96420822164947,0.0,0.0,25.31631556856289,0.0,0.0,0.0,0.0,975.2486272135066,0.0,-1000.0,987.5367478912212,0.0,0.0,0.0,0.0,0.0,0.0,0.0,0.0,-966.908569183179,0.0,0.0,0.0,0.045698591065633565,0.0,0.0,0.0,8.308834739185839,0.0,0.0,-3.6586568968215247,0.0,0.0,-3.6586568968215247,0.0,0.0,0.0,0.0,1000.0,-515.2870689360241,0.0,0.415441736959292,0.0,0.0,0.0,0.0,0.0,0.0,0.0,0.0,0.0,0.0,0.0,0.0,24.926504217557515,0.0,0.0,582.969340915972,187.5350319441312,526.5829260339293,-0.010386043423982298,0.0,0.0,735.0444829357226,12.463252108778757,0.0,12.463252108778757,-1.3377223930089364,21.98443455712561,0.0,0.0,2.0772086847964597,248.0183849572849,0.0,0.0,-4.765558192756964,581.5139800074868,0.0,0.0,0.0,0.0,0.0,0.0,0.0,0.0,0.0,0.0,0.0,0.0,0.0,0.0,0.0,0.0,0.0,-179.65634665585677,0.0,0.0,12.463252108778757,0.0,12.878693845738049,0.0,0.0,-1000.0,0.0,1000.0,-1000.0,-692.5558808364752,0.0,0.0,692.5558808364752,0.0,0.0,0.0,0.0,0.0,3.1989013745865456,0.04154417369592919,0.0,0.0,0.0,-276.7030185888133,-1000.0,0.0,0.0,18.417950310383652,0.0,464.7911174492165,0.0,0.0,0.0,0.0,0.0,-155.85033274550398,-155.85033274550398,0.0,0.0,0.0,-380.2083333333333,411.6088789908433,0.0,0.0,-155.80878857180804,0.0,0.0,0.0,549.9775290113728,0.0,0.0,0.0,0.0,0.0,0.0,0.0,0.0,0.0,0.0,-977.6201901937027,0.0,0.0,0.0,0.0,-1000.0,0.0,0.0,0.0,0.0,0.0,966.908569183179,0.0,-187.5350319441312,187.5350319441312,0.0,0.0,0.0,0.0,0.0,0.0,0.0,171.94582326436458,-253.3128178698505,0.0,0.0,0.0,0.0,0.0,0.0,0.0,0.0,0.0,0.0,0.0,0.0,0.0,357.1509151844535,701.405331859357,-814.5879003291184,0.0,0.0,0.0,0.0,0.0,0.0,0.0,0.0,0.0,-3.6586568968215247,-814.5879003291184,0.0,0.0,0.0,0.0,0.0,0.0,0.0,0.0,0.0,0.0,0.0,0.0,274.996995005503,650.0670588937654,395.4343089718408,0.0,814.5879003291184,0.0,0.0,0.0,50.68389190903361,0.0,0.0,0.0,393.2944126537524,0.0,0.0,-1000.0,970.1902118212117,33.05190890002738,-1000.0,-970.1902118212117,33.05190890002738,0.0,0.0,-789.247384214938,966.908569183179,0.0,115.90824461164243,0.0,0.0,0.0,492.74546660130204,0.0,-492.74546660130204,0.0,-155.89187691919983,0.0,0.0,0.0,-380.2083333333333,0.0,0.0,-3.6586568968215247,-0.06231626054389379,0.0,0.0,0.0,0.0,0.04154417369592919,0.0,0.0,0.0,987.5367478912212,394.62369210746886,0.0,-718.6253866234271,830.2584372050633,0.0,1000.0,0.0,-682.5996986900936,0.0,-4.765558192756964,0.0,0.0,0.0,-3.576953355219614,686.1766520453133,0.0,-340.3963511748803,-1000.0,0.0,0.0,0.0,0.0,0.0,0.0,0.0,0.0,0.0,0.0,0.0,0.0,0.0,0.0,0.0,0.0,0.0,-24.585196091709705,0.0,-1000.0,0.0,0.0,0.0,0.0,0.0,0.0,-3.1989013745865456,0.0,21.98443455712561,0.0,0.0,0.0,-686.1766520453133,0.0,-267.6032523626454,221.74406266201032,-1000.0,260.07463281222437,0.0,0.0,-55.93922988156865,0.0,0.0,597.6041649108819,-222.78266700440855,-2.0772086847964597,-445.887455971684,0.0,629.6550414259865,0.0,0.0,12.463252108778757,0.0,0.0,0.0,0.0,0.0,0.0,0.0,-357.1509151844535,357.1509151844535,357.1509151844535,89.45672345357113,0.0,0.0,0.0,0.0,0.0,171.94582326436458,0.0,0.0,-7.3173137936430495,0.0,968.75,0.0,0.0,0.0,0.0,0.0,-6.246958830748213,0.08308834739152156,0.0,0.0,0.0,0.0,0.0,0.0,0.0,0.0,0.0,484.71293106397593,0.0,0.0,0.0,0.0,0.0,0.0,0.0,0.0,0.0,0.045698591065633565,0.045698591065633565,0.0,444.84208044526764,0.0,24.926504217557515,0.0,0.0,0.0,352.62422261317283,0.0,0.0,0.0,0.0,0.0,323.19249761381457,-352.62422261317283,0.0,0.0,0.0,0.0,0.0,0.0,0.0,0.0,0.0,0.0,0.0,0.0,0.0,59.88544888528559,-987.5367478912212,695.1890385813265,265.5260436778489,92.4877250562352,0.0,64.79686435903318,670.2476185766894,670.2476185766894,0.0,323.19249761381457,0.0,0.0,316.94553878306635,0.0,0.0,357.1509151844535,0.0,0.0,0.0,0.0,0.0,0.0,0.0,0.0,0.0,0.0,0.0,0.0,0.0,24.926504217557515,0.0,0.0,0.0,0.0,0.0,0.0,0.0,0.0,0.0,0.0,0.0,0.0,0.415441736959292,0.0,0.0,0.0,0.0,0.0,0.0,0.0,0.0,12.463252108778757,0.0,0.0,0.0,89.28882368164867,265.5260436778489,0.0,0.0,0.0,0.0,0.0,1000.0,0.0,0.0,12.463252108778757,12.463252108778757,1000.0,-352.62422261317283,0.0,0.0,0.0,0.0,0.0,0.0,0.0,597.8123645637388,171.94582326436458,1000.0,0.04154417369592919,0.0,0.0,0.0,54.86501624743106,0.0,0.0,-735.0444829357226,0.0,0.0,0.0,0.0,0.0,0.0,0.0,0.0,0.0,0.0,0.0,0.0,0.0,0.0,0.04154417369592919,0.0,0.0,0.0,-626.9673592798156,626.9673592798156,0.0,0.0,0.0,0.0,-3.1989013745865456,21.98443455712561,-18.417950310383652,0.0,-975.4148039082903,-3.1158130271946898,-2.0772086847964597,0.0,0.0,0.0,0.0,0.0,0.0,0.0,0.0,0.0,0.0,0.0,0.0,0.0,0.0,0.0,0.0,631.732250110783,0.0,0.0,0.0,-0.04154417369592919,0.0,0.0,0.04154417369592919,0.0,0.04154417369592919,0.0,0.0,0.0,24.926504217557515,50.68389190903361,50.68389190903361,0.0,0.0,0.0,0.0,0.0,0.0,0.0,695.1890385813265,0.0,171.94582326436458,0.0,0.0,0.0,0.0,0.0,0.0,0.0,0.0,0.0,0.0,0.0,0.0,0.0,0.0,0.0,0.0,0.0,0.0,0.0,0.0,0.0,0.06231626054389379,0.0,0.0,0.0,-12.463252108778757,0.0,0.0,0.0,0.0,0.0,-444.84208044526764,2.0772086847964597,0.0,0.0,0.0,380.2083333333333,-411.6088789908433,0.0,0.0,0.0,968.75,0.0,0.0,0.0,0.0,0.0,0.0,0.0,0.0,0.0,87.69116526081416,0.0,751.8802038421406,-4.765558192756964,0.0,0.0,21.98443455712561,-21.98443455712561,18.417950310383652,0.0,0.0,2.0772086847964597,483.7195471539038,0.0,0.0,0.0,-7.3173137936430495,0.0,0.0,1000.0,-1000.0,0.0,0.0,0.0,0.0,0.0,1000.0,-28.611435860686697,50.68389190903361,0.0,0.0,0.0,0.0,0.0,0.0,0.0,0.0,0.0,0.0,0.0,0.0,425.57808366616496,-539.577947311407,-943.124011902959,0.0,12.463252108778757,0.0,0.0,0.0,0.0,125.12788427944082,0.0,0.0,0.045698591065633565,0.0,0.0,0.0,25.341945954516806,0.0,0.0,0.0,0.0,701.405331859357,0.0,581.5139800074868,0.0,0.0,0.0,0.0,0.0,0.0,0.0,0.0,710.6835265169838,0.004154417369593038,0.0,0.0,0.0,0.0,0.0,0.0,0.0,0.0,0.0,0.0,0.0,0.0,0.0,0.0,0.0,444.84208044526764,0.0,0.0,0.0,0.0,0.0,0.0,0.0,966.908569183179,0.0,0.0,0.0,0.0,0.0,0.0,-18.743011354834806,0.0,0.0,0.0,24.926504217557515,0.0,0.0,0.0,0.0,0.0,0.0,-24.926504217557515,0.0,0.0,0.0,0.0,0.0,0.0,0.0,0.0,0.0,0.0,0.0,0.0,-1000.0,505.43439834614344,28.457758981711496,0.0,-12.463252108778757,0.0,975.2486272135066,0.0,0.0,0.0,0.0,0.0,0.0,0.0,0.0,0.0,265.62499999999994,0.0,-265.62499999999994,-265.625,0.0,0.0,0.0,0.0,-5.1930217119911495,0.0,-3.1158130271946898,25.495622833492007,0.0,0.0,0.0,0.0,0.0,-128.00452832858326,127.48522615738416,25.7352641040267,0.0,0.0,0.0,0.0,0.0,0.0,0.0,1000.0,12.463252108778757,12.463252108778757,0.0,0.0,0.0,0.0,0.0,0.045698591065633565,444.84208044526764,0.0,0.0,-975.2486272135066,710.6793720996142,0.0,0.0,0.0,0.0,0.0,0.0,0.0,0.0,0.0,0.0,0.0,0.0,0.0,0.0,0.0,0.0,0.0,0.0,43.62138238072565,0.0,0.0,3.1989013745865456,0.0,0.0,0.0,444.84208044526764,0.0,-3.414931077805396,0.0,0.0,0.0,-5.1930217119911495,0.0,0.0,0.0,0.0,0.0,0.0,0.0,0.0,0.0,0.0,0.0,0.0,0.0,0.0,0.0,0.0,0.0,0.0,-0.04154417369592919,0.0,0.0,2.0772086847964597,-323.19249761381457,0.0,0.0,0.0,0.0,0.0,0.0,0.0,0.0,3.576953355219614,1.0386043423982296,0.0,0.0,0.0,0.04154417369592919,0.0,41.54417369592919,-12.878693845738049,8.308834739185839,0.29674409782806566,115.90824461164243,-0.031158130271946895,2.0772086847964597,0.830883473918584,-0.20772086847968693,-115.90824461164243,12.463252108778757,-0.04154417369592919,1.5885193975856546,0.0,0.010386043423982298,0.29674409782806566,-4.765558192756964,-6.613832452391941,-0.830883473918584,-375.880680752634,-0.04154417369592919,0.010386043423982298,-115.90824461164243,24.5598646256528,0.04154417369592919,0.04154417369592919,-444.7548376805061,0.045698591065520294,-22.032158013797222,-0.031158130271946895,12.463252108778757,0.04154417369592919,12.463252108778757,-20.772086847964594,-0.020772086847964596,-433.22784304990535,-4.195961543288848,-0.031158130271946895,-0.04154417369592919,-12.878693845738049,0.04154417369592919,4.154417369592919,-0.830883473918584,0.0,0.0,-4.15441736959292,375.880680752634,0.0,8.308834739185839,0.06231626054389379,-526.9698706598845,4.154417369592919,-59.88544888528559,0.0,-8.308834739185839,0.020772086847964596,0.415441736959292,179.65634665585677,96.0,-0.04154417369592919,-454.18951952685165,444.7548376805061,12.878693845738049,0.04154417369592919,6.613832452391941,-70.2584556911749,0.0,-0.04154417369592919,-0.010386043423982298,0.0,-0.041544173695929214,-587.760938838235,0.04154417369592919,-0.010386043423982298,-0.010386043423982298,-0.010386043423982298,16.617669478371678,20.772086847964594,0.415441736959292,353.8526931246487,-0.010386043423982298,357.7241739141279,2.0772086847964597,5.2006881001705665,0.04154417369592919,0.020772086847964596,0.020772086847964607,4.154417369592919,12.878693845738049,0.04154417369592919,-12.878693845738049,0.415441736959292,0.04154417369592919,-1000.0,0.04154417369592919,0.16617669478372443,0.20772086847968693,0.020772086847964596,0.010386043423982298,12.463252108778757,-0.04154417369592919,22.032158013797222,0.415441736959292,-707.7053862492974,1.0386043423982299,-4.154417369592919,8.308834739185839,2.0772086847964597,-0.04154417369592919,4.765558192756964,0.06231626054389379,-0.04154417369592919,-8.30883473918584,12.878693845738049,86.28316891427681,0.020772086847964596,-10.401376200341133,-0.04154417369592919,-0.04154417369592919,-0.04154417369592919,0.020772086847964596,115.90824461164243,-8.308834739185839,0.04154417369592919,359.31269331171353,-0.010386043423982298,-0.045698591065520294,-359.31269331171353,6.231626054389378,4.195961543288848,304.9650596997693,115.90824461164243,-0.031158130271946895,454.18951952685165,-96.0,0.04154417369592919,-0.010386043423982298,2.0772086847964597,41.54417369592919,-0.020772086847964596,-0.04154417369592919,0.010386043423982298,773.3005428814936,0.0,0.3661725391071877,646.1473068753513,-46.0,0.0,281.9769986622713,-31.0,20.40544725605988,2.7281111777667615,-93.0,-65.0,-526.5829260339293,-1.3640555888833807,23.0,46.5,-20.40544725605988,15.5,-444.84208044526764,-211.41105319371763,526.5829260339293,65.0,-211.41105319371763,-281.9769986622713,174.04051849192663,0.0,1496.5981,hclb
242,0.0,0.0,0.0,0.0,0.0,0.0,0.0,0.0,-0.016861808039919587,0.0,0.0,0.0,0.0,0.0,0.0,0.0,0.0,0.0,0.0,203.19899955624655,0.0,0.0,0.0,0.0,0.0,0.0,0.0,0.0,0.0,687.7538973114546,0.0,0.0,6.646962962875818,0.0,0.0,0.0,0.0,750.0977094377192,0.0,-1000.0,1000.0,0.0,0.0,0.0,0.0,0.0,0.0,0.0,-367.7188166703685,-421.4414243122858,0.0,0.0,0.0,0.018547988843934604,0.0,0.0,0.0,3.372361607983917,0.0,0.0,189.13452585496537,0.0,382.72394139407805,0.0,0.0,0.0,0.0,0.0,196.53148407091862,375.3269831781248,0.0,0.16861808039919587,0.0,0.0,0.0,0.0,0.0,0.0,0.0,0.0,0.0,0.0,0.0,0.0,10.117084823951751,0.0,0.0,0.0,894.493407352366,-788.9615219926724,-0.004215452009979897,0.0,0.0,431.72715732593406,5.058542411975876,0.0,5.058542411975876,-390.7331082533413,552.9371549154508,0.0,0.0,0.8430904019959793,687.7538973114546,0.0,0.0,-23.98039107944193,0.0,0.0,0.0,0.0,0.0,0.0,0.0,0.0,0.0,0.0,0.0,0.0,0.0,0.0,0.0,0.0,0.0,0.0,-1000.0,0.0,0.0,5.058542411975876,0.0,5.227160492375072,0.0,0.0,0.0,0.0,0.0,0.0,428.14153275095657,-968.7500000001847,968.7500000001847,-1000.0,0.0,0.0,0.0,0.0,0.0,1.2983592190738074,0.016861808039919587,0.0,0.0,0.0,-484.20204157523233,182.47987669477914,0.0,0.0,0.0,0.0,-304.28540142388647,0.0,0.0,0.0,0.0,0.0,-263.8427998142059,-263.8427998142059,0.0,0.0,0.0,0.0,786.3467588294652,0.0,0.0,-263.825938006166,0.0,0.0,0.0,-1000.0,0.0,0.0,0.0,0.0,0.0,0.0,0.0,0.0,0.0,0.0,0.0,0.0,0.0,0.0,0.0,-1000.0,0.0,0.0,0.0,0.0,0.0,421.4414243122858,0.0,105.50659264763397,-105.50659264763397,0.0,0.0,0.0,0.0,0.0,0.0,0.0,0.0,-638.7579227325207,0.0,0.0,0.0,0.0,0.0,0.0,0.0,0.0,0.0,0.0,0.0,0.0,0.0,129.38092219442873,265.46688809642103,-320.0350806410861,0.0,0.0,0.0,0.0,83.29695738796812,0.0,0.0,0.0,0.0,189.13452585496537,-320.0350806410861,0.0,0.0,178.45437652937102,0.0,0.0,0.0,0.0,0.0,0.0,0.0,0.0,0.0,-788.9868147047321,0.0,-262.2122240227345,0.0,320.0350806410861,0.0,0.0,571.8584672490434,-1.7199044200717912,0.0,0.0,0.0,18.40183385283831,0.0,0.0,-1000.0,0.0,0.0,-1000.0,0.0,0.0,1000.0,0.0,676.424408874249,421.4414243122858,0.0,-36.252512956592476,0.0,0.0,0.0,0.0,0.0,0.0,0.0,685.453603327426,571.8584672490434,0.0,0.0,0.0,0.0,0.0,189.13452585496537,-0.025292712059879378,0.0,0.0,0.0,0.0,0.016861808039919587,0.0,0.0,0.0,911.644500200056,0.0,0.0,-128.71606239122627,505.56860932790346,0.0,604.4450075988473,0.0,24.156226197988822,0.0,-23.98039107944193,0.0,0.0,0.0,-1.4518016722370992,0.0,-22.704424525751723,-1000.0,-1000.0,0.0,0.0,0.0,0.0,0.0,0.0,0.0,0.0,0.0,0.0,0.0,0.0,0.0,0.0,0.0,0.0,178.45437652937102,0.0,0.0,-1000.0,0.0,249.8348433301207,390.1901580344556,0.0,0.0,0.0,-1.2983592190738074,0.0,552.9371549154508,0.0,0.0,0.0,-1000.0,0.0,280.01920065094737,-0.42154520099798964,803.4685159290814,463.4278015780458,479.07995592785386,0.0,0.0,0.0,-280.86229105294336,1000.0,0.0,-479.92304632984985,-1000.0,0.0,-1000.0,320.55932217884174,417.1813575250088,5.058542411975876,0.0,0.0,0.0,0.0,0.0,0.0,0.0,-129.38092219442873,129.38092219442873,129.38092219442873,113.60802947145801,0.0,0.0,-949.3132649496717,0.0,0.0,0.0,0.0,0.0,-193.58941553911268,0.0,0.0,400.6135348131286,0.0,0.0,0.0,0.0,-41.31381919600804,0.03372361608012786,0.0,0.0,0.0,0.0,0.0,0.0,0.0,0.0,0.0,0.0,0.0,0.0,0.0,0.0,0.0,0.0,0.0,0.0,0.0,0.018547988843934604,0.018547988843934604,0.0,222.00856058644482,0.0,10.117084823951751,0.0,0.0,0.0,513.0509871453974,0.0,0.0,0.0,0.0,0.0,173.79600719272287,-513.0509871453974,0.0,0.0,224.82175492046326,0.0,0.0,400.6135348131286,0.0,0.0,0.0,0.0,0.0,0.0,0.0,333.3333333333333,-911.644500200056,301.7221648804532,0.0,114.21763262049377,0.0,431.72715732593406,0.0,-83.29695738796812,0.0,173.79600719272287,0.0,-863.7210777759918,996.2032657727066,-31.250000001037392,31.250000001037392,129.38092219442873,0.0,0.0,0.0,0.0,0.0,0.0,0.0,0.0,0.0,0.0,0.0,0.0,0.0,10.117084823951751,571.8584672490434,571.8584672490434,0.0,0.0,0.0,0.0,0.0,0.0,0.0,0.0,0.0,0.0,0.16861808039919587,0.0,0.0,0.0,0.0,0.0,0.0,0.0,0.0,5.058542411975876,-224.82175492046326,0.0,0.0,112.91927340141997,0.0,0.0,0.0,0.0,0.0,0.0,0.0,0.0,0.0,5.058542411975876,5.058542411975876,1000.0,-513.0509871453974,0.0,400.6135348131286,0.0,0.0,0.0,0.0,0.0,312.2461026885454,0.0,715.4964657484919,0.016861808039919587,0.0,0.0,0.0,22.2684263464338,0.0,0.0,-431.72715732593406,0.0,-571.8584672490434,0.0,0.0,0.0,0.0,0.0,0.0,0.0,0.0,0.0,0.0,0.0,0.0,0.016861808039919587,0.0,0.0,0.0,-1000.0,1000.0,0.0,0.0,0.0,249.8348433301207,0.0,941.8289537308326,0.0,0.0,-1000.0,-1.264635602993969,0.0,-0.84309040199598,0.0,0.0,0.0,0.0,0.0,0.0,0.0,0.0,0.0,0.0,0.0,571.8584672490434,0.0,0.0,0.0,-581.9755520729951,0.0,0.0,0.0,-0.016861808039919587,0.0,0.0,0.016861808039919587,0.0,0.016861808039919587,0.0,0.0,0.0,10.117084823951751,20.571405808701897,20.571405808701897,0.0,0.0,0.0,0.0,0.0,0.0,0.0,301.7221648804532,0.0,0.0,0.0,0.0,0.0,0.0,0.0,0.0,0.0,0.0,0.0,0.0,0.0,0.0,0.0,0.0,0.0,0.0,0.0,83.29695738796812,0.0,0.0,0.0,0.025292712059879378,0.0,0.0,0.0,-5.058542411975876,0.0,0.0,0.0,0.0,0.0,-222.00856058644482,0.8430904019959793,0.0,0.0,0.0,0.0,-786.3467588294652,0.0,-0.84309040199598,0.0,0.0,0.0,0.0,0.0,0.0,0.0,571.8584672490434,0.0,224.82175492046326,107.45015532620477,92.62763839201608,0.0,363.3498032724693,-23.98039107944193,0.0,-1.2983592190738074,552.9371549154508,-551.638795696377,0.0,-22.29131022877369,0.0,0.84309040199598,1000.0,0.0,0.0,0.0,-193.58941553911268,0.0,0.0,0.0,0.0,0.0,0.0,0.0,0.0,0.0,223.27319618943878,-225.80246739542673,20.571405808701897,0.0,0.0,0.0,0.0,0.0,0.0,0.0,0.0,0.0,0.0,0.0,0.0,0.0,-22.2684263464338,0.0,0.0,5.058542411975876,0.0,0.0,0.0,0.0,-300.18745410567067,0.0,0.0,0.018547988843934604,0.0,0.0,0.0,10.285702904350948,0.0,0.0,0.0,0.0,265.46688809642103,0.0,0.0,0.0,0.0,0.0,0.0,0.0,0.0,-209.8664220989557,0.0,0.0016861808039919585,0.0016861808039919585,0.0,0.0,0.0,0.0,0.0,0.0,0.0,0.0,0.0,0.0,0.0,0.0,0.0,0.0,0.0,222.00856058644482,0.0,0.0,0.0,0.0,0.0,0.0,0.0,421.4414243122858,0.0,0.0,0.0,0.0,0.0,511.90459176012706,0.0,0.0,0.0,0.0,10.1170848239517,0.0,0.0,0.0,0.0,0.0,354.3810524934744,-364.4981373174261,0.0,0.0,0.0,0.0,0.0,0.0,0.0,0.0,0.0,0.0,0.0,0.0,-715.4964657484919,0.0,11.550338507344918,-5.058542411975876,0.0,0.0,999.9325527678399,0.0,0.0,0.0,0.0,0.0,0.0,0.0,0.0,0.0,0.0,0.0,0.0,0.0,0.0,0.0,0.0,0.0,-2.107726004989949,571.8584672490434,-1.264635602993969,224.53783179243274,0.0,0.0,0.0,0.0,0.0,-800.341873351428,800.131100750929,193.58941553911268,0.0,0.0,0.0,0.0,0.0,0.0,0.0,1000.0,5.058542411975876,5.058542411975876,0.0,0.0,0.0,0.0,0.0,0.018547988843934604,222.00856058644482,0.0,0.0,-999.9325527678399,0.0,0.0,0.0,0.0,0.0,0.0,0.0,0.0,0.0,0.0,0.0,0.0,0.0,0.0,0.0,0.0,0.0,0.0,0.0,17.704898441915564,1.2983592190738074,0.0,0.0,0.0,0.0,0.0,222.00856058644482,0.0,-0.5429502188857214,0.0,0.0,0.0,-2.107726004989949,0.0,0.0,0.0,0.0,0.0,0.0,0.0,0.0,0.0,0.0,0.0,0.0,0.0,0.0,0.0,0.0,0.0,0.0,-0.016861808039919587,0.0,0.0,0.8430904019959793,-173.79600719272287,0.0,0.0,0.0,0.0,571.8584672490434,0.0,0.0,0.0,1.4518016722370992,0.42154520099798964,0.0,0.0,0.0,0.016861808039919587,0.0,16.861808039919584,-5.227160492375072,3.372361607983917,0.12044148599942561,47.044444431375645,-0.012646356029939689,0.8430904019960004,0.33723616079839175,-0.08430904020005385,-47.044444431375645,5.058542411975876,-0.016861808039919587,7.9934636931473095,400.6135348131286,0.004215452009979897,0.12044148599942561,-23.98039107944193,-2.6843998399555087,-0.33723616079839175,-203.19899955624655,-0.016861808039919587,0.004215452009979897,-47.044444431375645,1.6861808039919586,0.016861808039919587,0.016861808039919587,-221.97315078956098,0.018547988843911546,0.0,-0.012646356029939689,5.058542411975876,0.016861808039919587,5.058542411975876,-8.430904019959794,-0.008430904019959794,352.2461835827703,-85.0,-0.012646356029939689,-0.016861808039919587,-5.227160492375072,0.016861808039919587,1.6861808039919586,-0.33723616079839175,83.29695738796812,83.29695738796812,-1.6861808039919586,203.19899955624655,-83.29695738796812,3.372361607983917,0.025292712059879378,-975.8557849080594,1.6861808039919586,-333.3333333333333,400.6135348131286,-3.372361607983917,0.008430904019959794,0.16861808039919587,32.17901559780657,96.0,-0.016861808039919587,-225.80246739542673,221.97315078956098,5.227160492375072,0.016861808039919587,2.6843998399555087,380.37936516522507,400.6135348131286,-0.016861808039919587,-0.004215452009979897,-400.6135348131286,-0.016861808039919587,-41.31381919600804,0.016861808039919587,-0.004215452009979897,-0.004215452009979897,-0.004215452009979897,6.744723215967834,8.430904019959794,0.16861808039919587,12.492492031577228,-0.004215452009979897,56.364567502465825,0.8430904019959793,21.5,0.016861808039919587,0.008430904019959794,0.008430904019959794,-83.93628541396549,5.227160492375072,0.016861808039919587,-5.227160492375072,0.16861808039919587,0.016861808039919587,-12.492492031577228,0.016861808039919587,0.06744723216013426,0.08430904020005385,0.008430904019959794,0.004215452009979897,5.058542411975876,-0.016861808039919587,0.0,0.16861808039919587,-24.984984063154457,0.42154520099796855,-1.6861808039919586,3.372361607983917,0.8430904019959793,-0.016861808039919587,23.98039107944193,0.025292712059879378,-0.016861808039919587,167.87257082793099,5.227160492375072,402.88490058403454,0.008430904019959794,-43.0,-0.016861808039919587,-0.016861808039919587,-0.016861808039919587,0.008430904019959794,47.044444431375645,-3.372361607983917,0.016861808039919587,64.35803119561314,-0.004215452009979897,-0.018547988843911546,-64.35803119561314,2.5292712059879374,85.0,753.092299026104,47.044444431375645,-0.012646356029939689,225.80246739542673,-96.0,0.016861808039919587,-0.004215452009979897,0.84309040199598,16.861808039919584,-0.008430904019959794,-0.016861808039919587,0.004215452009979897,0.0,0.0,764.8088759967118,0.0,-46.0,0.0,155.9299214385677,-31.0,0.0,-32.0,-93.0,-65.0,-211.03847800732763,16.0,23.0,46.5,0.0,15.5,-222.00856058644482,-102.69744647836384,211.03847800732763,65.0,-102.69744647836384,-155.9299214385677,-113.06781226532466,0.0,1496.5981,hclb
243,0.0,0.0,0.0,0.0,0.0,0.0,0.0,0.0,180.8451995470666,0.0,0.0,0.0,0.0,0.0,0.0,0.0,-453.23976028420947,1000.0,0.0,33.01892075567874,0.0,0.0,0.0,0.0,0.0,0.0,0.0,0.0,0.0,839.179885097618,0.0,0.0,0.0,0.0,0.0,0.0,0.0,132.494615528441,0.0,-1000.0,1000.0,0.0,-414.6218468641639,890.2394913766701,0.0,0.0,0.0,0.0,-690.8014630542426,-560.1583914857135,0.0,0.0,0.0,0.02987384904754056,0.0,0.0,0.0,0.0,0.0,0.0,-41.379661025740525,0.0,41.379661025740525,0.0,0.0,0.0,0.0,0.0,924.9844800518762,-407.08355970805815,0.0,0.2715804458864882,0.0,0.0,0.0,0.0,0.0,0.0,0.0,0.0,0.0,0.0,-77.18278970691811,0.0,16.29482675318929,0.0,0.0,0.0,0.0,723.8203838099213,502.97932502733914,0.0,0.0,0.0,8.147413376594645,0.0,8.147413376594645,0.0,0.0,0.0,0.0,934.4293630441788,839.179885097618,0.0,0.0,-12.75130575799243,0.0,0.0,0.0,0.0,0.0,0.0,0.0,0.0,0.0,0.0,0.0,0.0,0.0,0.0,0.0,0.0,0.0,0.0,-403.49894555664093,0.0,0.0,8.147413376594645,0.0,8.418993822481132,8.418993822481132,0.0,0.0,0.0,0.0,0.0,0.0,1000.0,-1000.0,0.0,0.0,0.0,0.0,0.0,0.0,79.27395914024407,0.027158044588648816,502.98611453848633,0.0,0.0,0.0,0.0,0.0,0.0,77.18278970691811,0.0,-310.5202562534109,0.0,0.0,0.0,0.0,0.0,443.5907667563117,443.5907667563117,0.0,0.0,0.0,0.0,0.0,0.0,0.0,443.61792480090037,0.0,0.0,0.0,0.0,-331.02257661235103,0.0,0.0,0.0,0.0,0.0,0.0,0.0,0.0,0.0,0.0,0.0,0.0,0.0,0.0,-1000.0,0.0,0.0,0.0,0.0,0.0,560.1583914857135,414.6218468641639,-723.8203838099213,723.8203838099213,0.0,0.0,0.0,0.0,0.0,0.0,0.0,0.0,-943.8263644913109,0.0,0.0,0.0,0.0,0.0,0.0,0.0,0.0,0.0,0.0,0.0,0.0,0.0,173.92136782954486,-19.835941665746667,-109.76050862332988,0.0,0.0,0.0,0.0,82.25703749654647,0.0,0.0,0.0,0.0,-41.379661025740525,-1000.0,0.0,0.0,0.0,0.0,0.0,0.0,0.0,0.0,0.8744890357544506,5.431608917729764,0.0,0.0,-382.71296935142743,-73.51443240567008,-1000.0,0.0,109.76050862332988,0.0,0.0,0.0,142.89332302148145,0.0,0.0,0.0,345.5710169722562,0.0,0.0,-305.9480299368921,593.7500000001705,593.7500000001705,-899.6980299370626,0.0,0.0,-723.8203838099213,0.0,1000.0,560.1583914857135,0.0,10.351894550745982,0.0,0.0,0.0,0.0,0.0,0.0,0.0,443.5636087117231,0.0,0.0,-872.0257836135468,0.0,0.0,0.0,-41.379661025740525,-0.04073706688297323,0.0,0.0,0.0,0.0,0.027158044588648816,0.0,0.0,0.0,908.7210600911045,-453.23976028420947,0.0,-8.500870505328287,23.846260630330384,331.02257661235103,933.5790222943244,0.0,0.0,0.0,-12.75130575799243,0.0,0.0,0.0,-2.33830763908269,0.0,2.33830763908269,-1000.0,-1000.0,0.0,0.0,0.0,0.0,0.0,0.0,0.0,0.0,0.0,0.0,0.0,0.0,0.0,0.0,0.0,0.0,0.0,-419.13221321407025,0.0,-1000.0,77.18278970691811,623.7102806244851,0.0,72.91613617181054,0.0,0.0,-80.14844817599852,0.0,0.0,0.0,0.0,933.0714608147464,0.0,-93.75000000000009,0.0,0.0,-924.9844800518762,0.0,0.0,-136.73032136599574,97.8237066882974,93.75000000000009,-504.3517007227109,974.1051641235351,-0.6789511147162205,-1.357902229432441,0.0,0.0,500.2481913611963,0.0,0.0,8.147413376594645,0.0,0.0,0.0,160.28821119067402,0.0,180.87235759165526,0.0,-173.92136782954486,173.92136782954486,173.92136782954486,-62.26336348962143,0.0,0.0,0.0,0.0,0.0,0.0,0.0,0.0,-82.75932205148105,0.0,281.24999999956657,74.56839108227024,0.0,0.0,0.0,0.0,-27.983355042341312,0.05431608917729136,0.0,0.0,0.0,0.0,0.0,0.0,0.0,0.0,0.0,517.900920343818,0.0,0.0,0.0,0.0,0.0,0.0,0.0,0.0,0.0,0.02987384904754056,0.02987384904754056,0.0,264.4897589118151,0.0,16.29482675318929,0.0,311.53612723627396,0.0,1000.0,0.0,339.38800101666476,0.0,0.0,0.0,167.30935779811443,-1000.0,0.0,0.0,0.0,0.0,0.0,74.56839108227024,0.0,0.0,0.0,0.0,0.0,0.0,0.0,134.49964851888032,-908.7210600911045,0.0,0.0,2.0911694333259576,0.0,0.0,0.0,-82.25703749654647,0.0,-592.9555222317396,0.0,139.32600275577312,0.0,0.0,0.0,173.92136782954486,0.0,0.0,0.0,0.0,0.0,0.0,0.0,0.0,0.0,0.0,0.0,0.0,0.0,16.29482675318929,0.0,0.0,0.0,0.0,0.0,0.0,0.0,0.0,0.0,0.0,0.0,0.0,0.2715804458864882,0.0,0.0,0.0,0.0,0.0,414.6218468641639,0.0,0.0,8.147413376594645,0.0,0.0,0.0,0.0,0.0,0.0,0.0,0.0,0.0,0.0,153.18622192057933,280.2435921482203,0.0,8.147413376594645,8.147413376594645,1000.0,-1000.0,0.0,74.56839108227024,0.0,0.0,0.0,0.0,0.0,609.6274083838335,0.0,1000.0,0.027158044588648816,0.0,0.0,-732.1214288800871,734.3115311901289,2.2948491392100725,0.0,0.0,0.0,0.0,0.0,0.0,0.0,0.0,58.481913848450304,0.0,0.0,0.0,0.0,0.0,0.0,0.0,0.027158044588648816,0.0,0.0,0.0,0.0,0.0,0.0,0.0,0.0,623.7102806244851,0.0,886.5208634868593,0.0,-966.6693116628578,-580.8677867859298,-2.0368533441486614,-1.357902229432442,0.0,0.0,0.0,0.0,0.0,0.0,0.0,0.0,0.0,0.0,0.0,0.0,0.0,331.02257661235103,0.0,0.0,501.60609359062875,0.0,0.0,0.0,180.8451995470666,0.0,0.0,0.027158044588648816,0.0,0.027158044588648816,175.44574154535093,0.0,0.0,16.29482675318929,33.13281439815156,33.13281439815156,0.0,0.0,0.0,0.0,0.0,0.0,0.0,0.0,0.0,0.0,0.0,0.0,0.0,0.0,0.0,0.0,0.0,0.0,0.0,0.0,0.0,0.0,0.0,0.0,0.0,0.0,0.0,82.25703749654647,0.0,0.0,0.0,0.04073706688297323,0.0,0.0,0.0,-8.147413376594645,0.0,0.0,0.0,0.0,0.0,-264.4897589118151,1.357902229432441,0.0,0.0,0.0,0.0,0.0,80.14844817599852,0.0,0.0,281.24999999956657,0.0,0.0,0.0,0.0,0.0,0.0,0.0,0.0,425.74116765452334,90.56839108227024,0.0,59.56839108227024,-10.456456618782358,0.0,0.0,966.6693116628578,-966.6693116628578,77.18278970691811,109.76050862332988,311.53612723627396,1.357902229432442,1000.0,0.0,0.0,0.0,-82.75932205148105,0.0,0.0,0.0,0.0,0.0,0.0,0.0,0.0,0.0,266.52661225596376,-270.6003189442611,33.13281439815156,0.0,0.0,0.0,0.0,0.0,0.0,0.0,0.0,0.0,0.8744890357544506,0.0,0.0,0.0,-520.0910226538598,0.0,-414.6218468641639,8.147413376594645,0.0,0.0,0.0,0.0,-294.50490684203635,0.0,0.0,0.02987384904754056,0.0,0.0,0.0,16.56640719907578,0.0,0.0,0.0,0.0,-19.835941665746667,0.0,0.0,0.0,0.0,0.0,0.0,0.0,0.0,0.0,0.0,0.0027158044588649595,0.0027158044588649595,0.0,0.0,0.0,0.0,0.0,175.44574154535093,0.0,0.0,0.0,-732.1214288800871,0.0,0.0,0.0,0.0,0.0,264.4897589118151,0.0,0.0,0.0,0.0,0.0,0.0,0.0,560.1583914857135,0.0,0.0,0.0,0.0,0.0,-149.640216002819,1000.0,0.0,0.0,0.0,16.29482675318929,0.0,0.0,0.0,0.0,0.0,0.0,-16.29482675318929,0.0,0.0,0.0,0.0,0.0,0.0,0.0,0.0,0.0,0.0,0.0,0.0,-1000.0,448.80729348145155,18.60326054322444,0.0,-8.147413376594645,0.0,580.7591546075752,0.0,0.0,0.0,0.0,0.0,0.0,0.0,0.0,0.0,0.0,0.0,0.0,0.0,0.0,0.0,0.0,311.53612723627396,-3.3947555735811035,0.0,-935.108314158895,268.5634656001124,0.0,0.0,0.0,0.0,0.0,0.0,-0.33947555735811025,159.94211175839916,0.0,0.0,0.0,0.0,0.0,0.0,0.0,1000.0,8.147413376594645,8.147413376594645,0.0,0.0,0.0,0.0,0.0,0.02987384904754056,264.4897589118151,0.0,0.0,-756.204896152926,0.0,0.0,0.0,0.0,0.0,0.0,0.0,0.0,0.0,0.0,0.0,0.0,0.0,0.0,87.72287077267546,0.0,0.0,8.418993822481132,0.0,28.51594681808126,0.0,0.0,2.0911694333259576,0.0,0.0,0.0,264.4897589118151,0.0,-81.50635040543096,0.0,0.0,0.0,-3.3947555735811035,0.0,0.0,0.0,0.0,0.0,0.0,0.0,0.0,0.0,0.0,0.0,0.0,0.0,0.0,0.0,0.0,0.0,0.0,-0.027158044588648816,0.0,0.0,1.357902229432441,-167.30935779811443,0.0,0.0,0.0,0.0,0.0,0.0,0.0,0.0,2.33830763908269,0.6789511147162205,0.0,0.0,0.0,0.027158044588648816,0.0,27.158044588648817,0.0,5.431608917729764,0.193986032776063,92.60893204729246,-0.020368533441486616,504.3517007227109,0.5431608917729764,175.30995132240764,-92.60893204729246,8.147413376594645,-0.02715804458864882,4.250435252664143,74.56839108227024,0.006789511147162205,0.193986032776063,-12.75130575799243,-4.32356069851285,-0.5431608917729764,-579.7791604714691,-0.02715804458864882,0.006789511147162205,-92.60893204729246,2.715804458864882,0.02715804458864882,0.027158044588648816,-264.4327270181789,0.02987384904751378,-0.18589438714634454,-0.020368533441486616,8.147413376594645,0.02715804458864882,8.147413376594645,-13.57902229432441,-0.01357902229432441,336.2087621565421,-85.0,-0.020368533441486616,-0.02715804458864882,0.0,0.027158044588648816,2.715804458864882,-0.5431608917729764,82.25703749654647,82.25703749654647,-2.715804458864882,579.7791604714691,-82.25703749654647,5.431608917729764,0.04073706688297323,-737.4645877721614,2.715804458864882,-134.49964851888032,74.56839108227024,-5.431608917729764,0.01357902229432441,0.2715804458864882,2.1252176263320717,96.0,-0.027158044588648816,-270.6003189442611,264.4327270181789,8.418993822481132,0.02715804458864882,4.32356069851285,41.97873757589181,74.56839108227024,-0.027158044588648816,-0.006789511147162205,-74.56839108227024,-0.02715804458864882,-27.983355042341312,0.02715804458864882,-0.006789511147162205,-0.006789511147162205,-0.006789511147162205,10.863217835459528,13.57902229432441,0.2715804458864882,346.74714418974384,-0.006789511147162205,0.0,1.357902229432441,15.349579750603096,0.027158044588648816,0.01357902229432441,0.01357902229432441,40.0,0.0,0.027158044588648816,0.0,0.2715804458864882,0.02715804458864882,-1000.0,0.02715804458864882,0.10863217835458272,-175.30995132240764,0.01357902229432441,0.006789511147162205,8.147413376594645,-0.02715804458864882,0.18589438714634454,0.2715804458864882,-693.4942883794877,503.6727496079947,-2.715804458864882,5.431608917729764,1.357902229432441,-0.02715804458864882,12.75130575799243,0.04073706688297323,-0.02715804458864882,-80.0,0.0,435.9148926982142,0.01357902229432441,-30.699159501206193,-0.02715804458864882,-0.02715804458864882,-0.02715804458864882,0.01357902229432441,92.60893204729246,-5.431608917729764,0.027158044588648816,4.250435252664143,-0.006789511147162205,-0.02987384904751378,-4.250435252664143,4.073706688297323,85.0,599.0088707623632,92.60893204729246,-0.020368533441486616,270.6003189442611,-96.0,0.02715804458864882,-0.006789511147162206,1.357902229432442,27.158044588648817,-0.01357902229432441,-0.02715804458864882,0.006789511147162205,0.0,0.0,737.451008749867,653.2528558102562,-46.0,0.0,493.26449223251694,-11.056649404191523,0.0,-32.0,-93.0,-65.0,0.0,16.0,23.0,46.5,0.0,5.5283247020957615,-264.4897589118151,-141.40998585617783,0.0,65.0,-141.40998585617783,-493.26449223251694,224.28497509888012,0.0,1496.5981,hclb
244,0.0,0.0,0.0,0.0,0.0,0.0,0.0,0.0,-0.048855913873440744,0.0,0.0,0.0,0.0,0.0,0.0,0.0,-758.4813574835337,913.2284956198632,0.0,0.0,0.0,0.0,0.0,1000.0,0.0,53.79133232059121,0.0,0.0,0.0,-200.34000631471508,0.0,0.0,9.364165866549762,0.0,0.0,0.0,0.0,-235.21600153372472,0.0,-1000.0,1000.0,0.0,0.0,329.4668012606428,0.0,0.0,0.0,0.0,629.354562537606,-821.1547163526384,0.0,0.0,0.0,0.05374150526085941,0.0,0.0,0.0,0.0,0.0,0.0,44.71123886855358,0.0,-168.34635700698507,-270.676567189455,0.0,0.0,0.0,0.0,141.59420958800567,-141.59420958800567,0.0,0.4885591387344075,0.0,0.0,0.0,0.0,0.0,0.0,0.0,0.0,0.0,0.0,-177.64588613368187,0.0,29.31354832406445,0.0,0.0,-116.54439094240492,-145.49724834008282,931.235349076239,-0.012213978468360188,0.0,0.0,-963.2624487137014,14.656774162032224,0.0,14.656774162032224,0.0,0.0,0.0,0.0,2.4427956936720374,-200.34000631471508,0.0,0.0,0.0,0.0,0.0,0.0,0.0,0.0,0.0,0.0,0.0,0.0,0.0,0.0,0.0,0.0,0.0,0.0,0.0,0.0,0.0,-824.9510226959512,0.0,0.0,14.656774162032224,0.0,15.145333300766634,0.0,0.0,-41.89423247331988,41.89423247331988,0.0,0.0,826.3051683895828,-843.7500000000528,843.7500000000528,-973.3466174406063,0.0,0.0,0.0,0.0,0.0,181.4077915019368,0.048855913873440744,0.0,0.0,0.0,528.5177692617021,-528.5177692617021,0.0,0.0,177.64588613368187,0.0,205.4896812100654,0.0,0.0,0.0,0.0,0.0,537.3581763886548,537.3581763886548,0.0,0.0,0.0,0.0,-194.31576155706026,0.0,0.0,537.4070323025283,0.0,0.0,0.0,-423.5960534326415,0.0,0.0,0.0,0.0,0.0,0.0,0.0,0.0,0.0,0.0,0.0,0.0,0.0,0.0,0.0,-354.3129399175349,0.0,0.0,0.0,0.0,0.0,821.1547163526384,0.0,-512.810171595201,512.810171595201,101.8659321534447,0.0,0.0,0.0,0.0,0.0,0.0,0.0,-950.8781720088682,0.0,0.0,0.0,0.0,0.0,0.0,0.0,0.0,0.0,0.0,0.0,0.0,0.0,357.7633769606348,24.020940028581986,329.4668012606428,0.0,0.0,0.0,45.17551689757887,80.06555269878248,0.0,0.0,0.0,0.0,44.71123886855358,0.0,0.0,0.0,0.0,0.0,0.0,0.0,0.0,0.0,1.5731604267244848,9.77118277468815,0.0,0.0,172.68070772189517,539.9936309770134,0.0,0.0,-329.4668012606428,0.0,0.0,147.04144905102356,-447.28877946216323,0.0,0.0,0.0,356.63967997276643,0.0,0.0,-1000.0,0.0,343.07124035666675,-1000.0,0.0,343.07124035666675,-658.3074199352839,0.0,-112.39184757053863,821.1547163526384,0.0,-45.62348514532749,0.0,0.0,0.0,0.0,0.0,0.0,0.0,1000.0,0.0,45.17551689757887,0.0,0.0,0.0,0.0,44.71123886855358,-0.07328387081016113,0.0,0.0,0.0,0.0,0.048855913873440744,0.0,0.0,0.0,156.15152047655098,-758.4813574835337,0.0,-705.9522097004967,160.63759576206212,0.0,899.2524400391414,0.0,550.8598102380766,0.0,0.0,0.0,0.0,0.0,883.2044614700644,-434.06427170814106,-1000.0,200.34000631471508,-1000.0,0.0,0.0,0.0,0.0,0.0,0.0,0.0,0.0,0.0,0.0,0.0,0.0,0.0,0.0,0.0,0.0,0.0,-1000.0,0.0,-764.979422121769,177.64588613368187,0.0,0.0,0.0,0.0,0.0,-182.98095192866128,0.0,0.0,0.0,0.0,0.0,0.0,0.0,0.0,165.94352255241452,292.4700621201356,0.0,-743.5714860184613,-270.30682295469273,317.111379269537,0.0,-2.4427956936720374,0.0,-167.16492039925055,741.1286903247893,0.0,0.0,-325.83924211978365,0.0,0.0,14.656774162032224,-406.2500000019398,406.2500000019398,0.0,0.0,0.0,0.0,0.0,-357.7633769606348,357.7633769606348,357.7633769606348,83.22881722531184,0.0,0.0,-462.6906795252187,0.0,0.0,0.0,0.0,0.0,-57.61897131391629,0.0,0.0,115.40433412289072,0.0,0.0,0.0,0.0,9.364165866549762,0.09771182774693443,0.0,0.0,0.0,0.0,0.0,0.0,0.0,0.0,0.0,0.0,0.0,0.0,0.0,0.0,0.0,0.0,0.0,0.0,0.0,0.05374150526085941,0.05374150526085941,0.0,443.99219418594663,0.0,29.31354832406445,0.0,0.0,0.0,1000.0,0.0,0.0,0.0,0.0,0.0,325.4254336298603,-1000.0,0.0,0.0,0.0,0.0,0.0,115.40433412289072,0.0,0.0,0.0,0.0,0.0,0.0,0.0,274.98367423198374,-156.15152047655098,0.0,0.0,3.7619053682549293,0.0,-963.2624487137014,0.0,-181.9314848522272,0.0,325.4254336298603,0.0,0.0,334.7895994964101,0.0,0.0,357.7633769606348,0.0,0.0,0.0,0.0,0.0,0.0,0.0,0.0,0.0,0.0,0.0,0.0,0.0,29.31354832406445,147.04144905102356,147.04144905102356,0.0,0.0,0.0,0.0,0.0,0.0,0.0,0.0,0.0,0.0,0.4885591387344075,0.0,0.0,0.0,0.0,0.0,0.0,0.0,0.0,14.656774162032224,0.0,0.0,0.0,0.0,0.0,0.0,0.0,0.0,0.0,0.0,567.4657065276159,1000.0,0.0,14.656774162032224,14.656774162032224,1000.0,-1000.0,0.0,115.40433412289072,0.0,0.0,0.0,0.0,0.0,-1000.0,0.0,-534.87426469671,0.048855913873440744,0.0,0.0,0.0,64.52121368614614,0.0,0.0,963.2624487137014,0.0,0.0,0.0,0.0,0.0,0.0,0.0,0.0,0.0,0.0,0.0,0.0,0.0,0.0,0.048855913873440744,0.0,0.0,0.0,0.0,0.0,0.0,0.0,0.0,0.0,-624.3911473708321,441.4101954421708,0.0,0.0,235.02057787823108,-3.664193540508056,-2.4427956936720374,0.0,0.0,-890.6249999999999,-890.6249999999999,890.625,0.0,0.0,0.0,0.0,0.0,0.0,0.0,147.04144905102356,0.0,0.0,0.0,-323.3964464261116,0.0,0.0,0.0,-0.048855913873440744,0.0,0.0,0.048855913873440744,0.0,0.048855913873440744,0.0,0.0,0.0,29.31354832406445,59.60421492559772,59.60421492559772,0.0,0.0,0.0,0.0,0.0,0.0,0.0,0.0,0.0,0.0,0.0,0.0,0.0,887.4109556545677,0.0,0.0,0.0,0.0,0.0,0.0,0.0,0.0,0.0,0.0,0.0,0.0,0.0,181.9314848522272,0.0,-53.79133232059121,53.79133232059121,0.07328387081016113,0.0,0.0,0.0,-14.656774162032224,0.0,0.0,0.0,0.0,0.0,-443.99219418594663,2.4427956936720374,0.0,0.0,0.0,0.0,194.31576155706026,-2.4427956936720374,0.0,0.0,0.0,0.0,0.0,0.0,0.0,0.0,147.04144905102356,0.0,0.0,1000.0,86.22881722531184,0.0,55.22881722531185,0.0,0.0,438.96739974849874,0.0,-438.96739974849874,177.64588613368187,-506.89299438776095,0.0,2.4427956936720374,810.1166051394848,0.0,0.0,0.0,-57.61897131391629,0.0,0.0,1000.0,-1000.0,0.0,0.0,0.0,0.0,0.0,-7.328387081016217,0.0,59.60421492559772,0.0,0.0,0.0,0.0,0.0,0.0,0.0,0.0,0.0,1.5731604267244848,0.0,0.0,454.9847748074709,-64.52121368614614,-1000.0,0.0,14.656774162032224,0.0,0.0,0.0,0.0,113.78597807164005,0.0,0.0,0.05374150526085941,0.0,0.0,0.0,29.80210746279886,0.0,0.0,0.0,0.0,24.020940028581986,0.0,0.0,0.0,0.0,0.0,0.0,0.0,0.0,-606.085772375983,0.0,660.9609888370627,0.004885591387344235,0.0,0.0,0.0,0.0,0.0,0.0,0.0,0.0,0.0,0.0,0.0,0.0,0.0,0.0,0.0,443.99219418594663,0.0,0.0,0.0,0.0,0.0,0.0,0.0,821.1547163526384,0.0,0.0,0.0,0.0,-1000.0,0.0,913.2284956198632,0.0,0.0,0.0,29.31354832406445,0.0,0.0,0.0,0.0,0.0,-129.72418654205472,100.41063821799028,0.0,0.0,0.0,0.0,0.0,0.0,0.0,0.0,0.0,0.0,0.0,0.0,534.87426469671,-1000.0,920.8772566578747,-486.3091473665361,471.6523732045039,0.0,-235.21600153372472,0.0,0.0,0.0,0.0,0.0,0.0,0.0,0.0,0.0,0.0,0.0,0.0,0.0,0.0,0.0,0.0,0.0,-6.106989234180105,147.04144905102356,-3.664193540508056,883.7467621140596,0.0,0.0,0.0,0.0,0.0,0.0,-0.6106989234180094,235.26485744759816,0.0,0.0,0.0,0.0,0.0,0.0,0.0,1000.0,14.656774162032224,14.656774162032224,0.0,0.0,0.0,0.0,0.0,0.05374150526085941,443.99219418594663,0.0,0.0,235.21600153372472,660.9561032456753,0.0,0.0,0.0,0.0,0.0,0.0,0.0,0.0,0.0,0.0,0.0,0.0,0.0,0.0,0.0,0.0,0.0,0.0,51.29870956711279,3.7619053682549293,0.0,0.0,0.0,0.0,0.0,443.99219418594663,0.0,0.0,0.0,0.0,0.0,-6.106989234180105,0.0,0.0,0.0,0.0,0.0,0.0,0.0,0.0,0.0,0.0,0.0,0.0,0.0,0.0,0.0,0.0,0.0,0.0,-0.048855913873440744,0.0,0.0,2.4427956936720374,-325.4254336298603,0.0,0.0,0.0,0.0,147.04144905102356,0.0,0.0,0.0,-883.2044614700644,1.2213978468360187,0.0,0.0,53.79133232059121,0.048855913873440744,0.0,48.85591387344075,-15.145333300766634,9.77118277468815,0.3489708133817196,136.3079997068997,-0.03664193540508057,2.4427956936720374,0.977118277468815,-0.24427956936708223,-136.3079997068997,14.656774162032224,-0.04885591387344074,0.0,115.40433412289072,0.012213978468360188,0.34897081338171965,0.0,-7.777861488651467,-0.977118277468815,-154.74713813632957,-0.04885591387344074,0.012213978468360188,-136.3079997068997,4.885591387344075,0.04885591387344074,0.048855913873440744,-443.8895967668123,0.053741505260832934,0.0,-0.03664193540508057,14.656774162032224,0.04885591387344074,14.656774162032224,-24.427956936720374,-0.024427956936720376,-205.4896812100654,-85.0,-0.03664193540508057,-0.04885591387344074,-15.145333300766634,0.048855913873440744,4.885591387344075,-0.977118277468815,181.9314848522272,181.9314848522272,-4.885591387344075,154.74713813632957,-181.9314848522272,9.771182774688148,0.07328387081016113,557.0636077859135,4.885591387344075,-274.98367423198374,115.40433412289072,-9.77118277468815,0.024427956936720376,0.4885591387344075,176.48805242512418,96.0,-0.048855913873440744,-454.9847748074709,443.8895967668123,15.145333300766634,0.04885591387344074,7.777861488651467,56.77723747476159,115.40433412289072,-0.048855913873440744,-0.012213978468360188,-115.40433412289072,-0.04885591387344074,9.364165866549762,0.04885591387344074,-0.012213978468360188,-0.012213978468360188,-0.012213978468360188,19.5423655493763,24.427956936720374,0.4885591387344075,36.19612519098541,-0.012213978468360188,352.97610485024836,2.4427956936720374,-2.2392872396028434,0.048855913873440744,0.024427956936720376,0.02442795693672037,40.0,15.145333300766634,0.048855913873440744,-15.145333300766634,0.4885591387344075,0.04885591387344074,-36.19612519098541,0.04885591387344074,0.1954236554936415,0.24427956936708223,0.024427956936720376,0.012213978468360188,14.656774162032224,-0.048855913873440744,0.0,0.4885591387344075,-72.39225038197083,1.2213978468360187,-4.885591387344075,9.77118277468815,2.4427956936720374,-0.04885591387344074,0.0,0.07328387081016113,-0.04885591387344074,-80.0,15.145333300766634,56.903319138545726,0.024427956936720372,4.47857447920569,-0.04885591387344074,-0.04885591387344074,-0.048855913873440744,0.02442795693672037,136.3079997068997,-9.77118277468815,0.048855913873440744,352.97610485024836,-0.012213978468360188,-0.053741505260832934,-352.97610485024836,7.328387081016111,85.0,-783.6681297507041,136.3079997068997,-0.03664193540508057,454.9847748074709,-96.0,0.04885591387344074,-0.012213978468360188,2.4427956936720374,48.85591387344075,-0.024427956936720376,-0.04885591387344074,0.012213978468360188,919.462781627679,0.0,-830.0159648838054,0.0,-46.0,0.0,309.1764739128521,-10.443881563152864,0.0,-32.0,-93.0,-65.0,-272.92792914095514,16.0,23.0,46.5,0.0,5.221940781576432,-443.99219418594663,-170.68929721018577,272.92792914095514,65.0,-170.68929721018577,-309.1764739128521,123.75682252537321,0.0,1496.5981,hclb
245,0.0,0.0,0.0,0.0,0.0,0.0,0.0,0.0,-0.010848059644553548,0.0,0.0,0.0,0.0,0.0,0.0,0.0,203.08360754169303,380.6330901471636,0.0,0.0,0.0,0.0,0.0,0.0,0.0,0.0,0.0,0.0,0.0,-320.728167793544,67.97951571837797,-67.97951571837797,284.8471643815002,0.0,0.0,0.0,0.0,999.9566077614218,0.0,-1000.0,996.745582106634,0.0,0.0,0.0,0.0,0.0,0.0,0.0,0.0,0.0,0.0,-777.8650037887267,0.0,0.011932865609019632,0.0,0.0,0.0,2.1696119289107094,0.0,0.0,-161.80333467689914,0.0,228.9338825525054,67.13054787560625,0.0,0.0,0.0,0.0,784.667890611662,-784.667890611662,0.0,0.10848059644553548,0.0,0.0,0.0,0.0,0.0,0.0,0.0,0.0,0.0,0.0,0.0,0.0,6.50883578673213,0.0,138.1881436514095,191.1342957920838,-406.1098647869851,817.7436553533382,-0.002712014911138387,0.0,0.0,228.76351512281755,3.2544178933660644,0.0,3.254417893366065,0.0,0.0,0.0,0.0,0.5424029822276774,-1000.0,0.0,0.0,-9.382350792349778,0.0,0.0,0.0,0.0,0.0,0.0,0.0,0.0,0.0,0.0,0.0,0.0,0.0,0.0,0.0,0.0,0.0,0.0,-315.6661993390649,0.0,0.0,3.254417893366065,0.0,3.3628984898115992,3.3628984898115992,0.0,-1000.0,1000.0,0.0,0.0,0.0,0.0,0.0,0.0,0.0,0.0,0.0,0.0,0.0,139.02344424404012,0.010848059644553548,0.0,0.0,0.0,0.0,0.0,0.0,0.0,0.0,0.0,158.1021631936181,0.0,0.0,0.0,0.0,0.0,922.3458615816716,922.3458615816716,0.0,0.0,0.0,0.0,0.0,0.0,0.0,990.3362253596941,0.0,0.0,0.0,0.0,-468.428392473616,0.0,0.0,0.0,0.0,0.0,0.0,0.0,0.0,0.0,-979.1966260343784,0.0,0.0,0.0,0.0,-214.83833369947902,0.0,0.0,0.0,0.0,0.0,0.0,777.8650037887267,-411.6337905663531,411.6337905663531,0.0,0.0,0.0,0.0,0.0,0.0,0.0,679.271832206456,-1000.0,0.0,0.0,0.0,0.0,0.0,0.0,0.0,0.0,0.0,0.0,0.0,0.0,0.0,359.84647864660894,-38.660776142178584,-660.2204435368757,0.0,0.0,0.0,0.0,83.90434597590009,0.0,0.0,0.0,0.0,-161.80333467689914,-660.2204435368757,67.97951571837797,0.0,0.0,0.0,0.0,0.0,0.0,0.0,68.32882323893239,0.0,0.0,0.0,611.5239812095343,617.0479069889025,557.3655090144573,0.0,660.2204435368757,0.0,0.0,0.0,-63.16604321653733,0.0,0.0,0.0,-421.153210826506,0.0,0.0,-521.1404316774738,-1000.0,0.0,478.8595683225261,0.0,1000.0,-817.7436553533382,0.0,-1000.0,0.0,0.0,-46.9124625879725,0.0,0.0,0.0,1000.0,0.0,-1000.0,0.0,575.7500982861766,0.0,0.0,-632.1775305594723,0.0,0.0,0.0,-161.80333467689914,-0.01627208946683032,0.0,0.0,0.0,0.0,0.010848059644553548,0.0,0.0,0.0,59.35074659128048,203.08360754169303,0.0,-591.430029549059,-283.16969628084166,468.428392473616,1000.0,0.0,-390.01817313870254,0.0,-9.382350792349778,0.0,0.0,0.0,-0.934017935396071,0.0,390.9521910740986,-1000.0,-1000.0,0.0,0.0,0.0,0.0,0.0,0.0,0.0,0.0,0.0,0.0,0.0,0.0,0.0,0.0,0.0,0.0,0.0,0.0,0.0,-1000.0,0.0,0.0,0.0,0.0,0.0,0.0,-139.37275176459445,0.0,0.0,0.0,288.03498255199776,0.0,0.0,-939.5545976954263,0.0,999.7287985088861,-784.667890611662,0.0,0.0,-693.5940859374878,0.0,939.5545976954263,-0.5424029822276774,0.0,-1000.0,-0.5424029822276774,-459.66541219959356,0.0,0.0,0.0,961.713979116617,3.254417893366065,-468.7500000022382,468.7500000022382,0.0,0.0,0.0,0.0,173.22893874897545,-186.6175398976335,186.6175398976335,186.6175398976335,-163.25651842855558,0.0,0.0,0.0,0.0,0.0,679.271832206456,0.0,0.0,-47.2303820509793,0.0,0.0,0.0,0.0,0.0,0.0,0.0,-41.915194035544644,0.021696119289117632,0.0,0.0,0.0,0.0,0.0,0.0,0.0,0.0,0.0,0.0,0.0,0.0,0.0,0.0,0.0,0.0,0.0,0.0,0.0,0.011932865609019632,0.011932865609019632,67.97951571837797,453.67686671769826,0.0,6.50883578673213,0.0,0.0,0.0,1000.0,0.0,0.0,138.1881436514095,0.0,0.0,63.61557120789298,-1000.0,0.0,0.0,258.5947320878002,0.0,0.0,0.0,0.0,0.0,0.0,0.0,0.0,0.0,0.0,105.22206644635497,-59.35074659128048,0.0,0.0,139.02344424404012,0.0,0.0,228.76351512281755,144.85916914691745,0.0,63.61557120789298,0.0,21.700377172348333,0.0,0.0,0.0,359.84647864660894,0.0,0.0,0.0,0.0,0.0,0.0,0.0,0.0,0.0,0.0,0.0,0.0,0.0,6.50883578673213,0.0,0.0,0.0,0.0,0.0,0.0,0.0,0.0,0.0,0.0,0.0,0.0,0.10848059644553548,0.0,67.97951571837797,138.1881436514095,-138.1881436514095,67.97951571837797,777.8650037887267,0.0,0.0,3.254417893366065,-258.5947320878002,0.0,0.0,0.0,0.0,0.0,0.0,0.0,0.0,0.0,5.919974585585095,357.1438299548877,0.0,3.2544178933660644,3.2544178933660644,848.9112746807,-1000.0,0.0,0.0,0.0,0.0,0.0,0.0,0.0,1000.0,679.271832206456,742.0169793656069,0.010848059644553548,0.0,0.0,0.0,0.8748185241929254,263.46925729199467,0.0,-228.76351512281755,0.0,0.0,0.0,0.0,0.0,0.0,0.0,0.0,0.0,0.0,0.0,0.0,0.0,0.0,0.010848059644553548,0.0,0.0,0.0,370.74371056084044,-370.74371056084044,0.0,0.0,0.0,0.0,-139.91515474682214,0.5424029822276774,0.0,0.0,-1000.0,-0.8136044733415162,-0.5424029822276774,0.0,0.0,796.875,796.875,-796.875,0.0,0.0,0.0,0.0,0.0,0.0,0.0,0.0,468.428392473616,0.0,0.0,962.2563820988447,0.0,0.0,0.0,-0.010848059644553548,0.0,0.0,0.010848059644553548,0.0,0.010848059644553548,0.0,0.0,0.0,6.50883578673213,13.23463276635533,13.23463276635533,0.0,0.0,0.0,0.0,0.0,0.0,0.0,0.0,0.0,679.271832206456,0.0,0.0,0.0,0.0,0.0,0.0,0.0,0.0,0.0,0.0,0.0,0.0,0.0,0.0,0.0,0.0,0.0,83.90434597590009,0.0,0.0,0.0,0.01627208946683032,0.0,0.0,0.0,-3.254417893366065,0.0,0.0,0.0,0.0,0.0,-453.67686671769826,0.5424029822276774,0.0,0.0,0.0,0.0,0.0,-0.5424029822276774,0.0,0.0,0.0,0.0,0.0,0.0,0.0,0.0,0.0,0.0,258.5947320878002,-718.7499999999814,93.83038807108929,0.0,-149.7327178637308,254.08690649964487,0.0,0.0,0.0,0.0,0.0,-76.40067598289266,0.0,0.5424029822276774,1000.0,0.0,289.4933856791208,-67.97951571837797,-323.6066693537983,0.0,0.0,1000.0,-1000.0,0.0,0.0,0.0,0.0,0.0,977.5694170876953,0.0,13.23463276635533,0.0,0.0,0.0,67.97951571837797,0.0,0.0,0.0,0.0,0.0,68.32882323893239,0.0,0.0,456.1176801377228,-0.8748185241929254,-318.5423121328521,0.0,3.254417893366065,138.1881436514095,0.0,0.0,0.0,61.027377997478354,0.0,0.0,0.011932865609019632,0.0,0.0,0.0,6.617316383177664,0.0,0.0,0.0,0.0,-38.660776142178584,0.0,0.0,0.0,0.0,0.0,0.0,0.0,0.0,-65.88897428293207,0.0,0.0010848059644553547,0.0010848059644553547,0.0,0.0,0.0,0.0,0.0,0.0,0.0,0.0,0.0,0.0,67.97951571837797,0.0,0.0,0.0,0.0,453.67686671769826,0.0,0.0,0.0,0.0,0.0,0.0,0.0,0.0,0.0,0.0,0.0,276.376287302819,184.0322188721128,0.0,380.6330901471636,0.0,0.0,0.0,6.50883578673213,0.0,0.0,0.0,0.0,0.0,286.0256827595942,-292.5345185463263,0.0,276.376287302819,0.0,0.0,0.0,0.0,0.0,0.0,0.0,67.97951571837797,67.97951571837797,0.0,-844.4343557991733,-1000.0,7.430920856519183,475.6623538606889,-478.91677175405493,0.0,999.9566077614218,0.0,0.0,0.0,0.0,0.0,0.0,0.0,0.0,0.0,0.0,0.0,0.0,0.0,0.0,0.0,0.0,0.0,-1.3560074555691934,0.0,-0.8136044733415162,-0.8136044733415159,0.0,0.0,0.0,0.0,0.0,-1000.0,999.8643992544431,47.2303820509793,0.0,0.0,0.0,0.0,0.0,0.0,0.0,897.5826235664335,3.2544178933660644,3.2544178933660644,0.0,0.0,0.0,0.0,0.0,0.011932865609019632,453.67686671769826,0.0,0.0,-999.9566077614218,0.0,0.0,0.0,0.0,0.0,0.0,0.0,0.0,0.0,0.0,0.0,0.0,0.0,0.0,0.0,0.0,0.0,3.3628984898115992,0.0,11.390462626781227,139.02344424404012,0.0,0.0,0.0,0.0,0.0,453.67686671769826,0.0,0.0,0.0,0.0,0.0,-1.3560074555691934,0.0,0.0,0.0,0.0,0.0,0.0,0.0,0.0,0.0,0.0,0.0,0.0,0.0,0.0,0.0,0.0,0.0,0.0,-0.010848059644553548,0.0,0.0,0.5424029822276774,-63.61557120789298,0.0,0.0,0.0,0.0,0.0,0.0,0.0,0.0,0.934017935396071,0.2712014911138387,0.0,0.0,0.0,0.010848059644553548,0.0,10.848059644553548,0.0,2.1696119289107094,0.07748614031823962,36.9918833879276,-0.00813604473341516,0.5424029822276774,0.21696119289107096,-0.05424029822279408,-36.9918833879276,3.2544178933660644,-0.010848059644553548,3.1274502641165927,0.0,0.002712014911138387,0.07748614031823962,-9.382350792349778,-139.91515474682214,67.76255452548689,-583.7166976888566,-0.010848059644553548,0.002712014911138387,-36.9918833879276,1.0848059644553547,0.010848059644553548,0.010848059644553548,-453.6540857924447,-138.1762107858005,-44.52839954035068,-0.00813604473341516,3.2544178933660644,0.010848059644553548,3.2544178933660604,-5.424029822276774,-0.005424029822276774,-94.80906206856788,-85.0,-0.00813604473341516,-0.010848059644553548,0.0,0.010848059644553548,1.08480596445537,-0.21696119289107096,83.90434597590009,83.90434597590009,-1.0848059644553547,583.7166976888566,-83.90434597590009,2.1696119289107094,0.01627208946683032,415.02613703723523,1.0848059644553547,-105.22206644635497,0.0,-2.1696119289107094,0.005424029822276774,0.10848059644553548,147.85750738726475,96.0,-0.010848059644553548,-456.1176801377228,453.6540857924447,3.3628984898115992,0.010848059644553548,139.91515474682214,-13.017671573464185,0.0,-0.010848059644553548,-0.002712014911138387,0.0,-0.010848059644553548,-41.915194035544644,0.010848059644667235,-0.002712014911138387,-0.002712014911138387,-0.002712014911138387,4.339223857821419,5.424029822276774,0.10848059644553548,212.68056098717432,-0.002712014911138387,292.5875645104129,0.5424029822276774,21.5,0.010848059644553548,0.005424029822276774,0.005424029822276774,1.0848059644553547,0.0,0.010848059644553548,0.0,0.10848059644553548,0.010848059644553548,-621.9675705832044,0.010848059644553548,0.043392238578235265,0.05424029822279408,0.005424029822276774,0.002712014911138387,3.2544178933660644,-0.010848059644553548,44.52839954035068,-33.881277262743446,-425.36112197434863,0.27120149111383884,-1.08480596445537,2.1696119289107094,0.5424029822276774,-0.010848059644553548,9.382350792349778,0.01627208946683032,-0.010848059644553548,-2.1696119289107094,0.0,-62.624897817232736,0.005424029822276774,-43.0,-0.010848059644553548,-0.010848059644667235,-0.010848059644553548,0.005424029822276774,36.9918833879276,-2.1696119289107094,0.010848059644553548,295.7150147745295,-0.002712014911138387,138.1762107858005,-295.7150147745295,1.6272089466830322,85.0,-412.85500826691,36.9918833879276,-0.00813604473341516,456.1176801377228,-96.0,0.010848059644553548,-0.0027120149111383865,288.5773855342254,10.848059644553548,-0.005424029822276774,-0.010848059644553548,0.002712014911138387,1000.0,0.0,-415.0315610670575,409.2870095960301,111.06463792114323,0.0,180.8310627449038,-31.0,0.0,-32.0,-93.0,147.5631059348201,0.0,16.0,-55.532318960571615,46.5,0.0,15.5,-453.67686671769826,1.5975198197543838,0.0,-147.5631059348201,1.5975198197543838,-180.8310627449038,96.3819641769563,0.0,1496.5981,hclb
246,0.0,0.0,0.0,0.0,0.0,0.0,0.0,0.0,165.4133827019478,0.0,0.0,0.0,0.0,0.0,0.0,0.0,-513.9183454032229,968.6627031869008,0.0,0.0,0.0,0.0,0.0,974.3741240715833,0.0,0.0,0.0,0.0,0.0,-334.08853280104586,21.283646919872695,-21.283646919872695,0.0,0.0,0.0,0.0,0.0,466.9475287594282,0.0,-1000.0,902.785850041362,0.0,-447.36771441684493,400.63916378742385,0.0,0.0,0.0,0.0,0.0,0.0,0.0,0.0,0.0,0.04682795989599148,0.0,0.0,0.0,8.51417452655692,0.0,0.0,-10.843623823151404,0.0,0.0,-10.843623823151404,0.0,0.0,0.0,0.0,963.5612803866181,-963.5612803866181,0.0,0.425708726327846,0.0,0.0,0.0,0.0,0.0,0.0,0.0,0.0,0.0,0.0,0.0,0.0,25.542523579670757,0.0,0.0,-29.586993809772537,0.0,417.7807206070724,535.7213393730095,0.0,0.0,-928.1775936342102,12.771261789835378,0.0,97.21414995863796,0.0,835.9844993353704,0.0,0.0,465.38246471802495,-1000.0,0.0,0.0,0.0,0.0,0.0,0.0,0.0,0.0,0.0,0.0,0.0,0.0,0.0,0.0,0.0,0.0,0.0,0.0,0.0,0.0,0.0,-231.51966642482387,0.0,0.0,97.21414995863796,0.0,13.196970516163224,0.0,0.0,-297.50633790361167,297.50633790361167,0.0,0.0,0.0,0.0,0.0,0.0,0.0,0.0,0.0,0.0,0.0,3.2779571927244273,0.0425708726327846,535.7319820911678,0.0,0.0,0.0,0.0,0.0,0.0,368.6759407221448,0.0,379.07444246960443,0.0,0.0,0.0,0.0,0.0,637.7281743168945,637.7281743168945,0.0,0.0,0.0,-432.2916666666667,0.0,0.0,0.0,659.0543921094,0.0,0.0,0.0,-578.0820313446909,-830.2542780972894,0.0,0.0,0.0,0.0,0.0,0.0,0.0,0.0,0.0,0.0,0.0,0.0,0.0,0.0,-1000.0,0.0,0.0,0.0,0.0,0.0,0.0,447.36771441684493,-417.7807206070724,417.7807206070724,0.0,0.0,0.0,0.0,0.0,0.0,0.0,665.9114671989541,-948.835533605655,0.0,0.0,0.0,0.0,0.0,0.0,0.0,0.0,0.0,0.0,0.0,0.0,0.0,321.9443941839361,58.47123722191642,400.63916378742385,0.0,0.0,0.0,0.0,10.157091802253094,0.0,0.0,0.0,0.0,-10.843623823151404,0.0,21.283646919872695,0.0,0.0,0.0,0.0,0.0,0.0,0.0,895.3923644482794,0.0,84.44288816880258,0.0,-590.6770496643328,-620.2640434741054,0.0,0.0,-400.63916378742385,0.0,0.0,0.0,0.0,0.0,0.0,0.0,-340.79344253296324,0.0,0.0,-1000.0,0.0,0.0,-1000.0,0.0,0.0,-417.7807206070724,0.0,580.4689763896009,0.0,0.0,108.61564284321594,0.0,0.0,0.0,-53.839205027221965,0.0,53.839205027221965,0.0,658.9692503641345,0.0,0.0,0.0,-432.2916666666666,0.0,0.0,-10.843623823151404,-0.06385630894917689,0.0,0.0,0.0,0.0,0.0425708726327846,0.0,0.0,0.0,-2.7636062091704616,-513.9183454032229,0.0,-844.8219312812706,153.9140573785049,830.2542780972894,1000.0,0.0,0.0,0.0,0.0,0.0,0.0,0.0,-3.6653521336826818,0.0,3.6653521336826818,-1000.0,-1000.0,0.0,0.0,0.0,0.0,0.0,0.0,0.0,0.0,0.0,0.0,0.0,0.0,0.0,0.0,0.0,0.0,0.0,0.0,0.0,-1000.0,0.0,532.8821877500404,872.7379354296309,0.0,0.0,0.0,-877.3866747211312,0.0,835.9844993353704,0.0,0.0,463.25392108638573,0.0,0.0,-1000.0,0.0,-963.5612803866181,0.0,97.08637804388934,-60.98703213372714,0.0,0.0,766.2444958251679,0.0,-1.064271815819615,-99.21492167552857,0.0,0.0,164.4102540987468,629.6418630499098,473.83014588889733,97.21414995863796,-93.75000000044452,93.75000000044452,0.0,0.0,0.0,165.45595357458058,0.0,-321.9443941839361,321.9443941839361,321.9443941839361,73.98497730425153,0.0,0.0,0.0,0.0,0.0,665.9114671989541,0.0,0.0,-21.687247646302808,0.0,0.0,0.0,0.0,0.0,0.0,0.0,-38.74291273672154,0.08514174526561276,0.0,0.0,0.0,0.0,0.0,0.0,0.0,0.0,0.0,0.0,0.0,0.0,0.0,0.0,0.0,0.0,0.0,0.0,0.0,0.04682795989599148,0.04682795989599148,21.283646919872695,409.43021965737915,0.0,25.542523579670757,0.0,0.0,0.0,1000.0,0.0,41.86799998544068,0.0,0.0,0.0,492.81135844735417,-1000.0,0.0,0.0,0.0,0.0,0.0,0.0,0.0,0.0,0.0,0.0,0.0,0.0,0.0,77.17322214160795,2.7636062091704616,0.0,0.0,3.2779571927244273,0.0,0.0,-928.1775936342102,-938.3346854364634,0.0,492.81135844735417,0.0,454.0684457106326,0.0,0.0,0.0,321.9443941839361,0.0,0.0,0.0,0.0,0.0,0.0,0.0,0.0,0.0,0.0,0.0,0.0,0.0,25.542523579670757,0.0,0.0,0.0,0.0,0.0,0.0,0.0,0.0,0.0,0.0,0.0,0.0,0.425708726327846,0.0,21.283646919872695,0.0,0.0,21.283646919872695,447.36771441684493,0.0,0.0,97.21414995863796,0.0,0.0,0.0,0.0,0.0,0.0,0.0,0.0,0.0,0.0,1000.0,286.37978278599206,0.0,12.771261789835378,12.771261789835378,1000.0,-1000.0,0.0,0.0,0.0,0.0,0.0,0.0,0.0,1000.0,665.9114671989541,675.4141112419189,0.0425708726327846,0.0,0.0,0.0,56.22091886482531,10.500848169191562,0.0,928.1775936342102,0.0,0.0,0.0,0.0,0.0,0.0,0.0,0.0,0.0,0.0,0.0,0.0,0.0,0.0,0.0425708726327846,0.0,0.0,0.0,631.1076672972569,-631.1076672972569,0.0,0.0,0.0,532.8821877500404,0.0,831.3357600438701,-368.6759407221448,0.0,-1000.0,-3.1928154474588446,-2.12854363163923,0.0,0.0,890.625,890.6249999999999,-890.625,0.0,0.0,0.0,0.0,0.0,0.0,0.0,0.0,830.2542780972894,0.0,0.0,640.3689436192834,0.0,0.0,0.0,165.4133827019478,0.0,0.0,0.0425708726327846,0.0,0.0425708726327846,0.0,0.0,0.0,25.542523579670757,51.93646461199721,51.93646461199721,0.0,0.0,0.0,0.0,0.0,0.0,0.0,0.0,0.0,665.9114671989541,0.0,0.0,0.0,0.0,0.0,0.0,0.0,0.0,0.0,0.0,0.0,0.0,0.0,0.0,0.0,0.0,0.0,10.157091802253094,0.0,0.0,0.0,0.06385630894917689,0.0,0.0,0.0,-97.21414995863796,0.0,0.0,0.0,0.0,0.0,-409.43021965737915,2.12854363163923,0.0,0.0,0.0,432.2916666666666,0.0,0.0,0.0,0.0,0.0,0.0,0.0,0.0,0.0,0.0,0.0,0.0,0.0,0.0,87.48582547344309,0.0,56.48582547344308,10.500848169191562,0.0,-877.3866747211312,835.9844993353704,41.402175385760756,368.6759407221448,-51.93646461199721,0.0,2.12854363163923,1000.0,0.0,0.0,-21.283646919872695,-21.687247646302808,0.0,0.0,-781.2499999999366,781.2499999999366,0.0,0.0,0.0,0.0,0.0,-3.1928154474588446,-3.19281544745877,51.93646461199721,0.0,0.0,0.0,21.283646919872695,0.0,0.0,0.0,0.0,0.0,895.3923644482794,0.0,0.0,415.8158505522968,-56.22091886482531,-200.86605594274664,-447.36771441684493,12.771261789835378,0.0,0.0,0.0,0.0,209.16679739986344,0.0,0.0,0.04682795989599148,0.0,0.0,0.0,25.968232305998605,0.0,0.0,0.0,0.0,58.47123722191642,0.0,0.0,0.0,0.0,0.0,0.0,0.0,0.0,-1000.0,0.0,674.1366798321479,0.0042570872632784595,0.0,0.0,0.0,0.0,0.0,0.0,0.0,0.0,0.0,0.0,21.283646919872695,0.0,0.0,0.0,0.0,409.43021965737915,0.0,0.0,0.0,0.0,0.0,0.0,0.0,0.0,0.0,0.0,0.0,0.0,0.0,0.0,968.6627031869008,0.0,0.0,0.0,25.542523579670757,0.0,0.0,0.0,0.0,0.0,0.0,-25.542523579670757,0.0,0.0,0.0,0.0,0.0,0.0,0.0,0.0,0.0,21.283646919872695,21.283646919872695,0.0,-675.4141112419189,-1000.0,29.161047753457453,-97.21414995863796,0.0,0.0,999.8297165094687,0.0,0.0,0.0,0.0,0.0,0.0,0.0,0.0,0.0,203.125,0.0,-203.125,-203.125,0.0,0.0,0.0,0.0,-5.321359079098075,0.0,-466.44673653384456,0.0,0.0,0.0,0.0,0.0,0.0,-0.5321359079098075,0.0,390.3631883684476,0.0,0.0,0.0,0.0,0.0,0.0,0.0,1000.0,12.771261789835378,12.771261789835378,0.0,0.0,0.0,0.0,0.0,0.04682795989599148,409.43021965737915,0.0,0.0,-999.8297165094687,674.1324227448847,0.0,0.0,0.0,0.0,0.0,0.0,0.0,0.0,0.0,0.0,0.0,0.0,0.0,0.0,0.0,0.0,0.0,0.0,44.699416264423824,3.2779571927244273,0.0,0.0,0.0,0.0,0.0,409.43021965737915,0.0,870.6093917979916,0.0,0.0,0.0,-5.321359079098075,0.0,0.0,0.0,0.0,0.0,0.0,0.0,0.0,0.0,0.0,0.0,0.0,0.0,0.0,0.0,0.0,0.0,0.0,-0.0425708726327846,0.0,0.0,2.12854363163923,-492.81135844735417,0.0,0.0,0.0,0.0,0.0,0.0,0.0,0.0,3.6653521336826818,1.064271815819615,0.0,0.0,0.0,0.0425708726327846,0.0,42.57087263278459,-13.196970516163224,8.51417452655692,0.30407766166274713,118.77273464546901,-0.031928154474588445,233.75550417483208,0.851417452655692,-0.2128543631641312,-118.77273464546901,12.77126178983538,-0.0425708726327846,0.0,0.0,0.01064271815819615,0.30407766166274713,0.0,-6.7772829231395235,20.432229467217002,-454.74435778367786,-0.0425708726327846,0.01064271815819615,-118.77273464546901,4.25708726327846,0.0425708726327846,0.0425708726327846,-409.34082082485037,0.04682795989601142,-28.24206456752995,-0.031928154474588445,12.771261789835378,0.0425708726327846,97.21414995863796,63.15745185241029,-0.0212854363163923,-350.8323779020745,-14.456749938164336,-0.031928154474588445,-0.0425708726327846,-13.196970516163224,0.0425708726327846,4.257087263278464,-0.851417452655692,10.157091802253094,10.157091802253094,-4.25708726327846,454.74435778367786,-10.157091802253094,8.51417452655692,0.06385630894917689,334.4944300294942,4.25708726327846,-77.17322214160795,0.0,-8.51417452655692,0.0212854363163923,0.425708726327846,211.20548282031766,96.0,-0.0425708726327846,-419.0086659997556,409.34082082485037,13.196970516163224,0.0425708726327846,6.7772829231395235,-135.5279353281439,0.0,-0.0425708726327846,-0.01064271815819615,0.0,-0.0425708726327846,-38.74291273672154,0.0425708726327846,-0.01064271815819615,-0.01064271815819615,-0.01064271815819615,17.02834905311384,-63.15745185241029,0.425708726327846,278.77747954143126,-0.01064271815819615,422.4109656406353,2.12854363163923,21.5,0.0425708726327846,0.0212854363163923,0.0212854363163923,4.25708726327846,13.196970516163224,0.0425708726327846,-13.196970516163224,0.425708726327846,0.0425708726327846,-773.2530481006643,0.0425708726327846,0.17028349053136177,0.2128543631641312,0.0212854363163923,0.01064271815819615,12.771261789835378,-0.0425708726327846,28.24206456752995,-10.216114733608501,-557.5549590828625,232.69123235901247,-4.257087263278464,8.51417452655692,2.12854363163923,-0.0425708726327846,0.0,0.06385630894917689,-0.0425708726327846,-8.51417452655692,13.196970516163224,-32.07976602981529,0.0212854363163923,-43.0,-0.0425708726327846,-0.0425708726327846,-0.0425708726327846,0.0212854363163923,118.77273464546901,-8.51417452655692,0.0425708726327846,422.4109656406353,-0.01064271815819615,-0.04682795989601142,-422.4109656406353,6.385630894917688,14.456749938164338,-146.63112994003376,118.77273464546901,-0.031928154474588445,419.0086659997556,-96.0,0.0425708726327846,-0.010642718158196153,2.12854363163923,42.57087263278459,-0.0212854363163923,-0.0425708726327846,0.01064271815819615,0.0,0.0,-334.5157154658106,494.475568559233,-46.0,0.0,-12.759950708750303,9.560031884007094,0.0,-32.0,-93.0,-65.0,0.0,16.0,23.0,46.5,0.0,-4.780015942003547,-409.43021965737915,-177.08703137004815,0.0,65.0,-177.08703137004815,12.759950708750303,59.255448678057576,0.0,1496.5981,hclb
247,0.0,0.0,0.0,0.0,0.0,0.0,0.0,0.0,-0.040581850243583115,0.0,0.0,0.0,0.0,0.0,0.0,0.0,63.08713781679201,238.82657872766217,0.0,0.0,0.0,0.0,0.0,424.69313955532425,0.0,0.0,0.0,0.0,0.0,857.354293738912,0.0,0.0,29.320995683927165,0.0,0.0,0.0,0.0,-320.0272552601655,0.0,-1000.0,987.8254449269251,0.0,0.0,-794.2671559221201,0.0,0.0,351.16805806621016,0.0,-542.6275571690841,-248.07462209779004,0.0,-416.4532815355,0.0,0.04464003526790948,0.0,0.0,0.0,8.116370048716623,0.0,0.0,28.426104196165117,0.0,303.8901353561824,0.0,0.0,0.0,0.0,0.0,1000.0,-945.2726948277787,0.0,0.4058185024358312,0.0,0.0,0.0,0.0,0.0,0.0,0.0,0.0,0.0,0.0,-202.14794070339173,0.0,24.349110146149876,0.0,78.77206737649998,548.0627822432297,714.3935643201646,-897.4554922021481,206.49557778999878,0.0,0.0,0.0,12.174555073074938,0.0,12.174555073074938,0.0,0.0,0.0,0.0,2.029092512179156,857.354293738912,0.0,0.0,-0.7821454256896758,0.0,0.0,0.0,0.0,0.0,0.0,0.0,0.0,0.0,0.0,0.0,0.0,0.0,0.0,0.0,0.0,0.0,0.0,-879.252474703751,0.0,0.0,12.174555073074938,0.0,12.58037357551077,5.608195713450357,0.0,570.1718749999725,-908.8393237316336,338.6674487316611,-338.6674487316611,-332.3162395523475,0.0,0.0,0.0,0.0,0.0,0.0,0.0,0.0,284.0448105486476,0.04058185024358312,206.50572325255968,0.0,0.0,305.96418403670646,-1000.0,0.0,0.0,202.14794070339173,0.0,215.4489990667596,0.0,0.0,0.0,0.0,0.0,-114.81127408646667,-114.81127408646667,0.0,0.0,0.0,-276.04166666666663,0.0,0.0,0.0,-114.77069223622308,0.0,0.0,0.0,-531.5878044591669,0.0,0.0,0.0,0.0,0.0,0.0,0.0,0.0,0.0,0.0,0.0,0.0,0.0,0.0,0.0,-1000.0,0.0,0.0,0.0,0.0,0.0,248.07462209779004,416.4532815355,183.06192788198348,-183.06192788198348,277.58893438012615,0.0,0.0,0.0,0.0,0.0,0.0,0.0,-254.15328536587094,0.0,0.0,0.0,0.0,0.0,0.0,0.0,0.0,0.0,0.0,0.0,0.0,0.0,252.72480914749897,667.2685560607268,-794.2671559221201,0.0,0.0,0.0,0.0,80.90123312539811,0.0,0.0,0.0,0.0,28.426104196165117,0.0,0.0,0.0,0.0,0.0,0.0,0.0,0.0,0.0,1.3067355778418914,0.0,0.0,0.0,-834.4292271607214,-303.09759072254053,604.9504344916293,0.0,794.2671559221201,0.0,0.0,332.3162395523475,0.0,0.0,0.0,0.0,-30.21077663051949,0.0,0.0,-1000.0,0.0,633.1101815980984,-999.9999999999999,0.0,633.1101815980984,897.4554922021481,0.0,0.0,248.07462209779004,0.0,-234.05041389902658,0.0,0.0,0.0,667.6608229456817,0.0,-667.6608229456817,0.0,0.0,54.72730517222135,0.0,370.7765907413521,-276.04166666666663,0.0,0.0,28.426104196165117,-0.06087277536537467,0.0,0.0,0.0,0.0,0.04058185024358312,0.0,0.0,0.0,628.028541843559,63.08713781679201,0.0,-649.0885587708103,860.4282693925898,0.0,1000.0,0.0,1000.0,0.0,-0.7821454256896758,0.0,0.0,0.0,-3.494097305972474,-996.5059026940276,0.0,-1000.0,-1000.0,0.0,0.0,0.0,0.0,0.0,0.0,0.0,0.0,0.0,0.0,0.0,0.0,0.0,0.0,0.0,0.0,0.0,-655.1587375786683,0.0,-1000.0,202.14794070339173,664.7061902805237,0.0,0.0,0.0,552.9767849205036,-285.35154612648944,0.0,0.0,0.0,0.0,0.0,-156.77729084127188,0.0,-529.8971914541527,0.0,153.2831935352994,0.0,441.14341309955734,-1000.0,945.3565386470152,0.0,527.8680989419735,1000.0,-1.014546256089578,-443.1725056117365,70.00909470274507,0.0,-636.2833765908027,188.54863428450392,0.0,12.174555073074938,343.749999999976,-343.749999999976,0.0,0.0,0.0,0.0,0.0,-252.72480914749897,252.72480914749897,252.72480914749897,85.66577537697306,0.0,0.0,0.0,0.0,0.0,0.0,0.0,0.0,-117.91989640701735,0.0,0.0,0.0,0.0,0.0,0.0,0.0,-38.94181497564169,0.08116370048719335,0.0,0.0,0.0,0.0,0.0,0.0,0.0,0.0,0.0,0.0,0.0,0.0,0.0,0.0,0.0,0.0,0.0,0.0,0.0,0.04464003526790948,0.04464003526790948,0.0,340.60843909878236,0.0,24.349110146149876,0.0,0.0,0.0,1000.0,0.0,0.0,78.77206737649998,0.0,0.0,527.5870540477763,-1000.0,0.0,0.0,267.22185402738853,0.0,0.0,0.0,0.0,0.0,0.0,0.0,0.0,0.0,0.0,293.08415823458364,-628.028541843559,694.0358159632935,0.0,81.89686984525588,0.0,0.0,0.0,-358.4901675055242,0.0,527.5870540477763,0.0,-511.3547609278653,1000.0,0.0,0.0,252.72480914749897,0.0,0.0,0.0,0.0,0.0,0.0,0.0,0.0,0.0,0.0,0.0,0.0,0.0,24.349110146149876,332.3162395523475,332.3162395523475,0.0,0.0,0.0,0.0,0.0,0.0,0.0,0.0,0.0,0.0,0.4058185024358312,0.0,0.0,78.77206737649998,-78.77206737649998,0.0,416.4532815355,0.0,0.0,12.174555073074938,-267.22185402738853,0.0,0.0,0.0,0.0,0.0,0.0,0.0,0.0,0.0,510.72935812542556,0.0,0.0,12.174555073074936,12.174555073074938,1000.0,-1000.0,0.0,0.0,0.0,0.0,0.0,0.0,0.0,-278.79267185635433,0.0,0.0,0.04058185024358312,0.0,0.0,31.16134780002774,0.0,0.0,0.0,0.0,0.0,-54.72730517222135,0.0,0.0,0.0,0.0,0.0,0.0,0.0,0.0,0.0,0.0,0.0,0.0,0.04058185024358312,0.0,0.0,0.0,0.0,0.0,0.0,0.0,0.0,664.7061902805237,0.0,-285.35154612648944,0.0,0.0,-344.84126242133175,-3.0436387682687345,-2.029092512179156,0.0,0.0,0.0,0.0,0.0,0.0,0.0,0.0,0.0,0.0,0.0,0.0,332.3162395523475,0.0,0.0,0.0,-634.2542840786235,0.0,0.0,0.0,-0.04058185024358312,0.0,0.0,0.04058185024358312,0.0,0.04058185024358312,0.0,0.0,0.0,24.349110146149876,49.509857297171415,49.509857297171415,0.0,0.0,0.0,0.0,0.0,0.0,0.0,694.0358159632935,0.0,0.0,0.0,0.0,0.0,0.0,0.0,0.0,0.0,0.0,0.0,0.0,0.0,0.0,0.0,0.0,0.0,0.0,0.0,358.4901675055242,0.0,0.0,0.0,0.06087277536537467,0.0,0.0,0.0,-12.174555073074938,0.0,0.0,0.0,0.0,0.0,-340.60843909878236,2.029092512179156,0.0,0.0,0.0,276.04166666666663,0.0,-589.0991743362047,0.0,0.0,0.0,0.0,0.0,0.0,0.0,0.0,332.3162395523475,0.0,267.22185402738853,1000.0,87.88362995128338,0.0,750.919445914577,-0.7821454256896758,0.0,-874.4507204626941,0.0,874.4507204626941,202.14794070339173,-49.509857297171415,0.0,2.029092512179156,752.2861220398885,0.0,0.0,0.0,-275.46403116001727,0.0,0.0,909.4822322692755,-909.4822322692755,0.0,0.0,0.0,0.0,0.0,-6.0872775365373855,0.0,49.509857297171415,0.0,980.2402379152395,980.2402379152394,-980.2402379152394,0.0,0.0,0.0,0.0,0.0,1.3067355778418914,0.0,0.0,349.73935540358855,-31.16134780002774,-370.9803361491293,0.0,12.174555073074938,78.77206737649998,0.0,0.0,0.0,47.389856706270024,0.0,0.0,0.04464003526790948,0.0,0.0,0.0,24.754928648585707,0.0,0.0,0.0,0.0,667.2685560607268,0.0,0.0,0.0,0.0,0.0,0.0,0.0,0.0,0.0,0.0,0.004058185024358312,0.004058185024358312,0.0,0.0,0.0,0.0,0.0,0.0,0.0,0.0,0.0,31.16134780002774,0.0,0.0,0.0,0.0,0.0,340.60843909878236,0.0,0.0,0.0,0.0,0.0,0.0,0.0,248.07462209779004,0.0,0.0,0.0,157.54413475299995,0.0,0.0,238.82657872766217,0.0,0.0,0.0,24.349110146149876,0.0,0.0,0.0,0.0,0.0,0.0,-24.349110146149876,0.0,157.54413475299995,0.0,0.0,0.0,0.0,0.0,0.0,0.0,0.0,0.0,0.0,0.0,-421.4383781174423,27.79856741685444,778.6526030637009,-790.8271581367758,0.0,344.67893502035827,0.0,0.0,0.0,0.0,0.0,0.0,0.0,0.0,0.0,0.0,0.0,0.0,0.0,0.0,0.0,0.0,0.0,-5.07273128044789,332.3162395523475,-3.0436387682687345,-3.043638768268723,0.0,0.0,0.0,0.0,0.0,-720.4786226928661,719.9713495648214,320.0678371104091,0.0,0.0,0.0,0.0,0.0,0.0,0.0,1000.0,12.174555073074938,12.174555073074936,0.0,0.0,0.0,0.0,0.0,0.04464003526790948,340.60843909878236,0.0,0.0,-344.67893502035827,0.0,0.0,0.0,0.0,0.0,0.0,0.0,0.0,0.0,0.0,0.0,0.0,0.0,0.0,0.0,0.0,0.0,5.608195713450357,0.0,42.61094275576228,0.0,0.0,81.89686984525588,0.0,0.0,0.0,340.60843909878236,0.0,587.0700818240255,0.0,0.0,0.0,-5.07273128044789,0.0,0.0,0.0,0.0,0.0,0.0,0.0,0.0,0.0,0.0,0.0,0.0,0.0,0.0,0.0,0.0,0.0,0.0,-0.04058185024358312,0.0,0.0,2.029092512179156,-527.5870540477763,0.0,0.0,0.0,0.0,332.3162395523475,0.0,0.0,0.0,3.494097305972474,1.014546256089578,0.0,0.0,0.0,0.04058185024358312,0.0,40.58185024358312,-6.972177862060411,8.116370048716623,0.28987035888273655,124.43975360649763,-0.03043638768268734,2.0290925121791563,0.8116370048716623,-0.20290925121707915,-124.43975360649763,12.174555073074936,-0.04058185024358312,0.2607151418965586,0.0,0.01014546256089578,0.28987035888273655,-0.7821454256896758,-85.23269793527697,-0.8116370048714998,-301.9137165444542,-0.04058185024358312,0.01014546256089578,-124.43975360649763,4.058185024358312,0.04058185024358312,0.04058185024358312,-340.52321721327087,-78.72742734123203,-66.69851980818952,-0.03043638768268734,12.174555073074936,0.040581850243583115,12.174555073074938,-20.29092512179156,-0.02029092512179156,-147.18618840719074,-85.0,-0.03043638768268734,-0.04058185024358312,-6.972177862060411,0.04058185024358312,4.058185024358295,-0.8116370048716623,358.4901675055242,358.4901675055242,-4.058185024358312,301.9137165444542,-358.4901675055242,8.116370048716623,0.06087277536537468,321.44231579980175,4.058185024358312,-293.08415823458364,0.0,-8.116370048716623,0.02029092512179156,0.4058185024358312,162.27213969270258,96.0,-0.04058185024358312,-349.73935540358855,340.52321721327087,12.58037357551077,0.04058185024358312,85.23269793527697,-48.69822029229965,0.0,-0.04058185024358312,-0.01014546256089578,0.0,-0.04058185024358312,-38.94181497564169,0.040581850243469435,-0.01014546256089578,-0.01014546256089578,-0.01014546256089578,16.232740097433247,20.29092512179156,0.4058185024358312,30.066078299213103,-0.01014546256089578,324.2835642435086,2.029092512179156,21.5,0.04058185024358312,0.02029092512179156,0.02029092512179156,-23.305467561752362,6.972177862060411,0.04058185024358312,-6.972177862060411,0.4058185024358312,0.04058185024358312,-30.066078299213103,0.04058185024358312,0.16232740097348142,0.20290925121707915,0.02029092512179156,0.01014546256089578,12.174555073074936,-0.040581850243583115,66.69851980818952,0.4058185024357499,-60.13215659842621,1.0145462560895782,-4.058185024358295,8.116370048716623,2.029092512179156,-0.04058185024358312,0.7821454256896758,0.06087277536537468,-0.04058185024358312,46.61093512350473,6.972177862060411,165.66746671458043,0.020290925121791557,-43.0,-0.040581850243583115,-0.040581850243469435,-0.04058185024358312,0.02029092512179156,124.43975360649763,-8.116370048716623,0.04058185024358312,324.54427938540516,-0.01014546256089578,78.72742734123203,-324.54427938540516,6.087277536537468,85.0,-599.2843555311889,124.43975360649763,-0.03043638768268734,349.73935540358855,-96.0,0.04058185024358312,-0.010145462560895775,2.029092512179156,40.58185024358312,-0.02029092512179156,-0.04058185024358312,0.01014546256089578,951.9027328636157,0.0,-321.46260672492355,0.0,-46.0,0.0,260.46466309177674,-31.0,0.0,-32.0,-93.0,-65.0,0.0,16.0,23.0,46.5,0.0,15.5,-340.60843909878236,-213.05732342085045,0.0,65.0,-213.05732342085045,-260.46466309177674,152.55234917985905,0.0,1496.5981,hclb
248,0.0,0.0,0.0,0.0,0.0,0.0,0.0,0.0,-0.03684867047505449,0.0,0.0,0.0,0.0,0.0,0.0,0.0,240.49506211324592,354.49643041465566,0.0,-523.7723236208889,0.0,0.0,0.0,0.0,0.0,0.0,0.0,0.0,0.0,-470.4597229115559,123.26324172131277,-123.26324172131277,0.0,0.0,0.0,0.0,0.0,516.5718606375113,0.0,-1000.0,1000.0,0.0,0.0,-546.8767257562416,0.0,0.0,944.8179490449002,0.0,1000.0,-520.8566885257463,0.0,0.0,0.0,0.040533537522491656,0.0,0.0,0.0,7.369734095010898,0.0,0.0,-41.44651887272363,0.0,0.0,-50.10562271537398,0.0,0.0,0.0,0.0,0.0,140.24940469055738,0.0,0.3684867047505449,0.0,0.0,0.0,0.0,0.0,0.0,0.0,0.0,0.0,0.0,0.0,0.0,22.109202285032694,0.0,0.0,-261.2985849589212,0.0,426.2575247566673,-0.009212167618763622,0.0,0.0,-697.6251188193087,11.054601142516347,0.0,11.054601142516347,0.0,484.8239118338212,0.0,0.0,1.8424335237527245,-470.4597229115559,0.0,0.0,0.0,704.476837375362,0.0,0.0,0.0,0.0,0.0,0.0,0.0,0.0,0.0,0.0,0.0,0.0,0.0,0.0,0.0,0.0,0.0,-392.0527147939656,0.0,0.0,11.054601142516347,0.0,11.42308784726689,5.613290963956352,0.0,0.0,0.0,0.0,0.0,-8.659103842650326,0.0,0.0,0.0,0.0,0.0,0.0,0.0,0.0,2.8373476265791955,0.03684867047505449,0.0,0.0,0.0,-184.31207863214854,-1000.0,0.0,0.0,0.0,0.0,212.43800768027486,0.0,0.0,0.0,0.0,0.0,-68.0443420957378,-68.0443420957378,0.0,0.0,0.0,0.0,-40.05432249043349,0.0,0.0,55.255748296050015,0.0,0.0,0.0,-623.6176367449417,0.0,0.0,0.0,0.0,0.0,0.0,0.0,0.0,0.0,0.0,0.0,0.0,0.0,0.0,0.0,-1000.0,0.0,0.0,0.0,0.0,0.0,520.8566885257463,0.0,261.2985849589212,-261.2985849589212,8.659103842650326,0.0,0.0,0.0,0.0,0.0,0.0,0.0,-467.1405766476062,0.0,0.0,0.0,0.0,0.0,0.0,0.0,0.0,0.0,0.0,0.0,0.0,0.0,277.8929603093443,451.57470944680824,-770.03533920169,0.0,0.0,0.0,0.0,81.2782842820195,0.0,0.0,0.0,0.0,-41.44651887272363,-223.15861344544837,123.26324172131277,0.0,0.0,0.0,0.0,0.0,0.0,0.0,242.72225288195727,0.0,0.0,0.0,261.2985849589212,0.0,1000.0,0.0,770.03533920169,0.0,0.0,8.659103842650326,236.36395060366607,0.0,0.0,0.0,233.28437085572682,0.0,0.0,-1000.0,0.0,0.0,-1000.0,0.0,0.0,261.2985849589212,0.0,-646.6787232883909,520.8566885257463,0.0,24.0969844286449,0.0,0.0,0.0,0.0,0.0,0.0,0.0,1000.0,0.0,0.0,1000.0,0.0,0.0,0.0,-41.44651887272363,-0.05527300571258174,0.0,0.0,0.0,0.0,0.03684867047505449,0.0,0.0,0.0,656.2857578508565,240.49506211324592,0.0,-469.15662913470163,632.5336354825797,0.0,1000.0,0.0,834.9965740936123,0.0,0.0,0.0,0.0,0.0,-3.1726705279021226,0.0,-831.8239035657101,-1000.0,-1000.0,0.0,0.0,0.0,0.0,0.0,0.0,0.0,0.0,0.0,0.0,0.0,0.0,0.0,0.0,0.0,0.0,0.0,-483.28074468058867,0.0,-1000.0,0.0,0.0,118.27248397134844,245.14351242589828,0.0,0.0,-122.29635878722371,0.0,484.8239118338212,0.0,0.0,0.0,0.0,0.0,-124.41418973670187,0.0,0.0,-149.03764881705933,-1.8424335237527245,0.0,782.2071687710493,0.0,0.0,-644.625035925744,-0.9212167618763623,0.0,-350.76888026487416,0.0,1000.0,0.0,-505.07046316978256,11.054601142516347,0.0,0.0,0.0,0.0,0.0,0.0,0.0,-277.8929603093443,277.8929603093443,277.8929603093443,70.47471108629009,0.0,0.0,0.0,0.0,0.0,0.0,0.0,0.0,-91.55214158809764,0.0,343.74999999999727,11.054601142516347,0.0,0.0,0.0,0.0,-39.31513295249455,0.0736973409501205,0.0,0.0,0.0,0.0,0.0,0.0,0.0,0.0,0.0,0.0,0.0,0.0,0.0,0.0,0.0,0.0,0.0,0.0,0.0,0.040533537522491656,0.040533537522491656,123.26324172131277,366.5232262143334,0.0,22.109202285032694,0.0,0.0,0.0,1000.0,0.0,0.0,0.0,0.0,0.0,305.9134776875404,-1000.0,0.0,0.0,0.0,0.0,0.0,11.054601142516347,0.0,0.0,0.0,0.0,0.0,0.0,0.0,130.6842382646552,-656.2857578508565,479.83524125678645,0.0,2.8373476265791955,0.0,-787.5625069439785,89.93738812466982,0.0,0.0,305.9134776875404,0.0,266.5983447350459,0.0,218.7500000000002,-218.7500000000002,277.8929603093443,0.0,0.0,0.0,0.0,0.0,0.0,0.0,0.0,0.0,0.0,0.0,0.0,0.0,22.109202285032694,8.659103842650326,8.659103842650326,0.0,0.0,0.0,0.0,0.0,0.0,0.0,0.0,0.0,0.0,0.3684867047505449,0.0,123.26324172131277,0.0,0.0,123.26324172131277,0.0,0.0,0.0,11.054601142516347,0.0,0.0,0.0,0.0,0.0,0.0,0.0,0.0,0.0,0.0,363.3857567134344,-349.9282410986307,0.0,11.054601142516347,11.054601142516347,1000.0,-1000.0,0.0,11.054601142516347,0.0,0.0,0.0,0.0,0.0,470.4597229115559,0.0,758.4926489625136,0.03684867047505449,0.0,0.0,0.0,26.210769602266176,15.155554818699022,0.0,697.6251188193087,0.0,0.0,0.0,0.0,0.0,0.0,0.0,0.0,0.0,0.0,0.0,0.0,0.0,0.0,0.03684867047505449,0.0,0.0,0.0,500.96908292183815,-500.96908292183815,0.0,0.0,0.0,0.0,-258.50989616149013,739.3099331794363,0.0,0.0,-516.7192553194113,-2.7636502856290868,-1.8424335237527245,0.0,0.0,0.0,0.0,0.0,0.0,0.0,0.0,0.0,0.0,0.0,0.0,8.659103842650326,0.0,0.0,0.0,496.7719703539701,0.0,0.0,0.0,-0.03684867047505449,0.0,0.0,0.03684867047505449,0.0,0.03684867047505449,0.0,140.24940469055738,0.0,22.109202285032694,44.95537797956648,44.95537797956648,0.0,0.0,0.0,0.0,0.0,0.0,0.0,479.83524125678645,0.0,0.0,0.0,0.0,0.0,0.0,0.0,0.0,0.0,0.0,0.0,0.0,0.0,0.0,0.0,0.0,0.0,0.0,0.0,89.93738812466982,0.0,-5.3097532612782175,5.3097532612782175,0.05527300571258174,0.0,0.0,0.0,-11.054601142516347,0.0,0.0,0.0,0.0,0.0,-366.5232262143334,1.8424335237527245,0.0,0.0,0.0,0.0,40.05432249043349,0.0,0.0,0.0,343.74999999999727,0.0,0.0,0.0,0.0,0.0,8.659103842650326,0.0,0.0,66.49707419661335,88.6302659049891,0.0,537.4655071617756,15.155554818699022,0.0,136.21353737426642,484.8239118338212,-621.0374492080878,0.0,191.40857262409958,0.0,1.8424335237527245,1000.0,0.0,395.9499756337461,-123.26324172131277,-91.55214158809764,-593.7499999999993,593.7499999999993,0.0,0.0,0.0,0.0,0.0,0.0,0.0,0.0,-5.527300571258365,44.95537797956648,0.0,123.26324172131277,123.26324172131277,0.0,0.0,0.0,0.0,0.0,0.0,242.72225288195727,0.0,0.0,369.2868764999625,-26.210769602266176,0.0,0.0,11.054601142516347,0.0,0.0,0.0,0.0,-61.371712859916315,0.0,0.0,0.040533537522491656,0.0,0.0,0.0,22.47768898978324,0.0,0.0,0.0,0.0,451.57470944680824,0.0,704.476837375362,0.0,0.0,0.0,0.0,0.0,0.0,0.0,0.0,0.00368486704750535,0.00368486704750535,0.0,0.0,0.0,0.0,0.0,0.0,0.0,0.0,0.0,0.0,123.26324172131277,0.0,0.0,0.0,0.0,366.5232262143334,0.0,0.0,0.0,0.0,0.0,0.0,0.0,520.8566885257463,0.0,0.0,0.0,0.0,310.5390773172122,0.0,354.49643041465566,0.0,0.0,0.0,22.109202285032698,0.0,0.0,0.0,0.0,0.0,630.8531165084869,-652.9623187935196,0.0,0.0,0.0,0.0,0.0,0.0,0.0,0.0,0.0,123.26324172131277,123.26324172131277,0.0,-1000.0,-1000.0,25.24133927541233,0.0,-11.054601142516347,0.0,516.5718606375113,0.0,0.0,0.0,0.0,0.0,0.0,0.0,0.0,0.0,0.0,0.0,0.0,0.0,0.0,0.0,0.0,0.0,-4.606083809381811,8.659103842650326,-2.7636502856290868,2.7636502856290965,0.0,0.0,0.0,0.0,0.0,0.0,-0.46060838093818113,91.55214158809764,0.0,0.0,0.0,0.0,0.0,0.0,0.0,758.4926489625136,11.054601142516347,11.054601142516347,0.0,0.0,0.0,0.0,0.0,0.040533537522491656,366.5232262143334,0.0,0.0,-516.5718606375113,0.0,0.0,0.0,0.0,0.0,0.0,0.0,0.0,0.0,0.0,0.0,0.0,0.0,0.0,72.7795789759178,0.0,0.0,5.613290963956352,0.0,38.691103998807215,2.8373476265791955,0.0,0.0,0.0,0.0,0.0,366.5232262143334,0.0,116.4300504475957,0.0,0.0,0.0,-4.606083809381811,0.0,0.0,0.0,0.0,0.0,0.0,0.0,0.0,0.0,0.0,0.0,0.0,0.0,0.0,0.0,0.0,0.0,0.0,-0.03684867047505449,0.0,0.0,1.8424335237527245,-305.9134776875404,0.0,0.0,0.0,0.0,8.659103842650326,0.0,0.0,0.0,3.1726705279021226,0.9212167618763623,0.0,0.0,0.0,0.03684867047505449,0.0,36.84867047505449,-5.8097968833105345,7.369734095010898,0.2632047891075321,114.03437255331472,-0.02763650285629087,124.41418973670187,0.7369734095010898,-0.18424335237503656,-114.03437255331472,11.054601142516347,-0.03684867047505449,0.0,11.054601142516347,0.009212167618763622,0.2632047891075321,0.0,-5.866308339628006,122.52626831181168,-71.21916890701272,-0.03684867047505449,0.009212167618763622,-114.03437255331472,3.684867047505449,0.03684867047505449,0.03684867047505449,-366.44584400633585,0.04053353752255984,-24.15957813379552,-0.02763650285629087,11.054601142516347,0.03684867047505449,11.054601142516347,-18.424335237527245,-0.018424335237527244,-188.27842954647934,-85.0,-0.02763650285629087,-0.03684867047505449,-5.8097968833105345,0.03684867047505449,3.684867047505449,-0.7369734095010898,89.93738812466982,89.93738812466982,-3.684867047505449,71.21916890701272,-89.93738812466982,7.369734095010898,0.05527300571258174,-1000.0,3.684867047505449,-130.6842382646552,11.054601142516347,-7.369734095010898,0.018424335237527244,0.3684867047505449,117.28915728367541,96.0,-0.03684867047505449,-374.81417707122085,366.44584400633585,11.42308784726689,0.03684867047505449,5.866308339628006,-33.16380342754893,11.054601142516347,-0.03684867047505449,-0.009212167618763622,-11.054601142516347,-0.03684867047505449,-743.7919703278566,0.03684867047505449,-0.009212167618763622,-0.009212167618763622,-0.009212167618763622,14.739468190021796,18.424335237527245,0.3684867047505449,229.9996231908442,-0.009212167618763622,234.57831456735082,1.8424335237527245,21.5,0.03684867047505449,0.018424335237527244,0.018424335237527244,9.212167618763623,5.8097968833105345,0.03684867047505449,-5.8097968833105345,0.3684867047505449,0.03684867047505449,-635.3983520961236,0.03684867047505449,0.14739468190001048,0.18424335237503656,0.018424335237527244,0.009212167618763622,11.054601142516347,-0.03684867047505449,24.15957813379552,-61.26313415590584,-459.9992463816884,123.4929729748255,-3.684867047505449,7.369734095010898,1.8424335237527245,-0.03684867047505449,0.0,0.05527300571258174,-0.03684867047505449,-18.424335237527245,5.8097968833105345,127.90188261116299,0.018424335237527244,-43.0,-0.03684867047505449,-0.03684867047505449,-0.03684867047505449,0.018424335237527244,114.03437255331472,-7.369734095010898,0.03684867047505449,234.57831456735082,-0.009212167618763622,-0.04053353752255984,-234.57831456735082,5.527300571258173,85.0,827.8618598518283,114.03437255331472,-0.02763650285629087,374.81417707122085,-96.0,0.03684867047505449,-0.00921216761876362,1.8424335237527245,36.84867047505449,-0.018424335237527244,-0.03684867047505449,0.009212167618763622,0.0,0.0,312.425465949174,405.3987289052794,-46.0,0.0,150.71416479065527,14.341199201200386,0.0,-32.0,-93.0,-65.0,-687.5561097155885,16.0,23.0,46.5,0.0,-7.170599600600193,-366.5232262143334,-66.53016975124667,687.5561097155885,65.0,-66.53016975124667,-150.71416479065527,90.09655058534938,0.0,1496.5981,hclb
249,0.0,0.0,0.0,0.0,0.0,0.0,0.0,0.0,-0.04222993301122167,0.0,0.0,0.0,0.0,0.0,0.0,0.0,784.2390538764075,0.0,0.0,-997.449811398697,0.0,0.0,0.0,74.8877525530145,0.0,0.0,0.0,0.0,0.0,-892.8235208410551,0.6118947606276152,-0.6118947606276152,423.41810249006323,0.0,0.0,0.0,0.0,352.48353008244044,0.0,-1000.0,987.3310200966336,0.0,0.0,0.0,0.0,0.0,0.0,0.0,169.1958591406467,-20.562941558465738,0.0,0.0,0.0,0.046452926312310586,0.0,0.0,0.0,8.445986602244334,0.0,0.0,-12.074895078093505,0.0,591.6891024922194,579.6142074141259,0.0,0.0,0.0,0.0,0.0,694.3110255682598,0.0,0.42229933011221676,0.0,0.0,0.0,0.0,0.0,0.0,0.0,0.0,0.0,0.0,-685.159909885231,0.0,25.337959806733004,0.0,0.0,0.0,0.0,-237.47566009753496,-0.010557483252805418,0.0,0.0,0.0,12.668979903366502,0.0,12.668979903366502,0.0,0.0,0.0,0.0,947.812817672877,-1000.0,0.0,0.0,-9.766525866341393,564.2945981148431,0.0,0.0,0.0,0.0,0.0,0.0,0.0,0.0,0.0,0.0,0.0,0.0,0.0,0.0,0.0,0.0,0.0,-587.1202290239936,0.0,0.0,12.668979903366502,0.0,13.09127923347872,0.0,0.0,649.2952514678755,-649.2952514678755,0.0,0.0,0.0,-906.2500000000304,906.2500000000304,0.0,0.0,0.0,0.0,0.0,0.0,688.411614727095,0.04222993301122167,0.0,0.0,0.0,435.7054018851569,-1000.0,0.0,0.0,685.159909885231,0.0,53.79679614067614,0.0,0.0,0.0,0.0,0.0,533.2500799303707,533.2500799303707,0.0,0.0,0.0,0.0,-1000.0,0.0,0.0,533.9042046240095,0.0,0.0,0.0,-29.066519340147934,-355.919529093684,0.0,0.0,0.0,0.0,0.0,0.0,0.0,0.0,0.0,-1000.0,0.0,0.0,0.0,0.0,-215.40224111032458,0.0,0.0,0.0,0.0,0.0,20.562941558465738,0.0,830.8041408593533,-830.8041408593533,0.0,0.0,0.0,0.0,0.0,0.0,0.0,107.1764791589448,514.1394793618723,0.0,0.0,0.0,0.0,0.0,0.0,0.0,0.0,0.0,0.0,0.0,0.0,0.0,17.072705917787875,-26.108026795511332,-60.61139217599905,0.0,0.0,0.0,0.0,80.7347767658666,0.0,0.0,0.0,0.0,-12.074895078093505,-60.61139217599905,0.6118947606276152,0.0,46.47212224107836,0.0,0.0,0.0,0.0,0.0,1.9716986035890613,0.0,0.0,0.0,546.7000488793558,-284.1040919799975,1000.0,0.0,60.61139217599905,0.0,0.0,0.0,51.52051827369044,0.0,0.0,0.0,-33.39903340860735,0.0,0.0,-1000.0,0.0,0.0,-1000.0,0.0,0.0,830.8041408593533,0.0,-335.84152967999034,20.562941558465738,0.0,37.08673633544187,0.0,0.0,0.0,0.0,0.0,0.0,0.0,1000.0,0.0,0.0,552.5202382521933,0.0,0.0,0.0,-12.074895078093505,-0.0633448995168325,0.0,0.0,0.0,0.0,0.04222993301122167,0.0,0.0,0.0,120.02678583750242,784.2390538764075,0.0,-212.89258675565165,-228.73157374935545,355.919529093684,1000.0,0.0,-541.6483984531603,0.0,-9.766525866341393,0.0,0.0,0.0,-3.6359972322661522,0.0,545.2843956854265,-1000.0,-1000.0,0.0,0.0,0.0,0.0,0.0,0.0,0.0,0.0,0.0,0.0,0.0,0.0,0.0,0.0,0.0,0.0,46.47212224107836,-684.0310134436464,0.0,-1000.0,685.159909885231,0.0,0.0,0.0,0.0,0.0,-689.7714185700564,0.0,0.0,0.0,0.0,945.7013210223159,-427.7346979681305,0.0,0.0,0.0,427.7346979681305,-817.3137121820101,-2.1114966505610835,-602.1470004850365,0.0,0.0,-474.96215716171906,0.0,-1.0557483252805417,0.0,0.0,0.0,654.6532013050278,0.0,249.2714034512628,12.668979903366502,0.0,0.0,0.0,0.0,0.0,0.0,0.0,-17.072705917787875,17.072705917787875,17.072705917787875,-308.79737061185557,0.0,0.0,-466.18025524201295,0.0,0.0,107.1764791589448,0.0,0.0,-24.14979015618701,0.0,0.0,0.0,0.0,0.0,0.0,0.0,-38.777006698877834,0.08445986602239652,0.0,0.0,0.0,0.0,0.0,0.0,0.0,0.0,0.0,694.3110255682598,0.0,0.0,0.0,0.0,0.0,0.0,0.0,0.0,0.0,0.046452926312310586,0.046452926312310586,0.6118947606276152,100.36058880477492,0.0,25.337959806733004,0.0,0.0,0.0,349.3854074799979,0.0,0.0,0.0,0.0,0.0,-67.97394318729862,-349.3854074799979,0.0,0.0,0.0,0.0,0.0,0.0,0.0,0.0,0.0,0.0,0.0,0.0,0.0,195.70674300799786,-120.02678583750242,0.0,0.0,3.2517048418640666,0.0,0.0,0.0,-80.7347767658666,0.0,-226.9356173058697,0.0,0.0,-106.75094988617644,0.0,0.0,17.072705917787875,0.0,0.0,0.0,0.0,0.0,0.0,0.0,0.0,0.0,0.0,0.0,0.0,0.0,25.337959806733004,0.0,0.0,0.0,0.0,0.0,0.0,0.0,0.0,0.0,0.0,0.0,0.0,0.42229933011221676,0.0,0.6118947606276152,0.0,0.0,0.6118947606276152,0.0,0.0,0.0,12.668979903366502,0.0,0.0,0.0,0.0,0.0,0.0,0.0,0.0,0.0,0.0,131.32761875447716,0.0,0.0,12.668979903366502,12.668979903366502,-462.86420759051936,-349.3854074799979,0.0,0.0,0.0,0.0,0.0,0.0,0.0,1000.0,107.1764791589448,983.9968332289002,0.04222993301122167,0.0,0.0,0.0,55.77065938889126,403.1179098759526,0.0,0.0,0.0,0.0,0.0,0.0,0.0,0.0,12.227821086043932,0.0,0.0,0.0,0.0,0.0,0.0,0.0,0.04222993301122167,0.0,0.0,0.0,1000.0,-1000.0,0.0,0.0,0.0,0.0,0.0,-689.7714185700564,0.0,0.0,-315.96898655635357,-3.1672449758416255,-2.1114966505610835,0.0,0.0,0.0,0.0,0.0,0.0,0.0,0.0,0.0,0.0,0.0,0.0,0.0,355.919529093684,0.0,0.0,906.0361014068517,0.0,0.0,0.0,-0.04222993301122167,0.0,0.0,0.04222993301122167,0.0,0.04222993301122167,36.683463258131795,0.0,0.0,25.337959806733004,51.52051827369044,51.52051827369044,0.0,0.0,0.0,0.0,0.0,0.0,0.0,0.0,0.0,107.1764791589448,0.0,0.0,0.0,0.0,0.0,0.0,0.0,0.0,0.0,0.0,0.0,0.0,0.0,0.0,0.0,0.0,0.0,80.7347767658666,0.0,-708.1715943485631,708.1715943485631,0.0633448995168325,0.0,0.0,0.0,-12.668979903366502,0.0,0.0,0.0,0.0,0.0,-100.36058880477492,2.1114966505610835,0.0,0.0,0.0,0.0,1000.0,-234.8990137075601,0.0,0.0,0.0,0.0,0.0,0.0,0.0,0.0,0.0,0.0,0.0,700.4999882171136,83.28788288698705,0.0,56.55401339775567,393.35138400961125,0.0,-924.6704322776166,0.0,924.6704322776166,685.159909885231,0.0,0.0,2.1114966505610835,1000.0,0.0,129.88655648638013,-0.6118947606276152,-24.14979015618701,0.0,0.0,0.0,0.0,0.0,0.0,0.0,0.0,0.0,996.8327550241585,-3.1672449758419816,51.52051827369044,0.0,0.0,0.0,0.6118947606276152,0.0,0.0,0.0,0.0,0.0,1.9716986035890613,0.0,0.0,106.6950787564582,-750.0816849571511,0.0,0.0,12.668979903366502,0.0,0.0,0.0,0.0,-185.37998528210676,0.0,0.0,0.046452926312310586,0.0,0.0,0.0,25.76025913684522,0.0,0.0,0.0,0.0,-26.108026795511332,0.0,564.2945981148431,0.0,0.0,0.0,0.0,0.0,0.0,0.0,0.0,187.12498591742508,0.004222993301122288,0.0,0.0,0.0,0.0,0.0,36.683463258131795,0.0,0.0,0.0,0.0,0.6118947606276152,0.0,0.0,0.0,0.0,100.36058880477492,0.0,0.0,0.0,0.0,0.0,0.0,0.0,20.562941558465738,0.0,0.0,0.0,0.0,404.3826258147743,0.0,0.0,0.0,0.0,0.0,25.33795980673301,0.0,0.0,0.0,0.0,0.0,485.03157118635966,-510.36953099309267,0.0,0.0,0.0,0.0,0.0,0.0,0.0,0.0,0.0,0.6118947606276152,0.6118947606276152,0.0,-983.9968332289002,-1000.0,28.92750411268685,0.0,-12.668979903366502,0.0,315.80006682430866,0.0,0.0,0.0,0.0,0.0,0.0,0.0,0.0,0.0,0.0,0.0,0.0,0.0,0.0,0.0,0.0,0.0,-5.278741626402709,0.0,-948.8685659981576,0.0,0.0,0.0,0.0,0.0,0.0,-0.527874162640271,0.0,709.309700041418,0.0,0.0,0.0,0.0,0.0,0.0,0.0,1000.0,12.668979903366502,12.668979903366502,0.0,0.0,0.0,0.0,0.0,0.046452926312310586,100.36058880477492,0.0,0.0,-352.48353008244044,187.12076292412397,0.0,0.0,0.0,0.0,0.0,0.0,0.0,0.0,0.0,0.0,0.0,0.0,0.0,372.42752880334746,0.0,0.0,0.0,0.0,44.341429661782755,3.2517048418640666,0.0,0.0,0.0,0.0,0.0,100.36058880477492,0.0,232.787517056999,0.0,0.0,0.0,-5.278741626402709,0.0,0.0,0.0,0.0,0.0,0.0,0.0,0.0,0.0,0.0,0.0,0.0,0.0,0.0,0.0,0.0,0.0,0.0,-0.04222993301122167,0.0,0.0,2.1114966505610835,67.97394318729862,0.0,0.0,0.0,0.0,0.0,0.0,0.0,0.0,3.6359972322661522,1.0557483252805417,0.0,0.0,0.0,0.04222993301122167,0.0,42.22993301122167,-13.09127923347872,8.445986602244334,0.30164237865158333,117.82151310130847,-0.03167244975841625,474.96215716171906,0.8445986602244334,36.47231359307565,-117.82151310130847,12.668979903366502,-0.04222993301122154,3.2555086221137977,0.0,0.010557483252805418,0.30164237865158333,-9.766525866341393,-6.723005335386574,-0.23270389959681825,213.21075752228944,-0.042229933011221674,0.010557483252805418,-117.82151310130847,4.222993301122167,0.04222993301122154,0.04222993301122167,-100.27190594545138,0.04645292631233454,-39.54414758030569,-0.03167244975841625,12.668979903366502,0.042229933011221674,12.668979903366502,-21.114966505610838,-0.021114966505610837,5.280403172312326,-85.0,-0.03167244975841625,-0.042229933011221674,-13.09127923347872,0.04222993301122167,4.222993301122167,-0.8445986602244334,80.7347767658666,80.7347767658666,-4.222993301122167,-213.21075752228944,-80.7347767658666,8.445986602244334,0.0633448995168325,-1000.0,4.222993301122167,-195.70674300799786,0.0,-8.445986602244334,0.021114966505610837,0.42229933011221676,53.22314668891291,91.73386948923138,-0.04222993301122167,-109.86232373230018,100.27190594545138,13.09127923347872,0.042229933011221674,6.723005335386574,-50.67591961346603,0.0,-0.04222993301122167,-0.010557483252805418,0.0,-0.042229933011221674,-603.0716048137209,0.042229933011221674,-0.010557483252805418,-0.010557483252805418,-0.010557483252805418,16.891973204488668,21.114966505610838,0.42229933011221676,31.287101619689146,-0.010557483252805418,103.19078475571203,2.1114966505610835,21.5,0.04222993301122167,0.021114966505610837,0.021114966505610837,4.222993301122167,13.09127923347872,0.04222993301122167,-13.09127923347872,0.42229933011221676,0.042229933011221674,-31.287101619689146,0.042229933011221674,0.16891973204485566,-36.47231359307565,0.021114966505610837,0.010557483252805418,12.668979903366502,-0.042229933011221674,39.54414758030569,0.11635194979840913,-62.57420323937829,473.9064088364385,-4.222993301122167,8.445986602244334,2.1114966505610835,-0.042229933011221674,9.766525866341393,0.0633448995168325,-0.042229933011221674,-8.445986602244334,13.09127923347872,307.98711207987577,0.021114966505610837,-43.0,-0.042229933011221674,-0.042229933011221674,-0.042229933011221674,0.021114966505610837,117.82151310130847,-8.445986602244334,0.04222993301122167,106.44629337782582,-0.010557483252805418,-0.04645292631233454,-106.44629337782582,6.33448995168325,85.0,627.0113904512696,117.82151310130847,-0.03167244975841625,109.86232373230018,-91.73386948923138,0.042229933011221674,-0.010557483252805415,2.1114966505610835,42.22993301122167,-0.021114966505610837,-0.042229933011221674,0.010557483252805418,0.0,0.0,406.65040427167605,0.0,-46.0,0.0,185.96313283962638,-31.0,0.0,-32.0,-93.0,-65.0,-593.3284807618184,16.0,23.0,46.5,0.0,15.5,-100.36058880477492,-122.60712679776903,593.3284807618184,65.0,-122.60712679776903,-185.96313283962638,116.20802957598512,0.0,1496.5981,hclb
250,0.0,0.0,0.0,0.0,0.0,0.0,0.0,0.0,217.96494497777672,0.0,0.0,0.0,0.0,0.0,0.0,0.0,0.0,99.18672809743617,0.0,0.0,0.0,0.0,0.0,780.468816561975,0.0,0.0,0.0,0.0,0.0,-391.3952978680651,0.0,0.0,30.13958638051978,0.0,0.0,0.0,0.0,-110.4225856193522,0.0,-1000.0,935.0096872322091,0.0,0.0,-36.27635755066544,0.0,0.0,0.0,0.0,0.0,0.0,0.0,0.0,0.0,0.04282601725923289,0.0,0.0,0.0,0.0,0.0,0.0,-59.27176693197933,0.0,0.0,-59.27176693197933,0.0,0.0,0.0,0.0,743.451973526229,-743.451973526229,0.0,0.38932742962903993,0.0,0.0,0.0,0.0,0.0,0.0,0.0,0.0,0.0,0.0,0.0,0.0,23.359645777742394,0.0,55.84309003504578,-291.0796195692076,390.26634766664375,7.520799896897273,-0.009733185740725998,0.0,0.0,920.5416295923955,11.679822888871197,0.0,64.99031276779088,0.0,488.6868675374147,0.0,0.0,961.1147089093442,-391.3952978680651,0.0,0.0,0.0,0.0,0.0,0.0,0.0,0.0,0.0,0.0,0.0,0.0,0.0,0.0,0.0,0.0,0.0,0.0,0.0,0.0,0.0,-746.2217190667332,0.0,0.0,64.99031276779088,0.0,12.069150318500238,5.422394443035699,0.0,-85.98437499999966,1000.0,-914.0156250000003,914.0156250000003,0.0,0.0,0.0,0.0,0.0,0.0,0.0,0.0,0.0,58.84091124318939,0.038932742962903985,0.0,0.0,0.0,-1000.0,173.695747288564,0.0,0.0,592.2910321058627,0.0,3.7942660905544017,0.0,0.0,0.0,0.0,0.0,-50.893559095684594,-50.893559095684594,0.0,0.0,0.0,0.0,848.9357602595992,0.0,0.0,-50.85462635272169,0.0,0.0,0.0,0.0,-788.973482763894,0.0,0.0,0.0,0.0,0.0,0.0,0.0,0.0,0.0,0.0,0.0,0.0,0.0,0.0,-1000.0,0.0,0.0,0.0,0.0,0.0,0.0,0.0,-390.26634766664375,390.26634766664375,0.0,0.0,0.0,0.0,0.0,0.0,0.0,0.0,-121.34888875150784,0.0,0.0,0.0,0.0,0.0,0.0,0.0,0.0,0.0,0.0,0.0,0.0,0.0,26.475099791771168,852.1878397755173,391.3952978680651,0.0,0.0,0.0,0.0,81.0677929607467,0.0,0.0,0.0,0.0,-59.27176693197933,427.67165541873055,0.0,0.0,0.0,0.0,0.0,0.0,0.0,0.0,1.2536343234064224,7.786548592580798,53.31048987891968,0.0,0.0,780.5326953332874,-681.3459672358513,0.0,-391.3952978680651,0.0,0.0,0.0,148.93258382003867,0.0,0.0,0.0,-31.84531662913463,0.0,0.0,-16.46149182234754,76.4824569349371,76.4824569349371,-92.94394875728456,0.0,0.0,0.0,0.0,0.0,0.0,0.0,38.39934879182684,0.0,0.0,0.0,0.0,0.0,0.0,0.0,-218.46176194378486,0.0,0.0,-111.88696512355739,0.0,0.0,0.0,-59.27176693197933,-0.05839911444435598,0.0,0.0,0.0,0.0,0.038932742962903985,0.0,0.0,0.0,852.6882599480559,0.0,0.0,-336.344532580959,432.51954719263733,788.973482763894,1000.0,0.0,799.2270210948853,0.0,0.0,0.0,0.0,0.0,-3.3521091691060714,-743.451973526229,-52.422938399550226,-1000.0,-1000.0,0.0,0.0,0.0,0.0,0.0,0.0,0.0,0.0,0.0,0.0,0.0,0.0,0.0,0.0,0.0,0.0,0.0,-1000.0,0.0,-889.7331453525002,0.0,0.0,0.0,0.0,0.0,0.0,-60.09454556659581,0.0,488.6868675374147,0.0,0.0,959.168071761199,0.0,512.676867399068,-481.5306730287448,0.0,0.0,0.0,0.0,0.0,0.0,-512.676867399068,0.0,-48.33239582873682,-0.9733185740725997,-1.9466371481451994,563.9292189500226,0.0,0.0,0.0,-25.306282925887597,64.99031276779088,0.0,0.0,0.0,560.3861269980933,0.0,218.00387772073964,0.0,-26.475099791771168,26.475099791771168,26.475099791771168,-475.17267559067415,0.0,0.0,0.0,0.0,0.0,0.0,0.0,0.0,-6.857353793867105,0.0,0.0,0.0,0.0,0.0,0.0,0.0,-39.1067257037096,0.0778654859254857,0.0,0.0,0.0,0.0,0.0,0.0,0.0,0.0,0.0,0.0,0.0,0.0,0.0,0.0,0.0,0.0,0.0,0.0,0.0,0.04282601725923289,0.04282601725923289,0.0,114.68855119919037,0.0,23.359645777742394,0.0,0.0,0.0,450.0978288640809,0.0,0.0,55.84309003504578,0.0,0.0,-171.07515013734735,-450.0978288640809,0.0,0.0,0.0,0.0,0.0,0.0,0.0,0.0,0.0,0.0,0.0,0.0,0.0,248.74057302224438,-852.6882599480559,826.304252711436,0.0,58.84091124318939,0.0,839.4738366316487,81.0677929607467,0.0,0.0,-171.07515013734735,0.0,-210.18187584105695,0.0,0.0,0.0,26.475099791771168,0.0,0.0,0.0,0.0,0.0,0.0,0.0,0.0,0.0,0.0,0.0,0.0,0.0,23.359645777742394,0.0,0.0,0.0,0.0,0.0,0.0,0.0,0.0,0.0,0.0,0.0,0.0,0.38932742962903993,0.0,0.0,55.84309003504578,-55.84309003504578,0.0,0.0,0.0,0.0,64.99031276779088,0.0,0.0,0.0,0.0,0.0,0.0,0.0,0.0,0.0,0.0,1000.0,0.0,0.0,11.679822888871197,11.679822888871197,1000.0,-450.0978288640809,0.0,0.0,0.0,0.0,0.0,0.0,0.0,391.3952978680651,0.0,423.727273784236,0.038932742962903985,0.0,0.0,0.0,29.72667113079521,0.0,0.0,-920.5416295923955,0.0,0.0,0.0,0.0,0.0,0.0,0.0,0.0,0.0,0.0,0.0,0.0,0.0,0.0,0.038932742962903985,0.0,0.0,0.0,-1000.0,1000.0,0.0,0.0,0.0,0.0,0.0,428.5923219708193,-592.2910321058627,0.0,110.26685464749978,-2.919955722217799,0.0,-1.9466371481452012,0.0,-796.875,-796.875,796.875,0.0,0.0,0.0,0.0,0.0,0.0,0.0,0.0,788.973482763894,0.0,0.0,-23.359645777742394,0.0,0.0,0.0,217.96494497777672,0.0,0.0,0.038932742962903985,0.0,0.038932742962903985,0.0,0.0,0.0,23.359645777742394,47.49794641474287,47.49794641474287,0.0,0.0,0.0,0.0,0.0,0.0,0.0,826.304252711436,0.0,0.0,0.0,0.0,0.0,0.0,0.0,0.0,0.0,0.0,0.0,0.0,0.0,0.0,0.0,0.0,0.0,0.0,0.0,81.0677929607467,0.0,-1000.0,1000.0,0.05839911444435598,0.0,0.0,0.0,-64.99031276779088,0.0,0.0,0.0,0.0,0.0,-114.68855119919037,1.9466371481451994,0.0,0.0,0.0,0.0,-848.9357602595992,0.0,-1.9466371481452012,0.0,0.0,0.0,0.0,0.0,0.0,0.0,0.0,0.0,0.0,49.77010193745798,88.2134514074192,0.0,883.5177041188551,0.0,0.0,-60.09454556659581,488.6868675374147,-428.5923219708193,592.2910321058627,101.4346374052958,0.0,1.9466371481452012,1000.0,0.0,0.0,0.0,-118.54353386395867,-531.2499999999995,531.2499999999995,0.0,0.0,0.0,0.0,0.0,0.0,0.0,-5.839911444435728,0.0,47.49794641474287,0.0,0.0,0.0,0.0,0.0,0.0,0.0,0.0,0.0,1.2536343234064224,0.0,0.0,123.44841836584378,-29.72667113079521,-73.52766726844806,0.0,11.679822888871197,55.84309003504578,0.0,0.0,0.0,-93.23341770113842,0.0,0.0,0.04282601725923289,0.0,0.0,0.0,23.748973207371435,0.0,0.0,0.0,0.0,852.1878397755173,0.0,0.0,0.0,0.0,0.0,0.0,0.0,0.0,-783.1777301017956,0.0,0.0038932742962905103,0.0038932742962905103,0.0,0.0,0.0,0.0,0.0,0.0,0.0,0.0,0.0,0.0,0.0,0.0,0.0,0.0,0.0,114.68855119919037,0.0,0.0,0.0,0.0,0.0,0.0,0.0,0.0,0.0,0.0,0.0,111.68618007009157,0.0,0.0,99.18672809743617,0.0,0.0,0.0,23.359645777742394,0.0,0.0,0.0,0.0,0.0,0.0,-23.359645777742394,0.0,111.68618007009157,0.0,0.0,0.0,0.0,0.0,0.0,0.0,0.0,0.0,0.0,-423.727273784236,-1000.0,26.66892892958924,0.0,-64.99031276779088,0.0,-110.4225856193522,0.0,0.0,0.0,0.0,0.0,0.0,0.0,0.0,0.0,171.875,0.0,-171.875,-171.875,0.0,0.0,0.0,0.0,-4.866592870363,0.0,-962.0880274834169,-2.9199557222177974,0.0,0.0,0.0,0.0,0.0,-0.48665928703629996,0.0,599.1483858997298,0.0,0.0,0.0,0.0,0.0,0.0,0.0,1000.0,11.679822888871197,11.679822888871197,0.0,0.0,0.0,0.0,0.0,0.04282601725923289,114.68855119919037,0.0,0.0,110.4225856193522,0.0,0.0,0.0,0.0,0.0,0.0,0.0,0.0,0.0,0.0,0.0,0.0,0.0,0.0,500.0,0.0,0.0,5.422394443035699,0.0,40.87938011104919,0.0,0.0,58.84091124318939,0.0,0.0,0.0,114.68855119919037,0.0,0.0,0.0,0.0,0.0,-4.866592870363,0.0,0.0,0.0,0.0,0.0,0.0,0.0,0.0,0.0,0.0,0.0,0.0,0.0,0.0,0.0,0.0,0.0,0.0,-0.038932742962903985,0.0,0.0,1.9466371481451994,171.07515013734735,0.0,0.0,0.0,0.0,0.0,0.0,0.0,0.0,3.3521091691060714,0.9733185740725997,0.0,0.0,0.0,0.038932742962903985,0.0,38.93274296290399,-6.646755875464542,7.786548592580798,0.2780910211635999,119.46714175257354,-0.02919955722217799,481.5306730287448,0.7786548592580798,-0.1946637148153249,-119.46714175257354,11.679822888871197,-0.03893274296290399,0.0,0.0,0.009733185740725998,0.2780910211635999,0.0,-62.04118271474101,-0.7786548592580798,-99.18672809743617,-0.03893274296290399,0.009733185740725998,-119.46714175257354,3.893274296290399,0.03893274296290399,0.038932742962903985,-114.60679243896824,-55.80026401778659,-69.24631208422939,-0.02919955722217799,11.679822888871197,0.03893274296290399,64.99031276779088,33.84411839746768,-0.019466371481451996,65.45204599367499,-85.0,-0.02919955722217799,-0.03893274296290399,-6.646755875464542,0.038932742962903985,3.893274296290399,-0.7786548592580798,81.0677929607467,81.0677929607467,-3.893274296290399,99.18672809743617,-81.0677929607467,7.786548592580798,0.05839911444435598,0.0,3.893274296290399,-248.74057302224438,0.0,-7.786548592580798,0.019466371481451996,0.38932742962903993,84.08613314523976,96.0,-0.038932742962903985,-123.44841836584378,114.60679243896824,12.069150318500238,0.03893274296290399,62.04118271474101,-100.02978143440416,0.0,-0.038932742962903985,-0.009733185740725998,0.0,-0.03893274296290399,-39.1067257037096,0.03893274296281873,-0.009733185740725998,-0.009733185740725998,-0.009733185740725998,15.573097185161595,-33.84411839746768,0.38932742962903993,32.57549633386938,-0.009733185740725998,168.1722662904795,1.9466371481451994,21.5,0.038932742962903985,0.019466371481451996,0.019466371481451996,3.893274296290399,6.646755875464542,0.038932742962903985,-6.646755875464542,0.38932742962903993,0.03893274296290399,-40.0378971163223,0.03893274296290399,0.1557309718524209,0.1946637148153249,0.019466371481451996,0.009733185740725998,11.679822888871197,-0.03893274296290399,69.24631208422939,0.3893274296290399,-65.15099266773876,480.5573544546721,-3.893274296290399,7.786548592580798,1.9466371481451994,-0.03893274296290399,0.0,0.05839911444435598,-0.03893274296290399,-7.7865485925808,6.646755875464542,230.70422482095753,0.019466371481451996,-43.0,-0.03893274296290399,-0.03893274296281873,-0.03893274296290398,0.019466371481451996,119.46714175257354,-7.786548592580798,0.038932742962903985,168.1722662904795,-0.009733185740725998,55.80026401778659,-168.1722662904795,5.8399114444355975,85.0,-111.04493637803891,119.46714175257354,-0.02919955722217799,123.44841836584378,-96.0,0.03893274296290399,-0.009733185740726003,1.9466371481452012,38.93274296290399,-0.019466371481451996,-0.03893274296290399,0.009733185740725998,0.0,0.0,-7.540266268378725,7.462400782452917,-46.0,0.0,130.98542871591462,-31.0,0.0,-32.0,-93.0,-65.0,-7.520799896897273,16.0,23.0,46.5,0.0,15.5,-114.68855119919037,-137.4708071198191,7.520799896897273,65.0,-137.4708071198191,-130.98542871591462,113.56096792701419,0.0,1496.5981,hclb
251,0.0,0.0,0.0,0.0,0.0,0.0,0.0,0.0,-0.03995039332542554,0.0,0.0,0.0,0.0,0.0,0.0,0.0,-811.7379477409039,143.7261642227824,0.0,623.4758954818078,0.0,0.0,0.0,0.0,0.0,0.0,0.0,0.0,0.0,535.5086665307416,118.28843038185047,-118.28843038185047,0.0,0.0,0.0,0.0,0.0,883.1589401284774,0.0,-1000.0,988.0148820023724,0.0,0.0,276.2292812101623,0.0,0.0,0.0,0.0,0.0,0.0,0.0,0.0,0.0,0.043945432658007606,0.0,0.0,0.0,7.9900786650851074,0.0,0.0,-17.551003198560863,0.0,-387.9931211507044,-481.7344390520128,0.0,0.0,0.0,0.0,765.7604975674265,-765.7604975674265,0.0,0.3995039332542554,0.0,0.0,0.0,0.0,0.0,0.0,0.0,0.0,0.0,0.0,-113.96867159855572,0.0,23.970235995255326,0.0,0.0,-5.304566546105198,259.50947922774725,261.2570567915299,-0.009987598331356385,0.0,0.0,991.8916044611672,11.985117997627663,0.0,11.985117997627663,-118.3312545496937,0.0,0.0,0.0,999.0012401668644,535.5086665307416,0.0,0.0,0.0,459.2455081084872,675.9796316046252,0.0,0.0,0.0,0.0,0.0,0.0,0.0,0.0,0.0,0.0,0.0,0.0,0.0,0.0,0.0,0.0,-460.05604064392674,0.0,0.0,11.985117997627663,0.0,12.384621930881918,0.0,0.0,-402.1188034940123,0.0,402.1188034940123,-402.1188034940123,762.28506754836,972.6876800742888,-972.6876800742888,-838.4753822511075,0.0,0.0,0.0,0.0,0.0,117.04485188461364,0.03995039332542554,0.0,0.0,0.0,-235.0644555331005,-1000.0,0.0,0.0,0.0,0.0,290.0622610464953,0.0,0.0,0.0,0.0,0.0,-344.19313160779285,-344.19313160779285,0.0,0.0,0.0,0.0,-1000.0,0.0,0.0,-225.86475083261695,0.0,0.0,0.0,-883.5163751131614,0.0,0.0,0.0,0.0,0.0,0.0,0.0,0.0,0.0,0.0,-757.7916259034772,0.0,0.0,0.0,0.0,-1000.0,0.0,0.0,0.0,0.0,0.0,0.0,0.0,227.4933737493046,-227.4933737493046,76.19031470274751,0.0,0.0,0.0,0.0,0.0,0.0,0.0,-172.16493040615,0.0,0.0,0.0,0.0,0.0,0.0,0.0,0.0,0.0,0.0,0.0,0.0,0.0,202.7889982857837,748.7991047547835,276.2292812101623,0.0,0.0,0.0,0.0,80.96501027413203,0.0,0.0,0.0,0.0,-17.551003198560863,0.0,118.28843038185047,0.0,0.0,0.0,0.0,0.0,0.0,0.0,1.2435784972368396,0.0,0.0,0.0,-1000.0,-967.9838945215573,222.1888072031994,0.0,-276.2292812101623,0.0,0.0,76.19031470274751,888.3296662728878,0.0,0.0,0.0,-49.1378437718721,0.0,0.0,632.2010591060533,632.2010591060533,781.2499999999903,-1000.0,1000.0,-850.951059106063,487.0028529770519,0.0,1000.0,0.0,0.0,-45.693727598942274,0.0,0.0,0.0,-349.98090820048014,0.0,349.98090820048014,0.0,774.0553483807323,0.0,0.0,-747.1278607493471,0.0,0.0,0.0,-17.551003198560863,-0.05992558998813831,0.0,0.0,0.0,0.0,0.03995039332542554,0.0,0.0,0.0,829.6159785282559,-811.7379477409039,0.0,-582.9815627606707,934.1323748857978,0.0,1000.0,0.0,3.4397288653191778,0.0,0.0,0.0,0.0,0.0,-3.4397288653191778,0.0,0.0,-1000.0,-1000.0,0.0,0.0,0.0,0.0,0.0,0.0,0.0,0.0,0.0,0.0,0.0,0.0,0.0,0.0,0.0,0.0,0.0,-116.68125829821972,0.0,-1000.0,0.0,0.0,0.0,95.76094362485742,0.0,0.0,0.0,0.0,113.96867159855572,0.0,0.0,997.0037205005931,0.0,0.0,-746.1222887608761,0.0,-765.7604975674265,0.0,527.4041788434065,-400.8553546488482,347.06215003616273,0.0,0.0,-357.7920471277248,-0.9987598331356384,-529.4016985096778,1000.0,0.0,0.0,0.0,174.66525066345662,11.985117997627663,0.0,0.0,0.0,0.0,0.0,0.0,0.0,-202.7889982857837,202.7889982857837,202.7889982857837,77.33353518468017,0.0,0.0,-1000.0,0.0,0.0,0.0,0.0,0.0,-111.29232109986931,0.0,656.25000000024,0.0,0.0,0.0,0.0,0.0,-39.004960667457446,0.07990078665193323,0.0,0.0,0.0,0.0,0.0,0.0,0.0,0.0,0.0,0.0,0.0,0.0,0.0,0.0,0.0,0.0,0.0,0.0,0.0,0.043945432658007606,0.043945432658007606,118.28843038185047,290.7989196206986,0.0,23.970235995255326,0.0,0.0,0.0,1000.0,0.0,341.9771594178093,0.0,0.0,0.0,413.48129984317274,-1000.0,0.0,0.0,792.8514548823686,0.0,0.0,0.0,0.0,0.0,0.0,0.0,0.0,0.0,0.0,153.3520135479756,-829.6159785282559,775.8189474246133,197.7424370318796,3.0761802860579337,0.0,834.7362794842876,157.15532497687954,0.0,0.0,413.48129984317274,0.0,0.0,374.4763391757153,0.0,0.0,202.7889982857837,0.0,0.0,0.0,0.0,0.0,0.0,0.0,0.0,0.0,0.0,0.0,0.0,0.0,23.970235995255326,76.19031470274751,76.19031470274751,0.0,0.0,0.0,0.0,0.0,0.0,0.0,0.0,0.0,0.0,0.3995039332542554,0.0,118.28843038185047,0.0,0.0,118.28843038185047,0.0,0.0,0.0,11.985117997627663,-792.8514548823686,0.0,0.0,0.0,197.7424370318796,0.0,0.0,0.0,0.0,0.0,334.7134051693065,30.08197821698741,0.0,11.985117997627663,11.985117997627661,1000.0,-1000.0,0.0,0.0,0.0,0.0,0.0,0.0,0.0,950.3627763115601,0.0,1000.0,0.03995039332542554,0.0,0.0,0.0,52.76020158527091,7.676386150234723,0.0,-991.8916044611672,0.0,0.0,0.0,0.0,0.0,0.0,0.0,0.0,0.0,0.0,0.0,0.0,0.0,0.0,0.03995039332542554,0.0,0.0,0.0,0.0,0.0,0.0,0.0,0.0,0.0,-120.32877421596497,854.4980789112645,0.0,-620.2006330967439,-883.3187417017803,-2.99627949940691,-1.9975196662712769,0.0,0.0,0.0,0.0,0.0,0.0,0.0,0.0,0.0,0.0,0.0,0.0,76.19031470274751,0.0,0.0,0.0,176.6627703297279,0.0,0.0,0.0,-0.03995039332542554,0.0,0.0,0.03995039332542554,0.0,0.03995039332542554,0.0,0.0,0.0,23.970235995255326,48.73947985701916,48.73947985701916,0.0,0.0,0.0,0.0,0.0,0.0,113.96867159855572,775.8189474246133,0.0,0.0,0.0,0.0,0.0,0.0,0.0,0.0,0.0,0.0,0.0,0.0,0.0,0.0,0.0,0.0,0.0,0.0,0.0,157.15532497687954,0.0,0.0,0.0,0.05992558998813831,0.0,0.0,0.0,-11.985117997627663,0.0,0.0,0.0,0.0,0.0,-290.7989196206986,1.997519666271277,0.0,0.0,0.0,0.0,1000.0,-120.32877421596497,0.0,0.0,656.25000000024,0.0,0.0,0.0,0.0,0.0,76.19031470274751,0.0,792.8514548823686,0.0,88.00992133491489,0.0,832.8288687595282,7.676386150234723,0.0,0.0,734.1693046952996,-734.1693046952996,0.0,839.5901864158686,0.0,1.9975196662712769,1000.0,0.0,353.01363573047826,-118.28843038185047,-111.29232109986931,0.0,0.0,0.0,0.0,0.0,0.0,0.0,0.0,0.0,751.7990669046633,0.0,48.73947985701916,0.0,0.0,0.0,118.28843038185047,0.0,0.0,0.0,0.0,0.0,1.2435784972368396,0.0,0.0,299.7877581189193,-52.76020158527091,0.0,0.0,11.985117997627663,0.0,0.0,0.0,0.0,12.049149339809873,0.0,0.0,0.043945432658007606,0.0,0.0,0.0,24.36973992850958,0.0,0.0,0.0,0.0,748.7991047547835,0.0,459.2455081084872,0.0,0.0,0.0,0.0,0.0,0.0,0.0,0.0,141.6482124478172,0.003995039332542554,0.0,0.0,0.0,0.0,0.0,0.0,0.0,0.0,0.0,0.0,118.28843038185047,0.0,0.0,0.0,0.0,290.7989196206986,0.0,0.0,0.0,0.0,0.0,0.0,0.0,0.0,0.0,0.0,0.0,0.0,0.0,0.0,143.7261642227824,0.0,0.0,0.0,23.970235995255326,0.0,0.0,0.0,0.0,0.0,976.0297640047447,-1000.0,0.0,0.0,0.0,0.0,0.0,0.0,0.0,0.0,0.0,118.28843038185047,118.28843038185047,0.0,-1000.0,485.8714428423017,27.366019427916495,0.0,-11.985117997627663,0.0,883.1589401284774,0.0,0.0,0.0,0.0,0.0,0.0,0.0,0.0,0.0,0.0,0.0,0.0,0.0,0.0,0.0,0.0,0.0,-4.993799165678183,76.19031470274751,-1000.0,-2.9962794994069135,0.0,0.0,0.0,0.0,0.0,-1000.0,999.5006200834322,111.29232109986931,0.0,0.0,0.0,0.0,0.0,0.0,0.0,1000.0,11.985117997627661,11.985117997627663,0.0,0.0,0.0,0.0,0.0,0.043945432658007606,290.7989196206986,0.0,0.0,-883.1589401284774,141.64421740848465,0.0,0.0,0.0,0.0,0.0,0.0,0.0,0.0,0.0,0.0,0.0,0.0,0.0,0.0,0.0,0.0,0.0,0.0,41.947912991696825,117.04485188461364,0.0,0.0,0.0,0.0,0.0,290.7989196206986,0.0,0.0,0.0,0.0,0.0,-4.993799165678183,0.0,0.0,0.0,0.0,0.0,0.0,0.0,0.0,0.0,0.0,0.0,0.0,0.0,0.0,0.0,0.0,0.0,0.0,-0.03995039332542554,0.0,0.0,1.997519666271277,-413.48129984317274,0.0,0.0,0.0,0.0,76.19031470274751,0.0,0.0,0.0,3.4397288653191778,0.9987598331356384,0.0,0.0,0.0,0.03995039332542554,0.0,39.95039332542554,-12.384621930881918,7.9900786650851074,0.28535995232446815,111.46159737793727,-0.029962794994069154,548.3798517289965,0.7990078665085107,-0.19975196662824146,-111.46159737793727,11.985117997627661,-0.03995039332542554,0.0,0.0,0.009987598331356385,0.28535995232446815,0.0,-6.360102617409254,117.48942251534197,44.535888036313736,-0.03995039332542554,0.009987598331356385,-111.46159737793727,3.9950393325425537,0.03995039332542554,0.03995039332542554,-290.7150237947152,0.04394543265797673,-31.328574517222705,-0.029962794994069154,11.985117997627663,0.03995039332542554,11.985117997627663,-19.97519666271277,-0.01997519666271277,-258.7336865292726,-85.0,-0.029962794994069154,-0.03995039332542554,-12.384621930881918,0.03995039332542554,3.9950393325425537,-0.7990078665085107,157.15532497687954,157.15532497687954,-3.9950393325425537,-44.535888036313736,-157.15532497687954,7.9900786650851074,0.05992558998813831,-1000.0,3.9950393325425537,-153.3520135479756,0.0,-7.9900786650851074,0.01997519666271277,0.3995039332542554,145.74539069016768,96.0,-0.03995039332542554,-299.7877581189193,290.7150237947152,12.384621930881918,0.03995039332542554,6.360102617409254,-47.94047199051071,0.0,-0.03995039332542554,-0.009987598331356385,0.0,-0.03995039332542554,-498.2504687759446,0.03995039332542554,-0.009987598331356385,-0.009987598331356385,-0.009987598331356385,15.980157330170215,19.97519666271277,0.3995039332542554,254.32783938529516,-0.009987598331356385,291.49078138033536,1.9975196662712769,21.5,0.03995039332542554,0.01997519666271277,0.01997519666271277,3.9950393325425537,12.384621930881918,0.03995039332542554,-12.384621930881918,0.3995039332542554,0.03995039332542554,-703.787022845933,0.03995039332542554,0.1598015733028159,0.19975196662824146,0.01997519666271277,0.009987598331356385,11.985117997627663,-0.03995039332542554,31.328574517222705,-58.744711257670986,-508.6556787705903,547.3810918958609,-3.9950393325425537,7.9900786650851074,1.9975196662712769,-0.03995039332542554,0.0,0.05992558998813831,-0.03995039332542554,-7.9900786650851074,12.384621930881918,217.70484411282376,0.01997519666271277,-43.0,-0.03995039332542554,-0.03995039332542554,-0.03995039332542554,0.01997519666271277,111.46159737793727,-7.9900786650851074,0.03995039332542554,291.49078138033536,-0.009987598331356385,-0.04394543265797673,-291.49078138033536,5.992558998813831,85.0,907.1207249866085,111.46159737793727,-0.029962794994069154,299.7877581189193,-96.0,0.03995039332542554,-0.009987598331356384,1.9975196662712769,39.95039332542554,-0.01997519666271277,-0.03995039332542554,0.009987598331356385,0.0,0.0,251.7201150347555,449.45918346063786,-46.0,0.0,-108.0,6.79348245774278,0.0,-32.0,-93.0,-65.0,-748.2599097685818,16.0,23.0,46.5,0.0,-3.39674122887139,-290.7989196206986,-229.75399345263364,748.2599097685818,65.0,-229.75399345263364,108.0,-32.02728367101592,0.0,1496.5981,hclb
252,0.0,0.0,0.0,0.0,0.0,0.0,0.0,0.0,145.1577896679061,0.0,0.0,0.0,0.0,0.0,0.0,0.0,-998.8500815678448,0.0,0.0,997.7001631356895,0.0,0.0,0.0,408.34304435123323,0.0,0.0,0.0,0.0,0.0,904.7418377304062,0.0,0.0,558.1580636892669,0.0,0.0,0.0,0.0,-750.8184687376389,0.0,-97.28254304844755,989.7805328327404,0.0,0.0,0.0,0.0,0.0,0.0,0.0,0.0,0.0,0.0,0.0,0.0,0.0374713796132653,0.0,0.0,0.0,6.812978111506407,0.0,0.0,89.87810487486547,0.0,-785.5183874687741,-975.8715033508558,0.0,0.0,0.0,0.0,205.04986009545826,-205.04986009545826,0.0,0.3406489055753204,0.0,0.0,0.0,0.0,0.0,0.0,0.0,0.0,0.0,0.0,0.0,0.0,20.43893433451922,0.0,0.0,143.57402039290346,145.87385725721407,-1.098821096319,-0.008516222639383009,0.0,0.0,0.0,10.21946716725961,0.0,10.21946716725961,0.0,0.0,0.0,0.0,1.7032445278766017,809.6808205641619,0.0,0.0,0.0,0.0,0.0,0.0,0.0,0.0,0.0,0.0,0.0,0.0,0.0,0.0,0.0,0.0,0.0,0.0,0.0,0.0,0.0,-650.7957240078624,0.0,0.0,10.21946716725961,0.0,10.560116072834932,5.99838494701801,0.0,0.0,0.0,0.0,0.0,-280.2312207569472,906.2500000000529,-906.2500000000529,0.0,0.0,0.0,0.0,0.0,0.0,2.622996572929965,0.034064890557532035,0.0,0.0,0.0,0.0,-577.5436443070134,0.0,0.0,654.3699277385964,0.0,-12.486871123389736,0.0,0.0,0.0,0.0,0.0,16.91757529248159,16.91757529248159,0.0,0.0,0.0,-328.125,-545.1899259758433,0.0,0.0,16.95164018303912,0.0,0.0,0.0,-543.9516919774304,0.0,0.0,0.0,0.0,0.0,0.0,0.0,0.0,0.0,0.0,0.0,0.0,0.0,0.0,0.0,-1000.0,0.0,0.0,0.0,0.0,0.0,0.0,0.0,145.87385725721407,-145.87385725721407,280.2312207569472,0.0,0.0,0.0,0.0,0.0,0.0,95.06101716624434,-305.9484729657971,0.0,0.0,0.0,0.0,0.0,0.0,0.0,0.0,0.0,0.0,0.0,0.0,0.0,0.0,558.3680416800671,94.10824383743852,0.0,0.0,0.0,0.0,42.996280414104774,0.0,0.0,0.0,0.0,89.87810487486547,94.10824383743852,0.0,0.0,0.0,0.0,0.0,0.0,0.0,0.0,1.096889475954356,0.0,0.0,0.0,-1000.0,-1000.0,289.44787765011756,0.0,-94.10824383743852,0.0,0.0,280.2312207569472,-411.8176631881015,0.0,0.0,0.0,-143.4425275280181,0.0,0.0,976.9081469869203,0.0,1000.0,-23.0918530130797,1000.0,0.0,291.74771451442814,0.0,1000.0,0.0,0.0,-216.18968662150158,0.0,0.0,0.0,597.4147762742139,0.0,-597.4147762742139,0.0,16.88351040192406,0.0,0.0,0.0,-328.125,0.0,0.0,89.87810487486547,-0.051097335836298045,0.0,0.0,0.0,0.0,0.034064890557532035,0.0,0.0,0.0,665.456142185734,-998.8500815678448,0.0,-12.572000521894495,219.15974731134838,0.0,1000.0,0.0,253.85122230817865,0.0,0.0,0.0,0.0,0.0,-2.932987077003488,-205.04986009545826,-45.86837513571688,-982.998347203274,-1000.0,0.0,0.0,0.0,0.0,0.0,0.0,0.0,0.0,0.0,0.0,0.0,0.0,0.0,0.0,0.0,0.0,0.0,-264.33674043466715,0.0,488.74091181130905,0.0,0.0,0.0,0.0,0.0,0.0,-3.719886048884321,0.0,0.0,0.0,0.0,0.0,0.0,492.65333679367575,0.0,0.0,0.0,0.0,0.0,0.0,0.0,-492.65333679367575,-1.7032445278766017,1000.0,-0.8516222639383009,-1.7032445278766017,-503.0885518866328,0.0,0.0,0.0,-487.54360321004594,10.21946716725961,0.0,0.0,0.0,0.0,0.0,145.19185455846363,0.0,0.0,0.0,0.0,-441.7238758820948,0.0,0.0,0.0,0.0,0.0,95.06101716624434,0.0,0.0,-100.47501100721615,0.0,0.0,0.0,0.0,0.0,0.0,0.0,-29.395069794205963,0.06812978111502631,0.0,0.0,0.0,0.0,0.0,0.0,0.0,0.0,0.0,0.0,0.0,0.0,0.0,0.0,0.0,0.0,0.0,0.0,0.0,0.0374713796132653,0.0374713796132653,0.0,89.18702188849359,0.0,20.43893433451922,0.0,0.0,0.0,1000.0,0.0,0.0,0.0,0.0,0.0,-267.14174990042903,-1000.0,0.0,0.0,0.0,0.0,0.0,0.0,0.0,0.0,0.0,0.0,0.0,0.0,0.0,216.93190800262082,-665.456142185734,577.5436443070134,0.0,2.622996572929965,0.0,0.0,0.0,-323.227501171052,0.0,-277.52200320623115,0.0,-296.53681969463497,0.0,0.0,0.0,0.0,0.0,0.0,0.0,0.0,0.0,0.0,0.0,0.0,0.0,0.0,0.0,0.0,0.0,20.43893433451922,280.2312207569472,280.2312207569472,0.0,0.0,0.0,0.0,0.0,0.0,0.0,0.0,0.0,0.0,0.3406489055753204,0.0,0.0,0.0,0.0,0.0,0.0,0.0,0.0,10.219467167259609,0.0,0.0,0.0,0.0,0.0,0.0,0.0,0.0,0.0,0.0,0.0,-488.253719585895,0.0,10.21946716725961,10.21946716725961,937.4210278416126,-1000.0,0.0,0.0,0.0,0.0,0.0,0.0,0.0,-826.6824733608879,95.06101716624434,-775.4797087965753,0.034064890557532035,0.0,0.0,-280.08657711582816,301.08059172191395,527.9108977705883,0.0,0.0,0.0,0.0,0.0,0.0,0.0,0.0,0.7984810235232374,0.0,0.0,0.0,0.0,0.0,0.0,0.0,0.034064890557532035,0.0,0.0,0.0,-364.3207465724536,364.3207465724536,0.0,0.0,0.0,0.0,-3.7198860488843195,0.0,-654.3699277385964,0.0,753.0776522459762,-2.554866791814902,0.0,-1.7032445278766017,0.0,-484.375,-484.375,484.375,0.0,0.0,0.0,0.0,0.0,0.0,0.0,280.2312207569472,0.0,0.0,0.0,-485.8403586821693,0.0,0.0,0.0,145.1577896679061,0.0,0.0,0.034064890557532035,0.0,0.034064890557532035,2.395443070569712,0.0,0.0,20.43893433451922,41.559166480189084,41.559166480189084,0.0,0.0,0.0,0.0,0.0,0.0,0.0,577.5436443070134,0.0,95.06101716624434,0.0,0.0,0.0,0.0,0.0,0.0,0.0,0.0,0.0,0.0,0.0,0.0,0.0,0.0,0.0,0.0,0.0,323.227501171052,0.0,0.0,0.0,0.051097335836298045,0.0,0.0,0.0,-10.21946716725961,0.0,0.0,0.0,0.0,0.0,-89.18702188849359,1.7032445278766017,0.0,0.0,0.0,328.125,545.1899259758433,-29.71527969005365,-1.7032445278766017,0.0,0.0,0.0,0.0,0.0,0.0,0.0,280.2312207569472,0.0,0.0,-531.2499999999998,89.18702188849359,0.0,635.7306661955071,527.9108977705883,0.0,-29.71527969005365,0.0,29.71527969005365,654.3699277385964,-453.37682966829055,0.0,1.7032445278766017,1000.0,0.0,0.0,0.0,-100.47501100721615,-281.44751513807375,281.44751513807375,799.916123005083,-799.916123005083,0.0,0.0,0.0,0.0,0.0,91.74188868030849,-96.85162226393822,41.559166480189084,0.0,-18.86531442701905,-18.86531442701905,18.865314427019054,0.0,0.0,0.0,0.0,0.0,1.096889475954356,0.0,0.0,0.0,-20.994014606085784,599.4782665009931,0.0,10.21946716725961,0.0,0.0,0.0,0.0,-103.92395157400469,0.0,0.0,0.0374713796132653,0.0,0.0,0.0,20.779583240094542,0.0,0.0,0.0,0.0,558.3680416800671,0.0,0.0,0.0,0.0,0.0,0.0,0.0,0.0,0.0,0.0,0.0034064890557532037,0.0034064890557532037,0.0,0.0,0.0,0.0,0.0,2.395443070569712,0.0,0.0,0.0,-280.08657711582816,0.0,0.0,0.0,0.0,0.0,89.18702188849359,0.0,0.0,0.0,0.0,0.0,0.0,0.0,0.0,0.0,0.0,0.0,0.0,0.0,0.0,0.0,0.0,0.0,0.0,20.438934334519217,0.0,0.0,0.0,0.0,0.0,979.5610656654808,-1000.0,0.0,0.0,0.0,0.0,0.0,0.0,0.0,0.0,0.0,0.0,0.0,0.0,775.4797087965753,-1000.0,23.334450031909448,0.0,-10.219467167259609,0.0,-753.2139118082086,0.0,0.0,0.0,0.0,0.0,0.0,0.0,0.0,0.0,0.0,0.0,0.0,0.0,0.0,0.0,0.0,0.0,-4.258111319691504,280.2312207569472,-2.554866791814902,94.2967554721234,0.0,0.0,0.0,0.0,0.0,-0.4258111319691505,0.0,754.8449387458126,0.0,0.0,0.0,0.0,0.0,0.0,0.0,1000.0,10.21946716725961,10.21946716725961,0.0,0.0,0.0,0.0,0.0,0.0374713796132653,89.18702188849359,0.0,0.0,750.8184687376389,0.0,0.0,0.0,0.0,0.0,0.0,0.0,0.0,0.0,0.0,0.0,0.0,0.0,0.0,1.197721535284856,0.0,0.0,5.99838494701801,0.0,35.76813508540864,2.622996572929965,0.0,0.0,0.0,0.0,0.0,89.18702188849359,0.0,29.71527969005365,0.0,0.0,0.0,-4.258111319691504,0.0,0.0,0.0,0.0,0.0,0.0,0.0,0.0,0.0,0.0,0.0,0.0,0.0,0.0,0.0,0.0,0.0,0.0,-0.034064890557532035,0.0,0.0,1.7032445278766017,267.14174990042903,0.0,0.0,0.0,0.0,280.2312207569472,0.0,0.0,0.0,2.932987077003488,0.8516222639383009,0.0,0.0,0.0,0.034064890557532035,0.0,34.06489055753203,-4.5617311258169195,6.812978111506407,0.24332064683951454,107.0378145495504,-0.025548667918149023,1.7032445278766017,0.6812978111506407,2.225118617779755,-107.0378145495504,10.21946716725961,-0.034064890557532035,0.0,0.0,0.008516222639383009,0.24332064683951454,0.0,-5.423130576760919,-0.6812978111506389,1.149918432155232,-0.034064890557532035,0.008516222639383009,-107.0378145495504,3.4064890557532035,0.034064890557532035,0.034064890557532035,-89.1154856183228,0.03747137961328524,-59.64223571288453,-0.025548667918149023,10.21946716725961,0.034064890557532035,10.219467167259609,-17.03244527876602,-0.017032445278766017,72.12910683627426,-46.43683436041551,-0.025548667918149023,-0.034064890557532035,-4.5617311258169195,0.034064890557532035,3.4064890557532035,-0.6812978111506407,323.227501171052,323.227501171052,-3.4064890557532035,-1.149918432155232,-323.227501171052,6.812978111506407,0.051097335836298045,-723.7506055936423,3.4064890557532035,-216.93190800262082,0.0,-6.812978111506407,0.017032445278766017,0.3406489055753204,3.1430001304736237,96.0,-0.034064890557532035,-96.85162226393822,89.1154856183228,10.560116072834932,0.034064890557532035,5.423130576760919,-40.87786866903851,0.0,-0.034064890557532035,-0.008516222639383009,0.0,-0.034064890557532035,-29.395069794205963,0.034064890557532035,-0.008516222639383009,-0.008516222639383009,-0.008516222639383009,13.625956223012814,17.03244527876602,0.3406489055753204,25.237825791813748,-0.008516222639383009,6.286000260947247,1.7032445278766017,16.400779424979582,0.034064890557532035,0.017032445278766017,0.017032445278766017,3.4064890557532035,4.5617311258169195,0.034064890557532035,-4.5617311258169195,0.3406489055753204,0.034064890557532035,-25.237825791813748,0.034064890557532035,0.1362595622324534,-2.225118617779755,0.017032445278766017,0.008516222639383009,10.21946716725961,-0.034064890557532035,59.64223571288453,0.34064890557531946,-50.475651583627496,0.8516222639383009,-3.4064890557532035,6.812978111506407,1.7032445278766017,-0.034064890557532035,0.0,0.051097335836298045,-0.034064890557532035,-6.812978111506407,4.5617311258169195,273.8373675669947,0.017032445278766017,-32.801558849959164,-0.034064890557532035,-0.034064890557532035,-0.034064890557532035,0.017032445278766017,107.0378145495504,-6.812978111506407,0.034064890557532035,6.286000260947247,-0.008516222639383009,-0.03747137961328524,-6.286000260947247,5.109733583629804,46.43683436041551,346.95114494103177,107.0378145495504,-0.025548667918149023,96.85162226393822,-96.0,0.034064890557532035,-0.008516222639383009,1.7032445278766017,34.06489055753203,-0.017032445278766017,-0.034064890557532035,0.008516222639383009,96.2147254429567,0.0,433.0846797302544,0.0,-42.02722725337644,0.0,424.513669550396,-31.0,0.0,-32.0,-93.0,-65.0,-290.64889341810914,16.0,21.01361362668822,46.5,0.0,15.5,-89.18702188849359,-169.91341599299002,290.64889341810914,65.0,-169.91341599299002,-424.513669550396,230.99252458184066,0.0,1496.5981,hclb
253,0.0,0.0,0.0,0.0,0.0,0.0,0.0,0.0,-0.043519861157890354,0.0,0.0,0.0,0.0,0.0,0.0,0.0,-446.9966607198073,1000.0,0.0,-473.99343551429024,0.0,0.0,0.0,0.0,0.0,186.18537273533107,0.0,0.0,0.0,981.4480285726922,0.0,0.0,22.61685572251275,0.0,0.0,0.0,0.0,-7.621778350785765,0.0,-1000.0,944.8711980668157,0.0,0.0,24.448057807958605,0.0,0.0,0.0,138.68744996240005,971.8159567266628,0.0,0.0,530.7153823875065,0.0,0.047871847273654566,0.0,0.0,0.0,0.0,0.0,0.0,-89.47356007506087,0.0,-910.5264399249392,-1000.0,299.12091309275905,0.0,0.0,0.0,0.0,0.0,0.0,0.43519861157890355,0.0,0.0,0.0,0.0,0.0,0.0,0.0,0.0,0.0,0.0,0.0,0.0,26.111916694734212,0.0,85.64091096908903,-178.0972920963015,0.0,548.347931838974,-0.010879965289472588,0.0,0.0,0.0,13.055958347367106,0.0,69.84702907783907,0.0,0.0,0.0,0.0,2.175993057894518,707.6598776642883,0.0,0.0,-7.421355345897901,0.0,91.33307580526292,0.0,0.0,0.0,0.0,0.0,0.0,0.0,0.0,0.0,0.0,0.0,0.0,0.0,0.0,0.0,0.0,-459.0347141232939,0.0,0.0,69.84702907783907,0.0,13.49115695894601,13.49115695894601,0.0,0.0,0.0,0.0,0.0,0.0,0.0,0.0,0.0,0.0,0.0,0.0,0.0,0.0,88.99194027824662,0.043519861157890354,0.0,0.0,0.0,-341.8444000801878,0.0,0.0,0.0,0.0,0.0,444.5517562256873,0.0,0.0,0.0,0.0,0.0,277.5521022578393,277.5521022578393,0.0,0.0,0.0,0.0,0.0,0.0,0.0,277.5956221189972,0.0,0.0,0.0,461.0763259141803,0.0,0.0,0.0,0.0,0.0,0.0,0.0,0.0,0.0,0.0,0.0,0.0,0.0,0.0,0.0,-283.8526992662567,0.0,0.0,0.0,0.0,0.0,0.0,-530.7153823875065,-263.0032822428549,263.0032822428549,0.0,0.0,0.0,0.0,0.0,0.0,0.0,273.78815090840396,0.0,0.0,0.0,0.0,0.0,0.0,0.0,0.0,0.0,0.0,0.0,0.0,0.0,0.0,235.8339058267593,373.0434152738159,-975.5519421920415,0.0,0.0,0.0,0.0,0.0,0.0,0.0,0.0,0.0,-89.47356007506087,-1000.0,0.0,0.0,0.0,0.0,0.0,0.0,0.0,0.0,1.4013395292846482,147.39142219397812,56.79107073047196,0.0,74.67277063090683,337.6760528737617,0.0,0.0,975.5519421920415,0.0,0.0,0.0,-60.497372226820005,0.0,0.0,0.0,-184.10060761244256,0.0,0.0,-691.35063020802,0.0,0.0,-691.3506302080199,0.0,0.0,-263.0032822428549,0.0,0.0,0.0,0.0,148.40272654840612,0.0,0.0,0.0,-373.37595212712506,0.0,373.37595212712506,0.0,20.585849489414272,0.0,0.0,0.0,0.0,0.0,0.0,-89.47356007506087,-0.06527979173683553,0.0,0.0,0.0,0.0,0.043519861157890354,0.0,0.0,0.0,212.60433065913298,-446.9966607198073,0.0,-887.0681438538111,513.1103188701936,0.0,1000.0,0.0,0.0,0.0,-7.421355345897901,0.0,0.0,0.0,-3.7470600456943344,0.0,3.7470600456943344,-1000.0,0.0,0.0,0.0,0.0,0.0,0.0,0.0,0.0,0.0,0.0,0.0,0.0,0.0,0.0,0.0,0.0,0.0,0.0,-1000.0,0.0,-992.552301093846,0.0,0.0,0.0,0.0,0.0,811.8665630799769,-90.39327980753126,0.0,0.0,0.0,308.4131205826606,0.0,0.0,0.0,0.0,0.0,0.0,0.0,0.0,0.0,-370.75967367745426,0.0,-2.175993057894518,0.0,-1.0879965289472588,-2.175993057894518,0.0,0.0,817.3065457247133,949.0939574200758,-571.806304568938,69.84702907783907,0.0,0.0,0.0,0.0,0.0,0.0,0.0,-235.8339058267593,235.8339058267593,235.8339058267593,91.71738311431983,0.0,0.0,0.0,0.0,0.0,273.78815090840396,0.0,0.0,-7.6652982119436555,0.0,718.7500000000805,14.718227144654842,0.0,0.0,0.0,0.0,-38.64801388421097,0.08703972231592161,0.0,0.0,0.0,0.0,0.0,0.0,0.0,0.0,0.0,0.0,0.0,0.0,0.0,0.0,0.0,0.0,0.0,0.0,0.0,0.047871847273654566,0.047871847273654566,0.0,323.1299335951812,0.0,26.111916694734212,0.0,134.62346563234556,0.0,296.06304672644137,0.0,0.0,85.64091096908903,0.0,0.0,595.721891473488,-296.06304672644137,0.0,0.0,7.421355345897901,0.0,0.0,14.718227144654842,0.0,0.0,0.0,0.0,0.0,0.0,0.0,153.0115713744313,-212.60433065913298,341.8444000801878,0.0,88.99194027824662,0.0,0.0,0.0,0.0,0.0,595.721891473488,0.0,939.5112017507727,-382.4373241614956,0.0,0.0,235.8339058267593,0.0,0.0,0.0,0.0,0.0,0.0,0.0,0.0,0.0,0.0,0.0,0.0,0.0,26.111916694734212,0.0,0.0,0.0,0.0,0.0,0.0,0.0,0.0,0.0,0.0,0.0,0.0,0.43519861157890355,0.0,0.0,85.64091096908903,-85.64091096908903,0.0,-530.7153823875065,0.0,0.0,69.84702907783907,-7.421355345897901,0.0,0.0,0.0,0.0,0.0,0.0,0.0,0.0,0.0,0.0,38.109577342827826,0.0,13.055958347367106,13.055958347367106,392.70044520387347,-296.06304672644137,0.0,14.718227144654842,0.0,0.0,0.0,0.0,0.0,1000.0,273.78815090840396,910.8564549685124,0.043519861157890354,0.0,0.0,0.0,3.5095659462327293,0.0,0.0,0.0,0.0,0.0,0.0,0.0,0.0,0.0,0.0,0.0,0.0,0.0,0.0,0.0,0.0,0.0,0.043519861157890354,0.0,0.0,0.0,-1000.0,1000.0,0.0,0.0,0.0,0.0,0.0,-90.39327980753126,0.0,0.0,7.447698906153922,-3.263989586841777,0.0,-2.1759930578945164,0.0,0.0,0.0,0.0,0.0,0.0,0.0,0.0,0.0,0.0,0.0,0.0,0.0,0.0,0.0,247.67623421366974,0.0,0.0,0.0,-0.043519861157890354,0.0,0.0,0.043519861157890354,0.0,0.043519861157890354,0.0,0.0,0.0,26.111916694734212,53.094230612626234,53.094230612626234,0.0,0.0,0.0,0.0,0.0,0.0,0.0,341.8444000801878,0.0,273.78815090840396,0.0,0.0,0.0,0.0,0.0,0.0,0.0,0.0,0.0,0.0,0.0,0.0,0.0,0.0,0.0,0.0,0.0,0.0,0.0,-229.47707500573173,229.47707500573173,0.06527979173683553,0.0,0.0,0.0,-69.84702907783907,0.0,0.0,0.0,0.0,0.0,-323.1299335951812,2.175993057894518,0.0,0.0,0.0,0.0,0.0,-649.6682714056792,-2.175993057894516,0.0,718.7500000000805,0.0,0.0,0.0,0.0,0.0,0.0,0.0,7.421355345897901,52.827804487482666,87.29602776842194,0.0,398.14042784860976,-7.421355345897901,0.0,-740.0615512132105,0.0,740.0615512132105,0.0,-113.59160283944624,134.62346563234556,2.175993057894516,718.2324827367624,0.0,0.0,0.0,-178.94712015012172,0.0,0.0,0.0,0.0,0.0,0.0,0.0,0.0,0.0,-3.263989586841774,-3.2639895868418285,53.094230612626234,0.0,-769.5556250671136,-769.5556250671136,769.5556250671136,0.0,0.0,0.0,0.0,0.0,1.4013395292846482,0.0,0.0,329.6579127688648,-3.5095659462327293,0.0,0.0,13.055958347367106,85.64091096908903,0.0,0.0,0.0,222.72697169782026,0.0,0.0,0.047871847273654566,0.0,0.0,0.0,26.547115306313117,0.0,0.0,0.0,0.0,373.0434152738159,0.0,0.0,0.0,0.0,0.0,0.0,0.0,0.0,0.0,0.0,0.0043519861157892414,0.0043519861157892414,0.0,0.0,0.0,0.0,0.0,0.0,0.0,0.0,0.0,0.0,0.0,0.0,0.0,0.0,0.0,323.1299335951812,0.0,0.0,0.0,0.0,0.0,0.0,0.0,0.0,0.0,0.0,0.0,171.28182193817807,0.0,-926.8861826147483,1000.0,0.0,0.0,0.0,26.111916694734212,0.0,0.0,0.0,0.0,0.0,-26.111916694734212,0.0,0.0,171.28182193817807,0.0,0.0,0.0,0.0,0.0,0.0,0.0,0.0,0.0,0.0,89.14354503148762,707.6598776642883,29.811104893154862,0.0,-69.84702907783907,0.0,-7.621778350785765,0.0,0.0,0.0,0.0,0.0,0.0,0.0,0.0,0.0,0.0,0.0,0.0,0.0,0.0,0.0,0.0,134.62346563234556,-5.439982644736293,0.0,-3.263989586841777,0.0,0.0,0.0,0.0,0.0,0.0,-640.9940867677864,640.4500885033127,7.6652982119436555,0.0,0.0,0.0,0.0,0.0,0.0,0.0,1000.0,13.055958347367106,13.055958347367106,0.0,0.0,0.0,0.0,0.0,0.047871847273654566,323.1299335951812,0.0,0.0,7.621778350785765,0.0,0.0,0.0,0.0,0.0,0.0,0.0,0.0,0.0,0.0,0.0,0.0,0.0,0.0,21.64585113520033,0.0,0.0,13.49115695894601,0.0,45.69585421578487,88.99194027824662,0.0,0.0,0.0,0.0,0.0,323.1299335951812,0.0,649.6682714056792,0.0,0.0,0.0,-5.439982644736293,0.0,0.0,0.0,0.0,0.0,0.0,0.0,0.0,0.0,0.0,0.0,0.0,0.0,0.0,0.0,0.0,0.0,0.0,-0.043519861157890354,0.0,0.0,2.175993057894518,-595.721891473488,0.0,0.0,0.0,0.0,0.0,0.0,0.0,0.0,3.7470600456943344,1.0879965289472588,0.0,0.0,186.18537273533107,0.043519861157890354,0.0,43.519861157890354,0.0,8.70397223157807,0.31085615112778825,148.40272654840612,-0.03263989586841776,2.175993057894518,0.8703972231578071,-0.21759930578973385,-148.40272654840612,13.055958347367106,-0.043519861157890354,2.4737851152993002,14.718227144654842,0.010879965289472588,0.31085615112778825,-7.421355345897901,-92.56927286542577,-0.8703972231578518,-79.00990376590244,-0.043519861157890354,0.010879965289472588,-148.40272654840612,4.351986115789035,0.043519861157890354,0.043519861157890354,-323.03854188674967,-85.59303912181535,-46.42215891492792,-0.03263989586841776,13.055958347367106,0.043519861157890354,69.84702907783907,35.031140151526785,-0.021759930578945177,-383.2868866189636,-4.395505976946926,-0.03263989586841776,-0.043519861157890354,0.0,0.043519861157890354,4.351986115789035,-0.8703972231578071,0.0,0.0,-4.351986115789035,79.00990376590244,0.0,8.70397223157807,0.06527979173683553,26.972938552510158,4.351986115789035,-153.0115713744313,14.718227144654842,-8.70397223157807,0.021759930578945177,0.43519861157890355,221.76703596345277,96.0,-0.043519861157890354,-332.9219023557066,323.03854188674967,13.49115695894601,0.043519861157890354,92.56927286542577,-94.29667697528555,14.718227144654842,-0.043519861157890354,-0.010879965289472588,-14.718227144654842,-0.043519861157890354,-38.64801388421097,0.04351986115777667,-0.010879965289472588,-0.010879965289472588,-0.010879965289472588,17.40794446315614,-35.031140151526785,0.43519861157890355,45.549387483614595,-0.010879965289472588,441.06028681160626,2.1759930578945177,21.5,0.043519861157890354,0.021759930578945177,0.021759930578945177,11.711099688116455,0.0,0.043519861157890354,0.0,0.43519861157890355,0.043519861157890354,-72.16260818013743,0.043519861157890354,0.17407944463184322,0.21759930578973385,0.021759930578945177,0.010879965289472588,13.055958347367106,-0.043519861157890354,46.42215891492792,0.4351986115789259,-91.09877496722919,1.0879965289472588,-4.351986115789035,8.70397223157807,2.175993057894518,-0.043519861157890354,7.421355345897901,0.06527979173683553,-0.043519861157890354,-23.42219937623291,0.0,-2.422212516421496,0.021759930578945177,-43.0,-0.043519861157890354,-0.04351986115777667,-0.043519861157890354,0.021759930578945177,148.40272654840612,-8.70397223157807,0.043519861157890354,443.53407192690554,-0.010879965289472588,85.59303912181535,-443.53407192690554,6.527979173683553,4.395505976946926,-201.9622463666702,148.40272654840612,-0.03263989586841776,332.9219023557066,-96.0,0.043519861157890354,-0.010879965289472587,310.5891136405551,43.519861157890354,-0.021759930578945177,-0.043519861157890354,0.010879965289472588,518.1107720637406,0.0,-312.3393480792082,26.61322069652283,-46.0,0.0,-108.0,-31.0,0.0,-32.0,-93.0,-65.0,-285.34464959611915,16.0,23.0,46.5,0.0,15.5,-323.1299335951812,-220.30475918139877,285.34464959611915,65.0,-220.30475918139877,108.0,-9.027654570251741,0.0,1496.5981,hclb
254,0.0,0.0,0.0,0.0,0.0,0.0,0.0,0.0,-0.07624492441231363,0.0,0.0,0.0,0.0,0.0,0.0,0.0,-27.211907706641455,832.2641127250919,0.0,-1000.0,0.0,0.0,0.0,71.24134139541297,0.0,0.0,0.0,0.0,0.0,-746.3765203271178,0.0,0.0,17.248835836492724,0.0,0.0,0.0,0.0,423.56895797303923,0.0,-1000.0,1000.0,0.0,0.0,-280.8353873795237,0.0,0.0,147.9778866052253,154.19953354579002,54.42381541328291,-489.97240097141423,0.0,0.0,0.0,0.0838694168537586,0.0,0.0,0.0,0.0,0.0,0.0,-6.714636343244819,0.0,0.0,-6.714636343244819,0.0,0.0,0.0,0.0,0.0,0.0,0.0,0.7624492441231364,0.0,0.0,0.0,0.0,0.0,0.0,0.0,414.2248142631742,0.0,0.0,406.1313552561902,0.0,45.74695464738818,0.0,0.0,-537.8351633308043,38.43070304146537,277.24475760114785,-0.01906123110307841,0.0,0.0,123.89778385295782,22.87347732369409,0.0,22.87347732369409,0.0,0.0,0.0,436.92198573511655,642.3800675082283,-746.3765203271178,0.0,0.0,-12.06615133399493,0.0,583.3101219377365,0.0,0.0,0.0,0.0,0.0,0.0,0.0,0.0,0.0,0.0,0.0,0.0,0.0,0.0,0.0,0.0,-518.975271388334,0.0,0.0,22.87347732369409,0.0,23.635926567817226,23.635926567817226,0.0,0.0,0.0,0.0,0.0,0.0,0.0,0.0,0.0,0.0,0.0,0.0,0.0,0.0,-400.2604960764421,0.07624492441231363,0.0,0.0,0.0,0.0,-843.7570482378055,0.0,0.0,0.0,0.0,515.684774238915,0.0,0.0,0.0,0.0,0.0,-147.90164168081301,-147.90164168081301,0.0,0.0,0.0,-479.16666666666663,0.0,0.0,0.0,-147.8253967564007,0.0,0.0,0.0,-897.3129124284358,0.0,0.0,0.0,0.0,0.0,0.0,0.0,0.0,0.0,0.0,0.0,0.0,0.0,0.0,0.0,-784.8192910361472,0.0,0.0,0.0,0.0,0.0,489.97240097141423,0.0,684.3245393573867,-684.3245393573867,0.0,0.0,0.0,0.0,0.0,0.0,0.0,0.0,310.91811588113836,0.0,0.0,0.0,0.0,0.0,0.0,0.0,0.0,0.0,0.0,0.0,0.0,0.0,288.35361946595395,831.2550180027309,719.1646126204763,0.0,0.0,0.0,0.0,77.29926263435632,0.0,0.0,0.0,0.0,-6.714636343244819,1000.0,0.0,0.0,343.60537635653145,0.0,0.0,0.0,0.0,0.0,6.267332786693711,169.44851842825275,0.0,0.0,0.0,-645.8938363159214,200.91319143986527,0.0,-719.1646126204763,0.0,0.0,0.0,347.3915273408338,0.0,0.0,0.0,237.3019828536859,0.0,0.0,-1000.0,0.0,0.0,-1000.0,0.0,0.0,722.7552423988521,0.0,1000.0,489.97240097141423,0.0,182.6959296116332,0.0,0.0,0.0,-468.8168109131133,0.0,468.8168109131133,0.0,1000.0,0.0,0.0,1000.0,-479.1666666666666,0.0,0.0,-6.714636343244819,-0.11436738661847044,0.0,0.0,0.0,0.0,0.07624492441231363,0.0,0.0,0.0,678.379218291403,-27.211907706641455,0.0,-939.4988635381873,1000.0,0.0,958.1224622061568,0.0,432.64377762529307,0.0,-12.06615133399493,0.0,0.0,0.0,-6.564687991900416,573.9209103666074,-1000.0,-1000.0,-1000.0,0.0,0.0,0.0,0.0,0.0,0.0,0.0,0.0,0.0,0.0,0.0,0.0,0.0,0.0,0.0,0.0,343.60537635653145,-576.1260623293116,0.0,-1000.0,0.0,0.0,3.8122462206156342,634.2073536001614,0.0,907.2275278055611,393.9931632897484,0.0,30.790630478926374,0.0,906.0333002064684,638.5678212876127,0.0,0.0,0.0,-1.9061231103078409,-573.9209103666074,196.75967162509426,942.3391551660523,-8.697090927648674,0.0,0.0,-640.1998336645026,1000.0,0.0,-946.1514013866679,0.0,0.0,195.330700039499,1000.0,-244.88990090750286,22.87347732369409,0.0,0.0,0.0,0.0,0.0,0.0,0.0,-288.35361946595395,288.35361946595395,288.35361946595395,89.8171664515322,0.0,0.0,-1000.0,0.0,0.0,0.0,0.0,0.0,-13.429272686489638,0.0,0.0,64.75101511753728,0.0,0.0,0.0,0.0,-35.37550755876864,0.15248984882464356,0.0,0.0,0.0,0.0,0.0,0.0,0.0,0.0,0.0,0.0,0.0,0.0,0.0,0.0,0.0,0.0,0.0,0.0,0.0,0.0838694168537586,0.0838694168537586,0.0,369.10463458349125,0.0,45.74695464738818,0.0,0.0,0.0,1000.0,0.0,14.225850120830625,0.0,0.0,0.0,604.3741515253811,-1000.0,0.0,0.0,747.7465566714582,0.0,0.0,64.75101511753728,0.0,0.0,0.0,0.0,0.0,0.0,0.0,172.99175712944466,-678.379218291403,843.7570482378055,0.0,5.870859179748095,0.0,46.59852121860149,77.29926263435632,0.0,0.0,604.3741515253811,0.0,568.9986439666125,0.0,0.0,0.0,288.35361946595395,0.0,0.0,0.0,0.0,0.0,0.0,0.0,0.0,0.0,0.0,0.0,0.0,0.0,45.74695464738818,0.0,0.0,0.0,0.0,0.0,0.0,0.0,0.0,0.0,0.0,0.0,0.0,0.7624492441231364,0.0,0.0,0.0,0.0,0.0,0.0,0.0,0.0,22.87347732369409,-747.7465566714582,0.0,0.0,0.0,0.0,0.0,0.0,0.0,0.0,0.0,12.54824751681906,0.0,0.0,22.87347732369409,22.87347732369409,573.0593319226653,-1000.0,0.0,64.75101511753728,0.0,0.0,0.0,0.0,0.0,746.3765203271178,0.0,1000.0,0.07624492441231363,0.0,0.0,-609.3750000001144,615.5236085473643,0.0,0.0,-123.89778385295782,0.0,0.0,0.0,0.0,0.0,0.0,0.0,0.0,0.0,0.0,0.0,0.0,0.0,0.0,0.07624492441231363,0.0,0.0,0.0,0.0,0.0,0.0,0.0,0.0,0.0,0.0,428.5960399892904,0.0,0.0,-423.8739376706884,-5.718369330923522,-3.8122462206156817,0.0,0.0,0.0,0.0,0.0,0.0,0.0,0.0,0.0,0.0,0.0,0.0,0.0,0.0,0.0,0.0,-45.74695464738818,0.0,0.0,0.0,-0.07624492441231363,0.0,0.0,0.07624492441231363,0.0,0.07624492441231363,0.0,0.0,0.0,45.74695464738818,93.01880778302262,93.01880778302262,0.0,0.0,0.0,0.0,0.0,0.0,30.790630478926374,843.7570482378055,0.0,0.0,0.0,0.0,0.0,0.0,0.0,0.0,0.0,0.0,0.0,0.0,0.0,0.0,0.0,0.0,0.0,0.0,0.0,77.29926263435632,0.0,0.0,0.0,0.11436738661847044,0.0,0.0,0.0,-22.87347732369409,0.0,0.0,0.0,0.0,0.0,-369.10463458349125,3.812246220615682,0.0,0.0,0.0,479.1666666666666,0.0,-1000.0,0.0,0.0,0.0,0.0,0.0,0.0,0.0,0.0,0.0,0.0,747.7465566714582,0.0,80.75101511753728,0.0,893.5080633553428,-12.06615133399493,0.0,-606.0068367102516,30.790630478926374,575.2162062313253,0.0,254.3727195578112,0.0,3.8122462206156817,1000.0,0.0,0.0,0.0,-13.429272686489638,0.0,0.0,0.0,0.0,0.0,0.0,0.0,0.0,0.0,374.82300391441476,-386.2597425762616,93.01880778302262,0.0,0.0,0.0,0.0,0.0,0.0,0.0,0.0,0.0,6.267332786693711,0.0,0.0,0.0,-6.148608547250092,0.0,0.0,22.87347732369409,0.0,0.0,0.0,0.0,254.07737871296774,0.0,0.0,0.0838694168537586,0.0,0.0,0.0,46.50940389151131,0.0,0.0,0.0,0.0,831.2550180027309,0.0,0.0,0.0,0.0,0.0,0.0,0.0,0.0,0.0,0.0,0.007624492441231365,0.007624492441231365,0.0,0.0,0.0,0.0,0.0,0.0,0.0,0.0,0.0,-609.3750000001144,0.0,0.0,0.0,0.0,0.0,369.10463458349125,0.0,0.0,0.0,0.0,0.0,0.0,0.0,489.97240097141423,0.0,0.0,0.0,0.0,0.0,0.0,832.2641127250919,0.0,0.0,0.0,45.74695464738818,0.0,0.0,0.0,0.0,0.0,199.83903938182206,-245.58599402921024,0.0,0.0,0.0,0.0,0.0,0.0,0.0,0.0,0.0,0.0,0.0,0.0,-1000.0,-1000.0,52.22777322243485,0.0,-22.87347732369409,0.0,423.56895797303923,0.0,0.0,0.0,0.0,0.0,0.0,0.0,0.0,0.0,78.125,0.0,-78.125,-78.125,0.0,0.0,0.0,0.0,-9.530615551539205,0.0,-644.2861906185361,380.5413732453383,0.0,0.0,0.0,0.0,0.0,0.0,-0.9530615551539204,13.429272686489638,0.0,0.0,0.0,0.0,0.0,0.0,0.0,1000.0,22.87347732369409,22.87347732369409,0.0,0.0,0.0,0.0,414.2248142631742,0.0838694168537586,369.10463458349125,0.0,0.0,-423.56895797303923,0.0,0.0,0.0,0.0,0.0,0.0,0.0,0.0,0.0,0.0,0.0,0.0,0.0,0.0,0.0,0.0,0.0,23.635926567817226,0.0,80.05717063292931,36.66148965867447,0.0,0.0,0.0,0.0,0.0,369.10463458349125,0.0,1000.0,0.0,0.0,0.0,-9.530615551539205,0.0,0.0,0.0,0.0,0.0,0.0,0.0,0.0,0.0,0.0,0.0,0.0,0.0,0.0,0.0,0.0,0.0,0.0,-0.07624492441231363,0.0,0.0,3.812246220615682,-604.3741515253811,0.0,0.0,0.0,0.0,0.0,0.0,0.0,0.0,6.564687991900416,1.9061231103078409,0.0,0.0,0.0,0.07624492441231363,0.0,76.24492441231364,0.0,15.248984882462727,0.5446066029450974,259.99519224598953,-0.05718369330923522,640.1998336645026,1.5248984882462728,-0.3812246220614871,-259.99519224598953,22.87347732369409,-0.07624492441231365,4.022050444664976,64.75101511753728,0.01906123110307841,0.5446066029450974,-12.066151333994927,-12.13819196644181,-1.5248984882462728,194.94779498154958,-0.07624492441231365,0.01906123110307841,-259.99519224598953,7.6244924412313635,0.07624492441231365,0.07624492441231363,-368.94452024222517,0.08386941685354501,-28.492040727271498,-0.05718369330923522,22.87347732369409,0.07624492441231365,22.87347732369409,-38.12246220615682,-0.03812246220615682,-463.06043084365365,-85.0,-0.05718369330923522,-0.07624492441231365,0.0,0.07624492441231363,7.6244924412313635,-1.5248984882462728,77.29926263435632,77.29926263435632,-7.6244924412313635,-194.94779498154958,-77.29926263435632,15.248984882462729,0.11436738661847044,-866.5058260432452,7.6244924412313635,-172.99175712944466,64.75101511753728,-15.248984882462727,0.03812246220615682,0.7624492441231364,234.87471588454682,96.0,-0.07624492441231363,-386.2597425762616,368.94452024222517,23.635926567817226,0.07624492441231365,12.13819196644181,-26.742894177239048,64.75101511753728,-0.07624492441231363,-0.01906123110307841,-64.75101511753728,-0.07624492441231365,-35.37550755876864,0.07624492441231365,-0.01906123110307841,-0.01906123110307841,-0.01906123110307841,30.497969764925454,38.12246220615682,0.7624492441231364,181.44719962791848,-0.01906123110307841,465.7273813244287,3.8122462206156817,21.5,0.07624492441231363,0.03812246220615682,0.038122462206156824,40.0,0.0,0.07624492441231363,0.0,0.7624492441231364,0.07624492441231365,-431.3656821358064,0.07624492441231365,0.30497969764917343,0.3812246220614871,0.03812246220615682,0.01906123110307841,22.87347732369409,-0.07624492441231369,28.492040727271498,0.7624492441231364,-362.89439925583696,638.2937105541948,-7.6244924412313635,15.248984882462727,3.8122462206156817,-0.07624492441231365,12.066151333994927,0.11436738661847044,-0.07624492441231365,-80.0,0.0,83.4188914073539,0.038122462206156824,-43.0,-0.07624492441231365,-0.07624492441231365,-0.07624492441231365,0.038122462206156824,259.99519224598953,-15.248984882462727,0.07624492441231363,469.74943176909363,-0.01906123110307841,-0.08386941685354501,-469.74943176909363,11.436738661847043,85.0,681.7267015778921,259.99519224598953,-0.05718369330923522,386.2597425762616,-96.0,0.07624492441231365,-0.019061231103078412,909.8455464270841,76.24492441231364,-0.03812246220615682,-0.07624492441231365,0.01906123110307841,0.0,0.0,-133.53229641896098,249.91848250788794,-46.0,0.0,-97.42687963903359,-31.0,0.0,-32.0,-93.0,-65.0,-1000.0,16.0,23.0,46.5,0.0,15.5,-369.10463458349125,-337.49627012032164,1000.0,65.0,-337.49627012032164,97.42687963903359,-39.15423895151295,0.0,1496.5981,hclb
255,0.0,0.0,0.0,0.0,0.0,0.0,0.0,0.0,-0.07362381335038115,0.0,0.0,0.0,0.0,0.0,0.0,0.0,-280.9400638460596,430.93084610173736,0.0,0.0,0.0,0.0,0.0,58.255684258940704,0.0,0.0,0.0,0.0,0.0,-518.3986242849388,0.0,0.0,13.379669473991386,0.0,0.0,0.0,0.0,-12.893983844763227,0.0,-1000.0,1000.0,0.0,0.0,0.0,0.0,0.0,0.0,0.0,-270.9115703500954,0.0,0.0,-832.7916980422146,0.0,0.08098619468523793,0.0,0.0,0.0,14.724762670076231,0.0,0.0,-21.379588268685737,0.0,0.0,-21.379588268685737,0.0,0.0,0.0,0.0,0.0,0.0,0.0,0.7362381335038115,0.0,0.0,0.0,0.0,0.0,0.0,0.0,450.399574412572,0.0,0.0,0.0,0.0,44.17428801022869,0.0,14.895784439628931,0.0,222.19364588354375,0.0,-0.018405953337595288,0.0,0.0,0.0,22.087144005114347,0.0,22.087144005114347,0.0,0.0,0.0,0.0,3.6811906675190578,-1000.0,0.0,0.0,-15.993244250965374,0.0,0.0,0.0,0.0,0.0,0.0,0.0,0.0,0.0,0.0,0.0,0.0,0.0,0.0,0.0,0.0,0.0,0.0,-529.333825914397,0.0,0.0,22.087144005114347,0.0,22.823382138618154,22.823382138618154,0.0,-143.29760798645688,143.29760798645688,0.0,0.0,0.0,0.0,0.0,0.0,0.0,0.0,0.0,0.0,0.0,20.564818067608265,0.07362381335038115,0.0,0.0,0.0,-463.29109809484487,0.0,0.0,0.0,0.0,0.0,487.2629579425293,0.0,0.0,0.0,0.0,0.0,255.8356635583873,255.8356635583873,0.0,0.0,0.0,0.0,-349.85542617747274,0.0,0.0,255.9092873717377,0.0,0.0,0.0,-552.5371904768947,0.0,0.0,0.0,0.0,0.0,0.0,0.0,0.0,0.0,0.0,0.0,0.0,0.0,0.0,0.0,-1000.0,0.0,0.0,0.0,0.0,0.0,0.0,832.7916980422146,130.94928159038193,-130.94928159038193,0.0,0.0,0.0,0.0,0.0,0.0,0.0,481.6013757150612,-495.63664124402897,0.0,0.0,0.0,0.0,0.0,0.0,0.0,0.0,0.0,0.0,0.0,0.0,0.0,301.2414696984764,466.77142307201996,237.4585604388792,0.0,0.0,0.0,0.0,77.5639948516115,0.0,0.0,0.0,0.0,-21.379588268685737,237.4585604388792,0.0,0.0,0.0,0.0,0.0,0.0,0.0,0.0,611.7790515878277,0.0,0.0,0.0,-544.8953959401173,-453.6510316469554,692.8294092825012,0.0,-237.4585604388792,0.0,0.0,0.0,89.821052287465,0.0,0.0,0.0,-255.6686333995073,0.0,0.0,263.1761162044111,0.0,962.1498650991267,-698.9737488947154,962.1498650991267,0.0,353.1429274739257,0.0,0.0,0.0,0.0,173.49320867318818,0.0,0.0,0.0,0.0,0.0,0.0,0.0,1000.0,0.0,0.0,0.0,0.0,0.0,0.0,-21.379588268685737,-0.11043572002557173,0.0,0.0,0.0,0.0,0.07362381335038115,0.0,0.0,0.0,288.56980955544645,-280.9400638460596,0.0,-974.6214462053061,625.0364305222312,0.0,956.8119066751906,0.0,6.339010329467635,0.0,-15.993244250965374,0.0,0.0,0.0,-6.339010329467635,0.0,0.0,-1000.0,-1000.0,0.0,0.0,0.0,0.0,0.0,0.0,0.0,0.0,0.0,0.0,0.0,0.0,0.0,0.0,0.0,0.0,0.0,-742.0684434067314,0.0,-729.4689548153696,0.0,0.0,609.4083647979454,0.0,0.0,0.0,-632.3438696554359,0.0,0.0,0.0,942.3391159089635,0.0,109.92917971065117,-593.7500000000006,0.0,0.0,-109.92917971065117,-883.3274493668853,0.0,-484.8652291318083,-556.6083514534434,593.7500000000006,-3.6811906675190578,10.247385511256539,-1.8405953337595289,-3.6811906675190578,0.0,0.0,0.0,1000.0,934.8001931122349,22.087144005114347,0.0,0.0,0.0,0.0,0.0,0.0,301.2414696984764,0.0,0.0,0.0,94.26848158088914,0.0,0.0,-788.9253135738497,0.0,0.0,481.6013757150612,0.0,0.0,-12.967607658113607,0.0,0.0,65.27523732992377,0.0,0.0,0.0,0.0,-18.60681902793931,0.14724762670057245,0.0,0.0,0.0,0.0,0.0,0.0,0.0,0.0,0.0,0.0,0.0,0.0,0.0,0.0,0.0,0.0,0.0,0.0,0.0,0.08098619468523793,0.08098619468523793,0.0,382.51670702840016,0.0,44.17428801022869,0.0,0.0,0.0,1000.0,0.0,0.0,14.895784439628931,0.0,0.0,607.5494969935279,-1000.0,0.0,0.0,783.9213168208556,0.0,0.0,65.27523732992377,0.0,0.0,0.0,0.0,0.0,0.0,0.0,176.44460863813234,-288.56980955544645,463.29109809484487,0.0,20.564818067608265,0.0,0.0,0.0,-77.5639948516115,0.0,607.5494969935279,0.0,0.0,588.9426779655886,0.0,0.0,301.2414696984764,0.0,0.0,0.0,0.0,0.0,0.0,0.0,0.0,0.0,0.0,0.0,0.0,0.0,44.17428801022869,0.0,0.0,0.0,0.0,0.0,0.0,0.0,0.0,0.0,0.0,0.0,0.0,0.7362381335038115,0.0,0.0,14.895784439628931,-14.895784439628931,0.0,832.7916980422146,0.0,0.0,22.087144005114347,-783.9213168208556,0.0,0.0,0.0,0.0,0.0,0.0,0.0,0.0,0.0,155.58636550814458,0.0,0.0,22.087144005114347,22.087144005114347,1000.0,-1000.0,0.0,65.27523732992377,0.0,0.0,0.0,0.0,0.0,1000.0,481.6013757150612,774.9875553513259,0.07362381335038115,0.0,0.0,5.937234662327166,0.0,0.0,0.0,0.0,0.0,0.0,0.0,0.0,0.0,0.0,0.0,0.0,0.0,0.0,0.0,0.0,0.0,0.0,0.07362381335038115,0.0,0.0,0.0,327.39311176422694,-327.39311176422694,0.0,0.0,0.0,0.0,0.0,0.0,0.0,-22.935504857490514,12.599488591361766,-5.521786001278587,0.0,-3.6811906675190578,0.0,0.0,0.0,0.0,0.0,0.0,0.0,0.0,0.0,0.0,0.0,0.0,0.0,0.0,0.0,938.481383779754,0.0,0.0,0.0,-0.07362381335038115,0.0,0.0,0.07362381335038115,0.0,0.07362381335038115,0.0,0.0,0.0,44.17428801022869,89.821052287465,89.821052287465,0.0,0.0,0.0,0.0,0.0,0.0,0.0,463.29109809484487,0.0,481.6013757150612,0.0,0.0,0.0,0.0,0.0,0.0,0.0,0.0,0.0,0.0,0.0,0.0,0.0,0.0,0.0,0.0,0.0,77.5639948516115,0.0,0.0,0.0,0.11043572002557173,0.0,0.0,0.0,-22.087144005114347,0.0,0.0,0.0,0.0,0.0,-382.51670702840016,3.6811906675190578,0.0,0.0,0.0,0.0,349.85542617747274,0.0,-3.6811906675190578,0.0,0.0,0.0,0.0,0.0,0.0,0.0,0.0,0.0,783.9213168208556,0.0,81.27523732992377,0.0,513.5663354247687,-15.993244250965374,0.0,-632.3438696554359,22.935504857490514,609.4083647979454,0.0,0.0,0.0,3.6811906675190578,1000.0,0.0,501.05429607492147,0.0,-42.759176537371474,0.0,0.0,745.133068372983,-745.133068372983,0.0,0.0,0.0,0.0,0.0,-11.043572002557028,0.0,89.821052287465,0.0,731.8249962130756,731.8249962130756,-731.8249962130756,0.0,0.0,0.0,0.0,0.0,611.7790515878277,0.0,0.0,399.0820650322358,-5.937234662327166,-152.15280154138787,0.0,22.087144005114347,14.895784439628931,0.0,0.0,0.0,280.0223975297886,0.0,0.0,0.08098619468523793,0.0,0.0,0.0,44.910526143732504,0.0,0.0,0.0,0.0,466.77142307201996,0.0,0.0,0.0,0.0,0.0,0.0,0.0,0.0,0.0,0.0,876.7933114398286,0.007362381335038304,0.0,0.0,0.0,0.0,0.0,0.0,0.0,0.0,0.0,5.937234662327166,0.0,0.0,0.0,0.0,0.0,382.51670702840016,0.0,0.0,0.0,0.0,0.0,0.0,0.0,0.0,0.0,0.0,0.0,29.791568879257863,0.0,0.0,430.93084610173736,0.0,0.0,0.0,44.17428801022869,0.0,0.0,0.0,0.0,0.0,-44.17428801022869,0.0,0.0,29.791568879257863,0.0,0.0,0.0,0.0,0.0,0.0,0.0,0.0,0.0,0.0,-929.3529897417914,-1000.0,50.43231214501108,0.0,-22.087144005114347,0.0,-12.893983844763227,0.0,0.0,0.0,0.0,0.0,0.0,0.0,0.0,0.0,0.0,0.0,0.0,0.0,0.0,0.0,0.0,0.0,-9.202976668797644,0.0,-5.521786001278587,-5.521786001278585,0.0,0.0,0.0,0.0,0.0,0.0,-0.9202976668797644,12.967607658113607,0.0,0.0,0.0,0.0,0.0,0.0,0.0,845.6345656095345,22.087144005114347,22.087144005114347,0.0,0.0,0.0,0.0,450.399574412572,0.08098619468523793,382.51670702840016,0.0,0.0,12.893983844763227,876.7859490584935,0.0,0.0,0.0,0.0,0.0,0.0,0.0,0.0,0.0,0.0,0.0,0.0,0.0,0.0,0.0,0.0,22.823382138618154,0.0,77.30500401790022,20.564818067608265,0.0,0.0,0.0,0.0,0.0,382.51670702840016,0.0,609.4083647979454,0.0,0.0,0.0,-9.202976668797644,0.0,0.0,0.0,0.0,0.0,0.0,0.0,0.0,0.0,0.0,0.0,0.0,0.0,0.0,0.0,0.0,0.0,0.0,-0.07362381335038115,0.0,0.0,3.6811906675190578,-607.5494969935279,0.0,0.0,0.0,0.0,0.0,0.0,0.0,0.0,6.339010329467635,1.8405953337595289,0.0,0.0,0.0,0.07362381335038115,0.0,73.62381335038116,0.0,14.724762670076231,0.5258843810741511,251.0572035247997,-0.05521786001278586,3.6811906675190578,1.4724762670076232,-0.3681190667518415,-251.0572035247997,22.087144005114347,-0.07362381335038115,5.331081416988458,65.27523732992377,0.018405953337595288,0.5258843810741511,-15.993244250965375,-26.616695525009618,-1.4724762670076232,-149.99078225567774,-0.07362381335038115,0.018405953337595288,-251.0572035247997,7.3623813350381155,0.07362381335038115,0.07362381335038115,-382.36209702036456,-14.814798244943509,0.0,-0.05521786001278586,22.087144005114347,0.07362381335038115,22.087144005114347,-36.81190667519058,-0.036811906675190575,-455.27646944059853,-85.0,-0.05521786001278586,-0.07362381335038115,0.0,0.07362381335038115,7.3623813350381155,-1.4724762670076232,77.5639948516115,77.5639948516115,-7.3623813350381155,149.99078225567774,-77.5639948516115,14.724762670076231,0.11043572002557173,72.43739113076936,7.3623813350381155,-176.44460863813234,65.27523732992377,-14.724762670076231,0.036811906675190575,0.7362381335038115,243.65536155132654,96.0,-0.07362381335038115,-399.0820650322358,382.36209702036456,22.823382138618154,0.07362381335038115,26.616695525009618,-23.073338690533497,65.27523732992377,-0.07362381335038115,-0.018405953337595288,-65.27523732992377,-0.07362381335038115,-18.60681902793931,0.07362381335015378,-0.018405953337595288,-0.018405953337595288,-0.018405953337595288,29.449525340152462,36.81190667519058,0.7362381335038115,186.4684909029793,-0.018405953337595288,481.9796416856646,3.6811906675190578,12.984600181488712,0.07362381335038115,0.036811906675190575,0.036811906675190575,40.0,0.0,0.07362381335038115,0.0,0.7362381335038115,0.07362381335038115,-450.3133872770113,0.07362381335038115,0.2944952534014611,0.3681190667518415,0.036811906675190575,0.018405953337595288,22.087144005114347,-0.07362381335038115,0.0,0.7362381335038116,-372.9369818059586,1.8405953337595289,-7.3623813350381155,14.724762670076231,3.6811906675190578,-0.07362381335038115,15.993244250965375,0.11043572002557173,-0.07362381335038115,-80.0,0.0,-52.889398355086485,0.036811906675190575,-25.969200362977425,-0.07362381335038115,-0.07362381335015378,-0.07362381335038115,0.036811906675190575,251.0572035247997,-14.724762670076231,0.07362381335038115,487.31072310265307,-0.018405953337595288,14.814798244943509,-487.31072310265307,11.043572002557173,85.0,-17.29721455862607,251.0572035247997,-0.05521786001278586,399.0820650322358,-96.0,0.07362381335038115,-0.018405953337595288,946.0203065764827,73.62381335038116,-0.036811906675190575,-0.07362381335038115,0.018405953337595288,0.0,0.0,-425.61713051137025,263.84489637403203,-46.0,0.0,-108.0,-31.0,0.0,-32.0,-93.0,-65.0,-353.1429274739257,16.0,23.0,46.5,0.0,15.5,-382.51670702840016,-227.1329991747021,353.1429274739257,65.0,-227.1329991747021,108.0,-46.14452132225231,0.0,1496.5981,hclb
256,0.0,0.0,0.0,0.0,0.0,0.0,0.0,0.0,366.26753557649596,0.0,0.0,0.0,0.0,0.0,0.0,0.0,576.5994766587899,-192.19526181326086,0.0,0.0,0.0,0.0,0.0,938.7517417839426,0.0,492.4531741809308,0.0,0.0,0.0,-200.21951102700984,0.0,0.0,7.517140669158124,0.0,0.0,0.0,0.0,-11.146458319754949,0.0,-1000.0,1000.0,0.0,-675.7555690213323,-655.46544982663,0.0,0.0,311.6128883709715,0.0,-5.95523624342671,-425.94254980789754,0.0,46.18029840968552,0.0,0.07001011125842638,0.0,0.0,0.0,12.729111137900816,0.0,0.0,-5.6050519377222265,0.0,0.0,-5.6050519377222265,0.0,0.0,0.0,0.0,676.864165773093,-676.864165773093,0.0,0.6364555568950409,0.0,0.0,0.0,0.0,0.0,0.0,0.0,0.0,0.0,0.0,0.0,0.0,38.18733341370245,0.0,0.0,0.0,0.0,-166.8975610322472,-0.015911388922376018,0.0,0.0,1000.0,19.093666706851224,0.0,19.093666706851224,0.0,0.0,0.0,0.0,3.182277784475204,-1000.0,0.0,0.0,-22.076292550103858,0.0,0.0,0.0,0.0,0.0,0.0,0.0,0.0,0.0,0.0,0.0,0.0,0.0,0.0,0.0,0.0,0.0,0.0,-932.3876001327724,0.0,0.0,19.093666706851224,0.0,19.730122263746267,15.471749103727248,0.0,-11.590256392206129,11.590256392206129,0.0,0.0,0.0,293.0744034277849,-293.0744034277849,0.0,0.0,0.0,0.0,0.0,0.0,4.900707788091811,0.06364555568950409,0.0,0.0,0.0,0.0,0.0,0.0,0.0,0.0,0.0,45.20657669107569,0.0,0.0,0.0,0.0,0.0,476.1958783632847,476.1958783632847,0.0,0.0,0.0,0.0,-342.92170124624397,0.0,0.0,476.2595239189742,0.0,0.0,0.0,0.0,-22.570669651624442,0.0,0.0,0.0,0.0,0.0,0.0,0.0,0.0,0.0,0.0,0.0,0.0,0.0,0.0,-511.6459328796578,0.0,0.0,0.0,0.0,0.0,425.94254980789754,629.5752706116468,166.8975610322472,-166.8975610322472,0.0,0.0,0.0,0.0,0.0,0.0,0.0,799.7804889729902,493.127333775871,0.0,0.0,0.0,0.0,0.0,0.0,0.0,0.0,0.0,0.0,0.0,0.0,0.0,334.8565756240201,-17.54177772419837,-1000.0,0.0,0.0,0.0,0.0,78.57179887536009,0.0,0.0,0.0,0.0,-5.6050519377222265,-344.53455017337,0.0,0.0,116.92654471288984,0.0,0.0,0.0,0.0,0.0,2.049386893201325,0.0,0.0,0.0,349.8226678429272,-492.83046221065234,790.5175954004674,0.0,1000.0,0.0,0.0,0.0,-922.352422058805,0.0,0.0,0.0,-193.3333808367869,0.0,0.0,-961.6565010248052,38.34349897519485,-574.1292547004438,-1000.0,0.0,-612.4727536756386,166.8975610322472,0.0,26.837833872098713,425.94254980789754,0.0,129.94279970581078,0.0,0.0,0.0,1000.0,0.0,-1000.0,0.0,1000.0,0.0,0.0,0.0,0.0,0.0,0.0,-5.6050519377222265,-0.09546833353425611,0.0,0.0,0.0,0.0,0.06364555568950409,0.0,0.0,0.0,411.93108040424517,576.5994766587899,0.0,-506.41279736689125,173.8253135807119,22.570669651624442,951.8227778447521,0.0,682.3440481179592,0.0,-22.076292550103858,0.0,0.0,0.0,-5.479882344866272,-676.864165773093,0.0,-1000.0,-974.7595779873939,0.0,0.0,0.0,0.0,0.0,0.0,0.0,0.0,0.0,0.0,0.0,0.0,0.0,0.0,0.0,0.0,116.92654471288984,-1000.0,0.0,-989.1081239030035,0.0,0.0,0.0,0.0,0.0,0.0,-6.950094681293136,0.0,0.0,0.0,0.0,0.0,0.0,-343.7499999999989,996.8177222155248,0.0,0.0,-538.5368819336815,0.0,-85.69874073591724,0.0,343.7499999999989,-1000.0,-116.67272729060016,-1.591138892237602,-3.182277784475204,0.0,0.0,863.3948847032314,0.0,-104.98400692841881,19.093666706851224,656.2500000000006,-656.2500000000006,0.0,0.0,0.0,366.33118113218546,0.0,-334.8565756240201,334.8565756240201,334.8565756240201,102.34718141220304,0.0,0.0,-212.2548788214333,0.0,0.0,799.7804889729902,0.0,0.0,-11.210103875444453,0.0,0.0,67.27088886209918,0.0,0.0,0.0,0.0,-36.63544443104959,0.1272911113789376,0.0,0.0,0.0,0.0,0.0,0.0,0.0,0.0,0.0,0.0,0.0,0.0,0.0,0.0,0.0,0.0,0.0,0.0,0.0,0.07001011125842638,0.07001011125842638,0.0,418.12746448611927,0.0,38.18733341370245,0.0,0.0,0.0,1000.0,0.0,0.0,0.0,0.0,0.0,367.6940755166548,-1000.0,0.0,0.0,793.2988611451167,0.0,0.0,67.27088886209918,0.0,0.0,0.0,0.0,0.0,0.0,0.0,310.79586671092414,-411.93108040424517,0.0,0.0,4.900707788091811,0.0,921.4282011246399,78.57179887536009,0.0,0.0,367.6940755166548,0.0,0.0,331.05863108560516,0.0,0.0,334.8565756240201,0.0,0.0,0.0,0.0,0.0,0.0,0.0,0.0,0.0,0.0,0.0,0.0,0.0,38.18733341370245,0.0,0.0,0.0,0.0,0.0,0.0,0.0,0.0,0.0,0.0,0.0,0.0,0.6364555568950409,0.0,0.0,0.0,0.0,0.0,629.5752706116468,0.0,0.0,19.093666706851224,-793.2988611451167,0.0,0.0,0.0,0.0,0.0,0.0,0.0,0.0,0.0,22.891166405467047,0.0,0.0,19.093666706851224,19.093666706851224,-448.8121393749599,-1000.0,0.0,67.27088886209918,0.0,0.0,0.0,0.0,0.0,1000.0,799.7804889729902,820.291011117813,0.06364555568950409,0.0,0.0,0.0,22.166052095322513,0.0,0.0,-1000.0,0.0,0.0,0.0,0.0,0.0,0.0,0.0,0.0,0.0,0.0,0.0,0.0,0.0,0.0,0.06364555568950409,0.0,0.0,0.0,-883.0391792949588,883.0391792949588,0.0,0.0,0.0,0.0,0.0,-6.950094681293136,0.0,0.0,10.891876096996498,-4.773416676712806,0.0,-3.1822777844752066,0.0,171.84375,171.84375,-171.84375,0.0,0.0,0.0,0.0,0.0,0.0,0.0,0.0,22.570669651624442,0.0,0.0,761.5931555592877,0.0,0.0,0.0,366.26753557649596,0.0,0.0,0.06364555568950409,0.0,0.06364555568950409,0.0,0.0,0.0,38.18733341370245,77.64757794119498,77.64757794119498,0.0,0.0,0.0,0.0,0.0,0.0,0.0,0.0,0.0,799.7804889729902,0.0,0.0,0.0,0.0,0.0,0.0,0.0,0.0,0.0,0.0,0.0,0.0,0.0,0.0,0.0,0.0,0.0,78.57179887536009,0.0,-535.7448764513315,535.7448764513315,0.09546833353425611,0.0,0.0,0.0,-19.093666706851224,0.0,0.0,0.0,0.0,0.0,-418.12746448611927,3.182277784475204,0.0,0.0,0.0,0.0,342.92170124624397,0.0,-3.1822777844752066,0.0,0.0,0.0,0.0,0.0,0.0,0.0,0.0,0.0,793.2988611451167,0.0,83.27088886209918,0.0,52.270888862099184,-22.076292550103858,0.0,-6.950094681293136,0.0,6.950094681293136,0.0,-1000.0,0.0,3.1822777844752066,1000.0,0.0,0.0,0.0,-11.210103875444453,0.0,0.0,0.0,0.0,0.0,0.0,0.0,0.0,0.0,-9.546833353425605,0.0,77.64757794119498,0.0,0.0,0.0,0.0,0.0,0.0,0.0,0.0,0.0,2.049386893201325,0.0,0.0,432.4477145162577,-22.166052095322513,0.0,-675.7555690213323,19.093666706851224,0.0,0.0,0.0,0.0,-41.15216141441343,0.0,0.0,0.07001011125842638,0.0,0.0,0.0,38.82378897059749,0.0,0.0,0.0,0.0,-17.54177772419837,0.0,0.0,0.0,0.0,0.0,0.0,0.0,0.0,0.0,0.0,0.006364555568950408,0.006364555568950408,0.0,0.0,0.0,0.0,0.0,0.0,0.0,0.0,0.0,0.0,0.0,0.0,0.0,0.0,0.0,418.12746448611927,0.0,0.0,0.0,0.0,0.0,0.0,0.0,425.94254980789754,0.0,0.0,0.0,0.0,1000.0,803.6568215578984,-192.19526181326086,0.0,0.0,0.0,38.18733341370245,0.0,0.0,0.0,0.0,0.0,0.0,-38.18733341370245,0.0,0.0,0.0,0.0,0.0,0.0,0.0,0.0,0.0,0.0,0.0,0.0,-1000.0,-1000.0,43.5972056473103,-918.4716108785194,899.3779441716682,0.0,-11.146458319754949,0.0,0.0,0.0,0.0,0.0,0.0,0.0,0.0,0.0,0.0,0.0,0.0,0.0,0.0,0.0,0.0,0.0,-7.9556944611880125,0.0,-4.773416676712806,-4.773416676712799,0.0,0.0,0.0,0.0,0.0,-0.7955694461188011,0.0,11.210103875444453,0.0,0.0,0.0,0.0,0.0,0.0,0.0,795.0505891052069,19.093666706851224,19.093666706851224,0.0,0.0,0.0,0.0,0.0,0.07001011125842638,418.12746448611927,0.0,0.0,11.146458319754949,0.0,0.0,0.0,0.0,0.0,0.0,0.0,0.0,0.0,0.0,0.0,0.0,0.0,0.0,21.64585113520036,0.0,0.0,15.471749103727248,0.0,66.82783347397928,4.900707788091811,0.0,0.0,0.0,0.0,0.0,418.12746448611927,0.0,0.0,0.0,0.0,0.0,-7.9556944611880125,0.0,0.0,0.0,0.0,0.0,0.0,0.0,0.0,0.0,0.0,0.0,0.0,0.0,0.0,0.0,0.0,0.0,0.0,-0.06364555568950409,0.0,0.0,3.182277784475204,-367.6940755166548,0.0,0.0,0.0,0.0,0.0,0.0,0.0,0.0,5.479882344866272,1.591138892237602,0.0,0.0,492.4531741809308,0.06364555568950409,0.0,63.64555568950407,-4.258373160019019,12.729111137900816,0.45461111206788624,208.51459858117087,-0.04773416676712806,3.182277784475204,1.2729111137900817,-0.31822777844795525,-208.51459858117087,19.093666706851224,-0.06364555568950409,7.358764183367953,67.27088886209918,0.01591138892237602,0.4546111120678863,-22.076292550103858,-10.132372465768341,-1.2729111137900817,-384.404214845529,-0.06364555568950409,0.01591138892237602,-208.51459858117087,6.364555568950408,0.06364555568950409,0.06364555568950409,-417.99380881917136,0.0700101112584545,0.0,-0.04773416676712806,19.093666706851224,0.06364555568950413,19.093666706851224,-31.82277784475204,-0.03182277784475204,-1.0539915908679731,-85.0,-0.04773416676712806,-0.06364555568950409,-4.258373160019019,0.06364555568950409,6.364555568950408,-1.2729111137900817,78.57179887536009,78.57179887536009,-6.364555568950408,384.404214845529,-78.57179887536009,12.729111137900816,0.09546833353425611,251.4432614807797,6.364555568950408,-310.79586671092414,67.27088886209918,-12.729111137900816,0.031822777844752036,0.6364555568950407,126.60319934172281,96.0,-0.06364555568950409,-432.4477145162577,417.99380881917136,19.730122263746267,0.06364555568950409,10.132372465768341,-9.103777965305738,67.27088886209918,-0.06364555568950409,-0.015911388922376018,-67.27088886209918,-0.06364555568950409,-36.63544443104959,0.06364555568950409,-0.015911388922376018,-0.015911388922376018,-0.015911388922376018,25.45822227580163,31.82277784475204,0.6364555568950407,77.04529079650047,-0.01591138892237602,245.84763450007767,3.182277784475204,21.5,0.06364555568950409,0.031822777844752036,0.03182277784475204,40.0,4.258373160019019,0.06364555568950409,-4.258373160019019,0.6364555568950409,0.06364555568950409,-136.82907024658164,0.06364555568950409,0.2545822227584331,0.31822777844795525,0.03182277784475204,0.01591138892237602,19.093666706851224,-0.06364555568950409,0.0,0.6364555568950409,-154.09058159300093,1.591138892237602,-6.364555568950408,12.729111137900816,3.182277784475204,-0.06364555568950409,22.076292550103858,0.09546833353425611,-0.06364555568950409,-80.0,4.258373160019019,172.28733741362146,0.03182277784475204,-43.0,-0.06364555568950413,-0.06364555568950409,-0.06364555568950409,0.03182277784475204,208.51459858117087,-12.729111137900816,0.06364555568950409,253.20639868344563,-0.015911388922376018,-0.0700101112584545,-253.20639868344563,9.54683335342561,85.0,-386.6763132333397,208.51459858117087,-0.04773416676712806,432.4477145162577,-96.0,0.06364555568950409,-0.01591138892237602,3.1822777844752066,63.64555568950407,-0.031822777844752036,-0.06364555568950409,0.015911388922376018,13.440339860256394,0.0,-251.47508425862446,59.78377945008117,-46.0,0.0,501.6801014348532,-31.0,0.0,-32.0,-93.0,-65.0,0.0,16.0,23.0,46.5,0.0,15.5,-418.12746448611927,-131.13517599920803,0.0,65.0,-131.13517599920803,-501.6801014348532,252.20966191560427,0.0,1496.5981,hclb
257,0.0,0.0,0.0,0.0,0.0,0.0,0.0,0.0,311.39611278231916,0.0,0.0,0.0,0.0,0.0,0.0,0.0,-657.9814691191947,781.4496388038865,0.0,-36.93936519986809,0.0,0.0,0.0,0.0,0.0,0.0,0.0,0.0,0.0,48.438829053181344,20.38712613412275,-20.38712613412275,18.14277010672427,0.0,0.0,0.0,0.0,0.0,0.0,-1000.0,1000.0,0.0,0.0,609.5426400660134,0.0,0.0,0.0,247.54442893524856,0.0,-0.35421304252474783,0.0,0.0,0.0,0.06663924371812512,0.0,0.0,0.0,259.6606550658215,0.0,0.0,-88.13295846841616,0.0,-911.8670415315838,-1000.0,1000.0,0.0,0.0,0.0,948.3641674237972,87.98451096792178,0.0,0.6058113065286481,0.0,0.0,0.0,0.0,0.0,0.0,0.0,0.0,0.0,0.0,3.8140666369637715,0.0,36.348678391718884,0.0,76.00207151754647,195.80398508288044,586.4762658216094,-214.49188669802322,814.7523916694732,0.0,0.0,115.17409777901939,18.174339195859442,0.0,18.174339195859442,0.0,0.0,0.0,3.8140666369637715,706.5159985667827,48.438829053181344,0.0,0.0,-11.518386905847441,0.0,1000.0,0.0,0.0,0.0,0.0,0.0,0.0,0.0,0.0,0.0,0.0,0.0,0.0,0.0,0.0,0.0,0.0,-569.4086941629669,0.0,0.0,18.174339195859442,0.0,18.78015050238809,0.0,0.0,0.0,-97.7359785855241,97.7359785855241,-97.7359785855241,0.0,0.0,0.0,0.0,0.0,0.0,0.0,0.0,0.0,76.85275194085327,0.06058113065286481,814.7675369521364,0.0,0.0,167.9668723953694,-358.5803444874358,0.0,0.0,0.0,0.0,380.8513058308235,0.0,0.0,0.0,0.0,0.0,290.33319383097785,290.33319383097785,0.0,0.0,0.0,0.0,0.0,0.0,0.0,310.78090109575345,0.0,0.0,0.0,-653.0663871968218,-261.1106296365631,0.0,0.0,0.0,0.0,0.0,0.0,0.0,0.0,0.0,0.0,0.0,0.0,0.0,0.0,-1000.0,0.0,0.0,0.0,0.0,0.0,0.35421304252474783,0.0,-195.80398508288044,195.80398508288044,0.0,0.0,0.0,0.0,0.0,0.0,0.0,0.0,235.92460462988535,0.0,0.0,0.0,0.0,0.0,0.0,0.0,0.0,0.0,0.0,0.0,0.0,0.0,149.41594989984566,171.84592435321235,609.5426400660134,0.0,0.0,0.0,0.0,78.88130580406066,0.0,0.0,0.0,0.0,-88.13295846841616,0.0,20.38712613412275,0.0,0.0,0.0,0.0,0.0,0.0,0.0,708.9036321785261,0.0,0.0,0.0,-923.0976334410623,-140.8173825365724,0.0,0.0,-609.5426400660134,0.0,0.0,0.0,682.9167005265952,0.0,0.0,0.0,-47.32735187749586,0.0,0.0,59.282884837540564,0.0,0.0,-220.4400659114213,279.7229507489618,-279.7229507489618,390.672280738729,0.0,352.9023034382575,0.35421304252474783,0.0,90.14004871743215,0.0,0.0,0.0,-1000.0,0.0,1000.0,0.0,1000.0,0.0,0.0,1000.0,0.0,0.0,0.0,-88.13295846841616,-0.0908716959792972,0.0,0.0,0.0,0.0,0.06058113065286481,0.0,0.0,0.0,194.0407228215538,-657.9814691191947,0.0,-697.4781568497347,355.7225994755421,261.1106296365631,950.2905653264324,0.0,684.7783317078328,0.0,-11.518386905847441,0.0,0.0,0.0,263.58583571596444,-948.3641674237972,0.0,0.0,0.0,0.0,0.0,0.0,0.0,0.0,0.0,0.0,0.0,0.0,0.0,0.0,0.0,0.0,0.0,0.0,0.0,0.0,0.0,0.0,-617.6242711787424,0.0,617.3819466561307,686.565793637382,463.3551258327715,0.0,1000.0,-765.3692579852566,0.0,0.0,0.0,0.0,703.4869420341395,0.0,280.0979100538093,-586.4500904660987,364.65007689653817,0.0,0.0,-3.0290565326432404,0.0,-350.37436348925866,-280.0979100538093,0.0,0.0,-366.1646051628598,0.0,-46.5157351151048,0.0,700.734338538808,1000.0,296.2366049285488,18.174339195859442,0.0,0.0,0.0,0.0,0.0,311.456693912972,0.0,-149.41594989984566,149.41594989984566,149.41594989984566,92.40216077527447,0.0,0.0,-917.3464757181916,0.0,0.0,0.0,0.0,0.0,-24.26177390173939,0.0,0.0,67.88377386942705,0.0,0.0,0.0,0.0,-36.94188693471352,0.1211622613057916,0.0,0.0,0.0,0.0,0.0,0.0,0.0,0.0,0.0,833.3306871846032,0.0,0.0,0.0,0.0,0.0,0.0,0.0,0.0,0.0,0.06663924371812512,0.06663924371812512,20.38712613412275,233.2997237692727,0.0,36.348678391718884,0.0,0.0,0.0,0.0,0.0,0.0,76.00207151754647,0.0,0.0,539.071060714592,0.0,0.0,0.0,811.8865742509208,0.0,0.0,67.88377386942705,0.0,0.0,0.0,0.0,0.0,0.0,0.0,189.8028980543223,-194.0407228215538,190.61347209206642,0.0,80.66681857781704,0.0,36.29279197495873,78.88130580406066,0.0,0.0,539.071060714592,0.0,0.0,502.1291737798785,0.0,0.0,149.41594989984566,0.0,0.0,0.0,0.0,0.0,0.0,0.0,0.0,0.0,0.0,0.0,0.0,0.0,36.348678391718884,0.0,0.0,0.0,0.0,0.0,0.0,0.0,0.0,0.0,0.0,0.0,0.0,0.6058113065286481,0.0,20.38712613412275,76.00207151754647,-76.00207151754647,20.38712613412275,0.0,0.0,0.0,18.174339195859442,-811.8865742509208,0.0,0.0,0.0,0.0,0.0,0.0,0.0,0.0,0.0,-9.389594199489132,0.0,0.0,18.174339195859442,18.174339195859442,0.0,0.0,0.0,67.88377386942705,0.0,0.0,0.0,0.0,0.0,951.5611709468186,0.0,1000.0,0.06058113065286481,0.0,0.0,0.0,80.00603747434408,0.0,0.0,-115.17409777901939,0.0,0.0,0.0,0.0,0.0,0.0,0.0,0.0,0.0,0.0,0.0,0.0,0.0,0.0,0.06058113065286481,0.0,0.0,0.0,0.0,0.0,0.0,0.0,0.0,617.3819466561307,-81.83252088051789,3.0290565326432404,0.0,0.0,-617.6242711787424,-4.543584798964861,-3.0290565326432404,0.0,0.0,546.84375,546.84375,-546.84375,0.0,0.0,0.0,0.0,0.0,0.0,0.0,0.0,261.1106296365631,0.0,0.0,1000.0,0.0,0.0,0.0,311.39611278231916,0.0,0.0,0.06058113065286481,0.0,0.06058113065286481,0.0,203.01799120711567,0.0,36.348678391718884,73.90897939649506,73.90897939649506,0.0,0.0,0.0,0.0,0.0,0.0,0.0,190.61347209206642,0.0,0.0,0.0,0.0,200.46048523538371,68.3413858297925,0.0,0.0,0.0,0.0,0.0,0.0,0.0,0.0,0.0,0.0,0.0,0.0,0.0,78.88130580406066,0.0,0.0,0.0,0.0908716959792972,0.0,0.0,0.0,-18.174339195859442,0.0,0.0,0.0,0.0,0.0,-233.2997237692727,3.0290565326432404,0.0,0.0,0.0,0.0,0.0,683.5367371047387,0.0,0.0,0.0,0.0,0.0,0.0,0.0,0.0,0.0,0.0,811.8865742509208,0.0,83.88377386942705,0.0,243.49724596149346,-11.518386905847441,0.0,0.0,0.0,0.0,0.0,609.0077211301001,0.0,3.0290565326432404,1000.0,0.0,0.0,-20.38712613412275,-176.26591693683233,0.0,0.0,854.6991776370305,-854.6991776370305,0.0,0.0,0.0,0.0,0.0,237.84330856823757,-246.93047816616752,73.90897939649506,0.0,0.0,0.0,20.38712613412275,0.0,0.0,0.0,0.0,0.0,708.9036321785261,0.0,0.0,0.0,-913.3367246589473,17.869263292280024,0.0,18.174339195859442,76.00207151754647,0.0,0.0,0.0,80.72473504797696,0.0,0.0,0.06663924371812512,0.0,0.0,0.0,36.95448969824753,0.0,0.0,0.0,0.0,171.84592435321235,0.0,0.0,0.0,0.0,0.0,0.0,0.0,0.0,0.0,0.0,904.7585688699652,0.006058113065286486,0.0,0.0,0.0,0.0,0.0,0.0,0.0,0.0,0.0,0.0,20.38712613412275,0.0,0.0,0.0,0.0,233.2997237692727,0.0,0.0,0.0,0.0,0.0,0.0,0.0,0.35421304252474783,0.0,0.0,0.0,152.00414303509294,0.0,-1000.0,781.4496388038865,0.0,0.0,0.0,36.348678391718884,0.0,0.0,0.0,0.0,0.0,0.0,-36.348678391718884,0.0,152.00414303509294,0.0,0.0,0.0,0.0,0.0,0.0,0.0,20.38712613412275,20.38712613412275,0.0,0.0,1000.0,310.2999455623886,0.0,-18.174339195859442,0.0,617.3819466561307,0.0,0.0,0.0,0.0,0.0,0.0,0.0,0.0,0.0,0.0,0.0,0.0,0.0,0.0,0.0,0.0,0.0,-7.572641331608101,0.0,-708.0305268331043,511.18876443237855,0.0,0.0,0.0,0.0,0.0,-0.7572641331608101,0.0,24.26177390173939,0.0,0.0,0.0,0.0,0.0,0.0,0.0,1000.0,18.174339195859442,18.174339195859442,0.0,0.0,0.0,0.0,0.0,0.06663924371812512,233.2997237692727,0.0,0.0,-617.3819466561307,904.7525107568999,0.0,0.0,0.0,0.0,0.0,0.0,0.0,0.0,0.0,0.0,0.0,0.0,0.0,101.50899560355784,0.0,0.0,0.0,0.0,63.610187185508046,0.0,0.0,80.66681857781704,0.0,0.0,0.0,233.2997237692727,0.0,0.0,0.0,0.0,0.0,-7.572641331608101,0.0,0.0,0.0,0.0,0.0,0.0,0.0,0.0,0.0,0.0,0.0,0.0,0.0,0.0,0.0,0.0,0.0,0.0,-0.06058113065286481,0.0,0.0,3.0290565326432404,-539.071060714592,0.0,0.0,0.0,0.0,0.0,0.0,0.0,0.0,-263.58583571596444,1.5145282663216202,0.0,0.0,0.0,0.06058113065286481,0.0,60.58113065286481,-18.78015050238809,12.116226130572961,0.4327223618061772,169.0213545214928,-0.0454358479896486,586.4500904660987,1.2116226130572962,-0.30290565326460356,-169.0213545214928,18.174339195859442,-0.06058113065286481,3.839462301949147,67.88377386942705,0.015145282663216202,0.4327223618061772,-11.518386905847441,-85.64658751748166,19.17550352106545,-86.5288044848237,-0.06058113065286481,0.015145282663216202,-169.0213545214928,6.058113065286481,0.06058113065286481,0.06058113065286481,-233.1725033949017,-75.93543227382835,-32.04788322974296,-0.0454358479896486,18.174339195859442,0.06058113065286481,18.174339195859442,-30.290565326432404,-0.030290565326432404,-325.76664878938567,-85.0,-0.0454358479896486,-0.06058113065286481,-18.78015050238809,0.06058113065286481,6.058113065286481,-1.2116226130572962,78.88130580406066,78.88130580406066,-6.058113065286481,86.5288044848237,-78.88130580406066,12.116226130572961,0.0908716959792972,0.0,6.058113065286481,-189.8028980543223,67.88377386942705,-12.116226130572961,0.030290565326432404,0.6058113065286481,174.36953921243366,96.0,-0.06058113065286481,-246.93047816616752,233.1725033949017,18.78015050238809,0.06058113065286481,85.64658751748166,-4.813582914010812,67.88377386942705,-0.06058113065286481,-0.015145282663216202,-67.88377386942705,-0.06058113065286481,-36.94188693471352,0.06058113065292165,-0.015145282663216202,-0.015145282663216202,-0.015145282663216202,24.232452261145923,30.290565326432404,0.6058113065286481,70.14974813637042,-0.015145282663216202,344.8996161229182,3.0290565326432404,21.5,0.06058113065286481,0.030290565326432404,0.030290565326432404,40.0,18.78015050238809,0.06058113065286481,-18.78015050238809,0.6058113065286481,0.06058113065286481,-120.68315406423548,0.06058113065286481,0.24232452261173876,0.30290565326460356,0.030290565326432404,0.015145282663216202,18.174339195859442,-0.06058113065286481,32.04788322974296,-9.587751760532726,-140.29949627274084,584.9355621997771,-6.058113065286481,12.116226130572961,3.0290565326432404,-0.06058113065286481,11.518386905847441,0.0908716959792972,-0.06058113065286481,-80.0,18.78015050238809,536.7343841935588,0.030290565326432404,-43.0,-0.06058113065286481,-0.06058113065292165,-0.06058113065286481,0.030290565326432404,169.0213545214928,-12.116226130572961,0.06058113065286481,348.73907842486733,-0.015145282663216202,75.93543227382835,-348.73907842486733,9.08716959792972,85.0,-31.197368045884836,169.0213545214928,-0.0454358479896486,246.93047816616752,-96.0,0.06058113065286481,-0.015145282663216204,3.0290565326432404,60.58113065286481,-0.030290565326432404,-0.06058113065286481,0.015145282663216202,0.0,0.0,-176.2106846060322,50.53340592786506,-46.0,0.0,-108.0,-31.0,0.0,-32.0,-93.0,-65.0,-176.18039404070578,16.0,23.0,46.5,0.0,15.5,-233.2997237692727,-617.4591192415357,176.18039404070578,65.0,-617.4591192415357,108.0,-54.622265075637834,0.0,1496.5981,hclb
258,0.0,0.0,0.0,0.0,0.0,0.0,0.0,0.0,316.96413352531556,0.0,0.0,0.0,0.0,0.0,0.0,0.0,-219.51510402155958,1000.0,0.0,-367.4419904216069,0.0,0.0,0.0,0.0,0.0,0.0,0.0,0.0,0.0,-155.90976324659584,0.0,0.0,17.526536854497145,0.0,0.0,0.0,0.0,935.0419514865408,0.0,-1000.0,1000.0,0.0,0.0,834.691935545875,0.0,0.0,0.0,0.0,-459.2670682777196,-488.2630538619934,0.0,0.0,0.0,0.06977611104009185,0.0,0.0,0.0,0.0,0.0,0.0,-21.60626848221797,0.0,0.0,-67.02996436619011,0.0,0.0,0.0,0.0,0.0,0.0,0.0,0.6343282821826086,0.0,0.0,0.0,0.0,0.0,0.0,0.0,0.0,0.0,0.0,640.8201457493544,0.0,38.05969693095652,0.0,31.161182705120208,0.0,-112.90358405601562,377.4515881489385,0.0,0.0,0.0,0.0,19.02984846547826,0.0,19.02984846547826,-2.0425370686287607,0.0,0.0,676.9709094629366,3.1716414109130433,-941.5272382070073,0.0,0.0,-12.071597641879288,0.0,100.39450586283031,0.0,0.0,0.0,0.0,0.0,0.0,0.0,0.0,0.0,0.0,0.0,0.0,0.0,0.0,0.0,0.0,-552.0135363852795,0.0,0.0,19.02984846547826,0.0,19.664176747660864,19.664176747660864,0.0,11.279849993607826,0.0,-11.279849993607826,11.279849993607826,-45.423695883972144,0.0,0.0,0.0,0.0,0.0,0.0,0.0,0.0,-604.7746352714281,0.06343282821826086,0.015858207054565216,0.0,0.0,0.0,0.0,0.0,0.0,36.15076371358217,0.0,213.25338739616916,0.0,0.0,0.0,0.0,0.0,669.2284092777904,669.2284092777904,0.0,0.0,0.0,0.0,0.0,0.0,0.0,669.2918421060087,0.0,0.0,0.0,298.3151510863303,0.0,0.0,0.0,0.0,0.0,0.0,0.0,0.0,0.0,0.0,-318.42970327850713,0.0,0.0,0.0,0.0,-1000.0,0.0,0.0,0.0,0.0,0.0,488.2630538619934,0.0,-91.82507785611273,91.82507785611273,45.423695883972144,0.0,0.0,0.0,0.0,0.0,0.0,785.6174749604114,-267.79760843087615,0.0,0.0,0.0,0.0,0.0,0.0,0.0,0.0,0.0,0.0,0.0,0.0,0.0,418.6532289616829,12.413190036216829,834.691935545875,0.0,0.0,0.0,0.0,78.59328434995565,0.0,0.0,0.0,0.0,-21.60626848221797,0.0,0.0,0.0,0.0,0.0,0.0,0.0,0.0,0.0,0.0,12.686565643652173,0.0,0.0,0.0,-21.07850619990289,-551.0921461338323,0.0,-834.691935545875,0.0,0.0,45.423695883972144,-181.11117673918744,0.0,0.0,0.0,-185.79200573369036,0.0,0.0,-760.4554497591846,0.0,-281.25000000104455,-760.4554497591847,0.0,-281.25000000104455,-204.72866191212836,0.0,1000.0,488.2630538619934,0.0,92.2889639903417,0.0,0.0,0.0,5.303484489755931,0.0,-5.303484489755931,0.0,575.6814283342115,0.0,0.0,0.0,0.0,0.0,0.0,-21.60626848221797,-0.09514924232739129,0.0,0.0,0.0,0.0,0.06343282821826086,0.0,0.0,0.0,856.9531713005939,-219.51510402155958,0.0,-677.4108288189132,163.9484678827045,0.0,951.7164141091305,0.0,-256.8874019705107,0.0,-12.071597641879288,0.0,0.0,0.0,256.8874019705107,0.0,0.0,-700.3982713897011,-110.7695050119994,0.0,0.0,0.0,0.0,0.0,0.0,0.0,0.0,0.0,0.0,0.0,0.0,0.0,0.0,0.0,0.0,0.0,0.0,0.0,-935.2956827994142,36.15076371358217,0.0,0.0,698.3432846587165,0.0,0.0,604.7746352714281,0.0,0.0,0.0,0.0,0.0,0.0,0.0,-352.34328374027126,0.0,0.0,0.0,0.0,0.0,-347.7612716759912,0.0,0.0,0.0,-1.5858207054565217,-3.1716414109130433,-257.59150636373346,0.0,0.0,0.0,653.5387448505976,19.02984846547826,31.25000000000003,-31.25000000000003,0.0,0.0,0.0,317.0275663535338,0.0,-418.6532289616829,418.6532289616829,418.6532289616829,92.38503199822712,0.0,0.0,0.0,0.0,0.0,785.6174749604114,0.0,0.0,-26.31386743816767,0.0,0.0,67.31343435634783,0.0,0.0,0.0,0.0,-6.616658429261432,0.12686565643650774,0.0,0.0,0.0,0.0,0.0,0.0,0.0,0.0,0.0,0.0,0.0,0.0,0.0,0.0,0.0,0.0,0.0,0.0,0.0,0.06977611104009185,0.06977611104009185,0.0,501.9666633180307,0.0,38.05969693095652,0.0,0.0,0.0,0.0,0.0,496.1368123357611,31.161182705120208,0.0,0.0,427.04026285903973,0.0,0.0,0.0,155.85222583882768,0.0,0.0,67.31343435634783,0.0,0.0,0.0,0.0,0.0,0.0,0.0,184.0045121284265,-856.9531713005939,0.0,0.0,36.04551047792629,0.0,0.0,0.0,-124.0169802339278,0.0,427.04026285903973,0.0,1000.0,-579.5763955702216,0.0,0.0,418.6532289616829,0.0,0.0,0.0,0.0,0.0,0.0,0.0,0.0,0.0,0.0,0.0,0.0,0.0,38.05969693095652,45.423695883972144,45.423695883972144,0.0,0.0,0.0,0.0,0.0,0.0,0.0,0.0,0.0,0.0,0.6343282821826086,0.0,0.0,31.161182705120208,-31.161182705120208,0.0,0.0,0.0,0.0,19.02984846547826,-155.85222583882768,0.0,0.0,0.0,0.0,0.0,0.0,0.0,0.0,0.0,0.0,0.0,0.0,19.02984846547826,19.02984846547826,312.1819392599414,0.0,0.0,67.31343435634783,0.0,0.0,0.0,0.0,0.0,1000.0,785.6174749604114,889.2304949880006,0.06343282821826086,0.0,0.0,-109.37500000000006,114.49040450417266,0.0,0.0,0.0,0.0,0.0,0.0,0.0,0.0,0.0,0.0,0.0,0.0,0.0,0.0,0.0,0.0,0.0,0.06343282821826086,0.0,0.0,0.0,803.1008361499408,-803.1008361499408,0.0,0.0,0.0,0.0,-395.2253647285719,1000.0,0.0,0.0,-935.2956827994142,-4.757462116369565,-3.1716414109130433,0.0,0.0,-234.34375,-234.34375,234.34375,0.0,0.0,0.0,0.0,0.0,0.0,0.0,45.423695883972144,0.0,0.0,0.0,656.7103862615106,0.0,0.0,0.0,316.96413352531556,0.0,0.0,0.06343282821826086,0.0,0.06343282821826086,0.0,0.0,0.0,38.05969693095652,77.38805042627826,77.38805042627826,0.0,0.0,0.0,0.0,0.0,0.0,0.0,0.0,0.0,785.6174749604114,0.0,0.0,262.348968480103,0.0,0.0,0.0,0.0,0.0,0.0,0.0,0.0,0.0,0.0,0.0,0.0,0.0,0.0,124.0169802339278,0.0,0.0,0.0,0.09514924232739129,0.0,0.0,0.0,-19.02984846547826,0.0,0.0,0.0,0.0,0.0,-501.9666633180307,3.1716414109130433,0.0,0.0,0.0,0.0,0.0,-612.8166417965865,0.0,0.0,0.0,0.0,0.0,0.0,0.0,0.0,45.423695883972144,0.0,155.85222583882768,0.0,83.31343435634783,0.0,52.31343435634783,-12.071597641879288,0.0,387.1833582034135,0.0,-387.1833582034135,36.15076371358217,-258.4992271654657,0.0,3.1716414109130433,1000.0,0.0,0.0,0.0,-88.63623284840808,0.0,0.0,0.0,0.0,0.0,0.0,0.0,0.0,0.0,825.1538287129074,-516.2390496671394,77.38805042627826,0.0,0.0,0.0,0.0,0.0,0.0,0.0,0.0,0.0,0.0,0.0,0.0,0.0,-5.1154045041726075,519.4427973101524,0.0,19.02984846547826,31.161182705120208,0.0,0.0,0.0,79.6780887568049,0.0,0.0,0.06977611104009185,0.0,0.0,0.0,38.69402521313912,0.0,0.0,0.0,0.0,12.413190036216829,0.0,0.0,0.0,0.0,0.0,0.0,0.0,0.0,0.0,0.0,0.006343282821826267,0.006343282821826267,0.0,0.0,0.0,0.0,0.0,0.0,0.0,0.0,0.0,-109.37500000000006,0.0,0.0,0.0,0.0,0.0,501.9666633180307,0.0,0.0,0.0,0.0,0.0,0.0,0.0,488.2630538619934,0.0,0.0,0.0,62.322365410240415,734.2607332575544,-1000.0,1000.0,0.0,0.0,0.0,38.05969693095652,0.0,0.0,0.0,0.0,0.0,0.0,-38.05969693095652,0.0,62.322365410240415,0.0,0.0,0.0,0.0,0.0,0.0,0.0,0.0,0.0,0.0,0.0,-641.9255095967084,305.80045580961166,-19.02984846547826,0.0,0.0,935.0419514865408,0.0,0.0,0.0,0.0,0.0,0.0,0.0,0.0,0.0,0.0,0.0,0.0,0.0,0.0,0.0,0.0,0.0,-7.929103527282608,45.423695883972144,-4.757462116369565,773.8305560308729,0.0,0.0,0.0,0.0,0.0,-0.7929103527282609,0.0,62.46463115174984,0.0,0.0,0.0,0.0,0.0,0.0,0.0,1000.0,19.02984846547826,19.02984846547826,0.0,0.0,0.0,0.0,0.0,0.06977611104009185,501.9666633180307,0.0,0.0,-935.0419514865408,0.0,0.0,0.0,0.0,0.0,0.0,0.0,0.0,0.0,0.0,0.0,0.0,0.0,0.0,0.0,0.0,0.0,19.664176747660864,0.0,66.6044696291739,36.04551047792629,0.0,0.0,0.0,0.0,0.0,501.9666633180307,0.0,607.6024633170446,0.0,0.0,0.0,-7.929103527282608,0.0,0.0,0.0,0.0,0.0,0.0,0.0,0.0,0.0,0.0,0.0,0.0,0.0,0.0,0.0,0.0,0.0,0.0,-0.06343282821826086,0.0,0.0,3.1716414109130433,-427.04026285903973,0.0,0.0,0.0,0.0,45.423695883972144,0.0,0.0,0.0,-256.8874019705107,1.5858207054565217,0.0,0.0,0.0,0.06343282821826086,0.0,63.43282821826086,0.0,12.686565643652173,0.45309163013043474,216.3059442242695,-0.047574621163695645,352.34328374027126,1.2686565643652175,-0.31716414109166635,-216.3059442242695,19.02984846547826,-0.06343282821826086,4.023865880626429,67.31343435634783,0.015858207054565216,0.45309163013043474,-12.071597641879288,-41.259688957468256,-1.2686565643652175,-413.04290555683355,-0.06343282821826086,0.015858207054565216,-216.3059442242695,6.343282821826087,0.06343282821826086,0.06343282821826086,-501.8334543787724,-31.09140659408012,0.0,-0.047574621163695645,19.02984846547826,0.06343282821826086,19.02984846547826,-31.716414109130433,-0.03171641410913043,-189.11019211241057,-85.0,-0.047574621163695645,-0.06343282821826086,0.0,0.06343282821826086,6.343282821826087,-1.2686565643652175,124.0169802339278,124.0169802339278,-6.343282821826087,413.04290555683355,-124.0169802339278,12.686565643652173,0.09514924232739129,0.0,6.343282821826087,-184.0045121284265,67.31343435634783,-12.686565643652173,0.03171641410913043,0.6343282821826086,169.3527072047283,96.0,-0.06343282821826086,-516.2390496671394,501.8334543787724,19.664176747660864,0.06343282821826086,41.259688957468256,-8.805959505565149,67.31343435634783,-0.06343282821826086,-0.015858207054565216,-67.31343435634783,-0.06343282821826086,-6.616658429261432,0.06343282821842873,-0.015858207054565216,-0.015858207054565216,-0.015858207054565216,25.373131287304346,31.716414109130433,0.6343282821826086,125.91646404872994,-0.015858207054565216,334.68154852883015,3.1716414109130433,6.479970625543759,0.06343282821826086,0.03171641410913043,0.03171641410913043,40.0,0.0,0.06343282821826086,0.0,0.6343282821826086,0.06343282821826086,-283.7577989337815,0.06343282821826086,0.25373131287332024,0.31716414109166635,0.03171641410913043,0.015858207054565216,19.02984846547826,-0.06343282821826086,0.0,0.6343282821826087,-251.83292809745987,350.75746303481475,-6.343282821826087,12.686565643652173,3.1716414109130433,-0.06343282821826086,12.071597641879288,0.09514924232739129,-0.06343282821826086,-80.0,0.0,162.32347412394583,0.03171641410913043,-12.959941251087518,-0.06343282821826086,-0.06343282821842873,-0.06343282821826086,0.03171641410913043,216.3059442242695,-12.686565643652173,0.06343282821826086,338.7054144094566,-0.015858207054565216,31.09140659408012,-338.7054144094566,9.514924232739128,85.0,-140.67622880583804,216.3059442242695,-0.047574621163695645,516.2390496671394,-96.0,0.06343282821826086,-0.01585820705456522,3.1716414109130433,63.43282821826086,-0.03171641410913043,-0.06343282821826086,0.015858207054565216,0.0,0.0,-172.7546426509193,157.84133488505154,-46.0,0.0,466.0768663407178,-31.0,0.0,-32.0,-93.0,-65.0,-172.72292623681017,16.0,23.0,46.5,0.0,15.5,-501.9666633180307,-242.00156288075073,172.72292623681017,65.0,-242.00156288075073,-466.0768663407178,234.26977151222843,0.0,1496.5981,hclb
259,0.0,0.0,0.0,0.0,0.0,0.0,0.0,0.0,319.39866672502814,0.0,0.0,0.0,0.0,0.0,0.0,0.0,-697.9011093905523,1000.0,0.0,0.0,0.0,0.0,0.0,225.8061596883626,0.0,0.0,0.0,0.0,0.0,501.43995488752165,0.0,0.0,14.2033839977714,0.0,0.0,0.0,0.0,113.95927697919501,0.0,-1000.0,1000.0,0.0,0.0,652.3697759898006,0.0,0.0,0.0,0.0,544.0913785132301,0.0,0.0,0.0,0.0,0.0029339522204772095,0.0,0.0,0.0,0.0,0.0,0.0,299.8490160214701,0.0,0.0,-600.4027140217111,0.0,0.0,0.0,0.0,810.3775456498215,-8.273747988654227,0.0,0.02667229291341579,0.0,0.0,0.0,0.0,0.0,0.0,0.0,0.0,0.0,0.0,-163.24412581432566,0.0,1.6003375748049478,0.0,0.0,-893.0439336304747,-348.95255511724463,697.9051102344893,-0.0006668073228353948,0.0,0.0,0.0,0.8001687874024739,0.0,0.8001687874024739,-414.5103077501447,0.0,0.0,0.0,159.02671605286338,501.43995488752165,0.0,0.0,-16.73767023488995,0.0,0.0,0.0,0.0,0.0,0.0,0.0,0.0,0.0,0.0,0.0,0.0,0.0,0.0,0.0,0.0,0.0,0.0,-1000.0,0.0,0.0,0.8001687874024739,0.0,0.8268410803158897,0.8268410803158897,0.0,0.0,0.0,0.0,0.0,0.0,0.0,0.0,-900.2517300431812,0.0,0.0,0.0,0.0,0.0,163.44950246975895,0.002667229291341583,0.0,0.0,0.0,0.0,0.0,0.0,0.0,0.0,0.0,-84.444071667402,0.0,0.0,0.0,0.0,0.0,398.468965435991,398.468965435991,0.0,0.0,0.0,0.0,503.3724833947552,0.0,0.0,398.47163266528236,0.0,0.0,0.0,-1000.0,0.0,0.0,0.0,0.0,0.0,0.0,0.0,0.0,0.0,0.0,0.0,0.0,0.0,0.0,0.0,-1000.0,0.0,0.0,0.0,0.0,0.0,0.0,0.0,-348.95255511724463,348.95255511724463,900.2517300431812,0.0,0.0,0.0,0.0,0.0,0.0,0.0,-935.866849519686,0.0,0.0,0.0,0.0,0.0,0.0,0.0,0.0,0.0,0.0,0.0,0.0,0.0,119.69036036730236,-41.93310828346336,-347.6302240101994,0.0,0.0,0.0,0.0,-451.01969368336046,0.0,0.0,0.0,0.0,299.8490160214701,-1000.0,0.0,0.0,0.0,0.0,0.0,0.0,0.0,0.0,585.5755770330358,0.5334458582683158,0.0,0.0,0.0,0.0,-697.9051102344893,0.0,347.6302240101994,0.0,0.0,900.2517300431812,-136.34856272194858,0.0,0.0,0.0,-300.3527222731391,0.0,0.0,-835.6122439313046,0.0,-656.2500000016347,-835.6122439313045,0.0,-656.2500000016347,-697.9051102344893,0.0,1000.0,0.0,0.0,-440.13678447634595,0.0,0.0,0.0,-481.1119355004299,0.0,481.1119355004299,0.0,526.1660406905872,0.0,0.0,0.0,0.0,0.0,0.0,299.8490160214701,-0.004000843937012369,0.0,0.0,0.0,0.0,0.002667229291341583,0.0,0.0,0.0,-35.607782180259,-697.9011093905523,0.0,-399.7423588222147,205.13466543079363,0.0,1000.0,0.0,1000.0,0.0,-16.73767023488995,0.0,0.0,0.0,-0.22964844198451143,-1000.0,0.22964844198451143,-1000.0,-1000.0,0.0,0.0,0.0,0.0,0.0,0.0,0.0,0.0,0.0,0.0,0.0,0.0,0.0,0.0,0.0,0.0,0.0,-886.0300541036403,0.0,-1000.0,0.0,0.0,1000.0,0.0,0.0,0.0,-749.0250795027947,0.0,163.24412581432566,0.0,0.0,158.8933545882964,-487.8475075344585,-281.2499999999968,-259.1807393980971,0.0,677.4699618846371,166.81138657836243,-0.13336146456707895,-865.6880174306671,861.8669447478911,281.2499999999968,179.60070063938184,1000.0,-0.06668073228353948,0.0,-272.2992414319308,0.0,-1000.0,0.0,-0.13336146456707895,0.8001687874024739,0.0,0.0,0.0,0.0,0.0,319.40133395431945,119.69036036730236,0.0,0.0,0.0,109.20422437662162,0.0,0.0,-127.69974248388758,0.0,0.0,0.0,0.0,0.0,-300.5536980002409,0.0,0.0,0.8001687874024739,0.0,0.0,0.0,0.0,-42.73327707086584,0.005334458582682571,0.0,0.0,0.0,0.0,0.0,0.0,0.0,0.0,0.0,802.1037976611673,0.0,0.0,0.0,0.0,0.0,0.0,0.0,0.0,0.0,0.0029339522204772095,0.0029339522204772095,0.0,215.15691450903404,0.0,1.6003375748049478,0.0,0.0,0.0,1000.0,0.0,477.5739358847112,0.0,0.0,0.0,540.250856340671,-1000.0,0.0,0.0,0.0,0.0,0.0,0.8001687874024739,0.0,0.0,0.0,0.0,0.0,0.0,0.0,333.3333333333333,35.607782180259,0.0,0.0,0.2053766554333123,0.0,0.0,0.0,-449.2320363598207,0.0,540.250856340671,0.0,1000.0,-502.4824207301948,1000.0,-1000.0,119.69036036730236,0.0,0.0,0.0,0.0,0.0,0.0,0.0,0.0,0.0,0.0,0.0,0.0,0.0,1.6003375748049478,900.2517300431812,900.2517300431812,0.0,0.0,0.0,0.0,0.0,0.0,0.0,0.0,0.0,0.0,0.02667229291341579,0.0,0.0,0.0,0.0,0.0,0.0,0.0,0.0,0.8001687874024739,0.0,0.0,0.0,0.0,0.0,0.0,0.0,0.0,0.0,0.0,162.28892059598945,0.0,0.0,0.8001687874024738,0.8001687874024739,1000.0,-1000.0,0.0,0.8001687874024739,0.0,0.0,0.0,0.0,0.0,-501.43995488752165,0.0,-201.0538922482408,0.002667229291341583,0.0,0.0,0.0,0.21509299070890306,0.0,0.0,0.0,0.0,0.0,0.0,0.0,0.0,0.0,0.0,0.0,0.0,0.0,0.0,0.0,0.0,0.0,0.002667229291341583,0.0,0.0,0.0,760.1714708741708,-760.1714708741708,0.0,0.0,0.0,0.0,0.0,1000.0,0.0,-585.780953688469,-113.96994589635972,-0.20004219685051794,-0.13336146456707895,0.0,0.0,0.0,0.0,0.0,0.0,0.0,0.0,0.0,0.0,0.0,0.0,900.2517300431812,0.0,0.0,0.0,-1000.0,0.0,0.0,0.0,319.39866672502814,0.0,0.0,0.002667229291341583,0.0,0.002667229291341583,0.0,0.0,0.0,1.6003375748049478,3.254019735436727,3.254019735436727,0.0,0.0,0.0,0.0,0.0,0.0,163.24412581432566,0.0,0.0,0.0,0.0,0.0,0.0,0.0,0.0,0.0,0.0,0.0,0.0,0.0,0.0,0.0,0.0,0.0,0.0,0.0,0.0,449.2320363598207,0.0,0.0,0.0,0.004000843937012369,0.0,0.0,0.0,-0.8001687874024739,0.0,0.0,0.0,0.0,0.0,-215.15691450903404,0.13336146456707895,0.0,0.0,0.0,0.0,-503.3724833947552,0.0,0.0,0.0,0.0,0.0,0.0,0.0,0.0,0.0,900.2517300431812,0.0,0.0,614.1087830667523,95.46655414173168,0.0,64.46655414173168,-16.73767023488995,0.0,-749.0250795027947,749.0250795027947,0.0,0.0,-139.6025824573853,0.0,0.13336146456707895,1000.0,0.0,0.0,0.0,-300.5536980002409,843.7500000000042,-843.7500000000042,0.0,0.0,0.0,0.0,0.0,0.0,0.0,135.1723220784942,-135.57240647219533,3.254019735436727,0.0,0.0,0.0,0.0,0.0,0.0,0.0,0.0,0.0,585.5755770330358,0.0,0.0,80.18463462739035,-802.3188906518761,0.0,0.0,0.8001687874024739,0.0,0.0,0.0,0.0,-142.72458792592283,0.0,0.0,0.0029339522204772095,0.0,0.0,0.0,1.6270098677183635,0.0,0.0,0.0,0.0,-41.93310828346336,0.0,0.0,0.0,0.0,0.0,0.0,0.0,0.0,0.0,0.0,61.653062818547966,0.0002667229291341579,0.0,0.0,0.0,0.0,0.0,0.0,0.0,0.0,0.0,0.0,0.0,0.0,0.0,0.0,0.0,215.15691450903404,0.0,0.0,0.0,0.0,0.0,0.0,0.0,0.0,0.0,0.0,0.0,0.0,344.65820934971526,-196.3690496175896,1000.0,0.0,0.0,0.0,1.6003375748049478,0.0,0.0,0.0,0.0,0.0,0.0,-1.6003375748049478,0.0,0.0,0.0,0.0,0.0,0.0,0.0,0.0,0.0,0.0,0.0,0.0,-106.32730618171833,-1000.0,1.827052064568982,-715.0474987314897,714.2473299440871,0.0,113.95927697919501,0.0,0.0,0.0,0.0,0.0,0.0,0.0,0.0,0.0,515.625,0.0,-515.625,-515.625,0.0,0.0,0.0,0.0,-0.3334036614175969,900.2517300431812,-159.09339678514692,135.37236427534484,0.0,0.0,0.0,0.0,0.0,-0.033340366141769745,0.0,300.5536980002409,0.0,0.0,0.0,0.0,0.0,0.0,0.0,692.6188015700409,0.8001687874024739,0.8001687874024738,0.0,0.0,0.0,0.0,0.0,0.0029339522204772095,215.15691450903404,0.0,0.0,-113.95927697919501,61.65279609561883,0.0,0.0,0.0,0.0,0.0,0.0,0.0,0.0,0.0,0.0,0.0,0.0,0.0,0.0,0.0,0.0,0.8268410803158897,0.0,2.8005907559086585,91.4236820861687,0.0,72.02582038359027,0.0,0.0,0.0,215.15691450903404,0.0,585.3563307852883,0.0,0.0,0.0,-0.3334036614175969,0.0,0.0,0.0,0.0,0.0,0.0,0.0,0.0,0.0,0.0,0.0,0.0,0.0,0.0,0.0,0.0,0.0,0.0,-0.002667229291341583,0.0,0.0,0.13336146456707895,-540.250856340671,0.0,0.0,0.0,0.0,900.2517300431812,0.0,0.0,0.0,0.22964844198451143,0.06668073228353948,0.0,0.0,0.0,0.002667229291341583,0.0,2.667229291341579,0.0,0.5334458582683158,0.019051637795296995,9.095251883474786,-0.0020004219685061846,79.58003875871523,0.05334458582683158,-0.013336146456055076,-9.095251883474786,0.8001687874024738,-0.002667229291341583,5.579223411629983,0.8001687874024739,0.0006668073228353948,0.019051637795296995,-16.73767023488995,-0.42462290318076157,-0.05334458582683158,-302.0988906094477,-0.002667229291341579,0.0006668073228353948,-9.095251883474786,0.2667229291341579,0.002667229291341579,0.002667229291341583,-215.15131332752222,0.002933952220474902,-23.461320598857352,-0.0020004219685061846,0.8001687874024738,0.002667229291341579,0.8001687874024768,-1.3336146456707896,-0.0013336146456707895,141.38073273603925,450.75030352493496,-0.002000421968506184,-0.002667229291341579,0.0,0.002667229291341583,0.2667229291341579,-0.05334458582683158,449.2320363598207,449.2320363598207,-0.2667229291341579,302.0988906094477,-449.2320363598207,0.5334458582683158,0.004000843937012369,-1000.0,0.2667229291341579,-333.3333333333333,0.8001687874024739,-0.5334458582683158,0.0013336146456707895,0.02667229291341579,99.93558970555368,96.0,-0.002667229291341583,-215.75704109958568,215.15131332752222,0.8268410803158897,0.002667229291341579,0.42462290318076157,-2.400506362207416,0.8001687874024739,-0.002667229291341583,-0.0006668073228353948,-0.8001687874024739,-0.002667229291341579,-42.73327707086584,0.002667229291227892,-0.0006668073228353948,-0.0006668073228353948,-0.0006668073228353948,1.0668917165366316,1.3336146456707896,0.02667229291341579,1.9760835012210407,-0.0006668073228353948,194.29195599947738,0.13336146456707895,21.5,0.002667229291341583,0.0013336146456707895,0.0013336146456707895,0.6668073228353948,0.0,0.002667229291341583,0.0,0.02667229291341579,0.002667229291341579,-1.9760835012210407,0.002667229291341579,0.010668917164707636,0.013336146456055076,0.0013336146456707895,0.0006668073228353948,0.8001687874024738,-0.002667229291341579,23.461320598857352,0.02667229291341579,-3.9521670024421383,79.51335802643169,-0.2667229291341579,0.5334458582683158,0.13336146456707895,-0.002667229291341579,16.73767023488995,0.004000843937012369,-0.002667229291341579,-1.3336146456707896,0.0,246.7474643506306,0.0013336146456707895,-43.0,-0.002667229291341579,-0.002667229291227892,-0.002667229291341579,0.0013336146456707895,9.095251883474786,-0.5334458582683158,0.002667229291341583,199.87117941110736,-0.0006668073228353948,-0.002933952220474902,-199.87117941110736,0.4000843937012369,-450.75030352493496,559.5052791011304,9.095251883474786,-0.002000421968506184,215.75704109958568,-96.0,0.002667229291341579,-0.0006668073228353946,0.13336146456707895,2.667229291341579,-0.0013336146456707895,-0.002667229291341579,0.0006668073228353948,490.0668389192301,0.0,999.9986663853543,0.0,-46.0,0.0,-22.283296350820194,-31.0,0.0,-32.0,-93.0,-65.0,0.0,16.0,23.0,46.5,0.0,15.5,-215.15691450903404,-104.02287642470775,0.0,65.0,-104.02287642470775,22.283296350820194,-10.074756458873468,0.0,1496.5981,hclb
260,0.0,0.0,0.0,0.0,0.0,0.0,0.0,0.0,-0.06653961629625021,0.0,0.0,0.0,0.0,0.0,0.0,0.0,0.0,0.0,0.0,-139.91526573255703,0.0,0.0,0.0,375.15652978301216,0.0,0.0,0.0,0.0,0.0,-330.5287393493653,0.0,0.0,325.5435596638919,0.0,0.0,0.0,0.0,-11.653304800682951,0.0,-1000.0,1000.0,0.0,0.0,0.0,0.0,0.0,0.0,0.0,330.5287393493653,0.0,0.0,0.0,0.0,0.07319357792584649,0.0,0.0,0.0,13.307923259250042,0.0,0.0,-69.00622210437712,0.0,0.0,-69.00622210437712,0.0,0.0,0.0,0.0,0.0,0.0,0.0,0.6653961629625021,0.0,0.0,0.0,0.0,0.0,0.0,0.0,0.0,0.0,0.0,0.0,0.0,39.923769777750124,0.0,63.146299895887516,585.3162907667299,0.0,788.8127569018544,-0.016634904074062554,0.0,0.0,558.0673358015937,19.961884888875062,0.0,19.961884888875062,0.0,0.0,0.0,0.0,534.9923859977661,-1000.0,0.0,0.0,-12.075562632946873,0.0,0.0,0.0,0.0,0.0,0.0,0.0,0.0,0.0,0.0,0.0,0.0,0.0,0.0,0.0,0.0,0.0,0.0,-472.9109602411929,0.0,0.0,19.961884888875062,0.0,20.627281051837564,16.71962651190391,0.0,0.0,-434.8815410685346,434.88154106853455,-434.88154106853455,-1000.0,0.0,0.0,1000.0,0.0,0.0,0.0,0.0,0.0,68.26985035069879,0.06653961629625021,0.0,0.0,0.0,0.0,0.0,0.0,0.0,0.0,0.0,307.75591012655354,0.0,0.0,0.0,0.0,0.0,924.3163267727733,924.3163267727733,0.0,0.0,0.0,234.34375,0.0,0.0,0.0,924.3828663890696,0.0,0.0,0.0,-98.9725272928959,-302.10616324612096,0.0,0.0,0.0,0.0,0.0,0.0,0.0,0.0,0.0,0.0,0.0,0.0,0.0,0.0,-177.41268902553324,0.0,0.0,0.0,0.0,0.0,0.0,0.0,84.15496988390476,-84.15496988390476,0.0,0.0,0.0,0.0,0.0,0.0,0.0,669.4712606506347,455.6455911768856,0.0,0.0,0.0,0.0,0.0,0.0,0.0,0.0,0.0,0.0,0.0,0.0,0.0,288.9342549043864,-16.384153481499915,0.0,0.0,0.0,0.0,0.0,78.27949875407873,0.0,0.0,0.0,0.0,-69.00622210437712,0.0,0.0,0.0,465.7661149689022,0.0,0.0,0.0,0.0,0.0,2.1425756447388022,0.0,0.0,0.0,788.71294747741,704.5579775935053,1000.0,0.0,0.0,0.0,0.0,0.0,-918.8216681185747,0.0,0.0,0.0,-373.01486460231774,0.0,0.0,-1000.0,-999.9999999999999,0.0,0.0,0.0,999.9999999999999,84.15496988390476,0.0,-971.6053259647475,0.0,0.0,140.80528373626714,0.0,0.0,0.0,-1000.0,0.0,1000.0,0.0,1000.0,0.0,0.0,271.8718393134097,234.34375,0.0,0.0,-69.00622210437712,-0.09980942444437531,0.0,0.0,0.0,0.0,0.06653961629625021,0.0,0.0,0.0,77.02872973784066,0.0,0.0,-731.871237006142,-146.0043945780854,302.10616324612096,953.2698081481251,0.0,-359.2252015863678,0.0,-12.075562632946873,0.0,0.0,0.0,531.1490365102379,-108.71558328639878,-63.20825163747122,-1000.0,-1000.0,0.0,0.0,0.0,0.0,0.0,0.0,0.0,0.0,0.0,0.0,0.0,0.0,0.0,0.0,0.0,0.0,465.7661149689022,-1000.0,0.0,-988.612853664502,0.0,0.0,0.0,2.4624921448781834,596.8776421508245,0.0,-70.41242599543759,0.0,0.0,0.0,0.0,531.6654051829536,-891.2844167136012,884.3902260156576,0.0,0.0,1000.0,710.5693311305128,-3.3269808148125106,0.0,-563.2654391787747,-884.3902260156576,-270.39092947872837,0.0,-1.6634904074062553,0.0,0.0,0.0,-373.77948994192786,0.0,1000.0,19.961884888875062,281.2500000000003,-281.2500000000003,0.0,0.0,0.0,0.0,0.0,-288.9342549043864,288.9342549043864,288.9342549043864,-216.32200844328906,0.0,0.0,-265.1891125311855,0.0,0.0,669.4712606506347,0.0,0.0,-11.719844416979202,0.0,0.0,66.69207674074995,0.0,0.0,0.0,0.0,-36.34603837037498,0.1330792325925685,0.0,0.0,0.0,0.0,0.0,0.0,0.0,0.0,0.0,0.0,0.0,0.0,0.0,0.0,0.0,0.0,0.0,0.0,0.0,0.07319357792584649,0.07319357792584649,0.0,371.62633164513636,0.0,39.923769777750124,0.0,0.0,0.0,1000.0,0.0,0.0,63.146299895887516,0.0,0.0,223.38264966182498,-1000.0,0.0,0.0,0.0,0.0,0.0,66.69207674074995,0.0,0.0,0.0,0.0,0.0,0.0,0.0,157.6369867470643,-77.02872973784066,0.0,0.0,68.26985035069879,0.0,1000.0,-441.9326641984063,-520.2121629524851,0.0,223.38264966182498,0.0,0.0,187.03661129145001,0.0,0.0,288.9342549043864,0.0,0.0,0.0,0.0,0.0,0.0,0.0,0.0,0.0,0.0,0.0,0.0,0.0,39.923769777750124,0.0,0.0,0.0,0.0,0.0,0.0,0.0,0.0,0.0,0.0,0.0,0.0,0.6653961629625021,0.0,0.0,63.146299895887516,-63.146299895887516,0.0,0.0,0.0,0.0,19.961884888875062,0.0,0.0,0.0,0.0,0.0,0.0,0.0,0.0,0.0,0.0,0.0,0.0,0.0,19.961884888875062,19.961884888875062,-412.27096647316694,-1000.0,0.0,66.69207674074995,0.0,0.0,0.0,0.0,0.0,1000.0,669.4712606506347,704.3753491553862,0.06653961629625021,0.0,0.0,-78.12500000000003,99.12156293105363,308.0896478169859,0.0,-558.0673358015937,0.0,0.0,0.0,0.0,0.0,0.0,0.0,0.0,0.0,0.0,0.0,0.0,0.0,0.0,0.06653961629625021,0.0,0.0,0.0,-694.6675825614931,694.6675825614931,0.0,0.0,0.0,0.0,-731.7986129507783,672.7733332908387,0.0,0.0,0.0,-4.9904712222187655,0.0,-3.3269808148125106,0.0,0.0,0.0,0.0,0.0,0.0,0.0,0.0,0.0,0.0,0.0,0.0,302.10616324612096,0.0,0.0,629.5474908728846,0.0,0.0,0.0,-0.06653961629625021,0.0,0.0,0.06653961629625021,0.0,0.06653961629625021,0.0,0.0,0.0,39.923769777750124,81.17833188142525,81.17833188142525,0.0,0.0,0.0,0.0,0.0,0.0,0.0,0.0,0.0,669.4712606506347,0.0,0.0,536.8780974733451,0.0,0.0,0.0,0.0,0.0,0.0,0.0,0.0,0.0,0.0,0.0,0.0,0.0,0.0,78.27949875407873,0.0,0.0,0.0,0.09980942444437531,0.0,0.0,0.0,-19.961884888875062,0.0,0.0,0.0,0.0,0.0,-371.62633164513636,3.3269808148125106,0.0,0.0,0.0,-234.34375,0.0,0.0,-3.3269808148125106,0.0,0.0,0.0,0.0,0.0,0.0,0.0,0.0,0.0,0.0,5.660326208983303,82.69207674074995,0.0,51.692076740749954,296.014085184039,11.387146335498006,661.3861869553407,0.0,-672.7733332908387,0.0,-1000.0,0.0,3.3269808148125106,1000.0,0.0,0.0,0.0,-138.01244420875423,-408.7211115141081,408.7211115141081,0.0,0.0,0.0,0.0,0.0,0.0,0.0,376.61680286735515,-386.59774531179266,81.17833188142525,0.0,0.0,0.0,0.0,0.0,0.0,0.0,0.0,0.0,2.1425756447388022,0.0,0.0,0.0,-20.996562931053603,0.0,0.0,19.961884888875062,63.146299895887516,0.0,0.0,0.0,145.98059654687836,0.0,0.0,0.07319357792584649,0.0,0.0,0.0,40.589165940712626,0.0,0.0,0.0,0.0,-16.384153481499915,0.0,0.0,0.0,0.0,0.0,0.0,0.0,0.0,17.247748222312083,0.0,0.006653961629625027,0.006653961629625027,0.0,0.0,0.0,0.0,0.0,0.0,0.0,0.0,0.0,-78.12500000000003,0.0,0.0,0.0,0.0,0.0,371.62633164513636,0.0,0.0,0.0,0.0,0.0,0.0,0.0,0.0,0.0,0.0,0.0,126.29259979177503,78.71398869827055,-859.7058410462098,0.0,0.0,0.0,0.0,39.923769777750124,0.0,0.0,0.0,0.0,0.0,0.0,-39.923769777750124,0.0,126.29259979177503,0.0,0.0,0.0,0.0,0.0,0.0,0.0,0.0,0.0,0.0,-814.9430385075866,-1000.0,582.4577346362764,952.7590784785974,-972.7209633674725,0.0,-11.653304800682951,0.0,0.0,0.0,0.0,0.0,0.0,0.0,0.0,0.0,0.0,0.0,0.0,0.0,0.0,0.0,0.0,0.0,-8.317452037031277,0.0,-536.6558764051723,918.485371562919,0.0,0.0,0.0,0.0,0.0,-0.8317452037031277,0.0,11.719844416979202,0.0,0.0,0.0,0.0,0.0,0.0,0.0,889.4323106477996,19.961884888875062,19.961884888875062,0.0,0.0,0.0,0.0,0.0,0.07319357792584649,371.62633164513636,0.0,0.0,11.653304800682951,0.0,0.0,0.0,0.0,0.0,0.0,0.0,0.0,0.0,0.0,0.0,0.0,0.0,0.0,0.0,0.0,0.0,16.71962651190391,0.0,69.86659711106272,68.26985035069879,0.0,0.0,0.0,0.0,0.0,371.62633164513636,0.0,0.0,0.0,0.0,0.0,-8.317452037031277,0.0,0.0,0.0,0.0,0.0,0.0,0.0,0.0,0.0,0.0,0.0,0.0,0.0,0.0,0.0,0.0,0.0,0.0,-0.06653961629625021,0.0,0.0,3.3269808148125106,-223.38264966182498,0.0,0.0,0.0,0.0,0.0,0.0,0.0,0.0,-531.1490365102379,1.6634904074062553,0.0,0.0,0.0,0.06653961629625021,0.0,66.5396162962502,-3.9076545399336453,13.307923259250044,0.4752829735446444,219.0847824903459,-0.049904712222187654,270.39092947872837,1.3307923259250043,-0.3326980814811958,-219.0847824903459,19.961884888875066,-0.06653961629625021,4.025187544315624,66.69207674074995,0.016634904074062554,0.4752829735446444,-12.075562632946873,-73.73940681025013,-1.3307923259250043,139.91526573255703,-0.06653961629625021,0.016634904074062554,-219.0847824903459,6.653961629625021,0.06653961629625021,0.06653961629625021,-371.48659845091424,-63.07310631796164,-29.64882495138728,-0.049904712222187654,19.961884888875062,0.06653961629625021,19.961884888875062,-33.26980814812511,-0.03326980814812511,-253.95595990927254,-85.0,-0.049904712222187654,-0.06653961629625021,-3.9076545399336453,0.06653961629625021,6.65396162962503,-1.3307923259250043,78.27949875407873,78.27949875407873,-6.653961629625021,-139.91526573255703,-78.27949875407873,13.307923259250042,0.09980942444437531,-1000.0,6.653961629625021,-157.6369867470643,66.69207674074995,-13.307923259250042,0.03326980814812511,0.6653961629625021,182.9678092515355,96.0,-0.06653961629625021,-386.59774531179266,371.48659845091424,20.627281051837564,0.06653961629625021,73.73940681025013,-13.155462814750251,66.69207674074995,-0.06653961629625021,-0.016634904074062554,-66.69207674074995,-0.06653961629625021,-36.34603837037498,0.06653961629613653,-0.016634904074062554,-0.016634904074062554,-0.016634904074062554,26.615846518500085,33.26980814812511,0.6653961629625021,49.29753822348276,-0.016634904074062554,361.9104309587554,3.3269808148125106,21.5,0.06653961629625021,0.03326980814812511,0.03326980814812511,40.0,3.9076545399336453,0.06653961629625021,-3.9076545399336453,0.6653961629625021,0.06653961629625021,-49.29753822348276,0.06653961629625021,0.26615846518494557,0.3326980814811958,0.03326980814812511,0.016634904074062554,19.961884888875062,-0.06653961629625021,29.64882495138728,0.6653961629625021,-98.59507644696552,268.7274390713221,-6.65396162962503,13.307923259250042,3.3269808148125106,-0.06653961629625021,12.075562632946873,0.09980942444437531,-0.06653961629625021,-80.0,3.9076545399336453,-4.381141376949202,0.03326980814812511,-43.0,-0.06653961629625021,-0.06653961629613653,-0.06653961629625021,0.03326980814812511,219.0847824903459,-13.307923259250042,0.06653961629625021,365.935618503071,-0.016634904074062554,63.07310631796164,-365.935618503071,9.980942444437531,85.0,624.6897933551336,219.0847824903459,-0.049904712222187654,386.59774531179266,-96.0,0.06653961629625021,-0.016634904074062554,3.3269808148125106,66.5396162962502,-0.03326980814812511,-0.06653961629625021,0.016634904074062554,0.0,0.0,126.99900340609271,0.0,-46.0,0.0,165.03842034379426,-31.0,0.0,-32.0,-93.0,-65.0,-872.9677267857592,16.0,23.0,46.5,0.0,15.5,-371.62633164513636,-141.59945516992914,872.9677267857592,65.0,-141.59945516992914,-165.03842034379426,85.76996076445974,0.0,1496.5981,hclb
261,0.0,0.0,0.0,0.0,0.0,0.0,0.0,0.0,337.2440125706886,0.0,0.0,0.0,0.0,0.0,0.0,0.0,335.6087760948973,-905.1978927034668,0.0,529.5586695965,0.0,0.0,0.0,803.1771302826053,0.0,0.0,0.0,0.0,0.0,-1000.0,0.0,0.0,0.0,0.0,0.0,0.0,0.0,840.7215652376411,0.0,-1000.0,1000.0,0.0,0.0,0.0,0.0,0.0,0.0,0.0,664.3912239051027,-335.3808000906255,0.0,0.0,0.0,0.04959185399634995,0.0,0.0,0.0,0.0,0.0,0.0,147.4124566061313,0.0,0.0,-306.7359748721232,0.0,0.0,0.0,0.0,531.7769772180936,-531.7769772180936,0.0,0.4508350363307769,0.0,0.0,0.0,0.0,0.0,0.0,0.0,432.16420981238065,0.0,0.0,0.0,0.0,27.05010217984661,0.0,0.0,0.0,-220.687518395324,664.4588491605523,-0.011270875908269418,0.0,0.0,0.0,13.525051089923306,0.0,13.525051089923306,0.0,0.0,0.0,0.0,2.254175181653884,-1000.0,0.0,0.0,-12.777019939737166,0.0,0.0,0.0,0.0,0.0,0.0,0.0,0.0,0.0,0.0,0.0,0.0,0.0,0.0,0.0,0.0,0.0,0.0,-1000.0,0.0,0.0,13.525051089923306,0.0,13.975886126254082,0.0,0.0,-976.6093749998103,976.6093749998103,0.0,0.0,0.0,0.0,0.0,-454.1484314782545,0.0,0.0,0.0,0.0,0.0,3.471429779746979,0.04508350363307768,0.0,0.0,0.0,0.0,-284.1709829454118,0.0,0.0,0.0,0.0,-7.952095129886312,0.0,0.0,0.0,0.0,0.0,189.40368366305364,189.40368366305364,0.0,0.0,0.0,0.0,0.0,0.0,0.0,189.4487671666867,0.0,0.0,0.0,-370.58096733413004,0.0,0.0,0.0,0.0,0.0,0.0,0.0,0.0,0.0,0.0,-1000.0,0.0,0.0,0.0,0.0,-1000.0,0.0,0.0,0.0,0.0,0.0,335.3808000906255,0.0,174.8630013206723,-174.8630013206723,454.1484314782545,0.0,0.0,0.0,0.0,0.0,0.0,0.0,-665.4811557353383,0.0,0.0,0.0,0.0,0.0,0.0,0.0,0.0,0.0,0.0,0.0,0.0,0.0,215.5865987036474,268.2315558397445,0.0,0.0,0.0,0.0,0.0,-85.36229756688402,0.0,0.0,0.0,0.0,147.4124566061313,0.0,0.0,0.0,115.57234405996994,0.0,0.0,0.0,0.0,0.0,518.5353430881388,9.016700726615536,0.0,0.0,1000.0,604.4494802840037,839.254225225775,0.0,0.0,0.0,0.0,454.1484314782545,0.0,0.0,0.0,0.0,11.763923778073718,0.0,0.0,-532.4143616732146,0.0,0.0,-532.4143616732147,0.0,0.0,-45.82451707465168,0.0,-865.1674456913972,335.3808000906255,0.0,-243.00315877508376,0.0,0.0,0.0,0.0,0.0,0.0,0.0,189.35860015942058,0.0,0.0,-75.80003833842372,0.0,0.0,0.0,147.4124566061313,-0.0676252554496165,0.0,0.0,0.0,0.0,0.04508350363307768,0.0,0.0,0.0,99.15347191056733,335.6087760948973,0.0,-481.84453452196016,459.85281720166927,0.0,942.5417518165389,0.0,-369.12119620810694,0.0,-12.777019939737166,0.0,0.0,0.0,-3.8816896628079522,373.0028858709149,0.0,751.861936890135,-1000.0,0.0,0.0,0.0,0.0,0.0,0.0,0.0,0.0,0.0,0.0,0.0,0.0,0.0,0.0,0.0,0.0,115.57234405996994,-159.09810074782683,0.0,-1000.0,0.0,0.0,517.0836542711518,0.0,0.0,0.0,-522.0067728678857,0.0,0.0,0.0,0.0,0.0,-794.4858915195567,-781.2500000000007,997.7458248183461,764.0671632490015,-110.2939715694518,0.0,0.0,-347.1258334551234,286.4208958131843,781.2500000000007,-1000.0,31.451591830499353,-765.1942508398284,-2.254175181653884,-115.96768728244581,0.0,0.0,1000.0,-937.6011403180095,13.525051089923306,0.0,0.0,0.0,0.0,0.0,337.28909607432166,0.0,-215.5865987036474,215.5865987036474,215.5865987036474,96.76031921312162,0.0,0.0,0.0,0.0,0.0,0.0,0.0,0.0,-159.32351826599194,0.0,0.0,70.98329927338446,0.0,0.0,0.0,0.0,-29.464478195590655,0.09016700726610538,0.0,0.0,0.0,0.0,0.0,0.0,0.0,0.0,0.0,0.0,0.0,0.0,0.0,0.0,0.0,0.0,0.0,0.0,0.0,0.04959185399634995,0.04959185399634995,0.0,302.56989797703187,0.0,27.05010217984661,0.0,0.0,0.0,1000.0,0.0,0.0,0.0,0.0,0.0,470.65722511474934,-1000.0,0.0,0.0,233.6720034252813,0.0,0.0,70.98329927338446,0.0,0.0,0.0,0.0,0.0,0.0,0.0,333.3333333333333,-99.15347191056733,284.1709829454118,0.0,3.471429779746979,0.0,0.0,0.0,-368.7861339113705,0.0,470.65722511474934,0.0,441.1927469191587,0.0,281.24999999956657,-281.24999999956657,215.5865987036474,0.0,0.0,0.0,0.0,0.0,0.0,0.0,0.0,0.0,0.0,0.0,0.0,0.0,27.05010217984661,454.1484314782545,454.1484314782545,0.0,0.0,0.0,0.0,0.0,0.0,0.0,0.0,0.0,0.0,0.4508350363307769,0.0,0.0,0.0,0.0,0.0,0.0,0.0,0.0,13.525051089923306,-233.6720034252813,0.0,0.0,0.0,0.0,0.0,0.0,0.0,0.0,0.0,820.2637781595417,0.0,0.0,13.525051089923306,13.525051089923306,1000.0,-1000.0,0.0,70.98329927338446,0.0,0.0,0.0,0.0,0.0,-751.861936890135,0.0,-427.68151678216975,0.04508350363307768,0.0,0.0,0.0,59.5392070479981,0.0,0.0,0.0,0.0,0.0,0.0,0.0,0.0,0.0,0.0,0.0,0.0,0.0,0.0,0.0,0.0,0.0,0.04508350363307768,0.0,0.0,0.0,0.0,0.0,0.0,0.0,0.0,0.0,-550.933399176847,546.0102805801131,0.0,0.0,-840.9018992521732,-3.3812627724807953,0.0,-2.254175181653884,0.0,0.0,0.0,0.0,0.0,0.0,0.0,0.0,0.0,0.0,0.0,454.1484314782545,0.0,0.0,0.0,-935.3469651363556,0.0,0.0,0.0,337.2440125706886,0.0,0.0,0.04508350363307768,0.0,0.04508350363307768,0.0,0.0,0.0,27.05010217984661,55.001874432354775,55.001874432354775,0.0,0.0,0.0,0.0,0.0,0.0,0.0,284.1709829454118,0.0,0.0,0.0,0.0,0.0,0.0,0.0,0.0,0.0,0.0,0.0,0.0,0.0,0.0,0.0,0.0,0.0,0.0,0.0,368.7861339113705,0.0,0.0,0.0,0.0676252554496165,0.0,0.0,0.0,-13.525051089923306,0.0,0.0,0.0,0.0,0.0,-302.56989797703187,2.254175181653884,0.0,0.0,0.0,0.0,0.0,-28.926626308961264,-2.254175181653884,0.0,0.0,0.0,0.0,0.0,0.0,0.0,454.1484314782545,0.0,233.6720034252813,0.0,86.98329927338446,0.0,340.1542822187963,-12.777019939737166,0.0,0.0,0.0,0.0,0.0,-55.001874432354775,0.0,2.254175181653884,1000.0,0.0,0.0,0.0,-159.32351826599194,0.0,0.0,0.0,0.0,0.0,0.0,0.0,0.0,0.0,1000.0,-6.762525544961591,55.001874432354775,0.0,0.0,0.0,0.0,0.0,0.0,0.0,0.0,0.0,518.5353430881388,0.0,0.0,305.95116074951267,-59.5392070479981,-926.9854739439864,0.0,13.525051089923306,0.0,0.0,0.0,0.0,-72.44875224787356,0.0,0.0,0.04959185399634995,0.0,0.0,0.0,27.500937216177388,0.0,0.0,0.0,0.0,268.2315558397445,0.0,0.0,0.0,0.0,0.0,0.0,0.0,0.0,0.0,0.0,0.004508350363307896,0.004508350363307896,0.0,0.0,0.0,0.0,0.0,0.0,0.0,0.0,0.0,0.0,0.0,0.0,0.0,0.0,0.0,302.56989797703187,0.0,0.0,0.0,0.0,0.0,0.0,0.0,335.3808000906255,0.0,0.0,0.0,0.0,0.0,1000.0,-905.1978927034668,0.0,0.0,0.0,27.05010217984659,0.0,0.0,0.0,0.0,0.0,940.767000850552,-967.8171030303986,0.0,0.0,0.0,0.0,0.0,0.0,0.0,0.0,0.0,0.0,0.0,0.0,150.04162186819553,-1000.0,30.882199988658215,0.0,-13.525051089923306,0.0,840.7215652376411,0.0,0.0,0.0,0.0,0.0,0.0,0.0,0.0,0.0,320.31250000000006,0.0,-320.31250000000006,-320.31250000000006,0.0,0.0,0.0,0.0,-5.635437954134679,454.1484314782545,-3.3812627724807953,3.3812627724808264,0.0,0.0,0.0,0.0,0.0,-0.563543795413471,0.0,159.32351826599194,0.0,0.0,0.0,0.0,0.0,0.0,0.0,722.3601050860258,13.525051089923306,13.525051089923306,0.0,0.0,0.0,0.0,432.16420981238065,0.04959185399634995,302.56989797703187,0.0,0.0,-840.7215652376411,0.0,0.0,0.0,0.0,0.0,0.0,0.0,0.0,0.0,0.0,0.0,0.0,0.0,0.0,0.0,0.0,0.0,0.0,0.0,47.33767881473157,0.0,0.0,3.471429779746979,0.0,0.0,0.0,302.56989797703187,0.0,546.0102805801131,0.0,0.0,0.0,-5.635437954134679,0.0,0.0,0.0,0.0,0.0,0.0,0.0,0.0,0.0,0.0,0.0,0.0,0.0,0.0,0.0,0.0,0.0,0.0,-0.04508350363307768,0.0,0.0,2.254175181653884,-470.65722511474934,0.0,0.0,0.0,0.0,454.1484314782545,0.0,0.0,0.0,3.8816896628079522,1.1270875908269318,0.0,0.0,0.0,0.04508350363307768,0.0,45.083503633077676,-13.975886126254082,9.016700726615536,0.3220250259505549,125.78297513628674,-0.03381262772480825,2.2541751816538635,0.9016700726615536,-0.22541751816515898,-125.78297513628674,13.525051089923304,-0.04508350363307768,4.2590066465790555,70.98329927338446,0.011270875908269418,0.3220250259505549,-12.777019939737166,-7.177293778387841,-0.9016700726615536,40.030447012069544,-0.04508350363307768,0.011270875908269418,-125.78297513628674,4.508350363307768,0.04508350363307768,0.04508350363307768,-302.4752226194025,0.049591853996385576,-3.9104383161163234,-0.03381262772480825,13.525051089923306,0.04508350363307768,13.525051089923306,-22.54175181653884,-0.022541751816538835,37.41657332547697,80.80886369994317,-0.03381262772480825,-0.04508350363307768,-13.975886126254082,0.04508350363307768,4.508350363307768,-0.9016700726615536,368.7861339113705,368.7861339113705,-4.508350363307768,-40.030447012069544,-368.7861339113705,9.016700726615536,0.0676252554496165,-1000.0,4.508350363307768,-333.3333333333333,70.98329927338446,-9.016700726615536,0.022541751816538835,0.4508350363307769,120.46113363049004,96.0,-0.04508350363307768,-312.71368629447426,302.4752226194025,13.975886126254082,0.04508350363307768,7.177293778387841,16.88309491369114,70.98329927338446,-0.04508350363307768,-0.011270875908269418,-70.98329927338446,-0.04508350363307768,-29.464478195590655,0.045083503633191364,-0.011270875908269418,-0.011270875908269418,-0.011270875908269418,18.033401453231072,22.54175181653884,0.4508350363307769,33.401240754157385,-0.011270875908269418,236.66326061440103,2.2541751816538835,16.98641427944921,0.04508350363307768,0.022541751816538835,0.02254175181653884,40.0,13.975886126254082,0.04508350363307768,-13.975886126254082,0.4508350363307769,0.04508350363307768,-33.401240754157385,0.04508350363307768,0.18033401453203624,0.22541751816515898,0.022541751816538835,0.011270875908269418,13.525051089923306,-0.04508350363307768,3.9104383161163234,0.4508350363307768,-66.80248150831477,1.1270875908269318,-4.508350363307768,9.016700726615536,2.254175181653884,-0.04508350363307768,12.777019939737166,0.0676252554496165,-0.04508350363307768,-80.0,13.975886126254082,220.52956306734603,0.02254175181653884,-33.97282855889842,-0.04508350363307768,-0.045083503633191364,-0.045083503633153686,0.02254175181653884,125.78297513628674,-9.016700726615536,0.04508350363307768,240.92226726098008,-0.011270875908269418,-0.049591853996385576,-240.92226726098008,6.762525544961651,-80.80886369994317,621.3977810573781,125.78297513628674,-0.03381262772480825,312.71368629447426,-96.0,0.04508350363307768,-0.011270875908231417,2.254175181653884,45.083503633077676,-0.022541751816538835,-0.04508350363307768,0.011270875908269418,0.0,0.0,381.34312616228283,0.0,-46.0,0.0,195.1996996188857,-13.773365370028149,0.0,-32.0,-93.0,-65.0,-618.6343320859006,16.0,23.0,46.5,0.0,6.886682685014074,-302.56989797703187,-148.08081081947248,618.6343320859006,65.0,-148.08081081947248,-195.1996996188857,86.9041271709434,0.0,1496.5981,hclb
262,0.0,0.0,0.0,0.0,0.0,0.0,0.0,0.0,940.5573430623746,0.0,0.0,0.0,0.0,0.0,0.0,0.0,0.0,0.0,0.0,262.34284768839547,0.0,0.0,0.0,947.0097055721715,0.0,0.0,0.0,0.0,0.0,-1000.0,0.0,0.0,30.11415619753746,0.0,0.0,0.0,0.0,-7.019944703069156,0.0,-1000.0,-544.3804454320143,0.0,-779.7823344174243,-408.5922992548806,0.0,0.0,716.0018791143585,0.0,-35.287398817598955,0.0,0.0,0.0,0.0,0.04409177297358525,0.0,0.0,0.0,8.01668599513291,0.0,0.0,-3.5300140665224107,0.0,-996.4699859334776,-1000.0,0.0,0.0,0.0,0.0,0.0,0.0,0.0,0.40083429975664553,0.0,0.0,0.0,0.0,0.0,0.0,0.0,0.0,0.0,0.0,0.0,0.0,24.05005798539873,0.0,0.0,420.97045385158435,-596.2969098443704,761.76229929578,477.1032662595008,0.0,0.0,-741.5597319172971,12.025028992699365,0.0,12.025028992699365,0.0,0.0,0.0,0.0,2.0041714987832275,-1000.0,0.0,0.0,0.0,0.0,0.0,0.0,0.0,0.0,0.0,0.0,0.0,0.0,0.0,0.0,0.0,0.0,0.0,0.0,0.0,0.0,0.0,-209.46249181173687,0.0,0.0,12.025028992699365,0.0,12.42586329245601,0.0,0.0,80.95157357245785,0.0,-80.95157357245785,80.95157357245785,0.0,0.0,0.0,0.0,0.0,0.0,0.0,0.0,0.0,3.0864241081261827,0.04008342997566455,477.11328711699474,0.0,0.0,-595.4247634673316,0.0,0.0,0.0,0.0,0.0,46.30409096229252,0.0,0.0,0.0,0.0,0.0,-553.5352493723894,-553.5352493723894,0.0,0.0,0.0,-859.3437499999999,-747.2173620423257,0.0,0.0,-553.4951659424138,0.0,0.0,0.0,71.00278457383877,-114.8138856361669,0.0,0.0,0.0,0.0,0.0,0.0,0.0,0.0,0.0,0.0,0.0,0.0,0.0,0.0,-711.9087962528329,0.0,0.0,0.0,0.0,0.0,0.0,779.7823344174243,-165.4653894514097,165.4653894514097,0.0,0.0,0.0,0.0,0.0,0.0,0.0,0.0,-352.6023512747594,0.0,0.0,0.0,0.0,0.0,0.0,0.0,0.0,0.0,0.0,0.0,0.0,0.0,0.0,568.4581354575973,255.50506440017466,0.0,0.0,0.0,0.0,80.95157357245787,0.0,0.0,0.0,0.0,-3.5300140665224107,664.0973636550552,0.0,0.0,0.0,0.0,0.0,0.0,0.0,0.0,1.2906864452149156,0.0,0.0,0.0,297.57920118142044,-913.0346536289645,1000.0,0.0,-255.50506440017466,0.0,0.0,0.0,-951.0982154296893,0.0,0.0,0.0,-4.039741684379919,0.0,0.0,-505.76857668133135,-527.8312331920554,0.0,22.06265651072391,0.0,527.8312331920554,-761.76229929578,0.0,-288.80559679699957,0.0,0.0,30.8811960596463,0.0,0.0,0.0,-1000.0,0.0,1000.0,0.0,162.42654631199343,0.0,0.0,0.0,-859.3437499999999,0.0,0.0,-3.5300140665224107,-0.06012514496349682,0.0,0.0,0.0,0.0,0.04008342997566455,0.0,0.0,0.0,617.6415072424608,0.0,0.0,-190.23737866728445,761.3346220519571,114.8138856361669,-532.3554164393149,0.0,0.0,0.0,0.0,0.0,0.0,0.0,-3.4511833209050717,0.0,3.4511833209050717,958.2500919534932,-1000.0,0.0,0.0,0.0,0.0,0.0,0.0,0.0,0.0,0.0,0.0,0.0,0.0,0.0,0.0,0.0,0.0,0.0,807.9809603261665,0.0,814.8405713093349,0.0,0.0,0.0,0.0,0.0,0.0,-4.377110553341098,0.0,0.0,0.0,0.0,0.0,0.0,883.5035817560063,0.0,973.9959332690669,0.0,883.8302032445305,-2.0041714987832275,-57.42352178313739,0.0,-883.5035817560063,-2.0041714987832275,0.0,-974.9980190184585,0.0,0.0,0.0,-26.05422948418196,-789.3295087339034,0.0,12.025028992699365,0.0,0.0,0.0,0.0,0.0,940.5974264923502,0.0,0.0,0.0,0.0,84.98331400486708,0.0,0.0,0.0,0.0,0.0,0.0,0.0,0.0,-7.060028133044821,0.0,0.0,0.0,0.0,0.0,0.0,0.0,-38.99165700243354,0.08016685995137011,0.0,0.0,0.0,0.0,0.0,0.0,0.0,0.0,0.0,0.0,0.0,0.0,0.0,0.0,0.0,0.0,0.0,0.0,0.0,0.04409177297358525,0.04409177297358525,0.0,39.662438612019045,0.0,24.05005798539873,0.0,0.0,0.0,1000.0,0.0,0.0,0.0,0.0,0.0,290.10773357606604,-1000.0,0.0,0.0,277.3084078273302,0.0,0.0,0.0,0.0,0.0,0.0,0.0,0.0,0.0,0.0,69.82083060391228,-617.6415072424608,595.4247634673316,0.0,3.0864241081261827,0.0,0.0,-741.5597319172971,-822.5113054897549,0.0,290.10773357606604,0.0,0.0,251.11607657363248,718.7499999999902,-718.7499999999902,0.0,0.0,0.0,0.0,0.0,0.0,0.0,0.0,0.0,0.0,0.0,0.0,0.0,0.0,24.05005798539873,0.0,0.0,0.0,0.0,0.0,0.0,0.0,0.0,0.0,0.0,0.0,0.0,0.40083429975664553,0.0,0.0,0.0,0.0,0.0,779.7823344174243,0.0,0.0,12.025028992699365,-277.3084078273302,0.0,0.0,0.0,0.0,0.0,0.0,0.0,0.0,0.0,0.0,0.0,0.0,12.025028992699365,12.025028992699365,1000.0,-1000.0,0.0,0.0,0.0,0.0,0.0,0.0,0.0,-958.2500919534932,0.0,-953.7093073944175,0.04008342997566455,0.0,0.0,-46.875000002656684,99.81089548980395,0.0,0.0,741.5597319172971,0.0,0.0,0.0,0.0,0.0,0.0,0.0,0.0,0.0,0.0,0.0,0.0,0.0,0.0,0.04008342997566455,0.0,0.0,0.0,-736.8508053692419,736.8508053692419,0.0,0.0,0.0,0.0,-6.381282052124326,2.0041714987832275,0.0,0.0,6.859610983168409,-3.0062572481748413,-2.0041714987832275,0.0,0.0,671.875,671.875,-671.875,0.0,0.0,0.0,0.0,0.0,0.0,0.0,0.0,114.8138856361669,0.0,0.0,-24.05005798539873,0.0,0.0,0.0,940.5573430623746,0.0,0.0,0.04008342997566455,0.0,0.04008342997566455,0.0,0.0,0.0,24.05005798539873,48.901784570310745,48.901784570310745,0.0,0.0,0.0,0.0,0.0,0.0,0.0,595.4247634673316,0.0,0.0,0.0,0.0,0.0,0.0,0.0,0.0,0.0,0.0,0.0,0.0,0.0,0.0,0.0,0.0,0.0,0.0,0.0,80.95157357245787,0.0,0.0,0.0,0.06012514496349682,0.0,0.0,0.0,-12.025028992699365,0.0,0.0,0.0,0.0,0.0,-39.662438612019045,2.0041714987832275,0.0,0.0,0.0,859.3437499999999,747.2173620423257,-2.0041714987832275,0.0,0.0,0.0,0.0,0.0,0.0,0.0,0.0,0.0,0.0,277.3084078273302,0.0,39.662438612019045,0.0,652.4080774721987,0.0,0.0,0.0,0.0,0.0,0.0,-1000.0,0.0,2.0041714987832275,1000.0,0.0,0.0,0.0,-7.060028133044821,0.0,0.0,0.0,0.0,0.0,0.0,0.0,0.0,0.0,42.668695860193885,-48.68121035654359,48.901784570310745,0.0,-201.7687073143445,-201.7687073143445,201.7687073143445,0.0,0.0,0.0,0.0,0.0,1.2906864452149156,0.0,0.0,0.0,-52.93589548714727,92.49975015947318,-779.7823344174243,12.025028992699365,0.0,0.0,0.0,0.0,-75.53787701754314,0.0,0.0,0.04409177297358525,0.0,0.0,0.0,24.450892285155373,0.0,0.0,0.0,0.0,568.4581354575973,0.0,0.0,0.0,0.0,0.0,0.0,0.0,0.0,0.0,0.0,0.004008342997566459,0.004008342997566459,0.0,0.0,0.0,0.0,0.0,0.0,0.0,0.0,0.0,-46.875000002656684,0.0,0.0,0.0,0.0,0.0,39.662438612019045,0.0,0.0,0.0,0.0,0.0,0.0,0.0,0.0,0.0,0.0,0.0,0.0,-281.96781350877876,1000.0,0.0,0.0,0.0,0.0,24.05005798539873,0.0,0.0,0.0,0.0,0.0,-24.05005798539873,0.0,0.0,0.0,0.0,0.0,0.0,0.0,0.0,0.0,0.0,0.0,0.0,0.0,168.90013984548546,-1000.0,27.45714953333022,92.63682988444532,-104.66185887714468,0.0,-7.019944703069156,0.0,0.0,0.0,0.0,0.0,0.0,0.0,0.0,0.0,0.0,0.0,0.0,0.0,0.0,0.0,0.0,0.0,-5.010428746958069,0.0,-3.0062572481748413,45.674953108368726,0.0,0.0,0.0,0.0,0.0,0.0,-0.5010428746958069,7.060028133044821,0.0,0.0,0.0,0.0,0.0,0.0,0.0,215.19083245106793,12.025028992699365,12.025028992699365,0.0,0.0,0.0,0.0,0.0,0.04409177297358525,39.662438612019045,0.0,0.0,7.019944703069156,0.0,0.0,0.0,0.0,0.0,0.0,0.0,0.0,0.0,0.0,0.0,0.0,0.0,0.0,0.0,0.0,0.0,0.0,0.0,42.08760147444778,3.0864241081261827,0.0,0.0,0.0,0.0,0.0,39.662438612019045,0.0,0.0,0.0,0.0,0.0,-5.010428746958069,0.0,0.0,0.0,0.0,0.0,0.0,0.0,0.0,0.0,0.0,0.0,0.0,0.0,0.0,0.0,0.0,0.0,0.0,-0.04008342997566455,0.0,0.0,2.0041714987832275,-290.10773357606604,0.0,0.0,0.0,0.0,0.0,0.0,0.0,0.0,3.4511833209050717,1.0020857493916138,0.0,0.0,0.0,0.04008342997566455,0.0,40.08342997566455,-12.42586329245601,8.01668599513291,0.28631021411188967,111.83276963210409,-0.03006257248174841,2.0041714987832275,0.8016685995132911,-0.20041714987641207,-111.83276963210409,12.025028992699365,-0.04008342997566455,0.0,0.0,0.010020857493916138,0.28631021411188967,0.0,-6.381282052124326,-0.8016685995132911,-262.34284768839547,-0.040083429975664504,0.010020857493916138,-111.83276963210409,4.008342997566455,0.04008342997566455,0.04008342997566455,-39.57826340906979,0.04409177297323101,-69.10581319997101,-0.03006257248174841,12.025028992699365,0.04008342997566455,12.025028992699365,-20.041714987832275,-0.020041714987832276,22.801722237678486,-85.0,-0.03006257248174841,-0.04008342997566455,-12.42586329245601,0.04008342997566455,4.008342997566455,-0.8016685995132911,80.95157357245787,80.95157357245787,-4.008342997566455,262.34284768839547,-80.95157357245787,8.01668599513291,0.06012514496349682,-216.18244230015742,4.008342997566455,-69.82083060391228,0.0,-8.01668599513291,0.020041714987832276,0.40083429975664553,47.55934466682111,47.679124607151955,-0.04008342997566455,-48.68121035654359,39.57826340906979,12.42586329245601,0.04008342997566455,6.381282052124326,-48.10011597079716,0.0,-0.04008342997566455,-0.010020857493916138,0.0,-0.04008342997566455,-38.99165700243354,0.04008342997575214,-0.010020857493916138,-0.010020857493916138,-0.010020857493916138,16.03337199026582,20.041714987832275,0.40083429975664553,261.75829766791713,-0.010020857493916138,95.11868933364222,2.0041714987832275,21.5,0.04008342997566455,0.020041714987832276,0.020041714987832276,4.008342997566455,12.42586329245601,0.04008342997566455,-12.42586329245601,0.40083429975664553,0.04008342997566455,-725.8812706373133,0.04008342997566455,0.16033371990078393,0.20041714987641207,0.020041714987832276,0.010020857493916138,12.025028992699365,-0.04008342997566455,69.10581319997101,0.40083429975664553,-523.5165953358343,1.0020857493916138,-4.008342997566455,8.01668599513291,2.0041714987832275,-0.04008342997566455,0.0,0.06012514496349682,-0.04008342997566455,-8.01668599513291,12.42586329245601,270.2925613722468,0.020041714987832276,-43.0,-0.04008342997566455,-0.04008342997575214,-0.04008342997566455,0.020041714987832276,111.83276963210409,-8.01668599513291,0.04008342997566455,95.11868933364222,-0.010020857493916138,-0.04409177297323101,-95.11868933364222,6.012514496349682,85.0,236.62275391812145,111.83276963210409,-0.03006257248174841,48.68121035654359,-47.679124607151955,0.040083429975664504,-0.010020857493916138,2.0041714987832275,40.08342997566455,-0.020041714987832276,-0.04008342997566455,0.010020857493916138,0.0,0.0,216.1624005851696,464.12297296939613,-46.0,0.0,126.12660235975488,-31.0,0.0,-32.0,-93.0,-65.0,0.0,16.0,23.0,46.5,0.0,15.5,-39.662438612019045,-194.75468435470364,0.0,65.0,-194.75468435470364,-126.12660235975488,85.1091876664928,0.0,1496.5981,hclb
263,0.0,0.0,0.0,0.0,0.0,0.0,0.0,0.0,-0.07895228342518411,0.0,0.0,0.0,0.0,0.0,0.0,0.0,118.08639997941253,464.6697753149798,0.0,-828.3076901177484,0.0,0.0,0.0,454.3033757653045,0.0,0.0,0.0,0.0,0.0,-318.2205219378492,0.0,0.0,23.286802200092247,0.0,0.0,0.0,0.0,-0.3158091337012294,0.0,-1000.0,1000.0,0.0,-84.84908458128504,-928.9421576611563,0.0,0.0,0.0,0.0,1000.0,0.0,0.0,-44.227195038308,0.0,0.08684751176770078,0.0,0.0,0.0,0.0,0.0,0.0,-6.953064426977929,0.0,-286.251563278803,-293.2046277057809,0.0,0.0,0.0,0.0,0.0,0.0,0.0,0.7895228342518411,0.0,0.0,0.0,0.0,0.0,0.0,0.0,208.67733442139135,0.0,0.0,-127.38557911388526,0.0,47.37137005511046,0.0,0.0,-1000.0,-801.6726592498432,930.7489388694361,-0.019738070856296027,0.0,0.0,-122.19387309230713,23.68568502755523,0.0,23.68568502755523,0.0,0.0,0.0,0.0,293.8836706884931,-1000.0,0.0,0.0,-5.968352336211185,0.0,0.0,0.0,0.0,0.0,0.0,0.0,0.0,0.0,0.0,0.0,0.0,0.0,0.0,0.0,0.0,0.0,0.0,-532.4707253780392,0.0,0.0,23.68568502755523,0.0,24.47520786180707,16.48132260252133,0.0,0.0,0.0,0.0,0.0,0.0,0.0,0.0,0.0,0.0,0.0,0.0,0.0,0.0,133.46490493762454,0.07895228342518411,0.0,0.0,0.0,0.0,0.0,0.0,0.0,0.0,0.0,487.60605606078497,0.0,0.0,0.0,0.0,0.0,775.1012326589711,775.1012326589711,0.0,0.0,0.0,0.0,767.4081519830326,0.0,0.0,775.1801849423963,0.0,0.0,0.0,0.0,0.0,0.0,0.0,0.0,0.0,0.0,0.0,0.0,0.0,0.0,-13.511367436829444,0.0,0.0,0.0,0.0,29.947022940733802,0.0,0.0,0.0,0.0,0.0,0.0,129.07627961959304,870.923720380407,-870.923720380407,0.0,0.0,0.0,0.0,0.0,0.0,0.0,681.7794780621508,-960.6594921131849,0.0,0.0,0.0,0.0,0.0,0.0,0.0,0.0,0.0,0.0,0.0,0.0,0.0,349.4946245201933,-11.419086629926362,-928.9421576611563,0.0,0.0,0.0,0.0,77.02581937405641,0.0,0.0,0.0,0.0,-6.953064426977929,0.0,0.0,0.0,0.0,0.0,0.0,0.0,0.0,0.0,2.5422635262904976,15.79045668503682,0.0,0.0,1000.0,-757.4454642115354,1000.0,0.0,928.9421576611563,0.0,0.0,0.0,521.8530346402898,0.0,0.0,0.0,-348.84681332894377,0.0,0.0,-963.5729886686092,0.0,0.0,-963.5729886686092,0.0,0.0,69.25106113056393,0.0,463.0586105393303,0.0,0.0,176.2136965872499,0.0,0.0,0.0,842.9809573988359,0.0,-842.9809573988359,0.0,968.159042671236,0.0,0.0,0.0,0.0,0.0,0.0,-6.953064426977929,-0.11842842513777616,0.0,0.0,0.0,0.0,0.07895228342518411,0.0,0.0,0.0,-133.20079086863595,118.08639997941253,0.0,-1000.0,148.51802999767554,0.0,959.476141712592,0.0,-843.7500000000003,0.0,-5.968352336211185,0.0,0.0,0.0,225.5201215508966,21.070070227474503,597.1598082216293,-1000.0,-832.3503193212368,0.0,0.0,0.0,0.0,0.0,0.0,0.0,0.0,0.0,0.0,0.0,0.0,0.0,0.0,0.0,0.0,0.0,-1000.0,0.0,-1000.0,0.0,0.0,0.0,0.0,0.0,0.0,-136.00716846391504,0.0,127.38557911388526,0.0,0.0,289.9360565172339,0.0,0.0,0.0,0.0,-21.070070227474503,-1000.0,399.81110560502805,-935.7869710074447,0.0,0.0,-148.91564242987616,584.3281965895977,-1.9738070856296026,-403.75871977628725,-104.7631104267468,0.0,0.0,1000.0,630.4604938357811,23.68568502755523,93.75000000000355,-93.75000000000355,0.0,0.0,0.0,0.0,349.4946245201933,0.0,0.0,0.0,83.17789565117437,0.0,0.0,-193.13676229569,0.0,0.0,681.7794780621508,0.0,0.0,-13.906128853955858,0.0,0.0,64.20954331496318,0.0,0.0,0.0,0.0,-35.10477165748159,0.15790456685044774,0.0,0.0,0.0,0.0,0.0,0.0,0.0,0.0,0.0,0.0,0.0,0.0,0.0,0.0,0.0,0.0,0.0,0.0,0.0,0.08684751176770078,0.08684751176770078,0.0,429.7041678351565,0.0,47.37137005511046,0.0,0.0,0.0,1000.0,0.0,0.0,0.0,0.0,0.0,608.2501479588872,-1000.0,0.0,0.0,0.0,0.0,0.0,64.20954331496318,0.0,0.0,0.0,0.0,0.0,0.0,0.0,177.49024179267974,133.20079086863595,0.0,0.0,6.079325823739282,0.0,0.0,-122.19387309230713,-199.21969246636354,0.0,608.2501479588873,0.0,0.0,573.1453763014056,0.0,0.0,349.4946245201933,0.0,0.0,0.0,0.0,0.0,0.0,0.0,0.0,0.0,0.0,0.0,0.0,0.0,47.37137005511046,0.0,0.0,0.0,0.0,0.0,0.0,0.0,0.0,0.0,0.0,0.0,0.0,0.7895228342518411,0.0,0.0,0.0,0.0,0.0,129.07627961959304,0.0,0.0,23.68568502755523,0.0,0.0,0.0,0.0,0.0,0.0,0.0,0.0,0.0,0.0,1000.0,0.0,0.0,23.68568502755523,23.68568502755523,1000.0,-1000.0,0.0,64.20954331496318,0.0,0.0,0.0,0.0,0.0,1000.0,681.7794780621508,668.0542388096078,0.07895228342518411,0.0,0.0,0.0,38.34247875050238,0.0,0.0,122.19387309230713,0.0,0.0,0.0,0.0,0.0,0.0,0.0,0.0,0.0,0.0,0.0,0.0,0.0,0.0,0.07895228342518411,0.0,0.0,0.0,0.0,0.0,0.0,0.0,0.0,0.0,0.0,-8.621589350029808,0.0,0.0,0.0,-5.921421256888948,-3.947614171259204,0.0,0.0,0.0,0.0,0.0,0.0,0.0,0.0,0.0,0.0,0.0,0.0,0.0,0.0,0.0,0.0,634.4081080070404,0.0,0.0,0.0,-0.07895228342518411,0.0,0.0,0.07895228342518411,0.0,0.07895228342518411,0.0,0.0,0.0,47.37137005511046,96.3217857787246,96.3217857787246,0.0,0.0,0.0,0.0,0.0,0.0,127.38557911388526,0.0,0.0,681.7794780621508,0.0,0.0,0.0,232.31791315380494,0.0,0.0,0.0,0.0,0.0,0.0,0.0,0.0,0.0,0.0,0.0,0.0,0.0,77.02581937405641,0.0,0.0,0.0,0.11842842513777616,0.0,0.0,0.0,-23.68568502755523,0.0,0.0,0.0,0.0,0.0,-429.7041678351565,3.947614171259205,0.0,0.0,0.0,0.0,-767.4081519830326,-743.6591585922513,0.0,0.0,0.0,0.0,0.0,0.0,0.0,0.0,0.0,0.0,0.0,0.0,80.20954331496318,0.0,49.20954331496318,-5.968352336211183,0.0,-879.6663270561664,127.38557911388526,752.2807479422811,0.0,425.53124886156525,0.0,3.947614171259204,660.1814100346359,0.0,0.0,0.0,-13.906128853955858,0.0,0.0,0.0,0.0,0.0,0.0,0.0,0.0,0.0,449.1369565288749,-447.468431605823,96.3217857787246,0.0,0.0,0.0,0.0,0.0,0.0,0.0,0.0,0.0,2.5422635262904976,0.0,0.0,0.0,-38.34247875050238,-19.773228738202228,-84.84908458128504,23.68568502755523,0.0,0.0,0.0,0.0,298.9687315051391,0.0,0.0,0.08684751176770078,0.0,0.0,0.0,48.1608928893623,0.0,0.0,0.0,0.0,-11.419086629926362,0.0,0.0,0.0,0.0,0.0,0.0,0.0,0.0,-987.1837239409068,0.0,0.007895228342518212,0.007895228342518212,0.0,0.0,0.0,0.0,0.0,0.0,0.0,0.0,0.0,0.0,0.0,0.0,0.0,0.0,0.0,429.7041678351565,0.0,0.0,0.0,0.0,0.0,0.0,0.0,0.0,0.0,0.0,0.0,0.0,0.0,1000.0,464.6697753149798,0.0,0.0,0.0,47.37137005511046,0.0,0.0,0.0,0.0,0.0,0.0,-47.37137005511046,0.0,0.0,0.0,0.0,0.0,0.0,0.0,0.0,0.0,0.0,0.0,0.0,-500.40455813084463,-1000.0,286.40022730005603,-23.68568502755523,0.0,0.0,-0.3158091337012294,0.0,0.0,0.0,0.0,0.0,0.0,0.0,0.0,0.0,0.0,0.0,0.0,0.0,0.0,0.0,0.0,0.0,-9.869035428148095,0.0,-295.8574777741227,673.8649235027392,0.0,0.0,0.0,0.0,0.0,0.0,-0.9869035428148011,13.906128853955858,0.0,0.0,0.0,0.0,0.0,0.0,0.0,1000.0,23.68568502755523,23.68568502755523,0.0,0.0,0.0,0.0,208.67733442139135,0.08684751176770078,429.7041678351565,0.0,0.0,0.3158091337012294,0.0,0.0,0.0,0.0,0.0,0.0,0.0,0.0,0.0,0.0,0.0,0.0,0.0,0.0,0.0,0.0,0.0,16.48132260252133,0.0,82.89989759644331,133.46490493762454,0.0,0.0,0.0,0.0,0.0,429.7041678351565,0.0,739.7115444209921,0.0,0.0,0.0,-9.869035428148095,0.0,0.0,0.0,0.0,0.0,0.0,0.0,0.0,0.0,0.0,0.0,0.0,0.0,0.0,0.0,0.0,0.0,0.0,-0.07895228342518411,0.0,0.0,3.947614171259205,-608.2501479588873,0.0,0.0,0.0,0.0,0.0,0.0,0.0,0.0,-225.5201215508966,1.9738070856296026,0.0,0.0,0.0,0.07895228342518411,0.0,78.9522834251841,-7.993885259285733,15.79045668503682,0.5639448816084579,253.2395159613063,-0.05921421256888808,148.91564242987616,1.5790456685036822,-0.39476141712641355,-253.2395159613063,23.68568502755523,-0.07895228342518411,1.9894507787370619,64.20954331496318,0.019738070856296027,0.5639448816084579,-5.968352336211185,-12.56920352128904,-1.5790456685036822,245.55151482335606,-0.07895228342518411,0.019738070856296027,-253.2395159613063,7.89522834251841,0.07895228342518411,0.07895228342518411,-429.53836803996364,0.08684751176770232,-46.454869185151495,-0.05921421256888808,23.68568502755523,0.07895228342518411,23.68568502755523,-39.47614171259205,-0.039476141712592054,-429.2144822032111,-85.0,-0.05921421256888808,-0.07895228342518411,-7.993885259285733,0.07895228342518411,7.895228342518408,-1.5790456685036822,77.02581937405641,77.02581937405641,-7.89522834251841,-245.55151482335606,-77.02581937405641,15.79045668503682,0.11842842513777616,-713.968721906615,7.89522834251841,-177.49024179267974,64.20954331496318,-15.79045668503682,0.039476141712592054,0.7895228342518411,250.0,96.0,-0.07895228342518411,-447.468431605823,429.53836803996364,24.47520786180707,0.07895228342518411,12.56920352128904,-30.53319679525771,64.20954331496318,-0.07895228342518411,-0.019738070856296027,-64.20954331496318,-0.07895228342518411,-35.10477165748159,0.07895228342522387,-0.019738070856296027,-0.019738070856296027,-0.019738070856296027,31.58091337007364,39.47614171259205,0.7895228342518411,82.85222819448708,-0.019738070856296027,498.0105492212629,3.947614171259205,21.5,0.07895228342518411,0.039476141712592054,0.039476141712592054,40.0,7.993885259285733,0.07895228342518411,-7.993885259285733,0.7895228342518411,0.07895228342518411,-131.5691386181979,0.07895228342518411,0.3158091337012294,0.39476141712641355,0.039476141712592054,0.019738070856296027,23.68568502755523,-0.07895228342518411,46.454869185151495,0.7895228342518411,-165.70445638897417,146.94183534424656,-7.895228342518408,15.79045668503682,3.947614171259205,-0.07895228342518411,5.968352336211185,0.11842842513777616,-0.07895228342518411,-80.0,7.993885259285733,-242.30498257354384,0.039476141712592054,-43.0,-0.07895228342518411,-0.07895228342522387,-0.07895228342518411,0.039476141712592054,253.2395159613063,-15.79045668503682,0.07895228342518411,500.0,-0.019738070856296027,-0.08684751176770232,-500.0,11.842842513777613,85.0,485.1510258040513,253.2395159613063,-0.05921421256888808,447.468431605823,-96.0,0.07895228342518411,-0.019738070856296024,3.947614171259204,78.9522834251841,-0.039476141712592054,-0.07895228342518411,0.019738070856296027,0.0,0.0,-286.07075423509764,48.71691042371083,-46.0,0.0,-52.651113207171576,-31.0,0.0,-32.0,-93.0,-65.0,-1000.0,16.0,23.0,46.5,0.0,15.5,-429.7041678351565,-56.66374893159525,1000.0,65.0,-56.66374893159525,52.651113207171576,-15.006572377216138,0.0,1496.5981,hclb
264,0.0,0.0,0.0,0.0,0.0,0.0,0.0,0.0,-0.050332804702910454,0.0,0.0,0.0,0.0,0.0,0.0,0.0,0.07549920705436569,859.0536439922231,0.0,-743.7630647884948,0.0,0.0,0.0,0.0,0.0,0.0,0.0,0.0,0.0,-431.3883986164037,0.0,0.0,389.2478360114459,0.0,0.0,0.0,0.0,-72.39711605590911,0.0,-1000.0,1000.0,0.0,0.0,0.0,0.0,0.0,289.3670710721895,0.0,18.52013634678167,-675.1546934718463,0.0,0.0,0.0,0.055366085173318424,0.0,0.0,0.0,0.0,0.0,0.0,66.8682010218372,0.0,0.0,-147.03432904618353,0.0,0.0,0.0,0.0,0.0,0.0,0.0,0.5033280470291046,0.0,0.0,0.0,0.0,0.0,0.0,0.0,0.0,0.0,0.0,-165.07919830254264,0.0,30.199682821746272,0.0,0.0,-323.42081175871976,304.9006754119381,0.0,-0.012583201175727615,0.0,0.0,0.0,15.099841410873136,0.0,15.099841410873136,-1.6207163114336254,0.0,0.0,0.0,2.516640235145523,-1000.0,0.0,0.0,-11.817846852048966,0.0,0.0,0.0,0.0,0.0,0.0,0.0,0.0,0.0,0.0,0.0,0.0,0.0,0.0,0.0,0.0,0.0,0.0,-1000.0,0.0,0.0,15.099841410873136,0.0,15.603169457902244,15.603169457902244,0.0,-429.4170891479652,0.0,429.4170891479652,-429.4170891479652,786.097469931979,1000.0,-1000.0,-1000.0,0.0,0.0,0.0,0.0,0.0,168.95482426466674,0.050332804702910454,0.0,0.0,0.0,0.0,-181.55857580121042,0.0,0.0,165.07919830254264,0.0,-238.9311495480138,0.0,0.0,0.0,0.0,0.0,499.31349683220753,499.31349683220753,0.0,0.0,0.0,0.0,-351.72216077324856,0.0,0.0,499.36382963691045,0.0,0.0,0.0,0.0,0.0,0.0,0.0,0.0,0.0,0.0,0.0,0.0,0.0,0.0,-171.1771611548436,0.0,0.0,0.0,0.0,-1000.0,0.0,0.0,0.0,0.0,0.0,675.1546934718463,0.0,304.9006754119381,-304.9006754119381,183.67588951214782,0.0,0.0,0.0,0.0,0.0,0.0,568.6116013835963,-769.7995857272355,0.0,0.0,0.0,0.0,0.0,0.0,0.0,0.0,0.0,0.0,0.0,0.0,0.0,294.2480992280796,158.6916976823746,412.7927630625677,0.0,0.0,0.0,30.226640555873118,65.556844834989,0.0,0.0,0.0,0.0,66.8682010218372,412.7927630625677,0.0,0.0,0.0,0.0,0.0,0.0,0.0,0.0,0.0,10.066560940582091,0.0,0.0,0.0,0.0,0.0,0.0,-412.7927630625677,0.0,0.0,213.90253006802095,349.38670679151113,0.0,0.0,0.0,-23.102005145857106,0.0,0.0,-1000.0,0.0,0.0,-1000.0,0.0,0.0,609.8013508238762,0.0,725.0919300276045,675.1546934718463,0.0,-77.59787031021213,0.0,0.0,0.0,58.30488600940657,0.0,-58.30488600940657,0.0,788.6302350996941,0.0,30.226640555873118,0.0,0.0,0.0,0.0,66.8682010218372,-0.07549920705436569,0.0,0.0,0.0,0.0,0.050332804702910454,0.0,0.0,0.0,735.66742424199,0.07549920705436569,0.0,-131.31860800931827,-18.051630820619152,0.0,914.9397617955822,0.0,72.10677601738962,0.0,-11.817846852048966,0.0,0.0,0.0,650.9142355209289,0.0,-723.0210115383185,-869.7257427071065,-1000.0,0.0,0.0,0.0,0.0,0.0,0.0,0.0,0.0,0.0,0.0,0.0,0.0,0.0,0.0,0.0,0.0,0.0,-211.3718825248494,0.0,-139.1760976877522,165.07919830254264,0.0,0.0,0.0,0.0,0.0,-168.95482426466674,0.0,0.0,0.0,0.0,0.0,0.0,968.7500000000006,-135.23265810393147,0.0,0.0,-341.8966923396266,0.0,0.0,0.0,-968.7500000000006,132.71601786878594,0.0,-1.2583201175727614,-2.516640235145523,76.47083428742064,0.0,108.09021819066272,0.0,0.0,15.099841410873136,0.0,0.0,0.0,0.0,0.0,0.0,0.0,-294.2480992280796,294.2480992280796,294.2480992280796,-276.42675193596244,0.0,0.0,0.0,0.0,0.0,568.6116013835963,0.0,0.0,-80.16612802434659,0.0,0.0,100.16007961529102,0.0,0.0,0.0,0.0,-37.96671952970895,0.10066560940595082,0.0,0.0,0.0,0.0,0.0,0.0,0.0,0.0,0.0,0.0,0.0,0.0,0.0,0.0,0.0,0.0,0.0,0.0,0.0,0.055366085173318424,0.055366085173318424,0.0,380.1815382874975,0.0,30.199682821746272,0.0,0.0,0.0,1000.0,0.0,0.0,0.0,0.0,0.0,-139.8963449173081,-1000.0,0.0,0.0,512.9288211579669,0.0,0.0,100.16007961529102,0.0,0.0,0.0,0.0,0.0,0.0,0.0,333.3333333333333,-735.66742424199,181.55857580121042,0.0,35.53644081057763,0.0,0.0,0.0,-249.2327343471368,0.0,-139.8963449173081,0.0,-609.588637606226,431.725573159209,269.9375786857148,-269.9375786857148,294.2480992280796,0.0,0.0,0.0,0.0,0.0,0.0,0.0,0.0,0.0,0.0,0.0,0.0,0.0,30.199682821746272,213.90253006802095,213.90253006802095,0.0,0.0,0.0,0.0,0.0,0.0,0.0,0.0,0.0,0.0,0.5033280470291046,0.0,0.0,0.0,0.0,0.0,0.0,0.0,0.0,15.099841410873136,-512.9288211579669,0.0,0.0,31.660814848453526,0.0,0.0,0.0,0.0,0.0,0.0,364.5872138117901,1000.0,0.0,15.099841410873138,15.099841410873136,1000.0,-1000.0,0.0,100.16007961529102,0.0,0.0,0.0,0.0,0.0,869.7257427071065,568.6116013835963,1000.0,0.050332804702910454,0.0,0.0,-15.625000000000007,19.683981179256143,371.17803784742927,0.0,0.0,0.0,0.0,0.0,0.0,0.0,0.0,0.0,0.0,0.0,0.0,0.0,0.0,0.0,0.0,0.050332804702910454,0.0,0.0,0.0,0.0,0.0,0.0,0.0,0.0,0.0,-168.95482426466674,0.0,0.0,0.0,72.19578483709722,-3.774960352718284,0.0,-2.516640235145523,0.0,0.0,0.0,0.0,0.0,0.0,0.0,0.0,0.0,0.0,0.0,213.90253006802095,0.0,0.0,0.0,110.60685842580824,0.0,0.0,0.0,-0.050332804702910454,0.0,0.0,0.050332804702910454,0.0,0.050332804702910454,0.0,0.0,0.0,30.199682821746272,61.40602173755076,61.40602173755076,0.0,0.0,0.0,0.0,0.0,0.0,0.0,181.55857580121042,0.0,568.6116013835963,0.0,0.0,0.0,655.2478900058495,0.0,0.0,0.0,0.0,0.0,0.0,0.0,0.0,0.0,0.0,0.0,0.0,0.0,249.2327343471368,0.0,-536.7694401456296,536.7694401456296,0.07549920705436569,0.0,0.0,0.0,-15.099841410873136,0.0,0.0,0.0,0.0,0.0,-380.18153828749746,2.516640235145523,0.0,0.0,0.0,0.0,351.72216077324856,0.0,-2.516640235145523,0.0,0.0,0.0,0.0,0.0,0.0,0.0,213.90253006802095,0.0,512.9288211579669,0.0,85.9334390594179,0.0,236.49201486062833,359.3601909953803,0.0,0.0,0.0,0.0,165.07919830254264,287.98068505396037,0.0,2.516640235145523,741.5093674774098,0.0,0.0,0.0,-80.16612802434659,0.0,0.0,0.0,0.0,0.0,0.0,0.0,0.0,0.0,451.1247920735587,-287.4975516241517,61.40602173755076,0.0,0.0,0.0,0.0,0.0,0.0,0.0,0.0,0.0,0.0,0.0,0.0,104.00886772150069,-4.058981179256136,-390.54900598422876,0.0,15.099841410873136,0.0,0.0,0.0,0.0,-259.0240008783478,0.0,0.0,0.055366085173318424,0.0,0.0,0.0,30.70301086877538,0.0,0.0,0.0,0.0,158.6916976823746,0.0,0.0,0.0,0.0,0.0,0.0,0.0,0.0,-1000.0,0.0,153.396239535101,0.005033280470291057,0.0,0.0,0.0,0.0,0.0,0.0,0.0,0.0,0.0,-15.625000000000007,0.0,0.0,0.0,0.0,0.0,380.1815382874975,0.0,0.0,0.0,0.0,0.0,0.0,0.0,675.1546934718463,0.0,0.0,0.0,0.0,0.0,0.0,859.0536439922231,0.0,0.0,0.0,30.199682821746276,0.0,0.0,0.0,0.0,0.0,808.8858323327509,-839.0855151544971,0.0,0.0,0.0,0.0,0.0,0.0,0.0,0.0,0.0,0.0,0.0,0.0,-1000.0,-1000.0,689.7258612273432,903.8211692752833,-918.9210106861565,0.0,-72.39711605590911,0.0,0.0,0.0,0.0,0.0,0.0,0.0,0.0,0.0,0.0,0.0,0.0,0.0,0.0,0.0,0.0,0.0,-6.291600587863806,213.90253006802095,-3.774960352718284,938.9704812772829,0.0,0.0,0.0,0.0,0.0,0.0,-0.6291600587863808,245.24532632688923,0.0,0.0,0.0,0.0,0.0,0.0,0.0,1000.0,15.099841410873136,15.099841410873138,0.0,0.0,0.0,0.0,0.0,0.055366085173318424,380.1815382874975,0.0,0.0,72.39711605590911,153.3912062546307,0.0,0.0,0.0,0.0,0.0,0.0,0.0,0.0,0.0,0.0,0.0,0.0,0.0,268.3847200728148,0.0,0.0,15.603169457902244,0.0,52.849444938055974,3.8756259621241043,0.0,0.0,0.0,0.0,0.0,380.18153828749746,0.0,-1.6207163114336254,0.0,0.0,0.0,-6.291600587863806,0.0,0.0,0.0,0.0,0.0,0.0,0.0,0.0,0.0,0.0,0.0,0.0,0.0,0.0,0.0,0.0,0.0,0.0,-0.050332804702910454,0.0,0.0,2.516640235145523,139.8963449173081,0.0,0.0,0.0,0.0,213.90253006802095,0.0,0.0,0.0,-650.9142355209289,1.2583201175727614,0.0,0.0,0.0,0.050332804702910454,0.0,50.33280470291045,0.0,10.066560940582091,0.3595200335922175,171.63486403692468,-0.037749603527182846,2.516640235145519,1.0066560940582092,-0.2516640235147979,-171.63486403692468,15.099841410873138,-0.05033280470291046,3.939282284016322,100.16007961529102,0.012583201175727615,0.35952003359221757,-11.817846852048966,-8.012982508703253,-1.0066560940582092,-115.36607841078263,-0.05033280470291046,0.012583201175727615,-171.63486403692468,5.033280470291046,0.05033280470291046,0.050332804702910454,-380.0758393976213,0.05536608517319663,-32.40082398962767,-0.037749603527182846,15.099841410873136,0.05033280470291046,15.099841410873136,-25.166402351455226,-0.02516640235145523,294.9676672417394,-70.64045810998294,-0.037749603527182846,-0.05033280470291046,0.0,0.050332804702910454,5.033280470291046,-1.0066560940582092,249.2327343471368,249.2327343471368,-5.033280470291046,115.36607841078263,-249.2327343471368,10.066560940582091,0.07549920705436569,-1000.0,5.033280470291046,-333.3333333333333,100.16007961529102,-10.066560940582091,0.02516640235145523,0.5033280470291046,32.82965200232957,96.0,-0.050332804702910454,-391.5064193456524,380.0758393976213,15.603169457902244,0.05033280470291046,8.012982508703253,39.76071397179841,100.16007961529102,-0.050332804702910454,-0.012583201175727615,-100.16007961529101,-0.05033280470291046,-37.96671952970895,0.05033280470325152,-0.012583201175727615,-0.012583201175727615,-0.012583201175727615,20.133121881164183,25.166402351455226,0.5033280470291046,37.29031668426893,-0.012583201175727615,61.72002172064281,2.516640235145523,21.5,0.050332804702910454,0.02516640235145523,0.02516640235145523,40.0,0.0,0.050332804702910454,0.0,0.5033280470291046,0.05033280470291046,-37.29031668426893,0.05033280470291046,0.20133121881190164,0.2516640235147979,0.02516640235145523,0.012583201175727615,15.099841410873136,-0.050332804702910454,32.40082398962767,0.5033280470291046,-74.58063336853786,1.2583201175727652,-5.033280470291046,10.066560940582091,2.516640235145523,-0.05033280470291046,11.817846852048966,0.07549920705436569,-0.05033280470291046,-80.0,0.0,372.25028313681184,0.025166402351455227,-43.0,-0.05033280470291046,-0.05033280470325152,-0.050332804702910454,0.02516640235145523,171.63486403692468,-10.066560940582091,0.050332804702910454,65.65930400465913,-0.012583201175727615,-0.05536608517319663,-65.65930400465913,7.549920705436567,70.64045810998294,458.9120315866623,171.63486403692468,-0.037749603527182846,391.5064193456524,-96.0,0.05033280470291046,-0.012583201175727612,2.516640235145523,50.33280470291045,-0.02516640235145523,-0.05033280470291046,0.012583201175727615,52.661912215394686,0.0,390.1734827737724,0.0,-46.0,0.0,821.1751804364611,-31.0,0.0,-32.0,-93.0,-65.0,-609.8013508238762,16.0,23.0,46.5,0.0,15.5,-380.1815382874975,-113.22628225846402,609.8013508238762,65.0,-113.22628225846402,-821.1751804364611,388.19059299718583,0.0,1496.5981,hclb
265,0.0,0.0,0.0,0.0,0.0,0.0,0.0,0.0,-0.02098779189517932,0.0,0.0,0.0,0.0,0.0,0.0,0.0,147.1920487697226,0.0,0.0,321.36290991134416,0.0,0.0,0.0,1000.0,0.0,0.0,0.0,0.0,0.0,-1000.0,0.0,0.0,27.257721191748907,0.0,0.0,0.0,0.0,743.192189984248,0.0,-1000.0,1000.0,0.0,0.0,481.09009255850185,0.0,0.0,0.0,0.0,-147.1920487697226,0.0,0.0,0.0,0.0,0.023086571084688184,0.0,0.0,0.0,0.0,0.0,0.0,-54.29014936512681,0.0,54.29014936512681,0.0,0.0,0.0,0.0,0.0,0.0,173.12172674309988,0.0,0.2098779189517932,0.0,0.0,0.0,0.0,0.0,0.0,0.0,334.73283042704867,0.0,0.0,0.0,0.0,12.592675137107591,0.0,0.0,901.7619884553363,-737.1997570443881,491.76969673000184,-0.00524694797379483,0.0,0.0,0.0,6.2963375685537954,0.0,6.2963375685537954,-0.675806899023427,0.0,0.0,0.0,1.049389594758966,-1000.0,0.0,0.0,-3.278448607367636,0.0,0.0,0.0,0.0,0.0,0.0,0.0,0.0,0.0,0.0,0.0,0.0,0.0,0.0,0.0,0.0,0.0,0.0,-340.9794816339089,0.0,0.0,6.2963375685537954,0.0,6.506215487505588,6.506215487505588,0.0,627.2896520784847,0.0,-627.2896520784847,627.2896520784847,0.0,0.0,0.0,0.0,0.0,0.0,0.0,0.0,0.0,1.6160599759287992,0.02098779189517932,0.0,0.0,0.0,0.0,0.0,0.0,0.0,0.0,0.0,-302.2327682921566,0.0,0.0,0.0,0.0,0.0,301.8372233003714,301.8372233003714,0.0,0.0,0.0,0.0,38.85423556847009,0.0,0.0,301.8582110922666,0.0,0.0,0.0,0.0,0.0,0.0,0.0,0.0,0.0,0.0,0.0,0.0,0.0,0.0,-457.7620103318947,0.0,0.0,0.0,0.0,-1000.0,0.0,0.0,0.0,0.0,0.0,0.0,0.0,245.43006031438625,-245.43006031438625,0.0,0.0,0.0,0.0,0.0,0.0,0.0,0.0,-941.8210323659333,0.0,0.0,0.0,0.0,0.0,0.0,0.0,0.0,0.0,0.0,0.0,0.0,0.0,72.68595839491611,-34.60488324192827,1000.0,0.0,0.0,0.0,0.0,82.88023301858689,0.0,0.0,0.0,0.0,-54.29014936512681,518.9099074414981,0.0,0.0,0.0,0.0,0.0,0.0,0.0,0.0,0.0,4.197558379035864,0.0,0.0,-17.370182641225654,-1000.0,1000.0,0.0,-1000.0,0.0,0.0,0.0,-737.6838500932358,0.0,0.0,0.0,89.65797323489153,0.0,0.0,-176.24777642507001,-571.927560586335,-406.2500000010516,395.67978416126493,0.0,165.6775605852834,-491.76969673000184,0.0,-187.77696945988305,0.0,0.0,-11.311862656025426,0.0,0.0,0.0,737.213338138318,0.0,-737.213338138318,0.0,510.33360890671617,0.0,0.0,-823.3650123862438,0.0,0.0,0.0,-54.29014936512681,-0.03148168784276898,0.0,0.0,0.0,0.0,0.02098779189517932,0.0,0.0,0.0,910.8234294128594,147.1920487697226,0.0,-2.1856324049117575,180.66478567836486,0.0,977.9570863745535,0.0,1000.0,0.0,-3.278448607367636,0.0,0.0,0.0,-1.80704888217493,-423.9825362860976,-574.2104148317275,148.01345880448036,-328.12833529860694,0.0,0.0,0.0,0.0,0.0,0.0,0.0,0.0,0.0,0.0,0.0,0.0,0.0,0.0,0.0,0.0,0.0,-492.7120690631842,0.0,-1000.0,0.0,0.0,0.0,0.0,0.0,0.0,-1.6160599759287992,0.0,0.0,0.0,0.0,0.0,-576.0174637139023,0.0,433.35728641752024,0.0,1000.0,-1000.0,0.0,545.9503530448685,0.0,0.0,-434.4066760122792,-767.2443549101987,-0.524694797379483,-1.049389594758966,-502.20489974148535,0.0,159.47966201123333,688.0463357487642,0.0,6.2963375685537954,0.0,0.0,0.0,0.0,0.0,0.0,0.0,-72.68595839491611,72.68595839491611,72.68595839491611,92.08089022833177,0.0,0.0,-208.51737339823995,0.0,0.0,0.0,0.0,0.0,-108.58029873025362,0.0,0.0,28.33925119400034,0.0,0.0,0.0,0.0,-40.901220810482066,0.04197558379039231,0.0,0.0,0.0,0.0,0.0,0.0,0.0,0.0,0.0,173.12172674309988,0.0,0.0,0.0,0.0,0.0,0.0,0.0,0.0,0.0,0.023086571084688184,0.023086571084688184,0.0,164.48840001588025,0.0,12.592675137107591,0.0,371.31648797168907,0.0,35.00546259912812,0.0,550.9876616294019,0.0,0.0,0.0,449.94633040691065,-35.00546259912812,0.0,0.0,0.0,0.0,0.0,28.33925119400034,0.0,0.0,0.0,0.0,0.0,0.0,0.0,113.65982721130297,-910.8234294128594,0.0,0.0,149.0059643177121,0.0,0.0,0.0,-82.88023301858689,0.0,-572.6692471914789,0.0,0.0,409.0451095964286,0.0,0.0,72.68595839491611,0.0,0.0,0.0,0.0,0.0,0.0,0.0,0.0,0.0,0.0,0.0,0.0,0.0,12.592675137107591,0.0,0.0,0.0,0.0,0.0,0.0,0.0,0.0,0.0,0.0,0.0,0.0,0.2098779189517932,0.0,0.0,0.0,0.0,0.0,0.0,0.0,0.0,6.2963375685537954,0.0,0.0,0.0,147.3899043417833,0.0,0.0,0.0,0.0,0.0,0.0,270.2705230350372,0.0,0.0,6.2963375685537954,6.2963375685537954,1000.0,-35.00546259912812,0.0,28.33925119400034,0.0,0.0,0.0,0.0,0.0,851.9865411955196,0.0,998.5791255743309,0.02098779189517932,0.0,0.0,0.0,1.6925155035469608,0.0,0.0,0.0,0.0,0.0,0.0,0.0,0.0,0.0,78.66273673833767,0.0,0.0,0.0,0.0,0.0,0.0,0.0,0.02098779189517932,0.0,0.0,0.0,0.0,0.0,0.0,0.0,0.0,0.0,0.0,-1.6160599759287995,0.0,0.0,-507.2879309368158,-1.5740843921384489,0.0,-1.049389594758966,0.0,0.0,0.0,0.0,0.0,0.0,0.0,0.0,0.0,0.0,0.0,0.0,0.0,0.0,0.0,160.5290516059923,0.0,0.0,0.0,-0.02098779189517932,0.0,0.0,0.02098779189517932,0.0,0.02098779189517932,235.988210215013,0.0,0.0,12.592675137107591,25.60510611211877,25.60510611211877,0.0,0.0,0.0,0.0,0.0,0.0,0.0,0.0,0.0,0.0,0.0,0.0,0.0,0.0,0.0,0.0,0.0,0.0,0.0,0.0,0.0,0.0,0.0,0.0,0.0,0.0,0.0,82.88023301858689,0.0,0.0,0.0,0.03148168784276898,0.0,0.0,0.0,-6.2963375685537954,0.0,0.0,0.0,0.0,0.0,-164.48840001588025,1.049389594758966,0.0,0.0,0.0,0.0,-38.85423556847009,-0.675806899023427,-1.049389594758966,0.0,0.0,0.0,0.0,0.0,0.0,0.0,0.0,0.0,0.0,843.0191932889353,91.80244162096413,0.0,60.80244162096414,-3.278448607367636,0.0,-2.2918668749522264,0.0,2.2918668749522264,0.0,-763.2889562053546,371.31648797168907,1.049389594758966,679.3637759650627,0.0,0.0,0.0,-108.58029873025362,-968.7500000001847,968.7500000001847,0.0,0.0,0.0,0.0,0.0,0.0,0.0,623.8244947399135,-169.21065319229564,25.60510611211877,0.0,0.0,0.0,0.0,0.0,0.0,0.0,0.0,0.0,0.0,0.0,0.0,0.0,-174.81424224664684,434.2541348257289,0.0,6.2963375685537954,0.0,0.0,0.0,0.0,-301.7771197973813,0.0,0.0,0.023086571084688184,0.0,0.0,0.0,12.802553056059384,0.0,0.0,0.0,0.0,-34.60488324192827,0.0,0.0,0.0,0.0,0.0,0.0,0.0,0.0,0.0,0.0,621.8141739602321,0.0020987791895179337,0.0,0.0,0.0,0.0,0.0,235.988210215013,0.0,0.0,0.0,0.0,0.0,0.0,0.0,0.0,0.0,164.48840001588025,0.0,0.0,0.0,0.0,0.0,0.0,0.0,0.0,0.0,0.0,0.0,0.0,280.77798922118353,0.0,0.0,0.0,0.0,0.0,12.592675137107591,0.0,0.0,0.0,0.0,0.0,0.0,-12.592675137107591,0.0,0.0,0.0,0.0,0.0,0.0,0.0,0.0,0.0,0.0,0.0,0.0,-326.70746087293776,0.0,14.376637448197835,-6.2963375685537954,0.0,0.0,507.20397976923505,0.0,0.0,0.0,0.0,0.0,0.0,0.0,0.0,0.0,0.0,0.0,0.0,0.0,0.0,0.0,0.0,371.31648797168907,-2.6234739868974657,0.0,-1.5740843921384489,167.63656880015714,0.0,0.0,0.0,0.0,0.0,-0.2623473986897415,0.0,108.58029873025362,0.0,0.0,0.0,0.0,0.0,0.0,0.0,1000.0,6.2963375685537954,6.2963375685537954,0.0,0.0,0.0,0.0,334.73283042704867,0.023086571084688184,164.48840001588025,0.0,0.0,-743.192189984248,621.8120751810426,0.0,0.0,0.0,0.0,0.0,0.0,0.0,0.0,0.0,0.0,0.0,0.0,0.0,117.9941051075065,0.0,0.0,6.506215487505588,0.0,22.037181489938284,0.0,0.0,1.6160599759287992,0.0,0.0,0.0,164.48840001588025,0.0,0.0,0.0,0.0,0.0,-2.6234739868974657,0.0,0.0,0.0,0.0,0.0,0.0,0.0,0.0,0.0,0.0,0.0,0.0,0.0,0.0,0.0,0.0,0.0,0.0,-0.02098779189517932,0.0,0.0,1.049389594758966,-449.94633040691065,0.0,0.0,0.0,0.0,0.0,0.0,0.0,0.0,1.80704888217493,0.524694797379483,0.0,0.0,0.0,0.02098779189517932,0.0,20.987791895179317,0.0,4.197558379035864,0.14991279925128084,71.56837036256147,-0.01574084392138449,1.049389594758967,0.4197558379035864,235.88327125553698,-71.56837036256147,6.296337568553796,-0.02098779189517932,1.0928162024558787,28.33925119400034,0.00524694797379483,0.14991279925128084,-3.278448607367636,-3.341256469711192,-0.4197558379035864,-468.55495868106675,-0.02098779189517932,0.00524694797379483,-71.56837036256147,2.098779189517932,0.02098779189517932,0.02098779189517932,-164.44432565290037,0.023086571084688836,-61.60204478749574,-0.01574084392138449,6.2963375685537954,0.020987791895179325,6.2963375685537954,-10.49389594758966,-0.01049389594758966,370.3917102943876,-85.0,-0.01574084392138449,-0.02098779189517932,0.0,0.02098779189517932,2.098779189517932,-0.4197558379035864,82.88023301858689,82.88023301858689,-2.098779189517932,468.55495868106675,-82.88023301858689,4.197558379035864,0.03148168784276898,-913.5603264895035,2.098779189517932,-113.65982721130297,28.33925119400034,-4.197558379035864,0.01049389594758966,0.2098779189517932,0.5464081012279394,96.0,-0.02098779189517932,-169.21065319229564,164.44432565290037,6.506215487505588,0.02098779189517932,3.341256469711192,3.1539009197851726,28.33925119400034,-0.02098779189517932,-0.00524694797379483,-28.33925119400034,-0.02098779189517932,-40.901220810482066,0.02098779189517932,-0.00524694797379483,-0.00524694797379483,-0.00524694797379483,8.395116758071728,10.49389594758966,0.2098779189517932,343.6995535468927,-0.00524694797379483,0.0,1.049389594758966,21.5,0.02098779189517932,0.01049389594758966,0.01049389594758966,16.2684047865181,0.0,0.02098779189517932,0.0,0.2098779189517932,0.02098779189517932,-1000.0,0.02098779189517932,0.08395116758075005,-235.88327125553698,0.01049389594758966,0.00524694797379483,6.2963375685537954,-0.02098779189517932,61.60204478749574,0.2098779189517932,-687.3991070937853,0.5246947973794818,-2.098779189517932,4.197558379035864,1.049389594758966,-0.02098779189517932,3.278448607367636,0.03148168784276898,-0.02098779189517932,-32.5368095730362,0.0,356.80924729326165,0.01049389594758966,-43.0,-0.020987791895179325,-0.02098779189517932,-0.02098779189517932,0.01049389594758966,71.56837036256147,-4.197558379035864,0.02098779189517932,1.0928162024558787,-0.00524694797379483,-0.023086571084688836,-1.0928162024558787,3.1481687842768973,85.0,805.0150291703525,71.56837036256147,-0.01574084392138449,169.21065319229564,-96.0,0.02098779189517932,-0.0052469479737948296,1.049389594758966,20.987791895179317,-0.01049389594758966,-0.02098779189517932,0.00524694797379483,0.0,0.0,913.549832593556,656.3004464531073,-46.0,0.0,239.23389463944167,-31.0,0.0,-32.0,-93.0,-65.0,0.0,16.0,23.0,46.5,0.0,15.5,-164.48840001588025,-55.032127495880324,0.0,65.0,-55.032127495880324,-239.23389463944167,116.99060726506929,0.0,1496.5981,hclb
266,0.0,0.0,0.0,0.0,0.0,0.0,0.0,0.0,524.8525586969597,0.0,0.0,0.0,0.0,0.0,0.0,0.0,-888.1129837824047,159.93512188363457,0.0,692.4082723299148,0.0,0.0,0.0,1000.0,0.0,0.0,0.0,0.0,0.0,0.0,0.0,0.0,29.239873190343726,0.0,0.0,0.0,0.0,899.5880065872689,0.0,-1000.0,1000.0,0.0,0.0,888.1129837824047,0.0,0.0,0.0,0.0,0.0,0.0,0.0,0.0,0.0,0.06846249910237166,0.0,0.0,0.0,0.0,0.0,0.0,-1.5481164815058719,0.0,0.0,-70.64200778127511,500.5561826817045,0.0,0.0,0.0,1000.0,175.53096392813154,0.0,0.6223863554765516,0.0,0.0,0.0,0.0,0.0,0.0,0.0,0.0,0.0,0.0,771.5593551369443,0.0,37.3431813285931,0.0,19.098264410865163,314.41075780573055,638.0619920214195,-64.26640809142378,0.0,0.0,0.0,-706.3871146437091,18.67159066429655,0.0,18.67159066429655,-2.0040840646348066,0.0,0.0,926.0203797282591,562.7313991949535,0.0,0.0,0.0,-0.38465296405314575,0.0,641.0054324337246,0.0,0.0,0.0,0.0,0.0,0.0,0.0,0.0,0.0,0.0,0.0,0.0,0.0,0.0,0.0,0.0,-1000.0,0.0,0.0,18.67159066429655,0.0,19.2939770197731,19.2939770197731,0.0,0.0,0.0,0.0,0.0,0.0,0.0,0.0,-69.09389129976924,0.0,0.0,0.0,0.0,0.0,-747.6687157889097,0.06223863554765515,0.015559658886913788,0.0,0.0,0.0,-158.0165995866133,0.0,0.0,154.4610245913147,0.0,204.42663151346855,0.0,0.0,0.0,0.0,0.0,236.69503450696908,236.69503450696908,0.0,0.0,0.0,0.0,0.0,0.0,0.0,236.75727314251674,0.0,0.0,0.0,419.52718906779046,0.0,0.0,0.0,0.0,0.0,0.0,0.0,0.0,0.0,0.0,0.0,0.0,0.0,0.0,0.0,-1000.0,0.0,0.0,0.0,0.0,0.0,0.0,0.0,-314.41075780573055,314.41075780573055,69.09389129976924,0.0,0.0,0.0,0.0,0.0,0.0,0.0,0.0,0.0,0.0,0.0,0.0,0.0,0.0,0.0,0.0,0.0,0.0,0.0,0.0,0.0,96.73902464950567,139.91205380567536,888.1129837824047,0.0,0.0,0.0,0.0,78.71389780968683,0.0,0.0,0.0,0.0,-1.5481164815058719,0.0,0.0,0.0,0.0,0.0,0.0,0.0,0.0,0.0,0.0,12.44772710953103,0.0,0.0,-952.4727498271501,0.0,0.0,0.0,-888.1129837824047,0.0,0.0,69.09389129976924,-901.4749625166249,0.0,0.0,0.0,-38.853046457966904,0.0,0.0,-900.1159433694411,99.88405663055892,-718.7500000013433,-1000.0,0.0,-818.6340566319022,323.65123421568893,0.0,223.52187860208824,0.0,0.0,64.42595810804804,0.0,0.0,0.0,0.0,0.0,0.0,0.0,179.33800263882594,0.0,0.0,853.8102507891119,0.0,0.0,0.0,-1.5481164815058719,-0.09335795332148272,0.0,0.0,0.0,0.0,0.06223863554765515,0.0,0.0,0.0,833.5206202262474,-888.1129837824047,0.0,-557.183467206357,310.9958325865257,0.0,951.1193177738276,0.0,26.12536936804588,0.0,-0.38465296405314575,0.0,0.0,0.0,529.4872054135225,257.1383740185909,-812.7509488001592,0.0,0.0,0.0,0.0,0.0,0.0,0.0,0.0,0.0,0.0,0.0,0.0,0.0,0.0,0.0,0.0,0.0,0.0,0.0,1000.0,0.0,0.0,154.4610245913147,100.16303887053988,0.0,0.0,0.0,0.0,907.6246399801026,0.0,0.0,0.0,0.0,559.6194674175707,-257.1383740185909,593.749999999997,-282.92166548616814,-933.3161224907215,-1000.0,-636.9250098207018,0.0,0.0,194.1006741010661,-593.749999999997,0.0,1000.0,931.7601566020301,-3.1119317773827575,0.0,0.0,996.8880682226172,0.0,0.0,18.67159066429655,0.0,0.0,0.0,0.0,0.0,524.9147973325073,0.0,-96.73902464950567,96.73902464950567,96.73902464950567,80.93692585452212,0.0,0.0,0.0,0.0,0.0,0.0,0.0,0.0,-33.993595441050786,0.0,0.0,67.55227289046897,0.0,0.0,0.0,0.0,-36.776136445234485,0.12447727109599782,0.0,0.0,0.0,0.0,0.0,0.0,0.0,0.0,0.0,315.5629455310102,0.0,0.0,0.0,0.0,0.0,0.0,0.0,0.0,0.0,0.06846249910237166,0.06846249910237166,0.0,180.29129753997464,0.0,37.3431813285931,0.0,0.0,0.0,-539.5061969795893,0.0,0.0,19.098264410865163,0.0,0.0,482.000700075894,539.5061969795893,0.0,0.0,0.0,0.0,0.0,67.55227289046897,0.0,0.0,0.0,0.0,0.0,0.0,0.0,333.3333333333333,-833.5206202262474,158.0165995866133,0.0,249.2225373106138,0.0,-854.1949037531651,147.80778910945605,0.0,0.0,482.000700075894,0.0,0.0,445.2245636306595,0.0,0.0,96.73902464950567,0.0,0.0,0.0,0.0,0.0,0.0,0.0,0.0,0.0,0.0,0.0,0.0,0.0,37.3431813285931,69.09389129976924,69.09389129976924,0.0,0.0,0.0,0.0,0.0,0.0,0.0,0.0,0.0,0.0,0.6223863554765516,0.0,0.0,19.098264410865163,-19.098264410865163,0.0,0.0,0.0,0.0,18.67159066429655,0.0,0.0,0.0,225.3318979625792,0.0,0.0,0.0,0.0,0.0,0.0,11.16162491921786,0.0,0.0,18.67159066429655,18.67159066429655,202.78904303362538,539.5061969795893,0.0,67.55227289046897,0.0,0.0,0.0,0.0,0.0,-39.63102940231259,0.0,0.0,0.06223863554765515,0.0,0.0,-263.0701028532737,268.0892042485096,0.0,0.0,706.3871146437091,0.0,0.0,0.0,0.0,0.0,0.0,0.0,0.0,0.0,0.0,0.0,0.0,0.0,0.0,0.06223863554765515,0.0,0.0,0.0,0.0,0.0,0.0,0.0,0.0,100.16303887053988,0.0,907.6246399801026,0.0,0.0,-1000.0,-4.667897666074136,0.0,-3.1119317773827575,0.0,-78.125,-78.125,78.125,0.0,0.0,0.0,0.0,0.0,0.0,0.0,69.09389129976924,0.0,0.0,0.0,1000.0,0.0,0.0,0.0,524.8525586969597,0.0,0.0,0.06223863554765515,0.0,0.06223863554765515,0.0,859.9680183971213,0.0,37.3431813285931,75.9311353681393,75.9311353681393,0.0,0.0,0.0,0.0,0.0,0.0,0.0,158.0165995866133,0.0,0.0,0.0,0.0,534.8459519341756,0.0,0.0,0.0,0.0,0.0,0.0,0.0,0.0,0.0,0.0,0.0,0.0,0.0,0.0,147.80778910945605,0.0,0.0,0.0,0.09335795332148272,0.0,0.0,0.0,-18.67159066429655,0.0,0.0,0.0,0.0,0.0,-180.29129753997464,3.1119317773827575,0.0,0.0,0.0,0.0,0.0,-2.0040840646348066,-3.1119317773827575,0.0,0.0,0.0,0.0,0.0,0.0,0.0,69.09389129976924,0.0,0.0,0.0,83.55227289046897,0.0,210.56887247708227,-0.38465296405314575,0.0,905.6205559154679,0.0,-905.6205559154679,154.4610245913147,-977.4060978847642,0.0,3.1119317773827575,1000.0,0.0,0.0,0.0,-72.19012426278111,906.2500000000008,-906.2500000000008,0.0,0.0,0.0,-159.95592419119293,0.0,0.0,0.0,0.0,-9.335795332148393,75.9311353681393,0.0,0.0,0.0,0.0,0.0,0.0,0.0,0.0,0.0,0.0,0.0,0.0,184.95919520604878,-320.5820469262461,14.473035762854565,0.0,18.67159066429655,19.098264410865163,0.0,0.0,0.0,-17.36248710471893,0.0,0.0,0.06846249910237166,0.0,0.0,0.0,37.96556768406965,0.0,0.0,0.0,0.0,139.91205380567536,0.0,0.0,0.0,0.0,0.0,0.0,0.0,0.0,0.0,0.0,0.006223863554765693,0.006223863554765693,0.0,0.0,0.0,0.0,0.0,0.0,0.0,0.0,0.0,-263.0701028532737,0.0,0.0,0.0,0.0,0.0,180.29129753997464,0.0,0.0,0.0,0.0,0.0,0.0,0.0,0.0,0.0,0.0,0.0,38.196528821730325,0.0,-860.2958166328065,159.93512188363457,0.0,0.0,0.0,37.34318132859312,0.0,0.0,0.0,0.0,0.0,867.8704454678048,-905.2136267963979,0.0,38.196528821730325,0.0,0.0,0.0,0.0,0.0,0.0,0.0,0.0,0.0,0.0,1000.0,-39.63102940231259,577.4794172843193,0.0,-18.67159066429655,0.0,999.7510454578088,0.0,0.0,0.0,0.0,0.0,0.0,0.0,0.0,0.0,0.0,0.0,0.0,0.0,0.0,0.0,0.0,0.0,-7.779829443456894,69.09389129976924,-564.2873650836449,539.5138496002497,0.0,0.0,0.0,0.0,0.0,0.0,-0.7779829443456895,188.45462003236548,0.0,0.0,0.0,0.0,0.0,0.0,0.0,1000.0,18.67159066429655,18.67159066429655,0.0,0.0,0.0,0.0,0.0,0.06846249910237166,180.29129753997464,0.0,0.0,-999.7510454578087,0.0,0.0,0.0,0.0,0.0,0.0,0.0,0.0,0.0,0.0,0.0,0.0,0.0,0.0,429.98400919856067,0.0,0.0,19.2939770197731,0.0,65.35056732503793,23.890639348034608,0.0,0.0,0.0,0.0,0.0,180.29129753997464,0.0,0.0,0.0,0.0,0.0,-7.779829443456894,0.0,0.0,0.0,0.0,0.0,0.0,0.0,0.0,0.0,0.0,0.0,0.0,0.0,0.0,0.0,0.0,0.0,0.0,-0.06223863554765515,0.0,0.0,3.1119317773827575,-482.000700075894,0.0,0.0,0.0,0.0,69.09389129976924,0.0,0.0,0.0,-529.4872054135225,1.5559658886913788,0.0,0.0,0.0,0.06223863554765515,0.0,62.23863554765515,0.0,12.44772710953103,0.44456168248325106,212.2337472175041,-0.04667897666074136,282.92166548616814,1.244772710953103,-0.31119317773896865,-212.2337472175041,18.671590664296545,-0.06223863554765515,0.12821765468438193,67.55227289046897,0.015559658886913788,0.44456168248325106,-0.38465296405314575,-29.006655190052108,-1.244772710953103,35.769589568855395,-0.06223863554765515,0.015559658886913788,-212.2337472175041,6.223863554765515,0.06223863554765515,0.06223863554765515,-180.1605964053246,-19.029801911762743,-65.24670370747191,-0.04667897666074136,18.67159066429655,0.06223863554765505,18.67159066429655,-31.11931777382758,-0.031119317773827575,-138.41062187789035,-85.0,-0.04667897666074136,-0.06223863554765515,0.0,0.06223863554765515,6.223863554765515,-1.244772710953103,147.80778910945605,147.80778910945605,-6.223863554765515,-35.769589568855395,-147.80778910945605,12.44772710953103,0.09335795332148272,0.0,6.223863554765515,-333.3333333333333,67.55227289046897,-12.44772710953103,0.031119317773827575,0.6223863554765516,139.29586680158926,96.0,-0.06223863554765515,-194.29499053819717,180.1605964053246,19.2939770197731,0.06223863554765515,29.006655190052108,-7.134089766717292,67.55227289046897,-0.06223863554765515,-0.015559658886913788,-67.55227289046897,-0.06223863554765515,-36.776136445234485,0.06223863554765515,-0.015559658886913788,-0.015559658886913788,-0.015559658886913788,24.89545421906206,31.11931777382758,0.6223863554765516,46.11104911136883,-0.015559658886913788,278.46351594849415,3.1119317773827575,21.5,0.06223863554765515,0.031119317773827575,0.031119317773827575,40.0,0.0,0.06223863554765515,0.0,0.6223863554765516,0.06223863554765515,-46.11104911136883,0.06223863554765515,0.24895454219119983,0.31119317773896865,0.031119317773827575,0.015559658886913788,18.67159066429655,-0.06223863554765515,65.24670370747191,0.6223863554765515,-92.22209822273766,281.36569959747675,-6.223863554765515,12.44772710953103,3.1119317773827575,-0.06223863554765515,0.38465296405314575,0.09335795332148272,-0.06223863554765515,-80.0,0.0,465.2681647120312,0.031119317773827575,-43.0,-0.06223863554765505,-0.06223863554765515,-0.062238635547655144,0.031119317773827575,212.2337472175041,-12.44772710953103,0.06223863554765515,278.5917336031785,-0.015559658886913788,19.029801911762743,-278.5917336031785,9.335795332148273,85.0,-67.14552619688347,212.2337472175041,-0.04667897666074136,194.29499053819717,-96.0,0.06223863554765515,-0.01555965888691379,3.1119317773827575,62.23863554765515,-0.031119317773827575,-0.06223863554765515,0.015559658886913788,0.0,0.0,-259.41594544203895,0.0,-46.0,0.0,-24.775526421858757,-31.0,0.0,-32.0,-93.0,-65.0,-259.38482612426515,16.0,23.0,46.5,0.0,15.5,-180.29129753997464,-447.90567760731227,259.38482612426515,65.0,-447.90567760731227,24.775526421858757,-11.93265010495349,0.0,1496.5981,hclb
267,0.0,0.0,0.0,0.0,0.0,0.0,0.0,0.0,329.7567295174885,0.0,0.0,0.0,0.0,0.0,0.0,0.0,0.0,-780.6130078902052,0.0,460.5701143651,0.0,0.0,0.0,8.20748821273321,0.0,0.0,0.0,0.0,0.0,-465.43461818591186,0.0,0.0,3.0049366132020374,0.0,0.0,0.0,0.0,-202.59209426556345,0.0,-1000.0,1000.0,0.0,0.0,0.0,0.0,0.0,0.0,0.0,0.0,0.0,0.0,0.0,0.0,0.08208683713970544,0.0,0.0,0.0,14.924879479960135,0.0,0.0,-6.571921931009641,0.0,0.0,-6.571921931009641,0.0,0.0,0.0,0.0,0.0,0.0,0.0,0.7462439739980068,0.0,0.0,0.0,0.0,0.0,0.0,0.0,0.0,0.0,0.0,-189.52287480094395,0.0,44.774638439880405,0.0,0.0,500.05596829804983,0.0,500.05596829804983,-0.01865609934995017,0.0,0.0,0.0,22.387319219940203,0.0,22.387319219940203,0.0,0.0,0.0,0.0,419.22214619574174,-959.7605525428582,0.0,0.0,-5.467542491870063,0.0,0.0,0.0,0.0,0.0,0.0,0.0,0.0,0.0,0.0,0.0,0.0,0.0,0.0,0.0,0.0,0.0,0.0,-523.7607302912068,0.0,0.0,22.387319219940203,0.0,23.13356319393821,0.7441324010780335,0.0,-882.9531250000008,0.0,882.9531250000009,-882.9531250000008,-332.03112557147335,0.0,0.0,332.03112557147335,0.0,0.0,0.0,0.0,0.0,195.26895340072858,0.07462439739980067,0.0,0.0,0.0,0.0,-577.8492053666738,0.0,0.0,189.52287480094395,0.0,472.68178896705194,0.0,0.0,0.0,0.0,0.0,109.55470965323913,109.55470965323913,0.0,0.0,0.0,0.0,0.0,0.0,0.0,109.62933405063893,0.0,0.0,0.0,-644.0742726753589,0.0,0.0,0.0,0.0,0.0,0.0,0.0,0.0,0.0,0.0,0.0,0.0,0.0,0.0,0.0,-1000.0,0.0,0.0,0.0,0.0,0.0,0.0,0.0,499.94403170195017,-499.94403170195017,0.0,0.0,0.0,0.0,0.0,0.0,0.0,494.3259343569464,-381.40372378826146,0.0,0.0,0.0,0.0,0.0,0.0,0.0,0.0,0.0,0.0,0.0,0.0,0.0,297.7447912960506,564.698964326594,465.43461818591186,0.0,0.0,0.0,0.0,77.46293586262013,0.0,0.0,0.0,0.0,-6.571921931009641,465.43461818591186,0.0,0.0,0.0,0.0,0.0,0.0,0.0,0.0,513.4512767134855,0.0,0.0,0.0,499.94403170195017,0.0,1000.0,0.0,-465.43461818591186,0.0,0.0,0.0,-541.1373037450978,0.0,0.0,0.0,-254.68386269641655,0.0,0.0,-1000.0,0.0,0.0,-1000.0,0.0,0.0,499.94403170195017,0.0,-320.1548301212047,0.0,0.0,132.22739768497982,0.0,0.0,0.0,-1000.0,0.0,1000.0,0.0,1000.0,0.0,0.0,-309.40833041751137,0.0,0.0,0.0,-6.571921931009641,-0.11193659609970101,0.0,0.0,0.0,0.0,0.07462439739980067,0.0,0.0,0.0,386.6984682039541,0.0,0.0,-954.7384701035471,728.4674850212638,0.0,957.3121986999004,0.0,182.72905299929113,0.0,-5.467542491870063,0.0,0.0,0.0,351.5439367469658,218.55250196078924,-752.8254917070462,0.0,-1000.0,0.0,0.0,0.0,0.0,0.0,0.0,0.0,0.0,0.0,0.0,0.0,0.0,0.0,0.0,0.0,0.0,0.0,-766.4022556322145,0.0,-1000.0,189.52287480094395,435.89134104374926,511.0483711172108,0.0,0.0,0.0,-708.720230114214,0.0,0.0,0.0,0.0,415.49092632575173,0.0,781.1860531773225,0.0,0.0,-218.55250196078924,1000.0,906.3254538354341,51.78254920298474,242.5920940421413,-781.1860531773225,-211.47668303286588,-281.8657223898133,-1.8656099349950168,-910.0566737054241,-728.8130644634703,0.0,911.4137544277387,-282.6962580303079,-465.5936783806627,22.387319219940203,0.0,0.0,0.0,0.0,0.0,329.8313539148883,0.0,-297.7447912960506,297.7447912960506,297.7447912960506,83.54266301190992,0.0,0.0,-890.5199147441607,0.0,0.0,494.3259343569464,0.0,0.0,-13.143843862019281,0.0,-914.5740710737168,65.07512052003986,0.0,0.0,0.0,0.0,-35.53756026001993,0.14924879480076925,0.0,0.0,0.0,0.0,0.0,0.0,0.0,0.0,0.0,0.0,0.0,0.0,0.0,0.0,0.0,0.0,0.0,0.0,0.0,0.08208683713970544,0.08208683713970544,0.0,378.8199118160905,0.0,44.774638439880405,0.0,0.0,0.0,1000.0,0.0,0.0,0.0,0.0,0.0,574.5512862603523,-1000.0,0.0,0.0,0.0,0.0,0.0,65.07512052003986,0.0,0.0,0.0,0.0,0.0,0.0,0.0,174.5869100970689,-386.6984682039541,577.8492053666738,0.0,5.746078599784624,0.0,0.0,0.0,-77.46293586262013,0.0,574.5512862603523,0.0,225.38292678647372,313.6307992138586,0.0,0.0,297.7447912960506,0.0,0.0,0.0,0.0,0.0,0.0,0.0,0.0,0.0,0.0,0.0,0.0,0.0,44.774638439880405,0.0,0.0,0.0,0.0,0.0,0.0,0.0,0.0,0.0,0.0,0.0,0.0,0.7462439739980068,0.0,0.0,0.0,0.0,0.0,0.0,0.0,0.0,22.387319219940203,0.0,0.0,0.0,0.0,0.0,0.0,0.0,0.0,0.0,0.0,-525.318126997585,526.8005520679739,0.0,22.387319219940203,22.387319219940203,1000.0,-1000.0,0.0,65.07512052003986,0.0,0.0,0.0,0.0,0.0,-40.23944745714173,494.3259343569464,-278.94871415017406,0.07462439739980067,0.0,0.0,0.0,95.57564779032462,0.0,0.0,0.0,0.0,0.0,0.0,0.0,0.0,0.0,0.0,0.0,0.0,0.0,0.0,0.0,0.0,0.0,0.07462439739980067,0.0,0.0,0.0,0.0,0.0,0.0,0.0,0.0,435.89134104374926,0.0,227.96147174196034,0.0,0.0,-659.2310751067491,-5.596829804985051,-1.69727020325369,-2.0339496667363237,0.0,0.0,0.0,0.0,0.0,0.0,0.0,0.0,0.0,0.0,0.0,0.0,0.0,0.0,0.0,449.551295917066,0.0,0.0,0.0,329.7567295174885,0.0,0.0,0.07462439739980067,0.0,0.07462439739980067,0.0,0.0,0.0,44.774638439880405,91.04176482775682,91.04176482775682,0.0,0.0,0.0,0.0,0.0,0.0,0.0,577.8492053666738,0.0,494.3259343569464,0.0,0.0,0.0,357.96909736308857,0.0,0.0,0.0,0.0,0.0,0.0,0.0,0.0,0.0,0.0,0.0,0.0,0.0,77.46293586262013,0.0,0.0,0.0,0.11193659609970101,0.0,0.0,0.0,-22.387319219940203,0.0,0.0,0.0,0.0,0.0,-378.8199118160905,3.7312198699900336,0.0,0.0,0.0,0.0,0.0,320.26086149175694,-2.0339496667363237,0.0,-914.5740710737168,0.0,0.0,0.0,0.0,0.0,0.0,0.0,0.0,-893.8585152721922,81.07512052003986,0.0,627.9243258867136,-5.467542491870063,425.6333307389636,-388.45936862245713,0.0,-37.17396211650646,189.52287480094395,-632.1790685728547,0.0,3.7312198699900136,1000.0,0.0,0.0,0.0,-13.143843862019281,718.7500000000041,-718.7500000000041,0.0,0.0,0.0,0.0,0.0,0.0,0.0,384.4167416210756,-395.61040123104567,91.04176482775682,0.0,0.0,0.0,0.0,0.0,0.0,0.0,0.0,0.0,513.4512767134855,0.0,0.0,0.0,-95.57564779032462,0.0,0.0,22.387319219940203,0.0,0.0,0.0,0.0,269.23494179511624,0.0,0.0,0.08208683713970544,0.0,0.0,0.0,45.52088241387841,0.0,0.0,0.0,0.0,564.698964326594,0.0,0.0,0.0,0.0,0.0,0.0,0.0,0.0,0.0,0.0,0.007462439739980287,0.007462439739980287,0.0,0.0,0.0,0.0,0.0,0.0,0.0,0.0,0.0,0.0,0.0,0.0,0.0,0.0,0.0,378.8199118160905,0.0,0.0,0.0,0.0,0.0,0.0,0.0,0.0,0.0,0.0,0.0,0.0,140.41528424389537,0.0,-780.6130078902052,0.0,0.0,0.0,44.774638439880405,0.0,0.0,0.0,0.0,0.0,0.0,-44.774638439880405,0.0,0.0,0.0,0.0,0.0,0.0,0.0,0.0,0.0,0.0,0.0,0.0,240.6408079715062,-1000.0,409.086809581952,0.0,-22.387319219940203,0.0,233.29924677818582,0.0,0.0,0.0,0.0,0.0,0.0,0.0,0.0,0.0,0.0,0.0,0.0,0.0,0.0,0.0,0.0,0.0,-9.328049674975064,0.0,-421.08775613073675,747.9826687891491,0.0,0.0,0.0,0.0,0.0,0.0,-0.9328049674975084,202.66671866296323,0.0,0.0,0.0,0.0,0.0,0.0,0.0,961.6920938213322,22.387319219940203,22.387319219940203,0.0,0.0,0.0,0.0,0.0,0.08208683713970544,378.8199118160905,0.0,0.0,-233.29924677818582,0.0,0.0,0.0,0.0,0.0,0.0,0.0,0.0,0.0,0.0,0.0,0.0,0.0,0.0,0.0,0.0,0.0,0.7441324010780335,0.0,78.35561726979071,5.746078599784624,0.0,0.0,0.0,0.0,0.0,378.8199118160905,0.0,189.0902394222001,0.0,0.0,0.0,-9.328049674975064,0.0,0.0,0.0,0.0,0.0,0.0,0.0,0.0,0.0,0.0,0.0,0.0,0.0,0.0,0.0,0.0,0.0,0.0,-0.07462439739980067,0.0,0.0,3.7312198699900336,-574.5512862603523,0.0,0.0,0.0,0.0,0.0,0.0,0.0,0.0,-351.5439367469658,1.8656099349950168,0.0,0.0,0.0,0.07462439739980067,0.0,74.62439739980067,-22.389430792860175,14.924879479960135,0.5330314099985762,209.69033354759995,-0.055968298049850505,211.47668303286588,1.4924879479960136,-0.37312198699952015,-209.69033354759995,22.387319219940203,-0.07462439739980067,1.8225141639566875,65.07512052003986,0.01865609934995017,0.5330314099985762,-5.467542491870063,-11.88020406604939,-1.4924879479960136,320.04289352510517,-0.07462439739980067,0.01865609934995017,-209.69033354759995,7.462439739980067,0.07462439739980067,0.07462439739980067,-378.663200581551,0.08208683713978096,-27.607411889481853,-0.055968298049850505,22.387319219940203,0.07462439739980067,22.387319219940203,-37.312198699900335,-0.03731219869990034,-434.13929209382997,-85.0,-0.055968298049850505,-0.07462439739980067,-22.389430792860175,0.07462439739980067,7.462439739980067,-1.4924879479960136,77.46293586262013,77.46293586262013,-7.462439739980067,-320.04289352510517,-77.46293586262013,14.924879479960135,0.11193659609970101,-706.1330253391337,7.462439739980067,-174.5869100970689,65.07512052003986,-14.924879479960135,0.03731219869990034,0.7462439739980068,238.68461752588678,96.0,-0.07462439739980067,-395.61040123104567,378.663200581551,23.13356319393821,0.07462439739980067,11.88020406604939,-24.474156359720876,65.07512052003986,-0.07462439739980067,-0.01865609934995017,-65.07512052003986,-0.07462439739980067,-35.53756026001993,0.07462439739980871,-0.01865609934995017,-0.01865609934995017,-0.01865609934995017,29.84975895992027,37.312198699900335,0.7462439739980068,55.287350423579966,-0.01865609934995017,475.5467208878169,3.7312198699900336,21.5,0.07462439739980067,0.03731219869990034,0.03731219869990034,40.0,22.389430792860175,0.07462439739980067,-22.389430792860175,0.7462439739980068,0.07462439739980067,-55.28735042357994,0.07462439739980067,0.2984975895997195,0.37312198699952015,0.03731219869990034,0.01865609934995017,22.387319219940203,-0.07462439739980067,27.607411889481853,0.7462439739980068,-110.57470084715993,209.61107309787087,-7.462439739980067,14.924879479960135,3.7312198699900336,-0.07462439739980067,5.467542491870063,0.11193659609970101,-0.07462439739980067,-80.0,22.389430792860175,-79.29439295411112,0.03731219869990034,-43.0,-0.07462439739980067,-0.07462439739980871,-0.07462439739980067,0.03731219869990034,209.69033354759995,-14.924879479960135,0.07462439739980067,477.36923505177356,-0.01865609934995017,-0.08208683713978096,-477.36923505177356,11.1936596099701,85.0,476.23480448263786,209.69033354759995,-0.055968298049850505,395.61040123104567,-96.0,0.07462439739980067,-0.01865609934995017,3.7312198699900136,74.62439739980067,-0.03731219869990034,-0.07462439739980067,0.01865609934995017,0.0,0.0,-293.9042868595662,0.0,-46.0,0.0,-108.0,-10.121678287607619,0.0,-32.0,-93.0,-65.0,-1000.0,16.0,23.0,46.5,0.0,5.060839143803809,-378.8199118160905,-189.94054884100512,1000.0,65.0,-189.94054884100512,108.0,-45.494141690129595,0.0,1496.5981,hclb
268,0.0,0.0,0.0,0.0,0.0,0.0,0.0,0.0,-0.07678509720216795,0.0,0.0,0.0,0.0,0.0,0.0,0.0,-1000.0,0.0,0.0,679.4819452602594,0.0,0.0,0.0,580.8268375076484,0.0,0.0,0.0,0.0,0.0,-518.8480362345312,0.0,0.0,143.57273429189775,0.0,0.0,0.0,0.0,999.6928596111924,0.0,-1000.0,1000.0,0.0,0.0,1000.0,0.0,0.0,0.0,57.13469781771212,1000.0,0.0,0.0,0.0,0.0,0.0844636069224407,0.0,0.0,0.0,0.0,0.0,0.0,-6.762207560270592,0.0,0.0,-6.762207560270592,0.0,0.0,0.0,0.0,0.0,0.0,0.0,0.7678509720216796,0.0,0.0,0.0,0.0,0.0,0.0,0.0,0.0,0.0,0.0,0.0,0.0,46.071058321300775,0.0,0.0,0.0,501.24360158460655,997.6279744765901,-0.019196274300541986,0.0,0.0,143.93027867628393,23.035529160650388,0.0,23.035529160650388,-772.8064474315972,0.0,0.0,0.0,269.538319774329,-1000.0,0.0,0.0,0.0,0.0,0.0,0.0,0.0,0.0,0.0,0.0,0.0,0.0,0.0,0.0,0.0,0.0,0.0,0.0,0.0,0.0,0.0,-519.3162273217681,0.0,0.0,23.035529160650388,0.0,23.803380132672068,23.803380132672068,0.0,-553.9544234387145,553.9544234387145,0.0,0.0,964.9945049892312,0.0,0.0,-964.9945049892312,0.0,0.0,0.0,0.0,0.0,5.912452484566929,0.07678509720216795,0.0,0.0,0.0,-579.2909255343546,59.00609090204559,0.0,0.0,91.85217828135417,0.0,489.04599982686705,0.0,0.0,0.0,0.0,0.0,307.7335063172062,307.7335063172062,0.0,0.0,0.0,0.0,392.08621051203284,0.0,0.0,307.8102914144084,0.0,0.0,0.0,-403.65432007162883,-240.49011258243894,0.0,0.0,0.0,0.0,0.0,0.0,0.0,0.0,0.0,-332.18622048428836,0.0,0.0,0.0,0.0,-1000.0,0.0,0.0,0.0,0.0,0.0,0.0,0.0,-501.24360158460655,501.24360158460655,0.0,0.0,0.0,0.0,0.0,0.0,0.0,481.15196376546885,-439.6703219583956,0.0,0.0,0.0,0.0,0.0,0.0,0.0,0.0,0.0,0.0,0.0,0.0,0.0,287.90402320352115,507.99887351317625,518.8480362345312,0.0,0.0,0.0,0.0,77.24470518258104,0.0,0.0,0.0,0.0,-6.762207560270592,-481.15196376546885,0.0,0.0,131.3126424029941,0.0,0.0,0.0,0.0,0.0,0.0,72.49171725814571,0.0,0.0,-2.487203169213103,1000.0,498.75639841539345,0.0,-518.8480362345312,0.0,0.0,0.0,-201.76234453420093,0.0,0.0,0.0,-248.3146399290929,0.0,0.0,-999.9999999999998,0.0,0.0,-1000.0,0.0,0.0,0.0,0.0,-821.7616563243471,0.0,0.0,184.5924762768117,0.0,0.0,0.0,0.0,0.0,0.0,0.0,716.4891637827403,0.0,0.0,0.0,0.0,0.0,0.0,-6.762207560270592,-0.11517764580325192,0.0,0.0,0.0,0.0,0.07678509720216795,0.0,0.0,0.0,899.7197656567686,-1000.0,0.0,-942.1634233498929,549.8673062737404,240.49011258243894,958.3925486010841,0.0,19.517077198122944,0.0,0.0,0.0,0.0,0.0,-6.611196869106716,0.0,-12.905880329016227,-1000.0,-1000.0,0.0,0.0,0.0,0.0,0.0,0.0,0.0,0.0,0.0,0.0,0.0,0.0,0.0,0.0,0.0,0.0,131.3126424029941,0.0,0.0,-1000.0,0.0,0.0,770.3339673016874,1000.0,0.0,0.0,-5.912452484566929,0.0,0.0,0.0,0.0,265.69906491422057,0.0,0.0,252.62197865590736,0.0,0.0,-689.539497701852,-3.8392548601083973,0.0,-90.48525305370293,0.0,-889.3107659731261,0.0,-1.9196274300541987,0.0,421.8666488550946,0.0,477.0422542683025,0.0,202.89506133557597,23.035529160650388,0.0,0.0,0.0,0.0,0.0,0.0,287.90402320352115,0.0,0.0,0.0,-36.62670438049932,0.0,33.96858837152366,-408.83244256273633,0.0,0.0,481.15196376546885,0.0,0.0,-13.524415120541184,0.0,0.0,64.64298055956641,0.0,0.0,0.0,0.0,-35.321490279783205,0.15357019440381237,0.0,0.0,0.0,0.0,0.0,0.0,0.0,0.0,0.0,0.0,0.0,0.0,0.0,0.0,0.0,0.0,0.0,0.0,0.0,0.0844636069224407,0.0844636069224407,0.0,368.54700376308756,0.0,46.071058321300775,0.0,0.0,0.0,1000.0,0.0,569.2870876059566,0.0,0.0,0.0,483.9093398670344,-1000.0,0.0,0.0,0.0,0.0,0.0,64.64298055956641,0.0,0.0,0.0,0.0,0.0,0.0,0.0,173.10540910725604,-899.7197656567686,520.2848346323091,0.0,5.912452484566929,0.0,0.0,143.93027867628393,66.68557349370289,0.0,483.9093398670344,0.0,1000.0,-551.4121504127487,0.0,0.0,287.90402320352115,0.0,0.0,0.0,0.0,0.0,0.0,0.0,0.0,0.0,0.0,0.0,0.0,0.0,46.071058321300775,0.0,0.0,0.0,0.0,0.0,0.0,0.0,0.0,0.0,0.0,0.0,0.0,0.7678509720216796,0.0,0.0,0.0,0.0,0.0,0.0,0.0,0.0,23.035529160650388,0.0,0.0,0.0,0.0,0.0,0.0,0.0,0.0,0.0,0.0,459.3882901462143,0.0,0.0,23.035529160650388,23.035529160650388,1000.0,-1000.0,0.0,64.64298055956641,0.0,0.0,0.0,0.0,0.0,1000.0,481.15196376546885,768.1224898786511,0.07678509720216795,0.0,0.0,6.192169624374829,0.0,114.26968494006573,0.0,-143.93027867628393,0.0,0.0,0.0,0.0,0.0,0.0,0.0,0.0,0.0,0.0,0.0,0.0,0.0,0.0,0.07678509720216795,0.0,0.0,0.0,-571.5684621443742,571.5684621443742,0.0,0.0,0.0,0.0,0.0,770.3339673016874,-91.85217828135417,-5.912452484566929,-1000.0,-5.75888229016266,0.0,-3.839254860108398,0.0,0.0,0.0,0.0,0.0,0.0,0.0,0.0,0.0,0.0,0.0,0.0,240.49011258243894,0.0,0.0,683.7765704639869,0.0,0.0,0.0,-0.07678509720216795,0.0,0.0,0.07678509720216795,0.0,0.07678509720216795,0.0,0.0,0.0,46.071058321300775,93.67781858664492,93.67781858664492,0.0,0.0,0.0,0.0,0.0,0.0,0.0,520.2848346323091,0.0,481.15196376546885,0.0,0.0,0.0,0.0,0.0,0.0,0.0,0.0,0.0,0.0,0.0,0.0,0.0,0.0,0.0,0.0,0.0,77.24470518258104,0.0,0.0,0.0,0.11517764580325192,0.0,0.0,0.0,-23.035529160650388,0.0,0.0,0.0,0.0,0.0,-368.54700376308756,3.8392548601083973,0.0,0.0,0.0,0.0,-392.08621051203284,0.0,-3.839254860108398,0.0,0.0,0.0,0.0,0.0,0.0,0.0,0.0,0.0,0.0,0.0,80.64298055956641,0.0,569.9278151918754,114.26968494006573,0.0,-5.912452484566929,5.912452484566929,0.0,91.85217828135417,-295.44016312084585,0.0,3.839254860108398,1000.0,0.0,214.72707664829505,0.0,-13.524415120541184,0.0,0.0,1000.0,-1000.0,0.0,0.0,0.0,0.0,0.0,320.6684559039631,0.0,93.67781858664492,0.0,0.0,0.0,0.0,0.0,0.0,0.0,0.0,0.0,0.0,0.0,0.0,385.82365063357526,-6.192169624374829,0.0,0.0,23.035529160650388,0.0,0.0,0.0,0.0,271.1339000290404,0.0,0.0,0.0844636069224407,0.0,0.0,0.0,46.83890929332245,0.0,0.0,0.0,0.0,507.99887351317625,0.0,0.0,0.0,0.0,0.0,0.0,0.0,0.0,107.16785791551484,0.0,0.0076785097202170145,0.0076785097202170145,0.0,0.0,0.0,0.0,0.0,0.0,0.0,0.0,0.0,6.192169624374829,0.0,0.0,0.0,0.0,0.0,368.54700376308756,0.0,0.0,0.0,0.0,0.0,0.0,0.0,0.0,0.0,0.0,0.0,0.0,-1000.0,-142.2797110640874,0.0,0.0,0.0,0.0,46.07105832130078,0.0,0.0,0.0,0.0,0.0,-971.9612957162199,925.890237394919,0.0,0.0,0.0,0.0,0.0,0.0,0.0,0.0,0.0,0.0,0.0,0.0,-768.1224898786511,-1000.0,52.597791583485055,0.0,-23.035529160650388,0.0,999.6928596111924,0.0,0.0,0.0,0.0,0.0,0.0,0.0,0.0,0.0,0.0,0.0,0.0,0.0,0.0,0.0,0.0,0.0,-9.598137150271057,0.0,-271.45794720438323,-5.758882290162596,0.0,0.0,0.0,0.0,0.0,-0.9598137150270996,0.0,105.37659340189535,0.0,0.0,0.0,0.0,0.0,0.0,0.0,1000.0,23.035529160650388,23.035529160650388,0.0,0.0,0.0,0.0,0.0,0.0844636069224407,368.54700376308756,0.0,0.0,-999.6928596111924,0.0,0.0,0.0,0.0,0.0,0.0,0.0,0.0,0.0,0.0,0.0,0.0,0.0,0.0,0.0,0.0,0.0,23.803380132672068,0.0,80.62435206227636,5.912452484566929,0.0,0.0,0.0,0.0,0.0,368.54700376308756,0.0,-2.4724801299099113,0.0,0.0,0.0,-9.598137150271057,0.0,0.0,0.0,0.0,0.0,0.0,0.0,0.0,0.0,0.0,0.0,0.0,0.0,0.0,0.0,0.0,0.0,0.0,-0.07678509720216795,0.0,0.0,3.8392548601083973,-483.9093398670344,0.0,0.0,0.0,0.0,0.0,0.0,0.0,0.0,6.611196869106716,1.9196274300541987,0.0,0.0,0.0,0.07678509720216795,0.0,76.78509720216795,0.0,15.35701944043359,0.5484649800154854,261.83718145939275,-0.05758882290162596,636.6887873172187,1.5357019440433592,-0.38392548600984355,-261.83718145939275,23.035529160650384,-0.07678509720216795,0.0,64.64298055956641,0.019196274300541986,0.5484649800154854,0.0,-12.224187474585237,-1.5357019440433592,320.5180547397406,-0.07678509720216795,0.019196274300541986,-261.83718145939275,7.678509720216796,0.07678509720216795,0.07678509720216795,-368.38575505896296,0.08446360692238496,-64.62453963161522,-0.05758882290162596,23.035529160650388,0.07678509720216795,23.035529160650388,-38.39254860108398,-0.03839254860108397,-424.4214601952518,-85.0,-0.05758882290162596,-0.07678509720216795,0.0,0.07678509720216795,7.678509720216796,-1.5357019440433592,77.24470518258104,77.24470518258104,-7.678509720216796,-320.5180547397406,-77.24470518258104,15.35701944043359,0.11517764580325192,-710.4852294402683,7.678509720216796,-173.10540910725604,64.64298055956641,-15.357019440433591,0.03839254860108397,0.7678509720216796,235.54085583747323,96.0,-0.07678509720216795,-385.82365063357526,368.38575505896296,23.803380132672068,0.07678509720216786,12.224187474585237,-27.499136083035154,64.64298055956641,-0.07678509720216795,-0.019196274300541986,-64.64298055956641,-0.07678509720216795,-35.321490279783205,0.07678509720239532,-0.019196274300541986,-0.019196274300541986,-0.019196274300541986,30.714038880867182,38.39254860108398,0.7678509720216796,56.88815888965618,-0.019196274300541986,471.08171167494646,3.8392548601083973,21.5,0.07678509720216795,0.03839254860108397,0.03839254860108397,40.0,0.0,0.07678509720216795,0.0,0.7678509720216796,0.07678509720216795,-56.88815888965618,0.07678509720216795,0.30714038880762473,0.38392548600984355,0.03839254860108397,0.019196274300541986,23.035529160650388,-0.07678509720216795,64.62453963161522,0.7678509720216796,-113.77631777931236,634.7691598871645,-7.678509720216796,15.357019440433591,3.8392548601083973,-0.07678509720216795,0.0,0.11517764580325192,-0.07678509720216795,-80.0,0.0,-117.72660983922975,0.03839254860108397,-43.0,-0.07678509720216795,-0.07678509720239532,-0.07678509720216795,0.03839254860108397,261.83718145939275,-15.357019440433591,0.07678509720216795,471.08171167494646,-0.019196274300541986,-0.08446360692238496,-471.08171167494646,11.517764580325192,85.0,483.5685588422705,261.83718145939275,-0.05758882290162596,385.82365063357526,-96.0,0.07678509720216795,-0.019196274300541986,3.839254860108398,76.78509720216795,-0.03839254860108397,-0.07678509720216786,0.019196274300541986,0.0,0.0,-287.1811375849229,0.0,-46.0,0.0,-108.0,-31.0,0.0,-32.0,-93.0,-65.0,-997.6279744765901,16.0,23.0,46.5,0.0,15.5,-368.54700376308756,-153.40729018981062,997.6279744765901,65.0,-153.40729018981062,108.0,-44.08968681859082,0.0,1496.5981,hclb
269,0.0,0.0,0.0,0.0,0.0,0.0,0.0,0.0,-0.0778676078030715,0.0,0.0,0.0,0.0,0.0,0.0,0.0,975.9802937433108,-977.6533570095298,0.0,209.53460417708675,0.0,0.0,0.0,597.6937009570597,0.0,0.0,0.0,0.0,0.0,-474.2179263484413,0.0,0.0,25.609429377613484,0.0,0.0,0.0,0.0,-0.31147043121215745,0.0,-1000.0,1000.0,0.0,0.0,739.8047742921324,0.0,0.0,0.0,0.0,-1000.0,0.0,0.0,0.0,0.0,0.08565436858327757,0.0,0.0,0.0,0.0,0.0,0.0,-6.857540660523838,0.0,0.0,-6.857540660523838,0.0,0.0,0.0,0.0,364.3273849867458,-364.3273849867458,0.0,0.7786760780307153,0.0,0.0,0.0,0.0,0.0,0.0,0.0,0.0,0.0,0.0,0.0,0.0,46.72056468184291,0.0,0.0,546.8036964352797,846.5727423959855,-813.8272185149062,-0.01946690195076788,0.0,0.0,0.0,23.360282340921454,0.0,23.360282340921454,0.0,0.0,0.0,0.0,400.7544563811289,-1000.0,0.0,0.0,-3.6696964899387354,0.0,0.0,0.0,0.0,0.0,0.0,0.0,0.0,0.0,0.0,0.0,0.0,0.0,0.0,0.0,0.0,0.0,0.0,-527.2396684722592,0.0,0.0,23.360282340921454,0.0,24.13895841895217,17.63648243080023,0.0,484.804009497704,-1000.0,515.195990502296,-515.195990502296,468.6875000000021,-593.5625000001374,593.5625000001374,-468.6875000000021,0.0,0.0,0.0,0.0,0.0,5.995805800836479,0.0778676078030715,0.0,0.0,0.0,-1000.0,1000.0,0.0,0.0,0.0,0.0,509.5670100193958,0.0,0.0,0.0,0.0,0.0,735.4350391313691,735.4350391313691,0.0,0.0,0.0,0.0,0.0,0.0,0.0,735.5129067391722,0.0,0.0,0.0,-599.438517059296,-557.0237935915295,0.0,0.0,0.0,0.0,0.0,0.0,0.0,0.0,0.0,-13.325743282032446,0.0,0.0,0.0,0.0,-845.7299878585627,0.0,0.0,0.0,0.0,0.0,0.0,0.0,153.42725760401447,-153.42725760401447,0.0,0.0,0.0,0.0,0.0,0.0,0.0,525.7820736515587,-960.3069725359983,0.0,0.0,0.0,0.0,0.0,0.0,0.0,0.0,0.0,0.0,0.0,0.0,0.0,307.43593637442314,-11.852956878771465,498.23763260513056,0.0,0.0,0.0,0.0,77.13537161188978,0.0,0.0,0.0,0.0,-6.857540660523838,-241.56714168700182,0.0,0.0,509.36316389445443,0.0,0.0,0.0,0.0,0.0,934.4359016161055,15.573521560614303,0.0,0.0,-59.31708624122575,633.8283985507453,-299.76904596070585,0.0,-498.23763260513056,0.0,0.0,0.0,-621.2097185135874,0.0,0.0,0.0,-270.73879389886565,0.0,0.0,-1000.0,0.0,0.0,-1000.0,0.0,0.0,1000.0,0.0,-161.49519166370828,0.0,0.0,175.38821902028022,0.0,0.0,0.0,0.0,0.0,0.0,0.0,1000.0,0.0,0.0,-886.8412974140472,0.0,0.0,0.0,-6.857540660523838,-0.11680141170460727,0.0,0.0,0.0,0.0,0.0778676078030715,0.0,0.0,0.0,-189.20156771035408,975.9802937433108,0.0,-976.4638734788326,146.87126420029276,557.0237935915295,958.9338039015357,0.0,795.1543842541869,0.0,-3.6696964899387354,0.0,0.0,0.0,-6.704401031844355,-702.3434959974916,-86.10648722485098,-34.279953881952224,-1000.0,0.0,0.0,0.0,0.0,0.0,0.0,0.0,0.0,0.0,0.0,0.0,0.0,0.0,0.0,0.0,0.0,509.36316389445443,-1000.0,0.0,-1000.0,0.0,0.0,931.9285646448465,0.0,0.0,0.0,-940.431707416942,0.0,0.0,0.0,931.3790026019454,396.8610759909753,0.0,332.1760404255154,797.6760816143587,0.0,338.01611101074576,-1000.0,0.0,0.0,-950.1212492839302,-332.1760404255154,-1000.0,1000.0,-1.9466901950767879,-3.8933803901535757,0.0,0.0,0.0,343.4553965529219,475.16812857956216,23.360282340921454,0.0,0.0,0.0,0.0,0.0,0.0,307.43593637442314,0.0,0.0,0.0,81.09617492932443,0.0,0.0,-264.642828476434,0.0,0.0,525.7820736515587,0.0,0.0,-13.715081321047675,0.0,0.0,64.4264784393857,0.0,0.0,0.0,0.0,-35.21323921969285,0.15573521560600057,0.0,0.0,0.0,0.0,0.0,0.0,0.0,0.0,0.0,0.0,0.0,0.0,0.0,0.0,0.0,0.0,0.0,0.0,0.0,0.08565436858327757,0.08565436858327757,0.0,387.8624148138088,0.0,46.72056468184291,0.0,0.0,0.0,1000.0,0.0,0.0,0.0,0.0,0.0,606.8599222767167,-1000.0,0.0,0.0,0.0,0.0,0.0,64.4264784393857,0.0,0.0,0.0,0.0,0.0,0.0,0.0,175.74655615741972,189.20156771035408,0.0,0.0,177.44576034627337,0.0,0.0,0.0,-77.13537161188978,0.0,606.8599222767167,0.0,571.6466830570239,0.0,795.606983340527,-795.606983340527,307.43593637442314,0.0,0.0,0.0,0.0,0.0,0.0,0.0,0.0,0.0,0.0,0.0,0.0,0.0,46.72056468184291,0.0,0.0,0.0,0.0,0.0,0.0,0.0,0.0,0.0,0.0,0.0,0.0,0.7786760780307153,0.0,0.0,0.0,0.0,0.0,0.0,0.0,0.0,23.360282340921454,0.0,0.0,0.0,171.4499545454369,0.0,0.0,0.0,0.0,0.0,0.0,0.0,-603.9129653402061,0.0,23.360282340921454,23.360282340921454,1000.0,-1000.0,0.0,64.4264784393857,0.0,0.0,0.0,0.0,0.0,34.279953881952224,525.7820736515587,-219.7899807732024,0.0778676078030715,0.0,0.0,0.0,32.28937032472682,0.0,0.0,0.0,0.0,0.0,0.0,0.0,0.0,0.0,0.0,0.0,0.0,0.0,0.0,0.0,0.0,0.0,0.0778676078030715,0.0,0.0,0.0,-40.893388598759316,40.893388598759316,0.0,0.0,0.0,0.0,-283.37477651103325,274.8716337389377,0.0,0.0,0.0,-5.840070585230404,-3.893380390153579,0.0,0.0,0.0,0.0,0.0,0.0,0.0,0.0,0.0,0.0,0.0,0.0,0.0,557.0237935915295,0.0,0.0,479.06150896971576,0.0,0.0,0.0,-0.0778676078030715,0.0,0.0,0.0778676078030715,0.0,0.0778676078030715,0.0,0.0,0.0,46.72056468184291,94.99848151974726,94.99848151974726,0.0,0.0,0.0,0.0,0.0,0.0,0.0,0.0,0.0,525.7820736515587,0.0,0.0,0.0,0.0,0.0,0.0,0.0,0.0,0.0,0.0,0.0,0.0,0.0,0.0,0.0,0.0,0.0,77.13537161188978,0.0,0.0,0.0,0.11680141170460727,0.0,0.0,0.0,-23.360282340921454,0.0,0.0,0.0,0.0,0.0,-387.8624148138088,3.8933803901535757,0.0,0.0,0.0,0.0,0.0,0.0,0.0,0.0,0.0,0.0,0.0,0.0,0.0,0.0,0.0,0.0,0.0,467.25328110921055,80.4264784393857,0.0,49.4264784393857,-3.6696964899387354,0.0,-657.0569309059088,0.0,657.0569309059088,0.0,-716.2082000333346,0.0,3.893380390153579,1000.0,0.0,0.0,0.0,-13.715081321047675,0.0,0.0,24.73575783550064,-24.73575783550064,0.0,0.0,0.0,0.0,0.0,407.0282286810716,-405.3826265695,94.99848151974726,0.0,-808.6668752013409,-808.6668752013409,808.6668752013409,0.0,0.0,0.0,0.0,0.0,934.4359016161055,0.0,0.0,0.0,-32.28937032472682,0.0,0.0,23.360282340921454,0.0,0.0,0.0,0.0,281.49041482453487,0.0,0.0,0.08565436858327757,0.0,0.0,0.0,47.49924075987363,0.0,0.0,0.0,0.0,-11.852956878771465,0.0,0.0,0.0,0.0,0.0,0.0,0.0,0.0,599.0711301242167,0.0,0.007786760780307374,0.007786760780307374,0.0,0.0,0.0,0.0,0.0,0.0,0.0,0.0,0.0,0.0,0.0,0.0,0.0,0.0,0.0,387.8624148138088,0.0,0.0,0.0,0.0,0.0,0.0,0.0,0.0,0.0,0.0,0.0,0.0,1000.0,0.0,-977.6533570095298,0.0,0.0,0.0,46.720564681842916,0.0,0.0,0.0,0.0,0.0,-201.31531985170108,154.59475516985816,0.0,0.0,0.0,0.0,0.0,0.0,0.0,0.0,0.0,0.0,0.0,0.0,219.7899807732024,-1000.0,53.339311345103965,216.15260306372716,-239.5128854046486,0.0,-0.31147043121215745,0.0,0.0,0.0,0.0,0.0,0.0,0.0,0.0,0.0,0.0,0.0,0.0,0.0,0.0,0.0,0.0,0.0,-9.733450975383983,0.0,-402.7011465762057,399.54255598426965,0.0,0.0,0.0,0.0,0.0,-504.19487367661986,503.22152857908145,13.715081321047675,0.0,0.0,0.0,0.0,0.0,0.0,0.0,1000.0,23.360282340921454,23.360282340921454,0.0,0.0,0.0,0.0,0.0,0.08565436858327757,387.8624148138088,0.0,0.0,0.31147043121215745,0.0,0.0,0.0,0.0,0.0,0.0,0.0,0.0,0.0,0.0,0.0,0.0,0.0,0.0,0.0,0.0,0.0,17.63648243080023,0.0,81.76098819322509,5.995805800836479,0.0,0.0,0.0,0.0,0.0,387.8624148138088,0.0,928.0351842546929,0.0,0.0,0.0,-9.733450975383983,0.0,0.0,0.0,0.0,0.0,0.0,0.0,0.0,0.0,0.0,0.0,0.0,0.0,0.0,0.0,0.0,0.0,0.0,-0.0778676078030715,0.0,0.0,3.8933803901535757,-606.8599222767167,0.0,0.0,0.0,0.0,0.0,0.0,0.0,0.0,6.704401031844355,1.9466901950767879,0.0,0.0,0.0,0.0778676078030715,0.0,77.86760780307151,-6.502475988151923,15.573521560614303,0.5561971985933679,252.52359063217,-0.058400705852303635,202.32391838564126,1.5573521560614303,-0.38933803901522895,-252.52359063217,23.360282340921454,-0.07786760780307152,1.2232321633129117,64.4264784393857,0.01946690195076788,0.5561971985933679,-3.6696964899387354,-12.396523162249082,-1.5573521560614303,-207.8615409108677,-0.07786760780307152,0.01946690195076788,-252.52359063217,7.7867607803071515,0.07786760780307152,0.0778676078030715,-387.6988928374225,0.0856543685833789,-53.48327561742885,-0.058400705852303635,23.360282340921454,0.07786760780307152,23.360282340921383,-38.933803901535754,-0.03893380390153576,-448.74434142208946,-85.0,-0.058400705852303635,-0.07786760780307152,-6.502475988151923,0.0778676078030715,7.7867607803071515,-1.5573521560614303,77.13537161188978,77.13537161188978,-7.7867607803071515,207.8615409108677,-77.13537161188978,15.573521560614303,0.11680141170460727,416.56506320430714,7.7867607803071515,-175.74655615741972,64.4264784393857,-15.573521560614303,0.03893380390153576,0.7786760780307153,244.11596836970816,96.0,-0.0778676078030715,-405.3826265695,387.6988928374225,24.13895841895217,0.07786760780307152,12.396523162249082,-29.01465092430009,64.4264784393857,-0.0778676078030715,-0.01946690195076788,-64.4264784393857,-0.07786760780307152,-35.21323921969285,0.07786760780307152,-0.01946690195076788,-0.01946690195076788,-0.01946690195076788,31.147043121228606,38.933803901535754,0.7786760780307153,168.3668439600636,-0.01946690195076788,487.0087045761034,3.8933803901535757,21.5,0.0778676078030715,0.03893380390153576,0.03893380390153576,40.0,6.502475988151923,0.0778676078030715,-6.502475988151923,0.7786760780307153,0.07786760780307152,-389.7202040179892,0.07786760780307152,0.31147043121215745,0.38933803901522895,0.03893380390153576,0.01946690195076788,23.360282340921454,-0.07786760780307152,53.48327561742885,0.7786760780307151,-336.7336879201272,200.37722819056444,-7.7867607803071515,15.573521560614303,3.8933803901535757,-0.07786760780307152,3.6696964899387354,0.11680141170460727,-0.07786760780307152,-80.0,6.502475988151923,-96.43228907609908,0.03893380390153576,-43.0,-0.07786760780307152,-0.07786760780307152,-0.07786760780307152,0.03893380390153576,252.52359063217,-15.573521560614303,0.0778676078030715,488.2319367394163,-0.01946690195076788,-0.0856543685833789,-488.2319367394163,11.680141170460725,85.0,-282.01355977488356,252.52359063217,-0.058400705852303635,405.3826265695,-96.0,0.07786760780307152,-0.019466901950767883,935.272382992099,77.86760780307151,-0.03893380390153576,-0.07786760780307152,0.01946690195076788,0.0,0.0,-602.7767784933023,221.35336005792567,-46.0,0.0,-108.0,-31.0,0.0,-32.0,-93.0,-65.0,-186.17278148509374,16.0,23.0,46.5,0.0,15.5,-387.8624148138088,-185.05812574843577,186.17278148509374,65.0,-185.05812574843577,108.0,-43.38605492800353,0.0,1496.5981,hclb
270,0.0,0.0,0.0,0.0,0.0,0.0,0.0,0.0,0.0,0.0,0.0,0.0,0.0,0.0,0.0,0.0,-24.749435975811906,215.76598292868067,0.0,0.0,0.0,0.0,0.0,0.0,0.0,747.7235210668721,0.0,0.0,0.0,899.2459024899672,0.0,0.0,29.989414907186124,0.0,0.0,0.0,0.0,838.862643691431,0.0,-1000.0,906.9848002245768,0.0,-49.49887195162381,0.0,0.0,0.0,815.2450380343636,0.0,0.0,0.0,0.0,0.0,0.0,0.05030061547954392,0.0,0.0,0.0,9.145566450803175,0.0,0.0,-4.02709776050294,0.0,-206.55868390433562,-210.58578166483858,0.0,0.0,0.0,0.0,0.0,22.525759100527758,0.0,0.4572783225401588,0.0,0.0,0.0,0.0,0.0,0.0,0.0,0.0,0.0,0.0,-710.4472588024014,0.0,27.436699352409526,0.0,0.0,-416.86644451147157,182.80963431015078,449.82279313000146,-0.011431958063503968,0.0,0.0,0.0,13.718349676204763,0.0,13.718349676204763,-1.472436198578535,0.0,0.0,0.0,2.2863916127007937,899.2459024899672,0.0,0.0,0.0,276.8721154221925,60.452194239808996,0.0,0.0,0.0,0.0,0.0,0.0,0.0,0.0,0.0,0.0,0.0,0.0,0.0,0.0,0.0,0.0,-1000.0,0.0,0.0,13.718349676204763,0.0,14.175627998744924,0.0,0.0,0.0,0.0,0.0,0.0,0.0,0.0,0.0,0.0,0.0,0.0,0.0,0.0,0.0,713.9683018859606,0.045727832254015874,0.0,0.0,0.0,-20.059361842852127,-256.8127535793404,0.0,0.0,0.0,0.0,59.98436278960351,0.0,0.0,0.0,0.0,0.0,161.68818899899196,161.68818899899196,0.0,0.0,0.0,0.0,0.0,0.0,0.0,161.73391683124598,0.0,0.0,0.0,0.0,0.0,0.0,0.0,0.0,0.0,0.0,0.0,0.0,0.0,0.0,-845.3986751816043,0.0,0.0,0.0,0.0,-94.09983861854916,0.0,0.0,0.0,0.0,0.0,0.0,49.49887195162381,-632.6324274401522,632.6324274401522,0.0,0.0,0.0,0.0,0.0,0.0,0.0,0.0,0.0,0.0,0.0,0.0,0.0,0.0,0.0,0.0,0.0,0.0,0.0,0.0,0.0,0.0,2.4526461827542363,7.2855746854641215,-923.9953384657791,0.0,0.0,0.0,0.0,80.38148894234439,0.0,0.0,0.0,0.0,-4.02709776050294,-923.9953384657791,0.0,0.0,0.0,0.0,0.0,0.0,0.0,0.0,0.0,0.0,0.0,0.0,112.06261538319939,878.0058051818786,-1000.0,0.0,923.9953384657791,0.0,0.0,0.0,55.78795534989937,0.0,0.0,0.0,-4.608603360666848,0.0,0.0,-1000.0,0.0,0.0,-1000.0,0.0,0.0,-449.82279313000146,0.0,0.0,0.0,0.0,47.1991630463599,0.0,0.0,0.0,-378.3978812163699,0.0,378.3978812163699,0.0,976.8874992011016,0.0,0.0,953.505718283285,0.0,0.0,0.0,-4.02709776050294,-0.0685917483810238,0.0,0.0,0.0,0.0,0.045727832254015874,0.0,0.0,0.0,0.0,-24.749435975811906,0.0,-366.05400419375655,162.51757281533645,0.0,920.7031499007816,0.0,0.0,0.0,0.0,0.0,0.0,0.0,303.1200472456731,0.0,-303.1200472456731,722.5251183832031,-1000.0,0.0,0.0,0.0,0.0,0.0,0.0,0.0,0.0,0.0,0.0,0.0,0.0,0.0,0.0,0.0,0.0,0.0,0.0,0.0,-839.0455550204456,0.0,0.0,0.0,0.0,0.0,13.237565962958614,-713.9683018859606,0.0,710.4472588024014,0.0,971.6950858729381,0.0,0.0,0.0,997.7136083872992,875.0217665644099,0.0,224.81615487583252,871.7929515748973,-37.2047783600412,-1000.0,0.0,-1000.0,0.0,-876.1649623707602,-874.079343187598,0.0,0.0,-1000.0,0.0,992.8026681354174,13.718349676204763,0.0,0.0,0.0,0.0,0.0,0.045727832254015874,0.0,-2.4526461827542363,2.4526461827542363,2.4526461827542363,83.85443354919683,0.0,0.0,0.0,0.0,0.0,0.0,0.0,0.0,-8.05419552100588,0.0,-477.9422957366785,0.0,0.0,0.0,0.0,0.0,-6.432774990740654,0.09145566450798105,0.0,0.0,0.0,0.0,0.0,0.0,0.0,0.0,0.0,22.525759100527758,0.0,0.0,0.0,0.0,0.0,0.0,0.0,0.0,0.0,0.05030061547954392,0.05030061547954392,0.0,89.30707973195106,0.0,27.436699352409526,0.0,0.0,0.0,-1000.0,0.0,31.55491535796758,0.0,0.0,0.0,322.89949900961403,1000.0,0.0,0.0,596.252113918748,0.0,0.0,0.0,0.0,0.0,0.0,0.0,0.0,0.0,0.0,333.3333333333333,0.0,0.0,0.0,3.5210430835592206,0.0,0.0,0.0,-80.38148894234439,0.0,322.89949900961403,0.0,316.4667240188734,0.0,-531.2500000000005,531.2500000000005,2.4526461827542363,0.0,0.0,0.0,0.0,0.0,0.0,0.0,0.0,0.0,0.0,0.0,0.0,0.0,27.436699352409526,0.0,0.0,0.0,0.0,0.0,0.0,0.0,0.0,0.0,0.0,0.0,0.0,0.4572783225401588,0.0,0.0,0.0,0.0,0.0,49.49887195162381,0.0,0.0,13.718349676204763,-596.252113918748,0.0,0.0,0.0,0.0,0.0,0.0,0.0,0.0,0.0,0.0,-757.7744131048876,0.0,13.718349676204763,13.718349676204763,50.13845451744484,1000.0,0.0,0.0,0.0,0.0,0.0,0.0,0.0,-1000.0,0.0,-994.819798736158,0.045727832254015874,0.0,0.0,60.390135038892836,0.0,0.0,0.0,0.0,0.0,0.0,0.0,0.0,0.0,0.0,0.0,0.0,0.0,0.0,0.0,0.0,0.0,0.0,0.045727832254015874,0.0,0.0,0.0,0.0,0.0,0.0,0.0,0.0,0.0,0.0,286.0316981140394,0.0,-289.5527411975986,-839.0455550204456,-3.429587419051191,0.0,-2.2863916127007955,0.0,0.0,0.0,0.0,0.0,0.0,0.0,0.0,0.0,0.0,0.0,0.0,0.0,0.0,0.0,-4.910940251881769,0.0,0.0,0.0,0.0,0.0,0.0,0.045727832254015874,0.0,0.045727832254015874,0.0,0.0,0.0,27.436699352409526,55.78795534989937,55.78795534989937,0.0,0.0,0.0,0.0,0.0,0.0,710.4472588024014,0.0,0.0,0.0,0.0,0.0,0.0,307.057213602744,0.0,0.0,0.0,0.0,0.0,0.0,0.0,0.0,0.0,0.0,0.0,0.0,0.0,80.38148894234439,0.0,-747.7235210668721,747.7235210668721,0.0685917483810238,0.0,0.0,0.0,-13.718349676204763,0.0,0.0,0.0,0.0,0.0,-89.30707973195106,2.2863916127007937,0.0,0.0,0.0,0.0,0.0,-286.0316981140394,-2.2863916127007955,0.0,-477.9422957366785,0.0,0.0,0.0,0.0,0.0,0.0,0.0,596.252113918748,-838.1559020472321,86.85443354919683,0.0,55.85443354919683,0.0,0.0,-1000.0,1000.0,0.0,0.0,0.0,0.0,2.2863916127007955,822.3199349937962,0.0,0.0,0.0,-8.05419552100588,656.2500000000093,-656.2500000000093,76.69804108406572,-76.69804108406572,0.0,0.0,0.0,0.0,0.0,938.1353423326066,-99.59584198910466,55.78795534989937,0.0,0.0,0.0,0.0,0.0,0.0,0.0,0.0,0.0,0.0,0.0,0.0,0.0,-82.9158941394206,918.014489116721,-49.49887195162381,13.718349676204763,0.0,0.0,0.0,0.0,-129.19503425895647,0.0,0.0,0.05030061547954392,0.0,0.0,0.0,27.893977674949685,0.0,0.0,0.0,0.0,7.2855746854641215,0.0,276.8721154221925,0.0,0.0,0.0,0.0,0.0,0.0,0.0,0.0,0.0045727832254015876,0.0045727832254015876,0.0,0.0,0.0,0.0,0.0,0.0,0.0,0.0,0.0,60.390135038892836,0.0,0.0,0.0,0.0,0.0,89.30707973195106,0.0,0.0,0.0,0.0,0.0,0.0,0.0,0.0,0.0,0.0,0.0,0.0,0.0,0.0,215.76598292868067,0.0,0.0,0.0,27.436699352409526,0.0,0.0,0.0,0.0,0.0,0.0,-27.436699352409526,0.0,0.0,0.0,0.0,0.0,0.0,0.0,0.0,0.0,0.0,0.0,0.0,994.819798736158,621.7710208731703,338.38077869674487,0.0,-13.718349676204763,0.0,838.862643691431,0.0,0.0,0.0,0.0,0.0,0.0,0.0,0.0,0.0,0.0,0.0,0.0,0.0,0.0,0.0,0.0,0.0,-5.715979031751987,0.0,-3.429587419051191,403.2234681727974,0.0,0.0,0.0,0.0,0.0,0.0,-0.5715979031751985,8.05419552100588,0.0,0.0,0.0,0.0,0.0,0.0,0.0,1000.0,13.718349676204763,13.718349676204763,0.0,0.0,0.0,0.0,0.0,0.05030061547954392,89.30707973195106,0.0,0.0,-838.862643691431,0.0,0.0,0.0,0.0,0.0,0.0,0.0,0.0,0.0,0.0,0.0,0.0,0.0,0.0,0.0,0.0,0.0,0.0,0.0,48.01422386671667,713.9683018859606,0.0,0.0,0.0,0.0,0.0,89.30707973195106,0.0,284.55926191546087,0.0,0.0,0.0,-5.715979031751987,0.0,0.0,0.0,0.0,0.0,0.0,0.0,0.0,0.0,0.0,0.0,0.0,0.0,0.0,0.0,0.0,0.0,0.0,-0.045727832254015874,0.0,0.0,2.2863916127007937,-322.89949900961403,0.0,0.0,0.0,0.0,0.0,0.0,0.0,0.0,-303.1200472456731,1.1431958063503966,0.0,0.0,747.7235210668721,0.045727832254015874,0.0,45.72783225401587,-14.175627998744924,9.145566450803175,0.32662737324297053,127.58065198870432,-0.0342958741905119,2.2863916127007937,0.9145566450803175,-0.22863916126860284,-127.58065198870432,13.718349676204763,-0.045727832254015874,0.0,0.0,0.011431958063503968,0.32662737324297053,0.0,-7.279870894838536,-0.9145566450803175,-191.01654695286877,-0.045727832254015874,0.011431958063503968,-127.58065198870432,4.572783225401587,0.045727832254015874,0.045727832254015874,-89.2110512842175,0.050300615479417464,-36.42218989792674,-0.0342958741905119,13.718349676204763,0.045727832254015874,13.718349676204763,-22.86391612700794,-0.022863916127007937,-23.562172891676767,-85.0,-0.0342958741905119,-0.045727832254015874,-14.175627998744924,0.045727832254015874,4.572783225401587,-0.9145566450803175,80.38148894234439,80.38148894234439,-4.572783225401587,191.01654695286877,-80.38148894234439,9.145566450803175,0.0685917483810238,-18.230115935331014,4.572783225401587,-333.3333333333333,0.0,-9.145566450803175,0.022863916127007937,0.4572783225401588,91.51350104843914,96.0,-0.045727832254015874,-99.59584198910466,89.2110512842175,14.175627998744924,0.045727832254015874,7.279870894838536,-54.87339870481923,0.0,-0.045727832254015874,-0.011431958063503968,0.0,-0.045727832254015874,-283.30489041293316,0.045727832254015874,-0.011431958063503968,-0.011431958063503968,-0.011431958063503968,18.29113290160635,22.86391612700794,0.4572783225401588,190.34968273249663,-0.011431958063503968,183.02700209687828,2.2863916127007937,5.50277910807112,0.045727832254015874,0.022863916127007937,0.022863916127007937,4.572783225401587,14.175627998744924,0.045727832254015874,-14.175627998744924,0.4572783225401588,0.045727832254015874,-503.29183275510564,0.045727832254015874,0.18291132901458695,0.22863916126860284,0.022863916127007937,0.011431958063503968,13.718349676204763,-0.045727832254015874,36.42218989792674,0.45727832254015877,-380.69936546499326,1.1431958063503969,-4.572783225401587,9.145566450803175,2.2863916127007937,-0.045727832254015874,0.0,0.0685917483810238,-0.045727832254015874,-9.145566450803175,14.175627998744924,433.35679955687954,0.022863916127007937,-11.00555821614224,-0.045727832254015874,-0.045727832254015874,-0.04572783225401591,0.022863916127007937,127.58065198870432,-9.145566450803175,0.045727832254015874,183.02700209687828,-0.011431958063503968,-0.050300615479417464,-183.02700209687828,6.859174838102381,85.0,52.48393087533281,127.58065198870432,-0.0342958741905119,99.59584198910466,-96.0,0.045727832254015874,-0.011431958063503948,973.9814774856388,45.72783225401587,-0.022863916127007937,-0.045727832254015874,0.011431958063503968,0.0,0.0,18.207252019204006,312.942150022609,-46.0,0.0,36.96821567351111,-31.0,0.0,-32.0,-93.0,-65.0,0.0,16.0,23.0,46.5,0.0,15.5,-89.30707973195106,-304.16176529792307,0.0,65.0,-304.16176529792307,-36.96821567351111,43.63441557646438,0.0,1496.5981,hclb
271,0.0,0.0,0.0,0.0,0.0,0.0,0.0,0.0,-0.06690723096331752,0.0,0.0,0.0,0.0,0.0,0.0,0.0,-78.67380717691663,500.21554175280744,0.0,0.0,0.0,0.0,0.0,911.5486406664943,0.0,0.0,0.0,0.0,0.0,0.0,0.0,0.0,7.5778078292510855,0.0,0.0,0.0,0.0,463.2816096795143,0.0,-1000.0,1000.0,0.0,0.0,78.67380717691663,0.0,0.0,0.0,0.0,0.0,-535.154328917616,0.0,0.0,0.0,0.07359795405957925,0.0,0.0,0.0,13.381446192663503,0.0,0.0,-0.14061702237748674,0.0,0.0,-17.39565637575377,0.0,0.0,0.0,0.0,0.0,0.0,0.0,0.6690723096331752,0.0,0.0,0.0,0.0,0.0,0.0,0.0,0.0,0.0,0.0,-283.6844352984226,0.0,40.14433857799051,0.0,0.0,-229.15706861778744,770.8429313822126,170.70837543230436,-0.01672680774082938,0.0,0.0,0.0,20.072169288995255,0.0,20.072169288995255,-2.1544128370194393,0.0,0.0,0.0,3.345361548165876,0.0,0.0,0.0,-21.943542366459667,0.0,0.0,0.0,0.0,0.0,0.0,0.0,0.0,0.0,0.0,0.0,0.0,0.0,0.0,0.0,0.0,0.0,0.0,-462.3729108761131,0.0,0.0,20.072169288995255,0.0,20.741241598628427,20.741241598628427,0.0,0.0,0.0,0.0,0.0,-17.255039353376283,-531.187500000141,531.187500000141,0.0,0.0,0.0,0.0,0.0,0.0,288.83629208259805,0.06690723096331752,0.0,0.0,0.0,0.0,-980.7204617333969,0.0,0.0,283.6844352984226,0.0,384.98429657686455,0.0,0.0,0.0,0.0,0.0,-57.88712015657201,-57.88712015657201,0.0,0.0,0.0,-828.03125,-65.19046278920686,0.0,0.0,-57.82021292560869,0.0,0.0,0.0,-653.0764355814666,0.0,0.0,0.0,0.0,0.0,0.0,0.0,0.0,0.0,0.0,-762.2809983080855,0.0,0.0,0.0,0.0,-1000.0,0.0,0.0,0.0,0.0,0.0,535.154328917616,0.0,-770.8429313822126,770.8429313822126,17.255039353376283,0.0,0.0,0.0,0.0,0.0,0.0,0.0,-8.36340387041469,0.0,0.0,0.0,0.0,0.0,0.0,0.0,0.0,0.0,0.0,0.0,0.0,0.0,256.9100335060324,964.4833541187238,78.67380717691663,0.0,0.0,0.0,0.0,78.24236967270492,0.0,0.0,0.0,0.0,-0.14061702237748674,0.0,0.0,0.0,0.0,0.0,0.0,0.0,0.0,0.0,0.0,0.0,0.0,0.0,-541.6858627644251,1000.0,-1000.0,0.0,-78.67380717691663,0.0,0.0,17.255039353376283,-918.3731782247527,0.0,0.0,0.0,255.08235091376278,0.0,0.0,-1000.0,-547.6335852838853,0.0,-1000.0,547.6335852838853,0.0,0.0,0.0,-41.47032101161767,535.154328917616,0.0,132.6562485588315,0.0,0.0,0.0,-707.1941567565016,0.0,707.1941567565016,0.0,942.0459726124648,0.0,0.0,0.0,-828.03125,0.0,0.0,-0.14061702237748674,-0.10036084644497627,0.0,0.0,0.0,0.0,0.06690723096331752,0.0,0.0,0.0,884.4304216849235,-78.67380717691663,0.0,-793.0247527011,803.1208899131744,0.0,983.5112169646574,0.0,0.0,0.0,-21.943542366459667,0.0,0.0,0.0,-5.760712585941567,0.0,5.760712585941567,0.0,-1000.0,0.0,0.0,0.0,0.0,0.0,0.0,0.0,0.0,0.0,0.0,0.0,0.0,0.0,0.0,0.0,0.0,0.0,-536.4507613966324,0.0,-1000.0,283.6844352984226,0.0,0.0,0.0,0.0,0.0,-288.83629208259805,0.0,0.0,0.0,753.5788275451408,0.0,0.0,0.0,0.0,-226.53845669274386,0.0,0.0,978.7833703563317,-849.4301266231894,0.0,0.0,-3.345361548165876,-290.40715395545186,224.86577591866092,-982.1287319044976,473.9555496183767,0.0,-77.99977883290896,0.0,0.0,20.072169288995255,0.0,0.0,0.0,316.9928528369949,0.0,0.0,0.0,-256.9100335060324,256.9100335060324,256.9100335060324,-215.43075666319874,0.0,0.0,-1000.0,0.0,0.0,0.0,0.0,0.0,-17.536273398131257,0.0,-433.8268872100537,36.56095232433785,0.0,0.0,0.0,0.0,-36.30927690366825,0.1338144619267035,0.0,0.0,0.0,0.0,0.0,0.0,0.0,0.0,0.0,0.0,0.0,0.0,0.0,0.0,0.0,0.0,0.0,0.0,0.0,0.07359795405957925,0.07359795405957925,0.0,339.52858731336886,0.0,40.14433857799051,0.0,0.0,0.0,928.4341560675158,0.0,0.0,0.0,0.0,0.0,223.23834113553707,-928.4341560675158,0.0,0.0,0.0,0.0,0.0,36.56095232433785,0.0,0.0,0.0,0.0,0.0,0.0,0.0,154.12430362537103,-884.4304216849235,980.7204617333969,0.0,5.151856784175422,0.0,0.0,0.0,-95.49740902608121,0.0,223.23834113553707,0.0,186.92906423186884,0.0,0.0,0.0,256.9100335060324,0.0,0.0,0.0,0.0,0.0,0.0,0.0,0.0,0.0,0.0,0.0,0.0,0.0,40.14433857799051,17.255039353376283,17.255039353376283,0.0,0.0,0.0,0.0,0.0,0.0,0.0,0.0,0.0,0.0,0.6690723096331752,0.0,0.0,0.0,0.0,0.0,0.0,0.0,0.0,20.072169288995255,0.0,0.0,0.0,0.0,0.0,0.0,0.0,0.0,0.0,0.0,0.0,41.681417348367084,0.0,20.072169288995255,20.072169288995255,1000.0,-928.4341560675158,0.0,36.56095232433785,0.0,0.0,0.0,0.0,0.0,-1000.0,0.0,-719.0916816091053,0.06690723096331752,0.0,0.0,0.0,5.395590268398962,0.0,0.0,0.0,0.0,0.0,0.0,0.0,0.0,0.0,0.0,0.0,0.0,0.0,0.0,0.0,0.0,0.0,0.06690723096331752,0.0,0.0,0.0,-719.4146258369243,719.4146258369243,0.0,0.0,0.0,0.0,0.0,247.61446931403435,0.0,0.0,-1000.0,-5.018042322248814,0.0,-3.345361548165876,0.0,78.125,78.125,-78.125,0.0,0.0,0.0,0.0,0.0,0.0,0.0,17.255039353376283,0.0,0.0,0.0,-74.65441728474308,0.0,0.0,0.0,-0.06690723096331752,0.0,0.0,0.06690723096331752,0.0,0.06690723096331752,0.0,0.0,0.0,40.14433857799051,81.62682177524736,81.62682177524736,0.0,0.0,0.0,0.0,0.0,0.0,0.0,980.7204617333969,0.0,0.0,0.0,0.0,0.0,0.0,0.0,0.0,0.0,0.0,0.0,0.0,0.0,0.0,0.0,0.0,0.0,0.0,0.0,95.49740902608121,0.0,0.0,0.0,0.10036084644497627,0.0,0.0,0.0,-20.072169288995255,0.0,0.0,0.0,0.0,0.0,-339.52858731336886,3.345361548165876,0.0,0.0,0.0,828.03125,65.19046278920686,288.83629208259805,-3.345361548165876,0.0,-433.8268872100537,0.0,0.0,0.0,0.0,0.0,17.255039353376283,0.0,0.0,0.0,82.6185538073365,0.0,1000.0,-21.943542366459667,536.4507613966324,0.0,0.0,-536.4507613966324,283.6844352984226,-1000.0,0.0,3.345361548165876,698.4758729407141,0.0,0.0,0.0,-17.536273398131257,0.0,0.0,0.0,0.0,0.0,0.0,0.0,0.0,0.0,757.2629559858367,-5.018042322248448,81.62682177524736,0.0,0.0,0.0,0.0,0.0,0.0,0.0,0.0,0.0,0.0,0.0,0.0,349.5646719578665,-5.395590268398962,4.907083756162415,0.0,20.072169288995255,0.0,0.0,0.0,0.0,191.8637718838829,0.0,0.0,0.07359795405957925,0.0,0.0,0.0,40.81341088762368,0.0,0.0,0.0,0.0,964.4833541187238,0.0,0.0,0.0,0.0,0.0,0.0,0.0,0.0,0.0,0.0,0.006690723096331752,0.006690723096331752,0.0,0.0,0.0,0.0,0.0,0.0,0.0,0.0,0.0,0.0,0.0,0.0,0.0,0.0,0.0,339.52858731336886,0.0,0.0,0.0,0.0,0.0,0.0,0.0,535.154328917616,0.0,0.0,0.0,0.0,0.0,-198.81793536545092,500.21554175280744,0.0,0.0,0.0,40.14433857799051,0.0,0.0,0.0,0.0,0.0,0.0,-40.14433857799051,0.0,0.0,0.0,0.0,0.0,0.0,0.0,0.0,0.0,0.0,0.0,0.0,719.0916816091053,-1000.0,45.83145320987251,0.0,-20.072169288995255,0.0,463.2816096795143,0.0,0.0,0.0,0.0,0.0,0.0,0.0,0.0,0.0,0.0,0.0,0.0,0.0,0.0,0.0,0.0,0.0,-8.36340387041469,17.255039353376283,-5.018042322248814,0.0,0.0,0.0,0.0,0.0,0.0,-0.836340387041469,0.0,301.2207086965539,0.0,0.0,0.0,0.0,0.0,0.0,0.0,1000.0,20.072169288995255,20.072169288995255,0.0,0.0,0.0,0.0,0.0,0.07359795405957925,339.52858731336886,0.0,0.0,-463.2816096795143,0.0,0.0,0.0,0.0,0.0,0.0,0.0,0.0,0.0,0.0,0.0,0.0,0.0,0.0,0.0,0.0,0.0,20.741241598628427,0.0,70.25259251148339,5.151856784175422,0.0,0.0,0.0,0.0,0.0,339.52858731336886,0.0,-290.9907049196175,0.0,0.0,0.0,-8.36340387041469,0.0,0.0,0.0,0.0,0.0,0.0,0.0,0.0,0.0,0.0,0.0,0.0,0.0,0.0,0.0,0.0,0.0,0.0,-0.06690723096331752,0.0,0.0,3.345361548165876,-223.23834113553707,0.0,0.0,0.0,0.0,17.255039353376283,0.0,0.0,0.0,5.760712585941567,1.672680774082938,0.0,0.0,0.0,0.06690723096331752,0.0,66.90723096331752,0.0,13.381446192663503,0.47790879259512514,228.1536575849127,-0.050180423222488134,3.345361548165876,1.3381446192663504,-0.33453615481661203,-228.1536575849127,20.072169288995255,-0.06690723096331752,7.314514122153223,36.56095232433785,0.01672680774082938,0.47790879259512514,-21.943542366459667,-10.651631169360748,-1.3381446192663504,-421.5417345758908,-0.06690723096331759,0.01672680774082938,-228.1536575849127,6.690723096331752,0.06690723096331752,0.06690723096331752,-339.38808212834596,0.07359795405964928,0.0,-0.050180423222488134,20.072169288995255,0.06690723096331752,20.072169288995255,-33.45361548165876,-0.03345361548165876,-341.0972118439452,-85.0,-0.050180423222488134,-0.06690723096331752,0.0,0.06690723096331752,6.690723096331752,-1.3381446192663504,95.49740902608121,95.49740902608121,-6.690723096331752,421.5417345758908,-95.49740902608121,13.381446192663503,0.10036084644497627,-6.8471353200704925,6.690723096331752,-154.12430362537103,36.56095232433785,-13.381446192663503,0.03345361548165876,0.6690723096331752,198.256188175275,96.0,-0.06690723096331752,-354.58271428011494,339.38808212834596,20.741241598628427,0.06690723096331752,10.651631169360748,-43.727724831643215,36.56095232433785,-0.06690723096331752,-0.01672680774082938,-36.56095232433785,-0.06690723096331752,-36.30927690366825,0.06690723096331758,-0.01672680774082938,-0.01672680774082938,-0.01672680774082938,26.762892385327007,33.45361548165876,0.6690723096331752,366.3799298266322,-0.01672680774082938,389.1978622283968,3.345361548165876,21.5,0.06690723096331752,0.03345361548165876,0.03345361548165876,24.971199258500675,0.0,0.06690723096331752,0.0,0.6690723096331752,0.06690723096331752,-1000.0,0.06690723096331752,0.2676289238532945,0.33453615481661203,0.03345361548165876,0.01672680774082938,20.072169288995255,-0.06690723096331752,0.0,0.6690723096331752,-732.7598596532644,1.672680774082938,-6.690723096331752,13.381446192663503,3.345361548165876,-0.06690723096331752,21.943542366459667,0.10036084644497627,-0.06690723096331752,-49.94239851700135,0.0,27.66349920875288,0.03345361548165876,-43.0,-0.06690723096331752,-0.06690723096331758,-0.06690723096331752,0.03345361548165876,228.1536575849127,-13.381446192663503,0.06690723096331752,396.51237635055,-0.01672680774082938,-0.07359795405964928,-396.51237635055,10.036084644497626,85.0,156.28247240658516,228.1536575849127,-0.050180423222488134,354.58271428011494,-96.0,0.06690723096331759,-0.01672680774082938,756.9241890933067,66.90723096331752,-0.03345361548165876,-0.06690723096331752,0.01672680774082938,0.0,0.0,-163.89469372771552,633.6200701733678,-46.0,0.0,8.753753495949184,-31.0,0.0,-32.0,-93.0,-32.66098445926664,-170.70837543230436,16.0,23.0,46.5,0.0,15.5,-339.52858731336886,-219.52727109263577,170.70837543230436,32.66098445926664,-219.52727109263577,-8.753753495949184,22.895377615630323,0.0,1496.5981,hclb
272,0.0,0.0,0.0,0.0,0.0,0.0,0.0,0.0,-0.06465358890000648,0.0,0.0,0.0,0.0,0.0,0.0,0.0,-683.830467950204,0.0,0.0,612.7785665972627,0.0,0.0,0.0,86.26836741745845,0.0,0.0,0.0,0.0,0.0,-130.83739401758805,11.467389129156242,-11.467389129156242,0.0,0.0,0.0,0.0,0.0,165.24153304070262,0.0,-1000.0,1000.0,0.0,0.0,927.4927670170179,0.0,0.0,0.0,0.0,86.95070840096186,0.0,0.0,0.0,0.0,0.07111894778995623,0.0,0.0,0.0,0.0,0.0,0.0,-9.516289105512724,0.0,0.0,-9.516289105512724,0.0,0.0,0.0,0.0,0.0,0.0,0.0,0.646535889000065,0.0,0.0,0.0,0.0,0.0,0.0,0.0,0.0,0.0,0.0,-184.68762426432957,0.0,38.79215334000389,0.0,0.0,941.969366438258,28.92007483921988,683.927448333554,-0.01616339722500162,0.0,0.0,0.0,19.396076670001946,0.0,19.396076670001946,0.0,0.0,0.0,0.0,248.21445237692555,-1000.0,0.0,0.0,-0.21984789414216266,0.0,0.0,0.0,0.0,0.0,0.0,0.0,0.0,0.0,0.0,0.0,0.0,0.0,0.0,0.0,0.0,0.0,0.0,-472.4854862470381,0.0,0.0,19.396076670001946,0.0,20.042612559002013,14.305423098320924,0.0,-9.524796343886697,9.524796343886697,0.0,0.0,0.0,0.0,0.0,0.0,0.0,0.0,0.0,0.0,0.0,189.66595060963007,0.06465358890000648,0.0,0.0,0.0,-961.9465318246065,548.0693471517917,0.0,0.0,0.0,0.0,275.31023448522325,0.0,0.0,0.0,0.0,0.0,499.83385239561403,499.83385239561403,0.0,0.0,0.0,0.0,-112.02994498060463,0.0,0.0,511.36589511367026,0.0,0.0,0.0,0.0,-340.9829149716164,0.0,0.0,0.0,0.0,0.0,0.0,0.0,0.0,0.0,-172.74206853367184,0.0,0.0,0.0,0.0,-628.1928260859454,0.0,0.0,0.0,0.0,0.0,0.0,0.0,-28.92007483921988,28.92007483921988,0.0,0.0,0.0,0.0,0.0,0.0,0.0,869.162605982412,-542.1352317196873,0.0,0.0,0.0,0.0,0.0,0.0,0.0,0.0,0.0,0.0,0.0,0.0,0.0,334.3276581029165,396.7386202328174,727.7171535668302,0.0,0.0,0.0,0.0,78.46998752109934,0.0,0.0,0.0,0.0,-9.516289105512724,-199.77561345018768,11.467389129156242,0.0,0.0,0.0,0.0,0.0,0.0,0.0,13.549234691736794,12.930717780001297,0.0,0.0,0.0,57.84014967843976,1000.0,0.0,-727.7171535668302,0.0,0.0,0.0,-264.44499686062136,0.0,0.0,0.0,-443.00853871403774,0.0,0.0,-1000.0,-1000.0,238.92316141003027,-1000.0,1000.0,238.92316141003027,0.0,0.0,-445.0615830811772,0.0,0.0,130.5243717065606,0.0,0.0,0.0,385.2903595017478,0.0,-385.2903595017478,0.0,511.23658793587026,0.0,0.0,-563.1649787692199,0.0,0.0,0.0,-9.516289105512724,-0.09698038335000972,0.0,0.0,0.0,0.0,0.06465358890000648,0.0,0.0,0.0,516.7775272031073,-683.830467950204,0.0,-725.6277870593681,252.20305752490617,340.9829149716164,952.3267944500033,0.0,-783.1020708284998,0.0,-0.21984789414216266,0.0,0.0,0.0,-5.5666740042905065,788.6687448327903,0.0,-1000.0,-1000.0,0.0,0.0,0.0,0.0,0.0,0.0,0.0,0.0,0.0,0.0,0.0,0.0,0.0,0.0,0.0,0.0,0.0,659.8019911462136,0.0,-340.1980088537864,0.0,834.4998526036971,0.0,0.0,0.0,0.0,-191.74779617221066,0.0,184.68762426432957,0.0,0.0,244.9817729319252,66.74782929704607,0.0,0.0,132.28401029501936,-855.4165741298364,0.0,726.3710593472758,-87.05605745385874,0.0,0.0,-125.72356591096293,0.0,-133.90035001751951,-729.6037387922762,-612.7476261775447,0.0,827.1377731974077,628.8632101465782,0.0,19.396076670001946,468.7499999977973,-468.7499999977973,0.0,300.28710980903224,0.0,0.0,0.0,-334.3276581029165,334.3276581029165,334.3276581029165,-232.7480379990061,0.0,0.0,0.0,0.0,0.0,869.162605982412,0.0,0.0,-19.03257821102545,0.0,0.0,67.0692822199987,0.0,0.0,0.0,0.0,-36.53464110999935,0.12930717779982878,0.0,0.0,0.0,0.0,0.0,0.0,0.0,0.0,0.0,0.0,0.0,0.0,0.0,0.0,0.0,0.0,0.0,0.0,0.0,0.07111894778995623,0.07111894778995623,11.467389129156242,417.39694032291516,0.0,38.79215334000389,0.0,0.0,0.0,1000.0,0.0,0.0,0.0,0.0,0.0,135.193893263598,-1000.0,0.0,0.0,0.0,0.0,0.0,67.0692822199987,0.0,0.0,0.0,0.0,0.0,0.0,0.0,157.49516208234604,-516.7775272031073,413.87718467281485,0.0,4.978326345300502,0.0,0.0,0.0,-78.46998752109934,0.0,135.193893263598,0.0,98.65925215359866,0.0,-718.7500000020997,718.7500000020997,334.3276581029165,0.0,0.0,0.0,0.0,0.0,0.0,0.0,0.0,0.0,0.0,0.0,0.0,0.0,38.79215334000389,0.0,0.0,0.0,0.0,0.0,0.0,0.0,0.0,0.0,0.0,0.0,0.0,0.646535889000065,0.0,11.467389129156242,0.0,0.0,11.467389129156242,0.0,0.0,0.0,19.396076670001946,0.0,0.0,0.0,0.0,0.0,0.0,0.0,0.0,0.0,0.0,9.458112515831093,0.0,0.0,19.396076670001946,19.396076670001946,1000.0,-1000.0,0.0,67.0692822199987,0.0,0.0,0.0,0.0,0.0,1000.0,869.162605982412,574.6541025928759,0.06465358890000648,0.0,0.0,0.0,28.162607976160594,12.750058304114726,0.0,0.0,0.0,0.0,0.0,0.0,0.0,0.0,0.0,0.0,0.0,0.0,0.0,0.0,0.0,0.0,0.06465358890000648,0.0,0.0,0.0,0.0,0.0,0.0,0.0,0.0,834.4998526036971,0.0,-7.060171907881227,0.0,0.0,-1000.0,-4.849019167500487,0.0,-3.232679445000327,0.0,0.0,0.0,0.0,0.0,0.0,0.0,0.0,0.0,0.0,0.0,0.0,340.9829149716164,0.0,0.0,830.370452642408,0.0,0.0,0.0,-0.06465358890000648,0.0,0.0,0.06465358890000648,0.0,0.06465358890000648,0.0,0.0,0.0,38.79215334000389,78.87737845800793,78.87737845800793,0.0,0.0,0.0,0.0,0.0,0.0,184.68762426432957,413.87718467281485,0.0,869.162605982412,0.0,0.0,0.0,0.0,0.0,0.0,0.0,0.0,0.0,0.0,0.0,0.0,0.0,0.0,0.0,0.0,0.0,78.46998752109934,0.0,0.0,0.0,0.09698038335000972,0.0,0.0,0.0,-19.396076670001946,0.0,0.0,0.0,0.0,0.0,-417.39694032291516,3.2326794450003242,0.0,0.0,0.0,0.0,112.02994498060463,588.8584237752086,-3.232679445000327,0.0,0.0,0.0,0.0,0.0,0.0,0.0,0.0,0.0,0.0,0.0,83.0692822199987,0.0,465.94646689281353,12.530210409972563,0.0,397.1106276029979,184.68762426432957,-581.7982518673274,0.0,-343.32237531862927,0.0,3.232679445000327,720.1065151845933,0.0,0.0,-11.467389129156242,-19.03257821102545,0.0,0.0,0.0,0.0,0.0,0.0,0.0,0.0,0.0,594.9880280240875,-431.94399782541615,78.87737845800793,0.0,514.6261317160473,514.6261317160473,-503.158742586891,0.0,0.0,0.0,0.0,0.0,13.549234691736794,0.0,0.0,0.0,-28.162607976160594,0.0,0.0,19.396076670001946,0.0,0.0,0.0,0.0,152.3216036365763,0.0,0.0,0.07111894778995623,0.0,0.0,0.0,39.43868922900396,0.0,0.0,0.0,0.0,396.7386202328174,0.0,0.0,0.0,0.0,0.0,0.0,0.0,0.0,0.0,0.0,0.006465358890000649,0.006465358890000649,0.0,0.0,0.0,0.0,0.0,0.0,0.0,0.0,0.0,0.0,11.467389129156242,0.0,0.0,0.0,0.0,417.39694032291516,0.0,0.0,0.0,0.0,0.0,0.0,0.0,0.0,0.0,0.0,0.0,0.0,-1000.0,-112.9932439833607,0.0,0.0,0.0,0.0,38.79215334000389,0.0,0.0,0.0,0.0,0.0,-693.2861500181666,654.4939966781627,0.0,0.0,0.0,0.0,0.0,0.0,0.0,0.0,0.0,11.467389129156242,11.467389129156242,0.0,-574.6541025928759,-1000.0,44.28770839650445,-19.396076670001946,0.0,0.0,999.7413856443998,0.0,0.0,0.0,0.0,0.0,0.0,0.0,0.0,0.0,0.0,0.0,0.0,0.0,0.0,0.0,0.0,0.0,-8.081698612500814,0.0,-249.8307920994257,427.09497865791616,0.0,0.0,0.0,0.0,0.0,0.0,-0.8081698612500812,19.03257821102545,0.0,0.0,0.0,0.0,0.0,0.0,0.0,1000.0,19.396076670001946,19.396076670001946,0.0,0.0,0.0,0.0,0.0,0.07111894778995623,417.39694032291516,0.0,0.0,-999.7413856443998,0.0,0.0,0.0,0.0,0.0,0.0,0.0,0.0,0.0,0.0,0.0,0.0,0.0,0.0,0.0,0.0,0.0,14.305423098320924,0.0,67.88626834500681,33.02398162759429,0.0,156.6419689820358,0.0,0.0,0.0,417.39694032291516,0.0,-588.8584237752086,0.0,0.0,0.0,-8.081698612500814,0.0,0.0,0.0,0.0,0.0,0.0,0.0,0.0,0.0,0.0,0.0,0.0,0.0,0.0,0.0,0.0,0.0,0.0,-0.06465358890000648,0.0,0.0,3.2326794450003242,-135.193893263598,0.0,0.0,0.0,0.0,0.0,0.0,0.0,0.0,5.5666740042905065,1.6163397225001574,0.0,0.0,0.0,0.06465358890000648,0.0,64.65358890000648,-5.737189460681089,12.930717780001297,0.4618113492857606,208.99435922765994,-0.04849019167500486,125.72356591096293,1.2930717780001297,-0.3232679445002363,-208.99435922765994,19.396076670001946,-0.06465358890000653,0.07328263138072089,67.0692822199987,0.01616339722500162,0.4618113492857606,-0.21984789414216266,-10.292851352881469,10.174317351156215,71.05190135294129,-0.06465358890000648,0.01616339722500162,-208.99435922765994,6.4653588900006485,0.06465358890000648,0.06465358890000648,-417.2611677862252,0.07111894779000713,-23.344887017600342,-0.04849019167500486,19.396076670001946,0.06465358890000648,19.396076670001946,-32.32679445000324,-0.03232679445000324,-251.52565167933858,-85.0,-0.04849019167500486,-0.06465358890000648,-5.737189460681089,0.06465358890000648,6.4653588900006485,-1.2930717780001297,78.46998752109934,78.46998752109934,-6.4653588900006485,-71.05190135294129,-78.46998752109934,12.930717780001297,0.09698038335000972,-454.8790211333717,6.4653588900006485,-157.49516208234604,67.0692822199987,-12.930717780001297,0.03232679445000324,0.646535889000065,181.40694676484202,96.0,-0.06465358890000648,-431.94399782541615,417.2611677862252,20.042612559002013,0.06465358890000648,10.292851352881469,-10.515024460009101,67.0692822199987,-0.06465358890000648,-0.01616339722500162,-67.0692822199987,-0.06465358890000648,-36.53464110999935,0.06465358890000654,-0.01616339722500162,-0.01616339722500162,-0.01616339722500162,25.861435560002594,32.32679445000324,0.646535889000065,47.90022767629259,-0.01616339722500162,362.7406108983033,3.2326794450003242,21.5,0.06465358890000648,0.03232679445000324,0.03232679445000324,40.0,5.737189460681089,0.06465358890000648,-5.737189460681089,0.646535889000065,0.06465358890000648,-47.90022767629259,0.06465358890000648,0.25861435560019913,0.3232679445002363,0.03232679445000324,0.01616339722500162,19.396076670001946,-0.06465358890000648,23.344887017600342,-5.087158675578108,-95.80045535258517,124.10722618846277,-6.4653588900006485,12.930717780001297,3.2326794450003242,-0.06465358890000648,0.21984789414216266,0.09698038335000972,-0.06465358890000648,-80.0,5.737189460681089,-43.56570425486504,0.03232679445000324,-43.0,-0.06465358890000648,-0.06465358890000654,-0.06465358890000648,0.03232679445000324,208.99435922765994,-12.930717780001297,0.06465358890000648,362.81389352968404,-0.01616339722500162,-0.07111894779000713,-362.81389352968404,9.698038335000971,85.0,222.2692058387232,208.99435922765994,-0.04849019167500486,431.94399782541615,-96.0,0.06465358890000648,-0.016163397225001618,3.232679445000327,64.65358890000648,-0.03232679445000324,-0.06465358890000648,0.01616339722500162,0.0,0.0,-229.08075399463235,0.0,-46.0,0.0,192.04353560138856,11.10136609528247,0.0,-32.0,-93.0,-65.0,-683.927448333554,16.0,23.0,46.5,0.0,-5.550683047641235,-417.39694032291516,-108.75589938171126,683.927448333554,65.0,-108.75589938171126,-192.04353560138856,98.0466005856985,0.0,1496.5981,hclb
273,0.0,0.0,0.0,0.0,0.0,0.0,0.0,0.0,541.3223668296013,0.0,0.0,0.0,0.0,0.0,0.0,0.0,0.0,429.83648188546294,0.0,9.288856818140726,0.0,0.0,0.0,694.7582282058063,0.0,0.0,0.0,0.0,0.0,-827.0373056472699,0.0,0.0,459.38207095789136,0.0,0.0,0.0,0.0,657.0820215514732,0.0,-1000.0,1000.0,0.0,0.0,0.0,0.0,0.0,583.3598443216551,0.0,990.7111431818593,0.0,0.0,0.0,0.0,0.060399438576439556,0.0,0.0,0.0,0.0,0.0,0.0,-163.14446773422688,0.0,163.14446773422688,0.0,0.0,0.0,0.0,0.0,0.0,0.0,0.0,0.5490858052398659,0.0,0.0,0.0,0.0,0.0,0.0,0.0,0.0,0.0,0.0,0.0,0.0,32.94514831439196,0.0,158.30885207608165,-981.6219364839754,670.0662778482773,0.0,-0.013727145130996647,0.0,0.0,0.0,16.47257415719598,0.0,16.47257415719598,-1.7680562928714112,0.0,0.0,0.0,2.7454290261993295,-827.0373056472699,0.0,0.0,0.0,0.0,765.9473776160426,0.0,0.0,0.0,0.0,0.0,0.0,0.0,0.0,0.0,0.0,0.0,0.0,0.0,0.0,0.0,0.0,-440.4603961289489,0.0,0.0,16.47257415719598,0.0,17.021659962435844,0.0,0.0,0.0,0.0,0.0,0.0,0.0,843.6482654166598,-843.6482654166598,0.0,0.0,0.0,0.0,0.0,0.0,162.5368127764286,0.05490858052398659,0.0,0.0,0.0,-429.5658022459778,429.5658022459778,0.0,0.0,0.0,0.0,254.83891749887516,0.0,0.0,0.0,0.0,0.0,891.6216204871137,891.6216204871137,0.0,0.0,0.0,-515.6250000000001,-533.1432365531736,0.0,0.0,891.6765290676376,0.0,0.0,0.0,167.1612422614429,0.0,0.0,0.0,0.0,0.0,0.0,0.0,0.0,0.0,0.0,-664.9302879943683,0.0,0.0,0.0,0.0,-652.2223540091766,0.0,0.0,0.0,0.0,0.0,0.0,0.0,-430.03613200571994,430.03613200571994,0.0,0.0,0.0,0.0,0.0,0.0,0.0,0.0,24.093452598624687,0.0,0.0,0.0,0.0,0.0,0.0,0.0,0.0,0.0,0.0,0.0,0.0,0.0,119.23613616248174,-21.036567790405364,-163.67383753458935,0.0,0.0,0.0,0.0,79.45423336707735,0.0,0.0,0.0,0.0,-163.14446773422688,-163.67383753458935,0.0,0.0,0.0,0.0,0.0,0.0,0.0,0.0,0.0,10.981716104797318,0.0,0.0,-639.628766473648,460.47364338034913,-420.9469253078361,0.0,163.67383753458935,0.0,0.0,0.0,-865.2298254150026,0.0,0.0,0.0,-84.68829581184968,0.0,0.0,615.0760441057746,0.0,0.0,615.0760441057746,0.0,0.0,240.03014584255737,0.0,0.0,0.0,0.0,73.74070629484525,0.0,0.0,0.0,0.0,0.0,0.0,0.0,1000.0,0.0,0.0,0.0,-515.6250000000001,0.0,0.0,-163.14446773422688,-0.08236287078597988,0.0,0.0,0.0,0.0,0.05490858052398659,0.0,0.0,0.0,556.2955464849032,0.0,0.0,-574.0614464175557,-272.59560748238744,0.0,947.4542902619933,0.0,0.0,0.0,0.0,0.0,0.0,0.0,700.659536385617,-524.5681181412758,-176.09141824434118,-87.58804128433053,0.0,0.0,0.0,0.0,0.0,0.0,0.0,0.0,0.0,0.0,0.0,0.0,0.0,0.0,0.0,0.0,0.0,0.0,657.3016558735686,0.0,0.0,0.0,0.0,0.0,0.0,0.0,0.0,-162.5368127764286,0.0,0.0,0.0,158.95413653017667,0.0,524.5681181412758,0.0,123.80432334524139,0.0,0.0,0.0,-2.7454290261993295,-762.1842871301159,0.0,0.0,-126.54975237144072,675.5480250256662,-1.3727145130996647,0.0,-485.3375781273438,0.0,0.0,-566.7341289191631,-35.69057734059129,16.47257415719598,156.25000000000014,-156.25000000000014,0.0,0.0,0.0,541.3772754101252,0.0,-119.23613616248174,119.23613616248174,119.23613616248174,-347.57726669226884,0.0,0.0,0.0,0.0,0.0,0.0,0.0,0.0,-9.67123131629046,0.0,-345.59607015674857,69.01828389520269,0.0,0.0,0.0,0.0,-37.50914194760134,0.10981716104783396,0.0,0.0,0.0,0.0,0.0,0.0,0.0,0.0,0.0,0.0,0.0,0.0,0.0,0.0,0.0,0.0,0.0,0.0,0.0,0.060399438576439556,0.060399438576439556,0.0,204.25442005768443,0.0,32.94514831439196,0.0,0.0,0.0,-804.0991259243707,0.0,607.5455865543814,158.30885207608165,0.0,0.0,101.95803917617499,804.0991259243707,0.0,0.0,0.0,0.0,0.0,69.01828389520269,0.0,0.0,0.0,0.0,0.0,0.0,0.0,146.82013204298298,-556.2955464849032,0.0,0.0,332.19754704594516,0.0,0.0,0.0,-79.45423336707735,0.0,101.95803917617499,0.0,0.0,64.44889722857366,0.0,0.0,119.23613616248174,0.0,0.0,0.0,0.0,0.0,0.0,0.0,0.0,0.0,0.0,0.0,0.0,0.0,32.94514831439196,0.0,0.0,0.0,0.0,0.0,0.0,0.0,0.0,0.0,0.0,0.0,0.0,0.5490858052398659,0.0,0.0,158.30885207608165,-158.30885207608165,0.0,0.0,0.0,0.0,16.47257415719598,0.0,0.0,0.0,169.6607342695166,0.0,0.0,0.0,0.0,0.0,0.0,-51.91260556183385,0.0,0.0,16.47257415719598,16.47257415719598,23.06125873107967,804.0991259243707,0.0,69.01828389520269,0.0,0.0,0.0,0.0,0.0,914.6253469316005,0.0,1000.0,0.05490858052398659,0.0,0.0,0.0,72.51462466485629,429.5955505874715,0.0,0.0,0.0,0.0,0.0,0.0,0.0,0.0,0.0,0.0,0.0,0.0,0.0,0.0,0.0,0.0,0.05490858052398659,0.0,0.0,0.0,-923.3287370766393,923.3287370766393,0.0,0.0,0.0,0.0,0.0,-162.5368127764286,0.0,0.0,-657.3016558735686,-4.118143539298995,-2.7454290261993317,0.0,0.0,0.0,0.0,0.0,0.0,0.0,0.0,0.0,0.0,0.0,0.0,0.0,0.0,0.0,0.0,-32.94514831439196,0.0,0.0,0.0,541.3223668296013,0.0,0.0,0.05490858052398659,0.0,0.05490858052398659,0.0,0.0,0.0,32.94514831439196,66.98846823926364,66.98846823926364,0.0,0.0,0.0,0.0,0.0,0.0,0.0,0.0,0.0,0.0,0.0,0.0,705.3871651687324,0.0,0.0,0.0,0.0,0.0,0.0,0.0,0.0,0.0,0.0,0.0,0.0,0.0,0.0,79.45423336707735,0.0,0.0,0.0,0.08236287078597988,0.0,0.0,0.0,-16.47257415719598,0.0,0.0,0.0,0.0,0.0,-204.25442005768443,2.7454290261993295,0.0,0.0,0.0,515.6250000000001,533.1432365531736,162.5368127764286,0.0,0.0,-345.59607015674857,0.0,0.0,0.0,0.0,0.0,0.0,0.0,0.0,-62.348555033708536,85.01828389520269,0.0,54.018283895202686,429.5955505874715,0.0,0.0,0.0,0.0,0.0,-932.2182936542662,0.0,2.7454290261993317,1000.0,0.0,0.0,0.0,-326.28893546845376,218.75000000000367,-218.75000000000367,0.0,0.0,0.0,0.0,0.0,0.0,0.0,656.6940009157704,0.0,66.98846823926364,0.0,0.0,0.0,0.0,0.0,0.0,0.0,0.0,0.0,0.0,0.0,0.0,216.60885067558135,-72.51462466485629,699.3864600944414,0.0,16.47257415719598,158.30885207608165,0.0,0.0,0.0,42.8013299161448,0.0,0.0,0.060399438576439556,0.0,0.0,0.0,33.49423411963182,0.0,0.0,0.0,0.0,-21.036567790405364,0.0,0.0,0.0,0.0,0.0,0.0,0.0,0.0,0.0,0.0,0.005490858052398659,0.005490858052398659,0.0,0.0,0.0,0.0,0.0,0.0,0.0,0.0,0.0,0.0,0.0,0.0,0.0,0.0,0.0,204.25442005768443,0.0,0.0,0.0,0.0,0.0,0.0,0.0,0.0,0.0,0.0,0.0,316.6177041521633,1000.0,0.0,429.83648188546294,0.0,0.0,0.0,32.94514831439196,0.0,0.0,0.0,0.0,0.0,0.0,-32.94514831439196,0.0,316.6177041521633,0.0,0.0,0.0,0.0,0.0,0.0,0.0,0.0,0.0,0.0,0.0,0.0,742.9995428276632,0.0,-16.47257415719598,0.0,657.0820215514732,0.0,0.0,0.0,0.0,0.0,0.0,0.0,0.0,0.0,0.0,0.0,0.0,0.0,0.0,0.0,0.0,0.0,-6.863572565498327,0.0,-4.118143539298995,701.2690216294334,0.0,0.0,0.0,0.0,0.0,-568.8573866354241,568.1710293788742,9.67123131629046,0.0,0.0,0.0,0.0,0.0,0.0,0.0,1000.0,16.47257415719598,16.47257415719598,0.0,0.0,0.0,0.0,0.0,0.060399438576439556,204.25442005768443,0.0,0.0,-657.0820215514732,0.0,0.0,0.0,0.0,0.0,0.0,0.0,0.0,0.0,0.0,0.0,0.0,0.0,0.0,0.0,0.0,0.0,0.0,0.0,57.654009550185926,0.0,0.0,162.5368127764286,0.0,0.0,0.0,204.25442005768443,0.0,-167.05029809549936,0.0,0.0,0.0,-6.863572565498327,0.0,0.0,0.0,0.0,0.0,0.0,0.0,0.0,0.0,0.0,0.0,0.0,0.0,0.0,0.0,0.0,0.0,0.0,-0.05490858052398659,0.0,0.0,2.7454290261993295,-101.95803917617499,0.0,0.0,0.0,0.0,0.0,0.0,0.0,0.0,-700.659536385617,1.3727145130996647,0.0,0.0,0.0,0.05490858052398659,0.0,54.908580523986586,-17.021659962435844,10.98171610479732,0.3922041465999042,153.1949396619226,-0.04118143539298994,2.7454290261993286,1.0981716104797319,-0.2745429026193733,-153.1949396619226,16.47257415719598,-0.05490858052398659,0.0,69.01828389520269,0.013727145130996647,0.3922041465999042,0.0,-167.05029809549936,-1.0981716104797319,-439.1253387036037,-0.05490858052398659,0.013727145130996647,-153.1949396619226,5.490858052398659,0.05490858052398659,0.05490858052398659,-204.139112038584,-158.24845263750527,-67.29566231802116,-0.04118143539298994,16.47257415719598,0.05490858052398659,16.47257415719598,-27.454290261993297,-0.027454290261993294,-187.543255180854,-85.0,-0.04118143539298994,-0.0549085805239867,-17.021659962435844,0.05490858052398659,5.490858052398664,-1.0981716104797319,79.45423336707735,79.45423336707735,-5.490858052398659,439.1253387036037,-79.45423336707735,10.981716104797318,0.08236287078597988,-799.4043855813541,5.490858052398659,-146.82013204298298,69.01828389520269,-10.981716104797318,0.027454290261993294,0.5490858052398659,143.51536160438891,96.0,-0.05490858052398659,-216.60885067558135,204.139112038584,17.021659962435844,0.05490858052398659,167.05029809549936,3.12798726641887,69.01828389520269,-0.05490858052398659,-0.013727145130996647,-69.01828389520269,-0.05490858052398659,-37.50914194760134,0.05490858052398659,-0.013727145130996647,-0.013727145130996647,-0.013727145130996647,21.963432209594636,27.454290261993297,0.5490858052398659,360.45359639713797,-0.013727145130996647,287.03072320877783,2.7454290261993295,21.5,0.05490858052398659,0.027454290261993294,0.027454290261993294,40.0,17.021659962435844,0.05490858052398659,-17.021659962435844,0.5490858052398659,0.05490858052398659,-1000.0,0.05490858052398659,0.21963432209543043,0.2745429026193733,0.027454290261993294,0.013727145130996647,16.47257415719598,-0.05490858052398659,67.29566231802116,0.5490858052398659,-720.9071927942759,1.372714513099666,-5.490858052398664,10.981716104797318,2.7454290261993295,-0.05490858052398659,0.0,0.08236287078597988,-0.05490858052398659,-80.0,17.021659962435844,311.1139740142366,0.027454290261993294,-43.0,-0.05490858052398659,-0.05490858052398659,-0.05490858052398659,0.02745429026199335,153.1949396619226,-10.981716104797318,0.05490858052398659,287.03072320877783,-0.013727145130996647,158.24845263750527,-287.03072320877783,8.236287078597988,85.0,757.0779001937872,153.1949396619226,-0.04118143539298994,216.60885067558135,-96.0,0.05490858052398659,-0.013727145130996647,161.699565556376,54.908580523986586,-0.027454290261993294,-0.05490858052398659,0.013727145130996647,0.0,0.0,559.3467854485347,639.546403602862,-46.0,0.0,43.749903035605826,-31.0,0.0,-32.0,-93.0,-65.0,-240.03014584255737,16.0,23.0,46.5,0.0,15.5,-204.25442005768443,-353.9153039303814,240.03014584255737,65.0,-353.9153039303814,-43.749903035605826,17.565528858394146,0.0,1496.5981,hclb
274,0.0,0.0,0.0,0.0,0.0,0.0,0.0,0.0,-0.06273690847019282,0.0,0.0,0.0,0.0,0.0,0.0,0.0,-674.2586562576516,173.43644875993516,0.0,348.51731251530316,0.0,0.0,0.0,0.0,0.0,58.119253732126765,0.0,0.0,0.0,886.8583691153832,13.404316064394152,-13.404316064394152,12.511485795045882,0.0,0.0,0.0,0.0,988.3995569612007,0.0,-1000.0,1000.0,0.0,0.0,-212.59971285773156,0.0,0.0,0.0,0.0,0.0,-959.2882720346678,0.0,0.0,0.0,0.0690105993171627,0.0,0.0,0.0,12.547381694038563,0.0,0.0,-4.91191127055409,0.0,155.66135790089515,135.5057731597855,748.102713051662,0.0,0.0,0.0,0.0,0.0,0.0,0.6273690847019282,0.0,0.0,0.0,0.0,0.0,0.0,0.0,0.0,0.0,0.0,0.0,0.0,37.64214508211569,0.0,0.0,-239.02311936238084,760.9768806376192,-99.6231210277195,-0.015684227117548202,0.0,0.0,732.1362226252044,18.821072541057845,0.0,18.821072541057845,0.0,0.0,0.0,0.0,714.1831323746623,886.8583691153832,0.0,0.0,-17.102028527762904,0.0,0.0,0.0,0.0,0.0,0.0,0.0,0.0,0.0,0.0,0.0,0.0,0.0,0.0,0.0,0.0,0.0,0.0,-323.18787076165654,0.0,0.0,18.821072541057845,0.0,19.44844162575977,19.44844162575977,0.0,0.0,0.0,0.0,0.0,0.0,0.0,0.0,-15.243673470555564,0.0,0.0,0.0,0.0,0.0,4.830741952204844,0.06273690847019281,0.0,0.0,0.0,-673.3291690419891,673.3291690419891,0.0,0.0,0.0,0.0,465.0677082696409,0.0,0.0,0.0,0.0,0.0,710.835767307688,710.835767307688,0.0,0.0,0.0,0.0,584.3122002686871,0.0,0.0,724.3028202805524,0.0,0.0,0.0,73.63310135061022,0.0,0.0,0.0,0.0,0.0,0.0,0.0,0.0,0.0,0.0,-1000.0,0.0,0.0,0.0,0.0,-1000.0,0.0,0.0,0.0,0.0,0.0,959.2882720346678,0.0,239.02311936238084,-239.02311936238084,15.243673470555564,0.0,0.0,0.0,0.0,0.0,0.0,0.0,509.97612351271766,0.0,0.0,0.0,0.0,0.0,0.0,0.0,0.0,0.0,0.0,0.0,0.0,0.0,363.7159218611393,-17.905236611922874,-212.59971285773156,0.0,0.0,0.0,0.0,-15.243673470555564,0.0,0.0,0.0,0.0,-4.91191127055409,0.0,13.404316064394152,0.0,0.0,0.0,0.0,0.0,0.0,0.0,947.9760648770139,0.0,0.0,0.0,-773.9758826480763,-252.022121372838,0.0,0.0,212.59971285773156,0.0,0.0,15.243673470555564,-19.803480728353804,0.0,0.0,0.0,466.0060240910955,0.0,0.0,-801.4989032672311,0.0,0.0,-801.4989032672311,0.0,0.0,1000.0,0.0,1000.0,959.2882720346678,0.0,213.93285788335746,0.0,0.0,0.0,-1000.0,0.0,1000.0,0.0,1000.0,0.0,0.0,345.05007262843753,0.0,0.0,0.0,-4.91191127055409,-0.09410536270528921,0.0,0.0,0.0,0.0,0.06273690847019281,0.0,0.0,0.0,33.20286258192829,-674.2586562576516,0.0,-909.7058877896566,169.39714653717704,0.0,1000.0,0.0,-590.4151561378236,0.0,-17.102028527762904,0.0,0.0,0.0,376.1734435777655,486.4213794026594,-272.1796668426013,-1000.0,-1000.0,0.0,0.0,0.0,0.0,0.0,0.0,0.0,0.0,0.0,0.0,0.0,0.0,0.0,0.0,0.0,0.0,0.0,-11.349495404919645,0.0,-1000.0,0.0,0.0,932.5516203598796,534.324610891392,0.0,0.0,-939.4024907648245,0.0,0.0,0.0,0.0,711.0462869511525,513.5786205973407,0.0,0.0,-194.40103324958153,-1000.0,-1000.0,-3.136845423509641,-193.87067180956234,0.0,0.0,-625.8222943447819,1000.0,192.83261053782672,0.0,640.3610215656508,0.0,0.0,-464.75899303702505,144.62812143417105,18.821072541057845,0.0,0.0,0.0,0.0,0.0,0.0,0.0,-363.7159218611393,363.7159218611393,363.7159218611393,97.55464683372435,0.0,0.0,-275.822653536388,0.0,0.0,0.0,0.0,0.0,-25.067496011663742,0.0,0.0,18.821072541057845,0.0,0.0,0.0,0.0,-36.72630915298072,0.12547381694042753,0.0,0.0,0.0,0.0,0.0,0.0,0.0,0.0,0.0,0.0,0.0,0.0,0.0,0.0,0.0,0.0,0.0,0.0,0.0,0.0690105993171627,0.0690105993171627,13.404316064394152,447.16854016710073,0.0,37.64214508211569,0.0,39.7586843028465,0.0,1000.0,0.0,19.481895059244515,0.0,0.0,0.0,564.2084842409598,-1000.0,0.0,0.0,0.0,0.0,0.0,18.821072541057845,0.0,0.0,0.0,0.0,0.0,0.0,0.0,107.72929025388552,-33.20286258192829,0.0,0.0,158.0341082796014,0.0,732.1362226252044,0.0,0.0,0.0,564.2084842409598,0.0,527.4821750879792,0.0,0.0,0.0,363.7159218611393,0.0,0.0,0.0,0.0,0.0,0.0,0.0,0.0,0.0,0.0,0.0,0.0,0.0,37.64214508211569,15.243673470555564,15.243673470555564,0.0,0.0,0.0,0.0,0.0,0.0,0.0,0.0,0.0,0.0,0.6273690847019282,0.0,13.404316064394152,0.0,0.0,13.404316064394152,0.0,0.0,0.0,18.821072541057845,0.0,0.0,0.0,153.20336632739657,0.0,0.0,0.0,0.0,0.0,0.0,0.0,0.0,0.0,18.821072541057845,18.821072541057845,-465.3656187655303,-1000.0,0.0,18.821072541057845,0.0,0.0,0.0,0.0,0.0,-494.0664592994497,0.0,0.0,0.06273690847019281,0.0,0.0,0.0,5.059283547346263,0.0,0.0,-732.1362226252044,0.0,0.0,0.0,0.0,0.0,0.0,0.0,0.0,0.0,0.0,0.0,0.0,0.0,0.0,0.06273690847019281,0.0,0.0,0.0,0.0,0.0,0.0,0.0,0.0,0.0,0.0,-6.850870404944847,0.0,0.0,-988.6505045950804,-4.705268135264461,-3.136845423509641,0.0,0.0,46.87500000000001,46.87500000000001,-46.87500000000001,0.0,0.0,0.0,0.0,0.0,0.0,0.0,15.243673470555564,0.0,0.0,0.0,147.7649668576807,0.0,0.0,0.0,-0.06273690847019281,0.0,0.0,0.06273690847019281,0.0,0.06273690847019281,0.0,0.0,0.0,37.64214508211569,76.53902833363523,76.53902833363523,0.0,0.0,0.0,0.0,0.0,0.0,0.0,0.0,0.0,0.0,0.0,0.0,0.0,381.57509139704905,0.0,0.0,0.0,0.0,0.0,0.0,0.0,0.0,0.0,0.0,0.0,0.0,0.0,0.0,0.0,-58.119253732126765,58.119253732126765,0.09410536270528921,0.0,0.0,0.0,-18.821072541057845,0.0,0.0,0.0,0.0,0.0,-447.16854016710073,3.136845423509641,0.0,0.0,0.0,0.0,-584.3122002686871,-35.48765332771325,0.0,0.0,0.0,0.0,0.0,0.0,0.0,0.0,15.243673470555564,0.0,0.0,32.933969603819435,83.45261830596144,0.0,52.45261830596144,-17.102028527762904,0.0,-974.8901440925378,0.0,974.8901440925378,0.0,-96.34250906198903,39.7586843028465,3.136845423509641,779.960940841741,0.0,215.8944588809075,-13.404316064394152,-25.067496011663742,0.0,0.0,0.0,0.0,0.0,0.0,0.0,0.0,0.0,990.5894637294712,0.0,76.53902833363523,0.0,0.0,0.0,13.404316064394152,0.0,0.0,0.0,0.0,0.0,947.9760648770139,0.0,0.0,461.2843445728941,-5.059283547346263,0.0,0.0,18.821072541057845,0.0,0.0,0.0,0.0,236.75335531212244,0.0,0.0,0.0690105993171627,0.0,0.0,0.0,38.269514166817615,0.0,0.0,0.0,0.0,-17.905236611922874,0.0,0.0,0.0,0.0,0.0,0.0,0.0,0.0,-14.535092472188126,0.0,0.006273690847019282,0.006273690847019282,0.0,0.0,0.0,0.0,0.0,0.0,0.0,0.0,0.0,0.0,13.404316064394152,0.0,0.0,0.0,0.0,447.16854016710073,0.0,0.0,0.0,0.0,0.0,0.0,0.0,959.2882720346678,0.0,0.0,0.0,0.0,0.0,0.0,173.43644875993516,0.0,0.0,0.0,37.64214508211569,0.0,0.0,0.0,0.0,0.0,0.0,-37.64214508211569,0.0,0.0,0.0,0.0,0.0,0.0,0.0,0.0,0.0,13.404316064394152,13.404316064394152,0.0,0.0,-607.2080901840666,424.5498736991311,0.0,-18.821072541057845,0.0,988.3995569612007,0.0,0.0,0.0,0.0,0.0,0.0,0.0,0.0,0.0,0.0,0.0,0.0,0.0,0.0,0.0,0.0,39.7586843028465,-7.842113558774102,15.243673470555564,-715.751555086417,376.8698232617846,0.0,0.0,0.0,0.0,0.0,0.0,-0.7842113558774103,25.067496011663742,0.0,0.0,0.0,0.0,0.0,0.0,0.0,1000.0,18.821072541057845,18.821072541057845,0.0,0.0,0.0,0.0,0.0,0.0690105993171627,447.16854016710073,0.0,0.0,-988.3995569612007,0.0,0.0,0.0,0.0,0.0,0.0,0.0,0.0,0.0,0.0,0.0,0.0,0.0,0.0,0.0,0.0,0.0,19.44844162575977,0.0,65.87375389370246,4.830741952204844,0.0,0.0,0.0,0.0,0.0,447.16854016710073,0.0,964.9024282640833,0.0,0.0,0.0,-7.842113558774102,0.0,0.0,0.0,0.0,0.0,0.0,0.0,0.0,0.0,0.0,0.0,0.0,0.0,0.0,0.0,0.0,0.0,0.0,-0.06273690847019281,0.0,0.0,3.136845423509641,-564.2084842409598,0.0,0.0,0.0,0.0,15.243673470555564,0.0,0.0,0.0,-376.1734435777655,1.5684227117548204,0.0,0.0,58.119253732126765,0.06273690847019281,0.0,62.73690847019281,0.0,12.547381694038563,0.44812077478709156,213.93285788335746,-0.04705268135264461,625.8222943447819,1.2547381694038564,-0.31368454234991133,-213.93285788335746,18.821072541057845,-0.06273690847019282,5.700676175920968,18.821072541057845,0.015684227117548206,0.44812077478709156,-17.102028527762904,-9.987715828454498,12.149577894990296,152.30489498241332,-0.06273690847019282,0.015684227117548206,-213.93285788335746,6.273690847019282,0.06273690847019282,0.06273690847019281,-447.0367926593134,0.06901059931721211,-15.033737892500774,-0.04705268135264461,18.821072541057845,0.06273690847019282,18.821072541057845,-31.368454235096408,-0.03136845423509641,-415.8299133216143,8.907245715066097,-0.04705268135264461,-0.06273690847019282,0.0,0.06273690847019281,6.273690847019282,-1.2547381694038564,0.0,0.0,-6.273690847019282,-152.30489498241332,0.0,12.547381694038565,0.09410536270528921,-1000.0,6.273690847019282,-107.72929025388552,18.821072541057845,-12.547381694038563,0.031368454235096405,0.6273690847019282,227.42647194741414,96.0,-0.06273690847019281,-461.2843445728941,447.0367926593134,19.44844162575977,0.06273690847019282,9.987715828454498,-56.46321762317353,18.821072541057845,-0.06273690847019281,-0.015684227117548206,-18.821072541057845,-0.06273690847019282,-36.72630915298072,0.06273690847019282,-0.015684227117548202,-0.015684227117548202,-0.015684227117548202,25.094763388077126,31.368454235096408,0.6273690847019282,46.480207062854504,-0.015684227117548202,449.1522677189073,3.136845423509641,21.5,0.06273690847019281,0.03136845423509641,0.03136845423509641,15.684227117548204,0.0,0.06273690847019281,0.0,0.6273690847019282,0.06273690847019282,-46.480207062854504,0.06273690847019282,0.25094763387975405,0.31368454234991133,0.03136845423509641,0.015684227117548206,18.821072541057845,-0.06273690847019282,15.033737892500774,-6.074788947495148,-92.96041412570901,624.2538716330271,-6.273690847019282,12.547381694038563,3.136845423509641,-0.06273690847019282,17.102028527762904,0.09410536270528921,-0.06273690847019282,-31.368454235096408,0.0,26.996654251249993,0.03136845423509641,-43.0,-0.06273690847019282,-0.06273690847019282,-0.06273690847019282,0.03136845423509641,213.93285788335746,-12.547381694038563,0.06273690847019281,454.8529438948283,-0.015684227117548202,-0.06901059931721211,-454.8529438948283,9.41053627052892,-8.90724571506609,659.6301637271664,213.93285788335746,-0.04705268135264461,461.2843445728941,-96.0,0.06273690847019282,-0.01568422711754821,3.136845423509641,62.73690847019281,-0.03136845423509641,-0.06273690847019282,0.015684227117548206,0.0,0.0,99.59175257348446,0.0,-46.0,0.0,25.352513287587364,-31.0,0.0,-32.0,-93.0,-65.0,-900.3768789722805,16.0,23.0,46.5,0.0,15.5,-447.16854016710073,-263.75000956337243,900.3768789722805,65.0,-263.75000956337243,-25.352513287587364,37.771020031870805,0.0,1496.5981,hclb
275,0.0,0.0,0.0,0.0,0.0,0.0,0.0,0.0,113.06272068892576,0.0,0.0,0.0,0.0,0.0,0.0,0.0,258.3038213074227,-950.801119003176,0.0,1000.0,0.0,0.0,0.0,0.0,0.0,0.0,0.0,0.0,0.0,-1000.0,0.0,0.0,94.86343601891497,0.0,0.0,0.0,0.0,190.22691514384246,0.0,-1000.0,1000.0,0.0,0.0,428.2912721322186,0.0,0.0,0.0,0.0,766.8073807862994,0.0,0.0,0.0,0.0,0.05425167268409559,0.0,0.0,0.0,9.863940487992583,0.0,0.0,52.323029158820304,0.0,-703.2265821914274,-1000.0,0.0,0.0,0.0,0.0,0.0,0.0,0.0,0.4931970243996292,0.0,0.0,0.0,0.0,0.0,0.0,0.0,0.0,0.0,0.0,-315.4701559942344,0.0,29.59182146397775,0.0,59.69903136876468,-100.50042858731484,-233.97210717732554,289.3770156997147,-0.012329925609990728,0.0,0.0,-570.8848429790434,14.795910731988876,0.0,14.795910731988876,-1.5880944185666799,0.0,0.0,0.0,2.4659851219981457,-1000.0,0.0,0.0,-12.775951342797791,501.8045543899681,0.0,0.0,0.0,0.0,0.0,0.0,0.0,0.0,0.0,0.0,0.0,0.0,0.0,0.0,0.0,0.0,0.0,-1000.0,0.0,0.0,14.795910731988876,0.0,15.289107756388505,0.0,0.0,0.0,0.0,0.0,0.0,-349.0964469673929,0.0,0.0,0.0,0.0,0.0,0.0,0.0,0.0,378.9668044508762,0.04931970243996291,0.0,0.0,0.0,-840.6692370113649,0.0,0.0,0.0,0.0,0.0,3.3639371459498673,0.0,0.0,0.0,0.0,0.0,100.02475487668625,100.02475487668625,0.0,0.0,0.0,0.0,-996.5349640903885,0.0,0.0,100.0740745791262,0.0,0.0,0.0,-275.9287914777469,-208.09526610054974,0.0,0.0,0.0,0.0,0.0,0.0,0.0,0.0,0.0,-288.83487210421004,0.0,0.0,0.0,0.0,-668.865599231973,0.0,0.0,0.0,0.0,0.0,0.0,0.0,333.6930478010155,-333.6930478010155,349.0964469673929,0.0,0.0,0.0,0.0,0.0,0.0,0.0,-570.2229917424179,0.0,0.0,0.0,0.0,0.0,0.0,0.0,0.0,0.0,0.0,0.0,0.0,0.0,114.52100660222405,315.59256359738197,-25.11120209372217,0.0,0.0,0.0,0.0,80.01871005356372,0.0,0.0,0.0,0.0,52.323029158820304,-453.40247422594075,0.0,0.0,0.0,0.0,0.0,0.0,0.0,0.0,0.0,0.0,0.0,0.0,0.0,-567.665154978341,1000.0,0.0,25.11120209372217,0.0,0.0,349.0964469673929,994.9693903511238,0.0,0.0,0.0,-151.18560201775415,0.0,0.0,-1000.0,562.4999999992546,-343.75000000074624,-656.2499999992535,-906.2500000000008,0.0,99.72094062368996,0.0,-283.4150234011449,0.0,0.0,-291.5131872134601,0.0,0.0,0.0,419.2274974401493,0.0,-419.2274974401493,0.0,-79.12165893204775,0.0,0.0,0.0,0.0,0.0,0.0,52.323029158820304,-0.07397955365994437,0.0,0.0,0.0,0.0,0.04931970243996291,0.0,0.0,0.0,224.95453147902742,258.3038213074227,0.0,-310.0027585897146,434.2701400121408,208.09526610054974,982.6614125766598,0.0,272.7529930540038,0.0,-12.775951342797791,0.0,0.0,0.0,-4.246426380080943,-1000.0,731.4934333260771,-848.1979017017463,-1000.0,0.0,0.0,0.0,0.0,0.0,0.0,0.0,0.0,0.0,0.0,0.0,0.0,0.0,0.0,0.0,0.0,0.0,-809.5758060463979,0.0,-1000.0,0.0,0.0,0.0,0.0,0.0,0.0,-354.1598496200275,0.0,315.4701559942344,0.0,0.0,0.0,0.0,0.0,-2.4659851219981457,-376.02422631515503,1000.0,0.0,0.0,0.0,-797.9024126614872,0.0,0.0,0.0,374.79123375415594,-2.4659851219981457,-620.2767960018477,0.0,0.0,873.1579552508763,-730.2507005207617,14.795910731988876,0.0,0.0,0.0,0.0,0.0,113.11204039136572,0.0,-114.52100660222405,114.52100660222405,114.52100660222405,18.182658069169133,0.0,0.0,0.0,0.0,0.0,0.0,0.0,0.0,-125.05232591222307,0.0,0.0,32.134498155329034,0.0,0.0,0.0,0.0,-38.06802975600371,0.09863940487987115,0.0,0.0,0.0,0.0,0.0,0.0,0.0,0.0,0.0,0.0,0.0,0.0,0.0,0.0,0.0,0.0,0.0,0.0,0.0,0.05425167268409559,0.05425167268409559,0.0,200.65706611423147,0.0,29.59182146397775,0.0,0.0,0.0,1000.0,0.0,0.0,59.69903136876468,0.0,0.0,387.42253147777046,-1000.0,0.0,0.0,0.0,0.0,0.0,32.134498155329034,0.0,0.0,0.0,0.0,0.0,0.0,0.0,333.3333333333333,-224.95453147902742,338.8646826213968,0.0,63.49664845664182,0.0,0.0,-570.8848429790434,-1000.0,0.0,387.42253147777046,0.0,468.93767089810717,-119.58316917634033,0.0,0.0,114.52100660222405,0.0,0.0,0.0,0.0,0.0,0.0,0.0,0.0,0.0,0.0,0.0,0.0,0.0,29.59182146397775,349.0964469673929,349.0964469673929,0.0,0.0,0.0,0.0,0.0,0.0,0.0,0.0,0.0,0.0,0.4931970243996292,0.0,0.0,59.69903136876468,-59.69903136876468,0.0,0.0,0.0,0.0,14.795910731988876,0.0,0.0,0.0,0.0,0.0,0.0,0.0,0.0,0.0,0.0,1000.0,0.0,0.0,14.795910731988876,14.795910731988876,958.0587710708268,-1000.0,0.0,32.134498155329034,0.0,0.0,0.0,0.0,0.0,848.1979017017463,0.0,1000.0,0.04931970243996291,0.0,0.0,0.0,65.13371274374818,77.72935278563608,0.0,570.8848429790434,0.0,0.0,0.0,0.0,0.0,0.0,0.0,0.0,0.0,0.0,0.0,0.0,0.0,0.0,0.04931970243996291,0.0,0.0,0.0,412.2895065034116,-412.2895065034116,0.0,0.0,0.0,0.0,-229.11388757939523,1000.0,0.0,0.0,-1000.0,-3.698977682997219,-2.465985121998148,0.0,0.0,0.0,0.0,0.0,0.0,0.0,0.0,0.0,0.0,0.0,0.0,349.0964469673929,208.09526610054974,0.0,0.0,-727.7847153987636,0.0,0.0,0.0,113.06272068892576,0.0,0.0,0.04931970243996291,0.0,0.04931970243996291,0.0,0.0,0.0,29.59182146397775,60.17003697675476,60.17003697675476,0.0,0.0,0.0,0.0,0.0,0.0,315.4701559942344,338.8646826213968,0.0,0.0,0.0,0.0,0.0,0.0,0.0,0.0,0.0,0.0,0.0,0.0,0.0,0.0,0.0,0.0,0.0,0.0,0.0,429.11515702095664,0.0,0.0,0.0,0.07397955365994437,0.0,0.0,0.0,-14.795910731988876,0.0,0.0,0.0,0.0,0.0,-200.65706611423147,2.4659851219981457,0.0,0.0,0.0,0.0,996.5349640903885,0.0,0.0,0.0,0.0,0.0,0.0,0.0,0.0,0.0,349.0964469673929,0.0,0.0,952.1157881017652,86.13605951200742,0.0,394.00074213340423,64.95340144283828,809.5758060463979,-125.04596204063228,315.4701559942344,-1000.0,0.0,934.799353374369,0.0,2.465985121998148,861.7270535194411,0.0,0.0,0.0,-244.45038864975243,0.0,0.0,339.9754648969571,-339.9754648969571,0.0,-24.806954830848724,0.0,0.0,0.0,493.19091590143876,-211.75399916322306,60.17003697675476,0.0,0.0,0.0,0.0,0.0,0.0,0.0,0.0,0.0,0.0,0.0,0.0,0.0,-65.13371274374818,-911.1718584012492,0.0,14.795910731988876,59.69903136876468,0.0,0.0,0.0,-190.9257474924354,0.0,0.0,0.05425167268409559,0.0,0.0,0.0,30.08501848837738,0.0,0.0,0.0,0.0,315.59256359738197,0.0,501.8045543899681,0.0,0.0,0.0,0.0,0.0,0.0,0.0,0.0,0.004931970243996432,0.004931970243996432,0.0,0.0,0.0,0.0,0.0,0.0,0.0,0.0,0.0,0.0,0.0,0.0,0.0,0.0,0.0,200.65706611423147,0.0,0.0,0.0,0.0,0.0,0.0,0.0,0.0,0.0,0.0,0.0,119.39806273752936,1000.0,1000.0,-950.801119003176,0.0,0.0,0.0,29.59182146397775,0.0,0.0,0.0,0.0,0.0,0.0,-29.59182146397775,0.0,119.39806273752936,0.0,0.0,0.0,0.0,0.0,0.0,0.0,0.0,0.0,0.0,-1000.0,-1000.0,33.7839961713746,0.0,-14.795910731988876,0.0,190.22691514384246,0.0,0.0,0.0,0.0,0.0,0.0,0.0,0.0,0.0,898.4374999999999,0.0,-898.4375,-898.4374999999999,0.0,0.0,0.0,0.0,-6.164962804995367,349.0964469673929,-3.698977682997219,208.05502148022583,0.0,0.0,0.0,0.0,0.0,-0.6164962804995365,0.0,125.05232591222307,0.0,0.0,0.0,0.0,0.0,0.0,0.0,1000.0,14.795910731988876,14.795910731988876,0.0,0.0,0.0,0.0,0.0,0.05425167268409559,200.65706611423147,0.0,0.0,-190.22691514384246,0.0,0.0,0.0,0.0,0.0,0.0,0.0,0.0,0.0,0.0,0.0,0.0,0.0,0.0,0.0,0.0,0.0,0.0,0.0,51.78568756196107,378.9668044508762,0.0,0.0,0.0,0.0,0.0,200.65706611423147,0.0,-4.054079540564828,0.0,0.0,0.0,-6.164962804995367,0.0,0.0,0.0,0.0,0.0,0.0,0.0,0.0,0.0,0.0,0.0,0.0,0.0,0.0,0.0,0.0,0.0,0.0,-0.04931970243996291,0.0,0.0,2.4659851219981457,-387.42253147777046,0.0,0.0,0.0,0.0,349.0964469673929,0.0,0.0,0.0,4.246426380080943,1.2329925609990733,0.0,0.0,0.0,0.04931970243996291,0.0,49.31970243996291,-15.289107756388505,9.863940487992583,0.35228358885687794,137.60196980749654,-0.03698977682997218,2.4659851219981457,0.9863940487992583,-0.24659851219957235,-137.60196980749654,14.795910731988874,-0.04931970243996291,4.258650447599264,32.134498155329034,0.012329925609990728,0.35228358885687794,-12.775951342797791,-67.55072799720665,-0.9863940487992583,-307.50270230424667,-0.04931970243996291,0.012329925609990728,-137.60196980749654,4.931970243996291,0.04931970243996291,0.04931970243996291,-200.5534947391074,-59.64477969608072,-29.650210303686997,-0.03698977682997218,14.795910731988876,0.04931970243996291,14.795910731988876,-24.65985121998146,-0.024659851219981457,51.838175843332714,-85.0,-0.03698977682997218,-0.04931970243996291,-15.289107756388505,0.04931970243996291,4.931970243996291,-0.9863940487992583,429.11515702095664,429.11515702095664,-4.931970243996291,307.50270230424667,-429.11515702095664,9.863940487992583,0.07397955365994437,-1000.0,4.931970243996291,-333.3333333333333,32.134498155329034,-9.863940487992583,0.024659851219981457,0.4931970243996292,77.50068964742864,96.0,-0.04931970243996291,-211.75399916322306,200.5534947391074,15.289107756388505,0.04931970243996288,67.55072799720665,-27.049144772626477,32.134498155329034,-0.04931970243996291,-0.012329925609990728,-32.134498155329034,-0.04931970243996291,-539.8725841459718,0.04931970243973554,-0.012329925609990728,-0.012329925609990728,-0.012329925609990728,19.727880975985165,24.65985121998146,0.4931970243996292,310.34316327194523,-0.012329925609990728,150.74272884725804,2.4659851219981457,21.5,0.04931970243996291,0.024659851219981457,0.024659851219981457,20.99921932166081,15.289107756388505,0.04931970243996291,-15.289107756388505,0.4931970243996292,0.04931970243996291,-857.9500207254227,0.04931970243996291,0.19727880975960943,0.24659851219957235,0.024659851219981457,0.012329925609990728,14.795910731988876,-0.04931970243996291,29.650210303686997,0.49319702439962915,-620.6863265438905,1.2329925609990733,-4.931970243996291,9.863940487992583,2.4659851219981457,-0.04931970243996291,12.775951342797791,0.07397955365994437,-0.04931970243996291,-41.99843864332162,15.289107756388505,259.241625786207,0.024659851219981457,-43.0,-0.04931970243996291,-0.04931970243973554,-0.04931970243996291,0.024659851219981457,137.60196980749654,-9.863940487992583,0.04931970243996291,155.0013792948573,-0.012329925609990728,59.64477969608072,-155.0013792948573,7.397955365994436,85.0,791.2107020349426,137.60196980749654,-0.03698977682997218,211.75399916322306,-96.0,0.04931970243996291,-0.012329925609990727,2.465985121998148,49.31970243996291,-0.024659851219981457,-0.04931970243996288,0.012329925609990728,0.0,0.0,610.8773838253753,547.6068574534775,-46.0,0.0,333.54515465860584,-31.0,0.0,-32.0,-93.0,-65.0,-389.0979563234047,16.0,23.0,46.5,0.0,15.5,-200.65706611423147,-68.31587829377163,389.0979563234047,65.0,-68.31587829377163,-333.54515465860584,177.831164593618,0.0,1496.5981,hclb
276,0.0,0.0,0.0,0.0,0.0,0.0,0.0,0.0,-0.05865120912937084,0.0,0.0,0.0,0.0,0.0,0.0,0.0,-535.7087667037813,388.26437982090965,0.0,0.0,0.0,0.0,0.0,317.6570330718813,0.0,0.0,0.0,0.0,0.0,620.8817093932104,0.0,0.0,15.832459216044477,0.0,0.0,0.0,0.0,999.7653951634823,0.0,-1000.0,1000.0,0.0,0.0,0.0,0.0,0.0,0.0,0.0,-85.17294268942908,-823.3790674173611,0.0,0.0,0.0,0.06451633004236594,0.0,0.0,0.0,11.730241825874169,0.0,0.0,-0.5193119140257281,0.0,0.0,-14.457025623927628,0.0,0.0,0.0,0.0,915.9762778012634,-380.35635550034874,0.0,0.5865120912937085,0.0,0.0,0.0,0.0,0.0,0.0,0.0,0.0,0.0,0.0,0.0,0.0,35.19072547762251,0.0,0.0,0.0,0.0,670.1419747627757,-0.01466280228234271,0.0,0.0,0.0,17.595362738811254,0.0,17.595362738811254,0.0,589.9608348991329,0.0,0.0,965.4010566344529,620.8817093932104,0.0,0.0,-13.87134906219637,415.3611387582644,0.0,0.0,0.0,0.0,0.0,0.0,0.0,0.0,0.0,0.0,0.0,0.0,0.0,0.0,0.0,0.0,0.0,-852.4083170104859,0.0,0.0,17.595362738811254,0.0,18.181874830104963,18.181874830104963,0.0,-21.82367249391912,21.82367249391912,0.0,0.0,0.0,0.0,0.0,-13.9377137099019,0.0,0.0,0.0,0.0,0.0,4.516143102961553,0.05865120912937084,0.0,0.0,0.0,-1000.0,-16.773768024344406,0.0,0.0,0.0,0.0,106.25734916484704,0.0,0.0,0.0,0.0,0.0,-272.78604925072995,-272.78604925072995,0.0,0.0,0.0,0.0,-127.9170038730361,0.0,0.0,-272.72739804160057,0.0,0.0,0.0,0.0,0.0,0.0,0.0,0.0,0.0,0.0,0.0,0.0,0.0,0.0,-424.7222465931734,0.0,0.0,0.0,0.0,-1000.0,0.0,0.0,0.0,0.0,0.0,823.3790674173611,0.0,134.3452312453004,-134.3452312453004,0.0,0.0,0.0,0.0,0.0,0.0,0.0,0.0,-352.6490137009655,0.0,0.0,0.0,0.0,0.0,0.0,0.0,0.0,0.0,0.0,0.0,0.0,0.0,211.21582039272178,581.8731129178283,0.0,0.0,0.0,0.0,13.9377137099019,79.07622787793355,0.0,0.0,0.0,0.0,-0.5193119140257281,0.0,0.0,0.0,541.6264565198605,0.0,0.0,0.0,0.0,0.0,1.8885689339649616,0.0,0.0,0.0,134.3452312453004,0.0,49.17228855587132,0.0,0.0,0.0,0.0,13.9377137099019,-928.4455248621675,0.0,0.0,0.0,401.13256477862495,0.0,0.0,-740.6452775835476,0.0,0.0,-740.6452775835476,0.0,0.0,134.3452312453004,0.0,607.7825537556391,823.3790674173611,0.0,120.92439525322106,0.0,0.0,0.0,347.20670518497906,0.0,-347.20670518497906,0.0,372.1737928730981,0.0,13.9377137099019,0.0,0.0,0.0,0.0,-0.5193119140257281,-0.08797681369405626,0.0,0.0,0.0,0.0,0.05865120912937084,0.0,0.0,0.0,901.4398404492903,-535.7087667037813,0.0,-378.9810937516565,770.0346016415245,0.0,935.3878908547834,0.0,1000.0,0.0,-13.87134906219637,0.0,0.0,0.0,604.5109141309746,-915.9762778012634,-688.534636329711,-620.8817093932104,-1000.0,0.0,0.0,0.0,0.0,0.0,0.0,0.0,0.0,0.0,0.0,0.0,0.0,0.0,0.0,0.0,0.0,541.6264565198605,0.0,0.0,-1000.0,0.0,0.0,0.0,0.0,0.0,0.0,-6.404712036926526,0.0,589.9608348991329,0.0,0.0,962.4684961779843,0.0,0.0,0.0,0.0,0.0,-376.66108151461236,0.0,0.0,0.0,0.0,-484.1668085454607,0.0,-1.466280228234271,-2.932560456468542,-120.9951340068499,0.0,0.0,100.67609058083809,469.62120894701985,17.595362738811254,0.0,0.0,0.0,0.0,0.0,0.0,0.0,-211.21582039272178,211.21582039272178,211.21582039272178,95.1411072363222,0.0,0.0,-645.0184933329574,0.0,0.0,0.0,0.0,0.0,-14.976337537953356,0.0,0.0,82.20747188402773,0.0,0.0,0.0,0.0,-37.13487908706291,0.11730241825875964,0.0,0.0,0.0,0.0,0.0,0.0,0.0,0.0,0.0,535.6199223009147,0.0,0.0,0.0,0.0,0.0,0.0,0.0,0.0,0.0,0.06451633004236594,0.06451633004236594,0.0,295.4855785668476,0.0,35.19072547762251,0.0,47.15026442044315,0.0,1000.0,0.0,0.0,0.0,0.0,0.0,331.1063996908635,-1000.0,0.0,0.0,0.0,0.0,0.0,82.20747188402773,0.0,0.0,0.0,0.0,0.0,0.0,0.0,284.13610567016195,-901.4398404492903,601.41262926608,0.0,281.82506056039847,0.0,0.0,0.0,-79.07622787793355,0.0,331.1063996908635,0.0,293.97152060380057,0.0,0.0,0.0,211.21582039272178,0.0,0.0,0.0,0.0,0.0,0.0,0.0,0.0,0.0,0.0,0.0,0.0,0.0,35.19072547762251,13.9377137099019,13.9377137099019,0.0,0.0,0.0,0.0,0.0,0.0,0.0,0.0,0.0,0.0,0.5865120912937085,0.0,0.0,0.0,0.0,0.0,0.0,0.0,0.0,17.595362738811254,0.0,0.0,0.0,277.3089174574369,0.0,0.0,0.0,0.0,0.0,0.0,4.754714777923041,0.0,0.0,17.595362738811254,17.595362738811254,1000.0,-1000.0,0.0,82.20747188402773,0.0,0.0,0.0,0.0,0.0,-1000.0,0.0,-577.0203572471468,0.05865120912937084,0.0,0.0,0.0,4.729801079075691,0.0,0.0,0.0,0.0,0.0,0.0,0.0,0.0,0.0,0.0,0.0,0.0,0.0,0.0,0.0,0.0,0.0,0.05865120912937084,0.0,0.0,0.0,0.0,0.0,0.0,0.0,0.0,0.0,0.0,583.5561228622064,0.0,0.0,-1000.0,-4.398840684702813,0.0,-2.932560456468542,0.0,-46.87500000000001,-46.87500000000001,46.87500000000001,0.0,0.0,0.0,0.0,0.0,0.0,0.0,13.9377137099019,0.0,0.0,0.0,472.5537694034884,0.0,0.0,0.0,-0.05865120912937084,0.0,0.0,0.05865120912937084,0.0,0.05865120912937084,0.0,0.0,0.0,35.19072547762251,71.55447513783244,71.55447513783244,0.0,0.0,0.0,0.0,0.0,0.0,0.0,601.41262926608,0.0,0.0,0.0,0.0,609.5607832370134,0.0,0.0,0.0,0.0,0.0,0.0,0.0,0.0,0.0,0.0,0.0,0.0,0.0,0.0,79.07622787793355,0.0,-870.1912880972984,870.1912880972984,0.08797681369405626,0.0,0.0,0.0,-17.595362738811254,0.0,0.0,0.0,0.0,0.0,-295.4855785668476,2.932560456468542,0.0,0.0,0.0,0.0,127.9170038730361,290.59761896547707,-2.932560456468542,0.0,0.0,0.0,0.0,0.0,0.0,0.0,13.9377137099019,0.0,0.0,0.0,84.26975817412583,0.0,654.6823874402058,-13.87134906219637,0.0,284.19290692855054,589.9608348991329,-874.1537418276835,0.0,-1000.0,47.15026442044315,2.932560456468542,1000.0,0.0,0.0,0.0,-14.976337537953356,593.7500000000168,-593.7500000000168,0.0,0.0,0.0,0.0,0.0,0.0,0.0,724.6066658447238,-308.682100620956,71.55447513783244,0.0,590.8670401184247,590.8670401184247,-590.8670401184247,0.0,0.0,0.0,0.0,0.0,1.8885689339649616,0.0,0.0,0.0,-540.3497233799905,0.0,0.0,17.595362738811254,0.0,0.0,0.0,0.0,-132.15247964761554,0.0,0.0,0.06451633004236594,0.0,0.0,0.0,35.77723756891622,0.0,0.0,0.0,0.0,581.8731129178283,0.0,415.3611387582644,0.0,0.0,0.0,0.0,0.0,0.0,0.0,0.0,0.005865120912937252,0.005865120912937252,0.0,0.0,0.0,0.0,0.0,0.0,0.0,0.0,0.0,0.0,0.0,0.0,0.0,0.0,0.0,295.4855785668476,0.0,0.0,0.0,0.0,0.0,0.0,0.0,823.3790674173611,0.0,0.0,0.0,0.0,0.0,-548.8079223413522,388.26437982090965,0.0,0.0,0.0,35.19072547762251,0.0,0.0,0.0,0.0,0.0,964.8092745223775,-1000.0,0.0,0.0,0.0,0.0,0.0,0.0,0.0,0.0,0.0,0.0,0.0,0.0,577.0203572471468,-1000.0,649.7368614906325,721.8242737043347,-739.4196364431459,0.0,999.7653951634823,0.0,0.0,0.0,0.0,0.0,0.0,0.0,0.0,0.0,0.0,0.0,0.0,0.0,0.0,0.0,0.0,47.15026442044315,-7.331401141171355,13.9377137099019,-966.8673368626871,913.8440431732666,0.0,0.0,0.0,0.0,0.0,-373.44289610319146,372.7097559890743,14.976337537953356,0.0,0.0,0.0,0.0,0.0,0.0,0.0,1000.0,17.595362738811254,17.595362738811254,0.0,0.0,0.0,0.0,0.0,0.06451633004236594,295.4855785668476,0.0,0.0,-999.7653951634823,0.0,0.0,0.0,0.0,0.0,0.0,0.0,0.0,0.0,0.0,0.0,0.0,0.0,0.0,435.0956440486492,0.0,0.0,18.181874830104963,0.0,61.58376958583939,4.516143102961553,0.0,0.0,0.0,0.0,0.0,295.4855785668476,0.0,-290.59761896547707,0.0,0.0,0.0,-7.331401141171355,0.0,0.0,0.0,0.0,0.0,0.0,0.0,0.0,0.0,0.0,0.0,0.0,0.0,0.0,0.0,0.0,0.0,0.0,-0.05865120912937084,0.0,0.0,2.932560456468542,-331.1063996908635,0.0,0.0,0.0,0.0,13.9377137099019,0.0,0.0,0.0,-604.5109141309746,1.466280228234271,0.0,0.0,0.0,0.05865120912937084,0.0,58.65120912937084,0.0,11.730241825874169,0.4189372080669346,200.0006231311546,-0.04398840684702813,484.1668085454607,1.1730241825874168,-0.2932560456471175,-200.0006231311546,17.595362738811254,-0.05865120912937084,4.623783020732123,82.20747188402773,0.01466280228234271,0.4189372080669346,-13.87134906219637,-9.337272493395067,-1.1730241825874168,147.44438688287164,-0.05865120912937084,0.01466280228234271,-200.0006231311546,5.865120912937084,0.05865120912937084,0.05865120912937084,-295.3624110276759,0.0645163300423081,-25.224640178714647,-0.04398840684702813,17.595362738811254,0.05865120912937084,17.595362738811254,-29.32560456468542,-0.02932560456468542,-53.29001086173965,-85.0,-0.04398840684702813,-0.05865120912937084,0.0,0.05865120912937084,5.865120912937084,-1.1730241825874168,79.07622787793355,79.07622787793355,-5.865120912937084,-147.44438688287164,-79.07622787793355,11.730241825874169,0.08797681369405626,-1000.0,5.865120912937084,-284.13610567016195,82.20747188402773,-11.730241825874169,0.02932560456468542,0.5865120912937085,94.74527343791412,96.0,-0.05865120912937084,-308.682100620956,295.3624110276759,18.181874830104963,0.05865120912937086,9.337272493395067,11.826020928782771,82.20747188402773,-0.05865120912937084,-0.01466280228234271,-82.20747188402773,-0.05865120912937084,-452.49601784532734,0.05865120912942388,-0.01466280228234271,-0.01466280228234271,-0.01466280228234271,23.460483651748337,29.32560456468542,0.5865120912937085,43.453214563721886,-0.01466280228234271,184.8667638550961,2.932560456468542,21.5,0.05865120912937084,0.02932560456468542,0.02932560456468542,40.0,0.0,0.05865120912937084,0.0,0.5865120912937085,0.05865120912937084,-43.453214563721886,0.05865120912937084,0.23460483651774666,0.2932560456471175,0.02932560456468542,0.01466280228234271,17.595362738811254,-0.05865120912937084,25.224640178714647,0.5865120912937084,-86.90642912744377,482.70052831722643,-5.865120912937084,11.730241825874169,2.932560456468542,-0.05865120912937084,13.87134906219637,0.08797681369405626,-0.05865120912937084,-80.0,0.0,368.1364129779693,0.02932560456468542,-43.0,-0.05865120912937084,-0.05865120912942388,-0.05865120912937084,0.02932560456468542,200.0006231311546,-11.730241825874169,0.05865120912937084,189.49054687582824,-0.01466280228234271,-0.0645163300423081,-189.49054687582824,8.797681369405625,85.0,571.5196939651966,200.0006231311546,-0.04398840684702813,308.682100620956,-96.0,0.05865120912937084,-0.014662802282342714,2.932560456468542,58.65120912937084,-0.02932560456468542,-0.05865120912937086,0.01466280228234271,0.0,0.0,195.4834683873592,0.0,-46.0,0.0,392.77783449645847,-31.0,0.0,-32.0,-93.0,-65.0,-804.4872060080761,16.0,23.0,46.5,0.0,15.5,-295.4855785668476,-235.98393333035378,804.4872060080761,65.0,-235.98393333035378,-392.77783449645847,187.5433463273693,0.0,1496.5981,hclb
277,0.0,0.0,0.0,0.0,0.0,0.0,0.0,0.0,-0.06385223462752916,0.0,0.0,0.0,0.0,0.0,0.0,0.0,-775.6221674618757,-99.7383561533388,0.0,1000.0,0.0,0.0,0.0,267.4253298994108,0.0,0.0,0.0,0.0,0.0,864.1825014451556,0.0,0.0,15.789384295197912,0.0,0.0,0.0,0.0,999.7445910614896,0.0,-1000.0,1000.0,0.0,0.0,-88.56033398327986,0.0,0.0,331.1604510896571,0.0,0.0,0.0,0.0,0.0,0.0,0.07023745809034523,0.0,0.0,0.0,12.770446925505832,0.0,0.0,-21.926850218223834,0.0,0.0,-53.97973670565651,0.0,0.0,0.0,0.0,0.0,0.0,0.0,0.6385223462752917,0.0,0.0,0.0,0.0,0.0,0.0,0.0,0.0,0.0,0.0,0.0,0.0,38.3113407765175,0.0,26.98789225117002,174.50865446145485,-821.0935642443881,995.6022187058429,-0.01596305865688229,0.0,0.0,0.0,19.15567038825875,0.0,19.15567038825875,0.0,0.0,0.0,0.0,3.192611731376458,736.2520501503975,0.0,0.0,-13.799481319533632,0.0,0.0,0.0,0.0,0.0,0.0,0.0,0.0,0.0,0.0,0.0,0.0,0.0,0.0,0.0,0.0,0.0,0.0,-1000.0,0.0,0.0,19.15567038825875,0.0,19.794192734534043,0.0,0.0,-1000.0,1000.0,0.0,0.0,-32.05288648743267,232.19194931800754,-232.19194931800754,0.0,0.0,0.0,0.0,0.0,0.0,31.904514317489763,0.06385223462752916,0.0,0.0,0.0,-616.3351925605015,-51.88759991366382,0.0,0.0,0.0,0.0,181.50060185329636,0.0,0.0,0.0,0.0,0.0,-250.1329221015195,-250.1329221015195,0.0,0.0,0.0,0.0,0.0,0.0,0.0,-250.069069866892,0.0,0.0,0.0,0.0,-153.6718758382433,0.0,0.0,0.0,0.0,0.0,0.0,0.0,0.0,0.0,-77.68556213066826,0.0,0.0,0.0,0.0,-655.2771281369653,0.0,0.0,0.0,0.0,0.0,0.0,0.0,-174.50865446145485,174.50865446145485,32.05288648743267,0.0,0.0,0.0,0.0,0.0,0.0,127.93045129475809,487.30025584243236,0.0,0.0,0.0,0.0,0.0,0.0,0.0,0.0,0.0,0.0,0.0,0.0,0.0,136.4434682737474,650.763686325177,-88.56033398327986,0.0,0.0,0.0,0.0,78.55092430261955,0.0,0.0,0.0,0.0,-21.926850218223834,0.0,0.0,0.0,0.0,0.0,0.0,0.0,0.0,0.0,2.0560419550069784,0.0,0.0,0.0,219.88427289202588,-426.70063689090733,0.0,0.0,88.56033398327986,0.0,0.0,32.05288648743267,726.0617421685812,0.0,0.0,0.0,-94.57870831531952,0.0,0.0,-151.9293645363623,848.0706354636377,123.18893747632717,-1000.0,0.0,-724.8816979873105,-995.6022187058429,0.0,551.2443349237515,0.0,0.0,67.54392382075415,0.0,0.0,0.0,-498.42106044157896,0.0,498.42106044157896,0.0,0.0,0.0,0.0,584.1045853129509,0.0,0.0,0.0,-21.926850218223834,-0.09577835194129374,0.0,0.0,0.0,0.0,0.06385223462752916,0.0,0.0,0.0,523.4616050036474,-775.6221674618757,0.0,-630.4482444876115,833.647080782554,153.6718758382433,951.9261173137646,0.0,91.47471132739835,0.0,-13.799481319533632,0.0,0.0,0.0,-5.497677401430323,0.0,-85.97703392596803,-1000.0,-1000.0,0.0,0.0,0.0,0.0,0.0,0.0,0.0,0.0,0.0,0.0,0.0,0.0,0.0,0.0,0.0,0.0,0.0,615.5889467731494,0.0,-384.41105322685064,0.0,0.0,0.0,0.0,0.0,0.0,909.9654228452373,0.0,0.0,0.0,0.0,0.0,0.0,463.94260298109407,973.2799006548464,998.4036941343118,0.0,0.0,529.2472622501663,0.0,0.0,-463.94260298109407,-976.4725123862229,0.0,-1000.0,-532.4398739815427,-82.44692342009652,0.0,0.0,0.0,22.320725811998784,19.15567038825875,0.0,0.0,0.0,0.0,0.0,0.0,0.0,-136.4434682737474,136.4434682737474,136.4434682737474,94.02903439402779,0.0,0.0,0.0,0.0,0.0,127.93045129475809,0.0,0.0,-21.930802421540292,0.0,0.0,67.22955307449416,0.0,0.0,0.0,0.0,-36.61477653724708,0.12770446925510096,0.0,0.0,0.0,0.0,0.0,0.0,0.0,0.0,0.0,0.0,0.0,0.0,0.0,0.0,0.0,0.0,0.0,0.0,0.0,0.07023745809034523,0.07023745809034523,0.0,219.67302134824158,0.0,38.3113407765175,0.0,0.0,0.0,1000.0,0.0,0.0,26.98789225117002,0.0,0.0,491.2923365326913,-1000.0,0.0,0.0,0.0,0.0,0.0,67.22955307449416,0.0,0.0,0.0,0.0,0.0,0.0,0.0,333.3333333333333,-523.4616050036474,668.2227924741653,0.0,400.72805953048965,0.0,0.0,0.0,-110.60381079005222,0.0,491.2923365326913,0.0,0.0,454.6775599954442,0.0,0.0,136.4434682737474,0.0,0.0,0.0,0.0,0.0,0.0,0.0,0.0,0.0,0.0,0.0,0.0,0.0,38.3113407765175,32.05288648743267,32.05288648743267,0.0,0.0,0.0,0.0,0.0,0.0,0.0,0.0,0.0,0.0,0.6385223462752917,0.0,0.0,26.98789225117002,-26.98789225117002,0.0,0.0,0.0,0.0,19.15567038825875,0.0,0.0,0.0,368.8235452129999,0.0,0.0,0.0,0.0,0.0,0.0,1000.0,1000.0,0.0,19.15567038825875,19.15567038825875,225.170560377786,-1000.0,0.0,67.22955307449416,0.0,0.0,0.0,0.0,0.0,263.7479498496025,127.93045129475809,231.19435980300804,0.06385223462752916,0.0,0.0,0.0,84.3259975734562,0.0,0.0,0.0,0.0,0.0,0.0,0.0,0.0,0.0,0.0,0.0,0.0,0.0,0.0,0.0,0.0,0.0,0.06385223462752916,0.0,0.0,0.0,174.68922927771234,-174.68922927771234,0.0,0.0,0.0,0.0,0.0,909.9654228452373,0.0,0.0,-1000.0,-4.788917597064687,-3.192611731376458,0.0,0.0,0.0,0.0,0.0,0.0,0.0,0.0,0.0,0.0,0.0,0.0,32.05288648743267,153.6718758382433,0.0,0.0,25.513337543375243,0.0,0.0,0.0,-0.06385223462752916,0.0,0.0,0.06385223462752916,0.0,0.06385223462752916,0.0,0.0,0.0,38.3113407765175,77.89972624558558,77.89972624558558,0.0,0.0,0.0,0.0,0.0,0.0,0.0,668.2227924741653,0.0,127.93045129475809,0.0,0.0,0.0,0.0,0.0,0.0,0.0,0.0,0.0,0.0,0.0,0.0,0.0,0.0,0.0,0.0,0.0,110.60381079005222,0.0,-973.4424222980088,973.4424222980088,0.09577835194129374,0.0,0.0,0.0,-19.15567038825875,0.0,0.0,0.0,0.0,0.0,-219.67302134824158,3.192611731376458,0.0,0.0,0.0,0.0,0.0,-3.192611731376458,0.0,0.0,0.0,0.0,0.0,0.0,0.0,0.0,32.05288648743267,0.0,0.0,0.0,83.22955307449416,0.0,720.4523455486595,-13.799481319533632,0.0,906.7728111138608,0.0,-906.7728111138608,0.0,648.1620159229956,0.0,3.192611731376458,356.0204674324753,0.0,0.0,0.0,-75.90658692388033,0.0,0.0,0.0,0.0,0.0,-943.9259791177341,0.0,0.0,0.0,302.14750107597456,-234.03977413943574,77.89972624558558,0.0,0.0,0.0,0.0,0.0,0.0,0.0,0.0,0.0,2.0560419550069784,0.0,0.0,0.0,-84.3259975734562,-988.8332287518073,0.0,19.15567038825875,26.98789225117002,0.0,0.0,0.0,36.424641299122165,0.0,0.0,0.07023745809034523,0.0,0.0,0.0,38.94986312279279,0.0,0.0,0.0,0.0,650.763686325177,0.0,0.0,0.0,0.0,0.0,0.0,0.0,0.0,-988.6786287718746,0.0,0.006385223462752916,0.006385223462752916,0.0,0.0,0.0,0.0,0.0,0.0,0.0,0.0,0.0,0.0,0.0,0.0,0.0,0.0,0.0,219.67302134824158,0.0,0.0,0.0,0.0,0.0,0.0,0.0,0.0,0.0,0.0,0.0,53.97578450234004,0.0,0.0,-99.7383561533388,0.0,0.0,0.0,38.3113407765175,0.0,0.0,0.0,0.0,0.0,0.0,-38.3113407765175,0.0,53.97578450234004,0.0,0.0,0.0,0.0,0.0,0.0,0.0,0.0,0.0,0.0,-231.19435980300804,0.0,43.73878071985748,0.0,-19.15567038825875,0.0,999.7445910614896,0.0,0.0,0.0,0.0,0.0,0.0,0.0,0.0,0.0,664.0625,0.0,-664.0624999999999,-664.0624999999999,0.0,0.0,0.0,0.0,-7.981529328441145,32.05288648743267,-4.788917597064687,229.25085654237097,0.0,0.0,0.0,0.0,0.0,0.0,-0.7981529328441146,21.930802421540292,0.0,0.0,0.0,0.0,0.0,0.0,0.0,1000.0,19.15567038825875,19.15567038825875,0.0,0.0,0.0,0.0,0.0,0.07023745809034523,219.67302134824158,0.0,0.0,-999.7445910614896,0.0,0.0,0.0,0.0,0.0,0.0,0.0,0.0,0.0,0.0,0.0,0.0,0.0,0.0,486.7212111490044,0.0,0.0,0.0,0.0,67.04484635890562,31.904514317489763,0.0,0.0,0.0,0.0,0.0,219.67302134824158,0.0,0.0,0.0,0.0,0.0,-7.981529328441145,0.0,0.0,0.0,0.0,0.0,0.0,0.0,0.0,0.0,0.0,0.0,0.0,0.0,0.0,0.0,0.0,0.0,0.0,-0.06385223462752916,0.0,0.0,3.192611731376458,-491.2923365326913,0.0,0.0,0.0,0.0,32.05288648743267,0.0,0.0,0.0,5.497677401430323,1.596305865688229,0.0,0.0,0.0,0.06385223462752916,0.0,63.85223462752916,-19.794192734534043,12.770446925505832,0.45608739019663685,178.1477346108064,-0.04788917597064687,3.1926117313764735,1.2770446925505832,-0.3192611731379426,-178.1477346108064,19.15567038825875,-0.06385223462752916,4.599827106511211,67.22955307449416,0.01596305865688229,0.45608739019663685,-13.799481319533632,-37.15316800387325,-1.2770446925505832,-124.63947638478547,-0.06385223462752916,0.01596305865688229,-178.1477346108064,6.385223462752916,0.06385223462752916,0.06385223462752916,-219.53893165552373,-26.917654793079738,-24.805198193377727,-0.04788917597064687,19.15567038825875,0.06385223462752916,19.15567038825875,-31.92611731376458,-0.03192611731376458,-129.09644102085136,-85.0,-0.04788917597064687,-0.06385223462752916,-19.794192734534043,0.06385223462752916,6.385223462752916,-1.2770446925505832,110.60381079005222,110.60381079005222,-6.385223462752916,124.63947638478547,-110.60381079005222,12.770446925505832,0.09577835194129374,392.9591740498189,6.385223462752916,-333.3333333333333,67.22955307449416,-12.770446925505832,0.03192611731376458,0.6385223462752917,157.61206112190288,96.0,-0.06385223462752916,-234.03977413943574,219.53893165552373,19.794192734534043,0.06385223462752916,37.15316800387325,-9.393128478540824,67.22955307449416,-0.06385223462752916,-0.01596305865688229,-67.22955307449416,-0.06385223462752916,-36.61477653724708,0.06385223462752916,-0.01596305865688229,-0.01596305865688229,-0.01596305865688229,25.540893851011663,31.92611731376458,0.6385223462752917,47.30652432967169,-0.01596305865688229,310.62429513729455,3.192611731376458,21.5,0.06385223462752916,0.03192611731376458,0.03192611731376458,40.0,19.794192734534043,0.06385223462752916,-19.794192734534043,0.6385223462752917,0.06385223462752916,-47.30652432967169,0.06385223462752916,0.25540893851041346,0.3192611731379426,0.03192611731376458,0.01596305865688229,19.15567038825875,-0.06385223462752916,24.805198193377727,0.6385223462752916,-94.61304865934338,1.5963058656882136,-6.385223462752916,12.770446925505832,3.192611731376458,-0.06385223462752916,13.799481319533632,0.09577835194129374,-0.06385223462752916,-80.0,19.794192734534043,168.55134002969618,0.03192611731376458,-43.0,-0.06385223462752916,-0.06385223462752916,-0.06385223462752916,0.03192611731376458,178.1477346108064,-12.770446925505832,0.06385223462752916,315.22412224380577,-0.01596305865688229,26.917654793079738,-315.22412224380577,9.577835194129372,85.0,-373.83039157846895,178.1477346108064,-0.04788917597064687,234.03977413943574,-96.0,0.06385223462752916,-0.015963058656882294,3.192611731376458,63.85223462752916,-0.03192611731376458,-0.06385223462752916,0.01596305865688229,0.0,0.0,-392.9911001671327,0.0,-46.0,0.0,-23.083493994230253,-31.0,0.0,-32.0,-93.0,-65.0,0.0,16.0,23.0,46.5,0.0,15.5,-219.67302134824158,-204.97598132881834,0.0,65.0,-204.97598132881834,23.083493994230253,-10.037794489221172,0.0,1496.5981,hclb
278,0.0,0.0,0.0,0.0,0.0,0.0,0.0,0.0,-0.0724658626189359,0.0,0.0,0.0,0.0,0.0,0.0,0.0,-107.69323314145862,0.0,0.0,0.0,0.0,0.0,0.0,290.4958178574027,0.0,0.0,0.0,0.0,0.0,-643.4782561480954,0.0,0.0,12.371283904508704,0.0,0.0,0.0,0.0,396.4949044868458,0.0,-1000.0,1000.0,0.0,0.0,0.0,0.0,0.0,0.0,0.0,751.1714892895541,0.0,0.0,0.0,0.0,0.07971244888085494,0.0,0.0,0.0,0.0,0.0,0.0,-87.25843551876518,0.0,0.0,-87.25843551876518,0.0,0.0,0.0,0.0,212.05505015435108,-212.05505015435108,0.0,0.724658626189359,0.0,0.0,0.0,0.0,0.0,0.0,0.0,0.0,0.0,0.0,-6.046685625756481,0.0,43.479517571361534,0.0,80.87660855079152,-416.62306266002383,120.04221665456225,1000.0,411.66504064727843,0.0,0.0,77.68094787548748,21.739758785680767,0.0,21.739758785680767,0.0,470.480434719135,0.0,0.0,3.6232931309467946,-1000.0,0.0,0.0,-17.027220531612784,0.0,0.0,0.0,0.0,0.0,0.0,0.0,0.0,0.0,0.0,0.0,0.0,0.0,0.0,0.0,0.0,0.0,0.0,-530.6370565415664,0.0,0.0,21.739758785680767,0.0,22.464417411870127,7.997222467947736,0.0,-982.3647403641455,982.3647403641455,0.0,0.0,-178.83707240394855,0.0,0.0,178.83707240394855,0.0,0.0,0.0,0.0,0.0,92.50316559820614,0.0724658626189359,411.68315711293315,0.0,0.0,0.0,0.0,0.0,0.0,61.29434215896083,0.0,458.6705813020068,0.0,0.0,0.0,0.0,0.0,743.4716953126527,743.4716953126527,0.0,0.0,0.0,0.0,0.0,0.0,0.0,743.5441611752717,0.0,0.0,0.0,0.0,-326.16227510574055,0.0,0.0,0.0,0.0,0.0,0.0,0.0,0.0,0.0,0.0,0.0,0.0,0.0,0.0,-1000.0,0.0,0.0,0.0,0.0,0.0,0.0,0.0,-201.2365963771066,201.2365963771066,0.0,0.0,0.0,0.0,0.0,0.0,0.0,356.5217438519046,-958.5514053511541,0.0,0.0,0.0,0.0,0.0,0.0,0.0,0.0,0.0,0.0,0.0,0.0,0.0,290.56412160847964,-14.013654952425643,0.0,0.0,0.0,0.0,0.0,77.68094787548748,0.0,0.0,0.0,0.0,-87.25843551876518,0.0,0.0,0.0,0.0,0.0,0.0,0.0,0.0,0.0,907.4968344017938,14.493172523787178,0.0,0.0,678.7211869683312,1000.0,133.31183025242365,0.0,0.0,0.0,0.0,0.0,88.40835239510179,0.0,0.0,0.0,-226.0025273889595,0.0,0.0,-1000.0,-155.24433713313795,0.0,-1000.0,155.24433713313795,0.0,-81.19437972254434,0.0,-535.7850230066367,0.0,0.0,140.49325376723914,0.0,0.0,0.0,-1000.0,0.0,1000.0,0.0,500.76940379765927,0.0,0.0,-861.1627137414828,0.0,0.0,0.0,-87.25843551876518,-0.10869879392840383,0.0,0.0,0.0,0.0,0.0724658626189359,0.0,0.0,0.0,-6.917541062962073,-107.69323314145862,0.0,-977.0460233526634,163.47523709763232,326.16227510574055,956.232931309468,0.0,0.0,0.0,-17.027220531612784,0.0,0.0,0.0,429.0479447699602,-429.0479447699602,0.0,-1000.0,-1000.0,0.0,0.0,0.0,0.0,0.0,0.0,0.0,0.0,0.0,0.0,0.0,0.0,0.0,0.0,0.0,0.0,0.0,-603.2152320626791,0.0,-1000.0,0.0,0.0,905.1634336254651,0.0,0.0,0.0,-1000.0,0.0,476.5271203448915,0.0,0.0,0.0,725.7146191479665,0.0,-331.2262080185567,0.0,-508.7217245323573,0.0,0.0,0.0,-532.8625395578479,0.0,327.60291488760987,0.0,-1.8116465654733973,-3.6232931309467946,0.0,0.0,-248.733506200283,26.378824012849805,558.1524393498793,21.739758785680767,0.0,0.0,0.0,0.0,0.0,0.0,0.0,-290.56412160847964,290.56412160847964,290.56412160847964,95.5340480078256,0.0,0.0,0.0,0.0,0.0,356.5217438519046,0.0,0.0,-12.763653935947332,0.0,0.0,65.50682747621282,0.0,0.0,0.0,0.0,-35.75341373810641,0.14493172523793874,0.0,0.0,0.0,0.0,0.0,0.0,0.0,0.0,0.0,0.0,0.0,0.0,0.0,0.0,0.0,0.0,0.0,0.0,0.0,0.07971244888085494,0.07971244888085494,0.0,372.0709490846925,0.0,43.479517571361534,0.0,0.0,0.0,1000.0,0.0,185.53047550305735,80.87660855079152,0.0,0.0,662.5401519405777,-1000.0,0.0,0.0,114.41591214128418,0.0,0.0,65.50682747621282,0.0,0.0,0.0,0.0,0.0,0.0,0.0,176.8790188471888,6.917541062962073,0.0,0.0,86.45647997244966,0.0,0.0,77.68094787548748,0.0,0.0,662.5401519405777,0.0,626.7867382024714,0.0,-93.75000000000009,93.75000000000009,290.56412160847964,0.0,0.0,0.0,0.0,0.0,0.0,0.0,0.0,0.0,0.0,0.0,0.0,0.0,43.479517571361534,0.0,0.0,0.0,0.0,0.0,0.0,0.0,0.0,0.0,0.0,0.0,0.0,0.724658626189359,0.0,0.0,80.87660855079152,-80.87660855079152,0.0,0.0,0.0,0.0,21.739758785680767,-114.41591214128418,0.0,0.0,0.0,0.0,0.0,0.0,0.0,0.0,0.0,400.78886076342314,0.0,0.0,21.739758785680767,21.739758785680767,1000.0,-1000.0,0.0,65.50682747621282,0.0,0.0,0.0,0.0,0.0,1000.0,356.5217438519046,870.3866068197916,0.0724658626189359,0.0,0.0,0.0,63.71263398260234,0.0,0.0,-77.68094787548748,0.0,0.0,0.0,0.0,0.0,0.0,0.0,0.0,0.0,0.0,0.0,0.0,0.0,0.0,0.0724658626189359,0.0,0.0,0.0,-824.333212086133,824.333212086133,0.0,0.0,0.0,0.0,-523.4728796551085,905.1634336254651,-61.29434215896083,0.0,-396.7847679373209,-5.434939696420192,-3.6232931309467915,0.0,0.0,0.0,0.0,0.0,0.0,0.0,0.0,0.0,0.0,0.0,0.0,0.0,326.16227510574055,0.0,0.0,313.04222628054305,0.0,0.0,0.0,-0.0724658626189359,0.0,0.0,0.0724658626189359,0.0,0.0724658626189359,0.0,0.0,0.0,43.479517571361534,88.40835239510179,88.40835239510179,0.0,0.0,0.0,0.0,0.0,0.0,6.046685625756481,0.0,0.0,356.5217438519046,0.0,0.0,0.0,435.28725554145063,0.0,0.0,0.0,0.0,0.0,0.0,0.0,0.0,0.0,0.0,0.0,0.0,0.0,77.68094787548748,0.0,0.0,0.0,0.10869879392840383,0.0,0.0,0.0,-21.739758785680767,0.0,0.0,0.0,0.0,0.0,-372.0709490846925,3.6232931309467946,0.0,0.0,0.0,0.0,0.0,0.0,0.0,0.0,0.0,0.0,0.0,0.0,0.0,0.0,0.0,0.0,114.41591214128418,-593.749999999997,81.50682747621282,0.0,50.50682747621282,-17.027220531612784,0.0,-476.5271203448915,476.5271203448915,0.0,61.29434215896083,0.0,0.0,3.6232931309467915,621.4831248585564,0.0,0.0,0.0,-174.51687103753036,0.0,0.0,0.0,0.0,0.0,0.0,0.0,0.0,0.0,377.5058887811127,-388.3757681739531,88.40835239510179,0.0,247.78295230772648,247.7829523077265,-247.78295230772648,0.0,0.0,0.0,0.0,0.0,907.4968344017938,0.0,0.0,0.0,-63.71263398260234,-209.56681736729084,0.0,21.739758785680767,80.87660855079152,0.0,0.0,0.0,274.96699852192535,0.0,0.0,0.07971244888085494,0.0,0.0,0.0,44.20417619755089,0.0,0.0,0.0,0.0,-14.013654952425643,0.0,0.0,0.0,0.0,0.0,0.0,0.0,0.0,0.0,0.0,0.007246586261893562,0.007246586261893562,0.0,0.0,0.0,0.0,0.0,0.0,0.0,0.0,0.0,0.0,0.0,0.0,0.0,0.0,0.0,372.0709490846925,0.0,0.0,0.0,0.0,0.0,0.0,0.0,0.0,0.0,0.0,0.0,161.75321710158303,0.0,0.0,0.0,0.0,0.0,0.0,43.479517571361534,0.0,0.0,0.0,0.0,0.0,-43.479517571361534,0.0,0.0,161.75321710158303,0.0,0.0,0.0,0.0,0.0,0.0,0.0,0.0,0.0,0.0,-870.3866068197916,-1000.0,484.9263714354218,0.0,-21.739758785680767,0.0,396.4949044868458,0.0,0.0,0.0,0.0,0.0,0.0,0.0,0.0,0.0,0.0,0.0,0.0,0.0,0.0,0.0,0.0,0.0,-9.058232827366965,0.0,-5.434939696420192,818.2280840189835,0.0,0.0,0.0,0.0,0.0,0.0,-0.9058232827366989,74.05799609490816,0.0,0.0,0.0,0.0,0.0,0.0,0.0,1000.0,21.739758785680767,21.739758785680767,0.0,0.0,0.0,0.0,0.0,0.07971244888085494,372.0709490846925,0.0,0.0,-396.4949044868458,0.0,0.0,0.0,0.0,0.0,0.0,0.0,0.0,0.0,0.0,0.0,0.0,0.0,0.0,0.0,0.0,0.0,7.997222467947736,0.0,76.08915574988268,92.50316559820614,0.0,0.0,0.0,0.0,0.0,372.0709490846925,0.0,901.5401404945184,0.0,0.0,0.0,-9.058232827366965,0.0,0.0,0.0,0.0,0.0,0.0,0.0,0.0,0.0,0.0,0.0,0.0,0.0,0.0,0.0,0.0,0.0,0.0,-0.0724658626189359,0.0,0.0,3.6232931309467946,-662.5401519405777,0.0,0.0,0.0,0.0,0.0,0.0,0.0,0.0,-429.0479447699602,1.8116465654733973,0.0,0.0,0.0,0.0724658626189359,0.0,72.46586261893589,-14.467194943922395,14.493172523787178,0.5176133044209706,218.17420164272662,-0.05434939696420191,3.623293130946763,1.449317252378718,-0.36232931309401756,-218.17420164272662,21.739758785680767,-0.0724658626189359,5.675740177204261,65.50682747621282,0.018116465654733974,0.5176133044209706,-17.027220531612784,-92.41317387972515,-1.449317252378718,107.69323314145862,-0.0724658626189359,0.018116465654733974,-218.17420164272662,7.246586261893589,0.0724658626189359,0.0724658626189359,-371.9187707731927,-80.79689610191068,-14.070256579389536,-0.05434939696420191,21.739758785680767,0.0724658626189359,21.739758785680767,-36.23293130946794,-0.03623293130946795,-410.5458836593917,-85.0,-0.05434939696420192,-0.0724658626189359,-14.467194943922395,0.0724658626189359,7.246586261893589,-1.449317252378718,77.68094787548748,77.68094787548748,-7.246586261893589,-107.69323314145862,-77.68094787548748,14.493172523787178,0.10869879392840384,-1000.0,7.246586261893589,-176.8790188471888,65.50682747621282,-14.493172523787178,0.03623293130946795,0.724658626189359,244.26150583816585,96.0,-0.0724658626189359,-388.3757681739531,371.9187707731927,22.464417411870127,0.0724658626189359,92.41317387972515,-21.45220766651027,65.50682747621282,-0.0724658626189359,-0.018116465654733974,-65.50682747621282,-0.0724658626189359,-35.75341373810641,0.0724658626189359,-0.018116465654733974,-0.018116465654733974,-0.018116465654733974,28.986345047574357,36.23293130946794,0.724658626189359,160.42658651594354,-0.018116465654733974,482.84727149912743,3.6232931309467946,21.5,0.0724658626189359,0.03623293130946793,0.03623293130946795,40.0,14.467194943922395,0.0724658626189359,-14.467194943922395,0.724658626189359,0.0724658626189359,-373.90346761222537,0.0724658626189359,0.28986345047508166,0.36232931309401756,0.03623293130946795,0.018116465654733974,21.739758785680767,-0.0724658626189359,14.070256579389536,0.724658626189359,-320.8531730318871,1.8116465654734286,-7.246586261893589,14.493172523787178,3.6232931309467946,-0.0724658626189359,17.027220531612784,0.10869879392840381,-0.0724658626189359,-80.0,14.467194943922395,-178.950755369558,0.03623293130946795,-43.0,-0.0724658626189359,-0.0724658626189359,-0.0724658626189359,0.03623293130946795,218.17420164272662,-14.493172523787178,0.0724658626189359,488.5230116763317,-0.018116465654733974,80.79689610191068,-488.5230116763317,10.869879392840382,85.0,767.5419973248208,218.17420164272662,-0.05434939696420192,388.3757681739531,-96.0,0.0724658626189359,-0.018116465654733974,3.6232931309467915,72.46586261893589,-0.03623293130946793,-0.0724658626189359,0.018116465654733974,0.0,0.0,81.15814679123487,213.47688109628183,-46.0,0.0,-108.0,-31.0,0.0,-32.0,-93.0,-65.0,-918.8056202774557,16.0,23.0,46.5,0.0,15.5,-372.0709490846925,-96.01624315236732,918.8056202774557,65.0,-96.01624315236732,108.0,-46.89718929769166,0.0,1496.5981,hclb
279,0.0,0.0,0.0,0.0,0.0,0.0,0.0,0.0,-0.016638615157810253,0.0,0.0,0.0,0.0,0.0,0.0,0.0,-250.36632684372444,292.60983621372316,0.0,0.0,0.0,0.0,0.0,0.0,0.0,0.0,0.0,0.0,0.0,-744.9300984278384,0.0,0.0,8.098074500856828,0.0,0.0,0.0,0.0,593.1393998573003,0.0,-1000.0,766.746449521826,0.0,0.0,0.0,0.0,0.0,0.0,407.20236349426034,-480.8556965982791,-254.89122074643595,0.0,-981.588350285728,0.0,0.018302476673611068,0.0,0.0,0.0,0.0,0.0,0.0,-1.4653073748975203,0.0,0.0,-1.4653073748975203,0.0,0.0,0.0,0.0,436.19867976890635,-436.19867976890635,0.0,0.16638615157810258,0.0,0.0,0.0,0.0,0.0,0.0,0.0,0.0,0.0,0.0,0.0,0.0,9.983169094686154,0.0,0.0,0.0,-208.12281747372566,193.83756599722437,-0.004159653789452563,0.0,0.0,-450.89753166915796,4.991584547343077,0.0,309.92582744661195,-0.535763408081182,669.600099238361,0.0,0.0,0.8319307578905127,-996.4089252514717,0.0,0.0,-22.534212104155547,0.0,277.4403464181513,0.0,0.0,0.0,0.0,0.0,0.0,0.0,0.0,0.0,0.0,0.0,0.0,0.0,0.0,0.0,0.0,-443.58121437422045,0.0,0.0,309.92582744661195,0.0,5.157970698921179,0.0,0.0,0.0,0.0,0.0,0.0,0.0,0.0,0.0,0.0,0.0,0.0,0.0,0.0,0.0,1.2811733671513896,0.016638615157810253,0.0,0.0,0.0,-1000.0,627.4327848254347,0.0,0.0,74.08248665450469,0.0,67.94230656583595,0.0,0.0,0.0,0.0,0.0,25.040278259328034,25.040278259328034,0.0,0.0,0.0,-921.875,0.0,0.0,0.0,25.056916874485843,0.0,0.0,0.0,-865.8738637872899,0.0,0.0,0.0,0.0,0.0,0.0,0.0,0.0,0.0,0.0,0.0,0.0,0.0,0.0,0.0,-1000.0,0.0,0.0,0.0,0.0,0.0,254.89122074643595,981.588350285728,208.12281747372566,-208.12281747372566,0.0,0.0,0.0,0.0,0.0,0.0,0.0,251.4788268236333,-567.840334751723,0.0,0.0,0.0,0.0,0.0,0.0,0.0,0.0,0.0,0.0,0.0,0.0,0.0,276.5088324342971,641.1569041369582,494.56377158411397,0.0,0.0,0.0,0.0,83.31949986906116,0.0,0.0,0.0,0.0,-1.4653073748975203,494.56377158411397,0.0,0.0,64.66764167234507,0.0,0.0,0.0,0.0,0.0,0.0,410.5300865258224,304.9342428992689,0.0,-56.55371876923664,-472.79935371668796,708.8554711611744,0.0,-494.56377158411397,0.0,0.0,0.0,-979.7008895074715,0.0,0.0,0.0,0.029301863747036805,0.0,0.0,-1000.0,0.0,0.0,-1000.0,0.0,0.0,0.0,0.0,0.0,254.89122074643595,0.0,-36.89776357877054,0.0,0.0,0.0,313.3173826397259,0.0,-313.3173826397259,0.0,915.8792137220479,0.0,0.0,-56.15751531765949,-921.875,0.0,0.0,-1.4653073748975203,-0.02495792273671538,0.0,0.0,0.0,0.0,0.016638615157810253,0.0,0.0,0.0,606.7546726843269,-250.36632684372444,0.0,-494.3906427968888,575.1016195688769,0.0,1000.0,0.0,0.0,0.0,-22.534212104155547,0.0,0.0,0.0,-1.4325847650874828,0.0,1.4325847650874828,-1000.0,-1000.0,0.0,0.0,0.0,0.0,0.0,0.0,0.0,0.0,0.0,0.0,0.0,0.0,0.0,0.0,0.0,0.0,64.66764167234507,1000.0,0.0,406.79404568206905,0.0,0.0,0.0,0.0,0.0,0.0,-1.2811733671513896,0.0,669.600099238361,0.0,0.0,0.0,403.716885388611,0.0,0.0,-0.41596537894525637,-839.9155651575173,-96.21959575014249,0.0,0.0,-23.836480075078995,0.0,-0.8319307578905127,670.9967355941501,0.0,-0.8319307578905127,171.4146218370388,0.0,0.0,-522.2447096397199,240.66372697105663,309.92582744661195,0.0,0.0,0.0,0.0,0.0,0.0,0.0,-276.5088324342971,276.5088324342971,276.5088324342971,112.2064890725935,0.0,0.0,-890.8555740778777,0.0,0.0,251.4788268236333,0.0,0.0,-2.9306147497950406,0.0,0.0,76.67227696843796,0.0,0.0,0.0,0.0,-41.33613848421898,0.033277230315661654,0.0,0.0,0.0,0.0,0.0,0.0,0.0,0.0,0.0,0.0,0.0,0.0,0.0,0.0,0.0,0.0,0.0,0.0,0.0,0.018302476673611068,0.018302476673611068,0.0,369.18110940273505,0.0,9.983169094686154,0.0,0.0,0.0,1000.0,0.0,0.0,0.0,0.0,0.0,383.67148522439174,-1000.0,0.0,0.0,0.0,0.0,0.0,76.67227696843796,0.0,0.0,0.0,0.0,0.0,0.0,0.0,147.8604047914068,-606.7546726843269,372.56721517456526,0.0,1.2811733671513896,0.0,-1000.0,549.102468330842,465.7829684617809,0.0,383.67148522439174,0.0,342.3353467401728,0.0,0.0,0.0,276.5088324342971,0.0,0.0,0.0,0.0,0.0,0.0,0.0,0.0,0.0,0.0,0.0,0.0,0.0,9.983169094686154,0.0,0.0,0.0,0.0,0.0,0.0,0.0,0.0,0.0,0.0,0.0,0.0,0.16638615157810258,0.0,0.0,0.0,0.0,0.0,981.588350285728,0.0,0.0,309.92582744661195,0.0,0.0,0.0,0.0,0.0,0.0,0.0,0.0,0.0,0.0,-844.9140106537037,0.0,0.0,4.991584547343077,4.991584547343077,1000.0,-1000.0,0.0,76.67227696843796,0.0,0.0,0.0,0.0,0.0,996.4089252514717,251.4788268236333,1000.0,0.016638615157810253,0.0,0.0,0.0,21.973668260910987,0.0,0.0,450.89753166915796,0.0,0.0,0.0,0.0,0.0,0.0,0.0,0.0,0.0,0.0,0.0,0.0,0.0,0.0,0.016638615157810253,0.0,0.0,0.0,-1000.0,1000.0,0.0,0.0,0.0,0.0,-1.2811733671513896,1000.0,-74.08248665450469,-330.39990076163895,-593.205954317931,-1.2478961368357693,0.0,-0.8319307578905127,0.0,0.0,0.0,0.0,0.0,0.0,0.0,0.0,0.0,0.0,0.0,0.0,0.0,0.0,0.0,241.49565772894715,0.0,0.0,0.0,-0.016638615157810253,0.0,0.0,0.016638615157810253,0.0,0.016638615157810253,0.0,0.0,0.0,9.983169094686154,20.299110492528513,20.299110492528513,0.0,0.0,0.0,0.0,0.0,0.0,0.0,372.56721517456526,0.0,251.4788268236333,0.0,0.0,0.0,0.0,0.0,0.0,0.0,0.0,0.0,0.0,0.0,0.0,0.0,0.0,0.0,0.0,0.0,83.31949986906116,0.0,0.0,0.0,0.02495792273671538,0.0,0.0,0.0,-309.92582744661195,0.0,0.0,0.0,0.0,0.0,-369.18110940273505,0.8319307578905127,0.0,0.0,0.0,921.875,0.0,0.0,-0.8319307578905127,0.0,0.0,0.0,0.0,0.0,0.0,0.0,0.0,0.0,0.0,148.43876644567308,92.67227696843796,0.0,434.2394921430032,-22.534212104155547,0.0,0.0,1000.0,-1000.0,74.08248665450469,-1000.0,0.0,0.8319307578905127,1000.0,0.0,0.0,0.0,-2.9306147497950406,0.0,0.0,0.0,0.0,0.0,0.0,0.0,0.0,0.0,0.0,-2.4957922736715545,20.299110492528513,0.0,0.0,0.0,0.0,0.0,0.0,0.0,0.0,0.0,0.0,0.0,0.0,370.4290055395708,-21.973668260910987,-40.53128890402628,0.0,4.991584547343077,0.0,0.0,0.0,0.0,-23.009259745610635,0.0,0.0,0.018302476673611068,0.0,0.0,0.0,10.149555246264256,0.0,0.0,0.0,0.0,641.1569041369582,0.0,0.0,0.0,0.0,0.0,0.0,0.0,0.0,1000.0,0.0,732.809917787708,0.0016638615157810255,0.0,0.0,0.0,0.0,0.0,0.0,0.0,0.0,0.0,0.0,0.0,0.0,0.0,0.0,0.0,369.18110940273505,0.0,0.0,0.0,0.0,0.0,0.0,0.0,254.89122074643595,0.0,0.0,0.0,0.0,0.0,0.0,292.60983621372316,0.0,0.0,0.0,9.983169094686154,0.0,0.0,0.0,0.0,0.0,0.0,-9.983169094686154,0.0,0.0,0.0,0.0,0.0,0.0,0.0,0.0,0.0,0.0,0.0,0.0,-1000.0,-1000.0,11.397451383100025,0.0,-309.92582744661195,0.0,593.1393998573003,0.0,0.0,0.0,0.0,0.0,0.0,0.0,0.0,0.0,0.0,0.0,0.0,0.0,0.0,0.0,0.0,0.0,-2.079826894726282,0.0,-1.2478961368357693,1.247896136835772,0.0,0.0,0.0,0.0,0.0,0.0,-0.2079826894726282,77.01310140429973,0.0,0.0,0.0,0.0,0.0,0.0,0.0,1000.0,4.991584547343077,4.991584547343077,0.0,0.0,0.0,0.0,0.0,0.018302476673611068,369.18110940273505,0.0,0.0,-593.1393998573003,732.8082539261922,0.0,0.0,0.0,0.0,0.0,0.0,0.0,0.0,0.0,0.0,0.0,0.0,0.0,0.0,0.0,0.0,0.0,0.0,17.470545915700768,1.2811733671513896,0.0,0.0,0.0,0.0,0.0,369.18110940273505,0.0,-0.535763408081182,0.0,0.0,0.0,-2.079826894726282,0.0,0.0,0.0,0.0,0.0,0.0,0.0,0.0,0.0,0.0,0.0,0.0,0.0,0.0,0.0,0.0,0.0,0.0,-0.016638615157810253,0.0,0.0,0.8319307578905127,-383.67148522439174,0.0,0.0,0.0,0.0,0.0,0.0,0.0,0.0,1.4325847650874828,0.41596537894525637,0.0,0.0,0.0,0.016638615157810253,0.0,16.638615157810253,-5.157970698921179,3.3277230315620514,0.1188472511272161,46.42173629029061,-0.01247896136835769,0.8319307578905127,0.3327723031562051,-0.08319307578847202,-46.42173629029061,4.991584547343077,-0.016638615157810253,7.511404034718516,76.67227696843796,0.004159653789452563,0.1188472511272161,-22.534212104155547,-2.6488675331230844,-0.3327723031562051,-42.24350936999872,-0.016638615157810253,0.004159653789452563,-46.42173629029061,1.6638615157810255,0.016638615157810253,0.016638615157810253,-369.1461683109036,0.018302476673604705,-4.365788776764706,-0.01247896136835769,4.991584547343077,0.016638615157810253,309.92582744661195,296.61493532036377,-0.008319307578905127,-18.50809358076015,-85.0,-0.01247896136835769,-0.016638615157810253,-5.157970698921179,0.016638615157810253,1.6638615157810255,-0.3327723031562051,83.31949986906116,83.31949986906116,-1.6638615157810255,42.24350936999872,-83.31949986906116,3.327723031562051,0.02495792273671538,806.1541146951968,1.6638615157810255,-147.8604047914068,76.67227696843796,-3.327723031562051,0.008319307578905127,0.16638615157810258,123.5976606992222,96.0,-0.016638615157810253,-372.9247978132424,369.1461683109036,5.157970698921179,0.016638615157810253,2.6488675331230844,-248.22830412020357,76.67227696843796,-0.016638615157810253,-0.004159653789452563,-76.67227696843796,-0.016638615157810253,-41.33613848421898,0.016638615157890523,-0.004159653789452563,-0.004159653789452563,-0.004159653789452563,6.655446063124102,-296.61493532036377,0.16638615157810258,12.327134005041884,-0.004159653789452563,239.6839173637259,0.8319307578905127,21.5,0.016638615157810253,0.008319307578905127,0.008319307578905127,40.0,5.157970698921179,0.016638615157810253,-5.157970698921179,0.16638615157810258,0.016638615157810253,-12.327134005041884,0.016638615157810253,0.06655446063064119,0.08319307578847202,0.008319307578905127,0.004159653789452563,4.991584547343077,-0.016638615157810253,4.365788776764706,0.16638615157810255,-24.65426801008377,0.41596537894525654,-1.6638615157810255,3.327723031562051,0.8319307578905127,-0.016638615157810253,22.534212104155547,0.02495792273671538,-0.016638615157810253,-80.0,5.157970698921179,129.23444098611463,0.008319307578905127,-43.0,-0.016638615157810253,-0.016638615157890523,-0.016638615157810253,0.008319307578905127,46.42173629029061,-3.327723031562051,0.016638615157810253,247.1953213984444,-0.004159653789452563,-0.018302476673604705,-247.1953213984444,2.495792273671538,85.0,-850.4223133559427,46.42173629029061,-0.01247896136835769,372.9247978132424,-96.0,0.016638615157810253,-0.004159653789452563,0.8319307578905127,16.638615157810253,-0.008319307578905127,-0.016638615157810253,0.004159653789452563,0.0,0.0,-1000.0,0.0,-46.0,0.0,352.1876497999176,-31.0,0.0,-32.0,-93.0,-65.0,-193.83756599722437,16.0,23.0,46.5,0.0,15.5,-369.18110940273505,-106.225181240504,193.83756599722437,65.0,-106.225181240504,-352.1876497999176,299.3760462021701,0.0,1496.5981,hclb
280,0.0,0.0,0.0,0.0,0.0,0.0,0.0,0.0,-0.02622915843716476,0.0,0.0,0.0,0.0,0.0,0.0,0.0,-728.6588117728068,-229.73374295525474,0.0,1000.0,0.0,0.0,0.0,0.0,0.0,0.0,0.0,0.0,0.0,0.0,52.30178149022878,-52.30178149022878,9.166765600516408,0.0,0.0,0.0,0.0,999.8950833662512,0.0,-1000.0,1000.0,0.0,0.0,728.6588117728068,0.0,0.0,0.0,0.0,0.0,-1000.0,0.0,0.0,0.0,0.028852074280907178,0.0,0.0,0.0,5.245831687432952,0.0,0.0,-19.74384171644264,0.0,-970.7511098449636,-990.4949515614062,0.0,0.0,0.0,0.0,0.0,0.0,0.0,0.2622915843716476,0.0,0.0,0.0,0.0,0.0,0.0,0.0,0.0,0.0,0.0,0.0,0.0,15.737495062298859,0.0,0.0,249.33160322602575,364.34907775523124,1000.0,-0.00655728960929119,0.0,0.0,-882.4271914922545,7.868747531149429,0.0,7.868747531149429,-592.4158061303854,0.0,0.0,0.0,1.311457921858238,-1000.0,0.0,0.0,-21.253569998022225,0.0,0.0,0.0,0.0,0.0,0.0,0.0,0.0,0.0,0.0,0.0,0.0,0.0,0.0,0.0,0.0,0.0,0.0,-335.56349015663704,0.0,0.0,7.868747531149429,0.0,8.131039115521077,0.0,0.0,0.0,0.0,0.0,0.0,-1000.0,0.0,0.0,1000.0,0.0,0.0,0.0,0.0,0.0,2.0196451996616855,0.02622915843716476,0.0,0.0,0.0,0.0,0.0,0.0,0.0,0.0,0.0,153.66140102875372,0.0,0.0,0.0,0.0,0.0,665.8614506067023,665.8614506067023,0.0,0.0,0.0,0.0,0.0,0.0,0.0,718.1894612553682,0.0,0.0,0.0,0.0,0.0,0.0,0.0,0.0,0.0,0.0,0.0,0.0,0.0,0.0,-394.6389500200852,0.0,0.0,0.0,0.0,-1000.0,0.0,0.0,0.0,0.0,0.0,1000.0,0.0,-364.34907775523124,364.34907775523124,0.0,0.0,0.0,0.0,0.0,0.0,0.0,1000.0,-943.5244764920786,0.0,0.0,0.0,0.0,0.0,0.0,0.0,0.0,0.0,0.0,0.0,0.0,0.0,699.3479651308193,-32.50833662513409,728.6588117728068,0.0,0.0,0.0,0.0,82.35085499784635,0.0,0.0,0.0,0.0,-19.74384171644264,0.0,52.30178149022878,0.0,0.0,0.0,0.0,0.0,0.0,0.0,0.0,0.0,0.0,0.0,271.3018444895375,1000.0,-115.01747452920549,0.0,-728.6588117728068,0.0,0.0,0.0,638.5869305664006,0.0,0.0,0.0,-11.360425599530458,0.0,0.0,-339.229790039661,423.61679857683134,0.0,-762.8465886164925,0.0,-423.61679857683134,0.0,0.0,156.58557606348836,1000.0,0.0,-9.17150295815668,0.0,0.0,0.0,0.0,0.0,0.0,0.0,836.6899853747265,0.0,0.0,0.0,0.0,0.0,0.0,-19.74384171644264,-0.03934373765574714,0.0,0.0,0.0,0.0,0.02622915843716476,0.0,0.0,0.0,909.7803974710042,-728.6588117728068,0.0,-620.4971403945821,195.4898457772862,0.0,1000.0,0.0,0.0,0.0,-21.253569998022225,0.0,0.0,0.0,-2.2583305414399115,2.2583305414399115,0.0,-988.311709920005,-1000.0,0.0,0.0,0.0,0.0,0.0,0.0,0.0,0.0,0.0,0.0,0.0,0.0,0.0,0.0,0.0,0.0,0.0,0.0,0.0,-1000.0,0.0,0.0,539.2694457384798,0.0,0.0,0.0,50.28213629056709,0.0,0.0,0.0,0.0,0.0,0.0,0.0,0.0,-0.655728960929119,-2.2583305414399115,0.0,763.2874480739958,0.0,-35.31756183564236,0.0,-1.311457921858238,-681.9219756860671,0.0,-764.5989059958541,-75.17276808091421,0.0,0.0,-575.7063423216442,982.951047015843,7.868747531149429,406.25000000000034,-406.25000000000034,0.0,0.0,0.0,0.0,0.0,-699.3479651308193,699.3479651308193,699.3479651308193,109.00773831058927,0.0,0.0,-118.5529824362327,0.0,0.0,1000.0,0.0,0.0,-39.48768343288528,0.0,0.0,7.868747531149429,0.0,0.0,0.0,0.0,-40.37708415628352,0.05245831687434704,0.0,0.0,0.0,0.0,0.0,0.0,0.0,0.0,0.0,0.0,0.0,0.0,0.0,0.0,0.0,0.0,0.0,0.0,0.0,0.028852074280907178,0.028852074280907178,52.30178149022878,790.1021334433863,0.0,15.737495062298859,0.0,0.0,0.0,1000.0,0.0,162.1297332090558,0.0,0.0,0.0,219.32252748561666,-1000.0,0.0,0.0,0.0,0.0,0.0,7.868747531149429,0.0,0.0,0.0,0.0,0.0,0.0,0.0,111.85449671887902,-909.7803974710042,0.0,0.0,2.0196451996616855,0.0,0.0,-882.4271914922545,-964.7780464901008,0.0,219.32252748561666,0.0,178.94544332933313,0.0,0.0,0.0,699.3479651308193,0.0,0.0,0.0,0.0,0.0,0.0,0.0,0.0,0.0,0.0,0.0,0.0,0.0,15.737495062298859,0.0,0.0,0.0,0.0,0.0,0.0,0.0,0.0,0.0,0.0,0.0,0.0,0.2622915843716476,0.0,52.30178149022878,0.0,0.0,52.30178149022878,0.0,0.0,0.0,7.868747531149429,0.0,0.0,0.0,0.0,0.0,0.0,0.0,0.0,0.0,0.0,1000.0,0.0,0.0,7.868747531149429,7.868747531149429,1000.0,-1000.0,0.0,7.868747531149429,0.0,0.0,0.0,0.0,0.0,988.311709920005,1000.0,1000.0,0.02622915843716476,0.0,0.0,0.0,34.639350738909954,0.0,0.0,882.4271914922545,0.0,0.0,0.0,0.0,0.0,0.0,0.0,0.0,0.0,0.0,0.0,0.0,0.0,0.0,0.02622915843716476,0.0,0.0,0.0,-1000.0,1000.0,0.0,0.0,0.0,0.0,-410.4484179709531,1000.0,0.0,0.0,-1000.0,-1.9671868827873573,-1.3114579218582392,0.0,0.0,0.0,0.0,0.0,0.0,0.0,0.0,0.0,0.0,0.0,0.0,0.0,0.0,0.0,0.0,984.2625049377011,0.0,0.0,0.0,-0.02622915843716476,0.0,0.0,0.02622915843716476,0.0,0.02622915843716476,0.0,0.0,0.0,15.737495062298859,31.99957329334101,31.99957329334101,0.0,0.0,0.0,0.0,0.0,0.0,0.0,0.0,0.0,1000.0,0.0,0.0,0.0,0.0,0.0,0.0,0.0,0.0,0.0,0.0,0.0,0.0,0.0,0.0,0.0,0.0,0.0,82.35085499784635,0.0,0.0,0.0,0.03934373765574714,0.0,0.0,0.0,-7.868747531149429,0.0,0.0,0.0,0.0,0.0,-790.1021334433863,1.311457921858238,0.0,0.0,0.0,0.0,0.0,-915.7005255205938,0.0,0.0,0.0,0.0,0.0,0.0,0.0,0.0,0.0,0.0,0.0,0.0,90.75416831256705,0.0,59.754168312567046,-21.253569998022225,0.0,-454.96997125907365,0.0,454.96997125907365,0.0,606.5873572730596,0.0,1.3114579218582392,898.0577528181152,0.0,0.0,-52.30178149022878,-39.48768343288528,0.0,0.0,0.0,0.0,0.0,0.0,0.0,0.0,0.0,953.203722997251,-562.4991467427405,31.99957329334101,0.0,0.0,0.0,52.30178149022878,0.0,0.0,0.0,0.0,0.0,0.0,0.0,0.0,233.5045473490078,-34.639350738909954,250.3861875713052,0.0,7.868747531149429,0.0,0.0,0.0,0.0,62.95753936023449,0.0,0.0,0.028852074280907178,0.0,0.0,0.0,15.999786646670506,0.0,0.0,0.0,0.0,-32.50833662513409,0.0,0.0,0.0,0.0,0.0,0.0,0.0,0.0,-977.8196740235319,0.0,552.2047652264681,0.002622915843716476,0.0,0.0,0.0,0.0,0.0,0.0,0.0,0.0,0.0,0.0,52.30178149022878,0.0,0.0,0.0,0.0,790.1021334433863,0.0,0.0,0.0,0.0,0.0,0.0,0.0,1000.0,0.0,0.0,0.0,0.0,0.0,-300.7320474821252,-229.73374295525474,0.0,0.0,0.0,15.737495062298876,0.0,0.0,0.0,0.0,0.0,62.5137486256604,-78.25124368795926,0.0,0.0,0.0,0.0,0.0,0.0,0.0,0.0,0.0,52.30178149022878,52.30178149022878,0.0,-1000.0,-1000.0,17.966973529457867,-7.868747531149429,0.0,0.0,999.8950833662512,0.0,0.0,0.0,0.0,0.0,0.0,0.0,0.0,0.0,0.0,0.0,0.0,0.0,0.0,0.0,0.0,0.0,-3.2786448046455963,0.0,-1.9671868827873573,560.5319598599532,0.0,0.0,0.0,0.0,0.0,93.97911159072665,-94.3069760711912,39.48768343288528,0.0,0.0,0.0,0.0,0.0,0.0,0.0,1000.0,7.868747531149429,7.868747531149429,0.0,0.0,0.0,0.0,0.0,0.028852074280907178,790.1021334433863,0.0,0.0,-999.8950833662512,552.2021423106244,0.0,0.0,0.0,0.0,0.0,0.0,0.0,0.0,0.0,0.0,0.0,0.0,0.0,0.0,0.0,0.0,0.0,0.0,27.540616359023,2.0196451996616855,0.0,0.0,0.0,0.0,0.0,790.1021334433863,0.0,861.24270720683,0.0,0.0,0.0,-3.2786448046455963,0.0,0.0,0.0,0.0,0.0,0.0,0.0,0.0,0.0,0.0,0.0,0.0,0.0,0.0,0.0,0.0,0.0,0.0,-0.02622915843716476,0.0,0.0,1.311457921858238,-219.32252748561666,0.0,0.0,0.0,0.0,0.0,0.0,0.0,0.0,2.2583305414399115,0.655728960929119,0.0,0.0,0.0,0.02622915843716476,0.0,26.22915843716476,-8.131039115521077,5.245831687432952,0.187351131694034,73.17935203968969,-0.01967186882787357,1.311457921858238,0.5245831687432952,-0.13114579218597555,-73.17935203968969,7.868747531149428,-0.02622915843716476,7.084523332674075,7.868747531149429,0.00655728960929119,0.187351131694034,-21.253569998022225,-4.175682023196714,51.77719832148548,-41.60744527193856,-0.02622915843716476,0.00655728960929119,-73.17935203968969,309.05882962649633,0.02622915843716476,0.02622915843716476,-790.0470522106681,0.028852074280909284,-7.036709760755489,-0.01967186882787357,7.868747531149429,0.02622915843716476,7.868747531149429,-13.114579218582382,-0.013114579218582383,-104.11755127195379,-85.0,-0.01967186882787357,-0.02622915843716476,-8.131039115521077,0.02622915843716476,2.622915843716476,-0.5245831687432952,82.35085499784635,82.35085499784635,-2.6229158437164983,41.60744527193856,-82.35085499784635,5.245831687432952,0.03934373765574714,-497.21985815142614,2.622915843716476,-111.85449671887902,7.868747531149429,-5.245831687432952,0.01311457921858238,0.2622915843716476,155.12428509864552,96.0,-0.02622915843716476,-796.0036940917483,790.0470522106681,8.131039115521077,0.02622915843716476,4.175682023196714,-330.0421563762278,7.868747531149429,-0.02622915843716476,-0.00655728960929119,-7.868747531149429,-0.02622915843716476,-40.37708415628352,0.02622915843727469,-0.00655728960929119,-0.00655728960929119,-0.00655728960929119,10.491663374865905,13.114579218582382,0.2622915843716476,19.432527757134608,-0.00655728960929119,303.164046864617,1.311457921858238,21.5,0.02622915843716476,0.01311457921858238,0.01311457921858238,6.557289609291191,8.131039115521077,0.02622915843716476,-8.131039115521077,0.2622915843716476,0.02622915843716476,-19.432527757134608,0.02622915843716476,0.1049166337487577,0.13114579218597555,0.013114579218582383,0.00655728960929119,7.868747531149429,-0.02622915843716476,7.036709760755489,-25.88859916074274,-38.865055514269216,0.6557289609291193,-2.622915843716476,5.245831687432952,1.311457921858238,-0.02622915843716476,21.253569998022225,0.03934373765574714,-0.02622915843716476,-13.114579218582378,8.131039115521077,-42.812127141594715,0.01311457921858238,-43.0,-0.02622915843716476,-0.02622915843727469,-0.02622915843716476,0.01311457921858238,73.17935203968969,-5.245831687432952,0.02622915843716476,310.24857019729103,-0.00655728960929119,-0.028852074280909284,-310.24857019729103,3.9343737655747137,85.0,-238.20963680728747,73.17935203968969,-0.01967186882787357,796.0036940917483,-96.0,0.02622915843716476,-0.0065572896092911895,1.3114579218582392,26.22915843716476,-0.01311457921858238,-0.02622915843716476,0.00655728960929119,1000.0,0.0,-502.79325642779247,0.0,-46.0,0.0,859.8869400412124,-31.0,306.43591378277983,-32.0,-93.0,-65.0,-1000.0,16.0,23.0,46.5,-306.43591378277983,15.5,-790.1021334433863,-20.145412218639777,1000.0,65.0,-20.145412218639777,-859.8869400412124,593.6530902868618,0.0,1496.5981,hclb
281,0.0,0.0,0.0,0.0,0.0,0.0,0.0,0.0,-0.07570475162242267,0.0,0.0,0.0,0.0,0.0,0.0,0.0,782.2501292680927,290.2883079746466,0.0,-1000.0,0.0,0.0,0.0,1000.0,0.0,0.0,0.0,0.0,0.0,179.67007589185346,0.0,0.0,16.07589044439994,0.0,0.0,0.0,0.0,-32.1215070829684,0.0,-1000.0,1000.0,0.0,0.0,38.079794840053864,0.0,0.0,0.0,0.0,-1000.0,0.0,0.0,0.0,0.0,0.08327522678450805,0.0,0.0,0.0,15.140950324484534,0.0,0.0,14.633709458189477,0.0,-43.66592231923403,-92.93453661425531,0.0,0.0,0.0,0.0,0.0,0.0,0.0,0.7570475162242267,0.0,0.0,0.0,0.0,0.0,0.0,0.0,0.0,0.0,0.0,-223.5561354596156,0.0,45.4228509734536,0.0,0.0,1000.0,-449.41230979734564,155.0865032103029,-0.018926187905605667,0.0,0.0,-150.5781620375346,22.7114254867268,0.0,22.7114254867268,-2.43769300224119,0.0,0.0,0.0,3.7852375811211334,-183.48335073028136,0.0,0.0,-13.25103454474468,0.0,0.0,0.0,0.0,0.0,0.0,0.0,0.0,0.0,0.0,0.0,0.0,0.0,0.0,0.0,0.0,0.0,0.0,-644.1463531218869,0.0,0.0,22.7114254867268,0.0,23.468473002951026,1.2248474468372166,0.0,484.8040094977041,-1000.0,515.1959905022959,-515.1959905022959,-63.90232375321064,0.0,0.0,0.0,0.0,0.0,0.0,0.0,0.0,229.38540133454214,0.07570475162242267,0.0,0.0,0.0,585.5533077851055,-903.1784721329807,0.0,0.0,0.0,0.0,433.4993206072921,0.0,0.0,0.0,0.0,0.0,359.53109634494274,359.53109634494274,0.0,0.0,0.0,0.0,0.0,0.0,0.0,359.60680109656516,0.0,0.0,0.0,0.0,-115.64297393416655,0.0,0.0,0.0,0.0,0.0,0.0,0.0,0.0,0.0,0.0,0.0,0.0,0.0,0.0,-1000.0,0.0,0.0,0.0,0.0,0.0,0.0,0.0,487.8107655536163,-487.8107655536163,63.90232375321064,0.0,0.0,0.0,0.0,0.0,0.0,363.1534266221348,-641.9788799294122,0.0,0.0,0.0,0.0,0.0,0.0,0.0,0.0,0.0,0.0,0.0,0.0,0.0,275.45842037561215,304.90706499684427,38.079794840053864,0.0,0.0,0.0,0.0,77.35382008613531,0.0,0.0,0.0,0.0,14.633709458189477,0.0,0.0,0.0,0.0,0.0,0.0,0.0,0.0,0.0,0.0,0.0,0.0,0.0,937.223075350962,0.0,487.8107655536163,0.0,-38.079794840053864,0.0,0.0,63.90232375321064,-388.9349568415792,0.0,0.0,0.0,-210.5072651131505,0.0,0.0,-726.8595696894612,-726.8595696894612,0.0,0.0,0.0,726.8595696894612,38.39845575627078,0.0,-221.90092647173708,0.0,0.0,72.4098080808877,0.0,0.0,0.0,-962.07949760816,0.0,962.07949760816,0.0,359.4553915933203,0.0,0.0,-363.39560859727624,0.0,0.0,0.0,14.633709458189477,-0.113557127433634,0.0,0.0,0.0,0.0,0.07570475162242267,0.0,0.0,0.0,836.0324306739271,782.2501292680927,0.0,-927.6638643686564,475.3776431675439,115.64297393416655,957.8523758112113,0.0,0.0,0.0,-13.25103454474468,0.0,0.0,0.0,-6.518179114690434,0.0,6.518179114690434,-1000.0,-1000.0,0.0,0.0,0.0,0.0,0.0,0.0,0.0,0.0,0.0,0.0,0.0,0.0,0.0,0.0,0.0,0.0,0.0,-1000.0,0.0,-968.1813119235211,0.0,0.0,0.0,0.0,0.0,945.8549810387725,-229.38540133454214,0.0,223.5561354596156,0.0,0.0,0.0,898.9772090771518,0.0,0.0,0.0,-898.9772090771518,0.0,-779.9100733216127,891.5453728257174,-1000.0,0.0,-3.7852375811211334,0.0,-1.8926187905605667,776.1248357404916,742.6599845646222,0.0,1000.0,146.32773978346032,-813.8593094388611,22.7114254867268,218.7500000000002,-218.7500000000002,0.0,0.0,0.0,0.0,275.45842037561215,0.0,0.0,0.0,91.11008422026015,0.0,0.0,0.0,0.0,0.0,363.1534266221348,0.0,0.0,-34.634904836832014,0.0,0.0,64.85904967551546,0.0,0.0,0.0,0.0,-35.42952483775773,0.15140950324484947,0.0,0.0,0.0,0.0,0.0,0.0,0.0,0.0,0.0,0.0,0.0,0.0,0.0,0.0,0.0,0.0,0.0,0.0,0.0,0.08327522678450805,0.08327522678450805,0.0,356.3174700511276,0.0,45.4228509734536,0.0,0.0,0.0,1000.0,0.0,772.8110343541867,0.0,0.0,0.0,601.3456409382558,-1000.0,0.0,0.0,0.0,0.0,0.0,64.85904967551546,0.0,0.0,0.0,0.0,0.0,0.0,0.0,214.71545104062898,-836.0324306739271,317.6251643478752,0.0,5.829265874926545,0.0,-150.5781620375346,0.0,-141.25614383934595,0.0,601.3456409382558,0.0,1000.0,-434.083883899502,-218.75000000000006,218.75000000000006,275.45842037561215,0.0,0.0,0.0,0.0,0.0,0.0,0.0,0.0,0.0,0.0,0.0,0.0,0.0,45.4228509734536,63.90232375321064,63.90232375321064,0.0,0.0,0.0,0.0,0.0,0.0,0.0,0.0,0.0,0.0,0.7570475162242267,0.0,0.0,0.0,0.0,0.0,0.0,0.0,0.0,22.7114254867268,0.0,0.0,0.0,0.0,0.0,0.0,0.0,0.0,0.0,0.0,618.786927823908,908.9038330890078,0.0,22.7114254867268,22.7114254867268,1000.0,-1000.0,0.0,64.85904967551546,0.0,0.0,0.0,0.0,0.0,183.48335073028136,363.1534266221348,31.78349861657736,0.07570475162242267,0.0,0.0,0.0,95.07954969457772,0.0,0.0,150.5781620375346,0.0,0.0,0.0,0.0,0.0,0.0,0.0,0.0,0.0,0.0,0.0,0.0,0.0,0.0,0.07570475162242267,0.0,0.0,0.0,210.166079316549,-210.166079316549,0.0,0.0,0.0,0.0,0.0,0.0,0.0,0.0,25.989422201552372,-5.6778563716817,-3.785237581121123,0.0,0.0,0.0,0.0,0.0,0.0,0.0,0.0,0.0,0.0,0.0,0.0,63.90232375321064,115.64297393416655,0.0,0.0,189.92592814225995,0.0,0.0,0.0,-0.07570475162242267,0.0,0.0,0.07570475162242267,0.0,0.07570475162242267,0.0,0.0,0.0,45.4228509734536,92.35979697935565,92.35979697935565,0.0,0.0,0.0,0.0,0.0,0.0,223.5561354596156,317.6251643478752,0.0,363.1534266221348,0.0,0.0,0.0,0.0,0.0,0.0,0.0,0.0,0.0,0.0,0.0,0.0,0.0,0.0,0.0,0.0,0.0,141.25614383934595,0.0,0.0,0.0,0.113557127433634,0.0,0.0,0.0,-22.7114254867268,0.0,0.0,0.0,0.0,0.0,-356.3174700511276,3.7852375811211334,0.0,0.0,0.0,0.0,0.0,-141.86113313390055,0.0,0.0,0.0,0.0,0.0,0.0,0.0,0.0,63.90232375321064,0.0,0.0,1000.0,80.85904967551546,0.0,367.4842140233907,-13.25103454474468,5.829265874926534,-371.2465344684427,223.5561354596156,141.86113313390055,0.0,-481.2947538209349,0.0,3.785237581121123,703.3162174506174,0.0,0.0,0.0,-34.634904836832014,0.0,0.0,0.0,0.0,0.0,0.0,0.0,0.0,0.0,361.9953264228093,-373.3510391661722,92.35979697935565,0.0,0.0,0.0,0.0,0.0,0.0,0.0,0.0,0.0,0.0,0.0,0.0,0.0,-95.07954969457772,244.49600777754705,0.0,22.7114254867268,0.0,0.0,0.0,0.0,245.5796931592103,0.0,0.0,0.08327522678450805,0.0,0.0,0.0,46.179898489677825,0.0,0.0,0.0,0.0,304.90706499684427,0.0,0.0,0.0,0.0,0.0,0.0,0.0,0.0,-1000.0,0.0,0.007570475162242267,0.007570475162242267,0.0,0.0,0.0,0.0,0.0,0.0,0.0,0.0,0.0,0.0,0.0,0.0,0.0,0.0,0.0,356.3174700511276,0.0,0.0,0.0,0.0,0.0,0.0,0.0,0.0,0.0,0.0,0.0,0.0,0.0,-657.4006679355517,290.2883079746466,0.0,0.0,0.0,45.4228509734536,0.0,0.0,0.0,0.0,0.0,0.0,-45.4228509734536,0.0,0.0,0.0,0.0,0.0,0.0,0.0,0.0,0.0,0.0,0.0,0.0,-31.78349861657736,-1000.0,51.85775486135958,0.0,-22.7114254867268,0.0,-32.1215070829684,0.0,0.0,0.0,0.0,0.0,0.0,0.0,0.0,0.0,0.0,0.0,0.0,0.0,0.0,0.0,0.0,0.0,-9.463093952802822,63.90232375321064,-5.6778563716817,367.67318279449114,0.0,0.0,0.0,0.0,0.0,0.0,-0.9463093952802835,34.634904836832014,0.0,0.0,0.0,0.0,0.0,0.0,0.0,1000.0,22.711425486726803,22.7114254867268,0.0,0.0,0.0,0.0,0.0,0.08327522678450805,356.3174700511276,0.0,0.0,32.1215070829684,0.0,0.0,0.0,0.0,0.0,0.0,0.0,0.0,0.0,0.0,0.0,0.0,0.0,0.0,0.0,0.0,0.0,1.2248474468372166,0.0,79.4899892035438,229.38540133454214,0.0,0.0,0.0,0.0,0.0,356.3174700511276,0.0,135.63820255053824,0.0,0.0,0.0,-9.463093952802822,0.0,0.0,0.0,0.0,0.0,0.0,0.0,0.0,0.0,0.0,0.0,0.0,0.0,0.0,0.0,0.0,0.0,0.0,-0.07570475162242267,0.0,0.0,3.7852375811211334,-601.3456409382558,0.0,0.0,0.0,0.0,63.90232375321064,0.0,0.0,0.0,6.518179114690434,1.8926187905605667,0.0,0.0,0.0,0.07570475162242267,0.0,75.70475162242266,-22.243625556113802,15.140950324484535,0.5407482258744476,213.66595192023365,-0.056778563716817,3.7852375811211334,1.5140950324484534,-0.3785237581119141,-213.66595192023365,22.711425486726803,-0.07570475162242267,4.417011514914893,64.85904967551546,0.018926187905605667,0.5407482258744476,-13.25103454474468,-12.052196458288847,-1.5140950324484534,-72.53843724273929,-0.07570475162242267,0.018926187905605667,-213.66595192023365,7.570475162242267,0.07570475162242267,0.07570475162242267,-356.15849007272067,0.08327522678466494,-25.003346192668346,-0.056778563716817,22.7114254867268,0.07570475162242267,22.7114254867268,-37.85237581121133,-0.037852375811211335,-381.9939053251344,-85.0,-0.056778563716817,-0.07570475162242267,-22.243625556113802,0.07570475162242267,7.570475162242275,-1.5140950324484534,141.25614383934595,141.25614383934595,-7.570475162242267,72.53843724273929,-141.25614383934595,15.140950324484534,0.113557127433634,458.43026147078353,7.570475162242267,-214.71545104062898,64.85904967551546,-15.140950324484534,0.037852375811211335,0.7570475162242267,231.9159660921641,96.0,-0.07570475162242267,-373.3510391661722,356.15849007272067,23.468473002951026,0.07570475162242267,12.052196458288847,-25.98665227139172,64.85904967551546,-0.07570475162242267,-0.018926187905605667,-64.85904967551546,-0.07570475162242267,-35.42952483775773,0.07570475162242474,-0.018926187905605667,-0.018926187905605667,-0.018926187905605667,30.281900648969067,37.85237581121133,0.7570475162242267,56.08775785826151,-0.018926187905605667,459.4149206694133,3.7852375811211334,21.5,0.07570475162242267,0.037852375811211335,0.037852375811211335,40.0,22.243625556113802,0.07570475162242267,-22.243625556113802,0.7570475162242267,0.07570475162242267,-56.08775785826151,0.07570475162242267,0.3028190064894716,0.3785237581119141,0.037852375811211335,0.018926187905605667,22.7114254867268,-0.07570475162242267,25.003346192668346,0.7570475162242267,-112.17551571652302,1.8926187905605665,-7.570475162242275,15.140950324484534,3.7852375811211334,-0.07570475162242267,13.25103454474468,0.113557127433634,-0.07570475162242267,-80.0,22.243625556113802,-117.34627465840606,0.037852375811211335,-43.0,-0.07570475162242267,-0.07570475162242474,-0.07570475162242267,0.037852375811211335,213.66595192023365,-15.140950324484534,0.07570475162242267,463.8319321843282,-0.018926187905605667,-0.08327522678466494,-463.8319321843282,11.3557127433634,85.0,-403.9172470386281,213.66595192023365,-0.056778563716817,373.3510391661722,-96.0,0.07570475162242267,-0.018926187905605664,3.785237581121123,75.70475162242266,-0.037852375811211335,-0.07570475162242267,0.018926187905605667,0.0,0.0,-651.9530728131684,0.0,-46.0,0.0,-108.0,-31.0,0.0,-32.0,-93.0,-65.0,-193.48495896657369,16.0,23.0,46.5,0.0,15.5,-356.3174700511276,-128.23341850080425,193.48495896657369,65.0,-128.23341850080425,108.0,-44.79191144542528,0.0,1496.5981,hclb
282,0.0,0.0,0.0,0.0,0.0,0.0,0.0,0.0,-0.05914298758470674,0.0,0.0,0.0,0.0,0.0,0.0,0.0,-1000.0,551.2546571507498,0.0,919.7669268662372,0.0,0.0,0.0,74.4043533384626,0.0,0.0,0.0,0.0,0.0,-72.4916699858884,0.0,0.0,7.433392902408893,0.0,0.0,0.0,0.0,422.8977169849636,0.0,-1000.0,1000.0,0.0,0.0,-259.9807224660775,0.0,0.0,648.5257493788287,340.50646372457817,767.4340130697394,0.0,0.0,-305.0576569161491,0.0,0.06505728634316199,0.0,0.0,0.0,352.3350612415195,0.0,0.0,-37.505852994061954,0.0,0.0,-37.505852994061954,0.0,0.0,0.0,0.0,386.9839775038936,-386.9839775038936,0.0,0.5914298758470675,0.0,0.0,0.0,0.0,0.0,0.0,0.0,0.0,0.0,0.0,0.0,0.0,35.48579255082405,0.0,32.29732722076942,-336.98087797739475,97.96711814499531,637.5436738634983,437.8285647200803,0.0,0.0,0.0,17.742896275412026,0.0,17.742896275412026,0.0,0.0,0.0,0.0,2.957149379235337,-341.4611998693644,0.0,0.0,-22.25954707196911,829.4143262660125,0.0,0.0,0.0,0.0,0.0,0.0,0.0,0.0,0.0,0.0,0.0,0.0,0.0,0.0,0.0,0.0,0.0,-312.33081829442006,0.0,0.0,17.742896275412026,0.0,18.33432615125909,13.872907355257524,0.0,-185.45967781995316,185.45967781995316,0.0,0.0,31.25000000000003,0.0,0.0,-31.25000000000003,0.0,0.0,0.0,0.0,0.0,36.85133726479184,0.05914298758470674,437.84335046697646,0.0,0.0,-1000.0,170.5856737339875,0.0,0.0,0.0,0.0,519.5267915629028,0.0,0.0,0.0,0.0,0.0,448.4253752710643,448.4253752710643,0.0,0.0,0.0,-671.84375,0.0,0.0,0.0,448.484518258649,0.0,0.0,0.0,-490.0440964295844,-459.59508278230544,0.0,0.0,0.0,0.0,0.0,0.0,0.0,0.0,0.0,-95.52586954143402,0.0,0.0,0.0,0.0,-663.2107349387879,0.0,0.0,0.0,0.0,0.0,0.0,305.0576569161491,-735.5107920084936,735.5107920084936,0.0,0.0,0.0,0.0,0.0,0.0,0.0,268.96952988347624,-954.2214709650298,0.0,0.0,0.0,0.0,0.0,0.0,0.0,0.0,0.0,0.0,0.0,0.0,0.0,155.8186133914338,-19.3428049661173,0.0,0.0,0.0,0.0,0.0,0.0,0.0,0.0,0.0,0.0,-37.505852994061954,259.9807224660775,0.0,0.0,0.0,0.0,0.0,0.0,0.0,0.0,385.549961957565,0.0,0.0,0.0,-1000.0,-166.52208984651105,0.0,0.0,0.0,0.0,0.0,0.0,0.0,0.0,0.0,0.0,-156.59405598420108,0.0,0.0,220.39818119488996,0.0,0.0,220.39818119489001,0.0,0.0,-637.5436738634983,0.0,0.0,0.0,0.0,192.75475007184687,0.0,0.0,0.0,771.8870711972744,0.0,-771.8870711972744,0.0,1000.0,0.0,0.0,-147.06669177098632,-671.84375,0.0,0.0,-37.505852994061954,-0.08871448137706012,0.0,0.0,0.0,0.0,0.05914298758470674,0.0,0.0,0.0,259.91787670581095,-1000.0,0.0,-703.9520533132109,176.71461153356034,459.59508278230544,949.5714937923534,0.0,846.367969796511,0.0,-22.25954707196911,0.0,0.0,0.0,746.0463247567584,-1000.0,-592.4142945532694,0.0,-1000.0,0.0,0.0,0.0,0.0,0.0,0.0,0.0,0.0,0.0,0.0,0.0,0.0,0.0,0.0,0.0,0.0,0.0,0.0,0.0,-1000.0,0.0,576.8657110646977,383.64555775733925,0.0,684.4438841878232,0.0,-84.67154321982686,0.0,0.0,0.0,0.0,0.0,353.80453565658433,0.0,0.0,0.0,259.2114868395221,0.0,-2.957149379235337,0.0,-238.3602742173398,0.0,-2.957149379235337,0.0,-1.4785746896176686,0.0,-1000.0,0.0,0.0,1000.0,230.52658795341685,17.742896275412026,0.0,0.0,0.0,0.0,0.0,0.0,0.0,-155.8186133914338,155.8186133914338,155.8186133914338,103.43094955502777,0.0,0.0,0.0,0.0,0.0,268.96952988347624,0.0,0.0,-10.417051546585071,0.0,-389.71147868339165,68.17140248305866,0.0,0.0,0.0,0.0,-37.08570124152933,0.11828597516934791,0.0,0.0,0.0,0.0,0.0,0.0,0.0,0.0,0.0,0.0,0.0,0.0,0.0,0.0,0.0,0.0,0.0,0.0,0.0,0.06505728634316199,0.06505728634316199,0.0,239.99001587449243,0.0,35.48579255082405,0.0,0.0,0.0,1000.0,0.0,381.3463829134576,32.29732722076942,0.0,0.0,522.7094723474539,-1000.0,0.0,0.0,0.0,0.0,0.0,68.17140248305866,0.0,0.0,0.0,0.0,0.0,0.0,0.0,104.11027276480668,-259.91787670581095,0.0,0.0,36.85133726479184,0.0,0.0,0.0,0.0,0.0,522.7094723474539,0.0,485.6237711059246,0.0,0.0,0.0,155.8186133914338,0.0,0.0,0.0,0.0,0.0,0.0,0.0,0.0,0.0,0.0,0.0,0.0,0.0,35.48579255082405,0.0,0.0,0.0,0.0,0.0,0.0,0.0,0.0,0.0,0.0,0.0,0.0,0.5914298758470675,0.0,0.0,32.29732722076942,-32.29732722076942,0.0,305.0576569161491,0.0,0.0,17.742896275412026,0.0,0.0,0.0,0.0,0.0,0.0,0.0,0.0,0.0,0.0,117.28827533689453,0.0,0.0,17.742896275412026,17.742896275412026,1000.0,-1000.0,0.0,68.17140248305866,0.0,0.0,0.0,0.0,0.0,-658.5388001306355,268.96952988347624,-770.1749866851019,0.05914298758470674,0.0,0.0,-781.1149555588291,803.7300902416307,0.0,0.0,0.0,0.0,0.0,0.0,0.0,0.0,0.0,0.0,0.0,0.0,0.0,0.0,0.0,0.0,0.0,0.05914298758470674,0.0,0.0,0.0,0.0,0.0,0.0,0.0,0.0,576.8657110646977,0.0,383.64555775733925,0.0,-84.67154321982686,-1000.0,-4.435724068853006,-2.9571493792353394,0.0,0.0,0.0,0.0,0.0,0.0,0.0,0.0,0.0,0.0,0.0,0.0,0.0,459.59508278230544,0.0,0.0,233.4837373326522,0.0,0.0,0.0,-0.05914298758470674,0.0,0.0,0.05914298758470674,0.0,0.05914298758470674,0.0,0.0,0.0,35.48579255082405,72.15444485334223,72.15444485334223,0.0,0.0,0.0,0.0,0.0,0.0,0.0,0.0,0.0,268.96952988347624,0.0,0.0,0.0,751.1385359878016,0.0,0.0,0.0,0.0,0.0,0.0,0.0,0.0,0.0,0.0,0.0,0.0,0.0,0.0,0.0,0.0,0.0,0.08871448137706012,0.0,0.0,0.0,-17.742896275412026,0.0,0.0,0.0,0.0,0.0,-239.99001587449243,2.957149379235337,0.0,0.0,0.0,671.84375,0.0,0.0,0.0,0.0,-389.71147868339165,0.0,0.0,0.0,0.0,0.0,0.0,0.0,0.0,0.0,84.17140248305866,0.0,53.17140248305865,-22.25954707196911,0.0,-84.67154321982686,84.67154321982686,0.0,0.0,-72.15444485334223,0.0,2.9571493792353394,710.0917225219926,0.0,0.0,0.0,-75.01170598812391,-468.75000000004513,468.75000000004513,1000.0,-1000.0,0.0,-337.72975600253,0.0,0.0,0.0,339.95160948477945,-253.29718808105142,72.15444485334223,0.0,0.0,0.0,0.0,0.0,0.0,0.0,0.0,0.0,385.549961957565,0.0,0.0,0.0,-22.615134682801568,216.7027235324403,0.0,17.742896275412026,32.29732722076942,0.0,0.0,0.0,87.62535594147641,0.0,0.0,0.06505728634316199,0.0,0.0,0.0,36.07722242667111,0.0,0.0,0.0,0.0,-19.3428049661173,0.0,829.4143262660125,0.0,0.0,0.0,0.0,0.0,0.0,0.0,0.0,0.0059142987584708435,0.0059142987584708435,0.0,0.0,0.0,0.0,0.0,0.0,0.0,0.0,0.0,-781.1149555588291,0.0,0.0,0.0,0.0,0.0,239.99001587449243,0.0,0.0,0.0,0.0,0.0,0.0,0.0,0.0,0.0,0.0,0.0,64.59465444153884,-951.7886235223699,944.0472203744955,551.2546571507498,0.0,0.0,0.0,35.48579255082405,0.0,0.0,0.0,0.0,0.0,0.0,-35.48579255082405,0.0,64.59465444153884,0.0,0.0,0.0,0.0,0.0,0.0,0.0,0.0,0.0,0.0,770.1749866851019,-1000.0,791.6514824833257,-93.63475746162294,75.89186118621092,0.0,999.7634280496613,0.0,0.0,0.0,0.0,0.0,0.0,0.0,0.0,0.0,914.0625,0.0,-914.0625,-914.0625,0.0,0.0,0.0,0.0,-7.392873448088346,0.0,-4.435724068853006,1000.0,0.0,0.0,0.0,0.0,0.0,-0.7392873448088344,0.0,10.417051546585071,0.0,0.0,0.0,0.0,0.0,0.0,0.0,1000.0,17.742896275412026,17.742896275412026,0.0,0.0,0.0,0.0,0.0,0.06505728634316199,239.99001587449243,0.0,0.0,-999.7634280496613,0.0,0.0,0.0,0.0,0.0,0.0,0.0,0.0,0.0,0.0,0.0,0.0,0.0,0.0,0.0,0.0,0.0,13.872907355257524,0.0,62.10013696394209,0.0,0.0,36.85133726479184,0.0,0.0,0.0,239.99001587449243,0.0,380.68840837810393,0.0,0.0,0.0,-7.392873448088346,0.0,0.0,0.0,0.0,0.0,0.0,0.0,0.0,0.0,0.0,0.0,0.0,0.0,0.0,0.0,0.0,0.0,0.0,-0.05914298758470674,0.0,0.0,2.957149379235337,-522.7094723474539,0.0,0.0,0.0,0.0,0.0,0.0,0.0,0.0,-746.0463247567584,1.4785746896176686,0.0,0.0,0.0,0.05914298758470674,0.0,59.14298758470674,-4.461418796001567,11.82859751694135,0.4224499113193339,192.75475007184687,-0.04435724068853006,2.957149379235337,1.1828597516941348,-0.29571493792336395,-192.75475007184687,17.742896275412026,-0.05914298758470669,7.419849023989703,68.17140248305866,0.014785746896176686,0.4224499113193339,-22.25954707196911,-41.712890844252925,-1.1828597516941348,-471.02158401698705,-0.05914298758470674,0.014785746896176686,-192.75475007184687,5.914298758470674,0.05914298758470674,0.05914298758470674,-239.8658156005646,-32.23226993442624,0.0,-0.04435724068853006,17.742896275412026,0.05914298758470674,17.74289627541203,-29.571493792353372,-0.02957149379235337,-475.00769741896454,-5.973441746055386,-0.04435724068853006,-0.05914298758470674,-4.461418796001567,0.05914298758470674,5.914298758470674,-1.1828597516941348,0.0,0.0,-5.914298758470674,471.02158401698705,0.0,11.828597516941349,0.08871448137706012,-83.81427453722705,5.914298758470674,-104.11027276480668,68.17140248305866,-11.828597516941349,0.02957149379235337,0.5914298758470675,175.9880133283027,96.0,-0.05914298758470674,-253.29718808105142,239.8658156005646,18.33432615125909,0.05914298758470674,41.712890844252925,-2.800182618589484,68.17140248305866,-0.05914298758470674,-0.014785746896176686,-68.17140248305866,-0.05914298758470674,-866.5000275075419,0.0591429875846499,-0.014785746896176686,-0.014785746896176686,-0.014785746896176686,23.657195033882697,29.571493792353372,0.5914298758470675,362.5450406178788,-0.014785746896176686,344.55617763261574,2.957149379235337,21.5,0.05914298758470674,0.02957149379235337,0.02957149379235337,40.0,4.461418796001567,0.05914298758470674,-4.461418796001567,0.5914298758470675,0.05914298758470674,-1000.0,0.05914298758470674,0.2365719503386572,0.29571493792336395,0.02957149379235337,0.014785746896176686,17.742896275412026,-0.05914298758470674,0.0,0.5914298758470674,-725.0900812357576,1.4785746896176686,-5.914298758470674,11.828597516941349,2.957149379235337,-0.05914298758470674,22.25954707196911,0.08871448137706012,-0.05914298758470674,-80.0,4.461418796001567,120.39628504196989,0.02957149379235337,-43.0,-0.05914298758470674,-0.0591429875846499,-0.05914298758470675,0.02957149379235337,192.75475007184687,-11.828597516941349,0.05914298758470674,351.9760266566054,-0.014785746896176686,32.23226993442624,-351.9760266566054,8.871448137706011,5.973441746055381,238.03510480145835,192.75475007184687,-0.04435724068853006,253.29718808105142,-96.0,0.05914298758470674,-0.014785746896176684,2.9571493792353394,59.14298758470674,-0.02957149379235337,-0.05914298758470674,0.014785746896176686,0.0,0.0,83.7847030434347,637.4549593821212,-46.0,0.0,-108.0,-31.0,0.0,-32.0,-93.0,-65.0,0.0,16.0,23.0,46.5,0.0,15.5,-239.99001587449243,-208.0216409834463,0.0,65.0,-208.0216409834463,108.0,-55.557058069940595,0.0,1496.5981,hclb
283,0.0,0.0,0.0,0.0,0.0,0.0,0.0,0.0,268.17559239305274,0.0,0.0,0.0,0.0,0.0,0.0,0.0,-514.7713125822038,604.1274251047815,0.0,154.66737710875464,0.0,0.0,0.0,149.71648654814382,0.0,0.0,0.0,0.0,0.0,-899.2745535475806,0.0,0.0,0.0,0.0,0.0,0.0,0.0,902.0928495125596,0.0,-1000.0,1000.0,0.0,0.0,798.0658265828218,0.0,0.0,0.0,137.50851573848968,615.9800395469625,0.0,0.0,0.0,0.0,0.06547255673653819,0.0,0.0,0.0,149.41261696332333,0.0,0.0,88.74099254431812,0.0,791.014051119038,597.8067483123965,0.0,0.0,0.0,0.0,0.0,0.0,0.0,0.5952050612416823,0.0,0.0,0.0,0.0,0.0,0.0,0.0,466.2185370822638,0.0,0.0,525.8184658222391,0.0,35.712303674500944,0.0,0.0,-753.4742807176422,137.49424117067963,725.0115176586407,971.154457342725,0.0,0.0,-676.019682931329,17.85615183725047,0.0,17.856151837250472,-328.68059074601433,0.0,0.0,677.8190485227444,2.9760253062084114,-899.2745535475806,0.0,0.0,0.0,0.0,0.0,0.0,0.0,0.0,0.0,0.0,0.0,0.0,0.0,0.0,0.0,0.0,0.0,0.0,0.0,0.0,0.0,-1000.0,0.0,0.0,17.856151837250472,0.0,18.45135689849215,18.45135689849215,0.0,-217.51006553800147,217.51006553800147,0.0,0.0,-281.9482953509596,0.0,0.0,0.0,0.0,0.0,0.0,0.0,0.0,-521.2353868506782,0.05952050612416823,971.169337469256,0.0,0.0,0.0,0.0,0.0,0.0,0.0,0.0,125.28617213176688,0.0,0.0,0.0,0.0,0.0,635.7008000755569,635.7008000755569,0.0,0.0,0.0,546.875,-643.4285287257845,0.0,0.0,635.7603205816811,0.0,0.0,0.0,-222.63809951206008,0.0,0.0,0.0,0.0,0.0,0.0,0.0,0.0,0.0,0.0,0.0,0.0,0.0,0.0,0.0,-1000.0,0.0,0.0,0.0,0.0,0.0,0.0,0.0,-862.5057588293204,862.5057588293204,281.9482953509596,0.0,0.0,0.0,0.0,0.0,0.0,0.0,-954.3441644903547,0.0,0.0,0.0,0.0,0.0,0.0,0.0,0.0,0.0,0.0,0.0,0.0,0.0,166.7687938832643,-19.191797550332705,798.0658265828218,0.0,0.0,0.0,0.0,78.98842888145901,0.0,0.0,0.0,0.0,88.74099254431812,0.0,0.0,0.0,0.0,0.0,0.0,0.0,0.0,0.0,473.16225993842517,0.0,0.0,0.0,0.0,1000.0,-1000.0,0.0,-798.0658265828218,0.0,0.0,281.9482953509596,72.61501747148525,0.0,0.0,0.0,-99.98144012586727,0.0,0.0,-477.8203881280157,-446.5703881280157,0.0,0.0,-31.25000000000003,477.8203881280157,-725.0115176586407,0.0,33.78328455489543,0.0,0.0,-157.97179834900496,0.0,0.0,0.0,151.16078578328245,0.0,-151.16078578328245,0.0,635.6412795694328,0.0,0.0,-547.8171040486689,546.875,0.0,0.0,88.74099254431812,-0.08928075918625235,0.0,0.0,0.0,0.0,0.05952050612416823,0.0,0.0,0.0,148.04486399190586,-514.7713125822038,0.0,-567.7390159393204,10.338176628361282,0.0,949.7602530620841,0.0,1000.0,0.0,0.0,0.0,0.0,0.0,-5.1247155772908375,0.0,-994.8752844227091,-1000.0,-1000.0,0.0,0.0,0.0,0.0,0.0,0.0,0.0,0.0,0.0,0.0,0.0,0.0,0.0,0.0,0.0,0.0,0.0,-97.66906846294341,0.0,-1000.0,0.0,0.0,799.9262903872418,0.0,0.0,960.7852822799276,48.07312691225289,0.0,152.0005827005053,0.0,0.0,0.0,0.0,537.5884336995332,-2.976025306208412,-193.67000515884138,0.0,-831.8115300705581,284.95788788035424,914.7309229265165,0.0,-537.5884336995332,0.0,496.81894829074395,192.18199250573718,-287.9339131865626,0.0,0.0,0.0,1000.0,-602.5849196826285,17.856151837250472,531.2500000000005,-531.2500000000005,0.0,130.89081718729102,0.0,268.2351128991769,0.0,-166.7687938832643,166.7687938832643,166.7687938832643,-62.794100415847254,0.0,0.0,0.0,0.0,0.0,0.0,0.0,0.0,-104.46631026232335,0.0,-268.3845914733564,68.09589877516635,0.0,0.0,0.0,0.0,-37.047949387583174,0.11904101224837621,0.0,0.0,0.0,0.0,0.0,0.0,0.0,0.0,0.0,0.0,0.0,0.0,0.0,0.0,0.0,0.0,0.0,0.0,0.0,0.06547255673653819,0.06547255673653819,0.0,250.86469265843064,0.0,35.712303674500944,0.0,0.0,0.0,1000.0,0.0,445.2727971718978,0.0,0.0,0.0,366.45210771101506,-1000.0,0.0,0.0,0.0,0.0,0.0,68.09589877516635,0.0,0.0,0.0,0.0,0.0,0.0,0.0,333.3333333333333,-148.04486399190586,0.0,0.0,4.583078971560951,0.0,-36.95640716374759,-639.0632757675814,-1000.0,0.0,366.45210771101506,0.0,0.0,329.4041583234319,0.0,0.0,166.7687938832643,0.0,0.0,0.0,0.0,0.0,0.0,0.0,0.0,0.0,0.0,0.0,0.0,0.0,35.71230367450094,281.9482953509596,281.9482953509596,0.0,0.0,0.0,0.0,0.0,0.0,0.0,0.0,0.0,0.0,0.5952050612416823,0.0,0.0,0.0,0.0,0.0,0.0,0.0,0.0,17.856151837250472,0.0,0.0,0.0,0.0,0.0,0.0,0.0,0.0,0.0,0.0,228.40259564429425,0.0,0.0,17.85615183725047,17.85615183725047,1000.0,-1000.0,0.0,68.09589877516635,0.0,0.0,0.0,0.0,0.0,899.2745535475806,0.0,1000.0,0.05952050612416823,0.0,0.0,0.0,4.799903672441852,12.9991820037226,0.0,676.019682931329,0.0,0.0,0.0,0.0,0.0,0.0,0.0,0.0,0.0,0.0,0.0,0.0,0.0,0.0,0.05952050612416823,0.0,0.0,0.0,0.0,0.0,0.0,0.0,0.0,0.0,0.0,1000.0,0.0,0.0,-902.3309315370566,-4.464037959312618,-2.976025306208414,0.0,0.0,0.0,0.0,0.0,0.0,0.0,0.0,0.0,0.0,0.0,0.0,281.9482953509596,0.0,0.0,0.0,-599.6088943764202,0.0,0.0,0.0,268.17559239305274,0.0,0.0,0.05952050612416823,0.0,0.05952050612416823,0.0,0.0,0.0,35.712303674500944,72.61501747148525,72.61501747148525,0.0,0.0,0.0,0.0,0.0,0.0,152.0005827005053,0.0,0.0,0.0,0.0,0.0,0.0,0.0,0.0,0.0,0.0,0.0,0.0,0.0,0.0,0.0,0.0,0.0,0.0,0.0,0.0,360.9367242324186,0.0,0.0,0.0,0.08928075918625235,0.0,0.0,0.0,-17.856151837250472,0.0,0.0,0.0,0.0,0.0,-250.86469265843064,2.9760253062084114,0.0,0.0,0.0,-546.875,643.4285287257845,799.9262903872418,0.0,0.0,-268.3845914733564,0.0,0.0,0.0,0.0,0.0,281.9482953509596,0.0,0.0,1000.0,84.09589877516635,0.0,53.095898775166354,12.9991820037226,0.0,847.9994172994947,152.0005827005053,-1000.0,0.0,0.0,0.0,2.976025306208414,1000.0,0.0,0.0,0.0,-104.46631026232335,-718.7931763615475,718.7931763615475,0.0,0.0,0.0,0.0,0.0,0.0,0.0,-4.464037959312622,-4.464037959312675,72.61501747148525,0.0,0.0,0.0,0.0,0.0,0.0,0.0,0.0,0.0,473.16225993842517,0.0,0.0,259.7927685770559,-4.799903672441852,-752.1947854145245,0.0,17.856151837250472,0.0,0.0,0.0,0.0,4.997748490613475,0.0,0.0,0.06547255673653819,0.0,0.0,0.0,36.307508735742616,0.0,0.0,0.0,0.0,-19.191797550332705,0.0,0.0,0.0,0.0,0.0,0.0,0.0,0.0,1000.0,0.0,753.3037338868708,0.005952050612416823,0.0,0.0,0.0,0.0,0.0,0.0,0.0,0.0,0.0,0.0,0.0,0.0,0.0,0.0,0.0,250.86469265843064,0.0,0.0,0.0,0.0,0.0,0.0,0.0,0.0,0.0,0.0,0.0,0.0,0.0,-225.11192395379496,604.1274251047815,0.0,0.0,0.0,35.712303674500944,0.0,0.0,0.0,0.0,0.0,0.0,-35.712303674500944,0.0,0.0,0.0,0.0,0.0,0.0,0.0,0.0,0.0,0.0,0.0,0.0,-1000.0,-1000.0,40.77154669505525,0.0,-17.856151837250472,0.0,902.0928495125596,0.0,0.0,0.0,0.0,0.0,0.0,0.0,0.0,0.0,460.9375,0.0,-460.9375,-460.9375,0.0,0.0,0.0,0.0,-7.440063265521032,281.9482953509596,-4.464037959312618,0.0,0.0,0.0,0.0,0.0,0.0,-0.744006326552103,0.0,104.46631026232335,0.0,0.0,0.0,0.0,0.0,0.0,0.0,1000.0,17.85615183725047,17.85615183725047,0.0,0.0,0.0,0.0,466.2185370822638,0.06547255673653819,250.86469265843064,0.0,0.0,-902.0928495125596,753.2977818362583,0.0,0.0,0.0,0.0,0.0,0.0,0.0,0.0,0.0,0.0,0.0,0.0,0.0,0.0,0.0,0.0,18.45135689849215,0.0,62.49653143037664,156.58366167206626,0.0,0.0,0.0,0.0,0.0,250.86469265843064,0.0,-331.6566160522228,0.0,0.0,0.0,-7.440063265521032,0.0,0.0,0.0,0.0,0.0,0.0,0.0,0.0,0.0,0.0,0.0,0.0,0.0,0.0,0.0,0.0,0.0,0.0,-0.05952050612416823,0.0,0.0,2.9760253062084114,-366.45210771101506,0.0,0.0,0.0,0.0,281.9482953509596,0.0,0.0,0.0,5.1247155772908375,1.4880126531042057,0.0,0.0,0.0,0.05952050612416823,0.0,59.52050612416823,0.0,11.904101224833646,0.42514647231548736,202.96492588341366,-0.044640379593126174,2.976025306208412,1.1904101224833645,-0.29760253062113406,-202.96492588341366,17.85615183725047,-0.05952050612416823,0.0,68.09589877516635,0.014880126531042058,0.42514647231548736,0.0,-9.475664574967254,-1.1904101224833645,-244.02348963133238,-0.05952050612416823,0.014880126531042058,-202.96492588341366,5.952050612416823,0.05952050612416823,0.05952050612416823,-250.73969959556993,0.0654725567366182,-24.04876738386058,-0.044640379593126174,17.85615183725047,0.05952050612416823,17.856151837250472,-29.760253062084114,-0.029760253062084116,-101.2374047479063,-85.0,-0.044640379593126174,-0.05952050612416823,0.0,0.05952050612416823,5.95205061241677,-1.1904101224833645,360.9367242324186,360.9367242324186,-5.952050612416823,244.02348963133238,-360.9367242324186,11.904101224833646,0.08928075918625235,360.72010887908846,5.952050612416823,-333.3333333333333,68.09589877516635,-11.904101224833646,0.029760253062084116,0.5952050612416823,141.9347539848301,96.0,-0.05952050612416823,-264.2568065363686,250.73969959556993,18.45135689849215,0.05952050612416823,9.475664574967254,-3.3287085738357263,68.09589877516635,-0.05952050612416823,-0.014880126531042058,-68.09589877516635,-0.05952050612416823,-37.047949387583174,0.05952050612416823,-0.014880126531042058,-0.014880126531042058,-0.014880126531042058,23.80820244966729,29.760253062084114,0.5952050612416823,149.1727171333686,-0.014880126531042058,283.8695079696602,2.9760253062084114,21.5,0.05952050612416823,0.029760253062084116,0.029760253062084116,40.0,0.0,0.05952050612416823,0.0,0.5952050612416823,0.05952050612416822,-359.3236414506193,0.05952050612416823,0.23808202449696125,0.29760253062113406,0.029760253062084116,0.014880126531042058,17.85615183725047,-0.05952050612416823,24.04876738386058,0.5952050612416823,-298.3454342667372,1.4880126531042062,-5.95205061241677,11.904101224833646,2.9760253062084114,-0.05952050612416823,0.0,0.08928075918625235,-0.05952050612416822,-80.0,0.0,241.67552240306847,0.029760253062084116,-43.0,-0.05952050612416823,-0.05952050612416823,-0.05952050612416823,0.029760253062084116,202.96492588341366,-11.904101224833646,0.05952050612416823,283.8695079696602,-0.014880126531042058,-0.0654725567366182,-283.8695079696602,8.928075918625234,85.0,-283.37724153923847,202.96492588341366,-0.044640379593126174,264.2568065363686,-96.0,0.05952050612416823,-0.014880126531042058,2.976025306208414,59.52050612416823,-0.029760253062084116,-0.05952050612416823,0.014880126531042058,0.0,0.0,-360.74986913215054,210.15092431725068,-46.0,0.0,76.94853799034242,11.68377881837853,0.0,-32.0,-93.0,-65.0,0.0,16.0,23.0,46.5,0.0,-5.841889409189265,-250.86469265843064,-246.67327089368194,0.0,65.0,-246.67327089368194,-76.94853799034242,37.162597975880686,0.0,1496.5981,hclb
284,0.0,0.0,0.0,0.0,0.0,0.0,0.0,0.0,-0.05787351925925696,0.0,0.0,0.0,0.0,0.0,0.0,0.0,-458.19251810387743,127.06837053856924,0.0,0.0,0.0,0.0,0.0,234.44516626766563,0.0,0.0,0.0,0.0,0.0,889.2370523928975,0.0,0.0,7.409780791555548,0.0,0.0,0.0,0.0,761.7573959308017,0.0,-1000.0,1000.0,0.0,0.0,-1000.0,0.0,0.0,378.3579900632527,0.0,568.95546571098,0.0,0.0,0.0,0.0,0.06366087118513519,0.0,0.0,0.0,0.0,0.0,0.0,53.082003669499706,0.0,0.0,-121.45419112729459,0.0,0.0,0.0,0.0,0.0,692.5263529966356,0.0,0.5787351925925697,0.0,0.0,0.0,0.0,0.0,0.0,0.0,522.8218274963883,0.0,0.0,-169.92829013066262,0.0,34.724111555554174,0.0,0.0,-248.9486526851133,732.5006886688657,-59.3913080202188,-0.01446837981481424,0.0,0.0,206.16706802704203,17.362055777777087,0.0,17.362055777777087,0.0,0.0,0.0,0.0,2.893675962962848,889.2370523928975,0.0,0.0,-22.311214432814925,719.2729039601404,0.0,0.0,0.0,0.0,0.0,0.0,0.0,0.0,0.0,0.0,0.0,0.0,0.0,0.0,0.0,0.0,0.0,-705.6176928421786,0.0,0.0,17.362055777777087,0.0,17.940790970369655,14.38047610933242,0.0,0.0,0.0,0.0,0.0,0.0,0.0,0.0,-174.5361947967943,0.0,0.0,0.0,0.0,0.0,174.3845511136254,0.05787351925925696,0.0,0.0,0.0,-1000.0,280.72709603985965,0.0,0.0,169.92829013066262,0.0,316.91923054838827,0.0,0.0,0.0,0.0,0.0,356.9735842044071,356.9735842044071,0.0,0.0,0.0,-890.6249999999999,0.0,0.0,0.0,357.03145772366634,0.0,0.0,0.0,-176.5300157996528,0.0,0.0,0.0,0.0,0.0,0.0,0.0,0.0,0.0,0.0,-1000.0,0.0,0.0,0.0,0.0,-502.5422055011602,0.0,0.0,0.0,0.0,0.0,0.0,0.0,192.93844248729727,-192.93844248729727,127.01229347222699,0.0,0.0,0.0,0.0,0.0,0.0,0.0,-953.8088937592586,0.0,0.0,0.0,0.0,0.0,0.0,0.0,0.0,0.0,0.0,0.0,0.0,0.0,104.46384623190774,-19.850592296297215,-1000.0,0.0,0.0,0.0,47.523901324567305,79.15477455481505,0.0,0.0,0.0,0.0,53.082003669499706,0.0,0.0,0.0,0.0,0.0,0.0,0.0,0.0,0.0,501.49924587389404,11.574703851851392,0.0,0.0,-517.6706364029851,21.89160977858336,512.9452555131639,0.0,1000.0,0.0,0.0,174.5361947967943,-251.92296908396122,0.0,0.0,0.0,-64.01141778161013,0.0,0.0,-318.8510843536731,-37.66358435352373,0.0,0.0,-281.1875000001494,318.8510843536731,925.439131156163,0.0,0.0,0.0,0.0,-15.938997075050281,0.0,0.0,0.0,118.99387773487172,0.0,-118.99387773487172,0.0,735.2737007484005,0.0,47.523901324567305,-256.8472042319331,-890.6249999999999,0.0,0.0,53.082003669499706,-0.08681027888888544,0.0,0.0,0.0,0.0,0.05787351925925696,0.0,0.0,0.0,-222.48616417755295,-458.19251810387743,0.0,-534.0387948375242,177.5292293580015,0.0,937.4751267384203,0.0,-656.0706211436562,0.0,-22.311214432814925,0.0,0.0,0.0,883.9510920809903,0.0,-227.88047093733405,-1000.0,-1000.0,0.0,0.0,0.0,0.0,0.0,0.0,0.0,0.0,0.0,0.0,0.0,0.0,0.0,0.0,0.0,0.0,0.0,-238.0111099921614,0.0,-1000.0,169.92829013066262,0.0,499.6357185537463,16.63979604820038,0.0,0.0,-675.8837969875194,0.0,0.0,0.0,0.0,0.0,-68.81368844470666,0.0,966.4287184228076,0.0,68.81368844470666,-1000.0,0.0,-738.9802248344678,0.0,0.0,-977.6422924098706,1000.0,-1.446837981481424,-2.893675962962848,-635.5950873179071,0.0,398.8104279727708,0.0,0.0,17.362055777777087,0.0,0.0,0.0,0.0,0.0,0.0,0.0,-104.46384623190774,104.46384623190774,104.46384623190774,103.73651058096353,0.0,92.97425208824077,0.0,0.0,0.0,0.0,0.0,0.0,-68.37218745779488,0.0,0.0,79.88692903935674,0.0,0.0,0.0,0.0,-37.2126480740743,0.11574703851857314,0.0,0.0,0.0,0.0,0.0,0.0,0.0,0.0,0.0,692.5263529966356,0.0,0.0,0.0,0.0,0.0,0.0,0.0,0.0,0.0,0.06366087118513519,0.06366087118513519,0.0,188.88914238005634,0.0,34.724111555554174,0.0,127.94915229681037,0.0,1000.0,0.0,0.0,0.0,0.0,0.0,483.6691538744272,-1000.0,0.0,0.0,0.0,0.0,0.0,79.88692903935674,0.0,0.0,0.0,0.0,0.0,0.0,0.0,235.20589761405952,222.48616417755295,0.0,0.0,4.456260982962785,0.0,0.0,206.16706802704203,0.0,0.0,483.6691538744272,0.0,1000.0,-553.5434941996471,0.0,0.0,104.46384623190774,0.0,0.0,0.0,0.0,0.0,0.0,0.0,0.0,0.0,0.0,0.0,0.0,0.0,34.724111555554174,174.5361947967943,174.5361947967943,0.0,0.0,0.0,0.0,0.0,0.0,0.0,0.0,0.0,0.0,0.5787351925925697,0.0,0.0,0.0,0.0,0.0,0.0,0.0,0.0,17.362055777777087,0.0,0.0,0.0,0.0,0.0,0.0,0.0,0.0,0.0,0.0,0.0,0.0,0.0,17.362055777777087,17.362055777777087,1000.0,-1000.0,0.0,79.88692903935674,0.0,0.0,0.0,0.0,0.0,-868.7040644281669,0.0,-803.9692276558161,0.05787351925925696,0.0,0.0,0.0,18.908345390127558,0.0,0.0,-206.16706802704203,0.0,0.0,0.0,0.0,0.0,0.0,0.0,0.0,0.0,0.0,0.0,0.0,0.0,0.0,0.05787351925925696,0.0,0.0,0.0,0.0,0.0,0.0,0.0,0.0,0.0,0.0,161.53554080063657,0.0,-337.7836192344097,-761.9888900078386,-4.340513944444272,0.0,-2.893675962962848,0.0,15.625,15.625,-15.625000000000002,0.0,0.0,0.0,0.0,0.0,0.0,0.0,174.5361947967943,0.0,0.0,0.0,401.70410393573366,0.0,0.0,0.0,-0.05787351925925696,0.0,0.0,0.05787351925925696,0.0,0.05787351925925696,0.0,0.0,0.0,34.724111555554174,70.60569349629348,70.60569349629348,0.0,0.0,0.0,0.0,0.0,0.0,0.0,0.0,0.0,0.0,0.0,0.0,0.0,888.9340020892123,0.0,0.0,0.0,0.0,0.0,0.0,0.0,0.0,0.0,0.0,0.0,0.0,0.0,206.16706802704203,0.0,0.0,0.0,0.08681027888888544,0.0,0.0,0.0,-17.362055777777087,0.0,0.0,0.0,0.0,0.0,-188.88914238005634,2.893675962962848,0.0,0.0,0.0,890.625,0.0,526.1664410490163,-2.893675962962848,0.0,0.0,0.0,0.0,0.0,0.0,0.0,174.5361947967943,0.0,0.0,23.417159037782497,84.4252961481486,0.0,53.425296148148604,-22.311214432814925,0.0,-149.71735593850315,337.7836192344097,-188.0662632959065,169.92829013066262,-322.5286625802547,127.94915229681037,2.893675962962848,746.3078278283069,0.0,0.0,0.0,-68.37218745779488,-332.7699761604911,332.7699761604911,381.73173526184075,-381.73173526184075,0.0,0.0,0.0,0.0,0.0,991.3189721111116,0.0,70.60569349629348,0.0,0.0,0.0,0.0,0.0,0.0,0.0,0.0,0.0,501.49924587389404,0.0,0.0,201.910684213389,-711.4346983867632,0.0,0.0,17.362055777777087,0.0,0.0,0.0,0.0,-34.92954810616027,0.0,0.0,0.06366087118513519,0.0,0.0,0.0,35.30284674814674,0.0,0.0,0.0,0.0,-19.850592296297215,0.0,719.2729039601404,0.0,0.0,0.0,0.0,0.0,0.0,-24.838896771326517,0.0,461.02400556077185,0.005787351925925701,0.0,0.0,0.0,0.0,0.0,0.0,0.0,0.0,0.0,0.0,0.0,0.0,0.0,0.0,0.0,188.88914238005634,0.0,0.0,0.0,0.0,0.0,0.0,0.0,0.0,0.0,0.0,0.0,0.0,0.0,-347.42957049677483,127.06837053856924,0.0,0.0,0.0,34.724111555554174,0.0,0.0,0.0,0.0,0.0,0.0,-34.724111555554174,0.0,0.0,0.0,0.0,0.0,0.0,0.0,0.0,0.0,0.0,0.0,0.0,803.9692276558161,-979.4670120352695,928.5773627818033,0.0,-17.362055777777087,0.0,761.7573959308017,0.0,0.0,0.0,0.0,0.0,0.0,0.0,0.0,0.0,789.0624999999999,0.0,-789.0625,-789.0624999999999,0.0,0.0,0.0,127.94915229681037,-7.23418990740712,174.5361947967943,-4.340513944444272,884.5934881447681,0.0,0.0,0.0,0.0,0.0,0.0,-0.723418990740712,238.3004775884575,0.0,0.0,0.0,0.0,0.0,0.0,0.0,1000.0,17.362055777777087,17.362055777777087,0.0,0.0,0.0,0.0,522.8218274963883,0.06366087118513519,188.88914238005634,0.0,0.0,-761.7573959308017,461.01821820884595,0.0,0.0,0.0,0.0,0.0,0.0,0.0,0.0,0.0,0.0,0.0,0.0,0.0,0.0,0.0,0.0,14.38047610933242,0.0,60.767195222219804,4.456260982962785,0.0,0.0,0.0,0.0,0.0,188.88914238005634,0.0,-26.530722495269945,0.0,0.0,0.0,-7.23418990740712,0.0,0.0,0.0,0.0,0.0,0.0,0.0,0.0,0.0,0.0,0.0,0.0,0.0,0.0,0.0,0.0,0.0,0.0,-0.05787351925925696,0.0,0.0,2.893675962962848,-483.6691538744272,0.0,0.0,0.0,0.0,174.5361947967943,0.0,0.0,0.0,-883.9510920809903,1.446837981481424,0.0,0.0,0.0,0.05787351925925696,0.0,57.87351925925696,-3.5603148610372273,11.574703851851392,0.413382280423264,190.22807095199175,-0.04340513944444272,11.213573987063,1.1574703851851393,-0.2893675962960709,-190.22807095199175,17.362055777777087,-0.05787351925925696,7.437071477604975,79.88692903935674,0.01446837981481424,0.413382280423264,-22.311214432814925,-9.21346426607332,-1.1574703851851393,331.1241475653082,-0.05787351925925696,0.01446837981481424,-190.22807095199175,5.787351925925696,0.05787351925925696,0.05787351925925696,-188.76760798961195,0.06366087118516026,0.0,-0.04340513944444272,17.362055777777087,0.05787351925925696,17.362055777777087,-28.93675962962848,-0.02893675962962848,-272.2968016827584,-85.0,-0.04340513944444272,-0.05787351925925696,-3.5603148610372273,0.05787351925925696,5.787351925925696,-1.1574703851851393,206.16706802704203,206.16706802704203,-5.787351925925696,-331.1241475653082,-206.16706802704203,11.574703851851392,0.08681027888888544,-1000.0,5.787351925925696,-235.20589761405952,79.88692903935674,-11.574703851851392,0.02893675962962848,0.5787351925925697,133.50969870938104,96.0,-0.05787351925925696,-201.910684213389,188.76760798961195,17.940790970369655,0.05787351925925696,9.21346426607332,10.438705928248476,79.88692903935674,-0.05787351925925696,-0.01446837981481424,-79.88692903935674,-0.05787351925925696,-756.4855520342146,0.05787351925925696,-0.01446837981481424,-0.01446837981481424,-0.01446837981481424,23.149407703702785,28.93675962962848,0.5787351925925697,42.877043581200866,-0.01446837981481424,259.5823259411571,2.893675962962848,21.5,0.05787351925925696,0.02893675962962848,0.02893675962962848,21.968865783320418,3.5603148610372273,0.05787351925925696,-3.5603148610372273,0.5787351925925697,0.05787351925925696,-42.877043581200866,0.05787351925925696,0.23149407703684233,0.2893675962960709,0.02893675962962848,0.01446837981481424,17.362055777777087,-0.05787351925925696,0.0,0.5787351925925697,-85.75408716240173,9.766736005581606,-5.787351925925696,11.574703851851392,2.893675962962848,-0.05787351925925696,22.311214432814925,0.08681027888888544,-0.05787351925925696,-43.937731566640835,3.5603148610372273,235.05259354486213,0.02893675962962848,-43.0,-0.05787351925925696,-0.05787351925925696,-0.05787351925925696,0.02893675962962848,190.22807095199175,-11.574703851851392,0.05787351925925696,267.0193974187621,-0.01446837981481424,-0.06366087118516026,-267.0193974187621,8.681027888888543,85.0,671.8166120785116,190.22807095199175,-0.04340513944444272,201.910684213389,-96.0,0.05787351925925696,-0.01446837981481424,2.893675962962848,57.87351925925696,-0.02893675962962848,-0.05787351925925696,0.01446837981481424,0.0,0.0,133.92324010442627,0.0,-46.0,0.0,-2.255855780139413,-31.0,0.0,-32.0,-93.0,-65.0,-866.0478231359441,16.0,23.0,46.5,0.0,15.5,-188.88914238005634,-200.12304543870187,866.0478231359441,65.0,-200.12304543870187,2.255855780139413,-9.240956817156793,0.0,1496.5981,hclb
285,0.0,0.0,0.0,0.0,0.0,0.0,0.0,0.0,456.20914222802827,0.0,0.0,0.0,0.0,0.0,0.0,0.0,0.0,187.77069673569395,0.0,218.85652621879086,0.0,0.0,0.0,706.3175741801903,0.0,0.0,0.0,0.0,0.0,-1000.0,0.0,0.0,15.367428335531825,0.0,0.0,0.0,0.0,578.5909383028177,0.0,-1000.0,1000.0,0.0,0.0,1000.0,0.0,0.0,0.0,39.31775099953991,0.0,-461.4107158533781,0.0,0.0,0.0,0.07776251509403664,0.0,0.0,0.0,53.45639010748225,0.0,0.0,41.423927957827175,0.0,0.0,-101.52499817724566,0.0,0.0,0.0,0.0,0.0,0.0,0.0,0.7069319553971172,0.0,0.0,0.0,0.0,0.0,0.0,0.0,0.0,0.0,0.0,0.0,0.0,42.41591732382703,0.0,0.0,812.7418745866378,0.0,64.05371722495869,-0.01767329888492793,0.0,0.0,0.0,21.207958661913516,0.0,21.207958661913516,0.0,0.0,0.0,0.0,405.6717567390732,-1000.0,0.0,0.0,-14.070252043040194,9.846314521119043,0.0,0.0,0.0,0.0,0.0,0.0,0.0,0.0,0.0,0.0,0.0,0.0,0.0,0.0,0.0,0.0,0.0,-762.5754367081513,0.0,0.0,21.207958661913516,0.0,21.91489061731063,1.0899942366888524,0.0,39.47195717106131,-39.47195717106131,0.0,0.0,93.75000000000009,0.0,0.0,-236.69892613507292,0.0,0.0,0.0,0.0,0.0,5.44337605655781,0.07069319553971172,0.0,0.0,0.0,0.0,-393.86147460488974,0.0,0.0,0.0,0.0,294.04895089284815,0.0,0.0,0.0,0.0,0.0,226.09757058783543,226.09757058783543,0.0,0.0,0.0,0.0,174.29156492736377,0.0,0.0,226.16826378337515,0.0,0.0,0.0,-749.7361288560094,0.0,0.0,0.0,0.0,0.0,0.0,0.0,0.0,0.0,0.0,-638.6213153266965,0.0,0.0,0.0,0.0,-1000.0,0.0,0.0,0.0,0.0,0.0,461.4107158533781,0.0,187.25812541336217,-187.25812541336217,142.94892613507284,0.0,0.0,0.0,0.0,0.0,0.0,0.0,-573.9601284666355,0.0,0.0,0.0,0.0,0.0,0.0,0.0,0.0,0.0,0.0,0.0,0.0,0.0,274.2153341157675,369.2924382996554,1000.0,0.0,0.0,0.0,0.0,77.85998725048911,0.0,0.0,0.0,0.0,41.423927957827175,0.0,0.0,0.0,0.0,0.0,0.0,0.0,0.0,0.0,514.2036631434933,0.0,0.0,0.0,-567.8024417380282,-755.0605671513904,1000.0,0.0,-1000.0,0.0,0.0,142.94892613507284,0.0,0.0,0.0,0.0,175.93101999118778,0.0,0.0,-1000.0,0.0,0.0,-1000.0,0.0,0.0,187.25812541336217,0.0,-218.8565262187908,461.4107158533781,0.0,-21.394909356388638,0.0,0.0,0.0,-67.68792793584282,0.0,67.68792793584282,0.0,1000.0,0.0,0.0,-183.08358767563095,0.0,0.0,0.0,41.423927957827175,-0.10603979330956756,0.0,0.0,0.0,0.0,0.07069319553971172,0.0,0.0,0.0,243.77946480903128,0.0,0.0,-756.9395526116481,545.5988016074441,0.0,955.3465977698559,0.0,968.1783533720454,0.0,-14.070252043040194,0.0,0.0,0.0,31.82164662795461,0.0,-1000.0,-713.6366391935632,-1000.0,0.0,0.0,0.0,0.0,0.0,0.0,0.0,0.0,0.0,0.0,0.0,0.0,0.0,0.0,0.0,0.0,0.0,-184.06750744907782,0.0,-1000.0,0.0,237.05878146594586,511.9273422471151,0.0,0.0,0.0,-519.647039200051,0.0,0.0,0.0,306.1658866543892,402.13709696208764,0.0,0.0,0.0,924.2834241973904,0.0,0.0,0.0,0.0,560.7373947874647,0.0,-383.9468814235751,1000.0,-926.0507540858832,-3.5346597769855856,-651.3024220978418,0.0,-921.6404617744186,-816.3550082253502,589.7920324034603,21.207958661913516,593.749999999997,-593.749999999997,0.0,0.0,0.0,456.279835423568,0.0,-274.2153341157675,274.2153341157675,274.2153341157675,92.93161293509786,0.0,0.0,-773.9731226077042,0.0,0.0,0.0,0.0,0.0,-60.10107021941846,0.0,0.0,65.86136089205766,0.0,0.0,0.0,0.0,-35.93068044602883,0.1413863910793225,0.0,0.0,0.0,0.0,0.0,0.0,0.0,0.0,0.0,0.0,0.0,0.0,0.0,0.0,0.0,0.0,0.0,0.0,0.0,0.07776251509403664,0.07776251509403664,0.0,356.0766950078252,0.0,42.41591732382703,0.0,0.0,0.0,1000.0,0.0,0.0,0.0,0.0,0.0,540.9473107915954,-1000.0,0.0,0.0,0.0,0.0,0.0,65.86136089205766,0.0,0.0,0.0,0.0,0.0,0.0,0.0,254.19181223605042,-243.77946480903128,384.0151600837707,179.34367316554574,5.44337605655781,0.0,0.0,0.0,-220.80891338556197,0.0,540.9473107915954,0.0,-446.77931710498945,951.795947450556,0.0,0.0,274.2153341157675,0.0,0.0,0.0,0.0,0.0,0.0,0.0,0.0,0.0,0.0,0.0,0.0,0.0,42.41591732382703,142.94892613507284,142.94892613507284,0.0,0.0,0.0,0.0,0.0,0.0,0.0,0.0,0.0,0.0,0.7069319553971172,0.0,0.0,0.0,0.0,0.0,0.0,0.0,0.0,21.207958661913516,0.0,0.0,0.0,0.0,179.34367316554574,0.0,0.0,0.0,0.0,0.0,751.436610889165,0.0,0.0,21.207958661913516,21.207958661913516,1000.0,-1000.0,0.0,65.86136089205766,0.0,0.0,0.0,0.0,0.0,713.6366391935632,0.0,1000.0,0.07069319553971172,0.0,0.0,0.0,89.00048679136815,0.0,0.0,0.0,0.0,0.0,0.0,0.0,0.0,0.0,0.0,0.0,0.0,0.0,0.0,0.0,0.0,0.0,0.07069319553971172,0.0,0.0,0.0,1000.0,-1000.0,0.0,0.0,0.0,237.05878146594586,0.0,-7.719696952935919,0.0,0.0,-815.9324925509222,-5.3019896654782315,0.0,-3.5346597769855856,0.0,0.0,0.0,0.0,0.0,0.0,0.0,0.0,0.0,0.0,0.0,142.94892613507284,0.0,0.0,0.0,-328.3137695939727,0.0,0.0,0.0,456.20914222802827,0.0,0.0,0.07069319553971172,0.0,0.07069319553971172,0.0,0.0,0.0,42.41591732382703,86.24569855844828,86.24569855844828,0.0,0.0,0.0,0.0,0.0,0.0,0.0,384.0151600837707,0.0,0.0,0.0,0.0,37.90833076392414,0.0,0.0,0.0,0.0,0.0,0.0,0.0,0.0,0.0,0.0,0.0,0.0,0.0,0.0,220.80891338556197,0.0,0.0,0.0,0.10603979330956756,0.0,0.0,0.0,-21.207958661913516,0.0,0.0,0.0,0.0,0.0,-356.0766950078252,3.5346597769855856,0.0,0.0,0.0,0.0,-174.29156492736377,519.647039200051,-3.5346597769855856,0.0,0.0,0.0,0.0,0.0,0.0,0.0,142.94892613507284,0.0,0.0,0.0,81.86136089205766,0.0,434.8765209758283,-14.070252043040194,0.0,0.0,0.0,0.0,0.0,-86.24569855844828,0.0,3.5346597769855856,1000.0,0.0,0.0,0.0,-60.10107021941846,0.0,0.0,0.0,0.0,0.0,0.0,0.0,0.0,0.0,1000.0,-371.98266400426064,86.24569855844828,0.0,0.0,0.0,0.0,0.0,0.0,0.0,0.0,0.0,514.2036631434933,0.0,0.0,0.0,-89.00048679136815,36.62159951019202,0.0,21.207958661913516,0.0,0.0,0.0,0.0,125.08625060978663,0.0,0.0,0.07776251509403664,0.0,0.0,0.0,43.12284927922414,0.0,0.0,0.0,0.0,369.2924382996554,0.0,9.846314521119043,0.0,0.0,0.0,0.0,0.0,0.0,-778.9099417017949,0.0,0.007069319553971177,0.007069319553971177,0.0,0.0,0.0,0.0,0.0,0.0,0.0,0.0,0.0,0.0,0.0,0.0,0.0,0.0,0.0,356.0766950078252,0.0,0.0,0.0,0.0,0.0,0.0,0.0,461.4107158533781,0.0,0.0,0.0,0.0,0.0,0.0,187.77069673569395,0.0,0.0,0.0,42.41591732382703,0.0,0.0,0.0,0.0,0.0,0.0,-42.41591732382703,0.0,0.0,0.0,0.0,0.0,0.0,0.0,0.0,0.0,0.0,0.0,0.0,-1000.0,-1000.0,86.33316970862677,0.0,-21.207958661913516,0.0,815.6497197687636,0.0,0.0,0.0,0.0,0.0,0.0,0.0,0.0,0.0,0.0,0.0,0.0,0.0,0.0,0.0,0.0,0.0,-8.836649442463816,142.94892613507284,-407.439086627566,404.58900510270627,0.0,0.0,0.0,0.0,0.0,0.0,-0.8836649442463964,60.10107021941846,0.0,0.0,0.0,0.0,0.0,0.0,0.0,1000.0,21.207958661913516,21.207958661913516,0.0,0.0,0.0,0.0,0.0,0.07776251509403664,356.0766950078252,0.0,0.0,-815.6497197687636,0.0,0.0,0.0,0.0,0.0,0.0,0.0,0.0,0.0,0.0,0.0,0.0,0.0,0.0,0.0,0.0,0.0,1.0899942366888524,0.0,74.2278553166973,5.44337605655781,0.0,0.0,0.0,0.0,0.0,356.0766950078252,0.0,-7.719696952935919,0.0,0.0,0.0,-8.836649442463816,0.0,0.0,0.0,0.0,0.0,0.0,0.0,0.0,0.0,0.0,0.0,0.0,0.0,0.0,0.0,0.0,0.0,0.0,-0.07069319553971172,0.0,0.0,3.5346597769855856,-540.9473107915954,0.0,0.0,0.0,0.0,142.94892613507284,0.0,0.0,0.0,-31.82164662795461,1.7673298884927817,0.0,0.0,0.0,0.07069319553971172,0.0,70.69319553971171,-20.824896380621777,14.138639107942343,0.5049513967122266,199.41400402917333,-0.05301989665478378,204.60320825802938,1.4138639107942343,-0.3534659776983567,-199.41400402917333,21.207958661913516,-0.07069319553971172,4.6900840143467315,65.86136089205766,0.01767329888492793,0.5049513967122266,-14.070252043040194,-11.254356729921504,-1.4138639107942343,-406.6272229544848,-0.07069319553971168,0.01767329888492793,-199.41400402917333,7.069319553971171,0.07069319553971172,0.07069319553971172,-355.92823929719145,0.0777625150936829,-23.15760469548028,-0.05301989665478378,21.207958661913516,0.07069319553971172,21.207958661913516,-35.34659776985586,-0.03534659776985586,-242.7508421112875,-85.0,-0.05301989665478378,-0.07069319553971172,-20.824896380621777,0.07069319553971172,7.069319553971171,-1.4138639107942343,220.80891338556197,220.80891338556197,-7.069319553971171,406.6272229544848,-220.80891338556197,14.138639107942343,0.10603979330956756,-121.02665534135338,7.069319553971171,-254.19181223605042,65.86136089205766,-14.138639107942343,0.03534659776985586,0.7069319553971172,189.23488815291202,96.0,-0.07069319553971172,-371.98266400426064,355.92823929719145,21.91489061731063,0.07069319553971172,11.254356729921504,-18.970473755596274,65.86136089205766,-0.07069319553971172,-0.01767329888492793,-65.86136089205766,-0.07069319553971172,-45.77699496714787,0.07069319553971172,-0.01767329888492793,-0.01767329888492793,-0.01767329888492793,28.277278215884685,35.34659776985586,0.7069319553971172,368.2498808303227,-0.01767329888492793,373.7796922914773,3.5346597769855856,21.5,0.07069319553971172,0.03534659776985586,0.03534659776985586,40.0,20.824896380621777,0.07069319553971172,-20.824896380621777,0.7069319553971172,0.07069319553971172,-1000.0,0.07069319553971172,0.2827727821586734,0.3534659776983567,0.03534659776985586,0.01767329888492793,21.207958661913516,-0.07069319553971172,23.15760469548028,0.7069319553971172,-736.4997616606454,202.8358783695366,-7.069319553971171,14.138639107942343,3.5346597769855856,-0.07069319553971172,14.070252043040194,0.10603979330956756,-0.07069319553971172,-80.0,20.824896380621777,57.04427831778149,0.03534659776985586,-43.0,-0.07069319553971172,-0.07069319553971172,-0.07069319553971172,0.03534659776985586,199.41400402917333,-14.138639107942343,0.07069319553971172,378.46977630582404,-0.01767329888492793,-0.0777625150936829,-378.46977630582404,10.603979330956756,85.0,218.97122061068754,199.41400402917333,-0.05301989665478378,371.98266400426064,-96.0,0.07069319553971168,-0.017673298884927933,309.7005464313748,70.69319553971171,-0.03534659776985586,-0.07069319553971172,0.01767329888492793,0.0,0.0,-130.32053389473734,631.7501191696773,-46.0,0.0,88.22662034096666,-31.0,0.0,-32.0,-93.0,-65.0,-251.31184263832085,16.0,23.0,46.5,0.0,15.5,-356.0766950078252,-182.13052892756812,251.31184263832085,65.0,-182.13052892756812,-88.22662034096666,50.06388727129588,0.0,1496.5981,hclb
286,0.0,0.0,0.0,0.0,0.0,0.0,0.0,0.0,690.5887969801765,0.0,0.0,0.0,0.0,0.0,0.0,0.0,0.09921127130335587,577.4474373982149,0.0,-983.0359693518832,0.0,0.0,0.0,0.0,0.0,0.0,0.0,0.0,0.0,-489.56143748970453,0.0,0.0,16.061334995796326,0.0,0.0,0.0,0.0,733.2610296637683,0.0,-1000.0,1000.0,0.0,0.0,0.0,0.0,0.0,765.629749778015,0.0,1000.0,-178.1760994926357,0.0,-436.73432809063877,0.0,0.07275493228931056,0.0,0.0,0.0,13.228169507114117,0.0,0.0,-5.824803972966008,0.0,-921.7897060796021,-927.6145100525681,0.0,0.0,0.0,0.0,108.20502504127745,357.99129298614116,0.0,0.6614084753557059,0.0,0.0,0.0,0.0,0.0,0.0,0.0,0.0,0.0,0.0,0.0,0.0,39.68450852134235,0.0,0.0,-936.7343280906388,500.0,0.0,-0.016535211883892648,0.0,0.0,417.455361740366,19.842254260671176,0.0,19.842254260671176,-2.1297352906459786,0.0,0.0,0.0,434.38205010645254,-489.56143748970453,0.0,0.0,-13.47695227366738,745.2369515247397,0.0,0.0,0.0,0.0,0.0,0.0,0.0,0.0,0.0,0.0,0.0,0.0,0.0,0.0,0.0,0.0,0.0,-426.84561496938886,0.0,0.0,19.842254260671176,0.0,20.50366273602688,0.0,0.0,0.0,-380.8122759542655,380.8122759542655,-380.8122759542655,218.7500000000002,0.0,0.0,-218.7500000000002,0.0,0.0,0.0,0.0,0.0,5.092845260238932,0.06614084753557059,0.0,0.0,0.0,0.0,-953.1408234733605,0.0,0.0,0.0,0.0,504.3989552549827,0.0,0.0,0.0,0.0,0.0,234.43639106952062,234.43639106952062,0.0,0.0,0.0,671.875,231.83743236638276,0.0,0.0,234.5025319170562,0.0,0.0,0.0,-265.4479560495403,0.0,0.0,0.0,0.0,0.0,0.0,0.0,0.0,0.0,0.0,-742.7147614715187,0.0,0.0,0.0,0.0,-1000.0,0.0,0.0,0.0,0.0,0.0,178.1760994926357,436.73432809063877,500.0,-500.0,0.0,0.0,0.0,0.0,0.0,0.0,0.0,0.0,-748.5919035004397,0.0,0.0,0.0,0.0,0.0,0.0,0.0,0.0,0.0,0.0,0.0,0.0,0.0,147.1873243790929,191.36021096284904,-947.2721018722377,0.0,0.0,0.0,0.0,78.31977439890737,0.0,0.0,0.0,0.0,-5.824803972966008,-947.2721018722377,0.0,0.0,0.0,0.0,0.0,0.0,0.0,0.0,0.0,0.0,0.0,0.0,0.0,0.0,1000.0,0.0,947.2721018722377,0.0,0.0,0.0,-51.04126247590921,0.0,0.0,0.0,82.42215466219102,0.0,0.0,-409.45772555415994,-409.45772555415994,0.0,0.0,0.0,409.45772555415994,1000.0,0.0,-405.58853195366817,178.1760994926357,0.0,106.21319022533459,0.0,0.0,0.0,-547.5509620230864,0.0,547.5509620230864,0.0,1000.0,0.0,0.0,0.0,671.875,0.0,0.0,-5.824803972966008,-0.09921127130335587,0.0,0.0,0.0,0.0,0.06614084753557059,0.0,0.0,0.0,901.8379713404214,0.09921127130335587,0.0,-706.319347317306,371.63017485341027,0.0,973.0291395895474,0.0,0.0,0.0,-13.47695227366738,0.0,0.0,0.0,948.9987924653213,8.403884891494727,-957.4026773568161,-980.2659372896921,-1000.0,0.0,0.0,0.0,0.0,0.0,0.0,0.0,0.0,0.0,0.0,0.0,0.0,0.0,0.0,0.0,0.0,0.0,665.385030602091,0.0,-334.614969397909,0.0,266.47440694608974,0.0,0.0,0.0,0.0,-5.092845260238932,0.0,0.0,0.0,0.0,431.07500772967404,-116.60890993277218,0.0,0.0,-1.6535211883892647,0.0,0.0,0.0,0.0,-86.34949328796388,0.0,-218.84454624161555,-729.2348884429616,0.0,-3.3070423767785293,0.0,0.0,0.0,0.0,423.2047671292979,19.842254260671176,0.0,0.0,0.0,0.0,0.0,690.6549378277122,0.0,-147.1873243790929,147.1873243790929,147.1873243790929,93.24878276655326,0.0,0.0,0.0,0.0,0.0,0.0,0.0,0.0,-11.649607945932017,0.0,-305.1537744200722,46.81311467112382,0.0,0.0,0.0,0.0,-36.38591524644294,0.13228169507033272,0.0,0.0,0.0,0.0,0.0,0.0,0.0,0.0,0.0,466.1963180274186,0.0,0.0,0.0,0.0,0.0,0.0,0.0,0.0,0.0,0.07275493228931056,0.07275493228931056,0.0,229.9591548719788,0.0,39.68450852134235,0.0,0.0,0.0,222.71520811348486,0.0,872.4145602834537,0.0,0.0,0.0,502.43506668716975,-222.71520811348486,0.0,0.0,124.13005922444314,0.0,0.0,46.81311467112382,0.0,0.0,0.0,0.0,0.0,0.0,0.0,142.28187165646295,-901.8379713404214,207.9038719486208,0.0,5.092845260238932,0.0,91.34656411678768,326.10879762357837,247.789023224671,0.0,502.43506668716975,0.0,694.8907951894984,-228.84164374877156,0.0,0.0,147.1873243790929,0.0,0.0,0.0,0.0,0.0,0.0,0.0,0.0,0.0,0.0,0.0,0.0,0.0,39.68450852134235,0.0,0.0,0.0,0.0,0.0,0.0,0.0,0.0,0.0,0.0,0.0,0.0,0.6614084753557059,0.0,0.0,0.0,0.0,0.0,436.73432809063877,0.0,0.0,19.842254260671176,-124.13005922444314,0.0,0.0,0.0,0.0,0.0,0.0,0.0,0.0,0.0,910.3986234108531,0.0,0.0,19.842254260671176,19.842254260671176,1000.0,-222.71520811348486,0.0,46.81311467112382,0.0,0.0,0.0,0.0,0.0,469.8273747793967,0.0,566.4080802040359,0.06614084753557059,0.0,0.0,0.0,87.34843786322602,0.0,0.0,-417.455361740366,0.0,0.0,0.0,0.0,0.0,0.0,0.0,0.0,0.0,0.0,0.0,0.0,0.0,0.0,0.06614084753557059,0.0,0.0,0.0,0.0,0.0,0.0,0.0,0.0,266.47440694608974,-5.09284526023896,0.0,0.0,0.0,-1000.0,-4.960563565167794,-2.5710957599262163,-0.7359466168523131,0.0,0.0,0.0,0.0,0.0,0.0,0.0,0.0,0.0,0.0,0.0,0.0,0.0,0.0,0.0,426.5118095060765,0.0,0.0,0.0,690.5887969801765,0.0,0.0,0.06614084753557059,0.0,0.06614084753557059,0.0,0.0,0.0,39.68450852134235,80.69183399339612,80.69183399339612,0.0,0.0,0.0,0.0,0.0,0.0,0.0,207.9038719486208,0.0,0.0,0.0,0.0,954.6935194381341,0.0,0.0,0.0,0.0,0.0,0.0,0.0,0.0,0.0,0.0,0.0,0.0,0.0,0.0,78.31977439890737,0.0,0.0,0.0,0.09921127130335587,0.0,0.0,0.0,-19.842254260671176,0.0,0.0,0.0,0.0,0.0,-229.9591548719788,3.3070423767785293,0.0,0.0,0.0,-671.875,-231.83743236638276,604.1597988593667,-0.7359466168523131,0.0,-305.1537744200722,0.0,0.0,0.0,0.0,0.0,0.0,0.0,124.13005922444314,878.8919636830697,82.77183049288588,0.0,259.6757024415067,-13.47695227366738,0.0,604.1597988593667,0.0,-604.1597988593667,0.0,-131.73309646930534,0.0,3.3070423767785293,1000.0,0.0,0.0,0.0,-11.649607945932017,0.0,0.0,0.0,0.0,0.0,0.0,0.0,0.0,0.0,732.7936343411832,0.0,80.69183399339612,0.0,0.0,0.0,0.0,0.0,0.0,0.0,0.0,0.0,0.0,0.0,0.0,244.84084556748212,-553.5447558906446,0.0,0.0,19.842254260671176,0.0,0.0,0.0,0.0,91.93512715208327,0.0,0.0,0.07275493228931056,0.0,0.0,0.0,40.34591699669806,0.0,0.0,0.0,0.0,191.36021096284904,0.0,745.2369515247397,0.0,0.0,0.0,0.0,0.0,0.0,0.0,0.0,0.006614084753557248,0.006614084753557248,0.0,0.0,0.0,0.0,0.0,0.0,0.0,0.0,0.0,0.0,0.0,0.0,0.0,0.0,0.0,229.9591548719788,0.0,0.0,0.0,0.0,0.0,0.0,0.0,178.1760994926357,0.0,0.0,0.0,0.0,48.308249327694284,0.0,577.4474373982149,0.0,0.0,0.0,39.68450852134235,0.0,0.0,0.0,0.0,0.0,0.0,-39.68450852134235,0.0,0.0,0.0,0.0,0.0,0.0,0.0,0.0,0.0,0.0,0.0,0.0,-1000.0,-1000.0,1000.0,0.0,-19.842254260671176,0.0,999.7354366098581,0.0,0.0,0.0,0.0,0.0,0.0,0.0,0.0,0.0,273.4375,0.0,-273.4375,-273.4375,0.0,0.0,0.0,0.0,-8.267605941946323,0.0,-436.0355712948418,949.7329558729664,0.0,0.0,0.0,0.0,0.0,-0.8267605941946324,0.0,11.649607945932017,0.0,0.0,0.0,0.0,0.0,0.0,0.0,566.4080802040359,19.842254260671176,19.842254260671176,0.0,0.0,0.0,0.0,0.0,0.07275493228931056,229.9591548719788,0.0,0.0,-999.7354366098581,0.0,0.0,0.0,0.0,0.0,0.0,0.0,0.0,0.0,0.0,0.0,0.0,0.0,0.0,0.0,0.0,0.0,0.0,0.0,69.44788991234911,5.092845260238932,0.0,0.0,0.0,0.0,0.0,229.9591548719788,0.0,-608.8606299099389,0.0,0.0,0.0,-8.267605941946323,0.0,0.0,0.0,0.0,0.0,0.0,0.0,0.0,0.0,0.0,0.0,0.0,0.0,0.0,0.0,0.0,0.0,0.0,-0.06614084753557059,0.0,0.0,3.3070423767785293,-502.43506668716975,0.0,0.0,0.0,0.0,0.0,0.0,0.0,0.0,-948.9987924653213,1.6535211883892647,0.0,0.0,0.0,0.06614084753557059,0.0,66.14084753557059,-20.50366273602688,13.228169507114117,0.4724346252540756,184.5329646242419,-0.049605635651677936,218.84454624161555,1.3228169507114118,-0.3307042376774866,-184.5329646242419,19.842254260671176,-0.06614084753557059,4.492317424555793,46.81311467112382,0.016535211883892648,0.4724346252540756,-13.47695227366738,-10.529622927663493,-1.3228169507114118,405.4893206823649,-0.06614084753557059,0.016535211883892648,-184.5329646242419,6.614084753557059,0.06614084753557059,0.06614084753557059,-229.82025909215392,0.07275493228912784,-25.493345694904477,-0.049605635651677936,19.842254260671176,0.06614084753557059,19.842254260671176,-33.07042376778529,-0.033070423767785295,-451.95170501274345,-85.0,-0.049605635651677936,-0.06614084753557059,-20.50366273602688,0.06614084753557059,6.614084753557059,-1.3228169507114118,78.31977439890737,78.31977439890737,-6.614084753557059,-405.4893206823649,-78.31977439890737,13.228169507114117,0.09921127130335587,-981.3255330255931,6.614084753557059,-142.28187165646295,46.81311467112382,-13.228169507114117,0.033070423767785295,0.6614084753557059,176.5798368293265,96.0,-0.06614084753557059,-244.84084556748212,229.82025909215392,20.50366273602688,0.06614084753557059,10.529622927663493,-32.55590237156063,46.81311467112382,-0.06614084753557059,-0.016535211883892648,-46.81311467112382,-0.06614084753557059,-781.6228667711825,0.06614084753558605,-0.016535211883892648,-0.016535211883892648,-0.016535211883892648,26.456339014228234,33.07042376778529,0.6614084753557059,49.00210041791573,-0.016535211883892648,348.6673562340972,3.3070423767785293,21.5,0.06614084753557059,0.033070423767785295,0.033070423767785295,30.02064208911897,20.50366273602688,0.06614084753557059,-20.50366273602688,0.6614084753557059,0.06614084753557059,-49.00210041791573,0.06614084753557059,0.264563390141916,0.3307042376774866,0.033070423767785295,0.016535211883892648,19.842254260671176,-0.06614084753557059,25.493345694904477,0.6614084753557059,-98.00420083583145,217.19102505322627,-6.614084753557059,13.228169507114117,3.3070423767785293,-0.06614084753557059,13.47695227366738,0.09921127130335587,-0.06614084753557059,-60.04128417823794,20.50366273602688,114.55661250663117,0.033070423767785295,-43.0,-0.06614084753557059,-0.06614084753558605,-0.06614084753557059,0.033070423767785295,184.5329646242419,-13.228169507114117,0.06614084753557059,353.159673658653,-0.016535211883892648,-0.07275493228912784,-353.159673658653,9.921127130335588,85.0,673.4233212458477,184.5329646242419,-0.049605635651677936,244.84084556748212,-96.0,0.06614084753557059,-0.016535211883892648,3.3070423767785293,66.14084753557059,-0.033070423767785295,-0.06614084753557059,0.016535211883892648,0.0,0.0,-18.707537398174654,0.0,-46.0,0.0,-90.23111026053101,-31.0,0.0,-32.0,-93.0,-65.0,-1000.0,16.0,23.0,46.5,0.0,15.5,-229.9591548719788,-206.49173965871444,1000.0,65.0,-206.49173965871444,90.23111026053101,-32.14464632126372,0.0,1496.5981,hclb
287,0.0,0.0,0.0,0.0,0.0,0.0,0.0,0.0,-0.01947955582252476,0.0,0.0,0.0,0.0,0.0,0.0,0.0,61.3696278441253,316.1064271308664,0.0,0.0,0.0,0.0,0.0,18.04403979108588,0.0,0.0,0.0,0.0,0.0,-1000.0,0.0,0.0,30.134411815698147,0.0,0.0,0.0,0.0,999.9220817767102,0.0,-1000.0,1000.0,0.0,0.0,111.94666458267696,0.0,0.0,0.0,0.0,1000.0,-441.4525342563438,0.0,173.31629242680225,0.0,0.0214275114047965,0.0,0.0,0.0,0.0,0.0,0.0,250.68142908571053,0.0,0.0,-506.5093568197319,0.0,0.0,0.0,0.0,526.0693053043998,0.0,0.0,0.1947955582252476,0.0,0.0,0.0,0.0,0.0,0.0,0.0,0.0,0.0,0.0,0.0,0.0,11.687733493514855,0.0,0.0,142.6460881716065,-30.670204255195756,0.0,-0.00486988895563119,0.0,0.0,459.92596930652246,5.843866746757428,0.0,5.843866746757428,-0.6272416974852238,0.0,0.0,285.64029176668134,885.7639690748439,-1000.0,0.0,0.0,-0.43509000062403497,0.0,0.0,0.0,0.0,0.0,0.0,0.0,0.0,0.0,0.0,0.0,0.0,0.0,0.0,0.0,0.0,0.0,0.0,-1000.0,0.0,0.0,5.843866746757428,0.0,6.038662304982674,6.038662304982674,0.0,-352.3005328969805,-577.5275921030236,929.8281250000041,-929.8281250000041,-628.6590158949496,0.0,0.0,-128.5317700104929,0.0,0.0,0.0,0.0,0.0,1.4999257983344063,0.01947955582252476,0.0,0.0,0.0,0.0,0.0,0.0,0.0,285.64029176668134,0.0,-181.40511910386704,0.0,0.0,0.0,0.0,0.0,436.4861299254594,436.4861299254594,0.0,0.0,0.0,796.875,937.5488203744629,0.0,0.0,436.5056094812819,0.0,0.0,0.0,-1000.0,0.0,0.0,0.0,0.0,0.0,0.0,0.0,0.0,0.0,0.0,-589.6632131882353,0.0,0.0,0.0,0.0,-1000.0,0.0,0.0,0.0,0.0,0.0,441.4525342563438,-173.31629242680225,30.670204255195756,-30.670204255195756,757.1907859054425,0.0,0.0,0.0,0.0,0.0,0.0,0.0,-941.3308556423206,0.0,0.0,0.0,0.0,0.0,0.0,0.0,0.0,0.0,0.0,0.0,0.0,0.0,188.17877519629454,-35.208177670990096,111.94666458267696,0.0,0.0,0.0,0.0,-297.26481659892,0.0,0.0,0.0,0.0,250.68142908571053,0.0,0.0,0.0,166.24283137597897,0.0,0.0,0.0,0.0,0.0,0.0,3.895911164504952,0.0,0.0,61.34040851039151,0.0,1000.0,0.0,-111.94666458267696,0.0,0.0,757.1907859054425,23.765058103480204,0.0,0.0,0.0,-33.633876074622265,0.0,0.0,-1000.0,-530.9991981343455,-156.18750000074579,0.0,-469.0008018656544,843.8124999992542,0.0,0.0,-622.5531643587422,441.4525342563438,0.0,-393.50068395171303,0.0,0.0,0.0,-748.1532041917887,0.0,748.1532041917887,0.0,768.8291369590033,0.0,0.0,0.0,796.875,0.0,0.0,250.68142908571053,-0.02921933373378714,0.0,0.0,0.0,0.0,0.01947955582252476,0.0,0.0,0.0,534.2301639467202,61.3696278441253,0.0,-273.8413115737607,178.72787695128665,0.0,1000.0,0.0,-215.1101007824123,0.0,-0.43509000062403497,0.0,0.0,0.0,-1.6771897563194011,216.78729053873167,0.0,-446.21383011506344,-1000.0,0.0,0.0,0.0,0.0,0.0,0.0,0.0,0.0,0.0,0.0,0.0,0.0,0.0,0.0,0.0,0.0,166.24283137597897,0.0,0.0,-1000.0,285.64029176668134,0.0,0.0,104.19803348072395,0.0,0.0,663.9401492708541,0.0,0.0,0.0,0.0,884.7899912837177,-742.8565958431315,0.0,504.53200982665265,-0.486988895563119,0.0,0.0,-0.973977791126238,0.0,-26.229221915029587,0.0,-1000.0,1000.0,0.0,0.0,680.2474725944675,0.0,-677.3255392210888,0.0,-323.64843857003746,5.843866746757428,0.0,0.0,0.0,0.0,0.0,0.0,549.726302268997,361.54752707270245,-361.54752707270245,-361.54752707270245,89.53917883611908,0.0,0.0,-332.3624865893664,0.0,0.0,0.0,0.0,0.0,-255.8279277340214,0.0,0.0,5.843866746757428,0.0,0.0,0.0,0.0,-41.052044417747524,0.03895911164506253,0.0,0.0,0.0,0.0,0.0,0.0,0.0,0.0,0.0,526.0693053043998,0.0,0.0,0.0,0.0,0.0,0.0,0.0,0.0,0.0,0.0214275114047965,0.0214275114047965,0.0,280.2828640317896,0.0,11.687733493514855,0.0,0.0,0.0,1000.0,0.0,729.7802555490985,0.0,0.0,0.0,464.5483883076968,-1000.0,0.0,0.0,4.2171252684817215,0.0,0.0,5.843866746757428,0.0,0.0,0.0,0.0,0.0,0.0,0.0,333.3333333333333,-534.2301639467202,0.0,0.0,1.4999257983344063,0.0,0.0,459.92596930652246,0.0,0.0,464.5483883076968,0.0,0.0,423.4963438899493,0.0,0.0,188.17877519629454,0.0,0.0,0.0,0.0,0.0,0.0,0.0,0.0,0.0,0.0,0.0,0.0,0.0,11.687733493514855,757.1907859054425,757.1907859054425,0.0,0.0,0.0,0.0,0.0,0.0,0.0,0.0,0.0,0.0,0.1947955582252476,0.0,0.0,0.0,0.0,0.0,-173.31629242680225,0.0,0.0,5.843866746757428,-4.2171252684817215,0.0,0.0,0.0,0.0,0.0,0.0,0.0,0.0,0.0,49.191849551302965,0.0,0.0,5.843866746757428,5.843866746757428,1000.0,-1000.0,0.0,5.843866746757428,0.0,0.0,0.0,0.0,0.0,446.21383011506344,0.0,921.5437348938111,0.01947955582252476,0.0,0.0,1.5708870374021755,0.0,0.0,0.0,-459.92596930652246,0.0,0.0,0.0,0.0,0.0,0.0,0.0,0.0,0.0,0.0,0.0,0.0,0.0,0.0,0.01947955582252476,0.0,0.0,0.0,0.0,0.0,0.0,0.0,0.0,0.0,0.0,663.9401492708541,0.0,0.0,-1000.0,-1.460966686689396,-0.973977791126238,0.0,0.0,0.0,0.0,0.0,0.0,0.0,0.0,0.0,0.0,0.0,0.0,757.1907859054425,0.0,0.0,0.0,-1000.0,0.0,0.0,0.0,-0.01947955582252476,0.0,0.0,0.01947955582252476,0.0,0.01947955582252476,0.0,0.0,0.0,11.687733493514855,23.765058103480204,23.765058103480204,0.0,0.0,0.0,0.0,0.0,0.0,0.0,0.0,0.0,0.0,0.0,0.0,0.0,0.0,0.0,0.0,0.0,0.0,0.0,0.0,0.0,0.0,0.0,0.0,0.0,0.0,0.0,459.92596930652246,0.0,0.0,0.0,0.02921933373378714,0.0,0.0,0.0,-5.843866746757428,0.0,0.0,0.0,0.0,0.0,-280.2828640317896,0.973977791126238,0.0,0.0,0.0,-796.875,-937.5488203744629,-1.601219488611462,0.0,0.0,0.0,0.0,0.0,0.0,0.0,0.0,757.1907859054425,0.0,4.2171252684817215,0.0,92.10408883549505,0.0,61.10408883549505,-0.43509000062403497,0.0,662.3389297822426,0.0,-662.3389297822426,285.64029176668134,0.0,0.0,0.973977791126238,1000.0,0.0,0.0,0.0,-255.8279277340214,0.0,0.0,0.0,0.0,0.0,-665.4400750691885,0.0,0.0,0.0,863.538626086174,-276.79734627131756,23.765058103480204,0.0,95.30113550297173,95.30113550297173,-95.30113550297173,0.0,0.0,0.0,0.0,0.0,0.0,0.0,0.0,7.8684178205403,-527.6401923418019,479.5661127717649,0.0,5.843866746757428,0.0,0.0,0.0,0.0,-227.68756485814157,0.0,0.0,0.0214275114047965,0.0,0.0,0.0,11.882529051740102,0.0,0.0,0.0,0.0,-35.208177670990096,0.0,0.0,0.0,0.0,0.0,0.0,0.0,0.0,0.0,0.0,250.32700701764975,0.001947955582252476,0.0,0.0,0.0,0.0,0.0,0.0,0.0,0.0,0.0,1.5708870374021755,0.0,0.0,0.0,0.0,0.0,280.2828640317896,0.0,0.0,0.0,0.0,0.0,0.0,0.0,441.4525342563438,0.0,0.0,0.0,0.0,0.0,326.86979890270624,316.1064271308664,0.0,0.0,0.0,11.687733493514855,0.0,0.0,0.0,0.0,0.0,988.3122665064851,-1000.0,0.0,0.0,0.0,0.0,0.0,0.0,0.0,0.0,0.0,0.0,0.0,0.0,-1000.0,-1000.0,13.343495738429459,0.0,-5.843866746757428,0.0,999.9220817767102,0.0,0.0,0.0,0.0,0.0,0.0,0.0,0.0,0.0,0.0,0.0,0.0,0.0,0.0,0.0,0.0,0.0,-2.434944477815634,757.1907859054425,-886.2509579704072,275.33637958462805,0.0,0.0,0.0,0.0,0.0,0.0,-0.2434944477815595,541.4682195007027,0.0,0.0,0.0,0.0,0.0,0.0,0.0,921.5437348938111,5.843866746757428,5.843866746757428,0.0,0.0,0.0,0.0,0.0,0.0214275114047965,280.2828640317896,0.0,0.0,-999.9220817767102,250.3250590620675,0.0,0.0,0.0,0.0,0.0,0.0,0.0,0.0,0.0,0.0,0.0,0.0,0.0,0.0,0.0,0.0,6.038662304982674,0.0,20.453533613650997,0.0,0.0,1.4999257983344063,0.0,0.0,0.0,280.2828640317896,0.0,0.0,0.0,0.0,0.0,-2.434944477815634,0.0,0.0,0.0,0.0,0.0,0.0,0.0,0.0,0.0,0.0,0.0,0.0,0.0,0.0,0.0,0.0,0.0,0.0,-0.01947955582252476,0.0,0.0,0.973977791126238,-464.5483883076968,0.0,0.0,0.0,0.0,757.1907859054425,0.0,0.0,0.0,1.6771897563194011,0.486988895563119,0.0,0.0,0.0,0.01947955582252476,0.0,19.47955582252476,0.0,3.895911164504952,0.13913968444660543,66.42528535480942,-0.01460966686689357,495.46799017334735,0.3895911164504952,-0.09739777911227065,-66.42528535480942,5.843866746757428,-0.01947955582252476,0.14503000020801166,5.843866746757428,0.00486988895563119,0.13913968444660543,-0.43509000062403497,-3.1011452869458935,-0.3895911164504952,-377.4760549749917,-0.01947955582252476,0.00486988895563119,-66.42528535480942,1.947955582252476,0.01947955582252476,0.01947955582252476,-280.2419569645623,0.02142751140476335,-70.31627623219802,-0.01460966686689357,5.843866746757428,0.01947955582252476,5.843866746757428,-9.73977791126238,-0.00973977791126238,252.59157533731312,295.297381460845,-0.01460966686689357,-0.01947955582252476,0.0,0.01947955582252476,1.947955582252476,-0.3895911164504952,459.92596930652246,459.92596930652246,-1.947955582252476,377.4760549749917,-459.92596930652246,3.895911164504952,0.02921933373378714,-951.3166345082445,1.947955582252476,-333.3333333333333,5.843866746757428,-3.895911164504952,0.00973977791126238,0.1947955582252476,68.46032789344018,96.0,-0.01947955582252476,-284.66576409185785,280.2419569645623,6.038662304982674,0.01947955582252476,3.1011452869458935,-17.531600240272056,5.843866746757428,-0.01947955582252476,-0.00486988895563119,-5.843866746757428,-0.01947955582252476,-41.052044417747524,0.01947955582252476,-0.00486988895563119,-0.00486988895563119,-0.00486988895563119,7.791822329009904,9.73977791126238,0.1947955582252476,14.431915920013125,-0.00486988895563119,136.77562578667235,0.973977791126238,21.5,0.01947955582252476,0.00973977791126238,0.00973977791126238,4.86988895563119,0.0,0.01947955582252476,0.0,0.1947955582252476,0.019479555822524697,-14.431915920013125,0.01947955582252476,0.07791822328977105,0.09739777911227065,0.00973977791126238,0.00486988895563119,5.843866746757428,-0.01947955582252476,70.31627623219802,0.1947955582252476,-28.86383184002625,494.9810012777842,-1.947955582252476,3.895911164504952,0.973977791126238,-0.01947955582252476,0.43509000062403497,0.02921933373378714,-0.019479555822524697,-9.73977791126238,0.0,339.61105386102105,0.00973977791126238,-43.0,-0.01947955582252476,-0.01947955582252476,-0.01947955582252476,0.00973977791126238,66.42528535480942,-3.895911164504952,0.01947955582252476,136.92065578688036,-0.00486988895563119,-0.02142751140476335,-136.92065578688036,2.921933373378714,-295.297381460845,575.3282277306432,66.42528535480942,-0.01460966686689357,284.66576409185785,-96.0,0.01947955582252476,-0.00486988895563119,0.973977791126238,19.47955582252476,-0.00973977791126238,-0.01947955582252476,0.00486988895563119,0.0,0.0,951.3068947303333,0.0,-46.0,0.0,297.6360997928818,-31.0,0.0,-32.0,-93.0,-65.0,0.0,16.0,23.0,46.5,0.0,15.5,-280.2828640317896,-111.92348900287946,0.0,65.0,-111.92348900287946,-297.6360997928818,156.6098722254507,0.0,1496.5981,hclb
288,0.0,0.0,0.0,0.0,0.0,0.0,0.0,0.0,269.24570421134865,0.0,0.0,0.0,0.0,0.0,0.0,0.0,310.69035198163033,-144.7185802670577,0.0,0.0,0.0,0.0,0.0,37.89931451416291,0.0,0.0,0.0,0.0,0.0,0.0,0.0,0.0,11.504149575947466,0.0,0.0,0.0,0.0,-10.667942018682954,0.0,-1000.0,1000.0,0.0,0.0,0.0,0.0,0.0,0.0,226.88332808052505,-621.3807039632607,0.0,0.0,0.0,0.0,0.06700458443390289,0.0,0.0,0.0,239.0659797958081,0.0,0.0,-5.364427638629684,0.0,5.364427638629684,0.0,1000.0,0.0,0.0,0.0,870.1056811479733,-830.5120630733034,0.0,0.6091325857641524,0.0,0.0,0.0,0.0,0.0,0.0,0.0,0.0,0.0,0.0,-74.78605084742344,0.0,36.547955145849144,0.0,0.0,624.8309324511264,-148.16880875492348,137.00203934080304,0.0,0.0,0.0,-206.1751566295733,18.273977572924572,0.0,18.273977572924572,0.0,0.0,0.0,0.0,3.0456629288207617,0.0,0.0,0.0,-18.14966740951391,0.0,1000.0,0.0,0.0,0.0,0.0,0.0,0.0,0.0,0.0,0.0,0.0,0.0,0.0,0.0,0.0,0.0,0.0,-370.86056648877786,0.0,0.0,18.273977572924572,0.0,18.88311015868872,16.280573343414872,0.0,0.0,0.0,0.0,0.0,0.0,0.0,0.0,0.0,0.0,0.0,0.0,0.0,0.0,79.47637175780741,0.06091325857641523,0.015228314644103808,0.0,0.0,-136.24120231754273,0.0,0.0,0.0,0.0,0.0,357.17480512439136,0.0,0.0,0.0,0.0,0.0,973.195006319494,973.195006319494,0.0,0.0,0.0,890.6249999999999,-678.949827540798,0.0,0.0,973.2559195780705,0.0,0.0,0.0,0.0,-589.276272731312,0.0,0.0,0.0,0.0,0.0,0.0,0.0,0.0,0.0,0.0,0.0,0.0,0.0,0.0,-1000.0,0.0,0.0,0.0,0.0,0.0,0.0,0.0,148.16880875492348,-148.16880875492348,0.0,0.0,0.0,0.0,0.0,0.0,0.0,0.0,587.8217339950152,0.0,0.0,0.0,0.0,0.0,0.0,0.0,0.0,0.0,0.0,0.0,0.0,0.0,75.3753357903542,117.60650574810882,310.69035198163033,0.0,0.0,0.0,0.0,78.84776088378206,0.0,0.0,0.0,0.0,-5.364427638629684,310.69035198163033,0.0,0.0,0.0,0.0,0.0,0.0,0.0,0.0,1.9614069261606346,0.0,0.0,0.0,70.69029626870247,-225.64732124114434,151.6190372427892,0.0,-310.69035198163033,0.0,0.0,0.0,74.31417546322658,0.0,0.0,0.0,-6.139041243526382,0.0,0.0,0.0,0.0,-153.9879324717308,-183.12909452732288,183.12909452732288,-337.1170269990537,0.0,0.0,0.0,0.0,0.0,123.66137723124618,0.0,0.0,0.0,0.0,0.0,0.0,0.0,973.1340930609176,0.0,0.0,252.72292236447652,890.625,0.0,0.0,-5.364427638629684,-0.09136988786462284,0.0,0.0,0.0,0.0,0.06091325857641523,0.0,0.0,0.0,900.9168546171327,310.69035198163033,0.0,-610.9319668120642,-452.2364182814697,589.276272731312,988.0579510638257,0.0,-323.32774384205516,0.0,-18.14966740951391,0.0,0.0,0.0,796.8523543265794,-473.52461048452426,0.0,-1000.0,0.0,0.0,0.0,0.0,0.0,0.0,0.0,0.0,0.0,0.0,0.0,0.0,0.0,0.0,0.0,0.0,0.0,0.0,-10.424288984377212,0.0,0.0,0.0,0.0,0.0,0.0,0.0,159.45200385132216,-81.43777868396805,0.0,74.78605084742344,0.0,0.0,0.0,603.418929336551,0.0,0.0,0.0,-1000.0,621.4121103803068,284.9230690690482,0.0,-884.1166885631518,0.0,-3.0456629288207617,80.04610621431715,-1.5228314644103809,-287.968731997869,0.0,0.0,0.0,755.4426925918132,0.0,18.273977572924572,968.7500000000009,-968.7500000000009,0.0,760.0184196041008,0.0,269.3066174699251,0.0,-75.3753357903542,75.3753357903542,75.3753357903542,-661.0514039098699,0.0,0.0,0.0,0.0,0.0,0.0,0.0,0.0,-10.728855277259369,0.0,0.0,30.21602650909883,0.0,0.0,0.0,0.0,-36.90867414235848,0.12182651715287114,0.0,0.0,0.0,0.0,0.0,0.0,0.0,209.61696348475206,0.0,39.593618074669905,0.0,0.0,0.0,0.0,0.0,0.0,0.0,0.0,0.0,0.06700458443390289,0.06700458443390289,0.0,159.19268407507116,0.0,36.547955145849144,0.0,0.0,0.0,-1000.0,0.0,964.0667838951645,0.0,0.0,0.0,-265.42248873337905,1000.0,0.0,0.0,76.97776580641789,0.0,0.0,30.21602650909883,0.0,0.0,0.0,0.0,0.0,0.0,0.0,123.62018882959262,-900.9168546171327,136.24120231754273,0.0,4.690320910383974,0.0,714.9770824866447,-921.152239116218,-1000.0,0.0,-265.42248873337905,0.0,-740.2201724241061,437.88900954836856,-968.750000000046,968.750000000046,75.3753357903542,0.0,0.0,0.0,0.0,0.0,0.0,0.0,0.0,0.0,0.0,0.0,0.0,0.0,36.547955145849144,0.0,0.0,0.0,0.0,0.0,0.0,0.0,0.0,0.0,0.0,0.0,0.0,0.6091325857641524,0.0,0.0,0.0,0.0,0.0,0.0,0.0,0.0,18.273977572924572,-76.97776580641789,0.0,0.0,0.0,0.0,0.0,0.0,0.0,0.0,0.0,0.0,29.887251446772893,0.0,18.273977572924572,18.273977572924572,-406.37734071480736,1000.0,0.0,30.21602650909883,0.0,0.0,0.0,0.0,0.0,0.0,0.0,6.900456975731572,0.06091325857641523,0.0,0.0,-823.3915229938299,838.713889464409,0.0,209.61696348475206,206.1751566295733,0.0,0.0,0.0,0.0,0.0,0.0,0.0,0.0,0.0,0.0,0.0,0.0,0.0,0.0,0.06091325857641523,0.0,0.0,0.0,0.0,0.0,0.0,0.0,0.0,0.0,-81.43777868396805,85.21033983180065,0.0,0.0,0.0,-4.568494393231143,-3.0456629288207617,0.0,0.0,0.0,0.0,0.0,0.0,0.0,0.0,0.0,0.0,0.0,0.0,0.0,589.276272731312,0.0,0.0,3.0456629288207617,0.0,0.0,0.0,269.24570421134865,0.0,0.0,0.06091325857641523,0.0,0.06091325857641523,0.0,0.0,0.0,36.547955145849144,74.31417546322658,74.31417546322658,0.0,0.0,0.0,0.0,0.0,0.0,74.78605084742344,136.24120231754273,0.0,0.0,0.0,0.0,802.0969858900087,0.0,0.0,0.0,0.0,0.0,0.0,0.0,0.0,0.0,0.0,0.0,0.0,0.0,0.0,78.84776088378206,0.0,0.0,0.0,0.09136988786462284,0.0,0.0,0.0,-18.273977572924572,0.0,0.0,0.0,0.0,0.0,-159.19268407507116,3.0456629288207617,0.0,0.0,0.0,-890.6249999999999,678.949827540798,0.0,0.0,0.0,0.0,0.0,0.0,0.0,0.0,0.0,0.0,0.0,76.97776580641789,981.2555170720896,83.81734828471696,0.0,189.0585506022597,-18.14966740951391,10.424288984377212,0.0,74.78605084742344,-85.21033983180065,0.0,0.0,0.0,3.0456629288207617,1000.0,0.0,0.0,0.0,-10.728855277259369,0.0,0.0,0.0,0.0,0.0,0.0,0.0,0.0,0.0,-9.136988786462293,0.0,74.31417546322658,0.0,0.0,0.0,0.0,0.0,0.0,0.0,0.0,0.0,1.9614069261606346,0.0,0.0,172.8981672547646,-54.915984545249,0.0,0.0,18.273977572924572,0.0,0.0,0.0,0.0,116.37678620072052,0.0,0.0,0.06700458443390289,0.0,0.0,0.0,37.15708773161329,0.0,0.0,0.0,0.0,117.60650574810882,0.0,0.0,0.0,0.0,0.0,0.0,0.0,0.0,1000.0,0.0,0.006091325857641524,0.006091325857641524,0.0,0.0,0.0,0.0,0.0,0.0,0.0,0.0,0.0,-823.3915229938299,0.0,0.0,0.0,0.0,0.0,159.19268407507116,0.0,0.0,0.0,0.0,0.0,0.0,0.0,0.0,0.0,0.0,0.0,0.0,0.0,0.0,-144.7185802670577,0.0,0.0,0.0,36.547955145849144,0.0,0.0,0.0,0.0,0.0,0.0,-36.547955145849144,0.0,0.0,0.0,0.0,0.0,0.0,0.0,0.0,0.0,0.0,0.0,0.0,993.0995430242684,-1000.0,843.8225680148531,-785.7715000326725,767.497522459748,0.0,-10.667942018682954,0.0,0.0,0.0,0.0,0.0,0.0,0.0,0.0,0.0,398.4375,0.0,-398.4375,-398.4375,0.0,0.0,0.0,0.0,-7.614157322051905,0.0,-4.568494393231143,797.5284914967775,0.0,0.0,0.0,0.0,0.0,0.0,-0.7614157322051904,10.728855277259369,0.0,0.0,0.0,0.0,0.0,0.0,0.0,1000.0,18.273977572924572,18.273977572924572,0.0,0.0,0.0,0.0,0.0,0.06700458443390289,159.19268407507116,0.0,0.0,10.667942018682954,0.0,0.0,0.0,0.0,0.0,0.0,0.0,0.0,0.0,0.0,0.0,0.0,0.0,0.0,0.0,0.0,0.0,16.280573343414872,0.0,63.958921505236006,0.0,0.0,79.47637175780741,0.0,0.0,0.0,159.19268407507116,0.0,-3.0456629288207617,0.0,0.0,0.0,-7.614157322051905,0.0,0.0,0.0,0.0,0.0,0.0,0.0,0.0,0.0,0.0,0.0,0.0,0.0,0.0,0.0,0.0,0.0,0.0,-0.06091325857641523,0.0,0.0,3.0456629288207617,265.42248873337905,0.0,0.0,0.0,0.0,0.0,0.0,0.0,0.0,-796.8523543265794,1.5228314644103809,0.0,0.0,0.0,0.06091325857641523,0.0,60.91325857641523,-2.6025368152738304,12.182651715283047,0.43509470411725165,202.50913811502824,-0.04568494393231142,3.0456629288207617,1.2182651715283048,-0.3045662928821571,-202.50913811502824,18.273977572924572,-0.06091325857641523,6.049889136504636,30.21602650909883,0.015228314644103808,0.43509470411725165,-18.14966740951391,-9.69739076536537,-1.2182651715283048,-165.97177171457264,-0.06091325857641523,0.015228314644103808,-202.50913811502824,6.0913258576415235,0.06091325857641523,0.06091325857641523,-159.06476623206083,0.06700458443405675,-12.11348889927811,-0.04568494393231142,18.273977572924572,0.06091325857641523,18.273977572924537,-30.45662928820762,-0.030456629288207616,-308.76198140608545,-85.0,-0.04568494393231142,-0.06091325857641523,-2.6025368152738304,0.06091325857641523,6.09132585764155,-1.2182651715283048,78.84776088378206,78.84776088378206,-6.0913258576415235,165.97177171457264,-78.84776088378206,12.182651715283047,0.09136988786462284,0.0,6.0913258576415235,-123.62018882959262,30.21602650909883,-12.182651715283047,0.030456629288207616,0.6091325857641524,152.73299170301604,96.0,-0.06091325857641523,-172.8981672547646,159.06476623206083,18.88311015868872,0.06091325857641523,9.69739076536537,-42.87988378259996,30.21602650909883,-0.06091325857641523,-0.015228314644103808,-30.21602650909883,-0.06091325857641523,-36.90867414235848,0.06091325857642393,-0.015228314644103808,-0.015228314644103808,-0.015228314644103808,24.365303430566094,30.45662928820762,0.6091325857641524,233.58447303073635,-0.015228314644103808,299.41609426952743,3.0456629288207617,21.5,0.06091325857641523,0.030456629288207616,0.030456629288207616,21.199339112190938,2.6025368152738304,0.06091325857641523,-2.6025368152738304,0.6091325857641524,0.06091325857641523,-610.4951981966026,0.06091325857641523,0.24365303430574237,0.3045662928821571,0.030456629288207616,0.015228314644103808,18.273977572924572,-0.06091325857641523,12.11348889927811,0.6091325857641524,-467.1689460614727,1.5228314644103813,-6.09132585764155,12.182651715283047,3.0456629288207617,-0.06091325857641523,18.14966740951391,0.09136988786462284,-0.06091325857641523,-42.398678224381875,2.6025368152738304,307.4933390722953,0.030456629288207616,-43.0,-0.06091325857641523,-0.06091325857642393,-0.06091325857641523,0.030456629288207616,202.50913811502824,-12.182651715283047,0.06091325857641523,305.4659834060321,-0.015228314644103808,-0.06700458443405675,-305.4659834060321,9.136988786462284,85.0,80.49646830946712,202.50913811502824,-0.04568494393231142,172.8981672547646,-96.0,0.06091325857641523,-0.015228314644103812,3.0456629288207617,60.91325857641523,-0.030456629288207616,-0.06091325857641523,0.015228314644103808,0.0,0.0,-137.03249597009125,376.9107251658662,-46.0,0.0,-108.0,-31.0,0.0,-32.0,-93.0,-65.0,-137.00203934080304,16.0,23.0,46.5,0.0,15.5,-159.19268407507116,-423.87012527301584,137.00203934080304,65.0,-423.87012527301584,108.0,-35.605721037520794,0.0,1496.5981,hclb
289,0.0,0.0,0.0,0.0,0.0,0.0,0.0,0.0,-0.053688158003416066,0.0,0.0,0.0,0.0,0.0,0.0,0.0,-631.9653897530128,499.97594512481953,0.0,-36.82688308779029,0.0,0.0,0.0,210.97712930141324,0.0,0.0,0.0,0.0,0.0,-887.2705595868182,0.0,0.0,228.4777188781829,0.0,0.0,0.0,0.0,-114.32129429798294,0.0,-1000.0,1000.0,0.0,-342.48021681559754,1000.0,0.0,0.0,0.0,0.0,958.2774457782184,0.0,0.0,0.0,0.0,0.05905697380390614,0.0,0.0,0.0,10.737631600683214,0.0,0.0,101.91932979919389,0.0,0.0,-218.0230709428903,0.0,0.0,0.0,0.0,0.0,0.0,0.0,0.5368815800341608,0.0,0.0,0.0,0.0,0.0,0.0,0.0,95.1422166346412,0.0,0.0,0.0,0.0,32.21289480204964,0.0,0.0,-897.9430231675025,402.8146394263134,733.2869485749968,-0.013422039500854018,0.0,0.0,-263.9787678056978,16.10644740102482,0.0,16.10644740102482,-1.7287586877100691,0.0,0.0,0.0,2.6844079001708034,-887.2705595868182,0.0,0.0,0.0,0.0,0.0,0.0,0.0,0.0,0.0,0.0,0.0,0.0,0.0,0.0,0.0,0.0,0.0,0.0,0.0,0.0,0.0,-1000.0,0.0,0.0,16.10644740102482,0.0,16.643328981058982,0.0,0.0,-1000.0,1000.0,0.0,0.0,-319.9424007420842,0.0,0.0,0.0,0.0,0.0,0.0,0.0,0.0,4.133988166263035,0.053688158003416066,0.0,0.0,0.0,0.0,-400.61150512569503,0.0,0.0,0.0,0.0,-91.22520125196999,0.0,0.0,0.0,0.0,0.0,460.60868283937316,460.60868283937316,0.0,0.0,0.0,0.0,-416.59376947242606,0.0,0.0,460.66237099737657,0.0,0.0,0.0,-15.026180770779717,0.0,0.0,0.0,0.0,0.0,0.0,0.0,0.0,0.0,0.0,0.0,0.0,0.0,0.0,0.0,-1000.0,0.0,0.0,0.0,0.0,0.0,0.0,342.48021681559754,-402.8146394263134,402.8146394263134,296.4285654668876,0.0,0.0,0.0,0.0,0.0,0.0,0.0,-551.8371462254152,0.0,0.0,0.0,0.0,0.0,0.0,0.0,0.0,0.0,0.0,0.0,0.0,0.0,80.61308190866043,379.08676832706146,218.4782867460151,0.0,0.0,0.0,23.513835275196627,79.57749604165498,0.0,0.0,0.0,0.0,101.91932979919389,-781.5217132539849,0.0,0.0,0.0,0.0,0.0,0.0,0.0,0.0,0.0,0.0,0.0,0.0,0.0,463.14906203702935,0.0,0.0,-218.4782867460151,0.0,0.0,319.9424007420842,-216.45332141776169,0.0,0.0,0.0,-112.0583384381391,0.0,0.0,-884.1127779752976,0.0,0.0,-884.1127779752976,0.0,0.0,0.0,0.0,0.0,0.0,0.0,-226.21610067901173,0.0,0.0,0.0,0.0,0.0,0.0,0.0,460.55499468136975,0.0,23.513835275196627,-129.7818592135422,0.0,0.0,0.0,101.91932979919389,-0.0805322370051241,0.0,0.0,0.0,0.0,0.053688158003416066,0.0,0.0,0.0,607.8874910904326,-631.9653897530128,0.0,-249.7418785355519,-42.6321522668472,0.0,923.3302437265114,0.0,0.0,0.0,0.0,0.0,0.0,0.0,-4.622550404094271,474.31690898427735,-469.69435858018306,-1000.0,198.17420961591438,0.0,0.0,0.0,0.0,0.0,0.0,0.0,0.0,0.0,0.0,0.0,0.0,0.0,0.0,0.0,0.0,0.0,-1000.0,0.0,-885.8934583340307,0.0,0.0,0.0,0.0,0.0,0.0,-4.133988166263035,0.0,0.0,0.0,0.0,0.0,0.0,0.0,-652.8481956841291,-107.18477903778842,-474.31690898427735,0.0,0.0,397.40325382858333,0.0,0.0,650.1637877839584,405.0374828230216,105.84257508770301,-2.6844079001708034,-342.61554080652195,0.0,-524.4606837567194,553.7166403468532,0.0,16.10644740102482,0.0,0.0,0.0,402.31284726243064,0.0,0.0,0.0,-80.61308190866043,80.61308190866043,80.61308190866043,-518.7147060331724,0.0,150.3214204296695,0.0,0.0,0.0,0.0,0.0,0.0,-116.10374114369642,0.0,0.0,92.77620367451341,0.0,0.0,0.0,0.0,-37.63118419965839,0.10737631600677261,0.0,0.0,0.0,0.0,0.0,0.0,0.0,0.0,0.0,0.0,0.0,0.0,0.0,0.0,0.0,0.0,0.0,0.0,0.0,0.05905697380390614,0.05905697380390614,0.0,165.87545030797722,0.0,32.21289480204964,0.0,188.74527996873147,0.0,1000.0,0.0,325.3791386712926,0.0,0.0,0.0,-231.66684946913603,-1000.0,0.0,0.0,0.0,0.0,0.0,92.77620367451341,0.0,0.0,0.0,0.0,0.0,0.0,0.0,333.3333333333333,-607.8874910904326,400.61150512569503,0.0,4.133988166263035,0.0,0.0,-263.9787678056978,-639.9848293142404,0.0,-231.66684946913603,0.0,-269.2980336687944,0.0,0.0,0.0,80.61308190866043,0.0,0.0,0.0,0.0,0.0,0.0,0.0,0.0,0.0,0.0,0.0,0.0,0.0,32.21289480204964,319.9424007420842,319.9424007420842,0.0,0.0,0.0,0.0,0.0,0.0,0.0,0.0,0.0,0.0,0.5368815800341608,0.0,0.0,0.0,0.0,0.0,342.48021681559754,0.0,0.0,16.10644740102482,0.0,0.0,0.0,0.0,0.0,0.0,0.0,0.0,0.0,0.0,0.0,307.09995709196363,0.0,16.10644740102482,16.10644740102482,1000.0,-1000.0,0.0,92.77620367451341,0.0,0.0,0.0,0.0,0.0,887.2705595868182,0.0,1000.0,0.053688158003416066,0.0,0.0,0.0,70.90288238036855,198.66422717005855,0.0,263.9787678056978,0.0,0.0,0.0,0.0,0.0,0.0,0.0,0.0,0.0,0.0,0.0,0.0,0.0,0.0,0.053688158003416066,0.0,0.0,0.0,0.0,0.0,0.0,0.0,0.0,0.0,0.0,-4.1339881662630376,0.0,0.0,114.1065416659693,-4.026611850256205,0.0,-2.6844079001708034,0.0,0.0,0.0,0.0,0.0,0.0,0.0,0.0,0.0,0.0,0.0,319.9424007420842,0.0,0.0,0.0,-521.7762758565486,0.0,0.0,0.0,-0.053688158003416066,0.0,0.0,0.053688158003416066,0.0,0.053688158003416066,0.0,0.0,0.0,32.21289480204964,65.4995527641676,65.4995527641676,0.0,0.0,0.0,0.0,0.0,0.0,0.0,400.61150512569503,0.0,0.0,0.0,0.0,0.0,0.0,0.0,0.0,0.0,0.0,0.0,0.0,0.0,0.0,0.0,0.0,0.0,0.0,0.0,376.0060615085426,0.0,0.0,0.0,0.0805322370051241,0.0,0.0,0.0,-16.10644740102482,0.0,0.0,0.0,0.0,0.0,-165.87545030797722,2.6844079001708034,0.0,0.0,0.0,0.0,416.59376947242606,43.91863474938067,-2.6844079001708034,0.0,0.0,0.0,0.0,0.0,0.0,0.0,319.9424007420842,0.0,0.0,-656.1874999999814,85.26236839931678,0.0,454.87387352501185,198.66422717005855,0.0,39.784646583117635,0.0,-39.784646583117635,0.0,-281.9528741819293,188.74527996873147,2.6844079001708034,730.8059608221258,0.0,0.0,0.0,-116.10374114369642,-662.7926127191208,662.7926127191208,298.2191945320768,-298.2191945320768,0.0,0.0,0.0,0.0,0.0,-8.053223700512314,0.0,65.4995527641676,0.0,0.0,0.0,0.0,0.0,0.0,0.0,0.0,0.0,0.0,0.0,0.0,177.95528585874573,-70.90288238036855,13.559602922274395,-342.48021681559754,16.10644740102482,0.0,0.0,0.0,0.0,-158.73523491469405,0.0,0.0,0.05905697380390614,0.0,0.0,0.0,32.7497763820838,0.0,0.0,0.0,0.0,379.08676832706146,0.0,0.0,0.0,0.0,0.0,0.0,0.0,0.0,0.0,0.0,0.00536881580034176,0.00536881580034176,0.0,0.0,0.0,0.0,0.0,0.0,0.0,0.0,0.0,0.0,0.0,0.0,0.0,0.0,0.0,165.87545030797722,0.0,0.0,0.0,0.0,0.0,0.0,0.0,0.0,0.0,0.0,0.0,0.0,0.0,0.0,499.97594512481953,0.0,0.0,0.0,32.21289480204964,0.0,0.0,0.0,0.0,0.0,0.0,-32.21289480204964,0.0,0.0,0.0,0.0,0.0,0.0,0.0,0.0,0.0,0.0,0.0,0.0,137.64456533411726,-1000.0,36.77638823234001,-16.10644740102482,0.0,0.0,-114.32129429798294,0.0,0.0,0.0,0.0,0.0,0.0,0.0,0.0,0.0,0.0,0.0,0.0,0.0,0.0,0.0,0.0,188.74527996873147,-6.711019750427008,319.9424007420842,-4.026611850256205,-4.026611850256103,0.0,0.0,0.0,0.0,0.0,0.0,-0.671101975042701,116.10374114369642,0.0,0.0,0.0,0.0,0.0,0.0,0.0,939.4703557182029,16.10644740102482,16.10644740102482,0.0,0.0,0.0,0.0,95.1422166346412,0.05905697380390614,165.87545030797722,0.0,0.0,114.32129429798294,0.0,0.0,0.0,0.0,0.0,0.0,0.0,0.0,0.0,0.0,0.0,0.0,0.0,0.0,0.0,0.0,0.0,0.0,0.0,56.37256590358687,4.133988166263035,0.0,0.0,0.0,0.0,0.0,165.87545030797722,0.0,-45.64739343709074,0.0,0.0,0.0,-6.711019750427008,0.0,0.0,0.0,0.0,0.0,0.0,0.0,0.0,0.0,0.0,0.0,0.0,0.0,0.0,0.0,0.0,0.0,0.0,-0.053688158003416066,0.0,0.0,2.6844079001708034,231.66684946913603,0.0,0.0,0.0,0.0,319.9424007420842,0.0,0.0,0.0,4.622550404094271,1.3422039500854017,0.0,0.0,0.0,0.053688158003416066,0.0,53.68815800341606,-16.643328981058982,10.737631600683216,0.38348684288154333,149.78996082953083,-0.04026611850256205,2.684407900170754,1.0737631600683215,-0.26844079001705823,-149.78996082953083,16.106447401024823,-0.05368815800341607,0.0,92.77620367451341,0.013422039500854018,0.38348684288154333,0.0,-8.54715475414391,-1.0737631600683215,168.81632771598356,-0.05368815800341607,0.013422039500854018,-149.78996082953083,5.368815800341607,0.05368815800341607,0.053688158003416066,-165.7627051761699,0.05905697380375783,-67.44467590778277,-0.04026611850256205,16.10644740102482,0.05368815800341607,16.10644740102482,-26.84407900170803,-0.026844079001708036,158.66987715975276,-85.0,-0.04026611850256205,-0.05368815800341607,-16.643328981058982,0.053688158003416066,5.368815800341607,-1.0737631600683215,376.0060615085426,376.0060615085426,-5.368815800341607,-168.81632771598356,-376.0060615085426,10.737631600683214,0.0805322370051241,-1000.0,5.368815800341607,-333.3333333333333,92.77620367451341,-10.737631600683214,0.026844079001708036,0.5368815800341608,62.435469633887976,96.0,-0.053688158003416066,-177.95528585874573,165.7627051761699,16.643328981058982,0.05368815800341607,8.54715475414391,28.350414070414047,92.77620367451341,-0.053688158003416066,-0.013422039500854018,-92.77620367451341,-0.05368815800341607,-37.63118419965839,0.05368815800335923,-0.013422039500854018,-0.013422039500854018,-0.013422039500854018,21.475263201366428,26.84407900170803,0.5368815800341608,90.39672735327049,-0.013422039500854018,124.87093926777595,2.6844079001708034,21.5,0.053688158003416066,0.026844079001708036,0.026844079001708036,40.0,16.643328981058982,0.053688158003416066,-16.643328981058982,0.5368815800341608,0.05368815800341607,-191.63775393824943,0.05368815800341607,0.21475263201364214,0.26844079001705823,0.026844079001708036,0.013422039500854018,16.10644740102482,-0.05368815800341607,67.44467590778277,0.5368815800341608,-180.79345470654098,1.3422039500854508,-5.368815800341607,10.737631600683214,2.6844079001708034,-0.05368815800341607,0.0,0.0805322370051241,-0.05368815800341607,-80.0,16.643328981058982,280.0353588945536,0.026844079001708036,-43.0,-0.05368815800341607,-0.05368815800335923,-0.05368815800341607,0.026844079001708036,149.78996082953083,-10.737631600683214,0.053688158003416066,124.87093926777595,-0.013422039500854018,-0.05905697380375783,-124.87093926777595,8.05322370051241,85.0,654.2362142988144,149.78996082953083,-0.04026611850256205,177.95528585874573,-96.0,0.05368815800341607,-0.013422039500854015,2.6844079001708034,53.68815800341606,-0.026844079001708036,-0.05368815800341607,0.013422039500854018,0.0,0.0,266.6862073460015,101.24102658497894,-46.0,0.0,274.05882980027957,-31.0,0.0,-32.0,-93.0,-65.0,-733.2869485749968,16.0,23.0,46.5,0.0,15.5,-165.87545030797722,-121.30012397985955,733.2869485749968,65.0,-121.30012397985955,-274.05882980027957,120.16979996476195,0.0,1496.5981,hclb
290,0.0,0.0,0.0,0.0,0.0,0.0,0.0,0.0,-0.012034908766707637,0.0,0.0,0.0,0.0,0.0,0.0,0.0,0.018052363150061455,0.0,0.0,-85.59084007298978,0.0,0.0,0.0,0.0,0.0,0.0,0.0,0.0,0.0,-470.12683426901157,0.0,0.0,24.406337283399047,0.0,0.0,0.0,0.0,997.8922863113238,0.0,-1000.0,1000.0,0.0,0.0,0.0,0.0,0.0,0.0,257.6401061355897,687.2200981820899,0.0,0.0,0.0,0.0,0.013238399643390302,0.0,0.0,0.0,0.0,0.0,0.0,-1.059874298721462,0.0,1.059874298721462,0.0,0.0,0.0,0.0,0.0,0.0,0.0,0.0,0.12034908766707639,0.0,0.0,0.0,0.0,0.0,0.0,0.0,0.0,0.0,0.0,0.0,0.0,7.220945260024583,0.0,0.0,-43.69467036709901,-980.8794227148463,1000.0,-0.0030087271916769093,0.0,0.0,0.0,3.6104726300122914,0.0,3.6104726300122914,0.0,0.0,0.0,0.0,982.0552256203409,-842.658493895115,0.0,0.0,-6.327691232856701,0.0,0.0,0.0,0.0,0.0,0.0,0.0,0.0,0.0,0.0,0.0,0.0,0.0,0.0,0.0,0.0,0.0,0.0,-461.5551115182236,0.0,0.0,3.6104726300122914,0.0,3.7308217176793677,3.7308217176793677,0.0,899.4361439954052,-79.26426899540485,-820.1718750000005,820.1718750000005,0.0,114.02979778528183,-114.02979778528183,0.0,0.0,0.0,0.0,0.0,0.0,0.9266879750364875,0.012034908766707635,0.0,0.0,0.0,0.0,0.0,0.0,0.0,0.0,0.0,77.0113127422115,0.0,0.0,0.0,0.0,0.0,355.9877351240819,355.9877351240819,0.0,0.0,0.0,0.0,0.0,0.0,0.0,355.9997700328486,0.0,0.0,0.0,-29.685166736497706,0.0,0.0,0.0,0.0,0.0,0.0,0.0,0.0,0.0,0.0,-1000.0,0.0,0.0,0.0,0.0,-762.4812352902939,0.0,0.0,0.0,0.0,0.0,0.0,0.0,356.47457218500904,-356.47457218500904,0.0,0.0,0.0,0.0,0.0,0.0,0.0,372.5316596261035,-938.91134534918,0.0,0.0,0.0,0.0,0.0,0.0,0.0,0.0,0.0,0.0,0.0,0.0,0.0,656.1592420767238,-38.18603649331695,-217.11131627622842,0.0,0.0,0.0,0.0,83.78447421456252,0.0,0.0,0.0,0.0,-1.059874298721462,-217.11131627622842,0.0,0.0,160.11506288491148,0.0,0.0,0.0,0.0,0.0,903.8533082769277,260.04708788893123,0.0,0.0,1000.0,-337.35399489985537,1000.0,0.0,217.11131627622842,0.0,0.0,0.0,-327.56139264109805,0.0,0.0,0.0,-187.47874803492317,0.0,0.0,-592.8841872934318,0.0,0.0,-592.8841872934318,0.0,0.0,-624.4048505298373,0.0,-372.6416957029717,0.0,0.0,-42.74543532008948,0.0,0.0,0.0,525.8726533734215,0.0,-525.8726533734215,0.0,355.97570021531516,0.0,0.0,-861.4545623674742,0.0,0.0,0.0,-1.059874298721462,-0.018052363150061455,0.0,0.0,0.0,0.0,0.012034908766707635,0.0,0.0,0.0,-228.7670198312087,0.018052363150061455,0.0,-555.2005063831263,189.0947110640654,0.0,926.0174543833539,0.0,678.0692901832273,0.0,-6.327691232856701,0.0,0.0,0.0,-1.0362056448135393,0.48336835526754385,-677.5164528936814,0.0,-1000.0,0.0,0.0,0.0,0.0,0.0,0.0,0.0,0.0,0.0,0.0,0.0,0.0,0.0,0.0,0.0,0.0,160.11506288491148,-2.0595740536093445,0.0,-1000.0,0.0,0.0,903.4657842146395,0.0,0.0,0.0,-904.7799962519642,0.0,0.0,0.0,303.3505523290637,981.4534801820056,-0.48336835526754385,0.0,508.6715144706618,508.4648017093569,0.0,-606.7583195873277,999.3982545616647,357.96089591024577,0.0,0.0,-1000.0,0.0,-508.76567442852456,-1000.0,-864.9213340237642,0.0,0.0,0.0,608.2384660579612,3.6104726300122914,0.0,0.0,0.0,0.0,0.0,0.0,459.236867302665,-196.92237477405885,196.92237477405885,196.92237477405885,96.92070947951515,0.0,0.0,0.0,0.0,0.0,372.5316596261035,0.0,0.0,-2.119748597442924,0.0,0.0,77.59301824665847,0.0,0.0,0.0,0.0,-41.79650912332924,0.02406981753342331,0.0,0.0,0.0,0.0,0.0,0.0,0.0,0.0,0.0,0.0,0.0,0.0,0.0,0.0,0.0,0.0,0.0,0.0,0.0,0.013238399643390302,0.013238399643390302,0.0,255.19540958046557,0.0,7.220945260024583,0.0,0.0,0.0,1000.0,0.0,0.0,0.0,0.0,0.0,428.00250977219076,-1000.0,0.0,0.0,0.0,0.0,0.0,77.59301824665847,0.0,0.0,0.0,0.0,0.0,0.0,0.0,153.85170383940786,228.7670198312087,0.0,0.0,0.9266879750364875,0.0,0.0,0.0,-83.78447421456252,0.0,428.00250977219076,0.0,386.2060006488615,0.0,0.0,0.0,656.1592420767238,0.0,0.0,0.0,0.0,0.0,0.0,0.0,0.0,0.0,0.0,0.0,0.0,0.0,7.220945260024583,0.0,0.0,0.0,0.0,0.0,0.0,0.0,0.0,0.0,0.0,0.0,0.0,0.12034908766707639,0.0,0.0,0.0,0.0,0.0,0.0,0.0,0.0,3.6104726300122914,0.0,0.0,0.0,0.0,0.0,0.0,0.0,0.0,0.0,0.0,-66.28674405796266,0.0,0.0,3.6104726300122914,3.6104726300122914,1000.0,-1000.0,0.0,77.59301824665847,0.0,0.0,0.0,0.0,0.0,-157.34150610488496,372.5316596261035,-342.2439813364814,0.012034908766707635,0.0,0.0,0.0,0.9705294284009229,0.0,0.0,0.0,0.0,0.0,0.0,0.0,0.0,0.0,0.0,0.0,0.0,0.0,0.0,0.0,0.0,0.0,0.012034908766707635,0.0,0.0,0.0,1000.0,-1000.0,0.0,0.0,0.0,0.0,0.0,0.0,0.0,-1.3142120373247508,-997.9404259463906,-0.9026181575030705,0.0,-0.6017454383353819,0.0,-15.625000000000002,-15.625,15.625000000000002,0.0,0.0,0.0,0.0,0.0,0.0,0.0,0.0,0.0,0.0,0.0,608.8402114962965,0.0,0.0,0.0,-0.012034908766707635,0.0,0.0,0.012034908766707635,0.0,0.012034908766707635,0.0,0.0,0.0,7.220945260024583,14.682588695383318,14.682588695383318,0.0,0.0,0.0,0.0,0.0,0.0,0.0,0.0,0.0,372.5316596261035,0.0,0.0,0.0,0.0,0.0,0.0,0.0,0.0,0.0,0.0,0.0,0.0,0.0,0.0,0.0,0.0,0.0,83.78447421456252,0.0,0.0,0.0,0.018052363150061455,0.0,0.0,0.0,-3.6104726300122914,0.0,0.0,0.0,0.0,0.0,-255.19540958046557,0.6017454383353819,0.0,0.0,0.0,0.0,0.0,200.47942169487953,-0.6017454383353819,0.0,0.0,0.0,0.0,0.0,0.0,0.0,0.0,0.0,0.0,826.9579439695385,-400.96383249625825,0.0,62.593018246658474,-6.327691232856701,0.0,-704.3005745570847,1.3142120373247508,702.98636251976,0.0,-342.2439813364814,0.0,0.6017454383353819,1000.0,0.0,243.5294971302177,0.0,-2.119748597442924,0.0,0.0,0.0,0.0,0.0,0.0,0.0,0.0,0.0,999.0973818424969,-0.9026181575031273,14.682588695383318,0.0,0.0,0.0,0.0,0.0,0.0,0.0,0.0,0.0,903.8533082769277,0.0,0.0,257.00064589547173,-0.9705294284009229,-304.73817878003393,0.0,3.6104726300122914,0.0,0.0,0.0,0.0,-12.099933934179148,0.0,0.0,0.013238399643390302,0.0,0.0,0.0,7.341294347691659,0.0,0.0,0.0,0.0,-38.18603649331695,0.0,0.0,0.0,0.0,0.0,0.0,0.0,0.0,0.0,0.0,0.001203490876670798,0.001203490876670798,0.0,0.0,0.0,0.0,0.0,0.0,0.0,0.0,0.0,0.0,0.0,0.0,0.0,0.0,0.0,255.19540958046557,0.0,0.0,0.0,0.0,0.0,0.0,0.0,0.0,0.0,0.0,0.0,0.0,0.0,229.0236671324286,0.0,0.0,0.0,0.0,7.220945260024583,0.0,0.0,0.0,0.0,0.0,0.0,-7.220945260024583,0.0,0.0,0.0,0.0,0.0,0.0,0.0,0.0,0.0,0.0,0.0,0.0,-7.164058830603153,-1000.0,8.243912505194732,-1000.0,996.3895273699877,0.0,997.8922863113238,0.0,0.0,0.0,0.0,0.0,0.0,0.0,0.0,0.0,0.0,0.0,0.0,0.0,0.0,0.0,0.0,0.0,-1.5043635958384525,0.0,-982.3560983395087,0.0,0.0,0.0,0.0,0.0,0.0,0.0,-0.15043635958384546,2.119748597442924,0.0,0.0,0.0,0.0,0.0,0.0,0.0,650.5919598329154,3.6104726300122914,3.6104726300122914,0.0,0.0,0.0,0.0,0.0,0.013238399643390302,255.19540958046557,0.0,0.0,-997.8922863113238,0.0,0.0,0.0,0.0,0.0,0.0,0.0,0.0,0.0,0.0,0.0,0.0,0.0,0.0,0.0,0.0,0.0,3.7308217176793677,0.0,12.636654205043019,0.9266879750364875,0.0,0.0,0.0,0.0,0.0,255.19540958046557,0.0,702.98636251976,0.0,0.0,0.0,-1.5043635958384525,0.0,0.0,0.0,0.0,0.0,0.0,0.0,0.0,0.0,0.0,0.0,0.0,0.0,0.0,0.0,0.0,0.0,0.0,-0.012034908766707635,0.0,0.0,0.6017454383353819,-428.00250977219076,0.0,0.0,0.0,0.0,0.0,0.0,0.0,0.0,1.0362056448135393,0.3008727191676712,0.0,0.0,0.0,0.012034908766707635,0.0,12.034908766707636,0.0,2.4069817533415274,0.08596363404791169,41.039038894473045,-0.009026181575030727,491.3284855293382,0.24069817533415275,-0.06017454383356835,-41.039038894473045,3.6104726300122914,-0.012034908766707637,2.1092304109522337,77.59301824665847,0.0030087271916769093,0.0859636340479117,-6.327691232856701,-1.9159574756601327,-0.24069817533415275,85.57278770983972,-0.012034908766707637,0.0030087271916769093,-41.039038894473045,1.2034908766707637,0.012034908766707637,0.012034908766707635,-255.17013627205546,0.013238399643378435,-53.547463941014875,-0.009026181575030727,3.6104726300122914,0.012034908766707637,3.6104726300122914,-6.017454383353819,-0.0060174543833538185,-10.808466335483217,-85.0,-0.009026181575030727,-0.012034908766707637,0.0,0.012034908766707635,1.2034908766707637,-0.24069817533415283,83.78447421456252,83.78447421456252,-1.2034908766707637,-85.57278770983972,-83.78447421456252,2.4069817533415274,0.018052363150061455,442.0192584034214,1.2034908766707637,-153.85170383940786,77.59301824665847,-2.4069817533415274,0.0060174543833538185,0.12034908766707639,138.80012659578156,-398.5568507429167,-0.012034908766707635,-257.90326405297486,255.17013627205546,3.7308217176793677,0.012034908766707637,1.9159574756601327,63.15112772660934,77.59301824665847,-0.012034908766707635,-0.0030087271916769093,-77.59301824665847,-0.012034908766707637,-41.79650912332924,0.012034908766707637,-0.0030087271916769093,-0.0030087271916769093,-0.0030087271916769093,4.813963506683055,6.017454383353819,0.12034908766707639,8.91636303253465,-0.0030087271916769093,275.4910227806109,0.6017454383353819,21.5,0.012034908766707635,0.0060174543833538185,0.0060174543833538185,40.0,0.0,0.012034908766707635,0.0,0.12034908766707639,0.012034908766707637,-8.91636303253465,0.012034908766707637,0.04813963506687191,0.06017454383356835,0.0060174543833538185,0.0030087271916769093,3.6104726300122914,-0.012034908766707637,53.547463941014875,0.12034908766707637,-17.8327260650693,491.02761281017047,-1.2034908766707637,2.406981753341528,0.6017454383353819,-0.012034908766707637,6.327691232856701,0.018052363150061455,-0.012034908766707637,-80.0,0.0,51.128559554016135,0.0060174543833538185,-43.0,-0.012034908766707637,-0.012034908766707637,-0.012034908766707637,0.0060174543833538185,41.039038894473045,-2.406981753341528,0.012034908766707635,277.6002531915631,-0.0030087271916769093,-0.013238399643378435,-277.6002531915631,1.8052363150061452,85.0,-371.4983078114676,41.039038894473045,-0.009026181575030727,257.90326405297486,398.5568507429167,0.012034908766707637,-0.003008727191676909,303.9522977673991,12.034908766707636,-0.0060174543833538185,-0.012034908766707637,0.0030087271916769093,0.0,0.0,-817.6204253279675,0.0,-46.0,0.0,-108.0,-31.0,0.0,-32.0,-93.0,-65.0,-375.5951494701627,16.0,23.0,46.5,0.0,15.5,-255.19540958046557,-39.02862561983699,375.5951494701627,65.0,-39.02862561983699,108.0,-86.17730930164005,0.0,1496.5981,hclb
291,0.0,0.0,0.0,0.0,0.0,0.0,0.0,0.0,-0.023499679403630923,0.0,0.0,0.0,0.0,0.0,0.0,0.0,592.8534023095789,41.949691150635374,0.0,-904.64967711699,0.0,0.0,0.0,98.77865786374934,0.0,0.0,0.0,0.0,0.0,-1000.0,0.0,0.0,24.51481898032302,0.0,0.0,0.0,0.0,456.18681205330944,0.0,-1000.0,1000.0,0.0,0.0,988.7894561546077,0.0,0.0,315.77037474729184,0.0,-107.85736138745364,-849.6015508283573,0.0,-526.214502923267,0.0,0.025849647344017256,0.0,0.0,0.0,4.699935880726184,0.0,0.0,-2.0695384328133364,0.0,0.0,-2.0695384328133364,0.0,0.0,0.0,0.0,1000.0,-1000.0,0.0,0.23499679403630927,0.0,0.0,0.0,0.0,0.0,0.0,0.0,0.0,0.0,0.0,0.0,0.0,14.099807642178554,0.0,0.0,-1000.0,418.35714153581335,0.0,-0.005874919850907731,0.0,0.0,-221.29246749627575,7.049903821089277,0.0,7.049903821089277,-0.7566896767973201,0.0,0.0,0.0,5.743957215722276,-1000.0,0.0,0.0,-5.965838104856715,412.73735335299733,0.0,0.0,0.0,0.0,0.0,0.0,0.0,0.0,0.0,0.0,0.0,0.0,0.0,0.0,0.0,0.0,0.0,-402.16084773864355,0.0,0.0,7.049903821089277,0.0,7.284900615125586,0.0,0.0,-93.84915690196021,-882.7602180980398,976.6093750000001,-976.6093750000001,0.0,0.0,0.0,0.0,0.0,0.0,0.0,0.0,0.0,1.8094753140795798,0.023499679403630923,0.0,0.0,0.0,0.0,-412.73735335299733,0.0,0.0,212.23035146731382,0.0,61.532418760541546,0.0,0.0,0.0,0.0,0.0,684.2531249321117,684.2531249321117,0.0,0.0,0.0,0.0,325.8019484558422,0.0,0.0,684.2766246115153,0.0,0.0,0.0,421.9976942439623,0.0,0.0,0.0,0.0,0.0,0.0,0.0,0.0,0.0,0.0,-671.776051030049,0.0,0.0,0.0,0.0,-52.84817561524574,0.0,0.0,0.0,0.0,0.0,849.6015508283573,526.214502923267,581.6428584641867,-581.6428584641867,0.0,0.0,0.0,0.0,0.0,0.0,0.0,0.0,-1000.0,0.0,0.0,0.0,0.0,0.0,0.0,0.0,0.0,0.0,0.0,0.0,0.0,0.0,235.16140889540492,-33.60012823854763,-11.210543845392312,0.0,0.0,0.0,0.0,82.62653238023329,0.0,0.0,0.0,0.0,-2.0695384328133364,-1000.0,0.0,0.0,0.0,0.0,0.0,0.0,0.0,0.0,0.0,0.0,0.0,0.0,592.8181527904734,429.5324358621,0.0,0.0,11.210543845392312,0.0,0.0,0.0,0.0,0.0,0.0,0.0,422.43239939161606,0.0,0.0,0.0,0.0,409.5289820005602,-585.1022558006591,585.1022558006591,-175.57327380009897,1000.0,0.0,300.58573096201883,849.6015508283573,0.0,-17.062426844103015,0.0,0.0,0.0,0.0,0.0,0.0,0.0,1000.0,0.0,0.0,36.49246358049186,0.0,0.0,0.0,-2.0695384328133364,-0.03524951910544638,0.0,0.0,0.0,0.0,0.023499679403630923,0.0,0.0,0.0,-36.82826058607682,592.8534023095789,0.0,-345.23061895851737,-421.2295716523953,0.0,931.7498397018155,0.0,186.58646843567743,0.0,-5.965838104856715,0.0,0.0,0.0,497.63848499988495,-559.9787926038068,-124.24616083175556,-572.5371025707134,-1000.0,0.0,0.0,0.0,0.0,0.0,0.0,0.0,0.0,0.0,0.0,0.0,0.0,0.0,0.0,0.0,0.0,0.0,-48.51076285203294,0.0,-1000.0,0.0,495.2084263770428,0.0,185.01075076186348,0.0,0.0,-1.8094753140795798,0.0,0.0,0.0,357.71850729074913,4.568973245540707,0.0,0.0,0.0,826.3074144603082,-440.0212073961932,649.5486939907249,-1.174983970181546,-764.77647217252,0.0,0.0,-95.96484597388364,0.0,-826.894906445399,0.0,0.0,0.0,-22.269236388795093,0.0,6.994444776434989,7.049903821089277,0.0,0.0,0.0,0.0,0.0,0.0,0.0,-235.16140889540492,235.16140889540492,235.16140889540492,94.26590222413051,0.0,0.0,0.0,0.0,0.0,0.0,0.0,0.0,-4.139076865626673,0.0,0.0,75.30006411927381,0.0,0.0,0.0,0.0,-40.65003205963691,0.046999358807277535,0.0,0.0,0.0,0.0,0.0,0.0,0.0,0.0,0.0,0.0,0.0,0.0,0.0,0.0,0.0,0.0,0.0,0.0,0.0,0.025849647344017256,0.025849647344017256,0.0,326.46147301467875,0.0,14.099807642178554,0.0,0.0,0.0,1000.0,0.0,0.0,0.0,0.0,0.0,70.30303057862358,-1000.0,0.0,0.0,0.0,0.0,0.0,75.30006411927381,0.0,0.0,0.0,0.0,0.0,0.0,0.0,134.05361591288118,36.82826058607682,0.0,0.0,284.91070015254843,0.0,0.0,-221.29246749627575,-303.918999876509,0.0,70.30303057862358,0.0,29.65299851898667,0.0,0.0,0.0,235.16140889540492,0.0,0.0,0.0,0.0,0.0,0.0,0.0,0.0,0.0,0.0,0.0,0.0,0.0,14.099807642178554,0.0,0.0,0.0,0.0,0.0,0.0,0.0,0.0,0.0,0.0,0.0,0.0,0.23499679403630927,0.0,0.0,0.0,0.0,0.0,526.214502923267,0.0,0.0,7.049903821089277,0.0,0.0,0.0,283.10122483846885,0.0,0.0,0.0,0.0,0.0,0.0,101.1756251629197,0.0,0.0,7.049903821089277,7.049903821089277,454.2905017581501,-1000.0,0.0,75.30006411927381,0.0,0.0,0.0,0.0,0.0,572.5371025707134,0.0,1000.0,0.023499679403630923,0.0,0.0,0.0,31.0346837495523,0.0,0.0,221.29246749627575,0.0,0.0,0.0,0.0,0.0,0.0,0.0,0.0,0.0,0.0,0.0,0.0,0.0,0.0,0.023499679403630923,0.0,0.0,0.0,0.0,0.0,0.0,0.0,0.0,495.2084263770428,-1.8094753140795798,0.0,-212.23035146731382,0.0,-951.4892371479671,-1.7624759552723324,-1.174983970181547,0.0,0.0,0.0,0.0,0.0,0.0,0.0,0.0,0.0,0.0,0.0,0.0,0.0,0.0,0.0,0.0,-14.099807642178554,0.0,0.0,0.0,-0.023499679403630923,0.0,0.0,0.023499679403630923,0.0,0.023499679403630923,0.0,0.0,0.0,14.099807642178554,28.669608872429727,28.669608872429727,0.0,0.0,0.0,0.0,0.0,0.0,0.0,0.0,0.0,0.0,0.0,0.0,0.0,499.6618073965376,0.0,0.0,0.0,0.0,0.0,0.0,0.0,0.0,0.0,0.0,0.0,0.0,0.0,82.62653238023329,0.0,0.0,0.0,0.03524951910544638,0.0,0.0,0.0,-7.049903821089277,0.0,0.0,0.0,0.0,0.0,-326.46147301467875,1.174983970181546,0.0,0.0,0.0,0.0,-325.8019484558422,0.0,0.0,0.0,0.0,0.0,0.0,0.0,0.0,0.0,0.0,0.0,0.0,0.0,91.30006411927381,0.0,-542.772038316396,-5.965838104856715,0.0,0.0,0.0,0.0,212.23035146731382,-28.669608872429727,0.0,1.174983970181547,625.5649211913792,0.0,0.0,0.0,-4.139076865626673,0.0,0.0,669.3663862743505,-669.3663862743505,0.0,0.0,0.0,0.0,0.0,1000.0,-331.74890088049546,28.669608872429727,0.0,0.0,0.0,0.0,0.0,0.0,0.0,0.0,0.0,0.0,0.0,0.0,0.0,-31.0346837495523,0.0,0.0,7.049903821089277,0.0,0.0,0.0,0.0,-124.86491460343993,0.0,0.0,0.025849647344017256,0.0,0.0,0.0,14.334804436214863,0.0,0.0,0.0,0.0,-33.60012823854763,0.0,412.73735335299733,0.0,0.0,0.0,0.0,0.0,0.0,0.0,0.0,0.0023499679403631594,0.0023499679403631594,0.0,0.0,0.0,0.0,0.0,0.0,0.0,0.0,0.0,0.0,0.0,0.0,0.0,0.0,0.0,326.46147301467875,0.0,0.0,0.0,0.0,0.0,0.0,0.0,849.6015508283573,0.0,0.0,0.0,0.0,0.0,1000.0,41.949691150635374,0.0,0.0,0.0,14.099807642178554,0.0,0.0,0.0,0.0,0.0,0.0,-14.099807642178554,0.0,0.0,0.0,0.0,0.0,0.0,0.0,0.0,0.0,0.0,0.0,0.0,-1000.0,-1000.0,515.7590877880248,0.0,-7.049903821089277,0.0,951.3952384303523,0.0,0.0,0.0,0.0,0.0,0.0,0.0,0.0,0.0,445.3125,0.0,-445.31249999999994,-445.31249999999994,0.0,0.0,0.0,0.0,-2.9374599254538794,0.0,-6.331449200813039,829.648232321761,0.0,0.0,0.0,0.0,0.0,-1000.0,999.7062540074546,216.3694283329405,0.0,0.0,0.0,0.0,0.0,0.0,0.0,1000.0,7.049903821089277,7.049903821089277,0.0,0.0,0.0,0.0,0.0,0.025849647344017256,326.46147301467875,0.0,0.0,-951.3952384303523,0.0,0.0,0.0,0.0,0.0,0.0,0.0,0.0,0.0,0.0,0.0,0.0,0.0,0.0,0.0,0.0,0.0,0.0,0.0,24.67466337381247,1.8094753140795798,0.0,0.0,0.0,0.0,0.0,326.46147301467875,0.0,-1.9316736469788671,0.0,0.0,0.0,-2.9374599254538794,0.0,0.0,0.0,0.0,0.0,0.0,0.0,0.0,0.0,0.0,0.0,0.0,0.0,0.0,0.0,0.0,0.0,0.0,-0.023499679403630923,0.0,0.0,1.174983970181546,-70.30303057862358,0.0,0.0,0.0,0.0,0.0,0.0,0.0,0.0,-497.63848499988495,0.587491985090773,0.0,0.0,0.0,0.023499679403630923,0.0,23.49967940363092,-7.284900615125586,4.699935880726184,0.16785485288307803,65.56410553613028,-0.01762475955272319,95.96484597388364,0.4699935880726185,-0.11749839701838027,-65.56410553613028,7.049903821089277,-0.023499679403630923,1.988612701618905,75.30006411927381,0.005874919850907731,0.16785485288307803,-5.965838104856715,-3.741148961058447,-0.4699935880726185,269.8465836567757,-0.023499679403630923,0.005874919850907731,-65.56410553613028,2.349967940363092,0.023499679403630923,0.023499679403630923,-326.4121236879311,0.025849647343994083,-53.2331748302465,-0.01762475955272319,7.049903821089277,0.023499679403630923,7.049903821089277,-11.74983970181546,-0.011749839701815461,3.632432279418379,-85.0,-0.01762475955272319,-0.023499679403630923,-7.284900615125586,0.023499679403630923,2.349967940363092,-0.4699935880726184,82.62653238023329,82.62653238023329,-2.349967940363092,-269.8465836567757,-82.62653238023329,4.699935880726184,0.03524951910544638,-551.2808985778842,2.349967940363092,-134.05361591288118,75.30006411927381,-4.699935880726184,0.011749839701815461,0.23499679403630927,86.30765473962934,96.0,-0.023499679403630923,-331.74890088049546,326.4121236879311,7.284900615125586,0.023499679403630923,3.741148961058447,47.10044883491667,75.30006411927381,-0.023499679403630923,-0.005874919850907731,-75.30006411927381,-0.023499679403630923,-453.3873854126342,0.023499679403630923,-0.005874919850907731,-0.005874919850907731,-0.005874919850907731,9.399871761452369,11.74983970181546,0.23499679403630927,17.410324978165704,-0.005874919850907731,170.62669677763978,1.174983970181546,21.5,0.023499679403630923,0.011749839701815461,0.011749839701815461,40.0,7.284900615125586,0.023499679403630923,-7.284900615125586,0.23499679403630927,0.023499679403630923,-17.410324978165704,0.023499679403630916,0.09399871761479517,0.11749839701838027,0.011749839701815461,0.005874919850907731,7.049903821089277,-0.023499679403630923,53.2331748302465,0.23499679403630924,-34.82064995633141,95.37735398879286,-2.349967940363092,4.699935880726184,1.174983970181546,-0.023499679403630916,5.965838104856715,0.03524951910544638,-0.023499679403630923,-80.0,7.284900615125586,160.03989076631035,0.011749839701815461,-43.0,-0.023499679403630923,-0.023499679403630923,-0.023499679403630923,0.011749839701815461,65.56410553613028,-4.699935880726184,0.023499679403630923,172.61530947925868,-0.005874919850907731,-0.025849647343994083,-172.61530947925868,3.524951910544638,85.0,475.7019038525265,65.56410553613028,-0.01762475955272319,331.74890088049546,-96.0,0.023499679403630923,-0.005874919850907729,358.89349126093066,23.49967940363092,-0.011749839701815461,-0.023499679403630923,0.005874919850907731,0.0,0.0,-448.73085126181763,0.0,-46.0,0.0,77.04843209234099,-31.0,0.0,-32.0,-93.0,538.0721024356698,-1000.0,16.0,23.0,46.5,0.0,15.5,-326.46147301467875,-35.174976162870415,1000.0,-538.0721024356698,-35.174976162870415,-77.04843209234099,13.799007658530613,0.0,1496.5981,hclb
292,0.0,0.0,0.0,0.0,0.0,0.0,0.0,0.0,302.8190400553776,0.0,0.0,0.0,0.0,0.0,0.0,0.0,-467.15646186746295,0.0,0.0,567.0164250755203,0.0,0.0,0.0,0.0,0.0,0.0,0.0,0.0,0.0,944.3440857180772,0.0,0.0,775.3772943659462,0.0,0.0,0.0,0.0,647.0383760245022,0.0,-1000.0,1000.0,0.0,0.0,-262.1890508222908,0.0,0.0,0.0,297.6572178230676,-214.9985730283234,0.0,0.0,0.0,0.0,0.0648845884549883,0.0,0.0,0.0,309.45441572396396,0.0,0.0,-5.194699475695062,0.0,5.194699475695062,0.0,0.0,0.0,0.0,0.0,0.0,0.0,0.0,0.5898598950448178,0.0,0.0,0.0,0.0,0.0,0.0,0.0,0.0,0.0,0.0,0.0,0.0,35.39159370268908,0.0,0.0,207.35924972221903,339.1721122085907,0.0,-0.014746497376120446,0.0,0.0,-564.2374973766431,17.695796851344536,0.0,17.69579685134454,-657.3687889863878,0.0,0.0,0.0,104.00820332429926,29.527191140751867,0.0,0.0,0.0,0.0,0.0,0.0,0.0,0.0,0.0,0.0,0.0,0.0,0.0,0.0,0.0,0.0,0.0,0.0,0.0,0.0,0.0,-369.74567086021545,0.0,0.0,17.69579685134454,0.0,18.28565674638936,0.0,0.0,0.0,0.0,0.0,0.0,0.0,0.0,0.0,0.0,0.0,0.0,0.0,0.0,0.0,4.541921191845095,0.058985989504481785,0.0,0.0,0.0,-67.66570098941074,-497.54394842885995,0.0,0.0,0.0,0.0,127.3937216775364,0.0,0.0,0.0,0.0,0.0,527.9747568156179,527.9747568156179,0.0,0.0,0.0,0.0,-1000.0,0.0,0.0,528.0337428051223,0.0,0.0,0.0,0.0,-686.3895157754868,0.0,0.0,0.0,0.0,0.0,0.0,0.0,0.0,0.0,0.0,0.0,0.0,0.0,0.0,-1000.0,0.0,0.0,0.0,0.0,0.0,0.0,0.0,7.639323306104359,-7.639323306104359,0.0,0.0,0.0,0.0,0.0,0.0,0.0,914.8168945773253,-388.96079717068585,0.0,0.0,0.0,0.0,0.0,0.0,0.0,0.0,0.0,0.0,0.0,0.0,0.0,228.20782155786915,545.8040452200635,-262.1890508222908,0.0,0.0,0.0,0.0,79.04241506004733,0.0,0.0,0.0,0.0,-5.194699475695062,0.0,0.0,0.0,0.0,0.0,0.0,0.0,0.0,0.0,0.0,0.0,0.0,0.0,-467.24494085171966,-135.71215194923332,0.0,0.0,262.1890508222908,0.0,0.0,0.0,883.4256402401287,0.0,0.0,0.0,-463.3532519308894,0.0,0.0,0.0,0.0,939.3993084212791,-939.3993084212791,939.3993084212791,0.0,346.81143551469506,0.0,582.295071687729,0.0,0.0,85.52849565745686,0.0,0.0,0.0,-721.0748776700572,0.0,721.0748776700572,0.0,527.9157708261133,0.0,0.0,0.0,0.0,0.0,0.0,-5.194699475695062,-0.08847898425672268,0.0,0.0,0.0,0.0,0.058985989504481785,0.0,0.0,0.0,903.2617880886081,-467.15646186746295,0.0,-382.6038663809581,-25.921815007918255,686.3895157754868,959.6908597789039,0.0,-72.92268622988662,0.0,0.0,0.0,0.0,0.0,37.42450377015184,-410.91750057136034,446.4156830310951,-528.7243648659671,-1000.0,0.0,0.0,0.0,0.0,0.0,0.0,0.0,0.0,0.0,0.0,0.0,0.0,0.0,0.0,0.0,0.0,0.0,0.0,0.0,-1000.0,0.0,352.7256800174791,655.4694401243431,1000.0,0.0,651.3447490259839,-4.541921191845095,0.0,0.0,0.0,0.0,101.05890384907518,0.0,0.0,372.8981693634765,-1.4746497376120447,410.91750057136034,348.1983818116284,0.0,0.0,-568.3435153653677,0.0,-1000.0,1000.0,0.0,-2.9492994752240893,203.82264993858396,0.0,0.0,-979.3525910546014,876.4760013994122,17.69579685134454,718.7500000000007,-718.7500000000007,0.0,0.0,0.0,302.8780260448821,0.0,-228.20782155786915,228.20782155786915,228.20782155786915,-664.4780826348917,0.0,0.0,0.0,0.0,0.0,914.8168945773253,0.0,0.0,-10.389398951390124,0.0,0.0,58.00493707244061,0.0,0.0,0.0,0.0,-37.101401049551825,0.11797197900966694,0.0,0.0,0.0,0.0,0.0,0.0,0.0,0.0,0.0,0.0,0.0,0.0,0.0,0.0,0.0,0.0,0.0,0.0,0.0,0.0648845884549883,0.0648845884549883,0.0,312.4106236569728,0.0,35.39159370268908,0.0,0.0,0.0,1000.0,0.0,0.0,0.0,0.0,0.0,-440.6836629098373,-1000.0,0.0,0.0,0.0,0.0,0.0,58.00493707244061,0.0,0.0,0.0,0.0,0.0,0.0,0.0,123.24855695340516,-903.2617880886081,565.2096494182707,73.62307923676182,4.541921191845095,0.0,0.0,-564.2374973766431,-643.2799124366904,0.0,-440.6836629098373,0.0,497.76918252130054,-975.5542464806897,0.0,0.0,228.20782155786915,0.0,0.0,0.0,0.0,0.0,0.0,0.0,0.0,0.0,0.0,0.0,0.0,0.0,35.39159370268908,0.0,0.0,0.0,0.0,0.0,0.0,0.0,0.0,0.0,0.0,0.0,0.0,0.5898598950448178,0.0,0.0,0.0,0.0,0.0,0.0,0.0,0.0,17.69579685134454,0.0,0.0,0.0,0.0,73.62307923676182,0.0,0.0,0.0,0.0,0.0,931.9454086360738,0.0,0.0,17.69579685134454,17.695796851344536,1000.0,-1000.0,0.0,58.00493707244061,0.0,0.0,0.0,0.0,0.0,1000.0,914.8168945773253,549.2736822223701,0.058985989504481785,0.0,0.0,0.0,77.89942571059743,745.6808847339954,0.0,564.2374973766431,0.0,0.0,0.0,0.0,0.0,0.0,0.0,0.0,0.0,0.0,0.0,0.0,0.0,0.0,0.058985989504481785,0.0,0.0,0.0,0.0,0.0,0.0,0.0,0.0,352.7256800174791,0.0,936.246739801531,0.0,-285.319220869033,-1000.0,-4.423949212836135,-2.949299475224092,0.0,0.0,-984.375,-984.375,984.375,0.0,0.0,0.0,0.0,0.0,0.0,0.0,0.0,686.3895157754868,0.0,0.0,879.4253008746363,0.0,0.0,0.0,302.8190400553776,0.0,0.0,0.058985989504481785,0.0,0.058985989504481785,0.0,0.0,0.0,35.39159370268908,71.96290719546779,71.96290719546779,0.0,0.0,0.0,0.0,0.0,0.0,0.0,565.2096494182707,0.0,914.8168945773253,0.0,0.0,42.50319746648778,0.0,0.0,0.0,0.0,0.0,0.0,0.0,0.0,0.0,0.0,0.0,0.0,0.0,0.0,79.04241506004733,0.0,0.0,0.0,0.08847898425672268,0.0,0.0,0.0,-17.69579685134454,0.0,0.0,0.0,0.0,0.0,-312.4106236569728,2.9492994752240893,0.0,0.0,0.0,0.0,1000.0,-280.7772996771879,0.0,0.0,0.0,0.0,0.0,0.0,0.0,0.0,0.0,0.0,0.0,21.137707505316794,84.20280209910365,0.0,618.4124515173744,745.6808847339954,0.0,-285.319220869033,285.319220869033,0.0,0.0,811.4627330446609,0.0,2.949299475224092,1000.0,0.0,0.0,0.0,-10.389398951390124,0.0,0.0,0.0,0.0,0.0,0.0,0.0,0.0,0.0,316.83457286980894,-325.6824712954812,71.96290719546779,0.0,-847.7781253355679,-847.7781253355679,847.7781253355679,0.0,0.0,0.0,0.0,0.0,0.0,0.0,0.0,0.0,-77.89942571059743,0.0,0.0,17.69579685134454,0.0,0.0,0.0,0.0,-32.96164235055176,0.0,0.0,0.0648845884549883,0.0,0.0,0.0,35.981453597733896,0.0,0.0,0.0,0.0,545.8040452200635,0.0,0.0,0.0,0.0,0.0,0.0,0.0,0.0,-889.7702231431502,0.0,0.005898598950448179,0.005898598950448179,0.0,0.0,0.0,0.0,0.0,0.0,0.0,0.0,0.0,0.0,0.0,0.0,0.0,0.0,0.0,312.4106236569728,0.0,0.0,0.0,0.0,0.0,0.0,0.0,0.0,0.0,0.0,0.0,0.0,0.0,0.0,0.0,0.0,0.0,0.0,35.39159370268908,0.0,0.0,0.0,0.0,0.0,-1000.0,964.6084062973109,0.0,0.0,0.0,0.0,0.0,0.0,0.0,0.0,0.0,0.0,0.0,0.0,-549.2736822223701,500.8028262747847,82.90860027705781,0.0,-17.69579685134454,0.0,999.7640560419812,0.0,0.0,0.0,0.0,0.0,0.0,0.0,0.0,0.0,0.0,0.0,0.0,0.0,0.0,0.0,0.0,0.0,-7.373248688060227,0.0,-105.48285306191131,363.76171954913286,0.0,0.0,0.0,0.0,0.0,-0.7373248688060225,0.0,10.389398951390124,0.0,0.0,0.0,0.0,0.0,0.0,0.0,1000.0,17.695796851344536,17.695796851344536,0.0,0.0,0.0,0.0,0.0,0.0648845884549883,312.4106236569728,0.0,0.0,-999.7640560419812,0.0,0.0,0.0,0.0,0.0,0.0,0.0,0.0,0.0,0.0,0.0,0.0,0.0,0.0,0.0,0.0,0.0,0.0,0.0,61.93528897970589,4.541921191845095,0.0,0.0,0.0,0.0,0.0,312.4106236569728,0.0,275.92865133991916,0.0,0.0,0.0,-7.373248688060227,0.0,0.0,0.0,0.0,0.0,0.0,0.0,0.0,0.0,0.0,0.0,0.0,0.0,0.0,0.0,0.0,0.0,0.0,-0.058985989504481785,0.0,0.0,2.9492994752240893,440.6836629098373,0.0,0.0,0.0,0.0,0.0,0.0,0.0,0.0,-37.42450377015184,1.4746497376120447,0.0,0.0,0.0,0.058985989504481785,0.0,58.985989504481786,-18.28565674638936,11.797197900896357,0.4213284964605842,164.57091071750423,-0.04423949212836134,553.4787513997617,1.1797197900896357,-0.29492994752324725,-164.57091071750423,17.695796851344536,-0.058985989504481785,0.0,58.00493707244061,0.014746497376120446,0.4213284964605842,0.0,-9.390569529113861,-1.1797197900896357,-99.85996320805731,-0.058985989504481785,0.014746497376120446,-164.57091071750423,5.898598950448179,0.058985989504481785,0.058985989504481785,-312.2867530790133,0.06488458845492996,-66.79781068150271,-0.04423949212836134,17.69579685134454,0.058985989504481785,17.69579685134454,-29.492994752240897,-0.029492994752240893,-60.5959109960337,-85.0,-0.04423949212836134,-0.058985989504481785,-18.285656746389357,0.058985989504481785,5.898598950448218,-1.1797197900896357,79.04241506004733,79.04241506004733,-5.898598950448179,99.85996320805731,-79.04241506004733,11.797197900896357,0.08847898425672268,-313.01062277996806,5.898598950448179,-123.24855695340516,58.00493707244061,-11.797197900896357,0.029492994752240893,0.5898598950448178,95.65096659523952,96.0,-0.058985989504481785,-325.6824712954812,312.2867530790133,18.28565674638936,0.058985989504481785,9.390569529113861,-12.778250332938114,58.00493707244061,-0.058985989504481785,-0.014746497376120446,-58.00493707244061,-0.058985989504481785,-37.101401049551825,0.058985989504490695,-0.014746497376120446,-0.014746497376120446,-0.014746497376120446,23.594395801792714,29.492994752240897,0.5898598950448178,43.70124497413204,-0.014746497376120446,191.30193319047905,2.9492994752240893,21.5,0.058985989504481785,0.029492994752240893,0.029492994752240893,34.90106748666848,18.285656746389357,0.058985989504481785,-18.28565674638936,0.5898598950448178,0.058985989504481785,-43.70124497413204,0.058985989504481785,0.23594395801876544,0.29492994752324725,0.029492994752240893,0.014746497376120446,17.69579685134454,-0.058985989504481785,66.79781068150271,0.5898598950448178,-87.40248994826408,552.0041016621497,-5.898598950448218,11.797197900896357,2.9492994752240893,-0.058985989504481785,0.0,0.08847898425672268,-0.058985989504481785,-69.80213497333696,18.285656746389357,309.4945436913081,0.029492994752240893,-43.0,-0.058985989504481785,-0.058985989504490695,-0.05898598950448175,0.029492994752240893,164.57091071750423,-11.797197900896357,0.058985989504481785,191.30193319047905,-0.014746497376120446,-0.06488458845492996,-191.30193319047905,8.847898425672268,85.0,54.821351866989595,164.57091071750423,-0.04423949212836134,325.6824712954812,-96.0,0.058985989504481785,-0.014746497376120465,2.949299475224092,58.985989504481786,-0.029492994752240893,-0.058985989504481785,0.014746497376120446,0.0,0.0,-33.83030572947924,0.0,-46.0,0.0,430.60155897814377,-31.0,0.0,-32.0,-93.0,-65.0,-346.81143551469506,16.0,23.0,46.5,0.0,15.5,-312.4106236569728,-276.5329013407563,346.81143551469506,65.0,-276.5329013407563,-430.60155897814377,218.74060518031683,0.0,1496.5981,hclb
293,0.0,0.0,0.0,0.0,0.0,0.0,0.0,0.0,253.6081272069983,0.0,0.0,0.0,0.0,0.0,0.0,0.0,-526.2191263230111,630.8074128113487,0.0,0.0,0.0,0.0,0.0,196.2699753775061,0.0,0.0,0.0,0.0,0.0,-1000.0,22.260537948209407,-22.260537948209407,24.10109111976373,0.0,0.0,0.0,0.0,-20.902918190327323,0.0,-1000.0,1000.0,0.0,-937.4898989450263,-605.3692203754226,0.0,0.0,0.0,162.87231605162162,895.9528539439834,0.0,0.0,0.0,0.0,0.06338466597986865,0.0,0.0,0.0,57.16183424288515,0.0,0.0,39.28692814479777,0.0,0.0,-116.058238557684,0.0,0.0,0.0,0.0,1000.0,-942.6815102102263,0.0,0.5762242361801061,0.0,0.0,0.0,0.0,0.0,0.0,0.0,0.0,0.0,0.0,33.55023185073145,0.0,34.573454170806365,0.0,0.0,-863.4765880142425,1000.0,-401.66885311839224,268.3953177982799,0.0,0.0,0.0,17.286727085403182,0.0,17.286727085403182,0.0,0.0,0.0,68.6020214159546,2.88112118090053,-1000.0,0.0,0.0,-5.625453318278178,0.0,0.0,0.0,0.0,0.0,0.0,0.0,0.0,0.0,0.0,0.0,0.0,0.0,0.0,0.0,0.0,0.0,0.0,-731.4631009117735,0.0,0.0,17.286727085403182,0.0,17.86295132158329,14.855218998428214,0.0,-260.9339253978499,260.9339253978499,0.0,0.0,-155.34516670248178,0.0,0.0,0.0,0.0,0.0,0.0,0.0,0.0,-29.11330523214474,0.05762242361801059,268.40972340418443,0.0,0.0,0.0,-56.56850560163491,0.0,0.0,35.051789565223146,0.0,149.48399971584638,0.0,0.0,0.0,0.0,0.0,816.2823266301353,816.2823266301353,0.0,0.0,0.0,0.0,-231.98082536823006,0.0,0.0,838.6004870019627,0.0,0.0,0.0,195.97311374738513,0.0,0.0,0.0,0.0,0.0,0.0,0.0,0.0,0.0,0.0,0.0,0.0,0.0,0.0,0.0,-1000.0,0.0,0.0,0.0,0.0,0.0,0.0,937.4898989450263,-598.3311468816078,598.3311468816078,98.02667691270804,0.0,0.0,0.0,0.0,0.0,0.0,0.0,-897.1587820742185,0.0,0.0,0.0,0.0,0.0,0.0,0.0,0.0,0.0,0.0,0.0,0.0,0.0,119.76243778511838,36.617475048839154,-307.22362656599876,0.0,0.0,0.0,0.0,79.18013521458093,0.0,0.0,0.0,0.0,39.28692814479777,298.1455938094239,22.260537948209407,0.0,0.0,0.0,0.0,0.0,0.0,0.0,666.2280267151953,117.23496653233859,0.0,0.0,-927.9744130768304,-267.1331651402487,371.63501799315964,0.0,307.22362656599876,0.0,0.0,155.34516670248178,70.29935681397293,0.0,0.0,0.0,-61.29919181916408,0.0,0.0,-782.9978243257287,0.0,0.0,-782.9978243257287,0.0,0.0,401.66885311839224,0.0,0.0,0.0,0.0,13.270187763817034,0.0,0.0,0.0,557.1439556487785,0.0,-557.1439556487785,0.0,838.4852421547267,57.31848978977375,0.0,-957.5582486334379,0.0,0.0,0.0,39.28692814479777,-0.08643363542701589,0.0,0.0,0.0,0.0,0.05762242361801059,0.0,0.0,0.0,139.2784340721127,-526.2191263230111,0.0,-501.84586609940885,-300.4289292727743,0.0,891.4927220192316,0.0,989.87290165652,0.0,-5.625453318278178,0.0,0.0,0.0,478.6926015248299,-1000.0,-468.56550318134987,0.0,-947.5091003051072,0.0,0.0,0.0,0.0,0.0,0.0,0.0,0.0,0.0,0.0,0.0,0.0,0.0,0.0,0.0,0.0,0.0,-1000.0,0.0,-979.3275715041451,35.051789565223146,0.0,642.1120467264855,0.0,0.0,0.0,-614.8541835348411,0.0,0.0,0.0,0.0,0.0,0.0,0.0,161.63891054044439,0.0,0.0,-576.6646723807597,0.0,0.0,-92.67698241864225,0.0,-164.5200317213449,-23.985759738748282,-1.440560590450265,-2.88112118090053,0.0,0.0,-290.8264189668967,1000.0,0.0,17.286727085403182,0.0,0.0,0.0,517.9918115982631,0.0,253.6657496306163,0.0,-119.76243778511838,119.76243778511838,119.76243778511838,-430.890843003587,0.0,0.0,0.0,0.0,0.0,0.0,0.0,0.0,-76.77131041288624,0.0,0.0,125.79400506617164,0.0,0.0,0.0,0.0,-37.23775763819894,0.11524484723616203,0.0,0.0,0.0,0.0,0.0,0.0,0.0,0.0,0.0,0.0,0.0,0.0,0.0,0.0,0.0,0.0,0.0,0.0,0.0,0.06338466597986865,0.06338466597986865,22.260537948209407,204.23795306151627,0.0,34.573454170806365,0.0,101.11789614093746,0.0,1000.0,0.0,237.0022713911536,0.0,0.0,0.0,-84.91876225044383,-1000.0,0.0,0.0,0.0,0.0,0.0,125.79400506617164,0.0,0.0,0.0,0.0,0.0,0.0,0.0,243.82103363725784,-139.2784340721127,56.56850560163491,0.0,4.436926618586816,0.0,-349.76441700073553,349.76441700073553,172.5576048734465,0.0,-84.91876225044383,0.0,-122.15651988864278,0.0,0.0,0.0,119.76243778511838,0.0,0.0,0.0,0.0,0.0,0.0,0.0,0.0,0.0,0.0,0.0,0.0,0.0,34.573454170806365,155.34516670248178,155.34516670248178,0.0,0.0,0.0,0.0,0.0,0.0,0.0,0.0,0.0,0.0,0.5762242361801061,0.0,22.260537948209407,0.0,0.0,22.260537948209407,937.4898989450263,0.0,0.0,17.286727085403182,0.0,0.0,0.0,0.0,0.0,0.0,0.0,0.0,0.0,0.0,428.9980333091594,0.0,0.0,17.286727085403182,17.286727085403182,1000.0,-1000.0,0.0,125.79400506617164,0.0,0.0,0.0,0.0,0.0,0.0,0.0,62.01947211438921,0.05762242361801059,0.0,0.0,0.0,16.677766168672754,0.0,0.0,0.0,0.0,-57.31848978977375,0.0,0.0,0.0,0.0,0.0,0.0,0.0,0.0,0.0,0.0,0.0,0.0,0.05762242361801059,0.0,0.0,0.0,0.0,0.0,0.0,0.0,0.0,0.0,0.0,1000.0,0.0,0.0,-952.0697083125008,-4.321681771350796,0.0,-2.88112118090053,0.0,0.0,0.0,0.0,0.0,0.0,0.0,0.0,0.0,0.0,0.0,155.34516670248178,0.0,0.0,0.0,-287.94529778599616,0.0,0.0,0.0,253.6081272069983,0.0,0.0,0.05762242361801059,0.0,0.05762242361801059,0.0,0.0,0.0,34.573454170806365,70.29935681397293,70.29935681397293,0.0,0.0,0.0,0.0,0.0,0.0,0.0,56.56850560163491,0.0,0.0,0.0,0.0,12.618782809508453,471.03510938883227,0.0,0.0,0.0,0.0,0.0,0.0,0.0,0.0,0.0,0.0,0.0,0.0,0.0,177.20681212728897,0.0,0.0,0.0,0.08643363542701589,0.0,0.0,0.0,-17.286727085403182,0.0,0.0,0.0,0.0,0.0,-204.23795306151627,2.88112118090053,0.0,0.0,0.0,0.0,231.98082536823006,642.1120467264855,-2.88112118090053,0.0,0.0,0.0,0.0,0.0,0.0,0.0,155.34516670248178,0.0,0.0,0.0,84.47551527639789,0.0,110.0440208780328,-5.625453318278178,972.7421368083557,27.257863191644333,0.0,-1000.0,35.051789565223146,0.0,101.11789614093746,2.88112118090053,1000.0,0.0,0.0,-22.260537948209407,-76.77131041288624,0.0,0.0,517.5579659204896,-517.5579659204896,0.0,0.0,0.0,0.0,0.0,208.55963483286706,-217.20299837556848,70.29935681397293,0.0,0.0,0.0,22.260537948209407,0.0,0.0,0.0,0.0,0.0,666.2280267151953,0.0,0.0,0.0,-16.677766168672754,0.0,-937.4898989450263,17.286727085403182,0.0,0.0,0.0,0.0,11.999244855862102,0.0,0.0,0.06338466597986865,0.0,0.0,0.0,35.14967840698647,0.0,0.0,0.0,0.0,36.617475048839154,0.0,0.0,0.0,0.0,0.0,0.0,0.0,0.0,-236.93851571110963,0.0,0.005762242361801224,0.005762242361801224,0.0,0.0,0.0,0.0,0.0,0.0,0.0,0.0,0.0,0.0,22.260537948209407,0.0,0.0,0.0,0.0,204.23795306151627,0.0,0.0,0.0,0.0,0.0,0.0,0.0,0.0,0.0,0.0,0.0,0.0,-218.99549975701234,1000.0,630.8074128113487,0.0,0.0,0.0,34.573454170806365,0.0,0.0,0.0,0.0,0.0,0.0,-34.573454170806365,0.0,0.0,0.0,0.0,0.0,0.0,0.0,0.0,0.0,22.260537948209407,22.260537948209407,0.0,-9.528572419496362,-1000.0,523.125252376678,0.0,-17.286727085403182,0.0,-20.902918190327323,0.0,0.0,0.0,0.0,0.0,0.0,0.0,0.0,0.0,617.1875,0.0,-617.1875,-617.1875,0.0,0.0,0.0,101.11789614093746,-7.202802952251325,155.34516670248178,-4.321681771350796,696.5352088025586,0.0,0.0,0.0,0.0,0.0,-0.7202802952251326,0.0,111.82309997810938,0.0,0.0,0.0,0.0,0.0,0.0,0.0,1000.0,17.286727085403182,17.286727085403182,0.0,0.0,0.0,0.0,0.0,0.06338466597986865,204.23795306151627,0.0,0.0,20.902918190327323,0.0,0.0,0.0,0.0,0.0,0.0,0.0,0.0,0.0,0.0,0.0,0.0,0.0,0.0,0.0,0.0,0.0,14.855218998428214,0.0,60.503544798911136,0.0,0.0,4.436926618586816,0.0,0.0,0.0,204.23795306151627,0.0,0.0,0.0,0.0,0.0,-7.202802952251325,0.0,0.0,0.0,0.0,0.0,0.0,0.0,0.0,0.0,0.0,0.0,0.0,0.0,0.0,0.0,0.0,0.0,0.0,-0.05762242361801059,0.0,0.0,2.88112118090053,84.91876225044383,0.0,0.0,0.0,0.0,155.34516670248178,0.0,0.0,0.0,-478.6926015248299,1.440560590450265,0.0,0.0,0.0,0.05762242361801059,0.0,57.62242361801059,-3.007732323155082,11.524484723602122,0.41158874012864716,190.476999891106,-0.043216817713507945,2.8811211809005206,1.152448472360212,-0.2881121180904458,-190.476999891106,17.286727085403182,-0.057622423618010586,1.8751511060927262,125.79400506617164,0.014405605904502648,0.41158874012864716,-5.625453318278178,-9.173489839987647,21.108089475849194,-104.58828648833764,-0.0576224236180106,0.014405605904502648,-190.476999891106,5.76224236180106,0.0576224236180106,0.05762242361801059,-204.1169459719184,0.06338466597981182,-50.08794212140633,-0.043216817713507945,17.286727085403182,0.0576224236180106,17.286727085403182,-28.8112118090053,-0.028811211809005297,-88.1451509578837,-85.0,-0.04321681771350794,-0.0576224236180106,-3.007732323155082,0.05762242361801059,5.76224236180106,-1.152448472360212,177.20681212728897,177.20681212728897,-5.76224236180106,104.58828648833764,-177.20681212728897,11.52448472360212,0.08643363542701588,394.9486190884854,5.76224236180106,-243.82103363725784,125.79400506617164,-11.52448472360212,0.028811211809005297,0.5762242361801061,125.46146652485221,96.0,-0.05762242361801059,-217.20299837556848,204.1169459719184,17.86295132158329,0.0576224236180106,9.173489839987647,56.647096724558665,125.79400506617164,-0.05762242361801059,-0.014405605904502648,-125.79400506617164,-0.0576224236180106,-37.23775763819894,0.0576224236180106,-0.014405605904502648,-0.014405605904502648,-0.014405605904502648,23.04896944720424,28.8112118090053,0.5762242361801061,42.691013097993654,-0.014405605904502648,249.0477819436117,2.8811211809005295,21.5,0.05762242361801059,0.028811211809005297,0.0288112118090053,40.0,3.007732323155082,0.05762242361801059,-3.007732323155082,0.5762242361801061,0.0576224236180106,-42.691013097993654,0.0576224236180106,0.23048969447239642,0.2881121180904458,0.028811211809005297,0.014405605904502648,17.286727085403182,-0.0576224236180106,50.08794212140633,-10.554044737924597,-85.38202619598731,1.440560590450275,-5.76224236180106,11.52448472360212,2.88112118090053,-0.0576224236180106,5.625453318278178,0.08643363542701589,-0.0576224236180106,-80.0,3.007732323155082,167.20147095614163,0.0288112118090053,-43.0,-0.0576224236180106,-0.0576224236180106,-0.0576224236180106,0.0288112118090053,190.476999891106,-11.52448472360212,0.05762242361801059,250.92293304970443,-0.014405605904502648,-0.06338466597981182,-250.92293304970443,8.64336354270159,85.0,-347.9298678288679,190.476999891106,-0.04321681771350794,217.20299837556848,-96.0,0.0576224236180106,-0.014405605904502652,2.88112118090053,57.62242361801059,-0.028811211809005297,-0.0576224236180106,0.014405605904502648,0.0,0.0,-394.9774303002944,0.0,-46.0,0.0,-20.215232392165973,-31.0,0.0,-32.0,-93.0,-65.0,0.0,16.0,23.0,46.5,0.0,15.5,-204.23795306151627,-179.20071581200375,0.0,65.0,-179.20071581200375,20.215232392165973,-41.31228573926285,0.0,1496.5981,hclb
294,0.0,0.0,0.0,0.0,0.0,0.0,0.0,0.0,-0.06070676344470328,0.0,0.0,0.0,0.0,0.0,0.0,0.0,265.03581322789717,-861.676196953596,0.0,972.6396948202686,0.0,0.0,0.0,737.9755647347033,0.0,0.0,0.0,0.0,0.0,-486.4815494797182,0.0,0.0,4.652784371418774,0.0,0.0,0.0,0.0,999.7571729462207,0.0,-846.4931434644654,1000.0,0.0,0.0,1000.0,0.0,0.0,0.0,0.0,-778.554263748179,0.0,0.0,0.0,0.0,0.06677743978923364,0.0,0.0,0.0,0.0,0.0,0.0,65.6090011575596,0.0,147.25672921721088,0.0,0.0,0.0,0.0,0.0,0.0,0.0,0.0,0.6070676344470328,0.0,0.0,0.0,0.0,0.0,0.0,0.0,0.0,0.0,0.0,-370.27184855197333,0.0,36.42405806682197,0.0,0.0,1000.0,-942.638268144542,569.3485289054933,-0.015176690861175818,0.0,0.0,-667.806640040577,18.212029033410985,0.0,18.212029033410985,-736.0564875126756,0.0,0.0,0.0,665.3654054552823,-486.4815494797182,0.0,0.0,-4.811289187903845,0.0,0.0,0.0,0.0,0.0,0.0,0.0,0.0,0.0,0.0,0.0,0.0,0.0,0.0,0.0,0.0,0.0,0.0,-813.7339781400613,0.0,0.0,18.212029033410985,0.0,18.819096667858012,0.0,0.0,0.0,0.0,0.0,0.0,-212.86573037477046,290.1330580285147,-290.1330580285147,0.0,0.0,0.0,0.0,0.0,0.0,374.9462693372155,0.06070676344470328,0.0,0.0,0.0,0.0,0.0,0.0,0.0,370.27184855197333,0.0,346.2293445898949,0.0,0.0,0.0,0.0,0.0,564.0509772235267,564.0509772235267,0.0,0.0,0.0,0.0,0.0,0.0,0.0,564.1116839869715,0.0,0.0,0.0,-271.90713433480914,0.0,0.0,0.0,0.0,0.0,0.0,0.0,0.0,0.0,0.0,-74.71501567426512,0.0,0.0,0.0,0.0,15.373669506903255,0.0,0.0,0.0,0.0,0.0,0.0,0.0,373.2897392390488,-373.2897392390488,212.86573037477046,0.0,0.0,0.0,0.0,0.0,0.0,0.0,-954.7296981195285,0.0,0.0,0.0,0.0,0.0,0.0,0.0,0.0,0.0,0.0,0.0,0.0,0.0,190.86268924372783,-18.71729462211869,1000.0,0.0,0.0,0.0,0.0,78.86861689208497,0.0,0.0,0.0,0.0,65.6090011575596,0.0,0.0,0.0,0.0,0.0,0.0,0.0,0.0,0.0,0.0,12.141352688940655,0.0,0.0,315.92800738359085,-1000.0,594.7354754908698,0.0,-1000.0,0.0,0.0,212.86573037477046,-808.6221744261876,0.0,0.0,0.0,-77.0734734340922,0.0,0.0,-1000.0,0.0,0.0,-1000.0,0.0,0.0,-569.3485289054933,0.0,262.80750085390036,0.0,0.0,-122.36247725613339,0.0,0.0,0.0,-166.32414836217066,0.0,166.32414836217066,0.0,563.990270460082,0.0,0.0,0.0,0.0,0.0,0.0,65.6090011575596,-0.0910601451670549,0.0,0.0,0.0,0.0,0.06070676344470328,0.0,0.0,0.0,-325.32004580716966,265.03581322789717,0.0,-775.3649021581135,158.32652435763717,0.0,1000.0,0.0,0.0,0.0,-4.811289187903845,0.0,0.0,0.0,-5.2268523325890115,443.112880828433,-437.886028495844,-1000.0,-486.66691923060773,0.0,0.0,0.0,0.0,0.0,0.0,0.0,0.0,0.0,0.0,0.0,0.0,0.0,0.0,0.0,0.0,0.0,0.0,0.0,-1000.0,370.27184855197333,0.0,734.1017297297557,0.0,0.0,0.0,265.8982702702443,0.0,0.0,0.0,356.144371517551,662.3300672830471,0.0,-68.64433932979478,0.0,0.0,-443.112880828433,0.0,-3.035338172235164,0.0,0.0,68.64433932979478,-334.2003718137587,0.0,-1.517669086117582,0.0,-7.661435670348908,0.0,723.9186944133337,1000.0,-1000.0,18.212029033410985,0.0,0.0,0.0,0.0,0.0,0.0,0.0,-190.86268924372783,190.86268924372783,190.86268924372783,85.66993649896318,0.0,0.0,0.0,0.0,0.0,0.0,0.0,0.0,-81.64772805965127,0.0,0.0,18.212029033410985,0.0,0.0,0.0,0.0,-36.92932365552967,0.1214135268894471,0.0,0.0,0.0,0.0,0.0,0.0,0.0,0.0,0.0,0.0,0.0,0.0,0.0,0.0,0.0,0.0,0.0,0.0,0.0,0.06677743978923364,0.06677743978923364,0.0,274.7213365547872,0.0,36.42405806682197,0.0,0.0,0.0,1000.0,0.0,44.0176011921493,0.0,0.0,0.0,567.2200870086344,-1000.0,0.0,0.0,0.0,0.0,0.0,18.212029033410985,0.0,0.0,0.0,0.0,0.0,0.0,0.0,271.24465938002044,325.32004580716966,0.0,0.0,4.674420785242149,0.0,0.0,-667.806640040577,-959.5409873074325,0.0,567.2200870086344,0.0,530.2907633531048,0.0,0.0,0.0,190.86268924372783,0.0,0.0,0.0,0.0,0.0,0.0,0.0,0.0,0.0,0.0,0.0,0.0,0.0,36.42405806682197,212.86573037477046,212.86573037477046,0.0,0.0,0.0,0.0,0.0,0.0,0.0,0.0,0.0,0.0,0.6070676344470328,0.0,0.0,0.0,0.0,0.0,0.0,0.0,0.0,18.212029033410985,0.0,0.0,0.0,0.0,0.0,0.0,0.0,0.0,0.0,0.0,-52.31316713118392,0.0,0.0,18.212029033410985,18.212029033410985,1000.0,-1000.0,0.0,18.212029033410985,0.0,0.0,0.0,0.0,0.0,486.4815494797182,0.0,564.3138574568692,0.06070676344470328,0.0,0.0,0.0,80.17195352350848,0.0,0.0,667.806640040577,0.0,0.0,0.0,0.0,0.0,0.0,0.0,0.0,0.0,0.0,0.0,0.0,0.0,0.0,0.06070676344470328,0.0,0.0,0.0,286.0609952516791,-286.0609952516791,0.0,0.0,0.0,0.0,0.0,1000.0,0.0,0.0,-1000.0,-4.553007258352746,0.0,-3.035338172235164,0.0,0.0,0.0,0.0,0.0,0.0,0.0,0.0,0.0,0.0,0.0,212.86573037477046,0.0,0.0,0.0,-273.0459674144311,0.0,0.0,0.0,-0.06070676344470328,0.0,0.0,0.06070676344470328,0.0,0.06070676344470328,0.0,0.0,0.0,36.42405806682197,74.062251402538,74.062251402538,0.0,0.0,0.0,0.0,0.0,0.0,0.0,0.0,0.0,0.0,0.0,0.0,0.0,0.0,0.0,0.0,0.0,0.0,0.0,0.0,0.0,0.0,0.0,0.0,0.0,0.0,0.0,291.7343472668554,0.0,0.0,0.0,0.0910601451670549,0.0,0.0,0.0,-18.212029033410985,0.0,0.0,0.0,0.0,0.0,-274.7213365547872,3.035338172235164,0.0,0.0,0.0,0.0,0.0,545.6777844383829,-3.035338172235164,0.0,0.0,0.0,0.0,0.0,0.0,0.0,212.86573037477046,0.0,0.0,-938.3705571060477,83.85864731105934,0.0,52.85864731105934,-4.811289187903845,0.0,811.5760547086272,0.0,-811.5760547086272,370.27184855197333,-882.6844258287256,0.0,3.035338172235164,953.166644597748,0.0,189.10955140193175,0.0,-81.64772805965127,-145.99623770194214,145.99623770194214,0.0,0.0,0.0,-640.8445396074599,0.0,0.0,0.0,65.6090011575596,0.0,74.062251402538,0.0,0.0,0.0,0.0,0.0,0.0,0.0,0.0,0.0,0.0,0.0,0.0,288.3803583298454,-80.17195352350848,1000.0,0.0,18.212029033410985,0.0,0.0,0.0,0.0,173.9978798763894,0.0,0.0,0.06677743978923364,0.0,0.0,0.0,37.031125701269,0.0,0.0,0.0,0.0,-18.71729462211869,0.0,0.0,0.0,0.0,0.0,0.0,0.0,0.0,-825.4008021161899,0.0,0.006070676344470328,0.006070676344470328,0.0,0.0,0.0,0.0,0.0,0.0,0.0,0.0,0.0,0.0,0.0,0.0,0.0,0.0,0.0,274.7213365547872,0.0,0.0,0.0,0.0,0.0,0.0,0.0,0.0,0.0,0.0,0.0,0.0,1000.0,-13.035441618215474,-861.676196953596,0.0,0.0,0.0,36.42405806682197,0.0,0.0,0.0,0.0,0.0,0.0,-36.42405806682197,0.0,0.0,0.0,0.0,0.0,0.0,0.0,0.0,0.0,0.0,0.0,0.0,-50.98077668747703,-1000.0,41.584132959621755,30.878943294787575,-49.09097232819856,0.0,999.7571729462207,0.0,0.0,0.0,0.0,0.0,0.0,0.0,0.0,0.0,492.1875,0.0,-492.1875,-492.1875,0.0,0.0,0.0,0.0,-7.588345430587911,212.86573037477046,-666.8830745413998,-4.553007258352756,0.0,0.0,0.0,0.0,0.0,156.61612310846272,-157.3749576515215,451.91957661162456,0.0,0.0,0.0,0.0,0.0,0.0,0.0,1000.0,18.212029033410985,18.212029033410985,0.0,0.0,0.0,0.0,0.0,0.06677743978923364,274.7213365547872,0.0,0.0,-999.7571729462207,0.0,0.0,0.0,0.0,0.0,0.0,0.0,0.0,0.0,0.0,0.0,0.0,0.0,0.0,0.0,0.0,0.0,0.0,0.0,63.74210161693845,4.674420785242149,0.0,0.0,0.0,0.0,0.0,274.7213365547872,0.0,-547.6325422213029,0.0,0.0,0.0,-7.588345430587911,0.0,0.0,0.0,0.0,0.0,0.0,0.0,0.0,0.0,0.0,0.0,0.0,0.0,0.0,0.0,0.0,0.0,0.0,-0.06070676344470328,0.0,0.0,3.035338172235164,-567.2200870086344,0.0,0.0,0.0,0.0,212.86573037477046,0.0,0.0,0.0,5.2268523325890115,1.517669086117582,0.0,0.0,0.0,0.06070676344470328,0.0,60.70676344470327,-18.819096667858012,12.141352688940657,0.4336197388907377,169.37187001072212,-0.04553007258352745,334.2003718137587,1.2141352688940656,-0.303533817223979,-169.37187001072212,18.212029033410985,-0.06070676344470328,1.6037630626346149,18.212029033410985,0.01517669086117582,0.4336197388907377,-4.811289187903845,-9.664516740397325,-1.2141352688940656,-375.99931109456975,-0.06070676344470328,0.01517669086117582,-169.37187001072212,6.070676344470328,0.06070676344470328,0.06070676344470328,-274.5938523515532,0.06677743978917361,-31.959529651140755,-0.04553007258352745,18.212029033410985,0.06070676344470328,18.212029033410982,-30.353381722351642,-0.03035338172235164,-304.64723656294643,-85.0,-0.04553007258352745,-0.06070676344470328,-18.819096667858012,0.06070676344470328,6.070676344470328,-1.2141352688940656,291.7343472668554,291.7343472668554,-6.070676344470328,375.99931109456975,-291.7343472668554,12.141352688940655,0.0910601451670549,405.45880566627596,6.070676344470328,-271.24465938002044,18.212029033410985,-12.141352688940655,0.030353381722351636,0.6070676344470328,193.84122553952838,96.0,-0.06070676344470328,-288.3803583298454,274.5938523515532,18.819096667858012,0.06070676344470328,9.664516740397325,-54.63608710023278,18.212029033410985,-0.06070676344470328,-0.01517669086117582,-18.212029033410985,-0.06070676344470328,-36.92932365552967,0.060706763444727585,-0.015176690861175818,-0.015176690861175818,-0.015176690861175818,24.28270537788131,30.353381722351642,0.6070676344470328,304.15876066941127,-0.01517669086117582,386.0786880164221,3.035338172235164,21.5,0.06070676344470328,0.03035338172235164,0.03035338172235164,15.176690861175821,18.819096667858012,0.06070676344470328,-18.819096667858012,0.6070676344470328,0.06070676344470328,-822.5240352740436,0.06070676344470328,0.2428270537792514,0.303533817223979,0.03035338172235164,0.01517669086117582,18.212029033410985,-0.06070676344470328,31.959529651140755,0.6070676344470328,-608.3175213388225,332.68270272764113,-6.070676344470328,12.141352688940655,3.035338172235164,-0.06070676344470328,4.811289187903845,0.0910601451670549,-0.06070676344470328,-30.353381722351642,18.819096667858012,7.0229866513626575,0.03035338172235164,-43.0,-0.06070676344470328,-0.060706763444727585,-0.06070676344470328,0.03035338172235164,169.37187001072212,-12.141352688940655,0.06070676344470328,387.68245107905676,-0.015176690861175818,-0.06677743978917361,-387.68245107905676,9.106014516705491,85.0,-245.78137449274175,169.37187001072212,-0.04553007258352745,288.3803583298454,-96.0,0.06070676344470328,-0.015176690861175821,359.1797096897862,60.70676344470327,-0.03035338172235164,-0.06070676344470328,0.01517669086117582,302.5207675129657,0.0,-405.4891590479983,518.3652746046323,-46.0,0.0,-64.95668145481517,-10.80569303145062,0.0,-32.0,-93.0,-65.0,0.0,16.0,23.0,46.5,0.0,5.40284651572531,-274.7213365547872,-181.02086652775205,0.0,65.0,-181.02086652775205,64.95668145481517,-8.19563534952636,0.0,1496.5981,hclb
295,0.0,0.0,0.0,0.0,0.0,0.0,0.0,0.0,-0.05259737583867079,0.0,0.0,0.0,0.0,0.0,0.0,0.0,498.65284149550445,1.7027709447361303,0.0,0.0,0.0,0.0,0.0,834.7032049008878,0.0,0.0,0.0,0.0,0.0,685.0486362299457,98.55096202163247,-98.55096202163247,189.196318701155,0.0,0.0,0.0,0.0,-77.05294127529447,0.0,-1000.0,1000.0,0.0,0.0,-186.39579473444127,0.0,0.0,0.0,0.0,-997.3056829910089,0.0,0.0,0.0,0.0,0.05785711342268924,0.0,0.0,0.0,0.0,0.0,0.0,-37.48239623940299,0.0,0.0,-37.48239623940299,849.7572317045398,0.0,0.0,0.0,494.7696085886326,-494.7696085886326,0.0,0.5259737583867079,0.0,0.0,0.0,0.0,0.0,0.0,0.0,0.0,0.0,0.0,0.0,0.0,31.55842550320247,0.0,0.0,1000.0,0.9915460642549382,-1.9830921285098764,0.0,0.0,0.0,0.0,15.779212751601236,0.0,15.779212751601236,0.0,0.0,0.0,0.0,683.0036084343287,0.0,0.0,0.0,-12.245872757963127,0.0,1000.0,0.0,0.0,0.0,0.0,0.0,0.0,0.0,0.0,0.0,0.0,0.0,0.0,0.0,0.0,0.0,0.0,-435.52649876979643,0.0,0.0,15.779212751601236,0.0,16.30518650998794,16.30518650998794,0.0,-1000.0,1000.0,0.0,0.0,531.2500000000005,0.0,0.0,-531.2500000000005,0.0,0.0,0.0,0.0,0.0,4.049997939577629,0.05259737583867079,0.013149343959667697,0.0,0.0,777.1217349637813,-799.082784628313,0.0,0.0,100.69170819395958,0.0,242.895707021801,0.0,0.0,0.0,0.0,0.0,629.3123952869418,629.3123952869418,0.0,0.0,0.0,0.0,-308.9132882644477,0.0,0.0,727.9159546844129,0.0,0.0,0.0,287.70031651658934,-14.100296418096562,0.0,0.0,0.0,0.0,0.0,0.0,0.0,0.0,0.0,0.0,0.0,0.0,0.0,0.0,-310.0174435438128,0.0,0.0,0.0,0.0,0.0,0.0,0.0,0.9915460642549382,-0.9915460642549382,0.0,0.0,0.0,0.0,0.0,0.0,0.0,685.0486362299457,69.86690251696369,0.0,0.0,0.0,0.0,0.0,0.0,0.0,0.0,0.0,0.0,0.0,0.0,0.0,317.1573495354945,0.0,-186.39579473444127,0.0,0.0,0.0,0.0,79.68766504029425,0.0,0.0,0.0,0.0,-37.48239623940299,0.0,98.55096202163247,0.0,0.0,0.0,0.0,0.0,0.0,0.0,102.87446631557088,10.519475167734157,0.0,0.0,0.0,0.0,3.6858630732460447,0.0,186.39579473444127,0.0,0.0,0.0,962.517603760597,0.0,0.0,0.0,-364.25041731351894,0.0,0.0,-977.7404935532568,0.0,-95.19021182165937,-977.7404935532566,0.0,-95.19021182165937,1.9830921285098764,0.0,0.0,0.0,0.0,99.66938656957309,0.0,0.0,0.0,-165.81537836961115,0.0,165.81537836961115,0.0,727.8107599327356,0.0,0.0,0.0,0.0,0.0,0.0,-37.48239623940299,-0.07889606375800617,0.0,0.0,0.0,0.0,0.05259737583867079,0.0,0.0,0.0,111.67609943634645,498.65284149550445,0.0,-548.760476098705,20.991306078300767,14.100296418096562,946.2986879193354,0.0,-937.3549486664419,0.0,-12.245872757963127,0.0,0.0,0.0,903.1546815115663,1000.0,-965.7997328451244,0.0,159.24459870046712,0.0,0.0,0.0,0.0,0.0,0.0,0.0,0.0,0.0,0.0,0.0,0.0,0.0,0.0,0.0,0.0,0.0,0.0,0.0,76.84255177193988,0.0,0.0,2.6298687919335393,655.1179022361702,0.0,546.7537752788952,-8.373502233516042,0.0,0.0,0.0,0.0,680.3737396423952,-494.7696085886326,0.0,-670.3756897312162,0.0,-1000.0,0.0,0.0,-1000.0,987.2940507070782,0.0,0.0,474.18768809693626,-1.3149343959667696,-2.6298687919335393,374.35606846906654,0.0,794.4715063295168,1000.0,93.42416955984743,15.779212751601236,0.0,0.0,0.0,0.0,0.0,0.0,0.0,-317.1573495354945,317.1573495354945,317.1573495354945,-76.87819587492393,0.0,0.0,0.0,0.0,0.0,685.0486362299457,0.0,0.0,-74.96479247880598,0.0,0.0,69.48052483226584,0.0,0.0,0.0,0.0,-37.74026241613292,0.10519475167732065,0.0,0.0,0.0,0.0,0.0,0.0,0.0,0.0,0.0,0.0,0.0,0.0,0.0,0.0,0.0,0.0,0.0,0.0,0.0,0.05785711342268924,0.05785711342268924,98.55096202163247,402.6378743677604,0.0,31.55842550320247,0.0,0.0,0.0,0.0,0.0,0.0,0.0,0.0,0.0,205.89802474675793,0.0,0.0,0.0,0.0,0.0,0.0,69.48052483226584,0.0,0.0,0.0,0.0,0.0,0.0,0.0,145.17549958993214,-111.67609943634645,21.961049664531686,0.0,4.049997939577629,0.0,0.0,0.0,-79.68766504029425,0.0,205.89802474675793,0.0,0.0,168.15776233062502,0.0,0.0,317.1573495354945,0.0,0.0,0.0,0.0,0.0,0.0,0.0,0.0,0.0,0.0,0.0,0.0,0.0,31.55842550320247,0.0,0.0,0.0,0.0,0.0,0.0,0.0,0.0,0.0,0.0,0.0,0.0,0.5259737583867079,0.0,98.55096202163247,0.0,0.0,98.55096202163247,0.0,0.0,0.0,15.779212751601236,0.0,0.0,0.0,0.0,0.0,0.0,0.0,0.0,0.0,0.0,911.6561781863959,0.0,0.0,15.779212751601236,15.779212751601236,0.0,0.0,0.0,69.48052483226584,0.0,0.0,0.0,0.0,0.0,1000.0,685.0486362299457,679.8592482815566,0.05259737583867079,0.0,0.0,0.0,4.241602665847094,171.6045934651529,0.0,0.0,0.0,0.0,0.0,0.0,0.0,0.0,0.0,0.0,0.0,0.0,0.0,0.0,0.0,0.0,0.05259737583867079,0.0,0.0,0.0,0.0,0.0,0.0,0.0,0.0,0.0,-8.373502233516042,218.5095445455439,-100.69170819395958,-139.03712398167048,0.0,-3.944803187900309,-2.6298687919335393,0.0,0.0,0.0,0.0,0.0,0.0,0.0,0.0,0.0,0.0,0.0,0.0,0.0,14.100296418096562,0.0,0.0,890.5255446812978,0.0,0.0,0.0,-0.05259737583867079,0.0,0.0,0.05259737583867079,0.0,0.05259737583867079,0.0,0.0,0.0,31.55842550320247,64.16879852317835,64.16879852317835,0.0,0.0,0.0,0.0,0.0,0.0,0.0,21.961049664531686,0.0,685.0486362299457,0.0,0.0,0.0,907.683315571276,0.0,0.0,0.0,0.0,0.0,0.0,0.0,0.0,0.0,0.0,0.0,0.0,0.0,79.68766504029425,0.0,0.0,0.0,0.07889606375800617,0.0,0.0,0.0,-15.779212751601236,0.0,0.0,0.0,0.0,0.0,-402.6378743677604,2.6298687919335393,0.0,0.0,0.0,0.0,308.9132882644477,0.0,0.0,0.0,0.0,0.0,0.0,0.0,0.0,0.0,0.0,0.0,0.0,0.0,85.48052483226584,0.0,76.44157449679753,159.35872070718978,76.84255177193988,0.0,139.03712398167048,-215.87967575361034,100.69170819395958,898.3488052374187,0.0,2.6298687919335393,1000.0,0.0,237.03533395455452,-98.55096202163247,-74.96479247880598,-187.9887131058279,187.9887131058279,0.0,0.0,0.0,0.0,0.0,0.0,0.0,-7.889606375800611,0.0,64.16879852317835,0.0,0.0,0.0,98.55096202163247,0.0,0.0,0.0,0.0,0.0,102.87446631557088,0.0,0.0,414.47228393146133,-4.241602665847094,-965.7720230934365,0.0,15.779212751601236,0.0,0.0,0.0,0.0,10.833103980683973,0.0,0.0,0.05785711342268924,0.0,0.0,0.0,32.084399261589176,0.0,0.0,0.0,0.0,0.0,0.0,0.0,0.0,0.0,0.0,0.0,0.0,0.0,0.0,0.0,323.08764755557115,0.005259737583867078,0.0,0.0,0.0,0.0,0.0,0.0,0.0,0.0,0.0,0.0,98.55096202163247,0.0,0.0,0.0,0.0,402.6378743677604,0.0,0.0,0.0,0.0,0.0,0.0,0.0,0.0,0.0,0.0,0.0,0.0,0.0,0.0,1.7027709447361303,0.0,0.0,0.0,31.55842550320247,0.0,0.0,0.0,0.0,0.0,0.0,-31.55842550320247,0.0,0.0,0.0,0.0,0.0,0.0,0.0,0.0,0.0,98.55096202163247,98.55096202163247,0.0,479.3853504189106,1000.0,943.7125180207654,-15.779212751601236,0.0,0.0,-77.05294127529447,0.0,0.0,0.0,0.0,0.0,0.0,0.0,0.0,0.0,0.0,0.0,0.0,0.0,0.0,0.0,0.0,0.0,-6.574671979833848,0.0,-684.3185428302955,903.7385123833757,0.0,0.0,0.0,0.0,0.0,0.0,-0.6574671979833848,175.65650067276556,0.0,0.0,0.0,0.0,0.0,0.0,0.0,1000.0,15.779212751601236,15.779212751601236,0.0,0.0,0.0,0.0,0.0,0.05785711342268924,402.6378743677604,0.0,0.0,77.05294127529447,323.0823878179873,0.0,0.0,0.0,0.0,0.0,0.0,0.0,0.0,0.0,0.0,0.0,0.0,0.0,0.0,0.0,0.0,16.30518650998794,0.0,55.227244630604325,4.049997939577629,0.0,0.0,0.0,0.0,0.0,402.6378743677604,0.0,0.0,0.0,0.0,0.0,-6.574671979833848,0.0,0.0,0.0,0.0,0.0,0.0,0.0,0.0,0.0,0.0,0.0,0.0,0.0,0.0,0.0,0.0,0.0,0.0,-0.05259737583867079,0.0,0.0,2.6298687919335393,-205.89802474675793,0.0,0.0,0.0,0.0,0.0,0.0,0.0,0.0,-903.1546815115663,1.3149343959667696,0.0,0.0,0.0,0.05259737583867079,0.0,52.597375838670786,0.0,10.519475167734157,0.3756955417047913,179.35705160986734,-0.03944803187900309,670.3756897312162,1.0519475167734158,-0.2629868791932637,-179.35705160986734,15.779212751601236,-0.05259737583867079,4.081957585987709,69.48052483226584,0.013149343959667697,0.3756955417047913,-12.245872757963127,-8.373502233516042,97.49901450485906,-500.3556124402406,-0.05259737583867079,0.013149343959667697,-179.35705160986734,5.259737583867079,0.05259737583867079,0.05259737583867079,-402.527419878499,0.05785711342252668,-30.84024213620873,-0.03944803187900309,15.779212751601236,0.05259737583867079,15.779212751601236,-26.298687919335393,-0.026298687919335394,-187.56371936966602,-85.0,-0.03944803187900309,-0.05259737583867079,0.0,0.05259737583867079,5.259737583867079,-1.0519475167734158,79.68766504029425,79.68766504029425,-5.259737583867079,500.3556124402406,-79.68766504029425,10.519475167734157,0.07889606375800617,147.05223285113675,5.259737583867079,-145.17549958993214,69.48052483226584,-10.519475167734157,0.026298687919335394,0.5259737583867079,137.19011902467625,96.0,-0.05259737583867079,-414.47228393146133,402.527419878499,16.30518650998794,0.05259737583867079,8.373502233516042,6.3636738258609995,69.48052483226584,-0.05259737583867079,-0.013149343959667697,-69.48052483226584,-0.05259737583867079,-37.74026241613292,0.052597375838443414,-0.013149343959667697,-0.013149343959667697,-0.013149343959667697,21.038950335468314,26.298687919335393,0.5259737583867079,287.2635074760927,-0.013149343959667697,270.2982804633648,2.6298687919335393,21.5,0.05259737583867079,0.026298687919335394,0.026298687919335394,40.0,0.0,0.05259737583867079,0.0,0.5259737583867079,0.05259737583867079,-783.8543607793292,0.05259737583867079,0.21038950335458986,0.2629868791932637,0.026298687919335394,0.013149343959667697,15.779212751601236,-0.05259737583867079,30.84024213620873,-48.74950725242953,-574.5270149521854,669.0607553352494,-5.259737583867079,10.519475167734157,2.6298687919335393,-0.05259737583867079,12.245872757963127,0.07889606375800617,-0.05259737583867079,-80.0,0.0,470.78537578944537,0.026298687919335394,-43.0,-0.05259737583867079,-0.052597375838443414,-0.05259737583867079,0.026298687919335394,179.35705160986734,-10.519475167734157,0.05259737583867079,274.3802380493525,-0.013149343959667697,-0.05785711342252668,-274.3802380493525,7.889606375800617,85.0,-27.007995006455282,179.35705160986734,-0.03944803187900309,414.47228393146133,-96.0,0.05259737583867079,-0.013149343959667695,2.6298687919335393,52.597375838670786,-0.026298687919335394,-0.05259737583867079,0.013149343959667697,0.0,0.0,-147.0785315390561,496.59085330323654,-46.0,0.0,186.10402689277362,-31.0,0.0,-32.0,-93.0,-65.0,0.0,16.0,23.0,46.5,0.0,15.5,-402.6378743677604,-481.61847977012934,0.0,65.0,-481.61847977012934,-186.10402689277362,87.24030774152277,0.0,1496.5981,hclb
296,0.0,0.0,0.0,0.0,0.0,0.0,0.0,0.0,-0.061747482777832007,0.0,0.0,0.0,0.0,0.0,0.0,0.0,353.9078243143819,187.21082149100917,0.0,-43.857292913266136,0.0,0.0,0.0,789.5613391170442,0.0,0.0,0.0,0.0,0.0,-464.8818245029985,0.0,0.0,29.635380630609852,0.0,0.0,0.0,0.0,-236.0300811177377,0.0,-1000.0,1000.0,0.0,0.0,1000.0,0.0,0.0,0.0,0.0,-454.85049330677293,0.0,0.0,18.328589122985928,0.0,0.06792223105567628,0.0,0.0,0.0,12.349496555566402,0.0,0.0,52.747022770098276,0.0,145.2997293540656,23.49199886396563,0.0,0.0,0.0,0.0,0.0,0.0,0.0,0.6174748277783202,0.0,0.0,0.0,0.0,0.0,0.0,0.0,790.9083223075604,0.0,0.0,-167.0311208805138,0.0,37.04848966669921,0.0,0.0,302.3075481485271,-418.25836070750216,1000.0,-0.015436870694458003,0.0,0.0,0.0,18.524244833349606,0.0,18.524244833349606,0.0,0.0,0.0,0.0,9.91695368094001,-1000.0,0.0,0.0,0.0,571.407279861583,0.0,0.0,0.0,0.0,0.0,0.0,0.0,0.0,0.0,0.0,0.0,0.0,0.0,0.0,0.0,0.0,0.0,-755.3232013016318,0.0,0.0,18.524244833349606,0.0,19.141719661127926,19.141719661127926,0.0,-237.84923086027192,237.84923086027192,0.0,0.0,-174.55475326019825,0.0,0.0,0.0,0.0,0.0,0.0,0.0,0.0,171.78567705440688,0.061747482777832007,0.0,0.0,0.0,0.0,-793.5354650033481,0.0,0.0,167.0311208805138,0.0,208.39078233562185,0.0,0.0,0.0,0.0,0.0,231.04821878727918,231.04821878727918,0.0,0.0,0.0,453.125,0.0,0.0,0.0,231.10996627005701,0.0,0.0,0.0,148.79808388212808,0.0,0.0,0.0,0.0,0.0,0.0,0.0,0.0,0.0,0.0,0.0,0.0,0.0,0.0,0.0,-552.187153354626,0.0,0.0,0.0,0.0,0.0,0.0,-18.328589122985928,-581.7416392924979,581.7416392924979,174.55475326019825,0.0,0.0,0.0,0.0,0.0,0.0,535.1181754970015,-732.9397467610303,0.0,0.0,0.0,0.0,0.0,0.0,0.0,0.0,0.0,0.0,0.0,0.0,0.0,216.84876735267736,203.82717825289794,584.1530826183753,0.0,0.0,0.0,0.0,78.76350423943897,0.0,0.0,0.0,0.0,52.747022770098276,-415.8469173816247,0.0,0.0,0.0,0.0,0.0,0.0,0.0,0.0,1.9882689454465208,0.0,0.0,0.0,836.5167214150042,1000.0,-752.6131735737297,0.0,-584.1530826183753,0.0,0.0,174.55475326019825,-585.136927113376,0.0,0.0,0.0,-331.9671226411928,0.0,0.0,-1000.0,0.0,0.0,-1000.0,0.0,0.0,-1000.0,0.0,-267.5165764335231,0.0,0.0,-42.75934122723004,0.0,0.0,0.0,0.0,0.0,0.0,0.0,230.98647130450135,0.0,0.0,91.7857906001899,453.12499999999994,0.0,0.0,52.747022770098276,-0.092621224166748,0.0,0.0,0.0,0.0,0.061747482777832007,0.0,0.0,0.0,278.3563820761927,353.9078243143819,0.0,-453.54271765396106,375.0179479922881,0.0,950.873741388916,0.0,769.8503543764621,0.0,0.0,0.0,0.0,0.0,46.732163242553675,-816.5825176190158,0.0,-1000.0,567.8769944573481,0.0,0.0,0.0,0.0,0.0,0.0,0.0,0.0,0.0,0.0,0.0,0.0,0.0,0.0,0.0,0.0,0.0,-1000.0,0.0,-764.2169088133735,167.0311208805138,0.0,0.0,0.0,0.0,0.0,-173.7739459998535,0.0,0.0,0.0,0.0,6.829579542048409,0.0,0.0,-6.502163909915805,0.0,816.5825176190158,-217.23999390896893,0.0,-110.18571165044368,-25.005895419632218,0.0,0.0,-589.6283742760572,-1.5436870694458003,-3.0873741388916005,0.0,0.0,-164.18599199390258,0.0,310.0587971649168,18.524244833349606,0.0,0.0,0.0,0.0,0.0,0.0,0.0,-216.84876735267736,216.84876735267736,216.84876735267736,80.6505034444336,0.0,0.0,0.0,0.0,0.0,535.1181754970015,0.0,0.0,-69.06070772000172,0.0,0.0,67.6505034444336,0.0,0.0,0.0,0.0,-36.8252517222168,0.12349496555570526,0.0,0.0,0.0,0.0,0.0,0.0,0.0,97.95381614804319,0.0,0.0,0.0,0.0,0.0,0.0,0.0,0.0,0.0,0.0,0.0,0.06792223105567628,0.06792223105567628,0.0,300.49927079711097,0.0,37.04848966669921,0.0,0.0,0.0,1000.0,0.0,0.0,0.0,0.0,0.0,419.9552770102151,-1000.0,0.0,0.0,0.0,0.0,0.0,67.6505034444336,0.0,0.0,0.0,0.0,0.0,0.0,0.0,251.77440043387728,-278.3563820761927,222.12818514176513,0.0,4.754556173893062,0.0,0.0,0.0,-253.3182574996372,0.0,419.9552770102151,0.0,0.0,383.1300252879983,0.0,0.0,216.84876735267736,0.0,0.0,0.0,0.0,0.0,0.0,0.0,0.0,0.0,0.0,0.0,0.0,0.0,37.04848966669921,174.55475326019825,174.55475326019825,0.0,0.0,0.0,0.0,0.0,0.0,0.0,0.0,0.0,0.0,0.6174748277783202,0.0,0.0,0.0,0.0,0.0,-18.328589122985928,0.0,0.0,18.524244833349606,0.0,0.0,0.0,0.0,0.0,0.0,0.0,0.0,0.0,0.0,210.72265524700708,0.0,0.0,18.524244833349606,18.524244833349606,1000.0,-1000.0,0.0,67.6505034444336,0.0,0.0,0.0,0.0,0.0,1000.0,535.1181754970015,797.6207906789142,0.061747482777832007,0.0,0.0,0.0,4.979493432583738,0.0,97.95381614804319,0.0,0.0,0.0,0.0,0.0,0.0,0.0,0.0,0.0,0.0,0.0,0.0,0.0,0.0,0.0,0.061747482777832007,0.0,0.0,0.0,-1000.0,1000.0,0.0,0.0,0.0,0.0,0.0,105.96885739034045,0.0,-279.74280339019396,235.78309118662645,-4.631061208337401,-3.087374138891603,0.0,0.0,0.0,0.0,0.0,0.0,0.0,0.0,0.0,0.0,0.0,0.0,174.55475326019825,0.0,0.0,0.0,148.96017930990587,0.0,0.0,0.0,-0.061747482777832007,0.0,0.0,0.061747482777832007,0.0,0.061747482777832007,0.0,0.0,0.0,37.04848966669921,75.33192898895506,75.33192898895506,0.0,0.0,0.0,0.0,0.0,0.0,0.0,222.12818514176513,0.0,535.1181754970015,0.0,0.0,0.0,52.04862150972507,0.0,0.0,0.0,0.0,0.0,0.0,0.0,0.0,0.0,0.0,0.0,0.0,0.0,253.3182574996372,0.0,0.0,0.0,0.092621224166748,0.0,0.0,0.0,-18.524244833349606,0.0,0.0,0.0,0.0,0.0,-300.49927079711097,3.0873741388916005,0.0,0.0,0.0,-453.12499999999994,0.0,-299.44321416003976,0.0,0.0,0.0,0.0,0.0,0.0,0.0,0.0,174.55475326019825,0.0,0.0,777.6301769279503,83.6505034444336,0.0,274.7786885861987,0.0,0.0,-473.2171601598933,279.74280339019396,193.4743567696993,167.0311208805138,-660.4688561023311,0.0,3.087374138891603,721.7287941134224,0.0,0.0,0.0,-69.06070772000172,-229.49247540388595,229.49247540388595,801.548006797104,-801.548006797104,0.0,0.0,0.0,0.0,0.0,-9.262122416674657,0.0,75.33192898895506,0.0,0.0,0.0,0.0,0.0,0.0,0.0,0.0,0.0,1.9882689454465208,0.0,0.0,314.39245442212314,-4.979493432583738,-1000.0,0.0,18.524244833349606,0.0,0.0,0.0,0.0,-87.33737138580605,0.0,0.0,0.06792223105567628,0.0,0.0,0.0,37.66596449447753,0.0,0.0,0.0,0.0,203.82717825289794,0.0,571.407279861583,0.0,0.0,0.0,0.0,0.0,0.0,815.8697533362205,0.0,0.006174748277783201,0.006174748277783201,0.0,0.0,0.0,0.0,0.0,0.0,0.0,0.0,0.0,0.0,0.0,0.0,0.0,0.0,0.0,300.49927079711097,0.0,0.0,0.0,0.0,0.0,0.0,0.0,0.0,0.0,0.0,0.0,0.0,0.0,-76.73730314778405,187.21082149100917,0.0,0.0,0.0,37.04848966669921,0.0,0.0,0.0,0.0,0.0,0.0,-37.04848966669921,0.0,0.0,0.0,0.0,0.0,0.0,0.0,0.0,0.0,0.0,0.0,0.0,770.256203778434,-1000.0,94.34564721254,-127.8950164926114,109.37077165926179,0.0,-236.0300811177377,0.0,0.0,0.0,0.0,0.0,0.0,0.0,0.0,0.0,0.0,0.0,0.0,0.0,0.0,0.0,0.0,0.0,-7.718435347229004,174.55475326019825,-11.46064075038581,47.417560301387674,0.0,0.0,0.0,0.0,0.0,-0.7718435347229002,0.0,236.09182860051553,0.0,0.0,0.0,0.0,0.0,0.0,0.0,1000.0,18.524244833349606,18.524244833349606,0.0,0.0,0.0,0.0,790.9083223075604,0.06792223105567628,300.49927079711097,0.0,0.0,236.0300811177377,0.0,0.0,0.0,0.0,0.0,0.0,0.0,0.0,0.0,0.0,0.0,0.0,0.0,0.0,0.0,0.0,0.0,19.141719661127926,0.0,64.83485691672362,4.754556173893062,0.0,0.0,0.0,0.0,0.0,300.49927079711097,0.0,296.35584002114814,0.0,0.0,0.0,-7.718435347229004,0.0,0.0,0.0,0.0,0.0,0.0,0.0,0.0,0.0,0.0,0.0,0.0,0.0,0.0,0.0,0.0,0.0,0.0,-0.061747482777832007,0.0,0.0,3.0873741388916005,-419.9552770102151,0.0,0.0,0.0,0.0,174.55475326019825,0.0,0.0,0.0,-46.732163242553675,1.5436870694458003,0.0,0.0,0.0,0.061747482777832007,0.0,61.747482777832005,0.0,12.349496555566404,0.44105344841308575,210.55891627240717,-0.046310612083374,6.502163909915805,1.2349496555566404,-0.3087374138890763,-210.55891627240717,18.524244833349606,-0.06174748277783201,0.0,67.6505034444336,0.015436870694458003,0.4410534484130858,0.0,-9.830199258231346,-1.2349496555566404,-497.26135289212493,-0.06174748277783201,0.015436870694458003,-210.55891627240717,6.174748277783201,0.06174748277783201,0.061747482777832007,-300.3696010832775,0.06792223105561522,-66.46063235282665,-0.046310612083374,18.524244833349606,0.06174748277783201,18.524244833349606,-30.87374138891601,-0.030873741388916007,-141.9301499827952,-85.0,-0.046310612083374,-0.06174748277783201,0.0,0.061747482777832007,6.174748277783201,-1.2349496555566404,253.3182574996372,253.3182574996372,-6.174748277783201,497.26135289212493,-253.3182574996372,12.349496555566402,0.092621224166748,51.0558166148121,6.174748277783201,-251.77440043387728,67.6505034444336,-12.349496555566402,0.030873741388916007,0.6174748277783202,113.38567941349027,96.0,-0.061747482777832007,-314.39245442212314,300.3696010832775,19.141719661127926,0.06174748277783201,9.830199258231346,-6.446475888964833,67.6505034444336,-0.061747482777832007,-0.015436870694458003,-67.6505034444336,-0.06174748277783201,-608.2325315837998,0.06174748277783201,-0.015436870694458003,-0.015436870694458003,-0.015436870694458003,24.698993111132804,30.87374138891601,0.6174748277783202,304.3964071406324,-0.015436870694458003,226.77135882698053,3.0873741388916005,21.5,0.061747482777832007,0.030873741388916007,0.030873741388916007,40.0,0.0,0.061747482777832007,0.0,0.6174748277783202,0.06174748277783201,-821.6948888158433,0.061747482777831944,0.24698993111124423,0.3087374138890763,0.030873741388916007,0.015436870694458003,18.524244833349606,-0.06174748277783201,66.46063235282665,0.6174748277783202,-608.7928142812648,4.958476840470005,-6.174748277783201,12.349496555566402,3.0873741388916005,-0.061747482777831944,0.0,0.092621224166748,-0.06174748277783201,-80.0,0.0,254.24477529361607,0.030873741388916007,-43.0,-0.06174748277783201,-0.06174748277783201,-0.06174748277783201,0.030873741388916007,210.55891627240717,-12.349496555566402,0.061747482777832007,226.77135882698053,-0.015436870694458003,-0.06792223105561522,-226.77135882698053,9.262122416674801,85.0,2.3686553318686308,210.55891627240717,-0.046310612083374,314.39245442212314,-96.0,0.06174748277783201,-0.015436870694458003,3.087374138891603,61.747482777832005,-0.030873741388916007,-0.06174748277783201,0.015436870694458003,0.0,0.0,-51.08669035620102,517.298481675211,-46.0,0.0,321.67271304514884,-31.0,0.0,-32.0,-93.0,-65.0,0.0,16.0,23.0,46.5,0.0,15.5,-300.49927079711097,-166.90740390781002,0.0,65.0,-166.90740390781002,-321.67271304514884,160.97222032816524,0.0,1496.5981,hclb
297,0.0,0.0,0.0,0.0,0.0,0.0,0.0,0.0,119.09612786081289,0.0,0.0,0.0,0.0,0.0,0.0,0.0,-223.5355749665341,1000.0,0.0,-717.0678204848698,0.0,0.0,0.0,0.0,0.0,0.0,0.0,0.0,0.0,-133.87885123521158,0.0,0.0,18.740093447839705,0.0,0.0,0.0,0.0,-869.9676463274437,0.0,-620.7775451421625,990.8048079168614,0.0,-1000.0,-642.5855737982542,0.0,0.0,0.0,0.0,0.0,0.0,0.0,0.0,0.0,0.033715704304636746,0.0,0.0,0.0,6.130128055425731,0.0,0.0,-2.699299720405179,0.0,2.699299720405179,0.0,1000.0,0.0,0.0,0.0,0.0,498.2554857985944,0.0,0.30650640277128655,0.0,0.0,0.0,0.0,0.0,0.0,0.0,0.0,0.0,0.0,-864.5996975269105,0.0,18.390384166277194,0.0,0.0,-168.0485169863863,535.8872862281887,296.064196785425,0.0,0.0,0.0,584.073855708172,9.195192083138597,0.0,9.195192083138597,0.0,0.0,0.0,0.0,1.5325320138564327,-133.87885123521158,0.0,0.0,-11.582527402035955,668.2500882714371,1000.0,0.0,0.0,0.0,0.0,0.0,0.0,0.0,0.0,0.0,0.0,0.0,0.0,0.0,0.0,0.0,0.0,-175.83692198462288,0.0,0.0,9.195192083138597,0.0,9.501698485909882,0.0,0.0,0.0,773.3906250000007,-773.3906250000007,773.3906250000007,343.5624999994502,22.805959556393418,-22.805959556393418,-343.5624999994502,0.0,0.0,0.0,0.0,0.0,866.9597968282494,0.030650640277128653,0.007662660069282163,0.0,0.0,0.0,-668.2500882714371,0.0,0.0,864.5996975269105,0.0,198.48199415739862,0.0,0.0,0.0,0.0,0.0,621.2371013249892,621.2371013249892,0.0,0.0,0.0,0.0,-1000.0,0.0,0.0,621.2677519652664,0.0,0.0,0.0,589.9119846584249,0.0,0.0,0.0,0.0,0.0,0.0,0.0,0.0,0.0,0.0,0.0,0.0,0.0,0.0,0.0,-317.7277410580609,0.0,0.0,0.0,0.0,0.0,0.0,1000.0,-831.9514830136137,831.9514830136137,0.0,0.0,0.0,0.0,0.0,0.0,0.0,0.0,845.5020095067607,0.0,0.0,0.0,0.0,0.0,0.0,0.0,0.0,0.0,0.0,0.0,0.0,0.0,0.0,-30.73974388914854,-642.5855737982542,0.0,0.0,0.0,0.0,81.90428533201,0.0,0.0,0.0,0.0,-2.699299720405179,0.0,0.0,0.0,0.0,0.0,0.0,0.0,0.0,0.0,133.0402031717506,0.0,0.0,0.0,0.0,367.8387692418024,0.0,0.0,642.5855737982542,0.0,0.0,0.0,-339.59268029235886,0.0,0.0,0.0,-3.089073695929585,0.0,0.0,0.0,-437.0393524837925,562.9606475162075,437.03935248379236,0.0,1000.0,-296.064196785425,0.0,-380.9707865120971,0.0,0.0,3.6110010411789375,0.0,0.0,0.0,0.0,0.0,0.0,0.0,621.2064506847121,0.0,0.0,1000.0,0.0,0.0,0.0,-2.699299720405179,-0.045975960415692976,0.0,0.0,0.0,0.0,0.030650640277128653,0.0,0.0,0.0,93.58806047116167,-223.5355749665341,0.0,-48.113405282411506,-520.3166253909186,0.0,1000.0,0.0,641.6253959614733,0.0,-11.582527402035955,0.0,0.0,0.0,358.3746040385267,-1000.0,0.0,-843.0769068366847,-1000.0,0.0,0.0,0.0,0.0,0.0,0.0,0.0,0.0,0.0,0.0,0.0,0.0,0.0,0.0,0.0,0.0,0.0,0.0,0.0,869.845043766335,864.5996975269105,0.0,132.05325255482887,0.0,0.0,24.382573610935992,-1000.0,0.0,0.0,0.0,406.5487808189453,0.0,1000.0,0.0,0.0,-0.7662660069282163,0.0,-719.1404240045956,-1.5325320138564327,-808.8334921184863,0.0,0.0,-1.5325320138564327,0.0,0.0,0.0,0.0,0.0,478.33256961846075,82.45284619176775,0.0,9.195192083138597,0.0,0.0,0.0,703.4781179864002,0.0,119.12677850109002,0.0,0.0,0.0,0.0,-605.02571863979,0.0,0.0,0.0,0.0,0.0,0.0,0.0,0.0,-5.398599440810358,0.0,0.0,0.0,0.0,0.0,0.0,0.0,-39.934935972287136,0.06130128055441243,0.0,0.0,0.0,0.0,0.0,0.0,0.0,0.0,0.0,498.2554857985944,0.0,0.0,0.0,0.0,0.0,0.0,0.0,0.0,0.0,0.033715704304636746,0.033715704304636746,0.0,1.178813412666272,0.0,18.390384166277194,0.0,0.0,0.0,-1000.0,0.0,0.0,0.0,0.0,0.0,-466.88165215995497,1000.0,0.0,0.0,1000.0,0.0,0.0,0.0,0.0,0.0,0.0,0.0,0.0,0.0,0.0,58.61230732820763,-93.58806047116167,0.0,0.0,2.360099301338905,0.0,502.16957037616197,81.90428533201,0.0,0.0,-466.88165215995497,0.0,0.0,-506.8165881322421,0.0,0.0,0.0,0.0,0.0,0.0,0.0,0.0,0.0,0.0,0.0,0.0,0.0,0.0,0.0,0.0,18.390384166277194,0.0,0.0,0.0,0.0,0.0,0.0,0.0,0.0,0.0,0.0,0.0,0.0,0.30650640277128655,0.0,0.0,0.0,0.0,0.0,1000.0,0.0,0.0,9.195192083138597,-1000.0,0.0,0.0,0.0,0.0,0.0,0.0,0.0,0.0,0.0,-975.4526908177046,57.3569761497146,0.0,9.195192083138597,9.195192083138597,-790.4634675968275,1000.0,0.0,0.0,0.0,0.0,0.0,0.0,0.0,-23.04424192810376,0.0,-19.572035228710092,0.030650640277128653,0.0,0.0,-390.62499999999943,431.10354914884454,0.0,0.0,-584.073855708172,0.0,0.0,0.0,0.0,0.0,0.0,0.0,0.0,0.0,0.0,0.0,0.0,0.0,0.0,0.030650640277128653,0.0,0.0,0.0,0.0,0.0,0.0,0.0,0.0,0.0,0.0,119.29092873701912,0.0,-309.8922045249604,192.4995721091051,-2.2987980207846492,-1.532532013856434,0.0,0.0,0.0,0.0,0.0,0.0,0.0,0.0,0.0,0.0,0.0,0.0,0.0,0.0,0.0,0.0,479.8651016323172,0.0,0.0,0.0,119.09612786081289,0.0,0.0,0.030650640277128653,0.0,0.030650640277128653,0.0,0.0,0.0,18.390384166277194,37.39378113809696,37.39378113809696,0.0,0.0,0.0,0.0,0.0,0.0,0.0,0.0,0.0,0.0,0.0,0.0,361.0136241663873,0.0,0.0,0.0,0.0,0.0,0.0,0.0,0.0,0.0,0.0,0.0,0.0,0.0,0.0,81.90428533201,0.0,0.0,0.0,0.045975960415692976,0.0,0.0,0.0,-9.195192083138597,0.0,0.0,0.0,0.0,0.0,-1.178813412666272,1.5325320138564327,0.0,0.0,0.0,0.0,1000.0,0.0,0.0,0.0,0.0,0.0,0.0,0.0,0.0,0.0,0.0,0.0,1000.0,-1000.0,1.178813412666272,0.0,58.86987194457427,-11.582527402035955,677.34547165723,-1000.0,309.8922045249604,12.762323817809758,864.5996975269105,-376.98646143045585,0.0,1.532532013856434,1000.0,0.0,0.0,0.0,-5.398599440810358,0.0,0.0,768.8498189078323,-768.8498189078323,0.0,0.0,0.0,0.0,0.0,-4.597596041569421,0.0,37.39378113809696,0.0,0.0,0.0,0.0,0.0,0.0,0.0,0.0,0.0,133.0402031717506,0.0,0.0,8.075207475020342,-538.7340349474396,990.5057795402553,-1000.0,9.195192083138597,0.0,0.0,0.0,0.0,-184.59972679334527,0.0,0.0,0.033715704304636746,0.0,0.0,0.0,18.69689056904848,0.0,0.0,0.0,0.0,-30.73974388914854,0.0,668.2500882714371,0.0,0.0,0.0,0.0,0.0,0.0,0.0,0.0,0.0030650640277129527,0.0030650640277129527,0.0,0.0,0.0,0.0,0.0,0.0,0.0,0.0,0.0,-390.62499999999943,0.0,0.0,0.0,0.0,0.0,1.178813412666272,0.0,0.0,0.0,0.0,0.0,0.0,0.0,0.0,0.0,0.0,0.0,0.0,0.0,-545.1097569300354,1000.0,0.0,0.0,0.0,18.390384166277194,0.0,0.0,0.0,0.0,0.0,439.28877308109236,-457.6791572473695,0.0,0.0,0.0,0.0,0.0,0.0,0.0,0.0,0.0,0.0,0.0,0.0,19.572035228710092,-1000.0,382.0093127562204,0.0,-9.195192083138597,0.0,-869.9676463274437,0.0,0.0,0.0,0.0,0.0,0.0,0.0,0.0,0.0,0.0,0.0,0.0,0.0,0.0,0.0,0.0,0.0,-3.8313300346410832,0.0,-2.2987980207846492,358.7148261456026,0.0,0.0,0.0,0.0,0.0,718.3530734940748,-718.7362064975389,869.9982969677209,0.0,0.0,0.0,0.0,0.0,0.0,0.0,1000.0,9.195192083138597,9.195192083138597,0.0,0.0,0.0,0.0,0.0,0.033715704304636746,1.178813412666272,0.0,0.0,869.9676463274437,0.0,0.0,0.0,0.0,0.0,0.0,0.0,0.0,0.0,0.0,0.0,0.0,0.0,0.0,0.0,0.0,0.0,0.0,0.0,32.18317229098509,2.360099301338905,0.0,0.0,0.0,0.0,0.0,1.178813412666272,0.0,130.52072054097243,0.0,0.0,0.0,-3.8313300346410832,0.0,0.0,0.0,0.0,0.0,0.0,0.0,0.0,0.0,0.0,0.0,0.0,0.0,0.0,0.0,0.0,0.0,0.0,-0.030650640277128653,0.0,0.0,1.5325320138564327,466.88165215995497,0.0,0.0,0.0,0.0,0.0,0.0,0.0,0.0,-358.3746040385267,0.7662660069282163,0.0,0.0,0.0,0.030650640277128653,0.0,30.65064027712865,-9.501698485909882,6.130128055425732,0.21893314483663323,85.51528637318894,-0.022987980207846488,1.5325320138564327,0.6130128055425731,-0.15325320138582116,-85.51528637318894,9.195192083138597,-0.030650640277128653,3.8608424673453183,0.0,0.007662660069282163,0.21893314483663323,-11.582527402035955,-4.879581932117048,-0.6130128055425731,-59.39660454859609,-0.030650640277128653,0.007662660069282163,-85.51528637318894,3.0650640277128653,0.030650640277128653,0.030650640277128653,-1.1144470680845064,0.03371570430484161,-35.509974616054905,-0.022987980207846488,9.195192083138597,0.030650640277128653,9.195192083138597,-15.325320138564328,-0.015325320138564327,-139.8069647372718,-85.0,-0.022987980207846488,-0.030650640277128653,-9.501698485909882,0.030650640277128653,3.0650640277128653,-0.6130128055425731,81.90428533201,81.90428533201,-3.0650640277128653,59.39660454859609,-81.90428533201,6.130128055425731,0.045975960415692976,-132.2223140580095,3.0650640277128653,-58.61230732820763,0.0,-6.130128055425731,0.015325320138564327,0.30650640277128655,12.028351320602876,7.308941468092002,-0.030650640277128653,-8.075207475020342,1.1144470680845064,9.501698485909882,0.030650640277128653,4.879581932117048,-36.78076833255433,0.0,-0.030650640277128653,-0.007662660069282163,0.0,-0.030650640277128653,-708.1850242437242,0.030650640277315233,-0.007662660069282163,-0.007662660069282163,-0.007662660069282163,12.260256110851461,15.325320138564328,0.30650640277128655,58.949616044560344,-0.007662660069282163,20.195860173860435,1.5325320138564327,21.5,0.030650640277128653,0.015325320138564327,0.015325320138564327,3.0650640277128653,9.501698485909882,0.030650640277128653,-9.501698485909882,0.30650640277128655,0.030650640277128653,-131.4322619030355,0.030650640277128653,0.1226025611086766,0.15325320138582116,0.015325320138564327,0.007662660069282163,9.195192083138597,-0.030650640277128653,35.509974616054905,0.30650640277128655,-117.89923208912069,0.7662660069282166,-3.0650640277128653,6.130128055425731,1.5325320138564327,-0.030650640277128653,11.582527402035955,0.045975960415692976,-0.030650640277128653,-6.130128055425731,9.501698485909882,634.2345039348177,0.015325320138564327,-43.0,-0.030650640277128653,-0.030650640277315233,-0.030650640277128653,0.015325320138564327,85.51528637318894,-6.130128055425731,0.030650640277128653,24.056702641205753,-0.007662660069282163,-0.03371570430484161,-24.056702641205753,4.597596041569298,85.0,0.0,85.51528637318894,-0.022987980207846488,8.075207475020342,-7.308941468092002,0.030650640277128653,-0.007662660069282162,408.08131283280176,30.65064027712865,-0.015325320138564327,-0.030650640277128653,0.007662660069282163,0.0,0.0,132.20698873787092,72.48264585847517,-46.0,0.0,203.16702566460734,-31.0,0.0,-32.0,-93.0,-65.0,0.0,16.0,23.0,46.5,0.0,15.5,-1.178813412666272,-449.6347771414724,0.0,65.0,-449.6347771414724,-203.16702566460734,118.4413649847244,0.0,1496.5981,hclb
298,0.0,0.0,0.0,0.0,0.0,0.0,0.0,0.0,-0.05414593664480446,0.0,0.0,0.0,0.0,0.0,0.0,0.0,-740.709376499894,987.8504073705348,0.0,0.0,0.0,0.0,0.0,0.0,0.0,0.0,0.0,0.0,0.0,-963.9372271124189,62.75063597099846,-62.75063597099846,21.766550269129965,0.0,0.0,0.0,0.0,530.7241917142143,0.0,-1000.0,1000.0,0.0,0.0,0.0,0.0,0.0,0.0,0.0,683.9546980866677,0.0,0.0,-1000.0,0.0,0.05956053030933846,0.0,0.0,0.0,10.829187328960892,0.0,0.0,-6.214829441349593,0.0,-442.00005221033445,-506.6263857601914,0.0,0.0,0.0,0.0,891.153923824685,-891.153923824685,0.0,0.5414593664480446,0.0,0.0,0.0,0.0,0.0,0.0,0.0,0.0,0.0,0.0,474.2664376668163,0.0,32.487561986882675,0.0,0.0,-1000.0,444.4021947150202,249.45451797309295,-0.013536484161201115,0.0,0.0,433.26700453931403,16.243780993441337,0.0,32.35086727857478,-64.49413513096118,0.0,0.0,474.2664376668163,2.707296832240223,-963.9372271124189,0.0,0.0,-8.036824531019803,0.0,0.0,0.0,0.0,0.0,0.0,0.0,0.0,0.0,0.0,0.0,0.0,0.0,0.0,0.0,0.0,0.0,0.0,-575.4518796422608,0.0,0.0,32.35086727857478,0.0,16.78524035988938,16.78524035988938,0.0,-195.6753082304549,0.0,195.6753082304549,-195.6753082304549,-398.469803188949,68.41787867116825,-68.41787867116825,340.0582990804416,0.0,0.0,0.0,0.0,0.0,-470.09720054516634,0.05414593664480446,0.0,0.0,0.0,0.0,0.0,0.0,0.0,0.0,0.0,266.44348376684786,0.0,0.0,0.0,0.0,0.0,933.6567161762521,933.6567161762521,0.0,0.0,0.0,0.0,0.0,0.0,0.0,996.4614980838953,0.0,0.0,0.0,0.0,-166.25217188814958,0.0,0.0,0.0,0.0,0.0,0.0,0.0,0.0,0.0,0.0,0.0,0.0,0.0,0.0,-343.15840146582866,0.0,0.0,0.0,0.0,0.0,0.0,1000.0,-506.4316543707466,506.4316543707466,58.4115041085074,0.0,0.0,0.0,0.0,0.0,0.0,0.0,303.3610645629517,0.0,0.0,0.0,0.0,0.0,0.0,0.0,0.0,0.0,0.0,0.0,0.0,0.0,181.7134222851217,-5.234539056944772,20.691905525645325,0.0,0.0,0.0,0.0,79.53126039887475,0.0,0.0,0.0,0.0,-6.214829441349593,20.691905525645325,62.75063597099846,0.0,0.0,0.0,0.0,0.0,0.0,0.0,0.0,0.0,16.107086285133445,0.0,-1000.0,-49.166150914233185,177.52304371592106,0.0,-20.691905525645325,0.0,0.0,58.4115041085074,407.31097738039693,0.0,0.0,0.0,-35.38594867952099,0.0,0.0,-1000.0,0.0,0.0,-1000.0,0.0,0.0,-62.02945965572641,0.0,-202.53594508687956,0.0,0.0,46.69487945140102,0.0,0.0,0.0,-1000.0,0.0,1000.0,0.0,1000.0,0.0,0.0,0.0,0.0,0.0,0.0,-6.214829441349593,-0.08121890496720668,0.0,0.0,0.0,0.0,0.05414593664480446,0.0,0.0,0.0,172.8647696798717,-740.709376499894,0.0,-644.8989011416735,-316.3789736721512,166.25217188814958,963.1800546075357,0.0,458.37133428891923,0.0,-8.036824531019803,0.0,0.0,0.0,-4.661965145117716,-453.70936914380155,0.0,-1000.0,-1000.0,0.0,0.0,0.0,0.0,0.0,0.0,0.0,0.0,0.0,0.0,0.0,0.0,0.0,0.0,0.0,0.0,0.0,-469.05922453920635,0.0,-1000.0,0.0,0.0,0.0,0.0,0.0,0.0,532.8478365161648,0.0,0.0,0.0,755.9307356680995,0.0,0.0,405.1229846184984,-2.707296832240223,-1.3536484161201114,-437.4445546808834,433.19079365467104,0.0,0.0,-828.8382393603287,-405.1229846184984,0.0,0.0,0.0,-2.707296832240223,1000.0,0.0,-152.01786703613772,0.0,0.0,32.35086727857478,0.0,0.0,0.0,481.87409027964355,0.0,0.0,0.0,-181.7134222851217,181.7134222851217,181.7134222851217,-391.6664530775846,0.0,0.0,-3.6467937893942874,0.0,0.0,0.0,0.0,0.0,-70.84116299120649,0.0,-607.8876986946677,69.1708126710391,0.0,0.0,0.0,0.0,-37.58540633551955,0.10829187328966432,0.0,0.0,0.0,0.0,0.0,0.0,0.0,0.0,0.0,0.0,0.0,0.0,0.0,0.0,0.0,0.0,0.0,0.0,0.0,0.05956053030933846,0.05956053030933846,62.75063597099846,266.8842349561608,0.0,32.487561986882675,0.0,0.0,0.0,243.88292415260076,0.0,434.7345658648516,0.0,0.0,0.0,-6.3948360263651045,-243.88292415260076,0.0,0.0,0.0,0.0,0.0,69.1708126710391,0.0,0.0,0.0,0.0,0.0,0.0,0.0,191.81729321408693,-172.8647696798717,0.0,0.0,273.37963214787555,0.0,772.7806936628493,-339.5136891235353,-477.45645363091745,0.0,-6.3948360263651045,0.0,0.0,-43.98024236188466,0.0,0.0,181.7134222851217,0.0,0.0,0.0,0.0,0.0,0.0,0.0,0.0,0.0,0.0,0.0,0.0,0.0,32.487561986882675,58.411504108507415,58.4115041085074,0.0,0.0,0.0,0.0,0.0,0.0,0.0,0.0,0.0,0.0,0.5414593664480446,0.0,62.75063597099846,0.0,0.0,62.75063597099846,1000.0,0.0,0.0,32.35086727857478,0.0,0.0,0.0,269.2103950262256,0.0,0.0,0.0,0.0,0.0,0.0,488.1583533248345,-893.5941982577166,0.0,16.243780993441337,16.243780993441337,-255.95849397251314,-243.88292415260076,0.0,69.1708126710391,0.0,0.0,0.0,0.0,0.0,963.9372271124189,0.0,1000.0,0.05414593664480446,0.0,0.0,0.0,4.366483033713159,0.0,0.0,-433.26700453931403,0.0,0.0,0.0,0.0,0.0,0.0,0.0,0.0,0.0,0.0,0.0,0.0,0.0,0.0,0.05414593664480446,0.0,0.0,0.0,0.0,0.0,0.0,0.0,0.0,0.0,-114.30461158218738,647.1524480983521,0.0,0.0,-530.9407754607937,-4.060945248360334,-2.707296832240223,0.0,0.0,-953.125,-953.125,953.125,0.0,0.0,0.0,0.0,0.0,0.0,0.0,58.411504108507415,166.25217188814958,0.0,0.0,-149.31057020389747,0.0,0.0,0.0,-0.05414593664480446,0.0,0.0,0.05414593664480446,0.0,0.05414593664480446,0.0,0.0,0.0,32.487561986882675,66.05804270666147,66.05804270666147,0.0,0.0,0.0,0.0,0.0,0.0,0.0,0.0,0.0,0.0,0.0,0.0,0.0,0.0,0.0,0.0,0.0,0.0,0.0,0.0,0.0,0.0,0.0,0.0,0.0,0.0,0.0,137.94276450738215,0.0,0.0,0.0,0.08121890496720668,0.0,0.0,0.0,-32.35086727857478,0.0,0.0,0.0,0.0,0.0,-266.8842349561608,2.707296832240223,0.0,0.0,0.0,0.0,0.0,352.8475519016478,0.0,0.0,-607.8876986946677,0.0,0.0,0.0,0.0,0.0,58.411504108507415,0.0,0.0,0.0,85.1708126710391,0.0,54.17081267103911,-8.036824531019803,0.0,1000.0,0.0,-1000.0,0.0,341.25293467373547,0.0,2.707296832240223,486.77552689029847,0.0,0.0,-62.75063597099846,-70.84116299120649,0.0,0.0,0.0,0.0,0.0,0.0,0.0,0.0,0.0,270.94518020452114,-279.0670707012418,66.05804270666147,0.0,285.90340650891517,285.90340650891517,-223.15277053791664,0.0,0.0,0.0,0.0,0.0,0.0,0.0,0.0,0.0,-4.366483033713159,270.1142334491924,0.0,16.243780993441337,0.0,0.0,0.0,0.0,109.47353035955072,0.0,0.0,0.05956053030933846,0.0,0.0,0.0,33.02902135333072,0.0,0.0,0.0,0.0,-5.234539056944772,0.0,0.0,0.0,0.0,0.0,0.0,0.0,0.0,548.7209649201741,0.0,0.005414593664480446,0.005414593664480446,0.0,0.0,0.0,0.0,0.0,0.0,0.0,0.0,0.0,0.0,62.75063597099846,0.0,0.0,0.0,0.0,266.8842349561608,0.0,0.0,0.0,0.0,0.0,0.0,0.0,0.0,0.0,0.0,0.0,0.0,0.0,0.0,987.8504073705348,0.0,0.0,0.0,32.487561986882675,0.0,0.0,0.0,0.0,0.0,-934.5111201546795,902.0235581677968,0.0,0.0,0.0,0.0,0.0,0.0,0.0,0.0,0.0,62.75063597099846,62.75063597099846,0.0,-1000.0,-1000.0,37.08996660169105,-32.35086727857478,0.0,0.0,530.7241917142143,0.0,0.0,0.0,0.0,0.0,0.0,0.0,0.0,0.0,0.0,0.0,0.0,0.0,0.0,0.0,0.0,0.0,-6.768242080600557,58.4115041085074,-4.060945248360334,275.00612545288146,0.0,0.0,0.0,0.0,0.0,-0.6768242080600557,0.0,70.84116299120649,0.0,0.0,0.0,0.0,0.0,0.0,0.0,1000.0,16.243780993441337,16.243780993441337,0.0,0.0,0.0,0.0,0.0,0.05956053030933846,266.8842349561608,0.0,0.0,-530.7241917142143,0.0,0.0,0.0,0.0,0.0,0.0,0.0,0.0,0.0,0.0,0.0,0.0,0.0,0.0,0.0,0.0,0.0,16.78524035988938,0.0,56.85323347704468,0.0,0.0,4.169237121649943,0.0,0.0,0.0,266.8842349561608,0.0,-420.0489838648492,0.0,0.0,0.0,-6.768242080600557,0.0,0.0,0.0,0.0,0.0,0.0,0.0,0.0,0.0,0.0,0.0,0.0,0.0,0.0,0.0,0.0,0.0,0.0,-0.05414593664480446,0.0,0.0,2.707296832240223,6.3948360263651045,0.0,0.0,0.0,0.0,58.4115041085074,0.0,0.0,0.0,4.661965145117716,1.3536484161201114,0.0,0.0,0.0,0.05414593664480446,0.0,54.14593664480446,0.0,10.829187328960892,0.38675669032003185,184.63764395878317,-0.04060945248360334,2.707296832240223,1.0829187328960892,-0.27072968322420365,-184.63764395878317,16.243780993441337,-0.05414593664480446,2.6789415103399343,69.1708126710391,0.013536484161201115,0.38675669032003185,-8.036824531019803,-8.62003311385287,61.667717238102455,-247.14103087064075,-0.05414593664480446,0.013536484161201115,-184.63764395878317,13.819210978499544,0.05414593664480446,0.05414593664480446,-266.77052848920664,0.059560530309284904,-43.27830754260985,-0.04060945248360334,16.243780993441337,0.05414593664480446,32.35086727857478,-10.965882037268784,-0.02707296832240223,-207.0915271621984,-85.0,-0.04060945248360334,-0.05414593664480446,0.0,0.05414593664480446,5.414593664480446,-1.0829187328960892,137.94276450738215,137.94276450738215,-5.414593664480446,247.14103087064075,-137.94276450738215,10.829187328960892,0.08121890496720668,108.81626523883642,5.414593664480446,-191.81729321408693,69.1708126710391,-10.829187328960892,0.02707296832240223,0.5414593664480446,161.22472528541837,96.0,-0.05414593664480446,-279.0670707012418,266.77052848920664,16.78524035988938,0.05414593664480446,8.62003311385287,-20.316014901878784,69.1708126710391,-0.05414593664480446,-0.013536484161201115,-69.1708126710391,-0.05414593664480446,-37.58540633551955,0.05414593664480446,-0.013536484161201115,-0.013536484161201115,-0.013536484161201115,21.658374657921783,10.965882037268784,0.5414593664480446,294.4473320958354,-0.013536484161201115,319.7705090604968,2.707296832240223,21.5,0.05414593664480446,0.02707296832240223,0.02707296832240223,40.0,0.0,0.05414593664480446,0.0,0.5414593664480446,0.05414593664480446,-803.1112546640672,0.05414593664480446,0.21658374657943114,0.27072968322420365,0.02707296832240223,0.013536484161201115,16.243780993441337,-0.05414593664480446,43.27830754260985,-30.833858619051227,-588.8946641916708,1.3536484161201114,-5.414593664480446,10.829187328960892,2.707296832240223,-0.05414593664480446,8.036824531019803,0.08121890496720668,-0.05414593664480446,-80.0,0.0,36.321523353321936,0.02707296832240223,-43.0,-0.05414593664480446,-0.05414593664480446,-0.05414593664480446,0.02707296832240223,184.63764395878317,-10.829187328960892,0.05414593664480446,322.44945057083675,-0.013536484161201115,-0.059560530309284904,-322.44945057083675,8.121890496720667,85.0,37.8519974924804,184.63764395878317,-0.04060945248360334,279.0670707012418,-96.0,0.05414593664480446,-0.013536484161201113,758.6380325003397,54.14593664480446,-0.02707296832240223,-0.05414593664480446,0.013536484161201115,119.8044801658107,0.0,-296.2683965245253,508.66392256823184,-46.0,0.0,-108.0,-31.0,8.404617314019099,-32.0,-93.0,-65.0,-187.42505831736653,16.0,23.0,46.5,-8.404617314019099,15.5,-266.8842349561608,-145.79505371287266,187.42505831736653,65.0,-145.79505371287266,108.0,-46.54928938130083,0.0,1496.5981,hclb
299,0.0,0.0,0.0,0.0,0.0,0.0,0.0,0.0,122.09110479863101,0.0,0.0,0.0,0.0,0.0,0.0,0.0,-429.64144344400495,-310.3050332114979,0.0,548.8397692986973,0.0,0.0,0.0,467.05541864258413,0.0,0.0,0.0,0.0,0.0,0.0,0.0,0.0,792.9757826802331,0.0,0.0,0.0,0.0,684.1473496707891,0.0,-155.96235618822652,990.5735712786727,0.0,0.0,-250.196711574853,0.0,0.0,0.0,0.0,-153.61566472071559,0.0,0.0,0.0,0.0,0.03456357197823114,0.0,0.0,0.0,0.0,0.0,0.0,-2.7671805201959834,0.0,0.0,-2.7671805201959834,0.0,0.0,0.0,0.0,0.0,0.0,0.0,0.31421429071090967,0.0,0.0,0.0,0.0,0.0,0.0,0.0,0.0,0.0,0.0,0.0,0.0,18.85285744265458,0.0,0.0,1000.0,846.3843352792844,-570.3114244123884,-0.007855357267772742,0.0,0.0,1000.0,9.42642872132729,0.0,9.42642872132729,-1.0117700160920466,0.0,0.0,0.0,12.981536180795167,0.0,0.0,0.0,-11.522294802439964,0.0,0.0,0.0,0.0,0.0,0.0,0.0,0.0,0.0,0.0,0.0,0.0,0.0,0.0,0.0,0.0,0.0,0.0,-192.73776020703338,0.0,0.0,9.42642872132729,0.0,9.7406430120382,0.0,0.0,0.0,0.0,0.0,0.0,0.0,0.0,0.0,0.0,0.0,0.0,0.0,0.0,0.0,2.419450038474003,0.03142142907109097,0.0,0.0,0.0,-294.15397466186715,0.0,0.0,0.0,0.0,0.0,112.33879500381211,0.0,0.0,0.0,0.0,0.0,724.155477183614,724.155477183614,0.0,0.0,0.0,-171.875,-129.23818491310055,0.0,0.0,724.1868986126851,0.0,0.0,0.0,-496.934823999768,-576.9939057190533,0.0,0.0,0.0,0.0,0.0,0.0,0.0,0.0,0.0,-688.638519266018,0.0,0.0,0.0,0.0,-446.4654609390939,0.0,0.0,0.0,0.0,0.0,0.0,0.0,153.61566472071559,-153.61566472071559,0.0,0.0,0.0,0.0,0.0,0.0,0.0,0.0,-651.0579897862374,0.0,0.0,0.0,0.0,0.0,0.0,0.0,0.0,0.0,0.0,0.0,0.0,0.0,0.0,263.7225462903035,583.2571081647204,0.0,0.0,0.0,0.0,81.82643566381981,0.0,0.0,0.0,0.0,-2.7671805201959834,833.4538197395734,0.0,0.0,0.0,0.0,0.0,0.0,0.0,0.0,0.0,6.284285814218194,0.0,0.0,-1000.0,-307.23132944143094,1000.0,0.0,-583.2571081647204,0.0,0.0,0.0,-476.54469022205353,0.0,0.0,0.0,-3.1667563598824318,0.0,0.0,-799.7310951414744,-978.8451432293107,0.0,179.11404808783644,0.0,978.8451432293107,1000.0,0.0,-454.23393447136937,0.0,0.0,5.8393514445239845,0.0,0.0,0.0,0.0,0.0,0.0,0.0,724.124055754543,0.0,0.0,0.0,-171.875,0.0,0.0,-2.7671805201959834,-0.04713214360663645,0.0,0.0,0.0,0.0,0.03142142907109097,0.0,0.0,0.0,355.21259655394675,-429.64144344400495,0.0,-116.33955551757491,-583.8635846804779,576.9939057190533,1000.0,0.0,225.32391186105542,0.0,-11.522294802439964,0.0,0.0,0.0,-2.7053850430209634,-222.61852681803447,0.0,-1000.0,-384.88304847552604,0.0,0.0,0.0,0.0,0.0,0.0,0.0,0.0,0.0,0.0,0.0,0.0,0.0,0.0,0.0,0.0,0.0,-315.7269646129238,0.0,-1000.0,0.0,0.0,0.0,0.0,0.0,0.0,-2.419450038474003,0.0,0.0,0.0,0.0,11.410464727240619,-621.1924217649212,0.0,0.0,0.0,843.8109485829557,0.0,0.0,0.0,-42.30895424422399,0.0,-7.276303817174858,92.2166913976452,-0.7855357267772742,-1.5710714535545485,-926.3947289830942,0.0,0.0,0.0,-20.42392889620913,9.42642872132729,0.0,0.0,0.0,250.86652510481525,0.0,122.1225262277021,0.0,0.0,0.0,0.0,-962.4175662848376,0.0,0.0,0.0,0.0,0.0,0.0,0.0,0.0,-5.534361040391967,0.0,0.0,0.0,0.0,0.0,0.0,0.0,-39.8578570928909,0.06284285814495405,0.0,0.0,0.0,0.0,0.0,0.0,0.0,0.0,0.0,0.0,0.0,0.0,0.0,0.0,0.0,0.0,0.0,0.0,0.0,0.03456357197823114,0.03456357197823114,0.0,26.062254818695,0.0,18.85285744265458,0.0,836.3409132653475,0.0,1000.0,0.0,0.0,0.0,0.0,0.0,-809.9011429610599,-1000.0,0.0,0.0,900.2029836697142,0.0,0.0,0.0,0.0,0.0,0.0,0.0,0.0,0.0,0.0,64.24592006901112,-355.21259655394675,294.15397466186715,0.0,2.419450038474003,0.0,484.5112199546341,515.488780045366,433.6623443815462,0.0,-809.9011429610599,0.0,0.0,-849.7590000539508,0.0,0.0,0.0,0.0,0.0,0.0,0.0,0.0,0.0,0.0,0.0,0.0,0.0,0.0,0.0,0.0,18.85285744265458,0.0,0.0,0.0,0.0,0.0,0.0,0.0,0.0,0.0,0.0,0.0,0.0,0.31421429071090967,0.0,0.0,0.0,0.0,0.0,0.0,0.0,0.0,9.42642872132729,-900.2029836697142,0.0,0.0,0.0,0.0,0.0,0.0,0.0,0.0,0.0,0.0,-557.0250092420106,0.0,9.42642872132729,9.42642872132729,1000.0,-1000.0,0.0,0.0,0.0,0.0,0.0,0.0,0.0,0.0,0.0,3.559524223271069,0.03142142907109097,0.0,0.0,0.0,41.496485863957204,809.7890501682441,0.0,-1000.0,0.0,0.0,0.0,0.0,0.0,0.0,0.0,0.0,0.0,0.0,0.0,0.0,0.0,0.0,0.03142142907109097,0.0,0.0,0.0,0.0,0.0,0.0,0.0,0.0,0.0,-2.419450038474003,0.0,0.0,0.0,-684.2730353870762,-2.3566071803318227,0.0,-1.5710714535545485,0.0,0.0,0.0,0.0,0.0,0.0,0.0,0.0,0.0,0.0,0.0,0.0,576.9939057190533,0.0,0.0,-18.85285744265458,0.0,0.0,0.0,122.09110479863101,0.0,0.0,0.03142142907109097,0.0,0.03142142907109097,0.0,0.0,0.0,18.85285744265458,38.334143466730985,38.334143466730985,0.0,0.0,0.0,0.0,0.0,0.0,0.0,294.15397466186715,0.0,0.0,0.0,0.0,0.0,0.0,0.0,0.0,0.0,0.0,0.0,0.0,0.0,0.0,0.0,0.0,0.0,0.0,0.0,81.82643566381981,0.0,0.0,0.0,0.04713214360663645,0.0,0.0,0.0,-9.42642872132729,0.0,0.0,0.0,0.0,0.0,-26.062254818695,1.5710714535545482,0.0,0.0,0.0,171.875,129.23818491310055,0.0,-1.5710714535545485,0.0,0.0,0.0,0.0,0.0,0.0,0.0,0.0,0.0,900.2029836697142,-638.8514449058304,26.062254818695,0.0,352.86968884764894,798.2667553658041,0.0,0.0,0.0,0.0,0.0,-514.8788336887845,836.3409132653475,1.5710714535545485,1000.0,0.0,0.0,0.0,-5.534361040391967,-265.72375756903676,265.72375756903676,0.0,0.0,0.0,0.0,0.0,0.0,0.0,683.9253049053542,0.0,38.334143466730985,0.0,0.0,0.0,0.0,0.0,0.0,0.0,0.0,0.0,0.0,0.0,0.0,33.13207635969047,-41.496485863957204,652.8154773720782,0.0,9.42642872132729,0.0,0.0,0.0,0.0,25.68002405142296,0.0,0.0,0.03456357197823114,0.0,0.0,0.0,19.16707173336549,0.0,0.0,0.0,0.0,263.7225462903035,0.0,0.0,0.0,0.0,0.0,0.0,0.0,0.0,0.0,0.0,0.003142142907109097,0.003142142907109097,0.0,0.0,0.0,0.0,0.0,0.0,0.0,0.0,0.0,0.0,0.0,0.0,0.0,0.0,0.0,26.062254818695,0.0,0.0,0.0,0.0,0.0,0.0,0.0,0.0,0.0,0.0,0.0,0.0,81.70728321860258,-1000.0,-310.3050332114979,0.0,0.0,0.0,18.85285744265458,0.0,0.0,0.0,0.0,0.0,0.0,-18.85285744265458,0.0,0.0,0.0,0.0,0.0,0.0,0.0,0.0,0.0,0.0,0.0,0.0,611.5574273012029,-1000.0,21.52367891369732,-9.42642872132729,0.0,0.0,684.1473496707891,0.0,0.0,0.0,0.0,0.0,0.0,0.0,0.0,0.0,0.0,0.0,0.0,0.0,0.0,0.0,0.0,836.3409132653475,-3.927678633886371,0.0,-13.767071907572442,-2.356607180331821,0.0,0.0,0.0,0.0,0.0,-0.3927678633886372,0.0,5.534361040391967,0.0,0.0,0.0,0.0,0.0,0.0,0.0,1000.0,9.42642872132729,9.42642872132729,0.0,0.0,0.0,0.0,0.0,0.03456357197823114,26.062254818695,0.0,0.0,-684.1473496707891,0.0,0.0,0.0,0.0,0.0,0.0,0.0,0.0,0.0,0.0,0.0,0.0,0.0,0.0,0.0,0.0,0.0,0.0,0.0,32.99250052464552,2.419450038474003,0.0,0.0,0.0,0.0,0.0,26.062254818695,0.0,-1.0117700160920466,0.0,0.0,0.0,-3.927678633886371,0.0,0.0,0.0,0.0,0.0,0.0,0.0,0.0,0.0,0.0,0.0,0.0,0.0,0.0,0.0,0.0,0.0,0.0,-0.03142142907109097,0.0,0.0,1.5710714535545485,809.9011429610599,0.0,0.0,0.0,0.0,0.0,0.0,0.0,0.0,2.7053850430209634,0.7855357267772742,0.0,0.0,0.0,0.03142142907109097,0.0,31.421429071090966,-9.7406430120382,6.284285814218194,0.22443877907922122,87.6657871083438,-0.023566071803318225,7.276303817174858,0.6284285814218195,-0.15710714535816805,-87.6657871083438,9.42642872132729,-0.03142142907109097,3.8407649341466548,0.0,0.007855357267772742,0.22443877907922122,-11.522294802439964,-5.002291508120598,-0.6284285814218195,191.10670735680554,-0.03142142907109097,0.007855357267772742,-87.6657871083438,3.142142907109097,0.03142142907109097,0.03142142907109097,-25.996269817645675,0.034563571978200064,0.0,-0.023566071803318225,9.42642872132729,0.03142142907109097,9.42642872132729,-15.710714535545485,-0.015710714535545484,-89.29420539893218,-85.0,-0.023566071803318225,-0.03142142907109097,-9.7406430120382,0.03142142907109097,3.142142907109097,-0.6284285814218195,81.82643566381981,81.82643566381981,-3.142142907109097,-191.10670735680554,-81.82643566381981,6.284285814218194,0.04713214360663645,-691.9997962295581,3.142142907109097,-64.24592006901112,0.0,-6.284285814218194,0.015710714535545484,0.31421429071090967,29.084888879393727,32.34654063291319,-0.03142142907109097,-33.13207635969047,25.996269817645675,9.7406430120382,0.03142142907109097,5.002291508120598,-37.705714885309185,0.0,-0.03142142907109097,-0.007855357267772742,0.0,-0.03142142907109095,-39.8578570928909,0.03142142907097423,-0.007855357267772742,-0.007855357267772742,-0.007855357267772742,12.568571628436388,15.710714535545485,0.31421429071090967,23.279351263048774,-0.007855357267772742,54.3290128246408,1.5710714535545485,21.5,0.03142142907109097,0.015710714535545484,0.015710714535545477,3.142142907109097,9.7406430120382,0.03142142907109097,-9.7406430120382,0.31421429071090967,0.03142142907109097,-23.279351263048774,0.03142142907109097,0.12568571628708014,0.15710714535816805,0.015710714535545484,0.007855357267772742,9.42642872132729,-0.03142142907109097,0.0,0.3142142907109097,-46.55870252609755,6.490768090397584,-3.142142907109097,6.284285814218194,1.5710714535545485,-0.03142142907109097,11.522294802439964,0.04713214360663645,-0.03142142907109097,-6.284285814218194,9.7406430120382,99.62463884679083,0.015710714535545484,-43.0,-0.03142142907109097,-0.03142142907097423,-0.03142142907109097,0.015710714535545484,87.6657871083438,-6.284285814218194,0.03142142907109097,58.169777758787454,-0.007855357267772742,-0.034563571978200064,-58.169777758787454,4.7132143606636445,85.0,400.7768685673829,87.6657871083438,-0.023566071803318225,33.13207635969047,-32.34654063291319,0.03142142907109097,-0.007855357267772742,1.5710714535545485,31.421429071090966,-0.015710714535545484,-0.03142142907109097,0.007855357267772742,0.0,0.0,262.295509927411,0.0,-46.0,0.0,170.17434302035394,4.596559103099874,0.0,-32.0,-93.0,-65.0,-429.6885755876116,16.0,23.0,46.5,0.0,-2.298279551549937,-26.062254818695,-125.30466289821379,429.6885755876116,65.0,-125.30466289821379,-170.17434302035394,102.36895749927702,0.0,1496.5981,hclb
300,0.0,0.0,0.0,0.0,0.0,0.0,0.0,0.0,478.1633125316689,0.0,0.0,0.0,0.0,0.0,0.0,0.0,190.06106711667903,291.7736572175497,0.0,-117.62242033392907,0.0,0.0,0.0,687.1075804824444,0.0,0.0,0.0,0.0,0.0,-750.3641523630632,0.0,0.0,17.024994891767392,0.0,0.0,0.0,0.0,-13.662139415065216,0.0,-1000.0,1000.0,0.0,0.0,1000.0,0.0,0.0,0.0,0.0,290.587791651314,0.0,0.0,0.0,0.0,0.07852881277585766,0.0,0.0,0.0,0.0,0.0,0.0,13.018677424599836,0.0,-364.5395775701944,-409.43812545150706,0.0,0.0,0.0,0.0,0.0,0.0,0.0,0.713898297960323,0.0,0.0,0.0,0.0,0.0,0.0,0.0,454.79241577015284,0.0,0.0,18.14634121185156,0.0,42.83389787761938,0.0,0.0,-750.0251220694674,-633.5885673017741,267.1771346035482,-0.017847457449008074,0.0,0.0,0.0,21.41694893880969,0.0,21.41694893880969,0.0,0.0,0.0,18.14634121185156,998.2152542550992,-1000.0,0.0,0.0,0.0,237.57808177849506,0.0,0.0,0.0,0.0,0.0,0.0,0.0,0.0,0.0,0.0,0.0,0.0,0.0,0.0,0.0,0.0,0.0,-610.8090649885164,0.0,0.0,21.41694893880969,0.0,22.130847236770013,22.130847236770013,0.0,0.0,0.0,0.0,0.0,-552.8753564630548,0.0,0.0,494.9581311571423,0.0,0.0,0.0,0.0,0.0,-12.649324317557099,0.0713898297960323,0.0,0.0,0.0,-1000.0,-90.48336948591049,0.0,0.0,0.0,0.0,455.6359643378578,0.0,0.0,0.0,0.0,0.0,-234.03698522940186,-234.03698522940186,0.0,0.0,0.0,0.0,0.0,0.0,0.0,-233.96559539960583,0.0,0.0,0.0,0.0,-184.70975168172004,0.0,0.0,0.0,0.0,0.0,0.0,0.0,0.0,0.0,0.0,0.0,0.0,0.0,0.0,-761.3159040636741,0.0,0.0,0.0,0.0,0.0,0.0,0.0,366.4114326982259,-366.4114326982259,57.91722530591248,0.0,0.0,0.0,0.0,0.0,0.0,249.63584763693677,245.5356011909452,0.0,0.0,0.0,0.0,0.0,0.0,0.0,0.0,0.0,0.0,0.0,0.0,0.0,224.0048166231749,838.4612196258283,269.7152935950702,0.0,0.0,0.0,0.0,77.78962719060074,0.0,0.0,0.0,0.0,13.018677424599836,-730.2847064049298,0.0,0.0,0.0,0.0,0.0,0.0,0.0,0.0,2.298752519432824,14.277965959206458,0.0,0.0,0.0,-1000.0,-93.02589771992757,0.0,-269.7152935950702,0.0,0.0,57.91722530591248,-706.3744940774036,0.0,0.0,0.0,-151.3185706000495,0.0,0.0,-999.9999999999999,0.0,0.0,-1000.0,0.0,0.0,-267.1771346035482,0.0,1000.0,0.0,0.0,107.73246710795692,0.0,0.0,0.0,0.0,0.0,0.0,0.0,-234.1083750591979,0.0,0.0,618.8205354659534,0.0,0.0,0.0,13.018677424599836,-0.10708474469404844,0.0,0.0,0.0,0.0,0.0713898297960323,0.0,0.0,0.0,601.8933501089184,190.06106711667903,0.0,-831.8051676556116,1000.0,184.70975168172004,955.6949148980161,0.0,807.8486728252699,0.0,0.0,0.0,0.0,0.0,-6.146664345438602,0.0,-801.7020084798313,-845.0627290133309,-1000.0,0.0,0.0,0.0,0.0,0.0,0.0,0.0,0.0,0.0,0.0,0.0,0.0,0.0,0.0,0.0,0.0,0.0,-1000.0,0.0,-986.6234199041195,0.0,0.0,0.0,365.29986627368623,0.0,0.0,10.350571798124275,0.0,0.0,0.0,0.0,994.6457627652976,-719.1566254464625,0.0,316.4576939907065,315.6151707114317,719.1566254464625,748.8363008115986,0.0,705.5756026594738,0.0,0.0,-1000.0,1000.0,-317.3999164563324,-3.5694914898016146,-1000.0,0.0,-734.9931615826654,-938.057773163803,918.2440489887969,21.41694893880969,781.2500000000007,-781.2500000000007,0.0,0.0,0.0,478.23470236146494,0.0,-224.0048166231749,224.0048166231749,224.0048166231749,78.72203404079355,0.0,0.0,0.0,0.0,0.0,249.63584763693677,0.0,0.0,-31.87987045671281,0.0,296.87499999977996,65.72203404079355,0.0,0.0,0.0,0.0,-35.86101702039677,0.14277965959263383,0.0,0.0,0.0,0.0,0.0,0.0,0.0,0.0,0.0,0.0,0.0,0.0,0.0,0.0,0.0,0.0,0.0,0.0,0.0,0.07852881277585766,0.07852881277585766,0.0,305.72685066396843,0.0,42.83389787761938,0.0,0.0,0.0,1000.0,0.0,0.0,0.0,0.0,0.0,571.2497236780183,-1000.0,0.0,0.0,0.0,0.0,0.0,65.72203404079355,0.0,0.0,0.0,0.0,0.0,0.0,0.0,203.6030216628388,-601.8933501089184,852.9052877074154,0.0,5.497016894294461,0.0,0.0,0.0,-135.70685249651322,0.0,571.2497236780183,0.0,-464.6112933423785,1000.0,0.0,0.0,224.0048166231749,0.0,0.0,0.0,0.0,0.0,0.0,0.0,0.0,0.0,0.0,0.0,0.0,0.0,42.83389787761938,57.917225305912496,57.91722530591248,0.0,0.0,0.0,0.0,0.0,0.0,0.0,0.0,0.0,0.0,0.713898297960323,0.0,0.0,0.0,0.0,0.0,0.0,0.0,0.0,21.41694893880969,0.0,0.0,0.0,0.0,0.0,0.0,0.0,0.0,0.0,0.0,7.7898318977370025,0.0,0.0,21.41694893880969,21.41694893880969,649.1679918327596,-1000.0,0.0,65.72203404079355,0.0,0.0,0.0,0.0,0.0,845.0627290133309,249.63584763693677,747.6378248488941,0.0713898297960323,0.0,0.0,0.0,5.757079845694318,0.0,0.0,0.0,0.0,0.0,0.0,0.0,0.0,0.0,0.0,0.0,0.0,0.0,0.0,0.0,0.0,0.0,0.0713898297960323,0.0,0.0,0.0,248.201722768658,-248.201722768658,0.0,0.0,0.0,0.0,-206.39696625096636,216.74753804909062,0.0,0.0,13.37658009588046,-5.354237234702422,-3.5694914898016146,0.0,0.0,0.0,0.0,0.0,0.0,0.0,0.0,0.0,0.0,0.0,0.0,57.917225305912496,184.70975168172004,0.0,0.0,186.82037889593306,0.0,0.0,0.0,478.1633125316689,0.0,0.0,0.0713898297960323,0.0,0.0713898297960323,0.0,0.0,0.0,42.83389787761938,87.09559235115941,87.09559235115941,0.0,0.0,0.0,0.0,0.0,0.0,0.0,852.9052877074154,0.0,249.63584763693677,0.0,0.0,0.0,0.0,0.0,0.0,0.0,0.0,0.0,0.0,0.0,0.0,0.0,0.0,0.0,0.0,0.0,135.70685249651322,0.0,0.0,0.0,0.10708474469404844,0.0,0.0,0.0,-21.41694893880969,0.0,0.0,0.0,0.0,0.0,-305.72685066396843,3.5694914898016146,0.0,0.0,0.0,0.0,0.0,-3.5694914898016146,0.0,0.0,296.87499999977996,0.0,0.0,0.0,0.0,0.0,57.917225305912496,0.0,0.0,-4.277761252070178,81.72203404079355,0.0,903.6273217482089,0.0,0.0,213.17804655928902,0.0,-213.17804655928902,0.0,-793.470086428563,0.0,3.5694914898016146,1000.0,0.0,95.85287974844061,0.0,-31.87987045671281,0.0,0.0,344.90643501004513,-344.90643501004513,0.0,0.0,0.0,0.0,0.0,311.08108789867083,-321.78956236807574,87.09559235115941,0.0,0.0,0.0,0.0,0.0,0.0,0.0,0.0,0.0,2.298752519432824,0.0,0.0,0.0,-5.757079845694318,0.0,0.0,21.41694893880969,0.0,0.0,0.0,0.0,177.4476602819565,0.0,0.0,0.07852881277585766,0.0,0.0,0.0,43.547796175579705,0.0,0.0,0.0,0.0,838.4612196258283,0.0,237.57808177849506,0.0,0.0,0.0,0.0,0.0,0.0,0.0,0.0,0.007138982979603433,0.007138982979603433,0.0,0.0,0.0,0.0,0.0,0.0,0.0,0.0,0.0,0.0,0.0,0.0,0.0,0.0,0.0,305.72685066396843,0.0,0.0,0.0,0.0,0.0,0.0,0.0,0.0,0.0,0.0,0.0,0.0,1000.0,553.087505550743,291.7736572175497,0.0,0.0,0.0,42.83389787761938,0.0,0.0,0.0,0.0,0.0,-42.83389787761938,0.0,0.0,0.0,0.0,0.0,0.0,0.0,0.0,0.0,0.0,0.0,0.0,0.0,-1000.0,-1000.0,48.90203341028213,0.0,-21.41694893880969,0.0,-13.662139415065216,0.0,0.0,0.0,0.0,0.0,0.0,0.0,0.0,0.0,117.1875,0.0,-117.1875,-117.1875,0.0,0.0,0.0,0.0,-8.923728724504038,57.91722530591248,-1000.0,316.43532513337334,0.0,0.0,0.0,0.0,0.0,0.0,-0.8923728724504038,31.87987045671281,0.0,0.0,0.0,0.0,0.0,0.0,0.0,747.6378248488941,21.41694893880969,21.41694893880969,0.0,0.0,0.0,0.0,454.79241577015284,0.07852881277585766,305.72685066396843,0.0,0.0,13.662139415065216,0.0,0.0,0.0,0.0,0.0,0.0,0.0,0.0,0.0,0.0,0.0,0.0,0.0,0.0,0.0,0.0,0.0,22.130847236770013,0.0,74.95932128583392,0.0,0.0,5.497016894294461,0.0,0.0,0.0,305.72685066396843,0.0,0.0,0.0,0.0,0.0,-8.923728724504038,0.0,0.0,0.0,0.0,0.0,0.0,0.0,0.0,0.0,0.0,0.0,0.0,0.0,0.0,0.0,0.0,0.0,0.0,-0.0713898297960323,0.0,0.0,3.5694914898016146,-571.2497236780183,0.0,0.0,0.0,0.0,57.91722530591248,0.0,0.0,0.0,6.146664345438602,1.7847457449007607,0.0,0.0,0.0,0.0713898297960323,0.0,71.38982979603229,0.0,14.27796595920646,0.5099273556859449,243.43931960447014,-0.05354237234702422,683.5423060092935,1.427796595920646,-0.3569491489807884,-243.43931960447014,21.41694893880969,-0.0713898297960323,0.0,65.72203404079355,0.017847457449008074,0.5099273556859449,0.0,-11.365260903528906,-1.427796595920646,-364.2123040002997,-0.0713898297960323,0.017847457449008074,-243.43931960447014,7.138982979603229,0.0713898297960323,0.0713898297960323,-305.57693202139654,0.07852881277563573,-52.88601191216418,-0.05354237234702422,21.41694893880969,0.0713898297960323,21.41694893880969,-35.69491489801615,-0.03569491489801615,-402.7499524256936,-85.0,-0.05354237234702422,-0.0713898297960323,0.0,0.0713898297960323,7.13898297960327,-1.427796595920646,135.70685249651322,135.70685249651322,-7.138982979603229,364.2123040002997,-135.70685249651322,14.277965959206458,0.10708474469404844,473.42466084288276,7.138982979603229,-203.6030216628388,65.72203404079355,-14.277965959206458,0.03569491489801615,0.713898297960323,207.9512919139029,96.0,-0.0713898297960323,-321.78956236807574,305.57693202139654,22.130847236770013,0.0713898297960323,11.365260903528906,-19.945761714445226,65.72203404079355,-0.0713898297960323,-0.017847457449008074,-65.72203404079355,-0.07138982979603228,-273.43909879889185,0.07138982979614598,-0.017847457449008074,-0.017847457449008074,-0.017847457449008074,28.555931918412917,35.69491489801615,0.713898297960323,281.4564986379029,-0.017847457449008074,415.9025838278058,3.5694914898016146,21.5,0.0713898297960323,0.03569491489801615,0.03569491489801614,40.0,0.0,0.0713898297960323,0.0,0.713898297960323,0.0713898297960323,-738.5876156134361,0.0713898297960323,0.2855593191847561,0.3569491489807884,0.03569491489801615,0.017847457449008074,21.41694893880969,-0.0713898297960323,52.88601191216418,0.713898297960323,-562.9129972758058,681.7575602643927,-7.13898297960327,14.277965959206458,3.5694914898016146,-0.0713898297960323,0.0,0.10708474469404844,-0.0713898297960323,-80.0,0.0,47.572457068406344,0.03569491489801615,-43.0,-0.0713898297960323,-0.07138982979614598,-0.0713898297960323,0.03569491489801615,243.43931960447014,-14.277965959206458,0.0713898297960323,415.9025838278058,-0.017847457449008074,-0.07852881277563573,-415.9025838278058,10.708474469404843,85.0,-231.724439741457,243.43931960447014,-0.05354237234702422,321.78956236807574,-96.0,0.0713898297960323,-0.01784745744900807,3.5694914898016146,71.38982979603229,-0.03569491489801615,-0.0713898297960323,0.017847457449008074,0.0,0.0,-473.46035575778075,457.13111697553325,-46.0,0.0,-108.0,-18.60271013025993,0.0,-32.0,-93.0,-65.0,0.0,16.0,23.0,46.5,0.0,9.301355065129965,-305.72685066396843,-225.02011735036285,0.0,65.0,-225.02011735036285,108.0,-47.59661063257902,0.0,1496.5981,hclb
301,0.0,0.0,0.0,0.0,0.0,0.0,0.0,0.0,-0.058814730262568275,0.0,0.0,0.0,0.0,0.0,0.0,0.0,8.14126889792476,-1000.0,0.0,588.0669114996278,0.0,0.0,0.0,0.0,0.0,0.0,0.0,0.0,0.0,-403.78324722175046,0.0,0.0,29.700194461197576,0.0,0.0,0.0,0.0,529.8875521241307,0.0,-63.827267314256005,982.3555809212295,0.0,0.0,-440.8007693483223,0.0,0.0,0.0,0.0,37.08739214659795,0.0,0.0,0.0,0.0,0.06469620328849146,0.0,0.0,0.0,0.0,0.0,0.0,-3.620961326708013,0.0,180.8561505077567,172.55922142580272,0.0,0.0,0.0,0.0,0.0,740.4118738894649,0.0,0.5881473026256828,0.0,0.0,0.0,0.0,0.0,0.0,0.0,0.0,0.0,0.0,0.0,0.0,35.28883815754097,0.0,0.0,577.6644843242539,0.0,514.3169837117954,-0.014703682565642069,0.0,0.0,-187.54602162045003,17.644419078770486,0.0,17.644419078770486,-513.8176771692827,27.92895063324745,0.0,0.0,383.61485397884513,-403.78324722175046,0.0,0.0,0.0,0.0,696.129016494068,0.0,0.0,0.0,0.0,0.0,0.0,0.0,0.0,0.0,0.0,0.0,0.0,0.0,0.0,0.0,0.0,-507.7873247808859,0.0,0.0,17.644419078770486,0.0,18.23256638139617,0.0,0.0,0.0,0.0,0.0,0.0,0.0,0.0,0.0,-4.6759677552459635,0.0,0.0,0.0,0.0,0.0,4.528734230217755,0.058814730262568275,0.0,0.0,0.0,0.0,-682.833085716158,0.0,0.0,0.0,0.0,442.04902300551885,0.0,0.0,0.0,0.0,0.0,-329.1487428985573,-329.1487428985573,0.0,0.0,0.0,0.0,0.0,0.0,0.0,-329.08992816829476,0.0,0.0,0.0,-646.379226856652,0.0,0.0,0.0,0.0,0.0,0.0,0.0,0.0,0.0,0.0,0.0,0.0,0.0,0.0,0.0,-1000.0,0.0,0.0,0.0,0.0,0.0,0.0,0.0,385.24812352914813,-385.24812352914813,4.6759677552459635,0.0,0.0,0.0,0.0,0.0,0.0,0.0,-271.2817016191766,0.0,0.0,0.0,0.0,0.0,0.0,0.0,0.0,0.0,0.0,0.0,0.0,0.0,68.65473702541766,663.3589778211854,358.55458617722763,0.0,0.0,0.0,0.0,79.0597122434806,0.0,0.0,0.0,0.0,-3.620961326708013,799.35535552555,0.0,0.0,0.0,0.0,0.0,0.0,0.0,0.0,0.0,11.762946052513655,0.0,0.0,522.3700305143263,137.1219069851782,1000.0,0.0,-358.55458617722763,0.0,0.0,4.6759677552459635,-247.99984932373678,0.0,0.0,0.0,-7.486200483377672,0.0,0.0,-1000.0,0.0,332.56214714072576,-1000.0,0.0,332.56214714072576,385.24812352914813,0.0,-641.4368414420758,0.0,0.0,80.35741743383895,0.0,0.0,0.0,-908.9748908219856,0.0,908.9748908219856,0.0,0.0,0.0,0.0,0.0,0.0,0.0,0.0,-3.620961326708013,-0.08822209539385241,0.0,0.0,0.0,0.0,0.058814730262568275,0.0,0.0,0.0,898.6199009225029,8.14126889792476,0.0,-603.0463712797548,837.4854328283545,0.0,1000.0,0.0,-979.505244243662,0.0,0.0,0.0,0.0,0.0,-5.063948275606794,0.0,984.5691925192688,-1000.0,-1000.0,0.0,0.0,0.0,0.0,0.0,0.0,0.0,0.0,0.0,0.0,0.0,0.0,0.0,0.0,0.0,0.0,0.0,-469.8771889548192,0.0,-1000.0,0.0,0.0,511.9238428548283,0.0,0.0,0.0,-4.528734230217755,0.0,27.92895063324745,0.0,0.0,380.67411746571673,0.0,0.0,-620.2449273511014,0.0,0.0,0.0,0.0,-1000.0,-63.763226817816985,0.0,426.9671321051146,577.443972664578,-1.4703682565642069,-2.9407365131284138,0.0,0.0,0.0,0.0,692.8303637083036,17.644419078770486,0.0,0.0,0.0,0.0,0.0,0.0,503.9557134750342,435.30097644961654,-435.30097644961654,-435.30097644961654,81.23705394748634,0.0,0.0,-329.20755762881987,0.0,0.0,0.0,0.0,0.0,-11.917890408662004,0.0,0.0,0.0,0.0,0.0,0.0,0.0,-37.11852697374317,0.11762946052507135,0.0,0.0,0.0,0.0,0.0,0.0,0.0,0.0,0.0,740.4118738894649,0.0,0.0,0.0,0.0,0.0,0.0,0.0,0.0,0.0,0.06469620328849146,0.06469620328849146,0.0,152.891790972904,0.0,35.28883815754097,0.0,0.0,0.0,1000.0,0.0,421.1151300737873,0.0,0.0,0.0,470.8597433649943,-1000.0,0.0,0.0,0.0,0.0,0.0,0.0,0.0,0.0,0.0,0.0,0.0,0.0,0.0,169.26244159362864,-898.6199009225029,682.833085716158,0.0,4.528734230217755,0.0,-187.54602162045003,0.0,-83.73567999872657,0.0,470.8597433649943,0.0,433.7412163912511,0.0,-906.2500000001362,906.2500000001362,68.65473702541766,0.0,0.0,0.0,0.0,0.0,0.0,0.0,0.0,0.0,0.0,0.0,0.0,0.0,35.28883815754097,4.6759677552459635,4.6759677552459635,0.0,0.0,0.0,0.0,0.0,0.0,0.0,0.0,0.0,0.0,0.5881473026256828,0.0,0.0,0.0,0.0,0.0,0.0,0.0,0.0,17.644419078770486,0.0,0.0,0.0,0.0,0.0,0.0,0.0,0.0,0.0,0.0,-926.3668172785091,0.0,0.0,17.644419078770486,17.644419078770486,1000.0,-1000.0,0.0,0.0,0.0,0.0,0.0,0.0,0.0,403.78324722175046,0.0,412.00463183341026,0.058814730262568275,0.0,0.0,0.0,77.67325341604464,0.0,0.0,187.54602162045003,0.0,0.0,0.0,0.0,0.0,0.0,0.0,0.0,0.0,0.0,0.0,0.0,0.0,0.0,0.058814730262568275,0.0,0.0,0.0,-1000.0,1000.0,0.0,0.0,0.0,0.0,0.0,535.324059257858,0.0,0.0,-530.1228110451808,-4.4111047696926216,0.0,-2.9407365131284138,0.0,-921.875,-921.875,921.875,0.0,0.0,0.0,0.0,0.0,0.0,0.0,4.6759677552459635,0.0,0.0,0.0,695.771100221432,0.0,0.0,0.0,-0.058814730262568275,0.0,0.0,0.058814730262568275,0.0,0.058814730262568275,0.0,0.0,0.0,35.28883815754097,71.7539709203333,71.7539709203333,0.0,0.0,0.0,0.0,0.0,0.0,0.0,682.833085716158,0.0,0.0,0.0,0.0,0.0,0.0,0.0,0.0,0.0,0.0,0.0,0.0,0.0,0.0,0.0,0.0,0.0,0.0,0.0,83.73567999872657,0.0,-379.1087439269882,379.1087439269882,0.08822209539385241,0.0,0.0,0.0,-17.644419078770486,0.0,0.0,0.0,0.0,0.0,-152.891790972904,2.9407365131284138,0.0,0.0,0.0,0.0,0.0,845.4809495912815,-2.9407365131284138,0.0,0.0,0.0,0.0,0.0,0.0,0.0,4.6759677552459635,0.0,0.0,-557.3962522342151,84.23705394748634,0.0,736.0701396636443,0.0,0.0,840.9522153610637,27.92895063324745,-868.8811659943112,0.0,-319.7538202440701,0.0,2.9407365131284138,183.41530119491296,0.0,0.0,0.0,-11.917890408662004,-890.625000007049,890.625000007049,0.0,0.0,0.0,0.0,0.0,0.0,0.0,157.30289574259663,-166.12510528198186,71.7539709203333,0.0,324.0238607101039,324.02386071010386,-324.02386071010386,0.0,0.0,0.0,0.0,0.0,0.0,0.0,0.0,0.0,-818.0851273055096,1000.0,0.0,17.644419078770486,0.0,0.0,0.0,0.0,254.67604609547413,0.0,0.0,0.06469620328849146,0.0,0.0,0.0,35.87698546016665,0.0,0.0,0.0,0.0,663.3589778211854,0.0,0.0,0.0,0.0,0.0,0.0,0.0,0.0,448.0302772877746,0.0,0.005881473026256996,0.005881473026256996,0.0,0.0,0.0,0.0,0.0,0.0,0.0,0.0,0.0,0.0,0.0,0.0,0.0,0.0,0.0,152.891790972904,0.0,0.0,0.0,0.0,0.0,0.0,0.0,0.0,0.0,0.0,0.0,0.0,0.0,0.0,-1000.0,0.0,0.0,0.0,35.28883815754102,0.0,0.0,0.0,0.0,0.0,582.7840687513408,-618.0729069088818,0.0,0.0,0.0,0.0,0.0,0.0,0.0,0.0,0.0,0.0,0.0,0.0,-1000.0,-1000.0,40.28809022985928,-17.644419078770486,0.0,0.0,529.8875521241307,0.0,0.0,0.0,0.0,0.0,0.0,0.0,0.0,0.0,0.0,0.0,0.0,0.0,0.0,0.0,0.0,0.0,-7.351841282821035,4.6759677552459635,-385.08522223540933,161.71400051228926,0.0,0.0,0.0,0.0,0.0,-0.7351841282821036,0.0,11.917890408662004,0.0,0.0,0.0,0.0,0.0,0.0,0.0,412.00463183341026,17.644419078770486,17.644419078770486,0.0,0.0,0.0,0.0,0.0,0.06469620328849146,152.891790972904,0.0,0.0,-529.8875521241307,0.0,0.0,0.0,0.0,0.0,0.0,0.0,0.0,0.0,0.0,0.0,0.0,0.0,0.0,189.5543719634941,0.0,0.0,0.0,0.0,61.7554667756967,4.528734230217755,0.0,0.0,0.0,0.0,0.0,152.891790972904,0.0,-847.3747839057357,0.0,0.0,0.0,-7.351841282821035,0.0,0.0,0.0,0.0,0.0,0.0,0.0,0.0,0.0,0.0,0.0,0.0,0.0,0.0,0.0,0.0,0.0,0.0,-0.058814730262568275,0.0,0.0,2.9407365131284138,-470.8597433649943,0.0,0.0,0.0,0.0,4.6759677552459635,0.0,0.0,0.0,5.063948275606794,1.4703682565642069,0.0,0.0,0.0,0.058814730262568275,0.0,58.814730262568276,-18.23256638139617,11.762946052513655,0.42010521616120194,164.09309743256551,-0.044111047696926205,193.27779524598677,1.1762946052513656,-0.294073651312672,-164.09309743256551,17.644419078770483,-0.058814730262568275,0.0,0.0,0.014703682565642069,0.42010521616120194,0.0,-9.363305057800417,-1.1762946052513144,403.7918196024474,-0.058814730262568275,0.014703682565642069,-164.09309743256551,5.8814730262568276,0.058814730262568275,0.058814730262568275,-152.76828003935296,0.06469620328882528,-66.81872143494076,-0.044111047696926205,17.644419078770486,0.05881473026256821,17.644419078770486,-29.40736513128414,-0.029407365131284138,-375.2303015705781,-85.0,-0.044111047696926205,-0.058814730262568275,-18.23256638139617,0.058814730262568275,5.8814730262568276,-1.1762946052513656,83.73567999872657,83.73567999872657,-5.8814730262568276,-403.7918196024474,-83.73567999872657,11.762946052513655,0.08822209539385241,-1000.0,5.8814730262568276,-169.26244159362864,0.0,-11.762946052513655,0.029407365131284138,0.5881473026256828,150.7615928199387,96.0,-0.058814730262568275,-166.12510528198186,152.76828003935296,18.23256638139617,0.058814730262568275,9.363305057800417,-70.5776763150821,0.0,-0.058814730262568275,-0.014703682565642069,0.0,-0.058814730262568275,-37.11852697374317,0.05881473026256826,-0.014703682565642069,-0.014703682565642069,-0.014703682565642069,23.52589210502731,29.40736513128414,0.5881473026256828,43.574363283279936,-0.014703682565642069,301.5231856398774,2.9407365131284138,21.5,0.058814730262568275,0.029407365131284138,0.029407365131284138,5.8814730262568276,18.23256638139617,0.058814730262568275,-18.23256638139617,0.5881473026256828,0.058814730262568275,-43.574363283279936,0.058814730262568275,0.2352589210501427,0.294073651312672,0.029407365131284138,0.014703682565642069,17.644419078770486,-0.058814730262568275,66.81872143494076,0.5881473026256572,-87.14872656655987,191.80742698942257,-5.8814730262568276,11.762946052513655,2.9407365131284138,-0.058814730262568275,0.0,0.08822209539385241,-0.058814730262568275,-11.762946052513655,18.23256638139617,-184.80785273937965,0.029407365131284138,-43.0,-0.05881473026256821,-0.05881473026256828,-0.058814730262568275,0.029407365131284138,164.09309743256551,-11.762946052513655,0.058814730262568275,301.5231856398774,-0.014703682565642069,-0.06469620328882528,-301.5231856398774,8.822209539385241,85.0,704.7523496004206,164.09309743256551,-0.044111047696926205,166.12510528198186,-96.0,0.058814730262568275,-0.014703682565642067,2.9407365131284138,58.814730262568276,-0.029407365131284138,-0.058814730262568275,0.014703682565642069,0.0,0.0,100.40548539392526,0.0,-46.0,0.0,-108.0,-31.0,0.0,-32.0,-93.0,-65.0,-899.5651072409435,16.0,23.0,46.5,0.0,15.5,-152.891790972904,-69.86819335609447,899.5651072409435,65.0,-69.86819335609447,108.0,-21.651898355587363,0.0,1496.5981,hclb
302,0.0,0.0,0.0,0.0,0.0,0.0,0.0,0.0,-0.057096055601845434,0.0,0.0,0.0,0.0,0.0,0.0,0.0,16.495730210670587,118.64955808353362,0.0,0.0,0.0,0.0,0.0,0.0,0.0,0.0,0.0,0.0,0.0,408.6826149903304,0.0,0.0,17.52058610998518,0.0,0.0,0.0,0.0,673.1928245156578,0.0,-648.3967228837564,982.8711833194463,0.0,-967.0085395786589,0.0,0.0,0.0,0.0,0.0,0.0,-368.0463891573092,0.0,1000.0,0.0,0.06280566116193394,0.0,0.0,0.0,0.0,0.0,0.0,-5.028259296668724,0.0,5.028259296668724,0.0,1000.0,0.0,0.0,0.0,1.9437915765853404,-1.9437915765853404,0.0,0.5709605560184543,0.0,0.0,0.0,0.0,0.0,0.0,0.0,482.69014567100396,0.0,0.0,135.91361436201925,0.0,34.25763336110726,0.0,0.0,188.3978228706519,0.0,930.2517352128816,0.0,0.0,0.0,1000.0,17.12881668055363,0.0,17.12881668055363,-24.30344250271963,0.0,0.0,135.91361436201925,998.5725986099538,408.6826149903304,0.0,0.0,-12.217591061214131,0.0,1000.0,0.0,0.0,0.0,0.0,0.0,0.0,0.0,0.0,0.0,0.0,0.0,0.0,0.0,0.0,0.0,0.0,-462.4670316259888,0.0,0.0,17.12881668055363,0.0,17.699777236572082,2.9691428107525137,0.0,-474.4708859183513,0.0,474.4708859183513,-474.4708859183513,0.0,0.0,0.0,0.0,0.0,0.0,0.0,0.0,0.0,-131.51721808067717,0.05709605560184543,0.014274013900461359,0.0,0.0,0.0,-291.82915128125444,0.0,0.0,0.0,0.0,388.5962060754049,0.0,0.0,0.0,0.0,0.0,57.70728583145484,57.70728583145484,0.0,0.0,0.0,0.0,-67.01570732299948,0.0,0.0,57.764381887056686,0.0,0.0,0.0,-186.99286692099918,-492.1875000000013,0.0,0.0,0.0,0.0,0.0,0.0,0.0,0.0,0.0,0.0,0.0,0.0,0.0,0.0,-1000.0,0.0,0.0,0.0,0.0,0.0,368.0463891573092,-32.99146042134117,-930.2517352128816,930.2517352128816,0.0,0.0,0.0,0.0,0.0,0.0,0.0,0.0,1000.0,0.0,0.0,0.0,0.0,0.0,0.0,0.0,0.0,0.0,0.0,0.0,0.0,0.0,131.66221965617007,271.6675735219926,-392.18688477965986,0.0,0.0,0.0,0.0,79.23329838421361,0.0,0.0,0.0,0.0,-5.028259296668724,-392.18688477965986,0.0,0.0,0.0,0.0,0.0,0.0,0.0,0.0,606.8576018564519,11.419211120369086,0.0,0.0,946.6618213401495,909.9050169743722,-774.8453727635707,0.0,392.18688477965986,0.0,0.0,0.0,69.65718783425143,0.0,0.0,0.0,178.26886377491564,0.0,0.0,0.0,0.0,528.6367394231735,-528.6367394231735,528.6367394231735,0.0,-930.2517352128816,0.0,0.0,368.0463891573092,0.0,86.00298236644016,0.0,0.0,0.0,-1000.0,0.0,1000.0,0.0,57.65018977585299,0.0,0.0,1000.0,0.0,0.0,0.0,-5.028259296668724,-0.08564408340276815,0.0,0.0,0.0,0.0,0.05709605560184543,0.0,0.0,0.0,296.7802830787809,16.495730210670587,0.0,-536.002250990377,459.7320129257595,492.1875000000013,1000.0,0.0,96.21256329466962,0.0,-12.217591061214131,0.0,0.0,0.0,903.7874367053304,-1000.0,0.0,1000.0,-656.1958146800371,0.0,0.0,0.0,0.0,0.0,0.0,0.0,0.0,0.0,0.0,0.0,0.0,0.0,0.0,0.0,0.0,0.0,1000.0,0.0,0.0,0.0,326.5787912619346,629.3225513687937,394.01235972433494,0.0,1000.0,47.63480641287984,0.0,0.0,0.0,0.0,995.7177958298615,0.0,0.0,0.0,0.0,998.0562084234147,0.0,234.17836014806994,-418.50331417254165,-567.0799317879925,0.0,-1000.0,281.8475426785461,-1.4274013900461358,-237.03316292816223,0.0,0.0,0.0,1000.0,718.5261073689885,17.12881668055363,0.0,0.0,0.0,0.0,0.0,0.0,0.0,-131.66221965617007,131.66221965617007,131.66221965617007,93.79837994084505,0.0,0.0,0.0,0.0,0.0,0.0,0.0,0.0,-10.056518593337447,0.0,0.0,0.0,0.0,0.0,0.0,0.0,-37.29039443981546,0.11419211120367828,0.0,0.0,0.0,0.0,0.0,0.0,0.0,0.0,0.0,0.0,0.0,0.0,0.0,0.0,0.0,0.0,0.0,0.0,0.0,0.06280566116193394,0.06280566116193394,0.0,216.24300853580098,0.0,34.25763336110726,0.0,0.0,0.0,0.0,0.0,0.0,0.0,0.0,0.0,429.43026182198156,0.0,0.0,0.0,1000.0,0.0,0.0,0.0,0.0,0.0,0.0,0.0,0.0,0.0,0.0,154.15567720866292,-296.7802830787809,291.82915128125444,302.28011944280945,229.90700502508145,0.0,920.7667016157864,79.23329838421361,0.0,0.0,429.43026182198156,0.0,392.13986738216613,0.0,0.0,0.0,131.66221965617007,0.0,0.0,0.0,0.0,0.0,0.0,0.0,0.0,0.0,0.0,0.0,0.0,0.0,34.25763336110726,0.0,0.0,0.0,0.0,0.0,0.0,0.0,0.0,0.0,0.0,0.0,0.0,0.5709605560184543,0.0,0.0,0.0,0.0,0.0,-32.99146042134117,0.0,0.0,17.12881668055363,-1000.0,0.0,0.0,225.51060874373937,302.28011944280945,0.0,0.0,0.0,0.0,0.0,0.0,0.0,0.0,17.12881668055363,17.12881668055363,-661.7270667893454,0.0,0.0,0.0,0.0,0.0,0.0,0.0,0.0,-846.6870407574538,0.0,-656.1958146800371,0.05709605560184543,0.0,0.0,-482.25249302928165,545.7794197878802,0.0,0.0,-1000.0,0.0,0.0,0.0,0.0,0.0,0.0,0.0,0.0,0.0,0.0,0.0,0.0,0.0,0.0,0.05709605560184543,0.0,0.0,0.0,0.0,0.0,0.0,0.0,0.0,326.5787912619346,-112.2695896008909,1000.0,0.0,-210.7730526174355,-1000.0,-4.282204170138428,-2.854802780092274,0.0,0.0,0.0,0.0,0.0,0.0,0.0,0.0,0.0,0.0,0.0,0.0,0.0,492.1875000000013,0.0,0.0,721.3809101490807,0.0,0.0,0.0,-0.05709605560184543,0.0,0.0,0.05709605560184543,0.0,0.05709605560184543,0.0,0.0,0.0,34.25763336110726,69.65718783425143,69.65718783425143,0.0,0.0,0.0,0.0,0.0,0.0,0.0,291.82915128125444,0.0,0.0,0.0,0.0,908.7034070926492,0.0,0.0,0.0,0.0,0.0,0.0,0.0,0.0,0.0,0.0,0.0,0.0,0.0,0.0,79.23329838421361,0.0,-339.99974421993466,339.99974421993466,0.08564408340276815,0.0,0.0,0.0,-17.12881668055363,0.0,0.0,0.0,0.0,0.0,-216.24300853580098,2.8548027800922715,0.0,0.0,0.0,0.0,67.01570732299948,0.0,0.0,0.0,0.0,0.0,0.0,0.0,0.0,0.0,0.0,0.0,1000.0,-50.481663906096344,84.58078887963092,0.0,345.40994016088536,-12.217591061214131,0.0,159.90439601377074,210.7730526174355,-370.6774486312063,0.0,0.0,0.0,2.854802780092274,1000.0,0.0,755.638543510188,0.0,-10.056518593337447,0.0,0.0,0.0,0.0,0.0,-522.9751901886546,0.0,0.0,0.0,-8.564408340276863,0.0,69.65718783425143,0.0,324.0238607101039,324.0238607101038,-324.0238607101038,0.0,0.0,0.0,0.0,0.0,606.8576018564519,0.0,0.0,229.08962104621625,-63.52692675859856,-398.9790399404362,-967.0085395786589,17.12881668055363,0.0,0.0,0.0,0.0,63.36482687916511,0.0,0.0,0.06280566116193394,0.0,0.0,0.0,34.828593917125716,0.0,0.0,0.0,0.0,271.6675735219926,0.0,0.0,0.0,0.0,0.0,0.0,0.0,0.0,503.22252039646855,0.0,0.005709605560184543,0.005709605560184543,0.0,0.0,0.0,0.0,0.0,0.0,0.0,0.0,0.0,-482.25249302928165,0.0,0.0,0.0,0.0,0.0,216.24300853580098,0.0,0.0,0.0,0.0,0.0,0.0,0.0,368.0463891573092,0.0,0.0,0.0,0.0,0.0,0.0,118.64955808353362,0.0,0.0,0.0,34.25763336110726,0.0,0.0,0.0,0.0,0.0,0.0,-34.25763336110726,0.0,0.0,0.0,0.0,0.0,0.0,0.0,0.0,0.0,0.0,0.0,0.0,1000.0,561.9955742328766,947.8142051799133,0.0,-17.12881668055363,0.0,999.7716157775924,0.0,0.0,0.0,0.0,0.0,0.0,0.0,0.0,0.0,0.0,0.0,0.0,0.0,0.0,0.0,0.0,0.0,-7.1370069502307025,0.0,-1000.0,904.4212029225108,0.0,0.0,0.0,0.0,0.0,-0.7137006950230679,0.0,10.056518593337447,0.0,0.0,0.0,0.0,0.0,0.0,0.0,1000.0,17.12881668055363,17.12881668055363,0.0,0.0,0.0,0.0,482.69014567100396,0.06280566116193394,216.24300853580098,0.0,0.0,-999.7716157775924,0.0,0.0,0.0,0.0,0.0,0.0,0.0,0.0,0.0,0.0,0.0,0.0,0.0,0.0,169.99987210996733,0.0,0.0,2.9691428107525137,0.0,59.95085838193771,0.0,0.0,4.396396281342082,0.0,0.0,0.0,216.24300853580098,0.0,602.1643060859818,0.0,0.0,0.0,-7.1370069502307025,0.0,0.0,0.0,0.0,0.0,0.0,0.0,0.0,0.0,0.0,0.0,0.0,0.0,0.0,0.0,0.0,0.0,0.0,-0.05709605560184543,0.0,0.0,2.8548027800922715,-429.43026182198156,0.0,0.0,0.0,0.0,0.0,0.0,0.0,0.0,-903.7874367053304,1.4274013900461358,0.0,0.0,0.0,0.05709605560184543,0.0,57.09605560184543,-14.730634425819568,11.419211120369086,0.4078289685846102,165.23628075065378,-0.042822041701384074,697.7198805571905,1.1419211120369086,-0.2854802780094579,-165.23628075065378,17.12881668055363,-0.057096055601845434,4.072530353738044,0.0,0.014274013900461357,0.4078289685846102,-12.217591061214131,-9.08969205181208,-1.1419211120369086,-135.1452882942042,-0.057096055601845434,0.014274013900461359,-165.23628075065378,5.709605560184543,0.057096055601845434,0.05709605560184543,-216.1231068190372,0.06280566116202997,-30.37579842737233,-0.042822041701384074,17.12881668055363,0.057096055601845434,17.12881668055363,-28.548027800922718,-0.028548027800922714,-333.7852255256043,-85.0,-0.04282204170138407,-0.057096055601845434,-14.730634425819568,0.05709605560184543,5.709605560184543,-1.1419211120369086,79.23329838421361,79.23329838421361,-5.709605560184543,135.1452882942042,-79.23329838421361,11.419211120369086,0.08564408340276813,231.19114373301863,5.709605560184543,-154.15567720866292,0.0,-11.419211120369086,0.028548027800922714,0.5709605560184543,134.00056274759424,96.0,-0.05709605560184543,-229.08962104621625,216.1231068190372,17.699777236572082,0.057096055601845434,9.08969205181208,-68.51526672221465,0.0,-0.05709605560184543,-0.014274013900461357,0.0,-0.057096055601845434,-37.29039443981546,0.057096055601846274,-0.014274013900461357,-0.014274013900461359,-0.014274013900461359,22.838422240738172,28.548027800922718,0.5709605560184543,42.301040194015684,-0.014274013900461357,263.92859514145044,2.8548027800922715,21.5,0.05709605560184543,0.028548027800922714,0.028548027800922717,5.709605560184543,14.730634425819568,0.05709605560184543,-14.730634425819568,0.5709605560184543,0.057096055601845434,-42.301040194015684,0.057096055601845434,0.22838422240761247,0.2854802780094579,0.028548027800922717,0.014274013900461359,17.12881668055363,-0.057096055601845434,30.37579842737233,0.5709605560184543,-84.60208038803137,696.2924791671444,-5.709605560184543,11.419211120369086,2.8548027800922715,-0.057096055601845434,12.217591061214131,0.08564408340276815,-0.057096055601845434,-11.419211120369084,14.730634425819568,647.241147741172,0.028548027800922717,-43.0,-0.057096055601845434,-0.057096055601846274,-0.05709605560184544,0.028548027800922717,165.23628075065378,-11.419211120369086,0.05709605560184543,268.0011254951885,-0.014274013900461359,-0.06280566116202997,-268.0011254951885,8.564408340276813,85.0,-280.09431395328204,165.23628075065378,-0.04282204170138407,229.08962104621625,-96.0,0.057096055601845434,-0.014274013900461355,2.854802780092274,57.09605560184543,-0.028548027800922714,-0.057096055601845434,0.014274013900461357,0.0,0.0,-231.21969176081956,0.0,-46.0,0.0,98.63640238081734,-31.0,0.0,-32.0,-93.0,-65.0,0.0,16.0,23.0,46.5,0.0,15.5,-216.24300853580098,-710.6059746203371,0.0,65.0,-710.6059746203371,-98.63640238081734,80.72103177142372,0.0,1496.5981,hclb
303,0.0,0.0,0.0,0.0,0.0,0.0,0.0,0.0,-0.00535742207800843,0.0,0.0,0.0,0.0,0.0,0.0,0.0,-607.8543974689046,603.3974255654977,0.0,486.5819883659673,0.0,0.0,0.0,665.4760209701531,0.0,0.0,0.0,0.0,0.0,0.0,350.561841606139,-350.561841606139,174.2532727601699,0.0,0.0,0.0,0.0,999.9785703116878,0.0,-1000.0,881.5851400767444,0.0,0.0,590.8225205153474,0.0,0.0,34.062094935867584,0.0,1000.0,0.0,0.0,0.0,0.0,0.005893164285794228,0.0,0.0,0.0,0.0,0.0,0.0,-117.32575750639391,0.0,0.0,-117.32575750639391,0.0,0.0,0.0,0.0,564.9890422829566,0.0,0.0,0.05357422078008431,0.0,0.0,0.0,0.0,0.0,0.0,0.0,0.0,0.0,0.0,373.51655080666455,0.0,3.214453246805058,0.0,0.0,-838.8644146516234,-800.2829779887538,1000.0,-0.0013393555195021075,0.0,0.0,-144.81430308484352,1.607226623402529,0.0,1.607226623402529,-510.5463354895942,0.0,0.0,373.51655080666455,999.8660644480498,0.0,0.0,0.0,0.0,0.0,0.0,0.0,0.0,0.0,0.0,0.0,0.0,0.0,0.0,0.0,0.0,0.0,0.0,0.0,0.0,0.0,0.0,-480.0775594662138,0.0,0.0,1.607226623402529,0.0,1.6608008441826132,0.0,0.0,0.0,0.0,0.0,0.0,0.0,159.6417168993891,-159.6417168993891,0.0,0.0,0.0,0.0,0.0,0.0,-373.1040293066579,0.00535742207800843,0.0,0.0,0.0,0.0,-362.5958959318615,0.0,0.0,0.0,0.0,-104.06948042270861,0.0,0.0,0.0,0.0,0.0,37.976318358319375,37.976318358319375,0.0,0.0,0.0,0.0,1000.0,0.0,0.0,388.5435173865364,0.0,0.0,0.0,0.0,0.0,0.0,0.0,0.0,0.0,0.0,0.0,0.0,0.0,0.0,0.0,0.0,0.0,0.0,0.0,-1000.0,0.0,0.0,0.0,0.0,0.0,0.0,0.0,-199.71702201124617,199.71702201124617,0.0,0.0,0.0,0.0,0.0,0.0,0.0,0.0,-574.1452662434913,0.0,0.0,0.0,0.0,0.0,0.0,0.0,0.0,0.0,0.0,0.0,0.0,0.0,297.34118894120957,321.73886476306484,-392.1456025310954,0.0,0.0,0.0,0.0,84.45890037012116,0.0,0.0,0.0,0.0,-117.32575750639391,-982.9681230464428,350.561841606139,0.0,0.0,0.0,0.0,0.0,0.0,0.0,226.34192970041573,1.071484415601686,0.0,0.0,-271.8829802139676,-872.4489361914752,-38.58143666286969,0.0,392.1456025310954,0.0,0.0,0.0,-17.65580404385065,0.0,0.0,0.0,-58.96691245612403,0.0,0.0,-566.2252980675557,0.0,0.0,-566.2252980675559,0.0,0.0,-1000.0,0.0,729.1268065718418,0.0,0.0,-69.51169277247763,0.0,0.0,0.0,-563.7453705728818,0.0,563.7453705728818,0.0,422.59489747824796,0.0,0.0,798.4996089995673,0.0,0.0,0.0,-117.32575750639391,-0.008036133117012645,0.0,0.0,0.0,0.0,0.00535742207800843,0.0,0.0,0.0,687.5919433060606,-607.8543974689046,0.0,-245.94132166172398,406.0044134748846,0.0,883.192366700147,0.0,408.3005372433457,0.0,0.0,0.0,0.0,0.0,156.6885050396109,-564.9890422829566,0.0,-955.0870127004613,0.0,0.0,0.0,0.0,0.0,0.0,0.0,0.0,0.0,0.0,0.0,0.0,0.0,0.0,0.0,0.0,0.0,0.0,0.0,0.0,-1000.0,0.0,0.0,386.1539145929261,477.484016250815,0.0,0.0,497.32394121238116,0.0,0.0,0.0,0.0,999.5981933441493,0.0,0.0,0.0,0.0,0.0,322.04906919689404,-0.2678711039004215,0.0,-164.36354790856578,0.0,-738.8089759013826,0.0,-0.13393555195021076,0.0,0.0,0.0,582.328874580606,0.0,0.0,1.607226623402529,0.0,0.0,0.0,0.0,0.0,0.0,297.34118894120957,0.0,0.0,0.0,-51.44315620369555,0.0,0.0,0.0,0.0,0.0,0.0,0.0,0.0,-234.65151501278783,0.0,0.0,0.0,0.0,0.0,0.0,0.0,-42.464257792199156,0.010714844156014728,0.0,0.0,0.0,0.0,0.0,0.0,0.0,0.0,0.0,65.64018566187548,0.0,0.0,0.0,0.0,0.0,0.0,0.0,0.0,0.0,0.005893164285794228,0.005893164285794228,350.561841606139,392.2697045256079,0.0,3.214453246805058,0.0,0.0,0.0,1000.0,0.0,0.0,0.0,0.0,0.0,42.464257792199156,-1000.0,0.0,0.0,0.0,0.0,0.0,0.0,0.0,0.0,0.0,0.0,0.0,0.0,0.0,160.0258531554046,-687.5919433060606,362.5958959318615,0.0,0.4125215000066491,0.0,0.0,-144.81430308484352,-229.27320345496466,0.0,42.464257792199156,0.0,0.0,0.0,0.0,0.0,297.34118894120957,0.0,0.0,0.0,0.0,0.0,0.0,0.0,0.0,0.0,0.0,0.0,0.0,0.0,3.214453246805058,0.0,0.0,0.0,0.0,0.0,0.0,0.0,0.0,0.0,0.0,0.0,0.0,0.05357422078008431,0.0,350.561841606139,0.0,0.0,350.561841606139,0.0,0.0,0.0,1.607226623402529,0.0,0.0,0.0,0.0,0.0,0.0,0.0,0.0,0.0,0.0,1000.0,-135.08029907385713,0.0,1.607226623402529,1.607226623402529,1000.0,-1000.0,0.0,0.0,0.0,0.0,0.0,0.0,0.0,-44.91298729953871,0.0,14.120892932560423,0.00535742207800843,0.0,0.0,-453.12499999945265,460.2002411994739,143.37167178809386,0.0,144.81430308484352,0.0,0.0,0.0,0.0,0.0,0.0,0.0,0.0,0.0,0.0,0.0,0.0,0.0,0.0,0.00535742207800843,0.0,0.0,0.0,1000.0,-1000.0,0.0,0.0,0.0,0.0,0.0,883.4778558053074,0.0,0.0,-1000.0,-0.40180665585069164,-0.2678711039004215,0.0,0.0,-765.625,-765.6249999999999,765.625,0.0,0.0,0.0,0.0,0.0,0.0,0.0,0.0,0.0,0.0,0.0,582.5967456845065,0.0,0.0,0.0,-0.00535742207800843,0.0,0.0,0.00535742207800843,0.0,0.00535742207800843,0.0,499.3488566210811,0.0,3.214453246805058,6.536054935170284,6.536054935170284,0.0,0.0,0.0,0.0,0.0,0.0,0.0,362.5958959318615,0.0,0.0,0.0,0.0,0.0,157.14977908052742,0.0,0.0,0.0,0.0,0.0,0.0,0.0,0.0,0.0,0.0,0.0,0.0,0.0,84.45890037012116,0.0,0.0,0.0,0.008036133117012645,0.0,0.0,0.0,-1.607226623402529,0.0,0.0,0.0,0.0,0.0,-392.2697045256079,0.2678711039004215,0.0,0.0,0.0,0.0,-1000.0,-156.31865415480377,0.0,0.0,0.0,0.0,0.0,0.0,0.0,0.0,0.0,0.0,0.0,131.02264216216074,94.92851558439831,0.0,426.5244115162598,143.37167178809386,0.0,341.0052870575775,0.0,-341.0052870575775,0.0,-24.191858979020935,0.0,0.2678711039004215,1000.0,0.0,20.822156648355005,-350.561841606139,-234.65151501278783,0.0,0.0,0.0,0.0,0.0,0.0,0.0,0.0,0.0,392.6715111814586,-393.47512449315985,6.536054935170284,0.0,0.0,0.0,350.561841606139,0.0,0.0,0.0,0.0,0.0,226.34192970041573,0.0,0.0,0.0,-72.71542686189676,0.0,0.0,1.607226623402529,0.0,0.0,0.0,0.0,-181.05018348732497,0.0,0.0,0.005893164285794228,0.0,0.0,0.0,3.268027467585142,0.0,0.0,0.0,0.0,321.73886476306484,0.0,0.0,0.0,0.0,0.0,0.0,0.0,0.0,-1000.0,0.0,0.000535742207800843,0.000535742207800843,0.0,0.0,0.0,0.0,0.0,0.0,0.0,0.0,0.0,-453.12499999945265,350.561841606139,0.0,0.0,0.0,0.0,392.2697045256079,0.0,0.0,0.0,0.0,0.0,0.0,0.0,0.0,0.0,0.0,0.0,0.0,0.0,1000.0,603.3974255654977,0.0,0.0,0.0,3.2144532468050575,0.0,0.0,0.0,0.0,0.0,404.7138378970583,-407.92829114386336,0.0,0.0,0.0,0.0,0.0,0.0,0.0,0.0,0.0,350.561841606139,350.561841606139,0.0,985.8791070674396,-1000.0,160.8196132039632,-1.607226623402529,0.0,0.0,999.9785703116878,0.0,0.0,0.0,0.0,0.0,0.0,0.0,0.0,0.0,242.1875,0.0,-242.1875,-242.1875,0.0,0.0,0.0,0.0,-0.669677759751039,0.0,-1000.0,550.2230969178365,0.0,0.0,0.0,0.0,0.0,0.0,-0.06696777597510538,234.65151501278783,0.0,0.0,0.0,0.0,0.0,0.0,0.0,1000.0,1.607226623402529,1.607226623402529,0.0,0.0,0.0,0.0,0.0,0.005893164285794228,392.2697045256079,0.0,0.0,-999.9785703116878,0.0,0.0,0.0,0.0,0.0,0.0,0.0,0.0,0.0,0.0,0.0,0.0,0.0,0.0,249.67442831054055,0.0,0.0,0.0,0.0,5.625293181908852,0.4125215000066491,0.0,0.0,0.0,0.0,0.0,392.2697045256079,0.0,31.658362154235306,0.0,0.0,0.0,-0.669677759751039,0.0,0.0,0.0,0.0,0.0,0.0,0.0,0.0,0.0,0.0,0.0,0.0,0.0,0.0,0.0,0.0,0.0,0.0,-0.00535742207800843,0.0,0.0,0.2678711039004215,-42.464257792199156,0.0,0.0,0.0,0.0,0.0,0.0,0.0,0.0,-156.6885050396109,0.13393555195021076,0.0,0.0,0.0,0.00535742207800843,0.0,5.35742207800843,-1.6608008441826132,1.071484415601686,0.03826730055720307,14.94720759764352,-0.004018066558506323,738.8089759013826,0.10714844156016862,-0.026787110390159796,-14.94720759764352,1.607226623402529,-0.00535742207800843,0.0,0.0,0.0013393555195021075,0.03826730055720307,0.0,-0.852901594851744,350.4546931645788,-482.1250164625603,-0.00535742207800843,0.0013393555195021075,-14.94720759764352,0.535742207800843,0.00535742207800843,0.00535742207800843,-392.2584539392441,0.005893164285809273,-73.34585876427519,-0.004018066558506323,1.607226623402529,0.00535742207800843,1.607226623402529,-2.678711039004215,-0.002678711039004215,177.4153391869838,-85.0,-0.004018066558506323,-0.005357422078008434,-1.6608008441826132,0.00535742207800843,0.535742207800843,-0.10714844156016862,84.45890037012116,84.45890037012116,-0.535742207800843,482.1250164625603,-84.45890037012116,1.071484415601686,0.008036133117012645,-283.92506010855595,0.535742207800843,-160.0258531554046,0.0,-1.071484415601686,0.002678711039004215,0.05357422078008431,61.485330415430994,96.0,-0.00535742207800843,-393.47512449315985,392.2584539392441,1.6608008441826132,0.00535742207800843,0.852901594851744,-6.428906493610206,0.0,-0.00535742207800843,-0.0013393555195021075,0.0,-0.00535742207800843,-42.464257792199156,0.005357422078077434,-0.0013393555195021075,-0.0013393555195021075,-0.0013393555195021075,2.142968831203372,2.678711039004215,0.05357422078008431,335.979453388054,-0.0013393555195021075,122.97066083086199,0.2678711039004215,21.5,0.00535742207800843,0.002678711039004215,0.002678711039004215,0.535742207800843,1.6608008441826132,0.00535742207800843,-1.6608008441826132,0.05357422078008431,0.00535742207800843,-1000.0,0.00535742207800843,0.02142968831219605,0.026787110390159796,0.002678711039004215,0.0013393555195021075,1.607226623402529,-0.00535742207800843,73.34585876427519,-175.2273465822894,-671.958906776108,738.6750403494324,-0.535742207800843,1.071484415601686,0.2678711039004215,-0.00535742207800843,0.0,0.008036133117012645,-0.00535742207800843,-1.071484415601686,1.6608008441826132,330.5406420834744,0.002678711039004215,-43.0,-0.00535742207800843,-0.005357422078077434,-0.005357422078008434,0.002678711039004217,14.94720759764352,-1.071484415601686,0.00535742207800843,122.97066083086199,-0.0013393555195021075,-0.005893164285809273,-122.97066083086199,0.8036133117012644,85.0,501.77838960219844,14.94720759764352,-0.004018066558506323,393.47512449315985,-96.0,0.00535742207800843,-0.001339355519502105,0.2678711039004215,5.35742207800843,-0.002678711039004215,-0.00535742207800843,0.0013393555195021075,0.0,0.0,283.922381397517,664.020546611946,-46.0,0.0,-49.57261991576496,-31.0,0.0,-32.0,-93.0,-65.0,0.0,16.0,23.0,46.5,0.0,15.5,-392.2697045256079,-149.4904585961494,0.0,65.0,-149.4904585961494,49.57261991576496,-21.8397278149778,0.0,1496.5981,hclb
304,0.0,0.0,0.0,0.0,0.0,0.0,0.0,0.0,0.0,0.0,0.0,0.0,0.0,0.0,0.0,0.0,82.91836725775535,412.01850182536185,0.0,0.0,0.0,0.0,0.0,0.0,0.0,0.0,0.0,0.0,0.0,8.724578357008497,0.0,0.0,17.627204909342673,0.0,0.0,0.0,0.0,221.38117320426466,0.0,-1000.0,1000.0,0.0,-306.1165293380502,0.0,0.0,0.0,0.0,0.0,0.0,-54.365675391686516,0.0,397.75947495281406,0.0,0.048535500439637044,0.0,0.0,0.0,0.0,0.0,0.0,-246.58046090479317,0.0,0.0,-246.58046090479317,1000.0,0.0,0.0,0.0,4.520913574069755,0.0,0.0,0.4412318221800825,0.0,0.0,0.0,0.0,0.0,0.0,0.0,539.2827171605595,0.0,0.0,0.0,0.0,26.47390933080495,0.0,242.69467932412638,0.0,233.73254436060526,0.0,-0.011030795554502062,0.0,0.0,0.0,13.236954665402475,0.0,13.236954665402475,0.0,229.10861318338033,0.0,0.0,476.07272116659965,-81.44943942884221,0.0,0.0,-12.397672763639516,0.0,92.19838995459375,0.0,0.0,0.0,0.0,0.0,0.0,0.0,0.0,0.0,0.0,0.0,0.0,0.0,0.0,0.0,0.0,-589.2749670053315,0.0,0.0,13.236954665402475,0.0,13.678186487582554,13.678186487582554,0.0,0.0,-789.980222657949,789.980222657949,-789.980222657949,0.0,0.0,0.0,0.0,0.0,0.0,0.0,0.0,0.0,246.09216435491302,0.04412318221800825,0.0,0.0,0.0,0.0,-824.1203597493834,0.0,0.0,0.0,0.0,185.6146520302966,0.0,0.0,0.0,0.0,0.0,-247.32074818371962,-247.32074818371962,0.0,0.0,0.0,0.0,0.0,0.0,0.0,-247.2766250015016,0.0,0.0,0.0,-174.9328130759867,0.0,0.0,0.0,0.0,0.0,0.0,0.0,0.0,0.0,0.0,0.0,0.0,0.0,0.0,0.0,-1000.0,0.0,0.0,0.0,0.0,0.0,54.365675391686516,-91.64294561476385,-233.73254436060526,233.73254436060526,0.0,0.0,0.0,0.0,0.0,0.0,0.0,90.17401778585071,-68.14588583234165,0.0,0.0,0.0,0.0,0.0,0.0,0.0,0.0,0.0,0.0,0.0,0.0,0.0,180.74157668310994,823.2123502232035,0.0,0.0,0.0,0.0,0.0,80.54355859598117,0.0,0.0,0.0,0.0,-246.58046090479317,0.0,0.0,0.0,0.0,0.0,0.0,0.0,0.0,0.0,1.420766467422709,8.82463644360165,0.0,0.0,-161.3485593831603,0.0,-325.3754899753691,0.0,0.0,0.0,0.0,0.0,-596.3412395864757,0.0,0.0,0.0,-143.69839224035064,0.0,0.0,-788.7574891195151,0.0,0.0,-788.757489119515,0.0,0.0,0.0,0.0,576.0454324175706,54.365675391686516,0.0,69.91649276742696,0.0,0.0,0.0,-397.9288590035259,0.0,397.9288590035259,0.0,0.0,0.0,0.0,0.0,0.0,0.0,0.0,-246.58046090479317,-0.06618477332701236,0.0,0.0,0.0,0.0,0.04412318221800825,0.0,0.0,0.0,904.7987202711937,82.91836725775535,0.0,-626.9618618991286,1000.0,0.0,987.1184032272524,0.0,0.0,0.0,-12.397672763639516,0.0,0.0,0.0,3.1186526811752238,-3.1186526811752238,0.0,0.0,-810.1089709472462,0.0,0.0,0.0,0.0,0.0,0.0,0.0,0.0,0.0,0.0,0.0,0.0,0.0,0.0,0.0,0.0,0.0,1000.0,0.0,355.0533411793901,0.0,423.3889928874732,0.0,945.9320040609646,0.0,0.0,-247.51293082233576,0.0,229.10861318338033,0.0,0.0,473.86656205569926,0.0,0.0,-712.1054421692323,0.0,-1.4022608928945308,0.0,-2.2061591109004124,0.0,-66.32952352669366,0.0,0.0,0.0,-1.1030795554502062,0.0,0.0,0.0,0.0,723.7500796696572,66.0148629182151,13.236954665402475,0.0,0.0,0.0,0.0,0.0,0.04412318221800825,0.0,-180.74157668310994,180.74157668310994,180.74157668310994,96.57303632003789,0.0,0.0,-975.4489093383168,0.0,0.0,90.17401778585071,0.0,0.0,-7.7715631613335745,0.0,0.0,26.118551438150064,0.0,0.0,0.0,0.0,-14.144964191582325,0.08824636443600678,0.0,0.0,0.0,0.0,0.0,0.0,0.0,0.0,0.0,0.0,0.0,0.0,0.0,0.0,0.0,0.0,0.0,0.0,0.0,0.048535500439637044,0.048535500439637044,0.0,267.9169402395083,0.0,26.47390933080495,0.0,0.0,0.0,0.0,0.0,0.0,242.69467932412638,0.0,0.0,593.2741529774919,0.0,0.0,0.0,0.0,0.0,0.0,26.118551438150064,0.0,0.0,0.0,0.0,0.0,0.0,0.0,196.4249890017772,-904.7987202711937,824.1203597493834,0.0,246.09216435491302,0.0,0.0,0.0,-80.54355859598117,0.0,593.2741529774919,0.0,-343.0866855155833,922.2158743014929,0.0,0.0,180.74157668310994,0.0,0.0,0.0,0.0,0.0,0.0,0.0,0.0,0.0,0.0,0.0,0.0,0.0,26.47390933080495,0.0,0.0,0.0,0.0,0.0,0.0,0.0,0.0,0.0,0.0,0.0,0.0,0.4412318221800825,0.0,0.0,242.69467932412638,-242.69467932412638,0.0,-91.64294561476385,0.0,0.0,13.236954665402475,0.0,0.0,0.0,0.0,0.0,0.0,0.0,0.0,0.0,0.0,-429.12226415631795,0.0,0.0,13.236954665402475,13.236954665402475,942.9262113608725,0.0,0.0,26.118551438150064,0.0,0.0,0.0,0.0,0.0,81.44943942884221,90.17401778585071,189.89102905275377,0.04412318221800825,0.0,0.0,-572.3177014816189,575.875920961914,0.0,0.0,0.0,0.0,0.0,0.0,0.0,0.0,0.0,0.0,0.0,0.0,0.0,0.0,0.0,0.0,0.0,0.04412318221800825,0.0,0.0,0.0,-1000.0,1000.0,0.0,0.0,0.0,423.3889928874732,0.0,-18.404317638955376,0.0,0.0,-644.9466588206099,-3.309238666350619,-2.2061591109004124,0.0,0.0,984.375,984.375,-984.375,0.0,0.0,0.0,0.0,0.0,0.0,0.0,0.0,0.0,0.0,0.0,68.22102202911552,0.0,0.0,0.0,0.0,0.0,0.0,0.04412318221800825,0.0,0.04412318221800825,0.0,4.520913574069755,0.0,26.47390933080495,53.830282305970066,53.830282305970066,0.0,0.0,0.0,0.0,0.0,0.0,0.0,824.1203597493834,0.0,90.17401778585071,0.0,0.0,0.0,6.917658670145562,0.0,0.0,0.0,0.0,0.0,0.0,0.0,0.0,0.0,0.0,0.0,0.0,0.0,80.54355859598117,0.0,-433.899649350504,433.899649350504,0.06618477332701236,0.0,0.0,0.0,-13.236954665402475,0.0,0.0,0.0,0.0,0.0,-267.9169402395083,2.2061591109004124,0.0,0.0,0.0,0.0,0.0,-310.8903829630266,0.0,0.0,0.0,0.0,0.0,0.0,0.0,0.0,0.0,0.0,0.0,51.591599635301094,87.17536355639835,0.0,880.2957233057817,-12.397672763639516,0.0,-558.4033137853623,229.10861318338033,329.29470060198196,0.0,-650.1715218924458,0.0,2.2061591109004124,558.5039108744188,0.0,0.0,0.0,-493.16092180958634,0.0,0.0,0.0,0.0,0.0,0.0,0.0,0.0,0.0,271.2261789058589,-277.84465623856016,53.830282305970066,0.0,0.0,0.0,0.0,0.0,0.0,0.0,0.0,0.0,1.420766467422709,0.0,0.0,0.0,-3.5582194802950653,0.0,-306.1165293380502,13.236954665402475,242.69467932412638,0.0,0.0,0.0,21.06212730215993,0.0,0.0,0.048535500439637044,0.0,0.0,0.0,26.915141152985033,0.0,0.0,0.0,0.0,823.2123502232035,0.0,0.0,0.0,0.0,0.0,0.0,0.0,0.0,535.1388709494502,0.0,0.004412318221800825,0.004412318221800825,0.0,0.0,0.0,0.0,0.0,0.0,0.0,0.0,0.0,-572.3177014816189,0.0,0.0,0.0,0.0,0.0,267.9169402395083,0.0,0.0,0.0,0.0,0.0,0.0,0.0,54.365675391686516,0.0,0.0,0.0,485.38935864825277,0.0,650.2392213183175,412.01850182536185,0.0,0.0,0.0,26.47390933080495,0.0,0.0,0.0,0.0,0.0,0.0,-26.47390933080495,0.0,485.38935864825277,0.0,0.0,0.0,0.0,0.0,0.0,0.0,0.0,0.0,0.0,0.0,0.0,37.142038489481216,-13.236954665402475,0.0,0.0,644.7701660917378,0.0,0.0,0.0,0.0,0.0,0.0,0.0,0.0,0.0,0.0,0.0,0.0,0.0,0.0,0.0,0.0,0.0,-5.515397777251032,0.0,-477.17580072204987,281.45307624235505,0.0,0.0,0.0,0.0,0.0,-1000.0,999.4484602222749,7.7715631613335745,0.0,0.0,0.0,0.0,0.0,0.0,0.0,1000.0,13.236954665402475,13.236954665402475,0.0,0.0,0.0,0.0,539.2827171605595,0.048535500439637044,267.9169402395083,0.0,0.0,-644.7701660917378,0.0,0.0,0.0,0.0,0.0,0.0,0.0,0.0,0.0,0.0,0.0,0.0,0.0,0.0,219.21028146228687,0.0,0.0,13.678186487582554,0.0,46.32934132890866,0.0,0.0,246.09216435491302,0.0,0.0,0.0,267.9169402395083,0.0,308.6842238521262,0.0,0.0,0.0,-5.515397777251032,0.0,0.0,0.0,0.0,0.0,0.0,0.0,0.0,0.0,0.0,0.0,0.0,0.0,0.0,0.0,0.0,0.0,0.0,-0.04412318221800825,0.0,0.0,2.2061591109004124,-593.2741529774919,0.0,0.0,0.0,0.0,0.0,0.0,0.0,0.0,-3.1186526811752238,1.1030795554502062,0.0,0.0,0.0,0.04412318221800825,0.0,44.123182218008246,0.0,8.82463644360165,0.31516558727148747,150.4600513634081,-0.03309238666350618,712.1054421692323,0.882463644360165,-0.22061591109002165,-150.4600513634081,13.236954665402475,-0.04412318221800825,4.132557587879838,26.118551438150064,0.011030795554502062,0.31516558727148747,-12.397672763639516,-249.71908993323615,-0.882463644360165,-494.9368690831172,-0.04412318221800825,0.011030795554502062,-150.4600513634081,4.412318221800825,0.04412318221800825,0.04412318221800825,-267.8242815568506,-242.64614382368657,-6.976823573645934,-0.03309238666350618,13.236954665402475,0.04412318221800825,13.236954665402475,-22.061591109004127,-0.022061591109004124,-153.84248292937164,-85.0,-0.03309238666350618,-0.04412318221800825,0.0,0.04412318221800825,4.412318221800825,-0.882463644360165,80.54355859598117,80.54355859598117,-4.412318221800825,494.9368690831172,-80.54355859598117,8.82463644360165,0.06618477332701236,-650.300723553375,4.412318221800825,-196.4249890017772,26.118551438150064,-8.82463644360165,0.022061591109004124,0.4412318221800825,156.74046547478216,96.0,-0.04412318221800825,-277.84465623856016,267.8242815568506,13.678186487582554,0.04412318221800825,249.71908993323615,-26.829267223459702,26.118551438150064,-0.04412318221800825,-0.011030795554502062,-26.118551438150064,-0.04412318221800825,-14.144964191582325,0.04412318221789456,-0.011030795554502062,-0.011030795554502062,-0.011030795554502062,17.6492728872033,22.061591109004127,0.4412318221800825,154.79013355956488,-0.011030795554502062,309.3483733616845,2.2061591109004124,9.278641206691574,0.04412318221800825,0.022061591109004124,0.022061591109004124,17.471593940875856,0.0,0.04412318221800825,0.0,0.4412318221800825,0.04412318221800825,-398.9908754271535,0.04412318221800825,0.17649272887200596,0.22061591109002165,0.022061591109004124,0.011030795554502062,13.236954665402475,-0.04412318221800825,6.976823573645934,0.4412318221800825,-309.58026711912976,711.0023626137821,-4.412318221800825,8.82463644360165,2.2061591109004124,-0.04412318221800825,12.397672763639516,0.06618477332701236,-0.04412318221800825,-34.94318788175171,0.0,342.07184808573294,0.022061591109004124,-18.55728241338315,-0.04412318221800825,-0.04412318221789456,-0.04412318221800825,0.022061591109004124,150.4600513634081,-8.82463644360165,0.04412318221800825,313.4809309495643,-0.011030795554502062,242.64614382368657,-313.4809309495643,6.618477332701237,85.0,461.73178165893574,150.4600513634081,-0.03309238666350618,277.84465623856016,-96.0,0.04412318221800825,-0.011030795554502058,2.2061591109004124,44.123182218008246,-0.022061591109004124,-0.04412318221800825,0.011030795554502062,0.0,0.0,650.2786619622659,244.20074186758865,-46.0,0.0,153.19669684810071,-31.0,0.0,-32.0,-93.0,-65.0,0.0,16.0,23.0,46.5,0.0,15.5,-267.9169402395083,-363.13397538789286,0.0,65.0,-363.13397538789286,-153.19669684810071,87.8068229248798,0.0,1496.5981,hclb
305,0.0,0.0,0.0,0.0,0.0,0.0,0.0,0.0,148.19415633785812,0.0,0.0,0.0,0.0,0.0,0.0,0.0,-204.59171953824796,168.10834103348975,0.0,0.0,0.0,0.0,0.0,0.0,0.0,0.0,0.0,0.0,0.0,222.59082177291725,0.0,0.0,479.9210756747656,0.0,0.0,0.0,0.0,532.6378097668463,0.0,-1000.0,1000.0,0.0,0.0,-17.999102234669294,0.0,0.0,0.0,0.0,0.0,0.0,0.0,0.0,0.0,0.06431293800015879,0.0,0.0,0.0,0.0,0.0,0.0,-37.719740190782,0.0,0.0,-173.06842248623477,0.0,0.0,0.0,0.0,0.0,476.329381511178,0.0,0.5846630727291348,0.0,0.0,0.0,0.0,0.0,0.0,0.0,932.7572693381285,0.0,0.0,0.0,0.0,35.07978436374809,0.0,77.6870348287641,-120.5375490215032,879.4624509784968,-554.2454829578363,-0.014616576818228368,0.0,0.0,25.15893764975857,17.539892181874045,0.0,17.539892181874045,0.0,0.0,0.0,0.0,2.9233153636456737,222.59082177291725,0.0,0.0,-22.287087960659104,0.0,0.0,0.0,0.0,0.0,0.0,0.0,0.0,0.0,0.0,0.0,0.0,0.0,0.0,0.0,0.0,0.0,0.0,-705.3963048515773,0.0,0.0,17.539892181874045,0.0,18.124555254603177,18.124555254603177,0.0,0.0,0.0,0.0,0.0,-135.34868229545276,0.0,0.0,0.0,0.0,0.0,0.0,0.0,0.0,82.18894048877843,0.05846630727291347,0.0,0.0,0.0,223.33521853049564,-537.8389397175656,0.0,0.0,190.8844998317707,0.0,177.4635287262562,0.0,0.0,0.0,0.0,0.0,606.4181588720578,606.4181588720578,0.0,0.0,0.0,0.0,0.0,0.0,0.0,606.4766251793308,0.0,0.0,0.0,-178.94460120387134,-476.56250000000045,0.0,0.0,0.0,0.0,0.0,0.0,0.0,0.0,0.0,-778.8779363108326,0.0,0.0,0.0,0.0,-1000.0,0.0,0.0,0.0,0.0,0.0,0.0,0.0,120.5375490215032,-120.5375490215032,135.34868229545276,0.0,0.0,0.0,0.0,0.0,0.0,0.0,-639.4978286766268,0.0,0.0,0.0,0.0,0.0,0.0,0.0,0.0,0.0,0.0,0.0,0.0,0.0,132.43035209828145,294.8902440962354,-17.999102234669294,0.0,0.0,0.0,0.0,79.09490296543575,0.0,0.0,0.0,0.0,-37.719740190782,0.0,0.0,0.0,0.0,0.0,0.0,0.0,0.0,0.0,609.352347545074,11.693261454582695,0.0,0.0,-758.9249019569936,0.0,0.0,0.0,17.999102234669294,0.0,0.0,135.34868229545276,62.98422930369111,0.0,0.0,0.0,-89.85217418085514,0.0,0.0,0.0,0.0,974.6426793659062,-974.6426793659062,974.6426793659062,0.0,1000.0,0.0,409.18343907649614,0.0,0.0,-15.073477460253514,0.0,0.0,0.0,0.0,0.0,0.0,0.0,373.2985880784927,0.0,0.0,0.0,0.0,0.0,0.0,-37.719740190782,-0.08769946090937021,0.0,0.0,0.0,0.0,0.05846630727291347,0.0,0.0,0.0,158.6641750121634,-204.59171953824796,0.0,-559.5826289558628,19.152289450552075,476.56250000000045,949.2331536364568,0.0,0.0,0.0,-22.287087960659104,0.0,0.0,0.0,-5.033949056197803,-687.9601736232909,692.9941226794887,-1000.0,-1000.0,0.0,0.0,0.0,0.0,0.0,0.0,0.0,0.0,0.0,0.0,0.0,0.0,0.0,0.0,0.0,0.0,0.0,-467.12832500406074,0.0,-1000.0,0.0,0.0,607.4697324508849,0.0,0.0,599.3313797969703,-691.5412880338525,0.0,0.0,0.0,355.37282787676793,0.0,-178.01842838657822,24.566859221197834,712.3439950354648,0.0,865.9786020098691,-976.5724011884055,0.0,-476.33546506417247,-650.7563682350622,-24.566859221197834,-715.2673103991104,1000.0,-1.4616576818228368,-2.9233153636456737,-390.60990984998705,0.0,344.5172953670374,475.2167315076461,-176.8883781741587,17.539892181874045,0.0,0.0,0.0,0.0,0.0,148.25262264513103,0.0,-132.43035209828145,132.43035209828145,132.43035209828145,-368.9064425200796,0.0,0.0,0.0,0.0,0.0,0.0,0.0,0.0,-55.414093019488575,0.0,0.0,68.3067385454173,0.0,0.0,0.0,0.0,-37.15336927270865,0.11693261454706771,0.0,0.0,0.0,0.0,0.0,0.0,0.0,0.0,0.0,476.329381511178,0.0,0.0,0.0,0.0,0.0,0.0,0.0,0.0,0.0,0.06431293800015879,0.06431293800015879,0.0,216.73709064369876,0.0,35.07978436374809,0.0,0.0,0.0,1000.0,0.0,0.0,77.6870348287641,0.0,0.0,74.15696906789447,-1000.0,0.0,0.0,0.0,0.0,0.0,68.3067385454173,0.0,0.0,0.0,0.0,0.0,0.0,0.0,235.13210161719243,-158.6641750121634,314.50372118707,0.0,82.18894048877843,0.0,-974.8410623502414,1000.0,785.5564147391115,0.0,74.15696906789447,0.0,0.0,37.00359979518581,1000.0,-1000.0,132.43035209828145,0.0,0.0,0.0,0.0,0.0,0.0,0.0,0.0,0.0,0.0,0.0,0.0,0.0,35.07978436374809,135.34868229545276,135.34868229545276,0.0,0.0,0.0,0.0,0.0,0.0,0.0,0.0,0.0,0.0,0.5846630727291348,0.0,0.0,77.6870348287641,-77.6870348287641,0.0,0.0,0.0,0.0,17.539892181874045,0.0,0.0,0.0,0.0,0.0,0.0,0.0,0.0,0.0,0.0,104.78105522640124,402.9833416737464,0.0,17.539892181874045,17.539892181874045,1000.0,-1000.0,0.0,68.3067385454173,0.0,0.0,0.0,0.0,0.0,-121.88685227844417,0.0,-31.30384925667761,0.05846630727291347,0.0,0.0,-421.87499999999943,426.5898900650794,472.50026902615605,0.0,-25.15893764975857,0.0,0.0,0.0,0.0,0.0,0.0,0.0,0.0,0.0,0.0,0.0,0.0,0.0,0.0,0.05846630727291347,0.0,0.0,0.0,0.0,0.0,0.0,0.0,0.0,0.0,0.0,-84.07155558296768,-190.8844998317707,0.0,-532.8716749959392,-4.384973045468511,-2.923315363645676,0.0,0.0,-859.375,-859.375,859.375,0.0,0.0,0.0,0.0,0.0,0.0,0.0,135.34868229545276,476.56250000000045,0.0,0.0,170.55223255652436,0.0,0.0,0.0,148.19415633785812,0.0,0.0,0.05846630727291347,0.0,0.05846630727291347,0.0,0.0,0.0,35.07978436374809,71.32889487295444,71.32889487295444,0.0,0.0,0.0,0.0,0.0,0.0,0.0,314.50372118707,0.0,0.0,0.0,0.0,0.0,0.0,0.0,0.0,0.0,0.0,0.0,0.0,0.0,0.0,0.0,0.0,0.0,0.0,0.0,214.44358526088848,0.0,0.0,0.0,0.08769946090937021,0.0,0.0,0.0,-17.539892181874045,0.0,0.0,0.0,0.0,0.0,-216.73709064369876,2.9233153636456737,0.0,0.0,0.0,0.0,0.0,399.8327602929253,0.0,0.0,0.0,0.0,0.0,0.0,0.0,0.0,135.34868229545276,0.0,0.0,496.9762324801293,84.3067385454173,0.0,367.81045973248735,450.21318106549694,0.0,-291.70852774092725,0.0,291.70852774092725,190.8844998317707,-8.344665569263327,0.0,2.923315363645676,775.7774782035775,0.0,0.0,0.0,-210.78816267701677,484.3437499997866,-484.3437499997866,0.0,0.0,0.0,0.0,0.0,0.0,0.0,1000.0,-229.89200978010433,71.32889487295444,0.0,0.0,0.0,0.0,0.0,0.0,0.0,0.0,0.0,609.352347545074,0.0,0.0,0.0,-481.0442715762579,-474.773696082329,0.0,17.539892181874045,77.6870348287641,0.0,0.0,0.0,35.41735058341038,0.0,0.0,0.06431293800015879,0.0,0.0,0.0,35.66444743647722,0.0,0.0,0.0,0.0,294.8902440962354,0.0,0.0,0.0,0.0,0.0,0.0,0.0,0.0,0.0,0.0,0.005846630727291515,0.005846630727291515,0.0,0.0,0.0,0.0,0.0,0.0,0.0,0.0,0.0,-421.87499999999943,0.0,0.0,0.0,0.0,0.0,216.73709064369876,0.0,0.0,0.0,0.0,0.0,0.0,0.0,0.0,0.0,0.0,0.0,155.3740696575282,0.0,0.0,168.10834103348975,0.0,0.0,0.0,35.079784363748104,0.0,0.0,0.0,0.0,0.0,155.84106916548,-190.9208535292281,0.0,155.3740696575282,0.0,0.0,0.0,0.0,0.0,0.0,0.0,0.0,0.0,0.0,0.0,-899.2960305055269,40.04942048194573,0.0,-17.539892181874045,0.0,532.6378097668463,0.0,0.0,0.0,0.0,0.0,0.0,0.0,0.0,0.0,0.0,0.0,0.0,0.0,0.0,0.0,0.0,0.0,-7.308288409114187,135.34868229545276,-4.384973045468511,225.5070367346358,0.0,0.0,0.0,0.0,0.0,-0.7308288409114185,0.0,246.2985928512593,0.0,0.0,0.0,0.0,0.0,0.0,0.0,968.6961507433224,17.539892181874045,17.539892181874045,0.0,0.0,0.0,0.0,932.7572693381285,0.06431293800015879,216.73709064369876,0.0,0.0,-532.6378097668463,0.0,0.0,0.0,0.0,0.0,0.0,0.0,0.0,0.0,0.0,0.0,0.0,0.0,0.0,0.0,0.0,0.0,18.124555254603177,0.0,61.38962263655915,58.04893936248821,0.0,24.14000112629022,0.0,0.0,0.0,216.73709064369876,0.0,204.71365679431392,0.0,0.0,0.0,-7.308288409114187,0.0,0.0,0.0,0.0,0.0,0.0,0.0,0.0,0.0,0.0,0.0,0.0,0.0,0.0,0.0,0.0,0.0,0.0,-0.05846630727291347,0.0,0.0,2.9233153636456737,-74.15696906789447,0.0,0.0,0.0,0.0,135.34868229545276,0.0,0.0,0.0,5.033949056197803,1.4616576818228368,0.0,0.0,0.0,0.05846630727291347,0.0,58.46630727291347,0.0,11.693261454582697,0.4176164805208105,199.37010780063497,-0.043849730454685105,2.9233153636456564,1.1693261454582695,-0.29233153636579834,-199.37010780063497,17.539892181874045,-0.05846630727291347,7.429029320219701,68.3067385454173,0.014616576818228368,0.4176164805208105,-22.287087960659104,-86.99487094661333,-1.1693261454582695,36.48337850475821,-0.05846630727291347,0.014616576818228368,-199.37010780063497,5.846630727291347,0.05846630727291347,0.05846630727291347,-216.61431139842568,-77.6227218907639,0.0,-0.043849730454685105,17.539892181874045,0.05846630727291347,17.539892181874045,-29.23315363645674,-0.029233153636456736,-132.88935280493797,-85.0,-0.043849730454685105,-0.05846630727291348,0.0,0.05846630727291347,5.846630727291347,-1.1693261454582695,214.44358526088848,214.44358526088848,-5.846630727291347,-36.48337850475821,-214.44358526088848,11.693261454582695,0.08769946090937021,-553.1973955647409,5.846630727291347,-235.13210161719243,68.3067385454173,-11.693261454582695,0.029233153636456736,0.5846630727291348,139.8956572389657,96.0,-0.05846630727291347,-229.89200978010433,216.61431139842568,18.124555254603177,0.05846630727291347,86.99487094661333,-1.8528301820788045,68.3067385454173,-0.05846630727291347,-0.014616576818228368,-68.3067385454173,-0.05846630727291347,-37.15336927270865,0.05846630727290236,-0.014616576818228368,-0.014616576818228368,-0.014616576818228368,23.38652290916539,29.23315363645674,0.5846630727291348,43.31622540082208,-0.014616576818228368,272.3622851577117,2.9233153636456737,21.5,0.05846630727291347,0.029233153636456736,0.029233153636456736,40.0,0.0,0.05846630727291347,0.0,0.5846630727291348,0.05846630727291347,-43.31622540082208,0.05846630727291347,0.23386522909291152,0.29233153636579834,0.029233153636456736,0.014616576818228368,17.539892181874045,-0.05846630727291347,0.0,0.5846630727291348,-86.63245080164415,1.461657681822885,-5.846630727291347,11.693261454582695,2.9233153636456737,-0.05846630727291347,22.287087960659104,0.08769946090937021,-0.05846630727291347,-80.0,0.0,184.4279362250536,0.029233153636456736,-43.0,-0.05846630727291347,-0.058466307272902376,-0.05846630727291347,0.02923315363645674,199.37010780063497,-11.693261454582695,0.05846630727291347,279.7913144779314,-0.014616576818228368,77.6227218907639,-279.7913144779314,8.76994609093702,85.0,306.06358171182245,199.37010780063497,-0.043849730454685105,229.89200978010433,-96.0,0.05846630727291347,-0.01461657681822837,358.2961432404136,58.46630727291347,-0.029233153636456736,-0.05846630727291347,0.014616576818228368,0.0,0.0,107.41364536894073,0.0,-46.0,0.0,72.37088544952516,-31.0,0.0,-32.0,-93.0,-65.0,-445.7545170421637,16.0,23.0,46.5,0.0,15.5,-216.73709064369876,-219.84528680846398,445.7545170421637,65.0,-219.84528680846398,-72.37088544952516,34.18854245215631,0.0,1496.5981,hclb
306,0.0,0.0,0.0,0.0,0.0,0.0,0.0,0.0,367.36492033051667,0.0,0.0,0.0,0.0,0.0,0.0,0.0,1000.0,-511.4988152090164,0.0,195.2216808812841,0.0,0.0,0.0,852.2042304429199,0.0,0.0,0.0,0.0,0.0,-588.9642797354245,0.0,0.0,16.98198347770123,0.0,0.0,0.0,0.0,634.3933147168717,0.0,-1000.0,1000.0,0.0,-973.0764882793234,-447.3077934588189,0.0,0.0,0.0,0.0,-936.8044150850802,-321.9526851806845,0.0,0.0,0.0,0.06576617920141067,0.0,0.0,0.0,0.0,0.0,0.0,-69.74860943341827,0.0,135.3010019353411,-41.19339133216472,701.4119425720826,0.0,0.0,0.0,0.0,0.0,0.0,0.5978743563720613,0.0,0.0,0.0,0.0,0.0,0.0,0.0,0.0,0.0,0.0,0.0,0.0,35.87246138232368,0.0,100.06525721299536,907.874480819316,535.4355758282327,-591.2890218146734,664.9427432369566,0.0,0.0,888.3797100794353,17.93623069116184,0.0,17.93623069116184,-1.925155427521247,0.0,0.0,0.0,2.989371781860306,-904.3080819806315,0.0,0.0,-12.696714194716032,0.0,0.0,0.0,0.0,0.0,0.0,0.0,0.0,0.0,0.0,0.0,0.0,0.0,0.0,0.0,0.0,0.0,0.0,-670.4774630798358,0.0,0.0,17.93623069116184,0.0,18.5341050475339,17.494801602796013,0.0,-932.2817513546643,932.2817513546643,0.0,0.0,-899.265272413355,0.0,0.0,792.5194885792674,0.0,0.0,0.0,0.0,0.0,104.66888975706023,0.059787435637206114,664.9576900958659,0.0,0.0,0.0,0.0,0.0,0.0,0.0,0.0,198.97251891214114,0.0,0.0,0.0,0.0,0.0,682.1282335413275,682.1282335413275,0.0,0.0,0.0,-109.375,1000.0,0.0,0.0,682.1880209769647,0.0,0.0,0.0,164.56485204842255,-81.90813759660634,0.0,0.0,0.0,0.0,0.0,0.0,0.0,0.0,0.0,-8.96811534558094,0.0,0.0,0.0,0.0,-1000.0,0.0,0.0,0.0,0.0,0.0,321.9526851806845,973.0764882793234,55.85344598644076,-55.85344598644076,106.74578383408758,0.0,0.0,0.0,0.0,0.0,0.0,315.34380224520703,-954.430916582092,0.0,0.0,0.0,0.0,0.0,0.0,0.0,0.0,0.0,0.0,0.0,0.0,0.0,315.3991927900781,-19.085025745117548,-447.3077934588189,0.0,0.0,0.0,0.0,78.96146900064218,0.0,0.0,0.0,0.0,-69.74860943341827,0.0,0.0,0.0,0.0,0.0,0.0,0.0,0.0,0.0,0.0,11.957487127441224,0.0,0.0,-228.5153587163178,-722.0097171538492,1000.0,0.0,447.3077934588189,0.0,0.0,106.74578383408758,72.94067147739148,0.0,0.0,0.0,-88.33569213842588,0.0,0.0,0.0,0.0,0.0,0.0,0.0,0.0,591.2890218146734,0.0,-231.49375407552748,321.9526851806845,0.0,16.089295798667308,0.0,0.0,0.0,0.0,0.0,0.0,0.0,381.8726744667042,0.0,0.0,-264.27197696645555,-109.37499999999999,0.0,0.0,-69.74860943341827,-0.08968115345580918,0.0,0.0,0.0,0.0,0.059787435637206114,0.0,0.0,0.0,796.3565164741084,1000.0,0.0,-651.9117266610351,93.32896425451156,81.90813759660634,949.8937178186031,0.0,0.0,0.0,-12.696714194716032,0.0,0.0,0.0,-5.147698208363931,0.0,5.147698208363931,-1000.0,-1000.0,0.0,0.0,0.0,0.0,0.0,0.0,0.0,0.0,0.0,0.0,0.0,0.0,0.0,0.0,0.0,0.0,0.0,-365.3675355405762,0.0,-1000.0,0.0,0.0,0.0,0.0,0.0,0.0,564.8838550260054,0.0,0.0,0.0,0.0,0.0,0.0,0.0,0.0,0.0,0.0,-306.4056509548201,-906.8750902514873,-85.65148029386197,0.0,0.0,-2.989371781860306,0.0,-1.494685890930153,903.885718469627,0.0,0.0,1000.0,336.5401592904849,-937.009598587152,17.93623069116184,906.2500000000008,-906.2500000000008,0.0,0.0,0.0,367.42470776615386,0.0,-315.3991927900781,315.3991927900781,315.3991927900781,93.73922706727481,0.0,0.0,0.0,0.0,0.0,315.34380224520703,0.0,0.0,-46.11248827493341,0.0,0.0,68.04251287255877,0.0,0.0,0.0,0.0,-37.02125643627939,0.11957487127434596,0.0,0.0,0.0,0.0,0.0,0.0,0.0,0.0,0.0,0.0,0.0,0.0,0.0,0.0,0.0,0.0,0.0,0.0,0.0,0.06576617920141067,0.06576617920141067,0.0,399.4417056626369,0.0,35.87246138232368,0.0,0.0,0.0,1000.0,0.0,733.129110932897,100.06525721299536,0.0,0.0,503.7866038548961,-1000.0,0.0,0.0,405.528111055058,0.0,0.0,68.04251287255877,0.0,0.0,0.0,0.0,0.0,0.0,0.0,223.4924876932786,-796.3565164741084,0.0,0.0,104.66888975706023,0.0,0.0,888.3797100794353,702.6724572447056,0.0,503.7866038548961,0.0,-533.2346525813832,1000.0,0.0,0.0,315.3991927900781,0.0,0.0,0.0,0.0,0.0,0.0,0.0,0.0,0.0,0.0,0.0,0.0,0.0,35.87246138232368,106.74578383408755,106.74578383408758,0.0,0.0,0.0,0.0,0.0,0.0,0.0,0.0,0.0,0.0,0.5978743563720613,0.0,0.0,100.06525721299536,-100.06525721299536,0.0,973.0764882793234,0.0,0.0,17.93623069116184,-405.528111055058,0.0,0.0,0.0,0.0,0.0,0.0,0.0,0.0,0.0,943.2007074827477,0.0,0.0,17.93623069116184,17.93623069116184,1000.0,-1000.0,0.0,68.04251287255877,0.0,0.0,0.0,0.0,0.0,904.3080819806315,315.34380224520703,1000.0,0.059787435637206114,0.0,0.0,0.0,8.978643409980508,0.0,0.0,-888.3797100794353,0.0,0.0,0.0,0.0,0.0,0.0,0.0,0.0,0.0,0.0,0.0,0.0,0.0,0.0,0.059787435637206114,0.0,0.0,0.0,0.0,0.0,0.0,0.0,0.0,0.0,0.0,564.8838550260054,0.0,0.0,-634.6324644594238,-4.48405767279046,-2.989371781860306,0.0,0.0,0.0,0.0,0.0,0.0,0.0,0.0,0.0,0.0,0.0,0.0,106.74578383408755,81.90813759660634,0.0,0.0,65.97977319470827,0.0,0.0,0.0,367.36492033051667,0.0,0.0,0.059787435637206114,0.0,0.059787435637206114,0.0,0.0,0.0,35.87246138232368,72.94067147739148,72.94067147739148,0.0,0.0,0.0,0.0,0.0,0.0,0.0,0.0,0.0,315.34380224520703,0.0,0.0,0.0,0.0,0.0,0.0,0.0,0.0,0.0,0.0,0.0,0.0,0.0,0.0,0.0,0.0,0.0,185.70725283472976,0.0,0.0,0.0,0.08968115345580918,0.0,0.0,0.0,-17.93623069116184,0.0,0.0,0.0,0.0,0.0,-399.4417056626369,2.989371781860306,0.0,0.0,0.0,109.37499999999999,-1000.0,435.1161449739945,0.0,0.0,0.0,0.0,0.0,0.0,0.0,0.0,106.74578383408755,0.0,405.528111055058,0.0,84.04251287255877,0.0,53.042512872558774,-12.696714194716032,0.0,1000.0,0.0,-1000.0,0.0,0.0,0.0,2.989371781860306,1000.0,0.0,0.0,0.0,-246.24300270092414,-953.0937500000925,953.0937500000925,0.0,0.0,0.0,-669.5527447830657,0.0,0.0,0.0,0.0,0.0,72.94067147739148,0.0,0.0,0.0,0.0,0.0,0.0,0.0,0.0,0.0,0.0,0.0,0.0,412.8938786810083,-8.978643409980508,-179.6570960424026,-973.0764882793234,17.93623069116184,100.06525721299536,0.0,0.0,0.0,50.960469513914376,0.0,0.0,0.06576617920141067,0.0,0.0,0.0,36.47033573869574,0.0,0.0,0.0,0.0,-19.085025745117548,0.0,0.0,0.0,0.0,0.0,0.0,0.0,0.0,0.0,0.0,0.005978743563720613,0.005978743563720613,0.0,0.0,0.0,0.0,0.0,0.0,0.0,0.0,0.0,0.0,0.0,0.0,0.0,0.0,0.0,399.4417056626369,0.0,0.0,0.0,0.0,0.0,0.0,0.0,321.9526851806845,0.0,0.0,0.0,200.13051442599073,1000.0,1000.0,-511.4988152090164,0.0,0.0,0.0,35.87246138232368,0.0,0.0,0.0,0.0,0.0,111.31504940391571,-147.1875107862394,0.0,200.13051442599073,0.0,0.0,0.0,0.0,0.0,0.0,0.0,0.0,0.0,0.0,-1000.0,-1000.0,40.95439341148621,0.0,-17.93623069116184,0.0,634.3933147168717,0.0,0.0,0.0,0.0,0.0,0.0,0.0,0.0,0.0,0.0,0.0,0.0,0.0,0.0,0.0,0.0,0.0,-7.473429454650766,106.74578383408758,-4.48405767279046,-4.484057672790459,0.0,0.0,0.0,0.0,0.0,-0.7473429454650766,0.0,46.11248827493341,0.0,0.0,0.0,0.0,0.0,0.0,0.0,1000.0,17.93623069116184,17.93623069116184,0.0,0.0,0.0,0.0,0.0,0.06576617920141067,399.4417056626369,0.0,0.0,-634.3933147168717,0.0,0.0,0.0,0.0,0.0,0.0,0.0,0.0,0.0,0.0,0.0,0.0,0.0,0.0,0.0,0.0,0.0,17.494801602796013,0.0,62.77680741906644,104.66888975706023,0.0,0.0,0.0,0.0,0.0,399.4417056626369,0.0,-440.03067218337605,0.0,0.0,0.0,-7.473429454650766,0.0,0.0,0.0,0.0,0.0,0.0,0.0,0.0,0.0,0.0,0.0,0.0,0.0,0.0,0.0,0.0,0.0,0.0,-0.059787435637206114,0.0,0.0,2.989371781860306,-503.7866038548961,0.0,0.0,0.0,0.0,106.74578383408758,0.0,0.0,0.0,5.147698208363931,1.494685890930153,0.0,0.0,0.0,0.059787435637206114,0.0,59.787435637206116,-1.0393034447378824,11.957487127441226,0.4270531116943294,201.7965486333971,-0.04484057672790459,2.989371781860306,1.1957487127441224,-0.2989371781892487,-201.7965486333971,17.93623069116184,-0.05978743563720612,4.232238064905344,68.04251287255877,0.01494685890930153,0.4270531116943294,-12.696714194716032,-109.58341696644175,-1.1957487127441224,-683.7228656722677,-0.05978743563720612,0.01494685890930153,-201.7965486333971,5.978743563720612,0.05978743563720612,0.059787435637206114,-399.31615204779825,-99.99949103379444,-28.609811524548526,-0.04484057672790459,17.93623069116184,0.05978743563720612,17.93623069116184,-29.893717818603065,-0.02989371781860306,-144.96927899816055,-85.0,-0.04484057672790459,-0.05978743563720612,-1.0393034447378824,0.059787435637206114,5.978743563720627,-1.1957487127441224,185.70725283472976,185.70725283472976,-5.978743563720612,683.7228656722677,-185.70725283472976,11.957487127441224,0.08968115345580918,-151.938890230065,5.978743563720612,-223.4924876932786,68.04251287255877,-11.957487127441224,0.029893717818603057,0.5978743563720613,162.97793166525878,96.0,-0.059787435637206114,-412.8938786810083,399.31615204779825,18.5341050475339,0.05978743563720612,109.58341696644175,-3.7024098920886104,68.04251287255877,-0.059787435637206114,-0.014946858909301529,-68.04251287255877,-0.05978743563720612,-37.02125643627939,0.05978743563720612,-0.014946858909301529,-0.01494685890930153,-0.014946858909301529,23.91497425488245,29.893717818603065,0.5978743563720613,362.86334425181144,-0.014946858909301529,321.7236252656122,2.989371781860306,21.5,0.059787435637206114,0.029893717818603057,0.02989371781860306,40.0,1.0393034447378824,0.059787435637206114,-1.0393034447378824,0.5978743563720613,0.05978743563720612,-1000.0,0.05978743563720612,0.23914974255207255,0.2989371781892487,0.02989371781860306,0.01494685890930153,17.93623069116184,-0.05978743563720612,28.609811524548526,0.5978743563720612,-725.7266885036229,1.4946858909301537,-5.978743563720627,11.957487127441224,2.989371781860306,-0.05978743563720612,12.696714194716032,0.08968115345580918,-0.05978743563720612,-80.0,1.0393034447378824,143.08423298863036,0.02989371781860306,-43.0,-0.05978743563720612,-0.05978743563720612,-0.05978743563720612,0.02989371781860306,201.7965486333971,-11.957487127441224,0.059787435637206114,325.95586333051756,-0.01494685890930153,99.99949103379444,-325.95586333051756,8.968115345580918,85.0,222.68171235127488,201.7965486333971,-0.04484057672790459,412.8938786810083,-96.0,0.05978743563720612,-0.01494685890930153,2.989371781860306,59.787435637206116,-0.029893717818603057,-0.05978743563720612,0.014946858909301529,0.0,0.0,151.9089965122464,637.1366557481886,-46.0,0.0,262.0409405573381,-31.0,0.0,41.43550112224355,-93.0,-65.0,0.0,-20.717750561121775,23.0,46.5,0.0,15.5,-399.4417056626369,-194.04470250254474,0.0,65.0,-194.04470250254474,-262.0409405573381,129.88230344285304,0.0,1496.5981,hclb
307,0.0,0.0,0.0,0.0,0.0,0.0,0.0,0.0,-0.052376391195752436,0.0,0.0,0.0,0.0,0.0,0.0,0.0,-705.0249194269438,728.6942598764168,0.0,0.0,0.0,0.0,0.0,39.52364526631601,0.0,0.0,0.0,0.0,0.0,296.67789948659464,0.0,0.0,24.446648521824606,0.0,0.0,0.0,0.0,999.7904944352167,0.0,-1000.0,1000.0,0.0,0.0,-335.05423533951694,0.0,0.0,676.7305284016487,0.0,702.2990638331062,-841.4075723974131,0.0,0.0,0.0,0.05761403031623047,0.0,0.0,0.0,10.475278239150487,0.0,0.0,-105.65342071122379,0.0,105.65342071122379,0.0,0.0,0.0,0.0,0.0,915.3521259426369,-915.3521259426369,0.0,0.5237639119575244,0.0,0.0,0.0,0.0,0.0,0.0,0.0,931.2644017625425,0.0,0.0,-77.09623222274293,0.0,31.425834717451462,0.0,101.040806526584,402.5531275956198,104.85219142872607,705.1034840137374,-0.013094097798938109,0.0,0.0,948.1612172570017,15.712917358725731,0.0,15.712917358725731,0.0,548.9723848967026,0.0,0.0,425.0624393820957,296.67789948659464,0.0,0.0,-5.39583323274836,0.0,0.0,0.0,0.0,0.0,0.0,0.0,0.0,0.0,0.0,0.0,0.0,0.0,0.0,0.0,0.0,0.0,0.0,-664.0454123454384,0.0,0.0,15.712917358725731,0.0,16.236681270683253,16.236681270683253,0.0,-34.68077443990326,0.0,34.68077443990326,-34.68077443990326,-1000.0,0.0,0.0,1000.0,0.0,0.0,0.0,0.0,0.0,182.17002087139986,0.052376391195752436,0.0,0.0,0.0,0.0,-590.1033231310962,0.0,0.0,0.0,0.0,117.94077157852264,0.0,0.0,0.0,0.0,0.0,-28.62831089709266,-28.62831089709266,0.0,0.0,0.0,0.0,1000.0,0.0,0.0,-28.575934505896907,0.0,0.0,0.0,-452.64330923116734,0.0,0.0,0.0,0.0,0.0,0.0,0.0,0.0,0.0,0.0,-459.9909615165979,0.0,0.0,0.0,0.0,-1000.0,0.0,0.0,0.0,0.0,0.0,841.4075723974131,0.0,-104.85219142872607,104.85219142872607,0.0,0.0,0.0,0.0,0.0,0.0,0.0,0.0,-361.9190040075233,0.0,0.0,0.0,0.0,0.0,0.0,0.0,0.0,0.0,0.0,0.0,0.0,0.0,303.9391410326343,619.4712225461499,-293.95204389275705,0.0,0.0,0.0,0.0,79.709984489229,0.0,0.0,0.0,0.0,-105.65342071122379,41.10219144675986,0.0,0.0,337.0802510893624,0.0,0.0,0.0,0.0,0.0,1.6865197965047247,0.0,0.0,0.0,0.0,209.70438285745215,1000.0,0.0,293.95204389275705,0.0,0.0,0.0,0.0,0.0,0.0,0.0,364.9047156427357,0.0,0.0,-1000.0,-1000.0,0.0,0.0,0.0,1000.0,0.0,0.0,-481.01012298103535,841.4075723974131,0.0,98.89350948828678,0.0,0.0,0.0,630.0406999111552,0.0,-630.0406999111552,0.0,709.6935939412767,0.0,0.0,-235.76607000804438,0.0,0.0,0.0,-105.65342071122379,-0.07856458679362865,0.0,0.0,0.0,0.0,0.052376391195752436,0.0,0.0,0.0,902.8905783555405,-705.0249194269438,0.0,-593.7106927971821,754.0209452551974,0.0,946.1881955978762,0.0,-895.3497044227807,0.0,-5.39583323274836,0.0,0.0,0.0,616.2429091683929,0.0,279.10679525438786,0.0,-96.80509863216305,0.0,0.0,0.0,0.0,0.0,0.0,0.0,0.0,0.0,0.0,0.0,0.0,0.0,0.0,0.0,0.0,337.0802510893624,0.0,0.0,-1000.0,0.0,0.0,0.0,0.0,0.0,0.0,-183.85654066790457,0.0,626.0686171194455,0.0,0.0,422.4436198223081,0.0,698.8533416082421,-213.84062947094165,0.0,-915.3521259426369,0.0,-2.618819559787622,0.0,-970.3841224498166,-698.8533416082421,0.0,1000.0,-1.309409779893811,0.0,0.0,0.0,0.0,685.4152586430807,-34.044654277239076,15.712917358725731,0.0,0.0,0.0,0.0,0.0,0.0,0.0,-303.9391410326343,303.9391410326343,303.9391410326343,87.92055499359788,0.0,0.0,-364.7661724076684,0.0,0.0,0.0,0.0,0.0,-9.225228369279552,0.0,0.0,69.52472176084952,0.0,0.0,0.0,0.0,13.654982056327889,0.10475278239155847,0.0,0.0,0.0,0.0,0.0,0.0,0.0,0.0,0.0,0.0,0.0,0.0,0.0,0.0,0.0,0.0,0.0,0.0,0.0,0.05761403031623047,0.05761403031623047,0.0,389.4638627934838,0.0,31.425834717451462,0.0,0.0,0.0,1000.0,0.0,0.0,101.040806526584,0.0,0.0,407.575524942103,-1000.0,0.0,0.0,0.0,0.0,0.0,69.52472176084952,0.0,0.0,0.0,0.0,0.0,0.0,0.0,221.3484707818128,-902.8905783555405,590.1033231310962,0.0,105.07378864865693,0.0,0.0,948.1612172570017,868.4512327677727,0.0,407.575524942103,0.0,421.2305069984309,0.0,841.7164623185479,-841.7164623185479,303.9391410326343,0.0,0.0,0.0,0.0,0.0,0.0,0.0,0.0,0.0,0.0,0.0,0.0,0.0,31.425834717451462,0.0,0.0,0.0,0.0,0.0,0.0,0.0,0.0,0.0,0.0,0.0,0.0,0.5237639119575244,0.0,0.0,101.040806526584,-101.040806526584,0.0,0.0,0.0,0.0,15.712917358725731,0.0,0.0,0.0,0.0,0.0,0.0,0.0,0.0,0.0,0.0,44.866037168282745,0.0,0.0,15.712917358725731,15.712917358725731,1000.0,-1000.0,0.0,69.52472176084952,0.0,0.0,0.0,0.0,0.0,-147.41673436654236,0.0,329.74082727808195,0.052376391195752436,0.0,0.0,0.0,4.223781832857464,0.0,0.0,-948.1612172570017,0.0,0.0,0.0,0.0,0.0,0.0,0.0,0.0,0.0,0.0,0.0,0.0,0.0,0.0,0.052376391195752436,0.0,0.0,0.0,0.0,0.0,0.0,0.0,0.0,0.0,0.0,442.21207645154095,0.0,0.0,-1000.0,-3.9282293396814323,-2.618819559787622,0.0,0.0,0.0,0.0,0.0,0.0,0.0,0.0,0.0,0.0,0.0,0.0,0.0,0.0,0.0,0.0,-31.42583471745146,0.0,0.0,0.0,-0.052376391195752436,0.0,0.0,0.052376391195752436,0.0,0.052376391195752436,0.0,0.0,0.0,31.425834717451462,63.89919725881797,63.89919725881797,0.0,0.0,0.0,0.0,0.0,0.0,77.09623222274293,590.1033231310962,0.0,0.0,0.0,0.0,0.0,620.752516450348,0.0,0.0,0.0,0.0,0.0,0.0,0.0,0.0,0.0,0.0,0.0,0.0,0.0,79.709984489229,0.0,-434.2966532919718,434.2966532919718,0.07856458679362865,0.0,0.0,0.0,-15.712917358725731,0.0,0.0,0.0,0.0,0.0,-389.4638627934838,2.618819559787622,0.0,0.0,0.0,0.0,-1000.0,0.0,0.0,0.0,0.0,0.0,0.0,0.0,0.0,0.0,0.0,0.0,0.0,0.0,85.52472176084952,0.0,644.6280448919457,-5.39583323274836,0.0,-183.85654066790457,626.0686171194455,-442.21207645154095,0.0,-63.89919725881797,0.0,2.618819559787622,1000.0,0.0,0.0,0.0,-211.30684142244758,765.6250000000334,-765.6250000000334,593.352539489282,-593.352539489282,0.0,0.0,0.0,0.0,0.0,835.3102157265687,-383.1757128893333,63.89919725881797,0.0,0.0,0.0,0.0,0.0,0.0,0.0,0.0,0.0,1.6865197965047247,0.0,0.0,18.072837923194697,-4.223781832857464,0.0,0.0,15.712917358725731,101.040806526584,0.0,0.0,0.0,19.336078980123673,0.0,0.0,0.05761403031623047,0.0,0.0,0.0,31.949598629408985,0.0,0.0,0.0,0.0,619.4712225461499,0.0,0.0,0.0,0.0,0.0,0.0,0.0,0.0,0.0,0.0,0.005237639119575249,0.005237639119575249,0.0,0.0,0.0,0.0,0.0,0.0,0.0,0.0,0.0,0.0,0.0,0.0,0.0,0.0,0.0,389.4638627934838,0.0,0.0,0.0,0.0,0.0,0.0,0.0,841.4075723974131,0.0,0.0,0.0,202.081613053168,-1000.0,-188.7608980018167,728.6942598764168,0.0,0.0,0.0,31.42583471745146,0.0,0.0,0.0,0.0,0.0,-882.6508000443362,851.2249653268847,0.0,202.081613053168,0.0,0.0,0.0,0.0,0.0,0.0,0.0,0.0,0.0,0.0,573.454074089755,149.26116512005228,656.6303444194386,-15.712917358725731,0.0,0.0,999.7904944352167,0.0,0.0,0.0,0.0,0.0,0.0,0.0,0.0,0.0,0.0,0.0,0.0,0.0,0.0,0.0,0.0,0.0,-6.547048899469054,0.0,-426.37184916198953,1000.0,0.0,0.0,0.0,0.0,0.0,-21.563168412896378,20.90846352294947,9.225228369279552,0.0,0.0,0.0,0.0,0.0,0.0,0.0,1000.0,15.712917358725731,15.712917358725731,0.0,0.0,0.0,0.0,931.2644017625425,0.05761403031623047,389.4638627934838,0.0,0.0,-999.7904944352167,0.0,0.0,0.0,0.0,0.0,0.0,0.0,0.0,0.0,0.0,0.0,0.0,0.0,0.0,217.1483266459859,0.0,0.0,16.236681270683253,0.0,54.99521075554006,182.17002087139986,0.0,0.0,0.0,0.0,0.0,389.4638627934838,0.0,-2.618819559787622,0.0,0.0,0.0,-6.547048899469054,0.0,0.0,0.0,0.0,0.0,0.0,0.0,0.0,0.0,0.0,0.0,0.0,0.0,0.0,0.0,0.0,0.0,0.0,-0.052376391195752436,0.0,0.0,2.618819559787622,-407.575524942103,0.0,0.0,0.0,0.0,0.0,0.0,0.0,0.0,-616.2429091683929,1.309409779893811,0.0,0.0,0.0,0.052376391195752436,0.0,52.37639119575243,0.0,10.475278239150487,0.37411707996966026,178.60349397751577,-0.03928229339681433,213.84062947094165,1.0475278239150487,-0.2618819559790375,-178.60349397751577,15.712917358725731,-0.052376391195752436,1.7986110775827866,69.52472176084952,0.013094097798938109,0.37411707996966026,-5.39583323274836,-109.37912800494927,-1.0475278239150487,-23.669340449472998,-0.052376391195752436,0.013094097798938109,-178.60349397751577,5.237639119575244,0.052376391195752436,0.052376391195752436,-389.3538723719718,-100.98319249626869,0.0,-0.03928229339681433,15.712917358725731,0.052376391195752436,15.712917358725731,-26.188195597876216,-0.026188195597876218,-107.14910511302593,-85.0,-0.03928229339681433,-0.052376391195752436,0.0,0.052376391195752436,5.237639119575244,-1.0475278239150487,79.709984489229,79.709984489229,-5.237639119575244,23.669340449472998,-79.709984489229,10.475278239150487,0.07856458679362865,-1000.0,5.237639119575244,-221.3484707818128,69.52472176084952,-10.475278239150487,0.026188195597876218,0.5237639119575244,148.42767319929553,96.0,-0.052376391195752436,-401.248550812528,389.3538723719718,16.236681270683253,0.052376391195752436,109.37912800494927,6.673052325946577,69.52472176084952,-0.052376391195752436,-0.013094097798938109,-69.52472176084952,-0.052376391195752436,13.654982056327889,0.05237639119597981,-0.013094097798938109,-0.013094097798938109,-0.013094097798938109,20.950556478300975,26.188195597876216,0.5237639119575244,38.80435882715517,-0.013094097798938109,295.05673532100826,2.618819559787622,-4.2086714683763224,0.052376391195752436,0.026188195597876218,0.026188195597876218,40.0,0.0,0.052376391195752436,0.0,0.5237639119575244,0.052376391195752436,-38.80435882715517,0.052376391195752436,0.20950556478324245,0.2618819559790375,0.026188195597876218,0.013094097798938109,15.712917358725731,-0.052376391195752436,0.0,0.5237639119575244,-77.60871765431034,212.53121969104785,-5.237639119575244,10.475278239150487,2.618819559787622,-0.052376391195752436,5.39583323274836,0.07856458679362865,-0.052376391195752436,-80.0,0.0,238.42190249478728,0.026188195597876218,8.417342936752645,-0.052376391195752436,-0.05237639119597981,-0.052376391195752436,0.026188195597876218,178.60349397751577,-10.475278239150487,0.052376391195752436,296.85534639859105,-0.013094097798938109,100.98319249626869,-296.85534639859105,7.856458679362865,85.0,585.2330922468839,178.60349397751577,-0.03928229339681433,401.248550812528,-96.0,0.052376391195752436,-0.013094097798938109,2.618819559787622,52.37639119575243,-0.026188195597876218,-0.052376391195752436,0.013094097798938109,0.0,0.0,294.8703277906647,0.0,-46.0,0.0,357.8917011790444,-31.0,0.0,-32.0,-93.0,-65.0,-705.1034840137374,16.0,23.0,46.5,0.0,15.5,-389.4638627934838,-257.75798147491093,705.1034840137374,65.0,-257.75798147491093,-357.8917011790444,172.99050486676128,0.0,1496.5981,hclb
308,0.0,0.0,0.0,0.0,0.0,0.0,0.0,0.0,-0.0547467488383857,0.0,0.0,0.0,0.0,0.0,0.0,0.0,-260.94899017381977,1000.0,0.0,-311.64464721579617,0.0,0.0,0.0,93.70093292410121,0.0,0.0,0.0,0.0,0.0,86.7842773017311,0.0,0.0,574.0231273429624,0.0,0.0,0.0,0.0,89.53223308035221,0.0,-1000.0,1000.0,0.0,0.0,0.0,0.0,0.0,0.0,0.0,0.0,-819.7786185281296,0.0,-174.16471287208864,0.0,0.060221423722200615,0.0,0.0,0.0,10.94934976767714,0.0,0.0,-4.821363681034063,0.0,4.821363681034063,0.0,0.0,0.0,0.0,0.0,849.0982324714917,-849.0982324714917,0.0,0.547467488383857,0.0,0.0,0.0,0.0,0.0,0.0,0.0,0.0,0.0,0.0,0.0,0.0,32.84804930303142,0.0,0.0,11.244764871233372,0.0,502.9458750408818,-0.013686687209596425,0.0,0.0,1000.0,16.42402465151571,0.0,16.42402465151571,-1.7628453125966423,0.0,0.0,0.0,585.5603955291704,-637.6270040802133,0.0,0.0,-7.531436645573422,224.55336721441395,0.0,0.0,0.0,0.0,0.0,0.0,0.0,0.0,0.0,0.0,0.0,0.0,0.0,0.0,0.0,0.0,0.0,-365.2248211464986,0.0,0.0,16.42402465151571,0.0,16.971492139899564,16.971492139899564,0.0,0.0,0.0,0.0,0.0,0.0,1000.0,-1000.0,0.0,0.0,0.0,0.0,0.0,0.0,4.215499660555677,0.0547467488383857,0.0,0.0,0.0,0.0,-292.2808643615756,0.0,0.0,0.0,0.0,57.69202114157358,0.0,0.0,0.0,0.0,0.0,999.9452532511616,999.9452532511616,0.0,0.0,0.0,78.125,0.0,0.0,0.0,1000.0,0.0,0.0,0.0,0.0,-702.3591128280166,0.0,0.0,0.0,0.0,0.0,0.0,0.0,0.0,0.0,-97.35736838098535,0.0,0.0,0.0,0.0,-1000.0,0.0,0.0,0.0,0.0,0.0,819.7786185281296,174.16471287208864,-502.9458750408818,502.9458750408818,0.0,0.0,0.0,0.0,0.0,0.0,0.0,724.4112813819444,-884.9383167318308,0.0,0.0,0.0,0.0,0.0,0.0,0.0,0.0,0.0,0.0,0.0,0.0,0.0,345.7061155030847,46.62619668251591,0.0,0.0,0.0,0.0,0.0,79.47057836732304,0.0,0.0,0.0,0.0,-4.821363681034063,0.0,0.0,0.0,473.23111372338354,0.0,0.0,0.0,0.0,0.0,0.0,0.0,0.0,0.0,241.91476474380445,744.8606397846862,-317.5363972975598,0.0,0.0,0.0,0.0,0.0,66.79103358283055,0.0,0.0,0.0,42.16610873599734,0.0,0.0,-228.12688360995122,0.0,0.0,-228.12688360995134,0.0,0.0,-502.9458750408818,0.0,0.0,819.7786185281296,0.0,107.21583517157222,0.0,0.0,0.0,0.0,0.0,0.0,0.0,1000.0,0.0,0.0,-646.5467001382707,78.125,0.0,0.0,-4.821363681034063,-0.08212012325757855,0.0,0.0,0.0,0.0,0.0547467488383857,0.0,0.0,0.0,904.1053969811612,-260.94899017381977,0.0,-272.72945578882695,-473.5778074810153,702.3591128280166,947.3733744191928,0.0,-90.32639590427277,0.0,-7.531436645573422,0.0,0.0,0.0,-4.713695074984984,-849.0982324714917,944.1383234507495,-182.45272819516697,-773.4905845916848,0.0,0.0,0.0,0.0,0.0,0.0,0.0,0.0,0.0,0.0,0.0,0.0,0.0,0.0,0.0,0.0,473.23111372338354,-422.02472490628304,0.0,-1000.0,0.0,488.22405501801103,0.0,240.22524660608156,0.0,0.0,-4.215499660555677,0.0,0.0,0.0,0.0,582.8230580872511,0.0,100.76164596387571,-798.9867312354388,-624.1972125360521,0.0,0.0,-2.737337441919285,-1000.0,-17.85482076163578,-100.76164596387571,384.7252414468532,0.0,622.8285438150925,0.0,658.2510660208792,0.0,688.8258946369937,0.0,0.0,16.42402465151571,0.0,0.0,0.0,154.16947808401648,0.0,0.0,0.0,-345.7061155030847,345.7061155030847,345.7061155030847,-616.3518583439843,0.0,0.0,-0.1094934976767714,0.0,0.0,724.4112813819444,0.0,0.0,-9.642727362068126,0.0,578.1250000002001,69.05065023232287,0.0,0.0,0.0,0.0,-37.52532511616143,0.10949349767674961,0.0,0.0,0.0,0.0,0.0,0.0,0.0,0.0,0.0,0.0,0.0,0.0,0.0,0.0,0.0,0.0,0.0,0.0,0.0,0.060221423722200615,0.060221423722200615,0.0,430.75676573540755,0.0,32.84804930303142,0.0,0.0,0.0,1000.0,0.0,130.04779478385487,0.0,0.0,0.0,-485.9531906350034,-1000.0,0.0,0.0,390.1346405195324,0.0,0.0,69.05065023232287,0.0,0.0,0.0,0.0,0.0,0.0,0.0,121.74160704883286,-904.1053969811612,67.72749714716163,0.0,4.215499660555677,0.0,485.6891486028825,514.3108513971175,434.84027302979456,0.0,-485.9531906350034,0.0,0.0,-523.4785157511649,1000.0,-1000.0,345.7061155030847,0.0,0.0,0.0,0.0,0.0,0.0,0.0,0.0,0.0,0.0,0.0,0.0,0.0,32.84804930303142,0.0,0.0,0.0,0.0,0.0,0.0,0.0,0.0,0.0,0.0,0.0,0.0,0.547467488383857,0.0,0.0,0.0,0.0,0.0,174.16471287208864,0.0,0.0,16.42402465151571,-390.1346405195324,0.0,0.0,0.0,0.0,0.0,0.0,0.0,0.0,0.0,170.2916345490028,0.0,0.0,16.42402465151571,16.42402465151571,999.8731205065171,-1000.0,0.0,69.05065023232287,0.0,0.0,0.0,0.0,0.0,946.1144372293321,724.4112813819444,1000.0,0.0547467488383857,0.0,0.0,0.0,4.4149342456098175,551.7644671378641,0.0,-1000.0,0.0,0.0,0.0,0.0,0.0,0.0,0.0,0.0,0.0,0.0,0.0,0.0,0.0,0.0,0.0547467488383857,0.0,0.0,0.0,0.0,0.0,0.0,0.0,0.0,488.22405501801103,-4.215499660555677,0.0,0.0,0.0,-577.975275093717,-4.106006162878998,-2.737337441919285,0.0,0.0,0.0,0.0,0.0,0.0,0.0,0.0,0.0,0.0,0.0,0.0,0.0,702.3591128280166,0.0,0.0,691.563232078913,0.0,0.0,0.0,-0.0547467488383857,0.0,0.0,0.0547467488383857,0.0,0.0547467488383857,0.0,0.0,0.0,32.84804930303142,66.79103358283055,66.79103358283055,0.0,0.0,0.0,0.0,0.0,0.0,0.0,67.72749714716163,0.0,724.4112813819444,0.0,0.0,0.0,0.0,0.0,0.0,0.0,0.0,0.0,0.0,0.0,0.0,0.0,0.0,0.0,0.0,0.0,79.47057836732304,0.0,0.0,0.0,0.08212012325757855,0.0,0.0,0.0,-16.42402465151571,0.0,0.0,0.0,0.0,0.0,-430.75676573540755,2.737337441919285,0.0,0.0,0.0,-78.125,0.0,79.39275936349372,0.0,0.0,578.1250000002001,0.0,0.0,0.0,0.0,0.0,0.0,0.0,390.1346405195324,159.87170641400263,85.05065023232287,0.0,121.7781473794845,544.2330304922907,0.0,79.39275936349372,0.0,-79.39275936349372,0.0,0.0,0.0,2.737337441919285,1000.0,0.0,0.0,0.0,-9.642727362068126,0.0,0.0,631.211928986895,-631.211928986895,0.0,0.0,0.0,0.0,0.0,89.14535605522754,0.0,66.79103358283055,0.0,0.0,0.0,0.0,0.0,0.0,0.0,0.0,0.0,0.0,0.0,0.0,443.0747842240444,-4.4149342456098175,0.0,0.0,16.42402465151571,0.0,0.0,0.0,0.0,-109.70875932900434,0.0,0.0,0.060221423722200615,0.0,0.0,0.0,33.395516791415275,0.0,0.0,0.0,0.0,46.62619668251591,0.0,224.55336721441395,0.0,0.0,0.0,0.0,0.0,0.0,0.0,0.0,0.00547467488383857,0.00547467488383857,0.0,0.0,0.0,0.0,0.0,0.0,0.0,0.0,0.0,0.0,0.0,0.0,0.0,0.0,0.0,430.75676573540755,0.0,0.0,0.0,0.0,0.0,0.0,0.0,819.7786185281296,0.0,0.0,0.0,0.0,317.53639729755974,-976.9143119889065,1000.0,0.0,0.0,0.0,32.84804930303142,0.0,0.0,0.0,0.0,0.0,-306.7608688294897,273.9128195264583,0.0,0.0,0.0,0.0,0.0,0.0,0.0,0.0,0.0,0.0,0.0,0.0,-1000.0,126.0347049539519,37.5015229542942,338.9948651823099,-355.41888983382563,0.0,577.7562880983633,0.0,0.0,0.0,0.0,0.0,0.0,0.0,0.0,0.0,0.0,0.0,0.0,0.0,0.0,0.0,0.0,0.0,-6.843343604798283,0.0,-586.9290642501301,-4.106006162878886,0.0,0.0,0.0,0.0,0.0,-891.5471381289732,890.8628037684933,9.642727362068126,0.0,0.0,0.0,0.0,0.0,0.0,0.0,773.4905845916848,16.42402465151571,16.42402465151571,0.0,0.0,0.0,0.0,0.0,0.060221423722200615,430.75676573540755,0.0,0.0,-577.7562880983633,0.0,0.0,0.0,0.0,0.0,0.0,0.0,0.0,0.0,0.0,0.0,0.0,0.0,0.0,0.0,0.0,0.0,16.971492139899564,0.0,57.48408628030498,0.0,0.0,4.215499660555677,0.0,0.0,0.0,430.75676573540755,0.0,-83.89294211800964,0.0,0.0,0.0,-6.843343604798283,0.0,0.0,0.0,0.0,0.0,0.0,0.0,0.0,0.0,0.0,0.0,0.0,0.0,0.0,0.0,0.0,0.0,0.0,-0.0547467488383857,0.0,0.0,2.737337441919285,485.9531906350034,0.0,0.0,0.0,0.0,0.0,0.0,0.0,0.0,4.713695074984984,1.3686687209596424,0.0,0.0,0.0,0.0547467488383857,0.0,54.74674883838569,0.0,10.94934976767714,0.3910482059884693,186.6864135388952,-0.04106006162878927,414.2614897885856,1.094934976767714,-0.27373374419209995,-186.6864135388952,16.42402465151571,-0.0547467488383857,2.510478881857807,69.05065023232287,0.013686687209596425,0.3910482059884693,-7.531436645573422,-8.715682415071598,-1.094934976767714,-427.4063626103841,-0.0547467488383857,0.013686687209596425,-186.6864135388952,5.47467488383857,0.0547467488383857,0.0547467488383857,-430.64179756284693,0.06022142372222427,-44.72111203011288,-0.04106006162878927,16.42402465151571,0.0547467488383857,16.42402465151571,-27.37337441919285,-0.02737337441919285,2.0919641796861392,-85.0,-0.04106006162878927,-0.0547467488383857,0.0,0.0547467488383857,5.47467488383857,-1.094934976767714,79.47057836732304,79.47057836732304,-5.47467488383857,427.4063626103841,-79.47057836732304,10.94934976767714,0.08212012325757855,175.80690145322137,5.47467488383857,-121.74160704883286,69.05065023232287,-10.94934976767714,0.02737337441919285,0.547467488383857,68.18236394720674,96.0,-0.0547467488383857,-443.0747842240444,430.64179756284693,16.971492139899564,0.0547467488383857,8.715682415071598,3.354551626260009,69.05065023232287,-0.0547467488383857,-0.013686687209596425,-69.05065023232287,-0.0547467488383857,-262.0786923305754,0.05474674883851094,-0.013686687209596425,-0.013686687209596425,-0.013686687209596425,21.89869953535428,27.37337441919285,0.547467488383857,40.560497545639876,-0.013686687209596425,133.85424901255567,2.737337441919285,21.5,0.0547467488383857,0.02737337441919285,0.02737337441919285,40.0,0.0,0.0547467488383857,0.0,0.547467488383857,0.0547467488383857,-40.560497545639876,0.0547467488383857,0.21898699535371424,0.27373374419209995,0.02737337441919285,0.013686687209596425,16.42402465151571,-0.0547467488383857,44.72111203011288,0.547467488383857,-81.12099509127975,412.89282106762596,-5.47467488383857,10.94934976767714,2.737337441919285,-0.0547467488383857,7.531436645573422,0.08212012325757855,-0.0547467488383857,-80.0,0.0,280.1892117753879,0.02737337441919285,-43.0,-0.0547467488383857,-0.05474674883851094,-0.05474674883838569,0.02737337441919285,186.6864135388952,-10.94934976767714,0.0547467488383857,136.36472789441348,-0.013686687209596425,-0.06022142372222427,-136.36472789441348,8.212012325757854,85.0,-473.1921242576452,186.6864135388952,-0.04106006162878927,443.0747842240444,-96.0,0.0547467488383857,-0.013686687209596423,2.737337441919285,54.74674883838569,-0.02737337441919285,-0.0547467488383857,0.013686687209596425,253.4902428194001,0.0,-175.83427482764057,0.0,-46.0,0.0,801.427308998275,-31.0,0.0,-32.0,-93.0,-65.0,0.0,16.0,23.0,46.5,0.0,15.5,-430.75676573540755,-170.48045244638354,0.0,65.0,-170.48045244638354,-801.427308998275,396.2990412440882,0.0,1496.5981,hclb
309,0.0,0.0,0.0,0.0,0.0,0.0,0.0,0.0,-0.05582493149353853,0.0,0.0,0.0,0.0,0.0,0.0,0.0,0.0,-69.31672447046321,0.0,0.0,0.0,0.0,0.0,686.3499638671534,0.0,349.7773892863683,0.0,0.0,0.0,-822.6833394869282,0.0,0.0,0.0,0.0,0.0,0.0,0.0,406.616368626674,0.0,-1000.0,1000.0,0.0,0.0,0.0,0.0,0.0,0.0,0.0,822.6833394869282,-1000.0,0.0,0.0,0.0,0.06140742464284843,0.0,0.0,0.0,11.164986298707706,0.0,0.0,-4.916315633531468,0.0,-798.720382182446,-803.6366978159774,0.0,0.0,0.0,0.0,0.0,349.7773892863683,0.0,0.5582493149353854,0.0,0.0,0.0,0.0,0.0,0.0,0.0,0.0,0.0,0.0,-302.3638908258484,0.0,33.49495889612312,0.0,0.0,-390.95691762869905,905.7774306046676,0.08373739724030779,-0.013956232873384633,0.0,0.0,0.0,16.74747944806156,0.0,16.74747944806156,0.0,0.0,0.0,0.0,2.7912465746769266,-1000.0,0.0,0.0,-9.5192655759543,446.1382624566034,412.76323323694714,0.0,0.0,0.0,0.0,0.0,0.0,0.0,0.0,0.0,0.0,0.0,0.0,0.0,0.0,0.0,0.0,-744.2639212367596,0.0,0.0,16.74747944806156,0.0,17.305728762996946,0.0,0.0,0.0,0.0,0.0,0.0,0.0,520.5536334762506,-520.5536334762506,0.0,0.0,0.0,0.0,0.0,0.0,306.66241055085084,0.05582493149353853,0.0,0.0,0.0,-446.1382624566034,0.0,0.0,0.0,302.3638908258484,0.0,54.45282596157569,0.0,0.0,0.0,0.0,0.0,391.8820109172606,391.8820109172606,0.0,0.0,0.0,0.0,0.0,0.0,0.0,391.9378358487541,0.0,0.0,0.0,17.468932727548008,0.0,0.0,0.0,0.0,0.0,0.0,0.0,0.0,0.0,0.0,-8.37373972403078,0.0,0.0,0.0,0.0,-896.3750913477301,0.0,0.0,0.0,0.0,0.0,1000.0,0.0,-94.22256939533236,94.22256939533236,0.0,0.0,0.0,0.0,0.0,0.0,0.0,177.31666051307184,-953.1431027354,0.0,0.0,0.0,0.0,0.0,0.0,0.0,0.0,0.0,0.0,0.0,0.0,0.0,301.819094139119,-20.670027402584587,0.0,0.0,0.0,0.0,0.0,79.36168191915262,0.0,0.0,0.0,0.0,-4.916315633531468,0.0,0.0,0.0,0.0,0.0,0.0,0.0,0.0,0.0,1.7975627940927552,0.0,0.0,0.0,0.0,1000.0,337.50385246289676,0.0,0.0,0.0,0.0,0.0,720.7191263574529,0.0,0.0,0.0,405.71544706444007,0.0,0.0,-1000.0,0.0,-126.22542318352359,-1000.0,0.0,-126.22542318352359,811.5548612093353,0.0,-595.2657157240246,1000.0,0.0,76.3898769478199,0.0,0.0,0.0,425.1292669967762,0.0,-425.1292669967762,0.0,1000.0,0.0,0.0,-31.798776044622684,0.0,0.0,0.0,-4.916315633531468,-0.08373739724030779,0.0,0.0,0.0,0.0,0.05582493149353853,0.0,0.0,0.0,798.4683671864232,0.0,0.0,-392.3725628380066,147.5895060496001,0.0,947.9124657467693,0.0,532.8435417034142,0.0,-9.5192655759543,0.0,0.0,0.0,30.715001487256597,0.0,-563.5585431906708,-582.3342959338427,-1000.0,0.0,0.0,0.0,0.0,0.0,0.0,0.0,0.0,0.0,0.0,0.0,0.0,0.0,0.0,0.0,0.0,0.0,-108.08624495663537,0.0,-1000.0,302.3638908258484,485.0740866907156,0.0,0.0,0.0,0.0,401.9233527191176,0.0,0.0,0.0,0.0,0.0,782.6988312641973,0.0,-263.3475752833994,0.0,-782.6988312641973,-936.6984727377187,0.0,0.0,452.86874484577095,0.0,260.5563287087225,0.0,-1.3956232873384633,-2.7912465746769266,0.0,0.0,490.80784432864004,0.0,0.0,16.74747944806156,843.7500000000321,-843.7500000000321,0.0,0.0,0.0,0.0,0.0,-301.819094139119,301.819094139119,301.819094139119,72.97530357850904,0.0,0.0,-608.1738140142329,0.0,0.0,177.31666051307184,0.0,0.0,-9.832631267062936,0.0,515.6250000002416,68.8350137012923,0.0,0.0,0.0,0.0,-37.41750685064615,0.11164986298711434,0.0,0.0,0.0,0.0,0.0,0.0,0.0,0.0,0.0,0.0,0.0,0.0,0.0,0.0,0.0,0.0,0.0,0.0,0.0,0.06140742464284843,0.06140742464284843,0.0,384.33946713453844,0.0,33.49495889612312,0.0,0.0,0.0,1000.0,0.0,0.0,0.0,0.0,0.0,262.7336136868005,-1000.0,0.0,0.0,386.98467219223807,0.0,0.0,68.8350137012923,0.0,0.0,0.0,0.0,0.0,0.0,0.0,248.08797374558654,-798.4683671864232,0.0,0.0,4.298519725002464,0.0,-79.36168191915262,79.36168191915262,0.0,0.0,262.7336136868005,0.0,-774.6838931638457,1000.0,0.0,0.0,301.819094139119,0.0,0.0,0.0,0.0,0.0,0.0,0.0,0.0,0.0,0.0,0.0,0.0,0.0,33.49495889612312,0.0,0.0,0.0,0.0,0.0,0.0,0.0,0.0,0.0,0.0,0.0,0.0,0.5582493149353854,0.0,0.0,0.0,0.0,0.0,0.0,0.0,0.0,16.74747944806156,-386.98467219223807,0.0,0.0,0.0,0.0,0.0,0.0,0.0,0.0,0.0,1000.0,-964.1732571182731,0.0,16.74747944806156,16.74747944806156,1000.0,-1000.0,0.0,68.8350137012923,0.0,0.0,0.0,0.0,0.0,582.3342959338427,177.31666051307184,1000.0,0.05582493149353853,0.0,0.0,-116.9924733736878,190.7172704011188,18.37897569873755,0.0,0.0,0.0,0.0,0.0,0.0,0.0,0.0,0.0,0.0,0.0,0.0,0.0,0.0,0.0,0.0,0.05582493149353853,0.0,0.0,0.0,-655.4192361253043,655.4192361253043,0.0,0.0,0.0,485.0740866907156,-484.74242375614887,1000.0,0.0,-113.33422352473357,-891.9137550433646,-4.18686986201539,-2.7912465746769266,0.0,0.0,0.0,0.0,0.0,0.0,0.0,0.0,0.0,0.0,0.0,0.0,0.0,0.0,0.0,0.0,493.59909090331695,0.0,0.0,0.0,-0.05582493149353853,0.0,0.0,0.05582493149353853,0.0,0.05582493149353853,0.0,349.7773892863683,0.0,33.49495889612312,68.10641642211702,68.10641642211702,0.0,0.0,0.0,0.0,0.0,0.0,0.0,0.0,0.0,177.31666051307184,0.0,0.0,0.0,35.521528088850225,0.0,0.0,0.0,0.0,0.0,0.0,0.0,0.0,0.0,0.0,0.0,0.0,0.0,79.36168191915262,0.0,0.0,0.0,0.08373739724030779,0.0,0.0,0.0,-16.74747944806156,0.0,0.0,0.0,0.0,0.0,-384.33946713453844,2.7912465746769266,0.0,0.0,0.0,0.0,0.0,0.0,0.0,0.0,515.6250000002416,0.0,0.0,0.0,0.0,0.0,0.0,0.0,386.98467219223807,25.30007466386668,82.52037299541945,0.0,53.8350137012923,8.859710122783246,0.0,886.6657764752664,113.33422352473357,-1000.0,302.3638908258484,652.6127099353358,0.0,2.7912465746769266,783.0308212572131,0.0,0.0,0.0,-9.832631267062936,0.0,0.0,0.0,0.0,0.0,-710.3833260640611,0.0,0.0,0.0,0.0,0.0,68.10641642211702,0.0,362.14431491129255,362.14431491129255,-362.14431491129255,0.0,0.0,0.0,0.0,0.0,1.7975627940927552,0.0,0.0,396.9000767205846,-73.72479702743101,0.0,0.0,16.74747944806156,0.0,0.0,0.0,0.0,-113.56227958234513,0.0,0.0,0.06140742464284843,0.0,0.0,0.0,34.05320821105851,0.0,0.0,0.0,0.0,-20.670027402584587,0.0,446.1382624566034,0.0,0.0,0.0,0.0,0.0,0.0,0.0,0.0,0.005582493149353853,0.005582493149353853,0.0,0.0,0.0,0.0,0.0,0.0,0.0,0.0,0.0,-116.9924733736878,0.0,0.0,0.0,0.0,0.0,384.33946713453844,0.0,0.0,0.0,0.0,0.0,0.0,0.0,1000.0,0.0,0.0,0.0,0.0,227.4176237629036,0.0,-69.31672447046321,0.0,0.0,0.0,33.49495889612312,0.0,0.0,0.0,0.0,0.0,67.72297675375457,-101.21793564987769,0.0,0.0,0.0,0.0,0.0,0.0,0.0,0.0,0.0,0.0,0.0,0.0,-1000.0,-1000.0,73.76160616192412,-16.74747944806156,0.0,0.0,891.6904553173896,0.0,0.0,0.0,0.0,0.0,0.0,0.0,0.0,0.0,0.0,0.0,0.0,0.0,0.0,0.0,0.0,0.0,-6.978116436692317,0.0,-4.18686986201539,31.33465822683483,0.0,0.0,0.0,0.0,0.0,-385.55660127974454,384.8587896360753,312.1965220929113,0.0,0.0,0.0,0.0,0.0,0.0,0.0,1000.0,16.74747944806156,16.74747944806156,0.0,0.0,0.0,0.0,0.0,0.06140742464284843,384.33946713453844,0.0,0.0,-891.6904553173896,0.0,0.0,0.0,0.0,0.0,0.0,0.0,0.0,0.0,0.0,0.0,0.0,0.0,0.0,0.0,0.0,0.0,0.0,0.0,58.61617806821547,4.298519725002464,0.0,0.0,0.0,0.0,0.0,384.33946713453844,0.0,-2.7912465746769266,0.0,0.0,0.0,-6.978116436692317,0.0,0.0,0.0,0.0,0.0,0.0,0.0,0.0,0.0,0.0,0.0,0.0,0.0,0.0,0.0,0.0,0.0,0.0,-0.05582493149353853,0.0,0.0,2.7912465746769266,-262.7336136868005,0.0,0.0,0.0,0.0,0.0,0.0,0.0,0.0,-30.715001487256597,1.3956232873384633,0.0,0.0,349.7773892863683,0.05582493149353853,0.0,55.82493149353853,-17.305728762996946,11.164986298707708,0.39874951066813236,155.75155886697252,-0.041868698620153896,2.7912465746769044,1.1164986298707706,-0.27912465746862836,-155.75155886697252,16.74747944806156,-0.05582493149353853,3.1730885253181,68.8350137012923,0.013956232873384633,0.39874951066813236,-9.5192655759543,-8.88732909377211,-1.1164986298707706,69.31672447046321,-0.05582493149353853,0.013956232873384633,-155.75155886697252,5.582493149353853,0.05582493149353853,0.05582493149353853,-384.2222347784021,0.06140742464289238,0.0,-0.041868698620153896,16.74747944806156,0.05582493149353853,16.74747944806156,-27.912465746769268,-0.027912465746769265,-35.41429480966709,-85.0,-0.041868698620153896,-0.05582493149353853,-17.305728762996946,0.05582493149353853,5.582493149353809,-1.1164986298707706,79.36168191915262,79.36168191915262,-5.582493149353853,-69.31672447046321,-79.36168191915262,11.164986298707706,0.08373739724030779,-1000.0,5.582493149353853,-248.08797374558654,68.8350137012923,-11.164986298707706,0.027912465746769265,0.5582493149353854,98.09314070950165,93.68535929412715,-0.05582493149353853,-396.9000767205846,384.2222347784021,17.305728762996946,0.05582493149353853,8.88732909377211,1.8450959090461083,68.8350137012923,-0.05582493149353853,-0.013956232873384633,-68.8350137012923,-0.05582493149353853,-483.55576930724953,0.05582493149353853,-0.013956232873384633,-0.013956232873384633,-0.013956232873384633,22.329972597415413,27.912465746769268,0.5582493149353854,41.359296120276454,-0.013956232873384633,193.01319289368521,2.7912465746769266,21.5,0.05582493149353853,0.027912465746769265,0.027912465746769265,40.0,17.305728762996946,0.05582493149353853,-17.305728762996946,0.5582493149353854,0.05582493149353853,-41.359296120276454,0.05582493149353853,0.2232997259750391,0.27912465746862836,0.027912465746769265,0.013956232873384633,16.74747944806156,-0.05582493149353853,0.0,0.5582493149353853,-82.71859224055291,1.395623287338486,-5.582493149353809,11.164986298707706,2.7912465746769266,-0.05582493149353853,9.5192655759543,0.08373739724030779,-0.05582493149353853,-80.0,17.305728762996946,190.49851303347734,0.027912465746769265,-43.0,-0.05582493149353853,-0.05582493149353853,-0.05582493149353853,0.027912465746769265,155.75155886697252,-11.164986298707706,0.05582493149353853,196.1862814190033,-0.013956232873384633,-0.06140742464289238,-196.1862814190033,8.373739724030779,85.0,534.7080132554977,155.75155886697252,-0.041868698620153896,396.9000767205846,-93.68535929412715,0.05582493149353853,-0.013956232873384631,2.7912465746769266,55.82493149353853,-0.027912465746769265,-0.05582493149353853,0.013956232873384633,0.0,0.0,188.33348892767768,0.0,-46.0,0.0,543.1401940724381,7.625979136776091,0.0,-32.0,-93.0,-65.0,-811.6385986065756,16.0,23.0,46.5,0.0,-3.8129895683880455,-384.33946713453844,-76.93623345113221,811.6385986065756,65.0,-76.93623345113221,-543.1401940724381,267.8563025070191,0.0,1496.5981,hclb
310,0.0,0.0,0.0,0.0,0.0,0.0,0.0,0.0,-0.060441859257198534,0.0,0.0,0.0,0.0,0.0,0.0,0.0,-259.06879410059514,36.27517640238051,0.0,0.0,0.0,0.0,0.0,0.0,0.0,0.0,0.0,0.0,0.0,-725.8816232895203,0.0,0.0,24.907305513682743,0.0,0.0,0.0,0.0,62.92335240822422,0.0,-1000.0,782.0161125752807,0.0,0.0,0.0,0.0,0.0,299.3087645367118,0.0,518.1375882011903,-405.21905158546514,0.0,0.0,0.0,0.06648604518308553,0.0,0.0,0.0,12.088371851439707,0.0,0.0,59.3388825563101,0.0,178.27546586400805,43.628961535635966,0.0,0.0,0.0,0.0,0.0,0.0,0.0,0.6044185925719854,0.0,0.0,0.0,0.0,0.0,0.0,0.0,0.0,0.0,0.0,0.0,0.0,36.265115554319124,0.0,0.0,0.0,448.70080196475396,-61.72024880192473,-0.015110464814299633,0.0,0.0,980.0720283444937,18.132557777159562,0.0,18.132557777159562,-1.9462278680810527,0.0,0.0,0.0,3.0220929628599267,-725.8816232895203,0.0,0.0,-4.756929396733,0.0,0.0,0.0,0.0,0.0,0.0,0.0,0.0,0.0,0.0,0.0,0.0,0.0,0.0,0.0,0.0,0.0,0.0,-624.928721720483,0.0,0.0,18.132557777159562,0.0,18.736976369731547,18.736976369731547,0.0,0.0,0.0,0.0,0.0,-193.98538688468219,0.0,0.0,0.0,0.0,0.0,0.0,0.0,0.0,4.654023162804284,0.060441859257198534,0.0,0.0,0.0,0.0,-556.9657979151547,0.0,0.0,244.1300198340342,0.0,293.34635829188494,0.0,0.0,0.0,0.0,0.0,40.30705879407559,40.30705879407559,0.0,0.0,0.0,234.37500000000009,459.73515677022374,0.0,0.0,40.36750065333278,0.0,0.0,0.0,-900.6784197937972,0.0,0.0,0.0,0.0,0.0,0.0,0.0,0.0,0.0,0.0,-380.3543242869822,0.0,0.0,0.0,0.0,-517.3491204605285,0.0,0.0,0.0,0.0,0.0,405.21905158546514,0.0,481.8624117988097,-481.8624117988097,193.98538688468219,0.0,0.0,0.0,0.0,0.0,0.0,0.0,-341.9519614603214,0.0,0.0,0.0,0.0,0.0,0.0,0.0,0.0,0.0,0.0,0.0,0.0,0.0,237.23146871984267,538.1425416180341,466.8128291889252,0.0,0.0,0.0,0.0,-42.92477692791272,0.0,0.0,0.0,0.0,59.3388825563101,466.8128291889252,0.0,0.0,272.38728292849265,0.0,0.0,0.0,0.0,0.0,0.0,0.0,0.0,0.0,-320.87970569140566,-354.0413155254615,1000.0,0.0,-466.8128291889252,0.0,0.0,193.98538688468219,-6.165069644234251,0.0,0.0,0.0,131.8561981157004,0.0,0.0,-938.4807755905285,0.0,0.0,-938.4807755905285,0.0,0.0,930.5632137635637,0.0,0.0,405.21905158546514,0.0,55.046130110277545,0.0,0.0,0.0,281.49798126461894,0.0,-281.49798126461894,0.0,1000.0,0.0,0.0,-715.9851524745548,234.37500000000009,0.0,0.0,59.3388825563101,-0.09066278888579779,0.0,0.0,0.0,0.0,0.060441859257198534,0.0,0.0,0.0,348.1559527265995,-259.06879410059514,0.0,-747.9369820392941,715.3971698983114,0.0,732.2370422038799,0.0,98.15358360413961,0.0,-4.756929396733,0.0,0.0,0.0,-5.20404408204496,-1000.0,907.0504604779053,-1000.0,-1000.0,0.0,0.0,0.0,0.0,0.0,0.0,0.0,0.0,0.0,0.0,0.0,0.0,0.0,0.0,0.0,0.0,272.38728292849265,-936.8348801547464,0.0,-1000.0,0.0,0.0,0.0,0.0,256.7658814360143,0.0,-4.654023162804284,0.0,0.0,0.0,361.874309007705,0.0,0.0,431.74736482962334,-3.0220929628599267,0.0,1000.0,-492.19830263521305,-1000.0,-350.30973297542806,-1000.0,-431.74736482962334,0.0,1000.0,-1.5110464814299633,996.9779070371401,0.0,0.0,-213.40976275065879,162.79908634194604,-213.84821953588465,18.132557777159562,0.0,0.0,0.0,0.0,0.0,0.0,0.0,-237.23146871984267,237.23146871984267,237.23146871984267,85.6685575452933,0.0,0.0,-660.4446185284698,0.0,0.0,0.0,0.0,0.0,-75.30762177206205,0.0,0.0,67.9116281485603,0.0,0.0,0.0,0.0,-36.95581407428015,0.12088371851443742,0.0,0.0,0.0,0.0,0.0,0.0,0.0,0.0,0.0,0.0,0.0,0.0,0.0,0.0,0.0,0.0,0.0,0.0,0.0,0.06648604518308553,0.06648604518308553,0.0,321.14309686840295,0.0,36.265115554319124,0.0,0.0,0.0,1000.0,0.0,0.0,0.0,0.0,0.0,554.1634104806975,-1000.0,0.0,0.0,0.0,0.0,0.0,67.9116281485603,0.0,0.0,0.0,0.0,0.0,0.0,0.0,208.3095739068277,-348.1559527265995,556.9657979151547,0.0,4.654023162804284,0.0,980.0720283444937,0.0,-151.06060995676947,0.0,554.1634104806975,0.0,517.2075964064173,0.0,0.0,0.0,237.23146871984267,0.0,0.0,0.0,0.0,0.0,0.0,0.0,0.0,0.0,0.0,0.0,0.0,0.0,36.265115554319124,193.98538688468219,193.98538688468219,0.0,0.0,0.0,0.0,0.0,0.0,0.0,0.0,0.0,0.0,0.6044185925719854,0.0,0.0,0.0,0.0,0.0,0.0,0.0,0.0,18.132557777159562,0.0,0.0,0.0,0.0,0.0,0.0,0.0,0.0,0.0,0.0,0.0,-92.68177469447284,0.0,18.132557777159562,18.132557777159562,944.2741551168865,-1000.0,0.0,67.9116281485603,0.0,0.0,0.0,0.0,0.0,725.8816232895203,0.0,1000.0,0.060441859257198534,0.0,0.0,-331.93115474378607,336.80535896531296,0.0,0.0,-980.0720283444937,0.0,0.0,0.0,0.0,0.0,0.0,0.0,0.0,0.0,0.0,0.0,0.0,0.0,0.0,0.060441859257198534,0.0,0.0,0.0,0.0,0.0,0.0,0.0,0.0,0.0,-4.654023162804284,0.0,-244.1300198340342,0.0,-63.16511984525357,-4.5331394442898905,0.0,-3.0220929628599293,0.0,0.0,0.0,0.0,0.0,0.0,0.0,0.0,0.0,0.0,0.0,193.98538688468219,0.0,0.0,0.0,-424.2358893236835,0.0,0.0,0.0,-0.060441859257198534,0.0,0.0,0.060441859257198534,0.0,0.060441859257198534,0.0,0.0,0.0,36.265115554319124,73.73906829378222,73.73906829378222,0.0,0.0,0.0,0.0,0.0,0.0,0.0,556.9657979151547,0.0,0.0,0.0,0.0,0.0,0.0,0.0,0.0,0.0,0.0,0.0,0.0,0.0,0.0,0.0,0.0,0.0,0.0,0.0,151.06060995676947,0.0,0.0,0.0,0.09066278888579779,0.0,0.0,0.0,-18.132557777159562,0.0,0.0,0.0,0.0,0.0,-321.14309686840295,3.0220929628599267,0.0,0.0,0.0,-234.37500000000009,-459.73515677022374,0.0,-3.0220929628599293,0.0,0.0,0.0,0.0,0.0,0.0,0.0,193.98538688468219,0.0,0.0,18.154630382000196,83.9116281485603,0.0,609.877426063715,-4.756929396733,0.0,0.0,0.0,0.0,244.1300198340342,-79.90413793801648,0.0,3.0220929628599293,1000.0,0.0,0.0,0.0,-75.30762177206205,-390.6250000000226,390.6250000000226,0.0,0.0,0.0,0.0,0.0,0.0,0.0,706.030560599675,-334.7425152012726,73.73906829378222,0.0,0.0,0.0,0.0,0.0,0.0,0.0,0.0,0.0,0.0,0.0,0.0,0.0,-4.874204221526952,0.0,0.0,18.132557777159562,0.0,0.0,0.0,0.0,143.93029614747334,0.0,0.0,0.06648604518308553,0.0,0.0,0.0,36.86953414689111,0.0,0.0,0.0,0.0,538.1425416180341,0.0,0.0,0.0,0.0,0.0,0.0,0.0,0.0,0.0,0.0,0.006044185925720026,0.006044185925720026,0.0,0.0,0.0,0.0,0.0,0.0,0.0,0.0,0.0,-331.93115474378607,0.0,0.0,0.0,0.0,0.0,321.14309686840295,0.0,0.0,0.0,0.0,0.0,0.0,0.0,405.21905158546514,0.0,0.0,0.0,0.0,0.0,0.0,36.27517640238051,0.0,0.0,0.0,36.265115554319124,0.0,0.0,0.0,0.0,0.0,0.0,-36.265115554319124,0.0,0.0,0.0,0.0,0.0,0.0,0.0,0.0,0.0,0.0,0.0,0.0,-1000.0,-1000.0,41.402673591181006,0.0,-18.132557777159562,0.0,62.92335240822422,0.0,0.0,0.0,0.0,0.0,0.0,0.0,0.0,0.0,0.0,0.0,0.0,0.0,0.0,0.0,0.0,0.0,-7.55523240714982,193.98538688468219,-4.5331394442898905,330.2093757569827,0.0,0.0,0.0,0.0,0.0,-0.7555232407149818,0.0,319.43764160609624,0.0,0.0,0.0,0.0,0.0,0.0,0.0,1000.0,18.132557777159562,18.132557777159562,0.0,0.0,0.0,0.0,0.0,0.06648604518308553,321.14309686840295,0.0,0.0,-62.92335240822422,0.0,0.0,0.0,0.0,0.0,0.0,0.0,0.0,0.0,0.0,0.0,0.0,0.0,0.0,0.0,0.0,0.0,18.736976369731547,0.0,63.46395222005847,4.654023162804284,0.0,0.0,0.0,0.0,0.0,321.14309686840295,0.0,-1.9462278680810527,0.0,0.0,0.0,-7.55523240714982,0.0,0.0,0.0,0.0,0.0,0.0,0.0,0.0,0.0,0.0,0.0,0.0,0.0,0.0,0.0,0.0,0.0,0.0,-0.060441859257198534,0.0,0.0,3.0220929628599267,-554.1634104806975,0.0,0.0,0.0,0.0,193.98538688468219,0.0,0.0,0.0,5.20404408204496,1.5110464814299633,0.0,0.0,0.0,0.060441859257198534,0.0,60.44185925719853,0.0,12.088371851439708,0.4317275661228467,206.106740067047,-0.045331394442898895,3.0220929628599267,1.2088371851439708,-0.3022092962865511,-206.106740067047,18.132557777159562,-0.060441859257198534,1.5856431322443332,67.9116281485603,0.015110464814299633,0.4317275661228467,-4.756929396733,-9.622343993745266,-1.2088371851439708,222.79361769821463,-0.060441859257198534,0.015110464814299633,-206.106740067047,6.044185925719853,0.060441859257198534,0.060441859257198534,-321.0161689639627,0.06648604518291856,-52.3492607944969,-0.045331394442898895,18.132557777159562,0.060441859257198534,18.132557777159562,-30.22092962859927,-0.030220929628599267,-231.48323870392204,36.82014914293566,-0.045331394442898895,-0.060441859257198534,0.0,0.060441859257198534,6.044185925719853,-1.2088371851439708,151.06060995676947,151.06060995676947,-6.044185925719853,-222.79361769821463,-151.06060995676947,12.088371851439707,0.09066278888579779,-1000.0,6.044185925719853,-208.3095739068277,67.9116281485603,-12.088371851439707,0.030220929628599267,0.6044185925719854,186.98424550982352,96.0,-0.060441859257198534,-334.7425152012726,321.0161689639627,18.736976369731547,0.060441859257198534,9.622343993745266,-4.61860296007786,67.9116281485603,-0.060441859257198534,-0.015110464814299633,-67.9116281485603,-0.060441859257198534,-36.95581407428015,0.06044185925719907,-0.015110464814299633,-0.015110464814299633,-0.015110464814299633,24.176743702879413,30.22092962859927,0.6044185925719854,44.779862477175556,-0.015110464814299633,372.3828478874027,3.0220929628599267,21.5,0.060441859257198534,0.030220929628599267,0.030220929628599267,40.0,0.0,0.060441859257198534,0.0,0.6044185925719854,0.060441859257198534,-44.779862477175556,0.060441859257198534,0.24176743702937656,0.3022092962865511,0.030220929628599267,0.015110464814299633,18.132557777159562,-0.060441859257198534,52.3492607944969,0.6044185925719854,-89.55972495435111,1.5110464814299638,-6.044185925719853,12.088371851439707,3.0220929628599267,-0.060441859257198534,4.756929396733,0.09066278888579779,-0.060441859257198534,-80.0,0.0,-62.1575786998808,0.030220929628599267,-43.0,-0.060441859257198534,-0.06044185925719907,-0.060441859257198534,0.030220929628599267,206.106740067047,-12.088371851439707,0.060441859257198534,373.96849101964705,-0.015110464814299633,-0.06648604518291856,-373.96849101964705,9.06627888857978,-36.82014914293566,684.6642823484212,206.106740067047,-0.045331394442898895,334.7425152012726,-96.0,0.060441859257198534,-0.015110464814299635,364.8964019705649,60.44185925719853,-0.030220929628599267,-0.060441859257198534,0.015110464814299633,0.0,0.0,131.12681410873248,0.0,-46.0,0.0,-44.97016486038498,-31.0,0.0,-32.0,-93.0,-65.0,-868.8429649616389,16.0,23.0,46.5,0.0,15.5,-321.14309686840295,-81.77271744759254,868.8429649616389,65.0,-81.77271744759254,44.97016486038498,-23.19787391301349,0.0,1496.5981,hclb
311,0.0,0.0,0.0,0.0,0.0,0.0,0.0,0.0,-0.049339766808542074,0.0,0.0,0.0,0.0,0.0,0.0,0.0,0.07400965021281312,73.27609152715581,0.0,-12.934776151056802,0.0,0.0,0.0,826.6740060291486,0.0,0.0,0.0,0.0,0.0,9.671281474297656,24.49144934602224,-24.49144934602224,12.015513393531762,0.0,0.0,0.0,0.0,168.67779997984326,0.0,-1000.0,1000.0,0.0,0.0,1000.0,0.0,0.0,0.0,0.0,-124.22209156919607,-1000.0,0.0,0.0,0.0,0.05427374348944508,0.0,0.0,0.0,0.0,0.0,0.0,-12.50900524561217,0.0,41.773279692652096,29.264274447039924,0.0,0.0,0.0,0.0,0.0,29.60386008512525,0.0,0.4933976680854208,0.0,0.0,0.0,0.0,0.0,0.0,0.0,0.0,0.0,0.0,0.0,0.0,29.60386008512525,0.0,0.0,0.0,-12.936416465233744,1000.0,-0.01233494170213552,0.0,0.0,0.0,14.801930042562624,0.0,14.801930042562624,0.0,0.0,0.0,0.0,2.466988340427104,-990.3287185257024,0.0,0.0,-17.894077759999405,0.0,0.0,0.0,0.0,0.0,0.0,0.0,0.0,0.0,0.0,0.0,0.0,0.0,0.0,0.0,0.0,0.0,0.0,-389.72554779613824,0.0,0.0,14.801930042562624,0.0,15.295327710648044,0.0,0.0,-959.2766958362477,0.0,959.2766958362477,-959.2766958362477,-1000.0,0.0,0.0,1000.0,0.0,0.0,0.0,0.0,0.0,3.7991620442577374,0.049339766808542074,0.0,0.0,0.0,0.0,0.0,0.0,0.0,0.0,0.0,292.12034444851207,0.0,0.0,0.0,0.0,0.0,756.7617936725202,756.7617936725202,0.0,0.0,0.0,0.0,0.0,0.0,0.0,781.302582785351,0.0,0.0,0.0,-16.593347385007064,0.0,0.0,0.0,0.0,0.0,0.0,0.0,0.0,0.0,0.0,-169.1550213582368,0.0,0.0,0.0,0.0,-775.4546194855161,0.0,0.0,0.0,0.0,0.0,1000.0,0.0,-12.936416465233744,12.936416465233744,0.0,0.0,0.0,0.0,0.0,0.0,0.0,1000.0,-951.0354242127762,0.0,0.0,0.0,0.0,0.0,0.0,0.0,0.0,0.0,0.0,0.0,0.0,0.0,642.1843430008437,-8.970712083904424,114.47680044468561,0.0,0.0,0.0,0.0,80.01668355233726,0.0,0.0,0.0,0.0,-12.50900524561217,-885.5231995553144,24.49144934602224,0.0,0.0,0.0,0.0,0.0,0.0,0.0,26.080189837255435,9.867953361708416,0.0,0.0,1000.0,1000.0,-137.15850803442981,0.0,-114.47680044468561,0.0,0.0,0.0,60.19451550642133,0.0,0.0,0.0,-9.054534389190849,0.0,0.0,-525.4610671410569,474.5389328589429,474.5389328589429,-1000.0,0.0,0.0,-25.87283293046744,0.0,171.62699048006132,1000.0,0.0,57.641265843495134,0.0,0.0,0.0,-635.3033737532539,0.0,635.3033737532539,0.0,1000.0,0.0,0.0,-888.9128184204383,0.0,0.0,0.0,-12.50900524561217,-0.07400965021281312,0.0,0.0,0.0,0.0,0.049339766808542074,0.0,0.0,0.0,654.5558160533608,0.07400965021281312,0.0,-800.3532824253539,178.2408779080656,0.0,1000.0,0.0,479.3530006268652,0.0,-17.894077759999405,0.0,0.0,0.0,-4.248153922215521,-764.0357346385823,288.9308879339324,-1000.0,-1000.0,0.0,0.0,0.0,0.0,0.0,0.0,0.0,0.0,0.0,0.0,0.0,0.0,0.0,0.0,0.0,0.0,0.0,-831.1248409529233,0.0,-1000.0,0.0,0.0,0.0,0.0,0.0,0.0,-5.387902535490934,0.0,0.0,0.0,0.0,0.0,0.0,752.9342871066603,0.0,0.0,764.0357346385823,438.2115521575915,-2.466988340427104,0.0,-355.36688394163434,-752.9342871066603,-2.466988340427104,-1000.0,-1.233494170213552,0.0,0.0,0.0,997.5330116595729,-1000.0,0.0,14.801930042562624,0.0,0.0,0.0,0.0,0.0,0.0,0.0,-642.1843430008437,642.1843430008437,642.1843430008437,101.02612439829099,0.0,0.0,-218.7960967482661,0.0,0.0,1000.0,0.0,0.0,-25.01801049122434,0.0,0.0,14.801930042562624,0.0,0.0,0.0,0.0,-23.772642126467048,0.09867953361634818,0.0,0.0,0.0,0.0,0.0,0.0,0.0,0.0,0.0,29.60386008512525,0.0,0.0,0.0,0.0,0.0,0.0,0.0,0.0,0.0,0.05427374348944508,0.05427374348944508,24.49144934602224,728.3163896391353,0.0,29.60386008512525,0.0,0.0,0.0,1000.0,0.0,0.0,0.0,0.0,0.0,329.0180601257814,-1000.0,0.0,0.0,0.0,0.0,0.0,14.801930042562624,0.0,0.0,0.0,0.0,0.0,0.0,0.0,129.90851593204607,-654.5558160533608,0.0,0.0,3.7991620442577374,0.0,0.0,0.0,-80.01668355233726,0.0,329.0180601257814,0.0,0.0,305.2454179993143,0.0,0.0,642.1843430008437,0.0,0.0,0.0,0.0,0.0,0.0,0.0,0.0,0.0,0.0,0.0,0.0,0.0,29.60386008512525,0.0,0.0,0.0,0.0,0.0,0.0,0.0,0.0,0.0,0.0,0.0,0.0,0.4933976680854208,0.0,24.49144934602224,0.0,0.0,24.49144934602224,0.0,0.0,0.0,14.801930042562624,0.0,0.0,0.0,0.0,0.0,0.0,0.0,0.0,0.0,0.0,1000.0,0.0,0.0,14.801930042562624,14.801930042562624,1000.0,-1000.0,0.0,14.801930042562624,0.0,0.0,0.0,0.0,0.0,990.3287185257024,1000.0,1000.0,0.049339766808542074,0.0,0.0,-297.8918664806546,363.0520770894499,0.0,0.0,0.0,0.0,0.0,0.0,0.0,0.0,0.0,0.0,0.0,0.0,0.0,0.0,0.0,0.0,0.0,0.049339766808542074,0.0,0.0,0.0,0.0,0.0,0.0,0.0,0.0,0.0,0.0,1000.0,0.0,-318.96731770161074,-855.2957438809569,-3.700482510640656,-2.466988340427104,0.0,0.0,0.0,0.0,0.0,0.0,0.0,0.0,0.0,0.0,0.0,0.0,0.0,0.0,0.0,0.0,1000.0,0.0,0.0,0.0,-0.049339766808542074,0.0,0.0,0.049339766808542074,0.0,0.049339766808542074,0.0,0.0,0.0,29.60386008512525,60.19451550642133,60.19451550642133,0.0,0.0,0.0,0.0,0.0,0.0,0.0,0.0,0.0,1000.0,0.0,0.0,0.0,0.0,0.0,0.0,0.0,0.0,0.0,0.0,0.0,0.0,0.0,0.0,0.0,0.0,0.0,80.01668355233726,0.0,0.0,0.0,0.07400965021281312,0.0,0.0,0.0,-14.801930042562624,0.0,0.0,0.0,0.0,0.0,-728.3163896391353,2.466988340427104,0.0,0.0,0.0,0.0,0.0,0.0,0.0,0.0,0.0,0.0,0.0,0.0,0.0,0.0,0.0,0.0,0.0,0.0,86.13204663829158,0.0,55.132046638291584,-17.894077759999405,686.4205848338802,-5.387902535490934,318.96731770161074,-1000.0,0.0,0.0,0.0,2.466988340427104,808.2360623219192,0.0,0.0,-24.49144934602224,-25.01801049122434,515.6250000000057,-515.6250000000057,0.0,0.0,0.0,0.0,0.0,0.0,0.0,901.1718935080128,-739.4178371710572,60.19451550642133,0.0,393.450266684898,393.450266684898,-368.9588173388758,0.0,0.0,0.0,0.0,0.0,26.080189837255435,0.0,0.0,0.0,-94.76407069392053,-918.3738780269504,0.0,14.801930042562624,0.0,0.0,0.0,0.0,184.1377043032927,0.0,0.0,0.05427374348944508,0.0,0.0,0.0,30.097257753210666,0.0,0.0,0.0,0.0,-8.970712083904424,0.0,0.0,0.0,0.0,0.0,0.0,0.0,0.0,0.0,0.0,0.004933976680854208,0.004933976680854208,0.0,0.0,0.0,0.0,0.0,0.0,0.0,0.0,0.0,-297.8918664806546,24.49144934602224,0.0,0.0,0.0,0.0,728.3163896391353,0.0,0.0,0.0,0.0,0.0,0.0,0.0,1000.0,0.0,0.0,0.0,0.0,34.61814206023408,0.0,73.27609152715581,0.0,0.0,0.0,29.60386008512525,0.0,0.0,0.0,0.0,0.0,320.8885440718774,-350.4924041570026,0.0,0.0,0.0,0.0,0.0,0.0,0.0,0.0,0.0,24.49144934602224,24.49144934602224,0.0,-1000.0,-1000.0,33.797740263851324,0.0,-14.801930042562624,0.0,168.67779997984326,0.0,0.0,0.0,0.0,0.0,0.0,0.0,0.0,0.0,0.0,0.0,0.0,0.0,0.0,0.0,0.0,0.0,-6.16747085106776,0.0,-3.700482510640656,735.7173546604166,0.0,0.0,0.0,0.0,0.0,0.0,-0.616747085106776,25.01801049122434,0.0,0.0,0.0,0.0,0.0,0.0,0.0,1000.0,14.801930042562624,14.801930042562624,0.0,0.0,0.0,0.0,0.0,0.05427374348944508,728.3163896391353,0.0,0.0,-168.67779997984326,0.0,0.0,0.0,0.0,0.0,0.0,0.0,0.0,0.0,0.0,0.0,0.0,0.0,0.0,0.0,0.0,0.0,0.0,0.0,51.80675514896919,3.7991620442577374,0.0,0.0,0.0,0.0,0.0,728.3163896391353,0.0,-2.466988340427104,0.0,0.0,0.0,-6.16747085106776,0.0,0.0,0.0,0.0,0.0,0.0,0.0,0.0,0.0,0.0,0.0,0.0,0.0,0.0,0.0,0.0,0.0,0.0,-0.049339766808542074,0.0,0.0,2.466988340427104,-329.0180601257814,0.0,0.0,0.0,0.0,0.0,0.0,0.0,0.0,4.248153922215521,1.233494170213552,0.0,0.0,0.0,0.049339766808542074,0.0,49.33976680854207,-15.295327710648042,9.867953361708416,0.35242690577530056,137.6579493958324,-0.037004825106406555,2.466988340427104,0.9867953361708417,-0.24669883404203574,-137.6579493958324,14.801930042562624,-0.04933976680854208,5.964692586666469,14.801930042562624,0.012334941702135518,0.35242690577530056,-17.894077759999405,-7.854890875918038,23.50465400985135,-60.41532502631183,-0.04933976680854208,0.01233494170213552,-137.6579493958324,78.6733962230823,0.04933976680854208,0.049339766808542074,-728.2127761288373,0.05427374348939629,0.0,-0.037004825106406555,14.801930042562624,0.04933976680854208,14.801930042562624,-24.66988340427104,-0.02466988340427104,-256.33218892851323,-85.0,-0.03700482510640656,-0.04933976680854208,-15.295327710648042,0.049339766808542074,4.933976680854208,-0.9867953361708417,80.01668355233726,80.01668355233726,-4.933976680854215,60.41532502631183,-80.01668355233726,9.867953361708416,0.07400965021281312,-549.4259887696641,4.933976680854208,-129.90851593204607,14.801930042562624,-9.867953361708416,0.02466988340427104,0.4933976680854208,200.08832060633847,96.0,-0.049339766808542074,-739.4178371710572,728.2127761288373,15.295327710648044,0.04933976680854208,7.854890875918038,-118.14520966991563,14.801930042562624,-0.049339766808542074,-0.012334941702135518,-14.801930042562624,-0.04933976680854208,-23.772642126467048,0.04933976680865577,-0.01233494170213552,-0.01233494170213552,-0.01233494170213552,19.735906723416832,24.66988340427104,0.4933976680854208,36.554599734275925,-0.01233494170213552,394.2119486260105,2.466988340427104,14.353309403660628,0.049339766808542074,0.02466988340427104,0.02466988340427104,12.33494170213552,15.295327710648042,0.049339766808542074,-15.295327710648042,0.4933976680854208,0.04933976680854208,-36.554599734275925,0.04933976680854208,0.19735906723349217,0.24669883404203574,0.02466988340427104,0.01233494170213552,14.801930042562624,-0.04933976680854208,0.0,-11.752327004925675,-73.10919946855185,1.233494170213552,-4.933976680854208,9.867953361708416,2.466988340427104,-0.04933976680854208,17.894077759999405,0.07400965021281311,-0.04933976680854208,-24.66988340427104,15.295327710648042,-175.46459685739086,0.02466988340427104,-28.706618807321256,-0.04933976680854208,-0.04933976680865577,-0.04933976680854208,0.02466988340427104,137.6579493958324,-9.867953361708416,0.049339766808542074,400.17664121267694,-0.01233494170213552,-0.05427374348939629,-400.17664121267694,7.40096502128131,85.0,-119.92001529073882,137.6579493958324,-0.03700482510640656,739.4178371710572,-96.0,0.04933976680854208,-0.012334941702135522,2.466988340427104,49.33976680854207,-0.02466988340427104,-0.04933976680854208,0.01233494170213552,1000.0,0.0,-424.7258481832728,0.0,-46.0,0.0,738.6092350087482,-31.0,73.73941954222809,-32.0,-93.0,-65.0,-974.1271670695326,16.0,23.0,46.5,-73.73941954222809,15.5,-728.3163896391353,-8.67310744590184,974.1271670695326,65.0,-8.67310744590184,-738.6092350087482,425.9102339989049,0.0,1496.5981,hclb
312,0.0,0.0,0.0,0.0,0.0,0.0,0.0,0.0,-0.0693110392940598,0.0,0.0,0.0,0.0,0.0,0.0,0.0,282.37411821870177,1000.0,0.0,-994.4530333888927,0.0,0.0,0.0,0.0,0.0,0.0,0.0,0.0,0.0,-380.90976823994134,0.0,0.0,150.40262973419422,0.0,0.0,0.0,0.0,81.33312468008153,0.0,-1000.0,1000.0,0.0,-371.76870109899465,653.246963625339,0.0,0.0,0.0,0.0,-425.4454559295277,-476.0146882528157,0.0,500.0688249594024,0.0,0.07624214322356693,0.0,0.0,0.0,13.86220785881196,0.0,0.0,-6.103992193830004,0.0,0.0,-6.103992193830004,0.0,0.0,0.0,0.0,1000.0,-1000.0,0.0,0.6931103929405981,0.0,0.0,0.0,0.0,0.0,0.0,0.0,0.0,0.0,0.0,0.0,0.0,41.58662357643584,0.0,0.0,402.86159603899614,-336.9763901612395,-118.27433511914344,152.64996425779486,0.0,0.0,18.78571393744052,20.79331178821794,0.0,20.79331178821794,0.0,0.0,0.0,0.0,3.46555196470299,-847.133010399597,0.0,0.0,-7.296138532246639,0.0,0.0,0.0,0.0,0.0,0.0,0.0,0.0,0.0,0.0,0.0,0.0,0.0,0.0,0.0,0.0,0.0,0.0,-497.32348549589324,0.0,0.0,20.79331178821794,0.0,21.486422181158538,21.486422181158538,0.0,0.0,870.0338874853835,-870.0338874853835,870.0338874853835,-127.85752420082042,640.41373704607,-640.41373704607,127.85752420082042,0.0,0.0,0.0,0.0,0.0,5.336950025642523,0.0693110392940598,152.66729201761837,0.0,0.0,0.0,-260.82910838786916,0.0,0.0,0.0,0.0,344.6761301240961,0.0,0.0,0.0,0.0,0.0,555.7562288190516,555.7562288190516,0.0,0.0,0.0,0.0,0.0,0.0,0.0,555.8255398583456,0.0,0.0,0.0,-152.83119572035008,0.0,0.0,0.0,0.0,0.0,0.0,0.0,0.0,0.0,0.0,-93.47179802844752,0.0,0.0,0.0,0.0,-1000.0,0.0,0.0,0.0,0.0,0.0,476.0146882528157,-128.3001238604077,455.250725280383,-455.250725280383,0.0,0.0,0.0,0.0,0.0,0.0,0.0,466.2232421596556,-696.6969793827003,0.0,0.0,0.0,0.0,0.0,0.0,0.0,0.0,0.0,0.0,0.0,0.0,0.0,365.113768459736,276.29816516235996,652.281229811175,0.0,0.0,0.0,0.0,77.99958503129996,0.0,0.0,0.0,0.0,-6.103992193830004,-0.9657338141640954,0.0,0.0,452.4766106684043,0.0,0.0,0.0,0.0,0.0,530.5682422916029,0.0,0.0,0.0,163.99581654061723,-1000.0,304.36674152944374,0.0,-652.281229811175,0.0,0.0,0.0,-7.0697260079941,0.0,0.0,0.0,-2.089674530272873,0.0,0.0,-831.274960613977,-831.274960613977,0.0,0.0,0.0,831.274960613977,118.27433511914344,0.0,983.4503767414244,476.0146882528157,0.0,158.35105896144398,0.0,0.0,0.0,-51.53166788583064,0.0,51.53166788583064,0.0,1000.0,0.0,0.0,-516.5487045862478,0.0,0.0,0.0,-6.103992193830004,-0.10396655894108969,0.0,0.0,0.0,0.0,0.0693110392940598,0.0,0.0,0.0,370.6388608888792,282.37411821870177,0.0,-836.1949246036687,288.2387700695462,0.0,954.6555196470299,0.0,99.29499489267022,0.0,-7.296138532246639,0.0,0.0,0.0,-5.967680483218649,0.0,-93.32731440945157,-1000.0,-1000.0,0.0,0.0,0.0,0.0,0.0,0.0,0.0,0.0,0.0,0.0,0.0,0.0,0.0,0.0,0.0,0.0,452.4766106684043,-918.3896311627425,0.0,-1000.0,0.0,0.0,528.3364268263342,239.7908807809629,0.0,0.0,-535.9051923172455,0.0,0.0,0.0,0.0,0.0,-1000.0,0.0,0.0,-212.94309666730632,0.0,279.3451426151353,-3.46555196470299,0.0,0.0,0.0,-123.36099235518445,344.96796893424823,211.21032068495484,0.0,0.0,0.0,0.0,0.0,421.17106661851676,20.79331178821794,0.0,0.0,0.0,0.0,0.0,0.0,0.0,-365.113768459736,365.113768459736,365.113768459736,-41.796611561404994,0.0,0.0,-444.3130822202425,0.0,0.0,466.2232421596556,0.0,0.0,-12.207984387660009,0.0,0.0,66.13779214118804,0.0,0.0,0.0,0.0,-5.324255013727111,0.13862207858801412,0.0,0.0,0.0,0.0,0.0,0.0,0.0,0.0,0.0,0.0,0.0,0.0,0.0,0.0,0.0,0.0,0.0,0.0,0.0,0.07624214322356693,0.07624214322356693,0.0,447.251560600924,0.0,41.58662357643584,0.0,0.0,0.0,1000.0,0.0,0.0,0.0,0.0,0.0,356.8055297752929,-1000.0,0.0,0.0,0.0,0.0,0.0,66.13779214118804,0.0,0.0,0.0,0.0,0.0,0.0,0.0,165.77449516529774,-370.6388608888792,260.82910838786916,0.0,5.336950025642523,0.0,940.7861289061406,-922.0004149687,-1000.0,0.0,356.8055297752929,0.0,0.0,351.48127476156577,0.0,0.0,365.113768459736,0.0,0.0,0.0,0.0,0.0,0.0,0.0,0.0,0.0,0.0,0.0,0.0,0.0,41.58662357643588,0.0,0.0,0.0,0.0,0.0,0.0,0.0,0.0,0.0,0.0,0.0,0.0,0.6931103929405981,0.0,0.0,0.0,0.0,0.0,-128.3001238604077,0.0,0.0,20.79331178821794,0.0,0.0,0.0,0.0,0.0,0.0,0.0,0.0,0.0,0.0,0.0,-686.8467973334325,0.0,20.79331178821794,20.79331178821794,1000.0,-1000.0,0.0,66.13779214118804,0.0,0.0,0.0,0.0,0.0,847.133010399597,466.2232421596556,859.8805190142057,0.0693110392940598,0.0,0.0,0.0,5.589440240213822,128.23054223483967,0.0,-18.785713937440505,0.0,0.0,0.0,0.0,0.0,0.0,0.0,0.0,0.0,0.0,0.0,0.0,0.0,0.0,0.0693110392940598,0.0,0.0,0.0,1000.0,-1000.0,0.0,0.0,0.0,0.0,0.0,910.8208656718313,0.0,0.0,-1000.0,-5.198327947054485,-3.46555196470299,0.0,0.0,0.0,0.0,0.0,0.0,0.0,0.0,0.0,0.0,0.0,0.0,0.0,0.0,0.0,0.0,424.63661858321973,0.0,0.0,0.0,-0.0693110392940598,0.0,0.0,0.0693110392940598,0.0,0.0693110392940598,0.0,0.0,0.0,41.58662357643584,84.559467938753,84.559467938753,0.0,0.0,0.0,0.0,0.0,0.0,0.0,260.82910838786916,0.0,466.2232421596556,0.0,0.0,0.0,0.0,0.0,0.0,0.0,0.0,0.0,0.0,0.0,0.0,0.0,0.0,0.0,0.0,0.0,77.99958503129996,0.0,0.0,0.0,0.10396655894108969,0.0,0.0,0.0,-20.79331178821794,0.0,0.0,0.0,0.0,0.0,-447.251560600924,3.46555196470299,0.0,0.0,0.0,0.0,0.0,-382.48443884549704,0.0,0.0,0.0,0.0,0.0,0.0,0.0,0.0,0.0,0.0,0.0,-0.01831951352855299,82.13779214118804,0.0,311.96690052905717,120.93440370259304,918.3896311627425,-918.3896311627425,0.0,0.0,0.0,-91.62919394674711,0.0,3.46555196470299,1000.0,0.0,0.0,0.0,-12.207984387660009,0.0,0.0,555.4552527048863,-555.4552527048863,0.0,0.0,0.0,0.0,0.0,545.921686576426,-462.8465444420873,84.559467938753,0.0,476.50567751485863,476.50567751485863,-476.50567751485863,0.0,0.0,0.0,0.0,0.0,530.5682422916029,0.0,0.0,0.0,-5.589440240213822,0.0,-371.76870109899465,20.79331178821794,0.0,0.0,0.0,0.0,207.54550223083993,0.0,0.0,0.07624214322356693,0.0,0.0,0.0,42.27973396937648,0.0,0.0,0.0,0.0,276.29816516235996,0.0,0.0,0.0,0.0,0.0,0.0,0.0,0.0,698.6902707100159,0.0,0.00693110392940598,0.00693110392940598,0.0,0.0,0.0,0.0,0.0,0.0,0.0,0.0,0.0,0.0,0.0,0.0,0.0,0.0,0.0,447.251560600924,0.0,0.0,0.0,0.0,0.0,0.0,0.0,476.0146882528157,0.0,0.0,0.0,0.0,0.0,0.0,1000.0,0.0,0.0,0.0,41.58662357643584,0.0,0.0,0.0,0.0,0.0,958.4133764235642,-1000.0,0.0,0.0,0.0,0.0,0.0,0.0,0.0,0.0,0.0,0.0,0.0,0.0,-1000.0,-1000.0,47.47806191643101,-675.4804639168615,654.6871521286436,0.0,81.33312468008153,0.0,0.0,0.0,0.0,0.0,0.0,0.0,0.0,0.0,0.0,0.0,0.0,0.0,0.0,0.0,0.0,0.0,-8.663879911757476,0.0,-5.198327947054485,457.6482164950328,0.0,0.0,0.0,0.0,0.0,967.8339334785938,-968.7003214697696,12.207984387660009,0.0,0.0,0.0,0.0,0.0,0.0,0.0,859.8805190142057,20.79331178821794,20.79331178821794,0.0,0.0,0.0,0.0,0.0,0.07624214322356693,447.251560600924,0.0,0.0,-81.33312468008153,0.0,0.0,0.0,0.0,0.0,0.0,0.0,0.0,0.0,0.0,0.0,0.0,0.0,0.0,0.0,0.0,0.0,21.486422181158538,0.0,72.77659125876279,5.336950025642523,0.0,0.0,0.0,0.0,0.0,447.251560600924,0.0,907.3553137071283,0.0,0.0,0.0,-8.663879911757476,0.0,0.0,0.0,0.0,0.0,0.0,0.0,0.0,0.0,0.0,0.0,0.0,0.0,0.0,0.0,0.0,0.0,0.0,-0.0693110392940598,0.0,0.0,3.46555196470299,-356.8055297752929,0.0,0.0,0.0,0.0,0.0,0.0,0.0,0.0,5.967680483218649,1.732775982351495,0.0,0.0,0.0,0.0693110392940598,0.0,69.3110392940598,0.0,13.862207858811962,0.4950788521004271,236.35064399274393,-0.051983279470544846,123.36099235518445,1.3862207858811961,-0.3465551964700495,-236.35064399274393,20.79331178821794,-0.0693110392940598,2.4320461774155464,66.13779214118804,0.01732775982351495,0.4950788521004271,-7.296138532246639,-11.0343174556142,-1.3862207858811961,-287.9210848298091,-0.0693110392940598,0.01732775982351495,-236.35064399274393,6.93110392940598,0.0693110392940598,0.0693110392940598,-447.10600741840636,0.07624214322346577,-12.904065448588304,-0.051983279470544846,20.79331178821794,0.0693110392940598,20.79331178821794,-34.655519647029905,-0.0346555196470299,-317.17978761101455,-85.0,-0.051983279470544846,-0.0693110392940598,0.0,0.0693110392940598,6.93110392940598,-1.3862207858811961,77.99958503129996,77.99958503129996,-6.93110392940598,287.9210848298091,-77.99958503129996,13.86220785881196,0.10396655894108969,647.3679211593283,6.93110392940598,-165.77449516529774,66.13779214118804,-13.86220785881196,0.0346555196470299,0.6931103929405981,209.04873115091718,96.0,-0.0693110392940598,-462.8465444420873,447.10600741840636,21.486422181158538,0.0693110392940598,11.0343174556142,-17.03545501168361,66.13779214118804,-0.0693110392940598,-0.01732775982351495,-66.13779214118804,-0.0693110392940598,-5.324255013727111,0.06931103929405275,-0.01732775982351495,-0.01732775982351495,-0.01732775982351495,27.72441571762392,34.655519647029905,0.6931103929405981,51.350816236986475,-0.01732775982351495,415.6654161244188,3.46555196470299,6.1276794715665455,0.0693110392940598,0.0346555196470299,0.0346555196470299,40.0,0.0,0.0693110392940598,0.0,0.6931103929405981,0.0693110392940598,-51.350816236986475,0.0693110392940598,0.2772441571759856,0.3465551964700495,0.0346555196470299,0.01732775982351495,20.79331178821794,-0.0693110392940598,12.904065448588304,0.6931103929405981,-102.70163247397295,121.62821637283295,-6.93110392940598,13.86220785881196,3.46555196470299,-0.0693110392940598,7.296138532246639,0.10396655894108969,-0.0693110392940598,-80.0,0.0,-91.51240333488326,0.0346555196470299,-12.25535894313309,-0.0693110392940598,-0.06931103929405275,-0.0693110392940598,0.0346555196470299,236.35064399274393,-13.86220785881196,0.0693110392940598,418.09746230183436,-0.01732775982351495,-0.07624214322346577,-418.09746230183436,10.396655894108969,85.0,-607.5702289271297,236.35064399274393,-0.051983279470544846,462.8465444420873,-96.0,0.0693110392940598,-0.01732775982351495,3.46555196470299,69.3110392940598,-0.0346555196470299,-0.0693110392940598,0.01732775982351495,0.0,0.0,-647.4025766789753,0.0,-46.0,0.0,165.40917682841314,-31.0,0.0,-32.0,-93.0,-65.0,0.0,16.0,23.0,46.5,0.0,15.5,-447.251560600924,-116.03309889595667,0.0,65.0,-116.03309889595667,-165.40917682841314,87.75676395534538,0.0,1496.5981,hclb
313,0.0,0.0,0.0,0.0,0.0,0.0,0.0,0.0,-0.062130042327469666,0.0,0.0,0.0,0.0,0.0,0.0,0.0,305.96179223987514,-832.9935048541677,0.0,1000.0,0.0,0.0,0.0,0.0,0.0,0.0,0.0,0.0,0.0,-1000.0,0.0,0.0,28.356136661342216,0.0,0.0,0.0,0.0,999.7514798306909,0.0,-1000.0,1000.0,0.0,-374.87723923776764,0.0,0.0,0.0,0.0,0.0,0.0,-554.0171765548062,0.0,0.0,0.0,0.06834304656016771,0.0,0.0,0.0,0.0,0.0,0.0,33.75174055602103,0.0,83.91823829495654,0.0,41.80319214809906,0.0,0.0,0.0,405.82075585090786,-405.82075585090786,0.0,0.6213004232746967,0.0,0.0,0.0,0.0,0.0,0.0,0.0,0.0,0.0,0.0,0.0,0.0,37.2780253964818,0.0,0.0,889.4650398127914,264.342279050559,0.0,-0.015532510581867415,0.0,0.0,0.0,18.6390126982409,0.0,18.6390126982409,0.0,296.6178476276114,0.0,0.0,3.106502116373483,-1000.0,0.0,0.0,-1.2707894032207534,296.3552184811283,0.0,0.0,0.0,0.0,0.0,0.0,0.0,0.0,0.0,0.0,0.0,0.0,0.0,0.0,0.0,0.0,0.0,-624.6359433112729,0.0,0.0,18.6390126982409,0.0,19.260313121515598,19.260313121515598,0.0,-14.695543271014643,-818.0013585618077,832.6969018328224,-832.6969018328224,0.0,600.2955264614308,-600.2955264614308,-117.66997885097757,0.0,0.0,0.0,0.0,0.0,4.784013259215161,0.06213004232746966,0.0,0.0,0.0,0.0,-650.2907266135948,0.0,0.0,0.0,0.0,428.1565387615786,0.0,0.0,0.0,0.0,0.0,269.9973586705166,269.9973586705166,0.0,0.0,0.0,0.0,0.0,0.0,0.0,270.05948871284403,0.0,0.0,0.0,-130.61403634236808,-223.28454339751028,0.0,0.0,0.0,0.0,0.0,0.0,0.0,0.0,0.0,-753.2379998996876,0.0,0.0,0.0,0.0,-1000.0,0.0,0.0,0.0,0.0,0.0,554.0171765548062,374.87723923776764,-264.342279050559,264.342279050559,117.66997885097757,0.0,0.0,0.0,0.0,0.0,0.0,0.0,-601.2567556239612,0.0,0.0,0.0,0.0,0.0,0.0,0.0,0.0,0.0,0.0,0.0,0.0,0.0,288.10285259445607,335.7875250634543,319.1609685223572,0.0,0.0,0.0,0.0,78.72486572492556,0.0,0.0,0.0,0.0,33.75174055602103,319.1609685223572,0.0,0.0,0.0,0.0,0.0,0.0,0.0,0.0,501.60184448444795,12.426008465493933,0.0,0.0,-190.73942029703267,-36.932101433682305,1000.0,0.0,-319.1609685223572,0.0,0.0,117.66997885097757,908.7921564936806,0.0,0.0,0.0,231.52358922784083,0.0,0.0,-867.0816095891485,0.0,-407.00240559735437,-460.0792039917942,-407.00240559735437,0.0,0.0,0.0,-986.8008237175179,554.0171765548062,0.0,15.468599760768427,0.0,0.0,0.0,491.66030287899184,0.0,-491.66030287899184,0.0,269.9352286281891,0.0,0.0,-109.77748197015057,0.0,0.0,0.0,33.75174055602103,-0.09319506349120449,0.0,0.0,0.0,0.0,0.062130042327469666,0.0,0.0,0.0,283.364298241408,305.96179223987514,0.0,-778.2729150519393,507.8661420968779,223.28454339751028,1000.0,0.0,0.0,0.0,-1.2707894032207534,0.0,0.0,0.0,-5.349396644395088,594.1792441490921,-588.829847504697,-676.7297871439413,-1000.0,0.0,0.0,0.0,0.0,0.0,0.0,0.0,0.0,0.0,0.0,0.0,0.0,0.0,0.0,0.0,0.0,0.0,0.0,0.0,-1000.0,0.0,0.0,499.60125712150545,0.0,0.0,421.4407810661,-506.3858577436631,0.0,296.6178476276114,0.0,0.0,0.0,-1000.0,0.0,-529.5534514258942,-543.9988186012437,0.0,-247.6791225984744,0.0,0.0,505.17174551075914,0.0,526.4469493095207,1000.0,542.4455675430569,-3.106502116373483,-556.3475964676168,0.0,0.0,0.0,-15.856483638201347,18.6390126982409,0.0,0.0,0.0,0.0,0.0,0.0,0.0,-288.10285259445607,288.10285259445607,288.10285259445607,81.84478093772682,0.0,259.86800157660906,0.0,0.0,0.0,0.0,0.0,0.0,-50.166497738935504,0.0,546.8750000001202,18.6390126982409,0.0,0.0,0.0,0.0,-36.78699576725303,0.12426008465564564,0.0,0.0,0.0,0.0,0.0,0.0,0.0,0.0,0.0,0.0,0.0,0.0,0.0,0.0,0.0,0.0,0.0,0.0,0.0,0.06834304656016771,0.06834304656016771,0.0,371.67684412896216,0.0,37.2780253964818,0.0,0.0,0.0,282.70578684870196,0.0,0.0,0.0,0.0,0.0,521.7119312270387,-282.70578684870196,0.0,0.0,0.0,0.0,0.0,18.6390126982409,0.0,0.0,0.0,0.0,0.0,0.0,0.0,208.2119811037576,-283.364298241408,353.93550813246645,0.0,4.784013259215161,0.0,0.0,0.0,-196.39484457590314,0.0,521.7119312270387,0.0,484.9249354597857,0.0,0.0,0.0,288.10285259445607,0.0,0.0,0.0,0.0,0.0,0.0,0.0,0.0,0.0,0.0,0.0,0.0,0.0,37.2780253964818,117.66997885097757,117.66997885097757,0.0,0.0,0.0,0.0,0.0,0.0,0.0,0.0,0.0,0.0,0.6213004232746967,0.0,0.0,0.0,0.0,0.0,374.87723923776764,0.0,0.0,18.6390126982409,0.0,0.0,0.0,0.0,0.0,0.0,0.0,0.0,0.0,0.0,927.5554292765765,0.0,0.0,18.6390126982409,18.6390126982409,1000.0,-282.70578684870196,0.0,18.6390126982409,0.0,0.0,0.0,0.0,0.0,676.7297871439413,0.0,1000.0,0.06213004232746966,0.0,0.0,0.0,5.010344127693803,0.0,0.0,0.0,0.0,0.0,0.0,0.0,0.0,0.0,0.0,0.0,0.0,0.0,0.0,0.0,0.0,0.0,0.06213004232746966,0.0,0.0,0.0,0.0,0.0,0.0,0.0,0.0,0.0,0.0,499.60125712150545,0.0,-209.7680101160517,-1000.0,-4.659753174560225,0.0,-3.106502116373483,0.0,0.0,0.0,0.0,0.0,0.0,0.0,0.0,0.0,0.0,0.0,117.66997885097757,223.28454339751028,0.0,0.0,-12.749981521827863,0.0,0.0,0.0,-0.062130042327469666,0.0,0.0,0.062130042327469666,0.0,0.06213004232746966,0.0,0.0,0.0,37.2780253964818,75.798651639513,75.798651639513,0.0,0.0,0.0,0.0,0.0,0.0,0.0,353.93550813246645,0.0,0.0,0.0,0.0,0.0,0.0,0.0,0.0,0.0,0.0,0.0,0.0,0.0,0.0,0.0,0.0,0.0,0.0,0.0,196.39484457590314,0.0,0.0,0.0,0.09319506349120449,0.0,0.0,0.0,-18.6390126982409,0.0,0.0,0.0,0.0,0.0,-371.67684412896216,3.106502116373483,0.0,0.0,0.0,0.0,0.0,0.0,-3.106502116373483,0.0,546.8750000001202,0.0,0.0,0.0,0.0,0.0,117.66997885097757,0.0,0.0,0.0,83.57399153450606,0.0,406.50949966697254,-1.2707894032207534,0.0,-506.3858577436631,506.3858577436631,0.0,0.0,832.9935048541677,0.0,3.106502116373483,720.0047512470239,0.0,0.0,0.0,-50.166497738935504,0.0,0.0,419.749797325588,-419.749797325588,0.0,0.0,0.0,0.0,0.0,743.9184935505672,0.0,75.798651639513,0.0,552.7084654630348,552.7084654630348,-552.7084654630348,0.0,0.0,0.0,0.0,0.0,501.60184448444795,0.0,0.0,385.65610365264286,-5.010344127693803,0.0,-374.87723923776764,18.6390126982409,0.0,0.0,0.0,0.0,143.49069488557456,0.0,0.0,0.06834304656016771,0.0,0.0,0.0,37.8993258197565,0.0,0.0,0.0,0.0,335.7875250634543,0.0,296.3552184811283,0.0,0.0,0.0,0.0,0.0,0.0,-852.7740329788772,0.0,262.1641111213098,0.006213004232746966,0.0,0.0,0.0,0.0,0.0,0.0,0.0,0.0,0.0,0.0,0.0,0.0,0.0,0.0,0.0,371.67684412896216,0.0,0.0,0.0,0.0,0.0,0.0,0.0,554.0171765548062,0.0,0.0,0.0,0.0,0.0,1000.0,-832.9935048541677,0.0,0.0,0.0,37.2780253964818,0.0,0.0,0.0,0.0,0.0,0.0,-37.2780253964818,0.0,0.0,0.0,0.0,0.0,0.0,0.0,0.0,0.0,0.0,0.0,0.0,-1000.0,-1000.0,42.55907899431673,-18.6390126982409,0.0,0.0,999.7514798306909,0.0,0.0,0.0,0.0,0.0,0.0,0.0,0.0,0.0,0.0,0.0,0.0,0.0,0.0,0.0,0.0,0.0,-7.766255290933708,117.66997885097757,-4.659753174560225,-4.659753174560223,0.0,0.0,0.0,0.0,0.0,0.0,-0.776625529093371,50.166497738935504,0.0,0.0,0.0,0.0,0.0,0.0,0.0,1000.0,18.6390126982409,18.6390126982409,0.0,0.0,0.0,0.0,0.0,0.06834304656016771,371.67684412896216,0.0,0.0,-999.7514798306909,262.1578981170771,0.0,0.0,0.0,0.0,0.0,0.0,0.0,0.0,0.0,0.0,0.0,0.0,0.0,0.0,0.0,0.0,19.260313121515598,0.0,65.23654444384316,4.784013259215161,0.0,0.0,0.0,0.0,0.0,371.67684412896216,0.0,499.60125712150545,0.0,0.0,0.0,-7.766255290933708,0.0,0.0,0.0,0.0,0.0,0.0,0.0,0.0,0.0,0.0,0.0,0.0,0.0,0.0,0.0,0.0,0.0,0.0,-0.06213004232746966,0.0,0.0,3.106502116373483,-521.7119312270387,0.0,0.0,0.0,0.0,117.66997885097757,0.0,0.0,0.0,5.349396644395088,1.5532510581867416,0.0,0.0,0.0,0.062130042327469666,0.0,62.13004232746966,0.0,12.426008465493934,0.4437860166247833,211.86344433667156,-0.046597531745602244,3.1065021163734627,1.2426008465493934,-0.3106502116365846,-211.86344433667156,18.6390126982409,-0.062130042327469666,0.4235964677402511,18.6390126982409,0.015532510581867416,0.4437860166247833,-1.2707894032207534,-9.891102738531117,-1.2426008465493934,-472.96828738570747,-0.062130042327469666,0.015532510581867416,-211.86344433667156,6.213004232746966,0.062130042327469666,0.062130042327469666,-371.5463710400745,0.06834304656020362,-62.6015536221537,-0.046597531745602244,18.6390126982409,0.062130042327469666,18.6390126982409,-31.065021163734833,-0.031065021163734833,-363.0134063329834,-85.0,-0.046597531745602244,-0.062130042327469666,0.0,0.062130042327469666,6.213004232746966,-1.2426008465493934,196.39484457590314,196.39484457590314,-6.213004232746966,472.96828738570747,-196.39484457590314,12.426008465493933,0.09319506349120449,474.1367367152163,6.213004232746966,-208.2119811037576,18.6390126982409,-12.426008465493933,0.03106502116373483,0.6213004232746967,194.56822876298483,96.0,-0.062130042327469666,-385.65610365264286,371.5463710400745,19.260313121515598,0.062130042327469666,9.891102738531117,-55.91703809472277,18.6390126982409,-0.062130042327469666,-0.015532510581867415,-18.6390126982409,-0.062130042327469666,-333.1422142483813,0.06213004232758979,-0.015532510581867415,-0.015532510581867415,-0.015532510581867415,24.852016930987865,31.065021163734833,0.6213004232746967,294.33460384607,-0.015532510581867415,388.7128610582294,3.106502116373483,21.5,0.062130042327469666,0.03106502116373483,0.031065021163734833,15.532510581867415,0.0,0.062130042327469666,0.0,0.6213004232746967,0.062130042327469666,-790.9426213194866,0.062130042327469666,0.24852016930913123,0.3106502116365846,0.031065021163734833,0.015532510581867416,18.6390126982409,-0.062130042327469666,62.6015536221537,0.6213004232746967,-588.66920769214,1.5532510581867625,-6.213004232746966,12.426008465493933,3.106502116373483,-0.062130042327469666,1.2707894032207534,0.09319506349120449,-0.062130042327469666,-31.065021163734826,0.0,38.444530322696124,0.031065021163734833,-43.0,-0.062130042327469666,-0.06213004232758979,-0.06213004232746967,0.031065021163734833,211.86344433667156,-12.426008465493933,0.062130042327469666,389.13645752596966,-0.015532510581867415,-0.06834304656020362,-389.13645752596966,9.319506349120449,85.0,-403.7212474544683,211.86344433667156,-0.046597531745602244,385.65610365264286,-96.0,0.062130042327469666,-0.015532510581867413,3.106502116373483,62.13004232746966,-0.03106502116373483,-0.062130042327469666,0.015532510581867415,503.4146127978426,0.0,-474.16780173638,496.6080174734166,-46.0,0.0,137.7586135211099,-31.0,0.0,-32.0,-93.0,-65.0,0.0,16.0,23.0,46.5,0.0,15.5,-371.67684412896216,-181.93522520827068,0.0,65.0,-181.93522520827068,-137.7586135211099,93.73132369154285,0.0,1496.5981,hclb
314,0.0,0.0,0.0,0.0,0.0,0.0,0.0,0.0,628.8028800525817,0.0,0.0,0.0,0.0,0.0,0.0,0.0,379.49828403104175,0.0,0.0,-311.5715904508261,0.0,0.0,0.0,0.0,0.0,246.57716256114045,0.0,0.0,0.0,631.8825228826267,0.0,0.0,0.0,0.0,0.0,0.0,0.0,-7.762527984647677,0.0,-575.8372479839334,1000.0,0.0,-394.8629376253981,0.0,0.0,0.0,603.2931741387665,69.45752737292469,-732.8082674564341,-31.01093564546713,0.0,0.0,0.0,0.05973960435951973,0.0,0.0,0.0,80.31927362010032,0.0,0.0,-4.782788930840126,0.0,-117.08371102955516,-121.86649996039529,0.0,0.0,0.0,0.0,219.63562475351253,-219.63562475351253,0.0,0.5430873123587819,0.0,0.0,0.0,0.0,0.0,0.0,0.0,0.0,0.0,0.0,0.0,0.0,32.58523874152692,0.0,0.0,-446.67502484893873,977.3913496347684,-939.3365825783266,-0.013577182808969548,0.0,0.0,0.0,16.29261937076346,0.0,16.29261937076346,-1.7487411457966964,0.0,0.0,0.0,682.6533179063063,433.9717837035034,0.0,0.0,0.0,0.0,0.0,0.0,0.0,0.0,0.0,0.0,0.0,0.0,0.0,0.0,0.0,0.0,0.0,0.0,0.0,0.0,0.0,-538.2916829646588,0.0,0.0,16.29261937076346,0.0,16.835706683122243,0.0,0.0,0.0,0.0,0.0,0.0,0.0,0.0,0.0,0.0,0.0,0.0,0.0,0.0,0.0,4.181772305162618,0.05430873123587819,0.0,0.0,0.0,-583.9295077539874,0.0,0.0,0.0,0.0,0.0,360.9851692382101,0.0,0.0,0.0,0.0,0.0,-221.84751969300603,-221.84751969300603,0.0,0.0,0.0,-984.375,0.0,0.0,0.0,-221.79321096177014,0.0,0.0,0.0,-1000.0,0.0,0.0,0.0,0.0,0.0,0.0,0.0,0.0,0.0,0.0,0.0,0.0,0.0,0.0,0.0,-476.37649274269,0.0,0.0,0.0,0.0,0.0,31.01093564546713,394.8629376253981,22.608650365231597,-22.608650365231597,0.0,0.0,0.0,0.0,0.0,0.0,0.0,197.91073917912334,-368.72082989767296,0.0,0.0,0.0,0.0,0.0,0.0,0.0,0.0,0.0,0.0,0.0,0.0,0.0,120.66301926896605,562.6530002483387,-673.4354770826324,0.0,0.0,0.0,0.0,0.0,0.0,0.0,0.0,0.0,-4.782788930840126,-673.4354770826324,0.0,0.0,0.0,0.0,0.0,0.0,0.0,0.0,0.0,0.0,0.0,0.0,-559.9197616441387,0.0,-762.0117043147429,0.0,673.4354770826324,0.0,0.0,0.0,490.6119581342197,0.0,0.0,0.0,-88.923316729884,0.0,0.0,-705.8290615308013,-1000.0,0.0,-556.7801206384348,850.9510591076337,149.04894089236635,1000.0,0.0,890.5203522197785,31.01093564546713,0.0,151.52136014810017,0.0,0.0,0.0,0.0,0.0,0.0,0.0,1000.0,0.0,0.0,-359.8050144898602,-984.375,0.0,0.0,-4.782788930840126,-0.08146309685381728,0.0,0.0,0.0,0.0,0.05430873123587819,0.0,0.0,0.0,460.08387337192653,379.49828403104175,0.0,-613.7520515914782,732.374144873412,0.0,947.1543656179391,0.0,1000.0,0.0,0.0,0.0,0.0,0.0,-4.675981759409165,0.0,-995.3240182405908,705.4047763923321,-1000.0,0.0,0.0,0.0,0.0,0.0,0.0,0.0,0.0,0.0,0.0,0.0,0.0,0.0,0.0,0.0,0.0,0.0,697.4877794470469,0.0,705.0330725067512,0.0,0.0,0.0,1000.0,0.0,0.0,-4.181772305162618,0.0,0.0,0.0,658.972654637665,679.9378813445123,-219.63562475351253,225.2831158619083,0.0,0.0,0.0,0.0,0.0,263.22465699381587,0.0,-225.2831158619083,-842.6843772340501,1000.0,-1.3577182808969548,-2.7154365617939096,-353.79407293096915,0.0,162.6100638758025,2.4988185769859683,0.0,16.29261937076346,-906.2500000004484,906.2500000004484,0.0,0.0,0.0,628.8571887838176,450.0351148421552,329.3720955731892,-329.3720955731892,-329.3720955731892,73.2224383450116,0.0,0.0,-618.6086542854753,0.0,0.0,197.91073917912334,0.0,0.0,-9.565577861680252,0.0,0.0,69.13825375282437,0.0,0.0,0.0,0.0,-37.569126876412184,0.10861746247178417,0.0,0.0,0.0,0.0,0.0,0.0,0.0,0.0,0.0,0.0,0.0,0.0,0.0,0.0,0.0,0.0,0.0,0.0,0.0,0.05973960435951973,0.05973960435951973,0.0,205.80127302179042,0.0,32.58523874152692,0.0,0.0,0.0,202.76299329817851,0.0,0.0,0.0,0.0,0.0,412.80148081824547,-202.76299329817851,0.0,0.0,0.0,0.0,0.0,69.13825375282437,0.0,0.0,0.0,0.0,0.0,0.0,0.0,179.43056098821958,-460.08387337192653,583.9295077539874,0.0,421.9626462676174,0.0,543.8864346828645,-543.8864346828645,-543.8864346828645,0.0,412.80148081824547,0.0,375.23235394183325,0.0,0.0,0.0,120.66301926896605,0.0,0.0,0.0,0.0,0.0,0.0,0.0,0.0,0.0,0.0,0.0,0.0,0.0,32.58523874152692,0.0,0.0,0.0,0.0,0.0,0.0,0.0,0.0,0.0,0.0,0.0,0.0,0.5430873123587819,0.0,0.0,0.0,0.0,0.0,394.8629376253981,0.0,0.0,16.29261937076346,0.0,0.0,0.0,417.7808739624548,0.0,0.0,0.0,0.0,0.0,0.0,496.1514487202793,-954.2071031760502,0.0,16.29261937076346,16.292619370763457,1000.0,-202.76299329817851,0.0,69.13825375282437,0.0,0.0,0.0,0.0,0.0,-922.7023723366763,197.91073917912334,-1000.0,0.05430873123587819,0.0,0.0,0.0,71.72243798715373,8.915815407812776,0.0,0.0,0.0,0.0,0.0,0.0,0.0,0.0,0.0,0.0,0.0,0.0,0.0,0.0,0.0,0.0,0.05430873123587819,0.0,0.0,0.0,540.4771017513101,-540.4771017513101,0.0,0.0,0.0,0.0,0.0,0.0,0.0,-4.181772305162617,7.545293059704222,-4.073154842690865,-2.715436561793912,0.0,0.0,0.0,0.0,0.0,0.0,0.0,0.0,0.0,0.0,0.0,0.0,0.0,0.0,0.0,0.0,165.32550043759642,0.0,0.0,0.0,628.8028800525817,0.0,0.0,0.05430873123587819,0.0,0.05430873123587819,0.0,0.0,0.0,32.58523874152692,66.2566521077714,66.2566521077714,0.0,0.0,0.0,0.0,0.0,0.0,0.0,583.9295077539874,0.0,197.91073917912334,0.0,0.0,0.0,0.0,0.0,0.0,0.0,0.0,0.0,0.0,0.0,0.0,0.0,0.0,0.0,0.0,0.0,0.0,0.0,-246.57716256114045,246.57716256114045,0.08146309685381728,0.0,0.0,0.0,-16.29261937076346,0.0,0.0,0.0,0.0,0.0,-205.80127302179042,2.7154365617939096,0.0,0.0,0.0,984.375,0.0,-4.464177707590608,0.0,0.0,0.0,0.0,0.0,0.0,0.0,0.0,0.0,0.0,0.0,30.72140969768558,85.13825375282437,0.0,638.0677615068117,8.915815407812776,0.0,-8.645950012753225,4.181772305162617,4.464177707590608,0.0,424.3553060264483,0.0,2.715436561793912,1000.0,0.0,0.0,0.0,-9.565577861680252,0.0,0.0,0.0,0.0,0.0,0.0,0.0,0.0,0.0,-8.14630968538173,0.0,66.2566521077714,0.0,433.73542271320815,433.73542271320815,-433.73542271320815,0.0,0.0,0.0,0.0,0.0,0.0,0.0,0.0,218.02073754986301,-71.72243798715373,0.0,-394.8629376253981,16.29261937076346,0.0,0.0,0.0,0.0,139.75454159534462,0.0,0.0,0.05973960435951973,0.0,0.0,0.0,33.1283260538857,0.0,0.0,0.0,0.0,562.6530002483387,0.0,0.0,0.0,0.0,0.0,0.0,0.0,0.0,419.638810400632,0.0,0.005430873123587819,0.005430873123587819,0.0,0.0,0.0,0.0,0.0,0.0,0.0,0.0,0.0,0.0,0.0,0.0,0.0,0.0,0.0,205.80127302179042,0.0,0.0,0.0,0.0,0.0,0.0,0.0,31.01093564546713,0.0,0.0,0.0,0.0,0.0,1000.0,0.0,0.0,0.0,0.0,32.58523874152692,0.0,0.0,0.0,0.0,0.0,0.0,-32.58523874152692,0.0,0.0,0.0,0.0,0.0,0.0,0.0,0.0,0.0,0.0,0.0,0.0,1000.0,216.67418775915914,37.20148089657657,0.0,-16.29261937076346,0.0,-7.762527984647677,0.0,0.0,0.0,0.0,0.0,0.0,0.0,0.0,0.0,0.0,0.0,0.0,0.0,0.0,0.0,0.0,0.0,-6.788591404484777,0.0,-684.0110361872032,-4.073154842690862,0.0,0.0,0.0,0.0,0.0,281.3805605752799,-282.0594197157284,9.565577861680252,0.0,0.0,0.0,0.0,0.0,0.0,0.0,1000.0,16.292619370763457,16.29261937076346,0.0,0.0,0.0,0.0,0.0,0.05973960435951973,205.80127302179042,0.0,0.0,7.762527984647677,0.0,0.0,0.0,0.0,0.0,0.0,0.0,0.0,0.0,0.0,0.0,0.0,0.0,0.0,0.0,0.0,0.0,0.0,0.0,57.02416779767211,4.181772305162618,0.0,0.0,0.0,0.0,0.0,205.80127302179042,0.0,0.0,0.0,0.0,0.0,-6.788591404484777,0.0,0.0,0.0,0.0,0.0,0.0,0.0,0.0,0.0,0.0,0.0,0.0,0.0,0.0,0.0,0.0,0.0,0.0,-0.05430873123587819,0.0,0.0,2.7154365617939096,-412.80148081824547,0.0,0.0,0.0,0.0,0.0,0.0,0.0,0.0,4.675981759409165,1.3577182808969548,0.0,0.0,246.57716256114045,0.05430873123587819,0.0,54.30873123587819,-16.835706683122243,10.861746247175638,0.3879195088277014,151.52136014810017,-0.04073154842690864,842.6843772340501,1.0861746247175639,-0.2715436561793325,-151.52136014810017,16.292619370763457,-0.05430873123587819,0.0,69.13825375282437,0.013577182808969548,0.3879195088277014,0.0,-8.645950012753225,-1.0861746247175639,-67.92669358021567,-0.05430873123587819,0.013577182808969548,-151.52136014810017,5.430873123587819,0.05430873123587819,0.05430873123587819,-205.687224686195,0.05973960435946601,-28.653311468599384,-0.04073154842690864,16.29261937076346,0.05430873123587819,16.29261937076346,-27.1543656179391,-0.027154365617939095,-332.33185776961074,-5.4851818548236935,-0.04073154842690864,-0.05430873123587819,-16.835706683122243,0.05430873123587819,5.430873123587844,-1.0861746247175639,0.0,0.0,-5.430873123587819,67.92669358021567,0.0,10.861746247175638,0.08146309685381728,246.80998402500109,5.430873123587819,-179.43056098821958,69.13825375282437,-10.861746247175638,0.027154365617939095,0.5430873123587819,153.43801289786956,96.0,-0.05430873123587819,-218.02073754986301,205.687224686195,16.835706683122243,0.05430873123587819,8.645950012753225,3.9677762697707237,69.13825375282437,-0.05430873123587819,-0.013577182808969548,-69.13825375282437,-0.05430873123587819,-37.569126876412184,0.0543087312358267,-0.013577182808969548,-0.013577182808969548,-0.013577182808969548,21.723492494351277,27.1543656179391,0.5430873123587819,40.23598125438248,-0.013577182808969548,306.8760257957391,2.7154365617939096,21.5,0.05430873123587819,0.027154365617939095,0.027154365617939095,40.0,16.835706683122243,0.05430873123587819,-16.835706683122243,0.5430873123587819,0.05430873123587819,-40.23598125438248,0.05430873123587819,0.21723492494345464,0.2715436561793325,0.027154365617939095,0.013577182808969548,16.29261937076346,-0.05430873123587819,28.653311468599384,0.5430873123587819,-80.47196250876496,841.3266589531531,-5.430873123587844,10.861746247175638,2.7154365617939096,-0.05430873123587819,0.0,0.08146309685381728,-0.05430873123587819,-80.0,16.835706683122243,260.6537384556967,0.027154365617939095,-43.0,-0.05430873123587819,-0.0543087312358267,-0.05430873123587819,0.027154365617939095,151.52136014810017,-10.861746247175638,0.05430873123587819,306.8760257957391,-0.013577182808969548,-0.05973960435946601,-306.8760257957391,8.146309685381729,5.485181854823697,-229.3401903000618,151.52136014810017,-0.04073154842690864,218.02073754986301,-96.0,0.05430873123587819,-0.013577182808969544,661.6880911994589,54.30873123587819,-0.027154365617939095,-0.05430873123587819,0.013577182808969548,0.0,0.0,-307.5005558122925,0.0,-46.0,0.0,-108.0,7.715592447499815,0.0,-32.0,-93.0,-65.0,-60.663417421673444,16.0,23.0,46.5,0.0,-3.8577962237499075,-205.80127302179042,-400.40828005104134,60.663417421673444,65.0,-400.40828005104134,108.0,-58.699324696679284,0.0,1496.5981,hclb
315,0.0,0.0,0.0,0.0,0.0,0.0,0.0,0.0,-0.06143883425730586,0.0,0.0,0.0,0.0,0.0,0.0,0.0,-156.77974488370643,274.69477301411337,0.0,-64.81200808231037,0.0,0.0,0.0,815.2512937840364,0.0,0.0,0.0,0.0,0.0,-965.6073272665378,0.0,0.0,28.706935094967896,0.0,0.0,0.0,0.0,686.4277492229498,0.0,-1000.0,1000.0,0.0,0.0,0.0,0.0,0.0,324.2305747700023,0.0,122.3870721502442,0.0,0.0,0.0,0.0,0.06758271768287895,0.0,0.0,0.0,12.287766851461173,0.0,0.0,-123.03010449029287,0.0,871.527411988449,748.4973074981561,0.0,0.0,0.0,0.0,0.0,513.9482096359167,0.0,0.6143883425730587,0.0,0.0,0.0,0.0,0.0,0.0,0.0,0.0,0.0,0.0,82.9044310743899,0.0,36.86330055438352,0.0,117.61939115336573,-597.9908180785226,0.0,904.3018632001111,169.7945179874478,0.0,0.0,-1000.0,18.43165027719176,0.0,40.726579151163506,0.0,731.7961176256588,0.0,82.9044310743899,998.4640291435674,-1000.0,0.0,0.0,-0.9352666679458004,0.0,0.0,0.0,0.0,0.0,0.0,0.0,0.0,0.0,0.0,0.0,0.0,0.0,0.0,0.0,0.0,0.0,0.0,-659.443489449227,0.0,0.0,40.726579151163506,0.0,19.046038619764815,19.046038619764815,0.0,-67.43020681344989,0.0,67.43020681344989,-67.43020681344989,-632.5642754868401,0.0,0.0,632.5642754868401,0.0,0.0,0.0,0.0,0.0,39.44575031678836,0.06143883425730586,169.8098776960121,0.0,0.0,398.1338339722199,-1000.0,0.0,0.0,117.51281163750191,0.0,358.11891952195674,0.0,0.0,0.0,0.0,0.0,28.689037524352226,28.689037524352226,0.0,0.0,0.0,-500.00000000000006,-953.3065371305751,0.0,0.0,28.750476358609532,0.0,0.0,0.0,0.5946831463319313,-137.08924367935774,0.0,0.0,0.0,0.0,0.0,0.0,0.0,0.0,0.0,0.0,0.0,0.0,0.0,0.0,-524.2904927706836,0.0,0.0,0.0,0.0,0.0,0.0,0.0,-429.5020851606023,429.5020851606023,0.0,0.0,0.0,0.0,0.0,0.0,0.0,34.392672733462234,-353.10145510584437,0.0,0.0,0.0,0.0,0.0,0.0,0.0,0.0,0.0,0.0,0.0,0.0,0.0,188.68652625237831,605.7366286046743,1000.0,0.0,0.0,0.0,0.0,78.7946777400121,0.0,0.0,0.0,0.0,-123.03010449029287,1000.0,0.0,0.0,0.0,0.0,0.0,0.0,0.0,0.0,1.9783304630869907,0.0,22.294928873971745,0.0,570.4979148393977,1000.0,-905.1058310888807,0.0,-1000.0,0.0,0.0,0.0,0.0,0.0,0.0,0.0,-82.19804245597982,0.0,0.0,-1000.0,-1000.0,0.0,0.0,0.0,1000.0,-429.5020851606023,0.0,255.98442569947883,0.0,0.0,130.71174707740084,0.0,0.0,0.0,-1000.0,0.0,1000.0,0.0,0.0,0.0,0.0,-228.5485811643531,-500.0,0.0,0.0,-123.03010449029287,-0.09215825138595879,0.0,0.0,0.0,0.0,0.06143883425730586,0.0,0.0,0.0,402.79090541642097,-156.77974488370643,0.0,-806.6146940935869,755.876693307085,137.08924367935774,973.0143460026246,0.0,-409.92344272581045,0.0,-0.9352666679458004,0.0,0.0,0.0,50.84188010098626,0.0,359.0815626248242,5.4424835212582225,-1000.0,0.0,0.0,0.0,0.0,0.0,0.0,0.0,0.0,0.0,0.0,0.0,0.0,0.0,0.0,0.0,0.0,0.0,0.0,0.0,-1000.0,0.0,313.32649544002106,0.0,611.7671593001887,0.0,0.0,-41.424080779875354,0.0,731.7961176256588,0.0,552.7455808906633,995.3920874307021,0.0,384.7406890448957,0.0,0.0,0.0,-319.39310017575986,0.0,-50.686297573489924,-1000.0,-384.7406890448957,-806.6515650783107,210.4776677309021,-1.5359708564326466,-3.0719417128652933,471.67139270242217,0.0,508.4056401021301,1000.0,0.0,40.726579151163506,0.0,0.0,0.0,0.0,0.0,0.0,0.0,-188.68652625237831,188.68652625237831,188.68652625237831,81.64749981648463,0.0,0.0,0.0,0.0,0.0,34.392672733462234,0.0,0.0,-10.82142667385429,0.0,0.0,67.71223314853883,0.0,0.0,0.0,0.0,-36.856116574269414,0.12287766851465276,0.0,0.0,0.0,0.0,0.0,0.0,0.0,0.0,0.0,513.9482096359167,0.0,0.0,0.0,0.0,0.0,0.0,0.0,0.0,0.0,0.06758271768287895,0.06758271768287895,0.0,272.39875940091713,0.0,36.86330055438352,0.0,0.0,0.0,1000.0,0.0,0.0,117.61939115336573,0.0,0.0,627.5986461084092,-1000.0,0.0,0.0,0.0,0.0,0.0,67.71223314853883,0.0,0.0,0.0,0.0,0.0,0.0,0.0,219.81449648307566,-402.79090541642097,601.8661660277801,0.0,122.35018139117827,0.0,-78.7946777400121,-921.205322259988,-1000.0,0.0,627.5986461084092,0.0,-382.0332334304991,972.7757629646388,1000.0,-1000.0,188.68652625237831,0.0,0.0,0.0,0.0,0.0,0.0,0.0,0.0,0.0,0.0,0.0,0.0,0.0,36.86330055438352,0.0,0.0,0.0,0.0,0.0,0.0,0.0,0.0,0.0,0.0,0.0,0.0,0.6143883425730587,0.0,0.0,117.61939115336573,-117.61939115336573,0.0,0.0,0.0,0.0,40.726579151163506,0.0,0.0,0.0,0.0,0.0,0.0,0.0,0.0,0.0,0.0,1000.0,78.51265140492316,0.0,18.43165027719176,18.43165027719176,1000.0,-1000.0,0.0,67.71223314853883,0.0,0.0,0.0,0.0,0.0,-5.4424835212582225,34.392672733462234,43.13087162947568,0.06143883425730586,0.0,0.0,0.0,4.954603134035594,0.0,0.0,1000.0,0.0,0.0,0.0,0.0,0.0,0.0,0.0,0.0,0.0,0.0,0.0,0.0,0.0,0.0,0.06143883425730586,0.0,0.0,0.0,0.0,0.0,0.0,0.0,0.0,313.32649544002106,-309.6279631542165,1000.0,-117.51281163750191,0.0,-1000.0,-4.60791256929794,0.0,-3.0719417128652933,0.0,0.0,0.0,0.0,0.0,0.0,0.0,0.0,0.0,0.0,0.0,0.0,137.08924367935774,0.0,0.0,511.4775818149954,0.0,0.0,0.0,-0.06143883425730586,0.0,0.0,0.06143883425730586,0.0,0.06143883425730586,0.0,0.0,0.0,36.86330055438352,74.95537779391317,74.95537779391317,0.0,0.0,0.0,0.0,0.0,0.0,0.0,601.8661660277801,0.0,34.392672733462234,0.0,0.0,56.131763730540136,0.0,0.0,0.0,0.0,0.0,0.0,0.0,0.0,0.0,0.0,0.0,0.0,0.0,0.0,78.7946777400121,0.0,-329.55198829745666,329.55198829745666,0.09215825138595879,0.0,0.0,0.0,-40.726579151163506,0.0,0.0,0.0,0.0,0.0,-272.39875940091713,3.0719417128652933,0.0,0.0,0.0,500.0,953.3065371305751,-291.70786465783135,-3.0719417128652933,0.0,0.0,0.0,0.0,0.0,0.0,0.0,0.0,0.0,0.0,0.0,83.71223314853883,0.0,654.578399176319,-0.9352666679458004,0.0,-23.503982283490192,731.7961176256588,-708.2921353421686,117.51281163750191,-74.95537779391317,0.0,3.0719417128652933,605.5003583826622,0.0,0.0,0.0,-246.06020898058574,0.0,0.0,289.9923543692779,-289.9923543692779,0.0,0.0,0.0,0.0,0.0,-9.215825138595847,0.0,74.95537779391317,0.0,285.9034065089151,285.9034065089151,-285.90340650891517,0.0,0.0,0.0,0.0,0.0,1.9783304630869907,0.0,0.0,286.2224971088109,-518.9028127699522,-51.31837820666962,0.0,18.43165027719176,117.61939115336573,0.0,0.0,0.0,151.51118980663904,0.0,0.0,0.06758271768287895,0.0,0.0,0.0,37.47768889695658,0.0,0.0,0.0,0.0,605.7366286046743,0.0,0.0,0.0,0.0,0.0,0.0,0.0,0.0,-1000.0,0.0,0.006143883425730762,0.006143883425730762,0.0,0.0,0.0,0.0,0.0,0.0,0.0,0.0,0.0,0.0,0.0,0.0,0.0,0.0,0.0,272.39875940091713,0.0,0.0,0.0,0.0,0.0,0.0,0.0,0.0,0.0,0.0,0.0,235.23878230673145,0.0,0.0,274.69477301411337,0.0,0.0,0.0,36.8633005543835,0.0,0.0,0.0,0.0,0.0,-745.7341544638438,708.8708539094603,0.0,235.23878230673145,0.0,0.0,0.0,0.0,0.0,0.0,0.0,0.0,0.0,0.0,-43.13087162947568,-1000.0,98.2173651967945,-40.726579151163506,0.0,0.0,999.7542446629709,0.0,0.0,0.0,0.0,0.0,0.0,0.0,0.0,0.0,0.0,0.0,0.0,0.0,0.0,0.0,0.0,0.0,-7.679854282163234,0.0,-1000.0,51.523851161242106,0.0,0.0,0.0,0.0,0.0,-0.7679854282163234,0.0,128.33423831135622,0.0,0.0,0.0,0.0,0.0,0.0,0.0,1000.0,18.43165027719176,18.43165027719176,0.0,0.0,0.0,0.0,0.0,0.06758271768287895,272.39875940091713,0.0,0.0,-999.7542446629709,0.0,0.0,0.0,0.0,0.0,0.0,0.0,0.0,0.0,0.0,0.0,0.0,0.0,0.0,164.77599414872833,0.0,0.0,19.046038619764815,0.0,64.51077597017117,0.0,0.0,122.35018139117827,0.0,0.0,0.0,272.39875940091713,0.0,291.70786465783135,0.0,0.0,0.0,-7.679854282163234,0.0,0.0,0.0,0.0,0.0,0.0,0.0,0.0,0.0,0.0,0.0,0.0,0.0,0.0,0.0,0.0,0.0,0.0,-0.06143883425730586,0.0,0.0,3.0719417128652933,-627.5986461084092,0.0,0.0,0.0,0.0,0.0,0.0,0.0,0.0,-50.84188010098626,1.5359708564326466,0.0,0.0,0.0,0.06143883425730586,0.0,61.438834257305864,0.0,12.287766851461173,0.4388488161236133,209.50642481741295,-0.046079125692979395,806.6515650783107,1.2287766851461175,-0.30719417128640114,-209.50642481741295,18.43165027719176,-0.06143883425730587,0.31175555598193344,67.71223314853883,0.015359708564326467,0.4388488161236133,-0.9352666679458004,-127.40045356713053,-1.2287766851461175,-53.10302004809657,-0.06143883425730587,0.015359708564326467,-209.50642481741295,6.1438834257305865,0.06143883425730587,0.06143883425730586,-272.26973784897694,-117.55180843568269,-63.69251833334519,-0.046079125692979395,18.43165027719176,0.06143883425730587,40.726579151163506,-8.424488254681188,-0.030719417128652934,-292.5558678527199,-85.0,-0.046079125692979395,-0.06143883425730587,0.0,0.06143883425730586,6.1438834257305865,-1.2287766851461175,78.7946777400121,78.7946777400121,-6.1438834257305865,53.10302004809657,-78.7946777400121,12.287766851461173,0.09215825138595879,-497.7425652023481,6.1438834257305865,-219.81449648307566,67.71223314853883,-12.287766851461173,0.030719417128652934,0.6143883425730587,201.65367352339672,96.0,-0.06143883425730586,-286.2224971088109,272.26973784897694,19.046038619764815,0.06143883425730587,127.40045356713053,-28.309296834200005,67.71223314853883,-0.06143883425730586,-0.015359708564326467,-67.71223314853883,-0.06143883425730587,-36.856116574269414,0.06143883425730587,-0.015359708564326467,-0.015359708564326467,-0.015359708564326467,24.575533702922346,8.424488254681188,0.6143883425730587,133.9845189431949,-0.015359708564326467,402.9955914908115,3.0719417128652933,21.5,0.06143883425730586,0.030719417128652934,0.030719417128652934,40.0,0.0,0.06143883425730586,0.0,0.6143883425730587,0.06143883425730574,-310.91656416881597,0.06143883425730587,0.24575533702909524,0.30719417128640114,0.030719417128652934,0.015359708564326467,18.43165027719176,-0.06143883425730587,63.69251833334519,0.6143883425730587,-267.9690378863898,805.115594221878,-6.1438834257305865,12.287766851461173,3.0719417128652933,-0.06143883425730587,0.9352666679458004,0.09215825138595879,-0.06143883425730574,-80.0,0.0,83.25553795069507,0.030719417128652934,-43.0,-0.06143883425730587,-0.06143883425730587,-0.06143883425730587,0.030719417128652934,209.50642481741295,-12.287766851461173,0.06143883425730586,403.30734704679344,-0.015359708564326467,117.55180843568269,-403.30734704679344,9.215825138595878,85.0,387.46460632917774,209.50642481741295,-0.046079125692979395,286.2224971088109,-96.0,0.06143883425730587,-0.015359708564326467,555.8175226035286,61.438834257305864,-0.030719417128652934,-0.06143883425730587,0.015359708564326467,0.0,0.0,22.912067745710583,176.93204522562107,-46.0,0.0,-108.0,-31.0,0.0,-32.0,-93.0,-65.0,-474.79977803950885,16.0,23.0,46.5,0.0,15.5,-272.39875940091713,-234.7667277573341,474.79977803950885,65.0,-234.7667277573341,108.0,-42.91729329576529,0.0,1496.5981,hclb
316,0.0,0.0,0.0,0.0,0.0,0.0,0.0,0.0,-0.05231581612132932,0.0,0.0,0.0,0.0,0.0,0.0,0.0,0.0,0.0,0.0,322.07620038154806,0.0,0.0,0.0,65.22502514646919,0.0,0.0,0.0,0.0,0.0,520.4492758162507,0.0,0.0,0.9430151661770433,0.0,0.0,0.0,0.0,125.83078937898881,0.0,-1000.0,1000.0,0.0,-673.4014544853164,0.0,0.0,0.0,0.0,0.0,-193.85073030156718,0.0,0.0,0.0,0.0,0.057547397733514,0.0,0.0,0.0,10.463163224265864,0.0,0.0,-158.89963331606265,0.0,0.0,-158.89963331606265,0.0,0.0,0.0,0.0,0.0,411.64310952057855,0.0,0.5231581612132933,0.0,0.0,0.0,0.0,0.0,0.0,0.0,0.0,0.0,0.0,134.99303264237108,0.0,31.389489672797595,0.0,154.29235377631088,-23.731757927097988,455.81896625665127,0.0,-0.01307895403033233,0.0,0.0,0.0,15.694744836398797,0.0,15.694744836398797,0.0,0.0,0.0,134.99303264237108,998.6921045969667,433.04748146046893,0.0,0.0,-0.9670273406340169,300.1304093627782,0.0,0.0,0.0,0.0,0.0,0.0,0.0,0.0,0.0,0.0,0.0,0.0,0.0,0.0,0.0,0.0,0.0,-474.09977046030826,0.0,0.0,15.694744836398797,0.0,16.21790299761209,0.0,0.0,-1000.0,0.0,1000.0,-1000.0,-477.78662624812637,0.0,0.0,477.78662624812637,0.0,0.0,0.0,0.0,0.0,23.327638975282184,0.05231581612132932,0.0,0.0,0.0,0.0,-300.1304093627782,0.0,0.0,0.0,0.0,320.91523321969146,0.0,0.0,0.0,0.0,0.0,548.1839023314177,548.1839023314177,0.0,0.0,0.0,-953.125,573.123155645542,0.0,0.0,548.236218147539,0.0,0.0,0.0,0.0,-59.66725044997696,0.0,0.0,0.0,0.0,0.0,0.0,0.0,0.0,0.0,0.0,0.0,0.0,0.0,0.0,-1000.0,0.0,0.0,0.0,0.0,0.0,0.0,673.4014544853164,-455.81896625665127,455.81896625665127,0.0,0.0,0.0,0.0,0.0,0.0,0.0,87.40179435578182,-952.002640239432,0.0,0.0,0.0,0.0,0.0,0.0,0.0,0.0,0.0,0.0,0.0,0.0,0.0,180.392073272715,2.3786133696412737,-1000.0,0.0,0.0,0.0,0.0,79.71610257174574,0.0,0.0,0.0,0.0,-158.89963331606265,-1000.0,0.0,0.0,0.0,0.0,0.0,0.0,0.0,0.0,976.6723610247178,0.0,0.0,0.0,-135.75425436062477,102.48222366736132,0.0,0.0,1000.0,0.0,0.0,0.0,0.0,0.0,0.0,0.0,-126.11963640080768,0.0,0.0,-1000.0,0.0,0.0,-1000.0,0.0,0.0,0.0,0.0,83.83972235356197,0.0,0.0,66.24502440676306,0.0,0.0,0.0,-1000.0,0.0,1000.0,0.0,642.1081266257582,0.0,0.0,0.0,-953.125,0.0,0.0,-158.89963331606265,-0.07847372418199398,0.0,0.0,0.0,0.0,0.05231581612132932,0.0,0.0,0.0,-72.08320843286235,0.0,0.0,-702.3755670613941,159.5252218517151,59.66725044997696,946.1579080606647,0.0,74.94763817541643,0.0,-0.9670273406340169,0.0,0.0,0.0,601.6109181862174,0.0,-676.5585563616338,-1000.0,-1000.0,0.0,0.0,0.0,0.0,0.0,0.0,0.0,0.0,0.0,0.0,0.0,0.0,0.0,0.0,0.0,0.0,0.0,511.22705311496594,0.0,385.18700047149184,0.0,0.0,974.9877917456108,510.31717553848273,0.0,0.0,-1000.0,0.0,0.0,0.0,0.0,996.0763137909003,0.0,262.29333488915483,244.187464529242,-136.12448639218462,0.0,-692.544953325337,336.097650112781,0.0,0.0,-262.29333488915483,-1000.0,868.2343231649468,134.81659098915122,-338.7134409188475,0.0,0.0,-408.10577574155246,0.0,1000.0,15.694744836398797,-656.2500000016416,656.2500000016416,0.0,0.0,0.0,0.0,0.0,-180.392073272715,180.392073272715,180.392073272715,83.50386411636815,0.0,126.85460086095117,-556.8536014393945,0.0,0.0,87.40179435578182,0.0,0.0,-9.214559079503557,0.0,0.0,69.53683677573413,0.0,0.0,0.0,0.0,-13.316131466757524,0.10463163224265534,0.0,0.0,0.0,0.0,0.0,0.0,0.0,0.0,0.0,411.64310952057855,0.0,0.0,0.0,0.0,0.0,0.0,0.0,0.0,0.0,0.057547397733514,0.057547397733514,0.0,265.92891004844915,0.0,31.389489672797595,0.0,0.0,0.0,1000.0,0.0,0.0,154.29235377631088,0.0,0.0,535.9844189117429,-1000.0,0.0,0.0,0.0,0.0,0.0,69.53683677573413,0.0,0.0,0.0,0.0,0.0,0.0,0.0,158.03325682010276,72.08320843286235,0.0,0.0,158.32067161765326,0.0,0.0,0.0,-79.71610257174574,0.0,535.9844189117429,0.0,0.0,522.6682874449854,0.0,0.0,180.392073272715,0.0,0.0,0.0,0.0,0.0,0.0,0.0,0.0,0.0,0.0,0.0,0.0,0.0,31.389489672797595,0.0,0.0,0.0,0.0,0.0,0.0,0.0,0.0,0.0,0.0,0.0,0.0,0.5231581612132933,0.0,0.0,154.29235377631088,-154.29235377631088,0.0,673.4014544853164,0.0,0.0,15.694744836398797,0.0,0.0,0.0,0.0,0.0,0.0,0.0,0.0,0.0,0.0,735.998244204236,0.0,0.0,15.694744836398797,15.694744836398797,1000.0,-1000.0,0.0,69.53683677573413,0.0,0.0,0.0,0.0,0.0,0.0,87.40179435578182,39.371789746542476,0.05231581612132932,0.0,0.0,0.0,69.09050887623269,0.0,0.0,0.0,0.0,0.0,0.0,0.0,0.0,0.0,0.0,0.0,0.0,0.0,0.0,0.0,0.0,0.0,0.05231581612132932,0.0,0.0,0.0,0.0,0.0,0.0,0.0,0.0,0.0,-142.87931120455391,117.8671029501647,0.0,0.0,-126.0400526434741,-3.923686209099742,0.0,-2.615790806066466,0.0,0.0,0.0,0.0,0.0,0.0,0.0,0.0,0.0,0.0,0.0,0.0,59.66725044997696,0.0,0.0,594.510015064514,0.0,0.0,0.0,-0.05231581612132932,0.0,0.0,0.05231581612132932,0.0,0.05231581612132932,0.0,0.0,0.0,31.389489672797595,63.82529566802177,63.82529566802177,0.0,0.0,0.0,0.0,0.0,0.0,0.0,0.0,0.0,87.40179435578182,0.0,0.0,507.116334195738,98.99897575852594,0.0,0.0,0.0,0.0,0.0,0.0,0.0,0.0,0.0,0.0,0.0,0.0,0.0,79.71610257174574,0.0,0.0,0.0,0.07847372418199398,0.0,0.0,0.0,-15.694744836398797,0.0,0.0,0.0,0.0,0.0,-265.92891004844915,2.615790806066466,0.0,0.0,0.0,953.125,-573.123155645542,974.9877917456108,-2.615790806066466,0.0,0.0,0.0,0.0,0.0,0.0,0.0,0.0,0.0,0.0,-274.18102159177556,85.53683677573413,0.0,54.53683677573414,-0.9670273406340169,0.0,117.8671029501647,0.0,-117.8671029501647,0.0,-63.82529566802177,0.0,2.615790806066466,642.3769952865307,0.0,0.0,0.0,-317.7992666321253,0.0,0.0,0.0,0.0,0.0,0.0,0.0,0.0,0.0,-7.847372418199484,0.0,63.82529566802177,0.0,-232.65738644970264,-232.65738644970264,232.65738644970264,0.0,0.0,0.0,0.0,0.0,976.6723610247178,0.0,0.0,277.6999686757483,-480.73361839681127,-691.0140856408282,-673.4014544853164,15.694744836398797,154.29235377631088,0.0,0.0,0.0,84.78362293207769,0.0,0.0,0.057547397733514,0.0,0.0,0.0,31.912647834010883,0.0,0.0,0.0,0.0,2.3786133696412737,0.0,300.1304093627782,0.0,0.0,0.0,0.0,0.0,0.0,0.0,0.0,0.005231581612132932,0.005231581612132932,0.0,0.0,0.0,0.0,0.0,0.0,0.0,0.0,0.0,0.0,0.0,0.0,0.0,0.0,0.0,265.92891004844915,0.0,0.0,0.0,0.0,0.0,0.0,0.0,0.0,0.0,0.0,0.0,308.58470755262175,262.0967187306269,623.3699281882324,0.0,0.0,0.0,0.0,31.389489672797595,0.0,0.0,0.0,0.0,0.0,0.0,-31.389489672797595,0.0,308.58470755262175,0.0,0.0,0.0,0.0,0.0,0.0,0.0,0.0,0.0,0.0,-39.371789746542476,-566.9525185395311,641.9516439973745,0.0,-15.694744836398797,0.0,125.83078937898881,0.0,0.0,0.0,0.0,0.0,0.0,0.0,0.0,0.0,39.0625,0.0,-39.0625,-39.0625,0.0,0.0,0.0,0.0,-6.539477015166199,0.0,-1000.0,602.1916237451642,0.0,0.0,0.0,0.0,0.0,0.0,-0.6539477015166165,9.214559079503557,0.0,0.0,0.0,0.0,0.0,0.0,0.0,1000.0,15.694744836398797,15.694744836398797,0.0,0.0,0.0,0.0,0.0,0.057547397733514,265.92891004844915,0.0,0.0,-125.83078937898881,0.0,0.0,0.0,0.0,0.0,0.0,0.0,0.0,0.0,0.0,0.0,0.0,0.0,0.0,0.0,0.0,0.0,0.0,0.0,54.93160692739579,0.0,0.0,158.32067161765326,0.0,0.0,0.0,265.92891004844915,0.0,0.0,0.0,0.0,0.0,-6.539477015166199,0.0,0.0,0.0,0.0,0.0,0.0,0.0,0.0,0.0,0.0,0.0,0.0,0.0,0.0,0.0,0.0,0.0,0.0,-0.05231581612132932,0.0,0.0,2.615790806066466,-535.9844189117429,0.0,0.0,0.0,0.0,0.0,0.0,0.0,0.0,-601.6109181862174,1.3078954030332852,0.0,0.0,0.0,0.05231581612132932,0.0,52.31581612132932,-16.21790299761209,10.463163224265864,0.373684400866638,145.96112697850882,-0.03923686209099699,755.812535470758,1.0463163224265866,-0.2615790806066163,-145.96112697850882,15.694744836398797,-0.05231581612132932,0.3223424468780056,69.53683677573413,0.01307895403033233,0.373684400866638,-0.9670273406340169,-162.62103170282674,-1.0463163224265866,-322.07620038154806,-0.05231581612132932,0.01307895403033233,-145.96112697850882,5.231581612132932,0.05231581612132932,0.05231581612132932,-265.8190468345943,-154.23480637857742,-12.325091951666566,-0.03923686209099699,15.694744836398797,0.05231581612132932,15.694744836398797,-26.15790806066466,-0.02615790806066466,-306.6560865867569,-85.0,-0.03923686209099699,-0.05231581612132932,-16.21790299761209,0.05231581612132932,5.231581612132932,-1.0463163224265866,79.71610257174574,79.71610257174574,-5.231581612132932,322.07620038154806,-79.71610257174574,10.463163224265864,0.07847372418199398,-40.94978471085949,5.231581612132932,-158.03325682010276,69.53683677573413,-10.463163224265864,0.02615790806066466,0.5231581612132933,175.59389176534853,96.0,-0.05231581612132932,-277.6999686757483,265.8190468345943,16.21790299761209,0.05231581612132932,162.62103170282674,6.757857430138979,69.53683677573413,-0.05231581612132932,-0.01307895403033233,-69.53683677573413,-0.05231581612132932,-313.4465408295357,0.05231581612132932,-0.01307895403033233,-0.01307895403033233,-0.01307895403033233,20.92632644853173,26.15790806066466,0.5231581612132933,106.59737058711163,-0.01307895403033233,350.86544108381906,2.615790806066466,9.273856539445228,0.05231581612132932,0.02615790806066466,0.02615790806066466,40.0,16.21790299761209,0.05231581612132932,-16.21790299761209,0.5231581612132933,0.05231581612132932,-242.2731512235544,0.05231581612132932,0.20926326448529317,0.2615790806066163,0.02615790806066466,0.01307895403033233,15.694744836398797,-0.05231581612132932,12.325091951666566,0.5231581612132933,-213.19474117422325,754.5046400677247,-5.231581612132932,10.463163224265864,2.615790806066466,-0.05231581612132932,0.9670273406340169,0.07847372418199398,-0.05231581612132932,-80.0,16.21790299761209,182.60360427034655,0.02615790806066466,-18.547713078890457,-0.05231581612132932,-0.05231581612132932,-0.05231581612132932,0.02615790806066466,145.96112697850882,-10.463163224265864,0.05231581612132932,351.18778353069706,-0.01307895403033233,154.23480637857742,-351.18778353069706,7.847372418199397,85.0,9.995414757859779,145.96112697850882,-0.03923686209099699,277.6999686757483,-96.0,0.05231581612132932,-0.01307895403033233,2.615790806066466,52.31581612132932,-0.02615790806066466,-0.05231581612132932,0.01307895403033233,0.0,0.0,40.92362680279882,135.67578063644277,-46.0,0.0,0.022699157109183687,-3.0662220430924902,0.0,-32.0,-93.0,-65.0,0.0,16.0,23.0,46.5,0.0,1.5331110215462451,-265.92891004844915,-267.38722720242424,0.0,65.0,-267.38722720242424,-0.022699157109183687,-5.983369942581364,0.0,1496.5981,hclb
317,0.0,0.0,0.0,0.0,0.0,0.0,0.0,0.0,-0.05795644121622372,0.0,0.0,0.0,0.0,0.0,0.0,0.0,0.0,363.72046897473865,0.0,0.0,0.0,0.0,0.0,504.96831826371334,0.0,0.0,0.0,0.0,0.0,0.0,0.0,0.0,7.4113231399551225,0.0,0.0,0.0,0.0,44.535165706233826,0.0,-1000.0,1000.0,0.0,0.0,0.0,0.0,0.0,370.7554727679627,0.0,356.9022860945976,-1000.0,0.0,0.0,0.0,0.06375208533781063,0.0,0.0,0.0,0.0,0.0,0.0,-5.10403058977559,0.0,5.10403058977559,0.0,0.0,0.0,0.0,0.0,0.0,34.77386472973423,0.0,0.5795644121622372,0.0,0.0,0.0,0.0,0.0,0.0,0.0,0.0,0.0,0.0,0.0,0.0,34.77386472973423,0.0,0.0,0.0,914.5499708511982,0.0,-0.014489110304055931,0.0,0.0,96.32019435476138,17.386932364867114,0.0,17.386932364867114,0.0,0.0,0.0,0.0,565.6870762517179,-1000.0,0.0,0.0,-22.307839509166374,0.0,206.7654774291034,0.0,0.0,0.0,0.0,0.0,0.0,0.0,0.0,0.0,0.0,0.0,0.0,0.0,0.0,0.0,0.0,-406.2408329383742,0.0,0.0,17.386932364867114,0.0,17.966496777029352,0.0,0.0,0.0,0.0,0.0,0.0,0.0,0.0,0.0,0.0,0.0,0.0,0.0,0.0,0.0,4.462645973649224,0.05795644121622372,0.0,0.0,0.0,0.0,-110.6454474190842,0.0,0.0,0.0,0.0,349.5841538003974,0.0,0.0,0.0,0.0,0.0,629.3024836732535,629.3024836732535,0.0,0.0,0.0,-734.375,1000.0,0.0,0.0,629.3604401144697,0.0,0.0,0.0,-81.4779605983017,0.0,0.0,0.0,0.0,0.0,0.0,0.0,0.0,0.0,0.0,0.0,0.0,0.0,0.0,0.0,-863.3773053211734,0.0,0.0,0.0,0.0,0.0,1000.0,0.0,-6.818182880140853,6.818182880140853,0.0,0.0,0.0,0.0,0.0,0.0,0.0,1000.0,-235.94485441764846,0.0,0.0,0.0,0.0,0.0,0.0,0.0,0.0,0.0,0.0,0.0,0.0,0.0,605.2656471408299,90.8280239055737,-356.9022860945976,0.0,0.0,0.0,0.0,79.1463994371614,0.0,0.0,0.0,0.0,-5.10403058977559,-356.9022860945976,0.0,0.0,0.0,0.0,0.0,0.0,0.0,0.0,1.8661974071628151,44.19104873771275,0.0,0.0,-547.6923076080785,373.67584612326004,350.0841032144568,0.0,356.9022860945976,0.0,0.0,0.0,0.0,0.0,0.0,0.0,-5.8410433339084875,0.0,0.0,-956.5981237377493,-956.5981237377493,0.0,-1000.0,1000.0,-43.40187626225065,907.7317879710573,0.0,0.0,1000.0,0.0,82.55207155610276,0.0,0.0,0.0,-665.0194467464896,0.0,665.0194467464896,0.0,1000.0,0.0,0.0,724.5735111555853,-734.375,0.0,0.0,-5.10403058977559,-0.08693466182433558,0.0,0.0,0.0,0.0,0.05795644121622372,0.0,0.0,0.0,764.977776111982,0.0,0.0,-800.3504659102172,288.1214657573002,0.0,993.4567235716186,0.0,-116.05612038854746,0.0,-22.307839509166374,0.0,0.0,0.0,-4.990049588716825,0.0,121.04616997726428,-993.4345011508888,-1000.0,0.0,0.0,0.0,0.0,0.0,0.0,0.0,0.0,0.0,0.0,0.0,0.0,0.0,0.0,0.0,0.0,0.0,-955.2330085289011,0.0,-1000.0,0.0,0.0,0.0,0.0,776.5513618000865,0.0,48.35642706375674,0.0,0.0,0.0,724.6929978455383,562.7892541909067,0.0,0.0,-216.76343125914588,-1.448911030405593,0.0,462.2762240838954,0.0,-923.7775159204477,0.0,0.0,-67.52901789711868,0.0,0.0,-2.897822060811186,0.0,0.0,997.1021779391888,538.283124127365,0.0,17.386932364867114,0.0,0.0,0.0,0.0,0.0,0.0,605.2656471408299,0.0,0.0,0.0,103.71655126592162,0.0,0.0,0.0,0.0,0.0,1000.0,0.0,0.0,-10.20806117955118,0.0,0.0,23.930208793248568,0.0,0.0,0.0,0.0,-37.204355878377626,0.11591288243248614,0.0,0.0,0.0,0.0,0.0,0.0,0.0,0.0,0.0,34.77386472973423,0.0,0.0,0.0,0.0,0.0,0.0,0.0,0.0,0.0,0.06375208533781063,0.06375208533781063,0.0,689.6743588975851,0.0,34.77386472973423,0.0,0.0,0.0,1000.0,0.0,0.0,0.0,0.0,0.0,365.7726756164567,-1000.0,0.0,0.0,0.0,0.0,0.0,23.930208793248568,0.0,0.0,0.0,0.0,0.0,0.0,0.0,135.41361097945807,-764.977776111982,110.6454474190842,0.0,4.462645973649224,0.0,-728.6291340856322,824.9493284403936,745.8029290032322,0.0,365.7726756164567,0.0,328.5683197380791,0.0,0.0,0.0,605.2656471408299,0.0,0.0,0.0,0.0,0.0,0.0,0.0,0.0,0.0,0.0,0.0,0.0,0.0,34.77386472973423,0.0,0.0,0.0,0.0,0.0,0.0,0.0,0.0,0.0,0.0,0.0,0.0,0.5795644121622372,0.0,0.0,0.0,0.0,0.0,0.0,0.0,0.0,17.386932364867114,0.0,0.0,0.0,0.0,0.0,0.0,0.0,0.0,0.0,0.0,352.7680925500267,0.0,0.0,17.386932364867114,17.386932364867114,392.75445844146,-1000.0,0.0,23.930208793248568,0.0,0.0,0.0,0.0,0.0,993.4345011508888,1000.0,1000.0,0.05795644121622372,0.0,0.0,0.0,76.53976011762573,0.0,0.0,-96.32019435476138,0.0,0.0,0.0,0.0,0.0,0.0,0.0,0.0,0.0,0.0,0.0,0.0,0.0,0.0,0.05795644121622372,0.0,0.0,0.0,0.0,0.0,0.0,0.0,0.0,0.0,0.0,48.35642706375674,0.0,0.0,-44.76699147109889,-4.346733091216779,-2.897822060811186,0.0,0.0,-734.375,-734.375,734.375,0.0,0.0,0.0,0.0,0.0,0.0,0.0,0.0,0.0,0.0,0.0,1000.0,0.0,0.0,0.0,-0.05795644121622372,0.0,0.0,0.05795644121622372,0.0,0.05795644121622372,0.0,0.0,0.0,34.77386472973423,70.70685828379294,70.70685828379294,0.0,0.0,0.0,0.0,0.0,0.0,0.0,110.6454474190842,0.0,1000.0,0.0,0.0,0.0,0.0,0.0,0.0,0.0,0.0,0.0,0.0,0.0,0.0,0.0,0.0,0.0,0.0,0.0,79.1463994371614,0.0,0.0,0.0,0.08693466182433558,0.0,0.0,0.0,-17.386932364867114,0.0,0.0,0.0,0.0,0.0,-689.6743588975851,2.897822060811186,0.0,0.0,0.0,734.375,-1000.0,-48.35642706375674,0.0,0.0,0.0,0.0,0.0,0.0,0.0,0.0,0.0,0.0,0.0,297.55190190611387,84.40871175675525,0.0,164.05415917583946,-22.307839509166374,0.0,0.0,0.0,0.0,0.0,-70.70685828379294,0.0,2.8978220608112224,774.7464955690256,0.0,0.0,0.0,-10.20806117955118,0.0,0.0,0.0,0.0,0.0,-54.68527044456878,0.0,0.0,0.0,-8.693466182433493,0.0,70.70685828379294,0.0,-53.05312547336556,-53.05312547336556,53.05312547336556,0.0,0.0,0.0,0.0,0.0,1.8661974071628151,0.0,0.0,702.7145581712354,-111.31362484735996,-274.3046499581563,0.0,17.386932364867114,0.0,0.0,0.0,0.0,179.5412649806058,0.0,0.0,0.06375208533781063,0.0,0.0,0.0,35.35342914189647,0.0,0.0,0.0,0.0,90.8280239055737,0.0,0.0,0.0,0.0,0.0,0.0,0.0,0.0,0.0,0.0,0.005795644121622372,0.005795644121622372,0.0,0.0,0.0,0.0,0.0,0.0,0.0,0.0,0.0,0.0,0.0,0.0,0.0,0.0,0.0,689.6743588975851,0.0,0.0,0.0,0.0,0.0,0.0,0.0,1000.0,0.0,0.0,0.0,0.0,356.9022860945976,0.0,363.72046897473865,0.0,0.0,0.0,34.77386472973423,0.0,0.0,0.0,0.0,0.0,0.0,-34.77386472973423,0.0,0.0,0.0,0.0,0.0,0.0,0.0,0.0,0.0,0.0,0.0,0.0,-1000.0,-1000.0,39.700162233113225,0.0,-17.386932364867114,0.0,44.535165706233826,0.0,0.0,0.0,0.0,0.0,0.0,0.0,0.0,0.0,0.0,0.0,0.0,0.0,0.0,0.0,0.0,0.0,-7.244555152027965,0.0,-567.1359872821236,-4.346733091216778,0.0,0.0,0.0,0.0,0.0,0.0,-0.7244555152027965,10.20806117955118,0.0,0.0,0.0,0.0,0.0,0.0,0.0,1000.0,17.386932364867114,17.386932364867114,0.0,0.0,0.0,0.0,0.0,0.06375208533781063,689.6743588975851,0.0,0.0,-44.535165706233826,0.0,0.0,0.0,0.0,0.0,0.0,0.0,0.0,0.0,0.0,0.0,0.0,0.0,0.0,0.0,0.0,0.0,0.0,0.0,60.8542632770349,0.0,0.0,4.462645973649224,0.0,0.0,0.0,689.6743588975851,0.0,45.45860500294555,0.0,0.0,0.0,-7.244555152027965,0.0,0.0,0.0,0.0,0.0,0.0,0.0,0.0,0.0,0.0,0.0,0.0,0.0,0.0,0.0,0.0,0.0,0.0,-0.05795644121622372,0.0,0.0,2.897822060811186,-365.7726756164567,0.0,0.0,0.0,0.0,0.0,0.0,0.0,0.0,4.990049588716825,1.448911030405593,0.0,0.0,0.0,0.05795644121622372,0.0,57.956441216223716,-17.966496777029352,11.591288243244744,0.41397458011588373,161.69847099326418,-0.04346733091216779,284.2924491562645,1.1591288243244744,-0.2897822060812881,-161.69847099326418,17.386932364867114,-0.057956441216223724,7.435946503055458,23.930208793248568,0.014489110304055931,0.41397458011588373,-22.307839509166374,-9.226665441623226,-1.1591288243244762,-363.72046897473865,-0.057956441216223724,0.014489110304055931,-161.69847099326418,5.795644121622372,0.057956441216223724,0.05795644121622372,-689.5526503710311,0.0637520853378461,0.0,-0.04346733091216779,17.386932364867114,0.057956441216223724,17.386932364867114,-28.978220608111858,-0.028978220608111862,-304.9684747820647,-85.0,-0.04346733091216779,-0.057956441216223724,-17.966496777029352,0.05795644121622372,5.795644121622372,-1.1591288243244744,79.1463994371614,79.1463994371614,-5.795644121622372,363.72046897473865,-79.1463994371614,11.591288243244744,0.08693466182433558,-768.4136244987731,5.795644121622372,-135.41361097945807,23.930208793248568,-11.591288243244744,0.028978220608111862,0.5795644121622372,200.0876164775543,96.0,-0.05795644121622372,-702.7145581712354,689.5526503710311,17.966496777029352,0.057956441216223724,9.226665441623226,-45.61752066622,23.930208793248568,-0.05795644121622372,-0.014489110304055931,-23.930208793248568,-0.057956441216223724,-37.204355878377626,0.057956441216223724,-0.014489110304055931,-0.014489110304055931,-0.014489110304055931,23.182576486489488,28.978220608111858,0.5795644121622372,316.7411648591974,-0.014489110304055931,392.73928645205314,2.897822060811186,21.5,0.05795644121622372,0.028978220608111862,0.028978220608111862,17.760748518246658,17.966496777029352,0.05795644121622372,-17.966496777029352,0.5795644121622372,0.057956441216223724,-864.3465378054516,0.057956441216223724,0.23182576486510698,0.2897822060812881,0.028978220608111862,0.014489110304055931,17.386932364867114,-0.057956441216223724,0.0,0.5795644121622381,-633.4823297183948,282.84353812585897,-5.795644121622372,11.591288243244744,2.897822060811186,-0.057956441216223724,22.307839509166374,0.08693466182433558,-0.057956441216223724,-35.521497036493315,17.966496777029352,-20.00525643521263,0.028978220608111862,-43.0,-0.057956441216223724,-0.057956441216223724,-0.057956441216223724,0.028978220608111862,161.69847099326418,-11.591288243244744,0.05795644121622372,400.1752329551086,-0.014489110304055931,-0.0637520853378461,-400.1752329551086,8.693466182433557,85.0,270.442794181837,161.69847099326418,-0.04346733091216779,702.7145581712354,-96.0,0.057956441216223724,-0.01448911030405593,727.5908199063496,57.956441216223716,-0.028978220608111862,-0.057956441216223724,0.014489110304055931,1000.0,0.0,-139.34714169289236,547.6053729462542,-46.0,32.599760494468,714.9007470274794,-31.0,0.0,-32.0,-93.0,-65.0,-907.7317879710573,16.0,23.0,46.5,0.0,15.5,-689.6743588975851,-159.53600854539317,907.7317879710573,65.0,-159.53600854539317,-714.9007470274794,377.3613117860385,-32.599760494468,1496.5981,hclb
318,0.0,0.0,0.0,0.0,0.0,0.0,0.0,0.0,-0.05768472531322107,0.0,0.0,0.0,0.0,0.0,0.0,0.0,-77.45347949511518,-47.706848658279,0.0,0.0,0.0,0.0,0.0,0.0,0.0,0.0,0.0,0.0,0.0,654.5591655264743,0.0,0.0,1.1102396187259767,0.0,0.0,0.0,0.0,632.06219524561,0.0,-1000.0,1000.0,0.0,0.0,-801.4939236553873,0.0,0.0,0.0,0.0,0.0,-657.0904993020214,0.0,-224.3882376240282,0.0,0.06345319784449777,0.0,0.0,0.0,11.536945062644214,0.0,0.0,12.426095380775646,0.0,-630.1890688866508,-670.2815640759557,45.42416413052962,0.0,0.0,0.0,72.94520849749743,0.0,0.0,0.5768472531322107,0.0,0.0,0.0,0.0,0.0,0.0,0.0,0.0,0.0,0.0,657.8134621737398,0.0,34.61083518793264,0.0,0.0,205.8998459973651,408.5136536458745,77.54000658308496,-0.014421181328305268,0.0,0.0,-466.0350675747671,17.30541759396632,0.0,17.30541759396632,-1.8574481550861037,0.0,0.0,657.8134621737398,2.8842362656610536,267.494762894848,0.0,0.0,0.0,0.0,1000.0,0.0,0.0,0.0,0.0,0.0,0.0,0.0,0.0,0.0,0.0,0.0,0.0,0.0,0.0,0.0,0.0,-558.2229815595919,0.0,0.0,17.30541759396632,0.0,17.88226484709853,0.0,0.0,-457.85256410104444,0.0,457.85256410104444,-457.85256410104444,0.0,440.4589393355845,-440.4589393355845,-52.51859057008044,0.0,0.0,0.0,0.0,0.0,-653.3717383246218,0.05768472531322107,0.0,0.0,0.0,0.0,-210.9406507199507,0.0,0.0,0.0,0.0,162.92994137511366,0.0,0.0,0.0,0.0,0.0,406.5614509509594,406.5614509509594,0.0,0.0,0.0,0.0,0.0,0.0,0.0,406.6191356762726,0.0,0.0,0.0,0.0,-337.2160588682816,0.0,0.0,0.0,0.0,0.0,0.0,0.0,0.0,0.0,0.0,0.0,0.0,0.0,0.0,-1000.0,0.0,0.0,0.0,0.0,0.0,657.0904993020214,224.3882376240282,408.5136536458745,-408.5136536458745,0.0,0.0,0.0,0.0,0.0,0.0,0.0,387.06440263162625,-742.8068850068462,0.0,0.0,0.0,0.0,0.0,0.0,0.0,0.0,0.0,0.0,0.0,0.0,0.0,350.3291889576186,229.356307932643,-801.4939236553873,0.0,0.0,0.0,52.51859057008044,79.17384274336467,0.0,0.0,0.0,0.0,12.426095380775646,0.0,0.0,0.0,0.0,0.0,0.0,0.0,0.0,0.0,0.0,0.0,0.0,0.0,0.0,0.0,838.8017372672678,0.0,801.4939236553873,0.0,0.0,52.51859057008044,678.3075131373515,0.0,0.0,0.0,111.69319257901964,0.0,0.0,-923.0412585860913,0.0,0.0,-923.0412585860913,0.0,0.0,817.027307291749,0.0,-69.48127863379784,657.0904993020214,0.0,81.76654088052209,0.0,0.0,0.0,0.0,0.0,0.0,0.0,406.5037662256462,0.0,52.51859057008044,-197.59797468871452,0.0,0.0,0.0,12.426095380775646,-0.0865270879698316,0.0,0.0,0.0,0.0,0.05768472531322107,0.0,0.0,0.0,903.520739662669,-77.45347949511518,0.0,-631.6480202319602,280.0167202035603,337.2160588682816,896.3237720865301,0.0,193.40881622228633,0.0,0.0,0.0,0.0,0.0,383.7120436132841,-276.8166177486522,-300.3042420869183,-1000.0,175.11948287295428,0.0,0.0,0.0,0.0,0.0,0.0,0.0,0.0,0.0,0.0,0.0,0.0,0.0,0.0,0.0,0.0,0.0,0.0,0.0,-1000.0,0.0,367.70706585313667,0.0,0.0,0.0,0.0,653.3717383246218,0.0,0.0,0.0,0.0,0.0,-436.65227694189434,24.876030257309935,-2.8842362656610536,0.0,640.5236861930491,-339.43852931530176,0.0,-1000.0,833.9530609899138,-24.876030257309935,0.0,0.0,-1.4421181328305268,-2.8842362656610536,0.0,0.0,0.0,0.0,317.4773585353691,17.30541759396632,0.0,0.0,0.0,86.25541060314455,0.0,0.0,0.0,-350.3291889576186,350.3291889576186,350.3291889576186,-4.792355665788762,0.0,0.0,0.0,0.0,0.0,387.06440263162625,0.0,0.0,-27.66639980852915,0.0,609.3750000002799,120.98164550743623,0.0,0.0,0.0,0.0,1.1102396187259767,0.1153694506263782,0.0,0.0,0.0,0.0,0.0,0.0,0.0,0.0,0.0,72.94520849749743,0.0,0.0,0.0,0.0,0.0,0.0,0.0,0.0,0.0,0.06345319784449777,0.06345319784449777,0.0,434.7922438949744,0.0,34.61083518793264,0.0,174.11410656761018,0.0,974.7739845300116,0.0,434.0485662678344,0.0,0.0,0.0,242.99909570936953,-974.7739845300116,0.0,0.0,0.0,0.0,0.0,120.98164550743623,0.0,0.0,0.0,0.0,0.0,0.0,0.0,186.0743271865306,-903.520739662669,210.9406507199507,0.0,4.44172384911802,0.0,-545.2089103181318,79.17384274336467,0.0,0.0,242.99909570936953,0.0,244.1093353280955,0.0,0.0,0.0,350.3291889576186,0.0,0.0,0.0,0.0,0.0,0.0,0.0,0.0,0.0,0.0,0.0,0.0,0.0,34.61083518793264,52.51859057008044,52.51859057008044,0.0,0.0,0.0,0.0,0.0,0.0,0.0,0.0,0.0,0.0,0.5768472531322107,0.0,0.0,0.0,0.0,0.0,224.3882376240282,0.0,0.0,17.30541759396632,0.0,0.0,0.0,0.0,0.0,0.0,0.0,0.0,0.0,0.0,-315.80864488069994,679.3348156475924,0.0,17.30541759396632,17.30541759396632,1000.0,-974.7739845300116,0.0,120.98164550743623,0.0,0.0,0.0,0.0,0.0,16.065519715163532,387.06440263162625,175.11948287295428,0.05768472531322107,0.0,0.0,-514.2283184527653,590.4092389039184,0.0,0.0,466.0350675747671,0.0,0.0,0.0,0.0,0.0,0.0,0.0,0.0,0.0,0.0,0.0,0.0,0.0,0.0,0.05768472531322107,0.0,0.0,0.0,-247.86793374008653,247.86793374008653,0.0,0.0,0.0,367.70706585313667,0.0,653.3717383246218,0.0,0.0,-1000.0,-4.326354398491581,-2.8842362656610536,0.0,0.0,0.0,0.0,0.0,0.0,0.0,0.0,0.0,0.0,0.0,0.0,52.51859057008044,337.2160588682816,0.0,0.0,320.36159480103015,0.0,0.0,0.0,-0.05768472531322107,0.0,0.0,0.05768472531322107,0.0,0.05768472531322107,0.0,0.0,0.0,34.61083518793264,70.3753648821297,70.3753648821297,0.0,0.0,0.0,0.0,0.0,0.0,0.0,210.9406507199507,0.0,387.06440263162625,0.0,0.0,0.0,388.6786984627524,0.0,0.0,0.0,0.0,0.0,0.0,0.0,0.0,0.0,0.0,0.0,0.0,0.0,79.17384274336467,0.0,0.0,0.0,0.0865270879698316,0.0,0.0,0.0,-17.30541759396632,0.0,0.0,0.0,0.0,0.0,-434.7922438949744,2.8842362656610536,0.0,0.0,0.0,0.0,0.0,-653.3717383246218,0.0,0.0,609.3750000002799,0.0,0.0,0.0,0.0,0.0,52.51859057008044,0.0,0.0,0.0,84.46305493735579,0.0,264.4037056573065,0.0,0.0,0.0,0.0,0.0,0.0,607.9321482552218,174.11410656761018,2.8842362656610536,775.8025465976356,0.0,0.0,0.0,-27.66639980852915,0.0,0.0,0.0,0.0,0.0,0.0,0.0,0.0,0.0,439.11859829346594,-447.7713070904492,70.3753648821297,0.0,0.0,0.0,0.0,0.0,0.0,0.0,0.0,0.0,0.0,0.0,0.0,0.0,-149.12612894865055,0.0,0.0,17.30541759396632,0.0,0.0,0.0,0.0,68.36112821029899,0.0,0.0,0.06345319784449777,0.0,0.0,0.0,35.18768244106485,0.0,0.0,0.0,0.0,229.356307932643,0.0,0.0,0.0,0.0,0.0,0.0,0.0,0.0,0.0,0.0,0.005768472531322273,0.005768472531322273,0.0,0.0,0.0,0.0,0.0,0.0,0.0,0.0,0.0,-514.2283184527653,0.0,0.0,0.0,0.0,0.0,434.7922438949744,0.0,0.0,0.0,0.0,0.0,0.0,0.0,657.0904993020214,0.0,0.0,0.0,0.0,0.0,0.0,-47.706848658279,0.0,0.0,0.0,34.610835187932594,0.0,0.0,0.0,0.0,0.0,965.3891648120674,-1000.0,0.0,0.0,0.0,0.0,0.0,0.0,0.0,0.0,0.0,0.0,0.0,0.0,1000.0,-716.4397173899885,428.19273530230885,0.0,-17.30541759396632,0.0,999.7692610987467,0.0,0.0,0.0,0.0,0.0,0.0,0.0,0.0,0.0,7.812500000000001,0.0,-7.8125,-7.8125,0.0,0.0,0.0,174.11410656761018,-7.210590664152635,52.51859057008044,-4.326354398491581,832.12365115471,0.0,0.0,0.0,0.0,0.0,0.0,-0.7210590664152634,27.66639980852915,0.0,0.0,0.0,0.0,0.0,0.0,0.0,1000.0,17.30541759396632,17.30541759396632,0.0,0.0,0.0,0.0,0.0,0.06345319784449777,434.7922438949744,0.0,0.0,-999.7692610987467,0.0,0.0,0.0,0.0,0.0,0.0,0.0,0.0,0.0,0.0,0.0,0.0,0.0,0.0,0.0,0.0,0.0,0.0,0.0,60.568961578882124,4.44172384911802,0.0,0.0,0.0,0.0,0.0,434.7922438949744,0.0,648.6300539038747,0.0,0.0,0.0,-7.210590664152635,0.0,0.0,0.0,0.0,0.0,0.0,0.0,0.0,0.0,0.0,0.0,0.0,0.0,0.0,0.0,0.0,0.0,0.0,-0.05768472531322107,0.0,0.0,2.8842362656610536,-242.99909570936953,0.0,0.0,0.0,0.0,52.51859057008044,0.0,0.0,0.0,-383.7120436132841,1.4421181328305268,0.0,0.0,0.0,0.05768472531322107,0.0,57.68472531322107,-17.88226484709853,11.536945062644214,0.4120337522372934,160.94038362388676,-0.0432635439849158,2.8842362656610536,1.1536945062644215,-0.2884236265665105,-160.94038362388676,17.30541759396632,-0.05768472531322107,0.0,120.98164550743623,0.014421181328305268,0.4120337522372934,0.0,-9.18340826986514,-1.1536945062644215,125.16032815339418,-0.05768472531322107,0.014421181328305268,-160.94038362388676,5.768472531322107,0.05768472531322107,0.05768472531322107,-434.67110597181664,0.06345319784454334,0.0,-0.0432635439849158,17.30541759396632,0.05768472531322107,17.30541759396632,-28.842362656610536,-0.028842362656610537,-162.92994137511366,-85.0,-0.0432635439849158,-0.05768472531322107,-17.88226484709853,0.05768472531322107,5.768472531322107,-1.1536945062644215,79.17384274336467,79.17384274336467,-5.768472531322107,-125.16032815339418,-79.17384274336467,11.536945062644214,0.0865270879698316,-868.0138178904926,5.768472531322107,-186.0743271865306,120.98164550743623,-11.536945062644214,0.028842362656610537,0.5768472531322107,157.91200505799006,96.0,-0.05768472531322107,-447.7713070904492,434.67110597181664,17.88226484709853,0.05768472531322107,9.18340826986514,51.759975131570855,120.98164550743623,-0.05768472531322107,-0.014421181328305268,-120.98164550743623,-0.05768472531322107,1.1102396187259767,0.05768472531322107,-0.014421181328305268,-0.014421181328305268,-0.014421181328305268,23.07389012528843,28.842362656610536,0.5768472531322107,42.73717086643336,-0.014421181328305268,315.8240101159801,2.8842362656610536,2.329116456298065,0.05768472531322107,0.028842362656610537,0.028842362656610537,40.0,17.88226484709853,0.05768472531322107,-17.88226484709853,0.5768472531322107,0.05768472531322107,-42.73717086643336,0.05768472531322107,0.23073890125328944,0.2884236265665105,0.028842362656610537,0.014421181328305268,17.30541759396632,-0.05768472531322107,0.0,0.5768472531322107,-85.47434173286672,1.4421181328305268,-5.768472531322107,11.536945062644214,2.8842362656610536,-0.05768472531322107,0.0,0.0865270879698316,-0.05768472531322107,-80.0,17.88226484709853,148.09442269257198,0.028842362656610537,-4.65823291259613,-0.05768472531322107,-0.05768472531322107,-0.05768472531322107,0.028842362656610537,160.94038362388676,-11.536945062644214,0.05768472531322107,315.8240101159801,-0.014421181328305268,-0.06345319784454334,-315.8240101159801,8.65270879698316,85.0,513.7665782945613,160.94038362388676,-0.0432635439849158,447.7713070904492,-96.0,0.05768472531322107,-0.014421181328305267,2.8842362656610536,57.68472531322107,-0.028842362656610537,-0.05768472531322107,0.014421181328305268,0.0,0.0,-26.58233834699795,0.0,-46.0,0.0,313.5212356742341,-2.3850720481481167,0.0,-32.0,-93.0,-65.0,-894.567313874834,16.0,23.0,46.5,0.0,1.1925360240740583,-434.7922438949744,-216.45555090287095,894.567313874834,65.0,-216.45555090287095,-313.5212356742341,127.99639400567057,0.0,1496.5981,hclb
319,0.0,0.0,0.0,0.0,0.0,0.0,0.0,0.0,-0.04756103351265504,0.0,0.0,0.0,0.0,0.0,0.0,0.0,0.0,487.77046318392803,0.0,0.0,0.0,0.0,0.0,0.0,0.0,0.0,0.0,0.0,0.0,517.121895353417,52.757897933168415,-52.757897933168415,19.165855483973004,0.0,0.0,0.0,0.0,9.256443641873147,0.0,-1000.0,1000.0,0.0,0.0,-177.37185074758594,0.0,0.0,0.0,205.42507420642164,0.0,0.0,0.0,0.0,0.0,0.052317136863832416,0.0,0.0,0.0,214.93728090895266,0.0,0.0,-108.39041713220877,0.0,0.0,-108.39041713220877,0.0,0.0,0.0,0.0,0.0,182.49912912197942,0.0,0.47561033512655043,0.0,0.0,0.0,0.0,0.0,0.0,0.0,0.0,0.0,0.0,0.0,0.0,28.536620107593027,0.0,86.6159094698048,166.14705264335623,0.0,321.6234105405718,-0.01189025837816376,0.0,0.0,-831.7861789896124,14.268310053796514,0.0,14.268310053796514,0.0,0.0,0.0,0.0,2.378051675632752,517.121895353417,0.0,0.0,-10.783045675397412,582.4603319220665,0.0,0.0,0.0,0.0,0.0,0.0,0.0,0.0,0.0,0.0,0.0,0.0,0.0,0.0,0.0,0.0,0.0,-429.50789109089294,0.0,0.0,14.268310053796514,0.0,14.743920388923062,0.0,0.0,480.28533098301574,-480.28533098301574,0.0,0.0,0.0,0.0,0.0,0.0,0.0,0.0,0.0,0.0,0.0,90.27810905027926,0.04756103351265504,0.0,0.0,0.0,-1000.0,-81.40144019137307,0.0,0.0,0.0,0.0,340.5584444604087,0.0,0.0,0.0,0.0,0.0,-46.40667793318737,-46.40667793318737,0.0,0.0,0.0,-703.125,-1000.0,0.0,0.0,6.398781033493705,0.0,0.0,0.0,-481.4182882824376,0.0,0.0,0.0,0.0,0.0,0.0,0.0,0.0,0.0,0.0,0.0,0.0,0.0,0.0,0.0,-1000.0,0.0,0.0,0.0,0.0,0.0,0.0,0.0,-321.6234105405718,321.6234105405718,0.0,0.0,0.0,0.0,0.0,0.0,0.0,0.0,-451.51622762230636,0.0,0.0,0.0,0.0,0.0,0.0,0.0,0.0,0.0,0.0,0.0,0.0,0.0,168.1643009207088,510.80918245628123,-517.121895353417,0.0,0.0,0.0,0.0,62.282971268401326,0.0,0.0,0.0,0.0,-108.39041713220877,-339.7500446058311,52.757897933168415,0.0,0.0,0.0,0.0,0.0,0.0,0.0,578.1664041386567,0.0,0.0,0.0,-321.6234105405718,0.0,-155.47635789721556,0.0,517.121895353417,0.0,0.0,0.0,-57.60912335145923,0.0,0.0,0.0,-56.89429721794761,0.0,0.0,-365.6780441285869,0.0,0.0,-365.67804412858686,0.0,0.0,-321.6234105405718,0.0,0.0,0.0,0.0,70.41231223190624,0.0,0.0,0.0,-983.5913647777103,0.0,983.5913647777103,0.0,734.1803852260463,0.0,0.0,14.230208882376473,-703.125,0.0,0.0,-108.39041713220877,-0.07134155026898256,0.0,0.0,0.0,0.0,0.04756103351265504,0.0,0.0,0.0,345.28231453914543,0.0,0.0,-655.8654478366094,671.1399728035983,0.0,943.7805167563275,0.0,4.095004985439511,0.0,-10.783045675397412,0.0,0.0,0.0,-4.095004985439511,0.0,0.0,-1000.0,-1000.0,0.0,0.0,0.0,0.0,0.0,0.0,0.0,0.0,0.0,0.0,0.0,0.0,0.0,0.0,0.0,0.0,0.0,-718.1551109335481,0.0,-1000.0,0.0,272.39820129052794,523.8770409263809,0.0,0.0,0.0,-615.6866152557675,0.0,0.0,0.0,0.0,0.0,0.0,0.0,759.4797194503469,688.3046327986586,0.0,0.0,0.0,0.0,-64.04093162479002,0.0,-761.8577711259796,-74.46424149798351,-689.4936586364751,-2.378051675632752,0.0,0.0,151.58445733875365,0.0,0.0,14.268310053796514,0.0,0.0,0.0,0.0,0.0,0.0,0.0,-168.1643009207088,168.1643009207088,168.1643009207088,94.27083897286641,0.0,0.0,-987.7244546689923,0.0,0.0,0.0,0.0,0.0,-43.549015324807925,0.0,0.0,70.487793297469,0.0,0.0,0.0,0.0,-2.400235866821845,0.09512206702532496,0.0,0.0,0.0,0.0,0.0,0.0,0.0,0.0,0.0,182.49912912197942,0.0,0.0,0.0,0.0,0.0,0.0,0.0,0.0,0.0,0.052317136863832416,0.052317136863832416,52.757897933168415,254.65209421817778,0.0,28.536620107593027,0.0,0.0,0.0,1000.0,0.0,0.0,86.6159094698048,0.0,0.0,464.37422381628863,-1000.0,0.0,0.0,0.0,0.0,0.0,70.487793297469,0.0,0.0,0.0,0.0,0.0,0.0,0.0,143.16929703029766,-345.28231453914543,498.94110826930654,0.0,90.27810905027926,0.0,-756.8232385593847,-74.96294043022766,-137.245911698629,0.0,464.37422381628863,0.0,461.9739879494668,0.0,0.0,0.0,168.1643009207088,0.0,0.0,0.0,0.0,0.0,0.0,0.0,0.0,0.0,0.0,0.0,0.0,0.0,28.536620107593027,0.0,0.0,0.0,0.0,0.0,0.0,0.0,0.0,0.0,0.0,0.0,0.0,0.47561033512655043,0.0,52.757897933168415,86.6159094698048,-86.6159094698048,52.757897933168415,0.0,0.0,0.0,14.268310053796514,0.0,0.0,0.0,0.0,0.0,0.0,0.0,0.0,0.0,0.0,0.0,0.0,0.0,14.268310053796514,14.268310053796514,1000.0,-1000.0,0.0,70.487793297469,0.0,0.0,0.0,0.0,0.0,482.878104646583,0.0,540.3669147834388,0.04756103351265504,0.0,0.0,62.81113918681993,0.0,0.0,0.0,831.7861789896124,0.0,0.0,0.0,0.0,0.0,0.0,0.0,0.0,0.0,0.0,0.0,0.0,0.0,0.0,0.04756103351265504,0.0,0.0,0.0,-609.4686616134194,609.4686616134194,0.0,0.0,0.0,272.39820129052794,0.0,-91.8095743293866,0.0,0.0,-281.84488906645186,-3.567077513449124,-2.3780516756327503,0.0,0.0,0.0,0.0,0.0,0.0,0.0,0.0,0.0,0.0,0.0,0.0,0.0,0.0,0.0,0.0,153.9625090143864,0.0,0.0,0.0,-0.04756103351265504,0.0,0.0,0.04756103351265504,0.0,0.04756103351265504,0.0,0.0,0.0,28.536620107593027,58.024460885439154,58.024460885439154,0.0,0.0,0.0,0.0,0.0,0.0,0.0,498.94110826930654,0.0,0.0,0.0,0.0,0.0,0.0,0.0,0.0,0.0,0.0,0.0,0.0,0.0,0.0,0.0,0.0,0.0,0.0,0.0,62.282971268401326,0.0,0.0,0.0,0.07134155026898256,0.0,0.0,0.0,-14.268310053796514,0.0,0.0,0.0,0.0,0.0,-254.65209421817778,2.378051675632752,0.0,0.0,0.0,703.125,1000.0,521.4989892507482,0.0,0.0,0.0,0.0,0.0,0.0,0.0,0.0,0.0,0.0,0.0,109.71359642034554,86.487793297469,0.0,554.4289015667756,-10.783045675397412,0.0,-94.1876260050193,0.0,94.1876260050193,0.0,-115.63358423689839,0.0,2.3780516756327503,728.53337767991,0.0,0.0,-52.757897933168415,-216.78083426441754,0.0,0.0,116.02325104735097,-116.02325104735097,0.0,0.0,0.0,0.0,0.0,258.2191717316269,-265.3533267585251,58.024460885439154,0.0,-128.6017051479198,-128.6017051479198,181.3596030810882,0.0,0.0,0.0,0.0,0.0,578.1664041386567,0.0,0.0,0.0,-245.31026830879935,415.11917689524,0.0,14.268310053796514,86.6159094698048,0.0,0.0,0.0,58.852307900420996,0.0,0.0,0.052317136863832416,0.0,0.0,0.0,29.012230442719577,0.0,0.0,0.0,0.0,510.80918245628123,0.0,582.4603319220665,0.0,0.0,0.0,0.0,0.0,0.0,-431.5344545249062,0.0,0.004756103351265376,0.004756103351265376,0.0,0.0,0.0,0.0,0.0,0.0,0.0,0.0,0.0,62.81113918681993,52.757897933168415,0.0,0.0,0.0,0.0,254.65209421817778,0.0,0.0,0.0,0.0,0.0,0.0,0.0,0.0,0.0,0.0,0.0,173.2318189396096,0.0,0.0,487.77046318392803,0.0,0.0,0.0,28.536620107593027,0.0,0.0,0.0,0.0,0.0,0.0,-28.536620107593027,0.0,173.2318189396096,0.0,0.0,0.0,0.0,0.0,0.0,0.0,52.757897933168415,52.757897933168415,0.0,-540.3669147834388,0.0,32.57930795616871,-288.47631936286285,274.2080093090663,0.0,281.6546449324011,0.0,0.0,0.0,0.0,0.0,0.0,0.0,0.0,0.0,992.1875,0.0,-992.1875000000001,-992.1875,0.0,0.0,0.0,0.0,-5.945129189081874,0.0,-3.567077513449124,261.786249245076,0.0,0.0,0.0,0.0,0.0,-0.594512918908188,0.0,43.549015324807925,0.0,0.0,0.0,0.0,0.0,0.0,0.0,1000.0,14.268310053796514,14.268310053796514,0.0,0.0,0.0,0.0,0.0,0.052317136863832416,254.65209421817778,0.0,0.0,-281.6546449324011,0.0,0.0,0.0,0.0,0.0,0.0,0.0,0.0,0.0,0.0,0.0,0.0,0.0,0.0,0.0,0.0,0.0,0.0,0.0,49.9390851882878,90.27810905027926,0.0,0.0,0.0,0.0,0.0,254.65209421817778,0.0,0.0,0.0,0.0,0.0,-5.945129189081874,0.0,0.0,0.0,0.0,0.0,0.0,0.0,0.0,0.0,0.0,0.0,0.0,0.0,0.0,0.0,0.0,0.0,0.0,-0.04756103351265504,0.0,0.0,2.378051675632752,-464.37422381628863,0.0,0.0,0.0,0.0,0.0,0.0,0.0,0.0,4.095004985439511,1.1890258378163718,0.0,0.0,0.0,0.04756103351265504,0.0,47.56103351265504,-14.743920388923062,9.512206702531008,0.339721667947536,132.69528350030757,-0.03567077513449128,2.3780516756327077,0.9512206702531009,-0.2378051675634083,-132.69528350030757,14.268310053796514,-0.047561033512655046,3.594348558465804,70.487793297469,0.011890258378163761,0.339721667947536,-10.783045675397412,-94.1876260050193,51.806677262915315,-487.77046318392803,-0.047561033512655046,0.011890258378163761,-132.69528350030757,4.756103351265504,0.047561033512655046,0.04756103351265504,-254.5522160478013,-86.56359233294089,0.0,-0.03567077513449128,14.268310053796514,0.047561033512655046,14.268310053796514,-23.780516756327522,-0.023780516756327523,-318.9923531096139,-67.08663565317948,-0.03567077513449128,-0.047561033512655046,-14.743920388923062,0.04756103351265504,4.756103351265504,-0.9512206702531009,62.282971268401326,62.282971268401326,-4.756103351265504,487.77046318392803,-62.282971268401326,9.512206702531008,0.07134155026898256,-130.0649070073198,4.756103351265504,-143.16929703029766,70.487793297469,-9.512206702531008,0.02378051675632752,0.47561033512655043,163.96636195915235,96.0,-0.04756103351265504,-265.3533267585251,254.5522160478013,14.743920388923062,0.04756103351265506,94.1876260050193,13.414553082282783,70.487793297469,-0.04756103351265504,-0.011890258378163761,-70.487793297469,-0.047561033512655046,-584.8605677888884,0.0475610335125982,-0.01189025837816376,-0.01189025837816376,-0.01189025837816376,19.024413405062017,23.780516756327522,0.47561033512655043,356.8245204691254,-0.011890258378163761,324.3383753598389,2.378051675632752,3.5781696090436745,0.04756103351265504,0.023780516756327523,0.023780516756327523,40.0,14.743920388923062,0.04756103351265504,-14.743920388923062,0.47561033512655043,0.047561033512655046,-1000.0,0.047561033512655046,0.19024413405077212,0.2378051675634083,0.023780516756327523,0.011890258378163761,14.268310053796514,-0.047561033512655046,0.0,-25.903338631457657,-713.6490409382508,1.1890258378164162,-4.756103351265504,9.512206702531008,2.378051675632752,-0.047561033512655046,10.783045675397412,0.07134155026898256,-0.047561033512655046,-80.0,14.743920388923062,77.85495203784807,0.023780516756327523,-7.156339218087349,-0.047561033512655046,-0.0475610335125982,-0.047561033512655046,0.023780516756327523,132.69528350030757,-9.512206702531008,0.04756103351265504,327.9327239183047,-0.01189025837816376,86.56359233294089,-327.9327239183047,7.134155026898255,67.08663565317948,300.2302626244293,132.69528350030757,-0.03567077513449128,265.3533267585251,-96.0,0.047561033512655046,-0.011890258378163758,2.3780516756327503,47.56103351265504,-0.023780516756327523,-0.04756103351265506,0.011890258378163761,0.0,0.0,130.04112649056347,643.1754795308746,-46.0,0.0,-108.0,-31.0,0.0,-32.0,-93.0,-65.0,0.0,16.0,23.0,46.5,0.0,15.5,-254.65209421817778,-136.70725993826906,0.0,65.0,-136.70725993826906,108.0,-63.085328216774144,0.0,1496.5981,hclb
320,0.0,0.0,0.0,0.0,0.0,0.0,0.0,0.0,-0.053728726581073805,0.0,0.0,0.0,0.0,0.0,0.0,0.0,213.26661350429688,-552.5683671025292,0.0,0.0,0.0,0.0,0.0,89.66102209380153,0.0,0.0,0.0,0.0,0.0,-1000.0,25.591942552753515,-25.591942552753515,23.88096944186403,0.0,0.0,0.0,0.0,999.7850850936757,0.0,-1000.0,1000.0,0.0,-708.065398996731,0.0,0.0,0.0,0.0,0.0,0.0,0.0,0.0,130.31688304963006,0.0,0.059101599239234325,0.0,0.0,0.0,10.74574531621476,0.0,0.0,41.25019769944982,0.0,0.0,-122.28746751437279,0.0,0.0,0.0,0.0,0.0,458.2409543261313,0.0,0.537287265810738,0.0,0.0,0.0,0.0,0.0,0.0,0.0,0.0,0.0,0.0,-360.7654552494745,0.0,32.23723594864428,0.0,0.0,0.0,-301.59551880409873,769.4788993542952,-0.013432181645268451,0.0,0.0,0.0,16.11861797432214,0.0,16.11861797432214,0.0,765.5321909598866,0.0,0.0,611.3307464618352,-1000.0,0.0,0.0,0.0,0.0,0.0,0.0,0.0,0.0,0.0,0.0,0.0,0.0,0.0,0.0,0.0,0.0,0.0,0.0,0.0,0.0,0.0,-996.7964800179452,0.0,0.0,16.11861797432214,0.0,16.655905240132878,0.0,0.0,-31.909839235379764,-136.54605970071037,168.45589893609014,-168.45589893609014,0.0,480.1529797785285,-480.1529797785285,-163.5376652138226,0.0,0.0,0.0,0.0,0.0,364.90256719621715,0.053728726581073805,0.0,0.0,0.0,-478.52283933083066,0.0,0.0,0.0,360.7654552494745,0.0,101.50759637050807,0.0,0.0,0.0,0.0,0.0,-60.54070744417727,-60.54070744417727,0.0,0.0,0.0,0.0,-172.40871649964407,0.0,0.0,-34.89503616484268,0.0,0.0,0.0,-121.1909100587111,0.0,0.0,0.0,0.0,0.0,0.0,0.0,0.0,0.0,0.0,-650.4099479188518,0.0,0.0,0.0,0.0,-1000.0,0.0,0.0,0.0,0.0,0.0,0.0,577.7485159471009,422.2514840528991,-422.2514840528991,163.5376652138226,0.0,0.0,0.0,0.0,0.0,0.0,0.0,-473.9389968080184,0.0,0.0,0.0,0.0,0.0,0.0,0.0,0.0,0.0,0.0,0.0,0.0,0.0,152.2780554079726,498.4055283185149,208.98487054860223,0.0,0.0,0.0,0.0,79.57339861531155,0.0,0.0,0.0,0.0,41.25019769944982,208.98487054860223,25.591942552753515,0.0,0.0,0.0,0.0,0.0,0.0,0.0,27.322007548663862,0.0,0.0,0.0,982.6649197687204,-449.2474820850084,1000.0,0.0,-208.98487054860223,0.0,0.0,163.5376652138226,-601.2444947566751,0.0,0.0,0.0,-64.19283899066309,0.0,0.0,-1000.0,-776.2730416440216,1000.0,-1000.0,776.2730416440216,1000.0,120.65596524880038,0.0,0.0,0.0,0.0,-93.20791666793824,0.0,0.0,0.0,-248.60750235564328,0.0,248.60750235564328,0.0,156.47908383728318,0.0,0.0,0.0,0.0,0.0,0.0,41.25019769944982,-0.0805930898716107,0.0,0.0,0.0,0.0,0.053728726581073805,0.0,0.0,0.0,713.4483106478799,213.26661350429688,0.0,-571.7814633161629,636.2318746556053,0.0,946.8643632905369,0.0,532.7980312413654,0.0,0.0,0.0,0.0,0.0,958.5697789333339,-491.36781017469923,-1000.0,-8.966239235862759,-1000.0,0.0,0.0,0.0,0.0,0.0,0.0,0.0,0.0,0.0,0.0,0.0,0.0,0.0,0.0,0.0,0.0,0.0,0.0,0.0,-1000.0,360.7654552494745,0.0,0.0,984.877224608527,0.0,0.0,-366.63263219212763,0.0,765.5321909598866,0.0,0.0,608.6443101327816,1000.0,0.0,-799.447203699708,-1.343218164526845,-508.63218982530077,0.0,-2.68643632905369,233.87568523363143,-269.41723786701175,0.0,0.0,0.0,0.0,0.0,-390.9419899005094,0.0,-289.43801881262476,0.0,385.6799704334129,16.11861797432214,-718.7500000013429,718.7500000013429,0.0,0.0,0.0,0.0,0.0,-152.2780554079726,152.2780554079726,152.2780554079726,82.25425468378523,0.0,0.0,-191.481577455288,0.0,0.0,0.0,0.0,0.0,-81.03726981492298,0.0,828.1250000000164,69.25425468378523,0.0,0.0,0.0,0.0,3.7640710133620705,0.10745745316216926,0.0,0.0,0.0,0.0,0.0,0.0,0.0,0.0,0.0,0.0,0.0,0.0,0.0,0.0,0.0,0.0,0.0,0.0,0.0,0.059101599239234325,0.059101599239234325,25.591942552753515,237.53231009175784,0.0,32.23723594864428,0.0,0.0,0.0,1000.0,0.0,0.0,0.0,0.0,0.0,413.9626044610397,-1000.0,0.0,0.0,403.2366494785282,0.0,0.0,69.25425468378523,0.0,0.0,0.0,0.0,0.0,0.0,0.0,332.26549333931507,-713.4483106478799,478.52283933083066,0.0,4.137111946742681,0.0,-1000.0,1000.0,756.8889361708659,0.0,413.9626044610397,0.0,0.0,417.72667547440176,0.0,0.0,152.2780554079726,0.0,0.0,0.0,0.0,0.0,0.0,0.0,0.0,0.0,0.0,0.0,0.0,0.0,32.23723594864428,163.5376652138226,163.5376652138226,0.0,0.0,0.0,0.0,0.0,0.0,0.0,0.0,0.0,0.0,0.537287265810738,0.0,25.591942552753515,0.0,0.0,25.591942552753515,577.7485159471009,0.0,0.0,16.11861797432214,-403.2366494785282,0.0,0.0,0.0,0.0,0.0,0.0,0.0,0.0,0.0,-476.3740880521078,-626.9980032745011,0.0,16.11861797432214,16.11861797432214,1000.0,-1000.0,0.0,69.25425468378523,0.0,0.0,0.0,0.0,0.0,8.966239235862759,0.0,73.83068730878927,0.053728726581073805,0.0,0.0,0.0,70.95645898267668,0.0,0.0,0.0,0.0,0.0,0.0,0.0,0.0,0.0,0.0,0.0,0.0,0.0,0.0,0.0,0.0,0.0,0.053728726581073805,0.0,0.0,0.0,584.5199368887236,-584.5199368887236,0.0,0.0,0.0,0.0,0.0,398.89955876775906,0.0,0.0,-1000.0,-4.029654493580535,0.0,-2.6864363290536923,0.0,0.0,0.0,0.0,0.0,0.0,0.0,0.0,0.0,0.0,0.0,163.5376652138226,0.0,0.0,0.0,98.92838794984182,0.0,0.0,0.0,-0.053728726581073805,0.0,0.0,0.053728726581073805,0.0,0.053728726581073805,0.0,458.2409543261313,0.0,32.23723594864428,65.54904642891003,65.54904642891003,0.0,0.0,0.0,0.0,0.0,0.0,0.0,478.52283933083066,0.0,0.0,0.0,0.0,0.0,963.1958222919644,0.0,0.0,0.0,0.0,0.0,0.0,0.0,0.0,0.0,0.0,0.0,0.0,0.0,243.11106382913414,0.0,0.0,0.0,0.0805930898716107,0.0,0.0,0.0,-16.11861797432214,0.0,0.0,0.0,0.0,0.0,-237.53231009175784,2.68643632905369,0.0,0.0,0.0,0.0,172.40871649964407,-633.3673678078724,-2.6864363290536923,0.0,828.1250000000164,0.0,0.0,0.0,0.0,0.0,163.5376652138226,0.0,403.2366494785282,-1000.0,85.25425468378523,0.0,532.777094014616,0.0,0.0,-1000.0,765.5321909598866,234.46780904011337,360.7654552494745,-666.7935411855851,0.0,2.6864363290536923,791.177931269998,0.0,0.0,-25.591942552753515,-81.03726981492298,0.0,0.0,0.0,0.0,0.0,0.0,0.0,0.0,0.0,642.3506389316908,0.0,65.54904642891003,0.0,0.0,0.0,25.591942552753515,0.0,0.0,0.0,0.0,0.0,27.322007548663862,0.0,0.0,249.62127357249943,-70.95645898267668,1000.0,-708.065398996731,16.11861797432214,0.0,0.0,0.0,0.0,2.0907719294922273,0.0,0.0,0.059101599239234325,0.0,0.0,0.0,32.774523214455016,0.0,0.0,0.0,0.0,498.4055283185149,0.0,0.0,0.0,0.0,0.0,0.0,0.0,0.0,120.00913194076145,0.0,0.005372872658107534,0.005372872658107534,0.0,0.0,0.0,0.0,0.0,0.0,0.0,0.0,0.0,0.0,25.591942552753515,0.0,0.0,0.0,0.0,237.53231009175784,0.0,0.0,0.0,0.0,0.0,0.0,0.0,0.0,0.0,0.0,0.0,0.0,1000.0,4.281742955694655,-552.5683671025292,0.0,0.0,0.0,32.23723594864428,0.0,0.0,0.0,0.0,0.0,967.7627640513557,-1000.0,0.0,0.0,0.0,0.0,0.0,0.0,0.0,0.0,0.0,25.591942552753515,25.591942552753515,0.0,-73.83068730878927,-1000.0,1000.0,-16.11861797432214,0.0,0.0,999.7850850936757,0.0,0.0,0.0,0.0,0.0,0.0,0.0,0.0,0.0,0.0,0.0,0.0,0.0,0.0,0.0,0.0,0.0,-6.716090822634228,163.5376652138226,-612.6739646263621,959.1661677983839,0.0,0.0,0.0,0.0,0.0,-0.6716090822634225,0.0,441.80272506439746,0.0,0.0,0.0,0.0,0.0,0.0,0.0,1000.0,16.11861797432214,16.11861797432214,0.0,0.0,0.0,0.0,0.0,0.059101599239234325,237.53231009175784,0.0,0.0,-999.7850850936757,0.0,0.0,0.0,0.0,0.0,0.0,0.0,0.0,0.0,0.0,0.0,0.0,0.0,0.0,229.12047716306566,0.0,0.0,0.0,0.0,56.41516291012749,0.0,0.0,4.137111946742681,0.0,0.0,0.0,237.53231009175784,0.0,633.3673678078724,0.0,0.0,0.0,-6.716090822634228,0.0,0.0,0.0,0.0,0.0,0.0,0.0,0.0,0.0,0.0,0.0,0.0,0.0,0.0,0.0,0.0,0.0,0.0,-0.053728726581073805,0.0,0.0,2.68643632905369,-413.9626044610397,0.0,0.0,0.0,0.0,163.5376652138226,0.0,0.0,0.0,-958.5697789333339,1.343218164526845,0.0,0.0,0.0,0.053728726581073805,0.0,53.7287265810738,-16.655905240132878,10.74574531621476,0.38377661843624145,149.9031471611959,-0.04029654493580535,799.447203699708,1.074574531621476,-0.2686436329054123,-149.9031471611959,16.11861797432214,-0.053728726581073805,0.0,69.25425468378523,0.013432181645268451,0.38377661843624145,0.0,-8.553613271706837,24.51736802113204,339.3017535982324,-0.053728726581073805,0.013432181645268451,-149.9031471611959,5.37287265810738,0.053728726581073805,0.053728726581073805,-237.41947976593752,0.05910159923918134,-20.116898428501955,-0.04029654493580535,16.11861797432214,0.053728726581073805,16.11861797432214,-26.8643632905369,-0.026864363290536902,-81.39069794200611,-85.0,-0.04029654493580535,-0.053728726581073805,-16.655905240132878,0.053728726581073805,5.37287265810738,-1.074574531621476,243.11106382913414,243.11106382913414,-5.37287265810738,-339.3017535982324,-243.11106382913414,10.74574531621476,0.0805930898716107,-845.2422156084474,5.37287265810738,-332.26549333931507,69.25425468378523,-10.74574531621476,0.026864363290536902,0.537287265810738,142.94536582904072,96.0,-0.053728726581073805,-249.62127357249943,237.41947976593752,16.655905240132878,0.053728726581073805,8.553613271706837,4.77978278649681,69.25425468378523,-0.053728726581073805,-0.013432181645268451,-69.25425468378523,-0.053728726581073805,3.7640710133620705,0.053728726581073805,-0.013432181645268451,-0.013432181645268451,-0.013432181645268451,21.49149063242952,26.8643632905369,0.537287265810738,39.80627030575229,-0.013432181645268451,285.89073165808145,2.68643632905369,0.8044008223726549,0.053728726581073805,0.026864363290536902,0.026864363290536902,40.0,16.655905240132878,0.053728726581073805,-16.655905240132878,0.537287265810738,0.053728726581073805,-39.80627030575229,0.053728726581073805,0.21491490632433852,0.2686436329054123,0.026864363290536902,0.013432181645268451,16.11861797432214,-0.053728726581073805,20.116898428501955,-12.25868401056602,-79.61254061150458,798.1039855351811,-5.37287265810738,10.74574531621476,2.68643632905369,-0.053728726581073805,0.0,0.0805930898716107,-0.053728726581073805,-80.0,16.655905240132878,237.48230519191927,0.026864363290536902,-1.6088016447453097,-0.053728726581073805,-0.053728726581073805,-0.053728726581073805,0.026864363290536902,149.9031471611959,-10.74574531621476,0.053728726581073805,285.89073165808145,-0.013432181645268451,-0.05910159923918134,-285.89073165808145,8.059308987161069,85.0,570.5925826931127,149.9031471611959,-0.04029654493580535,249.62127357249943,-96.0,0.053728726581073805,-0.013432181645268451,2.6864363290536923,53.7287265810738,-0.026864363290536902,-0.053728726581073805,0.013432181645268451,0.0,0.0,-44.91951335793873,0.0,-46.0,0.0,-5.459980825739468,-25.068374299305813,0.0,-32.0,-93.0,-65.0,-890.1348646030956,16.0,23.0,46.5,0.0,12.534187149652906,-237.53231009175784,-239.5730771214115,890.1348646030956,65.0,-239.5730771214115,5.459980825739468,-7.8063181351718285,0.0,1496.5981,hclb
321,0.0,0.0,0.0,0.0,0.0,0.0,0.0,0.0,-0.06828584750491967,0.0,0.0,0.0,0.0,0.0,0.0,0.0,1000.0,0.0,0.0,-601.3206203189721,0.0,0.0,0.0,586.5296374177826,0.0,95.53080228265554,0.0,0.0,0.0,-780.031727898882,0.0,0.0,16.769123593251493,0.0,0.0,0.0,0.0,985.0518738428866,0.0,-1000.0,1000.0,0.0,0.0,0.0,0.0,0.0,0.0,0.0,1000.0,0.0,0.0,812.3799205703549,0.0,0.07511443225575931,0.0,0.0,0.0,13.657169500983935,0.0,0.0,-86.27548515177227,0.0,0.0,-101.83889221300387,0.0,0.0,0.0,0.0,0.0,404.60757461903484,0.0,0.6828584750491967,0.0,0.0,0.0,0.0,0.0,0.0,0.0,0.0,0.0,0.0,0.0,0.0,40.97150850295181,0.0,85.44958053524948,-469.0923352208681,319.84836452774925,-639.6967290554985,590.4911222151671,0.0,0.0,-987.5336724401252,20.485754251475903,0.0,20.485754251475903,-2.1988042896590265,0.0,0.0,0.0,3.4142923752459837,-1000.0,0.0,0.0,-0.04131134148911997,0.0,0.0,0.0,0.0,0.0,0.0,0.0,0.0,0.0,0.0,0.0,0.0,0.0,0.0,0.0,0.0,0.0,0.0,-637.8218767795993,0.0,0.0,20.485754251475903,0.0,21.168612726525105,21.168612726525105,0.0,-674.1701173884348,674.1701173884348,0.0,0.0,0.0,0.0,0.0,-15.56340706123153,0.0,0.0,0.0,0.0,0.0,90.70759079312828,0.06828584750491967,590.5081936770433,0.0,0.0,-636.5491916720316,0.0,0.0,0.0,0.0,0.0,400.20418180534244,0.0,0.0,0.0,0.0,0.0,63.85776085479823,63.85776085479823,0.0,0.0,0.0,0.0,147.4785461282827,0.0,0.0,63.92604670230315,0.0,0.0,0.0,-658.0390735638912,0.0,0.0,0.0,0.0,0.0,0.0,0.0,0.0,0.0,0.0,-1000.0,0.0,0.0,0.0,0.0,-635.708671958623,0.0,0.0,0.0,0.0,0.0,0.0,-812.3799205703549,319.84836452774925,-319.84836452774925,15.56340706123153,0.0,0.0,0.0,0.0,0.0,0.0,219.96827210111803,-320.64370876706744,0.0,0.0,0.0,0.0,0.0,0.0,0.0,0.0,0.0,0.0,0.0,0.0,0.0,244.19863106723253,620.8635306739994,-407.58835153076325,0.0,0.0,0.0,0.0,78.1031294020031,0.0,0.0,0.0,0.0,-86.27548515177227,-407.58835153076325,0.0,0.0,0.0,0.0,0.0,0.0,0.0,0.0,0.0,0.0,0.0,0.0,0.0,0.0,38.37610873652625,0.0,407.58835153076325,0.0,0.0,15.56340706123153,92.43562242813755,0.0,0.0,0.0,-164.7788040029651,0.0,0.0,0.0,0.0,0.0,0.0,0.0,0.0,639.6967290554985,0.0,0.0,0.0,0.0,139.18820352854152,0.0,0.0,0.0,-167.47474617867243,0.0,167.47474617867243,0.0,807.4407334015448,0.0,0.0,907.9937349230859,0.0,0.0,0.0,-86.27548515177227,-0.10242877125737951,0.0,0.0,0.0,0.0,0.06828584750491967,0.0,0.0,0.0,521.5563812439124,1000.0,0.0,-889.0893622897696,785.5507086630639,0.0,954.1429237524599,0.0,0.0,0.0,-0.04131134148911997,0.0,0.0,0.0,-5.879411470173931,0.0,5.879411470173931,-1000.0,-1000.0,0.0,0.0,0.0,0.0,0.0,0.0,0.0,0.0,0.0,0.0,0.0,0.0,0.0,0.0,0.0,0.0,0.0,-14.674982767093882,0.0,-1000.0,0.0,0.0,0.0,229.98537034053538,0.0,0.0,-90.70759079312828,0.0,0.0,0.0,734.4869254763365,0.0,641.4017948088263,-280.76702367833076,-1000.0,0.0,-641.4017948088263,0.0,-481.92133660712733,0.0,-832.3132306118848,280.76702367833076,881.5930224544862,-434.5476153031684,-1.7071461876229919,478.50704423188137,-595.95356847558,0.0,996.585707624754,0.0,0.0,20.485754251475903,0.0,0.0,0.0,0.0,0.0,0.0,244.19863106723253,0.0,0.0,0.0,79.38414184050518,0.0,0.0,-1000.0,0.0,0.0,219.96827210111803,0.0,0.0,-17.215216294277422,0.0,0.0,66.34283049901606,0.0,0.0,0.0,0.0,-36.17141524950803,0.13657169500982036,0.0,0.0,0.0,0.0,0.0,0.0,0.0,0.0,0.0,309.0767723363793,0.0,0.0,0.0,0.0,0.0,0.0,0.0,0.0,0.0,0.07511443225575931,0.07511443225575931,0.0,326.5414615662486,0.0,40.97150850295181,0.0,35.3266950978181,0.0,1000.0,0.0,0.0,85.44958053524948,0.0,0.0,635.0082726663809,-1000.0,0.0,0.0,0.0,0.0,0.0,66.34283049901606,0.0,0.0,0.0,0.0,0.0,0.0,0.0,212.60729225986643,-521.5563812439124,636.5491916720316,0.0,90.70759079312828,0.0,-987.5336724401252,0.0,-93.66653646323464,0.0,635.0082726663809,0.0,598.8368574168728,0.0,658.5739634486325,-658.5739634486325,244.19863106723253,0.0,0.0,0.0,0.0,0.0,0.0,0.0,0.0,0.0,0.0,0.0,0.0,0.0,40.97150850295181,15.56340706123153,15.56340706123153,0.0,0.0,0.0,0.0,0.0,0.0,0.0,0.0,0.0,0.0,0.6828584750491967,0.0,0.0,85.44958053524948,-85.44958053524948,0.0,-812.3799205703549,0.0,0.0,20.485754251475903,0.0,0.0,0.0,0.0,0.0,0.0,0.0,0.0,0.0,0.0,685.9304162914219,0.0,0.0,20.485754251475903,20.485754251475903,1000.0,-1000.0,0.0,66.34283049901606,0.0,0.0,0.0,0.0,0.0,1000.0,219.96827210111803,945.6641049956586,0.06828584750491967,0.0,0.0,0.0,5.506765845218165,0.0,0.0,987.5336724401252,0.0,0.0,0.0,0.0,0.0,0.0,0.0,0.0,0.0,0.0,0.0,0.0,0.0,0.0,0.06828584750491967,0.0,0.0,0.0,0.0,0.0,0.0,0.0,0.0,0.0,0.0,460.22877323734394,0.0,-550.9363640304723,-985.3250172329061,-5.121438562869116,-3.4142923752459637,0.0,0.0,0.0,0.0,0.0,0.0,0.0,0.0,0.0,0.0,0.0,0.0,15.56340706123153,0.0,0.0,0.0,1000.0,0.0,0.0,0.0,-0.06828584750491967,0.0,0.0,0.06828584750491967,0.0,0.06828584750491967,0.0,95.53080228265554,0.0,40.97150850295181,83.30873395600202,83.30873395600202,0.0,0.0,0.0,0.0,0.0,0.0,0.0,636.5491916720316,0.0,219.96827210111803,0.0,0.0,0.0,0.0,0.0,0.0,0.0,0.0,0.0,0.0,0.0,0.0,0.0,0.0,0.0,0.0,0.0,93.66653646323464,0.0,0.0,0.0,0.10242877125737951,0.0,0.0,0.0,-20.485754251475903,0.0,0.0,0.0,0.0,0.0,-326.5414615662486,3.4142923752459837,0.0,0.0,0.0,0.0,-147.4785461282827,0.0,0.0,0.0,0.0,0.0,0.0,0.0,0.0,0.0,15.56340706123153,0.0,0.0,0.0,82.34283049901606,0.0,687.8920221710476,-0.04131134148911997,0.0,-90.70759079312828,550.9363640304723,-460.22877323734394,0.0,9.126888472135533,35.3266950978181,3.4142923752459637,1000.0,0.0,447.522475905262,0.0,-188.11437736477637,0.0,0.0,184.34412986872292,-184.34412986872292,0.0,0.0,0.0,0.0,0.0,1000.0,-10.242877125738005,83.30873395600202,0.0,57.18068130178303,57.18068130178303,-57.18068130178304,0.0,0.0,0.0,0.0,0.0,0.0,0.0,0.0,331.6629001291177,-314.5835381815975,-672.0878189260153,0.0,20.485754251475903,85.44958053524948,0.0,0.0,0.0,212.44098763402954,0.0,0.0,0.07511443225575931,0.0,0.0,0.0,41.65436697800101,0.0,0.0,0.0,0.0,620.8635306739994,0.0,0.0,0.0,0.0,0.0,0.0,0.0,0.0,0.0,0.0,0.006828584750492084,0.006828584750492084,0.0,0.0,0.0,0.0,0.0,0.0,0.0,0.0,0.0,0.0,0.0,0.0,0.0,0.0,0.0,326.5414615662486,0.0,0.0,0.0,0.0,0.0,0.0,0.0,0.0,0.0,0.0,0.0,170.89916107049896,1000.0,586.2994591106731,0.0,0.0,0.0,0.0,40.97150850295181,0.0,0.0,0.0,0.0,0.0,0.0,-40.97150850295181,0.0,170.89916107049896,0.0,0.0,0.0,0.0,0.0,0.0,0.0,0.0,0.0,0.0,-1000.0,-1000.0,46.77580554087001,-20.485754251475903,0.0,0.0,985.0518738428866,0.0,0.0,0.0,0.0,0.0,0.0,0.0,0.0,0.0,0.0,0.0,0.0,0.0,0.0,0.0,0.0,35.3266950978181,-8.53573093811508,15.56340706123153,-5.121438562869116,5.1214385628690025,0.0,0.0,0.0,0.0,0.0,0.0,-0.8535730938114957,17.215216294277422,0.0,0.0,0.0,0.0,0.0,0.0,0.0,945.6641049956586,20.485754251475903,20.485754251475903,0.0,0.0,0.0,0.0,0.0,0.07511443225575931,326.5414615662486,0.0,0.0,-985.0518738428866,0.0,0.0,0.0,0.0,0.0,0.0,0.0,0.0,0.0,0.0,0.0,0.0,0.0,0.0,0.0,0.0,0.0,21.168612726525105,0.0,71.70013988016566,90.70759079312828,0.0,0.0,0.0,0.0,0.0,326.5414615662486,0.0,-5.61309666490499,0.0,0.0,0.0,-8.53573093811508,0.0,0.0,0.0,0.0,0.0,0.0,0.0,0.0,0.0,0.0,0.0,0.0,0.0,0.0,0.0,0.0,0.0,0.0,-0.06828584750491967,0.0,0.0,3.4142923752459837,-635.0082726663809,0.0,0.0,0.0,0.0,15.56340706123153,0.0,0.0,0.0,5.879411470173931,1.7071461876229919,0.0,0.0,95.53080228265554,0.06828584750491967,0.0,68.28584750491967,0.0,13.657169500983935,0.4877560536065691,232.85473999177617,-0.051214385628689754,118.40697754551377,1.3657169500983937,-0.34142923752449406,-232.85473999177617,20.485754251475903,-0.06828584750491967,0.01377044716303999,66.34283049901606,0.017071461876229918,0.4877560536065691,-0.04131134148911997,-96.32068745803326,-1.3657169500983954,-398.67937968102785,-0.06828584750491967,0.017071461876229918,-232.85473999177617,6.8285847504919674,0.06828584750491967,0.06828584750491967,-326.3980612864879,-85.37446610299406,-52.85791615978127,-0.051214385628689754,20.485754251475903,0.06828584750491967,20.485754251475903,-34.142923752459836,-0.034142923752459836,-347.26364296258294,-85.0,-0.051214385628689754,-0.06828584750491967,0.0,0.06828584750491967,6.8285847504919674,-1.3657169500983937,93.66653646323464,93.66653646323464,-6.8285847504919674,398.67937968102785,-93.66653646323464,13.657169500983935,0.10242877125737951,255.1313147524876,6.8285847504919674,-212.60729225986643,66.34283049901606,-13.657169500983935,0.034142923752459836,0.6828584750491967,222.2723405724424,96.0,-0.06828584750491967,-341.9057772548557,326.3980612864879,21.168612726525105,0.06828584750491967,96.32068745803326,-15.600186506887479,66.34283049901606,-0.06828584750491967,-0.017071461876229918,-66.34283049901606,-0.06828584750491967,-36.17141524950803,0.0682858475049418,-0.017071461876229918,-0.017071461876229918,-0.017071461876229918,27.31433900196787,34.142923752459836,0.6828584750491967,230.69169835682976,-0.017071461876229918,444.53091069772177,3.4142923752459837,21.5,0.06828584750491967,0.034142923752459836,0.034142923752459836,40.0,0.0,0.06828584750491967,0.0,0.6828584750491967,0.06828584750491967,-590.8925405300738,0.06828584750491967,0.2731433900195448,0.34142923752449406,0.034142923752459836,0.017071461876229918,20.485754251475903,-0.06828584750491967,52.85791615978127,0.6828584750491977,-461.3833967136595,116.69983135789073,-6.8285847504919674,13.657169500983935,3.4142923752459837,-0.06828584750491967,0.04131134148911997,0.10242877125737951,-0.06828584750491967,-80.0,0.0,-56.585424531906966,0.034142923752459836,-43.0,-0.06828584750491967,-0.0682858475049418,-0.06828584750491967,0.034142923752459836,232.85473999177617,-13.657169500983935,0.06828584750491967,444.5446811448848,-0.017071461876229918,85.37446610299406,-444.5446811448848,10.24287712573795,85.0,-103.68855673124301,232.85473999177617,-0.051214385628689754,341.9057772548557,-96.0,0.06828584750491967,-0.017071461876229918,737.9012178515825,68.28584750491967,-0.034142923752459836,-0.06828584750491967,0.017071461876229918,0.0,0.0,-255.16545767624007,360.20084217324404,-46.0,0.0,-108.0,-18.319552164599685,0.0,-32.0,-93.0,-65.0,0.0,16.0,23.0,46.5,0.0,9.159776082299842,-326.5414615662486,-155.85556310212257,0.0,65.0,-155.85556310212257,108.0,-49.614199121802244,0.0,1496.5981,hclb
322,0.0,0.0,0.0,0.0,0.0,0.0,0.0,0.0,-0.0020101905053820516,0.0,0.0,0.0,0.0,0.0,0.0,0.0,340.1067276993299,867.992734621008,0.0,-687.9961234586448,0.0,0.0,0.0,811.0435069323873,0.0,466.17356356667835,0.0,0.0,0.0,-1000.0,0.0,0.0,0.0,0.0,0.0,0.0,0.0,803.0341360859484,0.0,-1000.0,999.3969428483854,0.0,0.0,-112.50517386725926,0.0,0.0,192.00818971548148,0.0,137.44878136305715,-87.66527921380657,0.0,-1000.0,0.0,0.002211209555922245,0.0,0.0,0.0,0.4020381010764103,0.0,0.0,-397.5117538886645,0.0,397.5117538886645,0.0,0.0,0.0,0.0,0.0,0.0,54.56801369410999,0.0,0.020101905053820517,0.0,0.0,0.0,0.0,0.0,0.0,0.0,929.9835348642147,0.0,0.0,0.0,0.0,1.206114303229231,0.0,397.33472311149023,-307.50063756984304,829.9481437932141,-1000.0,-0.0005025476263455129,0.0,0.0,402.1939233656419,0.6030571516146155,0.0,0.603057151614621,-0.0647281342736607,0.0,0.0,0.0,0.10050952526910258,-1000.0,0.0,0.0,0.0,0.0,0.0,0.0,0.0,0.0,0.0,0.0,0.0,0.0,0.0,0.0,0.0,0.0,0.0,0.0,0.0,0.0,0.0,-683.4590923805224,0.0,0.0,0.603057151614621,0.0,0.623159056668436,0.0,0.0,0.0,0.0,0.0,0.0,0.0,0.0,0.0,0.0,0.0,0.0,0.0,0.0,0.0,397.48950778040467,0.0020101905053820516,0.0,0.0,0.0,-487.68098924196545,487.68098924196545,0.0,0.0,0.0,0.0,-211.42735686939574,0.0,0.0,0.0,0.0,0.0,999.9979898094946,999.9979898094946,0.0,0.0,0.0,0.0,617.568867903151,0.0,0.0,1000.0,0.0,0.0,0.0,141.14685101209886,0.0,0.0,0.0,0.0,0.0,0.0,0.0,0.0,0.0,0.0,-803.3214593155179,0.0,0.0,0.0,0.0,-565.7393874480214,0.0,0.0,0.0,0.0,0.0,87.66527921380657,1000.0,170.05185620678594,-170.05185620678594,0.0,0.0,0.0,0.0,0.0,0.0,0.0,0.0,-1000.0,0.0,0.0,0.0,0.0,0.0,0.0,0.0,0.0,0.0,0.0,0.0,0.0,0.0,100.92981449765495,-42.19592379784718,-477.55550906238705,0.0,0.0,0.0,0.0,84.7969707589564,0.0,0.0,0.0,0.0,-397.5117538886645,-365.0503351951278,0.0,0.0,0.0,0.0,0.0,0.0,0.0,0.0,0.0,0.0,0.0,0.0,-659.8962875864281,0.0,1000.0,0.0,477.55550906238705,0.0,0.0,0.0,-997.5475675834339,0.0,0.0,0.0,-155.0373156486094,0.0,0.0,-1000.0,0.0,0.0,-1000.0,0.0,0.0,1000.0,0.0,-479.89967642406475,87.66527921380657,0.0,-79.18853924894049,0.0,0.0,0.0,0.0,0.0,0.0,0.0,1000.0,0.0,0.0,-697.5579852838722,0.0,0.0,0.0,-397.5117538886645,-0.0030152857580730773,0.0,0.0,0.0,0.0,0.0020101905053820516,0.0,0.0,0.0,480.3393595374503,340.1067276993299,0.0,-190.76634918372446,-551.3062221407114,0.0,1000.0,0.0,0.0,0.0,0.0,0.0,0.0,0.0,180.4729750193551,0.0,-180.4729750193551,-43.27128249914463,-1000.0,0.0,0.0,0.0,0.0,0.0,0.0,0.0,0.0,0.0,0.0,0.0,0.0,0.0,0.0,0.0,0.0,0.0,-196.95782315202968,0.0,-1000.0,0.0,0.0,0.0,0.0,801.1109138396159,0.0,-397.48950778040467,0.0,0.0,0.0,0.0,0.0,0.0,0.0,0.0,-0.05025476263455129,0.0,-457.66394279402516,-814.0572873060341,-2.8797989180103514,0.0,0.0,-0.10050952526910258,0.0,0.0,813.956777780765,0.0,0.0,636.5925623779833,405.62460875950194,-583.3311725123716,0.603057151614621,0.0,0.0,0.0,640.6405705267431,0.0,0.0,0.0,-100.92981449765495,100.92981449765495,100.92981449765495,-550.3127080474818,0.0,0.0,-1000.0,0.0,0.0,0.0,0.0,0.0,-0.3540615543485046,0.0,0.0,0.0,0.0,0.0,0.0,0.0,-42.79898094946179,0.004020381010765446,0.0,0.0,0.0,0.0,0.0,0.0,0.0,0.0,0.0,0.0,0.0,0.0,0.0,0.0,0.0,0.0,0.0,0.0,0.0,0.002211209555922245,0.002211209555922245,0.0,196.52777639657853,0.0,1.206114303229231,0.0,0.0,0.0,1000.0,0.0,0.0,397.33472311149023,0.0,0.0,-255.4502453510844,-1000.0,0.0,0.0,0.0,0.0,0.0,0.0,0.0,0.0,0.0,0.0,0.0,0.0,0.0,227.81969746017413,-480.3393595374503,0.0,0.0,397.48950778040467,0.0,317.39695260668555,84.7969707589564,0.0,0.0,-255.4502453510844,0.0,-980.0169363403156,681.7677100397694,0.0,0.0,100.92981449765495,0.0,0.0,0.0,0.0,0.0,0.0,0.0,0.0,0.0,0.0,0.0,0.0,0.0,1.206114303229231,0.0,0.0,0.0,0.0,0.0,0.0,0.0,0.0,0.0,0.0,0.0,0.0,0.020101905053820517,0.0,0.0,397.33472311149023,-397.33472311149023,0.0,1000.0,0.0,0.0,0.603057151614621,0.0,0.0,0.0,0.0,0.0,0.0,0.0,0.0,0.0,0.0,391.8365389827755,0.0,0.0,0.6030571516146155,0.6030571516146155,967.1592603851794,-1000.0,0.0,0.0,0.0,0.0,0.0,0.0,0.0,162.52627538902283,0.0,405.25399763275607,0.0020101905053820516,0.0,0.0,0.0,2.6547437324291963,2.270099419662297,0.0,-402.1939233656419,0.0,0.0,0.0,0.0,0.0,0.0,0.0,0.0,0.0,0.0,0.0,0.0,0.0,0.0,0.0020101905053820516,0.0,0.0,0.0,0.0,0.0,0.0,0.0,0.0,0.0,-397.48950778040467,0.0,0.0,0.0,-803.0421768479703,-0.15076428790365387,0.0,-0.10050952526910266,0.0,0.0,0.0,0.0,0.0,0.0,0.0,0.0,0.0,0.0,0.0,0.0,0.0,0.0,0.0,53.361899390880765,0.0,0.0,0.0,-0.0020101905053820516,0.0,0.0,0.0020101905053820516,0.0,0.0020101905053820516,0.0,54.56801369410999,0.0,1.206114303229231,2.4524324165661033,2.4524324165661033,0.0,0.0,0.0,0.0,0.0,0.0,0.0,0.0,0.0,0.0,0.0,0.0,180.6460524218685,0.0,0.0,0.0,0.0,0.0,0.0,0.0,0.0,0.0,0.0,0.0,0.0,0.0,0.0,84.7969707589564,0.0,-411.60554987256836,411.60554987256836,0.0030152857580730773,0.0,0.0,0.0,-0.603057151614621,0.0,0.0,0.0,0.0,0.0,-196.52777639657853,0.10050952526910258,0.0,0.0,0.0,0.0,-617.568867903151,0.0,-0.10050952526910266,0.0,0.0,0.0,0.0,0.0,0.0,0.0,0.0,0.0,0.0,307.03956822381906,95.59796189892359,0.0,-32.58946580164786,2.270099419662297,0.0,0.0,0.0,0.0,0.0,-1000.0,0.0,0.10050952526910266,594.8524704702916,0.0,0.0,0.0,-795.023507777329,0.0,0.0,150.1836904580373,-150.1836904580373,0.0,0.0,0.0,0.0,0.0,1000.0,-196.9800692602895,2.4524324165661033,0.0,19.060227100594346,19.060227100594346,-19.060227100594346,0.0,0.0,0.0,0.0,0.0,0.0,0.0,0.0,0.0,-2.6547437324291963,-169.15844856934692,0.0,0.603057151614621,397.33472311149023,0.0,0.0,0.0,-199.9185752993693,0.0,0.0,0.002211209555922245,0.0,0.0,0.0,1.2262162082830514,0.0,0.0,0.0,0.0,-42.19592379784718,0.0,0.0,0.0,0.0,0.0,0.0,0.0,0.0,0.0,0.0,0.00020101905053820517,0.00020101905053820517,0.0,0.0,0.0,0.0,0.0,0.0,0.0,0.0,0.0,0.0,0.0,0.0,0.0,0.0,0.0,196.52777639657853,0.0,0.0,0.0,0.0,0.0,0.0,0.0,87.66527921380657,0.0,0.0,0.0,794.6694462229805,-350.2335631209927,1000.0,867.992734621008,0.0,0.0,0.0,1.206114303229231,0.0,0.0,0.0,0.0,0.0,0.0,-1.206114303229231,0.0,794.6694462229805,0.0,0.0,0.0,0.0,0.0,0.0,0.0,0.0,0.0,0.0,-405.25399763275607,-880.7450071101218,182.0230329180552,0.0,-0.603057151614621,0.0,803.0341360859484,0.0,0.0,0.0,0.0,0.0,0.0,0.0,0.0,0.0,0.0,0.0,0.0,0.0,0.0,0.0,0.0,0.0,-0.25127381317275654,0.0,-0.15076428790365387,377.47535739425433,0.0,0.0,0.0,0.0,0.0,-0.025127381317275647,0.0,0.3540615543484746,0.0,0.0,0.0,0.0,0.0,0.0,0.0,1000.0,0.6030571516146155,0.6030571516146155,0.0,0.0,0.0,0.0,929.9835348642147,0.002211209555922245,196.52777639657853,0.0,0.0,-803.0341360859484,0.0,0.0,0.0,0.0,0.0,0.0,0.0,0.0,0.0,0.0,0.0,0.0,0.0,0.0,0.0,0.0,0.0,0.0,0.0,2.110700030651154,0.0,0.0,397.48950778040467,0.0,0.0,0.0,196.52777639657853,0.0,-0.0647281342736607,0.0,0.0,0.0,-0.25127381317275654,0.0,0.0,0.0,0.0,0.0,0.0,0.0,0.0,0.0,0.0,0.0,0.0,0.0,0.0,0.0,0.0,0.0,0.0,-0.0020101905053820516,0.0,0.0,0.10050952526910258,255.4502453510844,0.0,0.0,0.0,0.0,0.0,0.0,0.0,0.0,-180.4729750193551,0.05025476263455129,0.0,0.0,466.17356356667835,0.0020101905053820516,0.0,2.0101905053820515,-0.623159056668436,0.4020381010764103,0.014358503609871797,5.608431510015924,-0.0015076428790365387,0.10050952526910258,0.040203810107641035,-0.010050952527308255,-5.608431510015924,0.6030571516146155,-0.0020101905053820516,0.0,0.0,0.0005025476263455129,0.014358503609871797,0.0,-397.6547454399474,-0.040203810107641035,-520.1033388616931,-0.0020101905053820516,0.0005025476263455129,-5.608431510015924,0.20101905053820515,0.0020101905053820516,0.0020101905053820516,-196.52355499651722,-397.3325119019343,-40.52888152979952,-0.0015076428790365387,0.6030571516146155,0.0020101905053820516,0.603057151614621,-1.0050952526910257,-0.0010050952526910258,251.95623839919526,-85.0,-0.0015076428790365387,-0.0020101905053820516,-0.623159056668436,0.0020101905053820516,0.20101905053820515,-0.040203810107641035,84.7969707589564,84.7969707589564,-0.20101905053820515,520.1033388616931,-84.7969707589564,0.4020381010764103,0.0030152857580730773,-1000.0,0.20101905053820515,-227.81969746017413,0.0,-0.4020381010764103,0.0010050952526910258,0.020101905053820517,47.691587295931114,96.0,-0.0020101905053820516,-196.9800692602895,196.52355499651722,0.623159056668436,0.0020101905053820516,397.6547454399474,-2.4122286064583705,0.0,-0.0020101905053820516,-0.0005025476263455129,0.0,-0.0020101905053820516,-42.79898094946179,0.0020101905053820516,-0.0005025476263455129,-0.0005025476263455129,-0.0005025476263455129,0.8040762021528206,1.0050952526910257,0.020101905053820517,1.4892998906752268,-0.0005025476263455129,95.38317459186223,0.10050952526910258,21.5,0.0020101905053820516,0.0010050952526910258,0.0010050952526910258,0.20101905053820515,0.623159056668436,0.0020101905053820516,-0.623159056668436,0.020101905053820517,0.0020101905053820516,-1.4892998906752268,0.0020101905053820516,0.008040762021892078,0.010050952527308255,0.0010050952526910258,0.0005025476263455129,0.6030571516146155,-0.0020101905053820516,40.52888152979952,0.020101905053820517,-2.9785997813504537,0.050254762634551295,-0.20101905053820515,0.4020381010764103,0.10050952526910258,-0.0020101905053820516,0.0,0.0030152857580730773,-0.0020101905053820516,-0.4020381010764103,0.623159056668436,200.92518034979898,0.0010050952526910258,-43.0,-0.0020101905053820516,-0.0020101905053820516,-0.0020101905053820507,0.0010050952526910258,5.608431510015924,-0.4020381010764103,0.0020101905053820516,95.38317459186223,-0.0005025476263455129,397.3325119019343,-95.38317459186223,0.3015285758073077,85.0,326.70326874009487,5.608431510015924,-0.0015076428790365387,196.9800692602895,-96.0,0.0020101905053820516,-0.0005025476263455135,0.10050952526910266,2.0101905053820515,-0.0010050952526910258,-0.0020101905053820516,0.0005025476263455129,1000.0,0.0,999.9989949047473,0.0,-46.0,0.0,552.5632213496058,2.2256742094933486,0.0,-32.0,-93.0,32.187427700571455,0.0,16.0,23.0,46.5,0.0,-1.1128371047466759,-196.52777639657853,-1.006605050429684,0.0,-32.187427700571455,-1.006605050429684,-552.5632213496058,277.387215452763,0.0,1496.5981,hclb
323,0.0,0.0,0.0,0.0,0.0,0.0,0.0,0.0,-0.026285976096244112,0.0,0.0,0.0,0.0,0.0,0.0,0.0,127.5307806529978,-261.5760591702988,0.0,262.6195407595829,0.0,0.0,0.0,465.29119371736016,0.0,0.0,0.0,0.0,0.0,-963.622427989651,0.0,0.0,0.0,0.0,0.0,0.0,0.0,999.8948560956148,0.0,285.3078751375848,973.4783463386448,0.0,-268.54780134743163,567.5438459892215,0.0,0.0,0.0,0.0,0.0,-4.271517917008862,0.0,0.0,0.0,0.02891457370589452,0.0,0.0,0.0,0.0,0.0,0.0,-64.84301841435955,0.0,437.61798263743697,372.7749642230774,0.0,0.0,0.0,0.0,155.66869260296403,-155.66869260296403,0.0,0.2628597609624411,0.0,0.0,0.0,0.0,0.0,0.0,0.0,862.702381156683,0.0,0.0,531.4730471290136,0.0,15.771585657746469,0.0,62.52810011948356,187.25586225103837,83.08828948542038,0.0,582.2724144144421,0.0,0.0,-625.8112064078698,7.885792828873234,0.0,26.52165366135527,0.0,0.0,0.0,531.5556178427042,1.3142988048122055,-963.622427989651,0.0,0.0,0.0,0.0,0.0,0.0,0.0,0.0,0.0,0.0,0.0,0.0,0.0,0.0,0.0,0.0,0.0,0.0,0.0,0.0,0.0,-171.94489006021942,0.0,0.0,26.52165366135527,0.0,8.148652589835676,8.148652589835676,0.0,707.0312499998018,0.0,-707.0312499998018,707.0312499998018,159.0477812375927,0.0,0.0,-159.0477812375927,0.0,0.0,0.0,0.0,0.0,-466.92092685011926,0.02628597609624411,582.2789859084662,0.0,0.0,0.0,-317.73173582340957,0.0,0.0,0.0,0.0,596.2554739478136,0.0,0.0,0.0,0.0,0.0,21.679508214876577,21.679508214876577,0.0,0.0,0.0,-46.87500000000001,0.0,0.0,0.0,21.70579419097282,0.0,0.0,0.0,-594.1940538713125,0.0,0.0,0.0,0.0,0.0,0.0,0.0,0.0,0.0,0.0,-472.94278886656633,0.0,0.0,0.0,0.0,-1000.0,0.0,0.0,0.0,0.0,0.0,4.271517917008862,268.54780134743163,399.9834772487442,-399.9834772487442,0.0,0.0,0.0,0.0,0.0,0.0,0.0,0.0,-625.8112064078698,0.0,0.0,0.0,0.0,0.0,0.0,0.0,0.0,0.0,0.0,0.0,0.0,0.0,106.96017670567339,344.25338948476485,567.5438459892215,0.0,0.0,0.0,0.0,0.0,0.0,0.0,0.0,0.0,-64.84301841435955,0.0,0.0,0.0,0.0,0.0,0.0,0.0,0.0,0.0,726.1589045447074,5.257195219248822,18.635860832482035,0.0,-414.5570108892445,-1000.0,855.7871408472142,0.0,-567.5438459892215,0.0,0.0,0.0,-502.46100105179653,0.0,0.0,0.0,-31.77747939213714,0.0,0.0,-366.3077957340752,0.0,0.0,-1000.0,633.6922042659248,-633.6922042659248,483.07176673416456,0.0,213.7710965869898,4.271517917008862,0.0,89.63517848819242,0.0,0.0,0.0,-270.40387504749106,0.0,270.40387504749106,0.0,-165.93107811967036,0.0,0.0,0.0,-46.87500000000001,0.0,0.0,-64.84301841435955,-0.03942896414436616,0.0,0.0,0.0,0.0,0.02628597609624411,0.0,0.0,0.0,247.31944179393736,127.5307806529978,0.0,-687.7795602408777,491.93386418956686,0.0,1000.0,0.0,-255.3022790190972,0.0,0.0,0.0,0.0,0.0,255.3022790190972,0.0,0.0,-1000.0,-101.08271656879003,0.0,0.0,0.0,0.0,0.0,0.0,0.0,0.0,0.0,0.0,0.0,0.0,0.0,0.0,0.0,0.0,0.0,0.0,0.0,-1000.0,0.0,0.0,725.3124961144083,0.0,0.0,0.0,-259.23797769458815,0.0,0.08257071369064306,0.0,0.0,0.0,0.0,635.060658854311,-1.3142988048122055,0.0,-155.66869260296403,0.0,828.094866478086,-292.9595683745765,0.0,-635.060658854311,0.0,1000.0,-0.6571494024061028,-829.4091652828982,-1000.0,0.0,0.0,0.0,-17.085884462558674,26.52165366135527,0.0,0.0,0.0,0.0,0.0,0.0,0.0,-106.96017670567339,106.96017670567339,106.96017670567339,87.74280478075117,0.0,0.0,0.0,0.0,0.0,0.0,0.0,0.0,-4.629836589751974,0.0,0.0,0.0,0.0,0.0,0.0,0.0,0.0,0.05257195219250577,0.0,0.0,0.0,0.0,0.0,0.0,0.0,0.0,0.0,0.0,0.0,0.0,0.0,0.0,0.0,0.0,0.0,0.0,0.0,0.02891457370589452,0.02891457370589452,0.0,197.70298148642456,0.0,15.771585657746469,0.0,219.75794618345193,0.0,1000.0,0.0,27.073315532030165,62.52810011948356,0.0,0.0,402.33889689395784,-1000.0,0.0,0.0,0.0,0.0,0.0,0.0,0.0,0.0,0.0,0.0,0.0,0.0,0.0,57.314963353406476,-247.31944179393736,317.73173582340957,0.0,390.5468244101995,0.0,0.0,-625.8112064078698,-625.8112064078698,0.0,402.33889689395784,0.0,0.0,402.33889689395784,1000.0,-1000.0,106.96017670567339,0.0,0.0,0.0,0.0,0.0,0.0,0.0,0.0,0.0,0.0,0.0,0.0,0.0,15.771585657746469,0.0,0.0,0.0,0.0,0.0,0.0,0.0,0.0,0.0,0.0,0.0,0.0,0.2628597609624411,0.0,0.0,62.52810011948356,-62.52810011948356,0.0,268.54780134743163,0.0,0.0,26.52165366135527,0.0,0.0,0.0,325.9947041313052,0.0,0.0,0.0,0.0,0.0,0.0,292.96875000019816,0.0,0.0,7.885792828873234,7.885792828873234,1000.0,-1000.0,0.0,0.0,0.0,0.0,0.0,0.0,0.0,963.622427989651,0.0,1000.0,0.02628597609624411,0.0,0.0,0.0,2.1197762151899715,0.0,0.0,625.8112064078698,0.0,0.0,0.0,0.0,0.0,0.0,0.0,0.0,0.0,0.0,0.0,0.0,0.0,0.0,0.02628597609624411,0.0,0.0,0.0,0.0,0.0,0.0,0.0,0.0,0.0,-259.23797769458815,725.395066828099,0.0,0.0,-1000.0,-1.9714482072183084,0.0,-1.3142988048122066,0.0,0.0,0.0,0.0,0.0,0.0,0.0,0.0,0.0,0.0,0.0,0.0,0.0,0.0,0.0,-15.771585657746467,0.0,0.0,0.0,-0.02628597609624411,0.0,0.0,0.02628597609624411,0.0,0.02628597609624411,0.0,0.0,0.0,15.771585657746469,32.06889083741782,32.06889083741782,0.0,0.0,0.0,0.0,0.0,0.0,0.08257071369064306,317.73173582340957,0.0,0.0,0.0,0.0,257.5655015609838,0.0,0.0,0.0,0.0,0.0,0.0,0.0,0.0,0.0,0.0,0.0,0.0,0.0,0.0,0.0,0.0,0.0,0.0,0.03942896414436616,0.0,0.0,0.0,-26.52165366135527,0.0,0.0,0.0,0.0,0.0,-197.70298148642456,1.3142988048122055,0.0,0.0,0.0,46.87500000000001,0.0,0.0,-1.3142988048122066,0.0,0.0,0.0,0.0,0.0,0.0,0.0,0.0,0.0,0.0,1000.0,90.74280478075117,0.0,377.4745406041607,0.0,0.0,0.0,0.08257071369064306,-0.08257071369064306,0.0,-534.5298918892144,219.75794618345193,1.3142988048122066,493.01681587387736,0.0,0.0,0.0,-129.6860368287191,0.0,0.0,0.0,0.0,0.0,0.0,0.0,0.0,0.0,468.99989245212976,0.0,32.06889083741782,0.0,0.0,0.0,0.0,0.0,0.0,0.0,0.0,0.0,726.1589045447074,0.0,0.0,203.61732610807945,-2.1197762151899715,-177.75539948937217,-268.54780134743163,7.885792828873234,62.52810011948356,0.0,0.0,0.0,415.1844835609791,0.0,0.0,0.02891457370589452,0.0,0.0,0.0,16.03444541870891,0.0,0.0,0.0,0.0,344.25338948476485,0.0,0.0,0.0,0.0,0.0,0.0,0.0,0.0,0.0,0.0,0.002628597609624411,0.002628597609624411,0.0,0.0,0.0,0.0,0.0,0.0,0.0,0.0,0.0,0.0,0.0,0.0,0.0,0.0,0.0,197.70298148642456,0.0,0.0,0.0,0.0,0.0,0.0,0.0,4.271517917008862,0.0,0.0,0.0,125.05620023896712,0.0,1000.0,-261.5760591702988,0.0,0.0,0.0,15.771585657746467,0.0,0.0,0.0,0.0,0.0,-433.4456436198998,417.6740579621533,0.0,125.05620023896712,0.0,0.0,0.0,0.0,0.0,0.0,0.0,0.0,0.0,0.0,-101.08271656879003,-1000.0,275.57139518691105,0.0,-26.52165366135527,0.0,999.8948560956148,0.0,0.0,0.0,0.0,0.0,0.0,0.0,0.0,0.0,0.0,0.0,0.0,0.0,0.0,0.0,0.0,219.75794618345193,-3.285747012030515,0.0,-1.9714482072183084,255.59405335376553,0.0,0.0,0.0,0.0,0.0,-0.32857470120305143,0.0,4.629836589751974,0.0,0.0,0.0,0.0,0.0,0.0,0.0,1000.0,7.885792828873234,7.885792828873234,0.0,0.0,0.0,0.0,862.702381156683,0.02891457370589452,197.70298148642456,0.0,0.0,-999.8948560956148,0.0,0.0,0.0,0.0,0.0,0.0,0.0,0.0,0.0,0.0,0.0,0.0,0.0,0.0,0.0,0.0,0.0,8.148652589835676,0.0,27.60027490105632,0.0,0.0,64.63469099258498,0.0,0.0,0.0,197.70298148642456,0.0,725.3124961144083,0.0,0.0,0.0,-3.285747012030515,0.0,0.0,0.0,0.0,0.0,0.0,0.0,0.0,0.0,0.0,0.0,0.0,0.0,0.0,0.0,0.0,0.0,0.0,-0.02628597609624411,0.0,0.0,1.3142988048122055,-402.33889689395784,0.0,0.0,0.0,0.0,0.0,0.0,0.0,0.0,-255.3022790190972,0.6571494024061028,0.0,0.0,0.0,0.02628597609624411,0.0,26.28597609624411,0.0,5.257195219248822,0.18775697211602935,89.63517848819242,-0.01971448207218308,1.3142988048122055,0.5257195219248822,-0.1314298804813916,-89.63517848819242,7.8857928288732335,-0.026285976096244112,0.0,0.0,0.006571494024061028,0.18775697211602935,0.0,-66.71282751400565,-0.5257195219248842,-128.57426224228192,-0.026285976096244112,0.006571494024061028,-89.63517848819242,2.628597609624411,0.026285976096244112,0.02628597609624411,-197.64778093662244,-62.49918554577769,0.0,-0.01971448207218308,7.885792828873234,0.026285976096244112,26.52165366135527,5.492872784359979,-0.013142988048122056,-596.2554739478136,-2.654883585720655,-0.01971448207218308,-0.026285976096244112,0.0,0.02628597609624411,2.628597609624411,-0.5257195219248822,0.0,0.0,-2.628597609624411,128.57426224228192,0.0,5.257195219248822,0.03942896414436616,-482.25020503330234,2.628597609624411,-57.314963353406476,0.0,-5.257195219248822,0.013142988048122056,0.2628597609624411,171.94489006021942,96.0,-0.02628597609624411,-203.61732610807945,197.64778093662244,8.148652589835676,0.026285976096244078,66.71282751400565,-50.17903214797491,0.0,-0.02628597609624411,-0.006571494024061028,0.0,-0.026285976096244112,0.0,0.026285976096232844,-0.006571494024061028,-0.006571494024061028,-0.006571494024061028,10.514390438497644,-5.492872784359979,0.2628597609624411,290.4988038293544,-0.006571494024061028,343.88978012043884,1.3142988048122055,1.3142988048122055,0.02628597609624411,0.013142988048122056,0.013142988048122056,2.628597609624411,0.0,0.02628597609624411,0.0,0.2628597609624411,0.026285976096244112,-832.5471664074523,0.026285976096244112,0.10514390438515875,0.13142988048140286,0.013142988048122056,0.006571494024061028,7.885792828873234,-0.026285976096244112,0.0,0.2628597609624411,-580.9976076587088,0.6571494024061028,-2.628597609624411,5.257195219248822,1.3142988048122055,-0.026285976096244112,0.0,0.03942896414436616,-0.026285976096244112,-5.257195219248822,0.0,-287.15599596145466,0.013142988048122056,-2.628597609624411,-0.026285976096244112,-0.026285976096232844,-0.026285976096244112,0.013142988048122056,89.63517848819242,-5.257195219248822,0.02628597609624411,343.88978012043884,-0.006571494024061028,62.49918554577769,-343.88978012043884,3.9428964144366163,2.654883585720655,272.37607270531475,89.63517848819242,-0.01971448207218308,203.61732610807945,-96.0,0.026285976096244112,-0.006571494024061028,1.3142988048122066,26.28597609624411,-0.013142988048122056,-0.026285976096244078,0.006571494024061028,1000.0,0.0,-0.8347046889103922,542.0483625780979,-46.0,0.0,-108.0,-0.5809200717270209,0.0,-32.0,-93.0,-65.0,-483.07176673416456,16.0,23.0,46.5,0.0,0.29046003586351044,-197.7029814864245,-128.0284875995244,483.07176673416456,65.0,-128.02848759952442,108.0,-30.224782730824764,0.0,1496.5981,hclb
324,0.0,0.0,0.0,0.0,0.0,0.0,0.0,0.0,203.61599243705606,0.0,0.0,0.0,0.0,0.0,0.0,0.0,0.0,0.0,0.0,-184.3597839872078,0.0,0.0,0.0,441.47759176205216,0.0,0.0,0.0,0.0,0.0,-161.76627971086577,0.0,0.0,412.6842411206643,0.0,0.0,0.0,0.0,495.29300366435746,0.0,-1000.0,1000.0,0.0,0.0,0.0,0.0,0.0,0.0,0.0,-46.83958396401991,0.0,0.0,0.0,0.0,0.012493493464825613,0.0,0.0,0.0,0.0,0.0,0.0,74.299239272897,0.0,170.0650094928704,0.0,307.83572629469637,0.0,0.0,0.0,554.8751351429316,-491.36496021567353,0.0,0.11357721331532517,0.0,0.0,0.0,0.0,0.0,0.0,0.0,933.8005480224369,0.0,0.0,0.0,0.0,6.81463279891951,0.0,6.155273657095306,354.11862263284684,0.0,491.655859238032,-0.002839430332883129,0.0,0.0,-64.87300678398122,3.407316399459755,0.0,3.407316399459755,-0.3657186268750765,0.0,0.0,0.0,999.7160569667117,-1000.0,0.0,0.0,-0.7790639828037447,498.0590606967822,0.0,0.0,0.0,0.0,0.0,0.0,0.0,0.0,0.0,0.0,0.0,0.0,0.0,0.0,0.0,0.0,0.0,-645.2773459157446,0.0,0.0,3.407316399459755,0.0,3.52089361277508,0.0,0.0,-118.72802899168988,118.72802899168988,0.0,0.0,0.0,0.0,0.0,-244.36424876576737,0.0,0.0,0.0,0.0,0.0,7.02981819962331,0.011357721331532514,0.0,0.0,0.0,0.0,-813.1422185625647,0.0,0.0,313.7274164238651,0.0,-138.76278117638236,0.0,0.0,0.0,0.0,0.0,363.7262493225722,363.7262493225722,0.0,0.0,0.0,-15.625000000000002,-1000.0,0.0,0.0,363.7376070439037,0.0,0.0,0.0,0.0,-287.6380146388452,0.0,0.0,0.0,0.0,0.0,0.0,0.0,0.0,0.0,0.0,0.0,0.0,0.0,0.0,-1000.0,0.0,0.0,0.0,0.0,0.0,0.0,0.0,491.63882265603473,-491.63882265603473,180.85407383850924,0.0,0.0,0.0,0.0,0.0,0.0,838.2337202891342,-590.1101769191797,0.0,0.0,0.0,0.0,0.0,0.0,0.0,0.0,0.0,0.0,0.0,0.0,0.0,237.84654012924588,276.62624639839555,208.60586367488568,0.0,0.0,0.0,0.0,83.85287014551521,0.0,0.0,0.0,0.0,74.299239272897,208.60586367488568,0.0,0.0,0.0,0.0,0.0,0.0,0.0,0.0,0.0,2.271544266306503,0.0,0.0,491.63882265603473,0.0,798.9178613248616,0.0,-208.60586367488568,0.0,0.0,244.36424876576737,555.092376395825,0.0,0.0,0.0,-504.79391557656663,0.0,0.0,-1000.0,-86.09997296123336,133.77997680171663,-1000.0,86.09997296123336,133.77997680171663,491.63882265603473,0.0,0.0,0.0,0.0,-233.01890146904873,0.0,0.0,0.0,0.0,0.0,0.0,0.0,345.24907062995476,63.5101749272581,0.0,67.29654081797742,-15.625,0.0,0.0,74.299239272897,-0.017036581997298773,0.0,0.0,0.0,0.0,0.011357721331532514,0.0,0.0,0.0,731.8857396165157,0.0,0.0,-0.5193759885358298,-260.4692003320182,287.6380146388452,945.5405094241789,0.0,844.6113836171511,0.0,-0.7790639828037447,0.0,0.0,0.0,-0.9778998066450894,-843.633483810506,0.0,-1000.0,-1000.0,0.0,0.0,0.0,0.0,0.0,0.0,0.0,0.0,0.0,0.0,0.0,0.0,0.0,0.0,0.0,0.0,0.0,-504.66156545031646,0.0,-1000.0,0.0,0.0,0.0,613.8200233044213,610.3913675352821,0.0,885.0687484461755,0.0,0.0,0.0,0.0,999.148170900135,962.8328153293312,0.0,-807.0519831688548,-503.30789330186553,-674.0744666617568,880.3254495060158,0.0,-161.67079958809222,146.3776278151837,0.0,0.0,767.5719809351893,503.0239502685772,-0.5678860665766258,-427.66699228360983,0.0,1000.0,-479.32965586789084,-594.3671211806386,3.407316399459755,0.0,0.0,0.0,0.0,0.0,203.6273501583876,0.0,-237.84654012924588,237.84654012924588,237.84654012924588,-340.5618487177751,0.0,0.0,0.0,0.0,0.0,838.2337202891342,0.0,0.0,-83.45522290578276,0.0,0.0,57.86680697528085,0.0,0.0,0.0,0.0,-41.86422786684675,0.022715442663042356,0.0,0.0,0.0,0.0,0.0,0.0,0.0,0.0,0.0,0.0,0.0,0.0,0.0,0.0,0.0,0.0,0.0,0.0,0.0,0.012493493464825613,0.012493493464825613,0.0,331.5749958629394,0.0,6.81463279891951,0.0,0.0,0.0,1000.0,0.0,0.0,6.155273657095306,0.0,0.0,-527.5834537898902,-1000.0,0.0,0.0,398.4774018209007,0.0,0.0,57.86680697528085,0.0,0.0,0.0,0.0,0.0,0.0,0.0,215.09244863858154,-731.8857396165157,315.08315786578254,0.0,7.02981819962331,0.0,-97.87659945489378,33.003592670912546,-231.7033513131119,0.0,-527.5834537898902,0.0,0.0,-569.4476816567369,0.0,0.0,237.84654012924588,0.0,0.0,0.0,0.0,0.0,0.0,0.0,0.0,0.0,0.0,0.0,0.0,0.0,6.81463279891951,244.36424876576737,244.36424876576737,0.0,0.0,0.0,0.0,0.0,0.0,0.0,0.0,0.0,0.0,0.11357721331532517,0.0,0.0,6.155273657095306,-6.155273657095306,0.0,0.0,0.0,0.0,3.407316399459755,-398.4774018209007,0.0,0.0,0.0,0.0,0.0,0.0,0.0,0.0,0.0,1000.0,0.0,0.0,3.407316399459755,3.407316399459755,966.5020753522142,-1000.0,0.0,57.86680697528085,0.0,0.0,0.0,0.0,0.0,1000.0,838.2337202891342,666.7021668040766,0.011357721331532514,0.0,0.0,-502.03563199289,517.0351255427975,432.06936843427235,0.0,64.87300678398122,0.0,-63.5101749272581,0.0,0.0,0.0,0.0,0.0,0.0,0.0,0.0,0.0,0.0,0.0,0.0,0.011357721331532514,0.0,0.0,0.0,0.0,0.0,0.0,0.0,0.0,0.0,0.0,885.0687484461755,-313.7274164238651,0.0,-495.33843454968354,-0.8518290998649718,-0.5678860665766258,0.0,0.0,0.0,0.0,0.0,0.0,0.0,0.0,0.0,0.0,0.0,0.0,244.36424876576737,287.6380146388452,0.0,0.0,406.20076488593804,0.0,0.0,0.0,203.61599243705606,0.0,0.0,0.011357721331532514,0.0,0.011357721331532514,0.0,0.0,0.0,6.81463279891951,13.85642002446967,13.85642002446967,0.0,0.0,0.0,0.0,0.0,0.0,0.0,315.08315786578254,0.0,838.2337202891342,0.0,0.0,0.0,0.0,0.0,0.0,0.0,0.0,0.0,0.0,0.0,0.0,0.0,0.0,0.0,0.0,0.0,264.70694398402446,0.0,0.0,0.0,0.017036581997298773,0.0,0.0,0.0,-3.407316399459755,0.0,0.0,0.0,0.0,0.0,-331.5749958629394,0.5678860665766258,0.0,0.0,0.0,15.625,1000.0,0.0,0.0,0.0,0.0,0.0,0.0,0.0,0.0,0.0,244.36424876576737,0.0,398.4774018209007,0.0,93.7284557336935,0.0,377.81161359947606,431.2903044514686,0.0,885.0687484461755,0.0,-885.0687484461755,313.7274164238651,541.2359563713553,0.0,0.5678860665766258,1000.0,0.0,0.0,0.0,-95.76577021997338,0.0,0.0,0.0,0.0,0.0,-892.0985666457988,0.0,0.0,0.0,332.4268249628044,-334.1304831625342,13.85642002446967,0.0,0.0,0.0,0.0,0.0,0.0,0.0,0.0,0.0,0.0,0.0,0.0,0.0,-14.99949354990748,0.0,0.0,3.407316399459755,6.155273657095306,0.0,0.0,0.0,-308.66253628486186,0.0,0.0,0.012493493464825613,0.0,0.0,0.0,6.928210012234835,0.0,0.0,0.0,0.0,276.62624639839555,0.0,498.0590606967822,0.0,0.0,0.0,0.0,0.0,0.0,-855.2859078380757,0.0,0.001135772133153284,0.001135772133153284,0.0,0.0,0.0,0.0,0.0,0.0,0.0,0.0,0.0,-502.03563199289,0.0,0.0,0.0,0.0,0.0,331.5749958629394,0.0,0.0,0.0,0.0,0.0,0.0,0.0,0.0,0.0,0.0,0.0,12.310547314190613,-673.4516508921404,442.25228294091266,0.0,0.0,0.0,0.0,6.81463279891951,0.0,0.0,0.0,0.0,0.0,0.0,-6.81463279891951,0.0,12.310547314190613,0.0,0.0,0.0,0.0,0.0,0.0,0.0,0.0,0.0,0.0,-820.0313235782337,-1000.0,7.780039112099774,277.6859859664662,-281.093302365926,0.0,495.29300366435746,0.0,0.0,0.0,0.0,0.0,0.0,0.0,0.0,0.0,0.0,0.0,0.0,0.0,0.0,0.0,0.0,0.0,-1.4197151664415644,244.36424876576737,-1000.0,333.27865406266926,0.0,0.0,0.0,0.0,0.0,-0.14197151664415647,0.0,397.1826393296479,0.0,0.0,0.0,0.0,0.0,0.0,0.0,846.6708432258429,3.407316399459755,3.407316399459755,0.0,0.0,0.0,0.0,933.8005480224369,0.012493493464825613,331.5749958629394,0.0,0.0,-495.29300366435746,0.0,0.0,0.0,0.0,0.0,0.0,0.0,0.0,0.0,0.0,0.0,0.0,0.0,0.0,0.0,0.0,0.0,0.0,0.0,11.925607398109143,7.02981819962331,0.0,0.0,0.0,0.0,0.0,331.5749958629394,0.0,-0.9336046934517023,0.0,0.0,0.0,-1.4197151664415644,0.0,0.0,0.0,0.0,0.0,0.0,0.0,0.0,0.0,0.0,0.0,0.0,0.0,0.0,0.0,0.0,0.0,0.0,-0.011357721331532514,0.0,0.0,0.5678860665766258,527.5834537898902,0.0,0.0,0.0,0.0,244.36424876576734,0.0,0.0,0.0,0.9778998066450894,0.2839430332883129,0.0,0.0,0.0,0.011357721331532514,0.0,11.357721331532515,-3.52089361277508,2.271544266306503,0.08112658093951797,31.68804251497572,-0.008518290998649387,807.0519831688548,0.22715442663065033,-0.0567886066576166,-31.68804251497572,3.407316399459755,-0.011357721331532516,0.2596879942679149,57.86680697528085,0.002839430332883129,0.08112658093951797,-0.7790639828037447,-7.963422893074949,-0.22715442663065033,184.3597839872078,-0.011357721331532516,0.002839430332883129,-31.68804251497572,1.1357721331532515,0.011357721331532516,0.011357721331532514,-331.551144648143,-6.14278016363062,-20.920972587631304,-0.008518290998649387,3.407316399459755,0.011357721331532516,3.407316399459755,-5.678860665766258,-0.005678860665766258,161.24188172962116,-85.0,-0.008518290998649387,-0.011357721331532516,-3.52089361277508,0.011357721331532514,1.1357721331532515,-0.22715442663065033,264.70694398402446,264.70694398402446,-1.1357721331532515,-184.3597839872078,-264.70694398402446,2.271544266306503,0.017036581997298773,-1000.0,1.1357721331532515,-215.09244863858154,57.86680697528085,-2.271544266306503,0.005678860665766258,0.11357721331532517,0.12984399713395745,96.0,-0.011357721331532514,-334.1304831625342,331.551144648143,3.52089361277508,0.011357721331532516,7.963422893074949,44.23754137744129,57.86680697528085,-0.011357721331532514,-0.002839430332883129,-57.86680697528085,-0.011357721331532516,-539.923288563629,0.011357721331532516,-0.002839430332883129,-0.002839430332883129,-0.002839430332883129,4.543088532613006,5.678860665766258,0.11357721331532517,8.414651791499978,-0.002839430332883129,0.0,0.5678860665766258,21.5,0.011357721331532514,0.005678860665766258,0.005678860665766258,-1.6859118428353719,3.52089361277508,0.011357721331532514,-3.52089361277508,0.11357721331532517,0.011357721331532516,-8.414651791499978,0.011357721331532516,0.04543088532610488,0.0567886066576166,0.005678860665766258,0.002839430332883129,3.407316399459755,-0.011357721331532516,20.920972587631304,0.11357721331532517,-16.829303582999955,806.7680401355665,-1.1357721331532515,2.271544266306503,0.5678860665766258,-0.011357721331532516,0.7790639828037447,0.017036581997298773,-0.011357721331532516,3.3718236856707438,3.52089361277508,519.663747671817,0.005678860665766258,-43.0,-0.011357721331532516,-0.011357721331532516,-0.011357721331532516,0.005678860665766258,31.68804251497572,-2.271544266306503,0.011357721331532514,0.2596879942679149,-0.002839430332883129,6.14278016363062,-0.2596879942679149,1.7036581997298772,85.0,371.6989612730623,31.68804251497572,-0.008518290998649387,334.1304831625342,-96.0,0.011357721331532516,-0.0028394303328831286,0.5678860665766258,11.357721331532515,-0.005678860665766258,-0.011357721331532516,0.002839430332883129,1000.0,0.0,16.699639245267548,0.0,-46.0,0.0,655.3204901417334,18.355057689377293,0.0,295.43606322608116,-93.0,-65.0,-983.2946818940667,-147.71803161304058,23.0,46.5,0.0,-9.177528844688647,-331.5749958629394,-211.00121138695516,983.2946818940667,65.0,-211.00121138695516,-655.3204901417334,304.97358831556943,0.0,1496.5981,hclb
325,0.0,0.0,0.0,0.0,0.0,0.0,0.0,0.0,-0.0157434107428257,0.0,0.0,0.0,0.0,0.0,0.0,0.0,1000.0,-596.4721622498041,0.0,179.48584694608786,0.0,0.0,0.0,393.6545357805998,0.0,344.8032985119196,0.0,0.0,0.0,-453.4386511381464,92.92987074834933,-92.92987074834933,6.626160773149646,0.0,0.0,0.0,0.0,679.7196660873293,0.0,-1000.0,995.2769767771523,0.0,0.0,523.6798184869798,0.0,0.0,0.0,0.0,-1000.0,0.0,0.0,0.0,0.0,0.017317751817472526,0.0,0.0,0.0,3.14868214856514,0.0,0.0,-109.1225249911424,0.0,0.0,-128.46999909481482,0.0,0.0,0.0,0.0,0.0,7.639138684030662,0.0,0.157434107428257,0.0,0.0,0.0,0.0,0.0,0.0,0.0,0.0,0.0,0.0,462.26643826956354,0.0,9.44604644569542,0.0,83.20858973683214,1000.0,-714.689010485956,0.0,-0.003935852685706425,0.0,0.0,-31.494990358667337,4.72302322284771,0.0,4.72302322284771,-463.7683887809053,0.0,0.0,462.26643826956354,0.7871705371412645,-1000.0,0.0,0.0,-24.025909849433543,0.0,0.0,0.0,0.0,0.0,0.0,0.0,0.0,0.0,0.0,0.0,0.0,0.0,0.0,0.0,0.0,0.0,0.0,-830.6972383602658,0.0,0.0,4.72302322284771,0.0,4.880457330275967,0.0,0.0,-1000.0,1000.0,0.0,0.0,-19.34747410367241,561.7458931565723,-561.7458931565723,0.0,0.0,0.0,0.0,0.0,0.0,-377.84560590553383,0.0157434107428257,0.0,0.0,0.0,0.0,-785.2625242458388,0.0,0.0,268.0854305099384,0.0,-160.3689534621035,0.0,0.0,0.0,0.0,0.0,-169.88250898877936,-169.88250898877936,0.0,0.0,0.0,-609.375,0.0,0.0,0.0,-76.9368948296872,0.0,0.0,0.0,-73.92789282641422,-540.4562362630779,0.0,0.0,0.0,0.0,0.0,0.0,0.0,0.0,0.0,0.0,0.0,0.0,0.0,0.0,-1000.0,0.0,0.0,0.0,0.0,0.0,0.0,0.0,714.689010485956,-714.689010485956,19.34747410367241,0.0,0.0,0.0,0.0,0.0,0.0,546.5613488618536,-110.22647012788082,0.0,0.0,0.0,0.0,0.0,0.0,0.0,0.0,0.0,0.0,0.0,0.0,0.0,242.37220107569416,748.559888542969,453.4386511381464,0.0,0.0,0.0,0.0,83.4099155149746,0.0,0.0,0.0,0.0,-109.1225249911424,-70.24116734883344,92.92987074834933,0.0,0.0,0.0,0.0,0.0,0.0,0.0,0.0,0.0,0.0,0.0,429.37802097191206,-1000.0,714.689010485956,0.0,-453.4386511381464,0.0,0.0,19.34747410367241,19.206961106247356,0.0,0.0,0.0,-338.4091125379896,0.0,0.0,-1000.0,189.97185690153879,-523.3724163988229,-476.62758360117755,-713.3442733003617,0.0,0.0,0.0,297.7026951822397,0.0,0.0,-58.833273646163306,0.0,0.0,0.0,-640.9113481419827,0.0,640.9113481419827,0.0,-326.5941508616693,0.0,0.0,0.0,-609.375,0.0,0.0,-109.1225249911424,-0.023615116114238548,0.0,0.0,0.0,0.0,0.0157434107428257,0.0,0.0,0.0,892.5195871585053,1000.0,0.0,-237.75049053026734,662.8222398372332,540.4562362630779,1000.0,0.0,-227.47989330550377,0.0,-24.025909849433543,0.0,0.0,0.0,836.8367062535314,-609.3568129480276,0.0,-1000.0,-1000.0,0.0,0.0,0.0,0.0,0.0,0.0,0.0,0.0,0.0,0.0,0.0,0.0,0.0,0.0,0.0,0.0,0.0,-320.2173602696997,0.0,-1000.0,0.0,0.0,370.3315802066369,0.0,0.0,0.0,470.7754766538832,0.0,0.0,0.0,755.8519853979309,0.0,0.0,0.0,999.2128294628587,0.0,609.3568129480276,106.24543075467324,-845.065844838313,-1000.0,-615.2427018816347,0.0,-1000.0,0.0,-0.3935852685706425,844.2786743011717,398.6975737775081,0.0,1000.0,0.0,-494.7276776442972,4.72302322284771,0.0,0.0,0.0,0.0,0.0,0.0,0.0,-242.37220107569416,242.37220107569416,242.37220107569416,-213.12717670073255,0.0,0.0,0.0,0.0,0.0,546.5613488618536,0.0,0.0,-71.17534461229295,0.0,0.0,0.0,0.0,0.0,0.0,0.0,-41.42565892571743,0.03148682148548687,0.0,0.0,0.0,0.0,0.0,0.0,0.0,0.0,0.0,7.639138684030662,0.0,0.0,0.0,0.0,0.0,0.0,0.0,0.0,0.0,0.017317751817472526,0.017317751817472526,92.92987074834933,335.223518927129,0.0,9.44604644569542,0.0,0.0,0.0,1000.0,0.0,0.0,83.20858973683214,0.0,0.0,-14.772476390831613,-1000.0,0.0,0.0,0.0,0.0,0.0,0.0,0.0,0.0,0.0,0.0,0.0,0.0,0.0,276.89907945342196,-892.5195871585053,785.2625242458388,0.0,84.42083236402972,0.0,-31.494990358667337,0.0,-102.75738961864701,0.0,-14.772476390831613,0.0,-56.19813531654904,0.0,0.0,0.0,242.37220107569416,0.0,0.0,0.0,0.0,0.0,0.0,0.0,0.0,0.0,0.0,0.0,0.0,0.0,9.44604644569542,19.34747410367241,19.34747410367241,0.0,0.0,0.0,0.0,0.0,0.0,0.0,0.0,0.0,0.0,0.157434107428257,0.0,92.92987074834933,83.20858973683214,-83.20858973683214,92.92987074834933,0.0,0.0,0.0,4.72302322284771,0.0,0.0,0.0,0.0,0.0,0.0,0.0,0.0,0.0,0.0,990.4800447666252,1000.0,0.0,4.7230232228477105,4.72302322284771,955.3723858823013,-1000.0,0.0,0.0,0.0,0.0,0.0,0.0,0.0,1000.0,546.5613488618536,792.0445563104213,0.0157434107428257,0.0,0.0,-542.6849553582975,563.4763783028765,0.0,0.0,31.494990358667337,0.0,0.0,0.0,0.0,0.0,0.0,0.0,0.0,0.0,0.0,0.0,0.0,0.0,0.0,0.0157434107428257,0.0,0.0,0.0,721.3821113178956,-721.3821113178956,0.0,0.0,0.0,0.0,0.0,841.1070568605201,-268.0854305099384,0.0,-679.7826397303003,-1.1807558057118968,-0.7871705371412645,0.0,0.0,953.125,953.125,-953.125,0.0,0.0,0.0,0.0,0.0,0.0,0.0,19.34747410367241,540.4562362630779,0.0,0.0,506.05949289284405,0.0,0.0,0.0,-0.0157434107428257,0.0,0.0,0.0157434107428257,0.0,0.0157434107428257,0.0,0.0,0.0,9.44604644569542,19.206961106247356,19.206961106247356,0.0,0.0,0.0,0.0,0.0,0.0,0.0,785.2625242458388,0.0,546.5613488618536,0.0,0.0,398.6620168716308,439.53019704685823,0.0,0.0,0.0,0.0,0.0,0.0,0.0,0.0,0.0,0.0,0.0,0.0,0.0,102.75738961864701,0.0,-786.6863744688906,786.6863744688906,0.023615116114238548,0.0,0.0,0.0,-4.72302322284771,0.0,0.0,0.0,0.0,0.0,-335.223518927129,0.7871705371412645,0.0,0.0,0.0,609.375,0.0,-470.7754766538832,0.0,0.0,0.0,0.0,0.0,0.0,0.0,0.0,19.34747410367241,0.0,0.0,0.0,92.85131785143486,0.0,847.1138420972736,-24.025909849433543,0.0,0.0,0.0,0.0,268.0854305099384,0.0,0.0,0.7871705371412645,855.6030700701009,0.0,0.0,-92.92987074834933,-237.59252408595722,0.0,0.0,1000.0,-1000.0,0.0,0.0,0.0,0.0,0.0,-2.3615116114237935,0.0,19.206961106247356,0.0,0.0,0.0,92.92987074834933,0.0,0.0,0.0,0.0,0.0,0.0,0.0,0.0,338.7657863442647,-28.43056162860959,-890.2582486120497,0.0,4.72302322284771,83.20858973683214,0.0,0.0,0.0,-194.25019465058958,0.0,0.0,0.017317751817472526,0.0,0.0,0.0,9.603480553123678,0.0,0.0,0.0,0.0,748.559888542969,0.0,0.0,0.0,0.0,0.0,0.0,0.0,0.0,-1000.0,0.0,0.0015743410742825592,0.0015743410742825592,0.0,0.0,0.0,0.0,0.0,0.0,0.0,0.0,0.0,-542.6849553582975,92.92987074834933,0.0,0.0,0.0,0.0,335.223518927129,0.0,0.0,0.0,0.0,0.0,0.0,0.0,0.0,0.0,0.0,0.0,166.41717947366428,1000.0,477.18854212832764,-596.4721622498041,0.0,0.0,0.0,9.44604644569542,0.0,0.0,0.0,0.0,0.0,0.0,-9.44604644569542,0.0,166.41717947366428,0.0,0.0,0.0,0.0,0.0,0.0,0.0,92.92987074834933,92.92987074834933,0.0,-792.0445563104213,-1000.0,848.9764502773248,670.6965871063682,-675.4196103292159,0.0,679.7196660873293,0.0,0.0,0.0,0.0,0.0,0.0,0.0,0.0,0.0,0.0,0.0,0.0,0.0,0.0,0.0,0.0,0.0,-1.9679263428531613,19.34747410367241,-1.1807558057118968,837.0114581127772,0.0,0.0,0.0,0.0,0.0,-0.1967926342853213,0.0,339.2607751222314,0.0,0.0,0.0,0.0,0.0,0.0,0.0,1000.0,4.72302322284771,4.7230232228477105,0.0,0.0,0.0,0.0,0.0,0.017317751817472526,335.223518927129,0.0,0.0,-679.7196660873293,0.0,0.0,0.0,0.0,0.0,0.0,0.0,0.0,0.0,0.0,0.0,0.0,0.0,0.0,220.94153797848548,0.0,0.0,0.0,0.0,16.530581279966984,0.0,0.0,84.42083236402972,0.0,0.0,0.0,335.223518927129,0.0,376.5514975424735,0.0,0.0,0.0,-1.9679263428531613,0.0,0.0,0.0,0.0,0.0,0.0,0.0,0.0,0.0,0.0,0.0,0.0,0.0,0.0,0.0,0.0,0.0,0.0,-0.0157434107428257,0.0,0.0,0.7871705371412645,14.772476390831613,0.0,0.0,0.0,0.0,19.34747410367241,0.0,0.0,0.0,-836.8367062535314,0.3935852685706425,0.0,0.0,344.8032985119196,0.0157434107428257,0.0,15.7434107428257,-4.880457330275967,3.14868214856514,0.1124529338773235,43.924115972483705,-0.011807558057119274,0.7871705371412645,0.31486821485651406,-0.07871705371379945,-43.924115972483705,4.7230232228477105,-0.0157434107428257,8.008636616477848,0.0,0.003935852685706425,0.1124529338773235,-24.025909849433543,-85.71494072709004,92.61500253349281,-583.0136846962837,-0.0157434107428257,0.003935852685706425,-43.924115972483705,1.57434107428257,0.0157434107428257,0.0157434107428257,-335.19045776456875,-83.19127198501504,0.0,-0.011807558057119274,4.7230232228477105,0.0157434107428257,4.72302322284771,-7.871705371412851,-0.00787170537141285,208.42077316097058,-85.0,-0.011807558057119274,-0.0157434107428257,-4.880457330275967,0.0157434107428257,1.57434107428257,-0.31486821485651406,102.75738961864701,102.75738961864701,-1.57434107428257,583.0136846962837,-102.75738961864701,3.14868214856514,0.023615116114238548,-106.70681067555688,1.57434107428257,-276.89907945342196,0.0,-3.14868214856514,0.00787170537141285,0.157434107428257,59.437622632566836,96.0,-0.0157434107428257,-338.7657863442647,335.19045776456875,4.880457330275967,0.0157434107428257,85.71494072709004,-18.89209289139096,0.0,-0.0157434107428257,-0.003935852685706425,0.0,-0.0157434107428257,-41.42565892571743,0.015743410743280447,-0.003935852685706425,-0.003935852685706425,-0.003935852685706425,6.29736429713028,7.871705371412851,0.157434107428257,296.96308139007687,-0.003935852685706425,110.86660864865583,0.787170537141285,21.5,0.0157434107428257,0.00787170537141285,0.00787170537141285,1.57434107428257,4.880457330275967,0.0157434107428257,-4.880457330275967,0.157434107428257,0.0157434107428257,-867.5614453020503,0.0157434107428257,0.06297364297097374,0.07871705371379945,0.00787170537141285,0.003935852685706425,4.7230232228477105,-0.0157434107428257,0.0,-46.30750126674641,-593.9261627801537,0.39358526857063225,-1.57434107428257,3.14868214856514,0.787170537141285,-0.0157434107428257,24.025909849433543,0.023615116114238548,-0.0157434107428257,-3.14868214856514,4.880457330275967,304.5629948443189,0.00787170537141285,-43.0,-0.0157434107428257,-0.015743410743280447,-0.015743410742825696,0.00787170537141285,43.924115972483705,-3.14868214856514,0.0157434107428257,118.87524526513367,-0.003935852685706425,83.19127198501504,-118.87524526513367,2.361511611423855,85.0,154.34916513866222,43.924115972483705,-0.011807558057119274,338.7657863442647,-96.0,0.0157434107428257,-0.003935852685706425,756.6391559350722,15.7434107428257,-0.00787170537141285,-0.0157434107428257,0.003935852685706425,403.1420596712344,0.0,106.69893897018547,570.5983639119734,-46.0,0.0,245.1427471599007,-31.0,0.0,-32.0,234.00440440160094,-65.0,0.0,16.0,23.0,-117.00220220080045,0.0,15.5,-335.223518927129,-110.3128001937293,0.0,65.0,-110.3128001937293,-245.1427471599007,131.23024948850454,0.0,1496.5981,hclb
326,0.0,0.0,0.0,0.0,0.0,0.0,0.0,0.0,-0.026377484405350243,0.0,0.0,0.0,0.0,0.0,0.0,0.0,-999.960433773392,0.0,0.0,737.5426486008162,0.0,0.0,0.0,46.801260659741295,0.0,0.0,0.0,0.0,0.0,475.10385300593657,0.0,0.0,24.84151091866582,0.0,0.0,0.0,0.0,717.4804725072713,0.0,-1000.0,1000.0,0.0,0.0,176.64106542854802,0.0,0.0,0.0,0.0,348.2155153389074,-355.8846239162234,0.0,0.0,0.0,0.02901523284584573,0.0,0.0,0.0,5.275496881070048,0.0,0.0,29.78724217839973,0.0,66.54341573669461,0.0,0.0,0.0,0.0,0.0,0.0,0.0,0.0,0.26377484405350243,0.0,0.0,0.0,0.0,0.0,0.0,0.0,0.0,0.0,0.0,2.031066299212,0.0,15.826490643210148,0.0,0.0,747.4296450283814,-97.50233790659958,1000.0,-0.006594371101337561,0.0,0.0,-746.5788006570549,7.913245321605073,0.0,7.913245321605074,-0.8493549978530837,751.3298472840961,0.0,414.97771560720946,234.69714153594168,475.10385300593657,0.0,0.0,-5.575546675975979,272.5436333266873,0.0,0.0,0.0,0.0,0.0,0.0,0.0,0.0,0.0,0.0,0.0,0.0,0.0,0.0,0.0,0.0,0.0,-577.248691137194,0.0,0.0,7.913245321605074,0.0,8.177020165658575,8.177020165658575,0.0,824.2187499999994,0.0,-824.2187499999994,824.2187499999994,0.0,0.0,0.0,-96.33065791509435,0.0,0.0,0.0,0.0,0.0,0.0,0.026377484405350243,0.0,0.0,0.0,-1000.0,-95.16092091977411,0.0,0.0,412.94664930799746,0.0,211.15166608022076,0.0,0.0,0.0,0.0,0.0,61.3372451383959,61.3372451383959,0.0,0.0,0.0,-640.625,-1000.0,0.0,0.0,61.36362262280125,0.0,0.0,0.0,0.0,-31.640124252309068,0.0,0.0,0.0,0.0,0.0,0.0,0.0,0.0,0.0,0.0,0.0,0.0,0.0,0.0,-693.7037601414994,0.0,0.0,0.0,0.0,0.0,355.8846239162234,0.0,-95.64516036728887,95.64516036728887,42.051603677878624,0.0,0.0,0.0,0.0,0.0,0.0,0.0,-120.95539483865204,0.0,0.0,0.0,0.0,0.0,0.0,0.0,0.0,0.0,0.0,0.0,0.0,0.0,203.35201665644948,790.1682813552269,176.64106542854802,0.0,0.0,0.0,54.279054237215725,65.3569038530072,0.0,0.0,0.0,0.0,29.78724217839973,0.0,0.0,0.0,0.0,0.0,0.0,0.0,0.0,0.0,0.0,0.0,0.0,0.0,0.0,-1.857177539310726,1000.0,0.0,-176.64106542854802,0.0,0.0,96.33065791509435,0.0,0.0,0.0,0.0,143.17368184976067,0.0,0.0,-1000.0,0.0,0.0,-1000.0,0.0,0.0,-193.14749827388846,0.0,-453.7476721337614,355.8846239162234,0.0,-17.461285708641498,0.0,0.0,0.0,0.0,0.0,0.0,0.0,144.80057203577084,0.0,54.279054237215725,0.0,-640.625,0.0,0.0,29.78724217839973,-0.039566226608030775,0.0,0.0,0.0,0.0,0.026377484405350243,0.0,0.0,0.0,578.3820072890086,-999.960433773392,0.0,-417.69824545252374,438.5935742127233,31.640124252309068,878.9096879654594,0.0,784.1571934068326,0.0,-5.575546675975979,0.0,0.0,0.0,177.54962275063608,0.0,-961.7068161574687,-1000.0,-1000.0,0.0,0.0,0.0,0.0,0.0,0.0,0.0,0.0,0.0,0.0,0.0,0.0,0.0,0.0,0.0,0.0,0.0,767.3401055116858,0.0,-232.6598944883142,412.94664930799746,282.41401755510617,0.0,0.0,0.0,0.0,0.0,0.0,751.3298472840961,0.0,746.3688092477279,233.37826731567415,0.0,0.0,0.0,-485.53593814945657,0.0,-91.95191063705094,0.0,0.0,0.0,0.0,-118.00800787810459,425.7015332000257,484.8765010393228,-1.318874220267512,0.0,0.0,0.0,0.0,-209.80668069366635,7.913245321605074,0.0,0.0,0.0,0.0,0.0,0.0,0.0,-203.35201665644948,203.35201665644948,203.35201665644948,-470.44634213381806,0.0,0.0,-83.48970438178029,0.0,0.0,0.0,0.0,0.0,-36.75617355829513,0.0,0.0,129.00355735614568,0.0,0.0,0.0,0.0,-40.36225155946497,0.05275496881071055,0.0,0.0,0.0,0.0,0.0,0.0,0.0,0.0,0.0,0.0,0.0,0.0,0.0,0.0,0.0,0.0,0.0,0.0,0.0,0.02901523284584573,0.02901523284584573,0.0,294.07651977537944,0.0,15.826490643210148,0.0,0.0,0.0,993.38653169104,0.0,0.0,0.0,0.0,0.0,-225.54866521888087,-993.38653169104,0.0,0.0,0.0,0.0,0.0,129.00355735614568,0.0,0.0,0.0,0.0,0.0,0.0,0.0,192.41623037906467,-578.3820072890086,822.6172875930868,0.0,2.031066299211973,0.0,-746.5788006570549,0.0,-107.40850753088583,0.0,-225.54866521888087,0.0,734.0890832216542,-1000.0,0.0,0.0,203.35201665644948,0.0,0.0,0.0,0.0,0.0,0.0,0.0,0.0,0.0,0.0,0.0,0.0,0.0,15.826490643210148,96.33065791509435,96.33065791509435,0.0,0.0,0.0,0.0,0.0,0.0,0.0,0.0,0.0,0.0,0.26377484405350243,0.0,0.0,0.0,0.0,0.0,0.0,0.0,0.0,7.913245321605074,0.0,0.0,0.0,0.0,0.0,0.0,0.0,0.0,0.0,0.0,49.491764069087026,0.0,0.0,7.913245321605073,7.913245321605073,1000.0,-993.38653169104,0.0,129.00355735614568,0.0,0.0,0.0,0.0,0.0,563.509498091669,0.0,776.5501587131987,0.026377484405350243,0.0,0.0,0.0,2.1271557066886015,0.0,0.0,746.5788006570549,0.0,0.0,0.0,0.0,0.0,0.0,0.0,0.0,0.0,0.0,0.0,0.0,0.0,0.0,0.026377484405350243,0.0,0.0,0.0,0.0,0.0,0.0,0.0,0.0,282.41401755510617,0.0,1000.0,0.0,-248.6701527159039,-1000.0,-1.9783113304012727,0.0,-1.3188742202675132,0.0,0.0,0.0,0.0,0.0,0.0,0.0,0.0,0.0,0.0,0.0,96.33065791509435,31.640124252309068,0.0,0.0,-208.48780647339885,0.0,0.0,0.0,-0.026377484405350243,0.0,0.0,0.026377484405350243,0.0,0.026377484405350243,0.0,0.0,0.0,15.826490643210148,32.1805309745273,32.1805309745273,0.0,0.0,0.0,0.0,0.0,0.0,0.0,822.6172875930868,0.0,0.0,0.0,0.0,0.0,179.8207241579367,0.0,0.0,0.0,0.0,0.0,0.0,0.0,0.0,0.0,0.0,0.0,0.0,0.0,107.40850753088583,0.0,0.0,0.0,0.03956622660802536,0.0,0.0,0.0,-7.913245321605074,0.0,0.0,0.0,0.0,0.0,-294.07651977537944,1.318874220267512,0.0,0.0,0.0,640.625,1000.0,-0.8493549978530837,-1.3188742202675132,0.0,0.0,0.0,0.0,0.0,0.0,0.0,96.33065791509435,0.0,0.0,549.1815687942128,90.72450311892995,0.0,882.3417907120167,-5.575546675975979,0.0,-0.8493549978530837,1000.0,-999.1506450021469,412.94664930799746,-32.1805309745273,0.0,1.3188742202675132,881.1272287788481,0.0,0.0,0.0,-36.75617355829513,546.8750000000161,-546.8750000000161,0.0,0.0,0.0,0.0,0.0,0.0,0.0,0.0,-3.9566226608025445,32.1805309745273,0.0,0.0,0.0,0.0,0.0,0.0,0.0,0.0,0.0,0.0,0.0,0.0,296.0548311057807,-2.1271557066886015,362.9897156592239,0.0,7.913245321605074,0.0,0.0,0.0,0.0,-33.53273275824705,0.0,0.0,0.02901523284584573,0.0,0.0,0.0,16.090265487263647,0.0,0.0,0.0,0.0,790.1682813552269,0.0,272.5436333266873,0.0,0.0,0.0,0.0,0.0,0.0,-442.454653015228,0.0,0.0026377484405350243,0.0026377484405350243,0.0,0.0,0.0,0.0,0.0,0.0,0.0,0.0,0.0,0.0,0.0,0.0,0.0,0.0,0.0,294.07651977537944,0.0,0.0,0.0,0.0,0.0,0.0,0.0,355.8846239162234,0.0,0.0,0.0,0.0,-367.910375740822,-1000.0,0.0,0.0,0.0,0.0,15.82649064321015,0.0,0.0,0.0,0.0,0.0,-76.8181994240457,60.99170878083555,0.0,0.0,0.0,0.0,0.0,0.0,0.0,0.0,0.0,0.0,0.0,0.0,-776.5501587131987,38.6133510976056,197.88930097560163,0.0,-7.913245321605074,0.0,999.8944900623775,0.0,0.0,0.0,0.0,0.0,0.0,0.0,0.0,0.0,0.0,0.0,0.0,0.0,0.0,0.0,0.0,0.0,-3.297185550668786,96.33065791509435,-235.35657864607543,181.79903548833798,0.0,0.0,0.0,0.0,0.0,0.0,-0.3297185550668781,449.7028228662926,0.0,0.0,0.0,0.0,0.0,0.0,0.0,1000.0,7.913245321605073,7.913245321605073,0.0,0.0,0.0,0.0,0.0,0.02901523284584573,294.07651977537944,0.0,0.0,-999.8944900623775,0.0,0.0,0.0,0.0,0.0,0.0,0.0,0.0,0.0,0.0,0.0,0.0,0.0,0.0,0.0,0.0,0.0,8.177020165658575,0.0,27.69635862561776,2.031066299211973,0.0,0.0,0.0,0.0,0.0,294.07651977537944,0.0,0.0,0.0,0.0,0.0,-3.297185550668786,0.0,0.0,0.0,0.0,0.0,0.0,0.0,0.0,0.0,0.0,0.0,0.0,0.0,0.0,0.0,0.0,0.0,0.0,-0.026377484405350243,0.0,0.0,1.318874220267512,225.54866521888087,0.0,0.0,0.0,0.0,96.33065791509435,0.0,0.0,0.0,-177.54962275063608,0.659437110133756,0.0,0.0,0.0,0.026377484405350243,0.0,26.37748440535024,0.0,5.275496881070048,0.18841060289535888,89.94722182224433,-0.01978311330401268,118.00800787810459,0.5275496881070049,-0.13188742202783033,-89.94722182224433,7.913245321605073,-0.026377484405350243,1.8585155586586597,129.00355735614568,0.006594371101337561,0.18841060289535888,-5.575546675975979,-4.199295517332597,-0.5275496881070049,262.4177851725758,-0.026377484405350243,0.006594371101337561,-89.94722182224433,2.637748440535024,0.026377484405350243,0.026377484405350243,-294.02112705812823,0.029015232845885267,-54.052669126178834,-0.01978311330401268,7.913245321605073,0.026377484405350243,7.913245321605074,-13.188742202675122,-0.013188742202675121,-145.94790360208998,-68.02102977794758,-0.01978311330401268,-0.026377484405350243,0.0,0.026377484405350243,2.637748440535024,-0.5275496881070049,107.40850753088583,107.40850753088583,-2.637748440535024,-262.4177851725758,-107.40850753088583,5.275496881070048,0.03956622660802536,193.13430953168574,2.637748440535024,-192.41623037906467,129.00355735614568,-5.275496881070048,0.013188742202675121,0.26377484405350243,104.42456136313093,96.0,-0.026377484405350243,-300.01145376658326,294.02112705812823,8.177020165658575,0.026377484405350243,4.199295517332597,97.35057606972585,129.00355735614568,-0.026377484405350243,-0.006594371101337561,-129.00355735614568,-0.026377484405350243,-312.9058848861523,0.02637748440519204,-0.006594371101337561,-0.006594371101337561,-0.006594371101337561,10.550993762140097,13.188742202675122,0.26377484405350243,19.542418758813284,-0.006594371101337561,206.9906071676032,1.318874220267512,21.5,0.026377484405350243,0.013188742202675121,0.013188742202675121,40.0,0.0,0.026377484405350243,0.0,0.26377484405350243,0.026377484405350243,-19.542418758813284,0.026377484405350243,0.10550993762251437,0.13188742202783033,0.013188742202675121,0.006594371101337561,7.913245321605073,-0.026377484405350243,54.052669126178834,0.26377484405350243,-39.08483751762657,117.34857076797084,-2.637748440535024,5.275496881070048,1.318874220267512,-0.026377484405350243,5.575546675975979,0.03956622660802536,-0.026377484405350243,-80.0,0.0,292.6014897113528,0.013188742202675121,-43.0,-0.026377484405350243,-0.02637748440519204,-0.026377484405350243,0.013188742202675121,89.94722182224433,-5.275496881070048,0.026377484405350243,208.84912272626187,-0.006594371101337561,-0.029015232845885267,-208.84912272626187,3.956622660802536,68.02102977794758,-283.17814426298673,89.94722182224433,-0.01978311330401268,300.01145376658326,-96.0,0.026377484405350243,-0.00659437110133756,747.6876834679954,26.37748440535024,-0.013188742202675121,-0.026377484405350243,0.006594371101337561,1000.0,0.0,-1000.0,0.0,-46.0,0.0,-107.0155149758676,-31.0,0.0,-32.0,470.74639192872417,-65.0,-806.8525017261115,16.0,23.0,-235.37319596436208,0.0,15.5,-294.07651977537944,-259.0687569531058,806.8525017261115,65.0,-259.0687569531058,107.0155149758676,-103.50191974306424,0.0,1496.5981,hclb
327,0.0,0.0,0.0,0.0,0.0,0.0,0.0,0.0,346.6678994140349,0.0,0.0,0.0,0.0,0.0,0.0,0.0,0.0,731.2203657880007,0.0,0.0,0.0,0.0,0.0,618.9891448532711,0.0,0.0,0.0,0.0,0.0,-838.9602939434648,0.0,0.0,23.096484463594166,0.0,0.0,0.0,0.0,686.3389129675369,0.0,-1000.0,1000.0,0.0,0.0,838.9602939434648,0.0,0.0,284.498518050122,0.0,0.0,-729.7980819226489,0.0,0.0,0.0,0.035527914115519366,0.0,0.0,0.0,6.459620748245205,0.0,0.0,-202.85410310931522,0.0,1000.0,797.1458968906848,0.0,0.0,0.0,0.0,737.9264377770514,-737.9264377770514,0.0,0.32298103741226025,0.0,0.0,0.0,0.0,0.0,0.0,0.0,933.1318726871235,0.0,0.0,0.0,0.0,19.378862244735615,0.0,200.0097167731717,456.8373144914941,274.38305129650655,0.0,-0.008074525935306505,0.0,0.0,-582.4301166702027,9.689431122367807,0.0,9.689431122367807,-633.9184483354663,0.0,0.0,0.0,5.626021719451336,-838.9602939434648,0.0,0.0,-7.18972744372457,934.8913719581493,0.0,0.0,0.0,0.0,0.0,0.0,0.0,0.0,0.0,0.0,0.0,0.0,0.0,0.0,0.0,0.0,0.0,-235.27283028393458,0.0,0.0,9.689431122367807,0.0,10.012412159780066,10.012412159780066,0.0,0.0,668.615908915257,-668.615908915257,668.615908915257,0.0,0.0,0.0,0.0,0.0,0.0,0.0,0.0,0.0,202.4966707612461,0.03229810374122602,0.0,0.0,0.0,65.1086280418507,-1000.0,0.0,0.0,0.0,0.0,166.74509171514848,0.0,0.0,0.0,0.0,0.0,398.2334323459417,398.2334323459417,0.0,0.0,0.0,-578.125,-962.4436039543687,0.0,0.0,398.2657304496829,0.0,0.0,0.0,730.0704752519761,0.0,0.0,0.0,0.0,0.0,0.0,0.0,0.0,0.0,0.0,-58.07693920061637,0.0,0.0,0.0,0.0,-702.8982983718688,0.0,0.0,0.0,0.0,0.0,729.7980819226489,0.0,-274.38305129650655,274.38305129650655,0.0,0.0,0.0,0.0,0.0,0.0,0.0,0.0,-945.4968837158984,0.0,0.0,0.0,0.0,0.0,0.0,0.0,0.0,0.0,0.0,0.0,0.0,0.0,213.0335694773319,18.40646069851283,838.9602939434648,0.0,0.0,0.0,0.0,0.0,0.0,0.0,0.0,0.0,-202.85410310931522,0.0,0.0,0.0,0.0,0.0,0.0,0.0,0.0,0.0,183.91061777540625,0.0,0.0,0.0,-548.7661025930131,0.0,182.45426319498756,0.0,-838.9602939434648,0.0,0.0,0.0,-824.7802221961223,0.0,0.0,0.0,261.63907201935206,0.0,0.0,-1000.0,0.0,0.0,-1000.0,0.0,0.0,0.0,0.0,0.0,729.7980819226489,0.0,110.13653375758072,0.0,0.0,0.0,0.0,0.0,0.0,0.0,82.67050197280736,0.0,0.0,0.0,-578.125,0.0,0.0,-202.85410310931522,-0.04844715561183903,0.0,0.0,0.0,0.0,0.03229810374122602,0.0,0.0,0.0,509.2982494740948,0.0,0.0,-352.7682871217,177.55684713775852,0.0,936.149051870613,0.0,577.8558632745136,0.0,-7.18972744372457,0.0,0.0,0.0,-2.780866732119731,-737.9264377770514,162.8514412346576,-16.974186492621048,-1000.0,0.0,0.0,0.0,0.0,0.0,0.0,0.0,0.0,0.0,0.0,0.0,0.0,0.0,0.0,0.0,0.0,0.0,34.848174688543395,0.0,-651.6199306939575,0.0,0.0,816.7890671704056,0.0,0.0,0.0,-386.40728853665246,0.0,0.0,0.0,0.0,4.011116532390034,0.0,-139.80114476058372,-942.811388503583,0.0,0.0,180.14520294843118,-1.6149051870613012,-206.34083792221844,0.0,139.80114476058372,939.1909250503267,0.0,-0.8074525935306506,0.0,0.0,0.0,-868.6139689210386,0.0,847.6202014892417,9.689431122367807,0.0,0.0,0.0,0.0,0.0,346.70019751777613,0.0,-213.0335694773319,213.0335694773319,213.0335694773319,93.50838673799016,0.0,0.0,0.0,0.0,0.0,0.0,0.0,0.0,-5.68877267228703,0.0,0.0,73.5403792517548,0.0,0.0,0.0,0.0,8.717029576145023,0.06459620748241335,0.0,0.0,0.0,0.0,0.0,0.0,0.0,0.0,0.0,0.0,0.0,0.0,0.0,0.0,0.0,0.0,0.0,0.0,0.0,0.035527914115519366,0.035527914115519366,0.0,302.5739487290867,0.0,19.378862244735615,0.0,61.26971063812829,0.0,1000.0,0.0,38.031584555670634,200.0097167731717,0.0,0.0,356.39278272939754,-1000.0,0.0,0.0,397.80872648563974,0.0,0.0,73.5403792517548,0.0,0.0,0.0,0.0,0.0,0.0,0.0,78.42427676131153,-509.2982494740948,0.0,0.0,202.4966707612461,0.0,-582.4301166702027,0.0,0.0,0.0,356.39278272939754,0.0,1000.0,-634.8901876944574,0.0,0.0,213.0335694773319,0.0,0.0,0.0,0.0,0.0,0.0,0.0,0.0,0.0,0.0,0.0,0.0,0.0,19.378862244735615,0.0,0.0,0.0,0.0,0.0,0.0,0.0,0.0,0.0,0.0,0.0,0.0,0.32298103741226025,0.0,0.0,200.0097167731717,-200.0097167731717,0.0,0.0,0.0,0.0,9.689431122367807,-397.80872648563974,0.0,0.0,0.0,0.0,0.0,0.0,0.0,0.0,0.0,0.0,558.3731417992122,0.0,9.689431122367807,9.689431122367807,1000.0,-1000.0,0.0,73.5403792517548,0.0,0.0,0.0,0.0,0.0,530.3014173755437,0.0,998.8641535756057,0.03229810374122602,0.0,0.0,-600.3618123596594,602.9664237256483,0.0,0.0,582.4301166702027,0.0,0.0,0.0,0.0,0.0,0.0,0.0,0.0,0.0,0.0,0.0,0.0,0.0,0.0,0.03229810374122602,0.0,0.0,0.0,686.7327574811139,-686.7327574811139,0.0,0.0,0.0,0.0,-205.15157488877443,635.5333535225276,0.0,0.0,-686.4681053825009,-2.422357780591952,-1.6149051870612539,0.0,0.0,0.0,0.0,0.0,0.0,0.0,0.0,0.0,0.0,0.0,0.0,0.0,0.0,0.0,0.0,-19.378862244735615,0.0,0.0,0.0,346.6678994140349,0.0,0.0,0.03229810374122602,0.0,0.03229810374122602,0.0,0.0,0.0,19.378862244735615,39.40368656429575,39.40368656429575,0.0,0.0,0.0,0.0,0.0,0.0,0.0,0.0,0.0,0.0,0.0,0.0,0.0,0.0,0.0,0.0,0.0,0.0,0.0,0.0,0.0,0.0,0.0,0.0,0.0,0.0,0.0,0.0,0.0,0.0,0.0,0.04844715561183903,0.0,0.0,0.0,-9.689431122367807,0.0,0.0,0.0,0.0,0.0,-302.5739487290867,1.6149051870613012,0.0,0.0,0.0,578.125,962.4436039543687,181.255713647878,0.0,0.0,0.0,0.0,0.0,0.0,0.0,0.0,0.0,0.0,397.80872648563974,631.9135210509669,89.5403792517548,0.0,58.54037925175479,-7.18972744372457,0.0,0.0,0.0,0.0,0.0,-864.183908760418,61.26971063812829,1.6149051870612539,1000.0,0.0,0.0,0.0,-405.70820621863044,0.0,0.0,0.0,0.0,0.0,0.0,0.0,0.0,0.0,55.654581420024456,-2.4223577805920042,39.40368656429575,0.0,0.0,0.0,0.0,0.0,0.0,0.0,0.0,0.0,183.91061777540625,0.0,0.0,307.41866429027056,-2.6046113659888697,-518.0607510610686,0.0,9.689431122367807,200.0097167731717,0.0,0.0,0.0,-154.9728824998997,0.0,0.0,0.035527914115519366,0.0,0.0,0.0,19.701843282147873,0.0,0.0,0.0,0.0,18.40646069851283,0.0,934.8913719581493,0.0,0.0,0.0,0.0,0.0,0.0,0.0,0.0,267.16104157988616,0.0032298103741226023,0.0,0.0,0.0,0.0,0.0,0.0,0.0,0.0,0.0,-600.3618123596594,0.0,0.0,0.0,0.0,0.0,302.5739487290867,0.0,0.0,0.0,0.0,0.0,0.0,0.0,729.7980819226489,0.0,0.0,0.0,400.0194335463434,0.0,0.0,731.2203657880007,0.0,0.0,0.0,19.378862244735615,0.0,0.0,0.0,0.0,0.0,0.0,-19.378862244735615,0.0,400.0194335463434,0.0,0.0,0.0,0.0,0.0,0.0,0.0,0.0,0.0,0.0,-1000.0,-325.63306306054216,22.124201062739825,0.0,-9.689431122367807,0.0,686.3389129675369,0.0,0.0,0.0,0.0,0.0,0.0,0.0,0.0,0.0,0.0,0.0,0.0,0.0,0.0,0.0,0.0,61.26971063812829,-4.0372629676531915,0.0,-6.433474312981986,0.0,0.0,0.0,0.0,0.0,0.0,-0.40372629676532534,0.0,5.68877267228703,0.0,0.0,0.0,0.0,0.0,0.0,0.0,998.8641535756057,9.689431122367807,9.689431122367807,0.0,0.0,0.0,0.0,933.1318726871235,0.035527914115519366,302.5739487290867,0.0,0.0,-686.3389129675369,267.157811769512,0.0,0.0,0.0,0.0,0.0,0.0,0.0,0.0,0.0,0.0,0.0,0.0,0.0,0.0,0.0,0.0,10.012412159780066,0.0,33.913008928287326,0.0,0.0,202.4966707612461,0.0,0.0,0.0,302.5739487290867,0.0,0.0,0.0,0.0,0.0,-4.0372629676531915,0.0,0.0,0.0,0.0,0.0,0.0,0.0,0.0,0.0,0.0,0.0,0.0,0.0,0.0,0.0,0.0,0.0,0.0,-0.03229810374122602,0.0,0.0,1.6149051870613012,-356.39278272939754,0.0,0.0,0.0,0.0,0.0,0.0,0.0,0.0,2.780866732119731,0.8074525935306506,0.0,0.0,0.0,0.03229810374122602,0.0,32.29810374122602,0.0,6.459620748245205,0.23070074100875732,110.13653375758072,-0.024223577805919518,3.6204634532563182,0.6459620748245205,-0.16149051870525,-110.13653375758072,9.689431122367807,-0.03229810374122603,2.396575814574857,73.5403792517548,0.008074525935306507,0.23070074100875732,-7.18972744372457,-205.15157488877443,-0.6459620748245205,-731.2203657880007,-0.03229810374122603,0.008074525935306507,-110.13653375758072,3.2298103741226023,0.03229810374122603,0.03229810374122602,-302.50612271123,-199.97418885905634,0.0,-0.024223577805919518,9.689431122367807,0.03229810374122603,9.689431122367807,-16.14905187061301,-0.016149051870613013,-152.36563682769935,-3.2621084778638334,-0.024223577805919518,-0.03229810374122603,0.0,0.03229810374122602,3.2298103741226023,-0.6459620748245205,0.0,0.0,-3.2298103741226023,731.2203657880007,0.0,6.459620748245205,0.048447155611839036,-1000.0,3.2298103741226023,-78.42427676131153,73.5403792517548,-6.459620748245205,0.01614905187061301,0.32298103741226025,88.192071780425,96.0,-0.03229810374122602,-309.84102207086255,302.50612271123,10.012412159780066,0.03229810374122603,205.15157488877443,34.78265476228321,73.5403792517548,-0.03229810374122602,-0.008074525935306507,-73.5403792517548,-0.03229810374122603,-926.1743423820043,0.03229810374122603,-0.008074525935306505,-0.008074525935306505,-0.008074525935306505,12.91924149649041,16.14905187061301,0.32298103741226025,298.2876853279816,-0.008074525935306507,173.98756774627515,1.6149051870613012,-2.7436096010112108,0.03229810374122602,0.016149051870613013,0.016149051870613013,40.0,0.0,0.03229810374122602,0.0,0.32298103741226025,0.03229810374122603,-847.0053407653829,0.03229810374122603,0.12919241496399536,0.16149051870525,0.016149051870613013,0.008074525935306507,9.689431122367807,-0.03229810374122603,0.0,0.32298103741226025,-596.5753706559632,2.813010859725668,-3.2298103741226023,6.459620748245205,1.6149051870613012,-0.03229810374122603,7.18972744372457,0.048447155611839036,-0.03229810374122603,-80.0,0.0,305.7869806005922,0.016149051870613013,5.4872192020224215,-0.03229810374122603,-0.03229810374122603,-0.03229810374122603,0.016149051870613013,110.13653375758072,-6.459620748245205,0.03229810374122602,176.38414356085,-0.008074525935306505,199.97418885905634,-176.38414356085,4.844715561183903,3.2621084778638285,771.1505667759507,110.13653375758072,-0.024223577805919518,309.84102207086255,-96.0,0.03229810374122603,-0.008074525935306508,1.6149051870612539,32.29810374122602,-0.016149051870613013,-0.03229810374122603,0.008074525935306507,0.0,0.0,999.9838509481294,548.7176554374014,-46.0,0.0,449.6303938457887,-31.0,0.0,-32.0,-92.7782800425108,-65.0,0.0,16.0,23.0,46.3891400212554,0.0,15.5,-302.5739487290867,-150.8140981006925,0.0,65.0,-150.8140981006925,-449.6303938457887,205.80896435469145,0.0,1496.5981,hclb
328,0.0,0.0,0.0,0.0,0.0,0.0,0.0,0.0,-0.02890458040085855,0.0,0.0,0.0,0.0,0.0,0.0,0.0,750.2980941821068,-326.93078233297666,0.0,-449.3505941780712,0.0,0.0,0.0,715.3211842399796,0.0,505.3826615721215,0.0,0.0,0.0,-253.44246471424367,0.0,0.0,18.15686712885279,0.0,0.0,0.0,0.0,587.2855656180229,0.0,-1000.0,991.3286258797424,0.0,0.0,0.0,0.0,0.0,0.0,0.0,-1000.0,0.0,0.0,-929.4649450314233,0.0,0.03179503844097299,0.0,0.0,0.0,0.0,0.0,0.0,-76.84317167691273,0.0,225.03220486030455,133.94662970519096,0.0,0.0,0.0,0.0,0.0,0.0,0.0,0.28904580400858554,0.0,0.0,0.0,0.0,0.0,0.0,0.0,0.0,0.0,0.0,-25.462023508995458,0.0,17.34274824051513,0.0,79.04510945567739,357.3949593814482,286.8599044128715,-323.9745461372487,-0.0072261451002146385,0.0,0.0,0.0,8.671374120257566,0.0,8.671374120257566,0.0,481.3526953772599,0.0,317.6466982038115,248.6408555489238,-1000.0,0.0,0.0,-12.204341644288206,0.0,0.0,0.0,0.0,0.0,0.0,0.0,0.0,0.0,0.0,0.0,0.0,0.0,0.0,0.0,0.0,0.0,0.0,-637.8492587977665,0.0,0.0,8.671374120257566,0.0,8.960419924266152,0.0,0.0,0.0,0.0,0.0,0.0,-1000.0,0.0,0.0,985.7575965217991,0.0,0.0,0.0,0.0,0.0,106.73278565553892,0.02890458040085855,0.0,0.0,0.0,0.0,-782.4157698101279,0.0,0.0,201.90420462277768,0.0,77.73364041351384,0.0,0.0,0.0,0.0,0.0,-342.84400808966745,-342.84400808966745,0.0,0.0,0.0,-546.875,-579.7793667348117,0.0,0.0,-342.8151035092666,0.0,0.0,0.0,624.3562246055117,-45.422631841374184,0.0,0.0,0.0,0.0,0.0,0.0,0.0,0.0,0.0,0.0,0.0,0.0,0.0,0.0,-1000.0,0.0,0.0,0.0,0.0,0.0,0.0,929.4649450314233,713.1400955871285,-713.1400955871285,14.242403478200865,0.0,0.0,0.0,0.0,0.0,0.0,746.5575352857563,316.18439868750073,0.0,0.0,0.0,0.0,0.0,0.0,0.0,0.0,0.0,0.0,0.0,0.0,0.0,277.2591478008385,750.9776019704714,-426.3205744992864,0.0,0.0,0.0,0.0,-14.242403478200865,0.0,0.0,0.0,0.0,-76.84317167691273,-426.3205744992864,0.0,0.0,0.0,0.0,0.0,0.0,0.0,0.0,0.9307274889080434,5.7809160801717105,0.0,0.0,426.28019117425697,0.0,1000.0,0.0,426.3205744992864,0.0,0.0,14.242403478200865,-97.48659715572887,0.0,0.0,0.0,-420.46189015818356,0.0,0.0,-1000.0,0.0,0.0,-1000.0,0.0,0.0,1000.0,0.0,-350.0011853367905,0.0,0.0,80.64377931839536,0.0,0.0,0.0,363.5131119384038,0.0,-363.5131119384038,0.0,-580.0082410371006,0.0,0.0,129.9210523467616,-546.875,0.0,0.0,-76.84317167691273,-0.04335687060128783,0.0,0.0,0.0,0.0,0.02890458040085855,0.0,0.0,0.0,990.3978983908344,750.2980941821068,0.0,-529.8663889025801,967.2484586335001,45.422631841374184,1000.0,0.0,0.0,0.0,-12.204341644288206,0.0,0.0,0.0,-2.488684372513949,926.0553765696343,-923.5666921971203,-1000.0,212.28179176386,0.0,0.0,0.0,0.0,0.0,0.0,0.0,0.0,0.0,0.0,0.0,0.0,0.0,0.0,0.0,0.0,0.0,0.0,0.0,-1000.0,201.90420462277768,412.5988160603735,0.0,0.0,0.0,0.0,-107.66351314444697,0.0,622.5572124672892,0.0,0.0,247.1956265288809,0.0,0.0,-1000.0,-864.7956524137043,-926.0553765696343,-526.3294763118499,218.7771637290897,0.0,884.6466746873643,0.0,874.9569577155166,0.0,864.0730379036828,-220.2223927491326,0.0,0.0,699.2847510687966,0.0,0.0,8.671374120257566,0.0,0.0,0.0,0.0,0.0,0.0,727.7453095898456,450.48616178900716,-450.48616178900716,-450.48616178900716,99.4234255641165,0.0,0.0,0.0,0.0,0.0,746.5575352857563,0.0,0.0,-9.838527920671567,0.0,0.0,0.0,0.0,0.0,0.0,0.0,-40.10954195991415,0.05780916080168506,0.0,0.0,0.0,0.0,0.0,0.0,0.0,0.0,0.0,0.0,0.0,0.0,0.0,0.0,0.0,0.0,0.0,0.0,0.0,0.03179503844097299,0.03179503844097299,0.0,367.47823172066677,0.0,17.34274824051513,0.0,0.0,0.0,1000.0,0.0,0.0,79.04510945567739,0.0,0.0,395.0139573271537,-1000.0,0.0,0.0,405.72036203836075,0.0,0.0,0.0,0.0,0.0,0.0,0.0,0.0,0.0,0.0,212.61641959925552,-990.3978983908344,782.4157698101279,0.0,81.2707621465435,0.0,0.0,0.0,0.0,0.0,395.0139573271537,0.0,-283.72656811959877,638.6309834868383,0.0,0.0,277.2591478008385,0.0,0.0,0.0,0.0,0.0,0.0,0.0,0.0,0.0,0.0,0.0,0.0,0.0,17.34274824051513,14.242403478200913,14.242403478200865,0.0,0.0,0.0,0.0,0.0,0.0,0.0,0.0,0.0,0.0,0.28904580400858554,0.0,0.0,79.04510945567739,-79.04510945567739,0.0,929.4649450314233,0.0,0.0,8.671374120257566,-405.72036203836075,0.0,0.0,0.0,0.0,0.0,0.0,0.0,0.0,0.0,1000.0,-761.9306269145684,0.0,8.671374120257566,8.671374120257566,521.8373824923481,-1000.0,0.0,0.0,0.0,0.0,0.0,0.0,0.0,1000.0,746.5575352857563,674.265662127438,0.02890458040085855,0.0,0.0,0.0,38.17262764510527,0.0,0.0,0.0,0.0,0.0,0.0,0.0,0.0,0.0,0.0,0.0,0.0,0.0,0.0,0.0,0.0,0.0,0.02890458040085855,0.0,0.0,0.0,0.0,0.0,0.0,0.0,0.0,412.5988160603735,-485.1063006771576,1000.0,0.0,0.0,-1000.0,-2.1678435300643915,-1.4452290200429276,0.0,0.0,0.0,0.0,0.0,0.0,0.0,0.0,0.0,0.0,0.0,0.0,14.242403478200913,45.422631841374184,0.0,0.0,700.7299800888395,0.0,0.0,0.0,-0.02890458040085855,0.0,0.0,0.02890458040085855,0.0,0.02890458040085855,0.0,0.0,0.0,17.34274824051513,35.26358808904744,35.26358808904744,0.0,0.0,0.0,0.0,0.0,0.0,141.2045170900293,782.4157698101279,0.0,746.5575352857563,0.0,0.0,0.0,0.0,0.0,0.0,0.0,0.0,0.0,0.0,0.0,0.0,0.0,0.0,0.0,0.0,0.0,0.0,0.0,-505.3826615721215,505.3826615721215,0.04335687060128783,0.0,0.0,0.0,-8.671374120257566,0.0,0.0,0.0,0.0,0.0,-367.47823172066677,1.4452290200429276,0.0,0.0,0.0,546.875,579.7793667348117,0.0,0.0,0.0,0.0,0.0,0.0,0.0,0.0,0.0,14.242403478200913,0.0,405.72036203836075,631.3537054831121,90.2190839198283,0.0,841.6348537299563,-12.204341644288206,0.0,377.4427875327108,622.5572124672892,-1000.0,201.90420462277768,-132.7501852447763,0.0,1.4452290200429276,808.6143483583461,0.0,0.0,0.0,-167.92874683202635,0.0,0.0,1000.0,-1000.0,0.0,0.0,0.0,0.0,0.0,-4.3356870601287705,0.0,35.26358808904744,0.0,0.0,0.0,0.0,0.0,0.0,0.0,0.0,0.0,0.9307274889080434,0.0,0.0,373.98176231085995,-38.17262764510527,-616.6343806780206,0.0,8.671374120257566,79.04510945567739,0.0,0.0,0.0,-25.893031223926982,0.0,0.0,0.03179503844097299,0.0,0.0,0.0,17.63179404452372,0.0,0.0,0.0,0.0,750.9776019704714,0.0,0.0,0.0,0.0,0.0,0.0,0.0,0.0,379.0419289194797,0.0,0.002890458040085855,0.002890458040085855,0.0,0.0,0.0,0.0,0.0,0.0,0.0,0.0,0.0,0.0,0.0,0.0,0.0,0.0,0.0,367.47823172066677,0.0,0.0,0.0,0.0,0.0,0.0,0.0,0.0,0.0,0.0,0.0,158.09021891135478,0.0,630.7093538807751,-326.93078233297666,0.0,0.0,0.0,17.34274824051513,0.0,0.0,0.0,0.0,0.0,0.0,-17.34274824051513,0.0,158.09021891135478,0.0,0.0,0.0,0.0,0.0,0.0,0.0,0.0,0.0,0.0,538.016129636422,-1000.0,19.79963757458811,0.0,-8.671374120257566,0.0,999.8843816783965,0.0,0.0,0.0,0.0,0.0,0.0,0.0,0.0,0.0,500.00000000000006,0.0,-500.0,-500.0,0.0,0.0,0.0,0.0,-3.613072550107319,14.242403478200865,-249.36347005894527,-2.167843530064374,0.0,0.0,0.0,0.0,0.0,0.0,-0.3613072550107319,211.74273254344925,0.0,0.0,0.0,0.0,0.0,0.0,0.0,1000.0,8.671374120257566,8.671374120257566,0.0,0.0,0.0,0.0,0.0,0.03179503844097299,367.47823172066677,0.0,0.0,-999.8843816783965,0.0,0.0,0.0,0.0,0.0,0.0,0.0,0.0,0.0,0.0,0.0,0.0,0.0,0.0,0.0,0.0,0.0,0.0,0.0,30.349809420901483,0.0,0.0,222.47527923657276,0.0,0.0,0.0,367.47823172066677,0.0,-1.4452290200429276,0.0,0.0,0.0,-3.613072550107319,0.0,0.0,0.0,0.0,0.0,0.0,0.0,0.0,0.0,0.0,0.0,0.0,0.0,0.0,0.0,0.0,0.0,0.0,-0.02890458040085855,0.0,0.0,1.4452290200429276,-395.0139573271537,0.0,0.0,0.0,0.0,14.242403478200865,0.0,0.0,0.0,2.488684372513949,0.7226145100214638,0.0,0.0,505.3826615721215,0.02890458040085855,0.0,28.90458040085855,-8.960419924266152,5.7809160801717105,0.2064612885775611,80.64377931839536,-0.021678435300643915,125.04304228448336,0.5780916080171711,-0.1445229020043646,-80.64377931839536,8.671374120257566,-0.02890458040085858,4.068113881429402,0.0,0.0072261451002146385,0.2064612885775611,-12.204341644288206,-83.64671865549428,-0.5780916080171711,25.98328232894113,-0.028904580400858554,0.0072261451002146385,-80.64377931839536,153.85140843820307,0.02890458040085858,0.02890458040085855,-367.4175321018249,-79.01331441723644,-33.85772580019052,-0.021678435300643915,8.671374120257566,0.028904580400858554,8.671374120257566,-14.452290200429276,-0.014452290200429277,-19.467231324746905,11.323040857714151,-0.021678435300643915,-0.028904580400858554,-8.960419924266152,0.02890458040085855,2.8904580400858553,-0.5780916080171711,0.0,0.0,-2.8904580400858606,-25.98328232894113,0.0,5.7809160801717105,0.04335687060128783,-1000.0,2.8904580400858553,-212.61641959925552,0.0,-5.7809160801717105,0.014452290200429277,0.28904580400858554,132.46659722564502,96.0,-0.02890458040085855,-373.98176231085995,367.4175321018249,8.960419924266152,0.028904580400858554,83.64671865549428,-185.64644687914677,0.0,-0.02890458040085855,-0.0072261451002146385,0.0,-0.02890458040085855,-40.10954195991415,0.028904580400858554,-0.0072261451002146385,-0.0072261451002146385,-0.0072261451002146385,11.561832160343421,14.452290200429276,0.28904580400858554,21.414681004486397,-0.0072261451002146385,260.86508056986065,1.4452290200429276,21.5,0.02890458040085855,0.014452290200429277,0.014452290200429275,2.8904580400858553,8.960419924266152,0.02890458040085855,-8.960419924266152,0.28904580400858554,0.028904580400858554,-21.414681004486397,0.028904580400858554,0.11561832160350605,0.1445229020043646,0.014452290200429277,0.0072261451002146385,8.671374120257566,-0.028904580400858554,33.85772580019052,0.28904580400858554,-42.829362008972794,124.3204277744619,-2.8904580400858553,5.7809160801717105,1.4452290200429276,-0.028904580400858554,12.204341644288206,0.04335687060128783,-0.028904580400858554,-5.780916080171707,8.960419924266152,147.75730813396137,0.014452290200429277,-43.0,-0.028904580400858554,-0.028904580400858554,-0.028904580400858557,0.014452290200429277,80.64377931839536,-5.7809160801717105,0.02890458040085855,264.93319445129003,-0.0072261451002146385,79.01331441723644,-264.93319445129003,4.335687060128782,-11.323040857714151,544.8115494777347,80.64377931839536,-0.021678435300643915,373.98176231085995,-96.0,0.028904580400858554,-0.007226145100214637,1.4452290200429276,28.90458040085855,-0.014452290200429277,-0.028904580400858554,0.0072261451002146385,198.59476012325945,0.0,323.96009384704826,0.0,22.055189953549302,0.0,236.52983838027717,-31.0,150.9609503981172,-32.0,-93.0,-65.0,-676.0254538627513,16.0,-11.027594976774651,46.5,-150.9609503981172,15.5,-367.47823172066677,-121.86427691003439,676.0254538627513,65.0,-121.86427691003439,-236.52983838027717,209.64291360966905,0.0,1496.5981,hclb
329,0.0,0.0,0.0,0.0,0.0,0.0,0.0,0.0,-0.030980795692302925,0.0,0.0,0.0,0.0,0.0,0.0,0.0,19.17457404662171,642.1661715765074,0.0,-1000.0,0.0,0.0,0.0,611.7872796044862,0.0,0.0,0.0,0.0,0.0,-1000.0,58.61062637410145,-58.61062637410145,517.8745928581843,0.0,0.0,0.0,0.0,-48.82251228477549,0.0,-1000.0,1000.0,0.0,0.0,-273.03874077995147,0.0,0.0,165.33678448538552,0.0,253.5848406664696,0.0,0.0,-0.279326066860092,0.0,0.03407887526153086,0.0,0.0,0.0,6.196159138460585,0.0,0.0,10.68123434005227,0.0,88.15822127611196,0.0,0.0,0.0,0.0,0.0,0.0,0.0,0.0,0.30980795692302926,0.0,0.0,0.0,0.0,0.0,0.0,0.0,0.0,0.0,0.0,-483.6270750266822,0.0,18.588477415381757,0.0,0.0,0.0,428.9955856103903,-19.128102853083256,-0.007745198923075731,0.0,0.0,-111.84044073045277,9.294238707690878,0.0,9.294238707690878,-453.6399425081727,0.0,0.0,0.0,1.5490397846151462,-1000.0,0.0,0.0,-12.3352320054626,571.836653615234,0.0,0.0,0.0,0.0,0.0,0.0,0.0,0.0,0.0,0.0,0.0,0.0,0.0,0.0,0.0,0.0,0.0,-566.5814469514892,0.0,0.0,9.294238707690878,0.0,9.604046664613907,9.604046664613907,0.0,0.0,0.0,0.0,0.0,-98.83945561616423,0.0,0.0,0.0,0.0,0.0,0.0,0.0,0.0,486.01259629498946,0.030980795692302925,0.0,0.0,0.0,-573.4456428794406,-859.6798767555164,0.0,0.0,483.6270750266822,0.0,24.48923517884835,0.0,0.0,0.0,0.0,0.0,-223.91643006379468,-223.91643006379468,0.0,0.0,0.0,-203.12500000000003,-978.3446884901593,0.0,0.0,-165.27482289400092,0.0,0.0,0.0,161.83224328279152,0.0,0.0,0.0,0.0,0.0,0.0,0.0,0.0,0.0,0.0,0.0,0.0,0.0,0.0,0.0,-1000.0,0.0,0.0,0.0,0.0,0.0,0.0,0.279326066860092,428.9955856103903,-428.9955856103903,98.83945561616423,0.0,0.0,0.0,0.0,0.0,0.0,0.0,-83.7798925802755,0.0,0.0,0.0,0.0,0.0,0.0,0.0,0.0,0.0,0.0,0.0,0.0,0.0,154.58544207408187,863.8927331262261,726.9612592200485,0.0,0.0,0.0,0.0,81.8709396350774,0.0,0.0,0.0,0.0,10.68123434005227,1000.0,58.61062637410145,0.0,0.0,0.0,0.0,0.0,0.0,0.0,0.0,0.0,0.0,0.0,0.0,0.0,682.85975234372,0.0,-726.9612592200485,0.0,0.0,98.83945561616423,-962.2034292553905,0.0,0.0,0.0,-45.83727079359418,0.0,0.0,-438.0027758767369,0.0,0.0,-1000.0,561.9972241232632,-561.9972241232632,857.9911712207806,0.0,-182.70240954643202,0.0,0.0,-75.06588194048862,0.0,0.0,0.0,-376.0508424307626,0.0,376.0508424307626,0.0,0.0,0.0,0.0,289.8221769694776,-203.12500000000003,0.0,0.0,10.68123434005227,-0.046471193538454386,0.0,0.0,0.0,0.0,0.030980795692302925,0.0,0.0,0.0,809.9953660410675,19.17457404662171,0.0,-230.21189890370798,545.1101393656647,0.0,935.4903978461515,0.0,2.667446509107279,0.0,-12.3352320054626,0.0,0.0,0.0,-2.667446509107279,0.0,0.0,7.432495462304057,-1000.0,0.0,0.0,0.0,0.0,0.0,0.0,0.0,0.0,0.0,0.0,0.0,0.0,0.0,0.0,0.0,0.0,0.0,-1000.0,0.0,-951.3014108979936,483.6270750266822,0.0,394.03173451277934,0.0,0.0,0.0,-427.401969920888,0.0,0.0,0.0,0.0,0.0,-905.7549930227921,0.0,-47.13254492196165,0.0,905.7549930227921,268.0517886473946,0.0,-949.0149384832158,907.29929708353,0.0,45.583505137346506,0.0,-0.7745198923075731,-1.5490397846151462,0.0,0.0,0.0,0.0,-217.81642843232535,9.294238707690878,0.0,0.0,0.0,0.0,0.0,0.0,0.0,-154.58544207408187,154.58544207408187,154.58544207408187,-400.7554275814448,0.0,0.0,0.0,0.0,0.0,0.0,0.0,0.0,-77.47698693605969,0.0,-1000.0,73.80384086153941,0.0,0.0,0.0,0.0,-6.690371601187708,0.061961591384606926,0.0,0.0,0.0,0.0,0.0,0.0,0.0,0.0,0.0,0.0,0.0,0.0,0.0,0.0,0.0,0.0,0.0,0.0,0.0,0.03407887526153086,0.03407887526153086,58.61062637410145,157.0628635088229,0.0,18.588477415381757,0.0,0.0,0.0,931.1477911771224,0.0,0.0,0.0,0.0,0.0,-231.48324997182522,-931.1477911771224,0.0,0.0,0.0,0.0,0.0,73.80384086153941,0.0,0.0,0.0,0.0,0.0,0.0,0.0,188.86048231716305,-809.9953660410675,861.288866019723,0.0,2.3855212683073033,0.0,-1000.0,888.1595592695472,707.4491640183056,0.0,-231.48324997182522,0.0,761.826378426987,-1000.0,0.0,0.0,154.58544207408187,0.0,0.0,0.0,0.0,0.0,0.0,0.0,0.0,0.0,0.0,0.0,0.0,0.0,18.588477415381757,98.83945561616423,98.83945561616423,0.0,0.0,0.0,0.0,0.0,0.0,0.0,0.0,0.0,0.0,0.30980795692302926,0.0,58.61062637410145,0.0,0.0,58.61062637410145,0.279326066860092,0.0,0.0,9.294238707690878,0.0,0.0,0.0,0.0,0.0,0.0,0.0,0.0,0.0,0.0,-288.64548211618785,-218.37075067311753,0.0,9.294238707690878,9.294238707690878,1000.0,-931.1477911771224,0.0,73.80384086153941,0.0,0.0,0.0,0.0,0.0,-7.432495462304057,0.0,38.79203527744391,0.030980795692302925,0.0,0.0,0.0,2.4983798811864286,499.8945004484468,0.0,111.84044073045277,0.0,0.0,0.0,0.0,0.0,0.0,0.0,0.0,0.0,0.0,0.0,0.0,0.0,0.0,0.030980795692302925,0.0,0.0,0.0,13.195147862832073,-13.195147862832073,0.0,0.0,0.0,0.0,0.0,454.2864135241827,0.0,-487.6566489322914,48.69858910200639,-2.3235596769227196,-0.6464710160100314,-0.9025687686051161,0.0,0.0,0.0,0.0,0.0,0.0,0.0,0.0,0.0,0.0,0.0,98.83945561616423,0.0,0.0,0.0,-216.26738864771022,0.0,0.0,0.0,-0.030980795692302925,0.0,0.0,0.030980795692302925,0.0,0.030980795692302925,0.0,0.0,0.0,18.588477415381757,37.796570744609575,37.796570744609575,0.0,0.0,0.0,0.0,0.0,0.0,0.0,861.288866019723,0.0,0.0,0.0,0.0,0.0,0.0,0.0,0.0,0.0,0.0,0.0,0.0,0.0,0.0,0.0,0.0,0.0,0.0,0.0,180.71039525124164,0.0,0.0,0.0,0.046471193538454386,0.0,0.0,0.0,-9.294238707690878,0.0,0.0,0.0,0.0,0.0,-157.0628635088229,1.5490397846151462,0.0,0.0,0.0,203.12500000000003,978.3446884901593,-60.25467901140337,-0.9025687686051161,0.0,-1000.0,0.0,0.0,0.0,0.0,0.0,98.83945561616423,0.0,0.0,-456.47270518874194,2.477421434741018,0.0,920.0927068812624,487.5592684429842,0.0,-487.6566489322914,487.6566489322914,0.0,483.6270750266822,-1000.0,0.0,1.5490397846151476,860.3819461330676,0.0,0.0,-58.61062637410145,-77.47698693605969,0.0,0.0,0.0,0.0,0.0,0.0,0.0,0.0,0.0,159.3864231857456,-164.03354253959117,37.796570744609575,0.0,0.0,0.0,58.61062637410145,0.0,0.0,0.0,0.0,0.0,0.0,0.0,0.0,0.0,-2.4983798811864286,447.6666353884149,0.0,9.294238707690878,0.0,0.0,0.0,0.0,-173.4056695757409,0.0,0.0,0.03407887526153086,0.0,0.0,0.0,18.898285372304787,0.0,0.0,0.0,0.0,863.8927331262261,0.0,571.836653615234,0.0,0.0,0.0,0.0,0.0,0.0,0.0,0.0,122.0362824277042,0.0030980795692272523,0.0,0.0,0.0,0.0,0.0,0.0,0.0,0.0,0.0,0.0,58.61062637410145,0.0,0.0,0.0,0.0,157.0628635088229,0.0,0.0,0.0,0.0,0.0,0.0,0.0,0.0,0.0,0.0,0.0,0.0,0.0,-890.4890947198588,642.1661715765074,0.0,0.0,0.0,18.588477415381757,0.0,0.0,0.0,0.0,0.0,0.0,-18.588477415381757,0.0,0.0,0.0,0.0,0.0,0.0,0.0,0.0,0.0,58.61062637410145,58.61062637410145,0.0,-38.79203527744391,-1000.0,21.221845049227504,0.0,-9.294238707690878,0.0,-48.82251228477549,0.0,0.0,0.0,0.0,0.0,0.0,0.0,0.0,0.0,0.0,0.0,0.0,0.0,0.0,0.0,0.0,0.0,-3.872599461537867,98.83945561616423,-2.3235596769227196,161.70998286266834,0.0,0.0,0.0,0.0,0.0,-0.38725994615378667,0.0,561.1040619627419,0.0,0.0,0.0,0.0,0.0,0.0,0.0,1000.0,9.294238707690878,9.294238707690878,0.0,0.0,0.0,0.0,0.0,0.03407887526153086,157.0628635088229,0.0,0.0,48.82251228477549,122.03318434813501,0.0,0.0,0.0,0.0,0.0,0.0,0.0,0.0,0.0,0.0,0.0,0.0,0.0,0.0,0.0,0.0,9.604046664613907,0.0,32.52983547691807,2.3855212683073033,0.0,0.0,0.0,0.0,0.0,157.0628635088229,0.0,0.0,0.0,0.0,0.0,-3.872599461537867,0.0,0.0,0.0,0.0,0.0,0.0,0.0,0.0,0.0,0.0,0.0,0.0,0.0,0.0,0.0,0.0,0.0,0.0,-0.030980795692302925,0.0,0.0,1.5490397846151462,231.48324997182522,0.0,0.0,0.0,0.0,98.83945561616423,0.0,0.0,0.0,2.667446509107279,0.7745198923075731,0.0,0.0,0.0,0.030980795692302925,0.0,30.980795692302923,0.0,6.196159138460586,0.22129139780216375,105.64451331075298,-0.023235596769227193,1.5490397846151462,0.6196159138460585,-0.15490397846140525,-105.64451331075298,9.294238707690878,-0.030980795692302925,4.111744001820867,73.80384086153941,0.007745198923075731,0.22129139780216375,-12.3352320054626,-4.9321426742143135,57.99101046025539,338.6592543768709,-0.030980795692302925,0.007745198923075731,-105.64451331075298,3.0980795692302925,0.030980795692302925,0.030980795692302925,-156.99780383786904,0.034078875261485564,0.0,-0.023235596769227193,9.294238707690878,0.030980795692302925,9.294238707690878,-15.490397846151463,-0.015490397846151463,0.18122883207685092,-85.0,-0.023235596769227193,-0.030980795692302925,0.0,0.030980795692302925,3.0980795692302925,-0.6196159138460585,180.71039525124164,180.71039525124164,-3.0980795692302925,-338.6592543768709,-180.71039525124164,6.196159138460585,0.046471193538454386,-1000.0,3.0980795692302925,-188.86048231716305,73.80384086153941,-6.196159138460585,0.015490397846151463,0.30980795692302926,57.552974725926994,8.673580573201603,-0.030980795692302925,-164.03354253959117,156.99780383786904,9.604046664613907,0.03098079569230294,4.9321426742143135,36.62688603077595,73.80384086153941,-0.030980795692302925,-0.007745198923075731,-73.80384086153941,-0.030980795692302925,-578.5270252164217,0.030980795692258915,-0.007745198923075731,-0.007745198923075731,-0.007745198923075731,12.39231827692117,15.490397846151463,0.30980795692302926,22.952897008534677,-0.007745198923075731,110.99420545003312,1.5490397846151462,4.894225585209,0.030980795692302925,0.015490397846151463,0.015490397846151463,40.0,0.0,0.030980795692302925,0.0,0.30980795692302926,0.030980795692302925,-22.952897008534677,0.030980795692302925,0.1239231827691043,0.15490397846140525,0.015490397846151463,0.007745198923075731,9.294238707690878,-0.030980795692302925,0.0,-28.995505230127694,-45.905794017069354,0.7745198923075733,-3.0980795692302925,6.196159138460585,1.5490397846151462,-0.030980795692302925,12.3352320054626,0.046471193538454386,-0.030980795692302925,-80.0,0.0,287.95763616605217,0.015490397846151463,-9.788451170418,-0.030980795692302925,-0.030980795692258915,-0.030980795692302925,0.015490397846151463,105.64451331075298,-6.196159138460585,0.030980795692302925,115.10594945185399,-0.007745198923075731,-0.034078875261485564,-115.10594945185399,4.647119353845438,85.0,657.4663288400418,105.64451331075298,-0.023235596769227193,164.03354253959117,-8.673580573201605,0.030980795692302925,-0.0077451989230757304,1.5490397846151476,30.980795692302923,-0.015490397846151463,-0.03098079569230294,0.007745198923075731,0.0,0.0,161.1214412344565,0.0,-46.0,0.0,123.71494859685288,-31.0,0.0,-32.0,-93.0,-65.0,-838.8630683676973,16.0,23.0,46.5,0.0,15.5,-157.0628635088229,-114.55196659031127,838.8630683676973,65.0,-114.55196659031127,-123.71494859685288,41.99499149842332,0.0,1496.5981,hclb
330,0.0,0.0,0.0,0.0,0.0,0.0,0.0,0.0,297.1674373095309,0.0,0.0,0.0,0.0,0.0,0.0,0.0,765.3036103107496,-435.2183757972578,0.0,82.71163732034745,0.0,0.0,0.0,0.0,0.0,346.98745268846193,0.0,0.0,0.0,-919.5719808319104,0.0,0.0,6.956267839957974,0.0,0.0,0.0,0.0,-12.129951113499306,0.0,-1000.0,989.9526692479901,0.0,0.0,679.7251586264038,0.0,0.0,0.0,262.59652336134087,-525.4567881052429,0.0,0.0,0.0,0.0,0.036840212757326185,0.0,0.0,0.0,269.2947438626808,0.0,0.0,-103.63632868674392,0.0,-317.12998031568,-439.55993708590336,268.7538907435834,0.0,0.0,0.0,0.0,508.72040678648943,0.0,0.3349110250669951,0.0,0.0,0.0,0.0,0.0,0.0,0.0,942.2845024842294,0.0,0.0,0.0,0.0,20.094661504019705,0.0,106.95142162048067,0.0,-655.1917719879785,0.0,617.5656024681817,0.0,0.0,-333.6144294828809,10.047330752009854,0.0,10.047330752009852,0.0,0.0,0.0,0.0,1.6745551253349753,-1000.0,0.0,0.0,-23.30357879464401,0.0,243.62599708866037,0.0,0.0,0.0,0.0,0.0,0.0,0.0,0.0,0.0,0.0,0.0,0.0,0.0,0.0,0.0,0.0,-754.7621229110914,0.0,0.0,10.047330752009852,0.0,10.382241777076848,0.0,0.0,0.0,515.9887859128681,-515.9887859128681,515.9887859128681,0.0,0.0,0.0,-18.793628083479454,0.0,0.0,0.0,0.0,0.0,109.53023651349653,0.03349110250669951,617.5739752438084,0.0,0.0,0.0,0.0,0.0,0.0,0.0,0.0,267.7503451401337,0.0,0.0,0.0,0.0,0.0,682.4154849295272,682.4154849295272,0.0,0.0,0.0,0.0,0.0,0.0,0.0,682.4489760320339,0.0,0.0,0.0,0.0,0.0,0.0,0.0,0.0,0.0,0.0,0.0,0.0,0.0,0.0,0.0,0.0,0.0,0.0,0.0,-930.6903597150811,0.0,0.0,0.0,0.0,0.0,0.0,0.0,655.1917719879785,-655.1917719879785,18.793628083479454,0.0,0.0,0.0,0.0,0.0,0.0,80.42801916808963,-945.8846083146773,0.0,0.0,0.0,0.0,0.0,0.0,0.0,0.0,0.0,0.0,0.0,0.0,0.0,209.51441292204584,-29.603558997320196,679.7251586264038,0.0,0.0,0.0,0.0,81.61739864682335,0.0,0.0,0.0,0.0,-103.63632868674392,0.0,0.0,0.0,0.0,0.0,0.0,0.0,0.0,0.0,1.0784135007156692,0.0,0.0,0.0,310.3835439759571,-1000.0,129.7349838827356,0.0,-679.7251586264038,0.0,0.0,18.793628083479454,46.0943276431762,0.0,0.0,0.0,-103.32960803641163,0.0,0.0,-907.9512574782656,-907.9512574782653,0.0,0.0,0.0,907.9512574782653,0.0,0.0,828.1418216163112,0.0,0.0,-6.9708507366113395,0.0,0.0,0.0,0.0,0.0,0.0,0.0,819.3331485805269,0.0,0.0,-535.1627308961374,0.0,0.0,0.0,-103.63632868674392,-0.050236653760049266,0.0,0.0,0.0,0.0,0.03349110250669951,0.0,0.0,0.0,819.1535887320526,765.3036103107496,0.0,-715.5659697178452,-123.83944534354357,0.0,1000.0,0.0,815.929321787904,0.0,-23.30357879464401,0.0,0.0,0.0,-2.8835839258267844,-861.3474623069058,48.301724444828494,-916.5967845613252,-1000.0,0.0,0.0,0.0,0.0,0.0,0.0,0.0,0.0,0.0,0.0,0.0,0.0,0.0,0.0,0.0,0.0,0.0,-1000.0,0.0,-988.0040132965268,0.0,0.0,0.0,257.0519623692935,0.0,435.59332451560044,-110.6086500142122,0.0,0.0,0.0,0.0,0.0,861.3474623069058,0.0,0.0,-21.540812462354758,0.0,-877.8646093932556,0.0,-93.39749397009938,0.0,0.0,-130.20053630998171,0.0,20.70353489968727,-1.6745551253349753,153.4520467877734,0.0,529.7919531582655,0.0,0.0,10.047330752009852,0.0,0.0,0.0,0.0,0.0,297.20092841203757,0.0,-209.51441292204584,209.51441292204584,209.51441292204584,2.0218572790918006,0.0,0.0,-457.80541961494845,0.0,0.0,80.42801916808963,0.0,0.0,-12.163442216006006,0.0,0.0,0.0,0.0,0.0,0.0,0.0,-39.65088974933005,0.0669822050131188,0.0,0.0,0.0,0.0,0.0,0.0,0.0,0.0,0.0,105.61070543290232,0.0,0.0,0.0,0.0,0.0,0.0,0.0,0.0,0.0,0.036840212757326185,0.036840212757326185,0.0,298.81619242070593,0.0,20.094661504019705,0.0,11.676820913595575,0.0,932.6476986615703,0.0,650.7093628554189,106.95142162048067,0.0,0.0,299.75803906836455,-932.6476986615703,0.0,0.0,0.0,0.0,0.0,0.0,0.0,0.0,0.0,0.0,0.0,0.0,0.0,251.58737430369715,-819.1535887320526,0.0,0.0,109.53023651349653,0.0,0.0,-333.6144294828809,-434.0254562131839,0.0,299.75803906836455,0.0,0.0,260.10714931903453,0.0,0.0,209.51441292204584,0.0,0.0,0.0,0.0,0.0,0.0,0.0,0.0,0.0,0.0,0.0,0.0,0.0,20.094661504019708,18.793628083479454,18.793628083479454,0.0,0.0,0.0,0.0,0.0,0.0,0.0,0.0,0.0,0.0,0.3349110250669951,0.0,0.0,106.95142162048067,-106.95142162048067,0.0,0.0,0.0,0.0,10.047330752009852,0.0,0.0,0.0,0.0,0.0,0.0,0.0,0.0,0.0,0.0,-84.58534047630431,-64.49881236558417,0.0,10.047330752009854,10.047330752009854,1000.0,-932.6476986615703,0.0,0.0,0.0,0.0,0.0,0.0,0.0,916.5967845613252,80.42801916808963,939.9170122109809,0.03349110250669951,0.0,0.0,0.0,44.22978530331194,0.0,0.0,333.6144294828809,0.0,0.0,0.0,0.0,0.0,0.0,0.0,0.0,0.0,0.0,0.0,0.0,0.0,0.0,0.03349110250669951,0.0,0.0,0.0,0.0,0.0,0.0,0.0,0.0,0.0,-98.61266331073895,0.0,0.0,0.0,0.0,-2.511832688002463,-1.6745551253349755,0.0,0.0,0.0,0.0,0.0,0.0,0.0,0.0,0.0,0.0,0.0,0.0,18.793628083479454,0.0,0.0,0.0,531.4665082836005,0.0,0.0,0.0,297.1674373095309,0.0,0.0,0.03349110250669951,0.0,0.03349110250669951,0.0,403.1097013535871,0.0,20.094661504019705,40.8591450581734,40.8591450581734,0.0,0.0,0.0,0.0,0.0,0.0,0.0,0.0,0.0,80.42801916808963,0.0,0.0,0.0,0.0,0.0,0.0,0.0,0.0,0.0,0.0,0.0,0.0,0.0,0.0,0.0,0.0,0.0,100.41102673030281,0.0,0.0,0.0,0.050236653760049266,0.0,0.0,0.0,-10.047330752009852,0.0,0.0,0.0,0.0,0.0,-298.81619242070593,1.6745551253349753,0.0,0.0,0.0,0.0,0.0,0.0,0.0,0.0,0.0,0.0,0.0,0.0,0.0,0.0,18.793628083479454,0.0,0.0,-230.70155148871183,89.3017794986601,0.0,58.301779498660096,-23.30357879464401,11.99598670347325,-11.99598670347325,0.0,0.0,0.0,5.2351825850028035,11.676820913595575,1.6745551253349755,1000.0,0.0,0.0,0.0,-226.06628545696736,0.0,0.0,0.0,0.0,0.0,0.0,0.0,0.0,0.0,-2.511832688002471,-2.511832688002528,40.8591450581734,0.0,0.0,0.0,0.0,0.0,0.0,0.0,0.0,0.0,1.0784135007156692,0.0,0.0,303.8398577967109,-149.84049073621426,954.7876453079035,0.0,10.047330752009852,106.95142162048067,0.0,0.0,0.0,125.46063874883953,0.0,0.0,0.036840212757326185,0.0,0.0,0.0,20.429572529086702,0.0,0.0,0.0,0.0,-29.603558997320196,0.0,0.0,0.0,0.0,0.0,0.0,0.0,0.0,0.0,0.0,0.003349110250669951,0.003349110250669951,0.0,0.0,0.0,0.0,0.0,0.0,0.0,0.0,0.0,0.0,0.0,0.0,0.0,0.0,0.0,298.81619242070593,0.0,0.0,0.0,0.0,0.0,0.0,0.0,0.0,0.0,0.0,0.0,213.90284324096135,1000.0,916.0038914529149,-435.2183757972578,0.0,0.0,0.0,20.0946615040197,0.0,0.0,0.0,0.0,0.0,-263.7803107688151,243.68564926479542,0.0,213.90284324096135,0.0,0.0,0.0,0.0,0.0,0.0,0.0,0.0,0.0,0.0,-1000.0,-1000.0,22.941405217089155,-970.6813984960966,960.6340677440867,0.0,-12.129951113499306,0.0,0.0,0.0,0.0,0.0,0.0,0.0,0.0,0.0,0.0,0.0,0.0,0.0,0.0,0.0,0.0,11.676820913595575,-4.186387813337433,18.793628083479454,-2.511832688002463,0.0,0.0,0.0,0.0,0.0,0.0,0.0,-0.4186387813337439,12.163442216006006,0.0,0.0,0.0,0.0,0.0,0.0,0.0,939.9170122109809,10.047330752009854,10.047330752009854,0.0,0.0,0.0,0.0,942.2845024842294,0.036840212757326185,298.81619242070593,0.0,0.0,12.129951113499306,0.0,0.0,0.0,0.0,0.0,0.0,0.0,0.0,0.0,0.0,0.0,0.0,0.0,0.0,28.0611243325626,0.0,0.0,0.0,0.0,35.16565763203449,0.0,0.0,109.53023651349653,0.0,0.0,0.0,298.81619242070593,0.0,-1.6745551253349755,0.0,0.0,0.0,-4.186387813337433,0.0,0.0,0.0,0.0,0.0,0.0,0.0,0.0,0.0,0.0,0.0,0.0,0.0,0.0,0.0,0.0,0.0,0.0,-0.03349110250669951,0.0,0.0,1.6745551253349753,-299.75803906836455,0.0,0.0,0.0,0.0,18.793628083479454,0.0,0.0,0.0,2.8835839258267844,0.8372775626674878,0.0,0.0,346.98745268846193,0.03349110250669951,0.0,33.491102506699505,-10.382241777076848,6.698220501339903,0.23922216076213934,93.44017599369162,-0.025118326880024633,130.20053630998171,0.6698220501339902,-0.16745551253275615,-93.44017599369162,10.047330752009854,-0.03349110250669951,7.76785959821467,0.0,0.008372775626674878,0.23922216076213934,-23.30357879464401,-112.28320513954718,-0.6698220501339902,-412.79687183383925,-0.03349110250669951,0.008372775626674878,-93.44017599369162,3.349110250669951,0.03349110250669951,0.03349110250669951,-298.7458611054419,-106.9145814077233,0.0,-0.025118326880024633,10.047330752009854,0.03349110250669951,10.047330752009852,-16.745551253349756,-0.016745551253349755,-221.14318755084565,-85.0,-0.025118326880024633,-0.03349110250669951,-10.382241777076848,0.03349110250669951,3.349110250669951,-0.6698220501339902,100.41102673030281,100.41102673030281,-3.349110250669951,412.79687183383925,-100.41102673030281,6.698220501339902,0.050236653760049266,571.0960204506755,3.349110250669951,-251.58737430369715,0.0,-6.698220501339902,0.016745551253349755,0.3349110250669951,178.8914924294613,96.0,-0.03349110250669951,-306.3516904847134,298.7458611054419,10.382241777076848,0.03349110250669951,112.28320513954718,-40.18932300803942,0.0,-0.03349110250669951,-0.008372775626674878,0.0,-0.03349110250669951,-39.65088974933005,0.033491102506445714,-0.008372775626674878,-0.008372775626674878,-0.008372775626674878,13.396441002679804,16.745551253349756,0.3349110250669951,252.24763541017012,-0.008372775626674878,350.0151252607079,1.6745551253349755,21.5,0.03349110250669951,0.016745551253349755,0.016745551253349755,3.349110250669951,10.382241777076848,0.03349110250669951,-10.382241777076848,0.3349110250669951,0.03349110250669951,-707.1174650912026,0.03349110250669951,0.13396441002609905,0.16745551253275615,0.016745551253349755,0.008372775626674878,10.047330752009854,-0.03349110250669951,0.0,0.3349110250669951,-504.49527082034024,129.36325874731423,-3.349110250669951,6.698220501339902,1.6745551253349753,-0.03349110250669951,23.30357879464401,0.050236653760049266,-0.03349110250669951,-6.698220501339904,10.382241777076848,-3.524520840990789,0.016745551253349755,-43.0,-0.03349110250669951,-0.033491102506445714,-0.03349110250669951,0.016745551253349755,93.44017599369162,-6.698220501339902,0.03349110250669951,357.7829848589226,-0.008372775626674878,106.9145814077233,-357.7829848589226,5.023665376004925,85.0,-487.45542184048355,93.44017599369162,-0.025118326880024633,306.3516904847134,-96.0,0.03349110250669951,-0.008372775626674876,1.6745551253349755,33.491102506699505,-0.016745551253349755,-0.03349110250669951,0.008372775626674878,1000.0,0.0,-571.1127660019289,454.86982968103246,-46.0,0.0,-108.0,-31.0,0.0,177.43137051744887,14.583501014212302,-65.0,0.0,-88.71568525872443,23.0,-7.291750507106154,0.0,15.5,-298.81619242070593,-121.93611790784874,0.0,65.0,-121.93611790784874,108.0,-35.579893621315264,0.0,1496.5981,hclb
331,0.0,0.0,0.0,0.0,0.0,0.0,0.0,0.0,223.39111957659406,0.0,0.0,0.0,0.0,0.0,0.0,0.0,1000.0,357.9284175573566,0.0,-1000.0,0.0,0.0,0.0,0.0,0.0,0.0,0.0,0.0,0.0,-889.2685632014225,0.0,0.0,10.809703202673035,0.0,0.0,0.0,0.0,1000.0,0.0,-1000.0,1000.0,0.0,0.0,36.8928334421762,0.0,0.0,0.0,0.0,-837.4412623328183,0.0,0.0,0.0,0.0,0.03677639014752643,0.0,0.0,0.0,0.0,0.0,0.0,-76.65032165276682,0.0,623.2634611888568,521.334342317767,0.0,0.0,0.0,0.0,602.7193107389328,-264.28165328328015,0.0,0.33433081952182436,0.0,0.0,0.0,0.0,0.0,0.0,0.0,0.0,0.0,0.0,241.54924119694803,0.0,20.05984917130946,0.0,56.59818666924387,2.490880984866749,-807.1212010946919,191.48509400970244,28.54523222921574,0.0,0.0,-965.3171773206429,10.02992458565473,0.0,10.02992458565473,-632.2949381136552,0.0,0.0,241.54924119694803,340.93240840873096,-889.2685632014225,0.0,0.0,-19.451425686183608,0.0,0.0,0.0,0.0,0.0,0.0,0.0,0.0,0.0,0.0,0.0,0.0,0.0,0.0,0.0,0.0,0.0,0.0,-497.0330092230437,0.0,0.0,10.02992458565473,0.0,10.364255405176554,0.0,0.0,0.0,0.0,0.0,0.0,-1000.0,1000.0,-1000.0,974.721202781677,0.0,0.0,0.0,0.0,0.0,-182.3767072173861,0.033433081952182434,28.553590499703784,0.0,0.0,0.0,0.0,0.0,0.0,0.0,0.0,-77.12447771711943,0.0,0.0,0.0,0.0,0.0,498.60071514216423,498.60071514216423,0.0,0.0,0.0,0.0,0.0,0.0,0.0,498.6341482241164,0.0,0.0,0.0,0.0,-279.1011708580835,0.0,0.0,0.0,0.0,0.0,0.0,0.0,0.0,0.0,0.0,0.0,0.0,0.0,0.0,-671.4529574805667,0.0,0.0,0.0,0.0,0.0,0.0,0.0,807.1212010946919,-807.1212010946919,0.0,0.0,0.0,0.0,0.0,0.0,0.0,0.0,-945.8657516344593,0.0,0.0,0.0,0.0,0.0,0.0,0.0,0.0,0.0,0.0,0.0,0.0,0.0,74.04300016896997,-29.626767219127025,726.7098255342407,0.0,0.0,0.0,25.278797218322968,0.0,0.0,0.0,0.0,0.0,-76.65032165276682,689.8169920920645,0.0,0.0,88.48094857031643,0.0,0.0,0.0,0.0,0.0,211.11205710656284,6.686616390436487,0.0,0.0,614.2424021893837,-1000.0,-27.829180253259665,0.0,-726.7098255342407,0.0,0.0,25.278797218322968,-10.096790749559098,0.0,0.0,0.0,4.589749601512722,0.0,0.0,28.804236424235555,167.05257360803523,167.05257360803523,-138.24833718379966,0.0,0.0,0.0,0.0,1000.0,0.0,0.0,93.27829864658898,0.0,0.0,0.0,-479.9013742954449,0.0,479.9013742954449,0.0,575.8927311745066,0.0,25.278797218322968,0.0,0.0,0.0,0.0,-76.65032165276682,-0.05014962292827365,0.0,0.0,0.0,0.0,0.033433081952182434,0.0,0.0,0.0,450.3109757883492,1000.0,0.0,-292.7127296064013,-11.283943872779417,279.1011708580835,911.4377437577682,0.0,-828.7500655725561,0.0,-19.451425686183608,0.0,0.0,0.0,828.7500655725561,0.0,0.0,-1000.0,-1000.0,0.0,0.0,0.0,0.0,0.0,0.0,0.0,0.0,0.0,0.0,0.0,0.0,0.0,0.0,0.0,0.0,88.48094857031643,-114.76954054787954,0.0,-1000.0,0.0,0.0,842.3304499813577,1000.0,0.0,0.0,-28.735349889176746,0.0,0.0,0.0,0.0,339.26075431112184,0.0,0.0,0.0,0.0,-602.7193107389328,0.0,0.0,0.0,-876.6462987772528,0.0,-671.3020312531701,598.4531608162488,-0.8358270488045609,-1.6716540976091216,0.0,0.0,-153.55299160637145,1000.0,713.2899149987193,10.02992458565473,0.0,0.0,0.0,200.6420873057014,0.0,223.42455265854625,0.0,-74.04300016896997,74.04300016896997,74.04300016896997,-94.87727800995427,0.0,0.0,-247.12000912202615,0.0,0.0,0.0,0.0,0.0,-65.38306718536904,0.0,0.0,98.59218082788648,0.0,0.0,0.0,0.0,-39.65669180478176,0.06686616390420852,0.0,0.0,0.0,0.0,0.0,0.0,0.0,0.0,0.0,0.0,0.0,0.0,0.0,0.0,0.0,0.0,0.0,0.0,0.0,0.03677639014752643,0.03677639014752643,0.0,163.35638377853348,0.0,20.05984917130946,0.0,0.0,0.0,1000.0,0.0,0.0,56.59818666924387,0.0,0.0,267.0681471880697,-1000.0,0.0,0.0,0.0,0.0,0.0,98.59218082788648,0.0,0.0,0.0,0.0,0.0,0.0,0.0,165.67766974101457,-450.3109757883492,0.0,0.0,439.8261049075254,0.0,0.0,-965.3171773206429,-965.3171773206429,0.0,-230.84603527324555,0.0,0.0,227.41145538328794,0.0,0.0,74.04300016896997,0.0,0.0,0.0,0.0,0.0,0.0,0.0,0.0,0.0,0.0,0.0,0.0,0.0,20.05984917130946,25.278797218322968,25.278797218322968,0.0,0.0,0.0,0.0,0.0,0.0,0.0,0.0,0.0,0.0,0.33433081952182436,0.0,0.0,56.59818666924387,-56.59818666924387,0.0,0.0,0.0,0.0,10.02992458565473,0.0,0.0,0.0,380.6535709279635,0.0,0.0,0.0,0.0,0.0,0.0,0.0,-123.87097804620944,0.0,10.02992458565473,10.02992458565473,1000.0,-1000.0,0.0,98.59218082788648,0.0,0.0,0.0,0.0,0.0,889.2685632014225,0.0,1000.0,0.033433081952182434,0.0,0.0,-955.8468391275785,1000.0,0.0,0.0,965.3171773206429,0.0,0.0,0.0,0.0,0.0,0.0,38.30109095856272,0.0,0.0,0.0,0.0,0.0,0.0,0.0,0.033433081952182434,0.0,0.0,0.0,0.0,0.0,0.0,0.0,0.0,0.0,0.0,813.5951000921809,0.0,0.0,-885.2304594521205,-2.5074811464136815,-1.6716540976091216,0.0,0.0,0.0,0.0,0.0,0.0,0.0,0.0,0.0,0.0,0.0,0.0,25.278797218322968,279.1011708580835,0.0,0.0,561.408577489957,0.0,0.0,0.0,223.39111957659406,0.0,0.0,0.033433081952182434,0.0,0.033433081952182434,114.90327287568815,338.43765745565264,0.0,20.05984917130946,40.788359981662566,40.788359981662566,0.0,0.0,0.0,0.0,0.0,0.0,0.0,0.0,0.0,0.0,0.0,0.0,0.0,831.6286539286392,0.0,0.0,0.0,0.0,0.0,0.0,0.0,0.0,0.0,0.0,0.0,0.0,0.0,0.0,0.0,0.0,0.0,0.05014962292827365,0.0,0.0,0.0,-10.02992458565473,0.0,0.0,0.0,0.0,0.0,-163.35638377853348,1.6716540976091216,0.0,0.0,0.0,0.0,0.0,28.735349889176746,0.0,0.0,0.0,0.0,0.0,0.0,0.0,0.0,25.278797218322968,0.0,0.0,0.0,89.31338360956352,0.0,58.313383609563516,-19.451425686183608,0.0,0.0,0.0,0.0,0.0,-50.885150731221664,0.0,1.6716540976091216,1000.0,0.0,293.5883636422596,0.0,-178.5794405238568,0.0,0.0,0.0,0.0,0.0,0.0,0.0,0.0,0.0,165.86386492494717,-170.87882721777447,40.788359981662566,0.0,-163.28693224851415,-163.28693224851415,163.28693224851415,0.0,0.0,0.0,0.0,0.0,211.11205710656284,0.0,0.0,0.0,-44.153160872421495,73.4956150799782,0.0,10.02992458565473,56.59818666924387,0.0,0.0,0.0,-126.60969838604333,0.0,0.0,0.03677639014752643,0.0,0.0,0.0,20.394179990831283,0.0,0.0,0.0,0.0,-29.626767219127025,0.0,0.0,0.0,0.0,0.0,0.0,0.0,0.0,0.0,0.0,0.003343308195218243,0.003343308195218243,0.0,0.0,0.0,0.0,0.0,114.90327287568815,0.0,0.0,0.0,-955.8468391275785,0.0,0.0,0.0,0.0,0.0,163.35638377853348,0.0,0.0,0.0,0.0,0.0,0.0,0.0,0.0,0.0,0.0,0.0,113.19637333848775,162.55873766718173,1000.0,357.9284175573566,0.0,0.0,0.0,20.05984917130946,0.0,0.0,0.0,0.0,0.0,979.9401508286905,-1000.0,0.0,113.19637333848775,0.0,0.0,0.0,0.0,0.0,0.0,0.0,0.0,0.0,0.0,-1000.0,-1000.0,854.5303150658842,-61.87476994109363,51.844845355438906,0.0,885.0967271243119,0.0,0.0,0.0,0.0,0.0,0.0,0.0,0.0,0.0,0.0,0.0,0.0,0.0,0.0,0.0,0.0,0.0,-4.179135244022803,25.278797218322968,-341.7682354575355,1000.0,0.0,0.0,0.0,0.0,0.0,905.7370246078091,-906.1549381322113,65.38306718536904,0.0,0.0,0.0,0.0,0.0,0.0,0.0,1000.0,10.02992458565473,10.02992458565473,0.0,0.0,0.0,0.0,0.0,0.03677639014752643,163.35638377853348,0.0,0.0,-1000.0,0.0,0.0,0.0,0.0,0.0,0.0,0.0,0.0,0.0,0.0,0.0,0.0,0.0,0.0,226.6704651656704,0.0,0.0,0.0,0.0,35.104736049791555,59.17253397956193,0.0,0.0,0.0,0.0,0.0,163.35638377853348,0.0,179.6285078809166,0.0,0.0,0.0,-4.179135244022803,0.0,0.0,0.0,0.0,0.0,0.0,0.0,0.0,0.0,0.0,0.0,0.0,0.0,0.0,0.0,0.0,0.0,0.0,-0.033433081952182434,0.0,0.0,1.6716540976091216,-267.0681471880697,0.0,0.0,0.0,0.0,25.278797218322968,0.0,0.0,0.0,-828.7500655725561,0.8358270488045609,0.0,0.0,0.0,0.033433081952182434,0.0,33.433081952182434,-10.364255405176554,6.686616390436487,0.23880772822987453,93.27829864658898,-0.025074811464136825,671.3020312531701,0.6686616390436487,114.73610746592726,-93.27829864658898,10.02992458565473,-0.033433081952182434,6.483808562061203,98.59218082788648,0.008358270488045608,0.23880772822987453,-19.451425686183608,-61.92073331603143,-0.6686616390436484,-357.9284175573566,-0.033433081952182434,0.008358270488045608,-93.27829864658898,3.3433081952182433,0.033433081952182434,0.033433081952182434,-163.28617430643376,-56.56141027909647,-11.563543635087573,-0.025074811464136825,10.02992458565473,0.033433081952182434,10.029924585654733,-16.716540976091217,-0.016716540976091217,127.59087272457423,-3.3767412771704244,-0.025074811464136825,-0.033433081952182434,-10.364255405176554,0.033433081952182434,3.3433081952182433,-0.6686616390436487,0.0,0.0,-3.3433081952182433,357.9284175573566,0.0,6.686616390436487,0.05014962292827365,-1000.0,3.3433081952182433,-165.67766974101457,98.59218082788648,-6.686616390436487,0.016716540976091217,0.33433081952182436,73.17818240160032,96.0,-0.033433081952182434,-170.87882721777447,163.28617430643376,10.364255405176554,0.033433081952182434,61.92073331603143,58.47248248526756,98.59218082788648,-0.033433081952182434,-0.008358270488045608,-98.59218082788648,-0.033433081952182434,-39.65669180478176,0.03343308195218242,-0.008358270488045608,-0.008358270488045608,-0.008358270488045608,13.373232780872973,16.716540976091217,0.33433081952182436,313.3660056900183,-0.008358270488045608,139.87255624113945,1.6716540976091216,21.5,0.033433081952182434,0.016716540976091217,0.016716540976091217,40.0,10.364255405176554,0.033433081952182434,-10.364255405176554,0.33433081952182436,0.033433081952182434,-890.5585478874087,0.033433081952182434,0.13373232780857336,-114.73610746592726,0.016716540976091217,0.008358270488045608,10.02992458565473,-0.033433081952182434,11.563543635087573,0.3343308195218242,-626.7320113800366,670.4662042043653,-3.3433081952182433,6.686616390436487,1.6716540976091219,-0.033433081952182434,19.451425686183608,0.05014962292827365,-0.033433081952182434,-80.0,10.364255405176554,210.61918195171225,0.016716540976091217,-43.0,-0.033433081952182434,-0.03343308195218242,-0.033433081952182434,0.016716540976091217,93.27829864658898,-6.686616390436487,0.033433081952182434,146.35636480320065,-0.008358270488045608,56.56141027909647,-146.35636480320065,5.014962292827364,3.3767412771704257,884.2134123502528,93.27829864658898,-0.025074811464136825,170.87882721777447,-96.0,0.033433081952182434,-0.008358270488045608,1.6716540976091216,33.433081952182434,-0.016716540976091217,-0.033433081952182434,0.008358270488045608,0.0,0.0,808.4981894493216,577.1925421973904,-46.0,0.0,23.253504480917158,-31.0,0.0,-32.0,-93.0,-65.0,-191.48509400970244,16.0,23.0,46.5,0.0,15.5,-163.35638377853348,-84.00948356566892,191.48509400970244,65.0,-84.00948356566892,-23.253504480917158,-19.281143099784323,0.0,1496.5981,hclb
332,0.0,0.0,0.0,0.0,0.0,0.0,0.0,0.0,-0.028908389019098042,0.0,0.0,0.0,0.0,0.0,0.0,0.0,913.4349278794627,769.5589442918757,0.0,-1000.0,0.0,0.0,0.0,0.0,0.0,0.0,0.0,0.0,0.0,-599.5274837045931,0.0,0.0,272.38652989212005,0.0,0.0,0.0,0.0,0.0,0.0,-1000.0,1000.0,0.0,-342.4552346355,-705.3139304106382,0.0,0.0,0.0,0.0,-768.8127487349153,-539.5897852148821,0.0,0.0,0.0,0.03179922792097643,0.0,0.0,0.0,0.0,0.0,0.0,-148.20174671598096,0.0,345.59224721737417,88.24081172058766,0.0,0.0,0.0,0.0,68.7644864353239,117.21377336433147,0.0,0.2890838901909804,0.0,0.0,0.0,0.0,0.0,0.0,0.0,0.0,0.0,0.0,0.0,0.0,17.34503341145883,0.0,182.0391108499675,-479.74649679205675,1000.0,-981.8818101811522,-0.0072270972547745106,0.0,0.0,0.0,8.672516705729414,0.0,8.672516705729436,-0.9308501264150615,0.0,0.0,0.0,391.969261349052,-599.5274837045931,0.0,0.0,0.0,0.0,0.0,0.0,0.0,0.0,0.0,0.0,0.0,0.0,0.0,0.0,0.0,0.0,0.0,0.0,0.0,0.0,0.0,-337.0811508364859,0.0,0.0,8.672516705729436,0.0,8.961600595920395,8.961600595920395,0.0,0.0,547.9663577386042,-547.9663577386042,547.9663577386042,-83.85002406902447,0.0,0.0,-25.299664711781077,0.0,0.0,0.0,0.0,0.0,184.26505680443802,0.028908389019098042,0.0,0.0,0.0,-901.4111951585146,0.0,0.0,0.0,0.0,0.0,323.5529512802994,0.0,0.0,0.0,0.0,0.0,-16.32128675721367,-16.32128675721367,0.0,0.0,0.0,515.6250000000001,0.0,0.0,0.0,-16.292378368194573,0.0,0.0,0.0,-12.321945678810721,0.0,0.0,0.0,0.0,0.0,0.0,0.0,0.0,0.0,0.0,-40.5152019973983,0.0,0.0,0.0,0.0,-1000.0,0.0,0.0,0.0,0.0,0.0,539.5897852148821,342.4552346355,-18.11818981884778,18.11818981884778,109.14968878080555,0.0,0.0,0.0,0.0,0.0,0.0,0.0,-42.98403127269226,0.0,0.0,0.0,0.0,0.0,0.0,0.0,0.0,0.0,0.0,0.0,0.0,0.0,290.58666506370565,869.9745507661538,112.45006992454574,0.0,0.0,0.0,0.0,-109.14968878080555,0.0,0.0,0.0,0.0,-148.20174671598096,817.7640003351839,0.0,0.0,312.31765680343483,0.0,0.0,0.0,0.0,0.0,0.0,5.781677803819608,0.0,0.0,-593.1406935328926,82.52226165045522,-924.22220071032,0.0,-112.45006992454574,0.0,0.0,109.14968878080555,-192.9953902882056,0.0,0.0,0.0,139.47862378221396,0.0,0.0,-1000.0,0.0,0.0,-1000.0,0.0,0.0,981.8818101811522,0.0,1000.0,539.5897852148821,0.0,98.57760655512433,0.0,0.0,0.0,-1000.0,0.0,1000.0,0.0,0.0,0.0,0.0,640.4098284731316,515.6250000000001,0.0,0.0,-148.20174671598096,-0.04336258352864707,0.0,0.0,0.0,0.0,0.028908389019098042,0.0,0.0,0.0,991.3274832942706,913.4349278794627,0.0,-754.5780257765003,791.980642626085,0.0,934.454194509549,0.0,0.0,0.0,0.0,0.0,0.0,0.0,-2.4890122945443096,0.0,2.4890122945443096,-1000.0,-1000.0,0.0,0.0,0.0,0.0,0.0,0.0,0.0,0.0,0.0,0.0,0.0,0.0,0.0,0.0,0.0,0.0,312.31765680343483,-999.8843664439235,0.0,-1000.0,0.0,0.0,0.0,1000.0,0.0,0.0,-184.26505680443802,0.0,0.0,0.0,0.0,390.5238418980971,-472.94419569321303,349.45459000613243,-696.7073404000034,0.0,404.17970925788916,599.9724716651252,-1.445419450954902,0.0,-41.41415810875983,-349.45459000613243,0.0,0.0,-0.722709725477451,0.0,0.0,0.0,-51.11157062436947,224.01426943523012,0.0,8.672516705729436,0.0,0.0,0.0,0.0,0.0,0.0,0.0,-290.58666506370565,290.58666506370565,290.58666506370565,-194.8382885357712,0.0,0.0,-562.4675276961352,0.0,0.0,0.0,0.0,0.0,-41.47496051283246,0.0,0.0,74.2183221961804,0.0,0.0,0.0,0.0,-40.1091610980902,0.057816778038215395,0.0,0.0,0.0,0.0,0.0,0.0,0.0,0.0,0.0,185.97825979965538,0.0,0.0,0.0,0.0,0.0,0.0,0.0,0.0,0.0,0.03179922792097643,0.03179922792097643,0.0,380.80498725988605,0.0,17.34503341145883,0.0,0.0,0.0,926.0080021759164,0.0,0.0,182.0391108499675,0.0,0.0,238.6798217203494,-926.0080021759164,0.0,0.0,401.33724901387234,0.0,0.0,74.2183221961804,0.0,0.0,0.0,0.0,0.0,0.0,0.0,112.36038361216197,-991.3274832942706,901.4111951585146,0.0,184.26505680443802,0.0,0.0,0.0,0.0,0.0,238.6798217203494,0.0,198.5706606222592,0.0,0.0,0.0,290.58666506370565,0.0,0.0,0.0,0.0,0.0,0.0,0.0,0.0,0.0,0.0,0.0,0.0,0.0,17.34503341145883,109.14968878080555,109.14968878080555,0.0,0.0,0.0,0.0,0.0,0.0,0.0,0.0,0.0,0.0,0.2890838901909804,0.0,0.0,182.0391108499675,-182.0391108499675,0.0,342.4552346355,0.0,0.0,8.672516705729414,-401.33724901387234,0.0,0.0,0.0,0.0,0.0,0.0,0.0,0.0,0.0,0.0,0.0,0.0,8.672516705729413,8.672516705729414,1000.0,-926.0080021759164,0.0,74.2183221961804,0.0,0.0,0.0,0.0,0.0,599.5274837045931,0.0,1000.0,0.028908389019098042,0.0,0.0,-985.8171817349478,988.1484368208451,282.0566107319516,0.0,0.0,0.0,0.0,0.0,0.0,0.0,0.0,0.0,0.0,0.0,0.0,0.0,0.0,0.0,0.0,0.028908389019098042,0.0,0.0,0.0,-1000.0,1000.0,0.0,0.0,0.0,0.0,0.0,-184.26505680443802,0.0,0.0,-0.11563355607654557,-2.1681291764323536,0.0,-1.445419450954902,0.0,-703.125,-703.125,703.125,0.0,0.0,0.0,0.0,0.0,0.0,0.0,109.14968878080555,0.0,0.0,0.0,-49.66615117341457,0.0,0.0,0.0,-0.028908389019098042,0.0,0.0,0.028908389019098042,0.0,0.028908389019098042,0.0,0.0,0.0,17.34503341145883,35.26823460329962,35.26823460329962,0.0,0.0,0.0,0.0,0.0,0.0,0.0,901.4111951585146,0.0,0.0,0.0,0.0,0.0,0.0,0.0,0.0,0.0,0.0,0.0,0.0,0.0,0.0,0.0,0.0,0.0,0.0,0.0,0.0,0.0,0.0,0.0,0.04336258352864707,0.0,0.0,0.0,-8.672516705729414,0.0,0.0,0.0,0.0,0.0,-380.80498725988605,1.445419450954902,0.0,0.0,0.0,-515.6250000000001,0.0,184.26505680443802,-1.445419450954902,0.0,0.0,0.0,0.0,0.0,0.0,0.0,109.14968878080555,0.0,401.33724901387234,82.7667108998681,90.2183221961804,0.0,960.6295173546949,282.0566107319516,0.0,0.0,0.0,0.0,0.0,-228.26362489150523,0.0,1.445419450954902,1000.0,0.0,0.0,0.0,-405.55318221276747,0.0,0.0,0.0,0.0,0.0,0.0,0.0,0.0,0.0,36.17894364453368,0.0,35.26823460329962,0.0,0.0,0.0,0.0,0.0,0.0,0.0,0.0,0.0,0.0,0.0,0.0,387.30937478918304,-188.30951488555263,0.0,-342.4552346355,8.672516705729436,182.0391108499675,0.0,0.0,0.0,161.09854161733153,0.0,0.0,0.03179922792097643,0.0,0.0,0.0,17.63411730164981,0.0,0.0,0.0,0.0,869.9745507661538,0.0,0.0,0.0,0.0,0.0,0.0,0.0,0.0,-100.60130007711784,0.0,271.00992704901876,0.0028908389019098044,0.0,0.0,0.0,0.0,0.0,0.0,0.0,0.0,0.0,-985.8171817349478,0.0,0.0,0.0,0.0,0.0,380.80498725988605,0.0,0.0,0.0,0.0,0.0,0.0,0.0,539.5897852148821,0.0,0.0,0.0,364.078221699935,1000.0,400.5123416595102,769.5589442918757,0.0,0.0,0.0,17.34503341145883,0.0,0.0,0.0,0.0,0.0,-17.34503341145883,0.0,0.0,364.078221699935,0.0,0.0,0.0,0.0,0.0,0.0,0.0,0.0,0.0,0.0,-1000.0,-1000.0,19.80224647808216,0.0,-8.672516705729414,0.0,0.0,0.0,0.0,0.0,0.0,0.0,0.0,0.0,0.0,0.0,0.0,0.0,0.0,0.0,0.0,0.0,0.0,0.0,-3.6135486273872557,109.14968878080555,-392.6919710745294,-2.1681291764323527,0.0,0.0,0.0,0.0,0.0,-0.3613548627387256,0.0,41.47496051283246,0.0,0.0,0.0,0.0,0.0,0.0,0.0,1000.0,8.672516705729414,8.672516705729413,0.0,0.0,0.0,0.0,0.0,0.03179922792097643,380.80498725988605,0.0,0.0,0.0,271.00703621011684,0.0,0.0,0.0,0.0,0.0,0.0,0.0,0.0,0.0,0.0,0.0,0.0,0.0,0.0,0.0,0.0,8.961600595920395,0.0,30.35380847005295,0.0,0.0,184.26505680443802,0.0,0.0,0.0,380.80498725988605,0.0,-185.19590693085308,0.0,0.0,0.0,-3.6135486273872557,0.0,0.0,0.0,0.0,0.0,0.0,0.0,0.0,0.0,0.0,0.0,0.0,0.0,0.0,0.0,0.0,0.0,0.0,-0.028908389019098042,0.0,0.0,1.445419450954902,-238.6798217203494,0.0,0.0,0.0,0.0,109.14968878080555,0.0,0.0,0.0,2.4890122945443096,0.722709725477451,0.0,0.0,0.0,0.028908389019098042,0.0,28.908389019098042,0.0,5.781677803819608,0.20648849299355745,98.57760655512433,-0.021681291764323533,696.7073404000034,0.5781677803819608,-0.1445419450956436,-98.57760655512433,8.672516705729413,-0.028908389019098042,0.0,74.2183221961804,0.0072270972547745106,0.20648849299355745,0.0,-186.641326381808,-0.5781677803819608,-682.9938721713385,-0.028908389019098042,0.0072270972547745106,-98.57760655512433,2.890838901909804,0.028908389019098042,0.028908389019098042,-380.74427964294597,-182.0073116220465,-30.439080258258628,-0.021681291764323533,8.672516705729413,0.028908389019098042,8.672516705729414,-14.454194509549021,-0.014454194509549021,-293.11387102204077,106.22994148987664,-0.021681291764323533,-0.028908389019098042,0.0,0.028908389019098042,2.890838901909804,-0.5781677803819608,0.0,0.0,-2.890838901909804,682.9938721713385,0.0,5.781677803819608,0.04336258352864707,-332.79609552936284,2.890838901909804,-112.36038361216197,74.2183221961804,-5.781677803819608,0.014454194509549021,0.2890838901909804,188.64450644412508,96.0,-0.028908389019098042,-387.30937478918304,380.74427964294597,8.961600595920395,0.028908389019098042,186.641326381808,39.52825537326275,74.2183221961804,-0.028908389019098042,-0.0072270972547745106,-74.2183221961804,-0.028908389019098042,-40.1091610980902,0.028908389019098042,-0.0072270972547745106,-0.0072270972547745106,-0.0072270972547745106,11.563355607639217,14.454194509549021,0.2890838901909804,283.74272703836175,-0.0072270972547745106,377.28901288825017,1.445419450954902,21.5,0.028908389019098042,0.014454194509549021,0.014454194509549021,40.0,0.0,0.028908389019098042,0.0,0.2890838901909804,0.028908389019098042,-808.3931756860361,0.028908389019098042,0.11563355607654557,0.1445419450956436,0.014454194509549021,0.0072270972547745106,8.672516705729413,-0.028908389019098042,30.439080258258628,0.2890838901909804,-567.4854540767235,695.984630674526,-2.890838901909804,5.781677803819608,1.445419450954902,-0.028908389019098042,0.0,0.04336258352864707,-0.028908389019098042,-80.0,0.0,33.739743881374324,0.014454194509549021,-43.0,-0.028908389019098042,-0.028908389019098042,-0.028908389019098042,0.014454194509549021,98.57760655512433,-5.781677803819608,0.028908389019098042,377.28901288825017,-0.0072270972547745106,182.0073116220465,-377.28901288825017,4.336258352864706,-106.22994148987665,101.21403253422788,98.57760655512433,-0.021681291764323533,387.30937478918304,-96.0,0.028908389019098042,-0.007227097254774512,1.445419450954902,28.908389019098042,-0.014454194509549021,-0.028908389019098042,0.0072270972547745106,1000.0,0.0,332.7816413348533,524.6504486476744,-46.0,0.0,118.46209362620687,9.031205442509474,0.0,-32.0,-93.0,-65.0,0.0,16.0,23.0,46.5,0.0,-4.515602721254737,-380.80498725988605,-194.83828549870586,0.0,65.0,-194.83828549870586,-118.46209362620687,38.021499675517155,0.0,1496.5981,hclb
333,0.0,0.0,0.0,0.0,0.0,0.0,0.0,0.0,-0.010223564458961411,0.0,0.0,0.0,0.0,0.0,0.0,0.0,1000.0,-68.18356402154492,0.0,-756.2751025935385,0.0,0.0,0.0,21.020220741727265,0.0,0.0,0.0,0.0,0.0,-850.5788923764234,313.11019082911247,-313.11019082911247,0.0,0.0,0.0,0.0,0.0,726.3662789101213,0.0,-1000.0,996.9329306623116,0.0,-336.0376737590343,-178.84954108953843,0.0,0.0,0.0,0.0,-1000.0,0.0,0.0,0.0,0.0,0.01124592090483861,0.0,0.0,0.0,0.0,0.0,0.0,-105.27041885305621,0.0,0.0,-105.27041885305621,61.5263402373108,0.0,0.0,0.0,665.4654148688549,-665.4654148688549,0.0,0.10223564458961414,0.0,0.0,0.0,0.0,0.0,0.0,0.0,0.0,0.0,0.0,0.0,0.0,6.134138675376848,0.0,0.0,831.988830793827,-831.9734954471386,0.0,38.60480816704836,0.0,0.0,-434.01515012373557,3.067069337688424,0.0,3.067069337688424,0.0,623.7867022226624,0.0,0.0,0.5111782229480706,-1000.0,0.0,0.0,0.0,0.0,0.0,0.0,0.0,0.0,0.0,0.0,0.0,0.0,0.0,0.0,0.0,0.0,0.0,0.0,0.0,0.0,0.0,-262.2354463246734,0.0,0.0,3.067069337688424,0.0,3.169304982278038,0.0,0.0,0.0,0.0,0.0,0.0,-1000.0,0.0,0.0,1000.0,0.0,0.0,0.0,0.0,0.0,0.787214463340032,0.010223564458961411,38.6073640581631,0.0,0.0,-414.04096035515187,0.0,0.0,0.0,0.0,0.0,-5.885409420327669,0.0,0.0,0.0,0.0,0.0,357.3282676306656,357.3282676306656,0.0,0.0,0.0,0.0,0.0,0.0,0.0,670.4486820242371,0.0,0.0,0.0,-339.71910239204976,0.0,0.0,0.0,0.0,0.0,0.0,0.0,0.0,0.0,0.0,0.0,0.0,0.0,0.0,0.0,-1000.0,0.0,0.0,0.0,0.0,0.0,0.0,336.0376737590343,831.9734954471386,-831.9734954471386,0.0,0.0,0.0,0.0,0.0,0.0,0.0,149.42110762357666,-524.2816980940107,0.0,0.0,0.0,0.0,0.0,0.0,0.0,0.0,0.0,0.0,0.0,0.0,0.0,339.42462713923527,375.1303861387364,514.541218617389,0.0,0.0,0.0,0.0,83.9674199896449,0.0,0.0,0.0,0.0,-105.27041885305621,693.3907597069274,313.11019082911247,0.0,0.0,0.0,0.0,0.0,0.0,0.0,669.0764974015597,2.0447128917922823,0.0,0.0,999.9846646533116,-1000.0,1000.0,0.0,-514.541218617389,0.0,0.0,0.0,-987.5272513600671,0.0,0.0,0.0,-127.92595052136244,0.0,0.0,142.87381484678897,142.8738148467889,0.0,0.0,0.0,-142.8738148467889,0.0,0.0,175.52599803822818,0.0,0.0,-55.443675149142564,0.0,0.0,0.0,0.0,0.0,0.0,0.0,1000.0,0.0,0.0,0.0,0.0,0.0,0.0,-105.27041885305621,-0.015335346688442117,0.0,0.0,0.0,0.0,0.010223564458961411,0.0,0.0,0.0,243.889013271107,1000.0,0.0,-377.2024253815343,175.88461033859073,0.0,1000.0,0.0,5.99010629363022,0.0,0.0,0.0,0.0,0.0,540.551005543485,0.0,-546.5411118371152,-1000.0,-1000.0,0.0,0.0,0.0,0.0,0.0,0.0,0.0,0.0,0.0,0.0,0.0,0.0,0.0,0.0,0.0,0.0,0.0,-273.5928268320421,0.0,-1000.0,0.0,0.0,355.6371077968707,0.0,0.0,483.55615091361136,-356.75352103578723,0.0,623.7867022226624,0.0,765.3279053832725,0.0,-665.4654148688549,64.88764592142667,0.0,-0.2555891114740353,0.0,0.0,-0.5111782229480706,-773.9840775335504,0.0,-64.88764592142667,-0.5111782229480706,815.9531510890674,0.0,0.0,-32.911818272088425,0.0,0.0,1000.0,142.77579072525174,3.067069337688424,0.0,0.0,0.0,415.71285979609513,0.0,0.0,0.0,-339.42462713923527,339.42462713923527,339.42462713923527,-331.0567006685176,0.0,0.0,-329.5717651046808,0.0,0.0,149.42110762357666,0.0,0.0,-210.54083770611243,0.0,0.0,0.0,0.0,0.0,0.0,0.0,-41.97764355410386,0.020447128917947817,0.0,0.0,0.0,0.0,0.0,0.0,0.0,0.0,0.0,0.0,0.0,0.0,0.0,0.0,0.0,0.0,0.0,0.0,0.0,0.01124592090483861,0.01124592090483861,313.11019082911247,433.37991424744297,0.0,6.134138675376848,0.0,0.0,0.0,1000.0,0.0,0.0,0.0,0.0,0.0,-189.7572716155485,-1000.0,0.0,0.0,0.0,0.0,0.0,0.0,0.0,0.0,0.0,0.0,0.0,0.0,0.0,87.41181544155779,-243.889013271107,414.04096035515187,0.0,0.787214463340032,0.0,0.0,-434.01515012373557,-517.9825701133805,0.0,-189.7572716155485,0.0,0.0,-231.73491516965234,0.0,0.0,339.42462713923527,0.0,0.0,0.0,0.0,0.0,0.0,0.0,0.0,0.0,0.0,0.0,0.0,0.0,6.134138675376848,0.0,0.0,0.0,0.0,0.0,0.0,0.0,0.0,0.0,0.0,0.0,0.0,0.10223564458961414,0.0,313.11019082911247,0.0,0.0,313.11019082911247,336.0376737590343,0.0,0.0,3.067069337688424,0.0,0.0,0.0,0.0,0.0,0.0,0.0,0.0,0.0,0.0,-108.0908544158795,0.0,0.0,3.067069337688424,3.067069337688424,1000.0,-1000.0,0.0,0.0,0.0,0.0,0.0,0.0,0.0,1000.0,149.42110762357666,978.6326374535229,0.010223564458961411,0.0,0.0,0.0,13.501677377266967,6.299127980630125,0.0,434.01515012373557,0.0,0.0,0.0,0.0,0.0,0.0,0.0,0.0,0.0,0.0,0.0,0.0,0.0,0.0,0.010223564458961411,0.0,0.0,0.0,-330.9361614176624,330.9361614176624,0.0,0.0,0.0,0.0,-1.627591461864597,624.2978804456104,0.0,0.0,-726.4071731679579,-0.766767334422106,-0.5111782229480701,0.0,0.0,0.0,0.0,0.0,0.0,0.0,0.0,0.0,0.0,0.0,0.0,0.0,0.0,0.0,0.0,143.2869689481998,0.0,0.0,0.0,-0.010223564458961411,0.0,0.0,0.010223564458961411,0.0,0.010223564458961411,0.0,0.0,0.0,6.134138675376848,12.472748639932924,12.472748639932924,0.0,0.0,0.0,0.0,0.0,0.0,0.0,414.04096035515187,0.0,149.42110762357666,0.0,0.0,541.4312544434015,0.0,0.0,0.0,0.0,0.0,0.0,0.0,0.0,0.0,0.0,0.0,0.0,0.0,0.0,83.9674199896449,0.0,0.0,0.0,0.015335346688442117,0.0,0.0,0.0,-3.067069337688424,0.0,0.0,0.0,0.0,0.0,-433.37991424744297,0.5111782229480706,0.0,0.0,0.0,0.0,0.0,355.12592957392263,0.0,0.0,0.0,0.0,0.0,0.0,0.0,0.0,0.0,0.0,0.0,121.05191642358807,93.95528710820771,0.0,476.99624746335957,6.299127980630125,0.0,0.0,623.7867022226624,-623.7867022226624,0.0,-1000.0,0.0,0.5111782229480702,960.2650943737979,0.0,0.0,-313.11019082911247,-210.54083770611243,0.0,0.0,0.0,0.0,0.0,0.0,0.0,0.0,0.0,434.1466815818651,-435.6802162507091,12.472748639932924,0.0,0.0,0.0,313.11019082911247,0.0,0.0,0.0,0.0,0.0,669.0764974015597,0.0,0.0,0.0,-13.501677377266967,0.0,-336.0376737590343,3.067069337688424,0.0,0.0,0.0,0.0,-67.9951383446947,0.0,0.0,0.01124592090483861,0.0,0.0,0.0,6.236374319966462,0.0,0.0,0.0,0.0,375.1303861387364,0.0,0.0,0.0,0.0,0.0,0.0,0.0,0.0,0.0,0.0,0.0010223564458961413,0.0010223564458961413,0.0,0.0,0.0,0.0,0.0,0.0,0.0,0.0,0.0,0.0,313.11019082911247,0.0,0.0,0.0,0.0,433.37991424744297,0.0,0.0,0.0,0.0,0.0,0.0,0.0,0.0,0.0,0.0,0.0,0.0,1000.0,-244.71143079627583,-68.18356402154492,0.0,0.0,0.0,6.134138675376846,0.0,0.0,0.0,0.0,0.0,434.0223962623527,-440.15653493772953,0.0,0.0,0.0,0.0,0.0,0.0,0.0,0.0,0.0,313.11019082911247,313.11019082911247,0.0,-978.6326374535229,-1000.0,548.43439609779,-1000.0,996.9329306623116,0.0,726.3662789101213,0.0,0.0,0.0,0.0,0.0,0.0,0.0,0.0,0.0,0.0,0.0,0.0,0.0,0.0,0.0,0.0,0.0,-1.2779455573701761,0.0,-0.766767334422106,976.3447033596887,0.0,0.0,0.0,0.0,0.0,0.0,-0.12779455573701765,210.54083770611243,0.0,0.0,0.0,0.0,0.0,0.0,0.0,1000.0,3.067069337688424,3.067069337688424,0.0,0.0,0.0,0.0,0.0,0.01124592090483861,433.37991424744297,0.0,0.0,-726.3662789101213,0.0,0.0,0.0,0.0,0.0,0.0,0.0,0.0,0.0,0.0,0.0,0.0,0.0,0.0,0.0,0.0,0.0,0.0,0.0,10.734742681909484,0.0,0.0,0.787214463340032,0.0,0.0,0.0,433.37991424744297,0.0,0.0,0.0,0.0,0.0,-1.2779455573701761,0.0,0.0,0.0,0.0,0.0,0.0,0.0,0.0,0.0,0.0,0.0,0.0,0.0,0.0,0.0,0.0,0.0,0.0,-0.010223564458961411,0.0,0.0,0.5111782229480706,189.7572716155485,0.0,0.0,0.0,0.0,0.0,0.0,0.0,0.0,-540.551005543485,0.2555891114740353,0.0,0.0,0.0,0.010223564458961411,0.0,10.22356445896141,-3.169304982278038,2.0447128917922828,0.07302546042115295,28.523744840502342,-0.007667673344221059,0.5111782229480706,0.20447128917922824,-0.05111782229562323,-28.523744840502342,3.067069337688424,-0.010223564458961411,0.0,0.0,0.002555891114740353,0.07302546042115295,0.0,-1.627591461864597,312.9057195399332,-175.54133338491658,-0.010223564458961411,0.002555891114740353,-28.523744840502342,1.0223564458961412,0.010223564458961411,0.010223564458961411,-433.35844476207916,0.011245920904857553,-35.67851557347373,-0.007667673344221059,3.067069337688424,0.010223564458961411,3.067069337688424,-5.111782229480706,-0.005111782229480706,41.5639249938014,-85.0,-0.007667673344221059,-0.010223564458961411,-3.169304982278038,0.010223564458961411,1.0223564458961412,-0.20447128917922824,83.9674199896449,83.9674199896449,-1.0223564458961412,175.54133338491658,-83.9674199896449,2.0447128917922823,0.015335346688442117,168.2682475950278,1.0223564458961412,-87.41181544155779,0.0,-2.0447128917922823,0.005111782229480706,0.10223564458961414,94.30060634538357,96.0,-0.010223564458961411,-435.6802162507091,433.35844476207916,3.169304982278038,0.010223564458961411,1.627591461864597,-12.268277350753626,0.0,-0.010223564458961411,-0.002555891114740353,0.0,-0.010223564458961411,-41.97764355410386,0.01022356445903938,-0.002555891114740353,-0.002555891114740353,-0.002555891114740353,4.089425783584565,5.111782229480706,0.10223564458961414,7.574383318532242,-0.002555891114740353,188.60121269076714,0.5111782229480706,21.5,0.010223564458961411,0.005111782229480706,0.005111782229480706,1.0223564458961412,3.169304982278038,0.010223564458961411,-3.169304982278038,0.10223564458961414,0.010223564458961411,-7.574383318532242,0.010223564458961411,0.04089425783661227,0.05111782229562323,0.005111782229480706,0.002555891114740353,3.067069337688424,-0.010223564458961411,35.67851557347373,-156.4528597699666,-15.148766637064483,0.2555891114740354,-1.0223564458961412,2.0447128917922823,0.5111782229480706,-0.010223564458961411,0.0,0.015335346688442117,-0.010223564458961411,-2.0447128917922823,3.169304982278038,173.30627318796536,0.005111782229480706,-43.0,-0.010223564458961411,-0.01022356445903938,-0.010223564458961411,0.005111782229480706,28.523744840502342,-2.0447128917922823,0.010223564458961411,188.60121269076714,-0.002555891114740353,-0.011245920904857553,-188.60121269076714,1.5335346688442115,85.0,-97.15235465512592,28.523744840502342,-0.007667673344221059,435.6802162507091,-96.0,0.010223564458961411,-0.002555891114740353,765.8390836062206,10.22356445896141,-0.005111782229480706,-0.010223564458961411,0.002555891114740353,0.0,0.0,-168.27335937725726,0.0,-46.0,0.0,-48.29630932388068,6.073187206087098,0.0,-32.0,-93.0,-65.0,0.0,16.0,23.0,46.5,0.0,-3.0365936030435483,-433.37991424744297,-105.31113484327068,0.0,65.0,-105.31113484327068,48.29630932388068,-18.525194209511596,0.0,1496.5981,hclb
334,0.0,0.0,0.0,0.0,0.0,0.0,0.0,0.0,-0.0357205292449209,0.0,0.0,0.0,0.0,0.0,0.0,0.0,1000.0,397.6225651511926,0.0,-839.0281905633462,0.0,0.0,0.0,952.7774603382145,0.0,0.0,0.0,0.0,0.0,-370.3460158207572,0.0,0.0,6.997735177288831,0.0,0.0,0.0,0.0,666.5883640418782,0.0,-1000.0,1000.0,0.0,0.0,309.8253942854722,0.0,0.0,524.0675988780253,0.0,-1000.0,-1000.0,0.0,602.0545637042337,0.0,0.03929258216946607,0.0,0.0,0.0,7.144105848984179,0.0,0.0,139.79812546201237,0.0,289.0336147505346,0.0,0.0,0.0,0.0,0.0,0.0,0.0,0.0,0.35720529244920896,0.0,0.0,0.0,0.0,0.0,0.0,0.0,964.3702510354763,0.0,0.0,234.62697928487933,0.0,21.432317546952536,0.0,0.0,1000.0,-801.9078298011879,570.7133246920841,202.0795496225204,0.0,0.0,-768.0705410901822,10.716158773476268,0.0,10.716158773476268,-624.8771006730841,0.0,0.0,234.62697928487933,1.7860264622460447,-1000.0,0.0,0.0,-23.21284112639837,0.0,0.0,0.0,0.0,0.0,0.0,0.0,0.0,0.0,0.0,0.0,0.0,0.0,0.0,0.0,0.0,0.0,0.0,-1000.0,0.0,0.0,10.716158773476268,0.0,11.073364065925478,11.073364065925478,0.0,-448.5669466367964,448.5669466367964,0.0,0.0,-428.83174021254695,955.0938400371646,-955.0938400371646,0.0,0.0,0.0,0.0,0.0,0.0,-231.87649853302042,0.0357205292449209,202.08847975483164,0.0,0.0,-14.423576604063285,0.0,0.0,0.0,43.71594715680779,0.0,-118.6364606462615,0.0,0.0,0.0,0.0,0.0,475.9681216512197,475.9681216512197,0.0,0.0,0.0,484.375,0.0,0.0,0.0,476.00384218046463,0.0,0.0,0.0,-853.7522130267762,0.0,0.0,0.0,0.0,0.0,0.0,0.0,0.0,0.0,0.0,0.0,0.0,0.0,0.0,0.0,-1000.0,0.0,0.0,0.0,0.0,0.0,1000.0,-602.0545637042337,839.3510617079199,-839.3510617079199,428.83174021254695,0.0,0.0,0.0,0.0,0.0,0.0,629.6539841792428,-274.60245057164866,0.0,0.0,0.0,0.0,0.0,0.0,0.0,0.0,0.0,0.0,0.0,0.0,0.0,473.0587038774844,-14.288211697968357,972.4005795249909,0.0,0.0,0.0,0.0,-37.18489239713551,0.0,0.0,0.0,0.0,139.79812546201237,662.5751852395188,0.0,0.0,0.0,0.0,0.0,0.0,0.0,0.0,0.0,0.0,0.0,0.0,1000.0,-641.2588915091078,237.29649800368622,0.0,-972.4005795249909,0.0,0.0,428.83174021254695,-956.4209543211965,0.0,0.0,0.0,38.62906050046212,0.0,0.0,-79.24662757836134,-1000.0,0.0,920.7533724216386,0.0,1000.0,37.44323190673197,0.0,1000.0,1000.0,0.0,-269.83984309023117,0.0,0.0,0.0,-124.52176494779425,0.0,124.52176494779425,0.0,1000.0,0.0,0.0,861.9020972075466,484.375,0.0,0.0,139.79812546201237,-0.053580793867381335,0.0,0.0,0.0,0.0,0.0357205292449209,0.0,0.0,0.0,597.6369934111123,1000.0,0.0,-283.9780642685817,206.16837965426419,0.0,937.8602646224605,0.0,0.0,0.0,-23.21284112639837,0.0,0.0,0.0,919.972241121879,0.0,-919.972241121879,387.41900449550553,-1000.0,0.0,0.0,0.0,0.0,0.0,0.0,0.0,0.0,0.0,0.0,0.0,0.0,0.0,0.0,0.0,0.0,0.0,0.0,0.0,-1000.0,0.0,333.26875384114203,623.7268996313958,0.0,0.0,0.0,231.87649853302042,0.0,0.0,0.0,0.0,0.0,0.0,828.0290797659846,863.2040855865487,0.0,0.0,0.0,0.0,-51.17323019627361,0.0,-828.0290797659846,-864.9901120487947,312.2242159936768,-0.8930132311230223,-1.7860264622460447,0.0,0.0,511.5994670208787,0.0,-762.8273072759284,10.716158773476268,0.0,0.0,0.0,0.0,0.0,0.0,473.0587038774844,0.0,0.0,0.0,109.06873527741419,0.0,0.0,0.0,0.0,0.0,629.6539841792428,0.0,0.0,-149.23548928852222,0.0,-203.12500000000193,72.85589415101582,0.0,0.0,0.0,0.0,-39.42794707550791,0.0714410584896541,0.0,0.0,0.0,0.0,0.0,0.0,0.0,0.0,0.0,0.0,0.0,0.0,0.0,0.0,0.0,0.0,0.0,0.0,0.0,0.03929258216946607,0.03929258216946607,0.0,561.9145980285002,0.0,21.432317546952536,0.0,0.0,0.0,1000.0,0.0,0.0,0.0,0.0,0.0,266.93255916765975,-1000.0,0.0,0.0,0.0,0.0,0.0,72.85589415101582,0.0,0.0,0.0,0.0,0.0,0.0,0.0,333.3333333333333,-597.6369934111123,14.423576604063285,0.0,2.750480751858915,0.0,-279.41176500601017,-488.6587760841721,-880.3056238995835,0.0,266.93255916765975,0.0,227.50461209215183,0.0,0.0,0.0,473.0587038774844,0.0,0.0,0.0,0.0,0.0,0.0,0.0,0.0,0.0,0.0,0.0,0.0,0.0,21.432317546952536,428.83174021254695,428.83174021254695,0.0,0.0,0.0,0.0,0.0,0.0,0.0,0.0,0.0,0.0,0.35720529244920896,0.0,0.0,0.0,0.0,0.0,-602.0545637042337,0.0,0.0,10.716158773476268,0.0,0.0,0.0,0.0,0.0,0.0,0.0,0.0,0.0,0.0,0.0,0.0,0.0,10.716158773476268,10.716158773476268,342.4168551711127,-1000.0,0.0,72.85589415101582,0.0,0.0,0.0,0.0,0.0,-387.41900449550553,629.6539841792428,-55.25554255964897,0.0357205292449209,0.0,0.0,0.0,2.8806055369654064,0.0,0.0,768.0705410901822,0.0,0.0,0.0,0.0,0.0,0.0,0.0,0.0,0.0,0.0,0.0,0.0,0.0,0.0,0.0357205292449209,0.0,0.0,0.0,0.0,0.0,0.0,0.0,0.0,333.26875384114203,0.0,855.6033981644161,-43.71594715680779,0.0,-1000.0,-2.6790396933690674,-1.7860264622460447,0.0,0.0,0.0,0.0,0.0,0.0,0.0,0.0,0.0,0.0,0.0,0.0,428.83174021254695,0.0,0.0,0.0,-249.44181379280369,0.0,0.0,0.0,-0.0357205292449209,0.0,0.0,0.0357205292449209,0.0,0.0357205292449209,0.0,0.0,0.0,21.432317546952536,43.579045678803496,43.579045678803496,0.0,0.0,0.0,0.0,0.0,0.0,0.0,14.423576604063285,0.0,629.6539841792428,0.0,0.0,0.0,923.0477786898667,0.0,0.0,0.0,0.0,0.0,0.0,0.0,0.0,0.0,0.0,0.0,0.0,0.0,391.64684781541143,0.0,0.0,0.0,0.053580793867381335,0.0,0.0,0.0,-10.716158773476268,0.0,0.0,0.0,0.0,0.0,-561.9145980285002,1.7860264622460447,0.0,0.0,0.0,-484.375,0.0,-231.87649853302042,0.0,0.0,-203.12500000000193,0.0,0.0,0.0,0.0,0.0,428.83174021254695,0.0,0.0,0.0,88.85589415101582,0.0,72.2794707550791,-23.21284112639837,0.0,0.0,0.0,0.0,43.71594715680779,-1000.0,0.0,1.7860264622460447,839.0218629048411,0.0,0.0,0.0,-149.23548928852222,0.0,0.0,557.0797930080278,-557.0797930080278,0.0,0.0,0.0,0.0,0.0,0.0,-5.358079386737984,43.579045678803496,0.0,0.0,0.0,0.0,0.0,0.0,0.0,0.0,0.0,0.0,0.0,0.0,564.5936377218693,-2.8806055369654064,-416.51290642823994,0.0,10.716158773476268,0.0,0.0,0.0,0.0,-195.38302169452118,0.0,0.0,0.03929258216946607,0.0,0.0,0.0,21.789522839401748,0.0,0.0,0.0,0.0,-14.288211697968357,0.0,0.0,0.0,0.0,0.0,0.0,0.0,0.0,338.52616008864504,0.0,0.0035720529244920893,0.0035720529244920893,0.0,0.0,0.0,0.0,0.0,0.0,0.0,0.0,0.0,0.0,0.0,0.0,0.0,0.0,0.0,561.9145980285002,0.0,0.0,0.0,0.0,0.0,0.0,0.0,1000.0,0.0,0.0,0.0,0.0,0.0,558.91724573242,397.6225651511926,0.0,0.0,0.0,21.432317546952536,0.0,0.0,0.0,0.0,0.0,978.5676824530475,-1000.0,0.0,0.0,0.0,0.0,0.0,0.0,0.0,0.0,0.0,0.0,0.0,0.0,55.25554255964897,-1000.0,947.5163412226375,0.0,-10.716158773476268,0.0,999.8571178830202,0.0,0.0,0.0,0.0,0.0,0.0,0.0,0.0,0.0,23.437500000000004,0.0,-23.437500000000004,-23.437500000000004,0.0,0.0,0.0,0.0,-4.465066155615112,428.83174021254695,-2.6790396933690674,925.7268183832357,0.0,0.0,0.0,0.0,0.0,0.0,-0.4465066155615112,192.95143644533002,0.0,0.0,0.0,0.0,0.0,0.0,0.0,1000.0,10.716158773476268,10.716158773476268,0.0,0.0,0.0,0.0,964.3702510354763,0.03929258216946607,561.9145980285002,0.0,0.0,-999.8571178830202,0.0,0.0,0.0,0.0,0.0,0.0,0.0,0.0,0.0,0.0,0.0,0.0,0.0,0.0,0.0,0.0,0.0,11.073364065925478,0.0,37.50655570716694,2.750480751858915,0.0,0.0,0.0,0.0,0.0,561.9145980285002,0.0,228.94027102908606,0.0,0.0,0.0,-4.465066155615112,0.0,0.0,0.0,0.0,0.0,0.0,0.0,0.0,0.0,0.0,0.0,0.0,0.0,0.0,0.0,0.0,0.0,0.0,-0.0357205292449209,0.0,0.0,1.7860264622460447,-266.93255916765975,0.0,0.0,0.0,0.0,428.83174021254695,0.0,0.0,0.0,-919.972241121879,0.8930132311230223,0.0,0.0,0.0,0.0357205292449209,0.0,35.72052924492089,0.0,7.144105848984179,0.2551466374637207,121.80700472518025,-0.026790396933690667,1.7860264622460034,0.7144105848984179,-0.17860264622468383,-121.80700472518025,10.716158773476268,-0.0357205292449209,7.737613708799457,72.85589415101582,0.008930132311230224,0.2551466374637207,-23.21284112639837,-5.686708255793263,-0.7144105848984179,-558.5943745878463,-0.0357205292449209,0.008930132311230224,-121.80700472518025,3.5720529244920893,0.0357205292449209,0.0357205292449209,-561.8395849170859,0.03929258216941298,0.0,-0.026790396933690667,10.716158773476268,0.0357205292449209,10.716158773476268,-17.86026462246045,-0.01786026462246045,165.06214289905824,33.5771189433985,-0.026790396933690667,-0.0357205292449209,0.0,0.0357205292449209,3.5720529244920893,-0.7144105848984179,391.64684781541143,391.64684781541143,-3.5720529244920893,558.5943745878463,-391.64684781541143,7.144105848984179,0.053580793867381335,-1000.0,3.5720529244920893,-333.3333333333333,72.85589415101582,-7.144105848984179,0.01786026462246045,0.35720529244920896,70.99451606714543,96.0,-0.0357205292449209,-569.9517171086072,561.8395849170859,11.073364065925478,0.0357205292449209,5.686708255793263,29.991259057110597,72.85589415101582,-0.0357205292449209,-0.008930132311230224,-72.85589415101582,-0.0357205292449209,-39.42794707550791,0.03572052924501179,-0.008930132311230224,-0.008930132311230224,-0.008930132311230224,14.288211697968357,17.86026462246045,0.35720529244920896,311.79431905344074,-0.008930132311230224,134.2514184254914,1.7860264622460447,21.5,0.0357205292449209,0.01786026462246045,0.01786026462246045,40.0,0.0,0.0357205292449209,0.0,0.35720529244920896,0.0357205292449209,-882.4540629516575,0.0357205292449209,0.14288211697976294,0.17860264622468383,0.01786026462246045,0.008930132311230224,10.716158773476268,-0.0357205292449209,0.0,0.35720529244920896,-623.5886381068815,0.8930132311230636,-3.5720529244920893,7.144105848984179,1.7860264622460447,-0.0357205292449209,23.21284112639837,0.053580793867381335,-0.0357205292449209,-80.0,0.0,442.3007326999232,0.01786026462246045,-43.0,-0.0357205292449209,-0.03572052924501179,-0.0357205292449209,0.01786026462246045,121.80700472518025,-7.144105848984179,0.0357205292449209,141.98903213429085,-0.008930132311230224,-0.03929258216941298,-141.98903213429085,5.358079386738133,-33.5771189433985,392.2110088111442,121.80700472518025,-0.026790396933690667,569.9517171086072,-96.0,0.0357205292449209,-0.008930132311230226,1.7860264622460447,35.72052924492089,-0.01786026462246045,-0.0357205292449209,0.008930132311230224,978.3407350469133,0.0,391.8255831365615,570.6597438982168,-9.24540463139936,0.0,1000.0,-31.0,0.0,-32.0,-93.0,-65.0,-608.1565565988161,16.0,4.62270231569968,46.5,0.0,15.5,-561.9145980285002,-246.917711005402,608.1565565988161,65.0,-246.917711005402,-1000.0,483.21834400919863,0.0,1496.5981,hclb
335,0.0,0.0,0.0,0.0,0.0,0.0,0.0,0.0,-0.03164983932210679,0.0,0.0,0.0,0.0,0.0,0.0,0.0,-909.2114216796737,1000.0,0.0,310.4575079645849,0.0,0.0,0.0,932.1266866130414,0.0,0.0,0.0,0.0,0.0,-412.4924045059496,0.0,0.0,0.0,0.0,0.0,0.0,0.0,89.97612379019904,0.0,-1000.0,1000.0,0.0,0.0,0.0,0.0,0.0,0.0,145.15286964153728,321.70382618562326,-983.4211931607726,0.0,0.0,0.0,0.03481482325434877,0.0,0.0,0.0,0.0,0.0,0.0,-152.5221251026072,0.0,0.0,-178.05388218550894,0.0,0.0,0.0,0.0,265.14258428309483,0.0,0.0,0.316498393221068,0.0,0.0,0.0,0.0,0.0,0.0,0.0,0.0,0.0,0.0,91.81911075685271,0.0,18.989903593264078,0.0,156.21061208156155,0.0,237.36341953566827,0.0,-0.007912459830526698,0.0,0.0,-537.7757677610916,9.494951796632039,0.0,9.494951796632039,-1.019124826171435,0.0,0.0,91.81911075685271,1.5824919661053396,-412.4924045059496,0.0,0.0,-8.834810034668651,318.90487509303796,884.8065045917184,0.0,0.0,0.0,0.0,0.0,0.0,0.0,0.0,0.0,0.0,0.0,0.0,0.0,0.0,0.0,0.0,-257.6189255440398,0.0,0.0,9.494951796632039,0.0,9.811450189853106,9.811450189853106,0.0,-227.13136334567332,680.2563633475125,-453.1250000018392,453.1250000018392,-25.531757082901745,403.08721910963624,-403.08721910963624,0.0,0.0,0.0,0.0,0.0,0.0,66.82853895251107,0.03164983932210679,0.0,0.0,0.0,0.0,-318.90487509303796,0.0,0.0,0.0,0.0,73.4192388423351,0.0,0.0,0.0,0.0,0.0,743.3631518446623,743.3631518446623,0.0,0.0,0.0,-234.37500000000003,66.0310821267891,0.0,0.0,743.3948016839844,0.0,0.0,0.0,0.0,-155.93153567956892,0.0,0.0,0.0,0.0,0.0,0.0,0.0,0.0,0.0,0.0,0.0,0.0,0.0,0.0,-731.1508685512019,0.0,0.0,0.0,0.0,0.0,983.4211931607726,0.0,-83.11171059137084,83.11171059137084,25.531757082901745,0.0,0.0,0.0,0.0,0.0,0.0,0.0,-945.2861977796847,0.0,0.0,0.0,0.0,0.0,0.0,0.0,0.0,0.0,0.0,0.0,0.0,0.0,269.40856835129256,-30.34006427115728,1000.0,0.0,0.0,0.0,0.0,-25.531757082901745,0.0,0.0,0.0,0.0,-152.5221251026072,1000.0,0.0,0.0,0.0,0.0,0.0,0.0,0.0,0.0,0.0,151.48283750595863,0.0,0.0,-909.2588964386568,-588.7837663116177,238.59211559425242,0.0,-1000.0,0.0,0.0,25.531757082901745,-360.6789528475003,0.0,0.0,0.0,405.46583355395603,0.0,0.0,-1000.0,-603.923883411998,0.0,-396.0761165880018,0.0,603.923883411998,154.25170894429743,0.0,905.6419711875908,983.4211931607726,0.0,107.92595208838415,0.0,0.0,0.0,0.0,0.0,0.0,0.0,1000.0,0.0,0.0,388.025755948606,-234.37500000000003,0.0,0.0,-152.5221251026072,-0.047474758983160184,0.0,0.0,0.0,0.0,0.03164983932210679,0.0,0.0,0.0,721.65591675457,-909.2114216796737,0.0,-405.91769344549823,-102.29352339082327,155.93153567956892,1000.0,0.0,392.22312731002836,0.0,-8.834810034668651,0.0,0.0,0.0,-2.7250511656334253,-346.88156749717814,-42.616508647216804,-1000.0,547.7556894548318,0.0,0.0,0.0,0.0,0.0,0.0,0.0,0.0,0.0,0.0,0.0,0.0,0.0,0.0,0.0,0.0,0.0,529.9591382191801,0.0,449.01302796740003,0.0,0.0,0.0,0.0,0.0,0.0,-66.828538952511,0.0,0.0,0.0,0.0,0.0,81.7389832140833,0.0,-978.8915806503677,0.0,0.0,0.0,-1.5824919661053396,0.0,0.0,0.0,977.3090886842624,0.0,-0.7912459830526698,0.0,-266.54195195842584,0.0,-706.8109068105732,0.0,900.3175813684952,9.494951796632039,0.0,0.0,0.0,259.9413839944537,0.0,0.0,0.0,-269.40856835129256,269.40856835129256,269.40856835129256,-186.60193782265844,0.0,0.0,-725.3003342393445,0.0,0.0,0.0,0.0,0.0,-18.154783124993006,0.0,-109.37499999999837,9.494951796632039,0.0,0.0,0.0,0.0,-39.83501606778932,0.0632996786442066,0.0,0.0,0.0,0.0,0.0,0.0,0.0,0.0,0.0,0.0,0.0,0.0,0.0,0.0,0.0,0.0,0.0,0.0,0.0,0.03481482325434877,0.03481482325434877,0.0,359.0786004868712,0.0,18.989903593264078,0.0,0.0,0.0,1000.0,0.0,0.0,156.21061208156155,0.0,0.0,133.64161424599348,-1000.0,0.0,0.0,397.2696427835886,0.0,0.0,9.494951796632039,0.0,0.0,0.0,0.0,0.0,0.0,0.0,85.8729751813466,-721.65591675457,0.0,0.0,158.64764970936378,0.0,-537.7757677610916,0.0,0.0,0.0,93.96295836459441,0.0,93.80659817820415,0.0,436.5458437329072,-436.5458437329072,269.40856835129256,0.0,0.0,0.0,0.0,0.0,0.0,0.0,0.0,0.0,0.0,0.0,0.0,0.0,18.989903593264078,25.531757082901745,25.531757082901745,0.0,0.0,0.0,0.0,0.0,0.0,0.0,0.0,0.0,0.0,0.316498393221068,0.0,0.0,156.21061208156155,-156.21061208156155,0.0,0.0,0.0,0.0,9.494951796632039,-397.2696427835886,0.0,0.0,0.0,0.0,0.0,0.0,0.0,0.0,0.0,0.0,0.0,0.0,9.494951796632039,9.494951796632039,1000.0,-1000.0,0.0,9.494951796632039,0.0,0.0,0.0,0.0,0.0,412.4924045059496,0.0,1000.0,0.03164983932210679,0.0,0.0,-162.25887454072782,164.81120801177485,22.165395998452016,0.0,537.7757677610916,0.0,0.0,0.0,0.0,0.0,0.0,3.0522042985691598,0.0,0.0,0.0,0.0,0.0,0.0,0.0,0.03164983932210679,0.0,0.0,0.0,0.0,0.0,0.0,0.0,0.0,0.0,0.0,-66.82853895251094,0.0,0.0,-80.94611025178008,-2.3737379491580097,0.0,-1.582491966105341,0.0,0.0,0.0,0.0,0.0,0.0,0.0,0.0,0.0,0.0,0.0,25.531757082901745,155.93153567956892,0.0,0.0,195.08916652402726,0.0,0.0,0.0,-0.03164983932210679,0.0,0.0,0.03164983932210679,0.0,0.03164983932210679,9.156612895707479,265.14258428309483,0.0,18.989903593264078,38.61280397297029,38.61280397297029,0.0,0.0,0.0,0.0,0.0,0.0,0.0,0.0,0.0,0.0,0.0,0.0,0.0,0.0,0.0,0.0,0.0,0.0,0.0,0.0,0.0,0.0,0.0,0.0,0.0,0.0,0.0,0.0,0.0,0.0,0.0,0.047474758983160184,0.0,0.0,0.0,-9.494951796632039,0.0,0.0,0.0,0.0,0.0,-359.0786004868712,1.5824919661053396,0.0,0.0,0.0,234.37500000000003,-66.0310821267891,-491.58110647032174,-1.582491966105341,0.0,-109.37499999999837,0.0,0.0,0.0,0.0,0.0,25.531757082901745,0.0,397.2696427835886,-192.10465446613952,89.67003213557864,0.0,58.670032135578644,13.330585963783365,0.0,-558.4096454228327,0.0,558.4096454228327,0.0,-399.2917568204706,0.0,1.582491966105341,698.1040177308624,0.0,0.0,0.0,-330.5760072881161,0.0,0.0,0.0,0.0,0.0,0.0,0.0,0.0,0.0,361.4523384360292,-366.19981433434543,38.61280397297029,0.0,0.0,0.0,0.0,0.0,0.0,0.0,0.0,0.0,0.0,0.0,0.0,0.0,-2.5523334710470404,42.12277034946939,0.0,9.494951796632039,156.21061208156155,0.0,0.0,0.0,-82.30709971145052,0.0,0.0,0.03481482325434877,0.0,0.0,0.0,19.306401986485145,0.0,0.0,0.0,0.0,-30.34006427115728,0.0,318.90487509303796,0.0,0.0,0.0,0.0,0.0,0.0,0.0,0.0,0.0031649839322107696,0.0031649839322107696,0.0,0.0,0.0,0.0,0.0,9.156612895707479,0.0,0.0,0.0,-162.25887454072782,0.0,0.0,0.0,0.0,0.0,359.0786004868712,0.0,0.0,0.0,0.0,0.0,0.0,0.0,983.4211931607726,0.0,0.0,0.0,312.4212241631231,338.7535234117271,-619.3730614332754,1000.0,0.0,0.0,0.0,18.989903593264103,0.0,0.0,0.0,0.0,0.0,-718.8105785431045,699.8206749498404,0.0,312.4212241631231,0.0,0.0,0.0,0.0,0.0,0.0,0.0,0.0,0.0,0.0,547.7556894548318,-1000.0,21.680139935643158,-9.494951796632039,0.0,0.0,80.81951089449156,0.0,0.0,0.0,0.0,0.0,0.0,0.0,0.0,0.0,0.0,0.0,0.0,0.0,0.0,0.0,0.0,0.0,-3.956229915263351,25.531757082901745,-2.3737379491580097,363.82607638518726,0.0,0.0,0.0,0.0,0.0,0.0,-0.39562299152633496,18.154783124993006,0.0,0.0,0.0,0.0,0.0,0.0,0.0,1000.0,9.494951796632039,9.494951796632039,0.0,0.0,0.0,0.0,0.0,0.03481482325434877,359.0786004868712,0.0,0.0,-89.97612379019904,0.0,0.0,0.0,0.0,0.0,0.0,0.0,0.0,0.0,0.0,0.0,0.0,0.0,0.0,137.14959858940117,0.0,0.0,9.811450189853106,0.0,33.23233128821214,0.0,0.0,158.64764970936378,0.0,0.0,0.0,359.0786004868712,0.0,490.56198164415036,0.0,0.0,0.0,-3.956229915263351,0.0,0.0,0.0,0.0,0.0,0.0,0.0,0.0,0.0,0.0,0.0,0.0,0.0,0.0,0.0,0.0,0.0,0.0,-0.03164983932210679,0.0,0.0,1.5824919661053396,-133.64161424599348,0.0,0.0,0.0,0.0,25.531757082901745,0.0,0.0,0.0,2.7250511656334253,0.7912459830526698,0.0,0.0,0.0,0.03164983932210679,0.0,31.64983932210679,0.0,6.329967864421359,0.22607028087219136,107.92595208838415,-0.023737379491580092,1.5824919661053396,0.6329967864421359,8.998363699096842,-107.92595208838415,9.494951796632039,-0.03164983932210679,2.944936678222884,9.494951796632039,0.007912459830526698,0.22607028087219136,-8.834810034668651,-161.24926650164036,-0.6329967864421359,-401.24608628491126,-0.03164983932210679,0.007912459830526698,-107.92595208838415,3.164983932210679,0.03164983932210679,0.03164983932210679,-359.0121358242948,-156.17579725830723,0.0,-0.023737379491580092,9.494951796632039,0.03164983932210679,9.494951796632039,-15.824919661053396,-0.015824919661053396,-55.749618772997806,22.33512331136896,-0.023737379491580092,-0.03164983932210679,0.0,0.03164983932210679,3.164983932210679,-0.6329967864421359,0.0,0.0,-3.164983932210679,401.24608628491126,0.0,6.329967864421358,0.047474758983160184,-1000.0,3.164983932210679,-85.8729751813466,9.494951796632039,-6.329967864421358,0.015824919661053396,0.316498393221068,101.47942336137456,96.0,-0.03164983932210679,-366.19981433434543,359.0121358242948,9.811450189853106,0.03164983932210679,161.24926650164036,-28.484855389896186,9.494951796632039,-0.03164983932210679,-0.007912459830526698,-9.494951796632039,-0.03164983932210679,-358.73989116082726,0.03164983932185805,-0.007912459830526698,-0.007912459830526698,-0.007912459830526698,12.659935728842717,15.824919661053396,0.316498393221068,23.448574707765474,-0.007912459830526698,200.01391004452623,1.5824919661053396,21.5,0.03164983932210679,0.015824919661053396,0.015824919661053396,7.912459830526698,0.0,0.03164983932210679,0.0,0.316498393221068,0.03164983932210679,-23.448574707765474,0.03164983932210679,0.12659935728852645,-8.998363699096842,0.015824919661053396,0.007912459830526698,9.494951796632039,-0.03164983932210679,0.0,0.31649839322106793,-46.89714941553095,0.7912459830526698,-3.164983932210679,6.329967864421358,1.5824919661053396,-0.03164983932210679,8.834810034668651,0.047474758983160184,-0.03164983932210679,-15.8249196610534,0.0,220.04446371541906,0.015824919661053396,-43.0,-0.03164983932210679,-0.03164983932185805,-0.03164983932210679,0.015824919661053396,107.92595208838415,-6.329967864421358,0.03164983932210679,202.95884672274912,-0.007912459830526698,156.17579725830723,-202.95884672274912,4.747475898316019,-22.33512331136896,557.8757798299555,107.92595208838415,-0.023737379491580092,366.19981433434543,-96.0,0.03164983932210679,-0.007912459830526696,1.582491966105341,31.64983932210679,-0.015824919661053396,-0.03164983932210679,0.007912459830526698,0.0,0.0,845.7324661360415,0.0,-46.0,0.0,474.5317999147142,12.631124514764773,0.0,-32.0,-93.0,-65.0,-154.25170894429743,16.0,23.0,46.5,0.0,-6.315562257382386,-359.0786004868712,-137.73736400396854,154.25170894429743,65.0,-137.73736400396854,-474.5317999147142,249.92583568619986,0.0,1496.5981,hclb
336,0.0,0.0,0.0,0.0,0.0,0.0,0.0,0.0,410.16814307938773,0.0,0.0,0.0,0.0,0.0,0.0,0.0,-431.0566667133983,132.7553057123406,0.0,913.961121601264,0.0,0.0,0.0,996.3123313887277,0.0,0.0,0.0,0.0,0.0,-568.9433332866017,0.0,0.0,30.730140806923437,0.0,0.0,0.0,0.0,528.2390347225918,0.0,-1000.0,785.9645266676762,0.0,0.0,-338.56136798476325,0.0,0.0,0.0,0.0,0.0,0.0,0.0,-1000.0,0.0,0.013431905537759048,0.0,0.0,0.0,0.0,0.0,0.0,-363.7971348886778,0.0,-636.2028651113221,-1000.0,0.0,0.0,0.0,0.0,0.0,0.0,0.0,0.12210823216133611,0.0,0.0,0.0,0.0,0.0,0.0,0.0,0.0,0.0,0.0,457.0500415277547,0.0,7.3264939296801685,0.0,362.7217683907785,49.28210774403601,0.0,162.63607022335574,-0.0030527058040334025,0.0,0.0,0.0,3.6632469648400834,0.0,3.6632469648400834,0.0,0.0,0.0,457.0500415277547,0.6105411608066805,-568.9433332866017,0.0,0.0,0.0,0.0,0.0,0.0,0.0,0.0,0.0,0.0,0.0,0.0,0.0,0.0,0.0,0.0,0.0,0.0,0.0,0.0,0.0,-268.56335074526123,0.0,0.0,3.6632469648400834,0.0,3.785355197001419,0.0,0.0,-116.98002323014221,116.98002323014221,0.0,0.0,0.0,0.0,0.0,0.0,0.0,0.0,0.0,0.0,0.0,-93.38803974933387,0.01221082321613361,0.0,0.0,0.0,0.0,-395.33177459612375,0.0,0.0,0.0,0.0,74.58387841650003,0.0,0.0,0.0,0.0,0.0,705.5032330240213,705.5032330240213,0.0,0.0,0.0,0.0,-711.5551559452767,0.0,0.0,705.5154438472374,0.0,0.0,0.0,158.384958362485,0.0,0.0,0.0,0.0,0.0,0.0,0.0,0.0,0.0,0.0,0.0,0.0,0.0,0.0,0.0,-721.587739783716,0.0,0.0,0.0,0.0,0.0,0.0,1000.0,-49.28210774403601,49.28210774403601,0.0,0.0,0.0,0.0,0.0,0.0,0.0,0.0,-681.3749807150178,0.0,0.0,0.0,0.0,0.0,0.0,0.0,0.0,0.0,0.0,0.0,0.0,0.0,127.52650264979015,357.2161038825772,0.0,0.0,0.0,0.0,0.0,83.76670685517051,0.0,0.0,0.0,0.0,-363.7971348886778,338.56136798476325,0.0,0.0,0.0,0.0,0.0,0.0,0.0,0.0,30.82180285286563,2.442164643226722,0.0,0.0,-687.8584391166801,-638.5763313726441,1000.0,0.0,0.0,0.0,0.0,0.0,0.0,0.0,0.0,0.0,-182.59153166185453,0.0,0.0,97.44664252806348,0.0,137.5768439817919,-40.130201453728546,137.5768439817919,0.0,-49.28210774403601,0.0,-51.847788174467496,0.0,0.0,-49.69851008215774,0.0,0.0,0.0,-114.83985098648321,0.0,114.83985098648321,0.0,617.3257170284696,0.0,0.0,-908.539277759751,0.0,0.0,0.0,-363.7971348886778,-0.018316234824200413,0.0,0.0,0.0,0.0,0.01221082321613361,0.0,0.0,0.0,603.3359831108398,-431.0566667133983,0.0,-404.1197481396809,-150.69445476148962,0.0,789.6277736325162,0.0,0.0,0.0,0.0,0.0,0.0,0.0,-1.0513518789091159,1000.0,-998.9486481210909,-27.609233165236414,-1000.0,0.0,0.0,0.0,0.0,0.0,0.0,0.0,0.0,0.0,0.0,0.0,0.0,0.0,0.0,0.0,0.0,0.0,-471.7121219845459,0.0,-1000.0,0.0,0.0,30.428614345308574,0.0,0.0,0.0,135.89375226388793,0.0,0.0,0.0,0.0,0.0,0.0,0.0,-837.2132978824187,-521.3764642249955,-1000.0,0.0,-0.6105411608066805,0.0,982.506774660567,0.0,836.6027567216121,1000.0,521.0711936445922,0.0,-313.6999395945998,0.0,0.0,-657.5118235910437,-7.937035090486847,3.6632469648400834,-968.7500000001496,968.7500000001496,0.0,590.9492868388189,0.0,410.1803539026039,0.0,-127.52650264979015,127.52650264979015,127.52650264979015,-500.3914514820456,0.0,0.0,-1000.0,0.0,0.0,0.0,0.0,0.0,-2.1507329957986485,0.0,0.0,0.0,0.0,0.0,0.0,0.0,-41.77891767838664,0.024421646432275377,0.0,0.0,0.0,0.0,0.0,0.0,0.0,0.0,0.0,0.0,0.0,0.0,0.0,0.0,0.0,0.0,0.0,0.0,0.0,0.013431905537759048,0.013431905537759048,0.0,221.08433800656343,0.0,7.3264939296801685,0.0,0.0,0.0,956.9857617477278,0.0,0.0,362.7217683907785,0.0,0.0,-125.49863470849766,-956.9857617477278,0.0,0.0,400.624152045373,0.0,0.0,0.0,0.0,0.0,0.0,0.0,0.0,0.0,0.0,89.52111691508708,-603.3359831108398,395.33177459612375,0.0,363.6620017784208,0.0,-1000.0,1000.0,916.2332931448295,0.0,-125.49863470849766,0.0,-940.0508090209469,772.7732566340626,0.0,0.0,127.52650264979015,0.0,0.0,0.0,0.0,0.0,0.0,0.0,0.0,0.0,0.0,0.0,0.0,0.0,7.326493929680167,0.0,0.0,0.0,0.0,0.0,0.0,0.0,0.0,0.0,0.0,0.0,0.0,0.12210823216133611,0.0,0.0,362.7217683907785,-362.7217683907785,0.0,1000.0,0.0,0.0,3.6632469648400834,-400.624152045373,0.0,0.0,0.0,0.0,0.0,0.0,0.0,0.0,0.0,1000.0,1000.0,0.0,3.6632469648400834,3.6632469648400834,1000.0,-956.9857617477278,0.0,0.0,0.0,0.0,0.0,0.0,0.0,-403.4474335481619,0.0,-220.7032665961057,0.01221082321613361,0.0,0.0,0.0,16.126136460221023,0.0,0.0,0.0,0.0,0.0,0.0,0.0,0.0,0.0,0.0,0.0,0.0,0.0,0.0,0.0,0.0,0.0,0.01221082321613361,0.0,0.0,0.0,0.0,0.0,0.0,0.0,0.0,0.0,0.0,1000.0,0.0,-361.9655114062578,-1000.0,-0.9158117412100208,-0.6105411608066805,0.0,0.0,0.0,0.0,0.0,0.0,0.0,0.0,0.0,0.0,0.0,0.0,0.0,0.0,0.0,0.0,-7.326493929680167,0.0,0.0,0.0,410.16814307938773,0.0,0.0,0.01221082321613361,0.0,0.01221082321613361,0.0,0.0,0.0,7.3264939296801685,14.897204323683004,14.897204323683004,0.0,0.0,0.0,0.0,0.0,0.0,0.0,395.33177459612375,0.0,0.0,0.0,0.0,0.0,0.0,0.0,0.0,0.0,0.0,0.0,0.0,0.0,0.0,0.0,0.0,0.0,0.0,0.0,83.76670685517051,0.0,0.0,0.0,0.018316234824200413,0.0,0.0,0.0,-3.6632469648400834,0.0,0.0,0.0,0.0,0.0,-221.08433800656343,0.6105411608066805,0.0,0.0,0.0,0.0,711.5551559452767,0.0,0.0,0.0,0.0,0.0,0.0,0.0,0.0,0.0,0.0,0.0,400.624152045373,1000.0,93.55783535677328,0.0,320.15137218699886,0.0,471.7121219845459,135.89375226388793,361.9655114062578,-969.5713856546914,0.0,-14.897204323683004,0.0,0.6105411608066805,1000.0,0.0,0.0,0.0,-727.5942697773556,171.87500000000188,-171.87500000000188,1000.0,-1000.0,0.0,-73.32751536741969,0.0,0.0,0.0,222.00014974777343,-223.8317732301934,14.897204323683004,0.0,0.0,0.0,0.0,0.0,0.0,0.0,0.0,0.0,30.82180285286563,0.0,0.0,0.0,-16.126136460221023,-1000.0,0.0,3.6632469648400834,362.7217683907785,0.0,0.0,0.0,-29.46842539013663,0.0,0.0,0.013431905537759048,0.0,0.0,0.0,7.448602161841502,0.0,0.0,0.0,0.0,357.2161038825772,0.0,0.0,0.0,0.0,0.0,0.0,0.0,0.0,-799.2532699146873,0.0,0.001221082321613361,0.001221082321613361,0.0,0.0,0.0,0.0,0.0,0.0,0.0,0.0,0.0,0.0,0.0,0.0,0.0,0.0,0.0,221.08433800656343,0.0,0.0,0.0,0.0,0.0,0.0,0.0,0.0,0.0,0.0,0.0,725.443536781557,0.0,1000.0,132.7553057123406,0.0,0.0,0.0,7.3264939296801685,0.0,0.0,0.0,0.0,0.0,992.6735060703198,-1000.0,0.0,725.443536781557,0.0,0.0,0.0,0.0,0.0,0.0,0.0,0.0,0.0,0.0,220.7032665961057,-1000.0,8.364413903051522,0.0,-3.6632469648400834,0.0,528.2390347225918,0.0,0.0,0.0,0.0,0.0,0.0,0.0,0.0,0.0,0.0,0.0,0.0,0.0,0.0,0.0,0.0,0.0,-1.5263529020167015,0.0,-0.9158117412100208,222.91596148898347,0.0,0.0,0.0,0.0,0.0,-0.15263529020167013,0.0,2.1507329957986863,0.0,0.0,0.0,0.0,0.0,0.0,0.0,1000.0,3.6632469648400834,3.6632469648400834,0.0,0.0,0.0,0.0,0.0,0.013431905537759048,221.08433800656343,0.0,0.0,-528.2390347225918,0.0,0.0,0.0,0.0,0.0,0.0,0.0,0.0,0.0,0.0,0.0,0.0,0.0,0.0,0.0,0.0,0.0,0.0,0.0,12.821364376940291,363.6620017784208,0.0,0.0,0.0,0.0,0.0,221.08433800656343,0.0,29.818073184501895,0.0,0.0,0.0,-1.5263529020167015,0.0,0.0,0.0,0.0,0.0,0.0,0.0,0.0,0.0,0.0,0.0,0.0,0.0,0.0,0.0,0.0,0.0,0.0,-0.01221082321613361,0.0,0.0,0.6105411608066805,125.49863470849766,0.0,0.0,0.0,0.0,0.0,0.0,0.0,0.0,1.0513518789091159,0.30527058040334026,0.0,0.0,0.0,0.01221082321613361,0.0,12.21082321613361,-3.7853551970014188,2.442164643226722,0.08722016582952578,34.06819677301277,-0.009158117412100207,0.6105411608065905,0.24421646432267222,-0.0610541160784633,-34.06819677301277,3.6632469648400834,-0.01221082321613361,0.0,0.0,0.0030527058040334025,0.08722016582952578,0.0,-364.66573144678455,-0.24421646432267222,-615.6597606002064,-0.01221082321613361,0.0030527058040334025,-34.06819677301277,1.221082321613361,0.01221082321613361,0.01221082321613361,-221.05869527780953,-362.70833648524075,-72.50905848531008,-0.009158117412100207,3.6632469648400834,0.01221082321613361,3.6632469648400834,-6.105411608066806,-0.006105411608066805,-2.07481993118995,-85.0,-0.009158117412100207,-0.01221082321613361,-3.7853551970014188,0.01221082321613361,1.2210823216133804,-0.24421646432267222,83.76670685517051,83.76670685517051,-1.221082321613361,615.6597606002064,-83.76670685517051,2.442164643226722,0.018316234824200413,-1000.0,1.221082321613361,-89.52111691508708,0.0,-2.442164643226722,0.006105411608066805,0.12210823216133611,101.02993703492022,96.0,-0.01221082321613361,-223.8317732301934,221.05869527780953,3.785355197001419,0.012210823216133634,364.66573144678455,-14.65298785936045,0.0,-0.01221082321613361,-0.0030527058040334025,0.0,-0.01221082321613361,-41.77891767838664,0.012210823216236122,-0.0030527058040334025,-0.0030527058040334025,-0.0030527058040334025,4.884329286453444,6.105411608066806,0.12210823216133611,218.7564568461573,-0.0030527058040334025,202.05987406984045,0.6105411608066805,21.5,0.01221082321613361,0.006105411608066805,0.006105411608066805,1.221082321613361,3.7853551970014188,0.01221082321613361,-3.7853551970014188,0.12210823216133611,0.01221082321613361,-638.1759832379706,0.01221082321613361,0.04884329286232969,0.0610541160784633,0.006105411608066805,0.0030527058040334025,3.6632469648400834,-0.01221082321613361,72.50905848531008,0.12210823216133611,-437.51291369231467,0.30527058040343036,-1.2210823216133804,2.442164643226722,0.6105411608066805,-0.01221082321613361,0.0,0.018316234824200413,-0.01221082321613361,-2.442164643226722,3.7853551970014188,111.78766906586638,0.006105411608066805,-43.0,-0.01221082321613361,-0.012210823216236122,-0.01221082321613361,0.006105411608066805,34.06819677301277,-2.442164643226722,0.01221082321613361,202.05987406984045,-0.0030527058040334025,362.70833648524075,-202.05987406984045,1.8316234824200415,85.0,547.8000942861602,34.06819677301277,-0.009158117412100207,223.8317732301934,-96.0,0.01221082321613361,-0.0030527058040334034,0.6105411608066805,12.21082321613361,-0.006105411608066805,-0.012210823216133634,0.0030527058040334025,1000.0,0.0,886.6399321090722,419.4195263918133,-46.0,0.0,328.66550376181965,-31.0,0.0,-32.0,-93.0,72.73823776589819,-113.35396247931973,16.0,23.0,46.5,0.0,15.5,-221.08433800656343,-82.31924367572975,113.35396247931973,-72.73823776589819,-82.31924367572975,-328.66550376181965,171.04870464978336,0.0,1496.5981,hclb
337,0.0,0.0,0.0,0.0,0.0,0.0,0.0,0.0,412.6649852209538,0.0,0.0,0.0,0.0,0.0,0.0,0.0,-204.4769055144186,112.41135921590785,0.0,0.0,0.0,0.0,0.0,992.1914435408884,0.0,0.0,0.0,0.0,0.0,-283.82471834791545,0.0,0.0,646.7154618165096,0.0,0.0,0.0,0.0,85.46807271717694,0.0,-1000.0,986.7627909748613,0.0,0.0,488.30162386233405,0.0,0.0,0.07597706203091548,0.0,0.0,0.0,0.0,0.0,0.0,0.041787384117065514,0.0,0.0,0.0,0.0,0.0,0.0,72.51222333824178,0.0,1000.0,844.9389834292268,0.0,0.0,0.0,0.0,1000.0,-1000.0,0.0,0.3798853101547995,0.0,0.0,0.0,0.0,0.0,0.0,0.0,0.0,0.0,0.0,162.280597766371,0.0,22.79311860928797,0.0,0.0,385.8102807350432,273.39892151913534,204.53388831094182,-0.009497132753869986,0.0,0.0,275.3827314869037,11.396559304643985,0.0,13.237209025138675,0.0,0.0,0.0,341.7984791083096,1.8994265507739971,-1000.0,0.0,0.0,-0.4037829434658629,0.0,0.0,0.0,0.0,0.0,0.0,0.0,0.0,0.0,0.0,0.0,0.0,0.0,0.0,0.0,0.0,0.0,0.0,-612.0553002093438,0.0,0.0,13.237209025138675,0.0,11.776444614798784,0.0,0.0,0.0,0.0,0.0,0.0,-227.57323990901506,0.0,0.0,0.0,0.0,0.0,0.0,0.0,0.0,-159.35548087817904,0.03798853101545774,0.0,0.0,0.0,0.0,0.0,0.0,0.0,179.51788134193865,0.0,-3.5254565823712483,0.0,0.0,0.0,0.0,0.0,999.9620114689845,999.9620114689845,0.0,0.0,0.0,0.0,0.0,0.0,0.0,1000.0,0.0,0.0,0.0,98.1232506716409,-98.08853556723778,0.0,0.0,0.0,0.0,0.0,0.0,0.0,0.0,0.0,-5.698279652321991,0.0,0.0,0.0,0.0,-1000.0,0.0,0.0,0.0,0.0,0.0,0.0,0.0,273.39892151913534,-273.39892151913534,227.57323990901506,0.0,0.0,0.0,0.0,0.0,0.0,716.1752816520845,347.3958411862145,0.0,0.0,0.0,0.0,0.0,0.0,0.0,0.0,0.0,0.0,0.0,0.0,0.0,224.81065743655915,-25.96393787331333,488.30162386233405,0.0,0.0,0.0,0.0,36.1123136118876,0.0,0.0,0.0,0.0,72.51222333824178,0.0,0.0,0.0,0.0,0.0,0.0,0.0,0.0,0.0,521.4751849284559,7.5977062030959885,1.8406497204946906,0.0,0.0,0.0,659.2092022541785,0.0,-488.30162386233405,0.0,0.0,227.57323990901506,-927.4877766617582,0.0,0.0,0.0,-437.77399824655754,0.0,0.0,-999.9999999999999,0.0,0.0,-1000.0,0.0,0.0,546.7978430382707,0.0,0.0,0.0,0.0,-157.6975519877136,0.0,0.0,0.0,-675.6460808154403,0.0,675.6460808154403,0.0,1000.0,0.0,0.0,1000.0,0.0,0.0,0.0,72.51222333824178,-0.056982796523219914,0.0,0.0,0.0,0.0,0.03798853101545774,0.0,0.0,0.0,201.6020525255028,-204.4769055144186,0.0,-338.736772670154,-497.1324439200899,98.08853556723778,1000.0,0.0,-277.560533715528,0.0,-0.4037829434658629,0.0,0.0,0.0,834.7286549209679,0.0,-557.1681212054399,-1000.0,-1000.0,0.0,0.0,0.0,0.0,0.0,0.0,0.0,0.0,0.0,0.0,0.0,0.0,0.0,0.0,0.0,0.0,0.0,-914.3799731587616,0.0,-1000.0,179.51788134193865,0.0,520.251954229757,133.26285300149428,0.0,0.0,-362.1197040502768,0.0,0.0,0.0,338.50394497918705,0.0,0.0,-15.962746046812185,-887.904627616961,0.0,-1000.0,780.2390168894134,0.0,-670.4868482274918,0.0,15.962746046812185,819.3737745654398,0.0,-0.9497132753869986,-1.8994265507739971,0.0,0.0,0.0,725.291567541768,236.33625667399247,13.237209025138675,0.0,0.0,0.0,0.0,0.0,412.70297375196935,0.0,-224.81065743655915,224.81065743655915,224.81065743655915,-578.8990429828824,0.0,0.0,0.0,0.0,0.0,716.1752816520845,0.0,0.0,-82.5487932325314,0.0,0.0,0.0,0.0,0.0,0.0,0.0,-39.20114689845201,0.07597706203114285,0.0,0.0,0.0,0.0,0.0,0.0,0.0,0.0,0.0,0.0,0.0,0.0,0.0,0.0,0.0,0.0,0.0,0.0,0.0,0.041787384117065514,0.041787384117065514,0.0,313.2129512334632,0.0,22.79311860928797,0.0,0.0,0.0,1000.0,0.0,0.0,0.0,0.0,0.0,-351.98070631977293,-1000.0,0.0,0.0,0.0,0.0,0.0,0.0,0.0,0.0,0.0,0.0,0.0,0.0,0.0,204.0184334031146,-201.6020525255028,0.0,0.0,267.9818659953974,0.0,203.28097053248334,72.10176095442037,-191.58379256648232,0.0,-351.98070631977293,0.0,-700.2540451047646,309.0721918865397,0.0,0.0,224.81065743655915,0.0,0.0,0.0,0.0,0.0,0.0,0.0,0.0,0.0,0.0,0.0,0.0,0.0,22.79311860928797,227.57323990901506,227.57323990901506,0.0,0.0,0.0,0.0,0.0,0.0,0.0,0.0,0.0,0.0,0.3798853101547995,0.0,0.0,0.0,0.0,0.0,0.0,0.0,0.0,13.237209025138675,0.0,0.0,0.0,265.05674910720546,0.0,0.0,0.0,0.0,0.0,0.0,917.1007875753977,0.0,0.0,11.396559304643985,11.396559304643985,-294.7421137662455,-1000.0,0.0,0.0,0.0,0.0,0.0,0.0,0.0,1000.0,716.1752816520845,722.0735732321665,0.03798853101545774,0.0,0.0,0.0,50.16928213894349,664.7051197232523,0.0,-275.3827314869037,0.0,0.0,0.0,0.0,0.0,0.0,0.0,0.0,0.0,0.0,0.0,0.0,0.0,0.0,0.03798853101545774,0.0,0.0,0.0,0.0,0.0,0.0,0.0,0.0,0.0,0.0,158.13225017948014,0.0,0.0,-85.62002684123843,-2.849139826160996,-1.8994265507739967,0.0,0.0,921.875,921.875,-921.875,0.0,0.0,0.0,0.0,0.0,0.0,0.0,227.57323990901506,98.08853556723778,0.0,0.0,238.23568322476646,0.0,0.0,0.0,412.6649852209538,0.0,0.0,0.03798853101545774,0.0,0.03798853101545774,0.0,0.0,0.0,22.79311860928797,46.34600783888554,46.34600783888554,0.0,0.0,0.0,0.0,0.0,0.0,0.0,0.0,0.0,716.1752816520845,0.0,0.0,837.9994674414007,0.0,0.0,0.0,0.0,0.0,0.0,0.0,0.0,0.0,0.0,0.0,0.0,0.0,0.0,263.68555352090266,0.0,0.0,0.0,0.056982796523219914,0.0,0.0,0.0,-13.237209025138675,0.0,0.0,0.0,0.0,0.0,-313.2129512334632,1.8994265507739971,0.0,0.0,0.0,0.0,0.0,593.0025300249456,0.0,0.0,0.0,0.0,0.0,0.0,0.0,0.0,227.57323990901506,0.0,0.0,64.16149994928162,88.40229379690402,0.0,57.40229379690401,664.3013367797864,0.0,230.8828259746688,0.0,-230.8828259746688,179.51788134193865,-973.8337845006437,0.0,1.8994265507739971,1000.0,0.0,0.0,0.0,-82.5487932325314,0.0,0.0,0.0,0.0,0.0,0.0,0.0,0.0,0.0,0.0,0.0,46.34600783888554,0.0,0.0,0.0,0.0,0.0,0.0,0.0,0.0,0.0,521.4751849284559,0.0,0.0,321.76037071194617,-50.16928213894349,0.0,0.0,11.396559304643985,0.0,0.0,0.0,0.0,-75.29518107927055,0.0,0.0,0.041787384117065514,0.0,0.0,0.0,23.17300391944277,0.0,0.0,0.0,0.0,-25.96393787331333,0.0,0.0,0.0,0.0,0.0,0.0,0.0,0.0,-816.8269740142285,0.0,0.0037988531015481033,0.0037988531015481033,0.0,0.0,0.0,0.0,0.0,0.0,0.0,0.0,0.0,0.0,0.0,0.0,0.0,0.0,0.0,313.2129512334632,0.0,0.0,0.0,0.0,0.0,0.0,0.0,0.0,0.0,0.0,0.0,0.0,-408.9538110288371,0.0,112.41135921590785,0.0,0.0,0.0,22.793118609287973,0.0,0.0,0.0,0.0,0.0,244.17163454983333,-266.9647531591213,0.0,0.0,0.0,0.0,0.0,0.0,0.0,0.0,0.0,0.0,0.0,0.0,-722.0735732321665,-1000.0,864.0216111870045,0.0,-13.237209025138675,0.0,85.46807271717694,0.0,0.0,0.0,0.0,0.0,0.0,0.0,0.0,0.0,54.68750000000001,0.0,-54.68750000000001,-54.68750000000001,0.0,0.0,0.0,0.0,-4.748566376934993,227.57323990901506,-2.849139826160996,835.1503276152398,0.0,0.0,0.0,0.0,0.0,-0.47485663769349945,0.0,262.06667457447014,0.0,0.0,0.0,0.0,0.0,0.0,0.0,1000.0,11.396559304643985,11.396559304643985,0.0,0.0,0.0,0.0,0.0,0.041787384117065514,313.2129512334632,0.0,0.0,-85.46807271717694,0.0,0.0,0.0,0.0,0.0,0.0,0.0,0.0,0.0,0.0,0.0,0.0,0.0,0.0,0.0,0.0,0.0,0.0,0.0,39.887957566253945,0.0,0.0,2.925116888191954,0.0,0.0,0.0,313.2129512334632,0.0,-74.65000234596255,0.0,0.0,0.0,-4.748566376934993,0.0,0.0,0.0,0.0,0.0,0.0,0.0,0.0,0.0,0.0,0.0,0.0,0.0,0.0,0.0,0.0,0.0,0.0,-0.03798853101545774,0.0,0.0,1.8994265507739971,351.98070631977293,0.0,0.0,0.0,0.0,227.57323990901506,0.0,0.0,0.0,-834.7286549209679,0.9497132753869986,0.0,0.0,0.0,0.03798853101545774,0.0,37.98853101547994,-11.776444614798784,7.5977062030959885,0.271346650110571,105.98800153318905,-0.028491398261609957,68.53085305152115,0.7597706203095989,-0.18994265507697605,-105.98800153318905,11.396559304643985,-0.03798853101547994,0.13459431448862097,0.0,0.009497132753869986,0.271346650110571,-0.4037829434658629,-6.047774137664732,-0.7597706203095989,92.06554629851075,-0.03798853101547994,0.009497132753869986,-105.98800153318905,3.7988531015479943,0.03798853101547994,0.03798853101545774,-313.13317531833064,0.041787384117028044,-20.4039231047775,-0.028491398261609957,11.396559304643985,0.03798853101547994,13.237209025138675,-17.153615787245286,-0.01899426550773997,24.736945574080476,-39.94915524445105,-0.028491398261609957,-0.03798853101547994,-11.776444614798784,0.03798853101545774,3.7988531015479943,-0.7597706203095989,263.68555352090266,263.68555352090266,-3.7988531015479943,-92.06554629851075,-263.68555352090266,7.5977062030959885,0.056982796523219914,-1000.0,3.7988531015479943,-204.0184334031146,0.0,-7.5977062030959885,0.01899426550773997,0.3798853101547995,84.6841931675385,96.0,-0.03798853101545774,-321.76037071194617,313.13317531833064,11.776444614798784,0.03798853101547994,6.047774137664732,-47.42688693907053,0.0,-0.03798853101545774,-0.009497132753869986,0.0,-0.03798853101547994,-39.20114689845201,0.03798853101559363,-0.009497132753869986,-0.009497132753869986,-0.009497132753869986,15.195412406191977,17.153615787245286,0.3798853101547995,28.14475291609392,-0.009497132753869986,169.23379202058837,1.8994265507739971,21.5,0.03798853101545774,0.01899426550773997,0.01899426550773997,3.7988531015479943,11.776444614798784,0.03798853101545774,-11.776444614798784,0.3798853101547995,0.03798853101547994,-28.14475291609392,0.03798853101547994,0.1519541240614899,0.18994265507697605,0.01899426550773997,0.009497132753869986,11.396559304643985,-0.03798853101547994,20.4039231047775,0.3798853101547994,-56.28950583218784,67.58113977613414,-3.7988531015479943,7.5977062030959885,1.8994265507739971,-0.03798853101547994,0.4037829434658629,0.056982796523219914,-0.03798853101547994,-7.5977062030959885,11.776444614798784,263.0639217756594,0.01899426550773997,-43.0,-0.03798853101547994,-0.03798853101559363,-0.03798853101547994,0.01899426550773997,105.98800153318905,-7.5977062030959885,0.03798853101545774,169.368386335077,-0.009497132753869986,-0.041787384117028044,-169.368386335077,5.698279652321991,39.94915524445105,449.7445126426371,105.98800153318905,-0.028491398261609957,321.76037071194617,-96.0,0.03798853101547994,-0.009497132753869986,340.4033715299611,37.98853101547994,-0.01899426550773997,-0.03798853101547994,0.009497132753869986,438.3152992937321,0.0,248.64927438527974,0.0,-46.0,0.0,489.2933405386655,16.74632842783478,0.0,-32.0,-93.0,-65.0,-751.3317313492125,16.0,23.0,46.5,0.0,-8.37316421391739,-313.2129512334632,-187.76874069638885,751.3317313492125,65.0,-187.76874069638885,-489.2933405386655,266.460687188094,0.0,1496.5981,hclb
338,0.0,0.0,0.0,0.0,0.0,0.0,0.0,0.0,-0.04207241325454465,0.0,0.0,0.0,0.0,0.0,0.0,0.0,91.92664915744712,-490.2485827766304,0.0,0.0,0.0,0.0,0.0,0.0,0.0,89.97269845314754,0.0,0.0,0.0,-1000.0,0.0,0.0,9.644802068520562,0.0,0.0,0.0,0.0,999.8317103469816,0.0,-1000.0,1000.0,0.0,0.0,908.0733508425528,0.0,0.0,932.1434361508435,0.0,0.0,-251.54528372548515,0.0,0.0,0.0,0.04627965458004073,0.0,0.0,0.0,8.41448265090893,0.0,0.0,3.3026130589056493,0.0,778.9364113288879,761.2156536292259,0.0,0.0,0.0,0.0,1000.0,67.29018946986207,0.0,0.42072413254544655,0.0,0.0,0.0,0.0,0.0,0.0,0.0,0.0,0.0,0.0,776.9196676801616,0.0,25.243447952726793,0.0,0.0,-245.1242913883152,754.8757086116848,0.0,-0.010518103313636163,0.0,0.0,522.30258879854,12.621723976363397,0.0,12.621723976363397,-1.3547317067962013,0.0,0.0,1000.0,2.1036206627272325,-1000.0,0.0,0.0,0.0,639.5525733979406,0.0,0.0,0.0,0.0,0.0,0.0,0.0,0.0,0.0,0.0,0.0,0.0,0.0,0.0,0.0,0.0,0.0,-643.647310462281,0.0,0.0,12.621723976363397,0.0,13.042448108908843,0.0,0.0,0.0,0.0,0.0,0.0,-21.02337075856764,676.1936417910017,-676.1936417910017,0.0,0.0,0.0,0.0,0.0,0.0,-773.6800918595618,0.04207241325454465,0.0,0.0,0.0,-1000.0,64.55650512476018,0.0,0.0,327.37155415416726,0.0,347.7033232428336,0.0,0.0,0.0,0.0,0.0,67.89863626241106,67.89863626241106,0.0,0.0,0.0,0.0,0.0,0.0,0.0,67.94070867566563,0.0,0.0,0.0,-419.75833227177515,0.0,0.0,0.0,0.0,0.0,0.0,0.0,0.0,0.0,0.0,-340.2246050218545,0.0,0.0,0.0,0.0,-837.6020835188192,0.0,0.0,0.0,0.0,0.0,251.54528372548515,0.0,245.1242913883152,-245.1242913883152,0.0,0.0,0.0,0.0,0.0,0.0,0.0,0.0,-652.7826128304279,0.0,0.0,0.0,0.0,0.0,0.0,0.0,0.0,0.0,0.0,0.0,0.0,0.0,158.0947787888323,318.15744752218313,908.0733508425528,0.0,0.0,0.0,21.02337075856764,80.750686261291,0.0,0.0,0.0,0.0,3.3026130589056493,0.0,0.0,0.0,0.0,0.0,0.0,0.0,0.0,0.0,0.0,0.0,0.0,0.0,91.8635405375653,601.6149577609349,0.0,0.0,-908.0733508425528,0.0,0.0,21.02337075856764,-127.71207752460381,0.0,0.0,0.0,114.52465356071616,0.0,0.0,-508.60678650557765,0.0,0.0,-508.6067865055776,0.0,0.0,1000.0,0.0,0.0,251.54528372548515,0.0,36.631346718888594,0.0,0.0,0.0,985.7628638701324,0.0,-985.7628638701324,0.0,1000.0,0.0,21.02337075856764,-454.7819419697362,0.0,0.0,0.0,3.3026130589056493,-0.06310861988181697,0.0,0.0,0.0,0.0,0.04207241325454465,0.0,0.0,0.0,744.2296732811649,91.92664915744712,0.0,-665.2311815212315,460.6054011113178,0.0,1000.0,0.0,-61.57611077874947,0.0,0.0,0.0,0.0,0.0,190.80938176801712,-1000.0,870.7667290107323,-159.89448821644515,-1000.0,0.0,0.0,0.0,0.0,0.0,0.0,0.0,0.0,0.0,0.0,0.0,0.0,0.0,0.0,0.0,0.0,0.0,0.0,0.0,-1000.0,0.0,0.0,0.0,0.0,0.0,0.0,773.6800918595618,0.0,223.0803323198383,0.0,0.0,0.0,0.0,0.0,-2.1036206627272325,0.0,0.0,-1000.0,-567.3516475242286,-419.2227173239967,-702.6263326832135,0.0,0.0,968.9305690206021,-1.0518103313636162,565.2480268615013,-173.63258972751942,0.0,0.0,0.0,997.8963793372727,12.621723976363397,0.0,0.0,0.0,0.0,0.0,0.0,0.0,-158.0947787888323,158.0947787888323,158.0947787888323,84.58551734909108,0.0,0.0,0.0,0.0,0.0,0.0,0.0,0.0,-14.418144640756395,0.0,0.0,12.621723976363397,0.0,0.0,0.0,0.0,9.644802068520562,0.08414482650914579,0.0,0.0,0.0,0.0,0.0,0.0,0.0,0.0,0.0,576.0734987096811,0.0,0.0,0.0,0.0,0.0,0.0,0.0,0.0,0.0,0.04627965458004073,0.04627965458004073,0.0,245.68029613792336,0.0,25.243447952726793,0.0,0.0,0.0,1000.0,0.0,0.0,0.0,0.0,0.0,355.6608358536489,-1000.0,0.0,0.0,0.0,0.0,0.0,12.621723976363397,0.0,0.0,0.0,0.0,0.0,0.0,0.0,214.549103487427,-744.2296732811649,295.8909214772991,0.0,3.2395758205999243,0.0,-477.69741120146,1000.0,919.249313738709,0.0,355.6608358536489,0.0,0.0,365.30563792216947,408.3221252176523,-408.3221252176523,158.0947787888323,0.0,0.0,0.0,0.0,0.0,0.0,0.0,0.0,0.0,0.0,0.0,0.0,0.0,25.243447952726793,21.02337075856764,21.02337075856764,0.0,0.0,0.0,0.0,0.0,0.0,0.0,0.0,0.0,0.0,0.42072413254544655,0.0,0.0,0.0,0.0,0.0,0.0,0.0,0.0,12.621723976363397,0.0,0.0,0.0,0.0,0.0,0.0,0.0,0.0,0.0,0.0,102.89921676779797,0.0,0.0,12.621723976363397,12.621723976363397,1000.0,-1000.0,0.0,12.621723976363397,0.0,0.0,0.0,0.0,0.0,862.4534646695492,0.0,1000.0,0.04207241325454465,0.0,0.0,0.0,55.56263204737687,0.0,0.0,-522.30258879854,0.0,0.0,0.0,0.0,0.0,0.0,0.0,0.0,0.0,0.0,0.0,0.0,0.0,0.0,0.04207241325454465,0.0,0.0,0.0,0.0,0.0,0.0,0.0,0.0,0.0,0.0,996.7604241794002,-327.37155415416726,0.0,-1000.0,-3.155430994090849,-2.1036206627272804,0.0,0.0,-671.875,-671.875,671.875,0.0,0.0,0.0,0.0,0.0,0.0,0.0,21.02337075856764,0.0,0.0,0.0,1000.0,0.0,0.0,0.0,-0.04207241325454465,0.0,0.0,0.04207241325454465,0.0,0.04207241325454465,0.0,491.216690760181,0.0,25.243447952726793,51.32834417054448,51.32834417054448,0.0,0.0,0.0,0.0,0.0,0.0,223.0803323198383,295.8909214772991,0.0,0.0,0.0,0.0,0.0,194.43181654923345,0.0,0.0,0.0,0.0,0.0,0.0,0.0,0.0,0.0,0.0,0.0,0.0,0.0,80.750686261291,0.0,0.0,0.0,0.06310861988181697,0.0,0.0,0.0,-12.621723976363397,0.0,0.0,0.0,0.0,0.0,-245.68029613792336,2.1036206627272325,0.0,0.0,0.0,0.0,0.0,-3.4583523695234337,0.0,0.0,0.0,0.0,0.0,0.0,0.0,0.0,21.02337075856764,0.0,0.0,55.793625241437994,87.58551734909108,0.0,352.47643882639017,0.0,0.0,770.2217394900383,223.0803323198383,-993.3020718098767,327.37155415416726,-179.0404216951483,0.0,2.1036206627272804,836.4813586448863,0.0,0.0,0.0,-14.418144640756395,0.0,0.0,0.0,0.0,0.0,0.0,0.0,0.0,0.0,589.0603321538687,-255.14658912019593,51.32834417054448,0.0,-925.275650947138,-925.275650947138,925.275650947138,0.0,0.0,0.0,0.0,0.0,0.0,0.0,0.0,0.0,-631.6361307570579,0.0,0.0,12.621723976363397,0.0,0.0,0.0,0.0,79.46578165921757,0.0,0.0,0.04627965458004073,0.0,0.0,0.0,25.66417208527224,0.0,0.0,0.0,0.0,318.15744752218313,0.0,639.5525733979406,0.0,0.0,0.0,0.0,0.0,0.0,0.0,0.0,0.004207241325454465,0.004207241325454465,0.0,0.0,0.0,0.0,0.0,0.0,0.0,0.0,0.0,0.0,0.0,0.0,0.0,0.0,0.0,245.68029613792336,0.0,0.0,0.0,0.0,0.0,0.0,0.0,251.54528372548515,0.0,0.0,0.0,0.0,0.0,183.85329831489423,-490.2485827766304,0.0,0.0,0.0,25.243447952726793,0.0,0.0,0.0,0.0,0.0,0.0,-25.243447952726793,0.0,0.0,0.0,0.0,0.0,0.0,0.0,0.0,0.0,0.0,0.0,0.0,-1000.0,-297.44102354689585,223.25141962859652,0.0,-12.621723976363397,0.0,999.8317103469816,0.0,0.0,0.0,0.0,0.0,0.0,0.0,0.0,0.0,976.5625,0.0,-976.5625,-976.5625,0.0,0.0,0.0,0.0,-5.259051656818082,21.02337075856764,-3.155430994090849,446.42297467533854,0.0,0.0,0.0,0.0,0.0,0.0,-0.5259051656818082,341.78969879492365,0.0,0.0,0.0,0.0,0.0,0.0,0.0,1000.0,12.621723976363397,12.621723976363397,0.0,0.0,0.0,0.0,0.0,0.04627965458004073,245.68029613792336,0.0,0.0,-999.8317103469816,0.0,0.0,0.0,0.0,0.0,0.0,0.0,0.0,0.0,0.0,0.0,0.0,0.0,0.0,200.62199615351673,0.0,0.0,0.0,0.0,44.17603391727189,0.0,0.0,226.31990814043823,0.0,0.0,0.0,245.68029613792336,0.0,0.0,0.0,0.0,0.0,-5.259051656818082,0.0,0.0,0.0,0.0,0.0,0.0,0.0,0.0,0.0,0.0,0.0,0.0,0.0,0.0,0.0,0.0,0.0,0.0,-0.04207241325454465,0.0,0.0,2.1036206627272325,-355.6608358536489,0.0,0.0,0.0,0.0,21.02337075856764,0.0,0.0,0.0,-190.80938176801712,1.0518103313636162,0.0,0.0,89.97269845314754,0.04207241325454465,0.0,42.07241325454465,-13.042448108908843,8.41448265090893,0.3005172375324618,117.38203298017959,-0.031554309940908486,2.1036206627272325,0.841448265090893,-0.21036206627297815,-117.38203298017959,12.621723976363395,-0.04207241325454465,0.0,12.621723976363397,0.010518103313636163,0.3005172375324618,0.0,-6.697928190123321,-0.8414482650908894,398.3219336191833,-0.04207241325454465,0.010518103313636163,-117.38203298017959,4.207241325454465,0.04207241325454465,0.04207241325454465,-245.59194407008877,0.046279654579999115,0.0,-0.031554309940908486,12.621723976363397,0.04207241325454464,12.621723976363397,-21.03620662727233,-0.021036206627272326,-347.7033232428336,-85.0,-0.031554309940908486,-0.04207241325454465,-13.042448108908843,0.04207241325454465,4.207241325454465,-0.841448265090893,80.750686261291,80.750686261291,-4.207241325454465,-398.3219336191833,-80.750686261291,8.41448265090893,0.06310861988181697,-809.2688270165795,4.207241325454465,-214.549103487427,12.621723976363397,-8.41448265090893,0.021036206627272326,0.42072413254544655,166.30779538030788,96.0,-0.04207241325454465,-255.14658912019593,245.59194407008877,13.042448108908843,0.04207241325454465,6.697928190123321,-37.865171929090195,12.621723976363397,-0.04207241325454465,-0.010518103313636163,-12.621723976363397,-0.04207241325454465,-629.90777132942,0.04207241325448781,-0.010518103313636163,-0.010518103313636163,-0.010518103313636163,16.82896530181786,21.03620662727233,0.42072413254544655,31.170399169960234,-0.010518103313636163,332.61559076061576,2.1036206627272325,-2.7187803715330485,0.04207241325454465,0.021036206627272326,0.021036206627272326,0.006417934352343835,13.042448108908843,0.04207241325454465,-13.042448108908843,0.42072413254544655,0.04207241325454465,-31.170399169960234,0.04207241325454465,0.16828965301841575,0.21036206627297815,0.021036206627272326,0.010518103313636163,12.621723976363397,-0.04207241325454465,0.0,0.4207241325454447,-62.34079833992047,1.0518103313636167,-4.207241325454465,8.41448265090893,2.1036206627272325,-0.04207241325454465,0.0,0.06310861988181697,-0.04207241325454465,-0.01283586870468767,13.042448108908843,15.873290102992788,0.021036206627272326,5.437560743066097,-0.04207241325454464,-0.04207241325448781,-0.04207241325454465,0.021036206627272326,117.38203298017959,-8.41448265090893,0.04207241325454465,332.61559076061576,-0.010518103313636163,-0.046279654579999115,-332.61559076061576,6.310861988181697,85.0,371.5399200529695,117.38203298017959,-0.031554309940908486,255.14658912019593,-96.0,0.04207241325454465,-0.010518103313636167,2.1036206627272804,42.07241325454465,-0.021036206627272326,-0.04207241325454465,0.010518103313636163,677.3649991297766,0.0,-190.75220919004778,0.0,-46.0,0.0,11.398979934637168,-10.574602401446036,0.0,-32.0,-93.0,-65.0,-1000.0,16.0,23.0,46.5,0.0,5.287301200723018,-245.68029613792336,-95.33907176221035,1000.0,65.0,-95.33907176221035,-11.398979934637168,22.52845526913645,0.0,1496.5981,hclb
339,0.0,0.0,0.0,0.0,0.0,0.0,0.0,0.0,524.8850616611967,0.0,0.0,0.0,0.0,0.0,0.0,0.0,-223.72066284955216,-283.33918198347055,0.0,1000.0,0.0,0.0,0.0,0.0,0.0,0.0,0.0,0.0,0.0,119.06188372934332,0.0,0.0,249.89048271711627,0.0,0.0,0.0,0.0,0.0,0.0,-1000.0,1000.0,0.0,0.0,0.0,0.0,0.0,149.94547877888414,22.69654055415419,0.0,0.0,0.0,882.3470781019807,0.0,0.043342898607942805,0.0,0.0,0.0,30.57706757378325,0.0,0.0,24.757564835420094,0.0,59.925305863770475,0.0,1000.0,0.0,0.0,0.0,125.02200022084897,33.001245916281945,0.0,0.394026350981453,0.0,0.0,0.0,0.0,0.0,0.0,0.0,0.0,0.0,0.0,0.0,0.0,23.64158105888718,0.0,0.0,1000.0,327.3783005060375,244.82011274341005,0.0,0.0,0.0,0.0,11.82079052944359,0.0,11.82079052944359,-1.2687648501605264,0.0,0.0,0.0,23.595574514952585,-456.5868130270911,0.0,0.0,-23.06297941817216,0.0,1000.0,0.0,0.0,0.0,0.0,0.0,0.0,0.0,0.0,0.0,0.0,0.0,0.0,0.0,0.0,0.0,0.0,-621.1509391252023,0.0,0.0,11.82079052944359,0.0,12.214816880425042,0.0,0.0,746.0937500000002,-746.0937500000002,0.0,0.0,-390.62455252202705,0.0,0.0,305.9416818228365,0.0,0.0,0.0,0.0,0.0,3.0340029025572006,0.0394026350981453,0.009850658774536326,0.0,0.0,229.01735305343357,-1000.0,0.0,0.0,0.0,0.0,255.057752523123,0.0,0.0,0.0,0.0,0.0,-149.906076143786,-149.906076143786,0.0,0.0,0.0,46.87500000000001,0.0,0.0,0.0,-149.86667350868785,0.0,0.0,0.0,3.771419223170682,0.0,0.0,0.0,0.0,0.0,0.0,0.0,0.0,0.0,0.0,-33.85957354309172,0.0,0.0,0.0,0.0,-1000.0,0.0,0.0,0.0,0.0,0.0,0.0,-882.3470781019807,-572.1984132494475,572.1984132494475,84.68287069919057,0.0,0.0,0.0,0.0,0.0,0.0,575.6486967564344,-176.82320946033076,0.0,0.0,0.0,0.0,0.0,0.0,0.0,0.0,0.0,0.0,0.0,0.0,0.0,383.78438370791037,743.7437009858246,987.0058572221895,0.0,0.0,0.0,0.0,81.02033385508733,0.0,0.0,0.0,0.0,24.757564835420094,987.0058572221895,0.0,0.0,0.0,0.0,0.0,0.0,0.0,0.0,0.0,0.0,0.0,0.0,-561.02627080136,338.55044295412495,-454.54549135142827,0.0,-987.0058572221895,0.0,0.0,84.68287069919057,0.0,0.0,0.0,0.0,-320.0231008519221,0.0,0.0,-1000.0,0.0,0.0,-1000.0,0.0,0.0,-244.82011274341005,0.0,26.809482869062663,0.0,0.0,-55.76985263045265,0.0,0.0,0.0,-208.6950675133371,0.0,208.6950675133371,0.0,0.0,0.0,0.0,208.6412760467324,46.87500000000001,0.0,0.0,24.757564835420094,-0.05910395264721795,0.0,0.0,0.0,0.0,0.0394026350981453,0.0,0.0,0.0,822.4760049162785,-223.72066284955216,0.0,-582.0223362236181,717.5403822997959,0.0,939.7013175490727,0.0,-1000.0,0.0,-23.06297941817216,0.0,0.0,0.0,413.4100148304973,-248.69714387972488,835.2871290492276,0.0,-883.350880241942,0.0,0.0,0.0,0.0,0.0,0.0,0.0,0.0,0.0,0.0,0.0,0.0,0.0,0.0,0.0,0.0,0.0,0.0,0.0,-0.1576105403926249,0.0,0.0,0.0,0.0,0.0,432.2012703357878,-3.0340029025572006,0.0,0.0,0.0,0.0,21.62544276004532,0.0,0.0,0.0,-785.42291359201,123.67514365887591,62.76586940577073,-1.970131754907265,-305.1453589213278,-1000.0,0.0,-12.782853134929924,0.0,784.4378477145564,0.0,0.0,0.0,1000.0,1000.0,-461.3055113186103,11.82079052944359,0.0,0.0,0.0,0.0,0.0,524.9244642962948,0.0,-383.78438370791037,383.78438370791037,383.78438370791037,-134.6418079724143,0.0,0.0,0.0,0.0,0.0,575.6486967564344,0.0,0.0,-35.16774102835038,0.0,0.0,72.11947298037094,0.0,0.0,0.0,0.0,-39.05973649018547,0.07880527019631245,0.0,0.0,0.0,0.0,0.0,0.0,0.0,0.0,0.0,158.0232461371309,0.0,0.0,0.0,0.0,0.0,0.0,0.0,0.0,0.0,0.043342898607942805,0.043342898607942805,0.0,332.6270389749248,0.0,23.64158105888718,0.0,0.0,0.0,-1000.0,0.0,0.0,0.0,0.0,0.0,137.455063943949,1000.0,0.0,0.0,0.0,0.0,0.0,72.11947298037094,0.0,0.0,0.0,0.0,0.0,0.0,0.0,207.05031304173409,-822.4760049162785,770.9826469465664,0.0,3.0340029025572006,0.0,-791.5946159146172,791.5946159146172,625.8914113603391,0.0,137.455063943949,0.0,98.39532745376353,0.0,-349.9745385803681,349.9745385803681,383.78438370791037,0.0,0.0,0.0,0.0,0.0,0.0,0.0,0.0,0.0,0.0,0.0,0.0,0.0,23.64158105888718,84.68287069919057,84.68287069919057,0.0,0.0,0.0,0.0,0.0,0.0,0.0,0.0,0.0,0.0,0.394026350981453,0.0,0.0,0.0,0.0,0.0,-882.3470781019807,0.0,0.0,11.82079052944359,0.0,0.0,0.0,0.0,0.0,0.0,0.0,0.0,0.0,0.0,-576.1443466049844,0.0,0.0,11.82079052944359,11.82079052944359,1000.0,1000.0,0.0,72.11947298037094,0.0,0.0,0.0,0.0,0.0,0.0,575.6486967564344,-255.13306296578548,0.0394026350981453,0.0,0.0,0.0,52.03680859497202,242.8242603709574,0.0,0.0,0.0,0.0,0.0,0.0,0.0,0.0,0.0,0.0,0.0,0.0,0.0,0.0,0.0,0.0,0.0394026350981453,0.0,0.0,0.0,0.0,0.0,0.0,0.0,0.0,0.0,-3.0340029025572006,0.0,0.0,0.0,-0.1576105403926249,-2.9551976323608975,-1.970131754907265,0.0,0.0,0.0,0.0,0.0,0.0,0.0,0.0,0.0,0.0,0.0,0.0,84.68287069919057,0.0,0.0,0.0,540.6646204362969,0.0,0.0,0.0,524.8850616611967,0.0,0.0,0.0394026350981453,0.0,0.0394026350981453,0.0,0.0,0.0,23.64158105888718,48.071214819737264,48.071214819737264,0.0,0.0,0.0,0.0,0.0,0.0,0.0,770.9826469465664,0.0,575.6486967564344,0.0,0.0,416.8025817124476,0.0,0.0,0.0,0.0,0.0,0.0,0.0,0.0,0.0,0.0,0.0,0.0,0.0,0.0,165.7032045542779,0.0,0.0,0.0,0.05910395264721795,0.0,0.0,0.0,-11.82079052944359,0.0,0.0,0.0,0.0,0.0,-332.6270389749248,1.970131754907265,0.0,0.0,0.0,-46.87500000000001,0.0,0.0,0.0,0.0,0.0,0.0,0.0,0.0,0.0,0.0,84.68287069919057,0.0,0.0,161.0485425202994,-51.15734473298557,0.0,828.1021199269373,219.76128095278526,0.0,0.0,0.0,0.0,0.0,-48.071214819737264,0.0,1.970131754907265,1000.0,0.0,0.0,0.0,-35.16774102835038,0.0,0.0,0.0,0.0,0.0,0.0,0.0,0.0,0.0,369.4418101503774,-341.4926318720075,48.071214819737264,0.0,0.0,0.0,0.0,0.0,0.0,0.0,0.0,0.0,0.0,0.0,0.0,0.0,-210.06005473210294,507.0323904502445,0.0,11.82079052944359,0.0,0.0,0.0,0.0,44.334869174719984,0.0,0.0,0.043342898607942805,0.0,0.0,0.0,24.035607409868632,0.0,0.0,0.0,0.0,743.7437009858246,0.0,0.0,0.0,0.0,0.0,0.0,0.0,0.0,0.0,0.0,0.003940263509814534,0.003940263509814534,0.0,0.0,0.0,0.0,0.0,0.0,0.0,0.0,0.0,0.0,0.0,0.0,0.0,0.0,0.0,332.6270389749248,0.0,0.0,0.0,0.0,0.0,0.0,0.0,0.0,0.0,0.0,0.0,0.0,530.8228251888505,-833.801746120873,-283.33918198347055,0.0,0.0,0.0,23.64158105888718,0.0,0.0,0.0,0.0,0.0,0.0,-23.64158105888718,0.0,0.0,0.0,0.0,0.0,0.0,0.0,0.0,0.0,0.0,0.0,0.0,0.0,-456.5868130270911,443.7933867546771,0.0,-11.82079052944359,0.0,0.0,0.0,0.0,0.0,0.0,0.0,0.0,0.0,0.0,0.0,0.0,0.0,0.0,0.0,0.0,0.0,0.0,0.0,-4.925329387268162,84.68287069919057,-24.580640392406217,755.3400159520942,0.0,0.0,0.0,0.0,0.0,-0.49253293872681625,0.0,35.16774102835038,0.0,0.0,0.0,0.0,0.0,0.0,0.0,628.2178172761566,11.82079052944359,11.82079052944359,0.0,0.0,0.0,0.0,0.0,0.043342898607942805,332.6270389749248,0.0,0.0,0.0,0.0,0.0,0.0,0.0,0.0,0.0,0.0,0.0,0.0,0.0,0.0,0.0,0.0,0.0,0.0,0.0,0.0,0.0,0.0,41.37276685305257,0.0,0.0,3.0340029025572006,0.0,0.0,0.0,332.6270389749248,0.0,-3.2388966050677914,0.0,0.0,0.0,-4.925329387268162,0.0,0.0,0.0,0.0,0.0,0.0,0.0,0.0,0.0,0.0,0.0,0.0,0.0,0.0,0.0,0.0,0.0,0.0,-0.0394026350981453,0.0,0.0,1.970131754907265,-137.455063943949,0.0,0.0,0.0,0.0,84.68287069919057,0.0,0.0,0.0,-413.4100148304973,0.985065877453632,0.0,0.0,0.0,0.0394026350981453,0.0,39.402635098145296,-12.214816880425042,7.88052701962906,0.2814473935581807,109.93335192382538,-0.029551976323608974,12.782853134929924,0.788052701962906,-0.1970131754907702,-109.93335192382538,11.82079052944359,-0.0394026350981453,7.687659806057386,72.11947298037094,0.009850658774536326,0.2814473935581807,-23.06297941817216,-6.272899507624992,-0.788052701962906,-492.9401551669773,-0.039402635098145296,0.009850658774536326,-109.93335192382538,3.94026350981453,0.0394026350981453,0.0394026350981453,-332.5442934412187,0.04334289860795984,0.0,-0.029551976323608974,11.82079052944359,0.0394026350981453,11.82079052944359,-19.701317549072648,-0.01970131754907265,-208.9317936867787,-85.0,-0.029551976323608974,-0.0394026350981453,-12.214816880425042,0.0394026350981453,3.94026350981453,-0.788052701962906,165.7032045542779,165.7032045542779,-3.94026350981453,492.9401551669773,-165.7032045542779,7.88052701962906,0.05910395264721795,685.3672409382992,3.94026350981453,-207.05031304173409,72.11947298037094,-7.88052701962906,0.01970131754907265,0.394026350981453,145.50558405590454,-43.27681771335651,-0.0394026350981453,-341.4926318720075,332.5442934412187,12.214816880425042,0.0394026350981453,6.272899507624992,24.836310862596576,72.11947298037094,-0.0394026350981453,-0.009850658774536326,-72.11947298037094,-0.0394026350981453,-39.05973649018547,0.03940263509825899,-0.009850658774536326,-0.009850658774536326,-0.009850658774536326,15.76105403925812,19.701317549072648,0.394026350981453,320.22573564962295,-0.009850658774536326,283.32350830575166,1.970131754907265,21.5,0.0394026350981453,0.01970131754907265,0.01970131754907265,40.0,12.214816880425042,0.0394026350981453,-12.214816880425042,0.394026350981453,0.0394026350981453,-902.2923523921937,0.0394026350981453,0.1576105403926249,0.1970131754907702,0.01970131754907265,0.009850658774536326,11.82079052944359,-0.0394026350981453,0.0,0.394026350981453,-640.4514712992459,11.797787257476292,-3.94026350981453,7.88052701962906,1.970131754907265,-0.0394026350981453,23.06297941817216,0.05910395264721795,-0.0394026350981453,-80.0,12.214816880425042,366.0612986965506,0.01970131754907265,-43.0,-0.0394026350981453,-0.03940263509825899,-0.0394026350981453,0.01970131754907265,109.93335192382538,-7.88052701962906,0.0394026350981453,291.01116811180907,-0.009850658774536326,-0.04334289860795984,-291.01116811180907,5.910395264721794,85.0,-677.7720801354383,109.93335192382538,-0.029551976323608974,341.4926318720075,43.27681771335651,0.039402635098145296,-0.009850658774536326,1.970131754907265,39.402635098145296,-0.01970131754907265,-0.0394026350981453,0.009850658774536326,939.213890647668,0.0,-685.3869422558483,582.0666167425708,-46.0,0.0,240.49524497491734,-31.0,0.0,-32.0,-93.0,-65.0,0.0,16.0,23.0,46.5,0.0,15.5,-332.6270389749248,-410.39616787127056,0.0,65.0,-410.39616787127056,-240.49524497491734,105.85933530125311,0.0,1496.5981,hclb
340,0.0,0.0,0.0,0.0,0.0,0.0,0.0,0.0,-0.041052855076010565,0.0,0.0,0.0,0.0,0.0,0.0,0.0,-935.151015485479,883.4655944352648,0.0,-124.62681478357331,0.0,0.0,0.0,0.0,0.0,0.0,0.0,0.0,0.0,-794.8650679781758,0.0,0.0,515.8445534017137,0.0,0.0,0.0,0.0,885.5326254294217,0.0,-1000.0,1000.0,0.0,0.0,0.0,0.0,0.0,0.0,0.0,441.69542463048094,0.0,0.0,-1000.0,0.0,0.04515814058356682,0.0,0.0,0.0,0.0,0.0,0.0,106.2178350180206,0.0,0.0,-223.2818343471225,0.0,0.0,0.0,0.0,298.46296512289047,-298.46296512289047,0.0,0.41052855076010575,0.0,0.0,0.0,0.0,0.0,0.0,0.0,0.0,0.0,0.0,506.7715862220155,0.0,24.631713045606343,0.0,0.0,-1000.0,42.112820515058615,1000.0,-0.010263213769002645,0.0,0.0,0.0,12.315856522803173,0.0,12.31585652280317,0.0,0.0,0.0,506.7715862220155,564.7824560027907,-976.1672772466742,0.0,0.0,0.0,268.97388271425615,0.0,0.0,0.0,0.0,0.0,0.0,0.0,0.0,0.0,0.0,0.0,0.0,0.0,0.0,0.0,0.0,0.0,-1000.0,0.0,0.0,12.31585652280317,0.0,12.726385073563277,12.726385073563277,0.0,-821.9158041998007,821.9158041998007,0.0,0.0,0.0,0.0,0.0,-329.49966936514306,0.0,0.0,0.0,0.0,0.0,-503.61051638116265,0.041052855076010565,0.0,0.0,0.0,0.0,-268.97388271425615,0.0,0.0,0.0,0.0,-179.31423322195755,0.0,0.0,0.0,0.0,0.0,730.4346912453923,730.4346912453923,0.0,0.0,0.0,0.0,-248.76599095781484,0.0,0.0,730.4757441004683,0.0,0.0,0.0,-296.85782962541737,0.0,0.0,0.0,0.0,0.0,0.0,0.0,0.0,0.0,0.0,-495.78398568143206,0.0,0.0,0.0,0.0,-484.2244024481173,0.0,0.0,0.0,0.0,0.0,0.0,1000.0,-317.1433550212106,317.1433550212106,329.49966936514306,0.0,0.0,0.0,0.0,0.0,0.0,181.30220926849842,-948.3421778997035,0.0,0.0,0.0,0.0,0.0,0.0,0.0,0.0,0.0,0.0,0.0,0.0,0.0,104.96461593535673,10.379454783720746,288.320658833174,0.0,0.0,0.0,0.0,80.85366163732293,0.0,0.0,0.0,0.0,106.2178350180206,288.320658833174,0.0,0.0,0.0,0.0,0.0,0.0,0.0,0.0,3.3745446872471803,8.210571015202113,0.0,0.0,64.787405231907,424.04358076817596,124.55206960927035,0.0,-288.320658833174,0.0,0.0,329.49966936514306,818.5820746193706,0.0,0.0,0.0,-204.6217713333741,0.0,0.0,-863.6124638574161,0.0,0.0,-863.6124638574163,0.0,0.0,-275.030534506152,0.0,0.0,0.0,0.0,-270.36309519326994,0.0,0.0,0.0,-1000.0,0.0,1000.0,0.0,1000.0,0.0,0.0,0.0,0.0,0.0,0.0,106.2178350180206,-0.06157928261401586,0.0,0.0,0.0,0.0,0.041052855076010565,0.0,0.0,0.0,58.18067023560093,-935.151015485479,0.0,-142.85792010188902,-352.45372104147856,0.0,940.5264275380054,0.0,301.9976159449349,0.0,0.0,0.0,0.0,0.0,-3.5346508220444646,-298.46296512289047,0.0,-1000.0,-1000.0,0.0,0.0,0.0,0.0,0.0,0.0,0.0,0.0,0.0,0.0,0.0,0.0,0.0,0.0,0.0,0.0,0.0,-114.30316315027414,0.0,-1000.0,0.0,0.0,2.0526427538005283,1000.0,875.051604318882,0.0,500.2359716939155,0.0,0.0,0.0,0.0,562.7298132489901,0.0,859.3430265886113,-941.553955323768,0.0,0.0,0.0,-972.0179608952029,-55.27766935984823,0.0,-859.3430265886113,158.13640594547246,1000.0,-1.0263213769002644,969.9653181414023,731.5812150288908,0.0,0.0,0.0,-504.3814852611946,12.31585652280317,0.0,0.0,0.0,0.0,0.0,0.0,0.0,-104.96461593535673,104.96461593535673,104.96461593535673,-432.9915261559983,0.0,0.0,-269.60636160968374,0.0,0.0,181.30220926849842,0.0,0.0,-117.06399932910188,0.0,0.0,71.7894289847979,0.0,0.0,0.0,0.0,-1.9364017390824415,0.0821057101520637,0.0,0.0,0.0,0.0,0.0,0.0,0.0,0.0,0.0,0.0,0.0,0.0,0.0,0.0,0.0,0.0,0.0,0.0,0.0,0.04515814058356682,0.04515814058356682,0.0,192.75404492015463,0.0,24.631713045606343,0.0,0.0,0.0,1000.0,0.0,0.0,0.0,0.0,0.0,-247.88084188695754,-1000.0,0.0,0.0,0.0,0.0,0.0,71.7894289847979,0.0,0.0,0.0,0.0,0.0,0.0,0.0,333.3333333333333,-58.18067023560093,0.0,0.0,423.55802245263243,0.0,-1000.0,1000.0,589.646668997534,0.0,-247.88084188695754,0.0,0.0,-249.81724362604,25.000498376778065,-25.000498376778065,104.96461593535673,0.0,0.0,0.0,0.0,0.0,0.0,0.0,0.0,0.0,0.0,0.0,0.0,0.0,24.631713045606347,329.49966936514306,329.49966936514306,0.0,0.0,0.0,0.0,0.0,0.0,0.0,0.0,0.0,0.0,0.41052855076010575,0.0,0.0,0.0,0.0,0.0,1000.0,0.0,0.0,12.31585652280317,0.0,0.0,0.0,420.39695261177957,0.0,0.0,0.0,0.0,0.0,0.0,830.9800368523258,0.0,0.0,12.315856522803173,12.315856522803173,1000.0,-1000.0,0.0,71.7894289847979,0.0,0.0,0.0,0.0,0.0,976.1672772466742,181.30220926849842,1000.0,0.041052855076010565,0.0,0.0,0.0,3.310619527201138,517.7809551407962,0.0,0.0,0.0,0.0,0.0,0.0,0.0,0.0,0.0,0.0,0.0,0.0,0.0,0.0,0.0,0.0,0.041052855076010565,0.0,0.0,0.0,0.0,0.0,0.0,0.0,0.0,0.0,-497.71138555228396,1000.0,0.0,0.0,-885.6968368497259,-3.078964130700797,-2.0526427538005283,0.0,0.0,0.0,0.0,0.0,0.0,0.0,0.0,0.0,0.0,0.0,0.0,329.49966936514306,0.0,0.0,0.0,-502.3288425073941,0.0,0.0,0.0,-0.041052855076010565,0.0,0.0,0.041052855076010565,0.0,0.041052855076010565,0.0,0.0,0.0,24.631713045606343,50.084483192732904,50.084483192732904,0.0,0.0,0.0,0.0,0.0,0.0,0.0,0.0,0.0,181.30220926849842,0.0,0.0,0.0,0.0,0.0,0.0,0.0,0.0,0.0,0.0,0.0,0.0,0.0,0.0,0.0,0.0,0.0,410.353331002466,0.0,0.0,0.0,0.06157928261401586,0.0,0.0,0.0,-12.31585652280317,0.0,0.0,0.0,0.0,0.0,-192.75404492015463,2.0526427538005283,0.0,0.0,0.0,0.0,248.76599095781484,-1000.0,0.0,0.0,0.0,0.0,0.0,0.0,0.0,0.0,329.49966936514306,0.0,0.0,0.0,87.7894289847979,0.0,56.78942898479789,517.7809551407962,0.0,-2.0526427538005283,0.0,2.0526427538005283,0.0,768.4975914266377,0.0,2.0526427538005283,394.59425070267037,0.0,0.0,0.0,-117.06399932910188,0.0,0.0,0.0,0.0,0.0,0.0,0.0,0.0,0.0,691.6169947322876,-201.9909373122572,50.084483192732904,0.0,0.0,0.0,0.0,0.0,0.0,0.0,0.0,0.0,3.3745446872471803,0.0,0.0,0.0,-3.310619527201138,-764.0331042505463,0.0,12.31585652280317,0.0,0.0,0.0,0.0,-236.87145468771354,0.0,0.0,0.04515814058356682,0.0,0.0,0.0,25.04224159636645,0.0,0.0,0.0,0.0,10.379454783720746,0.0,268.97388271425615,0.0,0.0,0.0,0.0,0.0,0.0,0.0,0.0,0.004105285507601142,0.004105285507601142,0.0,0.0,0.0,0.0,0.0,0.0,0.0,0.0,0.0,0.0,0.0,0.0,0.0,0.0,0.0,192.75404492015463,0.0,0.0,0.0,0.0,0.0,0.0,0.0,0.0,0.0,0.0,0.0,0.0,-553.2334211240504,0.0,883.4655944352648,0.0,0.0,0.0,24.631713045606343,0.0,0.0,0.0,0.0,0.0,0.0,-24.631713045606343,0.0,0.0,0.0,0.0,0.0,0.0,0.0,0.0,0.0,0.0,0.0,0.0,-1000.0,-1000.0,28.121205727067245,-12.31585652280317,0.0,0.0,885.5326254294217,0.0,0.0,0.0,0.0,0.0,0.0,0.0,0.0,0.0,0.0,0.0,0.0,0.0,0.0,0.0,0.0,0.0,-5.131606884501366,329.49966936514306,-565.8087773796909,198.9119731815562,0.0,0.0,0.0,0.0,0.0,-0.5131606884501322,0.0,117.06399932910188,0.0,0.0,0.0,0.0,0.0,0.0,0.0,1000.0,12.315856522803173,12.315856522803173,0.0,0.0,0.0,0.0,0.0,0.04515814058356682,192.75404492015463,0.0,0.0,-885.5326254294217,0.0,0.0,0.0,0.0,0.0,0.0,0.0,0.0,0.0,0.0,0.0,0.0,0.0,0.0,0.0,0.0,0.0,12.726385073563277,0.0,43.10549782981111,3.1610698408528606,0.0,0.0,0.0,0.0,0.0,192.75404492015463,0.0,1000.0,0.0,0.0,0.0,-5.131606884501366,0.0,0.0,0.0,0.0,0.0,0.0,0.0,0.0,0.0,0.0,0.0,0.0,0.0,0.0,0.0,0.0,0.0,0.0,-0.041052855076010565,0.0,0.0,2.0526427538005283,247.88084188695754,0.0,0.0,0.0,0.0,329.49966936514306,0.0,0.0,0.0,3.5346508220444646,1.0263213769002644,0.0,0.0,0.0,0.041052855076010565,0.0,41.05285507601057,0.0,8.210571015202115,0.2932346791143612,139.99023580919604,-0.03078964130700793,783.4175493782956,0.8210571015202114,-0.20526427538015923,-139.99023580919604,12.315856522803173,-0.041052855076010565,0.0,71.7894289847979,0.010263213769002645,0.2932346791143612,0.0,-6.5356145281,-0.8210571015202114,176.31223583378744,-0.041052855076010565,0.010263213769002645,-139.99023580919604,4.105285507601057,0.041052855076010565,0.041052855076010565,-192.66783392449506,0.04515814058361171,0.0,-0.03078964130700793,12.315856522803173,0.041052855076010565,12.31585652280317,-20.526427538005287,-0.02052642753800529,179.31423322195755,-85.0,-0.03078964130700793,-0.041052855076010565,0.0,0.041052855076010565,4.105285507601057,-0.8210571015202114,410.353331002466,410.353331002466,-4.105285507601057,-176.31223583378744,-410.353331002466,8.210571015202113,0.06157928261401586,-1000.0,4.105285507601057,-333.3333333333333,71.7894289847979,-8.210571015202113,0.02052642753800529,0.41052855076010575,35.714480025472255,96.0,-0.041052855076010565,-201.9909373122572,192.66783392449506,12.726385073563277,0.041052855076010565,6.5356145281,22.526002893585087,71.7894289847979,-0.041052855076010565,-0.010263213769002645,-71.7894289847979,-0.041052855076010565,-270.9102844533386,0.041052855076181095,-0.010263213769002645,-0.010263213769002645,-0.010263213769002645,16.421142030404226,20.526427538005287,0.41052855076010575,30.415034004437928,-0.010263213769002645,71.42896005094451,2.0526427538005287,3.020843623341749,0.041052855076010565,0.02052642753800529,0.020526427538005283,40.0,0.0,0.041052855076010565,0.0,0.41052855076010575,0.041052855076010565,-30.415034004437928,0.041052855076010565,0.1642114203041274,0.20526427538015923,0.02052642753800529,0.010263213769002645,12.315856522803173,-0.041052855076010565,0.0,0.4105285507601057,-60.830068008875855,782.3912280013953,-4.105285507601057,8.210571015202113,2.0526427538005287,-0.041052855076010565,0.0,0.06157928261401586,-0.041052855076010565,-80.0,0.0,375.5042893193563,0.020526427538005283,-6.0416872466834945,-0.041052855076010565,-0.041052855076181095,-0.041052855076010565,0.020526427538005283,139.99023580919604,-8.210571015202113,0.041052855076010565,71.42896005094451,-0.010263213769002645,-0.04515814058361171,-71.42896005094451,6.157928261401586,85.0,555.0982553910005,139.99023580919604,-0.03078964130700793,201.9909373122572,-96.0,0.041052855076010565,-0.010263213769002643,2.0526427538005283,41.05285507601057,-0.02052642753800529,-0.041052855076010565,0.010263213769002645,52.570121387142535,0.0,275.01000807861396,0.0,-46.0,0.0,454.04926094674516,1.0291336419027175,0.0,-32.0,-93.0,-65.0,-724.969465493848,16.0,23.0,46.5,0.0,-0.5145668209513587,-192.75404492015463,-138.63283463164277,724.969465493848,65.0,-138.63283463164277,-454.04926094674516,213.7089862727795,0.0,1496.5981,hclb
341,0.0,0.0,0.0,0.0,0.0,0.0,0.0,0.0,-0.04250069545771283,0.0,0.0,0.0,0.0,0.0,0.0,0.0,-583.8017985383899,0.0,0.0,418.78448696890285,0.0,0.0,0.0,0.0,0.0,0.0,0.0,0.0,0.0,0.0,0.0,0.0,30.060734630384612,0.0,0.0,0.0,0.0,708.3404204009817,0.0,-942.7470445130157,1000.0,0.0,0.0,0.0,0.0,0.0,0.0,0.0,911.2623391545728,0.0,0.0,909.322683386657,0.0,0.04675076500341757,0.0,0.0,0.0,8.500139091542566,0.0,0.0,63.15662361202692,0.0,0.0,-162.34943360691875,0.0,0.0,0.0,0.0,0.0,0.0,0.0,0.4250069545771284,0.0,0.0,0.0,0.0,0.0,0.0,0.0,0.0,0.0,0.0,0.0,0.0,25.5004172746277,0.0,0.0,790.7651604137416,-207.2951838183426,583.8655495815765,-0.010625173864428208,0.0,0.0,192.94367892404526,12.75020863731385,0.0,12.75020863731385,0.0,745.4719730930699,0.0,0.0,259.3471222171137,0.0,0.0,0.0,0.0,0.0,0.0,0.0,0.0,0.0,0.0,0.0,0.0,0.0,0.0,0.0,0.0,0.0,0.0,0.0,0.0,0.0,0.0,-920.6436413979295,0.0,0.0,12.75020863731385,0.0,13.17521559189098,0.0,0.0,341.6210444710922,398.7891610578144,-740.4102055289065,740.4102055289065,-225.50605721894567,0.0,0.0,0.0,0.0,0.0,0.0,0.0,0.0,3.2725535502440013,0.04250069545771283,0.0,0.0,0.0,-835.5429179700852,0.0,0.0,0.0,0.0,0.0,181.61163729562395,0.0,0.0,0.0,0.0,0.0,-389.94040916122117,-389.94040916122117,0.0,0.0,0.0,15.625000000000002,0.0,0.0,0.0,-389.89790846576346,0.0,0.0,0.0,-856.8296719230947,-604.2953936847961,0.0,0.0,0.0,0.0,0.0,0.0,0.0,0.0,0.0,0.0,0.0,0.0,0.0,0.0,-1000.0,0.0,0.0,0.0,0.0,0.0,0.0,-909.322683386657,207.2951838183426,-207.2951838183426,225.50605721894567,0.0,0.0,0.0,0.0,0.0,0.0,0.0,-113.26980805367143,0.0,0.0,0.0,0.0,0.0,0.0,0.0,0.0,0.0,0.0,0.0,0.0,0.0,190.38857154956418,845.083999362675,581.8621427704741,0.0,0.0,0.0,0.0,80.707429758771,0.0,0.0,0.0,0.0,63.15662361202692,581.8621427704741,0.0,0.0,0.0,0.0,0.0,0.0,0.0,0.0,1.3685223937376918,0.0,0.0,0.0,0.0,-414.5903676366852,1000.0,0.0,-581.8621427704741,0.0,0.0,225.50605721894567,-159.37991648209743,0.0,0.0,0.0,-64.98100428848082,0.0,0.0,-927.6938246096333,0.0,0.0,-927.6938246096333,0.0,0.0,0.0,0.0,-166.6251453944119,0.0,0.0,-187.63654665069788,0.0,0.0,0.0,0.0,0.0,0.0,0.0,-389.9829098566789,0.0,0.0,0.0,15.625,0.0,0.0,63.15662361202692,-0.06375104318656924,0.0,0.0,0.0,0.0,0.04250069545771283,0.0,0.0,0.0,679.6677819912318,-583.8017985383899,0.0,-586.4452745735098,1000.0,604.2953936847961,941.2503477288565,0.0,3.659309878909008,0.0,0.0,0.0,0.0,0.0,-3.659309878909008,1000.0,-1000.0,-19.039278488866103,102.72351694610975,0.0,0.0,0.0,0.0,0.0,0.0,0.0,0.0,0.0,0.0,0.0,0.0,0.0,0.0,0.0,0.0,0.0,-37.04125118257721,0.0,-1000.0,0.0,291.6595795990184,0.0,0.0,0.0,0.0,-4.6410759439816935,0.0,745.4719730930699,0.0,271.99655168140816,257.22208744422807,-1000.0,1000.0,-130.73607849499967,0.0,0.0,-129.54363465453287,-2.1250347728856416,837.9691852581908,-167.19292337340931,-1000.0,0.0,1000.0,-1.0625173864428208,0.0,-354.019031840572,0.0,-478.6375664854047,431.7227060687132,0.0,12.75020863731385,0.0,0.0,0.0,0.0,0.0,0.0,0.0,-190.38857154956418,190.38857154956418,190.38857154956418,84.49986090845744,0.0,0.0,0.0,0.0,0.0,0.0,0.0,0.0,-99.19280999489187,0.0,0.0,71.49986090845744,0.0,0.0,0.0,0.0,-3.20912724472422,0.08500139091554972,0.0,0.0,0.0,0.0,0.0,0.0,0.0,0.0,0.0,0.0,0.0,0.0,0.0,0.0,0.0,0.0,0.0,0.0,0.0,0.04675076500341757,0.04675076500341757,0.0,277.8884324580216,0.0,25.5004172746277,0.0,0.0,0.0,1000.0,0.0,0.0,0.0,0.0,0.0,417.7551117610532,-1000.0,0.0,0.0,0.0,0.0,0.0,71.49986090845744,0.0,0.0,0.0,0.0,0.0,0.0,0.0,306.8812137993098,-679.6677819912318,835.5429179700852,0.0,363.65970446980623,0.0,-113.26980805367143,306.2134869777167,0.0,0.0,256.5063445819538,0.0,-330.02736625028314,744.5733507666121,772.803491670266,-772.803491670266,190.38857154956418,0.0,0.0,0.0,0.0,0.0,0.0,0.0,0.0,0.0,0.0,0.0,0.0,0.0,25.5004172746277,225.50605721894567,225.50605721894567,0.0,0.0,0.0,0.0,0.0,0.0,0.0,0.0,0.0,0.0,0.4250069545771284,0.0,0.0,0.0,0.0,0.0,-909.322683386657,0.0,0.0,12.75020863731385,0.0,0.0,0.0,360.3871509195622,0.0,0.0,0.0,0.0,0.0,0.0,-155.0448455454107,0.0,0.0,12.75020863731385,12.75020863731385,1000.0,-1000.0,0.0,71.49986090845744,0.0,0.0,0.0,0.0,0.0,0.0,0.0,102.72351694610975,0.04250069545771283,0.0,0.0,56.128239879832336,0.0,0.0,0.0,-192.94367892404526,0.0,0.0,0.0,0.0,0.0,0.0,12.403751321469183,0.0,0.0,0.0,0.0,0.0,0.0,0.0,0.04250069545771283,0.0,0.0,0.0,0.0,0.0,0.0,0.0,0.0,291.6595795990184,0.0,740.8308971490882,0.0,0.0,-962.9587488174228,-3.1875521593284626,-2.1250347728856434,0.0,0.0,0.0,0.0,0.0,0.0,0.0,0.0,0.0,0.0,0.0,0.0,225.50605721894567,604.2953936847961,0.0,0.0,-476.51253171251903,0.0,0.0,0.0,-0.04250069545771283,0.0,0.0,0.04250069545771283,0.0,0.04250069545771283,37.21125396440755,0.0,0.0,25.5004172746277,51.85084845840966,51.85084845840966,0.0,0.0,0.0,0.0,0.0,0.0,0.0,835.5429179700852,0.0,0.0,0.0,0.0,0.0,0.0,0.0,0.0,0.0,0.0,0.0,0.0,0.0,0.0,0.0,0.0,0.0,0.0,0.0,306.2134869777167,0.0,0.0,0.0,0.06375104318656924,0.0,0.0,0.0,-12.75020863731385,0.0,0.0,0.0,0.0,0.0,-277.8884324580216,2.1250347728856416,0.0,0.0,0.0,-15.625,0.0,4.6410759439816935,0.0,0.0,0.0,0.0,0.0,0.0,0.0,0.0,225.50605721894567,0.0,0.0,-217.66741272625381,87.49986090845744,0.0,892.0427788785427,0.0,0.0,0.0,745.4719730930699,-745.4719730930699,0.0,-211.2307649405071,0.0,2.1250347728856434,462.02589479302173,0.0,0.0,0.0,-99.19280999489187,0.0,0.0,0.0,0.0,0.0,0.0,0.0,0.0,0.0,0.0,-6.375104318656895,51.85084845840966,0.0,203.01135502971732,203.0113550297173,-203.0113550297173,0.0,0.0,0.0,0.0,0.0,1.3685223937376918,0.0,0.0,281.07598461735006,-56.128239879832336,581.2135170030767,0.0,12.75020863731385,0.0,0.0,0.0,0.0,47.08390172913419,0.0,0.0,0.04675076500341757,0.0,0.0,0.0,25.92542422920483,0.0,0.0,0.0,0.0,845.083999362675,0.0,0.0,0.0,0.0,0.0,0.0,0.0,0.0,-395.0360428016217,0.0,0.004250069545771283,0.004250069545771283,0.0,0.0,0.0,0.0,0.0,37.21125396440755,0.0,0.0,0.0,56.128239879832336,0.0,0.0,0.0,0.0,0.0,277.8884324580216,0.0,0.0,0.0,0.0,0.0,0.0,0.0,0.0,0.0,0.0,0.0,0.0,-523.6962845064602,-389.8083152279129,0.0,0.0,0.0,0.0,25.500417274627694,0.0,0.0,0.0,0.0,0.0,919.5362221060594,-945.0366393806871,0.0,0.0,0.0,0.0,0.0,0.0,0.0,0.0,0.0,0.0,0.0,0.0,1000.0,-19.039278488866103,29.11297638853329,0.0,-12.75020863731385,0.0,962.7887460355925,0.0,0.0,0.0,0.0,0.0,0.0,0.0,0.0,0.0,0.0,0.0,0.0,0.0,0.0,0.0,0.0,0.0,-5.312586932214106,225.50605721894567,-260.4096396035565,3.1875521593284537,0.0,0.0,0.0,0.0,0.0,530.7367428301518,-531.2680015233732,99.19280999489187,0.0,0.0,0.0,0.0,0.0,0.0,0.0,1000.0,12.75020863731385,12.75020863731385,0.0,0.0,0.0,0.0,0.0,0.04675076500341757,277.8884324580216,0.0,0.0,-1000.0,0.0,0.0,0.0,0.0,0.0,0.0,0.0,0.0,0.0,0.0,0.0,0.0,0.0,0.0,18.605626982203773,0.0,0.0,0.0,0.0,44.62573023059848,3.2725535502440013,0.0,0.0,0.0,0.0,0.0,277.8884324580216,0.0,-6.7661107168673364,0.0,0.0,0.0,-5.312586932214106,0.0,0.0,0.0,0.0,0.0,0.0,0.0,0.0,0.0,0.0,0.0,0.0,0.0,0.0,0.0,0.0,0.0,0.0,-0.04250069545771283,0.0,0.0,2.1250347728856416,-417.7551117610532,0.0,0.0,0.0,0.0,225.50605721894567,0.0,0.0,0.0,3.659309878909008,1.0625173864428208,0.0,0.0,0.0,0.04250069545771283,0.0,42.50069545771283,-13.17521559189098,8.500139091542566,0.3035763961265202,118.57694032701882,-0.03187552159328462,130.73607849499967,0.8500139091542567,36.99875048711947,-118.57694032701882,12.75020863731385,-0.04250069545771283,0.0,71.49986090845744,0.010625173864428208,0.3035763961265202,0.0,-6.7661107168673364,-0.8500139091542567,165.01731156948705,-0.04250069545771283,0.010625173864428208,-118.57694032701882,4.250069545771283,0.04250069545771283,0.04250069545771283,-277.7991809975605,0.046750765003484115,-33.26986187510883,-0.03187552159328462,12.75020863731385,0.04250069545771283,12.75020863731385,-21.25034772885642,-0.021250347728856415,-148.34177542051512,-85.0,-0.03187552159328462,-0.042500695457712824,-13.17521559189098,0.04250069545771283,4.250069545771283,-0.8500139091542567,306.2134869777167,306.2134869777167,-4.250069545771283,-165.01731156948705,-306.2134869777167,8.500139091542566,0.06375104318656924,34.407756556991636,4.250069545771283,-306.8812137993098,71.49986090845744,-8.500139091542566,0.021250347728856415,0.4250069545771284,146.61131864337744,96.0,-0.04250069545771283,-287.45108893600695,277.7991809975605,13.17521559189098,0.04250069545771283,6.7661107168673364,20.49902635920205,71.49986090845744,-0.04250069545771283,-0.010625173864428208,-71.49986090845744,-0.04250069545771283,-3.20912724472422,0.04250069545771283,-0.010625173864428208,-0.010625173864428208,-0.010625173864428208,17.000278183085133,21.25034772885642,0.4250069545771284,31.487702747235176,-0.010625173864428208,293.2226372867549,2.1250347728856416,3.7295983952477516,0.04250069545771283,0.021250347728856415,0.021250347728856415,40.0,13.17521559189098,0.04250069545771283,-13.17521559189098,0.4250069545771284,0.04250069545771283,-31.487702747235176,0.04250069545771283,0.17000278183033402,-36.99875048711947,0.021250347728856415,0.010625173864428208,12.75020863731385,-0.04250069545771283,33.26986187510883,0.42500695457712834,-62.97540549447035,129.67356110855684,-4.250069545771283,8.500139091542566,2.1250347728856416,-0.04250069545771283,0.0,0.06375104318656924,-0.04250069545771283,-80.0,13.17521559189098,206.39669037114993,0.021250347728856415,-7.459196790495503,-0.04250069545771283,-0.04250069545771283,-0.04250069545771283,0.021250347728856412,118.57694032701882,-8.500139091542566,0.04250069545771283,293.2226372867549,-0.010625173864428208,-0.046750765003484115,-293.2226372867549,6.375104318656924,85.0,-360.9650661639162,118.57694032701882,-0.03187552159328462,287.45108893600695,-96.0,0.04250069545771283,-0.010625173864428204,274.12158645429383,42.50069545771283,-0.021250347728856415,-0.04250069545771283,0.010625173864428208,1000.0,0.0,-618.294556486297,0.0,-13.00898479858442,0.0,99.33594609609463,-31.0,0.0,-32.0,-93.0,-65.0,-583.8655495815765,16.0,6.50449239929221,46.5,0.0,15.5,-277.8884324580216,-253.48059210028413,583.8655495815765,65.0,-253.48059210028413,-99.33594609609463,37.29342509556065,0.0,1496.5981,hclb
342,0.0,0.0,0.0,0.0,0.0,0.0,0.0,0.0,-0.04072586118091424,0.0,0.0,0.0,0.0,0.0,0.0,0.0,-712.8461530868602,1000.0,0.0,-106.83105639572466,0.0,0.0,0.0,877.1244130925821,0.0,0.0,0.0,0.0,0.0,-684.5223511854572,0.0,0.0,513.4486619478588,0.0,0.0,0.0,0.0,707.1569744569916,0.0,-1000.0,1000.0,0.0,0.0,867.7142694795423,0.0,0.0,899.3810198562809,0.0,1000.0,-119.54420164064393,0.0,-529.6542347927751,0.0,0.044798447298940544,0.0,0.0,0.0,0.0,0.0,0.0,64.54550186098041,0.0,231.19833831039807,91.34756206443927,0.0,0.0,0.0,0.0,0.0,453.04585300330604,0.0,0.4072586118091424,0.0,0.0,0.0,0.0,0.0,0.0,0.0,0.0,0.0,0.0,0.0,0.0,24.435516708548562,0.0,0.0,-354.5897520105008,-684.8783442081921,1000.0,197.1289763791175,0.0,0.0,708.4831199972928,12.217758354274272,0.0,12.217758354274272,-1.3113727300259288,0.0,0.0,0.0,2.036293059045712,-1000.0,0.0,0.0,-23.009124116603477,0.0,0.0,0.0,0.0,0.0,0.0,0.0,0.0,0.0,0.0,0.0,0.0,0.0,0.0,0.0,0.0,0.0,0.0,-1000.0,0.0,0.0,12.217758354274272,0.0,12.625016966083416,0.0,0.0,0.0,296.8749999999985,-296.8749999999985,296.8749999999985,-204.3962781069392,0.0,0.0,0.0,0.0,0.0,0.0,0.0,0.0,3.1358913109303943,0.04072586118091424,197.13915784441272,0.0,0.0,-58.767722112368574,-448.10424278009185,0.0,0.0,0.0,0.0,-230.6603360476138,0.0,0.0,0.0,0.0,0.0,100.65970600490006,100.65970600490006,0.0,0.0,0.0,0.0,193.77245356549943,0.0,0.0,100.70043186608098,0.0,0.0,0.0,-911.8642065835775,-381.5104166666676,0.0,0.0,0.0,0.0,0.0,0.0,0.0,0.0,0.0,-781.1101502507631,0.0,0.0,0.0,0.0,-1000.0,0.0,0.0,0.0,0.0,0.0,119.54420164064393,529.6542347927751,-175.06448278227435,175.06448278227435,67.29101655709235,0.0,0.0,0.0,0.0,0.0,0.0,315.4776488145428,-441.36393999133674,0.0,0.0,0.0,0.0,0.0,0.0,0.0,0.0,0.0,0.0,0.0,0.0,0.0,154.61712826867782,480.1623093648261,-132.28573052045772,0.0,0.0,0.0,0.0,80.88668802072766,0.0,0.0,0.0,0.0,64.54550186098041,-1000.0,0.0,0.0,0.0,0.0,0.0,0.0,0.0,0.0,0.0,8.145172236182848,0.0,0.0,201.69849713182086,-308.1153642940968,1000.0,0.0,132.28573052045772,0.0,0.0,204.3962781069392,-950.3144493592846,0.0,0.0,0.0,-170.20330433194545,0.0,0.0,-975.3699487025638,24.63005129743623,0.0,-1000.0,0.0,-24.63005129743623,-859.9428269904664,0.0,-456.96002196027337,119.54420164064393,0.0,-34.55255188306927,0.0,0.0,0.0,430.2338288521937,0.0,-430.2338288521937,0.0,1000.0,137.10526154984686,0.0,-324.5481983653531,0.0,0.0,0.0,64.54550186098041,-0.06108879177137136,0.0,0.0,0.0,0.0,0.04072586118091424,0.0,0.0,0.0,839.6045370679058,-712.8461530868602,0.0,-141.16372002684034,189.04701884277404,381.5104166666676,803.2576690406103,0.0,0.0,0.0,-23.009124116603477,0.0,0.0,0.0,620.8986183114503,0.0,-620.8986183114503,-1000.0,-1000.0,0.0,0.0,0.0,0.0,0.0,0.0,0.0,0.0,0.0,0.0,0.0,0.0,0.0,0.0,0.0,0.0,0.0,-292.6801220982848,0.0,-1000.0,0.0,0.0,0.0,0.0,0.0,0.0,-3.1358913109303943,0.0,0.0,0.0,0.0,0.0,0.0,0.0,-145.35972980568016,0.0,0.0,0.0,-2.036293059045712,-58.343868727777675,0.0,0.0,143.32343674663446,0.0,-1.018146529522856,0.0,-1000.0,0.0,295.7060496696306,-373.55656432398433,366.28384495611965,12.217758354274272,-781.187500001045,781.187500001045,0.0,0.0,0.0,0.0,0.0,-154.61712826867782,154.61712826867782,154.61712826867782,-398.49387571613977,0.0,328.7307587893742,0.0,0.0,0.0,315.4776488145428,0.0,0.0,-75.30527438497839,0.0,-703.1250000000024,208.960089313664,0.0,0.0,0.0,0.0,-38.92741388190858,0.08145172236192802,0.0,0.0,0.0,0.0,0.0,0.0,0.0,0.0,0.0,308.24268725660755,0.0,0.0,0.0,0.0,0.0,0.0,0.0,0.0,0.0,0.044798447298940544,0.044798447298940544,0.0,215.8354101606683,0.0,24.435516708548562,0.0,0.0,0.0,1000.0,0.0,0.0,0.0,0.0,0.0,-287.73144020627115,-1000.0,0.0,0.0,0.0,0.0,0.0,208.960089313664,0.0,0.0,0.0,0.0,0.0,0.0,0.0,333.3333333333333,-839.6045370679058,506.8719648924604,0.0,3.1358913109303943,0.0,560.3054154194728,148.17770457782,0.0,0.0,-287.73144020627115,0.0,-326.65885408817974,0.0,0.0,0.0,154.61712826867782,0.0,0.0,0.0,0.0,0.0,0.0,0.0,0.0,0.0,0.0,0.0,0.0,0.0,24.435516708548544,204.3962781069392,204.3962781069392,0.0,0.0,0.0,0.0,0.0,0.0,0.0,0.0,0.0,0.0,0.4072586118091424,0.0,0.0,0.0,0.0,0.0,529.6542347927751,0.0,0.0,12.217758354274272,0.0,0.0,0.0,0.0,0.0,0.0,0.0,0.0,0.0,0.0,0.0,871.9265987070637,0.0,12.217758354274272,12.217758354274272,1000.0,-1000.0,0.0,208.960089313664,0.0,0.0,0.0,0.0,0.0,1000.0,315.4776488145428,974.7789304228081,0.04072586118091424,0.0,0.0,0.0,53.784317669565965,506.3578275965604,0.0,-708.4831199972928,0.0,-137.10526154984686,0.0,0.0,0.0,0.0,0.0,0.0,0.0,0.0,0.0,0.0,0.0,0.0,0.04072586118091424,0.0,0.0,0.0,984.2829011211734,-984.2829011211734,0.0,0.0,0.0,0.0,-3.1358913109303943,0.0,0.0,0.0,-707.3198779017152,-3.054439588568568,-2.0362930590457116,0.0,0.0,859.375,859.375,-859.375,0.0,0.0,0.0,0.0,0.0,0.0,0.0,204.3962781069392,381.5104166666676,0.0,0.0,664.026187684796,0.0,0.0,0.0,-0.04072586118091424,0.0,0.0,0.04072586118091424,0.0,0.04072586118091424,0.0,7.697904196851596,0.0,24.435516708548562,49.68555064071538,49.68555064071538,0.0,0.0,0.0,0.0,0.0,0.0,0.0,506.8719648924604,0.0,315.4776488145428,0.0,0.0,0.0,624.4051149591269,0.0,0.0,0.0,0.0,0.0,0.0,0.0,0.0,0.0,0.0,0.0,0.0,0.0,148.17770457782,0.0,-493.16906022379226,493.16906022379226,0.06108879177137136,0.0,0.0,0.0,-12.217758354274272,0.0,0.0,0.0,0.0,0.0,-215.8354101606683,2.036293059045712,0.0,0.0,0.0,0.0,-193.77245356549943,0.0,0.0,0.0,-703.1250000000024,0.0,0.0,0.0,0.0,0.0,204.3962781069392,0.0,0.0,0.0,61.21828189199047,0.0,563.7267926562777,483.3487034799569,0.0,0.0,0.0,0.0,0.0,-1000.0,0.0,2.0362930590457116,841.7148679342591,0.0,0.0,0.0,-75.30527438497839,0.0,0.0,1000.0,-1000.0,0.0,0.0,0.0,0.0,0.0,1000.0,-224.998728926374,49.68555064071538,0.0,0.0,0.0,0.0,0.0,0.0,0.0,0.0,0.0,0.0,0.0,0.0,0.0,-362.0270049261735,31.916164568480042,0.0,12.217758354274272,0.0,0.0,0.0,0.0,-233.16077995408585,0.0,0.0,0.044798447298940544,0.0,0.0,0.0,24.84277532035769,0.0,0.0,0.0,0.0,480.1623093648261,0.0,0.0,0.0,0.0,0.0,0.0,0.0,0.0,-1000.0,0.0,0.0040725861180915405,0.0040725861180915405,0.0,0.0,0.0,0.0,0.0,0.0,0.0,0.0,0.0,0.0,0.0,0.0,0.0,0.0,0.0,215.8354101606683,0.0,0.0,0.0,0.0,0.0,0.0,0.0,119.54420164064393,0.0,0.0,0.0,0.0,0.0,-459.82914973694346,1000.0,0.0,0.0,0.0,24.435516708548562,0.0,0.0,0.0,0.0,0.0,-625.771426870994,601.3359101624454,0.0,0.0,0.0,0.0,0.0,0.0,0.0,0.0,0.0,0.0,0.0,0.0,-974.7789304228081,-1000.0,652.3023298680531,152.43174368942402,-164.6495020436983,0.0,707.1569744569916,0.0,0.0,0.0,0.0,0.0,0.0,0.0,0.0,0.0,85.9375,0.0,-85.9375,-85.9375,0.0,0.0,0.0,0.0,-5.09073264761428,204.3962781069392,-3.054439588568568,846.3494042969323,0.0,0.0,0.0,0.0,0.0,-0.509073264761428,0.0,75.30527438497839,0.0,0.0,0.0,0.0,0.0,0.0,0.0,1000.0,12.217758354274272,12.217758354274272,0.0,0.0,0.0,0.0,0.0,0.044798447298940544,215.8354101606683,0.0,0.0,-707.1569744569916,0.0,0.0,0.0,0.0,0.0,0.0,0.0,0.0,0.0,0.0,0.0,0.0,0.0,0.0,250.43348221032193,0.0,0.0,0.0,0.0,42.762154239959955,0.0,0.0,3.1358913109303943,0.0,0.0,0.0,215.8354101606683,0.0,-3.34766578907164,0.0,0.0,0.0,-5.09073264761428,0.0,0.0,0.0,0.0,0.0,0.0,0.0,0.0,0.0,0.0,0.0,0.0,0.0,0.0,0.0,0.0,0.0,0.0,-0.04072586118091424,0.0,0.0,2.036293059045712,287.73144020627115,0.0,0.0,0.0,0.0,204.3962781069392,0.0,0.0,0.0,-620.8986183114503,1.018146529522856,0.0,0.0,0.0,0.04072586118091424,0.0,40.72586118091424,-12.625016966083416,8.145172236182848,0.2908990084351017,113.62515269475075,-0.03054439588568568,2.036293059045704,0.8145172236182848,-0.20362930590454198,-113.62515269475075,12.217758354274272,-0.040725861180914244,7.669708038867825,208.960089313664,0.010181465295228561,0.2908990084351017,-23.009124116603477,-6.4835571000020344,-0.8145172236182848,-180.32279051741511,-0.040725861180914216,0.010181465295228561,-113.62515269475075,61.82752099722735,0.040725861180914244,0.04072586118091424,-215.74988585218844,0.044798447299005784,0.0,-0.03054439588568568,12.217758354274272,0.040725861180914244,12.217758354274272,-20.36293059045712,-0.020362930590457122,276.67858428082076,-85.0,-0.03054439588568568,-0.040725861180914244,-12.625016966083416,0.04072586118091424,4.072586118091408,-0.8145172236182848,148.17770457782,148.17770457782,-4.072586118091422,180.32279051741511,-148.17770457782,8.145172236182848,0.06108879177137136,-167.01870202766725,4.072586118091424,-333.3333333333333,208.960089313664,-8.145172236182848,0.02036293059045712,0.4072586118091424,35.290930006710084,69.36345412817332,-0.04072586118091424,-224.998728926374,215.74988585218844,12.625016966083416,0.040725861180914244,6.4835571000020344,102.33412101743113,208.960089313664,-0.04072586118091424,-0.01018146529522856,-208.960089313664,-0.040725861180914244,-38.92741388190858,0.04072586118096311,-0.01018146529522856,-0.010181465295228561,-0.01018146529522856,16.290344472365696,20.36293059045712,0.4072586118091424,72.86990289718334,-0.01018146529522856,62.912151974552344,2.036293059045712,21.5,0.04072586118091424,0.02036293059045712,0.020362930590457122,40.0,12.625016966083416,0.04072586118091424,-12.625016966083416,0.4072586118091424,0.040725861180914244,-158.2641638867309,0.040725861180914244,0.16290344472361085,0.20362930590454198,0.020362930590457122,0.01018146529522856,12.217758354274272,-0.040725861180914244,0.0,0.4072586118091424,-145.73980579436667,1.018146529522864,-4.072586118091408,8.145172236182848,2.036293059045712,-0.040725861180914244,23.009124116603477,0.06108879177137136,-0.040725861180914244,-80.0,12.625016966083416,296.8407330460583,0.020362930590457122,-43.0,-0.040725861180914244,-0.04072586118096311,-0.040725861180914244,0.020362930590457122,113.62515269475075,-8.145172236182848,0.04072586118091424,70.58186001342017,-0.010181465295228561,-0.044798447299005784,-70.58186001342017,6.108879177137135,85.0,0.09089516394291505,113.62515269475075,-0.03054439588568568,224.998728926374,-69.36345412817332,0.040725861180914216,-0.010181465295228561,2.0362930590457116,40.72586118091424,-0.02036293059045712,-0.040725861180914244,0.010181465295228561,0.0,0.0,26.941166087543202,85.39426098954756,-46.0,0.0,358.74418041610977,-31.0,57.75493487913593,-32.0,-93.0,-65.0,-140.05717300953359,16.0,23.0,46.5,-57.75493487913593,15.5,-215.8354101606683,-63.67995309197245,140.05717300953359,65.0,-63.67995309197245,-358.74418041610977,126.16873664029362,0.0,1496.5981,hclb
343,0.0,0.0,0.0,0.0,0.0,0.0,0.0,0.0,-0.02855055260050718,0.0,0.0,0.0,0.0,0.0,0.0,0.0,-517.8387620279542,704.4864021002027,0.0,234.5690462264136,0.0,0.0,0.0,101.22801878584596,0.0,0.0,0.0,0.0,0.0,-817.0201433443339,0.0,0.0,0.0,0.0,0.0,0.0,0.0,643.9678990598746,0.0,-1000.0,991.4348342198479,0.0,0.0,632.5544809159613,0.0,0.0,0.0,0.0,334.85890537228806,0.0,0.0,0.0,0.0,0.031405607860535416,0.0,0.0,0.0,0.0,0.0,0.0,-262.57355416397695,0.0,-265.27959977549295,-627.285061551655,0.0,0.0,0.0,0.0,0.0,0.0,0.0,0.28550552600507184,0.0,0.0,0.0,0.0,0.0,0.0,0.0,0.0,0.0,0.0,134.1889499088463,0.0,17.13033156030431,0.0,293.2031713690206,36.380181413132505,371.23908678542057,0.0,-0.007137638150084058,0.0,0.0,0.0,8.565165780152155,0.0,8.565165780152155,-543.6404889104492,0.0,0.0,134.1889499088463,1.427527630025359,-817.0201433443339,0.0,0.0,-0.18009174305984427,0.0,0.0,0.0,0.0,0.0,0.0,0.0,0.0,0.0,0.0,0.0,0.0,0.0,0.0,0.0,0.0,0.0,0.0,-481.66854214238435,0.0,0.0,8.565165780152155,0.0,8.850671306157226,0.0,0.0,0.0,0.0,0.0,0.0,-99.43190761218516,0.0,0.0,0.0,0.0,0.0,0.0,0.0,0.0,161.21261401041338,0.02855055260050718,0.0,0.0,0.0,0.0,-8.152919586896175,0.0,0.0,0.0,0.0,5.886494148978272,0.0,0.0,0.0,0.0,0.0,999.9714494473994,999.9714494473994,0.0,0.0,0.0,296.875,743.2198471186781,0.0,0.0,1000.0,0.0,0.0,0.0,359.97054575964694,-258.7485114166045,0.0,0.0,0.0,0.0,0.0,0.0,0.0,0.0,0.0,-4.282582890076014,0.0,0.0,0.0,0.0,-190.11346757968607,0.0,0.0,0.0,0.0,0.0,0.0,0.0,-371.23908678542057,371.23908678542057,99.43190761218516,0.0,0.0,0.0,0.0,0.0,0.0,0.0,-936.1260100082687,0.0,0.0,0.0,0.0,0.0,0.0,0.0,0.0,0.0,0.0,0.0,0.0,0.0,165.13475346017987,-23.426859372900953,1000.0,0.0,0.0,0.0,0.0,82.11639418734877,0.0,0.0,0.0,0.0,-262.57355416397695,367.44551908403866,0.0,0.0,0.0,0.0,0.0,0.0,0.0,0.0,0.0,5.710110520101436,0.0,0.0,-517.8815878568545,224.59658571398666,0.0,0.0,-1000.0,0.0,0.0,99.43190761218516,594.7481504095413,0.0,0.0,0.0,-182.62297474815978,0.0,0.0,-1000.0,0.0,0.0,-999.9999999999998,0.0,0.0,0.0,0.0,196.5772747557752,0.0,0.0,-101.89226004411887,0.0,0.0,0.0,363.078929732676,0.0,-363.078929732676,0.0,120.3333847877372,0.0,0.0,0.0,296.875,0.0,0.0,-262.57355416397695,-0.04282582890076077,0.0,0.0,0.0,0.0,0.02855055260050718,0.0,0.0,0.0,0.0,-517.8387620279542,0.0,-474.28775417326585,-268.3652698677379,258.7485114166045,1000.0,0.0,0.0,0.0,-0.18009174305984427,0.0,0.0,0.0,644.2898472887671,0.0,-644.2898472887671,-1000.0,-1000.0,0.0,0.0,0.0,0.0,0.0,0.0,0.0,0.0,0.0,0.0,0.0,0.0,0.0,0.0,0.0,0.0,0.0,-355.91789872972345,0.0,-1000.0,0.0,0.0,542.7211611167131,0.0,0.0,0.0,-161.21261401041338,0.0,0.0,0.0,0.0,0.0,0.0,0.0,-1.427527630025359,0.0,0.0,0.0,310.92290084681736,0.0,-40.90152165548648,0.0,0.0,0.0,-0.7137638150126795,-312.3504284768427,-738.1079848547502,0.0,-217.42167441469996,1000.0,0.0,8.565165780152155,-531.1875000022364,531.1875000022364,0.0,288.07335524155684,0.0,0.0,853.4013205483784,688.2665670881985,-688.2665670881985,-688.2665670881985,-362.0694178618307,0.0,0.0,0.0,0.0,0.0,0.0,0.0,0.0,-38.172673202097656,0.0,0.0,0.0,0.0,0.0,0.0,0.0,-40.14494473994928,0.05710110520098271,0.0,0.0,0.0,0.0,0.0,0.0,0.0,0.0,0.0,0.0,0.0,0.0,0.0,0.0,0.0,0.0,0.0,0.0,0.0,0.031405607860535416,0.031405607860535416,0.0,255.42464294007843,0.0,17.13033156030431,0.0,0.0,0.0,1000.0,0.0,12.626428518556775,293.2031713690206,0.0,0.0,152.8295358876765,-1000.0,0.0,0.0,0.0,0.0,0.0,0.0,0.0,0.0,0.0,0.0,0.0,0.0,0.0,160.55618071412812,0.0,8.152919586896175,0.0,295.4015639192597,0.0,-423.1333616861811,423.1333616861811,241.58505988664717,0.0,152.8295358876765,0.0,112.68459114772723,0.0,467.30686246547316,-467.30686246547316,165.13475346017987,0.0,0.0,0.0,0.0,0.0,0.0,0.0,0.0,0.0,0.0,0.0,0.0,0.0,17.13033156030431,99.43190761218516,99.43190761218516,0.0,0.0,0.0,0.0,0.0,0.0,0.0,0.0,0.0,0.0,0.28550552600507184,0.0,0.0,293.2031713690206,-293.2031713690206,0.0,0.0,0.0,0.0,8.565165780152155,0.0,0.0,0.0,0.0,0.0,0.0,0.0,0.0,0.0,0.0,1000.0,0.0,0.0,8.565165780152155,8.565165780152155,1000.0,-1000.0,0.0,0.0,0.0,0.0,0.0,0.0,0.0,817.0201433443339,0.0,1000.0,0.02855055260050718,0.0,0.0,0.0,37.70508335934124,11.53795283311659,0.0,0.0,0.0,0.0,0.0,0.0,0.0,0.0,0.0,0.0,0.0,0.0,0.0,0.0,0.0,0.0,0.02855055260050718,0.0,0.0,0.0,0.0,0.0,0.0,0.0,0.0,0.0,-618.4914528937004,1000.0,0.0,0.0,-644.0821012702766,-2.1412914450380383,-1.42752763002536,0.0,0.0,93.75000000000003,93.75000000000003,-93.75000000000003,0.0,0.0,0.0,0.0,0.0,0.0,0.0,99.43190761218516,258.7485114166045,0.0,0.0,-215.99414678467463,0.0,0.0,0.0,-0.02855055260050718,0.0,0.0,0.02855055260050718,0.0,0.02855055260050718,0.0,0.0,0.0,17.13033156030431,34.83167417261876,34.83167417261876,0.0,0.0,0.0,0.0,0.0,0.0,0.0,8.152919586896175,0.0,0.0,0.0,0.0,0.0,646.7480498676707,0.0,0.0,0.0,0.0,0.0,0.0,0.0,0.0,0.0,0.0,0.0,0.0,0.0,181.54830179953393,0.0,0.0,0.0,0.04282582890076077,0.0,0.0,0.0,-8.565165780152155,0.0,0.0,0.0,0.0,0.0,-255.42464294007843,1.427527630025359,0.0,0.0,0.0,-296.875,-743.2198471186781,-433.0789498914883,0.0,0.0,0.0,0.0,0.0,0.0,0.0,0.0,99.43190761218516,0.0,0.0,917.8836058126512,90.28988947989856,0.0,67.44280906679474,11.357861090056746,0.0,24.199888991798673,0.0,-24.199888991798673,0.0,559.9164762369224,0.0,1.42752763002536,595.8322508938484,0.0,0.0,0.0,-624.5790159401388,0.0,0.0,0.0,0.0,0.0,0.0,0.0,0.0,0.0,0.0,0.0,34.83167417261876,0.0,788.171987345483,788.171987345483,-788.171987345483,0.0,0.0,0.0,0.0,0.0,0.0,0.0,0.0,261.8485172751925,-37.70508335934124,-821.7572595725337,0.0,8.565165780152155,293.2031713690206,0.0,0.0,0.0,-37.317230633491214,0.0,0.0,0.031405607860535416,0.0,0.0,0.0,17.41583708630938,0.0,0.0,0.0,0.0,-23.426859372900953,0.0,0.0,0.0,0.0,0.0,0.0,0.0,0.0,0.0,0.0,839.0234318734699,0.002855055260050718,0.0,0.0,0.0,0.0,0.0,0.0,0.0,0.0,0.0,0.0,0.0,0.0,0.0,0.0,0.0,255.42464294007843,0.0,0.0,0.0,0.0,0.0,0.0,0.0,0.0,0.0,0.0,0.0,586.4063427380412,-269.67229770143155,0.0,704.4864021002027,0.0,0.0,0.0,17.13033156030431,0.0,0.0,0.0,0.0,0.0,0.0,-17.13033156030431,0.0,586.4063427380412,0.0,0.0,0.0,0.0,0.0,0.0,0.0,0.0,0.0,0.0,-1000.0,-1000.0,666.3051783990181,-8.565165780152155,0.0,0.0,643.9678990598746,0.0,0.0,0.0,0.0,0.0,0.0,0.0,0.0,0.0,960.9375,0.0,-960.9375,-960.9375,0.0,0.0,0.0,0.0,-3.5688190750633986,99.43190761218516,-2.1412914450380383,644.6067584226328,0.0,0.0,0.0,0.0,0.0,0.0,-0.3568819075063398,38.172673202097656,0.0,0.0,0.0,0.0,0.0,0.0,0.0,1000.0,8.565165780152155,8.565165780152155,0.0,0.0,0.0,0.0,0.0,0.031405607860535416,255.42464294007843,0.0,0.0,-643.9678990598746,839.0205768182099,0.0,0.0,0.0,0.0,0.0,0.0,0.0,0.0,0.0,0.0,0.0,0.0,0.0,0.0,0.0,0.0,0.0,0.0,29.97808023053254,0.0,0.0,295.4015639192597,0.0,0.0,0.0,255.42464294007843,0.0,430.73209446772677,0.0,0.0,0.0,-3.5688190750633986,0.0,0.0,0.0,0.0,0.0,0.0,0.0,0.0,0.0,0.0,0.0,0.0,0.0,0.0,0.0,0.0,0.0,0.0,-0.02855055260050718,0.0,0.0,1.427527630025359,-152.8295358876765,0.0,0.0,0.0,0.0,99.43190761218516,0.0,0.0,0.0,-644.2898472887671,0.7137638150126795,0.0,0.0,0.0,0.02855055260050718,0.0,28.550552600507178,-8.850671306157226,5.710110520101437,0.2039325185750513,79.65604175541503,-0.021412914450380384,1.427527630025359,0.5710110520101436,-0.14275276300247697,-79.65604175541503,8.565165780152155,-0.02855055260050718,0.06003058101994809,0.0,0.007137638150126795,0.2039325185750513,-0.18009174305984427,-297.7484193430213,-0.5710110520101436,-421.216686298662,-0.02855055260050718,0.007137638150126795,-79.65604175541503,2.855055260050718,0.02855055260050718,0.02855055260050718,-255.3646867796174,-293.1717657611601,-28.246808420713002,-0.021412914450380384,8.565165780152155,0.02855055260050718,8.565165780152155,-14.27527630025359,-0.01427527630025359,22.720497757854417,-85.0,-0.021412914450380384,-0.02855055260050718,-8.850671306157226,0.02855055260050718,2.8550552600506762,-0.5710110520101436,181.54830179953393,181.54830179953393,-2.855055260050718,421.216686298662,-181.54830179953393,5.710110520101436,0.04282582890076077,-714.5387006712785,2.855055260050718,-160.55618071412812,0.0,-5.710110520101436,0.01427527630025359,0.28550552600507184,118.57193854331646,96.0,-0.02855055260050718,-261.8485172751925,255.3646867796174,8.850671306157226,0.02855055260050718,297.7484193430213,-34.26066312060843,0.0,-0.02855055260050718,-0.007137638150126795,0.0,-0.02855055260050718,-40.14494473994928,0.028550552600279805,-0.007137638150126795,-0.007137638150126795,-0.007137638150126795,11.420221040202872,14.27527630025359,0.28550552600507184,21.15239065790167,-0.007137638150126795,237.08384650561297,1.427527630025359,21.5,0.02855055260050718,0.01427527630025359,0.01427527630025359,2.855055260050718,8.850671306157226,0.02855055260050718,-8.850671306157226,0.28550552600507184,0.02855055260050718,-21.15239065790167,0.02855055260050718,0.11420221040191336,0.14275276300247697,0.01427527630025359,0.007137638150126795,8.565165780152155,-0.02855055260050718,28.246808420713002,0.2855055260050718,-42.304781315803325,0.7137638150126795,-2.8550552600506762,5.710110520101436,1.427527630025359,-0.02855055260050718,0.18009174305984427,0.04282582890076077,-0.02855055260050718,-5.710110520101436,8.850671306157226,78.27971515394353,0.01427527630025359,-43.0,-0.02855055260050718,-0.028550552600279805,-0.02855055260050718,0.01427527630025359,79.65604175541503,-5.710110520101436,0.02855055260050718,237.14387708663293,-0.007137638150126795,293.1717657611601,-237.14387708663293,4.2825828900760765,85.0,460.4317189226708,79.65604175541503,-0.021412914450380384,261.8485172751925,-96.0,0.02855055260050718,-0.007137638150126795,1.42752763002536,28.550552600507178,-0.01427527630025359,-0.02855055260050718,0.007137638150126795,0.0,0.0,714.5244253949783,0.0,-46.0,0.0,189.49367739382737,10.72689387758556,0.0,-32.0,56.92809101011568,-65.0,0.0,16.0,23.0,-28.46404550505784,0.0,-5.36344693879278,-255.42464294007843,-40.962484520452314,0.0,65.0,-40.962484520452314,-189.49367739382737,110.44964262719256,0.0,1496.5981,hclb
344,0.0,0.0,0.0,0.0,0.0,0.0,0.0,0.0,-0.025435957229859998,0.0,0.0,0.0,0.0,0.0,0.0,0.0,0.0,-140.40287579701203,0.0,0.0,0.0,0.0,0.0,1000.0,0.0,0.0,0.0,0.0,0.0,912.6585090348408,240.48388313718522,-240.48388313718522,30.437865345220068,0.0,0.0,0.0,0.0,386.1592868641226,0.0,-1000.0,1000.0,0.0,0.0,-104.43255218270582,0.0,0.0,0.0,0.0,-1000.0,0.0,0.0,0.0,0.0,0.02797955295287115,0.0,0.0,0.0,0.0,0.0,0.0,-79.75041587107192,0.0,0.0,-87.7032312951713,0.0,0.0,0.0,0.0,90.7996174833854,449.6540521276787,0.0,0.25435957229859996,0.0,0.0,0.0,0.0,0.0,0.0,0.0,0.0,0.0,0.0,313.1036149359507,0.0,15.261574337916,0.0,0.0,646.681348824385,-491.6355561246875,474.8505754931104,-0.0063589893074649986,0.0,0.0,1000.0,7.630787168957999,0.0,7.630787168958,0.0,0.0,0.0,313.1036149359507,1.271797861493,421.94497345979,0.0,0.0,0.0,630.007182824416,893.5138448872445,0.0,0.0,0.0,0.0,0.0,0.0,0.0,0.0,0.0,0.0,0.0,0.0,0.0,0.0,0.0,0.0,-386.13539531862006,0.0,0.0,7.630787168958,0.0,7.885146741256599,0.0,0.0,0.0,0.0,0.0,0.0,0.0,0.0,0.0,-7.952815424099384,0.0,0.0,0.0,0.0,0.0,-311.1450462292515,0.025435957229859994,0.0,0.0,0.0,0.0,-630.007182824416,0.0,0.0,0.0,0.0,62.04558464103579,0.0,0.0,0.0,0.0,0.0,279.24790551005253,279.24790551005253,0.0,0.0,0.0,0.0,120.36927425989552,0.0,0.0,519.7572246044676,0.0,0.0,0.0,-681.6243352821039,-407.55208333331797,0.0,0.0,0.0,0.0,0.0,0.0,0.0,0.0,0.0,0.0,0.0,0.0,0.0,0.0,-456.0246758422039,0.0,0.0,0.0,0.0,0.0,0.0,0.0,787.0842246213971,-787.0842246213971,7.952815424099384,0.0,0.0,0.0,0.0,0.0,0.0,490.71353557505074,786.9282079504483,0.0,0.0,0.0,0.0,0.0,0.0,0.0,0.0,0.0,0.0,0.0,0.0,0.0,319.3309778346839,-32.825617108056,87.34149096515927,0.0,0.0,0.0,0.0,82.43096831978414,0.0,0.0,0.0,0.0,-79.75041587107192,191.7740431478651,240.48388313718522,0.0,0.0,0.0,0.0,0.0,0.0,0.0,241.30292095998723,5.087191445972,0.0,0.0,474.8124215572656,-803.9073591888189,433.76557344578214,0.0,-87.34149096515927,0.0,0.0,7.952815424099384,-627.4649258105238,0.0,0.0,0.0,-290.6518740079056,0.0,0.0,-1000.0,0.0,0.0,-1000.0,0.0,0.0,295.44866849670956,0.0,1000.0,0.0,0.0,-19.417463072574137,0.0,0.0,0.0,0.0,0.0,0.0,0.0,1000.0,0.0,0.0,1000.0,0.0,0.0,0.0,-79.75041587107192,-0.038153935844789995,0.0,0.0,0.0,0.0,0.025435957229859994,0.0,0.0,0.0,116.70718396937514,0.0,0.0,-222.1688428911879,174.71298970485415,407.55208333331797,932.7179786149301,0.0,-100.63771758096802,0.0,0.0,0.0,0.0,0.0,191.43733506435342,-90.7996174833854,0.0,-1000.0,-1000.0,0.0,0.0,0.0,0.0,0.0,0.0,0.0,0.0,0.0,0.0,0.0,0.0,0.0,0.0,0.0,0.0,0.0,487.313237312778,0.0,101.0522066197357,0.0,0.0,0.0,0.0,0.0,0.0,310.3260084064495,0.0,0.0,0.0,0.0,0.0,0.0,0.0,0.0,0.0,0.0,0.0,-1.271797861493,-227.8768873918509,0.0,0.0,-1.271797861493,0.0,-0.6358989307465,0.0,-763.8564265084447,0.0,802.5572354336766,0.0,196.17096670483033,7.630787168958,0.0,0.0,0.0,0.0,0.0,0.0,319.3309778346839,0.0,0.0,0.0,87.912808554028,0.0,0.0,-480.29364730999214,0.0,0.0,490.71353557505074,0.0,0.0,-167.45364716624323,0.0,0.0,74.912808554028,0.0,0.0,0.0,0.0,-40.456404277014,0.05087191445978216,0.0,0.0,0.0,0.0,0.0,0.0,0.0,0.0,0.0,540.4536696110641,0.0,0.0,0.0,0.0,0.0,0.0,0.0,0.0,0.0,0.02797955295287115,0.02797955295287115,240.48388313718522,410.2437863887119,0.0,15.261574337916,0.0,0.0,0.0,1000.0,0.0,0.0,0.0,0.0,0.0,170.81452379574384,-1000.0,0.0,0.0,372.3115512213565,0.0,0.0,74.912808554028,0.0,0.0,0.0,0.0,0.0,0.0,0.0,128.71179843954002,-116.70718396937514,0.0,0.0,1.9585687066992195,0.0,909.6162162561164,90.38378374388355,0.0,0.0,170.81452379574384,0.0,0.0,130.35811951872984,0.0,0.0,319.3309778346839,0.0,0.0,0.0,0.0,0.0,0.0,0.0,0.0,0.0,0.0,0.0,0.0,0.0,15.261574337915999,7.952815424099384,7.952815424099384,0.0,0.0,0.0,0.0,0.0,0.0,0.0,0.0,0.0,0.0,0.25435957229859996,0.0,240.48388313718522,0.0,0.0,240.48388313718522,0.0,0.0,0.0,7.630787168958,-372.3115512213565,0.0,0.0,0.0,0.0,0.0,0.0,0.0,0.0,0.0,-79.18585749532096,0.0,0.0,7.630787168957999,7.630787168957999,-730.1948940501528,-1000.0,0.0,74.912808554028,0.0,0.0,0.0,0.0,0.0,-421.94497345979,490.71353557505074,-621.6886855615619,0.025435957229859994,0.0,0.0,0.0,33.59181523020582,0.0,0.0,-1000.0,0.0,0.0,0.0,0.0,0.0,0.0,0.0,0.0,0.0,0.0,0.0,0.0,0.0,0.0,0.025435957229859994,0.0,0.0,0.0,64.41880610150196,-64.41880610150196,0.0,0.0,0.0,0.0,0.0,924.0649777134072,0.0,0.0,-1000.0,-1.9076967922394998,-1.271797861493,0.0,0.0,0.0,0.0,0.0,0.0,0.0,0.0,0.0,0.0,0.0,0.0,7.952815424099384,407.55208333331797,0.0,0.0,1000.0,0.0,0.0,0.0,-0.025435957229859994,0.0,0.0,0.025435957229859994,0.0,0.025435957229859994,0.0,0.0,0.0,15.261574337916,31.031867820429202,31.031867820429202,0.0,0.0,0.0,0.0,0.0,0.0,0.0,0.0,0.0,490.71353557505074,0.0,0.0,193.6273709818444,0.0,0.0,0.0,0.0,0.0,0.0,0.0,0.0,0.0,0.0,0.0,0.0,0.0,0.0,90.38378374388353,0.0,0.0,0.0,0.038153935844789995,0.0,0.0,0.0,-7.630787168958,0.0,0.0,0.0,0.0,0.0,-410.2437863887119,1.271797861493,0.0,0.0,0.0,0.0,-120.36927425989552,-1.271797861493,0.0,0.0,0.0,0.0,0.0,0.0,0.0,0.0,7.952815424099384,0.0,372.3115512213565,153.77986587610823,90.912808554028,0.0,59.912808554028004,0.0,613.7389693069576,309.0542105449565,0.0,-922.7931798519141,0.0,-658.496793630953,0.0,1.271797861493,901.1406086304262,0.0,0.0,-240.48388313718522,-167.45364716624323,0.0,0.0,0.0,0.0,0.0,0.0,0.0,0.0,0.0,412.1514831809514,-415.9668767654304,31.031867820429202,0.0,754.58869481743,754.58869481743,-514.1048116802448,0.0,0.0,0.0,0.0,0.0,241.30292095998723,0.0,0.0,0.0,-574.04548484127,-63.898142240091374,0.0,7.630787168958,0.0,0.0,0.0,0.0,-229.72518330607704,0.0,0.0,0.02797955295287115,0.0,0.0,0.0,15.515933910214597,0.0,0.0,0.0,0.0,-32.825617108056,0.0,630.007182824416,0.0,0.0,0.0,0.0,0.0,0.0,0.0,0.0,0.0025435957229859997,0.0025435957229859997,0.0,0.0,0.0,0.0,0.0,0.0,0.0,0.0,0.0,0.0,240.48388313718522,0.0,0.0,0.0,0.0,410.2437863887119,0.0,0.0,0.0,0.0,0.0,0.0,0.0,0.0,0.0,0.0,0.0,0.0,0.0,0.0,-140.40287579701203,0.0,0.0,0.0,15.261574337916,0.0,0.0,0.0,0.0,0.0,0.0,-15.261574337916,0.0,0.0,0.0,0.0,0.0,0.0,0.0,0.0,0.0,240.48388313718522,240.48388313718522,0.0,621.6886855615619,-1000.0,211.0510016842985,0.0,-7.630787168958,0.0,386.1592868641226,0.0,0.0,0.0,0.0,0.0,0.0,0.0,0.0,0.0,0.0,0.0,0.0,0.0,0.0,0.0,0.0,0.0,-3.1794946537324997,7.952815424099384,-1.9076967922394998,607.6865509550353,0.0,0.0,0.0,0.0,0.0,-505.9302657067637,505.61231624139043,167.45364716624323,0.0,0.0,0.0,0.0,0.0,0.0,0.0,1000.0,7.630787168957999,7.630787168957999,0.0,0.0,0.0,0.0,0.0,0.02797955295287115,410.2437863887119,0.0,0.0,-386.1592868641226,0.0,0.0,0.0,0.0,0.0,0.0,0.0,0.0,0.0,0.0,0.0,0.0,0.0,0.0,0.0,0.0,0.0,0.0,0.0,26.707755091352997,1.9585687066992195,0.0,0.0,0.0,0.0,0.0,410.2437863887119,0.0,0.0,0.0,0.0,0.0,-3.1794946537324997,0.0,0.0,0.0,0.0,0.0,0.0,0.0,0.0,0.0,0.0,0.0,0.0,0.0,0.0,0.0,0.0,0.0,0.0,-0.025435957229859994,0.0,0.0,1.271797861493,-170.81452379574384,0.0,0.0,0.0,0.0,7.952815424099384,0.0,0.0,0.0,-191.43733506435342,0.6358989307465,0.0,0.0,0.0,0.025435957229859994,0.0,25.435957229859994,-7.885146741256599,5.087191445972,0.18168540878471426,70.96632067130939,-0.019076967922394997,1.271797861493,0.5087191445972,-0.12717978614966796,-70.96632067130939,7.630787168957999,-0.025435957229859998,0.0,74.912808554028,0.006358989307464999,0.18168540878471426,0.0,-4.049404390994198,239.97516399258802,140.40287579701203,-0.025435957229859998,0.006358989307464999,-70.96632067130939,2.543595722986,0.025435957229859998,0.025435957229859994,-410.19037087852917,0.027979552952845998,-70.89426962223406,-0.019076967922394997,7.630787168957999,0.025435957229859998,7.630787168958,-12.717978614929999,-0.012717978614929997,8.848684981198275,-85.0,-0.019076967922394997,-0.025435957229859998,-7.885146741256599,0.025435957229859994,2.543595722986,-0.5087191445972,90.38378374388353,90.38378374388353,-2.543595722986,-140.40287579701203,-90.38378374388353,5.087191445972,0.038153935844789995,-1000.0,2.543595722986,-128.71179843954002,74.912808554028,-5.087191445972,0.012717978614929997,0.25435957229859996,55.54221072279697,96.0,-0.025435957229859994,-415.9668767654304,410.19037087852917,7.885146741256599,0.025435957229859998,4.049404390994198,44.389659878196056,74.912808554028,-0.025435957229859994,-0.0063589893074649986,-74.912808554028,-0.025435957229859998,-670.46358710143,0.025435957229859998,-0.0063589893074649986,-0.0063589893074649986,-0.0063589893074649986,10.174382891944,12.717978614929999,0.25435957229859996,18.844864812673315,-0.0063589893074649986,111.08442144559395,1.271797861493,21.5,0.025435957229859994,0.012717978614929997,0.012717978614929999,40.0,7.885146741256598,0.025435957229859994,-7.885146741256599,0.25435957229859996,0.025435957229859998,-18.844864812673315,0.025435957229859998,0.10174382891980827,0.12717978614966796,0.012717978614929997,0.0063589893074649986,7.630787168957999,-0.025435957229859998,70.89426962223406,-119.98758199629401,-37.68972962534663,0.6358989307465,-2.543595722986,5.087191445972,1.271797861493,-0.025435957229859998,0.0,0.038153935844789995,-0.025435957229859998,-80.0,7.885146741256598,451.6162744853605,0.012717978614929999,-43.0,-0.025435957229859998,-0.025435957229859998,-0.025435957229859998,0.012717978614929999,70.96632067130939,-5.087191445972,0.025435957229859994,111.08442144559395,-0.0063589893074649986,-0.027979552952845998,-111.08442144559395,3.815393584478999,85.0,686.0484331184209,70.96632067130939,-0.019076967922394997,415.9668767654304,-96.0,0.025435957229859998,-0.0063589893074649986,1.271797861493,25.435957229859994,-0.012717978614929997,-0.025435957229859998,0.006358989307464999,0.0,0.0,229.6880380315651,0.0,-46.0,0.0,237.3729890983287,-31.0,0.0,-32.0,-93.0,-65.0,-770.29924398982,16.0,23.0,46.5,0.0,15.5,-410.2437863887119,-221.89109117928348,770.29924398982,65.0,-221.89109117928348,-237.3729890983287,95.21986674857332,0.0,1496.5981,hclb
345,0.0,0.0,0.0,0.0,0.0,0.0,0.0,0.0,-0.0195515653129737,0.0,0.0,0.0,0.0,0.0,0.0,0.0,1000.0,40.738468933350916,0.0,-790.5933531067873,0.0,0.0,0.0,708.5661639332751,0.0,86.75055265167896,0.0,0.0,0.0,-704.8730829030823,284.0237928131079,-284.0237928131079,30.567910406583263,0.0,0.0,0.0,0.0,91.25046679922355,0.0,-1000.0,994.1345304061078,0.0,0.0,565.2122338380234,0.0,0.0,0.0,0.0,-956.7355897245398,0.0,0.0,0.0,0.0,0.021506721844290404,0.0,0.0,0.0,0.0,0.0,0.0,-96.39643878959865,0.0,0.0,-96.39643878959865,0.0,0.0,0.0,0.0,0.0,42.975425445628716,0.0,0.195515653129737,0.0,0.0,0.0,0.0,0.0,0.0,0.0,0.0,0.0,0.0,0.0,0.0,11.73093918778422,0.0,0.0,1000.0,-43.264410275460214,-348.2386690731613,-0.004887891328243425,0.0,0.0,-793.061209645608,5.86546959389211,0.0,5.86546959389211,0.0,0.0,0.0,0.0,0.9775782656486849,-1000.0,0.0,0.0,0.0,0.0,0.0,0.0,0.0,0.0,0.0,0.0,0.0,0.0,0.0,0.0,0.0,0.0,0.0,0.0,0.0,0.0,0.0,-355.95997022623635,0.0,0.0,5.86546959389211,0.0,6.060985247021847,0.0,0.0,-842.3243665867222,842.3243665867222,0.0,0.0,0.0,-734.3437500000605,734.3437500000605,0.0,0.0,0.0,0.0,0.0,0.0,1.5054705290989738,0.0195515653129737,0.0,0.0,0.0,349.3162672425211,-414.58402442024,0.0,0.0,0.0,0.0,4.493805042227611,0.0,0.0,0.0,0.0,0.0,715.9566556215791,715.9566556215791,0.0,0.0,0.0,0.0,0.0,0.0,0.0,1000.0,0.0,0.0,0.0,0.0,-45.362630307826294,0.0,0.0,0.0,0.0,0.0,0.0,0.0,0.0,0.0,0.0,0.0,0.0,0.0,0.0,-373.54411471346793,0.0,0.0,0.0,0.0,0.0,0.0,0.0,956.7355897245398,-956.7355897245398,0.0,0.0,0.0,0.0,0.0,0.0,0.0,295.12691709691774,-876.0865015489976,0.0,0.0,0.0,0.0,0.0,0.0,0.0,0.0,0.0,0.0,0.0,0.0,0.0,348.91953089216486,30.08838330290837,661.608672627622,0.0,0.0,0.0,0.0,83.02529190338966,0.0,0.0,0.0,0.0,-96.39643878959865,96.39643878959865,284.0237928131079,0.0,0.0,0.0,0.0,0.0,0.0,0.0,284.6533532161862,3.9103130625947395,0.0,0.0,0.0,-1000.0,1000.0,0.0,-661.608672627622,0.0,0.0,0.0,0.0,0.0,0.0,0.0,-196.87122927476935,0.0,0.0,-1000.0,0.0,-35.57063546378441,-1000.0,0.0,-35.57063546378444,913.4711794490796,0.0,163.61629527564332,0.0,0.0,-28.47642468019302,0.0,0.0,0.0,616.3364351512025,0.0,-616.3364351512025,0.0,1000.0,0.0,0.0,0.0,0.0,0.0,0.0,-96.39643878959865,-0.029327347969460547,0.0,0.0,0.0,0.0,0.0195515653129737,0.0,0.0,0.0,0.0,1000.0,0.0,-412.6353350711122,-138.78097732908216,45.362630307826294,1000.0,0.0,707.9924278393204,0.0,0.0,0.0,0.0,0.0,-1.6833897734470544,0.0,-706.3090380658733,-1000.0,-1000.0,0.0,0.0,0.0,0.0,0.0,0.0,0.0,0.0,0.0,0.0,0.0,0.0,0.0,0.0,0.0,0.0,0.0,-908.6713269395248,0.0,-1000.0,0.0,0.0,0.0,0.0,0.0,0.0,-2.135030932177275,0.0,0.0,0.0,0.0,0.0,677.5389097078325,0.0,0.0,0.0,-677.5389097078325,-1000.0,0.0,679.9828553719542,0.0,0.0,-0.9775782656486849,0.0,-0.48878913282434244,-0.9775782656486849,0.0,0.0,0.0,0.0,325.3938250891135,5.86546959389211,0.0,0.0,0.0,382.29824375370384,0.0,0.0,0.0,-348.91953089216486,348.91953089216486,348.91953089216486,-293.2085568162986,0.0,0.0,-0.0391031306259474,0.0,0.0,295.12691709691774,0.0,0.0,-192.7928775791973,0.0,0.0,0.0,0.0,0.0,0.0,0.0,-41.04484346870263,0.03910313062592572,0.0,0.0,0.0,0.0,0.0,0.0,0.0,0.0,0.0,0.0,0.0,0.0,0.0,0.0,0.0,0.0,0.0,0.0,0.0,0.021506721844290404,0.021506721844290404,284.0237928131079,441.0092178295701,0.0,11.73093918778422,0.0,0.0,0.0,1000.0,0.0,0.0,0.0,0.0,0.0,-116.9748311503177,-1000.0,0.0,0.0,0.0,0.0,0.0,0.0,0.0,0.0,0.0,0.0,0.0,0.0,0.0,118.65332340874545,0.0,65.26775717771889,0.0,1.5054705290989738,0.0,-663.877942400859,-129.183267244749,-212.20855914813865,0.0,-116.9748311503177,0.0,67.20303337619036,-225.22270799521067,108.91146830576895,-108.91146830576895,348.91953089216486,0.0,0.0,0.0,0.0,0.0,0.0,0.0,0.0,0.0,0.0,0.0,0.0,0.0,11.73093918778422,0.0,0.0,0.0,0.0,0.0,0.0,0.0,0.0,0.0,0.0,0.0,0.0,0.195515653129737,0.0,284.0237928131079,0.0,0.0,284.0237928131079,0.0,0.0,0.0,5.86546959389211,0.0,0.0,0.0,0.0,0.0,0.0,0.0,0.0,0.0,0.0,1000.0,641.325865677004,0.0,5.86546959389211,5.86546959389211,1000.0,-1000.0,0.0,0.0,0.0,0.0,0.0,0.0,0.0,1000.0,295.12691709691774,901.9887067442638,0.019551565313008723,0.0,0.0,-212.77419207846742,238.5948271550082,0.0,0.0,793.061209645608,0.0,0.0,0.0,0.0,0.0,0.0,0.0,0.0,0.0,0.0,0.0,0.0,0.0,0.0,0.0195515653129737,0.0,0.0,0.0,0.0,0.0,0.0,0.0,0.0,0.0,-2.135030932177275,0.0,0.0,0.0,-91.32867306047524,-1.4663673984730274,0.0,-0.9775782656486849,0.0,0.0,0.0,0.0,0.0,0.0,0.0,0.0,0.0,0.0,0.0,0.0,45.362630307826294,0.0,0.0,326.37140335476215,0.0,0.0,0.0,-0.0195515653129737,0.0,0.0,0.0195515653129737,0.0,0.019551565313008723,0.0,42.975425445628716,0.0,11.73093918778422,23.852909681827914,23.852909681827914,0.0,0.0,0.0,0.0,0.0,0.0,0.0,65.26775717771889,0.0,295.12691709691774,0.0,0.0,0.0,0.0,0.0,0.0,0.0,0.0,0.0,0.0,0.0,0.0,0.0,0.0,0.0,0.0,0.0,83.02529190338966,0.0,-43.77512720605024,43.77512720605024,0.029327347969460547,0.0,0.0,0.0,-5.86546959389211,0.0,0.0,0.0,0.0,0.0,-441.0092178295701,0.9775782656486849,0.0,0.0,0.0,0.0,0.0,0.0,-0.9775782656486849,0.0,0.0,0.0,0.0,0.0,0.0,0.0,0.0,0.0,0.0,0.0,92.08968693740526,0.0,126.35744411512415,0.0,0.0,0.0,0.0,0.0,0.0,-23.852909681827914,0.0,0.9775782656486849,924.0108862545972,0.0,0.0,-284.0237928131079,-192.7928775791973,0.0,0.0,0.0,0.0,0.0,0.0,0.0,0.0,0.0,-2.9327347969460558,0.0,23.852909681827914,0.0,0.0,0.0,284.0237928131079,0.0,0.0,0.0,0.0,0.0,284.6533532161862,0.0,0.0,445.40832002498917,-25.820635076540768,-740.3855239130054,0.0,5.86546959389211,0.0,0.0,0.0,0.0,-50.16846110363962,0.0,0.0,0.021506721844290404,0.0,0.0,0.0,11.926454840913957,0.0,0.0,0.0,0.0,30.08838330290837,0.0,0.0,0.0,0.0,0.0,0.0,0.0,0.0,-1000.0,0.0,0.0019551565312974258,0.0019551565312974258,0.0,0.0,0.0,0.0,0.0,0.0,0.0,0.0,0.0,-212.77419207846742,284.0237928131079,0.0,0.0,0.0,0.0,441.0092178295701,0.0,0.0,0.0,0.0,0.0,0.0,0.0,0.0,0.0,0.0,0.0,0.0,-583.7126475556839,1000.0,40.738468933350916,0.0,0.0,0.0,11.73093918778422,0.0,0.0,0.0,0.0,0.0,0.0,-11.73093918778422,0.0,0.0,0.0,0.0,0.0,0.0,0.0,0.0,0.0,284.0237928131079,284.0237928131079,0.0,-901.9887067442638,-1000.0,13.392822239386986,0.0,-5.86546959389211,0.0,91.25046679922355,0.0,0.0,0.0,0.0,0.0,0.0,0.0,0.0,0.0,945.3125,0.0,-945.3125,-945.3125,0.0,0.0,0.0,0.0,-2.4439456641217125,0.0,-1.4663673984730274,-1.4663673984730263,0.0,0.0,0.0,0.0,0.0,0.0,-0.24439456641217125,192.7928775791973,0.0,0.0,0.0,0.0,0.0,0.0,0.0,1000.0,5.86546959389211,5.86546959389211,0.0,0.0,0.0,0.0,0.0,0.021506721844290404,441.0092178295701,0.0,0.0,-91.25046679922355,0.0,0.0,0.0,0.0,0.0,0.0,0.0,0.0,0.0,0.0,0.0,0.0,0.0,0.0,0.0,0.0,0.0,0.0,0.0,20.529143578622385,0.0,0.0,1.5054705290989738,0.0,0.0,0.0,441.0092178295701,0.0,0.0,0.0,0.0,0.0,-2.4439456641217125,0.0,0.0,0.0,0.0,0.0,0.0,0.0,0.0,0.0,0.0,0.0,0.0,0.0,0.0,0.0,0.0,0.0,0.0,-0.019551565313008723,0.0,0.0,0.9775782656486849,116.9748311503177,0.0,0.0,0.0,0.0,0.0,0.0,0.0,0.0,1.6833897734470544,0.48878913282434244,0.0,0.0,86.75055265167896,0.0195515653129737,0.0,19.551565312973697,-6.060985247021847,3.91031306259474,0.13965403794981213,54.54886722319662,-0.014663673984730273,0.9775782656486849,0.39103130625947397,-0.09775782656467413,-54.54886722319662,5.86546959389211,-0.0195515653129737,0.0,0.0,0.004887891328243425,0.13965403794981213,0.0,-3.11260919782596,283.6327615068484,-250.14511582656365,-0.0195515653129737,0.004887891328243425,-54.54886722319662,1.9551565312973698,0.0195515653129737,0.0195515653129737,-440.9681595424129,0.021506721844271125,-71.61275387528589,-0.014663673984730273,5.86546959389211,0.0195515653129737,5.86546959389211,-9.77578265648685,-0.00977578265648685,67.11894883305828,-85.0,-0.014663673984730273,-0.0195515653129737,-6.060985247021847,0.0195515653129737,1.9551565312973698,-0.39103130625947397,83.02529190338966,83.02529190338966,-1.9551565312973698,250.14511582656365,-83.02529190338966,3.9103130625947395,0.029327347969460547,-1000.0,1.9551565312973698,-118.65332340874545,0.0,-3.9103130625947395,0.00977578265648685,0.195515653129737,103.15883376777805,96.0,-0.0195515653129737,-445.40832002498917,440.9681595424129,6.060985247021847,0.0195515653129737,3.11260919782596,-23.461878375568304,0.0,-0.0195515653129737,-0.004887891328243425,0.0,-0.0195515653129737,-41.04484346870263,0.0195515653129737,-0.004887891328243425,-0.004887891328243425,-0.004887891328243425,7.820626125189479,9.77578265648685,0.195515653129737,340.35126774068374,-0.004887891328243425,206.3176675355561,0.9775782656486849,21.5,0.0195515653129737,0.00977578265648685,0.00977578265648685,1.9551565312973698,6.060985247021847,0.0195515653129737,-6.060985247021847,0.195515653129737,0.0195515653129737,-992.083271319553,0.0195515653129737,0.07820626125175068,0.09775782656467413,0.00977578265648685,0.004887891328243425,5.86546959389211,-0.0195515653129737,71.61275387528589,-141.8163807534242,-680.7025354813675,0.48878913282434255,-1.9551565312973698,3.9103130625947395,0.9775782656486849,-0.0195515653129737,0.0,0.029327347969460547,-0.0195515653129737,-3.9103130625947395,6.060985247021847,8.440615550320587,0.00977578265648685,-43.0,-0.0195515653129737,-0.0195515653129737,-0.019551565312973702,0.00977578265648685,54.54886722319662,-3.9103130625947395,0.0195515653129737,206.3176675355561,-0.004887891328243425,-0.021506721844271125,-206.3176675355561,2.9327347969460544,85.0,1000.0,54.54886722319662,-0.014663673984730273,445.40832002498917,-96.0,0.0195515653129737,-0.004887891328243424,0.9775782656486849,19.551565312973697,-0.00977578265648685,-0.0195515653129737,0.004887891328243425,0.0,0.0,434.7577138414252,651.7320035788692,-46.0,0.0,8.006326623555204,-31.0,0.0,-32.0,-93.0,-65.0,-565.2325103759183,16.0,23.0,46.5,0.0,15.5,-441.0092178295701,41.727845553319035,565.2325103759183,65.0,41.727845553319035,-8.006326623555204,14.756524233913069,0.0,1496.5981,hclb
346,0.0,0.0,0.0,0.0,0.0,0.0,0.0,0.0,-0.04013695059117717,0.0,0.0,0.0,0.0,0.0,0.0,0.0,-1000.0,1000.0,0.0,106.72766437692019,0.0,0.0,0.0,1000.0,0.0,0.0,0.0,0.0,0.0,43.63444749114808,0.0,0.0,0.0,0.0,0.0,0.0,0.0,-140.67003536020104,0.0,-605.3452791197803,1000.0,0.0,0.0,0.0,0.0,0.0,0.0,0.0,69.87535895474934,-228.103855167952,0.0,0.0,0.0,0.04415064565033458,0.0,0.0,0.0,8.027390118235434,0.0,0.0,-39.28115399238291,0.0,-192.97388392895087,-294.34923022365416,0.0,0.0,0.0,0.0,0.0,62.094192302320394,0.0,0.40136950591177173,0.0,0.0,0.0,0.0,0.0,0.0,0.0,0.0,0.0,0.0,-141.73021512706444,0.0,24.082170354706303,0.0,51.44537209797753,-516.5115267662893,553.36383218846,761.0340591191875,-0.010034237647794292,0.0,0.0,774.2407913793519,12.041085177353152,0.0,12.041085177353152,-1.292409809036371,0.0,0.0,0.0,2.0068475295588586,-548.6917651255367,0.0,0.0,0.0,0.0,0.0,0.0,0.0,0.0,0.0,0.0,0.0,0.0,0.0,0.0,0.0,0.0,0.0,0.0,0.0,0.0,0.0,-531.9772904916999,0.0,0.0,12.041085177353152,0.0,12.44245468326492,12.44245468326492,0.0,253.0204974513283,0.0,-253.0204974513283,253.0204974513283,0.0,0.0,0.0,-62.094192302320394,0.0,0.0,0.0,0.0,0.0,196.2661324205626,0.04013695059117717,0.0,0.0,0.0,0.0,0.0,0.0,0.0,141.73021512706444,0.0,37.57206153679078,0.0,0.0,0.0,0.0,0.0,528.6810815933447,528.6810815933447,0.0,0.0,0.0,0.0,699.3325681766042,0.0,0.0,528.721218543936,0.0,0.0,0.0,-1000.0,-546.9091094932871,0.0,0.0,0.0,0.0,0.0,0.0,0.0,0.0,0.0,0.0,0.0,0.0,0.0,0.0,-388.5439306250208,0.0,0.0,0.0,0.0,0.0,228.103855167952,0.0,-553.36383218846,553.36383218846,0.0,0.0,0.0,0.0,0.0,0.0,0.0,592.3262126166848,-948.187193348215,0.0,0.0,0.0,0.0,0.0,0.0,0.0,0.0,0.0,0.0,0.0,0.0,0.0,294.49697553911244,-26.94521976352913,886.4901935541026,0.0,0.0,0.0,0.0,80.9461679902911,0.0,0.0,0.0,0.0,-39.28115399238291,886.4901935541026,0.0,0.0,0.0,0.0,0.0,0.0,0.0,0.0,0.0,0.0,0.0,0.0,-548.901541147899,557.826123229021,-1000.0,0.0,-886.4901935541026,0.0,0.0,62.094192302320394,-310.23510060542225,0.0,0.0,0.0,-223.8286070882573,0.0,0.0,-562.1825691040306,-723.6743229715021,276.32567702849786,161.49175386747163,0.0,1000.0,0.0,0.0,1000.0,228.103855167952,0.0,55.92083352562304,0.0,0.0,0.0,182.14817143946345,0.0,-182.14817143946345,0.0,867.844802447471,62.094192302320394,0.0,-942.1492485606716,0.0,0.0,0.0,-39.28115399238291,-0.06020542588676575,0.0,0.0,0.0,0.0,0.04013695059117717,0.0,0.0,0.0,295.55667745737657,-1000.0,0.0,-362.8133336537507,-69.29016987234995,546.9091094932871,877.9742829932682,0.0,0.0,0.0,0.0,0.0,0.0,0.0,-3.4557914459003936,3.4557914459003936,0.0,84.84717065678359,-1000.0,0.0,0.0,0.0,0.0,0.0,0.0,0.0,0.0,0.0,0.0,0.0,0.0,0.0,0.0,0.0,0.0,0.0,-1000.0,0.0,-836.9944789831437,141.73021512706444,0.0,0.0,0.0,0.0,0.0,-196.2661324205626,0.0,0.0,0.0,0.0,0.0,0.0,921.8750000000165,-2.0068475295588586,0.0,-3.4557914459003936,-435.605145600605,0.0,0.0,-54.04440397102006,-921.8750000000165,0.0,0.0,-1.0034237647794293,-2.0068475295588586,0.0,0.0,928.3410627402552,0.0,-424.198060310156,12.041085177353152,-859.3437500006712,859.3437500006712,0.0,0.0,0.0,0.0,0.0,-294.49697553911244,294.49697553911244,294.49697553911244,84.97260988176457,0.0,0.0,-493.53997409865013,0.0,0.0,592.3262126166848,0.0,0.0,-37.765756091131124,0.0,0.0,134.06680218408496,0.0,0.0,0.0,0.0,-38.986304940882285,0.08027390118230984,0.0,0.0,0.0,0.0,0.0,0.0,0.0,0.0,0.0,0.0,0.0,0.0,0.0,0.0,0.0,0.0,0.0,0.0,0.0,0.04415064565033458,0.04415064565033458,0.0,382.469585420877,0.0,24.082170354706303,0.0,0.0,0.0,1000.0,0.0,0.0,51.44537209797753,0.0,0.0,198.87339359320578,-1000.0,0.0,0.0,0.0,0.0,0.0,134.06680218408496,0.0,0.0,0.0,0.0,0.0,0.0,0.0,177.3257634972333,-295.55667745737657,0.0,0.0,54.53591729349817,0.0,1000.0,-225.7592086206481,-306.7053766109392,0.0,101.39058193745161,0.0,-722.0212351323808,881.9083237847042,0.0,0.0,294.49697553911244,0.0,0.0,0.0,0.0,0.0,0.0,0.0,0.0,0.0,0.0,0.0,0.0,0.0,24.082170354706303,62.094192302320394,62.094192302320394,0.0,0.0,0.0,0.0,0.0,0.0,0.0,0.0,0.0,0.0,0.40136950591177173,0.0,0.0,51.44537209797753,-51.44537209797753,0.0,0.0,0.0,0.0,12.041085177353152,0.0,0.0,0.0,0.0,0.0,0.0,0.0,0.0,0.0,0.0,693.8588683548778,0.0,0.0,12.041085177353152,12.041085177353152,970.5711454708108,-1000.0,0.0,134.06680218408496,0.0,0.0,0.0,0.0,0.0,-536.155405531247,592.3262126166848,-653.5514105503125,0.04013695059117717,0.0,0.0,0.0,3.236758372674216,0.0,0.0,-774.2407913793519,0.0,-62.094192302320394,0.0,0.0,0.0,0.0,7.498677819673397,0.0,0.0,0.0,0.0,0.0,0.0,0.0,0.04013695059117717,0.0,0.0,0.0,0.0,0.0,0.0,0.0,0.0,0.0,0.0,595.619268291281,0.0,0.0,-628.8798796949873,-3.010271294338288,-2.0068475295588586,0.0,0.0,-640.625,-640.6249999999999,640.625,0.0,0.0,0.0,0.0,0.0,0.0,0.0,62.094192302320394,546.9091094932871,0.0,0.0,506.14984995965807,0.0,0.0,0.0,-0.04013695059117717,0.0,0.0,0.04013695059117717,0.0,0.04013695059117717,22.496033459020193,0.0,0.0,24.082170354706303,48.967079721236146,48.967079721236146,0.0,0.0,0.0,0.0,0.0,0.0,0.0,0.0,0.0,592.3262126166848,0.0,0.0,0.0,0.0,0.0,0.0,0.0,0.0,0.0,0.0,0.0,0.0,0.0,0.0,0.0,0.0,0.0,80.9461679902911,0.0,0.0,0.0,0.06020542588676575,0.0,0.0,0.0,-12.041085177353152,0.0,0.0,0.0,0.0,0.0,-382.469585420877,2.0068475295588586,0.0,0.0,0.0,0.0,-699.3325681766042,-595.619268291281,0.0,0.0,0.0,0.0,0.0,0.0,0.0,0.0,62.094192302320394,0.0,0.0,0.0,87.97260988176457,0.0,27.40107094649296,0.0,791.8854007118435,-791.8854007118435,0.0,0.0,141.73021512706444,-359.2021803266584,0.0,2.0068475295588586,760.1747685481503,0.0,0.0,0.0,-140.6565002870862,-828.1250000000018,828.1250000000018,267.7809845033936,-267.7809845033936,0.0,0.0,0.0,0.0,0.0,-3.010271294338288,-3.0102712943383327,48.967079721236146,0.0,0.0,0.0,0.0,0.0,0.0,0.0,0.0,0.0,0.0,0.0,0.0,388.4901280095536,-3.236758372674216,312.77988569000627,0.0,12.041085177353152,51.44537209797753,0.0,0.0,0.0,-16.900142281813558,0.0,0.0,0.04415064565033458,0.0,0.0,0.0,24.483539860618073,0.0,0.0,0.0,0.0,-26.94521976352913,0.0,0.0,0.0,0.0,0.0,0.0,0.0,0.0,-1000.0,0.0,0.004013695059117717,0.004013695059117717,0.0,0.0,0.0,0.0,0.0,22.496033459020193,0.0,0.0,0.0,0.0,0.0,0.0,0.0,0.0,0.0,382.469585420877,0.0,0.0,0.0,0.0,0.0,0.0,0.0,228.103855167952,0.0,0.0,0.0,102.89074419595507,0.0,-823.3969766683305,1000.0,0.0,0.0,0.0,24.082170354706303,0.0,0.0,0.0,0.0,0.0,0.0,-24.082170354706303,0.0,102.89074419595507,0.0,0.0,0.0,0.0,0.0,0.0,0.0,0.0,0.0,0.0,653.5514105503124,-1000.0,27.49381115495636,-604.3899815779021,592.3488964005489,0.0,-163.16606881922124,0.0,0.0,0.0,0.0,0.0,0.0,0.0,0.0,0.0,0.0,0.0,0.0,0.0,0.0,0.0,0.0,0.0,-5.017118823897146,62.094192302320394,-3.010271294338288,0.0,0.0,0.0,0.0,0.0,0.0,0.0,-0.5017118823897146,179.49597121819556,0.0,0.0,0.0,0.0,0.0,0.0,0.0,1000.0,12.041085177353152,12.041085177353152,0.0,0.0,0.0,0.0,0.0,0.04415064565033458,382.469585420877,0.0,0.0,140.67003536020104,0.0,0.0,0.0,0.0,0.0,0.0,0.0,0.0,0.0,0.0,0.0,0.0,0.0,0.0,11.248016729510097,0.0,0.0,12.44245468326492,0.0,42.14379812073603,54.53591729349817,0.0,0.0,0.0,0.0,0.0,382.469585420877,0.0,592.3200109526857,0.0,0.0,0.0,-5.017118823897146,0.0,0.0,0.0,0.0,0.0,0.0,0.0,0.0,0.0,0.0,0.0,0.0,0.0,0.0,0.0,0.0,0.0,0.0,-0.04013695059117717,0.0,0.0,2.0068475295588586,-198.87339359320578,0.0,0.0,0.0,0.0,62.094192302320394,0.0,0.0,0.0,3.4557914459003936,1.0034237647794293,0.0,0.0,0.0,0.04013695059117717,0.0,40.13695059117717,0.0,8.027390118235434,0.2866925042226941,136.86700151591413,-0.030102712943382876,2.0068475295588586,0.8027390118235435,22.295348706064033,-136.86700151591413,12.041085177353152,-0.040136950591177174,0.0,134.06680218408496,0.010034237647794294,0.2866925042226941,0.0,-57.835174632093384,-0.8027390118235435,-106.72766437692019,-0.040136950591177174,0.010034237647794294,-136.86700151591413,4.013695059117717,0.040136950591177174,0.04013695059117717,-382.3852978246355,-51.401221452327235,-38.986304940882285,-0.030102712943382876,12.041085177353152,0.040136950591177174,12.041085177353153,-20.068475295588584,-0.020068475295588587,1.4142434040915077,-85.0,-0.03010271294338288,-0.04013695059117717,0.0,0.04013695059117717,4.013695059117708,-0.8027390118235435,80.9461679902911,80.9461679902911,-4.013695059117717,106.72766437692019,-80.9461679902911,8.027390118235434,0.06020542588676575,-1000.0,4.013695059117717,-177.3257634972333,134.06680218408496,-8.027390118235434,0.020068475295588584,0.40136950591177173,90.70333341343768,96.0,-0.04013695059117717,-391.5003993038919,382.3852978246355,12.44245468326492,0.040136950591177174,57.835174632093384,85.90246147467246,134.06680218408496,-0.04013695059117717,-0.010034237647794294,-134.06680218408496,-0.040136950591177174,-38.986304940882285,0.04013695059109068,-0.010034237647794292,-0.010034237647794292,-0.010034237647794292,16.05478023647087,20.068475295588584,0.40136950591177173,184.6741606898392,-0.010034237647794294,181.40666682687535,2.0068475295588586,21.5,0.04013695059117717,0.020068475295588584,0.020068475295588587,40.0,0.0,0.04013695059117717,0.0,0.40136950591177173,0.040136950591177174,-494.549555531039,0.040136950591177174,0.16054780236496075,-22.295348706064033,0.020068475295588587,0.010034237647794294,12.041085177353152,-0.040136950591177174,38.986304940882285,0.40136950591177173,-369.3483213796784,1.0034237647794293,-4.013695059117708,8.027390118235434,2.0068475295588586,-0.040136950591177174,0.0,0.06020542588676575,-0.040136950591177174,-80.0,0.0,41.271676255910975,0.020068475295588587,-43.0,-0.040136950591177174,-0.04013695059109068,-0.040136950591177174,0.020068475295588584,136.86700151591413,-8.027390118235434,0.04013695059117717,181.40666682687535,-0.010034237647794292,51.401221452327235,-181.40666682687535,6.020542588676575,85.0,773.4500623549657,136.86700151591413,-0.03010271294338288,391.5003993038919,-96.0,0.040136950591177174,-0.010034237647794295,2.0068475295588586,40.13695059117717,-0.020068475295588584,-0.040136950591177174,0.010034237647794294,81.26836426168711,0.0,238.94587240551687,309.8753948411998,-46.0,0.0,314.8441443907385,-0.8870266080650531,0.0,173.59632363178088,-93.0,-35.428461064728396,-761.0340591191875,-86.79816181589044,23.0,46.5,0.0,0.44351330403252653,-382.469585420877,-24.37153397409742,761.0340591191875,35.428461064728396,-24.37153397409742,-314.8441443907385,112.46399392847417,0.0,1496.5981,hclb
347,0.0,0.0,0.0,0.0,0.0,0.0,0.0,0.0,-0.04112642639111024,0.0,0.0,0.0,0.0,0.0,0.0,0.0,-163.89878000944,704.5436895713696,0.0,0.0,0.0,0.0,0.0,11.366766753937029,0.0,0.0,0.0,0.0,0.0,0.0,0.0,0.0,94.33016380483718,0.0,0.0,0.0,0.0,999.8354942944358,0.0,-1000.0,1000.0,0.0,-327.79756001888,-163.89878000944,0.0,0.0,0.0,0.0,0.0,-575.2069809159606,0.0,0.0,0.0,0.04523906903020958,0.0,0.0,0.0,0.0,0.0,0.0,84.88059798633168,0.0,1000.0,819.3732021748059,0.0,0.0,0.0,0.0,0.0,86.98782246387567,0.0,0.41126426391110243,0.0,0.0,0.0,0.0,0.0,0.0,0.0,0.0,0.0,0.0,-12.855724830487283,0.0,24.675855834666148,0.0,0.0,188.3730647762448,0.0,516.1706247951248,-0.010281606597777562,0.0,0.0,-372.6440089994531,12.337927917333074,0.0,12.337927917333074,0.0,845.2797917363765,0.0,0.0,2.0563213195555123,-894.4599395286479,0.0,0.0,-0.8841546767393168,0.0,0.0,0.0,0.0,0.0,0.0,0.0,0.0,0.0,0.0,0.0,0.0,0.0,0.0,0.0,0.0,0.0,0.0,-932.2743814078285,0.0,0.0,12.337927917333074,0.0,12.749192181244172,12.749192181244172,0.0,-101.70325377520808,0.0,101.70325377520808,-101.70325377520808,0.0,0.0,0.0,-265.5073958115258,0.0,0.0,0.0,0.0,0.0,16.022459662602785,0.04112642639111024,0.0,0.0,0.0,0.0,0.0,0.0,0.0,0.0,0.0,-65.99533086095974,0.0,0.0,0.0,0.0,0.0,532.9907904189727,532.9907904189727,0.0,0.0,0.0,0.0,252.1172174674291,0.0,0.0,533.0319168453638,0.0,0.0,0.0,-791.6983143091604,-420.57291666669494,0.0,0.0,0.0,0.0,0.0,0.0,0.0,0.0,0.0,-91.0495619449982,0.0,0.0,0.0,0.0,-1000.0,0.0,0.0,0.0,0.0,0.0,575.2069809159606,327.79756001888,-516.1706247951248,516.1706247951248,178.5195733476501,0.0,0.0,0.0,0.0,0.0,0.0,894.4599395286479,-948.3660885771109,0.0,0.0,0.0,0.0,0.0,0.0,0.0,0.0,0.0,0.0,0.0,0.0,0.0,446.51041902040197,23.259261374238683,-163.89878000944,0.0,0.0,0.0,0.0,80.84623093449787,0.0,0.0,0.0,0.0,84.88059798633168,0.0,0.0,0.0,0.0,0.0,0.0,0.0,0.0,0.0,1.3242709297934425,8.22528527822205,0.0,0.0,244.89732986032834,433.270394636573,0.0,0.0,163.89878000944,0.0,0.0,265.5073958115258,0.0,0.0,0.0,0.0,-252.27380291663633,0.0,0.0,-794.0323652446452,0.0,459.6882824190463,-794.0323652446453,0.0,459.6882824190463,-516.1706247951248,0.0,0.0,575.2069809159606,0.0,-119.12469028846203,0.0,0.0,0.0,0.0,0.0,0.0,0.0,847.9763066962457,86.98782246387567,0.0,0.0,0.0,0.0,0.0,84.88059798633168,-0.06168963958666537,0.0,0.0,0.0,0.0,0.04112642639111024,0.0,0.0,0.0,726.9719968707255,-163.89878000944,0.0,-384.07079388890173,101.04395991086204,420.57291666669494,853.5753907316795,0.0,0.0,0.0,-0.8841546767393168,0.0,0.0,0.0,-3.5409853122745796,-77.32415408229276,80.86513939456735,-358.65641399759295,-1000.0,0.0,0.0,0.0,0.0,0.0,0.0,0.0,0.0,0.0,0.0,0.0,0.0,0.0,0.0,0.0,0.0,0.0,0.0,0.0,-1000.0,0.0,0.0,0.0,766.690740788283,314.25312046043797,0.0,141.86448343313623,0.0,858.1355165668638,0.0,0.0,0.0,0.0,0.0,0.0,0.0,77.32415408229276,-997.7678299890802,-2.0563213195555123,-937.6251104585779,801.3832379283806,0.0,-385.40169171369706,484.7544371928703,-1.0281606597777562,0.0,766.0890141960007,0.0,0.0,0.0,423.7007932152503,12.337927917333074,0.0,0.0,0.0,0.0,0.0,0.0,0.0,-446.51041902040197,446.51041902040197,446.51041902040197,20.535656893697244,0.0,0.0,-315.0266427036641,0.0,0.0,894.4599395286479,0.0,0.0,-95.74619983886242,0.0,0.0,158.76253718565363,0.0,0.0,0.0,0.0,10.921333456905609,0.08225285278214721,0.0,0.0,0.0,0.0,0.0,0.0,0.0,0.0,0.0,0.0,0.0,0.0,0.0,0.0,0.0,0.0,0.0,0.0,0.0,0.04523906903020958,0.04523906903020958,0.0,534.2851337421799,0.0,24.675855834666148,0.0,0.0,0.0,1000.0,0.0,43.971301450592975,0.0,0.0,0.0,107.30761870489086,-1000.0,0.0,0.0,0.0,0.0,0.0,158.76253718565363,0.0,0.0,0.0,0.0,0.0,0.0,0.0,310.75812713594286,-726.9719968707255,0.0,0.0,3.166734832115594,0.0,0.0,-372.6440089994531,-632.009813281601,0.0,107.30761870489086,0.0,898.4860263499886,-780.2570741881922,0.0,0.0,446.51041902040197,0.0,0.0,0.0,0.0,0.0,0.0,0.0,0.0,0.0,0.0,0.0,0.0,0.0,24.675855834666148,265.5073958115258,265.5073958115258,0.0,0.0,0.0,0.0,0.0,0.0,0.0,0.0,0.0,0.0,0.41126426391110243,0.0,0.0,0.0,0.0,0.0,327.79756001888,0.0,0.0,12.337927917333074,0.0,0.0,0.0,0.0,0.0,0.0,0.0,0.0,0.0,0.0,23.786947524052323,0.0,0.0,12.337927917333074,12.337927917333074,1000.0,-1000.0,0.0,158.76253718565363,0.0,0.0,0.0,0.0,0.0,1000.0,894.4599395286479,933.5349246338378,0.04112642639111024,0.0,0.0,3.3165525282545336,0.0,65.12321250482003,0.0,372.6440089994531,0.0,-86.98782246387567,0.0,0.0,0.0,0.0,0.0,0.0,0.0,0.0,0.0,0.0,0.0,0.0,0.04112642639111024,0.0,0.0,0.0,376.30894690574314,-376.30894690574314,0.0,0.0,0.0,0.0,0.0,1000.0,0.0,0.0,-1000.0,-3.0844819793332685,-2.0563213195555123,0.0,0.0,0.0,0.0,0.0,0.0,0.0,0.0,0.0,0.0,0.0,0.0,265.5073958115258,420.57291666669494,0.0,0.0,425.75711453480585,0.0,0.0,0.0,-0.04112642639111024,0.0,0.0,0.04112642639111024,0.0,0.04112642639111024,0.0,0.0,0.0,24.675855834666148,50.1742401971545,50.1742401971545,0.0,0.0,0.0,0.0,0.0,0.0,12.855724830487283,0.0,0.0,894.4599395286479,0.0,0.0,0.0,0.0,0.0,0.0,0.0,0.0,0.0,0.0,0.0,0.0,0.0,0.0,0.0,0.0,0.0,259.36580428214796,0.0,0.0,0.0,0.06168963958666537,0.0,0.0,0.0,-12.337927917333074,0.0,0.0,0.0,0.0,0.0,-534.2851337421799,2.0563213195555123,0.0,0.0,0.0,0.0,-252.1172174674291,-1000.0,0.0,0.0,0.0,0.0,0.0,0.0,0.0,0.0,265.5073958115258,0.0,0.0,0.0,87.77471472177795,0.0,56.774714721777954,64.23905782808072,0.0,-858.1355165668638,858.1355165668638,0.0,0.0,-50.1742401971545,0.0,2.0563213195555123,814.6596468258222,0.0,0.0,0.0,-95.74619983886242,0.0,0.0,0.0,0.0,0.0,-159.21121402553246,0.0,0.0,0.0,628.4191776665114,-543.5385796801797,50.1742401971545,0.0,0.0,0.0,0.0,0.0,0.0,0.0,0.0,0.0,1.3242709297934425,0.0,0.0,0.0,-3.3165525282545336,0.0,-327.79756001888,12.337927917333074,0.0,0.0,0.0,0.0,-100.36035692143507,0.0,0.0,0.04523906903020958,0.0,0.0,0.0,25.08712009857725,0.0,0.0,0.0,0.0,23.259261374238683,0.0,0.0,0.0,0.0,0.0,0.0,0.0,0.0,0.0,0.0,0.004112642639111024,0.004112642639111024,0.0,0.0,0.0,0.0,0.0,0.0,0.0,0.0,0.0,3.3165525282545336,0.0,0.0,0.0,0.0,0.0,534.2851337421799,0.0,0.0,0.0,0.0,0.0,0.0,0.0,575.2069809159606,0.0,0.0,0.0,0.0,0.0,0.0,704.5436895713696,0.0,0.0,0.0,24.675855834666148,0.0,0.0,0.0,0.0,0.0,0.0,-24.675855834666148,0.0,0.0,0.0,0.0,0.0,0.0,0.0,0.0,0.0,0.0,0.0,0.0,-933.5349246338378,-253.11635352624083,28.171602077910507,0.0,-12.337927917333074,0.0,999.8354942944358,0.0,0.0,0.0,0.0,0.0,0.0,0.0,0.0,0.0,0.0,0.0,0.0,0.0,0.0,0.0,0.0,0.0,-5.14080329888878,265.5073958115258,-3.0844819793332685,540.4540977008464,0.0,0.0,0.0,0.0,0.0,-0.5140803298888781,0.0,95.74619983886242,0.0,0.0,0.0,0.0,0.0,0.0,0.0,1000.0,12.337927917333074,12.337927917333074,0.0,0.0,0.0,0.0,0.0,0.04523906903020958,534.2851337421799,0.0,0.0,-999.8354942944358,0.0,0.0,0.0,0.0,0.0,0.0,0.0,0.0,0.0,0.0,0.0,0.0,0.0,0.0,0.0,0.0,0.0,12.749192181244172,0.0,43.18274771066576,16.022459662602785,0.0,0.0,0.0,0.0,0.0,534.2851337421799,0.0,997.9436786804445,0.0,0.0,0.0,-5.14080329888878,0.0,0.0,0.0,0.0,0.0,0.0,0.0,0.0,0.0,0.0,0.0,0.0,0.0,0.0,0.0,0.0,0.0,0.0,-0.04112642639111024,0.0,0.0,2.0563213195555123,-107.30761870489086,0.0,0.0,0.0,0.0,265.5073958115258,0.0,0.0,0.0,3.5409853122745796,1.0281606597777562,0.0,0.0,0.0,0.04112642639111024,0.0,41.12642639111024,0.0,8.22528527822205,0.29376018850793034,140.2411139936859,-0.030844819793332683,385.40169171369706,0.822528527822205,-0.20563213195532626,-140.2411139936859,12.337927917333074,-0.04112642639111025,0.2947182255797723,158.76253718565363,0.010281606597777562,0.29376018850793034,-0.8841546767393169,-6.547327081464459,-0.822528527822205,-540.6449095619296,-0.04112642639111025,0.010281606597777562,-140.2411139936859,4.112642639111025,0.04112642639111025,0.04112642639111024,-534.1987682467586,0.04523906903022128,-16.517308489632935,-0.030844819793332683,12.337927917333074,0.04112642639111025,12.337927917333074,-20.56321319555512,-0.020563213195555125,84.2809487040713,-85.0,-0.030844819793332683,-0.04112642639111025,0.0,0.04112642639111024,4.112642639111025,-0.822528527822205,259.36580428214796,259.36580428214796,-4.112642639111025,540.6449095619296,-259.36580428214796,8.22528527822205,0.06168963958666537,553.8810729972429,4.112642639111025,-310.75812713594286,158.76253718565363,-8.22528527822205,0.02056321319555512,0.41126426391110243,96.01769847222543,96.0,-0.04112642639111024,-543.5385796801797,534.1987682467586,12.749192181244172,0.04112642639111025,6.547327081464459,109.41082551632114,158.76253718565363,-0.04112642639111024,-0.010281606597777562,-158.76253718565363,-0.04112642639111025,10.921333456905609,0.041126426391223936,-0.010281606597777562,-0.010281606597777562,-0.010281606597777562,16.4505705564441,20.56321319555512,0.41126426391110243,84.12595379539869,-0.010281606597777562,191.7406787188711,2.0563213195555123,-3.404345408897292,0.04112642639111024,0.020563213195555125,0.020563213195555125,40.0,0.0,0.04112642639111024,0.0,0.41126426391110243,0.04112642639111025,-191.4387790811685,0.04112642639111025,0.16450570556426714,0.20563213195532626,0.020563213195555125,0.010281606597777562,12.337927917333074,-0.04112642639111025,16.517308489632935,0.4112642639111025,-168.25190759079737,384.3735310539193,-4.112642639111025,8.22528527822205,2.0563213195555123,-0.04112642639111025,0.8841546767393169,0.06168963958666537,-0.04112642639111025,-80.0,0.0,259.880271951867,0.020563213195555125,6.808690817794584,-0.04112642639111025,-0.041126426391223936,-0.04112642639111025,0.020563213195555125,140.2411139936859,-8.22528527822205,0.04112642639111024,192.03539694445087,-0.010281606597777562,-0.04523906903022128,-192.03539694445087,6.168963958666535,85.0,-867.9953149685282,140.2411139936859,-0.030844819793332683,543.5385796801797,-96.0,0.04112642639111025,-0.010281606597777562,2.0563213195555123,41.12642639111024,-0.020563213195555125,-0.04112642639111025,0.010281606597777562,954.2872637763307,0.0,-553.9016362104385,107.3128252857698,-46.0,0.0,828.0067732250552,-31.0,0.0,-32.0,-93.0,-65.0,0.0,16.0,23.0,46.5,0.0,15.5,-534.2851337421799,-159.51991503043192,0.0,65.0,-159.51991503043192,-828.0067732250552,357.2416525348115,0.0,1496.5981,hclb
348,0.0,0.0,0.0,0.0,0.0,0.0,0.0,0.0,-0.03892035331125625,0.0,0.0,0.0,0.0,0.0,0.0,0.0,-679.2722987714984,-214.3992852334361,0.0,1000.0,0.0,0.0,0.0,1000.0,0.0,0.0,0.0,0.0,0.0,-487.5724202758404,0.0,0.0,927.7285381073008,0.0,0.0,0.0,0.0,644.2131574647051,0.0,-1000.0,1000.0,0.0,0.0,1000.0,0.0,0.0,328.4013933563158,0.0,1000.0,0.0,0.0,833.1552809526612,0.0,0.042812388642460064,0.0,0.0,0.0,7.784070662251251,0.0,0.0,-112.86876999817204,0.0,647.9485204664373,535.0797504682653,0.0,0.0,0.0,0.0,0.0,482.8814836216559,0.0,0.38920353311256256,0.0,0.0,0.0,0.0,0.0,0.0,0.0,0.0,0.0,0.0,0.0,0.0,23.35221198675375,0.0,109.44118421656442,-32.926679479566076,-348.3173248012088,675.7325278109327,217.03670137334922,0.0,0.0,851.8283663552527,11.676105993376876,0.0,11.676105993376876,0.0,651.0294086746093,0.0,0.0,630.0938768494631,-1000.0,0.0,0.0,0.0,0.0,0.0,0.0,0.0,0.0,0.0,0.0,0.0,0.0,0.0,0.0,0.0,0.0,0.0,0.0,0.0,0.0,0.0,-379.06361643420934,0.0,0.0,11.676105993376876,0.0,12.065309526489438,0.0,0.0,-326.9177840508117,326.9177840508117,0.0,0.0,0.0,-671.7187500001054,671.7187500001054,0.0,0.0,0.0,0.0,0.0,0.0,112.43805142153117,0.038920353311256255,217.04643146167703,0.0,0.0,-242.77202791263923,0.0,0.0,0.0,0.0,0.0,49.20116094992288,0.0,0.0,0.0,0.0,0.0,999.9610796466887,999.9610796466887,0.0,0.0,0.0,0.0,578.047731037729,0.0,0.0,1000.0,0.0,0.0,0.0,114.99563485918304,-394.5312500000015,0.0,0.0,0.0,0.0,0.0,0.0,0.0,0.0,0.0,0.0,0.0,0.0,0.0,0.0,-612.1827216898791,0.0,0.0,0.0,0.0,0.0,0.0,-833.1552809526612,348.3173248012088,-348.3173248012088,0.0,0.0,0.0,0.0,0.0,0.0,0.0,512.4275797241596,-704.8770869135191,0.0,0.0,0.0,0.0,0.0,0.0,0.0,0.0,0.0,0.0,0.0,0.0,0.0,175.7069626809966,215.34016923714174,1000.0,0.0,0.0,0.0,0.0,81.06904431556312,0.0,0.0,0.0,0.0,-112.86876999817204,0.0,0.0,0.0,0.0,0.0,0.0,0.0,0.0,0.0,1.253235376611201,0.0,0.0,0.0,-303.36535039758235,-1000.0,482.2353643689816,0.0,-1000.0,0.0,0.0,0.0,-952.5171689602673,0.0,0.0,0.0,-314.8569049115796,0.0,0.0,-1000.0,0.0,177.96983907056892,-345.5519088986879,-654.4480911013125,832.4179301718814,0.0,0.0,1000.0,0.0,0.0,27.518741422841828,0.0,0.0,0.0,-705.1216358048919,0.0,705.1216358048919,0.0,1000.0,0.0,0.0,0.0,0.0,0.0,0.0,-112.86876999817204,-0.05838052996688438,0.0,0.0,0.0,0.0,0.038920353311256255,0.0,0.0,0.0,518.184336004328,-679.2722987714984,0.0,-289.97467651034225,-637.3846255257034,394.5312500000015,939.4601766556282,0.0,-141.11003774986298,0.0,0.0,0.0,0.0,0.0,647.9806146920424,493.12942305782065,-1000.0,-1000.0,-1000.0,0.0,0.0,0.0,0.0,0.0,0.0,0.0,0.0,0.0,0.0,0.0,0.0,0.0,0.0,0.0,0.0,0.0,0.0,0.0,-1000.0,0.0,355.6311611220496,0.0,1000.0,0.0,0.0,-113.69128679814237,0.0,651.0294086746093,0.0,0.0,628.1478591839002,0.0,-280.3098735744542,-62.52041631671568,0.0,-493.12942305782065,0.0,0.0,296.26208715425173,0.0,280.3098735744542,-1000.0,270.09084938087983,-0.9730088327814064,-1.9460176655628127,0.0,0.0,-1.9460176655628127,0.0,1000.0,11.676105993376876,0.0,0.0,0.0,0.0,0.0,0.0,0.0,-175.7069626809966,175.7069626809966,175.7069626809966,-812.3727485777308,0.0,28.043148640938213,0.0,0.0,0.0,512.4275797241596,0.0,0.0,-6.855171563215237,0.0,-546.8749999999987,72.21592933774875,0.0,0.0,0.0,0.0,-39.107964668874374,0.07784070662255234,0.0,0.0,0.0,0.0,0.0,0.0,0.0,0.0,0.0,482.8814836216559,0.0,0.0,0.0,0.0,0.0,0.0,0.0,0.0,0.0,0.042812388642460064,0.042812388642460064,0.0,263.92289201874536,0.0,23.35221198675375,0.0,0.0,0.0,1000.0,0.0,0.0,109.44118421656442,0.0,0.0,-676.5572394721793,-1000.0,0.0,0.0,0.0,0.0,0.0,72.21592933774875,0.0,0.0,0.0,0.0,0.0,0.0,0.0,126.35453881140312,-518.184336004328,242.77202791263923,246.50046905920266,112.43805142153117,0.0,770.7593220396896,81.06904431556312,0.0,0.0,-676.5572394721793,0.0,-715.6652041410537,0.0,0.0,0.0,175.7069626809966,0.0,0.0,0.0,0.0,0.0,0.0,0.0,0.0,0.0,0.0,0.0,0.0,0.0,23.35221198675375,0.0,0.0,0.0,0.0,0.0,0.0,0.0,0.0,0.0,0.0,0.0,0.0,0.38920353311256256,0.0,0.0,109.44118421656442,-109.44118421656442,0.0,-833.1552809526612,0.0,0.0,11.676105993376876,0.0,0.0,0.0,0.0,246.50046905920266,0.0,0.0,0.0,0.0,0.0,163.89075849901195,0.0,0.0,11.676105993376876,11.676105993376876,1000.0,-1000.0,0.0,72.21592933774875,0.0,0.0,0.0,0.0,0.0,1000.0,512.4275797241596,802.9158296038107,0.038920353311256255,0.0,0.0,0.0,51.399886597986914,897.5886779154796,0.0,-851.8283663552527,0.0,0.0,0.0,0.0,0.0,0.0,0.0,0.0,0.0,0.0,0.0,0.0,0.0,0.0,0.038920353311256255,0.0,0.0,0.0,0.0,0.0,0.0,0.0,0.0,355.6311611220496,0.0,537.3381218764669,0.0,0.0,-1000.0,-2.919026498344219,0.0,-1.9460176655628127,0.0,0.0,0.0,0.0,0.0,0.0,0.0,0.0,0.0,0.0,0.0,0.0,394.5312500000015,0.0,0.0,1000.0,0.0,0.0,0.0,-0.038920353311256255,0.0,0.0,0.038920353311256255,0.0,0.038920353311256255,0.0,0.0,0.0,23.35221198675375,47.48283103973263,47.48283103973263,0.0,0.0,0.0,0.0,0.0,0.0,0.0,242.77202791263923,0.0,512.4275797241596,0.0,0.0,0.0,651.3316571121417,0.0,0.0,0.0,0.0,0.0,0.0,0.0,0.0,0.0,0.0,0.0,0.0,0.0,81.06904431556312,0.0,0.0,0.0,0.05838052996688438,0.0,0.0,0.0,-11.676105993376876,0.0,0.0,0.0,0.0,0.0,-263.92289201874536,1.9460176655628127,0.0,0.0,0.0,0.0,-578.047731037729,113.69128679814237,-1.9460176655628127,0.0,-546.8749999999987,0.0,0.0,0.0,0.0,0.0,0.0,0.0,0.0,0.0,88.21592933774875,0.0,299.98795725038804,897.5886779154796,0.0,0.0,651.0294086746093,-651.0294086746093,0.0,-1000.0,0.0,1.9460176655628127,492.79050154469303,0.0,0.0,0.0,-225.73753999634408,0.0,0.0,952.6553196890818,-952.6553196890818,0.0,0.0,0.0,0.0,0.0,0.0,-5.838052996688475,47.48283103973263,0.0,0.0,0.0,0.0,0.0,0.0,0.0,0.0,0.0,1.253235376611201,0.0,0.0,266.8419185170896,-534.2813702196428,-264.66558798557577,0.0,11.676105993376876,109.44118421656442,0.0,0.0,0.0,-72.9493376832209,0.0,0.0,0.042812388642460064,0.0,0.0,0.0,23.741415519866315,0.0,0.0,0.0,0.0,215.34016923714174,0.0,0.0,0.0,0.0,0.0,0.0,0.0,0.0,171.88014052961412,0.0,0.003892035331125629,0.003892035331125629,0.0,0.0,0.0,0.0,0.0,0.0,0.0,0.0,0.0,0.0,0.0,0.0,0.0,0.0,0.0,263.92289201874536,0.0,0.0,0.0,0.0,0.0,0.0,0.0,0.0,0.0,0.0,0.0,218.88236843312885,0.0,808.300121504342,-214.3992852334361,0.0,0.0,0.0,23.35221198675375,0.0,0.0,0.0,0.0,0.0,137.1898129320837,-160.54202491883746,0.0,218.88236843312885,0.0,0.0,0.0,0.0,0.0,0.0,0.0,0.0,0.0,0.0,-802.9158296038107,-1000.0,677.9920991303522,-1000.0,988.3238940066232,0.0,999.8443185867548,0.0,0.0,0.0,0.0,0.0,0.0,0.0,0.0,0.0,0.0,0.0,0.0,0.0,0.0,0.0,0.0,0.0,-4.865044163907031,0.0,-631.0668856822446,654.2506836104859,0.0,0.0,0.0,0.0,0.0,593.3175001537243,-593.804004570115,6.855171563215237,0.0,0.0,0.0,0.0,0.0,0.0,0.0,1000.0,11.676105993376876,11.676105993376876,0.0,0.0,0.0,0.0,0.0,0.042812388642460064,263.92289201874536,0.0,0.0,-999.8443185867548,0.0,0.0,0.0,0.0,0.0,0.0,0.0,0.0,0.0,0.0,0.0,0.0,0.0,0.0,0.0,0.0,0.0,0.0,0.0,40.86637097681906,0.0,0.0,112.43805142153117,0.0,0.0,0.0,263.92289201874536,0.0,-113.69128679814237,0.0,0.0,0.0,-4.865044163907031,0.0,0.0,0.0,0.0,0.0,0.0,0.0,0.0,0.0,0.0,0.0,0.0,0.0,0.0,0.0,0.0,0.0,0.0,-0.038920353311256255,0.0,0.0,1.9460176655628127,676.5572394721793,0.0,0.0,0.0,0.0,0.0,0.0,0.0,0.0,-647.9806146920424,0.9730088327814064,0.0,0.0,0.0,0.038920353311256255,0.0,38.92035331125625,-12.065309526489438,7.784070662251251,0.27800252365183037,108.58778573840495,-0.02919026498344219,816.019947257513,0.7784070662251251,-0.19460176655650357,-108.58778573840495,11.676105993376876,-0.03892035331125621,0.0,72.21592933774875,0.009730088327814064,0.27800252365183037,0.0,-115.63730446370518,-0.7784070662251251,-106.32841599506548,-0.038920353311256255,0.009730088327814064,-108.58778573840495,3.8920353311256255,0.038920353311256255,0.038920353311256255,-263.84115927679164,-109.39837182792205,-69.24782486069552,-0.02919026498344219,11.676105993376876,0.038920353311256255,11.676105993376876,-19.460176655628125,-0.019460176655628127,20.04666391077264,-85.0,-0.02919026498344219,-0.038920353311256255,-12.065309526489438,0.038920353311256255,3.8920353311256255,-0.7784070662251251,81.06904431556312,81.06904431556312,-3.8920353311256255,106.32841599506548,-81.06904431556312,7.78407066225125,0.05838052996688438,-1000.0,3.8920353311256255,-126.35453881140312,72.21592933774875,-7.784070662251251,0.019460176655628127,0.38920353311256256,72.49366912758556,96.0,-0.038920353311256255,-272.67997151377807,263.84115927679164,12.065309526489438,0.038920353311256255,115.63730446370518,25.51150536424136,72.21592933774875,-0.038920353311256255,-0.009730088327814064,-72.21592933774875,-0.03892035331125625,-39.107964668874374,0.038920353311597315,-0.009730088327814064,-0.009730088327814064,-0.009730088327814064,15.568141324502502,19.460176655628125,0.38920353311256256,178.71871621299442,-0.009730088327814064,144.98733825517112,1.9460176655628127,21.5,0.038920353311256255,0.019460176655628127,0.019460176655628124,40.0,12.065309526489438,0.038920353311256255,-12.065309526489438,0.38920353311256256,0.038920353311256255,-478.4859151200442,0.038920353311256255,0.15568141324519047,0.19460176655650357,0.019460176655628127,0.009730088327814064,11.676105993376876,-0.038920353311256255,69.24782486069552,0.38920353311256256,-357.43743242598885,815.0469384247316,-3.8920353311256255,7.784070662251251,1.9460176655628127,-0.038920353311256255,0.0,0.05838052996688438,-0.038920353311256255,-80.0,12.065309526489438,265.4987320149122,0.019460176655628127,-43.0,-0.038920353311256255,-0.038920353311597315,-0.038920353311256255,0.019460176655628127,108.58778573840495,-7.784070662251251,0.038920353311256255,144.98733825517112,-0.009730088327814064,109.39837182792205,-144.98733825517112,5.838052996688438,85.0,607.5896142896788,108.58778573840495,-0.02919026498344219,272.67997151377807,-96.0,0.038920353311256255,-0.009730088327814062,1.9460176655628127,38.92035331125625,-0.019460176655628127,-0.038920353311256255,0.009730088327814064,517.3817433084172,0.0,324.2480120124117,299.76719890704976,-46.0,0.0,380.0211757516238,-31.0,0.0,117.17684318279817,-93.0,-65.0,-675.7325278109327,-58.58842159139908,23.0,46.5,0.0,15.5,-263.92289201874536,-192.5493943316913,675.7325278109327,65.0,-192.5493943316913,-380.0211757516238,175.3088175281284,0.0,1496.5981,hclb
349,0.0,0.0,0.0,0.0,0.0,0.0,0.0,0.0,250.68407861499054,0.0,0.0,0.0,0.0,0.0,0.0,0.0,-377.97704849172555,600.7013964481124,0.0,-261.2405793898663,0.0,0.0,0.0,376.60425814098426,0.0,0.0,0.0,0.0,0.0,1000.0,0.0,0.0,741.9680461063281,0.0,0.0,0.0,0.0,999.8413883936082,0.0,-1000.0,1000.0,0.0,-377.97704849172555,-1000.0,0.0,0.0,0.0,0.0,0.0,0.0,0.0,0.0,0.0,0.04361819175781153,0.0,0.0,0.0,0.0,0.0,0.0,-99.92883289585745,0.0,-477.905881387583,-577.8347142834405,1000.0,0.0,0.0,0.0,0.0,281.67004970164294,0.0,0.396529015979236,0.0,0.0,0.0,0.0,0.0,0.0,0.0,0.0,0.0,0.0,-126.83130771194294,0.0,23.79174095875416,0.0,96.43673402846692,339.4608170582461,1000.0,-295.17628886268244,985.5746038946425,0.0,0.0,0.0,11.89587047937708,0.0,11.89587047937708,0.0,837.1523751306545,0.0,0.0,1.98264507989618,1000.0,0.0,0.0,-0.5170391146289148,0.0,1000.0,0.0,0.0,0.0,0.0,0.0,0.0,0.0,0.0,0.0,0.0,0.0,0.0,0.0,0.0,0.0,0.0,-393.6910838374532,0.0,0.0,11.89587047937708,0.0,12.292399495356316,0.08601506881613119,0.0,0.0,0.0,0.0,0.0,0.0,0.0,0.0,0.0,0.0,0.0,0.0,0.0,0.0,226.32131516344998,0.0396529015979236,985.5845171200419,0.0,0.0,-643.6273049411543,136.82540900309877,0.0,0.0,0.0,0.0,220.77277260874155,0.0,0.0,0.0,0.0,0.0,410.4011495344625,410.4011495344625,0.0,0.0,0.0,0.0,-1000.0,0.0,0.0,410.44080243606044,0.0,0.0,0.0,813.1059753481337,0.0,0.0,0.0,0.0,0.0,0.0,0.0,0.0,0.0,0.0,-169.63355809613694,0.0,0.0,0.0,0.0,-1000.0,0.0,0.0,0.0,0.0,0.0,0.0,377.97704849172555,0.0,0.0,0.0,0.0,0.0,0.0,0.0,0.0,0.0,0.0,1000.0,0.0,0.0,0.0,0.0,0.0,0.0,0.0,0.0,0.0,0.0,0.0,0.0,0.0,90.78957338265184,479.66305657722506,-1000.0,0.0,0.0,0.0,0.0,80.99505693860972,0.0,0.0,0.0,0.0,-99.92883289585745,0.0,0.0,0.0,0.0,0.0,0.0,0.0,0.0,0.0,343.92292253087624,7.93058031958472,0.0,0.0,-1000.0,-377.97704849172555,717.4378655499717,0.0,1000.0,0.0,0.0,0.0,0.0,0.0,0.0,0.0,-52.2147186136109,0.0,0.0,-169.17275317409644,0.0,0.0,-169.17275317409633,0.0,0.0,1000.0,0.0,0.0,0.0,0.0,29.808568657229372,0.0,0.0,0.0,867.8180420069791,0.0,-867.8180420069791,0.0,121.05129454746378,0.0,0.0,1000.0,0.0,0.0,0.0,-99.92883289585745,-0.0594793523968854,0.0,0.0,0.0,0.0,0.0396529015979236,0.0,0.0,0.0,563.186150051137,-377.97704849172555,0.0,-350.24852239761304,-38.8738731539388,0.0,939.8264507989618,0.0,1000.0,0.0,-0.5170391146289148,0.0,0.0,0.0,222.2026986011549,-222.2026986011549,-1000.0,1000.0,-947.2896201164151,0.0,0.0,0.0,0.0,0.0,0.0,0.0,0.0,0.0,0.0,0.0,0.0,0.0,0.0,0.0,0.0,0.0,142.4724064224231,0.0,-857.5275935775769,0.0,0.0,342.64609909942305,0.0,980.8381059195603,0.0,-570.2442376943262,0.0,963.9836828425974,0.0,376.97982107095487,0.0,222.2026986011549,0.0,998.0173549201038,-1000.0,0.0,-1000.0,795.4536717082492,-18.096517517141173,362.107251015846,0.0,-1000.0,1000.0,999.0086774600519,-797.4363167881454,-1000.0,0.0,1000.0,1000.0,-744.1043363370075,11.89587047937708,0.0,0.0,0.0,0.0,0.0,250.72373151658846,979.0573315069112,888.2677581242592,-888.2677581242592,-888.2677581242592,-626.774955551227,0.0,0.0,0.0,0.0,0.0,0.0,0.0,0.0,-6.984197734781077,0.0,0.0,72.06941968041528,0.0,0.0,0.0,0.0,-39.03470984020764,0.0793058031958596,0.0,0.0,0.0,0.0,0.0,0.0,0.0,0.0,0.0,281.67004970164294,0.0,0.0,0.0,0.0,0.0,0.0,0.0,0.0,0.0,0.04361819175781153,0.04361819175781153,0.0,138.0756915275594,0.0,23.79174095875416,0.0,296.33500561475375,0.0,-1000.0,0.0,0.0,96.43673402846692,0.0,0.0,-356.2713059379511,1000.0,0.0,0.0,207.16056782974795,0.0,0.0,72.06941968041528,0.0,0.0,0.0,0.0,0.0,0.0,0.0,131.23036127915108,-563.186150051137,506.80189593805557,0.0,99.49000745150704,0.0,303.34678359654924,-303.34678359654924,-384.3418405351589,0.0,-356.2713059379511,0.0,-395.3060157781588,0.0,0.0,0.0,90.78957338265184,0.0,0.0,0.0,0.0,0.0,0.0,0.0,0.0,0.0,0.0,0.0,0.0,0.0,23.79174095875416,0.0,0.0,0.0,0.0,0.0,0.0,0.0,0.0,0.0,0.0,0.0,0.0,0.396529015979236,0.0,0.0,96.43673402846692,-96.43673402846692,0.0,377.97704849172555,0.0,0.0,11.89587047937708,-207.16056782974795,0.0,0.0,0.0,0.0,0.0,0.0,0.0,0.0,0.0,-147.17467281127244,0.0,0.0,11.89587047937708,11.89587047937708,-441.0852970812696,1000.0,0.0,72.06941968041528,0.0,0.0,0.0,0.0,0.0,-1000.0,0.0,-947.2896201164151,0.0396529015979236,0.0,0.0,0.0,52.02326098502186,712.3614143462712,0.0,0.0,0.0,0.0,0.0,0.0,0.0,0.0,0.0,0.0,0.0,0.0,0.0,0.0,0.0,0.0,0.0396529015979236,0.0,0.0,0.0,0.0,0.0,0.0,0.0,0.0,0.0,0.0,736.3855442476942,0.0,0.0,-1000.0,-2.97396761984427,-1.9826450798961783,0.0,0.0,0.0,0.0,0.0,0.0,0.0,0.0,0.0,0.0,0.0,0.0,0.0,0.0,0.0,0.0,257.87830874288875,0.0,0.0,0.0,250.68407861499054,0.0,0.0,0.0396529015979236,0.0,0.0396529015979236,0.0,0.0,0.0,23.79174095875416,48.37653994946679,48.37653994946679,0.0,0.0,0.0,0.0,0.0,0.0,126.83130771194294,506.80189593805557,0.0,0.0,0.0,0.0,225.61681342873624,0.0,0.0,0.0,0.0,0.0,0.0,0.0,0.0,0.0,0.0,0.0,0.0,0.0,0.0,80.99505693860972,0.0,0.0,0.0,0.0594793523968854,0.0,0.0,0.0,-11.89587047937708,0.0,0.0,0.0,0.0,0.0,-138.0756915275594,1.98264507989618,0.0,0.0,0.0,0.0,1000.0,606.2605548517289,0.0,0.0,0.0,0.0,0.0,0.0,0.0,0.0,0.0,0.0,207.16056782974795,-156.1003100694669,47.28611814490756,0.0,563.8713156184708,711.8443752316423,0.0,36.01631715740257,963.9836828425974,-1000.0,0.0,-48.37653994946679,296.33500561475375,1.9826450798961783,1000.0,0.0,0.0,0.0,-199.8576657917149,390.6250000000021,-390.6250000000021,0.0,0.0,0.0,0.0,0.0,0.0,0.0,163.6856228564484,0.0,48.37653994946679,0.0,0.0,0.0,0.0,0.0,0.0,0.0,0.0,0.0,343.92292253087624,0.0,0.0,146.9975943870922,-333.6933106866648,176.06821315981372,-377.97704849172555,11.89587047937708,96.43673402846692,0.0,0.0,0.0,-67.7796949595463,0.0,0.0,0.04361819175781153,0.0,0.0,0.0,24.188269974733394,0.0,0.0,0.0,0.0,479.66305657722506,0.0,0.0,0.0,0.0,0.0,0.0,0.0,0.0,0.0,0.0,1000.0,0.003965290159840151,0.0,0.0,0.0,0.0,0.0,0.0,0.0,0.0,0.0,0.0,0.0,0.0,0.0,0.0,0.0,138.0756915275594,0.0,0.0,0.0,0.0,0.0,0.0,0.0,0.0,0.0,0.0,0.0,192.87346805693383,-639.2176278815919,0.0,600.7013964481124,0.0,0.0,0.0,23.79174095875416,0.0,0.0,0.0,0.0,0.0,-23.79174095875416,0.0,0.0,192.87346805693383,0.0,0.0,0.0,0.0,0.0,0.0,0.0,0.0,0.0,0.0,1000.0,1000.0,252.77905102331388,-429.96968480195767,418.0738143225806,0.0,999.8413883936082,0.0,0.0,0.0,0.0,0.0,0.0,0.0,0.0,0.0,929.6875,0.0,-929.6875,-929.6875,0.0,0.0,0.0,296.33500561475375,-4.9566126997404485,0.0,-2.97396761984427,222.64284580889193,0.0,0.0,0.0,0.0,0.0,-0.495661269974045,0.0,6.984197734781077,0.0,0.0,0.0,0.0,0.0,0.0,0.0,1000.0,11.89587047937708,11.89587047937708,0.0,0.0,0.0,0.0,0.0,0.04361819175781153,138.0756915275594,0.0,0.0,-999.8413883936082,999.9960347098402,0.0,0.0,0.0,0.0,0.0,0.0,0.0,0.0,0.0,0.0,0.0,0.0,0.0,0.0,0.0,0.0,0.08601506881613119,0.0,41.63554667781978,0.0,0.0,226.32131516344998,0.0,0.0,0.0,138.0756915275594,0.0,-265.59710083220205,0.0,0.0,0.0,-4.9566126997404485,0.0,0.0,0.0,0.0,0.0,0.0,0.0,0.0,0.0,0.0,0.0,0.0,0.0,0.0,0.0,0.0,0.0,0.0,-0.0396529015979236,0.0,0.0,1.98264507989618,356.2713059379511,0.0,0.0,0.0,0.0,0.0,0.0,0.0,0.0,-222.2026986011549,0.99132253994809,0.0,0.0,0.0,0.0396529015979236,0.0,39.6529015979236,-12.206384426540183,7.93058031958472,0.28323501141374,110.8036255958391,-0.029739676198442696,1.9826450798962014,0.7930580319584721,-0.19826450798973383,-110.8036255958391,11.89587047937708,-0.039652901597923604,0.1723463715429716,72.06941968041528,0.009913225399480901,0.28323501141374,-0.5170391146289148,-102.74947596285654,-0.7930580319584721,38.51623143347945,-0.039652901597923604,0.009913225399480901,-110.8036255958391,16.273054332776518,0.039652901597923604,0.0396529015979236,-137.99242043420367,-96.39311583670916,-67.60726337100638,-0.029739676198442696,11.89587047937708,0.039652901597923604,11.89587047937708,-19.8264507989618,-0.019826450798961802,-152.13143100847734,-85.0,-0.0297396761984427,-0.039652901597923604,-12.206384426540183,0.0396529015979236,3.96529015979236,-0.7930580319584721,80.99505693860972,80.99505693860972,-3.965290159792362,-38.51623143347945,-80.99505693860972,7.93058031958472,0.05947935239688539,-1000.0,3.96529015979236,-131.23036127915108,72.06941968041528,-7.93058031958472,0.0198264507989618,0.396529015979236,87.56213059940326,55.21669846449228,-0.0396529015979236,-146.9975943870922,137.99242043420367,12.292399495356316,0.039652901597923604,102.74947596285654,12.178173589922821,72.06941968041528,-0.0396529015979236,-0.009913225399480901,-72.06941968041528,-0.039652901597923604,-39.03470984020764,0.03965290159780992,-0.009913225399480901,-0.009913225399480901,-0.009913225399480901,15.86116063916944,19.8264507989618,0.396529015979236,192.77143511795725,-0.009913225399480901,174.95191482726355,1.98264507989618,21.5,0.0396529015979236,0.019826450798961802,0.019826450798961802,40.0,12.206384426540183,0.0396529015979236,-12.206384426540183,0.396529015979236,0.039652901597923604,-519.5586184111523,0.039652901597923604,0.15861160639178706,0.19826450798973383,0.019826450798961802,0.009913225399480901,11.89587047937708,-0.039652901597923604,67.60726337100638,0.39652901597923607,-385.5428702359145,0.9913225399481007,-3.96529015979236,7.93058031958472,1.98264507989618,-0.039652901597923604,0.5170391146289148,0.05947935239688539,-0.039652901597923604,-80.0,12.206384426540183,756.2580579829552,0.019826450798961802,-43.0,-0.039652901597923604,-0.03965290159780992,-0.039652901597923604,0.019826450798961802,110.8036255958391,-7.93058031958472,0.0396529015979236,175.12426119880652,-0.009913225399480901,96.39311583670916,-175.12426119880652,5.94793523968854,85.0,623.6350743588087,110.8036255958391,-0.0297396761984427,146.9975943870922,-55.21669846449228,0.039652901597923604,-0.009913225399480901,378.96246615085107,39.6529015979236,-0.019826450798961802,-0.039652901597923604,0.009913225399480901,549.3301163462228,0.0,295.15646241188347,326.7871832931951,-46.0,0.0,160.55286025272932,-31.0,12.307764172984156,-32.0,-93.0,-65.0,-704.8237111373176,16.0,23.0,46.5,-12.307764172984156,15.5,-138.0756915275594,-688.4783630234089,704.8237111373176,65.0,-688.4783630234089,-160.55286025272932,72.20469825150707,0.0,1496.5981,hclb
350,0.0,0.0,0.0,0.0,0.0,0.0,0.0,0.0,-0.042076240988383265,0.0,0.0,0.0,0.0,0.0,0.0,0.0,-142.90922650580734,-214.5317954302626,0.0,0.0,0.0,0.0,0.0,19.33280975481404,0.0,0.0,0.0,0.0,0.0,-142.90922650580734,0.0,0.0,7.11595141571717,0.0,0.0,0.0,0.0,999.8316950360467,0.0,-1000.0,1000.0,0.0,0.0,0.0,0.0,0.0,661.1064562009186,0.0,285.8184530116147,0.0,0.0,0.0,0.0,0.04628386508736071,0.0,0.0,0.0,8.415248197676652,0.0,0.0,-3.705514289710365,0.0,3.705514289710365,0.0,0.0,0.0,0.0,0.0,0.0,0.0,0.0,0.4207624098838327,0.0,0.0,0.0,0.0,0.0,0.0,0.0,0.0,0.0,0.0,-110.60253366557721,0.0,25.24574459302996,0.0,0.0,-559.4479643128694,59.09771587099215,1000.0,-0.010519060247095815,0.0,0.0,-939.1561416973555,12.62287229651498,0.0,47.99013069794038,-793.3197798268412,0.0,0.0,0.0,998.9480939752904,-585.9977512014644,0.0,0.0,-22.954163658439423,633.1522130373482,0.0,0.0,0.0,0.0,0.0,0.0,0.0,0.0,0.0,0.0,0.0,0.0,0.0,0.0,0.0,0.0,0.0,-476.2217781276189,0.0,0.0,47.99013069794038,0.0,13.043634706398814,0.0,0.0,1000.0,-309.46591170917605,-690.534088290824,690.5340882908239,-1000.0,0.0,0.0,1000.0,0.0,0.0,0.0,0.0,0.0,113.84240422168273,0.042076240988383265,0.0,0.0,0.0,-521.6415901109115,-1000.0,0.0,0.0,110.60253366557721,0.0,468.9485914836227,0.0,0.0,0.0,0.0,0.0,-446.40628445750144,-446.40628445750144,0.0,0.0,0.0,0.0,-1000.0,0.0,0.0,-446.3642082165131,0.0,0.0,0.0,-290.0252398596176,0.0,0.0,0.0,0.0,0.0,0.0,0.0,0.0,0.0,0.0,-324.48340121321496,0.0,0.0,0.0,0.0,-1000.0,0.0,0.0,0.0,0.0,0.0,0.0,0.0,-59.09771587099215,59.09771587099215,0.0,0.0,0.0,0.0,0.0,0.0,0.0,443.0885246956571,-136.34112114564564,0.0,0.0,0.0,0.0,0.0,0.0,0.0,0.0,0.0,0.0,0.0,0.0,0.0,274.61756485359876,897.6871318703419,0.0,0.0,0.0,0.0,0.0,80.75029966017328,0.0,0.0,0.0,0.0,-3.705514289710365,0.0,0.0,0.0,0.0,0.0,0.0,0.0,0.0,0.0,0.0,0.0,35.3672584014254,0.0,857.0276591327101,975.2230908746943,-332.7272271722469,0.0,0.0,0.0,0.0,0.0,0.0,0.0,0.0,0.0,-225.7848461687746,0.0,0.0,-641.408655596587,0.0,358.591344403413,-1000.0,358.591344403413,0.0,0.0,0.0,0.0,0.0,0.0,36.642412697416034,0.0,0.0,0.0,901.9480632400212,0.0,-901.9480632400212,0.0,214.6580955024288,0.0,0.0,493.7633695907918,0.0,0.0,0.0,-3.705514289710365,-0.06311436148257489,0.0,0.0,0.0,0.0,0.042076240988383265,0.0,0.0,0.0,871.2595696418864,-142.90922650580734,0.0,-686.2067008105028,1000.0,0.0,976.405378895617,0.0,0.0,0.0,-22.954163658439423,0.0,0.0,0.0,-3.6227643490999375,0.0,3.6227643490999375,1.638973636287574,-1000.0,0.0,0.0,0.0,0.0,0.0,0.0,0.0,0.0,0.0,0.0,0.0,0.0,0.0,0.0,0.0,0.0,0.0,0.0,0.0,-1000.0,110.60253366557721,0.0,791.964924867015,362.039867178902,0.0,0.0,-113.84240422168273,0.0,0.0,0.0,0.0,996.8442819258712,-936.7760601815922,-200.54530591336095,-1000.0,0.0,936.7760601815922,-22.53856991272759,-2.103812049419163,-450.51594936959947,390.2375265296415,200.54530591336095,318.4541133981942,0.0,-1.0519060247095815,0.0,-1000.0,0.0,0.0,720.9255877942217,728.421044569441,47.99013069794038,-609.3437500018654,609.3437500018654,0.0,0.0,0.0,0.0,0.0,-274.61756485359876,274.61756485359876,274.61756485359876,107.53891546076278,0.0,312.682076516233,0.0,0.0,0.0,443.0885246956571,0.0,0.0,-7.41102857942073,0.0,0.0,71.58475180232335,0.0,0.0,0.0,0.0,-38.79237590116168,0.08415248197671989,0.0,0.0,0.0,0.0,0.0,0.0,0.0,0.0,0.0,0.0,0.0,0.0,0.0,0.0,0.0,0.0,0.0,0.0,0.0,0.04628386508736071,0.04628386508736071,0.0,320.8755729188986,0.0,25.24574459302996,0.0,0.0,0.0,944.7919728610673,0.0,0.0,0.0,0.0,0.0,376.94562193610517,-944.7919728610673,0.0,0.0,0.0,0.0,0.0,71.58475180232335,0.0,0.0,0.0,0.0,0.0,0.0,0.0,158.7405927092063,-871.2595696418864,888.4893770735632,0.0,3.2398705561055094,0.0,-939.1561416973555,0.0,-80.75029966017328,0.0,376.94562193610517,0.0,-474.74053065452273,812.8937766894662,836.0776455165326,-836.0776455165326,274.61756485359876,0.0,0.0,0.0,0.0,0.0,0.0,0.0,0.0,0.0,0.0,0.0,0.0,0.0,25.24574459302996,0.0,0.0,0.0,0.0,0.0,0.0,0.0,0.0,0.0,0.0,0.0,0.0,0.4207624098838327,0.0,0.0,0.0,0.0,0.0,0.0,0.0,0.0,47.99013069794038,0.0,0.0,0.0,0.0,0.0,0.0,0.0,0.0,0.0,0.0,23.624586335629132,0.0,0.0,12.62287229651498,12.62287229651498,1000.0,-944.7919728610673,0.0,71.58475180232335,0.0,0.0,0.0,0.0,0.0,-415.64122243482313,443.0885246956571,-632.4189479493509,0.042076240988383265,0.0,0.0,0.0,55.56768711672988,0.0,0.0,939.1561416973555,0.0,0.0,0.0,0.0,0.0,0.0,0.0,0.0,0.0,0.0,0.0,0.0,0.0,0.0,0.042076240988383265,0.0,0.0,0.0,33.826911341013925,-33.826911341013925,0.0,0.0,0.0,0.0,0.0,678.1225206453323,0.0,0.0,-1000.0,-3.1557180741287993,0.0,-2.103812049419163,0.0,0.0,0.0,0.0,0.0,0.0,0.0,0.0,0.0,0.0,0.0,0.0,0.0,0.0,0.0,730.5248566188602,0.0,0.0,0.0,-0.042076240988383265,0.0,0.0,0.042076240988383265,0.0,0.042076240988383265,0.0,0.0,0.0,25.24574459302996,51.333014005827586,51.333014005827586,0.0,0.0,0.0,0.0,0.0,0.0,0.0,888.4893770735632,0.0,443.0885246956571,0.0,0.0,0.0,0.0,0.0,0.0,0.0,0.0,0.0,0.0,0.0,0.0,0.0,0.0,0.0,0.0,0.0,80.75029966017328,0.0,0.0,0.0,0.06311436148257489,0.0,0.0,0.0,-47.99013069794038,0.0,0.0,0.0,0.0,0.0,-320.8755729188986,2.103812049419163,0.0,0.0,0.0,0.0,1000.0,787.0635475801387,-2.103812049419163,0.0,0.0,0.0,0.0,0.0,0.0,0.0,0.0,0.0,0.0,14.459038477779188,46.25800806529986,0.0,868.9184089779023,-22.954163658439423,0.0,673.221143358456,0.0,-673.221143358456,110.60253366557721,-51.333014005827586,0.0,2.103812049419163,836.4664817745497,0.0,0.0,0.0,-7.41102857942073,0.0,0.0,0.0,0.0,0.0,0.0,0.0,0.0,0.0,321.32768313908605,-3.1557180741287283,51.333014005827586,0.0,625.9109898858171,625.9109898858171,-625.9109898858171,0.0,0.0,0.0,0.0,0.0,0.0,0.0,0.0,327.1870090671561,-55.56768711672988,1000.0,0.0,12.62287229651498,0.0,0.0,0.0,0.0,92.5368228658639,0.0,0.0,0.04628386508736071,0.0,0.0,0.0,25.666507002913793,0.0,0.0,0.0,0.0,897.6871318703419,0.0,633.1522130373482,0.0,0.0,0.0,0.0,0.0,0.0,-1000.0,0.0,790.573481266951,0.004207624098838447,0.0,0.0,0.0,0.0,0.0,0.0,0.0,0.0,0.0,0.0,0.0,0.0,0.0,0.0,0.0,320.8755729188986,0.0,0.0,0.0,0.0,0.0,0.0,0.0,0.0,0.0,0.0,0.0,0.0,0.0,0.0,-214.5317954302626,0.0,0.0,0.0,25.24574459302996,0.0,0.0,0.0,0.0,0.0,974.7542554069701,-1000.0,0.0,0.0,0.0,0.0,0.0,0.0,0.0,0.0,0.0,0.0,0.0,0.0,632.4189479493509,-1000.0,28.822225077042543,505.9017378889677,-553.8918685869081,0.0,999.8316950360467,0.0,0.0,0.0,0.0,0.0,0.0,0.0,0.0,0.0,0.0,0.0,0.0,0.0,0.0,0.0,0.0,0.0,-5.259530123547908,0.0,-1000.0,0.0,0.0,0.0,0.0,0.0,0.0,-0.5259530123547909,0.0,118.01356224499794,0.0,0.0,0.0,0.0,0.0,0.0,0.0,1000.0,12.62287229651498,12.62287229651498,0.0,0.0,0.0,0.0,0.0,0.04628386508736071,320.8755729188986,0.0,0.0,-999.8316950360467,790.5692736428522,0.0,0.0,0.0,0.0,0.0,0.0,0.0,0.0,0.0,0.0,0.0,0.0,0.0,0.0,0.0,0.0,0.0,0.0,44.18005303780243,3.2398705561055094,0.0,0.0,0.0,0.0,0.0,320.8755729188986,0.0,-788.4184025399649,0.0,0.0,0.0,-5.259530123547908,0.0,0.0,0.0,0.0,0.0,0.0,0.0,0.0,0.0,0.0,0.0,0.0,0.0,0.0,0.0,0.0,0.0,0.0,-0.042076240988383265,0.0,0.0,2.103812049419163,-376.94562193610517,0.0,0.0,0.0,0.0,0.0,0.0,0.0,0.0,3.6227643490999375,1.0519060247095815,0.0,0.0,0.0,0.042076240988383265,0.0,42.07624098838326,-13.043634706398814,8.415248197676652,0.30054457848845184,117.39271235758933,-0.031557180741287445,681.5458866018058,0.8415248197676652,-0.21038120494176837,-117.39271235758933,12.622872296514979,-0.04207624098838326,7.651387886146474,71.58475180232335,0.010519060247095815,0.30054457848845184,-22.954163658439423,-6.698537565350875,-0.8415248197676652,357.44102193606994,-0.04207624098838326,0.010519060247095815,-117.39271235758933,4.207624098838326,0.04207624098838326,0.042076240988383265,-320.7872128128229,0.046283865087236815,0.0,-0.031557180741287445,12.62287229651498,0.04207624098838326,47.99013069794038,14.329137907233768,-0.02103812049419163,-423.04026416674384,-85.0,-0.031557180741287445,-0.04207624098838326,-13.043634706398814,0.042076240988383265,4.207624098838323,-0.8415248197676652,80.75029966017328,80.75029966017328,-4.207624098838326,-357.44102193606994,-80.75029966017328,8.415248197676652,0.06311436148257489,-308.43111392726496,4.207624098838326,-158.7405927092063,71.58475180232335,-8.415248197676652,0.02103812049419163,0.4207624098838327,171.5516752026257,54.673256262976516,-0.042076240988383265,-330.34272714128485,320.7872128128229,13.043634706398814,0.04207624098838326,6.698537565350875,-14.273995785162043,71.58475180232335,-0.042076240988383265,-0.010519060247095815,-71.58475180232335,-0.04207624098838326,-671.9445889385099,0.04207624098836504,-0.010519060247095815,-0.010519060247095815,-0.010519060247095815,16.830496395353304,-14.329137907233768,0.4207624098838327,31.173235042267827,-0.010519060247095815,335.4519625191049,2.103812049419163,21.5,0.042076240988383265,0.02103812049419163,0.02103812049419163,40.0,13.043634706398814,0.042076240988383265,-13.043634706398814,0.4207624098838327,0.04207624098838326,-31.173235042267827,0.04207624098838326,0.1683049639533465,0.21038120494176837,0.02103812049419163,0.010519060247095815,12.62287229651498,-0.04207624098838326,0.0,0.4207624098838326,-62.34647008453565,680.4939805770962,-4.207624098838323,8.415248197676652,2.103812049419163,-0.04207624098838326,22.954163658439423,0.06311436148257489,-0.04207624098838326,-80.0,13.043634706398814,134.49208923240207,0.02103812049419163,-43.0,-0.04207624098838326,-0.04207624098836504,-0.04207624098838326,0.02103812049419163,117.39271235758933,-8.415248197676652,0.042076240988383265,343.1033504052514,-0.010519060247095815,-0.046283865087236815,-343.1033504052514,6.311436148257489,85.0,-117.45602213548133,117.39271235758933,-0.031557180741287445,330.34272714128485,-54.673256262976516,0.04207624098838326,-0.010519060247095816,2.103812049419163,42.07624098838326,-0.02103812049419163,-0.04207624098838326,0.010519060247095815,1000.0,0.0,-691.5899241932292,0.0,-46.0,0.0,85.48237173430482,-31.0,0.0,-32.0,-93.0,11.155719897984227,-1000.0,16.0,23.0,46.5,0.0,15.5,-320.8755729188986,-227.02891209826595,1000.0,-11.155719897984227,-227.02891209826595,-85.48237173430482,47.77437171031427,0.0,1496.5981,hclb
351,0.0,0.0,0.0,0.0,0.0,0.0,0.0,0.0,-0.03691113305491059,0.0,0.0,0.0,0.0,0.0,0.0,0.0,-171.08568096860472,-42.478087472266225,0.0,0.0,0.0,0.0,0.0,0.0,0.0,0.0,0.0,0.0,0.0,-828.9143190313953,0.0,0.0,7.019880408154677,0.0,0.0,0.0,0.0,-629.9888842094027,0.0,-1000.0,988.9266600835268,0.0,0.0,280.8353873795254,0.0,0.0,0.0,0.0,0.0,-180.72169353884,0.0,0.0,0.0,0.040602246360393224,0.0,0.0,0.0,0.0,0.0,0.0,73.29277755857863,0.0,1000.0,843.6625235297358,0.0,0.0,0.0,0.0,0.0,479.5092580783641,0.0,0.3691113305491059,0.0,0.0,0.0,0.0,0.0,0.0,0.0,0.0,0.0,0.0,0.0,0.0,22.146679832946354,0.0,0.0,594.9137235995531,381.3732139706826,171.14104766818707,-0.009227783263727647,0.0,0.0,0.0,11.073339916473177,0.0,11.073339916473177,0.0,0.0,0.0,0.0,1.8455566527455294,-828.9143190313953,0.0,0.0,-23.16438355133181,0.0,0.0,0.0,0.0,0.0,0.0,0.0,0.0,0.0,0.0,0.0,0.0,0.0,0.0,0.0,0.0,0.0,0.0,-466.60056727046026,0.0,0.0,11.073339916473177,0.0,11.442451247022282,0.0,0.0,-66.3690883704882,66.3690883704882,0.0,0.0,0.0,0.0,0.0,-229.63025402884287,0.0,0.0,0.0,0.0,0.0,2.8421572452281136,0.03691113305491059,0.0,0.0,0.0,0.0,-411.5885372622612,0.0,0.0,546.981096430772,0.0,139.7620967236569,0.0,0.0,0.0,0.0,0.0,644.5946079464788,644.5946079464788,0.0,0.0,0.0,0.0,388.4377788887049,0.0,0.0,644.6315190795337,0.0,0.0,0.0,148.02285205494866,0.0,0.0,0.0,0.0,0.0,0.0,0.0,0.0,0.0,0.0,0.0,0.0,0.0,0.0,0.0,-291.3059821905573,0.0,0.0,0.0,0.0,0.0,180.72169353884,0.0,173.8306041497359,-173.8306041497359,229.63025402884287,0.0,0.0,0.0,0.0,0.0,0.0,0.0,-535.4075809805847,0.0,0.0,0.0,0.0,0.0,0.0,0.0,0.0,0.0,0.0,0.0,0.0,0.0,126.22104824633834,383.3529904842254,1000.0,0.0,0.0,0.0,0.0,-59.49606838563122,0.0,0.0,0.0,0.0,73.29277755857863,719.1646126204746,0.0,0.0,0.0,0.0,0.0,0.0,0.0,0.0,1.1885384843676547,7.3822266109821175,0.0,0.0,0.0,207.54260982094678,768.744327749289,0.0,-1000.0,0.0,0.0,229.63025402884287,0.0,0.0,0.0,0.0,10.097401733421634,0.0,0.0,0.0,0.0,792.2126660016822,-792.2126660016822,792.2126660016822,0.0,555.2038181204185,0.0,-463.56120692208344,180.72169353884,0.0,-67.15212442001112,0.0,0.0,0.0,0.0,0.0,0.0,0.0,644.557696813424,0.0,0.0,0.0,0.0,0.0,0.0,73.29277755857863,-0.05536669958236588,0.0,0.0,0.0,0.0,0.03691113305491059,0.0,0.0,0.0,108.90991814650482,-171.08568096860472,0.0,-505.3287839361479,-79.32487433130694,0.0,1000.0,0.0,0.0,0.0,-23.16438355133181,0.0,0.0,0.0,776.4464598503795,-776.4464598503795,0.0,-1000.0,-1000.0,0.0,0.0,0.0,0.0,0.0,0.0,0.0,0.0,0.0,0.0,0.0,0.0,0.0,0.0,0.0,0.0,0.0,-1000.0,0.0,-370.158760322817,0.0,0.0,0.0,0.0,0.0,0.0,-4.030695729595777,0.0,0.0,0.0,0.0,0.0,822.6112211143593,0.0,-1.8455566527455294,0.0,-46.16476126397981,142.36075161245822,-1.8455566527455294,0.0,-829.3253490648444,0.0,0.0,0.0,-0.9227783263727647,0.0,-728.8458555105635,0.0,0.0,653.2580411676843,-3.7434864650135258,11.073339916473177,-578.0312500020148,578.0312500020148,0.0,480.95711351924933,0.0,0.0,0.0,-126.22104824633834,126.22104824633834,126.22104824633834,-573.1120472385489,0.0,0.0,0.0,0.0,0.0,0.0,0.0,0.0,-83.04469891168549,0.0,-953.125,0.0,0.0,0.0,0.0,0.0,-39.30888669450894,0.07382226610978025,0.0,0.0,0.0,0.0,0.0,0.0,0.0,0.0,0.0,479.5092580783641,0.0,0.0,0.0,0.0,0.0,0.0,0.0,0.0,0.0,0.040602246360393224,0.040602246360393224,0.0,214.83882163535623,0.0,22.146679832946354,0.0,0.0,0.0,966.3636777329899,0.0,0.0,0.0,0.0,0.0,-185.21780521696988,-966.3636777329899,0.0,0.0,0.0,0.0,0.0,0.0,0.0,0.0,0.0,0.0,0.0,0.0,0.0,155.53352242348674,-108.90991814650482,411.5885372622612,0.0,2.8421572452281136,0.0,0.0,0.0,-170.13418564321165,0.0,-185.21780521696988,0.0,162.1743555731827,-386.70104748466156,0.0,0.0,126.22104824633834,0.0,0.0,0.0,0.0,0.0,0.0,0.0,0.0,0.0,0.0,0.0,0.0,0.0,22.146679832946354,229.63025402884287,229.63025402884287,0.0,0.0,0.0,0.0,0.0,0.0,0.0,0.0,0.0,0.0,0.3691113305491059,0.0,0.0,0.0,0.0,0.0,0.0,0.0,0.0,11.073339916473177,0.0,0.0,0.0,0.0,0.0,0.0,0.0,0.0,0.0,0.0,793.6138278342183,0.0,0.0,11.073339916473177,11.073339916473177,1000.0,-966.3636777329899,0.0,0.0,0.0,0.0,0.0,0.0,0.0,828.9143190313953,0.0,1000.0,0.03691113305491059,0.0,0.0,0.0,48.746424218017275,0.0,0.0,0.0,0.0,0.0,0.0,0.0,0.0,0.0,0.0,0.0,0.0,0.0,0.0,0.0,0.0,0.0,0.03691113305491059,0.0,0.0,0.0,0.0,0.0,0.0,0.0,0.0,0.0,0.0,0.0,-546.981096430772,0.0,625.8105439475872,-2.7683349791182943,-1.8455566527455294,0.0,0.0,-578.125,-578.125,578.125,0.0,0.0,0.0,0.0,0.0,0.0,0.0,229.63025402884287,0.0,0.0,0.0,-1.8979298122679964,0.0,0.0,0.0,-0.03691113305491059,0.0,0.0,0.03691113305491059,0.0,0.03691113305491059,0.0,0.0,0.0,22.146679832946354,45.031582326990915,45.031582326990915,0.0,0.0,0.0,0.0,0.0,0.0,0.0,411.5885372622612,0.0,0.0,0.0,0.0,779.6245084064072,0.0,0.0,0.0,0.0,0.0,0.0,0.0,0.0,0.0,0.0,0.0,0.0,0.0,0.0,170.13418564321165,0.0,0.0,0.0,0.05536669958236588,0.0,0.0,0.0,-11.073339916473177,0.0,0.0,0.0,0.0,0.0,-214.83882163535623,1.8455566527455294,0.0,0.0,0.0,0.0,-388.4377788887049,987.1817689468861,0.0,0.0,-953.125,0.0,0.0,0.0,0.0,0.0,229.63025402884287,0.0,0.0,0.0,88.61777338901788,0.0,469.20631065127907,-23.16438355133181,4.030695729595777,983.1510732172903,0.0,-987.1817689468861,546.981096430772,-45.031582326990915,0.0,1.8455566527455294,856.541190268784,0.0,0.0,0.0,-83.04469891168549,0.0,0.0,0.0,0.0,0.0,0.0,0.0,0.0,0.0,217.60715661447452,-223.14382657271113,45.031582326990915,0.0,0.0,0.0,0.0,0.0,0.0,0.0,0.0,0.0,1.1885384843676547,0.0,0.0,0.0,-528.2556822963813,0.0,0.0,11.073339916473177,0.0,0.0,0.0,0.0,28.532981093791307,0.0,0.0,0.040602246360393224,0.0,0.0,0.0,22.515791163495457,0.0,0.0,0.0,0.0,383.3529904842254,0.0,0.0,0.0,0.0,0.0,0.0,0.0,0.0,-786.7408078493615,0.0,965.3136474741945,0.003691113305491059,0.0,0.0,0.0,0.0,0.0,0.0,0.0,0.0,0.0,0.0,0.0,0.0,0.0,0.0,0.0,214.83882163535623,0.0,0.0,0.0,0.0,0.0,0.0,0.0,180.72169353884,0.0,0.0,0.0,0.0,-805.732568859293,0.0,-42.478087472266225,0.0,0.0,0.0,22.146679832946354,0.0,0.0,0.0,0.0,0.0,0.0,-22.146679832946354,0.0,0.0,0.0,0.0,0.0,0.0,0.0,0.0,0.0,0.0,0.0,0.0,-1000.0,-1000.0,804.908634549021,0.0,-11.073339916473177,0.0,-629.9888842094027,0.0,0.0,0.0,0.0,0.0,0.0,0.0,0.0,0.0,0.0,0.0,0.0,0.0,0.0,0.0,0.0,0.0,-4.613891631863824,229.63025402884287,-2.7683349791182943,1000.0,0.0,0.0,0.0,0.0,0.0,0.0,-0.46138916318638235,630.0257953424576,0.0,0.0,0.0,0.0,0.0,0.0,0.0,1000.0,11.073339916473177,11.073339916473177,0.0,0.0,0.0,0.0,0.0,0.040602246360393224,214.83882163535623,0.0,0.0,629.9888842094027,965.3099563608889,0.0,0.0,0.0,0.0,0.0,0.0,0.0,0.0,0.0,0.0,0.0,0.0,0.0,0.0,0.0,0.0,0.0,0.0,38.75668970765612,0.0,0.0,2.8421572452281136,0.0,0.0,0.0,214.83882163535623,0.0,-989.0273255996317,0.0,0.0,0.0,-4.613891631863824,0.0,0.0,0.0,0.0,0.0,0.0,0.0,0.0,0.0,0.0,0.0,0.0,0.0,0.0,0.0,0.0,0.0,0.0,-0.03691113305491059,0.0,0.0,1.8455566527455294,185.21780521696988,0.0,0.0,0.0,0.0,229.63025402884287,0.0,0.0,0.0,-776.4464598503795,0.9227783263727647,0.0,0.0,0.0,0.03691113305491059,0.0,36.911133054910586,-11.442451247022282,7.382226610982118,0.2636509503922185,102.98206122320053,-0.02768334979118294,1.8455566527455294,0.7382226610982118,-0.18455566527462566,-102.98206122320053,11.073339916473177,-0.03691113305491059,7.7214611837772695,0.0,0.009227783263727647,0.2636509503922185,-23.16438355133181,-5.876252382341363,-0.7382226610982118,213.56376844087094,-0.03691113305491059,0.009227783263727647,-102.98206122320053,3.6911133054910588,0.03691113305491059,0.03691113305491059,-214.76130825594095,0.0406022463604461,0.0,-0.02768334979118294,11.073339916473177,0.03691113305491059,11.073339916473177,-18.455566527455296,-0.018455566527455294,-93.43332962099326,55.76804394708523,-0.02768334979118294,-0.03691113305491059,-11.442451247022282,0.03691113305491059,3.691113305491058,-0.7382226610982118,170.13418564321165,170.13418564321165,-3.6911133054910588,-213.56376844087094,-170.13418564321165,7.3822266109821175,0.05536669958236588,-1000.0,3.6911133054910588,-155.53352242348674,0.0,-7.3822266109821175,0.018455566527455294,0.3691113305491059,126.33219598403697,96.0,-0.03691113305491059,-223.14382657271113,214.76130825594095,11.442451247022282,0.03691113305491059,5.876252382341363,-44.293359665892496,0.0,-0.03691113305491059,-0.009227783263727647,0.0,-0.03691113305491059,-39.30888669450894,0.03691113305490035,-0.009227783263727647,-0.009227783263727647,-0.009227783263727647,14.764453221964235,18.455566527455296,0.3691113305491059,27.346535702055306,-0.009227783263727647,244.94293078429666,1.8455566527455294,21.5,0.03691113305491059,0.018455566527455294,0.018455566527455294,3.6911133054910588,11.442451247022282,0.03691113305491059,-11.442451247022282,0.3691113305491059,0.03691113305491059,-27.346535702055306,0.03691113305491059,0.1476445322197435,0.18455566527462566,0.018455566527455294,0.009227783263727647,11.073339916473177,-0.03691113305491059,0.0,0.3691113305491059,-54.69307140411061,0.9227783263727649,-3.691113305491058,7.3822266109821175,1.8455566527455294,-0.03691113305491059,23.16438355133181,0.05536669958236588,-0.03691113305491059,-7.3822266109821175,11.442451247022282,98.32619669951434,0.018455566527455294,-43.0,-0.03691113305491059,-0.03691113305490035,-0.03691113305491059,0.018455566527455294,102.98206122320053,-7.3822266109821175,0.03691113305491059,252.66439196807394,-0.009227783263727647,-0.0406022463604461,-252.66439196807394,5.536669958236588,-55.768043947085246,740.6166176794318,102.98206122320053,-0.02768334979118294,223.14382657271113,-96.0,0.03691113305491059,-0.009227783263727647,1.8455566527455294,36.911133054910586,-0.018455566527455294,-0.03691113305491059,0.009227783263727647,0.0,0.0,273.63667864486695,0.0,-46.0,0.0,-108.0,-31.0,0.0,-32.0,107.9370906596493,-65.0,-726.3448657886056,16.0,23.0,-53.96854532982465,0.0,15.5,-214.83882163535623,-126.85917779330565,726.3448657886056,65.0,-126.85917779330565,108.0,-33.69887681979928,0.0,1496.5981,hclb
352,0.0,0.0,0.0,0.0,0.0,0.0,0.0,0.0,-0.04032996932135887,0.0,0.0,0.0,0.0,0.0,0.0,0.0,-680.9259958150856,-410.63280832610764,0.0,938.8946297476552,0.0,0.0,0.0,0.0,0.0,0.0,0.0,0.0,0.0,478.896340233557,0.0,0.0,7.083470762710569,0.0,0.0,0.0,0.0,837.9693686084036,0.0,-1000.0,1000.0,0.0,0.0,299.24359920610055,0.0,0.0,0.0,0.0,202.02965558152857,-9.575800611927775,0.0,0.0,0.0,0.04436296625355851,0.0,0.0,0.0,0.0,0.0,0.0,151.4157834662143,0.0,1000.0,686.513255172868,0.0,0.0,0.0,0.0,0.0,457.49196829366724,0.0,0.4032996932135888,0.0,0.0,0.0,0.0,0.0,0.0,0.0,0.0,0.0,0.0,-295.6422179991508,0.0,24.197981592815324,0.0,0.0,0.0,0.0,680.9864907690676,283.2443966271474,0.0,0.0,209.58876780347646,12.098990796407662,0.0,12.098990796407662,0.0,0.0,0.0,0.0,581.0181436987407,478.896340233557,0.0,0.0,-23.02523691528734,0.0,0.0,0.0,0.0,0.0,0.0,0.0,0.0,0.0,0.0,0.0,0.0,0.0,0.0,0.0,0.0,0.0,0.0,-901.6873279278825,0.0,0.0,12.098990796407662,0.0,12.50229048962125,0.7403471803498647,0.0,0.0,0.0,0.0,0.0,-464.90252829334634,0.0,0.0,0.0,0.0,0.0,0.0,0.0,0.0,298.7476256368954,0.04032996932135887,283.25447911947776,0.0,0.0,-53.41703114557322,-689.3720087103119,0.0,0.0,0.0,0.0,180.68368536677403,0.0,0.0,0.0,0.0,0.0,-275.0243288021225,-275.0243288021225,0.0,0.0,0.0,0.0,0.0,0.0,0.0,-274.98399883280115,0.0,0.0,0.0,-376.1744082819854,0.0,0.0,0.0,0.0,0.0,0.0,0.0,0.0,0.0,0.0,-1000.0,0.0,0.0,0.0,0.0,-735.0463888325094,0.0,0.0,0.0,0.0,0.0,9.575800611927775,0.0,0.0,0.0,464.90252829334634,0.0,0.0,0.0,0.0,0.0,0.0,0.0,868.7834054765626,0.0,0.0,0.0,0.0,0.0,0.0,0.0,0.0,0.0,0.0,0.0,0.0,0.0,157.68384621294274,715.9210275844287,0.0,0.0,0.0,0.0,0.0,-101.07192905114516,0.0,0.0,0.0,0.0,151.4157834662143,-299.24359920610055,0.0,0.0,0.0,0.0,0.0,0.0,0.0,0.0,1.2986250121480936,8.065993864271773,0.0,0.0,0.0,0.0,202.02965558152857,0.0,0.0,0.0,0.0,464.90252829334634,105.5651156307564,0.0,0.0,0.0,-154.24419786658947,0.0,0.0,-1000.0,0.0,0.0,-1000.0,0.0,0.0,0.0,0.0,326.232165840019,9.575800611927775,0.0,-249.82929047491018,0.0,0.0,0.0,0.0,0.0,0.0,0.0,-275.0646587714439,0.0,0.0,1000.0,0.0,0.0,0.0,151.4157834662143,-0.060494953982038295,0.0,0.0,0.0,0.0,0.04032996932135887,0.0,0.0,0.0,357.8181737817524,-680.9259958150856,0.0,-599.3125914026596,931.5759652090358,0.0,1000.0,0.0,57.77671404977879,0.0,-23.02523691528734,0.0,0.0,0.0,-3.472410358569062,0.0,-54.304303691209725,-1000.0,529.7785207320388,0.0,0.0,0.0,0.0,0.0,0.0,0.0,0.0,0.0,0.0,0.0,0.0,0.0,0.0,0.0,0.0,0.0,-161.86931151431082,0.0,-1000.0,0.0,0.0,0.0,772.7865169939023,0.0,0.0,-300.0462506490435,0.0,295.6422179991508,0.0,0.0,579.0016452326728,0.0,0.0,-677.9105795793554,0.0,0.0,-689.4417063876864,0.0,0.0,0.0,0.0,0.0,501.5523160510106,-1.0082492330339716,-2.0164984660679433,0.0,0.0,-498.5275683519087,373.40178136524565,0.0,12.098990796407662,0.0,0.0,0.0,0.0,0.0,0.0,0.0,-157.68384621294274,157.68384621294274,157.68384621294274,107.95924305101556,0.0,0.0,0.0,0.0,0.0,0.0,0.0,0.0,-162.07096136091783,0.0,453.12499999999824,12.098990796407662,0.0,0.0,0.0,0.0,-38.96700306786411,0.08065993864283882,0.0,0.0,0.0,0.0,0.0,0.0,0.0,0.0,0.0,457.49196829366724,0.0,0.0,0.0,0.0,0.0,0.0,0.0,0.0,0.0,0.04436296625355851,0.04436296625355851,0.0,245.61785234867097,0.0,24.197981592815324,0.0,113.58472664615682,0.0,1000.0,0.0,0.0,0.0,0.0,0.0,555.843531711054,-1000.0,0.0,0.0,0.0,0.0,0.0,12.098990796407662,0.0,0.0,0.0,0.0,0.0,0.0,0.0,300.5624426426275,-357.8181737817524,742.7890398558851,0.0,3.1054076377446336,0.0,209.58876780347646,0.0,-363.8305992422012,0.0,555.843531711054,0.0,516.8765286431899,0.0,-268.73726929018585,268.73726929018585,157.68384621294274,0.0,0.0,0.0,0.0,0.0,0.0,0.0,0.0,0.0,0.0,0.0,0.0,0.0,24.197981592815324,464.90252829334634,464.90252829334634,0.0,0.0,0.0,0.0,0.0,0.0,0.0,0.0,0.0,0.0,0.4032996932135888,0.0,0.0,0.0,0.0,0.0,0.0,0.0,0.0,12.098990796407662,0.0,0.0,0.0,0.0,0.0,0.0,0.0,0.0,0.0,0.0,416.49239200270216,-529.663311850255,0.0,12.098990796407662,12.098990796407662,-74.10160565011915,-1000.0,0.0,12.098990796407662,0.0,0.0,0.0,0.0,0.0,669.1921315980538,0.0,833.5162546930882,0.04032996932135887,0.0,0.0,0.0,50.30009719164371,0.0,0.0,-209.58876780347646,0.0,0.0,0.0,0.0,0.0,0.0,0.0,0.0,0.0,0.0,0.0,0.0,0.0,0.0,0.04032996932135887,0.0,0.0,0.0,0.0,0.0,0.0,0.0,0.0,0.0,0.0,-4.404032649892713,0.0,0.0,-838.1306884856892,-3.024747699101915,0.0,-2.0164984660679433,0.0,0.0,0.0,0.0,0.0,0.0,0.0,0.0,0.0,0.0,0.0,464.90252829334634,0.0,0.0,0.0,-496.51106988584075,0.0,0.0,0.0,-0.04032996932135887,0.0,0.0,0.04032996932135887,0.0,0.04032996932135887,0.0,0.0,0.0,24.197981592815324,49.20256257205782,49.20256257205782,0.0,0.0,0.0,0.0,0.0,0.0,295.6422179991508,742.7890398558851,0.0,0.0,0.0,0.0,0.0,0.0,0.0,0.0,0.0,0.0,0.0,0.0,0.0,0.0,0.0,0.0,0.0,0.0,0.0,363.8305992422012,0.0,0.0,0.0,0.060494953982038295,0.0,0.0,0.0,-12.098990796407662,0.0,0.0,0.0,0.0,0.0,-245.61785234867097,2.0164984660679433,0.0,0.0,0.0,0.0,0.0,4.404032649892713,-2.0164984660679433,0.0,453.12499999999824,0.0,0.0,0.0,0.0,0.0,464.90252829334634,0.0,0.0,0.0,87.93400613572823,0.0,799.7230459916134,-23.02523691528734,0.0,-295.6422179991508,295.6422179991508,0.0,0.0,56.36255305869857,113.58472664615682,2.0164984660679433,841.7728468749069,0.0,0.0,0.0,-162.07096136091783,-1000.0,1000.0,0.0,0.0,0.0,0.0,0.0,0.0,0.0,996.9752523008981,-3.0247476991019084,49.20256257205782,0.0,0.0,0.0,0.0,0.0,0.0,0.0,0.0,0.0,1.2986250121480936,0.0,0.0,251.66734774687492,-507.79206548531096,59.36389286053567,0.0,12.098990796407662,0.0,0.0,0.0,0.0,5.004002088112955,0.0,0.0,0.04436296625355851,0.0,0.0,0.0,24.60128128602891,0.0,0.0,0.0,0.0,715.9210275844287,0.0,0.0,0.0,0.0,0.0,0.0,0.0,0.0,0.0,0.0,959.8095024206644,0.0040329969321360026,0.0,0.0,0.0,0.0,0.0,0.0,0.0,0.0,0.0,0.0,0.0,0.0,0.0,0.0,0.0,245.61785234867097,0.0,0.0,0.0,0.0,0.0,0.0,0.0,9.575800611927775,0.0,0.0,0.0,0.0,0.0,105.30445953903182,-410.63280832610764,0.0,0.0,0.0,24.197981592815324,0.0,0.0,0.0,0.0,0.0,505.4754815441271,-529.6734631369425,0.0,0.0,0.0,0.0,0.0,0.0,0.0,0.0,0.0,0.0,0.0,0.0,696.2622660389508,148.08847183161083,27.626028985130826,-12.098990796407662,0.0,0.0,837.9693686084036,0.0,0.0,0.0,0.0,0.0,0.0,0.0,0.0,0.0,132.796875,0.0,-132.796875,-132.796875,0.0,0.0,0.0,113.58472664615682,-5.041246165169858,464.90252829334634,-582.0263929317746,0.0,0.0,0.0,0.0,0.0,0.0,0.0,-0.5041246165169859,162.07096136091783,0.0,0.0,0.0,0.0,0.0,0.0,0.0,1000.0,12.098990796407662,12.098990796407662,0.0,0.0,0.0,0.0,0.0,0.04436296625355851,245.61785234867097,0.0,0.0,-837.9693686084036,959.8054694237323,0.0,0.0,0.0,0.0,0.0,0.0,0.0,0.0,0.0,0.0,0.0,0.0,0.0,0.0,0.0,0.0,0.7403471803498647,0.0,42.34646778742682,0.0,0.0,298.7476256368954,0.0,0.0,0.0,245.61785234867097,0.0,-4.404032649892713,0.0,0.0,0.0,-5.041246165169858,0.0,0.0,0.0,0.0,0.0,0.0,0.0,0.0,0.0,0.0,0.0,0.0,0.0,0.0,0.0,0.0,0.0,0.0,-0.04032996932135887,0.0,0.0,2.0164984660679433,-555.843531711054,0.0,0.0,0.0,0.0,464.90252829334634,0.0,0.0,0.0,3.472410358569062,1.0082492330339716,0.0,0.0,0.0,0.04032996932135887,0.0,40.32996932135887,-11.761943309271388,8.065993864271773,0.28807120943827763,114.001308767291,-0.030247476991019148,677.9105795793554,0.8065993864271773,-0.20164984660698337,-114.001308767291,12.098990796407662,-0.04032996932135886,7.675078971762447,12.098990796407662,0.010082492330339716,0.28807120943827763,-23.02523691528734,-6.420531115960657,-0.8065993864271773,152.6641743935379,-0.04032996932135886,0.010082492330339716,-114.001308767291,4.0329969321358865,0.04032996932135886,0.04032996932135887,-245.53315941309606,0.04436296625340219,0.0,-0.030247476991019148,12.098990796407662,0.04032996932135886,12.098990796407662,-20.164984660679437,-0.02016498466067943,-134.63321153619935,96.99860214968791,-0.030247476991019148,-0.04032996932135886,-11.761943309271388,0.04032996932135887,4.0329969321358865,-0.8065993864271773,363.8305992422012,363.8305992422012,-4.0329969321358865,-152.6641743935379,-363.8305992422012,8.065993864271773,0.060494953982038295,-1000.0,4.0329969321358865,-300.5624426426275,12.098990796407662,-8.065993864271773,0.02016498466067943,0.4032996932135888,149.8281478506649,96.0,-0.04032996932135887,-254.69209544597683,245.53315941309606,12.50229048962125,0.04032996932135886,6.420531115960657,-36.2969723892229,12.098990796407662,-0.04032996932135887,-0.010082492330339716,-12.098990796407662,-0.04032996932135886,-38.96700306786411,0.04032996932135886,-0.010082492330339716,-0.010082492330339716,-0.010082492330339716,16.131987728543546,20.164984660679437,0.4032996932135888,29.87946602096116,-0.010082492330339716,291.98121672956734,2.0164984660679433,21.5,0.04032996932135887,0.02016498466067943,0.02016498466067943,10.082492330339718,11.761943309271388,0.04032996932135887,-11.761943309271388,0.4032996932135888,0.04032996932135886,-29.87946602096116,0.04032996932135886,0.16131987728563502,0.20164984660698337,0.02016498466067943,0.010082492330339716,12.098990796407662,-0.04032996932135886,0.0,0.40329969321358866,-59.75893204192232,676.9023303463214,-4.0329969321358865,8.065993864271773,2.0164984660679433,-0.04032996932135886,23.02523691528734,0.060494953982038295,-0.04032996932135886,-20.164984660679437,11.761943309271388,339.91262110016896,0.02016498466067943,-43.0,-0.04032996932135886,-0.04032996932135886,-0.04032996932135886,0.02016498466067943,114.001308767291,-8.065993864271773,0.04032996932135887,299.6562957013298,-0.010082492330339716,-0.04436296625340219,-299.6562957013298,6.04949539820383,-96.99860214968791,568.1331351261169,114.001308767291,-0.030247476991019148,254.69209544597683,-96.0,0.04032996932135886,-0.010082492330339716,2.0164984660679433,40.32996932135887,-0.02016498466067943,-0.04032996932135886,0.010082492330339716,376.68562716120687,0.0,318.9933442462717,0.0,-46.0,0.0,1.6947485073891357,-31.0,0.0,-32.0,-93.0,-65.0,-680.9864907690676,16.0,23.0,46.5,0.0,15.5,-245.61785234867097,-344.9166231882819,680.9864907690676,65.0,-344.9166231882819,-1.6947485073891357,16.979361982238075,0.0,1496.5981,hclb
353,0.0,0.0,0.0,0.0,0.0,0.0,0.0,0.0,-0.038171144898572436,0.0,0.0,0.0,0.0,0.0,0.0,0.0,-110.42857640382708,376.3932367539476,0.0,0.0,0.0,0.0,0.0,0.0,0.0,0.0,0.0,0.0,0.0,-284.6054263503638,0.0,0.0,277.5788392979294,0.0,0.0,0.0,0.0,1000.0,0.0,-1000.0,988.5486565304283,0.0,0.0,244.12091686230485,0.0,0.0,0.0,176.64144391861436,1000.0,0.0,0.0,849.086914108114,0.0,0.041988259388399625,0.0,0.0,0.0,0.0,0.0,0.0,-64.71234671861605,0.0,0.0,-84.24695332509788,0.0,0.0,0.0,0.0,281.7432393959134,-281.7432393959134,0.0,0.3817114489857244,0.0,0.0,0.0,0.0,0.0,0.0,0.0,0.0,0.0,0.0,0.0,0.0,22.902686939143464,0.0,44.8200731935695,346.89031579432236,-447.502921852478,1000.0,-0.009542786224643109,0.0,0.0,0.0,11.451343469571732,0.0,11.451343469571732,-1.2291108657337828,716.2507582102795,0.0,0.0,1.9085572449286219,-1000.0,0.0,0.0,-5.086823188036234,0.0,0.0,0.0,0.0,0.0,0.0,0.0,0.0,0.0,0.0,0.0,0.0,0.0,0.0,0.0,0.0,0.0,0.0,-297.72453384178226,0.0,0.0,11.451343469571732,0.0,11.833054918557453,11.833054918557453,0.0,-63.78732410282505,63.78732410282505,0.0,0.0,-19.53460660648183,0.0,0.0,0.0,0.0,0.0,0.0,0.0,0.0,47.75925135075958,0.038171144898572436,0.0,0.0,0.0,-514.1085232567432,0.0,0.0,0.0,0.0,0.0,-39.388178540025514,0.0,0.0,0.0,0.0,0.0,224.5222320099715,224.5222320099715,0.0,0.0,0.0,0.0,669.7783609209713,0.0,0.0,224.56040315487007,0.0,0.0,0.0,-393.06707130186504,0.0,0.0,0.0,0.0,0.0,0.0,0.0,0.0,0.0,0.0,-100.45923504459768,0.0,0.0,0.0,0.0,-1000.0,0.0,0.0,0.0,0.0,0.0,0.0,-849.086914108114,-434.53197201428554,434.53197201428554,0.0,0.0,0.0,0.0,0.0,0.0,0.0,715.3945736496362,-433.2970988352928,0.0,0.0,0.0,0.0,0.0,0.0,0.0,0.0,0.0,0.0,0.0,0.0,0.0,241.17097336507865,486.37698121617217,244.12091686230485,0.0,0.0,0.0,19.53460660648183,81.14471436524418,0.0,0.0,0.0,0.0,-64.71234671861605,0.0,0.0,0.0,0.0,0.0,0.0,0.0,0.0,0.0,0.0,184.27567289832885,0.0,0.0,889.5141668788251,876.5432170406328,63.27142967192276,0.0,-244.12091686230485,0.0,0.0,19.53460660648183,-188.16912967798325,0.0,0.0,0.0,-350.14201793579696,0.0,0.0,-1000.0,-267.58419935607634,0.0,-732.4158006439236,0.0,267.58419935607634,-882.0348938667636,0.0,-555.9421369465464,0.0,0.0,49.018889738887836,0.0,0.0,0.0,0.0,0.0,0.0,0.0,898.2547336700516,0.0,19.53460660648183,565.0483980511104,0.0,0.0,0.0,-64.71234671861605,-0.05725671734785866,0.0,0.0,0.0,0.0,0.038171144898572436,0.0,0.0,0.0,907.403942165184,-110.42857640382708,0.0,-334.3605883469188,433.74524357251323,0.0,1000.0,0.0,-1000.0,0.0,-5.086823188036234,0.0,0.0,0.0,-3.2865355757670565,699.0035790084821,304.28295656728494,-1000.0,-1000.0,0.0,0.0,0.0,0.0,0.0,0.0,0.0,0.0,0.0,0.0,0.0,0.0,0.0,0.0,0.0,0.0,0.0,54.250366537353955,0.0,-842.212401993112,0.0,0.0,0.0,0.0,0.0,0.0,20.766100291758562,0.0,716.2507582102795,0.0,0.0,0.0,-980.7468184043955,-546.8749999999993,998.0914427550714,561.6835232578729,0.0,103.85855508592056,0.0,0.0,-355.6804031732127,546.8749999999993,-1000.0,-635.1095756234662,-562.6378018803373,-1.9085572449286219,0.0,0.0,529.4138882329868,1000.0,248.30218368467646,11.451343469571732,0.0,0.0,0.0,0.0,0.0,0.0,0.0,-241.17097336507865,241.17097336507865,241.17097336507865,-162.0566505799023,0.0,126.20195566506278,-808.2308923856871,0.0,0.0,715.3945736496362,0.0,0.0,-59.319153656574926,0.0,0.0,0.0,0.0,0.0,0.0,0.0,-39.182885510142754,0.07634228979713953,0.0,0.0,0.0,0.0,0.0,0.0,0.0,0.0,0.0,0.0,0.0,0.0,0.0,0.0,0.0,0.0,0.0,0.0,0.0,0.041988259388399625,0.041988259388399625,0.0,329.53674438536416,0.0,22.902686939143464,0.0,0.0,0.0,1000.0,0.0,0.0,44.8200731935695,0.0,0.0,203.9484088824325,-1000.0,0.0,0.0,0.0,0.0,0.0,0.0,0.0,0.0,0.0,0.0,0.0,0.0,0.0,99.24151128059408,-907.403942165184,514.1085232567432,0.0,47.75925135075958,0.0,0.0,0.0,-81.14471436524418,0.0,-245.37456066379065,0.0,164.76552337228975,0.0,-306.2118078705531,306.2118078705531,241.17097336507865,0.0,0.0,0.0,0.0,0.0,0.0,0.0,0.0,0.0,0.0,0.0,0.0,0.0,22.902686939143464,19.53460660648183,19.53460660648183,0.0,0.0,0.0,0.0,0.0,0.0,0.0,0.0,0.0,0.0,0.3817114489857244,0.0,0.0,44.8200731935695,-44.8200731935695,0.0,-849.086914108114,0.0,0.0,11.451343469571732,0.0,0.0,0.0,0.0,0.0,0.0,0.0,0.0,0.0,0.0,0.0,125.3974318615874,0.0,11.451343469571732,11.451343469571732,1000.0,-1000.0,0.0,0.0,0.0,0.0,0.0,0.0,0.0,1000.0,715.3945736496362,738.9144996465213,0.038171144898572436,0.0,0.0,3.078230185034877,0.0,252.50924478822407,0.0,0.0,0.0,0.0,0.0,0.0,0.0,0.0,34.56330534970947,0.0,0.0,0.0,0.0,0.0,0.0,0.0,0.038171144898572436,0.0,0.0,0.0,0.0,0.0,0.0,0.0,0.0,0.0,0.0,1000.0,0.0,-262.9831414979619,-896.462768530466,-2.862835867392933,-1.9085572449286219,0.0,0.0,0.0,0.0,0.0,0.0,0.0,0.0,0.0,0.0,0.0,0.0,19.53460660648183,0.0,0.0,0.0,779.6246291625919,0.0,0.0,0.0,-0.038171144898572436,0.0,0.0,0.038171144898572436,0.0,0.038171144898572436,103.68991604912841,0.0,0.0,22.902686939143464,46.568796776258374,46.568796776258374,0.0,0.0,0.0,0.0,0.0,0.0,0.0,514.1085232567432,0.0,715.3945736496362,0.0,0.0,0.0,0.0,0.0,0.0,0.0,0.0,0.0,0.0,0.0,0.0,0.0,0.0,0.0,0.0,0.0,81.14471436524418,0.0,0.0,0.0,0.05725671734785866,0.0,0.0,0.0,-11.451343469571732,0.0,0.0,0.0,0.0,0.0,-329.53674438536416,1.9085572449286219,0.0,0.0,0.0,0.0,-669.7783609209713,-20.766100291758562,0.0,0.0,0.0,0.0,0.0,0.0,0.0,0.0,19.53460660648183,0.0,0.0,0.0,88.36577102028551,0.0,571.4742942770287,247.42242160018782,0.0,0.0,979.2338997082414,-979.2338997082414,0.0,-234.73792645424163,0.0,1.9085572449286219,748.5945398568139,0.0,0.0,0.0,-148.95930004371394,0.0,0.0,0.0,0.0,0.0,-68.5253516425181,0.0,0.0,0.0,432.8588152973548,-338.1252519875429,46.568796776258374,0.0,0.0,0.0,0.0,0.0,0.0,0.0,0.0,0.0,0.0,0.0,0.0,0.0,-3.078230185034877,0.0,0.0,11.451343469571732,44.8200731935695,0.0,0.0,0.0,-92.12632072314055,0.0,0.0,0.041988259388399625,0.0,0.0,0.0,23.284398388129187,0.0,0.0,0.0,0.0,486.37698121617217,0.0,0.0,0.0,0.0,0.0,0.0,0.0,0.0,0.0,0.0,0.0038171144898572437,0.0038171144898572437,0.0,0.0,0.0,0.0,0.0,103.68991604912841,0.0,0.0,0.0,3.078230185034877,0.0,0.0,0.0,0.0,0.0,329.53674438536416,0.0,0.0,0.0,0.0,0.0,0.0,0.0,0.0,0.0,0.0,0.0,89.640146387139,374.1137961376855,-1000.0,376.3932367539476,0.0,0.0,0.0,22.902686939143464,0.0,0.0,0.0,0.0,0.0,0.0,-22.902686939143464,0.0,89.640146387139,0.0,0.0,0.0,0.0,0.0,0.0,0.0,0.0,0.0,0.0,-738.9144996465213,-1000.0,26.147234255522118,-11.451343469571732,0.0,0.0,896.3100839508716,0.0,0.0,0.0,0.0,0.0,0.0,0.0,0.0,0.0,882.796875,0.0,-882.796875,-882.796875,0.0,0.0,0.0,0.0,-4.7713931123215545,19.53460660648183,-2.862835867392933,335.26241612015,0.0,0.0,0.0,0.0,0.0,0.0,-0.4771393112321555,59.319153656574926,0.0,0.0,0.0,0.0,0.0,0.0,0.0,1000.0,11.451343469571732,11.451343469571732,0.0,0.0,0.0,0.0,0.0,0.041988259388399625,329.53674438536416,0.0,0.0,-1000.0,0.0,0.0,0.0,0.0,0.0,0.0,0.0,0.0,0.0,0.0,0.0,0.0,0.0,0.0,51.84495802456421,0.0,0.0,11.833054918557453,0.0,40.079702143501066,47.75925135075958,0.0,0.0,0.0,0.0,0.0,329.53674438536416,0.0,17.628432181096173,0.0,0.0,0.0,-4.7713931123215545,0.0,0.0,0.0,0.0,0.0,0.0,0.0,0.0,0.0,0.0,0.0,0.0,0.0,0.0,0.0,0.0,0.0,0.0,-0.038171144898572436,0.0,0.0,1.9085572449286219,-203.9484088824325,0.0,0.0,0.0,0.0,19.53460660648183,0.0,0.0,0.0,3.2865355757670565,0.9542786224643578,0.0,0.0,0.0,0.038171144898572436,0.0,38.171144898572436,0.0,7.634228979714488,0.27265103498980314,130.163604104132,-0.02862835867392933,1.9085572449286219,0.7634228979714488,103.49906032463548,-130.163604104132,11.451343469571732,-0.038171144898572436,1.6956077293454113,0.0,0.009542786224643109,0.27265103498980314,-5.086823188036234,-50.89691946142193,-0.7634228979714488,-265.9646603501205,-0.038171144898572436,0.009542786224643109,-130.163604104132,3.8171144898572438,0.038171144898572436,0.038171144898572436,-329.4565849810772,-44.77808493418107,-54.07883364377559,-0.02862835867392933,11.451343469571732,0.038171144898572436,11.451343469571732,-19.085572449286218,-0.019085572449286218,103.64065855987357,-85.0,-0.02862835867392933,-0.038171144898572436,0.0,0.038171144898572436,3.8171144898572438,-0.7634228979714488,81.14471436524418,81.14471436524418,-3.8171144898572438,265.9646603501205,-81.14471436524418,7.6342289797144876,0.05725671734785866,-562.4313941295081,3.8171144898572438,-99.24151128059408,0.0,-7.6342289797144876,0.019085572449286218,0.3817114489857244,83.5901470867297,96.0,-0.038171144898572436,-338.1252519875429,329.4565849810772,11.833054918557453,0.038171144898572436,50.89691946142193,-45.80537387828694,0.0,-0.038171144898572436,-0.009542786224643109,0.0,-0.038171144898572436,-39.182885510142754,0.03817114489851292,-0.009542786224643109,-0.009542786224643109,-0.009542786224643109,15.268457959428975,19.085572449286218,0.3817114489857244,28.280046976729423,-0.009542786224643109,165.484686444114,1.9085572449286219,21.5,0.038171144898572436,0.019085572449286218,0.019085572449286218,-5.950188813383671,0.0,0.038171144898572436,0.0,0.3817114489857244,0.038171144898572436,-28.280046976729423,0.038171144898572436,0.15268457959439274,-103.49906032463548,0.019085572449286218,0.009542786224643109,11.451343469571732,-0.038171144898572436,54.07883364377559,0.3817114489857244,-56.560093953458846,0.9542786224643109,-3.8171144898572438,7.6342289797144876,1.9085572449286219,-0.038171144898572436,5.086823188036234,0.05725671734785866,-0.038171144898572436,11.900377626767343,0.0,110.52674242593933,0.019085572449286218,-43.0,-0.038171144898572436,-0.03817114489851292,-0.038171144898572436,0.019085572449286218,130.163604104132,-7.6342289797144876,0.038171144898572436,167.1802941734594,-0.009542786224643109,44.77808493418107,-167.1802941734594,5.725671734785865,85.0,256.2042049128225,130.163604104132,-0.02862835867392933,338.1252519875429,-96.0,0.038171144898572436,-0.00954278622464311,1.9085572449286219,38.171144898572436,-0.019085572449286218,-0.038171144898572436,0.009542786224643109,0.0,0.0,444.44720242382243,0.0,-46.0,0.0,394.6646447752705,-31.0,0.0,-32.0,-93.0,-65.0,-117.96510613323642,16.0,23.0,46.5,0.0,15.5,-329.53674438536416,-18.400421702798777,117.96510613323642,65.0,-18.400421702798777,-394.6646447752705,218.3264520818501,0.0,1496.5981,hclb
354,0.0,0.0,0.0,0.0,0.0,0.0,0.0,0.0,-0.038637712335912434,0.0,0.0,0.0,0.0,0.0,0.0,0.0,0.05795656850386865,-714.376850002755,0.0,861.8320399069542,0.0,0.0,0.0,0.0,0.0,169.13111918295132,0.0,0.0,0.0,-746.2418173867909,59.309350093968305,-59.309350093968305,761.9382354201474,0.0,0.0,0.0,0.0,904.6361008376781,0.0,-1000.0,1000.0,0.0,0.0,-391.8681861377511,0.0,0.0,0.0,0.0,138.0520469560381,-392.7041002859101,0.0,0.0,0.0,0.04250148356954189,0.0,0.0,0.0,7.727542467182487,0.0,0.0,-68.56500484687831,0.0,1000.0,931.4349951531217,0.0,0.0,0.0,0.0,0.0,0.0,0.0,0.3863771233591244,0.0,0.0,0.0,0.0,0.0,0.0,0.0,0.0,0.0,0.0,-362.3304332406918,0.0,23.182627401547464,0.0,45.39252694917286,935.6755479960614,-803.6625085355766,1000.0,-0.009659428083978109,0.0,0.0,-650.827345116364,11.591313700773732,0.0,11.591313700773732,0.0,0.0,0.0,0.0,1.9318856167956218,-746.2418173867909,0.0,0.0,-4.646481466982968,0.0,0.0,0.0,0.0,0.0,0.0,0.0,0.0,0.0,0.0,0.0,0.0,0.0,0.0,0.0,0.0,0.0,0.0,-350.38059218899247,0.0,0.0,11.591313700773732,0.0,11.977690824132857,11.977690824132857,0.0,217.84293894703399,766.5320610529652,-984.3749999999992,984.3749999999992,-733.7398902991874,-640.4062500001174,640.4062500001174,733.7398902991874,0.0,0.0,0.0,0.0,0.0,410.6980640397299,0.038637712335912434,0.0,0.0,0.0,-613.1722661189408,0.0,0.0,0.0,0.0,0.0,116.1133937182211,0.0,0.0,0.0,0.0,0.0,449.48675768322585,449.48675768322585,0.0,0.0,0.0,0.0,-447.0850125932053,0.0,0.0,508.83474548953006,0.0,0.0,0.0,732.227435227361,0.0,0.0,0.0,0.0,0.0,0.0,0.0,0.0,0.0,0.0,-891.6330688267848,0.0,0.0,0.0,0.0,-1000.0,0.0,0.0,0.0,0.0,0.0,392.7041002859101,0.0,-73.72759495209957,73.72759495209957,0.0,0.0,0.0,0.0,0.0,0.0,0.0,0.0,-334.38499039023077,0.0,0.0,0.0,0.0,0.0,0.0,0.0,0.0,0.0,0.0,0.0,0.0,0.0,155.01895701116263,585.6273510533058,608.1318138622489,0.0,0.0,0.0,0.0,2.419906817197216,0.0,0.0,0.0,0.0,-68.56500484687831,1000.0,59.309350093968305,0.0,0.0,0.0,0.0,0.0,0.0,0.0,306.4453911667568,0.0,0.0,0.0,1000.0,270.06508641652283,1000.0,0.0,-608.1318138622489,0.0,0.0,0.0,-778.0519499628025,0.0,0.0,0.0,159.87685754445283,0.0,0.0,-341.6103345273614,0.0,0.0,-341.6103345273614,0.0,0.0,-877.3901034876762,0.0,-1000.0,392.7041002859101,0.0,129.3346922482642,0.0,0.0,0.0,929.812566443959,0.0,-929.812566443959,0.0,372.57988921733966,0.0,0.0,1000.0,0.0,0.0,0.0,-68.56500484687831,-0.05795656850386865,0.0,0.0,0.0,0.0,0.038637712335912434,0.0,0.0,0.0,679.5433883152723,0.05795656850386865,0.0,-431.8306932823368,48.15887214228623,0.0,1000.0,0.0,-83.35961101827604,0.0,-4.646481466982968,0.0,0.0,0.0,950.0604585789494,0.0,-866.7008475606733,-1000.0,-1000.0,0.0,0.0,0.0,0.0,0.0,0.0,0.0,0.0,0.0,0.0,0.0,0.0,0.0,0.0,0.0,0.0,0.0,-95.20934831297825,0.0,-1000.0,0.0,0.0,245.8919067355721,0.0,0.0,0.0,-657.8341051125184,0.0,362.3304332406918,0.0,825.9620177530506,0.0,0.0,58.26045147976629,-907.3659868331594,0.0,0.0,-1000.0,-1.9318856167956218,-1000.0,35.32598453624518,-58.26045147976629,905.4341012163637,525.1223803105685,-0.9659428083978109,0.0,-416.34154976287937,0.0,-904.5119318533689,1000.0,879.3974188350257,11.591313700773732,0.0,0.0,0.0,0.0,0.0,0.0,0.0,-155.01895701116263,155.01895701116263,155.01895701116263,-646.5196713299537,0.0,0.0,0.0,0.0,0.0,0.0,0.0,0.0,-46.3449557954109,0.0,0.0,11.591313700773732,0.0,0.0,0.0,0.0,-39.136228766408756,0.07727542467185067,0.0,0.0,0.0,0.0,0.0,0.0,0.0,0.0,0.0,0.0,0.0,0.0,0.0,0.0,0.0,0.0,0.0,0.0,0.0,0.04250148356954189,0.04250148356954189,59.309350093968305,243.29141454398012,0.0,23.182627401547464,0.0,0.0,0.0,934.6081788837472,0.0,0.0,45.39252694917286,0.0,0.0,-354.96111289880855,-934.6081788837472,0.0,0.0,396.4306221871037,0.0,0.0,11.591313700773732,0.0,0.0,0.0,0.0,0.0,0.0,0.0,116.79353072966416,-679.5433883152723,613.1722661189408,0.0,48.367630799038125,0.0,-627.7558934490082,-23.071451667355802,-25.491358484553018,0.0,-354.96111289880855,0.0,-151.01741172941774,-243.07992993579956,0.0,0.0,155.01895701116263,0.0,0.0,0.0,0.0,0.0,0.0,0.0,0.0,0.0,0.0,0.0,0.0,0.0,23.182627401547464,0.0,0.0,0.0,0.0,0.0,0.0,0.0,0.0,0.0,0.0,0.0,0.0,0.3863771233591244,0.0,59.309350093968305,45.39252694917286,-45.39252694917286,59.309350093968305,0.0,0.0,0.0,11.591313700773732,-396.4306221871037,0.0,0.0,0.0,0.0,0.0,0.0,0.0,0.0,0.0,649.2836764402302,0.0,0.0,11.591313700773732,11.591313700773732,1000.0,-934.6081788837472,0.0,11.591313700773732,0.0,0.0,0.0,0.0,0.0,766.6897858543439,0.0,1000.0,0.038637712335912434,0.0,0.0,-136.1560096726383,139.2718651888701,736.4386103297542,0.0,650.827345116364,0.0,0.0,0.0,0.0,0.0,0.0,0.0,0.0,0.0,0.0,0.0,0.0,0.0,0.0,0.038637712335912434,0.0,0.0,0.0,-1000.0,1000.0,0.0,0.0,0.0,0.0,-413.8740839937419,364.2623188574874,0.0,0.0,-904.7906516870218,-2.897828425193433,-1.9318856167956233,0.0,0.0,0.0,0.0,0.0,0.0,0.0,0.0,0.0,0.0,0.0,0.0,0.0,0.0,0.0,0.0,-23.182627401547464,0.0,0.0,0.0,-0.038637712335912434,0.0,0.0,0.038637712335912434,0.0,0.038637712335912434,0.0,0.0,0.0,23.182627401547464,47.13800904981318,47.13800904981318,0.0,0.0,0.0,0.0,0.0,0.0,362.3304332406918,613.1722661189408,0.0,0.0,0.0,0.0,953.3871656110714,0.0,0.0,0.0,0.0,0.0,0.0,0.0,0.0,0.0,0.0,0.0,0.0,0.0,0.0,2.419906817197216,0.0,-259.6698364819814,259.6698364819814,0.05795656850386865,0.0,0.0,0.0,-11.591313700773732,0.0,0.0,0.0,0.0,0.0,-243.29141454398012,1.9318856167956218,0.0,0.0,0.0,0.0,447.0850125932053,243.96002111877647,0.0,0.0,0.0,0.0,0.0,0.0,0.0,0.0,0.0,0.0,396.4306221871037,0.0,88.27245753281751,0.0,670.4447236517583,731.7921288627712,0.0,0.0,362.3304332406918,-362.3304332406918,0.0,-825.1899590126156,0.0,1.9318856167956233,780.482758637804,0.0,0.0,-59.309350093968305,-137.13000969375662,-78.1250000000018,78.1250000000018,984.2184398963609,-984.2184398963609,0.0,0.0,0.0,0.0,0.0,935.34807479052,-49.51066281412204,47.13800904981318,0.0,0.0,0.0,59.309350093968305,0.0,0.0,0.0,0.0,0.0,306.4453911667568,0.0,0.0,202.47423700543845,-3.1158555162317896,280.67426637074936,0.0,11.591313700773732,45.39252694917286,0.0,0.0,0.0,-6.756840925896313,0.0,0.0,0.04250148356954189,0.0,0.0,0.0,23.56900452490659,0.0,0.0,0.0,0.0,585.6273510533058,0.0,0.0,0.0,0.0,0.0,0.0,0.0,0.0,-935.607372364809,0.0,0.003863771233591354,0.003863771233591354,0.0,0.0,0.0,0.0,0.0,0.0,0.0,0.0,0.0,-136.1560096726383,59.309350093968305,0.0,0.0,0.0,0.0,243.29141454398012,0.0,0.0,0.0,0.0,0.0,0.0,0.0,392.7041002859101,0.0,0.0,0.0,90.78505389834572,0.0,0.0,-714.376850002755,0.0,0.0,0.0,23.182627401547464,0.0,0.0,0.0,0.0,0.0,0.0,-23.182627401547464,0.0,90.78505389834572,0.0,0.0,0.0,0.0,0.0,0.0,0.0,59.309350093968305,59.309350093968305,0.0,-1000.0,-979.552031532447,979.8539985611715,-11.591313700773732,0.0,0.0,904.6361008376781,0.0,0.0,0.0,0.0,0.0,0.0,0.0,0.0,0.0,867.171875,0.0,-867.171875,-867.171875,0.0,0.0,0.0,0.0,-4.829714041989057,0.0,-2.897828425193433,1000.0,0.0,0.0,0.0,0.0,0.0,-0.4829714041989055,0.0,46.3449557954109,0.0,0.0,0.0,0.0,0.0,0.0,0.0,1000.0,11.591313700773732,11.591313700773732,0.0,0.0,0.0,0.0,0.0,0.04250148356954189,243.29141454398012,0.0,0.0,-904.6361008376781,0.0,0.0,0.0,0.0,0.0,0.0,0.0,0.0,0.0,0.0,0.0,0.0,0.0,0.0,45.269358649515056,0.0,0.0,11.977690824132857,0.0,40.569597952708065,0.0,0.0,410.6980640397299,0.0,0.0,0.0,243.29141454398012,0.0,0.0,0.0,0.0,0.0,-4.829714041989057,0.0,0.0,0.0,0.0,0.0,0.0,0.0,0.0,0.0,0.0,0.0,0.0,0.0,0.0,0.0,0.0,0.0,0.0,-0.038637712335912434,0.0,0.0,1.9318856167956218,354.96111289880855,0.0,0.0,0.0,0.0,0.0,0.0,0.0,0.0,-950.0604585789494,0.9659428083978109,0.0,0.0,169.13111918295132,0.038637712335912434,0.0,38.63771233591243,0.0,7.727542467182488,0.2759836595422317,131.75459906546143,-0.028978284251934324,1.9318856167956255,0.7727542467182488,-0.19318856167956255,-131.75459906546143,11.591313700773732,-0.038637712335912434,1.5488271556609894,11.591313700773732,0.009659428083978109,0.2759836595422317,-4.646481466982968,-51.543650753050144,58.536595847250055,-147.51314647270306,-0.038637712335912434,0.009659428083978109,-131.75459906546143,3.8637712335912435,0.038637712335912434,0.038637712335912434,-243.21027534807467,-45.35002546560336,-55.342890922836155,-0.028978284251934324,11.591313700773732,0.038637712335912476,11.591313700773732,-19.31885616795622,-0.019318856167956217,-51.47753986141902,-6.322315763124379,-0.028978284251934324,-0.038637712335912434,0.0,0.038637712335912434,3.8637712335912435,-0.7727542467182488,2.419906817197216,2.419906817197216,-3.8637712335912435,147.51314647270306,-2.419906817197216,7.727542467182487,0.05795656850386865,-361.1451013592416,3.8637712335912435,-116.79353072966416,11.591313700773732,-7.727542467182487,0.019318856167956217,0.3863771233591244,107.9576733205842,96.0,-0.038637712335912434,-251.9848998195605,243.21027534807467,11.977690824132857,0.038637712335912434,51.543650753050144,-34.7739411023213,11.591313700773732,-0.038637712335912434,-0.009659428083978109,-11.591313700773732,-0.038637712335912434,-39.136228766408756,0.038637712335912434,-0.009659428083978109,-0.009659428083978109,-0.009659428083978109,15.455084934364974,19.31885616795622,0.3863771233591244,28.625715126870062,-0.009659428083978109,214.3665194855074,1.9318856167956218,21.5,0.038637712335912434,0.019318856167956217,0.019318856167956217,9.65942808397811,0.0,0.038637712335912434,0.0,0.3863771233591244,0.038637712335912434,-28.625715126870062,0.038637712335912434,0.15455084934365004,0.19318856167956255,0.019318856167956217,0.009659428083978109,11.591313700773732,-0.038637712335912434,55.342890922836155,-29.268297923625028,-57.251430253740125,0.9659428083978074,-3.8637712335912435,7.727542467182487,1.9318856167956218,-0.038637712335912434,4.646481466982968,0.05795656850386865,-0.038637712335912434,-19.31885616795622,0.0,149.08059544732984,0.019318856167956217,-43.0,-0.038637712335912476,-0.038637712335912434,-0.038637712335912434,0.019318856167956217,131.75459906546143,-7.727542467182487,0.038637712335912434,215.9153466411684,-0.009659428083978109,45.35002546560336,-215.9153466411684,5.795656850386865,6.322315763124372,190.99314922441573,131.75459906546143,-0.028978284251934324,251.9848998195605,-96.0,0.038637712335912434,-0.00965942808397811,827.8939033698463,38.63771233591243,-0.019318856167956217,-0.038637712335912434,0.009659428083978109,0.0,0.0,238.5158859907499,0.0,-46.0,0.0,92.47217284557246,-31.0,0.0,-32.0,-93.0,-65.0,-122.60989651232376,16.0,23.0,46.5,0.0,15.5,-243.29141454398012,-142.32375452143353,122.60989651232376,65.0,-142.32375452143353,-92.47217284557246,61.69117135715126,0.0,1496.5981,hclb
355,0.0,0.0,0.0,0.0,0.0,0.0,0.0,0.0,-0.03399903079503433,0.0,0.0,0.0,0.0,0.0,0.0,0.0,341.79561714807903,-98.60916997203668,0.0,0.0,0.0,0.0,0.0,26.326584230266462,0.0,0.0,0.0,0.0,0.0,-853.5663319532006,0.0,0.0,28.042977136751404,0.0,0.0,0.0,0.0,-15.975233317271138,0.0,-1000.0,1000.0,0.0,0.0,929.4266311006863,0.0,0.0,0.0,0.0,-417.6559162955648,0.0,0.0,0.0,0.0,0.03739893387457139,0.0,0.0,0.0,6.799806159006867,0.0,0.0,7.026688412017816,0.0,136.99323334061071,113.95731258052675,0.0,0.0,0.0,0.0,0.0,30.0626091721018,0.0,0.33999030795034335,0.0,0.0,0.0,0.0,0.0,0.0,0.0,0.0,0.0,0.0,0.0,0.0,20.3994184770206,0.0,0.0,37.43272742853278,281.6140188949953,0.0,-0.008499757698758584,0.0,0.0,0.0,10.1997092385103,0.0,10.1997092385103,0.0,0.0,0.0,0.0,904.9552127782637,-1000.0,0.0,0.0,-2.2056442826783083,616.6213420892747,536.656088406293,0.0,0.0,0.0,0.0,0.0,0.0,0.0,0.0,0.0,0.0,0.0,0.0,0.0,0.0,0.0,0.0,-482.45259439972796,0.0,0.0,10.1997092385103,0.0,10.539699546460644,0.0,0.0,-63.321906543290055,110.1969065432901,-46.87500000000004,46.87500000000004,902.4945049892312,0.0,0.0,-932.5571141613331,0.0,0.0,0.0,0.0,0.0,2.617925371217642,0.03399903079503433,0.0,0.0,0.0,383.37865791072534,-1000.0,0.0,0.0,0.0,0.0,210.05791575334078,0.0,0.0,0.0,0.0,0.0,342.2402853874405,342.2402853874405,0.0,0.0,0.0,0.0,787.2738238556202,0.0,0.0,342.27428441823554,0.0,0.0,0.0,-999.9693316764691,-669.1701931801473,0.0,0.0,0.0,0.0,0.0,0.0,0.0,0.0,0.0,0.0,0.0,0.0,0.0,0.0,-92.86057591981181,0.0,0.0,0.0,0.0,0.0,0.0,0.0,-281.6140188949953,281.6140188949953,0.0,0.0,0.0,0.0,0.0,0.0,0.0,146.43366804679945,-946.0496850083862,0.0,0.0,0.0,0.0,0.0,0.0,0.0,0.0,0.0,0.0,0.0,0.0,0.0,306.60990657075456,-29.400387681986267,929.4266311006863,0.0,0.0,0.0,0.0,81.56609788970154,0.0,0.0,0.0,0.0,7.026688412017816,0.0,0.0,0.0,0.0,0.0,0.0,0.0,0.0,0.0,1.094768791599975,0.0,0.0,0.0,0.0,563.2280377899906,-661.8372077620273,0.0,-929.4266311006863,0.0,0.0,30.0626091721018,699.196810861991,0.0,0.0,0.0,-86.66423940105983,0.0,0.0,-1000.0,0.0,84.37090144509236,-1000.0,0.0,84.37090144509247,0.0,0.0,0.0,0.0,0.0,13.291198028444256,0.0,0.0,0.0,-17.015121022056064,0.0,17.015121022056064,0.0,1000.0,30.0626091721018,0.0,537.2059345435321,0.0,0.0,0.0,7.026688412017816,-0.050998546192551494,0.0,0.0,0.0,0.0,0.03399903079503433,0.0,0.0,0.0,0.0,341.79561714807903,0.0,-451.17917037654007,19.637976460182337,669.1701931801473,906.9369062254153,0.0,-547.9485624018332,0.0,-2.2056442826783083,0.0,0.0,0.0,60.978155173204875,0.0,486.97040722862835,-1000.0,-1000.0,0.0,0.0,0.0,0.0,0.0,0.0,0.0,0.0,0.0,0.0,0.0,0.0,0.0,0.0,0.0,0.0,0.0,-1000.0,0.0,-984.1607628059094,0.0,0.0,0.0,0.0,0.0,0.0,-3.712694162817617,0.0,0.0,0.0,0.0,903.2552612385119,-840.5566837400188,0.0,-453.3275821590077,-664.5273155727153,840.5566837400188,200.7461617310978,0.0,0.0,-596.6555739187994,0.0,0.0,611.484661624067,663.6773398028395,-1.6999515397517166,-848.8695742064003,0.0,0.0,1000.0,94.27168885792537,10.1997092385103,0.0,0.0,0.0,0.0,0.0,0.0,0.0,-306.60990657075456,306.60990657075456,306.60990657075456,88.40583812367144,0.0,0.0,-657.7937136433545,0.0,0.0,146.43366804679945,0.0,0.0,-16.009232348066174,0.0,0.0,103.26280301309494,0.0,0.0,0.0,0.0,-39.60009692049657,0.06799806159003097,0.0,0.0,0.0,0.0,0.0,0.0,0.0,0.0,0.0,0.0,0.0,0.0,0.0,0.0,0.0,0.0,0.0,0.0,0.0,0.03739893387457139,0.03739893387457139,0.0,201.29204773398052,0.0,20.3994184770206,0.0,536.5399332750883,0.0,1000.0,0.0,185.5039733200826,0.0,0.0,0.0,286.8921976180585,-1000.0,0.0,0.0,0.0,0.0,0.0,103.26280301309494,0.0,0.0,0.0,0.0,0.0,0.0,0.0,160.81753146657599,0.0,0.0,0.0,2.617925371217642,0.0,0.0,0.0,-81.56609788970154,0.0,286.8921976180585,0.0,247.29210069756192,0.0,169.4273277230117,-169.4273277230117,306.60990657075456,0.0,0.0,0.0,0.0,0.0,0.0,0.0,0.0,0.0,0.0,0.0,0.0,0.0,20.3994184770206,30.062609172101816,30.0626091721018,0.0,0.0,0.0,0.0,0.0,0.0,0.0,0.0,0.0,0.0,0.33999030795034335,0.0,0.0,0.0,0.0,0.0,0.0,0.0,0.0,10.1997092385103,0.0,0.0,0.0,0.0,0.0,0.0,0.0,0.0,0.0,0.0,192.33520782705804,0.0,0.0,10.1997092385103,10.1997092385103,1000.0,-1000.0,0.0,103.26280301309494,0.0,0.0,0.0,0.0,0.0,1000.0,146.43366804679945,940.6555592391983,0.03399903079503433,0.0,0.0,0.0,44.90057716924213,0.0,0.0,0.0,0.0,-30.0626091721018,0.0,0.0,0.0,0.0,0.0,0.0,0.0,0.0,0.0,0.0,0.0,0.0,0.03399903079503433,0.0,0.0,0.0,0.0,0.0,0.0,0.0,0.0,0.0,-3.712694162817617,0.0,0.0,0.0,15.839237194090586,-2.5499273096276056,0.0,-1.6999515397517166,0.0,0.0,0.0,0.0,0.0,0.0,0.0,0.0,0.0,0.0,0.0,30.062609172101816,669.1701931801473,0.0,0.0,95.97164039767709,0.0,0.0,0.0,-0.03399903079503433,0.0,0.0,0.03399903079503433,0.0,0.03399903079503433,0.0,0.0,0.0,20.3994184770206,41.47881756994189,41.47881756994189,0.0,0.0,0.0,0.0,0.0,0.0,0.0,0.0,0.0,146.43366804679945,0.0,0.0,0.0,63.90547172465736,0.0,0.0,0.0,0.0,0.0,0.0,0.0,0.0,0.0,0.0,0.0,0.0,0.0,81.56609788970154,0.0,0.0,0.0,0.050998546192551494,0.0,0.0,0.0,-10.1997092385103,0.0,0.0,0.0,0.0,0.0,-201.29204773398052,1.6999515397517166,0.0,0.0,0.0,0.0,-787.2738238556202,0.0,-1.6999515397517166,0.0,0.0,0.0,0.0,0.0,0.0,0.0,30.062609172101816,0.0,0.0,0.0,-105.31785883677404,0.0,58.20019384099314,-2.2056442826783083,0.0,0.0,0.0,0.0,0.0,657.7179932920492,536.5399332750883,1.6999515397517166,867.859366912019,0.0,0.0,0.0,-16.009232348066174,0.0,0.0,0.0,0.0,0.0,0.0,0.0,0.0,0.0,0.0,-5.0998546192551535,41.47881756994189,0.0,398.7265168955831,398.7265168955831,-398.72651689558313,0.0,0.0,0.0,0.0,0.0,1.094768791599975,0.0,0.0,203.8419750436081,-44.90057716924213,0.0,0.0,10.1997092385103,0.0,0.0,0.0,0.0,-72.47714691985223,0.0,0.0,0.03739893387457139,0.0,0.0,0.0,20.739408784970944,0.0,0.0,0.0,0.0,-29.400387681986267,0.0,616.6213420892747,0.0,0.0,0.0,0.0,0.0,0.0,-150.71000640716136,0.0,0.00339990307950353,0.00339990307950353,0.0,0.0,0.0,0.0,0.0,0.0,0.0,0.0,0.0,0.0,0.0,0.0,0.0,0.0,0.0,201.29204773398052,0.0,0.0,0.0,0.0,0.0,0.0,0.0,0.0,0.0,0.0,0.0,0.0,0.0,265.9353180005932,-98.60916997203668,0.0,0.0,0.0,20.3994184770206,0.0,0.0,0.0,0.0,0.0,-221.6789387388743,201.27952026185372,0.0,0.0,0.0,0.0,0.0,0.0,0.0,0.0,0.0,0.0,0.0,0.0,-940.6555592391983,-1000.0,87.19480781925589,-958.7994989756436,948.5997897371333,0.0,-15.975233317271138,0.0,0.0,0.0,0.0,0.0,0.0,0.0,0.0,0.0,0.0,0.0,0.0,0.0,0.0,0.0,0.0,536.5399332750883,-4.249878849379322,30.0626091721018,-905.8051885481395,66.45539903428494,0.0,0.0,0.0,0.0,0.0,-0.4249878849379292,0.0,16.009232348066174,0.0,0.0,0.0,0.0,0.0,0.0,0.0,1000.0,10.1997092385103,10.1997092385103,0.0,0.0,0.0,0.0,0.0,0.03739893387457139,201.29204773398052,0.0,0.0,15.975233317271138,0.0,0.0,0.0,0.0,0.0,0.0,0.0,0.0,0.0,0.0,0.0,0.0,0.0,0.0,0.0,0.0,0.0,0.0,0.0,35.69898233478605,2.617925371217642,0.0,0.0,0.0,0.0,0.0,201.29204773398052,0.0,0.0,0.0,0.0,0.0,-4.249878849379322,0.0,0.0,0.0,0.0,0.0,0.0,0.0,0.0,0.0,0.0,0.0,0.0,0.0,0.0,0.0,0.0,0.0,0.0,-0.03399903079503433,0.0,0.0,1.6999515397517166,-286.8921976180585,0.0,0.0,0.0,0.0,30.0626091721018,0.0,0.0,0.0,-60.978155173204875,0.8499757698758583,0.0,0.0,0.0,0.03399903079503433,0.0,33.99903079503433,-10.539699546460644,6.799806159006867,0.24285021996453096,94.8572959181458,-0.025499273096275747,453.3275821590077,0.6799806159006867,-0.16999515397558676,-94.8572959181458,10.1997092385103,-0.033999030795034337,0.7352147608927694,103.26280301309494,0.008499757698758584,0.24285021996453096,-2.2056442826783083,-5.412645702569334,-0.6799806159006867,-243.18644717604235,-0.033999030795034337,0.008499757698758584,-94.8572959181458,3.3999030795034333,0.033999030795034337,0.03399903079503433,-201.2206497693109,0.03739893387453787,-63.23178549189133,-0.025499273096275747,10.1997092385103,0.033999030795034337,10.199709238510302,-16.999515397517165,-0.016999515397517168,-142.41484169609282,-85.0,-0.025499273096275747,-0.033999030795034337,-10.539699546460644,0.03399903079503433,3.3999030795034333,-0.6799806159006867,81.56609788970154,81.56609788970154,-3.3999030795034333,243.18644717604235,-81.56609788970154,6.799806159006867,0.050998546192551494,582.5425400030653,3.3999030795034333,-160.81753146657599,103.26280301309494,-6.799806159006867,0.016999515397517168,0.33999030795034335,112.79479259413502,-98.51805267776717,-0.03399903079503433,-208.94182966286326,201.2206497693109,10.539699546460644,0.033999030795034337,5.412645702569334,62.46396605905365,103.26280301309494,-0.03399903079503433,-0.008499757698758584,-103.26280301309494,-0.033999030795034337,-656.2214390097712,0.033999030795034337,-0.008499757698758584,-0.008499757698758584,-0.008499757698758584,13.599612318013733,16.999515397517165,0.33999030795034335,196.06134124121402,-0.008499757698758584,224.85437042737726,1.6999515397517166,21.5,0.03399903079503433,0.016999515397517168,0.016999515397517168,40.0,10.539699546460644,0.03399903079503433,-10.539699546460644,0.33999030795034335,0.033999030795034337,-537.8059598431005,0.033999030795034337,0.13599612318055243,0.16999515397558676,0.016999515397517168,0.008499757698758584,10.1997092385103,-0.033999030795034337,63.23178549189133,0.33999030795034335,-392.12268248242805,452.47760638913184,-3.3999030795034333,6.799806159006867,1.6999515397517166,-0.033999030795034337,2.2056442826783083,0.050998546192551494,-0.033999030795034337,-80.0,10.539699546460644,133.40882067776846,0.016999515397517168,-43.0,-0.033999030795034337,-0.033999030795034337,-0.033999030795034337,0.016999515397517168,94.8572959181458,-6.799806159006867,0.03399903079503433,225.58958518827004,-0.008499757698758584,-0.03739893387453787,-225.58958518827004,5.099854619255149,85.0,-304.69956424976704,94.8572959181458,-0.025499273096275747,208.94182966286326,98.51805267776717,0.033999030795034337,-0.008499757698758586,1.6999515397517166,33.99903079503433,-0.016999515397517168,-0.033999030795034337,0.008499757698758584,0.0,0.0,-582.5595395184628,341.7446186018865,-46.0,0.0,-108.0,-31.0,0.0,120.13425031468033,-93.0,-65.0,0.0,-60.067125157340165,23.0,46.5,0.0,15.5,-201.29204773398052,-60.93167375791622,0.0,65.0,-60.93167375791622,108.0,-86.93193456927854,0.0,1496.5981,hclb
356,0.0,0.0,0.0,0.0,0.0,0.0,0.0,0.0,513.7435872601066,0.0,0.0,0.0,0.0,0.0,0.0,0.0,-542.0843704812356,58.79063311879541,0.0,376.48546232922433,0.0,0.0,0.0,418.5596631646966,0.0,0.0,0.0,0.0,0.0,-418.41382129941246,0.0,0.0,26.03962862540525,0.0,0.0,0.0,0.0,-177.0589496250809,0.0,-1000.0,924.2229944126134,0.0,-227.535185909529,-753.2795180041638,0.0,0.0,0.0,0.0,727.5928168147728,0.0,0.0,0.0,0.0,0.049040545095976995,0.0,0.0,0.0,8.916462744718123,0.0,0.0,-3.926215761924553,0.0,0.0,-3.926215761924553,0.0,0.0,0.0,0.0,0.0,0.0,0.0,0.44582313723590616,0.0,0.0,0.0,0.0,0.0,0.0,0.0,0.0,0.0,0.0,0.0,0.0,26.74938823415437,0.0,0.0,0.0,-15.253440967257745,772.9092590740104,297.16467982372893,0.0,0.0,-161.6161535962467,13.374694117077185,0.0,75.7770055873866,0.0,0.0,0.0,0.0,801.0716206656604,-1000.0,0.0,0.0,-3.9751022413033685,477.389617814848,0.0,0.0,0.0,0.0,0.0,0.0,0.0,0.0,0.0,0.0,0.0,0.0,0.0,0.0,0.0,0.0,0.0,-160.44086775215405,0.0,0.0,75.7770055873866,0.0,13.82051725431309,0.0,0.0,0.0,0.0,0.0,0.0,0.0,0.0,0.0,0.0,0.0,0.0,0.0,0.0,0.0,3.432838156716457,0.04458231372359061,297.17582540215983,0.0,0.0,-717.3732540537084,-74.47494655151525,0.0,0.0,169.2511004149554,0.0,389.4408066150912,0.0,0.0,0.0,0.0,0.0,369.03426150048347,369.03426150048347,0.0,0.0,0.0,0.0,0.0,0.0,0.0,369.07884381420706,0.0,0.0,0.0,0.0,-201.60319974512612,0.0,0.0,0.0,0.0,0.0,0.0,0.0,0.0,0.0,0.0,0.0,0.0,0.0,0.0,-439.91372090492166,0.0,0.0,0.0,0.0,0.0,0.0,227.535185909529,44.87199727569815,-44.87199727569815,0.0,0.0,0.0,0.0,0.0,0.0,0.0,581.5861787005875,-635.0306691697913,0.0,0.0,0.0,0.0,0.0,0.0,0.0,0.0,0.0,0.0,0.0,0.0,0.0,207.9214647307231,351.6938197501213,5.370189056346248,0.0,0.0,0.0,0.0,0.0,0.0,0.0,0.0,0.0,-3.926215761924553,758.6497070605101,0.0,0.0,0.0,0.0,0.0,0.0,0.0,0.0,1.4355505019002521,0.0,62.402311470309414,0.0,0.0,-287.6606241524849,1000.0,0.0,-5.370189056346248,0.0,0.0,0.0,576.8929408354973,0.0,0.0,0.0,-295.2862435350696,0.0,0.0,679.687500000338,679.687500000338,1000.0,-1000.0,1000.0,-679.687500000338,29.61855630844036,0.0,-247.44472409105492,0.0,0.0,124.38465528881781,0.0,0.0,0.0,-823.6041624592415,0.0,823.6041624592415,0.0,725.6671955338052,0.0,0.0,0.0,0.0,0.0,0.0,-3.926215761924553,-0.06687347058538592,0.0,0.0,0.0,0.0,0.04458231372359061,0.0,0.0,0.0,362.7011648156348,-542.0843704812356,0.0,-641.7634710086162,244.44735804359786,201.60319974512612,1000.0,0.0,185.6813013916631,0.0,-3.9751022413033685,0.0,0.0,0.0,-3.8385372116011784,-121.81267875124718,-60.030085428814765,-1000.0,-1000.0,0.0,0.0,0.0,0.0,0.0,0.0,0.0,0.0,0.0,0.0,0.0,0.0,0.0,0.0,0.0,0.0,0.0,-1000.0,0.0,-823.1193796298139,0.0,0.0,0.0,0.0,0.0,0.0,-4.868388658616709,0.0,0.0,0.0,0.0,798.8425049794809,0.0,0.0,0.0,-706.7259375814967,121.81267875124718,0.0,636.0261487656314,0.0,0.0,0.0,-401.65036817591994,0.0,705.611379738407,-638.255264451811,353.88115176980756,0.0,0.0,-616.6201165375804,552.6076747802537,75.7770055873866,0.0,0.0,0.0,237.19235644020313,0.0,513.7881695738301,0.0,-207.9214647307231,207.9214647307231,207.9214647307231,-149.13371694361788,0.0,0.0,-356.6775163470453,0.0,0.0,581.5861787005875,0.0,0.0,-7.852431523849106,0.0,0.0,0.0,0.0,0.0,0.0,0.0,-38.54176862764094,0.08916462744718956,0.0,0.0,0.0,0.0,0.0,0.0,0.0,0.0,0.0,0.0,0.0,0.0,0.0,0.0,0.0,0.0,0.0,0.0,0.0,0.049040545095976995,0.049040545095976995,0.0,295.00500198600497,0.0,26.74938823415437,0.0,0.0,0.0,1000.0,0.0,0.0,0.0,0.0,0.0,205.65555355591997,-1000.0,0.0,0.0,0.0,0.0,0.0,0.0,0.0,0.0,0.0,0.0,0.0,0.0,0.0,53.480289250718016,-362.7011648156348,314.4585827903756,0.0,343.94738721243937,0.0,-161.6161535962467,0.0,0.0,0.0,205.65555355591997,0.0,167.11378492827902,0.0,0.0,0.0,207.9214647307231,0.0,0.0,0.0,0.0,0.0,0.0,0.0,0.0,0.0,0.0,0.0,0.0,0.0,26.74938823415437,0.0,0.0,0.0,0.0,0.0,0.0,0.0,0.0,0.0,0.0,0.0,0.0,0.44582313723590616,0.0,0.0,0.0,0.0,0.0,227.535185909529,0.0,0.0,75.7770055873866,0.0,0.0,0.0,340.5145490557229,0.0,0.0,0.0,0.0,0.0,0.0,1000.0,0.0,0.0,13.374694117077185,13.374694117077185,1000.0,-1000.0,0.0,0.0,0.0,0.0,0.0,0.0,0.0,1000.0,581.5861787005875,714.257343756027,0.04458231372359061,0.0,0.0,-415.53821896612334,474.41553314008524,0.0,0.0,161.6161535962467,0.0,0.0,0.0,0.0,0.0,0.0,0.0,0.0,0.0,0.0,0.0,0.0,0.0,0.0,0.04458231372359061,0.0,0.0,0.0,109.83007368939667,-109.83007368939667,0.0,0.0,0.0,0.0,0.0,0.0,-169.2511004149554,-4.868388658616709,176.88062037018608,-3.3436735292692963,0.0,-2.2291156861795325,0.0,0.0,0.0,0.0,0.0,0.0,0.0,0.0,0.0,0.0,0.0,0.0,201.60319974512612,0.0,0.0,554.8367904664332,0.0,0.0,0.0,513.7435872601066,0.0,0.0,0.04458231372359061,0.0,0.04458231372359061,0.0,0.0,0.0,26.74938823415437,54.39042274278055,54.39042274278055,0.0,0.0,0.0,0.0,0.0,0.0,0.0,314.4585827903756,0.0,581.5861787005875,0.0,0.0,0.0,0.0,0.0,0.0,0.0,0.0,0.0,0.0,0.0,0.0,0.0,0.0,0.0,0.0,0.0,0.0,0.0,0.0,0.0,0.06687347058538592,0.0,0.0,0.0,-75.7770055873866,0.0,0.0,0.0,0.0,0.0,-295.00500198600497,2.2291156861795307,0.0,0.0,0.0,0.0,0.0,4.868388658616709,-2.2291156861795325,0.0,0.0,0.0,0.0,0.0,0.0,0.0,0.0,0.0,0.0,50.65083918036284,87.08353725528188,0.0,370.5421200456575,-3.9751022413033685,0.0,0.0,4.868388658616709,-4.868388658616709,169.2511004149554,522.5025180927167,0.0,2.2291156861795325,1000.0,0.0,0.0,0.0,-7.852431523849106,0.0,0.0,-203.12866356598724,203.12866356598724,0.0,0.0,0.0,0.0,0.0,298.3486755152743,-305.0360225738131,54.39042274278055,0.0,0.0,0.0,0.0,0.0,0.0,0.0,0.0,0.0,1.4355505019002521,0.0,0.0,0.0,-58.877314173961906,0.0,-227.535185909529,13.374694117077185,0.0,0.0,0.0,0.0,90.08778476039551,0.0,0.0,0.049040545095976995,0.0,0.0,0.0,27.195211371390275,0.0,0.0,0.0,0.0,351.6938197501213,0.0,477.389617814848,0.0,0.0,0.0,0.0,0.0,0.0,-949.3491608196371,0.0,0.004458231372359061,0.004458231372359061,0.0,0.0,0.0,0.0,0.0,0.0,0.0,0.0,0.0,-415.53821896612334,0.0,0.0,0.0,0.0,0.0,295.00500198600497,0.0,0.0,0.0,0.0,0.0,0.0,0.0,0.0,0.0,0.0,0.0,0.0,0.0,0.0,58.79063311879541,0.0,0.0,0.0,26.74938823415437,0.0,0.0,0.0,0.0,0.0,566.9000284728495,-593.6494167070039,0.0,0.0,0.0,0.0,0.0,0.0,0.0,0.0,0.0,0.0,0.0,0.0,-714.257343756027,-1000.0,30.538884900659575,0.0,-75.7770055873866,0.0,-177.0589496250809,0.0,0.0,0.0,0.0,0.0,0.0,0.0,0.0,0.0,0.0,0.0,0.0,0.0,0.0,0.0,0.0,0.0,-5.572789215448829,0.0,-802.1861785087501,301.6923490445436,0.0,0.0,0.0,0.0,0.0,0.0,-0.5572789215448827,177.1035319388045,0.0,0.0,0.0,0.0,0.0,0.0,0.0,1000.0,13.374694117077185,13.374694117077185,0.0,0.0,0.0,0.0,0.0,0.049040545095976995,295.00500198600497,0.0,0.0,177.0589496250809,0.0,0.0,0.0,0.0,0.0,0.0,0.0,0.0,0.0,0.0,0.0,0.0,0.0,0.0,0.0,0.0,0.0,0.0,0.0,46.81142940977015,3.432838156716457,0.0,0.0,0.0,0.0,0.0,295.00500198600497,0.0,-4.868388658616709,0.0,0.0,0.0,-5.572789215448829,0.0,0.0,0.0,0.0,0.0,0.0,0.0,0.0,0.0,0.0,0.0,0.0,0.0,0.0,0.0,0.0,0.0,0.0,-0.04458231372359061,0.0,0.0,2.2291156861795307,-205.65555355591997,0.0,0.0,0.0,0.0,0.0,0.0,0.0,0.0,3.8385372116011784,1.1145578430897656,0.0,0.0,0.0,0.04458231372359061,0.0,44.58231372359061,-13.82051725431309,8.916462744718123,0.31844509802564724,124.38465528881781,-0.033436735292692955,401.65036817591994,0.8916462744718123,-0.22291156861842865,-124.38465528881781,13.374694117077185,-0.0445823137235906,1.3250340804344563,0.0,0.011145578430897654,0.31844509802564724,-3.9751022413033685,-7.097504344796242,-0.8916462744718123,106.80827503321586,-0.044582313723590616,0.011145578430897654,-124.38465528881781,4.458231372359061,0.0445823137235906,0.04458231372359061,-294.9113791271854,0.04904054509594968,-56.631192770439334,-0.033436735292692955,13.374694117077185,0.044582313723590616,75.7770055873866,40.111154608514106,-0.022291156861795308,-324.85940936204514,-4.502813686082652,-0.03343673529269296,-0.044582313723590616,-13.82051725431309,0.04458231372359061,4.458231372359061,-0.8916462744718123,0.0,0.0,-4.458231372359061,-106.80827503321586,0.0,8.916462744718123,0.06687347058538592,-1000.0,4.458231372359061,-53.480289250718016,0.0,-8.916462744718123,0.022291156861795308,0.44582313723590616,160.44086775215405,96.0,-0.04458231372359061,-305.0360225738131,294.9113791271854,13.82051725431309,0.044582313723590616,7.097504344796242,-115.9010879386182,0.0,-0.04458231372359061,-0.011145578430897654,0.0,-0.044582313723590616,-515.9313864424889,0.044582313723590616,-0.011145578430897654,-0.011145578430897654,-0.011145578430897654,17.832925489436246,-40.111154608514106,0.44582313723590616,148.4089292410598,-0.011145578430897654,319.5567014238736,2.2291156861795307,21.5,0.04458231372359061,0.022291156861795308,0.022291156861795308,4.458231372359061,13.82051725431309,0.04458231372359061,-13.82051725431309,0.44582313723590616,0.044582313723590616,-379.1669443632492,0.044582313723590616,0.17832925489483387,0.22291156861842865,0.022291156861795308,0.011145578430897654,13.374694117077185,-0.044582313723590616,56.631192770439334,0.44582313723590616,-296.8178584821196,400.5358103328302,-4.458231372359061,8.916462744718123,2.2291156861795307,-0.044582313723590616,3.9751022413033685,0.06687347058538591,-0.044582313723590616,-8.916462744718118,13.82051725431309,8.207917841668841,0.022291156861795308,-43.0,-0.044582313723590616,-0.044582313723590616,-0.044582313723590616,0.022291156861795308,124.38465528881781,-8.916462744718123,0.04458231372359061,320.8817355043081,-0.011145578430897654,-0.04904054509594968,-320.8817355043081,6.687347058538591,4.502813686082652,718.4495941048482,124.38465528881781,-0.03343673529269296,305.0360225738131,-96.0,0.044582313723590616,-0.011145578430897654,2.2291156861795325,44.58231372359061,-0.022291156861795308,-0.044582313723590616,0.011145578430897654,51.567018718661075,0.0,197.44989346068746,230.75801512218936,-46.0,0.0,68.95142516346391,-31.0,0.0,-32.0,-93.0,-65.0,-802.5278153824507,16.0,23.0,46.5,0.0,15.5,-295.00500198600497,-98.29570260206435,802.5278153824507,65.0,-98.29570260206435,-68.95142516346391,90.19714086486152,0.0,1496.5981,hclb
357,0.0,0.0,0.0,0.0,0.0,0.0,0.0,0.0,0.0,0.0,0.0,0.0,0.0,0.0,0.0,0.0,0.0,240.58678543645232,0.0,0.0,0.0,0.0,0.0,1000.0,0.0,0.0,0.0,0.0,0.0,-599.8188255688534,0.0,0.0,4.871036989490472,0.0,0.0,0.0,0.0,167.063173313417,0.0,-1000.0,1000.0,0.0,0.0,599.8188255688534,0.0,0.0,258.2581078109307,0.0,0.0,-247.92914955479006,0.0,0.0,0.0,0.0,0.0,0.0,0.0,0.0,0.0,0.0,276.21659965375176,0.0,1000.0,447.5668006924969,106.57064378477376,0.0,0.0,0.0,657.2995979225097,0.0,0.0,0.0,0.0,0.0,0.0,0.0,0.0,0.0,0.0,0.0,0.0,0.0,-338.39318944577076,0.0,0.0,0.0,0.0,-661.8011129575509,-97.61210160599671,195.22420321199343,0.0,0.0,0.0,0.0,0.0,0.0,0.0,0.0,0.0,0.0,0.0,0.0,-599.8188255688534,0.0,0.0,0.0,235.5558399277088,445.41846188095315,0.0,0.0,0.0,0.0,0.0,0.0,0.0,0.0,0.0,0.0,0.0,0.0,0.0,0.0,0.0,0.0,-1000.0,0.0,0.0,0.0,0.0,0.0,0.0,0.0,0.0,0.0,0.0,0.0,0.0,0.0,0.0,-828.6497989612549,0.0,0.0,0.0,0.0,0.0,338.39318944577076,0.0,0.0,0.0,0.0,-235.55583992770877,0.0,0.0,0.0,116.72608834000272,0.0,-101.17053268579281,0.0,0.0,0.0,0.0,0.0,338.47128327641695,338.47128327641695,0.0,0.0,0.0,0.0,-163.48032642989222,0.0,0.0,338.47128327641695,0.0,0.0,0.0,-1000.0,0.0,0.0,0.0,0.0,0.0,0.0,0.0,0.0,0.0,0.0,-560.0058613071712,0.0,0.0,0.0,0.0,-449.48916343787613,0.0,0.0,0.0,0.0,0.0,247.92914955479006,0.0,97.61210160599671,-97.61210160599671,828.6497989612549,0.0,0.0,0.0,0.0,0.0,0.0,0.0,-935.0,0.0,0.0,0.0,0.0,0.0,0.0,0.0,0.0,0.0,0.0,0.0,0.0,0.0,158.1690821201557,-43.0,599.8188255688534,0.0,0.0,0.0,0.0,-379.16063552337874,0.0,0.0,0.0,0.0,276.21659965375176,0.0,0.0,0.0,0.0,0.0,0.0,0.0,0.0,0.0,0.0,0.0,0.0,0.0,195.22420321199343,0.0,-564.1890113515542,0.0,-599.8188255688534,0.0,0.0,828.6497989612549,401.104333446974,0.0,0.0,0.0,-152.25202487635653,0.0,0.0,-1000.0,-1000.0,-826.0253450665703,-173.97465493342975,173.97465493342975,0.0,0.0,0.0,1000.0,247.92914955479006,0.0,-449.48916343787613,0.0,0.0,0.0,-97.2937366153385,0.0,97.2937366153385,0.0,596.7293910873477,0.0,0.0,0.0,0.0,0.0,0.0,276.21659965375176,0.0,0.0,0.0,0.0,0.0,0.0,0.0,0.0,0.0,0.0,0.0,0.0,-288.12636897443605,190.0,0.0,985.5049595596806,0.0,0.0,0.0,0.0,0.0,0.0,0.0,0.0,0.0,0.0,-1000.0,612.4184105777348,0.0,0.0,0.0,0.0,0.0,0.0,0.0,0.0,0.0,0.0,0.0,0.0,0.0,0.0,0.0,0.0,0.0,-832.936826686583,0.0,-1000.0,0.0,0.0,0.0,0.0,0.0,0.0,-338.39318944577076,0.0,338.39318944577076,0.0,0.0,0.0,342.70040207749025,314.08063019679423,-799.9124153492417,-583.125521767786,-1000.0,0.0,0.0,0.0,0.0,-314.08063019679423,799.9124153492417,1000.0,583.125521767786,0.0,97.2937366153385,0.0,0.0,0.0,-1000.0,0.0,0.0,0.0,0.0,0.0,0.0,0.0,158.1690821201557,0.0,0.0,0.0,93.0,0.0,0.0,0.0,0.0,0.0,0.0,0.0,0.0,-276.2165996537514,0.0,484.37500000000216,14.495040440319402,0.0,0.0,0.0,0.0,-43.0,0.0,0.0,0.0,0.0,0.0,0.0,0.0,0.0,0.0,0.0,657.2995979225097,0.0,0.0,0.0,0.0,0.0,0.0,0.0,0.0,0.0,0.0,0.0,0.0,254.1690821201557,0.0,0.0,0.0,0.0,0.0,1000.0,0.0,271.56696670588803,0.0,0.0,0.0,410.3022011562613,-1000.0,0.0,0.0,413.4353230643072,0.0,0.0,14.495040440319402,0.0,0.0,0.0,0.0,0.0,0.0,0.0,333.3333333333333,0.0,0.0,0.0,0.0,0.0,0.0,0.0,-449.48916343787613,0.0,410.3022011562613,0.0,-237.62460107630943,604.9268022325707,0.0,0.0,158.1690821201557,0.0,0.0,0.0,0.0,0.0,0.0,0.0,0.0,0.0,0.0,0.0,0.0,0.0,0.0,828.6497989612549,828.6497989612549,0.0,0.0,0.0,0.0,0.0,0.0,0.0,0.0,0.0,0.0,0.0,0.0,0.0,0.0,0.0,0.0,0.0,0.0,0.0,0.0,-413.4353230643072,0.0,0.0,0.0,0.0,0.0,0.0,0.0,0.0,0.0,955.6858715660209,423.29639996346873,0.0,0.0,0.0,1000.0,-1000.0,0.0,14.495040440319402,0.0,0.0,0.0,0.0,0.0,599.8188255688534,0.0,1000.0,0.0,0.0,0.0,0.0,0.0,0.0,0.0,0.0,0.0,0.0,0.0,0.0,0.0,0.0,0.0,0.0,0.0,0.0,0.0,0.0,0.0,0.0,0.0,0.0,0.0,0.0,124.88773379322225,-124.88773379322225,0.0,0.0,0.0,0.0,0.0,0.0,-116.72608834000272,0.0,-167.063173313417,0.0,0.0,0.0,0.0,0.0,0.0,0.0,0.0,0.0,0.0,0.0,0.0,0.0,0.0,828.6497989612549,0.0,0.0,0.0,-1000.0,0.0,0.0,0.0,0.0,0.0,0.0,0.0,0.0,0.0,0.0,0.0,0.0,0.0,0.0,0.0,0.0,0.0,0.0,0.0,0.0,0.0,338.39318944577076,0.0,0.0,0.0,0.0,0.0,0.0,0.0,0.0,0.0,0.0,0.0,0.0,0.0,0.0,0.0,0.0,0.0,0.0,0.0,0.0,449.48916343787613,0.0,0.0,0.0,0.0,0.0,0.0,0.0,0.0,0.0,0.0,0.0,0.0,0.0,-254.1690821201557,0.0,0.0,0.0,0.0,0.0,163.48032642989222,0.0,0.0,0.0,484.37500000000216,0.0,0.0,0.0,0.0,0.0,828.6497989612549,0.0,413.4353230643072,772.6379474931878,96.0,0.0,65.0,0.0,0.0,-338.39318944577076,338.39318944577076,0.0,116.72608834000272,401.104333446974,0.0,0.0,1000.0,0.0,0.0,0.0,-276.2165996537514,0.0,0.0,0.0,0.0,0.0,0.0,0.0,0.0,0.0,814.174943427327,-254.16908212015562,0.0,0.0,657.8784352194132,657.8784352194131,-657.8784352194131,0.0,0.0,0.0,0.0,0.0,0.0,0.0,0.0,0.0,-657.2995979225097,-359.07098078729973,0.0,0.0,0.0,0.0,0.0,0.0,-210.19299841370562,0.0,0.0,0.0,0.0,0.0,0.0,0.0,0.0,0.0,0.0,0.0,-43.0,0.0,235.55583992770877,0.0,0.0,0.0,0.0,0.0,0.0,-1000.0,0.0,0.0,0.0,0.0,0.0,0.0,0.0,0.0,0.0,0.0,0.0,0.0,0.0,0.0,0.0,0.0,0.0,0.0,254.1690821201557,0.0,0.0,0.0,0.0,0.0,0.0,0.0,247.92914955479006,0.0,0.0,0.0,0.0,0.0,1000.0,240.58678543645232,0.0,0.0,0.0,0.0,0.0,0.0,0.0,0.0,0.0,1000.0,-1000.0,0.0,0.0,0.0,0.0,0.0,0.0,0.0,0.0,0.0,0.0,0.0,0.0,612.4184105777349,-1000.0,0.0,0.0,0.0,0.0,167.063173313417,0.0,0.0,0.0,0.0,0.0,0.0,0.0,0.0,0.0,851.5625,0.0,-851.5625,-851.5625,0.0,0.0,0.0,0.0,0.0,828.6497989612549,0.0,254.1690821201557,0.0,0.0,0.0,0.0,0.0,0.0,0.0,392.9426879937541,0.0,0.0,0.0,0.0,0.0,0.0,0.0,1000.0,0.0,0.0,0.0,0.0,0.0,0.0,0.0,0.0,254.1690821201557,0.0,0.0,-167.063173313417,0.0,0.0,0.0,0.0,0.0,0.0,0.0,0.0,0.0,0.0,0.0,0.0,0.0,0.0,0.0,0.0,0.0,0.0,0.0,0.0,338.39318944577076,0.0,0.0,0.0,0.0,0.0,254.1690821201557,0.0,0.0,0.0,0.0,0.0,0.0,0.0,0.0,0.0,0.0,0.0,0.0,0.0,0.0,0.0,0.0,0.0,0.0,0.0,0.0,0.0,0.0,0.0,0.0,0.0,0.0,0.0,0.0,-410.3022011562613,0.0,0.0,0.0,0.0,828.6497989612549,0.0,0.0,0.0,0.0,0.0,0.0,0.0,0.0,0.0,0.0,0.0,0.0,0.0,0.0,0.0,0.0,0.0,0.0,0.0,0.0,0.0,0.0,0.0,14.495040440319402,0.0,0.0,0.0,0.0,0.0,-240.58678543645232,0.0,0.0,0.0,0.0,0.0,0.0,-254.1690821201557,0.0,-47.87103698949048,0.0,0.0,0.0,0.0,0.0,0.0,149.04156967528328,379.16063552337874,0.0,0.0,0.0,0.0,0.0,0.0,449.48916343787613,449.48916343787613,0.0,240.58678543645232,-449.48916343787613,0.0,0.0,-1000.0,0.0,-333.3333333333333,14.495040440319402,0.0,0.0,0.0,72.03159224360901,96.0,0.0,-254.16908212015562,254.1690821201557,0.0,0.0,0.0,14.495040440319428,14.495040440319402,0.0,0.0,-14.495040440319402,0.0,-278.5558399277088,0.0,0.0,0.0,0.0,0.0,0.0,0.0,0.0,0.0,144.06318448721802,0.0,21.5,0.0,0.0,0.0,7.247520220159701,0.0,0.0,0.0,0.0,0.0,0.0,0.0,0.0,0.0,0.0,0.0,0.0,0.0,47.87103698949048,0.0,0.0,0.0,0.0,0.0,0.0,0.0,0.0,0.0,0.0,-14.495040440319402,0.0,325.28444311496946,0.0,-43.0,0.0,0.0,0.0,0.0,0.0,0.0,0.0,144.06318448721802,0.0,0.0,-144.06318448721802,0.0,-379.16063552337874,419.13539859956796,0.0,0.0,254.16908212015562,-96.0,0.0,0.0,0.0,0.0,0.0,0.0,0.0,866.53620886974,0.0,804.7757967880066,0.0,-46.0,0.0,220.9221967319881,-4.871036989490467,0.0,-32.0,-93.0,-65.0,-195.22420321199343,16.0,23.0,46.5,0.0,2.4355184947452333,-254.1690821201557,-115.09144470126384,195.22420321199343,65.0,-115.09144470126384,-220.9221967319881,103.21357814583433,0.0,1496.5981,hclb
358,0.0,0.0,0.0,0.0,0.0,0.0,0.0,0.0,28.580075040742713,0.0,0.0,0.0,0.0,0.0,0.0,0.0,0.0,307.4837235105282,0.0,0.0,0.0,0.0,0.0,315.1576471282623,0.0,0.0,0.0,0.0,0.0,707.4256915591523,0.0,0.0,6.455473284577533,0.0,0.0,0.0,0.0,9.193935677953911,0.0,-1000.0,788.6185542308839,0.0,0.0,0.0,0.0,0.0,0.0,0.0,-1000.0,-477.18576159099763,0.0,0.0,0.0,0.007223330449932064,0.0,0.0,0.0,1.3133328090775145,0.0,0.0,145.87033622263192,0.0,0.0,-299.604875538024,0.0,0.0,0.0,0.0,254.37580354799027,-254.37580354799027,0.0,0.06566664045387574,0.0,0.0,0.0,0.0,0.0,0.0,0.0,0.0,0.0,0.0,-261.5785088589775,0.0,3.939998427232544,0.0,0.0,186.8699547478778,-383.43650073275194,565.435300525605,-0.0016416660113468932,0.0,0.0,347.0527670990089,1.969999213616272,0.0,158.33621265296867,0.0,0.0,0.0,0.0,820.6216255119026,707.4256915591523,0.0,0.0,-24.399403440019388,0.0,14.330297939915477,0.0,0.0,0.0,0.0,0.0,0.0,0.0,0.0,0.0,0.0,0.0,0.0,0.0,0.0,0.0,0.0,-737.6696242305034,0.0,0.0,158.33621265296867,0.0,2.0356658540701478,0.0,0.0,-1000.0,1000.0,0.0,0.0,-445.4752117606559,227.91124020041752,-227.91124020041752,0.0,0.0,0.0,0.0,0.0,0.0,262.08414199047235,0.006566664045387572,0.0,0.0,0.0,-452.2187806350845,0.0,0.0,0.0,452.56142975846734,0.0,-205.69973509579017,0.0,0.0,0.0,0.0,0.0,-182.9712802045196,-182.9712802045196,0.0,0.0,0.0,0.0,0.0,0.0,0.0,-182.9647135404742,0.0,0.0,0.0,-1000.0,0.0,0.0,0.0,0.0,0.0,0.0,0.0,0.0,0.0,0.0,-337.53619018284184,0.0,0.0,0.0,0.0,-990.5591873401378,0.0,0.0,0.0,0.0,0.0,477.18576159099763,0.0,-120.61376876265035,120.61376876265035,445.4752117606559,0.0,0.0,0.0,0.0,0.0,0.0,0.0,-484.9153851796665,0.0,0.0,0.0,0.0,0.0,0.0,0.0,0.0,0.0,0.0,0.0,0.0,0.0,189.66673757349264,568.211659692592,292.57430844084774,0.0,0.0,0.0,0.0,-180.63878466749497,0.0,0.0,0.0,0.0,145.87033622263192,292.57430844084774,0.0,0.0,0.0,0.0,0.0,0.0,0.0,0.0,0.21144658226114643,0.0,156.3662134393524,0.0,444.27571981374166,181.45298784364007,-933.7438140147725,0.0,-292.57430844084774,0.0,0.0,445.4752117606559,697.9972179475287,0.0,0.0,0.0,93.01475268088808,0.0,0.0,472.60998795067843,1000.0,548.5746702188471,-1000.0,472.6099879506786,-924.0353177318315,-504.0502694954023,0.0,1000.0,477.18576159099763,0.0,-246.5154344065296,0.0,0.0,0.0,89.59081813661885,0.0,-89.59081813661885,0.0,517.757695631363,0.0,0.0,-591.5311286255339,0.0,0.0,0.0,145.87033622263192,-0.009849996068081358,0.0,0.0,0.0,0.0,0.006566664045387572,0.0,0.0,0.0,567.1751010117471,0.0,0.0,-184.10587129343844,662.671618983826,0.0,868.26809969293,0.0,1000.0,0.0,-24.399403440019388,0.0,0.0,0.0,-0.5653897743078756,0.5653897743078756,-1000.0,16.67282814516225,-1000.0,0.0,0.0,0.0,0.0,0.0,0.0,0.0,0.0,0.0,0.0,0.0,0.0,0.0,0.0,0.0,0.0,0.0,-999.9737333438187,0.0,-1000.0,261.5785088589775,0.0,0.0,789.7081634854403,0.0,0.0,0.3283332022693786,0.0,0.0,0.0,517.4971820267648,820.2932923096332,0.0,0.0,-1000.0,0.0,-254.94119332229815,0.0,810.2119954121545,0.0,473.6608048361208,0.0,194.67093890019396,0.01603428913797035,-0.1641666011346893,-810.5403286144239,145.7534796750295,0.0,-895.2187551508138,1000.0,0.0,158.33621265296867,0.0,0.0,0.0,0.0,0.0,28.5866417047881,0.0,-189.66673757349264,189.66673757349264,189.66673757349264,116.08607063094188,0.0,0.0,-700.735542499928,0.0,0.0,0.0,0.0,0.0,-153.73453931539206,0.0,0.0,78.68666719092249,0.0,0.0,0.0,0.0,-42.343333595461246,0.013133328090475516,0.0,0.0,0.0,0.0,0.0,0.0,0.0,0.0,0.0,0.0,0.0,0.0,0.0,0.0,0.0,0.0,0.0,0.0,0.0,0.007223330449932064,0.007223330449932064,0.0,284.35340476441513,0.0,3.939998427232544,0.0,0.0,0.0,908.0754290690155,0.0,0.0,0.0,0.0,0.0,353.44800503902496,-908.0754290690155,0.0,0.0,0.0,0.0,0.0,78.68666719092249,0.0,0.0,0.0,0.0,0.0,0.0,0.0,245.8898747435011,-567.1751010117471,452.2187806350845,0.0,0.5056331314948428,0.0,0.0,347.0527670990089,82.216340005848,0.0,313.60761710122466,0.0,311.10467144356375,0.0,0.0,0.0,189.66673757349264,0.0,0.0,0.0,0.0,0.0,0.0,0.0,0.0,0.0,0.0,0.0,0.0,0.0,3.939998427232544,445.4752117606559,445.4752117606559,0.0,0.0,0.0,0.0,0.0,0.0,0.0,0.0,0.0,0.0,0.06566664045387574,0.0,0.0,0.0,0.0,0.0,0.0,0.0,0.0,158.33621265296867,0.0,0.0,0.0,0.0,0.0,0.0,0.0,0.0,0.0,0.0,1000.0,0.0,0.0,1.969999213616272,1.969999213616272,1000.0,-908.0754290690155,0.0,78.68666719092249,0.0,0.0,0.0,0.0,0.0,-724.0985197043145,0.0,-330.6514918156837,0.006566664045387572,0.0,0.0,-187.69585148476605,196.36806945156397,0.0,0.0,-347.0527670990089,0.0,0.0,0.0,0.0,0.0,0.0,3.0646452259846373,0.0,0.0,0.0,0.0,0.0,0.0,0.0,0.006566664045387572,0.0,0.0,0.0,94.77241358557123,-94.77241358557123,0.0,0.0,0.0,0.0,0.0,0.3283332022693786,-190.98292089948984,0.0,-0.026266656181292092,-0.492499803404068,-0.3283332022693786,0.0,0.0,0.0,0.0,0.0,0.0,0.0,0.0,0.0,0.0,0.0,0.0,445.4752117606559,0.0,0.0,0.0,-894.8904219485444,0.0,0.0,0.0,28.580075040742713,0.0,0.0,0.006566664045387572,0.0,0.006566664045387572,9.193935677953911,0.0,0.0,3.939998427232544,8.01133013537284,8.01133013537284,0.0,0.0,0.0,0.0,0.0,0.0,0.0,452.2187806350845,0.0,0.0,0.0,0.0,0.0,0.0,0.0,0.0,0.0,0.0,0.0,0.0,0.0,0.0,0.0,0.0,0.0,0.0,0.0,264.8364270931609,0.0,0.0,0.0,0.009849996068081358,0.0,0.0,0.0,-158.33621265296867,0.0,0.0,0.0,0.0,0.0,-284.35340476441513,0.3283332022693786,0.0,0.0,0.0,0.0,0.0,-0.3283332022693786,0.0,0.0,0.0,0.0,0.0,0.0,0.0,0.0,445.4752117606559,0.0,0.0,128.54490537100088,94.68666719092249,0.0,515.9054478260069,-24.399403440019388,0.0,0.0,0.0,0.0,452.56142975846734,689.9858878121559,0.0,0.3283332022693786,1000.0,0.0,0.0,0.0,-153.73453931539206,0.0,0.0,0.0,0.0,0.0,-262.6239217750029,0.0,0.0,0.0,622.3820947506609,-285.8309041746273,8.01133013537284,0.0,0.0,0.0,0.0,0.0,0.0,0.0,0.0,0.0,0.21144658226114643,0.0,0.0,0.0,-8.672217966797916,-1000.0,0.0,1.969999213616272,0.0,0.0,0.0,0.0,-249.69886794643475,0.0,0.0,0.007223330449932064,0.0,0.0,0.0,4.00566506768642,0.0,0.0,0.0,0.0,568.211659692592,0.0,0.0,0.0,0.0,0.0,0.0,0.0,0.0,-130.7805464874166,0.0,0.0006566664045387573,0.0006566664045387573,0.0,0.0,0.0,0.0,0.0,9.193935677953911,0.0,0.0,0.0,-187.69585148476605,0.0,0.0,0.0,0.0,0.0,284.35340476441513,0.0,0.0,0.0,0.0,0.0,0.0,0.0,477.18576159099763,0.0,0.0,0.0,0.0,0.0,0.0,307.4837235105282,0.0,0.0,0.0,3.939998427232544,0.0,0.0,0.0,0.0,0.0,0.0,-3.939998427232544,0.0,0.0,0.0,0.0,0.0,0.0,0.0,0.0,0.0,0.0,0.0,0.0,330.6514918156837,0.0,4.498164871090488,-158.33621265296867,0.0,0.0,0.0,0.0,0.0,0.0,0.0,0.0,0.0,0.0,0.0,0.0,148.4375,0.0,-148.4375,-148.4375,0.0,0.0,0.0,0.0,-0.8208330056734466,445.4752117606559,-820.7857921130372,285.33840437122325,0.0,0.0,0.0,0.0,0.0,-0.08208330056734467,0.0,606.2959690738594,0.0,0.0,0.0,0.0,0.0,0.0,0.0,1000.0,1.969999213616272,1.969999213616272,0.0,0.0,0.0,0.0,0.0,0.007223330449932064,284.35340476441513,0.0,0.0,-9.193935677953911,0.0,0.0,0.0,0.0,0.0,0.0,0.0,0.0,0.0,0.0,0.0,0.0,0.0,0.0,4.596967838976956,0.0,0.0,0.0,0.0,6.894997247656953,0.0,0.0,0.5056331314948428,0.0,0.0,0.0,284.35340476441513,0.0,0.0,0.0,0.0,0.0,-0.8208330056734466,0.0,0.0,0.0,0.0,0.0,0.0,0.0,0.0,0.0,0.0,0.0,0.0,0.0,0.0,0.0,0.0,0.0,0.0,-0.006566664045387572,0.0,0.0,0.3283332022693786,-353.44800503902496,0.0,0.0,0.0,0.0,445.4752117606559,0.0,0.0,0.0,0.5653897743078756,0.1641666011346893,0.0,0.0,0.0,0.006566664045387572,0.0,6.566664045387572,-2.0356658540701478,1.3133328090775145,0.0469047431813398,18.320992686631328,-0.004924998034040679,805.329061099806,0.13133328090775145,9.161102357727232,-18.320992686631328,1.9699992136162718,-0.006566664045387573,8.133134480006463,78.68666719092249,0.0016416660113468932,0.0469047431813398,-24.39940344001939,-1.0454129160253842,-0.13133328090775145,-307.4837235105282,-0.006566664045387573,0.0016416660113468932,-18.320992686631328,0.6566664045387572,0.006566664045387573,0.006566664045387572,-284.33961476991976,0.007223330449926331,0.0,-0.004924998034040679,1.969999213616272,0.00656666404538757,158.33621265296867,153.08288141665864,-0.0032833320226937864,254.49854197582894,179.97555159891084,-0.004924998034040679,-0.006566664045387573,-2.0356658540701478,0.006566664045387572,0.6566664045387572,-0.13133328090775145,264.8364270931609,264.8364270931609,-0.6566664045387572,307.4837235105282,-264.8364270931609,1.3133328090775145,0.009849996068081358,-391.9311448065297,0.6566664045387572,-245.8898747435011,78.68666719092249,-1.3133328090775145,0.0032833320226937864,0.06566664045387574,46.02646782335961,96.0,-0.006566664045387572,-285.8309041746273,284.33961476991976,2.0356658540701478,0.006566664045387573,1.0454129160253842,-85.55954310289505,78.68666719092249,-0.006566664045387572,-0.0016416660113468932,-78.68666719092249,-0.006566664045387573,-42.343333595461246,0.006566664045217043,-0.0016416660113468932,-0.0016416660113468932,-0.0016416660113468932,2.626665618155029,-153.08288141665864,0.06566664045387574,65.43994258252425,-0.0016416660113468932,83.91980116671276,0.3283332022693786,21.5,0.006566664045387572,0.0032833320226937864,0.0032833320226937864,40.0,2.0356658540701478,0.006566664045387572,-2.0356658540701478,0.06566664045387574,0.006566664045387573,-186.58967329831955,0.006566664045387573,0.026266656181292092,-9.161102357727232,0.0032833320226937864,0.0016416660113468932,1.969999213616272,-0.006566664045387573,0.0,0.06566664045387573,-130.8798851650485,805.1648944986715,-0.6566664045387572,1.3133328090775145,0.3283332022693786,-0.006566664045387573,24.39940344001939,0.009849996068081358,-0.006566664045387573,-80.0,2.0356658540701478,442.6553802092258,0.0032833320226937864,-43.0,-0.00656666404538757,-0.006566664045217043,-0.006566664045387573,0.0032833320226937864,18.320992686631328,-1.3133328090775145,0.006566664045387572,92.05293564671922,-0.0016416660113468932,-0.007223330449926331,-92.05293564671922,0.9849996068081358,-179.97555159891084,116.89714808659907,18.320992686631328,-0.004924998034040679,285.8309041746273,-96.0,0.006566664045387573,-0.0016416660113468934,517.8255152290342,6.566664045387572,-0.0032833320226937864,-0.006566664045387573,0.0016416660113468932,0.0,0.0,330.54283044430423,121.1497307157953,-46.0,0.0,410.3154797691757,-31.0,0.0,-32.0,-93.0,-65.0,-61.385031030202754,16.0,23.0,46.5,0.0,15.5,-284.35340476441513,-192.95651226279108,61.385031030202754,65.0,-192.95651226279108,-410.3154797691757,247.609178233766,0.0,1496.5981,hclb
359,0.0,0.0,0.0,0.0,0.0,0.0,0.0,0.0,639.6664571382651,0.0,0.0,0.0,0.0,0.0,0.0,0.0,-985.9600775123083,525.868110251423,0.0,1000.0,0.0,0.0,0.0,739.2042520324808,0.0,382.5310773270407,0.0,0.0,0.0,-263.4320134066022,0.0,0.0,6.441772659569466,0.0,0.0,0.0,0.0,632.6773410257421,0.0,-65.72217382107517,944.1927496407109,0.0,0.0,0.0,0.0,0.0,0.0,0.0,971.9201550246166,0.0,0.0,0.0,0.0,0.006413078433325836,0.0,0.0,0.0,0.0,0.0,0.0,-79.145274877095,0.0,0.0,-79.145274877095,0.0,0.0,0.0,0.0,0.0,0.0,0.0,0.058300713030180557,0.0,0.0,0.0,0.0,0.0,0.0,0.0,0.0,0.0,0.0,633.6983808466106,0.0,3.4980427818108333,0.0,78.63183993100925,170.2329765606174,-616.2850213338111,1000.0,-0.0014575178257545136,0.0,0.0,90.88446463960797,1.7490213909054166,0.0,55.807250359289085,0.0,0.0,0.0,633.6983808466106,0.5747709441103552,-1000.0,0.0,0.0,-24.42938276463383,0.0,0.0,0.0,0.0,0.0,0.0,0.0,0.0,0.0,0.0,0.0,0.0,0.0,0.0,0.0,0.0,0.0,0.0,-499.40275266206856,0.0,0.0,55.807250359289085,0.0,1.807322103935597,1.807322103935597,0.0,255.82744367049077,0.0,-255.82744367049077,255.82744367049077,0.0,0.0,0.0,0.0,0.0,0.0,0.0,0.0,0.0,-554.6176254252689,0.005830071303018054,0.0,0.0,0.0,-338.47274708784585,338.47274708784585,0.0,0.0,0.0,0.0,-17.13887443280301,0.0,0.0,0.0,0.0,0.0,256.4784447521778,256.4784447521778,0.0,0.0,0.0,-140.625,1000.0,0.0,0.0,256.4842748234808,0.0,0.0,0.0,-23.47043865236597,0.0,0.0,0.0,0.0,0.0,0.0,0.0,0.0,0.0,0.0,0.0,0.0,0.0,0.0,0.0,-1000.0,0.0,0.0,0.0,0.0,0.0,0.0,0.0,-383.7149786661889,383.7149786661889,0.0,0.0,0.0,0.0,0.0,0.0,0.0,736.5679865933978,-936.8947731734809,0.0,0.0,0.0,0.0,0.0,0.0,0.0,0.0,0.0,0.0,0.0,0.0,0.0,183.99071581451108,13.390257489590894,277.4719358942939,0.0,0.0,0.0,0.0,52.20862057772266,0.0,0.0,0.0,0.0,-79.145274877095,277.4719358942939,0.0,0.0,0.0,0.0,0.0,0.0,0.0,0.0,472.43120890513234,1.166014260603611,54.058228968383666,0.0,-492.1125430736855,-724.6825857413071,758.438152919045,0.0,-277.4719358942939,0.0,0.0,0.0,-526.3559247241083,0.0,0.0,0.0,-408.1874872816927,0.0,0.0,-750.0853816149493,-775.3417816896493,-775.3417816896493,25.256400074700025,0.0,0.0,-1000.0,0.0,0.0,0.0,0.0,-32.328077434431094,0.0,0.0,0.0,0.0,0.0,0.0,0.0,20.57709488784701,0.0,0.0,0.0,-140.625,0.0,0.0,-79.145274877095,-0.008745106954527081,0.0,0.0,0.0,0.0,0.005830071303018054,0.0,0.0,0.0,419.55292015785585,-985.9600775123083,0.0,-49.81773671833023,-168.03199298717692,0.0,1000.0,0.0,429.05226246813857,0.0,-24.42938276463383,0.0,0.0,0.0,570.9477375318614,0.0,-1000.0,-1000.0,-1000.0,0.0,0.0,0.0,0.0,0.0,0.0,0.0,0.0,0.0,0.0,0.0,0.0,0.0,0.0,0.0,0.0,0.0,0.0,0.0,-1000.0,0.0,367.29933868904595,472.24348060917515,1000.0,0.0,0.0,82.18641652013656,0.0,0.0,0.0,0.0,0.2832673789594525,0.0,19.828478538221503,-683.6927477527652,-1000.0,0.0,-922.8937148447062,-0.29150356515090275,-124.61096908731753,545.3110714067524,-19.828478538221503,0.0,-159.0599403790711,999.8542482174246,0.0,0.0,0.0,732.778440246436,613.4796264538505,0.0,55.807250359289085,-828.0312500008204,828.0312500008204,0.0,0.0,0.0,639.672287209568,0.0,-183.99071581451108,183.99071581451108,183.99071581451108,116.26336850403021,0.0,0.0,0.0,0.0,0.0,736.5679865933978,0.0,0.0,-1.0268698921715043,0.0,0.0,0.0,0.0,0.0,0.0,0.0,-42.41699286969819,0.011660142606034825,0.0,0.0,0.0,0.0,0.0,0.0,0.0,0.0,0.0,0.0,0.0,0.0,0.0,0.0,0.0,0.0,0.0,0.0,0.0,0.006413078433325836,0.006413078433325836,0.0,278.82470155390746,0.0,3.4980427818108333,0.0,0.0,0.0,-261.694334890062,0.0,0.0,78.63183993100925,0.0,0.0,-31.98939198032909,261.694334890062,0.0,0.0,0.0,0.0,0.0,0.0,0.0,0.0,0.0,0.0,0.0,0.0,0.0,166.46758422068953,-419.55292015785585,0.0,183.25961049813446,430.5877928675853,0.0,90.88446463960797,0.0,-52.20862057772266,0.0,-31.98939198032909,0.0,-74.40638485002728,0.0,0.0,0.0,183.99071581451108,0.0,0.0,0.0,0.0,0.0,0.0,0.0,0.0,0.0,0.0,0.0,0.0,0.0,3.4980427818108333,0.0,0.0,0.0,0.0,0.0,0.0,0.0,0.0,0.0,0.0,0.0,0.0,0.058300713030180557,0.0,0.0,78.63183993100925,-78.63183993100925,0.0,0.0,0.0,0.0,55.807250359289085,0.0,0.0,0.0,351.50703744624354,183.25961049813446,0.0,0.0,0.0,0.0,0.0,786.0587155129352,0.0,0.0,1.7490213909054166,1.7490213909054166,1000.0,261.694334890062,0.0,0.0,0.0,0.0,0.0,0.0,0.0,1000.0,736.5679865933978,671.6923765795826,0.005830071303018054,0.0,0.0,0.0,0.4701536072219559,0.0,0.0,-90.88446463960797,0.0,0.0,0.0,0.0,0.0,0.0,0.0,0.0,0.0,0.0,0.0,0.0,0.0,0.0,0.005830071303018054,0.0,0.0,0.0,0.0,0.0,0.0,0.0,0.0,367.29933868904595,0.0,554.4298971293117,0.0,0.0,-1000.0,-0.43725534772634944,-0.29150356515090275,0.0,0.0,0.0,0.0,0.0,0.0,0.0,0.0,0.0,0.0,0.0,0.0,0.0,0.0,0.0,0.0,733.069943811587,0.0,0.0,0.0,639.6664571382651,0.0,0.0,0.005830071303018054,0.0,0.005830071303018054,0.0,0.0,0.0,3.4980427818108333,7.112686989682028,7.112686989682028,0.0,0.0,0.0,0.0,0.0,0.0,0.0,0.0,0.0,736.5679865933978,0.0,0.0,571.4497066710513,0.0,0.0,0.0,0.0,0.0,0.0,0.0,0.0,0.0,0.0,0.0,0.0,0.0,0.0,52.20862057772266,0.0,-382.5310773270407,382.5310773270407,0.008745106954527081,0.0,0.0,0.0,-55.807250359289085,0.0,0.0,0.0,0.0,0.0,-278.82470155390746,0.29150356515090275,0.0,0.0,0.0,140.625,-1000.0,868.0049555045933,0.0,0.0,0.0,0.0,0.0,0.0,0.0,0.0,0.0,0.0,0.0,413.62833704331626,94.83398573939638,0.0,63.83398573939639,-24.42938276463383,0.0,950.1913720247298,0.0,-950.1913720247298,0.0,-533.4686117137903,0.0,0.29150356515090275,1000.0,0.0,0.0,0.0,-158.29054975419,0.0,0.0,0.0,0.0,0.0,0.0,0.0,0.0,0.0,-0.8745106954527102,0.0,7.112686989682028,0.0,689.8458805530092,689.8458805530092,-689.8458805530092,0.0,0.0,0.0,0.0,0.0,472.43120890513234,0.0,0.0,280.13646759708655,-0.4701536072219559,-27.746709472709536,0.0,1.7490213909054166,78.63183993100925,0.0,0.0,0.0,-93.09266062406884,0.0,0.0,0.006413078433325836,0.0,0.0,0.0,3.5563434948410135,0.0,0.0,0.0,0.0,13.390257489590894,0.0,0.0,0.0,0.0,0.0,0.0,0.0,0.0,-576.049201562387,0.0,0.0005830071303018056,0.0005830071303018056,0.0,0.0,0.0,0.0,0.0,0.0,0.0,0.0,0.0,0.0,0.0,0.0,0.0,0.0,0.0,278.82470155390746,0.0,0.0,0.0,0.0,0.0,0.0,0.0,0.0,0.0,0.0,0.0,157.2636798620185,0.0,0.0,525.868110251423,0.0,0.0,0.0,3.4980427818108333,0.0,0.0,0.0,0.0,0.0,0.0,-3.4980427818108333,0.0,157.2636798620185,0.0,0.0,0.0,0.0,0.0,0.0,0.0,0.0,0.0,0.0,-671.6923765795826,-1000.0,575.4433055136187,0.0,-55.807250359289085,0.0,999.976679714788,0.0,0.0,0.0,0.0,0.0,0.0,0.0,0.0,0.0,835.9375,0.0,-835.9375,-835.9375,0.0,0.0,0.0,0.0,-0.7287589128772523,0.0,-0.7205227266858856,571.012451323325,0.0,0.0,0.0,0.0,0.0,-0.07287589128772569,0.0,1.0268698921715043,0.0,0.0,0.0,0.0,0.0,0.0,0.0,1000.0,1.7490213909054166,1.7490213909054166,0.0,0.0,0.0,0.0,0.0,0.006413078433325836,278.82470155390746,0.0,0.0,-999.976679714788,0.0,0.0,0.0,0.0,0.0,0.0,0.0,0.0,0.0,0.0,0.0,0.0,0.0,0.0,0.0,0.0,0.0,1.807322103935597,0.0,6.121574868168958,79.08075542134168,0.0,0.0,0.0,0.0,0.0,278.82470155390746,0.0,-396.0529784605691,0.0,0.0,0.0,-0.7287589128772523,0.0,0.0,0.0,0.0,0.0,0.0,0.0,0.0,0.0,0.0,0.0,0.0,0.0,0.0,0.0,0.0,0.0,0.0,-0.005830071303018054,0.0,0.0,0.29150356515090275,31.98939198032909,0.0,0.0,0.0,0.0,0.0,0.0,0.0,0.0,-570.9477375318614,0.14575178257545138,0.0,0.0,382.5310773270407,0.005830071303018054,0.0,5.830071303018054,0.0,1.166014260603611,0.04164336645012896,19.880543143291565,-0.004372553477263541,500.43313725463065,0.11660142606036111,-0.029150356514998317,-19.880543143291565,1.7490213909054166,-0.005830071303018054,8.143127588211277,0.0,0.0014575178257545138,0.04164336645012896,-24.42938276463383,-79.55998728244981,-0.11660142606036111,-539.9080327391147,-0.005830071303018055,0.0014575178257545138,-19.880543143291565,0.5830071303018055,0.005830071303018055,0.005830071303018054,-278.81245840417114,-78.62542685257593,0.0,-0.004372553477263541,1.7490213909054166,0.005830071303018055,55.807250359289085,51.14319331687464,-0.0029150356515090276,65.99763996207066,-52.79745777932749,-0.004372553477263541,-0.005830071303018055,0.0,0.005830071303018054,0.5830071303017803,-0.11660142606036111,52.20862057772266,52.20862057772266,-0.5830071303018055,539.9080327391147,-52.20862057772266,1.166014260603611,0.008745106954527081,-57.09285641822248,0.5830071303018055,-166.46758422068953,0.0,-1.166014260603611,0.002915035651509027,0.058300713030180557,12.454434179582558,96.0,-0.005830071303018054,-280.13646759708655,278.81245840417114,1.807322103935597,0.005830071303018055,79.55998728244981,-61.054314532005264,0.0,-0.005830071303018054,-0.0014575178257545138,0.0,-0.005830071303018055,-42.41699286969819,0.005830071303080331,-0.0014575178257545136,-0.0014575178257545136,-0.0014575178257545136,2.332028521207222,-51.14319331687464,0.058300713030180557,257.3912143038333,-0.0014575178257545138,16.76574077095384,0.29150356515090275,21.5,0.005830071303018054,0.002915035651509027,0.0029150356515090276,0.5830071303018055,0.0,0.005830071303018054,0.0,0.058300713030180557,0.005830071303018055,-763.534934758256,0.005830071303018055,0.023320285211980263,0.029150356514998317,0.0029150356515090276,0.0014575178257545138,1.7490213909054166,-0.005830071303018055,0.0,0.058300713030180557,-514.7824286076666,500.2873854720552,-0.5830071303017803,1.166014260603611,0.29150356515090275,-0.005830071303018055,24.42938276463383,0.008745106954527081,-0.005830071303018055,-1.166014260603611,0.0,225.053390364434,0.0029150356515090276,-43.0,-0.005830071303018055,-0.005830071303080331,-0.005830071303018056,0.0029150356515090276,19.880543143291565,-1.166014260603611,0.005830071303018054,24.908868359165115,-0.0014575178257545136,78.62542685257593,-24.908868359165115,0.8745106954527081,52.79745777932749,-63.013445019191884,19.880543143291565,-0.004372553477263541,280.13646759708655,-96.0,0.005830071303018055,-0.0014575178257545136,0.29150356515090275,5.830071303018054,-0.002915035651509027,-0.005830071303018055,0.0014575178257545138,672.9166744849618,0.0,57.08994138257097,506.1437204544227,-46.0,0.0,511.8465050840697,-31.0,0.0,346.95750289869693,-93.0,-65.0,0.0,-173.47875144934847,23.0,46.5,0.0,15.5,-278.82470155390746,-131.96072974036517,0.0,65.0,-131.96072974036517,-511.8465050840697,286.1589062428866,0.0,1496.5981,hclb
360,0.0,0.0,0.0,0.0,0.0,0.0,0.0,0.0,40.07233838714638,0.0,0.0,0.0,0.0,0.0,0.0,0.0,286.7831496289334,-147.13259851573366,0.0,0.0,0.0,0.0,0.0,263.9378356767419,0.0,0.0,0.0,0.0,0.0,-896.3721846682071,0.0,0.0,0.0,0.0,0.0,0.0,0.0,136.15013623253398,0.0,-1000.0,1000.0,0.0,0.0,147.13259851573378,0.0,0.0,0.0,0.0,0.0,0.0,0.0,-426.43370074213317,0.0,0.013096721749653695,0.0,0.0,0.0,0.0,0.0,0.0,-101.97881900239439,0.0,101.97881900239439,0.0,0.0,0.0,0.0,0.0,135.05320073510288,-135.05320073510288,0.0,0.11906110681576781,0.0,0.0,0.0,0.0,0.0,0.0,0.0,0.0,0.0,0.0,-332.5389068820827,0.0,7.143666408946069,0.0,100.93028752170382,0.0,-482.85146468037635,0.0,-0.002976527670394195,0.0,0.0,0.0,3.571833204473034,0.0,3.5718332044730343,-0.3833767639462735,0.0,0.0,0.0,444.30715688035355,-1000.0,0.0,0.0,-7.86045292579649,638.1657275362091,0.0,0.0,0.0,0.0,0.0,0.0,0.0,0.0,0.0,0.0,0.0,0.0,0.0,0.0,0.0,0.0,0.0,-356.75470769874727,0.0,0.0,3.5718332044730343,0.0,3.6908943112888015,0.0,0.0,0.0,0.0,0.0,0.0,0.0,0.0,0.0,0.0,0.0,0.0,0.0,0.0,0.0,434.38596492626795,0.011906110681576779,0.0,0.0,0.0,-575.5469496725245,-1000.0,0.0,0.0,332.5389068820827,0.0,313.5998637479221,0.0,0.0,0.0,0.0,0.0,-363.36441054561556,-363.36441054561556,0.0,0.0,0.0,0.0,0.0,0.0,0.0,-363.35250443493396,0.0,0.0,0.0,-856.346015108825,-630.2925344325236,0.0,0.0,0.0,0.0,0.0,0.0,0.0,0.0,0.0,-470.39082320137015,0.0,0.0,0.0,0.0,-893.2182657078191,0.0,0.0,0.0,0.0,0.0,0.0,426.43370074213317,573.5662992578668,-573.5662992578668,0.0,0.0,0.0,0.0,0.0,0.0,0.0,103.62781533179289,-1.4882638351970974,0.0,0.0,0.0,0.0,0.0,0.0,0.0,0.0,0.0,0.0,0.0,0.0,0.0,242.22519654027357,899.143666408946,183.15533429714054,0.0,0.0,0.0,0.0,31.15733395013505,0.0,0.0,0.0,0.0,-101.97881900239439,36.022735781406766,0.0,0.0,0.0,0.0,0.0,0.0,0.0,0.0,0.0,2.381222136315356,0.0,0.0,238.87812119314884,-817.5396427450943,1000.0,0.0,-183.15533429714054,0.0,0.0,0.0,14.525455031523673,0.0,0.0,0.0,-103.47898894827308,0.0,0.0,-512.6682634386791,0.0,0.0,-512.668263438679,0.0,0.0,90.71483457749054,0.0,0.0,0.0,0.0,2.0607148514641658,0.0,0.0,0.0,0.0,0.0,0.0,0.0,0.0,0.0,0.0,686.0628278055999,0.0,0.0,0.0,-101.97881900239439,-0.01785916602236517,0.0,0.0,0.0,0.0,0.011906110681576779,0.0,0.0,0.0,858.4890985532111,286.7831496289334,0.0,-556.8099362844316,915.279069140261,630.2925344325236,925.9530553407884,0.0,-414.6179917581484,0.0,-7.86045292579649,0.0,0.0,0.0,473.84181281977646,-59.22382106162809,0.0,-1000.0,-1000.0,0.0,0.0,0.0,0.0,0.0,0.0,0.0,0.0,0.0,0.0,0.0,0.0,0.0,0.0,0.0,0.0,0.0,-863.8022393247396,0.0,-1000.0,332.5389068820827,0.0,0.0,539.9148908102163,0.0,246.12651361089314,-434.38596492626795,0.0,0.0,0.0,0.0,443.7118513462747,127.45696076623022,0.0,0.0,0.0,-203.286340439705,0.0,-369.7035685662996,0.0,-490.8985069822033,0.0,-492.4086766123243,634.5419523932192,-0.2976527670394195,369.1082630322208,0.0,0.0,203.00917618766093,0.0,0.0,3.5718332044730343,0.0,0.0,0.0,0.0,0.0,40.08424449782796,0.0,-242.22519654027357,242.22519654027357,242.22519654027357,-114.3278026127421,0.0,0.0,-666.1671792214086,0.0,0.0,103.62781533179289,0.0,0.0,-2.0970629613813685,0.0,0.0,77.61877786368464,0.0,0.0,0.0,0.0,-41.80938893184232,0.02381222136314036,0.0,0.0,0.0,0.0,0.0,0.0,0.0,0.0,0.0,0.0,0.0,0.0,0.0,0.0,0.0,0.0,0.0,0.0,0.0,0.013096721749653695,0.013096721749653695,0.0,335.8439744039582,0.0,7.143666408946069,0.0,0.0,0.0,1000.0,0.0,0.0,100.93028752170382,0.0,0.0,142.95696497570862,-1000.0,0.0,0.0,0.0,0.0,0.0,77.61877786368464,0.0,0.0,0.0,0.0,0.0,0.0,0.0,118.91823589958243,-858.4890985532111,937.3812221363154,0.0,101.84705804418523,0.0,390.41700665831945,-390.41700665831945,-421.5743406084545,0.0,142.95696497570862,0.0,1000.0,-898.8524239561337,0.0,0.0,242.22519654027357,0.0,0.0,0.0,0.0,0.0,0.0,0.0,0.0,0.0,0.0,0.0,0.0,0.0,7.143666408946069,0.0,0.0,0.0,0.0,0.0,0.0,0.0,0.0,0.0,0.0,0.0,0.0,0.11906110681576781,0.0,0.0,100.93028752170382,-100.93028752170382,0.0,426.43370074213317,0.0,0.0,3.5718332044730343,0.0,0.0,0.0,0.0,0.0,0.0,0.0,0.0,0.0,0.0,653.6864787197125,-582.5435434198129,0.0,3.571833204473034,3.571833204473034,1000.0,-1000.0,0.0,77.61877786368464,0.0,0.0,0.0,0.0,0.0,1000.0,103.62781533179289,1000.0,0.011906110681576779,0.0,0.0,-915.4342547423156,931.1579747702922,26.08848308024934,0.0,0.0,0.0,0.0,0.0,0.0,0.0,0.0,0.0,0.0,0.0,0.0,0.0,0.0,0.0,0.0,0.011906110681576779,0.0,0.0,0.0,0.0,0.0,0.0,0.0,0.0,0.0,-690.1901830299363,997.8852075524385,0.0,-270.1199379300762,-608.1588121939542,-0.8929583011182584,-0.595305534078839,0.0,0.0,-546.875,-546.875,546.875,0.0,0.0,0.0,0.0,0.0,0.0,0.0,0.0,630.2925344325236,0.0,0.0,203.60448172173977,0.0,0.0,0.0,40.07233838714638,0.0,0.0,0.011906110681576779,0.0,0.011906110681576779,0.0,0.0,0.0,7.143666408946069,14.525455031523673,14.525455031523673,0.0,0.0,0.0,0.0,0.0,0.0,0.0,937.3812221363154,0.0,103.62781533179289,0.0,0.0,0.0,474.86692894946015,0.0,0.0,0.0,0.0,0.0,0.0,0.0,0.0,0.0,0.0,0.0,0.0,0.0,31.15733395013505,0.0,0.0,0.0,0.01785916602236517,0.0,0.0,0.0,-3.5718332044730343,0.0,0.0,0.0,0.0,0.0,-335.8439744039582,0.595305534078839,0.0,0.0,0.0,0.0,0.0,2.11479244756151,0.0,0.0,0.0,0.0,0.0,0.0,0.0,0.0,0.0,0.0,0.0,117.60437921344918,93.61877786368464,0.0,1000.0,18.228030154452853,471.96105151869386,257.9190105512299,270.1199379300762,-1000.0,332.5389068820827,0.0,0.0,0.595305534078839,1000.0,0.0,107.12033279889293,0.0,-203.957638004789,0.0,0.0,0.0,0.0,0.0,0.0,0.0,0.0,0.0,807.1277559064466,-338.52284930731275,14.525455031523673,0.0,0.0,0.0,0.0,0.0,0.0,0.0,0.0,0.0,0.0,0.0,0.0,0.0,-15.723720027976583,0.0,0.0,3.5718332044730343,100.93028752170382,0.0,0.0,0.0,24.737831591360138,0.0,0.0,0.013096721749653695,0.0,0.0,0.0,7.262727515761836,0.0,0.0,0.0,0.0,899.143666408946,0.0,638.1657275362091,0.0,0.0,0.0,0.0,0.0,0.0,0.0,0.0,0.0011906110681576781,0.0011906110681576781,0.0,0.0,0.0,0.0,0.0,0.0,0.0,0.0,0.0,-915.4342547423156,0.0,0.0,0.0,0.0,0.0,335.8439744039582,0.0,0.0,0.0,0.0,0.0,0.0,0.0,0.0,0.0,0.0,0.0,201.86057504340764,0.0,1000.0,-147.13259851573378,0.0,0.0,0.0,7.143666408946046,0.0,0.0,0.0,0.0,0.0,992.856333591054,-1000.0,0.0,201.86057504340764,0.0,0.0,0.0,0.0,0.0,0.0,0.0,0.0,0.0,0.0,-1000.0,-1000.0,483.02261476634027,0.0,-3.5718332044730343,0.0,136.15013623253398,0.0,0.0,0.0,0.0,0.0,0.0,0.0,0.0,0.0,820.3125,0.0,-820.3125,-820.3125,0.0,0.0,0.0,0.0,-1.4882638351970974,0.0,-444.6048096473929,812.4968199556549,0.0,0.0,0.0,0.0,0.0,655.8269533795989,-655.9757797631186,334.63596984346407,0.0,0.0,0.0,0.0,0.0,0.0,0.0,1000.0,3.571833204473034,3.571833204473034,0.0,0.0,0.0,0.0,0.0,0.013096721749653695,335.8439744039582,0.0,0.0,-136.15013623253398,0.0,0.0,0.0,0.0,0.0,0.0,0.0,0.0,0.0,0.0,0.0,0.0,0.0,0.0,0.0,0.0,0.0,0.0,0.0,12.50141621565562,0.0,0.0,101.84705804418523,0.0,0.0,0.0,335.8439744039582,0.0,-3.0934747455866227,0.0,0.0,0.0,-1.4882638351970974,0.0,0.0,0.0,0.0,0.0,0.0,0.0,0.0,0.0,0.0,0.0,0.0,0.0,0.0,0.0,0.0,0.0,0.0,-0.011906110681576779,0.0,0.0,0.595305534078839,-142.95696497570862,0.0,0.0,0.0,0.0,0.0,0.0,0.0,0.0,-473.84181281977646,0.2976527670394195,0.0,0.0,0.0,0.011906110681576779,0.0,11.906110681576779,-3.6908943112888015,2.381222136315356,0.08504364772554843,33.21804880159922,-0.008929583011182586,492.4086766123243,0.23812221363153563,-0.05953055340791025,-33.21804880159922,3.571833204473034,-0.011906110681576765,2.6201509752654966,77.61877786368464,0.002976527670394195,0.08504364772554843,-7.86045292579649,-102.82574034221028,-0.23812221363153563,-139.65055111319975,-0.01190611068157678,0.002976527670394195,-33.21804880159922,270.97109560958313,0.011906110681576765,0.011906110681576779,-335.81897157152696,-100.91719079995408,0.0,-0.008929583011182586,3.5718332044730343,0.01190611068157678,3.5718332044730343,-5.95305534078839,-0.00595305534078839,-297.8789578963291,-32.359851128974306,-0.008929583011182586,-0.01190611068157678,-3.6908943112888015,0.011906110681576779,1.190611068157678,-0.23812221363153563,31.15733395013505,31.15733395013505,-1.1906110681576934,139.65055111319975,-31.15733395013505,2.381222136315356,0.01785916602236517,822.9522639476056,1.190611068157678,-118.91823589958243,77.61877786368464,-2.381222136315356,0.00595305534078839,0.11906110681576781,139.2024840711079,96.0,-0.011906110681576779,-338.52284930731275,335.81897157152696,3.6908943112888015,0.01190611068157678,102.82574034221028,-206.44903949563326,77.61877786368464,-0.011906110681576779,-0.002976527670394195,-77.61877786368464,-0.01190611068157678,-679.9751164680515,0.011906110681463094,-0.002976527670394195,-0.002976527670394195,-0.002976527670394195,4.762444272630712,5.95305534078839,0.11906110681576781,32.764524386079884,-0.002976527670394195,275.7848171669503,0.595305534078839,21.5,0.011906110681576779,0.00595305534078839,0.00595305534078839,40.0,3.6908943112888015,0.011906110681576779,-3.6908943112888015,0.11906110681576781,0.011906110681576782,-80.65169365584208,0.01190611068157678,0.04762444272639031,0.05953055340791025,0.00595305534078839,0.002976527670394195,3.5718332044730343,-0.01190611068157678,0.0,0.11906110681576781,-65.52904877215977,492.1110238452849,-1.190611068157678,2.381222136315356,0.595305534078839,-0.01190611068157678,7.86045292579649,0.01785916602236517,-0.011906110681576782,-80.0,3.6908943112888015,89.97259926413511,0.00595305534078839,-43.0,-0.01190611068157678,-0.011906110681463094,-0.011906110681576782,0.00595305534078839,33.21804880159922,-2.381222136315356,0.011906110681576779,278.4049681422158,-0.002976527670394195,100.91719079995408,-278.4049681422158,1.7859166022365167,32.359851128974306,-935.5821862519678,33.21804880159922,-0.008929583011182586,338.52284930731275,-96.0,0.01190611068157678,-0.0029765276703941947,0.595305534078839,11.906110681576779,-0.00595305534078839,-0.01190611068157678,0.002976527670394195,1000.0,0.0,-913.673051580437,47.8871692697622,-46.0,0.0,-10.687844973757706,17.964905108390084,269.78048454142544,-32.0,93.7185503219739,-65.0,-90.71483457749054,16.0,23.0,-46.85927516098695,-269.78048454142544,-8.982452554195042,-335.8439744039582,-114.71043085549525,90.71483457749054,65.0,-114.71043085549525,10.687844973757706,97.28529172685894,0.0,1496.5981,hclb
361,0.0,0.0,0.0,0.0,0.0,0.0,0.0,0.0,-0.0046655076646978525,0.0,0.0,0.0,0.0,0.0,0.0,0.0,-490.26174254957533,747.9185894756378,0.0,0.0,0.0,0.0,0.0,133.68570722595462,0.0,0.0,0.0,0.0,0.0,688.640192808825,177.15368104162644,-177.15368104162644,6.420111775896714,0.0,0.0,0.0,0.0,6.027113279354106,0.0,-1000.0,1000.0,0.0,0.0,0.0,0.0,0.0,0.0,0.0,0.0,-373.7473925402089,0.0,0.0,0.0,0.005132058431158271,0.0,0.0,0.0,0.9331015329395704,0.0,0.0,-6.356551974946839,0.0,723.5299696120451,557.8567653952996,0.0,0.0,0.0,0.0,0.0,191.3811985314621,0.0,0.04665507664697853,0.0,0.0,0.0,0.0,0.0,0.0,0.0,0.0,0.0,0.0,0.0,0.0,2.7993045988187117,0.0,0.0,278.91018803740945,0.0,613.5201924382499,-0.0011663769161744631,0.0,0.0,130.47607111783066,1.3996522994093559,0.0,1.3996522994093559,-0.8985229217553666,0.0,0.0,0.0,0.2332753832348926,688.640192808825,0.0,0.0,-24.476780504713464,429.5983524063106,0.0,0.0,0.0,0.0,0.0,0.0,0.0,0.0,0.0,0.0,0.0,0.0,0.0,0.0,0.0,0.0,0.0,-129.29587846235168,0.0,0.0,1.3996522994093559,0.0,1.4463073760563345,0.0,0.0,0.0,0.0,0.0,0.0,630.8635154855087,0.0,0.0,-790.1801677273074,0.0,0.0,0.0,0.0,0.0,0.3592440901817344,0.0046655076646978525,0.0,0.0,0.0,570.4016475936894,-1000.0,0.0,0.0,0.0,0.0,178.8480809093638,0.0,0.0,0.0,0.0,0.0,358.556143137259,358.556143137259,0.0,0.0,0.0,0.0,0.0,0.0,0.0,535.7144896865502,0.0,0.0,0.0,113.29558603689645,0.0,0.0,0.0,0.0,0.0,0.0,0.0,0.0,0.0,0.0,0.0,0.0,0.0,0.0,0.0,-482.8404338285111,0.0,0.0,0.0,0.0,0.0,373.7473925402089,0.0,-278.91018803740945,278.91018803740945,0.0,0.0,0.0,0.0,0.0,0.0,0.0,0.0,-936.5162899910268,0.0,0.0,0.0,0.0,0.0,0.0,0.0,0.0,0.0,0.0,0.0,0.0,0.0,297.18527760706144,-41.13379693412086,-198.37845025924963,0.0,0.0,0.0,159.31665224179872,0.0,0.0,0.0,0.0,0.0,-6.356551974946839,-198.37845025924963,177.15368104162644,0.0,0.0,0.0,0.0,0.0,0.0,0.0,176.40538746667397,0.0,0.0,0.0,-278.91018803740945,0.0,0.0,0.0,198.37845025924963,0.0,0.0,159.31665224179872,-149.83653516155732,0.0,0.0,0.0,103.77232660176008,0.0,0.0,0.0,0.0,438.01952574937684,-438.0195257493769,438.01952574937684,0.0,-278.91018803740945,0.0,190.09821340081885,373.7473925402089,0.0,13.016766384507012,0.0,0.0,0.0,-496.3100271404346,0.0,496.3100271404346,0.0,535.7051586712208,0.0,159.31665224179872,0.0,0.0,0.0,0.0,-6.356551974946839,-0.006998261497046778,0.0,0.0,0.0,0.0,0.0046655076646978525,0.0,0.0,0.0,305.03539406242777,-490.26174254957533,0.0,-505.9862954541318,211.67281039823007,0.0,1000.0,0.0,321.39376513409684,0.0,-24.476780504713464,0.0,0.0,0.0,-0.40170020993047567,-320.99206492416636,0.0,-1000.0,-1000.0,0.0,0.0,0.0,0.0,0.0,0.0,0.0,0.0,0.0,0.0,0.0,0.0,0.0,0.0,0.0,0.0,0.0,-993.9542246899871,0.0,-1000.0,0.0,0.0,0.0,0.0,0.0,0.0,0.3890494847707373,0.0,0.0,0.0,0.0,0.0,320.99206492416636,530.1239131005698,-0.2332753832348926,-0.1166376916174463,0.0,0.0,0.0,844.0174081128984,-850.299514183414,-530.1239131005698,0.0,-183.1422583116699,0.0,-0.2332753832348926,0.0,0.0,-130.28468593418896,0.0,0.0,1.3996522994093559,484.3749999988989,-484.3749999988989,0.0,0.0,0.0,0.0,0.0,-297.18527760706144,297.18527760706144,297.18527760706144,116.54367897177389,0.0,0.0,0.0,0.0,0.0,0.0,0.0,0.0,-172.0297561916924,0.0,0.0,1.3996522994093559,0.0,0.0,0.0,0.0,-42.53344923353021,0.009331015329390532,0.0,0.0,0.0,0.0,0.0,0.0,0.0,0.0,0.0,191.3811985314621,0.0,0.0,0.0,0.0,0.0,0.0,0.0,0.0,0.0,0.005132058431158271,0.005132058431158271,177.15368104162644,392.25217607412185,0.0,2.7993045988187117,0.0,115.15209617527451,0.0,-247.186602482612,0.0,453.7026402300788,0.0,0.0,0.0,336.82063028343646,247.186602482612,0.0,0.0,661.8707892072604,0.0,0.0,1.3996522994093559,0.0,0.0,0.0,0.0,0.0,0.0,0.0,43.09862615411723,-305.03539406242777,0.0,0.0,0.3592440901817344,0.0,130.47607111783066,0.0,0.0,0.0,336.82063028343646,0.0,294.2871810499062,0.0,0.0,0.0,297.18527760706144,0.0,0.0,0.0,0.0,0.0,0.0,0.0,0.0,0.0,0.0,0.0,0.0,0.0,2.7993045988187117,159.3166522417987,159.31665224179872,0.0,0.0,0.0,0.0,0.0,0.0,0.0,0.0,0.0,0.0,0.04665507664697853,0.0,177.15368104162644,0.0,0.0,177.15368104162644,0.0,0.0,0.0,1.3996522994093559,-661.8707892072604,0.0,0.0,0.0,0.0,0.0,0.0,0.0,0.0,0.0,248.2730294422784,0.0,0.0,1.3996522994093559,1.3996522994093559,1000.0,247.186602482612,0.0,1.3996522994093559,0.0,0.0,0.0,0.0,0.0,89.78824387585945,0.0,359.8216286601169,0.0046655076646978525,0.0,0.0,0.0,6.161469372328472,0.0,0.0,-130.47607111783066,0.0,0.0,0.0,0.0,0.0,0.0,0.0,0.0,0.0,0.0,0.0,0.0,0.0,0.0,0.0046655076646978525,0.0,0.0,0.0,0.0,0.0,0.0,0.0,0.0,0.0,0.0,0.3890494847707373,0.0,0.0,-6.045775310012914,-0.34991307485233897,-0.2332753832348926,0.0,0.0,828.125,828.125,-828.125,0.0,0.0,0.0,0.0,0.0,0.0,0.0,159.3166522417987,0.0,0.0,0.0,-130.05141055095407,0.0,0.0,0.0,-0.0046655076646978525,0.0,0.0,0.0046655076646978525,0.0,0.0046655076646978525,0.0,0.0,0.0,2.7993045988187117,5.69191935093138,5.69191935093138,0.0,0.0,0.0,0.0,0.0,0.0,0.0,0.0,0.0,0.0,0.0,0.0,0.0,0.0,0.0,0.0,0.0,0.0,0.0,0.0,0.0,0.0,0.0,0.0,0.0,0.0,0.0,0.0,0.0,0.0,0.0,0.006998261497046778,0.0,0.0,0.0,-1.3996522994093559,0.0,0.0,0.0,0.0,0.0,-392.25217607412185,0.2332753832348926,0.0,0.0,0.0,0.0,0.0,-0.3890494847707373,0.0,0.0,0.0,0.0,0.0,0.0,0.0,0.0,159.3166522417987,0.0,661.8707892072604,586.143015025113,95.06689846706043,0.0,64.06689846706043,-24.476780504713464,0.0,0.0,0.0,0.0,0.0,-155.5284545124887,115.15209617527451,0.2332753832348926,859.4632618067966,0.0,0.0,-177.15368104162644,-172.0297561916924,0.0,0.0,0.0,0.0,0.0,0.0,0.0,0.0,0.0,392.6020891489742,-393.30191529867886,5.69191935093138,0.0,0.0,0.0,177.15368104162644,0.0,0.0,0.0,0.0,0.0,176.40538746667397,0.0,0.0,0.0,-197.54266790379057,0.0,0.0,1.3996522994093559,0.0,0.0,0.0,0.0,-37.61285719483071,0.0,0.0,0.005132058431158271,0.0,0.0,0.0,2.84595967546569,0.0,0.0,0.0,0.0,-41.13379693412086,0.0,429.5983524063106,0.0,0.0,0.0,0.0,0.0,0.0,0.0,0.0,0.0004665507664697986,0.0004665507664697986,0.0,0.0,0.0,0.0,0.0,0.0,0.0,0.0,0.0,0.0,177.15368104162644,0.0,0.0,0.0,0.0,392.25217607412185,0.0,0.0,0.0,0.0,0.0,0.0,0.0,373.7473925402089,0.0,0.0,0.0,0.0,-790.4252716983318,0.0,747.9185894756378,0.0,0.0,0.0,2.7993045988187117,0.0,0.0,0.0,0.0,0.0,997.2006954011813,-1000.0,0.0,0.0,0.0,0.0,0.0,0.0,0.0,0.0,0.0,177.15368104162644,177.15368104162644,0.0,-482.2254047637054,-221.5715633153156,3.1958727503180295,-1.3996522994093559,0.0,0.0,6.027113279354106,0.0,0.0,0.0,0.0,0.0,0.0,0.0,0.0,0.0,0.0,0.0,0.0,0.0,0.0,0.0,0.0,115.15209617527451,-0.5831884580872315,159.31665224179872,-0.34991307485233897,392.9520022238265,0.0,0.0,0.0,0.0,0.0,219.53149994538407,-219.58981879119278,172.0297561916924,0.0,0.0,0.0,0.0,0.0,0.0,0.0,877.5962238964115,1.3996522994093559,1.3996522994093559,0.0,0.0,0.0,0.0,0.0,0.005132058431158271,392.25217607412185,0.0,0.0,-6.027113279354106,0.0,0.0,0.0,0.0,0.0,0.0,0.0,0.0,0.0,0.0,0.0,0.0,0.0,0.0,0.0,0.0,0.0,0.0,0.0,4.898783047932746,0.0,0.0,0.3592440901817344,0.0,0.0,0.0,392.25217607412185,0.0,-0.7427488202195218,0.0,0.0,0.0,-0.5831884580872315,0.0,0.0,0.0,0.0,0.0,0.0,0.0,0.0,0.0,0.0,0.0,0.0,0.0,0.0,0.0,0.0,0.0,0.0,-0.0046655076646978525,0.0,0.0,0.2332753832348926,-336.82063028343646,0.0,0.0,0.0,0.0,159.31665224179872,0.0,0.0,0.0,0.40170020993047567,0.1166376916174463,0.0,0.0,0.0,0.0046655076646978525,0.0,4.665507664697852,-1.4463073760563345,0.9331015329395704,0.0333250547478418,13.016766384507012,-0.003499130748523389,0.2332753832348926,0.09331015329395705,-0.023327538323505745,-13.016766384507012,1.3996522994093556,-0.0046655076646978525,8.158926834904488,1.3996522994093559,0.0011663769161744631,0.0333250547478418,-24.476780504713464,-0.7427488202195218,177.06037088833247,-257.6568469260624,-0.0046655076646978525,0.0011663769161744631,-13.016766384507012,86.90160123074355,0.0046655076646978525,0.0046655076646978525,-392.242378508026,0.005132058431167651,0.0,-0.003499130748523389,1.3996522994093559,0.0046655076646978525,1.3996522994093559,-2.332753832348926,-0.0023327538323489262,-129.89451989993688,-0.4712162741344831,-0.003499130748523389,-0.0046655076646978525,-1.4463073760563345,0.0046655076646978525,0.4665507664697852,-0.09331015329395705,0.0,0.0,-0.4665507664697799,257.6568469260624,0.0,0.9331015329395704,0.006998261497046778,-1000.0,0.4665507664697852,-43.09862615411723,1.3996522994093559,-0.9331015329395704,0.0023327538323489262,0.04665507664697853,126.49657386353294,96.0,-0.0046655076646978525,-393.30191529867886,392.242378508026,1.4463073760563345,0.0046655076646978525,0.7427488202195218,-90.63400736250189,1.3996522994093559,-0.0046655076646978525,-0.0011663769161744631,-1.3996522994093559,-0.0046655076646978525,-472.1318016398409,0.004665507664769924,-0.0011663769161744631,-0.0011663769161744631,-0.0011663769161744631,1.8662030658791409,2.332753832348926,0.04665507664697853,204.53737782337498,-0.0011663769161744631,244.8342208921614,0.2332753832348926,21.5,0.0046655076646978525,0.0023327538323489262,0.0023327538323489262,-78.4919492047249,1.4463073760563345,0.0046655076646978525,-1.4463073760563345,0.04665507664697853,0.0046655076646978525,-606.6990174879619,0.004665507664697853,0.018662030658788353,0.023327538323505745,0.0023327538323489262,0.0011663769161744631,1.3996522994093559,-0.0046655076646978525,0.0,-88.53018544416624,-409.07475564674996,0.11663769161744636,-0.4665507664697852,0.9331015329395704,0.2332753832348926,-0.004665507664697853,24.476780504713464,0.006998261497046778,-0.0046655076646978525,156.9838984094498,1.4463073760563345,105.61604403412335,0.0023327538323489262,-43.0,-0.0046655076646978525,-0.004665507664769924,-0.0046655076646978525,0.0023327538323489262,13.016766384507012,-0.9331015329395704,0.0046655076646978525,252.9931477270659,-0.0011663769161744631,-0.005132058431167651,-252.9931477270659,0.6998261497046778,0.4712162741344831,909.8712420496961,13.016766384507012,-0.003499130748523389,393.30191529867886,-96.0,0.0046655076646978525,-0.0011663769161744633,0.2332753832348926,4.665507664697852,-0.0023327538323489262,-0.0046655076646978525,0.0011663769161744631,0.0,0.0,665.3876628453273,402.1616396645869,-46.0,0.0,-108.0,-31.0,86.43505046427377,-32.0,-93.0,-65.0,-334.6100044008404,16.0,23.0,46.5,-86.43505046427377,15.5,-392.25217607412185,-68.00318683929264,334.6100044008404,65.0,-68.00318683929264,108.0,-8.916271701983945,0.0,1496.5981,hclb
362,0.0,0.0,0.0,0.0,0.0,0.0,0.0,0.0,60.21315346658134,0.0,0.0,0.0,0.0,0.0,0.0,0.0,-563.3197748422493,64.51061059860695,0.0,890.8374812296594,0.0,0.0,0.0,0.0,0.0,83.13029056007997,0.0,0.0,0.0,-939.4899143660463,0.0,0.0,30.657527616941866,0.0,0.0,0.0,0.0,227.27692262842154,0.0,-1000.0,330.76722042479423,0.0,-356.514149929993,935.489389401393,0.0,0.0,102.30998857080955,0.0,146.29553927830273,-31.758289130095363,0.0,0.0,0.0,0.017046136713115563,0.0,0.0,0.0,3.099297584238256,0.0,0.0,41.51072322597366,0.0,87.11561856072734,0.0,0.0,0.0,0.0,0.0,182.9058277436618,777.7708540246989,0.0,0.15496487921191282,0.0,0.0,0.0,0.0,0.0,0.0,0.0,0.0,0.0,0.0,372.749183652392,0.0,9.297892752714768,0.0,0.0,286.625242047562,567.0792186741353,222.3557125817224,-0.0038741219802978203,0.0,0.0,0.0,4.648946376357384,0.0,4.648946376357384,0.0,0.0,0.0,372.749183652392,0.774824396059564,-939.4899143660463,0.0,0.0,0.0,0.0,0.0,0.0,0.0,0.0,0.0,0.0,0.0,0.0,0.0,0.0,0.0,0.0,0.0,0.0,0.0,0.0,0.0,-1000.0,0.0,0.0,4.648946376357384,0.0,4.803911255569297,0.0,0.0,785.1562500000003,0.0,-785.1562500000003,785.1562500000003,0.0,0.0,0.0,-128.626341786701,0.0,0.0,0.0,0.0,0.0,-371.5559540824603,0.015496487921191278,0.0,0.0,0.0,0.0,0.0,0.0,0.0,889.2642514460746,0.0,-315.7226471023016,0.0,0.0,0.0,0.0,0.0,-102.29449208288837,-102.29449208288837,0.0,0.0,0.0,0.0,0.0,0.0,0.0,-102.27899559496717,0.0,0.0,0.0,-113.55671626136953,-850.8197945956429,0.0,0.0,0.0,0.0,0.0,0.0,0.0,0.0,0.0,-789.3813892689366,0.0,0.0,0.0,0.0,-1000.0,0.0,0.0,0.0,0.0,0.0,31.758289130095363,356.514149929993,-789.4349312558577,789.4349312558577,0.0,0.0,0.0,0.0,0.0,0.0,0.0,0.0,-940.0363585743871,0.0,0.0,0.0,0.0,0.0,0.0,0.0,0.0,0.0,0.0,0.0,0.0,0.0,0.0,-36.801404831523485,1000.0,0.0,0.0,0.0,0.0,83.43485471995967,0.0,0.0,0.0,0.0,41.51072322597366,64.51061059860695,0.0,0.0,0.0,0.0,0.0,0.0,0.0,0.0,0.498986911062266,0.0,0.0,0.0,-1000.0,0.0,0.0,0.0,-1000.0,0.0,0.0,128.626341786701,18.905715263853363,0.0,0.0,0.0,-28.558090404843483,0.0,0.0,-696.6214915543547,-366.66801521746675,-7.2930152176936645,-329.953476336888,0.0,359.3749999997731,-222.3557125817224,0.0,-267.0076207534562,31.758289130095363,0.0,-40.199653419836004,0.0,0.0,0.0,-549.3177355206624,0.0,549.3177355206624,0.0,0.0,128.626341786701,0.0,-856.6015038544274,0.0,0.0,0.0,41.51072322597366,-0.02324473188178692,0.0,0.0,0.0,0.0,0.015496487921191278,0.0,0.0,0.0,911.4172119926207,-563.3197748422493,0.0,0.0,180.68661075936404,850.8197945956429,335.41616680115175,0.0,-1000.0,0.0,0.0,0.0,0.0,0.0,940.4926506059214,59.507349394078574,0.0,-1000.0,-1000.0,0.0,0.0,0.0,0.0,0.0,0.0,0.0,0.0,0.0,0.0,0.0,0.0,0.0,0.0,0.0,0.0,0.0,620.7062530848141,0.0,8.249699988087725,0.0,385.1176445166194,0.0,0.0,0.0,0.0,371.056967171398,0.0,0.0,0.0,0.0,0.0,-757.8870865371421,0.0,-0.774824396059564,-1000.0,515.4739093994018,-273.36503979723295,-149.4898520674327,0.0,-962.69291920182,0.0,0.0,0.0,999.6125878019702,148.71502767137315,0.0,0.0,-306.6487189538156,0.0,1000.0,4.648946376357384,0.0,0.0,0.0,0.0,0.0,60.22864995450253,0.0,0.0,0.0,0.0,89.90070241576174,0.0,0.0,0.0,0.0,0.0,0.0,0.0,0.0,-45.604895334753564,0.0,0.0,0.0,0.0,0.0,0.0,0.0,-41.45035120788087,0.030992975842365378,0.0,0.0,0.0,0.0,0.0,0.0,0.0,0.0,0.0,120.54418283182568,0.0,0.0,0.0,0.0,0.0,0.0,0.0,0.0,0.0,0.017046136713115563,0.017046136713115563,0.0,0.0,0.0,9.297892752714768,0.0,0.0,0.0,-288.76877008875647,0.0,0.0,0.0,0.0,0.0,208.9683479040587,288.76877008875647,0.0,0.0,0.0,0.0,0.0,0.0,0.0,0.0,0.0,0.0,0.0,0.0,0.0,333.3333333333333,-911.4172119926207,0.0,0.0,1.1932295699317277,0.0,0.0,0.0,-83.43485471995967,0.0,208.9683479040587,0.0,-182.9330913495353,350.45108804571316,0.0,0.0,0.0,0.0,0.0,0.0,0.0,0.0,0.0,0.0,0.0,0.0,0.0,0.0,0.0,0.0,9.297892752714768,128.626341786701,128.626341786701,0.0,0.0,0.0,0.0,0.0,0.0,0.0,0.0,0.0,0.0,0.15496487921191282,0.0,0.0,0.0,0.0,0.0,356.514149929993,0.0,0.0,4.648946376357384,0.0,0.0,0.0,0.0,0.0,0.0,0.0,0.0,0.0,0.0,20.486357031814872,80.29549152186212,0.0,4.648946376357384,4.648946376357384,1000.0,288.76877008875647,0.0,0.0,0.0,0.0,0.0,0.0,0.0,939.4899143660463,0.0,1000.0,0.015496487921191278,0.0,0.0,-851.5195253637991,871.9848514477209,0.0,0.0,0.0,0.0,-128.626341786701,0.0,0.0,0.0,0.0,0.0,0.0,0.0,0.0,0.0,0.0,0.0,0.0,0.015496487921191278,0.0,0.0,0.0,0.0,0.0,0.0,0.0,0.0,385.1176445166194,0.0,371.056967171398,-889.2642514460746,0.0,-612.4565530967263,-1.162236594089346,-0.774824396059564,0.0,0.0,765.6249999999999,765.6249999999999,-765.625,0.0,0.0,0.0,0.0,0.0,0.0,0.0,128.626341786701,850.8197945956429,0.0,0.0,694.1261054422439,0.0,0.0,0.0,60.21315346658134,0.0,0.0,0.015496487921191278,0.0,0.015496487921191278,0.0,711.5061571498338,0.0,9.297892752714768,18.905715263853363,18.905715263853363,0.0,0.0,0.0,0.0,0.0,0.0,0.0,0.0,0.0,0.0,0.0,0.0,0.0,941.826898215936,0.0,0.0,0.0,0.0,0.0,0.0,0.0,0.0,0.0,0.0,0.0,0.0,0.0,83.43485471995967,0.0,-871.6241334102473,871.6241334102473,0.02324473188178692,0.0,0.0,0.0,-4.648946376357384,0.0,0.0,0.0,0.0,0.0,0.0,0.774824396059564,0.0,0.0,0.0,0.0,0.0,-0.774824396059564,0.0,0.0,0.0,0.0,0.0,0.0,0.0,0.0,128.626341786701,0.0,0.0,802.5032438337176,0.0,0.0,61.90070241576174,0.0,0.0,370.28214277533846,0.0,-370.28214277533846,889.2642514460746,0.0,0.0,0.774824396059564,1000.0,0.0,0.0,0.0,-45.604895334753564,0.0,0.0,-890.6249999997701,890.6249999997701,0.0,0.0,0.0,0.0,0.0,790.5436258630259,-3.4867097822681217,18.905715263853363,0.0,0.0,0.0,0.0,0.0,0.0,0.0,0.0,0.0,0.498986911062266,0.0,0.0,0.0,-141.00950891574752,0.0,-356.514149929993,4.648946376357384,0.0,0.0,0.0,0.0,-317.4669460411066,0.0,0.0,0.017046136713115563,0.0,0.0,0.0,9.452857631926681,0.0,0.0,0.0,0.0,-36.801404831523485,0.0,0.0,0.0,0.0,0.0,0.0,0.0,0.0,0.0,0.0,0.001549648792119128,0.001549648792119128,0.0,0.0,0.0,0.0,0.0,0.0,0.0,0.0,0.0,-851.5195253637991,0.0,0.0,0.0,0.0,0.0,0.0,0.0,0.0,0.0,0.0,0.0,0.0,0.0,31.758289130095363,0.0,0.0,0.0,0.0,0.0,0.0,64.51061059860695,0.0,0.0,0.0,9.297892752714768,0.0,0.0,0.0,0.0,0.0,-9.297892752714768,0.0,0.0,0.0,0.0,0.0,0.0,0.0,0.0,0.0,0.0,0.0,0.0,0.0,-1000.0,-1000.0,952.441992441952,0.0,-4.648946376357384,0.0,612.3945671450409,0.0,0.0,0.0,0.0,0.0,0.0,0.0,0.0,0.0,0.0,0.0,0.0,0.0,0.0,0.0,0.0,0.0,-1.93706099014891,128.626341786701,-1.162236594089346,944.1513714041147,0.0,0.0,0.0,0.0,0.0,-0.19370609901489103,0.0,934.8691467808281,0.0,0.0,0.0,0.0,0.0,0.0,0.0,1000.0,4.648946376357384,4.648946376357384,0.0,0.0,0.0,0.0,0.0,0.017046136713115563,0.0,0.0,0.0,-612.3945671450409,0.0,0.0,0.0,0.0,0.0,0.0,0.0,0.0,0.0,0.0,0.0,0.0,0.0,0.0,750.0000000000007,0.0,0.0,0.0,0.0,16.271312317250846,1.1932295699317277,0.0,0.0,0.0,0.0,0.0,0.0,0.0,0.0,0.0,0.0,0.0,-1.93706099014891,0.0,0.0,0.0,0.0,0.0,0.0,0.0,0.0,0.0,0.0,0.0,0.0,0.0,0.0,0.0,0.0,0.0,0.0,-0.015496487921191278,0.0,0.0,0.774824396059564,-208.9683479040587,0.0,0.0,0.0,0.0,128.626341786701,0.0,0.0,0.0,-940.4926506059214,0.387412198029782,0.0,0.0,83.13029056007997,0.015496487921191278,0.0,15.496487921191278,-4.803911255569297,3.099297584238256,0.11068919943708057,43.23520130012367,-0.01162236594089346,0.774824396059564,0.30992975842382564,-0.07748243960660615,-43.23520130012367,4.648946376357384,-0.015496487921191281,0.0,0.0,0.0038741219802978203,0.11068919943708057,0.0,-2.4670408770535346,-0.30992975842382564,-392.028316986017,-0.015496487921191281,0.0038741219802978203,-43.23520130012367,1.549648792119128,0.015496487921191281,0.015496487921191278,0.03254262463430684,0.017046136713310407,-72.1078788248227,-0.01162236594089346,4.648946376357384,0.015496487921191281,4.648946376357384,-7.74824396059564,-0.0077482439605956405,387.8305259271243,-85.0,-0.01162236594089346,-0.015496487921191281,-4.803911255569297,0.015496487921191278,1.549648792119128,-0.30992975842382564,83.43485471995967,83.43485471995967,-1.549648792119128,392.028316986017,-83.43485471995967,3.099297584238256,0.02324473188178692,-772.2371030227164,1.549648792119128,-333.3333333333333,0.0,-3.099297584238256,0.0077482439605956405,0.15496487921191282,0.0,3.099297584238256,-0.015496487921191278,-3.4867097822681217,-0.03254262463430684,4.803911255569297,0.015496487921191281,2.4670408770535346,-18.59578550542939,0.0,-0.015496487921191278,-0.0038741219802978203,0.0,-0.015496487921191281,-41.45035120788087,0.015496487921191281,-0.0038741219802978203,-0.0038741219802978203,-0.0038741219802978203,6.198595168476512,7.74824396059564,0.15496487921191282,340.9873069924087,-0.0038741219802978203,0.0,0.774824396059564,21.5,0.015496487921191278,0.0077482439605956405,0.0077482439605956405,-62.76352210123137,4.803911255569297,0.015496487921191278,-4.803911255569297,0.15496487921191282,0.015496487921191281,-1000.0,0.015496487921191281,0.061985951685550864,0.07748243960660615,0.0077482439605956405,0.0038741219802978203,4.648946376357384,-0.015496487921191281,72.1078788248227,0.15496487921191282,-681.9746139848174,0.387412198029782,-1.549648792119128,3.099297584238256,0.774824396059564,-0.015496487921191281,0.0,0.02324473188178692,-0.015496487921191281,125.52704420246275,4.803911255569297,382.39280121627917,0.0077482439605956405,-43.0,-0.015496487921191281,-0.015496487921191281,-0.015496487921191281,0.0077482439605956405,43.23520130012367,-3.099297584238256,0.015496487921191278,0.0,-0.0038741219802978203,-0.017046136713310407,0.0,2.3244731881786915,85.0,748.4808545864981,43.23520130012367,-0.01162236594089346,3.4867097822681217,-3.099297584238256,0.015496487921191281,-0.0038741219802978207,0.774824396059564,15.496487921191278,-0.0077482439605956405,-0.015496487921191281,0.0038741219802978203,0.0,0.0,772.2293547787558,659.0126930075912,-46.0,0.0,189.97132381544986,-31.0,0.0,-32.0,-93.0,-65.0,0.0,16.0,23.0,46.5,0.0,15.5,0.0,-64.92585517517257,0.0,65.0,-64.92585517517257,-189.97132381544986,103.50873026438006,0.0,1496.5981,hclb
363,0.0,0.0,0.0,0.0,0.0,0.0,0.0,0.0,822.2867777446352,0.0,0.0,0.0,0.0,0.0,0.0,0.0,0.03692922971714539,-614.9262582352433,0.0,640.6306912212633,0.0,0.0,0.0,0.0,0.0,0.0,0.0,0.0,0.0,644.9656328976291,0.0,0.0,638.0453683029667,0.0,0.0,0.0,0.0,999.9015220540875,0.0,-267.41164738659154,514.1073042014377,0.0,0.0,-479.06910641018703,0.0,0.0,271.5555418334922,0.0,0.0,-28.569463973885547,0.0,645.0025621273462,0.0,0.027081435125963452,0.0,0.0,0.0,0.0,0.0,0.0,-2.1681561091711004,0.0,2.1681561091711004,0.0,0.0,0.0,0.0,0.0,0.0,0.0,0.0,0.2461948647809693,0.0,0.0,0.0,0.0,0.0,0.0,0.0,0.0,0.0,0.0,0.0,0.0,14.771691886858159,0.0,0.0,176.21491290712777,490.1940697595895,0.0,0.0,0.0,0.0,499.3313145364063,7.3858459434290795,0.0,7.3858459434290795,-334.3196563102268,668.3687916131814,0.0,0.0,1.2309743239048465,644.9656328976291,0.0,0.0,-7.631675464376954,0.0,926.6652532064927,0.0,0.0,0.0,0.0,0.0,0.0,0.0,0.0,0.0,0.0,0.0,0.0,0.0,0.0,0.0,0.0,-161.85447032651686,0.0,0.0,7.3858459434290795,0.0,7.632040808210048,0.0,0.0,0.0,0.0,0.0,0.0,0.0,-703.0312500000709,703.0312500000709,0.0,0.0,0.0,0.0,0.0,0.0,1.8957004588134714,0.02461948647809693,0.006154871619524232,0.0,0.0,-829.688653231287,0.0,0.0,0.0,0.0,0.0,57.7862112884995,0.0,0.0,0.0,0.0,0.0,-271.53092234701415,-271.53092234701415,0.0,0.0,0.0,0.0,0.0,0.0,0.0,-271.50630286053604,0.0,0.0,0.0,0.0,0.0,0.0,0.0,0.0,0.0,0.0,0.0,0.0,0.0,0.0,-1.5247668625434394,0.0,0.0,0.0,0.0,-1000.0,0.0,0.0,0.0,0.0,0.0,28.569463973885547,-645.0025621273462,-490.1940697595895,490.1940697595895,0.0,0.0,0.0,0.0,0.0,0.0,0.0,0.0,-188.5494066256201,0.0,0.0,0.0,0.0,0.0,0.0,0.0,0.0,0.0,0.0,0.0,0.0,0.0,0.0,796.5364478225258,0.0,0.0,0.0,0.0,0.0,80.29126220789368,0.0,0.0,0.0,0.0,-2.1681561091711004,479.06910641018703,0.0,0.0,0.0,0.0,0.0,0.0,0.0,0.0,0.0,4.923897295619386,0.0,0.0,0.0,980.388139519179,-958.981718979808,0.0,0.0,0.0,0.0,0.0,1000.0,0.0,0.0,0.0,11.803498074725212,0.0,0.0,-753.3522916291332,0.0,0.0,-753.3522916291332,0.0,0.0,0.0,0.0,4.298012446648727,28.569463973885547,0.0,-11.602894934003245,0.0,0.0,0.0,-427.34378480733085,0.0,427.34378480733085,0.0,0.0,0.0,0.0,0.0,0.0,0.0,0.0,-2.1681561091711004,-0.03692922971714539,0.0,0.0,0.0,0.0,0.02461948647809693,0.0,0.0,0.0,912.3228918486773,0.03692922971714539,0.0,-5.0877836429179695,322.06615615229236,0.0,521.4931501448668,0.0,-639.9029256876979,0.0,-7.631675464376954,0.0,0.0,0.0,593.7170428297549,46.18588285794306,0.0,-577.8689625702824,-1000.0,0.0,0.0,0.0,0.0,0.0,0.0,0.0,0.0,0.0,0.0,0.0,0.0,0.0,0.0,0.0,0.0,0.0,0.0,0.0,-1000.0,0.0,0.0,333.5269088456321,0.0,343.5800193988532,0.0,-1.8957004588134714,0.0,668.3687916131814,0.0,0.0,0.0,0.0,0.0,0.0,-422.70133067264777,-46.18588285794306,0.0,-1.2309743239048465,-628.9869191582766,0.0,0.0,-1.2309743239048465,0.0,422.0858435106953,0.0,356.784336561105,0.0,149.56142564591025,517.6526511269908,0.0,7.3858459434290795,-109.37500000052069,109.37500000052069,0.0,0.0,0.0,822.3113972311132,0.0,0.0,0.0,0.0,-519.5133562497522,0.0,0.0,0.0,0.0,0.0,0.0,0.0,0.0,-4.336312218342201,0.0,0.0,0.0,0.0,0.0,0.0,0.0,-40.53805135219031,0.04923897295620156,0.0,0.0,0.0,0.0,0.0,0.0,0.0,0.0,0.0,0.0,0.0,0.0,0.0,0.0,0.0,0.0,0.0,0.0,0.0,0.027081435125963452,0.027081435125963452,0.0,0.0,0.0,14.771691886858159,0.0,0.0,0.0,0.0,0.0,0.0,0.0,0.0,0.0,-429.67104541618835,0.0,0.0,0.0,0.0,0.0,0.0,0.0,0.0,0.0,0.0,0.0,0.0,0.0,0.0,53.951490108838954,-912.3228918486773,829.688653231287,0.0,1.8957004588134714,0.0,0.0,499.3313145364063,419.0400523285126,0.0,-429.67104541618835,0.0,-824.9238885937355,354.71479182535677,888.2525393716405,-888.2525393716405,0.0,0.0,0.0,0.0,0.0,0.0,0.0,0.0,0.0,0.0,0.0,0.0,0.0,0.0,14.771691886858159,0.0,0.0,0.0,0.0,0.0,0.0,0.0,0.0,0.0,0.0,0.0,0.0,0.2461948647809693,0.0,0.0,0.0,0.0,0.0,-645.0025621273462,0.0,0.0,7.3858459434290795,0.0,0.0,0.0,0.0,0.0,0.0,0.0,0.0,0.0,0.0,80.76983170989246,0.0,0.0,7.3858459434290795,7.3858459434290795,1000.0,0.0,0.0,0.0,0.0,0.0,0.0,0.0,0.0,-1000.0,0.0,-982.9262905198634,0.02461948647809693,0.0,0.0,0.0,32.51354896382387,615.2211344185097,0.0,-499.3313145364063,0.0,0.0,0.0,0.0,0.0,0.0,0.0,0.0,0.0,0.0,0.0,0.0,0.0,0.0,0.02461948647809693,0.0,0.0,0.0,-100.08656660865313,100.08656660865313,0.0,0.0,0.0,0.0,0.0,1000.0,0.0,0.0,-1000.0,-1.8464614858572699,-1.2309743239048454,0.0,0.0,734.375,734.375,-734.375,0.0,0.0,0.0,0.0,0.0,0.0,0.0,0.0,0.0,0.0,0.0,150.7923999698151,0.0,0.0,0.0,822.2867777446352,0.0,0.0,0.02461948647809693,0.0,0.02461948647809693,0.0,0.0,0.0,14.771691886858159,30.035773503278254,30.035773503278254,0.0,0.0,0.0,0.0,0.0,0.0,0.0,829.688653231287,0.0,0.0,0.0,0.0,0.0,595.836780615519,0.0,0.0,0.0,0.0,0.0,0.0,0.0,0.0,0.0,0.0,0.0,0.0,0.0,80.29126220789368,0.0,0.0,0.0,0.03692922971714539,0.0,0.0,0.0,-7.3858459434290795,0.0,0.0,0.0,0.0,0.0,0.0,1.2309743239048465,0.0,0.0,0.0,0.0,0.0,1.8957004588134714,0.0,0.0,0.0,0.0,0.0,0.0,0.0,0.0,0.0,0.0,0.0,0.4785695019987722,0.0,0.0,814.528029184142,607.5894589541327,0.0,0.0,668.3687916131814,-668.3687916131814,0.0,969.9642264967217,0.0,1.2309743239048454,1000.0,0.0,165.56409185667326,0.0,-4.336312218342201,0.0,0.0,0.0,0.0,0.0,0.0,0.0,0.0,0.0,3.3712283484007095,-5.53938445757181,30.035773503278254,0.0,0.0,0.0,0.0,0.0,0.0,0.0,0.0,0.0,0.0,0.0,0.0,0.0,-32.51354896382387,0.0,0.0,7.3858459434290795,0.0,0.0,0.0,0.0,-73.59160646261559,0.0,0.0,0.027081435125963452,0.0,0.0,0.0,15.017886751639127,0.0,0.0,0.0,0.0,796.5364478225258,0.0,0.0,0.0,0.0,0.0,0.0,0.0,0.0,0.0,0.0,0.002461948647809693,0.002461948647809693,0.0,0.0,0.0,0.0,0.0,0.0,0.0,0.0,0.0,0.0,0.0,0.0,0.0,0.0,0.0,0.0,0.0,0.0,0.0,0.0,0.0,0.0,0.0,28.569463973885547,0.0,0.0,0.0,0.0,0.0,0.0,-614.9262582352433,0.0,0.0,0.0,14.77169188685815,0.0,0.0,0.0,0.0,0.0,-600.1704779849413,585.3987860980831,0.0,0.0,0.0,0.0,0.0,0.0,0.0,0.0,0.0,0.0,0.0,0.0,90.73689757784854,-932.9033296726533,612.7011288530155,0.0,-7.3858459434290795,0.0,999.9015220540875,0.0,0.0,0.0,0.0,0.0,0.0,0.0,0.0,0.0,0.0,0.0,0.0,0.0,0.0,0.0,0.0,0.0,-3.0774358097621155,0.0,-1.8464614858572699,599.5297035872336,0.0,0.0,0.0,0.0,0.0,31.294186473074248,-31.60193005405046,4.336312218342201,0.0,0.0,0.0,0.0,0.0,0.0,0.0,107.81060705798504,7.3858459434290795,7.3858459434290795,0.0,0.0,0.0,0.0,0.0,0.027081435125963452,0.0,0.0,0.0,-999.9015220540875,0.0,0.0,0.0,0.0,0.0,0.0,0.0,0.0,0.0,0.0,0.0,0.0,0.0,0.0,0.0,0.0,0.0,0.0,0.0,25.850460802001777,1.8957004588134714,0.0,0.0,0.0,0.0,0.0,0.0,0.0,-3.9194222473131504,0.0,0.0,0.0,-3.0774358097621155,0.0,0.0,0.0,0.0,0.0,0.0,0.0,0.0,0.0,0.0,0.0,0.0,0.0,0.0,0.0,0.0,0.0,0.0,-0.02461948647809693,0.0,0.0,1.2309743239048465,429.67104541618835,0.0,0.0,0.0,0.0,0.0,0.0,0.0,0.0,-593.7170428297549,0.6154871619524231,0.0,0.0,0.0,0.02461948647809693,0.0,24.619486478096928,-7.632040808210048,4.923897295619386,0.1758534748435495,68.68836727389044,-0.018464614858572696,1.2309743239048465,0.4923897295619386,-0.12309743239052295,-68.68836727389044,7.3858459434290795,-0.02461948647809693,2.5438918214589847,0.0,0.006154871619524232,0.1758534748435495,-7.631675464376954,-3.9194222473131504,-0.4923897295619386,-25.741362215737183,-0.024619486478096933,0.006154871619524232,-68.68836727389044,2.461948647809693,0.02461948647809693,0.02461948647809693,0.05170092160406038,0.027081435125906623,-48.098934307893444,-0.018464614858572696,7.3858459434290795,0.02461948647809693,7.3858459434290795,-12.309743239048466,-0.012309743239048465,5.576073948147851,-82.77783034218147,-0.018464614858572696,-0.02461948647809693,-7.632040808210048,0.02461948647809693,2.4619486478096917,-0.4923897295619386,80.29126220789368,80.29126220789368,-2.461948647809693,25.741362215737183,-80.29126220789368,4.923897295619386,0.03692922971714539,-40.82063389857649,2.461948647809693,-53.951490108838954,0.0,-4.923897295619386,0.012309743239048465,0.2461948647809693,1.2719459107294924,4.923897295619386,-0.02461948647809693,-5.53938445757181,-0.05170092160406038,7.632040808210048,0.02461948647809693,3.9194222473131504,-29.543383773716414,0.0,-0.02461948647809693,-0.006154871619524232,0.0,-0.02461948647809693,-40.53805135219031,0.02461948647811984,-0.006154871619524232,-0.006154871619524232,-0.006154871619524232,9.847794591238772,12.309743239048466,0.2461948647809693,18.239962044458764,-0.006154871619524232,0.0,1.2309743239048465,21.5,0.02461948647809693,0.012309743239048465,0.012309743239048465,2.461948647809693,7.632040808210048,0.02461948647809693,-7.632040808210048,0.2461948647809693,0.024619486478096773,-18.239962044458764,0.02461948647809693,0.09847794591244496,0.12309743239052295,0.012309743239048465,0.006154871619524232,7.3858459434290795,-0.02461948647809694,48.098934307893444,0.2461948647809693,-36.47992408891753,0.6154871619524233,-2.4619486478096917,4.923897295619386,1.2309743239048465,-0.02461948647809693,7.631675464376954,0.03692922971714539,-0.024619486478096773,-4.923897295619386,7.632040808210048,310.6917591164441,0.012309743239048465,-43.0,-0.02461948647809693,-0.02461948647811984,-0.02461948647809693,0.012309743239048465,68.68836727389044,-4.923897295619386,0.02461948647809693,2.5438918214589847,-0.006154871619524232,-0.027081435125906623,-2.5438918214589847,3.692922971714539,82.77783034218147,-69.88439729579375,68.68836727389044,-0.018464614858572696,5.53938445757181,-4.923897295619386,0.02461948647809694,-0.0061548716195242315,1.2309743239048454,24.619486478096928,-0.012309743239048465,-0.02461948647809693,0.006154871619524232,0.0,0.0,40.80832415533744,0.0,-46.0,0.0,193.6157575862353,-31.0,0.0,-32.0,-93.0,10.236726751525566,0.0,16.0,23.0,46.5,0.0,15.5,0.0,-237.10015265382847,0.0,-10.236726751525566,-237.10015265382847,-193.6157575862353,110.34859635607101,0.0,1496.5981,hclb
364,0.0,0.0,0.0,0.0,0.0,0.0,0.0,0.0,-0.07025805942490611,0.0,0.0,0.0,0.0,0.0,0.0,0.0,382.16954193520894,0.0,0.0,47.39023909387413,0.0,0.0,0.0,1000.0,0.0,0.0,0.0,0.0,0.0,-202.2023810769067,0.0,0.0,0.0,0.0,0.0,0.0,0.0,-12.304528140613934,0.0,-1000.0,1000.0,0.0,0.0,-1000.0,0.0,0.0,0.0,93.29210511009163,-13.047786146867338,0.0,0.0,0.0,0.0,0.07728386536734888,0.0,0.0,0.0,0.0,0.0,0.0,-6.1873931000194204,0.0,6.1873931000194204,0.0,0.0,0.0,0.0,0.0,0.0,300.352167136247,0.0,0.702580594249061,0.0,0.0,0.0,0.0,0.0,0.0,0.0,971.3669271599551,0.0,0.0,-117.05784980779492,0.0,42.15483565494366,0.0,0.0,967.330250730765,0.0,0.0,-0.017564514856226527,0.0,0.0,0.0,21.07741782747183,0.0,21.07741782747183,0.0,0.0,0.0,0.0,3.512902971245305,-944.0050495956033,0.0,0.0,-9.937350009453645,0.0,0.0,0.0,0.0,0.0,0.0,0.0,0.0,0.0,0.0,0.0,0.0,0.0,0.0,0.0,0.0,0.0,0.0,-507.88353305320845,0.0,0.0,21.07741782747183,0.0,21.779998421720894,0.0,0.0,-555.116752040587,555.116752040587,0.0,0.0,0.0,-390.62500001302294,390.62500001302294,0.0,0.0,0.0,0.0,0.0,0.0,122.46772038351276,0.07025805942490611,0.0,0.0,0.0,-396.2326726477689,0.0,0.0,0.0,0.0,0.0,395.9412595507945,0.0,0.0,0.0,0.0,0.0,265.13742731581374,265.13742731581374,0.0,0.0,0.0,984.375,0.0,0.0,0.0,265.20768537523867,0.0,0.0,0.0,-449.75507358390314,0.0,0.0,0.0,0.0,0.0,0.0,0.0,0.0,0.0,0.0,0.0,0.0,0.0,0.0,0.0,-477.4159947523252,0.0,0.0,0.0,0.0,0.0,0.0,0.0,0.0,0.0,0.0,0.0,0.0,0.0,0.0,0.0,0.0,741.8026685186966,-561.6011966653256,0.0,0.0,0.0,0.0,0.0,0.0,0.0,0.0,0.0,0.0,0.0,0.0,0.0,334.0878736354098,397.43539045633344,-166.9193747114349,0.0,0.0,0.0,0.0,77.90393599808449,0.0,0.0,0.0,0.0,-6.1873931000194204,833.0806252885651,0.0,0.0,0.0,0.0,0.0,0.0,0.0,0.0,2.26230951348046,107.34371699507285,0.0,0.0,0.0,0.0,954.2824645838976,0.0,166.9193747114349,0.0,0.0,0.0,-236.97775943992605,0.0,0.0,0.0,-377.98217568172146,0.0,0.0,-862.7231323396632,0.0,899.6498650990045,-862.723132339663,0.0,899.6498650990045,0.0,0.0,-906.8922254900235,0.0,0.0,118.11604979740356,0.0,0.0,0.0,0.0,0.0,0.0,0.0,1000.0,0.0,0.0,-493.63461067669476,984.375,0.0,0.0,-6.1873931000194204,-0.10538708913735917,0.0,0.0,0.0,0.0,0.07025805942490611,0.0,0.0,0.0,376.1723314132884,382.16954193520894,0.0,-880.7155393080076,553.944928942854,0.0,955.1290297124531,0.0,-496.89724396348595,0.0,-9.937350009453645,0.0,0.0,0.0,132.96530233186738,597.5489398956064,-233.61699826398785,43.46449783059923,-1000.0,0.0,0.0,0.0,0.0,0.0,0.0,0.0,0.0,0.0,0.0,0.0,0.0,0.0,0.0,0.0,0.0,0.0,-1000.0,0.0,-987.9765040970854,0.0,0.0,0.0,973.7851301591071,388.7505507502374,0.0,-124.73002989699322,0.0,117.05784980779492,0.0,0.0,0.0,0.0,0.0,-421.8243586867566,-464.1022145605899,-597.5489398956064,-503.97407496150834,0.0,0.0,0.0,0.0,-68.58110936404222,0.0,462.34576307496724,-3.512902971245305,0.0,0.0,996.4870970287546,1000.0,0.0,21.07741782747183,0.0,0.0,0.0,0.0,0.0,0.0,334.0878736354098,0.0,0.0,0.0,88.88573812447243,0.0,0.0,-734.9328307436112,0.0,0.0,741.8026685186966,0.0,0.0,-12.374786200038841,0.0,0.0,65.94838811501879,0.0,0.0,0.0,0.0,-19.87470001890729,0.1405161188497459,0.0,0.0,0.0,0.0,0.0,0.0,0.0,0.0,0.0,300.352167136247,0.0,0.0,0.0,0.0,0.0,0.0,0.0,0.0,0.0,0.07728386536734888,0.07728386536734888,0.0,416.0362617504286,0.0,42.15483565494366,0.0,0.0,0.0,1000.0,0.0,0.0,0.0,0.0,0.0,508.2936296803736,-1000.0,0.0,0.0,0.0,0.0,0.0,65.94838811501879,0.0,0.0,0.0,0.0,0.0,0.0,0.0,169.29451101773614,-376.1723314132884,396.2326726477689,0.0,5.409870575717832,0.0,0.0,0.0,-77.90393599808449,0.0,508.2936296803736,0.0,488.41892966146634,0.0,0.0,0.0,334.0878736354098,0.0,0.0,0.0,0.0,0.0,0.0,0.0,0.0,0.0,0.0,0.0,0.0,0.0,42.15483565494366,0.0,0.0,0.0,0.0,0.0,0.0,0.0,0.0,0.0,0.0,0.0,0.0,0.702580594249061,0.0,0.0,0.0,0.0,0.0,0.0,0.0,0.0,21.07741782747183,0.0,0.0,0.0,0.0,0.0,0.0,0.0,0.0,0.0,0.0,1000.0,-845.8261259752487,0.0,21.07741782747183,21.07741782747183,1000.0,-1000.0,0.0,65.94838811501879,0.0,0.0,0.0,0.0,0.0,-99.45944823499588,741.8026685186966,-462.4017153291597,0.07025805942490611,0.0,0.0,0.0,92.78580433622065,0.0,0.0,0.0,0.0,0.0,0.0,0.0,0.0,0.0,0.0,0.0,0.0,0.0,0.0,0.0,0.0,0.0,0.07025805942490611,0.0,0.0,0.0,0.0,0.0,0.0,0.0,0.0,0.0,0.0,780.2847752626734,0.0,-775.933459448957,0.0,-5.269354456867958,-3.512902971245353,0.0,0.0,0.0,0.0,0.0,0.0,0.0,0.0,0.0,0.0,0.0,0.0,0.0,0.0,0.0,0.0,1000.0,0.0,0.0,0.0,-0.07025805942490611,0.0,0.0,0.07025805942490611,0.0,0.07025805942490611,0.0,0.0,0.0,42.15483565494366,85.71483249838545,85.71483249838545,0.0,0.0,0.0,0.0,0.0,0.0,117.05784980779492,396.2326726477689,0.0,741.8026685186966,0.0,0.0,0.0,139.01452124835174,0.0,0.0,0.0,0.0,0.0,0.0,0.0,0.0,0.0,0.0,0.0,0.0,0.0,77.90393599808449,0.0,0.0,0.0,0.10538708913735917,0.0,0.0,0.0,-21.07741782747183,0.0,0.0,0.0,0.0,0.0,-416.0362617504286,3.512902971245305,0.0,0.0,0.0,-984.375,0.0,-780.2847752626734,0.0,0.0,0.0,0.0,0.0,0.0,0.0,0.0,0.0,0.0,0.0,0.0,81.94838811501879,0.0,447.18106076278764,-9.937350009453638,12.023495902914647,-905.0148051596666,892.991309256752,0.0,0.0,-322.6925919383116,0.0,3.512902971245353,726.9350262391589,0.0,0.0,0.0,-12.374786200038841,0.0,0.0,0.0,0.0,0.0,0.0,0.0,0.0,0.0,-10.538708913735832,0.0,85.71483249838545,0.0,0.0,0.0,0.0,0.0,0.0,0.0,0.0,0.0,2.26230951348046,0.0,0.0,431.8443251210324,-393.1379714724676,-557.0755158022196,0.0,21.07741782747183,0.0,0.0,0.0,0.0,221.99995077095897,0.0,0.0,0.07728386536734888,0.0,0.0,0.0,42.857416249192724,0.0,0.0,0.0,0.0,397.43539045633344,0.0,0.0,0.0,0.0,0.0,0.0,0.0,0.0,412.89842589890156,0.0,0.007025805942490582,0.007025805942490582,0.0,0.0,0.0,0.0,0.0,0.0,0.0,0.0,0.0,0.0,0.0,0.0,0.0,0.0,0.0,416.0362617504286,0.0,0.0,0.0,0.0,0.0,0.0,0.0,0.0,0.0,0.0,0.0,0.0,-93.99158797474581,-14.219100697853088,0.0,0.0,0.0,0.0,42.15483565494366,0.0,0.0,0.0,0.0,0.0,-42.15483565494366,0.0,0.0,0.0,0.0,0.0,0.0,0.0,0.0,0.0,0.0,0.0,0.0,0.0,462.4017153291597,-1000.0,187.14129195441242,453.7592763071748,-474.8366941346466,0.0,-12.304528140613934,0.0,0.0,0.0,0.0,0.0,0.0,0.0,0.0,0.0,0.0,0.0,0.0,0.0,0.0,0.0,0.0,0.0,-8.782257428113311,0.0,-5.269354456867958,133.7451667914838,0.0,0.0,0.0,0.0,0.0,0.0,-0.8782257428113265,12.374786200038841,0.0,0.0,0.0,0.0,0.0,0.0,0.0,1000.0,21.07741782747183,21.07741782747183,0.0,0.0,0.0,0.0,971.3669271599551,0.07728386536734888,416.0362617504286,0.0,0.0,12.304528140613934,0.0,0.0,0.0,0.0,0.0,0.0,0.0,0.0,0.0,0.0,0.0,0.0,0.0,0.0,0.0,0.0,0.0,0.0,0.0,73.7709623961514,0.0,0.0,122.46772038351276,0.0,0.0,0.0,416.0362617504286,0.0,776.771872291428,0.0,0.0,0.0,-8.782257428113311,0.0,0.0,0.0,0.0,0.0,0.0,0.0,0.0,0.0,0.0,0.0,0.0,0.0,0.0,0.0,0.0,0.0,0.0,-0.07025805942490611,0.0,0.0,3.512902971245305,-508.2936296803736,0.0,0.0,0.0,0.0,0.0,0.0,0.0,0.0,-132.96530233186738,1.7564514856226525,0.0,0.0,0.0,0.07025805942490611,0.0,70.2580594249061,-21.779998421720894,14.05161188498122,0.5018432816064721,196.01998579548805,-0.052693544568679584,490.40546805079885,1.405161188498122,-0.35129029712419424,-196.01998579548805,21.07741782747183,-0.07025805942490611,3.312450003151215,65.94838811501879,0.017564514856226527,0.5018432816064722,-9.937350009453645,-11.185083060443617,-1.405161188498122,-429.55978102908307,-0.07025805942490611,0.017564514856226527,-196.01998579548805,7.02580594249061,0.07025805942490611,0.07025805942490611,-415.8887198256363,0.07728386536739669,0.0,-0.052693544568679584,21.07741782747183,0.07025805942490611,21.07741782747183,-35.12902971245305,-0.035129029712453054,-376.0665595318872,-85.0,-0.052693544568679584,-0.07025805942490611,-21.779998421720894,0.07025805942490611,7.02580594249061,-1.405161188498122,77.90393599808449,77.90393599808449,-7.02580594249061,429.55978102908307,-77.90393599808449,14.05161188498122,0.10538708913735917,510.7533133492244,7.02580594249061,-169.29451101773614,65.94838811501879,-14.05161188498122,0.035129029712453054,0.702580594249061,220.1788848270019,96.0,-0.07025805942490611,-431.8443251210324,415.8887198256363,21.779998421720894,0.07025805942490611,11.185083060443617,-18.361283194868705,65.94838811501879,-0.07025805942490611,-0.017564514856226527,-65.94838811501879,-0.07025805942490611,-19.87470001890729,0.07025805942475927,-0.017564514856226527,-0.017564514856226527,-0.017564514856226527,28.10322376996244,35.12902971245305,0.702580594249061,243.0845171994622,-0.017564514856226527,437.04531965085255,3.512902971245305,13.45025298069895,0.07025805942490611,0.035129029712453054,0.035129029712453054,40.0,21.779998421720894,0.07025805942490611,-21.779998421720894,0.702580594249061,0.07025805942490611,-625.1486720455338,0.07025805942490611,0.28103223769926444,0.35129029712419424,0.035129029712453054,0.017564514856226527,21.07741782747183,-0.07025805942490611,0.0,0.702580594249061,-486.1690343989244,488.64901656517617,-7.02580594249061,14.05161188498122,3.512902971245305,-0.07025805942490611,9.937350009453645,0.10538708913735917,-0.07025805942490611,-80.0,21.779998421720894,-1.6747752780405833,0.035129029712453054,-26.9005059613979,-0.07025805942490611,-0.07025805942475927,-0.07025805942490611,0.035129029712453054,196.01998579548805,-14.05161188498122,0.07025805942490611,440.3577696540038,-0.017564514856226527,-0.07728386536739669,-440.3577696540038,10.538708913735913,85.0,-335.3010084782457,196.01998579548805,-0.052693544568679584,431.8443251210324,-96.0,0.07025805942490611,-0.01756451485622653,3.512902971245353,70.2580594249061,-0.035129029712453054,-0.07025805942490611,0.017564514856226527,0.0,0.0,-510.78844237893685,382.0641548460716,-46.0,0.0,49.61507101254887,-11.490053122744023,0.0,-32.0,-93.0,-65.0,0.0,16.0,23.0,46.5,0.0,5.745026561372011,-416.0362617504286,-220.3251754929184,0.0,65.0,-220.3251754929184,-49.61507101254887,30.475274132463483,0.0,1496.5981,hclb
365,0.0,0.0,0.0,0.0,0.0,0.0,0.0,0.0,-0.06733988683688931,0.0,0.0,0.0,0.0,0.0,0.0,0.0,-47.707907812080634,-347.1006456196614,0.0,485.50183397073715,0.0,0.0,0.0,644.3746593153686,0.0,69.69477025571217,0.0,0.0,0.0,-352.5163804902792,0.0,0.0,14.031174097945913,0.0,0.0,0.0,0.0,999.730640452653,0.0,-1000.0,1000.0,0.0,0.0,-355.4322996756986,0.0,0.0,0.0,0.0,400.2242883023598,-142.89119971058437,0.0,0.0,0.0,0.07407387552065359,0.0,0.0,0.0,13.467977367377863,0.0,0.0,-5.930399367435143,0.0,5.930399367435143,0.0,0.0,0.0,0.0,0.0,392.92031259241287,0.0,0.0,0.6733988683688932,0.0,0.0,0.0,0.0,0.0,0.0,0.0,0.0,0.0,0.0,0.0,0.0,40.40393210213359,0.0,0.0,-337.6443491807839,866.1315558784354,-145.9158666760419,527.3264711115656,0.0,0.0,128.5501977096079,20.201966051066794,0.0,20.201966051066794,-2.1683443561477134,747.7125794254855,0.0,0.0,189.84585572213211,-1000.0,0.0,0.0,-15.480614402958755,213.5927237829926,0.0,0.0,0.0,0.0,0.0,0.0,0.0,0.0,0.0,0.0,0.0,0.0,0.0,0.0,0.0,0.0,0.0,-544.2893148243152,0.0,0.0,20.201966051066794,0.0,20.875364919435686,0.0,0.0,668.6159089154553,-559.2409089154537,-109.37500000000162,109.37500000000162,589.4554631823795,1000.0,-1000.0,-589.4554631823795,0.0,0.0,0.0,0.0,0.0,5.185171286440436,0.06733988683688931,527.3433060832749,0.0,0.0,-1000.0,-22.71760390508166,0.0,0.0,253.65675583842176,0.0,336.5336365968808,0.0,0.0,0.0,0.0,0.0,-246.27067679376535,-246.27067679376535,0.0,0.0,0.0,0.0,0.0,0.0,0.0,-246.20333690692846,0.0,0.0,0.0,-594.8254488811559,0.0,0.0,0.0,0.0,0.0,0.0,0.0,0.0,0.0,0.0,-515.2999313574749,0.0,0.0,0.0,0.0,-1000.0,0.0,0.0,0.0,0.0,0.0,142.89119971058437,0.0,133.8684441215646,-133.8684441215646,0.0,0.0,0.0,0.0,0.0,0.0,0.0,647.4836195097208,-147.76058309990015,0.0,0.0,0.0,0.0,0.0,0.0,0.0,0.0,0.0,0.0,0.0,0.0,0.0,302.3927037795522,812.3967914651842,0.0,0.0,0.0,0.0,0.0,78.19867142947417,0.0,0.0,0.0,0.0,-5.930399367435143,355.4322996756986,0.0,0.0,261.72320418025345,0.0,0.0,0.0,0.0,0.0,0.0,0.0,0.0,0.0,-732.2631117568708,0.0,196.44838324314054,0.0,0.0,0.0,0.0,0.0,343.5715009408283,0.0,0.0,0.0,-259.0829481612791,0.0,0.0,413.0465827380881,0.0,-603.8314827493396,16.878065487426966,396.16851725066044,-1000.0,1000.0,0.0,209.6896933510643,142.89119971058437,0.0,109.67961284544701,0.0,0.0,0.0,30.12726465191801,0.0,-30.12726465191801,0.0,753.6619833193978,0.0,0.0,0.0,0.0,0.0,0.0,-5.930399367435143,-0.10100983025533397,0.0,0.0,0.0,0.0,0.06733988683688931,0.0,0.0,0.0,901.599362519459,-47.707907812080634,0.0,-740.5326257776419,974.1342225360771,0.0,953.6699434184447,0.0,312.33977735604117,0.0,-15.480614402958755,0.0,0.0,0.0,687.6602226439588,0.0,-1000.0,-1000.0,-1000.0,0.0,0.0,0.0,0.0,0.0,0.0,0.0,0.0,0.0,0.0,0.0,0.0,0.0,0.0,0.0,0.0,261.72320418025345,0.0,0.0,-1000.0,0.0,0.0,0.0,0.0,0.0,0.0,-5.185171286440436,0.0,747.7125794254855,0.0,0.0,186.47886138028764,23.59164277719441,0.0,-47.83406534019002,0.0,-416.5119553696073,0.0,0.0,0.0,215.8686554735135,0.0,-48.77235969179827,0.0,-1.6834971709222328,-3.3669943418444657,-223.12338032644277,0.0,0.0,-1000.0,996.6330056581555,20.201966051066794,0.0,0.0,0.0,0.0,0.0,0.0,685.859972603668,383.46726882411576,-383.46726882411576,-383.46726882411576,95.01263703558088,0.0,0.0,-1000.0,0.0,0.0,647.4836195097208,0.0,0.0,-11.860798734870286,0.0,0.0,66.53202263262213,0.0,0.0,0.0,0.0,-16.93005470797158,0.13467977367417916,0.0,0.0,0.0,0.0,0.0,0.0,0.0,0.0,0.0,392.92031259241287,0.0,0.0,0.0,0.0,0.0,0.0,0.0,0.0,0.0,0.07407387552065359,0.07407387552065359,0.0,384.9247264121743,0.0,40.40393210213359,0.0,0.0,0.0,1000.0,0.0,0.0,0.0,0.0,0.0,451.5145167318455,-1000.0,0.0,0.0,0.0,0.0,0.0,66.53202263262213,0.0,0.0,0.0,0.0,0.0,0.0,0.0,181.42977160810506,-901.599362519459,809.1248801220889,0.0,5.185171286440465,0.0,50.351526280133704,78.19867142947417,0.0,0.0,451.5145167318455,0.0,1000.0,-565.415537976126,0.0,0.0,302.3927037795522,0.0,0.0,0.0,0.0,0.0,0.0,0.0,0.0,0.0,0.0,0.0,0.0,0.0,40.40393210213359,0.0,0.0,0.0,0.0,0.0,0.0,0.0,0.0,0.0,0.0,0.0,0.0,0.6733988683688932,0.0,0.0,0.0,0.0,0.0,0.0,0.0,0.0,20.201966051066794,0.0,0.0,0.0,0.0,0.0,0.0,0.0,0.0,0.0,0.0,1000.0,0.0,0.0,20.201966051066794,20.201966051066794,1000.0,-1000.0,0.0,66.53202263262213,0.0,0.0,0.0,0.0,0.0,1000.0,647.4836195097208,755.3322769476039,0.06733988683688931,0.0,0.0,0.0,88.93194055194618,0.0,0.0,-128.5501977096079,0.0,0.0,0.0,0.0,0.0,0.0,0.0,0.0,0.0,0.0,0.0,0.0,0.0,0.0,0.06733988683688931,0.0,0.0,0.0,0.0,0.0,0.0,0.0,0.0,0.0,-5.185171286440436,1000.0,-253.65675583842176,-252.2874205745145,-1000.0,-5.050491512766712,0.0,-3.3669943418444745,0.0,0.0,0.0,0.0,0.0,0.0,0.0,0.0,0.0,0.0,0.0,0.0,0.0,0.0,0.0,1000.0,0.0,0.0,0.0,-0.06733988683688931,0.0,0.0,0.06733988683688931,0.0,0.06733988683688931,0.0,0.0,0.0,40.40393210213359,82.15466194100495,82.15466194100495,0.0,0.0,0.0,0.0,0.0,0.0,0.0,809.1248801220889,0.0,647.4836195097208,0.0,0.0,0.0,693.458186900615,0.0,0.0,0.0,0.0,0.0,0.0,0.0,0.0,0.0,0.0,0.0,0.0,0.0,78.19867142947417,0.0,-69.69477025571217,69.69477025571217,0.10100983025533397,0.0,0.0,0.0,-20.201966051066794,0.0,0.0,0.0,0.0,0.0,-384.9247264121743,3.3669943418444657,0.0,0.0,0.0,0.0,0.0,0.0,-3.3669943418444745,0.0,0.0,0.0,0.0,0.0,0.0,0.0,0.0,0.0,0.0,672.6364807866692,82.53202263262213,0.0,860.656902754711,-15.48061440295875,0.0,0.0,1000.0,-1000.0,253.65675583842176,261.4168389998233,0.0,3.3669943418444745,1000.0,0.0,0.0,0.0,-11.860798734870286,828.1250000000025,-828.1250000000025,0.0,0.0,0.0,0.0,0.0,0.0,0.0,816.7912529440932,-311.5923046121517,82.15466194100495,0.0,0.0,0.0,0.0,0.0,0.0,0.0,0.0,0.0,0.0,0.0,0.0,88.48389633832267,-481.85225314435905,0.0,0.0,20.201966051066794,0.0,0.0,0.0,0.0,123.96015474175069,0.0,0.0,0.07407387552065359,0.0,0.0,0.0,41.07733097050248,0.0,0.0,0.0,0.0,812.3967914651842,0.0,213.5927237829926,0.0,0.0,0.0,0.0,0.0,0.0,-984.312779331934,0.0,0.006733988683688796,0.006733988683688796,0.0,0.0,0.0,0.0,0.0,0.0,0.0,0.0,0.0,0.0,0.0,0.0,0.0,0.0,0.0,384.9247264121743,0.0,0.0,0.0,0.0,0.0,0.0,0.0,142.89119971058437,0.0,0.0,0.0,0.0,1000.0,0.0,-347.1006456196614,0.0,0.0,0.0,40.40393210213358,0.0,0.0,0.0,0.0,0.0,959.5960678978664,-1000.0,0.0,0.0,0.0,0.0,0.0,0.0,0.0,0.0,0.0,0.0,0.0,0.0,-755.3322769476039,-1000.0,739.5860093838841,0.0,-20.201966051066794,0.0,999.730640452653,0.0,0.0,0.0,0.0,0.0,0.0,0.0,0.0,0.0,0.0,0.0,0.0,0.0,0.0,0.0,0.0,0.0,-8.417485854611186,0.0,-191.52935289305435,1000.0,0.0,0.0,0.0,0.0,0.0,-515.2251863253508,514.3834377398897,265.51755457329205,0.0,0.0,0.0,0.0,0.0,0.0,0.0,1000.0,20.201966051066794,20.201966051066794,0.0,0.0,0.0,0.0,0.0,0.07407387552065359,384.9247264121743,0.0,0.0,-999.730640452653,0.0,0.0,0.0,0.0,0.0,0.0,0.0,0.0,0.0,0.0,0.0,0.0,0.0,0.0,0.0,0.0,0.0,0.0,0.0,70.70688117873378,0.0,0.0,5.185171286440436,0.0,0.0,0.0,384.9247264121743,0.0,-2.1683443561477134,0.0,0.0,0.0,-8.417485854611186,0.0,0.0,0.0,0.0,0.0,0.0,0.0,0.0,0.0,0.0,0.0,0.0,0.0,0.0,0.0,0.0,0.0,0.0,-0.06733988683688931,0.0,0.0,3.3669943418444657,-451.5145167318455,0.0,0.0,0.0,0.0,0.0,0.0,0.0,0.0,-687.6602226439588,1.6834971709222328,0.0,0.0,69.69477025571217,0.06733988683688931,0.0,67.3398868368893,-20.875364919435686,13.467977367377863,0.4809991916920665,187.87828427492119,-0.050504915127666986,96.6064250319883,1.3467977367377864,-0.3366994341838563,-187.87828427492119,20.201966051066794,-0.06733988683688931,5.160204800986252,66.53202263262213,0.016834971709222327,0.4809991916920665,-15.480614402958755,-10.720509984432624,-1.3467977367377864,-90.69328053899511,-0.06733988683688931,0.016834971709222327,-187.87828427492119,6.733988683688931,0.06733988683688931,0.06733988683688931,-384.7833126498168,0.0740738755205781,0.0,-0.050504915127666986,20.201966051066794,0.06733988683688931,20.201966051066794,-33.66994341844466,-0.033669943418444655,-305.57240779096327,-85.0,-0.050504915127666986,-0.06733988683688931,-20.875364919435686,0.06733988683688931,6.733988683688931,-1.3467977367377864,78.19867142947417,78.19867142947417,-6.733988683688931,90.69328053899511,-78.19867142947417,13.467977367377863,0.10100983025533397,-1000.0,6.733988683688931,-181.42977160810506,66.53202263262213,-13.467977367377863,0.033669943418444655,0.6733988683688932,185.13315644441047,96.0,-0.06733988683688931,-400.07620095047434,384.7833126498168,20.875364919435686,0.06733988683688931,10.720509984432624,-14.275841571645259,66.53202263262213,-0.06733988683688931,-0.016834971709222327,-66.53202263262213,-0.06733988683688931,-230.52277849096419,0.06733988683754433,-0.016834971709222327,-0.016834971709222327,-0.016834971709222327,26.935954734755725,33.66994341844466,0.6733988683688932,319.15960237952766,-0.016834971709222327,365.1061080878347,3.3669943418444657,11.832021695830255,0.06733988683688931,0.033669943418444655,0.033669943418444655,40.0,20.875364919435686,0.06733988683688931,-20.875364919435686,0.6733988683688932,0.06733988683688931,-857.6979298180205,0.06733988683688931,0.2693595473469941,0.3366994341838563,0.033669943418444655,0.016834971709222327,20.201966051066794,-0.06733988683688931,0.0,0.6733988683688932,-638.3192047590553,94.92292786106606,-6.733988683688931,13.467977367377863,3.3669943418444657,-0.06733988683688931,15.480614402958755,0.10100983025533397,-0.06733988683688931,-80.0,20.875364919435686,66.39367117317211,0.033669943418444655,-23.66404339166051,-0.06733988683688931,-0.06733988683754433,-0.06733988683688931,0.033669943418444655,187.87828427492119,-13.467977367377863,0.06733988683688931,370.26631288882095,-0.016834971709222327,-0.0740738755205781,-370.26631288882095,10.100983025533395,85.0,824.7166587012376,187.87828427492119,-0.050504915127666986,400.07620095047434,-96.0,0.06733988683688931,-0.01683497170922233,3.3669943418444745,67.33988683688932,-0.033669943418444655,-0.06733988683688931,0.016834971709222327,0.0,0.0,145.88219673262347,538.5383274384928,-46.0,0.0,160.66725380006005,-31.0,0.0,-32.0,-93.0,-65.0,-854.0841333239581,16.0,23.0,46.5,0.0,15.5,-384.9247264121743,-190.3538259149228,854.0841333239581,65.0,-190.3538259149228,-160.66725380006005,84.1045533440082,0.0,1496.5981,hclb
366,0.0,0.0,0.0,0.0,0.0,0.0,0.0,0.0,-0.027435889623511782,0.0,0.0,0.0,0.0,0.0,0.0,0.0,-529.7195776323147,58.37082448378442,0.0,1000.0,0.0,0.0,0.0,1000.0,0.0,252.68233143646347,0.0,0.0,0.0,663.6436599578591,115.50065286925847,-115.50065286925847,220.65911313061287,0.0,0.0,0.0,0.0,668.1789286680327,0.0,-1000.0,913.1111903366522,0.0,0.0,764.9351722779338,0.0,0.0,306.0959235488964,199.32173833473357,101.14074539652152,-532.9659664628916,0.0,0.0,0.0,0.030179478585844244,0.0,0.0,0.0,92.38820664919258,0.0,0.0,-40.9164049692636,0.0,40.9164049692636,0.0,0.0,0.0,0.0,0.0,349.78213122941264,-349.78213122941264,0.0,0.27435889623511783,0.0,0.0,0.0,0.0,0.0,0.0,0.0,15.567607210975623,0.0,0.0,0.0,0.0,16.46153377410707,0.0,0.0,870.6783546470749,-871.7466854279198,1000.0,-0.0068589724058779455,0.0,0.0,82.2289751480253,8.230766887053536,0.0,86.88880966334787,0.0,0.0,0.0,0.0,1.371794481175589,663.6436599578591,0.0,0.0,-23.550025958989746,0.0,0.0,0.0,0.0,0.0,0.0,0.0,0.0,0.0,0.0,0.0,0.0,0.0,0.0,0.0,0.0,0.0,0.0,-523.4390641582429,0.0,0.0,86.88880966334787,0.0,8.505125783288653,0.0,0.0,-590.8267036225042,0.0,590.8267036225042,-590.8267036225042,-376.79443515745834,0.0,0.0,376.79443515745834,0.0,0.0,0.0,0.0,0.0,2.112563501010416,0.027435889623511782,0.0,0.0,0.0,0.0,0.0,0.0,0.0,0.0,0.0,23.241576942568056,0.0,0.0,0.0,0.0,0.0,552.5696785111317,552.5696785111317,0.0,0.0,0.0,0.0,98.02956184183012,0.0,0.0,668.0977672700136,0.0,0.0,0.0,0.0,0.0,0.0,0.0,0.0,0.0,0.0,0.0,0.0,0.0,0.0,0.0,0.0,0.0,0.0,0.0,-922.5031906725146,0.0,0.0,0.0,0.0,0.0,532.9659664628916,0.0,-128.25331457208017,128.25331457208017,0.0,0.0,0.0,0.0,0.0,0.0,0.0,0.0,-943.9166641276413,0.0,0.0,0.0,0.0,0.0,0.0,0.0,0.0,0.0,0.0,0.0,0.0,0.0,269.71052271398196,46.63239862569905,-235.06482772206618,0.0,0.0,0.0,0.0,82.2289751480253,0.0,0.0,0.0,0.0,-40.9164049692636,-1000.0,115.50065286925847,0.0,0.0,0.0,0.0,0.0,0.0,0.0,116.38408851513589,112.42070961024335,78.65804277629434,0.0,-182.8763549835366,-926.3697258393763,843.5657854715163,0.0,235.06482772206618,0.0,0.0,0.0,-707.2834330545597,0.0,0.0,0.0,244.46779401067977,0.0,0.0,-937.7341609795491,-801.2915341334133,198.70846586658678,-136.44262684613577,0.0,1000.0,-1000.0,0.0,-41.70159013189232,532.9659664628916,0.0,-5.682843098427426,0.0,0.0,0.0,154.766783053292,0.0,-154.766783053292,0.0,974.138819039663,0.0,0.0,0.0,0.0,0.0,0.0,-40.9164049692636,-0.04115383443526767,0.0,0.0,0.0,0.0,0.027435889623511782,0.0,0.0,0.0,637.0013173460056,-529.7195776323147,0.0,-409.9128460907881,-16.754415955023042,0.0,1000.0,0.0,600.8869771905329,0.0,-23.550025958989746,0.0,0.0,0.0,185.16501915021354,0.0,-786.0519963407464,-1000.0,-1000.0,0.0,0.0,0.0,0.0,0.0,0.0,0.0,0.0,0.0,0.0,0.0,0.0,0.0,0.0,0.0,0.0,0.0,-331.71132777347304,0.0,-1000.0,0.0,0.0,0.0,833.1117221830202,0.0,0.0,631.4876507007901,0.0,0.0,0.0,0.0,0.0,-349.78213122941264,0.0,582.0723444273143,-185.4695575250345,0.0,0.0,-1000.0,0.0,561.58232171589,0.0,-1000.0,1000.0,184.7836602844467,998.6282055188244,0.0,0.0,1000.0,-897.676109238921,-890.0233505095805,86.88880966334787,0.0,0.0,0.0,0.0,0.0,0.0,0.0,-269.71052271398196,269.71052271398196,269.71052271398196,-102.75262421599481,0.0,127.80997774570217,0.0,0.0,0.0,0.0,0.0,0.0,-81.8328099385272,0.0,0.0,0.0,0.0,0.0,0.0,0.0,-40.256411037648824,0.054871779247202976,0.0,0.0,0.0,0.0,0.0,0.0,0.0,0.0,0.0,0.0,0.0,0.0,0.0,0.0,0.0,0.0,0.0,0.0,0.0,0.030179478585844244,0.030179478585844244,115.50065286925847,360.2233447892796,0.0,16.46153377410707,0.0,0.0,0.0,-65.74114097329188,0.0,505.0428414610799,0.0,0.0,0.0,111.72391010730735,65.74114097329188,0.0,0.0,655.6216559945187,0.0,0.0,0.0,0.0,0.0,0.0,0.0,0.0,0.0,0.0,174.47968805274763,-637.0013173460056,0.0,0.0,2.112563501010416,0.0,0.0,82.2289751480253,0.0,0.0,111.72391010730735,0.0,0.0,71.46749906965853,0.0,0.0,269.71052271398196,0.0,0.0,0.0,0.0,0.0,0.0,0.0,0.0,0.0,0.0,0.0,0.0,0.0,16.46153377410707,0.0,0.0,0.0,0.0,0.0,0.0,0.0,0.0,0.0,0.0,0.0,0.0,0.27435889623511783,0.0,115.50065286925847,0.0,0.0,115.50065286925847,0.0,0.0,0.0,86.88880966334787,-655.6216559945187,0.0,0.0,0.0,0.0,0.0,0.0,0.0,0.0,0.0,710.9636394133381,-153.40861351206706,0.0,8.230766887053536,8.230766887053536,1000.0,65.74114097329188,0.0,0.0,0.0,0.0,0.0,0.0,0.0,-362.7245572345154,0.0,-73.88343616200962,0.027435889623511782,0.0,0.0,36.23301166065067,0.0,213.8154722502822,0.0,-82.2289751480253,0.0,0.0,0.0,0.0,0.0,0.0,0.0,0.0,0.0,0.0,0.0,0.0,0.0,0.0,0.027435889623511782,0.0,0.0,0.0,1000.0,-1000.0,0.0,0.0,0.0,0.0,0.0,963.1989784742632,0.0,0.0,-1000.0,-2.057691721763384,0.0,-1.371794481175588,0.0,703.125,703.125,-703.125,0.0,0.0,0.0,0.0,0.0,0.0,0.0,0.0,0.0,0.0,0.0,111.3484439715951,0.0,0.0,0.0,-0.027435889623511782,0.0,0.0,0.027435889623511782,0.0,0.027435889623511782,0.0,0.0,0.0,16.46153377410707,33.47178534068438,33.47178534068438,0.0,0.0,0.0,0.0,0.0,0.0,0.0,0.0,0.0,0.0,0.0,0.0,187.52724924679788,0.0,0.0,0.0,0.0,0.0,0.0,0.0,0.0,0.0,0.0,0.0,0.0,0.0,0.0,82.2289751480253,0.0,-260.323473242527,260.323473242527,0.04115383443526767,0.0,0.0,0.0,-86.88880966334787,0.0,0.0,0.0,0.0,0.0,-360.2233447892796,1.371794481175589,0.0,0.0,0.0,0.0,-98.02956184183012,0.0,-1.371794481175588,0.0,0.0,0.0,0.0,0.0,0.0,0.0,0.0,0.0,655.6216559945187,0.0,90.51282207529765,0.0,59.51282207529764,190.26544629129245,331.71132777347304,631.4876507007901,0.0,-963.1989784742632,0.0,-740.7552183952441,0.0,1.371794481175588,893.3676713892592,0.0,0.0,-115.50065286925847,-81.8328099385272,984.3749999999994,-984.3749999999994,-953.124999999902,953.124999999902,0.0,-634.483649847678,0.0,0.0,0.0,-4.115383443526753,0.0,33.47178534068438,0.0,-546.875,-546.875,662.3756528692585,0.0,0.0,0.0,0.0,0.0,116.38408851513589,0.0,0.0,366.3964199545698,-36.23301166065067,0.0,0.0,8.230766887053536,0.0,0.0,0.0,0.0,-70.66975298740391,0.0,0.0,0.030179478585844244,0.0,0.0,0.0,16.73589267034219,0.0,0.0,0.0,0.0,46.63239862569905,0.0,0.0,0.0,0.0,0.0,0.0,0.0,0.0,0.0,0.0,0.0027435889623511783,0.0027435889623511783,0.0,0.0,0.0,0.0,0.0,0.0,0.0,0.0,0.0,36.23301166065067,115.50065286925847,0.0,0.0,0.0,0.0,360.2233447892796,0.0,0.0,0.0,0.0,0.0,0.0,0.0,532.9659664628916,0.0,0.0,0.0,0.0,0.0,0.0,58.37082448378442,0.0,0.0,0.0,16.461533774107068,0.0,0.0,0.0,0.0,0.0,690.4830346138172,-706.9445683879243,0.0,0.0,0.0,0.0,0.0,0.0,0.0,0.0,0.0,115.50065286925847,115.50065286925847,0.0,73.88343616200962,-699.0808972766563,206.32083363890345,0.0,-86.88880966334787,0.0,668.1789286680327,0.0,0.0,0.0,0.0,0.0,0.0,0.0,0.0,0.0,0.0,0.0,0.0,0.0,0.0,0.0,0.0,0.0,-3.4294862029389606,0.0,-2.057691721763384,185.4695575250345,0.0,0.0,0.0,0.0,0.0,-0.3429486202938972,0.0,81.8328099385272,0.0,0.0,0.0,0.0,0.0,0.0,0.0,1000.0,8.230766887053536,8.230766887053536,0.0,0.0,0.0,0.0,15.567607210975623,0.030179478585844244,360.2233447892796,0.0,0.0,-668.1789286680327,0.0,0.0,0.0,0.0,0.0,0.0,0.0,0.0,0.0,0.0,0.0,0.0,0.0,0.0,3.8205709030317454,0.0,0.0,0.0,0.0,28.807684104687375,2.112563501010416,0.0,0.0,0.0,0.0,0.0,360.2233447892796,0.0,0.0,0.0,0.0,0.0,-3.4294862029389606,0.0,0.0,0.0,0.0,0.0,0.0,0.0,0.0,0.0,0.0,0.0,0.0,0.0,0.0,0.0,0.0,0.0,0.0,-0.027435889623511782,0.0,0.0,1.371794481175589,-111.72391010730735,0.0,0.0,0.0,0.0,0.0,0.0,0.0,0.0,-185.16501915021354,0.6858972405877946,0.0,0.0,252.68233143646347,0.027435889623511782,0.0,27.43588962351178,-8.505125783288653,5.487177924702357,0.1959706401679413,76.54613204959787,-0.020576917217633835,417.9276555726857,0.5487177924702357,-0.13717944811776306,-76.54613204959787,8.230766887053536,-0.027435889623511782,7.850008652996582,0.0,0.0068589724058779455,0.1959706401679413,-23.550025958989746,-4.367793628063399,114.95193507678825,-528.6512468514698,-0.027435889623511796,0.0068589724058779455,-76.54613204959787,2.743588962351178,0.027435889623511782,0.027435889623511782,-360.16572942107024,0.03017947858586296,0.0,-0.020576917217633835,8.230766887053536,0.027435889623511782,86.88880966334787,64.94009796453845,-0.013717944811755891,23.858474975411436,-85.0,-0.020576917217633835,-0.027435889623511782,-8.505125783288653,0.027435889623511782,2.743588962351178,-0.5487177924702357,82.2289751480253,82.2289751480253,-2.743588962351178,528.6512468514698,-82.2289751480253,5.487177924702356,0.04115383443526767,-45.89966854041268,2.743588962351178,-174.47968805274763,0.0,-5.487177924702356,0.013717944811755891,0.27435889623511783,102.47821152269702,96.0,-0.027435889623511782,-366.3964199545698,360.16572942107024,8.505125783288653,0.027435889623511782,4.367793628063399,-111.58111032450837,0.0,-0.027435889623511782,-0.0068589724058779455,0.0,-0.027435889623511782,-40.256411037648824,0.027435889623456833,-0.0068589724058779455,-0.0068589724058779455,-0.0068589724058779455,10.974355849404713,-64.94009796453845,0.27435889623511783,346.8843764832133,-0.0068589724058779455,197.10641439239745,1.371794481175589,21.5,0.027435889623511782,0.013717944811755891,0.013717944811755891,2.743588962351178,8.505125783288653,0.027435889623511782,-8.505125783288653,0.27435889623511783,0.027435889623511782,-1000.0,0.027435889623511782,0.10974355849425127,0.13717944811776306,0.013717944811755891,0.0068589724058779455,8.230766887053536,-0.027435889623511782,0.0,-57.47596753839412,-693.7687529664266,417.2417583320979,-2.743588962351178,5.487177924702356,1.371794481175589,-0.027435889623511782,23.550025958989746,0.04115383443526767,-0.027435889623511782,-5.487177924702351,8.505125783288653,241.5169289731364,0.013717944811755891,-43.0,-0.027435889623511782,-0.027435889623456833,-0.027435889623511782,0.013717944811755891,76.54613204959787,-5.487177924702356,0.027435889623511782,204.95642304539405,-0.0068589724058779455,-0.03017947858586296,-204.95642304539405,4.115383443526767,85.0,142.88160189616968,76.54613204959787,-0.020576917217633835,366.3964199545698,-96.0,0.027435889623511796,-0.006858972405877944,1.371794481175588,27.43588962351178,-0.013717944811755891,-0.027435889623511782,0.0068589724058779455,0.0,0.0,45.88595059560092,653.1156235167866,-46.0,0.0,243.469506221195,-31.0,0.0,-32.0,-93.0,-65.0,0.0,16.0,23.0,46.5,0.0,15.5,-360.2233447892796,-170.8471759857325,0.0,65.0,-170.8471759857325,-243.469506221195,176.1535137916761,0.0,1496.5981,hclb
367,0.0,0.0,0.0,0.0,0.0,0.0,0.0,0.0,240.1713533138202,0.0,0.0,0.0,0.0,0.0,0.0,0.0,-183.7281322921478,-178.35614012499013,0.0,1000.0,0.0,0.0,0.0,570.4235706141305,0.0,0.0,0.0,0.0,0.0,1000.0,101.5581723774875,-101.5581723774875,27.751778327042523,0.0,0.0,0.0,0.0,131.95306897920662,0.0,-1000.0,979.8064103178134,0.0,-969.9680665905155,-1000.0,0.0,0.0,519.1840307747399,0.0,-811.8694357846028,-374.47552176233273,0.0,0.0,0.0,0.02661107936019896,0.0,0.0,0.0,0.0,0.0,0.0,-35.983223267316504,0.0,938.9339249773734,902.9507017100569,1000.0,0.0,0.0,0.0,135.85108218576943,158.4619310859644,0.0,0.24191890327259316,0.0,0.0,0.0,0.0,0.0,0.0,0.0,1000.0,0.0,0.0,0.0,0.0,14.51513419635559,0.0,0.0,1000.0,-366.4867043403873,1000.0,999.9939520274182,0.0,0.0,1000.0,7.257567098177795,0.0,95.35521161673476,-102.33715124602486,0.0,0.0,0.0,999.3952027418185,279.7978790753782,0.0,0.0,-2.713580896724835,0.0,1000.0,0.0,0.0,0.0,0.0,0.0,0.0,0.0,0.0,0.0,0.0,0.0,0.0,0.0,0.0,0.0,0.0,-413.600826119356,0.0,0.0,95.35521161673476,0.0,7.499486001450388,0.0,0.0,-772.4117143636768,772.4117143636768,0.0,0.0,0.0,0.0,0.0,0.0,0.0,0.0,0.0,0.0,0.0,1.862775555198966,0.024191890327259314,1000.0,0.0,0.0,-376.91948511180607,376.91948511180607,0.0,0.0,0.0,0.0,199.429268774414,0.0,0.0,0.0,0.0,0.0,379.2819887380998,379.2819887380998,0.0,0.0,0.0,0.0,813.2668418338943,0.0,0.0,480.86435300591455,0.0,0.0,0.0,-286.6364670787519,0.0,0.0,0.0,0.0,0.0,0.0,0.0,0.0,0.0,0.0,0.0,0.0,0.0,0.0,0.0,-1000.0,0.0,0.0,0.0,0.0,0.0,374.47552176233273,969.9680665905155,-633.5132956596127,633.5132956596127,0.0,0.0,0.0,0.0,0.0,0.0,0.0,720.2021209246218,-559.4161546510704,0.0,0.0,0.0,0.0,0.0,0.0,0.0,0.0,0.0,0.0,0.0,0.0,0.0,412.3036603088243,54.774400649460695,-974.3704985137649,0.0,0.0,0.0,0.0,82.55661907694682,0.0,0.0,0.0,0.0,-35.983223267316504,25.629501486235085,101.5581723774875,0.0,0.0,0.0,0.0,0.0,0.0,0.0,0.0,4.838378065451863,88.09764451855696,0.0,208.92668665831593,-494.01478861297414,524.5853351463,0.0,974.3704985137649,0.0,0.0,0.0,-628.4812750054449,0.0,0.0,0.0,-192.2278009908748,0.0,0.0,-947.2697953946395,539.8912709268013,-460.10872907319873,-487.16106632144096,-1000.0,0.0,-1000.0,0.0,0.0,374.47552176233273,0.0,-15.061245063893324,0.0,0.0,0.0,-874.0257748583022,0.0,874.0257748583022,0.0,1000.0,0.0,0.0,-666.3062746369541,0.0,0.0,0.0,-35.983223267316504,-0.03628783549088897,0.0,0.0,0.0,0.0,0.024191890327259314,0.0,0.0,0.0,822.0881693063184,-183.7281322921478,0.0,-392.65737638546443,178.174254810042,0.0,1000.0,0.0,1000.0,0.0,-2.713580896724835,0.0,0.0,0.0,589.3886788307556,-589.3886788307556,-1000.0,1000.0,-618.1731182517176,0.0,0.0,0.0,0.0,0.0,0.0,0.0,0.0,0.0,0.0,0.0,0.0,0.0,0.0,0.0,0.0,0.0,1000.0,0.0,867.9501634594839,0.0,0.0,0.0,999.3952027418185,754.2545019573926,620.765316315407,99.69539682228853,0.0,0.0,0.0,0.0,998.1856082254556,0.0,-296.8749999999985,-1000.0,0.0,453.53759664498614,646.2298860944128,-1.2095945163629658,375.9540190864126,0.0,296.8749999999985,-146.17134425822,-947.8775694547957,-0.6047972581814829,0.0,0.0,0.0,0.0,1000.0,998.7904054836371,95.35521161673476,0.0,0.0,0.0,0.0,0.0,240.19554520414746,0.0,-412.3036603088243,412.3036603088243,412.3036603088243,90.87520283127297,0.0,0.0,0.0,0.0,0.0,720.2021209246218,0.0,0.0,-71.96644653463301,0.0,0.0,75.16162193454814,0.0,0.0,0.0,0.0,-40.58081096727407,0.04838378065449181,0.0,0.0,0.0,0.0,0.0,0.0,0.0,0.0,0.0,294.31301327173384,0.0,0.0,0.0,0.0,0.0,0.0,0.0,0.0,0.0,0.02661107936019896,0.02661107936019896,101.5581723774875,503.4652822433724,0.0,14.51513419635559,0.0,0.0,0.0,-1000.0,0.0,346.2549447497381,0.0,0.0,0.0,184.2373805869533,1000.0,0.0,0.0,0.0,0.0,0.0,75.16162193454814,0.0,0.0,0.0,0.0,0.0,0.0,0.0,137.86694203978533,-822.0881693063184,0.0,146.17134425822,1.862775555198966,0.0,917.4433809230532,82.55661907694682,0.0,0.0,184.2373805869533,0.0,143.65656961967923,0.0,0.0,0.0,412.3036603088243,0.0,0.0,0.0,0.0,0.0,0.0,0.0,0.0,0.0,0.0,0.0,0.0,0.0,14.51513419635559,0.0,0.0,0.0,0.0,0.0,0.0,0.0,0.0,0.0,0.0,0.0,0.0,0.24191890327259316,0.0,101.5581723774875,0.0,0.0,101.5581723774875,969.9680665905155,0.0,0.0,95.35521161673476,0.0,0.0,0.0,0.0,146.17134425822,0.0,0.0,0.0,0.0,0.0,-355.8592049918629,1000.0,0.0,7.257567098177795,7.257567098177795,616.5537902947111,1000.0,0.0,75.16162193454814,0.0,0.0,0.0,0.0,0.0,-464.97671870939416,720.2021209246218,-618.1731182517176,0.024191890327259314,0.0,0.0,0.0,31.948847161478394,0.0,0.0,-1000.0,0.0,0.0,0.0,0.0,0.0,0.0,0.0,0.0,0.0,0.0,0.0,0.0,0.0,0.0,0.024191890327259314,0.0,0.0,0.0,1000.0,-1000.0,0.0,0.0,0.0,0.0,0.0,99.69539682228853,0.0,0.0,-132.04983654051614,-1.814391774544447,-1.2095945163629658,0.0,0.0,0.0,0.0,0.0,0.0,0.0,0.0,0.0,0.0,0.0,0.0,0.0,0.0,0.0,0.0,1000.0,0.0,0.0,0.0,240.1713533138202,0.0,0.0,0.024191890327259314,0.0,0.024191890327259314,0.0,0.0,0.0,14.51513419635559,29.514106199256364,29.514106199256364,0.0,0.0,0.0,0.0,0.0,0.0,0.0,0.0,0.0,720.2021209246218,0.0,0.0,591.4716005879328,0.0,0.0,0.0,0.0,0.0,0.0,0.0,0.0,0.0,0.0,0.0,0.0,0.0,0.0,82.55661907694682,0.0,0.0,0.0,0.03628783549088897,0.0,0.0,0.0,-95.35521161673476,0.0,0.0,0.0,0.0,0.0,-503.4652822433724,1.2095945163629658,0.0,0.0,0.0,0.0,-813.2668418338943,-99.69539682228853,0.0,0.0,0.0,0.0,0.0,0.0,0.0,0.0,0.0,0.0,0.0,0.0,91.16162193454814,0.0,60.16162193454814,-2.713580896724835,0.0,0.0,0.0,0.0,0.0,-657.9953812047013,0.0,1.2095945163629658,1000.0,0.0,0.0,-101.5581723774875,-71.96644653463301,0.0,0.0,-921.8749999998361,921.8749999998361,0.0,0.0,0.0,0.0,0.0,-3.628783549088894,0.0,29.514106199256364,0.0,0.0,0.0,101.5581723774875,0.0,0.0,0.0,0.0,0.0,0.0,0.0,0.0,508.90845756700577,-326.26186043321223,-333.725952894493,-969.9680665905155,7.257567098177795,0.0,0.0,0.0,0.0,-101.01244157399742,0.0,0.0,0.02661107936019896,0.0,0.0,0.0,14.757053099628182,0.0,0.0,0.0,0.0,54.774400649460695,0.0,0.0,0.0,0.0,0.0,0.0,0.0,0.0,34.107744120450825,0.0,1000.0,0.0024191890327259317,0.0,0.0,0.0,0.0,0.0,0.0,0.0,0.0,0.0,0.0,101.5581723774875,0.0,0.0,0.0,0.0,503.4652822433724,0.0,0.0,0.0,0.0,0.0,0.0,0.0,374.47552176233273,0.0,0.0,0.0,0.0,790.6423662216171,0.0,-178.35614012499013,0.0,0.0,0.0,14.515134196355588,0.0,0.0,0.0,0.0,0.0,-179.71853043367827,165.2033962373227,0.0,0.0,0.0,0.0,0.0,0.0,0.0,0.0,0.0,101.5581723774875,101.5581723774875,0.0,1000.0,814.821160365984,608.0430454621054,-95.35521161673476,0.0,0.0,131.95306897920662,0.0,0.0,0.0,0.0,0.0,0.0,0.0,0.0,0.0,804.6875,0.0,-804.6875,-804.6875,0.0,0.0,0.0,0.0,-3.023986290907414,0.0,-1000.0,589.6572088133884,0.0,0.0,0.0,0.0,0.0,-0.30239862909074144,0.0,71.96644653463301,0.0,0.0,0.0,0.0,0.0,0.0,0.0,1000.0,7.257567098177795,7.257567098177795,0.0,0.0,0.0,0.0,1000.0,0.02661107936019896,503.4652822433724,0.0,0.0,-131.95306897920662,999.9975808109673,0.0,0.0,0.0,0.0,0.0,0.0,0.0,0.0,0.0,0.0,0.0,0.0,0.0,0.0,0.0,0.0,0.0,0.0,25.40148484362228,0.0,0.0,1.862775555198966,0.0,0.0,0.0,503.4652822433724,0.0,-3.851348940099297,0.0,0.0,0.0,-3.023986290907414,0.0,0.0,0.0,0.0,0.0,0.0,0.0,0.0,0.0,0.0,0.0,0.0,0.0,0.0,0.0,0.0,0.0,0.0,-0.024191890327259314,0.0,0.0,1.2095945163629658,-184.2373805869533,0.0,0.0,0.0,0.0,0.0,0.0,0.0,0.0,-589.3886788307556,0.6047972581814829,0.0,0.0,0.0,0.024191890327259314,0.0,24.191890327259312,-7.499486001450388,4.838378065451863,0.17279921662328082,67.49537401305349,-0.018143917745444486,1000.0,0.4838378065451863,-0.12095945163679289,-67.49537401305349,7.257567098177795,-0.024191890327259317,0.904526965574945,75.16162193454814,0.006047972581814829,0.17279921662328082,-2.713580896724835,-3.851348940099297,101.07433457094231,-637.915727582862,-0.024191890327259317,0.006047972581814829,-67.49537401305349,2.4191890327259316,0.024191890327259317,0.024191890327259314,-503.41447927368495,0.02661107936000917,-62.90542750086692,-0.018143917745444486,7.257567098177795,0.024191890327259317,95.35521161673476,76.0016993549273,-0.012095945163629659,-131.0966794800974,-85.0,-0.018143917745444486,-0.024191890327259317,-7.499486001450388,0.024191890327259314,2.4191890327259316,-0.4838378065451863,82.55661907694682,82.55661907694682,-2.4191890327259316,637.915727582862,-82.55661907694682,4.838378065451863,0.03628783549088897,606.8082424579554,2.4191890327259316,-137.86694203978533,75.16162193454814,-4.838378065451863,0.012095945163629659,0.24191890327259316,98.16434409636611,96.0,-0.024191890327259314,-508.90845756700577,503.41447927368495,7.499486001450388,0.024191890327259317,3.851348940099297,-41.96629097672004,75.16162193454814,-0.024191890327259314,-0.006047972581814829,-75.16162193454814,-0.024191890327259317,-40.58081096727407,0.024191890327415422,-0.006047972581814829,-0.006047972581814829,-0.006047972581814829,9.676756130903726,-76.0016993549273,0.24191890327259316,321.577613353229,-0.006047972581814829,195.42416122715727,1.2095945163629658,21.5,0.024191890327259314,0.012095945163629659,0.012095945163629659,40.0,7.499486001450388,0.024191890327259314,-7.499486001450388,0.24191890327259316,0.024191890327259317,-928.8865065672744,0.024191890327259317,0.09676756130951958,0.12095945163679289,0.012095945163629659,0.006047972581814829,7.257567098177795,-0.024191890327259317,62.90542750086692,-50.537167285471156,-643.155226706458,999.3952027418185,-2.4191890327259316,4.838378065451863,1.2095945163629658,-0.024191890327259317,2.713580896724835,0.03628783549088897,-0.024191890327259317,-80.0,7.499486001450388,857.7714353430056,0.012095945163629659,-43.0,-0.024191890327259317,-0.024191890327415422,-0.024191890327259317,0.012095945163629659,67.49537401305349,-4.838378065451863,0.024191890327259314,196.32868819273222,-0.006047972581814829,-0.02661107936000917,-196.32868819273222,3.6287835490888964,85.0,-688.0340790517797,67.49537401305349,-0.018143917745444486,508.90845756700577,-96.0,0.024191890327259317,-0.006047972581814828,1.2095945163629658,24.191890327259312,-0.012095945163629659,-0.024191890327259317,0.006047972581814829,1000.0,0.0,-606.8203384031191,607.3088932140454,-46.0,0.0,589.2938984698974,-31.0,0.0,-32.0,-93.0,-65.0,0.0,16.0,23.0,46.5,0.0,15.5,-503.4652822433724,-756.7589937690082,0.0,65.0,-756.7589937690082,-589.2938984698974,314.42050020694575,0.0,1496.5981,hclb
368,0.0,0.0,0.0,0.0,0.0,0.0,0.0,0.0,-0.010141454353628919,0.0,0.0,0.0,0.0,0.0,0.0,0.0,717.0749994414052,274.1072031393808,0.0,-802.5438263700886,0.0,0.0,0.0,0.0,0.0,0.0,0.0,0.0,0.0,0.0,82.87738388734786,-82.87738388734786,0.0,0.0,0.0,0.0,0.0,110.5748447938962,0.0,-1000.0,1000.0,0.0,0.0,-814.1238319874439,0.0,0.0,427.3472662564841,0.0,-902.9511674539614,-1000.0,0.0,0.0,0.0,0.011155599789001842,0.0,0.0,0.0,2.028290870725784,0.0,0.0,-28.518918709192256,0.0,-971.4810812908078,-1000.0,0.0,0.0,0.0,0.0,0.0,0.0,0.0,0.10141454353628922,0.0,0.0,0.0,0.0,0.0,0.0,0.0,0.0,0.0,0.0,0.0,0.0,6.084872612177352,0.0,0.0,897.030509805014,67.3765886621585,-292.8893734414679,-0.00253536358840723,0.0,0.0,-381.3803653369483,3.042436306088676,0.0,3.042436306088676,-83.20393871753484,0.0,0.0,0.0,0.507072717681446,-1000.0,0.0,0.0,-20.992927282318554,0.0,102.30881721166266,0.0,0.0,0.0,0.0,0.0,0.0,0.0,0.0,0.0,0.0,0.0,0.0,0.0,0.0,0.0,0.0,-292.44822080399325,0.0,0.0,3.042436306088676,0.0,3.1438508496249655,0.0,0.0,993.9318234183518,-603.3068234183515,-390.6250000000003,390.6250000000003,0.0,1000.0,-1000.0,0.0,0.0,0.0,0.0,0.0,0.0,0.7808919852294264,0.010141454353628919,0.0,0.0,0.0,-180.63062734545142,27.072010586787314,0.0,0.0,0.0,0.0,32.946248539660814,0.0,0.0,0.0,0.0,0.0,489.7854913105216,489.7854913105216,0.0,0.0,0.0,640.6249999999999,0.0,0.0,0.0,572.6730166522232,0.0,0.0,0.0,-335.7642103006667,0.0,0.0,0.0,0.0,0.0,0.0,0.0,0.0,0.0,0.0,-1.5212181530442876,0.0,0.0,0.0,0.0,-1000.0,0.0,0.0,0.0,0.0,0.0,1000.0,0.0,932.6234113378415,-932.6234113378415,0.0,0.0,0.0,0.0,0.0,0.0,0.0,1000.0,-784.7373559062653,0.0,0.0,0.0,0.0,0.0,0.0,0.0,0.0,0.0,0.0,0.0,0.0,0.0,720.4466801222796,114.61519850011567,185.87616801255615,0.0,0.0,0.0,0.0,83.97571311028348,0.0,0.0,0.0,0.0,-28.518918709192256,1000.0,82.87738388734786,0.0,39.41577649081408,0.0,0.0,0.0,0.0,0.0,0.0,0.0,0.0,0.0,424.1704138184067,-441.0764088572763,926.7027536888942,0.0,-185.87616801255615,0.0,0.0,0.0,684.5243138985109,0.0,0.0,0.0,-14.834986889164568,0.0,0.0,-1000.0,0.0,0.0,-153.82908738349647,-846.1709126165035,846.1709126165035,1000.0,0.0,410.10744575608123,1000.0,0.0,-55.681055463658794,0.0,0.0,0.0,0.0,0.0,0.0,0.0,1000.0,0.0,0.0,-340.37420474135206,640.6249999999999,0.0,0.0,-28.518918709192256,-0.01521218153044338,0.0,0.0,0.0,0.0,0.010141454353628919,0.0,0.0,0.0,912.9818505836279,717.0749994414052,0.0,-473.6476878849956,230.91450927799931,0.0,1000.0,0.0,-602.7799218461432,0.0,-20.992927282318554,0.0,0.0,0.0,565.1573915782558,0.0,37.62253026788745,-104.6298835452161,-1000.0,0.0,0.0,0.0,0.0,0.0,0.0,0.0,0.0,0.0,0.0,0.0,0.0,0.0,0.0,0.0,0.0,39.41577649081408,-889.3845893886893,0.0,-1000.0,0.0,0.0,0.0,0.0,0.0,0.0,82.09649190211843,0.0,0.0,0.0,0.0,0.0,0.0,0.0,0.0,-1000.0,0.0,0.0,-121.41932176953847,382.6914306468481,-1000.0,0.0,-0.507072717681446,-796.9695897037088,999.7464636411593,120.91224905185702,-29.06540817750049,0.0,1000.0,451.2031943584235,-6.591945329858799,3.042436306088676,0.0,0.0,0.0,0.0,0.0,0.0,720.4466801222796,0.0,0.0,0.0,111.96463641159278,0.0,0.0,0.0,0.0,0.0,1000.0,0.0,0.0,-57.03783741838451,0.0,0.0,3.042436306088676,0.0,0.0,0.0,0.0,-41.98585456463711,0.020282908707246597,0.0,0.0,0.0,0.0,0.0,0.0,0.0,0.0,0.0,0.0,0.0,0.0,0.0,0.0,0.0,0.0,0.0,0.0,0.0,0.011155599789001842,0.011155599789001842,82.87738388734786,814.4183892515539,0.0,6.084872612177352,0.0,0.0,0.0,1000.0,0.0,0.0,0.0,0.0,0.0,59.72502959551551,-1000.0,0.0,0.0,0.0,0.0,0.0,3.042436306088676,0.0,0.0,0.0,0.0,0.0,0.0,0.0,97.48274026799776,-912.9818505836279,153.5586167586641,0.0,0.7808919852294264,0.0,-381.3803653369483,0.0,-83.97571311028348,0.0,59.72502959551551,0.0,17.7391750308784,0.0,0.0,0.0,720.4466801222796,0.0,0.0,0.0,0.0,0.0,0.0,0.0,0.0,0.0,0.0,0.0,0.0,0.0,6.084872612177352,0.0,0.0,0.0,0.0,0.0,0.0,0.0,0.0,0.0,0.0,0.0,0.0,0.10141454353628922,0.0,82.87738388734786,0.0,0.0,82.87738388734786,0.0,0.0,0.0,3.042436306088676,0.0,0.0,0.0,0.0,0.0,0.0,0.0,0.0,0.0,0.0,1000.0,0.0,0.0,3.042436306088676,3.042436306088676,1000.0,-1000.0,0.0,3.042436306088676,0.0,0.0,0.0,0.0,0.0,104.6298835452161,1000.0,119.59163861380104,0.010141454353628919,0.0,0.0,0.0,13.393239253160367,0.0,0.0,381.3803653369483,0.0,0.0,0.0,0.0,0.0,0.0,0.0,0.0,0.0,0.0,0.0,0.0,0.0,0.0,0.010141454353628919,0.0,0.0,0.0,-921.9913233710446,921.9913233710446,0.0,0.0,0.0,0.0,0.0,82.09649190211843,0.0,0.0,-110.6154106113107,-0.760609076522169,0.0,-0.5070727176814465,0.0,0.0,0.0,0.0,0.0,0.0,0.0,0.0,0.0,0.0,0.0,0.0,0.0,0.0,0.0,993.9151273878226,0.0,0.0,0.0,-0.010141454353628919,0.0,0.0,0.010141454353628919,0.0,0.010141454353628919,0.0,0.0,0.0,6.084872612177352,12.372574311427284,12.372574311427284,0.0,0.0,0.0,0.0,0.0,0.0,0.0,153.5586167586641,0.0,1000.0,0.0,0.0,0.0,566.0305707981032,0.0,0.0,0.0,0.0,0.0,0.0,0.0,0.0,0.0,0.0,0.0,0.0,0.0,83.97571311028348,0.0,0.0,0.0,0.01521218153044338,0.0,0.0,0.0,-3.042436306088676,0.0,0.0,0.0,0.0,0.0,-814.4183892515539,0.507072717681446,0.0,0.0,0.0,-640.625,0.0,-82.09649190211843,-0.5070727176814465,0.0,0.0,0.0,0.0,0.0,0.0,0.0,0.0,0.0,0.0,1000.0,93.97170912927422,0.0,216.53032588793832,-20.992927282318554,0.0,0.0,0.0,0.0,0.0,672.1517395870836,0.0,0.5070727176814465,1000.0,0.0,0.0,-82.87738388734786,-57.03783741838451,0.0,0.0,0.0,0.0,0.0,0.0,0.0,0.0,0.0,0.0,0.0,12.372574311427284,0.0,0.0,0.0,82.87738388734786,0.0,0.0,0.0,0.0,0.0,0.0,0.0,0.0,816.7002164811204,-13.393239253160367,115.15198344776616,0.0,3.042436306088676,0.0,0.0,0.0,0.0,-27.22986278569269,0.0,0.0,0.011155599789001842,0.0,0.0,0.0,6.186287155713642,0.0,0.0,0.0,0.0,114.61519850011567,0.0,0.0,0.0,0.0,0.0,0.0,0.0,0.0,-995.8759305015049,0.0,0.0010141454353628922,0.0010141454353628922,0.0,0.0,0.0,0.0,0.0,0.0,0.0,0.0,0.0,0.0,82.87738388734786,0.0,0.0,0.0,0.0,814.4183892515539,0.0,0.0,0.0,0.0,0.0,0.0,0.0,1000.0,0.0,0.0,0.0,0.0,-861.2375491851583,1000.0,274.1072031393808,0.0,0.0,0.0,6.084872612177352,0.0,0.0,0.0,0.0,0.0,-6.084872612177352,0.0,0.0,0.0,0.0,0.0,0.0,0.0,0.0,0.0,0.0,82.87738388734786,82.87738388734786,0.0,-119.59163861380104,-1000.0,572.977467030339,0.0,-3.042436306088676,0.0,110.5748447938962,0.0,0.0,0.0,0.0,0.0,0.0,0.0,0.0,0.0,0.0,0.0,0.0,0.0,0.0,0.0,0.0,0.0,-1.2676817942036154,0.0,-0.760609076522169,565.269961721581,0.0,0.0,0.0,0.0,0.0,-0.1267681794203615,0.0,57.03783741838451,0.0,0.0,0.0,0.0,0.0,0.0,0.0,1000.0,3.042436306088676,3.042436306088676,0.0,0.0,0.0,0.0,0.0,0.011155599789001842,814.4183892515539,0.0,0.0,-110.5748447938962,0.0,0.0,0.0,0.0,0.0,0.0,0.0,0.0,0.0,0.0,0.0,0.0,0.0,0.0,0.0,0.0,0.0,0.0,0.0,10.648527071310369,0.7808919852294264,0.0,0.0,0.0,0.0,0.0,814.4183892515539,0.0,-1.1074468154164094,0.0,0.0,0.0,-1.2676817942036154,0.0,0.0,0.0,0.0,0.0,0.0,0.0,0.0,0.0,0.0,0.0,0.0,0.0,0.0,0.0,0.0,0.0,0.0,-0.010141454353628919,0.0,0.0,0.507072717681446,-59.72502959551551,0.0,0.0,0.0,0.0,0.0,0.0,0.0,0.0,-565.1573915782558,0.253536358840723,0.0,0.0,0.0,0.010141454353628919,0.0,10.14145435362892,-3.1438508496249655,2.028290870725784,0.072438959668778,28.29465764662469,-0.00760609076522169,0.507072717681446,0.2028290870725784,-0.050707271768117866,-28.29465764662469,3.042436306088676,-0.01014145435362892,6.997642427439518,3.042436306088676,0.00253536358840723,0.072438959668778,-20.992927282318554,-1.614519533097856,82.67455480027529,-188.6383762106974,-0.01014145435362892,0.00253536358840723,-28.29465764662469,334.88683651709675,0.01014145435362892,0.010141454353628919,-814.3970921974112,0.011155599788991813,0.0,-0.00760609076522169,3.042436306088676,0.01014145435362892,3.042436306088676,-5.07072717681446,-0.00507072717681446,9.039606024976294,-85.0,-0.00760609076522169,-0.01014145435362892,-3.1438508496249655,0.010141454353628919,1.014145435362892,-0.2028290870725784,83.97571311028348,83.97571311028348,-1.0141454353628774,188.6383762106974,-83.97571311028348,2.028290870725784,0.01521218153044338,-24.900471067688954,1.014145435362892,-97.48274026799776,3.042436306088676,-2.028290870725784,0.00507072717681446,0.10141454353628922,118.4119219712489,96.0,-0.010141454353628919,-816.7002164811204,814.3970921974112,3.1438508496249655,0.01014145435362892,1.614519533097856,-343.0,3.042436306088676,-0.010141454353628919,-0.00253536358840723,-3.042436306088676,-0.010141454353628919,-41.98585456463711,0.01014145435362892,-0.00253536358840723,-0.00253536358840723,-0.00253536358840723,4.056581741451568,5.07072717681446,0.10141454353628922,7.513549994244805,-0.00253536358840723,229.82620151505827,0.507072717681446,21.5,0.010141454353628919,0.00507072717681446,0.0050707271768144595,2.53536358840723,3.1438508496249655,0.010141454353628919,-3.1438508496249655,0.10141454353628922,0.01014145435362892,-7.513549994244805,0.01014145435362892,0.04056581741456465,0.050707271768117866,0.00507072717681446,0.00253536358840723,3.042436306088676,-0.01014145435362892,0.0,-41.337277400137644,-15.02709998848961,0.253536358840723,-1.014145435362892,2.028290870725784,0.507072717681446,-0.01014145435362892,20.992927282318554,0.01521218153044338,-0.01014145435362892,-5.07072717681446,3.1438508496249655,67.04464128889747,0.00507072717681446,-43.0,-0.01014145435362892,-0.01014145435362892,-0.010141454353628922,0.00507072717681446,28.29465764662469,-2.028290870725784,0.010141454353628919,236.8238439424978,-0.00253536358840723,-0.011155599788991813,-236.8238439424978,1.5212181530443378,85.0,-561.298428540989,28.29465764662469,-0.00760609076522169,816.7002164811204,-96.0,0.01014145435362892,-0.0025353635884072297,0.5070727176814465,10.14145435362892,-0.00507072717681446,-0.01014145435362892,0.00253536358840723,1000.0,0.0,-682.2152262180199,0.0,-46.0,0.0,881.3282197584327,-21.217053423533763,333.8726910817339,95.5420206964522,-93.0,-65.0,-707.1106265585321,-47.7710103482261,23.0,46.5,-333.8726910817339,10.608526711766881,-814.4183892515539,-39.81477850320478,707.1106265585321,65.0,-39.81477850320478,-881.3282197584327,611.657037161535,0.0,1496.5981,hclb
369,0.0,0.0,0.0,0.0,0.0,0.0,0.0,0.0,-0.012545845044294276,0.0,0.0,0.0,0.0,0.0,0.0,0.0,299.0195829932676,-79.982876546958,0.0,0.0,0.0,0.0,0.0,22.492835246452465,0.0,0.0,0.0,0.0,0.0,564.2210740410295,0.0,0.0,30.722736824521107,0.0,0.0,0.0,0.0,-934.8537908100493,0.0,-1000.0,358.7865865748721,0.0,0.0,98.83100537045505,0.0,0.0,0.0,0.0,16.8049368910593,0.0,0.0,0.0,0.0,0.013800429548713829,0.0,0.0,0.0,2.509169008858856,0.0,0.0,0.11379280437769168,0.0,0.0,-3.5421978694580503,19.0016567931206,0.0,0.0,0.0,837.8838887618673,-837.8838887618673,0.0,0.1254584504429428,0.0,0.0,0.0,0.0,0.0,0.0,0.0,0.0,0.0,0.0,0.0,0.0,7.5275070265765684,0.0,0.0,250.62567627425898,0.0,267.4306131653183,-0.0031364612610735696,0.0,0.0,0.0,3.7637535132882842,0.0,3.7637535132882842,0.0,0.0,0.0,0.0,0.627292252214714,564.2210740410295,0.0,0.0,0.0,0.0,0.0,0.0,0.0,0.0,0.0,0.0,0.0,0.0,0.0,0.0,0.0,0.0,0.0,0.0,0.0,0.0,0.0,-361.6838423544408,0.0,0.0,3.7637535132882842,0.0,3.8892119637312264,3.8892119637312264,0.0,-27.428502114806225,449.3035021148066,-421.87500000000034,421.87500000000034,-3.655990673835742,0.0,0.0,0.0,0.0,0.0,0.0,0.0,0.0,0.9660300684106589,0.012545845044294276,0.0,0.0,0.0,0.0,0.0,0.0,0.0,931.4379315900132,0.0,-102.7763770671624,0.0,0.0,0.0,0.0,0.0,827.0085303580814,827.0085303580814,0.0,0.0,0.0,0.0,0.0,0.0,0.0,827.0210762031257,0.0,0.0,0.0,39.523892408143766,-993.5139041128507,0.0,0.0,0.0,0.0,0.0,0.0,0.0,0.0,0.0,0.0,0.0,0.0,0.0,0.0,-115.2650065767747,0.0,0.0,0.0,0.0,0.0,0.0,0.0,-267.4306131653183,267.4306131653183,3.655990673835742,0.0,0.0,0.0,0.0,0.0,0.0,0.0,-939.0773996393956,0.0,0.0,0.0,0.0,0.0,0.0,0.0,0.0,0.0,0.0,0.0,0.0,0.0,0.0,2.9824195490921523,-880.0455939253565,0.0,0.0,0.0,0.0,-3.655990673835742,0.0,0.0,0.0,0.0,0.11379280437769168,-978.8765992958115,0.0,0.0,0.0,0.0,0.0,0.0,0.0,0.0,0.4039762104263218,0.0,0.0,0.0,149.75101798913283,417.1816311544511,0.0,0.0,880.0455939253565,0.0,0.0,3.655990673835742,0.0,0.0,0.0,0.0,-2.4830756409931216,0.0,0.0,-554.0221979097461,-554.022197909746,0.0,0.0,0.0,554.022197909746,-267.4306131653183,0.0,-614.8441028775945,0.0,0.0,42.78133160104349,0.0,0.0,0.0,0.0,0.0,0.0,0.0,826.9959845130371,0.0,0.0,-939.0773996393956,0.0,0.0,0.0,0.11379280437769168,-0.018818767566441418,0.0,0.0,0.0,0.0,0.012545845044294276,0.0,0.0,0.0,111.0972768530601,299.0195829932676,0.0,-111.80931432796004,-753.7614291536725,993.5139041128507,362.5503400881604,0.0,-918.9711423410641,0.0,0.0,0.0,0.0,0.0,-1.0801972583137274,162.1161112381327,757.9352283612448,-1000.0,-1000.0,0.0,0.0,0.0,0.0,0.0,0.0,0.0,0.0,0.0,0.0,0.0,0.0,0.0,0.0,0.0,0.0,0.0,-1000.0,0.0,-65.19639257012774,0.0,0.0,0.0,0.0,0.0,0.0,-1.3700062788369678,0.0,0.0,0.0,0.0,0.0,-1000.0,0.0,-0.627292252214714,-825.521510786306,0.0,0.0,0.0,0.0,-774.828208713387,0.0,0.0,1000.0,825.2078646601987,-0.627292252214714,793.7450967270306,0.0,-967.2826475624026,0.0,951.8158669359399,3.7637535132882842,-31.250000000152685,31.250000000152685,0.0,936.2213762820516,0.0,0.0,0.0,0.0,0.0,0.0,-845.7305452909104,0.0,0.0,0.0,0.0,0.0,0.0,0.0,0.0,-3.4284050650803586,0.0,0.0,0.0,0.0,0.0,0.0,0.0,-0.7813339641961319,0.025091690088596935,0.0,0.0,0.0,0.0,0.0,0.0,0.0,0.0,0.0,0.0,0.0,0.0,0.0,0.0,0.0,0.0,0.0,0.0,0.0,0.013800429548713829,0.013800429548713829,0.0,4.625769601706356,0.0,7.5275070265765684,0.0,0.0,0.0,-130.96119897776404,0.0,0.0,0.0,0.0,0.0,-776.9551719762262,130.96119897776404,0.0,0.0,0.0,0.0,0.0,0.0,0.0,0.0,0.0,0.0,0.0,0.0,0.0,120.56128078481359,-111.0972768530601,0.0,0.0,0.9660300684106589,0.0,0.0,0.0,0.0,0.0,-776.9551719762262,0.0,0.0,-777.7365059404224,0.0,0.0,0.0,0.0,0.0,0.0,0.0,0.0,0.0,0.0,0.0,0.0,0.0,0.0,0.0,0.0,7.5275070265765684,3.655990673835742,3.655990673835742,0.0,0.0,0.0,0.0,0.0,0.0,0.0,0.0,0.0,0.0,0.1254584504429428,0.0,0.0,0.0,0.0,0.0,0.0,0.0,0.0,3.7637535132882842,0.0,0.0,0.0,0.0,0.0,0.0,0.0,0.0,0.0,0.0,23.772511440970483,0.0,0.0,3.763753513288284,3.7637535132882842,1000.0,130.96119897776404,0.0,0.0,0.0,0.0,0.0,0.0,0.0,-2.6398987040468,0.0,0.0,0.012545845044294278,0.0,0.0,-583.0338507408804,584.0455835305239,0.0,0.0,0.0,0.0,0.0,0.0,0.0,0.0,0.0,0.0,0.0,0.0,0.0,0.0,0.0,0.0,0.0,0.012545845044294278,0.0,0.0,0.0,0.0,0.0,0.0,0.0,0.0,0.0,0.0,448.7245634756255,-931.4379315900132,-450.09456975446244,934.8036074298723,-0.9409383783220711,0.0,-0.6272922522147145,0.0,640.6249999999999,640.6249999999999,-640.625,0.0,0.0,0.0,0.0,0.0,0.0,0.0,3.655990673835742,993.5139041128507,0.0,0.0,-14.839488374248052,0.0,0.0,0.0,-0.012545845044294276,0.0,0.0,0.012545845044294276,0.0,0.012545845044294278,0.0,0.0,0.0,7.5275070265765684,15.305930954039022,15.305930954039022,0.0,0.0,0.0,0.0,0.0,0.0,0.0,0.0,0.0,0.0,0.0,0.0,0.0,0.0,0.0,0.0,0.0,0.0,0.0,0.0,0.0,0.0,0.0,0.0,0.0,0.0,0.0,0.0,0.0,-667.4630275449016,667.4630275449016,0.018818767566441418,0.0,0.0,0.0,-3.7637535132882842,0.0,0.0,0.0,0.0,0.0,-4.625769601706356,0.627292252214714,0.0,0.0,0.0,0.0,0.0,-931.6101376949593,-0.6272922522147145,0.0,0.0,0.0,0.0,0.0,0.0,0.0,3.655990673835742,0.0,0.0,0.0,4.625769601706356,0.0,62.490830991141145,0.0,0.0,-932.9801439737963,450.09456975446244,482.8855742193339,931.4379315900132,-15.305930954039022,0.0,0.6272922522147145,943.4608947233836,0.0,0.0,0.0,-3.4284050650803586,0.0,0.0,-984.3749999999679,984.3749999999679,0.0,0.0,0.0,0.0,0.0,5.566707980028427,-7.448584736672501,15.305930954039022,0.0,0.0,0.0,0.0,0.0,0.0,0.0,0.0,0.0,0.4039762104263218,0.0,0.0,0.0,-1.0117327896434458,0.0,0.0,3.7637535132882842,0.0,0.0,0.0,0.0,-113.87194107886071,0.0,0.0,0.013800429548713829,0.0,0.0,0.0,7.652965477019511,0.0,0.0,0.0,0.0,2.9824195490921523,0.0,0.0,0.0,0.0,0.0,0.0,0.0,0.0,0.0,0.0,0.0012545845044294277,0.0012545845044294277,0.0,0.0,0.0,0.0,0.0,0.0,0.0,0.0,0.0,-583.0338507408804,0.0,0.0,0.0,0.0,0.0,4.625769601706356,0.0,0.0,0.0,0.0,0.0,0.0,0.0,0.0,0.0,0.0,0.0,0.0,0.0,0.0,-79.982876546958,0.0,0.0,0.0,7.5275070265765684,0.0,0.0,0.0,0.0,0.0,0.0,-7.5275070265765684,0.0,0.0,0.0,0.0,0.0,0.0,0.0,0.0,0.0,0.0,0.0,0.0,0.0,-438.4188246630173,8.593903855341582,-3.7637535132882842,0.0,0.0,-934.8537908100493,0.0,0.0,0.0,0.0,0.0,0.0,0.0,0.0,0.0,0.0,0.0,0.0,0.0,0.0,0.0,0.0,0.0,-1.5682306305367857,3.655990673835742,-0.9409383783220711,6.507646358350496,0.0,0.0,0.0,0.0,0.0,-0.15682306305367852,0.0,934.8663366550936,0.0,0.0,0.0,0.0,0.0,0.0,0.0,1000.0,3.7637535132882842,3.763753513288284,0.0,0.0,0.0,0.0,0.0,0.013800429548713829,4.625769601706356,0.0,0.0,934.8537908100493,0.0,0.0,0.0,0.0,0.0,0.0,0.0,0.0,0.0,0.0,0.0,0.0,0.0,0.0,333.7315137724508,0.0,0.0,3.8892119637312264,0.0,13.173137296508996,0.9660300684106589,0.0,0.0,0.0,0.0,0.0,4.625769601706356,0.0,931.6101376949593,0.0,0.0,0.0,-1.5682306305367857,0.0,0.0,0.0,0.0,0.0,0.0,0.0,0.0,0.0,0.0,0.0,0.0,0.0,0.0,0.0,0.0,0.0,0.0,-0.012545845044294278,0.0,0.0,0.627292252214714,776.9551719762262,0.0,0.0,0.0,0.0,3.655990673835742,0.0,0.0,0.0,1.0801972583137274,0.313646126107357,0.0,0.0,0.0,0.012545845044294276,0.0,12.545845044294278,0.0,2.509169008858856,0.08961317888781628,42.78133160104349,-0.009409383783220709,0.627292252214714,0.2509169008858856,-0.0627292252213465,-42.78133160104349,3.763753513288284,-0.012545845044294276,0.0,0.0,0.00313646126107357,0.08961317888781628,0.0,-1.9972985310516824,-0.2509169008858856,-219.0367064463096,-0.012545845044294276,0.00313646126107357,-42.78133160104349,1.254584504429428,0.012545845044294276,0.012545845044294276,-4.599423327113348,0.013800429548723705,-31.50407078871723,-0.009409383783220709,3.763753513288284,0.012545845044294276,3.7637535132882842,-6.272922522147139,-0.00627292252214714,134.28044785587963,2.3888603243620197,-0.009409383783220709,-0.012545845044294276,0.0,0.012545845044294276,1.2545845044294275,-0.2509169008858856,0.0,0.0,-1.254584504429428,219.0367064463096,0.0,2.5091690088588554,0.018818767566441418,-168.11230594318204,1.254584504429428,-120.56128078481359,0.0,-2.509169008858856,0.006272922522147139,0.1254584504429428,27.95232858199001,7.134938610565212,-0.012545845044294276,-7.448584736672501,4.599423327113348,3.8892119637312264,0.012545845044294276,1.9972985310516824,-15.055014053153158,0.0,-0.012545845044294276,-0.00313646126107357,0.0,-0.012545845044294276,-0.7813339641961319,0.012545845044201087,-0.0031364612610735696,-0.0031364612610735696,-0.0031364612610735696,5.018338017717712,6.272922522147139,0.1254584504429428,217.6350826481357,-0.00313646126107357,55.90465716398002,0.627292252214714,1.0179592343127797,0.012545845044294276,0.006272922522147139,0.006272922522147138,1.254584504429428,0.0,0.012545845044294276,0.0,0.1254584504429428,0.012545845044294276,-634.3154420500223,0.012545845044294276,0.05018338017704754,0.0627292252213465,0.00627292252214714,0.00313646126107357,3.763753513288284,-0.012545845044294276,31.50407078871723,0.1254584504429428,-435.2701652962714,0.3136461261073571,-1.2545845044294275,2.509169008858856,0.627292252214714,-0.012545845044294276,0.0,0.018818767566441418,-0.012545845044294276,-2.509169008858856,0.0,165.73702786246847,0.006272922522147138,-2.0359184686255594,-0.012545845044294276,-0.012545845044201087,-0.012545845044294276,0.006272922522147138,42.78133160104349,-2.509169008858856,0.012545845044294276,55.90465716398002,-0.0031364612610735696,-0.013800429548723705,-55.90465716398002,1.8818767566441417,-2.3888603243620197,58.34872122374372,42.78133160104349,-0.009409383783220709,7.448584736672501,-7.134938610565212,0.012545845044294276,-0.0031364612610735687,0.6272922522147145,12.545845044294278,-0.006272922522147139,-0.012545845044294276,0.00313646126107357,541.7988064990803,0.0,168.10603302065988,416.68035940188656,-46.0,0.0,106.86027279953849,-31.0,0.0,-32.0,-93.0,-65.0,0.0,16.0,23.0,46.5,0.0,15.5,-4.625769601706356,-51.86508678360776,0.0,65.0,-51.86508678360776,-106.86027279953849,60.33035117413111,0.0,1496.5981,hclb
370,0.0,0.0,0.0,0.0,0.0,0.0,0.0,0.0,246.58254760420093,0.0,0.0,0.0,0.0,0.0,0.0,0.0,0.0,1000.0,0.0,-302.84018700905506,0.0,0.0,0.0,0.0,0.0,0.0,0.0,0.0,0.0,-700.4187188708429,110.61264403894947,-110.61264403894947,30.677986335403865,0.0,0.0,0.0,0.0,279.99715631715907,0.0,-1000.0,1000.0,0.0,0.0,0.0,0.0,0.0,0.0,0.0,-299.5812811291571,-592.4140644369738,0.0,0.0,0.0,0.016027829459549746,0.0,0.0,0.0,0.0,0.0,0.0,65.43636186179263,0.0,0.0,-245.33496098363383,0.0,0.0,0.0,0.0,0.0,0.0,0.0,0.14570754054123033,0.0,0.0,0.0,0.0,0.0,0.0,0.0,0.0,0.0,0.0,0.0,0.0,8.74245243247382,0.0,0.0,0.0,205.68139825176655,0.0,540.3984056081728,0.0,0.0,0.0,4.37122621623691,0.0,4.37122621623691,0.0,349.2685406459967,0.0,0.0,0.7285377027061516,-934.9574887927449,0.0,0.0,0.0,500.55141620645014,148.29117984695588,0.0,0.0,0.0,0.0,0.0,0.0,0.0,0.0,0.0,0.0,0.0,0.0,0.0,0.0,0.0,0.0,-259.95634098962734,0.0,0.0,4.37122621623691,0.0,4.5169337567781405,0.0,0.0,0.0,0.0,0.0,0.0,0.0,0.0,0.0,-310.7713228454265,0.0,0.0,0.0,0.0,0.0,1.1219480621674727,0.01457075405412303,540.4020482966863,0.0,0.0,-1000.0,499.44858379354986,0.0,0.0,0.0,0.0,105.61594059892359,0.0,0.0,0.0,0.0,0.0,379.1848869855912,379.1848869855912,0.0,0.0,0.0,328.125,726.5774522785848,0.0,0.0,489.81210177859487,0.0,0.0,0.0,0.0,-137.04555754723833,0.0,0.0,0.0,0.0,0.0,0.0,0.0,0.0,0.0,0.0,0.0,0.0,0.0,0.0,-1000.0,0.0,0.0,0.0,0.0,0.0,592.4140644369738,0.0,-205.68139825176655,205.68139825176655,310.7713228454265,0.0,0.0,0.0,0.0,0.0,0.0,234.53876992190212,-939.73549506759,0.0,0.0,0.0,0.0,0.0,0.0,0.0,0.0,0.0,0.0,0.0,0.0,0.0,288.1105861343964,-37.17169837835079,1000.0,0.0,0.0,0.0,0.0,-305.10642504972054,0.0,0.0,0.0,0.0,65.43636186179263,1000.0,110.61264403894947,0.0,0.0,0.0,0.0,0.0,0.0,0.0,111.08182231949215,2.9141508108246064,0.0,0.0,-659.4917845245159,-248.12898802098277,-505.26267938092366,0.0,-1000.0,0.0,0.0,310.7713228454265,579.7357325804641,0.0,0.0,0.0,55.44327647314731,0.0,0.0,-685.2661339593916,0.0,0.0,-685.2661339593916,0.0,0.0,0.0,0.0,791.0596958683354,592.4140644369738,0.0,34.98750601529734,0.0,0.0,0.0,0.0,0.0,0.0,0.0,489.7829602704866,0.0,0.0,293.05827121315093,328.12499999999994,0.0,0.0,65.43636186179263,-0.021856131081184546,0.0,0.0,0.0,0.0,0.01457075405412303,0.0,0.0,0.0,878.882053668565,0.0,0.0,-377.8193880794588,181.24297681347207,137.04555754723833,927.2853770270615,0.0,-235.83608538293947,0.0,0.0,0.0,0.0,0.0,193.26317687702675,0.0,42.57290850591272,-762.4283587396542,-1000.0,0.0,0.0,0.0,0.0,0.0,0.0,0.0,0.0,0.0,0.0,0.0,0.0,0.0,0.0,0.0,0.0,0.0,-719.9445606666247,0.0,-1000.0,0.0,0.0,0.0,0.0,0.0,0.0,-1.5911263427103677,0.0,349.2685406459967,0.0,0.0,0.0,0.0,0.0,-56.15894241739625,-905.3187501689023,0.0,0.0,-0.7285377027061516,0.0,-256.71014764087613,0.0,-134.53602093681036,1000.0,904.9544813175492,0.0,-152.84160343860876,0.0,0.0,0.0,-396.47486590413075,4.37122621623691,0.0,0.0,0.0,0.0,0.0,246.59711835825505,0.0,-288.1105861343964,288.1105861343964,288.1105861343964,90.08584918917539,0.0,0.0,0.0,0.0,0.0,234.53876992190212,0.0,0.0,-179.89859912184122,0.0,0.0,77.08584918917539,0.0,0.0,0.0,0.0,-41.542924594587696,0.02914150810784122,0.0,0.0,0.0,0.0,0.0,0.0,0.0,0.0,0.0,0.0,0.0,0.0,0.0,0.0,0.0,0.0,0.0,0.0,0.0,0.016027829459549746,0.016027829459549746,110.61264403894947,381.1964353235718,0.0,8.74245243247382,0.0,0.0,0.0,1000.0,0.0,839.9131424004945,0.0,0.0,0.0,310.13166455654846,-1000.0,0.0,0.0,0.0,0.0,0.0,77.08584918917539,0.0,0.0,0.0,0.0,0.0,0.0,0.0,86.65211366320911,-878.882053668565,0.0,189.96642565150046,1.1219480621674727,0.0,0.0,0.0,-5.664897795705918,0.0,310.13166455654846,0.0,268.58873996196075,0.0,0.0,0.0,288.1105861343964,0.0,0.0,0.0,0.0,0.0,0.0,0.0,0.0,0.0,0.0,0.0,0.0,0.0,8.74245243247382,310.7713228454265,310.7713228454265,0.0,0.0,0.0,0.0,0.0,0.0,0.0,0.0,0.0,0.0,0.14570754054123033,0.0,110.61264403894947,0.0,0.0,110.61264403894947,0.0,0.0,0.0,4.37122621623691,0.0,0.0,0.0,0.0,189.96642565150046,0.0,0.0,0.0,0.0,0.0,742.0972313600571,-282.8444822943061,0.0,4.37122621623691,4.37122621623691,1000.0,-1000.0,0.0,77.08584918917539,0.0,0.0,0.0,0.0,0.0,697.3858475323991,234.53876992190212,1000.0,0.01457075405412303,0.0,0.0,-718.1793903181609,737.4221525829238,0.0,0.0,0.0,0.0,0.0,0.0,0.0,0.0,0.0,0.0,0.0,0.0,0.0,0.0,0.0,0.0,0.0,0.01457075405412303,0.0,0.0,0.0,0.0,0.0,0.0,0.0,0.0,0.0,0.0,896.5439005348617,0.0,0.0,-828.9219255649506,-1.0928065540592276,0.0,-0.7285377027061516,0.0,0.0,0.0,0.0,0.0,0.0,0.0,0.0,0.0,0.0,0.0,310.7713228454265,137.04555754723833,0.0,0.0,-395.7463282014246,0.0,0.0,0.0,246.58254760420093,0.0,0.0,0.01457075405412303,0.0,0.01457075405412303,0.0,0.0,0.0,8.74245243247382,17.7763199460301,17.7763199460301,0.0,0.0,0.0,0.0,0.0,0.0,0.0,0.0,0.0,234.53876992190212,0.0,0.0,194.51771880108674,0.0,0.0,0.0,0.0,0.0,0.0,0.0,0.0,0.0,0.0,0.0,0.0,0.0,0.0,5.664897795705918,0.0,0.0,0.0,0.021856131081184546,0.0,0.0,0.0,-4.37122621623691,0.0,0.0,0.0,0.0,0.0,-381.1964353235718,0.7285377027061516,0.0,0.0,0.0,-328.12499999999994,-726.5774522785848,-998.4088736572896,-0.7285377027061516,0.0,0.0,0.0,0.0,0.0,0.0,0.0,310.7713228454265,0.0,0.0,952.0576673435964,93.08584918917539,0.0,62.08584918917539,0.0,548.8664862315753,-1000.0,349.2685406459967,101.864973122428,0.0,561.959412634434,0.0,0.7285377027061516,1000.0,0.0,0.0,-110.61264403894947,-179.89859912184122,0.0,0.0,0.0,0.0,0.0,0.0,0.0,0.0,0.0,-2.185613108118446,0.0,17.7763199460301,0.0,-296.875,-296.875,407.4876440389495,0.0,0.0,0.0,0.0,0.0,111.08182231949215,0.0,0.0,384.47485498574946,-19.242762264762913,0.0,0.0,4.37122621623691,0.0,0.0,0.0,0.0,-130.40191700997445,0.0,0.0,0.016027829459549746,0.0,0.0,0.0,8.88815997301505,0.0,0.0,0.0,0.0,-37.17169837835079,0.0,500.55141620645014,0.0,0.0,0.0,0.0,0.0,0.0,0.0,0.0,983.004295166793,0.0014570754054123447,0.0,0.0,0.0,0.0,0.0,0.0,0.0,0.0,0.0,-718.1793903181609,110.61264403894947,0.0,0.0,0.0,0.0,381.1964353235718,0.0,0.0,0.0,0.0,0.0,0.0,0.0,592.4140644369738,0.0,0.0,0.0,0.0,188.6382277301234,0.0,1000.0,0.0,0.0,0.0,8.74245243247382,0.0,0.0,0.0,0.0,0.0,0.0,-8.74245243247382,0.0,0.0,0.0,0.0,0.0,0.0,0.0,0.0,0.0,110.61264403894947,110.61264403894947,0.0,-1000.0,-1000.0,204.49868532816103,-859.6564144603624,855.2851882441255,0.0,279.99715631715907,0.0,0.0,0.0,0.0,0.0,0.0,0.0,0.0,0.0,0.0,0.0,0.0,0.0,0.0,0.0,0.0,0.0,-1.821344256765379,310.7713228454265,-1.0928065540592276,193.42491224702752,0.0,0.0,0.0,0.0,0.0,843.6578731911824,-843.8400076168589,179.89859912184122,0.0,0.0,0.0,0.0,0.0,0.0,0.0,1000.0,4.37122621623691,4.37122621623691,0.0,0.0,0.0,0.0,0.0,0.016027829459549746,381.1964353235718,0.0,0.0,-279.99715631715907,983.0028380913876,0.0,0.0,0.0,0.0,0.0,0.0,0.0,0.0,0.0,0.0,0.0,0.0,0.0,0.0,0.0,0.0,0.0,0.0,15.299291756829186,0.0,0.0,1.1219480621674727,0.0,0.0,0.0,381.1964353235718,0.0,998.4088736572896,0.0,0.0,0.0,-1.821344256765379,0.0,0.0,0.0,0.0,0.0,0.0,0.0,0.0,0.0,0.0,0.0,0.0,0.0,0.0,0.0,0.0,0.0,0.0,-0.01457075405412303,0.0,0.0,0.7285377027061516,-310.13166455654846,0.0,0.0,0.0,0.0,310.7713228454265,0.0,0.0,0.0,-193.26317687702675,0.3642688513530758,0.0,0.0,0.0,0.01457075405412303,0.0,14.57075405412303,-4.5169337567781405,2.914150810824607,0.10407681467230737,40.65240381100327,-0.010928065540592273,0.7285377027061533,0.29141508108246067,-0.07285377027031706,-40.65240381100327,4.37122621623691,-0.014570754054123032,0.0,77.08584918917539,0.003642688513530758,0.10407681467230737,0.0,-2.3196640454165194,110.32122895786704,-697.1598129909449,-0.014570754054123032,0.003642688513530758,-40.65240381100327,1.4570754054123032,0.014570754054123032,0.01457075405412303,-381.16583674005807,0.016027829459534987,-72.22091092999156,-0.010928065540592273,4.37122621623691,0.01457075405412303,4.371226216236906,-7.285377027061516,-0.007285377027061516,-33.395029668932025,303.6347788902541,-0.010928065540592273,-0.014570754054123032,-4.5169337567781405,0.01457075405412303,1.4570754054123032,-0.29141508108246067,5.664897795705918,5.664897795705918,-1.4570754054123032,697.1598129909449,-5.664897795705918,2.9141508108246064,0.021856131081184546,-1000.0,1.4570754054123032,-86.65211366320911,77.08584918917539,-2.9141508108246064,0.007285377027061516,0.14570754054123033,94.4548470198647,96.0,-0.01457075405412303,-384.47485498574946,381.16583674005807,4.5169337567781405,0.014570754054123032,2.3196640454165194,59.60094432422785,77.08584918917539,-0.01457075405412303,-0.003642688513530758,-77.08584918917539,-0.014570754054123032,-542.0943408010378,0.014570754054123032,-0.003642688513530758,-0.003642688513530758,-0.003642688513530758,5.828301621649213,7.285377027061516,0.14570754054123033,340.5300716065653,-0.003642688513530758,188.9096940397294,0.7285377027061516,21.5,0.01457075405412303,0.007285377027061516,0.007285377027061516,40.0,4.5169337567781405,0.01457075405412303,-4.5169337567781405,0.14570754054123033,0.014570754054123032,-1000.0,0.014570754054123032,0.058283016216137185,0.07285377027031706,0.007285377027061516,0.003642688513530758,4.37122621623691,-0.014570754054123032,72.22091092999156,-55.16061447893352,-681.0601432131306,0.3642688513530743,-1.4570754054123032,2.9141508108246064,0.7285377027061516,-0.014570754054123032,0.0,0.021856131081184546,-0.014570754054123032,-80.0,4.5169337567781405,210.10033325563055,0.007285377027061516,-43.0,-0.01457075405412303,-0.014570754054123032,-0.014570754054123032,0.007285377027061516,40.65240381100327,-2.9141508108246064,0.01457075405412303,188.9096940397294,-0.003642688513530758,-0.016027829459534987,-188.9096940397294,2.1856131081184547,-303.6347788902541,942.5853048646181,40.65240381100327,-0.010928065540592273,384.47485498574946,-96.0,0.014570754054123032,-0.0036426885135307585,0.7285377027061516,14.57075405412303,-0.007285377027061516,-0.014570754054123032,0.003642688513530758,0.0,0.0,999.9927146229729,659.4699283934347,-46.0,0.0,80.34843203671488,-31.0,0.0,-32.0,-93.0,-65.0,0.0,16.0,23.0,46.5,0.0,15.5,-381.1964353235718,-79.69841624565609,0.0,65.0,-79.69841624565609,-80.34843203671488,9.645206153537368,0.0,1496.5981,hclb
371,0.0,0.0,0.0,0.0,0.0,0.0,0.0,0.0,-0.01017390681283731,0.0,0.0,0.0,0.0,0.0,0.0,0.0,-1000.0,506.859390397512,0.0,1000.0,0.0,0.0,0.0,1000.0,0.0,0.0,0.0,0.0,0.0,-453.4792777822611,0.0,0.0,0.0,0.0,0.0,0.0,0.0,795.6966808400185,0.0,-1000.0,1000.0,0.0,0.0,0.0,0.0,0.0,0.0,0.0,1000.0,0.0,0.0,0.0,0.0,0.011191297494113031,0.0,0.0,0.0,2.034781362567462,0.0,0.0,-88.35313588386745,0.0,238.27855262575707,0.0,0.0,0.0,0.0,0.0,0.0,513.0096630649734,0.0,0.1017390681283731,0.0,0.0,0.0,0.0,0.0,0.0,0.0,37.44471542188018,0.0,0.0,0.0,0.0,6.104344087702386,0.0,137.43229273784627,-591.6023725990659,-214.22919415860892,355.0145669112095,-0.0025434767032093274,0.0,0.0,-1000.0,3.052172043851193,0.0,3.052172043851193,-0.3275997993734901,0.0,0.0,0.0,187.60641420556016,-1000.0,0.0,0.0,0.0,533.6377101975743,495.2389600179347,0.0,0.0,0.0,0.0,0.0,0.0,0.0,0.0,0.0,0.0,0.0,0.0,0.0,0.0,0.0,0.0,-798.5205217166223,0.0,0.0,3.052172043851193,0.0,3.1539111119795664,3.1539111119795664,0.0,-835.3108610458155,0.0,835.3108610458155,-835.3108610458155,-149.92541674188962,-140.62500000179307,140.62500000179307,0.0,0.0,0.0,0.0,0.0,0.0,138.21568356243475,0.01017390681283731,0.0,0.0,0.0,-533.6377101975743,0.0,0.0,0.0,0.0,0.0,-234.4167837661654,0.0,0.0,0.0,0.0,0.0,254.46332005961074,254.46332005961074,0.0,0.0,0.0,0.0,-819.0759757549381,0.0,0.0,254.47349396642358,0.0,0.0,0.0,-73.37549242188038,0.0,0.0,0.0,0.0,0.0,0.0,0.0,0.0,0.0,0.0,-847.1260101677641,0.0,0.0,0.0,0.0,-521.4721993538083,0.0,0.0,0.0,0.0,0.0,0.0,0.0,-140.78537275260064,140.78537275260064,149.92541674188962,0.0,0.0,0.0,0.0,0.0,0.0,546.5207222177389,-947.3236187650429,0.0,0.0,0.0,0.0,0.0,0.0,0.0,0.0,0.0,0.0,0.0,0.0,0.0,113.4954210856609,-38.93043727486508,453.4792777822611,0.0,0.0,0.0,0.0,-149.92541674188962,0.0,0.0,0.0,0.0,-88.35313588386745,453.4792777822611,0.0,0.0,0.0,0.0,0.0,0.0,0.0,0.0,0.0,0.0,0.0,0.0,-926.5561785939917,-1000.0,267.6122546483334,0.0,-453.4792777822611,0.0,0.0,149.92541674188962,-888.6683574179871,0.0,0.0,0.0,-392.9770066333764,0.0,0.0,-841.8079814462567,0.0,103.43932163348057,-945.2473030797373,103.43932163348057,0.0,-355.0145669112095,0.0,957.6763902439774,0.0,0.0,34.69302223177523,0.0,0.0,0.0,670.3714616723648,0.0,-670.3714616723648,0.0,842.1562679392591,0.0,0.0,-219.68276257593652,0.0,0.0,0.0,-88.35313588386745,-0.015260860219255965,0.0,0.0,0.0,0.0,0.01017390681283731,0.0,0.0,0.0,518.420027309957,-1000.0,0.0,-71.36033776702727,-26.97418283500835,0.0,925.0869534064186,0.0,142.9848332247098,0.0,0.0,0.0,0.0,0.0,-0.8759733765852843,-15.239989188453748,-126.86887065967076,-1000.0,-1000.0,0.0,0.0,0.0,0.0,0.0,0.0,0.0,0.0,0.0,0.0,0.0,0.0,0.0,0.0,0.0,0.0,0.0,1000.0,0.0,204.26262353272878,0.0,0.0,0.0,0.0,0.0,0.0,-138.21568356243475,0.0,0.0,0.0,0.0,187.09771886491828,0.0,671.8749999999981,-94.057554773101,600.8640496351142,15.239989188453748,-1000.0,-340.2528515584604,0.0,113.16970513618533,-671.8749999999981,0.0,0.0,-601.1183973054351,339.74415621781856,-356.2796566247356,0.0,753.066512370589,-275.9758764322671,0.0,3.052172043851193,0.0,0.0,0.0,0.0,0.0,0.0,0.0,-113.4954210856609,113.4954210856609,113.4954210856609,77.88609689096235,0.0,0.0,-1000.0,0.0,0.0,546.5207222177389,0.0,0.0,-51.76710303393199,0.0,390.6249999999964,77.96521863743254,0.0,0.0,0.0,0.0,-41.98260931871627,0.020347813625681412,0.0,0.0,0.0,0.0,0.0,0.0,0.0,338.8742819376373,0.0,263.5096630649728,0.0,0.0,0.0,0.0,0.0,0.0,0.0,0.0,0.0,0.011191297494113031,0.011191297494113031,0.0,207.46063972309344,0.0,6.104344087702386,0.0,0.0,0.0,1000.0,0.0,0.0,137.43229273784627,0.0,0.0,139.3885083705457,-1000.0,0.0,0.0,0.0,0.0,0.0,77.96521863743254,0.0,0.0,0.0,0.0,0.0,0.0,0.0,266.1735072388741,-518.420027309957,0.0,0.0,138.21568356243475,0.0,-1000.0,0.0,0.0,0.0,139.3885083705457,0.0,0.0,97.40589905182944,0.0,0.0,113.4954210856609,0.0,0.0,0.0,0.0,0.0,0.0,0.0,0.0,0.0,0.0,0.0,0.0,0.0,6.104344087702386,149.92541674188962,149.92541674188962,0.0,0.0,0.0,0.0,0.0,0.0,0.0,0.0,0.0,0.0,0.1017390681283731,0.0,0.0,137.43229273784627,-137.43229273784627,0.0,0.0,0.0,0.0,3.052172043851193,0.0,0.0,0.0,0.0,0.0,0.0,0.0,0.0,0.0,0.0,-244.65389537857777,0.0,0.0,3.052172043851193,3.052172043851193,1000.0,-1000.0,0.0,77.96521863743254,0.0,0.0,0.0,0.0,0.0,1000.0,546.5207222177389,846.583458250798,0.01017390681283731,0.0,0.0,0.0,0.8204529136923802,13.079121746470198,338.8742819376373,1000.0,0.0,0.0,0.0,0.0,0.0,0.0,0.0,0.0,0.0,0.0,0.0,0.0,0.0,0.0,0.01017390681283731,0.0,0.0,0.0,0.0,0.0,0.0,0.0,0.0,0.0,0.0,0.0,0.0,0.0,-933.953060029706,-0.7630430109627983,0.0,-0.5086953406418655,0.0,578.125,578.125,-578.125,0.0,0.0,0.0,0.0,0.0,0.0,0.0,149.92541674188962,0.0,0.0,0.0,753.5752077112309,0.0,0.0,0.0,-0.01017390681283731,0.0,0.0,0.01017390681283731,0.0,0.01017390681283731,0.0,249.50000000000068,0.0,6.104344087702386,12.412166311661519,12.412166311661519,0.0,0.0,0.0,0.0,0.0,0.0,0.0,0.0,0.0,546.5207222177389,0.0,0.0,0.0,0.0,0.0,0.0,0.0,0.0,0.0,0.0,0.0,0.0,0.0,0.0,0.0,0.0,0.0,0.0,0.0,-1000.0,1000.0,0.015260860219255965,0.0,0.0,0.0,-3.052172043851193,0.0,0.0,0.0,0.0,0.0,-207.46063972309344,0.5086953406418655,0.0,0.0,0.0,0.0,819.0759757549381,0.0,-0.5086953406418655,0.0,390.6249999999964,0.0,0.0,0.0,0.0,0.0,149.92541674188962,0.0,0.0,0.0,93.96521863743254,0.0,53.94811958656181,13.079121746470198,138.21568356243475,-138.21568356243475,0.0,0.0,0.0,-901.0805237296486,0.0,0.5086953406418655,816.7179788194197,0.0,0.0,0.0,-326.6316885096245,0.0,0.0,0.0,0.0,0.0,0.0,0.0,0.0,0.0,845.5999241458385,0.0,12.412166311661519,0.0,-984.375,-984.375,984.375,0.0,0.0,0.0,0.0,0.0,0.0,0.0,0.0,209.74976875598176,-264.3301159786652,-714.1571961053191,0.0,3.052172043851193,137.43229273784627,0.0,0.0,0.0,-338.9033102210478,0.0,0.0,0.011191297494113031,0.0,0.0,0.0,6.206083155830759,0.0,0.0,0.0,0.0,-38.93043727486508,0.0,533.6377101975743,0.0,0.0,0.0,0.0,0.0,0.0,852.074121045071,0.0,0.001017390681283731,0.001017390681283731,0.0,0.0,0.0,0.0,0.0,0.0,0.0,0.0,0.0,0.0,0.0,0.0,0.0,0.0,0.0,207.46063972309344,0.0,0.0,0.0,0.0,0.0,0.0,0.0,0.0,0.0,0.0,0.0,274.86458547569254,973.192336934601,-15.515946690623696,506.859390397512,0.0,0.0,0.0,6.104344087702386,0.0,0.0,0.0,0.0,0.0,-6.104344087702386,0.0,0.0,274.86458547569254,0.0,0.0,0.0,0.0,0.0,0.0,0.0,0.0,0.0,0.0,-846.583458250798,-1000.0,6.969126166793559,-565.0891965358044,562.0370244919532,0.0,795.6966808400185,0.0,0.0,0.0,0.0,0.0,0.0,0.0,0.0,0.0,164.0625,0.0,-164.06249999999997,-164.06249999999997,0.0,0.0,0.0,0.0,-1.2717383516046636,149.92541674188962,-187.86076187588108,-0.7630430109627955,0.0,0.0,0.0,0.0,0.0,593.6980186708703,-593.8251925060307,51.76710303393199,0.0,0.0,0.0,0.0,0.0,0.0,0.0,1000.0,3.052172043851193,3.052172043851193,0.0,0.0,0.0,0.0,37.44471542188018,0.011191297494113031,207.46063972309344,0.0,0.0,-795.6966808400185,0.0,0.0,0.0,0.0,0.0,0.0,0.0,0.0,0.0,0.0,0.0,0.0,0.0,0.0,624.7500000000003,0.0,0.0,3.1539111119795664,0.0,10.682602153479175,0.0,0.0,138.21568356243475,0.0,0.0,0.0,207.46063972309344,0.0,-0.3275997993734901,0.0,0.0,0.0,-1.2717383516046636,0.0,0.0,0.0,0.0,0.0,0.0,0.0,0.0,0.0,0.0,0.0,0.0,0.0,0.0,0.0,0.0,0.0,0.0,-0.01017390681283731,0.0,0.0,0.5086953406418655,-139.3885083705457,0.0,0.0,0.0,0.0,149.92541674188962,0.0,0.0,0.0,0.8759733765852843,0.2543476703209251,0.0,0.0,0.0,0.01017390681283731,0.0,10.17390681283731,0.0,2.034781362567462,0.07267076294883792,34.69302223177523,-0.007630430109627983,94.057554773101,0.2034781362567462,-0.05086953406552569,-34.69302223177523,3.052172043851193,-0.01017390681283731,0.0,77.96521863743254,0.0025434767032093274,0.07267076294883792,0.0,-139.05197870245013,-0.2034781362567462,-506.859390397512,-0.01017390681283731,0.0025434767032093274,-34.69302223177523,1.017390681283731,0.01017390681283731,0.01017390681283731,-207.43927451878648,-137.42110144035215,-28.903487572246092,-0.007630430109627983,3.052172043851193,0.01017390681283731,3.0521720438511935,-5.086953406418655,-0.005086953406418655,263.3202713384115,148.89785215379305,-0.007630430109627983,-0.01017390681283731,0.0,0.01017390681283731,1.017390681283731,-0.2034781362567462,0.0,0.0,-1.017390681283731,506.859390397512,0.0,2.034781362567462,0.015260860219255965,-1000.0,1.017390681283731,-266.1735072388741,77.96521863743254,-2.034781362567462,0.005086953406418655,0.1017390681283731,17.84008444175682,96.0,-0.01017390681283731,-209.74976875598176,207.43927451878648,3.1539111119795664,0.01017390681283731,139.05197870245013,65.75653046202802,77.96521863743254,-0.01017390681283731,-0.0025434767032093274,-77.96521863743254,-0.01017390681283731,-575.6203195162906,0.010173906812894153,-0.0025434767032093274,-0.0025434767032093274,-0.0025434767032093274,4.069562725134924,5.086953406418655,0.1017390681283731,148.31533553245075,-0.0025434767032093274,35.68016888351364,0.5086953406418655,21.5,0.01017390681283731,0.005086953406418655,0.005086953406418655,40.0,0.0,0.01017390681283731,0.0,0.1017390681283731,0.01017390681283731,-429.8708201774327,0.01017390681283731,0.040695627252723895,0.05086953406552569,0.005086953406418655,0.0025434767032093274,3.052172043851193,-0.01017390681283731,28.903487572246092,0.1017390681283731,-296.6306710649015,93.80320710278006,-1.017390681283731,2.034781362567462,0.5086953406418655,-0.01017390681283731,0.0,0.015260860219255963,-0.01017390681283731,-80.0,0.0,328.93541757371395,0.005086953406418655,-43.0,-0.01017390681283731,-0.010173906812894153,-0.01017390681283731,0.005086953406418655,34.69302223177523,-2.034781362567462,0.01017390681283731,35.68016888351364,-0.0025434767032093274,137.42110144035215,-35.68016888351364,1.5260860219255963,-148.89785215379305,767.0285651168151,34.69302223177523,-0.007630430109627983,209.74976875598176,-96.0,0.01017390681283731,-0.002543476703209328,0.5086953406418655,10.17390681283731,-0.005086953406418655,-0.01017390681283731,0.0025434767032093274,0.0,0.0,999.9949130465936,281.5554846449819,-46.0,0.0,306.83307390353775,12.8542784059065,0.0,156.76344404315222,-93.0,-55.982900949129274,0.0,-78.38172202157611,23.0,46.5,0.0,-6.42713920295325,-207.46063972309344,9.967892647333832,0.0,55.982900949129274,9.967892647333832,-306.83307390353775,120.029576380113,0.0,1496.5981,hclb
372,0.0,0.0,0.0,0.0,0.0,0.0,0.0,0.0,56.56466674144988,0.0,0.0,0.0,0.0,0.0,0.0,0.0,0.0,-56.640895011031596,0.0,166.3521662124072,0.0,0.0,0.0,0.0,0.0,0.0,0.0,0.0,0.0,-318.5415336738397,65.87037905307147,-65.87037905307147,7.120814862230922,0.0,0.0,0.0,0.0,559.775920989032,0.0,-1000.0,613.438572001427,0.0,-832.3495908435223,0.0,0.0,0.0,0.0,0.0,-463.13971964260065,0.0,0.0,0.0,0.0,0.04657148826727564,0.0,0.0,0.0,0.0,0.0,0.0,29.825112333006075,0.0,929.0362676764141,788.9077883741458,0.0,0.0,0.0,0.0,1000.0,-316.1486530911909,0.0,0.42337716607367454,0.0,0.0,0.0,0.0,0.0,0.0,0.0,0.0,0.0,0.0,0.0,0.0,25.40262996442047,0.0,1.1407502851735682,369.60157852819145,358.30211219207115,0.0,-0.010584429151841861,0.0,0.0,784.7820915361168,12.701314982210237,0.0,12.701314982210237,-601.8850706182685,0.0,0.0,0.0,207.96016355830895,-1000.0,0.0,0.0,-22.94352160074709,0.0,0.0,0.0,0.0,0.0,0.0,0.0,0.0,0.0,0.0,0.0,0.0,0.0,0.0,0.0,0.0,0.0,0.0,-634.0049880351905,0.0,0.0,12.701314982210237,0.0,13.124692148283911,13.124692148283911,0.0,-298.73938955907397,0.0,298.73938955907397,-298.73938955907397,-169.9535916352745,0.0,0.0,0.0,0.0,0.0,0.0,0.0,0.0,4.4007544639408716,0.042337716607367445,0.0,0.0,0.0,0.0,0.0,0.0,0.0,0.0,0.0,-19.944704442353185,0.0,0.0,0.0,0.0,0.0,308.3118830929409,308.3118830929409,0.0,0.0,0.0,0.0,688.329869001713,0.0,0.0,374.22459986261975,0.0,0.0,0.0,-1000.0,-714.5799874915659,0.0,0.0,0.0,0.0,0.0,0.0,0.0,0.0,0.0,0.0,0.0,0.0,0.0,0.0,-1000.0,0.0,0.0,0.0,0.0,0.0,0.0,832.3495908435223,261.18855027088694,-261.18855027088694,0.0,0.0,0.0,0.0,0.0,0.0,0.0,681.4584663261603,-948.7597578973944,0.0,0.0,0.0,0.0,0.0,0.0,0.0,0.0,0.0,0.0,0.0,0.0,0.0,264.20455228119044,-26.064913357053022,-50.66833752708192,0.0,0.0,0.0,0.0,68.15550203254523,0.0,0.0,0.0,0.0,29.825112333006075,-50.66833752708192,65.87037905307147,0.0,0.0,0.0,0.0,0.0,0.0,0.0,465.3485829095579,8.467543321473489,0.0,0.0,-263.23246394618377,-998.4684928685218,1000.0,0.0,50.66833752708192,0.0,0.0,169.9535916352745,-948.3479857390117,0.0,0.0,0.0,-413.1961382316823,0.0,0.0,-933.2802966280279,0.0,0.0,-712.0319360499827,-221.24836057804515,221.24836057804515,619.4906624629581,0.0,464.4379625866712,0.0,0.0,76.21611159857778,0.0,0.0,0.0,-949.6331723713787,0.0,949.6331723713787,0.0,890.418667876902,169.9535916352745,0.0,-1000.0,0.0,0.0,0.0,29.825112333006075,-0.06350657491105116,0.0,0.0,0.0,0.0,0.042337716607367445,0.0,0.0,0.0,453.79460007568673,0.0,0.0,-369.96129251204843,187.49855391971926,714.5799874915659,423.5380565625933,0.0,-1000.0,0.0,-22.94352160074709,0.0,0.0,0.0,964.4690209881256,0.0,35.530979011874365,-1000.0,-1000.0,0.0,0.0,0.0,0.0,0.0,0.0,0.0,0.0,0.0,0.0,0.0,0.0,0.0,0.0,0.0,0.0,0.0,-440.0547281445382,0.0,-1000.0,0.0,0.0,1000.0,0.0,0.0,0.0,-403.87895832042705,0.0,0.0,0.0,0.0,205.84327772794057,0.0,-23.418158290507336,0.0,0.0,-1000.0,0.0,0.0,-60.65301281171389,-1000.0,23.418158290507336,-105.03852469433866,-409.07377590381157,-1.0584429151841863,-2.1168858303683726,586.40818547689,0.0,0.0,1000.0,997.8831141696317,12.701314982210237,-15.625000000075476,15.625000000075476,0.0,0.0,0.0,56.60700445805725,0.0,-264.20455228119044,264.20455228119044,264.20455228119044,107.47597827927359,0.0,0.0,-519.7009943030176,0.0,0.0,681.4584663261603,0.0,0.0,-108.02186639891522,0.0,-1000.0,202.60183042104396,0.0,0.0,0.0,0.0,-38.76622833926326,0.08467543321467019,0.0,0.0,0.0,0.0,0.0,0.0,0.0,0.0,0.0,513.8977552735346,0.0,0.0,0.0,0.0,0.0,0.0,0.0,0.0,0.0,0.04657148826727564,0.04657148826727564,65.87037905307147,351.73700895971695,0.0,25.40262996442047,0.0,0.0,0.0,1000.0,0.0,139.00539112367926,1.1407502851735682,0.0,0.0,288.1987488411117,-1000.0,0.0,0.0,0.0,0.0,0.0,202.60183042104396,0.0,0.0,0.0,0.0,0.0,0.0,0.0,211.33499601173017,-453.79460007568673,0.0,0.0,69.69578116160626,0.0,716.6265895035715,68.15550203254523,0.0,0.0,288.1987488411117,0.0,0.0,249.43252050184844,0.0,0.0,264.20455228119044,0.0,0.0,0.0,0.0,0.0,0.0,0.0,0.0,0.0,0.0,0.0,0.0,0.0,25.40262996442047,169.9535916352745,169.9535916352745,0.0,0.0,0.0,0.0,0.0,0.0,0.0,0.0,0.0,0.0,0.42337716607367454,0.0,65.87037905307147,1.1407502851735682,-1.1407502851735682,65.87037905307147,832.3495908435223,0.0,0.0,12.701314982210237,0.0,0.0,0.0,65.29502669766539,0.0,0.0,0.0,0.0,0.0,0.0,98.42268211750377,0.0,0.0,12.701314982210235,12.701314982210237,1000.0,-1000.0,0.0,202.60183042104396,0.0,0.0,0.0,0.0,0.0,1000.0,681.4584663261603,732.2668933631141,0.042337716607367445,0.0,0.0,0.0,3.414234432122703,0.0,0.0,-784.7820915361168,0.0,-169.9535916352745,0.0,0.0,0.0,0.0,0.0,0.0,0.0,0.0,0.0,0.0,0.0,0.0,0.042337716607367445,0.0,0.0,0.0,0.0,0.0,0.0,0.0,0.0,0.0,0.0,596.121041679573,0.0,0.0,-559.9452718554618,-3.1753287455525196,-2.116885830368372,0.0,0.0,0.0,0.0,0.0,0.0,0.0,0.0,0.0,0.0,0.0,0.0,169.9535916352745,714.5799874915659,0.0,0.0,1000.0,0.0,0.0,0.0,56.56466674144988,0.0,0.0,0.042337716607367445,0.0,0.042337716607367445,0.0,0.0,0.0,25.40262996442047,51.65201426098828,51.65201426098828,0.0,0.0,0.0,0.0,0.0,0.0,0.0,0.0,0.0,681.4584663261603,0.0,0.0,968.1142983880192,0.0,0.0,0.0,0.0,0.0,0.0,0.0,0.0,0.0,0.0,0.0,0.0,0.0,0.0,68.15550203254523,0.0,0.0,0.0,0.06350657491105116,0.0,0.0,0.0,-12.701314982210237,0.0,0.0,0.0,0.0,0.0,-351.73700895971695,2.1168858303683726,0.0,0.0,0.0,0.0,-688.329869001713,1000.0,0.0,0.0,-1000.0,0.0,0.0,0.0,0.0,0.0,169.9535916352745,0.0,0.0,0.0,87.53245667852651,0.0,56.532456678526515,-22.94352160074709,0.0,596.121041679573,0.0,-596.121041679573,0.0,-1000.0,0.0,2.1168858303683726,799.3720738124553,0.0,0.0,-65.87037905307147,-110.30336696926236,0.0,0.0,0.0,0.0,0.0,0.0,0.0,0.0,0.0,-6.350657491105039,0.0,51.65201426098828,0.0,0.0,0.0,65.87037905307147,0.0,0.0,0.0,0.0,0.0,465.3485829095579,0.0,0.0,361.2629951963745,-517.3119897056573,-104.4839797638906,-832.3495908435223,12.701314982210237,1.1407502851735682,0.0,0.0,0.0,-85.23369572128101,0.0,0.0,0.04657148826727564,0.0,0.0,0.0,25.826007130494148,0.0,0.0,0.0,0.0,-26.064913357053022,0.0,0.0,0.0,0.0,0.0,0.0,0.0,0.0,0.0,0.0,0.004233771660736796,0.004233771660736796,0.0,0.0,0.0,0.0,0.0,0.0,0.0,0.0,0.0,0.0,65.87037905307147,0.0,0.0,0.0,0.0,351.73700895971695,0.0,0.0,0.0,0.0,0.0,0.0,0.0,0.0,0.0,0.0,0.0,2.2815005703471365,0.0,1000.0,-56.640895011031596,0.0,0.0,0.0,25.40262996442047,0.0,0.0,0.0,0.0,0.0,-25.40262996442047,0.0,0.0,2.2815005703471365,0.0,0.0,0.0,0.0,0.0,0.0,0.0,65.87037905307147,65.87037905307147,0.0,-732.2668933631141,-1000.0,997.1156342640659,-12.701314982210237,0.0,0.0,559.775920989032,0.0,0.0,0.0,0.0,0.0,0.0,0.0,0.0,0.0,773.4374999999999,0.0,-773.4374999999999,-773.4375,0.0,0.0,0.0,0.0,-5.292214575920892,169.9535916352745,-209.01860647349315,964.9389696424666,0.0,0.0,0.0,0.0,0.0,780.8467892060104,-781.3760106636025,108.02186639891522,0.0,0.0,0.0,0.0,0.0,0.0,0.0,1000.0,12.701314982210237,12.701314982210237,0.0,0.0,0.0,0.0,0.0,0.04657148826727564,351.73700895971695,0.0,0.0,-559.775920989032,0.0,0.0,0.0,0.0,0.0,0.0,0.0,0.0,0.0,0.0,0.0,0.0,0.0,0.0,0.0,0.0,0.0,13.124692148283911,0.0,44.45460243773582,4.4007544639408716,0.0,0.0,0.0,0.0,0.0,351.73700895971695,0.0,-604.0019564486369,0.0,0.0,0.0,-5.292214575920892,0.0,0.0,0.0,0.0,0.0,0.0,0.0,0.0,0.0,0.0,0.0,0.0,0.0,0.0,0.0,0.0,0.0,0.0,-0.042337716607367445,0.0,0.0,2.1168858303683726,-288.1987488411117,0.0,0.0,0.0,0.0,169.9535916352745,0.0,0.0,0.0,-964.4690209881256,1.0584429151841863,0.0,0.0,0.0,0.042337716607367445,0.0,42.33771660736745,0.0,8.46754332147349,0.302412261481196,144.371613631123,-0.03175328745552558,105.03852469433866,0.846754332147349,-0.21168858303713023,-144.371613631123,12.701314982210237,-0.042337716607367445,7.647840533582364,202.60183042104396,0.010584429151841861,0.30241226148119604,-22.94352160074709,-7.8809147690639065,65.02362472092412,-109.71127120137561,-0.042337716607367445,0.010584429151841861,-144.371613631123,4.233771660736744,0.042337716607367445,0.042337716607367445,-351.6480997548423,-1.094178796905464,0.0,-0.03175328745552558,12.701314982210235,0.042337716607367445,12.701314982210237,-21.168858303683724,-0.021168858303683723,65.83174764384736,-72.43161140988934,-0.03175328745552558,-0.042337716607367445,0.0,0.042337716607367445,4.233771660736744,-0.846754332147349,68.15550203254523,68.15550203254523,-4.233771660736744,109.71127120137561,-68.15550203254523,8.467543321473489,0.06350657491105116,-1000.0,4.233771660736744,-211.33499601173017,202.60183042104396,-8.467543321473489,0.021168858303683723,0.42337716607367454,92.49032312801211,96.0,-0.042337716607367445,-361.2629951963745,351.6480997548423,13.124692148283911,0.042337716607367445,7.8809147690639065,151.79657049220324,202.60183042104396,-0.042337716607367445,-0.010584429151841861,-202.60183042104396,-0.042337716607367445,-38.76622833926326,0.042337716607367445,-0.010584429151841861,-0.010584429151841861,-0.010584429151841861,16.935086642946978,21.168858303683724,0.42337716607367454,162.95143447711675,-0.010584429151841861,177.33280572244186,2.116885830368372,21.5,0.042337716607367445,0.021168858303683723,0.021168858303683723,20.557891053621475,0.0,0.042337716607367445,0.0,0.42337716607367454,0.042337716607367445,-426.1203918483895,0.042337716607367445,0.16935086642979513,0.21168858303713023,0.021168858303683723,0.010584429151841861,12.701314982210235,-0.042337716607367445,0.0,-32.51181236046206,-325.9028689542335,103.98008177915447,-4.233771660736744,8.467543321473489,2.1168858303683726,-0.042337716607367445,22.94352160074709,0.06350657491105116,-0.042337716607367445,-41.11578210724295,0.0,189.90700733559973,0.021168858303683723,-43.0,-0.042337716607367445,-0.042337716607367445,-0.042337716607367445,0.021168858303683723,144.371613631123,-8.467543321473489,0.042337716607367445,184.98064625602422,-0.010584429151841861,1.094178796905464,-184.98064625602422,6.350657491105117,72.43161140988934,761.2828790358781,144.371613631123,-0.03175328745552558,361.2629951963745,-96.0,0.042337716607367445,-0.010584429151841858,2.116885830368372,42.33771660736745,-0.021168858303683723,-0.042337716607367445,0.010584429151841861,0.0,0.0,380.48816867873825,263.16895737127277,-46.0,0.0,234.8222610455944,-31.0,0.0,-32.0,-93.0,-65.0,-619.4906624629581,16.0,23.0,46.5,0.0,15.5,-351.73700895971695,-104.67331161431872,619.4906624629581,65.0,-104.67331161431872,-234.8222610455944,39.3959594463272,0.0,1496.5981,hclb
373,0.0,0.0,0.0,0.0,0.0,0.0,0.0,0.0,-0.0187993022942081,0.0,0.0,0.0,0.0,0.0,0.0,0.0,-241.9127136076416,357.60453046414887,0.0,0.0,0.0,0.0,0.0,776.6327597362994,0.0,0.0,0.0,0.0,0.0,-259.57658875717016,37.34942897694262,-37.34942897694262,6.683000356005884,0.0,0.0,0.0,0.0,745.0442425026254,0.0,-205.43485226960163,1000.0,0.0,0.0,0.0,0.0,0.0,0.0,0.0,501.48930236481175,-471.4936920178825,0.0,0.0,0.0,0.020679232523207247,0.0,0.0,0.0,3.7598604588416196,0.0,0.0,-57.289449639419935,0.0,0.0,-101.88802556612053,0.0,0.0,0.0,0.0,0.0,0.0,0.0,0.18799302294208098,0.0,0.0,0.0,0.0,0.0,0.0,0.0,0.0,0.0,0.0,0.0,0.0,11.27958137652486,0.0,58.05024006729565,0.0,-254.45040437360245,679.9016633252396,707.9271248144564,0.0,0.0,-416.56561224048846,5.63979068826243,0.0,5.63979068826243,-37.95476651081688,0.0,0.0,0.0,0.9399651147104049,-1000.0,0.0,0.0,-23.90153506329254,0.0,0.0,0.0,0.0,0.0,0.0,0.0,0.0,0.0,0.0,0.0,0.0,0.0,0.0,0.0,0.0,0.0,0.0,-198.86439620059198,0.0,0.0,5.63979068826243,0.0,5.8277837112045106,0.0,0.0,-219.18069888536087,219.18069888536087,0.0,0.0,-1000.0,306.92876072164296,-306.92876072164296,955.4014240732994,0.0,0.0,0.0,0.0,0.0,59.49778634394967,0.0187993022942081,707.93182464003,0.0,0.0,0.0,-548.4456960684216,0.0,0.0,0.0,0.0,25.57545787883863,0.0,0.0,0.0,0.0,0.0,-12.109092618283974,-12.109092618283974,0.0,0.0,0.0,0.0,0.0,0.0,0.0,25.25913566095285,0.0,0.0,0.0,-194.46630967969,0.0,0.0,0.0,0.0,0.0,0.0,0.0,0.0,0.0,0.0,0.0,0.0,0.0,0.0,0.0,-1000.0,0.0,0.0,0.0,0.0,0.0,471.4936920178825,0.0,183.51034639055428,-183.51034639055428,44.5985759267006,0.0,0.0,0.0,0.0,0.0,0.0,740.4234112428298,-392.6640771771961,0.0,0.0,0.0,0.0,0.0,0.0,0.0,0.0,0.0,0.0,0.0,0.0,0.0,339.08750311866066,512.9654169861049,0.0,0.0,0.0,0.0,0.0,-44.5985759267006,0.0,0.0,0.0,0.0,-57.289449639419935,0.0,37.34942897694262,0.0,348.00852868379224,0.0,0.0,0.0,0.0,0.0,0.0,0.0,0.0,0.0,437.9607507641567,0.0,684.999648755366,0.0,0.0,0.0,0.0,44.5985759267006,0.0,0.0,0.0,0.0,-186.47573280073027,0.0,0.0,-1000.0,185.2593277566922,-834.530954076974,-185.2593277566922,-1000.0,-19.79028183366621,-70.94005798304818,0.0,39.62557448989139,471.4936920178825,0.0,52.450053400840595,0.0,0.0,0.0,0.0,0.0,0.0,0.0,-148.92918314552253,0.0,0.0,0.0,0.0,0.0,0.0,-57.289449639419935,-0.028198953441312145,0.0,0.0,0.0,0.0,0.0187993022942081,0.0,0.0,0.0,994.3602093117375,-241.9127136076416,0.0,-185.53646847310088,520.0642788410438,0.0,929.399651147104,0.0,-278.0830635382792,0.0,-23.90153506329254,0.0,0.0,0.0,-1.6186199275308955,0.0,279.7016834658101,-1000.0,-1000.0,0.0,0.0,0.0,0.0,0.0,0.0,0.0,0.0,0.0,0.0,0.0,0.0,0.0,0.0,0.0,0.0,348.00852868379224,0.0,0.0,-1000.0,0.0,254.88056028819756,0.0,0.0,0.0,0.0,690.6498854165138,0.0,0.0,0.0,0.0,0.0,0.0,0.0,193.622600897397,0.0,0.0,-829.8094184514591,0.0,-305.0149440049613,0.0,0.0,-194.56256601210742,0.0,-0.46998255735520245,-0.9399651147104049,500.9874576891343,0.0,0.0,0.0,639.0067128981933,5.63979068826243,0.0,0.0,0.0,0.0,0.0,0.0,0.0,-339.08750311866066,339.08750311866066,339.08750311866066,-117.84289700740047,0.0,0.0,0.0,0.0,0.0,740.4234112428298,0.0,0.0,-43.07699507094917,0.0,0.0,76.24013954115838,0.0,0.0,0.0,0.0,-41.12006977057919,0.03759860458831099,0.0,0.0,0.0,0.0,0.0,0.0,0.0,0.0,0.0,0.0,0.0,0.0,0.0,0.0,0.0,0.0,0.0,0.0,0.0,0.020679232523207247,0.020679232523207247,37.34942897694262,431.32764265981905,0.0,11.27958137652486,0.0,0.0,0.0,1000.0,0.0,0.0,58.05024006729565,0.0,0.0,-1.035248788590991,-1000.0,0.0,0.0,0.0,0.0,0.0,76.24013954115838,0.0,0.0,0.0,0.0,0.0,0.0,0.0,66.288132066864,-994.3602093117375,548.4456960684216,0.0,276.3907066637784,0.0,580.1371548297564,-996.7027670702448,-996.7027670702448,0.0,-1.035248788590991,0.0,-311.59783689140716,269.442518332237,0.0,0.0,339.08750311866066,0.0,0.0,0.0,0.0,0.0,0.0,0.0,0.0,0.0,0.0,0.0,0.0,0.0,11.27958137652486,44.59857592670062,44.5985759267006,0.0,0.0,0.0,0.0,0.0,0.0,0.0,0.0,0.0,0.0,0.18799302294208098,0.0,37.34942897694262,58.05024006729565,-58.05024006729565,37.34942897694262,0.0,0.0,0.0,5.63979068826243,0.0,0.0,0.0,216.89292031982876,0.0,0.0,0.0,0.0,0.0,0.0,945.292085154366,0.0,0.0,5.63979068826243,5.63979068826243,1000.0,-1000.0,0.0,76.24013954115838,0.0,0.0,0.0,0.0,0.0,1000.0,740.4234112428298,917.7810048544605,0.0187993022942081,0.0,0.0,0.0,24.827164294115253,0.0,0.0,416.56561224048846,0.0,0.0,0.0,0.0,0.0,0.0,0.0,0.0,0.0,0.0,0.0,0.0,0.0,0.0,0.0187993022942081,0.0,0.0,0.0,0.0,0.0,0.0,0.0,0.0,254.88056028819756,0.0,751.8043595336823,0.0,-61.154474117168384,-1000.0,-1.4099476720656074,-0.9399651147104049,0.0,0.0,0.0,0.0,0.0,0.0,0.0,0.0,0.0,0.0,0.0,0.0,44.59857592670062,0.0,0.0,0.0,639.9466780129037,0.0,0.0,0.0,-0.0187993022942081,0.0,0.0,0.0187993022942081,0.0,0.0187993022942081,0.0,0.0,0.0,11.27958137652486,22.93514879893388,22.93514879893388,0.0,0.0,0.0,0.0,0.0,0.0,0.0,548.4456960684216,0.0,740.4234112428298,0.0,0.0,0.0,0.0,0.0,0.0,0.0,0.0,0.0,0.0,0.0,0.0,0.0,0.0,0.0,0.0,0.0,0.0,0.0,0.0,0.0,0.028198953441312145,0.0,0.0,0.0,-5.63979068826243,0.0,0.0,0.0,0.0,0.0,-431.32764265981905,0.9399651147104049,0.0,0.0,0.0,0.0,0.0,-690.6498854165138,0.0,0.0,0.0,0.0,0.0,0.0,0.0,0.0,44.59857592670062,0.0,0.0,-115.70046928619324,92.24013954115838,0.0,609.68583560958,-23.90153506329254,0.0,0.0,61.154474117168384,-61.154474117168384,0.0,-22.93514879893388,0.0,0.9399651147104049,1000.0,0.0,0.0,-37.34942897694262,-159.17747520554047,-1000.0,1000.0,-640.6250000000127,640.6250000000127,0.0,-712.7982427835209,0.0,0.0,0.0,75.30657516960815,-78.12647051373938,22.93514879893388,0.0,0.0,0.0,37.34942897694262,0.0,0.0,0.0,0.0,0.0,0.0,0.0,0.0,357.4310151622765,-24.827164294115253,0.0,0.0,5.63979068826243,58.05024006729565,0.0,0.0,0.0,-37.076955614000866,0.0,0.0,0.020679232523207247,0.0,0.0,0.0,11.46757439946694,0.0,0.0,0.0,0.0,512.9654169861049,0.0,0.0,0.0,0.0,0.0,0.0,0.0,0.0,-1000.0,0.0,0.0018799302294207898,0.0018799302294207898,0.0,0.0,0.0,0.0,0.0,0.0,0.0,0.0,0.0,0.0,37.34942897694262,0.0,0.0,0.0,0.0,431.32764265981905,0.0,0.0,0.0,0.0,0.0,0.0,0.0,471.4936920178825,0.0,0.0,0.0,116.1004801345913,0.0,57.289449639419935,357.60453046414887,0.0,0.0,0.0,11.27958137652486,0.0,0.0,0.0,0.0,0.0,0.0,-11.27958137652486,0.0,116.1004801345913,0.0,0.0,0.0,0.0,0.0,0.0,0.0,37.34942897694262,37.34942897694262,0.0,-917.7810048544605,-1000.0,12.87752207153255,-1000.0,994.3602093117375,0.0,999.9248027908229,0.0,0.0,0.0,0.0,0.0,0.0,0.0,0.0,0.0,0.0,0.0,0.0,0.0,0.0,0.0,0.0,0.0,-2.349912786776012,44.5985759267006,-1.4099476720656074,76.7165228416738,0.0,0.0,0.0,0.0,0.0,468.61066386281453,-468.84565514149216,43.07699507094917,0.0,0.0,0.0,0.0,0.0,0.0,0.0,1000.0,5.63979068826243,5.63979068826243,0.0,0.0,0.0,0.0,0.0,0.020679232523207247,431.32764265981905,0.0,0.0,-999.9248027908229,0.0,0.0,0.0,0.0,0.0,0.0,0.0,0.0,0.0,0.0,0.0,0.0,0.0,0.0,0.0,0.0,0.0,0.0,0.0,19.739267408918504,59.49778634394967,0.0,0.0,0.0,0.0,0.0,431.32764265981905,0.0,651.7551537909866,0.0,0.0,0.0,-2.349912786776012,0.0,0.0,0.0,0.0,0.0,0.0,0.0,0.0,0.0,0.0,0.0,0.0,0.0,0.0,0.0,0.0,0.0,0.0,-0.0187993022942081,0.0,0.0,0.9399651147104049,1.035248788590991,0.0,0.0,0.0,0.0,44.5985759267006,0.0,0.0,0.0,1.6186199275308955,0.46998255735520245,0.0,0.0,0.0,0.0187993022942081,0.0,18.799302294208097,-5.8277837112045106,3.75986045884162,0.134280730672915,52.450053400840595,-0.014099476720656073,0.9399651147103896,0.37598604588416196,-0.09399651147128482,-52.450053400840595,5.63979068826243,-0.0187993022942081,7.967178354430846,76.24013954115838,0.004699825573552025,0.134280730672915,-23.90153506329254,-61.04308899253431,36.97344293105846,-115.69181685650727,-0.0187993022942081,0.004699825573552025,-52.450053400840595,131.27229783653559,0.0187993022942081,0.0187993022942081,-431.28816412500163,-58.02956083477202,0.0,-0.014099476720656073,5.63979068826243,0.0187993022942081,5.63979068826243,-9.399651147104048,-0.00939965114710405,22.227612247746446,42.69984639498558,-0.014099476720656073,-0.0187993022942081,-5.8277837112045106,0.0187993022942081,1.8799302294208098,-0.37598604588416196,0.0,0.0,-1.8799302294208076,115.69181685650727,0.0,3.7598604588416196,0.028198953441312145,-1000.0,1.8799302294208098,-66.288132066864,76.24013954115838,-3.7598604588416196,0.00939965114710405,0.18799302294208098,46.38411711827522,96.0,-0.0187993022942081,-435.55748567601586,431.28816412500163,5.8277837112045106,0.0187993022942081,61.04308899253431,-75.71139081900631,76.24013954115838,-0.0187993022942081,-0.004699825573552025,-76.24013954115838,-0.0187993022942081,-41.12006977057919,0.0187993022942081,-0.004699825573552025,-0.004699825573552025,-0.004699825573552025,7.519720917683239,9.399651147104048,0.18799302294208098,13.927933087222595,-0.004699825573552025,84.8010558821196,0.9399651147104049,21.5,0.0187993022942081,0.00939965114710405,0.00939965114710405,40.0,5.8277837112045106,0.0187993022942081,-5.8277837112045106,0.18799302294208098,0.0187993022942081,-13.927933087222595,0.0187993022942081,0.07519720917711936,0.09399651147128482,0.00939965114710405,0.004699825573552025,5.63979068826243,-0.0187993022942081,0.0,-18.48672146552923,-27.85586617444519,0.4699825573552179,-1.8799302294208098,3.7598604588416196,0.9399651147104049,-0.0187993022942081,23.90153506329254,0.028198953441312145,-0.0187993022942081,-80.0,5.8277837112045106,77.58187155618575,0.00939965114710405,-43.0,-0.0187993022942081,-0.0187993022942081,-0.0187993022942081,0.00939965114710405,52.450053400840595,-3.7598604588416196,0.0187993022942081,92.76823423655044,-0.004699825573552025,58.02956083477202,-92.76823423655044,2.8198953441312145,-42.69984639498558,581.7043214891592,52.450053400840595,-0.014099476720656073,435.55748567601586,-96.0,0.0187993022942081,-0.004699825573552025,0.9399651147104049,18.799302294208097,-0.00939965114710405,-0.0187993022942081,0.004699825573552025,0.0,0.0,391.0289950066615,0.0,-46.0,0.0,479.5148620962118,-31.0,129.39236760711478,-32.0,137.98457161185138,-65.0,-608.9616053421914,16.0,23.0,-68.99228580592569,-129.39236760711478,15.5,-431.32764265981905,-40.50491594218488,608.9616053421914,65.0,-40.50491594218488,-479.5148620962118,276.67316134289865,0.0,1496.5981,hclb
374,0.0,0.0,0.0,0.0,0.0,0.0,0.0,0.0,66.25653329930662,0.0,0.0,0.0,0.0,0.0,0.0,0.0,1000.0,-831.2094407052155,0.0,0.0,0.0,0.0,0.0,1000.0,0.0,0.0,0.0,0.0,0.0,-900.9838270368712,0.0,0.0,910.716180300435,0.0,0.0,0.0,0.0,508.484482072366,0.0,-1000.0,993.033073350405,0.0,0.0,0.0,0.0,0.0,0.0,0.0,-393.5644183193017,0.0,0.0,0.0,0.0,0.025545397714977415,0.0,0.0,0.0,4.644617766396695,0.0,0.0,-176.95395539153134,0.0,194.8159481230274,0.0,0.0,0.0,0.0,0.0,0.0,461.6028793134193,0.0,0.2322308883198347,0.0,0.0,0.0,0.0,0.0,0.0,0.0,0.0,0.0,0.0,-386.76714461015547,0.0,13.933853299190083,0.0,180.8627729455602,76.24322050802675,-745.880700316856,0.0,-0.005805772207995869,0.0,0.0,-42.01994739441717,6.966926649595042,0.0,6.966926649595042,-0.7477834603897691,514.274369821785,0.0,0.0,169.64591243934763,-900.9838270368712,0.0,0.0,-2.3832558383226514,0.0,0.0,0.0,0.0,0.0,0.0,0.0,0.0,0.0,0.0,0.0,0.0,0.0,0.0,0.0,0.0,0.0,0.0,-331.363362463311,0.0,0.0,6.966926649595042,0.0,7.199157537914875,7.199157537914875,0.0,359.37499999999955,0.0,-359.37499999999955,359.37499999999955,-920.9794067262384,-953.1250000001028,953.1250000001028,903.1174139947424,0.0,0.0,0.0,0.0,0.0,569.4180953957784,0.02322308883198347,0.0,0.0,0.0,0.0,-170.585585249396,0.0,0.0,0.0,0.0,-4.468999673074406,0.0,0.0,0.0,0.0,0.0,999.976776911168,999.976776911168,0.0,0.0,0.0,0.0,-821.0136987257567,0.0,0.0,1000.0,0.0,0.0,0.0,0.0,-512.9161954700214,0.0,0.0,0.0,0.0,0.0,0.0,0.0,0.0,0.0,-3.483463324797529,0.0,0.0,0.0,0.0,-736.5744325651341,0.0,0.0,0.0,0.0,0.0,0.0,0.0,907.4526612132422,-907.4526612132422,0.0,0.0,0.0,0.0,0.0,0.0,0.0,0.0,-771.9619186209987,0.0,0.0,0.0,0.0,0.0,0.0,0.0,0.0,0.0,0.0,0.0,0.0,0.0,38.10393923867343,195.83354609953392,294.54824535617286,0.0,0.0,0.0,17.86199273149604,0.0,0.0,0.0,0.0,0.0,-176.95395539153134,294.54824535617286,0.0,0.0,14.318611951916699,0.0,0.0,0.0,0.0,0.0,0.0,0.0,0.0,0.0,999.965165366752,-653.368196163346,590.1314634019673,0.0,-294.54824535617286,0.0,0.0,17.861992731496002,-716.4264712217912,0.0,0.0,0.0,-98.72588435272905,0.0,0.0,-877.8975571507865,0.0,1000.0,-877.8975571507865,0.0,1000.0,161.57196089638626,0.0,393.5644183193017,0.0,0.0,79.19073291706363,0.0,0.0,0.0,-723.4213399272738,0.0,723.4213399272738,0.0,1000.0,0.0,17.86199273149604,0.0,0.0,0.0,0.0,-176.95395539153134,-0.03483463324797521,0.0,0.0,0.0,0.0,0.02322308883198347,0.0,0.0,0.0,729.607505915539,1000.0,0.0,-402.2476912264052,-533.6009017022477,512.9161954700214,1000.0,0.0,-859.3750000000008,0.0,-2.3832558383226514,0.0,0.0,0.0,100.14739538821205,759.2276046117887,0.0,-1000.0,-1000.0,0.0,0.0,0.0,0.0,0.0,0.0,0.0,0.0,0.0,0.0,0.0,0.0,0.0,0.0,0.0,0.0,14.318611951916699,-491.4226255723067,0.0,-1000.0,0.0,0.0,0.0,0.0,0.0,0.0,-569.4180953957784,0.0,901.0415144319404,0.0,0.0,168.48475799774843,0.0,0.0,0.0,0.0,-759.2276046117887,0.0,-1.1611544415991737,0.0,-133.4167924489116,0.0,-85.4035334404734,569.0057760539346,-0.5805772207995868,0.0,0.0,0.0,176.38134476567967,0.0,234.40254134395826,6.966926649595042,0.0,0.0,0.0,0.0,0.0,66.27975638813861,0.0,-38.10393923867343,38.10393923867343,38.10393923867343,-791.8740283300183,0.0,0.0,-542.6347650143446,0.0,0.0,0.0,0.0,0.0,-10.044357623438259,0.0,0.0,0.0,0.0,0.0,0.0,0.0,18.281034200542866,0.04644617766396183,0.0,0.0,0.0,0.0,0.0,0.0,0.0,0.0,0.0,0.0,0.0,0.0,0.0,0.0,0.0,0.0,0.0,0.0,0.0,0.025545397714977415,0.025545397714977415,0.0,129.45932147227674,0.0,13.933853299190083,0.0,0.0,0.0,1000.0,0.0,0.0,180.8627729455602,0.0,0.0,-474.39966323551664,-1000.0,0.0,0.0,670.7262593887167,0.0,0.0,0.0,0.0,0.0,0.0,0.0,0.0,0.0,0.0,110.45445415443699,-729.607505915539,170.585585249396,0.0,182.65095078562297,0.0,-42.01994739441717,0.0,0.0,0.0,-474.39966323551664,0.0,543.8813709650262,-1000.0,0.0,0.0,38.10393923867343,0.0,0.0,0.0,0.0,0.0,0.0,0.0,0.0,0.0,0.0,0.0,0.0,0.0,13.933853299190083,17.861992731496002,17.861992731496002,0.0,0.0,0.0,0.0,0.0,0.0,0.0,0.0,0.0,0.0,0.2322308883198347,0.0,0.0,180.8627729455602,-180.8627729455602,0.0,0.0,0.0,0.0,6.966926649595042,-670.7262593887167,0.0,0.0,0.0,0.0,0.0,0.0,0.0,0.0,0.0,285.94228383907114,0.0,0.0,6.966926649595042,6.966926649595042,1000.0,-1000.0,0.0,0.0,0.0,0.0,0.0,0.0,0.0,900.9838270368712,0.0,1000.0,0.02322308883198347,0.0,0.0,-697.726463439493,699.5992396745866,882.6126664019442,0.0,42.01994739441717,0.0,0.0,0.0,0.0,0.0,0.0,0.0,0.0,0.0,0.0,0.0,0.0,0.0,0.0,0.02322308883198347,0.0,0.0,0.0,-985.8366169000592,985.8366169000592,0.0,0.0,0.0,0.0,0.0,331.623419036162,0.0,0.0,-508.5773744276933,-1.7417316623987606,0.0,-1.1611544415991746,0.0,-515.625,-515.625,515.625,0.0,0.0,0.0,0.0,0.0,0.0,0.0,17.861992731496002,512.9161954700214,0.0,0.0,411.9450405512371,0.0,0.0,0.0,66.25653329930662,0.0,0.0,0.02322308883198347,0.0,0.02322308883198347,0.0,461.6028793134193,0.0,13.933853299190083,28.332168375019837,28.332168375019837,0.0,0.0,0.0,0.0,0.0,0.0,386.76714461015547,170.585585249396,0.0,0.0,0.0,0.0,0.0,102.14690333664562,0.0,0.0,0.0,0.0,0.0,0.0,0.0,0.0,0.0,0.0,0.0,0.0,0.0,0.0,0.0,0.0,0.0,0.03483463324797521,0.0,0.0,0.0,-6.966926649595042,0.0,0.0,0.0,0.0,0.0,-129.45932147227674,1.1611544415991737,0.0,0.0,0.0,0.0,821.0136987257567,668.376580963838,-1.1611544415991746,0.0,0.0,0.0,0.0,0.0,0.0,0.0,17.861992731496002,0.0,670.7262593887167,0.0,91.35538223360331,0.0,230.9409674829993,880.2294105636216,0.0,98.95848556805959,901.0415144319404,-1000.0,0.0,-744.758639596811,0.0,1.1611544415991746,795.0784232642777,0.0,0.0,0.0,-371.7699035145587,890.6250000000005,-890.6250000000005,0.0,0.0,0.0,0.0,0.0,0.0,0.0,0.0,0.0,28.332168375019837,0.0,0.0,0.0,0.0,0.0,0.0,0.0,0.0,0.0,0.0,0.0,0.0,134.68451645947303,-1.8727762350935109,453.7908909832654,0.0,6.966926649595042,180.8627729455602,0.0,0.0,0.0,-13.143407844557107,0.0,0.0,0.025545397714977415,0.0,0.0,0.0,14.166084187509917,0.0,0.0,0.0,0.0,195.83354609953392,0.0,0.0,0.0,0.0,0.0,0.0,0.0,0.0,-663.1792765705668,0.0,0.0023223088831984136,0.0023223088831984136,0.0,0.0,0.0,0.0,0.0,0.0,0.0,0.0,0.0,-697.726463439493,0.0,0.0,0.0,0.0,0.0,129.45932147227674,0.0,0.0,0.0,0.0,0.0,0.0,0.0,0.0,0.0,0.0,0.0,361.7255458911204,1000.0,1000.0,-831.2094407052155,0.0,0.0,0.0,13.933853299190105,0.0,0.0,0.0,0.0,0.0,-764.5804636894952,750.6466103903051,0.0,361.7255458911204,0.0,0.0,0.0,0.0,0.0,0.0,0.0,0.0,0.0,0.0,-1000.0,-1000.0,118.05471918655452,-6.966926649595042,0.0,0.0,508.484482072366,0.0,0.0,0.0,0.0,0.0,0.0,0.0,0.0,0.0,179.6875,0.0,-179.6875,-179.6875,0.0,0.0,0.0,0.0,-2.9028861039979352,17.861992731496002,-170.2264896601472,100.40517167424707,0.0,0.0,0.0,0.0,0.0,0.0,-0.2902886103997934,10.044357623438259,0.0,0.0,0.0,0.0,0.0,0.0,0.0,1000.0,6.966926649595042,6.966926649595042,0.0,0.0,0.0,0.0,0.0,0.025545397714977415,129.45932147227674,0.0,0.0,-508.484482072366,0.0,0.0,0.0,0.0,0.0,0.0,0.0,0.0,0.0,0.0,0.0,0.0,0.0,0.0,230.80143965670965,0.0,0.0,7.199157537914875,0.0,24.384243273582648,569.4180953957784,0.0,0.0,0.0,0.0,0.0,129.45932147227674,0.0,-669.1243644242278,0.0,0.0,0.0,-2.9028861039979352,0.0,0.0,0.0,0.0,0.0,0.0,0.0,0.0,0.0,0.0,0.0,0.0,0.0,0.0,0.0,0.0,0.0,0.0,-0.02322308883198347,0.0,0.0,1.1611544415991737,474.39966323551664,0.0,0.0,0.0,0.0,17.86199273149604,0.0,0.0,0.0,-100.14739538821205,0.5805772207995868,0.0,0.0,0.0,0.02322308883198347,0.0,23.22308883198347,0.0,4.644617766396695,0.1658792059427391,79.19073291706363,-0.017417316623987603,85.4035334404734,0.4644617766396695,-0.1161154441592771,-79.19073291706363,6.966926649595042,-0.023223088831983475,0.7944186127742171,0.0,0.005805772207995869,0.1658792059427391,-2.3832558383226514,-184.55988868761193,-0.4644617766396695,-168.79055929478454,-0.023223088831983475,0.005805772207995869,-79.19073291706363,2.3223088831983474,0.023223088831983475,0.02322308883198347,-129.41055298572977,-180.837227547845,-5.05596802130231,-0.017417316623987603,6.966926649595042,0.023223088831983475,6.966926649595042,-11.611544415991737,-0.011611544415991737,14.29147937102202,-2.3455319720303294,-0.017417316623987603,-0.023223088831983475,0.0,0.02322308883198347,2.3223088831983474,-0.4644617766396695,0.0,0.0,-2.3223088831983474,168.79055929478454,0.0,4.644617766396695,0.03483463324797521,-1000.0,2.3223088831983474,-110.45445415443699,0.0,-4.644617766396695,0.011611544415991737,0.2322308883198347,100.5619228066013,96.0,-0.02322308883198347,-134.68451645947303,129.41055298572977,7.199157537914875,0.023223088831983475,184.55988868761193,-27.86770659838021,0.0,-0.02322308883198347,-0.005805772207995869,0.0,-0.02322308883198142,18.281034200542866,0.023223088831983475,-0.005805772207995869,-0.005805772207995869,-0.005805772207995869,9.28923553279339,11.611544415991737,0.2322308883198347,17.20540593839563,-0.005805772207995869,200.32942700042838,1.1611544415991737,-7.979362658672259,0.02322308883198347,0.011611544415991737,0.011611544415991737,-6.608687482549673,0.0,0.02322308883198347,0.0,0.2322308883198347,0.023223088831983475,-17.20540593839563,0.023223088831983475,0.09289235532729363,0.1161154441592771,0.011611544415991737,0.005805772207995869,6.966926649595042,-0.023223088831983475,5.05596802130231,0.23223088831983474,-34.41081187679126,84.82295621967381,-2.3223088831983474,4.644617766396695,1.1611544415991737,-0.023223088831983475,2.3832558383226514,0.03483463324797521,-0.023223088831983475,13.217374965099346,0.0,41.123635310262344,0.011611544415991737,15.958725317344518,-0.023223088831983475,-0.023223088831983475,-0.023223088831983475,0.011611544415991737,79.19073291706363,-4.644617766396695,0.02322308883198347,201.1238456132026,-0.005805772207995869,180.837227547845,-201.1238456132026,3.4834633247975204,2.3455319720303307,670.7864031309923,79.19073291706363,-0.017417316623987603,134.68451645947303,-96.0,0.023223088831983475,-0.0058057722079958695,1.1611544415991746,23.22308883198347,-0.011611544415991737,-0.023223088831983475,0.005805772207995869,0.0,0.0,838.4164275591977,0.0,-46.0,0.0,69.84877161938743,-31.0,0.0,-32.0,-93.0,-65.0,-161.57196089638626,16.0,23.0,46.5,0.0,15.5,-129.45932147227674,-27.980227465705237,161.57196089638626,65.0,-27.980227465705237,-69.84877161938743,47.69708466728465,0.0,1496.5981,hclb
375,0.0,0.0,0.0,0.0,0.0,0.0,0.0,0.0,-0.0018184891078053644,0.0,0.0,0.0,0.0,0.0,0.0,0.0,827.1099712636935,-758.3324330801174,0.0,0.0,0.0,0.0,0.0,0.0,0.0,0.0,0.0,0.0,0.0,-552.5910476795584,0.0,0.0,11.640065316671262,0.0,0.0,0.0,0.0,434.87455301500415,0.0,-589.6193558265238,245.28192528148506,0.0,0.0,-999.2078659992011,0.0,0.0,0.0,0.0,0.0,0.0,0.0,275.311057584934,0.0,0.002000338018596198,0.0,0.0,0.0,0.3636978215610729,0.0,0.0,-7.729488316574134,0.0,-274.74075488184917,-282.4702431984233,0.0,0.0,0.0,0.0,0.0,0.0,0.0,0.018184891078053645,0.0,0.0,0.0,0.0,0.0,0.0,0.0,0.0,0.0,0.0,-704.6197064226037,0.0,1.0910934646832187,0.0,0.0,203.81078740211268,443.8783922255416,0.0,-0.00045462227695134105,0.0,0.0,0.0,0.5455467323416093,0.0,188.01135421180274,0.0,0.0,0.0,0.0,746.7040989784956,-1000.0,0.0,0.0,-19.319746074046225,0.0,14.603203750180178,0.0,0.0,0.0,0.0,0.0,0.0,0.0,0.0,0.0,0.0,0.0,0.0,0.0,0.0,0.0,0.0,-245.35300926140854,0.0,0.0,188.01135421180274,0.0,0.563731623419663,0.0,0.0,0.0,0.0,0.0,0.0,0.0,0.0,0.0,0.0,0.0,0.0,0.0,0.0,0.0,704.7597300839047,0.0018184891078053642,0.0,0.0,0.0,0.0,0.0,0.0,0.0,0.0,0.0,46.789359706587504,0.0,0.0,0.0,0.0,0.0,144.86066037836463,144.86066037836463,0.0,0.0,0.0,0.0,0.0,0.0,0.0,144.86247886747245,0.0,0.0,0.0,0.0,0.0,0.0,0.0,0.0,0.0,0.0,0.0,0.0,0.0,0.0,-393.56166084044327,0.0,0.0,0.0,0.0,-699.6531234183476,0.0,0.0,0.0,0.0,0.0,0.0,-275.311057584934,-24.020702986992035,24.020702986992035,0.0,0.0,0.0,0.0,0.0,0.0,0.0,447.40895232044153,64.40899103996325,0.0,0.0,0.0,0.0,0.0,0.0,0.0,0.0,0.0,0.0,0.0,0.0,0.0,165.28799889564618,161.01192738038156,0.7921340007989102,0.0,0.0,0.0,0.0,84.81633260011166,0.0,0.0,0.0,0.0,-7.729488316574134,1000.0,0.0,0.0,0.0,0.0,0.0,0.0,0.0,0.0,0.05855534927143608,0.0,187.46580747946112,0.0,532.1009047874663,1000.0,-95.52097316981337,0.0,-0.7921340007989102,0.0,0.0,0.0,309.5014158650972,0.0,0.0,0.0,-210.64140447979526,0.0,0.0,0.0,220.6746095903614,145.66386752652022,-145.66386752652028,-75.01074206384118,0.0,419.85768923854954,0.0,-710.8528658842881,0.0,0.0,-79.74274798933469,0.0,0.0,0.0,625.9357721712886,0.0,-625.9357721712886,0.0,144.8588418892568,0.0,0.0,129.90557756602868,0.0,0.0,0.0,-7.729488316574134,-0.0027277336617080464,0.0,0.0,0.0,0.0,0.0018184891078053642,0.0,0.0,0.0,426.76688125716174,827.1099712636935,0.0,-234.75731586241903,208.2268341202552,0.0,433.2932794932878,0.0,167.8293613247598,0.0,-19.319746074046225,0.0,0.0,0.0,0.0,0.0,-167.8293613247598,0.0,-690.7100614909123,0.0,0.0,0.0,0.0,0.0,0.0,0.0,0.0,0.0,0.0,0.0,0.0,0.0,0.0,0.0,0.0,0.0,0.0,0.0,-641.6022422866843,0.0,240.78244550641006,0.0,0.0,0.0,0.0,-704.8182854331761,0.0,704.6197064226037,0.0,0.0,746.6131745231053,-383.58554137343793,734.3749999999966,-373.3975117169429,-0.04546222769513411,383.58554137343793,-631.2061173035302,-224.82816781880732,575.6429034439643,-410.4187096150465,-734.3749999999966,0.0,0.0,0.0,224.73724336341704,0.0,0.0,0.0,0.0,446.22693440036807,188.01135421180274,-46.87500000023076,46.87500000023076,0.0,0.0,0.0,0.0,0.0,-165.28799889564618,165.28799889564618,165.28799889564618,111.95604825248516,0.0,0.0,0.0,0.0,0.0,447.40895232044153,0.0,0.0,-15.458976633148268,0.0,0.0,0.0,0.0,0.0,0.0,0.0,-26.99942683142119,0.0036369782155981764,0.0,0.0,0.0,0.0,0.0,0.0,0.0,0.0,0.0,0.0,0.0,0.0,0.0,0.0,0.0,0.0,0.0,0.0,0.0,0.002000338018596198,0.002000338018596198,0.0,260.9243010740851,0.0,1.0910934646832187,0.0,0.0,0.0,1000.0,0.0,0.0,0.0,0.0,0.0,231.02774405305075,-1000.0,0.0,0.0,0.0,0.0,0.0,0.0,0.0,0.0,0.0,0.0,0.0,0.0,0.0,81.78433642046951,-426.76688125716174,0.0,0.0,0.14002366130102928,0.0,0.0,0.0,-84.81633260011166,0.0,83.42561322468674,0.0,0.0,204.02831722162955,984.0360770530929,-984.0360770530929,165.28799889564618,0.0,0.0,0.0,0.0,0.0,0.0,0.0,0.0,0.0,0.0,0.0,0.0,0.0,1.0910934646832187,0.0,0.0,0.0,0.0,0.0,0.0,0.0,0.0,0.0,0.0,0.0,0.0,0.018184891078053645,0.0,0.0,0.0,0.0,0.0,-275.311057584934,0.0,0.0,188.01135421180274,0.0,0.0,0.0,0.0,0.0,0.0,0.0,0.0,0.0,0.0,1000.0,-776.9097515817815,0.0,0.5455467323416093,0.5455467323416093,0.0,-1000.0,0.0,0.0,0.0,0.0,0.0,0.0,0.0,0.0,447.40895232044153,-202.68278653563777,0.0018184891078053642,0.0,0.0,2.401574651015242,0.0,0.0,0.0,0.0,0.0,0.0,0.0,0.0,0.0,0.0,11.35401006372031,0.0,0.0,0.0,0.0,0.0,0.0,0.0,0.0018184891078053642,0.0,0.0,0.0,-957.5098507001778,957.5098507001778,0.0,0.0,0.0,240.78244550641006,0.0,358.1991787027432,0.0,0.0,-1000.0,-0.13638668308540502,-0.09092445539026829,0.0,0.0,0.0,0.0,0.0,0.0,0.0,0.0,0.0,0.0,0.0,0.0,0.0,0.0,0.0,0.0,446.3178588557583,0.0,0.0,0.0,-0.0018184891078053642,0.0,0.0,0.0018184891078053642,0.0,0.0018184891078053642,34.06203019116093,0.0,0.0,1.0910934646832187,2.218556711522545,2.218556711522545,0.0,0.0,0.0,0.0,0.0,0.0,704.6197064226037,0.0,0.0,447.40895232044153,0.0,0.0,0.15657191218205213,0.0,0.0,0.0,0.0,0.0,0.0,0.0,0.0,0.0,0.0,0.0,0.0,0.0,0.0,84.81633260011166,0.0,0.0,0.0,0.0027277336617080464,0.0,0.0,0.0,-188.01135421180274,0.0,0.0,0.0,0.0,0.0,-260.9243010740851,0.09092445539026822,0.0,0.0,0.0,0.0,0.0,641.8008212972568,0.0,0.0,0.0,0.0,0.0,0.0,0.0,0.0,0.0,0.0,0.0,138.27391581810681,95.63630217843892,0.0,64.63630217843892,-19.319746074046225,358.3977577133157,-63.017464135919454,704.6197064226037,-1000.0,0.0,307.2828591535747,0.0,0.09092445539026829,981.5782501698836,0.0,0.0,0.0,-15.458976633148268,0.0,0.0,0.0,0.0,0.0,0.0,0.0,0.0,0.0,654.6223485976138,-261.3334611233413,2.218556711522545,0.0,0.0,0.0,0.0,0.0,0.0,0.0,0.0,0.0,0.05855534927143608,0.0,0.0,0.0,-2.401574651015242,0.0,0.0,0.5455467323416093,0.0,0.0,0.0,0.0,-12.425294373088168,0.0,0.0,0.002000338018596198,0.0,0.0,0.0,1.1092783557612724,0.0,0.0,0.0,0.0,161.01192738038156,0.0,0.0,0.0,0.0,0.0,0.0,0.0,0.0,0.0,0.0,0.00018184891078053644,0.00018184891078053644,0.0,0.0,0.0,0.0,0.0,34.06203019116093,0.0,0.0,0.0,2.401574651015242,0.0,0.0,0.0,0.0,0.0,260.9243010740851,0.0,0.0,0.0,0.0,0.0,0.0,0.0,0.0,0.0,0.0,0.0,0.0,668.0560190581648,0.0,-758.3324330801174,0.0,0.0,0.0,1.0910934646832402,0.0,0.0,0.0,0.0,0.0,998.9089065353168,-1000.0,0.0,0.0,0.0,0.0,0.0,0.0,0.0,0.0,0.0,0.0,0.0,0.0,511.9727250447255,-1000.0,1.4022369510287265,-188.01135421180274,0.0,0.0,641.5949683302533,0.0,0.0,0.0,0.0,0.0,0.0,0.0,0.0,0.0,0.0,0.0,0.0,0.0,0.0,0.0,0.0,0.0,-0.2273111384756733,0.0,-746.7495612061907,261.353646352438,0.0,0.0,0.0,0.0,0.0,344.2854662466638,-344.3081973605114,15.458976633148268,0.0,0.0,0.0,0.0,0.0,0.0,0.0,1000.0,0.5455467323416093,0.5455467323416093,0.0,0.0,0.0,0.0,0.0,0.002000338018596198,260.9243010740851,0.0,0.0,-675.6569985214142,0.0,0.0,0.0,0.0,0.0,0.0,0.0,0.0,0.0,0.0,0.0,0.0,0.0,0.0,17.031015095580464,0.0,0.0,0.0,0.0,1.9094135631956326,0.0,0.0,704.7597300839047,0.0,0.0,0.0,260.9243010740851,0.0,-641.891745752647,0.0,0.0,0.0,-0.2273111384756733,0.0,0.0,0.0,0.0,0.0,0.0,0.0,0.0,0.0,0.0,0.0,0.0,0.0,0.0,0.0,0.0,0.0,0.0,-0.0018184891078053642,0.0,0.0,0.09092445539026822,-231.02774405305075,0.0,0.0,0.0,0.0,0.0,0.0,0.0,0.0,0.0,0.04546222769513411,0.0,0.0,0.0,0.0018184891078053642,0.0,1.8184891078053642,-0.563731623419663,0.3636978215610729,0.01298920791289546,5.073584610776967,-0.0013638668308540232,373.3975117169429,0.03636978215610729,34.05293774562209,-5.073584610776967,0.5455467323416093,-0.0018184891078053644,6.4399153580154085,0.0,0.0004546222769513411,0.01298920791289546,-19.319746074046225,-0.28950346596275267,-0.03636978215610729,-68.7775381835761,-0.0018184891078053644,0.0004546222769513411,-5.073584610776967,0.18184891078053644,0.0018184891078053644,0.0018184891078053642,-260.9204822469587,0.002000338018585901,0.0,-0.0013638668308540232,0.5455467323416093,0.0018184891078053644,188.01135421180274,186.55656292555844,-0.0009092445539026822,-8.149867558495053,-85.0,-0.0013638668308540232,-0.0018184891078053644,-0.563731623419663,0.0018184891078053642,0.18184891078053644,-0.03636978215610729,84.81633260011166,84.81633260011166,-0.18184891078053644,68.7775381835761,-84.81633260011166,0.3636978215610729,0.0027277336617080464,0.0,0.18184891078053644,-81.78433642046951,0.0,-0.3636978215610729,0.0009092445539026821,0.018184891078053645,58.68932896560476,96.0,-0.0018184891078053642,-261.3334611233413,260.9204822469587,0.563731623419663,0.0018184891078053644,0.28950346596275267,-189.64799440882774,0.0,-0.0018184891078053642,-0.00045462227695134105,0.0,-0.0018184891078053644,-26.99942683142119,0.0018184891078622078,-0.00045462227695134105,-0.00045462227695134105,-0.00045462227695134105,0.7273956431221458,-186.55656292555844,0.018184891078053645,148.85044248902784,-0.00045462227695134105,110.9387425731941,0.09092445539026822,13.590637871100864,0.0018184891078053642,0.0009092445539026821,0.0009092445539026822,0.18184891078053644,0.563731623419663,0.0018184891078053642,-0.563731623419663,0.018184891078053645,0.001818489107805365,-443.8567812315933,0.0018184891078053644,0.007273956430967992,-34.05293774562209,0.0009092445539026822,0.00045462227695134105,0.5455467323416093,-0.0018184891078053644,0.0,0.018184891078053645,-297.7008849780557,373.3520494892478,-0.18184891078053644,0.3636978215610729,0.09092445539026822,-0.0018184891078053644,19.319746074046225,0.0027277336617080464,-0.001818489107805365,-0.3636978215610729,0.563731623419663,59.57664770950487,0.0009092445539026822,-27.181275742201727,-0.0018184891078053644,-0.0018184891078622078,-0.0018184891078053644,0.0009092445539026822,5.073584610776967,-0.3636978215610729,0.0018184891078053642,117.37865793120952,-0.00045462227695134105,-0.002000338018585901,-117.37865793120952,0.2727733661708046,85.0,-387.696770256021,5.073584610776967,-0.0013638668308540232,261.3334611233413,-96.0,0.0018184891078053644,-0.000454622276951341,0.09092445539026829,1.8184891078053642,-0.0009092445539026821,-0.0018184891078053644,0.0004546222769513411,1000.0,0.0,-419.85859848310344,295.00633874256545,-46.0,0.0,503.7932148544116,-31.0,0.0,-32.0,-93.0,-65.0,-419.85768923854954,16.0,23.0,46.5,0.0,15.5,-260.9243010740851,-47.1513533364167,419.85768923854954,65.0,-47.1513533364167,-503.7932148544116,346.6296801762294,0.0,1496.5981,hclb
376,0.0,0.0,0.0,0.0,0.0,0.0,0.0,0.0,72.75990855949061,0.0,0.0,0.0,0.0,0.0,0.0,0.0,176.97796554755098,520.3684703993596,0.0,-198.5043434985531,0.0,0.0,0.0,624.1148344984052,0.0,0.0,0.0,0.0,0.0,0.0,31.279206659618247,-31.279206659618247,16.33813414466097,0.0,0.0,0.0,0.0,999.9473456117385,0.0,-1000.0,996.0509208803857,0.0,0.0,0.0,0.0,0.0,498.22840476750184,0.0,0.0,-1000.0,0.0,0.0,0.0,0.014479956772108336,0.0,0.0,0.0,2.6327194130762344,0.0,0.0,-73.80453472245654,0.0,-446.56393567690304,-520.3684703993596,0.0,0.0,0.0,0.0,0.0,7.898158239228703,0.0,0.13163597065381172,0.0,0.0,0.0,0.0,0.0,0.0,0.0,0.0,0.0,0.0,804.1517033841442,0.0,7.898158239228703,0.0,62.21885838769233,1000.0,1000.0,-635.2513978279442,-0.003290899266345293,0.0,0.0,383.6473697182373,3.9490791196143515,0.0,3.9490791196143515,-31.703074485124194,0.0,0.0,804.1517033841442,0.6581798532690586,-1000.0,0.0,0.0,-14.370950360193921,0.0,0.0,0.0,0.0,0.0,0.0,0.0,0.0,0.0,0.0,0.0,0.0,0.0,0.0,0.0,0.0,0.0,0.0,-147.52187292841887,0.0,0.0,3.9490791196143515,0.0,4.080715090268162,0.0,0.0,-31.279206659618247,-861.1012158210889,892.3804224807071,-892.3804224807071,-327.33126121335863,0.0,0.0,327.33126121335863,0.0,0.0,0.0,0.0,0.0,-740.9192480224175,0.013163597065381172,0.0,0.0,0.0,0.0,0.0,0.0,0.0,0.0,0.0,160.47714332715083,0.0,0.0,0.0,0.0,0.0,657.1621273330223,657.1621273330223,0.0,0.0,0.0,0.0,783.9057256700822,0.0,0.0,688.4544975897059,0.0,0.0,0.0,-147.3103485365893,0.0,0.0,0.0,0.0,0.0,0.0,0.0,0.0,0.0,0.0,-60.93469338429107,0.0,0.0,0.0,0.0,-796.6479910318554,0.0,0.0,0.0,0.0,0.0,1000.0,0.0,0.0,0.0,0.0,0.0,0.0,0.0,0.0,0.0,0.0,1000.0,-939.2781690462489,0.0,0.0,0.0,0.0,0.0,0.0,0.0,0.0,0.0,0.0,0.0,0.0,0.0,672.4185970482944,-37.73456117384753,-176.97796554755098,0.0,0.0,0.0,0.0,0.0,0.0,0.0,0.0,0.0,-73.80453472245654,-176.97796554755098,31.279206659618247,0.0,40.60742258544625,0.0,0.0,0.0,0.0,0.0,0.0,0.0,0.0,0.0,-619.2237150264801,380.77628497351986,1000.0,0.0,176.97796554755098,0.0,0.0,0.0,-983.9404115802349,0.0,0.0,0.0,-37.6493014946887,0.0,0.0,-1000.0,-869.9462359106412,-869.9462359106412,-130.05376408935868,0.0,0.0,1000.0,0.0,-678.1358730991935,1000.0,0.0,36.72643581241347,0.0,0.0,0.0,-583.4091465620808,0.0,583.4091465620808,0.0,1000.0,0.0,0.0,0.0,0.0,0.0,0.0,-73.80453472245654,-0.019745395598071758,0.0,0.0,0.0,0.0,0.013163597065381172,0.0,0.0,0.0,792.6989119122411,176.97796554755098,0.0,-590.0874917136755,196.45962852389982,0.0,1000.0,0.0,-165.28667219387103,0.0,-14.370950360193921,0.0,0.0,0.0,-1.1333857073295077,-256.1048787714769,422.5249366726774,-962.1861535419941,860.7439016138791,0.0,0.0,0.0,0.0,0.0,0.0,0.0,0.0,0.0,0.0,0.0,0.0,0.0,0.0,0.0,0.0,40.60742258544625,19.689439036811958,0.0,-980.3105609631881,0.0,0.0,0.0,0.0,0.0,0.0,867.2353114530596,0.0,0.0,0.0,0.0,0.0,0.0,0.0,-93.61751459577891,0.0,256.1048787714769,475.56526074577727,0.0,0.0,-440.24972012121316,0.0,92.95933474250985,-348.07694373408316,-0.3290899266345293,-0.6581798532690586,0.0,0.0,0.0,-1000.0,999.3418201467309,3.9490791196143515,-140.62500000067146,140.62500000067146,0.0,0.0,0.0,72.773072156556,672.4185970482944,0.0,0.0,0.0,104.73823094711769,0.0,0.0,0.0,0.0,0.0,1000.0,0.0,0.0,-23.17135266952842,0.0,0.0,0.0,0.0,0.0,0.0,0.0,-41.683640293461885,0.026327194130775812,0.0,0.0,0.0,0.0,0.0,0.0,0.0,0.0,0.0,7.898158239228703,0.0,0.0,0.0,0.0,0.0,0.0,0.0,0.0,0.0,0.014479956772108336,0.014479956772108336,31.279206659618247,765.7858776352181,0.0,7.898158239228703,0.0,0.0,0.0,1000.0,0.0,0.0,62.21885838769233,0.0,0.0,233.59956960901462,-1000.0,0.0,0.0,553.390763454598,0.0,0.0,0.0,0.0,0.0,0.0,0.0,0.0,0.0,0.0,49.17395764280629,-792.6989119122411,0.0,0.0,63.23245536172667,0.0,-592.7603478720071,976.4077175902444,976.4077175902444,0.0,233.59956960901462,0.0,191.91592931555275,0.0,0.0,0.0,672.4185970482944,0.0,0.0,0.0,0.0,0.0,0.0,0.0,0.0,0.0,0.0,0.0,0.0,0.0,7.898158239228703,0.0,0.0,0.0,0.0,0.0,0.0,0.0,0.0,0.0,0.0,0.0,0.0,0.13163597065381172,0.0,31.279206659618247,62.21885838769233,-62.21885838769233,31.279206659618247,0.0,0.0,0.0,3.9490791196143515,-553.390763454598,0.0,0.0,0.0,0.0,0.0,0.0,0.0,0.0,0.0,0.0,0.0,0.0,3.9490791196143515,3.9490791196143515,1000.0,-1000.0,0.0,0.0,0.0,0.0,0.0,0.0,0.0,962.1861535419941,1000.0,1000.0,0.013163597065381172,0.0,0.0,0.0,17.384410438702318,0.0,0.0,-383.6473697182373,0.0,0.0,0.0,0.0,0.0,0.0,0.0,0.0,0.0,0.0,0.0,0.0,0.0,0.0,0.013163597065381172,0.0,0.0,0.0,-1000.0,1000.0,0.0,0.0,0.0,0.0,0.0,867.2353114530596,0.0,0.0,-1000.0,-0.9872697799036132,0.0,-0.6581798532690586,0.0,0.0,0.0,0.0,0.0,0.0,0.0,0.0,0.0,0.0,0.0,0.0,0.0,0.0,0.0,1000.0,0.0,0.0,0.0,72.75990855949061,0.0,0.0,0.013163597065381172,0.0,0.013163597065381172,0.0,0.0,0.0,7.898158239228703,16.059588419765028,16.059588419765028,0.0,0.0,0.0,0.0,0.0,0.0,0.0,0.0,0.0,1000.0,0.0,0.0,0.0,0.0,0.0,0.0,0.0,0.0,0.0,0.0,0.0,0.0,0.0,0.0,0.0,0.0,0.0,0.0,0.0,0.0,0.0,0.019745395598071758,0.0,0.0,0.0,-3.9490791196143515,0.0,0.0,0.0,0.0,0.0,-765.7858776352181,0.6581798532690586,0.0,0.0,0.0,0.0,-783.9057256700822,0.0,-0.6581798532690586,0.0,0.0,0.0,0.0,0.0,0.0,0.0,0.0,0.0,553.390763454598,0.0,93.36728058692381,0.0,62.36728058692377,-14.370950360193921,0.0,867.2353114530596,0.0,-867.2353114530596,0.0,-1000.0,0.0,0.6581798532690586,1000.0,0.0,0.0,-31.279206659618247,-147.60906944491308,0.0,0.0,0.0,0.0,0.0,-95.0368567710238,0.0,0.0,0.0,827.7078407994128,-768.7476869749289,16.059588419765028,0.0,31.279206659618247,31.279206659618247,0.0,0.0,0.0,0.0,0.0,0.0,0.0,0.0,0.0,0.0,-25.28256867793102,47.83609821079364,0.0,3.9490791196143515,62.21885838769233,0.0,0.0,0.0,38.85930747408162,0.0,0.0,0.014479956772108336,0.0,0.0,0.0,8.029794209882514,0.0,0.0,0.0,0.0,-37.73456117384753,0.0,0.0,0.0,0.0,0.0,0.0,0.0,0.0,0.0,0.0,181.79802556425733,0.0013163597065381184,0.0,0.0,0.0,0.0,0.0,0.0,0.0,0.0,0.0,0.0,31.279206659618247,0.0,0.0,0.0,0.0,765.7858776352181,0.0,0.0,0.0,0.0,0.0,0.0,0.0,1000.0,0.0,0.0,0.0,124.43771677538466,0.0,-522.6842855026447,520.3684703993596,0.0,0.0,0.0,7.898158239228703,0.0,0.0,0.0,0.0,0.0,-154.66329819290766,146.76513995367895,0.0,124.43771677538466,0.0,0.0,0.0,0.0,0.0,0.0,0.0,31.279206659618247,31.279206659618247,0.0,860.7439016138791,-1000.0,9.017063989786104,-899.2280844160039,895.2790052963895,0.0,999.9473456117385,0.0,0.0,0.0,0.0,0.0,0.0,0.0,0.0,0.0,742.1875,0.0,-742.1875,-742.1875,0.0,0.0,0.0,0.0,-1.6454496331726887,0.0,-0.9872697799036132,767.7604171950253,0.0,0.0,0.0,0.0,0.0,-1000.0,999.8354550366828,23.17135266952842,0.0,0.0,0.0,0.0,0.0,0.0,0.0,1000.0,3.9490791196143515,3.9490791196143515,0.0,0.0,0.0,0.0,0.0,0.014479956772108336,765.7858776352181,0.0,0.0,-999.9473456117385,181.79670920455078,0.0,0.0,0.0,0.0,0.0,0.0,0.0,0.0,0.0,0.0,0.0,0.0,0.0,0.0,0.0,0.0,0.0,0.0,13.82177691865023,63.23245536172667,0.0,0.0,0.0,0.0,0.0,765.7858776352181,0.0,-31.703074485124194,0.0,0.0,0.0,-1.6454496331726887,0.0,0.0,0.0,0.0,0.0,0.0,0.0,0.0,0.0,0.0,0.0,0.0,0.0,0.0,0.0,0.0,0.0,0.0,-0.013163597065381172,0.0,0.0,0.6581798532690586,-233.59956960901462,0.0,0.0,0.0,0.0,0.0,0.0,0.0,0.0,1.1333857073295077,0.3290899266345293,0.0,0.0,0.0,0.013163597065381172,0.0,13.163597065381172,-4.080715090268162,2.6327194130762344,0.09402569332415123,36.72643581241346,-0.009872697799035879,0.6581798532690613,0.26327194130762344,-0.0658179853269254,-36.72643581241346,3.9490791196143515,-0.013163597065381172,4.7903167867313075,0.0,0.003290899266345293,0.09402569332415123,-14.370950360193923,-64.31450304050166,31.015934718310625,-498.84209244835745,-0.013163597065381172,0.003290899266345293,-36.72643581241346,328.5200432280806,0.013163597065381172,0.013163597065381172,-765.7582340813806,-62.2043784309204,-29.279873717735022,-0.009872697799035879,3.9490791196143515,0.013163597065381172,3.9490791196143533,-6.581798532690586,-0.006581798532690586,-102.45536888902797,-1.3295233036034944,-0.009872697799035879,-0.013163597065381172,-4.080715090268162,0.013163597065381172,1.3163597065381172,-0.26327194130762344,0.0,0.0,-1.316359706538094,498.84209244835745,0.0,2.6327194130762344,0.019745395598071758,-29.141593319411413,1.3163597065381172,-49.17395764280629,0.0,-2.6327194130762344,0.006581798532690586,0.13163597065381172,147.52187292841887,96.0,-0.013163597065381172,-768.7476869749289,765.7582340813806,4.080715090268162,0.013163597065381172,64.31450304050166,-343.0,0.0,-0.013163597065381172,-0.003290899266345293,0.0,-0.013163597065381172,-41.683640293461885,0.0131635970653428,-0.003290899266345293,-0.003290899266345293,-0.003290899266345293,5.265438826152469,6.581798532690586,0.13163597065381172,90.21784865105911,-0.003290899266345293,290.25342907010645,0.6581798532690586,21.5,0.013163597065381172,0.006581798532690586,0.006581798532690586,1.3163597065381172,4.080715090268162,0.013163597065381172,-4.080715090268162,0.13163597065381172,0.013163597065381172,-251.14838600154792,0.013163597065381172,0.05265438826154423,0.0658179853269254,0.006581798532690586,0.003290899266345293,3.9490791196143515,-0.013163597065381172,29.279873717735022,-15.507967359155312,-180.43569730211823,0.32908992663452663,-1.3163597065381172,2.6327194130762344,0.6581798532690586,-0.013163597065381172,14.370950360193923,0.019745395598071758,-0.013163597065381172,-2.6327194130762344,4.080715090268162,71.3859290032139,0.006581798532690586,-43.0,-0.013163597065381172,-0.0131635970653428,-0.013163597065381172,0.006581798532690586,36.72643581241346,-2.6327194130762344,0.013163597065381172,295.04374585683775,-0.003290899266345293,62.2043784309204,-295.04374585683775,1.9745395598071755,1.3295233036034984,-514.017939812045,36.72643581241346,-0.009872697799035879,768.7476869749289,-96.0,0.013163597065381172,-0.003290899266345293,0.6581798532690586,13.163597065381172,-0.006581798532690586,-0.013163597065381172,0.003290899266345293,1000.0,0.0,-335.6135906511771,160.9305373504888,-10.087515257377902,0.0,829.1171133795505,-31.0,327.20368352154253,-32.0,-93.0,-65.0,-364.7486021720558,16.0,5.043757628688951,46.5,-327.20368352154253,15.5,-765.7858776352181,-110.24523647729552,364.7486021720558,65.0,-110.24523647729552,-829.1171133795505,585.4003768365062,0.0,1496.5981,hclb
377,0.0,0.0,0.0,0.0,0.0,0.0,0.0,0.0,-0.003019779999939032,0.0,0.0,0.0,0.0,0.0,0.0,0.0,0.0,-190.71293795042368,0.0,0.0,0.0,0.0,0.0,0.0,0.0,0.0,0.0,0.0,0.0,-972.0806786999806,0.0,0.0,25.700369878330086,0.0,0.0,0.0,0.0,845.6899289333733,0.0,-1000.0,999.0940660000183,0.0,0.0,79.43542334540484,0.0,0.0,0.0,0.0,0.0,-760.8844665715912,0.0,0.0,0.0,0.0033217579999380575,0.0,0.0,0.0,0.6039559999878064,0.0,0.0,-35.44660051864797,0.0,379.61612251622466,247.09111634303295,0.0,0.0,0.0,0.0,97.07840565454374,0.0,0.0,0.030197799999390318,0.0,0.0,0.0,0.0,0.0,0.0,0.0,0.0,0.0,0.0,331.73654983641535,0.0,1.8118679999634193,0.0,67.54012711150125,-95.35646897521184,904.6390013547883,0.0045296699999085475,-0.0007549449999847578,0.0,0.0,-763.332301213795,0.9059339999817096,0.0,0.9059339999817096,-0.09723691599810991,0.0,0.0,331.73654983641535,0.1509889999969516,-972.0806786999806,0.0,0.0,-5.232892983671259,0.0,0.0,0.0,0.0,0.0,0.0,0.0,0.0,0.0,0.0,0.0,0.0,0.0,0.0,0.0,0.0,0.0,0.0,-180.00637039853302,0.0,0.0,0.9059339999817096,0.0,0.9361317999811,0.9361317999811,0.0,0.0,140.62500000000176,-140.62500000000176,140.62500000000176,-1000.0,0.0,0.0,902.9215943454562,0.0,0.0,0.0,0.0,0.0,-263.9638996649188,0.003019779999939032,0.0,0.0,0.0,0.0,0.0,0.0,0.0,0.0,0.0,261.33998452391944,0.0,0.0,0.0,0.0,0.0,833.2353565577887,833.2353565577887,0.0,0.0,0.0,-78.125,-790.6501891380103,0.0,0.0,833.2383763377886,0.0,0.0,0.0,-686.6678966896106,-954.5973287899666,0.0,0.0,0.0,0.0,0.0,0.0,0.0,0.0,0.0,-546.7444748697972,0.0,0.0,0.0,0.0,-114.30058699149549,0.0,0.0,0.0,0.0,0.0,760.8844665715912,0.0,95.35646897521184,-95.35646897521184,0.0,0.0,0.0,0.0,0.0,0.0,0.0,0.0,906.4568260238166,0.0,0.0,0.0,0.0,0.0,0.0,0.0,0.0,0.0,0.0,0.0,0.0,0.0,357.63299763019523,16.140517910969276,972.0806786999806,0.0,0.0,0.0,0.0,0.0,0.0,0.0,0.0,0.0,-35.44660051864797,892.6452553545757,0.0,0.0,0.0,0.0,0.0,0.0,0.0,0.0,0.0,0.0,0.0,0.0,0.0,809.2825323795764,0.0,0.0,-972.0806786999806,0.0,0.0,97.07840565454374,867.8705298619115,0.0,0.0,0.0,314.008357684203,0.0,0.0,0.0,0.0,0.0,0.0,0.0,0.0,999.9954703300001,0.0,0.0,760.8844665715912,0.0,10.2974497997921,0.0,0.0,0.0,0.0,0.0,0.0,0.0,630.6119554432851,97.07840565454374,0.0,873.9060451159299,-78.125,0.0,0.0,-35.44660051864797,-0.004529669999908547,0.0,0.0,0.0,0.0,0.003019779999939032,0.0,0.0,0.0,113.39465299151378,0.0,0.0,-720.0254815941321,-98.4652990004665,954.5973287899666,1000.0,0.0,563.8359616031337,0.0,-5.232892983671259,0.0,0.0,0.0,-0.26000305799475576,271.7272868694774,-835.3032454146164,0.0,891.2882725554978,0.0,0.0,0.0,0.0,0.0,0.0,0.0,0.0,0.0,0.0,0.0,0.0,0.0,0.0,0.0,0.0,0.0,-154.2979919466269,0.0,-1000.0,0.0,0.0,0.0,0.0,0.0,0.0,263.9638996649188,0.0,0.0,0.0,831.2371116446985,0.0,-915.227420722226,165.61250451191836,-0.1509889999969516,0.0,546.421728198205,0.0,697.4843400049976,0.0,0.0,-165.61250451191836,0.0,0.0,-0.0754944999984758,-697.6353290049946,-78.06708019128871,0.0,-1000.0,0.0,900.9587373454958,0.9059339999817096,-484.375000002312,484.375000002312,0.0,0.0,0.0,0.0,0.0,-357.63299763019523,357.63299763019523,357.63299763019523,-194.25436722049096,0.0,0.0,0.0,0.0,0.0,0.0,0.0,0.0,-32.89135246883717,0.0,0.0,0.0,0.0,0.0,0.0,0.0,15.234583910987567,0.006039559999862831,0.0,0.0,0.0,0.0,0.0,0.0,0.0,0.0,0.0,0.0,0.0,0.0,0.0,0.0,0.0,0.0,0.0,0.0,0.0,0.0033217579999380575,0.0033217579999380575,0.0,453.0290416302074,0.0,1.8118679999634193,0.0,0.0,0.0,1000.0,0.0,0.0,67.54012711150125,0.0,0.0,72.10107579563942,-1000.0,0.0,0.0,0.0,0.0,0.0,0.0,0.0,0.0,0.0,0.0,0.0,0.0,0.0,60.00212346617767,-113.39465299151378,0.0,0.0,67.77265017149655,0.0,236.66769878620505,-1000.0,-1000.0,0.0,72.10107579563942,0.0,0.0,87.33565970662698,952.108231159274,-952.108231159274,357.63299763019523,0.0,0.0,0.0,0.0,0.0,0.0,0.0,0.0,0.0,0.0,0.0,0.0,0.0,1.8118679999634193,97.07840565454376,97.07840565454374,0.0,0.0,0.0,0.0,0.0,0.0,0.0,0.0,0.0,0.0,0.030197799999390318,0.0,0.0,67.54012711150125,-67.54012711150125,0.0,0.0,0.0,0.0,0.9059339999817096,0.0,0.0,0.0,0.0,0.0,0.0,0.0,0.0,0.0,0.0,1000.0,495.65912190399786,0.0,0.9059339999817095,0.9059339999817096,-842.4382545237968,-1000.0,0.0,0.0,0.0,0.0,0.0,0.0,0.0,553.0861438626125,0.0,1000.0,0.003019779999939032,0.0,0.0,0.0,0.24352368713794048,0.0,0.0,763.332301213795,0.0,-97.07840565454374,0.0,0.0,0.0,0.0,0.0,0.0,0.0,0.0,0.0,0.0,0.0,0.0,0.003019779999939032,0.0,0.0,0.0,0.0,0.0,0.0,0.0,0.0,0.0,0.0,277.3102398687307,0.0,-13.346340203811906,-845.7020080533731,-0.2264834999954274,-0.15098899999695173,0.0,0.0,515.625,515.625,-515.625,0.0,0.0,0.0,0.0,0.0,0.0,0.0,97.07840565454376,954.5973287899666,0.0,0.0,-98.89027365450717,0.0,0.0,0.0,-0.003019779999939032,0.0,0.0,0.003019779999939032,0.0,0.003019779999939032,0.0,0.0,0.0,1.8118679999634193,3.6841315999256192,3.6841315999256192,0.0,0.0,0.0,0.0,0.0,0.0,0.0,0.0,0.0,0.0,0.0,0.0,0.0,0.0,0.0,0.0,0.0,0.0,0.0,0.0,0.0,0.0,0.0,0.0,0.0,0.0,0.0,0.0,0.0,0.0,0.0,0.004529669999908547,0.0,0.0,0.0,-0.9059339999817096,0.0,0.0,0.0,0.0,0.0,-453.0290416302074,0.1509889999969516,0.0,0.0,0.0,78.125,790.6501891380103,722.6897601312693,0.0,0.0,0.0,0.0,0.0,0.0,0.0,0.0,97.07840565454376,0.0,0.0,1000.0,95.3960440000122,0.0,64.3960440000122,-5.232892983671259,0.0,986.6536597961881,13.346340203811906,-1000.0,0.0,864.1863982619858,0.0,0.15098899999695173,554.4158070436696,0.0,0.0,0.0,-167.97160669183967,0.0,0.0,-296.87500000000114,296.87500000000114,0.0,0.0,0.0,0.0,0.0,1000.0,-453.7084921301937,3.6841315999256192,0.0,0.0,0.0,0.0,0.0,0.0,0.0,0.0,0.0,0.0,0.0,0.0,0.0,-0.24352368713794048,-864.187529219875,0.0,0.9059339999817096,67.54012711150125,0.0,0.0,0.0,156.11971847114185,0.0,0.0,0.0033217579999380575,0.0,0.0,0.0,1.8420657999628096,0.0,0.0,0.0,0.0,16.140517910969276,0.0,0.0,0.0,0.0,0.0,0.0,0.0,0.0,-495.65912190399786,0.0,189.43411829902448,0.0003019779999939032,0.0,0.0,0.0,0.0,0.0,0.0,0.0,0.0,0.0,0.0,0.0,0.0,0.0,0.0,0.0,453.0290416302074,0.0,0.0,0.0,0.0,0.0,0.0,0.0,760.8844665715912,0.0,0.0,0.0,135.0802542230025,0.0,0.0,-190.71293795042368,0.0,0.0,0.0,1.8118679999634193,0.0,0.0,0.0,0.0,0.0,0.0,-1.8118679999634193,0.0,135.0802542230025,0.0,0.0,0.0,0.0,0.0,0.0,0.0,0.0,0.0,0.0,526.8531472583938,-418.99453483736806,2.0685492999582373,-0.9059339999817096,0.0,0.0,845.6899289333733,0.0,0.0,0.0,0.0,0.0,0.0,0.0,0.0,0.0,0.0,0.0,0.0,0.0,0.0,0.0,0.0,0.0,-0.37747249999237914,97.07840565454374,-0.2264834999954274,453.48200863019827,0.0,0.0,0.0,0.0,0.0,0.0,-0.037747249999237904,32.89135246883717,0.0,0.0,0.0,0.0,0.0,0.0,0.0,635.5648747028961,0.9059339999817096,0.9059339999817095,0.0,0.0,0.0,0.0,0.0,0.0033217579999380575,453.0290416302074,0.0,0.0,-845.6899289333733,189.4338163210245,0.0,0.0,0.0,0.0,0.0,0.0,0.0,0.0,0.0,0.0,0.0,0.0,0.0,0.0,0.0,0.0,0.9361317999811,0.0,3.1707689999359836,67.77265017149655,0.0,0.0,0.0,0.0,0.0,453.0290416302074,0.0,-722.9379860472643,0.0,0.0,0.0,-0.37747249999237914,0.0,0.0,0.0,0.0,0.0,0.0,0.0,0.0,0.0,0.0,0.0,0.0,0.0,0.0,0.0,0.0,0.0,0.0,-0.003019779999939032,0.0,0.0,0.1509889999969516,-72.10107579563942,0.0,0.0,0.0,0.0,97.07840565454374,0.0,0.0,0.0,0.26000305799475576,0.0754944999984758,0.0,0.0,0.0,0.003019779999939032,0.0,3.019779999939032,0.0,0.6039559999878064,0.021569857142421656,10.2974497997921,-0.0022648349999542733,0.1509889999969516,0.060395599998780636,-0.015098899999770765,-10.2974497997921,0.9059339999817095,-0.003019779999939032,1.7442976612237528,0.0,0.0007549449999847579,0.021569857142421656,-5.232892983671259,-68.02087608749162,-0.060395599998780636,190.71293795042368,-0.003019779999939032,0.0007549449999847578,-10.2974497997921,132.1234305780887,0.003019779999939032,0.003019779999939032,-453.0227000922076,-67.53680535350134,0.0,-0.0022648349999542733,0.9059339999817095,0.003019779999939032,0.9059339999817096,-1.509889999969516,-0.0015098899999695158,-250.8741985565769,-0.3049977799938422,-0.0022648349999542733,-0.003019779999939032,0.0,0.003019779999939032,0.30197799999388053,-0.060395599998780636,0.0,0.0,-0.30197799999390895,-190.71293795042368,0.0,0.6039559999878064,0.004529669999908547,-832.048742828742,0.3019779999939032,-60.00212346617767,0.0,-0.6039559999878064,0.0015098899999695155,0.030197799999390318,180.00637039853302,96.0,-0.003019779999939032,-453.7084921301937,453.0227000922076,0.9361317999811,0.003019779999939032,68.02087608749162,-135.44518857802163,0.0,-0.003019779999939032,-0.0007549449999847579,0.0,-0.003019779999939032,15.234583910987567,0.003019779999939032,-0.0007549449999847578,-0.0007549449999847578,-0.0007549449999847578,1.2079119999756127,1.509889999969516,0.030197799999390318,2.2372795074543674,-0.0007549449999847578,358.2684431358423,0.15098899999695156,-7.466302955496832,0.003019779999939032,0.0015098899999695155,0.001509889999969516,-48.23722482727797,0.0,0.003019779999939032,0.0,0.030197799999390318,0.003019779999939032,-2.2372795074543674,0.003019779999939032,0.01207911999983935,0.015098899999770765,0.0015098899999695158,0.0007549449999847578,0.9059339999817095,-0.003019779999939032,0.0,0.030197799999390318,-4.474559014908735,0.07549449999847582,-0.30197799999388053,0.6039559999878064,0.1509889999969516,-0.003019779999939032,5.232892983671259,0.004529669999908547,-0.003019779999939032,96.47444965455594,0.0,-12.741412774990977,0.001509889999969516,14.932605910993663,-0.003019779999939032,-0.003019779999939032,-0.003019779999939032,0.001509889999969516,10.2974497997921,-0.6039559999878064,0.003019779999939032,360.01274079706604,-0.0007549449999847578,67.53680535350134,-360.01274079706604,0.45296699999085477,0.3049977799938422,374.3122528607898,10.2974497997921,-0.0022648349999542733,453.7084921301937,-96.0,0.003019779999939032,-0.0007549449999847582,831.3881006446954,3.019779999939032,-0.0015098899999695155,-0.003019779999939032,0.0007549449999847578,1000.0,0.0,-167.952767061258,0.0,-46.0,0.0,-0.12624857399313782,-31.0,131.82145257809478,-32.0,198.8833042041744,-65.0,-1000.0,16.0,23.0,-99.4416521020872,-131.82145257809478,15.5,-453.0290416302074,-143.37830569615087,1000.0,65.0,-143.37830569615087,0.12624857399313782,67.5084810020173,0.0,1496.5981,hclb
378,0.0,0.0,0.0,0.0,0.0,0.0,0.0,0.0,-0.0013790294337197274,0.0,0.0,0.0,0.0,0.0,0.0,0.0,-549.8641062659523,0.0,0.0,778.9480127472591,0.0,0.0,0.0,116.08744505801326,0.0,0.0,0.0,0.0,0.0,-609.2657261282654,0.0,0.0,11.796311503282261,0.0,0.0,0.0,0.0,999.9944838822663,0.0,-520.8480992485581,947.6904496203146,0.0,-137.20115363939436,-978.0713212451766,0.0,0.0,0.0,0.0,1000.0,-752.4040067713524,0.0,0.0,0.0,0.0015169323771715426,0.0,0.0,0.0,0.27580588674394546,0.0,0.0,-0.12144652546214729,0.0,1000.0,999.8785534745379,0.0,0.0,0.0,0.0,0.0,820.9307160241833,0.0,0.013790294337197275,0.0,0.0,0.0,0.0,0.0,0.0,0.0,0.0,0.0,0.0,838.46697966212,0.0,0.8274176602318365,0.0,0.0,-484.6987132784225,-1000.0,1000.0,-0.00034475735842993185,0.0,0.0,-283.6364762726818,0.41370883011591825,0.0,52.30955037968542,0.0,0.0,0.0,838.46697966212,0.06895147168598637,-638.0178249983503,0.0,0.0,-19.173211946232453,484.3303168075177,246.68699538601464,0.0,0.0,0.0,0.0,0.0,0.0,0.0,0.0,0.0,0.0,0.0,0.0,0.0,0.0,0.0,0.0,-172.9169713787607,0.0,0.0,52.30955037968542,0.0,0.4274991244531155,0.0,0.0,89.82398835222148,-89.82398835222148,0.0,0.0,0.0,0.0,0.0,0.0,0.0,0.0,0.0,0.0,0.0,-838.3607943957232,0.0013790294337197274,0.0,0.0,0.0,0.0,-484.3303168075177,0.0,0.0,46.43029616900753,0.0,21.558592900226927,0.0,0.0,0.0,0.0,0.0,528.5052211053162,528.5052211053162,0.0,0.0,0.0,265.62499999999994,-898.2061145952025,0.0,0.0,528.5066001347499,0.0,0.0,0.0,0.0,-191.99633318949782,0.0,0.0,0.0,0.0,0.0,0.0,0.0,0.0,0.0,-208.19931441064426,0.0,0.0,0.0,0.0,-641.542225287283,0.0,0.0,0.0,0.0,0.0,752.4040067713524,137.20115363939436,115.61149566577865,-115.61149566577865,0.0,0.0,0.0,0.0,0.0,0.0,0.0,28.752098870084893,-935.4481845659589,0.0,0.0,0.0,0.0,0.0,0.0,0.0,0.0,0.0,0.0,0.0,0.0,0.0,333.85803124703625,9.447453323057386,21.92867875482341,0.0,0.0,0.0,0.0,84.86071802719431,0.0,0.0,0.0,0.0,-0.12144652546214729,1000.0,0.0,0.0,0.0,0.0,0.0,0.0,0.0,0.0,33.7355274998672,0.0,51.895841549569504,0.0,269.0161679374527,-983.7964813677203,768.1139360267505,0.0,-21.92867875482341,0.0,0.0,0.0,-788.2387523469736,0.0,0.0,0.0,361.6869707675394,0.0,0.0,0.0,0.0,618.5333965836519,-602.9083965836504,602.9083965836502,15.62500000000175,-884.3885043342214,0.0,379.25822169146016,752.4040067713524,0.0,-81.01322590711627,0.0,0.0,0.0,-1000.0,0.0,1000.0,0.0,528.5038420758824,0.0,0.0,-1000.0,265.625,0.0,0.0,-0.12144652546214729,-0.0020685441505795907,0.0,0.0,0.0,0.0,0.0013790294337197274,0.0,0.0,0.0,470.6364293805361,-549.8641062659523,0.0,-12.782141297488302,-346.3959079824434,191.99633318949782,1000.0,0.0,-893.147033328795,0.0,-19.173211946232453,0.0,0.0,0.0,918.5789072384922,955.6332259417809,-981.0650998514781,-1000.0,-1000.0,0.0,0.0,0.0,0.0,0.0,0.0,0.0,0.0,0.0,0.0,0.0,0.0,0.0,0.0,0.0,0.0,0.0,0.0,0.0,-1000.0,0.0,0.0,33.691122752103055,0.0,0.0,0.0,804.625266895856,0.0,0.0,0.0,0.0,0.0,0.0,-828.1250000000002,0.0,0.0,-955.6332259417809,545.5791003308083,-851.5276320979789,60.510595046238905,0.0,828.1250000000002,-0.06895147168598637,1000.0,-0.03447573584299318,851.4586806262929,-1000.0,0.0,0.0,-858.2075992799516,999.931048528314,52.30955037968542,0.0,0.0,0.0,554.7403232390103,0.0,0.0,0.0,-333.85803124703625,333.85803124703625,333.85803124703625,-442.8429171795218,0.0,151.14460276596364,0.0,0.0,0.0,28.752098870084893,0.0,0.0,-0.24289305092429458,0.0,0.0,0.0,0.0,0.0,0.0,0.0,-42.86209705662803,0.002758058867584623,0.0,0.0,0.0,0.0,0.0,0.0,0.0,0.0,0.0,820.9307160241833,0.0,0.0,0.0,0.0,0.0,0.0,0.0,0.0,0.0,0.0015169323771715426,0.0015169323771715426,0.0,200.58386831776255,0.0,0.8274176602318365,0.0,283.0560852771541,0.0,-427.4850607178929,0.0,0.0,0.0,0.0,0.0,-418.5243267894699,427.4850607178929,0.0,0.0,0.0,0.0,0.0,0.0,0.0,0.0,0.0,0.0,0.0,0.0,0.0,57.6389904595869,-470.6364293805361,0.0,0.0,312.8524577773428,0.0,-306.18750417800453,22.551027905322655,-62.309690121871654,0.0,-418.5243267894699,0.0,-570.361341360187,108.97491751408904,920.1803852654579,-920.1803852654579,333.85803124703625,0.0,0.0,0.0,0.0,0.0,0.0,0.0,0.0,0.0,0.0,0.0,0.0,0.0,0.8274176602318365,0.0,0.0,0.0,0.0,0.0,0.0,0.0,0.0,0.0,0.0,0.0,0.0,0.013790294337197275,0.0,0.0,0.0,0.0,0.0,137.20115363939436,0.0,0.0,52.30955037968542,0.0,0.0,0.0,312.74627251094614,0.0,0.0,0.0,0.0,0.0,0.0,0.0,-4.9632703250271675,0.0,0.41370883011591825,0.41370883011591825,1000.0,427.4850607178929,0.0,0.0,0.0,0.0,0.0,0.0,0.0,638.0178249983503,28.752098870084893,1000.0,0.0013790294337197274,0.0,0.0,1.8212053714317171,0.0,0.0,0.0,283.6364762726818,0.0,0.0,0.0,0.0,0.0,0.0,0.0,0.0,0.0,0.0,0.0,0.0,0.0,0.0,0.0013790294337197274,0.0,0.0,0.0,0.0,0.0,0.0,0.0,0.0,0.0,0.0,838.3163896479591,-46.43029616900753,0.0,-1000.0,-0.10342720752897955,-0.06895147168598637,0.0,0.0,0.0,0.0,0.0,0.0,0.0,0.0,0.0,0.0,0.0,0.0,0.0,191.99633318949782,0.0,0.0,1000.0,0.0,0.0,0.0,-0.0013790294337197274,0.0,0.0,0.0013790294337197274,0.0,0.0013790294337197274,0.0,0.0,0.0,0.8274176602318365,1.6824159091380673,1.6824159091380673,0.0,0.0,0.0,0.0,0.0,0.0,0.0,0.0,0.0,28.752098870084893,0.0,0.0,918.6976416727356,0.0,0.0,0.0,0.0,0.0,0.0,0.0,0.0,0.0,0.0,0.0,0.0,0.0,0.0,84.86071802719431,0.0,0.0,0.0,0.0020685441505795907,0.0,0.0,0.0,-52.30955037968542,0.0,0.0,0.0,0.0,0.0,-200.58386831776255,0.06895147168598637,0.0,0.0,0.0,-265.62499999999994,898.2061145952025,0.0,0.0,0.0,0.0,0.0,0.0,0.0,0.0,0.0,0.0,0.0,0.0,0.0,-133.2741629292737,0.0,64.72419411325606,-19.173211946232453,0.0,804.625266895856,0.0,-804.625266895856,46.43029616900753,-789.9211682561116,283.0560852771541,0.06895147168598637,681.8939916919578,0.0,0.0,0.0,-0.24289305092429458,0.0,0.0,0.0,0.0,0.0,0.0,0.0,0.0,0.0,289.39824553037954,-81.40578553479327,1.6824159091380673,0.0,0.0,0.0,0.0,0.0,0.0,0.0,0.0,0.0,33.7355274998672,0.0,0.0,119.48836440555634,-822.751921395615,0.0,-137.20115363939436,0.41370883011591825,0.0,0.0,0.0,0.0,-186.77118419287896,0.0,0.0,0.0015169323771715426,0.0,0.0,0.0,0.8412079545690337,0.0,0.0,0.0,0.0,9.447453323057386,0.0,484.3303168075177,0.0,0.0,0.0,0.0,0.0,0.0,0.0,0.0,0.00013790294337197274,0.00013790294337197274,0.0,0.0,0.0,0.0,0.0,0.0,0.0,0.0,0.0,1.8212053714317171,0.0,0.0,0.0,0.0,0.0,200.58386831776255,0.0,0.0,0.0,0.0,0.0,0.0,0.0,752.4040067713524,0.0,0.0,0.0,0.0,1000.0,195.67917554620882,0.0,0.0,0.0,0.0,0.8274176602318365,0.0,0.0,0.0,0.0,0.0,-520.8519873743762,520.0245697141444,0.0,0.0,0.0,0.0,0.0,0.0,0.0,0.0,0.0,0.0,0.0,0.0,-1000.0,-1000.0,919.6422768348336,-52.30955037968542,0.0,0.0,999.9944838822663,0.0,0.0,0.0,0.0,0.0,0.0,0.0,0.0,0.0,757.8124999999999,0.0,-757.8124999999999,-757.8125,0.0,0.0,0.0,283.0560852771541,-0.1723786792149659,0.0,-0.10342720752897955,1000.0,0.0,0.0,0.0,0.0,0.0,406.5516962177765,-406.568934085698,46.67318921993183,0.0,0.0,0.0,0.0,0.0,0.0,0.0,1000.0,0.41370883011591825,0.41370883011591825,0.0,0.0,0.0,0.0,0.0,0.0015169323771715426,200.58386831776255,0.0,0.0,-999.9944838822663,0.0,0.0,0.0,0.0,0.0,0.0,0.0,0.0,0.0,0.0,0.0,0.0,0.0,0.0,0.0,0.0,0.0,0.0,0.0,1.4479809054057138,0.10618526639677839,0.0,0.0,0.0,0.0,0.0,200.58386831776255,0.0,33.622171280417085,0.0,0.0,0.0,-0.1723786792149659,0.0,0.0,0.0,0.0,0.0,0.0,0.0,0.0,0.0,0.0,0.0,0.0,0.0,0.0,0.0,0.0,0.0,0.0,-0.0013790294337197274,0.0,0.0,0.06895147168598637,418.5243267894699,0.0,0.0,0.0,0.0,0.0,0.0,0.0,0.0,-918.5789072384922,0.03447573584299318,0.0,0.0,0.0,0.0013790294337197274,0.0,1.3790294337197273,-0.4274991244531155,0.2758058867439455,0.009850210240855195,3.8474921200780394,-0.0010342720752897954,0.06895147168598637,0.027580588674394547,-0.006895147167369942,-3.8474921200780394,0.41370883011591825,-0.0013790294337197274,6.391070648744151,0.0,0.00034475735842993185,0.009850210240855195,-19.173211946232453,-0.21954148584688937,-0.027580588674394547,-229.08390648130683,-0.0013790294337197274,0.00034475735842993185,-3.8474921200780394,0.13790294337197273,0.0013790294337197274,0.0013790294337197274,-200.58097235595167,0.0015169323770917002,-16.311984667445476,-0.0010342720752897954,0.41370883011591825,0.0013790294337197274,52.30955037968542,51.20632683270964,-0.0006895147168598637,33.09981565968345,-85.0,-0.0010342720752897954,-0.0013790294337197274,-0.4274991244531155,0.0013790294337197274,0.13790294337197273,-0.027580588674394547,84.86071802719431,84.86071802719431,-0.13790294337197273,229.08390648130683,-84.86071802719431,0.27580588674394546,0.0020685441505795907,86.82036354336469,0.13790294337197273,-57.6389904595869,0.0,-0.27580588674394546,0.0006895147168598637,0.013790294337197275,3.1955353243720754,-132.99835704252976,-0.0013790294337197274,-200.89414994034962,200.58097235595167,0.4274991244531155,0.0013790294337197274,0.21954148584688937,-53.55067687003327,0.0,-0.0013790294337197274,-0.00034475735842993185,0.0,-0.0013790294337197274,-527.1924138641457,0.001379029433947101,-0.00034475735842993185,-0.00034475735842993185,-0.00034475735842993185,0.5516117734878909,-51.20632683270964,0.013790294337197275,91.58051705792786,-0.00034475735842993185,0.0,0.06895147168598637,21.5,0.0013790294337197274,0.0006895147168598637,0.0006895147168598637,0.13790294337197273,0.4274991244531155,0.0013790294337197274,-0.4274991244531155,0.013790294337197275,0.0013790294337197274,-272.69817431037234,0.0013790294337197274,0.005516117733691317,0.006895147167369942,0.0006895147168598637,0.00034475735842993185,0.41370883011591825,-0.0013790294337197274,16.311984667445476,0.013790294337197273,-183.16103411585573,0.034475735842993196,-0.13790294337197273,0.27580588674394546,0.06895147168598637,-0.0013790294337197274,19.173211946232453,0.0020685441505795907,-0.0013790294337197274,-0.27580588674394546,0.4274991244531155,307.3640601211987,0.0006895147168598637,-43.0,-0.0013790294337197274,-0.001379029433947101,-0.0013790294337197274,0.0006895147168598637,3.8474921200780394,-0.27580588674394546,0.0013790294337197274,6.391070648744151,-0.00034475735842993185,-0.0015169323770917002,-6.391070648744151,0.20685441505795907,85.0,-389.3265270857882,3.8474921200780394,-0.0010342720752897954,200.89414994034962,132.99835704252976,0.0013790294337197274,-0.0003447573584299319,0.06895147168598637,1.3790294337197273,-0.0006895147168598637,-0.0013790294337197274,0.00034475735842993185,617.6648518197968,0.0,-202.43254872386018,181.11765725244447,-46.0,0.0,597.8076326908706,-31.0,0.0,-32.0,-93.0,-65.0,-115.61149566577865,16.0,23.0,46.5,0.0,15.5,-200.58386831776255,-120.59287592831973,115.61149566577865,65.0,-120.59287592831973,-597.8076326908706,325.61020330876596,0.0,1496.5981,hclb
379,0.0,0.0,0.0,0.0,0.0,0.0,0.0,0.0,-0.046635447454321716,0.0,0.0,0.0,0.0,0.0,0.0,0.0,-452.36350241132357,0.0,0.0,679.9374033448435,0.0,0.0,0.0,745.4267277765636,0.0,0.0,0.0,0.0,0.0,-902.2529775861857,52.81403899205011,-52.81403899205011,22.85754018542786,0.0,0.0,0.0,0.0,654.0025530100448,0.0,-1000.0,1000.0,0.0,0.0,0.0,0.0,0.0,0.0,0.0,1000.0,0.0,0.0,-948.8036814531607,0.0,0.051298992200107724,0.0,0.0,0.0,0.0,0.0,0.0,-137.55038781625873,0.0,-59.70176109039557,-231.30356792313893,0.0,0.0,0.0,0.0,0.0,34.0514190164846,0.0,0.4663544745432172,0.0,0.0,0.0,0.0,0.0,0.0,0.0,0.0,0.0,0.0,0.0,0.0,27.98126847259303,0.0,127.18915275192577,-1000.0,-273.78327220874746,1000.0,-0.01165886186358043,0.0,0.0,0.0,13.990634236296515,0.0,13.990634236296515,0.0,655.9157677156909,0.0,0.0,301.45514453480206,-902.2529775861857,0.0,0.0,-7.111816425831274,0.0,0.0,0.0,0.0,0.0,0.0,0.0,0.0,0.0,0.0,0.0,0.0,0.0,0.0,0.0,0.0,0.0,0.0,-743.0073232628199,0.0,0.0,13.990634236296515,0.0,14.456988710839735,14.456988710839735,0.0,0.0,0.0,0.0,0.0,705.3603354545604,1000.0,-1000.0,-739.411754471045,0.0,0.0,0.0,0.0,0.0,130.78008220590854,0.046635447454321716,0.0,0.0,0.0,0.0,-410.53577401442254,0.0,0.0,0.0,0.0,165.8980638774519,0.0,0.0,0.0,0.0,0.0,148.13455087407695,148.13455087407695,0.0,0.0,0.0,0.0,0.0,0.0,0.0,200.9952253135814,0.0,0.0,0.0,-1000.0,-766.8007375430357,0.0,0.0,0.0,0.0,0.0,0.0,0.0,0.0,0.0,0.0,0.0,0.0,0.0,0.0,-432.1816139827782,0.0,0.0,0.0,0.0,0.0,0.0,948.8036814531607,-726.2167277912525,726.2167277912525,0.0,0.0,0.0,0.0,0.0,0.0,0.0,0.0,-539.620746408232,0.0,0.0,0.0,0.0,0.0,0.0,0.0,0.0,0.0,0.0,0.0,0.0,0.0,212.9998138734784,433.1603155844844,-594.1872014556513,0.0,0.0,0.0,0.0,80.2898198071135,0.0,0.0,0.0,0.0,-137.55038781625873,-594.1872014556513,52.81403899205011,0.0,0.0,0.0,0.0,0.0,0.0,0.0,54.315700400080495,9.327089490864344,0.0,0.0,547.5665444174948,1000.0,222.58695366190818,0.0,594.1872014556513,0.0,0.0,34.0514190164846,56.89524589427249,0.0,0.0,0.0,-88.44746505940441,0.0,0.0,-472.2476121763549,-529.4716802889182,0.0,57.224068112563394,0.0,529.4716802889182,-1000.0,0.0,-995.0830058995698,0.0,0.0,78.73705601212359,0.0,0.0,0.0,0.0,0.0,0.0,0.0,430.1728158402789,34.0514190164846,0.0,-466.44274302694964,0.0,0.0,0.0,-137.55038781625873,-0.06995317118148257,0.0,0.0,0.0,0.0,0.046635447454321716,0.0,0.0,0.0,283.5854595392876,-452.36350241132357,0.0,-721.9983195846289,579.6196865202065,766.8007375430357,909.2663047106762,0.0,0.0,0.0,-7.111816425831274,0.0,0.0,0.0,-4.015312025817453,66.80994202306164,-62.79462999724419,-1000.0,-1000.0,0.0,0.0,0.0,0.0,0.0,0.0,0.0,0.0,0.0,0.0,0.0,0.0,0.0,0.0,0.0,0.0,0.0,-345.81090520013765,0.0,-1000.0,0.0,0.0,0.0,0.0,0.0,0.0,-132.28174361393891,0.0,655.9157677156909,0.0,0.0,299.12337216208596,0.0,0.0,260.30948110232237,0.0,-66.80994202306164,-925.0024419942673,0.0,0.0,0.0,0.0,-412.20293955608145,0.0,-1.165886186358043,-2.331772372716086,546.8750000000109,0.0,-64.36445986179372,671.6882780100932,0.0,13.990634236296515,-453.12500000216363,453.12500000216363,0.0,0.0,0.0,0.0,0.0,-212.9998138734784,212.9998138734784,212.9998138734784,90.78472693496694,0.0,0.0,-610.8383196773834,0.0,0.0,0.0,0.0,0.0,-54.77388914515049,0.0,0.0,104.72432952562026,0.0,0.0,0.0,0.0,8.633907333765315,0.09327089490898288,0.0,0.0,0.0,0.0,0.0,0.0,0.0,0.0,0.0,0.0,0.0,0.0,0.0,0.0,0.0,0.0,0.0,0.0,0.0,0.051298992200107724,0.051298992200107724,52.81403899205011,299.67272438261404,0.0,27.98126847259303,0.0,0.0,0.0,1000.0,0.0,0.0,127.18915275192577,0.0,0.0,507.900560240155,-1000.0,0.0,0.0,0.0,0.0,0.0,104.72432952562026,0.0,0.0,0.0,0.0,0.0,0.0,0.0,247.6691077542733,-283.5854595392876,410.53577401442254,0.0,130.78008220590854,0.0,0.0,0.0,-80.2898198071135,0.0,507.900560240155,0.0,1000.0,-483.4655324260797,0.0,0.0,212.9998138734784,0.0,0.0,0.0,0.0,0.0,0.0,0.0,0.0,0.0,0.0,0.0,0.0,0.0,27.98126847259303,34.0514190164846,34.0514190164846,0.0,0.0,0.0,0.0,0.0,0.0,0.0,0.0,0.0,0.0,0.4663544745432172,0.0,52.81403899205011,127.18915275192577,-127.18915275192577,52.81403899205011,948.8036814531607,0.0,0.0,13.990634236296515,0.0,0.0,0.0,0.0,0.0,0.0,0.0,0.0,0.0,0.0,1000.0,0.0,0.0,13.990634236296517,13.990634236296515,1000.0,-1000.0,0.0,104.72432952562026,0.0,0.0,0.0,0.0,0.0,902.2529775861857,0.0,991.2833857387691,0.046635447454321716,0.0,0.0,-362.74845667130245,366.50927239815456,0.0,0.0,0.0,0.0,-34.0514190164846,0.0,0.0,0.0,0.0,0.0,0.0,0.0,0.0,0.0,0.0,0.0,0.0,0.046635447454321716,0.0,0.0,0.0,-1000.0,1000.0,0.0,0.0,0.0,0.0,0.0,523.634024101752,0.0,0.0,-654.1890947998623,-3.497658559074125,-2.331772372716086,0.0,0.0,0.0,0.0,0.0,0.0,0.0,0.0,0.0,0.0,0.0,0.0,34.0514190164846,766.8007375430357,0.0,0.0,-62.03268748907763,0.0,0.0,0.0,-0.046635447454321716,0.0,0.0,0.046635447454321716,0.0,0.046635447454321716,0.0,0.0,0.0,27.98126847259303,56.89524589427249,56.89524589427249,0.0,0.0,0.0,0.0,0.0,0.0,0.0,410.53577401442254,0.0,0.0,0.0,0.0,0.0,0.0,0.0,0.0,0.0,0.0,0.0,0.0,0.0,0.0,0.0,0.0,0.0,0.0,0.0,80.2898198071135,0.0,-384.9588894023904,384.9588894023904,0.06995317118148257,0.0,0.0,0.0,-13.990634236296515,0.0,0.0,0.0,0.0,0.0,-299.67272438261404,2.331772372716086,0.0,0.0,0.0,0.0,0.0,0.0,0.0,0.0,0.0,0.0,0.0,0.0,0.0,0.0,34.0514190164846,0.0,0.0,77.24854871055683,86.67291050913566,0.0,466.2086845235582,-7.111816425831279,0.0,-132.28174361393891,655.9157677156909,-523.634024101752,0.0,0.0,0.0,2.331772372716086,653.9269254891976,0.0,0.0,-52.81403899205011,-309.152194649002,0.0,0.0,0.0,0.0,0.0,0.0,0.0,0.0,0.0,119.16081054154893,-126.15612765969729,56.89524589427249,0.0,52.81403899205011,52.81403899205011,0.0,0.0,0.0,0.0,0.0,0.0,54.315700400080495,0.0,0.0,184.00957240013923,-3.7608157268521154,-30.804580544462034,0.0,13.990634236296515,127.18915275192577,0.0,0.0,0.0,103.01116965845229,0.0,0.0,0.051298992200107724,0.0,0.0,0.0,28.44762294713625,0.0,0.0,0.0,0.0,433.1603155844844,0.0,0.0,0.0,0.0,0.0,0.0,0.0,0.0,-1000.0,0.0,281.31788165317477,0.00466354474543218,0.0,0.0,0.0,0.0,0.0,0.0,0.0,0.0,0.0,-362.7484566713025,52.81403899205011,0.0,0.0,0.0,0.0,299.67272438261404,0.0,0.0,0.0,0.0,0.0,0.0,0.0,0.0,0.0,0.0,0.0,254.37830550385155,0.0,728.931074075787,0.0,0.0,0.0,0.0,27.981268472593026,0.0,0.0,0.0,0.0,0.0,-47.764020722550974,19.782752249957944,0.0,254.37830550385155,0.0,0.0,0.0,0.0,0.0,0.0,0.0,52.81403899205011,52.81403899205011,0.0,-1000.0,-1000.0,31.94528150621037,0.0,-13.990634236296515,0.0,654.0025530100448,0.0,0.0,0.0,0.0,0.0,0.0,0.0,0.0,0.0,0.0,0.0,0.0,0.0,0.0,0.0,0.0,0.0,-5.8294309317902115,34.0514190164846,-302.6210307211601,122.65846910062317,0.0,0.0,0.0,0.0,0.0,0.0,-0.5829430931790215,54.77388914515049,0.0,0.0,0.0,0.0,0.0,0.0,0.0,991.2833857387691,13.990634236296515,13.990634236296517,0.0,0.0,0.0,0.0,0.0,0.051298992200107724,299.67272438261404,0.0,0.0,-654.0025530100448,281.31321810842934,0.0,0.0,0.0,0.0,0.0,0.0,0.0,0.0,0.0,0.0,0.0,0.0,0.0,192.4794447011952,0.0,0.0,14.456988710839735,0.0,48.9672198270378,0.0,0.0,130.78008220590854,0.0,0.0,0.0,299.67272438261404,0.0,-2.331772372716086,0.0,0.0,0.0,-5.8294309317902115,0.0,0.0,0.0,0.0,0.0,0.0,0.0,0.0,0.0,0.0,0.0,0.0,0.0,0.0,0.0,0.0,0.0,0.0,-0.046635447454321716,0.0,0.0,2.331772372716086,-507.900560240155,0.0,0.0,0.0,0.0,34.0514190164846,0.0,0.0,0.0,4.015312025817453,1.165886186358043,0.0,0.0,0.0,0.046635447454321716,0.0,46.635447454321714,0.0,9.327089490864344,0.3331103389594408,159.0268758192371,-0.034976585590741294,151.89345845375908,0.9327089490864344,-0.23317723727183273,-159.0268758192371,13.990634236296517,-0.04663544745432172,2.3706054752770913,104.72432952562026,0.01165886186358043,0.33311033895944087,-7.1118164258312735,-134.613515986655,51.881330042963675,-227.5739009335199,-0.04663544745432172,0.01165886186358043,-159.0268758192371,4.663544745432172,0.04663544745432172,0.046635447454321716,-299.5747899429596,-127.13785375972603,0.0,-0.034976585590741294,13.990634236296515,0.04663544745432172,13.990634236296515,-23.31772372716086,-0.02331772372716086,-151.67443102578935,-85.0,-0.034976585590741294,-0.04663544745432172,0.0,0.046635447454321716,4.663544745432172,-0.9327089490864344,80.2898198071135,80.2898198071135,-4.663544745432172,227.5739009335199,-80.2898198071135,9.327089490864344,0.06995317118148259,147.0913011557625,4.663544745432172,-247.6691077542733,104.72432952562026,-9.327089490864344,0.02331772372716086,0.4663544745432172,180.49957989615723,96.0,-0.046635447454321716,-310.1657000598365,299.5747899429596,14.456988710839735,0.04663544745432172,134.613515986655,48.761792580434225,104.72432952562026,-0.046635447454321716,-0.01165886186358043,-104.72432952562026,-0.04663544745432172,8.633907333765315,0.046635447454208036,-0.01165886186358043,-0.01165886186358043,-0.01165886186358043,18.654178981728688,23.31772372716086,0.4663544745432172,34.55103713272328,-0.01165886186358043,358.62855431703736,2.331772372716086,-1.9851812941665714,0.046635447454321716,0.02331772372716086,0.02331772372716086,40.0,0.0,0.046635447454321716,0.0,0.4663544745432172,0.04663544745432172,-34.55103713272328,0.04663544745432172,0.18654178981751102,0.23317723727183273,0.02331772372716086,0.01165886186358043,13.990634236296515,-0.04663544745432172,0.0,-25.940665021481838,-69.10207426544656,150.727572267401,-4.663544745432172,9.327089490864344,2.331772372716086,-0.04663544745432172,7.1118164258312735,0.06995317118148259,-0.04663544745432172,-80.0,0.0,-51.39864788112799,0.02331772372716086,3.9703625883331455,-0.04663544745432172,-0.046635447454208036,-0.04663544745432172,0.02331772372716086,159.0268758192371,-9.327089490864344,0.046635447454321716,360.99915979231446,-0.01165886186358043,127.13785375972603,-360.99915979231446,6.9953171181482565,85.0,-137.0329681204197,159.0268758192371,-0.034976585590741294,310.1657000598365,-96.0,0.04663544745432172,-0.011658861863580432,2.331772372716086,46.635447454321714,-0.02331772372716086,-0.04663544745432172,0.01165886186358043,0.0,0.0,-147.11461887948965,0.0,-46.0,0.0,-108.0,-31.0,0.0,-32.0,-93.0,-65.0,0.0,16.0,23.0,46.5,0.0,15.5,-299.67272438261404,-51.6125217773243,0.0,65.0,-51.6125217773243,108.0,-80.7126686629332,0.0,1496.5981,hclb
380,0.0,0.0,0.0,0.0,0.0,0.0,0.0,0.0,63.97677400341012,0.0,0.0,0.0,0.0,0.0,0.0,0.0,-133.62082855171911,0.0,0.0,551.1534882731429,0.0,0.0,0.0,882.3448693520438,0.0,0.0,0.0,0.0,0.0,-324.4170223916751,116.79258228509042,-116.79258228509042,19.999636805492578,0.0,0.0,0.0,0.0,216.59299931603948,0.0,-298.35982231768116,620.359149300659,0.0,0.0,360.34216712829556,0.0,0.0,0.0,0.0,-71.38095887291513,0.0,0.0,0.0,0.0,0.009301992148601924,0.0,0.0,0.0,1.691271299736895,0.0,0.0,-39.675583890681345,0.0,324.4005321629014,284.72494827222005,221.85852793422382,0.0,0.0,0.0,0.0,0.0,0.0,0.08456356498684477,0.0,0.0,0.0,0.0,0.0,0.0,0.0,0.0,0.0,0.0,0.0,0.0,5.073813899210685,0.0,0.0,379.66417515339253,260.4016709238857,0.0,-0.002114089124671119,0.0,0.0,0.0,2.5369069496053425,0.0,60.50148545886869,0.0,0.0,0.0,0.0,271.1172201622737,-1000.0,0.0,0.0,-10.813477715886451,0.0,0.0,0.0,0.0,0.0,0.0,0.0,0.0,0.0,0.0,0.0,0.0,0.0,0.0,0.0,0.0,0.0,0.0,-326.711519673773,0.0,0.0,60.50148545886869,0.0,2.6214705145921875,0.0,0.0,0.0,0.0,0.0,0.0,0.0,0.0,0.0,0.0,0.0,0.0,0.0,0.0,0.0,0.651139450398702,0.008456356498684476,0.0,0.0,0.0,0.0,0.0,0.0,0.0,342.98289295050677,0.0,-117.63322474015358,0.0,0.0,0.0,0.0,0.0,76.39372467246,76.39372467246,0.0,0.0,0.0,0.0,0.0,0.0,0.0,193.1947633140491,0.0,0.0,0.0,-1000.0,-694.8699919615505,0.0,0.0,0.0,0.0,0.0,0.0,0.0,0.0,0.0,0.0,0.0,0.0,0.0,0.0,-1000.0,0.0,0.0,0.0,0.0,0.0,0.0,0.0,-260.4016709238857,260.4016709238857,0.0,0.0,0.0,0.0,0.0,0.0,0.0,675.5829776083249,-937.7483158620724,0.0,0.0,0.0,0.0,0.0,0.0,0.0,0.0,0.0,0.0,0.0,0.0,0.0,357.07073701255405,18.34712110873714,529.4188098163094,0.0,0.0,0.0,0.0,84.14590799363287,0.0,0.0,0.0,0.0,-39.675583890681345,169.0766426880138,116.79258228509042,0.0,17.517216479738586,0.0,0.0,0.0,0.0,0.0,499.01360927200903,0.0,57.96457850926335,0.0,-520.8033418477714,0.0,47.88154535659169,0.0,-529.4188098163094,0.0,0.0,0.0,0.0,0.0,0.0,0.0,-358.10917898080356,0.0,0.0,-1000.0,0.0,-981.4208908443794,-1000.0,0.0,-981.4208908443794,0.0,0.0,-17.531398931220224,0.0,0.0,-60.55267336230319,0.0,0.0,0.0,-523.2495269972387,0.0,523.2495269972387,0.0,193.17785060105174,0.0,0.0,-292.90246321092866,0.0,0.0,0.0,-39.675583890681345,-0.012684534748026713,0.0,0.0,0.0,0.0,0.008456356498684476,0.0,0.0,0.0,356.3389972754895,-133.62082855171911,0.0,-7.2089851439243,195.73120746017707,694.8699919615505,602.5519060592646,0.0,-797.8010354142505,0.0,-10.813477715886451,0.0,0.0,0.0,408.78355619747987,389.0174792167706,0.0,-392.3050343981171,-1000.0,0.0,0.0,0.0,0.0,0.0,0.0,0.0,0.0,0.0,0.0,0.0,0.0,0.0,0.0,0.0,0.0,17.517216479738586,-783.3731752579653,0.0,-1000.0,0.0,0.0,381.94873230766007,0.0,0.0,0.0,139.25385496900242,0.0,0.0,0.0,837.9094867545115,270.6944023373395,-389.0174792167706,0.0,-135.77001899360397,0.0,0.0,0.0,-254.02498834686898,-270.26388521815176,-988.543734053855,0.0,0.0,115.4114518104054,-0.21140891246711188,253.60217052193477,0.0,0.0,0.0,1000.0,670.08634588418,60.50148545886869,0.0,0.0,0.0,0.0,0.0,63.985230359908805,0.0,-357.07073701255405,357.07073701255405,357.07073701255405,102.12220641614955,0.0,0.0,0.0,0.0,0.0,675.5829776083249,0.0,0.0,-79.35116778136268,0.0,0.0,78.3087287002631,0.0,0.0,0.0,0.0,-42.15436435013155,0.016912712997509516,0.0,0.0,0.0,0.0,0.0,0.0,0.0,0.0,0.0,0.0,0.0,0.0,0.0,0.0,0.0,0.0,0.0,0.0,0.0,0.009301992148601924,0.009301992148601924,116.79258228509042,298.38707346731627,0.0,5.073813899210685,0.0,0.0,0.0,1000.0,0.0,0.0,0.0,0.0,0.0,117.59161160666768,-1000.0,0.0,0.0,571.5134223733974,0.0,0.0,78.3087287002631,0.0,0.0,0.0,0.0,0.0,0.0,0.0,108.90383989125768,-356.3389972754895,0.0,0.0,0.651139450398702,0.0,0.0,0.0,-84.14590799363287,0.0,117.59161160666768,0.0,0.0,75.43724725653612,-609.3437500000014,609.3437500000014,357.07073701255405,0.0,0.0,0.0,0.0,0.0,0.0,0.0,0.0,0.0,0.0,0.0,0.0,0.0,5.073813899210685,0.0,0.0,0.0,0.0,0.0,0.0,0.0,0.0,0.0,0.0,0.0,0.0,0.08456356498684477,0.0,116.79258228509042,0.0,0.0,116.79258228509042,0.0,0.0,0.0,60.50148545886869,-571.5134223733974,0.0,0.0,0.0,0.0,0.0,0.0,0.0,0.0,0.0,1000.0,655.9106721470685,0.0,2.5369069496053425,2.536906949605343,1000.0,-1000.0,0.0,78.3087287002631,0.0,0.0,0.0,0.0,0.0,1000.0,675.5829776083249,682.6319058287122,0.008456356498684476,0.0,0.0,0.0,11.167826807441234,0.0,0.0,0.0,0.0,0.0,0.0,0.0,0.0,0.0,0.0,0.0,0.0,0.0,0.0,0.0,0.0,0.0,0.008456356498684476,0.0,0.0,0.0,0.0,0.0,0.0,0.0,0.0,0.0,0.0,760.9154021810579,-342.98289295050677,-239.71281490439534,-216.62682474203473,-0.6342267374013772,-0.42281782493422376,0.0,0.0,0.0,0.0,0.0,0.0,0.0,0.0,0.0,0.0,0.0,0.0,0.0,694.8699919615505,0.0,0.0,670.5091637091142,0.0,0.0,0.0,63.97677400341012,0.0,0.0,0.008456356498684476,0.0,0.008456356498684476,0.0,0.0,0.0,5.073813899210685,10.31675492839506,10.31675492839506,0.0,0.0,0.0,0.0,0.0,0.0,0.0,0.0,0.0,675.5829776083249,0.0,0.0,0.0,409.51164849201666,0.0,0.0,0.0,0.0,0.0,0.0,0.0,0.0,0.0,0.0,0.0,0.0,0.0,84.14590799363287,0.0,0.0,0.0,0.012684534748026713,0.0,0.0,0.0,-60.50148545886869,0.0,0.0,0.0,0.0,0.0,-298.38707346731627,0.42281782493422376,0.0,0.0,0.0,0.0,0.0,0.0,0.0,0.0,0.0,0.0,0.0,0.0,0.0,0.0,0.0,0.0,571.5134223733974,971.4859693010415,-58.68366354523778,0.0,63.3087287002631,-10.813477715886451,0.0,139.25385496900242,239.71281490439534,-378.9666698733978,342.98289295050677,-10.31675492839506,0.0,0.42281782493422376,1000.0,0.0,0.0,-116.79258228509042,-79.35116778136268,0.0,0.0,0.0,0.0,0.0,-522.1260214063198,0.0,0.0,0.0,299.02130020471765,-300.28975367952023,10.31675492839506,0.0,0.0,0.0,116.79258228509042,0.0,0.0,0.0,0.0,0.0,499.01360927200903,0.0,0.0,0.0,-11.167826807441234,-1000.0,0.0,2.5369069496053425,0.0,0.0,0.0,0.0,-161.4270618348929,0.0,0.0,0.009301992148601924,0.0,0.0,0.0,5.15837746419753,0.0,0.0,0.0,0.0,18.34712110873714,0.0,0.0,0.0,0.0,0.0,0.0,0.0,0.0,-795.3801058377478,0.0,0.0008456356498684475,0.0008456356498684475,0.0,0.0,0.0,0.0,0.0,0.0,0.0,0.0,0.0,0.0,116.79258228509042,0.0,0.0,0.0,0.0,298.38707346731627,0.0,0.0,0.0,0.0,0.0,0.0,0.0,0.0,0.0,0.0,0.0,0.0,0.0,194.99947336556895,0.0,0.0,0.0,0.0,5.073813899210685,0.0,0.0,0.0,0.0,0.0,0.0,-5.073813899210685,0.0,0.0,0.0,0.0,0.0,0.0,0.0,0.0,0.0,116.79258228509042,116.79258228509042,0.0,-731.2678775005729,-392.3050343981171,415.3042526936155,0.0,-60.50148545886869,0.0,216.59299931603948,0.0,0.0,0.0,0.0,0.0,0.0,0.0,0.0,0.0,0.0,0.0,0.0,0.0,0.0,0.0,0.0,0.0,-1.0570445623355909,0.0,-271.32862907474083,709.1671754341356,0.0,0.0,0.0,0.0,0.0,0.0,-0.10570445623355594,422.33406073186944,0.0,0.0,0.0,0.0,0.0,0.0,0.0,951.3640283281393,2.536906949605343,2.536906949605343,0.0,0.0,0.0,0.0,0.0,0.009301992148601924,298.38707346731627,0.0,0.0,-216.59299931603948,0.0,0.0,0.0,0.0,0.0,0.0,0.0,0.0,0.0,0.0,0.0,0.0,0.0,0.0,0.0,0.0,0.0,0.0,0.0,8.879174323618699,0.651139450398702,0.0,0.0,0.0,0.0,0.0,298.38707346731627,0.0,381.52591448272585,0.0,0.0,0.0,-1.0570445623355909,0.0,0.0,0.0,0.0,0.0,0.0,0.0,0.0,0.0,0.0,0.0,0.0,0.0,0.0,0.0,0.0,0.0,0.0,-0.008456356498684476,0.0,0.0,0.42281782493422376,-117.59161160666768,0.0,0.0,0.0,0.0,0.0,0.0,0.0,0.0,-408.78355619747987,0.21140891246711188,0.0,0.0,0.0,0.008456356498684476,0.0,8.456356498684475,-2.6214705145921875,1.6912712997368953,0.06040254641917482,23.593234631329686,-0.006342267374013356,135.77001899360397,0.1691271299736895,-0.04228178249394432,-23.593234631329686,2.536906949605343,-0.008456356498684476,3.6044925719621506,78.3087287002631,0.002114089124671119,0.06040254641917482,-10.813477715886451,-1.3462519545914802,116.62345515511673,-417.5326597214238,-0.008456356498684476,0.002114089124671119,-23.593234631329686,0.8456356498684475,0.008456356498684476,0.008456356498684476,-298.36931511866896,0.009301992148552924,-40.52704572385123,-0.006342267374013356,2.5369069496053425,0.008456356498684476,60.50148545886869,53.736400259921105,-0.004228178249342238,179.7872258957777,-85.0,-0.006342267374013356,-0.008456356498684476,-2.6214705145921875,0.008456356498684476,0.8456356498684475,-0.1691271299736895,84.14590799363287,84.14590799363287,-0.8456356498684475,417.5326597214238,-84.14590799363287,1.691271299736895,0.012684534748026713,34.18082368239084,0.8456356498684475,-108.90383989125768,78.3087287002631,-1.691271299736895,0.004228178249342238,0.08456356498684477,1.802246285981075,-56.99239224550088,-0.008456356498684476,-300.28975367952023,298.36931511866896,2.6214705145921875,0.008456356498684476,1.3462519545914802,10.19652239257861,78.3087287002631,-0.008456356498684476,-0.002114089124671119,-78.3087287002631,-0.008456356498684476,-42.15436435013155,0.008456356498684476,-0.002114089124671119,-0.002114089124671119,-0.002114089124671119,3.38254259947379,-53.736400259921105,0.08456356498684477,199.8500175016153,-0.002114089124671119,0.0,0.42281782493422376,21.5,0.008456356498684476,0.004228178249342238,0.004228178249342238,40.0,2.6214705145921875,0.008456356498684476,-2.6214705145921875,0.08456356498684477,0.008456356498684476,-587.0198462629196,0.008456356498684476,0.033825425995246405,0.04228178249394432,0.004228178249342238,0.002114089124671119,2.5369069496053425,-0.008456356498684476,40.52704572385123,-58.311727577558365,-399.7000350032306,135.55861008113686,-0.8456356498684475,1.691271299736895,0.42281782493422376,-0.008456356498684476,10.813477715886451,0.012684534748026713,-0.008456356498684476,-80.0,2.6214705145921875,225.61926713699984,0.004228178249342238,-43.0,-0.008456356498684476,-0.008456356498684476,-0.008456356498684476,0.004228178249342238,23.593234631329686,-1.691271299736895,0.008456356498684476,3.60449257196215,-0.002114089124671119,-0.009301992148552924,-3.60449257196215,1.268453474802671,85.0,-55.42144466938477,23.593234631329686,-0.006342267374013356,300.28975367952023,56.99239224550087,0.008456356498684476,-0.0021140891246711193,838.3323045794457,8.456356498684475,-0.004228178249342238,-0.008456356498684476,0.002114089124671119,0.0,0.0,-34.18505186064018,387.1698287613043,-45.805436012346824,0.0,479.25672701978,-31.0,0.0,-32.0,-93.0,-65.0,0.0,16.0,22.902718006173412,46.5,0.0,15.5,-298.38707346731627,-64.19220530210694,0.0,65.0,-64.19220530210694,-479.25672701978,234.10728448866647,0.0,1496.5981,hclb
381,0.0,0.0,0.0,0.0,0.0,0.0,0.0,0.0,-0.04693002938701362,0.0,0.0,0.0,0.0,0.0,0.0,0.0,638.3069285113739,-622.9667397611634,0.0,371.2873684892668,0.0,0.0,0.0,0.0,0.0,0.0,0.0,0.0,0.0,-1000.0,0.0,0.0,4.316342983111582,0.0,0.0,0.0,0.0,993.2921344662826,0.0,-1000.0,968.7584171063372,0.0,0.0,231.27263209784917,0.0,0.0,0.0,0.0,1000.0,-206.5758941053305,0.0,-130.4204393907769,0.0,0.05162303232567803,0.0,0.0,0.0,9.386005877402724,0.0,0.0,-230.87943450484434,0.0,181.70573258862507,-49.17370191621927,0.0,0.0,0.0,0.0,0.0,0.0,0.0,0.46930029387013616,0.0,0.0,0.0,0.0,0.0,0.0,0.0,0.0,0.0,0.0,0.0,0.0,28.158017632208175,0.0,226.74646325016164,-800.7567018926806,803.0214438672012,-606.0428877344025,-0.011732507346753405,0.0,0.0,0.0,14.079008816104086,0.0,31.241582893662837,-1.5111469462609826,0.0,0.0,0.0,2.346501469350681,-1000.0,0.0,0.0,-21.31167002220511,0.0,0.0,0.0,0.0,0.0,0.0,0.0,0.0,0.0,0.0,0.0,0.0,0.0,0.0,0.0,0.0,0.0,0.0,-235.23160637000478,0.0,0.0,31.241582893662837,0.0,14.54830910997422,1.1621646734507731,0.0,-1000.0,1000.0,0.0,0.0,0.0,0.0,0.0,0.0,0.0,0.0,0.0,0.0,0.0,230.36007551296169,0.04693002938701362,0.0,0.0,0.0,0.0,-816.89327763939,0.0,0.0,0.0,0.0,424.90597587192246,0.0,0.0,0.0,0.0,0.0,-60.774513529365834,-60.774513529365834,0.0,0.0,0.0,0.0,-736.2219393606564,0.0,0.0,-60.72758349997882,0.0,0.0,0.0,0.0,0.0,0.0,0.0,0.0,0.0,0.0,0.0,0.0,0.0,0.0,-1000.0,0.0,0.0,0.0,0.0,-720.5998752265598,0.0,0.0,0.0,0.0,0.0,206.5758941053305,130.4204393907769,-196.97855613279876,196.97855613279876,0.0,0.0,0.0,0.0,0.0,0.0,0.0,0.0,-133.35898191138938,0.0,0.0,0.0,0.0,0.0,0.0,0.0,0.0,0.0,0.0,0.0,0.0,0.0,252.05857572315932,809.8278634717542,-768.7273679021508,0.0,0.0,0.0,0.0,0.0,0.0,0.0,0.0,0.0,-230.87943450484434,-1000.0,0.0,0.0,0.0,0.0,0.0,0.0,0.0,0.0,0.0,0.0,17.16257407755875,0.0,0.0,1000.0,132.68518136529758,0.0,768.7273679021508,0.0,0.0,0.0,0.0,0.0,0.0,0.0,-14.81504936747001,0.0,0.0,-1000.0,0.0,0.0,-1000.0,0.0,0.0,606.0428877344025,0.0,-778.3216649027916,206.5758941053305,0.0,133.25911133666955,0.0,0.0,0.0,0.0,0.0,0.0,0.0,-82.80336158261976,0.0,0.0,0.0,0.0,0.0,0.0,-230.87943450484434,-0.07039504408052043,0.0,0.0,0.0,0.0,0.04693002938701362,0.0,0.0,0.0,689.3582923328969,638.3069285113739,0.0,-940.9264254800191,1000.0,0.0,1000.0,0.0,380.06773008643586,0.0,-21.31167002220511,0.0,0.0,0.0,619.9322699135641,0.0,-1000.0,-412.5851670934694,-1000.0,0.0,0.0,0.0,0.0,0.0,0.0,0.0,0.0,0.0,0.0,0.0,0.0,0.0,0.0,0.0,0.0,0.0,-6.520145416169385,0.0,-1000.0,0.0,0.0,0.0,0.0,0.0,0.0,-230.36007551296169,0.0,0.0,0.0,440.6118796723283,0.0,0.0,0.0,618.1066917704093,0.0,0.0,-363.57225682024426,0.0,0.0,-127.7761096857281,0.0,-620.4531932397599,0.0,-1.1732507346753405,-2.346501469350681,0.0,0.0,0.0,-465.2413563110399,-30.50451910155886,31.241582893662837,0.0,0.0,0.0,0.0,0.0,0.0,252.05857572315932,0.0,0.0,0.0,104.92566414480238,0.0,0.0,-658.2574717266178,0.0,0.0,0.0,0.0,0.0,-8.265942509365408,0.0,0.0,0.0,0.0,0.0,0.0,0.0,-38.30699706129864,0.09386005877398418,0.0,0.0,0.0,0.0,0.0,0.0,0.0,0.0,0.0,0.0,0.0,0.0,0.0,0.0,0.0,0.0,0.0,0.0,0.0,0.05162303232567803,0.05162303232567803,0.0,338.6725698457566,0.0,28.158017632208175,0.0,0.0,0.0,1000.0,0.0,0.0,226.74646325016164,0.0,0.0,741.4390763616279,-1000.0,0.0,0.0,890.8925912942509,0.0,0.0,0.0,0.0,0.0,0.0,0.0,0.0,0.0,0.0,78.41053545666826,-689.3582923328969,816.89327763939,0.0,230.36007551296169,0.0,809.8365571807406,-809.8365571807406,-809.8365571807406,0.0,741.4390763616279,0.0,0.0,703.1320793003293,484.34375000017127,-484.34375000017127,252.05857572315932,0.0,0.0,0.0,0.0,0.0,0.0,0.0,0.0,0.0,0.0,0.0,0.0,0.0,28.15801763220817,0.0,0.0,0.0,0.0,0.0,0.0,0.0,0.0,0.0,0.0,0.0,0.0,0.46930029387013616,0.0,0.0,226.74646325016164,-226.74646325016164,0.0,130.4204393907769,0.0,0.0,31.241582893662837,-890.8925912942509,0.0,0.0,0.0,0.0,0.0,0.0,0.0,0.0,0.0,669.1951923616432,0.0,0.0,14.079008816104086,14.079008816104086,1000.0,-1000.0,0.0,0.0,0.0,0.0,0.0,0.0,0.0,412.5851670934694,0.0,634.5627359336075,0.04693002938701362,0.0,0.0,0.0,57.32914940166082,0.0,0.0,0.0,0.0,0.0,0.0,0.0,0.0,0.0,0.0,0.0,0.0,0.0,0.0,0.0,0.0,0.0,0.04693002938701362,0.0,0.0,0.0,0.0,0.0,0.0,0.0,0.0,0.0,0.0,-230.36007551296169,0.0,0.0,-993.4798545838306,-3.519752204026022,0.0,-2.346501469350683,0.0,0.0,0.0,0.0,0.0,0.0,0.0,0.0,0.0,0.0,0.0,0.0,0.0,0.0,0.0,-28.158017632208175,0.0,0.0,0.0,-0.04693002938701362,0.0,0.0,0.04693002938701362,0.0,0.04693002938701362,0.0,0.0,0.0,28.158017632208175,57.254635852156625,57.254635852156625,0.0,0.0,0.0,0.0,0.0,0.0,0.0,816.89327763939,0.0,0.0,0.0,0.0,623.972945443786,0.0,0.0,0.0,0.0,0.0,0.0,0.0,0.0,0.0,0.0,0.0,0.0,0.0,0.0,0.0,0.0,0.0,0.0,0.07039504408052043,0.0,0.0,0.0,-31.241582893662837,0.0,0.0,0.0,0.0,0.0,-338.6725698457566,2.346501469350681,0.0,0.0,0.0,0.0,736.2219393606564,230.36007551296169,-2.346501469350683,0.0,0.0,0.0,0.0,0.0,0.0,0.0,0.0,0.0,890.8925912942509,-330.8048076383568,86.61399412259728,0.0,872.5072717619873,-21.31167002220511,0.0,0.0,0.0,0.0,0.0,-57.254635852156625,0.0,2.346501469350683,588.5309551873689,0.0,0.0,0.0,-461.7588690096887,0.0,0.0,55.915138574364335,-55.915138574364335,0.0,0.0,0.0,0.0,0.0,1000.0,-7.039504408052153,57.254635852156625,0.0,0.0,0.0,0.0,0.0,0.0,0.0,0.0,0.0,0.0,0.0,0.0,342.1923220497826,-57.32914940166082,-623.3548225756341,0.0,14.079008816104087,226.74646325016164,0.0,0.0,0.0,241.9201324265187,0.0,0.0,0.05162303232567803,0.0,0.0,0.0,28.627317926078305,0.0,0.0,0.0,0.0,809.8278634717542,0.0,0.0,0.0,0.0,0.0,0.0,0.0,0.0,0.0,0.0,435.0551843141171,0.004693002938701362,0.0,0.0,0.0,0.0,0.0,0.0,0.0,0.0,0.0,0.0,0.0,0.0,0.0,0.0,0.0,338.6725698457566,0.0,0.0,0.0,0.0,0.0,0.0,0.0,206.5758941053305,0.0,0.0,0.0,453.4929265003233,1000.0,1000.0,-622.9667397611634,0.0,0.0,0.0,28.158017632208175,0.0,0.0,0.0,0.0,0.0,-28.158017632208175,0.0,0.0,453.4929265003233,0.0,0.0,0.0,0.0,0.0,0.0,0.0,0.0,0.0,0.0,-634.5627359336075,-1000.0,656.1200155738903,-31.241582893662837,0.0,0.0,993.2921344662826,0.0,0.0,0.0,0.0,0.0,0.0,0.0,0.0,0.0,0.0,0.0,0.0,0.0,0.0,0.0,0.0,0.0,-5.866253673376705,0.0,-3.519752204026022,627.4926976478121,0.0,0.0,0.0,0.0,0.0,-195.59921156136983,195.01258619403217,8.265942509365408,0.0,0.0,0.0,0.0,0.0,0.0,0.0,1000.0,14.079008816104086,14.079008816104086,0.0,0.0,0.0,0.0,0.0,0.05162303232567803,338.6725698457566,0.0,0.0,-993.2921344662826,435.0504913111784,0.0,0.0,0.0,0.0,0.0,0.0,0.0,0.0,0.0,0.0,0.0,0.0,0.0,0.0,0.0,0.0,1.1621646734507731,0.0,49.2765308563643,189.92469159257988,0.0,40.43538392038181,0.0,0.0,0.0,338.6725698457566,0.0,-231.87122245922268,0.0,0.0,0.0,-5.866253673376705,0.0,0.0,0.0,0.0,0.0,0.0,0.0,0.0,0.0,0.0,0.0,0.0,0.0,0.0,0.0,0.0,0.0,0.0,-0.04693002938701362,0.0,0.0,2.346501469350681,-741.4390763616279,0.0,0.0,0.0,0.0,0.0,0.0,0.0,0.0,-619.9322699135641,1.1732507346753405,0.0,0.0,0.0,0.04693002938701362,0.0,46.93002938701362,-13.386144436523448,9.386005877402724,0.33521449562152583,133.25911133666955,-0.035197522040260214,2.3465014693505872,0.9386005877402724,-0.2346501469350406,-133.25911133666955,14.079008816104086,-0.04693002938701362,7.103890007401703,0.0,0.011732507346753405,0.33521449562152583,-21.31167002220511,-234.21772392857335,-0.9386005877402724,-386.62755723947737,-0.04693002938701362,0.011732507346753405,-133.25911133666955,4.693002938701362,0.04693002938701362,0.04693002938701362,-338.5740167840439,-226.69484021783592,0.0,-0.035197522040260214,14.079008816104086,0.04693002938701362,31.241582893662837,-6.302440615948058,-0.02346501469350681,-382.28263582751225,-4.739932968088375,-0.035197522040260214,-0.04693002938704132,-13.386144436523448,0.04693002938701362,4.693002938701362,-0.9386005877402724,0.0,0.0,-4.693002938701362,386.62755723947737,0.0,9.386005877402724,0.07039504408052043,-425.7228216498178,4.693002938701362,-78.41053545666826,0.0,-9.386005877402724,0.02346501469350681,0.46930029387013616,235.23160637000478,96.0,-0.04693002938701362,-349.23182645783476,338.5740167840439,14.54830910997422,0.04693002938701362,234.21772392857335,-73.47860934197516,0.0,-0.04693002938701362,-0.011732507346753405,0.0,-0.04693002938701362,-38.30699706129864,0.046930029386999195,-0.011732507346753405,-0.011732507346753405,-0.011732507346753405,18.772011754805447,6.302440615948058,0.46930029387013616,50.86610838854785,-0.011732507346753405,463.35932273260784,2.346501469350681,21.5,0.04693002938701362,0.02346501469350681,0.02346501469350681,4.693002938701362,13.386144436523448,0.04693002938701362,-13.386144436523448,0.46930029387013616,0.04693002938701362,-83.05975412143869,0.04693002938701362,0.18772011754802698,0.2346501469350406,0.02346501469350681,0.011732507346753405,14.079008816104086,-0.04693002938701362,0.0,0.4693002938701362,-101.7322167770957,1.1732507346754346,-4.693002938701362,9.386005877402724,2.346501469350681,-0.04693002938701362,21.31167002220511,0.07039504408052043,-0.04693002938701362,-9.386005877402724,13.386144436523448,-101.05975171135543,0.02346501469350681,-43.0,-0.04693002938701362,-0.046930029386999195,-0.04693002938701362,0.02346501469352066,133.25911133666955,-9.386005877402724,0.04693002938701362,470.46321274000957,-0.011732507346753405,226.69484021783592,-470.46321274000957,7.039504408052043,4.739932968088375,266.7436690425619,133.25911133666955,-0.035197522040260214,349.23182645783476,-96.0,0.04693002938701362,-0.011732507346753403,442.958381141679,46.93002938701362,-0.02346501469350681,-0.04693002938701362,0.011732507346753405,0.0,0.0,425.6993566351243,32.193645732890836,-46.0,0.0,-108.0,-26.665166654769656,0.0,-32.0,-93.0,-65.0,0.0,16.0,23.0,46.5,0.0,13.332583327384828,-338.6725698457566,-140.86038071516327,0.0,65.0,-140.86038071516327,108.0,-19.60719679836311,0.0,1496.5981,hclb
382,0.0,0.0,0.0,0.0,0.0,0.0,0.0,0.0,-0.015162196064774536,0.0,0.0,0.0,0.0,0.0,0.0,0.0,223.65978678861427,0.0,0.0,363.0447501271105,0.0,0.0,0.0,0.0,0.0,0.0,0.0,0.0,0.0,-489.4943212591172,0.0,0.0,6.1799575815592735,0.0,0.0,0.0,0.0,-231.28030289605493,0.0,-1000.0,995.4513411805676,0.0,0.0,344.6787851720194,0.0,0.0,0.0,0.0,-78.84425070151644,0.0,0.0,-1000.0,0.0,0.016678415671322,0.0,0.0,0.0,0.0,0.0,0.0,212.6279274151208,0.0,0.0,-473.24676346062074,0.0,0.0,0.0,0.0,0.0,0.0,0.0,0.15162196064774536,0.0,0.0,0.0,0.0,0.0,0.0,0.0,0.0,0.0,0.0,0.0,0.0,9.097317638864721,0.0,14.661685476690057,-1000.0,-362.2199538471236,1000.0,-0.003790549016193634,0.0,0.0,482.58033817095463,4.548658819432361,0.0,4.548658819432361,0.0,0.0,0.0,0.0,0.7581098032387268,-804.2925526286399,0.0,0.0,0.0,0.0,290.88711230703416,0.0,0.0,0.0,0.0,0.0,0.0,0.0,0.0,0.0,0.0,0.0,0.0,0.0,0.0,0.0,0.0,-1000.0,0.0,0.0,4.548658819432361,0.0,4.700280780080106,0.0,0.0,-110.93266026327697,0.0,110.93266026327697,-110.93266026327697,-685.8746908757415,765.6250000000098,-765.6250000000098,0.0,0.0,0.0,0.0,0.0,0.0,15.829174573677696,0.015162196064774536,0.0,0.0,0.0,0.0,0.0,0.0,0.0,0.0,0.0,-212.23778503080266,0.0,0.0,0.0,0.0,0.0,439.6600003518224,439.6600003518224,0.0,0.0,0.0,0.0,0.0,0.0,0.0,439.67516254788717,0.0,0.0,0.0,-620.5329933955794,0.0,0.0,0.0,0.0,0.0,0.0,0.0,0.0,0.0,0.0,0.0,0.0,0.0,0.0,0.0,-261.2518383279008,0.0,0.0,0.0,0.0,0.0,0.0,1000.0,-637.7800461528764,637.7800461528764,685.8746908757415,0.0,0.0,0.0,0.0,0.0,0.0,314.7982313695227,-924.9525076837853,0.0,0.0,0.0,0.0,0.0,0.0,0.0,0.0,0.0,0.0,0.0,0.0,0.0,189.30164123419974,10.728616400991633,-655.3212148279806,0.0,0.0,0.0,0.0,-229.46243130351627,0.0,0.0,0.0,0.0,212.6279274151208,-1000.0,0.0,0.0,0.0,0.0,0.0,0.0,0.0,0.0,0.4882227132817434,3.032439212954907,0.0,0.0,724.4399076942473,1000.0,-716.6242968543928,0.0,655.3212148279806,0.0,0.0,685.8746908757415,22.055642245649633,0.0,0.0,0.0,-394.8829520417478,0.0,0.0,-546.5186186274868,0.0,0.0,-546.5186186274868,0.0,0.0,-1000.0,0.0,-195.89104532424943,0.0,0.0,-414.1097325515043,0.0,0.0,0.0,-1000.0,0.0,1000.0,0.0,395.6597817256875,0.0,0.0,-951.1205862825145,0.0,0.0,0.0,212.6279274151208,-0.022743294097161804,0.0,0.0,0.0,0.0,0.015162196064774536,0.0,0.0,0.0,-200.19730277703852,223.65978678861427,0.0,-348.701923422198,180.8875201650705,0.0,1000.0,0.0,-60.323510686401264,0.0,0.0,0.0,0.0,0.0,-1.3054650811771573,0.0,61.628975767578424,-1000.0,-1000.0,0.0,0.0,0.0,0.0,0.0,0.0,0.0,0.0,0.0,0.0,0.0,0.0,0.0,0.0,0.0,0.0,0.0,-1000.0,0.0,-1000.0,0.0,231.2196541117964,0.0,0.0,0.0,0.0,-16.317397286959476,0.0,0.0,0.0,461.0365331143231,0.0,295.3101897023664,0.0,-0.7581098032387268,0.0,-295.3101897023664,-61.480805373564515,-313.0425705705121,0.0,-543.0814058831204,0.0,0.0,1000.0,-0.3790549016193634,312.2844607672734,609.4899249777366,0.0,-1000.0,0.0,-0.7581098032387268,4.548658819432361,0.0,0.0,0.0,0.0,0.0,0.0,0.0,-189.30164123419974,189.30164123419974,189.30164123419974,89.96756078704509,0.0,0.0,0.0,0.0,0.0,314.7982313695227,0.0,0.0,-231.29546509211974,0.0,0.0,0.0,0.0,0.0,0.0,0.0,6.1799575815592735,0.0303243921295592,0.0,0.0,0.0,0.0,0.0,0.0,0.0,0.0,0.0,0.0,0.0,0.0,0.0,0.0,0.0,0.0,0.0,0.0,0.0,0.016678415671322,0.016678415671322,0.0,282.26920202124484,0.0,9.097317638864721,0.0,0.0,0.0,1000.0,0.0,0.0,14.661685476690057,0.0,0.0,421.30781189789514,-1000.0,0.0,0.0,0.0,0.0,0.0,0.0,0.0,0.0,0.0,0.0,0.0,0.0,0.0,333.3333333333333,200.19730277703852,0.0,0.0,409.21529285789006,0.0,26.168078598729323,456.41225957222525,0.0,0.0,421.30781189789514,0.0,961.6414579632076,-534.1536884837532,0.0,0.0,189.30164123419974,0.0,0.0,0.0,0.0,0.0,0.0,0.0,0.0,0.0,0.0,0.0,0.0,0.0,9.097317638864721,685.8746908757415,685.8746908757415,0.0,0.0,0.0,0.0,0.0,0.0,0.0,0.0,0.0,0.0,0.15162196064774536,0.0,0.0,14.661685476690057,-14.661685476690057,0.0,1000.0,0.0,0.0,4.548658819432361,0.0,0.0,0.0,393.3861182842124,0.0,0.0,0.0,0.0,0.0,0.0,-264.2524868498226,-836.813806630718,0.0,4.548658819432361,4.548658819432361,985.0247939627335,-1000.0,0.0,0.0,0.0,0.0,0.0,0.0,0.0,804.2925526286399,314.7982313695227,884.5668007516747,0.015162196064774536,0.0,0.0,-646.216078667626,666.23992459917,0.0,0.0,-482.5803381709546,0.0,0.0,0.0,0.0,0.0,0.0,0.0,0.0,0.0,0.0,0.0,0.0,0.0,0.0,0.015162196064774536,0.0,0.0,0.0,-726.2013128480442,726.2013128480442,0.0,0.0,0.0,231.2196541117964,0.0,-16.317397286959533,0.0,0.0,0.0,-1.1371647048580904,-0.7581098032387268,0.0,0.0,484.375,484.375,-484.375,0.0,0.0,0.0,0.0,0.0,0.0,0.0,685.8746908757415,0.0,0.0,0.0,-1000.0,0.0,0.0,0.0,-0.015162196064774536,0.0,0.0,0.015162196064774536,0.0,0.015162196064774536,0.0,0.0,0.0,9.097317638864721,18.497879199024933,18.497879199024933,0.0,0.0,0.0,0.0,0.0,0.0,0.0,0.0,0.0,314.7982313695227,0.0,0.0,0.0,0.0,0.0,0.0,0.0,0.0,0.0,0.0,0.0,0.0,0.0,0.0,0.0,0.0,0.0,456.41225957222525,0.0,0.0,0.0,0.022743294097161804,0.0,0.0,0.0,-4.548658819432361,0.0,0.0,0.0,0.0,0.0,-282.26920202124484,0.7581098032387268,0.0,0.0,0.0,0.0,0.0,-497.82436428148657,0.0,0.0,0.0,0.0,0.0,0.0,0.0,0.0,685.8746908757415,0.0,0.0,0.0,92.96756078704509,0.0,61.967560787045095,0.0,0.0,-514.1417615684461,0.0,514.1417615684461,0.0,3.5577630466247,0.0,0.7581098032387268,599.0712730345667,0.0,66.04846802082508,0.0,-260.61883604549985,0.0,0.0,0.0,0.0,0.0,0.0,0.0,0.0,0.0,283.40636672610293,-285.68069613581906,18.497879199024933,0.0,0.0,0.0,0.0,0.0,0.0,0.0,0.0,0.0,0.4882227132817434,0.0,0.0,0.0,-20.023845931543974,0.0,0.0,4.548658819432361,14.661685476690057,0.0,0.0,0.0,-165.56845156815936,0.0,0.0,0.016678415671322,0.0,0.0,0.0,9.248939599512466,0.0,0.0,0.0,0.0,10.728616400991633,0.0,0.0,0.0,0.0,0.0,0.0,0.0,0.0,982.536522440301,0.0,0.0015162196064774536,0.0015162196064774536,0.0,0.0,0.0,0.0,0.0,0.0,0.0,0.0,0.0,-646.216078667626,0.0,0.0,0.0,0.0,0.0,282.26920202124484,0.0,0.0,0.0,0.0,0.0,0.0,0.0,0.0,0.0,0.0,0.0,29.323370953380113,1000.0,535.629027678573,0.0,0.0,0.0,0.0,9.097317638864752,0.0,0.0,0.0,0.0,0.0,990.9026823611352,-1000.0,0.0,29.323370953380113,0.0,0.0,0.0,0.0,0.0,0.0,0.0,0.0,0.0,0.0,-884.5668007516747,-1000.0,10.386104304370557,0.0,-4.548658819432361,0.0,-0.060648784258546584,0.0,0.0,0.0,0.0,0.0,0.0,0.0,0.0,0.0,195.3125,0.0,-195.31249999999997,-195.31249999999997,0.0,0.0,0.0,0.0,-1.8952745080968172,685.8746908757415,-1.1371647048580904,284.543531430961,0.0,0.0,0.0,0.0,0.0,-0.1895274508096817,0.0,231.29546509211974,0.0,0.0,0.0,0.0,0.0,0.0,0.0,1000.0,4.548658819432361,4.548658819432361,0.0,0.0,0.0,0.0,0.0,0.016678415671322,282.26920202124484,0.0,0.0,0.060648784258546584,0.0,0.0,0.0,0.0,0.0,0.0,0.0,0.0,0.0,0.0,0.0,0.0,0.0,0.0,0.0,0.0,0.0,0.0,0.0,15.920305868013262,15.829174573677696,0.0,0.0,0.0,0.0,0.0,282.26920202124484,0.0,497.0662544782478,0.0,0.0,0.0,-1.8952745080968172,0.0,0.0,0.0,0.0,0.0,0.0,0.0,0.0,0.0,0.0,0.0,0.0,0.0,0.0,0.0,0.0,0.0,0.0,-0.015162196064774536,0.0,0.0,0.7581098032387268,-421.30781189789514,0.0,0.0,0.0,0.0,685.8746908757415,0.0,0.0,0.0,1.3054650811771573,0.3790549016193634,0.0,0.0,0.0,0.015162196064774536,0.0,15.162196064774536,-4.700280780080106,3.032439212954907,0.10830140046267525,42.30252702072095,-0.011371647048580902,0.7581098032387268,0.3032439212954907,-0.07581098032332112,-42.30252702072095,4.548658819432361,-0.015162196064774536,0.0,0.0,0.003790549016193634,0.10830140046267525,0.0,-17.0755070901983,-0.3032439212954907,-586.7045369157247,-0.015162196064774536,0.003790549016193634,-42.30252702072095,1.5162196064774536,0.015162196064774536,0.015162196064774536,-282.23736140950876,-14.645007061018804,0.0,-0.011371647048580902,4.548658819432361,0.015162196064774536,4.548658819432361,-7.581098032387268,-0.007581098032387268,212.23778503080266,227.93104950097404,-0.011371647048580902,-0.015162196064774536,-4.700280780080106,0.015162196064774536,1.5162196064774536,-0.3032439212954907,456.41225957222525,456.41225957222525,-1.5162196064774536,586.7045369157247,-456.41225957222525,3.032439212954907,0.022743294097161804,-1000.0,1.5162196064774536,-333.3333333333333,0.0,-3.032439212954907,0.007581098032387268,0.15162196064774536,87.1754808555495,96.0,-0.015162196064774536,-285.68069613581906,282.23736140950876,4.700280780080106,0.015162196064774536,17.0755070901983,-18.194635277729418,0.0,-0.015162196064774536,-0.003790549016193634,0.0,-0.015162196064774536,6.1799575815592735,0.015162196064774536,-0.003790549016193634,-0.003790549016193634,-0.003790549016193634,6.064878425909814,7.581098032387268,0.15162196064774536,260.831859909619,-0.003790549016193634,174.350961711099,0.7581098032387268,-2.33186898754091,0.015162196064774536,0.007581098032387268,0.007581098032387268,1.5162196064774536,4.700280780080106,0.015162196064774536,-4.700280780080106,0.15162196064774536,0.015162196064774536,-760.0289957098889,0.015162196064774536,0.060648784258546584,0.07581098032332112,0.007581098032387268,0.003790549016193634,4.548658819432361,-0.015162196064774536,0.0,0.15162196064774536,-521.663719819238,0.3790549016193636,-1.5162196064774536,3.032439212954907,0.7581098032387268,-0.015162196064774536,0.0,0.022743294097161804,-0.015162196064774536,-3.032439212954907,4.700280780080106,197.30886032994803,0.007581098032387268,4.663737975081823,-0.015162196064774536,-0.015162196064774536,-0.015162196064774536,0.007581098032387268,42.30252702072095,-3.032439212954907,0.015162196064774536,174.350961711099,-0.003790549016193634,14.645007061018804,-174.350961711099,2.2743294097161804,-227.93104950097404,813.7912058283052,42.30252702072095,-0.011371647048580902,285.68069613581906,-96.0,0.015162196064774536,-0.003790549016193634,461.7946429175618,15.162196064774536,-0.007581098032387268,-0.015162196064774536,0.003790549016193634,0.0,0.0,999.9924189019677,499.1971358002699,-46.0,0.0,243.9701207877176,-6.515042114590861,0.0,-32.0,-93.0,-65.0,0.0,16.0,23.0,46.5,0.0,3.2575210572954303,-282.26920202124484,-31.74040876178868,0.0,65.0,-31.74040876178868,-243.9701207877176,130.32426822948477,0.0,1496.5981,hclb
383,0.0,0.0,0.0,0.0,0.0,0.0,0.0,0.0,-0.030913393436300708,0.0,0.0,0.0,0.0,0.0,0.0,0.0,-224.43149361717258,1000.0,0.0,-187.80686886113455,0.0,0.0,0.0,163.92896327566615,0.0,461.2329823372522,0.0,0.0,0.0,700.1018118057933,0.0,0.0,30.31681400505777,0.0,0.0,0.0,0.0,891.1084625985405,0.0,-1000.0,1000.0,0.0,-486.3060838584449,-1000.0,0.0,0.0,0.0,128.17761058530309,-832.6506637412238,-212.55756641008534,0.0,0.0,0.0,0.034004732779917425,0.0,0.0,0.0,0.0,0.0,0.0,-18.755877761191798,0.0,194.65366003109546,0.0,0.0,0.0,0.0,0.0,0.0,0.0,0.0,0.3091339343630071,0.0,0.0,0.0,0.0,0.0,0.0,0.0,0.0,0.0,0.0,373.4154664465949,0.0,18.548036061780426,0.0,74.66603233586937,811.0398843919663,-535.3046954908126,1000.0,-0.007728348359075178,0.0,0.0,244.20613203644615,9.274018030890213,0.0,9.274018030890213,0.0,0.0,0.0,473.10111131545756,1.5456696718150356,-299.8981881942067,0.0,0.0,0.0,0.0,0.0,0.0,0.0,0.0,0.0,0.0,0.0,0.0,0.0,0.0,0.0,0.0,0.0,0.0,0.0,0.0,0.0,-1000.0,0.0,0.0,9.274018030890213,0.0,9.583151965253219,0.0,0.0,931.3952108977444,-728.2702108977434,-203.12500000000105,203.12500000000105,0.0,1000.0,-1000.0,-175.89778226990364,0.0,0.0,0.0,0.0,0.0,-296.3691028161304,0.03091339343630071,0.0,0.0,0.0,-719.8897716981113,719.8897716981113,0.0,0.0,0.0,0.0,-386.7879745568308,0.0,0.0,0.0,0.0,0.0,450.90227391466954,450.90227391466954,0.0,0.0,0.0,0.0,-871.8488246536717,0.0,0.0,450.93318730810586,0.0,0.0,0.0,-197.87481050335884,0.0,0.0,0.0,0.0,0.0,0.0,0.0,0.0,0.0,0.0,0.0,0.0,0.0,0.0,0.0,-1000.0,0.0,0.0,0.0,0.0,0.0,212.55756641008534,486.3060838584449,-464.6953045091874,464.6953045091874,175.89778226990364,0.0,0.0,0.0,0.0,0.0,0.0,1000.0,929.1461116893554,0.0,0.0,0.0,0.0,0.0,0.0,0.0,0.0,0.0,0.0,0.0,0.0,0.0,257.4533375929566,23.94495240151159,-129.3257383058418,0.0,0.0,0.0,0.0,81.87774726293362,0.0,0.0,0.0,0.0,-18.755877761191798,870.6742616941582,0.0,0.0,0.0,0.0,0.0,0.0,0.0,0.0,0.9954112686491072,134.36028927256322,0.0,0.0,556.9154748400701,0.0,0.0,0.0,129.3257383058418,0.0,0.0,175.89778226990364,0.0,0.0,0.0,0.0,-492.8023818880151,0.0,0.0,-1000.0,0.0,0.0,-999.9999999999998,0.0,0.0,-1000.0,0.0,369.10860597893554,212.55756641008534,0.0,-171.52716184555823,0.0,0.0,0.0,0.0,0.0,0.0,0.0,1000.0,0.0,0.0,1000.0,0.0,0.0,0.0,-18.755877761191798,-0.046370090154451066,0.0,0.0,0.0,0.0,0.03091339343630071,0.0,0.0,0.0,731.9550411676234,-224.43149361717258,0.0,-9.672461482828643,-25.49887137988553,0.0,998.8750964177073,0.0,-700.8970495617207,0.0,0.0,0.0,0.0,0.0,715.6859742477931,985.2110753139276,-1000.0,-1000.0,-1000.0,0.0,0.0,0.0,0.0,0.0,0.0,0.0,0.0,0.0,0.0,0.0,0.0,0.0,0.0,0.0,0.0,0.0,1000.0,0.0,108.76788382771416,0.0,0.0,0.0,0.0,0.0,565.101469089492,777.4276025576767,0.0,99.68564486886262,0.0,0.0,0.0,14.788924686072392,0.0,0.0,0.0,-1000.0,-164.2592291929563,789.7606406046873,60.85738524168368,179.1701130736789,0.0,-1.5456696718150356,0.0,-0.7728348359075178,-791.3063102765024,0.0,0.0,0.0,783.8043286478784,699.2411298281176,9.274018030890213,-421.8750000020144,421.8750000020144,0.0,196.9199219246688,0.0,0.0,0.0,-257.4533375929566,257.4533375929566,257.4533375929566,-110.10260061192895,0.0,71.13040010152037,-773.1267364863749,0.0,0.0,1000.0,0.0,0.0,-64.07747312054849,0.0,0.0,10.398921613182978,0.0,0.0,0.0,0.0,14.670934370621376,0.06182678687263305,0.0,0.0,0.0,0.0,0.0,0.0,0.0,0.0,0.0,0.0,0.0,0.0,0.0,0.0,0.0,0.0,0.0,0.0,0.0,0.034004732779917425,0.034004732779917425,0.0,347.27065890569645,0.0,18.548036061780426,0.0,0.0,0.0,1000.0,0.0,0.0,74.66603233586937,0.0,0.0,-48.1864610252776,-1000.0,0.0,0.0,929.1333154679252,0.0,0.0,10.398921613182978,0.0,0.0,0.0,0.0,0.0,0.0,0.0,333.3333333333333,-731.9550411676234,0.0,0.0,77.04636363046453,0.0,-707.7917357742602,951.9978678107063,694.2223382778691,0.0,-48.1864610252776,0.0,0.0,-33.51552665465623,0.0,0.0,257.4533375929566,0.0,0.0,0.0,0.0,0.0,0.0,0.0,0.0,0.0,0.0,0.0,0.0,0.0,18.548036061780426,175.89778226990364,175.89778226990364,0.0,0.0,0.0,0.0,0.0,0.0,0.0,0.0,0.0,0.0,0.3091339343630071,0.0,0.0,74.66603233586937,-74.66603233586937,0.0,486.3060838584449,0.0,0.0,9.274018030890213,-929.1333154679252,0.0,0.0,0.0,0.0,0.0,0.0,0.0,0.0,0.0,478.1744271780592,-1000.0,0.0,9.274018030890213,9.274018030890213,-874.1929645561531,-1000.0,0.0,10.398921613182978,0.0,0.0,0.0,0.0,0.0,299.8981881942067,1000.0,5.644553910260868,0.03091339343630071,0.0,0.0,40.825552231697415,0.0,0.0,0.0,-244.20613203644615,0.0,0.0,0.0,0.0,0.0,0.0,0.0,0.0,0.0,0.0,0.0,0.0,0.0,0.0,0.03091339343630071,0.0,0.0,0.0,-739.228773671639,739.228773671639,0.0,0.0,0.0,0.0,0.0,877.1132474265393,0.0,0.0,-891.2321161722858,-2.3185045077225532,-1.5456696718150356,0.0,0.0,0.0,0.0,0.0,0.0,0.0,0.0,0.0,0.0,0.0,0.0,175.89778226990364,0.0,0.0,0.0,700.7867994999326,0.0,0.0,0.0,-0.03091339343630071,0.0,0.0,0.03091339343630071,0.0,0.03091339343630071,0.0,0.0,0.0,18.548036061780426,37.71433999228687,37.71433999228687,0.0,0.0,0.0,0.0,0.0,0.0,99.68564486886262,0.0,0.0,1000.0,0.0,0.0,0.0,718.3476174226585,0.0,0.0,0.0,0.0,0.0,0.0,0.0,0.0,0.0,0.0,0.0,0.0,0.0,257.77552953283725,0.0,-461.2329823372522,461.2329823372522,0.046370090154451066,0.0,0.0,0.0,-9.274018030890213,0.0,0.0,0.0,0.0,0.0,-347.27065890569645,1.5456696718150356,0.0,0.0,0.0,0.0,871.8488246536717,-777.4276025576767,0.0,0.0,0.0,0.0,0.0,0.0,0.0,0.0,175.89778226990364,0.0,929.1333154679252,10.05366774676429,89.81732131273986,0.0,58.81732131273986,0.0,0.0,0.0,99.68564486886262,-99.68564486886262,0.0,-37.71433999228687,0.0,1.5456696718150356,805.1859727346042,0.0,0.0,0.0,-213.40953779228724,0.0,0.0,-359.3750000000125,359.3750000000125,0.0,-482.0539110101952,0.0,0.0,0.0,-4.6370090154451304,0.0,37.71433999228687,0.0,0.0,0.0,0.0,0.0,0.0,0.0,0.0,0.0,0.9954112686491072,0.0,0.0,354.2261724288641,-40.825552231697415,1000.0,-486.3060838584449,9.274018030890213,74.66603233586937,0.0,0.0,0.0,-361.7223462597188,0.0,0.0,0.034004732779917425,0.0,0.0,0.0,18.857169996143433,0.0,0.0,0.0,0.0,23.94495240151159,0.0,0.0,0.0,0.0,0.0,0.0,0.0,0.0,-328.03714467928876,0.0,0.0030913393436300713,0.0030913393436300713,0.0,0.0,0.0,0.0,0.0,0.0,0.0,0.0,0.0,40.825552231697415,0.0,0.0,0.0,0.0,0.0,347.27065890569645,0.0,0.0,0.0,0.0,0.0,0.0,0.0,212.55756641008534,0.0,0.0,0.0,149.33206467173875,-695.8698797690912,81.96404976976808,1000.0,0.0,0.0,0.0,18.548036061780426,0.0,0.0,0.0,0.0,0.0,218.59613156755867,-237.1441676293391,0.0,149.33206467173875,0.0,0.0,0.0,0.0,0.0,0.0,0.0,0.0,0.0,0.0,-5.644553910260868,-1000.0,739.5232919265245,-9.274018030890213,0.0,0.0,891.1084625985405,0.0,0.0,0.0,0.0,0.0,0.0,0.0,0.0,0.0,210.9375,0.0,-210.9375,-210.9375,0.0,0.0,0.0,0.0,-3.8641741795375886,175.89778226990364,-2.3185045077225532,716.0291129149359,0.0,0.0,0.0,0.0,0.0,0.0,-0.3864174179537589,64.07747312054849,0.0,0.0,0.0,0.0,0.0,0.0,0.0,1000.0,9.274018030890213,9.274018030890213,0.0,0.0,0.0,0.0,0.0,0.034004732779917425,347.27065890569645,0.0,0.0,-891.1084625985405,0.0,0.0,0.0,0.0,0.0,0.0,0.0,0.0,0.0,0.0,0.0,0.0,0.0,0.0,0.0,0.0,0.0,0.0,0.0,32.45906310811574,0.0,0.0,176.73200849932715,0.0,0.0,0.0,347.27065890569645,0.0,775.8819328858616,0.0,0.0,0.0,-3.8641741795375886,0.0,0.0,0.0,0.0,0.0,0.0,0.0,0.0,0.0,0.0,0.0,0.0,0.0,0.0,0.0,0.0,0.0,0.0,-0.03091339343630071,0.0,0.0,1.5456696718150356,48.1864610252776,0.0,0.0,0.0,0.0,175.89778226990364,0.0,0.0,0.0,-715.6859742477931,0.7728348359075178,0.0,0.0,461.2329823372522,0.03091339343630071,0.0,30.91339343630071,-9.583151965253219,6.182678687260142,0.22080995311643364,86.24836768727897,-0.023185045077225533,1.5456696718150356,0.6182678687260142,-0.15456696718158755,-86.24836768727897,9.274018030890213,-0.03091339343630071,0.0,10.398921613182978,0.007728348359075178,0.22080995311643364,0.0,-79.58744457092848,-0.6182678687260142,-587.7616375216928,-0.03091339343630071,0.007728348359075178,-86.24836768727897,3.091339343630071,0.03091339343630071,0.03091339343630071,-347.2057407794802,-74.63202760308944,-15.645879634436426,-0.023185045077225533,9.274018030890213,0.03091339343630071,9.274018030890213,-15.456696718150354,-0.015456696718150356,402.43385419126724,-85.0,-0.023185045077225533,-0.03091339343630071,-9.583151965253219,0.03091339343630071,3.091339343630071,-0.6182678687260142,257.77552953283725,257.77552953283725,-3.091339343630071,587.7616375216928,-257.77552953283725,6.182678687260142,0.046370090154451066,-681.8437856362723,3.091339343630071,-333.3333333333333,10.398921613182978,-6.182678687260142,0.015456696718150356,0.3091339343630071,2.4181153707071608,96.0,-0.03091339343630071,-354.2261724288641,347.2057407794802,9.583151965253219,0.03091339343630071,79.58744457092848,-26.69715051037724,10.398921613182978,-0.03091339343630071,-0.007728348359075178,-10.398921613182978,-0.03091339343630071,14.670934370621376,0.030913393436096205,-0.007728348359075178,-0.007728348359075178,-0.007728348359075178,12.365357374520284,15.456696718150354,0.3091339343630071,132.20629108842093,-0.007728348359075178,4.8362307414143215,1.5456696718150356,-5.789797513495652,0.03091339343630071,0.015456696718150356,0.015456696718150356,8.29080015022156,9.583151965253219,0.03091339343630071,-9.583151965253219,0.3091339343630071,0.03091339343630071,-350.8129525410238,0.03091339343630071,0.12365357374531527,0.15456696718158755,0.015456696718150356,0.007728348359075178,9.274018030890213,-0.03091339343630071,15.645879634436426,0.3091339343630071,-264.41258217684185,0.7728348359075177,-3.091339343630071,6.182678687260142,1.5456696718150356,-0.03091339343630071,0.0,0.046370090154451066,-0.03091339343630071,-16.58160030044312,9.583151965253219,615.9811030954136,0.015456696718150356,11.579595026991306,-0.03091339343630071,-0.030913393436096205,-0.03091339343630071,0.015456696718150356,86.24836768727897,-6.182678687260142,0.03091339343630071,4.8362307414143215,-0.007728348359075178,74.63202760308944,-4.8362307414143215,4.637009015445106,85.0,286.72371887028305,86.24836768727897,-0.023185045077225533,354.2261724288641,-96.0,0.03091339343630071,-0.007728348359075177,1.5456696718150356,30.91339343630071,-0.015456696718150356,-0.03091339343630071,0.007728348359075178,0.0,0.0,681.8283289395541,218.60666145260285,-46.0,0.0,962.694278955319,-31.0,0.0,-32.0,-93.0,-65.0,0.0,16.0,23.0,46.5,0.0,15.5,-347.27065890569645,-254.2587568356948,0.0,65.0,-254.2587568356948,-962.694278955319,493.15004506103304,0.0,1496.5981,hclb
384,0.0,0.0,0.0,0.0,0.0,0.0,0.0,0.0,367.8551342867455,0.0,0.0,0.0,0.0,0.0,0.0,0.0,768.7984865092319,-595.0764424785264,0.0,494.9685359381398,0.0,0.0,0.0,0.0,0.0,0.0,0.0,0.0,0.0,-280.5512204966284,57.813289663458306,-57.813289663458306,7.026577347417618,0.0,0.0,0.0,0.0,999.8509152657887,0.0,-1000.0,905.1792400702328,0.0,-1000.0,0.0,0.0,0.0,0.0,0.0,-995.9810393371878,-429.5444285389663,0.0,0.0,0.0,0.040998301908345525,0.0,0.0,0.0,7.454236710584667,0.0,0.0,-17.485768357555216,0.0,0.0,-32.688799643030016,0.0,0.0,0.0,0.0,15.433577608790984,-0.23054632331650282,0.0,0.37271183552923337,0.0,0.0,0.0,0.0,0.0,0.0,0.0,0.0,0.0,0.0,29.006707830912973,0.0,22.362710131754007,0.0,0.0,320.6178477742781,-267.6754735476441,879.5152281895829,779.0668746082404,0.0,0.0,0.0,11.181355065877003,0.0,94.82075992976716,0.0,0.0,0.0,29.006707830912973,108.40781902484949,-1000.0,0.0,0.0,-23.149729496062644,0.0,0.0,0.0,0.0,0.0,0.0,0.0,0.0,0.0,0.0,0.0,0.0,0.0,0.0,0.0,0.0,0.0,0.0,-183.67033250948117,0.0,0.0,94.82075992976716,0.0,11.554066901406236,11.554066901406236,0.0,-828.1249999999984,1000.0,-171.87500000000162,171.87500000000162,-15.203031285474802,796.8750000000267,-796.8750000000267,0.0,0.0,0.0,0.0,0.0,0.0,-26.13682669733791,0.03727118355292334,779.0761924041286,0.0,0.0,0.0,0.0,0.0,0.0,0.0,0.0,285.7619511291296,0.0,0.0,0.0,0.0,0.0,632.0740167905687,632.0740167905687,0.0,0.0,0.0,359.375,970.2628641507627,0.0,0.0,689.9245776375799,0.0,0.0,0.0,-602.899078781915,-831.3615069341612,0.0,0.0,0.0,0.0,0.0,0.0,0.0,0.0,0.0,-963.1682145884497,0.0,0.0,0.0,0.0,-1000.0,0.0,0.0,0.0,0.0,0.0,429.5444285389663,1000.0,-611.8397546419387,611.8397546419387,0.0,0.0,0.0,0.0,0.0,0.0,0.0,719.4487795033716,-947.1131346547,0.0,0.0,0.0,0.0,0.0,0.0,0.0,0.0,0.0,0.0,0.0,0.0,0.0,423.7835008820146,55.5478782850595,-492.26622667541574,0.0,0.0,0.0,0.0,0.0,0.0,0.0,0.0,0.0,-17.485768357555216,-492.26622667541574,57.813289663458306,0.0,0.0,0.0,0.0,0.0,0.0,0.0,670.377110787131,0.0,83.63940486389016,0.0,1000.0,344.1642810942946,-287.2029462048484,0.0,492.26622667541574,0.0,0.0,15.203031285474802,834.4122860613237,0.0,0.0,0.0,-163.41171497034622,0.0,0.0,-697.2341928707292,0.0,0.0,-697.2341928707292,0.0,0.0,-879.5152281895829,0.0,-36.58446961941581,429.5444285389663,0.0,127.09473591546859,0.0,0.0,0.0,-1000.0,0.0,1000.0,0.0,689.850035270474,15.203031285474802,0.0,0.0,359.375,0.0,0.0,-17.485768357555216,-0.055906775329385004,0.0,0.0,0.0,0.0,0.03727118355292334,0.0,0.0,0.0,234.80212928310186,768.7984865092319,0.0,-734.6813300379247,190.74974818075572,831.3615069341612,1000.0,0.0,-285.94083393910887,0.0,-23.149729496062644,0.0,0.0,0.0,-3.2090489039068286,0.0,289.1498828430157,-1000.0,-1000.0,0.0,0.0,0.0,0.0,0.0,0.0,0.0,0.0,0.0,0.0,0.0,0.0,0.0,0.0,0.0,0.0,0.0,87.03246087815245,0.0,-912.9675391218475,0.0,0.0,611.3636890132685,910.4642492470417,0.0,0.0,-586.4269944263347,0.0,0.0,0.0,0.0,106.54425984720332,385.5660591704784,-46.55790358179212,-510.36781372476867,-303.4273965390265,-400.9996367792694,-1000.0,0.0,-339.335531497027,0.0,46.55790358179212,0.0,0.0,302.49561695020344,-1.8635591776461666,1000.0,0.0,0.0,-769.6647543669517,680.0194789084965,94.82075992976716,0.0,0.0,0.0,0.0,0.0,367.89240547029846,0.0,-423.7835008820146,423.7835008820146,423.7835008820146,108.69549278547798,0.0,0.0,0.0,0.0,0.0,719.4487795033716,0.0,0.0,-50.17456800058523,0.0,0.0,0.0,0.0,0.0,0.0,0.0,-39.27288164470767,0.07454236710577788,0.0,0.0,0.0,0.0,0.0,0.0,0.0,0.0,0.0,0.0,0.0,0.0,0.0,0.0,0.0,0.0,0.0,0.0,0.0,0.040998301908345525,0.040998301908345525,57.813289663458306,512.3292641714299,0.0,22.362710131754007,0.0,0.0,0.0,1000.0,0.0,0.0,0.0,0.0,0.0,456.59931605243384,-1000.0,0.0,0.0,0.0,0.0,0.0,0.0,0.0,0.0,0.0,0.0,0.0,0.0,0.0,61.223444169827054,-234.80212928310186,0.0,0.0,202.7959708042698,0.0,0.0,0.0,0.0,0.0,456.59931605243384,0.0,0.0,417.3264344077262,0.0,0.0,423.7835008820146,0.0,0.0,0.0,0.0,0.0,0.0,0.0,0.0,0.0,0.0,0.0,0.0,0.0,22.362710131754007,15.203031285474802,15.203031285474802,0.0,0.0,0.0,0.0,0.0,0.0,0.0,0.0,0.0,0.0,0.37271183552923337,0.0,57.813289663458306,0.0,0.0,57.813289663458306,1000.0,0.0,0.0,94.82075992976716,0.0,0.0,0.0,199.92608967069475,0.0,0.0,0.0,0.0,0.0,0.0,896.0272364471803,0.0,0.0,11.181355065877002,11.181355065877002,1000.0,-1000.0,0.0,0.0,0.0,0.0,0.0,0.0,0.0,1000.0,719.4487795033716,873.9732538003525,0.03727118355292334,0.0,0.0,0.0,3.0056547308036032,0.0,0.0,0.0,0.0,-15.203031285474802,0.0,0.0,0.0,0.0,0.0,0.0,0.0,0.0,0.0,0.0,0.0,0.0,0.03727118355292334,0.0,0.0,0.0,0.0,0.0,0.0,0.0,0.0,0.0,0.0,24.93669458693384,0.0,0.0,-1000.0,-2.795338766469172,-1.8635591776461524,0.0,0.0,0.0,0.0,0.0,0.0,0.0,0.0,0.0,0.0,0.0,0.0,15.203031285474802,831.3615069341612,0.0,0.0,681.8830380861427,0.0,0.0,0.0,367.8551342867455,0.0,0.0,0.03727118355292334,0.0,0.03727118355292334,0.0,0.0,0.0,22.362710131754007,45.470843934566474,45.470843934566474,0.0,0.0,0.0,0.0,0.0,0.0,0.0,0.0,0.0,719.4487795033716,0.0,0.0,0.0,0.0,0.0,0.0,0.0,0.0,0.0,0.0,0.0,0.0,0.0,0.0,0.0,0.0,0.0,0.0,0.0,0.0,0.0,0.055906775329385004,0.0,0.0,0.0,-94.82075992976716,0.0,0.0,0.0,0.0,0.0,-512.3292641714299,1.8635591776461666,0.0,0.0,0.0,-359.375,-970.2628641507627,586.4269944263347,0.0,0.0,0.0,0.0,0.0,0.0,0.0,0.0,15.203031285474802,0.0,0.0,-368.63771035999025,88.54576328941533,0.0,57.54576328941533,-23.149729496062644,0.0,0.0,0.0,0.0,0.0,788.9414421267572,0.0,1.8635591776461524,1000.0,0.0,0.0,-57.813289663458306,-50.17456800058523,0.0,0.0,0.0,0.0,0.0,0.0,0.0,0.0,0.0,1000.0,-42.422462944489055,45.470843934566474,0.0,0.0,0.0,57.813289663458306,0.0,0.0,0.0,0.0,0.0,670.377110787131,0.0,0.0,478.29281752634876,-3.0056547308036032,-393.8559447399482,-1000.0,11.181355065877003,0.0,0.0,0.0,0.0,130.78867801311023,0.0,0.0,0.040998301908345525,0.0,0.0,0.0,22.735421967283237,0.0,0.0,0.0,0.0,55.5478782850595,0.0,0.0,0.0,0.0,0.0,0.0,0.0,0.0,-494.3532364706304,0.0,0.0037271183552922693,0.0037271183552922693,0.0,0.0,0.0,0.0,0.0,0.0,0.0,0.0,0.0,0.0,57.813289663458306,0.0,0.0,0.0,0.0,512.3292641714299,0.0,0.0,0.0,0.0,0.0,0.0,0.0,429.5444285389663,0.0,0.0,0.0,0.0,1000.0,1000.0,-595.0764424785264,0.0,0.0,0.0,22.362710131754007,0.0,0.0,0.0,0.0,0.0,0.0,-22.362710131754007,0.0,0.0,0.0,0.0,0.0,0.0,0.0,0.0,0.0,57.813289663458306,57.813289663458306,0.0,-873.9732538003525,-1000.0,25.530760733752484,0.0,-94.82075992976716,0.0,999.8509152657887,0.0,0.0,0.0,0.0,0.0,0.0,0.0,0.0,0.0,726.5625,0.0,-726.5625,-726.5625,0.0,0.0,0.0,0.0,-4.658897944115324,15.203031285474802,-109.33959861367249,39.62712417801977,0.0,0.0,0.0,0.0,0.0,0.0,-0.46588979441154177,50.17456800058523,0.0,0.0,0.0,0.0,0.0,0.0,0.0,1000.0,11.181355065877002,11.181355065877002,0.0,0.0,0.0,0.0,0.0,0.040998301908345525,512.3292641714299,0.0,0.0,-999.8509152657887,0.0,0.0,0.0,0.0,0.0,0.0,0.0,0.0,0.0,0.0,0.0,0.0,0.0,0.0,0.0,0.0,0.0,11.554066901406236,0.0,39.13474273056951,2.8698811335750634,0.0,0.0,0.0,0.0,0.0,512.3292641714299,0.0,23.073135409287687,0.0,0.0,0.0,-4.658897944115324,0.0,0.0,0.0,0.0,0.0,0.0,0.0,0.0,0.0,0.0,0.0,0.0,0.0,0.0,0.0,0.0,0.0,0.0,-0.03727118355292334,0.0,0.0,1.8635591776461666,-456.59931605243384,0.0,0.0,0.0,0.0,15.203031285474802,0.0,0.0,0.0,3.2090489039068286,0.9317795888230834,0.0,0.0,0.0,0.03727118355292334,0.0,37.27118355292333,0.0,7.4542367105846665,0.2662227396637381,127.09473591546859,-0.027953387664692502,510.36781372476867,0.7454236710584667,-0.18635591776421734,-127.09473591546859,11.181355065877002,-0.03727118355292334,7.716576498687548,0.0,0.009317795888230835,0.2662227396637381,-23.149729496062644,-5.933572421625286,57.06786599239984,-668.6905799688453,-0.03727118355292334,0.009317795888230835,-127.09473591546859,3.7271183552923337,0.03727118355292334,0.03727118355292334,-512.2509946859687,0.04099830190821561,0.0,-0.027953387664692502,11.181355065877002,0.03727118355292334,94.82075992976716,65.0038130874285,-0.01863559177646167,-239.46249213700432,-3.7643895388452506,-0.027953387664692502,-0.03727118355292334,0.0,0.03727118355292334,3.7271183552923337,-0.7454236710584667,0.0,0.0,-3.7271183552923337,668.6905799688453,0.0,7.454236710584667,0.055906775329385004,-9.451373943012868,3.7271183552923337,-61.223444169827054,0.0,-7.454236710584667,0.01863559177646167,0.37271183552923337,183.67033250948117,96.0,-0.03727118355292334,-520.7152804708378,512.2509946859687,11.554066901406236,0.03727118355292334,5.933572421625286,-128.36482512739857,0.0,-0.03727118355292334,-0.009317795888230835,0.0,-0.03727118355292334,-39.27288164470767,0.03727118355292334,-0.009317795888230835,-0.009317795888230835,-0.009317795888230835,14.908473421169335,-65.0038130874285,0.37271183552923337,351.74219207651447,-0.009317795888230835,359.62408852027477,1.8635591776461669,21.5,0.03727118355292334,0.01863559177646167,0.01863559177646167,-3.8743972874450674,0.0,0.03727118355292334,0.0,0.37271183552923337,0.03727118355292334,-1000.0,0.03727118355292334,0.1490847342113284,0.18635591776421734,0.01863559177646167,0.009317795888230835,11.181355065877002,-0.03727118355292334,0.0,-28.53393299619992,-703.4843841530289,509.4360341359456,-3.7271183552923337,7.454236710584667,1.8635591776461666,-0.03727118355292334,23.149729496062644,0.055906775329385004,-0.03727118355292334,7.748794574890135,0.0,25.171204700754252,0.01863559177646167,-43.0,-0.03727118355292334,-0.03727118355292334,-0.03727118355292334,0.01863559177646167,127.09473591546859,-7.454236710584667,0.03727118355292334,367.34066501896234,-0.009317795888230835,-0.04099830190821561,-367.34066501896234,5.5906775329385,3.764389538845257,99.85201849741821,127.09473591546859,-0.027953387664692502,520.7152804708378,-96.0,0.03727118355292334,-0.009317795888230836,1.8635591776461524,37.27118355292333,-0.01863559177646167,-0.03727118355292334,0.009317795888230835,0.0,0.0,9.432738351236406,648.2578079234855,-46.0,0.0,243.9635062211654,-31.0,0.0,-32.0,-93.0,-65.0,0.0,16.0,23.0,46.5,0.0,15.5,-512.3292641714299,-155.9598827138645,0.0,65.0,-155.9598827138645,-243.9635062211654,184.30060649663582,0.0,1496.5981,hclb
385,0.0,0.0,0.0,0.0,0.0,0.0,0.0,0.0,263.0521211455528,0.0,0.0,0.0,0.0,0.0,0.0,0.0,0.0,168.15142461111725,0.0,0.0,0.0,0.0,0.0,0.0,0.0,873.6094840545029,0.0,0.0,0.0,-926.1510135060082,85.1317923287721,-85.1317923287721,30.42326399455904,0.0,0.0,0.0,0.0,717.0948341606706,0.0,-1000.0,757.5536815118201,0.0,0.0,782.0674267964667,0.0,0.0,676.4998722175068,0.0,0.0,0.0,0.0,0.0,0.0,0.02870631701292298,0.0,0.0,0.0,0.0,0.0,0.0,-144.0835867095415,0.0,0.0,-144.0835867095415,0.0,0.0,0.0,0.0,0.0,171.54952706316033,0.0,0.26096651829906514,0.0,0.0,0.0,0.0,0.0,0.0,0.0,596.9329705511265,0.0,0.0,0.0,0.0,15.65799109794391,0.0,113.40807746213041,196.92703757278025,28.775612961663,188.81189681944403,6.8493063379117185,0.0,0.0,0.0,7.828995548971955,0.0,7.828995548971955,0.0,0.0,0.0,0.0,1.3048325914953258,-926.1510135060082,0.0,0.0,0.0,0.0,0.0,0.0,0.0,0.0,0.0,0.0,0.0,0.0,0.0,0.0,0.0,0.0,0.0,0.0,0.0,0.0,0.0,-1000.0,0.0,0.0,7.828995548971955,0.0,8.089962067271019,8.089962067271019,0.0,0.0,0.0,0.0,0.0,0.0,0.0,0.0,0.0,0.0,0.0,0.0,0.0,0.0,115.41751965303321,0.026096651829906517,6.855830500869195,0.0,0.0,0.0,-83.32022787234283,0.0,0.0,0.0,0.0,-165.3658500126346,0.0,0.0,0.0,0.0,0.0,114.80943119545645,114.80943119545645,0.0,0.0,0.0,0.0,-156.6693750061637,0.0,0.0,199.96732017605845,0.0,0.0,0.0,-254.95126839433772,0.0,0.0,0.0,0.0,0.0,0.0,0.0,0.0,0.0,0.0,-693.2879636748908,0.0,0.0,0.0,0.0,-613.5282069737217,0.0,0.0,0.0,0.0,0.0,0.0,0.0,28.775612961663,-28.775612961663,0.0,0.0,0.0,0.0,0.0,0.0,0.0,0.0,-860.1611839723769,0.0,0.0,0.0,0.0,0.0,0.0,0.0,0.0,0.0,0.0,0.0,0.0,0.0,60.801148063800696,50.75888860430543,926.1510135060082,0.0,0.0,0.0,0.0,33.45994829532138,0.0,0.0,0.0,0.0,-144.0835867095415,144.0835867095415,85.1317923287721,0.0,0.0,0.0,0.0,0.0,0.0,0.0,262.68329233721545,5.219330365981303,0.0,0.0,0.0,0.0,225.70265053444325,0.0,-926.1510135060082,0.0,0.0,0.0,0.0,0.0,0.0,0.0,-73.522778346118,0.0,0.0,-553.6886211042539,0.0,1000.0,-975.5636211042545,421.87500000000034,578.1249999999997,57.551225923326,0.0,0.0,0.0,0.0,55.529634444659834,0.0,0.0,0.0,0.0,0.0,0.0,0.0,1000.0,0.0,0.0,0.0,0.0,0.0,0.0,-144.0835867095415,-0.039144977744859775,0.0,0.0,0.0,0.0,0.026096651829906517,0.0,0.0,0.0,309.55597079221286,0.0,0.0,-237.8824774194173,257.63614012256903,0.0,765.382677060792,0.0,-604.1181302388994,0.0,0.0,0.0,0.0,0.0,638.6017375959397,965.5163926429598,-1000.0,-1000.0,921.1563067119382,0.0,0.0,0.0,0.0,0.0,0.0,0.0,0.0,0.0,0.0,0.0,0.0,0.0,0.0,0.0,0.0,0.0,0.0,0.0,-1000.0,0.0,282.8007792320097,176.71118781952043,0.0,0.0,0.0,-292.9690196614766,0.0,0.0,0.0,0.0,0.0,34.48360735704023,0.0,0.0,190.47805165997983,-1000.0,0.0,-1.3048325914953258,217.84739386300197,106.16480512953429,0.0,-1.3048325914953258,122.22634417925781,-191.13046795572748,0.0,-638.6138251415603,0.0,471.78029019105946,0.0,0.0,7.828995548971955,0.0,0.0,0.0,0.0,0.0,263.0782177973827,0.0,-60.801148063800696,60.801148063800696,60.801148063800696,87.7806696340187,0.0,317.19358681733837,-463.8092332964858,0.0,0.0,0.0,0.0,0.0,-61.35101849482217,0.0,0.0,0.0,0.0,0.0,0.0,0.0,-40.39033481700935,0.05219330365980568,0.0,0.0,0.0,0.0,0.0,0.0,0.0,0.0,0.0,0.0,0.0,0.0,0.0,0.0,0.0,0.0,0.0,0.0,0.0,0.02870631701292298,0.02870631701292298,85.1317923287721,151.5818176978194,0.0,15.65799109794391,0.0,0.0,0.0,1000.0,0.0,0.0,113.40807746213041,0.0,0.0,347.72992547973877,-1000.0,0.0,0.0,983.3706106832192,0.0,0.0,0.0,0.0,0.0,0.0,0.0,0.0,0.0,0.0,333.3333333333333,-309.55597079221286,83.32022787234283,0.0,115.41751965303321,0.0,699.5715352299676,-699.5715352299676,-733.0314835252889,0.0,347.72992547973877,0.0,0.0,307.3395906627294,-765.6250000061394,765.6250000061394,60.801148063800696,0.0,0.0,0.0,0.0,0.0,0.0,0.0,0.0,0.0,0.0,0.0,0.0,0.0,15.65799109794391,0.0,0.0,0.0,0.0,0.0,0.0,0.0,0.0,0.0,0.0,0.0,0.0,0.26096651829906514,0.0,85.1317923287721,113.40807746213041,-113.40807746213041,85.1317923287721,0.0,0.0,0.0,7.828995548971955,-983.3706106832192,0.0,0.0,0.0,0.0,0.0,0.0,0.0,0.0,0.0,733.8616404998985,149.52717313082738,0.0,7.828995548971955,7.828995548971955,1000.0,-1000.0,0.0,0.0,0.0,0.0,0.0,0.0,0.0,926.1510135060082,0.0,1000.0,0.026096651829906517,0.0,0.0,0.0,2.1045085654260327,0.0,0.0,0.0,0.0,0.0,0.0,0.0,0.0,0.0,0.0,0.0,0.0,0.0,0.0,0.0,0.0,0.0,0.026096651829906517,0.0,0.0,0.0,0.0,0.0,0.0,0.0,0.0,282.8007792320097,0.0,-116.25783184195615,0.0,0.0,-1000.0,-1.957248887242989,-1.3048325914953258,0.0,0.0,0.0,0.0,0.0,0.0,0.0,0.0,0.0,0.0,0.0,0.0,0.0,0.0,0.0,0.0,473.0851227825548,0.0,0.0,0.0,263.0521211455528,0.0,0.0,0.026096651829906517,0.0,0.026096651829906517,0.0,171.54952706316033,0.0,15.65799109794391,31.837915232485948,31.837915232485948,0.0,0.0,0.0,0.0,0.0,0.0,0.0,83.32022787234283,0.0,0.0,0.0,0.0,640.8486593184947,0.0,0.0,0.0,0.0,0.0,0.0,0.0,0.0,0.0,0.0,0.0,0.0,0.0,0.0,33.45994829532138,0.0,-702.0599569913426,702.0599569913426,0.039144977744859775,0.0,0.0,0.0,-7.828995548971955,0.0,0.0,0.0,0.0,0.0,-151.5818176978194,1.3048325914953258,0.0,0.0,0.0,0.0,156.6693750061637,-70.66535877879186,0.0,0.0,0.0,0.0,0.0,0.0,0.0,0.0,0.0,0.0,983.3706106832192,935.0606576641766,90.7806696340187,0.0,143.10089750636152,0.0,0.0,-363.63437844026845,0.0,363.63437844026845,0.0,-31.837915232485948,0.0,1.3048325914953258,1000.0,0.0,0.0,-85.1317923287721,-288.167173419083,0.0,0.0,0.0,0.0,0.0,0.0,0.0,0.0,0.0,846.8270302599531,-157.45356435954795,31.837915232485948,0.0,85.1317923287721,85.1317923287721,0.0,0.0,0.0,0.0,0.0,0.0,262.68329233721545,0.0,0.0,0.0,-2.1045085654260327,-846.532697263655,0.0,7.828995548971955,113.40807746213041,0.0,0.0,0.0,-209.7485928093819,0.0,0.0,0.02870631701292298,0.0,0.0,0.0,15.918957616242974,0.0,0.0,0.0,0.0,50.75888860430543,0.0,0.0,0.0,0.0,0.0,0.0,0.0,0.0,0.0,0.0,0.002609665182990652,0.002609665182990652,0.0,0.0,0.0,0.0,0.0,0.0,0.0,0.0,0.0,0.0,85.1317923287721,0.0,0.0,0.0,0.0,151.5818176978194,0.0,0.0,0.0,0.0,0.0,0.0,0.0,0.0,0.0,0.0,0.0,226.81615492426081,0.0,0.0,168.15142461111725,0.0,0.0,0.0,15.65799109794391,0.0,0.0,0.0,0.0,0.0,0.0,-15.65799109794391,0.0,226.81615492426081,0.0,0.0,0.0,0.0,0.0,0.0,0.0,85.1317923287721,85.1317923287721,0.0,889.0933375133429,-1000.0,658.7248658219806,0.0,-7.828995548971955,0.0,999.8956133926803,0.0,0.0,0.0,0.0,0.0,0.0,0.0,0.0,0.0,0.0,0.0,0.0,0.0,0.0,0.0,0.0,0.0,-3.262081478738315,0.0,-1.957248887242989,796.3449747908,0.0,0.0,0.0,0.0,0.0,-0.32620814787383146,0.0,61.35101849482217,0.0,0.0,0.0,0.0,0.0,0.0,0.0,967.9370308014047,7.828995548971955,7.828995548971955,0.0,0.0,0.0,0.0,596.9329705511265,0.02870631701292298,151.5818176978194,0.0,0.0,-999.8956133926804,0.0,0.0,0.0,0.0,0.0,0.0,0.0,0.0,0.0,0.0,0.0,0.0,0.0,0.0,0.0,0.0,0.0,8.089962067271019,0.0,27.401484421401843,115.41751965303321,0.0,0.0,0.0,0.0,0.0,151.5818176978194,0.0,246.071714006817,0.0,0.0,0.0,-3.262081478738315,0.0,0.0,0.0,0.0,0.0,0.0,0.0,0.0,0.0,0.0,0.0,0.0,0.0,0.0,0.0,0.0,0.0,0.0,-0.026096651829906517,0.0,0.0,1.3048325914953258,-347.72992547973877,0.0,0.0,0.0,0.0,0.0,0.0,0.0,0.0,-638.6017375959397,0.6524162957476631,0.0,0.0,873.6094840545029,0.026096651829906517,0.0,26.096651829906516,0.0,5.219330365981303,0.1864046559279037,88.9895827399812,-0.019572488872429888,1.3048325914953258,0.5219330365981304,-0.13048325914951786,-88.9895827399812,7.828995548971955,-0.026096651829906517,0.0,0.0,0.006524162957476629,0.1864046559279037,0.0,-117.56266443345146,84.60985929217397,-168.15142461111725,-0.026096651829906517,0.006524162957476629,-88.9895827399812,2.6096651829906516,0.026096651829906517,0.026096651829906517,-151.52701472897655,-113.37937114511752,-70.81359881156837,-0.019572488872429888,7.828995548971955,0.026096651829906514,7.828995548971955,-13.048325914953258,-0.013048325914953258,236.17944882420298,-36.09571013014194,-0.019572488872429888,-0.026096651829906517,0.0,0.026096651829906517,2.6096651829906516,-0.5219330365981304,33.45994829532138,33.45994829532138,-2.6096651829906516,168.15142461111725,-33.45994829532138,5.219330365981303,0.039144977744859775,-1000.0,2.6096651829906516,-333.3333333333333,0.0,-5.219330365981303,0.013048325914953258,0.26096651829906514,59.47061935485433,96.0,-0.026096651829906517,-157.45356435954795,151.52701472897655,8.089962067271019,0.026096651829906517,117.56266443345146,-31.315982195887443,0.0,-0.026096651829906517,-0.006524162957476629,0.0,-0.026096651829906517,-40.39033481700935,0.02609665183013389,-0.006524162957476629,-0.006524162957476629,-0.006524162957476629,10.438660731962607,13.048325914953258,0.26096651829906514,113.72073284533094,-0.006524162957476629,118.94123870970866,1.3048325914953258,21.5,0.026096651829906517,0.013048325914953258,0.013048325914953258,2.6096651829906516,0.0,0.026096651829906517,0.0,0.26096651829906514,0.026096651829906517,-302.4934846870301,0.026096651829906517,0.10438660731972504,0.13048325914951786,0.013048325914953258,0.006524162957476629,7.828995548971955,-0.026096651829906517,70.81359881156837,-42.30492964608698,-227.44146569066186,0.6524162957476631,-2.6096651829906516,5.219330365981303,1.3048325914953258,-0.026096651829906517,0.0,0.039144977744859775,-0.026096651829906517,-5.219330365981303,0.0,299.81428275729104,0.013048325914953258,-43.0,-0.026096651829906514,-0.02609665183013389,-0.026096651829906517,0.013048325914953258,88.9895827399812,-5.219330365981303,0.026096651829906517,118.94123870970866,-0.006524162957476629,113.37937114511752,-118.94123870970866,3.9144977744859775,36.09571013014194,747.6701627429482,88.9895827399812,-0.019572488872429888,157.45356435954795,-96.0,0.026096651829906517,-0.006524162957476629,1.3048325914953258,26.096651829906516,-0.013048325914953258,-0.026096651829906517,0.006524162957476629,0.0,0.0,753.6238289313151,188.77275184169918,-46.0,0.0,118.09783823707787,-31.0,0.0,-32.0,-93.0,-65.0,-246.36312274277003,16.0,23.0,46.5,0.0,15.5,-151.5818176978194,-90.06568994790916,246.36312274277003,65.0,-90.06568994790916,-118.09783823707787,73.40207762498733,0.0,1496.5981,hclb
386,0.0,0.0,0.0,0.0,0.0,0.0,0.0,0.0,271.9119326162038,0.0,0.0,0.0,0.0,0.0,0.0,0.0,510.5884030067448,522.9782048649706,0.0,-1000.0,0.0,0.0,0.0,632.4555144647051,0.0,0.0,0.0,0.0,0.0,-54.60752958003713,64.58875178599328,-64.58875178599328,30.227759546937317,0.0,0.0,0.0,0.0,999.8602279722963,0.0,-1000.0,937.657204106249,0.0,0.0,0.0,0.0,0.0,0.0,0.0,0.0,-599.2344540410271,0.0,-287.7770230395013,0.0,0.038437307618437444,0.0,0.0,0.0,6.988601385183273,0.0,0.0,-151.97811204758932,0.0,-848.0218879524107,-1000.0,0.0,0.0,0.0,0.0,0.0,0.0,0.0,0.34943006925916364,0.0,0.0,0.0,0.0,0.0,0.0,0.0,0.0,0.0,0.0,0.0,0.0,20.96580415554982,0.0,127.37121397564921,128.18899391947946,415.96601695898073,-342.46802241431726,-0.00873575173147909,0.0,0.0,-710.3772556626075,10.48290207777491,0.0,62.34279589375102,-591.7410324365859,0.0,0.0,0.0,1.7471503462958182,-54.60752958003713,0.0,0.0,0.0,0.0,0.0,0.0,0.0,0.0,0.0,0.0,0.0,0.0,0.0,0.0,0.0,0.0,0.0,0.0,0.0,0.0,0.0,-367.2719997022271,0.0,0.0,62.34279589375102,0.0,10.832332147034073,4.383085464607063,0.0,-46.875000000000455,1000.0,-953.1249999999995,953.1249999999995,-687.9361949047895,0.0,0.0,687.9361949047895,0.0,0.0,0.0,0.0,0.0,130.06182550894476,0.03494300692591636,0.0,0.0,0.0,0.0,0.0,0.0,0.0,0.0,0.0,361.710972561124,0.0,0.0,0.0,0.0,0.0,700.6520033620397,700.6520033620397,0.0,0.0,0.0,0.0,-845.4915347121671,0.0,0.0,765.275698154959,0.0,0.0,0.0,-339.5542604890536,0.0,0.0,0.0,0.0,0.0,0.0,0.0,0.0,0.0,0.0,-392.7092968866715,0.0,0.0,0.0,0.0,-237.24887699215748,0.0,0.0,0.0,0.0,0.0,599.2344540410271,287.7770230395013,584.0339830410193,-584.0339830410193,0.0,0.0,0.0,0.0,0.0,0.0,0.0,0.0,-946.3564772509228,0.0,0.0,0.0,0.0,0.0,0.0,0.0,0.0,0.0,0.0,0.0,0.0,0.0,386.8139932084239,22.837096586342657,-743.7578964662089,0.0,0.0,0.0,0.0,81.47075630048245,0.0,0.0,0.0,0.0,-151.97811204758932,-743.7578964662089,64.58875178599328,0.0,0.0,0.0,0.0,0.0,0.0,0.0,0.0,0.0,51.85989381597611,0.0,168.06796608203854,0.0,1000.0,0.0,743.7578964662089,0.0,0.0,0.0,-700.6084529571418,0.0,0.0,0.0,221.6451553536732,0.0,0.0,0.0,0.0,1000.0,-1000.0,1000.0,0.0,1000.0,0.0,-308.9538290529908,599.2344540410271,0.0,24.786403952038327,0.0,0.0,0.0,-236.28404275453963,0.0,236.28404275453963,0.0,1000.0,0.0,0.0,-1000.0,0.0,0.0,0.0,-151.97811204758932,-0.05241451038887455,0.0,0.0,0.0,0.0,0.03494300692591636,0.0,0.0,0.0,93.43532479792401,510.5884030067448,0.0,-817.3219484050488,168.99925283752427,0.0,1000.0,0.0,359.33503757485323,0.0,0.0,0.0,0.0,0.0,-3.008592896321328,0.0,-356.3264446785319,-347.10566760424575,-1000.0,0.0,0.0,0.0,0.0,0.0,0.0,0.0,0.0,0.0,0.0,0.0,0.0,0.0,0.0,0.0,0.0,0.0,0.0,0.0,-1000.0,0.0,0.0,526.0271158275782,426.9023186355978,456.21154201518533,0.0,-65.47307372295148,0.0,0.0,0.0,0.0,0.0,673.7628497128647,0.0,62.67873488263125,0.0,-673.7628497128647,0.0,-1.7471503462958182,0.0,309.2756858527855,0.0,-277.877044546726,0.0,-0.8735751731479091,0.0,0.0,0.0,956.0077701253304,0.0,-978.720724627176,62.34279589375102,0.0,0.0,0.0,0.0,0.0,271.9468756231297,0.0,-386.8139932084239,386.8139932084239,386.8139932084239,86.01139861481673,0.0,0.0,-616.9078297858405,0.0,0.0,0.0,0.0,0.0,-49.213796143880195,0.0,0.0,0.0,0.0,0.0,0.0,0.0,-39.50569930740836,0.06988601385182847,0.0,0.0,0.0,0.0,0.0,0.0,0.0,0.0,0.0,0.0,0.0,0.0,0.0,0.0,0.0,0.0,0.0,0.0,0.0,0.038437307618437444,0.038437307618437444,64.58875178599328,475.82539182324064,0.0,20.96580415554982,0.0,0.0,0.0,1000.0,0.0,0.0,127.37121397564921,0.0,0.0,517.5958119522526,-1000.0,0.0,0.0,0.0,0.0,0.0,0.0,0.0,0.0,0.0,0.0,0.0,0.0,0.0,122.42399990074237,-93.43532479792401,0.0,0.0,130.06182550894476,0.0,-710.3772556626075,0.0,-81.47075630048245,0.0,517.5958119522526,0.0,478.0901126448442,0.0,0.0,0.0,386.8139932084239,0.0,0.0,0.0,0.0,0.0,0.0,0.0,0.0,0.0,0.0,0.0,0.0,0.0,20.96580415554982,0.0,0.0,0.0,0.0,0.0,0.0,0.0,0.0,0.0,0.0,0.0,0.0,0.34943006925916364,0.0,64.58875178599328,127.37121397564921,-127.37121397564921,64.58875178599328,287.7770230395013,0.0,0.0,62.34279589375102,0.0,0.0,0.0,0.0,0.0,0.0,0.0,0.0,0.0,0.0,0.0,-674.2908320900444,0.0,10.48290207777491,10.48290207777491,1000.0,-1000.0,0.0,0.0,0.0,0.0,0.0,0.0,0.0,-598.286802815717,0.0,-220.26071654178918,0.03494300692591636,0.0,0.0,0.0,28.614890645376587,0.0,0.0,710.3772556626075,0.0,0.0,0.0,0.0,0.0,0.0,0.0,0.0,0.0,0.0,0.0,0.0,0.0,0.0,0.03494300692591636,0.0,0.0,0.0,0.0,0.0,0.0,0.0,0.0,0.0,0.0,460.5540421046268,0.0,0.0,-1000.0,-2.6207255194437273,-1.7471503462958182,0.0,0.0,0.0,0.0,0.0,0.0,0.0,0.0,0.0,0.0,0.0,0.0,0.0,0.0,0.0,0.0,-20.96580415554982,0.0,0.0,0.0,271.9119326162038,0.0,0.0,0.03494300692591636,0.0,0.03494300692591636,0.0,0.0,0.0,20.96580415554982,42.630468449617965,42.630468449617965,0.0,0.0,0.0,0.0,0.0,0.0,0.0,0.0,0.0,0.0,0.0,0.0,0.0,0.0,0.0,0.0,0.0,0.0,0.0,0.0,0.0,0.0,0.0,0.0,0.0,0.0,0.0,81.47075630048245,0.0,0.0,0.0,0.05241451038887455,0.0,0.0,0.0,-62.34279589375102,0.0,0.0,0.0,0.0,0.0,-475.82539182324064,1.7471503462958182,0.0,0.0,0.0,0.0,845.4915347121671,0.0,0.0,0.0,0.0,0.0,0.0,0.0,0.0,0.0,0.0,0.0,0.0,0.0,89.01139861481673,0.0,58.01139861481673,0.0,0.0,-65.47307372295148,0.0,65.47307372295148,0.0,-743.2389214067598,0.0,1.7471503462958182,1000.0,0.0,0.0,-64.58875178599328,-303.95622409517864,0.0,0.0,0.0,0.0,0.0,0.0,0.0,0.0,0.0,871.1554142293559,-483.68756838157196,42.630468449617965,0.0,64.58875178599328,64.58875178599328,0.0,0.0,0.0,0.0,0.0,0.0,0.0,0.0,0.0,0.0,-28.614890645376587,23.52677880879681,0.0,10.48290207777491,127.37121397564921,0.0,0.0,0.0,181.08483429647396,0.0,0.0,0.038437307618437444,0.0,0.0,0.0,21.315234224808982,0.0,0.0,0.0,0.0,22.837096586342657,0.0,0.0,0.0,0.0,0.0,0.0,0.0,0.0,738.047836604534,0.0,0.003494300692591601,0.003494300692591601,0.0,0.0,0.0,0.0,0.0,0.0,0.0,0.0,0.0,0.0,64.58875178599328,0.0,0.0,0.0,0.0,475.82539182324064,0.0,0.0,0.0,0.0,0.0,0.0,0.0,599.2344540410271,0.0,0.0,0.0,254.74242795129842,0.0,0.0,522.9782048649706,0.0,0.0,0.0,20.96580415554982,0.0,0.0,0.0,0.0,0.0,-20.96580415554982,0.0,0.0,254.74242795129842,0.0,0.0,0.0,0.0,0.0,0.0,0.0,64.58875178599328,64.58875178599328,0.0,220.26071654178918,-1000.0,23.93595974425271,-80.92467700146885,18.581881107717834,0.0,999.8602279722963,0.0,0.0,0.0,0.0,0.0,0.0,0.0,0.0,0.0,0.0,0.0,0.0,0.0,0.0,0.0,0.0,0.0,-4.3678758657395065,0.0,-2.6207255194437273,481.06684286212817,0.0,0.0,0.0,0.0,0.0,0.0,-0.43678758657395456,49.213796143880195,0.0,0.0,0.0,0.0,0.0,0.0,0.0,1000.0,10.48290207777491,10.48290207777491,0.0,0.0,0.0,0.0,0.0,0.038437307618437444,475.82539182324064,0.0,0.0,-999.8602279722963,0.0,0.0,0.0,0.0,0.0,0.0,0.0,0.0,0.0,0.0,0.0,0.0,0.0,0.0,0.0,0.0,0.0,4.383085464607063,0.0,36.69015727221218,130.06182550894476,0.0,0.0,0.0,0.0,0.0,475.82539182324064,0.0,-67.46106695530352,0.0,0.0,0.0,-4.3678758657395065,0.0,0.0,0.0,0.0,0.0,0.0,0.0,0.0,0.0,0.0,0.0,0.0,0.0,0.0,0.0,0.0,0.0,0.0,-0.03494300692591636,0.0,0.0,1.7471503462958182,-517.5958119522526,0.0,0.0,0.0,0.0,0.0,0.0,0.0,0.0,3.008592896321328,0.8735751731479091,0.0,0.0,0.0,0.03494300692591636,0.0,34.943006925916364,-6.449246682427011,6.988601385183273,0.24959290661368833,106.25716025252078,-0.026207255194437274,215.19830966409472,0.6988601385183273,-0.17471503462957116,-106.25716025252078,10.48290207777491,-0.03494300692591636,0.0,0.0,0.00873575173147909,0.24959290661368833,0.0,-132.934140678255,63.889891647474954,-33.566607871715405,-0.03494300692591636,0.00873575173147909,-106.25716025252078,3.4943006925916364,0.03494300692591636,0.03494300692591636,-475.7520115086963,-127.3327766680307,-69.73345885434571,-0.026207255194437274,10.48290207777491,0.03494300692591636,62.34279589375102,34.388390353017925,-0.01747150346295818,-291.97751370677827,-85.0,-0.026207255194437274,-0.03494300692591636,-6.449246682427011,0.03494300692591636,3.4943006925916364,-0.6988601385183273,81.47075630048245,81.47075630048245,-3.4943006925916364,33.566607871715405,-81.47075630048245,6.988601385183273,0.05241451038887455,-462.6662593789624,3.4943006925916364,-122.42399990074237,0.0,-6.988601385183273,0.01747150346295818,0.34943006925916364,204.3304871012622,96.0,-0.03494300692591636,-483.68756838157196,475.7520115086963,10.832332147034073,0.03494300692591636,132.934140678255,-93.79150212707584,0.0,-0.03494300692591636,-0.00873575173147909,0.0,-0.03494300692591636,-39.50569930740836,0.03494300692591636,-0.00873575173147909,-0.00873575173147909,-0.00873575173147909,13.977202770366546,-34.388390353017925,0.34943006925916364,25.88840025623847,-0.00873575173147909,408.6609742025244,1.7471503462958182,21.5,0.03494300692591636,0.01747150346295818,0.01747150346295818,3.4943006925916364,6.449246682427011,0.03494300692591636,-6.449246682427011,0.34943006925916364,0.03494300692591636,-25.88840025623847,0.03494300692591636,0.13977202770365693,0.17471503462957116,0.01747150346295818,0.00873575173147909,10.48290207777491,-0.03494300692591636,69.73345885434571,-31.944945823737477,-51.77680051247694,214.3247344909468,-3.4943006925916364,6.988601385183273,1.7471503462958182,-0.03494300692591636,0.0,0.05241451038887455,-0.03494300692591636,-6.988601385183273,6.449246682427011,-68.99732966944323,0.01747150346295818,-43.0,-0.03494300692591636,-0.03494300692591636,-0.03494300692591636,0.01747150346295818,106.25716025252078,-6.988601385183273,0.03494300692591636,408.6609742025244,-0.00873575173147909,127.3327766680307,-408.6609742025244,5.241451038887455,85.0,20.48047327763888,106.25716025252078,-0.026207255194437274,483.68756838157196,-96.0,0.03494300692591636,-0.008735751731479089,1.7471503462958182,34.943006925916364,-0.01747150346295818,-0.03494300692591636,0.00873575173147909,850.8883896958232,0.0,-194.88318971018327,0.0,-46.0,0.0,200.43457763544828,-31.0,0.0,-32.0,-93.0,-65.0,-657.5319775856827,16.0,23.0,46.5,0.0,15.5,-475.82539182324064,-112.08750462703073,657.5319775856827,65.0,-112.08750462703073,-200.43457763544828,145.36588953496624,0.0,1496.5981,hclb
387,0.0,0.0,0.0,0.0,0.0,0.0,0.0,0.0,-0.0140598969254637,0.0,0.0,0.0,0.0,0.0,0.0,0.0,-89.74877065118454,560.9830244186714,0.0,0.0,0.0,0.0,0.0,0.0,0.0,0.0,0.0,0.0,0.0,683.850476754701,107.5718512104294,-107.5718512104294,6.594847416146898,0.0,0.0,0.0,0.0,999.9437604122979,0.0,-1000.0,995.782030922361,0.0,0.0,-773.5992474058855,0.0,0.0,619.5218677680451,0.0,179.4975413023691,-319.8344286003023,0.0,0.0,0.0,0.015465886618102331,0.0,0.0,0.0,2.81197938509274,0.0,0.0,-165.2455699969448,0.0,0.0,-288.9152437577494,0.0,0.0,0.0,0.0,0.0,0.0,0.0,0.140598969254637,0.0,0.0,0.0,0.0,0.0,0.0,0.0,0.0,0.0,0.0,899.7474779858736,0.0,8.435938155278219,0.0,169.37330259116732,258.4930114287131,1000.0,-877.0075283124116,-0.003514974231365925,0.0,0.0,519.9685238881583,4.217969077639109,0.0,4.217969077639109,-108.02457989142913,0.0,0.0,899.7474779858736,0.702994846273185,352.28038546527966,0.0,0.0,-24.094428861800264,402.06108524588564,790.4248411085546,0.0,0.0,0.0,0.0,0.0,0.0,0.0,0.0,0.0,0.0,0.0,0.0,0.0,0.0,0.0,0.0,-240.97087554274816,0.0,0.0,4.217969077639109,0.0,4.358568046893746,4.358568046893746,0.0,0.0,0.0,0.0,0.0,0.0,0.0,0.0,-123.66967376080463,0.0,0.0,0.0,0.0,0.0,-729.2915633314456,0.014059896925459725,0.0,0.0,0.0,-7.627795721722464,-1000.0,0.0,0.0,0.0,0.0,40.81879724605324,0.0,0.0,0.0,0.0,0.0,-218.95975130804712,-218.95975130804712,0.0,0.0,0.0,0.0,0.0,0.0,0.0,-111.37384020069226,0.0,0.0,0.0,-48.74524721487364,0.0,0.0,0.0,0.0,0.0,0.0,0.0,0.0,0.0,0.0,0.0,0.0,0.0,0.0,0.0,-1000.0,0.0,0.0,0.0,0.0,0.0,319.8344286003023,0.0,-122.99247168758836,122.99247168758836,0.0,0.0,0.0,0.0,0.0,0.0,0.0,331.5700912894214,365.5585140292278,0.0,0.0,0.0,0.0,0.0,0.0,0.0,0.0,0.0,0.0,0.0,0.0,0.0,277.26923497113853,568.1906692460223,-773.5992474058855,0.0,0.0,0.0,123.66967376080463,83.57995041052817,0.0,0.0,0.0,0.0,-165.2455699969448,0.0,107.5718512104294,0.0,0.0,0.0,0.0,0.0,0.0,0.0,0.0,0.0,0.0,0.0,-966.7773888089844,156.21508287860405,314.9980810434938,0.0,773.5992474058855,0.0,0.0,123.66967376080463,-20.78082691931165,0.0,0.0,0.0,-151.12335237395433,0.0,0.0,-970.0957183907057,0.0,765.6249999999956,-970.0957183907052,0.0,765.6249999999956,877.0075283124116,0.0,0.0,319.8344286003023,0.0,-35.63570189469697,0.0,0.0,0.0,452.23253572506883,0.0,-452.23253572506883,0.0,0.0,0.0,123.66967376080463,1000.0,0.0,0.0,0.0,-165.2455699969448,-0.021089845388195548,0.0,0.0,0.0,0.0,0.014059896925459725,0.0,0.0,0.0,912.2020805118328,-89.74877065118454,0.0,-295.2438988867672,811.2111412854333,0.0,1000.0,0.0,393.1356169205284,0.0,-24.094428861800264,0.0,0.0,0.0,530.533235551329,0.0,-923.6688524718573,0.0,0.0,0.0,0.0,0.0,0.0,0.0,0.0,0.0,0.0,0.0,0.0,0.0,0.0,0.0,0.0,0.0,0.0,0.0,112.40731635684892,0.0,-887.5926836431511,0.0,0.0,0.0,204.76884917377612,0.0,671.2156841115763,836.863414541875,0.0,0.0,0.0,0.0,0.0,0.0,0.0,32.196502241459484,0.0,0.0,-670.6186389984026,-0.702994846273185,372.993408585109,0.0,0.0,-135.28392167462073,0.0,-0.3514974231365925,0.0,0.0,0.0,-96.48010835984053,1000.0,171.57191912610125,4.217969077639109,0.0,0.0,0.0,0.0,0.0,0.0,0.0,-277.26923497113853,277.26923497113853,277.26923497113853,114.28244947670753,0.0,0.0,0.0,0.0,0.0,331.5700912894214,0.0,0.0,-115.4142085723596,0.0,0.0,0.0,0.0,0.0,0.0,0.0,-41.59401030745363,0.028119793851146824,0.0,0.0,0.0,0.0,0.0,0.0,0.0,0.0,0.0,0.0,0.0,0.0,0.0,0.0,0.0,0.0,0.0,0.0,0.0,0.015465886618102331,0.015465886618102331,107.5718512104294,370.4572555860458,0.0,8.435938155278219,0.0,0.0,0.0,0.0,0.0,0.0,169.37330259116732,0.0,0.0,376.9675993292284,0.0,0.0,0.0,692.8634030643168,0.0,0.0,0.0,0.0,0.0,0.0,0.0,0.0,0.0,0.0,80.32362518091604,-912.2020805118328,605.5667104758368,0.0,170.45591465442803,0.0,0.0,519.9685238881583,436.38857347763013,0.0,376.9675993292284,0.0,0.0,335.37358902177476,0.0,0.0,277.26923497113853,0.0,0.0,0.0,0.0,0.0,0.0,0.0,0.0,0.0,0.0,0.0,0.0,0.0,8.435938155278219,123.66967376080463,123.66967376080463,0.0,0.0,0.0,0.0,0.0,0.0,0.0,0.0,0.0,0.0,0.140598969254637,0.0,107.5718512104294,169.37330259116732,-169.37330259116732,107.5718512104294,0.0,0.0,0.0,4.217969077639109,-692.8634030643168,0.0,0.0,0.0,0.0,0.0,0.0,0.0,0.0,0.0,0.0,-34.47030336098099,0.0,4.217969077639109,4.217969077639109,300.4387299458333,0.0,0.0,0.0,0.0,0.0,0.0,0.0,0.0,-139.56343839640357,331.5700912894214,0.0,0.014059896925459725,0.0,0.0,0.0,1.1338302592034655,0.0,0.0,-519.9685238881583,0.0,0.0,0.0,0.0,0.0,0.0,0.0,0.0,0.0,0.0,0.0,0.0,0.0,0.0,0.014059896925459725,0.0,0.0,0.0,-224.46728686984704,224.46728686984704,0.0,0.0,0.0,0.0,0.0,1000.0,0.0,-163.13658545812498,-1000.0,-1.0544922694097774,0.0,-0.702994846273185,0.0,0.0,0.0,0.0,0.0,0.0,0.0,0.0,0.0,0.0,0.0,123.66967376080463,0.0,0.0,0.0,75.7948056125339,0.0,0.0,0.0,-0.014059896925459725,0.0,0.0,0.014059896925459725,0.0,0.014059896925459725,0.0,0.0,0.0,8.435938155278219,17.15307424906571,17.15307424906571,0.0,0.0,0.0,0.0,0.0,0.0,0.0,605.5667104758368,0.0,331.5700912894214,0.0,0.0,531.7437926766115,0.0,0.0,0.0,0.0,0.0,0.0,0.0,0.0,0.0,0.0,0.0,0.0,0.0,0.0,83.57995041052817,0.0,0.0,0.0,0.021089845388195548,0.0,0.0,0.0,-4.217969077639109,0.0,0.0,0.0,0.0,0.0,-370.4572555860458,0.702994846273185,0.0,0.0,0.0,0.0,0.0,-108.02457989142913,-0.702994846273185,0.0,0.0,0.0,0.0,0.0,0.0,0.0,123.66967376080463,0.0,692.8634030643168,113.19127119972487,93.18802061490726,0.0,667.754731090744,-24.094428861800267,0.0,728.838834650446,163.13658545812498,-891.9754201085709,0.0,-37.93390116837736,0.0,0.702994846273185,767.2643659245372,0.0,0.0,-107.5718512104294,-454.16081375469423,0.0,0.0,0.0,0.0,0.0,0.0,0.0,0.0,0.0,-2.1089845388198114,0.0,17.15307424906571,0.0,0.0,0.0,107.5718512104294,0.0,0.0,0.0,0.0,0.0,0.0,0.0,0.0,373.62073239427536,-1.1338302592034655,0.0,0.0,4.217969077639109,169.37330259116732,0.0,0.0,0.0,-200.16077961637325,0.0,0.0,0.015465886618102331,0.0,0.0,0.0,8.576537124532855,0.0,0.0,0.0,0.0,568.1906692460223,0.0,402.06108524588564,0.0,0.0,0.0,0.0,0.0,0.0,0.0,0.0,0.00140598969254635,0.00140598969254635,0.0,0.0,0.0,0.0,0.0,0.0,0.0,0.0,0.0,0.0,107.5718512104294,0.0,0.0,0.0,0.0,370.4572555860458,0.0,0.0,0.0,0.0,0.0,0.0,0.0,319.8344286003023,0.0,0.0,0.0,338.74660518233463,0.0,0.0,560.9830244186714,0.0,0.0,0.0,8.435938155278219,0.0,0.0,0.0,0.0,0.0,-8.435938155278219,0.0,0.0,338.74660518233463,0.0,0.0,0.0,0.0,0.0,0.0,0.0,107.5718512104294,107.5718512104294,0.0,1000.0,212.7169470688761,541.3748220705542,0.0,-4.217969077639109,0.0,999.9437604122979,0.0,0.0,0.0,0.0,0.0,0.0,0.0,0.0,0.0,710.9375,0.0,-710.9375,-710.9375,0.0,0.0,0.0,0.0,-1.7574871156829623,123.66967376080463,-1.0544922694097774,530.6893004072017,0.0,0.0,0.0,0.0,0.0,0.0,-0.17574871156829625,115.4142085723596,0.0,0.0,0.0,0.0,0.0,0.0,0.0,1000.0,4.217969077639109,4.217969077639109,0.0,0.0,0.0,0.0,0.0,0.015465886618102331,370.4572555860458,0.0,0.0,-999.9437604122979,0.0,0.0,0.0,0.0,0.0,0.0,0.0,0.0,0.0,0.0,0.0,0.0,0.0,0.0,0.0,0.0,0.0,4.358568046893746,0.0,14.762891771736882,0.0,0.0,170.45591465442803,0.0,0.0,0.0,370.4572555860458,0.0,0.0,0.0,0.0,0.0,-1.7574871156829623,0.0,0.0,0.0,0.0,0.0,0.0,0.0,0.0,0.0,0.0,0.0,0.0,0.0,0.0,0.0,0.0,0.0,0.0,-0.014059896925459725,0.0,0.0,0.702994846273185,-376.9675993292284,0.0,0.0,0.0,0.0,123.66967376080463,0.0,0.0,0.0,-530.533235551329,0.3514974231365925,0.0,0.0,0.0,0.014059896925459725,0.0,14.059896925463699,0.0,2.81197938509274,0.10042783518188356,47.9442485158312,-0.010544922694097774,103.08741943316124,0.281197938509274,-0.070299484627526,-47.9442485158312,4.217969077639109,-0.0140598969254637,8.031476287266754,0.0,0.003514974231365925,0.10042783518188357,-24.09442886180026,-171.61163818170084,107.29065327192012,-471.2342537674869,-0.0140598969254637,0.003514974231365925,-47.9442485158312,1.40598969254637,0.0140598969254637,0.014059896925459725,-370.4277298025022,-169.3578367045493,0.0,-0.010544922694097774,4.217969077639109,0.0140598969254637,4.217969077639109,-7.029948462731849,-0.00702994846273185,7.370060477547291,-85.0,-0.010544922694097774,-0.0140598969254637,0.0,0.014059896925459725,1.40598969254637,-0.281197938509274,83.57995041052817,83.57995041052817,-1.40598969254637,471.2342537674869,-83.57995041052817,2.81197938509274,0.021089845388195548,-1000.0,1.40598969254637,-80.32362518091605,0.0,-2.81197938509274,0.00702994846273185,0.140598969254637,73.8109747216918,96.0,-0.014059896925459725,-373.62073239427536,370.4277298025022,4.358568046893746,0.0140598969254637,171.61163818170084,-16.871876310556786,0.0,-0.014059896925459725,-0.003514974231365925,0.0,-0.0140598969254637,-443.65509555333927,0.014059896925004978,-0.003514974231365925,-0.003514974231365925,-0.003514974231365925,5.62395877018548,7.029948462731849,0.140598969254637,10.416626134654855,-0.003514974231365925,139.59047315611687,0.702994846273185,21.5,0.014059896925459725,0.00702994846273185,0.00702994846273185,-60.42884718785594,0.0,0.014059896925459725,0.0,0.140598969254637,0.0140598969254637,-10.416626134654855,0.0140598969254637,0.056239587702066274,0.070299484627526,0.00702994846273185,0.003514974231365925,4.217969077639109,-0.0140598969254637,0.0,-53.64532663596006,-20.83325226930971,102.73592201002465,-1.40598969254637,2.81197938509274,0.702994846273185,-0.0140598969254637,24.09442886180026,0.021089845388195548,-0.0140598969254637,120.85769437571189,0.0,535.0386210958847,0.00702994846273185,-43.0,-0.0140598969254637,-0.014059896925004978,-0.0140598969254637,0.00702994846273185,47.9442485158312,-2.81197938509274,0.014059896925459725,147.6219494433836,-0.003514974231365925,169.3578367045493,-147.6219494433836,2.1089845388195547,85.0,619.0184436205891,47.9442485158312,-0.010544922694097774,373.62073239427536,-96.0,0.0140598969254637,-0.0035149742313659244,0.702994846273185,14.059896925463699,-0.00702994846273185,-0.0140598969254637,0.003514974231365925,0.0,0.0,999.9929700515372,0.0,-46.0,0.0,426.18537198379227,-31.0,0.0,-32.0,-93.0,-65.0,0.0,16.0,23.0,46.5,0.0,15.5,-370.4572555860458,-334.87784147951146,0.0,65.0,-334.87784147951146,-426.18537198379227,220.82562930090134,0.0,1496.5981,hclb
388,0.0,0.0,0.0,0.0,0.0,0.0,0.0,0.0,-0.07560852162660818,0.0,0.0,0.0,0.0,0.0,0.0,0.0,445.37272737068463,0.0,0.0,-142.01844997196957,0.0,0.0,0.0,0.0,0.0,0.0,0.0,0.0,0.0,-746.5547574935773,0.0,0.0,9.919253550291359,0.0,0.0,0.0,0.0,999.6975659134937,0.0,-1000.0,1000.0,0.0,-212.81853352677638,0.0,0.0,0.0,0.0,228.7420147698381,88.3634965961163,-489.7601142963105,0.0,0.0,0.0,0.08316937379032652,0.0,0.0,0.0,243.86371909515975,0.0,0.0,-6.658590471249549,0.0,1000.0,993.3414095287504,0.0,0.0,0.0,0.0,0.0,0.0,0.0,0.7560852162660818,0.0,0.0,0.0,0.0,0.0,0.0,0.0,261.86834225778114,0.0,0.0,514.4965812126482,0.0,45.365112975964905,0.0,0.0,-780.0814851217528,1000.0,-492.42522943993094,-0.018902130406652045,0.0,0.0,-1000.0,22.682556487982453,0.0,22.682556487982453,0.0,0.0,0.0,514.4965812126482,3.780426081330409,-746.5547574935773,0.0,0.0,-19.409798121759536,55.890064279281845,0.0,0.0,0.0,0.0,0.0,0.0,0.0,0.0,0.0,0.0,0.0,0.0,0.0,0.0,0.0,0.0,0.0,-524.8849585979693,0.0,0.0,22.682556487982453,0.0,23.438641704248532,0.0,0.0,0.0,0.0,0.0,0.0,0.0,0.0,0.0,0.0,0.0,0.0,0.0,0.0,0.0,-508.6747250473993,0.07560852162660818,0.0,0.0,0.0,-813.8063542605266,757.9162899812447,0.0,0.0,0.0,0.0,481.6679034441474,0.0,0.0,0.0,0.0,0.0,675.4276220701339,675.4276220701339,0.0,0.0,0.0,953.125,-924.5634045367088,0.0,0.0,675.5032305917605,0.0,0.0,0.0,0.0,-257.61255912597983,0.0,0.0,0.0,0.0,0.0,0.0,0.0,0.0,0.0,-498.44255712171804,0.0,0.0,0.0,0.0,-352.96571615993685,0.0,0.0,0.0,0.0,0.0,489.7601142963105,212.81853352677638,-507.57477056006906,507.57477056006906,0.0,0.0,0.0,0.0,0.0,0.0,0.0,0.0,-959.5727695286477,0.0,0.0,0.0,0.0,0.0,0.0,0.0,0.0,0.0,0.0,0.0,0.0,0.0,294.4059170286197,-6.217786205245326,0.0,0.0,0.0,0.0,0.0,77.36353931571257,0.0,0.0,0.0,0.0,-6.658590471249549,0.0,0.0,0.0,0.0,0.0,0.0,0.0,0.0,0.0,436.94009371453893,0.0,0.0,0.0,-294.7562370332927,1000.0,-986.4742255589292,0.0,0.0,0.0,0.0,0.0,740.6185411772474,0.0,0.0,0.0,237.25997831022045,0.0,0.0,0.0,0.0,270.35569657063104,-270.3556965706315,270.35569657063104,0.0,492.42522943993094,0.0,42.12476799359786,489.7601142963105,0.0,133.58423602252424,0.0,0.0,0.0,0.0,0.0,0.0,0.0,675.3520135485072,0.0,0.0,-165.0117121407436,953.125,0.0,0.0,-6.658590471249549,-0.11341278243991226,0.0,0.0,0.0,0.0,0.07560852162660818,0.0,0.0,0.0,-184.02047335829707,445.37272737068463,0.0,-961.6051544687498,163.96907662416803,257.61255912597983,957.804260813304,0.0,333.44621016157237,0.0,-19.409798121759536,0.0,0.0,0.0,431.7147657722379,0.0,-765.1609759338103,-1000.0,-1000.0,0.0,0.0,0.0,0.0,0.0,0.0,0.0,0.0,0.0,0.0,0.0,0.0,0.0,0.0,0.0,0.0,0.0,202.8360710487995,0.0,-797.1639289512004,0.0,0.0,434.5054993181632,0.0,0.0,0.0,71.73463133286037,0.0,0.0,0.0,0.0,0.0,0.0,-421.87499999999864,0.0,-979.7697760091335,0.0,0.0,-3.780426081330409,225.12944207929246,0.0,421.87499999999864,-3.780426081330409,0.0,977.8795629684682,0.0,-653.634116696398,0.0,561.4062824266068,0.0,-610.5518214839021,22.682556487982453,0.0,0.0,0.0,0.0,0.0,0.0,294.4059170286197,0.0,0.0,0.0,97.2880937964379,0.0,0.0,0.0,0.0,0.0,0.0,0.0,0.0,-13.317180942499098,0.0,0.0,64.87829567467837,0.0,0.0,0.0,0.0,-28.900342693227785,0.15121704325338214,0.0,0.0,0.0,0.0,0.0,0.0,0.0,0.0,0.0,0.0,0.0,0.0,0.0,0.0,0.0,0.0,0.0,0.0,0.0,0.08316937379032652,0.08316937379032652,0.0,375.28421270329807,0.0,45.365112975964905,0.0,0.0,0.0,1000.0,0.0,0.0,0.0,0.0,0.0,586.5204963993388,-1000.0,0.0,0.0,605.280656451378,0.0,0.0,64.87829567467837,0.0,0.0,0.0,0.0,0.0,0.0,0.0,174.96165286598978,184.02047335829707,0.0,0.0,5.821856165248818,0.0,-77.36353931571261,-922.6364606842874,-1000.0,0.0,586.5204963993388,0.0,0.0,557.6201537061111,0.0,0.0,294.4059170286197,0.0,0.0,0.0,0.0,0.0,0.0,0.0,0.0,0.0,0.0,0.0,0.0,0.0,45.365112975964905,0.0,0.0,0.0,0.0,0.0,0.0,0.0,0.0,0.0,0.0,0.0,0.0,0.7560852162660818,0.0,0.0,0.0,0.0,0.0,212.81853352677638,0.0,0.0,22.682556487982453,-605.280656451378,0.0,0.0,0.0,0.0,0.0,0.0,0.0,0.0,0.0,1000.0,-987.5147563589659,0.0,22.682556487982453,22.682556487982453,1000.0,-1000.0,0.0,64.87829567467837,0.0,0.0,0.0,0.0,0.0,746.5547574935773,0.0,1000.0,0.07560852162660818,0.0,0.0,0.0,99.85185402531133,0.0,0.0,1000.0,0.0,0.0,0.0,0.0,0.0,0.0,0.0,0.0,0.0,0.0,0.0,0.0,0.0,0.0,0.07560852162660818,0.0,0.0,0.0,0.0,0.0,0.0,0.0,0.0,0.0,0.0,506.24013065102355,0.0,0.0,-1000.0,-5.670639121995613,-3.780426081330411,0.0,0.0,0.0,0.0,0.0,0.0,0.0,0.0,0.0,0.0,0.0,0.0,0.0,257.61255912597983,0.0,0.0,-45.365112975964905,0.0,0.0,0.0,-0.07560852162660818,0.0,0.0,0.07560852162660818,0.0,0.07560852162660818,0.0,0.0,0.0,45.365112975964905,92.24239638446198,92.24239638446198,0.0,0.0,0.0,0.0,0.0,0.0,0.0,0.0,0.0,0.0,0.0,0.0,251.66938961683852,186.55526986745141,0.0,0.0,0.0,0.0,0.0,0.0,0.0,0.0,0.0,0.0,0.0,0.0,0.0,77.36353931571257,0.0,0.0,0.0,0.11341278243991226,0.0,0.0,0.0,-22.682556487982453,0.0,0.0,0.0,0.0,0.0,-375.28421270329807,3.780426081330409,0.0,0.0,0.0,-953.125,924.5634045367088,0.0,0.0,0.0,0.0,0.0,0.0,0.0,0.0,0.0,0.0,0.0,605.280656451378,0.0,80.87829567467837,0.0,49.87829567467836,-19.409798121759536,0.0,71.73463133286037,0.0,-71.73463133286037,0.0,648.3761447927855,0.0,3.780426081330411,706.1399198460213,0.0,0.0,0.0,-13.317180942499098,-796.874999999999,796.874999999999,0.0,0.0,0.0,0.0,0.0,0.0,0.0,879.3974089470117,-392.29613006928486,92.24239638446198,0.0,0.0,0.0,0.0,0.0,0.0,0.0,0.0,0.0,436.94009371453893,0.0,0.0,0.0,-99.85185402531133,-12.921860812920158,-212.81853352677638,22.682556487982453,0.0,0.0,0.0,0.0,272.888803801645,0.0,0.0,0.08316937379032652,0.0,0.0,0.0,46.121198192230985,0.0,0.0,0.0,0.0,-6.217786205245326,0.0,55.890064279281845,0.0,0.0,0.0,0.0,0.0,0.0,0.0,0.0,0.007560852162660818,0.007560852162660818,0.0,0.0,0.0,0.0,0.0,0.0,0.0,0.0,0.0,0.0,0.0,0.0,0.0,0.0,0.0,375.28421270329807,0.0,0.0,0.0,0.0,0.0,0.0,0.0,489.7601142963105,0.0,0.0,0.0,0.0,344.7566712373933,747.277131648497,0.0,0.0,0.0,0.0,45.365112975964905,0.0,0.0,0.0,0.0,0.0,954.6348870240352,-1000.0,0.0,0.0,0.0,0.0,0.0,0.0,0.0,0.0,0.0,0.0,0.0,0.0,-1000.0,-1000.0,490.0164967985165,0.0,-22.682556487982453,0.0,999.6975659134937,0.0,0.0,0.0,0.0,0.0,0.0,0.0,0.0,0.0,0.0,0.0,0.0,0.0,0.0,0.0,0.0,0.0,-9.451065203326024,0.0,-5.670639121995613,824.8501504315792,0.0,0.0,0.0,0.0,0.0,-0.9451065203326022,0.0,13.317180942499098,0.0,0.0,0.0,0.0,0.0,0.0,0.0,1000.0,22.682556487982453,22.682556487982453,0.0,0.0,0.0,0.0,261.86834225778114,0.08316937379032652,375.28421270329807,0.0,0.0,-999.6975659134937,0.0,0.0,0.0,0.0,0.0,0.0,0.0,0.0,0.0,0.0,0.0,0.0,0.0,0.0,0.0,0.0,0.0,0.0,0.0,79.38894770793858,5.821856165248818,0.0,0.0,0.0,0.0,0.0,375.28421270329807,0.0,430.72507323683277,0.0,0.0,0.0,-9.451065203326024,0.0,0.0,0.0,0.0,0.0,0.0,0.0,0.0,0.0,0.0,0.0,0.0,0.0,0.0,0.0,0.0,0.0,0.0,-0.07560852162660818,0.0,0.0,3.780426081330409,-586.5204963993388,0.0,0.0,0.0,0.0,0.0,0.0,0.0,0.0,-431.7147657722379,1.8902130406652045,0.0,0.0,0.0,0.07560852162660818,0.0,75.60852162660818,-23.438641704248532,15.121704325321636,0.540060868761487,210.9477753382368,-0.05670639121995613,3.780426081330409,1.5121704325321637,-0.3780426081328869,-210.9477753382368,22.682556487982453,-0.07560852162660818,6.469932707253179,64.87829567467837,0.018902130406652045,0.540060868761487,-19.409798121759536,-12.036876642955008,-1.5121704325321637,-303.35427739871506,-0.07560852162660818,0.018902130406652045,-210.9477753382368,7.560852162660818,0.07560852162660818,0.07560852162660818,-375.1254348078811,0.083169373789269,0.0,-0.05670639121995613,22.682556487982453,0.07560852162660818,22.682556487982453,-37.80426081330409,-0.03780426081330409,-442.8483072006283,-85.0,-0.05670639121995613,-0.07560852162660818,-23.438641704248532,0.07560852162660818,7.560852162660818,-1.5121704325321637,77.36353931571257,77.36353931571257,-7.560852162660818,303.35427739871506,-77.36353931571257,15.121704325321636,0.11341278243991226,643.1602080836757,7.560852162660818,-174.96165286598978,64.87829567467837,-15.121704325321636,0.03780426081330409,0.7560852162660818,240.40128861718745,96.0,-0.07560852162660818,-392.29613006928486,375.1254348078811,23.438641704248532,0.07560852162660818,12.036876642955008,-25.851930277251437,64.87829567467837,-0.07560852162660818,-0.018902130406652045,-64.87829567467837,-0.07560852162660818,-84.79040697250963,0.07560852162706293,-0.018902130406652045,-0.018902130406652045,-0.018902130406652045,30.24340865064327,37.80426081330409,0.7560852162660818,179.81162455091567,-0.018902130406652045,474.3326445271217,3.780426081330409,18.2305974279443,0.07560852162660818,0.03780426081330409,0.03780426081330409,40.0,23.438641704248532,0.07560852162660818,-23.438641704248532,0.7560852162660818,0.07560852162660818,-427.4019467325221,0.07560852162660818,0.30243408650630954,0.3780426081328869,0.03780426081330409,0.018902130406652045,22.682556487982453,-0.07560852162660818,0.0,0.7560852162660818,-359.62324910183133,1.8902130406652045,-7.560852162660818,15.121704325321636,3.780426081330409,-0.07560852162660818,19.409798121759536,0.11341278243991226,-0.07560852162660818,-80.0,23.438641704248532,-120.68950437884988,0.03780426081330409,-36.4611948558886,-0.07560852162660818,-0.07560852162706293,-0.07560852162660818,0.03780426081330409,210.9477753382368,-15.121704325321636,0.07560852162660818,480.8025772343749,-0.018902130406652045,-0.083169373789269,-480.8025772343749,11.341278243991226,85.0,-454.7289639559212,210.9477753382368,-0.05670639121995613,392.29613006928486,-96.0,0.07560852162660818,-0.01890213040665204,3.780426081330411,75.60852162660818,-0.03780426081330409,-0.07560852162660818,0.018902130406652045,0.0,0.0,-643.198012344489,247.59032218160644,-46.0,0.0,-108.0,-31.0,0.0,-32.0,-93.0,-65.0,0.0,16.0,23.0,46.5,0.0,15.5,-375.28421270329807,-152.19929942279512,0.0,65.0,-152.19929942279512,108.0,-44.85446094270469,0.0,1496.5981,hclb
389,0.0,0.0,0.0,0.0,0.0,0.0,0.0,0.0,-0.0070813751909725355,0.0,0.0,0.0,0.0,0.0,0.0,0.0,779.0834430454012,-812.138542605887,0.0,0.0,0.0,0.0,0.0,367.5455493961834,0.0,0.0,0.0,0.0,0.0,-157.65477943484802,49.16581502278965,-49.16581502278965,14.41309533169693,0.0,0.0,0.0,0.0,999.9716744992356,0.0,-1000.0,1000.0,0.0,0.0,0.0,0.0,0.0,757.0079719712674,0.0,-167.28093233989296,-813.8127258219079,0.0,0.0,0.0,0.007789512710019153,0.0,0.0,0.0,1.416275038194507,0.0,0.0,96.85427947832802,0.0,0.0,-244.74527330490076,361.02801438006605,0.0,0.0,0.0,0.0,0.0,0.0,0.07081375190972536,0.0,0.0,0.0,0.0,0.0,0.0,0.0,0.0,0.0,0.0,363.83258839007624,0.0,4.248825114583521,0.0,0.0,80.5379282570952,196.9837137491313,220.92717901738524,-0.0017703437977431339,0.0,0.0,0.0,2.1244125572917607,0.0,2.1244125572917607,0.0,0.0,0.0,363.83258839007624,0.35406875954862677,-157.65477943484802,0.0,0.0,-3.393001318588508,0.0,0.0,0.0,0.0,0.0,0.0,0.0,0.0,0.0,0.0,0.0,0.0,0.0,0.0,0.0,0.0,0.0,0.0,-465.5153885736048,0.0,0.0,2.1244125572917607,0.0,2.1952263092014856,2.1952263092014856,0.0,0.0,484.37500000183945,-484.37500000183945,484.37500000183945,0.0,0.0,0.0,-341.5995527832288,0.0,0.0,0.0,0.0,0.0,-363.2873225003714,0.0070813751909725355,0.0,0.0,0.0,-498.9882347978985,0.0,0.0,0.0,0.0,0.0,2.277286161874632,0.0,0.0,0.0,0.0,0.0,193.83329438113392,193.83329438113392,0.0,0.0,0.0,390.62499999999994,441.7062134577561,0.0,0.0,243.00619077911455,0.0,0.0,0.0,-1000.0,-183.4849985281753,0.0,0.0,0.0,0.0,0.0,0.0,0.0,0.0,0.0,-362.07179545293815,0.0,0.0,0.0,0.0,-1000.0,0.0,0.0,0.0,0.0,0.0,813.8127258219079,0.0,334.50958477217983,-334.50958477217983,237.02158797249135,0.0,0.0,0.0,0.0,0.0,0.0,0.0,-438.3132121391676,0.0,0.0,0.0,0.0,0.0,0.0,0.0,0.0,0.0,0.0,0.0,0.0,0.0,298.66880932641055,458.8207848742875,-454.1477312706602,0.0,0.0,0.0,104.57796481073744,-237.02158797249135,0.0,0.0,0.0,0.0,96.85427947832802,-454.1477312706602,49.16581502278965,0.0,31.912925435637504,0.0,0.0,0.0,0.0,0.0,607.1452708117317,0.0,0.0,0.0,1000.0,862.4741289769515,247.76658068938207,0.0,454.1477312706602,0.0,0.0,341.5995527832288,8.639277732986493,0.0,0.0,0.0,284.1318582164158,0.0,0.0,0.0,0.0,0.0,0.0,0.0,0.0,531.4932985213111,0.0,-390.8859537509094,813.8127258219079,0.0,24.147489401216347,0.0,0.0,0.0,-691.7038286782415,0.0,691.7038286782415,0.0,1000.0,0.0,104.57796481073744,0.0,390.625,0.0,0.0,96.85427947832802,-0.010622062786458802,0.0,0.0,0.0,0.0,0.0070813751909725355,0.0,0.0,0.0,390.73031663097646,779.0834430454012,0.0,-396.76803611407576,360.2074540199678,183.4849985281753,818.9627227847488,0.0,0.6097064039426846,0.0,-3.393001318588508,0.0,0.0,0.0,-0.6097064039426846,0.0,0.0,-1000.0,-1000.0,0.0,0.0,0.0,0.0,0.0,0.0,0.0,0.0,0.0,0.0,0.0,0.0,0.0,0.0,0.0,0.0,31.912925435637504,0.0,0.0,-1000.0,0.0,0.0,557.7514355077931,0.0,0.0,0.0,178.09325479624266,0.0,0.0,0.0,0.0,0.0,1000.0,-484.3749999999996,118.58064990971758,0.0,-1000.0,0.0,0.0,767.5938370516385,-777.1289087462831,484.3749999999996,-118.9347186692662,0.0,-0.17703437977431338,-0.35406875954862677,-132.503015243049,0.0,0.0,469.71566910286265,-687.8019994405897,2.1244125572917607,0.0,0.0,0.0,0.0,0.0,0.0,0.0,-298.66880932641055,298.66880932641055,298.66880932641055,-232.94114932635068,0.0,0.0,0.0,0.0,0.0,0.0,0.0,0.0,-147.89099382657275,0.0,0.0,183.16168977254293,0.0,0.0,0.0,0.0,-42.29186248090274,0.014162750381728983,0.0,0.0,0.0,0.0,0.0,0.0,0.0,0.0,0.0,0.0,0.0,0.0,0.0,0.0,0.0,0.0,0.0,0.0,0.0,0.007789512710019153,0.007789512710019153,49.16581502278965,393.25253428821605,0.0,4.248825114583521,0.0,192.37589919382853,0.0,1000.0,0.0,0.0,0.0,0.0,0.0,-30.215141492110877,-1000.0,0.0,0.0,0.0,0.0,0.0,183.16168977254293,0.0,0.0,0.0,0.0,0.0,0.0,0.0,155.1717961912016,-390.73031663097646,498.9882347978985,0.0,0.545265889704865,0.0,0.0,0.0,0.0,0.0,-30.215141492110877,0.0,233.52419373241037,-306.031197705424,0.0,0.0,298.66880932641055,0.0,0.0,0.0,0.0,0.0,0.0,0.0,0.0,0.0,0.0,0.0,0.0,0.0,4.248825114583521,341.5995527832288,341.5995527832288,0.0,0.0,0.0,0.0,0.0,0.0,0.0,0.0,0.0,0.0,0.07081375190972536,0.0,49.16581502278965,0.0,0.0,49.16581502278965,0.0,0.0,0.0,2.1244125572917607,0.0,0.0,0.0,0.0,0.0,0.0,0.0,0.0,0.0,0.0,426.0729424214387,0.0,0.0,2.1244125572917607,2.1244125572917607,1000.0,-1000.0,0.0,183.16168977254293,0.0,0.0,0.0,0.0,0.0,157.65477943484802,0.0,687.4241642302272,0.0070813751909725355,0.0,0.0,0.5710623279005709,0.0,0.0,0.0,0.0,0.0,0.0,0.0,0.0,0.0,0.0,0.0,0.0,0.0,0.0,0.0,0.0,0.0,0.0,0.0070813751909725355,0.0,0.0,0.0,-496.5413994516328,496.5413994516328,0.0,0.0,0.0,0.0,0.0,735.8446903040357,0.0,0.0,-1000.0,-0.5311031393229402,-0.35406875954862677,0.0,0.0,453.12499999999994,453.12499999999994,-453.125,0.0,0.0,0.0,0.0,0.0,0.0,0.0,341.5995527832288,183.4849985281753,0.0,0.0,-687.447930681041,0.0,0.0,0.0,-0.0070813751909725355,0.0,0.0,0.0070813751909725355,0.0,0.0070813751909725355,0.0,0.0,0.0,4.248825114583521,8.639277732986493,8.639277732986493,0.0,0.0,0.0,0.0,0.0,0.0,0.0,498.9882347978985,0.0,0.0,0.0,0.0,0.0,0.0,0.0,0.0,0.0,0.0,0.0,0.0,0.0,0.0,0.0,0.0,0.0,0.0,0.0,0.0,0.0,0.0,0.0,0.010622062786458802,0.0,0.0,0.0,-2.1244125572917607,0.0,0.0,0.0,0.0,0.0,-393.25253428821605,0.35406875954862677,0.0,0.0,0.0,-390.62499999999994,-441.7062134577561,-442.6026332517556,0.0,0.0,0.0,0.0,0.0,0.0,0.0,0.0,341.5995527832288,0.0,0.0,1000.0,94.58372496180549,0.0,562.571959759704,-3.393001318588508,0.0,-264.509378455513,0.0,264.509378455513,0.0,0.0,192.37589919382853,0.35406875954862677,1000.0,0.0,0.0,-49.16581502278965,-147.89099382657275,-1000.0,1000.0,1000.0,-1000.0,0.0,-372.78538808481346,0.0,0.0,0.0,361.00958917429233,0.0,8.639277732986493,0.0,0.0,0.0,49.16581502278965,0.0,0.0,0.0,0.0,0.0,607.1452708117317,0.0,0.0,394.84584370618484,-0.5710623279005709,-872.5097377663027,0.0,2.1244125572917607,0.0,0.0,0.0,0.0,-73.64708022792937,0.0,0.0,0.007789512710019153,0.0,0.0,0.0,4.319638866493246,0.0,0.0,0.0,0.0,458.8207848742875,0.0,0.0,0.0,0.0,0.0,0.0,0.0,0.0,0.0,0.0,0.0007081375190972627,0.0007081375190972627,0.0,0.0,0.0,0.0,0.0,0.0,0.0,0.0,0.0,0.5710623279005709,49.16581502278965,0.0,0.0,0.0,0.0,393.25253428821605,0.0,0.0,0.0,0.0,0.0,0.0,0.0,813.8127258219079,0.0,0.0,0.0,0.0,1000.0,0.0,-812.138542605887,0.0,0.0,0.0,4.248825114583521,0.0,0.0,0.0,0.0,0.0,0.0,-4.248825114583521,0.0,0.0,0.0,0.0,0.0,0.0,0.0,0.0,0.0,49.16581502278965,49.16581502278965,0.0,-687.4241642302272,-1000.0,4.850742005816187,0.0,-2.1244125572917607,0.0,999.9716744992356,0.0,0.0,0.0,0.0,0.0,0.0,0.0,0.0,0.0,0.0,0.0,0.0,0.0,0.0,0.0,0.0,192.37589919382853,-0.8851718988715669,341.5995527832288,-0.5311031393229402,-0.5311031393229086,0.0,0.0,0.0,0.0,0.0,0.0,-0.08851718988715668,147.89099382657275,0.0,0.0,0.0,0.0,0.0,0.0,0.0,1000.0,2.1244125572917607,2.1244125572917607,0.0,0.0,0.0,0.0,0.0,0.007789512710019153,393.25253428821605,0.0,0.0,-999.9716744992356,0.0,0.0,0.0,0.0,0.0,0.0,0.0,0.0,0.0,0.0,0.0,0.0,0.0,0.0,0.0,0.0,0.0,2.1952263092014856,0.0,7.4354439505211625,0.545265889704865,0.0,0.0,0.0,0.0,0.0,393.25253428821605,0.0,1000.0,0.0,0.0,0.0,-0.8851718988715669,0.0,0.0,0.0,0.0,0.0,0.0,0.0,0.0,0.0,0.0,0.0,0.0,0.0,0.0,0.0,0.0,0.0,0.0,-0.0070813751909725355,0.0,0.0,0.35406875954862677,30.215141492110877,0.0,0.0,0.0,0.0,341.5995527832288,0.0,0.0,0.0,0.6097064039426846,0.17703437977431338,0.0,0.0,0.0,0.0070813751909725355,0.0,7.081375190972535,0.0,1.416275038194507,0.05058125136408954,24.147489401216347,-0.005311031393229401,0.3540687595486247,0.14162750381945072,-0.03540687595534564,-24.147489401216347,2.1244125572917607,-0.0070813751909725355,1.1310004395295026,183.16168977254293,0.0017703437977431339,0.05058125136408954,-3.3930013185885075,-1.1273549304027028,49.0241875189702,33.055099560485814,-0.0070813751909725355,0.0017703437977431339,-24.147489401216347,0.7081375190972535,0.0070813751909725355,0.0070813751909725355,-393.23766340031506,0.007789512710069798,-49.91895517542265,-0.005311031393229401,2.1244125572917607,0.0070813751909725355,2.1244125572917607,-3.5406875954862675,-0.0035406875954862678,54.42767165072504,236.30636907820312,-0.005311031393229401,-0.0070813751909725355,0.0,0.0070813751909725355,0.7081375190972535,-0.14162750381945072,0.0,0.0,-0.7081375190972535,-33.055099560485814,0.0,1.416275038194507,0.010622062786458802,-1000.0,0.7081375190972535,-155.1717961912016,183.16168977254293,-1.416275038194507,0.0035406875954862678,0.07081375190972536,99.19200902851894,96.0,-0.0070813751909725355,-394.84584370618484,393.23766340031506,2.1952263092014856,0.0070813751909725355,1.1273549304027028,174.66403954337576,183.16168977254293,-0.0070813751909725355,-0.0017703437977431339,-183.16168977254293,-0.0070813751909725355,-42.29186248090274,0.007081375190986991,-0.0017703437977431339,-0.0017703437977431339,-0.0017703437977431339,2.832550076389014,3.5406875954862675,0.07081375190972536,5.246413844610402,-0.0017703437977431339,197.25301761750836,0.35406875954862677,21.5,0.0070813751909725355,0.0035406875954862678,0.0035406875954862678,40.0,0.0,0.0070813751909725355,0.0,0.07081375190972536,0.0070813751909725355,-5.246413844610402,0.0070813751909725355,0.02832550076436746,0.03540687595534564,0.0035406875954862678,0.0017703437977431339,2.1244125572917607,-0.0070813751909725355,49.91895517542265,-24.5120937594851,-10.492827689220803,0.17703437977431546,-0.7081375190972535,1.416275038194507,0.35406875954862677,-0.0070813751909725355,3.3930013185885075,0.010622062786458802,-0.0070813751909725355,-80.0,0.0,162.660523706569,0.0035406875954862678,-43.0,-0.0070813751909725355,-0.007081375190986991,-0.0070813751909725355,0.0035406875954862678,24.147489401216347,-1.416275038194507,0.0070813751909725355,198.38401805703788,-0.0017703437977431339,-0.007789512710069798,-198.38401805703788,1.0622062786458801,-236.30636907820312,695.6114983518904,24.147489401216347,-0.005311031393229401,394.84584370618484,-96.0,0.0070813751909725355,-0.0017703437977431334,0.35406875954862677,7.081375190972535,-0.0035406875954862678,-0.0070813751909725355,0.0017703437977431339,514.3241213871356,0.0,247.57598177370824,0.0,-46.0,0.0,-68.79860576240822,-17.96259504200588,0.0,-32.0,234.9178756067447,-65.0,-752.4204775386963,16.0,23.0,-117.45893780337235,0.0,8.98129752100294,-393.25253428821605,-89.01344347863962,752.4204775386963,65.0,-89.01344347863962,68.79860576240822,-122.08539141244061,0.0,1496.5981,hclb
390,0.0,0.0,0.0,0.0,0.0,0.0,0.0,0.0,244.8518291672343,0.0,0.0,0.0,0.0,0.0,0.0,0.0,-661.3522936708531,674.4541597730764,0.0,0.0,0.0,0.0,0.0,0.0,0.0,0.0,0.0,0.0,0.0,-280.6401529753401,58.858891986718454,-58.858891986718454,22.895811212917316,0.0,0.0,0.0,0.0,484.334995363615,0.0,-699.1791873391455,1000.0,0.0,0.0,0.0,0.0,0.0,0.0,0.0,0.0,0.0,0.0,-882.905730235701,0.0,0.056503393067487195,0.0,0.0,0.0,0.0,0.0,0.0,-69.40462471892941,0.0,769.15877509579,699.7541503768606,0.0,0.0,0.0,0.0,792.620965822676,-252.9912208674089,0.0,0.5136672097077307,0.0,0.0,0.0,0.0,0.0,0.0,0.0,0.0,0.0,0.0,-158.10663908239292,0.0,30.820032582463842,0.0,45.26129816319779,-765.5780789021653,117.32765133353558,808.1130724993321,929.2622209570922,0.0,0.0,0.0,15.410016291231921,0.0,15.410016291231921,0.0,0.0,0.0,0.0,2.5683360485386535,-706.9693857740116,0.0,0.0,-6.968984253628962,0.0,0.0,0.0,0.0,0.0,0.0,0.0,0.0,0.0,0.0,0.0,0.0,0.0,0.0,0.0,0.0,0.0,0.0,-324.81714038923195,0.0,0.0,15.410016291231921,0.0,15.923683500939651,0.0,0.0,0.0,0.0,0.0,0.0,0.0,0.0,0.0,0.0,0.0,0.0,0.0,0.0,0.0,207.32317476034024,0.05136672097077307,929.2750626373348,0.0,0.0,-604.892386442378,0.0,0.0,0.0,158.10663908239292,0.0,438.175256073569,0.0,0.0,0.0,0.0,0.0,-10.713875370853351,-10.713875370853351,0.0,0.0,0.0,0.0,0.0,0.0,0.0,48.19638333683588,0.0,0.0,0.0,0.0,0.0,0.0,0.0,0.0,0.0,0.0,0.0,0.0,0.0,0.0,-631.818028849782,0.0,0.0,0.0,0.0,-555.4986636209719,0.0,0.0,0.0,0.0,0.0,0.0,882.905730235701,-117.32765133353558,117.32765133353558,0.0,0.0,0.0,0.0,0.0,0.0,0.0,426.3292327986715,-346.8017978731232,0.0,0.0,0.0,0.0,0.0,0.0,0.0,0.0,0.0,0.0,0.0,0.0,0.0,278.60281127156475,582.4390748306872,59.08671641049216,0.0,0.0,0.0,0.0,0.0,0.0,0.0,0.0,0.0,-69.40462471892941,59.08671641049216,58.858891986718454,0.0,0.0,0.0,0.0,0.0,0.0,0.0,60.512900401975514,10.273344194154614,0.0,0.0,-234.65530266707117,0.0,0.0,0.0,-59.08671641049216,0.0,0.0,0.0,-779.4766834042273,0.0,0.0,0.0,-250.7819901738918,0.0,0.0,-373.9460153532824,-649.0642584783454,0.0,275.11824312506303,0.0,649.0642584783454,0.0,0.0,439.7988571060052,0.0,0.0,143.31315150845685,0.0,0.0,0.0,0.0,0.0,0.0,0.0,16.364379210214338,0.0,0.0,-353.7707821267521,0.0,0.0,0.0,-69.40462471892941,-0.0770500814561596,0.0,0.0,0.0,0.0,0.05136672097077307,0.0,0.0,0.0,479.5757469277645,-661.3522936708531,0.0,-787.2336862236482,748.1570544486528,0.0,951.4056568745721,0.0,4.422674675583198,0.0,-6.968984253628962,0.0,0.0,0.0,-4.422674675583198,0.0,0.0,-1000.0,-1000.0,0.0,0.0,0.0,0.0,0.0,0.0,0.0,0.0,0.0,0.0,0.0,0.0,0.0,0.0,0.0,0.0,0.0,-515.459537752502,0.0,-1000.0,158.10663908239292,0.0,0.0,0.0,0.0,0.0,-208.9771831755973,0.0,0.0,0.0,0.0,0.0,-212.5948781452704,0.0,-1000.0,0.0,-580.0260876774056,0.0,0.0,-725.0765381053145,655.9112483181685,0.0,997.4316639514614,311.5234659040667,-1.2841680242693267,-2.5683360485386535,0.0,0.0,0.0,-1000.0,932.570609122936,15.410016291231921,1000.0,-1000.0,0.0,0.0,0.0,244.9031958882051,0.0,-278.60281127156475,278.60281127156475,278.60281127156475,66.86272311555483,0.0,0.0,-104.05462380491338,0.0,0.0,426.3292327986715,0.0,0.0,-48.28665311146324,0.0,0.0,64.00435941665995,0.0,0.0,0.0,0.0,-37.86332790292269,0.10273344194160927,0.0,0.0,0.0,0.0,0.0,0.0,0.0,0.0,0.0,539.629744955267,0.0,0.0,0.0,0.0,0.0,0.0,0.0,0.0,0.0,0.056503393067487195,0.056503393067487195,58.858891986718454,364.32946707741013,0.0,30.820032582463842,0.0,0.0,0.0,-409.21903196992037,0.0,0.0,45.26129816319779,0.0,0.0,475.27142697032815,409.21903196992037,0.0,0.0,0.0,0.0,0.0,64.00435941665995,0.0,0.0,0.0,0.0,0.0,0.0,0.0,108.27238012974398,-479.5757469277645,604.892386442378,0.0,49.216535677947334,0.0,0.0,0.0,0.0,0.0,475.27142697032815,0.0,437.4080990674055,0.0,-703.1250000010501,703.1250000010501,278.60281127156475,0.0,0.0,0.0,0.0,0.0,0.0,0.0,0.0,0.0,0.0,0.0,0.0,0.0,30.820032582463842,0.0,0.0,0.0,0.0,0.0,0.0,0.0,0.0,0.0,0.0,0.0,0.0,0.5136672097077307,0.0,58.858891986718454,45.26129816319779,-45.26129816319779,58.858891986718454,882.905730235701,0.0,0.0,15.410016291231921,0.0,0.0,0.0,0.0,0.0,0.0,0.0,0.0,0.0,0.0,-705.1050416843353,0.0,0.0,15.410016291231921,15.410016291231921,1000.0,409.21903196992037,0.0,64.00435941665995,0.0,0.0,0.0,0.0,0.0,706.9693857740116,426.3292327986715,532.0642271613666,0.05136672097077307,0.0,0.0,-322.2155773718928,390.05267051679436,0.0,0.0,0.0,0.0,0.0,0.0,0.0,0.0,0.0,0.0,0.0,0.0,0.0,0.0,0.0,0.0,0.0,0.05136672097077307,0.0,0.0,0.0,0.0,0.0,0.0,0.0,0.0,0.0,0.0,-208.9771831755973,0.0,0.0,-484.540462247498,-3.85250407280798,-2.5683360485386535,0.0,0.0,0.0,0.0,0.0,0.0,0.0,0.0,0.0,0.0,0.0,0.0,0.0,0.0,0.0,0.0,935.1389451714747,0.0,0.0,0.0,244.8518291672343,0.0,0.0,0.05136672097077307,0.0,0.05136672097077307,0.0,0.0,0.0,30.820032582463842,62.66739958434315,62.66739958434315,0.0,0.0,0.0,0.0,0.0,0.0,0.0,604.892386442378,0.0,426.3292327986715,0.0,0.0,0.0,0.0,0.0,0.0,0.0,0.0,0.0,0.0,0.0,0.0,0.0,0.0,0.0,0.0,0.0,0.0,0.0,0.0,0.0,0.0770500814561596,0.0,0.0,0.0,-15.410016291231921,0.0,0.0,0.0,0.0,0.0,-364.32946707741013,2.5683360485386535,0.0,0.0,0.0,0.0,0.0,208.9771831755973,0.0,0.0,0.0,0.0,0.0,0.0,0.0,0.0,0.0,0.0,0.0,36.74958873088598,85.72665580584538,0.0,659.6190422482234,-6.968984253628962,0.0,0.0,0.0,0.0,158.10663908239292,-842.1440829885704,0.0,2.5683360485386535,1000.0,0.0,0.0,-58.858891986718454,-138.80924943785882,0.0,0.0,0.0,0.0,0.0,0.0,0.0,0.0,0.0,1000.0,-375.8869792958341,62.66739958434315,0.0,0.0,0.0,58.858891986718454,0.0,0.0,0.0,0.0,0.0,60.512900401975514,0.0,0.0,0.0,-607.4668381001686,0.0,0.0,15.410016291231921,45.26129816319779,0.0,0.0,0.0,231.22153946165875,0.0,0.0,0.056503393067487195,0.0,0.0,0.0,31.333699792171572,0.0,0.0,0.0,0.0,582.4390748306872,0.0,0.0,0.0,0.0,0.0,0.0,0.0,0.0,618.9913790118428,0.0,0.005136672097077307,0.005136672097077307,0.0,0.0,0.0,0.0,0.0,0.0,0.0,0.0,0.0,-322.2155773718927,58.858891986718454,0.0,0.0,0.0,0.0,364.32946707741013,0.0,0.0,0.0,0.0,0.0,0.0,0.0,0.0,0.0,0.0,0.0,90.52259632639559,0.0,0.0,674.4541597730764,0.0,0.0,0.0,30.820032582463842,0.0,0.0,0.0,0.0,0.0,-30.820032582463842,0.0,0.0,90.52259632639559,0.0,0.0,0.0,0.0,0.0,0.0,0.0,58.858891986718454,58.858891986718454,0.0,-532.0642271613666,-1000.0,35.18620386497956,0.0,-15.410016291231921,0.0,484.334995363615,0.0,0.0,0.0,0.0,0.0,0.0,0.0,0.0,0.0,0.0,0.0,0.0,0.0,0.0,0.0,0.0,0.0,-6.420840121346633,0.0,-3.85250407280798,372.03447522302616,0.0,0.0,0.0,0.0,0.0,-446.56829139249135,445.9262073803567,206.39329219385615,0.0,0.0,0.0,0.0,0.0,0.0,0.0,1000.0,15.410016291231921,15.410016291231921,0.0,0.0,0.0,0.0,0.0,0.056503393067487195,364.32946707741013,0.0,0.0,-484.334995363615,0.0,0.0,0.0,0.0,0.0,0.0,0.0,0.0,0.0,0.0,0.0,0.0,0.0,0.0,0.0,0.0,0.0,0.0,0.0,53.93505701931172,49.216535677947334,0.0,0.0,0.0,0.0,0.0,364.32946707741013,0.0,-211.54551922413594,0.0,0.0,0.0,-6.420840121346633,0.0,0.0,0.0,0.0,0.0,0.0,0.0,0.0,0.0,0.0,0.0,0.0,0.0,0.0,0.0,0.0,0.0,0.0,-0.05136672097077307,0.0,0.0,2.5683360485386535,-475.27142697032815,0.0,0.0,0.0,0.0,0.0,0.0,0.0,0.0,4.422674675583198,1.2841680242693267,0.0,0.0,0.0,0.05136672097077307,0.0,51.366720970773066,-15.923683500939651,10.273344194154614,0.36690514979123623,143.31315150845685,-0.0385250407280798,2.56833604853865,1.0273344194154614,-0.25683360485373896,-143.31315150845685,15.410016291231921,-0.05136672097077307,2.322994751209654,64.00435941665995,0.012841680242693268,0.36690514979123623,-6.968984253628962,-53.43888014174303,57.831557567302994,-13.101866102223312,-0.05136672097077307,0.012841680242693268,-143.31315150845685,5.136672097077307,0.05136672097077307,0.05136672097077307,-364.2215969633719,-45.20479477012994,-46.821170608582094,-0.0385250407280798,15.410016291231921,0.05136672097077307,15.410016291231921,-25.683360485386537,-0.025683360485386535,-377.416116957729,-5.188038818048085,-0.0385250407280798,-0.05136672097077307,-15.923683500939651,0.05136672097077307,5.136672097077307,-1.0273344194154614,0.0,0.0,-5.136672097077307,13.101866102223312,0.0,10.273344194154614,0.0770500814561596,-1000.0,5.136672097077307,-108.27238012974398,64.00435941665995,-10.273344194154614,0.025683360485386535,0.5136672097077307,196.80842155591205,96.0,-0.05136672097077307,-375.8869792958341,364.2215969633719,15.923683500939651,0.05136672097077307,53.43888014174303,2.3642942517323604,64.00435941665995,-0.05136672097077307,-0.012841680242693268,-64.00435941665995,-0.05136672097077307,-37.86332790292269,0.05136672097078317,-0.012841680242693268,-0.012841680242693268,-0.012841680242693268,20.546688388309228,25.683360485386537,0.5136672097077307,228.72583510626657,-0.012841680242693268,391.29384836061445,2.5683360485386535,21.5,0.05136672097077307,0.025683360485386535,0.025683360485386535,37.138851805407285,15.923683500939651,0.05136672097077307,-15.923683500939651,0.5136672097077307,0.05136672097077307,-610.0648665203606,0.05136672097077307,0.20546688388299117,0.25683360485373896,0.025683360485386535,0.012841680242693268,15.410016291231921,-0.05136672097077307,46.821170608582094,-28.915778783651497,-457.45167021253314,1.2841680242693299,-5.136672097077307,10.273344194154614,2.5683360485386535,-0.05136672097077307,6.968984253628962,0.0770500814561596,-0.05136672097077307,-74.27770361081457,15.923683500939651,-61.72267433802941,0.025683360485386535,-43.0,-0.05136672097077307,-0.05136672097078317,-0.05136672097077307,0.025683360485386535,143.31315150845685,-10.273344194154614,0.05136672097077307,393.6168431118241,-0.012841680242693268,45.20479477012994,-393.6168431118241,7.70500814561596,5.18803881804808,808.0298742949986,143.31315150845685,-0.0385250407280798,375.8869792958341,-96.0,0.05136672097077307,-0.012841680242693266,2.5683360485386535,51.36672097077307,-0.025683360485386535,-0.05136672097077307,0.012841680242693268,224.07077993304438,0.0,191.86124414018252,381.33903141409405,-46.0,0.0,-108.0,-31.0,0.0,-32.0,-70.16708305608049,-65.0,-808.1130724993321,16.0,23.0,35.08354152804024,0.0,15.5,-364.32946707741013,-169.49886512362934,808.1130724993321,65.0,-169.49886512362934,108.0,-57.750483174404835,0.0,1496.5981,hclb
391,0.0,0.0,0.0,0.0,0.0,0.0,0.0,0.0,-0.07250458758965236,0.0,0.0,0.0,0.0,0.0,0.0,0.0,0.0,328.65685109612525,0.0,-80.00756094819621,0.0,0.0,0.0,847.2931085246757,0.0,0.0,0.0,0.0,0.0,-80.00756094819621,0.0,0.0,26.46291075711959,0.0,0.0,0.0,0.0,999.7099816496413,0.0,-1000.0,1000.0,0.0,0.0,0.0,0.0,0.0,0.0,0.0,387.35924510490673,0.0,0.0,307.3516841567106,0.0,0.07975504634862926,0.0,0.0,0.0,0.0,0.0,0.0,-6.38523734706223,0.0,6.38523734706223,0.0,0.0,0.0,0.0,0.0,0.0,0.0,0.0,0.7250458758965236,0.0,0.0,0.0,0.0,0.0,0.0,0.0,0.0,0.0,0.0,-145.72512140048912,0.0,43.50275255379142,0.0,0.0,0.0,847.7668270124412,-679.1250978127085,937.4905193101997,0.0,0.0,-899.7137343200734,21.75137627689571,0.0,21.75137627689571,-2.3346477203872382,620.2698760553071,0.0,0.0,322.0674380647976,-855.5079419419135,0.0,0.0,0.0,0.0,304.5351744790795,0.0,0.0,0.0,0.0,0.0,0.0,0.0,0.0,0.0,0.0,0.0,0.0,0.0,0.0,0.0,0.0,-508.1172628296092,0.0,0.0,21.75137627689571,0.0,22.476422152792242,22.476422152792242,0.0,-81.85012162908882,81.85012162908882,0.0,0.0,-134.52800577730682,0.0,0.0,134.52800577730682,0.0,0.0,0.0,0.0,0.0,151.30797464489237,0.07250458758965236,937.5086454570971,0.0,0.0,0.0,-501.16155300070324,0.0,0.0,145.72512140048912,0.0,428.15587518812583,0.0,0.0,0.0,0.0,0.0,236.62082202572157,236.62082202572157,0.0,0.0,0.0,0.0,-1000.0,0.0,0.0,236.69332661331123,0.0,0.0,0.0,249.750096370194,0.0,0.0,0.0,0.0,0.0,0.0,0.0,0.0,0.0,0.0,-535.5285493809708,0.0,0.0,0.0,0.0,-572.0641627700189,0.0,0.0,0.0,0.0,0.0,0.0,-307.3516841567106,-168.6417291997327,168.6417291997327,0.0,0.0,0.0,0.0,0.0,0.0,0.0,775.5003809937173,-457.40243796593376,0.0,0.0,0.0,0.0,0.0,0.0,0.0,0.0,0.0,0.0,0.0,0.0,0.0,344.8207561156444,487.1633880365642,0.0,0.0,0.0,0.0,0.0,77.67703665344511,0.0,0.0,0.0,0.0,-6.38523734706223,0.0,0.0,0.0,0.0,0.0,0.0,0.0,0.0,0.0,0.0,14.500917517930471,0.0,0.0,-679.2338546940931,337.17470151808084,-88.63416825153655,0.0,0.0,0.0,0.0,0.0,0.0,0.0,0.0,0.0,-395.05744451610246,0.0,0.0,-1000.0,0.0,0.0,-1000.0,0.0,0.0,679.1250978127085,0.0,0.0,0.0,0.0,169.56360702726948,0.0,0.0,0.0,0.0,0.0,0.0,0.0,236.5483174381319,0.0,0.0,171.8409199012293,0.0,0.0,0.0,-6.38523734706223,-0.10875688138447855,0.0,0.0,0.0,0.0,0.07250458758965236,0.0,0.0,0.0,472.6357498396781,0.0,0.0,-887.0600982343198,621.8106801641507,0.0,956.2522937948262,0.0,0.0,0.0,0.0,0.0,0.0,0.0,429.10303551085974,0.0,-429.10303551085974,-538.5870584199174,-1000.0,0.0,0.0,0.0,0.0,0.0,0.0,0.0,0.0,0.0,0.0,0.0,0.0,0.0,0.0,0.0,0.0,0.0,286.02133003717904,0.0,-713.978669962821,145.72512140048912,0.0,0.0,0.0,0.0,0.0,-151.30797464489237,0.0,620.2698760553071,0.0,0.0,318.442208685315,0.0,0.0,0.0,-1.812614689741309,0.0,-91.37217649724073,0.0,-103.870072180936,0.0,0.0,-162.84633372214012,0.0,0.0,-3.625229379482618,-161.37881584028744,0.0,0.0,-728.1200179931379,728.3723990604433,21.75137627689571,-390.6250000014211,390.6250000014211,0.0,0.0,0.0,0.0,344.8207561156444,0.0,0.0,0.0,52.723466786898015,0.0,0.0,0.0,0.0,0.0,775.5003809937173,0.0,0.0,-12.77047469412446,0.0,0.0,65.49908248206953,0.0,0.0,0.0,0.0,-35.74954124103476,0.1450091751794389,0.0,0.0,0.0,0.0,0.0,0.0,0.0,0.0,0.0,0.0,0.0,0.0,0.0,0.0,0.0,0.0,0.0,0.0,0.0,0.07975504634862926,0.07975504634862926,0.0,426.3198385977139,0.0,43.50275255379142,0.0,0.0,0.0,1000.0,0.0,0.0,0.0,0.0,0.0,516.9594422406085,-1000.0,0.0,0.0,626.076971198473,0.0,0.0,65.49908248206953,0.0,0.0,0.0,0.0,0.0,0.0,0.0,169.37242094320308,-472.6357498396781,501.16155300070324,0.0,5.582853244403253,0.0,0.0,-899.7137343200734,-977.3907709735186,0.0,516.9594422406085,0.0,-88.32258691793271,569.5324879175064,0.0,0.0,344.8207561156444,0.0,0.0,0.0,0.0,0.0,0.0,0.0,0.0,0.0,0.0,0.0,0.0,0.0,43.50275255379142,0.0,0.0,0.0,0.0,0.0,0.0,0.0,0.0,0.0,0.0,0.0,0.0,0.7250458758965236,0.0,0.0,0.0,0.0,0.0,-307.3516841567106,0.0,0.0,21.75137627689571,-626.076971198473,0.0,0.0,0.0,0.0,0.0,0.0,0.0,0.0,0.0,1000.0,0.0,0.0,21.75137627689571,21.75137627689571,1000.0,-1000.0,0.0,65.49908248206953,0.0,0.0,0.0,0.0,0.0,1000.0,775.5003809937173,620.4633708672559,0.07250458758965236,0.0,0.0,0.0,5.846977099194108,25.77561569517151,0.0,899.7137343200734,0.0,0.0,0.0,0.0,0.0,0.0,0.0,0.0,0.0,0.0,0.0,0.0,0.0,0.0,0.07250458758965236,0.0,0.0,0.0,-468.8962848820431,468.8962848820431,0.0,0.0,0.0,0.0,-531.0380985895854,1000.0,0.0,0.0,-1000.0,-5.437844069223926,-3.3759756274977604,-0.24925375198485822,0.0,0.0,0.0,0.0,0.0,0.0,0.0,0.0,0.0,0.0,0.0,0.0,0.0,0.0,0.0,731.9976284399258,0.0,0.0,0.0,-0.07250458758965236,0.0,0.0,0.07250458758965236,0.0,0.07250458758965236,0.0,0.0,0.0,43.50275255379142,88.45559685937587,88.45559685937587,0.0,0.0,0.0,0.0,0.0,0.0,0.0,501.16155300070324,0.0,775.5003809937173,0.0,0.0,435.34568050232883,0.0,0.0,0.0,0.0,0.0,0.0,0.0,0.0,0.0,0.0,0.0,0.0,0.0,0.0,77.67703665344511,0.0,0.0,0.0,0.10875688138447855,0.0,0.0,0.0,-21.75137627689571,0.0,0.0,0.0,0.0,0.0,-426.3198385977139,3.625229379482618,0.0,0.0,0.0,0.0,1000.0,-1000.0,-0.24925375198485822,0.0,0.0,0.0,0.0,0.0,0.0,0.0,0.0,0.0,626.076971198473,0.0,81.49908248206953,0.0,551.6606354827727,25.77561569517151,0.0,-620.2698760553071,620.2698760553071,0.0,145.72512140048912,-88.45559685937587,0.0,3.6252293794826187,673.2508255684726,0.0,0.0,0.0,-12.77047469412446,0.0,0.0,-78.12499999992895,78.12499999992895,0.0,0.0,0.0,0.0,0.0,524.6528612425232,0.0,88.45559685937587,0.0,0.0,0.0,0.0,0.0,0.0,0.0,0.0,0.0,0.0,0.0,0.0,442.63337080538565,-5.846977099194108,-88.4120216002865,0.0,21.75137627689571,0.0,0.0,0.0,0.0,225.67514339566375,0.0,0.0,0.07975504634862926,0.0,0.0,0.0,44.227798429687944,0.0,0.0,0.0,0.0,487.1633880365642,0.0,0.0,0.0,0.0,0.0,0.0,0.0,0.0,-905.9719241995355,0.0,0.007250458758965017,0.007250458758965017,0.0,0.0,0.0,0.0,0.0,0.0,0.0,0.0,0.0,0.0,0.0,0.0,0.0,0.0,0.0,426.3198385977139,0.0,0.0,0.0,0.0,0.0,0.0,0.0,0.0,0.0,0.0,0.0,0.0,0.0,0.0,328.65685109612525,0.0,0.0,0.0,43.50275255379142,0.0,0.0,0.0,0.0,0.0,0.0,-43.50275255379142,0.0,0.0,0.0,0.0,0.0,0.0,0.0,0.0,0.0,0.0,0.0,0.0,-620.4633708672559,-394.09500036183096,485.0113230012407,-1000.0,978.2486237231043,0.0,999.7099816496413,0.0,0.0,0.0,0.0,0.0,0.0,0.0,0.0,0.0,0.0,0.0,0.0,0.0,0.0,0.0,0.0,0.0,-9.063073448706545,0.0,-323.88005275453895,429.9078364331049,0.0,0.0,0.0,0.0,0.0,0.0,-0.9063073448706547,158.49559609461357,0.0,0.0,0.0,0.0,0.0,0.0,0.0,1000.0,21.75137627689571,21.75137627689571,0.0,0.0,0.0,0.0,0.0,0.07975504634862926,426.3198385977139,0.0,0.0,-999.7099816496413,0.0,0.0,0.0,0.0,0.0,0.0,0.0,0.0,0.0,0.0,0.0,0.0,0.0,0.0,0.0,0.0,0.0,22.476422152792242,0.0,76.12981696913498,5.582853244403253,0.0,0.0,0.0,0.0,0.0,426.3198385977139,0.0,994.2893766521149,0.0,0.0,0.0,-9.063073448706545,0.0,0.0,0.0,0.0,0.0,0.0,0.0,0.0,0.0,0.0,0.0,0.0,0.0,0.0,0.0,0.0,0.0,0.0,-0.07250458758965236,0.0,0.0,3.625229379482618,-516.9594422406085,0.0,0.0,0.0,0.0,0.0,0.0,0.0,0.0,-429.10303551085974,1.812614689741309,0.0,0.0,0.0,0.07250458758965236,0.0,72.50458758965235,0.0,14.500917517930473,0.5178899113546597,247.24064368071458,-0.05437844069223927,162.84633372214012,1.4500917517930472,-0.3625229379482562,-247.24064368071458,21.75137627689571,-0.07250458758965236,0.0,65.49908248206953,0.01812614689741309,0.5178899113546597,0.0,-11.542730344273329,-1.4500917517930472,-248.64929014792904,-0.07250458758965236,0.01812614689741309,-247.24064368071458,7.250458758965236,0.07250458758965236,0.07250458758965236,-426.1675789637756,0.07975504634861738,-36.436836302982954,-0.05437844069223927,21.75137627689571,0.07250458758965236,21.751376276895712,-36.25229379482618,-0.03625229379482618,-391.7190388851429,-85.0,-0.054378440692239266,-0.07250458758965236,0.0,0.07250458758965236,7.250458758965237,-1.4500917517930472,77.67703665344511,77.67703665344511,-7.250458758965236,248.64929014792904,-77.67703665344511,14.500917517930471,0.10875688138447853,721.5505715561347,7.250458758965236,-169.37242094320308,65.49908248206953,-14.500917517930471,0.03625229379482618,0.7250458758965236,221.76502455857994,96.0,-0.07250458758965236,-442.63337080538565,426.1675789637756,22.47642215279223,0.07250458758965236,11.542730344273329,-21.50642262551372,65.49908248206953,-0.07250458758965236,-0.01812614689741309,-65.49908248206953,-0.07250458758965236,-35.74954124103476,0.07250458758965236,-0.01812614689741309,-0.01812614689741309,-0.01812614689741309,29.001835035860942,36.25229379482618,0.7250458758965236,53.716836330482806,-0.01812614689741309,443.5300491171599,3.625229379482618,21.5,0.07250458758965236,0.03625229379482618,0.03625229379482618,40.0,0.0,0.07250458758965236,0.0,0.7250458758965236,0.07250458758965236,-53.716836330482806,0.07250458758965236,0.2900183503586504,0.3625229379482562,0.03625229379482618,0.01812614689741309,21.75137627689571,-0.07250458758965236,36.436836302982954,0.7250458758965236,-107.43367266096561,161.0337190323988,-7.250458758965237,14.500917517930471,3.625229379482618,-0.07250458758965236,0.0,0.10875688138447855,-0.07250458758965236,-80.0,0.0,11.031858436075254,0.03625229379482618,-43.0,-0.07250458758965236,-0.07250458758965236,-0.07250458758965236,0.03625229379482618,247.24064368071458,-14.500917517930471,0.07250458758965236,443.5300491171599,-0.01812614689741309,-0.07975504634861738,-443.5300491171599,10.875688138447853,85.0,-630.4688687923965,247.24064368071458,-0.054378440692239266,442.63337080538565,-96.0,0.07250458758965236,-0.018126146897413088,3.6252293794826187,72.50458758965235,-0.03625229379482618,-0.07250458758965236,0.01812614689741309,0.0,0.0,-721.5868238499296,0.0,-46.0,0.0,55.89893969759379,-2.2896464476794094,0.0,-32.0,-93.0,-65.0,0.0,16.0,23.0,46.5,0.0,1.144823223839705,-426.3198385977139,-236.707001831739,0.0,65.0,-236.707001831739,-55.89893969759379,35.07745178207114,0.0,1496.5981,hclb
392,0.0,0.0,0.0,0.0,0.0,0.0,0.0,0.0,-0.03197332326724729,0.0,0.0,0.0,0.0,0.0,0.0,0.0,0.0,559.6734715321791,0.0,0.0,0.0,0.0,0.0,515.7379925460901,0.0,0.0,0.0,0.0,0.0,-502.45860738076345,0.0,0.0,28.599821271199165,0.0,0.0,0.0,0.0,659.5784780286675,0.0,-1000.0,1000.0,0.0,0.0,-295.4612508482817,0.0,0.0,0.0,0.0,798.3236626173605,-792.246800584984,0.0,0.0,0.0,0.035170655593964685,0.0,0.0,0.0,0.0,0.0,0.0,23.12340330311855,0.0,159.59217990740987,0.0,315.58351722244913,0.0,0.0,0.0,905.7548612891221,-752.1622547182989,0.0,0.3197332326724729,0.0,0.0,0.0,0.0,0.0,0.0,0.0,0.0,0.0,0.0,677.6125600812627,0.0,19.183993960348374,0.0,26.340340548307704,0.0,130.99570556927935,92.16895415811487,-0.007993330816811823,0.0,0.0,443.0157665438134,9.591996980174187,0.0,9.591996980174187,-1.0295410092045358,0.0,0.0,677.6125600812627,1.5986661633623644,-502.45860738076345,0.0,0.0,-1.6935682845946758,0.0,0.0,0.0,0.0,0.0,0.0,0.0,0.0,0.0,0.0,0.0,0.0,0.0,0.0,0.0,0.0,0.0,0.0,-665.5764108835642,0.0,0.0,9.591996980174187,0.0,9.911730212846663,0.0,0.0,0.0,0.0,0.0,0.0,-182.71558321052842,0.0,0.0,0.0,0.0,0.0,0.0,0.0,0.0,-648.810273641377,0.03197332326724729,0.0,0.0,0.0,-1000.0,237.91391233081117,0.0,0.0,0.0,0.0,-52.73854614034834,0.0,0.0,0.0,0.0,0.0,-391.1783119758204,-391.1783119758204,0.0,0.0,0.0,0.0,0.0,0.0,0.0,-391.14633865255314,0.0,0.0,0.0,0.0,0.0,0.0,0.0,0.0,0.0,0.0,0.0,0.0,0.0,0.0,0.0,0.0,0.0,0.0,0.0,-1000.0,0.0,0.0,0.0,0.0,0.0,792.246800584984,0.0,-223.16465972739422,223.16465972739422,182.71558321052842,0.0,0.0,0.0,0.0,0.0,0.0,0.0,-129.3777029827005,0.0,0.0,0.0,0.0,0.0,0.0,0.0,0.0,0.0,0.0,0.0,0.0,0.0,203.39703799034731,731.8754169760878,-295.86505523659696,0.0,0.0,0.0,0.0,-182.71558321052842,0.0,0.0,0.0,0.0,23.12340330311855,-0.40380438831527954,0.0,0.0,0.0,0.0,0.0,0.0,0.0,0.0,0.0,6.394664653449458,0.0,0.0,-354.1603652966736,0.0,575.1590028899662,0.0,295.86505523659696,0.0,0.0,182.71558321052842,-136.8725809926066,0.0,0.0,0.0,333.9205739801534,0.0,0.0,0.0,0.0,0.0,-989.1045488917774,989.1045488917774,-989.1045488917774,-92.16895415811487,0.0,-461.8148508125756,792.246800584984,0.0,89.20557191561997,0.0,0.0,0.0,0.0,0.0,0.0,0.0,16.28673744967557,0.0,0.0,-574.0870378111085,0.0,0.0,0.0,23.12340330311855,-0.04795998490087093,0.0,0.0,0.0,0.0,0.03197332326724729,0.0,0.0,0.0,990.4080030198259,0.0,0.0,-354.8994983262544,934.563688670168,0.0,935.9866616336236,0.0,1000.0,0.0,-1.6935682845946758,0.0,0.0,0.0,428.8914837548292,-1000.0,-428.8914837548292,-1000.0,-1000.0,0.0,0.0,0.0,0.0,0.0,0.0,0.0,0.0,0.0,0.0,0.0,0.0,0.0,0.0,0.0,0.0,0.0,-38.68760618049628,0.0,-1000.0,0.0,340.4215219713325,0.0,0.0,0.0,0.0,648.810273641377,0.0,0.0,0.0,0.0,0.0,-141.86053679393962,0.0,998.4013338366376,0.0,236.1056755048175,284.58340544351813,-1.5986661633623644,-362.59020324220944,316.78522032955095,0.0,-1000.0,-232.0883323517103,-0.7993330816811822,0.0,0.0,0.0,930.925138609369,-23.067703600903116,-1000.0,9.591996980174187,0.0,0.0,0.0,0.0,0.0,0.0,0.0,-203.39703799034731,203.39703799034731,203.39703799034731,88.29890363114522,0.0,0.0,-486.5180443936864,0.0,0.0,0.0,0.0,0.0,-83.7880955076759,0.0,0.0,73.60533534655055,0.0,0.0,0.0,0.0,-39.80266767327527,0.06394664653453219,0.0,0.0,0.0,0.0,0.0,0.0,0.0,0.0,0.0,153.59260657082325,0.0,0.0,0.0,0.0,0.0,0.0,0.0,0.0,0.0,0.035170655593964685,0.035170655593964685,0.0,293.00237333689785,0.0,19.183993960348374,0.0,349.6029642425422,0.0,1000.0,0.0,0.0,26.340340548307704,0.0,0.0,376.8859084985078,-1000.0,0.0,0.0,0.0,0.0,0.0,73.60533534655055,0.0,0.0,0.0,0.0,0.0,0.0,0.0,221.85880362785474,-990.4080030198259,762.0860876691888,0.0,28.802286439885716,0.0,443.0157665438134,0.0,0.0,0.0,208.6854107797246,0.0,0.0,337.0832408252325,0.0,0.0,203.39703799034731,0.0,0.0,0.0,0.0,0.0,0.0,0.0,0.0,0.0,0.0,0.0,0.0,0.0,19.183993960348374,182.71558321052842,182.71558321052842,0.0,0.0,0.0,0.0,0.0,0.0,0.0,0.0,0.0,0.0,0.3197332326724729,0.0,0.0,26.340340548307704,-26.340340548307704,0.0,0.0,0.0,0.0,9.591996980174187,0.0,0.0,0.0,0.0,0.0,0.0,0.0,0.0,0.0,0.0,820.1657420683314,0.0,0.0,9.591996980174187,9.591996980174187,946.0724605900339,-1000.0,0.0,73.60533534655055,0.0,0.0,0.0,0.0,0.0,502.45860738076345,0.0,1000.0,0.03197332326724729,0.0,0.0,-215.35497056368496,257.5803115556946,0.0,0.0,-443.0157665438134,0.0,0.0,0.0,0.0,0.0,0.0,12.938499824521783,0.0,0.0,0.0,0.0,0.0,0.0,0.0,0.03197332326724729,0.0,0.0,0.0,0.0,0.0,0.0,0.0,0.0,340.4215219713325,0.0,1000.0,0.0,-351.18972635862303,-961.3123938195038,-2.397999245043593,-1.5986661633623953,0.0,0.0,0.0,0.0,0.0,0.0,0.0,0.0,0.0,0.0,0.0,0.0,182.71558321052842,0.0,0.0,0.0,-67.47619522726859,0.0,0.0,0.0,-0.03197332326724729,0.0,0.0,0.03197332326724729,0.0,0.03197332326724729,38.815499473565346,0.0,0.0,19.183993960348374,39.007454386041694,39.007454386041694,0.0,0.0,0.0,0.0,0.0,0.0,0.0,762.0860876691888,0.0,0.0,0.0,0.0,431.6443868881392,0.0,0.0,0.0,0.0,0.0,0.0,0.0,0.0,0.0,0.0,0.0,0.0,0.0,0.0,0.0,0.0,-820.4662317442338,820.4662317442338,0.04795998490087093,0.0,0.0,0.0,-9.591996980174187,0.0,0.0,0.0,0.0,0.0,-293.00237333689785,1.5986661633623644,0.0,0.0,0.0,0.0,0.0,-2.628207172566931,0.0,0.0,0.0,0.0,0.0,0.0,0.0,0.0,182.71558321052842,0.0,0.0,76.48666062541032,89.60533534655055,0.0,820.6914230157394,-1.6935682845946758,0.0,646.18206646881,351.18972635862303,-997.3717928274331,0.0,-175.8800353786483,349.6029642425422,1.5986661633623953,1000.0,0.0,163.54635858331346,0.0,-136.46877660429132,0.0,0.0,0.0,0.0,0.0,0.0,0.0,0.0,0.0,295.40037258194144,-300.1963710720287,39.007454386041694,0.0,0.0,0.0,0.0,0.0,0.0,0.0,0.0,0.0,0.0,0.0,0.0,0.0,-195.8179475628329,0.0,0.0,9.591996980174187,26.340340548307704,0.0,0.0,0.0,-134.91105260277482,0.0,0.0,0.035170655593964685,0.0,0.0,0.0,19.50372719302085,0.0,0.0,0.0,0.0,731.8754169760878,0.0,0.0,0.0,0.0,0.0,0.0,0.0,0.0,-1000.0,0.0,464.99285868139816,0.0031973323267247,0.0,0.0,0.0,0.0,0.0,38.815499473565346,0.0,0.0,0.0,-215.35497056368496,0.0,0.0,0.0,0.0,0.0,293.00237333689785,0.0,0.0,0.0,0.0,0.0,0.0,0.0,792.246800584984,0.0,0.0,0.0,52.68068109661541,336.50881180478484,0.0,559.6734715321791,0.0,0.0,0.0,19.183993960348374,0.0,0.0,0.0,0.0,0.0,0.0,-19.183993960348374,0.0,52.68068109661541,0.0,0.0,0.0,0.0,0.0,0.0,0.0,0.0,0.0,0.0,-1000.0,-1000.0,453.54611332620357,0.0,-9.591996980174187,0.0,961.1845005264347,0.0,0.0,0.0,0.0,0.0,0.0,0.0,0.0,0.0,0.0,0.0,0.0,0.0,0.0,0.0,0.0,349.6029642425422,-3.9966654084059883,182.71558321052842,-2.397999245043593,729.4427587151242,0.0,0.0,0.0,0.0,0.0,-0.3996665408405911,0.0,83.7880955076759,0.0,0.0,0.0,0.0,0.0,0.0,0.0,1000.0,9.591996980174187,9.591996980174187,0.0,0.0,0.0,0.0,0.0,0.035170655593964685,293.00237333689785,0.0,0.0,-1000.0,464.9896613490714,0.0,0.0,0.0,0.0,0.0,0.0,0.0,0.0,0.0,0.0,0.0,0.0,0.0,429.64086560889956,0.0,0.0,0.0,0.0,33.571989430609655,28.802286439885716,0.0,0.0,0.0,0.0,0.0,293.00237333689785,0.0,0.0,0.0,0.0,0.0,-3.9966654084059883,0.0,0.0,0.0,0.0,0.0,0.0,0.0,0.0,0.0,0.0,0.0,0.0,0.0,0.0,0.0,0.0,0.0,0.0,-0.03197332326724729,0.0,0.0,1.5986661633623644,-376.8859084985078,0.0,0.0,0.0,0.0,182.71558321052842,0.0,0.0,0.0,-428.8914837548292,0.7993330816811822,0.0,0.0,0.0,0.03197332326724729,0.0,31.973323267247288,-9.911730212846663,6.394664653449458,0.22838088048033778,89.20557191561997,-0.023979992450435465,1.5986661633623953,0.6394664653449458,38.655632857228966,-89.20557191561997,9.591996980174187,-0.03197332326724729,0.5645227615315586,73.60533534655055,0.007993330816811823,0.22838088048033778,-1.6935682845946758,-31.430493612452665,-0.6394664653449458,-559.6734715321791,-0.03197332326724729,0.007993330816811823,-89.20557191561997,3.197332326724729,0.03197332326724729,0.03197332326724729,-292.9352293580366,-26.305169892713707,-65.01535237528509,-0.023979992450435465,9.591996980174187,0.03197332326724729,9.591996980174187,-15.986661633623644,-0.015986661633623646,121.14103508482279,179.48627756053645,-0.023979992450435465,-0.03197332326724729,-9.911730212846663,0.03197332326724729,3.197332326724729,-0.6394664653449458,0.0,0.0,-3.197332326724729,559.6734715321791,0.0,6.394664653449458,0.04795998490087093,-804.6927674317544,3.197332326724729,-221.85880362785474,73.60533534655055,-6.394664653449458,0.015986661633623646,0.3197332326724729,88.7248745815636,96.0,-0.03197332326724729,-300.1963710720287,292.9352293580366,9.911730212846663,0.03197332326724729,31.430493612452665,35.237347425853734,73.60533534655055,-0.03197332326724729,-0.00799333081681182,-73.60533534655055,-0.03197332326724729,-39.80266767327527,0.031973323267266096,-0.007993330816811823,-0.007993330816811823,-0.007993330816811823,12.789329306898916,15.986661633623644,0.3197332326724729,246.82891561056496,-0.007993330816811823,176.88522640159565,1.5986661633623644,21.5,0.03197332326724729,0.015986661633623646,0.015986661633623646,40.0,9.911730212846663,0.03197332326724729,-9.911730212846663,0.3197332326724729,0.03197332326724729,-693.1102750804525,0.03197332326724729,0.12789329306906438,-38.655632857228966,0.015986661633623646,0.007993330816811823,9.591996980174187,-0.03197332326724729,65.01535237528509,0.3197332326724729,-493.6578312211299,0.7993330816811977,-3.197332326724729,6.394664653449458,1.5986661633623644,-0.03197332326724729,1.6935682845946758,0.04795998490087093,-0.03197332326724729,-80.0,9.911730212846663,271.32949008613036,0.015986661633623646,-43.0,-0.03197332326724729,-0.031973323267266096,-0.03197332326724729,0.015986661633623646,89.20557191561997,-6.394664653449458,0.03197332326724729,177.4497491631272,-0.007993330816811823,26.305169892713707,-177.4497491631272,4.795998490087093,-179.48627756053645,649.1320486776556,89.20557191561997,-0.023979992450435465,300.1963710720287,-96.0,0.03197332326724729,-0.007993330816811823,1.5986661633623953,31.973323267247288,-0.015986661633623646,-0.03197332326724729,0.007993330816811823,0.0,0.0,804.6767807701208,446.28135946988755,-46.0,0.0,216.51975424344795,-31.0,0.0,-32.0,-93.0,-65.0,0.0,16.0,23.0,46.5,0.0,15.5,-293.00237333689785,-136.41843748335555,0.0,65.0,-136.41843748335555,-216.51975424344795,89.04253724543474,0.0,1496.5981,hclb
393,0.0,0.0,0.0,0.0,0.0,0.0,0.0,0.0,30.46122021936089,0.0,0.0,0.0,0.0,0.0,0.0,0.0,-846.7866460066789,253.62832423640128,0.0,277.9064358107828,0.0,0.0,0.0,87.65843258828335,0.0,0.0,0.0,0.0,0.0,-453.7911645643509,0.0,0.0,399.88648007023704,0.0,0.0,0.0,0.0,42.84542802842998,0.0,-701.87141791558,1000.0,0.0,0.0,963.9446895236279,0.0,0.0,0.0,108.2505898262339,-663.3668789525982,-647.4555592158373,0.0,-1000.0,0.0,0.005800939278458372,0.0,0.0,0.0,109.30530605868958,0.0,0.0,-8.422428146355005,0.0,8.422428146355005,0.0,0.0,0.0,0.0,0.0,990.91214132783,-990.91214132783,0.0,0.0527358116227839,0.0,0.0,0.0,0.0,0.0,0.0,0.0,0.0,0.0,0.0,0.0,0.0,3.164148697367034,0.0,0.0,0.0,-68.18029366443382,1000.0,-0.0013183952905695972,0.0,0.0,607.1192518156311,1.582074348683517,0.0,1.582074348683517,0.0,0.0,0.0,0.0,728.1127843019046,-453.7911645643509,0.0,0.0,-15.546008851304054,282.2708946124707,0.0,0.0,0.0,0.0,0.0,0.0,0.0,0.0,0.0,0.0,0.0,0.0,0.0,0.0,0.0,0.0,0.0,-228.502914760895,0.0,0.0,1.582074348683517,0.0,1.6348101603063008,1.6348101603063008,0.0,-1000.0,0.0,1000.0,-1000.0,0.0,-203.12500000006784,203.12500000006784,0.0,0.0,0.0,0.0,0.0,0.0,0.4060657494954357,0.005273581162278389,0.0,0.0,0.0,0.0,-282.2708946124707,0.0,0.0,0.0,0.0,85.69287080555159,0.0,0.0,0.0,0.0,0.0,683.277110723107,683.277110723107,0.0,0.0,0.0,0.0,0.0,0.0,0.0,683.2823843042693,0.0,0.0,0.0,0.0,-20.298752892034827,0.0,0.0,0.0,0.0,0.0,0.0,0.0,0.0,0.0,0.0,0.0,0.0,0.0,0.0,-278.5513358920458,0.0,0.0,0.0,0.0,0.0,647.4555592158373,1000.0,68.18029366443382,-68.18029366443382,0.0,0.0,0.0,0.0,0.0,0.0,0.0,0.0,-1000.0,0.0,0.0,0.0,0.0,0.0,0.0,0.0,0.0,0.0,0.0,0.0,0.0,0.0,241.8064519417087,-40.89056753508864,963.9446895236279,0.0,0.0,0.0,0.0,0.0,0.0,0.0,0.0,0.0,-8.422428146355005,0.0,0.0,0.0,0.0,0.0,0.0,0.0,0.0,0.0,0.1698093134256169,0.0,0.0,0.0,153.2054436215777,16.84485629271001,404.8134147118356,0.0,-963.9446895236279,0.0,0.0,0.0,0.0,0.0,0.0,0.0,337.1227930257751,0.0,0.0,442.8282853427331,0.0,0.0,442.8282853427331,0.0,0.0,0.0,0.0,263.0819326642161,647.4555592158373,0.0,17.98291176336931,0.0,0.0,0.0,750.521419461684,0.0,-750.521419461684,0.0,1000.0,0.0,0.0,-955.8453309892366,0.0,0.0,0.0,-8.422428146355005,-0.007910371743417584,0.0,0.0,0.0,0.0,0.005273581162278389,0.0,0.0,0.0,276.79945222993666,-846.7866460066789,0.0,-210.82737601525218,-460.81524035406756,20.298752892034827,922.6367905811392,0.0,384.5566859597078,0.0,-15.546008851304054,0.0,0.0,0.0,183.09025102776965,-567.6469369874775,0.0,-1000.0,-1000.0,0.0,0.0,0.0,0.0,0.0,0.0,0.0,0.0,0.0,0.0,0.0,0.0,0.0,0.0,0.0,0.0,0.0,-992.9444840909076,0.0,-1000.0,0.0,0.0,0.0,924.5480458598578,0.0,0.0,-0.5758750629209999,0.0,0.0,0.0,0.0,727.8491052437907,-1000.0,-921.8750000000001,0.0,-43.53110407212309,576.7347956596475,1000.0,378.8799586445923,-190.64518340084965,0.0,921.8750000000001,-826.4622546099382,1000.0,43.39926454306613,-379.1436377027062,-1000.0,0.0,-1000.0,444.98702586813386,996.572172244519,1.582074348683517,0.0,0.0,0.0,0.0,0.0,30.466493800523168,0.0,-241.8064519417087,241.8064519417087,241.8064519417087,-277.05774244637905,0.0,0.0,-316.7281628580553,0.0,0.0,0.0,0.0,0.0,-16.84485629271001,0.0,0.0,78.94528376754432,0.0,0.0,0.0,0.0,-42.47264188377216,0.010547162324560301,0.0,0.0,0.0,0.0,0.0,0.0,0.0,0.0,0.0,0.0,0.0,0.0,0.0,0.0,0.0,0.0,0.0,0.0,0.0,0.005800939278458372,0.005800939278458372,0.0,336.751735709253,0.0,3.164148697367034,0.0,221.83720862101794,0.0,-395.15555316668554,0.0,0.0,0.0,0.0,0.0,-349.13864496093447,395.15555316668554,0.0,0.0,0.0,0.0,0.0,78.94528376754432,0.0,0.0,0.0,0.0,0.0,0.0,0.0,76.16763825363167,-276.79945222993666,0.0,0.0,0.4060657494954357,0.0,615.4644781920247,-8.345226376393612,-8.345226376393612,0.0,-504.3196728848765,0.0,395.94379693114377,-787.5550837758503,-15.625000000518696,15.625000000518696,241.8064519417087,0.0,0.0,0.0,0.0,0.0,0.0,0.0,0.0,0.0,0.0,0.0,0.0,0.0,3.164148697367034,0.0,0.0,0.0,0.0,0.0,0.0,0.0,0.0,0.0,0.0,0.0,0.0,0.0527358116227839,0.0,0.0,0.0,0.0,0.0,1000.0,0.0,0.0,1.582074348683517,0.0,0.0,0.0,0.0,0.0,0.0,0.0,0.0,0.0,0.0,303.91555452667865,741.3897448965284,0.0,1.582074348683517,1.582074348683517,933.3509070300223,395.15555316668554,0.0,78.94528376754432,0.0,0.0,0.0,0.0,0.0,453.7911645643509,0.0,800.0008569629282,0.005273581162278389,0.0,0.0,0.0,0.4252766523008787,384.54903506522743,0.0,-607.1192518156311,0.0,0.0,0.0,0.0,0.0,0.0,11.937002147995543,0.0,0.0,0.0,0.0,0.0,0.0,0.0,0.005273581162278389,0.0,0.0,0.0,0.0,0.0,0.0,0.0,0.0,0.0,-1000.0,999.4241249370791,0.0,0.0,-7.055515909092378,-0.39551858717087923,-0.2636790581139197,0.0,0.0,-15.624999999999988,-15.624999999999988,15.624999999999988,0.0,0.0,0.0,0.0,0.0,0.0,0.0,0.0,20.298752892034827,0.0,0.0,-3.164148697367034,0.0,0.0,0.0,30.46122021936089,0.0,0.0,0.005273581162278389,0.0,0.005273581162278389,35.81100644398663,0.0,0.0,3.164148697367034,6.433769017979635,6.433769017979635,0.0,0.0,0.0,0.0,0.0,0.0,0.0,0.0,0.0,0.0,0.0,0.0,0.0,183.5443063658418,0.0,0.0,0.0,0.0,0.0,0.0,0.0,0.0,0.0,0.0,0.0,0.0,0.0,0.0,0.0,0.0,0.0,0.007910371743417584,0.0,0.0,0.0,-1.582074348683517,0.0,0.0,0.0,0.0,0.0,-336.751735709253,0.26367905811391945,0.0,0.0,0.0,0.0,0.0,-78.33423529153907,0.0,0.0,0.0,0.0,0.0,0.0,0.0,0.0,0.0,0.0,0.0,-875.7494168092487,94.94528376754432,0.0,-65.98989532469288,369.00302621392336,0.0,921.08988964554,0.0,-921.08988964554,0.0,-6.433769017979635,221.83720862101794,0.2636790581139197,794.7644277495325,0.0,0.0,0.0,-16.84485629271001,0.0,0.0,0.0,0.0,0.0,0.0,0.0,0.0,0.0,121.18571237334557,-121.97674954768729,6.433769017979635,0.0,0.0,0.0,0.0,0.0,0.0,0.0,0.0,0.0,0.1698093134256169,0.0,0.0,215.96154192307833,-0.4252766523008787,6.943849007740218,0.0,1.582074348683517,0.0,0.0,0.0,0.0,-79.3073633568463,0.0,0.0,0.005800939278458372,0.0,0.0,0.0,3.2168845089898177,0.0,0.0,0.0,0.0,-40.89056753508864,0.0,282.2708946124707,0.0,0.0,0.0,0.0,0.0,0.0,-1000.0,0.0,0.0005273581162278389,0.0005273581162278389,0.0,0.0,0.0,0.0,0.0,35.81100644398663,0.0,0.0,0.0,0.0,0.0,0.0,0.0,0.0,0.0,336.751735709253,0.0,0.0,0.0,0.0,0.0,0.0,0.0,647.4555592158373,0.0,0.0,0.0,0.0,-815.9518024909571,0.0,253.62832423640128,0.0,0.0,0.0,3.164148697367034,0.0,0.0,0.0,0.0,0.0,0.0,-3.164148697367034,0.0,0.0,0.0,0.0,0.0,0.0,0.0,0.0,0.0,0.0,0.0,0.0,-1000.0,-1000.0,187.15670946200248,0.0,-1.582074348683517,0.0,7.0344215844434075,0.0,0.0,0.0,0.0,0.0,0.0,0.0,0.0,0.0,0.0,0.0,0.0,0.0,0.0,0.0,0.0,221.83720862101794,-0.659197645284799,0.0,-728.2446238309616,305.1255373263583,0.0,0.0,0.0,0.0,0.0,-0.06591976452847989,0.0,16.84485629271001,0.0,0.0,0.0,0.0,0.0,0.0,0.0,800.0008569629282,1.582074348683517,1.582074348683517,0.0,0.0,0.0,0.0,0.0,0.005800939278458372,336.751735709253,0.0,0.0,-42.84542802842998,0.0,0.0,0.0,0.0,0.0,0.0,0.0,0.0,0.0,0.0,0.0,0.0,0.0,0.0,17.905503221993314,0.0,0.0,1.6348101603063008,0.0,5.53726022039231,0.4060657494954357,0.0,0.0,0.0,0.0,0.0,336.751735709253,0.0,78.07055623342515,0.0,0.0,0.0,-0.659197645284799,0.0,0.0,0.0,0.0,0.0,0.0,0.0,0.0,0.0,0.0,0.0,0.0,0.0,0.0,0.0,0.0,0.0,0.0,-0.005273581162278389,0.0,0.0,0.26367905811391945,349.13864496093447,0.0,0.0,0.0,0.0,0.0,0.0,0.0,0.0,-183.09025102776965,0.13183952905695978,0.0,0.0,0.0,0.005273581162278389,0.0,5.273581162278389,0.0,1.0547162324556778,0.03766843687341707,17.98291176336931,-0.003955185871708792,826.4622546099382,0.10547162324556779,35.78463853817532,-17.98291176336931,1.5820743486835167,-0.005273581162278389,5.1820029504346845,78.94528376754432,0.0013183952905695972,0.03766843687341707,-15.546008851304054,-0.8395541210348938,-0.10547162324556779,315.25188595949476,-0.005273581162278389,0.0013183952905695972,-17.98291176336931,216.24657477607076,0.005273581162278389,0.005273581162278389,-336.7406611888123,0.005800939278506228,-26.71806918617385,-0.003955185871708792,1.582074348683517,0.005273581162278389,1.582074348683517,-2.636790581139195,-0.0026367905811391945,-27.882783916769636,-0.5326316973901173,-0.003955185871708792,-0.005273581162278389,0.0,0.005273581162278389,0.5273581162278389,-0.10547162324556779,0.0,0.0,-0.5273581162278447,-315.25188595949476,0.0,1.0547162324556778,0.007910371743417584,-658.8058473529278,0.5273581162278389,-76.16763825363167,78.94528376754432,-1.0547162324556778,0.0026367905811391945,0.0527358116227839,52.706844003813046,96.0,-0.005273581162278389,-337.93829147076565,336.7406611888123,1.6348101603063008,0.005273581162278389,0.8395541210348938,-143.10223028703246,78.94528376754432,-0.005273581162278389,-0.0013183952905695972,-78.94528376754432,-0.005273581162278389,-324.7435364962429,0.005273581162278389,-0.0013183952905695972,-0.0013183952905695972,-0.0013183952905695972,2.1094324649113556,2.636790581139195,0.0527358116227839,3.907064443603929,-0.0013183952905695972,100.23168505719141,0.26367905811391945,21.5,0.005273581162278389,0.0026367905811391945,0.0026367905811391945,40.0,0.0,0.005273581162278389,0.0,0.0527358116227839,0.005273581162278389,-3.907064443603929,0.005273581162278389,0.02109432464897054,-35.78463853817532,0.0026367905811391945,0.0013183952905695972,1.582074348683517,-0.005273581162278389,26.71806918617385,0.052735811622783894,-7.814128887207858,826.3304150808813,-0.5273581162278389,1.0547162324556778,0.26367905811391945,-0.005273581162278389,15.546008851304054,0.007910371743417584,-0.005273581162278389,-80.0,0.0,155.4416320382975,0.0026367905811391945,-43.0,-0.005273581162278389,-0.005273581162278389,-0.005273581162278389,0.0026367905811391945,17.98291176336931,-1.0547162324556778,0.005273581162278389,105.41368800762609,-0.0013183952905695972,-0.005800939278506228,-105.41368800762609,0.7910371743417584,0.5326316973901173,128.1361691572961,17.98291176336931,-0.003955185871708792,337.93829147076565,-96.0,0.005273581162278389,-0.0013183952905695974,0.2636790581139197,5.273581162278389,-0.0026367905811391945,-0.005273581162278389,0.0013183952905695972,952.8733911345307,0.0,-341.19678943765336,0.0,-46.0,0.0,281.351655204811,-31.0,215.7192166598429,116.70761276937766,-93.0,64.9351790922372,-1000.0,-58.35380638468883,23.0,46.5,-215.7192166598429,15.5,-336.751735709253,-76.13426868145122,1000.0,-64.9351790922372,-76.13426868145122,-281.351655204811,211.9632636878078,0.0,1496.5981,hclb
394,0.0,0.0,0.0,0.0,0.0,0.0,0.0,0.0,-0.00031160417523735874,0.0,0.0,0.0,0.0,0.0,0.0,0.0,-698.446349248857,698.446349248857,0.0,0.0,0.0,0.0,0.0,657.6263106281766,0.0,0.0,0.0,0.0,0.0,732.663596524189,119.55512997092524,-119.55512997092524,15.749245886140958,0.0,0.0,0.0,0.0,578.1994216364627,0.0,-1000.0,962.0696815029013,0.0,-597.5760215806831,-631.7932688560151,0.0,0.0,205.44232283305405,0.0,0.0,0.0,0.0,0.0,0.0,0.0003427645926876721,0.0,0.0,0.0,0.06232083504747175,0.0,0.0,-151.3388150072306,0.0,0.0,-151.3388150072306,1000.0,0.0,0.0,0.0,98.91208106216686,-50.393175171507295,0.0,0.0031160417523735874,0.0,0.0,0.0,0.0,0.0,0.0,0.0,0.0,0.0,0.0,-140.27610155766968,0.0,0.18696250514241525,0.0,111.4596630758896,50.43516383408695,648.0111854147701,472.34026779679255,0.0,0.0,0.0,0.0,0.09348125257120762,0.0,77.76772955941544,0.0,0.0,0.0,0.0,0.015580208761867937,732.663596524189,0.0,0.0,-15.243867661586368,0.0,908.6254513474087,0.0,0.0,0.0,0.0,0.0,0.0,0.0,0.0,0.0,0.0,0.0,0.0,0.0,0.0,0.0,0.0,-242.97944210795202,0.0,0.0,77.76772955941544,0.0,0.09659729432358122,0.09659729432358122,0.0,0.0,0.0,0.0,0.0,0.0,0.0,0.0,0.0,0.0,0.0,0.0,0.0,0.0,251.75975815505257,0.00031160417523735874,7.790104380933969e-05,0.0,0.0,0.0,-526.602711055379,0.0,0.0,140.27610155766968,0.0,318.27212348934023,0.0,0.0,0.0,0.0,0.0,16.415022785344945,16.415022785344945,0.0,0.0,0.0,0.0,0.0,0.0,0.0,135.97046436044542,0.0,0.0,0.0,0.0,0.0,0.0,0.0,0.0,0.0,0.0,0.0,0.0,0.0,0.0,0.0,0.0,0.0,0.0,0.0,-1000.0,0.0,0.0,0.0,0.0,0.0,0.0,597.5760215806831,-648.0111854147701,648.0111854147701,0.0,0.0,0.0,0.0,0.0,0.0,0.0,0.0,0.0,0.0,0.0,0.0,0.0,0.0,0.0,0.0,0.0,0.0,0.0,0.0,0.0,0.0,300.21319909845795,561.4016010323182,-631.7932688560151,0.0,0.0,0.0,0.0,0.0,0.0,0.0,0.0,0.0,-151.3388150072306,0.0,119.55512997092524,0.0,0.0,0.0,0.0,0.0,0.0,0.0,546.4737572975866,0.0,77.67424830684423,0.0,-319.69757604785605,378.74877320100114,0.0,0.0,631.7932688560151,0.0,0.0,0.0,0.0,0.0,0.0,0.0,-75.68709104055989,0.0,0.0,-409.56880682975645,0.0,0.0,-409.56880682975645,0.0,0.0,0.0,0.0,0.0,0.0,0.0,1.0625702375593846,0.0,0.0,0.0,-608.6264973568464,0.0,608.6264973568464,0.0,7.033174757480197,0.0,0.0,286.8178049708055,0.0,0.0,0.0,-151.3388150072306,-0.0004674062628560381,0.0,0.0,0.0,0.0,0.00031160417523735874,0.0,0.0,0.0,375.7585131429979,-698.446349248857,0.0,-653.2184799332747,642.813755014147,0.0,1000.0,0.0,349.2700039730605,0.0,-15.243867661586368,0.0,0.0,0.0,749.6420770891064,-98.91208106216686,-1000.0,0.0,343.0273895685614,0.0,0.0,0.0,0.0,0.0,0.0,0.0,0.0,0.0,0.0,0.0,0.0,0.0,0.0,0.0,0.0,0.0,0.0,0.0,-578.2006680531637,140.27610155766968,0.0,426.9085936722184,0.0,0.0,428.3802727650948,0.0,0.0,0.0,0.0,0.0,0.0,0.0,-640.6250000000001,305.2500097832251,0.0,0.0,0.0,0.0,0.0,249.91151876944878,640.6250000000001,-305.265589991987,-982.6258564849329,-0.007790104380933968,-0.015580208761867937,0.0,0.0,326.00118334656315,1000.0,-164.82088171779424,77.76772955941544,0.0,0.0,0.0,0.0,0.0,0.0,0.0,-300.21319909845795,300.21319909845795,300.21319909845795,19.335997233038142,0.0,0.0,0.0,0.0,0.0,0.0,0.0,0.0,-79.75830386268203,0.0,46.87499999999831,39.83741106231668,0.0,0.0,0.0,0.0,-42.968839582476264,0.0006232083508166397,0.0,0.0,0.0,0.0,0.0,0.0,0.0,0.0,0.0,48.51890589065957,0.0,0.0,0.0,0.0,0.0,0.0,0.0,0.0,0.0,0.0003427645926876721,0.0003427645926876721,119.55512997092524,396.1508782634105,0.0,0.18696250514241525,0.0,0.0,0.0,0.0,0.0,0.0,111.4596630758896,0.0,0.0,325.36715614283395,0.0,0.0,0.0,302.0616726323919,0.0,0.0,39.83741106231668,0.0,0.0,0.0,0.0,0.0,0.0,0.0,80.99314736931734,-375.7585131429979,526.602711055379,0.0,111.48365659738288,0.0,776.5485240578367,-776.5485240578367,-776.5485240578367,0.0,325.36715614283395,0.0,282.39831656035767,0.0,296.8749999997834,-296.8749999997834,300.21319909845795,0.0,0.0,0.0,0.0,0.0,0.0,0.0,0.0,0.0,0.0,0.0,0.0,0.0,0.18696250514241525,0.0,0.0,0.0,0.0,0.0,0.0,0.0,0.0,0.0,0.0,0.0,0.0,0.0031160417523735874,0.0,119.55512997092524,111.4596630758896,-111.4596630758896,119.55512997092524,597.5760215806831,0.0,0.0,77.76772955941544,-302.0616726323919,0.0,0.0,0.0,0.0,0.0,0.0,0.0,0.0,0.0,0.0,-176.09073285482543,0.0,0.09348125257120762,0.09348125257120762,591.5014396984269,0.0,0.0,39.83741106231668,0.0,0.0,0.0,0.0,0.0,267.33640347581104,0.0,343.0273895685614,0.00031160417523735874,0.0,0.0,-240.94545327479636,240.97058192578515,0.0,0.0,0.0,0.0,0.0,0.0,0.0,0.0,0.0,0.0,0.0,0.0,0.0,0.0,0.0,0.0,0.0,0.00031160417523735874,0.0,0.0,0.0,-428.0932812767396,428.0932812767396,0.0,0.0,0.0,0.0,0.0,426.9085936722184,0.0,0.0,-578.2006680531637,-0.023370313142801906,-0.015580208761867937,0.0,0.0,421.875,421.875,-421.875,0.0,0.0,0.0,0.0,0.0,0.0,0.0,0.0,0.0,0.0,0.0,161.1958818375308,0.0,0.0,0.0,-0.00031160417523735874,0.0,0.0,0.00031160417523735874,0.0,0.00031160417523735874,0.0,0.0,0.0,0.18696250514241525,0.3801570937895776,0.3801570937895776,0.0,0.0,0.0,0.0,0.0,0.0,0.0,526.602711055379,0.0,0.0,0.0,0.0,0.0,749.6689062085942,0.0,0.0,0.0,0.0,0.0,0.0,0.0,0.0,0.0,0.0,0.0,0.0,0.0,0.0,0.0,0.0,0.0,0.0004674062628560381,0.0,0.0,0.0,-77.76772955941544,0.0,0.0,0.0,0.0,0.0,-396.1508782634105,0.015580208761867937,0.0,0.0,0.0,0.0,0.0,0.0,0.0,0.0,46.87499999999831,0.0,0.0,0.0,0.0,0.0,0.0,0.0,302.0616726323919,-16.698191821583492,95.93767916495253,0.0,591.5403902203316,-15.243867661586368,0.0,0.0,0.0,0.0,140.27610155766968,-0.3801570937895776,0.0,0.015580208761867937,1000.0,0.0,112.86393845201366,-119.55512997092524,-302.6776300144612,-765.6249999999956,765.6249999999956,0.0,0.0,0.0,-678.678385481714,0.0,0.0,0.0,250.30772347826323,-250.35446410454858,0.3801570937895776,0.0,119.55512997092524,119.55512997092524,0.0,0.0,0.0,0.0,0.0,0.0,546.4737572975866,0.0,0.0,145.86652509829005,-48.54403454164836,158.05971486652214,-597.5760215806831,0.09348125257120762,111.4596630758896,0.0,0.0,0.0,78.98425524423914,0.0,0.0,0.0003427645926876721,0.0,0.0,0.0,0.19007854689478884,0.0,0.0,0.0,0.0,561.4016010323182,0.0,0.0,0.0,0.0,0.0,0.0,0.0,0.0,0.0,0.0,3.116041752373663e-05,3.116041752373663e-05,0.0,0.0,0.0,0.0,0.0,0.0,0.0,0.0,0.0,-240.94545327479636,119.55512997092524,0.0,0.0,0.0,0.0,396.1508782634105,0.0,0.0,0.0,0.0,0.0,0.0,0.0,0.0,0.0,0.0,0.0,222.9193261517792,0.0,-799.3166769170309,698.446349248857,0.0,0.0,0.0,0.18696250514241525,0.0,0.0,0.0,0.0,0.0,0.0,-0.18696250514241525,0.0,222.9193261517792,0.0,0.0,0.0,0.0,0.0,0.0,0.0,119.55512997092524,119.55512997092524,0.0,1000.0,1000.0,749.8823550686316,0.0,-77.76772955941544,0.0,578.1994216364627,0.0,0.0,0.0,0.0,0.0,0.0,0.0,0.0,0.0,0.0,0.0,0.0,0.0,0.0,0.0,0.0,0.0,-0.03895052190466984,0.0,-0.023370313142801906,1000.0,0.0,0.0,0.0,0.0,0.0,0.0,-0.003895052190466985,220.03440542035173,0.0,0.0,0.0,0.0,0.0,0.0,0.0,1000.0,0.09348125257120762,0.09348125257120762,0.0,0.0,0.0,0.0,0.0,0.0003427645926876721,396.1508782634105,0.0,0.0,-578.1994216364627,0.0,0.0,0.0,0.0,0.0,0.0,0.0,0.0,0.0,0.0,0.0,0.0,0.0,0.0,0.0,0.0,0.0,0.09659729432358122,0.0,0.32718438399922667,111.48365659738288,0.0,0.0,0.0,0.0,0.0,396.1508782634105,0.0,426.8930134634565,0.0,0.0,0.0,-0.03895052190466984,0.0,0.0,0.0,0.0,0.0,0.0,0.0,0.0,0.0,0.0,0.0,0.0,0.0,0.0,0.0,0.0,0.0,0.0,-0.00031160417523735874,0.0,0.0,0.015580208761867937,-325.36715614283395,0.0,0.0,0.0,0.0,0.0,0.0,0.0,0.0,-749.6420770891064,0.007790104380933968,0.0,0.0,0.0,0.00031160417523735874,0.0,0.3116041752373587,0.0,0.06232083504747175,0.0022257441088382765,1.0625702375593935,-0.00023370313142801906,0.01558020876191401,0.006232083504747175,-0.0015580208761321046,-1.0625702375593935,0.09348125257120762,-0.00031160417523735874,5.081289220528789,39.83741106231668,7.790104380933969e-05,0.0022257441088382765,-15.243867661586368,-111.50927046058791,119.5488978874205,0.0,-0.00031160417523735874,7.790104380933969e-05,-1.0625702375593935,131.4433875399563,0.00031160417523735874,0.00031160417523735874,-396.1502238946426,-111.45932031129684,-28.2303501454445,-0.00023370313142801906,0.09348125257120762,0.00031160417523735874,77.76772955941544,77.51844621922555,-0.00015580208761867937,-259.554038020723,-0.03147202169897323,-0.00023370313142801906,-0.00031160417523735874,0.0,0.00031160417523735874,0.031160417523735873,-0.006232083504747175,0.0,0.0,-0.031160417523722117,0.0,0.0,0.06232083504747175,0.0004674062628560381,0.0,0.031160417523735873,-80.99314736931734,39.83741106231668,-0.06232083504747175,0.00015580208761867937,0.0031160417523735874,163.30461998331867,96.0,-0.00031160417523735874,-396.2209892028386,396.1502238946426,0.09659729432358122,0.00031160417523735874,111.50927046058791,-169.62298937724495,39.83741106231668,-0.00031160417523735874,-7.790104380933969e-05,-39.83741106231668,-0.00031160417523735874,-42.968839582476264,0.00031160417523869643,-7.790104380933969e-05,-7.790104380933969e-05,-7.790104380933969e-05,0.1246416700949435,-77.51844621922555,0.0031160417523735874,47.026373338092554,-7.790104380933969e-05,321.52795074610856,0.015580208761867937,21.5,0.00031160417523735874,0.00015580208761867937,0.00015580208761867937,19.949865948682078,0.0,0.00031160417523735874,0.0,0.0031160417523735874,0.00031160417523735874,-140.6174005276213,0.00031160417523735874,0.0012464167009511584,0.0015580208761321046,0.00015580208761867937,7.790104380933969e-05,0.09348125257120762,-0.00031160417523735874,28.2303501454445,-59.77444894371025,-94.05274667618511,0.007790104380887897,-0.031160417523735873,0.06232083504747175,0.015580208761867937,-0.00031160417523735874,15.243867661586368,0.0004674062628560381,-0.00031160417523735874,-39.899731897364155,0.0,340.7719982584969,0.00015580208761867937,-43.0,-0.00031160417523735874,-0.00031160417523869643,-0.00031160417523735874,0.00015580208761867937,1.0625702375593935,-0.06232083504747175,0.00031160417523735874,326.60923996663735,-7.790104380933969e-05,111.45932031129684,-326.60923996663735,0.046740626285603805,0.03147202169897323,-259.8482237144077,1.0625702375593935,-0.00023370313142801906,396.2209892028386,-96.0,0.00031160417523735874,-7.790104380933969e-05,0.015580208761867937,0.3116041752373587,-0.00015580208761867937,-0.00031160417523735874,7.790104380933969e-05,1000.0,0.0,-472.34042359888014,93.59102718952875,-46.0,0.0,-108.0,-31.0,131.41222712243257,-32.0,-4.154450406499247,-65.0,-472.34026779679255,16.0,23.0,2.0772252032496237,-131.41222712243257,15.5,-396.1508782634105,-419.75625350273606,472.34026779679255,65.0,-419.75625350273606,108.0,30.795914479860613,0.0,1496.5981,hclb
395,0.0,0.0,0.0,0.0,0.0,0.0,0.0,0.0,-0.008762588649078567,0.0,0.0,0.0,0.0,0.0,0.0,0.0,608.7917009331438,0.0,0.0,-472.1062478822687,0.0,0.0,0.0,490.9506610853807,0.0,0.0,0.0,0.0,0.0,-1000.0,0.0,0.0,16.15760613639418,0.0,0.0,0.0,0.0,410.25042810605527,0.0,-1000.0,1000.0,0.0,0.0,457.33223739815344,0.0,0.0,0.0,351.5989503113464,-608.7917009331438,0.0,0.0,0.0,0.0,0.00963884751399509,0.0,0.0,0.0,0.0,0.0,0.0,-59.95196431659783,0.0,0.0,-59.95196431659783,0.0,0.0,0.0,0.0,0.0,0.0,0.0,0.08762588649078568,0.0,0.0,0.0,0.0,0.0,0.0,0.0,0.0,0.0,0.0,0.0,0.0,5.25755318944714,0.0,0.0,216.58339917144636,-506.15413565516496,-26.196135788293788,-0.0021906471622696417,0.0,0.0,-386.33458944894664,2.62877659472357,0.0,2.62877659472357,-0.28215535449953677,0.0,0.0,0.0,0.4381294324539283,-1000.0,0.0,0.0,-14.648740654461154,0.0,0.0,0.0,0.0,0.0,0.0,0.0,0.0,0.0,0.0,0.0,0.0,0.0,0.0,0.0,0.0,0.0,0.0,-309.08457982960755,0.0,0.0,2.62877659472357,0.0,2.7164024812143555,0.0,0.0,0.0,0.0,0.0,0.0,-239.29511022135932,-265.6250000001026,265.6250000001026,239.29511022135932,0.0,0.0,0.0,0.0,0.0,0.6747193259790493,0.008762588649078567,0.0,0.0,0.0,-482.0470139700219,0.0,0.0,0.0,57.60579051142562,0.0,-309.3318392746766,0.0,0.0,0.0,0.0,0.0,-193.4989292876829,-193.4989292876829,0.0,0.0,0.0,0.0,0.0,0.0,0.0,-193.4901666990338,0.0,0.0,0.0,-65.79255571866742,0.0,0.0,0.0,0.0,0.0,0.0,0.0,0.0,0.0,0.0,-143.61718673575854,0.0,0.0,0.0,0.0,-1000.0,0.0,0.0,0.0,0.0,0.0,0.0,0.0,814.8767429051218,-814.8767429051218,0.0,0.0,0.0,0.0,0.0,0.0,0.0,0.0,-455.80082734092866,0.0,0.0,0.0,0.0,0.0,0.0,0.0,0.0,0.0,0.0,0.0,0.0,0.0,95.29839910563109,442.5520494296533,1000.0,0.0,0.0,0.0,0.0,84.11497854644307,0.0,0.0,0.0,0.0,-59.95196431659783,542.6677626018466,0.0,0.0,275.94469024427707,0.0,0.0,0.0,0.0,0.0,0.0,353.35146804116215,0.0,0.0,321.03087856028674,-1000.0,422.6684411434244,0.0,-1000.0,0.0,0.0,0.0,37.524039240482004,0.0,0.0,0.0,102.6823537073966,0.0,0.0,-1000.0,0.0,0.0,-1000.0,0.0,0.0,308.7226072499568,0.0,734.9787967845504,0.0,0.0,-59.66735621551396,0.0,0.0,0.0,-1000.0,0.0,1000.0,0.0,0.0,0.0,0.0,0.0,0.0,0.0,0.0,-59.95196431659783,-0.013143882973617849,0.0,0.0,0.0,0.0,0.008762588649078567,0.0,0.0,0.0,913.2562448588333,608.7917009331438,0.0,-9.765827102974102,681.4294388463868,0.0,1000.0,0.0,-768.4031062427516,0.0,-14.648740654461154,0.0,0.0,0.0,15.366095180921533,753.0370110618301,0.0,-683.1439911198078,-1000.0,0.0,0.0,0.0,0.0,0.0,0.0,0.0,0.0,0.0,0.0,0.0,0.0,0.0,0.0,0.0,0.0,275.94469024427707,-856.0257470824101,0.0,-1000.0,0.0,0.0,0.0,553.279073510491,0.0,794.7389697745533,-0.6747193259790493,0.0,0.0,0.0,297.8120125292917,0.0,-753.0370110618301,-671.8750000000024,0.0,0.0,0.0,974.8864209317409,0.0,0.0,-325.73139220888316,671.8750000000024,-277.07766618769944,951.7238941759085,-0.21906471622696416,-0.4381294324539283,0.0,0.0,-567.2456181285844,88.02480245750178,561.5499355066833,2.62877659472357,-265.62500000126835,265.62500000126835,0.0,0.0,0.0,0.0,0.0,-95.29839910563109,95.29839910563109,95.29839910563109,105.89622292464544,0.0,0.0,-193.50769187633196,0.0,0.0,0.0,0.0,0.0,-119.90392863319565,0.0,0.0,2.62877659472357,0.0,0.0,0.0,0.0,-42.123741135092146,0.017525177298068684,0.0,0.0,0.0,0.0,0.0,0.0,0.0,0.0,0.0,0.0,0.0,0.0,0.0,0.0,0.0,0.0,0.0,0.0,0.0,0.00963884751399509,0.00963884751399509,0.0,189.54588137581538,0.0,5.25755318944714,0.0,0.0,0.0,1000.0,0.0,0.0,0.0,0.0,0.0,445.96646281017223,-1000.0,0.0,0.0,0.0,0.0,0.0,2.62877659472357,0.0,0.0,0.0,0.0,0.0,0.0,0.0,103.02819327653584,-913.2562448588333,482.0470139700219,0.0,0.6747193259790493,0.0,0.0,-386.33458944894664,-470.4495679953898,0.0,-708.0488478764273,0.0,0.0,403.8427216750801,-859.3750000001621,859.3750000001621,95.29839910563109,0.0,0.0,0.0,0.0,0.0,0.0,0.0,0.0,0.0,0.0,0.0,0.0,0.0,5.25755318944714,0.0,0.0,0.0,0.0,0.0,0.0,0.0,0.0,0.0,0.0,0.0,0.0,0.08762588649078568,0.0,0.0,0.0,0.0,0.0,0.0,0.0,0.0,2.62877659472357,0.0,0.0,0.0,0.0,0.0,0.0,0.0,0.0,0.0,0.0,882.7199524092309,0.0,0.0,2.62877659472357,2.62877659472357,1000.0,-1000.0,0.0,2.62877659472357,0.0,0.0,0.0,0.0,0.0,683.1439911198078,0.0,846.8823953135861,0.008762588649078567,0.0,0.0,0.0,11.572250109486687,0.0,0.0,386.33458944894664,0.0,0.0,0.0,0.0,0.0,0.0,88.77040851435385,0.0,0.0,0.0,0.0,0.0,0.0,0.0,0.008762588649078567,0.0,0.0,0.0,0.0,0.0,0.0,0.0,0.0,0.0,-0.6747193259790493,0.0,-57.60579051142562,0.0,-143.97425291758992,-0.6571941486808925,0.0,-0.4381294324539287,0.0,0.0,0.0,0.0,0.0,0.0,0.0,0.0,0.0,0.0,0.0,0.0,0.0,0.0,0.0,-5.25755318944714,0.0,0.0,0.0,-0.008762588649078567,0.0,0.0,0.008762588649078567,0.0,0.008762588649078567,266.31122554306154,0.0,0.0,5.25755318944714,10.690358151875852,10.690358151875852,0.0,0.0,0.0,0.0,0.0,0.0,0.0,482.0470139700219,0.0,0.0,0.0,0.0,0.0,16.120554063607205,0.0,0.0,0.0,0.0,0.0,0.0,0.0,0.0,0.0,0.0,0.0,0.0,0.0,84.11497854644307,0.0,0.0,0.0,0.013143882973617849,0.0,0.0,0.0,-2.62877659472357,0.0,0.0,0.0,0.0,0.0,-189.54588137581538,0.4381294324539283,0.0,0.0,0.0,0.0,0.0,0.0,-0.4381294324539287,0.0,0.0,0.0,0.0,0.0,0.0,0.0,0.0,0.0,0.0,0.0,94.24748227018429,0.0,545.2944962402062,-14.648740654461154,0.0,0.0,0.0,0.0,57.60579051142562,26.833681088606152,0.0,0.4381294324539287,1000.0,0.0,0.0,0.0,-119.90392863319565,0.0,0.0,0.0,0.0,0.0,0.0,0.0,0.0,0.0,142.30279843839674,0.0,10.690358151875852,0.0,0.0,0.0,0.0,0.0,0.0,0.0,0.0,0.0,0.0,0.0,0.0,191.5174638218581,-11.572250109486687,124.04545585803801,0.0,2.62877659472357,0.0,0.0,0.0,0.0,-279.16952368821603,0.0,0.0,0.00963884751399509,0.0,0.0,0.0,5.345179075937926,0.0,0.0,0.0,0.0,442.5520494296533,0.0,0.0,0.0,0.0,0.0,0.0,0.0,0.0,-801.2337504575114,0.0,0.0008762588649078567,0.0008762588649078567,0.0,0.0,0.0,0.0,0.0,266.31122554306154,0.0,0.0,0.0,0.0,0.0,0.0,0.0,0.0,0.0,189.54588137581538,0.0,0.0,0.0,0.0,0.0,0.0,0.0,0.0,0.0,0.0,0.0,0.0,0.0,871.6642498354255,0.0,0.0,0.0,0.0,5.25755318944714,0.0,0.0,0.0,0.0,0.0,0.0,-5.25755318944714,0.0,0.0,0.0,0.0,0.0,0.0,0.0,0.0,0.0,0.0,0.0,0.0,-1000.0,-1000.0,22.122927288226023,-384.95733280928533,382.3285562145618,0.0,143.93920256299373,0.0,0.0,0.0,0.0,0.0,0.0,0.0,0.0,0.0,0.0,0.0,0.0,0.0,0.0,0.0,0.0,0.0,-1.0953235811348212,0.0,-0.6571941486808925,15.463359914926315,0.0,0.0,0.0,0.0,0.0,0.0,-0.1095323581134821,177.50971914462127,0.0,0.0,0.0,0.0,0.0,0.0,0.0,846.8823953135861,2.62877659472357,2.62877659472357,0.0,0.0,0.0,0.0,0.0,0.00963884751399509,189.54588137581538,0.0,0.0,-410.25042810605527,0.0,0.0,0.0,0.0,0.0,0.0,0.0,0.0,0.0,0.0,0.0,0.0,0.0,0.0,133.15561277153077,0.0,0.0,0.0,0.0,9.200718081532496,0.6747193259790493,0.0,0.0,0.0,0.0,0.0,189.54588137581538,0.0,-0.28215535449953677,0.0,0.0,0.0,-1.0953235811348212,0.0,0.0,0.0,0.0,0.0,0.0,0.0,0.0,0.0,0.0,0.0,0.0,0.0,0.0,0.0,0.0,0.0,0.0,-0.008762588649078567,0.0,0.0,0.4381294324539283,-445.96646281017223,0.0,0.0,0.0,0.0,0.0,0.0,0.0,0.0,-15.366095180921533,0.21906471622696416,0.0,0.0,0.0,0.008762588649078567,0.0,8.762588649078566,-2.7164024812143555,1.7525177298157135,0.06258991892198976,24.4476223309292,-0.006571941486808924,277.07766618769944,0.17525177298157135,266.2674125998163,-24.4476223309292,2.62877659472357,-0.008762588649078567,4.882913551487051,2.62877659472357,0.0021906471622696417,0.06258991892198976,-14.648740654461154,-1.3950041129325148,-0.17525177298157135,-136.68545305087514,-0.008762588649078501,0.0021906471622696417,-24.4476223309292,0.8762588649078566,0.008762588649078567,0.008762588649078567,-189.5274799396523,0.009638847513986424,-28.98386596256405,-0.006571941486808924,2.62877659472357,0.008762588649078567,2.62877659472357,-4.381294324539283,-0.0043812943245392835,367.613186546163,-85.0,-0.006571941486808924,-0.008762588649078567,-2.7164024812143555,0.008762588649078567,0.876258864907868,-0.17525177298157135,84.11497854644307,84.11497854644307,-0.8762588649078566,136.68545305087514,-84.11497854644307,1.7525177298157133,0.013143882973617849,-1000.0,0.8762588649078566,-103.02819327653584,2.62877659472357,-1.7525177298157133,0.0043812943245392835,0.08762588649078568,2.4414567757435255,96.0,-0.008762588649078567,-191.5174638218581,189.5274799396523,2.7164024812143555,0.008762588649078567,1.3950041129325148,-7.886329784170755,2.62877659472357,-0.008762588649078567,-0.0021906471622696417,-2.62877659472357,-0.008762588649078567,-42.123741135092146,0.008762588649078567,-0.0021906471622696417,-0.0021906471622696417,-0.0021906471622696417,3.5050354596314266,4.381294324539283,0.08762588649078568,137.2677542161798,-0.0021906471622696417,0.0,0.4381294324539283,21.5,0.008762588649078567,0.0043812943245392835,0.0043812943245392835,2.1906471622696415,2.7164024812143555,0.008762588649078567,-2.7164024812143555,0.08762588649078568,0.00876258864907857,-398.8192969177695,0.008762588649078567,0.03505035459619421,-266.2674125998163,0.0043812943245392835,0.0021906471622696417,2.62877659472357,-0.008762588649078567,28.98386596256405,0.08762588649078568,-274.5355084323596,276.85860147147247,-0.876258864907868,1.7525177298157133,0.4381294324539283,-0.008762588649078567,14.648740654461154,0.013143882973617849,-0.00876258864907857,-4.381294324539283,2.7164024812143555,250.8843176674991,0.0043812943245392835,-43.0,-0.008762588649078567,-0.008762588649078567,-0.00876258864907857,0.0043812943245392835,24.4476223309292,-1.7525177298157133,0.008762588649078567,4.882913551487051,-0.0021906471622696417,-0.009638847513986424,-4.882913551487051,1.3143882973617849,85.0,549.2813285327323,24.4476223309292,-0.006571941486808924,191.5174638218581,-96.0,0.008762588649078501,-0.002190647162269639,298.2501419617456,8.762588649078566,-0.0043812943245392835,-0.008762588649078567,0.0021906471622696417,614.8463015308262,0.0,717.4691472440124,261.5515427015897,-46.0,0.0,287.6316895676536,-31.0,0.0,-32.0,-93.0,-65.0,-282.526471461663,16.0,23.0,46.5,0.0,15.5,-189.54588137581538,28.28520602071694,282.526471461663,65.0,28.28520602071694,-287.6316895676536,147.32088024345825,0.0,1496.5981,hclb
396,0.0,0.0,0.0,0.0,0.0,0.0,0.0,0.0,-0.07841754229700057,0.0,0.0,0.0,0.0,0.0,0.0,0.0,0.0,0.0,0.0,-302.7357158842996,0.0,0.0,0.0,1000.0,0.0,0.0,0.0,0.0,0.0,459.03981525864367,0.0,0.0,18.49509747769769,0.0,0.0,0.0,0.0,988.7915192876817,0.0,-1000.0,1000.0,0.0,0.0,0.0,0.0,0.0,0.0,0.0,-459.03981525864367,-321.5117335003254,0.0,0.0,0.0,0.08625929652663888,0.0,0.0,0.0,0.0,0.0,0.0,-6.905971558290919,0.0,0.0,-6.905971558290919,0.0,0.0,0.0,0.0,47.18001457235051,-47.18001457235051,0.0,0.7841754229700058,0.0,0.0,0.0,0.0,0.0,0.0,0.0,0.0,0.0,0.0,0.0,0.0,47.05052537820035,0.0,0.0,-73.21580825497779,-532.2556235136215,1000.0,-0.019604385574250142,0.0,0.0,0.0,23.525262689100174,0.0,23.525262689100174,-2.525044861966478,0.0,0.0,0.0,3.9208771148500285,228.45915552732927,0.0,0.0,-10.771874837538657,0.0,0.0,0.0,0.0,0.0,0.0,0.0,0.0,0.0,0.0,0.0,0.0,0.0,0.0,0.0,0.0,0.0,0.0,-532.7926395372057,0.0,0.0,23.525262689100174,0.0,24.30943811207018,22.908532130027908,0.0,0.0,0.0,0.0,0.0,0.0,0.0,0.0,0.0,0.0,0.0,0.0,0.0,0.0,6.038150756869044,0.07841754229700057,0.0,0.0,0.0,0.0,0.0,0.0,0.0,0.0,0.0,516.7129565996817,0.0,0.0,0.0,0.0,0.0,752.5290881590199,752.5290881590199,0.0,0.0,0.0,578.125,0.0,0.0,0.0,752.6075057013169,0.0,0.0,0.0,0.0,0.0,0.0,0.0,0.0,0.0,0.0,0.0,0.0,0.0,0.0,-1000.0,0.0,0.0,0.0,0.0,-812.0080978708979,0.0,0.0,0.0,0.0,0.0,321.5117335003254,0.0,532.2556235136215,-532.2556235136215,0.0,0.0,0.0,0.0,0.0,0.0,0.0,230.58065973131437,-960.4857012465251,0.0,0.0,0.0,0.0,0.0,0.0,0.0,0.0,0.0,0.0,0.0,0.0,0.0,319.5409546096295,-11.632983081199768,0.0,0.0,0.0,0.0,0.0,77.07982822800294,0.0,0.0,0.0,0.0,-6.905971558290919,0.0,0.0,0.0,0.0,0.0,0.0,0.0,0.0,0.0,0.0,15.683508459400114,0.0,0.0,999.8823736865545,-64.62887334068857,0.0,0.0,0.0,0.0,0.0,0.0,-713.1294791667085,0.0,0.0,0.0,37.56235558000526,0.0,0.0,-313.4692998527287,0.0,0.0,-313.4692998527288,0.0,0.0,0.0,0.0,761.7755311429432,321.5117335003254,0.0,187.52217904068448,0.0,0.0,0.0,-369.9943315715636,0.0,369.9943315715636,0.0,950.7283972528296,0.0,0.0,-725.2090205152132,578.125,0.0,0.0,-6.905971558290919,-0.11762631344550085,0.0,0.0,0.0,0.0,0.07841754229700057,0.0,0.0,0.0,711.4030069537948,0.0,0.0,-1000.0,153.64293191704132,0.0,959.2087711485002,0.0,6.751750391771687,0.0,-10.771874837538657,0.0,0.0,0.0,-6.751750391771687,0.0,0.0,-358.405365732271,-1000.0,0.0,0.0,0.0,0.0,0.0,0.0,0.0,0.0,0.0,0.0,0.0,0.0,0.0,0.0,0.0,0.0,0.0,249.44332063734802,0.0,-739.6618688195238,0.0,0.0,0.0,27.57558680115733,0.0,0.0,-6.038150756869044,0.0,0.0,0.0,0.0,0.0,0.0,-453.1249999999987,-762.685024897877,-1.9604385574250143,-47.18001457235051,0.0,0.0,-151.592181149648,46.00296044673672,453.1249999999987,744.9763543824483,-991.4874044307484,0.0,-3.9208771148500285,0.0,0.0,0.0,0.0,179.60925723826398,23.525262689100174,-171.87500000082068,171.87500000082068,0.0,0.0,0.0,0.0,319.5409546096295,0.0,0.0,0.0,88.08836637813855,0.0,0.0,-198.27772663610665,0.0,0.0,230.58065973131437,0.0,0.0,-13.811943116581839,0.0,0.0,64.31649154059988,0.0,0.0,0.0,0.0,-35.15824577029994,0.15683508459619588,0.0,0.0,0.0,0.0,0.0,0.0,0.0,0.0,0.0,0.0,0.0,0.0,0.0,0.0,0.0,0.0,0.0,0.0,0.0,0.08625929652663888,0.08625929652663888,0.0,399.8574461502294,0.0,47.05052537820035,0.0,55.71831036143471,0.0,-405.5418699019239,0.0,900.2740640332975,0.0,0.0,0.0,625.6403089594203,405.5418699019239,0.0,0.0,168.96872734084775,0.0,0.0,64.31649154059988,0.0,0.0,0.0,0.0,0.0,0.0,0.0,177.5975465124019,-711.4030069537948,0.0,0.0,96.9324460560889,0.0,-187.7122252488091,187.7122252488091,110.63239702080615,0.0,625.6403089594203,0.0,0.0,590.4820631891204,0.0,0.0,319.5409546096295,0.0,0.0,0.0,0.0,0.0,0.0,0.0,0.0,0.0,0.0,0.0,0.0,0.0,47.05052537820035,0.0,0.0,0.0,0.0,0.0,0.0,0.0,0.0,0.0,0.0,0.0,0.0,0.7841754229700058,0.0,0.0,0.0,0.0,0.0,0.0,0.0,0.0,23.525262689100174,-168.96872734084775,0.0,0.0,90.89429529921986,0.0,0.0,0.0,0.0,0.0,0.0,310.55261860698556,583.8072379471607,0.0,23.525262689100174,23.525262689100174,1000.0,405.5418699019239,0.0,64.31649154059988,0.0,0.0,0.0,0.0,0.0,-870.0537897950584,230.58065973131437,-815.7048523273402,0.07841754229700057,0.0,0.0,0.0,11.927438589120015,0.0,0.0,0.0,0.0,0.0,0.0,0.0,0.0,0.0,0.0,0.0,0.0,0.0,0.0,0.0,0.0,0.0,0.07841754229700057,0.0,0.0,0.0,0.0,0.0,0.0,0.0,0.0,0.0,-793.865412208065,787.8272614511959,0.0,0.0,-989.1051894568718,-5.8813156722750435,-3.9208771148500317,0.0,0.0,0.0,0.0,0.0,0.0,0.0,0.0,0.0,0.0,0.0,0.0,0.0,0.0,0.0,0.0,183.53013435311402,0.0,0.0,0.0,-0.07841754229700057,0.0,0.0,0.07841754229700057,0.0,0.07841754229700057,0.0,0.0,0.0,47.05052537820035,95.6694016023407,95.6694016023407,0.0,0.0,0.0,0.0,0.0,0.0,0.0,0.0,0.0,230.58065973131437,0.0,0.0,0.0,0.0,0.0,0.0,0.0,0.0,0.0,0.0,0.0,0.0,0.0,0.0,0.0,0.0,0.0,77.07982822800294,0.0,0.0,0.0,0.11762631344550085,0.0,0.0,0.0,-23.525262689100174,0.0,0.0,0.0,0.0,0.0,-399.8574461502294,3.9208771148500285,0.0,0.0,0.0,-578.125,0.0,212.17273854880412,0.0,0.0,0.0,0.0,0.0,0.0,0.0,0.0,0.0,0.0,168.96872734084775,881.5965198667433,80.31649154059988,0.0,49.316491540599884,-10.771874837538657,0.0,1000.0,0.0,-1000.0,0.0,-808.7988807690492,55.71831036143471,3.9208771148500317,558.5110205492028,0.0,0.0,0.0,-13.811943116581839,0.0,0.0,0.0,0.0,0.0,0.0,0.0,0.0,0.0,1000.0,-11.762631344550073,95.6694016023407,0.0,0.0,0.0,0.0,0.0,0.0,0.0,0.0,0.0,0.0,0.0,0.0,405.73876182250444,-11.927438589120015,0.0,0.0,23.525262689100174,0.0,0.0,0.0,0.0,296.79496138007244,0.0,0.0,0.08625929652663888,0.0,0.0,0.0,47.83470080117035,0.0,0.0,0.0,0.0,-11.632983081199768,0.0,0.0,0.0,0.0,0.0,0.0,0.0,0.0,0.0,0.0,0.007841754229700057,0.007841754229700057,0.0,0.0,0.0,0.0,0.0,0.0,0.0,0.0,0.0,0.0,0.0,0.0,0.0,0.0,0.0,399.8574461502294,0.0,0.0,0.0,0.0,0.0,0.0,0.0,321.5117335003254,0.0,0.0,0.0,0.0,0.0,0.0,0.0,0.0,0.0,0.0,47.05052537820029,0.0,0.0,0.0,0.0,0.0,-828.5740977570383,781.523572378838,0.0,0.0,0.0,0.0,0.0,0.0,0.0,0.0,0.0,0.0,0.0,0.0,815.7048523273402,-1000.0,53.7160164734454,0.0,-23.525262689100174,0.0,988.7915192876817,0.0,0.0,0.0,0.0,0.0,0.0,0.0,0.0,0.0,695.3125,0.0,-695.3125,-695.3125,0.0,0.0,0.0,55.71831036143471,-9.802192787125076,0.0,-5.8813156722750435,5.881315672275048,0.0,0.0,0.0,0.0,0.0,-977.027936913151,976.0477176344385,13.811943116581839,0.0,0.0,0.0,0.0,0.0,0.0,0.0,1000.0,23.525262689100174,23.525262689100174,0.0,0.0,0.0,0.0,0.0,0.08625929652663888,399.8574461502294,0.0,0.0,-988.7915192876817,0.0,0.0,0.0,0.0,0.0,0.0,0.0,0.0,0.0,0.0,0.0,0.0,0.0,0.0,0.0,0.0,0.0,22.908532130027908,0.0,82.33841941185061,6.038150756869044,0.0,0.0,0.0,0.0,0.0,399.8574461502294,0.0,-218.61866052562064,0.0,0.0,0.0,-9.802192787125076,0.0,0.0,0.0,0.0,0.0,0.0,0.0,0.0,0.0,0.0,0.0,0.0,0.0,0.0,0.0,0.0,0.0,0.0,-0.07841754229700057,0.0,0.0,3.9208771148500285,-625.6403089594203,0.0,0.0,0.0,0.0,0.0,0.0,0.0,0.0,6.751750391771687,1.9604385574250143,0.0,0.0,0.0,0.07841754229700057,0.0,78.41754229700057,-1.4009059820422678,15.683508459400116,0.5601253021214326,264.60200726868743,-0.05881315672275043,17.708670515428707,1.5683508459400115,-0.39208771148711863,-264.60200726868743,23.525262689100174,-0.07841754229700057,3.590624945846219,64.31649154059988,0.019604385574250142,0.5601253021214326,-10.771874837538657,-12.484072733685593,-1.5683508459400115,302.7357158842996,-0.07841754229700051,0.019604385574250142,-264.60200726868743,7.841754229700057,0.07841754229700057,0.07841754229700057,-399.69276931140575,0.08625929652670063,-32.109593572920375,-0.05881315672275043,23.525262689100174,0.07841754229700057,23.525262689100174,-39.20877114850029,-0.039208771148500285,-463.059613351684,-85.0,-0.05881315672275043,-0.07841754229700057,-1.4009059820422678,0.07841754229700057,7.841754229700058,-1.5683508459400115,77.07982822800294,77.07982822800294,-7.841754229700057,-302.7357158842996,-77.07982822800294,15.683508459400114,0.11762631344550085,-688.2638102240581,7.841754229700057,-177.5975465124019,64.31649154059988,-15.683508459400114,0.039208771148500285,0.7841754229700058,250.0,96.0,-0.07841754229700057,-417.5013931670545,399.69276931140575,24.30943811207018,0.07841754229700057,12.484072733685593,-29.784559215800655,64.31649154059988,-0.07841754229700057,-0.019604385574250142,-64.31649154059988,-0.07841754229700057,-35.15824577029994,0.07841754229697971,-0.019604385574250142,-0.019604385574250142,-0.019604385574250142,31.36701691880023,39.20877114850029,0.7841754229700058,58.09759664929504,-0.019604385574250142,496.40937505415377,3.9208771148500285,21.5,0.07841754229700057,0.039208771148500285,0.039208771148500285,40.0,1.4009059820422678,0.07841754229700057,-1.4009059820422678,0.7841754229700058,0.07841754229700057,-58.09759664929504,0.07841754229700057,0.3136701691901749,0.39208771148711863,0.039208771148500285,0.019604385574250142,23.525262689100174,-0.07841754229700057,32.109593572920375,0.7841754229700058,-116.19519329859008,15.748231958003666,-7.841754229700058,15.683508459400114,3.9208771148500285,-0.07841754229700057,10.771874837538657,0.11762631344550085,-0.07841754229700057,-80.0,1.4009059820422678,-129.95421261561034,0.039208771148500285,-43.0,-0.07841754229700057,-0.07841754229697971,-0.07841754229700057,0.039208771148500285,264.60200726868743,-15.683508459400114,0.07841754229700057,500.0,-0.019604385574250142,-0.08625929652670063,-500.0,11.762631344550085,85.0,457.55823401066937,264.60200726868743,-0.05881315672275043,417.5013931670545,-96.0,0.07841754229700051,-0.019604385574250142,3.9208771148500317,78.41754229700057,-0.039208771148500285,-0.07841754229700057,0.019604385574250142,0.0,0.0,-311.77539854709033,0.0,-46.0,0.0,-108.0,-31.0,0.0,-32.0,-93.0,-65.0,-1000.0,16.0,23.0,46.5,0.0,15.5,-399.8574461502294,-166.84074876446212,1000.0,65.0,-166.84074876446212,108.0,-43.0285975069497,0.0,1496.5981,hclb
397,0.0,0.0,0.0,0.0,0.0,0.0,0.0,0.0,397.0861189666565,0.0,0.0,0.0,0.0,0.0,0.0,0.0,-110.84332915104308,637.8606944371105,0.0,-885.0745031784851,0.0,0.0,0.0,387.1998150329635,0.0,0.0,0.0,0.0,0.0,-695.8514748358585,0.0,0.0,180.43724882685194,0.0,0.0,0.0,0.0,989.5209417764044,0.0,-1000.0,1000.0,0.0,-434.6354647259728,372.0593392609288,0.0,0.0,0.0,0.0,0.0,-42.07930776712067,0.0,0.0,0.0,0.08064573726187518,0.0,0.0,0.0,0.0,0.0,0.0,-6.456546601384578,0.0,-814.8302730662413,-821.2868196676259,0.0,0.0,0.0,0.0,0.0,723.915261001974,0.0,0.7331430660164416,0.0,0.0,0.0,0.0,0.0,0.0,0.0,0.0,0.0,0.0,0.0,0.0,43.988583960986496,0.0,0.0,-247.2138087413746,1000.0,0.0,-0.01832857665041104,0.0,0.0,737.7516353801308,21.994291980493248,0.0,21.994291980493248,-2.3607206725718033,0.0,0.0,0.0,473.2647317876528,-1000.0,0.0,0.0,0.0,130.96886837469128,0.0,0.0,0.0,0.0,0.0,0.0,0.0,0.0,0.0,0.0,0.0,0.0,0.0,0.0,0.0,0.0,0.0,-497.343490804246,0.0,0.0,21.994291980493248,0.0,22.727435046509694,0.0,0.0,0.0,0.0,0.0,0.0,0.0,-328.1250000001096,328.1250000001096,0.0,0.0,0.0,0.0,0.0,0.0,5.645201608326602,0.07331430660164416,0.0,0.0,0.0,-130.96886837469128,0.0,0.0,0.0,0.0,0.0,452.8120125161982,0.0,0.0,0.0,0.0,0.0,746.4691172434352,746.4691172434352,0.0,0.0,0.0,609.375,1000.0,0.0,0.0,746.5424315500369,0.0,0.0,0.0,-256.5251448192782,-612.753258905634,0.0,0.0,0.0,0.0,0.0,0.0,0.0,0.0,0.0,-1000.0,0.0,0.0,0.0,0.0,-907.6514452813153,0.0,0.0,0.0,0.0,0.0,42.07930776712067,434.6354647259728,0.0,0.0,0.0,0.0,0.0,0.0,0.0,0.0,0.0,304.14852516414146,-958.8271496455344,0.0,0.0,0.0,0.0,0.0,0.0,0.0,0.0,0.0,0.0,0.0,0.0,0.0,230.18246165640727,-13.674277359342337,372.0593392609288,0.0,0.0,0.0,0.0,77.59525503323394,0.0,0.0,0.0,0.0,-6.456546601384578,0.0,0.0,0.0,0.0,0.0,0.0,0.0,0.0,0.0,0.0,14.662861320328831,0.0,0.0,-110.9533006109454,454.41123466308176,187.42165598459817,0.0,-372.0593392609288,0.0,0.0,0.0,590.65926437334,0.0,0.0,0.0,-138.42346889884584,0.0,0.0,502.3916905553261,0.0,735.1645572044529,-232.77286664912685,735.1645572044529,0.0,1000.0,0.0,0.0,42.07930776712067,0.0,126.95166038535328,0.0,0.0,0.0,-123.9123410106987,0.0,123.9123410106987,0.0,746.3958029368337,0.0,0.0,-336.9571666149914,609.375,0.0,0.0,-6.456546601384578,-0.10997145990246623,0.0,0.0,0.0,0.0,0.07331430660164416,0.0,0.0,0.0,808.0618982675882,-110.84332915104308,0.0,-845.9148135137431,-5.119393270336488,612.753258905634,956.6571533008221,0.0,-51.436573359013266,0.0,0.0,0.0,0.0,0.0,-6.312361798401628,0.0,57.74893515741489,-1000.0,-1000.0,0.0,0.0,0.0,0.0,0.0,0.0,0.0,0.0,0.0,0.0,0.0,0.0,0.0,0.0,0.0,0.0,0.0,-10.185800997188846,0.0,-1000.0,0.0,0.0,0.0,825.6280482243019,43.95182198682312,0.0,-5.645201608326602,0.0,0.0,0.0,0.0,469.5990164575706,0.0,0.0,0.0,-261.74508695930973,0.0,-1000.0,50.32946998571123,0.0,-156.46664899652876,0.0,-763.495296906325,0.0,259.9122292942686,-53.995185315793435,0.0,0.0,980.4094868750468,0.0,0.0,21.994291980493248,0.0,0.0,0.0,0.0,0.0,397.1594332732581,230.18246165640727,0.0,0.0,0.0,-72.72035632307718,0.0,0.0,0.0,0.0,0.0,304.14852516414146,0.0,0.0,-12.913093202769156,0.0,-640.6249999999989,65.33713867967117,0.0,0.0,0.0,0.0,-35.668569339835585,0.1466286132033474,0.0,0.0,0.0,0.0,0.0,0.0,0.0,0.0,0.0,723.915261001974,0.0,0.0,0.0,0.0,0.0,0.0,0.0,0.0,0.0,0.08064573726187518,0.08064573726187518,0.0,311.51960033607844,0.0,43.988583960986496,0.0,189.8782772884125,0.0,1000.0,0.0,1000.0,0.0,0.0,0.0,389.1126213236965,-1000.0,0.0,0.0,0.0,0.0,0.0,65.33713867967117,0.0,0.0,0.0,0.0,0.0,0.0,0.0,165.78116360141533,-808.0618982675882,0.0,112.21604923530654,5.645201608326602,0.0,-262.2483646198692,1000.0,922.4047449667661,0.0,389.1126213236965,0.0,1000.0,-646.5559480161392,0.0,0.0,230.18246165640727,0.0,0.0,0.0,0.0,0.0,0.0,0.0,0.0,0.0,0.0,0.0,0.0,0.0,43.988583960986496,0.0,0.0,0.0,0.0,0.0,0.0,0.0,0.0,0.0,0.0,0.0,0.0,0.7331430660164416,0.0,0.0,0.0,0.0,0.0,434.6354647259728,0.0,0.0,21.994291980493248,0.0,0.0,0.0,0.0,112.21604923530654,0.0,0.0,0.0,0.0,0.0,1000.0,4.037102126793911,0.0,21.994291980493248,21.994291980493248,1000.0,-1000.0,0.0,65.33713867967117,0.0,0.0,0.0,0.0,0.0,1000.0,304.14852516414146,877.2706803343456,0.07331430660164416,0.0,0.0,0.0,96.82201533984279,151.05749500274834,0.0,-737.7516353801308,0.0,0.0,0.0,0.0,0.0,0.0,0.0,0.0,0.0,0.0,0.0,0.0,0.0,0.0,0.07331430660164416,0.0,0.0,0.0,0.0,0.0,0.0,0.0,0.0,0.0,0.0,535.0967013272646,0.0,-530.5561019384023,-1000.0,-5.498572995123368,-3.6657153300822074,0.0,0.0,-453.125,-453.12499999999994,453.125,0.0,0.0,0.0,0.0,0.0,0.0,0.0,0.0,612.753258905634,0.0,0.0,984.075202205129,0.0,0.0,0.0,397.0861189666565,0.0,0.0,0.07331430660164416,0.0,0.07331430660164416,0.0,0.0,0.0,43.988583960986496,89.44345405400588,89.44345405400588,0.0,0.0,0.0,0.0,0.0,0.0,0.0,0.0,0.0,304.14852516414146,0.0,0.0,0.0,0.0,0.0,0.0,0.0,0.0,0.0,0.0,0.0,0.0,0.0,0.0,0.0,0.0,0.0,77.59525503323394,0.0,0.0,0.0,0.10997145990246623,0.0,0.0,0.0,-21.994291980493248,0.0,0.0,0.0,0.0,0.0,-311.51960033607844,3.665715330082208,0.0,0.0,0.0,-609.375,-1000.0,-6.026436002654011,0.0,0.0,-640.6249999999989,0.0,0.0,0.0,0.0,0.0,0.0,0.0,0.0,991.7789857732312,81.33713867967117,0.0,50.33713867967117,151.05749500274834,10.185800997188846,-11.671637610980612,530.5561019384023,-529.0702653246105,0.0,501.215810319334,189.8782772884125,3.6657153300822074,1000.0,0.0,0.0,0.0,-12.913093202769156,0.0,0.0,0.0,0.0,0.0,0.0,0.0,0.0,0.0,989.0028540097533,0.0,89.44345405400588,0.0,0.0,0.0,0.0,0.0,0.0,0.0,0.0,0.0,0.0,0.0,0.0,328.0153193214486,-820.7372763418168,0.0,-434.6354647259728,21.994291980493248,0.0,0.0,0.0,0.0,210.79703246984525,0.0,0.0,0.08064573726187518,0.0,0.0,0.0,44.72172702700294,0.0,0.0,0.0,0.0,-13.674277359342337,0.0,130.96886837469128,0.0,0.0,0.0,0.0,0.0,0.0,0.0,0.0,0.007331430660164617,0.007331430660164617,0.0,0.0,0.0,0.0,0.0,0.0,0.0,0.0,0.0,0.0,0.0,0.0,0.0,0.0,0.0,311.51960033607844,0.0,0.0,0.0,0.0,0.0,0.0,0.0,42.07930776712067,0.0,0.0,0.0,0.0,0.0,-672.1256967545985,637.8606944371105,0.0,0.0,0.0,43.9885839609865,0.0,0.0,0.0,0.0,0.0,17.987728864091167,-61.97631282507766,0.0,0.0,0.0,0.0,0.0,0.0,0.0,0.0,0.0,0.0,0.0,0.0,-877.2706803343456,-1000.0,50.22030002212626,-21.994291980493248,0.0,0.0,989.5209417764044,0.0,0.0,0.0,0.0,0.0,0.0,0.0,0.0,0.0,679.6875,0.0,-679.6875,-679.6875,0.0,0.0,0.0,189.8782772884125,-9.164288325205575,0.0,-475.0975894526939,-5.498572995123326,0.0,0.0,0.0,0.0,0.0,-0.9164288325205517,0.0,12.913093202769156,0.0,0.0,0.0,0.0,0.0,0.0,0.0,1000.0,21.994291980493248,21.994291980493248,0.0,0.0,0.0,0.0,0.0,0.08064573726187518,311.51960033607844,0.0,0.0,-989.5209417764044,0.0,0.0,0.0,0.0,0.0,0.0,0.0,0.0,0.0,0.0,0.0,0.0,0.0,0.0,0.0,0.0,0.0,0.0,0.0,76.98002193172637,5.645201608326602,0.0,0.0,0.0,0.0,0.0,311.51960033607844,0.0,0.0,0.0,0.0,0.0,-9.164288325205575,0.0,0.0,0.0,0.0,0.0,0.0,0.0,0.0,0.0,0.0,0.0,0.0,0.0,0.0,0.0,0.0,0.0,0.0,-0.07331430660164416,0.0,0.0,3.665715330082208,-389.1126213236965,0.0,0.0,0.0,0.0,0.0,0.0,0.0,0.0,6.312361798401628,1.832857665041104,0.0,0.0,0.0,0.07331430660164416,0.0,73.31430660164415,-22.727435046509694,14.662861320328831,0.5236736185831724,204.54691541858725,-0.05498572995123312,651.2792476710185,1.4662861320328833,-0.36657153300847156,-204.54691541858725,21.994291980493248,-0.07331430660164416,0.0,65.33713867967117,0.01832857665041104,0.5236736185831725,0.0,-11.671637610980612,-1.4662861320328833,358.05713789241764,-0.07331430660164416,0.01832857665041104,-204.54691541858725,7.331430660164416,0.07331430660164416,0.07331430660164416,-311.36564029221495,0.08064573726180878,-65.04832316393919,-0.05498572995123312,21.994291980493248,0.07331430660164416,21.994291980493248,-36.65715330082208,-0.03665715330082208,-387.763689352259,-85.0,-0.05498572995123312,-0.07331430660164416,-22.727435046509694,0.07331430660164416,7.331430660164416,-1.4662861320328833,77.59525503323394,77.59525503323394,-7.331430660164416,-358.05713789241764,-77.59525503323394,14.662861320328831,0.10997145990246623,-791.5971099445032,7.331430660164416,-165.78116360141533,65.33713867967117,-14.662861320328831,0.03665715330082208,0.7331430660164416,211.47870337843577,96.0,-0.07331430660164416,-328.0153193214486,311.36564029221495,22.727435046509694,0.07331430660164416,11.671637610980612,-22.64002924230178,65.33713867967117,-0.07331430660164416,-0.01832857665041104,-65.33713867967117,-0.07331430660164416,-166.63743771452687,0.0733143066016737,-0.01832857665041104,-0.01832857665041104,-0.01832857665041104,29.325722640657663,36.65715330082208,0.7331430660164416,54.3167369034922,-0.01832857665041104,422.95740675687153,3.665715330082208,21.5,0.07331430660164416,0.03665715330082208,0.03665715330082208,40.0,22.727435046509694,0.07331430660164416,-22.727435046509694,0.7331430660164416,0.07331430660164416,-54.316736903492256,0.07331430660164416,0.2932572264068334,0.36657153300847156,0.03665715330082208,0.01832857665041104,21.994291980493248,-0.07331430660164416,65.04832316393919,0.7331430660164416,-108.6334738069844,649.4463900059774,-7.331430660164416,14.662861320328831,3.665715330082208,-0.07331430660164416,0.0,0.10997145990246623,-0.07331430660164416,-80.0,22.727435046509694,-57.33153200697609,0.03665715330082208,-43.0,-0.07331430660164416,-0.0733143066016737,-0.07331430660164416,0.03665715330082208,204.54691541858725,-14.662861320328831,0.07331430660164416,422.95740675687153,-0.01832857665041104,-0.08064573726180878,-422.95740675687153,10.997145990246622,85.0,545.1842431107732,204.54691541858725,-0.05498572995123312,328.0153193214486,-96.0,0.07331430660164416,-0.018328576650411037,3.6657153300822074,73.31430660164416,-0.03665715330082208,-0.07331430660164416,0.01832857665041104,0.0,0.0,-208.43954720879753,0.0,-46.0,0.0,-108.0,-31.0,0.0,-32.0,-93.0,-65.0,-1000.0,16.0,23.0,46.5,0.0,15.5,-311.51960033607844,-153.46550046286916,1000.0,65.0,-153.46550046286916,108.0,-46.34570070893132,0.0,1496.5981,hclb
398,0.0,0.0,0.0,0.0,0.0,0.0,0.0,0.0,188.84731978594056,0.0,0.0,0.0,0.0,0.0,0.0,0.0,-8.336813384537948,315.44730762786276,0.0,0.0,0.0,0.0,0.0,85.18526666946465,0.0,0.0,0.0,0.0,0.0,0.0,131.75005811662038,-131.75005811662038,654.7061665633303,0.0,0.0,0.0,0.0,806.6973463008761,0.0,-1000.0,998.6921788345182,0.0,-1000.0,0.0,0.0,0.0,0.0,0.0,-337.9806627977431,-720.6934130834813,0.0,0.0,0.0,0.004795344273418323,0.0,0.0,0.0,0.8718807769878698,0.0,0.0,-87.11337327686815,0.0,979.6446416591231,822.3262408171745,1000.0,0.0,0.0,0.0,0.0,994.242784397954,0.0,0.043594038849393495,0.0,0.0,0.0,0.0,0.0,0.0,0.0,0.0,0.0,0.0,655.0553821290302,0.0,2.6156423309636097,0.0,66.21444492422125,0.0,0.0,661.1357065626142,0.0,0.0,0.0,0.0,1.3078211654818048,0.0,1.3078211654818048,-131.89043092171477,0.0,0.0,655.0553821290302,238.51226767574195,0.0,0.0,0.0,-24.48923892854964,0.0,1000.0,0.0,0.0,0.0,0.0,0.0,0.0,0.0,0.0,0.0,0.0,0.0,0.0,0.0,0.0,0.0,0.0,-335.46607028716187,0.0,0.0,1.3078211654818048,0.0,1.3514152043311984,0.0,0.0,-234.57427249926113,0.0,234.57427249926113,-234.57427249926113,0.0,-109.37500000003652,109.37500000003652,-70.2050275650804,0.0,0.0,0.0,0.0,0.0,-588.5052631056687,0.004359403884939349,0.0010898509712348372,0.0,0.0,-495.2433997509957,0.0,0.0,0.0,0.0,0.0,-70.79164011972382,0.0,0.0,0.0,0.0,0.0,418.0082417940901,418.0082417940901,0.0,0.0,0.0,0.0,0.0,0.0,0.0,549.7626593145955,0.0,0.0,0.0,0.0,0.0,0.0,0.0,0.0,0.0,0.0,0.0,0.0,0.0,0.0,0.0,0.0,0.0,0.0,0.0,-1000.0,0.0,0.0,0.0,0.0,0.0,720.6934130834813,1000.0,-586.2921134032463,586.2921134032463,70.2050275650804,0.0,0.0,0.0,0.0,0.0,0.0,0.0,-604.8304026508079,0.0,0.0,0.0,0.0,0.0,0.0,0.0,0.0,0.0,0.0,0.0,0.0,0.0,269.93421912958877,453.98716130497144,-653.682523817719,0.0,0.0,0.0,0.0,84.55970020762113,0.0,0.0,0.0,0.0,-87.11337327686815,-653.682523817719,131.75005811662038,0.0,134.7395288659572,0.0,0.0,0.0,0.0,0.0,0.0,0.0,0.0,0.0,652.7923540722488,239.08446747549516,75.72722379901063,0.0,653.682523817719,0.0,0.0,70.2050275650804,231.125496177326,0.0,0.0,0.0,281.4401099502952,0.0,0.0,-369.9309796097141,-210.80420797755198,-944.262672533132,0.0,-159.12677163216216,-574.3316929234178,-586.2921134032463,0.0,67.13585702235957,720.6934130834813,0.0,-142.60199093372074,0.0,0.0,0.0,-1000.0,0.0,1000.0,0.0,885.2052745120732,0.0,0.0,173.73683451108093,0.0,0.0,0.0,-87.11337327686815,-0.006539105827409023,0.0,0.0,0.0,0.0,0.004359403884939349,0.0,0.0,0.0,843.9274510618168,-8.336813384537948,0.0,-103.74645896703532,-104.83610751223853,0.0,1000.0,0.0,6.245282005564089,0.0,-24.48923892854964,0.0,0.0,0.0,551.119175165832,0.0,-557.364457171396,277.4868278991471,0.0,0.0,0.0,0.0,0.0,0.0,0.0,0.0,0.0,0.0,0.0,0.0,0.0,0.0,0.0,0.0,0.0,134.7395288659572,1000.0,0.0,193.28521608358406,0.0,0.0,0.0,0.0,0.0,1000.0,720.2553212222891,0.0,0.0,0.0,0.0,238.294297481495,-966.580318843247,0.0,0.0,64.00290364897704,966.580318843247,0.0,0.0,0.0,0.0,0.0,-149.19283925812732,0.0,-64.11188874610052,-0.21797019424696745,-283.5570645256341,0.0,-149.0008832574174,582.7316529152904,1000.0,1.3078211654818048,0.0,0.0,0.0,0.0,0.0,188.8516791898255,0.0,-269.93421912958877,269.93421912958877,269.93421912958877,-531.6743901661753,0.0,0.0,-534.0946687779115,0.0,0.0,0.0,0.0,0.0,-112.0028842703742,0.0,0.0,0.0,0.0,0.0,0.0,0.0,-42.56405961150607,0.008718807770037529,0.0,0.0,0.0,0.0,0.0,0.0,0.0,0.0,0.0,994.242784397954,0.0,0.0,0.0,0.0,0.0,0.0,0.0,0.0,0.0,0.004795344273418323,0.004795344273418323,131.75005811662038,365.06233835260093,0.0,2.6156423309636097,0.0,0.0,0.0,0.0,0.0,0.0,66.21444492422125,0.0,0.0,-541.2185048196656,0.0,0.0,0.0,0.0,0.0,0.0,0.0,0.0,0.0,0.0,0.0,0.0,0.0,0.0,111.82202342905396,-843.9274510618168,495.2433997509957,29.82772032313286,277.1559026925842,0.0,0.0,0.0,-154.76472777270152,0.0,-541.2185048196656,0.0,0.0,-583.7825644311716,1000.0,-1000.0,269.93421912958877,0.0,0.0,0.0,0.0,0.0,0.0,0.0,0.0,0.0,0.0,0.0,0.0,0.0,2.6156423309636097,70.2050275650804,70.2050275650804,0.0,0.0,0.0,0.0,0.0,0.0,0.0,0.0,0.0,0.0,0.043594038849393495,0.0,131.75005811662038,66.21444492422125,-66.21444492422125,131.75005811662038,1000.0,0.0,0.0,1.3078211654818048,0.0,0.0,0.0,210.60578366922266,29.82772032313286,0.0,0.0,0.0,0.0,0.0,0.0,85.87722353076003,0.0,1.3078211654818048,1.3078211654818048,1000.0,0.0,0.0,0.0,0.0,0.0,0.0,0.0,0.0,0.0,0.0,439.30779568174785,0.004359403884939349,0.0,0.0,5.7572156020459735,0.0,648.2917483177371,0.0,0.0,0.0,0.0,0.0,0.0,0.0,0.0,0.0,0.0,0.0,0.0,0.0,0.0,0.0,0.0,0.004359403884939349,0.0,0.0,0.0,1000.0,-1000.0,0.0,0.0,0.0,0.0,0.0,720.2553212222891,0.0,0.0,-806.714783916416,-0.3269552913704512,0.0,-0.21797019424695918,0.0,0.0,0.0,0.0,0.0,0.0,0.0,0.0,0.0,0.0,0.0,70.2050275650804,0.0,0.0,0.0,851.2170869368296,0.0,0.0,0.0,188.84731978594056,0.0,0.0,0.004359403884939349,0.0,0.004359403884939349,0.0,0.0,0.0,2.6156423309636097,5.3184727396260065,5.3184727396260065,0.0,0.0,0.0,0.0,0.0,0.0,0.0,495.2433997509957,0.0,0.0,0.0,0.0,551.4945198403252,0.0,0.0,0.0,0.0,0.0,0.0,0.0,0.0,0.0,0.0,0.0,0.0,0.0,0.0,154.76472777270152,0.0,0.0,0.0,0.006539105827409023,0.0,0.0,0.0,-1.3078211654818048,0.0,0.0,0.0,0.0,0.0,-365.06233835260093,0.21797019424696745,0.0,0.0,0.0,0.0,0.0,0.0,-0.21797019424695918,0.0,0.0,0.0,0.0,0.0,0.0,0.0,70.2050275650804,0.0,0.0,-101.50669105950186,95.12811922301213,0.0,395.71452283480954,623.8025093891874,0.0,720.2553212222891,0.0,-720.2553212222891,0.0,225.8070234377,0.0,0.21797019424695918,1000.0,0.0,0.0,-131.75005811662038,-244.4317741188167,0.0,0.0,0.0,0.0,0.0,0.0,0.0,0.0,0.0,302.6360190464919,-303.28992962923314,5.3184727396260065,0.0,0.0,0.0,131.75005811662038,0.0,0.0,0.0,0.0,0.0,0.0,0.0,0.0,62.75327459747953,-1000.0,0.0,-1000.0,1.3078211654818048,66.21444492422125,0.0,0.0,0.0,-229.37436502658005,0.0,0.0,0.004795344273418323,0.0,0.0,0.0,2.6592363698130033,0.0,0.0,0.0,0.0,453.98716130497144,0.0,0.0,0.0,0.0,0.0,0.0,0.0,0.0,0.0,0.0,0.00043594038849392724,0.00043594038849392724,0.0,0.0,0.0,0.0,0.0,0.0,0.0,0.0,0.0,5.7572156020459735,131.75005811662038,0.0,0.0,0.0,0.0,365.06233835260093,0.0,0.0,0.0,0.0,0.0,0.0,0.0,720.6934130834813,0.0,0.0,0.0,132.4288898484425,0.0,712.4815674555406,315.44730762786276,0.0,0.0,0.0,2.6156423309636097,0.0,0.0,0.0,0.0,0.0,-2.6156423309636097,0.0,0.0,132.4288898484425,0.0,0.0,0.0,0.0,0.0,0.0,0.0,131.75005811662038,131.75005811662038,0.0,560.6922043182522,277.4868278991471,554.4807115015086,0.0,-1.3078211654818048,0.0,806.6973463008761,0.0,0.0,0.0,0.0,0.0,0.0,0.0,0.0,0.0,0.0,0.0,0.0,0.0,0.0,0.0,0.0,0.0,-0.5449254856174104,70.2050275650804,-238.62125277286543,854.4574941781877,0.0,0.0,0.0,0.0,0.0,0.0,-0.05449254856174187,112.0028842703742,0.0,0.0,0.0,0.0,0.0,0.0,0.0,1000.0,1.3078211654818048,1.3078211654818048,0.0,0.0,0.0,0.0,0.0,0.004795344273418323,365.06233835260093,0.0,0.0,-806.6973463008761,0.0,0.0,0.0,0.0,0.0,0.0,0.0,0.0,0.0,0.0,0.0,0.0,0.0,0.0,0.0,0.0,0.0,0.0,0.0,4.577374079186317,66.55011902336156,0.0,0.0,0.0,0.0,0.0,365.06233835260093,0.0,-131.89043092171477,0.0,0.0,0.0,-0.5449254856174104,0.0,0.0,0.0,0.0,0.0,0.0,0.0,0.0,0.0,0.0,0.0,0.0,0.0,0.0,0.0,0.0,0.0,0.0,-0.004359403884939349,0.0,0.0,0.21797019424696745,541.2185048196656,0.0,0.0,0.0,0.0,70.2050275650804,0.0,0.0,0.0,-551.119175165832,0.10898509712348373,0.0,0.0,0.0,0.004359403884939349,0.0,4.359403884939349,-1.3514152043311984,0.8718807769878698,0.031138599178138205,12.162736838980786,-0.0032695529137045116,119.36511893499446,0.08718807769878699,-0.02179701942475276,-12.162736838980786,1.3078211654818048,-0.004359403884939349,8.16307964284988,0.0,0.0010898509712348372,0.03113859917813821,-24.48923892854964,-66.9084620227029,131.6628700389216,-307.1104942433248,-0.004359403884939349,0.0010898509712348372,-12.162736838980786,0.4359403884939349,0.004359403884939349,0.004359403884939349,-365.05318360444255,-66.20964957994782,0.0,-0.0032695529137045116,1.3078211654818048,0.004359403884939349,1.3078211654818048,-2.1797019424696744,-0.0021797019424696744,119.7701179768231,-85.0,-0.0032695529137045116,-0.004359403884939349,-1.3514152043311984,0.004359403884939349,0.4359403884939349,-0.08718807769878699,154.76472777270152,154.76472777270152,-0.4359403884939349,307.1104942433248,-154.76472777270152,0.8718807769878697,0.006539105827409023,0.0,0.4359403884939349,-111.82202342905396,0.0,-0.8718807769878698,0.0021797019424696744,0.043594038849393495,25.93661474175883,96.0,-0.004359403884939349,-366.04320422671265,365.05318360444255,1.3514152043311984,0.004359403884939349,66.9084620227029,-5.23128466192702,0.0,-0.004359403884939349,-0.0010898509712348372,0.0,-0.004359403884939349,-42.56405961150607,0.004359403885018764,-0.0010898509712348372,-0.0010898509712348372,-0.0010898509712348372,1.7437615539757396,2.1797019424696744,0.043594038849393495,3.229773353254643,-0.0010898509712348372,43.71014984066778,0.21797019424696745,21.5,0.004359403884939349,0.0021797019424696744,0.0021797019424696744,0.4359403884939349,1.3514152043311984,0.004359403884939349,-1.3514152043311984,0.043594038849393495,0.004359403884939349,-3.229773353254643,0.004359403884939349,0.017437615539847684,0.02179701942475276,0.0021797019424696744,0.0010898509712348372,1.3078211654818048,-0.004359403884939349,0.0,-65.8314350194608,-6.459546706509286,119.25613383787098,-0.4359403884939349,0.8718807769878698,0.21797019424696745,-0.004359403884939349,24.48923892854964,0.006539105827409023,-0.004359403884939349,-0.8718807769878698,1.3514152043311984,744.997411590925,0.0021797019424696744,-43.0,-0.004359403884939349,-0.004359403885018764,-0.004359403884939349,0.0021797019424696744,12.162736838980786,-0.8718807769878698,0.004359403884939349,51.87322948351766,-0.0010898509712348372,66.20964957994782,-51.87322948351766,0.6539105827409023,85.0,-361.9646737985129,12.162736838980786,-0.0032695529137045116,366.04320422671265,-96.0,0.004359403884939349,-0.0010898509712348372,0.21797019424695918,4.359403884939349,-0.0021797019424696744,-0.004359403884939349,0.0010898509712348372,877.4381619650857,0.0,-74.8457728613104,0.0,-46.0,0.0,544.2690771410529,-31.0,0.0,-32.0,-93.0,98.65699613919827,-74.84359315936793,16.0,23.0,46.5,0.0,15.5,-365.06233835260093,-515.6230465643449,74.84359315936793,-98.65699613919827,-515.6230465643449,-544.2690771410529,274.532210707243,0.0,1496.5981,hclb
399,0.0,0.0,0.0,0.0,0.0,0.0,0.0,0.0,-0.055790502630758326,0.0,0.0,0.0,0.0,0.0,0.0,0.0,0.0,-673.5366455749519,0.0,438.90765174566883,0.0,0.0,0.0,0.0,0.0,0.0,0.0,0.0,0.0,31.89134841573467,0.0,0.0,14.899041120514097,0.0,0.0,0.0,0.0,137.58263539317818,0.0,-1000.0,1000.0,0.0,0.0,-111.51038841117675,0.0,0.0,166.93926803656373,0.0,0.0,-692.5896823040484,0.0,0.0,0.0,0.06136955289388934,0.0,0.0,0.0,11.158100526151665,0.0,0.0,45.162901863094255,0.0,693.3603986138951,588.2947440926599,0.0,0.0,0.0,0.0,540.5305138479946,0.0,0.0,0.5579050263075833,0.0,0.0,0.0,0.0,0.0,0.0,0.0,0.0,0.0,0.0,31.150027786051954,0.0,33.474301578455,0.0,0.0,784.3310712546524,784.2473855007063,0.08368575394613749,-0.013947625657689582,0.0,0.0,0.0,16.7371507892275,0.0,16.7371507892275,0.0,0.0,0.0,197.42959754868815,482.8572612318298,31.89134841573467,0.0,0.0,-14.867988771346088,0.0,0.0,0.0,0.0,0.0,0.0,0.0,0.0,0.0,0.0,0.0,0.0,0.0,0.0,0.0,0.0,0.0,0.0,-751.7338911627244,0.0,0.0,16.7371507892275,0.0,17.295055815535083,17.295055815535083,0.0,43.1456006566512,-43.1456006566512,0.0,0.0,0.0,0.0,0.0,-150.22855638432944,0.0,0.0,0.0,0.0,0.0,-26.854159083483566,0.055790502630758326,0.0,0.0,0.0,0.0,-720.9523511173911,0.0,0.0,0.0,0.0,159.12411493985977,0.0,0.0,0.0,0.0,0.0,-166.883477533933,-166.883477533933,0.0,0.0,0.0,0.0,0.0,0.0,0.0,-166.82768703130222,0.0,0.0,0.0,-927.4514506322317,-747.0422604012417,0.0,0.0,0.0,0.0,0.0,0.0,0.0,0.0,0.0,0.0,0.0,0.0,0.0,0.0,-1000.0,0.0,0.0,0.0,0.0,0.0,692.5896823040484,0.0,215.66892874534756,-215.66892874534756,150.22855638432944,0.0,0.0,0.0,0.0,0.0,0.0,0.0,557.5027932675468,0.0,0.0,0.0,0.0,0.0,0.0,0.0,0.0,0.0,0.0,0.0,0.0,0.0,364.0721196224347,722.8525654844404,-31.89134841573467,0.0,0.0,0.0,0.0,79.36515923429342,0.0,0.0,0.0,0.0,45.162901863094255,79.61903999544208,0.0,0.0,251.425479155775,0.0,0.0,0.0,0.0,0.0,1.796454184710691,0.0,0.0,0.0,0.0,568.5784567553587,1000.0,0.0,31.89134841573467,0.0,0.0,150.22855638432944,0.0,0.0,0.0,0.0,290.59590286711125,0.0,0.0,-228.8238906909129,0.0,0.0,-228.8238906909129,0.0,0.0,999.9163142460538,0.0,-803.2911363385879,692.5896823040484,0.0,-39.34810164773694,0.0,0.0,0.0,0.0,0.0,0.0,0.0,0.0,0.0,0.0,772.2285201148236,0.0,0.0,0.0,45.162901863094255,-0.08368575394613749,0.0,0.0,0.0,0.0,0.055790502630758326,0.0,0.0,0.0,751.872679407439,0.0,0.0,-619.4506439111279,892.2902478076514,747.0422604012417,947.8952513153791,0.0,842.7115014345954,0.0,-14.867988771346088,0.0,0.0,0.0,-4.803562276508346,-837.9079391580871,0.0,-1000.0,-1000.0,0.0,0.0,0.0,0.0,0.0,0.0,0.0,0.0,0.0,0.0,0.0,0.0,0.0,0.0,0.0,0.0,251.425479155775,-862.194202596299,0.0,-1000.0,0.0,0.0,0.0,0.0,0.0,0.0,25.057704898772876,0.0,166.27956976263619,0.0,0.0,480.0677361002919,198.76858336088932,0.0,0.0,-52.621210308017325,98.6088419492031,-196.28214635553425,-2.7895251315379164,0.0,-75.1219117923161,0.0,-242.82339318168388,0.0,51.22644774224837,0.0,0.0,0.0,203.80957436934278,25.593314742019558,0.0,16.7371507892275,0.0,0.0,0.0,0.0,0.0,0.0,0.0,-364.0721196224347,364.0721196224347,364.0721196224347,96.70988824519442,0.0,0.0,0.0,0.0,0.0,0.0,0.0,0.0,-59.902752658140926,0.0,-796.8750000002652,68.84189947384833,0.0,0.0,0.0,0.0,-14.836936422178079,0.11158100526154158,0.0,0.0,0.0,0.0,0.0,0.0,0.0,57.8182136158935,0.0,540.5305138479946,0.0,0.0,0.0,0.0,0.0,0.0,0.0,0.0,0.0,0.06136955289388934,0.06136955289388934,0.0,378.08315833005565,0.0,33.474301578455,0.0,0.0,0.0,-444.39320989572536,0.0,0.0,0.0,0.0,0.0,456.0809114794974,444.39320989572536,0.0,0.0,0.0,0.0,0.0,68.84189947384833,0.0,0.0,0.0,0.0,0.0,0.0,0.0,250.57796372090812,-751.872679407439,720.9523511173911,0.0,4.295868702568389,0.0,0.0,0.0,-229.59371561862287,0.0,456.0809114794974,0.0,441.2439750573193,0.0,0.0,0.0,364.0721196224347,0.0,0.0,0.0,0.0,0.0,0.0,0.0,0.0,0.0,0.0,0.0,0.0,0.0,33.474301578455,150.22855638432944,150.22855638432944,0.0,0.0,0.0,0.0,0.0,0.0,0.0,0.0,0.0,0.0,0.5579050263075833,0.0,0.0,0.0,0.0,0.0,0.0,0.0,0.0,16.7371507892275,0.0,0.0,0.0,0.0,0.0,0.0,0.0,0.0,0.0,0.0,176.2660697335419,-208.88841062974805,0.0,16.7371507892275,16.7371507892275,210.31764449484785,444.39320989572536,0.0,68.84189947384833,0.0,0.0,0.0,0.0,0.0,-31.89134841573467,0.0,370.799812304087,0.055790502630758326,0.0,0.0,-211.11466068394859,215.61376621752902,0.0,57.8182136158935,0.0,0.0,0.0,0.0,0.0,0.0,0.0,0.0,0.0,0.0,0.0,0.0,0.0,0.0,0.0,0.055790502630758326,0.0,0.0,0.0,0.0,0.0,0.0,0.0,0.0,0.0,0.0,191.33727466140897,0.0,0.0,-137.80579740370104,-4.1842876973069,-2.2640685537357736,-0.5254565778021423,0.0,0.0,0.0,0.0,0.0,0.0,0.0,0.0,0.0,0.0,0.0,150.22855638432944,747.0422604012417,0.0,0.0,206.5990995008807,0.0,0.0,0.0,-0.055790502630758326,0.0,0.0,0.055790502630758326,0.0,0.055790502630758326,0.0,0.0,0.0,33.474301578455,68.06441320952517,68.06441320952517,0.0,0.0,0.0,0.0,0.0,0.0,166.27956976263619,720.9523511173911,0.0,0.0,0.0,0.0,0.0,0.0,0.0,0.0,0.0,0.0,0.0,0.0,0.0,0.0,0.0,0.0,0.0,0.0,0.0,229.59371561862287,0.0,0.0,0.0,0.08368575394613749,0.0,0.0,0.0,-16.7371507892275,0.0,0.0,0.0,0.0,0.0,-378.08315833005565,2.7895251315379164,0.0,0.0,0.0,0.0,0.0,521.5522025569154,-0.5254565778021423,0.0,-796.8750000002652,0.0,0.0,0.0,0.0,0.0,150.22855638432944,0.0,0.0,0.0,14.011038707620969,0.0,774.7942505912395,-14.867988771346088,0.0,546.6099074556882,166.27956976263619,-712.8894772183244,0.0,-68.06441320952517,0.0,2.7895251315379164,1000.0,0.0,0.0,0.0,-59.902752658140926,0.0,0.0,0.0,0.0,0.0,0.0,0.0,0.0,0.0,-8.36857539461377,0.0,68.06441320952517,0.0,0.0,0.0,0.0,0.0,0.0,0.0,0.0,0.0,1.796454184710691,0.0,0.0,390.63602142197624,-545.029619381575,0.0,0.0,16.7371507892275,0.0,0.0,0.0,0.0,32.5778689984088,0.0,0.0,0.06136955289388934,0.0,0.0,0.0,34.032206604762585,0.0,0.0,0.0,0.0,722.8525654844404,0.0,0.0,0.0,0.0,0.0,0.0,0.0,0.0,0.0,0.0,0.005579050263075833,0.005579050263075833,0.0,0.0,0.0,0.0,0.0,0.0,0.0,0.0,0.0,-211.11466068394859,0.0,0.0,0.0,0.0,0.0,378.08315833005565,0.0,0.0,0.0,0.0,0.0,0.0,0.0,692.5896823040484,0.0,0.0,0.0,0.0,-364.38348459291905,0.0,-673.5366455749519,0.0,0.0,0.0,33.47430157845497,0.0,0.0,0.0,0.0,0.0,735.5449868027275,-769.0192883811825,0.0,0.0,0.0,0.0,0.0,0.0,0.0,0.0,0.0,0.0,0.0,0.0,-370.799812304087,-1000.0,38.216494302069464,0.0,-16.7371507892275,0.0,137.58263539317818,0.0,0.0,0.0,0.0,0.0,0.0,0.0,0.0,0.0,0.0,0.0,0.0,0.0,0.0,0.0,0.0,0.0,-6.973812828844757,150.22855638432944,-484.2520237975988,-4.1842876973068845,0.0,0.0,0.0,0.0,0.0,0.0,-0.6973812828844792,59.902752658140926,0.0,0.0,0.0,0.0,0.0,0.0,0.0,1000.0,16.7371507892275,16.7371507892275,0.0,0.0,0.0,0.0,0.0,0.06136955289388934,378.08315833005565,0.0,0.0,-137.58263539317818,0.0,0.0,0.0,0.0,0.0,0.0,0.0,0.0,0.0,0.0,0.0,0.0,0.0,0.0,0.0,0.0,0.0,17.295055815535083,0.0,58.58002776229625,0.0,0.0,170.57543846520457,0.0,0.0,0.0,378.08315833005565,0.0,-523.8162711106512,0.0,0.0,0.0,-6.973812828844757,0.0,0.0,0.0,0.0,0.0,0.0,0.0,0.0,0.0,0.0,0.0,0.0,0.0,0.0,0.0,0.0,0.0,0.0,-0.055790502630758326,0.0,0.0,2.7895251315379164,-456.0809114794974,0.0,0.0,0.0,0.0,150.22855638432944,0.0,0.0,0.0,4.803562276508346,1.3947625657689582,0.0,0.0,0.0,0.055790502630758326,0.0,55.790502630758326,0.0,11.158100526151665,0.39850359021970233,190.24561397088593,-0.041842876973068745,242.82339318168388,1.1158100526151666,-0.27895251315362657,-190.24561397088593,16.7371507892275,-0.055790502630758326,4.955996257115363,68.84189947384833,0.013947625657689582,0.39850359021970233,-14.867988771346088,-8.881848018817063,-1.1158100526151666,234.62899382928305,-0.055790502630758326,0.013947625657689582,-190.24561397088593,5.579050263075833,0.055790502630758326,0.055790502630758326,-377.965998274531,0.06136955289383416,0.0,-0.041842876973068745,16.7371507892275,0.055790502630758326,16.7371507892275,-27.895251315379163,-0.027895251315379163,-129.38813739716758,-85.0,-0.041842876973068745,-0.055790502630758326,0.0,0.055790502630758326,5.579050263075833,-1.1158100526151666,229.59371561862287,229.59371561862287,-5.579050263075833,-234.62899382928305,-229.59371561862287,11.158100526151665,0.08368575394613749,-984.4704824269668,5.579050263075833,-250.57796372090812,68.84189947384833,-11.158100526151665,0.027895251315379163,0.5579050263075833,154.86266097778199,25.169139233772633,-0.055790502630758326,-390.63602142197624,377.965998274531,17.295055815535083,0.055790502630758326,8.881848018817063,1.893296316938347,68.84189947384833,-0.055790502630758326,-0.013947625657689582,-68.84189947384833,-0.055790502630758326,-14.836936422178079,0.055790502630756654,-0.013947625657689582,-0.013947625657689582,-0.013947625657689582,22.31620105230333,27.895251315379163,0.5579050263075833,41.33378863656284,-0.013947625657689582,304.7693256984486,2.7895251315379164,10.207993342626956,0.055790502630758326,0.027895251315379163,0.027895251315379163,40.0,0.0,0.055790502630758326,0.0,0.5579050263075833,0.055790502630758326,-41.33378863656284,0.055790502630758326,0.22316201052286133,0.27895251315362657,0.027895251315379163,0.013947625657689582,16.7371507892275,-0.055790502630758326,0.0,0.5579050263075833,-82.66757727312569,241.4286306159149,-5.579050263075833,11.158100526151665,2.7895251315379164,-0.055790502630758326,14.867988771346088,0.08368575394613749,-0.055790502630758326,-80.0,0.0,210.43813077728063,0.027895251315379163,-20.415986685253912,-0.055790502630758326,-0.055790502630756654,-0.055790502630758326,0.027895251315379163,190.24561397088593,-11.158100526151665,0.055790502630758326,309.72532195556397,-0.013947625657689582,-0.06136955289383416,-309.72532195556397,8.368575394613748,85.0,591.1377143308636,190.24561397088593,-0.041842876973068745,390.63602142197624,-25.169139233772633,0.055790502630758326,-0.013947625657689582,2.7895251315379164,55.790502630758326,-0.027895251315379163,-0.055790502630758326,0.013947625657689582,0.0,0.0,-15.557412824348596,0.0,-46.0,0.0,253.03477927854556,-31.0,0.0,-32.0,-93.0,-65.0,-1000.0,16.0,23.0,46.5,0.0,15.5,-378.08315833005565,-243.01599977568944,1000.0,65.0,-243.01599977568944,-253.03477927854556,122.78121634926569,0.0,1496.5981,hclb
400,0.0,0.0,0.0,0.0,0.0,0.0,0.0,0.0,-0.0454382124738937,0.0,0.0,0.0,0.0,0.0,0.0,0.0,-59.03708382055673,-125.03875433610874,0.0,0.0,0.0,0.0,0.0,409.41732440288905,0.0,0.0,0.0,0.0,0.0,-627.6364423800435,0.0,0.0,18.821345089703726,0.0,0.0,0.0,0.0,520.0731973687705,0.0,-1000.0,1000.0,0.0,0.0,568.5993585594867,0.0,0.0,924.0683478623988,0.0,733.7425260338333,0.0,0.0,615.6683583927198,0.0,0.049982033721328006,0.0,0.0,0.0,0.0,0.0,0.0,91.43915363901648,0.0,359.97636730072907,165.0932842870934,0.0,0.0,0.0,0.0,437.69079044377645,-151.3685537911243,0.0,0.45438212473893697,0.0,0.0,0.0,0.0,0.0,0.0,0.0,0.0,0.0,0.0,622.0085780892563,0.0,27.262927484336217,0.0,0.0,-1000.0,498.2067730091617,72.54860376904074,160.62245515261787,0.0,0.0,0.0,13.631463742168108,0.0,13.631463742168108,-1.463110441659519,0.0,0.0,622.0085780892563,2.271910623694685,-1000.0,0.0,0.0,-11.174470414623178,0.0,0.0,0.0,0.0,0.0,0.0,0.0,0.0,0.0,0.0,0.0,0.0,0.0,0.0,0.0,0.0,0.0,0.0,-890.4743488878206,0.0,0.0,13.631463742168108,0.0,14.085845866907043,0.0,0.0,0.0,0.0,0.0,0.0,0.0,0.0,0.0,-286.3222366526521,0.0,0.0,0.0,0.0,0.0,-618.5098357287665,0.0454382124738937,160.63381470573634,0.0,0.0,0.0,-213.65010396679247,0.0,0.0,0.0,0.0,-3.663636769177818,0.0,0.0,0.0,0.0,0.0,75.97709035007504,75.97709035007504,0.0,0.0,0.0,703.125,0.0,0.0,0.0,76.02252856254894,0.0,0.0,0.0,-1000.0,-196.8402705368744,0.0,0.0,0.0,0.0,0.0,0.0,0.0,0.0,0.0,0.0,0.0,0.0,0.0,0.0,-482.2420469037527,0.0,0.0,0.0,0.0,0.0,0.0,-615.6683583927198,243.1129219772222,-243.1129219772222,0.0,0.0,0.0,0.0,0.0,0.0,0.0,372.3635576199565,-736.117315087223,0.0,0.0,0.0,0.0,0.0,0.0,0.0,0.0,0.0,0.0,0.0,0.0,0.0,193.41727156285916,223.75397196941796,568.5993585594867,0.0,0.0,0.0,0.0,26.377815070376908,0.0,0.0,0.0,0.0,91.43915363901648,0.0,0.0,0.0,0.0,0.0,0.0,0.0,0.0,0.0,0.0,9.08764249477874,0.0,0.0,13.443362629773162,268.5372136617126,-638.8129103816643,0.0,-568.5993585594867,0.0,0.0,286.3222366526521,0.0,0.0,0.0,0.0,-286.20193887468974,0.0,0.0,-1000.0,0.0,0.0,-1000.0,0.0,0.0,741.3196949863839,0.0,1000.0,0.0,0.0,100.39479773178648,0.0,0.0,0.0,-1000.0,0.0,1000.0,0.0,1000.0,286.3222366526521,0.0,-720.9139704314694,703.125,0.0,0.0,91.43915363901648,-0.06815731871084053,0.0,0.0,0.0,0.0,0.0454382124738937,0.0,0.0,0.0,442.2327680912076,-59.03708382055673,0.0,-492.9981217252798,387.5162086846055,196.8402705368744,656.3968695842947,0.0,-395.60506904340747,0.0,-11.174470414623178,0.0,0.0,0.0,203.36116770909922,1000.0,-807.7560986656918,-447.8248794852345,-1000.0,0.0,0.0,0.0,0.0,0.0,0.0,0.0,0.0,0.0,0.0,0.0,0.0,0.0,0.0,0.0,0.0,0.0,-479.7450497813341,0.0,-1000.0,0.0,0.0,0.0,829.9887410267268,48.82357555717182,0.0,618.5098357287665,0.0,0.0,0.0,0.0,0.0,-437.69079044377645,-703.1250000000007,408.8921532930667,0.0,-1000.0,0.0,-399.0297117563019,0.0,539.3001477664925,703.1250000000007,-826.1584344301248,365.07261431885763,-1.1359553118473424,396.7578011326072,953.1250000000089,0.0,0.0,0.0,56.50648285927346,13.631463742168108,0.0,0.0,0.0,0.0,0.0,0.0,0.0,-193.41727156285916,193.41727156285916,193.41727156285916,95.08682791984444,0.0,0.0,0.0,0.0,0.0,372.3635576199565,0.0,0.0,-103.4439293746192,0.0,0.0,357.2345941578734,0.0,0.0,0.0,0.0,-3.5275957395426283,0.09087642494773703,0.0,0.0,0.0,0.0,0.0,0.0,0.0,0.0,0.0,0.0,0.0,0.0,0.0,0.0,0.0,0.0,0.0,0.0,0.0,0.049982033721328006,0.049982033721328006,0.0,280.3296290680804,0.0,27.262927484336217,0.0,68.01763684093609,0.0,1000.0,0.0,0.0,0.0,0.0,0.0,279.5061830022926,-1000.0,0.0,0.0,0.0,0.0,0.0,357.2345941578734,0.0,0.0,0.0,0.0,0.0,0.0,0.0,296.8247829626069,-442.2327680912076,213.65010396679247,0.0,3.4987423604898327,0.0,0.0,0.0,-26.377815070376908,0.0,279.5061830022926,0.0,275.97858726274995,0.0,0.0,0.0,193.41727156285916,0.0,0.0,0.0,0.0,0.0,0.0,0.0,0.0,0.0,0.0,0.0,0.0,0.0,27.262927484336217,286.3222366526521,286.3222366526521,0.0,0.0,0.0,0.0,0.0,0.0,0.0,0.0,0.0,0.0,0.45438212473893697,0.0,0.0,0.0,0.0,0.0,-615.6683583927198,0.0,0.0,13.631463742168108,0.0,0.0,0.0,0.0,0.0,0.0,0.0,0.0,0.0,0.0,630.4130623731064,0.0,0.0,13.631463742168108,13.631463742168108,1000.0,-1000.0,0.0,357.2345941578734,0.0,0.0,0.0,0.0,0.0,1000.0,372.3635576199565,914.4063589106569,0.0454382124738937,0.0,0.0,0.0,60.007650744987174,0.0,0.0,0.0,0.0,-286.3222366526521,0.0,0.0,0.0,0.0,0.0,0.0,0.0,0.0,0.0,0.0,0.0,0.0,0.0454382124738937,0.0,0.0,0.0,0.0,0.0,0.0,0.0,0.0,0.0,-132.78073360808764,1000.0,0.0,0.0,-768.9643808818117,-3.4078659355420275,-2.271910623694685,0.0,0.0,-15.625000000000014,-15.625000000000014,15.625000000000014,0.0,0.0,0.0,0.0,0.0,0.0,0.0,286.3222366526521,196.8402705368744,0.0,0.0,58.77839348296815,0.0,0.0,0.0,-0.0454382124738937,0.0,0.0,0.0454382124738937,0.0,0.0454382124738937,0.0,0.0,0.0,27.262927484336217,55.4346192181503,55.4346192181503,0.0,0.0,0.0,0.0,0.0,0.0,0.0,213.65010396679247,0.0,372.3635576199565,0.0,0.0,207.27339780310152,0.0,0.0,0.0,0.0,0.0,0.0,0.0,0.0,0.0,0.0,0.0,0.0,0.0,0.0,26.377815070376908,0.0,0.0,0.0,0.06815731871084053,0.0,0.0,0.0,-13.631463742168108,0.0,0.0,0.0,0.0,0.0,-280.3296290680804,2.271910623694685,0.0,0.0,0.0,-703.125,0.0,-3.735021065354204,0.0,0.0,0.0,0.0,0.0,0.0,0.0,0.0,286.3222366526521,0.0,0.0,48.897102640991804,86.91235750522127,0.0,269.56246147201375,-11.174470414623178,248.70943066314584,747.5555482714999,0.0,-996.2649789346458,0.0,-55.43461921815026,68.01763684093609,2.271910623694685,823.399843398965,0.0,0.0,0.0,-103.4439293746192,0.0,0.0,0.0,0.0,0.0,0.0,0.0,0.0,0.0,283.7374950036224,-290.5532268747066,55.4346192181503,0.0,0.0,0.0,0.0,0.0,0.0,0.0,0.0,0.0,0.0,0.0,0.0,0.0,-60.007650744987174,0.0,0.0,13.631463742168108,0.0,0.0,0.0,0.0,-40.18968158132671,0.0,0.0,0.049982033721328006,0.0,0.0,0.0,27.71730960907515,0.0,0.0,0.0,0.0,223.75397196941796,0.0,0.0,0.0,0.0,0.0,0.0,0.0,0.0,-912.3727388196111,0.0,0.004543821247352753,0.00454382124738937,0.0,0.0,0.0,0.0,0.0,0.0,0.0,0.0,0.0,0.0,0.0,0.0,0.0,0.0,0.0,280.3296290680804,0.0,0.0,0.0,0.0,0.0,0.0,0.0,0.0,0.0,0.0,0.0,0.0,1000.0,0.0,-125.03875433610874,0.0,0.0,0.0,27.262927484336217,0.0,0.0,0.0,0.0,0.0,-27.262927484336217,0.0,0.0,0.0,0.0,0.0,0.0,0.0,0.0,0.0,0.0,0.0,0.0,0.0,-914.4063589106569,-447.8248794852345,238.3985733477187,0.0,-13.631463742168108,0.0,520.0731973687705,0.0,0.0,0.0,0.0,0.0,0.0,0.0,0.0,0.0,0.0,0.0,0.0,0.0,0.0,0.0,0.0,68.01763684093609,-5.679776559236712,286.3222366526521,-3.4078659355420275,494.418758742266,0.0,0.0,0.0,0.0,0.0,-64.31059073443382,63.742613078510146,103.4439293746192,0.0,0.0,0.0,0.0,0.0,0.0,0.0,1000.0,13.631463742168108,13.631463742168108,0.0,0.0,0.0,0.0,0.0,0.049982033721328006,280.3296290680804,0.0,0.0,-520.0731973687705,0.0,0.0,0.0,0.0,0.0,0.0,0.0,0.0,0.0,0.0,0.0,0.0,0.0,0.0,0.0,0.0,0.0,0.0,0.0,47.71012309758838,3.4987423604898327,0.0,0.0,0.0,0.0,0.0,280.3296290680804,0.0,0.0,0.0,0.0,0.0,-5.679776559236712,0.0,0.0,0.0,0.0,0.0,0.0,0.0,0.0,0.0,0.0,0.0,0.0,0.0,0.0,0.0,0.0,0.0,0.0,-0.0454382124738937,0.0,0.0,2.271910623694685,-279.5061830022926,0.0,0.0,0.0,0.0,286.3222366526521,0.0,0.0,0.0,-203.36116770909922,1.1359553118473424,0.0,0.0,0.0,0.0454382124738937,0.0,45.43821247389369,-14.085845866907043,9.08764249477874,0.3245586605278121,126.7726128021634,-0.03407865935542027,417.26628113705806,0.908764249477874,-0.22719106236931452,-126.7726128021634,13.631463742168108,-0.0454382124738937,3.7248234715410593,357.2345941578734,0.011359553118473425,0.3245586605278121,-11.174470414623178,-7.2337634258440175,-0.908764249477874,184.07583815666547,-0.0454382124738937,0.011359553118473425,-126.7726128021634,4.54382124738937,0.0454382124738937,0.0454382124738937,-280.2342088218852,0.04998203372122134,0.0,-0.03407865935542027,13.631463742168108,0.0454382124738937,13.631463742168108,-22.71910623694685,-0.022719106236946847,26.012577598424173,-30.96707453024017,-0.03407865935542027,-0.0454382124738937,-14.085845866907043,0.0454382124738937,4.54382124738937,-0.908764249477874,26.377815070376908,26.377815070376908,-4.54382124738937,-184.07583815666547,-26.377815070376908,9.08764249477874,0.06815731871084053,-1000.0,4.54382124738937,-296.8247829626069,357.2345941578734,-9.08764249477874,0.022719106236946847,0.45438212473893697,123.24953043131995,96.0,-0.0454382124738937,-290.5532268747066,280.2342088218852,14.085845866907043,0.0454382124738937,7.2337634258440175,302.70873918920097,357.2345941578734,-0.0454382124738937,-0.011359553118473425,-357.2345941578734,-0.0454382124738937,-3.5275957395426283,0.0454382124738937,-0.011359553118473423,-0.011359553118473423,-0.011359553118473423,18.17528498955748,22.71910623694685,0.45438212473893697,33.66403566659568,-0.011359553118473425,242.77423739109884,2.271910623694685,4.035708493465999,0.0454382124738937,0.02271910623694685,0.02271910623694685,40.0,14.085845866907043,0.0454382124738937,-14.085845866907043,0.45438212473893697,0.0454382124738937,-33.66403566659574,0.0454382124738937,0.18175284989547405,0.22719106236931452,0.022719106236946847,0.011359553118473425,13.631463742168108,-0.0454382124738937,0.0,0.454382124738937,-67.32807133319136,416.1303258252107,-4.54382124738937,9.08764249477874,2.271910623694685,-0.0454382124738937,11.174470414623178,0.06815731871084053,-0.0454382124738937,-80.0,14.085845866907043,119.38307937181844,0.02271910623694685,-8.071416986932,-0.0454382124738937,-0.0454382124738937,-0.0454382124738937,0.02271910623694685,126.7726128021634,-9.08764249477874,0.0454382124738937,246.4990608626399,-0.011359553118473423,-0.04998203372122134,-246.4990608626399,6.815731871084053,30.967074530240172,754.5361887903625,126.7726128021634,-0.03407865935542027,290.5532268747066,-96.0,0.0454382124738937,-0.011359553118473423,2.271910623694685,45.43821247389369,-0.02271910623694685,-0.0454382124738937,0.011359553118473425,0.0,0.0,186.1089821383385,0.0,-46.0,0.0,-46.009446707874844,-31.0,0.0,-32.0,-93.0,-65.0,-813.8682987554246,16.0,23.0,46.5,0.0,15.5,-280.3296290680804,-79.19339779049173,813.8682987554246,65.0,-79.19339779049173,46.009446707874844,-176.6310035722326,0.0,1496.5981,hclb
401,0.0,0.0,0.0,0.0,0.0,0.0,0.0,0.0,289.2035068547789,0.0,0.0,0.0,0.0,0.0,0.0,0.0,-183.65673437290468,79.75171391866206,0.0,0.0,0.0,0.0,0.0,753.6337769499386,0.0,366.47438696983727,0.0,0.0,0.0,-379.7364458147116,0.0,0.0,0.0,0.0,0.0,0.0,0.0,999.7432497275786,0.0,-1000.0,1000.0,0.0,0.0,0.0,0.0,0.0,409.5390145145544,137.26564434034037,0.0,-664.6997029678316,0.0,0.0,0.0,0.07060632491555907,0.0,0.0,0.0,0.0,0.0,0.0,-5.652785164464301,0.0,0.0,-5.652785164464301,0.0,0.0,0.0,0.0,35.64015084141744,382.60883583641277,0.0,0.6418756810519753,0.0,0.0,0.0,0.0,0.0,0.0,0.0,0.0,0.0,0.0,347.21715133834624,0.0,38.51254086311852,0.0,0.0,356.21912258642635,-172.74857390708817,476.2414324215042,-0.016046892026299383,0.0,0.0,0.0,19.25627043155926,0.0,19.25627043155926,-124.51358127833016,0.0,0.0,355.02181285819574,3.2093784052598764,-1000.0,0.0,0.0,0.0,0.0,0.0,0.0,0.0,0.0,0.0,0.0,0.0,0.0,0.0,0.0,0.0,0.0,0.0,0.0,0.0,0.0,0.0,-809.4583856449894,0.0,0.0,19.25627043155926,0.0,19.898146112611236,19.898146112611236,0.0,-501.28344809724103,501.28344809724103,0.0,0.0,0.0,-15.625000000005219,15.625000000005219,0.0,0.0,0.0,0.0,0.0,0.0,-342.2747085942461,0.06418756810519753,0.0,0.0,0.0,0.0,0.0,0.0,0.0,0.0,0.0,104.77014136272369,0.0,0.0,0.0,0.0,0.0,590.5251730535507,590.5251730535507,0.0,0.0,0.0,921.875,516.4354908272546,0.0,0.0,590.5893606216559,0.0,0.0,0.0,0.0,-21.394601113075737,0.0,0.0,0.0,0.0,0.0,0.0,0.0,0.0,0.0,-531.4492383518761,0.0,0.0,0.0,0.0,-463.3738139184301,0.0,0.0,0.0,0.0,0.0,664.6997029678316,0.0,643.7808774135736,-643.7808774135736,0.0,0.0,0.0,0.0,0.0,0.0,0.0,620.2635541852884,-955.8609596341892,0.0,0.0,0.0,0.0,0.0,0.0,0.0,0.0,0.0,0.0,0.0,0.0,0.0,383.7261779426274,-17.324972757920946,563.3931801876163,0.0,0.0,0.0,0.0,78.51705562137505,0.0,0.0,0.0,0.0,-5.652785164464301,563.3931801876163,0.0,0.0,0.0,0.0,0.0,0.0,0.0,0.0,0.0,150.10315796137988,0.0,0.0,292.4884166964416,-524.0410346242202,1000.0,0.0,-563.3931801876163,0.0,0.0,0.0,-410.39315378234255,0.0,0.0,0.0,15.749037319069544,0.0,0.0,-984.3590777400703,-796.8749999999886,0.0,-187.48407774008172,0.0,796.8749999999886,471.0323035064856,0.0,367.31346874580936,664.6997029678316,0.0,140.36255161734857,0.0,0.0,0.0,-131.4185703748618,0.0,131.4185703748618,0.0,1000.0,0.0,0.0,-185.80561000390054,921.875,0.0,0.0,-5.652785164464301,-0.09628135215779629,0.0,0.0,0.0,0.0,0.06418756810519753,0.0,0.0,0.0,365.6004878654958,-183.65673437290468,0.0,-606.4996586979244,147.05229645276617,21.394601113075737,952.0937840525988,0.0,-908.0448899324942,0.0,0.0,0.0,0.0,0.0,-5.526549613857348,0.0,913.5714395463516,-970.5105439352113,-1000.0,0.0,0.0,0.0,0.0,0.0,0.0,0.0,0.0,0.0,0.0,0.0,0.0,0.0,0.0,0.0,0.0,0.0,0.0,0.0,-1000.0,0.0,0.0,122.44674158534356,0.0,0.0,0.0,342.2747085942461,0.0,7.804661519849487,0.0,0.0,0.0,-521.8211031360966,0.0,0.0,0.0,486.1809522946791,0.0,0.0,-1000.0,0.0,0.0,-3.2093784052598764,0.0,-1.6046892026299382,-3.2093784052598764,-474.9481278762696,0.0,996.7906215947402,0.0,0.0,19.25627043155926,-359.375000001716,359.375000001716,0.0,0.0,0.0,289.26769442288406,0.0,-383.7261779426274,383.7261779426274,383.7261779426274,75.7915112629504,0.0,0.0,0.0,0.0,0.0,620.2635541852884,0.0,0.0,-11.305570328928601,0.0,-671.8750000000007,67.1624863789605,0.0,0.0,0.0,0.0,-36.58124318948025,0.12837513621070684,0.0,0.0,0.0,0.0,0.0,0.0,0.0,0.0,0.0,418.2489866778302,0.0,0.0,0.0,0.0,0.0,0.0,0.0,0.0,0.0,0.07060632491555907,0.07060632491555907,0.0,466.8886643215879,0.0,38.51254086311852,0.0,0.0,0.0,1000.0,0.0,0.0,0.0,0.0,0.0,379.8521812318998,-1000.0,0.0,0.0,170.73182806564887,0.0,0.0,67.1624863789605,0.0,0.0,0.0,0.0,0.0,0.0,0.0,269.81946188166313,-365.6004878654958,0.0,0.0,4.942442744100191,0.0,0.0,0.0,-78.51705562137505,0.0,379.8521812318998,0.0,343.2709380424196,0.0,0.0,0.0,383.7261779426274,0.0,0.0,0.0,0.0,0.0,0.0,0.0,0.0,0.0,0.0,0.0,0.0,0.0,38.51254086311852,0.0,0.0,0.0,0.0,0.0,0.0,0.0,0.0,0.0,0.0,0.0,0.0,0.6418756810519753,0.0,0.0,0.0,0.0,0.0,0.0,0.0,0.0,19.25627043155926,-170.73182806564887,0.0,0.0,0.0,0.0,0.0,0.0,0.0,0.0,0.0,512.6380173396558,0.0,0.0,19.25627043155926,19.25627043155926,1000.0,-1000.0,0.0,67.1624863789605,0.0,0.0,0.0,0.0,0.0,970.5105439352113,620.2635541852884,1000.0,0.06418756810519753,0.0,0.0,0.0,5.176268885054857,4.370975116010106,0.0,0.0,0.0,0.0,0.0,0.0,0.0,0.0,0.0,0.0,0.0,0.0,0.0,0.0,0.0,0.0,0.06418756810519753,0.0,0.0,0.0,-414.6030581164858,414.6030581164858,0.0,0.0,0.0,0.0,0.0,1000.0,0.0,-527.4738883005607,-1000.0,-4.814067607889815,-3.2093784052598266,0.0,0.0,0.0,0.0,0.0,0.0,0.0,0.0,0.0,0.0,0.0,0.0,0.0,21.394601113075737,0.0,0.0,1000.0,0.0,0.0,0.0,289.2035068547789,0.0,0.0,0.06418756810519753,0.0,0.06418756810519753,0.0,0.0,0.0,38.51254086311852,78.30883308834098,78.30883308834098,0.0,0.0,0.0,0.0,0.0,0.0,7.804661519849503,0.0,0.0,620.2635541852884,0.0,0.0,0.0,0.0,0.0,0.0,0.0,0.0,0.0,0.0,0.0,0.0,0.0,0.0,0.0,0.0,0.0,78.51705562137505,0.0,-366.47438696983727,366.47438696983727,0.09628135215779629,0.0,0.0,0.0,-19.25627043155926,0.0,0.0,0.0,0.0,0.0,-466.8886643215879,3.2093784052598764,0.0,0.0,0.0,-921.875,-516.4354908272546,122.44674158534356,0.0,0.0,-671.8750000000007,0.0,0.0,0.0,0.0,0.0,0.0,0.0,170.73182806564887,0.0,83.1624863789605,0.0,52.162486378960494,4.370975116010106,0.0,464.72145017958974,535.2785498204103,-1000.0,0.0,-488.7019868706835,0.0,3.2093784052598266,1000.0,0.0,0.0,0.0,-11.305570328928601,296.8750000000002,-296.8750000000002,-328.125000000009,328.125000000009,0.0,0.0,0.0,0.0,0.0,1000.0,-478.1788968639036,78.30883308834098,0.0,-953.125,-953.125,953.125,0.0,0.0,0.0,0.0,0.0,0.0,0.0,0.0,3.151970281353897,-423.42525556288507,-490.8037751447908,0.0,19.25627043155926,0.0,0.0,0.0,0.0,32.39322136945579,0.0,0.0,0.07060632491555907,0.0,0.0,0.0,39.154416544170495,0.0,0.0,0.0,0.0,-17.324972757920946,0.0,0.0,0.0,0.0,0.0,0.0,0.0,0.0,0.0,0.0,0.006418756810519621,0.006418756810519621,0.0,0.0,0.0,0.0,0.0,0.0,0.0,0.0,0.0,0.0,0.0,0.0,0.0,0.0,0.0,466.8886643215879,0.0,0.0,0.0,0.0,0.0,0.0,0.0,664.6997029678316,0.0,0.0,0.0,0.0,0.0,0.0,79.75171391866206,0.0,0.0,0.0,38.51254086311852,0.0,0.0,0.0,0.0,0.0,0.0,-38.51254086311852,0.0,0.0,0.0,0.0,0.0,0.0,0.0,0.0,0.0,0.0,0.0,0.0,-1000.0,-1000.0,43.96848415206023,-1000.0,980.7437295684407,0.0,999.7432497275786,0.0,0.0,0.0,0.0,0.0,0.0,0.0,0.0,0.0,0.0,0.0,0.0,0.0,0.0,0.0,0.0,0.0,-8.023446013149641,0.0,-4.814067607889815,473.36482925601365,0.0,0.0,0.0,0.0,0.0,0.0,-0.8023446013149692,11.305570328928601,0.0,0.0,0.0,0.0,0.0,0.0,0.0,1000.0,19.25627043155926,19.25627043155926,0.0,0.0,0.0,0.0,0.0,0.07060632491555907,466.8886643215879,0.0,0.0,-999.7432497275786,0.0,0.0,0.0,0.0,0.0,0.0,0.0,0.0,0.0,0.0,0.0,0.0,0.0,0.0,0.0,0.0,0.0,19.898146112611236,0.0,67.39694651045741,0.0,0.0,12.747104263949678,0.0,0.0,0.0,466.8886643215879,0.0,-127.72295968358999,0.0,0.0,0.0,-8.023446013149641,0.0,0.0,0.0,0.0,0.0,0.0,0.0,0.0,0.0,0.0,0.0,0.0,0.0,0.0,0.0,0.0,0.0,0.0,-0.06418756810519753,0.0,0.0,3.2093784052598764,-379.8521812318998,0.0,0.0,0.0,0.0,0.0,0.0,0.0,0.0,5.526549613857348,1.6046892026299382,0.0,0.0,366.47438696983727,0.06418756810519753,0.0,64.18756810519753,0.0,12.837513621039506,0.45848262932283945,218.87960723872362,-0.048140676078898145,3.2093784052598764,1.2837513621039507,-0.3209378405266534,-218.87960723872362,19.25627043155926,-0.06418756810519753,0.0,67.1624863789605,0.016046892026299383,0.4584826293228395,0.0,-10.21866084234648,-1.2837513621039989,103.90502045424262,-0.06418756810519753,0.016046892026299383,-218.87960723872362,6.418756810519753,0.06418756810519753,0.06418756810519753,-466.75387042856715,0.07060632491571715,-32.21026807347015,-0.048140676078898145,19.25627043155926,0.06418756810519753,19.2562704315593,-32.093784052598764,-0.032093784052598766,-72.55987328925355,-85.0,-0.048140676078898145,-0.06418756810519753,0.0,0.06418756810519753,6.418756810519767,-1.2837513621039507,78.51705562137505,78.51705562137505,-6.418756810519753,-103.90502045424262,-78.51705562137505,12.837513621039506,0.09628135215779629,-1000.0,6.418756810519753,-269.81946188166313,67.1624863789605,-12.837513621039506,0.032093784052598766,0.6418756810519753,151.6249146744811,96.0,-0.06418756810519753,-481.3308671452575,466.75387042856715,19.898146112611236,0.06418756810519753,10.21866084234648,-9.862595347277022,67.1624863789605,-0.06418756810519753,-0.016046892026299383,-67.1624863789605,-0.06418756810519753,-36.58124318948025,0.06418756810523973,-0.016046892026299383,-0.016046892026299383,-0.016046892026299383,25.67502724207901,32.093784052598764,0.6418756810519753,47.554964519937954,-0.016046892026299383,303.2498293489622,3.2093784052598764,21.5,0.06418756810519753,0.032093784052598766,0.032093784052598766,40.0,0.0,0.06418756810519753,0.0,0.6418756810519753,0.06418756810519753,-47.554964519937954,0.06418756810519753,0.2567502724214137,0.3209378405266534,0.032093784052598766,0.016046892026299383,19.25627043155926,-0.06418756810519753,32.21026807347015,0.6418756810519994,-95.10992903987591,1.6046892026299382,-6.418756810519767,12.837513621039506,3.2093784052598764,-0.06418756810519753,0.0,0.09628135215779629,-0.06418756810519753,-80.0,0.0,19.132269831001445,0.032093784052598766,-43.0,-0.06418756810519753,-0.06418756810523973,-0.06418756810519753,0.032093784052598766,218.87960723872362,-12.837513621039506,0.06418756810519753,303.2498293489622,-0.016046892026299383,-0.07060632491571715,-303.2498293489622,9.628135215779627,85.0,562.7862115980369,218.87960723872362,-0.048140676078898145,481.3308671452575,-96.0,0.06418756810519753,-0.01604689202629938,3.2093784052598266,64.18756810519753,-0.032093784052598766,-0.06418756810519753,0.016046892026299383,0.0,0.0,52.694170287957604,0.0,-46.0,0.0,455.023759434272,2.9524298608853954,0.0,-32.0,-93.0,-65.0,-947.2737359279898,16.0,23.0,46.5,0.0,-1.4762149304426992,-466.8886643215879,-51.52549120045723,947.2737359279898,65.0,-51.52549120045723,-455.023759434272,229.23379898551462,0.0,1496.5981,hclb
402,0.0,0.0,0.0,0.0,0.0,0.0,0.0,0.0,259.22271606593216,0.0,0.0,0.0,0.0,0.0,0.0,0.0,148.640495386648,1000.0,0.0,-756.3420842449008,0.0,0.0,0.0,0.0,0.0,0.0,0.0,0.0,0.0,-1000.0,67.93588452922052,-67.93588452922052,460.26059523585315,0.0,0.0,0.0,0.0,999.9107578998774,0.0,-714.8869761221655,998.7614811925248,0.0,-463.61308801602354,387.74641659732845,0.0,0.0,0.0,0.0,0.0,0.0,0.0,0.0,0.0,0.024541577534137105,0.0,0.0,0.0,4.462105006166491,0.0,0.0,-167.0531874406769,0.0,-624.4395971608808,-840.2647909829321,0.0,0.0,0.0,0.0,0.0,0.0,0.0,0.22310525030832454,0.0,0.0,0.0,0.0,0.0,0.0,0.0,0.0,0.0,0.0,-174.61089651720636,0.0,13.386315018499474,0.0,158.70041448701332,-673.6057918444659,790.0072961715576,0.0,-0.005577631257708113,0.0,0.0,830.7024999312414,6.693157509249737,0.0,6.693157509249737,0.0,0.0,0.0,0.0,472.25245666723043,-1000.0,0.0,0.0,-6.705435312171665,0.0,0.0,0.0,0.0,0.0,0.0,0.0,0.0,0.0,0.0,0.0,0.0,0.0,0.0,0.0,0.0,0.0,0.0,-397.87581038172004,0.0,0.0,6.693157509249737,0.0,6.916262759558061,6.916262759558061,0.0,0.0,0.0,0.0,0.0,0.0,0.0,0.0,-48.77200638137438,0.0,0.0,0.0,0.0,0.0,335.0292214315938,0.022310525030832452,0.0,0.0,0.0,0.0,-515.9339268239014,0.0,0.0,0.0,0.0,160.0474318063056,0.0,0.0,0.0,0.0,0.0,319.45687368786406,319.45687368786406,0.0,0.0,0.0,0.0,545.9731765649002,0.0,0.0,387.4150687421154,0.0,0.0,0.0,268.2475531373911,0.0,0.0,0.0,0.0,0.0,0.0,0.0,0.0,0.0,0.0,-997.4301151343278,0.0,0.0,0.0,0.0,-749.6391083724454,0.0,0.0,0.0,0.0,0.0,0.0,463.61308801602354,-790.0072961715576,790.0072961715576,48.77200638137438,0.0,0.0,0.0,0.0,0.0,0.0,0.0,-438.4009588915885,0.0,0.0,0.0,0.0,0.0,0.0,0.0,0.0,0.0,0.0,0.0,0.0,0.0,169.9799166586766,533.0177157934545,387.74641659732845,0.0,0.0,0.0,0.0,82.74663697188592,0.0,0.0,0.0,0.0,-167.0531874406769,0.0,67.93588452922052,0.0,0.0,0.0,0.0,0.0,0.0,0.0,68.65428343521273,0.0,0.0,0.0,-116.40150432709174,1000.0,-1000.0,0.0,-387.74641659732845,0.0,0.0,48.77200638137438,767.2616878476088,0.0,0.0,0.0,-109.17871920652533,0.0,0.0,-990.0426626494724,0.0,0.0,-990.0426626494726,0.0,0.0,0.0,0.0,127.25641142800748,0.0,0.0,-55.439752998121634,0.0,0.0,0.0,-519.8619175306785,0.0,519.8619175306785,0.0,-88.73079576898624,0.0,0.0,0.0,0.0,0.0,0.0,-167.0531874406769,-0.03346578754624868,0.0,0.0,0.0,0.0,0.022310525030832452,0.0,0.0,0.0,542.7730240747227,148.640495386648,0.0,-495.7169850866015,250.68767836086698,0.0,1000.0,0.0,25.686610143456278,0.0,-6.705435312171665,0.0,0.0,0.0,868.8200187790635,0.0,-894.5066289225198,-349.6583940931033,-1000.0,0.0,0.0,0.0,0.0,0.0,0.0,0.0,0.0,0.0,0.0,0.0,0.0,0.0,0.0,0.0,0.0,0.0,0.0,0.0,-1000.0,0.0,0.0,0.0,0.0,0.0,0.0,-335.747620337586,0.0,174.61089651720636,0.0,458.2064700729895,471.1369304156888,0.0,0.0,-818.3421893224476,-0.5577631257708113,0.0,816.2687306891279,-736.5862449732496,0.0,-464.481918088704,0.0,581.6581978630616,0.0,0.0,735.470718721708,-601.5360013381573,0.0,-112.04585403278986,-393.9312127724812,0.0,6.693157509249737,0.0,0.0,0.0,0.0,0.0,259.245026590963,0.0,-169.9799166586766,169.9799166586766,169.9799166586766,-341.21576284520125,0.0,0.0,0.0,0.0,0.0,0.0,0.0,0.0,-65.47755228870159,0.0,0.0,5.454638701774546,0.0,0.0,0.0,0.0,10.390631460303393,0.044621050060413836,0.0,0.0,0.0,0.0,0.0,0.0,0.0,0.0,0.0,0.0,0.0,0.0,0.0,0.0,0.0,0.0,0.0,0.0,0.0,0.024541577534137105,0.024541577534137105,67.93588452922052,261.5178116525101,0.0,13.386315018499474,0.0,0.0,0.0,1000.0,0.0,0.0,158.70041448701332,0.0,0.0,-44.09518016082541,-1000.0,0.0,0.0,161.85798106563462,0.0,0.0,5.454638701774546,0.0,0.0,0.0,0.0,0.0,0.0,0.0,132.62527012724001,-542.7730240747227,515.9339268239014,0.0,160.41832491438743,0.0,699.183856577981,131.5186433532603,0.0,0.0,-44.09518016082541,0.0,0.0,-33.70454870052201,0.0,0.0,169.9799166586766,0.0,0.0,0.0,0.0,0.0,0.0,0.0,0.0,0.0,0.0,0.0,0.0,0.0,13.386315018499474,48.77200638137438,48.77200638137438,0.0,0.0,0.0,0.0,0.0,0.0,0.0,0.0,0.0,0.0,0.22310525030832454,0.0,67.93588452922052,158.70041448701332,-158.70041448701332,67.93588452922052,463.61308801602354,0.0,0.0,6.693157509249737,-161.85798106563462,0.0,0.0,0.0,0.0,0.0,0.0,0.0,0.0,0.0,837.4732459299742,-506.55717868960227,0.0,6.693157509249737,6.693157509249736,1000.0,-1000.0,0.0,5.454638701774546,0.0,0.0,0.0,0.0,0.0,890.5423992305892,0.0,1000.0,0.022310525030832452,0.0,0.0,0.0,1.79918448284356,436.45909315120645,0.0,-830.7024999312414,0.0,0.0,0.0,0.0,0.0,0.0,0.0,0.0,0.0,0.0,0.0,0.0,0.0,0.0,0.022310525030832452,0.0,0.0,0.0,0.0,0.0,0.0,0.0,0.0,0.0,0.0,0.0,0.0,-161.13672382037964,-1000.0,-1.673289377312434,-1.1155262515416227,0.0,0.0,0.0,0.0,0.0,0.0,0.0,0.0,0.0,0.0,0.0,0.0,48.77200638137438,0.0,0.0,0.0,-110.93032778124824,0.0,0.0,0.0,259.22271606593216,0.0,0.0,0.022310525030832452,0.0,0.022310525030832452,0.0,0.0,0.0,13.386315018499474,27.2188405376156,27.2188405376156,0.0,0.0,0.0,0.0,0.0,0.0,174.61089651720636,515.9339268239014,0.0,0.0,0.0,0.0,0.0,870.7409549842184,0.0,0.0,0.0,0.0,0.0,0.0,0.0,0.0,0.0,0.0,0.0,0.0,0.0,131.5186433532603,0.0,0.0,0.0,0.03346578754624868,0.0,0.0,0.0,-6.693157509249737,0.0,0.0,0.0,0.0,0.0,-261.5178116525101,1.1155262515416227,0.0,0.0,0.0,0.0,-545.9731765649002,0.0,0.0,0.0,0.0,0.0,0.0,0.0,0.0,0.0,48.77200638137438,0.0,161.85798106563462,321.559953499481,91.5378949938335,0.0,564.3878567372656,429.75365783903476,0.0,-335.747620337586,335.747620337586,0.0,0.0,740.0428473099931,0.0,1.1155262515416227,1000.0,0.0,0.0,-67.93588452922052,-382.8783812627282,328.125,-328.125,1000.0,-1000.0,0.0,0.0,0.0,0.0,0.0,994.0835363797028,0.0,27.2188405376156,0.0,0.0,0.0,67.93588452922052,0.0,0.0,0.0,0.0,0.0,68.65428343521273,0.0,0.0,266.5376797844476,-1.79918448284356,-225.27421928765676,-463.61308801602354,6.693157509249737,158.70041448701332,0.0,0.0,0.0,73.73270715544733,0.0,0.0,0.024541577534137105,0.0,0.0,0.0,13.609420268807797,0.0,0.0,0.0,0.0,533.0177157934545,0.0,0.0,0.0,0.0,0.0,0.0,0.0,0.0,0.0,0.0,0.0022310525030832455,0.0022310525030832455,0.0,0.0,0.0,0.0,0.0,0.0,0.0,0.0,0.0,0.0,67.93588452922052,0.0,0.0,0.0,0.0,261.5178116525101,0.0,0.0,0.0,0.0,0.0,0.0,0.0,0.0,0.0,0.0,0.0,317.40082897402664,712.4755270756104,-580.6671211031843,1000.0,0.0,0.0,0.0,13.386315018499474,0.0,0.0,0.0,0.0,0.0,-13.386315018499474,0.0,0.0,317.40082897402664,0.0,0.0,0.0,0.0,0.0,0.0,0.0,67.93588452922052,67.93588452922052,0.0,-1000.0,-459.1159948625142,886.0236646303387,0.0,-6.693157509249737,0.0,999.9107578998774,0.0,0.0,0.0,0.0,0.0,0.0,0.0,0.0,0.0,0.0,0.0,0.0,0.0,0.0,0.0,0.0,0.0,-2.7888156288540564,48.77200638137438,-472.81021979300124,869.067665606906,0.0,0.0,0.0,0.0,0.0,0.0,-0.2788815628854057,65.47755228870159,0.0,0.0,0.0,0.0,0.0,0.0,0.0,1000.0,6.693157509249736,6.693157509249737,0.0,0.0,0.0,0.0,0.0,0.024541577534137105,261.5178116525101,0.0,0.0,-999.9107578998774,0.0,0.0,0.0,0.0,0.0,0.0,0.0,0.0,0.0,0.0,0.0,0.0,0.0,0.0,0.0,0.0,0.0,6.916262759558061,0.0,23.42605128237408,335.0292214315938,0.0,0.0,0.0,0.0,0.0,261.5178116525101,0.0,-1.1155262515416227,0.0,0.0,0.0,-2.7888156288540564,0.0,0.0,0.0,0.0,0.0,0.0,0.0,0.0,0.0,0.0,0.0,0.0,0.0,0.0,0.0,0.0,0.0,0.0,-0.022310525030832452,0.0,0.0,1.1155262515416227,44.09518016082541,0.0,0.0,0.0,0.0,48.77200638137438,0.0,0.0,0.0,-868.8200187790635,0.5577631257708113,0.0,0.0,0.0,0.022310525030832452,0.0,22.31052503083245,0.0,4.462105006166491,0.15936089307737467,76.07889035513867,-0.016732893773124338,236.683991459386,0.4462105006166491,-0.1115526251535357,-76.07889035513867,6.693157509249736,-0.022310525030832452,2.2351451040572217,5.454638701774546,0.005577631257708113,0.15936089307737467,-6.705435312171665,-162.25225007192125,67.48967402860387,-392.29841114174724,-0.022310525030832452,0.005577631257708113,-76.07889035513867,2.2310525030832453,0.022310525030832452,0.022310525030832452,-261.4709595499451,-158.6758729094794,0.0,-0.016732893773124338,6.693157509249737,0.022310525030832452,6.693157509249737,-11.155262515416227,-0.011155262515416226,-146.6365611819623,-85.0,-0.016732893773124338,-0.022310525030832452,0.0,0.022310525030832452,2.2310525030832453,-0.4462105006166491,131.5186433532603,131.5186433532603,-2.2310525030832453,392.29841114174724,-131.5186433532603,4.462105006166491,0.033465787546248675,-186.02554598713758,2.2310525030832453,-132.62527012724001,5.454638701774546,-4.462105006166491,0.011155262515416226,0.22310525030832454,123.92924627165037,96.0,-0.022310525030832452,-266.5376797844476,261.4709595499451,6.916262759558061,0.022310525030832452,162.25225007192125,-21.31799133522409,5.454638701774546,-0.022310525030832452,-0.005577631257708113,-5.454638701774546,-0.022310525030832452,10.390631460303393,0.022310525031115226,-0.005577631257708113,-0.005577631257708113,-0.005577631257708113,8.924210012332981,11.155262515416227,0.22310525030832454,149.03357719531397,-0.005577631257708113,245.62334743924353,1.1155262515416227,-4.079789478610074,0.022310525030832452,0.011155262515416226,0.011155262515416226,4.958371853970519,0.0,0.022310525030832452,0.0,0.22310525030832454,0.022310525030832452,-414.04211112150745,0.022310525030832452,0.08924210012264666,0.1115526251535357,0.011155262515416226,0.005577631257708113,6.693157509249737,-0.022310525030832452,0.0,-33.744837014301936,-298.06715439062793,236.12622833361524,-2.2310525030832453,4.462105006166491,1.1155262515416227,-0.022310525030832452,6.705435312171665,0.033465787546248675,-0.022310525030832452,-9.916743707941038,0.0,81.63677922895361,0.011155262515416226,8.159578957220148,-0.022310525030832452,-0.022310525031115226,-0.022310525030832452,0.011155262515416226,76.07889035513867,-4.462105006166491,0.022310525030832452,247.85849254330074,-0.005577631257708113,158.6758729094794,-247.85849254330074,3.3465787546248675,85.0,0.0,76.07889035513867,-0.016732893773124338,266.5376797844476,-96.0,0.022310525030832452,-0.005577631257708115,459.3219963245311,22.31052503083245,-0.011155262515416226,-0.022310525030832452,0.005577631257708113,618.1137129987204,0.0,186.01439072462216,265.0085339261935,-46.0,0.0,139.04289913144532,-31.0,0.0,-32.0,-93.0,-52.9160349195306,0.0,16.0,23.0,46.5,0.0,15.5,-261.5178116525101,-155.36948638440094,0.0,52.9160349195306,-155.36948638440094,-139.04289913144532,79.06491898179308,0.0,1496.5981,hclb
403,0.0,0.0,0.0,0.0,0.0,0.0,0.0,0.0,382.8314796071641,0.0,0.0,0.0,0.0,0.0,0.0,0.0,0.0,727.1452497575824,0.0,-437.1316780177933,0.0,0.0,0.0,766.4929545629315,0.0,120.66260423661345,0.0,0.0,0.0,-212.81633169801808,0.0,0.0,21.556963956905676,0.0,0.0,0.0,0.0,-47.13566106701147,0.0,-297.5727052979282,1000.0,0.0,0.0,212.81633169801808,0.0,0.0,135.65784510419127,41.675345779347786,0.0,-675.8704428340027,0.0,0.0,0.0,0.043571146391291,0.0,0.0,0.0,0.0,0.0,0.0,37.98572032486396,0.0,86.4364378102264,0.0,0.0,0.0,0.0,0.0,0.0,485.42672781793414,0.0,0.3961013308289224,0.0,0.0,0.0,0.0,0.0,0.0,0.0,0.0,0.0,0.0,0.0,0.0,23.766079849735345,0.0,0.0,0.0,852.8818937219958,-705.704372244367,166.266861862317,0.0,0.0,811.2899242878292,11.883039924867672,0.0,11.883039924867672,-1.2754462852680768,0.0,0.0,0.0,1.9805066541446117,-1000.0,0.0,0.0,-8.567652101962295,257.32386970021014,0.0,0.0,0.0,0.0,0.0,0.0,0.0,0.0,0.0,0.0,0.0,0.0,0.0,0.0,0.0,0.0,0.0,-442.4029308679519,0.0,0.0,11.883039924867672,0.0,12.279141255696594,12.279141255696594,0.0,-1000.0,1000.0,0.0,0.0,-399.7132731936264,0.0,0.0,275.29111505853604,0.0,0.0,0.0,0.0,0.0,3.0499802473827002,0.039610133082892234,166.27676439558772,0.0,0.0,405.4619090582481,-1000.0,0.0,0.0,0.0,0.0,44.85752141532885,0.0,0.0,0.0,0.0,0.0,-100.57956806689234,-100.57956806689234,0.0,0.0,0.0,0.0,173.19277869997953,0.0,0.0,-100.53995793380945,0.0,0.0,0.0,-1000.0,-876.7641781441948,0.0,0.0,0.0,0.0,0.0,0.0,0.0,0.0,0.0,0.0,0.0,0.0,0.0,0.0,-1000.0,0.0,0.0,0.0,0.0,0.0,675.8704428340027,0.0,147.11810627800423,-147.11810627800423,0.0,0.0,0.0,0.0,0.0,0.0,0.0,787.1836683019819,-610.6590720103983,0.0,0.0,0.0,0.0,0.0,0.0,0.0,0.0,0.0,0.0,0.0,0.0,0.0,285.24589650957046,310.05827447469864,212.81633169801808,0.0,0.0,0.0,124.42215813509036,0.0,0.0,0.0,0.0,0.0,37.98572032486396,0.0,0.0,0.0,0.0,0.0,0.0,0.0,0.0,0.0,0.0,49.597372395926236,0.0,0.0,-705.7637874439915,0.0,147.11810627800423,0.0,-212.81633169801808,0.0,0.0,124.42215813509036,48.32436236112853,0.0,0.0,0.0,-101.12270669155703,0.0,0.0,-599.0097915914108,0.0,1000.0,-599.0097915914108,0.0,1000.0,1000.0,0.0,437.1316780177933,675.8704428340027,0.0,135.07055381266252,0.0,0.0,0.0,220.60975113870688,0.0,-220.60975113870688,0.0,35.03866690421603,0.0,124.42215813509036,-1000.0,0.0,0.0,0.0,37.98572032486396,-0.05941519962433835,0.0,0.0,0.0,0.0,0.039610133082892234,0.0,0.0,0.0,988.1169600751323,0.0,0.0,-157.7725510789477,511.97618336068575,876.7641781441948,870.7344454940669,0.0,-694.0792100752956,0.0,-8.567652101962295,0.0,0.0,0.0,877.4052736041555,816.6739364711402,-1000.0,-1000.0,-1000.0,0.0,0.0,0.0,0.0,0.0,0.0,0.0,0.0,0.0,0.0,0.0,0.0,0.0,0.0,0.0,0.0,0.0,-1000.0,0.0,-953.0227794653194,0.0,0.0,0.0,0.0,0.0,0.0,-3.0499802473827002,0.0,0.0,0.0,0.0,0.0,183.32606352885983,0.0,227.85035158054148,0.0,-1000.0,-588.2879321715233,0.0,0.0,65.84924974129297,0.0,-434.1949222235704,812.1794468542748,-0.9902533270723058,-1.9805066541446117,-255.82947071208014,0.0,0.0,0.0,998.0194933458554,11.883039924867672,0.0,0.0,0.0,0.0,0.0,382.871089740247,0.0,-285.24589650957046,285.24589650957046,285.24589650957046,93.64562548538385,0.0,0.0,0.0,0.0,0.0,787.1836683019819,0.0,0.0,-48.45071748536244,0.0,0.0,141.14859443080076,0.0,0.0,0.0,0.0,-39.038986691710775,0.07922026616581092,0.0,0.0,0.0,0.0,0.0,0.0,0.0,0.0,0.0,485.42672781793414,0.0,0.0,0.0,0.0,0.0,0.0,0.0,0.0,0.0,0.043571146391291,0.043571146391291,0.0,373.32386989299204,0.0,23.766079849735345,0.0,0.0,0.0,1000.0,0.0,0.0,0.0,0.0,0.0,168.77685092375137,-1000.0,0.0,0.0,0.0,0.0,0.0,141.14859443080076,0.0,0.0,0.0,0.0,0.0,0.0,0.0,147.46764362265063,-988.1169600751323,337.21422124154174,204.36406398888428,3.0499802473827002,0.0,811.2899242878292,0.0,0.0,0.0,168.77685092375137,0.0,0.0,129.73786423204058,0.0,0.0,285.24589650957046,0.0,0.0,0.0,0.0,0.0,0.0,0.0,0.0,0.0,0.0,0.0,0.0,0.0,23.766079849735345,124.42215813509036,124.42215813509036,0.0,0.0,0.0,0.0,0.0,0.0,0.0,0.0,0.0,0.0,0.3961013308289224,0.0,0.0,0.0,0.0,0.0,0.0,0.0,0.0,11.883039924867672,0.0,0.0,0.0,0.0,204.36406398888428,0.0,0.0,0.0,0.0,0.0,868.4549228944412,0.0,0.0,11.883039924867672,11.883039924867672,1000.0,-1000.0,0.0,141.14859443080076,0.0,0.0,0.0,0.0,0.0,1000.0,787.1836683019819,990.3046078871139,0.039610133082892234,0.0,0.0,-893.8918341058105,897.0861084094238,0.0,0.0,-811.2899242878292,0.0,0.0,0.0,0.0,0.0,0.0,0.0,0.0,0.0,0.0,0.0,0.0,0.0,0.0,0.039610133082892234,0.0,0.0,0.0,96.77507984649097,-96.77507984649097,0.0,0.0,0.0,0.0,-3.0499802473827002,0.0,0.0,0.0,46.9772205346805,-2.970759981216918,-1.9805066541446117,0.0,0.0,0.0,0.0,0.0,0.0,0.0,0.0,0.0,0.0,0.0,0.0,124.42215813509036,876.7641781441948,0.0,0.0,1000.0,0.0,0.0,0.0,382.8314796071641,0.0,0.0,0.039610133082892234,0.0,0.039610133082892234,0.0,0.0,0.0,23.766079849735345,48.32436236112853,48.32436236112853,0.0,0.0,0.0,0.0,0.0,0.0,0.0,337.21422124154174,0.0,787.1836683019819,0.0,0.0,0.0,880.8157060625927,0.0,0.0,0.0,0.0,0.0,0.0,0.0,0.0,0.0,0.0,0.0,0.0,0.0,0.0,0.0,-120.66260423661345,120.66260423661345,0.05941519962433835,0.0,0.0,0.0,-11.883039924867672,0.0,0.0,0.0,0.0,0.0,-373.32386989299204,1.9805066541446117,0.0,0.0,0.0,0.0,-173.19277869997953,0.0,0.0,0.0,0.0,0.0,0.0,0.0,0.0,0.0,124.42215813509036,0.0,0.0,-418.8339522427435,88.07797338342155,0.0,394.2921946249633,-8.567652101962295,0.0,0.0,0.0,0.0,0.0,0.0,0.0,1.9805066541446117,1000.0,0.0,0.0,0.0,-48.45071748536244,0.0,0.0,0.0,0.0,0.0,0.0,0.0,0.0,0.0,-5.941519962433837,0.0,48.32436236112853,0.0,0.0,0.0,0.0,0.0,0.0,0.0,0.0,0.0,0.0,0.0,0.0,382.2361498366428,-488.62100212154735,-520.3272104441027,0.0,11.883039924867672,0.0,0.0,0.0,0.0,-102.16086938074018,0.0,0.0,0.043571146391291,0.0,0.0,0.0,24.162181180564264,0.0,0.0,0.0,0.0,310.05827447469864,0.0,257.32386970021014,0.0,0.0,0.0,0.0,0.0,0.0,-552.8596277030758,0.0,0.003961013308289337,0.003961013308289337,0.0,0.0,0.0,0.0,0.0,0.0,0.0,0.0,0.0,-893.8918341058105,0.0,0.0,0.0,0.0,0.0,373.32386989299204,0.0,0.0,0.0,0.0,0.0,0.0,0.0,675.8704428340027,0.0,0.0,0.0,0.0,0.0,0.0,727.1452497575824,0.0,0.0,0.0,23.766079849735345,0.0,0.0,0.0,0.0,0.0,0.0,-23.766079849735345,0.0,0.0,0.0,0.0,0.0,0.0,0.0,0.0,0.0,0.0,0.0,0.0,-990.3046078871139,-1000.0,907.9486472243739,-11.883039924867672,0.0,0.0,-47.13566106701147,0.0,0.0,0.0,0.0,0.0,0.0,0.0,0.0,0.0,437.5,0.0,-437.4999999999999,-437.4999999999999,0.0,0.0,0.0,0.0,-4.95126663536153,124.42215813509036,-2.970759981216918,877.8449460813757,0.0,0.0,0.0,0.0,0.0,0.0,-0.49512666353615303,48.45071748536244,0.0,0.0,0.0,0.0,0.0,0.0,0.0,1000.0,11.883039924867672,11.883039924867672,0.0,0.0,0.0,0.0,0.0,0.043571146391291,373.32386989299204,0.0,0.0,47.13566106701147,0.0,0.0,0.0,0.0,0.0,0.0,0.0,0.0,0.0,0.0,0.0,0.0,0.0,0.0,0.0,0.0,0.0,12.279141255696594,0.0,41.59063973703685,3.0499802473827002,0.0,0.0,0.0,0.0,0.0,373.32386989299204,0.0,-3.2559529394126887,0.0,0.0,0.0,-4.95126663536153,0.0,0.0,0.0,0.0,0.0,0.0,0.0,0.0,0.0,0.0,0.0,0.0,0.0,0.0,0.0,0.0,0.0,0.0,-0.039610133082892234,0.0,0.0,1.9805066541446117,-168.77685092375137,0.0,0.0,0.0,0.0,124.42215813509036,0.0,0.0,0.0,-877.4052736041555,0.9902533270723058,0.0,0.0,120.66260423661345,0.039610133082892234,0.0,39.61013308289223,0.0,7.922026616578447,0.2829295220206588,135.07055381266252,-0.029707599812169173,1.9805066541446195,0.7922026616578447,-0.19805066541386324,-135.07055381266252,11.88303992486767,-0.039610133082892234,2.8558840339874316,141.14859443080076,0.009902533270723058,0.2829295220206588,-8.567652101962295,-6.305933186795389,-0.7922026616578447,-290.0135717397891,-0.039610133082892234,0.009902533270723058,-135.07055381266252,3.9610133082892234,0.039610133082892234,0.039610133082892234,-373.2406886135179,0.04357114639118157,-43.46064644469189,-0.029707599812169173,11.883039924867672,0.039610133082892234,11.883039924867672,-19.80506654144612,-0.019805066541446117,15.738429233287633,-4.000623441372113,-0.029707599812169173,-0.039610133082892234,0.0,0.039610133082892234,3.9610133082892234,-0.7922026616578447,0.0,0.0,-3.9610133082892234,290.0135717397891,0.0,7.922026616578447,0.05941519962433835,-811.1701544838031,3.9610133082892234,-147.46764362265063,141.14859443080076,-7.922026616578447,0.019805066541446117,0.3961013308289224,39.44313776973693,96.0,-0.039610133082892234,-382.2361498366428,373.2406886135179,12.279141255696594,0.039610133082892234,6.305933186795389,93.61643473133017,141.14859443080076,-0.039610133082892234,-0.009902533270723058,-141.14859443080076,-0.039610133082892234,-296.3628563919209,0.039610133082892234,-0.009902533270723058,-0.009902533270723058,-0.009902533270723058,15.844053233156894,19.80506654144612,0.3961013308289224,29.346157347786686,-0.009902533270723058,76.03039150548642,1.9805066541446117,21.5,0.039610133082892234,0.019805066541446117,0.019805066541446117,12.324231456144423,0.0,0.039610133082892234,0.0,0.3961013308289224,0.039610133082892234,-29.346157347786686,0.039610133082892234,0.158440532330971,0.19805066541386324,0.019805066541446117,0.009902533270723058,11.883039924867672,-0.039610133082892234,43.46064644469189,0.39610133082892235,-58.69231469557337,0.9902533270722986,-3.9610133082892234,7.922026616578447,1.9805066541446117,-0.039610133082892234,8.567652101962295,0.05941519962433835,-0.039610133082892234,-24.64846291228885,0.0,167.22620281191706,0.019805066541446117,-43.0,-0.039610133082892234,-0.039610133082892234,-0.039610133082892234,0.019805066541446117,135.07055381266252,-7.922026616578447,0.039610133082892234,78.88627553947386,-0.009902533270723058,-0.04357114639118157,-78.88627553947386,5.941519962433834,4.000623441372116,395.89709232503014,135.07055381266252,-0.029707599812169173,382.2361498366428,-96.0,0.039610133082892234,-0.009902533270723057,1.9805066541446117,39.61013308289223,-0.019805066541446117,-0.039610133082892234,0.009902533270723058,0.0,0.0,516.8547216616287,0.0,-46.0,0.0,674.0976722921446,-31.0,0.0,-32.0,-93.0,-65.0,-294.29562775563295,16.0,23.0,46.5,0.0,15.5,-373.32386989299204,-65.06533343117688,294.29562775563295,65.0,-65.06533343117688,-674.0976722921446,288.2601121262626,0.0,1496.5981,hclb
404,0.0,0.0,0.0,0.0,0.0,0.0,0.0,0.0,373.0373554780965,0.0,0.0,0.0,0.0,0.0,0.0,0.0,-279.14487825990875,642.5510354057728,0.0,176.05791063880417,0.0,0.0,0.0,0.0,0.0,0.0,0.0,0.0,0.0,-578.9998130928628,0.0,0.0,17.990372537889442,0.0,0.0,0.0,0.0,999.8869104678494,0.0,-1000.0,1000.0,0.0,0.0,0.0,0.0,0.0,0.0,0.0,309.4787067138928,-335.5107350212916,0.0,240.03086862303812,0.0,0.031099621341354577,0.0,0.0,0.0,0.0,0.0,0.0,-265.67203847968756,0.0,537.3269437854863,271.6549053057987,0.0,0.0,0.0,0.0,287.4432426424964,0.0,0.0,0.2827238303769347,0.0,0.0,0.0,0.0,0.0,0.0,0.0,0.0,0.0,0.0,0.0,0.0,16.96342982261608,0.0,263.18218394683475,242.77885184684823,0.0,506.382256106874,-0.007068095759423365,0.0,0.0,664.2133464739288,8.48171491130804,0.0,8.48171491130804,0.0,0.0,0.0,0.0,1.4136191518846732,-1000.0,0.0,0.0,-12.384807796977642,303.64833558984424,0.0,0.0,0.0,0.0,0.0,0.0,0.0,0.0,0.0,0.0,0.0,0.0,0.0,0.0,0.0,0.0,0.0,-268.92385614884455,0.0,0.0,8.48171491130804,0.0,8.764438741684975,0.0,0.0,0.0,0.0,0.0,0.0,-797.2552729642327,0.0,0.0,797.2552729642327,0.0,0.0,0.0,0.0,0.0,265.35915744073714,0.02827238303769346,0.0,0.0,0.0,-307.2460498643944,0.0,0.0,0.0,0.0,0.0,109.98618972879865,0.0,0.0,0.0,0.0,0.0,999.9717276169623,999.9717276169623,0.0,0.0,0.0,0.0,913.2070404724857,0.0,0.0,1000.0,0.0,0.0,0.0,243.1590649069742,0.0,0.0,0.0,0.0,0.0,0.0,0.0,0.0,0.0,0.0,-52.22244972387489,0.0,0.0,0.0,0.0,-1000.0,0.0,0.0,0.0,0.0,0.0,335.5107350212916,-240.03086862303812,-506.382256106874,506.382256106874,0.0,0.0,0.0,0.0,0.0,0.0,0.0,421.00018690713716,-165.1546185258498,0.0,0.0,0.0,0.0,0.0,0.0,0.0,0.0,0.0,0.0,0.0,0.0,0.0,251.0014743941751,-28.093332510372427,788.696853261917,0.0,0.0,0.0,0.0,82.14448931319296,0.0,0.0,0.0,0.0,-265.67203847968756,788.696853261917,0.0,0.0,0.0,0.0,0.0,0.0,0.0,0.0,0.9103707338135791,5.654476607538693,0.0,0.0,227.19496927240868,733.5772253792827,-194.15556616917104,0.0,-788.696853261917,0.0,0.0,0.0,-685.5580672364144,0.0,0.0,0.0,-177.18520292015563,0.0,0.0,-801.2049961232872,-1000.0,0.0,198.79500387671308,0.0,1000.0,-506.382256106874,0.0,0.0,335.5107350212916,0.0,-3.264540638028194,0.0,0.0,0.0,0.0,0.0,0.0,0.0,1000.0,0.0,0.0,457.24709257876657,0.0,0.0,0.0,-265.67203847968756,-0.04240857455654019,0.0,0.0,0.0,0.0,0.02827238303769346,0.0,0.0,0.0,908.4634250416855,-279.14487825990875,0.0,-350.68579079937024,-388.0990365382761,0.0,1000.0,0.0,-333.5569157836555,0.0,-12.384807796977642,0.0,0.0,0.0,621.0001584261519,-287.4432426424964,0.0,481.2227878338157,-1000.0,0.0,0.0,0.0,0.0,0.0,0.0,0.0,0.0,0.0,0.0,0.0,0.0,0.0,0.0,0.0,0.0,0.0,0.0,0.0,-1000.0,0.0,0.0,0.0,0.0,0.0,0.0,686.3463692520916,0.0,0.0,0.0,463.57573480348435,0.0,0.0,0.0,0.0,-1000.0,0.0,-345.1212044666778,-1.4136191518846732,-1000.0,-125.0789091694358,0.0,-1.4136191518846732,381.51325642589916,999.2931904240577,0.0,0.0,0.0,1000.0,354.1729322465723,-309.9336194248671,8.48171491130804,0.0,0.0,0.0,577.0898564041502,0.0,373.0656278611342,0.0,-251.0014743941751,251.0014743941751,251.0014743941751,-477.3595252147112,0.0,0.0,-789.6030966065796,0.0,0.0,421.00018690713716,0.0,0.0,-4.979709065705606,0.0,765.6250000000007,8.48171491130804,0.0,0.0,0.0,0.0,-40.17276169623065,0.05654476607560355,0.0,0.0,0.0,0.0,0.0,0.0,0.0,0.0,0.0,287.4432426424964,0.0,0.0,0.0,0.0,0.0,0.0,0.0,0.0,0.0,0.031099621341354577,0.031099621341354577,0.0,341.3469977866364,0.0,16.96342982261608,0.0,0.0,0.0,1000.0,0.0,333.78334122019845,263.18218394683475,0.0,0.0,-168.07468937831538,-1000.0,0.0,0.0,0.0,0.0,0.0,8.48171491130804,0.0,0.0,0.0,0.0,0.0,0.0,0.0,89.64128538294818,-908.4634250416855,3.597714274550185,0.0,265.35915744073714,0.0,-335.7866535260712,1000.0,917.8555106868071,0.0,-168.07468937831538,0.0,0.0,-208.24745107454603,0.0,0.0,251.0014743941751,0.0,0.0,0.0,0.0,0.0,0.0,0.0,0.0,0.0,0.0,0.0,0.0,0.0,16.96342982261608,0.0,0.0,0.0,0.0,0.0,0.0,0.0,0.0,0.0,0.0,0.0,0.0,0.2827238303769347,0.0,0.0,263.18218394683475,-263.18218394683475,0.0,-240.03086862303812,0.0,0.0,8.48171491130804,0.0,0.0,0.0,0.0,0.0,0.0,0.0,0.0,0.0,0.0,-677.019807559031,1000.0,0.0,8.48171491130804,8.48171491130804,224.5638083131496,-1000.0,0.0,8.48171491130804,0.0,0.0,0.0,0.0,0.0,-92.04915582228125,421.00018690713716,0.0,0.028272383037688087,0.0,0.0,0.0,37.337720713136754,0.0,0.0,-664.2133464739288,0.0,0.0,0.0,0.0,0.0,0.0,0.0,0.0,0.0,0.0,0.0,0.0,0.0,0.0,0.02827238303769346,0.0,0.0,0.0,0.0,0.0,0.0,0.0,0.0,0.0,0.0,686.3463692520916,0.0,0.0,-1000.0,-2.12042872782701,-1.4136191518846732,0.0,0.0,0.0,0.0,0.0,0.0,0.0,0.0,0.0,0.0,0.0,0.0,0.0,0.0,0.0,0.0,691.4799997270176,0.0,0.0,0.0,373.0373554780965,0.0,0.0,0.02827238303769346,0.0,0.028272383037688087,0.0,0.0,0.0,16.96342982261608,34.49230730598603,34.49230730598603,0.0,0.0,0.0,0.0,0.0,0.0,0.0,3.597714274550185,0.0,421.00018690713716,0.0,0.0,0.0,623.4344106056972,0.0,0.0,0.0,0.0,0.0,0.0,0.0,0.0,0.0,0.0,0.0,0.0,0.0,82.14448931319296,0.0,0.0,0.0,0.04240857455654019,0.0,0.0,0.0,-8.48171491130804,0.0,0.0,0.0,0.0,0.0,-341.3469977866364,1.4136191518846732,0.0,0.0,0.0,0.0,-913.2070404724857,0.0,0.0,0.0,765.6250000000007,0.0,0.0,0.0,0.0,0.0,0.0,0.0,0.0,417.8532283759645,90.3455233924613,0.0,62.943237667011495,-12.384807796977642,0.0,686.3463692520916,0.0,-686.3463692520916,0.0,-720.0503745424005,0.0,1.4136191518846732,1000.0,0.0,0.0,0.0,-531.3440769593751,0.0,0.0,0.0,0.0,0.0,-952.6158974266423,0.0,0.0,0.0,395.68987623833823,-347.7082839701174,34.49230730598603,0.0,0.0,0.0,0.0,0.0,0.0,0.0,0.0,0.0,0.9103707338135791,0.0,0.0,0.0,-324.78096335563316,0.0,0.0,8.48171491130804,263.18218394683475,0.0,0.0,0.0,-90.97632072818293,0.0,0.0,0.031099621341354577,0.0,0.0,0.0,17.246153652993016,0.0,0.0,0.0,0.0,-28.093332510372427,0.0,303.64833558984424,0.0,0.0,0.0,0.0,0.0,0.0,168.53581033688044,0.0,0.0028272383037693466,0.0028272383037693466,0.0,0.0,0.0,0.0,0.0,0.0,0.0,0.0,0.0,0.0,0.0,0.0,0.0,0.0,0.0,341.3469977866364,0.0,0.0,0.0,0.0,0.0,0.0,0.0,335.5107350212916,0.0,0.0,0.0,526.3643678936695,0.0,-312.7840077901592,642.5510354057728,0.0,0.0,0.0,16.96342982261608,0.0,0.0,0.0,0.0,0.0,0.0,-16.96342982261608,0.0,526.3643678936695,0.0,0.0,0.0,0.0,0.0,0.0,0.0,0.0,0.0,0.0,0.0,-610.8263679884656,642.8009929865171,0.0,-8.48171491130804,0.0,999.8869104678494,0.0,0.0,0.0,0.0,0.0,0.0,0.0,0.0,0.0,226.5625,0.0,-226.56249999999997,-226.56249999999997,0.0,0.0,0.0,0.0,-3.534047879711683,0.0,-2.12042872782701,969.0222658479876,0.0,0.0,0.0,0.0,0.0,0.0,-0.3534047879711684,4.979709065705606,0.0,0.0,0.0,0.0,0.0,0.0,0.0,1000.0,8.48171491130804,8.48171491130804,0.0,0.0,0.0,0.0,0.0,0.031099621341354577,341.3469977866364,0.0,0.0,-999.8869104678494,0.0,0.0,0.0,0.0,0.0,0.0,0.0,0.0,0.0,0.0,0.0,0.0,0.0,0.0,0.0,0.0,0.0,0.0,0.0,29.686002189578144,265.35915744073714,0.0,0.0,0.0,0.0,0.0,341.3469977866364,0.0,-1.4136191518846732,0.0,0.0,0.0,-3.534047879711683,0.0,0.0,0.0,0.0,0.0,0.0,0.0,0.0,0.0,0.0,0.0,0.0,0.0,0.0,0.0,0.0,0.0,0.0,-0.028272383037688087,0.0,0.0,1.4136191518846732,168.07468937831538,0.0,0.0,0.0,0.0,0.0,0.0,0.0,0.0,-621.0001584261519,0.7068095759423366,0.0,0.0,0.0,0.02827238303769346,0.0,28.272383037693462,-8.764438741684975,5.654476607538694,0.20194559312638188,78.87994867516477,-0.021204287278270097,1.4136191518846732,0.5654476607538693,-0.14136191518832675,-78.87994867516477,8.48171491130804,-0.028272383037693465,4.128269265659214,8.48171491130804,0.007068095759423366,0.20194559312638188,-12.384807796977642,-267.6831473264354,-0.5654476607538693,-539.4640677846683,-0.028272383037693465,0.007068095759423366,-78.87994867516477,2.8272383037693465,0.028272383037693465,0.02827238303769346,-341.28762578225735,-263.1510843254933,-33.39351864016478,-0.021204287278270097,8.48171491130804,0.028272383037693465,8.48171491130804,-14.136191518846733,-0.014136191518846732,-51.82305549467859,-85.0,-0.021204287278270097,-0.028272383037693465,-8.764438741684975,0.02827238303769346,2.8272383037693465,-0.5654476607538693,82.14448931319296,82.14448931319296,-2.8272383037693465,539.4640677846683,-82.14448931319296,5.654476607538693,0.04240857455654019,-596.9459944215973,2.8272383037693465,-89.64128538294818,8.48171491130804,-5.654476607538693,0.01413619151884673,0.2827238303769347,87.67144769984256,96.0,-0.02827238303769346,-347.7082839701174,341.28762578225735,8.764438741684975,0.028272383037693465,267.6831473264354,-25.445144733924053,8.48171491130804,-0.02827238303769346,-0.007068095759423366,-8.48171491130804,-0.028272383037693465,-343.82109728607486,0.02827238303743767,-0.007068095759423365,-0.007068095759423365,-0.007068095759423365,11.308953215077386,14.136191518846733,0.2827238303769347,20.946301783050416,-0.007068095759423366,171.2146261340259,1.4136191518846732,21.5,0.02827238303769346,0.014136191518846732,0.014136191518846732,7.068095759423366,8.764438741684975,0.02827238303769346,-8.764438741684975,0.2827238303769347,0.028272383037693465,-20.946301783050416,0.028272383037693465,0.11308953215063866,0.14136191518832675,0.014136191518846732,0.007068095759423366,8.48171491130804,-0.028272383037693465,33.39351864016478,0.28272383037693466,-41.89260356610083,0.706809575942337,-2.8272383037693465,5.654476607538693,1.4136191518846732,-0.028272383037693465,12.384807796977642,0.04240857455654019,-0.028272383037693465,-14.13619151884673,8.764438741684975,266.5296728388754,0.014136191518846732,-43.0,-0.028272383037693465,-0.02827238303743767,-0.028272383037693465,0.014136191518846732,78.87994867516477,-5.654476607538693,0.02827238303769346,175.34289539968512,-0.007068095759423365,263.1510843254933,-175.34289539968512,4.2408574556540195,85.0,-7.559799356104678,78.87994867516477,-0.021204287278270097,347.7082839701174,-96.0,0.028272383037693465,-0.007068095759423364,464.98935395536904,28.272383037693462,-0.014136191518846732,-0.028272383037693465,0.007068095759423366,836.2311103839492,0.0,596.9318582300784,0.0,-46.0,0.0,682.090667341283,-31.0,0.0,-32.0,-93.0,-65.0,0.0,16.0,23.0,46.5,0.0,15.5,-341.3469977866364,-175.5533521106925,0.0,65.0,-175.5533521106925,-682.090667341283,352.35428688571886,0.0,1496.5981,hclb
405,0.0,0.0,0.0,0.0,0.0,0.0,0.0,0.0,-0.02298553968322142,0.0,0.0,0.0,0.0,0.0,0.0,0.0,-208.19967838774642,740.2062940573528,0.0,-196.65447394600648,0.0,0.0,0.0,0.0,0.0,0.0,0.0,0.0,0.0,-1000.0,263.3276982984191,-263.3276982984191,19.398599709799928,0.0,0.0,0.0,0.0,999.9080578412675,0.0,-1000.0,1000.0,0.0,0.0,1000.0,0.0,0.0,0.0,0.0,368.1721810927618,0.0,0.0,159.97250270501542,0.0,0.025284093651525463,0.0,0.0,0.0,4.597107936644284,0.0,0.0,-89.8001592942416,0.0,1000.0,910.1998407057584,0.0,0.0,0.0,0.0,715.7202675419878,-715.7202675419878,0.0,0.22985539683221423,0.0,0.0,0.0,0.0,0.0,0.0,0.0,269.60838189697864,0.0,0.0,0.0,0.0,13.791323809932853,0.0,0.0,-289.41731483914924,1000.0,-375.2305434372508,-0.005746384920805355,0.0,0.0,-244.36601562958873,6.895661904966427,0.0,6.895661904966427,0.0,390.4950828422117,0.0,0.0,35.0528942266188,-1000.0,0.0,0.0,-11.093419863200895,211.62767460878584,0.0,0.0,0.0,0.0,0.0,0.0,0.0,0.0,0.0,0.0,0.0,0.0,0.0,0.0,0.0,0.0,0.0,-420.9285863322456,0.0,0.0,6.895661904966427,0.0,7.125517301798641,4.551658039460413,0.0,-420.78364226139513,1000.0,-579.2163577386049,579.2163577386049,-1000.0,0.0,0.0,1000.0,0.0,0.0,0.0,0.0,0.0,1.769886555608049,0.02298553968322142,0.0,0.0,0.0,-1000.0,373.4807558613355,0.0,0.0,0.0,0.0,107.58676020808807,0.0,0.0,0.0,0.0,0.0,321.324150710314,321.324150710314,0.0,0.0,0.0,0.0,0.0,0.0,0.0,584.6748345484162,0.0,0.0,0.0,-1000.0,-639.3629309255479,0.0,0.0,0.0,0.0,0.0,0.0,0.0,0.0,0.0,-347.7193675549149,0.0,0.0,0.0,0.0,-573.9940368387794,0.0,0.0,0.0,0.0,0.0,0.0,-159.97250270501542,-624.7694565627492,624.7694565627492,0.0,0.0,0.0,0.0,0.0,0.0,0.0,0.0,-527.5787308671682,0.0,0.0,0.0,0.0,0.0,0.0,0.0,0.0,0.0,0.0,0.0,0.0,0.0,284.55597307829663,381.0857854031672,1000.0,0.0,0.0,0.0,0.0,82.67846049199464,0.0,0.0,0.0,0.0,-89.8001592942416,0.0,263.3276982984191,0.0,0.0,0.0,0.0,0.0,0.0,0.0,264.06783267621773,0.0,0.0,0.0,-1000.0,624.7694565627492,-705.987093014152,0.0,-1000.0,0.0,0.0,0.0,-916.3766833354291,0.0,0.0,0.0,-46.20450902414359,0.0,0.0,573.1623625133964,0.0,1000.0,-426.83763748660357,1000.0,0.0,375.2305434372508,0.0,0.0,0.0,0.0,-9.445488696886002,0.0,0.0,0.0,0.0,0.0,0.0,0.0,1000.0,0.0,0.0,0.0,0.0,0.0,0.0,-89.8001592942416,-0.03447830952483213,0.0,0.0,0.0,0.0,0.02298553968322142,0.0,0.0,0.0,220.3520817656006,-208.19967838774642,0.0,-419.06352488617966,175.5320867766627,639.3629309255479,931.4927698416108,0.0,1.9790549667253459,0.0,-11.093419863200895,0.0,0.0,0.0,-1.9790549667253459,0.0,0.0,-953.5081717298161,-1000.0,0.0,0.0,0.0,0.0,0.0,0.0,0.0,0.0,0.0,0.0,0.0,0.0,0.0,0.0,0.0,0.0,0.0,0.0,0.0,-1000.0,0.0,0.0,0.0,0.0,0.0,0.0,175.43322126111514,0.0,390.4950828422117,0.0,0.0,33.90361724245773,-715.7202675419878,0.0,356.8475609731052,0.0,0.0,0.0,0.0,0.0,-30.950029183457644,0.0,-374.94864657849513,0.0,-0.5746384920805355,-1.149276984161071,376.6725620547367,0.0,0.0,60.49179994400242,-14.940600794093925,6.895661904966427,0.0,0.0,0.0,426.63859326680074,0.0,0.0,0.0,-284.55597307829663,284.55597307829663,284.55597307829663,-327.14228134024415,0.0,0.0,-415.37113653095025,0.0,0.0,0.0,0.0,0.0,-179.6003185884832,0.0,0.0,75.40289206335572,0.0,0.0,0.0,0.0,-40.70144603167786,0.04597107936641736,0.0,0.0,0.0,0.0,0.0,0.0,0.0,0.0,0.0,0.0,0.0,0.0,0.0,0.0,0.0,0.0,0.0,0.0,0.0,0.025284093651525463,0.025284093651525463,263.3276982984191,375.9588651416523,0.0,13.791323809932853,0.0,0.0,0.0,1000.0,0.0,0.0,0.0,0.0,0.0,-166.692739947403,-1000.0,0.0,0.0,0.0,0.0,0.0,75.40289206335572,0.0,0.0,0.0,0.0,0.0,0.0,0.0,140.30952877741518,-220.3520817656006,414.89156952987867,0.0,1.769886555608049,0.0,0.0,-244.36601562958873,-327.04447612158333,0.0,-166.692739947403,0.0,0.0,-207.39418597908085,0.0,0.0,284.55597307829663,0.0,0.0,0.0,0.0,0.0,0.0,0.0,0.0,0.0,0.0,0.0,0.0,0.0,13.791323809932853,0.0,0.0,0.0,0.0,0.0,0.0,0.0,0.0,0.0,0.0,0.0,0.0,0.22985539683221423,0.0,263.3276982984191,0.0,0.0,263.3276982984191,-159.97250270501542,0.0,0.0,6.895661904966427,0.0,0.0,0.0,0.0,0.0,0.0,0.0,0.0,0.0,0.0,-648.9345734337135,1000.0,0.0,6.895661904966427,6.895661904966427,1000.0,-1000.0,0.0,75.40289206335572,0.0,0.0,0.0,0.0,0.0,953.5081717298161,0.0,1000.0,0.02298553968322142,0.0,0.0,0.0,12.149056642378412,0.0,0.0,244.36601562958873,0.0,0.0,0.0,0.0,0.0,0.0,0.0,0.0,0.0,0.0,0.0,0.0,0.0,0.0,0.02298553968322142,0.0,0.0,0.0,0.0,0.0,0.0,0.0,0.0,0.0,0.0,565.9283041033268,0.0,0.0,-1000.0,-1.7239154762416067,-1.149276984161072,0.0,0.0,0.0,0.0,0.0,0.0,0.0,0.0,0.0,0.0,0.0,0.0,0.0,639.3629309255479,0.0,0.0,-13.791323809932853,0.0,0.0,0.0,-0.02298553968322142,0.0,0.0,0.02298553968322142,0.0,0.02298553968322142,0.0,0.0,0.0,13.791323809932853,28.042358413530135,28.042358413530135,0.0,0.0,0.0,0.0,0.0,0.0,0.0,414.89156952987867,0.0,0.0,0.0,0.0,0.0,0.0,0.0,0.0,0.0,0.0,0.0,0.0,0.0,0.0,0.0,0.0,0.0,0.0,0.0,82.67846049199464,0.0,0.0,0.0,0.03447830952483213,0.0,0.0,0.0,-6.895661904966427,0.0,0.0,0.0,0.0,0.0,-375.9588651416523,1.149276984161071,0.0,0.0,0.0,0.0,0.0,0.0,0.0,0.0,0.0,0.0,0.0,0.0,0.0,0.0,0.0,0.0,0.0,186.33391417467152,91.40289206335572,0.0,475.29446159323436,-11.093419863200895,0.0,175.43322126111514,390.4950828422117,-565.9283041033268,0.0,-944.4190417489592,0.0,1.149276984161072,901.5610853882702,0.0,0.0,-263.3276982984191,-179.6003185884832,0.0,0.0,0.0,0.0,0.0,-177.94324219452187,0.0,0.0,0.0,344.27153660243164,0.0,28.042358413530135,0.0,-734.375,-734.375,997.702698298419,0.0,0.0,0.0,0.0,0.0,264.06783267621773,0.0,0.0,381.13061157037714,-12.149056642378412,-512.2149272469874,0.0,6.895661904966427,0.0,0.0,0.0,0.0,-39.865763841939895,0.0,0.0,0.025284093651525463,0.0,0.0,0.0,14.021179206765067,0.0,0.0,0.0,0.0,381.0857854031672,0.0,211.62767460878584,0.0,0.0,0.0,0.0,0.0,0.0,0.0,0.0,0.0022985539683304523,0.0022985539683222076,0.0,0.0,0.0,0.0,0.0,0.0,0.0,0.0,0.0,0.0,263.3276982984191,0.0,0.0,0.0,0.0,375.9588651416523,0.0,0.0,0.0,0.0,0.0,0.0,0.0,0.0,0.0,0.0,0.0,0.0,0.0,-404.8541523337529,740.2062940573528,0.0,0.0,0.0,13.791323809932853,0.0,0.0,0.0,0.0,0.0,71.88037132975069,-85.67169513968354,0.0,0.0,0.0,0.0,0.0,0.0,0.0,0.0,0.0,263.3276982984191,263.3276982984191,0.0,-1000.0,-1000.0,15.745094683006679,848.5531613624998,-855.4488232674663,0.0,999.9080578412675,0.0,0.0,0.0,0.0,0.0,0.0,0.0,0.0,0.0,0.0,0.0,0.0,0.0,0.0,0.0,0.0,0.0,-2.8731924604026786,0.0,-35.62753271869933,-1.723915476241606,0.0,0.0,0.0,0.0,0.0,-0.28731924604026776,0.0,179.6003185884832,0.0,0.0,0.0,0.0,0.0,0.0,0.0,1000.0,6.895661904966427,6.895661904966427,0.0,0.0,0.0,0.0,269.60838189697864,0.025284093651525463,375.9588651416523,0.0,0.0,-999.9080578412675,0.0,0.0,0.0,0.0,0.0,0.0,0.0,0.0,0.0,0.0,0.0,0.0,0.0,0.0,0.0,0.0,0.0,4.551658039460413,0.0,24.134816667382495,0.0,0.0,1.769886555608049,0.0,0.0,0.0,375.9588651416523,0.0,-1.149276984161072,0.0,0.0,0.0,-2.8731924604026786,0.0,0.0,0.0,0.0,0.0,0.0,0.0,0.0,0.0,0.0,0.0,0.0,0.0,0.0,0.0,0.0,0.0,0.0,-0.02298553968322142,0.0,0.0,1.149276984161071,166.692739947403,0.0,0.0,0.0,0.0,0.0,0.0,0.0,0.0,1.9790549667253459,0.5746384920805355,0.0,0.0,0.0,0.02298553968322142,0.0,22.98553968322142,-2.5738592623382246,4.597107936644284,0.16418242630872443,73.2329717951086,-0.017239154762416064,18.101085605389933,0.45971079366442846,-0.11492769841572681,-73.2329717951086,6.895661904966427,-0.02298553968322142,3.697806621066965,75.40289206335572,0.005746384920805355,0.16418242630872443,-11.093419863200895,-3.6592979175678124,262.8679875047546,-335.35214172359997,-0.02298553968322142,0.005746384920805355,-73.2329717951086,2.298553968322142,0.02298553968322142,0.02298553968322142,-375.91059550831756,0.02528409365152129,-37.913206015076,-0.017239154762416064,6.895661904966427,0.02298553968322142,6.895661904966427,-11.492769841610711,-0.01149276984161071,-47.48671446661028,-85.0,-0.017239154762416064,-0.02298553968322142,-2.5738592623382246,0.02298553968322142,2.298553968322142,-0.45971079366442846,82.67846049199464,82.67846049199464,-2.298553968322142,335.35214172359997,-82.67846049199464,4.597107936644284,0.03447830952483213,324.520774754732,2.298553968322142,-140.30952877741518,75.40289206335572,-4.597107936644284,0.01149276984161071,0.22985539683221423,104.76588122154492,96.0,-0.02298553968322142,-381.13061157037714,375.91059550831756,7.125517301798641,0.02298553968322142,3.6592979175678124,47.82024444348998,75.40289206335572,-0.02298553968322142,-0.005746384920805355,-75.40289206335572,-0.02298553968322142,-252.32912064046369,0.022985539683164576,-0.005746384920805355,-0.005746384920805355,-0.005746384920805355,9.194215873288568,11.492769841610711,0.22985539683221423,225.29706164554455,-0.005746384920805355,205.83395582202286,1.149276984161071,21.5,0.02298553968322142,0.01149276984161071,0.01149276984161071,40.0,2.5738592623382246,0.02298553968322142,-2.5738592623382246,0.22985539683221423,0.02298553968322142,-641.8323615110224,0.02298553968322142,0.09194215873253597,0.11492769841572681,0.01149276984161071,0.005746384920805355,6.895661904966427,-0.02298553968322142,37.913206015076,-131.4339937523773,-450.5941232910891,17.5264471133094,-2.298553968322142,4.597107936644284,1.149276984161071,-0.02298553968322142,11.093419863200895,0.03447830952483213,-0.02298553968322142,-80.0,2.5738592623382246,89.45984196906662,0.01149276984161071,-43.0,-0.02298553968322142,-0.022985539683164576,-0.02298553968322142,0.01149276984161071,73.2329717951086,-4.597107936644284,0.02298553968322142,209.53176244308983,-0.005746384920805355,-0.02528409365152129,-209.53176244308983,3.4478309524832125,85.0,-169.65015330140935,73.2329717951086,-0.017239154762416064,381.13061157037714,-96.0,0.02298553968322142,-0.005746384920805354,1.149276984161072,22.98553968322142,-0.01149276984161071,-0.02298553968322142,0.005746384920805355,379.8352713252102,0.0,-324.53226752457357,416.5352998654779,-46.0,0.0,-80.35379711389419,-31.0,0.0,-32.0,-93.0,-65.0,0.0,16.0,23.0,46.5,0.0,15.5,-375.9588651416523,-49.59407812712672,0.0,65.0,-49.59407812712672,80.35379711389419,-65.23629776285316,0.0,1496.5981,hclb
406,0.0,0.0,0.0,0.0,0.0,0.0,0.0,0.0,-0.03577911023058821,0.0,0.0,0.0,0.0,0.0,0.0,0.0,0.0,672.5563785845177,0.0,212.43428335763724,0.0,0.0,0.0,829.292701390019,0.0,227.2312183708475,0.0,0.0,0.0,0.0,0.0,0.0,30.209281663905365,0.0,0.0,0.0,0.0,-138.72944222211615,0.0,-812.9842672871416,1000.0,0.0,0.0,0.0,0.0,0.0,0.0,0.0,974.2257987909518,-1000.0,0.0,186.66008214858905,0.0,0.03935702125228747,0.0,0.0,0.0,0.0,0.0,0.0,-3.8045190096231636,0.0,-817.5146558818808,-864.8480895747344,758.5432583156679,0.0,0.0,0.0,0.0,0.0,0.0,0.35779110230588207,0.0,0.0,0.0,0.0,0.0,0.0,0.0,0.0,0.0,0.0,-117.95368915598831,0.0,21.467466138352925,0.0,15.163210263059014,-727.0992729355182,-175.47578176468966,0.0,172.99355139081308,0.0,0.0,0.0,10.733733069176463,0.0,10.733733069176463,0.0,0.0,0.0,0.0,98.44313499387074,-1000.0,0.0,0.0,0.0,0.0,0.0,0.0,0.0,0.0,0.0,0.0,0.0,0.0,0.0,0.0,0.0,0.0,0.0,0.0,0.0,0.0,0.0,-521.0312283038203,0.0,0.0,10.733733069176463,0.0,11.091524171482343,11.091524171482343,0.0,0.0,0.0,0.0,0.0,0.0,0.0,0.0,-43.52891468323047,0.0,0.0,0.0,0.0,0.0,135.87189090680263,0.03577911023058822,173.00249616837073,0.0,0.0,0.0,0.0,0.0,0.0,117.95368915598831,0.0,-149.25511505377352,0.0,0.0,0.0,0.0,0.0,626.0898445933242,626.0898445933242,0.0,0.0,0.0,0.0,0.0,0.0,0.0,626.1256237035548,0.0,0.0,0.0,413.5636548470983,0.0,0.0,0.0,0.0,0.0,0.0,0.0,0.0,0.0,0.0,0.0,0.0,0.0,0.0,0.0,-1000.0,0.0,0.0,0.0,0.0,0.0,1000.0,-186.66008214858905,175.47578176468966,-175.47578176468966,0.0,0.0,0.0,0.0,0.0,0.0,0.0,1000.0,-946.6282108249412,0.0,0.0,0.0,0.0,0.0,0.0,0.0,0.0,0.0,0.0,0.0,0.0,0.0,453.1304834290002,16.39671209246618,-787.5657166423628,0.0,0.0,0.0,43.52891468323047,0.0,0.0,0.0,0.0,0.0,-3.8045190096231636,-787.5657166423628,0.0,0.0,0.0,0.0,0.0,0.0,0.0,0.0,185.9121568793701,7.155822046117642,0.0,0.0,-649.0484364706207,-1000.0,235.94222547153436,0.0,787.5657166423628,0.0,0.0,43.52891468323047,0.0,0.0,0.0,0.0,-25.697181352012535,0.0,0.0,-1000.0,-1000.0,143.5730878820679,-1000.0,1000.0,143.57308788206768,0.0,0.0,1000.0,1000.0,0.0,122.00676588630577,0.0,0.0,0.0,242.93862119735903,0.0,-242.93862119735903,0.0,580.5644346939166,0.0,43.52891468323047,-946.6282108249412,0.0,0.0,0.0,-3.8045190096231636,-0.05366866534588231,0.0,0.0,0.0,0.0,0.03577911023058822,0.0,0.0,0.0,803.3541100514535,0.0,0.0,-244.2152986349884,-25.299920677276496,0.0,894.3606404320636,0.0,-1000.0,0.0,0.0,0.0,0.0,0.0,-3.0805813908522848,51.25715331633944,951.8234280745129,-973.8555797701051,-1000.0,0.0,0.0,0.0,0.0,0.0,0.0,0.0,0.0,0.0,0.0,0.0,0.0,0.0,0.0,0.0,0.0,0.0,-1000.0,0.0,-861.4136742188065,117.95368915598831,0.0,184.76006952994422,0.0,0.0,0.0,-321.7840477861727,0.0,0.0,0.0,0.0,96.65417948234133,-51.25715331633944,268.0015427619908,0.0,99.05027016855664,0.0,0.0,0.0,-1000.0,0.0,-268.0015427619908,-50.11604525270008,900.8049687333903,-99.94474792432135,-1.7889555115294105,-568.7399666036187,0.0,889.6857489836567,-112.32725274250663,0.0,10.733733069176463,-265.62500000126835,265.62500000126835,0.0,0.0,0.0,0.0,453.1304834290002,0.0,0.0,0.0,-107.95249747481063,0.0,0.0,0.0,0.0,0.0,1000.0,0.0,0.0,-20.811532176358412,0.0,796.8750000000025,116.37309263711282,0.0,0.0,0.0,0.0,5.662979023289719,0.07155822046119745,0.0,0.0,0.0,0.0,0.0,0.0,0.0,0.0,0.0,0.0,0.0,0.0,0.0,0.0,0.0,0.0,0.0,0.0,0.0,0.03935702125228747,0.03935702125228747,0.0,541.9746613828826,0.0,21.467466138352925,0.0,0.0,0.0,1000.0,0.0,0.0,15.163210263059014,0.0,0.0,-56.58916947646455,-1000.0,0.0,0.0,0.0,0.0,0.0,116.37309263711282,0.0,0.0,0.0,0.0,0.0,0.0,0.0,173.67707610127343,-803.3541100514535,0.0,0.0,17.918201750814312,0.0,0.0,0.0,0.0,0.0,-56.58916947646455,0.0,949.0738095468251,-1000.0,0.0,0.0,453.1304834290002,0.0,0.0,0.0,0.0,0.0,0.0,0.0,0.0,0.0,0.0,0.0,0.0,0.0,21.467466138352925,43.52891468323047,43.52891468323047,0.0,0.0,0.0,0.0,0.0,0.0,0.0,0.0,0.0,0.0,0.35779110230588207,0.0,0.0,15.163210263059014,-15.163210263059014,0.0,-186.66008214858905,0.0,0.0,10.733733069176463,0.0,0.0,0.0,0.0,0.0,0.0,0.0,0.0,0.0,0.0,840.0979926796567,0.0,0.0,10.733733069176463,10.733733069176463,1000.0,-1000.0,0.0,116.37309263711282,0.0,0.0,0.0,0.0,0.0,973.8555797701051,1000.0,1000.0,0.03577911023058822,0.0,0.0,0.0,2.8853296750238635,0.0,0.0,0.0,0.0,0.0,0.0,0.0,0.0,0.0,0.0,0.0,0.0,0.0,0.0,0.0,0.0,0.0,0.03577911023058822,0.0,0.0,0.0,0.0,0.0,0.0,0.0,0.0,0.0,0.0,-137.0239782562286,0.0,0.0,138.58632578119352,-2.683433267294116,-1.7889555115294797,0.0,0.0,0.0,0.0,0.0,0.0,0.0,0.0,0.0,0.0,0.0,0.0,43.52891468323047,0.0,0.0,0.0,891.4747044951861,0.0,0.0,0.0,-0.03577911023058822,0.0,0.0,0.03577911023058822,0.0,0.03577911023058822,0.0,0.0,0.0,21.467466138352925,43.650514481317614,43.650514481317614,0.0,0.0,0.0,0.0,0.0,0.0,0.0,0.0,0.0,1000.0,0.0,0.0,0.0,0.0,0.0,0.0,0.0,0.0,0.0,0.0,0.0,0.0,0.0,0.0,0.0,0.0,0.0,0.0,0.0,-227.2312183708475,227.2312183708475,0.05366866534588231,0.0,0.0,0.0,-10.733733069176463,0.0,0.0,0.0,0.0,0.0,-541.9746613828826,1.7889555115294105,0.0,0.0,0.0,0.0,0.0,-640.5511683526336,0.0,0.0,796.8750000000025,0.0,0.0,0.0,0.0,0.0,43.52891468323047,0.0,0.0,1000.0,88.84417795388237,0.0,57.84417795388236,0.0,0.0,-962.3352161388063,0.0,962.3352161388063,117.95368915598831,-43.650514481317614,0.0,1.7889555115294797,823.5946515717757,0.0,0.0,0.0,-51.13795270247644,0.0,0.0,0.0,0.0,0.0,0.0,0.0,0.0,0.0,544.6580946501767,-550.0249611847648,43.650514481317614,0.0,0.0,0.0,0.0,0.0,0.0,0.0,0.0,0.0,185.9121568793701,0.0,0.0,0.0,-2.8853296750238635,-931.3113968624752,0.0,10.733733069176463,15.163210263059014,0.0,0.0,0.0,-138.010946660986,0.0,0.0,0.03935702125228747,0.0,0.0,0.0,21.825257240658807,0.0,0.0,0.0,0.0,16.39671209246618,0.0,0.0,0.0,0.0,0.0,0.0,0.0,0.0,0.0,0.0,0.003577911023058821,0.003577911023058821,0.0,0.0,0.0,0.0,0.0,0.0,0.0,0.0,0.0,0.0,0.0,0.0,0.0,0.0,0.0,541.9746613828826,0.0,0.0,0.0,0.0,0.0,0.0,0.0,1000.0,0.0,0.0,0.0,30.326420526118028,1000.0,1000.0,672.5563785845177,0.0,0.0,0.0,21.467466138352925,0.0,0.0,0.0,0.0,0.0,0.0,-21.467466138352925,0.0,30.326420526118028,0.0,0.0,0.0,0.0,0.0,0.0,0.0,0.0,0.0,0.0,-1000.0,-1000.0,24.508690507952924,864.3565515807751,-875.0902846499515,0.0,-138.72944222211615,0.0,0.0,0.0,0.0,0.0,0.0,0.0,0.0,0.0,289.0625,0.0,-289.0625,-289.0625,0.0,0.0,0.0,0.0,-4.472388778823596,43.52891468323047,-99.33761274963545,547.3415279174708,0.0,0.0,0.0,0.0,0.0,-276.6652288855472,276.21799000766487,138.76522133234673,0.0,0.0,0.0,0.0,0.0,0.0,0.0,1000.0,10.733733069176463,10.733733069176463,0.0,0.0,0.0,0.0,0.0,0.03935702125228747,541.9746613828826,0.0,0.0,138.72944222211615,0.0,0.0,0.0,0.0,0.0,0.0,0.0,0.0,0.0,0.0,0.0,0.0,0.0,0.0,0.0,0.0,0.0,11.091524171482343,0.0,37.56806574211762,17.918201750814312,0.0,0.0,0.0,0.0,0.0,541.9746613828826,0.0,823.5222823710484,0.0,0.0,0.0,-4.472388778823596,0.0,0.0,0.0,0.0,0.0,0.0,0.0,0.0,0.0,0.0,0.0,0.0,0.0,0.0,0.0,0.0,0.0,0.0,-0.03577911023058822,0.0,0.0,1.7889555115294105,56.58916947646455,0.0,0.0,0.0,0.0,43.52891468323047,0.0,0.0,0.0,3.0805813908522848,0.8944777557647114,0.0,0.0,227.2312183708475,0.03577911023058822,0.0,35.77911023058821,0.0,7.155822046117642,0.2555650730756301,122.00676588630577,-0.026834332672941157,50.11604525270008,0.7155822046117642,-0.17889555115320377,-122.00676588630577,10.733733069176463,-0.03577911023058821,0.0,116.37309263711282,0.008944777557647053,0.2555650730756301,0.0,-20.85924461176964,-0.7155822046117642,-884.9906619421549,-0.03577911023058821,0.008944777557647053,-122.00676588630577,3.577911023058821,0.03577911023058821,0.03577911023058821,-541.8995252513997,-15.123853241805367,-24.546302640615636,-0.026834332672941157,10.733733069176463,0.03577911023058821,10.733733069176463,-17.889555115294105,-0.017889555115294106,173.80141769438916,-3.613690133289409,-0.026834332672941157,-0.03577911023058821,0.0,0.03577911023058822,3.577911023058846,-0.7155822046117642,0.0,0.0,-3.577911023058821,884.9906619421549,0.0,7.155822046117642,0.05366866534588231,-300.82110652697656,3.577911023058821,-173.67707610127343,116.37309263711282,-7.155822046117642,0.017889555115294106,0.35779110230588207,61.0538246587471,96.0,-0.03577911023058821,-550.0249611847648,541.8995252513997,11.091524171482343,0.03577911023058821,20.85924461176964,73.43816036040698,116.37309263711282,-0.03577911023058821,-0.008944777557647053,-116.37309263711282,-0.03577911023058821,5.662979023289719,0.03577911023051075,-0.008944777557647053,-0.008944777557647053,-0.008944777557647053,14.311644092235284,17.889555115294105,0.35779110230588207,351.0052321947252,-0.008944777557647053,122.1076493174942,1.7889555115294105,-1.0425340001154488,0.03577911023058821,0.017889555115294106,0.017889555115294106,40.0,0.0,0.03577911023058822,0.0,0.35779110230588207,0.03577911023058821,-1000.0,0.03577911023058821,0.14311644092262554,0.17889555115320377,0.017889555115294106,0.008944777557647053,10.733733069176463,-0.03577911023058821,24.546302640615636,0.3577911023058821,-702.0104643894504,49.22156749693537,-3.577911023058846,7.155822046117642,1.7889555115294105,-0.03577911023058821,0.0,0.05366866534588231,-0.03577911023058821,-80.0,0.0,174.31345924505226,0.017889555115294106,2.0850680002308977,-0.03577911023058821,-0.03577911023051075,-0.03577911023058821,0.017889555115294106,122.00676588630577,-7.155822046117642,0.03577911023058822,122.1076493174942,-0.008944777557647053,15.123853241805367,-122.1076493174942,5.366866534588231,3.613690133289409,265.41637265620875,122.00676588630577,-0.026834332672941157,550.0249611847648,-96.0,0.03577911023058821,-0.008944777557647051,1.7889555115294797,35.77911023058821,-0.017889555115294106,-0.03577911023058821,0.008944777557647053,0.0,0.0,300.8032169718613,648.9947678052748,-46.0,0.0,783.3794869359284,-31.0,0.0,-32.0,100.79667542869299,-65.0,0.0,16.0,23.0,-50.398337714346496,0.0,15.5,-541.9746613828826,-36.30251258406625,0.0,65.0,-36.30251258406625,-783.3794869359284,353.1817077762313,0.0,1496.5981,hclb
407,0.0,0.0,0.0,0.0,0.0,0.0,0.0,0.0,225.033581436504,0.0,0.0,0.0,0.0,0.0,0.0,0.0,259.3104960317834,0.0,0.0,90.86620094467844,0.0,0.0,0.0,609.074886996169,0.0,0.0,0.0,0.0,0.0,-291.4200822151927,0.0,0.0,455.9787601488861,0.0,0.0,0.0,0.0,-6.940265962041602,0.0,-1000.0,950.5247463832676,0.0,-986.5382441396615,0.0,0.0,0.0,0.0,0.0,-873.9819577694642,0.0,0.0,0.0,0.0,0.053411561741540936,0.0,0.0,0.0,0.0,0.0,0.0,-4.276162003662004,0.0,4.276162003662004,0.0,0.0,0.0,0.0,0.0,294.8657731148833,-294.8657731148833,0.0,0.4855596521950202,0.0,0.0,0.0,0.0,0.0,0.0,0.0,291.1257652424249,0.0,0.0,0.0,0.0,29.13357913170121,0.0,0.0,686.8916380925849,986.5382441396615,13.461755860338485,-0.012138991304875503,0.0,0.0,-725.4331190536516,14.566789565850605,0.0,49.4752536167324,-1.5635020800629036,0.0,0.0,0.0,2.4277982609751008,-1000.0,0.0,0.0,-8.89062510446441,0.0,0.0,0.0,0.0,0.0,0.0,0.0,0.0,0.0,0.0,0.0,0.0,0.0,0.0,0.0,0.0,0.0,0.0,-303.3719796024127,0.0,0.0,49.4752536167324,0.0,15.052349218045627,15.052349218045627,0.0,-368.90397945530185,0.0,368.90397945530185,-368.90397945530185,0.0,-46.87500000001565,46.87500000001565,0.0,0.0,0.0,0.0,0.0,0.0,3.7388093219017264,0.04855596521950201,0.0,0.0,0.0,-726.2540649572758,0.0,0.0,0.0,0.0,0.0,253.16580397076737,0.0,0.0,0.0,0.0,0.0,189.85833977586475,189.85833977586475,0.0,0.0,0.0,0.0,-1000.0,0.0,0.0,189.90689574108424,0.0,0.0,0.0,-1000.0,-817.0576663555661,0.0,0.0,0.0,0.0,0.0,0.0,0.0,0.0,0.0,0.0,0.0,0.0,0.0,0.0,-1000.0,0.0,0.0,0.0,0.0,0.0,0.0,986.5382441396615,-1000.0,1000.0,0.0,0.0,0.0,0.0,0.0,0.0,0.0,708.5799177848073,-224.52662373906242,0.0,0.0,0.0,0.0,0.0,0.0,0.0,0.0,0.0,0.0,0.0,0.0,0.0,248.33776109748058,778.9843564292637,-80.44670018678796,0.0,0.0,0.0,0.0,73.04165770517349,0.0,0.0,0.0,0.0,-4.276162003662004,-80.44670018678796,0.0,0.0,0.0,0.0,0.0,0.0,0.0,0.0,0.0,9.711193043900403,34.9084640508818,0.0,0.0,1000.0,-200.55207553721777,0.0,80.44670018678796,0.0,0.0,0.0,-181.79315133198327,0.0,0.0,0.0,-359.1835909204414,0.0,0.0,-758.9468046817658,0.0,0.0,-758.9468046817655,0.0,0.0,-13.461755860338485,0.0,-722.0434793784423,0.0,0.0,92.53418369332843,0.0,0.0,0.0,709.2210405911883,0.0,-709.2210405911883,0.0,850.9050323005596,0.0,0.0,0.0,0.0,0.0,0.0,-4.276162003662004,-0.07283394782925302,0.0,0.0,0.0,0.0,0.04855596521950201,0.0,0.0,0.0,877.4830886780941,259.3104960317834,0.0,-629.1546567682627,461.0200828801178,817.0576663555661,1000.0,0.0,164.07686700724764,0.0,-8.89062510446441,0.0,0.0,0.0,-4.1806686053992115,388.4072357019204,-548.3034341037688,-348.7893772991221,-1000.0,0.0,0.0,0.0,0.0,0.0,0.0,0.0,0.0,0.0,0.0,0.0,0.0,0.0,0.0,0.0,0.0,0.0,-1000.0,0.0,-993.2539578988349,0.0,0.0,0.0,0.0,0.0,980.392641139964,-3.7388093219017264,0.0,0.0,0.0,482.9228269357094,0.0,0.0,0.0,4.855596521950201,0.0,-683.273008816804,-1000.0,-2.4277982609751008,0.0,0.0,0.0,-7.283394782925303,1000.0,-1.2138991304875504,0.0,0.0,0.0,677.0185403921311,1000.0,0.0,49.4752536167324,0.0,0.0,0.0,0.0,0.0,225.0821374017235,0.0,-248.33776109748058,248.33776109748058,248.33776109748058,-342.7630400241377,0.0,0.0,-661.0952484899143,0.0,0.0,708.5799177848073,0.0,0.0,-8.552324007324009,0.0,0.0,0.0,0.0,0.0,0.0,0.0,3.255037855255534,0.0971119304374497,0.0,0.0,0.0,0.0,0.0,0.0,0.0,0.0,0.0,0.0,0.0,0.0,0.0,0.0,0.0,0.0,0.0,0.0,0.0,0.053411561741540936,0.053411561741540936,0.0,334.6265680535802,0.0,29.13357913170121,0.0,416.37863776851094,0.0,66.67875756368915,0.0,0.0,0.0,0.0,0.0,-32.194021537965625,-66.67875756368915,0.0,0.0,0.0,0.0,0.0,0.0,0.0,0.0,0.0,0.0,0.0,0.0,0.0,101.12399320080424,-877.4830886780941,726.2540649572758,0.0,3.7388093219017264,0.0,-725.4331190536516,0.0,-73.04165770517349,0.0,-32.194021537965625,0.0,-28.93898368271009,0.0,0.0,0.0,248.33776109748058,0.0,0.0,0.0,0.0,0.0,0.0,0.0,0.0,0.0,0.0,0.0,0.0,0.0,29.13357913170121,0.0,0.0,0.0,0.0,0.0,0.0,0.0,0.0,0.0,0.0,0.0,0.0,0.4855596521950202,0.0,0.0,0.0,0.0,0.0,986.5382441396615,0.0,0.0,49.4752536167324,0.0,0.0,0.0,0.0,0.0,0.0,0.0,0.0,0.0,0.0,441.94563716047537,0.0,0.0,14.566789565850605,14.566789565850605,1000.0,-66.67875756368915,0.0,0.0,0.0,0.0,0.0,0.0,0.0,348.7893772991221,708.5799177848073,0.0,0.04855596521950201,0.0,0.0,0.0,3.915691766629841,434.9424720847017,0.0,725.4331190536516,0.0,0.0,0.0,0.0,0.0,0.0,0.0,0.0,0.0,0.0,0.0,0.0,0.0,0.0,0.04855596521950201,0.0,0.0,0.0,-441.5835044369935,441.5835044369935,0.0,0.0,0.0,0.0,0.0,744.8228525866756,0.0,-748.5616619085773,6.746042101165131,-3.6416973914626514,-2.427798260975102,0.0,0.0,0.0,0.0,0.0,0.0,0.0,0.0,0.0,0.0,0.0,0.0,0.0,817.0576663555661,0.0,0.0,679.4463386531062,0.0,0.0,0.0,225.033581436504,0.0,0.0,0.04855596521950201,0.0,0.04855596521950201,0.0,0.0,0.0,29.13357913170121,59.238277567792466,59.238277567792466,0.0,0.0,0.0,0.0,0.0,0.0,0.0,726.2540649572758,0.0,708.5799177848073,0.0,0.0,0.0,0.0,0.0,0.0,0.0,0.0,0.0,0.0,0.0,0.0,0.0,0.0,0.0,0.0,0.0,73.04165770517349,0.0,0.0,0.0,0.07283394782925302,0.0,0.0,0.0,-49.4752536167324,0.0,0.0,0.0,0.0,0.0,-334.6265680535802,2.4277982609751008,0.0,0.0,0.0,0.0,1000.0,255.17714741332438,0.0,0.0,0.0,0.0,0.0,0.0,0.0,0.0,0.0,0.0,0.0,0.0,86.28880695609959,0.0,781.5428719133754,426.0518469802373,0.0,251.43833809142268,748.5616619085773,-1000.0,0.0,-241.03142889977573,416.37863776851094,2.4277982609751008,1000.0,0.0,0.0,0.0,-8.552324007324009,0.0,0.0,0.0,0.0,0.0,0.0,0.0,0.0,0.0,338.26826544504286,-345.5516602279681,59.238277567792466,0.0,0.0,0.0,0.0,0.0,0.0,0.0,0.0,0.0,0.0,0.0,0.0,0.0,-3.915691766629841,-326.3951521900615,-986.5382441396615,14.566789565850605,0.0,0.0,0.0,0.0,107.07465197053432,0.0,0.0,0.053411561741540936,0.0,0.0,0.0,29.619138783896233,0.0,0.0,0.0,0.0,778.9843564292637,0.0,0.0,0.0,0.0,0.0,0.0,0.0,0.0,0.0,0.0,0.004855596521950112,0.004855596521950112,0.0,0.0,0.0,0.0,0.0,0.0,0.0,0.0,0.0,0.0,0.0,0.0,0.0,0.0,0.0,334.6265680535802,0.0,0.0,0.0,0.0,0.0,0.0,0.0,0.0,0.0,0.0,0.0,0.0,0.0,0.0,0.0,0.0,0.0,0.0,29.13357913170121,0.0,0.0,0.0,0.0,0.0,0.0,-29.13357913170121,0.0,0.0,0.0,0.0,0.0,0.0,0.0,0.0,0.0,0.0,0.0,0.0,-6.259824543511968,-1000.0,33.26083617535888,828.9116999800153,-878.3869535967477,0.0,-6.940265962041602,0.0,0.0,0.0,0.0,0.0,0.0,0.0,0.0,0.0,0.0,0.0,0.0,0.0,0.0,0.0,0.0,416.37863776851094,-6.0694956524377535,0.0,-3.6416973914626514,341.9099628365055,0.0,0.0,0.0,0.0,0.0,0.0,-0.6069495652437752,8.552324007324009,0.0,0.0,0.0,0.0,0.0,0.0,0.0,993.740175456488,14.566789565850605,14.566789565850605,0.0,0.0,0.0,0.0,291.1257652424249,0.053411561741540936,334.6265680535802,0.0,0.0,6.940265962041602,0.0,0.0,0.0,0.0,0.0,0.0,0.0,0.0,0.0,0.0,0.0,0.0,0.0,0.0,0.0,0.0,0.0,15.052349218045627,0.0,50.98376348047712,3.7388093219017264,0.0,0.0,0.0,0.0,0.0,334.6265680535802,0.0,-259.16844775436243,0.0,0.0,0.0,-6.0694956524377535,0.0,0.0,0.0,0.0,0.0,0.0,0.0,0.0,0.0,0.0,0.0,0.0,0.0,0.0,0.0,0.0,0.0,0.0,-0.04855596521950201,0.0,0.0,2.4277982609751008,32.194021537965625,0.0,0.0,0.0,0.0,0.0,0.0,0.0,0.0,4.1806686053992115,1.2138991304875504,0.0,0.0,0.0,0.04855596521950201,0.0,48.55596521950201,0.0,9.711193043900403,0.34682832299644295,165.57584139850192,-0.03641697391462651,2.4277982609751003,0.9711193043900403,-0.24277982609597348,-165.57584139850192,14.566789565850605,-0.04855596521950201,2.9635417014881367,0.0,0.012138991304875503,0.34682832299644295,-8.89062510446441,-7.730109662939753,-0.9711193043900403,-350.1766969764618,-0.04855596521950201,0.012138991304875503,-165.57584139850192,4.8555965219502015,0.04855596521950201,0.04855596521950201,-334.5246005266191,0.053411561741452125,0.0,-0.03641697391462651,14.566789565850605,0.04855596521950201,49.4752536167324,10.63048144113079,-0.024277982609751007,-235.38455376183856,-77.9458101923432,-0.03641697391462651,-0.04855596521950201,0.0,0.04855596521950201,4.8555965219502015,-0.9711193043900403,73.04165770517349,73.04165770517349,-4.8555965219502015,350.1766969764618,-73.04165770517349,9.711193043900403,0.07283394782925302,244.89163315954852,4.8555965219502015,-101.12399320080424,0.0,-9.711193043900403,0.024277982609751007,0.4855596521950202,157.28866419206568,96.0,-0.04855596521950201,-345.5516602279681,334.5246005266191,15.052349218045627,0.04855596521950201,7.730109662939753,-93.17562231428411,0.0,-0.04855596521950201,-0.012138991304875503,0.0,-0.04855596521950201,3.255037855255534,0.0485559652191796,-0.012138991304875503,-0.012138991304875503,-0.012138991304875503,19.422386087800806,-10.63048144113079,0.4855596521950202,172.32360970413993,-0.012138991304875503,311.61378668264325,2.4277982609751008,0.8002793333473337,0.04855596521950201,0.024277982609751007,0.024277982609751007,4.8555965219502015,0.0,0.04855596521950201,0.0,0.4855596521950202,0.04855596521950201,-445.0230276484325,0.04855596521950201,0.19422386087649102,0.24277982609597348,0.024277982609751007,0.012138991304875503,14.566789565850605,-0.04855596521950201,0.0,0.4855596521950202,-344.64721940827985,1.213899130487551,-4.8555965219502015,9.711193043900403,2.4277982609751008,-0.04855596521950201,8.89062510446441,0.07283394782925302,-0.04855596521950201,-9.711193043900408,0.0,174.03543928809944,0.024277982609751007,-1.600558666694667,-0.04855596521950201,-0.0485559652191796,-0.04855596521950201,0.024277982609751007,165.57584139850192,-9.711193043900403,0.04855596521950201,314.57732838413136,-0.012138991304875503,-0.053411561741452125,-314.57732838413136,7.283394782925301,77.9458101923432,-217.87765546863787,165.57584139850192,-0.03641697391462651,345.5516602279681,-96.0,0.04855596521950201,-0.012138991304875505,485.35062519668446,48.55596521950201,-0.024277982609751007,-0.04855596521950201,0.012138991304875503,0.0,0.0,-244.91591114215828,272.6994179442926,-46.0,0.0,201.59325748293554,-31.0,0.0,-32.0,-93.0,-65.0,0.0,16.0,23.0,46.5,0.0,15.5,-334.6265680535802,-281.11009125863376,0.0,65.0,-281.11009125863376,-201.59325748293554,144.95664163763473,0.0,1496.5981,hclb
408,0.0,0.0,0.0,0.0,0.0,0.0,0.0,0.0,204.95411470024365,0.0,0.0,0.0,0.0,0.0,0.0,0.0,-571.1171656981235,904.9145736723954,0.0,0.0,0.0,0.0,0.0,0.0,0.0,0.0,0.0,0.0,0.0,-13.336426042917083,6.041499018552347,-6.041499018552347,20.65202837046472,0.0,0.0,0.0,0.0,-340.8757021426194,0.0,-1000.0,1000.0,0.0,0.0,0.0,0.0,0.0,0.0,0.0,584.4535917410406,0.0,0.0,0.0,0.0,0.0331342733695692,0.0,0.0,0.0,0.0,0.0,0.0,80.11608775499201,0.0,677.8190126873621,503.58708813670205,0.0,0.0,0.0,0.0,216.99361446622476,37.35439783942732,0.0,0.3012206669993383,0.0,0.0,0.0,0.0,0.0,0.0,0.0,0.0,0.0,0.0,-259.84291599849456,0.0,18.0732400199603,0.0,0.0,-921.5170434947115,47.78110785749777,1000.0,-0.007530516674983457,0.0,0.0,557.5471719530796,9.03662000998015,0.0,15.733358300216718,-7.011429566290985,0.0,0.0,0.0,909.2249298954189,-564.009972764035,0.0,0.0,-9.6822739554671,0.0,0.0,0.0,0.0,0.0,0.0,0.0,0.0,0.0,0.0,0.0,0.0,0.0,0.0,0.0,0.0,0.0,0.0,-374.30173851109987,0.0,0.0,15.733358300216718,0.0,9.337840676979487,9.337840676979487,0.0,0.0,0.0,0.0,0.0,401.44576637547897,0.0,0.0,-655.793778681131,0.0,0.0,0.0,0.0,0.0,262.1623151343895,0.03012206669993383,0.0,0.0,0.0,654.3147266767218,-1000.0,0.0,0.0,259.84291599849456,0.0,218.75319903033125,0.0,0.0,0.0,0.0,0.0,121.14487851800975,121.14487851800975,0.0,0.0,0.0,0.0,987.6010057819716,0.0,0.0,127.21649960326202,0.0,0.0,0.0,233.60004440221098,0.0,0.0,0.0,0.0,0.0,0.0,0.0,0.0,0.0,0.0,0.0,0.0,0.0,0.0,0.0,-479.8276772791139,0.0,0.0,0.0,0.0,0.0,0.0,0.0,-662.936548246329,662.936548246329,0.0,0.0,0.0,0.0,0.0,0.0,0.0,550.6735467211179,-599.1043983542003,0.0,0.0,0.0,0.0,0.0,0.0,0.0,0.0,0.0,0.0,0.0,0.0,0.0,224.29726110995267,321.4308382934883,0.0,0.0,0.0,0.0,0.0,0.0,0.0,0.0,0.0,0.0,80.11608775499201,0.0,6.041499018552347,0.0,0.0,0.0,0.0,0.0,0.0,0.0,0.0,6.024413339986766,6.696738290236569,0.0,-128.1530943333894,582.5645617704378,-1000.0,0.0,0.0,0.0,0.0,254.34801230565208,-15.138363161932354,0.0,0.0,0.0,-364.1621629211103,0.0,0.0,-1000.0,0.0,0.0,-1000.0,0.0,0.0,-615.1554403888313,0.0,579.0414771797373,0.0,0.0,102.71624744677435,0.0,0.0,0.0,-142.35992235539663,0.0,142.35992235539663,0.0,127.15625546986216,254.34801230565208,0.0,0.0,0.0,0.0,0.0,80.11608775499201,-0.04518310004990074,0.0,0.0,0.0,0.0,0.03012206669993383,0.0,0.0,0.0,464.0943189788972,-571.1171656981235,0.0,-607.4968499846401,419.65007269049397,0.0,904.5195952927469,0.0,260.1464872205496,0.0,-9.6822739554671,0.0,0.0,0.0,885.9266725709837,-216.99361446622476,-929.0795453253086,0.0,-552.8887542252007,0.0,0.0,0.0,0.0,0.0,0.0,0.0,0.0,0.0,0.0,0.0,0.0,0.0,0.0,0.0,0.0,0.0,288.4997651970582,0.0,629.2549790728774,259.84291599849456,0.0,0.0,1000.0,0.0,0.0,-256.1208161158371,0.0,0.0,0.0,0.0,907.7188265604221,0.0,0.0,0.0,267.08248900164483,0.0,0.0,0.0,0.0,0.0,0.0,-955.3655166152078,0.0,-267.8355406691432,-1.5061033349966915,0.0,0.0,-197.97799989778963,685.3967905621842,474.72419095829844,15.733358300216718,0.0,0.0,0.0,0.0,0.0,204.98423676694358,0.0,-224.29726110995267,224.29726110995267,224.29726110995267,96.65786061548033,0.0,0.0,0.0,0.0,0.0,550.6735467211179,0.0,0.0,-94.11583679566814,0.0,0.0,111.21376300746991,0.0,0.0,0.0,0.0,-39.98779333000662,0.06024413339991952,0.0,0.0,0.0,0.0,0.0,0.0,0.0,0.0,0.0,0.0,0.0,0.0,0.0,0.0,0.0,0.0,0.0,0.0,0.0,0.0331342733695692,0.0331342733695692,6.041499018552347,314.27284776996595,0.0,18.0732400199603,0.0,0.0,0.0,1000.0,0.0,0.0,0.0,0.0,0.0,361.6616540490278,-1000.0,0.0,0.0,178.7328384807753,0.0,0.0,111.21376300746991,0.0,0.0,0.0,0.0,0.0,0.0,0.0,124.76724617036662,-464.0943189788972,345.68527332327824,0.0,2.3193991358948978,0.0,557.5471719530796,0.0,0.0,0.0,361.6616540490278,0.0,1000.0,-678.3261392809787,185.9311027023034,-185.9311027023034,224.29726110995267,0.0,0.0,0.0,0.0,0.0,0.0,0.0,0.0,0.0,0.0,0.0,0.0,0.0,18.0732400199603,254.34801230565208,254.34801230565208,0.0,0.0,0.0,0.0,0.0,0.0,0.0,0.0,0.0,0.0,0.3012206669993383,0.0,6.041499018552347,0.0,0.0,6.041499018552347,0.0,0.0,0.0,15.733358300216718,-178.7328384807753,0.0,0.0,0.0,0.0,0.0,0.0,0.0,0.0,0.0,0.0,0.0,0.0,9.03662000998015,9.03662000998015,1000.0,-1000.0,0.0,111.21376300746991,0.0,0.0,0.0,0.0,0.0,-435.99002723596504,550.6735467211179,-622.1248852022235,0.03012206669993383,0.0,0.0,-958.9808385070569,961.4099680287873,0.0,0.0,-557.5471719530796,0.0,-254.34801230565208,0.0,0.0,0.0,0.0,0.0,0.0,0.0,0.0,0.0,0.0,0.0,0.0,0.03012206669993383,0.0,0.0,0.0,0.0,0.0,0.0,0.0,0.0,0.0,0.0,84.63439775998211,0.0,0.0,0.0,-2.2591550024950493,-1.5061033349966915,0.0,0.0,0.0,0.0,0.0,0.0,0.0,0.0,0.0,0.0,0.0,0.0,254.34801230565208,0.0,0.0,0.0,278.2522943955055,0.0,0.0,0.0,204.95411470024365,0.0,0.0,0.03012206669993383,0.0,0.03012206669993383,0.0,0.0,0.0,18.0732400199603,36.74892137391928,36.74892137391928,0.0,0.0,0.0,0.0,0.0,0.0,0.0,345.68527332327824,0.0,550.6735467211179,0.0,0.0,0.0,888.5201825138477,0.0,0.0,0.0,0.0,0.0,0.0,0.0,0.0,0.0,0.0,0.0,0.0,0.0,0.0,0.0,0.0,0.0,0.04518310004990074,0.0,0.0,0.0,-15.733358300216718,0.0,0.0,0.0,0.0,0.0,-314.27284776996595,1.5061033349966915,0.0,0.0,0.0,0.0,-987.6010057819716,771.3171924110699,0.0,0.0,0.0,0.0,0.0,0.0,0.0,0.0,254.34801230565208,0.0,178.7328384807753,117.2552620260223,89.97558666001324,0.0,404.66085998329146,-9.682273955467096,340.7552138758192,515.1963762952328,0.0,-855.951590171052,259.84291599849456,-51.887284535851634,0.0,1.5061033349966915,1000.0,0.0,0.0,-6.041499018552347,-94.11583679566814,-46.87500000000004,46.87500000000004,0.0,0.0,0.0,0.0,0.0,0.0,0.0,-4.518310004990099,0.0,36.74892137391928,0.0,0.0,0.0,6.041499018552347,0.0,0.0,0.0,0.0,0.0,0.0,0.0,0.0,321.0503127774511,-2.429129521730374,-36.97537669418671,0.0,9.03662000998015,0.0,0.0,0.0,0.0,35.414930732351664,0.0,0.0,0.0331342733695692,0.0,0.0,0.0,18.374460686959637,0.0,0.0,0.0,0.0,321.4308382934883,0.0,0.0,0.0,0.0,0.0,0.0,0.0,0.0,0.0,0.0,932.7891662118806,0.003012206669993356,0.0,0.0,0.0,0.0,0.0,0.0,0.0,0.0,0.0,-958.9808385070569,6.041499018552347,0.0,0.0,0.0,0.0,314.27284776996595,0.0,0.0,0.0,0.0,0.0,0.0,0.0,0.0,0.0,0.0,0.0,0.0,-978.7392624754691,1000.0,904.9145736723954,0.0,0.0,0.0,18.0732400199603,0.0,0.0,0.0,0.0,0.0,-18.0732400199603,0.0,0.0,0.0,0.0,0.0,0.0,0.0,0.0,0.0,0.0,6.041499018552347,6.041499018552347,0.0,1000.0,-1000.0,909.1537982033024,-741.6306098751176,725.8972515749008,0.0,-340.8757021426194,0.0,0.0,0.0,0.0,0.0,0.0,0.0,0.0,0.0,476.5624999999999,0.0,-476.5624999999999,-476.5624999999999,0.0,0.0,0.0,0.0,-3.7652583374917405,254.34801230565208,-909.9779815629172,886.2610275113526,0.0,0.0,0.0,0.0,0.0,0.0,-0.37652583374917287,353.9587527941627,0.0,0.0,0.0,0.0,0.0,0.0,0.0,930.7638690229772,9.03662000998015,9.03662000998015,0.0,0.0,0.0,0.0,0.0,0.0331342733695692,314.27284776996595,0.0,0.0,340.8757021426194,932.7861540052106,0.0,0.0,0.0,0.0,0.0,0.0,0.0,0.0,0.0,0.0,0.0,0.0,0.0,0.0,0.0,0.0,9.337840676979487,0.0,31.628170034930523,2.3193991358948978,0.0,0.0,0.0,0.0,0.0,314.27284776996595,0.0,-779.8347253123576,0.0,0.0,0.0,-3.7652583374917405,0.0,0.0,0.0,0.0,0.0,0.0,0.0,0.0,0.0,0.0,0.0,0.0,0.0,0.0,0.0,0.0,0.0,0.0,-0.03012206669993383,0.0,0.0,1.5061033349966915,-361.6616540490278,0.0,0.0,0.0,0.0,254.34801230565208,0.0,0.0,0.0,-885.9266725709837,0.7530516674983457,0.0,0.0,0.0,0.03012206669993383,0.0,30.12206669993383,0.0,6.024413339986766,0.21515761928524163,102.71624744677435,-0.02259155002495037,955.3655166152078,0.6024413339986766,-0.15061033350013986,-102.71624744677435,9.03662000998015,-0.03012206669993383,3.2274246518223664,111.21376300746991,0.007530516674983457,0.21515761928524163,-9.6822739554671,-4.795433018630263,5.439057684553671,-333.7974079742719,-0.03012206669993383,0.007530516674983457,-102.71624744677435,3.012206669993383,0.03012206669993383,0.03012206669993383,-314.2095914298964,0.03313427336991026,-41.275273789537124,-0.02259155002495037,9.03662000998015,0.03012206669993383,15.733358300216764,-8.364295059730347,-0.015061033349966915,-158.11337732985996,-3.042328736693317,-0.02259155002495037,-0.03012206669993383,0.0,0.03012206669993383,3.012206669993383,-0.6024413339986766,0.0,0.0,-3.012206669993383,333.7974079742719,0.0,6.024413339986766,0.04518310004990074,-996.8734905749374,3.012206669993383,-124.76724617036662,111.21376300746991,-6.024413339986766,0.015061033349966915,0.3012206669993383,151.87421249616003,96.0,-0.03012206669993383,-321.0503127774511,314.2095914298964,9.337840676979487,0.03012206669993383,4.795433018630263,68.37054467731281,111.21376300746991,-0.03012206669993383,-0.007530516674983457,-111.21376300746991,-0.03012206669993383,-39.98779333000662,0.03012206669993383,-0.007530516674983457,-0.007530516674983457,-0.007530516674983457,12.048826679973532,8.364295059730347,0.3012206669993383,300.8120589339209,-0.007530516674983457,300.52100034049766,1.5061033349966915,21.5,0.03012206669993383,0.015061033349966915,0.015061033349966915,-68.5549179790977,0.0,0.03012206669993383,0.0,0.3012206669993383,0.03012206669993383,-857.8028044691368,0.03012206669993383,0.12048826680015168,0.15061033350013986,0.015061033349966915,0.007530516674983457,9.03662000998015,-0.03012206669993383,41.275273789537124,-2.7195288422768353,-601.6241178678418,954.6124649477094,-3.012206669993383,6.024413339986766,1.5061033349966915,-0.03012206669993383,9.6822739554671,0.04518310004990074,-0.03012206669993383,137.1098359581954,0.0,257.2776849978149,0.015061033349966915,-43.0,-0.03012206669993383,-0.03012206669993383,-0.03012206669993383,0.015061033349966915,102.71624744677435,-6.024413339986766,0.03012206669993383,303.74842499232005,-0.007530516674983457,-0.03313427336991026,-303.74842499232005,4.518310004990074,3.042328736693317,1000.0,102.71624744677435,-0.02259155002495037,321.0503127774511,-96.0,0.03012206669993383,-0.0075305166749834555,1.5061033349966915,30.12206669993383,-0.015061033349966915,-0.03012206669993383,0.007530516674983457,0.0,0.0,612.0138699304187,556.9907455352159,-46.0,0.0,-108.0,-31.0,0.0,75.6141125015912,-93.0,-65.0,-384.84455961116873,-37.8070562507956,23.0,46.5,0.0,15.5,-314.27284776996595,-292.69261573016655,384.84455961116873,65.0,-292.69261573016655,108.0,-89.6913756736531,0.0,1496.5981,hclb
409,0.0,0.0,0.0,0.0,0.0,0.0,0.0,0.0,315.75676122219875,0.0,0.0,0.0,0.0,0.0,0.0,0.0,615.8607945843786,595.196506398561,0.0,-1000.0,0.0,0.0,0.0,100.35276193272716,0.0,0.0,0.0,0.0,0.0,-711.3274297749449,0.0,0.0,0.0,0.0,0.0,0.0,0.0,999.7196761707892,0.0,-1000.0,1000.0,0.0,0.0,0.0,0.0,0.0,0.0,0.0,1000.0,-490.47803199142834,0.0,0.0,0.0,0.07708905303263691,0.0,0.0,0.0,14.01619146050246,0.0,0.0,29.322753476479548,0.0,0.0,-77.16089587228457,0.0,0.0,0.0,0.0,0.0,515.931717152543,0.0,0.7008095730251229,0.0,0.0,0.0,0.0,0.0,0.0,0.0,797.4486472881476,0.0,0.0,822.9240285387255,0.0,42.04857438150738,0.0,0.0,-596.9256570272266,807.8778365742124,-615.7556731484249,-0.017520239325628077,0.0,0.0,-1000.0,21.02428719075369,0.0,21.02428719075369,-2.2566068251420575,0.0,0.0,1000.0,3.5040478651256155,-711.3274297749449,0.0,0.0,-12.388794693906586,0.0,824.7999899762991,0.0,0.0,0.0,0.0,0.0,0.0,0.0,0.0,0.0,0.0,0.0,0.0,0.0,0.0,0.0,0.0,-703.892273016678,0.0,0.0,21.02428719075369,0.0,21.725096763778804,21.725096763778804,0.0,-1000.0,1000.0,0.0,0.0,-1000.0,-78.12500000002609,78.12500000002609,893.5163506512358,0.0,0.0,0.0,0.0,0.0,-817.5277948264319,0.0700809573025123,0.0,0.0,0.0,0.0,0.0,0.0,0.0,0.0,0.0,349.5586552476751,0.0,0.0,0.0,0.0,0.0,655.870029106612,655.870029106612,0.0,0.0,0.0,796.8750000000001,529.7619563543358,0.0,0.0,655.9401100639145,0.0,0.0,0.0,-299.247560117287,0.0,0.0,0.0,0.0,0.0,0.0,0.0,0.0,0.0,0.0,-39.8348970718564,0.0,0.0,0.0,0.0,-205.42975985196415,0.0,0.0,0.0,0.0,0.0,490.47803199142834,0.0,-192.12216342578756,192.12216342578756,106.4836493487642,0.0,0.0,0.0,0.0,0.0,0.0,0.0,-957.7763111233164,0.0,0.0,0.0,0.0,0.0,0.0,0.0,0.0,0.0,0.0,0.0,0.0,0.0,289.1218166200396,-14.967617078995083,-904.5333648094337,0.0,0.0,0.0,0.0,77.92182331244626,0.0,0.0,0.0,0.0,29.322753476479548,-904.5333648094337,0.0,0.0,0.0,0.0,0.0,0.0,0.0,0.0,0.0,0.0,0.0,0.0,0.0,1000.0,210.9521795469858,0.0,904.5333648094337,0.0,0.0,106.48364934876417,0.0,0.0,0.0,0.0,202.6814737326547,0.0,0.0,-903.3882976768873,0.0,0.0,96.61170232311278,-1000.0,1000.0,615.7556731484249,0.0,-1000.0,490.47803199142834,0.0,54.570591740356434,0.0,0.0,0.0,-388.5738880217107,0.0,388.5738880217107,0.0,1000.0,0.0,0.0,748.132556289711,796.8750000000001,0.0,0.0,29.322753476479548,-0.10512143595376845,0.0,0.0,0.0,0.0,0.0700809573025123,0.0,0.0,0.0,0.0,615.8607945843786,0.0,-812.454842461048,156.1399062637089,0.0,955.0404786512562,0.0,0.0,0.0,-12.388794693906586,0.0,0.0,0.0,651.6287367653432,0.0,-651.6287367653432,-1000.0,-82.88729138841643,0.0,0.0,0.0,0.0,0.0,0.0,0.0,0.0,0.0,0.0,0.0,0.0,0.0,0.0,0.0,0.0,0.0,0.0,0.0,-1000.0,0.0,0.0,0.0,0.0,0.0,0.0,822.9240285387255,0.0,177.0759714612746,0.0,25.59680145512874,0.0,0.0,0.0,0.0,0.0,0.0,-371.6600462873902,0.0,-125.9947808867077,0.0,0.0,-3.504047865125615,219.68039715205072,-1.7520239325628078,-3.5040478651256155,0.0,0.0,-742.5882037916183,0.0,1000.0,21.02428719075369,-203.1250000009699,203.1250000009699,0.0,0.0,0.0,315.8268421795013,0.0,-289.1218166200396,289.1218166200396,289.1218166200396,87.24237014201633,0.0,0.0,-344.20005185069056,0.0,0.0,0.0,0.0,0.0,-47.838142395805015,0.0,0.0,65.98380853949755,0.0,0.0,0.0,0.0,-35.99190426974877,0.1401619146054145,0.0,0.0,0.0,0.0,0.0,0.0,0.0,0.0,0.0,515.931717152543,0.0,0.0,0.0,0.0,0.0,0.0,0.0,0.0,0.0,0.07708905303263691,0.07708905303263691,0.0,371.10562515953717,0.0,42.04857438150738,0.0,0.0,0.0,1000.0,0.0,148.20797241080112,0.0,0.0,0.0,560.6345367574233,-1000.0,0.0,0.0,0.0,0.0,0.0,65.98380853949755,0.0,0.0,0.0,0.0,0.0,0.0,0.0,234.630757672226,0.0,0.0,0.0,5.396233712293451,0.0,-1000.0,0.0,-184.40547266121047,0.0,560.6345367574233,0.0,1000.0,-475.3573675123255,0.0,0.0,289.1218166200396,0.0,0.0,0.0,0.0,0.0,0.0,0.0,0.0,0.0,0.0,0.0,0.0,0.0,42.04857438150738,106.48364934876417,106.48364934876417,0.0,0.0,0.0,0.0,0.0,0.0,0.0,0.0,0.0,0.0,0.7008095730251229,0.0,0.0,0.0,0.0,0.0,0.0,0.0,0.0,21.02428719075369,0.0,0.0,0.0,0.0,0.0,0.0,0.0,0.0,0.0,0.0,29.297696426643846,0.0,0.0,21.02428719075369,21.02428719075369,1000.0,-1000.0,0.0,65.98380853949755,0.0,0.0,0.0,0.0,0.0,711.3274297749449,0.0,1000.0,0.0700809573025123,0.0,0.0,0.0,5.65152862818117,4.13023309138779,0.0,1000.0,0.0,0.0,0.0,0.0,0.0,0.0,0.0,0.0,0.0,0.0,0.0,0.0,0.0,0.0,0.0700809573025123,0.0,0.0,0.0,-124.78938866704586,124.78938866704586,0.0,0.0,0.0,0.0,0.0,1000.0,0.0,0.0,-1000.0,-5.256071797688378,0.0,-3.5040478651255853,0.0,0.0,0.0,0.0,0.0,0.0,0.0,0.0,0.0,0.0,0.0,106.48364934876417,0.0,0.0,0.0,260.9158440735073,0.0,0.0,0.0,315.75676122219875,0.0,0.0,0.0700809573025123,0.0,0.0700809573025123,0.0,0.0,0.0,42.04857438150738,85.49876790906501,85.49876790906501,0.0,0.0,0.0,0.0,0.0,0.0,177.0759714612746,0.0,0.0,0.0,0.0,0.0,657.6627071890894,0.0,0.0,0.0,0.0,0.0,0.0,0.0,0.0,0.0,0.0,0.0,0.0,0.0,0.0,184.40547266121047,0.0,0.0,0.0,0.10512143595376845,0.0,0.0,0.0,-21.02428719075369,0.0,0.0,0.0,0.0,0.0,-371.10562515953717,3.5040478651256155,0.0,0.0,0.0,-796.8750000000001,-529.7619563543358,0.0,-3.5040478651255853,0.0,0.0,0.0,0.0,0.0,0.0,0.0,106.48364934876417,0.0,0.0,-982.6403183463049,81.98380853949755,0.0,50.98380853949754,-8.258561602518782,0.0,822.9240285387255,177.0759714612746,-1000.0,0.0,-85.49876790906501,0.0,3.5040478651255853,1000.0,0.0,0.0,0.0,-47.838142395805015,0.0,0.0,181.06323705574133,-181.06323705574133,0.0,-5.396233712293451,0.0,0.0,0.0,29.322753476479548,0.0,85.49876790906501,0.0,0.0,0.0,0.0,0.0,0.0,0.0,0.0,0.0,0.0,0.0,0.0,386.87384055260236,-521.5832457807242,129.25240924425827,0.0,21.02428719075369,0.0,0.0,0.0,0.0,164.2618147511081,0.0,0.0,0.07708905303263691,0.0,0.0,0.0,42.749383954532505,0.0,0.0,0.0,0.0,-14.967617078995083,0.0,0.0,0.0,0.0,0.0,0.0,0.0,0.0,0.0,0.0,0.00700809573025123,0.00700809573025123,0.0,0.0,0.0,0.0,0.0,0.0,0.0,0.0,0.0,0.0,0.0,0.0,0.0,0.0,0.0,371.10562515953717,0.0,0.0,0.0,0.0,0.0,0.0,0.0,490.47803199142834,0.0,0.0,0.0,0.0,231.72158916875696,0.0,595.196506398561,0.0,0.0,0.0,42.04857438150738,0.0,0.0,0.0,0.0,0.0,0.0,-42.04857438150738,0.0,0.0,0.0,0.0,0.0,0.0,0.0,0.0,0.0,0.0,0.0,0.0,-82.88729138841643,-1000.0,705.6681629413102,0.0,-21.02428719075369,0.0,999.7196761707892,0.0,0.0,0.0,0.0,0.0,0.0,0.0,0.0,0.0,0.0,0.0,0.0,0.0,0.0,0.0,0.0,0.0,-8.760119662813963,106.48364934876417,-5.256071797688378,652.406635391401,0.0,0.0,0.0,0.0,0.0,-0.8760119662814038,0.0,47.838142395805015,0.0,0.0,0.0,0.0,0.0,0.0,0.0,1000.0,21.02428719075369,21.02428719075369,0.0,0.0,0.0,0.0,797.4486472881476,0.07708905303263691,371.10562515953717,0.0,0.0,-999.7196761707892,0.0,0.0,0.0,0.0,0.0,0.0,0.0,0.0,0.0,0.0,0.0,0.0,0.0,0.0,0.0,0.0,0.0,21.725096763778804,0.0,73.58500516763792,93.5382455372979,0.0,88.93395963627016,0.0,0.0,0.0,371.10562515953717,0.0,-2.2566068251420575,0.0,0.0,0.0,-8.760119662813963,0.0,0.0,0.0,0.0,0.0,0.0,0.0,0.0,0.0,0.0,0.0,0.0,0.0,0.0,0.0,0.0,0.0,0.0,-0.0700809573025123,0.0,0.0,3.5040478651256155,-560.6345367574233,0.0,0.0,0.0,0.0,106.4836493487642,0.0,0.0,0.0,-651.6287367653432,1.7520239325628078,0.0,0.0,0.0,0.0700809573025123,0.0,70.0809573025123,0.0,14.01619146050246,0.5005782664465165,238.9760644015669,-0.052560717976884226,3.504047865125615,1.401619146050246,-0.35040478651330886,-238.9760644015669,21.02428719075369,-0.0700809573025123,4.129598231302196,65.98380853949755,0.017520239325628077,0.5005782664465165,-12.388794693906586,-11.156888402561094,-1.401619146050246,-211.05730098293964,-0.0700809573025123,0.017520239325628077,-238.9760644015669,7.00809573025123,0.0700809573025123,0.0700809573025123,-370.958455149202,0.07708905303276353,-7.0840817905478595,-0.052560717976884226,21.02428719075369,0.0700809573025123,21.02428719075369,-35.04047865125615,-0.03504047865125615,-317.6969840693141,-85.0,-0.052560717976884226,-0.0700809573025123,0.0,0.0700809573025123,7.0080957302512275,-1.401619146050246,184.40547266121047,184.40547266121047,-7.00809573025123,211.05730098293964,-184.40547266121047,14.01619146050246,0.10512143595376845,636.7372339829839,7.00809573025123,-234.630757672226,65.98380853949755,-14.01619146050246,0.03504047865125615,0.7008095730251229,203.113710615262,96.0,-0.0700809573025123,-386.87384055260236,370.958455149202,21.72509676377881,0.0700809573025123,11.156888402561094,-18.113340223517127,65.98380853949755,-0.0700809573025123,-0.017520239325628077,-65.98380853949755,-0.0700809573025123,-35.99190426974877,0.07008095730242704,-0.017520239325628077,-0.017520239325628077,-0.017520239325628077,28.03238292100492,35.04047865125615,0.7008095730251229,51.92122924150095,-0.017520239325628077,402.0978229992218,3.504047865125615,21.5,0.0700809573025123,0.03504047865125615,0.03504047865125615,40.0,0.0,0.0700809573025123,0.0,0.7008095730251229,0.0700809573025123,-51.921229241500896,0.0700809573025123,0.280323829210829,0.35040478651330886,0.03504047865125615,0.017520239325628077,21.02428719075369,-0.0700809573025123,7.0840817905478595,0.700809573025123,-103.8424584830019,1.7520239325628073,-7.0080957302512275,14.01619146050246,3.5040478651256155,-0.0700809573025123,12.388794693906586,0.10512143595376845,-0.0700809573025123,-80.0,0.0,95.78997418265317,0.03504047865125615,-43.0,-0.0700809573025123,-0.07008095730242704,-0.0700809573025123,0.03504047865125615,238.9760644015669,-14.01619146050246,0.0700809573025123,406.227421230524,-0.017520239325628077,-0.07708905303276353,-406.227421230524,10.512143595376845,85.0,-573.7014740916887,238.9760644015669,-0.052560717976884226,386.87384055260236,-96.0,0.0700809573025123,-0.01752023932562808,29.100849320254326,70.0809573025123,-0.03504047865125615,-0.0700809573025123,0.017520239325628077,0.0,0.0,-636.7722744616351,0.0,-46.0,0.0,44.15702159915321,-9.807350758904192,0.0,-32.0,-93.0,-65.0,0.0,16.0,23.0,46.5,0.0,4.903675379452095,-371.10562515953717,-260.05178893376126,0.0,65.0,-260.05178893376126,-44.15702159915321,27.631133046209555,0.0,1496.5981,hclb
410,0.0,0.0,0.0,0.0,0.0,0.0,0.0,0.0,-0.021868538678531394,0.0,0.0,0.0,0.0,0.0,0.0,0.0,-960.5954429225751,-241.19946859778352,0.0,1000.0,0.0,0.0,0.0,52.99089775519201,0.0,0.0,0.0,0.0,0.0,-474.56863759890905,0.0,0.0,17.49239218695782,0.0,0.0,0.0,0.0,875.1868969022813,0.0,-1000.0,1000.0,0.0,0.0,1000.0,0.0,0.0,0.0,0.0,1000.0,-439.64744858825213,0.0,213.34328917946428,0.0,0.024055392546406158,0.0,0.0,0.0,0.0,0.0,0.0,38.48872664349669,0.0,0.0,-82.75512120586224,0.0,0.0,0.0,0.0,0.0,325.7946080129454,0.0,0.21868538678531393,0.0,0.0,0.0,0.0,0.0,0.0,0.0,0.0,0.0,0.0,-115.55613028519247,0.0,13.121123207118837,0.0,0.0,25.47646736826519,-187.8668218111991,1000.0,-0.0054671346696328485,0.0,0.0,82.79127759346832,6.560561603559418,0.0,6.560561603559418,-0.704166945449062,0.0,0.0,0.0,716.3817528748955,-1000.0,0.0,0.0,-13.024313108246615,0.0,0.0,0.0,0.0,0.0,0.0,0.0,0.0,0.0,0.0,0.0,0.0,0.0,0.0,0.0,0.0,0.0,0.0,-643.7468773570268,0.0,0.0,6.560561603559418,0.0,6.779246990344731,6.779246990344731,0.0,0.0,0.0,0.0,0.0,-121.24384784935893,0.0,0.0,0.0,0.0,0.0,0.0,0.0,0.0,117.24000776343938,0.02186853867853139,0.0,0.0,0.0,0.0,0.0,0.0,0.0,115.55613028519247,0.0,-93.70552050888512,0.0,0.0,0.0,0.0,0.0,378.2497392962749,378.2497392962749,0.0,0.0,0.0,0.0,0.0,0.0,0.0,378.27160783495344,0.0,0.0,0.0,-950.8056721143062,-889.73636991849,0.0,0.0,0.0,0.0,0.0,0.0,0.0,0.0,0.0,-667.103058343477,0.0,0.0,0.0,0.0,-460.7494405892173,0.0,0.0,0.0,0.0,0.0,439.64744858825213,-213.34328917946428,187.8668218111991,-187.8668218111991,0.0,0.0,0.0,0.0,0.0,0.0,0.0,525.431362401091,-942.1072750705227,0.0,0.0,0.0,0.0,0.0,0.0,0.0,0.0,0.0,0.0,0.0,0.0,0.0,446.2103303587197,-34.25258452858745,648.5073697009484,0.0,0.0,0.0,121.24384784935893,82.79127759346832,0.0,0.0,0.0,0.0,38.48872664349669,-351.4926302990516,0.0,0.0,0.0,0.0,0.0,0.0,0.0,0.0,0.0,4.373707735706279,0.0,0.0,39.37175426940723,-336.36188935299094,1000.0,0.0,-648.5073697009484,0.0,0.0,121.24384784935893,-649.3657930085459,0.0,0.0,0.0,-85.51055707935723,0.0,0.0,-1000.0,-694.2504724385401,0.0,-1000.0,694.2504724385401,0.0,0.0,0.0,134.53417502461446,439.64744858825213,0.0,-8.21956069967628,0.0,0.0,0.0,-219.51141758455586,0.0,219.51141758455586,0.0,523.1960661978089,0.0,121.24384784935893,-955.1315881787693,0.0,0.0,0.0,38.48872664349669,-0.032802808017797086,0.0,0.0,0.0,0.0,0.02186853867853139,0.0,0.0,0.0,371.39760139218953,-960.5954429225751,0.0,-337.69616777113964,189.88132136244926,889.73636991849,809.6904214899068,0.0,-628.5750726360591,0.0,-13.024313108246615,0.0,0.0,0.0,983.1371698249844,-1000.0,645.4379028110747,-1000.0,-1000.0,0.0,0.0,0.0,0.0,0.0,0.0,0.0,0.0,0.0,0.0,0.0,0.0,0.0,0.0,0.0,0.0,0.0,-124.72562894300398,0.0,-1000.0,115.55613028519247,0.0,0.0,1000.0,0.0,0.0,249.94032015879543,0.0,0.0,0.0,0.0,715.2883259409689,0.0,323.4759694573929,-858.737589904411,-1000.0,1000.0,-182.51691626174997,0.0,-659.9039411469232,-1000.0,-323.4759694573929,0.0,0.0,999.4532865330367,-1.0934269339265696,0.0,0.0,0.0,444.4520855980037,594.523724574273,6.560561603559418,-234.3750000011191,234.3750000011191,0.0,0.0,0.0,0.0,0.0,-446.2103303587197,446.2103303587197,446.2103303587197,101.65060537254034,0.0,0.0,-144.96819544021253,0.0,0.0,525.431362401091,0.0,0.0,-44.26639456236555,0.0,0.0,196.87014011365267,0.0,0.0,0.0,0.0,-40.81314613214686,0.043737077357038544,0.0,0.0,0.0,0.0,0.0,0.0,0.0,0.0,0.0,325.7946080129454,0.0,0.0,0.0,0.0,0.0,0.0,0.0,0.0,0.0,0.024055392546406158,0.024055392546406158,0.0,537.8366226230135,0.0,13.121123207118837,0.0,0.0,0.0,1000.0,0.0,0.0,0.0,0.0,0.0,171.66476260647136,-1000.0,0.0,0.0,0.0,0.0,0.0,196.87014011365267,0.0,0.0,0.0,0.0,0.0,0.0,0.0,214.58229245234227,-371.39760139218953,0.0,0.0,1.6838774782469161,0.0,0.0,82.79127759346832,0.0,0.0,171.66476260647136,0.0,826.3962039480535,-695.5445874737289,0.0,0.0,446.2103303587197,0.0,0.0,0.0,0.0,0.0,0.0,0.0,0.0,0.0,0.0,0.0,0.0,0.0,13.121123207118837,121.24384784935893,121.24384784935893,0.0,0.0,0.0,0.0,0.0,0.0,0.0,0.0,0.0,0.0,0.21868538678531393,0.0,0.0,0.0,0.0,0.0,-213.34328917946428,0.0,0.0,6.560561603559418,0.0,0.0,0.0,0.0,0.0,0.0,0.0,0.0,0.0,0.0,88.8938621542161,-1000.0,0.0,6.560561603559418,6.560561603559418,1000.0,-1000.0,0.0,196.87014011365267,0.0,0.0,0.0,0.0,0.0,1000.0,525.431362401091,1000.0,0.02186853867853139,0.0,0.0,0.0,1.7635414405758532,0.0,0.0,-82.79127759346832,0.0,0.0,0.0,0.0,0.0,0.0,0.0,0.0,0.0,0.0,0.0,0.0,0.0,0.0,0.02186853867853139,0.0,0.0,0.0,0.0,0.0,0.0,0.0,0.0,0.0,-750.0596798412046,1000.0,0.0,0.0,-875.274371056996,-1.6401404008898908,-1.0934269339265696,0.0,0.0,-421.875,-421.875,421.875,0.0,0.0,0.0,0.0,0.0,0.0,0.0,121.24384784935893,889.73636991849,0.0,0.0,595.6171515081996,0.0,0.0,0.0,-0.02186853867853139,0.0,0.0,0.02186853867853139,0.0,0.02186853867853139,0.0,0.0,0.0,13.121123207118837,26.679617187808297,26.679617187808297,0.0,0.0,0.0,0.0,0.0,0.0,0.0,0.0,0.0,525.431362401091,0.0,0.0,165.03656502723857,819.9834859779673,0.0,0.0,0.0,0.0,0.0,0.0,0.0,0.0,0.0,0.0,0.0,0.0,0.0,82.79127759346832,0.0,0.0,0.0,0.032802808017797086,0.0,0.0,0.0,-6.560561603559418,0.0,0.0,0.0,0.0,0.0,-537.8366226230135,1.0934269339265696,0.0,0.0,0.0,0.0,0.0,-1.7975938793756316,0.0,0.0,0.0,0.0,0.0,0.0,0.0,0.0,121.24384784935893,0.0,0.0,97.19136424768917,91.62629226429372,0.0,60.626292264293724,-13.024313108246615,0.0,998.2024061206243,0.0,-998.2024061206243,115.55613028519247,-676.0454101963542,0.0,1.0934269339265696,901.4472435913302,0.0,0.0,0.0,-44.26639456236555,0.0,0.0,0.0,0.0,0.0,-367.1803279222348,0.0,0.0,0.0,663.8227775416972,0.0,26.679617187808297,0.0,0.0,0.0,0.0,0.0,0.0,0.0,0.0,0.0,0.0,0.0,0.0,542.757043825683,-327.55814945352125,0.0,0.0,6.560561603559418,0.0,0.0,0.0,0.0,-143.18596949745418,0.0,0.0,0.024055392546406158,0.0,0.0,0.0,13.33980859390415,0.0,0.0,0.0,0.0,-34.25258452858745,0.0,0.0,0.0,0.0,0.0,0.0,0.0,0.0,772.9747917239298,0.0,0.0021868538678531395,0.0021868538678531395,0.0,0.0,0.0,0.0,0.0,0.0,0.0,0.0,0.0,0.0,0.0,0.0,0.0,0.0,0.0,537.8366226230135,0.0,0.0,0.0,0.0,0.0,0.0,0.0,439.64744858825213,0.0,0.0,0.0,0.0,0.0,0.0,-241.19946859778352,0.0,0.0,0.0,13.121123207118785,0.0,0.0,0.0,0.0,0.0,-821.2085711974464,808.0874479903276,0.0,0.0,0.0,0.0,0.0,0.0,0.0,0.0,0.0,0.0,0.0,0.0,-1000.0,-1000.0,1000.0,0.0,-6.560561603559418,0.0,875.1868969022813,0.0,0.0,0.0,0.0,0.0,0.0,0.0,0.0,0.0,0.0,0.0,0.0,0.0,0.0,0.0,0.0,0.0,-2.7335673348164606,121.24384784935893,-716.9284663418588,983.3799106043161,0.0,0.0,0.0,0.0,0.0,-1000.0,999.7266432665184,159.82252484755801,0.0,0.0,0.0,0.0,0.0,0.0,0.0,1000.0,6.560561603559418,6.560561603559418,0.0,0.0,0.0,0.0,0.0,0.024055392546406158,537.8366226230135,0.0,0.0,-875.1868969022813,0.0,0.0,0.0,0.0,0.0,0.0,0.0,0.0,0.0,0.0,0.0,0.0,0.0,0.0,0.0,0.0,0.0,6.779246990344731,0.0,22.961965612457963,1.6838774782469161,0.0,0.0,0.0,0.0,0.0,537.8366226230135,0.0,0.0,0.0,0.0,0.0,-2.7335673348164606,0.0,0.0,0.0,0.0,0.0,0.0,0.0,0.0,0.0,0.0,0.0,0.0,0.0,0.0,0.0,0.0,0.0,0.0,-0.02186853867853139,0.0,0.0,1.0934269339265696,-171.66476260647136,0.0,0.0,0.0,0.0,121.24384784935893,0.0,0.0,0.0,-983.1371698249844,0.5467134669632848,0.0,0.0,0.0,0.02186853867853139,0.0,21.86853867853139,0.0,4.373707735706279,0.15620384770379567,74.57171689379204,-0.016401404008898543,858.737589904411,0.43737077357062787,-0.1093426933931596,-74.57171689379204,6.560561603559418,-0.021868538678531394,4.3414377027488715,196.87014011365267,0.0054671346696328485,0.15620384770379567,-13.024313108246615,-3.4814713576225813,-0.43737077357062787,201.7949115203586,-0.02186853867853139,0.0054671346696328485,-74.57171689379204,515.8147475672681,0.021868538678531394,0.02186853867853139,-537.7906986917885,0.024055392546384533,-32.256912102611466,-0.016401404008898543,6.560561603559418,0.021868538678531394,6.560561603559418,-10.934269339265697,-0.010934269339265697,152.0110588279898,-85.0,-0.016401404008898543,-0.021868538678531394,0.0,0.02186853867853139,2.186853867853131,-0.43737077357062787,82.79127759346832,82.79127759346832,-2.1868538678531877,-201.7949115203586,-82.79127759346832,4.373707735706279,0.032802808017797086,-704.201712527703,2.1868538678531393,-214.58229245234227,196.87014011365267,-4.373707735706279,0.010934269339265697,0.21868538678531393,84.42404194278491,96.0,-0.02186853867853139,-542.757043825683,537.7906986917885,6.779246990344731,0.02186853867853139,3.4814713576225813,-343.0,196.87014011365267,-0.02186853867853139,-0.0054671346696328485,-196.87014011365267,-0.021868538678531394,-40.81314613214686,0.021868538678504357,-0.0054671346696328485,-0.0054671346696328485,-0.0054671346696328485,8.747415471412557,10.934269339265697,0.21868538678531393,16.201853593456946,-0.0054671346696328485,164.50664618282096,1.0934269339265696,21.5,0.02186853867853139,0.010934269339265697,0.010934269339265697,40.0,0.0,0.02186853867853139,0.0,0.21868538678531393,0.021868538678531394,-16.201853593456946,0.021868538678531394,0.08747415471461295,0.1093426933931596,0.010934269339265697,0.0054671346696328485,6.560561603559418,-0.021868538678531394,32.256912102611466,0.21868538678531393,-32.40370718691389,858.1908764374477,-2.186853867853131,4.373707735706279,1.0934269339265696,-0.021868538678531394,13.024313108246615,0.032802808017797086,-0.021868538678531394,-80.0,0.0,219.08352487115462,0.010934269339265697,-43.0,-0.021868538678531394,-0.021868538678504357,-0.021868538678531394,0.010934269339265697,74.57171689379204,-4.373707735706279,0.02186853867853139,168.84808388556982,-0.0054671346696328485,-0.024055392546384533,-168.84808388556982,3.2802808017797083,85.0,233.71227460582057,74.57171689379204,-0.016401404008898543,542.757043825683,-96.0,0.021868538678531394,-0.005467134669632849,1.0934269339265696,21.86853867853139,-0.010934269339265697,-0.02186853867853139,0.0054671346696328485,0.0,0.0,-295.8092217416363,0.0,-46.0,0.0,486.25460964639217,-31.0,513.6278936994149,-32.0,-93.0,-65.0,-1000.0,16.0,23.0,46.5,-513.6278936994149,15.5,-537.8366226230135,-75.89755537370046,1000.0,65.0,-75.89755537370046,-486.25460964639217,413.53387788926955,0.0,1496.5981,hclb
411,0.0,0.0,0.0,0.0,0.0,0.0,0.0,0.0,-0.06501583887792303,0.0,0.0,0.0,0.0,0.0,0.0,0.0,862.0934981863089,-603.5629674718685,0.0,0.0,0.0,0.0,0.0,768.4391775997808,0.0,0.0,0.0,0.0,0.0,-128.36469686484713,0.0,0.0,20.129244748794683,0.0,0.0,0.0,0.0,-0.2600633555123082,0.0,-1000.0,1000.0,0.0,0.0,0.0,0.0,0.0,0.0,91.67899554899587,-733.7288013214618,-628.3170676883647,0.0,0.0,0.0,0.0715174227660782,0.0,0.0,0.0,104.68216332458047,0.0,0.0,1.1761626667537257,0.0,702.4118008679911,682.8822909029346,0.0,0.0,0.0,0.0,0.0,0.0,0.0,0.6501583887792304,0.0,0.0,0.0,0.0,0.0,0.0,0.0,0.0,0.0,0.0,0.0,0.0,39.009503326753816,0.0,0.0,848.16342974356,114.43462842209811,0.0,-0.016253959719480758,0.0,0.0,894.1394054109509,19.504751663376908,0.0,19.504751663376908,-2.0935100118704213,0.0,0.0,0.0,90.7707105906917,-128.36469686484713,0.0,0.0,-9.433905212002855,183.9521068814427,0.0,0.0,0.0,0.0,0.0,0.0,0.0,0.0,0.0,0.0,0.0,0.0,0.0,0.0,0.0,0.0,0.0,-523.442221864599,0.0,0.0,19.504751663376908,0.0,20.15491005215614,0.0,0.0,0.0,0.0,0.0,0.0,-20.70567263181009,0.0,0.0,0.0,0.0,0.0,0.0,0.0,0.0,5.006219593600008,0.06501583887792303,0.0,0.0,0.0,-298.12611590371944,0.0,0.0,0.0,0.0,0.0,330.73591417786184,0.0,0.0,0.0,0.0,0.0,542.1576897851937,542.1576897851937,0.0,0.0,0.0,0.0,755.3139995508524,0.0,0.0,542.2227056240716,0.0,0.0,0.0,-121.83399052526065,0.0,0.0,0.0,0.0,0.0,0.0,0.0,0.0,0.0,0.0,-15.93475809204211,0.0,0.0,0.0,0.0,-1000.0,0.0,0.0,0.0,0.0,0.0,628.3170676883647,0.0,-114.43462842209811,114.43462842209811,20.70567263181009,0.0,0.0,0.0,0.0,0.0,0.0,0.0,865.1681312855189,0.0,0.0,0.0,0.0,0.0,0.0,0.0,0.0,0.0,0.0,0.0,0.0,0.0,280.02787299798587,134.94019501044264,0.0,0.0,0.0,0.0,0.0,78.43340027332977,0.0,0.0,0.0,0.0,1.1761626667537257,0.0,0.0,0.0,0.0,0.0,0.0,0.0,0.0,0.0,0.0,0.0,0.0,0.0,771.1307431558039,1000.0,0.0,0.0,0.0,0.0,0.0,20.70567263181009,0.0,0.0,0.0,0.0,300.704130005332,0.0,0.0,-1000.0,-932.2169646353288,0.0,-67.78303536467135,0.0,932.2169646353288,0.0,0.0,-832.4322243160648,628.3170676883647,0.0,82.2551175642654,0.0,0.0,0.0,0.0,0.0,0.0,0.0,1000.0,0.0,0.0,1000.0,0.0,0.0,0.0,1.1761626667537257,-0.09752375831688455,0.0,0.0,0.0,0.0,0.06501583887792303,0.0,0.0,0.0,881.3561754314832,862.0934981863089,0.0,-764.681646421954,184.0485534029827,0.0,952.5079194389616,0.0,595.5415465504609,0.0,-9.433905212002855,0.0,0.0,0.0,-5.597863727389535,0.0,-589.9436828230714,-1000.0,-1000.0,0.0,0.0,0.0,0.0,0.0,0.0,0.0,0.0,0.0,0.0,0.0,0.0,0.0,0.0,0.0,0.0,0.0,-1000.0,0.0,-1000.0,0.0,0.0,0.0,0.0,0.0,0.0,-5.006219593600008,0.0,0.0,0.0,0.0,87.51991864679556,0.0,0.0,-47.01075126729393,0.0,0.0,389.77090084701587,0.0,0.0,502.39985577394805,0.0,0.0,0.0,-1.6253959719480757,-3.2507919438961514,-762.7945591639092,0.0,767.6707470797534,0.0,-851.3423876140236,19.504751663376908,0.0,0.0,0.0,90.48484166566519,0.0,0.0,280.02787299798587,0.0,0.0,0.0,-1.0541042292469256,0.0,0.0,-457.9073260536842,0.0,0.0,0.0,0.0,0.0,-18.35334729830276,0.0,0.0,66.9968322244154,0.0,0.0,0.0,0.0,1.2614343247889606,0.13003167775605107,0.0,0.0,0.0,0.0,0.0,0.0,0.0,0.0,0.0,0.0,0.0,0.0,0.0,0.0,0.0,0.0,0.0,0.0,0.0,0.0715174227660782,0.0715174227660782,0.0,363.0247052224013,0.0,39.009503326753816,0.0,0.0,0.0,1000.0,0.0,754.8516789772787,0.0,0.0,0.0,357.615207467843,-1000.0,0.0,0.0,0.0,0.0,0.0,66.9968322244154,0.0,0.0,0.0,0.0,0.0,0.0,0.0,174.480740621533,-881.3561754314832,114.17400902227675,0.0,191.6944836863659,0.0,795.000332505811,99.13907290513986,0.0,0.0,357.615207467843,0.0,358.876641792632,0.0,-828.12500000011,828.12500000011,280.02787299798587,0.0,0.0,0.0,0.0,0.0,0.0,0.0,0.0,0.0,0.0,0.0,0.0,0.0,39.009503326753816,20.70567263181009,20.70567263181009,0.0,0.0,0.0,0.0,0.0,0.0,0.0,0.0,0.0,0.0,0.6501583887792304,0.0,0.0,0.0,0.0,0.0,0.0,0.0,0.0,19.504751663376908,0.0,0.0,0.0,186.6882640927659,0.0,0.0,0.0,0.0,0.0,0.0,775.070793165329,0.0,0.0,19.504751663376908,19.504751663376908,-707.1242698985671,-1000.0,0.0,66.9968322244154,0.0,0.0,0.0,0.0,0.0,671.5743643309933,0.0,1000.0,0.06501583887792303,0.0,0.0,-808.2198988847664,894.0826021000463,0.0,0.0,-894.1394054109509,0.0,0.0,0.0,0.0,0.0,0.0,0.0,0.0,0.0,0.0,0.0,0.0,0.0,0.0,0.06501583887792303,0.0,0.0,0.0,-1000.0,1000.0,0.0,0.0,0.0,0.0,0.0,872.5904535644137,0.0,-877.5966731580138,0.0,-4.876187915844227,-3.2507919438961608,0.0,0.0,-390.625,-390.625,390.625,0.0,0.0,0.0,0.0,0.0,0.0,0.0,20.70567263181009,0.0,0.0,0.0,-80.42084859037399,0.0,0.0,0.0,-0.06501583887792303,0.0,0.0,0.06501583887792303,0.0,0.06501583887792303,0.0,0.0,0.0,39.009503326753816,79.3193234310661,79.3193234310661,0.0,0.0,0.0,0.0,0.0,0.0,0.0,114.17400902227675,0.0,0.0,0.0,0.0,0.0,0.0,0.0,0.0,0.0,0.0,0.0,0.0,0.0,0.0,0.0,0.0,0.0,0.0,0.0,99.13907290513986,0.0,0.0,0.0,0.09752375831688455,0.0,0.0,0.0,-19.504751663376908,0.0,0.0,0.0,0.0,0.0,-363.0247052224013,3.2507919438961514,0.0,0.0,0.0,0.0,-755.3139995508524,5.006219593600008,0.0,0.0,0.0,0.0,0.0,0.0,0.0,0.0,20.70567263181009,0.0,0.0,763.6342251164144,82.9968322244154,0.0,166.17084124669213,-9.433905212002855,0.0,0.0,877.5966731580138,-877.5966731580138,0.0,-79.3193234310661,0.0,3.2507919438961608,560.6211765242983,0.0,0.0,0.0,-18.35334729830276,0.0,0.0,149.64927262900505,-149.64927262900505,0.0,0.0,0.0,0.0,0.0,383.8356512302876,-377.653268969934,79.3193234310661,0.0,-890.625,-890.6249999999999,890.6249999999999,0.0,0.0,0.0,0.0,0.0,0.0,0.0,0.0,0.0,-85.86270321527991,0.0,0.0,19.504751663376908,0.0,0.0,0.0,0.0,153.80933388298507,0.0,0.0,0.0715174227660782,0.0,0.0,0.0,39.65966171553305,0.0,0.0,0.0,0.0,134.94019501044264,0.0,183.9521068814427,0.0,0.0,0.0,0.0,0.0,0.0,0.0,0.0,0.006501583887792428,0.006501583887792428,0.0,0.0,0.0,0.0,0.0,0.0,0.0,0.0,0.0,-808.2198988847664,0.0,0.0,0.0,0.0,0.0,363.0247052224013,0.0,0.0,0.0,0.0,0.0,0.0,0.0,628.3170676883647,0.0,0.0,0.0,0.0,0.0,158.02597073509128,-603.5629674718685,0.0,0.0,0.0,39.009503326753816,0.0,0.0,0.0,0.0,0.0,0.0,-39.009503326753816,0.0,0.0,0.0,0.0,0.0,0.0,0.0,0.0,0.0,0.0,0.0,0.0,-1000.0,-456.79033253385387,44.535849631377275,0.0,-19.504751663376908,0.0,-0.2600633555123082,0.0,0.0,0.0,0.0,0.0,0.0,0.0,0.0,0.0,0.0,0.0,0.0,0.0,0.0,0.0,0.0,0.0,-8.126979859740388,20.70567263181009,-92.39610656263977,372.77708105408976,0.0,0.0,0.0,0.0,0.0,0.0,-0.812697985974038,18.35334729830276,0.0,0.0,0.0,0.0,0.0,0.0,0.0,1000.0,19.504751663376908,19.504751663376908,0.0,0.0,0.0,0.0,0.0,0.0715174227660782,363.0247052224013,0.0,0.0,0.2600633555123082,0.0,0.0,0.0,0.0,0.0,0.0,0.0,0.0,0.0,0.0,0.0,0.0,0.0,0.0,0.0,0.0,0.0,0.0,0.0,68.26663082181918,5.006219593600008,0.0,0.0,0.0,0.0,0.0,363.0247052224013,0.0,-10.35052154936659,0.0,0.0,0.0,-8.126979859740388,0.0,0.0,0.0,0.0,0.0,0.0,0.0,0.0,0.0,0.0,0.0,0.0,0.0,0.0,0.0,0.0,0.0,0.0,-0.06501583887792303,0.0,0.0,3.2507919438961514,-357.615207467843,0.0,0.0,0.0,0.0,20.70567263181009,0.0,0.0,0.0,5.597863727389535,1.6253959719480757,0.0,0.0,0.0,0.06501583887792303,0.0,65.01583887792303,-20.15491005215614,13.003167775584606,0.46439884912802165,181.39419046940526,-0.048761879158442274,47.01075126729393,1.3003167775584608,-0.32507919439023125,-181.39419046940526,19.504751663376908,-0.06501583887792303,3.1446350706676185,66.9968322244154,0.016253959719480758,0.46439884912802165,-9.433905212002855,-10.35052154936659,-1.3003167775584643,-258.5305307144404,-0.06501583887792303,0.016253959719480758,-181.39419046940526,6.501583887792303,0.06501583887792303,0.06501583887792303,-362.8881719607573,0.07151742276571546,0.0,-0.048761879158442274,19.504751663376908,0.06501583887792303,19.504751663376908,-32.507919438961515,-0.032507919438961516,-311.86810375385613,-85.0,-0.048761879158442274,-0.06501583887792303,-20.15491005215614,0.06501583887792303,6.501583887792303,-1.3003167775584608,99.13907290513986,99.13907290513986,-6.501583887792303,258.5305307144404,-99.13907290513986,13.003167775584606,0.09752375831688455,558.8418129019554,6.501583887792303,-174.480740621533,66.9968322244154,-13.003167775584606,0.032507919438961516,0.6501583887792304,191.1704116054885,96.0,-0.06501583887792303,-377.653268969934,362.8881719607573,20.15491005215614,0.06501583887792303,10.35052154936659,-11.022174429092232,66.9968322244154,-0.06501583887792303,-0.016253959719480758,-66.9968322244154,-0.06501583887792303,-182.6906725566537,0.06501583887813922,-0.016253959719480758,-0.016253959719480758,-0.016253959719480758,26.00633555116921,32.507919438961515,0.6501583887792304,93.6012252647771,-0.016253959719480758,379.1961881403094,3.2507919438961514,2.620074781501671,0.06501583887792303,0.032507919438961516,0.032507919438961516,40.0,20.15491005215614,0.06501583887792303,-20.15491005215614,0.6501583887792304,0.06501583887792303,-184.46645653696532,0.06501583887792303,0.2600633555123082,0.32507919439023125,0.032507919438961516,0.016253959719480758,19.504751663376908,-0.06501583887792303,0.0,0.6501583887792322,-187.2024505295542,45.38535529534585,-6.501583887792303,13.003167775584606,3.2507919438961514,-0.06501583887792303,9.433905212002855,0.09752375831688455,-0.06501583887792303,-80.0,20.15491005215614,-16.1330307100107,0.032507919438961516,-5.240149563003342,-0.06501583887792303,-0.06501583887813922,-0.06501583887792303,0.032507919438961516,181.39419046940526,-13.003167775584606,0.06501583887792303,382.340823210977,-0.016253959719480758,-0.07151742276571546,-382.340823210977,9.752375831688452,85.0,-487.61334459960113,181.39419046940526,-0.048761879158442274,377.653268969934,-96.0,0.06501583887792303,-0.016253959719480758,3.2507919438961608,65.01583887792303,-0.032507919438961516,-0.06501583887792303,0.016253959719480758,0.0,0.0,-558.8743208213945,90.86523127218823,-46.0,0.0,84.20179046110957,-31.0,0.0,-32.0,-93.0,-65.0,0.0,16.0,23.0,46.5,0.0,15.5,-363.0247052224013,-137.67630317297437,0.0,65.0,-137.67630317297437,-84.20179046110957,44.361190501204746,0.0,1496.5981,hclb
412,0.0,0.0,0.0,0.0,0.0,0.0,0.0,0.0,-0.009392939686751714,0.0,0.0,0.0,0.0,0.0,0.0,0.0,-939.9107888621029,319.34464730823004,0.0,1000.0,0.0,0.0,0.0,0.0,0.0,241.3409410761334,0.0,0.0,0.0,-413.5256897761599,0.0,0.0,21.604647622908136,0.0,0.0,0.0,0.0,239.9808375408779,0.0,-1000.0,817.0978673004163,0.0,0.0,0.0,0.0,0.0,935.1552816365862,178.41273984205964,1000.0,0.0,0.0,0.0,0.0,0.01033223365629965,0.0,0.0,0.0,0.0,0.0,0.0,-157.37260126051694,0.0,1000.0,842.627398739483,0.0,0.0,0.0,0.0,273.4429118395041,-273.4429118395041,0.0,0.09392939686751714,0.0,0.0,0.0,0.0,0.0,0.0,0.0,0.0,0.0,0.0,241.62585437801766,0.0,5.635763812051028,0.0,156.54539637210368,0.0,345.40853949651506,654.591460503485,-0.0023482349216879285,0.0,0.0,9.392856968718638,2.817881906025514,0.0,2.817881906025514,0.0,0.0,0.0,241.62585437801766,918.3543048216507,-1000.0,0.0,0.0,-9.187768410013778,512.1554105311523,0.0,0.0,0.0,0.0,0.0,0.0,0.0,0.0,0.0,0.0,0.0,0.0,0.0,0.0,0.0,0.0,0.0,-510.8229014030428,0.0,0.0,2.817881906025514,0.0,2.911811302893031,0.0,0.0,0.0,0.0,0.0,0.0,0.0,820.1279763021068,-820.1279763021068,0.0,0.0,0.0,0.0,0.0,0.0,-84.35720165003409,0.009392939686751714,0.0,0.0,0.0,-1000.0,339.4847759501773,0.0,0.0,0.0,0.0,42.77788720317531,0.0,0.0,0.0,0.0,0.0,105.42282109853276,105.42282109853276,0.0,0.0,0.0,0.0,0.0,0.0,0.0,105.43221403821951,0.0,0.0,0.0,-1000.0,-865.4548688069215,0.0,0.0,0.0,0.0,0.0,0.0,0.0,0.0,0.0,0.0,0.0,0.0,0.0,0.0,-595.3968470528016,0.0,0.0,0.0,0.0,0.0,0.0,0.0,-1000.0,1000.0,0.0,0.0,0.0,0.0,0.0,0.0,0.0,586.4743102238401,-789.6928918795239,0.0,0.0,0.0,0.0,0.0,0.0,0.0,0.0,0.0,0.0,0.0,0.0,0.0,323.5395651828863,154.40680622757648,353.43647863826277,0.0,0.0,0.0,0.0,47.494658632497,0.0,0.0,0.0,0.0,-157.37260126051694,353.43647863826277,0.0,0.0,0.0,0.0,0.0,0.0,0.0,0.0,0.3024526579132498,180.29132777940998,0.0,0.0,-345.40853949651506,1000.0,0.0,0.0,-353.43647863826277,0.0,0.0,0.0,0.0,0.0,0.0,0.0,-372.4565050694017,0.0,0.0,-1000.0,0.0,1000.0,-1000.0,0.0,1000.0,-654.5914605034849,0.0,-680.65535269177,0.0,0.0,-21.288356906459722,0.0,0.0,0.0,0.0,0.0,0.0,0.0,570.9325206791211,0.0,0.0,-248.62344809460703,0.0,0.0,0.0,-157.37260126051694,-0.014089409530127571,0.0,0.0,0.0,0.0,0.009392939686751714,0.0,0.0,0.0,544.7818538563658,-939.9107888621029,0.0,-328.61226261810873,341.90242517694634,865.4548688069215,773.7459605027477,0.0,571.9638004990264,0.0,-9.187768410013778,0.0,0.0,0.0,-0.8087321070301952,-558.507475103785,-12.647593288211183,-1000.0,-242.4707588621262,0.0,0.0,0.0,0.0,0.0,0.0,0.0,0.0,0.0,0.0,0.0,0.0,0.0,0.0,0.0,0.0,0.0,740.7056802606592,0.0,500.68727096103413,0.0,0.0,0.0,1000.0,0.0,210.55765275377834,84.05474899212084,0.0,0.0,0.0,0.0,917.8846578373131,0.0,609.374999999997,0.0,483.75317366462843,285.06456326428093,0.0,0.0,0.0,0.0,-609.374999999997,-959.4119759029941,0.0,-483.98799715679723,-0.46964698433758567,89.67489766725677,0.0,921.5564645371098,-124.21288538235586,0.0,2.817881906025514,-296.87500000141756,296.87500000141756,0.0,0.0,0.0,0.0,0.0,-323.5395651828863,323.5395651828863,323.5395651828863,100.30918047266343,0.0,0.0,0.0,0.0,0.0,586.4743102238401,0.0,0.0,-1.654409776826526,0.0,0.0,46.1697887036941,0.0,0.0,0.0,0.0,3.229110802880598,0.018785879373751868,0.0,0.0,0.0,0.0,0.0,0.0,0.0,0.0,0.0,0.0,0.0,0.0,0.0,0.0,0.0,0.0,0.0,0.0,0.0,0.01033223365629965,0.01033223365629965,0.0,273.0587108181803,0.0,5.635763812051028,0.0,0.0,0.0,1000.0,0.0,0.0,156.54539637210368,0.0,0.0,270.87695814274406,-1000.0,0.0,0.0,0.0,0.0,0.0,46.1697887036941,0.0,0.0,0.0,0.0,0.0,0.0,0.0,170.27430046768094,-544.7818538563658,148.35981351867034,0.0,157.26865272798358,0.0,9.392856968718638,0.0,-47.494658632497,0.0,270.87695814274406,0.0,0.0,274.1060689456247,0.0,0.0,323.5395651828863,0.0,0.0,0.0,0.0,0.0,0.0,0.0,0.0,0.0,0.0,0.0,0.0,0.0,5.635763812051028,0.0,0.0,0.0,0.0,0.0,0.0,0.0,0.0,0.0,0.0,0.0,0.0,0.09392939686751714,0.0,0.0,156.54539637210368,-156.54539637210368,0.0,0.0,0.0,0.0,2.817881906025514,0.0,0.0,0.0,0.0,0.0,0.0,0.0,0.0,0.0,0.0,181.24940762745865,-750.1554523799699,0.0,2.817881906025514,2.817881906025514,1000.0,-1000.0,0.0,46.1697887036941,0.0,0.0,0.0,0.0,0.0,1000.0,586.4743102238401,786.099606591646,0.009392939686751714,0.0,0.0,0.0,12.404718704882313,0.0,0.0,-9.392856968718638,0.0,0.0,0.0,0.0,0.0,0.0,0.0,0.0,0.0,0.0,0.0,0.0,0.0,0.0,0.009392939686751714,0.0,0.0,0.0,0.0,0.0,0.0,0.0,0.0,0.0,0.0,1000.0,0.0,-915.9452510078792,-240.01840929962503,-0.7044704765063443,-0.46964698433758567,0.0,0.0,0.0,0.0,0.0,0.0,0.0,0.0,0.0,0.0,0.0,0.0,0.0,865.4548688069215,0.0,0.0,922.0261115214474,0.0,0.0,0.0,-0.009392939686751714,0.0,0.0,0.009392939686751714,0.0,0.009392939686751714,0.0,0.0,0.0,5.635763812051028,11.459386417837091,11.459386417837091,0.0,0.0,0.0,0.0,0.0,0.0,0.0,148.35981351867034,0.0,586.4743102238401,0.0,0.0,0.0,0.0,0.0,0.0,0.0,0.0,0.0,0.0,0.0,0.0,0.0,0.0,0.0,0.0,0.0,47.494658632497,0.0,-241.3409410761334,241.3409410761334,0.014089409530127571,0.0,0.0,0.0,-2.817881906025514,0.0,0.0,0.0,0.0,0.0,-273.0587108181803,0.46964698433758567,0.0,0.0,0.0,0.0,0.0,0.0,0.0,0.0,0.0,0.0,0.0,0.0,0.0,0.0,0.0,0.0,0.0,-570.2309146813142,-50.480854364705976,0.0,211.48122558132,-9.187768410013774,0.0,84.05474899212084,915.9452510078792,-1000.0,0.0,-11.459386417837091,0.0,0.46964698433758567,1000.0,0.0,341.18756510965824,0.0,-314.7452025210339,0.0,0.0,-734.374999999999,734.374999999999,0.0,0.0,0.0,0.0,0.0,273.76318129468666,-275.17212224769935,11.459386417837091,0.0,0.0,0.0,0.0,0.0,0.0,0.0,0.0,0.0,0.3024526579132498,0.0,0.0,0.0,-12.404718704882313,548.3825148358043,0.0,2.817881906025514,156.54539637210368,0.0,0.0,0.0,-139.53765621681347,0.0,0.0,0.01033223365629965,0.0,0.0,0.0,5.729693208918545,0.0,0.0,0.0,0.0,154.40680622757648,0.0,512.1554105311523,0.0,0.0,0.0,0.0,0.0,0.0,0.0,0.0,0.0009392939686751478,0.0009392939686751478,0.0,0.0,0.0,0.0,0.0,0.0,0.0,0.0,0.0,0.0,0.0,0.0,0.0,0.0,0.0,273.0587108181803,0.0,0.0,0.0,0.0,0.0,0.0,0.0,0.0,0.0,0.0,0.0,313.09079274420736,-364.41305303823,-196.06387737774583,319.34464730823004,0.0,0.0,0.0,5.635763812051028,0.0,0.0,0.0,0.0,0.0,0.0,-5.635763812051028,0.0,313.09079274420736,0.0,0.0,0.0,0.0,0.0,0.0,0.0,0.0,0.0,0.0,-176.70593480479567,-1000.0,6.434163685424925,0.0,-2.817881906025514,0.0,239.9808375408779,0.0,0.0,0.0,0.0,0.0,0.0,0.0,0.0,0.0,304.6875,0.0,-304.6875,-304.6875,0.0,0.0,0.0,0.0,-1.17411746084393,0.0,-918.5891283138194,274.46765177119306,0.0,0.0,0.0,0.0,0.0,0.0,-0.11741174608439642,1.654409776826526,0.0,0.0,0.0,0.0,0.0,0.0,0.0,851.8644306489765,2.817881906025514,2.817881906025514,0.0,0.0,0.0,0.0,0.0,0.01033223365629965,273.0587108181803,0.0,0.0,-239.9808375408779,0.0,0.0,0.0,0.0,0.0,0.0,0.0,0.0,0.0,0.0,0.0,0.0,0.0,0.0,0.0,0.0,0.0,0.0,0.0,9.8625866710893,157.26865272798358,0.0,0.0,0.0,0.0,0.0,273.0587108181803,0.0,-0.46964698433758567,0.0,0.0,0.0,-1.17411746084393,0.0,0.0,0.0,0.0,0.0,0.0,0.0,0.0,0.0,0.0,0.0,0.0,0.0,0.0,0.0,0.0,0.0,0.0,-0.009392939686751714,0.0,0.0,0.46964698433758567,-270.87695814274406,0.0,0.0,0.0,0.0,0.0,0.0,0.0,0.0,0.8087321070301952,0.23482349216879284,0.0,0.0,241.3409410761334,0.009392939686751714,0.0,9.392939686751713,-2.911811302893031,1.8785879373503427,0.0670924263339408,26.206301726037278,-0.0070447047650637855,959.4119759029941,0.18785879373503428,-0.04696469843388597,-26.206301726037278,2.817881906025514,-0.009392939686751714,3.0625894700045926,46.1697887036941,0.0023482349216879285,0.06709242633394082,-9.187768410013778,-158.0407523702344,-0.18785879373503428,-379.43385844612703,-0.009392939686751714,0.0023482349216879285,-26.206301726037278,0.9392939686751713,0.009392939686751714,0.009392939686751714,-273.0389856448373,-156.53506413844826,0.0,-0.0070447047650637855,2.817881906025514,0.009392939686751714,2.817881906025514,-4.696469843375857,-0.004696469843375857,-24.402350383147756,-48.44334554085893,-0.007044704765063785,-0.009392939686751714,-2.911811302893031,0.009392939686751714,0.9392939686751713,-0.18785879373503428,47.494658632497,47.494658632497,-0.9392939686751713,379.43385844612703,-47.494658632497,1.8785879373503427,0.01408940953012757,7.372434297573818,0.9392939686751713,-170.27430046768094,46.1697887036941,-1.8785879373503427,0.004696469843375857,0.09392939686751714,82.15306565452718,-48.60226642735563,-0.009392939686751714,-275.17212224769935,273.0389856448373,2.911811302893031,0.009392939686751714,158.0407523702344,34.89826107959212,46.1697887036941,-0.009392939686751714,-0.0023482349216879285,-46.1697887036941,-0.009392939686751714,-508.92629972827166,0.009392939686564947,-0.0023482349216879285,-0.0023482349216879285,-0.0023482349216879285,3.7571758747006854,4.696469843375857,0.09392939686751714,36.99655505460572,-0.0023482349216879285,161.24354183904978,0.46964698433758567,-1.1449084171027133,0.009392939686751714,0.004696469843375857,0.004696469843375857,24.02418832052222,2.911811302893031,0.009392939686751714,-2.911811302893031,0.09392939686751714,0.009392939686751714,-97.07167678297282,0.009392939686751714,0.03757175874710583,0.04696469843388597,0.004696469843375857,0.0023482349216879285,2.817881906025514,-0.009392939686751714,0.0,0.09392939686751714,-73.99311010921144,959.1771524108253,-0.9392939686751713,1.8785879373503427,0.46964698433758567,-0.009392939686751714,9.187768410013778,0.014089409530127571,-0.009392939686751714,-48.04837664104444,2.911811302893031,261.96903250523883,0.004696469843375857,2.289816834205425,-0.009392939686751714,-0.009392939686564947,-0.009392939686751714,0.004696469843375857,26.206301726037278,-1.8785879373503427,0.009392939686751714,164.30613130905436,-0.0023482349216879285,156.53506413844826,-164.30613130905436,1.408940953012757,48.44334554085893,-391.42559344671224,26.206301726037278,-0.007044704765063785,275.17212224769935,48.60226642735563,0.009392939686751714,-0.0023482349216879285,0.46964698433758567,9.392939686751713,-0.004696469843375857,-0.009392939686751714,0.0023482349216879285,921.678642659749,0.0,-7.377130767417194,60.075121728367094,-46.0,0.0,436.93041229261127,-31.0,0.0,-32.0,-93.0,-65.0,0.0,16.0,23.0,46.5,0.0,15.5,-273.0587108181803,-122.43137628842535,0.0,65.0,-122.43137628842535,-436.93041229261127,200.546428622172,0.0,1496.5981,hclb
413,0.0,0.0,0.0,0.0,0.0,0.0,0.0,0.0,-0.025943073886027294,0.0,0.0,0.0,0.0,0.0,0.0,0.0,0.0,0.0,0.0,500.30619043303864,0.0,0.0,0.0,515.2880812113277,0.0,0.0,0.0,0.0,0.0,-52.59277937221225,82.85446508519523,-82.85446508519523,0.0,0.0,0.0,0.0,0.0,430.29577238366005,0.0,-1000.0,992.2170778341919,0.0,0.0,0.0,0.0,0.0,0.0,0.0,-618.0741362548006,-743.3330246911232,0.0,0.0,0.0,0.028537381274587544,0.0,0.0,0.0,5.1886147772054585,0.0,0.0,-48.702494235293045,0.0,234.34180959573695,185.63931536044396,0.0,0.0,0.0,0.0,0.0,0.0,0.0,0.25943073886027296,0.0,0.0,0.0,0.0,0.0,0.0,0.0,0.0,0.0,0.0,403.3296532789302,0.0,15.565844331616377,0.0,18.799619166664975,118.36086938242465,0.0,0.019457305414520468,-0.006485768471506823,0.0,0.0,0.0,7.782922165808189,0.0,7.782922165808189,0.0,0.0,0.0,430.88656449188625,1.2971536943013646,-1000.0,0.0,0.0,0.0,135.79881072213124,629.7040254069835,0.0,0.0,0.0,0.0,0.0,0.0,0.0,0.0,0.0,0.0,0.0,0.0,0.0,0.0,0.0,0.0,-184.19337833293207,0.0,0.0,7.782922165808189,0.0,8.04235290466846,8.04235290466846,0.0,-497.89706353215354,497.89706353215354,0.0,0.0,0.0,0.0,0.0,0.0,0.0,0.0,0.0,0.0,0.0,-382.5324174230411,0.025943073886027294,0.0,0.0,0.0,0.0,-507.11302810706155,0.0,0.0,27.556911212956038,0.0,284.38345314043073,0.0,0.0,0.0,0.0,0.0,298.0754219120215,298.0754219120215,0.0,0.0,0.0,859.375,0.0,0.0,0.0,380.95583007110275,0.0,0.0,0.0,283.1389627350502,0.0,0.0,0.0,0.0,0.0,0.0,0.0,0.0,0.0,0.0,-3.891461082904158,0.0,0.0,0.0,0.0,-1000.0,0.0,0.0,0.0,0.0,0.0,743.3330246911232,0.0,-0.019457305414520468,0.019457305414520468,0.0,0.0,0.0,0.0,0.0,0.0,0.0,947.4072206277878,-572.1172816280285,0.0,0.0,0.0,0.0,0.0,0.0,0.0,0.0,0.0,0.0,0.0,0.0,0.0,576.2502871175234,378.0945630045777,670.6669156270128,0.0,0.0,0.0,0.0,0.0,0.0,0.0,0.0,0.0,-48.702494235293045,670.6669156270128,82.85446508519523,0.0,0.0,0.0,0.0,0.0,0.0,0.0,86.96490909528879,0.0,0.0,0.0,-0.019457305414520468,0.0,-499.73272417779043,0.0,-670.6669156270128,0.0,0.0,0.0,0.0,0.0,0.0,0.0,-127.86061452901038,0.0,0.0,-560.6155515302177,0.0,0.0,-560.6155515302177,0.0,0.0,-0.019457305414520468,0.0,1000.0,743.3330246911232,0.0,88.46588195135305,0.0,0.0,0.0,-196.2020838286449,0.0,196.2020838286449,0.0,324.5050864233358,0.0,0.0,-140.03525465509222,859.375,0.0,0.0,-48.702494235293045,-0.038914610829040935,0.0,0.0,0.0,0.0,0.025943073886027294,0.0,0.0,0.0,905.252168738903,0.0,0.0,-736.7735133317283,544.7198534332671,0.0,1000.0,0.0,-132.76322180942546,0.0,0.0,0.0,0.0,0.0,-2.233698661586907,0.0,134.99692047101237,-1000.0,-1000.0,0.0,0.0,0.0,0.0,0.0,0.0,0.0,0.0,0.0,0.0,0.0,0.0,0.0,0.0,0.0,0.0,0.0,-569.6004553207956,0.0,-1000.0,27.556911212956038,0.0,3.2750770309637574,826.0175425828264,0.0,0.0,378.4219734129475,0.0,0.0,0.0,0.0,0.0,0.0,-171.87500000000017,-414.30592498571457,0.0,0.0,0.0,0.0,-169.92926945854813,0.0,171.87500000000017,0.0,0.0,-0.6485768471506823,-1.2971536943013646,0.0,0.0,0.0,-344.36329761615536,930.54422260187,7.782922165808189,0.0,0.0,0.0,0.0,0.0,0.0,576.2502871175234,0.0,0.0,0.0,86.80880867663372,0.0,0.0,0.0,0.0,0.0,947.4072206277878,0.0,0.0,-59.805750137256155,0.0,0.0,0.0,0.0,0.0,0.0,0.0,-1.0025765461608205,0.0518861477720627,0.0,0.0,0.0,0.0,0.0,0.0,0.0,0.0,0.0,0.0,0.0,0.0,0.0,0.0,0.0,0.0,0.0,0.0,0.0,0.028537381274587544,0.028537381274587544,82.85446508519523,667.061672340318,0.0,15.565844331616377,0.0,0.0,0.0,1000.0,0.0,0.0,18.799619166664975,0.0,0.0,262.2478345334638,-1000.0,0.0,0.0,295.2806397046443,0.0,0.0,0.0,0.0,0.0,0.0,0.0,0.0,0.0,0.0,61.39779277764402,-905.252168738903,371.3142173849303,0.0,20.797235855889078,0.0,0.0,0.0,0.0,0.0,262.2478345334638,0.0,261.245257987303,0.0,0.0,0.0,576.2502871175234,0.0,0.0,0.0,0.0,0.0,0.0,0.0,0.0,0.0,0.0,0.0,0.0,0.0,15.565844331616377,0.0,0.0,0.0,0.0,0.0,0.0,0.0,0.0,0.0,0.0,0.0,0.0,0.25943073886027296,0.0,82.85446508519523,18.799619166664975,-18.799619166664975,82.85446508519523,0.0,0.0,0.0,7.782922165808189,-295.2806397046443,0.0,0.0,0.0,0.0,0.0,0.0,0.0,0.0,0.0,0.0,783.47587163706,0.0,7.782922165808189,7.782922165808189,1000.0,-1000.0,0.0,0.0,0.0,0.0,0.0,0.0,0.0,1000.0,947.4072206277878,924.1107070159212,0.025943073886027294,0.0,0.0,2.092123601237487,0.0,1.0025765461608205,0.0,0.0,0.0,0.0,0.0,0.0,0.0,0.0,0.0,0.0,0.0,0.0,0.0,0.0,0.0,0.0,0.025943073886027294,0.0,0.0,0.0,-387.6226117959829,387.6226117959829,0.0,0.0,0.0,0.0,-618.3029495560887,1000.0,0.0,0.0,-430.3995446792044,-1.9457305414520472,0.0,-1.2971536943013635,0.0,-359.375,-359.375,359.375,0.0,0.0,0.0,0.0,0.0,0.0,0.0,0.0,0.0,0.0,0.0,931.8413762961713,0.0,0.0,0.0,-0.025943073886027294,0.0,0.0,0.025943073886027294,0.0,0.025943073886027294,0.0,0.0,0.0,15.565844331616377,31.6505501409533,31.6505501409533,0.0,0.0,0.0,0.0,0.0,0.0,0.0,371.3142173849303,0.0,947.4072206277878,0.0,0.0,0.0,0.0,0.0,0.0,0.0,0.0,0.0,0.0,0.0,0.0,0.0,0.0,0.0,0.0,0.0,0.0,0.0,0.0,0.0,0.038914610829040935,0.0,0.0,0.0,-7.782922165808189,0.0,0.0,0.0,0.0,0.0,-667.061672340318,1.2971536943013646,0.0,0.0,0.0,-859.375,0.0,3.2750770309637574,-1.2971536943013635,0.0,0.0,0.0,0.0,0.0,0.0,0.0,0.0,0.0,295.2806397046443,368.43327319010166,90.81138522279454,0.0,431.1256026077249,1.0025765461608205,0.0,1000.0,0.0,-1000.0,27.556911212956038,-31.6505501409533,0.0,1.2971536943013635,864.2853240585642,0.0,0.0,-82.85446508519523,-97.4049884705861,0.0,0.0,-546.8750000000005,546.8750000000005,0.0,0.0,0.0,0.0,0.0,0.0,0.0,31.6505501409533,0.0,0.0,0.0,82.85446508519523,0.0,0.0,0.0,0.0,0.0,86.96490909528879,0.0,0.0,672.8988639646741,-2.092123601237487,-777.4876951147252,0.0,7.782922165808189,18.799619166664975,0.0,0.0,0.0,145.77202095283928,0.0,0.0,0.028537381274587544,0.0,0.0,0.0,15.82527507047665,0.0,0.0,0.0,0.0,378.0945630045777,0.0,135.79881072213124,0.0,0.0,0.0,0.0,0.0,0.0,0.0,0.0,743.2200020535307,0.002594307388602729,0.0,0.0,0.0,0.0,0.0,0.0,0.0,0.0,0.0,2.092123601237487,82.85446508519523,0.0,0.0,0.0,0.0,667.061672340318,0.0,0.0,0.0,0.0,0.0,0.0,0.0,743.3330246911232,0.0,0.0,0.0,37.59923833332995,882.2320541782382,0.0,0.0,0.0,0.0,0.0,15.565844331616404,0.0,0.0,0.0,0.0,0.0,984.4341556683836,-1000.0,0.0,37.59923833332995,0.0,0.0,0.0,0.0,0.0,0.0,0.0,82.85446508519523,82.85446508519523,0.0,-924.1107070159212,-1000.0,17.7710056119287,-7.782922165808189,0.0,0.0,430.29577238366005,0.0,0.0,0.0,0.0,0.0,0.0,0.0,0.0,0.0,351.5625,0.0,-351.5625,-351.5625,0.0,0.0,0.0,0.0,-3.2428842357534107,0.0,-1.9457305414520472,-1.9457305414520363,0.0,0.0,0.0,0.0,0.0,-1000.0,999.6757115764246,87.36266135021219,0.0,0.0,0.0,0.0,0.0,0.0,0.0,1000.0,7.782922165808189,7.782922165808189,0.0,0.0,0.0,0.0,0.0,0.028537381274587544,667.061672340318,0.0,0.0,-430.29577238366005,743.2174077461422,0.0,0.0,0.0,0.0,0.0,0.0,0.0,0.0,0.0,0.0,0.0,0.0,0.0,0.0,0.0,0.0,8.04235290466846,0.0,27.24022758032866,20.797235855889078,0.0,0.0,0.0,0.0,0.0,667.061672340318,0.0,0.0,0.0,0.0,0.0,-3.2428842357534107,0.0,0.0,0.0,0.0,0.0,0.0,0.0,0.0,0.0,0.0,0.0,0.0,0.0,0.0,0.0,0.0,0.0,0.0,-0.025943073886027294,0.0,0.0,1.2971536943013646,-262.2478345334638,0.0,0.0,0.0,0.0,0.0,0.0,0.0,0.0,2.233698661586907,0.6485768471506823,0.0,0.0,0.0,0.025943073886027294,0.0,25.943073886027292,0.0,5.188614777205459,0.18530767061448067,88.46588195135305,-0.019457305414520468,414.30592498571457,0.5188614777205459,-0.12971536943035744,-88.46588195135305,7.782922165808189,-0.025943073886027294,0.0,0.0,0.006485768471506823,0.18530767061448067,0.0,-22.929756529320294,82.33560360747468,-500.30619043303864,-0.025943073886027294,0.006485768471506823,-88.46588195135305,31.509592962688444,0.025943073886027294,0.025943073886027294,-667.0071918851573,-18.77108178539033,0.0,-0.019457305414520468,7.782922165808189,0.025943073886027294,7.782922165808189,-12.971536943013646,-0.012971536943013647,-284.38345314043073,-2.6202504624887566,-0.019457305414520468,-0.025943073886027294,0.0,0.025943073886027294,2.5943073886027292,-0.5188614777205459,0.0,0.0,-2.5943073886027292,500.30619043303864,0.0,5.1886147772054585,0.038914610829040935,584.619640071211,2.5943073886027292,-61.39779277764402,0.0,-5.1886147772054585,0.012971536943013647,0.25943073886027296,184.19337833293207,96.0,-0.025943073886027294,-672.8988639646741,667.0071918851573,8.04235290466846,0.025943073886027294,22.929756529320294,-60.046974237318295,0.0,-0.025943073886027294,-0.006485768471506823,0.0,-0.025943073886027294,-136.80138726829205,0.025943073886027294,-0.006485768471506823,-0.006485768471506823,-0.006485768471506823,10.377229554410917,12.971536943013646,0.25943073886027296,19.220574865311335,-0.006485768471506823,368.38675666586414,1.2971536943013646,1.7984419673817749,0.025943073886027294,0.012971536943013647,0.012971536943013647,2.5943073886027292,0.0,0.025943073886027294,0.0,0.25943073886027296,0.025943073886027294,-19.220574865311335,0.025943073886027294,0.10377229554437406,0.12971536943035744,0.012971536943013647,0.006485768471506823,7.782922165808189,-0.025943073886027294,0.0,-41.16780180373734,-38.44114973062267,413.65734813856386,-2.5943073886027292,5.1886147772054585,1.2971536943013646,-0.025943073886027294,0.0,0.038914610829040935,-0.025943073886027294,-5.1886147772054585,0.0,-12.51113261119616,0.012971536943013647,-3.5968839347635466,-0.025943073886027294,-0.025943073886027294,-0.025943073886027294,0.012971536943013647,88.46588195135305,-5.1886147772054585,0.025943073886027294,368.38675666586414,-0.006485768471506823,18.77108178539033,-368.38675666586414,3.891461082904094,2.6202504624887566,-870.9642750106772,88.46588195135305,-0.019457305414520468,672.8988639646741,-96.0,0.025943073886027294,-0.006485768471506824,1.2971536943013635,25.943073886027292,-0.012971536943013647,-0.025943073886027294,0.006485768471506823,1000.0,0.0,-584.6326116081541,0.0,-46.0,0.0,524.5632983457226,0.42923461327966095,28.915285574085715,-32.0,-93.0,-65.0,0.0,16.0,23.0,46.5,-28.915285574085715,-0.2146173066398299,-667.061672340318,-133.26088834164312,0.0,65.0,-133.26088834164312,-524.5632983457226,291.0079825972191,0.0,1496.5981,hclb
414,0.0,0.0,0.0,0.0,0.0,0.0,0.0,0.0,-0.012018501405202742,0.0,0.0,0.0,0.0,0.0,0.0,0.0,0.0,0.0,0.0,562.0011518706974,0.0,0.0,0.0,193.1964837325376,0.0,0.0,0.0,0.0,0.0,-84.43916778806661,0.0,0.0,739.7007898923312,0.0,0.0,0.0,0.0,0.0,0.0,-1000.0,996.3944495784392,0.0,0.0,-360.8298282413814,0.0,0.0,1000.0,0.0,222.04728053570733,-434.55851633829263,0.0,0.0,0.0,0.013220351545756251,0.0,0.0,0.0,2.4037002810405483,0.0,0.0,-337.6049881487782,0.0,0.0,-337.6049881487782,165.4004584850115,0.0,0.0,0.0,0.0,0.0,0.0,0.12018501405202743,0.0,0.0,0.0,0.0,0.0,0.0,0.0,0.0,0.0,0.0,0.0,0.0,7.2111008431216455,0.0,336.54655879169377,339.9448574589362,0.009013876053902057,0.0,-0.0030046253513006855,0.0,0.0,29.89437082277726,3.6055504215608227,0.0,3.6055504215608227,-0.38699574524697233,0.0,0.0,0.0,888.2641570643278,-178.83455681114165,0.0,0.0,0.0,463.9163563959815,0.0,0.0,0.0,0.0,0.0,0.0,0.0,0.0,0.0,0.0,0.0,0.0,0.0,0.0,0.0,0.0,0.0,-213.53962323831553,0.0,0.0,3.6055504215608227,0.0,3.7257354356128505,3.7257354356128505,0.0,0.0,0.0,0.0,0.0,-17.91134524673933,-234.37500000007827,234.37500000007827,17.91134524673933,0.0,0.0,0.0,0.0,0.0,337.4719833998944,0.012018501405202742,0.0,0.0,0.0,0.0,-501.8276990843655,0.0,0.0,0.0,0.0,-16.441087396179626,0.0,0.0,0.0,0.0,0.0,999.9879814985948,999.9879814985948,0.0,0.0,0.0,0.0,-325.7798454363581,0.0,0.0,1000.0,0.0,0.0,0.0,-654.1568474593573,-902.7085616927855,0.0,0.0,0.0,0.0,0.0,0.0,0.0,0.0,0.0,-1.7178444675167444,0.0,0.0,0.0,0.0,-1000.0,0.0,0.0,0.0,0.0,0.0,434.55851633829263,0.0,-0.009013876053902057,0.009013876053902057,0.0,0.0,0.0,0.0,0.0,0.0,0.0,94.39538902307504,-900.9946702683069,0.0,0.0,0.0,0.0,0.0,0.0,0.0,0.0,0.0,0.0,0.0,0.0,0.0,173.22917847770054,34.94743103212536,-137.60811274764072,0.0,0.0,0.0,0.0,83.78613135807453,0.0,0.0,0.0,0.0,-337.6049881487782,223.22171549374067,0.0,0.0,0.0,0.0,0.0,0.0,0.0,0.0,0.0,0.0,0.0,0.0,-0.018027752107804114,0.0,561.9831241185897,0.0,137.60811274764072,0.0,0.0,0.0,-114.38327265503757,0.0,0.0,0.0,0.5970196284743565,0.0,0.0,-967.9979093877196,0.0,0.0,-967.9979093877193,0.0,0.0,0.0,0.0,0.0,434.55851633829263,0.0,-42.80304156633317,0.0,0.0,0.0,-378.44305469023055,0.0,378.44305469023055,0.0,990.3362866221083,0.0,0.0,0.0,0.0,0.0,0.0,-337.6049881487782,-0.01802775210780411,0.0,0.0,0.0,0.0,0.012018501405202742,0.0,0.0,0.0,912.6083182203647,0.0,0.0,-183.8694420886658,-488.278175429529,902.7085616927855,1000.0,0.0,-482.35559930023754,0.0,0.0,0.0,0.0,0.0,-1.0347929709879893,0.0,483.39039227122555,-1000.0,207.04575605852352,0.0,0.0,0.0,0.0,0.0,0.0,0.0,0.0,0.0,0.0,0.0,0.0,0.0,0.0,0.0,0.0,0.0,-999.9519259943797,0.0,-1000.0,0.0,0.0,0.0,1000.0,0.0,105.55313799842455,-337.4719833998944,0.0,0.0,0.0,0.0,887.6632319940677,0.0,-390.6249999999969,-944.432541067294,449.5019684076975,0.0,1000.0,-1000.0,0.0,-499.5733044133311,390.6249999999969,0.0,653.48603031079,-449.8024309428276,999.3990749297399,-1000.0,0.0,612.8415268853303,810.4759084072202,-526.2581637756371,3.6055504215608227,0.0,0.0,0.0,0.0,0.0,0.0,0.0,-173.22917847770054,173.22917847770054,173.22917847770054,-618.3700990544268,0.0,0.0,0.0,0.0,0.0,94.39538902307504,0.0,0.0,-2.1168587141689192,0.0,-171.87500000000017,0.0,0.0,0.0,0.0,0.0,-6.56946207781948,0.02403700281041351,0.0,0.0,0.0,0.0,0.0,0.0,0.0,0.0,0.0,0.0,0.0,0.0,0.0,0.0,0.0,0.0,0.0,0.0,0.0,0.013220351545756251,0.013220351545756251,0.0,266.82547819666,0.0,7.2111008431216455,0.0,0.0,0.0,1000.0,0.0,216.35085964191097,336.54655879169377,0.0,0.0,-367.51723417446135,-1000.0,0.0,0.0,0.0,0.0,0.0,0.0,0.0,0.0,0.0,0.0,0.0,0.0,0.0,71.17987441277184,-912.6083182203647,37.91134268838402,0.0,337.4719833998944,0.0,0.0,29.89437082277726,-53.891760535297266,0.0,-367.51723417446135,0.0,0.0,-374.08669625228083,734.3749999999955,-734.3749999999955,173.22917847770054,0.0,0.0,0.0,0.0,0.0,0.0,0.0,0.0,0.0,0.0,0.0,0.0,0.0,7.2111008431216455,0.0,0.0,0.0,0.0,0.0,0.0,0.0,0.0,0.0,0.0,0.0,0.0,0.12018501405202743,0.0,0.0,336.54655879169377,-336.54655879169377,0.0,0.0,0.0,0.0,3.6055504215608227,0.0,0.0,0.0,0.0,0.0,0.0,0.0,0.0,0.0,0.0,417.51108162072507,0.0,0.0,3.6055504215608227,3.6055504215608227,1000.0,-1000.0,0.0,0.0,0.0,0.0,0.0,0.0,0.0,178.83455681114165,94.39538902307504,518.5508957654499,0.012018501405202742,0.0,0.0,0.0,0.9692062918909925,708.9663987733862,0.0,-29.89437082277726,0.0,0.0,0.0,0.0,0.0,0.0,0.0,0.0,0.0,0.0,0.0,0.0,0.0,0.0,0.012018501405202742,0.0,0.0,0.0,0.0,0.0,0.0,0.0,0.0,0.0,-337.4719833998944,0.0,0.0,0.0,-0.048074005620272864,-0.9013876053902057,0.0,-0.6009250702601376,0.0,-328.125,-328.12499999999994,328.125,0.0,0.0,0.0,0.0,0.0,0.0,0.0,0.0,902.7085616927855,0.0,0.0,87.1842881799534,0.0,0.0,0.0,-0.012018501405202742,0.0,0.0,0.012018501405202742,0.0,0.012018501405202742,0.0,0.0,0.0,7.2111008431216455,14.662571714347347,14.662571714347347,0.0,0.0,0.0,0.0,0.0,0.0,0.0,37.91134268838402,0.0,94.39538902307504,0.0,0.0,0.0,0.0,0.0,0.0,0.0,0.0,0.0,0.0,0.0,0.0,0.0,0.0,0.0,0.0,0.0,83.78613135807453,0.0,0.0,0.0,0.01802775210780411,0.0,0.0,0.0,-3.6055504215608227,0.0,0.0,0.0,0.0,0.0,-266.82547819666,0.6009250702601371,0.0,0.0,0.0,0.0,325.7798454363581,-0.38699574524697233,-0.6009250702601376,0.0,-171.87500000000017,0.0,0.0,0.0,0.0,0.0,0.0,0.0,0.0,333.7249502626505,93.59629971895946,0.0,100.50764240734347,708.9663987733862,0.0,-0.38699574524697233,0.0,0.38699574524697233,0.0,-129.04584436938492,0.0,0.6009250702601376,609.2908627756194,0.0,0.0,0.0,-675.2099762975564,0.0,0.0,0.0,0.0,0.0,0.0,0.0,0.0,0.0,269.44471026956694,-269.5296410128305,14.662571714347347,0.0,0.0,0.0,0.0,0.0,0.0,0.0,0.0,0.0,0.0,0.0,0.0,0.0,-0.9692062918909925,0.0,0.0,3.6055504215608227,336.54655879169377,0.0,0.0,0.0,-190.70757035899783,0.0,0.0,0.013220351545756251,0.0,0.0,0.0,7.331285857173674,0.0,0.0,0.0,0.0,34.94743103212536,0.0,463.9163563959815,0.0,0.0,0.0,0.0,0.0,0.0,0.0,0.0,0.0012018501405203085,0.0012018501405203085,0.0,0.0,0.0,0.0,0.0,0.0,0.0,0.0,0.0,0.0,0.0,0.0,0.0,0.0,0.0,266.82547819666,0.0,0.0,0.0,0.0,0.0,0.0,0.0,434.55851633829263,0.0,0.0,0.0,673.0931175833875,784.0484324064048,0.0,0.0,0.0,0.0,0.0,7.2111008431216455,0.0,0.0,0.0,0.0,0.0,0.0,-7.2111008431216455,0.0,673.0931175833875,0.0,0.0,0.0,0.0,0.0,0.0,0.0,0.0,0.0,0.0,688.4948602930735,-1000.0,8.232673462563879,0.0,-3.6055504215608227,0.0,0.0,0.0,0.0,0.0,0.0,0.0,0.0,0.0,0.0,0.0,0.0,0.0,0.0,0.0,0.0,0.0,0.0,0.0,-1.5023126756503433,0.0,-888.5646195994578,268.62825340744035,0.0,0.0,0.0,0.0,0.0,0.0,-0.1502312675650343,2.1168587141689192,0.0,0.0,0.0,0.0,0.0,0.0,0.0,1000.0,3.6055504215608227,3.6055504215608227,0.0,0.0,0.0,0.0,0.0,0.013220351545756251,266.82547819666,0.0,0.0,0.0,0.0,0.0,0.0,0.0,0.0,0.0,0.0,0.0,0.0,0.0,0.0,0.0,0.0,0.0,0.0,0.0,0.0,3.7257354356128505,0.0,12.61942647546288,0.0,0.0,337.4719833998944,0.0,0.0,0.0,266.82547819666,0.0,0.0,0.0,0.0,0.0,-1.5023126756503433,0.0,0.0,0.0,0.0,0.0,0.0,0.0,0.0,0.0,0.0,0.0,0.0,0.0,0.0,0.0,0.0,0.0,0.0,-0.012018501405202742,0.0,0.0,0.6009250702601371,367.51723417446135,0.0,0.0,0.0,0.0,0.0,0.0,0.0,0.0,1.0347929709879893,0.30046253513006854,0.0,0.0,0.0,0.012018501405202742,0.0,12.018501405202741,0.0,2.4037002810405483,0.08584643860859101,40.98308979174136,-0.009013876053902055,944.432541067294,0.24037002810405483,-0.060092507025475604,-40.98308979174136,3.6055504215608227,-0.012018501405202742,0.0,0.0,0.0030046253513006855,0.08584643860859101,0.0,-338.4599042154015,-0.24037002810405486,-562.0011518706974,-0.012018501405202742,0.0030046253513006855,-40.98308979174136,1.2018501405202742,0.012018501405202742,0.012018501405202742,-266.80023934370905,-336.53333844014804,-37.30385319676443,-0.009013876053902055,3.6055504215608227,0.012018501405202742,3.6055504215608227,-6.009250702601371,-0.006009250702601371,53.744940592944054,-85.0,-0.009013876053902055,-0.012018501405202742,0.0,0.012018501405202742,1.2018501405202742,-0.24037002810405483,83.78613135807453,83.78613135807453,-1.2018501405202742,562.0011518706974,-83.78613135807453,2.4037002810405483,0.01802775210780411,-1000.0,1.2018501405202742,-71.17987441277184,0.0,-2.4037002810405483,0.006009250702601371,0.12018501405202743,45.96736052216645,96.0,-0.012018501405202742,-269.5296410128305,266.80023934370905,3.7257354356128505,0.012018501405202742,338.4599042154015,-14.422201686243408,0.0,-0.012018501405202742,-0.0030046253513006855,0.0,-0.012018501405202742,-470.485818473801,0.012018501404975368,-0.0030046253513006855,-0.0030046253513006855,-0.0030046253513006855,4.807400562081097,6.009250702601371,0.12018501405202743,8.904207228578851,-0.0030046253513006855,91.9347210443329,0.6009250702601371,3.8856561091698723,0.012018501405202742,0.006009250702601371,0.006009250702601371,1.2018501405202742,0.0,0.012018501405202742,0.0,0.12018501405202743,0.012018501405202742,-8.904207228578851,0.012018501405202742,0.048074005620272864,0.060092507025475604,0.006009250702601371,0.0030046253513006855,3.6055504215608227,-0.012018501405202742,37.30385319676443,0.12018501405202743,-17.80841445715771,944.1320785321639,-1.2018501405202742,2.4037002810405483,0.6009250702601371,-0.012018501405202742,0.0,0.01802775210780411,-0.012018501405202742,-2.4037002810405483,0.0,321.81721154235606,0.006009250702601371,-7.7713122183397445,-0.012018501405202742,-0.012018501404975368,-0.012018501405202744,0.006009250702601371,40.98308979174136,-2.4037002810405483,0.012018501405202742,91.9347210443329,-0.0030046253513006855,336.53333844014804,-91.9347210443329,1.8027752107804111,85.0,292.8931018953478,40.98308979174136,-0.009013876053902055,269.5296410128305,-96.0,0.012018501405202742,-0.003004625351300685,0.6009250702601376,12.018501405202741,-0.006009250702601371,-0.012018501405202742,0.0030046253513006855,837.7049143511728,0.0,999.9939907492974,0.0,-46.0,0.0,743.8943087638826,-31.0,0.0,-32.0,-93.0,-65.0,0.0,16.0,23.0,46.5,0.0,15.5,-266.82547819666,-131.1096411833582,0.0,65.0,-131.1096411833582,-743.8943087638826,378.55733015480286,0.0,1496.5981,hclb
415,0.0,0.0,0.0,0.0,0.0,0.0,0.0,0.0,314.4926763471147,0.0,0.0,0.0,0.0,0.0,0.0,0.0,-467.43753680008047,673.7534518172846,0.0,0.0,0.0,0.0,0.0,1000.0,0.0,0.0,0.0,0.0,0.0,0.0,62.70831267298763,-62.70831267298763,26.289461145861097,0.0,0.0,0.0,0.0,239.5466437879177,0.0,-1000.0,1000.0,0.0,-513.1072514616335,-45.66971466155303,0.0,0.0,167.62188269617684,0.0,0.0,0.0,0.0,0.0,0.0,0.029322660424865532,0.0,0.0,0.0,0.0,0.0,0.0,66.24529449702085,0.0,-797.7583284381774,-1000.0,1000.0,0.0,0.0,0.0,0.0,839.7700436436653,0.0,0.2665696402265711,0.0,0.0,0.0,0.0,0.0,0.0,0.0,0.0,0.0,0.0,0.0,0.0,15.994178413594266,0.0,0.0,-130.56081089143817,0.0,598.0383331375526,-0.006664241005664278,0.0,0.0,826.0593087046838,7.997089206797133,0.0,7.997089206797133,-312.80805121570916,0.0,0.0,0.0,1.3328482011328555,-713.1980668876158,0.0,0.0,-4.121419949238242,612.282674464567,1000.0,0.0,0.0,0.0,0.0,0.0,0.0,0.0,0.0,0.0,0.0,0.0,0.0,0.0,0.0,0.0,0.0,-851.6133431009205,0.0,0.0,7.997089206797133,0.0,8.263658847023704,0.0,0.0,-232.16359150729113,841.9023774201601,-609.7387859128689,609.7387859128689,0.0,-359.3750000001202,359.3750000001202,-268.48696605884345,0.0,0.0,0.0,0.0,0.0,2.0525862297445974,0.026656964022657107,0.0,0.0,0.0,-929.3194102879486,0.0,0.0,0.0,0.0,0.0,-20.839766376589388,0.0,0.0,0.0,0.0,0.0,-230.3035384051418,-230.3035384051418,0.0,0.0,0.0,781.2500000000002,-365.49481553387403,0.0,0.0,-167.5685687681315,0.0,0.0,0.0,-7.092482160552045,0.0,0.0,0.0,0.0,0.0,0.0,0.0,0.0,0.0,0.0,0.0,0.0,0.0,0.0,0.0,-1000.0,0.0,0.0,0.0,0.0,0.0,0.0,513.1072514616335,-382.5464405701953,382.5464405701953,179.93980692257017,0.0,0.0,0.0,0.0,0.0,0.0,713.1980668876158,1000.0,0.0,0.0,0.0,0.0,0.0,0.0,0.0,0.0,0.0,0.0,0.0,0.0,0.0,226.271984888557,284.6995214324444,-45.66971466155303,0.0,0.0,0.0,88.54715913627328,82.30764663371163,0.0,0.0,0.0,0.0,66.24529449702085,0.0,62.70831267298763,0.0,0.0,0.0,0.0,0.0,0.0,0.0,0.0,5.331392804531422,0.0,0.0,130.56081089143822,0.0,0.0,0.0,45.66971466155303,0.0,0.0,268.48696605884345,-157.5323367546691,0.0,0.0,0.0,-459.23265193300495,0.0,0.0,-408.9784909595712,0.0,0.0,-408.9784909595711,0.0,0.0,-382.5464405701953,0.0,421.76782213852744,0.0,0.0,-187.87452393306847,0.0,0.0,0.0,-1000.0,0.0,1000.0,0.0,0.0,0.0,88.54715913627328,1000.0,781.25,0.0,0.0,66.24529449702085,-0.03998544603398566,0.0,0.0,0.0,0.0,0.026656964022657107,0.0,0.0,0.0,729.7554572369211,-467.43753680008047,0.0,-2.7476132994921616,495.13732039500286,0.0,844.7813228750553,0.0,1000.0,0.0,-4.121419949238242,0.0,0.0,0.0,82.4258701147437,-82.4258701147437,-1000.0,459.5658639832882,-1000.0,0.0,0.0,0.0,0.0,0.0,0.0,0.0,0.0,0.0,0.0,0.0,0.0,0.0,0.0,0.0,0.0,0.0,239.65327164401384,0.0,0.0,0.0,0.0,249.2413843011902,1000.0,1000.0,771.3469801782535,60.65572644324303,0.0,0.0,0.0,0.0,0.0,0.0,-765.6250000000007,-712.2472251418094,25.65274598461927,82.4258701147437,83.8310974673994,0.0,0.0,879.3853632263978,765.6250000000007,0.0,-554.7174603822475,-26.319170085185696,-1.3328482011328555,0.0,0.0,369.6390620457421,1000.0,629.0280897531251,7.997089206797133,0.0,0.0,0.0,0.0,0.0,314.51933331113736,0.0,-226.271984888557,226.271984888557,226.271984888557,91.79002714470683,0.0,0.0,0.0,0.0,0.0,713.1980668876158,0.0,0.0,-135.99637706480175,0.0,0.0,163.21576633174186,0.0,0.0,0.0,0.0,-40.33430359773429,0.05331392804528467,0.0,0.0,0.0,0.0,0.0,0.0,0.0,0.0,0.0,839.7700436436653,0.0,0.0,0.0,0.0,0.0,0.0,0.0,0.0,0.0,0.029322660424865532,0.029322660424865532,62.70831267298763,315.127470457648,0.0,15.994178413594266,0.0,0.0,0.0,-1000.0,0.0,0.0,0.0,0.0,0.0,80.49779407352132,1000.0,0.0,0.0,321.14541616694714,0.0,0.0,163.21576633174186,0.0,0.0,0.0,0.0,0.0,0.0,0.0,283.8711143669735,-729.7554572369211,317.03673582338155,210.91437694067656,2.0525862297445974,0.0,563.811855148402,262.2474535562818,0.0,0.0,80.49779407352132,0.0,40.16349047578703,0.0,-484.3749999999989,484.3749999999989,226.271984888557,0.0,0.0,0.0,0.0,0.0,0.0,0.0,0.0,0.0,0.0,0.0,0.0,0.0,15.994178413594266,268.48696605884345,268.48696605884345,0.0,0.0,0.0,0.0,0.0,0.0,0.0,0.0,0.0,0.0,0.2665696402265711,0.0,62.70831267298763,0.0,0.0,62.70831267298763,513.1072514616335,0.0,0.0,7.997089206797133,-321.14541616694714,0.0,0.0,0.0,210.91437694067656,0.0,0.0,0.0,0.0,0.0,0.0,0.0,0.0,7.997089206797133,7.997089206797133,-626.6267774839821,1000.0,0.0,163.21576633174186,0.0,0.0,0.0,0.0,0.0,-746.3677970956724,713.1980668876158,-1000.0,0.026656964022657107,0.0,0.0,0.0,35.204329129636236,0.0,0.0,-826.0593087046838,0.0,0.0,0.0,0.0,0.0,0.0,0.0,0.0,0.0,0.0,0.0,0.0,0.0,0.0,0.026656964022657107,0.0,0.0,0.0,438.0299042934208,-438.0299042934208,0.0,0.0,0.0,0.0,0.0,309.89711074443323,0.0,0.0,-239.65327164401384,-1.9992723016992833,-1.3328482011328555,0.0,0.0,0.0,0.0,0.0,0.0,0.0,0.0,0.0,0.0,0.0,0.0,268.48696605884345,0.0,0.0,0.0,1000.0,0.0,0.0,0.0,314.4926763471147,0.0,0.0,0.026656964022657107,0.0,0.026656964022657107,0.0,0.0,0.0,15.994178413594266,32.521496107641674,32.521496107641674,0.0,0.0,0.0,0.0,0.0,0.0,0.0,317.03673582338155,0.0,713.1980668876158,0.0,0.0,84.72103471709443,0.0,0.0,0.0,0.0,0.0,0.0,0.0,0.0,0.0,0.0,0.0,0.0,0.0,0.0,262.2474535562818,0.0,0.0,0.0,0.03998544603398566,0.0,0.0,0.0,-7.997089206797133,0.0,0.0,0.0,0.0,0.0,-315.127470457648,1.3328482011328555,0.0,0.0,0.0,-781.25,365.49481553387403,-468.12487661909796,0.0,0.0,0.0,0.0,0.0,0.0,0.0,0.0,268.48696605884345,0.0,321.14541616694714,0.0,88.85548556909097,0.0,376.70534301885016,-4.121419949238242,0.0,-407.4691501758549,0.0,407.4691501758549,0.0,-190.05383286231077,0.0,1.3328482011328555,1000.0,0.0,0.0,-62.70831267298763,-135.99637706480175,0.0,0.0,0.0,0.0,0.0,0.0,0.0,0.0,0.0,0.0,-3.9985446033985426,32.521496107641674,0.0,-703.125,-703.125,765.8333126729876,0.0,0.0,0.0,0.0,0.0,0.0,0.0,0.0,317.1267427593473,-874.9743727733015,-146.59683241609315,-513.1072514616335,7.997089206797133,0.0,0.0,0.0,0.0,-383.00151428457104,0.0,0.0,0.029322660424865532,0.0,0.0,0.0,16.260748053820837,0.0,0.0,0.0,0.0,284.6995214324444,0.0,612.282674464567,0.0,0.0,0.0,0.0,0.0,0.0,0.0,0.0,769.0866457052518,0.002665696402265711,0.0,0.0,0.0,0.0,0.0,0.0,0.0,0.0,0.0,0.0,62.70831267298763,0.0,0.0,0.0,0.0,315.127470457648,0.0,0.0,0.0,0.0,0.0,0.0,0.0,0.0,0.0,0.0,0.0,0.0,0.0,0.0,673.7534518172846,0.0,0.0,0.0,15.994178413594266,0.0,0.0,0.0,0.0,0.0,-15.994178413594266,0.0,0.0,0.0,0.0,0.0,0.0,0.0,0.0,0.0,0.0,62.70831267298763,62.70831267298763,0.0,1000.0,-1000.0,102.98105507261454,-158.34601807820036,150.34892887140322,0.0,239.5466437879177,0.0,0.0,0.0,0.0,0.0,0.0,0.0,0.0,0.0,0.0,0.0,0.0,0.0,0.0,0.0,0.0,0.0,-3.332120502832139,268.48696605884345,-1.9992723016992833,86.7203070187937,0.0,0.0,0.0,0.0,0.0,0.0,-0.3332120502832139,135.99637706480175,0.0,0.0,0.0,0.0,0.0,0.0,0.0,1000.0,7.997089206797133,7.997089206797133,0.0,0.0,0.0,0.0,0.0,0.029322660424865532,315.127470457648,0.0,0.0,-239.5466437879177,769.0839800088496,0.0,0.0,0.0,0.0,0.0,0.0,0.0,0.0,0.0,0.0,0.0,0.0,0.0,0.0,0.0,0.0,0.0,0.0,27.989812223789965,0.0,0.0,2.0525862297445974,0.0,0.0,0.0,315.127470457648,0.0,403.22536150344615,0.0,0.0,0.0,-3.332120502832139,0.0,0.0,0.0,0.0,0.0,0.0,0.0,0.0,0.0,0.0,0.0,0.0,0.0,0.0,0.0,0.0,0.0,0.0,-0.026656964022657107,0.0,0.0,1.3328482011328555,-80.49779407352132,0.0,0.0,0.0,0.0,268.48696605884345,0.0,0.0,0.0,-82.4258701147437,0.6664241005664278,0.0,0.0,0.0,0.026656964022657107,0.0,26.656964022657107,-8.263658847023704,5.331392804531422,0.19040688587612223,74.37292962321334,-0.01999272301699283,501.33284820113283,0.5331392804531422,-0.13328482011880283,-74.37292962321334,7.997089206797133,-0.02665696402265711,1.3738066497460808,163.21576633174186,0.006664241005664278,0.19040688587612223,-4.121419949238242,-4.243788672408755,62.17517339253449,-206.31591501720413,-0.02665696402265711,0.006664241005664278,-74.37292962321334,2.665696402265711,0.02665696402265711,0.026656964022657107,-315.07149083320047,0.029322660424889353,-58.38092484511898,-0.01999272301699283,7.997089206797133,0.02665696402265711,7.997089206797133,-13.328482011328555,-0.013328482011328555,87.4635311201846,-85.0,-0.01999272301699283,-0.02665696402265711,-8.263658847023704,0.026656964022657107,2.665696402265711,-0.5331392804531422,262.2474535562818,262.2474535562818,-2.665696402265711,206.31591501720413,-262.2474535562818,5.331392804531422,0.03998544603398566,0.0,2.665696402265711,-283.8711143669735,163.21576633174186,-5.331392804531422,0.013328482011328555,0.2665696402265711,0.6869033248730404,94.18687837362239,-0.026656964022657107,-321.12528736274584,315.07149083320047,8.263658847023704,0.02665696402265711,4.243788672408755,131.22740950455312,163.21576633174186,-0.026656964022657107,-0.006664241005664278,-163.21576633174186,-0.02665696402265711,-652.6169780623013,0.026656964022543424,-0.006664241005664278,-0.006664241005664278,-0.006664241005664278,10.662785609062844,13.328482011328555,0.2665696402265711,19.74947822028969,-0.006664241005664278,0.0,1.3328482011328555,21.5,0.026656964022657107,0.013328482011328555,0.013328482011328555,40.0,8.263658847023704,0.026656964022657107,-8.263658847023704,0.2665696402265711,0.026656964022657124,-19.74947822028969,0.02665696402265711,0.10662785609613934,0.13328482011880283,0.013328482011328555,0.006664241005664278,7.997089206797133,-0.02665696402265711,58.38092484511898,-31.087586696267245,-39.49895644057938,500.6664241005665,-2.665696402265711,5.331392804531422,1.3328482011328555,-0.02665696402265711,4.121419949238242,0.03998544603398566,-0.026656964022657124,-80.0,8.263658847023704,1000.0,0.013328482011328555,-43.0,-0.02665696402265711,-0.026656964022543424,-0.02665696402265711,0.013328482011328555,74.37292962321334,-5.331392804531422,0.026656964022657107,1.3738066497460808,-0.006664241005664278,-0.029322660424889353,-1.3738066497460808,3.9985446033985657,85.0,-456.78438645175066,74.37292962321334,-0.01999272301699283,321.12528736274584,-94.18687837362239,0.02665696402265711,-0.006664241005664279,1.3328482011328555,26.656964022657107,-0.013328482011328555,-0.02665696402265711,0.006664241005664278,1000.0,0.0,-215.50522104936866,0.0,-46.0,0.0,704.6376929584927,-31.0,0.0,-32.0,-93.0,-65.0,-215.49189256735733,16.0,23.0,46.5,0.0,15.5,-315.127470457648,-616.998485715429,215.49189256735733,65.0,-616.998485715429,-704.6376929584927,285.37229352583694,0.0,1496.5981,hclb
416,0.0,0.0,0.0,0.0,0.0,0.0,0.0,0.0,-0.027798592329407894,0.0,0.0,0.0,0.0,0.0,0.0,0.0,-632.1262984803409,630.4957041791832,0.0,664.6768229149418,0.0,0.0,0.0,0.0,0.0,0.0,0.0,0.0,0.0,-651.643763235092,0.0,0.0,21.954011653503706,0.0,0.0,0.0,0.0,840.499348883226,0.0,-1000.0,991.6604223011776,0.0,-450.04233926934944,-1000.0,0.0,0.0,0.0,0.0,1000.0,0.0,0.0,-379.7948705595559,0.0,0.030578451562263353,0.0,0.0,0.0,5.559718465881579,0.0,0.0,-173.93869308492862,0.0,1000.0,795.1718736985464,0.0,0.0,0.0,0.0,0.0,0.0,0.0,0.27798592329407895,0.0,0.0,0.0,0.0,0.0,0.0,0.0,0.0,0.0,0.0,-163.4694808794645,0.0,16.679155397644735,0.0,181.78704145929353,-842.0990587555855,702.6336760991851,285.10447497413475,-0.0069496480823519734,0.0,0.0,-60.785858243089024,8.339577698822367,0.0,8.339577698822367,0.0,0.0,0.0,0.0,146.64131357103568,-963.8318893070444,0.0,0.0,-8.431639456016462,0.0,0.0,0.0,0.0,0.0,0.0,0.0,0.0,0.0,0.0,0.0,0.0,0.0,0.0,0.0,0.0,0.0,0.0,-210.4083766778756,0.0,0.0,8.339577698822367,0.0,8.617563622116446,8.617563622116446,0.0,0.0,0.0,0.0,0.0,0.0,-296.87500000009913,296.87500000009913,-30.889433216524935,0.0,0.0,0.0,0.0,0.0,347.39701394812244,0.027798592329407894,0.0,0.0,0.0,0.0,0.0,0.0,0.0,144.33571324130847,0.0,300.8410814425178,0.0,0.0,0.0,0.0,0.0,661.5905926200753,661.5905926200753,0.0,0.0,0.0,0.0,0.0,0.0,0.0,661.6183912124047,0.0,0.0,0.0,0.0,-537.8912563162341,0.0,0.0,0.0,0.0,0.0,0.0,0.0,0.0,0.0,-1000.0,0.0,0.0,0.0,0.0,0.0,0.0,0.0,0.0,0.0,0.0,0.0,829.8372098289053,-987.7381510733198,987.7381510733198,0.0,0.0,0.0,0.0,0.0,0.0,0.0,312.1881260719524,947.6457812129274,0.0,0.0,0.0,0.0,0.0,0.0,0.0,0.0,0.0,0.0,0.0,0.0,0.0,339.8070233736005,13.430310440293148,-546.0671481134724,0.0,0.0,0.0,30.889433216524935,0.0,0.0,0.0,0.0,0.0,-173.93869308492862,453.9328518865276,0.0,0.0,0.0,0.0,0.0,0.0,0.0,0.0,44.77736893963177,0.0,0.0,0.0,-1000.0,240.3294879031555,0.0,0.0,546.0671481134724,0.0,0.0,30.889433216524935,498.43380347986516,0.0,0.0,0.0,-260.085696301397,0.0,0.0,-333.6728509631966,0.0,0.0,-333.67285096319665,0.0,0.0,-285.10447497413475,0.0,-230.26143578316533,0.0,0.0,94.79319984328092,0.0,0.0,0.0,-208.83123807387136,0.0,208.83123807387136,0.0,116.20166964986527,0.0,30.889433216524935,1000.0,0.0,0.0,0.0,-173.93869308492862,-0.04169788849411184,0.0,0.0,0.0,0.0,0.027798592329407894,0.0,0.0,0.0,-53.11694663845414,-632.1262984803409,0.0,-841.6335067115024,181.7246854660423,537.8912563162341,1000.0,0.0,-997.6065412004381,0.0,-8.431639456016462,0.0,0.0,0.0,-2.3934587995619343,1000.0,0.0,-758.1664926510214,-1000.0,0.0,0.0,0.0,0.0,0.0,0.0,0.0,0.0,0.0,0.0,0.0,0.0,0.0,0.0,0.0,0.0,0.0,305.8036477925504,0.0,-534.8068954599935,144.33571324130847,0.0,43.88225426662416,0.0,0.0,0.0,-392.1743828877542,0.0,19.13376763815603,0.0,0.0,145.25138395456528,0.0,0.0,0.0,0.0,-1000.0,-114.63906518536986,0.0,843.7603413936713,-881.191145965219,0.0,-74.01562159375304,0.0,-0.6949648082351974,-1.3899296164703947,0.0,0.0,232.3401746247874,0.0,0.0,8.339577698822367,-328.1250000015667,328.1250000015667,0.0,0.0,0.0,0.0,811.5159835622007,471.70896018860026,-471.70896018860026,-471.70896018860026,95.8719209901349,0.0,0.0,0.0,0.0,0.0,312.1881260719524,0.0,0.0,-15.192736467795157,0.0,0.0,0.0,0.0,0.0,0.0,0.0,5.090732741470781,0.05559718465895003,0.0,0.0,0.0,0.0,0.0,0.0,0.0,0.0,0.0,0.0,0.0,0.0,0.0,0.0,0.0,0.0,0.0,0.0,0.0,0.030578451562263353,0.030578451562263353,0.0,323.6926774204096,0.0,16.679155397644735,0.0,0.0,0.0,-461.90219705712707,0.0,38.672883688311934,181.78704145929353,0.0,0.0,609.0138592979017,461.90219705712707,0.0,0.0,0.0,0.0,0.0,0.0,0.0,0.0,0.0,0.0,0.0,0.0,0.0,70.13612555929187,53.11694663845414,0.0,0.0,183.92753306865794,0.0,0.0,-60.785858243089024,-60.785858243089024,0.0,609.0138592979017,0.0,614.1045920393725,0.0,0.0,0.0,339.8070233736005,0.0,0.0,0.0,0.0,0.0,0.0,0.0,0.0,0.0,0.0,0.0,0.0,0.0,16.679155397644735,30.889433216524935,30.889433216524935,0.0,0.0,0.0,0.0,0.0,0.0,0.0,0.0,0.0,0.0,0.27798592329407895,0.0,0.0,181.78704145929353,-181.78704145929353,0.0,829.8372098289053,0.0,0.0,8.339577698822367,0.0,0.0,0.0,0.0,0.0,0.0,0.0,0.0,0.0,0.0,704.3305606042787,0.0,0.0,8.339577698822367,8.339577698822367,-891.6803237199849,461.90219705712707,0.0,0.0,0.0,0.0,0.0,0.0,0.0,721.9983819580658,312.1881260719524,670.243434591628,0.027798592329407894,0.0,0.0,0.0,2.241757909992965,0.0,0.0,60.785858243089024,0.0,0.0,0.0,0.0,0.0,0.0,0.0,0.0,0.0,0.0,0.0,0.0,0.0,0.0,0.027798592329407894,0.0,0.0,0.0,219.9436641240892,-219.9436641240892,0.0,0.0,0.0,0.0,0.0,208.50572179695087,0.0,-537.6640827799249,-840.6105432525438,-2.084894424705592,-1.3899296164703947,0.0,0.0,0.0,0.0,0.0,0.0,0.0,0.0,0.0,0.0,0.0,0.0,30.889433216524935,537.8912563162341,0.0,0.0,233.7301042412578,0.0,0.0,0.0,-0.027798592329407894,0.0,0.0,0.027798592329407894,0.0,0.027798592329407894,0.0,0.0,0.0,16.679155397644735,33.91428264187763,33.91428264187763,0.0,0.0,0.0,0.0,0.0,0.0,19.13376763815603,0.0,0.0,312.1881260719524,0.0,0.0,0.0,0.0,0.0,0.0,0.0,0.0,0.0,0.0,0.0,0.0,0.0,0.0,0.0,0.0,0.0,0.0,0.0,0.0,0.0,0.04169788849411184,0.0,0.0,0.0,-8.339577698822367,0.0,0.0,0.0,0.0,0.0,-323.6926774204096,1.3899296164703947,0.0,0.0,0.0,0.0,0.0,835.3765324696733,0.0,0.0,0.0,0.0,0.0,0.0,0.0,0.0,30.889433216524935,0.0,0.0,17.158940518045867,-16.114345953190877,0.0,59.44028153411842,-8.43163945601647,0.0,443.2021495819191,556.7978504180809,-1000.0,144.33571324130847,464.51952083798756,0.0,1.3899296164703947,692.9358223489976,0.0,0.0,0.0,-378.7668193863822,0.0,0.0,0.0,0.0,0.0,0.0,0.0,0.0,0.0,1000.0,-4.169788849411248,33.91428264187763,0.0,0.0,0.0,0.0,0.0,0.0,0.0,0.0,0.0,44.77736893963177,0.0,0.0,325.7775718451152,-2.241757909992965,0.0,-450.04233926934944,8.339577698822367,181.78704145929353,0.0,0.0,0.0,181.14084483374177,0.0,0.0,0.030578451562263353,0.0,0.0,0.0,16.957141320938813,0.0,0.0,0.0,0.0,13.430310440293148,0.0,0.0,0.0,0.0,0.0,0.0,0.0,0.0,-718.0610533027578,0.0,0.0027798592329408844,0.0027798592329408844,0.0,0.0,0.0,0.0,0.0,0.0,0.0,0.0,0.0,0.0,0.0,0.0,0.0,0.0,0.0,323.6926774204096,0.0,0.0,0.0,0.0,0.0,0.0,0.0,0.0,0.0,0.0,0.0,363.57408291858707,0.0,1000.0,630.4957041791832,0.0,0.0,0.0,16.679155397644735,0.0,0.0,0.0,0.0,0.0,0.0,-16.679155397644735,0.0,363.57408291858707,0.0,0.0,0.0,0.0,0.0,0.0,0.0,0.0,0.0,0.0,-670.243434591628,-1000.0,19.04203574564441,-235.90431228123612,227.56473458241373,0.0,840.499348883226,0.0,0.0,0.0,0.0,0.0,0.0,0.0,0.0,0.0,507.81249999999994,0.0,-507.8124999999999,-507.8124999999999,0.0,0.0,0.0,0.0,-3.4748240411759865,30.889433216524935,-147.33627837927088,2.084894424705567,0.0,0.0,0.0,0.0,0.0,0.0,-0.34748240411759873,159.52844970910337,0.0,0.0,0.0,0.0,0.0,0.0,0.0,1000.0,8.339577698822367,8.339577698822367,0.0,0.0,0.0,0.0,0.0,0.030578451562263353,323.6926774204096,0.0,0.0,-840.499348883226,0.0,0.0,0.0,0.0,0.0,0.0,0.0,0.0,0.0,0.0,0.0,0.0,0.0,0.0,0.0,0.0,0.0,8.617563622116446,0.0,29.188521945878286,0.0,0.0,203.06130070681397,0.0,0.0,0.0,323.6926774204096,0.0,-792.8842078195195,0.0,0.0,0.0,-3.4748240411759865,0.0,0.0,0.0,0.0,0.0,0.0,0.0,0.0,0.0,0.0,0.0,0.0,0.0,0.0,0.0,0.0,0.0,0.0,-0.027798592329407894,0.0,0.0,1.3899296164703947,-609.0138592979017,0.0,0.0,0.0,0.0,30.889433216524935,0.0,0.0,0.0,2.3934587995619343,0.6949648082351974,0.0,0.0,0.0,0.027798592329407894,0.0,27.798592329407892,0.0,5.559718465881579,0.19856137378148495,94.79319984328092,-0.02084894424705592,74.01562159375304,0.5559718465881579,-0.13899296164719427,-94.79319984328092,8.339577698822367,-0.027798592329407894,2.8105464853388207,0.0,0.006949648082351972,0.19856137378148495,-8.431639456016462,-186.21257735813583,-0.5559718465881579,-663.0462286137841,-0.027798592329407894,0.0069496480823519734,-94.79319984328092,2.7798592329407894,0.027798592329407894,0.027798592329407894,-323.6343003765179,-181.75646300773118,0.0,-0.02084894424705592,8.339577698822367,0.027798592329407894,8.339577698822367,-13.899296164703946,-0.013899296164703947,-283.9778025304849,-2.8076578252701974,-0.02084894424705592,-0.027798592329407894,0.0,0.027798592329407894,2.7798592329407894,-0.5559718465881579,0.0,0.0,-2.7798592329407894,663.0462286137841,0.0,5.559718465881579,0.04169788849411184,-629.945969093578,2.7798592329407894,-70.13612555929187,0.0,-5.559718465881579,0.013899296164703947,0.27798592329407895,210.4083766778756,-10.554627487309299,-0.027798592329407894,-329.9473606945264,323.6343003765179,8.617563622116446,0.027798592329407894,186.21257735813583,-33.358310795289476,0.0,-0.027798592329407894,-0.006949648082351972,0.0,-0.027798592329407894,5.090732741470781,0.027798592329464737,-0.0069496480823519734,-0.0069496480823519734,-0.0069496480823519734,11.119436931763158,13.899296164703946,0.27798592329407895,347.0635213947003,-0.0069496480823519734,418.00620687041237,1.3899296164703947,-1.1554367542649957,0.027798592329407894,0.013899296164703947,0.013899296164703947,-12.664857375321677,0.0,0.027798592329407894,0.0,0.27798592329407895,0.027798592329407894,-1000.0,0.027798592329407894,0.11119436931778637,0.13899296164719427,0.013899296164703947,0.0069496480823519734,8.339577698822367,-0.027798592329407894,0.0,0.27798592329407895,-694.1270427894005,73.32065678551784,-2.7798592329407894,5.559718465881579,1.3899296164703947,-0.027798592329407894,8.431639456016462,0.04169788849411184,-0.027798592329407894,25.329714750643348,0.0,-48.68008383578342,0.013899296164703947,2.310873508529994,-0.027798592329407894,-0.027798592329464737,-0.027798592329407894,0.013899296164703947,94.79319984328092,-5.559718465881579,0.027798592329407894,420.8167533557512,-0.0069496480823519734,181.75646300773118,-420.8167533557512,4.169788849411184,2.8076578252701974,679.745189206958,94.79319984328092,-0.02084894424705592,329.9473606945264,10.554627487309299,0.027798592329407894,-0.006949648082351972,1.3899296164703947,27.798592329407892,-0.013899296164703947,-0.027798592329407894,0.0069496480823519734,0.0,0.0,629.9320697974133,652.9364786052997,-46.0,0.0,-108.0,-31.0,0.0,-32.0,-93.0,-65.0,0.0,16.0,23.0,46.5,0.0,15.5,-323.6926774204096,-132.46076099795835,0.0,65.0,-132.46076099795835,108.0,-38.710774218825655,0.0,1496.5981,hclb
417,0.0,0.0,0.0,0.0,0.0,0.0,0.0,0.0,-0.043801696083597026,0.0,0.0,0.0,0.0,0.0,0.0,0.0,148.44660217637147,-86.1865850876946,0.0,0.0,0.0,0.0,0.0,0.0,0.0,0.0,0.0,0.0,0.0,0.0,0.0,0.0,26.46390694183075,0.0,0.0,0.0,0.0,844.1996244506306,0.0,-1000.0,1000.0,0.0,0.0,0.0,0.0,0.0,0.0,240.70100878296898,-148.44660217637147,-660.0273620110238,0.0,0.0,0.0,0.04818186569264071,0.0,0.0,0.0,249.4613479996884,0.0,0.0,49.262639192076975,0.0,0.0,-110.09768648943843,896.0869468146473,0.0,0.0,0.0,0.0,522.9999221754337,0.0,0.4380169608359703,0.0,0.0,0.0,0.0,0.0,0.0,0.0,0.0,0.0,0.0,409.3709925315751,0.0,26.28101765015822,0.0,0.0,-401.90334068957577,329.74277330372854,0.0,-0.010950424020899257,0.0,0.0,581.479518408316,13.14050882507911,0.0,13.14050882507911,0.0,0.0,0.0,412.3117406760218,2.1900848041798326,-266.38014077013884,0.0,0.0,-3.5680755747210795,0.0,0.0,0.0,0.0,0.0,0.0,0.0,0.0,0.0,0.0,0.0,0.0,0.0,0.0,0.0,0.0,0.0,0.0,-340.9833833556902,0.0,0.0,13.14050882507911,0.0,13.57852578591508,13.57852578591508,0.0,0.0,330.18921676168054,-330.18921676168054,330.18921676168054,0.0,0.0,0.0,-159.3603256815154,0.0,0.0,0.0,0.0,0.0,-405.9982619331381,0.04380169608359097,0.0,0.0,0.0,0.0,-661.5437928645046,0.0,0.0,2.940748144446758,0.0,305.21222285539756,0.0,0.0,0.0,0.0,0.0,-42.16621095340522,-42.16621095340522,0.0,0.0,0.0,0.0,0.0,0.0,0.0,-42.12240925732163,0.0,0.0,0.0,250.29804092692046,0.0,0.0,0.0,0.0,0.0,0.0,0.0,0.0,0.0,0.0,-495.6198775203333,0.0,0.0,0.0,0.0,-1000.0,0.0,0.0,0.0,0.0,0.0,660.0273620110238,0.0,329.74277330372854,-329.74277330372854,159.3603256815154,0.0,0.0,0.0,0.0,0.0,0.0,266.38014077013884,559.5996615592776,0.0,0.0,0.0,0.0,0.0,0.0,0.0,0.0,0.0,0.0,0.0,0.0,0.0,325.790796951533,694.0120574819723,0.0,0.0,0.0,0.0,0.0,-159.3603256815154,0.0,0.0,0.0,0.0,49.262639192076975,0.0,0.0,0.0,0.0,0.0,0.0,0.0,0.0,0.0,286.8330192253478,0.0,0.0,0.0,0.0,0.0,-220.60716956221867,0.0,0.0,0.0,0.0,159.3603256815154,470.32951036134006,0.0,0.0,0.0,139.2890211229792,0.0,0.0,543.7252840660434,0.0,500.42976955143433,-441.07948548546426,984.8047695515077,-484.3750000000733,659.4855466074571,0.0,793.9061310819811,660.0273620110238,0.0,149.36378364506587,0.0,0.0,0.0,0.0,0.0,0.0,0.0,-42.21001264948881,0.0,0.0,0.0,0.0,0.0,0.0,49.262639192076975,-0.06570254412539554,0.0,0.0,0.0,0.0,0.04380169608359097,0.0,0.0,0.0,700.0264719495731,148.44660217637147,0.0,-794.016247156516,828.7870490929839,0.0,941.9008480417986,0.0,-1.5093116450185562,0.0,-3.5680755747210795,0.0,0.0,0.0,-3.7713260327983873,0.0,5.2806376778169435,-897.858436876499,-1000.0,0.0,0.0,0.0,0.0,0.0,0.0,0.0,0.0,0.0,0.0,0.0,0.0,0.0,0.0,0.0,0.0,0.0,-155.62516876503489,0.0,-1000.0,2.940748144446758,0.0,285.4226046114582,0.0,0.0,0.0,119.1652427077903,0.0,0.0,0.0,0.0,0.0,0.0,-578.1250000000006,0.0,0.0,0.0,37.47434605179933,997.8099151958202,-64.25962145438035,0.0,578.1250000000006,-2.190084804179842,-506.20008173099075,-1.0950424020899256,-1000.0,-1000.0,0.0,0.0,607.2226369080242,442.1883091282036,13.14050882507911,0.0,0.0,0.0,0.0,0.0,0.0,0.0,-325.790796951533,325.790796951533,325.790796951533,87.80773635800169,0.0,0.0,0.0,0.0,0.0,266.38014077013884,0.0,0.0,-60.835047297361456,0.0,0.0,71.2396607832806,0.0,0.0,0.0,0.0,19.32775579238859,0.08760339216723878,0.0,0.0,0.0,0.0,0.0,0.0,0.0,0.0,0.0,522.9999221754337,0.0,0.0,0.0,0.0,0.0,0.0,0.0,0.0,0.0,0.04818186569264071,0.04818186569264071,0.0,413.03045773481364,0.0,26.28101765015822,0.0,0.0,0.0,-834.4916866467984,0.0,0.0,0.0,0.0,0.0,439.88027616619826,834.4916866467984,0.0,0.0,25.44793242375957,0.0,0.0,71.2396607832806,0.0,0.0,0.0,0.0,0.0,0.0,0.0,113.66112778523006,-700.0264719495731,661.5437928645046,0.0,3.3727305984369877,0.0,581.479518408316,0.0,0.0,0.0,439.88027616619826,0.0,459.20803195858684,0.0,1000.0,-1000.0,325.790796951533,0.0,0.0,0.0,0.0,0.0,0.0,0.0,0.0,0.0,0.0,0.0,0.0,0.0,26.28101765015822,159.3603256815154,159.3603256815154,0.0,0.0,0.0,0.0,0.0,0.0,0.0,0.0,0.0,0.0,0.4380169608359703,0.0,0.0,0.0,0.0,0.0,0.0,0.0,0.0,13.14050882507911,-25.44793242375957,0.0,0.0,0.0,0.0,0.0,0.0,0.0,0.0,0.0,474.79728336186696,-784.3777532983706,0.0,13.14050882507911,13.14050882507911,152.70858007805793,834.4916866467984,0.0,71.2396607832806,0.0,0.0,0.0,0.0,0.0,745.0942786810492,266.38014077013884,1000.0,0.04380169608359097,0.0,0.0,0.0,3.5322939198843386,0.0,0.0,-581.479518408316,0.0,0.0,0.0,0.0,0.0,0.0,0.0,0.0,0.0,0.0,0.0,0.0,0.0,0.0,0.04380169608359097,0.0,0.0,0.0,-1000.0,1000.0,0.0,0.0,0.0,0.0,0.0,1000.0,0.0,-595.4121526807514,-844.3748312349651,-3.2851272062697583,-2.1900848041798513,0.0,0.0,0.0,0.0,0.0,0.0,0.0,0.0,0.0,0.0,0.0,0.0,159.3603256815154,0.0,0.0,0.0,444.37839393238346,0.0,0.0,0.0,-0.04380169608359097,0.0,0.0,0.04380169608359097,0.0,0.04380169608359097,0.0,0.0,0.0,26.28101765015822,53.43806922198838,53.43806922198838,0.0,0.0,0.0,0.0,0.0,0.0,0.0,661.5437928645046,0.0,266.38014077013884,0.0,0.0,0.0,0.0,0.0,0.0,0.0,0.0,0.0,0.0,0.0,0.0,0.0,0.0,0.0,0.0,0.0,0.0,0.0,0.0,0.0,0.06570254412539554,0.0,0.0,0.0,-13.14050882507911,0.0,0.0,0.0,0.0,0.0,-413.03045773481364,2.1900848041798326,0.0,0.0,0.0,0.0,0.0,283.2325198072784,0.0,0.0,0.0,0.0,0.0,0.0,0.0,0.0,159.3603256815154,0.0,25.44793242375957,-78.98048347170766,87.2396607832806,0.0,717.7834536477851,-3.568075574721078,0.0,402.39776251506873,595.4121526807514,-997.8099151958202,2.940748144446758,416.8914411393517,0.0,2.1900848041798513,802.6032764296573,0.0,0.0,0.0,-60.835047297361456,0.0,0.0,0.0,0.0,0.0,0.0,0.0,0.0,0.0,602.1015379212657,-113.05191481347214,53.43806922198838,0.0,0.0,0.0,0.0,0.0,0.0,0.0,0.0,0.0,286.8330192253478,0.0,0.0,309.833924540151,-526.532216095318,131.2308081964173,0.0,13.14050882507911,0.0,0.0,0.0,0.0,165.52715084661227,0.0,0.0,0.04818186569264071,0.0,0.0,0.0,26.71903461099419,0.0,0.0,0.0,0.0,694.0120574819723,0.0,0.0,0.0,0.0,0.0,0.0,0.0,0.0,0.0,0.0,0.00438016960835963,0.00438016960835963,0.0,0.0,0.0,0.0,0.0,0.0,0.0,0.0,0.0,0.0,0.0,0.0,0.0,0.0,0.0,413.03045773481364,0.0,0.0,0.0,0.0,0.0,0.0,0.0,660.0273620110238,0.0,0.0,0.0,0.0,0.0,942.3527332583526,-86.1865850876946,0.0,0.0,0.0,26.28101765015822,0.0,0.0,0.0,0.0,0.0,285.57501952182525,-311.8560371719835,0.0,0.0,0.0,0.0,0.0,0.0,0.0,0.0,0.0,0.0,0.0,0.0,-1000.0,-419.1442989655886,30.004161817263967,-13.14050882507911,0.0,0.0,844.1996244506306,0.0,0.0,0.0,0.0,0.0,0.0,0.0,0.0,0.0,0.0,0.0,0.0,0.0,0.0,0.0,0.0,0.0,-5.47521201044961,159.3603256815154,-3.2851272062697583,109.76678760720228,0.0,0.0,0.0,0.0,0.0,-0.5475212010449629,0.0,63.775795441808214,0.0,0.0,0.0,0.0,0.0,0.0,0.0,1000.0,13.14050882507911,13.14050882507911,0.0,0.0,0.0,0.0,0.0,0.04818186569264071,413.03045773481364,0.0,0.0,-844.1996244506306,0.0,0.0,0.0,0.0,0.0,0.0,0.0,0.0,0.0,0.0,0.0,0.0,0.0,0.0,0.0,0.0,0.0,13.57852578591508,0.0,45.99178088777688,3.3727305984369877,0.0,0.0,0.0,0.0,0.0,413.03045773481364,0.0,0.0,0.0,0.0,0.0,-5.47521201044961,0.0,0.0,0.0,0.0,0.0,0.0,0.0,0.0,0.0,0.0,0.0,0.0,0.0,0.0,0.0,0.0,0.0,0.0,-0.04380169608359097,0.0,0.0,2.1900848041798326,-439.88027616619826,0.0,0.0,0.0,0.0,159.3603256815154,0.0,0.0,0.0,3.7713260327983873,1.0950424020899256,0.0,0.0,0.0,0.04380169608359097,0.0,43.80169608359702,0.0,8.760339216719407,0.3128692577399761,149.36378364506587,-0.03285127206269777,2.190084804179842,0.8760339216719406,-0.21900848041809695,-149.36378364506587,13.14050882507911,-0.043801696083597026,1.1893585249070264,71.2396607832806,0.010950424020899257,0.3128692577399761,-3.568075574721079,-6.973230016506363,-0.8760339216719406,-62.260017088676875,-0.043801696083597026,0.010950424020899257,-149.36378364506587,4.380169608359703,0.043801696083597026,0.04380169608359097,-412.9384741730374,0.048181865691956656,0.0,-0.03285127206269777,13.14050882507911,0.043801696083597026,13.14050882507911,-21.900848041798515,-0.021900848041798513,-298.07607170595537,154.93635437707212,-0.03285127206269777,-0.043801696083597026,0.0,0.04380169608359097,4.380169608359703,-0.8760339216719406,0.0,0.0,-4.380169608359703,62.260017088676875,0.0,8.760339216719405,0.06570254412539554,-1000.0,4.380169608359703,-113.66112778523006,71.2396607832806,-8.760339216719405,0.021900848041798513,0.4380169608359703,198.504061789129,96.0,-0.04380169608359097,-422.8858393536231,412.9384741730374,13.57852578591508,0.043801696083597026,6.973230016506363,18.677625482964082,71.2396607832806,-0.04380169608359097,-0.010950424020899257,-71.2396607832806,-0.043801696083597026,19.32775579238859,0.04380169608361939,-0.010950424020899257,-0.010950424020899257,-0.010950424020899257,17.52067843343881,21.900848041798515,0.4380169608359703,106.64203140205574,-0.010950424020899257,395.81876505335094,2.1900848041798513,-7.473793092014444,0.04380169608359097,0.021900848041798513,0.021900848041798513,40.0,0.0,0.04380169608359097,0.0,0.4380169608359703,0.043801696083597026,-255.0229310343018,0.043801696083597026,0.17520678433450598,0.21900848041809695,0.021900848041798513,0.010950424020899257,13.14050882507911,-0.043801696083597026,0.0,0.4380169608359703,-213.28406280411147,1.0950424020899163,-4.380169608359703,8.760339216719405,2.1900848041798513,-0.043801696083597026,3.568075574721079,0.06570254412539554,-0.043801696083597026,-80.0,0.0,85.92021667719354,0.021900848041798513,14.947586184028886,-0.043801696083597026,-0.04380169608361939,-0.043801696083597026,0.021900848041798513,149.36378364506587,-8.760339216719405,0.04380169608359097,397.008123578258,-0.010950424020899257,-0.048181865691956656,-397.008123578258,6.570254412539553,-154.93635437707212,733.3948215527839,149.36378364506587,-0.03285127206269777,422.8858393536231,-96.0,0.043801696083597026,-0.010950424020899258,2.1900848041798513,43.80169608359702,-0.021900848041798513,-0.043801696083597026,0.010950424020899257,0.0,0.0,340.4925525445011,148.38089963224604,-46.0,0.0,1.6342448592409937,-31.0,0.0,-32.0,-93.0,-65.0,-659.4855466074571,16.0,23.0,46.5,0.0,15.5,-413.03045773481364,-251.4473675238058,659.4855466074571,65.0,-251.4473675238058,-1.6342448592409937,-10.711775116041395,0.0,1496.5981,hclb
418,0.0,0.0,0.0,0.0,0.0,0.0,0.0,0.0,212.47003974900971,0.0,0.0,0.0,0.0,0.0,0.0,0.0,-646.1884136751611,1000.0,0.0,-358.5717228647512,0.0,0.0,0.0,0.0,0.0,460.4375904323649,0.0,0.0,0.0,-150.56731919204105,0.0,0.0,617.7000055297133,0.0,0.0,0.0,0.0,797.0822119833174,0.0,-1000.0,1000.0,0.0,0.0,-560.1292633082959,0.0,0.0,0.0,0.0,877.805133231754,0.0,0.0,-479.07986294374416,0.0,0.04756182885512317,0.0,0.0,0.0,0.0,0.0,0.0,18.85185559927271,0.0,0.0,-49.12719772908747,0.0,0.0,0.0,0.0,2.8024207518869986,0.0,0.0,0.43238026232183685,0.0,0.0,0.0,0.0,0.0,0.0,0.0,0.0,0.0,0.0,-243.79538578337124,0.0,25.94281573931021,0.0,0.0,-1000.0,41.258189138941354,634.3962360502705,-0.01080950655804592,0.0,0.0,206.81991092800592,12.971407869655105,0.0,12.971407869655105,-1.392264444675675,0.0,0.0,0.0,2.161901311609184,-1000.0,0.0,0.0,-6.740410278549109,0.0,0.0,0.0,0.0,0.0,0.0,0.0,0.0,0.0,0.0,0.0,0.0,0.0,0.0,0.0,0.0,0.0,0.0,-923.2243695755185,0.0,0.0,12.971407869655105,0.0,13.40378813197694,0.0,0.0,0.0,236.49241012498607,-236.49241012498607,236.49241012498607,-369.5596271013694,0.0,0.0,301.58057377300923,0.0,0.0,0.0,0.0,0.0,247.12471380324942,0.04323802623218368,0.0,0.0,0.0,-1000.0,602.0922081505806,0.0,0.0,174.07794835777568,0.0,-257.624207217053,0.0,0.0,0.0,0.0,0.0,391.57706827923704,391.57706827923704,0.0,0.0,0.0,0.0,0.0,0.0,0.0,391.6203063054692,0.0,0.0,0.0,0.0,-91.54783821245599,0.0,0.0,0.0,0.0,0.0,0.0,0.0,0.0,0.0,-1000.0,0.0,0.0,0.0,0.0,-1000.0,0.0,0.0,0.0,0.0,0.0,0.0,479.07986294374416,-41.258189138941354,41.258189138941354,65.17663257647314,0.0,0.0,0.0,0.0,0.0,0.0,849.432680807959,-575.1446530698641,0.0,0.0,0.0,0.0,0.0,0.0,0.0,0.0,0.0,0.0,0.0,0.0,0.0,164.1527949392778,372.20300234229285,-560.1292633082959,0.0,0.0,0.0,0.0,80.63295935054944,0.0,0.0,0.0,0.0,18.85185559927271,0.0,0.0,0.0,0.0,0.0,0.0,0.0,0.0,0.0,0.0,8.647605246436736,0.0,0.0,-101.36823387715542,-18.85185559927271,315.6268070365568,0.0,560.1292633082959,0.0,0.0,67.9790533283602,0.0,0.0,0.0,0.0,-451.73369725719965,0.0,0.0,-1000.0,0.0,0.0,-1000.0,0.0,0.0,0.0,0.0,243.28509182080904,0.0,0.0,-25.17549873923008,0.0,0.0,0.0,0.0,0.0,0.0,0.0,1000.0,2.8024207518869986,0.0,0.0,0.0,0.0,0.0,18.85185559927271,-0.06485703934827552,0.0,0.0,0.0,0.0,0.04323802623218368,0.0,0.0,0.0,841.2190002033224,-646.1884136751611,0.0,-91.4318571128335,-98.23332038079434,91.54783821245599,938.8165923642048,0.0,-68.29147124105742,0.0,-6.740410278549109,0.0,0.0,0.0,385.9666790179487,-46.92585483293478,-270.7493529439565,-1000.0,-174.28510079634322,0.0,0.0,0.0,0.0,0.0,0.0,0.0,0.0,0.0,0.0,0.0,0.0,0.0,0.0,0.0,0.0,0.0,366.90950693847594,0.0,-430.34565714976975,0.0,0.0,0.0,838.6498981674937,0.0,0.0,-247.12471380324942,0.0,243.79538578337127,0.0,0.0,0.0,0.0,-734.3750000000007,-256.54179520518187,0.0,44.12343408104778,-123.92018318143842,0.0,0.0,-177.16012245421825,734.3750000000007,-164.94505519017417,-1000.0,-1.080950655804592,-2.161901311609184,0.0,0.0,0.0,0.0,688.1722778522062,12.971407869655105,0.0,0.0,0.0,0.0,0.0,212.5132777752419,0.0,-164.1527949392778,164.1527949392778,164.1527949392778,-551.8025773172842,0.0,0.0,-608.4661697469951,0.0,0.0,849.432680807959,0.0,0.0,-30.27534212981476,0.0,0.0,74.15481550545026,0.0,0.0,0.0,0.0,-38.67619737678163,0.08647605246437706,0.0,0.0,0.0,0.0,0.0,0.0,0.0,0.0,0.0,0.0,0.0,0.0,0.0,0.0,0.0,0.0,0.0,0.0,0.0,0.04756182885512317,0.04756182885512317,0.0,251.50518969284107,0.0,25.94281573931021,0.0,0.0,0.0,1000.0,0.0,0.0,0.0,0.0,0.0,-473.44972304651026,-1000.0,0.0,0.0,0.0,0.0,0.0,74.15481550545026,0.0,0.0,0.0,0.0,0.0,0.0,0.0,307.74145652517285,-841.2190002033224,397.90779184941937,0.0,3.3293280198781474,0.0,0.0,206.81991092800592,61.01031900098337,0.0,-473.44972304651026,0.0,0.0,-512.1259204232919,0.0,0.0,164.1527949392778,0.0,0.0,0.0,0.0,0.0,0.0,0.0,0.0,0.0,0.0,0.0,0.0,0.0,25.94281573931021,67.97905332836018,67.9790533283602,0.0,0.0,0.0,0.0,0.0,0.0,0.0,0.0,0.0,0.0,0.43238026232183685,0.0,0.0,0.0,0.0,0.0,479.07986294374416,0.0,0.0,12.971407869655105,0.0,0.0,0.0,0.0,0.0,0.0,0.0,0.0,0.0,0.0,13.057883922119471,46.82554417323527,0.0,12.971407869655105,12.971407869655105,1000.0,-1000.0,0.0,74.15481550545026,0.0,0.0,0.0,0.0,0.0,1000.0,849.432680807959,602.841491777143,0.04323802623218368,0.0,0.0,0.0,57.10199050048886,642.8953823493966,0.0,-206.81991092800592,0.0,-2.8024207518869986,0.0,0.0,0.0,0.0,0.0,0.0,0.0,0.0,0.0,0.0,0.0,0.0,0.04323802623218368,0.0,0.0,0.0,0.0,0.0,0.0,0.0,0.0,0.0,-247.12471380324942,953.1036894952407,-174.07794835777568,-709.3083037118696,-797.2551640882457,-3.242851967413776,-2.161901311609184,0.0,0.0,-296.875,-296.875,296.875,0.0,0.0,0.0,0.0,0.0,0.0,0.0,67.97905332836018,91.54783821245599,0.0,0.0,690.3341791638154,0.0,0.0,0.0,212.47003974900971,0.0,0.0,0.04323802623218368,0.0,0.04323802623218368,0.0,0.0,0.0,25.94281573931021,52.75039200326409,52.75039200326409,0.0,0.0,0.0,0.0,0.0,0.0,243.79538578337124,397.90779184941937,0.0,849.432680807959,0.0,0.0,0.0,389.68947307653946,0.0,0.0,0.0,0.0,0.0,0.0,0.0,0.0,0.0,0.0,0.0,0.0,0.0,145.80959192702255,0.0,-460.4375904323649,460.4375904323649,0.06485703934827552,0.0,0.0,0.0,-12.971407869655105,0.0,0.0,0.0,0.0,0.0,-251.50518969284107,2.161901311609184,0.0,0.0,0.0,0.0,0.0,0.0,0.0,0.0,0.0,0.0,0.0,0.0,0.0,0.0,67.97905332836018,0.0,0.0,53.40528425025564,87.35239475356326,0.0,430.26010020915885,636.1549720708475,0.0,0.0,953.1036894952407,-953.1036894952407,174.07794835777568,-52.75039200326409,0.0,2.161901311609184,1000.0,0.0,0.0,0.0,-30.27534212981476,0.0,0.0,0.0,0.0,0.0,0.0,0.0,0.0,0.0,1000.0,-6.485703934827718,52.75039200326409,0.0,0.0,0.0,0.0,0.0,0.0,0.0,0.0,0.0,0.0,0.0,0.0,254.74804166025484,-57.10199050048886,0.0,0.0,12.971407869655105,0.0,0.0,0.0,0.0,-247.24489178456108,0.0,0.0,0.04756182885512317,0.0,0.0,0.0,26.375196001632045,0.0,0.0,0.0,0.0,372.20300234229285,0.0,0.0,0.0,0.0,0.0,0.0,0.0,0.0,0.0,0.0,0.004323802623218409,0.004323802623218409,0.0,0.0,0.0,0.0,0.0,0.0,0.0,0.0,0.0,0.0,0.0,0.0,0.0,0.0,0.0,251.50518969284107,0.0,0.0,0.0,0.0,0.0,0.0,0.0,0.0,0.0,0.0,0.0,0.0,-50.77846221876627,0.0,1000.0,0.0,0.0,0.0,25.94281573931021,0.0,0.0,0.0,0.0,0.0,-585.1413258958487,559.1985101565385,0.0,0.0,0.0,0.0,0.0,0.0,0.0,0.0,0.0,0.0,0.0,0.0,178.40904240527755,-1000.0,419.3075210455853,545.4220767286461,-558.3934845983011,0.0,797.0822119833174,0.0,0.0,0.0,0.0,0.0,0.0,0.0,0.0,0.0,0.0,0.0,0.0,0.0,0.0,0.0,0.0,0.0,-5.404753279022961,67.9790533283602,-3.242851967413776,392.9323250439533,0.0,0.0,0.0,0.0,0.0,-319.25354072136236,318.71306539346006,204.35329048759047,0.0,0.0,0.0,0.0,0.0,0.0,0.0,955.5356349787638,12.971407869655105,12.971407869655105,0.0,0.0,0.0,0.0,0.0,0.04756182885512317,251.50518969284107,0.0,0.0,-797.0822119833174,0.0,0.0,0.0,0.0,0.0,0.0,0.0,0.0,0.0,0.0,0.0,0.0,0.0,0.0,0.0,0.0,0.0,0.0,0.0,45.39992754379286,247.12471380324942,0.0,0.0,0.0,0.0,0.0,251.50518969284107,0.0,-3.554165756284859,0.0,0.0,0.0,-5.404753279022961,0.0,0.0,0.0,0.0,0.0,0.0,0.0,0.0,0.0,0.0,0.0,0.0,0.0,0.0,0.0,0.0,0.0,0.0,-0.04323802623218368,0.0,0.0,2.161901311609184,473.44972304651026,0.0,0.0,0.0,0.0,67.97905332836014,0.0,0.0,0.0,-385.9666790179487,1.080950655804592,0.0,0.0,460.4375904323649,0.04323802623218368,0.0,43.23802623218368,-13.40378813197694,8.647605246436736,0.3088430445155977,120.63409318779246,-0.03242851967413776,421.48685039535604,0.8647605246436737,-0.2161901311604879,-120.63409318779246,12.971407869655105,-0.04323802623218368,2.2468034261830363,74.15481550545026,0.01080950655804592,0.30884304451559774,-6.740410278549109,-6.8834937761630215,-0.8647605246436737,4.76013653991231,-0.04323802623218368,0.01080950655804592,-120.63409318779246,4.323802623218368,0.04323802623218368,0.04323802623218368,-251.41438983775376,0.04756182885540209,0.0,-0.03242851967413776,12.971407869655105,0.04323802623218368,12.971407869655105,-21.619013116091843,-0.02161901311609184,271.10502777415127,-85.0,-0.03242851967413776,-0.04323802623218368,-13.40378813197694,0.04323802623218368,4.323802623218368,-0.8647605246436737,145.80959192702255,145.80959192702255,-4.323802623218368,-4.76013653991231,-145.80959192702255,8.647605246436736,0.06485703934827552,-1000.0,4.323802623218368,-307.74145652517285,74.15481550545026,-8.647605246436736,0.02161901311609184,0.43238026232183685,22.857964278208375,96.0,-0.04323802623218368,-261.23374559508255,251.41438983775376,13.40378813197694,0.04323802623218368,6.8834937761630215,22.269184026829976,74.15481550545026,-0.04323802623218368,-0.01080950655804592,-74.15481550545026,-0.04323802623218368,-38.67619737678163,0.04323802623218368,-0.01080950655804592,-0.01080950655804592,-0.01080950655804592,17.295210492873473,21.619013116091843,0.43238026232183685,76.78957229122751,-0.01080950655804592,43.469125130233714,2.161901311609184,21.5,0.04323802623218368,0.02161901311609184,0.02161901311609184,40.0,13.40378813197694,0.04323802623218368,-13.40378813197694,0.43238026232183685,0.04323802623218368,-166.3007715041441,0.04323802623218368,0.17295210492829938,0.2161901311604879,0.02161901311609184,0.01080950655804592,12.971407869655105,-0.04323802623218368,0.0,0.43238026232183685,-153.57914458245503,420.40589973955144,-4.323802623218368,8.647605246436736,2.161901311609184,-0.04323802623218368,6.740410278549109,0.06485703934827552,-0.04323802623218368,-80.0,13.40378813197694,384.2331782235699,0.02161901311609184,-43.0,-0.04323802623218368,-0.04323802623218368,-0.04323802623218368,0.02161901311609184,120.63409318779246,-8.647605246436736,0.04323802623218368,45.71592855641675,-0.01080950655804592,-0.04756182885540209,-45.71592855641675,6.485703934827551,85.0,563.986381151442,120.63409318779246,-0.03242851967413776,261.23374559508255,-96.0,0.04323802623218368,-0.010809506558045922,2.161901311609184,43.238026232183685,-0.02161901311609184,-0.04323802623218368,0.01080950655804592,0.0,0.0,365.5821449366134,89.5111992129166,-46.0,0.0,607.6993664129468,17.49940616140327,0.0,-32.0,-93.0,-40.99991360617622,-634.3962360502705,16.0,23.0,46.5,0.0,-8.749703080701638,-251.50518969284107,-136.98828643900882,634.3962360502705,40.99991360617622,-136.98828643900882,-607.6993664129468,290.5531898814492,0.0,1496.5981,hclb
419,0.0,0.0,0.0,0.0,0.0,0.0,0.0,0.0,0.0,0.0,0.0,0.0,0.0,0.0,0.0,0.0,-1000.0,1000.0,0.0,82.31482635315899,0.0,0.0,0.0,0.0,0.0,0.0,0.0,0.0,0.0,748.8499285859896,0.0,0.0,628.1393087877995,0.0,0.0,0.0,0.0,1000.0,0.0,-1000.0,772.5338516842421,0.0,0.0,-303.66366913266154,0.0,0.0,0.0,0.0,1000.0,-331.66495235512957,0.0,445.18625945332803,0.0,0.0,0.0,0.0,0.0,0.0,0.0,0.0,0.0,0.0,0.0,0.0,0.0,0.0,0.0,0.0,0.0,0.0,0.0,0.0,0.0,0.0,0.0,0.0,0.0,0.0,0.0,0.0,0.0,0.0,-609.7913686441939,0.0,0.0,0.0,0.0,-664.158818836998,164.2071644418052,1000.0,444.5207081690217,0.0,0.0,0.0,0.0,0.0,244.7269649896228,-372.7192608224576,0.0,0.0,0.0,0.0,313.8752623671793,0.0,0.0,-6.3619752445458175,132.22678820988534,102.11954442529554,0.0,0.0,0.0,0.0,0.0,0.0,0.0,0.0,0.0,0.0,0.0,0.0,0.0,0.0,0.0,0.0,-182.60417977905814,0.0,0.0,244.7269649896228,0.0,0.0,0.0,0.0,-142.0,142.0,0.0,0.0,654.718536227606,-484.3750000001618,484.3750000001618,-654.718536227606,0.0,0.0,0.0,0.0,0.0,609.7913686441939,0.0,444.5207081690217,0.0,0.0,-1000.0,712.9325594193548,0.0,0.0,105.00902772375655,0.0,-144.19584430106903,0.0,0.0,0.0,0.0,0.0,625.5768231866374,625.5768231866374,0.0,0.0,0.0,0.0,-29.10423783115246,0.0,0.0,625.5768231866374,0.0,0.0,0.0,96.47263787918371,0.0,0.0,0.0,0.0,0.0,0.0,0.0,0.0,0.0,0.0,-156.05621323038247,0.0,0.0,0.0,0.0,-1000.0,0.0,0.0,0.0,0.0,0.0,331.66495235512957,-445.18625945332803,-890.6549217096739,890.6549217096739,0.0,0.0,0.0,0.0,0.0,0.0,0.0,434.9746662188103,-780.1593476292401,0.0,0.0,0.0,0.0,0.0,0.0,0.0,0.0,0.0,0.0,0.0,0.0,0.0,200.15132991945313,387.58057352038816,-303.66366913266154,0.0,0.0,0.0,0.0,55.99637035635064,0.0,0.0,0.0,0.0,0.0,0.0,0.0,0.0,0.0,0.0,0.0,0.0,0.0,0.0,0.0,0.0,244.7269649896228,0.0,-54.862086151479076,1000.0,-1000.0,0.0,303.66366913266154,0.0,0.0,0.0,-1000.0,0.0,0.0,0.0,-51.65485693184041,0.0,0.0,838.0960685395595,-1000.0,-907.1044542218882,958.4305481361899,879.6655204033697,-786.7699746252579,-726.4477572678687,0.0,301.0049829338111,331.66495235512957,0.0,-55.99637035635064,0.0,0.0,0.0,0.0,0.0,0.0,0.0,1000.0,0.0,0.0,0.0,0.0,0.0,0.0,0.0,0.0,0.0,0.0,0.0,0.0,0.0,0.0,0.0,0.0,699.2766646540266,-1000.0,0.0,-144.35922287450828,-276.1997745233966,0.0,1000.0,0.0,253.91737344955447,0.0,-6.3619752445458175,0.0,0.0,0.0,0.0,0.0,-253.91737344955447,-1000.0,-1000.0,0.0,0.0,0.0,0.0,0.0,0.0,0.0,0.0,0.0,0.0,0.0,0.0,0.0,0.0,0.0,0.0,0.0,0.0,0.0,-1000.0,105.00902772375655,0.0,372.7192608224576,0.0,0.0,0.0,-33.557814973277345,0.0,504.7823409204374,0.0,844.9482528987472,0.0,0.0,819.0389679423711,-712.3127230785672,0.0,0.0,0.0,606.7954855729953,-591.0308794491928,0.0,-819.0389679423711,712.3127230785672,0.0,0.0,-606.7954855729953,0.0,0.0,90.96163874000132,0.0,344.01302747880897,244.7269649896228,0.0,0.0,0.0,0.0,0.0,0.0,0.0,-200.15132991945313,200.15132991945313,200.15132991945313,-528.0404268941566,0.0,0.0,-374.4231768133626,0.0,0.0,434.9746662188103,0.0,0.0,0.0,0.0,-1000.0,17.260816673864895,0.0,0.0,0.0,0.0,-11.987043839994499,0.0,0.0,0.0,0.0,0.0,0.0,0.0,0.0,76.7964847624879,0.0,0.0,0.0,0.0,0.0,0.0,0.0,0.0,0.0,0.0,0.0,0.0,0.0,0.0,296.15132991945313,0.0,0.0,0.0,0.0,0.0,1000.0,0.0,0.0,0.0,0.0,0.0,-462.8276643103744,-1000.0,0.0,0.0,0.0,0.0,0.0,17.260816673864895,0.0,0.0,0.0,0.0,0.0,0.0,0.0,60.868059926352714,-699.2766646540266,154.84065237075995,0.0,0.0,0.0,0.0,0.0,-55.99637035635064,0.0,-462.8276643103744,0.0,525.1852918496312,-1000.0,1000.0,-1000.0,200.15132991945313,0.0,0.0,0.0,0.0,0.0,0.0,0.0,0.0,0.0,0.0,0.0,0.0,0.0,0.0,0.0,0.0,0.0,0.0,0.0,0.0,0.0,0.0,0.0,0.0,0.0,0.0,0.0,0.0,0.0,0.0,0.0,0.0,-445.18625945332803,0.0,0.0,244.7269649896228,0.0,0.0,0.0,0.0,0.0,0.0,0.0,0.0,0.0,0.0,-597.3372035048582,1000.0,0.0,0.0,0.0,1000.0,-1000.0,0.0,17.260816673864895,0.0,0.0,0.0,0.0,0.0,-313.8752623671793,434.9746662188103,-365.5301192990196,0.0,0.0,0.0,-741.0607144401749,741.0607144401749,627.4024021387024,76.7964847624879,0.0,0.0,0.0,0.0,0.0,0.0,0.0,0.0,0.0,0.0,0.0,0.0,0.0,0.0,0.0,0.0,0.0,0.0,0.0,-1000.0,1000.0,0.0,0.0,0.0,0.0,0.0,1000.0,0.0,-156.05621323038235,-1000.0,0.0,0.0,0.0,0.0,-265.62499999999994,-265.625,265.62499999999994,0.0,0.0,0.0,0.0,0.0,0.0,0.0,0.0,0.0,0.0,0.0,434.9746662188103,0.0,0.0,0.0,0.0,0.0,0.0,0.0,0.0,0.0,0.0,0.0,0.0,0.0,0.0,0.0,0.0,0.0,0.0,0.0,0.0,0.0,504.7823409204374,154.84065237075995,0.0,434.9746662188103,0.0,0.0,0.0,0.0,0.0,0.0,0.0,0.0,0.0,0.0,0.0,0.0,0.0,0.0,0.0,0.0,0.0,55.99637035635064,0.0,0.0,0.0,0.0,0.0,0.0,0.0,-244.7269649896228,0.0,0.0,0.0,0.0,0.0,-296.15132991945313,0.0,0.0,0.0,0.0,0.0,29.10423783115246,0.0,0.0,0.0,-1000.0,0.0,0.0,0.0,0.0,0.0,0.0,0.0,0.0,0.0,96.0,0.0,219.84065237075995,621.0404268941566,0.0,-33.557814973277345,660.8385541508197,-627.2807391775424,105.00902772375655,-1000.0,0.0,0.0,1000.0,0.0,0.0,0.0,0.0,0.0,0.0,0.0,0.0,0.0,-576.2335536709165,0.0,0.0,0.0,156.05621323038235,0.0,0.0,0.0,-609.375,-609.375,609.375,0.0,0.0,0.0,0.0,0.0,0.0,0.0,0.0,296.1513299194533,0.0,0.0,0.0,0.0,0.0,0.0,0.0,0.0,-180.44385626585233,0.0,0.0,0.0,0.0,0.0,0.0,0.0,0.0,0.0,0.0,0.0,387.58057352038816,0.0,132.22678820988534,0.0,0.0,0.0,0.0,0.0,0.0,-221.92724281265612,0.0,0.0,0.0,0.0,0.0,0.0,0.0,0.0,0.0,0.0,0.0,0.0,-741.0607144401749,0.0,0.0,0.0,0.0,0.0,296.15132991945313,0.0,0.0,0.0,0.0,0.0,0.0,0.0,331.66495235512957,0.0,0.0,0.0,0.0,-61.866450166357936,-1000.0,1000.0,0.0,0.0,0.0,0.0,0.0,0.0,0.0,0.0,0.0,1000.0,-1000.0,0.0,0.0,0.0,0.0,0.0,0.0,0.0,0.0,0.0,0.0,0.0,0.0,365.5301192990196,-1000.0,0.0,-244.7269649896228,0.0,0.0,1000.0,0.0,0.0,0.0,0.0,0.0,0.0,0.0,0.0,0.0,0.0,0.0,0.0,0.0,0.0,0.0,0.0,0.0,0.0,0.0,0.0,0.0,0.0,0.0,0.0,0.0,0.0,0.0,0.0,105.00902772375669,0.0,0.0,0.0,0.0,0.0,0.0,0.0,1000.0,0.0,0.0,0.0,0.0,0.0,0.0,0.0,0.0,296.15132991945313,0.0,0.0,-1000.0,0.0,0.0,0.0,0.0,0.0,0.0,0.0,0.0,0.0,0.0,0.0,0.0,0.0,0.0,0.0,0.0,0.0,0.0,0.0,0.0,0.0,0.0,504.7823409204374,0.0,0.0,0.0,296.15132991945313,0.0,0.0,0.0,0.0,0.0,0.0,0.0,0.0,0.0,0.0,0.0,0.0,0.0,0.0,0.0,0.0,0.0,0.0,0.0,0.0,0.0,0.0,0.0,0.0,0.0,0.0,0.0,0.0,462.8276643103744,0.0,0.0,0.0,0.0,0.0,0.0,0.0,0.0,0.0,0.0,0.0,0.0,0.0,0.0,0.0,0.0,0.0,0.0,0.0,0.0,0.0,0.0,0.0,0.0,0.0,0.0,0.0,2.120658414848606,17.260816673864895,0.0,0.0,-6.3619752445458175,0.0,0.0,-82.31482635315899,0.0,0.0,0.0,0.0,0.0,0.0,-296.15132991945313,0.0,0.0,0.0,0.0,0.0,244.7269649896228,244.7269649896228,0.0,156.91979479016067,-55.99637035635064,0.0,0.0,0.0,0.0,0.0,0.0,55.99637035635064,55.99637035635064,0.0,82.31482635315899,-55.99637035635064,0.0,0.0,0.0,0.0,-60.868059926352714,17.260816673864895,0.0,0.0,0.0,36.08980571862707,96.0,0.0,-296.1513299194533,296.15132991945313,0.0,0.0,0.0,-227.46614831575766,17.260816673864895,0.0,0.0,-17.260816673864895,0.0,-144.21383204987984,0.0,0.0,0.0,0.0,0.0,-244.7269649896228,0.0,27.43104307573961,0.0,70.05895302240553,0.0,5.993521919997249,0.0,0.0,0.0,8.630408336932447,0.0,0.0,0.0,0.0,0.0,-82.29312922721869,0.0,0.0,0.0,0.0,0.0,0.0,0.0,0.0,0.0,-54.86208615147922,0.0,0.0,0.0,0.0,0.0,6.3619752445458175,0.0,0.0,-17.260816673864895,0.0,287.2460649088997,0.0,-11.987043839994499,0.0,0.0,0.0,0.0,0.0,0.0,0.0,72.17961143725414,0.0,0.0,-72.17961143725414,0.0,55.99637035635064,-258.0149615976254,0.0,0.0,296.1513299194533,-96.0,0.0,0.0,844.9482528987472,0.0,0.0,0.0,0.0,0.0,0.0,-273.5522427321313,54.862086151479076,-46.0,0.0,612.4194264796118,-7.098881893642783,0.0,-32.0,-93.0,-65.0,-273.5522427321313,16.0,23.0,46.5,0.0,3.5494409468213917,-296.15132991945313,-106.80220864304738,273.5522427321313,65.0,-106.80220864304738,-612.4194264796118,419.94278739768475,0.0,1496.5981,hclb
420,0.0,0.0,0.0,0.0,0.0,0.0,0.0,0.0,407.6958336655535,0.0,0.0,0.0,0.0,0.0,0.0,0.0,909.0171771110741,265.76992982360935,0.0,-807.1148736687562,0.0,0.0,0.0,0.0,0.0,277.01305301873373,0.0,0.0,0.0,-1000.0,0.0,0.0,307.938520690288,0.0,0.0,0.0,0.0,536.4036461637727,0.0,-1000.0,784.4164064444734,0.0,-1000.0,-488.8474884881308,0.0,0.0,0.0,0.0,-420.16968862294334,0.0,0.0,0.0,0.0,0.0,0.0,0.0,0.0,0.0,0.0,0.0,34.33889993259379,0.0,0.0,-68.67779986518758,0.0,0.0,0.0,0.0,0.0,0.0,0.0,0.0,0.0,0.0,0.0,0.0,0.0,0.0,0.0,0.0,0.0,0.0,-311.7522072731878,0.0,0.0,0.0,0.0,0.0,878.8247447777964,0.0,0.0,0.0,0.0,0.0,0.0,0.0,215.58359355552656,0.0,0.0,0.0,0.0,942.0970310207317,-1000.0,0.0,0.0,-24.666666666666668,0.0,12.677475707683726,0.0,0.0,0.0,0.0,0.0,0.0,0.0,0.0,0.0,0.0,0.0,0.0,0.0,0.0,0.0,0.0,-521.6262311131894,0.0,0.0,215.58359355552656,0.0,0.0,0.0,0.0,0.0,0.0,0.0,0.0,-516.1121128883631,-453.1250000001583,453.1250000001583,413.0954130905817,0.0,0.0,0.0,0.0,0.0,311.7522072731878,0.0,0.0,0.0,0.0,0.0,-761.528129142661,0.0,0.0,97.79954822260646,0.0,167.92408745219743,0.0,0.0,0.0,0.0,0.0,-239.25319400069156,-239.25319400069156,0.0,0.0,0.0,0.0,-201.956042249276,0.0,0.0,-239.25319400069156,0.0,0.0,0.0,-1000.0,-213.61952532548486,0.0,0.0,0.0,0.0,0.0,0.0,0.0,0.0,0.0,0.0,0.0,0.0,0.0,0.0,-1000.0,0.0,0.0,0.0,0.0,0.0,0.0,1000.0,-878.8247447777964,878.8247447777964,103.01669979778136,0.0,0.0,0.0,0.0,0.0,0.0,0.0,-173.471870857339,0.0,0.0,0.0,0.0,0.0,0.0,0.0,0.0,0.0,0.0,0.0,0.0,0.0,115.9284084370055,934.1117226981876,-488.8474884881308,0.0,0.0,0.0,0.0,-44.698672693702456,0.0,0.0,0.0,0.0,34.33889993259379,0.0,0.0,0.0,34.28465069165935,0.0,0.0,0.0,0.0,0.0,0.0,0.0,215.58359355552656,0.0,242.3505104444074,1000.0,-298.9944334007397,0.0,488.8474884881308,0.0,0.0,103.01669979778136,0.0,0.0,0.0,0.0,-34.33889993259379,0.0,0.0,-875.930365511638,124.06963448836211,0.0,-1000.0,0.0,-124.06963448836211,0.0,0.0,-1000.0,0.0,0.0,-58.3180271040789,0.0,0.0,0.0,-1000.0,0.0,1000.0,0.0,760.7468059993084,0.0,0.0,0.0,0.0,0.0,0.0,34.33889993259379,0.0,0.0,0.0,0.0,0.0,0.0,0.0,0.0,0.0,726.0983793403946,909.0171771110741,0.0,-511.90849554519156,674.589608452373,213.61952532548486,1000.0,0.0,177.08191510592866,0.0,-24.666666666666668,0.0,0.0,0.0,309.94612821495883,-487.0280433208875,0.0,-965.6611000674062,-558.0195156427872,0.0,0.0,0.0,0.0,0.0,0.0,0.0,0.0,0.0,0.0,0.0,0.0,0.0,0.0,0.0,0.0,34.28465069165935,0.0,0.0,-1000.0,97.79954822260646,463.5963538362273,0.0,1000.0,0.0,0.0,356.789887045785,0.0,213.95265905058136,0.0,0.0,942.0970310207317,263.1296542552078,0.0,0.0,0.0,223.89838906567968,1000.0,0.0,0.0,-309.94612821495883,0.0,-971.0485155103659,0.0,0.0,0.0,0.0,0.0,437.2039982297274,0.0,-643.2373978252901,215.58359355552656,0.0,0.0,0.0,0.0,0.0,407.6958336655535,0.0,-115.9284084370055,115.9284084370055,115.9284084370055,-183.938520690288,0.0,0.0,-1000.0,0.0,0.0,0.0,0.0,0.0,-34.33889993259379,0.0,0.0,0.0,0.0,0.0,0.0,0.0,-43.0,0.0,0.0,0.0,0.0,0.0,0.0,0.0,0.0,0.0,0.0,0.0,0.0,0.0,0.0,0.0,0.0,0.0,0.0,0.0,0.0,0.0,0.0,0.0,211.9284084370055,0.0,0.0,0.0,0.0,0.0,1000.0,0.0,0.0,0.0,0.0,0.0,82.46948532438796,-1000.0,0.0,0.0,40.171365312248184,0.0,0.0,0.0,0.0,0.0,0.0,0.0,0.0,0.0,0.0,173.87541037106314,-726.0983793403946,761.528129142661,0.0,0.0,0.0,0.0,0.0,-58.3180271040789,0.0,82.46948532438796,0.0,39.46948532438796,0.0,0.0,0.0,115.9284084370055,0.0,0.0,0.0,0.0,0.0,0.0,0.0,0.0,0.0,0.0,0.0,0.0,0.0,0.0,103.01669979778137,103.01669979778136,0.0,0.0,0.0,0.0,0.0,0.0,0.0,0.0,0.0,0.0,0.0,0.0,0.0,0.0,0.0,0.0,1000.0,0.0,0.0,215.58359355552656,-40.171365312248184,0.0,0.0,0.0,0.0,0.0,0.0,0.0,0.0,0.0,201.27518334289763,-1000.0,0.0,0.0,0.0,1000.0,-1000.0,0.0,0.0,0.0,0.0,0.0,0.0,0.0,965.6611000674062,0.0,1000.0,0.0,0.0,0.0,-491.12624651464046,491.12624651464046,301.6051873569547,0.0,0.0,0.0,0.0,0.0,0.0,0.0,0.0,0.0,0.0,0.0,0.0,0.0,0.0,0.0,0.0,0.0,0.0,0.0,0.0,-1000.0,1000.0,0.0,0.0,0.0,463.5963538362273,0.0,570.7425460963664,0.0,0.0,-1000.0,0.0,0.0,0.0,0.0,390.625,390.625,-390.625,0.0,0.0,0.0,0.0,0.0,0.0,0.0,103.01669979778137,213.61952532548486,0.0,0.0,-206.03339959556274,0.0,0.0,0.0,407.6958336655535,0.0,0.0,0.0,0.0,0.0,0.0,0.0,0.0,0.0,0.0,0.0,0.0,0.0,0.0,0.0,0.0,0.0,213.95265905058136,761.528129142661,0.0,0.0,0.0,0.0,0.0,309.94612821495883,0.0,0.0,0.0,0.0,0.0,0.0,0.0,0.0,0.0,0.0,0.0,0.0,0.0,58.3180271040789,0.0,-277.01305301873373,277.01305301873373,0.0,0.0,0.0,0.0,-215.58359355552656,0.0,0.0,0.0,0.0,0.0,-211.9284084370055,0.0,0.0,0.0,0.0,0.0,201.956042249276,-570.7425460963664,0.0,0.0,0.0,0.0,0.0,0.0,0.0,0.0,103.01669979778137,0.0,40.171365312248184,193.5834233575055,96.0,0.0,826.528129142661,276.938520690288,0.0,-213.95265905058136,213.95265905058136,0.0,97.79954822260646,0.0,0.0,0.0,1000.0,0.0,0.0,0.0,-34.33889993259379,0.0,0.0,0.0,0.0,0.0,-668.5420943189729,0.0,0.0,0.0,211.9284084370055,-211.9284084370055,0.0,0.0,0.0,0.0,0.0,0.0,0.0,0.0,0.0,0.0,0.0,0.0,0.0,0.0,0.0,-51.583423357505495,-1000.0,0.0,0.0,0.0,0.0,0.0,25.57063518778602,0.0,0.0,0.0,0.0,0.0,0.0,0.0,0.0,0.0,0.0,0.0,934.1117226981876,0.0,0.0,0.0,0.0,0.0,0.0,0.0,0.0,947.6095673209054,0.0,0.0,0.0,0.0,0.0,0.0,0.0,0.0,0.0,0.0,0.0,0.0,-491.1262465146405,0.0,0.0,0.0,0.0,0.0,211.9284084370055,0.0,0.0,0.0,0.0,0.0,0.0,0.0,0.0,0.0,0.0,0.0,0.0,590.7497919304487,0.0,265.76992982360935,0.0,0.0,0.0,0.0,0.0,0.0,0.0,0.0,0.0,771.3922091576349,-771.3922091576349,0.0,0.0,0.0,0.0,0.0,0.0,0.0,0.0,0.0,0.0,0.0,0.0,-1000.0,-1000.0,309.94612821495883,-399.7508305553307,184.16723699980417,0.0,1000.0,0.0,0.0,0.0,0.0,0.0,0.0,0.0,0.0,0.0,0.0,0.0,0.0,0.0,0.0,0.0,0.0,0.0,0.0,103.01669979778136,-942.0970310207317,521.8745366519643,0.0,0.0,0.0,0.0,0.0,0.0,0.0,132.13844815520025,0.0,0.0,0.0,0.0,0.0,0.0,0.0,558.0195156427872,0.0,0.0,0.0,0.0,0.0,0.0,0.0,0.0,211.9284084370055,0.0,0.0,-1000.0,0.0,0.0,0.0,0.0,0.0,0.0,0.0,0.0,0.0,0.0,0.0,0.0,0.0,0.0,0.0,0.0,0.0,0.0,0.0,0.0,0.0,0.0,213.95265905058136,0.0,0.0,0.0,211.9284084370055,0.0,570.7425460963664,0.0,0.0,0.0,0.0,0.0,0.0,0.0,0.0,0.0,0.0,0.0,0.0,0.0,0.0,0.0,0.0,0.0,0.0,0.0,0.0,0.0,0.0,0.0,0.0,0.0,0.0,-82.46948532438796,0.0,0.0,0.0,0.0,103.01669979778136,0.0,0.0,0.0,-309.94612821495883,0.0,0.0,0.0,277.01305301873373,0.0,0.0,0.0,0.0,0.0,0.0,0.0,0.0,971.0485155103659,0.0,0.0,0.0,0.0,0.0,8.222222222222223,0.0,0.0,0.0,-24.66666666666667,0.0,0.0,-367.6722332659273,0.0,0.0,0.0,0.0,0.0,0.0,-211.9284084370055,0.0,0.0,0.0,0.0,0.0,215.58359355552656,215.58359355552656,0.0,-118.59075411886408,44.698672693702456,0.0,0.0,0.0,0.0,0.0,0.0,58.3180271040789,58.3180271040789,0.0,367.6722332659273,-58.3180271040789,0.0,0.0,544.4611357519957,0.0,-173.87541037106314,0.0,0.0,0.0,0.0,127.97712388629789,96.0,0.0,-211.9284084370055,211.9284084370055,0.0,0.0,0.0,-215.5835935555266,0.0,0.0,0.0,0.0,0.0,-43.0,0.0,0.0,0.0,0.0,0.0,-215.58359355552656,0.0,333.33333333333326,0.0,247.73202555037355,0.0,21.5,0.0,0.0,0.0,0.0,0.0,0.0,0.0,0.0,0.0,-1000.0,0.0,0.0,0.0,0.0,0.0,0.0,0.0,0.0,0.0,-666.6666666666665,971.0485155103659,0.0,0.0,0.0,0.0,24.66666666666667,0.0,0.0,0.0,0.0,184.9190864176621,0.0,-43.0,0.0,0.0,0.0,0.0,0.0,0.0,0.0,255.95424777259578,0.0,0.0,-255.95424777259578,0.0,-44.698672693702456,-558.2693750838871,0.0,0.0,211.9284084370055,-96.0,0.0,0.0,0.0,0.0,0.0,0.0,0.0,1000.0,0.0,-544.4611357519957,666.6666666666667,-46.0,0.0,65.88827730181242,-31.0,0.0,-32.0,-93.0,-65.0,0.0,16.0,23.0,46.5,0.0,15.5,-211.9284084370055,-210.48972160544812,0.0,65.0,-210.48972160544812,-65.88827730181242,140.7359354286695,0.0,1496.5981,hclb
421,0.0,0.0,0.0,0.0,0.0,0.0,0.0,0.0,117.3350278491478,0.0,0.0,0.0,0.0,0.0,0.0,0.0,-538.3315535662937,875.9166973372253,0.0,0.0,0.0,0.0,0.0,654.4024756739625,0.0,0.0,0.0,0.0,0.0,0.0,23.957700149790913,-23.957700149790913,0.0,0.0,0.0,0.0,0.0,569.0519141225697,0.0,-1000.0,999.3133019675203,0.0,-754.3122607611284,0.0,0.0,0.0,0.0,235.42458038538564,0.0,0.0,0.0,0.0,0.0,0.002517892786043585,0.0,0.0,0.0,0.0,0.0,0.0,49.84261186130018,0.0,0.0,-124.24767593966263,1000.0,0.0,0.0,0.0,0.0,359.25060659740325,0.0,0.022889934415991242,0.0,0.0,0.0,0.0,0.0,0.0,0.0,0.0,0.0,0.0,-245.59651188642886,0.0,1.3733960649594743,0.0,0.0,-360.6012065474886,44.0162849603032,1000.0,0.0,0.0,0.0,0.0,0.6866980324797372,0.0,0.6866980324797372,0.0,0.0,0.0,0.0,284.4552796600223,0.0,0.0,0.0,-8.478166447979893,0.0,1000.0,0.0,0.0,0.0,0.0,0.0,0.0,0.0,0.0,0.0,0.0,0.0,0.0,0.0,0.0,0.0,0.0,-598.7857536462315,0.0,0.0,0.6866980324797372,0.0,0.7095879668957283,0.0,0.0,0.0,0.0,0.0,0.0,0.0,-921.875000000026,921.875000000026,-174.0902878009628,0.0,0.0,0.0,0.0,0.0,245.77276438143198,0.002288993441599124,0.000572248360399781,0.0,0.0,0.0,0.0,0.0,0.0,0.0,0.0,100.47700290725966,0.0,0.0,0.0,0.0,0.0,859.5723434766556,859.5723434766556,0.0,0.0,0.0,734.375,0.0,0.0,0.0,883.5323326198882,0.0,0.0,0.0,-204.09444439673956,0.0,0.0,0.0,0.0,0.0,0.0,0.0,0.0,0.0,0.0,-71.05374172350855,0.0,0.0,0.0,0.0,-332.4868107510582,0.0,0.0,0.0,0.0,0.0,0.0,754.3122607611284,-914.1670575132549,914.1670575132549,174.0902878009628,0.0,0.0,0.0,0.0,0.0,0.0,0.0,-830.2969747870807,0.0,0.0,0.0,0.0,0.0,0.0,0.0,0.0,0.0,0.0,0.0,0.0,0.0,207.01251862046416,-42.08440262336035,-215.98070719483474,0.0,0.0,0.0,0.0,77.98786396335393,0.0,0.0,0.0,0.0,49.84261186130018,-215.98070719483474,23.957700149790913,0.0,0.0,0.0,0.0,0.0,0.0,0.0,481.6556159977789,235.88237907370547,0.0,0.0,-203.8710817124297,0.0,-520.4560032996152,0.0,215.98070719483474,0.0,0.0,174.0902878009628,-997.207428001249,0.0,0.0,0.0,-62.25373834764207,0.0,0.0,328.0312500000018,0.0,0.0,328.03125000000193,0.0,0.0,-870.1507725529517,0.0,322.35084637145894,0.0,0.0,-245.6918600622552,0.0,0.0,0.0,-18.071353939741357,0.0,18.071353939741357,0.0,883.527754633005,0.0,0.0,0.0,734.375,0.0,0.0,49.84261186130018,-0.003433490162398686,0.0,0.0,0.0,0.0,0.002288993441599124,0.0,0.0,0.0,-401.9336550435172,-538.3315535662937,0.0,-378.5178004703917,-362.9371865194764,0.0,1000.0,0.0,693.8245348396892,0.0,-8.478166447979893,0.0,0.0,0.0,306.1754651603107,0.0,-1000.0,757.1997168412674,-1000.0,0.0,0.0,0.0,0.0,0.0,0.0,0.0,0.0,0.0,0.0,0.0,0.0,0.0,0.0,0.0,0.0,0.0,0.0,0.0,-569.0610700963355,0.0,0.0,457.6242102591671,0.0,0.0,0.0,-155.0274328952289,0.0,245.59651188642886,0.0,690.5453228352542,284.3408299879424,0.0,0.0,-865.0476087654613,-949.4847982463023,0.0,-302.4355883503549,999.8855503279201,0.0,0.0,0.0,614.3218291669382,0.0,949.4275734102623,-1000.0,-526.959535508709,0.0,-443.9639187273597,1000.0,453.5461039857979,0.6866980324797372,0.0,0.0,0.0,0.0,0.0,117.3373168425894,0.0,-207.01251862046416,207.01251862046416,207.01251862046416,-459.0193001493952,0.0,0.0,0.0,0.0,0.0,0.0,0.0,0.0,-74.40506407836246,0.0,0.0,0.0,0.0,0.0,0.0,0.0,-42.77110065584009,0.0045779868819408875,0.0,0.0,0.0,0.0,0.0,0.0,0.0,0.0,0.0,359.25060659740325,0.0,0.0,0.0,0.0,0.0,0.0,0.0,0.0,0.0,0.002517892786043585,0.002517892786043585,23.957700149790913,302.55471993214434,0.0,1.3733960649594743,0.0,0.0,0.0,-1000.0,0.0,0.0,0.0,0.0,0.0,-222.2822121406001,1000.0,0.0,0.0,561.0393717226241,0.0,0.0,0.0,0.0,0.0,0.0,0.0,0.0,0.0,0.0,199.59525121541049,401.9336550435172,0.0,108.44091493247197,0.17625249500312634,0.0,0.0,0.0,-252.07815176431674,0.0,-222.2822121406001,0.0,0.0,-265.0533127964402,578.1250000000018,-578.1250000000018,207.01251862046416,0.0,0.0,0.0,0.0,0.0,0.0,0.0,0.0,0.0,0.0,0.0,0.0,0.0,1.3733960649594743,174.0902878009628,174.0902878009628,0.0,0.0,0.0,0.0,0.0,0.0,0.0,0.0,0.0,0.0,0.022889934415991242,0.0,23.957700149790913,0.0,0.0,23.957700149790913,754.3122607611284,0.0,0.0,0.6866980324797372,-561.0393717226241,0.0,0.0,0.0,108.44091493247197,0.0,0.0,0.0,0.0,0.0,-620.8493393084283,769.3992379743559,0.0,0.6866980324797372,0.6866980324797372,894.553051918561,1000.0,0.0,0.0,0.0,0.0,0.0,0.0,0.0,-757.1997168412674,0.0,-694.9173660756054,0.002288993441599124,0.0,0.0,0.0,3.0229428386946644,25.65761774811962,0.0,0.0,0.0,0.0,0.0,0.0,0.0,0.0,0.0,0.0,0.0,0.0,0.0,0.0,0.0,0.0,0.002288993441599124,0.0,0.0,0.0,-73.8696158264471,73.8696158264471,0.0,0.0,0.0,0.0,0.0,979.1322191540316,0.0,0.0,-1000.0,-0.17167450811987786,-0.1144496720799562,0.0,0.0,0.0,0.0,0.0,0.0,0.0,0.0,0.0,0.0,0.0,0.0,174.0902878009628,0.0,0.0,0.0,9.696634930518144,0.0,0.0,0.0,117.3350278491478,0.0,0.0,0.002288993441599124,0.0,0.002288993441599124,0.0,0.0,0.0,1.3733960649594743,2.7925719987509314,2.7925719987509314,0.0,0.0,0.0,0.0,0.0,0.0,245.59651188642886,0.0,0.0,0.0,0.0,0.0,306.37254749563266,0.0,0.0,0.0,0.0,0.0,0.0,0.0,0.0,0.0,0.0,0.0,0.0,0.0,0.0,252.07815176431674,0.0,0.0,0.0,0.003433490162398686,0.0,0.0,0.0,-0.6866980324797372,0.0,0.0,0.0,0.0,0.0,-302.55471993214434,0.11444967207989976,0.0,0.0,0.0,-734.375,0.0,478.4919911051355,0.0,0.0,0.0,0.0,0.0,0.0,0.0,0.0,174.0902878009628,0.0,561.0393717226241,137.30985243816338,95.54220131168017,0.0,64.54220131168017,17.179451300139718,430.9389299036646,323.4645582099066,245.59651188642886,-1000.0,0.0,-1000.0,0.0,0.1144496720799562,1000.0,0.0,0.0,-23.957700149790913,-74.40506407836246,0.0,0.0,1000.0,-1000.0,0.0,-548.443247334191,0.0,0.0,0.0,373.78013616377274,-303.06974345650417,2.7925719987509314,0.0,159.41569763540392,159.41569763540392,-135.45799748561302,0.0,0.0,0.0,0.0,0.0,481.6556159977789,0.0,0.0,0.0,-362.27354943609794,0.0,-754.3122607611284,0.6866980324797372,0.0,0.0,0.0,0.0,-63.240535875571176,0.0,0.0,0.002517892786043585,0.0,0.0,0.0,1.3962859993754655,0.0,0.0,0.0,0.0,-42.08440262336035,0.0,0.0,0.0,0.0,0.0,0.0,0.0,0.0,42.790117585798725,0.0,0.00022889934415991353,0.00022889934415991353,0.0,0.0,0.0,0.0,0.0,0.0,0.0,0.0,0.0,0.0,23.957700149790913,0.0,0.0,0.0,0.0,302.55471993214434,0.0,0.0,0.0,0.0,0.0,0.0,0.0,0.0,0.0,0.0,0.0,0.0,0.0,0.0,875.9166973372253,0.0,0.0,0.0,1.3733960649594743,0.0,0.0,0.0,0.0,0.0,-1.3733960649594743,0.0,0.0,0.0,0.0,0.0,0.0,0.0,0.0,0.0,0.0,23.957700149790913,23.957700149790913,0.0,694.9173660756054,0.0,307.940508003128,0.0,-0.6866980324797372,0.0,569.0519141225697,0.0,0.0,0.0,0.0,0.0,0.0,0.0,0.0,0.0,0.0,0.0,0.0,0.0,0.0,0.0,0.0,0.0,-0.28612418019983404,174.0902878009628,-284.51250449606226,609.2706164440168,0.0,0.0,0.0,0.0,0.0,0.0,-0.028612418019989053,74.40506407836246,0.0,0.0,0.0,0.0,0.0,0.0,0.0,1000.0,0.6866980324797372,0.6866980324797372,0.0,0.0,0.0,0.0,0.0,0.002517892786043585,302.55471993214434,0.0,0.0,-569.0519141225697,0.0,0.0,0.0,0.0,0.0,0.0,0.0,0.0,0.0,0.0,0.0,0.0,0.0,0.0,0.0,0.0,0.0,0.0,0.0,2.40344311367908,245.77276438143198,0.0,0.0,0.0,0.0,0.0,302.55471993214434,0.0,-20.982230518048347,0.0,0.0,0.0,-0.28612418019983404,0.0,0.0,0.0,0.0,0.0,0.0,0.0,0.0,0.0,0.0,0.0,0.0,0.0,0.0,0.0,0.0,0.0,0.0,-0.002288993441599124,0.0,0.0,0.11444967207989976,222.2822121406001,0.0,0.0,0.0,0.0,174.0902878009628,0.0,0.0,0.0,-306.1754651603107,0.0572248360399781,0.0,0.0,0.0,0.002288993441599124,0.0,2.288993441599124,-0.7095879668957283,0.4577986883198248,0.01634995315427139,6.3862917020615555,-0.001716745081199343,142.28486466605113,0.045779868831982484,-0.011444967207413576,-6.3862917020615555,0.6866980324797372,-0.002288993441599124,2.826055482659964,0.0,0.000572248360399781,0.016349953154271395,-8.478166447979893,-0.36440775590392604,23.911920280958924,-337.5851437709316,-0.002288993441599124,0.000572248360399781,-6.3862917020615555,155.73840831284588,0.002288993441599124,0.002288993441599124,-302.5499130459167,0.0025178927857590376,-0.15715001176068633,-0.001716745081199343,0.6866980324797372,0.002288993441599124,0.6866980324797372,-1.144496720799562,-0.001144496720799562,-83.3635199995392,-78.21905230095544,-0.001716745081199343,-0.002288993441599124,-0.7095879668957283,0.002288993441599124,0.2288993441599124,-0.045779868831982484,252.07815176431674,252.07815176431674,-0.2288993441599132,337.5851437709316,-252.07815176431674,0.4577986883198248,0.003433490162398686,870.1496280562309,0.2288993441599124,-199.59525121541049,0.0,-0.4577986883198248,0.001144496720799562,0.022889934415991242,94.62945011759793,96.0,-0.002288993441599124,-303.06974345650417,302.5499130459167,0.7095879668957283,0.002288993441599124,0.36440775590392604,-158.2563010986049,0.0,-0.002288993441599124,-0.000572248360399781,0.0,-0.002288993441599124,-42.77110065584009,0.002288993441485437,-0.000572248360399781,-0.000572248360399781,-0.000572248360399781,0.9155973766396496,1.144496720799562,0.022889934415991242,334.46390534402633,-0.000572248360399781,186.43284475253589,0.1144496720799562,21.5,0.002288993441599124,0.001144496720799562,0.001144496720799562,0.2288993441599124,0.7095879668957283,0.002288993441599124,-0.7095879668957283,0.022889934415991242,0.002288993441599124,-1000.0,0.002288993441599124,0.009155973765814451,0.011444967207413576,0.001144496720799562,0.000572248360399781,0.6866980324797372,-0.002288993441599124,0.15715001176068633,-11.955960140479462,-668.9278106880527,142.22763983001116,-0.2288993441599124,0.4577986883198248,0.1144496720799562,-0.002288993441599124,8.478166447979893,0.003433490162398686,-0.002288993441599124,-0.4577986883198248,0.7095879668957283,523.5221387206334,0.001144496720799562,-43.0,-0.002288993441599124,-0.002288993441485437,-0.002288993441599124,0.001144496720799562,6.3862917020615555,-0.4577986883198248,0.002288993441599124,189.25890023519585,-0.000572248360399781,-0.0025178927857590376,-189.25890023519585,0.3433490162398685,78.21905230095544,-591.9093453838353,6.3862917020615555,-0.001716745081199343,303.06974345650417,-96.0,0.002288993441599124,-0.000572248360399781,690.6597725073341,2.288993441599124,-0.001144496720799562,-0.002288993441599124,0.000572248360399781,1000.0,0.0,-1000.0,665.5360946559737,-46.0,0.0,-108.0,17.128864545080102,155.50950896868596,-32.0,441.38205016093565,-65.0,-129.8492274470483,16.0,23.0,-220.69102508046782,-155.50950896868596,-8.564432272540051,-302.55471993214434,-460.2816028450622,129.8492274470483,65.0,-460.2816028450622,108.0,25.01370087722249,0.0,1496.5981,hclb
422,0.0,0.0,0.0,0.0,0.0,0.0,0.0,0.0,265.0766467024219,0.0,0.0,0.0,0.0,0.0,0.0,0.0,-456.3105302087949,1000.0,0.0,238.68733014260104,0.0,0.0,0.0,960.6635400006463,0.0,676.018836236358,0.0,0.0,0.0,663.6021918415416,0.0,0.0,30.342408649027654,0.0,0.0,0.0,0.0,13.618898373484736,0.0,-1000.0,1000.0,0.0,0.0,-113.76624052734041,0.0,0.0,0.0,0.0,0.0,-645.5544689032004,0.0,-673.9337302749888,0.0,0.03273079122465106,0.0,0.0,0.0,5.951052949977864,0.0,0.0,-196.23942562473997,0.0,0.0,-202.18634219627768,0.0,0.0,0.0,0.0,5.457868767608456,0.0,0.0,0.2975526474988932,0.0,0.0,0.0,0.0,0.0,0.0,0.0,0.0,0.0,0.0,0.0,0.0,17.853158849933607,0.0,192.54841318128567,173.7316261162945,391.0219737513178,0.0,-0.007438816187459452,0.0,0.0,0.0,8.926579424966796,0.0,8.926579424966798,-0.958119524943795,0.0,0.0,0.0,1.487763237494466,-79.38395697441858,0.0,0.0,0.0,0.0,0.0,0.0,0.0,0.0,0.0,0.0,0.0,0.0,0.0,0.0,0.0,0.0,0.0,0.0,0.0,0.0,0.0,-1000.0,0.0,0.0,8.926579424966798,0.0,9.224132072465691,0.0,0.0,-974.3881337217323,952.9602694716102,21.427864250122067,-21.427864250122067,-945.3579381780769,0.0,0.0,939.4110216065392,0.0,0.0,0.0,0.0,0.0,194.83956856702716,0.02975526474988932,0.0,0.0,0.0,0.0,0.0,0.0,0.0,0.0,0.0,-437.28510090999674,0.0,0.0,0.0,0.0,0.0,327.3255915720865,327.3255915720865,0.0,0.0,0.0,828.125,133.51292325810743,0.0,0.0,327.3553468368364,0.0,0.0,0.0,955.1848334265062,0.0,0.0,0.0,0.0,0.0,0.0,0.0,0.0,0.0,0.0,-3.0634326547705646,0.0,0.0,0.0,0.0,-1000.0,0.0,0.0,0.0,0.0,0.0,645.5544689032004,673.9337302749888,-391.0219737513178,391.0219737513178,5.94691657153771,0.0,0.0,0.0,0.0,0.0,0.0,742.9861488159602,-944.6704610437141,0.0,0.0,0.0,0.0,0.0,0.0,0.0,0.0,0.0,0.0,0.0,0.0,0.0,333.15355480261496,-31.09789410004427,-881.2253919077355,0.0,0.0,0.0,0.0,81.99471826026118,0.0,0.0,0.0,0.0,-196.23942562473997,-767.459151380395,0.0,0.0,47.66812966852516,0.0,0.0,0.0,0.0,0.0,0.0,0.0,0.0,0.0,-782.0439475026355,0.0,456.64338263996547,0.0,881.2253919077355,0.0,0.0,5.94691657153771,36.30142299486498,0.0,0.0,0.0,-144.6286626128349,0.0,0.0,720.3477547501544,0.0,605.9590714361417,114.38868331401272,605.9590714361417,0.0,0.0,0.0,0.0,645.5544689032004,0.0,-4.924446179607671,0.0,0.0,0.0,-408.6443086095404,0.0,408.6443086095404,0.0,-229.3307730060826,0.0,0.0,-499.4319301967921,828.125,0.0,0.0,-196.23942562473997,-0.04463289712483398,0.0,0.0,0.0,0.0,0.02975526474988932,0.0,0.0,0.0,903.1317857432343,-456.3105302087949,0.0,0.0,172.1170858853165,0.0,934.8776323749447,0.0,-1000.0,0.0,0.0,0.0,0.0,0.0,680.4665580454962,319.5334419545038,0.0,-1000.0,-1000.0,0.0,0.0,0.0,0.0,0.0,0.0,0.0,0.0,0.0,0.0,0.0,0.0,0.0,0.0,0.0,0.0,47.66812966852516,-1000.0,0.0,-1000.0,0.0,0.0,0.0,0.0,0.0,0.0,-194.83956856702716,0.0,0.0,0.0,0.0,0.0,0.0,0.0,0.0,163.40258978748466,-324.99131072211225,852.2278579212867,-1.487763237494466,0.0,-723.0939503261874,0.0,-1.4877632374944663,205.17795719161154,-164.14647140623188,0.0,-721.4105512662147,0.0,0.0,0.0,717.2092623530651,8.926579424966798,0.0,0.0,0.0,0.0,0.0,265.1064019671718,0.0,-333.15355480261496,333.15355480261496,333.15355480261496,87.04894705002214,0.0,0.0,-21.01863023043768,0.0,0.0,742.9861488159602,0.0,0.0,-13.328941458446325,0.0,0.0,74.04894705002214,0.0,0.0,0.0,0.0,-40.02447352501107,0.059510529499798515,0.0,0.0,0.0,0.0,0.0,0.0,0.0,0.0,0.0,0.0,0.0,0.0,0.0,0.0,0.0,0.0,0.0,0.0,0.0,0.03273079122465106,0.03273079122465106,0.0,397.8863012085295,0.0,17.853158849933607,0.0,0.0,0.0,1000.0,0.0,0.0,192.54841318128567,0.0,0.0,227.14203358641225,-1000.0,0.0,0.0,223.7839727570156,0.0,0.0,74.04894705002214,0.0,0.0,0.0,0.0,0.0,0.0,0.0,333.3333333333333,-903.1317857432343,0.0,0.0,194.83956856702716,0.0,171.18781315947035,-171.18781315947035,-259.1294479912692,0.0,167.61104937899836,0.0,187.11756006140104,0.0,0.0,0.0,333.15355480261496,0.0,0.0,0.0,0.0,0.0,0.0,0.0,0.0,0.0,0.0,0.0,0.0,0.0,17.853158849933596,5.946916571537713,5.94691657153771,0.0,0.0,0.0,0.0,0.0,0.0,0.0,0.0,0.0,0.0,0.2975526474988932,0.0,0.0,192.54841318128567,-192.54841318128567,0.0,673.9337302749888,0.0,0.0,8.926579424966798,-223.7839727570156,0.0,0.0,0.0,0.0,0.0,0.0,0.0,0.0,0.0,1000.0,982.3339049319713,0.0,8.926579424966798,8.926579424966796,1000.0,-1000.0,0.0,74.04894705002214,0.0,0.0,0.0,0.0,0.0,79.38395697441858,742.9861488159602,140.69079991634737,0.02975526474988932,0.0,0.0,0.0,39.296077854335984,0.0,0.0,0.0,0.0,0.0,0.0,0.0,0.0,0.0,4.579306477493362,0.0,0.0,0.0,0.0,0.0,0.0,0.0,0.02975526474988932,0.0,0.0,0.0,1000.0,-1000.0,0.0,0.0,0.0,0.0,0.0,-194.83956856702716,0.0,0.0,0.0,-2.2316448562416995,0.0,-1.487763237494466,0.0,0.0,0.0,0.0,0.0,0.0,0.0,0.0,0.0,0.0,0.0,5.946916571537713,0.0,0.0,0.0,718.6970255905596,0.0,0.0,0.0,265.0766467024219,0.0,0.0,0.02975526474988932,0.0,0.02975526474988932,13.737919432480087,5.457868767608456,0.0,17.853158849933607,36.30142299486498,36.30142299486498,0.0,0.0,0.0,0.0,0.0,0.0,0.0,0.0,0.0,742.9861488159602,0.0,0.0,0.0,683.0284863404614,0.0,0.0,0.0,0.0,0.0,0.0,0.0,0.0,0.0,0.0,0.0,0.0,0.0,87.9416348317989,0.0,-656.8230480362694,656.8230480362694,0.04463289712483398,0.0,0.0,0.0,-8.926579424966798,0.0,0.0,0.0,0.0,0.0,-397.8863012085295,1.487763237494466,0.0,0.0,0.0,-828.125,-133.51292325810743,194.83956856702716,-1.487763237494466,0.0,0.0,0.0,0.0,0.0,0.0,0.0,5.946916571537713,0.0,223.7839727570156,0.0,64.73274640591455,0.0,59.048947050022136,0.0,0.0,0.0,0.0,0.0,0.0,0.0,0.0,1.487763237494466,1000.0,0.0,0.0,0.0,-398.42576782101764,109.37499999999837,-109.37499999999837,0.0,0.0,0.0,0.0,0.0,0.0,0.0,317.8033014580674,-319.20315851578016,36.30142299486498,0.0,0.0,0.0,0.0,0.0,0.0,0.0,0.0,0.0,0.0,0.0,0.0,85.37807726147426,-39.296077854335984,-1000.0,0.0,8.926579424966798,192.54841318128567,0.0,0.0,0.0,-395.9513811723748,0.0,0.0,0.03273079122465106,0.0,0.0,0.0,18.15071149743249,0.0,0.0,0.0,0.0,-31.09789410004427,0.0,0.0,0.0,0.0,0.0,0.0,0.0,0.0,-1000.0,0.0,0.002975526474988932,0.002975526474988932,0.0,0.0,0.0,0.0,0.0,13.737919432480087,0.0,0.0,0.0,0.0,0.0,0.0,0.0,0.0,0.0,397.8863012085295,0.0,0.0,0.0,0.0,0.0,0.0,0.0,645.5544689032004,0.0,0.0,0.0,385.09682636257133,0.0,0.0,1000.0,0.0,0.0,0.0,17.853158849933607,0.0,0.0,0.0,0.0,0.0,982.1468411500664,-1000.0,0.0,385.09682636257133,0.0,0.0,0.0,0.0,0.0,0.0,0.0,0.0,0.0,0.0,-140.69079991634737,-1000.0,703.4108426941356,-8.926579424966798,0.0,0.0,-0.11902105899534998,0.0,0.0,0.0,0.0,0.0,0.0,0.0,0.0,0.0,648.4374999999999,0.0,-648.4375,-648.4374999999999,0.0,0.0,0.0,0.0,-3.7194080937361655,5.94691657153771,-2.2316448562416995,1000.0,0.0,0.0,0.0,0.0,0.0,-0.3719408093736547,0.0,13.328941458446325,0.0,0.0,0.0,0.0,0.0,0.0,0.0,1000.0,8.926579424966796,8.926579424966798,0.0,0.0,0.0,0.0,0.0,0.03273079122465106,397.8863012085295,0.0,0.0,-13.618898373484736,0.0,0.0,0.0,0.0,0.0,0.0,0.0,0.0,0.0,0.0,0.0,0.0,0.0,0.0,0.0,0.0,0.0,0.0,0.0,31.243027987383794,194.83956856702716,0.0,0.0,0.0,0.0,0.0,397.8863012085295,0.0,-195.79768809197094,0.0,0.0,0.0,-3.7194080937361655,0.0,0.0,0.0,0.0,0.0,0.0,0.0,0.0,0.0,0.0,0.0,0.0,0.0,0.0,0.0,0.0,0.0,0.0,-0.02975526474988932,0.0,0.0,1.487763237494466,-227.14203358641225,0.0,0.0,0.0,0.0,5.94691657153771,0.0,0.0,0.0,-680.4665580454962,0.7438816187472335,0.0,0.0,676.018836236358,0.02975526474988932,0.0,29.75526474988932,-9.224132072465691,5.951052949977864,0.2125376053563523,83.01718865219122,-0.02231644856241699,1.4877632374944663,0.5951052949977864,13.589143108734847,-83.01718865219122,8.926579424966796,-0.029755264749889317,0.0,74.04894705002214,0.00743881618747233,0.2125376053563523,0.0,-197.28545132946542,-0.5951052949977864,-782.3767999338061,-0.029755264749889317,0.00743881618747233,-83.01718865219122,2.975526474988932,0.029755264749889317,0.02975526474988932,-397.82381515255497,-192.5156823900608,-70.36688217403872,-0.02231644856241699,8.926579424966798,0.029755264749889317,8.926579424966798,-14.877632374944662,-0.01487763237494466,507.65198308403546,-85.0,-0.02231644856241699,-0.029755264749889317,-9.224132072465691,0.02975526474988932,2.975526474988932,-0.5951052949977864,87.9416348317989,87.9416348317989,-2.975526474988932,782.3767999338061,-87.9416348317989,5.951052949977863,0.04463289712483398,-964.747947878674,2.975526474988932,-333.3333333333333,74.04894705002214,-5.951052949977864,0.01487763237494466,0.2975526474988932,0.0,70.68379935589242,-0.02975526474988932,-404.5812357772544,397.82381515255497,9.224132072465691,0.029755264749889317,197.28545132946542,38.342629350155185,74.04894705002214,-0.02975526474988932,-0.00743881618747233,-74.04894705002214,-0.029755264749889317,-40.02447352501107,0.029755264749837806,-0.00743881618747233,-0.00743881618747233,-0.00743881618747233,11.902105899955728,14.877632374944662,0.2975526474988932,184.889323969927,-0.00743881618747233,0.0,1.487763237494466,21.5,0.02975526474988932,0.01487763237494466,0.014877632374944659,40.0,9.224132072465691,0.02975526474988932,-9.224132072465691,0.2975526474988932,0.029755264749889317,-510.5781083666428,0.029755264749889317,0.11902105899534998,-13.589143108734847,0.01487763237494466,0.00743881618747233,8.926579424966798,-0.029755264749889317,70.36688217403872,0.2975526474988932,-369.778647939854,0.7438816187472332,-2.975526474988932,5.951052949977864,1.487763237494466,-0.029755264749889317,0.0,0.04463289712483398,-0.029755264749889317,-80.0,9.224132072465691,416.77648308475653,0.014877632374944659,-43.0,-0.029755264749889317,-0.029755264749837806,-0.029755264749889317,0.014877632374944659,83.01718865219122,-5.951052949977864,0.02975526474988932,0.0,-0.00743881618747233,192.5156823900608,0.0,4.463289712483398,85.0,550.3238496836741,83.01718865219122,-0.02231644856241699,404.5812357772544,-70.68379935589242,0.029755264749889317,-0.0074388161874723285,1.487763237494466,29.75526474988932,-0.01487763237494466,-0.029755264749889317,0.00743881618747233,0.0,0.0,964.7330702462991,325.68878439671585,35.3271281616368,0.0,1000.0,-31.0,0.0,-32.0,-93.0,-65.0,0.0,16.0,-17.6635640808184,46.5,0.0,15.5,-397.8863012085295,-20.82510191238172,0.0,65.0,-20.82510191238172,-1000.0,479.34092208742794,0.0,1496.5981,hclb
423,0.0,0.0,0.0,0.0,0.0,0.0,0.0,0.0,-0.009418239367608635,0.0,0.0,0.0,0.0,0.0,0.0,0.0,161.22962412640982,253.55852729265564,0.0,0.0,0.0,0.0,0.0,374.70524384413807,0.0,0.0,0.0,0.0,0.0,560.5150847482666,0.0,0.0,30.791856909975913,0.0,0.0,0.0,0.0,999.9623270425295,0.0,-1000.0,1000.0,0.0,0.0,-12.003508677596642,0.0,0.0,0.0,0.0,262.7667276871663,-870.8381437950395,0.0,0.0,0.0,0.010360063304305443,0.0,0.0,0.0,0.0,0.0,0.0,189.13409510774332,0.0,0.0,-380.7564890564091,0.0,0.0,0.0,0.0,0.0,308.2194966919494,0.0,0.09418239367608634,0.0,0.0,0.0,0.0,0.0,0.0,0.0,0.0,0.0,0.0,902.3423117828014,0.0,5.65094362056518,0.0,0.0,-343.3744760708455,0.0,-80.60774838367921,569.3672768772637,0.0,0.0,-10.358880190737409,2.82547181028259,0.0,2.82547181028259,0.0,0.0,0.0,902.3423117828014,511.733876635976,560.5150847482666,0.0,0.0,0.0,0.0,594.9009237879588,0.0,0.0,0.0,0.0,0.0,0.0,0.0,0.0,0.0,0.0,0.0,0.0,0.0,0.0,0.0,0.0,-303.21662177299356,0.0,0.0,2.82547181028259,0.0,2.919654203958676,2.919654203958676,0.0,0.0,0.0,0.0,0.0,273.16867057108897,0.0,0.0,-843.0592547352414,0.0,0.0,0.0,0.0,0.0,-901.6171073514955,0.009418239367608633,569.3696314371057,0.0,0.0,372.3785672323878,-1000.0,0.0,0.0,256.4285931395757,0.0,189.44377406379724,0.0,0.0,0.0,0.0,0.0,-134.41606256730495,-134.41606256730495,0.0,0.0,0.0,0.0,-1000.0,0.0,0.0,-134.40664432793733,0.0,0.0,0.0,-1000.0,-915.6807534670806,0.0,0.0,0.0,0.0,0.0,0.0,0.0,0.0,0.0,-545.661584108602,0.0,0.0,0.0,0.0,-484.4592915693361,0.0,0.0,0.0,0.0,0.0,870.8381437950395,0.0,80.60774838367921,-80.60774838367921,569.8905841641524,0.0,0.0,0.0,0.0,0.0,0.0,0.0,989.6411198092626,0.0,0.0,0.0,0.0,0.0,0.0,0.0,0.0,0.0,0.0,0.0,0.0,0.0,251.48035062142907,588.3887285146557,-984.5114365618427,0.0,0.0,0.0,0.0,-569.8905841641524,0.0,0.0,0.0,0.0,189.13409510774332,-972.5079278842461,0.0,0.0,0.0,0.0,0.0,0.0,0.0,0.0,0.3032673076370669,1.8836478735217268,0.0,0.0,80.60774838367921,0.0,0.0,0.0,984.5114365618427,0.0,0.0,569.8905841641524,216.62616722349713,0.0,0.0,0.0,244.50634228520335,0.0,0.0,-1000.0,-1000.0,0.0,0.0,0.0,1000.0,80.60774838367921,0.0,414.7740240600141,870.8381437950395,0.0,32.11619624354544,0.0,0.0,0.0,0.0,0.0,0.0,0.0,-118.02333304556817,0.0,0.0,0.0,0.0,0.0,0.0,189.13409510774332,-0.01412735905141295,0.0,0.0,0.0,0.0,0.009418239367608633,0.0,0.0,0.0,481.3305524514165,161.22962412640982,0.0,-587.9356700801483,811.9610709076794,915.6807534670806,924.7091196838043,0.0,511.27119449102315,0.0,0.0,0.0,0.0,0.0,336.52341178529997,152.20539372367693,-1000.0,-1000.0,-1000.0,0.0,0.0,0.0,0.0,0.0,0.0,0.0,0.0,0.0,0.0,0.0,0.0,0.0,0.0,0.0,0.0,0.0,0.0,0.0,-1000.0,0.0,0.0,0.0,1000.0,0.0,0.0,901.3138400438585,0.0,0.0,0.0,23.368109308824508,511.2629646675956,0.0,0.0,0.0,0.0,-152.20539372367693,0.0,206.91452600860978,626.6159091878395,0.0,0.0,-756.1023943021783,1000.0,-0.23545598419021585,-207.3854379769902,-424.1670741875736,0.0,-837.683527225301,0.0,0.0,2.82547181028259,0.0,0.0,0.0,0.0,0.0,0.0,0.0,-251.48035062142907,251.48035062142907,251.48035062142907,91.11635212647828,0.0,0.0,-16.40214776110438,0.0,0.0,0.0,0.0,0.0,-191.62239394866572,0.0,0.0,78.11635212647828,0.0,0.0,0.0,0.0,-42.05817606323914,0.01883647873516202,0.0,0.0,0.0,0.0,0.0,0.0,0.0,0.0,0.0,308.2194966919494,0.0,0.0,0.0,0.0,0.0,0.0,0.0,0.0,0.0,0.010360063304305443,0.010360063304305443,0.0,345.59670274790733,0.0,5.65094362056518,0.0,82.81232775250336,0.0,1000.0,0.0,0.0,0.0,0.0,0.0,464.65192181380417,-1000.0,0.0,0.0,0.0,0.0,0.0,78.11635212647828,0.0,0.0,0.0,0.0,0.0,0.0,0.0,101.07220725766452,-481.3305524514165,627.6214327676122,0.0,0.7252044313058643,0.0,-10.358880190737409,0.0,0.0,0.0,464.65192181380417,0.0,1000.0,-577.4062542494349,709.2448051579884,-709.2448051579884,251.48035062142907,0.0,0.0,0.0,0.0,0.0,0.0,0.0,0.0,0.0,0.0,0.0,0.0,0.0,5.65094362056518,569.8905841641524,569.8905841641524,0.0,0.0,0.0,0.0,0.0,0.0,0.0,0.0,0.0,0.0,0.09418239367608634,0.0,0.0,0.0,0.0,0.0,0.0,0.0,0.0,2.82547181028259,0.0,0.0,0.0,0.0,0.0,0.0,0.0,0.0,0.0,0.0,0.0,1000.0,0.0,2.82547181028259,2.82547181028259,-300.0806148361233,-1000.0,0.0,78.11635212647828,0.0,0.0,0.0,0.0,0.0,-560.5150847482666,0.0,65.9344447536646,0.009418239367608633,0.0,0.0,-271.5783399845509,272.33785371641017,0.0,0.0,10.358880190737409,0.0,0.0,0.0,0.0,0.0,0.0,0.0,0.0,0.0,0.0,0.0,0.0,0.0,0.0,0.009418239367608633,0.0,0.0,0.0,0.0,0.0,0.0,0.0,0.0,0.0,0.0,901.3138400438585,-256.4285931395757,0.0,-1000.0,-0.7063679525706476,-0.47091196838039195,0.0,0.0,-203.125,-203.125,203.125,0.0,0.0,0.0,0.0,0.0,0.0,0.0,569.8905841641524,915.6807534670806,0.0,0.0,-837.2126152569206,0.0,0.0,0.0,-0.009418239367608633,0.0,0.0,0.009418239367608633,0.0,0.009418239367608633,0.0,0.0,0.0,5.65094362056518,11.490252028482534,11.490252028482534,0.0,0.0,0.0,0.0,0.0,0.0,0.0,627.6214327676122,0.0,0.0,0.0,0.0,0.0,337.334322194851,0.0,0.0,0.0,0.0,0.0,0.0,0.0,0.0,0.0,0.0,0.0,0.0,0.0,0.0,0.0,0.0,0.0,0.01412735905141295,0.0,0.0,0.0,-2.82547181028259,0.0,0.0,0.0,0.0,0.0,-345.59670274790733,0.4709119683804317,0.0,0.0,0.0,0.0,1000.0,-0.47091196838039195,0.0,0.0,0.0,0.0,0.0,0.0,0.0,0.0,569.8905841641524,0.0,0.0,648.0069362906306,94.11635212647828,0.0,690.7377848940905,0.0,0.0,900.8429280754781,0.0,-900.8429280754781,256.4285931395757,205.1359151950146,82.81232775250336,0.47091196838039195,957.5557624659351,0.0,0.0,0.0,-191.62239394866572,0.0,0.0,0.0,0.0,0.0,0.0,0.0,0.0,0.0,544.2488482034606,0.0,11.490252028482534,0.0,0.0,0.0,0.0,0.0,0.0,0.0,0.0,0.0,0.3032673076370669,0.0,0.0,347.7158066056194,-308.97901042380863,-525.3049087548608,0.0,2.82547181028259,0.0,0.0,0.0,0.0,7.8702623333857105,0.0,0.0,0.010360063304305443,0.0,0.0,0.0,5.745126014241267,0.0,0.0,0.0,0.0,588.3887285146557,0.0,0.0,0.0,0.0,0.0,0.0,0.0,0.0,-1000.0,0.0,0.0009418239367608634,0.0009418239367608634,0.0,0.0,0.0,0.0,0.0,0.0,0.0,0.0,0.0,-271.5783399845509,0.0,0.0,0.0,0.0,0.0,345.59670274790733,0.0,0.0,0.0,0.0,0.0,0.0,0.0,870.8381437950395,0.0,0.0,0.0,0.0,0.0,1000.0,253.55852729265564,0.0,0.0,0.0,5.65094362056518,0.0,0.0,0.0,0.0,0.0,-5.65094362056518,0.0,0.0,0.0,0.0,0.0,0.0,0.0,0.0,0.0,0.0,0.0,0.0,0.0,-65.9344447536646,-1000.0,343.7858161616629,630.9656311311446,-633.7911029414272,0.0,999.9623270425295,0.0,0.0,0.0,0.0,0.0,0.0,0.0,0.0,0.0,601.5625,0.0,-601.5625,-601.5625,0.0,0.0,0.0,82.81232775250336,-1.1772799209510394,569.8905841641524,-511.96933262016626,336.6279542422802,0.0,0.0,0.0,0.0,0.0,-106.85591418616025,106.73818619406514,448.0509870882414,0.0,0.0,0.0,0.0,0.0,0.0,0.0,1000.0,2.82547181028259,2.82547181028259,0.0,0.0,0.0,0.0,0.0,0.010360063304305443,345.59670274790733,0.0,0.0,-999.9623270425295,0.0,0.0,0.0,0.0,0.0,0.0,0.0,0.0,0.0,0.0,0.0,0.0,0.0,0.0,0.0,0.0,0.0,2.919654203958676,0.0,9.889151335989066,0.0,0.0,0.7252044313058643,0.0,0.0,0.0,345.59670274790733,0.0,0.0,0.0,0.0,0.0,-1.1772799209510394,0.0,0.0,0.0,0.0,0.0,0.0,0.0,0.0,0.0,0.0,0.0,0.0,0.0,0.0,0.0,0.0,0.0,0.0,-0.009418239367608633,0.0,0.0,0.4709119683804317,-464.65192181380417,0.0,0.0,0.0,0.0,569.8905841641524,0.0,0.0,0.0,-336.52341178529997,0.23545598419021585,0.0,0.0,0.0,0.009418239367608633,0.0,9.418239367608633,0.0,1.8836478735217268,0.06727313834006167,32.11619624354544,-0.007063679525706475,756.1023943021783,0.18836478735217269,-0.04709119683809604,-32.11619624354544,2.82547181028259,-0.009418239367608635,0.0,78.11635212647828,0.0023545598419021582,0.06727313834006167,0.0,-1.499383707323318,-0.18836478735217269,-414.78815141906546,-0.009418239367608635,0.0023545598419021587,-32.11619624354544,0.9418239367608634,0.009418239367608635,0.009418239367608633,-345.5769244452354,0.010360063304369498,-72.85003297321504,-0.007063679525706475,2.82547181028259,0.009418239367608635,2.82547181028259,-4.7091196838043174,-0.004709119683804317,-116.5937410905822,568.9393419880239,-0.0070636795257064755,-0.009418239367608635,0.0,0.009418239367608633,0.9418239367608634,-0.18836478735217269,0.0,0.0,-0.9418239367608634,414.78815141906546,0.0,1.8836478735217268,0.01412735905141295,-1000.0,0.9418239367608634,-101.07220725766452,78.11635212647828,-1.8836478735217268,0.0047091196838043164,0.09418239367608634,146.98391752003707,96.0,-0.009418239367608633,-347.7158066056194,345.5769244452354,2.919654203958676,0.009418239367608635,1.499383707323318,66.81446488534775,78.11635212647828,-0.009418239367608633,-0.0023545598419021582,-78.11635212647828,-0.009418239367608635,-42.05817606323914,0.009418239367619208,-0.0023545598419021587,-0.0023545598419021587,-0.0023545598419021587,3.7672957470434536,4.7091196838043174,0.09418239367608634,6.977738091475203,-0.0023545598419021587,293.96783504007414,0.4709119683804317,21.5,0.009418239367608633,0.0047091196838043164,0.004709119683804317,40.0,0.0,0.009418239367608633,0.0,0.09418239367608634,0.009418239367608635,-6.977738091475203,0.009418239367608635,0.03767295747050883,0.04709119683809604,0.004709119683804317,0.0023545598419021587,2.82547181028259,-0.009418239367608635,72.85003297321504,0.09418239367608634,-13.955476182950406,755.866938317988,-0.9418239367608634,1.8836478735217268,0.4709119683804317,-0.009418239367608635,0.0,0.01412735905141295,-0.009418239367608635,-80.0,0.0,268.37173554157886,0.004709119683804317,-43.0,-0.009418239367608635,-0.009418239367619208,-0.009418239367608635,0.004709119683804317,32.11619624354544,-1.8836478735217268,0.009418239367608633,293.96783504007414,-0.0023545598419021587,-0.010360063304369498,-293.96783504007414,1.4127359051412949,-568.9393419880239,643.0864110002193,32.11619624354544,-0.0070636795257064755,347.7158066056194,-96.0,0.009418239367608635,-0.002354559841902159,23.8390212772049,9.418239367608633,-0.0047091196838043164,-0.009418239367608635,0.0023545598419021587,291.16875778488975,0.0,999.9952908803162,0.0,-46.0,0.0,-108.0,-31.0,0.0,-32.0,-93.0,-65.0,0.0,16.0,23.0,46.5,0.0,15.5,-345.59670274790733,-276.24199787496457,0.0,65.0,-276.24199787496457,108.0,-87.87814441105431,0.0,1496.5981,hclb
424,0.0,0.0,0.0,0.0,0.0,0.0,0.0,0.0,372.9557705109246,0.0,0.0,0.0,0.0,0.0,0.0,0.0,637.8245257983231,424.7887308751362,0.0,-855.2075116957842,0.0,0.0,0.0,802.3222650873074,0.0,0.0,0.0,0.0,0.0,911.3606404251973,0.0,0.0,29.95493320382023,0.0,0.0,0.0,0.0,-0.18915236129958668,0.0,-1000.0,1000.0,0.0,0.0,-549.1851662235204,0.0,0.0,0.0,21.359407435834854,-1000.0,0.0,0.0,0.0,0.0,0.05201689935711329,0.0,0.0,0.0,30.817025500812548,0.0,0.0,-193.37767123248253,0.0,193.37767123248253,0.0,0.0,0.0,0.0,0.0,0.0,0.0,0.0,0.47288090324888477,0.0,0.0,0.0,0.0,0.0,0.0,0.0,0.0,0.0,0.0,0.0,0.0,28.372854194933083,0.0,189.2131667445376,-29.863989914928656,599.4452090942807,-723.6414420878828,-0.011822022581222117,0.0,0.0,0.0,14.186427097466542,0.0,16.10126968511002,-1.5226765084606773,0.0,0.0,0.0,272.7816352631179,911.3606404251973,0.0,0.0,0.0,321.6286242755085,0.0,0.0,0.0,0.0,0.0,0.0,0.0,0.0,0.0,0.0,0.0,0.0,0.0,0.0,0.0,0.0,0.0,-401.4306848909812,0.0,0.0,16.10126968511002,0.0,14.659308000715427,0.0,0.0,-115.20641817516758,115.20641817516758,0.0,0.0,0.0,0.0,0.0,0.0,0.0,0.0,0.0,0.0,0.0,192.854349699554,0.047288090324888475,0.0,0.0,0.0,-1000.0,-75.24997402322248,0.0,0.0,0.0,0.0,166.44651478920977,0.0,0.0,0.0,0.0,0.0,140.18509853375434,140.18509853375434,0.0,0.0,0.0,0.0,222.22112012667384,0.0,0.0,140.23238662407923,0.0,0.0,0.0,869.7658244402052,0.0,0.0,0.0,0.0,0.0,0.0,0.0,0.0,0.0,0.0,-6.569892015804716,0.0,0.0,0.0,0.0,-1000.0,0.0,0.0,0.0,0.0,0.0,0.0,0.0,400.5547909057193,-400.5547909057193,0.0,0.0,0.0,0.0,0.0,0.0,0.0,0.0,-196.74727960787493,0.0,0.0,0.0,0.0,0.0,0.0,0.0,0.0,0.0,0.0,0.0,0.0,0.0,79.77912486574827,731.4514284653128,-549.1851662235204,0.0,0.0,0.0,0.0,80.22390287718628,0.0,0.0,0.0,0.0,-193.37767123248253,0.0,0.0,0.0,0.0,0.0,0.0,0.0,0.0,0.0,0.0,0.0,1.9148425876434771,0.0,-232.57661562445833,-33.68619743589693,-629.3091990092094,0.0,549.1851662235204,0.0,0.0,0.0,0.0,0.0,0.0,0.0,-99.37243474217871,0.0,0.0,-640.6562499999989,-1000.0,0.0,359.3437500000012,0.0,1000.0,1000.0,0.0,1000.0,0.0,0.0,51.70986912925258,0.0,0.0,0.0,-481.0130535201593,0.0,481.0130535201593,0.0,-382.85099898149434,0.0,0.0,427.3263676714937,0.0,0.0,0.0,-193.37767123248253,-0.07093213548733271,0.0,0.0,0.0,0.0,0.047288090324888475,0.0,0.0,0.0,903.6748274377037,637.8245257983231,0.0,-399.592461066256,379.1508623081422,0.0,945.5588877500877,0.0,0.0,0.0,0.0,0.0,0.0,0.0,718.1812369565516,0.0,-718.1812369565516,-1000.0,-1000.0,0.0,0.0,0.0,0.0,0.0,0.0,0.0,0.0,0.0,0.0,0.0,0.0,0.0,0.0,0.0,0.0,0.0,-1000.0,0.0,-1000.0,0.0,0.0,0.0,0.0,0.0,0.0,-192.854349699554,0.0,0.0,0.0,437.1923947668011,270.4172307468735,0.0,0.0,-80.67652670456332,-81.1794746369073,0.0,0.0,0.0,0.0,-504.93731296623605,0.0,-56.89649318511783,0.0,79.99727237878508,-2.3644045162444236,0.0,0.0,-580.6301669371325,677.3175198743899,549.8929082259549,16.10126968511002,0.0,0.0,0.0,536.0503451543137,0.0,373.0030586012495,0.0,-79.77912486574827,79.77912486574827,79.77912486574827,-452.50796321929147,0.0,0.0,-44.65069080868898,0.0,0.0,0.0,0.0,0.0,-8.329008975889868,0.0,0.0,70.5423819350223,0.0,0.0,0.0,0.0,-38.27119096751115,0.0945761806497103,0.0,0.0,0.0,0.0,0.0,0.0,0.0,0.0,0.0,0.0,0.0,0.0,0.0,0.0,0.0,0.0,0.0,0.0,0.0,0.05201689935711329,0.05201689935711329,0.0,166.32150680077058,0.0,28.372854194933083,0.0,156.27221990449135,0.0,1000.0,0.0,70.09971525086405,189.2131667445376,0.0,0.0,-63.58672272689859,-1000.0,0.0,0.0,0.0,0.0,0.0,70.5423819350223,0.0,0.0,0.0,0.0,0.0,0.0,0.0,133.81022829699373,-903.6748274377037,753.6213497477139,0.0,192.854349699554,0.0,0.0,0.0,-80.22390287718628,0.0,-63.58672272689859,0.0,-101.85791369440975,0.0,0.0,0.0,79.77912486574827,0.0,0.0,0.0,0.0,0.0,0.0,0.0,0.0,0.0,0.0,0.0,0.0,0.0,28.372854194933083,0.0,0.0,0.0,0.0,0.0,0.0,0.0,0.0,0.0,0.0,0.0,0.0,0.47288090324888477,0.0,0.0,189.2131667445376,-189.2131667445376,0.0,0.0,0.0,0.0,16.10126968511002,0.0,0.0,0.0,0.0,0.0,0.0,0.0,0.0,0.0,0.0,1000.0,124.8879391173316,0.0,14.186427097466542,14.186427097466542,1000.0,-1000.0,0.0,70.5423819350223,0.0,0.0,0.0,0.0,0.0,-911.3606404251973,0.0,-811.3971045539574,0.047288090324888475,0.0,0.0,-875.3168565448891,937.7675352603793,0.0,0.0,0.0,0.0,0.0,0.0,0.0,0.0,0.0,0.0,0.0,0.0,0.0,0.0,0.0,0.0,0.0,0.047288090324888475,0.0,0.0,0.0,0.0,0.0,0.0,0.0,0.0,0.0,-192.854349699554,0.0,0.0,0.0,0.0,-3.546606774366637,-2.3644045162444236,0.0,0.0,0.0,0.0,0.0,0.0,0.0,0.0,0.0,0.0,0.0,0.0,0.0,0.0,0.0,0.0,-28.372854194933083,0.0,0.0,0.0,372.9557705109246,0.0,0.0,0.047288090324888475,0.0,0.047288090324888475,0.0,0.0,0.0,28.372854194933083,57.69147019636394,57.69147019636394,0.0,0.0,0.0,0.0,0.0,0.0,0.0,753.6213497477139,0.0,0.0,0.0,0.0,0.0,722.2527415335243,0.0,0.0,0.0,0.0,0.0,0.0,0.0,0.0,0.0,0.0,0.0,0.0,0.0,80.22390287718628,0.0,0.0,0.0,0.07093213548733271,0.0,0.0,0.0,-16.10126968511002,0.0,0.0,0.0,0.0,0.0,-166.32150680077058,2.3644045162444236,0.0,0.0,0.0,0.0,-222.22112012667384,200.74349199940855,0.0,0.0,0.0,0.0,0.0,0.0,0.0,0.0,0.0,0.0,0.0,1000.0,86.5423819350223,0.0,809.1637316827362,0.0,0.0,200.74349199940855,0.0,-200.74349199940855,0.0,-57.69147019636394,156.27221990449135,2.3644045162444236,1000.0,0.0,0.0,0.0,-386.75534246496505,-356.5604629031127,356.5604629031127,-171.87500000000017,171.87500000000017,0.0,0.0,0.0,0.0,0.0,176.43800559094194,-176.9613271238706,57.69147019636394,0.0,0.0,0.0,0.0,0.0,0.0,0.0,0.0,0.0,0.0,0.0,0.0,0.0,-62.4506787154902,-1000.0,0.0,14.186427097466542,189.2131667445376,0.0,0.0,0.0,-67.35731385944563,0.0,0.0,0.05201689935711329,0.0,0.0,0.0,28.84573509818197,0.0,0.0,0.0,0.0,731.4514284653128,0.0,321.6286242755085,0.0,0.0,0.0,0.0,0.0,0.0,0.0,0.0,80.33095857776493,0.004728809032488847,0.0,0.0,0.0,0.0,0.0,0.0,0.0,0.0,0.0,-875.3168565448891,0.0,0.0,0.0,0.0,0.0,166.32150680077058,0.0,0.0,0.0,0.0,0.0,0.0,0.0,0.0,0.0,0.0,0.0,378.4263334890752,0.0,420.441539900862,424.7887308751362,0.0,0.0,0.0,28.372854194933083,0.0,0.0,0.0,0.0,0.0,0.0,-28.372854194933083,0.0,378.4263334890752,0.0,0.0,0.0,0.0,0.0,0.0,0.0,0.0,0.0,0.0,811.3971045539574,-1000.0,754.6450834060729,0.0,-16.10126968511002,0.0,-0.18915236129958668,0.0,0.0,0.0,0.0,0.0,0.0,0.0,0.0,0.0,0.0,0.0,0.0,0.0,0.0,0.0,0.0,156.27221990449135,-5.911011290611061,0.0,-273.9638375212401,895.6674618830282,0.0,0.0,0.0,0.0,0.0,0.0,-0.5911011290611059,8.329008975889868,0.0,0.0,0.0,0.0,0.0,0.0,0.0,1000.0,14.186427097466542,14.186427097466542,0.0,0.0,0.0,0.0,0.0,0.05201689935711329,166.32150680077058,0.0,0.0,0.18915236129958668,80.32622976873245,0.0,0.0,0.0,0.0,0.0,0.0,0.0,0.0,0.0,0.0,0.0,0.0,0.0,0.0,0.0,0.0,0.0,0.0,49.65249484113289,0.0,0.0,192.854349699554,0.0,0.0,0.0,166.32150680077058,0.0,-204.63057302411363,0.0,0.0,0.0,-5.911011290611061,0.0,0.0,0.0,0.0,0.0,0.0,0.0,0.0,0.0,0.0,0.0,0.0,0.0,0.0,0.0,0.0,0.0,0.0,-0.047288090324888475,0.0,0.0,2.3644045162444236,63.58672272689859,0.0,0.0,0.0,0.0,0.0,0.0,0.0,0.0,-718.1812369565516,1.1822022581222118,0.0,0.0,0.0,0.047288090324888475,0.0,47.28809032488847,-14.659308000715427,9.457618064977694,0.33777207374920337,131.93377200643886,-0.035466067743666355,137.57301988968115,0.9457618064977695,-0.23644045162447516,-131.93377200643886,14.186427097466542,-0.047288090324888475,0.0,70.5423819350223,0.011822022581222119,0.33777207374920337,0.0,-196.7414307242591,-0.9457618064977695,-207.40574497767506,-0.047288090324888475,0.011822022581222119,-131.93377200643886,4.728809032488847,0.047288090324888475,0.047288090324888475,-166.22220181108858,-189.16114984518023,-68.22612417133138,-0.035466067743666355,14.186427097466542,0.047288090324888475,16.10126968511002,-21.72920257480076,-0.023644045162444238,-98.2203906178784,-85.0,-0.035466067743666355,-0.047288090324888475,-14.659308000715427,0.047288090324888475,4.728809032488847,-0.9457618064977695,80.22390287718628,80.22390287718628,-4.728809032488847,207.40574497767506,-80.22390287718628,9.457618064977694,0.07093213548733271,-882.2692805306134,4.728809032488847,-133.81022829699373,70.5423819350223,-9.457618064977694,0.023644045162444234,0.4728809032488847,99.898115266564,96.0,-0.047288090324888475,-176.9613271238706,166.22220181108858,14.659308000715427,0.047288090324888475,196.7414307242591,11.88183095751301,70.5423819350223,-0.047288090324888475,-0.011822022581222117,-70.5423819350223,-0.047288090324888475,-359.89981524301965,0.047288090324888475,-0.011822022581222117,-0.011822022581222117,-0.011822022581222117,18.91523612995539,21.72920257480076,0.4728809032488847,108.37894751915618,-0.011822022581222117,199.796230533128,2.3644045162444236,21.5,0.047288090324888475,0.023644045162444234,0.023644045162444238,40.0,14.659308000715427,0.047288090324888475,-14.659308000715427,0.47288090324888477,0.047288090324888475,-255.06771471856752,0.047288090324888475,0.18915236129958668,0.23644045162447516,0.023644045162444238,0.011822022581222119,14.186427097466542,-0.047288090324888475,68.22612417133138,0.47288090324888477,-216.75789503831237,136.39081763155897,-4.728809032488847,9.457618064977694,2.3644045162444236,-0.047288090324888475,0.0,0.07093213548733271,-0.047288090324888475,-80.0,14.659308000715427,271.54792590784376,0.023644045162444238,-43.0,-0.047288090324888475,-0.047288090324888475,-0.047288090324888475,0.023644045162444238,131.93377200643886,-9.457618064977694,0.047288090324888475,199.796230533128,-0.011822022581222117,189.16114984518023,-199.796230533128,7.093213548733271,85.0,601.6967856172447,131.93377200643886,-0.035466067743666355,176.9613271238706,-96.0,0.047288090324888475,-0.011822022581222117,439.5567992830455,47.28809032488847,-0.023644045162444234,-0.047288090324888475,0.011822022581222119,0.0,0.0,605.8870785733337,146.68876719941133,-46.0,0.0,179.5336201538678,-31.0,0.0,-32.0,-93.0,-65.0,-276.35855791211725,16.0,23.0,46.5,0.0,15.5,-166.32150680077058,-204.19061204839815,276.35855791211725,65.0,-204.19061204839815,-179.5336201538678,81.46149008193296,0.0,1496.5981,hclb
425,0.0,0.0,0.0,0.0,0.0,0.0,0.0,0.0,-0.07922399466852682,0.0,0.0,0.0,0.0,0.0,0.0,0.0,-122.18198044731898,212.28407614721073,0.0,0.0,0.0,0.0,0.0,374.24546427196697,0.0,0.0,0.0,0.0,0.0,-722.9915483462464,0.0,0.0,29.249149717825226,0.0,0.0,0.0,0.0,131.66778763009677,0.0,-1000.0,1000.0,0.0,0.0,0.0,0.0,0.0,0.0,0.0,1000.0,-418.14525094798006,0.0,0.0,0.0,0.08714639413574332,0.0,0.0,0.0,0.0,0.0,0.0,-6.976993130475203,0.0,0.0,-6.976993130475203,0.0,0.0,0.0,0.0,0.0,84.01467391351844,0.0,0.7922399466852683,0.0,0.0,0.0,0.0,0.0,0.0,0.0,0.0,0.0,0.0,-94.29587938906477,0.0,47.534396801116095,0.0,0.0,-449.6935360442521,-295.312834857503,1000.0,-0.019805998667131706,0.0,0.0,0.0,23.767198400558048,0.0,23.767198400558048,-2.551012628327044,131.1079380677726,0.0,0.0,3.961199733426341,-1000.0,0.0,0.0,0.0,0.0,0.0,0.0,0.0,0.0,0.0,0.0,0.0,0.0,0.0,0.0,0.0,0.0,0.0,0.0,0.0,0.0,0.0,-532.307155209547,0.0,0.0,23.767198400558048,0.0,24.55943834724332,24.55943834724332,0.0,0.0,0.0,0.0,0.0,0.0,0.0,0.0,0.0,0.0,0.0,0.0,0.0,0.0,100.39612697854139,0.07922399466849583,0.0,0.0,0.0,-1000.0,1000.0,0.0,0.0,0.0,0.0,495.42324307698215,0.0,0.0,0.0,0.0,0.0,793.9948685379818,793.9948685379818,0.0,0.0,0.0,109.37499999999999,883.7494217287921,0.0,0.0,794.0740925326503,0.0,0.0,0.0,0.0,0.0,0.0,0.0,0.0,0.0,0.0,0.0,0.0,0.0,0.0,-11.883599200279036,0.0,0.0,0.0,0.0,-700.6874784492236,0.0,0.0,0.0,0.0,0.0,418.14525094798006,0.0,-417.6136512968248,417.6136512968248,0.0,0.0,0.0,0.0,0.0,0.0,0.0,277.00845165375364,-960.7477982672709,0.0,0.0,0.0,0.0,0.0,0.0,0.0,0.0,0.0,0.0,0.0,0.0,0.0,352.95593971590455,-11.310402132589246,-154.82647120643466,0.0,0.0,0.0,0.0,76.99837653847882,0.0,0.0,0.0,0.0,-6.976993130475203,-154.82647120643466,0.0,0.0,0.0,0.0,0.0,0.0,0.0,0.0,0.0,15.844798933705365,0.0,0.0,877.6991835606782,1000.0,132.69281265892306,0.0,154.82647120643466,0.0,0.0,0.0,601.828889338138,0.0,0.0,0.0,62.5839413844368,0.0,0.0,-39.650962991272536,0.0,0.0,-39.650962991272536,0.0,0.0,-712.9264861543278,0.0,-755.636039105362,418.14525094798006,0.0,193.1554452811977,0.0,0.0,0.0,0.0,0.0,0.0,0.0,976.2319450370616,0.0,0.0,0.0,109.375,0.0,0.0,-6.976993130475203,-0.11883599200279024,0.0,0.0,0.0,0.0,0.07922399466849583,0.0,0.0,0.0,599.9219035101867,-122.18198044731898,0.0,-1000.0,142.38637920421542,0.0,959.6119973342634,0.0,0.0,0.0,0.0,0.0,0.0,0.0,-6.821185940960523,0.0,6.821185940960523,-763.6323536750479,-1000.0,0.0,0.0,0.0,0.0,0.0,0.0,0.0,0.0,0.0,0.0,0.0,0.0,0.0,0.0,0.0,0.0,0.0,-868.0153163912288,0.0,-1000.0,0.0,0.0,0.0,0.0,0.0,0.0,-100.39612697854139,0.0,225.40381745683737,0.0,0.0,0.0,0.0,0.0,0.0,0.0,0.0,0.0,0.0,802.7815111549143,-916.277805917046,0.0,-3.961199733426341,174.06128439097085,-1.9805998667131706,-3.961199733426341,-360.18951932800303,0.0,-606.7502768843162,0.0,916.277805917046,23.767198400558048,0.0,0.0,0.0,0.0,0.0,0.0,352.95593971590455,0.0,0.0,0.0,77.15520106629464,0.0,0.0,-182.31630049374826,0.0,0.0,277.00845165375364,0.0,0.0,-13.953986260950407,0.0,0.0,64.15520106629464,0.0,0.0,0.0,0.0,-35.07760053314732,0.15844798933721904,0.0,0.0,0.0,0.0,0.0,0.0,0.0,0.0,0.0,84.01467391351844,0.0,0.0,0.0,0.0,0.0,0.0,0.0,0.0,0.0,0.08714639413574332,0.08714639413574332,0.0,433.11114078219924,0.0,47.534396801116095,0.0,0.0,0.0,619.7906297281675,0.0,729.528860997947,0.0,0.0,0.0,611.5417088260137,-619.7906297281675,0.0,0.0,0.0,0.0,0.0,64.15520106629464,0.0,0.0,0.0,0.0,0.0,0.0,0.0,177.43571840318234,-599.9219035101867,0.0,0.0,6.1002475894766235,0.0,0.0,0.0,-76.99837653847882,0.0,611.5417088260137,0.0,585.2417702369994,-8.777661944132888,0.0,0.0,352.95593971590455,0.0,0.0,0.0,0.0,0.0,0.0,0.0,0.0,0.0,0.0,0.0,0.0,0.0,47.534396801116095,0.0,0.0,0.0,0.0,0.0,0.0,0.0,0.0,0.0,0.0,0.0,0.0,0.7922399466852683,0.0,0.0,0.0,0.0,0.0,0.0,0.0,0.0,23.767198400558048,0.0,0.0,0.0,0.0,0.0,0.0,0.0,0.0,0.0,0.0,1000.0,0.0,0.0,23.767198400558048,23.767198400558048,1000.0,-619.7906297281675,0.0,64.15520106629464,0.0,0.0,0.0,0.0,0.0,763.6323536750479,277.00845165375364,843.1755115181941,0.07922399466849583,0.0,0.0,0.0,6.388849284340484,0.0,0.0,0.0,0.0,0.0,0.0,0.0,0.0,0.0,0.0,0.0,0.0,0.0,0.0,0.0,0.0,0.0,0.07922399466849583,0.0,0.0,0.0,0.0,0.0,0.0,0.0,0.0,0.0,0.0,125.00769047829601,0.0,0.0,-131.9846836087712,-5.941799600139512,-0.2009769696124284,-3.7602227638137276,0.0,93.75,93.75,-93.75,0.0,0.0,0.0,0.0,0.0,0.0,0.0,0.0,0.0,0.0,0.0,313.488728766156,0.0,0.0,0.0,-0.07922399466849583,0.0,0.0,0.07922399466849583,0.0,0.07922399466849583,0.0,0.0,0.0,47.534396801116095,96.65327349560273,96.65327349560273,0.0,0.0,0.0,0.0,0.0,0.0,94.29587938906477,0.0,0.0,277.00845165375364,0.0,0.0,0.0,0.0,0.0,0.0,0.0,0.0,0.0,0.0,0.0,0.0,0.0,0.0,0.0,0.0,0.0,76.99837653847882,0.0,0.0,0.0,0.11883599200279024,0.0,0.0,0.0,-23.767198400558048,0.0,0.0,0.0,0.0,0.0,-433.11114078219924,3.961199733426341,0.0,0.0,0.0,-109.37499999999999,-883.7494217287921,0.0,-3.7602227638137276,0.0,0.0,0.0,0.0,0.0,0.0,0.0,0.0,0.0,0.0,1000.0,80.15520106629464,0.0,49.15520106629464,0.0,0.0,-100.39612697854139,225.40381745683737,-125.00769047829601,0.0,505.1756158425352,0.0,3.961199733426156,630.5781523262217,0.0,0.0,0.0,-13.953986260950407,0.0,0.0,0.0,0.0,0.0,0.0,0.0,0.0,0.0,0.0,0.0,96.65327349560273,0.0,0.0,0.0,0.0,0.0,0.0,0.0,0.0,0.0,0.0,0.0,0.0,450.9365395826178,-90.40352319785892,-290.80110407786464,0.0,23.767198400558048,0.0,0.0,0.0,0.0,298.5572863967483,0.0,0.0,0.08714639413574332,0.0,0.0,0.0,48.326636747801366,0.0,0.0,0.0,0.0,-11.310402132589246,0.0,0.0,0.0,0.0,0.0,0.0,0.0,0.0,12.843175472184129,0.0,0.007922399466852692,0.007922399466852692,0.0,0.0,0.0,0.0,0.0,0.0,0.0,0.0,0.0,0.0,0.0,0.0,0.0,0.0,0.0,433.11114078219924,0.0,0.0,0.0,0.0,0.0,0.0,0.0,418.14525094798006,0.0,0.0,0.0,0.0,0.0,0.0,212.28407614721073,0.0,0.0,0.0,47.534396801116095,0.0,0.0,0.0,0.0,0.0,0.0,-47.534396801116095,0.0,0.0,0.0,0.0,0.0,0.0,0.0,0.0,0.0,0.0,0.0,0.0,-855.5665048187886,-1000.0,54.268436347940906,0.0,-23.767198400558048,0.0,131.66778763009677,0.0,0.0,0.0,0.0,0.0,0.0,0.0,0.0,0.0,585.9375,0.0,-585.9375,-585.9375,0.0,0.0,0.0,0.0,-9.902999333565617,0.0,-5.941799600139512,-5.941799600139461,0.0,0.0,0.0,0.0,0.0,0.0,-0.9902999333565854,13.953986260950407,0.0,0.0,0.0,0.0,0.0,0.0,0.0,987.6090066994054,23.767198400558048,23.767198400558048,0.0,0.0,0.0,0.0,0.0,0.08714639413574332,433.11114078219924,0.0,0.0,-131.66778763009677,0.0,0.0,0.0,0.0,0.0,0.0,0.0,0.0,0.0,0.0,0.0,0.0,0.0,0.0,0.0,0.0,0.0,24.55943834724332,0.0,83.18519440195317,100.39612697854139,0.0,0.0,0.0,0.0,0.0,433.11114078219924,0.0,-2.7519895979394278,0.0,0.0,0.0,-9.902999333565617,0.0,0.0,0.0,0.0,0.0,0.0,0.0,0.0,0.0,0.0,0.0,0.0,0.0,0.0,0.0,0.0,0.0,0.0,-0.07922399466849583,0.0,0.0,3.961199733426341,-611.5417088260137,0.0,0.0,0.0,0.0,0.0,0.0,0.0,0.0,6.821185940960523,1.9805998667131706,0.0,0.0,0.0,0.07922399466849583,0.0,79.22399466852681,0.0,15.844798933705365,0.565885676203763,270.1538218196765,-0.05941799600139512,3.961199733426341,1.5844798933705366,-0.39611997334296234,-270.1538218196765,23.767198400558048,-0.07922399466852682,0.0,64.15520106629464,0.019805998667131706,0.5658856762037631,0.0,-12.612459951229779,-1.5844798933705366,-90.10209569989175,-0.07922399466852682,0.019805998667131706,-270.1538218196765,7.922399466852682,0.07922399466852682,0.07922399466849583,-432.94477039339495,0.08714639413537952,-64.32675025097257,-0.05941799600139512,23.767198400558048,0.07922399466852682,23.767198400558048,-39.611997334263414,-0.03961199733426341,-431.0964928260096,-85.0,-0.05941799600139512,-0.07922399466852682,0.0,0.07922399466849583,7.922399466852682,-1.5844798933705366,76.99837653847882,76.99837653847882,-7.922399466852682,90.10209569989175,-76.99837653847882,15.844798933705365,0.11883599200279024,390.65799100209904,7.922399466852682,-177.43571840318234,64.15520106629464,-15.844798933705365,0.03961199733426341,0.7922399466852683,250.0,96.0,-0.07922399466849583,-450.9365395826178,432.94477039339495,24.55943834724332,0.07922399466852682,12.612459951229779,-30.913592535937397,64.15520106629464,-0.07922399466849583,-0.019805998667131706,-64.15520106629464,-0.07922399466852682,-35.07760053314732,0.07922399466852426,-0.019805998667131706,-0.019805998667131706,-0.019805998667131706,31.68959786741073,39.611997334263414,0.7922399466852683,58.695077050045704,-0.019805998667131706,500.0,3.961199733426341,21.5,0.07922399466849583,0.03961199733426341,0.03961199733426341,40.0,0.0,0.07922399466849583,0.0,0.7922399466852683,0.07922399466852682,-58.695077050045704,0.07922399466852682,0.3168959786744381,0.39611997334296234,0.03961199733426341,0.019805998667131706,23.767198400558048,-0.07922399466852682,64.32675025097257,0.7922399466852683,-117.39015410009141,1.9805998667131706,-7.922399466852682,15.844798933705365,3.961199733426341,-0.07922399466852682,0.0,0.11883599200279024,-0.07922399466852682,-80.0,0.0,-234.57455403885996,0.03961199733426341,-43.0,-0.07922399466852682,-0.07922399466852426,-0.07922399466852682,0.03961199733426341,270.1538218196765,-15.844798933705365,0.07922399466849583,500.0,-0.019805998667131706,-0.08714639413537952,-500.0,11.883599200279022,85.0,-357.53305832980686,270.1538218196765,-0.05941799600139512,450.9365395826178,-96.0,0.07922399466852682,-0.01980599866713171,3.961199733426156,79.22399466852683,-0.03961199733426341,-0.07922399466852682,0.019805998667131706,0.0,0.0,-677.7711168451056,0.0,-46.0,0.0,-49.22057828354491,-31.0,0.0,-32.0,-93.0,-65.0,-287.0735138456722,16.0,23.0,46.5,0.0,15.5,-433.11114078219924,-63.98273235788834,287.0735138456722,65.0,-63.98273235788834,49.22057828354491,-13.114692607230097,0.0,1496.5981,hclb
426,0.0,0.0,0.0,0.0,0.0,0.0,0.0,0.0,300.3731289631962,0.0,0.0,0.0,0.0,0.0,0.0,0.0,-116.62317804116441,86.76755029112483,0.0,0.0,0.0,0.0,0.0,701.3376579520864,0.0,0.0,0.0,0.0,0.0,424.51490014284553,0.0,0.0,7.771191115584529,0.0,0.0,0.0,0.0,999.6907832726338,0.0,-1000.0,1000.0,0.0,-106.94992144355022,-414.8416435452313,0.0,0.0,0.0,0.0,0.0,0.0,0.0,0.0,0.0,0.0850346000256792,0.0,0.0,0.0,0.0,0.0,0.0,-6.807921614171548,0.0,0.0,-6.807921614171548,0.0,0.0,0.0,0.0,292.36761546641515,-292.36761546641515,0.0,0.7730418184146466,0.0,0.0,0.0,0.0,0.0,0.0,0.0,577.6318752716454,0.0,0.0,0.0,0.0,46.38250910487879,0.0,0.0,-106.94992144355022,1000.0,-565.3507351833128,-0.019326045460366165,0.0,0.0,-591.7538173771045,23.191254552439396,0.0,23.191254552439396,0.0,604.3118814311827,0.0,0.0,3.8652090920732327,-91.76076499577135,0.0,0.0,-21.52038646571903,0.0,0.0,0.0,0.0,0.0,0.0,0.0,0.0,0.0,0.0,0.0,0.0,0.0,0.0,0.0,0.0,0.0,0.0,-528.8792061135354,0.0,0.0,23.191254552439396,0.0,23.96429637085404,0.0,0.0,0.0,-693.7179514401028,693.7179514401028,-693.7179514401028,-84.91720799597147,0.0,0.0,84.91720799597147,0.0,0.0,0.0,0.0,0.0,5.952422001792684,0.07730418184146466,0.0,0.0,0.0,0.0,0.0,0.0,0.0,210.89719610488564,0.0,490.441760794688,0.0,0.0,0.0,0.0,0.0,694.5189276170643,694.5189276170643,0.0,0.0,0.0,421.875,0.0,0.0,0.0,694.5962317989057,0.0,0.0,0.0,-726.017750107032,-967.5695205642619,0.0,0.0,0.0,0.0,0.0,0.0,0.0,0.0,0.0,-619.8146369928384,0.0,0.0,0.0,0.0,-913.3325401284663,0.0,0.0,0.0,0.0,0.0,0.0,106.94992144355022,0.0,0.0,0.0,0.0,0.0,0.0,0.0,0.0,0.0,516.2756651386169,-960.1238590984758,0.0,0.0,0.0,0.0,0.0,0.0,0.0,0.0,0.0,0.0,0.0,0.0,0.0,305.50357450550024,-12.078327263414138,-414.8416435452313,0.0,0.0,0.0,0.0,77.19227763401207,0.0,0.0,0.0,0.0,-6.807921614171548,0.0,0.0,0.0,0.0,0.0,0.0,0.0,0.0,0.0,2.489194655294682,15.46083636829293,0.0,0.0,-682.0898694972395,210.9602090592102,0.0,0.0,414.8416435452313,0.0,0.0,0.0,271.5733245409351,0.0,0.0,0.0,-265.92880569589727,0.0,0.0,-752.3584126177809,247.6415873822191,-205.48341261772407,-1000.0,0.0,-453.12499999994316,1000.0,0.0,193.71747173467503,0.0,0.0,138.4863897036743,0.0,0.0,0.0,750.0304636859812,0.0,-750.0304636859812,0.0,694.4416234352228,0.0,0.0,-312.6981505530783,421.875,0.0,0.0,-6.807921614171548,-0.11595627276219697,0.0,0.0,0.0,0.0,0.07730418184146466,0.0,0.0,0.0,810.4598132867202,-116.62317804116441,0.0,-981.6652943283885,165.06057317899877,967.5695205642619,958.6520909207323,0.0,729.4005849128108,0.0,-21.52038646571903,0.0,0.0,0.0,-6.655890056550174,277.2553051437393,-1000.0,-1000.0,-1000.0,0.0,0.0,0.0,0.0,0.0,0.0,0.0,0.0,0.0,0.0,0.0,0.0,0.0,0.0,0.0,0.0,0.0,0.0,0.0,-1000.0,0.0,0.0,0.0,0.0,0.0,0.0,-8.441616657087366,0.0,604.3118814311827,0.0,709.1651044359155,0.0,-875.4329882616095,0.0,0.0,51.08019342251089,305.8100676514549,318.2941719675016,0.0,186.74481471455232,0.0,0.0,-3.8652090920732327,0.0,-53.0127979685475,-3.8652090920732327,-1000.0,0.0,466.0279469416649,0.0,0.0,23.191254552439396,0.0,0.0,0.0,0.0,0.0,300.45043314503766,0.0,-305.50357450550024,305.50357450550024,305.50357450550024,99.0595500974261,0.0,0.0,0.0,0.0,0.0,516.2756651386169,0.0,0.0,-13.615843228343095,0.0,0.0,64.53916363170707,0.0,0.0,0.0,0.0,-35.269581815853535,0.15460836368310993,0.0,0.0,0.0,0.0,0.0,0.0,0.0,0.0,0.0,0.0,0.0,0.0,0.0,0.0,0.0,0.0,0.0,0.0,0.0,0.0850346000256792,0.0850346000256792,0.0,386.0427381372073,0.0,46.38250910487879,0.0,0.0,0.0,1000.0,0.0,1000.0,0.0,0.0,0.0,604.0006854800621,-1000.0,0.0,0.0,0.0,0.0,0.0,64.53916363170707,0.0,0.0,0.0,0.0,0.0,0.0,0.0,176.2930687045118,-810.4598132867202,0.0,0.0,5.952422001792684,0.0,-703.2766198108837,111.52280243377926,34.33052479976719,0.0,604.0006854800621,0.0,568.7311036642086,0.0,877.6407572692623,-877.6407572692623,305.50357450550024,0.0,0.0,0.0,0.0,0.0,0.0,0.0,0.0,0.0,0.0,0.0,0.0,0.0,46.38250910487879,0.0,0.0,0.0,0.0,0.0,0.0,0.0,0.0,0.0,0.0,0.0,0.0,0.7730418184146466,0.0,0.0,0.0,0.0,0.0,106.94992144355022,0.0,0.0,23.191254552439396,0.0,0.0,0.0,0.0,0.0,0.0,0.0,0.0,0.0,0.0,996.2568454091438,0.0,0.0,23.191254552439393,23.191254552439396,1000.0,-1000.0,0.0,64.53916363170707,0.0,0.0,0.0,0.0,0.0,91.76076499577135,516.2756651386169,-157.61979217392994,0.07730418184146466,0.0,0.0,-342.38299298778753,444.4742085639905,0.0,0.0,591.7538173771045,0.0,0.0,0.0,0.0,0.0,0.0,0.0,0.0,0.0,0.0,0.0,0.0,0.0,0.0,0.07730418184146466,0.0,0.0,0.0,0.0,0.0,0.0,0.0,0.0,0.0,-8.441616657087366,1000.0,-210.89719610488564,-395.68811856881734,-1000.0,-5.797813638109849,-3.8652090920732007,0.0,0.0,-171.875,-171.875,171.875,0.0,0.0,0.0,0.0,0.0,0.0,0.0,0.0,967.5695205642619,0.0,0.0,469.8931560337381,0.0,0.0,0.0,300.3731289631962,0.0,0.0,0.07730418184146466,0.0,0.07730418184146466,0.0,0.0,0.0,46.38250910487879,94.31110184658687,94.31110184658687,0.0,0.0,0.0,0.0,0.0,0.0,0.0,0.0,0.0,516.2756651386169,0.0,0.0,0.0,0.0,0.0,0.0,0.0,0.0,0.0,0.0,0.0,0.0,0.0,0.0,0.0,0.0,0.0,77.19227763401207,0.0,0.0,0.0,0.11595627276219697,0.0,0.0,0.0,-23.191254552439396,0.0,0.0,0.0,0.0,0.0,-386.0427381372073,3.8652090920732327,0.0,0.0,0.0,-421.875,0.0,-1000.0,0.0,0.0,0.0,0.0,0.0,0.0,0.0,0.0,0.0,0.0,0.0,983.6037314068387,80.53916363170707,0.0,49.53916363170707,-21.52038646571903,0.0,-1000.0,1000.0,0.0,210.89719610488564,177.26222269434825,0.0,3.865209092073229,1000.0,0.0,0.0,0.0,-13.615843228343095,0.0,0.0,-15.624999999630518,15.624999999630518,0.0,0.0,0.0,0.0,0.0,1000.0,-391.78099028338113,94.31110184658687,0.0,-578.125,-578.125,578.125,0.0,0.0,0.0,0.0,0.0,2.489194655294682,0.0,0.0,11.65518876815554,-102.0912155762029,0.0,-106.94992144355022,23.191254552439396,0.0,0.0,0.0,0.0,285.74888506128366,0.0,0.0,0.0850346000256792,0.0,0.0,0.0,47.15555092329343,0.0,0.0,0.0,0.0,-12.078327263414138,0.0,0.0,0.0,0.0,0.0,0.0,0.0,0.0,0.0,0.0,0.007730418184146466,0.007730418184146466,0.0,0.0,0.0,0.0,0.0,0.0,0.0,0.0,0.0,-342.38299298778753,0.0,0.0,0.0,0.0,0.0,386.0427381372073,0.0,0.0,0.0,0.0,0.0,0.0,0.0,0.0,0.0,0.0,0.0,0.0,0.0,67.42103709589647,86.76755029112483,0.0,0.0,0.0,46.38250910487879,0.0,0.0,0.0,0.0,0.0,0.0,-46.38250910487879,0.0,0.0,0.0,0.0,0.0,0.0,0.0,0.0,0.0,0.0,0.0,0.0,157.61979217392994,-1000.0,52.95336456140319,697.2890112599828,-720.4802658124222,0.0,999.6907832726338,0.0,0.0,0.0,0.0,0.0,0.0,0.0,0.0,0.0,632.8125,0.0,-632.8125,-632.8125,0.0,0.0,0.0,0.0,-9.663022730182888,0.0,-5.797813638109849,385.98317664527144,0.0,0.0,0.0,0.0,0.0,0.0,-0.9663022730183082,224.51303933322873,0.0,0.0,0.0,0.0,0.0,0.0,0.0,1000.0,23.191254552439396,23.191254552439393,0.0,0.0,0.0,0.0,577.6318752716454,0.0850346000256792,386.0427381372073,0.0,0.0,-999.6907832726338,0.0,0.0,0.0,0.0,0.0,0.0,0.0,0.0,0.0,0.0,0.0,0.0,0.0,0.0,0.0,0.0,0.0,0.0,0.0,81.16939093353788,5.952422001792684,0.0,0.0,0.0,0.0,0.0,386.0427381372073,0.0,996.1347909079268,0.0,0.0,0.0,-9.663022730182888,0.0,0.0,0.0,0.0,0.0,0.0,0.0,0.0,0.0,0.0,0.0,0.0,0.0,0.0,0.0,0.0,0.0,0.0,-0.07730418184146466,0.0,0.0,3.8652090920732327,-604.0006854800621,0.0,0.0,0.0,0.0,0.0,0.0,0.0,0.0,6.655890056550174,1.9326045460366164,0.0,0.0,0.0,0.07730418184146466,0.0,77.30418184146465,-23.96429637085404,15.46083636829293,0.5521727274390332,215.67866733768636,-0.05797813638109849,3.8652090920732327,1.5460836368292932,-0.38652090920766113,-215.67866733768636,23.191254552439396,-0.07730418184146466,7.173462155239677,64.53916363170707,0.019326045460366165,0.5521727274390332,-21.52038646571903,-12.306825749160566,-1.5460836368292932,29.855627750039574,-0.07730418184146466,0.019326045460366165,-215.67866733768636,7.730418184146465,0.07730418184146466,0.07730418184146466,-385.8803993553402,0.08503460002561113,0.0,-0.05797813638109849,23.191254552439393,0.07730418184146466,23.191254552439396,-38.65209092073232,-0.03865209092073233,-447.4009878632499,-85.0,-0.05797813638109849,-0.07730418184146466,-23.96429637085404,0.07730418184146466,7.730418184146465,-1.5460836368292932,77.19227763401207,77.19227763401207,-7.730418184146465,-29.855627750039574,-77.19227763401207,15.46083636829293,0.11595627276219699,124.21069634510604,7.730418184146465,-176.2930687045118,64.53916363170707,-15.46083636829293,0.03865209092073233,0.7730418184146466,245.41632358209714,96.0,-0.07730418184146466,-403.43617905153667,385.8803993553402,23.96429637085404,0.07730418184146466,12.306825749160566,-28.22585457805051,64.53916363170707,-0.07730418184146466,-0.019326045460366165,-64.53916363170707,-0.07730418184146466,-35.269581815853535,0.07730418184146466,-0.019326045460366165,-0.019326045460366165,-0.019326045460366165,30.92167273658586,38.65209092073232,0.7730418184146466,57.272735721793936,-0.019326045460366165,483.6591850089546,3.8652090920732327,21.5,0.07730418184146466,0.03865209092073233,0.03865209092073233,40.0,23.96429637085404,0.07730418184146466,-23.96429637085404,0.7730418184146466,0.07730418184146466,-57.272735721793936,0.07730418184146466,0.30921672736621986,0.38652090920766113,0.03865209092073233,0.019326045460366165,23.191254552439393,-0.07730418184146466,0.0,0.7730418184146466,-114.54547144358787,1.9326045460366164,-7.730418184146465,15.46083636829293,3.8652090920732327,-0.07730418184146466,21.52038646571903,0.11595627276219699,-0.07730418184146466,-80.0,23.96429637085404,-121.81104353252209,0.03865209092073233,-43.0,-0.07730418184146466,-0.07730418184146466,-0.07730418184146466,0.03865209092073233,215.67866733768636,-15.46083636829293,0.07730418184146466,490.83264716419427,-0.019326045460366165,-0.08503460002561113,-490.83264716419427,11.595627276219698,85.0,-160.50396145558244,215.67866733768636,-0.05797813638109849,403.43617905153667,-96.0,0.07730418184146466,-0.01932604546036617,713.0303135279887,77.30418184146465,-0.03865209092073233,-0.07730418184146466,0.019326045460366165,0.0,0.0,-558.898613252714,0.0,-46.0,0.0,-108.0,-31.0,0.0,-32.0,-93.0,-65.0,-434.64926481668715,16.0,23.0,46.5,0.0,15.5,-386.0427381372073,-163.93784152876157,434.64926481668715,65.0,-163.93784152876157,108.0,-43.75228180304798,0.0,1496.5981,hclb
427,0.0,0.0,0.0,0.0,0.0,0.0,0.0,0.0,-0.01796547864884677,0.0,0.0,0.0,0.0,0.0,0.0,0.0,-831.8152167227606,284.28081296992286,0.0,1000.0,0.0,0.0,0.0,992.0717851982597,0.0,0.0,0.0,0.0,0.0,828.7924703121109,0.0,0.0,0.0,0.0,0.0,0.0,0.0,999.928138085405,0.0,-1000.0,926.4384899033142,0.0,-715.7191870300771,0.0,0.0,0.0,0.0,0.0,0.0,-541.5076679880283,0.0,0.0,0.0,0.01976202651405856,0.0,0.0,0.0,3.593095729769354,0.0,0.0,-217.4440234068166,0.0,0.0,-262.3629290183298,1000.0,0.0,0.0,0.0,82.28153090332003,613.6766337154186,0.0,0.17965478648846772,0.0,0.0,0.0,0.0,0.0,0.0,0.0,1000.0,0.0,0.0,562.0943667937576,0.0,10.779287189308063,0.0,230.83483212431287,284.28081296992286,168.15783505926612,831.8421649407339,0.0,0.0,0.0,183.64517184977538,5.389643594654031,0.0,5.389643594654031,-455.9530939895192,0.0,0.0,562.0943667937576,999.5508630337788,828.7924703121109,0.0,0.0,-14.624725943044725,647.4513643204651,1000.0,0.0,0.0,0.0,0.0,0.0,0.0,0.0,0.0,0.0,0.0,0.0,0.0,0.0,0.0,0.0,0.0,-487.9821646737372,0.0,0.0,5.389643594654031,0.0,5.5692983811425,5.5692983811425,0.0,-166.244715493257,-203.3242724992612,369.5689879925182,-369.5689879925182,-188.92290647439327,0.0,0.0,144.0040008628801,0.0,0.0,0.0,0.0,0.0,-329.87619281348344,0.01796547864884677,0.004491369662211693,0.0,0.0,0.0,-647.4513643204651,0.0,0.0,0.0,0.0,59.83425087965842,0.0,0.0,0.0,0.0,0.0,156.38703105713418,156.38703105713418,0.0,0.0,0.0,0.0,-260.40576973018415,0.0,0.0,156.40499653578303,0.0,0.0,0.0,174.6353149049662,-1000.0,0.0,0.0,0.0,0.0,0.0,0.0,0.0,0.0,0.0,0.0,0.0,0.0,0.0,0.0,-1000.0,0.0,0.0,0.0,0.0,0.0,541.5076679880283,715.7191870300771,-1000.0,1000.0,0.0,0.0,0.0,0.0,0.0,0.0,0.0,0.0,59.161219439124764,0.0,0.0,0.0,0.0,0.0,0.0,0.0,0.0,0.0,0.0,0.0,0.0,0.0,126.95298090788181,-35.81380854046129,-712.6964406194274,0.0,0.0,0.0,44.91890561151317,0.0,0.0,0.0,0.0,0.0,-217.4440234068166,-712.6964406194274,0.0,0.0,0.0,0.0,0.0,0.0,0.0,0.0,0.0,0.0,0.0,0.0,0.0,452.438648029189,0.0,0.0,712.6964406194274,0.0,0.0,44.91890561151317,0.0,0.0,0.0,0.0,138.55282857152724,0.0,0.0,0.0,0.0,0.0,0.0,0.0,0.0,-831.8421649407339,0.0,0.0,541.5076679880283,0.0,61.2622821925675,0.0,0.0,0.0,-1000.0,0.0,1000.0,0.0,-536.1354307944532,0.0,44.91890561151317,1000.0,0.0,0.0,0.0,-217.4440234068166,-0.026948217973270155,0.0,0.0,0.0,0.0,0.01796547864884677,0.0,0.0,0.0,994.610356405346,-831.8152167227606,0.0,-103.81935593909994,189.17927979922786,1000.0,810.5023236162244,0.0,1000.0,0.0,-14.624725943044725,0.0,0.0,0.0,986.1468194138738,-986.1468194138738,-1000.0,-425.6130624124993,0.0,0.0,0.0,0.0,0.0,0.0,0.0,0.0,0.0,0.0,0.0,0.0,0.0,0.0,0.0,0.0,0.0,0.0,419.85039347132545,0.0,-580.1496065286746,0.0,0.0,455.3746055770271,999.5508630337788,1000.0,371.22219507062107,329.87619281348344,0.0,0.0,0.0,84.03598739015194,998.6525891013365,398.4836604752681,-859.3750000000013,0.0,-1000.0,505.3816280352857,0.0,-285.07992922498187,-693.902466034118,597.9823145177539,859.3750000000013,-1000.0,1000.0,999.5508630337788,284.1816552925395,0.0,0.0,-0.8982739324423386,-431.7824352951356,1000.0,5.389643594654031,0.0,0.0,0.0,0.0,0.0,0.0,0.0,-126.9529809078818,126.9529809078818,126.9529809078818,99.38343673741544,0.0,0.0,0.0,0.0,0.0,0.0,0.0,0.0,-18.13728817652066,0.0,-46.87500000000004,121.32580988174381,0.0,0.0,0.0,0.0,-41.20345213511532,0.03593095729752349,0.0,0.0,0.0,0.0,0.0,0.0,0.0,0.0,0.0,257.20675276778934,0.0,0.0,0.0,0.0,0.0,0.0,0.0,0.0,0.0,0.01976202651405856,0.01976202651405856,0.0,219.35988517811245,0.0,10.779287189308063,0.0,0.0,0.0,-893.3966212229423,0.0,0.0,230.83483212431287,0.0,0.0,265.89504061833804,893.3966212229423,0.0,0.0,747.4148902875544,0.0,0.0,121.32580988174381,0.0,0.0,0.0,0.0,0.0,0.0,0.0,162.6607215579124,-994.610356405346,0.0,0.0,325.0790495706628,0.0,183.64517184977538,0.0,0.0,0.0,265.89504061833804,0.0,224.69158848322272,0.0,-671.8750000000007,671.8750000000007,126.9529809078818,0.0,0.0,0.0,0.0,0.0,0.0,0.0,0.0,0.0,0.0,0.0,0.0,0.0,10.779287189308063,44.91890561151317,44.91890561151317,0.0,0.0,0.0,0.0,0.0,0.0,0.0,0.0,0.0,0.0,0.17965478648846772,0.0,0.0,230.83483212431287,-230.83483212431287,0.0,715.7191870300771,0.0,0.0,5.389643594654031,-747.4148902875544,0.0,0.0,92.86087559038867,0.0,0.0,0.0,0.0,0.0,0.0,0.0,0.0,0.0,5.389643594654031,5.389643594654031,0.0,893.3966212229423,0.0,121.32580988174381,0.0,0.0,0.0,0.0,0.0,-403.17940789961165,0.0,0.0,0.01796547864884677,0.0,0.0,-831.7386624277973,833.1874499559793,4.648193475859928,0.0,-183.64517184977538,0.0,0.0,0.0,0.0,0.0,0.0,0.0,0.0,0.0,0.0,0.0,0.0,0.0,0.0,0.01796547864884677,0.0,0.0,0.0,0.0,0.0,0.0,0.0,0.0,0.0,0.0,785.2507983905106,0.0,0.0,-1000.0,-1.3474108986634974,-0.8982739324423386,0.0,0.0,0.0,0.0,0.0,0.0,0.0,0.0,0.0,0.0,0.0,0.0,44.91890561151317,1000.0,0.0,0.0,1000.0,0.0,0.0,0.0,-0.01796547864884677,0.0,0.0,0.01796547864884677,0.0,0.01796547864884677,0.0,438.75141185094935,0.0,10.779287189308063,21.91788395159309,21.91788395159309,0.0,0.0,0.0,0.0,0.0,0.0,0.0,0.0,0.0,0.0,0.0,0.0,6.095735979557844,981.5979111459822,0.0,0.0,0.0,0.0,0.0,0.0,0.0,0.0,0.0,0.0,0.0,0.0,0.0,0.0,0.0,0.0,0.0,0.026948217973270155,0.0,0.0,0.0,-5.389643594654031,0.0,0.0,0.0,0.0,0.0,-219.35988517811245,0.8982739324423386,0.0,0.0,0.0,0.0,260.40576973018415,-1.4767623449344,0.0,0.0,-46.87500000000004,0.0,0.0,0.0,0.0,0.0,44.91890561151317,0.0,747.4148902875544,0.0,92.40690427023064,0.0,61.40690427023065,-9.976532467184796,0.0,328.39943046854904,0.0,-328.39943046854904,0.0,-21.91788395159309,0.0,0.8982739324423386,1000.0,0.0,404.6589337935958,0.0,-479.8069524251464,0.0,0.0,0.0,0.0,0.0,0.0,0.0,0.0,0.0,10.958941975796563,-13.653763773123671,21.91788395159309,0.0,0.0,0.0,0.0,0.0,0.0,0.0,0.0,0.0,0.0,0.0,0.0,209.74835410097944,-258.6555402959714,-61.05598124474403,-715.7191870300771,5.389643594654031,230.83483212431287,0.0,0.0,0.0,-321.1771743608815,0.0,0.0,0.01976202651405856,0.0,0.0,0.0,10.958941975796531,0.0,0.0,0.0,0.0,-35.81380854046129,0.0,647.4513643204651,0.0,0.0,0.0,0.0,0.0,0.0,0.0,0.0,1000.0,0.001796547864884701,0.0,0.0,0.0,0.0,0.0,0.0,0.0,0.0,0.0,-831.7386624277973,0.0,0.0,0.0,0.0,0.0,219.35988517811245,0.0,0.0,0.0,0.0,0.0,0.0,0.0,541.5076679880283,0.0,0.0,0.0,461.66966424862574,0.0,52.08875358455589,284.28081296992286,0.0,0.0,0.0,10.779287189308093,0.0,0.0,0.0,0.0,0.0,989.2207128106919,-1000.0,0.0,461.66966424862574,0.0,0.0,0.0,0.0,0.0,0.0,0.0,0.0,0.0,0.0,1000.0,0.0,1000.0,0.0,-5.389643594654031,0.0,999.928138085405,0.0,0.0,0.0,0.0,0.0,0.0,0.0,0.0,0.0,0.0,0.0,0.0,0.0,0.0,0.0,0.0,0.0,-2.2456848311058835,44.91890561151317,-1000.0,1000.0,0.0,0.0,0.0,0.0,0.0,0.0,-0.22456848311058464,18.13728817652066,0.0,0.0,0.0,0.0,0.0,0.0,0.0,1000.0,5.389643594654031,5.389643594654031,0.0,0.0,0.0,0.0,1000.0,0.01976202651405856,219.35988517811245,0.0,0.0,-999.928138085405,999.9982034521352,0.0,0.0,0.0,0.0,0.0,0.0,0.0,0.0,0.0,0.0,0.0,0.0,0.0,219.37570592547468,0.0,0.0,5.5692983811425,0.0,18.86375258128911,232.21817398027412,0.0,0.0,0.0,0.0,0.0,219.35988517811245,0.0,0.0,0.0,0.0,0.0,-2.2456848311058835,0.0,0.0,0.0,0.0,0.0,0.0,0.0,0.0,0.0,0.0,0.0,0.0,0.0,0.0,0.0,0.0,0.0,0.0,-0.01796547864884677,0.0,0.0,0.8982739324423386,-265.89504061833804,0.0,0.0,0.0,0.0,44.91890561151317,0.0,0.0,0.0,-986.1468194138738,0.4491369662212037,0.0,0.0,0.0,0.01796547864884677,0.0,17.96547864884677,0.0,3.593095729769354,0.12832484749176265,61.2622821925675,-0.013474108986635078,1000.0,0.35930957297693544,-0.08982739324389376,-61.2622821925675,5.389643594654031,-0.01796547864884677,4.874908647681575,121.32580988174381,0.004491369662211693,0.12832484749176265,-14.624725943044725,-233.69493632520852,-0.35930957297693544,-452.46559624716224,-0.01796547864884677,0.004491369662211693,-61.2622821925675,1.796547864884677,0.01796547864884677,0.01796547864884677,-219.32215767294954,-230.81507009779918,-7.305806773165944,-0.013474108986635078,5.389643594654031,0.01796547864884677,5.389643594654031,-8.982739324423385,-0.008982739324423386,-23.278992220403026,-1.814513343533524,-0.013474108986635078,-0.01796547864884677,0.0,0.01796547864884677,1.796547864884677,-0.35930957297693544,0.0,0.0,-1.796547864884677,452.46559624716224,0.0,3.593095729769354,0.026948217973270155,-769.4065865902089,1.796547864884677,-162.6607215579124,121.32580988174381,-3.593095729769354,0.008982739324423386,0.17965478648846772,25.954838984774984,96.0,-0.01796547864884677,-223.4021178741031,219.32215767294954,5.5692983811425,0.01796547864884677,233.69493632520852,99.76723550312752,121.32580988174381,-0.01796547864884677,-0.004491369662211693,-121.32580988174381,-0.01796547864884677,-688.6548164555804,0.01796547864884677,-0.004491369662211693,-0.004491369662211693,-0.004491369662211693,7.186191459538708,8.982739324423385,0.17965478648846772,13.310173993960461,-0.004491369662211693,47.034769321868396,0.8982739324423386,21.5,0.01796547864884677,0.008982739324423386,0.008982739324423386,40.0,0.0,0.01796547864884677,0.0,0.17965478648846772,0.01796547864884677,-13.310173993960461,0.01796547864884677,0.07186191459504698,0.08982739324389376,0.008982739324423386,0.004491369662211693,5.389643594654031,-0.01796547864884677,7.305806773165944,0.17965478648846772,-26.620347987920923,999.5508630337788,-1.796547864884677,3.593095729769354,0.8982739324423386,-0.01796547864884677,14.624725943044725,0.026948217973270155,-0.01796547864884677,-80.0,0.0,987.0680320100364,0.008982739324423386,-43.0,-0.01796547864884677,-0.01796547864884677,-0.01796547864884677,0.008982739324423386,61.2622821925675,-3.593095729769354,0.01796547864884677,51.90967796954997,-0.004491369662211693,230.81507009779918,-51.90967796954997,2.694821797327015,1.814513343533524,186.10760758118124,61.2622821925675,-0.013474108986635078,223.4021178741031,-96.0,0.01796547864884677,-0.004491369662211692,84.93426132259428,17.96547864884677,-0.008982739324423386,-0.01796547864884677,0.004491369662211693,717.896496224977,0.0,769.3976038508845,0.0,-46.0,0.0,589.876205229973,-10.373569545324635,0.0,-32.0,-93.0,-65.0,0.0,16.0,23.0,46.5,0.0,5.186784772662318,-219.35988517811245,-665.8908576491549,0.0,65.0,-665.8908576491549,-589.876205229973,244.15621093098042,0.0,1496.5981,hclb
428,0.0,0.0,0.0,0.0,0.0,0.0,0.0,0.0,-0.050603721669744035,0.0,0.0,0.0,0.0,0.0,0.0,0.0,805.9995859416838,-453.035889053802,0.0,-216.75409588168543,0.0,0.0,0.0,815.0309202565139,0.0,0.0,0.0,0.0,0.0,-958.4258502253662,0.0,0.0,521.1853698431156,0.0,0.0,0.0,0.0,866.6497445885138,0.0,-1000.0,1000.0,0.0,0.0,152.42626428368237,0.0,0.0,0.0,0.0,0.0,0.0,0.0,0.0,0.0,0.055664093837002326,0.0,0.0,0.0,10.120744333948807,0.0,0.0,-51.82897557188941,0.0,1000.0,881.3022645489058,0.0,0.0,0.0,0.0,0.0,0.0,0.0,0.5060372166974404,0.0,0.0,0.0,0.0,0.0,0.0,0.0,0.0,0.0,0.0,897.8017296700311,0.0,30.36223300184642,0.0,69.66206110989846,244.5584204847824,625.2380721941848,-516.8133471330941,-0.012650930417436009,0.0,0.0,269.04738819214356,15.18111650092321,0.0,15.18111650092321,0.0,0.0,0.0,897.8017296700311,2.5301860834872016,-958.4258502253662,0.0,0.0,-6.5898320838568125,0.0,0.0,0.0,0.0,0.0,0.0,0.0,0.0,0.0,0.0,0.0,0.0,0.0,0.0,0.0,0.0,0.0,0.0,-496.3304576349482,0.0,0.0,15.18111650092321,0.0,15.68715371762065,15.68715371762065,0.0,0.0,0.0,0.0,0.0,0.0,0.0,0.0,-66.86875987920486,0.0,0.0,0.0,0.0,0.0,-824.2431819915624,0.050603721669744035,0.0,0.0,0.0,-356.66276244474614,0.0,0.0,0.0,0.0,0.0,242.46238674867527,0.0,0.0,0.0,0.0,0.0,602.3876470998911,602.3876470998911,0.0,0.0,0.0,0.0,277.8709284197773,0.0,0.0,602.4382508215608,0.0,0.0,0.0,0.0,-460.7277808248297,0.0,0.0,0.0,0.0,0.0,0.0,0.0,0.0,0.0,0.0,0.0,0.0,0.0,0.0,-901.046000973588,0.0,0.0,0.0,0.0,0.0,0.0,0.0,-85.6515945797301,85.6515945797301,66.86875987920486,0.0,0.0,0.0,0.0,0.0,0.0,0.0,-594.7834470979207,0.0,0.0,0.0,0.0,0.0,0.0,0.0,0.0,0.0,0.0,0.0,0.0,0.0,127.92437839282607,381.9560404451973,152.42626428368237,0.0,0.0,0.0,0.0,27.78743489906492,0.0,0.0,0.0,0.0,-51.82897557188941,0.0,0.0,0.0,0.0,0.0,0.0,0.0,0.0,0.0,606.8484718604932,0.0,0.0,0.0,289.11033322608506,1000.0,158.9068259050523,0.0,-152.42626428368237,0.0,0.0,66.86875987920486,61.736540437087726,0.0,0.0,0.0,-62.22062893030511,0.0,0.0,0.0,0.0,0.0,0.0,0.0,0.0,539.5864776144548,0.0,-1000.0,0.0,0.0,77.90249611555741,0.0,0.0,0.0,-154.64664799125228,0.0,154.64664799125228,0.0,393.35086004852593,0.0,0.0,0.0,0.0,0.0,0.0,-51.82897557188941,-0.07590558250461606,0.0,0.0,0.0,0.0,0.050603721669744035,0.0,0.0,0.0,184.36021783390197,805.9995859416838,0.0,-669.0382269852254,24.946213629212743,460.7277808248297,945.3018608348721,0.0,72.49489166407565,0.0,-6.5898320838568125,0.0,0.0,0.0,-4.356980435765244,0.0,-68.1379112283104,-978.720974323457,-1000.0,0.0,0.0,0.0,0.0,0.0,0.0,0.0,0.0,0.0,0.0,0.0,0.0,0.0,0.0,0.0,0.0,0.0,-133.14784052479095,0.0,-1000.0,0.0,0.0,605.2190320227121,0.0,0.0,0.0,217.39471013106913,0.0,0.0,0.0,0.0,0.0,0.0,-328.1249999999991,0.0,0.0,0.0,0.0,0.0,0.0,0.0,328.1249999999991,-2.5301860834872016,0.0,-1.2650930417436008,-2.5301860834872016,-1000.0,0.0,678.2004652087189,581.101627836021,-245.38606958556022,15.18111650092321,0.0,0.0,0.0,0.0,0.0,0.0,127.92437839282607,0.0,0.0,0.0,-408.42445642596607,0.0,0.0,0.0,0.0,0.0,0.0,0.0,0.0,-31.202588803186927,0.0,0.0,69.8792556660512,0.0,0.0,0.0,0.0,10.112161499527934,0.10120744335677045,0.0,0.0,0.0,0.0,0.0,0.0,0.0,0.0,0.0,0.0,0.0,0.0,0.0,0.0,0.0,0.0,0.0,0.0,0.0,0.055664093837002326,0.055664093837002326,0.0,213.80363405887726,0.0,30.36223300184642,0.0,0.0,0.0,-626.7939612206814,0.0,0.0,69.66206110989846,0.0,0.0,-7.536577338754644,626.7939612206814,0.0,0.0,0.0,0.0,0.0,69.8792556660512,0.0,0.0,0.0,0.0,0.0,0.0,0.0,165.44348587831607,-184.36021783390197,356.66276244474614,0.0,375.2900889586017,0.0,269.04738819214356,0.0,-94.65619477826972,0.0,-7.536577338754644,0.0,2.57558416077329,0.0,0.0,0.0,127.92437839282607,0.0,0.0,0.0,0.0,0.0,0.0,0.0,0.0,0.0,0.0,0.0,0.0,0.0,30.36223300184642,66.86875987920486,66.86875987920486,0.0,0.0,0.0,0.0,0.0,0.0,0.0,0.0,0.0,0.0,0.5060372166974404,0.0,0.0,69.66206110989846,-69.66206110989846,0.0,0.0,0.0,0.0,15.18111650092321,0.0,0.0,0.0,301.731541280133,0.0,0.0,0.0,0.0,0.0,0.0,955.4875879823843,0.0,0.0,15.18111650092321,15.18111650092321,1000.0,626.7939612206814,0.0,69.8792556660512,0.0,0.0,0.0,0.0,0.0,937.1468245488231,0.0,1000.0,0.050603721669744035,0.0,0.0,-758.1407833130858,762.2216120105958,497.89354417587407,0.0,-269.04738819214356,0.0,0.0,0.0,0.0,0.0,0.0,0.0,0.0,0.0,0.0,0.0,0.0,0.0,0.0,0.050603721669744035,0.0,0.0,0.0,-260.4005343161621,260.4005343161621,0.0,0.0,0.0,0.0,0.0,822.6137421537812,0.0,0.0,-866.8521594752091,-3.7952791252308025,-0.7228155709971895,-1.8073705124900619,0.0,0.0,0.0,0.0,0.0,0.0,0.0,0.0,0.0,0.0,0.0,66.86875987920486,460.7277808248297,0.0,0.0,435.34458170664595,0.0,0.0,0.0,-0.050603721669744035,0.0,0.0,0.050603721669744035,0.0,0.050603721669744035,0.0,0.0,0.0,30.36223300184642,61.736540437087726,61.736540437087726,0.0,0.0,0.0,0.0,0.0,0.0,0.0,356.66276244474614,0.0,0.0,0.0,0.0,0.0,0.0,0.0,0.0,0.0,0.0,0.0,0.0,0.0,0.0,0.0,0.0,0.0,0.0,0.0,94.65619477826972,0.0,0.0,0.0,0.07590558250461606,0.0,0.0,0.0,-15.18111650092321,0.0,0.0,0.0,0.0,0.0,-213.80363405887726,2.5301860834872016,0.0,0.0,0.0,0.0,-277.8709284197773,782.6052898689309,-1.8073705124900619,0.0,0.0,0.0,0.0,0.0,0.0,0.0,66.86875987920486,0.0,0.0,38.31297429869448,85.8792556660512,0.0,411.54201811079736,491.30371209201724,0.0,1000.0,0.0,-1000.0,0.0,0.0,0.0,2.5301860834872514,1000.0,0.0,599.4443344669021,0.0,-170.52671102298385,0.0,0.0,0.0,0.0,0.0,0.0,0.0,0.0,0.0,-7.590558250461612,0.0,61.736540437087726,0.0,0.0,0.0,0.0,0.0,0.0,0.0,0.0,0.0,606.8484718604932,0.0,0.0,225.18947143456967,-4.080828697510128,0.0,0.0,15.18111650092321,69.66206110989846,0.0,0.0,0.0,127.7207424062634,0.0,0.0,0.055664093837002326,0.0,0.0,0.0,30.86827021854386,0.0,0.0,0.0,0.0,381.9560404451973,0.0,0.0,0.0,0.0,0.0,0.0,0.0,0.0,-959.2664344506761,0.0,0.005060372166974414,0.005060372166974414,0.0,0.0,0.0,0.0,0.0,0.0,0.0,0.0,0.0,-758.1407833130856,0.0,0.0,0.0,0.0,0.0,213.80363405887726,0.0,0.0,0.0,0.0,0.0,0.0,0.0,0.0,0.0,0.0,0.0,139.32412221979692,0.0,395.2450760016824,-453.035889053802,0.0,0.0,0.0,30.36223300184642,0.0,0.0,0.0,0.0,0.0,0.0,-30.36223300184642,0.0,139.32412221979692,0.0,0.0,0.0,0.0,0.0,0.0,0.0,0.0,0.0,0.0,-1000.0,-1000.0,34.663549343774676,0.0,-15.18111650092321,0.0,866.6497445885138,0.0,0.0,0.0,0.0,0.0,0.0,0.0,0.0,0.0,0.0,0.0,0.0,0.0,0.0,0.0,0.0,0.0,-6.325465208718054,66.86875987920486,-3.7952791252308025,-3.7952791252307634,0.0,0.0,0.0,0.0,0.0,0.0,-0.6325465208718005,31.202588803186927,0.0,0.0,0.0,0.0,0.0,0.0,0.0,1000.0,15.18111650092321,15.18111650092321,0.0,0.0,0.0,0.0,0.0,0.055664093837002326,213.80363405887726,0.0,0.0,-866.6497445885138,0.0,0.0,0.0,0.0,0.0,0.0,0.0,0.0,0.0,0.0,0.0,0.0,0.0,0.0,0.0,0.0,0.0,15.68715371762065,0.0,53.133907753231234,0.0,0.0,73.55854767846871,0.0,0.0,0.0,213.80363405887726,0.0,-178.10907341721597,0.0,0.0,0.0,-6.325465208718054,0.0,0.0,0.0,0.0,0.0,0.0,0.0,0.0,0.0,0.0,0.0,0.0,0.0,0.0,0.0,0.0,0.0,0.0,-0.050603721669744035,0.0,0.0,2.5301860834872016,7.536577338754644,0.0,0.0,0.0,0.0,66.86875987920486,0.0,0.0,0.0,4.356980435765244,1.2650930417436008,0.0,0.0,0.0,0.050603721669744035,0.0,50.60372166974403,0.0,10.120744333948807,0.3614551547838859,172.55869089382713,-0.03795279125230803,2.5301860834872016,1.0120744333948808,-0.25301860836498236,-172.55869089382713,15.18111650092321,-0.050603721669744035,2.1966106946189377,69.8792556660512,0.012650930417436009,0.36145515478388596,-6.5898320838568125,-77.7181735997372,-1.0120744333948808,-136.2096010061964,-0.050603721669744035,0.012650930417436009,-172.55869089382713,5.060372166974403,0.050603721669744035,0.050603721669744035,-213.6973662433705,-69.60639701606173,0.0,-0.03795279125230803,15.18111650092321,0.050603721669744035,15.18111650092321,-25.301860834872016,-0.025301860834872018,-229.28272258096166,-32.89841078770907,-0.03795279125230803,-0.050603721669744035,0.0,0.050603721669744035,5.060372166974403,-1.0120744333948808,94.65619477826972,94.65619477826972,-5.060372166974403,136.2096010061964,-94.65619477826972,10.120744333948807,0.07590558250461606,154.43258128249204,5.060372166974403,-165.44348587831607,69.8792556660512,-10.120744333948807,0.025301860834872018,0.5060372166974404,167.25955674630634,96.0,-0.050603721669744035,-225.18947143456967,213.6973662433705,15.68715371762065,0.050603721669744035,77.7181735997372,9.154789662358311,69.8792556660512,-0.050603721669744035,-0.012650930417436009,-69.8792556660512,-0.050603721669744035,10.112161499527934,0.050603721669744035,-0.012650930417436009,-0.012650930417436009,-0.012650930417436009,20.241488667897613,25.301860834872016,0.5060372166974404,37.491032292095646,-0.012650930417436009,332.32250279799376,2.5301860834872016,-2.5258946662767654,0.050603721669744035,0.025301860834872018,0.025301860834872018,40.0,0.0,0.050603721669744035,0.0,0.5060372166974404,0.050603721669744035,-37.491032292095646,0.050603721669744035,0.2024148866952089,0.25301860836498236,0.025301860834872018,0.012650930417436009,15.18111650092321,-0.050603721669744035,0.0,0.5060372166974404,-74.98206458419129,1.2650930417436008,-5.060372166974403,10.120744333948807,2.5301860834872016,-0.050603721669744035,6.5898320838568125,0.07590558250461606,-0.050603721669744035,-80.0,0.0,59.35661721109593,0.025301860834872018,5.051789332553533,-0.050603721669744035,-0.050603721669744035,-0.050603721669744035,0.025301860834872018,172.55869089382713,-10.120744333948807,0.050603721669744035,334.5191134926127,-0.012650930417436009,69.60639701606173,-334.5191134926127,7.590558250461604,32.89841078770907,-164.71413473125986,172.55869089382713,-0.03795279125230803,225.18947143456967,-96.0,0.050603721669744035,-0.01265093041743601,2.5301860834872514,50.60372166974403,-0.025301860834872018,-0.050603721669744035,0.012650930417436009,0.0,0.0,-177.23101362468762,0.0,-46.0,0.0,-108.0,-31.0,0.0,-32.0,-93.0,-65.0,-22.7731304813607,16.0,23.0,46.5,0.0,15.5,-213.80363405887726,-187.07735961735932,22.7731304813607,65.0,-187.07735961735932,108.0,-61.10758091466636,0.0,1496.5981,hclb
429,0.0,0.0,0.0,0.0,0.0,0.0,0.0,0.0,-0.07489502396759277,0.0,0.0,0.0,0.0,0.0,0.0,0.0,944.3594898465212,-391.4845554198849,0.0,-161.37726084945314,0.0,0.0,0.0,0.0,0.0,0.0,0.0,0.0,0.0,-583.365695911916,0.0,0.0,16.446188080934185,0.0,0.0,0.0,0.0,570.341054970457,0.0,-1000.0,1000.0,0.0,0.0,304.6675127079317,0.0,0.0,0.0,0.0,334.33869335746306,0.0,0.0,0.0,0.0,0.08238452636442162,0.0,0.0,0.0,14.979004793518554,0.0,0.0,-6.595755110745358,0.0,6.595755110745358,0.0,0.0,0.0,0.0,0.0,373.4259275531183,-373.4259275531183,0.0,0.7489502396759278,0.0,0.0,0.0,0.0,0.0,0.0,0.0,611.0301003122074,0.0,0.0,-107.77654903754765,0.0,44.93701438055566,0.0,0.0,354.1640364548384,-241.36454608163956,0.0,-0.018723755991898194,0.0,0.0,0.0,22.46850719027783,0.0,22.46850719027783,0.0,0.0,0.0,0.0,998.1276244008102,-1000.0,0.0,0.0,-12.898631889381948,117.78106363141278,0.0,0.0,0.0,0.0,0.0,0.0,0.0,0.0,0.0,0.0,0.0,0.0,0.0,0.0,0.0,0.0,0.0,-511.1127314091066,0.0,0.0,22.46850719027783,0.0,23.217457429953757,2.31065635509934,0.0,0.0,0.0,0.0,0.0,0.0,0.0,0.0,0.0,0.0,0.0,0.0,0.0,0.0,113.54346588305216,0.07489502396759277,0.0,0.0,0.0,0.0,-934.8594288748574,0.0,0.0,0.0,0.0,494.0186814496381,0.0,0.0,0.0,0.0,0.0,-182.03493598016962,-182.03493598016962,0.0,0.0,0.0,765.625,0.0,0.0,0.0,-181.96004095620202,0.0,0.0,0.0,-197.65851614647912,0.0,0.0,0.0,0.0,0.0,0.0,0.0,0.0,0.0,0.0,-583.4576701679802,0.0,0.0,0.0,0.0,-942.9132445204696,0.0,0.0,0.0,0.0,0.0,0.0,0.0,241.36454608163956,-241.36454608163956,0.0,0.0,0.0,0.0,0.0,0.0,0.0,416.63430408808404,-142.262517546023,0.0,0.0,0.0,0.0,0.0,0.0,0.0,0.0,0.0,0.0,0.0,0.0,0.0,261.84527521761925,804.0363748304817,-695.3324872920683,0.0,0.0,0.0,0.0,77.43560257927312,0.0,0.0,0.0,0.0,-6.595755110745358,-1000.0,0.0,0.0,0.0,0.0,0.0,0.0,0.0,0.0,2.4116197717547436,0.0,0.0,0.0,482.7290921632791,0.0,929.867275893941,0.0,695.3324872920683,0.0,0.0,0.0,-527.9598367175834,0.0,0.0,0.0,-215.86532220957565,0.0,0.0,-999.9999999999999,0.0,0.0,-1000.0,0.0,0.0,0.0,0.0,-1000.0,0.0,0.0,136.14282700050939,0.0,0.0,0.0,-1000.0,0.0,1000.0,0.0,320.996867321411,0.0,0.0,40.055516775281035,765.6249999999999,0.0,0.0,-6.595755110745358,-0.11234253595138916,0.0,0.0,0.0,0.0,0.07489502396759277,0.0,0.0,0.0,840.5975149791639,944.3594898465212,0.0,-904.7981433503896,974.9650877283033,0.0,957.4475119837964,0.0,-440.4800169241251,0.0,-12.898631889381948,0.0,0.0,0.0,312.97469805729446,626.5740724468817,-499.0687535800512,-1000.0,-1000.0,0.0,0.0,0.0,0.0,0.0,0.0,0.0,0.0,0.0,0.0,0.0,0.0,0.0,0.0,0.0,0.0,0.0,0.0,0.0,-1000.0,0.0,429.35936493367285,0.0,395.82841651707554,743.0291230097362,0.0,-115.95508565480691,0.0,107.77654903754765,0.0,0.0,994.3828732024306,0.0,392.6054770101181,301.1496039418673,0.0,-1000.0,1000.0,0.0,78.79944418678332,0.0,-392.6054770101181,-1000.0,1000.0,-1.8723755991898192,-3.7447511983796384,0.0,0.0,1000.0,-571.4787534033348,-632.0474614908512,22.46850719027783,0.0,0.0,0.0,0.0,0.0,0.0,261.84527521761925,0.0,0.0,0.0,90.91962709586339,0.0,0.0,-503.1066983255482,0.0,0.0,416.63430408808404,0.0,0.0,-13.191510221490717,0.0,0.0,65.02099520648144,0.0,0.0,0.0,0.0,-35.51049760324072,0.14979004793491413,0.0,0.0,0.0,0.0,0.0,0.0,0.0,0.0,0.0,0.0,0.0,0.0,0.0,0.0,0.0,0.0,0.0,0.0,0.0,0.08238452636442162,0.08238452636442162,0.0,342.86627042410066,0.0,44.93701438055566,0.0,0.0,0.0,1000.0,0.0,214.507240331196,0.0,0.0,0.0,572.7492548247574,-1000.0,0.0,0.0,0.0,0.0,0.0,65.02099520648144,0.0,0.0,0.0,0.0,0.0,0.0,0.0,170.37091046970218,-840.5975149791639,817.0783652434446,0.0,157.51077322554855,0.0,-64.38393839319953,64.38393839319953,-13.051664186073594,0.0,572.7492548247574,0.0,1000.0,-462.7612427784834,0.0,0.0,261.84527521761925,0.0,0.0,0.0,0.0,0.0,0.0,0.0,0.0,0.0,0.0,0.0,0.0,0.0,44.93701438055566,0.0,0.0,0.0,0.0,0.0,0.0,0.0,0.0,0.0,0.0,0.0,0.0,0.7489502396759278,0.0,0.0,0.0,0.0,0.0,0.0,0.0,0.0,22.46850719027783,0.0,0.0,0.0,151.74385638004404,0.0,0.0,0.0,0.0,0.0,0.0,-520.3205442728889,1000.0,0.0,22.46850719027783,22.46850719027783,1000.0,-1000.0,0.0,65.02099520648144,0.0,0.0,0.0,0.0,0.0,1000.0,416.63430408808404,800.1672059210865,0.07489502396759277,0.0,0.0,-316.5013001762149,406.168253194162,0.0,0.0,0.0,0.0,0.0,0.0,0.0,0.0,0.0,0.0,0.0,0.0,0.0,0.0,0.0,0.0,0.0,0.07489502396759277,0.0,0.0,0.0,-514.7683264960926,514.7683264960926,0.0,0.0,0.0,429.35936493367285,-115.95508565480691,780.0486956710765,0.0,-672.2721466335289,-1000.0,-5.617126797569426,0.0,-3.7447511983796176,0.0,0.0,0.0,0.0,0.0,0.0,0.0,0.0,0.0,0.0,0.0,0.0,0.0,0.0,0.0,371.6972897075284,0.0,0.0,0.0,-0.07489502396759277,0.0,0.0,0.07489502396759277,0.0,0.07489502396759277,0.0,0.0,0.0,44.93701438055566,91.37192924046317,91.37192924046317,0.0,0.0,0.0,0.0,0.0,0.0,107.77654903754765,817.0783652434446,0.0,416.63430408808404,0.0,0.0,0.0,319.42315962090424,0.0,0.0,0.0,0.0,0.0,0.0,0.0,0.0,0.0,0.0,0.0,0.0,0.0,77.43560257927312,0.0,0.0,0.0,0.11234253595138916,0.0,0.0,0.0,-22.46850719027783,0.0,0.0,0.0,0.0,0.0,-342.86627042410066,3.7447511983796384,0.0,0.0,0.0,-765.6249999999999,0.0,0.0,-3.7447511983796176,0.0,0.0,0.0,0.0,0.0,0.0,0.0,0.0,0.0,0.0,300.10520458244685,81.02099520648144,0.0,867.099360449926,-12.898631889381946,0.0,0.0,780.0486956710765,-780.0486956710765,0.0,-619.3317659580465,0.0,3.7447511983796176,552.5478307573097,0.0,0.0,0.0,-13.191510221490717,0.0,0.0,-140.6249999999984,140.6249999999984,0.0,0.0,0.0,0.0,0.0,572.2234165728412,0.0,91.37192924046317,0.0,-157.52500189346222,-157.52500189346222,157.52500189346222,0.0,0.0,0.0,0.0,0.0,2.4116197717547436,0.0,0.0,359.71765081680905,-89.6669530179471,-97.0578683608484,0.0,22.46850719027783,0.0,0.0,0.0,0.0,232.0049506596975,0.0,0.0,0.08238452636442162,0.0,0.0,0.0,45.68596462023159,0.0,0.0,0.0,0.0,804.0363748304817,0.0,117.78106363141278,0.0,0.0,0.0,0.0,0.0,0.0,-167.15964377187268,0.0,0.007489502396759384,0.007489502396759384,0.0,0.0,0.0,0.0,0.0,0.0,0.0,0.0,0.0,-316.5013001762149,0.0,0.0,0.0,0.0,0.0,342.86627042410066,0.0,0.0,0.0,0.0,0.0,0.0,0.0,0.0,0.0,0.0,0.0,0.0,61.68041220105239,1000.0,-391.4845554198849,0.0,0.0,0.0,44.93701438055566,0.0,0.0,0.0,0.0,0.0,0.0,-44.93701438055566,0.0,0.0,0.0,0.0,0.0,0.0,0.0,0.0,0.0,0.0,0.0,0.0,-800.1672059210865,-1000.0,370.7262510387053,0.0,-22.46850719027783,0.0,999.7004199041298,0.0,0.0,0.0,0.0,0.0,0.0,0.0,0.0,0.0,0.0,0.0,0.0,0.0,0.0,0.0,0.0,0.0,-9.361877995949044,0.0,-1000.0,313.8060328233348,0.0,0.0,0.0,0.0,0.0,0.0,-0.9361877995949099,13.191510221490717,0.0,0.0,0.0,0.0,0.0,0.0,0.0,1000.0,22.46850719027783,22.46850719027783,0.0,0.0,0.0,0.0,611.0301003122074,0.08238452636442162,342.86627042410066,0.0,0.0,-999.7004199041298,0.0,0.0,0.0,0.0,0.0,0.0,0.0,0.0,0.0,0.0,0.0,0.0,0.0,0.0,0.0,0.0,0.0,2.31065635509934,0.0,78.63977516597241,113.54346588305216,0.0,0.0,0.0,0.0,0.0,342.86627042410066,0.0,0.0,0.0,0.0,0.0,-9.361877995949044,0.0,0.0,0.0,0.0,0.0,0.0,0.0,0.0,0.0,0.0,0.0,0.0,0.0,0.0,0.0,0.0,0.0,0.0,-0.07489502396759277,0.0,0.0,3.7447511983796384,-572.7492548247574,0.0,0.0,0.0,0.0,0.0,0.0,0.0,0.0,-312.97469805729446,1.8723755991898192,0.0,0.0,0.0,0.07489502396759277,0.0,74.89502396759276,-20.906801074854414,14.979004793518554,0.5349644569113768,213.5784295797825,-0.05617126797569458,698.8503960581327,1.4979004793518553,-0.37447511983771165,-213.5784295797825,22.46850719027783,-0.07489502396759277,4.299543963127316,65.02099520648144,0.018723755991898194,0.534964456911377,-12.898631889381948,-11.923287815638872,-1.4979004793518413,-391.49767357718315,-0.07489502396759277,0.018723755991898194,-213.5784295797825,7.489502396759277,0.07489502396759277,0.07489502396759277,-342.70899087376864,0.08238452636435216,-26.15942190541101,-0.05617126797569458,22.46850719027783,0.07489502396759277,22.46850719027783,-37.44751198379638,-0.03744751198379639,-442.0619957654632,-85.0,-0.05617126797569458,-0.07489502396759277,-20.906801074854414,0.07489502396759277,7.489502396759277,-1.4979004793518553,77.43560257927312,77.43560257927312,-7.489502396759277,391.49767357718315,-77.43560257927312,14.979004793518554,0.11234253595138916,500.15549048811926,7.489502396759277,-170.37091046970218,65.02099520648144,-14.979004793518554,0.03744751198379639,0.7489502396759278,226.1995358375974,96.0,-0.07489502396759277,-359.71765081680905,342.70899087376864,23.217457429953757,0.07489502396759277,11.923287815638872,-24.853033554629903,65.02099520648144,-0.07489502396759277,-0.018723755991898194,-65.02099520648144,-0.07489502396759277,-153.2915612346535,0.07489502396765602,-0.018723755991898194,-0.018723755991898194,-0.018723755991898194,29.958009587037104,37.44751198379638,0.7489502396759278,286.2468784556339,-0.018723755991898194,448.0995277120675,3.7447511983796384,21.5,0.07489502396759277,0.03744751198379639,0.03744751198379639,40.0,20.906801074854414,0.07489502396759277,-20.906801074854414,0.7489502396759278,0.07489502396759277,-747.7649336029247,0.07489502396759277,0.29958009587022616,0.37447511983771165,0.03744751198379639,0.018723755991898194,22.46850719027783,-0.07489502396759277,26.15942190541101,0.7489502396759207,-572.4937569112678,696.9780204589429,-7.489502396759277,14.979004793518554,3.7447511983796384,-0.07489502396759277,12.898631889381948,0.11234253595138916,-0.07489502396759277,-80.0,20.906801074854414,12.869672763248332,0.03744751198379639,-43.0,-0.07489502396759277,-0.07489502396765602,-0.07489502396759277,0.03744751198379639,213.5784295797825,-14.979004793518554,0.07489502396759277,452.3990716751948,-0.018723755991898194,-0.08238452636435216,-452.3990716751948,11.234253595138913,85.0,-261.66584314847466,213.5784295797825,-0.05617126797569458,359.71765081680905,-96.0,0.07489502396759277,-0.01872375599189819,3.7447511983796176,74.89502396759276,-0.03744751198379639,-0.07489502396759277,0.018723755991898194,0.0,0.0,-500.192938000103,461.51805514729074,-46.0,0.0,-108.0,-31.0,0.0,-32.0,-93.0,-65.0,0.0,16.0,23.0,46.5,0.0,15.5,-342.86627042410066,-244.87462342294583,0.0,65.0,-244.87462342294583,108.0,-45.31823442106469,0.0,1496.5981,hclb
430,0.0,0.0,0.0,0.0,0.0,0.0,0.0,0.0,-0.05541708545883838,0.0,0.0,0.0,0.0,0.0,0.0,0.0,-99.68706604777775,468.04121783100095,0.0,0.0,0.0,0.0,0.0,0.0,0.0,0.0,0.0,0.0,0.0,-460.6613307878032,0.0,0.0,84.57041182356149,0.0,0.0,0.0,0.0,701.8765086230112,0.0,-1000.0,1000.0,0.0,-122.69876906474809,-562.3503722291671,0.0,0.0,0.0,0.0,0.0,-350.56210465579915,0.0,0.0,0.0,0.06095879400487547,0.0,0.0,0.0,11.083417091767677,0.0,0.0,115.03647048805703,0.0,-226.6383533380534,-471.3524882923889,585.5274703121992,0.0,0.0,0.0,246.83093576949213,-246.83093576949213,0.0,0.5541708545883839,0.0,0.0,0.0,0.0,0.0,0.0,0.0,0.0,0.0,0.0,276.4178091068352,0.0,33.25025127530303,0.0,0.0,488.53571130560897,-488.53571130560897,99.770191675966,-0.013854271364709597,0.0,0.0,0.0,16.625125637651514,0.0,16.625125637651514,-1.7844301517729946,0.0,0.0,479.04536938699465,2.770854272941919,-936.387163266013,0.0,0.0,0.0,0.0,0.0,0.0,0.0,0.0,0.0,0.0,0.0,0.0,0.0,0.0,0.0,0.0,0.0,0.0,0.0,0.0,0.0,-1000.0,0.0,0.0,16.625125637651514,0.0,17.1792964922399,17.1792964922399,0.0,-718.3396906002156,718.3396906002156,0.0,0.0,-359.7506054423925,0.0,0.0,0.0,0.0,0.0,0.0,0.0,0.0,-272.1506935265047,0.05541708545883838,0.0,0.0,0.0,0.0,0.0,0.0,0.0,202.62756028015943,0.0,-49.221407895091986,0.0,0.0,0.0,0.0,0.0,577.2530523927472,577.2530523927472,0.0,0.0,0.0,0.0,0.0,0.0,0.0,577.3084694782061,0.0,0.0,0.0,-1000.0,-740.8727311175179,0.0,0.0,0.0,0.0,0.0,0.0,0.0,0.0,0.0,0.0,0.0,0.0,0.0,0.0,-626.4393650842804,0.0,0.0,0.0,0.0,0.0,350.56210465579915,122.69876906474809,388.7655196296429,-388.7655196296429,359.7506054423925,0.0,0.0,0.0,0.0,0.0,0.0,475.7258324782098,-953.0105527741224,0.0,0.0,0.0,0.0,0.0,0.0,0.0,0.0,0.0,0.0,0.0,0.0,0.0,298.1145135002974,-20.833165816464646,437.64962777083286,0.0,0.0,0.0,0.0,79.40287436865731,0.0,0.0,0.0,0.0,115.03647048805703,1000.0,0.0,0.0,249.7426373288015,0.0,0.0,0.0,0.0,0.0,0.0,0.0,0.0,0.0,0.0,-1000.0,1000.0,0.0,-437.64962777083286,0.0,0.0,359.7506054423925,-796.3239472470281,0.0,0.0,0.0,-188.08385098816234,0.0,0.0,-106.17736457654348,767.7853177318157,767.7853177318157,-873.962682308361,0.0,0.0,-99.770191675966,0.0,368.271026155035,350.56210465579915,0.0,-250.1812183964109,0.0,0.0,0.0,-509.10297138319913,0.0,509.10297138319913,0.0,577.1976353072885,0.0,0.0,35.559406102023786,0.0,0.0,0.0,115.03647048805703,-0.08312562818825757,0.0,0.0,0.0,0.0,0.05541708545883838,0.0,0.0,0.0,170.6607596355791,-99.68706604777775,0.0,-347.6502225703727,101.89920222703618,740.8727311175179,999.2348832699979,0.0,-781.8249992969875,0.0,0.0,0.0,0.0,0.0,-4.771411058006137,-5.060965791902489,791.6573761468961,-1000.0,-1000.0,0.0,0.0,0.0,0.0,0.0,0.0,0.0,0.0,0.0,0.0,0.0,0.0,0.0,0.0,0.0,0.0,249.7426373288015,718.334780337246,0.0,-281.665219662754,202.62756028015943,297.9018230351553,0.0,0.0,0.0,0.0,825.4472102717274,0.0,0.0,0.0,159.66731309236843,0.0,0.0,0.0,-2.770854272941919,271.870046196593,-241.76996997758965,562.7499472431806,0.0,-25.943794809590486,-1000.0,0.0,0.0,0.0,-273.255473333064,-2.770854272941919,0.0,0.0,0.0,1000.0,-279.79648395482013,16.625125637651514,0.0,0.0,0.0,0.0,0.0,0.0,0.0,-298.1145135002974,298.1145135002974,298.1145135002974,27.121453496030384,0.0,0.0,0.0,0.0,0.0,475.7258324782098,0.0,0.0,-129.67766446627851,0.0,-15.62499999999828,17.390242367653606,0.0,0.0,0.0,0.0,-37.458291454116164,0.11083417091771378,0.0,0.0,0.0,0.0,0.0,0.0,0.0,0.0,0.0,0.0,0.0,0.0,0.0,0.0,0.0,0.0,0.0,0.0,0.0,0.06095879400487547,0.06095879400487547,0.0,383.0310964085297,0.0,33.25025127530303,0.0,0.0,0.0,-542.0378171616351,0.0,0.0,0.0,0.0,0.0,357.93004888845644,542.0378171616351,0.0,0.0,494.62134965289454,0.0,0.0,17.390242367653606,0.0,0.0,0.0,0.0,0.0,0.0,0.0,333.3333333333333,-170.6607596355791,0.0,0.0,4.267115580330553,0.0,0.0,0.0,-439.1534798110498,0.0,357.93004888845644,0.0,320.4717574343403,0.0,0.0,0.0,298.1145135002974,0.0,0.0,0.0,0.0,0.0,0.0,0.0,0.0,0.0,0.0,0.0,0.0,0.0,33.25025127530303,359.7506054423925,359.7506054423925,0.0,0.0,0.0,0.0,0.0,0.0,0.0,0.0,0.0,0.0,0.5541708545883839,0.0,0.0,0.0,0.0,0.0,122.69876906474809,0.0,0.0,16.625125637651514,-494.62134965289454,0.0,0.0,0.0,0.0,0.0,0.0,0.0,0.0,0.0,-786.404288949896,1000.0,0.0,16.625125637651514,16.625125637651514,1000.0,542.0378171616351,0.0,17.390242367653606,0.0,0.0,0.0,0.0,0.0,936.387163266013,475.7258324782098,1000.0,0.05541708545883838,0.0,0.0,-774.0509788469934,778.519970952924,54.795129412201945,0.0,0.0,0.0,0.0,0.0,0.0,0.0,0.0,0.0,0.0,0.0,0.0,0.0,0.0,0.0,0.0,0.05541708545883838,0.0,0.0,0.0,-429.5944341973659,429.5944341973659,0.0,0.0,0.0,297.9018230351553,-174.55278972827261,1000.0,0.0,0.0,-1000.0,-4.156281409412879,-2.7708542729419214,0.0,0.0,0.0,0.0,0.0,0.0,0.0,0.0,0.0,0.0,0.0,0.0,359.7506054423925,740.8727311175179,0.0,0.0,-277.0256296818782,0.0,0.0,0.0,-0.05541708545883838,0.0,0.0,0.05541708545883838,0.0,0.05541708545883838,0.0,0.0,0.0,33.25025127530303,67.60884425978283,67.60884425978283,0.0,0.0,0.0,0.0,0.0,0.0,0.0,0.0,0.0,475.7258324782098,0.0,0.0,0.0,0.0,0.0,0.0,0.0,0.0,0.0,0.0,0.0,0.0,0.0,0.0,0.0,0.0,0.0,439.1534798110498,0.0,0.0,0.0,0.08312562818825757,0.0,0.0,0.0,-16.625125637651514,0.0,0.0,0.0,0.0,0.0,-383.0310964085297,2.770854272941919,0.0,0.0,0.0,0.0,0.0,0.0,0.0,0.0,-15.62499999999828,0.0,0.0,0.0,0.0,0.0,359.7506054423925,0.0,494.62134965289454,-1000.0,84.91658290823233,0.0,53.91658290823232,54.795129412201945,0.0,1000.0,0.0,-1000.0,202.62756028015943,-863.9327915068109,0.0,2.7708542729419214,1000.0,0.0,0.0,0.0,-129.67766446627851,78.12500000000527,-78.12500000000527,0.0,0.0,0.0,-553.2965167452227,0.0,0.0,0.0,387.1873778179426,-395.4999406367684,67.60884425978283,0.0,-141.90000189346225,-141.9000018934622,141.9000018934622,0.0,0.0,0.0,0.0,0.0,0.0,0.0,0.0,0.0,-4.468992105930609,310.11070129462456,-122.69876906474809,16.625125637651514,0.0,0.0,0.0,0.0,-159.00358918327754,0.0,0.0,0.06095879400487547,0.0,0.0,0.0,33.804422129891414,0.0,0.0,0.0,0.0,-20.833165816464646,0.0,0.0,0.0,0.0,0.0,0.0,0.0,0.0,-433.24338844888445,0.0,0.005541708545883996,0.005541708545883996,0.0,0.0,0.0,0.0,0.0,0.0,0.0,0.0,0.0,-774.0509788469934,0.0,0.0,0.0,0.0,0.0,383.0310964085297,0.0,0.0,0.0,0.0,0.0,0.0,0.0,350.56210465579915,0.0,0.0,0.0,0.0,1000.0,-708.4043368757725,468.04121783100095,0.0,0.0,0.0,33.25025127530303,0.0,0.0,0.0,0.0,0.0,0.0,-33.25025127530303,0.0,0.0,0.0,0.0,0.0,0.0,0.0,0.0,0.0,0.0,0.0,0.0,-1000.0,-1000.0,37.9607035393043,-16.625125637651514,0.0,0.0,999.7783316581665,0.0,0.0,0.0,0.0,0.0,0.0,0.0,0.0,0.0,367.1875,0.0,-367.1875,-367.1875,0.0,0.0,0.0,0.0,-6.9271356823548,359.7506054423925,-4.156281409412879,391.3436592273555,0.0,0.0,0.0,0.0,0.0,-0.6927135682354799,0.0,332.30522474643794,0.0,0.0,0.0,0.0,0.0,0.0,0.0,1000.0,16.625125637651514,16.625125637651514,0.0,0.0,0.0,0.0,0.0,0.06095879400487547,383.0310964085297,0.0,0.0,-999.7783316581665,0.0,0.0,0.0,0.0,0.0,0.0,0.0,0.0,0.0,0.0,0.0,0.0,0.0,0.0,0.0,0.0,0.0,17.1792964922399,0.0,58.1879397317803,0.0,0.0,4.267115580330553,0.0,0.0,0.0,383.0310964085297,0.0,-4.555284424714916,0.0,0.0,0.0,-6.9271356823548,0.0,0.0,0.0,0.0,0.0,0.0,0.0,0.0,0.0,0.0,0.0,0.0,0.0,0.0,0.0,0.0,0.0,0.0,-0.05541708545883838,0.0,0.0,2.770854272941919,-357.93004888845644,0.0,0.0,0.0,0.0,359.7506054423925,0.0,0.0,0.0,4.771411058006137,1.3854271364709598,0.0,0.0,0.0,0.05541708545883838,0.0,55.41708545883838,0.0,11.083417091767679,0.39583632470598845,188.9722614146389,-0.041562814094128785,2.770854272941919,1.1083417091767678,-0.27708542729233077,-188.9722614146389,16.625125637651518,-0.05541708545883839,0.0,17.390242367653606,0.013854271364709597,0.39583632470598845,0.0,-8.82240000504541,-1.1083417091767678,-368.3541517832232,-0.05541708545883839,0.013854271364709597,-188.9722614146389,5.541708545883838,0.05541708545883839,0.05541708545883838,-382.914720529066,0.060958794004722386,-67.23357386547566,-0.041562814094128785,16.625125637651514,0.05541708545883839,16.625125637651514,-27.708542729419193,-0.027708542729419194,116.45498176056765,-85.0,-0.041562814094128785,-0.05541708545883839,0.0,0.05541708545883838,5.541708545883838,-1.1083417091767678,439.1534798110498,439.1534798110498,-5.541708545883838,368.3541517832232,-439.1534798110498,11.083417091767677,0.08312562818825757,42.738137105977785,5.541708545883838,-333.3333333333333,17.390242367653606,-11.083417091767677,0.027708542729419194,0.5541708545883839,86.91255564259318,96.0,-0.05541708545883838,-395.4999406367684,382.914720529066,17.1792964922399,0.05541708545883839,8.82240000504541,-49.11026018295297,17.390242367653606,-0.05541708545883838,-0.013854271364709597,-17.390242367653606,-0.05541708545883838,-37.458291454116164,0.05541708546065738,-0.013854271364709597,-0.013854271364709597,-0.013854271364709597,22.166834183535354,27.708542729419193,0.5541708545883839,41.05713318931507,-0.013854271364709597,173.82511128518635,2.770854272941919,21.5,0.05541708545883838,0.027708542729419194,0.02770854272941919,14.236829729710642,0.0,0.05541708545883838,0.0,0.5541708545883839,0.05541708545883839,-41.05713318931507,0.05541708545883839,0.22166834183349238,0.27708542729233077,0.027708542729419194,0.013854271364709597,16.625125637651514,-0.05541708545883839,67.23357386547566,0.5541708545883839,-82.11426637863013,1.3854271364709596,-5.541708545883838,11.083417091767677,2.770854272941919,-0.05541708545883839,0.0,0.08312562818825757,-0.05541708545883839,-28.473659459421285,0.0,408.19470918056857,0.027708542729419194,-43.0,-0.05541708545883839,-0.05541708546065738,-0.055417085458838396,0.027708542729419194,188.9722614146389,-11.083417091767677,0.05541708545883838,173.82511128518635,-0.013854271364709597,-0.060958794004722386,-173.82511128518635,8.312562818825757,85.0,-259.8123791516056,188.9722614146389,-0.041562814094128785,395.4999406367684,-96.0,0.05541708545883839,-0.013854271364709594,162.43816736531036,55.41708545883838,-0.027708542729419194,-0.05541708545883839,0.013854271364709597,0.0,0.0,-42.765845648707206,0.0,-46.0,0.0,625.1056967172096,-31.0,0.0,-32.0,-93.0,-65.0,0.0,16.0,23.0,46.5,0.0,15.5,-383.0310964085297,-249.191119997291,0.0,65.0,-249.191119997291,-625.1056967172096,334.3371241771394,0.0,1496.5981,hclb
431,0.0,0.0,0.0,0.0,0.0,0.0,0.0,0.0,-0.05954539562323917,0.0,0.0,0.0,0.0,0.0,0.0,0.0,391.6677239985292,-1000.0,0.0,872.9890011472128,0.0,0.0,0.0,0.0,0.0,0.0,0.0,0.0,0.0,-140.02645302195697,0.0,0.0,17.54911765333219,0.0,0.0,0.0,0.0,515.1860192863207,0.0,-1000.0,1000.0,0.0,0.0,930.3221618546225,0.0,0.0,0.0,0.0,-1000.0,0.0,0.0,0.0,0.0,0.06549993518524076,0.0,0.0,0.0,11.909079124647834,0.0,0.0,84.62285446577471,0.0,0.0,-184.97760245520834,0.0,0.0,0.0,0.0,0.0,0.0,0.0,0.5954539562323917,0.0,0.0,0.0,0.0,0.0,0.0,0.0,0.0,0.0,0.0,159.6485298434279,0.0,35.7272373739435,0.0,0.0,936.4945005736064,498.4479982939715,245.6777974399953,624.4866362648401,0.0,0.0,0.0,17.86361868697175,0.0,17.86361868697175,0.0,0.0,0.0,308.5757737270699,50.10557163891953,-1000.0,0.0,0.0,-12.134929103394548,0.0,0.0,0.0,0.0,0.0,0.0,0.0,0.0,0.0,0.0,0.0,0.0,0.0,0.0,0.0,0.0,0.0,0.0,-1000.0,0.0,0.0,17.86361868697175,0.0,18.45907264320414,0.0,0.0,-546.9357012330319,-171.8125000000001,718.748201233032,-718.748201233032,434.91591227430973,0.0,0.0,-704.5163691952928,0.0,0.0,0.0,0.0,0.0,-155.06353438043845,0.05954539562323917,624.5015226137459,0.0,0.0,-478.93773236338166,0.0,0.0,0.0,0.0,0.0,84.12749337981337,0.0,0.0,0.0,0.0,0.0,74.44546368337994,74.44546368337994,0.0,0.0,0.0,0.0,-380.61496444068376,0.0,0.0,74.50500907900319,0.0,0.0,0.0,-788.1779899731578,-606.1907945684147,0.0,0.0,0.0,0.0,0.0,0.0,0.0,0.0,0.0,-306.9054481530614,0.0,0.0,0.0,0.0,-1000.0,0.0,0.0,0.0,0.0,0.0,0.0,0.0,63.50549942639361,-63.50549942639361,269.60045692098305,0.0,0.0,0.0,0.0,0.0,0.0,859.973546978043,-475.4145212141711,0.0,0.0,0.0,0.0,0.0,0.0,0.0,0.0,0.0,0.0,0.0,0.0,0.0,348.2702711657816,459.7558906126773,748.3587290234277,0.0,0.0,0.0,0.0,78.98591504205285,0.0,0.0,0.0,0.0,84.62285446577471,-181.96343283119484,0.0,0.0,0.0,0.0,0.0,0.0,0.0,0.0,1.917361739067767,0.0,0.0,0.0,0.0,434.9424988675779,0.0,0.0,-748.3587290234277,0.0,0.0,269.60045692098305,-6.073630353570395,0.0,0.0,0.0,-525.8547759182446,0.0,0.0,-414.4683419799645,-463.25433842005907,536.7456615799409,-951.2140035599054,1000.0,0.0,561.9534977203651,0.0,0.0,0.0,0.0,-182.45471817419863,0.0,0.0,0.0,291.1552400436399,0.0,-291.1552400436399,0.0,74.3859182877567,0.0,0.0,0.0,0.0,0.0,0.0,84.62285446577471,-0.08931809343485875,0.0,0.0,0.0,0.0,0.05954539562323917,0.0,0.0,0.0,631.6326476109246,391.6677239985292,0.0,-539.7730278852032,645.2858786972095,606.1907945684147,949.7726978116195,0.0,0.0,0.0,-12.134929103394548,0.0,0.0,0.0,-5.126858563160568,5.126858563160568,0.0,-1000.0,-1000.0,0.0,0.0,0.0,0.0,0.0,0.0,0.0,0.0,0.0,0.0,0.0,0.0,0.0,0.0,0.0,0.0,0.0,-484.5757991311861,0.0,-1000.0,0.0,0.0,0.0,0.0,0.0,0.0,153.1461726413707,0.0,148.92724388364195,0.0,0.0,47.12830185775757,0.0,-359.3749999999986,-26.541420710040743,0.0,-5.126858563160568,0.0,455.30793797217837,-80.17787520669152,0.0,359.3749999999986,0.0,0.0,-1.4886348905809792,-458.28520775334033,-463.7297056389111,0.0,-261.18259389167065,0.0,543.2507198726421,17.86361868697175,0.0,0.0,0.0,0.0,0.0,0.0,0.0,-348.2702711657816,348.2702711657816,348.2702711657816,93.22584997874671,0.0,0.0,0.0,0.0,0.0,859.973546978043,0.0,0.0,-100.35474798943363,0.0,78.12500000000007,68.09092087535217,0.0,0.0,0.0,0.0,-37.045460437676084,0.11909079124649696,0.0,0.0,0.0,0.0,0.0,0.0,0.0,0.0,0.0,0.0,0.0,0.0,0.0,0.0,0.0,0.0,0.0,0.0,0.0,0.06549993518524076,0.06549993518524076,0.0,432.36119204113373,0.0,35.7272373739435,0.0,0.0,0.0,1000.0,0.0,0.0,0.0,0.0,0.0,414.6641909747165,-1000.0,0.0,0.0,519.5780427952136,0.0,0.0,68.09092087535217,0.0,0.0,0.0,0.0,0.0,0.0,0.0,333.3333333333333,-631.6326476109246,478.93773236338166,0.0,4.58499546298944,0.0,0.0,0.0,-348.5863719630359,0.0,414.6641909747165,0.0,0.0,377.61873053704045,0.0,0.0,348.2702711657816,0.0,0.0,0.0,0.0,0.0,0.0,0.0,0.0,0.0,0.0,0.0,0.0,0.0,35.7272373739435,269.60045692098305,269.60045692098305,0.0,0.0,0.0,0.0,0.0,0.0,0.0,0.0,0.0,0.0,0.5954539562323917,0.0,0.0,0.0,0.0,0.0,0.0,0.0,0.0,17.86361868697175,-519.5780427952136,0.0,0.0,0.0,0.0,0.0,0.0,0.0,0.0,0.0,0.0,1000.0,0.0,17.86361868697175,17.86361868697175,1000.0,-1000.0,0.0,68.09092087535217,0.0,0.0,0.0,0.0,0.0,1000.0,859.973546978043,666.625546385492,0.05954539562323917,0.0,0.0,78.63820140557634,0.0,0.0,0.0,0.0,0.0,0.0,0.0,0.0,0.0,0.0,0.0,0.0,0.0,0.0,0.0,0.0,0.0,0.0,0.05954539562323917,0.0,0.0,0.0,0.0,0.0,0.0,0.0,0.0,0.0,0.0,302.0734165250126,0.0,0.0,-515.4242008688138,-4.465904671742938,-2.9772697811619557,0.0,0.0,0.0,0.0,0.0,0.0,0.0,0.0,0.0,0.0,0.0,0.0,269.60045692098305,606.1907945684147,0.0,0.0,285.04539576213335,0.0,0.0,0.0,-0.05954539562323917,0.0,0.0,0.05954539562323917,0.0,0.05954539562323917,0.0,0.0,0.0,35.7272373739435,72.64538266035179,72.64538266035179,0.0,0.0,0.0,0.0,0.0,0.0,148.92724388364195,478.93773236338166,0.0,859.973546978043,0.0,0.0,0.0,0.0,0.0,0.0,0.0,0.0,0.0,0.0,0.0,0.0,0.0,0.0,0.0,0.0,0.0,348.5863719630359,0.0,-63.40431470384611,63.40431470384611,0.08931809343485875,0.0,0.0,0.0,-17.86361868697175,0.0,0.0,0.0,0.0,0.0,-432.36119204113373,2.9772697811619584,0.0,0.0,0.0,0.0,380.6149644406837,-746.9084287558978,0.0,0.0,78.12500000000007,0.0,0.0,0.0,0.0,0.0,269.60045692098305,0.0,519.5780427952136,473.055783134951,84.09092087535217,0.0,532.0286532387338,-12.134929103394548,0.0,-593.7622561145272,148.92724388364195,444.83501223088524,0.0,-78.71901301392218,0.0,2.9772697811619557,768.5708653707184,0.0,0.0,0.0,-100.35474798943363,0.0,0.0,0.0,0.0,0.0,0.0,0.0,0.0,0.0,743.732544865938,-445.7589060563621,72.64538266035179,0.0,0.0,0.0,0.0,0.0,0.0,0.0,0.0,0.0,1.917361739067767,0.0,0.0,0.0,-78.63820140557634,-1000.0,0.0,17.86361868697175,0.0,0.0,0.0,0.0,-22.003252957937136,0.0,0.0,0.06549993518524076,0.0,0.0,0.0,36.32269133017589,0.0,0.0,0.0,0.0,459.7558906126773,0.0,0.0,0.0,0.0,0.0,0.0,0.0,0.0,30.88647853468362,0.0,0.005954539562323917,0.005954539562323917,0.0,0.0,0.0,0.0,0.0,0.0,0.0,0.0,0.0,78.63820140557634,0.0,0.0,0.0,0.0,0.0,432.36119204113373,0.0,0.0,0.0,0.0,0.0,0.0,0.0,0.0,0.0,0.0,0.0,0.0,1000.0,-343.6755508557287,-1000.0,0.0,0.0,0.0,35.7272373739435,0.0,0.0,0.0,0.0,0.0,0.0,-35.7272373739435,0.0,0.0,0.0,0.0,0.0,0.0,0.0,0.0,0.0,0.0,0.0,0.0,-666.625546385492,-1000.0,40.78859600191883,-539.3295441220702,521.4659254350984,0.0,515.1860192863207,0.0,0.0,0.0,0.0,0.0,0.0,0.0,0.0,0.0,0.0,0.0,0.0,0.0,0.0,0.0,0.0,0.0,-7.443174452904893,269.60045692098305,-51.594206529500504,441.29300138461963,0.0,0.0,0.0,0.0,0.0,0.0,-0.7443174452904896,100.35474798943363,0.0,0.0,0.0,0.0,0.0,0.0,0.0,1000.0,17.86361868697175,17.86361868697175,0.0,0.0,0.0,0.0,0.0,0.06549993518524076,432.36119204113373,0.0,0.0,-515.1860192863207,0.0,0.0,0.0,0.0,0.0,0.0,0.0,0.0,0.0,0.0,0.0,0.0,0.0,0.0,31.702157351923056,0.0,0.0,0.0,0.0,62.52266540440113,153.5122393466314,0.0,0.0,0.0,0.0,0.0,432.36119204113373,0.0,743.9311589747359,0.0,0.0,0.0,-7.443174452904893,0.0,0.0,0.0,0.0,0.0,0.0,0.0,0.0,0.0,0.0,0.0,0.0,0.0,0.0,0.0,0.0,0.0,0.0,-0.05954539562323917,0.0,0.0,2.9772697811619584,-414.6641909747165,0.0,0.0,0.0,0.0,269.60045692098305,0.0,0.0,0.0,5.126858563160568,1.4886348905809792,0.0,0.0,0.0,0.05954539562323917,0.0,59.545395623239166,-18.45907264320414,11.909079124647834,0.42532425445170835,166.13165378883727,-0.044659046717429374,26.541420710040743,1.1909079124647834,-0.2977269781163159,-166.13165378883727,17.86361868697175,-0.05954539562323917,4.044976367798182,68.09092087535217,0.014886348905809792,0.42532425445170835,-12.134929103394548,-9.479626983219191,-1.1909079124647803,-264.656725145742,-0.05954539562323917,0.014886348905809792,-166.13165378883727,5.954539562323917,0.05954539562323917,0.05954539562323917,-432.2361467103253,0.06549993518556309,-30.32471988421917,-0.044659046717429374,17.86361868697175,0.05954539562323917,17.86361868697175,-29.772697811619587,-0.029772697811619585,-29.5329152888051,-85.0,-0.044659046717429374,-0.05954539562323917,-18.45907264320414,0.05954539562323917,5.954539562323917,-1.1909079124647834,348.5863719630359,348.5863719630359,-5.954539562323917,264.656725145742,-348.5863719630359,11.909079124647834,0.08931809343485875,-979.5754456517252,5.954539562323917,-333.3333333333333,68.09092087535217,-11.909079124647834,0.029772697811619585,0.5954539562323917,134.9432569713008,96.0,-0.05954539562323917,-445.7589060563621,432.2361467103253,18.45907264320414,0.05954539562323917,9.479626983219191,-3.3635538725353626,68.09092087535217,-0.05954539562323917,-0.014886348905809792,-68.09092087535217,-0.05954539562323917,-37.045460437676084,0.0595453956232177,-0.014886348905809792,-0.014886348905809792,-0.014886348905809792,23.818158249295667,29.772697811619587,0.5954539562323917,362.74379665491034,-0.014886348905809792,265.8415375748034,2.9772697811619584,21.5,0.05954539562323917,0.029772697811619585,0.029772697811619585,40.0,18.45907264320414,0.05954539562323917,-18.45907264320414,0.5954539562323917,0.05954539562323917,-1000.0,0.05954539562323917,0.23818158249309818,0.2977269781163159,0.029772697811619585,0.014886348905809792,17.86361868697175,-0.05954539562323917,30.32471988421917,0.5954539562323917,-725.4875933098207,25.052785819459764,-5.954539562323917,11.909079124647834,2.9772697811619584,-0.05954539562323917,12.134929103394548,0.08931809343485875,-0.05954539562323917,-80.0,18.45907264320414,161.56955021842487,0.029772697811619585,-43.0,-0.05954539562323917,-0.0595453956232177,-0.05954539562323917,0.029772697811619585,166.13165378883727,-11.909079124647834,0.05954539562323917,269.8865139426016,-0.014886348905809792,-0.06549993518556309,-269.8865139426016,8.931809343485874,85.0,638.5420755511768,166.13165378883727,-0.044659046717429374,445.7589060563621,-96.0,0.05954539562323917,-0.014886348905809789,2.9772697811619557,59.545395623239166,-0.029772697811619585,-0.05954539562323917,0.014886348905809792,495.8350738695123,0.0,171.91437779355317,637.2562033450897,-46.0,0.0,514.5085893989592,-31.0,0.0,-32.0,-93.0,-65.0,-807.6312951603604,16.0,23.0,46.5,0.0,15.5,-432.36119204113373,-139.56629726048774,807.6312951603604,65.0,-139.56629726048774,-514.5085893989592,255.95880185458532,0.0,1496.5981,hclb
432,0.0,0.0,0.0,0.0,0.0,0.0,0.0,0.0,-0.07813823437078506,0.0,0.0,0.0,0.0,0.0,0.0,0.0,-981.7102621334358,814.9644539616604,0.0,0.0,0.0,0.0,0.0,0.0,0.0,0.0,0.0,0.0,0.0,-251.4980689602079,0.0,0.0,11.862272401021517,0.0,0.0,0.0,0.0,716.0859795321455,0.0,-1000.0,1000.0,0.0,0.0,-451.99088613396054,0.0,0.0,0.0,0.0,49.34267883663324,0.0,0.0,-636.945264456537,0.0,0.08595205780784454,0.0,0.0,0.0,15.627646874157012,0.0,0.0,-6.881373840254241,0.0,0.0,-6.881373840254241,0.0,0.0,0.0,0.0,224.45341126150487,-224.45341126150487,0.0,0.7813823437078506,0.0,0.0,0.0,0.0,0.0,0.0,0.0,0.0,0.0,0.0,0.0,0.0,46.88294062247104,0.0,0.0,-1000.0,128.6765106684902,1000.0,-0.019534558592696264,0.0,0.0,46.74560546976912,23.44147031123552,0.0,23.44147031123552,0.0,729.7705889782832,0.0,0.0,3.906911718539253,-797.3430113396769,0.0,0.0,-17.41087261938415,0.0,0.0,0.0,0.0,0.0,0.0,0.0,0.0,0.0,0.0,0.0,0.0,0.0,0.0,0.0,0.0,0.0,0.0,-532.9607829087875,0.0,0.0,23.44147031123552,0.0,24.222852654943374,7.068602871975855,0.0,18.10524222573859,-18.10524222573859,0.0,0.0,0.0,0.0,0.0,0.0,0.0,0.0,0.0,0.0,0.0,6.016644046550482,0.07813823437078506,0.0,0.0,0.0,-1000.0,725.307092756424,0.0,0.0,0.0,0.0,498.0537908571803,0.0,0.0,0.0,0.0,0.0,451.43809771418324,451.43809771418324,0.0,0.0,0.0,0.0,510.6590814273628,0.0,0.0,451.516235948554,0.0,0.0,0.0,-469.397136572318,-685.886007918628,0.0,0.0,0.0,0.0,0.0,0.0,0.0,0.0,0.0,0.0,0.0,0.0,0.0,0.0,-476.5806516549367,0.0,0.0,0.0,0.0,0.0,0.0,636.945264456537,-128.6765106684902,128.6765106684902,0.0,0.0,0.0,0.0,0.0,0.0,0.0,545.844942379469,-685.7020189269292,0.0,0.0,0.0,0.0,0.0,0.0,0.0,0.0,0.0,0.0,0.0,0.0,0.0,317.6621266671456,262.9482009918901,546.9203878004735,0.0,0.0,0.0,0.0,77.1080383285507,0.0,0.0,0.0,0.0,-6.881373840254241,998.911273934434,0.0,0.0,0.0,0.0,0.0,0.0,0.0,0.0,290.37715691473255,0.0,0.0,0.0,-257.3530213369804,0.0,-442.38856737532,0.0,-546.9203878004735,0.0,0.0,0.0,992.0299000941798,0.0,0.0,0.0,-280.79750291040386,0.0,0.0,-1000.0,-1000.0,-536.7918386152527,536.7918386152527,-536.7918386152527,1000.0,0.0,0.0,1000.0,0.0,0.0,155.03484130989136,0.0,0.0,0.0,0.0,0.0,0.0,0.0,451.35995947981246,0.0,0.0,0.0,0.0,0.0,0.0,-6.881373840254241,-0.11720735155617759,0.0,0.0,0.0,0.0,0.07813823437078506,0.0,0.0,0.0,85.65398610041785,-981.7102621334358,0.0,-1000.0,435.1427010061183,685.886007918628,959.0691171853925,0.0,61.68811885406666,0.0,-17.41087261938415,0.0,0.0,0.0,-6.727701979324574,-224.45341126150487,169.4929943867628,-1000.0,-1000.0,0.0,0.0,0.0,0.0,0.0,0.0,0.0,0.0,0.0,0.0,0.0,0.0,0.0,0.0,0.0,0.0,0.0,-283.60146753036963,0.0,-1000.0,0.0,0.0,287.86110576799354,0.0,0.0,0.0,-296.39380096128303,0.0,729.7705889782832,0.0,713.5731378773575,0.0,0.0,0.0,0.0,0.0,0.0,0.0,0.0,0.0,-988.2792648443824,0.0,-3.906911718539253,0.0,-1.9534558592696265,-3.906911718539253,-485.2878107421106,0.0,495.05509003845873,1000.0,0.0,23.44147031123552,0.0,0.0,0.0,0.0,0.0,0.0,317.6621266671456,0.0,0.0,0.0,94.78322574522714,0.0,0.0,0.0,0.0,0.0,545.844942379469,0.0,0.0,-13.762747680508483,0.0,0.0,64.37235312584299,0.0,0.0,0.0,0.0,-35.186176562921496,0.15627646874145285,0.0,0.0,0.0,0.0,0.0,0.0,0.0,0.0,0.0,0.0,0.0,0.0,0.0,0.0,0.0,0.0,0.0,0.0,0.0,0.08595205780784454,0.08595205780784454,0.0,398.03447979298863,0.0,46.88294062247104,0.0,0.0,0.0,1000.0,0.0,0.0,0.0,0.0,0.0,614.6088095169223,-1000.0,0.0,0.0,162.0913772601688,0.0,0.0,64.37235312584299,0.0,0.0,0.0,0.0,0.0,0.0,0.0,177.65359430292915,-85.65398610041785,274.692907243576,0.0,187.29932368481172,0.0,0.0,46.74560546976912,-30.362432858781588,0.0,614.6088095169223,0.0,0.0,579.4226329540008,0.0,0.0,317.6621266671456,0.0,0.0,0.0,0.0,0.0,0.0,0.0,0.0,0.0,0.0,0.0,0.0,0.0,46.88294062247104,0.0,0.0,0.0,0.0,0.0,0.0,0.0,0.0,0.0,0.0,0.0,0.0,0.7813823437078506,0.0,0.0,0.0,0.0,0.0,636.945264456537,0.0,0.0,23.44147031123552,-162.0913772601688,0.0,0.0,181.28267963826124,0.0,0.0,0.0,0.0,0.0,0.0,1000.0,-455.6708846197993,0.0,23.44147031123552,23.44147031123552,1000.0,-1000.0,0.0,64.37235312584299,0.0,0.0,0.0,0.0,0.0,797.3430113396769,545.844942379469,533.2722998002463,0.07813823437078506,0.0,0.0,-39.062500001328345,113.98078960495673,0.0,0.0,-46.74560546976912,0.0,0.0,0.0,0.0,0.0,0.0,0.0,0.0,0.0,0.0,0.0,0.0,0.0,0.0,0.07813823437078506,0.0,0.0,0.0,0.0,0.0,0.0,0.0,0.0,0.0,0.0,721.2378937849937,0.0,0.0,-716.3985324696304,-5.86036757780888,-3.906911718539253,0.0,0.0,0.0,0.0,0.0,0.0,0.0,0.0,0.0,0.0,0.0,0.0,0.0,685.886007918628,0.0,0.0,498.962001756998,0.0,0.0,0.0,-0.07813823437078506,0.0,0.0,0.07813823437078506,0.0,0.07813823437078506,0.0,0.0,0.0,46.88294062247104,95.32864593235777,95.32864593235777,0.0,0.0,0.0,0.0,0.0,0.0,0.0,274.692907243576,0.0,545.844942379469,0.0,0.0,0.0,0.0,0.0,0.0,0.0,0.0,0.0,0.0,0.0,0.0,0.0,0.0,0.0,0.0,0.0,77.1080383285507,0.0,0.0,0.0,0.11720735155617759,0.0,0.0,0.0,-23.44147031123552,0.0,0.0,0.0,0.0,0.0,-398.03447979298863,3.906911718539253,0.0,0.0,0.0,0.0,-510.6590814273628,566.6232119829998,0.0,0.0,0.0,0.0,0.0,0.0,0.0,0.0,0.0,0.0,162.0913772601688,0.0,80.37235312584299,0.0,324.065260369419,-17.41087261938415,0.0,270.2294110217168,729.7705889782832,-1000.0,0.0,896.701254161822,0.0,3.906911718539253,500.8880529122922,0.0,0.0,0.0,-13.762747680508483,46.875000000001776,-46.875000000001776,0.0,0.0,0.0,0.0,0.0,0.0,0.0,403.8948473707975,-415.6155825264151,95.32864593235777,0.0,0.0,0.0,0.0,0.0,0.0,0.0,0.0,0.0,290.37715691473255,0.0,0.0,0.0,-74.91828960362838,0.0,0.0,23.44147031123552,0.0,0.0,0.0,0.0,298.1738988103847,0.0,0.0,0.08595205780784454,0.0,0.0,0.0,47.664322966178894,0.0,0.0,0.0,0.0,262.9482009918901,0.0,0.0,0.0,0.0,0.0,0.0,0.0,0.0,-549.6986724032315,0.0,0.007813823437078593,0.007813823437078593,0.0,0.0,0.0,0.0,0.0,0.0,0.0,0.0,0.0,-39.062500001328345,0.0,0.0,0.0,0.0,0.0,398.03447979298863,0.0,0.0,0.0,0.0,0.0,0.0,0.0,0.0,0.0,0.0,0.0,0.0,-277.13258097370135,0.0,814.9644539616604,0.0,0.0,0.0,46.88294062247104,0.0,0.0,0.0,0.0,0.0,0.0,-46.88294062247104,0.0,0.0,0.0,0.0,0.0,0.0,0.0,0.0,0.0,0.0,0.0,0.0,-533.2722998002463,-1000.0,53.524690543987845,0.0,-23.44147031123552,0.0,716.0859795321455,0.0,0.0,0.0,0.0,0.0,0.0,0.0,0.0,0.0,0.0,0.0,0.0,0.0,0.0,0.0,0.0,0.0,-9.767279296348132,0.0,-5.86036757780888,409.75521494860624,0.0,0.0,0.0,0.0,0.0,-1000.0,999.0232720703654,13.762747680508483,0.0,0.0,0.0,0.0,0.0,0.0,0.0,1000.0,23.44147031123552,23.44147031123552,0.0,0.0,0.0,0.0,0.0,0.08595205780784454,398.03447979298863,0.0,0.0,-716.0859795321455,0.0,0.0,0.0,0.0,0.0,0.0,0.0,0.0,0.0,0.0,0.0,0.0,0.0,0.0,0.0,0.0,0.0,7.068602871975855,0.0,82.04514608932432,6.016644046550482,0.0,0.0,0.0,0.0,0.0,398.03447979298863,0.0,-282.66901793354555,0.0,0.0,0.0,-9.767279296348132,0.0,0.0,0.0,0.0,0.0,0.0,0.0,0.0,0.0,0.0,0.0,0.0,0.0,0.0,0.0,0.0,0.0,0.0,-0.07813823437078506,0.0,0.0,3.906911718539253,-614.6088095169223,0.0,0.0,0.0,0.0,0.0,0.0,0.0,0.0,6.727701979324574,1.9534558592696265,0.0,0.0,0.0,0.07813823437078506,0.0,78.13823437078506,-17.154249782967526,15.627646874157012,0.5581302455056075,232.14287963844208,-0.058603675778088796,3.906911718539253,1.5627646874157013,-0.3906911718556785,-232.14287963844208,23.44147031123552,-0.07813823437078506,5.803624206461383,64.37235312584299,0.019534558592696264,0.5581302455056075,-17.41087261938415,-12.439606911828719,-1.5627646874157013,166.74580817177537,-0.07813823437078506,0.019534558592696264,-232.14287963844208,7.813823437078506,0.07813823437078506,0.07813823437078506,-397.87038950081,0.08595205780786365,-12.226703725174758,-0.058603675778088796,23.44147031123552,0.07813823437078506,23.44147031123552,-39.06911718539253,-0.03906911718539253,-451.00534189323724,-85.0,-0.058603675778088796,-0.07813823437078506,-17.154249782967526,0.07813823437078506,7.813823437078506,-1.5627646874157013,77.1080383285507,77.1080383285507,-7.813823437078506,-166.74580817177537,-77.1080383285507,15.627646874157012,0.11720735155617759,-838.8605370305286,7.813823437078506,-177.65359430292915,64.37235312584299,-15.627646874157012,0.03906911718539253,0.7813823437078506,250.0,96.0,-0.07813823437078506,-415.6155825264151,397.87038950081,24.222852654943374,0.07813823437078506,12.439606911828719,-29.39352811909926,64.37235312584299,-0.07813823437078506,-0.019534558592696264,-64.37235312584299,-0.07813823437078506,-35.186176562921496,0.07813823437084011,-0.019534558592696264,-0.019534558592696264,-0.019534558592696264,31.255293748314024,39.06911718539253,0.7813823437078506,195.65344031544788,-0.019534558592696264,494.1963757935386,3.906911718539253,21.5,0.07813823437078506,0.03906911718539253,0.03906911718539253,40.0,17.154249782967526,0.07813823437078506,-17.154249782967526,0.7813823437078506,0.07813823437078506,-471.17899216743615,0.07813823437078506,0.31255293748483837,0.3906911718556785,0.03906911718539253,0.019534558592696264,23.44147031123552,-0.07813823437078506,12.226703725174758,0.7813823437078506,-391.30688063089576,1.953455859269627,-7.813823437078506,15.627646874157012,3.906911718539253,-0.07813823437078506,17.41087261938415,0.11720735155617759,-0.07813823437078506,-80.0,17.154249782967526,-173.03964493513342,0.03906911718539253,-43.0,-0.07813823437078506,-0.07813823437084011,-0.07813823437078506,0.03906911718539253,232.14287963844208,-15.627646874157012,0.07813823437078506,500.0,-0.019534558592696264,-0.08595205780786365,-500.0,11.720735155617758,85.0,668.3582752731837,232.14287963844208,-0.058603675778088796,415.6155825264151,-96.0,0.07813823437078506,-0.019534558592696268,717.4800495958967,78.13823437078506,-0.03906911718539253,-0.07813823437078506,0.019534558592696264,0.0,0.0,-161.1785320866568,275.52555185198827,-46.0,0.0,-108.0,-31.0,0.0,-32.0,-93.0,-65.0,-1000.0,16.0,23.0,46.5,0.0,15.5,-398.03447979298863,-125.13425387525129,1000.0,65.0,-125.13425387525129,108.0,-43.21014765898963,0.0,1496.5981,hclb
433,0.0,0.0,0.0,0.0,0.0,0.0,0.0,0.0,-0.04095917831178638,0.0,0.0,0.0,0.0,0.0,0.0,0.0,277.18410220482156,665.1962194281981,0.0,0.0,0.0,0.0,0.0,694.5897320936554,0.0,0.0,0.0,0.0,0.0,702.6298900449241,0.0,0.0,101.68797825773333,0.0,0.0,0.0,0.0,999.8361632867616,0.0,-1000.0,1000.0,0.0,0.0,0.0,0.0,0.0,0.0,0.0,-554.3682044096431,-841.7845083895892,0.0,0.0,0.0,0.04505509614294732,0.0,0.0,0.0,8.191835662357276,0.0,0.0,37.40494806728833,0.0,217.43998173215735,1.6770377702559927,0.0,0.0,0.0,0.0,0.0,0.0,0.0,0.4095917831178638,0.0,0.0,0.0,0.0,0.0,0.0,0.0,0.0,0.0,0.0,819.6166570044576,0.0,24.575506987071826,0.0,43.377210972456034,105.157550959507,114.40687287833407,0.0,-0.010239794577946595,0.0,0.0,0.0,12.287753493535913,0.0,12.287753493535913,0.0,0.0,0.0,819.6166570044576,2.047958915589319,-254.01934184354104,0.0,0.0,-22.999628109376967,351.49954924273555,0.0,0.0,0.0,0.0,0.0,0.0,0.0,0.0,0.0,0.0,0.0,0.0,0.0,0.0,0.0,0.0,0.0,-578.8612809983424,0.0,0.0,12.287753493535913,0.0,12.697345276653776,11.256391199548204,0.0,673.6046134811917,-999.1883378470237,325.58372436583204,-325.58372436583204,-658.9354642199442,-859.3750000000475,859.3750000000475,405.7675721907545,0.0,0.0,0.0,0.0,0.0,-773.085589301994,0.04095917831178638,0.0,0.0,0.0,-351.49954924273555,0.0,0.0,0.0,52.24735263039095,0.0,-120.27696729240635,0.0,0.0,0.0,0.0,0.0,519.4687136267853,519.4687136267853,0.0,0.0,0.0,0.0,0.0,0.0,0.0,519.5096728050971,0.0,0.0,0.0,0.0,-327.9871207455817,0.0,0.0,0.0,0.0,0.0,0.0,0.0,0.0,0.0,-324.0294736840841,0.0,0.0,0.0,0.0,-1000.0,0.0,0.0,0.0,0.0,0.0,841.7845083895892,0.0,-114.40687287833407,114.40687287833407,253.1678920291897,0.0,0.0,0.0,0.0,0.0,0.0,956.6492318884651,-948.3117329513306,0.0,0.0,0.0,0.0,0.0,0.0,0.0,0.0,0.0,0.0,0.0,0.0,0.0,415.11645448065957,-26.616328675285448,-425.4457878401025,0.0,0.0,0.0,0.0,-55.32034575528465,0.0,0.0,0.0,0.0,37.40494806728833,-425.4457878401025,0.0,0.0,0.0,0.0,0.0,0.0,0.0,0.0,10.232657350570896,0.0,0.0,0.0,-369.31358240815564,-140.4998366514875,-563.6175263284701,0.0,425.4457878401025,0.0,0.0,253.1678920291897,0.0,0.0,0.0,0.0,-167.63826709958244,0.0,0.0,0.0,0.0,16.52595445001369,0.0,0.0,16.52595445001369,0.0,0.0,1000.0,841.7845083895892,0.0,-61.05865638492463,0.0,0.0,0.0,-468.1485168078871,0.0,468.1485168078871,0.0,389.29612153110537,0.0,0.0,-327.3714613362662,0.0,0.0,0.0,37.40494806728833,-0.06143876746767957,0.0,0.0,0.0,0.0,0.04095917831178638,0.0,0.0,0.0,779.6320428819881,277.18410220482156,0.0,-158.19943910098777,93.79035773619258,327.9871207455817,940.4795891558932,0.0,-256.4461659321556,0.0,-22.999628109376967,0.0,0.0,0.0,349.6015164896913,0.0,-93.1553505575356,488.8789820182947,-1000.0,0.0,0.0,0.0,0.0,0.0,0.0,0.0,0.0,0.0,0.0,0.0,0.0,0.0,0.0,0.0,0.0,0.0,0.0,0.0,-1000.0,0.0,0.0,8.913771808939998,0.0,0.0,0.0,762.8529319514231,0.0,0.0,0.0,0.0,0.0,0.0,-890.6250000000008,-875.441000372753,0.0,0.0,274.636861044184,-537.7641867535413,-1000.0,684.875715218379,890.6250000000008,873.3930414571637,0.0,-1.0239794577946595,535.7162278379519,0.0,0.0,-576.3100180725754,-695.9682578383305,1000.0,12.287753493535913,0.0,0.0,0.0,0.0,0.0,0.0,0.0,-415.11645448065957,415.11645448065957,415.11645448065957,13.214988239218911,0.0,0.0,0.0,0.0,0.0,956.6492318884651,0.0,0.0,-91.60357394970102,0.0,0.0,71.80816433764272,0.0,0.0,0.0,0.0,-38.90408216882136,0.08191835662250924,0.0,0.0,0.0,0.0,0.0,0.0,0.0,0.0,0.0,0.0,0.0,0.0,0.0,0.0,0.0,0.0,0.0,0.0,0.0,0.04505509614294732,0.04505509614294732,0.0,502.9246188183023,0.0,24.575506987071826,0.0,0.0,0.0,-583.2338344557795,0.0,0.0,43.377210972456034,0.0,0.0,160.40556403712654,583.2338344557795,0.0,0.0,0.0,0.0,0.0,71.80816433764272,0.0,0.0,0.0,0.0,0.0,0.0,0.0,192.9537603327808,-779.6320428819881,0.0,0.0,46.53106770246357,0.0,0.0,0.0,-197.84754627390504,0.0,160.40556403712654,0.0,121.50148186830518,0.0,0.0,0.0,415.11645448065957,0.0,0.0,0.0,0.0,0.0,0.0,0.0,0.0,0.0,0.0,0.0,0.0,0.0,24.575506987071826,253.16789202918966,253.1678920291897,0.0,0.0,0.0,0.0,0.0,0.0,0.0,0.0,0.0,0.0,0.4095917831178638,0.0,0.0,43.377210972456034,-43.377210972456034,0.0,0.0,0.0,0.0,12.287753493535913,0.0,0.0,0.0,0.0,0.0,0.0,0.0,0.0,0.0,0.0,698.7675682814576,0.0,0.0,12.287753493535913,12.287753493535913,1000.0,583.2338344557795,0.0,71.80816433764272,0.0,0.0,0.0,0.0,0.0,-1000.0,956.6492318884651,-946.7144666703962,0.04095917831178638,0.0,0.0,0.0,9.066881473708408,94.59280420780075,0.0,0.0,0.0,0.0,0.0,0.0,0.0,0.0,0.0,0.0,0.0,0.0,0.0,0.0,0.0,0.0,0.04095917831178638,0.0,0.0,0.0,1000.0,-1000.0,0.0,0.0,0.0,0.0,0.0,771.7667037603632,-52.24735263039095,0.0,-1000.0,-3.0719383733840004,-2.047958915589319,0.0,0.0,0.0,0.0,0.0,0.0,0.0,0.0,0.0,0.0,0.0,0.0,253.16789202918966,327.9871207455817,0.0,0.0,425.7379408430139,0.0,0.0,0.0,-0.04095917831178638,0.0,0.0,0.04095917831178638,0.0,0.04095917831178638,0.0,0.0,0.0,24.575506987071826,49.97019754037938,49.97019754037938,0.0,0.0,0.0,0.0,0.0,0.0,0.0,0.0,0.0,956.6492318884651,0.0,0.0,0.0,353.12810174233607,0.0,0.0,0.0,0.0,0.0,0.0,0.0,0.0,0.0,0.0,0.0,0.0,0.0,197.84754627390504,0.0,0.0,0.0,0.06143876746767957,0.0,0.0,0.0,-12.287753493535913,0.0,0.0,0.0,0.0,0.0,-502.9246188183023,2.047958915589319,0.0,0.0,0.0,0.0,0.0,237.1470680485769,0.0,0.0,0.0,0.0,0.0,0.0,0.0,0.0,253.16789202918966,0.0,0.0,731.6792571203414,87.80816433764272,0.0,56.80816433764272,71.59317609842383,0.0,1000.0,0.0,-1000.0,52.24735263039095,-49.97019754037938,0.0,2.047958915589319,774.9180642018587,0.0,0.0,0.0,-178.35799589461308,0.0,0.0,0.0,0.0,0.0,0.0,0.0,0.0,0.0,830.0260308757706,-512.1404339384545,49.97019754037938,0.0,0.0,0.0,0.0,0.0,0.0,0.0,0.0,0.0,10.232657350570896,0.0,0.0,0.0,-9.066881473708408,0.0,0.0,12.287753493535913,43.377210972456034,0.0,0.0,0.0,-276.4011161789,0.0,0.0,0.04505509614294732,0.0,0.0,0.0,24.98509877018969,0.0,0.0,0.0,0.0,-26.616328675285448,0.0,351.49954924273555,0.0,0.0,0.0,0.0,0.0,0.0,-767.8214347352352,0.0,0.004095917831178638,0.004095917831178638,0.0,0.0,0.0,0.0,0.0,0.0,0.0,0.0,0.0,0.0,0.0,0.0,0.0,0.0,0.0,502.9246188183023,0.0,0.0,0.0,0.0,0.0,0.0,0.0,841.7845083895892,0.0,0.0,0.0,86.75442194491207,0.0,1000.0,665.1962194281981,0.0,0.0,0.0,24.575506987071826,0.0,0.0,0.0,0.0,0.0,0.0,-24.575506987071826,0.0,86.75442194491207,0.0,0.0,0.0,0.0,0.0,0.0,0.0,0.0,0.0,0.0,946.7144666703962,-765.1403598252464,381.18513888590974,-12.287753493535913,0.0,0.0,999.8361632867616,0.0,0.0,0.0,0.0,0.0,0.0,0.0,0.0,0.0,0.0,0.0,0.0,0.0,0.0,0.0,0.0,0.0,-5.119897288973334,253.1678920291897,-3.0719383733840004,862.1965973074064,0.0,0.0,0.0,0.0,0.0,-1000.0,999.4880102711027,143.85092658009196,0.0,0.0,0.0,0.0,0.0,0.0,0.0,1000.0,12.287753493535913,12.287753493535913,0.0,0.0,0.0,0.0,0.0,0.04505509614294732,502.9246188183023,0.0,0.0,-999.8361632867616,0.0,0.0,0.0,0.0,0.0,0.0,0.0,0.0,0.0,0.0,0.0,0.0,0.0,0.0,0.0,0.0,0.0,11.256391199548204,0.0,43.007137227375694,46.53106770246357,0.0,0.0,0.0,0.0,0.0,502.9246188183023,0.0,-230.28125515522623,0.0,0.0,0.0,-5.119897288973334,0.0,0.0,0.0,0.0,0.0,0.0,0.0,0.0,0.0,0.0,0.0,0.0,0.0,0.0,0.0,0.0,0.0,0.0,-0.04095917831178638,0.0,0.0,2.047958915589319,-160.40556403712654,0.0,0.0,0.0,0.0,253.1678920291897,0.0,0.0,0.0,-349.6015164896913,1.0239794577946595,0.0,0.0,0.0,0.04095917831178638,0.0,40.959178311786374,-1.4409540771055518,8.191835662357276,0.2925655593699027,136.7888898889804,-0.030719383733839783,2.0479589155893336,0.8191835662357276,-0.20479589155021102,-136.7888898889804,12.287753493535915,-0.04095917831178638,7.666542703125656,71.80816433764272,0.010239794577946595,0.2925655593699027,-22.999628109376967,-49.89791215968387,-0.8191835662357276,-942.3803216330197,-0.04095917831178638,0.010239794577946595,-136.7888898889804,4.095917831178638,0.04095917831178638,0.04095917831178638,-502.83860454384757,-43.33215587631307,0.0,-0.030719383733839783,12.287753493535913,0.04095917831178638,12.287753493535913,-20.479589155893187,-0.02047958915589319,166.27622351116028,51.18346874579422,-0.030719383733839783,-0.04095917831178638,-1.4409540771055518,0.04095917831178638,4.095917831178638,-0.8191835662357276,197.84754627390504,197.84754627390504,-4.095917831178638,942.3803216330197,-197.84754627390504,8.191835662357276,0.06143876746767957,-925.954645549622,4.095917831178638,-192.9537603327808,71.80816433764272,-8.191835662357276,0.02047958915589319,0.4095917831178638,39.549859775246944,96.0,-0.04095917831178638,-512.1404339384545,502.83860454384757,12.697345276653776,0.04095917831178638,49.89791215968387,22.657150363499568,71.80816433764272,-0.04095917831178638,-0.010239794577946595,-71.80816433764272,-0.04095917831178638,-390.40363141155694,0.04095917831178638,-0.010239794577946595,-0.010239794577946595,-0.010239794577946595,16.383671324714552,20.479589155893187,0.4095917831178638,353.5637541544905,-0.010239794577946595,71.43317684736823,2.047958915589319,21.5,0.04095917831178638,0.02047958915589319,0.02047958915589319,40.0,1.4409540771055518,0.04095917831178638,-1.4409540771055518,0.4095917831178638,0.04095917831178638,-1000.0,0.04095917831178638,0.16383671323842464,0.20479589155021102,0.02047958915589319,0.010239794577946595,12.287753493535913,-0.04095917831178638,0.0,0.4095917831178638,-707.127508308981,1.0239794577946446,-4.095917831178638,8.191835662357276,2.047958915589319,-0.04095917831178638,22.999628109376967,0.06143876746767957,-0.04095917831178638,-80.0,1.4409540771055518,492.77327894946205,0.02047958915589319,-43.0,-0.04095917831178638,-0.04095917831178638,-0.04095917831178638,0.02047958915589319,136.7888898889804,-8.191835662357276,0.04095917831178638,79.09971955049389,-0.010239794577946595,43.33215587631307,-79.09971955049389,6.143876746767956,-51.18346874579422,599.4874206766009,136.7888898889804,-0.030719383733839783,512.1404339384545,-96.0,0.04095917831178638,-0.010239794577946593,2.047958915589319,40.959178311786374,-0.02047958915589319,-0.04095917831178638,0.010239794577946595,0.0,0.0,925.9341659604661,646.4362458455096,-46.0,0.0,1000.0,-31.0,0.0,-32.0,-93.0,-65.0,0.0,16.0,23.0,46.5,0.0,15.5,-502.9246188183023,-216.37216277056208,0.0,65.0,-216.37216277056208,-1000.0,486.6234659026609,0.0,1496.5981,hclb
434,0.0,0.0,0.0,0.0,0.0,0.0,0.0,0.0,-0.04724416835168745,0.0,0.0,0.0,0.0,0.0,0.0,0.0,-396.57934382785766,0.0,0.0,355.08372248845615,0.0,0.0,0.0,242.88396326562486,0.0,0.0,0.0,0.0,0.0,-1000.0,19.142644692084698,-19.142644692084698,24.865053630951003,0.0,0.0,0.0,0.0,891.8760023915427,0.0,-1000.0,985.8267494944938,0.0,0.0,0.0,0.0,0.0,0.0,0.0,396.57934382785766,0.0,0.0,-1000.0,0.0,0.05196858518705483,0.0,0.0,0.0,0.0,0.0,0.0,102.62086307287123,0.0,0.0,-236.86628011634204,0.0,0.0,0.0,0.0,0.0,0.0,0.0,0.47244168351687454,0.0,0.0,0.0,0.0,0.0,0.0,0.0,0.0,0.0,0.0,3.6378009630799397,0.0,28.34650101101247,0.0,0.0,-348.0981510530962,48.48119277476145,737.9116609382539,833.131382266557,0.0,0.0,0.0,14.173250505506235,0.0,14.173250505506235,-488.3601553619616,0.0,0.0,368.696923370927,2.3622084175843727,-1000.0,0.0,0.0,-5.090850248476508,0.0,0.0,0.0,0.0,0.0,0.0,0.0,0.0,0.0,0.0,0.0,0.0,0.0,0.0,0.0,0.0,0.0,0.0,-978.3116715561068,0.0,0.0,14.173250505506235,0.0,14.645692189023109,9.198141154947436,0.0,0.0,0.0,0.0,0.0,-795.4555138854919,0.0,0.0,455.9683706962786,0.0,0.0,0.0,0.0,0.0,0.0,0.04724416835168745,833.143193308645,0.0,0.0,-246.66717406418272,-203.5906999334816,0.0,0.0,0.0,0.0,67.47960389867679,0.0,0.0,0.0,0.0,0.0,45.35733313125557,45.35733313125557,0.0,0.0,0.0,0.0,-991.2217847657413,0.0,0.0,64.54722199169196,0.0,0.0,0.0,-336.28297759641316,0.0,0.0,0.0,0.0,0.0,0.0,0.0,0.0,0.0,0.0,-145.99098120318055,0.0,0.0,0.0,0.0,-1000.0,0.0,0.0,0.0,0.0,0.0,0.0,1000.0,-48.48119277476145,48.48119277476145,339.48714318921327,0.0,0.0,0.0,0.0,0.0,0.0,0.0,576.5971528285249,0.0,0.0,0.0,0.0,0.0,0.0,0.0,0.0,0.0,0.0,0.0,0.0,0.0,178.04082730166073,479.11447763716853,0.0,0.0,0.0,0.0,0.0,80.22833899647956,0.0,0.0,0.0,0.0,102.62086307287123,0.0,19.142644692084698,0.0,0.0,0.0,0.0,0.0,0.0,0.0,388.39337368531386,9.44883367033749,0.0,0.0,0.0,96.9623855495229,1000.0,0.0,0.0,0.0,0.0,339.48714318921327,294.50416550540075,0.0,0.0,0.0,-121.11424661212925,0.0,0.0,749.7848331975074,0.0,1000.0,-250.21516680249215,1000.0,0.0,0.0,0.0,-741.8786630610666,0.0,0.0,-269.50797017459,0.0,0.0,0.0,0.0,0.0,0.0,0.0,64.45273365498858,0.0,0.0,0.0,0.0,0.0,0.0,102.62086307287123,-0.07086625252753118,0.0,0.0,0.0,0.0,0.04724416835168745,0.0,0.0,0.0,177.7178936234871,-396.57934382785766,0.0,-555.5228287388845,616.9549790667766,0.0,1000.0,0.0,363.48289990320745,0.0,-5.090850248476508,0.0,0.0,0.0,725.3140590555836,-88.79695895879104,-1000.0,-878.2952012834746,-1000.0,0.0,0.0,0.0,0.0,0.0,0.0,0.0,0.0,0.0,0.0,0.0,0.0,0.0,0.0,0.0,0.0,0.0,787.3667316911053,0.0,-104.69824737384386,0.0,0.0,856.0896221342671,0.0,0.0,0.0,-365.3672583547212,0.0,365.05912240784704,0.0,176.92530093087797,0.0,0.0,-510.8186403823495,0.0,0.0,88.79695895879104,0.0,-2.3622084175843727,0.0,30.078644432910863,510.8186403823495,-2.3622084175843727,0.0,-1.1811042087921864,0.0,-542.1914424911449,0.0,-778.5382093391142,1000.0,68.85521353209083,14.173250505506235,0.0,0.0,0.0,0.0,0.0,0.0,178.04082730166073,0.0,0.0,0.0,88.64201657813902,0.0,0.0,0.0,0.0,0.0,0.0,0.0,0.0,-134.2454170434708,0.0,109.3750000000001,0.0,0.0,0.0,0.0,0.0,14.683353133997985,0.09448833670340645,0.0,0.0,0.0,0.0,0.0,0.0,0.0,0.0,0.0,0.0,0.0,0.0,0.0,0.0,0.0,0.0,0.0,0.0,0.0,0.05196858518705483,0.05196858518705483,19.142644692084698,264.59199363132325,0.0,28.34650101101247,0.0,0.0,0.0,1000.0,0.0,0.0,0.0,0.0,0.0,469.3167735932661,-1000.0,0.0,0.0,0.0,0.0,0.0,0.0,0.0,0.0,0.0,0.0,0.0,0.0,0.0,326.10389051870226,-177.7178936234871,450.2578739976643,0.0,3.6378009630799397,0.0,0.0,0.0,-419.71548218569285,0.0,469.3167735932661,0.0,0.0,484.00012672726405,546.8750000000005,-546.8750000000005,178.04082730166073,0.0,0.0,0.0,0.0,0.0,0.0,0.0,0.0,0.0,0.0,0.0,0.0,0.0,28.34650101101247,339.48714318921327,339.48714318921327,0.0,0.0,0.0,0.0,0.0,0.0,0.0,0.0,0.0,0.0,0.47244168351687454,0.0,19.142644692084698,0.0,0.0,19.142644692084698,1000.0,0.0,0.0,14.173250505506235,0.0,0.0,0.0,0.0,0.0,0.0,0.0,0.0,0.0,0.0,939.4954356762469,0.0,0.0,14.173250505506235,14.173250505506235,-76.69363354515906,-1000.0,0.0,0.0,0.0,0.0,0.0,0.0,0.0,878.2952012834746,0.0,1000.0,0.04724416835168745,0.0,0.0,-699.4237033258928,725.0238121814137,0.0,0.0,0.0,0.0,0.0,0.0,0.0,0.0,0.0,0.0,0.0,0.0,0.0,0.0,0.0,0.0,0.0,0.04724416835168745,0.0,0.0,0.0,0.0,0.0,0.0,0.0,0.0,0.0,0.0,855.7814861873929,0.0,0.0,-892.0649790649492,-3.5433126263765593,-2.3622084175843745,0.0,0.0,0.0,0.0,0.0,0.0,0.0,0.0,0.0,0.0,0.0,0.0,339.48714318921327,0.0,0.0,0.0,-707.320787389439,0.0,0.0,0.0,-0.04724416835168745,0.0,0.0,0.04724416835168745,0.0,0.04724416835168745,0.0,0.0,0.0,28.34650101101247,57.637885389058695,57.637885389058695,0.0,0.0,0.0,0.0,0.0,0.0,365.05912240784704,450.2578739976643,0.0,0.0,0.0,0.0,0.0,729.381781950664,0.0,0.0,0.0,0.0,0.0,0.0,0.0,0.0,0.0,0.0,0.0,0.0,0.0,419.71548218569285,0.0,0.0,0.0,0.07086625252753118,0.0,0.0,0.0,-14.173250505506235,0.0,0.0,0.0,0.0,0.0,-264.59199363132325,2.3622084175843727,0.0,0.0,0.0,0.0,991.2217847657413,365.3672583547212,0.0,0.0,109.3750000000001,0.0,0.0,0.0,0.0,0.0,339.48714318921327,0.0,0.0,45.1966990473924,86.55116632966251,0.0,505.80904032732684,-5.090850248476508,0.0,0.0,365.05912240784704,-365.05912240784704,0.0,236.86628011634204,0.0,2.3622084175843745,797.984532974436,0.0,0.0,-19.142644692084698,-134.2454170434708,0.0,0.0,0.0,0.0,0.0,-3.8834706385080153,0.0,0.0,0.0,138.90435595042746,0.0,57.637885389058695,0.0,0.0,0.0,19.142644692084698,0.0,0.0,0.0,0.0,0.0,388.39337368531386,0.0,0.0,275.2219315104529,-25.600108855520944,0.0,0.0,14.173250505506235,0.0,0.0,0.0,0.0,-15.250818831806612,0.0,0.0,0.05196858518705483,0.0,0.0,0.0,28.818942694529344,0.0,0.0,0.0,0.0,479.11447763716853,0.0,0.0,0.0,0.0,0.0,0.0,0.0,0.0,-833.2130423244596,0.0,25.268020410807104,0.004724416835168881,0.0,0.0,0.0,0.0,0.0,0.0,0.0,0.0,0.0,-699.4237033258928,19.142644692084698,0.0,0.0,0.0,0.0,264.59199363132325,0.0,0.0,0.0,0.0,0.0,0.0,0.0,0.0,0.0,0.0,0.0,0.0,0.0,216.6257155995319,0.0,0.0,0.0,0.0,28.34650101101247,0.0,0.0,0.0,0.0,0.0,456.9976102938416,-485.3441113048541,0.0,0.0,0.0,0.0,0.0,0.0,0.0,0.0,0.0,19.142644692084698,19.142644692084698,0.0,-1000.0,-1000.0,761.7440372715699,-14.173250505506235,0.0,0.0,891.8760023915427,0.0,0.0,0.0,0.0,0.0,0.0,0.0,0.0,0.0,0.0,0.0,0.0,0.0,0.0,0.0,0.0,0.0,-5.905521043960934,339.48714318921327,-3.5433126263765593,725.8384693242875,0.0,0.0,0.0,0.0,0.0,-149.04914046999784,148.4585883656017,134.2454170434708,0.0,0.0,0.0,0.0,0.0,0.0,0.0,1000.0,14.173250505506235,14.173250505506235,0.0,0.0,0.0,0.0,0.0,0.05196858518705483,264.59199363132325,0.0,0.0,-891.8760023915427,25.263295993971933,0.0,0.0,0.0,0.0,0.0,0.0,0.0,0.0,0.0,0.0,0.0,0.0,0.0,0.0,0.0,0.0,9.198141154947436,0.0,49.606376769271826,0.0,0.0,368.696923370927,0.0,0.0,0.0,264.59199363132325,0.0,0.0,0.0,0.0,0.0,-5.905521043960934,0.0,0.0,0.0,0.0,0.0,0.0,0.0,0.0,0.0,0.0,0.0,0.0,0.0,0.0,0.0,0.0,0.0,0.0,-0.04724416835168745,0.0,0.0,2.3622084175843727,-469.3167735932661,0.0,0.0,0.0,0.0,339.48714318921327,0.0,0.0,0.0,-725.3140590555836,1.1811042087921864,0.0,0.0,0.0,0.04724416835168745,0.0,47.24416835168745,-5.447551034075673,9.44883367033749,0.3374583453691961,150.20751201110286,-0.03543312626376559,2.3622084175843727,0.9448833670337491,-0.23622084175818805,-150.20751201110286,14.173250505506235,-0.04724416835168745,1.6969500828255029,0.0,0.011811042087921863,0.3374583453691961,-5.090850248476508,-7.521271601587955,18.197761325050948,41.49562133940151,-0.04724416835168745,0.011811042087921863,-150.20751201110286,4.724416835168745,0.04724416835168745,0.04724416835168745,-264.49278087778447,0.051968585186857784,0.0,-0.03543312626376559,14.173250505506235,0.04724416835168745,14.173250505506235,-23.622084175843725,-0.023622084175843727,-57.29790340172377,-85.0,-0.03543312626376559,-0.04724416835168745,-5.447551034075673,0.04724416835168745,4.724416835168745,-0.9448833670337491,419.71548218569285,419.71548218569285,-4.724416835168745,-41.49562133940151,-419.71548218569285,9.44883367033749,0.07086625252753118,-1000.0,4.724416835168745,-326.10389051870226,0.0,-9.44883367033749,0.023622084175843727,0.47244168351687454,138.88070718472113,96.0,-0.04724416835168745,-275.2219315104529,264.49278087778447,14.645692189023109,0.04724416835168746,7.521271601587955,-56.693002022024956,0.0,-0.04724416835168745,-0.011811042087921863,0.0,-0.04724416835168745,14.683353133997985,0.047244168351232706,-0.011811042087921863,-0.011811042087921863,-0.011811042087921863,18.89766734067498,23.622084175843725,0.47244168351687454,205.63274865648765,-0.011811042087921863,276.0644642866168,2.3622084175843727,-4.97946814941462,0.04724416835168745,0.023622084175843727,0.023622084175843727,4.724416835168745,5.447551034075673,0.04724416835168745,-5.447551034075673,0.47244168351687454,0.04724416835168745,-546.8941995143564,0.04724416835168745,0.1889766734065006,0.23622084175818805,0.023622084175843727,0.011811042087921863,14.173250505506235,-0.04724416835168745,0.0,-9.098880662525474,-411.2654973129753,1.1811042087921866,-4.724416835168745,9.44883367033749,2.3622084175843727,-0.04724416835168745,5.090850248476508,0.07086625252753118,-0.04724416835168745,-9.44883367033749,5.447551034075673,262.8311574982024,0.023622084175843727,9.95893629882924,-0.04724416835168745,-0.047244168351232706,-0.04724416835168745,0.023622084175843727,150.20751201110286,-9.44883367033749,0.04724416835168745,277.76141436944226,-0.011811042087921863,-0.051968585186857784,-277.76141436944226,7.086625252753117,85.0,780.4762560582814,150.20751201110286,-0.03543312626376559,275.2219315104529,-96.0,0.04724416835168745,-0.011811042087921862,179.28750934846235,47.24416835168745,-0.023622084175843727,-0.04724416835168746,0.011811042087921863,0.0,0.0,262.06471697757024,341.26145085786874,-46.0,0.0,113.59448133684256,-31.0,0.0,-32.0,-93.0,-65.0,-737.9116609382539,16.0,23.0,46.5,0.0,15.5,-264.59199363132325,-247.58033866639582,737.9116609382539,65.0,-247.58033866639582,-113.59448133684256,82.78153326184939,0.0,1496.5981,hclb
435,0.0,0.0,0.0,0.0,0.0,0.0,0.0,0.0,-0.05006188773607689,0.0,0.0,0.0,0.0,0.0,0.0,0.0,0.0,0.0,0.0,-65.19660460118553,0.0,0.0,0.0,671.2158802255359,0.0,0.0,0.0,0.0,0.0,668.0122502466374,0.0,0.0,29.893632281032687,0.0,0.0,0.0,0.0,801.2617295538539,0.0,-1000.0,1000.0,0.0,0.0,0.0,0.0,0.0,0.0,0.0,89.50319212901678,0.0,0.0,334.3304846001117,0.0,0.05506807650969847,0.0,0.0,0.0,0.0,0.0,0.0,-33.81880179330203,0.0,114.73546408170432,0.0,0.0,0.0,0.0,0.0,0.0,432.1787669481371,0.0,0.5006188773607689,0.0,0.0,0.0,0.0,0.0,0.0,0.0,0.0,0.0,0.0,-253.42842534634497,0.0,30.03713264164613,0.0,56.38223897614593,0.0,0.0,-99.75414991505598,-0.012515471934019223,0.0,0.0,858.9413829038489,15.018566320823066,0.0,15.018566320823066,-423.94532368221803,413.0561319066144,0.0,0.0,332.7664406398117,28.64710324370961,0.0,0.0,0.0,388.6607787001335,0.0,0.0,0.0,0.0,0.0,0.0,0.0,0.0,0.0,0.0,0.0,0.0,0.0,0.0,0.0,0.0,0.0,-463.5019104078604,0.0,0.0,15.018566320823066,0.0,15.519185198183834,0.0,0.0,-545.1923493085602,-66.7599561548659,611.9523054634261,-611.9523054634261,-1000.0,0.0,0.0,919.0833377115977,0.0,0.0,0.0,0.0,0.0,313.66542967816883,0.05006188773607689,0.0,0.0,0.0,-989.3503891103799,0.0,0.0,0.0,0.0,0.0,247.75051787230373,0.0,0.0,0.0,0.0,0.0,-89.15666767348931,-89.15666767348931,0.0,0.0,0.0,0.0,0.0,0.0,0.0,-89.10660578575323,0.0,0.0,0.0,445.9549044021999,0.0,0.0,0.0,0.0,0.0,0.0,0.0,0.0,0.0,0.0,0.0,0.0,0.0,0.0,0.0,-1000.0,0.0,0.0,0.0,0.0,0.0,0.0,-334.3304846001117,820.3693121300905,-820.3693121300905,80.91666228840229,0.0,0.0,0.0,0.0,0.0,0.0,639.3651470029279,-350.5805031039786,0.0,0.0,0.0,0.0,0.0,0.0,0.0,0.0,0.0,0.0,0.0,0.0,0.0,250.92255856436716,621.2751465568197,-423.18495777554256,0.0,0.0,0.0,0.0,24.692004424280057,0.0,0.0,0.0,0.0,-33.81880179330203,-423.18495777554256,0.0,0.0,0.0,0.0,0.0,0.0,0.0,0.0,153.064078574821,10.012377547215378,0.0,0.0,-99.82924274666016,-920.1985548767507,575.5420196589959,0.0,423.18495777554256,0.0,0.0,80.91666228840229,0.0,0.0,0.0,0.0,-379.8913176713386,0.0,0.0,926.4073038816184,926.4073038816184,926.4073038816184,0.0,0.0,0.0,820.3693121300905,0.0,1000.0,0.0,0.0,34.06400007097227,0.0,0.0,0.0,-785.1024547507004,0.0,785.1024547507004,0.0,-258.35344648966327,0.0,0.0,-715.2524405950114,0.0,0.0,0.0,-33.81880179330203,-0.07509283160411534,0.0,0.0,0.0,0.0,0.05006188773607689,0.0,0.0,0.0,726.3086883916735,0.0,0.0,-603.5393136414625,760.6024158808641,0.0,964.3186920347578,0.0,4.310328534076233,0.0,0.0,0.0,0.0,0.0,-4.310328534076233,0.0,0.0,-1000.0,-1000.0,0.0,0.0,0.0,0.0,0.0,0.0,0.0,0.0,0.0,0.0,0.0,0.0,0.0,0.0,0.0,0.0,0.0,0.0,0.0,-1000.0,0.0,198.53802289520218,575.397409471938,0.0,811.1184526684942,0.0,-466.72950825298983,0.0,666.4845572529593,0.0,0.0,330.26334625300785,0.0,-113.96393233446659,0.0,0.0,0.0,0.0,0.0,0.0,-67.40833183662753,113.96393233446659,-167.6347675133078,180.2551144132364,-1.2515471934019222,-2.5030943868038444,0.0,0.0,-122.82963765418947,0.0,1000.0,15.018566320823066,0.0,0.0,0.0,0.0,0.0,0.0,0.0,-250.92255856436716,250.92255856436716,250.92255856436716,82.98762245278462,0.0,0.0,0.0,0.0,0.0,639.3651470029279,0.0,0.0,-35.789787922714495,0.0,140.6250000000001,50.69987428606527,0.0,0.0,0.0,0.0,5.566969825750164,0.10012377547172946,0.0,0.0,0.0,0.0,0.0,0.0,0.0,0.0,0.0,432.1787669481371,0.0,0.0,0.0,0.0,0.0,0.0,0.0,0.0,0.0,0.05506807650969847,0.05506807650969847,0.0,336.9101810171518,0.0,30.03713264164613,0.0,0.0,0.0,1000.0,0.0,0.0,56.38223897614593,0.0,0.0,409.4531254304536,-1000.0,0.0,0.0,0.0,0.0,0.0,50.69987428606527,0.0,0.0,0.0,0.0,0.0,0.0,0.0,154.50063680262014,-726.3086883916735,600.6896104102464,0.0,60.237004331823826,0.0,0.0,858.9413829038489,753.3327161911666,0.0,409.4531254304536,0.0,0.0,415.0200952562038,0.0,0.0,250.92255856436716,0.0,0.0,0.0,0.0,0.0,0.0,0.0,0.0,0.0,0.0,0.0,0.0,0.0,30.03713264164613,80.91666228840229,80.91666228840229,0.0,0.0,0.0,0.0,0.0,0.0,0.0,0.0,0.0,0.0,0.5006188773607689,0.0,0.0,56.38223897614593,-56.38223897614593,0.0,-334.3304846001117,0.0,0.0,15.018566320823066,0.0,0.0,0.0,0.0,0.0,0.0,0.0,0.0,0.0,0.0,1000.0,963.9681563146535,0.0,15.018566320823066,15.018566320823066,1000.0,-1000.0,0.0,50.69987428606527,0.0,0.0,0.0,0.0,0.0,971.3528967562904,639.3651470029279,712.5048410214021,0.05006188773607689,0.0,0.0,-573.7918135015932,639.9056879553308,0.0,0.0,-858.9413829038489,0.0,0.0,0.0,0.0,0.0,0.0,0.0,0.0,0.0,0.0,0.0,0.0,0.0,0.0,0.05006188773607689,0.0,0.0,0.0,0.0,0.0,0.0,0.0,0.0,198.53802289520218,-224.8475415280925,1000.0,0.0,0.0,-1000.0,-3.7546415802057664,0.0,-2.5030943868038094,0.0,0.0,0.0,0.0,0.0,0.0,0.0,0.0,0.0,0.0,0.0,80.91666228840229,0.0,0.0,0.0,879.6734567326143,0.0,0.0,0.0,-0.05006188773607689,0.0,0.0,0.05006188773607689,0.0,0.05006188773607689,0.0,0.0,0.0,30.03713264164613,61.07550303801384,61.07550303801384,0.0,0.0,0.0,0.0,0.0,0.0,253.42842534634497,600.6896104102464,0.0,639.3651470029279,0.0,0.0,0.0,0.0,0.0,0.0,0.0,0.0,0.0,0.0,0.0,0.0,0.0,0.0,0.0,0.0,0.0,105.60866671268235,0.0,0.0,0.0,0.07509283160411534,0.0,0.0,0.0,-15.018566320823066,0.0,0.0,0.0,0.0,0.0,-336.9101810171518,2.5030943868038444,0.0,0.0,0.0,0.0,0.0,151.45208578971994,-2.5030943868038094,0.0,140.6250000000001,0.0,0.0,0.0,0.0,0.0,80.91666228840229,0.0,0.0,444.7836768678784,85.98762245278462,0.0,655.677232863031,0.0,0.0,-90.42988093517738,666.4845572529593,-576.054676317782,0.0,-61.07550303801384,0.0,2.5030943868038094,749.0472281488173,0.0,0.0,0.0,-148.55426587500637,0.0,0.0,0.0,0.0,0.0,0.0,0.0,0.0,0.0,340.66482259735756,-348.1741057577692,61.07550303801384,0.0,0.0,0.0,0.0,0.0,0.0,0.0,0.0,0.0,153.064078574821,0.0,0.0,0.0,-498.2926414018747,-950.5528341476602,0.0,15.018566320823066,56.38223897614593,0.0,0.0,0.0,26.472844552290155,0.0,0.0,0.05506807650969847,0.0,0.0,0.0,30.5377515190069,0.0,0.0,0.0,0.0,621.2751465568197,0.0,388.6607787001335,0.0,0.0,0.0,0.0,0.0,0.0,-1000.0,0.0,0.0050061887736077,0.0050061887736077,0.0,0.0,0.0,0.0,0.0,0.0,0.0,0.0,0.0,-573.7918135015932,0.0,0.0,0.0,0.0,0.0,336.9101810171518,0.0,0.0,0.0,0.0,0.0,0.0,0.0,0.0,0.0,0.0,0.0,112.76447795229186,198.03832440042004,491.93777852729954,0.0,0.0,0.0,0.0,30.037132641646167,0.0,0.0,0.0,0.0,0.0,969.9628673583538,-1000.0,0.0,112.76447795229186,0.0,0.0,0.0,0.0,0.0,0.0,0.0,0.0,0.0,0.0,-712.5048410214021,0.0,34.2923930992127,0.0,-15.018566320823066,0.0,999.7997524490561,0.0,0.0,0.0,0.0,0.0,0.0,0.0,0.0,0.0,0.0,0.0,0.0,0.0,0.0,0.0,0.0,0.0,-6.257735967009576,80.91666228840229,-334.0179878332136,344.41946417756344,0.0,0.0,0.0,0.0,0.0,0.0,-0.6257735967009612,35.789787922714495,0.0,0.0,0.0,0.0,0.0,0.0,0.0,1000.0,15.018566320823066,15.018566320823066,0.0,0.0,0.0,0.0,0.0,0.05506807650969847,336.9101810171518,0.0,0.0,-999.7997524490561,0.0,0.0,0.0,0.0,0.0,0.0,0.0,0.0,0.0,0.0,0.0,0.0,0.0,0.0,0.0,0.0,0.0,0.0,0.0,52.56498212288073,0.0,0.0,313.66542967816883,0.0,0.0,0.0,336.9101810171518,0.0,0.0,0.0,0.0,0.0,-6.257735967009576,0.0,0.0,0.0,0.0,0.0,0.0,0.0,0.0,0.0,0.0,0.0,0.0,0.0,0.0,0.0,0.0,0.0,0.0,-0.05006188773607689,0.0,0.0,2.5030943868038444,-409.4531254304536,0.0,0.0,0.0,0.0,80.91666228840229,0.0,0.0,0.0,4.310328534076233,1.2515471934019222,0.0,0.0,0.0,0.05006188773607689,0.0,50.06188773607688,-15.519185198183834,10.012377547215378,0.3575849124005492,139.6726667836545,-0.03754641580205767,167.6347675133078,1.0012377547215379,-0.25030943868000577,-139.6726667836545,15.018566320823066,-0.05006188773607689,0.0,50.69987428606527,0.012515471934019223,0.3575849124005492,0.0,-64.35209150372873,-1.0012377547215379,65.19660460118553,-0.05006188773607689,0.012515471934019223,-139.6726667836545,5.006188773607689,0.05006188773607689,0.05006188773607689,-336.805051052906,-56.32717089963624,-24.326662455282417,-0.03754641580205767,15.018566320823066,0.05006188773607689,15.018566320823066,-25.03094386803844,-0.025030943868038447,-223.42385541702131,-29.748255085623825,-0.03754641580205767,-0.05006188773607689,-15.519185198183834,0.05006188773607689,5.006188773607689,-1.0012377547215379,105.60866671268235,105.60866671268235,-5.006188773607689,-65.19660460118553,-105.60866671268235,10.012377547215378,0.07509283160411534,-1000.0,5.006188773607689,-154.50063680262014,50.69987428606527,-10.012377547215378,0.025030943868038447,0.5006188773607689,150.88482841036563,96.0,-0.05006188773607689,-348.1741057577692,336.805051052906,15.519185198183834,0.05006188773607689,64.35209150372873,-9.374390997227238,50.69987428606527,-0.05006188773607689,-0.012515471934019223,-50.69987428606527,-0.05006188773607689,-383.09380887438334,0.0500618877360921,-0.012515471934019223,-0.012515471934019223,-0.012515471934019223,20.024755094430756,25.03094386803844,0.5006188773607689,37.08960107646541,-0.012515471934019223,301.76965682073126,2.5030943868038444,-0.2803905260712374,0.05006188773607689,0.025030943868038447,0.025030943868038447,30.356125916640323,15.519185198183834,0.05006188773607689,-15.519185198183834,0.5006188773607689,0.05006188773607689,-37.08960107646541,0.05006188773607689,0.20024755094391367,0.25030943868000577,0.025030943868038447,0.012515471934019223,15.018566320823066,-0.05006188773607689,24.326662455282417,0.5006188773607689,-74.17920215293081,166.38322031990586,-5.006188773607689,10.012377547215378,2.5030943868038444,-0.05006188773607689,0.0,0.07509283160411534,-0.05006188773607689,-60.71225183328065,15.519185198183834,154.81353461522977,0.025030943868038447,0.5607810521424739,-0.05006188773607689,-0.0500618877360921,-0.05006188773607689,0.025030943868038447,139.6726667836545,-10.012377547215378,0.05006188773607689,301.76965682073126,-0.012515471934019223,56.32717089963624,-301.76965682073126,7.509283160411532,29.748255085623825,628.3148677307647,139.6726667836545,-0.03754641580205767,348.1741057577692,-96.0,0.05006188773607689,-0.012515471934019223,2.5030943868038094,50.06188773607689,-0.025030943868038447,-0.05006188773607689,0.012515471934019223,0.0,0.0,279.35980684109745,0.0,-46.0,0.0,205.63601977392864,-31.0,0.0,-32.0,-93.0,-65.0,-720.6151622150345,16.0,23.0,46.5,0.0,15.5,-336.9101810171518,-181.28637916751993,720.6151622150345,65.0,-181.28637916751993,-205.63601977392864,105.0021109987741,0.0,1496.5981,hclb
436,0.0,0.0,0.0,0.0,0.0,0.0,0.0,0.0,-0.07435377083200857,0.0,0.0,0.0,0.0,0.0,0.0,0.0,-1000.0,865.8644523379462,0.0,0.0,0.0,0.0,0.0,556.1066069541315,0.0,0.0,0.0,0.0,0.0,-798.2588818861992,0.0,0.0,216.76223969663837,0.0,0.0,0.0,0.0,155.79891591127367,0.0,-1000.0,1000.0,0.0,-127.10961158632101,0.0,0.0,0.0,0.0,0.0,1000.0,-386.63615021609553,0.0,0.0,0.0,0.08178914791506031,0.0,0.0,0.0,0.0,0.0,0.0,-6.548088751272871,0.0,954.4365094272737,947.8884206760008,0.0,0.0,0.0,0.0,0.0,447.2663620061759,0.0,0.7435377083200858,0.0,0.0,0.0,0.0,0.0,0.0,0.0,0.0,0.0,0.0,-231.46810550649175,0.0,44.612262499205144,0.0,0.0,-350.4648014709128,350.57633212716064,1000.0,262.3175222565312,0.0,0.0,0.0,22.306131249602572,0.0,22.306131249602572,-400.28884514947913,0.0,0.0,0.0,3.717688541600429,-798.2588818861992,0.0,0.0,0.0,0.0,0.0,0.0,0.0,0.0,0.0,0.0,0.0,0.0,0.0,0.0,0.0,0.0,0.0,0.0,0.0,0.0,0.0,-503.924087642829,0.0,0.0,22.306131249602572,0.0,23.049668957922663,3.6276661975835225,0.0,0.0,0.0,0.0,0.0,-483.7811508531029,0.0,0.0,483.7811508531029,0.0,0.0,0.0,0.0,0.0,237.19334586055643,0.07435377083200857,262.3361106992392,0.0,0.0,0.0,-830.920675733407,0.0,0.0,231.46810550649175,0.0,447.44583539021255,0.0,0.0,0.0,0.0,0.0,-16.164122867887684,-16.164122867887684,0.0,0.0,0.0,-796.78125,-505.56801836395096,0.0,0.0,-16.089769097055676,0.0,0.0,0.0,-673.3821848070644,0.0,0.0,0.0,0.0,0.0,0.0,0.0,0.0,0.0,0.0,0.0,0.0,0.0,0.0,0.0,-739.4036923990138,0.0,0.0,0.0,0.0,0.0,386.63615021609553,127.10961158632101,-776.6448101154083,776.6448101154083,0.0,0.0,0.0,0.0,0.0,0.0,0.0,0.0,-128.24429978699575,0.0,0.0,0.0,0.0,0.0,0.0,0.0,0.0,0.0,0.0,0.0,0.0,0.0,247.4694447835252,817.6621840662104,671.1492702998783,0.0,0.0,0.0,0.0,77.49026914596713,0.0,0.0,0.0,0.0,-6.548088751272871,671.1492702998783,0.0,0.0,0.0,0.0,0.0,0.0,0.0,0.0,0.0,14.870754166401715,0.0,0.0,-0.11153065624801287,1000.0,0.0,0.0,-671.1492702998783,0.0,0.0,0.0,90.71160041505046,0.0,0.0,0.0,185.8244542376949,0.0,0.0,-1000.0,0.0,0.0,-1000.0,0.0,0.0,-426.06847798824765,0.0,-560.3155563065492,386.63615021609553,0.0,137.21208387050388,0.0,0.0,0.0,0.0,0.0,0.0,0.0,983.7615233612803,0.0,0.0,-147.63436410708468,-796.78125,0.0,0.0,-6.548088751272871,-0.11153065624801287,0.0,0.0,0.0,0.0,0.07435377083200857,0.0,0.0,0.0,639.6072920034442,-1000.0,0.0,-874.7402307347927,788.8286014313443,0.0,957.1768854160043,0.0,-329.8583409958854,0.0,0.0,0.0,0.0,0.0,-6.4018596686357885,0.0,336.26020066452116,-1000.0,-1000.0,0.0,0.0,0.0,0.0,0.0,0.0,0.0,0.0,0.0,0.0,0.0,0.0,0.0,0.0,0.0,0.0,0.0,-669.98874414198,0.0,-1000.0,231.46810550649175,173.91492486341733,397.8946537286876,0.0,0.0,0.0,-237.19334586055643,0.0,0.0,0.0,0.0,0.0,0.0,0.0,0.0,702.2174251455411,0.0,0.0,0.0,-436.3775530898207,0.0,0.0,-3.717688541600429,0.0,-704.0762694163413,-3.717688541600429,-667.6196016058796,0.0,411.07395090416026,725.5080307091323,-12.137539938789928,22.306131249602572,0.0,0.0,0.0,0.0,0.0,0.0,247.46944478352523,0.0,0.0,0.0,-109.27621219842733,0.0,0.0,-1000.0,0.0,0.0,0.0,0.0,0.0,-13.096177502545743,0.0,0.0,65.12924583359829,0.0,0.0,0.0,0.0,-35.564622916799145,0.14870754166440747,0.0,0.0,0.0,0.0,0.0,0.0,0.0,41.94779812504558,0.0,447.2663620061759,0.0,0.0,0.0,0.0,0.0,0.0,0.0,0.0,0.0,0.08178914791506031,0.08178914791506031,0.0,328.5986906171235,0.0,44.612262499205144,0.0,0.0,0.0,1000.0,0.0,0.0,0.0,0.0,0.0,366.63651012310436,-1000.0,0.0,0.0,221.28222686586915,0.0,0.0,65.12924583359829,0.0,0.0,0.0,0.0,0.0,0.0,0.0,167.97469588094302,-639.6072920034442,830.920675733407,0.0,5.725240354064681,0.0,-77.49026914596713,77.49026914596713,0.0,0.0,366.63651012310436,0.0,0.0,331.07188720630523,1000.0,-1000.0,247.46944478352523,0.0,0.0,0.0,0.0,0.0,0.0,0.0,0.0,0.0,0.0,0.0,0.0,0.0,44.612262499205144,0.0,0.0,0.0,0.0,0.0,0.0,0.0,0.0,0.0,0.0,0.0,0.0,0.7435377083200858,0.0,0.0,0.0,0.0,0.0,127.10961158632101,0.0,0.0,22.306131249602572,-221.28222686586915,0.0,0.0,0.0,0.0,0.0,0.0,0.0,0.0,0.0,674.9982865145132,0.0,0.0,22.306131249602572,22.306131249602572,1000.0,-1000.0,0.0,65.12924583359829,0.0,0.0,0.0,0.0,0.0,798.2588818861992,0.0,1000.0,0.07435377083200857,0.0,0.0,0.0,83.68411156059494,187.40545803202562,41.94779812504558,0.0,0.0,0.0,0.0,0.0,0.0,0.0,0.0,0.0,0.0,0.0,0.0,0.0,0.0,0.0,0.07435377083200857,0.0,0.0,0.0,0.0,0.0,0.0,0.0,0.0,173.91492486341733,-239.58753728134795,400.28884514947913,0.0,0.0,-330.01125585802004,-5.576532812400643,0.0,-3.717688541600431,0.0,0.0,0.0,0.0,0.0,0.0,0.0,0.0,0.0,0.0,0.0,0.0,0.0,0.0,0.0,402.65409950697074,0.0,0.0,0.0,-0.07435377083200857,0.0,0.0,0.07435377083200857,0.0,0.07435377083200857,0.0,0.0,0.0,44.612262499205144,90.71160041505046,90.71160041505046,0.0,0.0,0.0,0.0,0.0,0.0,0.0,830.920675733407,0.0,0.0,0.0,0.0,0.0,0.0,0.0,0.0,0.0,0.0,0.0,0.0,0.0,0.0,0.0,0.0,0.0,0.0,0.0,77.49026914596713,0.0,0.0,0.0,0.11153065624801287,0.0,0.0,0.0,-22.306131249602572,0.0,0.0,0.0,0.0,0.0,-328.5986906171235,3.717688541600429,0.0,0.0,0.0,796.78125,505.56801836395096,-2.3941914207915147,-3.717688541600431,0.0,0.0,0.0,0.0,0.0,0.0,0.0,0.0,0.0,221.28222686586915,662.6372632021444,81.12924583359829,0.0,881.0499215670053,187.40545803202562,0.0,0.0,0.0,0.0,231.46810550649175,0.0,0.0,3.717688541600431,703.7613018891486,0.0,0.0,0.0,-13.096177502545743,0.0,0.0,0.0,0.0,0.0,0.0,0.0,0.0,0.0,128.1790172259199,-139.33208285072124,90.71160041505046,0.0,-453.12500000000006,-453.125,453.125,0.0,0.0,0.0,0.0,0.0,0.0,0.0,0.0,205.9962062036043,-530.9504735667708,-672.9881396369299,-127.10961158632101,22.306131249602572,0.0,0.0,0.0,0.0,235.2256092857064,0.0,0.0,0.08178914791506031,0.0,0.0,0.0,45.355800207525235,0.0,0.0,0.0,0.0,817.6621840662104,0.0,0.0,0.0,0.0,0.0,0.0,0.0,0.0,0.0,0.0,158.24703097130043,0.007435377083200858,0.0,0.0,0.0,0.0,0.0,0.0,0.0,0.0,0.0,0.0,0.0,0.0,0.0,0.0,0.0,328.5986906171235,0.0,0.0,0.0,0.0,0.0,0.0,0.0,386.63615021609553,0.0,0.0,0.0,0.0,-813.752873013947,-619.4530717062812,865.8644523379462,0.0,0.0,0.0,44.612262499205144,0.0,0.0,0.0,0.0,0.0,-643.0792511201156,598.4669886209105,0.0,0.0,0.0,0.0,0.0,0.0,0.0,0.0,0.0,0.0,0.0,0.0,-1000.0,-1000.0,50.93233301992586,784.6878751626416,-806.9940064122442,0.0,329.713840774691,0.0,0.0,0.0,0.0,0.0,0.0,0.0,0.0,0.0,0.0,0.0,0.0,0.0,0.0,0.0,0.0,0.0,-9.294221354001074,0.0,-5.576532812400643,133.75555003832054,0.0,0.0,0.0,0.0,0.0,0.0,-0.9294221354001074,244.5642830090375,0.0,0.0,0.0,0.0,0.0,0.0,0.0,1000.0,22.306131249602572,22.306131249602572,0.0,0.0,0.0,0.0,0.0,0.08178914791506031,328.5986906171235,0.0,0.0,-329.713840774691,158.23959559421723,0.0,0.0,0.0,0.0,0.0,0.0,0.0,0.0,0.0,0.0,0.0,0.0,0.0,0.0,0.0,0.0,3.6276661975835225,0.0,78.071459373609,0.0,0.0,5.725240354064681,0.0,0.0,0.0,328.5986906171235,0.0,0.0,0.0,0.0,0.0,-9.294221354001074,0.0,0.0,0.0,0.0,0.0,0.0,0.0,0.0,0.0,0.0,0.0,0.0,0.0,0.0,0.0,0.0,0.0,0.0,-0.07435377083200857,0.0,0.0,3.717688541600429,-366.63651012310436,0.0,0.0,0.0,0.0,0.0,0.0,0.0,0.0,6.4018596686357885,1.8588442708002144,0.0,0.0,0.0,0.07435377083200857,0.0,74.35377083200858,-19.422002760339133,14.870754166401715,0.5310983630857755,214.70235301647102,-0.05576532812400643,3.717688541600429,1.4870754166401716,-0.3717688541610509,-214.70235301647102,22.306131249602572,-0.07435377083200857,0.0,65.12924583359829,0.018588442708002143,0.5310983630857755,0.0,-11.837120316456627,-1.4870754166401716,134.1355476620538,-0.07435377083200857,0.01858844270800214,-214.70235301647102,7.435377083200858,0.07435377083200857,0.07435377083200857,-328.4425476983764,0.08178914791520621,-64.92140458141188,-0.05576532812400643,22.306131249602572,0.07435377083200857,22.306131249602572,-37.17688541600429,-0.037176885416004286,-382.5244308088007,-85.0,-0.055765328124006426,-0.07435377083200857,-19.422002760339133,0.07435377083200857,7.435377083200858,-1.4870754166401716,77.49026914596713,77.49026914596713,-7.435377083200858,-134.1355476620538,-77.49026914596713,14.870754166401715,0.11153065624801285,-129.2678563621023,7.435377083200858,-167.97469588094302,65.12924583359829,-14.870754166401715,0.037176885416004286,0.7435377083200858,218.68505768369818,96.0,-0.07435377083200857,-345.3282890543255,328.4425476983764,23.049668957922663,0.07435377083200857,11.837120316456627,-24.095279164811966,65.12924583359829,-0.07435377083200857,-0.018588442708002143,-65.12924583359829,-0.07435377083200857,-35.564622916799145,0.07435377083200857,-0.018588442708002143,-0.018588442708002143,-0.018588442708002143,29.74150833280343,37.17688541600429,0.7435377083200858,55.08684996516739,-0.01858844270800214,437.37011536739635,3.7176885416004284,21.5,0.07435377083200857,0.037176885416004286,0.037176885416004286,40.0,19.422002760339133,0.07435377083200857,-19.422002760339133,0.7435377083200858,0.07435377083200857,-55.08684996516739,0.07435377083200857,0.29741508332909916,0.3717688541610509,0.037176885416004286,0.018588442708002143,22.306131249602572,-0.07435377083200857,64.92140458141188,0.7435377083200858,-110.17369993033478,1.8588442708002144,-7.435377083200858,14.870754166401715,3.717688541600429,-0.07435377083200857,0.0,0.11153065624801287,-0.07435377083200857,-80.0,19.422002760339133,-64.1193769189291,0.037176885416004286,-43.0,-0.07435377083200857,-0.07435377083200857,-0.07435377083200857,0.037176885416004286,214.70235301647102,-14.870754166401715,0.07435377083200857,437.37011536739635,-0.018588442708002143,-0.08178914791520621,-437.37011536739635,11.153065624801284,85.0,48.20317010273528,214.70235301647102,-0.055765328124006426,345.3282890543255,-96.0,0.07435377083200857,-0.018588442708002147,3.717688541600431,74.35377083200858,-0.037176885416004286,-0.07435377083200857,0.018588442708002143,0.0,0.0,-444.70084253506604,0.0,-46.0,0.0,-108.0,-31.0,0.0,-32.0,-93.0,-65.0,-573.9315220117523,16.0,23.0,46.5,0.0,15.5,-328.5986906171235,-171.10623236677736,573.9315220117523,65.0,-171.10623236677736,108.0,-45.670048959194446,0.0,1496.5981,hclb
437,0.0,0.0,0.0,0.0,0.0,0.0,0.0,0.0,-0.059863345987181446,0.0,0.0,0.0,0.0,0.0,0.0,0.0,-982.7279853653052,162.22824158496178,0.0,1000.0,0.0,0.0,0.0,1000.0,0.0,0.0,0.0,0.0,0.0,-47.87929973091229,0.0,0.0,19.447329078429615,0.0,0.0,0.0,0.0,0.0,0.0,-1000.0,1000.0,0.0,0.0,0.0,0.0,0.0,0.0,0.0,-96.40387380407475,-275.01281503940083,0.0,-361.3280029541783,0.0,0.06584968058611551,0.0,0.0,0.0,0.0,0.0,0.0,-80.1824550294159,0.0,420.05845840795666,339.87600337854076,0.0,0.0,0.0,0.0,0.0,0.0,0.0,0.5986334598718145,0.0,0.0,0.0,0.0,0.0,0.0,0.0,0.0,0.0,0.0,0.0,0.0,35.918007592308875,0.0,74.91048969281243,442.9900473842332,-454.31406505062495,982.817780384286,-0.014965836496795362,0.0,0.0,-1000.0,17.959003796154438,0.0,17.959003796154438,0.0,0.0,0.0,0.0,2.9931672993590723,-83.79730732322116,0.0,0.0,-10.22969097525346,0.0,0.0,0.0,0.0,0.0,0.0,0.0,0.0,0.0,0.0,0.0,0.0,0.0,0.0,0.0,0.0,0.0,0.0,-563.4938474454278,0.0,0.0,17.959003796154438,0.0,18.55763725602625,0.0,0.0,0.0,0.0,0.0,0.0,0.0,0.0,0.0,0.0,0.0,0.0,0.0,0.0,0.0,79.5199673338254,0.059863345987181446,0.0,0.0,0.0,-975.9121571401745,943.8021747965597,0.0,0.0,0.0,0.0,487.40832685821687,0.0,0.0,0.0,0.0,0.0,652.2981485484781,652.2981485484781,0.0,0.0,0.0,0.0,-483.8094750883246,0.0,0.0,652.3580118944653,0.0,0.0,0.0,-262.3133796276139,0.0,0.0,0.0,0.0,0.0,0.0,0.0,0.0,0.0,0.0,-10.484067327219767,0.0,0.0,0.0,0.0,16.408185490886467,0.0,0.0,0.0,0.0,0.0,275.01281503940083,361.3280029541783,-454.31406505062495,454.31406505062495,0.0,0.0,0.0,0.0,0.0,0.0,0.0,35.918007592308875,-922.3456051022192,0.0,0.0,0.0,0.0,0.0,0.0,0.0,0.0,0.0,0.0,0.0,0.0,0.0,294.65796047806265,49.056933267691846,765.6831559461141,0.0,0.0,0.0,0.0,78.95380205529467,0.0,0.0,0.0,0.0,-80.1824550294159,765.6831559461141,0.0,0.0,0.0,0.0,0.0,0.0,0.0,0.0,1.927599740784558,11.97266919743629,0.0,0.0,0.0,0.0,253.60011148371183,0.0,-765.6831559461141,0.0,0.0,0.0,-909.0356215028604,0.0,0.0,0.0,76.05893132406538,0.0,0.0,805.6679063229342,0.0,0.0,805.6679063229338,0.0,0.0,-908.6281301012499,0.0,0.0,275.01281503940083,0.0,88.0649332489416,0.0,0.0,0.0,-316.1028983689664,0.0,316.1028983689664,0.0,1000.0,0.0,0.0,-337.4309691105026,0.0,0.0,0.0,-80.1824550294159,-0.08979501898077218,0.0,0.0,0.0,0.0,0.059863345987181446,0.0,0.0,0.0,-115.24859108312013,-982.7279853653052,0.0,-1000.0,196.36180238057213,0.0,949.9316729935907,0.0,876.6907818844668,0.0,-10.22969097525346,0.0,0.0,0.0,-5.154234089496538,0.0,-871.5365477949704,0.0,-1000.0,0.0,0.0,0.0,0.0,0.0,0.0,0.0,0.0,0.0,0.0,0.0,0.0,0.0,0.0,0.0,0.0,0.0,-999.7605466160517,0.0,-1000.0,0.0,0.0,0.0,0.0,0.0,0.0,-81.44756707460999,0.0,0.0,0.0,790.9305524232304,0.0,0.0,0.0,-76.33486227458428,662.2387212336564,0.0,0.0,-2.9931672993590723,0.0,0.0,0.0,73.34169497522521,0.0,-663.735304883336,0.0,67.69645933610741,0.0,-795.7939572965913,-58.724939217493215,792.8007899972323,17.959003796154438,0.0,0.0,0.0,0.0,0.0,0.0,0.0,-294.65796047806265,294.65796047806265,294.65796047806265,91.25702177781717,0.0,0.0,-572.4931838759463,0.0,0.0,35.918007592308875,0.0,0.0,-10.54393067320695,0.0,0.0,68.02733080256371,0.0,0.0,0.0,0.0,-1.0120528720773037,0.11972669197429654,0.0,0.0,0.0,0.0,0.0,0.0,0.0,0.0,0.0,0.0,0.0,0.0,0.0,0.0,0.0,0.0,0.0,0.0,0.0,0.06584968058611551,0.06584968058611551,0.0,378.68529128062636,0.0,35.918007592308875,0.0,0.0,0.0,-628.6924693318957,0.0,0.0,74.91048969281243,0.0,0.0,559.2505669989591,628.6924693318957,0.0,0.0,0.0,0.0,0.0,68.02733080256371,0.0,0.0,0.0,0.0,0.0,0.0,0.0,187.83128248180927,115.24859108312013,32.10998234361472,0.0,79.5199673338254,0.0,-913.1334938639388,-86.86650613606116,-165.82030819135582,0.0,559.2505669989591,0.0,558.2385141268819,0.0,0.0,0.0,294.65796047806265,0.0,0.0,0.0,0.0,0.0,0.0,0.0,0.0,0.0,0.0,0.0,0.0,0.0,35.918007592308875,0.0,0.0,0.0,0.0,0.0,0.0,0.0,0.0,0.0,0.0,0.0,0.0,0.5986334598718145,0.0,0.0,74.91048969281243,-74.91048969281243,0.0,361.3280029541783,0.0,0.0,17.959003796154438,0.0,0.0,0.0,0.0,0.0,0.0,0.0,0.0,0.0,0.0,109.04310898526838,0.0,0.0,17.959003796154438,17.959003796154434,1000.0,628.6924693318957,0.0,68.02733080256371,0.0,0.0,0.0,0.0,0.0,-916.2026926767788,35.918007592308875,-752.4185247289125,0.059863345987181446,0.0,0.0,0.0,79.05810028264271,0.0,0.0,1000.0,0.0,0.0,0.0,0.0,0.0,0.0,0.0,0.0,0.0,0.0,0.0,0.0,0.0,0.0,0.059863345987181446,0.0,0.0,0.0,-174.47786401160192,174.47786401160192,0.0,0.0,0.0,0.0,0.0,483.09676693273616,0.0,0.0,-564.7837873912945,-4.489750949038609,-2.9931672993590155,0.0,0.0,0.0,0.0,0.0,0.0,0.0,0.0,0.0,0.0,0.0,0.0,0.0,0.0,0.0,0.0,0.0,0.0,0.0,0.0,-0.059863345987181446,0.0,0.0,0.059863345987181446,0.0,0.059863345987181446,0.0,0.0,0.0,35.918007592308875,73.03328210436138,73.03328210436138,0.0,0.0,0.0,0.0,0.0,0.0,0.0,32.10998234361472,0.0,35.918007592308875,0.0,0.0,0.0,0.0,0.0,0.0,0.0,0.0,0.0,0.0,0.0,0.0,0.0,0.0,0.0,0.0,0.0,78.95380205529467,0.0,-39.06316345942224,39.06316345942224,0.08979501898077218,0.0,0.0,0.0,-17.959003796154438,0.0,0.0,0.0,0.0,0.0,-378.68529128062636,2.9931672993590723,0.0,0.0,0.0,0.0,483.8094750883246,-918.55243292539,0.0,0.0,0.0,0.0,0.0,0.0,0.0,0.0,0.0,0.0,0.0,-422.3462353345523,84.02733080256371,0.0,85.13731314617843,-10.22969097525346,564.5443340073462,-1000.0,0.0,435.45566599265385,0.0,-982.0689036072217,0.0,2.9931672993590723,551.1043843569231,0.0,0.0,0.0,-160.3649100588318,0.0,0.0,0.0,0.0,0.0,0.0,0.0,0.0,0.0,393.65910955688474,-392.15454412774216,73.03328210436138,0.0,-157.52500189346222,-157.52500189346222,157.52500189346222,0.0,0.0,0.0,0.0,0.0,1.927599740784558,0.0,0.0,0.0,-79.05810028264271,441.6862394068175,0.0,17.959003796154438,74.91048969281243,0.0,0.0,0.0,305.0936791251301,0.0,0.0,0.06584968058611551,0.0,0.0,0.0,36.51664105218069,0.0,0.0,0.0,0.0,49.056933267691846,0.0,0.0,0.0,0.0,0.0,0.0,0.0,0.0,-520.4628730670897,0.0,0.005986334598718145,0.005986334598718145,0.0,0.0,0.0,0.0,0.0,0.0,0.0,0.0,0.0,0.0,0.0,0.0,0.0,0.0,0.0,378.68529128062636,0.0,0.0,0.0,0.0,0.0,0.0,0.0,275.01281503940083,0.0,0.0,0.0,149.82097938562487,-700.531841580507,0.0,162.22824158496178,0.0,0.0,0.0,35.918007592308875,0.0,0.0,0.0,0.0,0.0,0.0,-35.918007592308875,0.0,149.82097938562487,0.0,0.0,0.0,0.0,0.0,0.0,0.0,0.0,0.0,0.0,611.0982792924302,-1000.0,41.0063920012193,-17.959003796154438,0.0,0.0,0.0,0.0,0.0,0.0,0.0,0.0,0.0,0.0,0.0,0.0,0.0,0.0,0.0,0.0,0.0,0.0,0.0,0.0,-7.482918248397709,0.0,-4.489750949038609,387.6647931787035,0.0,0.0,0.0,0.0,0.0,-820.3076860165415,819.5593941917018,10.54393067320695,0.0,0.0,0.0,0.0,0.0,0.0,0.0,858.6797545635177,17.959003796154434,17.959003796154438,0.0,0.0,0.0,0.0,0.0,0.06584968058611551,378.68529128062636,0.0,0.0,0.0,0.0,0.0,0.0,0.0,0.0,0.0,0.0,0.0,0.0,0.0,0.0,0.0,0.0,0.0,19.53158172971112,0.0,0.0,0.0,0.0,62.85651328654053,79.5199673338254,0.0,0.0,0.0,0.0,0.0,378.68529128062636,0.0,915.559265626031,0.0,0.0,0.0,-7.482918248397709,0.0,0.0,0.0,0.0,0.0,0.0,0.0,0.0,0.0,0.0,0.0,0.0,0.0,0.0,0.0,0.0,0.0,0.0,-0.059863345987181446,0.0,0.0,2.9931672993590723,-559.2505669989591,0.0,0.0,0.0,0.0,0.0,0.0,0.0,0.0,5.154234089496538,1.4965836496795362,0.0,0.0,0.0,0.059863345987181446,0.0,59.86334598718145,-18.55763725602625,11.97266919743629,0.4275953284798675,167.01873530423626,-0.04489750949038609,2.993167299359073,1.197266919743629,-0.2993167299355116,-167.01873530423626,17.959003796154434,-0.059863345987181335,3.4098969917511535,68.02733080256371,0.014965836496795362,0.4275953284798675,-10.22969097525346,-84.44073437396901,-1.197266919743629,-179.50025621965653,-0.059863345987181446,0.014965836496795362,-167.01873530423626,5.986334598718145,0.059863345987181335,0.059863345987181446,-378.55957825405306,-74.84464001222653,0.0,-0.04489750949038609,17.959003796154438,0.059863345987181446,17.959003796154438,-29.931672993590727,-0.029931672993590723,-466.94894490771,-85.0,-0.04489750949038609,-0.059863345987181446,-18.55763725602625,0.059863345987181446,5.986334598718145,-1.197266919743629,78.95380205529467,78.95380205529467,-5.986334598718145,179.50025621965653,-78.95380205529467,11.97266919743629,0.08979501898077218,763.7677395825267,5.986334598718145,-187.83128248180927,68.02733080256371,-11.97266919743629,0.029931672993590723,0.5986334598718145,250.0,96.0,-0.059863345987181446,-392.15454412774216,378.55957825405306,18.55763725602625,0.059863345987181446,84.44073437396901,-3.808684382053997,68.02733080256371,-0.059863345987181446,-0.014965836496795362,-68.02733080256371,-0.059863345987181446,-1.0120528720773037,0.05986334598752251,-0.014965836496795362,-0.014965836496795362,-0.014965836496795362,23.94533839487258,29.931672993590727,0.5986334598718145,44.351256458250205,-0.014965836496795362,496.59010300824883,2.9931672993590723,3.499193735397724,0.059863345987181446,0.029931672993590723,0.029931672993590723,40.0,18.55763725602625,0.059863345987181446,-18.55763725602625,0.5986334598718145,0.059863345987181446,-44.351256458250205,0.059863345987181446,0.23945338394833016,0.2993167299355116,0.029931672993590723,0.014965836496795362,17.959003796154438,-0.059863345987181446,0.0,0.5986334598718145,-88.70251291650041,1.4965836496795362,-5.986334598718145,11.97266919743629,2.9931672993590723,-0.059863345987181446,10.22969097525346,0.08979501898077218,-0.059863345987181446,-80.0,18.55763725602625,-125.6336137745979,0.029931672993590723,-6.99838747079545,-0.059863345987181446,-0.05986334598752251,-0.059863345987181446,0.029931672993590723,167.01873530423626,-11.97266919743629,0.059863345987181446,500.0,-0.014965836496795362,74.84464001222653,-500.0,8.979501898077217,85.0,-804.3087541016654,167.01873530423626,-0.04489750949038609,392.15454412774216,-96.0,0.059863345987181446,-0.01496583649679536,793.9237197225896,59.86334598718145,-0.029931672993590723,-0.059863345987181446,0.014965836496795362,693.2355064850016,0.0,-837.9873215385564,0.0,-46.0,0.0,-91.33805689423545,-31.0,0.0,-32.0,-93.0,-65.0,-74.18965028303614,16.0,23.0,46.5,0.0,15.5,-378.68529128062636,-179.4600653505322,74.18965028303614,65.0,-179.4600653505322,91.33805689423545,-46.7578535554498,0.0,1496.5981,hclb
438,0.0,0.0,0.0,0.0,0.0,0.0,0.0,0.0,-0.07651447063445094,0.0,0.0,0.0,0.0,0.0,0.0,0.0,-999.8852282940484,479.4627553867458,0.0,198.07537388037258,0.0,0.0,0.0,893.1085700173692,0.0,0.0,0.0,0.0,0.0,347.41746377055335,0.0,0.0,16.685921675004206,0.0,0.0,0.0,0.0,999.693942117463,0.0,-1000.0,1000.0,0.0,0.0,0.0,0.0,0.0,0.0,0.0,652.467764523495,-479.3976260467414,0.0,0.0,0.0,0.08416591769753268,0.0,0.0,0.0,15.302894126890187,0.0,0.0,-6.738374380540563,0.0,0.0,-6.738374380540563,0.0,0.0,0.0,0.0,993.4121040783741,-196.9518030345621,0.0,0.7651447063445094,0.0,0.0,0.0,0.0,0.0,0.0,0.0,0.0,0.0,0.0,427.42439236291955,0.0,45.90868238067056,0.0,0.0,-70.51578317665462,581.9519813468404,0.0,-0.019128617658612734,0.0,0.0,-809.6499106897338,22.95434119033528,0.0,22.95434119033528,-396.8794554185147,0.0,0.0,611.475924774768,3.825723531722547,347.41746377055335,0.0,0.0,-12.623108523974793,0.0,612.4286293751331,0.0,0.0,0.0,0.0,0.0,0.0,0.0,0.0,0.0,0.0,0.0,0.0,0.0,0.0,0.0,0.0,-521.2846959091316,0.0,0.0,22.95434119033528,0.0,23.71948589667979,23.414303871693875,0.0,0.0,0.0,0.0,0.0,410.2631454794837,0.0,0.0,-410.2631454794836,0.0,0.0,0.0,0.0,0.0,-421.5327781240668,0.07651447063445094,0.0,0.0,0.0,0.0,-484.204112956524,0.0,0.0,0.0,0.0,519.0921516512108,0.0,0.0,0.0,0.0,0.0,216.17416156067233,216.17416156067233,0.0,0.0,0.0,0.0,362.1717032749103,0.0,0.0,216.2506760313068,0.0,0.0,0.0,0.0,0.0,0.0,0.0,0.0,0.0,0.0,0.0,0.0,0.0,0.0,-4.738796214626973,0.0,0.0,0.0,0.0,-1000.0,0.0,0.0,0.0,0.0,0.0,479.3976260467414,0.0,418.0480186531596,-418.0480186531596,0.0,0.0,0.0,0.0,0.0,0.0,0.0,0.0,-475.66308999967265,0.0,0.0,0.0,0.0,0.0,0.0,0.0,0.0,0.0,0.0,0.0,0.0,0.0,288.66295151633193,471.8099012103045,0.0,0.0,0.0,0.0,0.0,77.27203846592046,0.0,0.0,0.0,0.0,-6.738374380540563,0.0,0.0,0.0,0.0,0.0,0.0,0.0,0.0,0.0,605.5843105359153,0.0,0.0,0.0,-1000.0,-836.0960373063192,1000.0,0.0,0.0,0.0,0.0,0.0,-478.4275632976512,0.0,0.0,0.0,231.9874296245954,0.0,0.0,-950.4221366499606,0.0,49.57786335003933,-1000.0,49.57786335003933,0.0,1000.0,0.0,513.6341665734374,479.3976260467414,0.0,183.0319423475854,0.0,0.0,0.0,0.0,0.0,0.0,0.0,460.1535406365125,0.0,0.0,962.2707136667018,0.0,0.0,0.0,-6.738374380540563,-0.1147717059516764,0.0,0.0,0.0,0.0,0.07651447063445094,0.0,0.0,0.0,294.189309807829,-999.8852282940484,0.0,-949.3856289242843,640.8420246291939,0.0,958.2572353172254,0.0,1000.0,0.0,-12.623108523974793,0.0,0.0,0.0,-6.5878959216258615,-993.4121040783741,0.0,-1000.0,-1000.0,0.0,0.0,0.0,0.0,0.0,0.0,0.0,0.0,0.0,0.0,0.0,0.0,0.0,0.0,0.0,0.0,0.0,656.7022819991995,0.0,-343.2977180008005,0.0,0.0,1000.0,0.0,0.0,37.735334604112374,-184.05153241184848,0.0,184.05153241184848,0.0,15.288964989336932,0.0,0.0,0.0,-3.825723531722547,0.0,0.0,-617.8460975205305,0.0,0.0,-118.31569969862515,0.0,0.0,100.37941046424287,-1.9128617658612734,-3.825723531722547,-56.905490562546674,0.0,0.0,0.0,746.7258951314188,22.95434119033528,0.0,0.0,0.0,0.0,0.0,0.0,288.66295151633193,0.0,0.0,0.0,90.32021439708461,0.0,0.0,-244.05589354647452,0.0,0.0,0.0,0.0,0.0,-13.476748761081126,0.0,0.0,64.69710587310982,0.0,0.0,0.0,0.0,-35.34855293655491,0.15302894126818956,0.0,0.0,0.0,0.0,0.0,0.0,0.0,0.0,0.0,796.460301043812,0.0,0.0,0.0,0.0,0.0,0.0,0.0,0.0,0.0,0.08416591769753268,0.08416591769753268,0.0,369.36005738944175,0.0,45.90868238067056,0.0,0.0,0.0,-481.06136857615905,0.0,0.0,0.0,0.0,0.0,609.4991726023414,481.06136857615905,0.0,0.0,201.46325975978485,0.0,0.0,64.69710587310982,0.0,0.0,0.0,0.0,0.0,0.0,0.0,173.76156530304388,-294.189309807829,484.204112956524,0.0,5.891614238852753,0.0,0.0,-809.6499106897338,-886.9219491556543,0.0,609.4991726023414,0.0,934.7001543271947,-360.5495346614082,0.0,0.0,288.66295151633193,0.0,0.0,0.0,0.0,0.0,0.0,0.0,0.0,0.0,0.0,0.0,0.0,0.0,45.90868238067056,0.0,0.0,0.0,0.0,0.0,0.0,0.0,0.0,0.0,0.0,0.0,0.0,0.7651447063445094,0.0,0.0,0.0,0.0,0.0,0.0,0.0,0.0,22.95434119033528,-201.46325975978485,0.0,0.0,0.0,0.0,0.0,0.0,0.0,0.0,0.0,0.0,-451.67685511837624,0.0,22.95434119033528,22.95434119033528,1000.0,481.06136857615905,0.0,64.69710587310982,0.0,0.0,0.0,0.0,0.0,652.5825362294466,0.0,900.9491635345233,0.07651447063445094,0.0,0.0,-855.8928795805349,863.283953205214,0.0,0.0,809.6499106897338,0.0,0.0,0.0,0.0,0.0,0.0,0.0,0.0,0.0,0.0,0.0,0.0,0.0,0.0,0.07651447063445094,0.0,0.0,0.0,-1000.0,1000.0,0.0,0.0,0.0,0.0,0.0,1000.0,0.0,0.0,-1000.0,-5.73858529758382,-3.8257235317225877,0.0,0.0,-140.625,-140.625,140.625,0.0,0.0,0.0,0.0,0.0,0.0,0.0,0.0,0.0,0.0,0.0,750.5516186631414,0.0,0.0,0.0,-0.07651447063445094,0.0,0.0,0.07651447063445094,0.0,0.07651447063445094,0.0,0.0,0.0,45.90868238067056,93.34765417403014,93.34765417403014,0.0,0.0,0.0,0.0,0.0,0.0,184.05153241184848,484.204112956524,0.0,0.0,0.0,0.0,0.0,0.0,0.0,0.0,0.0,0.0,0.0,0.0,0.0,0.0,0.0,0.0,0.0,0.0,0.0,77.27203846592046,0.0,0.0,0.0,0.1147717059516764,0.0,0.0,0.0,-22.95434119033528,0.0,0.0,0.0,0.0,0.0,-369.36005738944175,3.825723531722547,0.0,0.0,0.0,0.0,-362.1717032749103,599.2948210497627,0.0,0.0,0.0,0.0,0.0,0.0,0.0,0.0,0.0,0.0,201.46325975978485,0.0,80.69710587310982,0.0,533.9012188296338,-12.623108523974793,0.0,415.24328863791425,184.05153241184848,-599.2948210497627,0.0,-571.7752174716813,0.0,3.8257235317225877,655.7902506887573,0.0,0.0,0.0,-13.476748761081126,0.0,0.0,0.0,0.0,0.0,0.0,0.0,0.0,0.0,105.43492774552388,-112.17330212606444,93.34765417403014,0.0,169.32499621307562,169.32499621307562,-169.32499621307562,0.0,0.0,0.0,0.0,0.0,605.5843105359153,0.0,0.0,274.40251115612864,-803.8513746684911,-14.77815032998997,0.0,22.95434119033528,0.0,0.0,0.0,0.0,260.85182511792055,0.0,0.0,0.08416591769753268,0.0,0.0,0.0,46.67382708701507,0.0,0.0,0.0,0.0,471.8099012103045,0.0,0.0,0.0,0.0,0.0,0.0,0.0,0.0,464.2517877111868,0.0,0.007651447063445005,0.007651447063445005,0.0,0.0,0.0,0.0,0.0,0.0,0.0,0.0,0.0,-855.8928795805349,0.0,0.0,0.0,0.0,0.0,369.36005738944175,0.0,0.0,0.0,0.0,0.0,0.0,0.0,479.3976260467414,0.0,0.0,0.0,0.0,-1000.0,364.4068483892082,479.4627553867458,0.0,0.0,0.0,45.90868238067056,0.0,0.0,0.0,0.0,0.0,-366.17134068657464,320.2626583059041,0.0,0.0,0.0,0.0,0.0,0.0,0.0,0.0,0.0,0.0,0.0,0.0,-900.9491635345233,0.0,52.41241238459888,0.0,-22.95434119033528,0.0,999.693942117463,0.0,0.0,0.0,0.0,0.0,0.0,0.0,0.0,0.0,0.0,0.0,0.0,0.0,0.0,0.0,0.0,0.0,-9.564308829306409,0.0,-5.73858529758382,106.43471682848062,0.0,0.0,0.0,0.0,0.0,0.0,-0.9564308829306367,13.476748761081126,0.0,0.0,0.0,0.0,0.0,0.0,0.0,1000.0,22.95434119033528,22.95434119033528,0.0,0.0,0.0,0.0,0.0,0.08416591769753268,369.36005738944175,0.0,0.0,-999.693942117463,0.0,0.0,0.0,0.0,0.0,0.0,0.0,0.0,0.0,0.0,0.0,0.0,0.0,0.0,0.0,0.0,0.0,23.414303871693875,0.0,80.34019416617349,0.0,0.0,189.94314665070124,0.0,0.0,0.0,369.36005738944175,0.0,0.0,0.0,0.0,0.0,-9.564308829306409,0.0,0.0,0.0,0.0,0.0,0.0,0.0,0.0,0.0,0.0,0.0,0.0,0.0,0.0,0.0,0.0,0.0,0.0,-0.07651447063445094,0.0,0.0,3.825723531722547,-609.4991726023414,0.0,0.0,0.0,0.0,0.0,0.0,0.0,0.0,6.5878959216258615,1.9128617658612734,0.0,0.0,0.0,0.07651447063445094,0.0,76.51447063445093,-0.3051820249859247,15.302894126890187,0.5465319331032209,260.30398081350586,-0.0573858529758382,3.825723531722547,1.5302894126890187,-0.3825723531714402,-260.30398081350586,22.95434119033528,-0.07651447063445094,4.207702841324931,64.69710587310982,0.019128617658612734,0.546531933103221,-12.623108523974793,-12.1811037250053,-1.5302894126890294,322.34709902693,-0.07651447063445094,0.019128617658612734,-260.30398081350586,7.651447063445094,0.07651447063445094,0.07651447063445094,-369.1993770011098,0.08416591769789594,-26.788257563609534,-0.0573858529758382,22.95434119033528,0.07651447063445094,22.95434119033528,-38.257235317225465,-0.03825723531722547,-467.05767703965165,-85.0,-0.0573858529758382,-0.07651447063445094,-0.3051820249859247,0.07651447063445094,7.651447063445094,-1.5302894126890187,77.27203846592046,77.27203846592046,-7.651447063445094,-322.34709902693,-77.27203846592046,15.302894126890187,0.1147717059516764,-732.6257905033513,7.651447063445094,-173.76156530304388,64.69710587310982,-15.302894126890187,0.03825723531722547,0.7651447063445094,237.34640723107108,96.0,-0.07651447063445094,-386.57581328219305,369.1993770011098,23.71948589667979,0.07651447063445094,12.1811037250053,-27.120258888231124,64.69710587310982,-0.07651447063445094,-0.019128617658612734,-64.69710587310982,-0.07651447063445094,-35.34855293655491,0.07651447063452821,-0.019128617658612734,-0.019128617658612734,-0.019128617658612734,30.605788253780375,38.257235317225465,0.7651447063445094,56.68765843129921,-0.019128617658612734,470.48511162081724,3.825723531722547,21.5,0.07651447063445094,0.03825723531722547,0.03825723531722547,40.0,0.3051820249859247,0.07651447063445094,-0.3051820249859247,0.7651447063445094,0.07651447063445094,-56.68765843129927,0.07651447063445094,0.30605788253694755,0.3825723531714402,0.03825723531722547,0.019128617658612734,22.95434119033528,-0.07651447063445094,26.788257563609534,0.7651447063445147,-113.37531686259842,1.9128617658612734,-7.651447063445094,15.302894126890187,3.825723531722547,-0.07651447063445094,12.623108523974793,0.1147717059516764,-0.07651447063445094,-80.0,0.3051820249859247,61.565352592797126,0.03825723531722547,-43.0,-0.07651447063445094,-0.07651447063452821,-0.07651447063445094,0.03825723531722547,260.30398081350586,-15.302894126890187,0.07651447063445094,474.69281446214217,-0.019128617658612734,-0.08416591769789594,-474.69281446214217,11.477170595167639,85.0,489.7156794792327,260.30398081350586,-0.0573858529758382,386.57581328219305,-96.0,0.07651447063445094,-0.019128617658612734,19.11468852105952,76.51447063445093,-0.03825723531722547,-0.07651447063445094,0.019128617658612734,0.0,0.0,-267.412466731966,0.0,-46.0,0.0,-108.0,-31.0,0.0,-32.0,-93.0,-65.0,-1000.0,16.0,23.0,46.5,0.0,15.5,-369.36005738944175,-322.4171777107177,1000.0,65.0,-322.4171777107177,108.0,-44.265594087606985,0.0,1496.5981,hclb
439,0.0,0.0,0.0,0.0,0.0,0.0,0.0,0.0,-0.03712631375436583,0.0,0.0,0.0,0.0,0.0,0.0,0.0,-485.8272137944525,740.9245138974642,0.0,0.0,0.0,0.0,0.0,669.7611029735536,0.0,0.0,0.0,0.0,0.0,743.0590178131903,0.0,0.0,0.0,0.0,0.0,0.0,0.0,999.8514947449826,0.0,-60.61918029510532,988.8621058736902,0.0,-143.1050553302971,0.0,0.0,0.0,0.0,0.0,341.70988885802484,-878.1355491437674,0.0,0.0,0.0,0.04083894512980301,0.0,0.0,0.0,7.4252627508731655,0.0,0.0,-3.269590697967832,0.0,-558.6174278555862,-561.8870185535541,0.0,0.0,0.0,0.0,585.3458388817744,-585.3458388817744,0.0,0.3712631375436583,0.0,0.0,0.0,0.0,0.0,0.0,0.0,0.0,0.0,0.0,955.6844282200368,0.0,22.2757882526195,0.0,0.0,0.0,263.56229541760064,0.0,-0.009281578438591457,0.0,0.0,0.0,11.13789412630975,0.0,11.13789412630975,-1.19546730289077,0.0,0.0,955.6844282200368,1.8563156877182914,10.620591434156562,0.0,0.0,-15.429210613096863,0.0,0.0,0.0,0.0,0.0,0.0,0.0,0.0,0.0,0.0,0.0,0.0,0.0,0.0,0.0,0.0,0.0,0.0,-24.86644701136614,0.0,0.0,11.13789412630975,0.0,11.509157263853407,6.63716702986235,0.0,0.0,0.0,0.0,0.0,0.0,-765.6249999996589,765.6249999996589,0.0,0.0,0.0,0.0,0.0,0.0,-952.8257020609507,0.03712631375436583,0.0,0.0,0.0,0.0,0.0,0.0,0.0,0.0,0.0,76.5987750215007,0.0,0.0,0.0,0.0,0.0,836.7900734519333,836.7900734519333,0.0,0.0,0.0,203.09375,724.3628463902063,0.0,0.0,836.8271997656876,0.0,0.0,0.0,0.0,-79.27536637520609,0.0,0.0,0.0,0.0,0.0,0.0,0.0,0.0,0.0,-49.47365430423622,0.0,0.0,0.0,0.0,-813.0123594341079,0.0,0.0,0.0,0.0,0.0,878.1355491437674,143.1050553302971,87.62485836114382,-87.62485836114382,0.0,0.0,0.0,0.0,0.0,0.0,0.0,732.4384263790337,-947.0660519701689,0.0,0.0,0.0,0.0,0.0,0.0,0.0,0.0,0.0,0.0,0.0,0.0,0.0,269.9044824872192,-28.149474498253667,-742.0467482070596,0.0,0.0,0.0,0.0,0.0,0.0,0.0,0.0,0.0,-3.269590697967832,-742.0467482070596,0.0,0.0,0.0,0.0,0.0,0.0,0.0,0.0,0.0,0.0,0.0,0.0,-485.88290326508405,-453.05052153892416,572.4398025494658,0.0,742.0467482070596,0.0,0.0,0.0,0.0,0.0,0.0,0.0,69.1068477278227,0.0,0.0,-1000.0,0.0,0.0,-1000.0,0.0,0.0,351.18715377874446,0.0,486.8394834005831,878.1355491437674,0.0,116.85674943440536,0.0,0.0,0.0,0.0,0.0,0.0,0.0,836.7529471381789,0.0,0.0,0.0,203.09375,0.0,0.0,-3.269590697967832,-0.055689470631548735,0.0,0.0,0.0,0.0,0.03712631375436583,0.0,0.0,0.0,801.8744653077981,-485.8272137944525,0.0,-99.46578804546456,-460.35440033871197,79.27536637520609,1000.0,0.0,-578.6849718464213,0.0,-15.429210613096863,0.0,0.0,0.0,632.7552575862481,-248.51294599345258,194.44266025362563,-1000.0,-1000.0,0.0,0.0,0.0,0.0,0.0,0.0,0.0,0.0,0.0,0.0,0.0,0.0,0.0,0.0,0.0,0.0,0.0,799.959925399441,0.0,-200.04007460055902,0.0,0.0,0.0,0.0,0.0,0.0,952.8257020609507,0.0,0.0,0.0,0.0,0.0,0.0,0.0,0.0,-0.9281578438591457,-336.8328928883218,0.0,-1.8563156877182914,0.0,-880.3850749243784,0.0,-1.8563156877182914,0.0,0.0,0.0,0.0,0.0,-291.6936775613041,469.64772735221857,1000.0,11.13789412630975,0.0,0.0,0.0,642.615950802221,0.0,0.0,0.0,-269.9044824872192,269.9044824872192,269.9044824872192,-542.4667485232112,0.0,0.0,0.0,0.0,0.0,732.4384263790337,0.0,0.0,-6.539181395935664,0.0,0.0,0.0,0.0,0.0,0.0,0.0,-39.28736862456342,0.07425262750875644,0.0,0.0,0.0,0.0,0.0,0.0,0.0,0.0,0.0,0.0,0.0,0.0,0.0,0.0,0.0,0.0,0.0,0.0,0.0,0.04083894512980301,0.04083894512980301,0.0,358.479219736346,0.0,22.2757882526195,0.0,0.0,0.0,1000.0,0.0,0.0,0.0,0.0,0.0,-487.07924220949087,-1000.0,0.0,0.0,237.2776706098456,0.0,0.0,0.0,0.0,0.0,0.0,0.0,0.0,0.0,0.0,8.28881567045538,-801.8744653077981,0.0,0.0,468.5262157611234,0.0,0.0,0.0,0.0,0.0,-487.07924220949087,0.0,-786.5920531227033,260.225442288649,0.0,0.0,269.9044824872192,0.0,0.0,0.0,0.0,0.0,0.0,0.0,0.0,0.0,0.0,0.0,0.0,0.0,22.2757882526195,0.0,0.0,0.0,0.0,0.0,0.0,0.0,0.0,0.0,0.0,0.0,0.0,0.3712631375436583,0.0,0.0,0.0,0.0,0.0,143.1050553302971,0.0,0.0,11.13789412630975,-237.2776706098456,0.0,0.0,465.6674896020372,0.0,0.0,0.0,0.0,0.0,0.0,676.4067131355852,0.0,0.0,11.13789412630975,11.13789412630975,1000.0,-1000.0,0.0,0.0,0.0,0.0,0.0,0.0,0.0,629.1288411542089,732.4384263790337,706.1831951130496,0.03712631375436583,0.0,0.0,0.0,22.481932952298436,0.8547455832138819,0.0,0.0,0.0,0.0,0.0,0.0,0.0,0.0,0.0,0.0,0.0,0.0,0.0,0.0,0.0,0.0,0.03712631375436583,0.0,0.0,0.0,0.0,0.0,0.0,0.0,0.0,0.0,0.0,952.8257020609507,0.0,0.0,-1000.0,-2.7844735315774374,-1.856315687718293,0.0,0.0,140.625,140.625,-140.625,0.0,0.0,0.0,0.0,0.0,0.0,0.0,0.0,79.27536637520609,0.0,0.0,710.1626381264142,0.0,0.0,0.0,-0.03712631375436583,0.0,0.0,0.03712631375436583,0.0,0.03712631375436583,0.0,0.0,0.0,22.2757882526195,45.29410278032631,45.29410278032631,0.0,0.0,0.0,0.0,0.0,0.0,0.0,0.0,0.0,732.4384263790337,0.0,0.0,0.0,635.9518332004991,0.0,0.0,0.0,0.0,0.0,0.0,0.0,0.0,0.0,0.0,0.0,0.0,0.0,0.0,0.0,0.0,0.0,0.055689470631548735,0.0,0.0,0.0,-11.13789412630975,0.0,0.0,0.0,0.0,0.0,-358.479219736346,1.8563156877182914,0.0,0.0,0.0,-203.09375,-724.3628463902063,-3.051782990609063,0.0,0.0,0.0,0.0,0.0,0.0,0.0,0.0,0.0,0.0,237.2776706098456,676.4067131355852,88.57473724912684,0.0,57.574737249126834,-14.574465029882981,0.0,949.7739190703417,0.0,-949.7739190703417,0.0,-45.29410278032631,0.0,1.856315687718293,376.76304530052016,0.0,0.0,0.0,-6.539181395935664,0.0,0.0,0.0,0.0,0.0,0.0,0.0,0.0,0.0,410.7373475721598,-366.8326403310784,45.29410278032631,0.0,0.0,0.0,0.0,0.0,0.0,0.0,0.0,0.0,0.0,0.0,0.0,0.0,-22.481932952298436,-610.4785300182807,-143.1050553302971,11.13789412630975,0.0,0.0,0.0,0.0,-3.278311997702829,0.0,0.0,0.04083894512980301,0.0,0.0,0.0,22.647051390163156,0.0,0.0,0.0,0.0,-28.149474498253667,0.0,0.0,0.0,0.0,0.0,0.0,0.0,0.0,0.0,0.0,0.003712631375436583,0.003712631375436583,0.0,0.0,0.0,0.0,0.0,0.0,0.0,0.0,0.0,0.0,0.0,0.0,0.0,0.0,0.0,358.479219736346,0.0,0.0,0.0,0.0,0.0,0.0,0.0,878.1355491437674,0.0,0.0,0.0,0.0,0.0,0.0,740.9245138974642,0.0,0.0,0.0,22.275788252619463,0.0,0.0,0.0,0.0,0.0,977.7242117473805,-1000.0,0.0,0.0,0.0,0.0,0.0,0.0,0.0,0.0,0.0,0.0,0.0,0.0,-706.1831951130496,-360.2505674116345,661.3833581222397,-11.13789412630975,0.0,0.0,999.8514947449826,0.0,0.0,0.0,0.0,0.0,0.0,0.0,0.0,0.0,570.3125,0.0,-570.3125,-570.3125,0.0,0.0,0.0,0.0,-4.64078921929573,0.0,-2.7844735315774374,1000.0,0.0,0.0,0.0,0.0,0.0,-0.4640789219295729,0.0,6.539181395935664,0.0,0.0,0.0,0.0,0.0,0.0,0.0,1000.0,11.13789412630975,11.13789412630975,0.0,0.0,0.0,0.0,0.0,0.04083894512980301,358.479219736346,0.0,0.0,-999.8514947449826,0.0,0.0,0.0,0.0,0.0,0.0,0.0,0.0,0.0,0.0,0.0,0.0,0.0,0.0,0.0,0.0,0.0,6.63716702986235,0.0,38.982629442084125,0.0,0.0,2.858726159086167,0.0,0.0,0.0,358.479219736346,0.0,0.0,0.0,0.0,0.0,-4.64078921929573,0.0,0.0,0.0,0.0,0.0,0.0,0.0,0.0,0.0,0.0,0.0,0.0,0.0,0.0,0.0,0.0,0.0,0.0,-0.03712631375436583,0.0,0.0,1.8563156877182914,487.07924220949087,0.0,0.0,0.0,0.0,0.0,0.0,0.0,0.0,-632.7552575862481,0.9281578438591457,0.0,0.0,0.0,0.03712631375436583,0.0,37.126313754365825,-4.871990233991055,7.425262750873166,0.2651879553883273,116.85674943440536,-0.027844735315774367,1.8563156877182914,0.7425262750873166,-0.18563156877178244,-116.85674943440536,11.13789412630975,-0.03712631375436583,5.143070204365621,0.0,0.009281578438591457,0.26518795538832735,-15.429210613096863,-5.9105091496951445,-0.7425262750873166,-255.09730010301166,-0.03712631375436583,0.009281578438591457,-116.85674943440536,3.7126313754365827,0.03712631375436583,0.03712631375436583,-358.40125447746186,0.04083894512980241,-7.574201815155831,-0.027844735315774367,11.13789412630975,0.03712631375436583,11.13789412630975,-18.563156877182916,-0.018563156877182914,-38.16615198015114,-3.7497576891909485,-0.027844735315774367,-0.03712631375436583,-4.871990233991055,0.03712631375436583,3.7126313754365827,-0.7425262750873166,0.0,0.0,-3.7126313754365827,255.09730010301166,0.0,7.4252627508731655,0.055689470631548735,-1000.0,3.7126313754365827,-8.28881567045538,0.0,-7.4252627508731655,0.018563156877182914,0.3712631375436583,24.86644701136614,96.0,-0.03712631375436583,-366.8326403310784,358.40125447746186,11.509157263853407,0.03712631375436583,5.9105091496951445,-44.55157650523906,0.0,-0.03712631375436583,-0.009281578438591457,0.0,-0.03712631375436582,-39.28736862456342,0.03712631375439675,-0.009281578438591457,-0.009281578438591457,-0.009281578438591457,14.850525501746331,18.563156877182916,0.3712631375436583,27.50595770276668,-0.009281578438591457,44.58982381836666,1.8563156877182914,21.5,0.03712631375436583,0.018563156877182914,0.01856315687718291,3.7126313754365827,4.871990233991055,0.03712631375436583,-4.871990233991055,0.3712631375436583,0.03712631375436583,-27.50595770276668,0.03712631375436583,0.1485052550173696,0.18563156877178244,0.018563156877182914,0.009281578438591457,11.13789412630975,-0.03712631375436583,7.574201815155831,0.3712631375436583,-55.01191540553336,0.928157843859146,-3.7126313754365827,7.4252627508731655,1.8563156877182914,-0.03712631375436583,15.429210613096863,0.055689470631548735,-0.03712631375436583,-7.4252627508731655,4.871990233991055,91.6026473044042,0.018563156877182914,-43.0,-0.03712631375436583,-0.03712631375439675,-0.03712631375436583,0.018563156877182914,116.85674943440536,-7.4252627508731655,0.03712631375436583,49.73289402273228,-0.009281578438591457,-0.04083894512980241,-49.73289402273228,5.568947063154874,3.7497576891909485,463.2020272477225,116.85674943440536,-0.027844735315774367,366.8326403310784,-96.0,0.03712631375436583,-0.009281578438591457,1.856315687718293,37.126313754365825,-0.018563156877182914,-0.03712631375436583,0.009281578438591457,0.0,0.0,648.7942830643783,0.0,-46.0,0.0,826.3113084306153,-15.394956563854466,0.0,-32.0,-93.0,-65.0,-351.18715377874446,16.0,23.0,46.5,0.0,7.697478281927233,-358.479219736346,-88.32433530670137,351.18715377874446,65.0,-88.32433530670137,-826.3113084306153,433.5751267802089,0.0,1496.5981,hclb
440,0.0,0.0,0.0,0.0,0.0,0.0,0.0,0.0,218.43519171154776,0.0,0.0,0.0,0.0,0.0,0.0,0.0,-82.01887240552212,27.980703099042895,0.0,0.0,0.0,0.0,0.0,0.0,0.0,0.0,0.0,0.0,0.0,500.55372033410544,0.0,0.0,20.118666885013965,0.0,0.0,0.0,0.0,-76.10083766200444,0.0,-1000.0,1000.0,0.0,0.0,-840.5404482546339,0.0,0.0,0.0,0.0,422.0056003260506,-437.78047544490704,0.0,0.0,0.0,0.053328904226422225,0.0,0.0,0.0,9.696164404809394,0.0,0.0,64.90176777444944,0.0,0.0,-142.6121687276506,0.0,0.0,0.0,0.0,208.54204364675144,-46.90714014674022,0.0,0.4848082202404698,0.0,0.0,0.0,0.0,0.0,0.0,0.0,0.0,0.0,0.0,-38.03184837162498,0.0,29.088493214428187,0.0,0.0,-38.6611786736637,437.45531219190224,0.0,-0.012120205506011743,0.0,0.0,681.361116534174,14.544246607214093,0.0,14.544246607214093,-1.5610824691726748,0.0,0.0,0.0,2.4240411012023486,-7.964975796433246,0.0,0.0,-9.809906948254625,0.0,864.225210474351,0.0,0.0,0.0,0.0,0.0,0.0,0.0,0.0,0.0,0.0,0.0,0.0,0.0,0.0,0.0,0.0,-807.1273246349472,0.0,0.0,14.544246607214093,0.0,15.029054827454564,15.029054827454564,0.0,-42.66279567272773,0.0,42.66279567272773,-42.66279567272773,-207.51393650210005,0.0,0.0,0.0,0.0,0.0,0.0,0.0,0.0,41.7648716674766,0.04848082202404697,0.0,0.0,0.0,-424.44570500977665,0.0,0.0,0.0,0.0,0.0,-32.4090929074824,0.0,0.0,0.0,0.0,0.0,-93.47719747852402,-93.47719747852402,0.0,0.0,0.0,0.0,-140.81981155360248,0.0,0.0,-93.42871665649997,0.0,0.0,0.0,0.0,0.0,0.0,0.0,0.0,0.0,0.0,0.0,0.0,0.0,0.0,0.0,0.0,0.0,0.0,0.0,-1000.0,0.0,0.0,0.0,0.0,0.0,437.78047544490704,0.0,355.3637185533441,-355.3637185533441,0.0,0.0,0.0,0.0,0.0,0.0,0.0,508.5186961305387,618.4933931132324,0.0,0.0,0.0,0.0,0.0,0.0,0.0,0.0,0.0,0.0,0.0,0.0,0.0,286.3159086934011,439.4888046054955,-840.5404482546339,0.0,0.0,0.0,45.87903300208882,80.10343697557126,0.0,0.0,0.0,0.0,64.90176777444944,0.0,0.0,0.0,0.0,0.0,0.0,0.0,0.0,0.0,0.0,0.0,0.0,0.0,-82.09159363855815,0.0,738.7081402057311,0.0,840.5404482546339,0.0,0.0,207.51393650210005,-14.343606940202491,0.0,0.0,0.0,-109.42648135650578,0.0,0.0,0.0,0.0,0.0,-315.7158901816377,315.7158901816377,-315.7158901816377,792.8190307452463,0.0,0.0,437.78047544490704,0.0,85.21616612642894,0.0,0.0,0.0,877.9029945709124,0.0,-877.9029945709124,0.0,147.71847458612478,161.6349035000112,45.87903300208882,0.0,0.0,0.0,0.0,64.90176777444944,-0.07272123303607046,0.0,0.0,0.0,0.0,0.04848082202404697,0.0,0.0,0.0,905.3523164172146,-82.01887240552212,0.0,-365.1396259568938,595.118637921579,0.0,736.7264745099235,0.0,1000.0,0.0,-9.809906948254625,0.0,0.0,0.0,-4.174198776270415,4.174198776270415,-1000.0,0.0,-31.986127972043935,0.0,0.0,0.0,0.0,0.0,0.0,0.0,0.0,0.0,0.0,0.0,0.0,0.0,0.0,0.0,0.0,0.0,-561.8616073103659,0.0,-1000.0,0.0,514.0453070635423,0.0,0.0,0.0,0.0,-41.76487166747656,0.0,38.03184837162498,0.0,564.6249906937178,0.0,0.0,0.0,0.0,0.0,-212.71624242302187,-1000.0,-413.56334854198485,0.0,370.09558245090295,0.0,-2.4240411012023486,632.3396937180125,-1.2120205506011743,411.1393074407825,0.0,0.0,0.0,0.0,223.61319231071928,14.544246607214093,-78.1250000003732,78.1250000003732,0.0,0.0,0.0,218.4836725335718,0.0,-286.3159086934011,286.3159086934011,286.3159086934011,93.11374254344523,0.0,0.0,-241.24415288667285,0.0,0.0,508.5186961305387,0.0,0.0,-77.71040095320116,0.0,0.0,277.81777209729063,0.0,0.0,0.0,0.0,0.49885298850471566,0.09696164404840601,0.0,0.0,0.0,0.0,0.0,0.0,0.0,0.0,0.0,0.0,0.0,0.0,0.0,0.0,0.0,0.0,0.0,0.0,0.0,0.053328904226422225,0.053328904226422225,0.0,372.61974428859173,0.0,29.088493214428187,0.0,0.0,0.0,-1000.0,0.0,0.0,0.0,0.0,0.0,219.21254460820143,1000.0,0.0,0.0,133.39400494722733,0.0,0.0,277.81777209729063,0.0,0.0,0.0,0.0,0.0,0.0,0.0,269.0424415449824,-905.3523164172146,424.44570500977665,0.0,3.7330232958516163,0.0,601.2576795586027,80.10343697557126,0.0,0.0,219.21254460820143,0.0,0.0,219.71139759670615,0.0,0.0,286.3159086934011,0.0,0.0,0.0,0.0,0.0,0.0,0.0,0.0,0.0,0.0,0.0,0.0,0.0,29.088493214428187,207.51393650210005,207.51393650210005,0.0,0.0,0.0,0.0,0.0,0.0,0.0,0.0,0.0,0.0,0.4848082202404698,0.0,0.0,0.0,0.0,0.0,0.0,0.0,0.0,14.544246607214093,-133.39400494722733,0.0,0.0,0.0,0.0,0.0,0.0,0.0,0.0,0.0,-873.6237735681007,672.6932011170202,0.0,14.544246607214093,14.544246607214093,-144.80395526127103,1000.0,0.0,277.81777209729063,0.0,0.0,0.0,0.0,0.0,-71.28039891821868,508.5186961305387,-31.986127972043935,0.04848082202404697,0.0,0.0,-460.937499999726,464.8471320043795,0.0,0.0,-681.361116534174,0.0,-161.6349035000112,0.0,0.0,0.0,0.0,0.0,0.0,0.0,0.0,0.0,0.0,0.0,0.0,0.04848082202404697,0.0,0.0,0.0,0.0,0.0,0.0,0.0,0.0,514.0453070635423,0.0,558.3976568111914,0.0,-562.1306801070428,-438.1383926896341,-3.6360616518035234,0.0,-2.424041101202351,0.0,0.0,0.0,0.0,0.0,0.0,0.0,0.0,0.0,0.0,0.0,207.51393650210005,0.0,0.0,0.0,226.03723341192165,0.0,0.0,0.0,218.43519171154776,0.0,0.0,0.04848082202404697,0.0,0.04848082202404697,0.0,0.0,0.0,29.088493214428187,59.146602869337315,59.146602869337315,0.0,0.0,0.0,0.0,0.0,0.0,38.03184837162498,424.44570500977665,0.0,508.5186961305387,0.0,0.0,0.0,0.0,0.0,0.0,0.0,0.0,0.0,0.0,0.0,0.0,0.0,0.0,0.0,0.0,0.0,80.10343697557126,0.0,0.0,0.0,0.07272123303607046,0.0,0.0,0.0,-14.544246607214093,0.0,0.0,0.0,0.0,0.0,-372.61974428859173,2.4240411012023486,0.0,0.0,0.0,0.0,140.81981155360248,441.6023431888087,-2.424041101202351,0.0,0.0,0.0,0.0,0.0,0.0,0.0,207.51393650210005,0.0,133.39400494722733,0.0,86.3038355951906,0.0,479.74954060496725,-9.809906948254625,0.0,399.8374715213321,600.1625284786679,-1000.0,0.0,-73.4902098095398,0.0,2.4240411012023486,1000.0,0.0,0.0,0.0,-77.71040095320116,15.625000000000014,-15.625000000000014,0.0,0.0,0.0,0.0,0.0,0.0,0.0,376.25580594039525,-383.5279292440022,59.146602869337315,0.0,0.0,0.0,0.0,0.0,0.0,0.0,0.0,0.0,0.0,0.0,0.0,0.0,-3.9096320046534743,0.0,0.0,14.544246607214093,0.0,0.0,0.0,0.0,-128.54684860835482,0.0,0.0,0.053328904226422225,0.0,0.0,0.0,29.573301434668657,0.0,0.0,0.0,0.0,439.4888046054955,0.0,0.0,0.0,0.0,0.0,0.0,0.0,0.0,0.0,0.0,0.004848082202404697,0.004848082202404697,0.0,0.0,0.0,0.0,0.0,0.0,0.0,0.0,0.0,-460.937499999726,0.0,0.0,0.0,0.0,0.0,372.61974428859173,0.0,0.0,0.0,0.0,0.0,0.0,0.0,437.78047544490704,0.0,0.0,0.0,0.0,257.9678555150064,0.0,27.980703099042895,0.0,0.0,0.0,29.088493214428183,0.0,0.0,0.0,0.0,0.0,337.6347982826759,-366.72329149710407,0.0,0.0,0.0,0.0,0.0,0.0,0.0,0.0,0.0,0.0,0.0,0.0,1000.0,-79.24537471465193,33.20936308647219,0.0,-14.544246607214093,0.0,437.94446940153784,0.0,0.0,0.0,0.0,0.0,0.0,0.0,0.0,0.0,484.375,0.0,-484.375,-484.375,0.0,0.0,0.0,0.0,-6.060102753005874,207.51393650210005,-3.6360616518035234,379.89186759219876,0.0,0.0,0.0,0.0,0.0,-0.6060102753005873,0.0,77.71040095320116,0.0,0.0,0.0,0.0,0.0,0.0,0.0,1000.0,14.544246607214093,14.544246607214093,0.0,0.0,0.0,0.0,0.0,0.053328904226422225,372.61974428859173,0.0,0.0,-437.94446940153784,0.0,0.0,0.0,0.0,0.0,0.0,0.0,0.0,0.0,0.0,0.0,0.0,0.0,0.0,0.0,0.0,0.0,15.029054827454564,0.0,50.90486312524933,41.7648716674766,0.0,0.0,0.0,0.0,0.0,372.61974428859173,0.0,-443.16342565798135,0.0,0.0,0.0,-6.060102753005874,0.0,0.0,0.0,0.0,0.0,0.0,0.0,0.0,0.0,0.0,0.0,0.0,0.0,0.0,0.0,0.0,0.0,0.0,-0.04848082202404697,0.0,0.0,2.4240411012023486,-219.21254460820143,0.0,0.0,0.0,0.0,207.51393650210002,0.0,0.0,0.0,4.174198776270415,1.2120205506011743,0.0,0.0,0.0,0.04848082202404697,0.0,48.48082202404697,0.0,9.696164404809394,0.3462915858860498,165.3196031020002,-0.03636061651803523,2.4240411012023486,0.9696164404809395,-0.24240411012027607,-165.3196031020002,14.544246607214092,-0.04848082202404697,3.2699689827515415,277.81777209729063,0.012120205506011743,0.3462915858860498,-9.809906948254625,-7.718146866226663,-0.9696164404809395,54.03816930647922,-0.04848082202404697,0.012120205506011743,-165.3196031020002,4.848082202404697,0.04848082202404697,0.04848082202404697,-372.5179345623413,0.05332890422645167,0.0,-0.03636061651803523,14.544246607214093,0.04848082202404681,14.544246607214093,-24.240411012023486,-0.024240411012023486,52.02890680399165,-85.0,-0.03636061651803523,-0.04848082202404697,0.0,0.04848082202404697,4.848082202404697,-0.9696164404809395,80.10343697557126,80.10343697557126,-4.848082202404697,-54.03816930647922,-80.10343697557126,9.696164404809394,0.07272123303607046,-1000.0,4.848082202404697,-269.0424415449824,277.81777209729063,-9.696164404809394,0.024240411012023486,0.4848082202404698,91.28490648922345,96.0,-0.04848082202404697,-383.5279292440022,372.5179345623413,15.029054827454564,0.04848082202404697,7.718146866226663,219.64078566843432,277.81777209729063,-0.04848082202404697,-0.012120205506011743,-277.81777209729063,-0.04848082202404697,0.49885298850471566,0.04848082202403248,-0.012120205506011743,-0.012120205506011743,-0.012120205506011743,19.39232880961879,24.240411012023486,0.4848082202404698,35.91822901706339,-0.012120205506011743,179.29984399569534,2.4240411012023486,2.1746146069499908,0.04848082202404697,0.024240411012023486,0.024240411012023486,40.0,0.0,0.04848082202404697,0.0,0.4848082202404698,0.04848082202404697,-35.91822901706337,0.04848082202404697,0.1939232880962436,0.24240411012027607,0.024240411012023486,0.012120205506011743,14.544246607214093,-0.04848082202404697,0.0,0.48480822024046977,-71.83645803412678,1.2120205506011748,-4.848082202404697,9.696164404809394,2.4240411012023486,-0.04848082202404697,9.809906948254625,0.07272123303607046,-0.04848082202404697,-80.0,0.0,487.1463756183039,0.024240411012023486,-4.3492292138999815,-0.04848082202404681,-0.04848082202403248,-0.04848082202404697,0.024240411012023486,165.3196031020002,-9.696164404809394,0.04848082202404697,182.5698129784469,-0.012120205506011743,-0.05332890422645167,-182.5698129784469,7.272123303607046,85.0,628.9125687416481,165.3196031020002,-0.03636061651803523,383.5279292440022,-96.0,0.04848082202404697,-0.012120205506011745,567.0490317949201,48.48082202404697,-0.024240411012023486,-0.04848082202404697,0.012120205506011743,0.0,0.0,207.15672884374166,0.0,-46.0,0.0,379.4839630848744,-31.0,0.0,-32.0,-93.0,-65.0,-792.8190307452463,16.0,23.0,46.5,0.0,15.5,-372.61974428859173,-358.5995270099491,792.8190307452463,65.0,-358.5995270099491,-379.4839630848744,77.4975476070177,0.0,1496.5981,hclb
441,0.0,0.0,0.0,0.0,0.0,0.0,0.0,0.0,349.6209586540274,0.0,0.0,0.0,0.0,0.0,0.0,0.0,25.565314120144336,0.0,0.0,-336.04924860961165,0.0,0.0,0.0,117.44873756824927,0.0,0.0,0.0,0.0,0.0,-502.55434227732593,0.0,0.0,79.94585304344983,0.0,0.0,0.0,0.0,994.883772370549,0.0,-1000.0,1000.0,0.0,0.0,0.0,0.0,0.0,603.0619930030742,159.19987747267615,938.2271665527832,-26.13345985640916,0.0,690.2898686800937,0.0,0.08535667935862862,0.0,0.0,0.0,174.71927371974775,0.0,0.0,-6.833707480794184,0.0,0.0,-6.833707480794184,0.0,0.0,0.0,0.0,0.0,0.0,0.0,0.7759698123535799,0.0,0.0,0.0,0.0,0.0,0.0,0.0,0.0,0.0,0.0,0.0,0.0,46.558188741214785,0.0,0.0,-885.2910930341043,362.6462048385851,0.0,-0.019399245308839495,0.0,0.0,0.0,23.279094370607393,0.0,23.279094370607393,-481.07021412898104,527.403376221921,0.0,0.0,3.8798490617678993,-1000.0,0.0,0.0,-15.646794584320151,0.0,0.0,0.0,0.0,0.0,0.0,0.0,0.0,0.0,0.0,0.0,0.0,0.0,0.0,0.0,0.0,0.0,0.0,-529.0197173510134,0.0,0.0,23.279094370607393,0.0,24.055064182960972,24.055064182960972,0.0,0.0,0.0,0.0,0.0,0.0,-828.1250000000546,828.1250000000546,0.0,0.0,0.0,0.0,0.0,0.0,5.974967555122532,0.07759698123535798,0.0,0.0,0.0,-1000.0,540.4204289040466,0.0,0.0,0.0,0.0,502.888704226099,0.0,0.0,0.0,0.0,0.0,335.887401215954,335.887401215954,0.0,0.0,0.0,0.0,372.8159965815581,0.0,0.0,335.96499819718935,0.0,0.0,0.0,-1000.0,-611.1947308191794,0.0,0.0,0.0,0.0,0.0,0.0,0.0,0.0,0.0,0.0,0.0,0.0,0.0,0.0,-370.6571560842398,0.0,0.0,0.0,0.0,0.0,26.13345985640916,-690.2898686800937,637.3537951614148,-637.3537951614148,0.0,0.0,0.0,0.0,0.0,0.0,0.0,497.44565772267407,-500.639447805538,0.0,0.0,0.0,0.0,0.0,0.0,0.0,0.0,0.0,0.0,0.0,0.0,0.0,307.9256936749614,447.6183635900966,229.05173028449215,0.0,0.0,0.0,0.0,77.16270489522884,0.0,0.0,0.0,0.0,-6.833707480794184,229.05173028449215,0.0,0.0,0.0,0.0,0.0,0.0,0.0,0.0,0.0,0.0,0.0,0.0,25.448918648291283,-249.2586716745384,0.0,0.0,-229.05173028449215,0.0,0.0,0.0,874.6363703457441,0.0,0.0,0.0,-243.47658135863617,0.0,0.0,0.0,0.0,0.0,-1000.0,1000.0,-1000.0,1000.0,0.0,938.6583417132181,26.13345985640916,0.0,187.44300111734185,0.0,0.0,0.0,-359.9876198860219,0.0,359.9876198860219,0.0,938.871797237793,0.0,0.0,0.0,0.0,0.0,0.0,-6.833707480794184,-0.11639547185303697,0.0,0.0,0.0,0.0,0.07759698123535798,0.0,0.0,0.0,270.2153568184035,25.565314120144336,0.0,-982.9324002187954,552.2830390447523,611.1947308191794,958.798490617679,0.0,-58.8544285829249,0.0,-15.646794584320151,0.0,0.0,0.0,858.1488811909717,0.0,-799.2944526080469,-1000.0,-1000.0,0.0,0.0,0.0,0.0,0.0,0.0,0.0,0.0,0.0,0.0,0.0,0.0,0.0,0.0,0.0,0.0,0.0,-4.805839704509651,0.0,-1000.0,0.0,0.0,478.5715913332016,0.0,0.0,29.50858460935433,-5.974967555122532,0.0,527.403376221921,0.0,0.0,0.0,0.0,953.125000000006,-1000.0,0.0,0.0,89.484543299564,-3.879849061767899,0.0,-170.0198639006984,-953.125000000006,996.1201509382321,-315.6245448694791,-1.9399245308839494,0.0,0.0,0.0,-552.9923800803087,0.0,1000.0,23.279094370607393,0.0,0.0,0.0,0.0,0.0,349.6985556352627,0.0,-307.9256936749614,307.9256936749614,307.9256936749614,26.819857424177425,0.0,0.0,0.0,0.0,0.0,497.44565772267407,0.0,0.0,-13.667414961588369,0.0,0.0,64.4806037529284,0.0,0.0,0.0,0.0,-35.2403018764642,0.15519396247054829,0.0,0.0,0.0,0.0,0.0,0.0,0.0,0.0,0.0,0.0,0.0,0.0,0.0,0.0,0.0,0.0,0.0,0.0,0.0,0.08535667935862862,0.08535667935862862,0.0,388.4062974278898,0.0,46.558188741214785,0.0,0.0,0.0,1000.0,0.0,0.0,0.0,0.0,0.0,557.9444530716897,-1000.0,0.0,0.0,0.0,0.0,0.0,64.4806037529284,0.0,0.0,0.0,0.0,0.0,0.0,0.0,176.33990578367113,-270.2153568184035,459.5795710959534,0.0,5.974967555122532,0.0,0.0,0.0,-77.16270489522884,0.0,557.9444530716897,0.0,522.7041511952256,0.0,0.0,0.0,307.9256936749614,0.0,0.0,0.0,0.0,0.0,0.0,0.0,0.0,0.0,0.0,0.0,0.0,0.0,46.558188741214785,0.0,0.0,0.0,0.0,0.0,0.0,0.0,0.0,0.0,0.0,0.0,0.0,0.7759698123535799,0.0,0.0,0.0,0.0,0.0,-690.2898686800937,0.0,0.0,23.279094370607393,0.0,0.0,0.0,0.0,0.0,0.0,0.0,0.0,0.0,0.0,1000.0,0.0,0.0,23.279094370607393,23.279094370607393,1000.0,-1000.0,0.0,64.4806037529284,0.0,0.0,0.0,0.0,0.0,1000.0,497.44565772267407,773.1343457578132,0.07759698123535798,0.0,0.0,0.0,6.25764227247994,66.30754091307112,0.0,0.0,0.0,0.0,0.0,0.0,0.0,0.0,0.0,0.0,0.0,0.0,0.0,0.0,0.0,0.0,0.07759698123535798,0.0,0.0,0.0,0.0,0.0,0.0,0.0,0.0,0.0,0.0,1000.0,0.0,0.0,-995.1941602954903,-5.819773592651849,-3.8798490617679136,0.0,0.0,0.0,0.0,0.0,0.0,0.0,0.0,0.0,0.0,0.0,0.0,0.0,611.1947308191794,0.0,0.0,450.88746898145916,0.0,0.0,0.0,349.6209586540274,0.0,0.0,0.07759698123535798,0.0,0.07759698123535798,0.0,0.0,0.0,46.558188741214785,94.66831710713673,94.66831710713673,0.0,0.0,0.0,0.0,0.0,0.0,0.0,459.5795710959534,0.0,497.44565772267407,0.0,0.0,0.0,864.8299812753357,0.0,0.0,0.0,0.0,0.0,0.0,0.0,0.0,0.0,0.0,0.0,0.0,0.0,77.16270489522884,0.0,0.0,0.0,0.11639547185303697,0.0,0.0,0.0,-23.279094370607393,0.0,0.0,0.0,0.0,0.0,-388.4062974278898,3.879849061767899,0.0,0.0,0.0,0.0,-372.8159965815581,-6.378471857547368,0.0,0.0,0.0,0.0,0.0,0.0,0.0,0.0,0.0,0.0,0.0,433.36488310481246,80.4806037529284,0.0,509.0601748488818,50.660746328750974,0.0,-12.3534394126699,527.403376221921,-515.049936809251,0.0,779.9680532386074,0.0,3.8798490617679136,1000.0,0.0,0.0,0.0,-13.667414961588369,0.0,0.0,0.0,0.0,0.0,0.0,0.0,0.0,0.0,-11.639547185303837,0.0,94.66831710713673,0.0,0.0,0.0,0.0,0.0,0.0,0.0,0.0,0.0,0.0,0.0,0.0,405.8656182058455,-6.25764227247994,-450.361097656061,0.0,23.279094370607393,0.0,0.0,0.0,0.0,292.4562435301353,0.0,0.0,0.08535667935862862,0.0,0.0,0.0,47.334158553568365,0.0,0.0,0.0,0.0,447.6183635900966,0.0,0.0,0.0,0.0,0.0,0.0,0.0,0.0,-553.953015752887,0.0,0.007759698123535941,0.007759698123535941,0.0,0.0,0.0,0.0,0.0,0.0,0.0,0.0,0.0,0.0,0.0,0.0,0.0,0.0,0.0,388.4062974278898,0.0,0.0,0.0,0.0,0.0,0.0,0.0,26.13345985640916,0.0,0.0,0.0,0.0,0.0,901.6770192165845,0.0,0.0,0.0,0.0,46.558188741214785,0.0,0.0,0.0,0.0,0.0,0.0,-46.558188741214785,0.0,0.0,0.0,0.0,0.0,0.0,0.0,0.0,0.0,0.0,0.0,0.0,-773.1343457578132,-1000.0,917.9839134215562,0.0,-23.279094370607393,0.0,994.883772370549,0.0,0.0,0.0,0.0,0.0,0.0,0.0,0.0,0.0,0.0,0.0,0.0,0.0,0.0,0.0,0.0,0.0,-9.699622654419763,0.0,-5.819773592651849,859.0102076826839,0.0,0.0,0.0,0.0,0.0,-814.4283172489618,813.4583549835198,13.667414961588369,0.0,0.0,0.0,0.0,0.0,0.0,0.0,1000.0,23.279094370607393,23.279094370607393,0.0,0.0,0.0,0.0,0.0,0.08535667935862862,388.4062974278898,0.0,0.0,-994.883772370549,0.0,0.0,0.0,0.0,0.0,0.0,0.0,0.0,0.0,0.0,0.0,0.0,0.0,0.0,0.0,0.0,0.0,24.055064182960972,0.0,81.47683029712587,5.974967555122532,0.0,0.0,0.0,0.0,0.0,388.4062974278898,0.0,0.0,0.0,0.0,0.0,-9.699622654419763,0.0,0.0,0.0,0.0,0.0,0.0,0.0,0.0,0.0,0.0,0.0,0.0,0.0,0.0,0.0,0.0,0.0,0.0,-0.07759698123535798,0.0,0.0,3.879849061767899,-557.9444530716897,0.0,0.0,0.0,0.0,0.0,0.0,0.0,0.0,-858.1488811909717,1.9399245308839494,0.0,0.0,0.0,0.07759698123535798,0.0,77.59698123535797,0.0,15.519396247071596,0.5542641516811284,264.6057060125707,-0.05819773592651849,3.8798490617678745,1.5519396247071597,-0.3879849061767118,-264.6057060125707,23.279094370607393,-0.07759698123535798,5.215598194773384,64.4806037529284,0.019399245308839495,0.5542641516811284,-15.646794584320151,-12.3534394126699,-1.5519396247071597,310.4839344894673,-0.07759698123535798,0.019399245308839495,-264.6057060125707,7.759698123535798,0.07759698123535798,0.07759698123535798,-388.2433437672958,0.08535667935889392,-17.585024838202752,-0.05819773592651849,23.279094370607393,0.07759698123535798,23.279094370607393,-38.798490617678986,-0.03879849061767899,-454.0100902192559,-85.0,-0.05819773592651849,-0.07759698123535798,0.0,0.07759698123535798,7.759698123535798,-1.5519396247071597,77.16270489522884,77.16270489522884,-7.759698123535798,-310.4839344894673,-77.16270489522884,15.519396247071596,0.11639547185303697,-711.4400830709228,7.759698123535798,-176.33990578367113,64.4806037529284,-15.519396247071596,0.03879849061767899,0.7759698123535799,245.73310005469884,96.0,-0.07759698123535798,-405.8656182058455,388.2433437672958,24.055064182960972,0.07759698123535798,12.3534394126699,-28.63577372950155,64.4806037529284,-0.07759698123535798,-0.019399245308839495,-64.4806037529284,-0.07759698123535798,-35.2403018764642,0.07759698123535798,-0.019399245308839495,-0.019399245308839495,-0.019399245308839495,31.03879249414319,38.798490617678986,0.7759698123535799,57.489663472746614,-0.019399245308839495,486.25060191462427,3.879849061767899,21.5,0.07759698123535798,0.03879849061767899,0.03879849061767899,40.0,0.0,0.07759698123535798,0.0,0.7759698123535799,0.07759698123535798,-57.489663472746656,0.07759698123535798,0.31038792494128664,0.3879849061767118,0.03879849061767899,0.019399245308839495,23.279094370607393,-0.07759698123535798,17.585024838202752,0.7759698123535799,-114.97932694549323,1.9399245308839745,-7.759698123535798,15.519396247071596,3.879849061767899,-0.07759698123535798,15.646794584320151,0.11639547185303697,-0.07759698123535798,-80.0,0.0,-135.49124886937284,0.03879849061767899,-43.0,-0.07759698123535798,-0.07759698123535798,-0.07759698123535798,0.03879849061767899,264.6057060125707,-15.519396247071596,0.07759698123535798,491.4662001093977,-0.019399245308839495,-0.08535667935889392,-491.4662001093977,11.639547185303694,85.0,471.0628317741272,264.6057060125707,-0.05819773592651849,405.8656182058455,-96.0,0.07759698123535798,-0.019399245308839498,3.8798490617679136,77.59698123535797,-0.03879849061767899,-0.07759698123535798,0.019399245308839495,0.0,0.0,-288.5987154196948,0.0,-46.0,0.0,-108.0,-31.0,0.0,-32.0,-93.0,-65.0,-1000.0,16.0,23.0,46.5,0.0,15.5,-388.4062974278898,-156.96499466076244,1000.0,65.0,-156.96499466076244,108.0,-43.561962197017124,0.0,1496.5981,hclb
442,0.0,0.0,0.0,0.0,0.0,0.0,0.0,0.0,168.319674631795,0.0,0.0,0.0,0.0,0.0,0.0,0.0,851.3862782509559,0.0,0.0,-584.0524654864288,0.0,0.0,0.0,894.6264242118013,0.0,0.0,0.0,0.0,0.0,-342.6522481529556,0.0,0.0,29.320968017635543,0.0,0.0,0.0,0.0,-13.305632029174202,0.0,-1000.0,1000.0,0.0,0.0,0.0,0.0,0.0,0.0,69.36301985288021,0.0,0.0,0.0,0.0,0.0,0.08357172762907794,0.0,0.0,0.0,0.0,0.0,0.0,-6.690803163509372,0.0,0.0,-6.690803163509372,0.0,0.0,0.0,0.0,0.0,0.0,0.0,0.759742978445418,0.0,0.0,0.0,0.0,0.0,0.0,0.0,0.0,0.0,0.0,0.0,0.0,45.58457870672508,0.0,0.0,707.9737672567855,0.0,-292.0262327432144,-0.01899357446113545,0.0,0.0,-65.9816224381436,22.79228935336254,0.0,22.79228935336254,0.0,0.0,0.0,0.0,3.79871489222709,-1000.0,0.0,0.0,0.0,0.0,0.0,0.0,0.0,0.0,0.0,0.0,0.0,0.0,0.0,0.0,0.0,0.0,0.0,0.0,0.0,0.0,0.0,-510.8535797604227,0.0,0.0,22.79228935336254,0.0,23.552032331807958,4.190554740985661,0.0,-1000.0,322.6664988485056,677.3335011514944,-677.3335011514944,0.0,0.0,0.0,0.0,0.0,0.0,0.0,0.0,0.0,5.850020934029717,0.0759742978445418,0.0,0.0,0.0,0.0,0.0,0.0,0.0,0.0,0.0,456.45207208112095,0.0,0.0,0.0,0.0,0.0,697.2974344845085,697.2974344845085,0.0,0.0,0.0,0.0,-183.6165715563689,0.0,0.0,697.3734087823531,0.0,0.0,0.0,0.0,0.0,0.0,0.0,0.0,0.0,0.0,0.0,0.0,0.0,0.0,0.0,0.0,0.0,0.0,0.0,-102.56525766165802,0.0,0.0,0.0,0.0,0.0,0.0,0.0,292.0262327432144,-292.0262327432144,0.0,0.0,0.0,0.0,0.0,0.0,0.0,657.3477518470444,-959.691646799476,0.0,0.0,0.0,0.0,0.0,0.0,0.0,0.0,0.0,0.0,0.0,0.0,0.0,318.1984564456857,-11.861578049435593,-508.73403009800023,0.0,0.0,0.0,0.0,77.32659591770128,0.0,0.0,0.0,0.0,-6.690803163509372,-508.73403009800023,0.0,0.0,135.26716655492837,0.0,0.0,0.0,0.0,0.0,2.446372390594206,84.55787942178857,0.0,0.0,468.04316730705835,176.01693456384396,1000.0,0.0,508.73403009800023,0.0,0.0,0.0,-339.4078986976656,0.0,0.0,0.0,-336.3308189079546,0.0,0.0,-848.7095931263218,0.0,0.0,-848.7095931263218,0.0,0.0,292.0262327432144,0.0,-1000.0,0.0,0.0,143.02280455054165,0.0,0.0,0.0,-111.36878075111284,0.0,111.36878075111284,0.0,976.8061096258942,0.0,0.0,-1000.0,0.0,0.0,0.0,-6.690803163509372,-0.11396144676681269,0.0,0.0,0.0,0.0,0.0759742978445418,0.0,0.0,0.0,0.0,851.3862782509559,0.0,-906.3604282513476,144.33944699543048,0.0,957.9871489222709,0.0,-564.9695213591219,0.0,0.0,0.0,0.0,0.0,345.9328296395172,219.03669171960473,0.0,-1000.0,176.06962707156228,0.0,0.0,0.0,0.0,0.0,0.0,0.0,0.0,0.0,0.0,0.0,0.0,0.0,0.0,0.0,0.0,135.26716655492837,902.6804016798741,0.0,881.6801592708257,0.0,34.00197724684424,0.0,0.0,0.0,59.823487629995725,-8.296393324623924,0.0,0.0,0.0,0.0,0.0,0.0,0.0,0.0,-1.899357446113545,-219.03669171960473,0.0,-317.7997893778686,-454.77360873160785,0.0,0.0,-3.79871489222709,0.0,0.0,314.0010744856415,-242.9509333220087,0.0,953.3064387738347,389.5131950623738,-345.34198052574243,22.79228935336254,0.0,0.0,0.0,0.0,0.0,168.39564892963955,0.0,-318.1984564456857,318.1984564456857,318.1984564456857,77.80514043109167,0.0,0.0,-279.58464943923025,0.0,0.0,657.3477518470444,0.0,0.0,-13.381606327018744,0.0,0.0,64.80514043109164,0.0,0.0,0.0,0.0,-34.653867402798134,0.15194859568919128,0.0,0.0,0.0,0.0,0.0,0.0,0.0,0.0,0.0,0.0,0.0,0.0,0.0,0.0,0.0,0.0,0.0,0.0,0.0,0.08357172762907794,0.08357172762907794,0.0,399.00359687677735,0.0,45.58457870672508,0.0,125.7498945780992,0.0,1000.0,0.0,89.46362172507554,0.0,0.0,0.0,551.2935775448243,-1000.0,0.0,0.0,0.0,0.0,0.0,64.80514043109164,0.0,0.0,0.0,0.0,0.0,0.0,0.0,170.28452658680757,0.0,0.0,0.0,5.850020934029717,0.0,0.0,-65.9816224381436,-143.30821835584487,0.0,551.2935775448243,0.0,1000.0,-483.36028985797384,0.0,0.0,318.1984564456857,0.0,0.0,0.0,0.0,0.0,0.0,0.0,0.0,0.0,0.0,0.0,0.0,0.0,45.58457870672508,0.0,0.0,0.0,0.0,0.0,0.0,0.0,0.0,0.0,0.0,0.0,0.0,0.759742978445418,0.0,0.0,0.0,0.0,0.0,0.0,0.0,0.0,22.79228935336254,0.0,0.0,0.0,0.0,0.0,0.0,0.0,0.0,0.0,0.0,1000.0,-863.7733252039467,0.0,22.79228935336254,22.79228935336254,1000.0,-1000.0,0.0,64.80514043109164,0.0,0.0,0.0,0.0,0.0,1000.0,657.3477518470444,679.932745783967,0.0759742978445418,0.0,0.0,0.0,83.57269481089543,0.0,0.0,65.9816224381436,0.0,0.0,0.0,0.0,0.0,0.0,0.0,0.0,0.0,0.0,0.0,0.0,0.0,0.0,0.0759742978445418,0.0,0.0,0.0,0.0,0.0,0.0,0.0,0.0,34.00197724684424,0.0,0.0,0.0,0.0,-29.296635733672307,-5.698072338340635,-0.19078966997476732,-3.6079252222523217,0.0,0.0,0.0,0.0,0.0,0.0,0.0,0.0,0.0,0.0,0.0,0.0,0.0,0.0,0.0,611.7631731403193,0.0,0.0,0.0,168.319674631795,0.0,0.0,0.0759742978445418,0.0,0.0759742978445418,0.0,0.0,0.0,45.58457870672508,92.688643370341,92.688643370341,0.0,0.0,0.0,0.0,0.0,0.0,0.0,0.0,0.0,657.3477518470444,0.0,0.0,352.47421668393235,0.0,0.0,0.0,0.0,0.0,0.0,0.0,0.0,0.0,0.0,0.0,0.0,0.0,0.0,77.32659591770128,0.0,0.0,0.0,0.11396144676681269,0.0,0.0,0.0,-22.79228935336254,0.0,0.0,0.0,0.0,0.0,-399.00359687677735,3.79871489222709,0.0,0.0,0.0,0.0,183.6165715563689,0.0,-3.6079252222523217,0.0,0.0,0.0,0.0,0.0,0.0,0.0,0.0,0.0,0.0,0.0,80.80514043109164,0.0,49.805140431091644,0.0,8.296393324623924,-8.296393324623924,0.0,0.0,0.0,-432.0965420680066,125.7498945780992,3.798714892227089,1000.0,0.0,0.0,0.0,-13.381606327018744,0.0,0.0,0.0,0.0,0.0,0.0,0.0,0.0,0.0,404.701669215118,-416.0978138917993,92.688643370341,0.0,-484.37500000000006,-484.37500000000006,484.37500000000006,0.0,0.0,0.0,0.0,0.0,2.446372390594206,0.0,0.0,0.0,-83.57269481089543,-924.2077145583905,0.0,22.79228935336254,0.0,0.0,0.0,0.0,235.85862399540764,0.0,0.0,0.08357172762907794,0.0,0.0,0.0,46.3443216851705,0.0,0.0,0.0,0.0,-11.861578049435593,0.0,0.0,0.0,0.0,0.0,0.0,0.0,0.0,876.2947806905563,0.0,0.007597429784454324,0.007597429784454324,0.0,0.0,0.0,0.0,0.0,0.0,0.0,0.0,0.0,0.0,0.0,0.0,0.0,0.0,0.0,399.00359687677735,0.0,0.0,0.0,0.0,0.0,0.0,0.0,0.0,0.0,0.0,0.0,0.0,118.72009101548295,0.0,0.0,0.0,0.0,0.0,45.58457870672508,0.0,0.0,0.0,0.0,0.0,0.0,-45.58457870672508,0.0,0.0,0.0,0.0,0.0,0.0,0.0,0.0,0.0,0.0,0.0,0.0,496.1368812875953,-1000.0,404.5166107074435,0.0,-22.79228935336254,0.0,20.69634521767004,0.0,0.0,0.0,0.0,0.0,0.0,0.0,0.0,0.0,0.0,0.0,0.0,0.0,0.0,0.0,0.0,125.7498945780992,-9.496787230567634,0.0,-5.698072338340635,762.873958237391,0.0,0.0,0.0,0.0,0.0,0.0,-0.9496787230567726,13.381606327018744,0.0,0.0,0.0,0.0,0.0,0.0,0.0,1000.0,22.79228935336254,22.79228935336254,0.0,0.0,0.0,0.0,0.0,0.08357172762907794,399.00359687677735,0.0,0.0,-20.69634521767004,0.0,0.0,0.0,0.0,0.0,0.0,0.0,0.0,0.0,0.0,0.0,0.0,0.0,0.0,0.0,0.0,0.0,4.190554740985661,0.0,79.77301273676889,5.850020934029717,0.0,0.0,0.0,0.0,0.0,399.00359687677735,0.0,-0.19078966997476732,0.0,0.0,0.0,-9.496787230567634,0.0,0.0,0.0,0.0,0.0,0.0,0.0,0.0,0.0,0.0,0.0,0.0,0.0,0.0,0.0,0.0,0.0,0.0,-0.0759742978445418,0.0,0.0,3.79871489222709,-551.2935775448243,0.0,0.0,0.0,0.0,0.0,0.0,0.0,0.0,-345.9328296395172,1.899357446113545,0.0,0.0,0.0,0.0759742978445418,0.0,75.9742978445418,-19.36147759082229,15.19485956890836,0.5426735560324414,220.34940046824295,-0.056980723383406345,3.79871489222709,1.519485956890836,-0.3798714892228853,-220.34940046824295,22.79228935336254,-0.0759742978445418,0.0,64.80514043109164,0.01899357446113545,0.5426735560324414,0.0,-12.095108216851013,-1.5194859568908328,-267.3338127645271,-0.0759742978445418,0.01899357446113545,-220.34940046824295,7.59742978445418,0.0759742978445418,0.0759742978445418,-398.84405085130373,0.08357172762899612,-63.974835420433635,-0.056980723383406345,22.79228935336254,0.0759742978445418,22.79228935336254,-37.987148922270904,-0.0379871489222709,-392.4772366606873,-85.0,-0.056980723383406345,-0.0759742978445418,-19.36147759082229,0.0759742978445418,7.59742978445418,-1.519485956890836,77.32659591770128,77.32659591770128,-7.59742978445418,267.3338127645271,-77.32659591770128,15.19485956890836,0.11396144676681269,692.5994146559751,7.59742978445418,-170.28452658680757,64.80514043109164,-15.19485956890836,0.0379871489222709,0.759742978445418,226.5901070628369,96.0,-0.0759742978445418,-416.0978138917993,398.84405085130373,23.552032331807958,0.0759742978445418,12.095108216851013,-26.364016982358592,64.80514043109164,-0.0759742978445418,-0.01899357446113545,-64.80514043109164,-0.0759742978445418,-34.653867402798134,0.0759742978445643,-0.01899357446113545,-0.01899357446113545,-0.01899357446113545,30.38971913781672,37.987148922270904,0.759742978445418,101.88891629253436,-0.01899357446113545,453.1802141256738,3.7987148922270895,21.125648593626156,0.0759742978445418,0.0379871489222709,0.0379871489222709,40.0,19.36147759082229,0.0759742978445418,-19.36147759082229,0.759742978445418,0.0759742978445418,-193.0918330464507,0.0759742978445418,0.30389719137838256,0.3798714892228853,0.0379871489222709,0.01899357446113545,22.79228935336254,-0.0759742978445418,63.974835420433635,0.7597429784454164,-203.77783258506872,1.8993574461135454,-7.59742978445418,15.19485956890836,3.79871489222709,-0.0759742978445418,0.0,0.11396144676681269,-0.0759742978445418,-80.0,19.36147759082229,-36.51527739777444,0.0379871489222709,-42.25129718725231,-0.0759742978445418,-0.0759742978445643,-0.0759742978445418,0.0379871489222709,220.34940046824295,-15.19485956890836,0.0759742978445418,453.1802141256738,-0.01899357446113545,-0.08357172762899612,-453.1802141256738,11.396144676681269,85.0,-559.3929835737858,220.34940046824295,-0.056980723383406345,416.0978138917993,-96.0,0.0759742978445418,-0.01899357446113545,3.798714892227089,75.9742978445418,-0.0379871489222709,-0.0759742978445418,0.01899357446113545,0.0,0.0,-692.6374018048974,91.20291675391633,-46.0,0.0,-7.872877542392828,-31.0,0.0,-32.0,-93.0,-65.0,0.0,16.0,23.0,46.5,0.0,15.5,-399.00359687677735,-199.3433465976332,0.0,65.0,-199.3433465976332,7.872877542392828,5.446854827755793,0.0,1496.5981,hclb
443,0.0,0.0,0.0,0.0,0.0,0.0,0.0,0.0,-0.07219631639679852,0.0,0.0,0.0,0.0,0.0,0.0,0.0,0.0,-20.587071562861823,0.0,-345.94633852358896,0.0,0.0,0.0,910.7736527496752,0.0,0.0,0.0,0.0,0.0,-684.2988757775317,0.0,0.0,217.84066981070032,0.0,0.0,0.0,0.0,999.7112147344121,0.0,-1000.0,1000.0,0.0,0.0,0.0,0.0,0.0,0.0,143.32587196168296,304.3137710926779,0.0,0.0,0.0,0.0,0.07941594803645557,0.0,0.0,0.0,157.76513524104266,0.0,0.0,-6.358088930678619,0.0,902.1122854863174,895.7541965556388,0.0,0.0,0.0,0.0,0.0,0.0,0.0,0.7219631639679852,0.0,0.0,0.0,0.0,0.0,0.0,0.0,0.0,0.0,0.0,0.0,0.0,43.317789838079115,0.0,0.0,0.0,329.0445243462761,0.10829447459525454,-0.01804907909919963,0.0,0.0,0.0,21.658894919039557,0.0,21.658894919039557,-505.23613924835644,0.0,0.0,0.0,473.7856374421364,-1000.0,0.0,0.0,-18.625307426184893,0.0,0.0,0.0,0.0,0.0,0.0,0.0,0.0,0.0,0.0,0.0,0.0,0.0,0.0,0.0,0.0,0.0,0.0,-495.6981463309729,0.0,0.0,21.658894919039557,0.0,22.380858083007542,16.625957676302235,0.0,0.0,0.0,0.0,0.0,0.0,0.0,0.0,0.0,0.0,0.0,0.0,0.0,0.0,5.559116362553485,0.07219631639679852,0.0,0.0,0.0,0.0,-709.2617379408948,0.0,0.0,140.79748508718905,0.0,434.86891441049363,0.0,0.0,0.0,0.0,0.0,183.8553642469138,183.8553642469138,0.0,0.0,0.0,0.0,0.0,0.0,0.0,183.9275605633106,0.0,0.0,0.0,354.61339705599937,0.0,0.0,0.0,0.0,0.0,0.0,0.0,0.0,0.0,0.0,-647.9165421182051,0.0,0.0,0.0,0.0,-1000.0,0.0,0.0,0.0,0.0,0.0,0.0,0.0,670.8471811791287,-670.8471811791287,0.0,0.0,0.0,0.0,0.0,0.0,0.0,315.7011242224683,-249.20206488806474,0.0,0.0,0.0,0.0,0.0,0.0,0.0,0.0,0.0,0.0,0.0,0.0,0.0,219.35008398393506,695.1402644996142,379.98510468485387,0.0,0.0,0.0,0.0,77.70817204392335,0.0,0.0,0.0,0.0,-6.358088930678619,379.98510468485387,0.0,0.0,0.0,0.0,0.0,0.0,0.0,0.0,383.98120894166647,0.0,0.0,0.0,0.0,-341.8026568328526,975.1609522718065,0.0,-379.98510468485387,0.0,0.0,0.0,-911.9204939959058,0.0,0.0,0.0,-165.1267475320917,0.0,0.0,-824.6014484514644,0.0,0.0,-904.8867661836586,80.28531773219412,-80.28531773219412,999.8917055254047,0.0,0.0,0.0,0.0,156.971466055749,0.0,0.0,0.0,0.0,0.0,0.0,0.0,183.783167930517,0.0,0.0,16.942315558928158,0.0,0.0,0.0,-6.358088930678619,-0.10829447459519778,0.0,0.0,0.0,0.0,0.07219631639679852,0.0,0.0,0.0,516.6517240953706,0.0,0.0,-836.6413152073825,554.6890102755646,0.0,956.0981581983992,0.0,-86.08837371867907,0.0,-18.625307426184893,0.0,0.0,0.0,864.908973472729,-1000.0,221.1794002459501,-1000.0,-1000.0,0.0,0.0,0.0,0.0,0.0,0.0,0.0,0.0,0.0,0.0,0.0,0.0,0.0,0.0,0.0,0.0,0.0,634.1778405192157,0.0,-365.8221594807843,0.0,0.0,886.892626802045,0.0,0.0,0.0,-389.54032530421995,0.0,0.0,0.0,0.0,470.1758216222965,480.4744578185165,0.0,-518.8198105470976,0.0,519.5255421814835,0.0,-3.609815819839926,-189.5168165887328,-1000.0,0.0,280.12208391610943,-848.0835791862582,-1.804907909919963,0.0,-624.1477670874955,0.0,0.0,1000.0,268.77351856454925,21.658894919039557,0.0,0.0,0.0,112.74653310778476,0.0,0.0,0.0,-219.35008398393506,219.35008398393506,219.35008398393506,-222.62200479021396,0.0,0.0,0.0,0.0,0.0,315.7011242224683,0.0,0.0,-12.716177861357238,0.0,0.0,65.56073672064029,0.0,0.0,0.0,0.0,-35.780368360320146,0.1443926327938243,0.0,0.0,0.0,0.0,0.0,0.0,0.0,0.0,0.0,0.0,0.0,0.0,0.0,0.0,0.0,0.0,0.0,0.0,0.0,0.07941594803645557,0.07941594803645557,0.0,300.91082070457537,0.0,43.317789838079115,0.0,0.0,0.0,-458.5369270961752,0.0,0.0,0.0,0.0,0.0,247.18210156816923,458.5369270961752,0.0,0.0,0.0,0.0,0.0,65.56073672064029,0.0,0.0,0.0,0.0,0.0,0.0,0.0,165.23271544365764,-516.6517240953706,709.2617379408948,0.0,5.559116362553485,0.0,0.0,0.0,-77.70817204392335,0.0,247.18210156816923,0.0,211.40173320784908,0.0,0.0,0.0,219.35008398393506,0.0,0.0,0.0,0.0,0.0,0.0,0.0,0.0,0.0,0.0,0.0,0.0,0.0,43.317789838079115,0.0,0.0,0.0,0.0,0.0,0.0,0.0,0.0,0.0,0.0,0.0,0.0,0.7219631639679852,0.0,0.0,0.0,0.0,0.0,0.0,0.0,0.0,21.658894919039557,0.0,0.0,0.0,0.0,0.0,0.0,0.0,0.0,0.0,0.0,6.217183026242878,0.0,0.0,21.658894919039557,21.658894919039557,1000.0,458.5369270961752,0.0,65.56073672064029,0.0,0.0,0.0,0.0,0.0,1000.0,315.7011242224683,850.3280772645835,0.07219631639679852,0.0,0.0,0.0,28.84171885624875,207.06151582925443,0.0,0.0,0.0,0.0,0.0,0.0,0.0,0.0,0.0,0.0,0.0,0.0,0.0,0.0,0.0,0.0,0.07219631639679852,0.0,0.0,0.0,0.0,0.0,0.0,0.0,0.0,0.0,-502.64769850217493,1000.0,-140.79748508718905,0.0,-1000.0,-5.414723729759885,-3.609815819839926,0.0,0.0,0.0,0.0,0.0,0.0,0.0,0.0,0.0,0.0,0.0,0.0,0.0,0.0,0.0,0.0,272.3833343843892,0.0,0.0,0.0,-0.07219631639679852,0.0,0.0,0.07219631639679852,0.0,0.07219631639679852,0.0,0.0,0.0,43.317789838079115,88.0795060040942,88.0795060040942,0.0,0.0,0.0,0.0,0.0,0.0,0.0,709.2617379408948,0.0,315.7011242224683,0.0,0.0,0.0,871.1250763144934,0.0,0.0,0.0,0.0,0.0,0.0,0.0,0.0,0.0,0.0,0.0,0.0,0.0,77.70817204392335,0.0,0.0,0.0,0.10829447459519778,0.0,0.0,0.0,-21.658894919039557,0.0,0.0,0.0,0.0,0.0,-300.91082070457537,3.609815819839926,0.0,0.0,0.0,0.0,0.0,0.0,0.0,0.0,0.0,0.0,0.0,0.0,0.0,0.0,0.0,0.0,0.0,-5.93025229704017,81.56073672064029,0.0,759.8224746615351,188.43620840306954,0.0,113.10737319795498,0.0,-113.10737319795498,140.79748508718905,-1000.0,0.0,3.609815819839926,686.1498813395989,0.0,0.0,0.0,-12.716177861357238,-15.62499999999828,15.62499999999828,0.0,0.0,0.0,0.0,0.0,0.0,0.0,637.0870946586855,0.0,88.0795060040942,0.0,0.0,0.0,0.0,0.0,0.0,0.0,0.0,0.0,383.98120894166647,0.0,0.0,317.154991893855,-28.84171885624875,0.0,0.0,21.658894919039557,0.0,0.0,0.0,0.0,221.5832237095157,0.0,0.0,0.07941594803645557,0.0,0.0,0.0,44.0397530020471,0.0,0.0,0.0,0.0,695.1402644996142,0.0,0.0,0.0,0.0,0.0,0.0,0.0,0.0,0.0,0.0,0.007219631639679758,0.007219631639679758,0.0,0.0,0.0,0.0,0.0,0.0,0.0,0.0,0.0,0.0,0.0,0.0,0.0,0.0,0.0,300.91082070457537,0.0,0.0,0.0,0.0,0.0,0.0,0.0,0.0,0.0,0.0,0.0,0.0,0.0,-41.63256743091107,-20.587071562861823,0.0,0.0,0.0,43.317789838079115,0.0,0.0,0.0,0.0,0.0,0.0,-43.317789838079115,0.0,0.0,0.0,0.0,0.0,0.0,0.0,0.0,0.0,0.0,0.0,0.0,-850.3280772645835,-1000.0,920.5795530463004,0.0,-21.658894919039557,0.0,999.7112147344121,0.0,0.0,0.0,0.0,0.0,0.0,0.0,0.0,0.0,484.375,0.0,-484.375,-484.375,0.0,0.0,0.0,0.0,-9.024539549599812,0.0,-475.5905453520564,865.7103525847336,0.0,0.0,0.0,0.0,0.0,0.0,-0.9024539549599814,153.51366294854628,0.0,0.0,0.0,0.0,0.0,0.0,0.0,1000.0,21.658894919039557,21.658894919039557,0.0,0.0,0.0,0.0,0.0,0.07941594803645557,300.91082070457537,0.0,0.0,-999.7112147344121,0.0,0.0,0.0,0.0,0.0,0.0,0.0,0.0,0.0,0.0,0.0,0.0,0.0,0.0,0.0,0.0,0.0,16.625957676302235,0.0,75.80613221663845,5.559116362553485,0.0,0.0,0.0,0.0,0.0,300.91082070457537,0.0,378.04667173384865,0.0,0.0,0.0,-9.024539549599812,0.0,0.0,0.0,0.0,0.0,0.0,0.0,0.0,0.0,0.0,0.0,0.0,0.0,0.0,0.0,0.0,0.0,0.0,-0.07219631639679852,0.0,0.0,3.609815819839926,-247.18210156816923,0.0,0.0,0.0,0.0,0.0,0.0,0.0,0.0,-864.908973472729,1.804907909919963,0.0,0.0,0.0,0.07219631639679852,0.0,72.19631639679851,-5.754900406705303,14.439263279359704,0.5156879742628465,234.67963809967236,-0.05414723729759889,238.69772663098817,1.4439263279359704,-0.36098158198467445,-234.67963809967236,21.658894919039557,-0.07219631639679852,6.208435808728297,65.56073672064029,0.01804907909919963,0.5156879742628465,-18.625307426184893,-11.493653570371293,-1.4439263279359704,366.5334100864508,-0.07219631639679852,0.01804907909919963,-234.67963809967236,7.219631639679852,0.07219631639679852,0.07219631639679852,-300.7592084401421,0.07941594803647828,-9.308907489396201,-0.05414723729759889,21.658894919039557,0.07219631639679852,21.658894919039557,-36.09815819839926,-0.03609815819839926,-388.3093920687276,-85.0,-0.05414723729759889,-0.07219631639679852,-5.754900406705303,0.07219631639679852,7.219631639679852,-1.4439263279359704,77.70817204392335,77.70817204392335,-7.219631639679852,-366.5334100864508,-77.70817204392335,14.439263279359704,0.10829447459519778,-835.0742524268755,7.219631639679852,-165.23271544365764,65.56073672064029,-14.439263279359704,0.03609815819839926,0.7219631639679852,209.16032880184562,96.0,-0.07219631639679852,-317.154991893855,300.7592084401421,22.380858083007542,0.07219631639679852,11.493653570371293,-21.074842955517852,65.56073672064029,-0.07219631639679852,-0.01804907909919963,-65.56073672064029,-0.07219631639679852,-35.780368360320146,0.07219631639681268,-0.01804907909919963,-0.01804907909919963,-0.01804907909919963,28.878526558719408,36.09815819839926,0.7219631639679852,53.4884459104797,-0.01804907909919963,412.1122217949629,3.609815819839926,21.5,0.07219631639679852,0.03609815819839926,0.03609815819839926,40.0,5.754900406705303,0.07219631639679852,-5.754900406705303,0.7219631639679852,0.07219631639679852,-53.48844591047964,0.07219631639679852,0.288785265587876,0.36098158198467445,0.03609815819839926,0.01804907909919963,21.658894919039557,-0.07219631639679852,9.308907489396201,0.7219631639679852,-106.9768918209594,236.8928187210682,-7.219631639679852,14.439263279359704,3.609815819839926,-0.07219631639679852,18.625307426184893,0.10829447459519778,-0.07219631639679852,-80.0,5.754900406705303,21.23168929828421,0.03609815819839926,-43.0,-0.07219631639679852,-0.07219631639681268,-0.07219631639679852,0.03609815819839926,234.67963809967236,-14.439263279359704,0.07219631639679852,418.32065760369125,-0.01804907909919963,-0.07941594803647828,-418.32065760369125,10.829447459519777,85.0,562.5228307569349,234.67963809967236,-0.05414723729759889,317.154991893855,-96.0,0.07219631639679852,-0.01804907909919963,3.609815819839926,72.19631639679852,-0.03609815819839926,-0.07219631639679852,0.01804907909919963,0.0,0.0,-164.9618457313229,0.0,-46.0,0.0,-108.0,-31.0,0.0,-32.0,-93.0,-65.0,-1000.0,16.0,23.0,46.5,0.0,15.5,-300.91082070457537,-242.8149130077999,1000.0,65.0,-242.8149130077999,108.0,-47.072394342081,0.0,1496.5981,hclb
444,0.0,0.0,0.0,0.0,0.0,0.0,0.0,0.0,251.82664294836695,0.0,0.0,0.0,0.0,0.0,0.0,0.0,113.2822947099105,-0.3087936529790198,0.0,-73.01467588164384,0.0,0.0,0.0,0.0,0.0,35.544394288049396,0.0,0.0,0.0,-253.90026774865328,0.0,0.0,0.0,0.0,0.0,0.0,0.0,881.5479378645473,0.0,-1000.0,1000.0,0.0,-1000.0,0.0,0.0,0.0,381.8161487323805,0.0,0.0,0.0,0.0,0.0,0.0,0.07129125675398207,0.0,0.0,0.0,12.96204668253893,0.0,0.0,-5.707621222544418,0.0,0.0,-5.707621222544418,0.0,0.0,0.0,0.0,0.0,35.544394288049396,0.0,0.6481023341269465,0.0,0.0,0.0,0.0,0.0,0.0,0.0,0.0,0.0,0.0,-252.42714797362396,0.0,38.88614004761679,0.0,0.0,-515.47423920056,620.5884198953387,1000.0,-0.016202558353173663,0.0,0.0,0.0,19.443070023808396,0.0,19.443070023808396,0.0,0.0,0.0,0.0,499.0937989490329,-1000.0,0.0,0.0,-8.629343963970223,0.0,0.0,0.0,0.0,0.0,0.0,0.0,0.0,0.0,0.0,0.0,0.0,0.0,0.0,0.0,0.0,0.0,0.0,-421.0538374917422,0.0,0.0,19.443070023808396,0.0,20.09117235793534,0.0,0.0,0.0,0.0,0.0,0.0,-971.7276970431233,-796.8750000000684,796.8750000000684,971.7276970431233,0.0,0.0,0.0,0.0,0.0,257.4175359464015,0.06481023341269465,0.0,0.0,0.0,0.0,-859.5818950478493,0.0,0.0,0.0,0.0,415.5645835505981,0.0,0.0,0.0,0.0,0.0,-218.76148651460267,-218.76148651460267,0.0,0.0,0.0,-765.59375,0.0,0.0,0.0,-218.69667628118998,0.0,0.0,0.0,0.0,0.0,0.0,0.0,0.0,0.0,0.0,0.0,0.0,0.0,0.0,-892.8983700762234,0.0,0.0,0.0,0.0,-941.6547347510873,0.0,0.0,0.0,0.0,0.0,0.0,1000.0,-747.8799215156569,747.8799215156569,0.0,0.0,0.0,0.0,0.0,0.0,0.0,746.0997322513467,-96.48143081127643,0.0,0.0,0.0,0.0,0.0,0.0,0.0,0.0,0.0,0.0,0.0,0.0,0.0,313.68799535471874,842.5059884129272,-859.3820269612572,0.0,0.0,0.0,0.0,18.009160296504234,0.0,0.0,0.0,0.0,-5.707621222544418,-859.3820269612572,0.0,0.0,0.0,0.0,0.0,0.0,0.0,0.0,5.327401186522874,0.0,0.0,0.0,631.5316585890046,1000.0,-263.3541607162168,0.0,859.3820269612572,0.0,0.0,0.0,-651.5609396447722,0.0,0.0,0.0,-379.58165748311615,0.0,0.0,-1000.0,0.0,0.0,-1000.0,0.0,0.0,-127.29150162031817,0.0,-305.72915184971976,0.0,0.0,162.8113909249138,0.0,0.0,0.0,0.0,0.0,0.0,0.0,162.98985198436503,0.0,0.0,567.327844906125,-765.59375,0.0,0.0,-5.707621222544418,-0.09721535011904196,0.0,0.0,0.0,0.0,0.06481023341269465,0.0,0.0,0.0,898.8751032442518,113.2822947099105,0.0,-861.6608639030487,1000.0,0.0,952.4051167063474,0.0,-47.201322247296275,0.0,-8.629343963970223,0.0,0.0,0.0,919.3756649259208,0.0,-872.1743426786245,-243.91128982949667,-1000.0,0.0,0.0,0.0,0.0,0.0,0.0,0.0,0.0,0.0,0.0,0.0,0.0,0.0,0.0,0.0,0.0,0.0,0.0,0.0,-1000.0,0.0,118.19282120180196,3.2405116706347323,0.0,0.0,0.0,-262.7449371329244,0.0,252.42714797362396,0.0,0.0,495.8532872783981,817.688323529223,0.0,323.73038603862494,633.3771456328972,-817.688323529223,-226.61792443535515,839.1136607279828,0.0,-140.0484626343227,0.0,-574.8975413484587,-1000.0,-634.9974014682145,-842.3541723986176,0.0,0.0,0.0,0.0,739.5174748211446,19.443070023808396,0.0,0.0,0.0,0.0,0.0,251.89145318177964,0.0,-313.68799535471874,313.68799535471874,313.68799535471874,69.40700855064121,0.0,0.0,0.0,0.0,0.0,746.0997322513467,0.0,0.0,-11.415242445088836,0.0,0.0,67.03795331746107,0.0,0.0,0.0,0.0,-36.51897665873054,0.1296204668254556,0.0,0.0,0.0,0.0,0.0,0.0,0.0,0.0,0.0,0.0,0.0,0.0,0.0,0.0,0.0,0.0,0.0,0.0,0.0,0.07129125675398207,0.07129125675398207,0.0,396.7259486721798,0.0,38.88614004761679,0.0,0.0,0.0,-653.622058552772,0.0,39.824961283568165,0.0,0.0,0.0,487.19803835195455,653.622058552772,0.0,0.0,635.1691706540773,0.0,0.0,67.03795331746107,0.0,0.0,0.0,0.0,0.0,0.0,0.0,140.35127916391406,-898.8751032442518,859.5818950478493,0.0,4.990387972777512,0.0,0.0,0.0,-18.009160296504234,0.0,487.19803835195455,0.0,0.0,450.679061693224,0.0,0.0,313.68799535471874,0.0,0.0,0.0,0.0,0.0,0.0,0.0,0.0,0.0,0.0,0.0,0.0,0.0,38.88614004761679,0.0,0.0,0.0,0.0,0.0,0.0,0.0,0.0,0.0,0.0,0.0,0.0,0.6481023341269465,0.0,0.0,0.0,0.0,0.0,1000.0,0.0,0.0,19.443070023808396,-635.1691706540773,0.0,0.0,0.0,0.0,0.0,0.0,0.0,0.0,0.0,0.0,0.0,0.0,19.443070023808396,19.443070023808396,1000.0,653.622058552772,0.0,67.03795331746107,0.0,0.0,0.0,0.0,0.0,365.70794685057194,746.0997322513467,0.0,0.06481023341269465,0.0,0.0,-664.0624999999858,749.6536718262223,19.26028873079009,0.0,0.0,0.0,0.0,0.0,0.0,0.0,0.0,0.0,0.0,0.0,0.0,0.0,0.0,0.0,0.0,0.06481023341269465,0.0,0.0,0.0,0.0,0.0,0.0,0.0,0.0,118.19282120180196,-741.1911970482003,734.1139195595346,0.0,0.0,-1000.0,-4.860767505952098,-3.2405116706347323,0.0,0.0,0.0,0.0,0.0,0.0,0.0,0.0,0.0,0.0,0.0,0.0,0.0,0.0,0.0,0.0,742.7579864917793,0.0,0.0,0.0,251.82664294836695,0.0,0.0,0.06481023341269465,0.0,0.06481023341269465,0.0,35.544394288049396,0.0,38.88614004761679,79.06848476348746,79.06848476348746,0.0,0.0,0.0,0.0,0.0,0.0,252.42714797362396,859.5818950478493,0.0,746.0997322513467,0.0,0.0,644.9502958366774,280.00553018607644,0.0,0.0,0.0,0.0,0.0,0.0,0.0,0.0,0.0,0.0,0.0,0.0,0.0,18.009160296504234,0.0,0.0,0.0,0.09721535011904196,0.0,0.0,0.0,-19.443070023808396,0.0,0.0,0.0,0.0,0.0,-396.7259486721798,3.2405116706347323,0.0,0.0,0.0,765.59375,0.0,-1000.0,0.0,0.0,0.0,0.0,0.0,0.0,0.0,0.0,0.0,0.0,635.1691706540773,49.02879302095684,83.03795331746107,0.0,911.6198483653104,10.630944766819859,0.0,-521.5537400847242,252.42714797362396,269.1265921111002,0.0,-730.6294244082596,0.0,3.2405116706347323,1000.0,0.0,0.0,0.0,-11.415242445088836,0.0,0.0,0.0,0.0,0.0,0.0,0.0,0.0,0.0,963.0817765475174,-79.9049414831984,79.06848476348746,0.0,0.0,0.0,0.0,0.0,0.0,0.0,0.0,0.0,5.327401186522874,0.0,0.0,331.40330970683783,-85.5911718262365,0.0,-1000.0,19.443070023808396,0.0,0.0,0.0,0.0,210.34589313329224,0.0,0.0,0.07129125675398207,0.0,0.0,0.0,39.53424238174373,0.0,0.0,0.0,0.0,842.5059884129272,0.0,0.0,0.0,0.0,0.0,0.0,0.0,0.0,0.0,0.0,0.006481023341269465,0.006481023341269465,0.0,0.0,0.0,0.0,0.0,0.0,0.0,0.0,0.0,-664.0624999999858,0.0,0.0,0.0,0.0,0.0,396.7259486721798,0.0,0.0,0.0,0.0,0.0,0.0,0.0,0.0,0.0,0.0,0.0,0.0,1000.0,-152.1792383115426,-0.3087936529790198,0.0,0.0,0.0,38.88614004761679,0.0,0.0,0.0,0.0,0.0,0.0,-38.88614004761679,0.0,0.0,0.0,0.0,0.0,0.0,0.0,0.0,0.0,0.0,0.0,0.0,0.0,-878.2033429789246,969.3508359104496,0.0,-19.443070023808396,0.0,999.7407590663493,0.0,0.0,0.0,0.0,0.0,0.0,0.0,0.0,0.0,0.0,0.0,0.0,0.0,0.0,0.0,0.0,0.0,-8.10127917658683,0.0,-500.7140547843502,1000.0,0.0,0.0,0.0,0.0,0.0,0.0,-0.8101279176586831,11.415242445088836,0.0,0.0,0.0,0.0,0.0,0.0,0.0,1000.0,19.443070023808396,19.443070023808396,0.0,0.0,0.0,0.0,0.0,0.07129125675398207,396.7259486721798,0.0,0.0,-999.7407590663493,0.0,0.0,0.0,0.0,0.0,0.0,0.0,0.0,0.0,0.0,0.0,0.0,0.0,0.0,0.0,0.0,0.0,0.0,0.0,68.05074508332939,257.4175359464015,0.0,0.0,0.0,0.0,0.0,396.7259486721798,0.0,1000.0,0.0,0.0,0.0,-8.10127917658683,0.0,0.0,0.0,0.0,0.0,0.0,0.0,0.0,0.0,0.0,0.0,0.0,0.0,0.0,0.0,0.0,0.0,0.0,-0.06481023341269465,0.0,0.0,3.2405116706347323,-487.19803835195455,0.0,0.0,0.0,0.0,0.0,0.0,0.0,0.0,-919.3756649259208,1.6202558353173662,0.0,0.0,35.544394288049396,0.06481023341269465,0.0,64.81023341269464,-20.09117235793534,12.962046682538931,0.46293023866210464,180.82055122141804,-0.04860767505952098,251.1671553098338,1.296204668253893,-0.32405116706343906,-180.82055122141804,19.443070023808396,-0.06481023341269465,2.8764479879900744,67.03795331746107,0.016202558353173663,0.46293023866210464,-8.629343963970223,-10.317789159300446,-1.296204668253893,-39.95882517528764,-0.06481023341269465,0.016202558353173663,-180.82055122141804,6.481023341269465,0.06481023341269465,0.06481023341269465,-396.58984718201316,0.07129125675396411,0.0,-0.04860767505952098,19.443070023808396,0.06481023341269465,19.443070023808396,-32.40511670634733,-0.032405116706347326,-398.30589562265766,-24.554993871186397,-0.04860767505952098,-0.06481023341269465,-20.09117235793534,0.06481023341269465,6.481023341269465,-1.296204668253893,18.009160296504234,18.009160296504234,-6.481023341269465,39.95882517528764,-18.009160296504234,12.96204668253893,0.09721535011904196,-1000.0,6.481023341269465,-140.35127916391406,67.03795331746107,-12.96204668253893,0.032405116706347326,0.6481023341269465,215.41521597576218,96.0,-0.06481023341269465,-411.30825119003623,396.58984718201316,20.09117235793534,0.06481023341269465,10.317789159300446,-10.734326777772624,67.03795331746107,-0.06481023341269465,-0.016202558353173663,-67.03795331746107,-0.06481023341269465,-36.51897665873054,0.06481023341269465,-0.016202558353173663,-0.016202558353173663,-0.016202558353173663,25.92409336507786,32.40511670634733,0.6481023341269465,288.84299206502203,-0.016202558353173663,427.9539839635343,3.2405116706347323,21.5,0.06481023341269465,0.032405116706347326,0.032405116706347326,40.0,20.09117235793534,0.06481023341269465,-20.09117235793534,0.6481023341269465,0.06481023341269458,-770.496412835809,0.06481023341269465,0.259240933650716,0.32405116706343906,0.032405116706347326,0.016202558353173663,19.443070023808396,-0.06481023341269465,0.0,0.6481023341269465,-577.6859841300441,249.5468994745164,-6.481023341269465,12.96204668253893,3.2405116706347323,-0.06481023341269465,8.629343963970223,0.09721535011904196,-0.06481023341269458,-80.0,20.09117235793534,106.6692445427812,0.032405116706347326,-43.0,-0.06481023341269465,-0.06481023341269465,-0.06481023341269465,0.032405116706347326,180.82055122141804,-12.96204668253893,0.06481023341269465,430.83043195152436,-0.016202558353173663,-0.07129125675396411,-430.83043195152436,9.721535011904196,24.554993871186394,851.6988387530835,180.82055122141804,-0.04860767505952098,411.30825119003623,-96.0,0.06481023341269465,-0.016202558353173663,3.2405116706347323,64.81023341269464,-0.032405116706347326,-0.06481023341269465,0.016202558353173663,0.0,0.0,127.25909650361183,481.65342077078697,-46.0,0.0,-7.472103785058152,9.198638608399298,0.0,-32.0,-93.0,-65.0,-872.7084983796818,16.0,23.0,46.5,0.0,-4.599319304199649,-396.7259486721798,-317.01513767607344,872.7084983796818,65.0,-317.01513767607344,7.472103785058152,-1.6094001742774964,0.0,1496.5981,hclb
445,0.0,0.0,0.0,0.0,0.0,0.0,0.0,0.0,-0.0007781021838645448,0.0,0.0,0.0,0.0,0.0,0.0,0.0,0.0,0.0,0.0,301.24368418302845,0.0,0.0,0.0,678.7028118365075,0.0,0.0,0.0,0.0,0.0,-363.31916884909856,0.0,0.0,10.502276089595636,0.0,0.0,0.0,0.0,426.1001146607804,0.0,-1000.0,1000.0,0.0,0.0,0.0,0.0,0.0,0.0,0.0,84.53431734876881,-565.9426104652712,0.0,-66.08752474274542,0.0,0.0008559124022517688,0.0,0.0,0.0,0.15562043677290896,0.0,0.0,-0.06852486565900119,0.0,0.0,-0.06852486565900119,0.0,0.0,0.0,0.0,1000.0,-1000.0,0.0,0.007781021838645448,0.0,0.0,0.0,0.0,0.0,0.0,0.0,0.0,0.0,0.0,0.0,0.0,0.4668613103187269,0.0,0.0,0.0,0.0,150.62184209151422,-0.0001945255459661362,0.0,0.0,0.0,0.23343065515936345,0.0,0.23343065515936345,0.0,0.0,0.0,0.0,0.03890510919322724,-1000.0,0.0,0.0,-20.48052785214096,0.0,0.0,0.0,0.0,0.0,0.0,0.0,0.0,0.0,0.0,0.0,0.0,0.0,0.0,0.0,0.0,0.0,0.0,-411.31421182324766,0.0,0.0,0.23343065515936345,0.0,0.24121167699800888,0.24121167699800888,0.0,-592.9648934788615,0.0,592.9648934788615,-592.9648934788615,0.0,-890.6250000000338,890.6250000000338,0.0,0.0,0.0,0.0,0.0,0.0,0.059913868157569945,0.0007781021838645448,0.0,0.0,0.0,0.0,-360.793870317454,0.0,0.0,0.0,0.0,-144.740800980932,0.0,0.0,0.0,0.0,0.0,-58.73549328266216,-58.73549328266216,0.0,0.0,0.0,0.0,838.2656748676043,0.0,0.0,-58.7347151804783,0.0,0.0,0.0,-732.2652437839542,0.0,0.0,0.0,0.0,0.0,0.0,0.0,0.0,0.0,0.0,0.0,0.0,0.0,0.0,0.0,-703.9806408831524,0.0,0.0,0.0,0.0,0.0,565.9426104652712,66.08752474274542,-150.62184209151422,150.62184209151422,0.0,0.0,0.0,0.0,0.0,0.0,0.0,636.6808311509014,-574.4590128923021,0.0,0.0,0.0,0.0,0.0,0.0,0.0,0.0,0.0,0.0,0.0,0.0,0.0,834.7341863046344,318.10511119099976,212.69732675758434,0.0,0.0,0.0,0.0,84.92141167942968,0.0,0.0,0.0,0.0,-0.06852486565900119,212.69732675758434,0.0,0.0,0.0,0.0,0.0,0.0,0.0,0.0,0.02505489032043524,0.0,0.0,0.0,150.62067493823844,301.24251702975266,0.0,0.0,-212.69732675758434,0.0,0.0,0.0,0.0,0.0,0.0,0.0,-35.44753007457882,0.0,0.0,3.421233528416394,0.0,0.0,3.421233528416362,0.0,0.0,-150.62184209151422,0.0,0.0,565.9426104652712,0.0,-82.26808323245159,0.0,0.0,0.0,464.13444328253115,0.0,-464.13444328253115,0.0,700.9820642165828,0.0,0.0,328.247545802591,0.0,0.0,0.0,-0.06852486565900119,-0.0011671532757968172,0.0,0.0,0.0,0.0,0.0007781021838645448,0.0,0.0,0.0,618.8007436582429,0.0,0.0,-327.1305173517366,570.8067587570923,0.0,920.3890510919323,0.0,955.0067225551298,0.0,-20.48052785214096,0.0,0.0,0.0,232.06099191595322,-187.06771447108306,-1000.0,-1000.0,-117.81430978038645,0.0,0.0,0.0,0.0,0.0,0.0,0.0,0.0,0.0,0.0,0.0,0.0,0.0,0.0,0.0,0.0,0.0,-573.8967729304842,0.0,-1000.0,0.0,0.0,0.0,0.0,0.0,0.0,426.15141753143644,0.0,0.0,0.0,0.0,0.0,0.0,0.0,-534.5795970538787,0.0,-812.932285528917,0.0,0.0,0.0,766.8242988954424,0.0,534.5406919446855,-589.8530999973522,-0.01945255459661362,-0.03890510919322724,0.0,0.0,636.1750647313895,0.0,0.0,0.23343065515936345,0.0,0.0,0.0,0.0,0.0,0.0,68.83516437529137,-765.899021929343,765.899021929343,765.899021929343,113.32490741536806,0.0,0.0,-759.7183356014289,0.0,0.0,636.6808311509014,0.0,0.0,-0.13704973131800238,0.0,0.0,79.8443795632271,0.0,0.0,0.0,0.0,-42.92218978161355,0.0015562043677296092,0.0,0.0,0.0,0.0,0.0,0.0,0.0,0.0,0.0,0.0,0.0,0.0,0.0,0.0,0.0,0.0,0.0,0.0,0.0,0.0008559124022517688,0.0008559124022517688,0.0,383.13779072146144,0.0,0.4668613103187269,0.0,533.1280376141966,0.0,1000.0,0.0,0.0,0.0,0.0,0.0,285.14166684075707,-1000.0,0.0,0.0,0.0,0.0,0.0,79.8443795632271,0.0,0.0,0.0,0.0,0.0,0.0,0.0,137.1047372744159,-618.8007436582429,360.793870317454,0.0,0.059913868157569945,0.0,0.0,0.0,-84.92141167942968,0.0,285.14166684075707,0.0,803.0626697999857,-560.843192740842,0.0,0.0,834.7341863046344,0.0,0.0,0.0,0.0,0.0,0.0,0.0,0.0,0.0,0.0,0.0,0.0,0.0,0.4668613103187269,0.0,0.0,0.0,0.0,0.0,0.0,0.0,0.0,0.0,0.0,0.0,0.0,0.007781021838645448,0.0,0.0,0.0,0.0,0.0,66.08752474274542,0.0,0.0,0.23343065515936345,0.0,0.0,0.0,0.0,0.0,0.0,0.0,0.0,0.0,0.0,910.9700786414032,0.0,0.0,0.23343065515936345,0.23343065515936345,1000.0,-1000.0,0.0,79.8443795632271,0.0,0.0,0.0,0.0,0.0,1000.0,636.6808311509014,964.7190356662469,0.0007781021838645448,0.0,0.0,0.0,0.06274838325593364,0.0,0.0,0.0,0.0,0.0,0.0,0.0,0.0,0.0,0.0,0.0,0.0,0.0,0.0,0.0,0.0,0.0,0.0007781021838645448,0.0,0.0,0.0,-513.871318921678,513.871318921678,0.0,0.0,0.0,0.0,0.0,426.15141753143644,0.0,0.0,-426.1032270695158,-0.05835766378984086,0.0,-0.03890510919322724,0.0,0.0,0.0,0.0,0.0,0.0,0.0,0.0,0.0,0.0,0.0,0.0,0.0,0.0,0.0,636.2139698405828,0.0,0.0,0.0,-0.0007781021838645448,0.0,0.0,0.0007781021838645448,0.0,0.0007781021838645448,0.0,0.0,0.0,0.4668613103187269,0.9492846643147447,0.9492846643147447,0.0,0.0,0.0,0.0,0.0,0.0,0.0,360.793870317454,0.0,636.6808311509014,0.0,0.0,232.12798651398396,0.0,0.0,0.0,0.0,0.0,0.0,0.0,0.0,0.0,0.0,0.0,0.0,0.0,0.0,84.92141167942968,0.0,0.0,0.0,0.0011671532757968172,0.0,0.0,0.0,-0.23343065515936345,0.0,0.0,0.0,0.0,0.0,-383.13779072146144,0.03890510919322724,0.0,0.0,0.0,0.0,-838.2656748676043,0.0,-0.03890510919322724,0.0,0.0,0.0,0.0,0.0,0.0,0.0,0.0,0.0,0.0,0.0,-451.5963955831729,0.0,425.6382498806811,-20.48052785214096,0.0,426.15141753143644,0.0,-426.15141753143644,0.0,-0.9492846643147447,533.1280376141966,0.03890510919322724,996.4934046981961,0.0,0.0,0.0,-0.13704973131800238,0.0,0.0,0.0,0.0,0.0,-426.2363862899145,0.0,0.0,0.0,383.19614838525126,-383.3128637128309,0.9492846643147447,0.0,0.0,0.0,0.0,0.0,0.0,0.0,0.0,0.0,0.02505489032043524,0.0,0.0,0.0,-0.06274838325593364,-1000.0,0.0,0.23343065515936345,0.0,0.0,0.0,0.0,-165.29482034129214,0.0,0.0,0.0008559124022517688,0.0,0.0,0.0,0.47464233215737234,0.0,0.0,0.0,0.0,318.10511119099976,0.0,0.0,0.0,0.0,0.0,0.0,0.0,0.0,-312.92815304633916,0.0,7.781021838645671e-05,7.781021838645671e-05,0.0,0.0,0.0,0.0,0.0,0.0,0.0,0.0,0.0,0.0,0.0,0.0,0.0,0.0,0.0,383.13779072146144,0.0,0.0,0.0,0.0,0.0,0.0,0.0,565.9426104652712,0.0,0.0,0.0,0.0,451.8655262745427,0.0,0.0,0.0,0.0,0.0,0.4668613103187269,0.0,0.0,0.0,0.0,0.0,0.0,-0.4668613103187269,0.0,0.0,0.0,0.0,0.0,0.0,0.0,0.0,0.0,0.0,0.0,0.0,-82.53334544663335,-1000.0,232.66098650993115,-633.9013511740544,633.667920518895,0.0,426.1001146607804,0.0,0.0,0.0,0.0,0.0,0.0,0.0,0.0,0.0,554.6875,0.0,-554.6875,-554.6875,0.0,0.0,0.0,533.1280376141966,-0.0972627729830681,0.0,-0.05835766378984086,615.3824925630252,0.0,0.0,0.0,0.0,0.0,-1000.0,999.9902737227017,0.13704973131800238,0.0,0.0,0.0,0.0,0.0,0.0,0.0,1000.0,0.23343065515936345,0.23343065515936345,0.0,0.0,0.0,0.0,0.0,0.0008559124022517688,383.13779072146144,0.0,0.0,-426.1001146607804,0.0,0.0,0.0,0.0,0.0,0.0,0.0,0.0,0.0,0.0,0.0,0.0,0.0,0.0,0.0,0.0,0.0,0.24121167699800888,0.0,0.8170072930577721,0.0,0.0,0.059913868157569945,0.0,0.0,0.0,383.13779072146144,0.0,0.0,0.0,0.0,0.0,-0.0972627729830681,0.0,0.0,0.0,0.0,0.0,0.0,0.0,0.0,0.0,0.0,0.0,0.0,0.0,0.0,0.0,0.0,0.0,0.0,-0.0007781021838645448,0.0,0.0,0.03890510919322724,-285.14166684075707,0.0,0.0,0.0,0.0,0.0,0.0,0.0,0.0,-232.06099191595322,0.01945255459661362,0.0,0.0,0.0,0.0007781021838645448,0.0,0.7781021838645448,0.0,0.15562043677290896,0.0055578727418896055,2.6533284469780978,-0.0005835766378984086,0.03890510919325152,0.015562043677290896,-0.003890510919291046,-2.6533284469780978,0.23343065515936345,-0.0007781021838645448,6.826842617380319,79.8443795632271,0.0001945255459661362,0.0055578727418896055,-20.48052785214096,-0.12387386767128264,-0.015562043677290896,-301.24368418302845,-0.0007781021838645448,0.0001945255459661362,-2.6533284469780978,0.07781021838645372,0.0007781021838645448,0.0007781021838645448,-383.13615670687534,0.0008559124022510015,-12.463410166927254,-0.0005835766378984086,0.23343065515936345,0.0007781021838645448,0.23343065515936345,-0.3890510919322724,-0.0003890510919322724,198.16526685214117,-85.0,-0.0005835766378984086,-0.0007781021838645448,0.0,0.0007781021838645448,0.07781021838645448,-0.015562043677290896,84.92141167942968,84.92141167942968,-0.07781021838645372,301.24368418302845,-84.92141167942968,0.15562043677290896,0.0011671532757968172,757.5920167948602,0.07781021838645448,-137.1047372744159,79.8443795632271,-0.15562043677290896,0.0003890510919322724,0.007781021838645448,81.78262933793415,-451.44077514640003,-0.0007781021838645448,-383.3128637128309,383.13615670687534,0.24121167699800888,0.0007781021838645448,0.12387386767128264,78.91065694258957,79.8443795632271,-0.0007781021838645448,-0.0001945255459661362,-79.8443795632271,-0.0007781021838645448,-42.92218978161355,0.0007781021838965192,-0.0001945255459661362,-0.0001945255459661362,-0.0001945255459661362,0.3112408735458179,0.3890510919322724,0.007781021838645448,0.5764764554703113,-0.0001945255459661362,156.73841605848799,0.03890510919322724,21.5,0.0007781021838645448,0.0003890510919322724,0.0003890510919322724,40.0,0.0,0.0007781021838645448,0.0,0.007781021838645448,0.0007781021838645513,-0.5764764554703113,0.0007781021838645448,0.0031124087354328367,0.003890510919291046,0.0003890510919322724,0.0001945255459661362,0.23343065515936345,-0.0007781021838645448,12.463410166927254,0.007781021838645448,-1.1529529109406227,0.019452554596589344,-0.07781021838645448,0.15562043677290896,0.03890510919322724,-0.0007781021838645448,20.48052785214096,0.0011671532757968172,-0.0007781021838645513,-80.0,0.0,189.0561113684237,0.0003890510919322724,-43.0,-0.0007781021838645448,-0.0007781021838965192,-0.0007781021838645513,0.0003890510919322724,2.6533284469780978,-0.15562043677290896,0.0007781021838645448,163.5652586758683,-0.0001945255459661362,-0.0008559124022510015,-163.5652586758683,0.11671532757968171,85.0,-740.8211902754447,2.6533284469780978,-0.0005835766378984086,383.3128637128309,451.44077514640003,0.0007781021838645448,-0.00019452554596613295,0.03890510919322724,0.7781021838645448,-0.0003890510919322724,-0.0007781021838645448,0.0001945255459661362,0.0,0.0,-757.5924058459522,0.0,-46.0,0.0,385.53923392828636,-31.0,0.0,-32.0,-93.0,-65.0,0.0,16.0,23.0,46.5,0.0,15.5,-383.13779072146144,-23.761291027131552,0.0,65.0,-23.761291027131552,-385.53923392828636,153.27538338365517,0.0,1496.5981,hclb
446,0.0,0.0,0.0,0.0,0.0,0.0,0.0,0.0,-0.07165829998535855,0.0,0.0,0.0,0.0,0.0,0.0,0.0,-152.49571346431856,-302.2792269815677,0.0,876.8009148250584,0.0,0.0,0.0,177.1661493700752,0.0,0.0,0.0,0.0,0.0,-747.7248576651859,0.0,0.0,19.41035423667265,0.0,0.0,0.0,0.0,-22.89423388886045,0.0,-1000.0,1000.0,0.0,0.0,900.2205711295045,0.0,0.0,0.0,0.0,0.0,-215.3508062652813,0.0,0.0,0.0,0.07882412998374022,0.0,0.0,0.0,14.33165999707171,0.0,0.0,4.033769332714996,0.0,887.7527022087847,860.753040687224,0.0,0.0,0.0,0.0,829.7078482161438,-829.7078482161438,0.0,0.7165829998535855,0.0,0.0,0.0,0.0,0.0,0.0,0.0,637.6558991983073,0.0,0.0,0.0,0.0,42.99497999121513,0.0,0.0,573.165587869956,939.2820861530905,-366.11649828313455,-0.01791457499633964,0.0,0.0,-452.2564951299605,21.497489995607566,0.0,21.497489995607566,0.0,0.0,0.0,0.0,3.5829149992679277,-1000.0,0.0,0.0,-10.005997333651091,0.0,0.0,0.0,0.0,0.0,0.0,0.0,0.0,0.0,0.0,0.0,0.0,0.0,0.0,0.0,0.0,0.0,0.0,-591.481586482863,0.0,0.0,21.497489995607566,0.0,22.21407299546115,22.21407299546115,0.0,0.0,0.0,0.0,0.0,0.0,0.0,0.0,-31.03343085427566,0.0,0.0,0.0,0.0,0.0,5.517689098872779,0.07165829998534673,0.0,0.0,0.0,0.0,-407.2425071431776,0.0,0.0,0.0,0.0,439.73403727015256,0.0,0.0,0.0,0.0,0.0,312.1061499944121,312.1061499944121,0.0,0.0,0.0,0.0,0.0,0.0,0.0,312.17780829439744,0.0,0.0,0.0,-552.0003069797581,0.0,0.0,0.0,0.0,0.0,0.0,0.0,0.0,0.0,0.0,0.0,0.0,0.0,0.0,0.0,-1000.0,0.0,0.0,0.0,0.0,0.0,215.3508062652813,0.0,-573.165587869956,573.165587869956,31.03343085427566,0.0,0.0,0.0,0.0,0.0,0.0,252.27514233481403,-551.0464403520639,0.0,0.0,0.0,0.0,0.0,0.0,0.0,0.0,0.0,0.0,0.0,0.0,0.0,303.70058949865114,428.1383567081556,900.2205711295045,0.0,0.0,0.0,0.0,77.7625117014788,0.0,0.0,0.0,0.0,4.033769332714996,0.0,0.0,0.0,0.0,0.0,0.0,0.0,0.0,0.0,651.198323297701,0.0,0.0,0.0,-1000.0,512.4476740230465,0.0,0.0,-900.2205711295045,0.0,0.0,31.03343085427566,0.0,0.0,0.0,0.0,-36.028607319715746,0.0,0.0,-557.7303687250395,0.0,-557.7303687250394,-1000.0,442.2696312749606,-1000.0,366.11649828313455,0.0,-571.8094878964213,215.3508062652813,0.0,135.5588603943182,0.0,0.0,0.0,953.7205275469424,0.0,-953.7205275469424,0.0,1000.0,0.0,0.0,0.0,0.0,0.0,0.0,4.033769332714996,-0.10748744997803783,0.0,0.0,0.0,0.0,0.07165829998534673,0.0,0.0,0.0,218.5082441509369,-152.49571346431856,0.0,-970.2120854619903,564.1818661856282,0.0,955.8291499926793,0.0,13.845964250083739,0.0,-10.005997333651091,0.0,0.0,0.0,339.96623417949786,-353.8121984295816,0.0,-1000.0,-1000.0,0.0,0.0,0.0,0.0,0.0,0.0,0.0,0.0,0.0,0.0,0.0,0.0,0.0,0.0,0.0,0.0,0.0,-1000.0,0.0,-994.3933879345028,0.0,17.00098862342212,648.890926038173,0.0,0.0,0.0,-656.7160123965738,0.0,0.0,0.0,0.0,0.0,0.0,0.0,0.0,0.0,-475.8956497865622,-205.4047886147216,0.0,138.71692347649497,-581.3408382150174,0.0,-3.5829149992679277,1000.0,-1.7914574996339638,-3.5829149992679277,-1000.0,0.0,0.0,1000.0,143.63038563577976,21.497489995607566,0.0,0.0,0.0,0.0,0.0,0.0,303.70058949865114,0.0,0.0,0.0,88.67433733657938,0.0,0.0,-687.9655083055733,0.0,0.0,252.27514233481403,0.0,0.0,-22.9658921888458,0.0,0.0,65.66834000292829,0.0,0.0,0.0,0.0,-0.6016404306295348,0.14331659997060342,0.0,0.0,0.0,0.0,0.0,0.0,0.0,0.0,0.0,0.0,0.0,0.0,0.0,0.0,0.0,0.0,0.0,0.0,0.0,0.07882412998374022,0.07882412998374022,0.0,385.36892950157943,0.0,42.99497999121513,0.0,0.0,0.0,1000.0,0.0,0.0,0.0,0.0,0.0,576.6121494464019,-1000.0,0.0,0.0,0.0,0.0,0.0,65.66834000292829,0.0,0.0,0.0,0.0,0.0,0.0,0.0,197.160528827621,-218.5082441509369,407.2425071431776,0.0,185.91064133613474,0.0,-452.2564951299605,0.0,-108.79594255575446,0.0,576.6121494464019,0.0,1000.0,-423.98949098422764,0.0,0.0,303.70058949865114,0.0,0.0,0.0,0.0,0.0,0.0,0.0,0.0,0.0,0.0,0.0,0.0,0.0,42.99497999121513,31.03343085427566,31.03343085427566,0.0,0.0,0.0,0.0,0.0,0.0,0.0,0.0,0.0,0.0,0.7165829998535855,0.0,0.0,0.0,0.0,0.0,0.0,0.0,0.0,21.497489995607566,0.0,0.0,0.0,180.39295223726197,0.0,0.0,0.0,0.0,0.0,0.0,519.1610942625383,-420.19476226082327,0.0,21.497489995607566,21.497489995607566,1000.0,-1000.0,0.0,65.66834000292829,0.0,0.0,0.0,0.0,0.0,1000.0,252.27514233481403,1000.0,0.07165829998534673,0.0,0.0,0.0,5.778730048819272,0.0,0.0,452.2564951299605,0.0,0.0,0.0,0.0,0.0,0.0,0.0,0.0,0.0,0.0,0.0,0.0,0.0,0.0,0.07165829998534673,0.0,0.0,0.0,371.27125885302326,-371.27125885302326,0.0,0.0,0.0,17.00098862342212,0.0,-7.825086358400812,0.0,0.0,5.606612065497188,-5.3743724989018915,-2.5204993010153895,-1.0624156982525383,0.0,0.0,0.0,0.0,0.0,0.0,0.0,0.0,0.0,0.0,0.0,31.03343085427566,0.0,0.0,0.0,147.2133006350477,0.0,0.0,0.0,-0.07165829998534673,0.0,0.0,0.07165829998534673,0.0,0.07165829998534673,0.0,0.0,0.0,42.99497999121513,87.42312598213744,87.42312598213744,0.0,0.0,0.0,0.0,0.0,0.0,0.0,407.2425071431776,0.0,252.27514233481403,0.0,0.0,334.6857982939565,11.450215514280675,0.0,0.0,0.0,0.0,0.0,0.0,0.0,0.0,0.0,0.0,0.0,0.0,0.0,108.79594255575446,0.0,0.0,0.0,0.10748744997803783,0.0,0.0,0.0,-21.497489995607566,0.0,0.0,0.0,0.0,0.0,-385.36892950157943,3.5829149992679277,0.0,0.0,0.0,0.0,0.0,0.0,-1.0624156982525383,0.0,0.0,0.0,0.0,0.0,0.0,0.0,31.03343085427566,0.0,0.0,995.1721433300004,81.66834000292829,0.0,457.9108471461059,-10.005997333651095,0.0,-656.7160123965738,0.0,656.7160123965738,0.0,-87.42312598213744,0.0,3.5829149992679277,496.67175304872154,0.0,0.0,0.0,-22.9658921888458,-609.3749999999993,609.3749999999993,0.0,0.0,0.0,0.0,0.0,0.0,0.0,-10.748744997803726,0.0,87.42312598213744,0.0,0.0,0.0,0.0,0.0,0.0,0.0,0.0,0.0,651.198323297701,0.0,0.0,401.49204699828505,-5.778730048819272,-1000.0,0.0,21.497489995607566,0.0,0.0,0.0,0.0,280.5825454156926,0.0,0.0,0.07882412998374022,0.0,0.0,0.0,43.71156299106872,0.0,0.0,0.0,0.0,428.1383567081556,0.0,0.0,0.0,0.0,0.0,0.0,0.0,0.0,908.2999830268359,0.0,0.0071658299985357665,0.0071658299985357665,0.0,0.0,0.0,0.0,0.0,0.0,0.0,0.0,0.0,0.0,0.0,0.0,0.0,0.0,0.0,385.36892950157943,0.0,0.0,0.0,0.0,0.0,0.0,0.0,215.3508062652813,0.0,0.0,0.0,0.0,0.0,0.0,-302.2792269815677,0.0,0.0,0.0,42.99497999121513,0.0,0.0,0.0,0.0,0.0,0.0,-42.99497999121513,0.0,0.0,0.0,0.0,0.0,0.0,0.0,0.0,0.0,0.0,0.0,0.0,-1000.0,-1000.0,395.2219492982078,-119.70203754824618,98.20454755263862,0.0,-5.893245265438331,0.0,0.0,0.0,0.0,0.0,0.0,0.0,0.0,0.0,414.0625,0.0,-414.0625,-414.0625,0.0,0.0,0.0,0.0,-8.95728749816982,31.03343085427566,-5.3743724989018915,340.7616413093352,0.0,0.0,0.0,0.0,0.0,0.0,-0.8957287498169819,22.9658921888458,0.0,0.0,0.0,0.0,0.0,0.0,0.0,1000.0,21.497489995607566,21.497489995607566,0.0,0.0,0.0,0.0,637.6558991983073,0.07882412998374022,385.36892950157943,0.0,0.0,5.893245265438331,0.0,0.0,0.0,0.0,0.0,0.0,0.0,0.0,0.0,0.0,0.0,0.0,0.0,0.0,0.0,0.0,0.0,22.21407299546115,0.0,75.24121498462648,5.517689098872779,0.0,0.0,0.0,0.0,0.0,385.36892950157943,0.0,646.3704267371576,0.0,0.0,0.0,-8.95728749816982,0.0,0.0,0.0,0.0,0.0,0.0,0.0,0.0,0.0,0.0,0.0,0.0,0.0,0.0,0.0,0.0,0.0,0.0,-0.07165829998534673,0.0,0.0,3.5829149992679277,-576.6121494464019,0.0,0.0,0.0,0.0,31.03343085427566,0.0,0.0,0.0,-339.96623417949786,1.7914574996339638,0.0,0.0,0.0,0.07165829998534673,0.0,71.65829998535855,0.0,14.33165999707171,0.5118449998954182,244.35480295007267,-0.053743724989018915,3.5829149992679277,1.433165999707171,-0.35829149992650144,-244.35480295007267,21.497489995607566,-0.07165829998535855,3.335332444550364,65.66834000292829,0.01791457499633964,0.5118449998954182,-10.005997333651091,-11.40800135766874,-1.433165999707171,-422.0259743791721,-0.07165829998535855,0.01791457499633964,-244.35480295007267,7.165829998535855,0.07165829998535855,0.07165829998534673,-385.21844707161034,0.07882412998389432,0.0,-0.053743724989018915,21.497489995607566,0.07165829998535855,21.497489995607566,-35.82914999267928,-0.03582914999267928,-419.72204260285037,-85.0,-0.053743724989018915,-0.07165829998535855,0.0,0.07165829998534673,7.165829998535855,-1.433165999707171,108.79594255575446,108.79594255575446,-7.165829998535855,422.0259743791721,-108.79594255575446,14.33165999707171,0.10748744997803783,563.9553765556266,7.165829998535855,-197.160528827621,65.66834000292829,-14.33165999707171,0.03582914999267928,0.7165829998535855,242.55302136549759,96.0,-0.07165829998534673,-401.49204699828505,385.21844707161034,22.21407299546115,0.07165829998535855,11.40800135766874,-20.321619979501975,65.66834000292829,-0.07165829998534673,-0.01791457499633964,-65.66834000292829,-0.07165829998535855,-0.6016404306295348,0.07165829998524487,-0.01791457499633964,-0.01791457499633964,-0.01791457499633964,28.66331999414342,35.82914999267928,0.7165829998535855,293.7299934029362,-0.01791457499633964,481.7707102864448,3.5829149992679277,3.883735214582695,0.07165829998534673,0.03582914999267928,0.03582914999267928,40.0,0.0,0.07165829998534673,0.0,0.7165829998535855,0.07165829998535855,-775.010294205505,0.07165829998535855,0.2866331999411216,0.35829149992650144,0.03582914999267928,0.01791457499633964,21.497489995607566,-0.07165829998535855,0.0,0.7165829998535855,-587.4599868058724,1.7914574996339638,-7.165829998535855,14.33165999707171,3.5829149992679277,-0.07165829998535855,10.005997333651091,0.10748744997803783,-0.07165829998535855,-80.0,0.0,-144.34823970054146,0.03582914999267928,-7.767470429165392,-0.07165829998535855,-0.07165829998524487,-0.07165829998535855,0.03582914999267928,244.35480295007267,-14.33165999707171,0.07165829998534673,485.10604273099517,-0.01791457499633964,-0.07882412998389432,-485.10604273099517,10.748744997803781,85.0,-298.9653349344597,244.35480295007267,-0.053743724989018915,401.49204699828505,-96.0,0.07165829998535855,-0.01791457499633964,3.5829149992679277,71.65829998535855,-0.03582914999267928,-0.07165829998535855,0.01791457499633964,0.0,0.0,-563.9912057056192,481.28030080256883,-46.0,0.0,-108.0,-31.0,0.0,-32.0,-93.0,-65.0,0.0,16.0,23.0,46.5,0.0,15.5,-385.36892950157943,-136.23430571515115,0.0,65.0,-136.23430571515115,108.0,-47.42210500951694,0.0,1496.5981,hclb
447,0.0,0.0,0.0,0.0,0.0,0.0,0.0,0.0,-0.05120837589796751,0.0,0.0,0.0,0.0,0.0,0.0,0.0,0.0,1000.0,0.0,-364.7752858926165,0.0,0.0,0.0,0.0,0.0,0.0,0.0,0.0,0.0,0.0,20.698690488245724,-20.698690488245724,0.0,0.0,0.0,0.0,0.0,736.2450859919577,0.0,-1000.0,984.6374872306097,0.0,0.0,0.0,0.0,0.0,0.0,0.0,226.05311185358403,-1000.0,0.0,0.0,0.0,0.056329213487632986,0.0,0.0,0.0,10.241675179593503,0.0,0.0,-11.409314466830438,0.0,0.0,-11.409314466830438,0.0,0.0,0.0,0.0,0.0,0.0,0.0,0.5120837589796752,0.0,0.0,0.0,0.0,0.0,0.0,0.0,587.3760076919156,0.0,0.0,0.0,0.0,30.72502553878051,0.0,0.0,76.44893579272616,-786.9592565194924,980.9597489415331,-0.01280209397449188,0.0,0.0,-790.0689818228318,15.362512769390255,0.0,15.362512769390255,-146.83192690813905,0.0,0.0,0.0,2.560418794898376,-1000.0,0.0,0.0,-18.538696924042725,0.0,0.0,0.0,0.0,0.0,0.0,0.0,0.0,0.0,0.0,0.0,0.0,0.0,0.0,0.0,0.0,0.0,0.0,-232.30907399825577,0.0,0.0,15.362512769390255,0.0,15.874596528369928,15.874596528369928,0.0,-37.07403778506455,37.07403778506455,0.0,0.0,0.0,0.0,0.0,0.0,0.0,0.0,0.0,0.0,0.0,3.9430449441434985,0.05120837589796751,0.0,0.0,0.0,0.0,-439.738841672175,0.0,0.0,0.0,0.0,440.70414764545035,0.0,0.0,0.0,0.0,0.0,382.02324976476064,382.02324976476064,0.0,0.0,0.0,0.0,740.3735955958754,0.0,0.0,402.7731486289043,0.0,0.0,0.0,270.37017718347664,0.0,0.0,0.0,0.0,0.0,0.0,0.0,0.0,0.0,0.0,-591.4818891533363,0.0,0.0,0.0,0.0,-1000.0,0.0,0.0,0.0,0.0,0.0,1000.0,0.0,-194.00049242204068,194.00049242204068,0.0,0.0,0.0,0.0,0.0,0.0,0.0,1000.0,-511.90388049466446,0.0,0.0,0.0,0.0,0.0,0.0,0.0,0.0,0.0,0.0,0.0,0.0,0.0,623.7492849946973,417.222192031362,-226.05311185358403,0.0,0.0,0.0,0.0,0.0,0.0,0.0,0.0,0.0,-11.409314466830438,-226.05311185358403,20.698690488245724,0.0,0.0,0.0,0.0,0.0,0.0,0.0,0.0,0.0,0.0,0.0,805.0540055202971,212.09524142284533,108.50155522426951,0.0,226.05311185358403,0.0,0.0,0.0,965.3819778380813,0.0,0.0,0.0,-8.610732565624971,0.0,0.0,0.0,0.0,812.2589357975605,-812.2589357975603,812.2589357975605,0.0,-980.9597489415331,0.0,138.7221740390325,1000.0,0.0,174.6205618120692,0.0,0.0,0.0,1000.0,0.0,-1000.0,0.0,402.6707318771084,0.0,0.0,1000.0,0.0,0.0,0.0,-11.409314466830438,-0.07681256384695127,0.0,0.0,0.0,0.0,0.05120837589796751,0.0,0.0,0.0,984.6374872306097,0.0,0.0,-929.2362959930231,617.5013046815392,0.0,1000.0,0.0,-292.2406237559735,0.0,-18.538696924042725,0.0,0.0,0.0,-4.409041164814871,296.6496649207884,0.0,-990.7491627356504,-1000.0,0.0,0.0,0.0,0.0,0.0,0.0,0.0,0.0,0.0,0.0,0.0,0.0,0.0,0.0,0.0,0.0,0.0,-263.55008050445014,0.0,-1000.0,0.0,0.0,124.48432671597618,0.0,0.0,0.0,16.755645544102226,0.0,0.0,0.0,0.0,0.0,0.0,0.0,0.0,0.0,-296.6496649207884,-1000.0,-2.560418794898376,0.0,-68.95207814661326,0.0,-2.560418794898376,0.0,-1.280209397449188,0.0,-178.51239838031475,0.0,484.12352908324743,0.0,482.5910265830737,15.362512769390255,828.1250000000164,-828.1250000000164,0.0,0.0,0.0,0.0,623.7492849946973,0.0,0.0,0.0,101.29702174444922,0.0,0.0,0.0,0.0,0.0,1000.0,0.0,0.0,-22.818628933660875,0.0,0.0,0.0,0.0,0.0,0.0,0.0,-37.87916241020325,0.10241675179630266,0.0,0.0,0.0,0.0,0.0,0.0,0.0,0.0,0.0,0.0,0.0,0.0,0.0,0.0,0.0,0.0,0.0,0.0,0.0,0.056329213487632986,0.056329213487632986,20.698690488245724,709.5076098151038,0.0,30.72502553878051,0.0,0.0,0.0,1000.0,0.0,0.0,0.0,0.0,0.0,426.6327099909504,-1000.0,0.0,0.0,0.0,0.0,0.0,0.0,0.0,0.0,0.0,0.0,0.0,0.0,0.0,77.43635799941859,-984.6374872306097,439.738841672175,0.0,3.9430449441434985,0.0,-207.02221382263815,-583.0467680001937,-583.0467680001937,0.0,426.6327099909504,0.0,0.0,388.7535475807471,-171.87499999999844,171.87499999999844,623.7492849946973,0.0,0.0,0.0,0.0,0.0,0.0,0.0,0.0,0.0,0.0,0.0,0.0,0.0,30.72502553878051,0.0,0.0,0.0,0.0,0.0,0.0,0.0,0.0,0.0,0.0,0.0,0.0,0.5120837589796752,0.0,20.698690488245724,0.0,0.0,20.698690488245724,0.0,0.0,0.0,15.362512769390255,0.0,0.0,0.0,0.0,0.0,0.0,0.0,0.0,0.0,0.0,1000.0,0.0,0.0,15.362512769390255,15.362512769390255,1000.0,-1000.0,0.0,0.0,0.0,0.0,0.0,0.0,0.0,990.7491627356504,1000.0,1000.0,0.05120837589796751,0.0,0.0,-679.6875000000689,683.8170897421264,0.0,0.0,790.0689818228318,0.0,0.0,0.0,0.0,0.0,0.0,0.0,0.0,0.0,0.0,0.0,0.0,0.0,0.0,0.05120837589796751,0.0,0.0,0.0,1000.0,-1000.0,0.0,0.0,0.0,0.0,-498.9067155744366,640.146687834515,0.0,0.0,-736.4499194955499,-3.8406281923475643,-2.560418794898378,0.0,0.0,0.0,0.0,0.0,0.0,0.0,0.0,0.0,0.0,0.0,0.0,0.0,0.0,0.0,0.0,969.2749744612195,0.0,0.0,0.0,-0.05120837589796751,0.0,0.0,0.05120837589796751,0.0,0.05120837589796751,0.0,0.0,0.0,30.72502553878051,62.47421859552037,62.47421859552037,0.0,0.0,0.0,0.0,0.0,0.0,0.0,439.738841672175,0.0,1000.0,0.0,0.0,0.0,0.0,0.0,0.0,0.0,0.0,0.0,0.0,0.0,0.0,0.0,0.0,0.0,0.0,0.0,0.0,0.0,0.0,0.0,0.07681256384695127,0.0,0.0,0.0,-15.362512769390255,0.0,0.0,0.0,0.0,0.0,-709.5076098151038,2.560418794898376,0.0,0.0,0.0,0.0,-740.3735955958754,-515.6623611185388,0.0,0.0,0.0,0.0,0.0,0.0,0.0,0.0,0.0,0.0,0.0,0.0,85.7583248204065,0.0,494.49716649258147,-18.538696924042725,0.0,0.0,0.0,0.0,0.0,902.9077592425609,0.0,2.560418794898378,769.2243331782215,0.0,0.0,-20.698690488245724,-22.818628933660875,0.0,0.0,0.0,0.0,0.0,0.0,0.0,0.0,0.0,587.6412609609888,-3.8406281923474808,62.47421859552037,0.0,20.698690488245724,20.698690488245724,0.0,0.0,0.0,0.0,0.0,0.0,0.0,0.0,0.0,717.188866199799,-4.129589742057533,0.0,0.0,15.362512769390255,0.0,0.0,0.0,0.0,270.51844734207225,0.0,0.0,0.056329213487632986,0.0,0.0,0.0,31.237109297760185,0.0,0.0,0.0,0.0,417.222192031362,0.0,0.0,0.0,0.0,0.0,0.0,0.0,0.0,-983.6246527031811,0.0,0.005120837589796898,0.005120837589796898,0.0,0.0,0.0,0.0,0.0,0.0,0.0,0.0,0.0,-679.6875000000689,20.698690488245724,0.0,0.0,0.0,0.0,709.5076098151038,0.0,0.0,0.0,0.0,0.0,0.0,0.0,1000.0,0.0,0.0,0.0,0.0,0.0,0.0,1000.0,0.0,0.0,0.0,30.725025538780528,0.0,0.0,0.0,0.0,0.0,-405.87884384297536,375.15381830419483,0.0,0.0,0.0,0.0,0.0,0.0,0.0,0.0,0.0,20.698690488245724,20.698690488245724,0.0,-1000.0,-1000.0,35.07773749010775,0.0,-15.362512769390255,0.0,736.2450859919577,0.0,0.0,0.0,0.0,0.0,0.0,0.0,0.0,0.0,0.0,0.0,0.0,0.0,0.0,0.0,0.0,0.0,-6.401046987245943,0.0,-3.8406281923475643,0.0,0.0,0.0,0.0,0.0,0.0,-1000.0,999.3598953012754,22.818628933660875,0.0,0.0,0.0,0.0,0.0,0.0,0.0,1000.0,15.362512769390255,15.362512769390255,0.0,0.0,0.0,0.0,587.3760076919156,0.056329213487632986,709.5076098151038,0.0,0.0,-736.2450859919577,0.0,0.0,0.0,0.0,0.0,0.0,0.0,0.0,0.0,0.0,0.0,0.0,0.0,0.0,0.0,0.0,0.0,15.874596528369928,0.0,53.768794692865896,3.9430449441434985,0.0,0.0,0.0,0.0,0.0,709.5076098151038,0.0,490.75434213147753,0.0,0.0,0.0,-6.401046987245943,0.0,0.0,0.0,0.0,0.0,0.0,0.0,0.0,0.0,0.0,0.0,0.0,0.0,0.0,0.0,0.0,0.0,0.0,-0.05120837589796751,0.0,0.0,2.560418794898376,-426.6327099909504,0.0,0.0,0.0,0.0,0.0,0.0,0.0,0.0,4.409041164814871,1.280209397449188,0.0,0.0,0.0,0.05120837589796751,0.0,51.208375897967514,0.0,10.241675179593503,0.36577411355691086,174.6205618120692,-0.03840628192347564,2.560418794898376,1.0241675179593503,-0.25604187949013707,-174.6205618120692,15.362512769390255,-0.05120837589796752,6.179565641347575,0.0,0.01280209397449188,0.36577411355691086,-18.538696924042725,-8.15237344295906,19.674522970286375,-635.2247141073835,-0.05120837589796752,0.01280209397449188,-174.6205618120692,13.816914921876974,0.05120837589796752,0.05120837589796751,-709.4000722257182,0.056329213487764415,-0.8017685621178288,-0.03840628192347564,15.362512769390255,0.051208375897967576,15.362512769390255,-25.604187948983757,-0.02560418794898376,-402.8249852352471,-5.1720459656947195,-0.03840628192347564,-0.05120837589796752,0.0,0.05120837589796751,5.120837589796793,-1.0241675179593503,0.0,0.0,-5.120837589796752,635.2247141073835,0.0,10.241675179593503,0.07681256384695127,640.7917158096324,5.120837589796752,-77.43635799941859,0.0,-10.241675179593503,0.02560418794898376,0.5120837589796752,232.30907399825577,96.0,-0.05120837589796751,-721.0294943921465,709.4000722257182,15.874596528369928,0.05120837589796752,8.15237344295906,-70.14612840964139,0.0,-0.05120837589796751,-0.01280209397449188,0.0,-0.05120837589796752,-37.87916241020325,0.05120837589774015,-0.01280209397449188,-0.01280209397449188,-0.01280209397449188,20.483350359187007,25.604187948983757,0.5120837589796752,125.85347092210635,-0.01280209397449188,458.438582355164,2.560418794898376,21.5,0.05120837589796751,0.02560418794898376,0.02560418794898376,5.120837589796752,0.0,0.05120837589796751,0.0,0.5120837589796752,0.05120837589796752,-301.68240177949554,0.05120837589796752,0.2048335035922264,0.25604187949013707,0.02560418794898376,0.01280209397449188,15.362512769390255,-0.05120837589796752,0.8017685621178288,-9.837261485143188,-251.7069418442127,1.280209397449188,-5.120837589796793,10.241675179593503,2.560418794898376,-0.05120837589796752,18.538696924042725,0.07681256384695127,-0.05120837589796752,-10.241675179593503,0.0,-181.99644341482318,0.02560418794898376,-43.0,-0.051208375897967576,-0.05120837589774015,-0.05120837589796752,0.02560418794898376,174.6205618120692,-10.241675179593503,0.05120837589796751,464.61814799651154,-0.01280209397449188,-0.056329213487764415,-464.61814799651154,7.681256384695127,5.1720459656947195,-888.21417962106,174.6205618120692,-0.03840628192347564,721.0294943921465,-96.0,0.05120837589796752,-0.012802093974491884,2.560418794898378,51.208375897967514,-0.02560418794898376,-0.05120837589796752,0.01280209397449188,1000.0,0.0,-640.8173199975813,175.8289308573892,-46.0,0.0,562.294457609451,-19.670402031387674,8.696077332080222,-32.0,-93.0,-65.0,0.0,16.0,23.0,46.5,-8.696077332080222,9.835201015693837,-709.5076098151038,-88.52200392724907,0.0,65.0,-88.52200392724907,-562.294457609451,313.6598742146478,0.0,1496.5981,hclb
448,0.0,0.0,0.0,0.0,0.0,0.0,0.0,0.0,293.0638688240224,0.0,0.0,0.0,0.0,0.0,0.0,0.0,25.950595441236487,-677.1804255131914,0.0,1000.0,0.0,0.0,0.0,515.027201953962,0.0,0.0,0.0,0.0,0.0,0.0,0.0,0.0,25.630939740836887,0.0,0.0,0.0,0.0,241.7012885654944,0.0,-1000.0,1000.0,0.0,0.0,0.0,0.0,0.0,0.0,0.0,-717.5199860261724,-763.4493641953999,0.0,0.0,0.0,0.06320646413155068,0.0,0.0,0.0,11.492084387578572,0.0,0.0,-39.23053956598531,0.0,39.23053956598531,0.0,0.0,0.0,0.0,0.0,0.0,0.0,0.0,0.5746042193789287,0.0,0.0,0.0,0.0,0.0,0.0,0.0,0.0,0.0,0.0,251.7645237942185,0.0,34.47625316273572,0.0,34.17019174065432,1000.0,741.0897922188824,0.0,-0.014365105484473215,0.0,0.0,0.0,17.23812658136786,0.0,17.23812658136786,0.0,0.0,0.0,251.7645237942185,2.873021096894643,-1000.0,0.0,0.0,-4.099184934335843,219.27022430140013,447.48528039004515,0.0,0.0,0.0,0.0,0.0,0.0,0.0,0.0,0.0,0.0,0.0,0.0,0.0,0.0,0.0,0.0,-439.5017111869022,0.0,0.0,17.23812658136786,0.0,17.812730800746788,17.812730800746788,0.0,0.0,0.0,0.0,0.0,671.8749999999955,0.0,0.0,-671.8749999999955,0.0,0.0,0.0,0.0,0.0,-213.16987956434642,0.05746042193789286,0.0,0.0,0.0,-1000.0,558.5593377750665,0.0,0.0,0.0,0.0,126.41503961656947,0.0,0.0,0.0,0.0,0.0,431.931874086719,431.931874086719,0.0,0.0,0.0,0.0,0.0,0.0,0.0,431.9893345086569,0.0,0.0,0.0,463.195638537432,0.0,0.0,0.0,0.0,0.0,0.0,0.0,0.0,0.0,0.0,0.0,0.0,0.0,0.0,0.0,-1000.0,0.0,0.0,0.0,0.0,0.0,763.4493641953999,0.0,-40.33956051298105,40.33956051298105,0.0,0.0,0.0,0.0,0.0,0.0,0.0,1000.0,-731.5041992062819,0.0,0.0,0.0,0.0,0.0,0.0,0.0,0.0,0.0,0.0,0.0,0.0,0.0,491.39475808941194,256.8411343770664,691.569390584936,0.0,0.0,0.0,0.0,79.19649738427282,0.0,0.0,0.0,0.0,-39.23053956598531,691.569390584936,0.0,0.0,0.0,0.0,0.0,0.0,0.0,0.0,1.8502255864016846,0.0,0.0,0.0,-318.45809612466337,462.9712566072001,242.14045346084652,0.0,-691.569390584936,0.0,0.0,0.0,926.597115398418,0.0,0.0,0.0,-141.15146663026815,0.0,0.0,-971.7393536975005,0.0,0.0,-385.80185369670926,-585.9375000007924,585.9375000007924,700.7502317059013,0.0,0.0,763.4493641953999,0.0,116.74354142394188,0.0,0.0,0.0,-899.1558754815547,0.0,899.1558754815547,0.0,329.3638384428182,0.0,0.0,-437.13666245494477,0.0,0.0,0.0,-39.23053956598531,-0.08619063290683929,0.0,0.0,0.0,0.0,0.05746042193789286,0.0,0.0,0.0,901.7151504479576,25.950595441236487,0.0,-576.3715407740547,381.73590927319555,0.0,948.7302109689464,0.0,276.8445289310573,0.0,-4.099184934335843,0.0,0.0,0.0,-4.947342328852443,728.1028133977951,-1000.0,-1000.0,-1000.0,0.0,0.0,0.0,0.0,0.0,0.0,0.0,0.0,0.0,0.0,0.0,0.0,0.0,0.0,0.0,0.0,0.0,-758.068869746754,0.0,-1000.0,0.0,0.0,0.0,0.0,0.0,0.0,211.31965397794474,0.0,0.0,0.0,0.0,0.0,0.0,0.0,-2.873021096894643,0.0,-728.1028133977951,662.8284272790042,-348.6636571085743,922.6295418606272,0.0,0.0,0.0,-804.2042654492855,-1.4365105484473215,345.7906360116796,0.0,0.0,962.6507257403696,-1000.0,0.0,17.23812658136786,359.3749999999882,-359.3749999999882,0.0,0.0,0.0,293.1213292459603,0.0,-491.39475808941194,491.39475808941194,491.39475808941194,85.60710054675727,0.0,0.0,0.0,0.0,0.0,1000.0,0.0,0.0,-10.120695650661986,0.0,0.0,68.50791561242143,0.0,0.0,0.0,0.0,17.432569872165203,0.11492084387578551,0.0,0.0,0.0,0.0,0.0,0.0,0.0,0.0,0.0,0.0,0.0,0.0,0.0,0.0,0.0,0.0,0.0,0.0,0.0,0.06320646413155068,0.06320646413155068,0.0,575.9026737018334,0.0,34.47625316273572,0.0,0.0,0.0,1000.0,0.0,0.0,34.17019174065432,0.0,0.0,303.06661923577747,-1000.0,0.0,0.0,0.0,0.0,0.0,68.50791561242143,0.0,0.0,0.0,0.0,0.0,0.0,0.0,146.50057039563407,-901.7151504479576,222.1704379235333,0.0,38.59464422987207,0.0,0.0,0.0,-79.19649738427282,0.0,303.06661923577747,0.0,320.4991891079427,0.0,0.0,0.0,491.39475808941194,0.0,0.0,0.0,0.0,0.0,0.0,0.0,0.0,0.0,0.0,0.0,0.0,0.0,34.47625316273572,0.0,0.0,0.0,0.0,0.0,0.0,0.0,0.0,0.0,0.0,0.0,0.0,0.5746042193789287,0.0,0.0,34.17019174065432,-34.17019174065432,0.0,0.0,0.0,0.0,17.23812658136786,0.0,0.0,0.0,0.0,0.0,0.0,0.0,0.0,0.0,0.0,1000.0,0.0,0.0,17.23812658136786,17.23812658136786,1000.0,-1000.0,0.0,68.50791561242143,0.0,0.0,0.0,0.0,0.0,1000.0,1000.0,905.3190860998917,0.05746042193789286,0.0,0.0,0.0,4.633772597705788,0.0,0.0,0.0,0.0,0.0,0.0,0.0,0.0,0.0,0.0,0.0,0.0,0.0,0.0,0.0,0.0,0.0,0.05746042193789286,0.0,0.0,0.0,-149.4824526617474,149.4824526617474,0.0,0.0,0.0,0.0,0.0,211.31965397794474,0.0,0.0,-241.931130253246,-4.309531645341965,0.0,-2.8730210968946457,0.0,0.0,0.0,0.0,0.0,0.0,0.0,0.0,0.0,0.0,0.0,0.0,0.0,0.0,0.0,965.5237468372643,0.0,0.0,0.0,293.0638688240224,0.0,0.0,0.05746042193789286,0.0,0.05746042193789286,0.0,0.0,0.0,34.47625316273572,70.1017147642293,70.1017147642293,0.0,0.0,0.0,0.0,0.0,0.0,0.0,222.1704379235333,0.0,1000.0,0.0,0.0,0.0,0.0,0.0,0.0,0.0,0.0,0.0,0.0,0.0,0.0,0.0,0.0,0.0,0.0,0.0,79.19649738427282,0.0,0.0,0.0,0.08619063290683929,0.0,0.0,0.0,-17.23812658136786,0.0,0.0,0.0,0.0,0.0,-575.9026737018334,2.873021096894643,0.0,0.0,0.0,0.0,0.0,-211.31965397794474,-2.8730210968946457,0.0,0.0,0.0,0.0,0.0,0.0,0.0,0.0,0.0,0.0,989.3114182281486,84.50791561242143,0.0,275.6783535359547,-4.099184934335843,0.0,0.0,0.0,0.0,0.0,856.4954006341887,0.0,2.8730210968946457,1000.0,0.0,0.0,0.0,-78.46107913197062,265.6250000000002,-265.6250000000002,0.0,0.0,0.0,0.0,0.0,0.0,0.0,580.2122053471753,-588.8312686378594,70.1017147642293,0.0,0.0,0.0,0.0,0.0,0.0,0.0,0.0,0.0,1.8502255864016846,0.0,0.0,0.0,-4.633772597705788,-965.0478227788911,0.0,17.23812658136786,34.17019174065432,0.0,0.0,0.0,19.395328176068812,0.0,0.0,0.06320646413155068,0.0,0.0,0.0,35.05085738211465,0.0,0.0,0.0,0.0,256.8411343770664,0.0,219.27022430140013,0.0,0.0,0.0,0.0,0.0,0.0,0.0,0.0,0.0057460421937892865,0.0057460421937892865,0.0,0.0,0.0,0.0,0.0,0.0,0.0,0.0,0.0,0.0,0.0,0.0,0.0,0.0,0.0,575.9026737018334,0.0,0.0,0.0,0.0,0.0,0.0,0.0,763.4493641953999,0.0,0.0,0.0,68.34038348130863,334.38120485630054,0.0,-677.1804255131914,0.0,0.0,0.0,34.47625316273572,0.0,0.0,0.0,0.0,0.0,0.0,-34.47625316273572,0.0,68.34038348130863,0.0,0.0,0.0,0.0,0.0,0.0,0.0,0.0,0.0,0.0,-905.3190860998917,-1000.0,39.36038902745661,0.0,-17.23812658136786,0.0,241.7012885654944,0.0,0.0,0.0,0.0,0.0,0.0,0.0,0.0,0.0,0.0,0.0,0.0,0.0,0.0,0.0,0.0,0.0,-7.182552742236611,0.0,-4.309531645341965,584.5217369925173,0.0,0.0,0.0,0.0,0.0,-740.4444353576732,739.7261800834495,10.120695650661986,0.0,0.0,0.0,0.0,0.0,0.0,0.0,1000.0,17.23812658136786,17.23812658136786,0.0,0.0,0.0,0.0,0.0,0.06320646413155068,575.9026737018334,0.0,0.0,-241.7012885654944,0.0,0.0,0.0,0.0,0.0,0.0,0.0,0.0,0.0,0.0,0.0,0.0,0.0,0.0,0.0,0.0,0.0,17.812730800746788,0.0,60.33344303478752,38.59464422987207,0.0,0.0,0.0,0.0,0.0,575.9026737018334,0.0,211.31965397794474,0.0,0.0,0.0,-7.182552742236611,0.0,0.0,0.0,0.0,0.0,0.0,0.0,0.0,0.0,0.0,0.0,0.0,0.0,0.0,0.0,0.0,0.0,0.0,-0.05746042193789286,0.0,0.0,2.873021096894643,-303.06661923577747,0.0,0.0,0.0,0.0,0.0,0.0,0.0,0.0,4.947342328852443,1.4365105484473215,0.0,0.0,0.0,0.05746042193789286,0.0,57.46042193789286,0.0,11.492084387578572,0.4104315852706633,195.94003880821467,-0.043095316453419644,2.873021096894643,1.1492084387578572,-0.28730210968950587,-195.94003880821467,17.238126581367858,-0.05746042193789286,1.3663949781119475,68.50791561242143,0.014365105484473215,0.4104315852706633,-4.099184934335843,-43.3178909131684,-1.1492084387578572,-348.7701699280451,-0.05746042193789286,0.014365105484473215,-195.94003880821467,5.746042193789286,0.05746042193789286,0.05746042193789286,-575.7820068157639,-34.106985276522636,0.0,-0.043095316453419644,17.23812658136786,0.05746042193789286,17.23812658136786,-28.730210968946434,-0.02873021096894643,-118.21666974789778,-85.0,-0.043095316453419644,-0.05746042193789286,0.0,0.05746042193789286,5.746042193789265,-1.1492084387578572,79.19649738427282,79.19649738427282,-5.746042193789286,348.7701699280451,-79.19649738427282,11.492084387578572,0.08619063290683929,-1000.0,5.746042193789286,-146.50057039563407,68.50791561242143,-11.492084387578572,0.02873021096894643,0.5746042193789287,144.09288519351367,96.0,-0.05746042193789286,-588.8312686378594,575.7820068157639,17.812730800746788,0.05746042193789286,43.3178909131684,-0.44459071305004727,68.50791561242143,-0.05746042193789286,-0.014365105484473215,-68.50791561242143,-0.05746042193789286,-201.83765442923493,0.05746042193912687,-0.014365105484473215,-0.014365105484473215,-0.014365105484473215,22.984168775157144,28.730210968946434,0.5746042193789287,214.73224056973464,-0.014365105484473215,286.8193754089154,2.873021096894643,-5.8432638391879586,0.05746042193789286,0.02873021096894643,0.02873021096894643,40.0,0.0,0.05746042193789286,0.0,0.5746042193789287,0.05746042193789286,-559.0547415027277,0.05746042193789286,0.22984168775155922,0.28730210968950587,0.02873021096894643,0.014365105484473215,17.23812658136786,-0.05746042193789286,0.0,0.5746042193789286,-429.4644811394693,1.4365105484473224,-5.746042193789265,11.492084387578572,2.873021096894643,-0.05746042193789286,4.099184934335843,0.08619063290683929,-0.05746042193789286,-80.0,0.0,55.83571393411435,0.02873021096894643,11.686527678375917,-0.05746042193789286,-0.05746042193912687,-0.05746042193789286,0.02873021096894643,195.94003880821467,-11.492084387578572,0.05746042193789286,288.18577038702733,-0.014365105484473215,34.106985276522636,-288.18577038702733,8.619063290683929,85.0,624.181231675376,195.94003880821467,-0.043095316453419644,588.8312686378594,-96.0,0.05746042193789286,-0.014365105484473215,2.8730210968946457,57.46042193789286,-0.02873021096894643,-0.05746042193789286,0.014365105484473215,0.0,0.0,299.2210380831297,344.322500932993,-46.0,0.0,718.3244712613748,-31.0,0.0,-32.0,-93.0,-65.0,-700.7502317059013,16.0,23.0,46.5,0.0,15.5,-575.9026737018334,-75.23104211018317,700.7502317059013,65.0,-75.23104211018317,-718.3244712613748,356.5115098903178,0.0,1496.5981,hclb
449,0.0,0.0,0.0,0.0,0.0,0.0,0.0,0.0,-0.07112135960671782,0.0,0.0,0.0,0.0,0.0,0.0,0.0,820.9723669913303,0.0,0.0,-671.3960867062216,0.0,0.0,0.0,0.0,0.0,0.0,0.0,0.0,0.0,-820.9723669913303,0.0,0.0,12.586996331105244,0.0,0.0,0.0,0.0,999.7155145615733,0.0,-1000.0,1000.0,0.0,0.0,249.14788600379097,0.0,0.0,304.8015530304675,0.0,0.0,-317.9866745081957,0.0,0.0,0.0,0.07823349556770154,0.0,0.0,0.0,14.224271921343563,0.0,0.0,-3.0319035983284692,0.0,-75.75633101090395,-105.9746142145173,0.0,0.0,0.0,0.0,89.16908018039081,357.0479477729664,0.0,0.7112135960671786,0.0,0.0,0.0,0.0,0.0,0.0,0.0,0.0,0.0,0.0,583.0893565888775,0.0,42.672815764030695,0.0,5.830609064058087,-260.96324423026147,410.4328424759601,-820.8656849519202,279.3003439704256,0.0,0.0,-301.3569632820168,21.336407882015347,0.0,21.336407882015347,-2.2901077793376317,0.0,0.0,583.0893565888775,3.5560679803358908,-820.9723669913303,0.0,0.0,-16.84122162158598,147.02480295125292,0.0,0.0,0.0,0.0,0.0,0.0,0.0,0.0,0.0,0.0,0.0,0.0,0.0,0.0,0.0,0.0,0.0,-758.0882975931461,0.0,0.0,21.336407882015347,0.0,22.047621478082526,22.047621478082526,0.0,0.0,0.0,0.0,0.0,-985.2144133321191,0.0,0.0,958.0280337268342,0.0,0.0,0.0,0.0,0.0,-571.7824028351022,0.07112135960671782,279.3181243103273,0.0,0.0,0.0,-147.02480295125292,0.0,0.0,0.0,0.0,371.1497816194057,0.0,0.0,0.0,0.0,0.0,580.6784462430073,580.6784462430073,0.0,0.0,0.0,140.59374999999997,0.0,0.0,0.0,580.7495676026141,0.0,0.0,0.0,0.0,0.0,0.0,0.0,0.0,0.0,0.0,0.0,0.0,0.0,0.0,-435.8538975075771,0.0,0.0,0.0,0.0,-352.1141156387314,0.0,0.0,0.0,0.0,0.0,317.9866745081957,0.0,410.4328424759601,-410.4328424759601,0.0,0.0,0.0,0.0,0.0,0.0,0.0,0.0,-958.1144418721833,0.0,0.0,0.0,0.0,0.0,0.0,0.0,0.0,0.0,0.0,0.0,0.0,0.0,225.9780924324629,-14.551456157312874,0.0,0.0,0.0,0.0,0.0,77.8167426797215,0.0,0.0,0.0,0.0,-3.0319035983284692,-249.14788600379097,0.0,0.0,326.34612826769217,0.0,0.0,0.0,0.0,0.0,0.0,0.0,0.0,0.0,0.0,0.0,149.46959824569865,0.0,0.0,0.0,0.0,27.186379605284884,-7.254378679885217,0.0,0.0,0.0,139.84805849460986,0.0,0.0,-1000.0,0.0,0.0,-1000.0,0.0,0.0,820.8656849519202,0.0,0.0,317.9866745081957,0.0,164.7070935791863,0.0,0.0,0.0,199.6031830776117,0.0,-199.6031830776117,0.0,867.9170507216938,27.186379605284884,0.0,0.0,140.59375,0.0,0.0,-3.0319035983284692,-0.10668203941007673,0.0,0.0,0.0,0.0,0.07112135960671782,0.0,0.0,0.0,252.96096507699454,820.9723669913303,0.0,-828.0610907671368,164.09728449794858,0.0,928.374300198074,0.0,0.0,0.0,-16.84122162158598,0.0,0.0,0.0,-6.123549062138716,6.123549062138716,0.0,-1000.0,-1000.0,0.0,0.0,0.0,0.0,0.0,0.0,0.0,0.0,0.0,0.0,0.0,0.0,0.0,0.0,0.0,0.0,326.34612826769217,0.0,0.0,-1000.0,0.0,0.0,0.0,0.0,0.0,0.0,571.7824028351022,0.0,0.0,0.0,0.0,0.0,0.0,0.0,-297.6357506767987,221.37423267567058,-95.29262924252953,-810.4107995036545,0.0,0.0,-95.76491071044556,0.0,294.0796826964628,16.537799144990487,-223.15226666583854,-3.5560679803358908,0.0,0.0,-431.36498330409063,0.0,1000.0,21.336407882015347,0.0,0.0,0.0,0.0,0.0,0.0,225.9780924324629,0.0,0.0,0.0,95.61694970024243,0.0,223.01963169748856,0.0,0.0,0.0,0.0,0.0,0.0,-21.588968673825647,0.0,0.0,92.96210768394133,0.0,0.0,0.0,0.0,-35.88786403932822,0.1422427192134137,0.0,0.0,0.0,0.0,0.0,0.0,0.0,0.0,0.0,0.0,0.0,0.0,0.0,0.0,0.0,0.0,0.0,0.0,0.0,0.07823349556770154,0.07823349556770154,0.0,307.75382051111933,0.0,42.672815764030695,0.0,0.0,0.0,1000.0,0.0,0.0,5.830609064058087,0.0,0.0,564.9706559890712,-1000.0,0.0,0.0,448.75715458077804,0.0,0.0,92.96210768394133,0.0,0.0,0.0,0.0,0.0,0.0,0.0,252.69609919771537,-252.96096507699454,0.0,0.0,11.30695375377531,0.0,0.0,-301.35696328201675,-379.1737059617383,0.0,564.9706559890712,0.0,0.0,529.0827919497431,0.0,0.0,225.9780924324629,0.0,0.0,0.0,0.0,0.0,0.0,0.0,0.0,0.0,0.0,0.0,0.0,0.0,42.672815764030695,27.186379605284856,27.186379605284884,0.0,0.0,0.0,0.0,0.0,0.0,0.0,0.0,0.0,0.0,0.7112135960671786,0.0,0.0,5.830609064058087,-5.830609064058087,0.0,0.0,0.0,0.0,21.336407882015347,-448.75715458077804,0.0,0.0,0.0,0.0,0.0,0.0,0.0,0.0,0.0,0.0,0.0,0.0,21.336407882015347,21.336407882015347,1000.0,-1000.0,0.0,92.96210768394133,0.0,0.0,0.0,0.0,0.0,820.9723669913303,0.0,1000.0,0.07112135960671782,0.0,0.0,0.0,5.735429642570315,0.0,0.0,301.3569632820168,0.0,-27.186379605284884,0.0,0.0,0.0,0.0,0.0,0.0,0.0,0.0,0.0,0.0,0.0,0.0,0.07112135960671782,0.0,0.0,0.0,-801.3795673651089,801.3795673651089,0.0,0.0,0.0,0.0,0.0,571.7824028351022,0.0,0.0,-1000.0,-5.334101970503836,-3.5560679803359108,0.0,0.0,0.0,0.0,0.0,0.0,0.0,0.0,0.0,0.0,0.0,0.0,27.186379605284856,0.0,0.0,0.0,572.1910846762453,0.0,0.0,0.0,-0.07112135960671782,0.0,0.0,0.07112135960671782,0.0,0.07112135960671782,0.0,419.0306483480723,0.0,42.672815764030695,86.76805872019574,86.76805872019574,0.0,0.0,0.0,0.0,0.0,0.0,0.0,0.0,0.0,0.0,0.0,0.0,0.0,0.0,0.0,0.0,0.0,0.0,0.0,0.0,0.0,0.0,0.0,0.0,0.0,0.0,0.0,77.8167426797215,0.0,0.0,0.0,0.10668203941007673,0.0,0.0,0.0,-21.336407882015347,0.0,0.0,0.0,0.0,0.0,-307.75382051111933,3.5560679803358908,0.0,0.0,0.0,-140.59374999999997,0.0,428.2175971648978,0.0,0.0,0.0,0.0,0.0,0.0,0.0,0.0,27.186379605284856,0.0,448.75715458077804,-3.727665834164803,81.77572807865644,0.0,50.775728078656435,-16.84122162158598,0.0,1000.0,0.0,-1000.0,0.0,-94.02243740008096,0.0,3.5560679803359108,1000.0,0.0,0.0,0.0,-33.25018680194182,0.0,0.0,-46.87500000000004,46.87500000000004,0.0,0.0,0.0,0.0,0.0,425.18569356656934,0.0,86.76805872019574,0.0,0.0,0.0,0.0,0.0,0.0,0.0,0.0,0.0,0.0,0.0,0.0,323.75612642263087,-5.735429642570315,0.0,0.0,21.336407882015347,5.830609064058087,0.0,0.0,0.0,175.42448607671867,0.0,0.0,0.07823349556770154,0.0,0.0,0.0,43.38402936009787,0.0,0.0,0.0,0.0,-14.551456157312874,0.0,147.02480295125292,0.0,0.0,0.0,0.0,0.0,0.0,-18.87303083838458,0.0,175.2377552362612,0.007112135960671839,0.0,0.0,0.0,0.0,0.0,0.0,0.0,0.0,0.0,0.0,0.0,0.0,0.0,0.0,0.0,307.75382051111933,0.0,0.0,0.0,0.0,0.0,0.0,0.0,317.9866745081957,0.0,0.0,0.0,11.661218128116174,0.0,970.548647276439,0.0,0.0,0.0,0.0,42.672815764030695,0.0,0.0,0.0,0.0,0.0,0.0,-42.672815764030695,0.0,11.661218128116174,0.0,0.0,0.0,0.0,0.0,0.0,0.0,0.0,0.0,0.0,-1000.0,-1000.0,48.71813133060171,0.0,-21.336407882015347,0.0,999.7155145615733,0.0,0.0,0.0,0.0,0.0,0.0,0.0,0.0,0.0,539.0624999999999,0.0,-539.0625,-539.0624999999999,0.0,0.0,0.0,0.0,-8.890169950839747,27.186379605284884,-5.334101970503836,-5.3341019705037525,0.0,0.0,0.0,0.0,0.0,-0.8890169950839731,0.0,21.588968673825647,0.0,0.0,0.0,0.0,0.0,0.0,0.0,1000.0,21.336407882015347,21.336407882015347,0.0,0.0,0.0,0.0,0.0,0.07823349556770154,307.75382051111933,0.0,0.0,-999.7155145615733,175.2306431003005,0.0,0.0,0.0,0.0,0.0,0.0,0.0,0.0,0.0,0.0,0.0,0.0,0.0,209.51532417403615,0.0,0.0,22.047621478082526,0.0,74.67742758705371,11.30695375377531,0.0,0.0,0.0,0.0,0.0,307.75382051111933,0.0,-434.0637729245713,0.0,0.0,0.0,-8.890169950839747,0.0,0.0,0.0,0.0,0.0,0.0,0.0,0.0,0.0,0.0,0.0,0.0,0.0,0.0,0.0,0.0,0.0,0.0,-0.07112135960671782,0.0,0.0,3.5560679803358908,-564.9706559890712,0.0,0.0,0.0,0.0,27.186379605284884,0.0,0.0,0.0,6.123549062138716,1.7780339901679454,0.0,0.0,0.0,0.07112135960671782,0.0,71.12135960671782,0.0,14.224271921343565,0.5080097114765558,242.5238362589078,-0.053341019705038364,3.556067980335854,1.4224271921343563,-0.35560679803343154,-242.5238362589078,21.336407882015347,-0.07112135960671782,5.61374054052866,92.96210768394133,0.017780339901679456,0.5080097114765558,-16.84122162158598,-17.153129513448903,-1.4224271921343563,-149.57628028510874,-0.07112135960671782,0.017780339901679456,-242.5238362589078,7.1121359606717816,0.07112135960671782,0.07112135960671782,-307.6044656559449,-5.752375568490681,-14.792417127261508,-0.053341019705038364,21.336407882015347,0.07112135960671782,21.336407882015347,-35.56067980335891,-0.03556067980335891,-322.6749212489722,-85.0,-0.053341019705038364,-0.07112135960671782,0.0,0.07112135960671782,7.1121359606717816,-1.4224271921343563,77.8167426797215,77.8167426797215,-7.1121359606717816,149.57628028510874,-77.8167426797215,14.224271921343563,0.10668203941007673,635.3842741951914,7.1121359606717816,-252.69609919771537,92.96210768394133,-14.224271921343563,0.03556067980335891,0.7112135960671786,207.0152726917842,96.0,-0.07112135960671782,-323.75612642263087,307.6044656559449,22.047621478082526,0.07112135960671782,17.153129513448903,7.6164761558798775,92.96210768394133,-0.07112135960671782,-0.017780339901679456,-92.96210768394133,-0.07112135960671782,-182.91266699058116,0.07112135960671782,-0.017780339901679456,-0.017780339901679456,-0.017780339901679456,28.448543842687126,35.56067980335891,0.7112135960671786,52.692037298627696,-0.017780339901679456,408.4168048430397,3.5560679803358908,21.5,0.07112135960671782,0.03556067980335891,0.03556067980335891,40.0,0.0,0.07112135960671782,0.0,0.7112135960671786,0.07112135960671782,-52.692037298627696,0.07112135960671782,0.2844854384267137,0.35560679803343154,0.03556067980335891,0.017780339901679456,21.336407882015347,-0.07112135960671782,14.792417127261508,0.7112135960671782,-105.38407459725539,1.778033990167982,-7.1121359606717816,14.224271921343563,3.5560679803358908,-0.07112135960671782,16.84122162158598,0.10668203941007673,-0.07112135960671782,-80.0,0.0,-92.01033362725784,0.03556067980335891,-43.0,-0.07112135960671782,-0.07112135960671782,-0.07112135960671782,0.03556067980335891,242.5238362589078,-14.224271921343563,0.07112135960671782,414.0305453835684,-0.017780339901679456,5.752375568490681,-414.0305453835684,10.668203941007672,85.0,-531.7956038393097,242.5238362589078,-0.053341019705038364,323.75612642263087,-96.0,0.07112135960671782,-0.017780339901679452,3.5560679803359108,71.12135960671782,-0.03556067980335891,-0.07112135960671782,0.017780339901679456,0.0,0.0,-635.4198348749948,0.0,-46.0,0.0,-108.0,-31.0,0.0,-32.0,-93.0,-65.0,0.0,16.0,23.0,46.5,0.0,15.5,-307.75382051111933,-83.41415244946083,0.0,65.0,-83.41415244946083,108.0,-61.36430605827583,0.0,1496.5981,hclb
450,0.0,0.0,0.0,0.0,0.0,0.0,0.0,0.0,-0.07868437811996415,0.0,0.0,0.0,0.0,0.0,0.0,0.0,-1000.0,0.0,0.0,733.7023297784307,0.0,0.0,0.0,367.15794478067204,0.0,0.0,0.0,0.0,0.0,-366.5385844565816,0.0,0.0,24.831743064118744,0.0,0.0,0.0,0.0,0.0,0.0,-1000.0,1000.0,0.0,0.0,331.65840863998653,0.0,0.0,0.0,50.49303461889363,1000.0,-114.79098723365357,0.0,-366.5385844565816,0.0,0.08655281593200925,0.0,0.0,0.0,66.22991024288646,0.0,0.0,-6.929470899764901,0.0,6.929470899764901,0.0,339.30900503535213,0.0,0.0,0.0,732.9453721156037,-732.9453721156037,0.0,0.7868437811996416,0.0,0.0,0.0,0.0,0.0,0.0,0.0,0.0,0.0,0.0,0.0,0.0,47.21062687197849,0.0,0.0,-645.009684184339,534.8033556735367,1000.0,-0.019671094529991037,0.0,0.0,-909.3012318785502,23.605313435989245,0.0,23.605313435989245,0.0,0.0,0.0,0.0,3.9342189059982076,-809.8084701613521,0.0,0.0,-4.429332179430002,0.0,381.6182886828385,0.0,0.0,0.0,0.0,0.0,0.0,0.0,0.0,0.0,0.0,0.0,0.0,0.0,0.0,0.0,0.0,-532.6320043717815,0.0,0.0,23.605313435989245,0.0,24.39215721718889,24.39215721718889,0.0,0.0,0.0,0.0,0.0,0.0,0.0,0.0,0.0,0.0,0.0,0.0,0.0,0.0,6.058697115237237,0.07868437811996415,0.0,0.0,0.0,0.0,-629.4008675146201,0.0,0.0,90.29562927863859,0.0,517.477680531821,0.0,0.0,0.0,0.0,0.0,134.69854013576642,134.69854013576642,0.0,0.0,0.0,171.78125,-142.37091460881504,0.0,0.0,134.77722451388638,0.0,0.0,0.0,0.0,0.0,0.0,0.0,0.0,0.0,0.0,0.0,0.0,0.0,0.0,-104.07588670004843,0.0,0.0,0.0,0.0,-1000.0,0.0,0.0,0.0,0.0,0.0,114.79098723365357,366.5385844565816,-534.8033556735367,534.8033556735367,0.0,0.0,0.0,0.0,0.0,0.0,0.0,443.26988570477056,-331.17155537436815,0.0,0.0,0.0,0.0,0.0,0.0,0.0,0.0,0.0,0.0,0.0,0.0,0.0,321.33588612851383,617.8746187626057,0.0,0.0,0.0,0.0,0.0,77.05287780988363,0.0,0.0,0.0,0.0,-6.929470899764901,-331.65840863998653,0.0,0.0,0.0,0.0,0.0,0.0,0.0,0.0,458.6516299894087,0.0,0.0,0.0,-69.60671134707331,1000.0,186.72554459870594,0.0,0.0,0.0,0.0,0.0,0.0,0.0,0.0,0.0,-172.1695231437489,0.0,0.0,-1000.0,-1000.0,-16.365457327238573,-983.6345426727614,983.6345426727614,0.0,0.0,0.0,-522.6299261673485,114.79098723365357,0.0,191.26085157919414,0.0,0.0,0.0,0.0,0.0,0.0,0.0,329.14862515089544,0.0,0.0,508.38230752582075,171.78125,0.0,0.0,-6.929470899764901,-0.11802656717994622,0.0,0.0,0.0,0.0,0.07868437811996415,0.0,0.0,0.0,440.6901787647184,-1000.0,0.0,-1000.0,776.5408884439516,0.0,959.342189059982,0.0,445.21924273074,0.0,-4.429332179430002,0.0,0.0,0.0,-6.774724956128962,-438.44451777461103,0.0,-345.51735043951635,-1000.0,0.0,0.0,0.0,0.0,0.0,0.0,0.0,0.0,0.0,0.0,0.0,0.0,0.0,0.0,0.0,0.0,0.0,-999.6852624875196,0.0,-1000.0,0.0,0.0,456.11799301394603,0.0,0.0,0.0,-464.71032710464596,0.0,0.0,0.0,0.0,0.0,550.3657649784714,-234.375,0.0,206.8683625194764,-844.866619319464,0.0,0.0,95.44711730251709,-201.3956324410488,234.375,-3.9342189059982076,-74.1133531643278,-208.8354719724755,-3.9342189059982076,0.0,0.0,392.1250399267939,0.0,0.0,23.605313435989245,0.0,0.0,0.0,0.0,0.0,0.0,0.0,-321.33588612851383,321.33588612851383,321.33588612851383,81.69245655543718,0.0,0.0,-194.52876939324898,0.0,0.0,443.26988570477056,0.0,0.0,-13.858941799529802,0.0,0.0,64.26312437600717,0.0,0.0,0.0,0.0,-35.131562188003585,0.15736875624020286,0.0,0.0,0.0,0.0,0.0,0.0,0.0,0.0,0.0,0.0,0.0,0.0,0.0,0.0,0.0,0.0,0.0,0.0,0.0,0.08655281593200925,0.08655281593200925,0.0,401.599010504521,0.0,47.21062687197849,0.0,0.0,0.0,1000.0,0.0,0.0,0.0,0.0,0.0,622.5302179126397,-1000.0,0.0,0.0,0.0,0.0,0.0,64.26312437600717,0.0,0.0,0.0,0.0,0.0,0.0,0.0,177.5440014572605,-440.6901787647184,629.4008675146201,0.0,6.058697115237237,0.0,-909.3012318785502,0.0,-77.05287780988363,0.0,622.5302179126397,0.0,587.3986557246361,0.0,0.0,0.0,321.33588612851383,0.0,0.0,0.0,0.0,0.0,0.0,0.0,0.0,0.0,0.0,0.0,0.0,0.0,47.21062687197849,0.0,0.0,0.0,0.0,0.0,0.0,0.0,0.0,0.0,0.0,0.0,0.0,0.7868437811996416,0.0,0.0,0.0,0.0,0.0,366.5385844565816,0.0,0.0,23.605313435989245,0.0,0.0,0.0,0.0,0.0,0.0,0.0,0.0,0.0,0.0,-6.4345373339301535,0.0,0.0,23.605313435989245,23.605313435989245,1000.0,-1000.0,0.0,64.26312437600717,0.0,0.0,0.0,0.0,0.0,155.32582060086852,443.26988570477056,0.0,0.07868437811996415,0.0,0.0,-617.1875000001227,623.5328330642254,0.0,0.0,909.3012318785502,0.0,0.0,0.0,0.0,0.0,0.0,0.0,0.0,0.0,0.0,0.0,0.0,0.0,0.0,0.07868437811996415,0.0,0.0,0.0,0.0,0.0,0.0,0.0,0.0,0.0,0.0,345.69753754489824,-90.29562927863859,0.0,-354.60460914807857,-5.901328358997311,-3.9342189059982076,0.0,0.0,0.0,0.0,0.0,0.0,0.0,0.0,0.0,0.0,0.0,0.0,0.0,0.0,0.0,0.0,396.05925883279207,0.0,0.0,0.0,-0.07868437811996415,0.0,0.0,0.07868437811996415,0.0,0.07868437811996415,0.0,0.0,0.0,47.21062687197849,95.99494130635625,95.99494130635625,0.0,0.0,0.0,0.0,0.0,0.0,0.0,629.4008675146201,0.0,443.26988570477056,0.0,0.0,0.0,0.0,0.0,0.0,0.0,0.0,0.0,0.0,0.0,0.0,0.0,0.0,0.0,0.0,0.0,77.05287780988363,0.0,0.0,0.0,0.11802656717994622,0.0,0.0,0.0,-23.605313435989245,0.0,0.0,0.0,0.0,0.0,-401.599010504521,3.9342189059982076,0.0,0.0,0.0,-171.78125,142.37091460881504,0.0,0.0,0.0,0.0,0.0,0.0,0.0,0.0,0.0,0.0,0.0,0.0,-19.224290767806547,80.26312437600717,0.0,678.6639918906274,-4.429332179430006,354.28987163559816,-464.71032710464596,0.0,110.4204554690478,90.29562927863859,-95.99494130635628,0.0,3.9342189059982076,645.4009815645685,0.0,0.0,0.0,-13.858941799529802,0.0,0.0,0.0,0.0,0.0,0.0,0.0,0.0,0.0,511.5762255635667,-419.30299558151273,95.99494130635625,0.0,-515.625,-515.625,515.625,0.0,0.0,0.0,0.0,0.0,458.6516299894087,0.0,0.0,0.0,-6.345333064102809,0.0,0.0,23.605313435989245,0.0,0.0,0.0,0.0,297.18372276092003,0.0,0.0,0.08655281593200925,0.0,0.0,0.0,47.997470653178134,0.0,0.0,0.0,0.0,617.8746187626057,0.0,0.0,0.0,0.0,0.0,0.0,0.0,0.0,0.0,0.0,0.007868437811996198,0.007868437811996198,0.0,0.0,0.0,0.0,0.0,0.0,0.0,0.0,0.0,-617.1875000001227,0.0,0.0,0.0,0.0,0.0,401.599010504521,0.0,0.0,0.0,0.0,0.0,0.0,0.0,114.79098723365357,0.0,0.0,0.0,0.0,-422.3890119323362,0.0,0.0,0.0,0.0,0.0,47.21062687197849,0.0,0.0,0.0,0.0,0.0,0.0,-47.21062687197849,0.0,0.0,0.0,0.0,0.0,0.0,0.0,0.0,0.0,0.0,0.0,0.0,0.0,-1000.0,53.89879901217544,0.0,-23.605313435989245,0.0,0.0,0.0,0.0,0.0,0.0,0.0,0.0,0.0,0.0,0.0,0.0,0.0,0.0,0.0,0.0,0.0,0.0,0.0,-9.835547264995519,0.0,-5.901328358997311,413.40166722251564,0.0,0.0,0.0,0.0,0.0,-0.9835547264995521,0.0,104.15457107816839,0.0,0.0,0.0,0.0,0.0,0.0,0.0,1000.0,23.605313435989245,23.605313435989245,0.0,0.0,0.0,0.0,0.0,0.08655281593200925,401.599010504521,0.0,0.0,0.0,0.0,0.0,0.0,0.0,0.0,0.0,0.0,0.0,0.0,0.0,0.0,0.0,0.0,0.0,0.0,0.0,0.0,24.39215721718889,0.0,82.61859702596236,6.058697115237237,0.0,0.0,0.0,0.0,0.0,401.599010504521,0.0,452.18377410794784,0.0,0.0,0.0,-9.835547264995519,0.0,0.0,0.0,0.0,0.0,0.0,0.0,0.0,0.0,0.0,0.0,0.0,0.0,0.0,0.0,0.0,0.0,0.0,-0.07868437811996415,0.0,0.0,3.9342189059982076,-622.5302179126397,0.0,0.0,0.0,0.0,0.0,0.0,0.0,0.0,6.774724956128962,1.9671094529991038,0.0,0.0,0.0,0.07868437811996415,0.0,78.68437811996415,0.0,15.73687562399283,0.5620312722854582,268.31372938907776,-0.05901328358997311,3.9342189059982076,1.5736875623992832,-0.39342189060039345,-268.31372938907776,23.605313435989245,-0.07868437811996415,1.4764440598100006,64.26312437600717,0.019671094529991037,0.5620312722854582,-4.429332179430002,-12.526552996698115,-1.5736875623993,266.2976702215693,-0.07868437811996415,0.019671094529991037,-268.31372938907776,7.868437811996415,0.07868437811996415,0.07868437811996415,-401.433773310469,0.08655281593196035,-51.10464089326233,-0.05901328358997311,23.605313435989245,0.07868437811996415,23.605313435989245,-39.342189059982076,-0.039342189059982074,-457.5143752796986,-85.0,-0.05901328358997311,-0.07868437811996415,0.0,0.07868437811996415,7.868437811996415,-1.5736875623992832,77.05287780988363,77.05287780988363,-7.868437811996415,-266.2976702215693,-77.05287780988363,15.73687562399283,0.11802656717994622,-710.747283789163,7.868437811996415,-177.5440014572605,64.26312437600717,-15.73687562399283,0.039342189059982074,0.7868437811996416,250.0,96.0,-0.07868437811996415,-419.30299558151273,401.433773310469,24.39215721718889,0.07868437811996415,12.526552996698115,-30.158129367949726,64.26312437600717,-0.07868437811996415,-0.019671094529991037,-64.26312437600717,-0.07868437811996415,-35.131562188003585,0.07868437811998774,-0.019671094529991037,-0.019671094529991037,-0.019671094529991037,31.47375124798566,39.342189059982076,0.7868437811996416,93.03963102957198,-0.019671094529991037,498.52355594019,3.9342189059982076,21.5,0.07868437811996415,0.039342189059982074,0.039342189059982074,40.0,0.0,0.07868437811996415,0.0,0.7868437811996416,0.07868437811996415,-162.5283158094653,0.07868437811996415,0.3147375124804057,0.39342189060039345,0.039342189059982074,0.019671094529991037,23.605313435989245,-0.07868437811996415,51.10464089326233,0.78684378119965,-186.07926205914396,1.9671094529991038,-7.868437811996415,15.73687562399283,3.9342189059982076,-0.07868437811996415,4.429332179430002,0.11802656717994622,-0.07868437811996415,-80.0,0.0,-148.50705015350815,0.039342189059982074,-43.0,-0.07868437811996415,-0.07868437811998774,-0.07868437811996415,0.039342189059982074,268.31372938907776,-15.73687562399283,0.07868437811996415,500.0,-0.019671094529991037,-0.08655281593196035,-500.0,11.802656717994621,85.0,505.7044450906478,268.31372938907776,-0.05901328358997311,419.30299558151273,-96.0,0.07868437811996415,-0.019671094529991037,3.9342189059982076,78.68437811996415,-0.039342189059982074,-0.07868437811996415,0.019671094529991037,0.0,0.0,-289.292058399897,69.48868477989333,-46.0,0.0,-108.0,-31.0,0.0,-32.0,-93.0,-65.0,-1000.0,16.0,23.0,46.5,0.0,15.5,-401.599010504521,-148.6766726074119,1000.0,65.0,-148.6766726074119,108.0,-42.855154222023344,0.0,1496.5981,hclb
451,0.0,0.0,0.0,0.0,0.0,0.0,0.0,0.0,381.59780584834186,0.0,0.0,0.0,0.0,0.0,0.0,0.0,-1000.0,382.8762899243403,0.0,1000.0,0.0,0.0,0.0,654.2483968297232,0.0,0.0,0.0,0.0,0.0,-644.8172725398156,0.0,0.0,30.55678104175675,0.0,0.0,0.0,0.0,999.9197793740739,0.0,-296.3348689774618,993.9834530555205,0.0,0.0,1000.0,0.0,0.0,0.0,0.0,736.4602181545815,-160.81539052812798,0.0,91.64294561476584,0.0,0.022060672129683212,0.0,0.0,0.0,0.0,0.0,0.0,-305.4376806042553,0.0,0.0,-305.4376806042553,0.0,0.0,0.0,0.0,0.0,0.0,0.0,0.20055156481598463,0.0,0.0,0.0,0.0,0.0,0.0,0.0,0.0,0.0,0.0,0.0,0.0,12.033093888959078,0.0,303.67148982344276,0.0,112.41648259850471,1000.0,-0.005013789120399616,0.0,0.0,0.0,6.016546944479539,0.0,6.016546944479539,0.0,0.0,0.0,0.0,1.002757824079923,-886.1520171550995,0.0,0.0,0.0,0.0,0.0,0.0,0.0,0.0,0.0,0.0,0.0,0.0,0.0,0.0,0.0,0.0,0.0,0.0,0.0,0.0,0.0,-273.7984482892241,0.0,0.0,6.016546944479539,0.0,6.217098509295523,0.0,0.0,82.97442919535855,-82.97442919535855,0.0,0.0,-708.11164487955,890.6250000000615,-890.6250000000615,708.11164487955,0.0,0.0,0.0,0.0,0.0,305.21573687252584,0.02005515648159846,0.0,0.0,0.0,0.0,0.0,0.0,0.0,0.0,0.0,148.16115116547712,0.0,0.0,0.0,0.0,0.0,605.4444637919656,605.4444637919656,0.0,0.0,0.0,0.0,-128.03418986403233,0.0,0.0,605.4645189484472,0.0,0.0,0.0,-729.2568584321907,-980.5417123385553,0.0,0.0,0.0,0.0,0.0,0.0,0.0,0.0,0.0,-243.77323840713143,0.0,0.0,0.0,0.0,-1000.0,0.0,0.0,0.0,0.0,0.0,160.81539052812798,-91.64294561476584,-887.6136001362177,887.6136001362177,0.0,0.0,0.0,0.0,0.0,0.0,0.0,241.33474461528397,-941.5179258565195,0.0,0.0,0.0,0.0,0.0,0.0,0.0,0.0,0.0,0.0,0.0,0.0,0.0,215.36301851645862,13.48209045459257,1000.0,0.0,0.0,0.0,0.0,82.97442919535855,0.0,0.0,0.0,0.0,-305.4376806042553,0.0,0.0,0.0,0.0,0.0,0.0,0.0,0.0,0.0,567.5397491263648,4.011031296319692,0.0,0.0,-0.03008273472239769,1000.0,-242.79632759640197,0.0,-1000.0,0.0,0.0,0.0,-660.3050540871659,0.0,0.0,0.0,-194.11664747603652,0.0,0.0,127.67858516194507,0.0,-97.4697112583918,-774.8517035796631,902.5302887416082,-1000.0,-775.197117537713,0.0,-149.55458275169298,160.81539052812798,0.0,-27.020542611698843,0.0,0.0,0.0,0.0,0.0,0.0,0.0,-305.5900608348443,0.0,0.0,-986.5776865251933,0.0,0.0,0.0,-305.4376806042553,-0.03008273472239769,0.0,0.0,0.0,0.0,0.02005515648159846,0.0,0.0,0.0,343.4692747337972,-1000.0,0.0,-431.398359594028,73.50040642980753,980.5417123385553,1000.0,0.0,0.0,0.0,0.0,0.0,0.0,0.0,567.2836061327854,432.7163938672146,-1000.0,-1000.0,-1000.0,0.0,0.0,0.0,0.0,0.0,0.0,0.0,0.0,0.0,0.0,0.0,0.0,0.0,0.0,0.0,0.0,0.0,790.1384383697556,0.0,-209.8615616302444,0.0,0.0,566.8939730876576,0.0,0.0,71.09437369674224,-113.09661862680463,0.0,0.0,0.0,51.47096978960987,0.0,0.0,-984.375,469.0502674247355,-0.5013789120399615,-432.7163938672146,0.0,0.0,457.81710991870364,-105.30270301663677,984.375,-470.05302524881546,0.0,0.0,-1.002757824079923,-928.6893174260688,0.0,-106.64383913755404,613.4287148110217,334.942732039799,6.016546944479539,0.0,0.0,0.0,0.0,0.0,381.61786100482345,0.0,-215.36301851645862,215.36301851645862,215.36301851645862,-15.457475821071487,0.0,0.0,0.0,0.0,0.0,241.33474461528397,0.0,0.0,-3.5323815616251295,0.0,0.0,0.0,0.0,0.0,0.0,0.0,7.465543510113029,0.04011031296324594,0.0,0.0,0.0,0.0,0.0,0.0,0.0,0.0,0.0,0.0,0.0,0.0,0.0,0.0,0.0,0.0,0.0,0.0,0.0,0.022060672129683212,0.022060672129683212,0.0,304.8339621082731,0.0,12.033093888959078,0.0,0.0,0.0,1000.0,0.0,0.0,303.67148982344276,0.0,0.0,350.1851309582356,-1000.0,0.0,0.0,0.0,0.0,0.0,0.0,0.0,0.0,0.0,0.0,0.0,0.0,0.0,91.26614942974136,-343.4692747337972,0.0,0.0,305.21573687252584,0.0,0.0,0.0,-82.97442919535855,0.0,350.1851309582356,0.0,357.65067446834865,0.0,0.0,0.0,215.36301851645862,0.0,0.0,0.0,0.0,0.0,0.0,0.0,0.0,0.0,0.0,0.0,0.0,0.0,12.033093888959078,0.0,0.0,0.0,0.0,0.0,0.0,0.0,0.0,0.0,0.0,0.0,0.0,0.20055156481598463,0.0,0.0,303.67148982344276,-303.67148982344276,0.0,-91.64294561476584,0.0,0.0,6.016546944479539,0.0,0.0,0.0,0.0,0.0,0.0,0.0,0.0,0.0,0.0,0.0,0.0,0.0,6.016546944479539,6.016546944479539,1000.0,-1000.0,0.0,0.0,0.0,0.0,0.0,0.0,0.0,886.1520171550995,241.33474461528397,1000.0,0.02005515648159846,0.0,0.0,0.0,26.485699156305287,0.0,0.0,0.0,0.0,0.0,0.0,0.0,0.0,0.0,0.0,0.0,0.0,0.0,0.0,0.0,0.0,0.0,0.02005515648159846,0.0,0.0,0.0,-850.1300632710331,850.1300632710331,0.0,0.0,0.0,0.0,0.0,453.797354460853,0.0,0.0,-1000.0,-1.5041367361198847,0.0,-1.0027578240799238,0.0,0.0,0.0,0.0,0.0,0.0,0.0,0.0,0.0,0.0,0.0,0.0,980.5417123385553,0.0,0.0,229.30165072632488,0.0,0.0,0.0,381.59780584834186,0.0,0.0,0.02005515648159846,0.0,0.02005515648159846,0.0,0.0,0.0,12.033093888959078,24.467290907550122,24.467290907550122,0.0,0.0,0.0,0.0,0.0,0.0,0.0,0.0,0.0,241.33474461528397,0.0,0.0,0.0,569.010355105851,0.0,0.0,0.0,0.0,0.0,0.0,0.0,0.0,0.0,0.0,0.0,0.0,0.0,82.97442919535855,0.0,0.0,0.0,0.03008273472239769,0.0,0.0,0.0,-6.016546944479539,0.0,0.0,0.0,0.0,0.0,-304.8339621082731,1.002757824079923,0.0,0.0,0.0,0.0,128.03418986403233,0.0,-1.0027578240799238,0.0,0.0,0.0,0.0,0.0,0.0,0.0,0.0,0.0,0.0,0.0,89.47094359181447,0.0,60.98896870368031,0.0,0.0,-113.09661862680463,0.0,113.09661862680463,0.0,-684.772344994716,0.0,1.0027578240799238,1000.0,0.0,0.0,0.0,-610.8753612085106,0.0,0.0,0.0,0.0,0.0,-759.658867372086,0.0,0.0,0.0,550.1113372515244,-309.34637231663277,24.467290907550122,0.0,0.0,0.0,0.0,0.0,0.0,0.0,0.0,0.0,567.5397491263648,0.0,0.0,0.0,-26.485699156305287,181.36338845269745,0.0,6.016546944479539,303.67148982344276,0.0,0.0,0.0,81.443979449436,0.0,0.0,0.022060672129683212,0.0,0.0,0.0,12.233645453775061,0.0,0.0,0.0,0.0,13.48209045459257,0.0,0.0,0.0,0.0,0.0,0.0,0.0,0.0,0.0,0.0,0.002005515648159903,0.002005515648159903,0.0,0.0,0.0,0.0,0.0,0.0,0.0,0.0,0.0,0.0,0.0,0.0,0.0,0.0,0.0,304.8339621082731,0.0,0.0,0.0,0.0,0.0,0.0,0.0,160.81539052812798,0.0,0.0,0.0,607.3429796468855,0.0,-504.7373102118774,382.8762899243403,0.0,0.0,0.0,12.033093888959078,0.0,0.0,0.0,0.0,0.0,-676.8366126937032,664.803518804744,0.0,607.3429796468855,0.0,0.0,0.0,0.0,0.0,0.0,0.0,0.0,0.0,0.0,-1000.0,-1000.0,582.7481372957459,-1000.0,993.9834530555205,0.0,999.9197793740739,0.0,0.0,0.0,0.0,0.0,0.0,0.0,0.0,0.0,257.8125,0.0,-257.8125,-257.8125,0.0,0.0,0.0,0.0,-2.5068945601998083,0.0,-1.5041367361198847,876.8525906863638,0.0,0.0,0.0,0.0,0.0,-0.25068945601998077,0.0,3.5323815616251295,0.0,0.0,0.0,0.0,0.0,0.0,0.0,1000.0,6.016546944479539,6.016546944479539,0.0,0.0,0.0,0.0,0.0,0.022060672129683212,304.8339621082731,0.0,0.0,-999.9197793740739,0.0,0.0,0.0,0.0,0.0,0.0,0.0,0.0,0.0,0.0,0.0,0.0,0.0,0.0,0.0,0.0,0.0,0.0,0.0,21.057914305678388,305.21573687252584,0.0,0.0,0.0,0.0,0.0,304.8339621082731,0.0,566.8939730876576,0.0,0.0,0.0,-2.5068945601998083,0.0,0.0,0.0,0.0,0.0,0.0,0.0,0.0,0.0,0.0,0.0,0.0,0.0,0.0,0.0,0.0,0.0,0.0,-0.02005515648159846,0.0,0.0,1.002757824079923,-350.1851309582356,0.0,0.0,0.0,0.0,0.0,0.0,0.0,0.0,-567.2836061327854,0.5013789120399615,0.0,0.0,0.0,0.02005515648159846,0.0,20.05515648159846,-6.217098509295523,4.011031296319692,0.1432511177257033,55.95388658365971,-0.015041367361198845,1.002757824079923,0.40110312963196926,-0.10027578240772957,-55.95388658365971,6.016546944479539,-0.020055156481598464,0.0,0.0,0.005013789120399616,0.1432511177257033,0.0,-306.8642707353129,-0.40110312963196926,-382.8762899243403,-0.020055156481598464,0.005013789120399616,-55.95388658365971,2.005515648159846,0.020055156481598464,0.02005515648159846,-304.79184627966185,-303.649429151313,-23.091237531643714,-0.015041367361198845,6.016546944479539,0.020055156481598464,6.016546944479539,-10.027578240799231,-0.010027578240799232,-125.06991363383341,-85.0,-0.015041367361198845,-0.020055156481598464,-6.217098509295523,0.02005515648159846,2.005515648159846,-0.40110312963196926,82.97442919535855,82.97442919535855,-2.005515648159846,382.8762899243403,-82.97442919535855,4.011031296319692,0.03008273472239769,-1000.0,2.005515648159846,-91.26614942974136,0.0,-4.011031296319692,0.010027578240799232,0.20055156481598463,107.849589898507,93.48197488813416,-0.02005515648159846,-309.34637231663277,304.79184627966185,6.217098509295523,0.020055156481598464,306.8642707353129,-24.066187777918117,0.0,-0.02005515648159846,-0.005013789120399616,0.0,-0.020055156481598464,7.465543510113029,0.02005515648158962,-0.005013789120399616,-0.005013789120399616,-0.005013789120399616,8.022062592639385,10.027578240799231,0.20055156481598463,14.85836405830284,-0.005013789120399616,215.699179797014,1.002757824079923,-2.7300139309765914,0.02005515648159846,0.010027578240799232,0.010027578240799232,2.005515648159846,6.217098509295523,0.02005515648159846,-6.217098509295523,0.20055156481598463,0.020055156481598464,-14.85836405830284,0.020055156481598464,0.0802206259261311,0.10027578240772957,0.010027578240799232,0.005013789120399616,6.016546944479539,-0.020055156481598464,23.091237531643714,0.20055156481598463,-29.71672811660568,0.5013789120399617,-2.005515648159846,4.011031296319692,1.002757824079923,-0.020055156481598464,0.0,0.03008273472239769,-0.020055156481598464,-4.011031296319686,6.217098509295523,-24.544612835566795,0.010027578240799232,5.460027861953179,-0.020055156481598464,-0.02005515648158962,-0.020055156481598464,0.010027578240799232,55.95388658365971,-4.011031296319692,0.02005515648159846,215.699179797014,-0.005013789120399616,303.649429151313,-215.699179797014,3.0082734722397686,85.0,494.92714850585105,55.95388658365971,-0.015041367361198845,309.34637231663277,-93.48197488813416,0.020055156481598464,-0.005013789120399617,52.47372761368979,20.05515648159846,-0.010027578240799232,-0.020055156481598464,0.005013789120399616,459.7125580639354,0.0,775.1870899594721,0.0,-46.0,0.0,410.95609782640315,-31.0,0.0,-32.0,11.446444524751797,-65.0,-224.80288246228702,16.0,23.0,-5.723222262375899,0.0,15.5,-304.8339621082731,-56.89936661386921,224.80288246228702,65.0,-56.89936661386921,-410.95609782640315,216.5083849780807,0.0,1496.5981,hclb
452,0.0,0.0,0.0,0.0,0.0,0.0,0.0,0.0,-0.01035544881518161,0.0,0.0,0.0,0.0,0.0,0.0,0.0,95.02433851820966,421.37359955534356,0.0,-245.44966422594194,0.0,0.0,0.0,0.0,0.0,0.0,0.0,0.0,0.0,692.190060532978,0.0,0.0,330.61991407944566,0.0,0.0,0.0,0.0,999.9585782047396,0.0,-1000.0,1000.0,0.0,0.0,0.0,0.0,0.0,0.0,0.0,-58.25481629121976,0.0,0.0,0.0,0.0,0.011390993696728406,0.0,0.0,0.0,2.071089763036322,0.0,0.0,192.54414168553285,0.0,-612.1758070519635,-1000.0,0.0,0.0,0.0,0.0,103.52247280251186,272.73777706205965,0.0,0.10355448815181609,0.0,0.0,0.0,0.0,0.0,0.0,0.0,0.0,0.0,0.0,-176.54698550910803,0.0,6.213269289108966,0.0,0.0,0.0,989.4555291795484,-739.2743173066531,-0.0025888622037954024,0.0,0.0,1000.0,3.106634644554483,0.0,3.106634644554483,-309.170317083632,596.7394866488481,0.0,0.0,0.5177724407590805,692.190060532978,0.0,0.0,-8.29853886327669,0.0,1000.0,0.0,0.0,0.0,0.0,0.0,0.0,0.0,0.0,0.0,0.0,0.0,0.0,0.0,0.0,0.0,0.0,-982.4885780449333,0.0,0.0,3.106634644554483,0.0,3.210189132706299,3.210189132706299,0.0,-171.01885468806552,0.0,171.01885468806552,-171.01885468806552,0.0,921.8750000000438,-921.8750000000438,-580.3683346335694,0.0,0.0,0.0,0.0,0.0,177.34435506787702,0.01035544881518161,0.0,0.0,0.0,0.0,0.0,0.0,0.0,176.54698550910803,0.0,-349.51558117215296,0.0,0.0,0.0,0.0,0.0,234.84894962786703,234.84894962786703,0.0,0.0,0.0,0.0,0.0,0.0,0.0,234.8593050766822,0.0,0.0,0.0,79.58677760067877,0.0,0.0,0.0,0.0,0.0,0.0,0.0,0.0,0.0,0.0,-465.86545579505594,0.0,0.0,0.0,0.0,-1000.0,0.0,0.0,0.0,0.0,0.0,0.0,0.0,-120.52294813987896,120.52294813987896,173.99692977479654,0.0,0.0,0.0,0.0,0.0,0.0,0.0,524.2146024399221,0.0,0.0,0.0,0.0,0.0,0.0,0.0,0.0,0.0,0.0,0.0,0.0,0.0,0.0,-38.857820473927354,-728.9595827599679,0.0,0.0,0.0,30.111154994201286,-167.74450075333942,0.0,0.0,0.0,0.0,192.54414168553285,-728.9595827599679,0.0,0.0,0.0,0.0,0.0,0.0,0.0,0.0,691.1631283682171,0.0,0.0,0.0,-913.261880095187,196.71659722424036,-178.77776443109872,0.0,728.9595827599679,0.0,0.0,580.3683346335694,571.3089481657312,0.0,0.0,0.0,-194.49976819427997,0.0,0.0,29.02578914268393,29.025789142684033,0.0,0.0,0.0,-29.025789142684033,868.9325810396695,0.0,113.65580348074239,0.0,0.0,29.059651438312166,0.0,0.0,0.0,-1000.0,0.0,1000.0,0.0,234.83859417905185,376.26024986457156,30.111154994201286,-121.8442159305232,0.0,0.0,0.0,192.54414168553285,-0.015533173222772412,0.0,0.0,0.0,0.0,0.01035544881518161,0.0,0.0,0.0,299.47780796577126,95.02433851820966,0.0,-5.53235924218446,-163.91237734602157,0.0,518.806319548818,0.0,-1000.0,0.0,-8.29853886327669,0.0,0.0,0.0,346.95570822124694,896.4775271974881,-243.43323541873508,-1000.0,-1000.0,0.0,0.0,0.0,0.0,0.0,0.0,0.0,0.0,0.0,0.0,0.0,0.0,0.0,0.0,0.0,0.0,0.0,0.0,0.0,-1000.0,176.54698550910803,0.0,1000.0,0.0,0.0,0.0,-868.5074834360942,0.0,596.7394866488481,0.0,168.18739291351233,0.0,0.0,0.0,0.0,0.0,-1000.0,0.0,0.0,444.65457987009887,-731.1996615587523,0.0,-0.5177724407590805,1000.0,-0.25888622037954023,-0.5177724407590805,0.0,0.0,-791.2074611324354,614.7348354502076,0.0,3.106634644554483,78.1250000000018,-78.1250000000018,0.0,0.0,0.0,0.0,905.8648488810281,905.8648488810281,-905.8648488810281,-905.8648488810281,-256.75984237113374,0.0,0.0,0.0,0.0,0.0,0.0,0.0,0.0,-195.28005126250366,0.0,0.0,484.3003150957365,0.0,0.0,0.0,0.0,-41.96445511848184,0.020710897629967827,0.0,0.0,0.0,0.0,0.0,0.0,0.0,0.0,0.0,0.0,0.0,0.0,0.0,0.0,0.0,0.0,0.0,0.0,0.0,0.011390993696728406,0.011390993696728406,0.0,93.92891023696367,0.0,6.213269289108966,0.0,0.0,0.0,204.15029318047357,0.0,50.237169310372636,0.0,0.0,0.0,-238.30549764852913,-204.15029318047357,0.0,0.0,0.0,0.0,0.0,484.3003150957365,0.0,0.0,0.0,0.0,0.0,0.0,0.0,327.49619268164446,-299.47780796577126,0.0,0.0,0.7973695587689834,0.0,993.7475709785429,6.252429021457125,0.0,0.0,-238.30549764852913,0.0,0.0,-280.269952767011,0.0,0.0,0.0,0.0,0.0,0.0,0.0,0.0,0.0,0.0,0.0,0.0,0.0,0.0,0.0,0.0,6.213269289108966,580.3683346335694,580.3683346335694,0.0,0.0,0.0,0.0,0.0,0.0,0.0,0.0,0.0,0.0,0.10355448815181609,0.0,0.0,0.0,0.0,0.0,0.0,0.0,0.0,3.106634644554483,0.0,0.0,0.0,0.0,0.0,0.0,0.0,0.0,0.0,0.0,-427.63479605512026,-83.50232010009145,0.0,3.106634644554483,3.106634644554483,-462.5801233048561,-204.15029318047357,0.0,484.3003150957365,0.0,0.0,0.0,0.0,0.0,-194.62921130446972,0.0,0.0,0.01035544881518161,0.0,0.0,0.8350929794528597,0.0,355.98729147137414,0.0,-1000.0,0.0,-376.26024986457156,0.0,0.0,0.0,0.0,0.0,0.0,0.0,0.0,0.0,0.0,0.0,0.0,0.01035544881518161,0.0,0.0,0.0,-198.72886426454545,198.72886426454545,0.0,0.0,0.0,0.0,0.0,1000.0,0.0,-271.7679967872461,-1000.0,-0.7766586611386207,0.0,-0.5177724407590805,0.0,203.12500000000003,203.12500000000003,-203.12500000000003,0.0,0.0,0.0,0.0,0.0,0.0,0.0,580.3683346335694,0.0,0.0,0.0,-790.6896886916762,0.0,0.0,0.0,-0.01035544881518161,0.0,0.0,0.01035544881518161,0.0,0.01035544881518161,0.0,0.0,0.0,6.213269289108966,12.633647554521565,12.633647554521565,0.0,0.0,0.0,0.0,0.0,0.0,0.0,0.0,0.0,0.0,0.0,0.0,0.0,347.8473123642341,0.0,0.0,0.0,0.0,0.0,0.0,0.0,0.0,0.0,0.0,0.0,0.0,0.0,6.252429021457125,0.0,0.0,0.0,0.015533173222772412,0.0,0.0,0.0,-3.106634644554483,0.0,0.0,0.0,0.0,0.0,-93.92891023696367,0.5177724407590805,0.0,0.0,0.0,0.0,0.0,-22.016019096373167,-0.5177724407590805,0.0,0.0,0.0,0.0,0.0,0.0,0.0,580.3683346335694,0.0,0.0,0.0,93.92891023696367,0.0,62.92891023696368,347.68875260809745,0.0,-890.5235025324673,868.5074834360942,22.016019096373167,176.54698550910803,558.6753006112097,0.0,0.5177724407590805,953.3321343695034,0.0,0.0,0.0,-195.28005126250366,0.0,0.0,0.0,0.0,0.0,0.0,0.0,0.0,0.0,560.5710246931583,-96.25888622037945,12.633647554521565,0.0,0.0,0.0,0.0,0.0,0.0,0.0,0.0,0.0,691.1631283682171,0.0,0.0,0.0,-0.8350929794528597,0.0,0.0,3.106634644554483,0.0,0.0,0.0,0.0,-341.0625433622955,0.0,0.0,0.011390993696728406,0.0,0.0,0.0,6.316823777260782,0.0,0.0,0.0,0.0,-38.857820473927354,0.0,0.0,0.0,0.0,0.0,0.0,0.0,0.0,0.0,0.0,0.001035544881518161,0.001035544881518161,0.0,0.0,0.0,0.0,0.0,0.0,0.0,0.0,0.0,0.8350929794528597,0.0,0.0,0.0,0.0,0.0,93.92891023696367,0.0,0.0,0.0,0.0,0.0,0.0,0.0,0.0,0.0,0.0,0.0,0.0,0.0,0.0,421.37359955534356,0.0,0.0,0.0,6.213269289108966,0.0,0.0,0.0,0.0,0.0,0.0,-6.213269289108966,0.0,0.0,0.0,0.0,0.0,0.0,0.0,0.0,0.0,0.0,0.0,0.0,0.0,-502.4391507714917,354.9407948026335,0.0,-3.106634644554483,0.0,999.9585782047396,0.0,0.0,0.0,0.0,0.0,0.0,0.0,0.0,0.0,382.81249999999994,0.0,-382.8125,-382.81249999999994,0.0,0.0,0.0,0.0,-1.2944311018977013,580.3683346335694,-0.7766586611386207,443.329539923475,0.0,0.0,0.0,0.0,0.0,-780.0309083289982,779.9014652188084,371.8270367716118,0.0,0.0,0.0,0.0,0.0,0.0,0.0,1000.0,3.106634644554483,3.106634644554483,0.0,0.0,0.0,0.0,0.0,0.011390993696728406,93.92891023696367,0.0,0.0,-999.9585782047396,0.0,0.0,0.0,0.0,0.0,0.0,0.0,0.0,0.0,0.0,0.0,0.0,0.0,0.0,0.0,0.0,0.0,3.210189132706299,0.0,10.87322125594069,0.7973695587689834,0.0,0.0,0.0,0.0,0.0,93.92891023696367,0.0,712.8457020127412,0.0,0.0,0.0,-1.2944311018977013,0.0,0.0,0.0,0.0,0.0,0.0,0.0,0.0,0.0,0.0,0.0,0.0,0.0,0.0,0.0,0.0,0.0,0.0,-0.01035544881518161,0.0,0.0,0.5177724407590805,238.30549764852913,0.0,0.0,0.0,0.0,580.3683346335694,0.0,0.0,0.0,-346.95570822124694,0.25888622037954023,0.0,0.0,0.0,0.01035544881518161,0.0,10.355448815181608,0.0,2.071089763036322,0.0739674915370115,35.31208045976929,-0.007766586611386206,0.5177724407590805,0.2071089763036322,-0.051777244075537965,-35.31208045976929,3.106634644554483,-0.01035544881518161,2.76617962109223,484.3003150957365,0.0025888622037954024,0.0739674915370115,-8.29853886327669,-1.6485874513771879,-0.2071089763036322,-270.9482738476113,-0.01035544881518161,0.0025888622037954024,-35.31208045976929,1.035544881518161,0.01035544881518161,0.01035544881518161,-93.90716379445176,0.011390993696699771,0.0,-0.007766586611386206,3.106634644554483,0.01035544881518161,3.106634644554483,-5.177724407590805,-0.005177724407590805,366.11265889870634,166.6986004230061,-0.007766586611386206,-0.01035544881518161,0.0,0.01035544881518161,1.0355448815181632,-0.2071089763036322,6.252429021457125,6.252429021457125,-1.035544881518161,270.9482738476113,-6.252429021457125,2.071089763036322,0.015533173222772412,-1000.0,1.035544881518161,-327.49619268164446,484.3003150957365,-2.071089763036322,0.005177724407590805,0.10355448815181609,1.383089810546115,96.0,-0.01035544881518161,-96.25888622037945,93.90716379445176,3.210189132706299,0.01035544881518161,1.6485874513771879,471.8737765175185,484.3003150957365,-0.01035544881518161,-0.0025888622037954024,-484.3003150957365,-0.01035544881518161,-41.96445511848184,0.010355448815079882,-0.0025888622037954024,-0.0025888622037954024,-0.0025888622037954024,4.142179526072644,5.177724407590805,0.10355448815181609,142.17027720770847,-0.0025888622037954024,0.0,0.5177724407590805,21.5,0.01035544881518161,0.005177724407590805,0.005177724407590805,40.0,0.0,0.01035544881518161,0.0,0.10355448815181609,0.010355448815181608,-411.16664534122935,0.01035544881518161,0.04142179526032876,0.051777244075537965,0.005177724407590805,0.0025888622037954024,3.106634644554483,-0.01035544881518161,0.0,0.1035544881518161,-284.34055441541693,0.25888622037954023,-1.0355448815181632,2.071089763036322,0.5177724407590805,-0.01035544881518161,8.29853886327669,0.015533173222772412,-0.010355448815181608,-80.0,0.0,565.0102849968766,0.005177724407590805,-43.0,-0.01035544881518161,-0.010355448815079882,-0.01035544881518161,0.005177724407590805,35.31208045976929,-2.071089763036322,0.01035544881518161,2.76617962109223,-0.0025888622037954024,-0.011390993696699771,-2.76617962109223,1.5533173222772412,-166.6986004230061,904.9547667367951,35.31208045976929,-0.007766586611386206,96.25888622037945,-96.0,0.01035544881518161,-0.0025888622037954024,168.7051653542714,10.355448815181608,-0.005177724407590805,-0.01035544881518161,0.0025888622037954024,0.0,0.0,870.336558542576,268.9963681335209,-46.0,0.0,-82.94490659530658,16.83998310983622,0.0,-32.0,-93.0,-65.0,-129.65826373301633,16.0,23.0,46.5,0.0,-8.41999155491811,-93.92891023696367,-223.94774163458118,129.65826373301633,65.0,-223.94774163458118,82.94490659530658,-277.9271139971716,0.0,1496.5981,hclb
453,0.0,0.0,0.0,0.0,0.0,0.0,0.0,0.0,-0.011003626514119314,0.0,0.0,0.0,0.0,0.0,0.0,0.0,-325.79424592701673,764.1979645238541,0.0,0.0,0.0,0.0,0.0,0.0,0.0,0.0,0.0,0.0,0.0,-493.420728932451,0.0,0.0,20.496368487625585,0.0,0.0,0.0,0.0,-107.60861475785886,0.0,-1000.0,1000.0,0.0,0.0,149.2564422425836,0.0,0.0,0.0,0.0,807.5045615811688,-355.0451896309184,0.0,-11.710413278298907,0.0,0.012103989165520801,0.0,0.0,0.0,0.0,0.0,0.0,104.7124602593428,0.0,0.0,-212.3320786437158,0.0,0.0,0.0,0.0,757.631149678999,0.0,0.0,0.11003626514119313,0.0,0.0,0.0,0.0,0.0,0.0,0.0,0.0,0.0,0.0,0.0,0.0,6.6021759084715885,0.0,0.0,-342.5061949963856,712.5108153392281,-425.0216306784562,-0.0027509066285298285,0.0,0.0,-939.2318809374949,3.3010879542357943,0.0,158.37876456091638,0.0,0.0,0.0,0.0,0.5501813257059657,-937.6780005207088,0.0,0.0,-10.26045136641239,0.0,0.0,0.0,0.0,0.0,0.0,0.0,0.0,0.0,0.0,0.0,0.0,0.0,0.0,0.0,0.0,0.0,0.0,-982.4756093035323,0.0,0.0,158.37876456091638,0.0,3.411124219376987,3.411124219376987,0.0,0.0,0.0,0.0,0.0,0.0,1000.0,-1000.0,-317.0445389030586,0.0,0.0,0.0,0.0,0.0,0.8472792415871871,0.011003626514119314,0.0,0.0,0.0,-945.0328338007326,869.1334742434893,0.0,0.0,0.0,0.0,-385.6367898211038,0.0,0.0,0.0,0.0,0.0,145.71827785175958,145.71827785175958,0.0,0.0,0.0,0.0,859.6058456515968,0.0,0.0,145.7292814782737,0.0,0.0,0.0,-762.0901877252004,-656.1980014058513,0.0,0.0,0.0,0.0,0.0,0.0,0.0,0.0,0.0,0.0,0.0,0.0,0.0,0.0,-1000.0,0.0,0.0,0.0,0.0,0.0,355.0451896309184,11.710413278298907,-287.4891846607719,287.4891846607719,70.49649375606496,0.0,0.0,0.0,0.0,0.0,0.0,444.25727158825777,-942.9624027008182,0.0,0.0,0.0,0.0,0.0,0.0,0.0,0.0,0.0,0.0,0.0,0.0,0.0,269.7320846059965,234.25358987296056,0.0,0.0,0.0,0.0,26.759099222089958,83.88863372207395,0.0,0.0,0.0,0.0,104.7124602593428,-149.2564422425836,0.0,0.0,0.0,0.0,0.0,0.0,0.0,0.0,0.35431677375448867,2.2007253028238627,155.0776766066806,0.0,-1000.0,0.0,189.2195952023102,0.0,0.0,0.0,0.0,317.0445389030586,123.08250102219345,0.0,0.0,0.0,-151.39653610520395,0.0,0.0,-658.6991239323208,0.0,0.0,-658.6991239323208,0.0,0.0,425.0216306784562,0.0,0.0,355.0451896309184,0.0,-116.86276106499206,0.0,0.0,0.0,-190.14479937131958,0.0,190.14479937131958,0.0,145.70727422524547,219.78894592490366,26.759099222089958,1000.0,0.0,0.0,0.0,104.7124602593428,-0.016505439771178968,0.0,0.0,0.0,0.0,0.011003626514119314,0.0,0.0,0.0,686.8817911871903,-325.79424592701673,0.0,-100.04285863566027,189.26104774769732,656.1980014058513,834.0314447167466,0.0,0.9474122428656623,0.0,-10.26045136641239,0.0,0.0,0.0,-0.9474122428656623,0.0,0.0,-1000.0,-1000.0,0.0,0.0,0.0,0.0,0.0,0.0,0.0,0.0,0.0,0.0,0.0,0.0,0.0,0.0,0.0,0.0,0.0,-558.6108159101548,0.0,-1000.0,0.0,548.9537843416475,0.0,0.0,0.0,0.0,-1.2015960153416758,0.0,0.0,0.0,0.0,0.0,-271.72174251951554,0.0,0.0,-259.5665264698273,-485.9094071594835,0.0,0.0,-14.816383101261655,0.0,0.0,-0.5501813257059657,0.0,259.29143580697433,-0.5501813257059657,0.0,0.0,761.6677700448374,13.80576002680607,0.0,158.37876456091638,0.0,0.0,0.0,0.0,0.0,0.0,0.0,-269.7320846059965,269.7320846059965,269.7320846059965,101.05972606358853,0.0,0.0,0.0,0.0,0.0,444.25727158825777,0.0,0.0,-107.61961838437298,0.0,171.87499999999844,324.34731984416976,0.0,0.0,0.0,0.0,-0.024534245199196763,0.02200725302823425,0.0,0.0,0.0,0.0,0.0,0.0,0.0,0.0,0.0,537.8422037540954,0.0,0.0,0.0,0.0,0.0,0.0,0.0,0.0,0.0,0.012103989165520801,0.012103989165520801,0.0,363.5313593031726,0.0,6.6021759084715885,0.0,0.0,0.0,1000.0,0.0,0.0,0.0,0.0,0.0,71.982045279366,-1000.0,0.0,0.0,0.0,0.0,0.0,324.34731984416976,0.0,0.0,0.0,0.0,0.0,0.0,0.0,327.4918697678441,-686.8817911871903,75.89935955724336,0.0,152.27911981093234,0.0,-1000.0,60.76811906250509,-93.61700841563382,0.0,71.982045279366,0.0,71.95751103416681,0.0,0.0,0.0,269.7320846059965,0.0,0.0,0.0,0.0,0.0,0.0,0.0,0.0,0.0,0.0,0.0,0.0,0.0,6.6021759084715885,317.0445389030586,317.0445389030586,0.0,0.0,0.0,0.0,0.0,0.0,0.0,0.0,0.0,0.0,0.11003626514119313,0.0,0.0,0.0,0.0,0.0,11.710413278298907,0.0,0.0,158.37876456091638,0.0,0.0,0.0,151.43184056934516,0.0,0.0,0.0,0.0,0.0,0.0,127.25287547104466,0.0,0.0,3.3010879542357943,3.3010879542357943,1000.0,-1000.0,0.0,324.34731984416976,0.0,0.0,0.0,0.0,0.0,937.6780005207088,444.25727158825777,1000.0,0.011003626514119314,0.0,0.0,0.0,0.8873638810314789,0.0,0.0,939.2318809374949,0.0,-219.78894592490366,0.0,0.0,0.0,0.0,0.0,0.0,0.0,0.0,0.0,0.0,0.0,0.0,0.011003626514119314,0.0,0.0,0.0,0.0,0.0,0.0,0.0,0.0,548.9537843416475,-617.1945301370563,1000.0,0.0,-384.0070658782854,-441.3891840898452,-0.8252719885589486,-0.5501813257059657,0.0,0.0,265.62499999999994,265.625,-265.62499999999994,0.0,0.0,0.0,0.0,0.0,0.0,0.0,317.0445389030586,656.1980014058513,0.0,0.0,762.2179513705433,0.0,0.0,0.0,-0.011003626514119314,0.0,0.0,0.011003626514119314,0.0,0.011003626514119314,0.0,0.0,0.0,6.6021759084715885,13.424424347225562,13.424424347225562,0.0,0.0,0.0,0.0,0.0,0.0,0.0,75.89935955724336,0.0,444.25727158825777,0.0,0.0,0.0,0.0,0.0,0.0,0.0,0.0,0.0,0.0,0.0,0.0,0.0,0.0,0.0,0.0,0.0,154.3851274781389,0.0,0.0,0.0,0.016505439771178968,0.0,0.0,0.0,-158.37876456091638,0.0,0.0,0.0,0.0,0.0,-363.5313593031726,0.5501813257059657,0.0,0.0,0.0,0.0,-859.6058456515968,-0.5501813257059657,0.0,0.0,171.87499999999844,0.0,0.0,0.0,0.0,0.0,317.0445389030586,0.0,0.0,0.0,93.79927469717613,0.0,58.41305061344673,-10.26045136641239,0.0,615.4427527960087,384.0070658782854,-999.4498186742941,0.0,109.65807667496789,0.0,0.5501813257059657,1000.0,0.0,201.02078381787538,0.0,-107.61961838437298,359.3749999999986,-359.3749999999986,0.0,0.0,0.0,0.0,0.0,0.0,0.0,-0.8252719885589286,-0.8252719885589883,13.424424347225562,0.0,-359.37500000000006,-359.37500000000006,359.37500000000006,0.0,0.0,0.0,0.0,0.0,0.35431677375448867,0.0,0.0,365.1819032802905,-538.7295676351268,119.45356927256954,0.0,3.3010879542357943,0.0,0.0,0.0,0.0,-308.96561168317555,0.0,0.0,0.012103989165520801,0.0,0.0,0.0,6.712212173612781,0.0,0.0,0.0,0.0,234.25358987296056,0.0,0.0,0.0,0.0,0.0,0.0,0.0,0.0,-394.4706608152304,0.0,0.0011003626514119315,0.0011003626514119315,0.0,0.0,0.0,0.0,0.0,0.0,0.0,0.0,0.0,0.0,0.0,0.0,0.0,0.0,0.0,363.5313593031726,0.0,0.0,0.0,0.0,0.0,0.0,0.0,355.0451896309184,0.0,0.0,0.0,0.0,0.0,167.62648300543424,764.1979645238541,0.0,0.0,0.0,6.6021759084715885,0.0,0.0,0.0,0.0,0.0,0.0,-6.6021759084715885,0.0,0.0,0.0,0.0,0.0,0.0,0.0,0.0,0.0,0.0,0.0,0.0,-1000.0,-1000.0,7.53748416217173,-158.37876456091638,0.0,0.0,441.3451695837887,0.0,0.0,0.0,0.0,0.0,0.0,0.0,0.0,0.0,101.5625,0.0,-101.5625,-101.5625,0.0,0.0,0.0,0.0,-1.3754533142649144,317.0445389030586,-0.8252719885589486,0.0,0.0,0.0,0.0,0.0,0.0,0.0,-0.13754533142649142,107.61961838437298,0.0,0.0,0.0,0.0,0.0,0.0,0.0,1000.0,3.3010879542357943,3.3010879542357943,0.0,0.0,0.0,0.0,0.0,0.012103989165520801,363.5313593031726,0.0,0.0,-441.3451695837887,0.0,0.0,0.0,0.0,0.0,0.0,0.0,0.0,0.0,0.0,0.0,0.0,0.0,0.0,0.0,0.0,0.0,3.411124219376987,0.0,11.55380783982528,0.0,0.0,0.8472792415871871,0.0,0.0,0.0,363.5313593031726,0.0,0.0,0.0,0.0,0.0,-1.3754533142649144,0.0,0.0,0.0,0.0,0.0,0.0,0.0,0.0,0.0,0.0,0.0,0.0,0.0,0.0,0.0,0.0,0.0,0.0,-0.011003626514119314,0.0,0.0,0.5501813257059657,-71.982045279366,0.0,0.0,0.0,0.0,317.0445389030586,0.0,0.0,0.0,0.9474122428656623,0.2750906628529829,0.0,0.0,0.0,0.011003626514119314,0.0,11.003626514119313,0.0,2.2007253028238627,0.07859733224370938,37.522366413146855,-0.008252719885589484,0.5501813257059657,0.22007253028238627,-0.05501813257063759,-37.522366413146855,3.3010879542357943,-0.011003626514119314,3.4201504554707967,324.34731984416976,0.0027509066285298285,0.07859733224370938,-10.26045136641239,-1.7517773410476138,-0.22007253028238627,-438.4037185968374,-0.011003626514119314,0.0027509066285298285,-37.522366413146855,1.1003626514119313,0.011003626514119314,0.011003626514119314,-363.508251687493,0.012103989165531246,0.0,-0.008252719885589484,3.3010879542357943,0.011003626514119314,158.37876456091638,149.57586334962096,-0.005501813257059657,406.15769255392854,-85.0,-0.008252719885589484,-0.011003626514119314,0.0,0.011003626514119314,1.1003626514119313,-0.22007253028238627,154.3851274781389,154.3851274781389,-1.1003626514119313,438.4037185968374,-154.3851274781389,2.2007253028238627,0.016505439771178968,314.43597359597663,1.1003626514119313,-327.4918697678441,324.34731984416976,-2.2007253028238627,0.005501813257059657,0.11003626514119313,25.010714658915067,96.0,-0.011003626514119314,-366.0071752688495,363.508251687493,3.411124219376987,0.011003626514119314,1.7517773410476138,156.06529142054598,324.34731984416976,-0.011003626514119314,-0.0027509066285298285,-324.34731984416976,-0.011003626514119314,-0.024534245199196763,0.011003626514138887,-0.0027509066285298285,-0.0027509066285298285,-0.0027509066285298285,4.401450605647725,-149.57586334962096,0.11003626514119313,132.7361207710277,-0.0027509066285298285,46.60127886235934,0.5501813257059657,0.5624484483055641,0.011003626514119314,0.005501813257059657,0.005501813257059657,40.0,0.0,0.011003626514119314,0.0,0.11003626514119313,0.011003626514119314,-381.90373872578357,0.011003626514119314,0.0440145060564987,0.05501813257063759,0.005501813257059657,0.0027509066285298285,3.3010879542357943,-0.011003626514119314,0.0,0.11003626514119313,-265.4722415420554,0.2750906628529829,-1.1003626514119313,2.2007253028238627,0.5501813257059657,-0.011003626514119314,10.26045136641239,0.016505439771178968,-0.011003626514119314,-80.0,0.0,326.33044650889275,0.005501813257059657,-1.1248968966111281,-0.011003626514119314,-0.011003626514138887,-0.011003626514119314,0.005501813257059657,37.522366413146855,-2.2007253028238627,0.011003626514119314,50.02142931783013,-0.0027509066285298285,-0.012103989165531246,-50.02142931783013,1.6505439771178967,85.0,-304.7794338626272,37.522366413146855,-0.008252719885589484,366.0071752688495,-96.0,0.011003626514119314,-0.002750906628529829,0.5501813257059657,11.003626514119313,-0.005501813257059657,-0.011003626514119314,0.0027509066285298285,0.0,0.0,-314.4414754092337,249.16761795475588,-46.0,0.0,541.2016968227334,-31.0,0.0,-32.0,-93.0,15.285583640972767,0.0,16.0,23.0,46.5,0.0,15.5,-363.5313593031726,-17.364834825717193,0.0,-15.285583640972767,-17.364834825717193,-541.2016968227334,192.01802137538775,0.0,1496.5981,hclb
454,0.0,0.0,0.0,0.0,0.0,0.0,0.0,0.0,232.0661063288965,0.0,0.0,0.0,0.0,0.0,0.0,0.0,303.36729042249186,-421.88704782714126,0.0,-114.99420043181345,0.0,0.0,0.0,0.0,0.0,0.0,0.0,0.0,0.0,-186.0195790616782,0.0,0.0,26.665624760043123,0.0,0.0,0.0,0.0,999.8993200225957,0.0,-1000.0,442.4835464522446,0.0,0.0,-873.059473481759,0.0,0.0,0.0,0.0,-244.28823787905463,0.0,0.0,0.0,0.0,0.027686993786119274,0.0,0.0,0.0,5.033998870225826,0.0,0.0,-30.89763275246139,0.0,1000.0,969.1023672475386,0.0,0.0,0.0,0.0,519.9364058870301,-519.9364058870301,0.0,0.2516999435112913,0.0,0.0,0.0,0.0,0.0,0.0,0.0,0.0,0.0,0.0,-92.0752510433897,0.0,15.101996610677478,0.0,28.680995249938405,519.8418294998153,275.55359162076064,-16.249621768040015,-0.006292498587782283,0.0,0.0,-829.1761630210586,7.550998305338739,0.0,10.444287211126513,-918.969621843105,0.0,0.0,0.0,787.2814601392854,-1000.0,0.0,0.0,-3.7781183647970495,0.0,0.0,0.0,0.0,0.0,0.0,0.0,0.0,0.0,0.0,0.0,0.0,0.0,0.0,0.0,0.0,0.0,0.0,-435.7969408244876,0.0,0.0,10.444287211126513,0.0,7.802698248850032,0.0,0.0,0.0,0.0,0.0,0.0,639.8592681138033,0.0,0.0,-639.8592681138033,0.0,0.0,0.0,0.0,0.0,122.69433585836505,0.02516999435112913,0.0,0.0,0.0,0.0,-18.316962625608276,0.0,0.0,92.0752510433897,0.0,-142.0130812129221,0.0,0.0,0.0,0.0,0.0,493.3601925115337,493.3601925115337,0.0,0.0,0.0,0.0,-459.17784009864505,0.0,0.0,493.3853625058848,0.0,0.0,0.0,-23.374875419717647,0.0,0.0,0.0,0.0,0.0,0.0,0.0,0.0,0.0,0.0,-177.41305423357528,0.0,0.0,0.0,0.0,-508.40763153771115,0.0,0.0,0.0,0.0,0.0,0.0,0.0,724.4464083792393,-724.4464083792393,0.0,0.0,0.0,0.0,0.0,0.0,0.0,813.9804209383218,-924.8632855385086,0.0,0.0,0.0,0.0,0.0,0.0,0.0,0.0,0.0,0.0,0.0,0.0,0.0,246.0353538891988,47.87063786718381,126.94052651824097,0.0,0.0,0.0,0.0,82.45783057053596,0.0,0.0,0.0,0.0,-30.89763275246139,1000.0,0.0,0.0,0.0,0.0,0.0,0.0,0.0,0.0,69.66607378775643,0.0,2.8932889057877738,0.0,287.0799136629254,-161.81290309555322,1000.0,0.0,-126.94052651824097,0.0,0.0,0.0,-33.24682481437506,0.0,0.0,0.0,-423.8674240248182,0.0,0.0,-1000.0,0.0,0.0,-1000.0,0.0,0.0,1000.0,0.0,-87.98843150047605,0.0,0.0,-12.233546330885673,0.0,0.0,0.0,-41.24431869387355,0.0,41.24431869387355,0.0,1000.0,0.0,0.0,0.0,0.0,0.0,0.0,-30.89763275246139,-0.0377549915266937,0.0,0.0,0.0,0.0,0.02516999435112913,0.0,0.0,0.0,345.83943996829225,303.36729042249186,0.0,-210.1388701805687,-58.13908019136685,0.0,377.9618325335969,0.0,858.6770235529856,0.0,-3.7781183647970495,0.0,0.0,0.0,365.0198894454503,-613.554421413769,-610.1424915846669,-1000.0,-1000.0,0.0,0.0,0.0,0.0,0.0,0.0,0.0,0.0,0.0,0.0,0.0,0.0,0.0,0.0,0.0,0.0,0.0,0.0,0.0,-1000.0,92.0752510433897,0.0,987.8252218127541,1000.0,0.0,0.0,-192.3604096461214,0.0,0.0,0.0,209.06406823178918,786.022960421729,-541.0827080905134,0.0,105.73002007157902,0.0,634.7007236172523,390.69645173287273,0.0,0.0,0.0,0.0,-1000.0,0.0,-0.6292498587782283,-1.2584997175564565,0.0,0.0,0.0,-760.5357931182054,998.7415002824436,10.444287211126513,0.0,0.0,0.0,0.0,0.0,232.09127632324763,0.0,-246.0353538891988,246.0353538891988,246.0353538891988,-163.36287508217234,0.0,201.12157567235568,-592.7079632326326,0.0,0.0,813.9804209383218,0.0,0.0,-4.433275005045971,0.0,203.1250000000002,74.96600112977417,0.0,0.0,0.0,0.0,19.109388030449022,0.05033998870203504,0.0,0.0,0.0,0.0,0.0,0.0,0.0,21.667922629969354,0.0,0.0,0.0,0.0,0.0,0.0,0.0,0.0,0.0,0.0,0.0,0.027686993786119274,0.027686993786119274,0.0,337.00135501897296,0.0,15.101996610677478,0.0,0.0,0.0,132.87265205028967,0.0,0.0,28.680995249938405,0.0,0.0,-85.5110055289839,-132.87265205028967,0.0,0.0,476.18525041035616,0.0,0.0,74.96600112977417,0.0,0.0,0.0,0.0,0.0,0.0,0.0,145.26564694149587,-345.83943996829225,18.316962625608276,0.0,30.619084814975352,0.0,0.0,-829.1761630210586,-911.6339935915946,0.0,-85.5110055289839,0.0,-668.4763209742831,602.0747034757483,0.0,0.0,246.0353538891988,0.0,0.0,0.0,0.0,0.0,0.0,0.0,0.0,0.0,0.0,0.0,0.0,0.0,15.101996610677478,0.0,0.0,0.0,0.0,0.0,0.0,0.0,0.0,0.0,0.0,0.0,0.0,0.2516999435112913,0.0,0.0,28.680995249938405,-28.680995249938405,0.0,0.0,0.0,0.0,10.444287211126513,-476.18525041035616,0.0,0.0,0.0,0.0,0.0,0.0,0.0,0.0,0.0,97.91851101529824,0.0,0.0,7.550998305338739,7.550998305338739,1000.0,-132.87265205028967,0.0,74.96600112977417,0.0,0.0,0.0,0.0,0.0,1000.0,813.9804209383218,610.2016280158855,0.02516999435112913,0.0,0.0,-101.56250000000006,134.8030732541448,0.0,21.667922629969354,829.1761630210586,0.0,0.0,0.0,0.0,0.0,0.0,0.0,0.0,0.0,0.0,0.0,0.0,0.0,0.0,0.02516999435112913,0.0,0.0,0.0,0.0,0.0,0.0,0.0,0.0,0.0,0.0,795.4648121666328,0.0,0.0,-1000.0,-1.887749576334727,-1.2584997175564467,0.0,0.0,0.0,0.0,0.0,0.0,0.0,0.0,0.0,0.0,0.0,0.0,0.0,0.0,0.0,0.0,1000.0,0.0,0.0,0.0,232.0661063288965,0.0,0.0,0.02516999435112913,0.0,0.02516999435112913,0.0,0.0,0.0,15.101996610677478,30.707393108377538,30.707393108377538,0.0,0.0,0.0,0.0,0.0,0.0,0.0,18.316962625608276,0.0,813.9804209383218,0.0,0.0,0.0,367.1870259590824,0.0,0.0,0.0,0.0,0.0,0.0,0.0,0.0,0.0,0.0,0.0,0.0,0.0,82.45783057053596,0.0,-136.8291197574505,136.8291197574505,0.0377549915266937,0.0,0.0,0.0,-10.444287211126513,0.0,0.0,0.0,0.0,0.0,-337.00135501897296,1.2584997175564565,0.0,0.0,0.0,0.0,459.17784009864505,730.7693586566496,0.0,0.0,203.1250000000002,0.0,0.0,0.0,0.0,0.0,0.0,0.0,476.18525041035616,90.42668157453642,90.96600112977417,0.0,78.28296375538244,-3.7781183647970495,0.0,538.4089490105282,0.0,-538.4089490105282,92.0752510433897,-63.954217922752605,0.0,1.2584997175564467,1000.0,0.0,0.0,0.0,-61.79526550492278,0.0,0.0,437.2191457161681,-437.2191457161681,0.0,0.0,0.0,0.0,0.0,173.63755508090583,0.0,30.707393108377538,0.0,0.0,0.0,0.0,0.0,0.0,0.0,0.0,0.0,69.66607378775643,0.0,0.0,342.66460374797714,-33.24057325414475,0.0,0.0,7.550998305338739,28.680995249938405,0.0,0.0,0.0,-137.01741497998108,0.0,0.0,0.027686993786119274,0.0,0.0,0.0,15.35369655418877,0.0,0.0,0.0,0.0,47.87063786718381,0.0,0.0,0.0,0.0,0.0,0.0,0.0,0.0,0.0,0.0,0.0025169994351128544,0.0025169994351128544,0.0,0.0,0.0,0.0,0.0,0.0,0.0,0.0,0.0,-101.56250000000006,0.0,0.0,0.0,0.0,0.0,337.00135501897296,0.0,0.0,0.0,0.0,0.0,0.0,0.0,0.0,0.0,0.0,0.0,57.36199049987681,0.0,159.46371103363964,-421.88704782714126,0.0,0.0,0.0,15.101996610677478,0.0,0.0,0.0,0.0,0.0,-15.101996610677478,0.0,0.0,57.36199049987681,0.0,0.0,0.0,0.0,0.0,0.0,0.0,0.0,0.0,0.0,-715.7862090440973,-1000.0,384.42847208960586,0.0,-10.444287211126513,0.0,999.8993200225957,0.0,0.0,0.0,0.0,0.0,0.0,0.0,0.0,0.0,70.3125,0.0,-70.3125,-70.3125,0.0,0.0,0.0,0.0,-3.1462492938911737,0.0,-787.9107099980637,365.29927638274773,0.0,0.0,0.0,0.0,0.0,0.0,-0.3146249293891141,96.50852604843567,0.0,0.0,0.0,0.0,0.0,0.0,0.0,894.4154189717882,7.550998305338739,7.550998305338739,0.0,0.0,0.0,0.0,0.0,0.027686993786119274,337.00135501897296,0.0,0.0,-999.8993200225957,0.0,0.0,0.0,0.0,0.0,0.0,0.0,0.0,0.0,0.0,0.0,0.0,0.0,0.0,68.41455987872526,0.0,0.0,0.0,0.0,26.428494068685588,30.619084814975352,0.0,0.0,0.0,0.0,0.0,337.00135501897296,0.0,-663.1722584045568,0.0,0.0,0.0,-3.1462492938911737,0.0,0.0,0.0,0.0,0.0,0.0,0.0,0.0,0.0,0.0,0.0,0.0,0.0,0.0,0.0,0.0,0.0,0.0,-0.02516999435112913,0.0,0.0,1.2584997175564565,85.5110055289839,0.0,0.0,0.0,0.0,0.0,0.0,0.0,0.0,-365.0198894454503,0.6292498587782283,0.0,0.0,0.0,0.02516999435112913,0.0,25.16999435112913,-7.802698248850032,5.033998870225826,0.17978567393663664,70.22428423965029,-0.01887749576334685,894.269979928421,0.5033998870225826,-0.12584997175542867,-70.22428423965029,7.550998305338739,-0.02516999435112913,1.259372788265683,74.96600112977417,0.006292498587782283,0.17978567393663664,-3.7781183647970495,-32.688058350638926,-0.5033998870225826,233.5139578364628,-0.02516999435112913,0.006292498587782283,-70.22428423965029,131.11499584097103,0.02516999435112913,0.02516999435112913,-336.9484980308357,-28.653308256152165,0.0,-0.01887749576334685,7.550998305338739,0.02516999435112913,10.444287211126513,-9.691708269776791,-0.012584997175564565,149.5693179425162,-85.0,-0.01887749576334685,-0.02516999435112913,-7.802698248850032,0.02516999435112913,2.516999435112913,-0.5033998870225826,82.45783057053596,82.45783057053596,-2.516999435112922,-233.5139578364628,-82.45783057053596,5.033998870225826,0.0377549915266937,-1000.0,2.516999435112913,-145.26564694149587,74.96600112977417,-5.033998870225826,0.012584997175564565,0.2516999435112913,52.53471754514217,96.0,-0.02516999435112913,-342.66460374797714,336.9484980308357,7.802698248850032,0.02516999435112913,32.688058350638926,-86.72927740322667,74.96600112977417,-0.02516999435112913,-0.006292498587782283,-74.96600112977417,-0.02516999435112913,19.109388030449022,0.025169994351356504,-0.006292498587782283,-0.006292498587782283,-0.006292498587782283,10.067997740451652,9.691708269776791,0.2516999435112913,18.647819564894636,-0.006292498587782283,103.81006230201866,1.2584997175564565,-8.296194297668055,0.02516999435112913,0.012584997175564565,0.012584997175564565,40.0,7.802698248850032,0.02516999435112913,-7.802698248850032,0.2516999435112913,0.02516999435112913,-18.647819564894636,0.02516999435112913,0.10067997740429746,0.12584997175542867,0.012584997175564565,0.006292498587782283,7.550998305338739,-0.02516999435112913,0.0,0.2516999435112913,-37.29563912978927,893.6407300696427,-2.516999435112913,5.033998870225826,1.2584997175564565,-0.02516999435112913,3.7781183647970495,0.0377549915266937,-0.02516999435112913,-80.0,7.802698248850032,255.48850910280595,0.012584997175564565,16.59238859533611,-0.02516999435112913,-0.025169994351356504,-0.02516999435112913,0.012584997175564565,70.22428423965029,-5.033998870225826,0.02516999435112913,105.06943509028434,-0.006292498587782283,28.653308256152165,-105.06943509028434,3.775499152669369,85.0,617.8853808949037,70.22428423965029,-0.01887749576334685,342.66460374797714,-96.0,0.02516999435112913,-0.0062924985877822835,210.32256794934563,25.16999435112913,-0.012584997175564565,-0.02516999435112913,0.006292498587782283,0.0,0.0,16.23703677086445,0.0,-46.0,0.0,380.8029221423193,-31.0,128.5979964058581,-32.0,162.10699457674357,-65.0,-983.75037823196,16.0,23.0,-81.05349728837179,-128.5979964058581,15.5,-337.00135501897296,-118.47109412282485,983.75037823196,65.0,-118.47109412282485,-380.8029221423193,232.50760005521653,0.0,1496.5981,hclb
455,0.0,0.0,0.0,0.0,0.0,0.0,0.0,0.0,-0.07704412043717701,0.0,0.0,0.0,0.0,0.0,0.0,0.0,-664.2558309383355,847.5410985255081,0.0,-347.69250965335056,0.0,0.0,0.0,132.83974866834086,0.0,0.0,0.0,0.0,0.0,-595.7669352158471,0.0,0.0,7.766353973464966,0.0,0.0,0.0,0.0,611.0675933827596,0.0,-1000.0,1000.0,0.0,0.0,-739.9772338458174,0.0,0.0,0.0,0.0,1000.0,-522.1376884473594,0.0,0.0,0.0,0.08474853248068825,0.0,0.0,0.0,0.0,0.0,0.0,-6.785018873167473,0.0,-730.8512302521754,-737.6362491253428,0.0,0.0,0.0,0.0,0.0,0.0,0.0,0.7704412043717701,0.0,0.0,0.0,0.0,0.0,0.0,0.0,0.0,0.0,0.0,0.0,0.0,46.2264722623062,0.0,0.0,-88.17779132893202,911.822208671068,0.0,-0.019261030109294253,0.0,0.0,-86.01123557817837,23.1132361311531,0.0,23.1132361311531,-2.4808206780779756,564.991623533313,0.0,0.0,585.2322630586547,-864.639746783077,0.0,0.0,-21.53097096487363,0.0,589.5548178674703,0.0,0.0,0.0,0.0,0.0,0.0,0.0,0.0,0.0,0.0,0.0,0.0,0.0,0.0,0.0,0.0,-521.3830890459402,0.0,0.0,23.1132361311531,0.0,23.883677335524872,23.883677335524872,0.0,-553.9248872496175,0.0,553.9248872496175,-553.9248872496175,0.0,0.0,0.0,0.0,0.0,0.0,0.0,0.0,0.0,5.932397273662616,0.07704412043717701,0.0,0.0,0.0,0.0,-395.2604424078526,0.0,0.0,0.0,0.0,469.7769973837533,0.0,0.0,0.0,0.0,0.0,347.26921707229394,347.26921707229394,0.0,0.0,0.0,-419.27083333333337,423.08008828507997,0.0,0.0,347.3462611927311,0.0,0.0,0.0,-721.4597956273111,-941.7192006232178,0.0,0.0,0.0,0.0,0.0,0.0,0.0,0.0,0.0,-57.088142797266016,0.0,0.0,0.0,0.0,-446.3633782170336,0.0,0.0,0.0,0.0,0.0,522.1376884473594,0.0,88.17779132893202,-88.17779132893202,0.0,0.0,0.0,0.0,0.0,0.0,0.0,268.87281156723,-564.7788967342299,0.0,0.0,0.0,0.0,0.0,0.0,0.0,0.0,0.0,0.0,0.0,0.0,0.0,359.7111732940093,383.0780905827234,260.0227661541826,0.0,0.0,0.0,0.0,77.21854383584513,0.0,0.0,0.0,0.0,-6.785018873167473,1000.0,0.0,0.0,0.0,0.0,0.0,0.0,0.0,0.0,0.0,15.408824087435402,0.0,0.0,-823.644417342136,0.0,1000.0,0.0,-260.0227661541826,0.0,0.0,0.0,0.0,0.0,0.0,0.0,118.86767516867133,0.0,0.0,-858.4901970777364,0.0,719.0956469870225,-858.4901970777364,0.0,719.0956469870225,1000.0,0.0,-323.7958284699784,522.1376884473594,0.0,185.50190685492845,0.0,0.0,0.0,67.62138343507343,0.0,-67.62138343507343,0.0,347.1921729518568,0.0,0.0,0.0,-419.27083333333337,0.0,0.0,-6.785018873167473,-0.11556618065576552,0.0,0.0,0.0,0.0,0.07704412043717701,0.0,0.0,0.0,346.03159825003536,-664.2558309383355,0.0,-951.0545981964831,560.4878969899828,941.7192006232178,958.5220602185885,0.0,592.5225265628524,0.0,-21.53097096487363,0.0,0.0,0.0,-6.633498769640734,-585.8890277932117,0.0,-1000.0,-3.7782310626228828,0.0,0.0,0.0,0.0,0.0,0.0,0.0,0.0,0.0,0.0,0.0,0.0,0.0,0.0,0.0,0.0,0.0,-388.62423013549255,0.0,-1000.0,0.0,0.0,0.0,0.0,0.0,0.0,-5.932397273662616,0.0,564.991623533313,0.0,0.0,581.3800570367957,-414.11097220678835,0.0,0.0,158.47579233051934,1000.0,-446.1542340662624,0.0,-103.73990816865879,0.0,0.0,-294.54223454025674,0.0,-160.40189534144878,-3.8522060218588505,0.0,0.0,-754.4153405888156,0.0,973.2094738718806,23.1132361311531,0.0,0.0,0.0,0.0,0.0,0.0,990.1028614094047,630.3916881153953,-630.3916881153953,-630.3916881153953,99.12214687743823,0.0,0.0,0.0,0.0,0.0,268.87281156723,0.0,0.0,-13.570037746334947,0.0,0.0,64.5911759125646,0.0,0.0,0.0,0.0,-35.2955879562823,0.15408824087433004,0.0,0.0,0.0,0.0,0.0,0.0,0.0,0.0,0.0,0.0,0.0,0.0,0.0,0.0,0.0,0.0,0.0,0.0,0.0,0.08474853248068825,0.08474853248068825,0.0,440.3023492065739,0.0,46.2264722623062,0.0,109.95704678718994,0.0,444.19729652087506,0.0,0.0,0.0,0.0,0.0,598.0202936675646,-444.19729652087506,0.0,0.0,0.0,0.0,0.0,64.5911759125646,0.0,0.0,0.0,0.0,0.0,0.0,0.0,173.7943630153134,-346.03159825003536,395.2604424078526,0.0,5.932397273662616,0.0,-472.7142542151885,386.70301863701013,309.484474801165,0.0,598.0202936675646,0.0,0.0,562.7247057112824,0.0,0.0,359.7111732940093,0.0,0.0,0.0,0.0,0.0,0.0,0.0,0.0,0.0,0.0,0.0,0.0,0.0,46.2264722623062,0.0,0.0,0.0,0.0,0.0,0.0,0.0,0.0,0.0,0.0,0.0,0.0,0.7704412043717701,0.0,0.0,0.0,0.0,0.0,0.0,0.0,0.0,23.1132361311531,0.0,0.0,0.0,0.0,0.0,0.0,0.0,0.0,0.0,0.0,-433.447744827102,0.0,0.0,23.1132361311531,23.1132361311531,1000.0,-444.19729652087506,0.0,64.5911759125646,0.0,0.0,0.0,0.0,0.0,864.639746783077,268.87281156723,1000.0,0.07704412043717701,0.0,0.0,-85.93750000000003,92.15055799811238,0.0,0.0,86.01123557817837,0.0,0.0,0.0,0.0,0.0,0.0,0.0,0.0,0.0,0.0,0.0,0.0,0.0,0.0,0.07704412043717701,0.0,0.0,0.0,-724.0662113790079,724.0662113790079,0.0,0.0,0.0,0.0,0.0,559.0592262596504,0.0,0.0,-611.3757698645074,-5.778309032788275,-0.8570782934516235,-2.995127728407196,0.0,234.37500000000003,234.37500000000003,-234.37500000000003,0.0,0.0,0.0,0.0,0.0,0.0,0.0,0.0,941.7192006232178,0.0,0.0,222.64633930492377,0.0,0.0,0.0,-0.07704412043717701,0.0,0.0,0.07704412043717701,0.0,0.07704412043717701,0.0,0.0,0.0,46.2264722623062,93.99382693335593,93.99382693335593,0.0,0.0,0.0,0.0,0.0,0.0,0.0,395.2604424078526,0.0,268.87281156723,0.0,0.0,0.0,0.0,0.0,0.0,0.0,0.0,0.0,0.0,0.0,0.0,0.0,0.0,0.0,0.0,0.0,77.21854383584513,0.0,0.0,0.0,0.11556618065576552,0.0,0.0,0.0,-23.1132361311531,0.0,0.0,0.0,0.0,0.0,-440.3023492065739,3.8522060218588505,0.0,0.0,0.0,419.27083333333337,-423.08008828507997,0.0,-2.995127728407196,0.0,0.0,0.0,0.0,0.0,0.0,0.0,0.0,0.0,0.0,-1000.0,80.5911759125646,0.0,444.85161832041723,-21.53097096487363,0.0,-5.932397273662616,564.991623533313,-559.0592262596504,0.0,-93.99382693335588,109.95704678718994,3.8522060218588194,652.7929668378192,0.0,0.0,0.0,-13.570037746334947,0.0,0.0,0.0,0.0,0.0,0.0,0.0,0.0,0.0,45.531524731689615,0.0,93.99382693335593,0.0,0.0,0.0,0.0,0.0,0.0,0.0,0.0,0.0,0.0,0.0,0.0,457.63727630493855,-6.2130579981123475,430.21170997460666,0.0,23.1132361311531,0.0,0.0,0.0,0.0,263.5384119389167,0.0,0.0,0.08474853248068825,0.0,0.0,0.0,46.996913466677974,0.0,0.0,0.0,0.0,383.0780905827234,0.0,0.0,0.0,0.0,0.0,0.0,0.0,0.0,0.0,0.0,0.0077044120437177455,0.0077044120437177455,0.0,0.0,0.0,0.0,0.0,0.0,0.0,0.0,0.0,-85.93750000000003,0.0,0.0,0.0,0.0,0.0,440.3023492065739,0.0,0.0,0.0,0.0,0.0,0.0,0.0,522.1376884473594,0.0,0.0,0.0,0.0,0.0,-1000.0,847.5410985255081,0.0,0.0,0.0,46.2264722623062,0.0,0.0,0.0,0.0,0.0,0.0,-46.2264722623062,0.0,0.0,0.0,0.0,0.0,0.0,0.0,0.0,0.0,0.0,0.0,0.0,-3.7782310626228828,-1000.0,52.77522249946623,0.0,-23.1132361311531,0.0,611.0675933827596,0.0,0.0,0.0,0.0,0.0,0.0,0.0,0.0,0.0,0.0,0.0,0.0,0.0,0.0,0.0,0.0,109.95704678718994,-9.630515054647095,0.0,-587.1583660695841,-5.778309032788229,0.0,0.0,0.0,0.0,0.0,-1000.0,999.0369484945352,13.570037746334947,0.0,0.0,0.0,0.0,0.0,0.0,0.0,1000.0,23.1132361311531,23.1132361311531,0.0,0.0,0.0,0.0,0.0,0.08474853248068825,440.3023492065739,0.0,0.0,-611.0675933827596,0.0,0.0,0.0,0.0,0.0,0.0,0.0,0.0,0.0,0.0,0.0,0.0,0.0,0.0,0.0,0.0,0.0,23.883677335524872,0.0,80.89632645903586,5.932397273662616,0.0,0.0,0.0,0.0,0.0,440.3023492065739,0.0,-3.337898971529599,0.0,0.0,0.0,-9.630515054647095,0.0,0.0,0.0,0.0,0.0,0.0,0.0,0.0,0.0,0.0,0.0,0.0,0.0,0.0,0.0,0.0,0.0,0.0,-0.07704412043717701,0.0,0.0,3.8522060218588505,-598.0202936675646,0.0,0.0,0.0,0.0,0.0,0.0,0.0,0.0,6.633498769640734,1.9261030109294253,0.0,0.0,0.0,0.07704412043717701,0.0,77.044120437177,0.0,15.408824087435402,0.5503151459798358,262.7204506907736,-0.05778309032788276,294.54223454025674,1.5408824087435402,-0.38522060218508614,-262.7204506907736,23.1132361311531,-0.07704412043717701,7.176990321624544,64.5911759125646,0.019261030109294253,0.5503151459798358,-21.53097096487363,-12.265423973599411,-1.5408824087435402,164.40724206617796,-0.07704412043717701,0.019261030109294253,-262.7204506907736,7.704412043717701,0.07704412043717701,0.07704412043717701,-440.1405565536561,0.08474853248089476,0.0,-0.05778309032788276,23.1132361311531,0.07704412043717701,23.1132361311531,-38.52206021858851,-0.038522060218588505,-426.71505545400606,-85.0,-0.05778309032788276,-0.07704412043717701,0.0,0.07704412043717701,7.704412043717701,-1.5408824087435402,77.21854383584513,77.21854383584513,-7.704412043717701,-164.40724206617796,-77.21854383584513,15.408824087435402,0.11556618065576552,-855.1205034222731,7.704412043717701,-173.7943630153134,64.5911759125646,-15.408824087435402,0.038522060218588505,0.7704412043717701,237.76364954912077,96.0,-0.07704412043717701,-457.63727630493855,440.1405565536561,23.883677335524872,0.07704412043717701,12.265423973599411,-27.861768612047705,64.5911759125646,-0.07704412043717701,-0.019261030109294253,-64.5911759125646,-0.07704412043717701,-35.2955879562823,0.07704412043722186,-0.019261030109294253,-0.019261030109294253,-0.019261030109294253,30.817648174870804,38.52206021858851,0.7704412043717701,136.7165728404674,-0.019261030109294253,468.350308776617,3.8522060218588505,21.5,0.07704412043717701,0.038522060218588505,0.038522060218588505,40.0,0.0,0.07704412043717701,0.0,0.7704412043717701,0.07704412043717701,-295.9895930636121,0.07704412043717701,0.3081764817478643,0.38522060218508614,0.038522060218588505,0.019261030109294253,23.1132361311531,-0.07704412043717701,0.0,0.7704412043717701,-273.4331456809348,292.61613152932733,-7.704412043717701,15.408824087435402,3.8522060218588505,-0.07704412043717701,21.53097096487363,0.11556618065576552,-0.07704412043717701,-80.0,0.0,-72.84248128884778,0.038522060218588505,-43.0,-0.07704412043717701,-0.07704412043722186,-0.07704412043717701,0.038522060218588505,262.7204506907736,-15.408824087435402,0.07704412043717701,475.52729909824154,-0.019261030109294253,-0.08474853248089476,-475.52729909824154,11.55661806557655,85.0,598.654667878742,262.7204506907736,-0.05778309032788276,457.63727630493855,-96.0,0.07704412043717701,-0.019261030109294253,3.8522060218588194,77.04412043717701,-0.038522060218588505,-0.07704412043717701,0.019261030109294253,0.0,0.0,-144.91801863794547,159.27302022314473,-46.0,0.0,32.4676394594394,-31.0,0.0,-32.0,-93.0,-65.0,-1000.0,16.0,23.0,46.5,0.0,15.5,-440.3023492065739,-190.6959306500689,1000.0,65.0,-190.6959306500689,-32.4676394594394,26.3124980138847,0.0,1496.5981,hclb
456,0.0,0.0,0.0,0.0,0.0,0.0,0.0,0.0,-0.03417074009468046,0.0,0.0,0.0,0.0,0.0,0.0,0.0,14.682437258106575,-929.5468749999968,0.0,909.3276462018649,0.0,0.0,0.0,0.0,0.0,0.0,0.0,0.0,0.0,-1000.0,0.0,0.0,288.0641476685599,0.0,0.0,0.0,0.0,-137.04882666444996,0.0,-1000.0,1000.0,0.0,-928.9604310937632,56.357131648130235,0.0,0.0,227.08425843659597,0.0,0.0,0.0,0.0,0.0,0.0,0.037587814104182306,0.0,0.0,0.0,6.834148018936093,0.0,0.0,128.0550878715283,0.0,0.0,-265.13808527607296,0.0,0.0,0.0,0.0,156.78432738840684,0.0,0.0,0.34170740094680463,0.0,0.0,0.0,0.0,0.0,0.0,0.0,0.0,0.0,0.0,0.0,0.0,20.50244405680828,0.0,0.0,-945.2915732106732,792.7252962243828,529.4164579830164,-0.008542685023670116,0.0,0.0,106.5533860621276,10.25122202840414,0.0,10.25122202840414,0.0,0.0,0.0,0.0,601.1009155618908,-1000.0,0.0,0.0,0.0,0.0,0.0,0.0,0.0,0.0,0.0,0.0,0.0,0.0,0.0,0.0,0.0,0.0,0.0,0.0,0.0,0.0,0.0,-1000.0,0.0,0.0,10.25122202840414,0.0,10.592929429350944,0.0,0.0,0.0,0.0,0.0,0.0,-393.1931731476012,0.0,0.0,0.0,0.0,0.0,0.0,0.0,0.0,2.631146987290394,0.03417074009468046,0.0,0.0,0.0,0.0,-902.832628621451,0.0,0.0,0.0,0.0,-192.12910049098588,0.0,0.0,0.0,0.0,0.0,-650.7052117042117,-650.7052117042117,0.0,0.0,0.0,-445.3124999999999,0.0,0.0,0.0,-650.671040964117,0.0,0.0,0.0,-1000.0,0.0,0.0,0.0,0.0,0.0,0.0,0.0,0.0,0.0,0.0,0.0,0.0,0.0,0.0,0.0,-1000.0,0.0,0.0,0.0,0.0,0.0,0.0,928.9604310937632,-792.7252962243828,792.7252962243828,0.0,0.0,0.0,0.0,0.0,0.0,0.0,0.0,723.1115660131707,0.0,0.0,0.0,0.0,0.0,0.0,0.0,0.0,0.0,0.0,0.0,0.0,0.0,31.420709100324544,873.5009246593232,56.357131648130235,0.0,0.0,0.0,236.40884575919438,17.34218083209198,0.0,0.0,0.0,0.0,128.0550878715283,0.0,0.0,0.0,265.1617468331637,0.0,0.0,0.0,0.0,0.0,1.1002978310496019,0.0,0.0,0.0,339.46268704780493,995.9528484028071,-809.0564383412927,0.0,-56.357131648130235,0.0,0.0,393.1931731476012,989.0725698847424,0.0,0.0,0.0,-134.50823213840954,0.0,0.0,22.519707963534167,0.0,0.0,22.519707963533914,0.0,0.0,0.0,0.0,132.34704818815874,0.0,0.0,77.9941840320665,0.0,0.0,0.0,709.8237005704926,0.0,-709.8237005704926,0.0,576.3448759922895,156.78432738840684,236.40884575919438,905.850402099586,-445.3124999999999,0.0,0.0,128.0550878715283,-0.051256110142020694,0.0,0.0,0.0,0.0,0.03417074009468046,0.0,0.0,0.0,971.3062993084542,14.682437258106575,0.0,-130.3903523139435,800.3459725080971,0.0,543.8921968997391,0.0,1000.0,0.0,0.0,0.0,0.0,0.0,-2.9421007221520212,-156.78432738840684,-840.2735718894411,-865.064633610407,-1000.0,0.0,0.0,0.0,0.0,0.0,0.0,0.0,0.0,0.0,0.0,0.0,0.0,0.0,0.0,0.0,0.0,265.1617468331637,1000.0,0.0,613.2275512504497,0.0,523.6845924536207,0.0,0.0,0.0,778.5455021056985,-3.731444818339996,0.0,0.0,0.0,113.59993757922757,599.3923785571568,0.0,0.0,-301.4047262833124,999.1457314976329,0.0,0.0,321.2707126228139,53.71595135476491,626.9467814179613,0.0,0.0,1000.0,-1000.0,-322.9792496275479,-941.211087894075,0.0,-651.8129999683379,1000.0,0.0,10.25122202840414,0.0,0.0,0.0,0.0,0.0,0.0,31.420709100324544,0.0,0.0,0.0,-185.78418933538705,0.0,0.0,-1000.0,0.0,0.0,0.0,0.0,0.0,-137.08299740454464,0.0,0.0,466.3590251286651,0.0,0.0,0.0,0.0,-39.582925990531955,0.06834148018938374,0.0,0.0,0.0,0.0,0.0,0.0,0.0,0.0,0.0,0.0,0.0,0.0,0.0,0.0,0.0,0.0,0.0,0.0,0.0,0.037587814104182306,0.037587814104182306,0.0,120.58656108138845,0.0,20.50244405680828,0.0,0.0,0.0,1000.0,0.0,0.0,0.0,0.0,0.0,-118.85560062709237,-1000.0,0.0,0.0,0.0,0.0,0.0,466.3590251286651,0.0,0.0,0.0,0.0,0.0,0.0,0.0,333.3333333333333,-971.3062993084542,902.832628621451,0.0,134.98489536846898,0.0,89.21120523003562,17.34218083209198,0.0,0.0,-118.85560062709237,0.0,0.0,-158.43852661762432,0.0,0.0,31.420709100324544,0.0,0.0,0.0,0.0,0.0,0.0,0.0,0.0,0.0,0.0,0.0,0.0,0.0,20.50244405680828,393.1931731476012,393.1931731476012,0.0,0.0,0.0,0.0,0.0,0.0,0.0,0.0,0.0,0.0,0.34170740094680463,0.0,0.0,0.0,0.0,0.0,928.9604310937632,0.0,0.0,10.25122202840414,0.0,0.0,0.0,132.35374838117858,0.0,0.0,0.0,0.0,0.0,0.0,992.5579853743998,-1000.0,0.0,10.25122202840414,10.25122202840414,233.61557207750923,-1000.0,0.0,466.3590251286651,0.0,0.0,0.0,0.0,0.0,865.064633610407,0.0,1000.0,0.03417074009468046,0.0,0.0,-23.43750000000001,68.5648438293248,271.95004131645095,0.0,-106.5533860621276,0.0,-156.78432738840684,0.0,0.0,0.0,0.0,0.0,0.0,0.0,0.0,0.0,0.0,0.0,0.0,0.03417074009468046,0.0,0.0,0.0,-1000.0,1000.0,0.0,0.0,0.0,523.6845924536207,-618.4594545385556,1000.0,0.0,-385.2719902797844,-386.77244874955034,-2.562805507101035,-1.7085370047340231,0.0,0.0,0.0,0.0,0.0,0.0,0.0,0.0,0.0,0.0,0.0,0.0,393.1931731476012,0.0,0.0,0.0,-650.1044629636039,0.0,0.0,0.0,-0.03417074009468046,0.0,0.0,0.03417074009468046,0.0,0.03417074009468046,0.0,0.0,0.0,20.50244405680828,41.688302915510164,41.688302915510164,0.0,0.0,0.0,0.0,0.0,0.0,0.0,902.832628621451,0.0,0.0,0.0,0.0,0.0,0.0,0.0,0.0,0.0,0.0,0.0,0.0,0.0,0.0,0.0,0.0,0.0,0.0,0.0,17.34218083209198,0.0,0.0,0.0,0.051256110142020694,0.0,0.0,0.0,-10.25122202840414,0.0,0.0,0.0,0.0,0.0,-120.58656108138845,1.7085370047340231,0.0,0.0,0.0,445.31249999999994,0.0,-614.7280097202156,0.0,0.0,0.0,0.0,0.0,0.0,0.0,0.0,393.1931731476012,0.0,0.0,71.98415354599973,89.16585198106391,0.0,960.998480602515,271.95004131645095,0.0,0.0,385.2719902797844,-385.2719902797844,0.0,947.3842669692323,0.0,1.7085370047340231,1000.0,0.0,0.0,0.0,-137.08299740454464,-515.6249999999995,515.6249999999995,0.0,0.0,0.0,0.0,0.0,0.0,0.0,0.0,-5.125611014202036,41.688302915510164,0.0,0.0,0.0,0.0,0.0,0.0,0.0,0.0,0.0,1.1002978310496019,0.0,0.0,123.14936658848949,-45.127343829324786,0.0,-928.9604310937632,10.25122202840414,0.0,0.0,0.0,0.0,-262.3502856861558,0.0,0.0,0.037587814104182306,0.0,0.0,0.0,20.844151457755082,0.0,0.0,0.0,0.0,873.5009246593232,0.0,0.0,0.0,0.0,0.0,0.0,0.0,0.0,-605.9995218841674,0.0,0.003417074009468046,0.003417074009468046,0.0,0.0,0.0,0.0,0.0,0.0,0.0,0.0,0.0,-23.43750000000001,0.0,0.0,0.0,0.0,0.0,120.58656108138845,0.0,0.0,0.0,0.0,0.0,0.0,0.0,0.0,0.0,0.0,0.0,0.0,1000.0,1000.0,-929.5468749999968,0.0,0.0,0.0,20.50244405680828,0.0,0.0,0.0,0.0,0.0,-20.50244405680828,0.0,0.0,0.0,0.0,0.0,0.0,0.0,0.0,0.0,0.0,0.0,0.0,0.0,-1000.0,-1000.0,23.406956964856118,-470.1268765939716,459.87565456556746,0.0,386.6357657891707,0.0,0.0,0.0,0.0,0.0,0.0,0.0,0.0,0.0,0.0,0.0,0.0,0.0,0.0,0.0,0.0,0.0,-4.2713425118350585,393.1931731476012,-601.9551840642578,2.562805507101036,0.0,0.0,0.0,0.0,0.0,-700.5128100280864,700.0856757769029,137.08299740454464,0.0,0.0,0.0,0.0,0.0,0.0,0.0,1000.0,10.25122202840414,10.25122202840414,0.0,0.0,0.0,0.0,0.0,0.037587814104182306,120.58656108138845,0.0,0.0,-386.6357657891707,0.0,0.0,0.0,0.0,0.0,0.0,0.0,0.0,0.0,0.0,0.0,0.0,0.0,0.0,0.0,0.0,0.0,0.0,0.0,35.87927709941449,2.631146987290394,0.0,0.0,0.0,0.0,0.0,120.58656108138845,0.0,613.0194727154816,0.0,0.0,0.0,-4.2713425118350585,0.0,0.0,0.0,0.0,0.0,0.0,0.0,0.0,0.0,0.0,0.0,0.0,0.0,0.0,0.0,0.0,0.0,0.0,-0.03417074009468046,0.0,0.0,1.7085370047340231,118.85560062709237,0.0,0.0,0.0,0.0,393.1931731476012,0.0,0.0,0.0,2.9421007221520212,0.8542685023670116,0.0,0.0,0.0,0.03417074009468046,0.0,34.17074009468046,-10.592929429350944,6.8341480189360935,0.2440767149620033,95.33636486415848,-0.025628055071010347,301.4047262833124,0.6834148018936093,-0.1708537004743107,-95.33636486415848,10.25122202840414,-0.03417074009468046,0.0,466.3590251286651,0.008542685023670116,0.2440767149620033,0.0,-5.439981823074049,-0.6834148018936093,5.53679154002532,-0.03417074009468046,0.008542685023670116,-95.33636486415848,3.4170740094680463,0.03417074009468046,0.03417074009468046,-120.51480252718959,0.037587814104148506,-55.69703234264085,-0.025628055071010347,10.25122202840414,0.03417074009468046,10.25122202840414,-17.085370047340234,-0.01708537004734023,247.82613283362673,-20.793425581654706,-0.025628055071010347,-0.03417074009468046,-10.592929429350944,0.03417074009468046,3.4170740094680463,-0.6834148018936093,17.34218083209198,17.34218083209198,-3.4170740094680463,-5.53679154002532,-17.34218083209198,6.834148018936093,0.051256110142020694,-1000.0,3.4170740094680463,-333.3333333333333,466.3590251286651,-6.834148018936093,0.01708537004734023,0.34170740094680463,32.59758807848588,96.0,-0.03417074009468046,-128.27497760269154,120.51480252718959,10.592929429350944,0.03417074009468046,5.439981823074049,425.35413701504837,466.3590251286651,-0.03417074009468046,-0.008542685023670116,-466.3590251286651,-0.03417074009468046,-39.582925990531955,0.034170740094932706,-0.008542685023670116,-0.008542685023670116,-0.008542685023670116,13.668296037872185,17.085370047340234,0.34170740094680463,127.60872310923105,-0.008542685023670116,65.19517615697175,1.7085370047340231,21.5,0.03417074009468046,0.01708537004734023,0.01708537004734023,40.0,10.592929429350944,0.03417074009468046,-10.592929429350944,0.34170740094680463,0.03417074009468046,-332.193675192407,0.03417074009468046,0.13668296037963046,0.1708537004743107,0.01708537004734023,0.008542685023670116,10.25122202840414,-0.03417074009468046,55.69703234264085,0.34170740094680463,-255.2174462184621,300.5504577809454,-3.4170740094680463,6.834148018936093,1.7085370047340231,-0.03417074009468046,0.0,0.051256110142020694,-0.03417074009468046,-80.0,10.592929429350944,528.690103939367,0.01708537004734023,-43.0,-0.03417074009468046,-0.034170740094932706,-0.03417074009468589,0.01708537004734023,95.33636486415848,-6.834148018936093,0.03417074009468046,65.19517615697175,-0.008542685023670116,-0.037587814104148506,-65.19517615697175,5.125611014202069,20.793425581654706,869.584366158052,95.33636486415848,-0.025628055071010347,128.27497760269154,-96.0,0.03417074009468046,-0.008542685023667404,115.3084745839616,34.17074009468046,-0.01708537004734023,-0.03417074009468046,0.008542685023670116,0.0,0.0,470.5664566469363,204.58495208317595,-46.0,0.0,-45.05384591665177,-16.869279708201418,0.0,-32.0,-93.0,-65.0,-529.4164579830164,16.0,23.0,46.5,0.0,8.434639854100709,-120.58656108138845,-266.3398182532111,529.4164579830164,65.0,-266.3398182532111,45.05384591665177,-236.91252847058408,0.0,1496.5981,hclb
457,0.0,0.0,0.0,0.0,0.0,0.0,0.0,0.0,328.97947927580117,0.0,0.0,0.0,0.0,0.0,0.0,0.0,643.5804822704578,0.0,0.0,-829.2008019892621,0.0,0.0,0.0,119.74378219174693,0.0,0.0,0.0,0.0,0.0,0.0,0.0,0.0,237.03787376427405,0.0,0.0,0.0,0.0,990.0565087435049,0.0,-1000.0,1000.0,0.0,0.0,0.0,0.0,0.0,0.0,0.0,-968.1122532108946,-47.297825635602265,0.0,482.4246654663718,0.0,0.07652406983777382,0.0,0.0,0.0,13.913467243230615,0.0,0.0,-6.126563409436273,0.0,6.126563409436273,0.0,0.0,0.0,0.0,0.0,0.0,0.0,0.0,0.6956733621615308,0.0,0.0,0.0,0.0,0.0,0.0,0.0,0.0,0.0,0.0,0.0,0.0,41.74040172969185,0.0,0.0,1000.0,0.0,0.0,-0.01739183405403827,0.0,0.0,0.0,20.870200864845923,0.0,20.870200864845923,-2.240068226161201,0.0,0.0,0.0,3.4783668108076538,-1000.0,0.0,0.0,0.0,0.0,0.0,0.0,0.0,0.0,0.0,0.0,0.0,0.0,0.0,0.0,0.0,0.0,0.0,0.0,0.0,0.0,0.0,-480.1552439840044,0.0,0.0,20.870200864845923,0.0,21.565874227007452,7.583412349524297,0.0,-409.55740367029426,-328.1250000000002,737.6824036702944,-737.6824036702944,0.0,0.0,0.0,0.0,0.0,0.0,0.0,0.0,0.0,5.356684888643786,0.06956733621615308,0.0,0.0,0.0,900.7257006658599,-900.7257006658599,0.0,0.0,0.0,0.0,292.918941987442,0.0,0.0,0.0,0.0,0.0,864.6009819164904,864.6009819164904,0.0,0.0,0.0,0.0,0.0,0.0,0.0,864.6705492527066,0.0,0.0,0.0,215.72693166088007,0.0,0.0,0.0,0.0,0.0,0.0,0.0,0.0,0.0,0.0,-1000.0,0.0,0.0,0.0,0.0,-282.4645005019029,0.0,0.0,0.0,0.0,0.0,47.297825635602265,-482.4246654663718,1000.0,-1000.0,0.0,0.0,0.0,0.0,0.0,0.0,0.0,1000.0,-957.6093842702497,0.0,0.0,0.0,0.0,0.0,0.0,0.0,0.0,0.0,0.0,0.0,0.0,0.0,369.83899627484345,3.919814617459828,806.9564364068086,0.0,0.0,0.0,0.0,77.97369904216853,0.0,0.0,0.0,0.0,-6.126563409436273,806.9564364068086,0.0,0.0,0.0,0.0,0.0,0.0,0.0,0.0,0.0,0.0,0.0,0.0,643.4761312661335,-356.5238687338665,549.4630813227336,0.0,-806.9564364068086,0.0,0.0,0.0,55.48885623153532,0.0,0.0,0.0,-483.36231521718366,0.0,0.0,-1000.0,-359.3750000006744,0.0,-640.6249999993258,0.0,359.3750000006744,1000.0,0.0,621.3361166880043,47.297825635602265,0.0,131.2859936999471,0.0,0.0,0.0,0.0,0.0,0.0,0.0,1000.0,0.0,0.0,-672.0603733334302,0.0,0.0,0.0,-6.126563409436273,-0.10435100432422961,0.0,0.0,0.0,0.0,0.06956733621615308,0.0,0.0,0.0,183.6206005948884,643.5804822704578,0.0,-768.1391215445141,-59.385280960559015,0.0,954.7836681080765,0.0,-621.4412378422542,0.0,0.0,0.0,0.0,0.0,-5.989747648210784,0.0,627.4309854904649,-1000.0,-1000.0,0.0,0.0,0.0,0.0,0.0,0.0,0.0,0.0,0.0,0.0,0.0,0.0,0.0,0.0,0.0,0.0,0.0,-9.665221911630482,0.0,-1000.0,0.0,0.0,0.0,0.0,0.0,0.0,-5.3566848886438265,0.0,0.0,0.0,0.0,0.0,170.4897863975541,-609.3750000000023,-569.810703424571,0.0,-170.4897863975541,-214.5468102945433,0.0,0.0,-721.103403705515,609.3750000000023,566.3323366137633,-1000.0,-1.7391834054038269,-3.4783668108076538,0.0,0.0,0.0,0.0,954.7812314595005,20.870200864845923,609.3749999999987,-609.3749999999987,0.0,0.0,0.0,329.0490466120173,992.151395986884,622.3123997120405,-622.3123997120405,-622.3123997120405,-128.48877913788164,0.0,0.0,-135.46858541972574,0.0,0.0,1000.0,0.0,0.0,-12.253126818872547,0.0,0.0,66.08653275676939,0.0,0.0,0.0,0.0,-16.95038624738614,0.13913467243219202,0.0,0.0,0.0,0.0,0.0,0.0,0.0,118.67863487829122,0.0,0.0,0.0,0.0,0.0,0.0,0.0,0.0,0.0,0.0,0.0,0.07652406983777382,0.07652406983777382,0.0,451.9255290316128,0.0,41.74040172969185,0.0,0.0,0.0,1000.0,0.0,0.0,0.0,0.0,0.0,238.27341222301547,-1000.0,0.0,0.0,0.0,0.0,0.0,66.08653275676939,0.0,0.0,0.0,0.0,0.0,0.0,0.0,160.05174799466815,-183.6206005948884,0.0,0.0,5.356684888643786,0.0,0.0,0.0,-77.97369904216853,0.0,238.27341222301547,0.0,1000.0,-778.6769740243707,0.0,0.0,369.83899627484345,0.0,0.0,0.0,0.0,0.0,0.0,0.0,0.0,0.0,0.0,0.0,0.0,0.0,41.74040172969185,0.0,0.0,0.0,0.0,0.0,0.0,0.0,0.0,0.0,0.0,0.0,0.0,0.6956733621615308,0.0,0.0,0.0,0.0,0.0,-482.4246654663718,0.0,0.0,20.870200864845923,0.0,0.0,0.0,0.0,0.0,0.0,0.0,0.0,0.0,0.0,182.32850671732987,0.0,0.0,20.870200864845923,20.870200864845923,1000.0,-1000.0,0.0,66.08653275676939,0.0,0.0,0.0,0.0,0.0,1000.0,1000.0,531.5297325554878,0.06956733621615308,0.0,0.0,-7.8125000000000036,69.35245626622097,207.57531189465104,118.67863487829122,0.0,0.0,0.0,0.0,0.0,0.0,0.0,0.0,0.0,0.0,0.0,0.0,0.0,0.0,0.0,0.06956733621615308,0.0,0.0,0.0,-11.44994518492541,11.44994518492541,0.0,0.0,0.0,0.0,0.0,547.2209829206794,0.0,-552.5776678093233,-990.3347780883695,-5.217550216211481,0.0,-3.4783668108076427,0.0,0.0,0.0,0.0,0.0,0.0,0.0,0.0,0.0,0.0,0.0,0.0,0.0,0.0,0.0,958.2595982703082,0.0,0.0,0.0,328.97947927580117,0.0,0.0,0.06956733621615308,0.0,0.06956733621615308,0.0,0.0,0.0,41.74040172969185,84.87215018370675,84.87215018370675,0.0,0.0,0.0,0.0,0.0,0.0,0.0,0.0,0.0,1000.0,0.0,0.0,0.0,0.0,0.0,0.0,0.0,0.0,0.0,0.0,0.0,0.0,0.0,0.0,0.0,0.0,0.0,77.97369904216853,0.0,0.0,0.0,0.10435100432422961,0.0,0.0,0.0,-20.870200864845923,0.0,0.0,0.0,0.0,0.0,-451.9255290316128,3.4783668108076538,0.0,0.0,0.0,0.0,0.0,-994.6433151113562,-3.4783668108076427,0.0,0.0,0.0,0.0,0.0,0.0,0.0,0.0,0.0,0.0,0.0,82.08653275676939,0.0,51.08653275676939,207.57531189465104,0.0,-1000.0,552.5776678093233,447.42233219067674,0.0,-29.383293952171428,0.0,3.4783668108076427,1000.0,0.0,0.0,0.0,-12.253126818872547,0.0,0.0,0.0,0.0,0.0,0.0,0.0,0.0,0.0,989.5648995675772,0.0,84.87215018370675,0.0,0.0,0.0,0.0,0.0,0.0,0.0,0.0,0.0,0.0,0.0,0.0,467.5781796802472,-61.53995626622097,-410.1008755771919,0.0,20.870200864845923,0.0,0.0,0.0,0.0,171.3201646305086,0.0,0.0,0.07652406983777382,0.0,0.0,0.0,42.436075091853375,0.0,0.0,0.0,0.0,3.919814617459828,0.0,0.0,0.0,0.0,0.0,0.0,0.0,0.0,239.1160632383635,0.0,0.0069567336216151965,0.0069567336216151965,0.0,0.0,0.0,0.0,0.0,0.0,0.0,0.0,0.0,-7.8125000000000036,0.0,0.0,0.0,0.0,0.0,451.9255290316128,0.0,0.0,0.0,0.0,0.0,0.0,0.0,47.297825635602265,0.0,0.0,0.0,0.0,0.0,-371.24063943760865,0.0,0.0,0.0,0.0,41.74040172969185,0.0,0.0,0.0,0.0,0.0,-333.4237608643979,291.68335913470605,0.0,0.0,0.0,0.0,0.0,0.0,0.0,0.0,0.0,0.0,0.0,0.0,-575.0315455307571,-1000.0,47.65362530806485,-502.4914181391005,481.6212172742546,0.0,990.0565087435049,0.0,0.0,0.0,0.0,0.0,0.0,0.0,0.0,0.0,523.4375,0.0,-523.4374999999999,-523.4374999999999,0.0,0.0,0.0,0.0,-8.695917027019163,0.0,-5.217550216211481,-5.217550216211521,0.0,0.0,0.0,0.0,0.0,0.0,-0.8695917027019133,12.253126818872547,0.0,0.0,0.0,0.0,0.0,0.0,0.0,956.4981870247308,20.870200864845923,20.870200864845923,0.0,0.0,0.0,0.0,0.0,0.07652406983777382,451.9255290316128,0.0,0.0,-990.0565087435049,0.0,0.0,0.0,0.0,0.0,0.0,0.0,0.0,0.0,0.0,0.0,0.0,0.0,0.0,0.0,0.0,0.0,7.583412349524297,0.0,73.04570302696074,5.356684888643786,0.0,0.0,0.0,0.0,0.0,451.9255290316128,0.0,992.403246885195,0.0,0.0,0.0,-8.695917027019163,0.0,0.0,0.0,0.0,0.0,0.0,0.0,0.0,0.0,0.0,0.0,0.0,0.0,0.0,0.0,0.0,0.0,0.0,-0.06956733621615308,0.0,0.0,3.4783668108076538,-238.27341222301547,0.0,0.0,0.0,0.0,0.0,0.0,0.0,0.0,5.989747648210784,1.7391834054038269,0.0,0.0,0.0,0.06956733621615308,0.0,69.56733621615307,-13.982461877483155,13.913467243230615,0.49690954440109336,209.25969274211565,-0.052175502162114806,3.4783668108076427,1.3913467243230615,-0.3478366810808211,-209.25969274211565,20.870200864845923,-0.06956733621615308,0.0,66.08653275676939,0.01739183405403827,0.4969095444010934,0.0,-11.075119925612626,-1.3913467243230615,185.62031971880435,-0.06956733621615308,0.01739183405403827,-209.25969274211565,6.9567336216153075,0.06956733621615308,0.06956733621615308,-451.7794376255589,0.07652406983776827,-46.41294811700914,-0.052175502162114806,20.870200864845923,0.06956733621615308,20.870200864845923,-34.78366810807654,-0.03478366810807654,-246.50599387043286,-85.0,-0.052175502162114806,-0.06956733621615308,-13.982461877483155,0.06956733621615308,6.956733621615285,-1.3913467243230615,77.97369904216853,77.97369904216853,-6.9567336216153075,-185.62031971880435,-77.97369904216853,13.913467243230615,0.10435100432422961,-914.8387747462695,6.9567336216153075,-160.05174799466815,66.08653275676939,-13.913467243230615,0.03478366810807654,0.6956733621615308,192.03478038612852,96.0,-0.06956733621615308,-467.5781796802472,451.7794376255589,21.565874227007452,0.06956733621615308,11.075119925612626,-17.39427070261428,66.08653275676939,-0.06956733621615308,-0.01739183405403827,-66.08653275676939,-0.06956733621615308,-16.95038624738614,0.06956733621643707,-0.01739183405403827,-0.01739183405403827,-0.01739183405403827,27.82693448646123,34.78366810807654,0.6956733621615308,51.54070021914346,-0.01739183405403827,384.06956077225703,3.4783668108076538,11.953559934500724,0.06956733621615308,0.03478366810807654,0.03478366810807654,40.0,13.982461877483155,0.06956733621615308,-13.982461877483155,0.6956733621615308,0.06956733621615308,-51.540700219143446,0.06956733621615308,0.2782693448646558,0.3478366810808211,0.03478366810807654,0.01739183405403827,20.870200864845923,-0.06956733621615308,46.41294811700914,0.6956733621615308,-103.08140043828692,1.7391834054038382,-6.956733621615285,13.913467243230615,3.4783668108076538,-0.06956733621615308,0.0,0.10435100432422961,-0.06956733621615308,-80.0,13.982461877483155,-134.03322778863054,0.03478366810807654,-23.90711986900145,-0.06956733621615308,-0.06956733621643707,-0.06956733621615308,0.03478366810807654,209.25969274211565,-13.913467243230615,0.06956733621615308,384.06956077225703,-0.01739183405403827,-0.07652406983776827,-384.06956077225703,10.43510043242296,85.0,548.78003552337,209.25969274211565,-0.052175502162114806,467.5781796802472,-96.0,0.06956733621615308,-0.01739183405403827,3.4783668108076427,69.56733621615308,-0.03478366810807654,-0.06956733621615308,0.01739183405403827,0.0,0.0,-85.1960089218386,0.0,-46.0,0.0,250.71775139798183,-31.0,0.0,-32.0,-93.0,-65.0,-1000.0,16.0,23.0,46.5,0.0,15.5,-451.9255290316128,-37.286936841878045,1000.0,65.0,-37.286936841878045,-250.71775139798183,130.5776442394904,0.0,1496.5981,hclb
458,0.0,0.0,0.0,0.0,0.0,0.0,0.0,0.0,145.9206723593975,0.0,0.0,0.0,0.0,0.0,0.0,0.0,60.979040231384886,-913.8906249999899,0.0,1000.0,0.0,0.0,0.0,0.0,0.0,0.0,0.0,0.0,0.0,506.11094122516295,0.0,0.0,212.99342222657273,0.0,0.0,0.0,0.0,-8.62534300360601,0.0,-1000.0,1000.0,0.0,0.0,0.0,0.0,0.0,0.0,167.24234867096186,-567.0899814565478,-386.93250429536477,0.0,0.0,0.0,0.061933532090953876,0.0,0.0,0.0,67.18461398933691,0.0,0.0,-4.380698735547287,0.0,6.113910872993077,0.0,0.0,0.0,0.0,0.0,0.0,0.0,0.0,0.5630321099200507,0.0,0.0,0.0,0.0,0.0,0.0,0.0,648.6542969345636,0.0,0.0,0.0,0.0,33.78192659520304,0.0,0.0,0.0,0.0,545.869106771193,-0.014075802748001267,0.0,0.0,466.5791718987589,16.89096329760152,0.0,16.89096329760152,-1.812963393942347,0.0,0.0,0.0,2.8151605496002534,105.26653133441239,0.0,0.0,-12.816611681207263,786.678189848319,3.3113847570602437,0.0,0.0,0.0,0.0,0.0,0.0,0.0,0.0,0.0,0.0,0.0,0.0,0.0,0.0,0.0,0.0,-399.98636832178215,0.0,0.0,16.89096329760152,0.0,17.453995407521568,17.453995407521568,0.0,-731.4612781647569,1000.0,-268.5387218352431,268.5387218352431,0.0,0.0,0.0,-1.7332121374457898,0.0,0.0,0.0,0.0,0.0,4.335347246384368,0.05630321099200507,0.0,0.0,0.0,-417.754512663004,-1000.0,0.0,0.0,0.0,0.0,271.5905651801238,0.0,0.0,0.0,0.0,0.0,-76.16809152052697,-76.16809152052697,0.0,0.0,0.0,0.0,-611.325659723118,0.0,0.0,-76.11178830953497,0.0,0.0,0.0,-291.0855359703761,-928.9351360640156,0.0,0.0,0.0,0.0,0.0,0.0,0.0,0.0,0.0,0.0,0.0,0.0,0.0,0.0,-1000.0,0.0,0.0,0.0,0.0,0.0,386.93250429536477,0.0,123.41557333906593,-123.41557333906593,0.0,0.0,0.0,0.0,0.0,0.0,0.0,400.84440989075057,1000.0,0.0,0.0,0.0,0.0,0.0,0.0,0.0,0.0,0.0,0.0,0.0,0.0,0.0,211.52460776753566,610.597607211487,0.0,0.0,0.0,0.0,1.7332121374457898,79.3133756898075,0.0,0.0,0.0,0.0,-4.380698735547287,0.0,0.0,0.0,107.75907508618037,0.0,0.0,0.0,0.0,0.0,0.0,111.31837688002595,0.0,0.0,123.41557333906593,0.0,-443.67440811748185,0.0,0.0,0.0,0.0,1.7332121374457898,886.2500803558497,0.0,0.0,0.0,-13.208115457985741,0.0,0.0,-1000.0,0.0,0.0,-1000.0,0.0,0.0,123.41557333906593,0.0,776.6149297956238,386.93250429536477,0.0,112.68057379292976,0.0,0.0,0.0,-380.2523304423503,0.0,380.2523304423503,0.0,-76.22439473151897,0.0,1.7332121374457898,1000.0,0.0,0.0,0.0,-4.380698735547287,-0.0844548164880076,0.0,0.0,0.0,0.0,0.05630321099200507,0.0,0.0,0.0,903.795661012591,60.979040231384886,0.0,-401.65790825631035,575.3248269247395,928.9351360640156,946.4183933585567,0.0,0.0,0.0,-12.816611681207263,0.0,0.0,0.0,-4.847706466411385,252.9510045460431,-248.1032980796317,-199.64137127139026,-1000.0,0.0,0.0,0.0,0.0,0.0,0.0,0.0,0.0,0.0,0.0,0.0,0.0,0.0,0.0,0.0,0.0,107.75907508618037,-1000.0,0.0,-991.5998698403622,0.0,0.0,0.0,0.0,0.0,0.0,-4.335347246384368,0.0,0.0,0.0,172.29102447889687,0.0,-252.9510045460431,0.0,230.07556362110574,235.87203133100533,0.0,0.0,-634.7447876810814,0.0,0.0,0.0,-232.890724170706,-364.01377865481754,-237.27961160580546,631.9296271314812,0.0,0.0,1000.0,271.6672677526063,-639.2191015289443,16.89096329760152,0.0,0.0,0.0,0.0,0.0,145.97697557038953,0.0,-211.52460776753566,211.52460776753566,211.52460776753566,-130.17390828215144,0.0,0.0,0.0,0.0,0.0,400.84440989075057,0.0,0.0,-10.494609608540364,0.0,0.0,70.47256993904477,0.0,0.0,0.0,0.0,-37.36967890079949,0.11260642198406774,0.0,0.0,0.0,0.0,0.0,0.0,0.0,0.0,0.0,0.0,0.0,0.0,0.0,0.0,0.0,0.0,0.0,0.0,0.0,0.061933532090953876,0.061933532090953876,0.0,296.26396556913465,0.0,33.78192659520304,0.0,183.97933692422066,0.0,1000.0,0.0,0.0,0.0,0.0,0.0,107.27337990412563,-1000.0,0.0,0.0,0.0,0.0,0.0,70.47256993904477,0.0,0.0,0.0,0.0,0.0,0.0,0.0,133.32878944059405,-903.795661012591,631.076322814685,0.0,4.335347246384368,0.0,466.5791718987589,0.0,-79.3133756898075,0.0,107.27337990412563,0.0,69.90370100332615,0.0,-140.625,140.625,211.52460776753566,0.0,0.0,0.0,0.0,0.0,0.0,0.0,0.0,0.0,0.0,0.0,0.0,0.0,33.78192659520304,1.7332121374457898,1.7332121374457898,0.0,0.0,0.0,0.0,0.0,0.0,0.0,0.0,0.0,0.0,0.5630321099200507,0.0,0.0,0.0,0.0,0.0,0.0,0.0,0.0,16.89096329760152,0.0,0.0,0.0,0.0,0.0,0.0,0.0,0.0,0.0,0.0,1000.0,0.0,0.0,16.89096329760152,16.89096329760152,-322.2222207577166,-1000.0,0.0,70.47256993904477,0.0,0.0,0.0,0.0,0.0,1000.0,400.84440989075057,1000.0,0.05630321099200507,0.0,0.0,0.0,4.540451800712408,224.7298777649577,0.0,-466.5791718987589,0.0,0.0,0.0,0.0,0.0,0.0,0.0,0.0,0.0,0.0,0.0,0.0,0.0,0.0,0.05630321099200507,0.0,0.0,0.0,-540.0048701718682,540.0048701718682,0.0,0.0,0.0,0.0,0.0,4.0647829132534525,0.0,0.0,0.0,-4.22274082440038,-2.815160549600254,0.0,0.0,0.0,0.0,0.0,0.0,0.0,0.0,0.0,0.0,0.0,0.0,1.7332121374457898,928.9351360640156,0.0,0.0,363.59605902065596,0.0,0.0,0.0,145.9206723593975,0.0,0.0,0.05630321099200507,0.0,0.05630321099200507,0.0,0.0,0.0,33.78192659520304,68.68991741024618,68.68991741024618,0.0,0.0,0.0,0.0,0.0,0.0,0.0,631.076322814685,0.0,400.84440989075057,0.0,0.0,0.0,0.0,0.0,0.0,0.0,0.0,0.0,0.0,0.0,0.0,0.0,0.0,0.0,0.0,0.0,79.3133756898075,0.0,0.0,0.0,0.0844548164880076,0.0,0.0,0.0,-16.89096329760152,0.0,0.0,0.0,0.0,0.0,-296.26396556913465,2.8151605496002534,0.0,0.0,0.0,0.0,611.325659723118,900.3411203321646,0.0,0.0,0.0,0.0,0.0,0.0,0.0,0.0,1.7332121374457898,0.0,0.0,261.43112822192614,84.73935780159898,0.0,684.815680616284,211.91326608375044,8.400130159637843,896.0057730857802,0.0,-904.405903245418,0.0,817.5601629456036,183.97933692422066,2.8151605496002534,1000.0,0.0,0.0,0.0,-10.494609608540364,0.0,0.0,0.0,0.0,0.0,0.0,0.0,0.0,0.0,-8.445481648800763,0.0,68.68991741024618,0.0,0.0,0.0,0.0,0.0,0.0,0.0,0.0,0.0,0.0,0.0,0.0,308.9321880423358,-4.540451800712408,-966.2576857093014,0.0,16.89096329760152,0.0,0.0,0.0,0.0,-87.16574129578294,0.0,0.0,0.061933532090953876,0.0,0.0,0.0,34.34495870512309,0.0,0.0,0.0,0.0,610.597607211487,0.0,786.678189848319,0.0,0.0,0.0,0.0,0.0,0.0,0.0,0.0,188.9537617087261,0.005630321099200507,0.0,0.0,0.0,0.0,0.0,0.0,0.0,0.0,0.0,0.0,0.0,0.0,0.0,0.0,0.0,296.26396556913465,0.0,0.0,0.0,0.0,0.0,0.0,0.0,386.93250429536477,0.0,0.0,0.0,0.0,1000.0,331.4830288018458,-913.8906249999899,0.0,0.0,0.0,33.78192659520306,0.0,0.0,0.0,0.0,0.0,309.72672437544605,-343.5086509706491,0.0,0.0,0.0,0.0,0.0,0.0,0.0,0.0,0.0,0.0,0.0,0.0,-1000.0,905.6251600630221,38.56769952952347,0.0,-16.89096329760152,0.0,-8.62534300360601,0.0,0.0,0.0,0.0,0.0,0.0,0.0,0.0,0.0,0.0,0.0,0.0,0.0,0.0,0.0,0.0,183.97933692422066,-7.037901374000634,1.7332121374457898,-4.22274082440038,-4.22274082440038,0.0,0.0,0.0,0.0,0.0,-0.7037901374000634,0.0,10.494609608540364,0.0,0.0,0.0,0.0,0.0,0.0,0.0,1000.0,16.89096329760152,16.89096329760152,0.0,0.0,0.0,0.0,648.6542969345636,0.061933532090953876,296.26396556913465,0.0,0.0,8.62534300360601,188.9481313876269,0.0,0.0,0.0,0.0,0.0,0.0,0.0,0.0,0.0,0.0,0.0,0.0,0.0,0.0,0.0,0.0,17.453995407521568,0.0,59.11837154160532,4.335347246384368,0.0,0.0,0.0,0.0,0.0,296.26396556913465,0.0,-904.9692442757073,0.0,0.0,0.0,-7.037901374000634,0.0,0.0,0.0,0.0,0.0,0.0,0.0,0.0,0.0,0.0,0.0,0.0,0.0,0.0,0.0,0.0,0.0,0.0,-0.05630321099200507,0.0,0.0,2.8151605496002534,-107.27337990412563,0.0,0.0,0.0,0.0,1.7332121374457898,0.0,0.0,0.0,4.847706466411385,1.4075802748001267,0.0,0.0,0.0,0.05630321099200507,0.0,56.30321099200506,0.0,11.260642198401014,0.4021657928000362,191.99394948273726,-0.0422274082440038,2.8151605496002547,1.1260642198401014,-0.2815160549601732,-191.99394948273726,16.89096329760152,-0.05630321099200507,4.272203893735754,70.47256993904477,0.014075802748001267,0.4021657928000362,-12.816611681207263,-8.963471189927077,-1.1260642198401014,-147.088415231395,-0.05630321099200507,0.014075802748001267,-191.99394948273726,5.630321099200507,0.05630321099200507,0.05630321099200507,-296.1457288260517,0.061933532091209206,0.0,-0.0422274082440038,16.89096329760152,0.05630321099200507,16.89096329760152,-28.15160549600253,-0.028151605496002534,-245.95734181770928,-85.0,-0.0422274082440038,-0.05630321099200507,0.0,0.05630321099200507,5.630321099200507,-1.1260642198401014,79.3133756898075,79.3133756898075,-5.630321099200507,147.088415231395,-79.3133756898075,11.260642198401014,0.0844548164880076,-1000.0,5.630321099200507,-133.32878944059405,70.47256993904477,-11.260642198401014,0.028151605496002534,0.5630321099200507,100.41447706407759,96.0,-0.05630321099200507,-308.9321880423358,296.1457288260517,17.453995407521568,0.05630321099200507,8.963471189927077,2.908716748638647,70.47256993904477,-0.05630321099200507,-0.014075802748001267,-70.47256993904477,-0.05630321099200507,-824.0478687491185,0.05630321099200507,-0.014075802748001267,-0.014075802748001267,-0.014075802748001267,22.521284396802027,28.15160549600253,0.5630321099200507,283.387700867214,-0.014075802748001267,196.5567502344194,2.8151605496002534,21.5,0.05630321099200507,0.028151605496002534,0.028151605496002534,40.0,0.0,0.05630321099200507,0.0,0.5630321099200507,0.05630321099200507,-766.7358197142379,0.05630321099200507,0.22521284396816732,0.2815160549601732,0.028151605496002534,0.014075802748001267,16.89096329760152,-0.05630321099200507,0.0,0.5630321099200507,-566.775401734428,1.4075802748001252,-5.630321099200507,11.260642198401014,2.8151605496002534,-0.05630321099200507,12.816611681207263,0.0844548164880076,-0.05630321099200507,-80.0,0.0,349.6528631829239,0.028151605496002534,-43.0,-0.05630321099200507,-0.05630321099200507,-0.05630321099200507,0.028151605496002534,191.99394948273726,-11.260642198401014,0.05630321099200507,200.82895412815517,-0.014075802748001267,-0.061933532091209206,-200.82895412815517,8.44548164880076,85.0,757.606114388848,191.99394948273726,-0.0422274082440038,308.9321880423358,-96.0,0.05630321099200507,-0.014075802748001263,175.10618502849712,56.30321099200506,-0.028151605496002534,-0.05630321099200507,0.014075802748001267,0.0,0.0,330.68716828424505,483.3481188470239,-46.0,0.0,366.881108391711,-2.3244571057453562,0.0,-32.0,-93.0,-65.0,-669.2846801102589,16.0,23.0,46.5,0.0,1.1622285528726786,-296.26396556913465,-262.487121887141,669.2846801102589,65.0,-262.487121887141,-366.881108391711,179.17103527193592,0.0,1496.5981,hclb
459,0.0,0.0,0.0,0.0,0.0,0.0,0.0,0.0,269.04238606730735,0.0,0.0,0.0,0.0,0.0,0.0,0.0,-48.50253094974681,106.34578299262535,0.0,0.0,0.0,0.0,0.0,572.6878703734956,0.0,0.0,0.0,0.0,0.0,-137.2626344993473,0.0,0.0,13.628049755231185,0.0,0.0,0.0,0.0,-167.1953308714148,0.0,-1000.0,1000.0,0.0,0.0,370.4747868454338,0.0,0.0,0.0,0.0,-184.70962139633968,0.0,0.0,0.0,0.0,0.07539635886973883,0.0,0.0,0.0,0.0,0.0,0.0,17.589165984111613,0.0,-670.7379193212554,-724.0250858471068,0.0,0.0,0.0,0.0,0.0,320.140586175507,0.0,0.6854214442705593,0.0,0.0,0.0,0.0,0.0,0.0,0.0,0.0,0.0,0.0,-131.5658724741021,0.0,41.125286656233556,0.0,0.0,0.0,71.89237405547851,0.0,-0.01713553610676398,0.0,0.0,0.0,20.562643328116778,0.0,20.562643328116778,0.0,0.0,0.0,0.0,3.427107221352796,-1000.0,0.0,0.0,-15.857168852930878,0.0,0.0,0.0,0.0,0.0,0.0,0.0,0.0,0.0,0.0,0.0,0.0,0.0,0.0,0.0,0.0,0.0,0.0,-627.7286207764739,0.0,0.0,20.562643328116778,0.0,21.248064772387337,1.35751484076917,0.0,0.0,-578.7962842319071,578.7962842319071,-578.7962842319071,-605.6713409635681,1000.0,-1000.0,534.7950084536051,0.0,0.0,0.0,0.0,0.0,136.8436175949854,0.06854214442705592,0.0,0.0,0.0,0.0,0.0,0.0,0.0,131.5658724741021,0.0,280.216933747846,0.0,0.0,0.0,0.0,0.0,629.8921561880211,629.8921561880211,0.0,0.0,0.0,0.0,865.94296438783,0.0,0.0,629.9606983324481,0.0,0.0,0.0,0.0,0.0,0.0,0.0,0.0,0.0,0.0,0.0,0.0,0.0,0.0,0.0,0.0,0.0,0.0,0.0,-355.1168846804917,0.0,0.0,0.0,0.0,0.0,0.0,0.0,708.944595611035,-708.944595611035,29.11315799102664,0.0,0.0,0.0,0.0,0.0,0.0,862.7373655006527,-957.2761969387932,0.0,0.0,0.0,0.0,0.0,0.0,0.0,0.0,0.0,0.0,0.0,0.0,0.0,351.59606422155684,2.4763553774862075,370.4747868454338,0.0,0.0,0.0,0.0,78.07724341286735,0.0,0.0,0.0,0.0,17.589165984111613,0.0,0.0,0.0,0.0,0.0,0.0,0.0,0.0,0.0,119.8172458762457,13.708428885411184,0.0,0.0,-362.94777844444354,-1000.0,524.2349742146953,0.0,-370.4747868454338,0.0,0.0,70.87633250996299,-593.3875979904665,0.0,0.0,0.0,-461.90203270948746,0.0,0.0,-339.6598897291727,0.0,0.0,-339.6598897291727,0.0,0.0,780.8369696665135,0.0,1000.0,0.0,0.0,86.7572112291304,0.0,0.0,0.0,0.0,0.0,0.0,0.0,823.1463050651413,41.76317451893635,0.0,0.0,0.0,0.0,0.0,17.589165984111613,-0.10281321664058388,0.0,0.0,0.0,0.0,0.06854214442705592,0.0,0.0,0.0,107.54659407223521,-48.50253094974681,0.0,-788.9533068065424,164.66334005227026,0.0,912.5078976945916,0.0,-240.41567929377334,0.0,-15.857168852930878,0.0,0.0,0.0,905.191102774687,335.2245765190863,-1000.0,-1000.0,-1000.0,0.0,0.0,0.0,0.0,0.0,0.0,0.0,0.0,0.0,0.0,0.0,0.0,0.0,0.0,0.0,0.0,0.0,-1000.0,0.0,-1000.0,131.5658724741021,166.92116229370635,117.61018882569476,0.0,0.0,0.0,-256.6608634712311,0.0,0.0,0.0,0.0,0.0,0.0,0.0,-3.427107221352796,-1.713553610676398,-335.2245765190863,-70.10085721316864,0.0,0.0,-3.384578880887261,0.0,0.0,0.0,0.0,-3.427107221352796,-569.0137904480646,0.0,0.0,0.0,996.5728927786472,20.562643328116778,0.0,0.0,0.0,0.0,0.0,269.1109282117344,351.59606422155684,0.0,0.0,0.0,95.1487399675197,0.0,0.0,-193.32269102154726,0.0,0.0,862.7373655006527,0.0,0.0,-35.69800054173976,0.0,234.37500000000023,108.05474563352517,0.0,0.0,0.0,0.0,-18.08628795063057,0.13708428885409674,0.0,0.0,0.0,0.0,0.0,0.0,0.0,0.0,0.0,278.37741165657053,0.0,0.0,0.0,0.0,0.0,0.0,0.0,0.0,0.0,0.07539635886973883,0.07539635886973883,0.0,433.88763533614565,0.0,41.125286656233556,0.0,0.0,0.0,1000.0,0.0,0.0,0.0,0.0,0.0,470.4757816009432,-1000.0,0.0,0.0,0.0,0.0,0.0,108.05474563352517,0.0,0.0,0.0,0.0,0.0,0.0,0.0,209.24287359215796,-107.54659407223521,0.0,0.0,5.277745120883303,0.0,0.0,0.0,-107.19040140389399,0.0,470.4757816009432,0.0,1000.0,-547.6105063496873,0.0,0.0,351.59606422155684,0.0,0.0,0.0,0.0,0.0,0.0,0.0,0.0,0.0,0.0,0.0,0.0,0.0,41.125286656233556,70.87633250996305,70.87633250996299,0.0,0.0,0.0,0.0,0.0,0.0,0.0,0.0,0.0,0.0,0.6854214442705593,0.0,0.0,0.0,0.0,0.0,0.0,0.0,0.0,20.562643328116778,0.0,0.0,0.0,0.0,0.0,0.0,0.0,0.0,0.0,0.0,0.0,0.0,0.0,20.562643328116778,20.562643328116778,1000.0,-1000.0,0.0,108.05474563352517,0.0,0.0,0.0,0.0,0.0,1000.0,862.7373655006527,600.021444014173,0.06854214442705592,0.0,0.0,0.0,85.08963408776881,0.0,0.0,0.0,0.0,-41.76317451893635,0.0,0.0,0.0,0.0,0.0,0.0,0.0,0.0,0.0,0.0,0.0,0.0,0.06854214442705592,0.0,0.0,0.0,0.0,0.0,0.0,0.0,0.0,166.92116229370635,-139.05067464553633,0.0,0.0,0.0,0.0,-5.140660832029194,0.0,-3.427107221352796,0.0,0.0,0.0,0.0,0.0,0.0,0.0,0.0,0.0,0.0,0.0,70.87633250996305,0.0,0.0,0.0,1000.0,0.0,0.0,0.0,269.04238606730735,0.0,0.0,0.06854214442705592,0.0,0.06854214442705592,0.0,0.0,0.0,41.125286656233556,83.62141620100823,83.62141620100823,0.0,0.0,0.0,0.0,0.0,0.0,0.0,0.0,0.0,862.7373655006527,0.0,0.0,0.0,911.0925814098565,0.0,0.0,0.0,0.0,0.0,0.0,0.0,0.0,0.0,0.0,0.0,0.0,0.0,107.19040140389399,0.0,0.0,0.0,0.10281321664058388,0.0,0.0,0.0,-20.562643328116778,0.0,0.0,0.0,0.0,0.0,-433.88763533614565,3.427107221352796,0.0,0.0,0.0,0.0,-865.94296438783,117.61018882569476,-3.427107221352796,0.0,234.37500000000023,0.0,0.0,0.0,0.0,0.0,70.87633250996305,0.0,0.0,1.5571460689623962,82.29157111458882,0.0,51.29157111458882,-15.857168852930878,0.0,0.0,0.0,0.0,131.5658724741021,-677.0090141914746,0.0,3.427107221352796,1000.0,0.0,0.0,0.0,-35.69800054173976,0.0,0.0,0.0,0.0,0.0,0.0,0.0,0.0,0.0,-10.281321664058396,0.0,83.62141620100823,0.0,0.0,0.0,0.0,0.0,0.0,0.0,0.0,0.0,119.8172458762457,0.0,0.0,449.30961783223324,-363.4670457443393,0.0,0.0,20.562643328116778,0.0,0.0,0.0,0.0,157.90550740478892,0.0,0.0,0.07539635886973883,0.0,0.0,0.0,41.810708100504115,0.0,0.0,0.0,0.0,2.4763553774862075,0.0,0.0,0.0,0.0,0.0,0.0,0.0,0.0,-28.420356151695387,0.0,0.006854214442705788,0.006854214442705788,0.0,0.0,0.0,0.0,0.0,0.0,0.0,0.0,0.0,0.0,0.0,0.0,0.0,0.0,0.0,433.88763533614565,0.0,0.0,0.0,0.0,0.0,0.0,0.0,0.0,0.0,0.0,0.0,0.0,1000.0,-281.7146832958333,106.34578299262535,0.0,0.0,0.0,41.125286656233556,0.0,0.0,0.0,0.0,0.0,0.0,-41.125286656233556,0.0,0.0,0.0,0.0,0.0,0.0,0.0,0.0,0.0,0.0,0.0,0.0,-600.021444014173,-1000.0,958.0439503423898,0.0,-20.562643328116778,0.0,-0.2741685777084424,0.0,0.0,0.0,0.0,0.0,0.0,0.0,0.0,0.0,0.0,0.0,0.0,0.0,0.0,0.0,0.0,0.0,-8.56776805338199,70.87633250996299,-5.140660832029194,905.9519205778273,0.0,0.0,0.0,0.0,0.0,0.0,-0.8567768053381991,167.26387301584185,0.0,0.0,0.0,0.0,0.0,0.0,0.0,1000.0,20.562643328116778,20.562643328116778,0.0,0.0,0.0,0.0,0.0,0.07539635886973883,433.88763533614565,0.0,0.0,0.27416857770845127,0.0,0.0,0.0,0.0,0.0,0.0,0.0,0.0,0.0,0.0,0.0,0.0,0.0,0.0,0.0,0.0,0.0,1.35751484076917,0.0,71.96925164840872,5.277745120883303,0.0,0.0,0.0,0.0,0.0,433.88763533614565,0.0,0.0,0.0,0.0,0.0,-8.56776805338199,0.0,0.0,0.0,0.0,0.0,0.0,0.0,0.0,0.0,0.0,0.0,0.0,0.0,0.0,0.0,0.0,0.0,0.0,-0.06854214442705592,0.0,0.0,3.427107221352796,-470.4757816009432,0.0,0.0,0.0,0.0,70.87633250996299,0.0,0.0,0.0,-905.191102774687,1.713553610676398,0.0,0.0,0.0,0.06854214442705592,0.0,68.54214442705592,-19.890549931618168,13.708428885411186,0.4895867459075423,193.9476126330244,-0.05140660832029194,3.427107221352796,1.3708428885411186,-0.3427107221355072,-193.9476126330244,20.562643328116778,-0.06854214442705579,5.285722950976959,108.05474563352517,0.01713553610676398,0.4895867459075423,-15.857168852930878,-10.911909392787035,-1.3708428885411186,-57.84325204287853,-0.06854214442705592,0.01713553610676398,-193.9476126330244,6.854214442705592,0.06854214442705579,0.06854214442705592,-433.74369683284885,0.0753963588697617,0.0,-0.05140660832029194,20.562643328116778,0.06854214442705592,20.562643328116778,-34.27107221352796,-0.03427107221352796,-248.50259604198422,-85.0,-0.05140660832029194,-0.06854214442705592,-19.890549931618168,0.06854214442705592,6.854214442705592,-1.3708428885411186,107.19040140389399,107.19040140389399,-6.854214442705592,57.84325204287853,-107.19040140389399,13.708428885411184,0.10281321664058388,-748.1273585344281,6.854214442705592,-209.24287359215796,108.05474563352517,-13.708428885411184,0.03427107221352796,0.6854214442705593,197.2383267016356,96.0,-0.06854214442705592,-449.30961783223324,433.74369683284885,21.248064772387337,0.06854214442705592,10.911909392787035,25.804172321057997,108.05474563352517,-0.06854214442705592,-0.01713553610676398,-108.05474563352517,-0.06854214442705592,-18.08628795063057,0.06854214442703474,-0.01713553610676398,-0.01713553610676398,-0.01713553610676398,27.416857770822368,34.27107221352796,0.6854214442705593,207.95237839142325,-0.01713553610676398,389.19093045229425,3.427107221352796,12.47025119666808,0.06854214442705592,0.03427107221352796,0.03427107221352796,40.0,19.890549931618168,0.06854214442705592,-19.890549931618168,0.6854214442705593,0.06854214442705592,-522.2948126694794,0.06854214442705592,0.2741685777084424,0.3427107221355072,0.03427107221352796,0.01713553610676398,20.562643328116778,-0.06854214442705592,0.0,0.6854214442705593,-415.9047567828465,1.7135536106763984,-6.854214442705592,13.708428885411184,3.427107221352796,-0.06854214442705592,15.857168852930878,0.10281321664058388,-0.06854214442705592,-80.0,19.890549931618168,-62.10603684862242,0.03427107221352796,-24.94050239333616,-0.06854214442705592,-0.06854214442703474,-0.06854214442705592,0.03427107221352796,193.9476126330244,-13.708428885411184,0.06854214442705592,394.4766534032712,-0.01713553610676398,-0.0753963588697617,-394.4766534032712,10.281321664058387,85.0,560.8509155793419,193.9476126330244,-0.05140660832029194,449.30961783223324,-96.0,0.06854214442705592,-0.01713553610676398,3.427107221352796,68.54214442705592,-0.03427107221352796,-0.06854214442705592,0.01713553610676398,0.0,0.0,-32.74388220429887,314.3424342780561,-46.0,0.0,163.64325113700104,-31.0,0.0,-32.0,-93.0,-65.0,-780.8369696665135,16.0,23.0,46.5,0.0,15.5,-433.88763533614565,-95.7994705561665,780.8369696665135,65.0,-95.7994705561665,-163.64325113700104,65.49243218661873,0.0,1496.5981,hclb
460,0.0,0.0,0.0,0.0,0.0,0.0,0.0,0.0,144.02420580212757,0.0,0.0,0.0,0.0,0.0,0.0,0.0,311.47930106632424,401.8846441437014,0.0,42.34278171889497,0.0,0.0,0.0,0.0,0.0,0.0,0.0,0.0,0.0,740.3897230782222,0.0,0.0,0.0,0.0,0.0,0.0,0.0,999.8550133270821,0.0,-1000.0,1000.0,0.0,-942.3402144304067,-1000.0,0.0,0.0,0.0,0.0,-994.2092385749531,-692.5620319650612,0.0,0.0,0.0,0.03987133505233942,0.0,0.0,0.0,0.0,0.0,0.0,-84.87522627155522,0.0,1000.0,889.553970767266,0.0,0.0,0.0,0.0,247.91822140757012,-247.91822140757012,0.0,0.3624666822932944,0.0,0.0,0.0,0.0,0.0,0.0,0.0,0.0,0.0,0.0,400.7480519560304,0.0,21.74800093759766,0.0,90.20670400988405,51.86902414454647,1000.0,0.0,-0.009061667057332358,0.0,0.0,-354.3859620289414,10.87400046879883,0.0,53.6581296005144,-419.02221094558536,0.0,0.0,445.9993108403255,1.8123334114664718,302.3118278370501,0.0,0.0,0.0,0.0,0.0,0.0,0.0,0.0,0.0,0.0,0.0,0.0,0.0,0.0,0.0,0.0,0.0,0.0,0.0,0.0,0.0,-364.18768558165226,0.0,0.0,53.6581296005144,0.0,11.236467151092125,5.447036834225948,0.0,0.0,0.0,0.0,0.0,0.0,-984.3750000000929,984.3750000000929,-25.57080296117874,0.0,0.0,0.0,0.0,0.0,-307.750354492488,0.03624666822932943,0.0,0.0,0.0,-598.6763104565398,0.0,0.0,0.0,0.0,0.0,273.8951828455618,0.0,0.0,0.0,0.0,0.0,55.43289473758387,55.43289473758387,0.0,0.0,0.0,0.0,-794.1486600728748,0.0,0.0,55.469141405813204,0.0,0.0,0.0,0.0,-407.6242222904113,0.0,0.0,0.0,0.0,0.0,0.0,0.0,0.0,0.0,-149.70509235746283,0.0,0.0,0.0,0.0,-1000.0,0.0,0.0,0.0,0.0,0.0,692.5620319650612,942.3402144304067,-1000.0,1000.0,13.02801195212382,0.0,0.0,0.0,0.0,0.0,0.0,438.07789524117214,-348.10385671799236,0.0,0.0,0.0,0.0,0.0,0.0,0.0,0.0,0.0,0.0,0.0,0.0,0.0,422.14661289595244,652.3344400570542,-1000.0,0.0,0.0,0.0,12.542791009054923,-13.02801195212382,0.0,0.0,0.0,0.0,-84.87522627155522,0.0,0.0,0.0,97.9166259480896,0.0,0.0,0.0,0.0,0.0,0.0,7.249333645865887,42.784129131715574,0.0,-337.3389020530809,720.3208835165124,-1000.0,0.0,1000.0,0.0,0.0,25.57080296117874,550.6889098143581,0.0,0.0,0.0,69.96205532356305,0.0,0.0,-108.65489408937788,891.3451059106224,0.0,-1000.0,0.0,-891.3451059106224,0.0,0.0,386.567640293003,692.5620319650612,0.0,112.02227802828102,0.0,0.0,0.0,0.0,0.0,0.0,0.0,-215.2234639602976,0.0,12.542791009054923,-604.4401798057844,0.0,0.0,0.0,-84.87522627155522,-0.05437000234399415,0.0,0.0,0.0,0.0,0.03624666822932943,0.0,0.0,0.0,946.3418703994856,311.47930106632424,0.0,-774.4030834210968,766.8920628507128,407.6242222904113,968.3646722373254,0.0,-246.20250783521612,0.0,0.0,0.0,0.0,0.0,116.91620839204516,-247.91822140757012,377.20452085074106,-1000.0,-1000.0,0.0,0.0,0.0,0.0,0.0,0.0,0.0,0.0,0.0,0.0,0.0,0.0,0.0,0.0,0.0,0.0,97.9166259480896,0.0,0.0,-1000.0,0.0,0.0,417.8550682285984,0.0,0.0,0.0,307.750354492488,0.0,45.25125888429508,0.0,0.0,0.0,0.0,984.3750000000002,-1000.0,8.606045596473072,0.0,0.0,0.0,-546.0477061481237,0.0,-984.3750000000002,998.1876665885336,0.0,-9.512212302206308,-1.8123334114664718,42.93449258397595,0.0,363.3759549697505,0.0,0.0,53.6581296005144,0.0,0.0,0.0,0.0,0.0,144.0604524703569,1000.0,577.8533871040476,-577.8533871040476,-577.8533871040476,85.75066635413411,0.0,0.0,0.0,0.0,0.0,438.07789524117214,0.0,0.0,-14.907847484520971,0.0,0.0,85.29345736318903,0.0,0.0,0.0,0.0,0.0,0.07249333645859224,0.0,0.0,0.0,0.0,0.0,0.0,0.0,0.0,0.0,0.0,0.0,0.0,0.0,0.0,0.0,0.0,0.0,0.0,0.0,0.03987133505233942,0.03987133505233942,0.0,510.8972792500866,0.0,21.74800093759766,0.0,0.0,0.0,1000.0,0.0,0.0,90.20670400988405,0.0,0.0,395.3660112808777,-1000.0,0.0,0.0,183.42637495614142,0.0,0.0,85.29345736318903,0.0,0.0,0.0,0.0,0.0,0.0,0.0,121.39589519388409,-946.3418703994856,598.6763104565398,0.0,92.99769746354247,0.0,0.0,-354.3859620289414,-354.3859620289414,0.0,395.3660112808777,0.0,0.0,395.3660112808777,0.0,0.0,422.14661289595244,0.0,0.0,0.0,0.0,0.0,0.0,0.0,0.0,0.0,0.0,0.0,0.0,0.0,21.74800093759766,25.57080296117874,25.57080296117874,0.0,0.0,0.0,0.0,0.0,0.0,0.0,0.0,0.0,0.0,0.3624666822932944,0.0,0.0,90.20670400988405,-90.20670400988405,0.0,942.3402144304067,0.0,0.0,53.6581296005144,-183.42637495614142,0.0,0.0,0.0,0.0,0.0,0.0,0.0,0.0,0.0,681.6724501462061,0.0,0.0,10.87400046879883,10.87400046879883,1000.0,-1000.0,0.0,85.29345736318903,0.0,0.0,0.0,0.0,0.0,-302.3118278370501,438.07789524117214,-117.33666308385739,0.03624666822932943,0.0,0.0,0.0,26.080756155387046,0.0,0.0,354.3859620289414,0.0,0.0,0.0,0.0,0.0,0.0,0.0,0.0,0.0,0.0,0.0,0.0,0.0,0.0,0.03624666822932943,0.0,0.0,0.0,-84.75674743059903,84.75674743059903,0.0,0.0,0.0,0.0,0.0,770.8566816053815,0.0,0.0,-1000.0,-2.71850011719971,-1.8123334114664718,0.0,0.0,0.0,0.0,0.0,0.0,0.0,0.0,0.0,0.0,0.0,0.0,25.57080296117874,407.6242222904113,0.0,0.0,365.188288381217,0.0,0.0,0.0,144.02420580212757,0.0,0.0,0.03624666822932943,0.0,0.03624666822932943,0.0,0.0,0.0,21.74800093759766,44.22093523978193,44.22093523978193,0.0,0.0,0.0,0.0,0.0,0.0,45.25125888429508,598.6763104565398,0.0,438.07789524117214,0.0,0.0,120.0370465265905,0.0,0.0,0.0,0.0,0.0,0.0,0.0,0.0,0.0,0.0,0.0,0.0,0.0,0.0,0.0,0.0,0.0,0.0,0.05437000234399415,0.0,0.0,0.0,-53.6581296005144,0.0,0.0,0.0,0.0,0.0,-510.8972792500866,1.8123334114664718,0.0,0.0,0.0,0.0,794.1486600728748,-307.750354492488,0.0,0.0,0.0,0.0,0.0,0.0,0.0,0.0,25.57080296117874,0.0,183.42637495614142,1000.0,88.75066635413411,0.0,656.4269768106739,0.0,0.0,0.0,45.25125888429508,-45.25125888429508,0.0,506.46797457457615,0.0,1.8123334114664718,1000.0,0.0,0.0,0.0,-195.32125550428907,-320.5950484714359,320.5950484714359,1000.0,-1000.0,0.0,0.0,0.0,0.0,0.0,663.3208717247492,-519.0527796016859,44.22093523978193,0.0,0.0,0.0,0.0,0.0,0.0,0.0,0.0,0.0,0.0,0.0,0.0,0.0,-26.080756155387046,-932.2694232018962,-942.3402144304067,10.87400046879883,90.20670400988405,0.0,0.0,0.0,156.38156115571292,0.0,0.0,0.03987133505233942,0.0,0.0,0.0,22.110467619890954,0.0,0.0,0.0,0.0,652.3344400570542,0.0,0.0,0.0,0.0,0.0,0.0,0.0,0.0,207.46328952942622,0.0,0.0036246668229329426,0.0036246668229329426,0.0,0.0,0.0,0.0,0.0,0.0,0.0,0.0,0.0,0.0,0.0,0.0,0.0,0.0,0.0,510.8972792500866,0.0,0.0,0.0,0.0,0.0,0.0,0.0,692.5620319650612,0.0,0.0,0.0,180.4134080197681,0.0,1000.0,401.8846441437014,0.0,0.0,0.0,21.74800093759768,0.0,0.0,0.0,0.0,0.0,978.2519990624023,-1000.0,0.0,180.4134080197681,0.0,0.0,0.0,0.0,0.0,0.0,0.0,0.0,0.0,0.0,117.33666308385739,-1000.0,144.86601426368117,-1000.0,946.3418703994856,0.0,999.8550133270821,0.0,0.0,0.0,0.0,0.0,0.0,0.0,0.0,0.0,0.0,0.0,0.0,0.0,0.0,0.0,0.0,0.0,-4.530833528666182,25.57080296117874,-2.71850011719971,636.3713260110766,0.0,0.0,0.0,0.0,0.0,-0.45308335286661794,0.0,14.907847484520971,0.0,0.0,0.0,0.0,0.0,0.0,0.0,1000.0,10.87400046879883,10.87400046879883,0.0,0.0,0.0,0.0,0.0,0.03987133505233942,510.8972792500866,0.0,0.0,-999.8550133270821,0.0,0.0,0.0,0.0,0.0,0.0,0.0,0.0,0.0,0.0,0.0,0.0,0.0,0.0,0.0,0.0,0.0,5.447036834225948,0.0,38.059001640795906,138.24895634783755,0.0,0.0,0.0,0.0,0.0,510.8972792500866,0.0,304.7708783640345,0.0,0.0,0.0,-4.530833528666182,0.0,0.0,0.0,0.0,0.0,0.0,0.0,0.0,0.0,0.0,0.0,0.0,0.0,0.0,0.0,0.0,0.0,0.0,-0.03624666822932943,0.0,0.0,1.8123334114664718,-395.3660112808777,0.0,0.0,0.0,0.0,25.570802961178742,0.0,0.0,0.0,-116.91620839204516,0.9061667057332359,0.0,0.0,0.0,0.03624666822932943,0.0,36.24666822932943,-5.789430316866174,7.249333645865887,0.2589047730666388,112.02227802828102,-0.027185001171997077,1.8123334114663976,0.7249333645865887,-0.18123334114716272,-112.02227802828102,10.87400046879883,-0.03624666822932943,0.0,85.29345736318903,0.009061667057332358,0.25890477306663884,0.0,-95.97717359199589,-0.7249333645865887,-755.7067269289206,-0.03624666822932943,0.009061667057332358,-112.02227802828102,3.6246668229329435,0.03624666822932943,0.03624666822932943,-510.82116124680493,-90.16683267483178,0.0,-0.027185001171997077,10.87400046879883,0.03624666822932943,53.6581296005144,24.66079501705086,-0.018123334114664717,-273.8951828455618,9.367098460961547,-0.027185001171997077,-0.03624666822932943,-5.789430316866174,0.03624666822932943,3.6246668229329435,-0.7249333645865887,0.0,0.0,-3.6246668229329435,755.7067269289206,0.0,7.249333645865887,0.05437000234399415,120.3977721742981,3.6246668229329435,-121.39589519388409,85.29345736318903,-7.249333645865887,0.018123334114664717,0.3624666822932944,193.6007708552742,96.0,-0.03624666822932943,-519.0527796016859,510.82116124680493,11.236467151092125,0.03624666822932943,95.97717359199589,-0.9866736437217583,85.29345736318903,-0.03624666822932943,-0.009061667057332358,-85.29345736318903,-0.03624666822932943,0.0,0.036246668229068746,-0.009061667057332358,-0.009061667057332358,-0.009061667057332358,14.498667291731774,-24.66079501705086,0.3624666822932944,351.23616688293885,-0.009061667057332358,387.2015417105484,1.8123334114664715,1.8123334114664718,0.03624666822932943,0.018123334114664717,0.018123334114664717,40.0,5.789430316866174,0.03624666822932943,-5.789430316866174,0.3624666822932944,0.03624666822932943,-1000.0,0.03624666822932943,0.1449866729178666,0.18123334114716272,0.018123334114664717,0.009061667057332358,10.87400046879883,-0.03624666822932943,0.0,0.3624666822932944,-702.4723337658777,0.9061667057331988,-3.6246668229329435,7.249333645865887,1.8123334114664718,-0.03624666822932943,0.0,0.05437000234399415,-0.03624666822932943,-80.0,5.789430316866174,39.77774275812078,0.018123334114664717,-3.6246668229329444,-0.03624666822932943,-0.036246668229068746,-0.03624666822932943,0.018123334114664717,112.02227802828102,-7.249333645865887,0.03624666822932943,387.2015417105484,-0.009061667057332358,90.16683267483178,-387.2015417105484,5.437000234399415,-9.367098460961547,-168.36016771179908,112.02227802828102,-0.027185001171997077,519.0527796016859,-96.0,0.03624666822932943,-0.00906166705733236,1.8123334114664718,36.24666822932944,-0.018123334114664717,-0.03624666822932943,0.009061667057332358,653.327531318103,0.0,-120.41589550841276,648.7638331170612,-46.0,0.0,333.16689265121397,-0.8010513678682578,0.0,-32.0,-93.0,-65.0,0.0,16.0,23.0,46.5,0.0,0.4005256839341288,-510.8972792500866,-196.1593039138337,0.0,65.0,-196.1593039138337,-333.16689265121397,165.26444973600138,0.0,1496.5981,hclb
461,0.0,0.0,0.0,0.0,0.0,0.0,0.0,0.0,-0.06802955058282643,0.0,0.0,0.0,0.0,0.0,0.0,0.0,-273.92319140853783,1000.0,0.0,-781.1574819207187,0.0,0.0,0.0,7.49621155708337,0.0,0.0,0.0,0.0,0.0,-147.29970083207027,0.0,0.0,13.72770821693753,0.0,0.0,0.0,0.0,0.0,0.0,-1000.0,1000.0,0.0,-681.8558223669954,0.0,0.0,0.0,0.0,0.0,739.3670698736126,0.0,0.0,0.0,0.0,0.07483250564075661,0.0,0.0,0.0,0.0,0.0,0.0,-5.991135754660377,0.0,0.0,-5.991135754660377,0.0,0.0,0.0,0.0,635.4075169934248,-635.4075169934248,0.0,0.6802955058282644,0.0,0.0,0.0,0.0,0.0,0.0,0.0,0.0,0.0,0.0,-264.133854262646,0.0,40.817730349695864,0.0,0.0,-1000.0,967.7145297312841,627.2210026566702,-0.01700738764570661,0.0,0.0,0.0,20.408865174847932,0.0,20.408865174847932,0.0,0.0,0.0,0.0,3.4014775291413217,-776.5999895721451,0.0,0.0,-15.76883871518236,0.0,0.0,0.0,0.0,0.0,0.0,0.0,0.0,0.0,0.0,0.0,0.0,0.0,0.0,0.0,0.0,0.0,0.0,-458.673295819181,0.0,0.0,20.408865174847932,0.0,21.089160680676194,21.089160680676194,0.0,-2.607450855788633,2.607450855788633,0.0,0.0,0.0,0.0,0.0,0.0,0.0,0.0,0.0,0.0,0.0,269.37212965752366,0.06802955058282643,0.0,0.0,0.0,0.0,0.0,0.0,0.0,264.133854262646,0.0,317.70877709953504,0.0,0.0,0.0,0.0,0.0,999.9319704494171,999.9319704494171,0.0,0.0,0.0,0.0,-680.5444212488906,0.0,0.0,1000.0,0.0,0.0,0.0,0.0,-449.60906188558664,0.0,0.0,0.0,0.0,0.0,0.0,0.0,0.0,0.0,-276.04809622138396,0.0,0.0,0.0,0.0,-869.5617445182569,0.0,0.0,0.0,0.0,0.0,0.0,681.8558223669954,-714.1412926357114,714.1412926357114,0.0,0.0,0.0,0.0,0.0,0.0,0.0,629.3002887400748,618.1842445729384,0.0,0.0,0.0,0.0,0.0,0.0,0.0,0.0,0.0,0.0,0.0,0.0,0.0,246.9930594030829,-15.788179766869426,-1000.0,0.0,0.0,0.0,0.0,78.12901539113453,0.0,0.0,0.0,0.0,-5.991135754660377,-1000.0,0.0,0.0,0.0,0.0,0.0,0.0,0.0,0.0,730.6278703424764,13.605910116565287,0.0,0.0,0.0,1000.0,-292.9184003951033,0.0,1000.0,0.0,0.0,0.0,-917.0039482889517,0.0,0.0,0.0,-321.5063892429431,0.0,0.0,-670.9391102750176,0.0,0.0,-670.9391102750176,0.0,0.0,253.57323709557272,0.0,-234.66584443004274,0.0,0.0,153.85175209630364,0.0,0.0,0.0,-243.99022469102022,0.0,243.99022469102022,0.0,1000.0,0.0,0.0,0.0,0.0,0.0,0.0,-5.991135754660377,-0.10204432587423964,0.0,0.0,0.0,0.0,0.06802955058282643,0.0,0.0,0.0,40.39599360979798,-273.92319140853783,0.0,-678.50834108017,-317.16136263240685,449.60906188558664,954.0147752914132,0.0,-70.04917711572625,0.0,-15.76883871518236,0.0,0.0,0.0,897.4478445141622,172.60133260156408,-1000.0,-1000.0,102.40063019702961,0.0,0.0,0.0,0.0,0.0,0.0,0.0,0.0,0.0,0.0,0.0,0.0,0.0,0.0,0.0,0.0,0.0,-999.7278817976685,0.0,-1000.0,264.133854262646,0.0,728.4373188137106,289.80687843641067,0.0,0.0,-1000.0,0.0,0.0,0.0,0.0,0.0,-808.0088495949889,0.0,0.0,0.0,0.0,0.0,-661.5169137885201,0.0,5.093021320881121,0.0,-148.30491674734668,0.0,-1.7007387645706609,658.1154362593788,-88.38114198976439,0.0,0.0,193.7793588097328,585.0810808612376,20.408865174847932,953.1249999999982,-953.1249999999982,0.0,482.04444144731053,0.0,0.0,246.9930594030829,0.0,0.0,0.0,-386.88151284869343,0.0,0.0,-0.13605910116565287,0.0,0.0,629.3002887400748,0.0,0.0,-11.982271509320753,0.0,0.0,66.39408988343472,0.0,0.0,0.0,0.0,-36.19704494171736,0.1360591011653014,0.0,0.0,0.0,0.0,0.0,0.0,0.0,0.0,0.0,0.0,0.0,0.0,0.0,0.0,0.0,0.0,0.0,0.0,0.0,0.07483250564075661,0.07483250564075661,0.0,329.3871492865176,0.0,40.817730349695864,0.0,0.0,0.0,1000.0,0.0,0.0,0.0,0.0,0.0,-0.7024869056247098,-1000.0,0.0,0.0,0.0,0.0,0.0,66.39408988343472,0.0,0.0,0.0,0.0,0.0,0.0,0.0,152.89109860639368,-40.39599360979798,0.0,0.0,5.238275394877633,0.0,0.0,0.0,-78.12901539113453,0.0,-0.7024869056247098,0.0,-644.8870000327414,607.9874681853994,1000.0,-1000.0,246.9930594030829,0.0,0.0,0.0,0.0,0.0,0.0,0.0,0.0,0.0,0.0,0.0,0.0,0.0,40.817730349695864,0.0,0.0,0.0,0.0,0.0,0.0,0.0,0.0,0.0,0.0,0.0,0.0,0.6802955058282644,0.0,0.0,0.0,0.0,0.0,681.8558223669954,0.0,0.0,20.408865174847932,0.0,0.0,0.0,0.0,0.0,0.0,0.0,0.0,0.0,0.0,14.342376363488434,0.0,0.0,20.408865174847932,20.408865174847932,-575.2938485123569,-1000.0,0.0,66.39408988343472,0.0,0.0,0.0,0.0,0.0,1000.0,629.3002887400748,693.0564698851535,0.06802955058282643,0.0,0.0,0.0,5.486097329143646,0.0,0.0,0.0,0.0,0.0,0.0,0.0,0.0,0.0,0.0,0.0,0.0,0.0,0.0,0.0,0.0,0.0,0.06802955058282643,0.0,0.0,0.0,-134.41282296214624,134.41282296214624,0.0,0.0,0.0,0.0,0.0,123.35459367040386,0.0,-394.9172748566933,-0.2721182023315123,-5.102216293711983,0.0,-3.4014775291413217,0.0,0.0,0.0,0.0,0.0,0.0,0.0,0.0,0.0,0.0,0.0,0.0,449.60906188558664,0.0,0.0,588.4825583903789,0.0,0.0,0.0,-0.06802955058282643,0.0,0.0,0.06802955058282643,0.0,0.06802955058282643,0.0,0.0,0.0,40.817730349695864,82.99605171104827,82.99605171104827,0.0,0.0,0.0,0.0,0.0,0.0,0.0,0.0,0.0,629.3002887400748,0.0,0.0,903.3051888193431,0.0,0.0,0.0,0.0,0.0,0.0,0.0,0.0,0.0,0.0,0.0,0.0,0.0,0.0,78.12901539113453,0.0,0.0,0.0,0.10204432587423964,0.0,0.0,0.0,-20.408865174847932,0.0,0.0,0.0,0.0,0.0,-329.3871492865176,3.4014775291413217,0.0,0.0,0.0,0.0,680.5444212488906,634.2365382952387,-3.4014775291413217,0.0,0.0,0.0,0.0,0.0,0.0,0.0,0.0,0.0,0.0,0.0,82.39408988343472,0.0,51.39408988343472,-15.76883871518236,0.0,-365.7634617047613,394.9172748566933,-29.1538131519319,264.133854262646,-1000.0,0.0,3.4014775291413217,693.4180273434336,0.0,0.0,0.0,-11.982271509320753,0.0,0.0,0.0,0.0,0.0,0.0,0.0,0.0,0.0,367.6406911083293,-101.7970274743688,82.99605171104827,0.0,0.0,0.0,0.0,0.0,0.0,0.0,0.0,0.0,730.6278703424764,0.0,0.0,242.89677069328422,-5.486097329143646,0.0,-681.8558223669954,20.408865174847932,0.0,0.0,0.0,0.0,133.96906667333062,0.0,0.0,0.07483250564075661,0.0,0.0,0.0,41.498025855524126,0.0,0.0,0.0,0.0,-15.788179766869426,0.0,0.0,0.0,0.0,0.0,0.0,0.0,0.0,0.0,0.0,0.006802955058282656,0.006802955058282656,0.0,0.0,0.0,0.0,0.0,0.0,0.0,0.0,0.0,0.0,0.0,0.0,0.0,0.0,0.0,329.3871492865176,0.0,0.0,0.0,0.0,0.0,0.0,0.0,0.0,0.0,0.0,0.0,0.0,857.553183072771,-1000.0,1000.0,0.0,0.0,0.0,40.817730349695864,0.0,0.0,0.0,0.0,0.0,0.0,-40.817730349695864,0.0,0.0,0.0,0.0,0.0,0.0,0.0,0.0,0.0,0.0,0.0,0.0,409.34416031187607,-776.5999895721451,949.9054309685793,-20.408865174847932,0.0,0.0,0.0,0.0,0.0,0.0,0.0,0.0,0.0,0.0,0.0,0.0,0.0,0.0,0.0,0.0,0.0,0.0,0.0,0.0,-8.503693822853304,0.0,-5.102216293711983,1000.0,0.0,0.0,0.0,0.0,0.0,-0.8503693822853304,0.0,276.1161257719668,0.0,0.0,0.0,0.0,0.0,0.0,0.0,1000.0,20.408865174847932,20.408865174847932,0.0,0.0,0.0,0.0,0.0,0.07483250564075661,329.3871492865176,0.0,0.0,0.0,0.0,0.0,0.0,0.0,0.0,0.0,0.0,0.0,0.0,0.0,0.0,0.0,0.0,0.0,0.0,0.0,0.0,21.089160680676194,0.0,71.43102811196776,5.238275394877633,0.0,0.0,0.0,0.0,0.0,329.3871492865176,0.0,94.20078051847192,0.0,0.0,0.0,-8.503693822853304,0.0,0.0,0.0,0.0,0.0,0.0,0.0,0.0,0.0,0.0,0.0,0.0,0.0,0.0,0.0,0.0,0.0,0.0,-0.06802955058282643,0.0,0.0,3.4014775291413217,0.7024869056247098,0.0,0.0,0.0,0.0,0.0,0.0,0.0,0.0,-897.4478445141622,1.7007387645706609,0.0,0.0,0.0,0.06802955058282643,0.0,68.02955058282643,0.0,13.605910116565287,0.4859253613059031,231.98076748743816,-0.05102216293711982,148.30491674734668,1.3605910116565287,-0.34014775291433874,-231.98076748743816,20.408865174847932,-0.06802955058282643,5.256279571727453,66.39408988343472,0.01700738764570661,0.4859253613059031,-15.76883871518236,-10.830304452784706,-1.3605910116565287,55.08067332925651,-0.06802955058282643,0.01700738764570661,-231.98076748743816,6.8029550582826435,0.06802955058282643,0.06802955058282643,-329.24428723029405,0.07483250564110909,-18.38707572829015,-0.05102216293711982,20.408865174847932,0.06802955058282643,20.408865174847932,-34.014775291413216,-0.03401477529141322,-267.78402394088016,-85.0,-0.05102216293711982,-0.06802955058282643,0.0,0.06802955058282643,6.802955058282691,-1.3605910116565287,78.12901539113453,78.12901539113453,-6.8029550582826435,-55.08067332925651,-78.12901539113453,13.605910116565287,0.10204432587423964,-1000.0,6.8029550582826435,-152.89109860639368,66.39408988343472,-13.605910116565287,0.03401477529141322,0.6802955058282644,169.6270852700425,96.0,-0.06802955058282643,-344.69379816765303,329.24428723029405,21.089160680676194,0.06802955058282643,10.830304452784706,-15.241370815956998,66.39408988343472,-0.06802955058282643,-0.01700738764570661,-66.39408988343472,-0.06802955058282643,-36.19704494171736,0.06802955058287807,-0.01700738764570661,-0.01700738764570661,-0.01700738764570661,27.211820233130574,34.014775291413216,0.6802955058282644,226.9992767491807,-0.01700738764570661,333.9978909683575,3.4014775291413217,21.5,0.06802955058282643,0.03401477529141322,0.03401477529141322,40.0,0.0,0.06802955058282643,0.0,0.6802955058282644,0.06802955058282643,-580.1950436714388,0.06802955058282643,0.27211820233156914,0.34014775291433874,0.03401477529141322,0.01700738764570661,20.408865174847932,-0.06802955058282643,18.38707572829015,0.6802955058282644,-453.9985534983614,146.604177982776,-6.802955058282691,13.605910116565287,3.4014775291413217,-0.06802955058282643,15.76883871518236,0.10204432587423964,-0.06802955058282643,-80.0,0.0,97.3096935142699,0.03401477529141322,-43.0,-0.06802955058282643,-0.06802955058287807,-0.06802955058282643,0.03401477529141322,231.98076748743816,-13.605910116565287,0.06802955058282643,339.254170540085,-0.01700738764570661,-0.07483250564110909,-339.254170540085,10.204432587423964,85.0,763.1069241550579,231.98076748743816,-0.05102216293711982,344.69379816765303,-96.0,0.06802955058282643,-0.017007387645706605,3.4014775291413217,68.02955058282643,-0.03401477529141322,-0.06802955058282643,0.01700738764570661,0.0,0.0,119.17174547246566,353.19576692225814,-46.0,0.0,127.5102337095193,-31.0,0.0,-32.0,-93.0,-65.0,-880.7942397522429,16.0,23.0,46.5,0.0,15.5,-329.3871492865176,-231.2787601876005,880.7942397522429,65.0,-231.2787601876005,-127.5102337095193,67.9743247335968,0.0,1496.5981,hclb
462,0.0,0.0,0.0,0.0,0.0,0.0,0.0,0.0,268.31910696051364,0.0,0.0,0.0,0.0,0.0,0.0,0.0,-339.0746229760766,0.0,0.0,739.6079616895815,0.0,0.0,0.0,0.0,0.0,0.0,0.0,0.0,0.0,380.62050991739505,0.0,0.0,0.5352967460509035,0.0,0.0,0.0,0.0,335.13635384096824,0.0,-1000.0,1000.0,0.0,0.0,0.0,0.0,0.0,0.0,0.0,-41.54588694131843,0.0,0.0,0.0,0.0,0.07596021660901897,0.0,0.0,0.0,0.0,0.0,0.0,-6.081420978223757,0.0,6.081420978223757,0.0,584.0940611543745,0.0,0.0,0.0,0.0,434.22918074731075,0.0,0.6905474237196656,0.0,0.0,0.0,0.0,0.0,0.0,0.0,0.0,0.0,0.0,-22.956852854939598,0.0,41.432845423179934,0.0,0.0,372.65677495101215,248.4364493817071,160.06062429818067,-0.01726368559299164,0.0,0.0,-303.47531542550723,20.716422711589967,0.0,20.716422711589967,0.0,0.0,0.0,0.0,379.9843904308276,0.0,0.0,0.0,-8.86549391415468,69.87043066823571,0.0,0.0,0.0,0.0,0.0,0.0,0.0,0.0,0.0,0.0,0.0,0.0,0.0,0.0,0.0,0.0,0.0,-507.58351219192707,0.0,0.0,20.716422711589967,0.0,21.40697013530963,0.0,0.0,0.0,0.0,0.0,0.0,0.0,1000.0,-1000.0,0.0,0.0,0.0,0.0,0.0,0.0,28.27406801758093,0.06905474237196656,0.0,0.0,0.0,-1000.0,232.6938148053008,0.0,0.0,275.6303010714171,0.0,452.3272231215028,0.0,0.0,0.0,0.0,0.0,-99.63002285509401,-99.63002285509401,0.0,0.0,0.0,-393.22916666666663,0.0,0.0,0.0,-99.56096811272205,0.0,0.0,0.0,0.0,0.0,0.0,0.0,0.0,0.0,0.0,0.0,0.0,0.0,0.0,-622.860442126461,0.0,0.0,0.0,0.0,-620.5513958177742,0.0,0.0,0.0,0.0,0.0,0.0,0.0,-408.49707367988776,408.49707367988776,0.0,0.0,0.0,0.0,0.0,0.0,0.0,380.62050991739505,-260.0070367444256,0.0,0.0,0.0,0.0,0.0,0.0,0.0,0.0,0.0,0.0,0.0,0.0,0.0,250.63876486188647,698.7059361646117,0.0,0.0,0.0,0.0,0.0,78.02547102043138,0.0,0.0,0.0,0.0,-6.081420978223757,0.0,0.0,0.0,0.0,0.0,0.0,0.0,0.0,0.0,2.2235627043759223,13.810948474393312,0.0,0.0,-685.538042097591,-28.604519035996077,-77.38618567019415,0.0,0.0,0.0,0.0,0.0,-20.8545321963339,0.0,0.0,0.0,-197.2698220774182,0.0,0.0,-293.26184557763895,0.0,0.0,-293.2618455776394,0.0,0.0,-160.06062429818067,0.0,0.0,0.0,0.0,114.63726019735529,0.0,0.0,0.0,-556.2386350897418,0.0,556.2386350897418,0.0,216.3917960353881,0.0,0.0,1000.0,-393.22916666666663,0.0,0.0,-6.081420978223757,-0.10358211355794983,0.0,0.0,0.0,0.0,0.06905474237196656,0.0,0.0,0.0,519.5859393813769,-339.0746229760766,0.0,-876.6178683994038,854.7993482750662,0.0,954.5273711859833,0.0,0.0,0.0,-8.86549391415468,0.0,0.0,0.0,-5.945613318226176,694.2005122374787,-688.2548989192526,-147.27919061174168,-1000.0,0.0,0.0,0.0,0.0,0.0,0.0,0.0,0.0,0.0,0.0,0.0,0.0,0.0,0.0,0.0,0.0,0.0,-664.5874271895448,0.0,-1000.0,0.0,0.0,0.0,1000.0,0.0,0.0,-30.497630721956853,0.0,22.95685285493971,0.0,0.0,376.53165331222925,-694.2005122374787,0.0,308.281436225287,0.0,0.0,-1000.0,-3.452737118598328,595.2726883153996,0.0,0.0,-1000.0,-508.5158455189029,-1.726368559299164,0.0,921.8749999999991,0.0,0.0,0.0,769.9641081229275,20.716422711589967,0.0,0.0,0.0,0.0,0.0,268.3881617028856,0.0,-250.63876486188647,250.63876486188647,250.63876486188647,88.05454543976137,0.0,0.0,-316.090873632854,0.0,0.0,380.62050991739505,0.0,0.0,-12.162841956447513,0.0,0.0,66.18905152560669,0.0,0.0,0.0,0.0,-19.446241073441797,0.13810948474383622,0.0,0.0,0.0,0.0,0.0,0.0,0.0,0.0,0.0,434.22918074731075,0.0,0.0,0.0,0.0,0.0,0.0,0.0,0.0,0.0,0.07596021660901897,0.07596021660901897,0.0,332.82781638749316,0.0,41.432845423179934,0.0,0.0,0.0,296.8031887834732,0.0,0.0,0.0,0.0,0.0,526.3895584270837,-296.8031887834732,0.0,0.0,817.5013135444058,0.0,0.0,66.18905152560669,0.0,0.0,0.0,0.0,0.0,0.0,0.0,169.1945040639757,-519.5859393813769,697.4357545264635,0.0,5.317215162641332,0.0,0.0,-303.47531542550723,-381.5007864459386,0.0,526.3895584270837,0.0,0.0,506.9433173536419,0.0,0.0,250.63876486188647,0.0,0.0,0.0,0.0,0.0,0.0,0.0,0.0,0.0,0.0,0.0,0.0,0.0,41.432845423179934,0.0,0.0,0.0,0.0,0.0,0.0,0.0,0.0,0.0,0.0,0.0,0.0,0.6905474237196656,0.0,0.0,0.0,0.0,0.0,0.0,0.0,0.0,20.716422711589967,-817.5013135444058,0.0,0.0,0.0,0.0,0.0,0.0,0.0,0.0,0.0,0.0,0.0,0.0,20.716422711589967,20.716422711589967,1000.0,-296.8031887834732,0.0,66.18905152560669,0.0,0.0,0.0,0.0,0.0,1000.0,380.62050991739505,817.5124964396728,0.06905474237196656,0.0,0.0,-398.43749999999943,489.6341522653773,0.0,0.0,303.47531542550723,0.0,0.0,0.0,0.0,0.0,0.0,0.0,0.0,0.0,0.0,0.0,0.0,0.0,0.0,0.06905474237196656,0.0,0.0,0.0,-1000.0,1000.0,0.0,0.0,0.0,0.0,0.0,817.6693365806658,-275.6303010714171,-825.2101144476829,-335.41257281045523,-5.179105677897496,0.0,-3.452737118598328,0.0,0.0,0.0,0.0,0.0,0.0,0.0,0.0,0.0,0.0,0.0,0.0,0.0,0.0,0.0,773.4168452415258,0.0,0.0,0.0,268.31910696051364,0.0,0.0,0.06905474237196656,0.0,0.06905474237196656,0.0,0.0,0.0,41.432845423179934,84.2467856937992,84.2467856937992,0.0,0.0,0.0,0.0,0.0,0.0,22.956852854939598,697.4357545264635,0.0,380.62050991739505,0.0,0.0,0.0,0.0,0.0,0.0,0.0,0.0,0.0,0.0,0.0,0.0,0.0,0.0,0.0,0.0,0.0,78.02547102043138,0.0,0.0,0.0,0.10358211355794983,0.0,0.0,0.0,-20.716422711589967,0.0,0.0,0.0,0.0,0.0,-332.82781638749316,3.452737118598328,0.0,0.0,0.0,393.22916666666663,0.0,0.0,-3.452737118598328,0.0,0.0,0.0,0.0,0.0,0.0,0.0,0.0,0.0,817.5013135444058,-11.836419494824662,82.18905152560669,0.0,748.6248060520702,-8.865493914154683,0.0,-30.497630721956853,848.1669673026227,-817.6693365806658,275.6303010714171,-105.10131789013309,0.0,3.452737118598328,1000.0,0.0,0.0,0.0,-12.162841956447513,0.0,0.0,0.0,0.0,0.0,0.0,0.0,0.0,0.0,960.8673641918516,-348.36513342118565,84.2467856937992,0.0,0.0,0.0,0.0,0.0,0.0,0.0,0.0,0.0,2.2235627043759223,0.0,0.0,0.0,-525.4258330126886,12.343252374665184,0.0,20.716422711589967,0.0,0.0,0.0,0.0,216.6647064961674,0.0,0.0,0.07596021660901897,0.0,0.0,0.0,42.1233928468996,0.0,0.0,0.0,0.0,698.7059361646117,0.0,69.87043066823571,0.0,0.0,0.0,0.0,0.0,0.0,0.0,0.0,0.006905474237196785,0.006905474237196785,0.0,0.0,0.0,0.0,0.0,0.0,0.0,0.0,0.0,-398.43749999999943,0.0,0.0,0.0,0.0,0.0,332.82781638749316,0.0,0.0,0.0,0.0,0.0,0.0,0.0,0.0,0.0,0.0,0.0,0.0,0.0,19.91282879610985,0.0,0.0,0.0,0.0,41.432845423179934,0.0,0.0,0.0,0.0,0.0,0.0,-41.432845423179934,0.0,0.0,0.0,0.0,0.0,0.0,0.0,0.0,0.0,0.0,0.0,0.0,-817.5124964396728,852.7208093882583,47.30249852479709,0.0,-20.716422711589967,0.0,335.13635384096824,0.0,0.0,0.0,0.0,0.0,0.0,0.0,0.0,0.0,0.0,0.0,0.0,0.0,0.0,0.0,0.0,0.0,-8.631842796495825,0.0,-381.7107589901268,343.18602774328815,0.0,0.0,0.0,0.0,0.0,0.0,-0.863184279649582,287.7931430278646,0.0,0.0,0.0,0.0,0.0,0.0,0.0,1000.0,20.716422711589967,20.716422711589967,0.0,0.0,0.0,0.0,0.0,0.07596021660901897,332.82781638749316,0.0,0.0,-335.13635384096824,0.0,0.0,0.0,0.0,0.0,0.0,0.0,0.0,0.0,0.0,0.0,0.0,0.0,0.0,0.0,0.0,0.0,0.0,0.0,72.50747949056489,28.27406801758093,0.0,0.0,0.0,0.0,0.0,332.82781638749316,0.0,0.0,0.0,0.0,0.0,-8.631842796495825,0.0,0.0,0.0,0.0,0.0,0.0,0.0,0.0,0.0,0.0,0.0,0.0,0.0,0.0,0.0,0.0,0.0,0.0,-0.06905474237196656,0.0,0.0,3.452737118598328,-526.3895584270837,0.0,0.0,0.0,0.0,0.0,0.0,0.0,0.0,5.945613318226176,1.726368559299164,0.0,0.0,0.0,0.06905474237196656,0.0,69.05474237196655,-21.40697013530963,13.810948474393312,0.4932481597997611,192.66273121778667,-0.051791056778974914,691.718563774713,1.3810948474393312,-0.34527371185896527,-192.66273121778667,20.716422711589967,-0.06905474237196656,2.95516463805156,66.18905152560669,0.01726368559299164,0.49324815979976117,-8.86549391415468,-10.993514985615583,-1.3810948474393312,-400.5333387135049,-0.06905474237196656,0.01726368559299164,-192.66273121778667,6.905474237196656,0.06905474237196656,0.06905474237196656,-332.68280142851216,0.07596021660916334,-2.2505499911832842,-0.051791056778974914,20.716422711589967,0.06905474237196656,20.716422711589967,-34.52737118598328,-0.03452737118598328,-432.34568530201017,-85.0,-0.051791056778974914,-0.06905474237196656,-21.40697013530963,0.06905474237196656,6.905474237196656,-1.3810948474393312,78.02547102043138,78.02547102043138,-6.905474237196656,400.5333387135049,-78.02547102043138,13.810948474393312,0.10358211355794983,478.08714322938545,6.905474237196656,-169.1945040639757,66.18905152560669,-13.810948474393312,0.03452737118598328,0.6905474237196656,219.15446709985096,96.0,-0.06905474237196656,-348.36513342118565,332.68280142851216,21.40697013530963,0.06905474237196656,10.993514985615583,-16.676639320753296,66.18905152560669,-0.06905474237196656,-0.01726368559299164,-66.18905152560669,-0.06905474237196656,-89.31667174167751,0.06905474237237286,-0.01726368559299164,-0.01726368559299164,-0.01726368559299164,27.621896948786624,34.52737118598328,0.6905474237196656,304.3711629078973,-0.01726368559299164,435.3537695616504,3.452737118598328,13.175857655319227,0.06905474237196656,0.03452737118598328,0.03452737118598328,40.0,21.40697013530963,0.06905474237196656,-21.40697013530963,0.6905474237196656,0.06905474237196656,-810.7916242140344,0.06905474237196656,0.2762189694869903,0.34527371185896527,0.03452737118598328,0.01726368559299164,20.716422711589967,-0.06905474237196656,2.2505499911832842,0.6905474237196656,-608.7423258157946,689.9921952154139,-6.905474237196656,13.810948474393312,3.452737118598328,-0.06905474237196656,8.86549391415468,0.10358211355794983,-0.06905474237196656,-80.0,21.40697013530963,124.39685168351593,0.03452737118598328,-26.351715310638454,-0.06905474237196656,-0.06905474237237286,-0.06905474237196656,0.03452737118598328,192.66273121778667,-13.810948474393312,0.06905474237196656,438.3089341997019,-0.01726368559299164,-0.07596021660916334,-438.3089341997019,10.358211355794982,85.0,-223.59974515451265,192.66273121778667,-0.051791056778974914,348.36513342118565,-96.0,0.06905474237196656,-0.017263685592991636,3.452737118598328,69.05474237196655,-0.03452737118598328,-0.06905474237196656,0.01726368559299164,0.0,0.0,-478.1216706005714,506.4204613061371,-46.0,0.0,-108.0,-10.926900466625902,0.0,-32.0,-93.0,-65.0,0.0,16.0,23.0,46.5,0.0,5.46345023331295,-332.82781638749316,-341.06155817968335,0.0,65.0,-341.06155817968335,108.0,-49.11441745822168,0.0,1496.5981,hclb
463,0.0,0.0,0.0,0.0,0.0,0.0,0.0,0.0,-0.01161204251346154,0.0,0.0,0.0,0.0,0.0,0.0,0.0,-1000.0,412.3924372702388,0.0,1000.0,0.0,0.0,0.0,0.0,0.0,396.36025295889385,0.0,0.0,0.0,-514.0364691696873,0.0,0.0,568.9061214206522,0.0,0.0,0.0,0.0,-25.40339422875063,0.0,-1000.0,1000.0,0.0,0.0,0.0,0.0,0.0,0.0,0.0,912.8579335002344,-112.10012304347819,0.0,-601.1785356694529,0.0,0.012773246765391377,0.0,0.0,0.0,2.322408502692308,0.0,0.0,-130.48664656931064,0.0,0.0,-200.59586211898826,0.0,0.0,0.0,0.0,0.0,0.0,0.0,0.1161204251346154,0.0,0.0,0.0,0.0,0.0,0.0,0.0,0.0,0.0,0.0,0.0,0.0,6.967225508076924,0.0,152.8337512085174,-550.8220159497242,-36.78554678003695,1000.0,293.95456089231203,0.0,0.0,0.0,3.483612754038462,0.0,3.483612754038462,0.0,0.0,0.0,0.0,632.9622962457192,-514.0364691696873,0.0,0.0,-24.194056536368585,0.0,0.0,0.0,0.0,0.0,0.0,0.0,0.0,0.0,0.0,0.0,0.0,0.0,0.0,0.0,0.0,0.0,0.0,-764.2752479904741,0.0,0.0,3.483612754038462,0.0,3.599733179173077,3.599733179173077,0.0,-1000.0,1000.0,0.0,0.0,0.0,0.0,0.0,-70.10921554967763,0.0,0.0,0.0,0.0,0.0,153.72787848205394,0.011612042513462484,293.9574639029404,0.0,0.0,-985.7772088175209,906.4491293020592,0.0,0.0,0.0,0.0,-230.2205430315053,0.0,0.0,0.0,0.0,0.0,999.9883879574866,999.9883879574866,0.0,0.0,0.0,0.0,405.8014793417658,0.0,0.0,1000.0,0.0,0.0,0.0,999.2289115340266,0.0,0.0,0.0,0.0,0.0,0.0,0.0,0.0,0.0,0.0,0.0,0.0,0.0,0.0,0.0,-439.2145214206932,0.0,0.0,0.0,0.0,0.0,112.10012304347819,601.1785356694529,-963.214453219963,963.214453219963,0.0,0.0,0.0,0.0,0.0,0.0,0.0,0.0,-859.4458343014132,0.0,0.0,0.0,0.0,0.0,0.0,0.0,0.0,0.0,0.0,0.0,0.0,0.0,44.854903861137544,40.97289652084639,0.0,0.0,0.0,0.0,70.10921554967763,83.82718370614043,0.0,0.0,0.0,0.0,-130.48664656931064,0.0,0.0,0.0,0.0,0.0,0.0,0.0,0.0,0.0,0.3739077689349415,0.0,0.0,0.0,-322.38354746046525,604.0453589794608,0.0,0.0,0.0,0.0,0.0,70.10921554967763,14.166691866423077,0.0,0.0,0.0,-44.906852950393954,0.0,0.0,571.8997937512115,0.0,0.0,571.8997937512115,0.0,0.0,-1000.0,0.0,-514.0364691696873,112.10012304347819,0.0,-44.2301187352366,0.0,0.0,0.0,-569.9538752038764,0.0,569.9538752038764,0.0,541.475522289421,0.0,70.10921554967763,1000.0,0.0,0.0,0.0,-130.48664656931064,-0.01741806377019231,0.0,0.0,0.0,0.0,0.011612042513462484,0.0,0.0,0.0,351.52981719157935,-1000.0,0.0,-16.129371024245724,-939.9977957026243,0.0,905.3694703224195,0.0,483.78582958911556,0.0,-24.194056536368585,0.0,0.0,0.0,916.5186904755841,-400.30452006469966,-1000.0,-1000.0,-592.0848718044535,0.0,0.0,0.0,0.0,0.0,0.0,0.0,0.0,0.0,0.0,0.0,0.0,0.0,0.0,0.0,0.0,0.0,-1000.0,0.0,-974.6430539413032,0.0,0.0,0.0,0.0,0.0,0.0,-154.10178625098888,0.0,0.0,0.0,0.0,632.3816941200462,400.30452006469966,333.184551104988,683.2285508143038,350.93387084398495,0.0,0.0,0.0,-646.5764304742833,713.4223278939137,-333.184551104988,-1000.0,0.0,-351.2241719068215,-0.580602125673077,0.0,0.0,712.1795265878023,0.0,-859.9457853209076,3.483612754038462,0.0,0.0,0.0,427.0893622845466,0.0,0.0,0.0,-44.854903861137544,44.854903861137544,44.854903861137544,-874.5745183474392,0.0,0.0,0.0,0.0,0.0,0.0,0.0,0.0,-25.415006271264094,0.0,-859.3750000000008,98.11414243161899,0.0,0.0,0.0,0.0,-41.838795748653844,0.023224085026868124,0.0,0.0,0.0,0.0,0.0,0.0,0.0,0.0,0.0,0.0,0.0,0.0,0.0,0.0,0.0,0.0,0.0,0.0,0.0,0.012773246765391377,0.012773246765391377,0.0,138.53249535844523,0.0,6.967225508076924,0.0,0.0,0.0,1000.0,0.0,0.0,152.8337512085174,0.0,0.0,-911.8582278280413,-1000.0,0.0,0.0,831.6544236933066,0.0,0.0,98.11414243161899,0.0,0.0,0.0,0.0,0.0,0.0,0.0,254.7584159968247,-351.52981719157935,79.32807951546174,0.0,529.994514506551,0.0,-460.3999059001678,460.3999059001678,376.5727221940274,0.0,-911.8582278280413,0.0,-434.46314332056056,-519.2338802561346,0.0,0.0,44.854903861137544,0.0,0.0,0.0,0.0,0.0,0.0,0.0,0.0,0.0,0.0,0.0,0.0,0.0,6.967225508076924,70.10921554967763,70.10921554967763,0.0,0.0,0.0,0.0,0.0,0.0,0.0,0.0,0.0,0.0,0.1161204251346154,0.0,0.0,152.8337512085174,-152.8337512085174,0.0,601.1785356694529,0.0,0.0,3.483612754038462,-831.6544236933066,0.0,0.0,376.2666360244971,0.0,0.0,0.0,0.0,0.0,0.0,1000.0,0.0,0.0,3.483612754038462,3.483612754038462,1000.0,-1000.0,0.0,98.11414243161899,0.0,0.0,0.0,0.0,0.0,514.0364691696873,0.0,671.1885956949776,0.011612042513462484,0.0,0.0,0.0,0.9364282855498627,562.3568040965689,0.0,0.0,0.0,0.0,0.0,0.0,0.0,0.0,0.0,0.0,0.0,0.0,0.0,0.0,0.0,0.0,0.011612042513462484,0.0,0.0,0.0,-459.39202054372714,459.39202054372714,0.0,0.0,0.0,0.0,-154.10178625098888,357.83180991861843,0.0,0.0,-332.47486385992147,-0.870903188509601,-0.5806021256730771,0.0,0.0,296.875,296.875,-296.875,0.0,0.0,0.0,0.0,0.0,0.0,0.0,70.10921554967763,0.0,0.0,0.0,-147.18565660743218,0.0,0.0,0.0,-0.011612042513462484,0.0,0.0,0.011612042513462484,0.0,0.011612042513462484,0.0,0.0,0.0,6.967225508076924,14.166691866423077,14.166691866423077,0.0,0.0,0.0,0.0,0.0,0.0,0.0,79.32807951546174,0.0,0.0,0.0,0.0,830.92100131515,86.5974860208438,0.0,0.0,0.0,0.0,0.0,0.0,0.0,0.0,0.0,0.0,0.0,0.0,0.0,83.82718370614043,0.0,-396.36025295889385,396.36025295889385,0.01741806377019231,0.0,0.0,0.0,-3.483612754038462,0.0,0.0,0.0,0.0,0.0,-138.53249535844523,0.580602125673077,0.0,0.0,0.0,0.0,-405.8014793417658,0.0,0.0,0.0,-859.3750000000008,0.0,0.0,0.0,0.0,0.0,70.10921554967763,0.0,831.6544236933066,-809.0000617976883,93.67759149730769,0.0,142.00567101276943,538.1627475602003,357.83180991861843,0.0,0.0,-357.83180991861843,0.0,0.0,0.0,0.5806021256730771,418.56878197582,0.0,0.0,0.0,-331.0825086882989,0.0,0.0,0.0,0.0,0.0,0.0,0.0,0.0,0.0,-1.7418063770189747,0.0,14.166691866423077,0.0,0.0,0.0,0.0,0.0,0.0,0.0,0.0,0.0,0.3739077689349415,0.0,0.0,141.1452049239738,-0.9364282855498627,-72.79301331239442,0.0,3.483612754038462,152.8337512085174,0.0,0.0,0.0,-248.9206932533105,0.0,0.0,0.012773246765391377,0.0,0.0,0.0,7.083345933211539,0.0,0.0,0.0,0.0,40.97289652084639,0.0,0.0,0.0,0.0,0.0,0.0,0.0,0.0,-893.3962360728444,0.0,189.87709482887303,0.0011612042513461374,0.0,0.0,0.0,0.0,0.0,0.0,0.0,0.0,0.0,0.0,0.0,0.0,0.0,0.0,0.0,138.53249535844523,0.0,0.0,0.0,0.0,0.0,0.0,0.0,112.10012304347819,0.0,0.0,0.0,305.6675024170348,0.0,0.0,412.3924372702388,0.0,0.0,0.0,6.967225508076922,0.0,0.0,0.0,0.0,0.0,993.0327744919231,-1000.0,0.0,305.6675024170348,0.0,0.0,0.0,0.0,0.0,0.0,0.0,0.0,0.0,0.0,-263.27346749943115,-1000.0,925.4727364577147,0.0,-3.483612754038462,0.0,-25.40339422875063,0.0,0.0,0.0,0.0,0.0,0.0,0.0,0.0,0.0,0.0,0.0,0.0,0.0,0.0,0.0,0.0,0.0,-1.4515053141826781,70.10921554967763,-633.2525973085558,916.647584147484,0.0,0.0,0.0,0.0,0.0,0.0,-0.14515053141826928,25.415006271264094,0.0,0.0,0.0,0.0,0.0,0.0,0.0,1000.0,3.483612754038462,3.483612754038462,0.0,0.0,0.0,0.0,0.0,0.012773246765391377,138.53249535844523,0.0,0.0,25.40339422875063,189.8759336246217,0.0,0.0,0.0,0.0,0.0,0.0,0.0,0.0,0.0,0.0,0.0,0.0,0.0,0.0,0.0,0.0,3.599733179173077,0.0,12.192644639134617,0.0,0.0,153.72787848205394,0.0,0.0,0.0,138.53249535844523,0.0,-0.5806021256730771,0.0,0.0,0.0,-1.4515053141826781,0.0,0.0,0.0,0.0,0.0,0.0,0.0,0.0,0.0,0.0,0.0,0.0,0.0,0.0,0.0,0.0,0.0,0.0,-0.011612042513462484,0.0,0.0,0.580602125673077,911.8582278280413,0.0,0.0,0.0,0.0,70.10921554967763,0.0,0.0,0.0,-916.5186904755841,0.2903010628365385,0.0,0.0,396.36025295889385,0.011612042513462484,0.0,11.612042513461539,0.0,2.322408502692308,0.08294316081043956,39.59706497090385,-0.008709031885096155,316.77144918569616,0.2322408502692308,-0.05806021256710281,-39.59706497090385,3.483612754038462,-0.01161204251346154,8.064685512122862,98.11414243161899,0.002903010628365385,0.08294316081043958,-24.194056536368585,-154.68238837666195,-0.2322408502692308,-412.3924372702388,-0.01161204251346154,0.002903010628365385,-39.59706497090385,1.161204251346154,0.01161204251346154,0.011612042513462484,-138.50811006916638,-152.82097796175262,0.0,-0.008709031885096155,3.483612754038462,0.01161204251346154,3.483612754038462,-5.806021256730769,-0.00580602125673077,278.60865610424247,-85.0,-0.008709031885096155,-0.01161204251346154,0.0,0.011612042513462484,1.161204251346154,-0.2322408502692308,83.82718370614043,83.82718370614043,-1.161204251346154,412.3924372702388,-83.82718370614043,2.322408502692308,0.01741806377019231,-240.27374082491815,1.161204251346154,-254.7584159968247,98.11414243161899,-2.322408502692308,0.00580602125673077,0.1161204251346154,4.032342756061431,96.0,-0.011612042513462484,-141.1452049239738,138.50811006916638,3.599733179173077,0.01161204251346154,154.68238837666195,84.17969141546494,98.11414243161899,-0.011612042513462484,-0.002903010628365385,-98.11414243161899,-0.01161204251346154,-41.838795748653844,0.011612042513434062,-0.002903010628365385,-0.002903010628365385,-0.002903010628365385,4.644817005384616,5.806021256730769,0.1161204251346154,169.78613669550944,-0.002903010628365385,0.0,0.580602125673077,21.5,0.011612042513462484,0.00580602125673077,0.00580602125673077,15.163667692316835,0.0,0.011612042513462484,0.0,0.1161204251346154,0.01161204251346154,-492.1522660922045,0.01161204251346154,0.04644817005373625,0.05806021256710281,0.00580602125673077,0.002903010628365385,3.483612754038462,-0.01161204251346154,0.0,0.1161204251346154,-339.5722733910189,316.4811481228596,-1.161204251346154,2.322408502692308,0.580602125673077,-0.01161204251346154,24.194056536368585,0.01741806377019231,-0.01161204251346154,-30.32733538463367,0.0,366.9387022051713,0.00580602125673077,-43.0,-0.01161204251346154,-0.011612042513434062,-0.01161204251346154,0.00580602125673077,39.59706497090385,-2.322408502692308,0.011612042513462484,8.064685512122862,-0.002903010628365385,152.82097796175262,-8.064685512122862,1.7418063770192307,85.0,-52.18933882702453,39.59706497090385,-0.008709031885096155,141.1452049239738,-96.0,0.01161204251346154,-0.002903010628365385,0.5806021256730771,11.61204251346154,-0.00580602125673077,-0.01161204251346154,0.002903010628365385,1000.0,0.0,240.26793480366143,322.3661293966951,-46.0,0.0,393.22290012552725,-31.0,0.0,205.09492782274887,-93.0,-65.0,0.0,-102.54746391137444,23.0,46.5,0.0,15.5,-138.53249535844523,-118.01800895186079,0.0,65.0,-118.01800895186079,-393.22290012552725,153.94100222935808,0.0,1496.5981,hclb
464,0.0,0.0,0.0,0.0,0.0,0.0,0.0,0.0,92.32821806357526,0.0,0.0,0.0,0.0,0.0,0.0,0.0,838.5636279249037,0.0,0.0,-981.4238384962757,0.0,0.0,0.0,51.70799338536773,0.0,0.0,0.0,0.0,0.0,-999.1461156223322,0.0,0.0,13.459559877151328,0.0,0.0,0.0,0.0,0.0,0.0,-1000.0,715.1939668711896,0.0,-495.6456190546567,666.4860611258714,0.0,0.0,0.0,295.84494691922504,-1000.0,0.0,0.0,0.0,0.0,0.008291359265281987,0.0,0.0,0.0,0.0,0.0,0.0,-0.6638112478440945,0.0,0.0,-0.6638112478440945,0.0,0.0,0.0,0.0,0.0,0.0,0.0,0.07537599332067757,0.0,0.0,0.0,0.0,0.0,0.0,0.0,0.0,0.0,0.0,-123.45350967628958,0.0,4.522559599240655,0.0,0.0,954.728549476043,199.50903915380752,313.6725986585677,-0.0018843998330169392,0.0,0.0,84.23870246746115,2.2612797996203273,0.0,363.2985132623969,-0.24271069849252455,0.0,0.0,0.0,397.96987581497024,-999.1461156223322,0.0,0.0,-17.373859177609965,0.0,565.979331938549,0.0,0.0,0.0,0.0,0.0,0.0,0.0,0.0,0.0,0.0,0.0,0.0,0.0,0.0,0.0,0.0,-451.3095900641184,0.0,0.0,363.2985132623969,0.0,2.336655792941005,2.336655792941005,0.0,902.2734375000023,0.0,-902.2734375000023,902.2734375000023,0.0,0.0,0.0,0.0,0.0,0.0,0.0,0.0,0.0,124.03390482485881,0.007537599332067757,0.0,0.0,0.0,-671.0934355899016,145.5277126277499,0.0,0.0,123.45350967628958,0.0,92.06885140757696,0.0,0.0,0.0,0.0,0.0,-185.41515712705967,-185.41515712705967,0.0,0.0,0.0,0.0,0.0,0.0,0.0,-185.4076195277276,0.0,0.0,0.0,-242.4558522328379,0.0,0.0,0.0,0.0,0.0,0.0,0.0,0.0,0.0,0.0,-124.53088387415318,0.0,0.0,0.0,0.0,-1000.0,0.0,0.0,0.0,0.0,0.0,0.0,495.6456190546567,-63.84761202768129,63.84761202768129,0.0,0.0,0.0,0.0,0.0,0.0,0.0,0.0,-411.8839968207704,0.0,0.0,0.0,0.0,0.0,0.0,0.0,0.0,0.0,0.0,0.0,0.0,0.0,183.84349810694223,846.6179961577553,664.9368686427719,0.0,0.0,0.0,0.0,84.23870246746115,0.0,0.0,0.0,0.0,-0.6638112478440945,-1.5491924830995458,0.0,0.0,127.8252411630704,0.0,0.0,0.0,0.0,0.0,0.0,297.35246678563857,361.0372334627766,0.0,1000.0,767.711032126832,386.5265565030184,0.0,-664.9368686427719,0.0,0.0,0.0,0.0,0.0,0.0,0.0,-0.7596643860168797,0.0,0.0,-1000.0,-1000.0,0.0,0.0,0.0,1000.0,135.661427126126,0.0,-1000.0,0.0,0.0,-58.5354887451101,0.0,0.0,0.0,0.0,0.0,0.0,0.0,0.0,0.0,0.0,-429.25785599838036,0.0,0.0,0.0,-0.6638112478440945,-0.011306398998101635,0.0,0.0,0.0,0.0,0.007537599332067757,0.0,0.0,0.0,552.4627842701419,838.5636279249037,0.0,-503.38889944809273,728.4094849411888,0.0,1000.0,0.0,-529.4548120213351,0.0,-17.373859177609965,0.0,0.0,0.0,318.39343901848406,102.3164398372274,108.74493316562366,-1000.0,-813.8079483239189,0.0,0.0,0.0,0.0,0.0,0.0,0.0,0.0,0.0,0.0,0.0,0.0,0.0,0.0,0.0,0.0,127.8252411630704,-238.89503202190554,0.0,-1000.0,123.45350967628958,761.0748175807661,0.0,1000.0,0.0,0.0,-124.03390482485881,0.0,0.0,0.0,0.0,397.59299584836685,-105.18443976258101,0.0,-699.1733778907868,0.0,2.8679999253536024,0.0,0.0,-437.936736987228,0.0,0.0,0.0,147.7671415282366,-0.18843998330169393,-0.37687996660338785,-26.276071271588204,0.0,-4.899439565844043,1000.0,0.0,363.2985132623969,0.0,0.0,0.0,0.0,0.0,92.33575566290733,183.84349810694223,0.0,0.0,0.0,108.86633931119643,0.0,0.0,-185.42269472639174,0.0,0.0,0.0,0.0,0.0,-1.327622495688189,0.0,0.0,78.49248013358645,0.0,0.0,0.0,0.0,-42.24624006679323,0.015075198664155215,0.0,0.0,0.0,0.0,0.0,0.0,0.0,0.0,0.0,0.0,0.0,0.0,0.0,0.0,0.0,0.0,0.0,0.0,0.0,0.008291359265281987,0.008291359265281987,0.0,278.3359782405287,0.0,4.522559599240655,0.0,0.0,0.0,1000.0,0.0,0.0,0.0,0.0,0.0,415.3940489849868,-1000.0,0.0,0.0,0.0,0.0,0.0,78.49248013358645,0.0,0.0,0.0,0.0,0.0,0.0,0.0,150.43653002137282,-552.4627842701419,525.5657229621517,0.0,0.5803951485692169,0.0,0.0,84.23870246746115,0.0,0.0,415.3940489849868,0.0,-626.8521910818065,1000.0,0.0,0.0,183.84349810694223,0.0,0.0,0.0,0.0,0.0,0.0,0.0,0.0,0.0,0.0,0.0,0.0,0.0,4.522559599240655,0.0,0.0,0.0,0.0,0.0,0.0,0.0,0.0,0.0,0.0,0.0,0.0,0.07537599332067757,0.0,0.0,0.0,0.0,0.0,495.6456190546567,0.0,0.0,363.2985132623969,0.0,0.0,0.0,0.0,0.0,0.0,0.0,0.0,0.0,0.0,103.4727848338725,0.0,0.0,2.2612797996203273,2.2612797996203273,1000.0,-1000.0,0.0,78.49248013358645,0.0,0.0,0.0,0.0,0.0,999.1461156223322,0.0,1000.0,0.007537599332067757,0.0,0.0,0.0,0.6078535461360355,0.0,0.0,-84.23870246746115,0.0,0.0,0.0,0.0,0.0,0.0,0.0,0.0,0.0,0.0,0.0,0.0,0.0,0.0,0.007537599332067757,0.0,0.0,0.0,174.8593749003923,-174.8593749003923,0.0,0.0,0.0,761.0748175807661,-124.03390482485881,0.0,0.0,0.0,-761.1049679780945,-0.5653199499050818,-0.3768799666033882,0.0,0.0,0.0,0.0,0.0,0.0,0.0,0.0,0.0,0.0,0.0,0.0,0.0,0.0,0.0,0.0,-4.522559599240655,0.0,0.0,0.0,92.32821806357526,0.0,0.0,0.007537599332067757,0.0,0.007537599332067757,0.0,0.0,0.0,4.522559599240655,9.195871185122664,9.195871185122664,0.0,0.0,0.0,0.0,0.0,0.0,0.0,525.5657229621517,0.0,0.0,0.0,0.0,319.0424263209751,0.0,0.0,0.0,0.0,0.0,0.0,0.0,0.0,0.0,0.0,0.0,0.0,0.0,0.0,84.23870246746115,0.0,0.0,0.0,0.011306398998101635,0.0,0.0,0.0,-363.2985132623969,0.0,0.0,0.0,0.0,0.0,-278.3359782405287,0.37687996660338785,0.0,0.0,0.0,0.0,0.0,0.0,0.0,0.0,0.0,0.0,0.0,0.0,0.0,0.0,0.0,0.0,0.0,1000.0,94.49248013358645,0.0,589.0582030957381,-17.373859177609965,0.0,0.0,0.0,0.0,123.45350967628958,-9.195871185122664,0.0,0.3768799666033882,1000.0,0.0,0.0,0.0,-1.327622495688189,0.0,0.0,0.0,0.0,0.0,0.0,0.0,0.0,0.0,403.4321820645868,-280.0319380902439,9.195871185122664,0.0,-546.875,-546.875,546.875,0.0,0.0,0.0,0.0,0.0,0.0,0.0,0.0,0.0,-0.6078535461360355,28.828896468595378,-495.6456190546567,2.2612797996203273,0.0,0.0,0.0,0.0,-13.78182739595249,0.0,0.0,0.008291359265281987,0.0,0.0,0.0,4.597935592561332,0.0,0.0,0.0,0.0,846.6179961577553,0.0,0.0,0.0,0.0,0.0,0.0,0.0,0.0,0.0,0.0,0.0007537599332067757,0.0007537599332067757,0.0,0.0,0.0,0.0,0.0,0.0,0.0,0.0,0.0,0.0,0.0,0.0,0.0,0.0,0.0,278.3359782405287,0.0,0.0,0.0,0.0,0.0,0.0,0.0,0.0,0.0,0.0,0.0,0.0,131.70643970446912,-940.3574032962807,0.0,0.0,0.0,0.0,4.522559599240655,0.0,0.0,0.0,0.0,0.0,995.4774404007593,-1000.0,0.0,0.0,0.0,0.0,0.0,0.0,0.0,0.0,0.0,0.0,0.0,0.0,-1000.0,-1000.0,324.20568186344155,0.0,-363.2985132623969,0.0,761.0748175807661,0.0,0.0,0.0,0.0,0.0,0.0,0.0,0.0,0.0,0.0,0.0,0.0,0.0,0.0,0.0,0.0,0.0,-0.94219991650847,0.0,-398.15831579827193,598.5090444613139,0.0,0.0,0.0,0.0,0.0,0.0,-0.09421999165084698,124.78113217197777,0.0,0.0,0.0,0.0,0.0,0.0,0.0,813.8079483239189,2.2612797996203273,2.2612797996203273,0.0,0.0,0.0,0.0,0.0,0.008291359265281987,278.3359782405287,0.0,0.0,-761.0748175807661,0.0,0.0,0.0,0.0,0.0,0.0,0.0,0.0,0.0,0.0,0.0,0.0,0.0,0.0,0.0,0.0,0.0,2.336655792941005,0.0,7.914479298671146,0.0,0.0,0.5803951485692169,0.0,0.0,0.0,278.3359782405287,0.0,-0.6195906650959128,0.0,0.0,0.0,-0.94219991650847,0.0,0.0,0.0,0.0,0.0,0.0,0.0,0.0,0.0,0.0,0.0,0.0,0.0,0.0,0.0,0.0,0.0,0.0,-0.007537599332067757,0.0,0.0,0.37687996660338785,-415.3940489849868,0.0,0.0,0.0,0.0,0.0,0.0,0.0,0.0,-318.39343901848406,0.18843998330169393,0.0,0.0,0.0,0.007537599332067757,0.0,7.537599332067757,0.0,1.5075198664135514,0.05383999522905541,25.703213722351055,-0.005653199499050817,699.1733778907868,0.15075198664135514,-0.03768799666045197,-25.703213722351055,2.2612797996203273,-0.007537599332067757,5.791286392536655,78.49248013358645,0.0018843998330169392,0.05383999522905541,-17.373859177609965,-1.199985813665137,-0.15075198664135314,142.86021057137202,-0.007537599332067757,0.0018843998330169392,-25.703213722351055,0.7537599332067757,0.007537599332067757,0.007537599332067757,-278.3201492819313,0.008291359265274533,-20.95808158872463,-0.005653199499050817,2.2612797996203273,0.007537599332067757,363.2985132623969,357.2684337967427,-0.0037687996660338784,-36.3630514636324,-85.0,-0.005653199499050817,-0.007537599332067754,0.0,0.007537599332067757,0.7537599332067757,-0.15075198664135514,84.23870246746115,84.23870246746115,-0.7537599332067757,-142.86021057137202,-84.23870246746115,1.5075198664135514,0.011306398998101635,550.6622054156402,0.7537599332067757,-150.43653002137282,78.49248013358645,-1.5075198664135514,0.0037687996660338784,0.07537599332067757,125.84722486202318,96.0,-0.007537599332067757,-280.0319380902439,278.3201492819313,2.336655792941005,0.007537599332067754,1.199985813665137,-291.5898725276715,78.49248013358645,-0.007537599332067757,-0.0018843998330169392,-78.49248013358645,-0.007537599332067757,-42.24624006679323,0.007537599332067757,-0.0018843998330169392,-0.0018843998330169392,-0.0018843998330169392,3.015039732827103,-357.2684337967427,0.07537599332067757,81.69687899738233,-0.0018843998330169392,245.90316333150972,0.37687996660338785,21.5,0.007537599332067757,0.0037687996660338784,0.0037687996660338784,40.0,0.0,0.007537599332067757,0.0,0.07537599332067757,0.007537599332067757,-233.92179918185565,0.007537599332067757,0.030150397328384315,0.03768799666045197,0.0037687996660338784,0.0018843998330169392,2.2612797996203273,-0.007537599332067757,20.95808158872463,0.07537599332067657,-163.39375799476466,698.9849379074851,-0.7537599332067757,1.5075198664135514,0.37687996660338785,-0.007537599332067757,17.373859177609965,0.011306398998101635,-0.007537599332067757,-80.0,0.0,135.7520513038665,0.0037687996660338784,-43.0,-0.007537599332067757,-0.007537599332067757,-0.007537599332067757,0.003768799666033877,25.703213722351055,-1.5075198664135514,0.007537599332067757,251.69444972404636,-0.0018843998330169392,-0.008291359265274533,-251.69444972404636,1.1306398998101634,85.0,-558.9393715064953,25.703213722351055,-0.005653199499050817,280.0319380902439,-96.0,0.007537599332067757,-0.001884399833016939,0.3768799666033882,7.537599332067757,-0.0037687996660338784,-0.007537599332067754,0.0018843998330169392,0.0,0.0,-1000.0,152.22492018447332,-46.0,0.0,150.3669641094176,-31.0,0.0,-32.0,-93.0,-65.0,-449.3340257846937,16.0,23.0,46.5,0.0,15.5,-278.3359782405287,-121.97022390791402,449.3340257846937,65.0,-121.97022390791402,-150.3669641094176,220.60153835194117,0.0,1496.5981,hclb
465,0.0,0.0,0.0,0.0,0.0,0.0,0.0,0.0,-0.06588664581986466,0.0,0.0,0.0,0.0,0.0,0.0,0.0,-657.9785764250828,0.0,0.0,330.3442452314852,0.0,0.0,0.0,0.0,0.0,0.0,0.0,0.0,0.0,657.9785764250828,0.0,0.0,358.72938897485767,0.0,0.0,0.0,0.0,-0.2635465832790036,0.0,-1000.0,1000.0,0.0,0.0,0.0,0.0,0.0,0.0,0.0,0.0,-57.48362722733924,0.0,0.0,0.0,0.07247531040161448,0.0,0.0,0.0,13.177329163972932,0.0,0.0,-5.80241727520244,0.0,0.0,-5.80241727520244,0.0,0.0,0.0,0.0,0.0,497.4347480244814,0.0,0.6588664581986465,0.0,0.0,0.0,0.0,0.0,0.0,0.0,635.9977943422067,0.0,0.0,0.0,0.0,39.53198749191879,0.0,0.0,-592.5275119436707,0.0,904.365723255758,-0.016471661454966164,0.0,0.0,-578.7057385081922,19.765993745959396,0.0,19.765993745959396,0.0,0.0,0.0,0.0,622.0925013384884,657.9785764250828,0.0,0.0,0.0,431.86905600175953,626.9729298781692,0.0,0.0,0.0,0.0,0.0,0.0,0.0,0.0,0.0,0.0,0.0,0.0,0.0,0.0,0.0,0.0,-450.3207654128231,0.0,0.0,19.765993745959396,0.0,20.42486020415804,20.42486020415804,0.0,0.0,0.0,0.0,0.0,0.0,-171.87500000180353,171.87500000180353,0.0,0.0,0.0,0.0,0.0,0.0,5.073271728129612,0.06588664581986466,0.0,0.0,0.0,0.0,-431.86905600175953,0.0,0.0,0.0,0.0,439.6260101785562,0.0,0.0,0.0,0.0,0.0,742.7153472859444,742.7153472859444,0.0,0.0,0.0,0.0,-1000.0,0.0,0.0,742.7812339317643,0.0,0.0,0.0,0.0,-264.1158438967086,0.0,0.0,0.0,0.0,0.0,0.0,0.0,0.0,0.0,-11.275401321306012,0.0,0.0,0.0,0.0,-100.23299251355178,0.0,0.0,0.0,0.0,0.0,57.48362722733924,0.0,62.741150443524475,-62.741150443524475,0.0,0.0,0.0,0.0,0.0,0.0,0.0,0.0,581.8942728703781,0.0,0.0,0.0,0.0,0.0,0.0,0.0,0.0,0.0,0.0,0.0,0.0,0.0,106.65551108156103,-16.64534167205414,0.0,0.0,0.0,0.0,0.0,78.34544877219368,0.0,0.0,0.0,0.0,-5.80241727520244,0.0,0.0,0.0,0.0,0.0,0.0,0.0,0.0,0.0,2.121549995398709,0.0,0.0,0.0,62.741150443524475,0.0,-529.7863615001462,0.0,0.0,0.0,0.0,0.0,0.0,0.0,0.0,0.0,22.101537825790786,0.0,0.0,-627.68485731037,-884.0388046785037,0.0,235.19909059744512,21.154856770688497,862.8839479078151,62.741150443524475,0.0,985.6129076186803,57.48362722733924,0.0,146.3280134735448,0.0,0.0,0.0,0.0,0.0,0.0,0.0,1000.0,0.0,0.0,1000.0,0.0,0.0,0.0,-5.80241727520244,-0.09882996872979699,0.0,0.0,0.0,0.0,0.06588664581986466,0.0,0.0,0.0,0.0,-657.9785764250828,0.0,-639.9381047855262,-178.78335798521508,264.1158438967086,952.9433229099322,0.0,930.6241217923312,0.0,0.0,0.0,0.0,0.0,898.8432132597294,-829.4673350520607,-1000.0,-1000.0,-1000.0,0.0,0.0,0.0,0.0,0.0,0.0,0.0,0.0,0.0,0.0,0.0,0.0,0.0,0.0,0.0,0.0,0.0,-1000.0,0.0,-1000.0,0.0,0.0,0.0,0.0,0.0,0.0,-7.194821723528323,0.0,0.0,0.0,0.0,618.7981690474952,0.0,0.0,442.1341017696239,0.0,829.4673350520607,0.0,0.0,6.767577938732757,0.0,0.0,-1000.0,165.87631306212677,-1.6471661454966164,-3.294332290993233,-898.3914487902566,0.0,-3.294332290993225,-539.0104527531302,1000.0,19.765993745959396,0.0,0.0,0.0,0.0,0.0,0.0,937.1719945207335,830.5164834391724,-830.5164834391724,-830.5164834391724,-249.36281301144936,0.0,0.0,-257.3505393598755,0.0,0.0,0.0,0.0,0.0,-11.60483455040488,0.0,-828.1250000000008,66.82267083602707,0.0,0.0,0.0,0.0,-36.411335418013536,0.1317732916395471,0.0,0.0,0.0,0.0,0.0,0.0,0.0,0.0,0.0,497.4347480244814,0.0,0.0,0.0,0.0,0.0,0.0,0.0,0.0,0.0,0.07247531040161448,0.07247531040161448,0.0,189.4781819175881,0.0,39.53198749191879,0.0,169.15430344232826,0.0,1000.0,0.0,196.40212586226136,0.0,0.0,0.0,158.2079974987121,-1000.0,0.0,0.0,0.0,0.0,0.0,66.82267083602707,0.0,0.0,0.0,0.0,0.0,0.0,0.0,150.10692180427438,0.0,0.0,245.17248141563533,5.073271728129612,0.0,0.0,-578.7057385081922,-657.0511872803859,0.0,158.2079974987121,0.0,121.79666208069857,0.0,0.0,0.0,106.65551108156103,0.0,0.0,0.0,0.0,0.0,0.0,0.0,0.0,0.0,0.0,0.0,0.0,0.0,39.53198749191879,0.0,0.0,0.0,0.0,0.0,0.0,0.0,0.0,0.0,0.0,0.0,0.0,0.6588664581986465,0.0,0.0,0.0,0.0,0.0,0.0,0.0,0.0,19.765993745959396,0.0,0.0,0.0,0.0,245.17248141563533,0.0,0.0,0.0,0.0,0.0,284.2635614602765,0.0,0.0,19.765993745959396,19.765993745959396,-538.3074327618341,-1000.0,0.0,66.82267083602707,0.0,0.0,0.0,0.0,0.0,342.0214235749172,0.0,378.22709604921397,0.06588664581986466,0.0,0.0,-382.8124999999994,388.12578736647276,329.18548384747646,0.0,578.7057385081922,0.0,0.0,0.0,0.0,0.0,0.0,0.0,0.0,0.0,0.0,0.0,0.0,0.0,0.0,0.06588664581986466,0.0,0.0,0.0,-994.1975827247976,994.1975827247976,0.0,0.0,0.0,0.0,-720.6956700225858,1000.0,0.0,-286.4991517009425,0.0,-4.94149843648985,-3.294332290993225,0.0,0.0,0.0,0.0,0.0,0.0,0.0,0.0,0.0,0.0,0.0,0.0,0.0,264.1158438967086,0.0,0.0,1000.0,0.0,0.0,0.0,-0.06588664581986466,0.0,0.0,0.06588664581986466,0.0,0.06588664581986466,0.0,0.0,0.0,39.53198749191879,80.38170790023489,80.38170790023489,0.0,0.0,0.0,0.0,0.0,0.0,0.0,0.0,0.0,0.0,0.0,0.0,904.5160534648195,0.0,0.0,0.0,0.0,0.0,0.0,0.0,0.0,0.0,0.0,0.0,0.0,0.0,0.0,78.34544877219368,0.0,0.0,0.0,0.09882996872979699,0.0,0.0,0.0,-19.765993745959396,0.0,0.0,0.0,0.0,0.0,-189.4781819175881,3.294332290993233,0.0,0.0,0.0,0.0,1000.0,-959.3995630722484,0.0,0.0,-828.1250000000008,0.0,0.0,0.0,0.0,0.0,0.0,0.0,0.0,203.40038857735868,82.82267083602707,0.0,51.82267083602707,329.18548384747646,0.0,-245.89871477319087,286.4991517009425,-40.600436927751616,0.0,-80.38170790023489,169.15430344232826,3.294332290993225,1000.0,0.0,542.0972394674372,0.0,-11.60483455040488,0.0,0.0,0.0,0.0,0.0,0.0,0.0,0.0,0.0,1.392404448325883,0.0,80.38170790023489,0.0,0.0,0.0,0.0,0.0,0.0,0.0,0.0,0.0,2.121549995398711,0.0,0.0,204.30267722705807,-502.7480353909548,0.0,0.0,19.765993745959396,0.0,0.0,0.0,0.0,85.17757890180557,0.0,0.0,0.07247531040161448,0.0,0.0,0.0,40.190853950117436,0.0,0.0,0.0,0.0,-16.64534167205414,0.0,431.86905600175953,0.0,0.0,0.0,0.0,0.0,0.0,-69.34039494675119,0.0,176.51505802124547,0.006588664581986592,0.0,0.0,0.0,0.0,0.0,0.0,0.0,0.0,0.0,-382.81249999999943,0.0,0.0,0.0,0.0,0.0,189.4781819175881,0.0,0.0,0.0,0.0,0.0,0.0,0.0,57.48362722733924,0.0,0.0,0.0,0.0,0.0,0.0,0.0,0.0,0.0,0.0,39.5319874919188,0.0,0.0,0.0,0.0,0.0,-620.9121761335023,581.3801886415835,0.0,0.0,0.0,0.0,0.0,0.0,0.0,0.0,0.0,0.0,0.0,0.0,-378.22709604921397,0.0,949.648405851427,-19.765993745959396,0.0,0.0,-0.2635465832790036,0.0,0.0,0.0,0.0,0.0,0.0,0.0,0.0,0.0,0.0,0.0,0.0,0.0,0.0,0.0,0.0,169.15430344232826,-8.235830727483075,0.0,-623.739667483985,899.5745550283297,0.0,0.0,0.0,0.0,0.0,-621.2967117584266,620.4731286856783,11.60483455040488,0.0,0.0,0.0,0.0,0.0,0.0,0.0,1000.0,19.765993745959396,19.765993745959396,0.0,0.0,0.0,0.0,635.9977943422067,0.07247531040161448,189.4781819175881,0.0,0.0,0.2635465832790036,176.50846935666348,0.0,0.0,0.0,0.0,0.0,0.0,0.0,0.0,0.0,0.0,0.0,0.0,0.0,0.0,0.0,0.0,20.42486020415804,0.0,69.18097811085788,5.073271728129612,0.0,0.0,0.0,0.0,0.0,189.4781819175881,0.0,956.1052307812552,0.0,0.0,0.0,-8.235830727483075,0.0,0.0,0.0,0.0,0.0,0.0,0.0,0.0,0.0,0.0,0.0,0.0,0.0,0.0,0.0,0.0,0.0,0.0,-0.06588664581986466,0.0,0.0,3.294332290993233,-158.2079974987121,0.0,0.0,0.0,0.0,0.0,0.0,0.0,0.0,-898.8432132597294,1.6471661454966164,0.0,0.0,0.0,0.06588664581986466,0.0,65.88664581986465,0.0,13.17732916397293,0.47061889871331986,224.67346224573848,-0.049414984364898495,312.69341681474083,1.3177329163972933,-0.32943322909886824,-224.67346224573848,19.765993745959396,-0.06588664581986466,0.0,66.82267083602707,0.016471661454966164,0.47061889871331986,0.0,-10.489154014521546,-1.3177329163972933,327.6343311935976,-0.06588664581986466,0.016471661454966164,-224.67346224573848,6.588664581986466,0.06588664581986466,0.06588664581986466,-189.33981996136663,0.07247531040184185,-65.95524054539476,-0.049414984364898495,19.765993745959396,0.06588664581986466,19.765993745959396,-32.94332290993233,-0.03294332290993233,-373.67076963316146,-85.0,-0.049414984364898495,-0.06588664581986466,0.0,0.06588664581986466,6.588664581986466,-1.3177329163972933,78.34544877219368,78.34544877219368,-6.588664581986466,-327.6343311935976,-78.34544877219368,13.177329163972932,0.09882996872979699,-1000.0,6.588664581986466,-150.10692180427438,66.82267083602707,-13.177329163972932,0.03294332290993233,0.6588664581986465,159.98452619638155,96.0,-0.06588664581986466,-204.30267722705807,189.33981996136663,20.42486020415804,0.06588664581986466,10.489154014521546,-12.24130414781051,66.82267083602707,-0.06588664581986466,-0.016471661454966164,-66.82267083602707,-0.06588664581986466,-468.2803914197731,0.06588664581988724,-0.016471661454966164,-0.016471661454966164,-0.016471661454966164,26.354658327945863,32.94332290993233,0.6588664581986465,140.587351931002,-0.016471661454966164,319.9690523927631,3.294332290993233,21.5,0.06588664581986466,0.03294332290993233,0.03294332290993233,40.0,0.0,0.06588664581986466,0.0,0.6588664581986465,0.06588664581986466,-324.13451834942293,0.06588664581986466,0.2635465832790036,0.32943322909886824,0.03294332290993233,0.016471661454966164,19.765993745959396,-0.06588664581986466,65.95524054539476,0.6588664581986466,-281.174703862004,311.0462506692442,-6.588664581986466,13.177329163972932,3.294332290993233,-0.06588664581986466,0.0,0.09882996872979699,-0.06588664581986466,-80.0,0.0,226.84402297068337,0.03294332290993233,-43.0,-0.06588664581986466,-0.06588664581988724,-0.06588664581986466,0.03294332290993233,224.67346224573848,-13.177329163972932,0.06588664581986466,319.9690523927631,-0.016471661454966164,-0.07247531040184185,-319.9690523927631,9.882996872979698,85.0,771.9896322275197,224.67346224573848,-0.049414984364898495,204.30267722705807,-96.0,0.06588664581986466,-0.016471661454966167,3.294332290993225,65.88664581986465,-0.03294332290993233,-0.06588664581986466,0.016471661454966164,0.0,0.0,32.86018297780765,183.54716641842094,-46.0,0.0,-108.0,-31.0,0.0,-32.0,-93.0,-65.0,-967.1068736992825,16.0,23.0,46.5,0.0,15.5,-189.4781819175881,-312.02160187248893,967.1068736992825,65.0,-312.02160187248893,108.0,-51.17368021708798,0.0,1496.5981,hclb
466,0.0,0.0,0.0,0.0,0.0,0.0,0.0,0.0,-0.023403424370668467,0.0,0.0,0.0,0.0,0.0,0.0,0.0,-79.98241709065275,259.6655737327884,0.0,0.0,0.0,0.0,0.0,0.0,0.0,0.0,0.0,0.0,0.0,-405.839003654111,0.0,0.0,24.563417374741334,0.0,0.0,0.0,0.0,0.0,0.0,-1000.0,1000.0,0.0,0.0,972.0252111571406,0.0,0.0,191.54319985493424,285.9702716453861,-486.20379041237675,-512.8155431346642,0.0,0.0,0.0,0.025743766807716888,0.0,0.0,0.0,290.6509565195198,0.0,0.0,-35.71196851289642,0.0,596.0864674910555,517.9823885551683,0.0,0.0,0.0,0.0,0.0,103.97386559115378,0.0,0.23403424370668469,0.0,0.0,0.0,0.0,0.0,0.0,0.0,0.0,0.0,0.0,0.0,0.0,14.042054622401082,0.0,47.781610414316525,0.0,99.7007395514829,634.2697306859826,-0.005850856092667118,0.0,0.0,197.25082445056734,7.021027311200541,0.0,7.021027311200541,-0.753590264735556,0.0,0.0,0.0,999.4149143907332,-1000.0,0.0,0.0,-5.9193669466669245,690.4916802813511,0.0,0.0,0.0,0.0,0.0,0.0,0.0,0.0,0.0,0.0,0.0,0.0,0.0,0.0,0.0,0.0,0.0,-318.008543201352,0.0,0.0,7.021027311200541,0.0,7.255061554907225,0.0,0.0,0.0,0.0,0.0,0.0,0.0,-421.87500001303795,421.87500001303795,-42.392110422990754,0.0,0.0,0.0,0.0,0.0,49.583674090858,0.023403424370668467,0.0,0.0,0.0,-1000.0,-145.7763043177015,0.0,0.0,0.0,0.0,-10.2512681066086,0.0,0.0,0.0,0.0,0.0,-48.17496518761401,-48.17496518761401,0.0,0.0,0.0,-367.1875,0.0,0.0,0.0,-48.15156176324334,0.0,0.0,0.0,0.0,-553.751842012884,0.0,0.0,0.0,0.0,0.0,0.0,0.0,0.0,0.0,-17.4758329310444,0.0,0.0,0.0,0.0,-1000.0,0.0,0.0,0.0,0.0,0.0,512.8155431346642,0.0,-99.7007395514829,99.7007395514829,0.0,0.0,0.0,0.0,0.0,0.0,0.0,594.160996345889,-487.32148888411683,0.0,0.0,0.0,0.0,0.0,0.0,0.0,0.0,0.0,0.0,0.0,0.0,0.0,292.8196849397226,475.03033482895853,972.0252111571406,0.0,0.0,0.0,0.0,0.0,0.0,0.0,0.0,0.0,-35.71196851289642,0.0,0.0,0.0,0.0,0.0,0.0,0.0,0.0,0.0,0.0,0.0,0.0,0.0,297.18049115196413,496.5819702549299,-585.9045299638597,0.0,-972.0252111571406,0.0,0.0,42.392110422990754,28.55217773221553,0.0,0.0,0.0,-81.05291040659142,0.0,0.0,-739.4020052599524,-739.4020052599524,0.0,0.0,0.0,739.4020052599524,0.0,0.0,646.1686245936822,512.8155431346642,0.0,65.29555399416502,0.0,0.0,0.0,0.0,0.0,0.0,0.0,0.0,42.392110422990754,0.0,0.0,-367.1875,0.0,0.0,-35.71196851289642,-0.035105136556002704,0.0,0.0,0.0,0.0,0.023403424370668467,0.0,0.0,0.0,992.9789726887994,-79.98241709065275,0.0,-207.1792580782253,311.4863770257549,553.751842012884,889.3096017623435,0.0,0.0,0.0,-5.9193669466669245,0.0,0.0,0.0,610.3354514404963,-282.01219702519177,-328.3232544153045,-1000.0,-1000.0,0.0,0.0,0.0,0.0,0.0,0.0,0.0,0.0,0.0,0.0,0.0,0.0,0.0,0.0,0.0,0.0,0.0,-999.9063863025175,0.0,-1000.0,0.0,0.0,0.0,711.8069089836225,0.0,0.0,-49.583674090858,0.0,0.0,0.0,0.0,998.2447431721998,0.0,-796.8750000000003,0.0,-211.42498295954522,282.01219702519177,0.0,-1.1701712185334234,0.0,-315.53994277861136,796.8750000000003,-856.1959972964446,0.0,210.8398973502785,0.0,-218.82969025180614,0.0,-401.86158474987326,498.2049556038997,1000.0,7.021027311200541,0.0,0.0,0.0,0.0,0.0,0.0,1000.0,707.1803150602774,-707.1803150602774,-707.1803150602774,94.23868207253324,0.0,0.0,0.0,0.0,0.0,594.160996345889,0.0,0.0,-18.252826620150625,0.0,0.0,117.71142554885706,0.0,0.0,0.0,0.0,12.72468348140751,0.046806848741311,0.0,0.0,0.0,0.0,0.0,0.0,0.0,0.0,0.0,0.0,0.0,0.0,0.0,0.0,0.0,0.0,0.0,0.0,0.0,0.025743766807716888,0.025743766807716888,0.0,384.1390000655889,0.0,14.042054622401082,0.0,0.0,0.0,224.454001425271,0.0,0.0,47.781610414316525,0.0,0.0,-40.48376085485569,-224.454001425271,0.0,0.0,0.0,0.0,0.0,117.71142554885706,0.0,0.0,0.0,0.0,0.0,0.0,0.0,106.002847733784,-992.9789726887994,455.2846240363504,0.0,49.583674090858,0.0,197.25082445056734,0.0,0.0,0.0,-40.48376085485569,0.0,0.0,-27.759077373448235,0.0,0.0,292.8196849397226,0.0,0.0,0.0,0.0,0.0,0.0,0.0,0.0,0.0,0.0,0.0,0.0,0.0,14.042054622401082,42.392110422990754,42.392110422990754,0.0,0.0,0.0,0.0,0.0,0.0,0.0,0.0,0.0,0.0,0.23403424370668469,0.0,0.0,47.781610414316525,-47.781610414316525,0.0,0.0,0.0,0.0,7.021027311200541,0.0,0.0,0.0,0.0,0.0,0.0,0.0,0.0,0.0,0.0,98.82898608054438,605.8826658461697,0.0,7.021027311200541,7.021027311200541,1000.0,-224.454001425271,0.0,117.71142554885706,0.0,0.0,0.0,0.0,0.0,1000.0,594.160996345889,1000.0,0.023403424370668467,0.0,0.0,0.0,30.907565227806376,0.0,0.0,-197.25082445056734,0.0,-42.392110422990754,0.0,0.0,0.0,0.0,0.0,0.0,0.0,0.0,0.0,0.0,0.0,0.0,0.023403424370668467,0.0,0.0,0.0,163.76864348123752,-163.76864348123752,0.0,0.0,0.0,0.0,-49.583674090858,0.0,0.0,0.0,-0.09361369748251036,-1.7552568278001353,-1.1701712185334234,0.0,0.0,0.0,0.0,0.0,0.0,0.0,0.0,0.0,0.0,0.0,0.0,42.392110422990754,553.751842012884,0.0,0.0,599.3085864686601,0.0,0.0,0.0,-0.023403424370668467,0.0,0.0,0.023403424370668467,0.0,0.023403424370668467,0.0,61.581755168163035,0.0,14.042054622401082,28.55217773221553,28.55217773221553,0.0,0.0,0.0,0.0,0.0,0.0,0.0,455.2846240363504,0.0,594.160996345889,0.0,0.0,0.0,612.3504862788109,0.0,0.0,0.0,0.0,0.0,0.0,0.0,0.0,0.0,0.0,0.0,0.0,0.0,0.0,0.0,0.0,0.0,0.035105136556002704,0.0,0.0,0.0,-7.021027311200541,0.0,0.0,0.0,0.0,0.0,-384.1390000655889,1.1701712185334234,0.0,0.0,0.0,367.1875,0.0,0.0,0.0,0.0,0.0,0.0,0.0,0.0,0.0,0.0,42.392110422990754,0.0,0.0,94.04638346450031,91.31931512586631,0.0,515.6039391622168,-5.9193669466669245,0.0,0.0,0.0,0.0,0.0,0.0,0.0,1.1701712185334234,861.2586404266432,0.0,0.0,0.0,-113.81604744878368,0.0,0.0,0.0,0.0,0.0,0.0,0.0,0.0,0.0,403.3700898244334,-389.4047705489894,28.55217773221553,0.0,-328.12500000000006,-328.125,328.125,0.0,0.0,0.0,0.0,0.0,0.0,0.0,0.0,0.0,-30.907565227806376,0.0,0.0,7.021027311200541,47.781610414316525,0.0,0.0,0.0,-214.55508633447408,0.0,0.0,0.025743766807716888,0.0,0.0,0.0,14.276088866107765,0.0,0.0,0.0,0.0,475.03033482895853,0.0,690.4916802813511,0.0,0.0,0.0,0.0,0.0,0.0,-728.3766940110709,0.0,0.0023403424370668467,0.0023403424370668467,0.0,0.0,0.0,0.0,0.0,0.0,0.0,0.0,0.0,0.0,0.0,0.0,0.0,0.0,0.0,384.1390000655889,0.0,0.0,0.0,0.0,0.0,0.0,0.0,512.8155431346642,0.0,0.0,0.0,95.56322082863305,0.0,0.0,259.6655737327884,0.0,0.0,0.0,14.042054622401082,0.0,0.0,0.0,0.0,0.0,-14.042054622401082,0.0,0.0,95.56322082863305,0.0,0.0,0.0,0.0,0.0,0.0,0.0,0.0,0.0,0.0,-1000.0,-1000.0,628.3818319727187,0.0,-7.021027311200541,0.0,0.0,0.0,0.0,0.0,0.0,0.0,0.0,0.0,0.0,0.0,0.0,0.0,0.0,0.0,0.0,0.0,0.0,0.0,-2.9254280463335585,42.392110422990754,-1000.0,1000.0,0.0,0.0,0.0,0.0,0.0,0.0,-0.29254280463335586,18.252826620150625,0.0,0.0,0.0,0.0,0.0,0.0,0.0,1000.0,7.021027311200541,7.021027311200541,0.0,0.0,0.0,0.0,0.0,0.025743766807716888,384.1390000655889,0.0,0.0,0.0,0.0,0.0,0.0,0.0,0.0,0.0,0.0,0.0,0.0,0.0,0.0,0.0,0.0,0.0,30.790877584081517,0.0,0.0,0.0,0.0,24.573595589201894,0.0,0.0,49.583674090858,0.0,0.0,0.0,384.1390000655889,0.0,-1.9237614832689793,0.0,0.0,0.0,-2.9254280463335585,0.0,0.0,0.0,0.0,0.0,0.0,0.0,0.0,0.0,0.0,0.0,0.0,0.0,0.0,0.0,0.0,0.0,0.0,-0.023403424370668467,0.0,0.0,1.1701712185334234,40.48376085485569,0.0,0.0,0.0,0.0,42.392110422990754,0.0,0.0,0.0,-610.3354514404963,0.5850856092667116,0.0,0.0,0.0,0.023403424370668467,0.0,23.403424370668468,-7.255061554907225,4.680684874133694,0.1671673169333462,65.29555399416502,-0.017552568278001352,856.1959972964446,0.46806848741336937,-0.11701712185317883,-65.29555399416502,7.021027311200541,-0.02340342437066847,1.9731223155556414,117.71142554885706,0.005850856092667118,0.16716731693334622,-5.9193669466669245,-51.50743557412697,-0.46806848741336937,-179.68315664213566,-0.02340342437066847,0.005850856092667118,-65.29555399416502,20.64632740872952,0.02340342437066847,0.023403424370668467,-384.08985287441055,-47.75586664750879,0.0,-0.017552568278001352,7.021027311200541,0.02340342437066847,7.021027311200541,-11.701712185334234,-0.011701712185334235,22.09000199994245,-2.3637458614375153,-0.017552568278001352,-0.023403424370668467,-7.255061554907225,0.023403424370668467,2.340342437066847,-0.46806848741336937,0.0,0.0,-2.340342437066848,179.68315664213566,0.0,4.680684874133694,0.035105136556002704,-1000.0,2.340342437066847,-106.002847733784,117.71142554885706,-4.680684874133694,0.011701712185334235,0.23403424370668469,51.794814519556326,96.0,-0.023403424370668467,-389.4047705489894,384.08985287441055,7.255061554907225,0.02340342437066847,51.50743557412697,71.32133133239216,117.71142554885706,-0.023403424370668467,-0.005850856092667118,-117.71142554885706,-0.02340342437066847,-677.7669967999436,0.02340342437066847,-0.005850856092667118,-0.005850856092667118,-0.005850856092667118,9.361369748267387,11.701712185334234,0.23403424370668469,145.87487068402314,-0.005850856092667118,101.61650672355701,1.1701712185334234,-5.192170522170332,0.023403424370668467,0.011701712185334235,0.011701712185334235,40.0,7.255061554907225,0.023403424370668467,-7.255061554907225,0.23403424370668469,0.02340342437066847,-402.9465879908329,0.02340342437066847,0.09361369748251036,0.11701712185317883,0.011701712185334235,0.005850856092667118,7.021027311200541,-0.02340342437066847,0.0,0.23403424370668469,-291.7497413680463,855.6109116871779,-2.340342437066847,4.680684874133694,1.1701712185334234,-0.02340342437066847,5.9193669466669245,0.035105136556002704,-0.02340342437066847,-80.0,7.255061554907225,328.73842887259934,0.011701712185334235,10.384341044340664,-0.02340342437066847,-0.02340342437066847,-0.02340342437066847,0.011701712185334234,65.29555399416502,-4.680684874133694,0.023403424370668467,103.58962903911265,-0.005850856092667118,47.75586664750879,-103.58962903911265,3.51051365560027,2.3637458614375153,761.7235760156234,65.29555399416502,-0.017552568278001352,389.4047705489894,-96.0,0.02340342437066847,-0.005850856092667117,1.1701712185334234,23.403424370668468,-0.011701712185334235,-0.02340342437066847,0.005850856092667118,0.0,0.0,365.71856760183204,257.0717173068098,-46.0,0.0,411.6344298316203,-31.0,18.30598497166267,293.65215591049076,-93.0,-65.0,-634.2697306859826,-146.82607795524538,23.0,46.5,-18.30598497166267,15.5,-384.1390000655889,-114.18334253812527,634.2697306859826,65.0,-114.18334253812527,-411.6344298316203,168.98637803108065,0.0,1496.5981,hclb
467,0.0,0.0,0.0,0.0,0.0,0.0,0.0,0.0,-0.015997411038426092,0.0,0.0,0.0,0.0,0.0,0.0,0.0,1000.0,0.0,0.0,-475.1922159910789,0.0,0.0,0.0,178.18520448143238,0.0,0.0,0.0,0.0,0.0,-369.41693050229753,112.44246352605715,-112.44246352605715,6.630885178648054,0.0,0.0,0.0,0.0,999.9360103558465,0.0,-1000.0,751.6660151621228,0.0,0.0,-321.8246319507408,0.0,0.0,0.0,0.0,-308.75843754696166,0.0,0.0,0.0,0.0,0.01759715214227721,0.0,0.0,0.0,0.0,0.0,0.0,-29.748349373070905,0.0,57.172280776267215,0.0,0.0,0.0,0.0,0.0,0.0,0.0,0.0,0.15997411038426093,0.0,0.0,0.0,0.0,0.0,0.0,0.0,0.0,0.0,0.0,0.0,0.0,9.598446623055656,0.0,0.0,1000.0,-308.75843754696166,0.0,-0.003999352759606523,0.0,0.0,0.0,4.799223311527828,0.0,126.84804625065692,-35.17561830671403,939.2225612613751,0.0,0.0,744.60906821857,-1000.0,0.0,0.0,-24.01557203740272,0.0,0.0,0.0,0.0,0.0,0.0,0.0,0.0,0.0,0.0,0.0,0.0,0.0,0.0,0.0,0.0,0.0,0.0,-358.96331107964266,0.0,0.0,126.84804625065692,0.0,4.95919742191209,0.0,0.0,-244.0908441247645,244.0908441247645,0.0,0.0,-455.09115193270463,0.0,0.0,427.6672205295083,0.0,0.0,0.0,0.0,0.0,1.2318006499588066,0.015997411038426092,0.0,0.0,0.0,0.0,-668.2656377808216,0.0,0.0,0.0,0.0,223.97421904259417,0.0,0.0,0.0,0.0,0.0,-261.37391794162664,-261.37391794162664,0.0,0.0,0.0,-289.0625,295.9490928440697,0.0,0.0,-148.91545700453105,0.0,0.0,0.0,84.08885116590272,0.0,0.0,0.0,0.0,0.0,0.0,0.0,0.0,0.0,0.0,0.0,0.0,0.0,0.0,0.0,-1000.0,0.0,0.0,0.0,0.0,0.0,0.0,0.0,308.75843754696166,-308.75843754696166,0.0,0.0,0.0,0.0,0.0,0.0,0.0,630.5830694977025,-271.93352080666693,0.0,0.0,0.0,0.0,0.0,0.0,0.0,0.0,0.0,0.0,0.0,0.0,0.0,365.90649867064946,753.7134251353211,-321.8246319507408,0.0,0.0,0.0,27.423931403196306,0.0,0.0,0.0,0.0,0.0,-29.748349373070905,0.0,112.44246352605715,0.0,232.64477395134497,0.0,0.0,0.0,0.0,0.0,77.78196185477998,3.1994822076852185,122.0488229391291,0.0,401.80739944977165,-215.70947564415167,1000.0,0.0,321.8246319507408,0.0,0.0,27.423931403196306,-868.4902722124305,0.0,0.0,0.0,-344.7855282134153,0.0,0.0,-102.53902273503722,-1000.0,206.5503009626505,690.9106763023121,206.5503009626505,1000.0,0.0,0.0,-857.6753408971556,0.0,0.0,44.63277679720886,0.0,0.0,0.0,0.0,0.0,0.0,0.0,-148.9474518266079,0.0,27.423931403196306,0.0,-289.0625,0.0,0.0,-29.748349373070905,-0.023996116557639138,0.0,0.0,0.0,0.0,0.015997411038426092,0.0,0.0,0.0,795.3699918945631,1000.0,0.0,-602.057650754482,872.6667657841302,0.0,774.2896122172687,0.0,0.0,0.0,-24.01557203740272,0.0,0.0,0.0,987.6643963482696,-8.493043665358641,-979.171352682911,-1000.0,-1000.0,0.0,0.0,0.0,0.0,0.0,0.0,0.0,0.0,0.0,0.0,0.0,0.0,0.0,0.0,0.0,0.0,232.64477395134497,0.0,0.0,-1000.0,0.0,0.0,0.0,1000.0,0.0,0.0,33.428701021318375,0.0,939.2225612613751,0.0,0.0,743.8091976666486,0.0,0.0,0.0,0.0,8.493043665358641,0.0,0.0,0.0,-31.410934719007855,0.0,-872.7044693852456,0.0,-0.3999352759606523,-0.7998705519213046,-123.63054189090917,0.0,0.0,457.51543029711723,565.3368895163329,126.84804625065692,0.0,0.0,0.0,0.0,0.0,0.0,0.0,-365.90649867064946,365.90649867064946,365.90649867064946,113.8160898297175,0.0,0.0,0.0,0.0,0.0,630.5830694977025,0.0,0.0,-86.92063014933811,0.0,0.0,104.22444919551108,0.0,0.0,0.0,0.0,-41.40025889615739,0.03199482207674009,0.0,0.0,0.0,0.0,0.0,0.0,0.0,0.0,0.0,0.0,0.0,0.0,0.0,0.0,0.0,0.0,0.0,0.0,0.0,0.01759715214227721,0.01759715214227721,112.44246352605715,458.70701646296425,0.0,9.598446623055656,0.0,0.0,0.0,201.23337799041013,0.0,0.0,0.0,0.0,0.0,307.00230955349286,-201.23337799041013,0.0,0.0,0.0,0.0,0.0,104.22444919551108,0.0,0.0,0.0,0.0,0.0,0.0,0.0,119.65443702654755,-795.3699918945631,668.2656377808216,0.0,1.2318006499588066,0.0,-616.67554939968,616.67554939968,616.67554939968,0.0,307.00230955349286,0.0,-734.3979493426644,1000.0,328.12500000000034,-328.12500000000034,365.90649867064946,0.0,0.0,0.0,0.0,0.0,0.0,0.0,0.0,0.0,0.0,0.0,0.0,0.0,9.598446623055656,27.423931403196306,27.423931403196306,0.0,0.0,0.0,0.0,0.0,0.0,0.0,0.0,0.0,0.0,0.15997411038426093,0.0,112.44246352605715,0.0,0.0,112.44246352605715,0.0,0.0,0.0,126.84804625065692,0.0,0.0,0.0,0.0,0.0,0.0,0.0,0.0,0.0,0.0,0.0,0.0,0.0,4.799223311527828,4.799223311527828,1000.0,-201.23337799041013,0.0,104.22444919551108,0.0,0.0,0.0,0.0,0.0,1000.0,630.5830694977025,714.4024263536932,0.015997411038426092,0.0,0.0,0.0,21.126866620675717,0.0,0.0,0.0,0.0,0.0,0.0,0.0,0.0,0.0,0.0,0.0,0.0,0.0,0.0,0.0,0.0,0.0,0.015997411038426092,0.0,0.0,0.0,0.0,0.0,0.0,0.0,0.0,0.0,0.0,972.6512622826934,0.0,0.0,-1000.0,-1.1998058278819599,-0.7998705519213046,0.0,0.0,0.0,0.0,0.0,0.0,0.0,0.0,0.0,0.0,0.0,0.0,27.423931403196306,0.0,0.0,0.0,566.1367600682543,0.0,0.0,0.0,-0.015997411038426092,0.0,0.0,0.015997411038426092,0.0,0.015997411038426092,0.0,0.0,0.0,9.598446623055656,19.51684146687986,19.51684146687986,0.0,0.0,0.0,0.0,0.0,0.0,0.0,668.2656377808216,0.0,630.5830694977025,0.0,0.0,573.0313860713362,416.0103873673419,0.0,0.0,0.0,0.0,0.0,0.0,0.0,0.0,0.0,0.0,0.0,0.0,0.0,0.0,0.0,0.0,0.0,0.023996116557639138,0.0,0.0,0.0,-126.84804625065692,0.0,0.0,0.0,0.0,0.0,-458.70701646296425,0.7998705519213046,0.0,0.0,0.0,289.0625,-295.9490928440697,-35.97548885863533,0.0,0.0,0.0,0.0,0.0,0.0,0.0,0.0,27.423931403196306,0.0,0.0,0.0,92.80051779231478,0.0,730.0661555731364,-24.01557203740272,0.0,-2.5467878373169697,939.2225612613751,-936.6757734240581,0.0,-888.0071136793104,0.0,0.7998705519213046,1000.0,0.0,0.0,-112.44246352605715,-86.92063014933811,0.0,0.0,0.0,0.0,0.0,0.0,0.0,0.0,0.0,9.758420733439834,-12.158032389203868,19.51684146687986,0.0,-590.6825364739428,-590.6825364739428,703.125,0.0,0.0,0.0,0.0,0.0,77.78196185477998,0.0,0.0,450.1484015574064,-21.126866620675717,-134.86953934249954,0.0,4.799223311527828,0.0,0.0,0.0,0.0,69.20969747640953,0.0,0.0,0.01759715214227721,0.0,0.0,0.0,9.758420733439918,0.0,0.0,0.0,0.0,753.7134251353211,0.0,0.0,0.0,0.0,0.0,0.0,0.0,0.0,0.0,0.0,199.83792564316295,0.0015997411038426446,0.0,0.0,0.0,0.0,0.0,0.0,0.0,0.0,0.0,0.0,112.44246352605715,0.0,0.0,0.0,0.0,458.70701646296425,0.0,0.0,0.0,0.0,0.0,0.0,0.0,0.0,0.0,0.0,0.0,0.0,924.2341719837444,-565.8601664189406,0.0,0.0,0.0,0.0,9.598446623055679,0.0,0.0,0.0,0.0,0.0,990.4015533769443,-1000.0,0.0,0.0,0.0,0.0,0.0,0.0,0.0,0.0,0.0,112.44246352605715,112.44246352605715,0.0,-884.8716625630918,-1000.0,1000.0,-837.3020890033497,710.4540427526928,0.0,999.9360103558465,0.0,0.0,0.0,0.0,0.0,0.0,0.0,0.0,0.0,0.0,0.0,0.0,0.0,0.0,0.0,0.0,0.0,-1.9996763798032644,27.423931403196306,-745.0090034945306,1000.0,0.0,0.0,0.0,0.0,0.0,-0.19996763798032618,0.0,86.92063014933811,0.0,0.0,0.0,0.0,0.0,0.0,0.0,829.5307637906013,4.799223311527828,4.799223311527828,0.0,0.0,0.0,0.0,0.0,0.01759715214227721,458.70701646296425,0.0,0.0,-999.9360103558465,199.83632590205912,0.0,0.0,0.0,0.0,0.0,0.0,0.0,0.0,0.0,0.0,0.0,0.0,0.0,0.0,0.0,0.0,0.0,0.0,16.7972815903474,1.2318006499588066,0.0,0.0,0.0,0.0,0.0,458.70701646296425,0.0,0.0,0.0,0.0,0.0,-1.9996763798032644,0.0,0.0,0.0,0.0,0.0,0.0,0.0,0.0,0.0,0.0,0.0,0.0,0.0,0.0,0.0,0.0,0.0,0.0,-0.015997411038426092,0.0,0.0,0.7998705519213046,-307.00230955349286,0.0,0.0,0.0,0.0,27.423931403196306,0.0,0.0,0.0,-987.6643963482696,0.3999352759606523,0.0,0.0,0.0,0.015997411038426092,0.0,15.997411038426092,-4.95919742191209,3.1994822076852185,0.11426722170304351,44.632776797208805,-0.011998058278819569,872.7044693852456,0.31994822076852186,-0.07998705519185023,-44.632776797208805,4.799223311527828,-0.015997411038426092,8.00519067913424,104.22444919551108,0.003999352759606523,0.11426722170304351,-24.01557203740272,-2.5467878373169697,112.12251530528863,-524.8077840089211,-0.015997411038426092,0.003999352759606523,-44.632776797208805,1.5997411038426093,0.015997411038426092,0.015997411038426092,-458.67342189978353,0.01759715214225821,0.0,-0.011998058278819569,4.799223311527828,0.015997411038426092,126.84804625065692,114.05011741991605,-0.007998705519213046,-175.94307496778873,-1.6157385148810353,-0.011998058278819569,-0.015997411038426092,-4.95919742191209,0.015997411038426092,1.5997411038426093,-0.31994822076852186,0.0,0.0,-1.5997411038426093,524.8077840089211,0.0,3.1994822076852185,0.023996116557639138,656.0603845478158,1.5997411038426093,-119.65443702654755,104.22444919551108,-3.1994822076852185,0.007998705519213046,0.15997411038426093,150.5144126886205,96.0,-0.015997411038426092,-462.30643394661024,458.67342189978353,4.95919742191209,0.015997411038426092,2.5467878373169697,-37.021266989729526,104.22444919551108,-0.015997411038426092,-0.003999352759606523,-104.22444919551108,-0.015997411038426092,-41.40025889615739,0.01599741103841628,-0.003999352759606523,-0.003999352759606523,-0.003999352759606523,6.398964415370437,-114.05011741991605,0.15997411038426093,310.9363841199285,-0.003999352759606523,293.0236346981068,0.7998705519213045,21.5,0.015997411038426092,0.007998705519213046,0.007998705519213046,40.0,4.95919742191209,0.015997411038426092,-4.95919742191209,0.15997411038426093,0.015997411038426092,-909.1049885535991,0.015997411038426092,0.06398964415348019,0.07998705519185023,0.007998705519213046,0.003999352759606523,4.799223311527828,-0.015997411038426092,0.0,-56.061257652644315,-621.872768239857,872.304534109285,-1.5997411038426093,3.1994822076852185,0.7998705519213046,-0.015997411038426092,24.01557203740272,0.023996116557639138,-0.015997411038426092,-80.0,4.95919742191209,140.380478625161,0.007998705519213046,-43.0,-0.015997411038426092,-0.01599741103841628,-0.015997411038426092,0.007998705519213046,44.632776797208805,-3.1994822076852185,0.015997411038426092,301.028825377241,-0.003999352759606523,-0.01759715214225821,-301.028825377241,2.3996116557639136,1.6157385148810353,-614.1328172433086,44.632776797208805,-0.011998058278819569,462.30643394661024,-96.0,0.015997411038426092,-0.003999352759606523,0.7998705519213046,15.997411038426092,-0.007998705519213046,-0.015997411038426092,0.003999352759606523,910.8497711741998,0.0,-656.068383253335,598.1686044336707,-46.0,0.0,162.10564859452836,-31.0,0.0,-32.0,-93.0,-65.0,0.0,16.0,23.0,46.5,0.0,15.5,-458.70701646296425,-209.59017610157053,0.0,65.0,-209.59017610157053,-162.10564859452836,98.76358724020764,0.0,1496.5981,hclb
468,0.0,0.0,0.0,0.0,0.0,0.0,0.0,0.0,-0.04355940538075246,0.0,0.0,0.0,0.0,0.0,0.0,0.0,689.8991441397717,0.0,0.0,-253.57361250037138,0.0,0.0,0.0,0.0,0.0,0.0,0.0,0.0,0.0,-1000.0,0.0,0.0,18.59585219376954,0.0,0.0,0.0,0.0,776.2010240816056,0.0,-213.19988273801408,746.3653799160185,0.0,-585.2350889853949,0.0,0.0,0.0,582.7613692317253,0.0,-204.42465166494588,-494.03124482972186,0.0,0.0,0.0,0.0479153459189071,0.0,0.0,0.0,0.0,0.0,0.0,71.43447899783595,0.0,0.0,-154.37735289726606,0.0,0.0,0.0,0.0,0.0,942.473582422519,0.0,0.43559405380752464,0.0,0.0,0.0,0.0,0.0,0.0,0.0,0.0,0.0,0.0,-93.86225144608306,0.0,26.135643228451478,0.0,0.0,264.6239769247648,645.4344142452138,0.0,308.9617870121849,0.0,0.0,0.0,13.067821614225739,0.0,13.067821614225739,0.0,0.0,0.0,0.0,2.177970269037623,-1000.0,0.0,0.0,-11.441484947315752,166.98850825030976,617.499695061393,0.0,0.0,0.0,0.0,0.0,0.0,0.0,0.0,0.0,0.0,0.0,0.0,0.0,0.0,0.0,0.0,-762.5499307459985,0.0,0.0,13.067821614225739,0.0,13.503415668033263,0.0,0.0,-52.74677837483821,0.0,52.74677837483821,-52.74677837483821,0.0,0.0,0.0,-225.81183189510202,0.0,0.0,0.0,0.0,0.0,97.216325660401,0.04355940538075246,308.9726768635301,0.0,0.0,-1000.0,833.0114917496902,0.0,0.0,93.86225144608306,0.0,10.514113781823806,0.0,0.0,0.0,0.0,0.0,101.3282723379662,101.3282723379662,0.0,0.0,0.0,-315.10416666666663,-757.6172541388094,0.0,0.0,101.37183174334695,0.0,0.0,0.0,-1000.0,0.0,0.0,0.0,0.0,0.0,0.0,0.0,0.0,0.0,0.0,-952.962590021738,0.0,0.0,0.0,0.0,-1000.0,0.0,0.0,0.0,0.0,0.0,494.03124482972186,585.2350889853949,-645.4344142452138,645.4344142452138,225.81183189510202,0.0,0.0,0.0,0.0,0.0,0.0,0.0,50.84319325125545,0.0,0.0,0.0,0.0,0.0,0.0,0.0,0.0,0.0,0.0,0.0,0.0,0.0,106.670091378156,-20.129345297902805,-70.70958146022065,0.0,0.0,0.0,0.0,80.600500056544,0.0,0.0,0.0,0.0,71.43447899783595,-70.70958146022065,0.0,0.0,350.16980734698876,0.0,0.0,0.0,0.0,0.0,377.4911601805187,8.711881076150492,0.0,0.0,280.5542170110304,986.1879565160629,0.0,0.0,70.70958146022065,0.0,0.0,225.81183189510202,666.4039141439384,0.0,0.0,0.0,167.35494971087013,0.0,0.0,-708.1655013092897,0.0,0.0,-708.1655013092897,0.0,0.0,0.0,0.0,-959.2073520054041,494.03124482972186,0.0,-184.88159093934667,0.0,0.0,0.0,-972.6787689409888,0.0,972.6787689409888,0.0,684.0460821643107,0.0,0.0,0.0,-315.10416666666663,0.0,0.0,71.43447899783595,-0.0653391080711287,0.0,0.0,0.0,0.0,0.04355940538075246,0.0,0.0,0.0,303.0286862536095,689.8991441397717,0.0,-28.59611598002986,175.26228231348352,0.0,688.1450826063947,0.0,-15.813666640975867,0.0,-11.441484947315752,0.0,0.0,0.0,215.89825042208568,208.0212825920696,-408.10586637317954,0.0,0.0,0.0,0.0,0.0,0.0,0.0,0.0,0.0,0.0,0.0,0.0,0.0,0.0,0.0,0.0,0.0,0.0,350.16980734698876,-223.62473829687144,0.0,-1000.0,93.86225144608306,0.0,376.088547327259,0.0,0.0,853.1759584041293,-474.70748584091973,0.0,0.0,0.0,0.0,0.0,-1000.0,578.124999999998,0.0,0.0,791.9787174079304,-556.5092964072721,-511.236712736663,0.0,129.80441180262778,-578.124999999998,-2.177970269037623,0.0,-1.0889851345188115,509.05874246762534,84.38206692398649,0.0,851.973097256099,0.0,-389.4367921212731,13.067821614225739,0.0,0.0,0.0,0.0,0.0,0.0,773.2173501272537,666.5472587490976,-666.5472587490976,-666.5472587490976,95.72960387116527,0.0,0.0,0.0,0.0,0.0,0.0,0.0,0.0,-82.94287389943011,0.0,0.0,71.28811892384951,0.0,0.0,0.0,0.0,-33.197166912128544,0.08711881076145664,0.0,0.0,0.0,0.0,0.0,0.0,0.0,193.99903132805247,0.0,942.473582422519,0.0,0.0,0.0,0.0,0.0,0.0,0.0,0.0,0.0,0.0479153459189071,0.0479153459189071,0.0,193.9582103020055,0.0,26.135643228451478,0.0,0.0,0.0,798.8668077625246,0.0,0.0,0.0,0.0,0.0,209.3811448637004,-798.8668077625246,0.0,0.0,244.81470563291387,0.0,0.0,71.28811892384951,0.0,0.0,0.0,0.0,0.0,0.0,0.0,254.18331024866617,-303.0286862536095,0.0,0.0,3.3540742143179374,0.0,0.0,0.0,-306.412331951646,0.0,209.3811448637004,0.0,0.0,176.18397795157185,0.0,0.0,106.670091378156,0.0,0.0,0.0,0.0,0.0,0.0,0.0,0.0,0.0,0.0,0.0,0.0,0.0,26.135643228451478,225.81183189510202,225.81183189510202,0.0,0.0,0.0,0.0,0.0,0.0,0.0,0.0,0.0,0.0,0.43559405380752464,0.0,0.0,0.0,0.0,0.0,585.2350889853949,0.0,0.0,13.067821614225739,-244.81470563291387,0.0,0.0,0.0,0.0,0.0,0.0,0.0,0.0,0.0,62.059159507532684,0.0,0.0,13.067821614225739,13.067821614225739,0.0,-798.8668077625246,0.0,71.28811892384951,0.0,0.0,0.0,0.0,0.0,672.7792123138888,0.0,1000.0,0.04355940538075246,0.0,0.0,-70.31250000000003,127.83891757748097,0.0,193.99903132805247,0.0,0.0,0.0,0.0,0.0,0.0,0.0,0.0,0.0,0.0,0.0,0.0,0.0,0.0,0.0,0.04355940538075246,0.0,0.0,0.0,0.0,0.0,0.0,0.0,0.0,0.0,0.0,-98.61893851366074,0.0,0.0,-776.3752617031286,-3.2669554035564348,0.0,-2.177970269037625,0.0,0.0,0.0,0.0,0.0,0.0,0.0,0.0,0.0,0.0,0.0,225.81183189510202,0.0,0.0,0.0,464.71427540386355,0.0,0.0,0.0,-0.04355940538075246,0.0,0.0,0.04355940538075246,0.0,0.04355940538075246,0.0,0.0,0.0,26.135643228451478,53.14247456451801,53.14247456451801,0.0,0.0,0.0,0.0,0.0,0.0,0.0,0.0,0.0,0.0,0.0,0.0,0.0,219.64871522536853,0.0,0.0,0.0,0.0,0.0,0.0,0.0,0.0,0.0,0.0,0.0,0.0,0.0,306.412331951646,0.0,0.0,0.0,0.0653391080711287,0.0,0.0,0.0,-13.067821614225739,0.0,0.0,0.0,0.0,0.0,-193.9582103020055,2.177970269037623,0.0,0.0,0.0,315.10416666666663,757.6172541388094,257.4854374061491,-2.177970269037625,0.0,0.0,0.0,0.0,0.0,0.0,0.0,225.81183189510202,0.0,244.81470563291387,0.0,87.28811892384951,0.0,56.28811892384951,-11.441484947315752,0.0,-217.2220484347706,0.0,217.2220484347706,93.86225144608306,613.2614395794204,0.0,2.177970269037625,1000.0,0.0,0.0,0.0,-82.94287389943011,0.0,0.0,0.0,0.0,0.0,0.0,0.0,0.0,0.0,946.4286792146252,0.0,53.14247456451801,0.0,0.0,0.0,0.0,0.0,0.0,0.0,0.0,0.0,377.4911601805187,0.0,0.0,203.75907651267482,-1000.0,0.0,-585.2350889853949,13.067821614225739,0.0,0.0,0.0,0.0,-151.32119929694596,0.0,0.0,0.0479153459189071,0.0,0.0,0.0,26.571237282259002,0.0,0.0,0.0,0.0,-20.129345297902805,0.0,166.98850825030976,0.0,0.0,0.0,0.0,0.0,0.0,0.0,0.0,0.004355940538075246,0.004355940538075246,0.0,0.0,0.0,0.0,0.0,0.0,0.0,0.0,0.0,-70.31250000000003,0.0,0.0,0.0,0.0,0.0,193.9582103020055,0.0,0.0,0.0,0.0,0.0,0.0,0.0,494.03124482972186,0.0,0.0,0.0,0.0,541.1159133178458,6.711847776371197,0.0,0.0,0.0,0.0,26.135643228451478,0.0,0.0,0.0,0.0,0.0,-365.7484978563022,339.6128546278507,0.0,0.0,0.0,0.0,0.0,0.0,0.0,0.0,0.0,0.0,0.0,0.0,-180.87182239415552,-327.2207876861111,249.48690791118398,0.0,-13.067821614225739,0.0,776.2010240816056,0.0,0.0,0.0,0.0,0.0,0.0,0.0,0.0,0.0,0.0,0.0,0.0,0.0,0.0,0.0,0.0,0.0,-5.44492567259406,225.81183189510202,-3.2669554035564348,216.38175982181212,0.0,0.0,0.0,0.0,0.0,0.0,-0.5444925672594059,176.80512534551318,0.0,0.0,0.0,0.0,0.0,0.0,0.0,819.1281776058445,13.067821614225739,13.067821614225739,0.0,0.0,0.0,0.0,0.0,0.0479153459189071,193.9582103020055,0.0,0.0,-776.2010240816056,0.0,0.0,0.0,0.0,0.0,0.0,0.0,0.0,0.0,0.0,0.0,0.0,0.0,0.0,0.0,0.0,0.0,0.0,0.0,45.73737564979009,3.3540742143179374,0.0,0.0,0.0,0.0,0.0,193.9582103020055,0.0,118.60310992110988,0.0,0.0,0.0,-5.44492567259406,0.0,0.0,0.0,0.0,0.0,0.0,0.0,0.0,0.0,0.0,0.0,0.0,0.0,0.0,0.0,0.0,0.0,0.0,-0.04355940538075246,0.0,0.0,2.177970269037623,-209.3811448637004,0.0,0.0,0.0,0.0,225.81183189510202,0.0,0.0,0.0,-215.89825042208568,1.0889851345188115,0.0,0.0,0.0,0.04355940538075246,0.0,43.55940538075246,-13.503415668033263,8.711881076150492,0.31113860986251757,121.53074101229937,-0.03266955403556435,2.177970269037623,0.8711881076150493,-0.21779702690366776,-121.53074101229937,13.067821614225739,-0.04355940538075246,3.8138283157719175,71.28811892384951,0.010889851345188115,0.31113860986251757,-11.441484947315752,-6.934657336615297,-0.8711881076150493,-436.3255316394003,-0.04355940538075246,0.010889851345188115,-121.53074101229937,4.355940538075246,0.04355940538075246,0.04355940538075246,-193.86673555070584,0.047915345918827706,-28.91004921126669,-0.03266955403556435,13.067821614225739,0.04355940538075246,13.067821614225739,-21.779702690376233,-0.02177970269037623,41.27890532407439,-85.0,-0.03266955403556435,-0.04355940538075246,-13.503415668033263,0.04355940538075246,4.355940538075246,-0.8711881076150493,306.412331951646,306.412331951646,-4.355940538075246,436.3255316394003,-306.412331951646,8.711881076150492,0.0653391080711287,-186.1323205372933,4.355940538075246,-254.18331024866617,71.28811892384951,-8.711881076150492,0.02177970269037623,0.43559405380752464,7.149028995007465,96.0,-0.04355940538075246,-203.75907651267482,193.86673555070584,13.503415668033263,0.04355940538075246,6.934657336615297,19.016832466946468,71.28811892384951,-0.04355940538075246,-0.010889851345188115,-71.28811892384951,-0.04355940538075246,-200.18567516243832,0.04355940538075246,-0.010889851345188115,-0.010889851345188115,-0.010889851345188115,17.423762152300984,21.779702690376233,0.43559405380752464,236.9118684717989,-0.010889851345188115,10.484229674243013,2.177970269037623,18.776553725101895,0.04355940538075246,0.02177970269037623,0.02177970269037623,40.0,13.503415668033263,0.04355940538075246,-13.503415668033263,0.43559405380752464,0.04355940538075246,-646.1914564924691,0.04355940538075246,0.1742376215229342,0.21779702690366776,0.02177970269037623,0.010889851345188115,13.067821614225739,-0.04355940538075246,28.91004921126669,0.43559405380752464,-473.8237369435978,1.0889851345188117,-4.355940538075246,8.711881076150492,2.177970269037623,-0.04355940538075246,11.441484947315752,0.0653391080711287,-0.04355940538075246,-80.0,13.503415668033263,432.5836053500684,0.02177970269037623,-37.55310745020379,-0.04355940538075246,-0.04355940538075246,-0.04355940538075247,0.02177970269037623,121.53074101229937,-8.711881076150492,0.04355940538075246,14.29805799001493,-0.010889851345188115,-0.047915345918827706,-14.29805799001493,6.533910807112869,85.0,-10.689410661536385,121.53074101229937,-0.03266955403556435,203.75907651267482,-96.0,0.04355940538075246,-0.010889851345188113,2.177970269037625,43.55940538075246,-0.02177970269037623,-0.04355940538075246,0.010889851345188115,276.47534490330384,0.0,186.11054083460294,409.2795880206702,-46.0,0.0,625.2144229650831,-31.0,0.0,-32.0,-93.0,-65.0,0.0,16.0,23.0,46.5,0.0,15.5,-193.9582103020055,-281.26240605312245,0.0,65.0,-281.26240605312245,-625.2144229650831,300.9208249800307,0.0,1496.5981,hclb
469,0.0,0.0,0.0,0.0,0.0,0.0,0.0,0.0,-0.0727548100514022,0.0,0.0,0.0,0.0,0.0,0.0,0.0,-445.98641625801747,457.59979082015343,0.0,0.0,0.0,0.0,0.0,657.436170146844,0.0,0.0,0.0,0.0,0.0,-262.3182902748053,0.0,0.0,7.6865728002892695,0.0,0.0,0.0,0.0,670.9504327628105,0.0,-1000.0,1000.0,0.0,0.0,-42.90467372061522,0.0,0.0,576.4988125288894,0.0,751.209380253438,-362.3870604713331,0.0,0.0,0.0,0.08003029105674386,0.0,0.0,0.0,0.0,0.0,0.0,-6.4072736051953,0.0,-507.49744598365515,-513.9047195888504,0.0,0.0,0.0,0.0,136.35725246393872,550.8910090171737,0.0,0.7275481005140221,0.0,0.0,0.0,0.0,0.0,0.0,0.0,632.144650280175,0.0,0.0,-198.95200336283776,0.0,43.65288603084132,0.0,0.0,-159.1019142074647,724.7288725115832,-290.7019792810497,864.9293832444243,0.0,0.0,77.65176418480837,21.82644301542066,0.0,21.82644301542066,0.0,0.0,0.0,0.0,317.04287574871165,-618.7229148245342,0.0,0.0,-21.705545897574538,65.06168837435033,0.0,0.0,0.0,0.0,0.0,0.0,0.0,0.0,0.0,0.0,0.0,0.0,0.0,0.0,0.0,0.0,0.0,-492.33962405547925,0.0,0.0,21.82644301542066,0.0,22.553991115934682,0.30946666048414784,0.0,0.0,0.0,0.0,0.0,-1000.0,-546.7812500001418,546.7812500001418,1000.0,0.0,0.0,0.0,0.0,0.0,204.55412373679573,0.0727548100514022,864.9475719469372,0.0,0.0,0.0,-897.0817833176685,0.0,0.0,198.95200336283776,0.0,426.87990998112195,0.0,0.0,0.0,0.0,0.0,-219.62427390725443,-219.62427390725443,0.0,0.0,0.0,-263.0208333333333,486.28971705230913,0.0,0.0,-219.55151909720303,0.0,0.0,0.0,-1000.0,-773.1367386900079,0.0,0.0,0.0,0.0,0.0,0.0,0.0,0.0,0.0,-428.24201932718546,0.0,0.0,0.0,0.0,-1000.0,0.0,0.0,0.0,0.0,0.0,362.3870604713331,0.0,275.2711274884168,-275.2711274884168,0.0,0.0,0.0,0.0,0.0,0.0,0.0,356.4046245497289,-126.62521832338768,0.0,0.0,0.0,0.0,0.0,0.0,0.0,0.0,0.0,0.0,0.0,0.0,0.0,307.84777369532554,818.122018963879,-42.90467372061522,0.0,0.0,0.0,0.0,77.65176418480837,0.0,0.0,0.0,0.0,-6.4072736051953,0.0,0.0,0.0,0.0,0.0,0.0,0.0,0.0,0.0,73.75333251201846,14.550962010280442,0.0,0.0,-1000.0,-550.5422549768336,867.3785935343901,0.0,42.90467372061522,0.0,0.0,0.0,320.59187721763266,0.0,0.0,0.0,-4.3412543122127545,0.0,0.0,-1000.0,0.0,0.0,-1000.0,0.0,0.0,1000.0,0.0,140.76345226259696,362.3870604713331,0.0,125.95308917957206,0.0,0.0,0.0,0.0,0.0,0.0,0.0,356.80178381158356,0.0,0.0,403.0206412056972,-263.0208333333333,0.0,0.0,-6.4072736051953,-0.1091322150771033,0.0,0.0,0.0,0.0,0.0727548100514022,0.0,0.0,0.0,826.7684602877525,-445.98641625801747,0.0,-824.5520788256936,1000.0,773.1367386900079,956.3774050257011,0.0,-342.94260690524425,0.0,-21.705545897574538,0.0,0.0,0.0,898.8425078074006,-397.04747439060816,-158.85242651154817,469.54261362946283,-1000.0,0.0,0.0,0.0,0.0,0.0,0.0,0.0,0.0,0.0,0.0,0.0,0.0,0.0,0.0,0.0,0.0,0.0,0.0,0.0,-1000.0,198.95200336283776,328.75854799698357,71.41062762835854,0.0,0.0,0.0,176.0947529499878,0.0,0.0,0.0,155.78137782450858,313.4051352461415,0.0,0.0,0.0,0.0,260.69022192666944,166.22143954252078,0.0,0.0,-1000.0,0.0,-160.3403081256409,0.0,-1.8188702512850552,-3.6377405025701104,-1000.0,0.0,0.0,325.19420009340075,996.3622594974299,21.82644301542066,0.0,0.0,0.0,0.0,0.0,0.0,0.0,-307.84777369532554,307.84777369532554,307.84777369532554,100.1545838872941,0.0,0.0,0.0,0.0,0.0,356.4046245497289,0.0,0.0,-12.8145472103906,0.0,0.0,65.44903798971956,0.0,0.0,0.0,0.0,-35.72451899485978,0.14550962010252988,0.0,0.0,0.0,0.0,0.0,0.0,0.0,27.08435720271183,0.0,687.2482614811124,0.0,0.0,0.0,0.0,0.0,0.0,0.0,0.0,0.0,0.08003029105674386,0.08003029105674386,0.0,389.2968116850451,0.0,43.65288603084132,0.0,0.0,0.0,1000.0,0.0,0.0,0.0,0.0,0.0,523.3202767872843,-1000.0,0.0,0.0,0.0,0.0,0.0,65.44903798971956,0.0,0.0,0.0,0.0,0.0,0.0,0.0,164.11320801849308,-826.7684602877525,832.0200949433181,0.0,5.602120373957973,0.0,1000.0,-922.3482358151916,-1000.0,0.0,523.3202767872843,0.0,1000.0,-512.4042422075755,0.0,0.0,307.84777369532554,0.0,0.0,0.0,0.0,0.0,0.0,0.0,0.0,0.0,0.0,0.0,0.0,0.0,43.65288603084132,0.0,0.0,0.0,0.0,0.0,0.0,0.0,0.0,0.0,0.0,0.0,0.0,0.7275481005140221,0.0,0.0,0.0,0.0,0.0,0.0,0.0,0.0,21.82644301542066,0.0,0.0,0.0,0.0,0.0,0.0,0.0,0.0,0.0,0.0,1000.0,281.64667995121397,0.0,21.82644301542066,21.82644301542066,1000.0,-1000.0,0.0,65.44903798971956,0.0,0.0,0.0,0.0,0.0,988.7668746405405,356.4046245497289,1000.0,0.0727548100514022,0.0,0.0,0.0,94.84525357523302,0.0,27.08435720271183,-77.65176418480837,0.0,0.0,0.0,0.0,0.0,0.0,0.0,0.0,0.0,0.0,0.0,0.0,0.0,0.0,0.0727548100514022,0.0,0.0,0.0,0.0,0.0,0.0,0.0,0.0,328.75854799698357,0.0,247.50538057834632,0.0,0.0,-1000.0,-5.456610753855165,0.0,-3.637740502570068,0.0,0.0,0.0,0.0,0.0,0.0,0.0,0.0,0.0,0.0,0.0,0.0,773.1367386900079,0.0,0.0,1000.0,0.0,0.0,0.0,-0.0727548100514022,0.0,0.0,0.0727548100514022,0.0,0.0727548100514022,0.0,0.0,0.0,43.65288603084132,88.76086826271069,88.76086826271069,0.0,0.0,0.0,0.0,0.0,0.0,0.0,832.0200949433181,0.0,356.4046245497289,0.0,0.0,0.0,905.1066969528265,0.0,0.0,0.0,0.0,0.0,0.0,0.0,0.0,0.0,0.0,0.0,0.0,0.0,77.65176418480837,0.0,0.0,0.0,0.1091322150771033,0.0,0.0,0.0,-21.82644301542066,0.0,0.0,0.0,0.0,0.0,-389.2968116850451,3.6377405025701104,0.0,0.0,0.0,263.0208333333333,-486.28971705230913,71.41062762835854,-3.637740502570068,0.0,0.0,0.0,0.0,0.0,0.0,0.0,0.0,0.0,0.0,992.925394204677,81.44903798971956,0.0,882.4691329330376,-21.705545897574538,0.0,247.50538057834632,0.0,-247.50538057834632,198.95200336283776,231.83100895492197,0.0,3.637740502570068,716.612221933256,0.0,0.0,0.0,-12.8145472103906,0.0,0.0,0.0,0.0,0.0,-454.402209198802,0.0,0.0,0.0,517.6787116205037,-100.34991380102855,88.76086826271069,0.0,-734.375,-734.375,734.375,0.0,0.0,0.0,0.0,0.0,73.75333251201846,0.0,0.0,305.31673014558214,-782.0935150563455,-1000.0,0.0,21.82644301542066,0.0,0.0,0.0,0.0,177.99902452085968,0.0,0.0,0.08003029105674386,0.0,0.0,0.0,44.380434131355344,0.0,0.0,0.0,0.0,818.122018963879,0.0,65.06168837435033,0.0,0.0,0.0,0.0,0.0,0.0,-276.5185595514481,0.0,0.007275481005140083,0.007275481005140083,0.0,0.0,0.0,0.0,0.0,0.0,0.0,0.0,0.0,0.0,0.0,0.0,0.0,0.0,0.0,389.2968116850451,0.0,0.0,0.0,0.0,0.0,0.0,0.0,362.3870604713331,0.0,0.0,0.0,0.0,0.0,0.0,457.59979082015343,0.0,0.0,0.0,43.65288603084132,0.0,0.0,0.0,0.0,0.0,-862.6795101472351,819.0266241163938,0.0,0.0,0.0,0.0,0.0,0.0,0.0,0.0,0.0,0.0,0.0,0.0,-1000.0,839.5865734454693,954.9437418380371,0.0,-21.82644301542066,0.0,999.708980759794,0.0,0.0,0.0,0.0,0.0,0.0,0.0,0.0,0.0,0.0,0.0,0.0,0.0,0.0,0.0,0.0,0.0,-9.094351256425234,0.0,-318.86174599999674,1000.0,0.0,0.0,0.0,0.0,0.0,-0.9094351256425276,0.0,211.76655057322836,0.0,0.0,0.0,0.0,0.0,0.0,0.0,1000.0,21.82644301542066,21.82644301542066,0.0,0.0,0.0,0.0,632.144650280175,0.08003029105674386,389.2968116850451,0.0,0.0,-999.708980759794,0.0,0.0,0.0,0.0,0.0,0.0,0.0,0.0,0.0,0.0,0.0,0.0,0.0,0.0,0.0,0.0,0.0,0.30946666048414784,0.0,76.39255055397231,5.602120373957973,0.0,0.0,0.0,0.0,0.0,389.2968116850451,0.0,0.0,0.0,0.0,0.0,-9.094351256425234,0.0,0.0,0.0,0.0,0.0,0.0,0.0,0.0,0.0,0.0,0.0,0.0,0.0,0.0,0.0,0.0,0.0,0.0,-0.0727548100514022,0.0,0.0,3.6377405025701104,-523.3202767872843,0.0,0.0,0.0,0.0,0.0,0.0,0.0,0.0,-898.8425078074006,1.8188702512850552,0.0,0.0,0.0,0.0727548100514022,0.0,72.7548100514022,-22.24452445545053,14.550962010280442,0.5196772146528669,203.60485336438043,-0.05456610753855165,160.3403081256409,1.4550962010280442,-0.3637740502573479,-203.60485336438043,21.82644301542066,-0.0727548100514022,7.235181965858179,65.44903798971956,0.01818870251285055,0.5196772146528669,-21.705545897574538,-11.582565760187947,-1.4550962010280273,-11.61337456213596,-0.0727548100514022,0.01818870251285055,-203.60485336438043,7.275481005140221,0.0727548100514022,0.0727548100514022,-389.144026583937,0.08003029105654229,0.0,-0.05456610753855165,21.82644301542066,0.0727548100514022,21.82644301542066,-36.3774050257011,-0.0363774050257011,-383.46881818597285,-85.0,-0.05456610753855165,-0.0727548100514022,-22.24452445545053,0.0727548100514022,7.275481005140221,-1.4550962010280442,77.65176418480837,77.65176418480837,-7.275481005140221,11.61337456213596,-77.65176418480837,14.550962010280442,0.1091322150771033,-582.244122778779,7.275481005140221,-164.11320801849308,65.44903798971956,-14.550962010280442,0.0363774050257011,0.7275481005140221,206.1380197064234,96.0,-0.0727548100514022,-405.6666439466107,389.144026583937,22.553991115934682,0.0727548100514022,11.582565760187947,-21.856734071963132,65.44903798971956,-0.0727548100514022,-0.01818870251285055,-65.44903798971956,-0.0727548100514022,-100.7862073692101,0.07275481005137863,-0.01818870251285055,-0.01818870251285055,-0.01818870251285055,29.101924020560883,36.3774050257011,0.7275481005140221,185.50345601976457,-0.01818870251285055,405.0408574469886,3.6377405025701104,21.5,0.0727548100514022,0.0363774050257011,0.0363774050257011,40.0,22.24452445545053,0.0727548100514022,-22.24452445545053,0.7275481005140221,0.0727548100514022,-448.7059282656203,0.0727548100514022,0.29101924020596925,0.3637740502573479,0.0363774050257011,0.01818870251285055,21.82644301542066,-0.0727548100514022,0.0,0.7275481005140136,-371.00691203952914,158.52143787435583,-7.275481005140221,14.550962010280442,3.6377405025701104,-0.0727548100514022,21.705545897574538,0.1091322150771033,-0.0727548100514022,-80.0,22.24452445545053,159.62512458441,0.0363774050257011,-43.0,-0.0727548100514022,-0.07275481005137863,-0.0727548100514022,0.0363774050257011,203.60485336438043,-14.550962010280442,0.0727548100514022,412.2760394128468,-0.01818870251285055,-0.08003029105654229,-412.2760394128468,10.913221507710329,85.0,422.15281688923477,203.60485336438043,-0.05456610753855165,405.6666439466107,-96.0,0.0727548100514022,-0.018188702512850548,159.41911832707865,72.7548100514022,-0.0363774050257011,-0.0727548100514022,0.01818870251285055,0.0,0.0,-127.09027534519703,263.2024722458557,-46.0,0.0,79.02272450354178,-31.0,0.0,-32.0,-93.0,-65.0,-709.2980207189503,16.0,23.0,46.5,0.0,15.5,-389.2968116850451,-337.6241491052697,709.2980207189503,65.0,-337.6241491052697,-79.02272450354178,46.801988785182346,0.0,1496.5981,hclb
470,0.0,0.0,0.0,0.0,0.0,0.0,0.0,0.0,-0.03184346322915801,0.0,0.0,0.0,0.0,0.0,0.0,0.0,595.5191630435138,704.1316310887009,0.0,-1000.0,0.0,0.0,0.0,537.7494185377229,0.0,0.0,0.0,0.0,0.0,745.4215444884102,0.0,0.0,30.29625946263558,0.0,0.0,0.0,0.0,999.8726261470837,0.0,-1000.0,1000.0,0.0,-835.2512824025532,0.0,0.0,0.0,0.0,0.0,-1000.0,-361.9828395393524,0.0,215.3613401256116,0.0,0.0350278095521053,0.0,0.0,0.0,6.368692645831601,0.0,0.0,-150.883287332687,0.0,0.0,-150.883287332687,0.0,0.0,0.0,0.0,590.9445006755027,-87.51350428329373,0.0,0.3184346322915801,0.0,0.0,0.0,0.0,0.0,0.0,0.0,0.0,0.0,0.0,0.0,0.0,19.106077937494806,0.0,148.07893967097266,1000.0,-380.11005772305845,0.0,-0.007960865807289502,0.0,0.0,-891.0026984204737,9.553038968747403,0.0,9.553038968747403,-138.08686336609685,0.0,0.0,0.0,343.08338374830606,745.4215444884102,0.0,0.0,0.0,0.0,0.0,0.0,0.0,0.0,0.0,0.0,0.0,0.0,0.0,0.0,0.0,0.0,0.0,0.0,0.0,0.0,0.0,-418.8924595772786,0.0,0.0,9.553038968747403,0.0,9.871473601038984,0.0,0.0,0.0,925.7578125000001,-925.7578125000002,925.7578125000001,0.0,-577.9687500001573,577.9687500001573,0.0,0.0,0.0,0.0,0.0,0.0,150.53088633961784,0.03184346322915801,0.0,0.0,0.0,0.0,-11.551770146917306,0.0,0.0,0.0,0.0,5.238761591528691,0.0,0.0,0.0,0.0,0.0,999.9681565367708,999.9681565367708,0.0,0.0,0.0,0.0,960.3334436393251,0.0,0.0,1000.0,0.0,0.0,0.0,649.5690739183208,0.0,0.0,0.0,0.0,0.0,0.0,0.0,0.0,0.0,0.0,-867.3626146411863,0.0,0.0,0.0,0.0,-224.26419878200284,0.0,0.0,0.0,0.0,0.0,361.9828395393524,619.8899422769416,380.11005772305845,-380.11005772305845,0.0,0.0,0.0,0.0,0.0,0.0,0.0,0.0,-933.7973554025591,0.0,0.0,0.0,0.0,0.0,0.0,0.0,0.0,0.0,0.0,0.0,0.0,0.0,197.01669367952317,49.20610897586759,-960.8306498088655,0.0,0.0,0.0,0.0,81.78381021385505,0.0,0.0,0.0,0.0,-150.883287332687,-960.8306498088655,0.0,0.0,0.0,0.0,0.0,0.0,0.0,0.0,0.0,0.0,0.0,0.0,595.47139784867,-1000.0,1000.0,0.0,960.8306498088655,0.0,0.0,0.0,38.849025139572774,0.0,0.0,0.0,103.74265956507816,0.0,0.0,779.2219116449229,0.0,1000.0,-220.77808835507705,1000.0,0.0,0.0,0.0,299.60302893737105,361.9828395393524,0.0,7.059452195495737,0.0,0.0,0.0,0.0,0.0,0.0,0.0,555.6994940606237,0.0,0.0,999.3225968710947,0.0,0.0,0.0,-150.883287332687,-0.04776519484373701,0.0,0.0,0.0,0.0,0.03184346322915801,0.0,0.0,0.0,132.92734959940037,595.5191630435138,0.0,-432.2488977649268,-407.25889572929464,0.0,935.921731614579,0.0,1000.0,0.0,0.0,0.0,0.0,0.0,-2.7417221840305355,0.0,-997.2582778159694,-1000.0,-1000.0,0.0,0.0,0.0,0.0,0.0,0.0,0.0,0.0,0.0,0.0,0.0,0.0,0.0,0.0,0.0,0.0,0.0,0.0,0.0,-1000.0,0.0,0.0,137.06150385011824,0.0,0.0,0.0,-150.53088633961784,0.0,0.0,0.0,478.4558259081688,341.4912105868482,-822.8362422812661,0.0,0.0,0.0,231.8917416057634,0.0,-1.5921731614579002,0.0,475.9252286697394,0.0,-172.33777845488197,-699.6268686237055,-0.7960865807289501,0.0,-355.9466616235312,0.0,1000.0,0.0,-517.2672547067436,9.553038968747403,0.0,0.0,0.0,381.51972981558805,0.0,0.0,1000.0,802.9833063204768,-802.9833063204768,-802.9833063204768,-503.0414371213196,0.0,0.0,0.0,0.0,0.0,0.0,0.0,0.0,-5.608695323428644,0.0,0.0,73.6313073541684,0.0,0.0,0.0,0.0,28.101299860202886,0.06368692645833728,0.0,0.0,0.0,0.0,0.0,0.0,0.0,0.0,0.0,503.430996392209,0.0,0.0,0.0,0.0,0.0,0.0,0.0,0.0,0.0,0.0350278095521053,0.0350278095521053,0.0,286.64800103369157,0.0,19.106077937494806,0.0,0.0,0.0,1000.0,0.0,0.0,148.07893967097266,0.0,0.0,-226.67365036919568,-1000.0,0.0,0.0,0.0,0.0,0.0,73.6313073541684,0.0,0.0,0.0,0.0,0.0,0.0,0.0,139.63081985909287,-132.92734959940037,11.551770146917306,0.0,354.64874696070325,0.0,0.0,-891.0026984204737,-972.7865086343288,0.0,-226.67365036919568,0.0,0.0,-198.57235050899277,0.0,0.0,197.01669367952317,0.0,0.0,0.0,0.0,0.0,0.0,0.0,0.0,0.0,0.0,0.0,0.0,0.0,19.106077937494806,0.0,0.0,0.0,0.0,0.0,0.0,0.0,0.0,0.0,0.0,0.0,0.0,0.3184346322915801,0.0,0.0,148.07893967097266,-148.07893967097266,0.0,619.8899422769416,0.0,0.0,9.553038968747403,0.0,0.0,0.0,204.1178606210854,0.0,0.0,0.0,0.0,0.0,0.0,610.1363891129179,0.0,0.0,9.553038968747403,9.553038968747403,1000.0,-1000.0,0.0,73.6313073541684,0.0,0.0,0.0,0.0,0.0,-258.6382232646388,0.0,0.0,0.03184346322915801,0.0,0.0,0.0,42.05384226027875,0.0,0.0,891.0026984204737,0.0,0.0,0.0,0.0,0.0,0.0,0.0,0.0,0.0,0.0,0.0,0.0,0.0,0.0,0.03184346322915801,0.0,0.0,0.0,663.7796410573542,-663.7796410573542,0.0,0.0,0.0,0.0,-760.2961637936329,746.8267813041333,0.0,0.0,-1000.0,-2.3882597421868508,-1.5921731614578998,0.0,0.0,0.0,0.0,0.0,0.0,0.0,0.0,0.0,0.0,0.0,0.0,0.0,0.0,0.0,0.0,484.3249184547143,0.0,0.0,0.0,-0.03184346322915801,0.0,0.0,0.03184346322915801,0.0,0.03184346322915801,0.0,0.0,0.0,19.106077937494806,38.849025139572774,38.849025139572774,0.0,0.0,0.0,0.0,0.0,0.0,0.0,11.551770146917306,0.0,0.0,0.0,0.0,0.0,0.0,0.0,0.0,0.0,0.0,0.0,0.0,0.0,0.0,0.0,0.0,0.0,0.0,0.0,81.78381021385505,0.0,0.0,0.0,0.04776519484373701,0.0,0.0,0.0,-9.553038968747403,0.0,0.0,0.0,0.0,0.0,-286.64800103369157,1.5921731614579002,0.0,0.0,0.0,0.0,-960.3334436393251,390.23472254598494,0.0,0.0,0.0,0.0,0.0,0.0,0.0,0.0,0.0,0.0,0.0,601.9838862532313,89.6313073541684,0.0,70.1830775010857,0.0,0.0,1000.0,0.0,-1000.0,0.0,0.0,0.0,1.5921731614579002,524.0403955214963,0.0,0.0,0.0,-301.766574665374,-626.000472976709,626.000472976709,1000.0,-1000.0,0.0,0.0,0.0,0.0,0.0,862.5860951568125,0.0,38.849025139572774,0.0,0.0,0.0,0.0,0.0,0.0,0.0,0.0,0.0,0.0,0.0,0.0,293.8127802602521,-545.4848386524877,-525.231142409776,-835.2512824025532,9.553038968747403,148.07893967097266,0.0,0.0,0.0,-22.479120380155436,0.0,0.0,0.0350278095521053,0.0,0.0,0.0,19.424512569786387,0.0,0.0,0.0,0.0,49.20610897586759,0.0,0.0,0.0,0.0,0.0,0.0,0.0,0.0,0.0,0.0,0.0031843463229158007,0.0031843463229158007,0.0,0.0,0.0,0.0,0.0,0.0,0.0,0.0,0.0,0.0,0.0,0.0,0.0,0.0,0.0,286.64800103369157,0.0,0.0,0.0,0.0,0.0,0.0,0.0,361.9828395393524,0.0,0.0,0.0,296.1578793419453,-889.4687026986597,1000.0,704.1316310887009,0.0,0.0,0.0,19.106077937494806,0.0,0.0,0.0,0.0,0.0,0.0,-19.106077937494806,0.0,296.1578793419453,0.0,0.0,0.0,0.0,0.0,0.0,0.0,0.0,0.0,0.0,0.0,-513.2166787762286,21.812772311973237,-9.553038968747403,0.0,0.0,999.8726261470837,0.0,0.0,0.0,0.0,0.0,0.0,0.0,0.0,0.0,0.0,0.0,0.0,0.0,0.0,0.0,0.0,0.0,-3.9804329036447506,0.0,-343.879470329035,-2.388259742186847,0.0,0.0,0.0,0.0,0.0,-660.7705420654809,660.3724987751164,5.608695323428644,0.0,0.0,0.0,0.0,0.0,0.0,0.0,1000.0,9.553038968747403,9.553038968747403,0.0,0.0,0.0,0.0,0.0,0.0350278095521053,286.64800103369157,0.0,0.0,-999.8726261470837,0.0,0.0,0.0,0.0,0.0,0.0,0.0,0.0,0.0,0.0,0.0,0.0,0.0,0.0,0.0,0.0,0.0,0.0,0.0,33.43563639061591,150.53088633961784,0.0,0.0,0.0,0.0,0.0,286.64800103369157,0.0,-392.8522552234215,0.0,0.0,0.0,-3.9804329036447506,0.0,0.0,0.0,0.0,0.0,0.0,0.0,0.0,0.0,0.0,0.0,0.0,0.0,0.0,0.0,0.0,0.0,0.0,-0.03184346322915801,0.0,0.0,1.5921731614579002,226.67365036919568,0.0,0.0,0.0,0.0,0.0,0.0,0.0,0.0,2.7417221840305355,0.7960865807289501,0.0,0.0,0.0,0.03184346322915801,0.0,31.843463229158004,-9.871473601038984,6.368692645831601,0.22745330877970002,88.84326240935086,-0.023882597421868504,172.33777845488197,0.6368692645831602,-0.15921731614548662,-88.84326240935086,9.553038968747401,-0.03184346322915801,0.0,73.6313073541684,0.007960865807289502,0.22745330877970002,0.0,-153.14841901705438,-0.6368692645831602,-299.65079413221474,-0.03184346322915801,0.007960865807289502,-88.84326240935086,33.4742585091639,0.03184346322915801,0.03184346322915801,-286.5811297609103,-148.04391186142058,-2.1949596024326907,-0.023882597421868504,9.553038968747403,0.03184346322915801,9.553038968747403,-15.921731614579004,-0.015921731614579004,-3.0438019890960004,-85.0,-0.023882597421868504,-0.03184346322915801,-9.871473601038984,0.03184346322915801,3.1843463229158004,-0.6368692645831602,81.78381021385505,81.78381021385505,-3.1843463229158004,299.65079413221474,-81.78381021385505,6.368692645831601,0.04776519484373701,83.86453527197943,3.1843463229158004,-139.63081985909287,73.6313073541684,-6.368692645831601,0.015921731614579004,0.3184346322915801,108.0622244412317,96.0,-0.03184346322915801,-293.8127802602521,286.5811297609103,9.871473601038984,0.03184346322915801,153.14841901705438,5.129239292930777,73.6313073541684,-0.03184346322915801,-0.007960865807289502,-73.6313073541684,-0.03184346322915801,28.101299860202886,0.03184346322910869,-0.007960865807289502,-0.007960865807289502,-0.007960865807289502,12.737385291663202,15.921731614579004,0.3184346322915801,23.592025819902005,-0.007960865807289502,216.1244488824634,1.5921731614579002,-12.458476768643543,0.03184346322915801,0.015921731614579004,0.015921731614579004,40.0,9.871473601038984,0.03184346322915801,-9.871473601038984,0.3184346322915801,0.03184346322915801,-23.592025819902005,0.03184346322915801,0.12737385291632108,0.15921731614548662,0.015921731614579004,0.007960865807289502,9.553038968747403,-0.03184346322915801,2.1949596024326907,0.3184346322915801,-47.18405163980401,171.54169187415303,-3.1843463229158004,6.368692645831601,1.5921731614579002,-0.03184346322915801,0.0,0.04776519484373701,-0.03184346322915801,-80.0,9.871473601038984,149.628307728268,0.015921731614579004,24.916953537287085,-0.03184346322915801,-0.03184346322910869,-0.03184346322915801,0.015921731614579004,88.84326240935086,-6.368692645831601,0.03184346322915801,216.1244488824634,-0.007960865807289502,148.04391186142058,-216.1244488824634,4.776519484373701,85.0,-125.18534303491238,88.84326240935086,-0.023882597421868504,293.8127802602521,-96.0,0.03184346322915801,-0.0079608658072895,480.04799906962666,31.843463229158004,-0.015921731614579004,-0.03184346322915801,0.007960865807289502,0.0,0.0,-83.88045700359402,0.0,-46.0,0.0,162.32070451447203,-31.0,30.289912186248102,-32.0,115.15301465989992,-65.0,0.0,16.0,23.0,-57.57650732994996,-30.289912186248102,15.5,-286.64800103369157,-127.14918734811256,0.0,65.0,-127.14918734811256,-162.32070451447203,77.00355944931272,0.0,1496.5981,hclb
471,0.0,0.0,0.0,0.0,0.0,0.0,0.0,0.0,-0.033736727018144855,0.0,0.0,0.0,0.0,0.0,0.0,0.0,-15.809155355967874,-41.0194031194088,0.0,0.0,0.0,0.0,0.0,147.40367156123054,0.0,0.0,0.0,0.0,0.0,0.0,0.0,0.0,275.9950700368047,0.0,0.0,0.0,0.0,965.8178568559514,0.0,-1000.0,1000.0,0.0,0.0,0.0,0.0,0.0,0.0,172.9690279433043,0.0,0.0,0.0,-98.24547399981327,0.0,0.03711039972047034,0.0,0.0,0.0,179.71637334693327,0.0,0.0,28.986687183254038,0.0,0.0,-66.8866176447026,599.9416786963084,0.0,0.0,0.0,1000.0,-1000.0,0.0,0.3373672701814486,0.0,0.0,0.0,0.0,0.0,0.0,0.0,0.0,0.0,0.0,191.4606615021301,0.0,20.242036210886916,0.0,0.0,217.07826097414204,0.0,372.20289853985935,-0.008434181754536214,0.0,0.0,120.90696221612077,10.121018105443458,0.0,14.559634963120784,0.0,0.0,0.0,378.92175640745,990.3346309943007,-1000.0,0.0,0.0,-23.293581877028004,562.660965595726,0.0,0.0,0.0,0.0,0.0,0.0,0.0,0.0,0.0,0.0,0.0,0.0,0.0,0.0,0.0,0.0,0.0,-530.5818508061793,0.0,0.0,14.559634963120784,0.0,10.458385375624907,0.0,0.0,-183.40667368111704,183.40667368111704,0.0,0.0,108.97216351552225,-609.1562500001313,609.1562500001313,-204.84546834347896,0.0,0.0,0.0,0.0,0.0,-188.86293352173294,0.033736727018144855,0.0,0.0,0.0,437.339034404274,-1000.0,0.0,0.0,0.0,0.0,-65.37297381829956,0.0,0.0,0.0,0.0,0.0,398.0249147882365,398.0249147882365,0.0,0.0,0.0,0.0,-823.1228093737817,0.0,0.0,398.05865151525467,0.0,0.0,0.0,-13.310476714484167,-526.9088697169536,0.0,0.0,0.0,0.0,0.0,0.0,0.0,0.0,0.0,0.0,0.0,0.0,0.0,0.0,-543.9313636450877,0.0,0.0,0.0,0.0,0.0,0.0,98.24547399981327,356.34313809336425,-356.34313809336425,0.0,0.0,0.0,0.0,0.0,0.0,0.0,1000.0,-945.9644362808971,0.0,0.0,0.0,0.0,0.0,0.0,0.0,0.0,0.0,0.0,0.0,0.0,0.0,337.37572882940634,-25.06669233506473,-82.4363186438454,0.0,0.0,0.0,95.8733048279567,81.59259057116736,0.0,0.0,0.0,0.0,28.986687183254038,-82.4363186438454,0.0,0.0,0.0,0.0,0.0,0.0,0.0,0.0,1.086322609984722,0.0,4.438616857677326,0.0,356.34313809336425,0.0,671.6668730673196,0.0,82.4363186438454,0.0,0.0,95.8733048279567,-70.6389036474861,0.0,0.0,0.0,-535.3578680806311,0.0,0.0,-1000.0,-997.4946834211287,0.0,-1000.0,997.4946834211287,0.0,356.34313809336425,0.0,0.0,0.0,0.0,12.532877809456807,0.0,0.0,0.0,844.6534271709123,0.0,-844.6534271709123,0.0,397.99117806121836,0.0,95.8733048279567,-1000.0,0.0,0.0,0.0,28.986687183254038,-0.05060509052721728,0.0,0.0,0.0,0.0,0.033736727018144855,0.0,0.0,0.0,446.69281550081485,-15.809155355967874,0.0,-116.57900326075605,-76.01642464181123,526.9088697169536,845.4336755387931,0.0,0.0,0.0,-23.293581877028004,0.0,0.0,0.0,916.8893537341421,-916.8893537341421,0.0,-982.8107278131051,-1000.0,0.0,0.0,0.0,0.0,0.0,0.0,0.0,0.0,0.0,0.0,0.0,0.0,0.0,0.0,0.0,0.0,0.0,-34.04719623597599,0.0,-1000.0,0.0,0.0,0.0,583.925151979021,0.0,0.0,812.5389050946801,0.0,187.4610949053199,0.0,0.0,988.6477946433935,-83.1106462658579,0.0,0.0,0.0,0.0,-775.3837584343901,-748.5695885437118,0.0,-965.220588860337,0.0,-787.9733096621145,0.0,-0.8434181754536214,746.8827521928046,832.9545490194898,0.0,-213.67548221770755,1000.0,1000.0,14.559634963120784,0.0,0.0,0.0,0.0,0.0,0.0,890.1044189612477,552.7286901318412,-552.7286901318412,-552.7286901318412,-159.48799710753514,0.0,0.0,0.0,0.0,0.0,1000.0,0.0,0.0,-37.89993046144851,0.0,421.87499999999693,169.12595942432773,0.0,0.0,0.0,0.0,-39.626327298185515,0.06747345403618965,0.0,0.0,0.0,0.0,0.0,0.0,0.0,0.0,0.0,0.0,0.0,0.0,0.0,0.0,0.0,0.0,0.0,0.0,0.0,0.03711039972047034,0.03711039972047034,0.0,290.75045142130784,0.0,20.242036210886916,0.0,0.0,0.0,1000.0,0.0,0.0,0.0,0.0,0.0,-90.2904674351394,-1000.0,0.0,0.0,0.0,0.0,0.0,169.12595942432773,0.0,0.0,0.0,0.0,0.0,0.0,0.0,176.8606169353931,-446.69281550081485,0.0,0.0,2.597727980397167,0.0,294.70645587539207,-173.79949365927138,-255.39208423043874,0.0,-90.2904674351394,0.0,-129.91679473332493,0.0,0.0,0.0,337.37572882940634,0.0,0.0,0.0,0.0,0.0,0.0,0.0,0.0,0.0,0.0,0.0,0.0,0.0,20.242036210886916,95.8733048279567,95.8733048279567,0.0,0.0,0.0,0.0,0.0,0.0,0.0,0.0,0.0,0.0,0.3373672701814486,0.0,0.0,0.0,0.0,0.0,98.24547399981327,0.0,0.0,14.559634963120784,0.0,0.0,0.0,0.0,0.0,0.0,0.0,0.0,0.0,0.0,1000.0,0.0,0.0,10.121018105443458,10.121018105443458,1000.0,-1000.0,0.0,169.12595942432773,0.0,0.0,0.0,0.0,0.0,982.8107278131051,1000.0,518.5903049814629,0.033736727018144855,0.0,0.0,-613.1145497612574,657.6687173211488,269.03423358093414,0.0,-120.90696221612077,0.0,0.0,0.0,0.0,0.0,0.0,0.0,0.0,0.0,0.0,0.0,0.0,0.0,0.0,0.033736727018144855,0.0,0.0,0.0,-1000.0,1000.0,0.0,0.0,0.0,0.0,0.0,1000.0,0.0,0.0,-965.952803764024,-2.5302545263608636,-1.6868363509072424,0.0,0.0,0.0,0.0,0.0,0.0,0.0,0.0,0.0,0.0,0.0,0.0,95.8733048279567,526.9088697169536,0.0,0.0,788.0113541331997,0.0,0.0,0.0,-0.033736727018144855,0.0,0.0,0.033736727018144855,0.0,0.033736727018144855,0.0,0.0,0.0,20.242036210886916,41.15880696213673,41.15880696213673,0.0,0.0,0.0,0.0,0.0,0.0,187.4610949053199,0.0,0.0,1000.0,0.0,0.0,919.7940859304049,0.0,0.0,0.0,0.0,0.0,0.0,0.0,0.0,0.0,0.0,0.0,0.0,0.0,0.0,81.59259057116736,0.0,0.0,0.0,0.05060509052721728,0.0,0.0,0.0,-14.559634963120784,0.0,0.0,0.0,0.0,0.0,-290.75045142130784,1.6868363509072428,0.0,0.0,0.0,0.0,823.1228093737817,0.0,0.0,0.0,421.87499999999693,0.0,0.0,0.0,0.0,0.0,95.8733048279567,0.0,0.0,0.0,-46.6252774080985,0.0,58.25265459637103,245.74065170390617,0.0,812.5389050946801,187.4610949053199,-1000.0,0.0,-111.79771060962284,0.0,1.6868363509072424,868.8788367712773,0.0,0.0,0.0,-37.89993046144851,0.0,0.0,0.0,0.0,0.0,-624.7622941829318,0.0,0.0,0.0,77.67565954323402,-82.73616859595597,41.15880696213673,0.0,-265.625,-265.62499999999994,265.62499999999994,0.0,0.0,0.0,0.0,0.0,1.086322609984722,0.0,0.0,215.6050464044347,-44.554167559891454,-246.41115934576538,0.0,10.121018105443458,0.0,0.0,0.0,0.0,-276.27943912504054,0.0,0.0,0.03711039972047034,0.0,0.0,0.0,20.579403481068365,0.0,0.0,0.0,0.0,-25.06669233506473,0.0,562.660965595726,0.0,0.0,0.0,0.0,0.0,0.0,-1000.0,0.0,792.4418306062684,0.003373672701814545,0.0,0.0,0.0,0.0,0.0,0.0,0.0,0.0,0.0,-613.1145497612574,0.0,0.0,0.0,0.0,0.0,290.75045142130784,0.0,0.0,0.0,0.0,0.0,0.0,0.0,0.0,0.0,0.0,0.0,0.0,-933.3728367121224,1000.0,-41.0194031194088,0.0,0.0,0.0,20.242036210886916,0.0,0.0,0.0,0.0,0.0,0.0,-20.242036210886916,0.0,0.0,0.0,0.0,0.0,0.0,0.0,0.0,0.0,0.0,0.0,0.0,-518.5903049814629,-1000.0,942.9037439378342,415.8961457464191,-430.4557807095399,0.0,965.8178568559514,0.0,0.0,0.0,0.0,0.0,0.0,0.0,0.0,0.0,0.0,0.0,0.0,0.0,0.0,0.0,0.0,0.0,-4.217090877268106,95.8733048279567,-991.1780491697543,1000.0,0.0,0.0,0.0,0.0,0.0,-1000.0,999.5782909122734,37.89993046144851,0.0,0.0,0.0,0.0,0.0,0.0,0.0,1000.0,10.121018105443458,10.121018105443458,0.0,0.0,0.0,0.0,0.0,0.03711039972047034,290.75045142130784,0.0,0.0,-965.8178568559514,792.4384569335665,0.0,0.0,0.0,0.0,0.0,0.0,0.0,0.0,0.0,0.0,0.0,0.0,0.0,0.0,0.0,0.0,0.0,0.0,35.423563369052104,190.05882288571706,0.0,0.0,0.0,0.0,0.0,290.75045142130784,0.0,-1.6868363509072424,0.0,0.0,0.0,-4.217090877268106,0.0,0.0,0.0,0.0,0.0,0.0,0.0,0.0,0.0,0.0,0.0,0.0,0.0,0.0,0.0,0.0,0.0,0.0,-0.033736727018144855,0.0,0.0,1.6868363509072428,90.2904674351394,0.0,0.0,0.0,0.0,95.8733048279567,0.0,0.0,0.0,-916.8893537341421,0.8434181754536214,0.0,0.0,0.0,0.033736727018144855,0.0,33.736727018144855,-10.458385375624907,6.747345403628972,0.24097662155817748,94.12546838062417,-0.02530254526360864,787.9733096621145,0.6747345403628972,-0.16868363509075152,-94.12546838062417,10.121018105443458,-0.033736727018144855,7.764527292342668,169.12595942432773,0.008434181754536214,0.24097662155817748,-23.293581877028004,-5.370886941288973,-0.6747345403628972,56.828558475376674,-0.033736727018144855,0.008434181754536214,-94.12546838062417,3.3736727018144856,0.033736727018144855,0.033736727018144855,-290.67960429456923,0.03711039971999981,0.0,-0.02530254526360864,10.121018105443458,0.033736727018144855,14.559634963120786,-12.429746651395103,-0.016868363509072427,111.96013757235556,-85.0,-0.02530254526360864,-0.033736727018144855,-10.458385375624907,0.033736727018144855,3.3736727018144856,-0.6747345403628972,81.59259057116736,81.59259057116736,-3.3736727018144856,-56.828558475376674,-81.59259057116736,6.74734540362897,0.05060509052721728,-1000.0,3.3736727018144856,-176.8606169353931,169.12595942432773,-6.747345403628971,0.016868363509072427,0.3373672701814486,29.144750815189013,-39.87793200446953,-0.033736727018144855,-298.34121500039066,290.67960429456923,10.458385375624907,0.033736727018144855,5.370886941288973,124.20327014487685,169.12595942432773,-0.033736727018144855,-0.008434181754536214,-169.12595942432773,-0.033736727018144855,-602.2872928939115,0.033736727018144855,-0.008434181754536214,-0.008434181754536214,-0.008434181754536214,13.494690807257943,12.429746651395103,0.3373672701814486,24.994697629567042,-0.008434181754536214,50.524974338035356,1.6868363509072428,21.5,0.033736727018144855,0.016868363509072427,0.016868363509072427,40.0,10.458385375624907,0.033736727018144855,-10.458385375624907,0.3373672701814486,0.033736727018144855,-24.994697629567042,0.033736727018144855,0.13494690807260667,0.16868363509075152,0.016868363509072427,0.008434181754536214,10.121018105443458,-0.033736727018144855,0.0,0.3373672701814486,-49.989395259134085,787.1298914866609,-3.3736727018144856,6.747345403628971,1.6868363509072428,-0.033736727018144855,23.293581877028004,0.05060509052721728,-0.033736727018144855,-80.0,10.458385375624907,443.2294900142249,0.016868363509072427,-43.0,-0.033736727018144855,-0.033736727018144855,-0.033736727018144855,0.016868363509072427,94.12546838062417,-6.747345403628971,0.033736727018144855,58.28950163037803,-0.008434181754536214,-0.03711039971999981,-58.28950163037803,5.060509052721728,85.0,548.244106214692,94.12546838062417,-0.02530254526360864,298.34121500039066,39.87793200446953,0.033736727018144855,-0.008434181754536214,1.6868363509072424,33.736727018144855,-0.016868363509072427,-0.033736727018144855,0.008434181754536214,0.0,0.0,271.43709500326736,0.0,-46.0,0.0,554.41704256291,-31.0,0.0,-32.0,-93.0,-65.0,-728.5460366332236,16.0,23.0,46.5,0.0,15.5,-290.75045142130784,-166.95005088918433,728.5460366332236,65.0,-166.95005088918433,-554.41704256291,213.4200498581093,0.0,1496.5981,hclb
472,0.0,0.0,0.0,0.0,0.0,0.0,0.0,0.0,387.8843202244648,0.0,0.0,0.0,0.0,0.0,0.0,0.0,0.0,487.3943101337537,0.0,-113.44334253236394,0.0,0.0,0.0,0.0,0.0,166.75737280613328,0.0,0.0,0.0,0.0,0.0,0.0,162.3496609366631,0.0,0.0,0.0,0.0,170.23806367379598,0.0,-1000.0,1000.0,0.0,0.0,0.0,0.0,0.0,288.83961576763534,0.0,0.0,0.0,0.0,0.0,0.0,0.058412976386193805,0.0,0.0,0.0,10.620541161127326,0.0,0.0,-52.28580821633159,0.0,-885.3305070040362,-937.6163152203678,0.0,0.0,0.0,0.0,0.0,0.0,0.0,0.5310270580563663,0.0,0.0,0.0,0.0,0.0,0.0,0.0,0.0,0.0,0.0,-284.87687036263605,0.0,31.861623483381976,0.0,47.609229925047636,-244.54271095981287,-244.54271095981287,0.0,-0.013275676451409158,0.0,0.0,0.0,15.930811741690988,0.0,15.930811741690988,0.0,0.0,0.0,0.0,2.6551352902818315,-75.62034624331892,0.0,0.0,-8.74525116418287,439.5766357659995,693.5171150218347,0.0,0.0,0.0,0.0,0.0,0.0,0.0,0.0,0.0,0.0,0.0,0.0,0.0,0.0,0.0,0.0,-600.1968032222957,0.0,0.0,15.930811741690988,0.0,16.461838799747355,0.0,0.0,742.1418822538153,0.0,-742.1418822538153,742.1418822538153,0.0,805.5601340194249,-805.5601340194249,0.0,0.0,0.0,0.0,0.0,0.0,336.57500863471773,0.053102705805636634,0.0,0.0,0.0,-1000.0,-58.93770219077351,0.0,0.0,284.87687036263605,0.0,259.1419794237536,0.0,0.0,0.0,0.0,0.0,-145.9588232866868,-145.9588232866868,0.0,0.0,0.0,0.0,-299.10778955076535,0.0,0.0,-145.90572058088117,0.0,0.0,0.0,-630.6133423399754,0.0,0.0,0.0,0.0,0.0,0.0,0.0,0.0,0.0,0.0,-464.41498791319435,0.0,0.0,0.0,0.0,-1000.0,0.0,0.0,0.0,0.0,0.0,0.0,0.0,244.54271095981287,-244.54271095981287,0.0,0.0,0.0,0.0,0.0,0.0,0.0,75.62034624331892,-332.8973129620578,0.0,0.0,0.0,0.0,0.0,0.0,0.0,0.0,0.0,0.0,0.0,0.0,0.0,98.66574084515908,638.882554875612,0.0,0.0,0.0,0.0,0.0,79.63662671363069,0.0,0.0,0.0,0.0,-52.28580821633159,0.0,0.0,0.0,0.0,0.0,0.0,0.0,0.0,0.0,333.2131346805399,0.0,0.0,0.0,-510.9145780803742,-1000.0,0.0,0.0,0.0,0.0,0.0,0.0,-935.2146989171233,0.0,0.0,0.0,-66.96665578429497,0.0,0.0,-1000.0,-1000.0,0.0,0.0,0.0,1000.0,0.0,0.0,863.0363895210155,0.0,0.0,68.51992248409549,0.0,0.0,0.0,0.0,0.0,0.0,0.0,1000.0,0.0,0.0,19.73139070177467,0.0,0.0,0.0,-52.28580821633159,-0.07965405870845495,0.0,0.0,0.0,0.0,0.053102705805636634,0.0,0.0,0.0,571.2194268641385,0.0,0.0,-541.6290372446226,644.9231095006188,0.0,946.5513529028183,0.0,144.44436559031135,0.0,-8.74525116418287,0.0,0.0,0.0,886.8584805978605,-31.302846188171884,-1000.0,402.7760343174536,-1000.0,0.0,0.0,0.0,0.0,0.0,0.0,0.0,0.0,0.0,0.0,0.0,0.0,0.0,0.0,0.0,0.0,0.0,0.0,0.0,-1000.0,284.87687036263605,829.5495255029806,331.50322755359673,308.1613851147906,0.0,0.0,-669.7881433152577,0.0,0.0,0.0,0.0,0.0,-780.9629334441246,0.0,0.0,0.0,812.2657796322965,0.0,0.0,-962.9334169350155,1000.0,0.0,-203.76556388504196,0.0,-1.3275676451409157,-2.6551352902818315,-533.014719444542,0.0,0.0,174.84038749984643,41.10358746965511,15.930811741690988,0.0,0.0,0.0,0.0,0.0,387.93742293027043,98.66574084515908,0.0,0.0,0.0,-50.143771896095004,0.0,0.0,-1000.0,0.0,0.0,75.62034624331892,0.0,0.0,-9.353156582567976,0.0,0.0,69.37945883887268,0.0,0.0,0.0,0.0,3.5906767091468055,0.10620541161199526,0.0,0.0,0.0,0.0,0.0,0.0,0.0,0.0,0.0,0.0,0.0,0.0,0.0,0.0,0.0,0.0,0.0,0.0,0.0,0.058412976386193805,0.058412976386193805,0.0,184.04519968403176,0.0,31.861623483381976,0.0,0.0,0.0,1000.0,0.0,0.0,47.609229925047636,0.0,0.0,258.52950263437646,-1000.0,0.0,0.0,0.0,0.0,0.0,69.37945883887268,0.0,0.0,0.0,0.0,0.0,0.0,0.0,200.06560107409857,-571.2194268641385,619.3610664247741,47.02973603736482,51.69813827208163,0.0,0.0,0.0,-79.63662671363069,0.0,258.52950263437646,0.0,262.12017934352326,0.0,0.0,0.0,98.66574084515908,0.0,0.0,0.0,0.0,0.0,0.0,0.0,0.0,0.0,0.0,0.0,0.0,0.0,31.861623483381976,0.0,0.0,0.0,0.0,0.0,0.0,0.0,0.0,0.0,0.0,0.0,0.0,0.5310270580563663,0.0,0.0,47.609229925047636,-47.609229925047636,0.0,0.0,0.0,0.0,15.930811741690988,0.0,0.0,0.0,0.0,47.02973603736482,0.0,0.0,0.0,0.0,0.0,-731.8847143790573,0.0,0.0,15.930811741690988,15.930811741690988,1000.0,-1000.0,0.0,69.37945883887268,0.0,0.0,0.0,0.0,0.0,557.7679015498393,75.62034624331892,549.7779949133859,0.053102705805636634,0.0,0.0,-275.20144701082825,345.33115612800077,141.26848189915054,0.0,0.0,0.0,0.0,0.0,0.0,0.0,0.0,0.0,0.0,0.0,0.0,0.0,0.0,0.0,0.0,0.053102705805636634,0.0,0.0,0.0,-1000.0,1000.0,0.0,0.0,0.0,829.5495255029806,0.0,-338.28491576166095,0.0,0.0,-1000.0,-3.982702935422747,0.0,-2.6551352902818315,0.0,0.0,0.0,0.0,0.0,0.0,0.0,0.0,0.0,0.0,0.0,0.0,0.0,0.0,0.0,43.758722759936944,0.0,0.0,0.0,387.8843202244648,0.0,0.0,0.053102705805636634,0.0,0.053102705805636634,0.0,0.0,0.0,31.861623483381976,64.78530108287669,64.78530108287669,0.0,0.0,0.0,0.0,0.0,0.0,0.0,619.3610664247741,0.0,75.62034624331892,0.0,0.0,891.4306235677259,0.0,0.0,0.0,0.0,0.0,0.0,0.0,0.0,0.0,0.0,0.0,0.0,0.0,0.0,79.63662671363069,0.0,-166.75737280613328,166.75737280613328,0.07965405870845495,0.0,0.0,0.0,-15.930811741690988,0.0,0.0,0.0,0.0,0.0,-184.04519968403176,2.6551352902818315,0.0,0.0,0.0,0.0,299.10778955076535,331.50322755359673,-2.6551352902818315,0.0,0.0,0.0,0.0,0.0,0.0,0.0,0.0,0.0,0.0,0.0,85.37945883887268,0.0,673.7405252636468,132.52323073496768,0.0,-338.28491576166095,0.0,338.28491576166095,284.87687036263605,-1000.0,0.0,2.6551352902818315,1000.0,0.0,0.0,0.0,-104.57161643266325,0.0,0.0,0.0,0.0,0.0,0.0,0.0,0.0,0.0,569.0016614100458,-112.55207936769682,64.78530108287669,0.0,0.0,0.0,0.0,0.0,0.0,0.0,0.0,0.0,333.2131346805399,0.0,0.0,83.44122912260309,-70.12970911717252,775.3344380580659,0.0,15.930811741690988,47.609229925047636,0.0,0.0,0.0,-1.094409895830097,0.0,0.0,0.058412976386193805,0.0,0.0,0.0,32.39265054143834,0.0,0.0,0.0,0.0,638.882554875612,0.0,439.5766357659995,0.0,0.0,0.0,0.0,0.0,0.0,0.0,0.0,0.005310270580563881,0.005310270580563881,0.0,0.0,0.0,0.0,0.0,0.0,0.0,0.0,0.0,-275.20144701082825,0.0,0.0,0.0,0.0,0.0,184.04519968403176,0.0,0.0,0.0,0.0,0.0,0.0,0.0,0.0,0.0,0.0,0.0,95.21845985009527,1000.0,-250.4069530113484,487.3943101337537,0.0,0.0,0.0,31.861623483381976,0.0,0.0,0.0,0.0,0.0,0.0,-31.861623483381976,0.0,95.21845985009527,0.0,0.0,0.0,0.0,0.0,0.0,0.0,0.0,0.0,0.0,-636.6874754970576,884.9235896239741,927.8059770445869,823.374027235897,-839.3048389775879,0.0,999.7875891767766,0.0,0.0,0.0,0.0,0.0,0.0,0.0,0.0,0.0,0.0,0.0,0.0,0.0,0.0,0.0,0.0,0.0,-6.637838225704579,0.0,-3.982702935422747,1000.0,0.0,0.0,0.0,0.0,0.0,0.0,-0.6637838225704579,294.23002694520403,0.0,0.0,0.0,0.0,0.0,0.0,0.0,913.0905194163283,15.930811741690988,15.930811741690988,0.0,0.0,0.0,0.0,0.0,0.058412976386193805,184.04519968403176,0.0,0.0,-999.7875891767766,0.0,0.0,0.0,0.0,0.0,0.0,0.0,0.0,0.0,0.0,0.0,0.0,0.0,0.0,0.0,0.0,0.0,0.0,0.0,55.75784109591846,51.69813827208163,0.0,0.0,0.0,0.0,0.0,184.04519968403176,0.0,0.0,0.0,0.0,0.0,-6.637838225704579,0.0,0.0,0.0,0.0,0.0,0.0,0.0,0.0,0.0,0.0,0.0,0.0,0.0,0.0,0.0,0.0,0.0,0.0,-0.053102705805636634,0.0,0.0,2.6551352902818315,-258.52950263437646,0.0,0.0,0.0,0.0,0.0,0.0,0.0,0.0,-886.8584805978605,1.3275676451409157,0.0,0.0,166.75737280613328,0.053102705805636634,0.0,53.102705805636624,-16.461838799747355,10.620541161127326,0.37930504146883304,148.15654919772618,-0.039827029354227474,156.73582784767714,1.0620541161127326,-0.2655135290290587,-148.15654919772618,15.930811741690988,-0.053102705805636634,2.9150837213942897,69.37945883887268,0.013275676451409158,0.3793050414688331,-8.74525116418287,-56.06318068930673,-1.0620541161127326,-373.9509676013898,-0.053102705805636634,0.013275676451409158,-148.15654919772618,5.310270580563663,0.053102705805636634,0.053102705805636634,-183.93368400183994,-47.550816948661435,0.0,-0.039827029354227474,15.930811741690988,0.053102705805636634,15.930811741690988,-26.551352902818316,-0.026551352902818317,-241.65147709538783,-85.0,-0.039827029354227474,-0.053102705805636634,-16.461838799747355,0.053102705805636634,5.310270580563663,-1.0620541161127326,79.63662671363069,79.63662671363069,-5.310270580563663,373.9509676013898,-79.63662671363069,10.620541161127326,0.07965405870845495,12.528240901859874,5.310270580563663,-200.06560107409857,69.37945883887268,-10.620541161127326,0.026551352902818317,0.5310270580563663,135.40725931115566,96.0,-0.053102705805636634,-195.9933084902999,183.93368400183994,16.461838799747355,0.053102705805636634,56.06318068930673,5.656211872108618,69.37945883887268,-0.053102705805636634,-0.013275676451409158,-69.37945883887268,-0.053102705805636634,-435.9859590568527,0.05310270580586401,-0.013275676451409158,-0.013275676451409158,-0.013275676451409158,21.241082322254652,26.551352902818316,0.5310270580563663,294.7599291745861,-0.013275676451409158,267.899434900917,2.6551352902818315,0.8597969357084287,0.053102705805636634,0.026551352902818317,0.026551352902818317,40.0,16.461838799747355,0.053102705805636634,-16.461838799747355,0.5310270580563663,0.053102705805636634,-805.5948531962518,0.053102705805636634,0.21241082322342208,0.2655135290290587,0.026551352902818317,0.013275676451409158,15.930811741690988,-0.053102705805636634,0.0,0.5310270580563663,-589.5198583491722,155.40826020253624,-5.310270580563663,10.620541161127326,2.6551352902818315,-0.053102705805636634,8.74525116418287,0.07965405870845495,-0.053102705805636634,-80.0,16.461838799747355,294.44052170846135,0.026551352902818317,-1.7195938714168548,-0.053102705805636634,-0.05310270580586401,-0.053102705805636634,0.026551352902818317,148.15654919772618,-10.620541161127326,0.053102705805636634,270.8145186223113,-0.013275676451409158,47.550816948661435,-270.8145186223113,7.965405870845493,85.0,102.25234690703782,148.15654919772618,-0.039827029354227474,195.9933084902999,-96.0,0.053102705805636634,-0.013275676451409157,2.6551352902818315,53.10270580563663,-0.026551352902818317,-0.053102705805636634,0.013275676451409158,0.0,0.0,-12.554792254762692,510.83492402166576,-46.0,0.0,6.66322812159342,-31.0,0.0,-32.0,-93.0,-65.0,0.0,16.0,23.0,46.5,0.0,15.5,-184.04519968403176,-293.34611181263125,0.0,65.0,-293.34611181263125,-6.66322812159342,-2.1516271655394306,0.0,1496.5981,hclb
473,0.0,0.0,0.0,0.0,0.0,0.0,0.0,0.0,-0.026917749604959375,0.0,0.0,0.0,0.0,0.0,0.0,0.0,-327.2409012681811,-272.9014526811523,0.0,1000.0,0.0,0.0,0.0,581.2914198416064,0.0,0.0,0.0,0.0,0.0,930.5479057709737,0.0,0.0,13.957669939370366,0.0,0.0,0.0,0.0,-66.03513638074193,0.0,-1000.0,1000.0,0.0,0.0,-150.68587223484474,0.0,0.0,0.0,0.0,-603.3070045027926,0.0,0.0,0.0,0.0,0.029609524565330503,0.0,0.0,0.0,5.383549920991875,0.0,0.0,-165.54473809685436,0.0,349.50756159663905,0.0,706.4421703077246,0.0,0.0,0.0,0.0,183.9628234997847,0.0,0.2691774960495938,0.0,0.0,0.0,0.0,0.0,0.0,0.0,651.8686356328946,0.0,0.0,0.0,0.0,16.150649762975625,0.0,224.49512278157326,73.93632600071048,-743.5307741790704,1000.0,-0.006729437401239844,0.0,0.0,0.0,8.075324881487813,0.0,12.626241420146808,0.0,0.0,0.0,0.0,1.3458874802479688,930.5479057709737,0.0,0.0,-16.44744779436016,0.0,0.0,0.0,0.0,0.0,0.0,0.0,0.0,0.0,0.0,0.0,0.0,0.0,0.0,0.0,0.0,0.0,0.0,-1000.0,0.0,0.0,12.626241420146808,0.0,8.344502377537406,0.0,0.0,-609.4675066913156,609.4675066913156,0.0,0.0,0.0,-515.5937500001539,515.5937500001539,-183.9628234997847,0.0,0.0,0.0,0.0,0.0,226.56778950115512,0.026917749604959375,0.0,0.0,0.0,-1000.0,1000.0,0.0,0.0,0.0,0.0,-362.91745196267414,0.0,0.0,0.0,0.0,0.0,596.769636191522,596.769636191522,0.0,0.0,0.0,0.0,0.0,0.0,0.0,596.796553941127,0.0,0.0,0.0,0.0,-724.2870292341762,0.0,0.0,0.0,0.0,0.0,0.0,0.0,0.0,0.0,0.0,0.0,0.0,0.0,0.0,-1000.0,0.0,0.0,0.0,0.0,0.0,0.0,0.0,-256.46922582092964,256.46922582092964,0.0,0.0,0.0,0.0,0.0,0.0,0.0,0.0,-943.7482686216118,0.0,0.0,0.0,0.0,0.0,0.0,0.0,0.0,0.0,0.0,0.0,0.0,0.0,22.6182132161819,-27.681983619357258,0.0,0.0,0.0,0.0,0.0,69.58988238488402,0.0,0.0,0.0,0.0,-165.54473809685436,150.6858722348447,0.0,0.0,0.0,0.0,0.0,0.0,0.0,0.0,0.8667515372771675,0.0,4.550916538658996,0.0,597.553595800493,110.49204744235226,-785.8399043230118,0.0,0.0,0.0,0.0,183.9628234997847,32.83965451805044,0.0,0.0,0.0,-176.28136308840106,0.0,0.0,867.5331469869125,0.0,1000.0,-132.46685301308753,1000.0,0.0,-1000.0,0.0,1000.0,0.0,0.0,5.5106390129526375,0.0,0.0,0.0,0.0,0.0,0.0,0.0,93.84933086824121,183.9628234997847,0.0,-890.605834031088,0.0,0.0,0.0,-165.54473809685436,-0.04037662440743906,0.0,0.0,0.0,0.0,0.026917749604959375,0.0,0.0,0.0,916.917124657692,-327.2409012681811,0.0,-10.964965196240106,-333.200151933575,724.2870292341762,754.046967841354,0.0,909.4004413321136,0.0,-16.44744779436016,0.0,0.0,0.0,-2.317618240986877,0.0,-907.0828230911267,-1000.0,-1000.0,0.0,0.0,0.0,0.0,0.0,0.0,0.0,0.0,0.0,0.0,0.0,0.0,0.0,0.0,0.0,0.0,0.0,-1000.0,0.0,-934.0725346176782,0.0,0.0,0.0,0.0,0.0,0.0,-227.4345410384323,0.0,0.0,0.0,175.5053631772281,0.0,0.0,0.0,0.0,0.0,0.0,-486.4709681864487,0.0,204.8240794436282,490.5086306271926,0.0,-1.3458874802479688,0.0,-0.6729437401239844,-1.3458874802479688,0.0,0.0,-201.4593607430083,0.0,0.0,12.626241420146808,890.6250000000008,-890.6250000000008,0.0,523.4700322153545,0.0,0.0,650.6207818437957,628.0025686276139,-628.0025686276139,-628.0025686276139,-419.4061343419863,0.0,0.0,-170.5919807710439,0.0,0.0,0.0,0.0,0.0,-66.0620541303469,0.0,0.0,258.5792735787928,0.0,0.0,0.0,0.0,-40.308225039504066,0.05383549920998121,0.0,0.0,0.0,0.0,0.0,0.0,0.0,0.0,0.0,0.0,0.0,0.0,0.0,0.0,0.0,0.0,0.0,0.0,0.0,0.029609524565330503,0.029609524565330503,0.0,113.23466329519003,0.0,16.150649762975625,0.0,0.0,0.0,1000.0,0.0,459.39976048983067,224.49512278157326,0.0,0.0,-230.10897581997318,-1000.0,0.0,0.0,0.0,0.0,0.0,258.5792735787928,0.0,0.0,0.0,0.0,0.0,0.0,0.0,333.3333333333333,-916.917124657692,0.0,0.0,226.56778950115512,0.0,0.0,0.0,-69.58988238488402,0.0,-230.10897581997318,0.0,729.5827991405226,-1000.0,-390.62499999999864,390.62499999999864,22.6182132161819,0.0,0.0,0.0,0.0,0.0,0.0,0.0,0.0,0.0,0.0,0.0,0.0,0.0,16.150649762975625,183.9628234997847,183.9628234997847,0.0,0.0,0.0,0.0,0.0,0.0,0.0,0.0,0.0,0.0,0.2691774960495938,0.0,0.0,224.49512278157326,-224.49512278157326,0.0,0.0,0.0,0.0,12.626241420146808,0.0,0.0,0.0,0.0,0.0,0.0,0.0,0.0,0.0,0.0,616.8766848193627,0.0,0.0,8.075324881487813,8.075324881487813,1000.0,-1000.0,0.0,258.5792735787928,0.0,0.0,0.0,0.0,0.0,-176.61783495846305,0.0,0.0,0.026917749604959375,0.0,0.0,0.0,35.54873374614956,0.0,0.0,0.0,0.0,-183.9628234997847,0.0,0.0,0.0,0.0,0.0,0.0,0.0,0.0,0.0,0.0,0.0,0.0,0.026917749604959375,0.0,0.0,0.0,-209.42722923900874,209.42722923900874,0.0,0.0,0.0,0.0,-227.4345410384323,0.0,0.0,0.0,65.92746538232183,-2.0188312203720216,-1.3458874802479688,0.0,0.0,0.0,0.0,0.0,0.0,0.0,0.0,0.0,0.0,0.0,0.0,183.9628234997847,724.2870292341762,0.0,0.0,-200.11347326276032,0.0,0.0,0.0,-0.026917749604959375,0.0,0.0,0.026917749604959375,0.0,0.026917749604959375,0.0,0.0,0.0,16.150649762975625,32.83965451805044,32.83965451805044,0.0,0.0,0.0,0.0,0.0,0.0,0.0,0.0,0.0,0.0,0.0,0.0,0.0,0.0,0.0,0.0,0.0,0.0,0.0,0.0,0.0,0.0,0.0,0.0,0.0,0.0,0.0,69.58988238488402,0.0,-681.8408935471725,681.8408935471725,0.04037662440743906,0.0,0.0,0.0,-12.626241420146808,0.0,0.0,0.0,0.0,0.0,-113.23466329519003,1.3458874802479688,0.0,0.0,0.0,0.0,0.0,0.0,0.0,0.0,0.0,0.0,0.0,0.0,0.0,0.0,183.9628234997847,0.0,0.0,-803.6014306780439,90.61645007900813,0.0,59.616450079008125,-16.44744779436016,0.0,0.0,0.0,0.0,0.0,0.0,0.0,1.3458874802479688,670.8863516037893,0.0,0.0,0.0,-515.0522996934934,0.0,0.0,-609.3750000000023,609.3750000000023,0.0,0.0,0.0,0.0,0.0,-2.018831220371908,-2.0188312203719363,32.83965451805044,0.0,0.0,0.0,0.0,0.0,0.0,0.0,0.0,0.0,0.8667515372771675,0.0,0.0,117.272325735934,-35.54873374614956,740.3792155359972,0.0,8.075324881487813,224.49512278157326,0.0,0.0,0.0,-338.01265412532325,0.0,0.0,0.029609524565330503,0.0,0.0,0.0,16.41982725902522,0.0,0.0,0.0,0.0,-27.681983619357258,0.0,0.0,0.0,0.0,0.0,0.0,0.0,0.0,-1000.0,0.0,0.002691774960495996,0.002691774960495996,0.0,0.0,0.0,0.0,0.0,0.0,0.0,0.0,0.0,0.0,0.0,0.0,0.0,0.0,0.0,113.23466329519003,0.0,0.0,0.0,0.0,0.0,0.0,0.0,0.0,0.0,0.0,0.0,448.9902455631465,1000.0,-257.7888070391548,-272.9014526811523,0.0,0.0,0.0,16.150649762975625,0.0,0.0,0.0,0.0,0.0,274.8483142324641,-290.9989639954397,0.0,448.9902455631465,0.0,0.0,0.0,0.0,0.0,0.0,0.0,0.0,0.0,0.0,0.0,-246.06992918748938,18.438658479397134,0.0,-12.626241420146808,0.0,-66.03513638074193,0.0,0.0,0.0,0.0,0.0,0.0,0.0,0.0,0.0,0.0,0.0,0.0,0.0,0.0,0.0,0.0,0.0,-3.3647187006199903,183.9628234997847,-2.0188312203720216,0.0,0.0,0.0,0.0,0.0,0.0,0.0,-0.33647187006199214,66.0620541303469,0.0,0.0,0.0,0.0,0.0,0.0,0.0,1000.0,8.075324881487813,8.075324881487813,0.0,0.0,0.0,0.0,651.8686356328946,0.029609524565330503,113.23466329519003,0.0,0.0,66.03513638074193,0.0,0.0,0.0,0.0,0.0,0.0,0.0,0.0,0.0,0.0,0.0,0.0,0.0,0.0,340.92044677358626,0.0,0.0,0.0,0.0,28.263637085207343,226.56778950115512,0.0,0.0,0.0,0.0,0.0,113.23466329519003,0.0,-1.3458874802479688,0.0,0.0,0.0,-3.3647187006199903,0.0,0.0,0.0,0.0,0.0,0.0,0.0,0.0,0.0,0.0,0.0,0.0,0.0,0.0,0.0,0.0,0.0,0.0,-0.026917749604959375,0.0,0.0,1.3458874802479688,230.10897581997318,0.0,0.0,0.0,0.0,183.9628234997847,0.0,0.0,0.0,2.317618240986877,0.6729437401239844,0.0,0.0,0.0,0.026917749604959375,0.0,26.917749604959376,-8.344502377537406,5.383549920991875,0.1922696400354241,75.10052139783666,-0.02018831220371953,1.3458874802479688,0.5383549920991876,-0.1345887480250667,-75.10052139783666,8.075324881487813,-0.026917749604959375,5.482482598120053,258.5792735787928,0.006729437401239844,0.1922696400354241,-16.44744779436016,-228.78042851868025,-0.5383549920991876,-399.8576460506666,-0.026917749604959375,0.006729437401239844,-75.10052139783666,2.6917749604959376,0.026917749604959375,0.026917749604959375,-113.17813602101974,-224.4655132570078,-21.37099939015411,-0.02018831220371953,8.075324881487813,0.026917749604959375,12.626241420146808,-8.907958263820692,-0.013458874802479688,417.18334694154856,-72.30857509498492,-0.02018831220371953,-0.026917749604959375,-8.344502377537406,0.026917749604959375,2.691774960495991,-0.5383549920991876,69.58988238488402,69.58988238488402,-2.6917749604959376,399.8576460506666,-69.58988238488402,5.383549920991875,0.04037662440743906,-1000.0,2.6917749604959376,-333.3333333333333,258.5792735787928,-5.383549920991875,0.013458874802479688,0.2691774960495938,2.7412412990600266,96.0,-0.026917749604959375,-119.29115695630594,113.17813602101974,8.344502377537406,0.026917749604959375,228.78042851868025,221.72705751418292,258.5792735787928,-0.026917749604959375,-0.006729437401239844,-258.5792735787928,-0.026917749604959375,-40.308225039504066,0.026917749604990604,-0.006729437401239844,-0.006729437401239844,-0.006729437401239844,10.76709984198375,8.907958263820692,0.2691774960495938,57.525250892029746,-0.006729437401239844,0.0,1.3458874802479688,21.5,0.026917749604959375,0.013458874802479688,0.013458874802479688,40.0,8.344502377537406,0.026917749604959375,-8.344502377537406,0.2691774960495938,0.026917749604959375,-132.69037719894817,0.026917749604959375,0.1076709984200761,0.1345887480250667,0.013458874802479688,0.006729437401239844,8.075324881487813,-0.026917749604959375,21.37099939015411,0.2691774960495938,-115.05050178405949,0.6729437401239844,-2.691774960495991,5.383549920991875,1.3458874802479688,-0.026917749604959375,16.44744779436016,0.04037662440743906,-0.026917749604959375,-80.0,8.344502377537406,398.2050047624665,0.013458874802479688,-43.0,-0.026917749604959375,-0.026917749604990604,-0.026917749604959375,0.013458874802479688,75.10052139783666,-5.383549920991875,0.026917749604959375,5.482482598120053,-0.006729437401239844,224.4655132570078,-5.482482598120053,4.0376624407439055,72.30857509498492,651.0992506848727,75.10052139783666,-0.02018831220371953,119.29115695630594,-96.0,0.026917749604959375,-0.006729437401239843,176.85125065747607,26.917749604959376,-0.013458874802479688,-0.026917749604959375,0.006729437401239844,0.0,0.0,999.9865411251975,75.16512630691842,-46.0,0.0,372.68554825048096,-31.0,0.0,-32.0,-93.0,-65.0,0.0,16.0,23.0,46.5,0.0,15.5,-113.23466329519003,-60.19235063714323,0.0,65.0,-60.19235063714323,-372.68554825048096,74.13335788790103,0.0,1496.5981,hclb
474,0.0,0.0,0.0,0.0,0.0,0.0,0.0,0.0,309.18539889549237,0.0,0.0,0.0,0.0,0.0,0.0,0.0,265.9124334097736,-250.11600480342594,0.0,592.4351219995858,0.0,0.0,0.0,488.4575066013742,0.0,0.0,0.0,0.0,0.0,-514.2744714308087,0.0,0.0,28.57412009901196,0.0,0.0,0.0,0.0,-328.7801382353868,0.0,-1000.0,994.3801403444314,0.0,0.0,248.36203802103512,0.0,0.0,0.0,0.0,0.0,-371.95869700677764,0.0,0.0,0.0,0.020606152070436822,0.0,0.0,0.0,0.0,0.0,0.0,129.86770024768754,0.0,-441.96889387153226,-706.6535174369117,0.0,0.0,0.0,0.0,0.0,0.0,0.0,0.1873286551856209,0.0,0.0,0.0,0.0,0.0,0.0,0.0,0.0,0.0,0.0,-193.98194778321349,0.0,11.239719311137254,0.0,0.0,346.46056667390894,384.80101347803935,-769.6020269560787,-0.004683216379640522,0.0,0.0,-859.9920842839352,5.619859655568627,0.0,5.619859655568627,0.0,0.0,0.0,0.0,0.9366432759281044,-1000.0,0.0,0.0,-2.0118835730277973,0.0,0.0,0.0,0.0,0.0,0.0,0.0,0.0,0.0,0.0,0.0,0.0,0.0,0.0,0.0,0.0,0.0,0.0,-314.3037568240636,0.0,0.0,5.619859655568627,0.0,5.807188310754247,0.0,0.0,-805.5591752184216,805.5591752184216,0.0,0.0,-403.82413025435784,0.0,0.0,9.271806441290892,0.0,0.0,0.0,0.0,0.0,195.42437842814277,0.018732865518562087,0.0,0.0,0.0,0.0,0.0,0.0,0.0,193.98194778321349,0.0,125.64231333746795,0.0,0.0,0.0,0.0,0.0,468.0021768397803,468.0021768397803,0.0,0.0,0.0,0.0,0.0,0.0,0.0,468.0209097052989,0.0,0.0,0.0,0.0,0.0,0.0,0.0,0.0,0.0,0.0,0.0,0.0,0.0,0.0,0.0,0.0,0.0,0.0,0.0,-396.2264176539615,0.0,0.0,0.0,0.0,0.0,371.95869700677764,0.0,384.80101347803935,-384.80101347803935,0.0,0.0,0.0,0.0,0.0,0.0,0.0,485.72552856919134,-941.0881812935327,0.0,0.0,0.0,0.0,0.0,0.0,0.0,0.0,0.0,0.0,0.0,0.0,0.0,263.81756204118096,-35.506853792575164,248.36203802103512,0.0,0.0,0.0,394.55232381306695,83.10798058262523,0.0,0.0,0.0,0.0,129.86770024768754,0.0,0.0,0.0,0.0,0.0,0.0,0.0,0.0,0.0,0.6031982696979412,3.7465731037124175,0.0,0.0,-1000.0,-1000.0,731.2615801519482,0.0,-248.36203802103512,0.0,0.0,394.5523238130669,0.0,0.0,0.0,0.0,-190.28881768207475,0.0,0.0,896.9702254342654,0.0,1000.0,-103.02977456573444,1000.0,0.0,769.6020269560787,0.0,380.6595640002904,371.95869700677764,0.0,-30.843285785837033,0.0,0.0,0.0,0.0,0.0,0.0,0.0,559.9408622993689,0.0,394.55232381306695,0.0,0.0,0.0,0.0,129.86770024768754,-0.02809929827784313,0.0,0.0,0.0,0.0,0.018732865518562087,0.0,0.0,0.0,306.8953791460697,265.9124334097736,0.0,-592.3511826352525,180.75343139637198,0.0,1000.0,0.0,0.0,0.0,-2.0118835730277973,0.0,0.0,0.0,788.4525229008285,0.0,-788.4525229008285,-923.243853061357,88.16326143750052,0.0,0.0,0.0,0.0,0.0,0.0,0.0,0.0,0.0,0.0,0.0,0.0,0.0,0.0,0.0,0.0,0.0,-1000.0,0.0,-671.2947932266875,193.98194778321349,0.0,0.0,0.0,0.0,0.0,-196.02757669784071,0.0,0.0,0.0,0.0,0.0,-164.7071219148602,258.51381700732156,0.0,0.0,164.7071219148602,-290.6885674824646,-0.9366432759281044,-26.836703141892063,0.0,-258.51381700732156,-0.9366432759281044,0.0,-0.4683216379640522,0.0,0.0,0.0,-666.143772921875,638.2322902859692,350.5882912778671,5.619859655568627,640.6249999999989,-640.6249999999989,0.0,0.0,0.0,309.20413176101096,1000.0,736.182437958819,-736.182437958819,-736.182437958819,91.26531046931538,0.0,0.0,-91.95741832510714,0.0,0.0,485.72552856919134,0.0,0.0,-134.8169233176919,0.0,0.0,0.0,0.0,0.0,0.0,0.0,-41.12671344814379,0.03746573103671835,0.0,0.0,0.0,0.0,0.0,0.0,0.0,0.0,0.0,0.0,0.0,0.0,0.0,0.0,0.0,0.0,0.0,0.0,0.0,0.020606152070436822,0.020606152070436822,0.0,356.07098893746854,0.0,11.239719311137254,0.0,0.0,0.0,1000.0,0.0,302.8330476549994,0.0,0.0,0.0,424.1399999402148,-1000.0,0.0,0.0,0.0,0.0,0.0,0.0,0.0,0.0,0.0,0.0,0.0,0.0,0.0,104.76791894135454,-306.8953791460697,0.0,0.0,237.83940728149696,0.0,0.0,-859.9920842839352,-943.1000648665605,0.0,424.1399999402148,0.0,0.0,383.013286492071,0.0,0.0,263.81756204118096,0.0,0.0,0.0,0.0,0.0,0.0,0.0,0.0,0.0,0.0,0.0,0.0,0.0,11.239719311137254,394.55232381306695,394.5523238130669,0.0,0.0,0.0,0.0,0.0,0.0,0.0,0.0,0.0,0.0,0.1873286551856209,0.0,0.0,0.0,0.0,0.0,0.0,0.0,0.0,5.619859655568627,0.0,0.0,0.0,236.39697663656767,0.0,0.0,0.0,0.0,0.0,0.0,494.1148319879799,0.0,0.0,5.619859655568627,5.619859655568627,1000.0,-1000.0,0.0,0.0,0.0,0.0,0.0,0.0,0.0,923.243853061357,485.72552856919134,1000.0,0.018732865518562087,0.0,0.0,0.0,24.739425040906745,0.0,0.0,859.9920842839352,0.0,0.0,0.0,0.0,0.0,0.0,0.0,0.0,0.0,0.0,0.0,0.0,0.0,0.0,0.018732865518562087,0.0,0.0,0.0,0.0,0.0,0.0,0.0,0.0,0.0,-196.96421997376882,0.9366432759281051,0.0,0.0,328.7052067733125,-1.4049649138921567,-0.9366432759281051,0.0,0.0,0.0,0.0,0.0,0.0,0.0,0.0,0.0,0.0,0.0,0.0,394.55232381306695,0.0,0.0,0.0,-314.6188383680798,0.0,0.0,0.0,309.18539889549237,0.0,0.0,0.018732865518562087,0.0,0.018732865518562087,0.0,0.0,0.0,11.239719311137254,22.85409593264575,22.85409593264575,0.0,0.0,0.0,0.0,0.0,0.0,0.0,0.0,0.0,485.72552856919134,0.0,0.0,0.0,790.0654226219767,0.0,0.0,0.0,0.0,0.0,0.0,0.0,0.0,0.0,0.0,0.0,0.0,0.0,83.10798058262523,0.0,0.0,0.0,0.02809929827784313,0.0,0.0,0.0,-5.619859655568627,0.0,0.0,0.0,0.0,0.0,-356.07098893746854,0.9366432759281044,0.0,0.0,0.0,0.0,0.0,-0.9366432759281051,0.0,0.0,0.0,0.0,0.0,0.0,0.0,0.0,394.55232381306695,0.0,0.0,0.0,92.25342689628758,0.0,61.253426896287586,-2.0118835730277973,0.0,0.0,0.0,0.0,193.98194778321349,-22.85409593264575,0.0,0.9366432759281051,1000.0,0.0,0.0,0.0,-134.8169233176919,-546.8750000000023,546.8750000000023,-515.6249999999987,515.6249999999987,0.0,0.0,0.0,0.0,0.0,-2.8099298277843032,0.0,22.85409593264575,0.0,0.0,0.0,0.0,0.0,0.0,0.0,0.0,0.0,0.6031982696979412,0.0,0.0,360.285883679145,-24.739425040906745,-399.109769010956,0.0,5.619859655568627,0.0,0.0,0.0,0.0,16.948369440858635,0.0,0.0,0.020606152070436822,0.0,0.0,0.0,11.427047966322874,0.0,0.0,0.0,0.0,-35.506853792575164,0.0,0.0,0.0,0.0,0.0,0.0,0.0,0.0,0.0,0.0,0.0018732865518562623,0.0018732865518562623,0.0,0.0,0.0,0.0,0.0,0.0,0.0,0.0,0.0,0.0,0.0,0.0,0.0,0.0,0.0,356.07098893746854,0.0,0.0,0.0,0.0,0.0,0.0,0.0,371.95869700677764,0.0,0.0,0.0,0.0,1000.0,504.91955281942336,-250.11600480342594,0.0,0.0,0.0,11.239719311137254,0.0,0.0,0.0,0.0,0.0,0.0,-11.239719311137254,0.0,0.0,0.0,0.0,0.0,0.0,0.0,0.0,0.0,0.0,0.0,0.0,88.16326143750052,-1000.0,802.8974355021918,-1000.0,994.3801403444314,0.0,-328.7801382353868,0.0,0.0,0.0,0.0,0.0,0.0,0.0,0.0,0.0,0.0,0.0,0.0,0.0,0.0,0.0,0.0,0.0,-2.3416081898202616,394.5523238130669,-1.4049649138921567,788.6604577080846,0.0,0.0,0.0,0.0,0.0,0.0,-0.23416081898202612,328.7988711009054,0.0,0.0,0.0,0.0,0.0,0.0,0.0,1000.0,5.619859655568627,5.619859655568627,0.0,0.0,0.0,0.0,0.0,0.020606152070436822,356.07098893746854,0.0,0.0,328.7801382353868,0.0,0.0,0.0,0.0,0.0,0.0,0.0,0.0,0.0,0.0,0.0,0.0,0.0,0.0,0.0,0.0,0.0,0.0,0.0,19.669508794490195,1.4424306449292799,0.0,0.0,0.0,0.0,0.0,356.07098893746854,0.0,0.0,0.0,0.0,0.0,-2.3416081898202616,0.0,0.0,0.0,0.0,0.0,0.0,0.0,0.0,0.0,0.0,0.0,0.0,0.0,0.0,0.0,0.0,0.0,0.0,-0.018732865518562087,0.0,0.0,0.9366432759281044,-424.1399999402148,0.0,0.0,0.0,0.0,394.55232381306695,0.0,0.0,0.0,-788.4525229008285,0.4683216379640522,0.0,0.0,0.0,0.018732865518562087,0.0,18.732865518562086,-5.807188310754247,3.746573103712418,0.13380618227544347,52.26469479678823,-0.014049649138921564,0.9366432759281044,0.3746573103712418,-0.0936643275928759,-52.26469479678823,5.619859655568627,-0.018732865518562083,0.6706278576759325,0.0,0.004683216379640522,0.13380618227544347,-2.0118835730277973,-2.982272190555335,-0.3746573103712418,-608.2315506059335,-0.018732865518562083,0.004683216379640522,-52.26469479678823,1.8732865518562087,0.018732865518562087,0.018732865518562087,-356.0316499198795,0.02060615207041835,-65.67706640110015,-0.014049649138921564,5.619859655568627,0.018732865518562087,5.619859655568627,-9.366432759281045,-0.009366432759281043,-55.94147979031221,-85.0,-0.014049649138921564,-0.018732865518562087,-5.807188310754247,0.018732865518562087,1.873286551856154,-0.3746573103712418,83.10798058262523,83.10798058262523,-1.8732865518562087,608.2315506059335,-83.10798058262523,3.7465731037124175,0.02809929827784313,-987.5458107400825,1.8732865518562087,-104.76791894135454,0.0,-3.7465731037124175,0.009366432759281043,0.1873286551856209,148.08779565881312,96.0,-0.018732865518562087,-360.285883679145,356.0316499198795,5.807188310754247,0.018732865518562087,2.982272190555335,-22.479438622274472,0.0,-0.018732865518562087,-0.004683216379640522,0.0,-0.018732865518562087,-41.12671344814379,0.0187328655184484,-0.004683216379640522,-0.004683216379640522,-0.004683216379640522,7.493146207424835,9.366432759281045,0.1873286551856209,262.0198653187741,-0.004683216379640522,295.5049634599503,0.9366432759281044,21.5,0.018732865518562087,0.009366432759281043,0.009366432759281043,-195.40287535467726,5.807188310754247,0.018732865518562087,-5.807188310754247,0.1873286551856209,0.018732865518562087,-758.3021724741914,0.018732865518562087,0.07493146207428936,0.0936643275928759,0.009366432759281043,0.004683216379640522,5.619859655568627,-0.018732865518562087,65.67706640110015,0.1873286551856209,-524.0397306375482,0.46832163796405235,-1.873286551856154,3.7465731037124175,0.9366432759281044,-0.018732865518562087,2.0118835730277973,0.02809929827784313,-0.018732865518562087,390.8057507093545,5.807188310754247,41.9558787184997,0.009366432759281043,-43.0,-0.018732865518562087,-0.0187328655184484,-0.018732865518562087,0.009366432759281043,52.26469479678823,-3.7465731037124175,0.018732865518562087,296.17559131762624,-0.004683216379640522,-0.02060615207041835,-296.17559131762624,2.809929827784313,85.0,930.3063038411701,52.26469479678823,-0.014049649138921564,360.285883679145,-96.0,0.018732865518562083,-0.004683216379640523,0.9366432759281051,18.732865518562086,-0.009366432759281043,-0.018732865518562087,0.004683216379640522,0.0,0.0,987.5364443073232,496.28230715541724,-46.0,0.0,120.80387931441447,-31.0,0.0,-32.0,-93.0,-65.0,0.0,16.0,23.0,46.5,0.0,15.5,-356.07098893746854,-58.90424815935833,0.0,65.0,-58.90424815935833,-120.80387931441447,70.7050156924164,0.0,1496.5981,hclb
475,0.0,0.0,0.0,0.0,0.0,0.0,0.0,0.0,289.31835627994985,0.0,0.0,0.0,0.0,0.0,0.0,0.0,-649.9985943664378,-694.7031249999944,0.0,1000.0,0.0,0.0,0.0,0.0,0.0,57.18499199821122,0.0,0.0,0.0,-726.1039203822761,0.0,0.0,21.494122048327938,0.0,0.0,0.0,0.0,402.8036420949828,0.0,-1000.0,1000.0,0.0,0.0,94.3712569846598,0.0,0.0,0.0,0.0,376.10251474871393,-122.29399243478554,0.0,0.0,0.0,0.08190503188887988,0.0,0.0,0.0,14.891823979820236,0.0,0.0,-6.557366492446349,0.0,-542.5208333526591,-549.0781998451055,0.0,0.0,0.0,0.0,0.0,770.7793923217369,0.0,0.7445911989910119,0.0,0.0,0.0,0.0,0.0,0.0,0.0,0.0,0.0,0.0,-25.27855847894253,0.0,44.675471939460714,0.0,0.0,145.26821755880187,-368.48761787946023,1000.0,-0.018614779974775297,0.0,0.0,709.1414583054884,22.337735969730357,0.0,22.337735969730357,0.0,0.0,0.0,249.94632228062858,3.722955994955059,-1000.0,0.0,0.0,-7.860331401902052,0.0,607.1637134499788,0.0,0.0,0.0,0.0,0.0,0.0,0.0,0.0,0.0,0.0,0.0,0.0,0.0,0.0,0.0,0.0,-564.0686157843315,0.0,0.0,22.337735969730357,0.0,23.08232716872137,0.0,0.0,0.0,0.0,0.0,0.0,0.0,0.0,0.0,0.0,0.0,0.0,0.0,0.0,0.0,31.01191071117333,0.07445911989910119,0.0,0.0,0.0,724.6939633844302,-724.6939633844302,0.0,0.0,213.25228304536918,0.0,462.17935884226125,0.0,0.0,0.0,0.0,0.0,623.0993323594192,623.0993323594192,0.0,0.0,0.0,0.0,29.092165630295597,0.0,0.0,623.1737914793183,0.0,0.0,0.0,-54.82153285326308,0.0,0.0,0.0,0.0,0.0,0.0,0.0,0.0,0.0,0.0,-379.14987672471693,0.0,0.0,0.0,0.0,-102.21494852066944,0.0,0.0,0.0,0.0,0.0,122.29399243478554,0.0,368.48761787946023,-368.48761787946023,0.0,0.0,0.0,0.0,0.0,0.0,0.0,273.8960796177239,812.1683129943657,0.0,0.0,0.0,0.0,0.0,0.0,0.0,0.0,0.0,0.0,0.0,0.0,0.0,252.49660808610628,-13.216352040359528,1000.0,0.0,0.0,0.0,0.0,77.47962889019078,0.0,0.0,0.0,0.0,-6.557366492446349,905.6287430153402,0.0,0.0,0.0,0.0,0.0,0.0,0.0,0.0,2.397583660748296,0.0,0.0,0.0,349.88971695371356,-387.0855188052069,889.8583501869759,0.0,-1000.0,0.0,0.0,0.0,925.0036401491363,0.0,0.0,0.0,-83.30528189196639,0.0,0.0,-582.178804360559,0.0,0.0,-582.1788043605588,0.0,0.0,0.0,0.0,152.41376057194975,122.29399243478554,0.0,130.26131562830156,0.0,0.0,0.0,0.0,0.0,0.0,0.0,1000.0,0.0,0.0,1000.0,0.0,0.0,0.0,-6.557366492446349,-0.11168867984865177,0.0,0.0,0.0,0.0,0.07445911989910119,0.0,0.0,0.0,0.0,-649.9985943664378,0.0,-886.8320558615168,153.11040034254222,0.0,957.2295599495505,0.0,1000.0,0.0,-7.860331401902052,0.0,0.0,0.0,-6.410930223312479,0.0,-993.5890697766876,-1000.0,66.6573512674147,0.0,0.0,0.0,0.0,0.0,0.0,0.0,0.0,0.0,0.0,0.0,0.0,0.0,0.0,0.0,0.0,0.0,0.0,0.0,-1000.0,213.25228304536918,596.8985214254211,0.0,0.0,0.0,876.5721343474017,-33.409494371921625,0.0,61.972597714201925,0.0,0.0,0.0,0.0,0.0,-849.7300702092539,-390.23503673883374,0.0,0.0,-3.722955994955059,893.3298648325477,0.0,0.0,846.0071142142988,-472.92264836495957,388.3735587413562,0.0,-986.5768136133092,0.0,996.2770440050449,87.79106873561335,0.0,22.337735969730357,0.0,0.0,0.0,0.0,0.0,289.3928153998489,252.49660808610628,0.0,0.0,0.0,85.96850742208181,0.0,0.0,-376.97512676047984,0.0,0.0,273.8960796177239,0.0,0.0,-13.114732984892697,0.0,-1000.0,65.10817602017977,0.0,0.0,0.0,0.0,-35.554088010089885,0.14891823979814944,0.0,0.0,0.0,0.0,0.0,0.0,0.0,0.0,0.0,770.7793923217369,0.0,0.0,0.0,0.0,0.0,0.0,0.0,0.0,0.0,0.08190503188887988,0.08190503188887988,0.0,333.60478410628605,0.0,44.675471939460714,0.0,0.0,0.0,1000.0,0.0,191.2500689406402,0.0,0.0,0.0,560.4045880328921,-1000.0,0.0,0.0,798.2616821925384,0.0,0.0,65.10817602017977,0.0,0.0,0.0,0.0,0.0,0.0,0.0,188.0228719281105,0.0,0.0,0.0,5.7333522322308,0.0,709.1414583054884,0.0,-77.47962889019078,0.0,560.4045880328921,0.0,0.0,524.8505000228022,0.0,0.0,252.49660808610628,0.0,0.0,0.0,0.0,0.0,0.0,0.0,0.0,0.0,0.0,0.0,0.0,0.0,44.675471939460714,0.0,0.0,0.0,0.0,0.0,0.0,0.0,0.0,0.0,0.0,0.0,0.0,0.7445911989910119,0.0,0.0,0.0,0.0,0.0,0.0,0.0,0.0,22.337735969730357,-798.2616821925384,0.0,0.0,0.0,0.0,0.0,0.0,0.0,0.0,0.0,325.4347569288659,-132.37997179147305,0.0,22.337735969730357,22.337735969730357,-771.3675269615736,-1000.0,0.0,65.10817602017977,0.0,0.0,0.0,0.0,0.0,1000.0,273.8960796177239,932.6339337077668,0.07445911989910119,0.0,0.0,-300.4604001407651,398.7943049846567,0.0,0.0,-709.1414583054884,0.0,0.0,0.0,0.0,0.0,0.0,0.0,0.0,0.0,0.0,0.0,0.0,0.0,0.0,0.07445911989910119,0.0,0.0,0.0,641.9778624910023,-641.9778624910023,0.0,0.0,0.0,596.8985214254211,0.0,28.5631033422803,0.0,0.0,-1000.0,-5.584433992432588,-3.7229559949551003,0.0,0.0,0.0,0.0,0.0,0.0,0.0,0.0,0.0,0.0,0.0,0.0,0.0,0.0,0.0,0.0,1000.0,0.0,0.0,0.0,289.31835627994985,0.0,0.0,0.07445911989910119,0.0,0.07445911989910119,0.0,0.0,0.0,44.675471939460714,90.84012627690345,90.84012627690345,0.0,0.0,0.0,0.0,0.0,0.0,61.972597714201925,0.0,0.0,273.8960796177239,0.0,0.0,0.0,0.0,0.0,0.0,0.0,0.0,0.0,0.0,0.0,0.0,0.0,0.0,0.0,0.0,0.0,77.47962889019078,0.0,-57.18499199821122,57.18499199821122,0.11168867984865177,0.0,0.0,0.0,-22.337735969730357,0.0,0.0,0.0,0.0,0.0,-333.60478410628605,3.722955994955059,0.0,0.0,0.0,0.0,-29.092165630295597,33.409494371921625,0.0,0.0,-1000.0,0.0,0.0,0.0,0.0,0.0,0.0,0.0,798.2616821925384,180.68333226738187,81.10817602017977,0.0,50.10817602017976,-7.860331401902052,0.0,0.0,61.972597714201925,-61.972597714201925,213.25228304536918,834.1635138722329,0.0,3.7229559949551003,1000.0,0.0,0.0,0.0,-13.114732984892697,0.0,0.0,0.0,0.0,0.0,0.0,0.0,0.0,0.0,718.3390948234355,-350.3580860835833,90.84012627690345,0.0,0.0,0.0,0.0,0.0,0.0,0.0,0.0,0.0,2.397583660748296,0.0,0.0,0.0,-869.1132971656284,0.0,0.0,22.337735969730357,0.0,0.0,0.0,0.0,220.07346839202606,0.0,0.0,0.08190503188887988,0.0,0.0,0.0,45.420063138451724,0.0,0.0,0.0,0.0,-13.216352040359528,0.0,0.0,0.0,0.0,0.0,0.0,0.0,0.0,0.0,0.0,0.007445911989909959,0.007445911989909959,0.0,0.0,0.0,0.0,0.0,0.0,0.0,0.0,0.0,-300.4604001407651,0.0,0.0,0.0,0.0,0.0,333.60478410628605,0.0,0.0,0.0,0.0,0.0,0.0,0.0,122.29399243478554,0.0,0.0,0.0,0.0,1000.0,-771.480913412212,-694.7031249999944,0.0,0.0,0.0,44.67547193946075,0.0,0.0,0.0,0.0,0.0,955.3245280605393,-1000.0,0.0,0.0,0.0,0.0,0.0,0.0,0.0,0.0,0.0,0.0,0.0,0.0,134.0234175596479,-1000.0,51.00449713088431,0.0,-22.337735969730357,0.0,999.7021635204039,0.0,0.0,0.0,0.0,0.0,0.0,0.0,0.0,0.0,0.0,0.0,0.0,0.0,0.0,0.0,0.0,0.0,-9.307389987387689,0.0,-5.584433992432588,344.77365209115123,0.0,0.0,0.0,0.0,0.0,-0.9307389987387649,0.0,226.36701603026188,0.0,0.0,0.0,0.0,0.0,0.0,0.0,1000.0,22.337735969730357,22.337735969730357,0.0,0.0,0.0,0.0,0.0,0.08190503188887988,333.60478410628605,0.0,0.0,-999.7021635204039,0.0,0.0,0.0,0.0,0.0,0.0,0.0,0.0,0.0,0.0,0.0,0.0,0.0,0.0,0.0,0.0,0.0,0.0,0.0,78.18207589405625,67.70594994643272,0.0,0.0,0.0,0.0,0.0,333.60478410628605,0.0,-37.132450366876725,0.0,0.0,0.0,-9.307389987387689,0.0,0.0,0.0,0.0,0.0,0.0,0.0,0.0,0.0,0.0,0.0,0.0,0.0,0.0,0.0,0.0,0.0,0.0,-0.07445911989910119,0.0,0.0,3.722955994955059,-560.4045880328921,0.0,0.0,0.0,0.0,0.0,0.0,0.0,0.0,6.410930223312479,1.8614779974775295,0.0,0.0,57.18499199821122,0.07445911989910119,0.0,74.45911989910118,-23.08232716872137,14.891823979820238,0.5318508564221512,207.74094451849234,-0.055844339924325886,3.7229559949549866,1.4891823979820238,-0.3722955994951727,-207.74094451849234,22.337735969730357,-0.07445911989910119,2.620110467300684,65.10817602017977,0.018614779974775297,0.5318508564221512,-7.860331401902052,-11.853891887934196,-1.4891823979820238,344.70171936643226,-0.07445911989910119,0.018614779974775297,-207.74094451849234,7.445911989910118,0.07445911989910119,0.07445911989910119,-333.4484199544981,0.08190503188901115,-41.327547254613755,-0.055844339924325886,22.337735969730357,0.07445911989910119,22.337735969730357,-37.22955994955059,-0.03722955994955059,-405.1311487838434,-85.0,-0.055844339924325886,-0.07445911989910119,-23.08232716872137,0.07445911989910119,7.445911989910118,-1.4891823979820238,77.47962889019078,77.47962889019078,-7.445911989910118,-344.70171936643226,-77.47962889019078,14.891823979820236,0.11168867984865177,-773.822323763723,7.445911989910118,-188.0228719281105,65.10817602017977,-14.891823979820236,0.03722955994955059,0.7445911989910119,221.7080139653792,96.0,-0.07445911989910119,-350.3580860835833,333.4484199544981,23.08232716872137,0.07445911989910119,11.853891887934196,-24.242767858741704,65.10817602017977,-0.07445911989910119,-0.018614779974775297,-65.10817602017977,-0.07445911989910119,-35.554088010089885,0.0744591198990063,-0.018614779974775297,-0.018614779974775297,-0.018614779974775297,29.783647959640472,37.22955994955059,0.7445911989910119,55.16490045524293,-0.018614779974775297,440.7959174634577,3.722955994955059,21.5,0.07445911989910119,0.03722955994955059,0.03722955994955059,40.0,23.08232716872137,0.07445911989910119,-23.08232716872137,0.7445911989910119,0.07445911989910119,-55.16490045524293,0.07445911989910119,0.2978364795960715,0.3722955994951727,0.03722955994955059,0.018614779974775297,22.337735969730357,-0.07445911989910119,41.327547254613755,0.7445911989910119,-110.32980091048586,1.8614779974776017,-7.445911989910118,14.891823979820236,3.722955994955059,-0.07445911989910119,7.860331401902052,0.11168867984865177,-0.07445911989910119,-80.0,23.08232716872137,79.47201638131,0.03722955994955059,-43.0,-0.07445911989910119,-0.0744591198990063,-0.07445911989910119,0.03722955994955059,207.74094451849234,-14.891823979820236,0.07445911989910119,443.4160279307584,-0.018614779974775297,-0.08190503188901115,-443.4160279307584,11.168867984865177,85.0,525.0450152667665,207.74094451849234,-0.055844339924325886,350.3580860835833,-96.0,0.07445911989910119,-0.018614779974775293,3.7229559949551003,74.45911989910118,-0.03722955994955059,-0.07445911989910119,0.018614779974775297,0.0,0.0,-226.2149057962265,0.0,-46.0,0.0,-108.0,-31.0,0.0,-32.0,-93.0,-65.0,-1000.0,16.0,23.0,46.5,0.0,15.5,-333.60478410628605,-299.54548477333606,1000.0,65.0,-299.54548477333606,108.0,-45.60157206558421,0.0,1496.5981,hclb
476,0.0,0.0,0.0,0.0,0.0,0.0,0.0,0.0,-0.06249618916517642,0.0,0.0,0.0,0.0,0.0,0.0,0.0,-496.6432958237249,-726.0156250000015,0.0,1000.0,0.0,0.0,0.0,975.3152996330159,0.0,0.0,0.0,0.0,0.0,729.0027999408638,0.0,0.0,16.60339998153772,0.0,0.0,0.0,0.0,-41.44882206586492,0.0,-1000.0,1000.0,0.0,0.0,-597.7559421221886,0.0,0.0,0.0,67.55701677450746,-673.4305353413272,0.0,0.0,-38.82697334637682,0.0,0.06874580808198516,0.0,0.0,0.0,80.05625460754274,0.0,0.0,-23.13959165851992,0.0,1000.0,976.8604083414801,0.0,0.0,0.0,0.0,1000.0,-726.7959749649282,0.0,0.6249618916517643,0.0,0.0,0.0,0.0,0.0,0.0,0.0,0.0,0.0,0.0,-30.503656136736822,0.0,37.497713499105856,0.0,17.63576059937323,410.46627179450047,-229.1534308819865,955.0439018714457,-0.015624047291294105,0.0,0.0,-956.9147534786351,18.748856749552928,0.0,18.748856749552928,0.0,0.0,0.0,0.0,71.8146007021338,-13.417449884620277,0.0,0.0,-13.015434237911592,0.0,830.919759673794,0.0,0.0,0.0,0.0,0.0,0.0,0.0,0.0,0.0,0.0,0.0,0.0,0.0,0.0,0.0,0.0,-504.0789446410072,0.0,0.0,18.748856749552928,0.0,19.373818641204693,2.1354174635375927,0.0,859.4911407280069,-859.4911407280069,0.0,0.0,0.0,859.2223981249729,-859.2223981249729,0.0,0.0,0.0,0.0,0.0,0.0,52.95162330182855,0.06249618916517642,0.0,0.0,0.0,0.0,0.0,0.0,0.0,30.503656136736822,0.0,352.8737856325649,0.0,0.0,0.0,0.0,0.0,613.1350718978825,613.1350718978825,0.0,0.0,0.0,-341.1458333333333,0.0,0.0,0.0,613.1975680870477,0.0,0.0,0.0,0.0,-6.234098812058367,0.0,0.0,0.0,0.0,0.0,0.0,0.0,0.0,0.0,0.0,0.0,0.0,0.0,0.0,-1000.0,0.0,0.0,0.0,0.0,0.0,0.0,38.82697334637682,229.1534308819865,-229.1534308819865,0.0,0.0,0.0,0.0,0.0,0.0,0.0,742.4202498254841,-955.3112614786824,0.0,0.0,0.0,0.0,0.0,0.0,0.0,0.0,0.0,0.0,0.0,0.0,0.0,303.5637778044563,9.321388255267479,402.2440578778114,0.0,0.0,0.0,0.0,11.411942237958824,0.0,0.0,0.0,0.0,-23.13959165851992,1000.0,0.0,0.0,0.0,0.0,0.0,0.0,0.0,0.0,676.8377007956009,0.0,0.0,0.0,458.306861763973,0.0,5.016140681536598,0.0,-402.2440578778114,0.0,0.0,0.0,-923.7546492184847,0.0,0.0,0.0,-386.3265794771256,0.0,0.0,-280.90435301297066,719.0956469870295,719.0956469870295,-1000.0,0.0,0.0,0.0,0.0,727.2750960824353,0.0,0.0,167.22326045995862,0.0,0.0,0.0,816.3388758384016,0.0,-816.3388758384016,0.0,1000.0,0.0,0.0,0.0,-341.14583333333326,0.0,0.0,-23.13959165851992,-0.09374428374776464,0.0,0.0,0.0,0.0,0.06249618916517642,0.0,0.0,0.0,293.0015002168874,-496.6432958237249,0.0,-838.6060932544968,165.4552245496406,6.234098812058367,951.2480945825882,0.0,1000.0,0.0,-13.015434237911592,0.0,0.0,0.0,-5.38092188712198,0.0,-994.619078112878,-1000.0,-1000.0,0.0,0.0,0.0,0.0,0.0,0.0,0.0,0.0,0.0,0.0,0.0,0.0,0.0,0.0,0.0,0.0,0.0,855.2965536809025,0.0,896.4953909901066,30.503656136736822,0.0,674.8253235044821,0.0,0.0,914.1374066547436,-729.7893240974295,0.0,0.0,0.0,0.0,68.68979124387498,0.0,0.0,-347.98048564462505,0.0,-1000.0,-1000.0,-200.59674892551962,910.467959401968,0.0,0.0,310.5107805644287,1000.0,-1.5624047291294105,197.4719394672608,-101.55737019874528,0.0,0.0,181.75641319069064,975.0017519031912,18.748856749552928,0.0,0.0,0.0,0.0,0.0,0.0,0.0,-303.5637778044563,303.5637778044563,303.5637778044563,93.51619640487631,0.0,0.0,-439.8347060894024,0.0,0.0,742.4202498254841,0.0,0.0,-11.007662118293261,0.0,0.0,67.50076216696472,0.0,0.0,0.0,0.0,-9.42746849428545,0.12499237833071675,0.0,0.0,0.0,0.0,0.0,0.0,0.0,0.0,0.0,0.0,0.0,0.0,0.0,0.0,0.0,0.0,0.0,0.0,0.0,0.06874580808198516,0.06874580808198516,0.0,387.064539971421,0.0,37.497713499105856,0.0,134.1560948558272,0.0,1000.0,0.0,0.0,17.63576059937323,0.0,0.0,491.344611917005,-1000.0,0.0,0.0,0.0,0.0,0.0,67.50076216696472,0.0,0.0,0.0,0.0,0.0,0.0,0.0,168.02631488033572,-293.0015002168874,0.0,0.0,22.44796716509173,0.0,-956.9147534786351,0.0,-11.411942237958824,0.0,491.344611917005,0.0,1000.0,-518.0828565772804,0.0,0.0,303.5637778044563,0.0,0.0,0.0,0.0,0.0,0.0,0.0,0.0,0.0,0.0,0.0,0.0,0.0,37.497713499105856,0.0,0.0,0.0,0.0,0.0,0.0,0.0,0.0,0.0,0.0,0.0,0.0,0.6249618916517643,0.0,0.0,17.63576059937323,-17.63576059937323,0.0,38.82697334637682,0.0,0.0,18.748856749552928,0.0,0.0,0.0,0.0,0.0,0.0,0.0,0.0,0.0,0.0,-772.9844979644149,-721.274538275897,0.0,18.748856749552928,18.748856749552928,1000.0,-1000.0,0.0,67.50076216696472,0.0,0.0,0.0,0.0,0.0,13.417449884620277,742.4202498254841,-341.8950180991735,0.06249618916517642,0.0,0.0,0.0,73.9934759654887,0.0,0.0,956.9147534786351,0.0,0.0,0.0,0.0,0.0,0.0,0.0,0.0,0.0,0.0,0.0,0.0,0.0,0.0,0.06249618916517642,0.0,0.0,0.0,-1000.0,1000.0,0.0,0.0,0.0,0.0,0.0,-54.9640005929474,0.0,0.0,41.19883730920401,-4.687214187388236,-3.124809458258821,0.0,0.0,359.375,359.375,-359.375,0.0,0.0,0.0,0.0,0.0,0.0,0.0,0.0,6.234098812058367,0.0,0.0,978.1265613614501,0.0,0.0,0.0,-0.06249618916517642,0.0,0.0,0.06249618916517642,0.0,0.06249618916517642,0.0,273.2040250350718,0.0,37.497713499105856,76.24535078151524,76.24535078151524,0.0,0.0,0.0,0.0,0.0,0.0,0.0,0.0,0.0,742.4202498254841,0.0,0.0,0.0,0.0,0.0,0.0,0.0,0.0,0.0,0.0,0.0,0.0,0.0,0.0,0.0,0.0,0.0,11.411942237958824,0.0,0.0,0.0,0.09374428374776464,0.0,0.0,0.0,-18.748856749552928,0.0,0.0,0.0,0.0,0.0,-387.064539971421,3.124809458258821,0.0,0.0,0.0,341.14583333333326,0.0,-55.23173923815857,0.0,0.0,0.0,0.0,0.0,0.0,0.0,0.0,0.0,0.0,0.0,-126.56355087143959,83.50076216696472,0.0,52.50076216696472,-13.015434237911592,0.0,-785.021063335588,0.0,785.021063335588,30.503656136736822,-1000.0,134.1560948558272,3.124809458258821,735.1957156641762,0.0,0.0,0.0,-46.279183317039724,-883.0953982469093,883.0953982469093,0.0,0.0,0.0,0.0,0.0,0.0,0.0,391.75175415880926,-401.12618253358573,76.24535078151524,0.0,0.0,0.0,0.0,0.0,0.0,0.0,0.0,0.0,676.8377007956009,0.0,0.0,0.0,-73.9934759654887,1000.0,0.0,18.748856749552928,17.63576059937323,0.0,0.0,0.0,192.53649345124703,0.0,0.0,0.06874580808198516,0.0,0.0,0.0,38.12267539075762,0.0,0.0,0.0,0.0,9.321388255267479,0.0,0.0,0.0,0.0,0.0,0.0,0.0,0.0,452.1155247118596,0.0,0.006249618916517541,0.006249618916517541,0.0,0.0,0.0,0.0,0.0,0.0,0.0,0.0,0.0,0.0,0.0,0.0,0.0,0.0,0.0,387.064539971421,0.0,0.0,0.0,0.0,0.0,0.0,0.0,0.0,0.0,0.0,0.0,35.27152119874646,0.0,99.38494244003516,-726.0156250000015,0.0,0.0,0.0,37.497713499105856,0.0,0.0,0.0,0.0,0.0,0.0,-37.497713499105856,0.0,35.27152119874646,0.0,0.0,0.0,0.0,0.0,0.0,0.0,0.0,0.0,0.0,341.8950180991735,-1000.0,42.80988957814584,-18.748856749552928,0.0,0.0,-41.44882206586492,0.0,0.0,0.0,0.0,0.0,0.0,0.0,0.0,0.0,0.0,0.0,0.0,0.0,0.0,0.0,0.0,134.1560948558272,-7.812023645647059,0.0,-73.37700543126321,396.4389683461975,0.0,0.0,0.0,0.0,0.0,-0.7812023645647054,0.0,41.51131825503009,0.0,0.0,0.0,0.0,0.0,0.0,0.0,1000.0,18.748856749552928,18.748856749552928,0.0,0.0,0.0,0.0,0.0,0.06874580808198516,387.064539971421,0.0,0.0,41.44882206586492,0.0,0.0,0.0,0.0,0.0,0.0,0.0,0.0,0.0,0.0,0.0,0.0,0.0,0.0,136.6020125175359,0.0,0.0,2.1354174635375927,0.0,65.62099862343524,22.44796716509173,0.0,0.0,0.0,0.0,0.0,387.064539971421,0.0,726.9322532843818,0.0,0.0,0.0,-7.812023645647059,0.0,0.0,0.0,0.0,0.0,0.0,0.0,0.0,0.0,0.0,0.0,0.0,0.0,0.0,0.0,0.0,0.0,0.0,-0.06249618916517642,0.0,0.0,3.124809458258821,-491.344611917005,0.0,0.0,0.0,0.0,0.0,0.0,0.0,0.0,5.38092188712198,1.5624047291294105,0.0,0.0,0.0,0.06249618916517642,0.0,62.49618916517642,-17.2384011776671,12.499237833035286,0.44640135117983154,178.63520269791744,-0.04687214187388232,37.46970508019631,1.2499237833035286,-0.3124809458260841,-178.63520269791744,18.748856749552928,-0.06249618916517642,4.338478079303864,67.50076216696472,0.015624047291294105,0.4464013511798316,-13.015434237911592,-27.5851539144694,-1.2499237833035286,222.65892082372636,-0.06249618916517642,0.015624047291294105,-178.63520269791744,6.249618916517642,0.06249618916517642,0.06249618916517642,-386.93329797417385,-17.567014791291538,0.0,-0.04687214187388232,18.748856749552928,0.06249618916517642,18.748856749552928,-31.248094582588212,-0.03124809458258821,-326.8429171567417,-17.724057343641647,-0.04687214187388232,-0.06249618916517642,-17.2384011776671,0.06249618916517642,6.249618916517642,-1.2499237833035286,11.411942237958824,11.411942237958824,-6.249618916517642,-222.65892082372636,-11.411942237958824,12.499237833035284,0.09374428374776464,-1000.0,6.249618916517642,-168.02631488033572,67.50076216696472,-12.499237833035284,0.03124809458258821,0.6249618916517643,209.6515233136242,96.0,-0.06249618916517642,-401.12618253358573,386.93329797417385,19.373818641204693,0.06249618916517642,27.5851539144694,-7.4946648312469275,67.50076216696472,-0.06249618916517642,-0.015624047291294105,-67.50076216696472,-0.06249618916517642,-9.42746849428545,0.062496189165062735,-0.015624047291294105,-0.015624047291294105,-0.015624047291294105,24.99847566607057,31.248094582588212,0.6249618916517643,46.301864147749306,-0.015624047291294105,414.96456854794457,3.124809458258821,7.838543705401546,0.06249618916517642,0.03124809458258821,0.03124809458258821,40.0,17.2384011776671,0.06249618916517642,-17.2384011776671,0.6249618916517643,0.06249618916517642,-46.301864147749306,0.06249618916517642,0.24998475666095032,0.3124809458260841,0.03124809458258821,0.015624047291294105,18.748856749552928,-0.06249618916517642,0.0,0.6249618916517643,-92.60372829549861,35.9073003510669,-6.249618916517642,12.499237833035284,3.124809458258821,-0.06249618916517642,13.015434237911592,0.09374428374776464,-0.06249618916517642,-80.0,17.2384011776671,8.418815719704554,0.03124809458258821,-15.67708741080309,-0.06249618916517642,-0.062496189165062735,-0.06249618916517642,0.03124809458258821,178.63520269791744,-12.499237833035284,0.06249618916517642,419.3030466272484,-0.015624047291294105,17.567014791291538,-419.3030466272484,9.374428374776462,17.724057343641647,662.167326231469,178.63520269791744,-0.04687214187388232,401.12618253358573,-96.0,0.06249618916517642,-0.015624047291294109,3.124809458258821,62.49618916517642,-0.03124809458258821,-0.06249618916517642,0.015624047291294105,0.0,0.0,44.92485003397176,0.0,-46.0,0.0,15.638410247989256,-31.0,0.0,-32.0,-93.0,-65.0,-955.0439018714457,16.0,23.0,46.5,0.0,15.5,-387.064539971421,-200.95530917095158,955.0439018714457,65.0,-200.95530917095158,-15.638410247989253,8.441728081359269,0.0,1496.5981,hclb
477,0.0,0.0,0.0,0.0,0.0,0.0,0.0,0.0,201.98444749531794,0.0,0.0,0.0,0.0,0.0,0.0,0.0,-415.12163428000895,0.0,0.0,550.2855853692163,0.0,0.0,0.0,128.43328581343962,0.0,0.0,0.0,0.0,0.0,-1000.0,0.0,0.0,12.22972091763063,0.0,0.0,0.0,0.0,419.4130446875756,0.0,-1000.0,1000.0,0.0,0.0,0.0,0.0,0.0,0.0,0.0,0.0,-546.1910417446232,0.0,-704.0316738617587,0.0,0.08596907836956191,0.0,0.0,0.0,0.0,0.0,0.0,-6.8827365167747985,0.0,-867.7565285021533,-874.6392650189281,0.0,0.0,0.0,0.0,0.0,0.0,0.0,0.7815370760910796,0.0,0.0,0.0,0.0,0.0,0.0,0.0,0.0,0.0,0.0,0.0,0.0,46.89222456546478,0.0,0.0,71.11111882284946,-104.00584923310201,0.0,-0.01953842690227699,0.0,0.0,0.0,23.44611228273239,0.0,23.44611228273239,-433.100364013516,0.0,0.0,0.0,3.9076853804553977,-1000.0,0.0,0.0,-17.04308214420854,0.0,0.0,0.0,0.0,0.0,0.0,0.0,0.0,0.0,0.0,0.0,0.0,0.0,0.0,0.0,0.0,0.0,0.0,-532.951468019317,0.0,0.0,23.44611228273239,0.0,24.22764935882347,0.0,0.0,-139.2984884580885,139.2984884580885,0.0,0.0,0.0,0.0,0.0,0.0,0.0,0.0,0.0,0.0,0.0,6.017835485901344,0.07815370760910796,0.0,0.0,0.0,0.0,-31.594186377775358,0.0,0.0,0.0,0.0,489.1548416668099,0.0,0.0,0.0,0.0,0.0,688.053121530144,688.053121530144,0.0,0.0,0.0,0.0,868.7423752079133,0.0,0.0,688.1312752377531,0.0,0.0,0.0,223.42611245457698,0.0,0.0,0.0,0.0,0.0,0.0,0.0,0.0,0.0,0.0,0.0,0.0,0.0,0.0,0.0,-100.55258781421249,0.0,0.0,0.0,0.0,0.0,546.1910417446232,704.0316738617587,224.85720731539186,-224.85720731539186,0.0,0.0,0.0,0.0,0.0,0.0,0.0,0.0,-928.8057685951848,0.0,0.0,0.0,0.0,0.0,0.0,0.0,0.0,0.0,0.0,0.0,0.0,0.0,317.7662109046229,19.855669421418543,711.0899604182503,0.0,0.0,0.0,0.0,77.1064755314801,0.0,0.0,0.0,0.0,-6.8827365167747985,711.0899604182503,0.0,0.0,0.0,0.0,0.0,0.0,0.0,0.0,0.0,15.63074152182159,0.0,0.0,-415.23886484142247,-744.1019213899164,1000.0,0.0,-711.0899604182503,0.0,0.0,0.0,0.0,0.0,0.0,0.0,265.21892970710746,0.0,0.0,0.0,0.0,895.928711432573,-895.9287114325726,895.928711432573,0.0,120.85135808228985,0.0,0.0,546.1910417446232,0.0,140.94236869793113,0.0,0.0,0.0,0.0,0.0,0.0,0.0,687.974967822535,0.0,0.0,0.0,0.0,0.0,0.0,-6.8827365167747985,-0.11723056141366192,0.0,0.0,0.0,0.0,0.07815370760910796,0.0,0.0,0.0,0.0,-415.12163428000895,0.0,-1000.0,191.66689024891002,0.0,959.076853804554,0.0,361.3514825014711,0.0,-17.04308214420854,0.0,0.0,0.0,-6.729034225143737,0.0,-354.6224482763274,-569.6889592322935,-1000.0,0.0,0.0,0.0,0.0,0.0,0.0,0.0,0.0,0.0,0.0,0.0,0.0,0.0,0.0,0.0,0.0,0.0,0.0,0.0,-1000.0,0.0,580.2743404819894,430.5838146285034,0.0,0.0,0.0,-6.017835485901344,0.0,0.0,0.0,0.0,0.0,0.0,0.0,-63.08101085253127,0.0,0.0,-223.98852600770346,-3.9076853804553977,0.0,249.38848098066353,0.0,59.17332547207588,0.0,-1.9538426902276989,0.0,0.0,0.0,-49.40411202093739,0.0,45.49642664048199,23.44611228273239,671.8750000000007,-671.8750000000007,0.0,0.0,0.0,202.06260120292706,1000.0,682.2337890953771,-682.2337890953771,-682.2337890953771,94.41234062238695,0.0,46.89222456546477,0.0,0.0,0.0,0.0,0.0,0.0,-13.765473033549506,0.0,0.0,64.36925847817841,0.0,0.0,0.0,0.0,-35.184629239089205,0.15630741521704294,0.0,0.0,0.0,0.0,0.0,0.0,0.0,0.0,0.0,0.0,0.0,0.0,0.0,0.0,0.0,0.0,0.0,0.0,0.0,0.08596907836956191,0.08596907836956191,0.0,398.13546938280126,0.0,46.89222456546478,0.0,0.0,0.0,1000.0,0.0,157.43543534915074,0.0,0.0,0.0,607.2738268772736,-1000.0,0.0,0.0,0.0,0.0,0.0,64.36925847817841,0.0,0.0,0.0,0.0,0.0,0.0,0.0,177.65048933977232,0.0,31.594186377775358,0.0,6.017835485901344,0.0,0.0,0.0,-77.1064755314801,0.0,607.2738268772736,0.0,0.0,572.0891976381844,0.0,0.0,317.7662109046229,0.0,0.0,0.0,0.0,0.0,0.0,0.0,0.0,0.0,0.0,0.0,0.0,0.0,46.89222456546478,0.0,0.0,0.0,0.0,0.0,0.0,0.0,0.0,0.0,0.0,0.0,0.0,0.7815370760910796,0.0,0.0,0.0,0.0,0.0,704.0316738617587,0.0,0.0,23.44611228273239,0.0,0.0,0.0,0.0,0.0,0.0,0.0,0.0,0.0,0.0,152.03570551139023,0.0,0.0,23.446112282732386,23.44611228273239,1000.0,-1000.0,0.0,64.36925847817841,0.0,0.0,0.0,0.0,0.0,569.6889592322935,0.0,851.6379926149232,0.07815370760910796,0.0,0.0,-429.68749999999943,532.9006357131992,0.0,0.0,0.0,0.0,0.0,0.0,0.0,0.0,0.0,0.0,0.0,0.0,0.0,0.0,0.0,0.0,0.0,0.07815370760910796,0.0,0.0,0.0,0.0,0.0,0.0,0.0,0.0,580.2743404819894,0.0,424.56597914260203,0.0,0.0,-1000.0,-5.861528070683097,-3.4892274679741715,-0.4184579124812262,0.0,328.12499999999994,328.12499999999994,-328.125,0.0,0.0,0.0,0.0,0.0,0.0,0.0,0.0,0.0,0.0,0.0,0.0,0.0,0.0,0.0,201.98444749531794,0.0,0.0,0.07815370760910796,0.0,0.07815370760910796,0.0,0.0,0.0,46.89222456546478,95.34752328311171,95.34752328311171,0.0,0.0,0.0,0.0,0.0,0.0,0.0,31.594186377775358,0.0,0.0,0.0,0.0,0.0,0.0,0.0,0.0,0.0,0.0,0.0,0.0,0.0,0.0,0.0,0.0,0.0,0.0,0.0,77.1064755314801,0.0,0.0,0.0,0.11723056141366192,0.0,0.0,0.0,-23.44611228273239,0.0,0.0,0.0,0.0,0.0,-398.13546938280126,3.9076853804553977,0.0,0.0,0.0,0.0,-868.7423752079133,-662.9348129756629,-0.4184579124812262,0.0,0.0,0.0,0.0,0.0,0.0,0.0,0.0,0.0,0.0,0.0,80.36925847817841,0.0,80.96344485595377,-17.04308214420854,0.0,-668.9526484615642,0.0,668.9526484615642,0.0,-95.34752328311171,0.0,3.9076853804553977,749.948393824293,0.0,0.0,0.0,-13.765473033549506,0.0,0.0,0.0,0.0,0.0,0.0,0.0,0.0,0.0,403.99699745348437,-415.7200535948506,95.34752328311171,0.0,0.0,0.0,0.0,0.0,0.0,0.0,0.0,0.0,0.0,0.0,0.0,0.0,-103.21313571319979,0.0,0.0,23.44611228273239,0.0,0.0,0.0,0.0,299.0907716403408,0.0,0.0,0.08596907836956191,0.0,0.0,0.0,47.673761641555856,0.0,0.0,0.0,0.0,19.855669421418543,0.0,0.0,0.0,0.0,0.0,0.0,0.0,0.0,0.0,0.0,0.007815370760910767,0.007815370760910767,0.0,0.0,0.0,0.0,0.0,0.0,0.0,0.0,0.0,-429.68749999999943,0.0,0.0,0.0,0.0,0.0,398.13546938280126,0.0,0.0,0.0,0.0,0.0,0.0,0.0,546.1910417446232,0.0,0.0,0.0,0.0,821.624780916963,-397.55079024600593,0.0,0.0,0.0,0.0,46.89222456546477,0.0,0.0,0.0,0.0,0.0,500.5241935982909,-547.4164181637557,0.0,0.0,0.0,0.0,0.0,0.0,0.0,0.0,0.0,0.0,0.0,0.0,-1000.0,-1000.0,53.53528971223894,762.8420747111234,-786.2881869938558,0.0,999.687385169565,0.0,0.0,0.0,0.0,0.0,0.0,0.0,0.0,0.0,0.0,0.0,0.0,0.0,0.0,0.0,0.0,0.0,-9.769213451138494,0.0,-5.861528070683097,409.8585255241675,0.0,0.0,0.0,0.0,0.0,-858.4620862834795,857.4851649383656,13.765473033549506,0.0,0.0,0.0,0.0,0.0,0.0,0.0,851.6379926149232,23.44611228273239,23.446112282732386,0.0,0.0,0.0,0.0,0.0,0.08596907836956191,398.13546938280126,0.0,0.0,-999.687385169565,0.0,0.0,0.0,0.0,0.0,0.0,0.0,0.0,0.0,0.0,0.0,0.0,0.0,0.0,0.0,0.0,0.0,0.0,0.0,82.06139298956336,6.017835485901344,0.0,0.0,0.0,0.0,0.0,398.13546938280126,0.0,656.9290361226762,0.0,0.0,0.0,-9.769213451138494,0.0,0.0,0.0,0.0,0.0,0.0,0.0,0.0,0.0,0.0,0.0,0.0,0.0,0.0,0.0,0.0,0.0,0.0,-0.07815370760910796,0.0,0.0,3.9076853804553977,-607.2738268772736,0.0,0.0,0.0,0.0,0.0,0.0,0.0,0.0,6.729034225143737,1.9538426902276989,0.0,0.0,0.0,0.07815370760910796,0.0,78.15370760910795,-24.22764935882347,15.63074152182159,0.5582407686364853,218.04884422941123,-0.05861528070683096,3.9076853804554013,1.5630741521821592,-0.39076853804410333,-218.04884422941123,23.446112282732386,-0.07815370760910796,5.6810273814028465,64.36925847817841,0.01953842690227699,0.5582407686364854,-17.04308214420854,-12.442070251369255,-1.5630741521821592,-135.16395108920733,-0.07815370760910796,0.01953842690227699,-218.04884422941123,7.815370760910795,0.07815370760910796,0.07815370760910796,-397.9713465968226,0.08596907837001873,-13.32818586830274,-0.05861528070683096,23.44611228273239,0.07815370760910796,23.44611228273239,-39.07685380455398,-0.03907685380455398,-441.74049151009007,-85.0,-0.058615280706830974,-0.07815370760910796,-24.22764935882347,0.07815370760910796,7.815370760910795,-1.5630741521821592,77.1064755314801,77.1064755314801,-7.815370760910795,135.16395108920733,-77.1064755314801,15.63074152182159,0.11723056141366195,618.3361833159087,7.815370760910795,-177.65048933977232,64.36925847817841,-15.63074152182159,0.03907685380455398,0.7815370760910796,250.0,96.0,-0.07815370760910796,-415.7200535948506,397.9713465968226,24.22764935882347,0.07815370760910796,12.442070251369255,-29.41519065275122,64.36925847817841,-0.07815370760910796,-0.01953842690227699,-64.36925847817841,-0.07815370760910796,-35.184629239089205,0.0781537076087669,-0.01953842690227699,-0.01953842690227699,-0.01953842690227699,31.26148304364318,39.07685380455398,0.7815370760910796,57.90212812489643,-0.01953842690227699,494.3189726185972,3.9076853804553977,21.5,0.07815370760910796,0.03907685380455398,0.03907685380455398,40.0,24.22764935882347,0.07815370760910796,-24.22764935882347,0.7815370760910796,0.07815370760910796,-57.90212812489643,0.07815370760910796,0.3126148304349954,0.39076853804410333,0.03907685380455398,0.01953842690227699,23.44611228273239,-0.07815370760910796,13.32818586830274,0.7815370760910796,-115.80425624979286,1.9538426902276953,-7.815370760910795,15.63074152182159,3.9076853804553977,-0.07815370760910796,17.04308214420854,0.11723056141366192,-0.07815370760910796,-80.0,24.22764935882347,-205.41701291052294,0.03907685380455398,-43.0,-0.07815370760910796,-0.0781537076087669,-0.07815370760910796,0.03907685380455398,218.04884422941123,-15.63074152182159,0.07815370760910796,500.0,-0.01953842690227699,-0.08596907837001873,-500.0,11.723056141366191,85.0,-527.558340118718,218.04884422941123,-0.058615280706830974,415.7200535948506,-96.0,0.07815370760910796,-0.019538426902276994,3.9076853804553977,78.15370760910795,-0.03907685380455398,-0.07815370760910796,0.01953842690227699,0.0,0.0,-739.226618252003,0.0,-46.0,0.0,-108.0,-31.0,0.0,-32.0,-93.0,-65.0,-120.85135808228985,16.0,23.0,46.5,0.0,15.5,-398.13546938280126,-93.67375872981783,120.85135808228985,65.0,-93.67375872981783,108.0,-43.20009005407979,0.0,1496.5981,hclb
478,0.0,0.0,0.0,0.0,0.0,0.0,0.0,0.0,250.04340425594717,0.0,0.0,0.0,0.0,0.0,0.0,0.0,523.668371806966,1.6898689156003002,0.0,0.0,0.0,0.0,0.0,3.3634893861889807,0.0,0.0,0.0,0.0,0.0,-805.0787171583029,0.0,0.0,770.6558732108775,0.0,0.0,0.0,0.0,922.2859015511048,0.0,-1000.0,1000.0,0.0,0.0,826.7863773955193,0.0,0.0,716.6503927795767,375.0120727949792,253.17823209011488,-387.0284076242476,0.0,798.5542641342972,0.0,0.052819579842434905,0.0,0.0,0.0,384.6156327663165,0.0,0.0,66.62198668200017,0.0,0.0,-145.93027608613806,0.0,0.0,0.0,0.0,0.0,0.0,0.0,0.48017799856686544,0.0,0.0,0.0,0.0,0.0,0.0,0.0,0.0,0.0,0.0,0.0,0.0,28.810679914011928,0.0,0.0,989.3498475727308,-768.1762189969998,827.8529839538012,886.3054321369411,0.0,0.0,0.0,14.405339957005964,0.0,14.405339957005964,-1.5461731553859863,0.0,0.0,0.0,2.400889992834327,-805.0787171583029,0.0,0.0,-22.712342212499493,0.0,0.0,0.0,0.0,0.0,0.0,0.0,0.0,0.0,0.0,0.0,0.0,0.0,0.0,0.0,0.0,0.0,0.0,-618.4083344034948,0.0,0.0,14.405339957005964,0.0,14.88551795557283,5.672330150456602,0.0,0.0,0.0,0.0,0.0,787.4477372318618,0.0,0.0,-1000.0,0.0,0.0,0.0,0.0,0.0,3.697370588964863,0.04801779985668654,886.3174365869053,0.0,0.0,-732.3309772799948,0.0,0.0,0.0,0.0,0.0,15.57065096294671,0.0,0.0,0.0,0.0,0.0,283.39762502028,283.39762502028,0.0,0.0,0.0,0.0,-722.7967730961856,0.0,0.0,283.44564282013664,0.0,0.0,0.0,-1000.0,-614.0801644571203,0.0,0.0,0.0,0.0,0.0,0.0,0.0,0.0,0.0,-1000.0,0.0,0.0,0.0,0.0,-1000.0,0.0,0.0,0.0,0.0,0.0,387.0284076242476,-798.5542641342972,-59.676764956801435,59.676764956801435,212.55226276813818,0.0,0.0,0.0,0.0,0.0,0.0,0.0,-218.2748076734283,0.0,0.0,0.0,0.0,0.0,0.0,0.0,0.0,0.0,0.0,0.0,0.0,0.0,123.60524768737496,708.5380972226694,826.7863773955193,0.0,0.0,0.0,0.0,-12.197748586234674,0.0,0.0,0.0,0.0,66.62198668200017,0.0,0.0,0.0,0.0,0.0,0.0,0.0,0.0,0.0,0.0,0.0,0.0,0.0,708.4994540401983,0.0,384.29705057174704,0.0,-826.7863773955193,0.0,0.0,212.55226276813818,-8.261304971571008,0.0,0.0,0.0,117.82405562718782,0.0,0.0,-1000.0,0.0,0.0,-1000.0,0.0,0.0,-827.8529839538012,0.0,-501.9607115697495,387.0284076242476,0.0,-55.040192280834844,0.0,0.0,0.0,0.0,0.0,0.0,0.0,1000.0,0.0,0.0,0.0,0.0,0.0,0.0,66.62198668200017,-0.07202669978502982,0.0,0.0,0.0,0.0,0.04801779985668654,0.0,0.0,0.0,785.2401458610906,523.668371806966,0.0,-307.6257039294498,152.7552129784159,614.0801644571203,944.0088999283432,0.0,0.0,0.0,-22.712342212499493,0.0,0.0,0.0,-4.13433256766079,0.0,4.13433256766079,1000.0,-947.8792191681072,0.0,0.0,0.0,0.0,0.0,0.0,0.0,0.0,0.0,0.0,0.0,0.0,0.0,0.0,0.0,0.0,0.0,-77.52202724946812,0.0,-1000.0,0.0,0.0,0.0,0.0,0.0,0.0,-3.697370588964863,0.0,0.0,0.0,177.16391154974855,0.0,0.0,0.0,199.10820371601451,0.0,0.0,0.0,161.26821666812182,649.1219821632778,-895.0761937877155,0.0,-201.50909370884884,0.0,-1.2004449964171635,-163.66910666095615,-148.96367469017684,0.0,-456.31609544312255,-135.56112328167393,0.0,14.405339957005964,765.6250000000007,-765.6250000000007,0.0,0.0,0.0,250.09142205580386,0.0,-123.60524768737496,123.60524768737496,123.60524768737496,-657.3206265590477,0.0,0.0,0.0,0.0,0.0,0.0,0.0,0.0,-79.30828940413788,0.0,984.375,70.3964400286627,0.0,0.0,0.0,0.0,-38.19822001433135,0.09603559971355935,0.0,0.0,0.0,0.0,0.0,0.0,0.0,0.0,0.0,0.0,0.0,0.0,0.0,0.0,0.0,0.0,0.0,0.0,0.0,0.052819579842434905,0.052819579842434905,0.0,210.00168771603765,0.0,28.810679914011928,0.0,0.0,0.0,1000.0,0.0,0.0,0.0,0.0,0.0,-395.3721462548925,-1000.0,0.0,0.0,0.0,0.0,0.0,70.3964400286627,0.0,0.0,0.0,0.0,0.0,0.0,0.0,206.1361114678316,-785.2401458610906,732.3309772799948,0.0,3.697370588964863,0.0,0.0,0.0,-200.3545141819035,0.0,-395.3721462548925,0.0,503.12865491561047,-936.6990211848344,0.0,0.0,123.60524768737496,0.0,0.0,0.0,0.0,0.0,0.0,0.0,0.0,0.0,0.0,0.0,0.0,0.0,28.810679914011928,212.55226276813823,212.55226276813818,0.0,0.0,0.0,0.0,0.0,0.0,0.0,0.0,0.0,0.0,0.48017799856686544,0.0,0.0,0.0,0.0,0.0,-798.5542641342972,0.0,0.0,14.405339957005964,0.0,0.0,0.0,0.0,0.0,0.0,0.0,0.0,0.0,0.0,0.0,0.0,0.0,14.405339957005964,14.405339957005964,1000.0,-1000.0,0.0,70.3964400286627,0.0,0.0,0.0,0.0,0.0,730.1954255047316,0.0,1000.0,0.04801779985668654,0.0,0.0,0.0,40.72504379462197,763.4294088002099,0.0,0.0,0.0,0.0,0.0,0.0,0.0,0.0,0.0,0.0,0.0,0.0,0.0,0.0,0.0,0.0,0.04801779985668654,0.0,0.0,0.0,0.0,0.0,0.0,0.0,0.0,0.0,0.0,-3.6973705889648656,0.0,0.0,-922.4779727505319,-3.6013349892514905,-2.400889992834326,0.0,0.0,-109.37500000000001,-109.37500000000001,109.37500000000001,0.0,0.0,0.0,0.0,0.0,0.0,0.0,212.55226276813823,614.0801644571203,0.0,0.0,-453.9152054502882,0.0,0.0,0.0,250.04340425594717,0.0,0.0,0.04801779985668654,0.0,0.04801779985668654,0.0,0.0,0.0,28.810679914011928,58.58171582515759,58.58171582515759,0.0,0.0,0.0,0.0,0.0,0.0,0.0,732.3309772799948,0.0,0.0,0.0,0.0,0.0,0.0,0.0,0.0,0.0,0.0,0.0,0.0,0.0,0.0,0.0,0.0,0.0,0.0,0.0,200.3545141819035,0.0,0.0,0.0,0.07202669978502982,0.0,0.0,0.0,-14.405339957005964,0.0,0.0,0.0,0.0,0.0,-210.00168771603765,2.400889992834327,0.0,0.0,0.0,0.0,722.7967730961856,93.5432064056732,0.0,0.0,984.375,0.0,0.0,0.0,0.0,0.0,212.55226276813823,0.0,0.0,43.61152809364928,86.3964400286627,0.0,787.7274173086576,740.7170665877104,0.0,89.84583581670834,0.0,-89.84583581670834,0.0,-66.8430207967286,0.0,2.400889992834326,1000.0,0.0,0.0,0.0,-79.30828940413788,0.0,0.0,128.18424997523118,-128.18424997523118,0.0,0.0,0.0,0.0,0.0,1000.0,-7.202669978503081,58.58171582515759,0.0,0.0,0.0,0.0,0.0,0.0,0.0,0.0,0.0,0.0,0.0,0.0,213.60302270528913,-40.72504379462197,0.0,0.0,14.405339957005964,0.0,0.0,0.0,0.0,-94.85920377105111,0.0,0.0,0.052819579842434905,0.0,0.0,0.0,29.290857912578794,0.0,0.0,0.0,0.0,708.5380972226694,0.0,0.0,0.0,0.0,0.0,0.0,0.0,0.0,-38.98266052124811,0.0,0.00480177998565523,0.004801779985668553,0.0,0.0,0.0,0.0,0.0,0.0,0.0,0.0,0.0,0.0,0.0,0.0,0.0,0.0,0.0,210.00168771603765,0.0,0.0,0.0,0.0,0.0,0.0,0.0,387.0284076242476,0.0,0.0,0.0,0.0,0.0,0.0,1.6898689156003002,0.0,0.0,0.0,28.810679914011928,0.0,0.0,0.0,0.0,0.0,0.0,-28.810679914011928,0.0,0.0,0.0,0.0,0.0,0.0,0.0,0.0,0.0,0.0,0.0,0.0,-1000.0,925.1167083464288,32.8921929018303,-837.0808906778709,822.675550720865,0.0,922.2859015511048,0.0,0.0,0.0,0.0,0.0,0.0,0.0,0.0,0.0,0.0,0.0,0.0,0.0,0.0,0.0,0.0,0.0,-6.002224982085817,212.55226276813818,-3.6013349892514905,3.6013349892516544,0.0,0.0,0.0,0.0,0.0,0.0,-0.6002224982085818,79.30828940413788,0.0,0.0,0.0,0.0,0.0,0.0,0.0,947.8792191681072,14.405339957005964,14.405339957005964,0.0,0.0,0.0,0.0,0.0,0.052819579842434905,210.00168771603765,0.0,0.0,-922.2859015511048,0.0,0.0,0.0,0.0,0.0,0.0,0.0,0.0,0.0,0.0,0.0,0.0,0.0,0.0,0.0,0.0,0.0,5.672330150456602,0.0,50.418689849520874,3.697370588964863,0.0,0.0,0.0,0.0,0.0,210.00168771603765,0.0,-97.49026955389353,0.0,0.0,0.0,-6.002224982085817,0.0,0.0,0.0,0.0,0.0,0.0,0.0,0.0,0.0,0.0,0.0,0.0,0.0,0.0,0.0,0.0,0.0,0.0,-0.04801779985668654,0.0,0.0,2.400889992834327,395.3721462548925,0.0,0.0,0.0,0.0,212.55226276813818,0.0,0.0,0.0,4.13433256766079,1.2004449964171635,0.0,0.0,0.0,0.04801779985668654,0.0,48.01779985668654,-9.21318780511622,9.603559971337308,0.34298428469061815,145.31432190106867,-0.03601334989251491,2.4008899928343226,0.9603559971337309,-0.2400889992837847,-145.31432190106867,14.405339957005964,-0.04801779985668654,7.570780737499831,70.3964400286627,0.012004449964171635,0.34298428469061815,-22.712342212499493,-7.644433737185182,-0.9603559971337309,-525.3582407225663,-0.04801779985668654,0.012004449964171635,-145.31432190106867,4.801779985668654,0.04801779985668654,0.04801779985668654,-209.90085033633852,0.05281957984234177,0.0,-0.03601334989251491,14.405339957005964,0.04801779985668654,14.405339957005964,-24.008899928343272,-0.02400889992834327,29.85403346205228,7.3479508007093415,-0.03601334989251491,-0.04801779985668654,-9.21318780511622,0.04801779985668654,4.801779985668645,-0.9603559971337309,200.3545141819035,200.3545141819035,-4.801779985668654,525.3582407225663,-200.3545141819035,9.603559971337308,0.07202669978502982,-394.883215587783,4.801779985668654,-206.1361114678316,70.3964400286627,-9.603559971337308,0.02400889992834327,0.48017799856686544,76.90642598236245,96.0,-0.04801779985668654,-220.80569268379222,209.90085033633852,14.88551795557283,0.04801779985668654,7.644433737185182,12.775080200638854,70.3964400286627,-0.04801779985668654,-0.012004449964171635,-70.3964400286627,-0.04801779985668654,-38.19822001433135,0.04801779985667976,-0.012004449964171635,-0.012004449964171635,-0.012004449964171635,19.207119942674616,24.008899928343272,0.48017799856686544,357.0501249792162,-0.012004449964171635,146.24207122722507,2.400889992834327,21.5,0.04801779985668654,0.02400889992834327,0.02400889992834327,40.0,9.21318780511622,0.04801779985668654,-9.21318780511622,0.48017799856686544,0.04801779985668654,-1000.0,0.04801779985668654,0.1920711994271045,0.2400889992837847,0.02400889992834327,0.012004449964171635,14.405339957005964,-0.04801779985668654,0.0,0.48017799856686544,-714.1002499584324,1.200444996417168,-4.801779985668645,9.603559971337308,2.400889992834327,-0.04801779985668654,22.712342212499493,0.07202669978502982,-0.04801779985668654,-80.0,9.21318780511622,346.53569845476727,0.02400889992834327,-43.0,-0.04801779985668654,-0.04801779985667976,-0.04801779985668654,0.02400889992834327,145.31432190106867,-9.603559971337308,0.04801779985668654,153.8128519647249,-0.012004449964171635,-0.05281957984234177,-153.8128519647249,7.20266997850298,-7.3479508007093415,380.46225796474846,145.31432190106867,-0.03601334989251491,220.80569268379222,-96.0,0.04801779985668654,-0.012004449964171639,179.56480154258287,48.01779985668654,-0.02400889992834327,-0.04801779985668654,0.012004449964171635,0.0,0.0,394.8592066878547,642.9498750207838,-46.0,0.0,272.254782834656,-31.0,0.0,-32.0,-93.0,-65.0,0.0,16.0,23.0,46.5,0.0,15.5,-210.00168771603765,-251.67649468371616,0.0,65.0,-251.67649468371616,-272.254782834656,127.33896132417425,0.0,1496.5981,hclb
479,0.0,0.0,0.0,0.0,0.0,0.0,0.0,0.0,-0.049087344368135305,0.0,0.0,0.0,0.0,0.0,0.0,0.0,-46.07933148645415,436.44594880483174,0.0,0.0,0.0,0.0,0.0,194.40245659329733,0.0,0.0,0.0,0.0,0.0,128.28947749538793,0.0,0.0,29.915169689463617,0.0,0.0,0.0,0.0,999.8036506225267,0.0,-126.88668190475306,1000.0,0.0,0.0,-1000.0,0.0,0.0,0.0,0.0,273.09393720498963,0.0,0.0,0.0,0.0,0.05399607880553958,0.0,0.0,0.0,0.0,0.0,0.0,-4.322958794020053,0.0,586.130467005298,581.8075082112779,1000.0,0.0,0.0,0.0,78.52909635907872,-16.864444682803104,0.0,0.49087344368135305,0.0,0.0,0.0,0.0,0.0,0.0,0.0,1000.0,0.0,0.0,-339.9341762616502,0.0,29.45240662088118,0.0,0.0,0.0,0.0,344.28728583192344,999.9877281639081,0.0,0.0,-477.7749484944079,14.72620331044059,0.0,14.72620331044059,0.0,72.4108873606948,0.0,0.0,649.8484082570187,0.0,0.0,0.0,-4.427009387007541,0.0,1000.0,0.0,0.0,0.0,0.0,0.0,0.0,0.0,0.0,0.0,0.0,0.0,0.0,0.0,0.0,0.0,0.0,-368.18045095655157,0.0,0.0,14.72620331044059,0.0,15.217076754121942,15.217076754121942,0.0,-871.2109375000014,0.0,871.2109375000014,-871.2109375000014,0.0,0.0,0.0,0.0,0.0,0.0,0.0,0.0,0.0,343.71390177799657,0.049087344368135305,1000.0,0.0,0.0,0.0,-821.2887754462879,0.0,0.0,0.0,0.0,327.0819760117875,0.0,0.0,0.0,0.0,0.0,-403.26739040891806,-403.26739040891806,0.0,0.0,0.0,0.0,-708.0609618675385,0.0,0.0,-403.2183030645499,0.0,0.0,0.0,-916.1671201354262,-799.5516751576793,0.0,0.0,0.0,0.0,0.0,0.0,0.0,0.0,0.0,-935.9895935055039,0.0,0.0,0.0,0.0,-1000.0,0.0,0.0,0.0,0.0,0.0,0.0,0.0,-344.28728583192344,344.28728583192344,0.0,0.0,0.0,0.0,0.0,0.0,0.0,128.28947749538793,150.24383515431225,0.0,0.0,0.0,0.0,0.0,0.0,0.0,0.0,0.0,0.0,0.0,0.0,0.0,66.75667563388772,797.923713193542,-355.3040832139234,0.0,0.0,0.0,0.0,80.04217821881834,0.0,0.0,0.0,0.0,-4.322958794020053,644.6959167860766,0.0,0.0,56.52488567865614,0.0,0.0,0.0,0.0,0.0,46.89862201152141,9.81746887362706,0.0,0.0,-344.28728583192344,0.0,-71.19334862693381,0.0,355.3040832139234,0.0,0.0,0.0,1000.0,0.0,0.0,0.0,-69.09192493759565,0.0,0.0,-846.0511529058202,153.94884709417977,0.0,-1000.0,0.0,-153.94884709417977,-344.28728583192344,0.0,-180.93527423208133,0.0,0.0,87.34566607652302,0.0,0.0,0.0,798.8473402039622,0.0,-798.8473402039622,0.0,-403.31647775328616,0.0,0.0,0.0,0.0,0.0,0.0,-4.322958794020053,-0.07363101655220296,0.0,0.0,0.0,0.0,0.049087344368135305,0.0,0.0,0.0,858.3329964592197,-46.07933148645415,0.0,-270.9241290646761,705.9739885623094,799.5516751576793,944.5436721840676,0.0,1000.0,0.0,-4.427009387007541,0.0,0.0,0.0,688.6251410023115,-1000.0,-688.6251410023115,1000.0,21.701368511140757,0.0,0.0,0.0,0.0,0.0,0.0,0.0,0.0,0.0,0.0,0.0,0.0,0.0,0.0,0.0,0.0,56.52488567865614,1000.0,0.0,0.0,0.0,0.0,45.31800952286926,805.9276435942743,0.0,0.0,-390.612523789518,0.0,412.345063622345,0.0,481.4519465220555,647.3940410386119,0.0,0.0,0.0,0.0,921.4709036409213,-1000.0,0.0,0.0,-551.7744760638468,0.0,-729.1152095348499,-881.5257046308698,-1.2271836092033825,-2.454367218406765,0.0,0.0,0.0,1000.0,315.99954556597146,14.72620331044059,0.0,0.0,0.0,275.8132929187292,0.0,0.0,0.0,-66.75667563388772,66.75667563388772,66.75667563388772,-192.63076179235622,0.0,157.95219023359587,0.0,0.0,0.0,128.28947749538793,0.0,0.0,-8.645917588040083,0.0,0.0,70.18253112637294,0.0,0.0,0.0,0.0,-38.09126556318647,0.0981746887364352,0.0,0.0,0.0,0.0,0.0,0.0,0.0,0.0,0.0,61.66465167627562,0.0,0.0,0.0,0.0,0.0,0.0,0.0,0.0,0.0,0.05399607880553958,0.05399607880553958,0.0,106.25439862959769,0.0,29.45240662088118,0.0,0.0,0.0,0.0,0.0,0.0,0.0,0.0,0.0,39.45833607621703,0.0,0.0,0.0,0.0,0.0,0.0,70.18253112637294,0.0,0.0,0.0,0.0,0.0,0.0,0.0,122.72681698551719,-858.3329964592197,821.2887754462879,0.0,3.7797255163463888,0.0,-477.7749484944079,0.0,-80.04217821881834,0.0,39.45833607621703,0.0,1.367070513030562,0.0,0.0,0.0,66.75667563388772,0.0,0.0,0.0,0.0,0.0,0.0,0.0,0.0,0.0,0.0,0.0,0.0,0.0,29.45240662088118,0.0,0.0,0.0,0.0,0.0,0.0,0.0,0.0,0.0,0.0,0.0,0.0,0.49087344368135305,0.0,0.0,0.0,0.0,0.0,0.0,0.0,0.0,14.72620331044059,0.0,0.0,0.0,0.0,0.0,0.0,0.0,0.0,0.0,0.0,209.2268345924742,0.0,0.0,14.72620331044059,14.72620331044059,720.0915533723316,0.0,0.0,70.18253112637294,0.0,0.0,0.0,0.0,0.0,0.0,128.28947749538793,-58.583960753190695,0.049087344368135305,0.0,0.0,0.0,3.9585436994017686,4.427009387007541,0.0,477.7749484944079,0.0,0.0,0.0,0.0,0.0,0.0,0.0,0.0,0.0,0.0,0.0,0.0,0.0,0.0,0.049087344368135305,0.0,0.0,0.0,945.7575090132414,-945.7575090132414,0.0,0.0,0.0,0.0,-390.612523789518,457.66307314521424,0.0,0.0,-1000.0,-3.681550827610181,0.0,-2.454367218406765,0.0,0.0,0.0,0.0,0.0,0.0,0.0,0.0,0.0,0.0,0.0,0.0,799.5516751576793,0.0,0.0,318.45391278437825,0.0,0.0,0.0,-0.049087344368135305,0.0,0.0,0.049087344368135305,0.0,0.049087344368135305,0.0,0.0,0.0,29.45240662088118,59.886560129125066,59.886560129125066,0.0,0.0,0.0,0.0,0.0,0.0,339.9341762616502,821.2887754462879,0.0,128.28947749538793,0.0,0.0,0.0,692.8515613524085,0.0,0.0,0.0,0.0,0.0,0.0,0.0,0.0,0.0,0.0,0.0,0.0,0.0,80.04217821881834,0.0,0.0,0.0,0.07363101655220296,0.0,0.0,0.0,-14.72620331044059,0.0,0.0,0.0,0.0,0.0,-106.25439862959769,2.454367218406765,0.0,0.0,0.0,0.0,708.0609618675385,0.0,-2.454367218406765,0.0,0.0,0.0,0.0,0.0,0.0,0.0,0.0,0.0,0.0,-671.8437499999726,39.49772299570995,0.0,876.4713065726609,0.0,0.0,0.0,412.345063622345,-412.345063622345,0.0,940.1134398708749,0.0,2.454367218406765,755.0225302848824,0.0,0.0,0.0,-8.645917588040083,-578.1249999999993,578.1249999999993,0.0,0.0,0.0,0.0,0.0,0.0,0.0,928.6264918502837,0.0,59.886560129125066,0.0,0.0,0.0,0.0,0.0,0.0,0.0,0.0,0.0,46.89862201152141,0.0,0.0,117.29905111242806,-65.62319537567738,-204.63196424100113,0.0,14.72620331044059,0.0,0.0,0.0,0.0,41.5391343127917,0.0,0.0,0.05399607880553958,0.0,0.0,0.0,29.943280064562533,0.0,0.0,0.0,0.0,797.923713193542,0.0,0.0,0.0,0.0,0.0,0.0,0.0,0.0,0.0,0.0,693.2477048377946,0.0049087344368135,0.0,0.0,0.0,0.0,0.0,0.0,0.0,0.0,0.0,0.0,0.0,0.0,0.0,0.0,0.0,106.25439862959769,0.0,0.0,0.0,0.0,0.0,0.0,0.0,0.0,0.0,0.0,0.0,0.0,0.0,0.0,436.44594880483174,0.0,0.0,0.0,29.45240662088118,0.0,0.0,0.0,0.0,0.0,-490.12938146487767,460.6769748439965,0.0,0.0,0.0,0.0,0.0,0.0,0.0,0.0,0.0,0.0,0.0,0.0,1000.0,1000.0,726.476392244581,574.1956246274495,-588.9218279378902,0.0,999.8036506225267,0.0,0.0,0.0,0.0,0.0,0.0,0.0,0.0,0.0,429.6875,0.0,-429.6875,-429.6875,0.0,0.0,0.0,0.0,-6.135918046016946,0.0,-651.0755918662221,689.1700105247984,0.0,0.0,0.0,0.0,0.0,0.0,-0.6135918046015831,8.645917588040083,0.0,0.0,0.0,0.0,0.0,0.0,0.0,919.7146707356685,14.72620331044059,14.72620331044059,0.0,0.0,0.0,0.0,1000.0,0.05399607880553958,106.25439862959769,0.0,0.0,-999.8036506225267,693.2427961033577,0.0,0.0,0.0,0.0,0.0,0.0,0.0,0.0,0.0,0.0,0.0,0.0,0.0,0.0,0.0,0.0,15.217076754121942,0.0,51.541711586542064,343.71390177799657,0.0,0.0,0.0,0.0,0.0,106.25439862959769,0.0,45.31800952286926,0.0,0.0,0.0,-6.135918046016946,0.0,0.0,0.0,0.0,0.0,0.0,0.0,0.0,0.0,0.0,0.0,0.0,0.0,0.0,0.0,0.0,0.0,0.0,-0.049087344368135305,0.0,0.0,2.454367218406765,-39.45833607621703,0.0,0.0,0.0,0.0,0.0,0.0,0.0,0.0,-688.6251410023115,1.2271836092033825,0.0,0.0,0.0,0.049087344368135305,0.0,49.0873443681353,0.0,9.81746887362706,0.3506238883438236,167.38784429534135,-0.03681550827610148,729.1152095348499,0.9817468873627061,-0.24543672184142906,-167.38784429534135,14.72620331044059,-0.049087344368135305,1.4756697956691802,70.18253112637294,0.012271836092033826,0.3506238883438236,-4.427009387007541,-7.814705223405304,-0.9817468873627061,-390.3666173183776,-0.049087344368135305,0.012271836092033826,-167.38784429534135,4.90873443681353,0.049087344368135305,0.049087344368135305,-106.15131520642402,0.05399607880497115,-54.72540709162742,-0.03681550827610148,14.72620331044059,0.049087344368135305,14.72620331044059,-24.543672184067653,-0.024543672184067652,-263.502550146145,-85.0,-0.03681550827610148,-0.049087344368135305,0.0,0.049087344368135305,4.90873443681353,-0.9817468873627061,80.04217821881834,80.04217821881834,-4.90873443681353,390.3666173183776,-80.04217821881834,9.81746887362706,0.07363101655220296,-80.15306747071509,4.90873443681353,-122.72681698551719,70.18253112637294,-9.81746887362706,0.024543672184067652,0.49087344368135305,67.73103226616902,49.31519186933701,-0.049087344368135305,-117.29905111242806,106.15131520642402,15.217076754121942,0.049087344368135305,7.814705223405304,11.27771788461044,70.18253112637294,-0.049087344368135305,-0.012271836092033826,-70.18253112637294,-0.049087344368135305,-38.09126556318647,0.04908734436802376,-0.012271836092033826,-0.012271836092033826,-0.012271836092033826,19.63493774725412,24.543672184067653,0.49087344368135305,357.5783908391595,-0.012271836092033826,133.98639473666887,2.454367218406765,21.5,0.049087344368135305,0.024543672184067652,0.024543672184067652,40.0,0.0,0.049087344368135305,0.0,0.49087344368135305,0.049087344368135305,-1000.0,0.049087344368135305,0.19634937747330206,0.24543672184142906,0.024543672184067652,0.012271836092033826,14.72620331044059,-0.049087344368135305,54.72540709162742,0.49087344368135305,-715.156781678319,727.8880259256465,-4.90873443681353,9.81746887362706,2.454367218406765,-0.049087344368135305,4.427009387007541,0.07363101655220296,-0.049087344368135305,-80.0,0.0,544.7207133112901,0.024543672184067652,-43.0,-0.049087344368135305,-0.04908734436802376,-0.049087344368135305,0.024543672184067652,167.38784429534135,-9.81746887362706,0.049087344368135305,135.46206453233805,-0.012271836092033826,-0.05399607880497115,-135.46206453233805,7.363101655220294,85.0,193.39143026423676,167.38784429534135,-0.03681550827610148,117.29905111242806,-49.31519186933701,0.049087344368135305,-0.012271836092033826,483.9063137404623,49.087344368135305,-0.024543672184067652,-0.049087344368135305,0.012271836092033826,0.0,0.0,80.12852379853102,642.4216091608405,-46.0,0.0,135.54272704768255,-31.0,0.0,-32.0,-93.0,-65.0,0.0,16.0,23.0,46.5,0.0,15.5,-106.25439862959769,-586.2598476240818,0.0,65.0,-586.2598476240818,-135.54272704768255,59.67813736312929,0.0,1496.5981,hclb
480,0.0,0.0,0.0,0.0,0.0,0.0,0.0,0.0,-0.03377702420978757,0.0,0.0,0.0,0.0,0.0,0.0,0.0,-240.26820418416185,-741.6718749999936,0.0,1000.0,0.0,0.0,0.0,106.64333796934395,0.0,0.0,0.0,0.0,0.0,-244.92382162866465,0.0,0.0,29.04063871012391,0.0,0.0,0.0,0.0,131.4691178759373,0.0,-1000.0,1000.0,0.0,0.0,-38.40139631731256,0.0,0.0,0.0,139.12297000842904,-136.33963894533008,0.0,0.0,0.0,0.0,0.03715472663079974,0.0,0.0,0.0,145.87837485038654,0.0,0.0,-120.63499874857662,0.0,1000.0,879.3650012514233,0.0,0.0,0.0,0.0,861.1244799089969,-861.1244799089969,0.0,0.3377702420978757,0.0,0.0,0.0,0.0,0.0,0.0,0.0,0.0,0.0,0.0,0.0,0.0,20.266214525872545,0.0,117.66036881650096,521.6860077225145,1000.0,71.44298044107502,-0.008444256052446893,0.0,0.0,1000.0,10.133107262936273,0.0,73.24459515804249,0.0,0.0,0.0,0.0,1.6888512104893785,-1000.0,0.0,0.0,-1.2128890548397493,0.0,0.0,0.0,0.0,0.0,0.0,0.0,0.0,0.0,0.0,0.0,0.0,0.0,0.0,0.0,0.0,0.0,0.0,-491.9337195264569,0.0,0.0,73.24459515804249,0.0,10.470877505034146,0.0,0.0,453.1250000018392,-453.1250000018392,0.0,0.0,0.0,0.0,0.0,0.0,0.0,0.0,0.0,0.0,0.0,120.2611996806546,0.03377702420978757,0.0,0.0,0.0,-263.456957473294,263.456957473294,0.0,0.0,0.0,0.0,206.11734449843345,0.0,0.0,0.0,0.0,0.0,557.4189932895863,557.4189932895863,0.0,0.0,0.0,0.0,-826.8858630613647,0.0,0.0,557.4527703137961,0.0,0.0,0.0,561.411556240383,0.0,0.0,0.0,0.0,0.0,0.0,0.0,0.0,0.0,0.0,-137.38460071587878,0.0,0.0,0.0,0.0,-1000.0,0.0,0.0,0.0,0.0,0.0,0.0,0.0,-256.1057089091682,256.1057089091682,0.0,0.0,0.0,0.0,0.0,0.0,0.0,755.0761783713353,987.2650326278986,0.0,0.0,0.0,0.0,0.0,0.0,0.0,0.0,0.0,0.0,0.0,0.0,0.0,315.1549395402642,76.25765670984644,621.5316647581566,0.0,0.0,0.0,0.0,2.1032776620605165,0.0,0.0,0.0,0.0,-120.63499874857662,659.9330610754691,0.0,0.0,0.0,0.0,0.0,0.0,0.0,0.0,646.6591597072448,0.0,63.111487895106215,0.0,-297.6097223871048,958.4959865220634,129.24065986801628,0.0,-621.5316647581566,0.0,0.0,0.0,41.20796953594084,0.0,0.0,0.0,-439.77243468386143,0.0,0.0,-1000.0,0.0,0.0,-1000.0,0.0,0.0,743.8942910908318,0.0,-383.12395268634623,0.0,0.0,92.1346198832468,0.0,0.0,0.0,0.0,0.0,0.0,0.0,204.40410981587365,0.0,0.0,0.0,0.0,0.0,0.0,-120.63499874857662,-0.050665536314681354,0.0,0.0,0.0,0.0,0.03377702420978757,0.0,0.0,0.0,277.99296747265225,-240.26820418416185,0.0,-678.1126346270767,170.91289750475744,0.0,1000.0,0.0,0.0,0.0,-1.2128890548397493,0.0,0.0,0.0,-2.908201784462743,2.908201784462743,0.0,526.8658412202094,228.53238980213337,0.0,0.0,0.0,0.0,0.0,0.0,0.0,0.0,0.0,0.0,0.0,0.0,0.0,0.0,0.0,0.0,0.0,-868.3957740272232,0.0,-1000.0,0.0,0.0,645.571539527689,0.0,0.0,254.7218626918835,-766.9203593878995,0.0,0.0,0.0,0.0,0.0,0.0,0.0,-1.6888512104893787,378.5190756435662,-864.0326816934597,0.0,-257.23125444248893,0.0,-45.480763098478974,0.0,0.0,0.0,-379.3635012488109,255.54240323199957,0.0,0.0,1000.0,303.01827579066156,-266.87888736502657,73.24459515804249,0.0,0.0,0.0,0.0,0.0,0.0,1000.0,684.8450604597358,-684.8450604597358,-684.8450604597358,87.45748421288225,0.0,0.0,0.0,0.0,0.0,755.0761783713353,0.0,0.0,-5.9492598641513155,0.0,0.0,73.24459515804249,0.0,0.0,0.0,0.0,3.0130615518039576,0.0675540484195977,0.0,0.0,0.0,0.0,0.0,0.0,0.0,0.0,0.0,0.0,0.0,0.0,0.0,0.0,0.0,0.0,0.0,0.0,0.0,0.03715472663079974,0.03715472663079974,0.0,404.3995346983067,0.0,20.266214525872545,0.0,0.0,0.0,874.637551728067,0.0,0.0,117.66036881650096,0.0,0.0,406.687927546626,-874.637551728067,0.0,0.0,838.7304418262453,0.0,0.0,73.24459515804249,0.0,0.0,0.0,0.0,0.0,0.0,0.0,163.97790650881896,-277.99296747265225,0.0,0.0,120.2611996806546,0.0,654.6068958578496,345.3931041421504,343.28982648008997,0.0,406.687927546626,0.0,494.7332664938182,-85.0322773953882,0.0,0.0,315.1549395402642,0.0,0.0,0.0,0.0,0.0,0.0,0.0,0.0,0.0,0.0,0.0,0.0,0.0,20.266214525872545,0.0,0.0,0.0,0.0,0.0,0.0,0.0,0.0,0.0,0.0,0.0,0.0,0.3377702420978757,0.0,0.0,117.66036881650096,-117.66036881650096,0.0,0.0,0.0,0.0,73.24459515804249,-838.7304418262453,0.0,0.0,0.0,0.0,0.0,0.0,0.0,0.0,0.0,151.29656397468312,0.0,0.0,10.13310726293627,10.13310726293627,-933.2425654960796,-874.637551728067,0.0,73.24459515804249,0.0,0.0,0.0,0.0,0.0,543.413920686985,755.0761783713353,228.53238980213337,0.03377702420978757,0.0,0.0,0.0,44.60738575819732,0.0,0.0,-1000.0,0.0,0.0,0.0,0.0,0.0,0.0,0.0,0.0,0.0,0.0,0.0,0.0,0.0,0.0,0.03377702420978757,0.0,0.0,0.0,0.0,0.0,0.0,0.0,0.0,0.0,-121.34881986021048,0.0,0.0,0.0,-131.60422597277682,-2.533276815734068,0.0,-1.68885121048938,0.0,0.0,0.0,0.0,0.0,0.0,0.0,0.0,0.0,0.0,0.0,0.0,0.0,0.0,0.0,734.8099638454628,0.0,0.0,0.0,-0.03377702420978757,0.0,0.0,0.03377702420978757,0.0,0.03377702420978757,0.0,0.0,0.0,20.266214525872545,41.20796953594084,41.20796953594084,0.0,0.0,0.0,0.0,0.0,0.0,0.0,0.0,0.0,755.0761783713353,0.0,0.0,0.0,0.0,0.0,0.0,0.0,0.0,0.0,0.0,0.0,0.0,0.0,0.0,0.0,0.0,0.0,2.1032776620605165,0.0,-343.4196304589634,343.4196304589634,0.050665536314681354,0.0,0.0,0.0,-73.24459515804249,0.0,0.0,0.0,0.0,0.0,-404.3995346983067,1.6888512104893785,0.0,0.0,0.0,0.0,826.8858630613647,645.571539527689,-1.68885121048938,0.0,0.0,0.0,0.0,0.0,0.0,0.0,0.0,0.0,838.7304418262453,525.9158773959845,89.24459515804249,0.0,58.244595158042486,-1.2128890548397493,0.0,0.0,0.0,0.0,0.0,0.0,0.0,1.68885121048938,751.0618488897388,0.0,0.0,0.0,-241.26999749715324,0.0,0.0,0.0,0.0,0.0,0.0,0.0,0.0,0.0,457.741851656643,-325.42380457223237,41.20796953594084,0.0,0.0,0.0,0.0,0.0,0.0,0.0,0.0,0.0,646.6591597072448,0.0,0.0,86.57556057327642,-44.60738575819732,0.0,0.0,10.133107262936273,117.66036881650096,0.0,0.0,0.0,82.74848502697924,0.0,0.0,0.03715472663079974,0.0,0.0,0.0,20.603984767970417,0.0,0.0,0.0,0.0,76.25765670984644,0.0,0.0,0.0,0.0,0.0,0.0,0.0,0.0,-149.64700407651983,0.0,0.003377702420978757,0.003377702420978757,0.0,0.0,0.0,0.0,0.0,0.0,0.0,0.0,0.0,0.0,0.0,0.0,0.0,0.0,0.0,404.3995346983067,0.0,0.0,0.0,0.0,0.0,0.0,0.0,0.0,0.0,0.0,0.0,235.32073763300193,0.0,0.0,-741.6718749999936,0.0,0.0,0.0,20.266214525872545,0.0,0.0,0.0,0.0,0.0,0.0,-20.266214525872545,0.0,235.32073763300193,0.0,0.0,0.0,0.0,0.0,0.0,0.0,0.0,0.0,0.0,1000.0,70.27976190719437,23.137261583704493,0.0,-73.24459515804249,0.0,131.4691178759373,0.0,0.0,0.0,0.0,0.0,0.0,0.0,0.0,0.0,0.0,0.0,0.0,0.0,0.0,0.0,0.0,0.0,-4.222128026223448,0.0,-2.533276815734068,322.8905277564984,0.0,0.0,0.0,0.0,0.0,0.0,-0.4222128026223447,5.9492598641513155,0.0,0.0,0.0,0.0,0.0,0.0,0.0,1000.0,10.13310726293627,10.13310726293627,0.0,0.0,0.0,0.0,0.0,0.03715472663079974,404.3995346983067,0.0,0.0,-131.4691178759373,0.0,0.0,0.0,0.0,0.0,0.0,0.0,0.0,0.0,0.0,0.0,0.0,0.0,0.0,171.7098152294817,0.0,0.0,0.0,0.0,35.46587542027696,120.2611996806546,0.0,0.0,0.0,0.0,0.0,404.3995346983067,0.0,0.0,0.0,0.0,0.0,-4.222128026223448,0.0,0.0,0.0,0.0,0.0,0.0,0.0,0.0,0.0,0.0,0.0,0.0,0.0,0.0,0.0,0.0,0.0,0.0,-0.03377702420978757,0.0,0.0,1.6888512104893785,-406.687927546626,0.0,0.0,0.0,0.0,0.0,0.0,0.0,0.0,2.908201784462743,0.8444256052446892,0.0,0.0,0.0,0.03377702420978757,0.0,33.77702420978757,-10.470877505034146,6.755404841957514,0.24126445864133977,94.23789754530732,-0.025332768157340677,1.6888512104893787,0.6755404841957514,-0.1688851210493283,-94.23789754530732,10.13310726293627,-0.03377702420978757,0.4042963516132498,73.24459515804249,0.008444256052446893,0.24126445864133977,-1.2128890548397493,-123.03767107069986,-0.6755404841957514,-18.05992081584452,-0.03377702420978757,0.008444256052446893,-94.23789754530732,3.377702420978757,0.03377702420978757,0.03377702420978757,-404.32860294746615,-117.6232140898702,-23.601799048640444,-0.025332768157340677,10.13310726293627,0.03377702420978757,73.24459515804249,46.22297579021243,-0.016888512104893786,-180.0897673401135,-5.514757107249061,-0.025332768157340677,-0.03377702420978757,-10.470877505034146,0.03377702420978757,3.377702420978757,-0.6755404841957514,2.1032776620605165,2.1032776620605165,-3.377702420978757,18.05992081584452,-2.1032776620605165,6.755404841957514,0.050665536314681354,-1000.0,3.377702420978757,-163.97790650881896,73.24459515804249,-6.755404841957514,0.016888512104893786,0.3377702420978757,169.52815865676916,96.0,-0.03377702420978757,-411.9993651455088,404.32860294746615,10.470877505034146,0.03377702420978757,123.03767107069986,-30.399321788808834,73.24459515804249,-0.03377702420978757,-0.008444256052446893,-73.24459515804249,-0.03377702420978757,3.0130615518039576,0.033777024209825084,-0.008444256052446893,-0.008444256052446893,-0.008444256052446893,13.510809683915028,-46.22297579021243,0.3377702420978757,89.39146936527942,-0.008444256052446893,338.6520209619251,1.6888512104893785,0.18232043458739966,0.03377702420978757,0.016888512104893786,0.016888512104893786,40.0,10.470877505034146,0.03377702420978757,-10.470877505034146,0.3377702420978757,0.03377702420978757,-218.1253024729827,0.03377702420978757,0.13510809683953084,0.1688851210493283,0.016888512104893786,0.008444256052446893,10.13310726293627,-0.03377702420978757,23.601799048640444,0.3377702420978757,-178.78293873055884,0.8444256052446895,-3.377702420978757,6.755404841957514,1.6888512104893785,-0.03377702420978757,1.2128890548397493,0.050665536314681354,-0.03377702420978757,-80.0,10.470877505034146,129.53993843724828,0.016888512104893786,-0.3646408691747993,-0.03377702420978757,-0.033777024209825084,-0.03377702420978757,0.016888512104893786,94.23789754530732,-6.755404841957514,0.03377702420978757,339.05631731353833,-0.008444256052446893,117.6232140898702,-339.05631731353833,5.066553631468135,5.514757107249061,524.5012283631906,94.23789754530732,-0.025332768157340677,411.9993651455088,-96.0,0.03377702420978757,-0.008444256052446895,1.68885121048938,33.77702420978757,-0.016888512104893786,-0.03377702420978757,0.008444256052446893,497.93675651114785,0.0,184.6458399559883,128.73383310770328,-46.0,0.0,263.5723738989937,-31.0,0.0,-32.0,-93.0,-65.0,-815.3372715319068,16.0,23.0,46.5,0.0,15.5,-404.3995346983067,-212.28842346422752,815.3372715319068,65.0,-212.28842346422752,-263.5723738989937,145.29699663341188,0.0,1496.5981,hclb
481,0.0,0.0,0.0,0.0,0.0,0.0,0.0,0.0,-0.04481233860788727,0.0,0.0,0.0,0.0,0.0,0.0,0.0,598.0326050077467,928.0912225314249,0.0,-1000.0,0.0,0.0,0.0,0.0,0.0,0.0,0.0,0.0,0.0,-375.2656575522509,0.0,0.0,30.009647316765626,0.0,0.0,0.0,0.0,549.0121263653577,0.0,-1000.0,986.5562984176338,0.0,-714.6201181102691,325.03601987537604,0.0,0.0,0.0,0.0,-1000.0,-1000.0,0.0,800.1059576559204,0.0,0.04929357246874133,0.0,0.0,0.0,8.962467721577454,0.0,0.0,-40.89161347591585,0.0,-959.1083865240842,-1000.0,0.0,0.0,0.0,0.0,0.0,0.0,0.0,0.4481233860788727,0.0,0.0,0.0,0.0,0.0,0.0,0.0,0.0,0.0,0.0,-11.773143147519498,0.0,26.887403164732362,0.0,36.945140189181195,1000.0,1000.0,-729.6616719780898,-0.011203084651971817,0.0,0.0,328.03258551993906,13.443701582366181,0.0,13.443701582366181,0.0,556.8602606002192,0.0,0.0,2.2406169303943635,-1000.0,0.0,0.0,0.0,0.0,0.0,0.0,0.0,0.0,0.0,0.0,0.0,0.0,0.0,0.0,0.0,0.0,0.0,0.0,0.0,0.0,0.0,-158.01870930997453,0.0,0.0,13.443701582366181,0.0,13.891824968445054,13.891824968445054,0.0,-1000.0,0.0,1000.0,-1000.0,0.0,456.6704278154495,-456.6704278154495,0.0,0.0,0.0,0.0,0.0,0.0,52.16883340950801,0.04481233860788727,0.0,0.0,0.0,-403.03741132631376,0.0,0.0,0.0,0.0,0.0,323.32305143443745,0.0,0.0,0.0,0.0,0.0,627.7998307560703,627.7998307560703,0.0,0.0,0.0,0.0,0.0,0.0,0.0,627.8446430946782,0.0,0.0,0.0,0.0,-150.98342016225138,0.0,0.0,0.0,0.0,0.0,0.0,0.0,0.0,0.0,0.0,0.0,0.0,0.0,0.0,-1000.0,0.0,0.0,0.0,0.0,0.0,1000.0,-85.48583954565129,-270.33832802191023,270.33832802191023,0.0,0.0,0.0,0.0,0.0,0.0,0.0,624.7343424477491,1000.0,0.0,0.0,0.0,0.0,0.0,0.0,0.0,0.0,0.0,0.0,0.0,0.0,0.0,440.02211386395174,377.9623467694687,862.7188920901556,0.0,0.0,0.0,0.0,0.0,0.0,0.0,0.0,0.0,-40.89161347591585,537.6828722147794,0.0,0.0,0.0,0.0,0.0,0.0,0.0,0.0,1.4429573031738983,0.0,0.0,0.0,-211.50620958480272,344.2120003268384,-355.8241675675615,0.0,-862.7188920901556,0.0,0.0,0.0,54.671053101622476,0.0,0.0,0.0,164.64392182216997,0.0,0.0,-1000.0,0.0,0.0,-1000.0,0.0,0.0,729.6616719780898,0.0,457.858852165435,1000.0,0.0,152.8100746528956,0.0,0.0,0.0,-357.8605452369472,0.0,357.8605452369472,0.0,1000.0,0.0,0.0,671.967414480061,0.0,0.0,0.0,-40.89161347591585,-0.0672185079118309,0.0,0.0,0.0,0.0,0.04481233860788727,0.0,0.0,0.0,985.1133411144599,598.0326050077467,0.0,-632.0748372398981,127.47426541118318,150.98342016225138,1000.0,0.0,-757.4889516810497,0.0,0.0,0.0,0.0,0.0,-3.858342354139159,761.347294035189,0.0,0.8442774980428567,-1000.0,0.0,0.0,0.0,0.0,0.0,0.0,0.0,0.0,0.0,0.0,0.0,0.0,0.0,0.0,0.0,0.0,0.0,822.149439336345,0.0,-177.85056066365496,0.0,450.80862428021027,0.0,327.49776396345544,0.0,0.0,-53.61179071268191,0.0,568.6334037477387,0.0,0.0,0.0,-761.347294035189,0.0,0.0,-1.1203084651971817,0.0,0.0,0.0,-827.2886502966949,766.9488363611747,0.0,-165.9894989121221,0.0,0.0,-2.2406169303943635,0.0,0.0,997.7593830696056,0.0,0.0,13.443701582366181,0.0,0.0,0.0,438.6309304117903,0.0,0.0,0.0,-440.02211386395174,440.02211386395174,440.02211386395174,-354.59339813336777,0.0,0.0,-483.0804021500811,0.0,0.0,624.7343424477491,0.0,0.0,-7.89294657346943,0.0,0.0,0.0,0.0,0.0,0.0,0.0,-38.51876613921127,0.08962467721585199,0.0,0.0,0.0,0.0,0.0,0.0,0.0,0.0,0.0,0.0,0.0,0.0,0.0,0.0,0.0,0.0,0.0,0.0,0.0,0.04929357246874133,0.04929357246874133,0.0,527.0596461423743,0.0,26.887403164732362,0.0,0.0,0.0,850.0057692250285,0.0,0.0,36.945140189181195,0.0,0.0,-90.10079889967176,-850.0057692250285,0.0,0.0,0.0,0.0,0.0,0.0,0.0,0.0,0.0,0.0,0.0,0.0,0.0,52.67290310332484,-985.1133411144599,403.03741132631376,0.0,203.6523256194856,0.0,328.032585519939,0.0,0.0,0.0,-90.10079889967176,0.0,0.0,-128.61956503888302,0.0,0.0,440.02211386395174,0.0,0.0,0.0,0.0,0.0,0.0,0.0,0.0,0.0,0.0,0.0,0.0,0.0,26.887403164732362,0.0,0.0,0.0,0.0,0.0,0.0,0.0,0.0,0.0,0.0,0.0,0.0,0.4481233860788727,0.0,0.0,36.945140189181195,-36.945140189181195,0.0,-85.48583954565129,0.0,0.0,13.443701582366181,0.0,0.0,0.0,163.2566353574971,0.0,0.0,0.0,0.0,0.0,0.0,59.241911639626984,688.5159958966242,0.0,13.443701582366181,13.443701582366181,-546.5265987212496,-850.0057692250285,0.0,0.0,0.0,0.0,0.0,0.0,0.0,-0.8442774980428567,624.7343424477491,210.3376124646367,0.04481233860788727,0.0,0.0,3.6137950205931944,0.0,0.0,0.0,-328.032585519939,0.0,0.0,0.0,0.0,0.0,0.0,0.0,0.0,0.0,0.0,0.0,0.0,0.0,0.0,0.04481233860788727,0.0,0.0,0.0,0.0,0.0,0.0,0.0,0.0,450.80862428021027,0.0,515.0216130350568,0.0,0.0,-1000.0,-3.3609253955915452,-2.240616930394367,0.0,0.0,0.0,0.0,0.0,0.0,0.0,0.0,0.0,0.0,0.0,0.0,0.0,150.98342016225138,0.0,0.0,1000.0,0.0,0.0,0.0,-0.04481233860788727,0.0,0.0,0.04481233860788727,0.0,0.04481233860788727,0.0,0.0,0.0,26.887403164732362,54.671053101622476,54.671053101622476,0.0,0.0,0.0,0.0,0.0,0.0,11.773143147519498,403.03741132631376,0.0,624.7343424477491,0.0,0.0,0.0,0.0,0.0,0.0,0.0,0.0,0.0,0.0,0.0,0.0,0.0,0.0,0.0,0.0,0.0,0.0,0.0,0.0,0.0,0.0672185079118309,0.0,0.0,0.0,-13.443701582366181,0.0,0.0,0.0,0.0,0.0,-527.0596461423743,2.2406169303943635,0.0,0.0,0.0,0.0,0.0,484.9783869649432,0.0,0.0,0.0,0.0,0.0,0.0,0.0,0.0,0.0,0.0,0.0,50.17951819243891,87.03753227842255,0.0,459.0749436047363,0.0,0.0,431.3665962522613,568.6334037477387,-1000.0,0.0,0.0,0.0,2.240616930394367,1000.0,0.0,402.1530607169833,0.0,-81.78322695183182,953.1249999999992,-953.1249999999992,0.0,0.0,0.0,0.0,0.0,0.0,0.0,0.0,-6.7218507911829875,54.671053101622476,0.0,0.0,0.0,0.0,0.0,0.0,0.0,0.0,0.0,1.4429573031738985,0.0,0.0,530.4205715379658,-3.6137950205931944,-1000.0,-714.6201181102691,13.443701582366181,36.945140189181195,0.0,0.0,0.0,111.99919049017832,0.0,0.0,0.04929357246874133,0.0,0.0,0.0,27.335526550811235,0.0,0.0,0.0,0.0,377.9623467694687,0.0,0.0,0.0,0.0,0.0,0.0,0.0,0.0,302.42161065618774,0.0,0.0044812338607886915,0.0044812338607886915,0.0,0.0,0.0,0.0,0.0,0.0,0.0,0.0,0.0,3.6137950205931944,0.0,0.0,0.0,0.0,0.0,527.0596461423743,0.0,0.0,0.0,0.0,0.0,0.0,0.0,1000.0,0.0,0.0,0.0,73.89028037836239,313.0345376253979,-744.5963149901206,928.0912225314249,0.0,0.0,0.0,26.887403164732362,0.0,0.0,0.0,0.0,0.0,0.0,-26.887403164732362,0.0,73.89028037836239,0.0,0.0,0.0,0.0,0.0,0.0,0.0,0.0,0.0,0.0,-210.3376124646367,-1000.0,30.696451946402703,0.0,-13.443701582366181,0.0,999.8207506455681,0.0,0.0,0.0,0.0,0.0,0.0,0.0,0.0,0.0,0.0,0.0,0.0,0.0,0.0,0.0,0.0,0.0,-5.601542325985912,0.0,-3.3609253955915452,3.3609253955914937,0.0,0.0,0.0,0.0,0.0,0.0,-0.5601542325985909,7.89294657346943,0.0,0.0,0.0,0.0,0.0,0.0,0.0,1000.0,13.443701582366181,13.443701582366181,0.0,0.0,0.0,0.0,0.0,0.04929357246874133,527.0596461423743,0.0,0.0,-999.8207506455681,0.0,0.0,0.0,0.0,0.0,0.0,0.0,0.0,0.0,0.0,0.0,0.0,0.0,0.0,0.0,0.0,0.0,13.891824968445054,0.0,47.05295553828164,52.16883340950801,0.0,0.0,0.0,0.0,0.0,527.0596461423743,0.0,-487.21900389533755,0.0,0.0,0.0,-5.601542325985912,0.0,0.0,0.0,0.0,0.0,0.0,0.0,0.0,0.0,0.0,0.0,0.0,0.0,0.0,0.0,0.0,0.0,0.0,-0.04481233860788727,0.0,0.0,2.2406169303943635,90.10079889967176,0.0,0.0,0.0,0.0,0.0,0.0,0.0,0.0,3.858342354139159,1.1203084651971817,0.0,0.0,0.0,0.04481233860788727,0.0,44.81233860788727,0.0,8.962467721577454,0.3200881329134805,152.8100746528956,-0.03360925395591545,165.9894989121221,0.8962467721577454,-0.22406169303985735,-152.8100746528956,13.443701582366181,-0.04481233860788727,0.0,0.0,0.011203084651971817,0.3200881329134805,0.0,-44.0792644955568,-0.8962467721577454,-526.1238275391717,-0.04481233860788727,0.011203084651971817,-152.8100746528956,4.481233860788727,0.04481233860788727,0.04481233860788727,-526.9655402312976,-36.89584661671252,-68.5284134559769,-0.03360925395591545,13.443701582366181,0.04481233860788727,13.443701582366181,-22.406169303943635,-0.022406169303943634,-254.79463797846054,-4.526046199396614,-0.03360925395591545,-0.04481233860788727,0.0,0.04481233860788727,4.481233860788727,-0.8962467721577454,0.0,0.0,-4.481233860788727,526.1238275391717,0.0,8.962467721577454,0.0672185079118309,264.27648639666904,4.481233860788727,-52.67290310332484,0.0,-8.962467721577454,0.022406169303943634,0.4481233860788727,158.01870930997453,96.0,-0.04481233860788727,-537.1424223291488,526.9655402312976,13.891824968445054,0.04481233860788727,44.0792644955568,-53.77480632946492,0.0,-0.04481233860788727,-0.011203084651971817,0.0,-0.04481233860788727,-38.51876613921127,0.04481233860788727,-0.011203084651971817,-0.011203084651971817,-0.011203084651971817,17.924935443154908,22.406169303943635,0.4481233860788727,73.10530341939022,-0.011203084651971817,316.03741861994905,2.2406169303943635,21.5,0.04481233860788727,0.022406169303943634,0.022406169303943634,4.481233860788727,0.0,0.04481233860788727,0.0,0.4481233860788727,0.04481233860788727,-152.91522752593812,0.04481233860788727,0.17924935443193135,0.22406169303985735,0.022406169303943634,0.011203084651971817,13.443701582366181,-0.04481233860788727,68.5284134559769,0.4481233860788727,-146.21060683878045,164.8691904469249,-4.481233860788727,8.962467721577454,2.2406169303943635,-0.04481233860788727,0.0,0.0672185079118309,-0.04481233860788727,-8.962467721577454,0.0,165.86919534527857,0.022406169303943634,-43.0,-0.04481233860788727,-0.04481233860788727,-0.04481233860788727,0.022406169303943634,152.8100746528956,-8.962467721577454,0.04481233860788727,316.03741861994905,-0.011203084651971817,36.89584661671252,-316.03741861994905,6.72185079118309,4.526046199396614,-608.0180071537063,152.8100746528956,-0.03360925395591545,537.1424223291488,-96.0,0.04481233860788727,-0.011203084651971815,2.240616930394367,44.81233860788727,-0.022406169303943634,-0.04481233860788727,0.011203084651971817,879.9128983231936,0.0,-264.298892565973,79.8099241065479,-46.0,0.0,602.6697604842025,-31.0,0.0,-32.0,-93.0,-65.0,0.0,16.0,23.0,46.5,0.0,15.5,-527.0596461423743,-277.8683858354569,0.0,65.0,-277.8683858354569,-602.6697604842025,325.98166647643933,0.0,1496.5981,hclb
482,0.0,0.0,0.0,0.0,0.0,0.0,0.0,0.0,-0.07385355856882946,0.0,0.0,0.0,0.0,0.0,0.0,0.0,108.96338250905865,1000.0,0.0,-937.5049993248971,0.0,0.0,0.0,0.0,0.0,0.0,0.0,0.0,0.0,0.0,0.0,0.0,7.707009522713491,0.0,0.0,0.0,0.0,999.7045857657249,0.0,-1000.0,1000.0,0.0,-806.8853085921013,-591.5659267542402,0.0,0.0,0.0,0.0,-324.28276434691975,-462.66038766807196,0.0,0.0,0.0,0.08123891442582476,0.0,0.0,0.0,0.0,0.0,0.0,-6.504036724628122,0.0,-638.181475937555,-644.6855126621831,0.0,0.0,0.0,0.0,0.0,0.0,0.0,0.7385355856882947,0.0,0.0,0.0,0.0,0.0,0.0,0.0,0.0,0.0,0.0,-214.47934851589673,0.0,44.312135141297674,0.0,0.0,333.59976535762144,-74.9450882259915,891.1473978287946,-0.018463389642207364,0.0,0.0,0.0,22.156067570648837,0.0,22.156067570648837,0.0,571.0954364729218,0.0,0.0,3.692677928441473,0.0,0.0,0.0,-21.660826832915273,254.28105107279202,0.0,0.0,0.0,0.0,0.0,0.0,0.0,0.0,0.0,0.0,0.0,0.0,0.0,0.0,0.0,0.0,0.0,-509.6153286806982,0.0,0.0,22.156067570648837,0.0,22.894603156337137,22.894603156337137,0.0,140.62500000500927,578.2545093678414,-718.8795093728506,718.8795093728506,0.0,0.0,0.0,0.0,0.0,0.0,0.0,0.0,0.0,220.1660725256966,0.07385355856882946,0.0,0.0,0.0,-746.8671645532944,0.0,0.0,0.0,214.47934851589673,0.0,516.3277136373932,0.0,0.0,0.0,0.0,0.0,148.6253273010928,148.6253273010928,0.0,0.0,0.0,-489.5833333333332,0.0,0.0,0.0,148.69918085966162,0.0,0.0,0.0,0.0,0.0,0.0,0.0,0.0,0.0,0.0,0.0,0.0,0.0,0.0,-656.0227176993876,0.0,0.0,0.0,0.0,-436.2593191992434,0.0,0.0,0.0,0.0,0.0,462.66038766807196,806.8853085921013,-816.2023096028031,816.2023096028031,0.0,0.0,0.0,0.0,0.0,0.0,0.0,0.0,-466.4162930543672,0.0,0.0,0.0,0.0,0.0,0.0,0.0,0.0,0.0,0.0,0.0,0.0,0.0,269.86250868826056,479.12753690803413,-591.5659267542402,0.0,0.0,0.0,0.0,77.54079058454822,0.0,0.0,0.0,0.0,-6.504036724628122,0.0,0.0,0.0,0.0,0.0,0.0,0.0,0.0,0.0,2.37808458591644,14.770711713765891,0.0,0.0,1000.0,934.3719127847103,0.0,0.0,591.5659267542402,0.0,0.0,0.0,0.0,0.0,0.0,0.0,223.88698602294056,0.0,0.0,-1000.0,-1000.0,0.0,0.0,0.0,1000.0,-891.1473978287946,0.0,-763.0243099384018,462.66038766807196,0.0,174.29984413516024,0.0,0.0,0.0,-374.09763137543973,0.0,374.09763137543973,0.0,439.3607172918531,0.0,0.0,-156.25527822994226,-489.5833333333332,0.0,0.0,-6.504036724628122,-0.11078033785324418,0.0,0.0,0.0,0.0,0.07385355856882946,0.0,0.0,0.0,334.1843764581299,108.96338250905865,0.0,-896.3006837565345,659.8609516135512,0.0,956.9267792844147,0.0,-464.8750812415084,0.0,-21.660826832915273,0.0,0.0,0.0,875.3730498505547,416.9199345509593,-827.4179031600056,-287.73645102492594,-1000.0,0.0,0.0,0.0,0.0,0.0,0.0,0.0,0.0,0.0,0.0,0.0,0.0,0.0,0.0,0.0,0.0,0.0,0.0,0.0,-1000.0,214.47934851589673,0.0,0.0,0.0,0.0,0.0,-222.54415711161303,0.0,571.0954364729218,0.0,131.29652839459055,0.0,0.0,0.0,823.7997767464763,-1.8463389642207364,-416.9199345509593,-588.858958381429,0.0,-285.0542830908448,0.0,0.0,-827.4924546749178,0.0,0.0,-3.692677928441473,703.1250000000128,0.0,-48.00481306973916,0.0,0.0,22.156067570648837,0.0,0.0,0.0,0.0,0.0,0.0,0.0,-269.86250868826056,269.86250868826056,269.86250868826056,99.89011511914939,0.0,0.0,-290.80924354932915,0.0,0.0,0.0,0.0,0.0,-13.008073449256244,0.0,0.0,65.22928828623411,0.0,0.0,0.0,0.0,-35.614644143117054,0.14770711713770823,0.0,0.0,0.0,0.0,0.0,0.0,0.0,0.0,0.0,0.0,0.0,0.0,0.0,0.0,0.0,0.0,0.0,0.0,0.0,0.08123891442582476,0.08123891442582476,0.0,351.0917969744947,0.0,44.312135141297674,0.0,0.0,0.0,1000.0,0.0,0.0,0.0,0.0,0.0,589.2065632739742,-1000.0,0.0,0.0,0.0,0.0,0.0,65.22928828623411,0.0,0.0,0.0,0.0,0.0,0.0,0.0,169.8717762268994,-334.1843764581299,492.5861134805024,0.0,5.686724009799865,0.0,0.0,0.0,-77.54079058454822,0.0,589.2065632739742,0.0,0.0,553.5919191308571,374.3343077149255,-374.3343077149255,269.86250868826056,0.0,0.0,0.0,0.0,0.0,0.0,0.0,0.0,0.0,0.0,0.0,0.0,0.0,44.312135141297674,0.0,0.0,0.0,0.0,0.0,0.0,0.0,0.0,0.0,0.0,0.0,0.0,0.7385355856882947,0.0,0.0,0.0,0.0,0.0,806.8853085921013,0.0,0.0,22.156067570648837,0.0,0.0,0.0,0.0,0.0,0.0,0.0,0.0,0.0,0.0,22.3037746877865,-884.9922723994675,0.0,22.156067570648837,22.156067570648837,1000.0,-1000.0,0.0,65.22928828623411,0.0,0.0,0.0,0.0,0.0,-712.2635489750741,0.0,-472.5669778478323,0.07385355856882946,0.0,0.0,0.0,5.955761973157747,0.0,0.0,0.0,0.0,0.0,0.0,0.0,0.0,0.0,0.0,0.0,0.0,0.0,0.0,0.0,0.0,0.0,0.07385355856882946,0.0,0.0,0.0,-853.7858030225631,853.7858030225631,0.0,0.0,0.0,0.0,-651.4487206386913,1000.0,0.0,0.0,-1000.0,-5.53901689266221,-3.692677928441476,0.0,0.0,0.0,0.0,0.0,0.0,0.0,0.0,0.0,0.0,0.0,0.0,0.0,0.0,0.0,0.0,-44.31213514129768,0.0,0.0,0.0,-0.07385355856882946,0.0,0.0,0.07385355856882946,0.0,0.07385355856882946,0.0,0.0,0.0,44.312135141297674,90.10134145397195,90.10134145397195,0.0,0.0,0.0,0.0,0.0,0.0,0.0,492.5861134805024,0.0,0.0,0.0,0.0,0.0,881.731841243331,0.0,0.0,0.0,0.0,0.0,0.0,0.0,0.0,0.0,0.0,0.0,0.0,0.0,77.54079058454822,0.0,0.0,0.0,0.11078033785324418,0.0,0.0,0.0,-22.156067570648837,0.0,0.0,0.0,0.0,0.0,-351.0917969744947,3.692677928441473,0.0,0.0,0.0,489.5833333333332,0.0,-428.90456352707815,0.0,0.0,0.0,0.0,0.0,0.0,0.0,0.0,0.0,0.0,0.0,-734.3750000049858,81.22928828623411,0.0,542.8154017667365,-21.660826832915273,0.0,0.0,571.0954364729218,-571.0954364729218,214.47934851589673,-90.10134145397195,0.0,3.692677928441476,667.1715529537128,0.0,0.0,0.0,-13.008073449256244,0.0,0.0,1000.0,-1000.0,0.0,0.0,0.0,0.0,0.0,644.9446839140631,0.0,90.10134145397195,0.0,-640.4332915384703,-640.4332915384703,640.4332915384703,0.0,0.0,0.0,0.0,0.0,2.37808458591644,0.0,0.0,367.7088476524813,-5.955761973157747,865.6740585024636,-806.8853085921013,22.156067570648837,0.0,0.0,0.0,0.0,223.57469240815405,0.0,0.0,0.08123891442582476,0.0,0.0,0.0,45.05067072698598,0.0,0.0,0.0,0.0,479.12753690803413,0.0,254.28105107279202,0.0,0.0,0.0,0.0,0.0,0.0,0.0,0.0,0.007385355856882945,0.007385355856882945,0.0,0.0,0.0,0.0,0.0,0.0,0.0,0.0,0.0,0.0,0.0,0.0,0.0,0.0,0.0,351.0917969744947,0.0,0.0,0.0,0.0,0.0,0.0,0.0,462.66038766807196,0.0,0.0,0.0,0.0,-1000.0,0.0,1000.0,0.0,0.0,0.0,44.312135141297674,0.0,0.0,0.0,0.0,0.0,0.0,-44.312135141297674,0.0,0.0,0.0,0.0,0.0,0.0,0.0,0.0,0.0,0.0,0.0,0.0,472.5669778478323,-1000.0,932.3215288629792,0.0,-22.156067570648837,0.0,999.7045857657249,0.0,0.0,0.0,0.0,0.0,0.0,0.0,0.0,0.0,0.0,0.0,0.0,0.0,0.0,0.0,0.0,0.0,-9.231694821103686,0.0,-5.53901689266221,876.1928243506688,0.0,0.0,0.0,0.0,0.0,0.0,-0.9231694821103684,227.48742196515298,0.0,0.0,0.0,0.0,0.0,0.0,0.0,1000.0,22.156067570648837,22.156067570648837,0.0,0.0,0.0,0.0,0.0,0.08123891442582476,351.0917969744947,0.0,0.0,-999.7045857657249,0.0,0.0,0.0,0.0,0.0,0.0,0.0,0.0,0.0,0.0,0.0,0.0,0.0,0.0,0.0,0.0,0.0,22.894603156337137,0.0,77.54623649727093,5.686724009799865,0.0,0.0,0.0,0.0,0.0,351.0917969744947,0.0,425.2118855986367,0.0,0.0,0.0,-9.231694821103686,0.0,0.0,0.0,0.0,0.0,0.0,0.0,0.0,0.0,0.0,0.0,0.0,0.0,0.0,0.0,0.0,0.0,0.0,-0.07385355856882946,0.0,0.0,3.692677928441473,-589.2065632739742,0.0,0.0,0.0,0.0,0.0,0.0,0.0,0.0,-875.3730498505547,1.8463389642207364,0.0,0.0,0.0,0.07385355856882946,0.0,73.85355856882946,0.0,14.770711713765891,0.5275254183487819,251.84063471970848,-0.05539016892662209,3.692677928441526,1.4770711713765892,-0.3692677928439151,-251.84063471970848,22.156067570648837,-0.07385355856882946,7.220275610971758,65.22928828623411,0.018463389642207364,0.5275254183487819,-21.660826832915273,-11.757486524157855,-1.4770711713765892,-171.45838318416156,-0.07385355856882946,0.018463389642207364,-251.84063471970848,7.385355856882946,0.07385355856882946,0.07385355856882946,-350.93670450150006,0.0812389144257124,0.0,-0.05539016892662209,22.156067570648837,0.07385355856882946,22.156067570648837,-36.92677928441473,-0.03692677928441473,-473.0060599715627,-85.0,-0.05539016892662209,-0.07385355856882946,0.0,0.07385355856882946,7.385355856882946,-1.4770711713765892,77.54079058454822,77.54079058454822,-7.385355856882946,171.45838318416156,-77.54079058454822,14.770711713765891,0.11078033785324418,722.7643993238062,7.385355856882946,-169.8717762268994,65.22928828623411,-14.770711713765891,0.03692677928441473,0.7385355856882947,224.0751709391336,96.0,-0.07385355856882946,-367.7088476524813,350.93670450150006,22.894603156337137,0.07385355856882946,11.757486524157855,-23.39498199636123,65.22928828623411,-0.07385355856882946,-0.018463389642207364,-65.22928828623411,-0.07385355856882962,-289.8956952159091,0.07385355856882946,-0.018463389642207364,-0.018463389642207364,-0.018463389642207364,29.541423427531782,36.92677928441473,0.7385355856882947,54.716255204680564,-0.018463389642207364,440.93006626729544,3.692677928441473,21.5,0.07385355856882946,0.03692677928441473,0.03692677928441473,40.0,0.0,0.07385355856882946,0.0,0.7385355856882947,0.07385355856882946,-54.716255204680564,0.07385355856882946,0.29541423427506414,0.3692677928439151,0.03692677928441473,0.018463389642207364,22.156067570648837,-0.07385355856882946,0.0,0.7385355856882946,-109.43251040936113,1.846338964220684,-7.385355856882946,14.770711713765891,3.692677928441473,-0.07385355856882946,21.660826832915273,0.11078033785324418,-0.07385355856882946,-80.0,0.0,11.249022658008755,0.03692677928441473,-43.0,-0.07385355856882946,-0.07385355856882946,-0.07385355856882946,0.03692677928441473,251.84063471970848,-14.770711713765891,0.07385355856882946,448.1503418782672,-0.018463389642207364,-0.0812389144257124,-448.1503418782672,11.078033785324418,85.0,-628.834312352812,251.84063471970848,-0.05539016892662209,367.7088476524813,-96.0,0.07385355856882946,-0.01846338964220736,134.98920632303202,73.85355856882946,-0.03692677928441473,-0.07385355856882946,0.018463389642207364,47.08881112079887,0.0,-722.8013261030906,0.0,-46.0,0.0,-74.78772572223895,-31.0,0.0,-32.0,-93.0,-65.0,0.0,16.0,23.0,46.5,0.0,15.5,-351.0917969744947,-234.8237150661628,0.0,65.0,-234.8237150661628,74.78772572223895,-29.38904979138033,0.0,1496.5981,hclb
483,0.0,0.0,0.0,0.0,0.0,0.0,0.0,0.0,-0.024187995569146515,0.0,0.0,0.0,0.0,0.0,0.0,0.0,-1000.0,282.2912308780524,0.0,1000.0,0.0,0.0,0.0,964.6424335038123,0.0,188.1924689497926,0.0,0.0,0.0,898.268887119641,0.0,0.0,26.79213533945649,0.0,0.0,0.0,0.0,1000.0,0.0,-1000.0,1000.0,0.0,0.0,-760.9978851908212,0.0,0.0,605.0335519592777,0.0,862.7289980711803,-60.59946979681331,0.0,0.0,0.0,0.026606795126042124,0.0,0.0,0.0,0.0,0.0,0.0,-172.2081495250973,0.0,0.0,-172.2081495250973,0.0,0.0,0.0,0.0,0.0,0.0,0.0,0.24187995569146517,0.0,0.0,0.0,0.0,0.0,0.0,0.0,0.0,0.0,0.0,-162.29233976077606,0.0,14.51279734148791,0.0,137.83723882016128,-217.72691011862446,136.80372847965657,363.21441251702026,531.2082521578476,0.0,0.0,-868.3153203286608,7.256398670743955,0.0,7.256398670743955,-0.7788534573269373,0.0,0.0,0.0,1.2093997784573258,898.268887119641,0.0,0.0,-3.673309958465393,293.03396715043243,0.0,0.0,0.0,0.0,0.0,0.0,0.0,0.0,0.0,0.0,0.0,0.0,0.0,0.0,0.0,0.0,0.0,-530.83513136533,0.0,0.0,7.256398670743955,0.0,7.498278626435419,7.498278626435419,0.0,0.0,-207.41192661448858,207.41192661448858,-207.41192661448858,0.0,0.0,0.0,0.0,0.0,0.0,0.0,0.0,0.0,301.9920542397616,0.024187995569146515,531.2142991567399,0.0,0.0,189.44705147308332,-1000.0,0.0,0.0,0.0,0.0,-169.76799910301426,0.0,0.0,0.0,0.0,0.0,-191.4976475032247,-191.4976475032247,0.0,0.0,0.0,0.0,185.1091272153444,0.0,0.0,-191.47345950765555,0.0,0.0,0.0,-52.88376749286306,0.0,0.0,0.0,0.0,0.0,0.0,0.0,0.0,0.0,0.0,-826.1331207433801,0.0,0.0,0.0,0.0,-1000.0,0.0,0.0,0.0,0.0,0.0,60.59946979681331,0.0,-500.01814099667683,500.01814099667683,0.0,0.0,0.0,0.0,0.0,0.0,0.0,0.0,-425.3421171834884,0.0,0.0,0.0,0.0,0.0,0.0,0.0,0.0,0.0,0.0,0.0,0.0,0.0,104.78589796612002,484.19417960414285,-760.9978851908212,0.0,0.0,0.0,0.0,82.5570124475162,0.0,0.0,0.0,0.0,-172.2081495250973,0.0,0.0,0.0,0.0,0.0,0.0,0.0,0.0,0.0,0.0,4.837599113829303,0.0,0.0,-636.8218694763334,0.0,144.983946955879,0.0,760.9978851908212,0.0,0.0,0.0,-273.9392624054562,0.0,0.0,0.0,15.364689151387466,0.0,0.0,-1000.0,0.0,0.0,-999.9999999999998,0.0,0.0,-363.21441251702026,0.0,137.27100192881983,60.59946979681331,0.0,-0.07594755672658948,0.0,0.0,0.0,0.0,0.0,0.0,0.0,0.0,0.0,0.0,1000.0,0.0,0.0,0.0,-172.2081495250973,-0.036281993353719774,0.0,0.0,0.0,0.0,0.024187995569146515,0.0,0.0,0.0,910.1865888817398,-1000.0,0.0,-108.81534299265445,696.6553059978925,0.0,932.0939977845733,0.0,0.0,0.0,-3.673309958465393,0.0,0.0,0.0,-2.0825864185034955,2.0825864185034955,0.0,-1000.0,-1000.0,0.0,0.0,0.0,0.0,0.0,0.0,0.0,0.0,0.0,0.0,0.0,0.0,0.0,0.0,0.0,0.0,0.0,-144.98664354588016,0.0,-1000.0,0.0,0.0,0.0,0.0,0.0,0.0,-301.9920542397616,0.0,162.29233976077603,0.0,0.0,0.0,0.0,0.0,0.0,0.0,-2.0825864185034955,-222.15659137420602,-1.2093997784573258,0.0,-32.56913603385579,0.0,-1.2093997784573258,7.4967322932990355,-0.6046998892286629,0.0,0.0,0.0,-1.1812466501948984,-554.4476433086533,-14.54095046975034,7.256398670743955,0.0,0.0,0.0,0.0,0.0,0.0,1000.0,895.21410203388,-895.21410203388,-895.21410203388,91.8357108446361,0.0,0.0,0.0,0.0,0.0,0.0,0.0,0.0,-68.74182140987205,0.0,0.0,75.1624008861707,0.0,0.0,0.0,0.0,-40.58120044308535,0.04837599113830038,0.0,0.0,0.0,0.0,0.0,0.0,0.0,0.0,0.0,0.0,0.0,0.0,0.0,0.0,0.0,0.0,0.0,0.0,0.0,0.026606795126042124,0.026606795126042124,0.0,195.94829885229072,0.0,14.51279734148791,0.0,0.0,0.0,1000.0,0.0,0.0,137.83723882016128,0.0,0.0,440.4168711516413,-1000.0,0.0,0.0,0.0,0.0,0.0,75.1624008861707,0.0,0.0,0.0,0.0,0.0,0.0,0.0,176.94504378844331,-910.1865888817398,517.5189813764842,0.0,139.69971447898556,0.0,-76.48284008040346,-791.8324802482574,-874.3894926957736,0.0,-188.2778428037077,0.0,1000.0,-600.1643292914441,234.37500000000196,-234.37500000000196,104.78589796612002,0.0,0.0,0.0,0.0,0.0,0.0,0.0,0.0,0.0,0.0,0.0,0.0,0.0,14.51279734148791,0.0,0.0,0.0,0.0,0.0,0.0,0.0,0.0,0.0,0.0,0.0,0.0,0.24187995569146517,0.0,0.0,137.83723882016128,-137.83723882016128,0.0,0.0,0.0,0.0,7.256398670743955,0.0,0.0,0.0,0.0,0.0,0.0,0.0,0.0,0.0,0.0,1000.0,0.0,0.0,7.256398670743955,7.256398670743955,1000.0,-1000.0,0.0,75.1624008861707,0.0,0.0,0.0,0.0,0.0,0.0,0.0,190.62052611819763,0.024187995569146515,0.0,0.0,-445.312499999726,447.26308907098075,0.0,0.0,868.3153203286608,0.0,0.0,0.0,0.0,0.0,0.0,48.36113184271915,0.0,0.0,0.0,0.0,0.0,0.0,0.0,0.024187995569146515,0.0,0.0,0.0,-1000.0,1000.0,0.0,0.0,0.0,0.0,0.0,497.2776361165661,0.0,-636.9773505955517,-855.0133564541198,-1.8140996676859888,-1.209399778457327,0.0,0.0,109.37500000000003,109.37500000000003,-109.37500000000003,0.0,0.0,0.0,0.0,0.0,0.0,0.0,0.0,0.0,0.0,0.0,-14.512797341487913,0.0,0.0,0.0,-0.024187995569146515,0.0,0.0,0.024187995569146515,0.0,0.024187995569146515,145.08339552815747,0.0,0.0,14.51279734148791,29.509354594358754,29.509354594358754,0.0,0.0,0.0,0.0,0.0,0.0,162.29233976077606,517.5189813764842,0.0,0.0,0.0,0.0,0.0,0.0,0.0,0.0,0.0,0.0,0.0,0.0,0.0,0.0,0.0,0.0,0.0,0.0,0.0,82.5570124475162,0.0,-43.109073421635145,43.109073421635145,0.036281993353719774,0.0,0.0,0.0,-7.256398670743955,0.0,0.0,0.0,0.0,0.0,-195.94829885229072,1.2093997784573258,0.0,0.0,0.0,0.0,-185.1091272153444,-497.2776361165661,0.0,0.0,0.0,0.0,0.0,0.0,0.0,0.0,0.0,0.0,0.0,992.6053884386545,91.1624008861707,0.0,577.6813822626549,-3.673309958465393,0.0,-799.2696903563277,799.2696903563277,0.0,0.0,-303.44861699981493,0.0,1.209399778457327,647.6337993561738,0.0,0.0,0.0,-344.4162990501946,921.8750000000026,-921.8750000000026,462.98900678995494,-462.98900678995494,0.0,0.0,0.0,0.0,0.0,824.3190210756941,-1.8140996676859902,29.509354594358754,0.0,0.0,0.0,0.0,0.0,0.0,0.0,0.0,0.0,0.0,0.0,0.0,199.5764981876627,-1.950589071254744,-900.1665913598357,0.0,7.256398670743955,137.83723882016128,0.0,0.0,0.0,-269.8537624050457,0.0,0.0,0.026606795126042124,0.0,0.0,0.0,14.754677297179374,0.0,0.0,0.0,0.0,484.19417960414285,0.0,293.03396715043243,0.0,0.0,0.0,0.0,0.0,0.0,0.0,0.0,0.002418799556914721,0.002418799556914721,0.0,0.0,0.0,0.0,0.0,145.08339552815747,0.0,0.0,0.0,-445.312499999726,0.0,0.0,0.0,0.0,0.0,195.94829885229072,0.0,0.0,0.0,0.0,0.0,0.0,0.0,60.59946979681331,0.0,0.0,0.0,275.67447764032255,0.0,0.0,282.2912308780524,0.0,0.0,0.0,14.512797341487913,0.0,0.0,0.0,0.0,0.0,-114.1512750496565,99.6384777081686,0.0,275.67447764032255,0.0,0.0,0.0,0.0,0.0,0.0,0.0,0.0,0.0,0.0,-247.7827352672275,-101.73111288035898,16.56877696486537,0.0,-7.256398670743955,0.0,854.9166044718426,0.0,0.0,0.0,0.0,0.0,0.0,0.0,0.0,0.0,0.0,0.0,0.0,0.0,0.0,0.0,0.0,0.0,-3.023499446143316,0.0,-1.8140996676859888,0.0,0.0,0.0,0.0,0.0,0.0,-0.3023499446143315,0.0,68.74182140987205,0.0,0.0,0.0,0.0,0.0,0.0,0.0,942.8377908509701,7.256398670743955,7.256398670743955,0.0,0.0,0.0,0.0,0.0,0.026606795126042124,195.94829885229072,0.0,0.0,-1000.0,0.0,0.0,0.0,0.0,0.0,0.0,0.0,0.0,0.0,0.0,0.0,0.0,0.0,0.0,0.0,0.0,0.0,7.498278626435419,0.0,25.397395347603844,0.0,0.0,301.9920542397616,0.0,0.0,0.0,195.94829885229072,0.0,495.28938288078183,0.0,0.0,0.0,-3.023499446143316,0.0,0.0,0.0,0.0,0.0,0.0,0.0,0.0,0.0,0.0,0.0,0.0,0.0,0.0,0.0,0.0,0.0,0.0,-0.024187995569146515,0.0,0.0,1.2093997784573258,-440.4168711516413,0.0,0.0,0.0,0.0,0.0,0.0,0.0,0.0,2.0825864185034955,0.6046998892286629,0.0,0.0,188.1924689497926,0.024187995569146515,0.0,24.187995569146516,0.0,4.837599113829303,0.17277139692247512,82.48106489078961,-0.018140996676859887,1.2093997784573258,0.48375991138293034,144.96245555031098,-82.48106489078961,7.256398670743955,-0.02418799556914652,1.2244366528217976,75.1624008861707,0.00604699889228663,0.17277139692247512,-3.673309958465393,-141.6879677147698,-0.48375991138293034,-282.2912308780524,-0.02418799556914652,0.00604699889228663,-82.48106489078961,2.4187995569146516,0.02418799556914652,0.024187995569146515,-195.89750406159553,-137.8106320250352,-60.02671586561104,-0.018140996676859887,7.256398670743955,0.02418799556914652,7.256398670743955,-12.093997784573258,-0.01209399778457326,237.1413348855561,-85.0,-0.018140996676859887,-0.02418799556914652,0.0,0.024187995569146515,2.4187995569146516,-0.48375991138293034,82.5570124475162,82.5570124475162,-2.4187995569146516,282.2912308780524,-82.5570124475162,4.837599113829303,0.036281993353719774,-566.7067068744809,2.4187995569146516,-176.94504378844331,75.1624008861707,-4.837599113829303,0.01209399778457326,0.24187995569146517,27.203835748163613,96.0,-0.024187995569146515,-201.3905978553487,195.89750406159553,7.498278626435419,0.02418799556914652,141.6879677147698,46.13680620319485,75.1624008861707,-0.024187995569146515,-0.00604699889228663,-75.1624008861707,-0.02418799556914652,-333.61516759351775,0.024187995568919145,-0.00604699889228663,-0.00604699889228663,-0.00604699889228663,9.675198227658607,12.093997784573258,0.24187995569146517,17.920281217292086,-0.00604699889228663,53.183234843505424,1.2093997784573258,21.5,0.024187995569146515,0.01209399778457326,0.01209399778457326,40.0,0.0,0.024187995569146515,0.0,0.24187995569146517,0.02418799556914652,-17.920281217292086,0.02418799556914652,0.09675198227731498,-144.96245555031098,0.01209399778457326,0.00604699889228663,7.256398670743955,-0.02418799556914652,60.02671586561104,0.24187995569146517,-35.84056243458417,0.604699889228663,-2.4187995569146516,4.837599113829303,1.2093997784573258,-0.02418799556914652,3.673309958465393,0.036281993353719774,-0.02418799556914652,-80.0,0.0,304.22963977504253,0.01209399778457326,-43.0,-0.02418799556914652,-0.024187995568919145,-0.02418799556914652,0.01209399778457326,82.48106489078961,-4.837599113829303,0.024187995569146515,54.407671496327225,-0.00604699889228663,137.8106320250352,-54.407671496327225,3.6281993353719773,85.0,169.1167469213476,82.48106489078961,-0.018140996676859887,201.3905978553487,-96.0,0.02418799556914652,-0.006046998892286628,1.209399778457327,24.187995569146516,-0.01209399778457326,-0.02418799556914652,0.00604699889228663,392.56876046188205,0.0,566.6946128766964,0.0,-46.0,0.0,361.0472266400411,-31.0,0.0,-32.0,-93.0,-65.0,0.0,16.0,23.0,46.5,0.0,15.5,-195.94829885229072,-34.375877369996836,0.0,65.0,-34.375877369996836,-361.0472266400411,156.2458104399658,0.0,1496.5981,hclb
484,0.0,0.0,0.0,0.0,0.0,0.0,0.0,0.0,102.17938351048608,0.0,0.0,0.0,0.0,0.0,0.0,0.0,-343.29666465891654,206.789197909417,0.0,0.0,0.0,0.0,0.0,393.3934453444253,0.0,0.0,0.0,0.0,0.0,-776.892896485449,0.0,0.0,21.111523669974318,0.0,0.0,0.0,0.0,999.8225908446416,0.0,-1000.0,405.1899283697153,0.0,-851.2400615743697,268.9494995699958,0.0,0.0,0.0,0.0,0.0,0.0,0.0,0.0,0.0,0.048787517723155815,0.0,0.0,0.0,0.0,0.0,0.0,-38.409151250177416,0.0,38.409151250177416,0.0,0.0,0.0,0.0,0.0,775.71959589886,0.0,0.0,0.44352288839293846,0.0,0.0,0.0,0.0,0.0,0.0,0.0,0.0,0.0,0.0,0.0,0.0,26.611373303576308,0.0,34.503193013061995,-194.79119067631203,790.5821290666265,-6.305512536197739,-0.011088072209823462,0.0,0.0,311.5430139843455,13.305686651788154,0.0,13.305686651788154,0.0,956.9128628204576,0.0,0.0,2.217614441964692,-864.2321307293553,0.0,0.0,-8.908290746677357,0.0,0.0,0.0,0.0,0.0,0.0,0.0,0.0,0.0,0.0,0.0,0.0,0.0,0.0,0.0,0.0,0.0,0.0,-426.6624362239746,0.0,0.0,13.305686651788154,0.0,13.749209540181091,0.0,0.0,-693.7341234048824,693.7341234048824,0.0,0.0,-215.5069408687217,247.0138533301712,-247.0138533301712,215.5069408687217,0.0,0.0,0.0,0.0,0.0,37.918319253687564,0.044352288839293846,0.0,0.0,0.0,-410.20601603753767,0.0,0.0,0.0,0.0,0.0,172.13917684177622,0.0,0.0,0.0,0.0,0.0,-30.255399153252228,-30.255399153252228,0.0,0.0,0.0,0.0,0.0,0.0,0.0,-30.211046864412932,0.0,0.0,0.0,524.2621503684206,0.0,0.0,0.0,0.0,0.0,0.0,0.0,0.0,0.0,0.0,-50.677292209575626,0.0,0.0,0.0,0.0,-1000.0,0.0,0.0,0.0,0.0,0.0,0.0,851.2400615743697,137.6759454495844,-137.6759454495844,0.0,0.0,0.0,0.0,0.0,0.0,0.0,87.33923424390625,-539.2084778352328,0.0,0.0,0.0,0.0,0.0,0.0,0.0,0.0,0.0,0.0,0.0,0.0,0.0,127.92120462029047,384.94693157325514,268.9494995699958,0.0,0.0,0.0,0.0,80.52041882723132,0.0,0.0,0.0,0.0,-38.409151250177416,0.0,0.0,0.0,0.0,0.0,0.0,0.0,0.0,0.0,705.3121528910272,8.870457767858769,0.0,0.0,-801.6661220426724,-1000.0,794.1248163476421,0.0,-268.9494995699958,0.0,0.0,0.0,-372.91523620850467,0.0,0.0,0.0,-65.39118513867174,0.0,0.0,-1000.0,0.0,0.0,-1000.0,0.0,0.0,928.2580745162109,0.0,539.2563340353134,0.0,0.0,43.22246703439849,0.0,0.0,0.0,-1000.0,0.0,1000.0,0.0,-133.8093304812775,0.0,0.0,-779.1393637390242,0.0,0.0,0.0,-38.409151250177416,-0.06652843325894077,0.0,0.0,0.0,0.0,0.044352288839293846,0.0,0.0,0.0,200.86174162995337,-343.29666465891654,0.0,-493.4500564209182,456.70325393933746,0.0,347.3660727893622,0.0,1000.0,0.0,-8.908290746677357,0.0,0.0,0.0,924.390348311862,-924.390348311862,-1000.0,-1000.0,-1000.0,0.0,0.0,0.0,0.0,0.0,0.0,0.0,0.0,0.0,0.0,0.0,0.0,0.0,0.0,0.0,0.0,0.0,0.0,0.0,-1000.0,0.0,0.0,703.8840091903984,0.0,0.0,0.0,-743.2304721447147,0.0,956.9128628204576,0.0,0.0,0.0,-220.6632602857068,0.0,0.0,0.0,369.3340126987089,0.0,0.0,-217.46277434580395,229.53333704276974,0.0,-2.217614441964692,-914.177518836776,-1.108807220982346,-2.217614441964692,-160.3587637921422,0.0,0.0,41.0847123429552,834.2298423972253,13.305686651788154,0.0,0.0,0.0,0.0,0.0,102.22373579932537,0.0,-127.92120462029047,127.92120462029047,127.92120462029047,93.03783297881859,0.0,0.0,0.0,0.0,0.0,87.33923424390625,0.0,0.0,-7.811916474230839,0.0,890.6249999999991,71.12954223214123,0.0,0.0,0.0,0.0,-38.56477111607062,0.08870457767852713,0.0,0.0,0.0,0.0,0.0,0.0,0.0,0.0,0.0,775.71959589886,0.0,0.0,0.0,0.0,0.0,0.0,0.0,0.0,0.0,0.048787517723155815,0.048787517723155815,0.0,215.0507468524317,0.0,26.611373303576308,0.0,293.42975807463694,0.0,1000.0,0.0,0.0,34.503193013061995,0.0,0.0,340.78209758657806,-1000.0,0.0,0.0,0.0,0.0,0.0,71.12954223214123,0.0,0.0,0.0,0.0,0.0,0.0,0.0,142.2208120746582,-200.86174162995337,410.20601603753767,0.0,37.918319253687564,0.0,231.0225951571142,80.52041882723132,0.0,0.0,340.78209758657806,0.0,251.49107795862875,50.72624851187868,0.0,0.0,127.92120462029047,0.0,0.0,0.0,0.0,0.0,0.0,0.0,0.0,0.0,0.0,0.0,0.0,0.0,26.611373303576308,0.0,0.0,0.0,0.0,0.0,0.0,0.0,0.0,0.0,0.0,0.0,0.0,0.44352288839293846,0.0,0.0,34.503193013061995,-34.503193013061995,0.0,851.2400615743697,0.0,0.0,13.305686651788154,0.0,0.0,0.0,0.0,0.0,0.0,0.0,0.0,0.0,0.0,1000.0,0.0,0.0,13.305686651788154,13.305686651788154,1000.0,-1000.0,0.0,71.12954223214123,0.0,0.0,0.0,0.0,0.0,864.2321307293553,87.33923424390625,842.838485234612,0.044352288839293846,0.0,0.0,-234.25921140001276,292.83274485356304,0.0,0.0,-311.5430139843455,0.0,0.0,0.0,0.0,0.0,0.0,0.0,0.0,0.0,0.0,0.0,0.0,0.0,0.0,0.044352288839293846,0.0,0.0,0.0,0.0,0.0,0.0,0.0,0.0,0.0,0.0,917.5663998661413,0.0,0.0,-1000.0,-3.3264216629470384,-2.217614441964692,0.0,0.0,-828.125,-828.125,828.125,0.0,0.0,0.0,0.0,0.0,0.0,0.0,0.0,0.0,0.0,0.0,836.44745683919,0.0,0.0,0.0,102.17938351048608,0.0,0.0,0.044352288839293846,0.0,0.044352288839293846,0.0,0.0,0.0,26.611373303576308,54.1097923839385,54.1097923839385,0.0,0.0,0.0,0.0,0.0,0.0,0.0,410.20601603753767,0.0,87.33923424390625,0.0,0.0,928.2090803809251,0.0,0.0,0.0,0.0,0.0,0.0,0.0,0.0,0.0,0.0,0.0,0.0,0.0,0.0,80.52041882723132,0.0,0.0,0.0,0.06652843325894077,0.0,0.0,0.0,-13.305686651788154,0.0,0.0,0.0,0.0,0.0,-215.0507468524317,2.217614441964692,0.0,0.0,0.0,0.0,0.0,743.2304721447147,0.0,0.0,890.6249999999991,0.0,0.0,0.0,0.0,0.0,0.0,0.0,0.0,-703.1249999999725,87.12954223214123,0.0,466.3355582696789,-8.908290746677352,0.0,0.0,956.9128628204576,-956.9128628204576,0.0,-427.02502859244316,293.42975807463694,2.217614441964692,738.1794222180786,0.0,0.0,0.0,-76.81830250035483,0.0,0.0,-578.1249999999987,578.1249999999987,0.0,0.0,0.0,0.0,0.0,119.14179016570341,-75.11734128202204,54.1097923839385,0.0,73.92982141231705,73.92982141231705,-73.92982141231705,0.0,0.0,0.0,0.0,0.0,705.3121528910272,0.0,0.0,149.91267055925096,-834.2931293524102,-124.81195608476781,-851.2400615743697,13.305686651788154,34.503193013061995,0.0,0.0,0.0,26.841039071151982,0.0,0.0,0.048787517723155815,0.0,0.0,0.0,27.054896191969245,0.0,0.0,0.0,0.0,384.94693157325514,0.0,0.0,0.0,0.0,0.0,0.0,0.0,0.0,-1000.0,0.0,633.5620805059342,0.004435228883929554,0.0,0.0,0.0,0.0,0.0,0.0,0.0,0.0,0.0,-234.25921140001276,0.0,0.0,0.0,0.0,0.0,215.0507468524317,0.0,0.0,0.0,0.0,0.0,0.0,0.0,0.0,0.0,0.0,0.0,69.00638602612399,0.0,703.9030662918501,206.789197909417,0.0,0.0,0.0,26.611373303576308,0.0,0.0,0.0,0.0,0.0,0.0,-26.611373303576308,0.0,69.00638602612399,0.0,0.0,0.0,0.0,0.0,0.0,0.0,0.0,0.0,0.0,-1000.0,-1000.0,958.5903982358412,0.0,-13.305686651788154,0.0,999.8225908446416,0.0,0.0,0.0,0.0,0.0,0.0,0.0,0.0,0.0,0.0,0.0,0.0,0.0,0.0,0.0,0.0,293.42975807463694,-5.544036104911731,0.0,-3.3264216629470384,1000.0,0.0,0.0,0.0,0.0,0.0,0.0,-0.554403610491173,7.811916474230839,0.0,0.0,0.0,0.0,0.0,0.0,0.0,842.838485234612,13.305686651788154,13.305686651788154,0.0,0.0,0.0,0.0,0.0,0.048787517723155815,215.0507468524317,0.0,0.0,-999.8225908446416,633.5576452770503,0.0,0.0,0.0,0.0,0.0,0.0,0.0,0.0,0.0,0.0,0.0,0.0,0.0,0.0,0.0,0.0,0.0,0.0,46.56990328125854,0.0,0.0,37.918319253687564,0.0,0.0,0.0,215.0507468524317,0.0,-41.56407739628098,0.0,0.0,0.0,-5.544036104911731,0.0,0.0,0.0,0.0,0.0,0.0,0.0,0.0,0.0,0.0,0.0,0.0,0.0,0.0,0.0,0.0,0.0,0.0,-0.044352288839293846,0.0,0.0,2.217614441964692,-340.78209758657806,0.0,0.0,0.0,0.0,0.0,0.0,0.0,0.0,-924.390348311862,1.108807220982346,0.0,0.0,0.0,0.044352288839293846,0.0,44.35228883929384,-13.749209540181091,8.870457767858769,0.3168020631378132,123.74288586162982,-0.033264216629470385,2.217614441964692,0.8870457767858769,-0.22176144419768207,-123.74288586162982,13.305686651788154,-0.044352288839293846,2.9694302488924524,71.12954223214123,0.011088072209823462,0.3168020631378132,-8.908290746677357,-41.56407739628098,-0.8870457767858824,136.50746674949954,-0.044352288839293846,0.011088072209823462,-123.74288586162982,4.435228883929384,0.044352288839293846,0.044352288839293846,-214.95760704586925,-34.454405495338754,-41.85971329269021,-0.033264216629470385,13.305686651788154,0.044352288839293846,13.305686651788154,-22.176144419646924,-0.022176144419646923,-112.4628820557313,-85.0,-0.033264216629470385,-0.044352288839293846,-13.749209540181091,0.044352288839293846,4.435228883929384,-0.8870457767858769,80.52041882723132,80.52041882723132,-4.435228883929384,-136.50746674949954,-80.52041882723132,8.870457767858769,0.06652843325894077,-1000.0,4.435228883929384,-142.2208120746582,71.12954223214123,-8.870457767858769,0.022176144419646923,0.44352288839293846,123.36251410522955,96.0,-0.044352288839293846,-225.030011841273,214.95760704586925,13.749209540181091,0.044352288839293846,41.56407739628098,17.906795624988646,71.12954223214123,-0.044352288839293846,-0.011088072209823462,-71.12954223214123,-0.044352288839293846,-38.56477111607062,0.044352288839293846,-0.011088072209823462,-0.011088072209823462,-0.011088072209823462,17.740915535717537,22.176144419646924,0.44352288839293846,258.8582102009659,-0.011088072209823462,243.75559796156665,2.217614441964692,21.5,0.044352288839293846,0.022176144419646923,0.022176144419646923,40.0,13.749209540181091,0.044352288839293846,-13.749209540181091,0.44352288839293846,0.044352288839293846,-710.8556266152651,0.044352288839293846,0.1774091553584185,0.22176144419768207,0.022176144419646923,0.011088072209823462,13.305686651788154,-0.044352288839293846,41.85971329269021,0.4435228883929412,-517.7164204019318,1.108807220982346,-4.435228883929384,8.870457767858769,2.217614441964692,-0.044352288839293846,8.908290746677357,0.06652843325894077,-0.044352288839293846,-80.0,13.749209540181091,164.61867969536337,0.022176144419646923,-43.0,-0.044352288839293846,-0.044352288839293846,-0.044352288839293846,0.022176144419646923,123.74288586162982,-8.870457767858769,0.044352288839293846,246.7250282104591,-0.011088072209823462,34.454405495338754,-246.7250282104591,6.652843325894075,85.0,947.8554596990383,123.74288586162982,-0.033264216629470385,225.030011841273,-96.0,0.044352288839293846,-0.011088072209823462,2.217614441964692,44.35228883929384,-0.022176144419646923,-0.044352288839293846,0.011088072209823462,0.0,0.0,78.02526187556724,451.9974164142992,139.32499284814483,0.0,-108.0,-31.0,0.0,93.75532725246191,-93.0,-65.0,-921.9525619800131,-46.877663626230955,-69.66249642407242,46.5,0.0,15.5,-215.0507468524317,-191.45971876651535,921.9525619800131,65.0,-191.45971876651535,108.0,-65.17101225445901,0.0,1496.5981,hclb
485,0.0,0.0,0.0,0.0,0.0,0.0,0.0,0.0,-0.03840775711183724,0.0,0.0,0.0,0.0,0.0,0.0,0.0,766.0004757630966,-882.578124999995,0.0,0.0,0.0,0.0,0.0,988.4008573522252,0.0,0.0,0.0,0.0,0.0,-1000.0,0.0,0.0,458.77765251765123,0.0,0.0,0.0,0.0,333.35027612403394,0.0,-1000.0,1000.0,0.0,0.0,-1000.0,0.0,0.0,0.0,0.0,233.99952423690343,0.0,0.0,0.0,0.0,0.04224853282289587,0.0,0.0,0.0,0.0,0.0,0.0,46.46551844269729,0.0,-89.98242392989835,-356.0208135887532,0.0,0.0,0.0,0.0,620.0953202986001,-620.0953202986001,0.0,0.38407757111837243,0.0,0.0,0.0,0.0,0.0,0.0,0.0,93.92825596183643,0.0,0.0,0.0,0.0,23.044654267102345,0.0,54.32000778150436,84.05487133255883,200.63252056945726,234.05713587257117,-0.00960193927795931,0.0,0.0,672.2362614068152,11.522327133551173,0.0,35.56605136449396,0.0,0.0,0.0,0.0,67.21855597767929,-1000.0,0.0,0.0,0.0,0.0,0.0,0.0,0.0,0.0,0.0,0.0,0.0,0.0,0.0,0.0,0.0,0.0,0.0,0.0,0.0,0.0,0.0,-976.3903590165551,0.0,0.0,35.56605136449396,0.0,11.906404704669544,0.0,0.0,-272.8880351694256,-645.2447773305761,918.1328125000017,-918.1328125000017,0.0,1000.0,-1000.0,-312.5039081015521,0.0,0.0,0.0,0.0,0.0,57.27740507911582,0.03840775711184108,0.0,0.0,0.0,0.0,0.0,0.0,0.0,0.0,0.0,-186.82552362883467,0.0,0.0,0.0,0.0,0.0,643.6469533256059,643.6469533256059,0.0,0.0,0.0,0.0,853.7495091858499,0.0,0.0,643.6853610827177,0.0,0.0,0.0,-394.9650027574132,0.0,0.0,0.0,0.0,0.0,0.0,0.0,0.0,0.0,0.0,-444.2447240200709,0.0,0.0,0.0,0.0,-1000.0,0.0,0.0,0.0,0.0,0.0,0.0,0.0,200.63252056945726,-200.63252056945726,179.10536473903167,0.0,0.0,0.0,0.0,0.0,0.0,0.0,-947.4825210613471,0.0,0.0,0.0,0.0,0.0,0.0,0.0,0.0,0.0,0.0,0.0,0.0,0.0,81.77382625176486,-3.5931729243223174,0.0,0.0,0.0,0.0,133.39854336252046,81.12081653170443,0.0,0.0,0.0,0.0,46.46551844269729,1000.0,0.0,0.0,0.0,0.0,0.0,0.0,0.0,0.0,722.6856370848346,7.681551422367448,24.043724230942786,0.0,1000.0,1000.0,518.6869161389195,0.0,0.0,0.0,0.0,312.5039081015521,0.0,0.0,0.0,0.0,-135.19883504552416,0.0,0.0,661.4735978549627,0.0,1000.0,-338.52640214503737,1000.0,0.0,401.2650411389145,0.0,-1000.0,0.0,0.0,-153.0685389287102,0.0,0.0,0.0,-191.04458115980898,0.0,191.04458115980898,0.0,1000.0,0.0,133.39854336252046,-43.978145681141086,0.0,0.0,0.0,46.46551844269729,-0.05761163566775586,0.0,0.0,0.0,0.0,0.03840775711184108,0.0,0.0,0.0,-18.477869720064678,766.0004757630966,0.0,-178.01605037910699,-294.84800835464955,0.0,829.849059424341,0.0,0.0,0.0,0.0,0.0,0.0,0.0,311.5968916652592,650.9862205807398,-962.583112245999,494.45886981090956,-1000.0,0.0,0.0,0.0,0.0,0.0,0.0,0.0,0.0,0.0,0.0,0.0,0.0,0.0,0.0,0.0,0.0,0.0,1000.0,0.0,666.4960928475189,0.0,0.0,721.4489073058336,0.0,0.0,0.0,-779.9630421639505,0.0,0.0,0.0,0.0,65.29816812208742,-271.08154087933985,-189.3085687024197,-260.11311298906526,-0.960193927795931,-1000.0,0.0,0.0,0.0,595.9632677423218,189.3085687024197,225.54364107242966,1000.0,0.0,-1.920387855591862,-75.94237529045546,0.0,-649.9728583257985,0.0,0.0,35.56605136449396,0.0,0.0,0.0,0.0,0.0,0.0,0.0,-81.77382625176486,81.77382625176486,81.77382625176486,-376.4464977528028,0.0,0.0,-519.351477776019,0.0,0.0,0.0,0.0,0.0,-110.9328556531488,0.0,0.0,205.716991940153,0.0,0.0,0.0,0.0,-39.159224288816276,0.07681551422319899,0.0,0.0,0.0,0.0,0.0,0.0,0.0,0.0,0.0,0.0,0.0,0.0,0.0,0.0,0.0,0.0,0.0,0.0,0.0,0.04224853282289587,0.04224853282289587,0.0,170.0922748293974,0.0,23.044654267102345,0.0,0.0,0.0,243.52883941153314,0.0,0.0,54.32000778150436,0.0,0.0,-160.50099117801955,-243.52883941153314,0.0,0.0,0.0,0.0,0.0,205.716991940153,0.0,0.0,0.0,0.0,0.0,0.0,0.0,325.4634530055184,18.477869720064678,0.0,0.0,57.27740507911582,0.0,0.0,672.2362614068152,412.01008013607907,0.0,-160.50099117801955,0.0,-851.9282842492614,652.2680687824256,0.0,0.0,81.77382625176486,0.0,0.0,0.0,0.0,0.0,0.0,0.0,0.0,0.0,0.0,0.0,0.0,0.0,23.044654267102345,312.5039081015521,312.5039081015521,0.0,0.0,0.0,0.0,0.0,0.0,0.0,0.0,0.0,0.0,0.38407757111837243,0.0,0.0,54.32000778150436,-54.32000778150436,0.0,0.0,0.0,0.0,35.56605136449396,0.0,0.0,0.0,0.0,0.0,0.0,0.0,0.0,0.0,0.0,1000.0,14.89331639845659,0.0,11.522327133551173,11.522327133551173,1000.0,-243.52883941153314,0.0,205.716991940153,0.0,0.0,0.0,0.0,0.0,-378.87118561164056,0.0,-243.19225360221844,0.03840775711184108,0.0,0.0,-166.73258265390842,217.45551274253404,461.76494633043535,0.0,-672.2362614068152,0.0,0.0,0.0,0.0,0.0,0.0,0.0,0.0,0.0,0.0,0.0,0.0,0.0,0.0,0.03840775711184108,0.0,0.0,0.0,-1000.0,1000.0,0.0,0.0,0.0,0.0,-60.434522713708816,1.920387855591862,0.0,0.0,-333.5039071524811,-2.880581783387811,-1.920387855591862,0.0,0.0,0.0,0.0,0.0,0.0,0.0,0.0,0.0,0.0,0.0,0.0,312.5039081015521,0.0,0.0,0.0,-648.0524704702066,0.0,0.0,0.0,-0.03840775711184108,0.0,0.0,0.03840775711184108,0.0,0.03840775711184108,0.0,0.0,0.0,23.044654267102345,46.85746367644147,46.85746367644147,0.0,0.0,0.0,0.0,0.0,0.0,0.0,0.0,0.0,0.0,0.0,0.0,0.0,314.9037995525883,0.0,0.0,0.0,0.0,0.0,0.0,0.0,0.0,0.0,0.0,0.0,0.0,0.0,260.2261812707361,0.0,0.0,0.0,0.05761163566775586,0.0,0.0,0.0,-35.56605136449396,0.0,0.0,0.0,0.0,0.0,-170.0922748293974,1.920387855591862,0.0,0.0,0.0,0.0,-853.7495091858499,719.5285194502417,0.0,0.0,0.0,0.0,0.0,0.0,0.0,0.0,312.5039081015521,0.0,0.0,0.0,88.31844857763255,0.0,57.31844857763255,461.76494633043535,0.0,0.0,0.0,0.0,0.0,-46.85746367644147,0.0,1.920387855591862,553.212149825411,0.0,0.0,0.0,-219.57287121615752,703.1250000000059,-703.1250000000059,-703.124999999999,703.124999999999,0.0,0.0,0.0,0.0,0.0,617.2175806328562,-178.73402017956084,46.85746367644147,0.0,0.0,0.0,0.0,0.0,0.0,0.0,0.0,0.0,722.6856370848346,0.0,0.0,0.0,-50.72293008862563,-209.58552949158013,0.0,11.522327133551173,54.32000778150436,0.0,0.0,0.0,-221.42533831841735,0.0,0.0,0.04224853282289587,0.0,0.0,0.0,23.428731838220717,0.0,0.0,0.0,0.0,-3.5931729243223174,0.0,0.0,0.0,0.0,0.0,0.0,0.0,0.0,-1000.0,0.0,0.003840775711183797,0.003840775711183797,0.0,0.0,0.0,0.0,0.0,0.0,0.0,0.0,0.0,-166.73258265390842,0.0,0.0,0.0,0.0,0.0,170.0922748293974,0.0,0.0,0.0,0.0,0.0,0.0,0.0,0.0,0.0,0.0,0.0,108.64001556300872,523.5772325240516,242.42324323904492,-882.578124999995,0.0,0.0,0.0,23.044654267102374,0.0,0.0,0.0,0.0,0.0,976.9553457328976,-1000.0,0.0,108.64001556300872,0.0,0.0,0.0,0.0,0.0,0.0,0.0,0.0,0.0,0.0,0.0,-884.412315800731,341.21311317419685,77.19735823701058,-112.76340960150453,0.0,333.35027612403394,0.0,0.0,0.0,0.0,0.0,0.0,0.0,0.0,0.0,0.0,0.0,0.0,0.0,0.0,0.0,0.0,0.0,-4.800969638979673,312.5039081015521,-68.17874990547519,490.7572379487613,0.0,0.0,0.0,0.0,0.0,0.0,-0.4800969638979656,110.9328556531488,0.0,0.0,0.0,0.0,0.0,0.0,0.0,756.8077463977816,11.522327133551173,11.522327133551173,0.0,0.0,0.0,0.0,93.92825596183643,0.04224853282289587,170.0922748293974,0.0,0.0,-333.35027612403394,0.0,0.0,0.0,0.0,0.0,0.0,0.0,0.0,0.0,0.0,0.0,0.0,0.0,0.0,0.0,0.0,0.0,0.0,0.0,40.328144967429104,57.27740507911582,0.0,0.0,0.0,0.0,0.0,170.0922748293974,0.0,0.0,0.0,0.0,0.0,-4.800969638979673,0.0,0.0,0.0,0.0,0.0,0.0,0.0,0.0,0.0,0.0,0.0,0.0,0.0,0.0,0.0,0.0,0.0,0.0,-0.03840775711184108,0.0,0.0,1.920387855591862,160.50099117801955,0.0,0.0,0.0,0.0,312.5039081015521,0.0,0.0,0.0,-311.5968916652592,0.960193927795931,0.0,0.0,0.0,0.03840775711184108,0.0,38.40775711183724,-11.906404704669544,7.681551422367448,0.27434112222740886,107.1576423420259,-0.02880581783387793,34.569471916635564,0.7681551422367449,-0.1920387855589638,-107.1576423420259,11.522327133551173,-0.03840775711183724,0.0,205.716991940153,0.00960193927795931,0.27434112222740886,0.0,-60.434522713708816,-0.7681551422367449,116.57764923689842,-0.03840775711183724,0.00960193927795931,-107.1576423420259,3.840775711183724,0.03840775711183724,0.03840775711184108,-170.0116185394627,-54.277759248681335,-36.171930476032145,-0.02880581783387793,11.522327133551173,0.03840775711183724,35.56605136449396,4.839845675024165,-0.01920387855591862,222.99745410486682,-85.0,-0.02880581783387793,-0.03840775711183724,-11.906404704669544,0.03840775711184108,3.840775711183724,-0.7681551422367449,260.2261812707361,260.2261812707361,-3.840775711183724,-116.57764923689842,-260.2261812707361,7.681551422367448,0.05761163566775586,-1000.0,3.840775711183724,-325.4634530055184,205.716991940153,-7.681551422367448,0.01920387855591862,0.38407757111837243,44.504012594776746,96.0,-0.03840775711184108,-178.73402017956084,170.0116185394627,11.906404704669544,0.03840775711183724,60.434522713708816,135.5839591750057,205.716991940153,-0.03840775711184108,-0.00960193927795931,-205.716991940153,-0.03840775711183724,-39.159224288816276,0.03840775711188371,-0.00960193927795931,-0.00960193927795931,-0.00960193927795931,15.363102844734897,-4.839845675024165,0.38407757111837243,28.455347050233,-0.00960193927795931,89.00802518955349,1.920387855591862,21.5,0.03840775711184108,0.01920387855591862,0.01920387855591862,40.0,11.906404704669544,0.03840775711184108,-11.906404704669544,0.38407757111837243,0.03840775711183724,-28.455347050233,0.03840775711183724,0.15363102844713694,0.1920387855589638,0.01920387855591862,0.00960193927795931,11.522327133551173,-0.03840775711183724,36.171930476032145,0.38407757111837243,-56.910694100466,33.60927798883963,-3.840775711183724,7.681551422367448,1.920387855591862,-0.03840775711183724,0.0,0.05761163566775586,-0.03840775711183724,-80.0,11.906404704669544,398.97510498866995,0.01920387855591862,-43.0,-0.03840775711183724,-0.03840775711188371,-0.03840775711183724,0.01920387855591862,107.1576423420259,-7.681551422367448,0.03840775711184108,89.00802518955349,-0.00960193927795931,54.277759248681335,-89.00802518955349,5.761163566775585,85.0,643.3014892932471,107.1576423420259,-0.02880581783387793,178.73402017956084,-96.0,0.03840775711183724,-0.009601939277959309,1.920387855591862,38.40775711183724,-0.01920387855591862,-0.03840775711183724,0.00960193927795931,0.0,0.0,364.6586191099584,0.0,-46.0,0.0,265.5444329947528,2.138482380612615,0.0,-32.0,-93.0,-65.0,-635.3221770114857,16.0,23.0,46.5,0.0,-1.0692411903063075,-170.0922748293974,-177.5497666702526,635.3221770114857,65.0,-177.5497666702526,-265.5444329947528,63.0598490542817,0.0,1496.5981,hclb
486,0.0,0.0,0.0,0.0,0.0,0.0,0.0,0.0,-0.03263337241630408,0.0,0.0,0.0,0.0,0.0,0.0,0.0,-781.8022776794344,150.5987982104131,0.0,1000.0,0.0,0.0,0.0,23.5431834387241,0.0,0.0,0.0,0.0,0.0,943.261906721658,0.0,0.0,1.5830432410155009,0.0,0.0,0.0,0.0,0.0,0.0,-965.8475282850045,1000.0,0.0,-811.6837989340813,-418.6304110560711,0.0,0.0,799.4003391652091,93.87773929042565,-161.45962904222358,-434.6467056500553,0.0,-188.31620106591868,0.0,0.03589670965766345,0.0,0.0,0.0,100.40441377368647,0.0,0.0,136.55390859696075,0.0,-351.4470438679236,-633.176598054233,0.0,0.0,0.0,0.0,0.0,0.0,0.0,0.32633372416304085,0.0,0.0,0.0,0.0,0.0,0.0,0.0,0.0,0.0,0.0,0.0,0.0,19.580023449782452,0.0,0.0,0.0,-129.38062329773302,932.0022679179053,542.4569541629013,0.0,0.0,0.0,9.790011724891226,0.0,9.790011724891226,-1.0507945918052428,0.0,0.0,0.0,1.6316686208152043,943.261906721658,0.0,0.0,0.0,0.0,0.0,0.0,0.0,0.0,0.0,0.0,0.0,0.0,0.0,0.0,0.0,0.0,0.0,0.0,0.0,0.0,0.0,-982.9051535570484,0.0,0.0,9.790011724891226,0.0,10.116345449054268,0.0,0.0,761.6953125000047,0.0,-761.6953125000047,761.6953125000047,-547.3917060723526,0.0,0.0,129.10824328908245,0.0,0.0,0.0,0.0,0.0,2.512769676055413,0.03263337241630408,542.4651125060054,0.0,0.0,-673.672974507791,0.0,0.0,0.0,0.0,0.0,-158.9592477691036,0.0,0.0,0.0,0.0,0.0,-371.277439936664,-371.277439936664,0.0,0.0,0.0,0.0,-18.143547922589164,0.0,0.0,-371.2448065642477,0.0,0.0,0.0,-1000.0,0.0,0.0,0.0,0.0,0.0,0.0,0.0,0.0,0.0,0.0,-144.09221762512698,0.0,0.0,0.0,0.0,-1000.0,0.0,0.0,0.0,0.0,0.0,434.6467056500553,1000.0,-398.67804178562574,398.67804178562574,208.37239006414381,0.0,0.0,0.0,0.0,0.0,0.0,0.0,-271.9328715275079,0.0,0.0,0.0,0.0,0.0,0.0,0.0,0.0,0.0,0.0,0.0,0.0,0.0,196.77237139177902,685.0460294736977,-1000.0,0.0,0.0,0.0,209.9110727191263,81.70402938595329,0.0,0.0,0.0,0.0,136.55390859696075,-581.3695889439289,0.0,0.0,0.0,0.0,0.0,0.0,0.0,0.0,0.0,0.0,0.0,0.0,-445.9003027627824,-988.2866832089711,439.8623291721507,0.0,1000.0,0.0,0.0,418.2834627832701,921.1303548885575,0.0,0.0,0.0,74.60663184724785,0.0,0.0,-999.9999999999999,326.7455897397175,0.0,-1000.0,-326.7455897397175,0.0,-528.0586650833587,0.0,725.0641844010923,434.6467056500553,0.0,-199.0293104086087,0.0,0.0,0.0,603.6121032169815,0.0,-603.6121032169815,0.0,428.0902658561288,0.0,209.9110727191263,0.0,0.0,0.0,0.0,136.55390859696075,-0.04895005862445612,0.0,0.0,0.0,0.0,0.03263337241630408,0.0,0.0,0.0,700.1335688250117,-781.8022776794344,0.0,-314.24524380279524,844.0603176855923,0.0,847.6945098718136,0.0,487.8086192642629,0.0,0.0,0.0,0.0,0.0,-2.8097333650435106,-484.99888589921943,0.0,-1000.0,-1000.0,0.0,0.0,0.0,0.0,0.0,0.0,0.0,0.0,0.0,0.0,0.0,0.0,0.0,0.0,0.0,0.0,0.0,-999.8694665103346,0.0,-1000.0,0.0,0.0,0.0,0.0,0.0,0.0,-2.512769676055413,0.0,0.0,0.0,0.0,0.0,0.0,0.0,0.0,-0.8158343104076021,484.99888589921943,-858.9094515832649,0.0,-762.8372414687293,718.8964055101759,0.0,-1.6316686208152045,1000.0,0.0,-1.6316686208152043,0.0,0.0,-717.2666385680446,0.0,0.0,9.790011724891226,265.62499999999636,-265.62499999999636,0.0,0.0,0.0,0.0,0.0,-196.77237139177902,196.77237139177902,196.77237139177902,86.47332551673918,0.0,0.0,0.0,0.0,0.0,0.0,0.0,0.0,-145.17564558934853,0.0,0.0,162.09550185307768,0.0,0.0,0.0,0.0,1.5830432410155009,0.06526674483257011,0.0,0.0,0.0,0.0,0.0,0.0,0.0,0.0,0.0,0.0,0.0,0.0,0.0,0.0,0.0,0.0,0.0,0.0,0.0,0.03589670965766345,0.03589670965766345,0.0,286.2456969085182,0.0,19.580023449782452,0.0,161.7701030211559,0.0,1000.0,0.0,0.0,0.0,0.0,0.0,269.79579449531855,-1000.0,0.0,0.0,0.0,0.0,0.0,162.09550185307768,0.0,0.0,0.0,0.0,0.0,0.0,0.0,327.6350511856828,-700.1335688250117,673.672974507791,0.0,2.512769676055413,0.0,0.0,0.0,-290.0764194500971,0.0,269.79579449531855,0.0,271.37883773633405,0.0,0.0,0.0,196.77237139177902,0.0,0.0,0.0,0.0,0.0,0.0,0.0,0.0,0.0,0.0,0.0,0.0,0.0,19.580023449782452,418.2834627832701,418.2834627832701,0.0,0.0,0.0,0.0,0.0,0.0,0.0,0.0,0.0,0.0,0.32633372416304085,0.0,0.0,0.0,0.0,0.0,1000.0,0.0,0.0,9.790011724891226,0.0,0.0,0.0,0.0,0.0,0.0,0.0,0.0,0.0,0.0,948.0021423137446,-1000.0,0.0,9.790011724891226,9.790011724891226,1000.0,-1000.0,0.0,162.09550185307768,0.0,0.0,0.0,0.0,0.0,-940.4762321450849,0.0,-580.0282411870737,0.03263337241630408,0.0,0.0,-54.68750000132835,97.78453018740309,0.0,0.0,0.0,0.0,0.0,0.0,0.0,0.0,0.0,0.0,0.0,0.0,0.0,0.0,0.0,0.0,0.0,0.03263337241630408,0.0,0.0,0.0,1000.0,-1000.0,0.0,0.0,0.0,0.0,0.0,-2.512769676055413,0.0,0.0,-0.1305334896653676,-2.4475029312228065,-1.6316686208152043,0.0,0.0,0.0,0.0,0.0,0.0,0.0,0.0,0.0,0.0,0.0,0.0,418.2834627832701,0.0,0.0,0.0,-715.6349699472295,0.0,0.0,0.0,-0.03263337241630408,0.0,0.0,0.03263337241630408,0.0,0.03263337241630408,0.0,0.0,0.0,19.580023449782452,39.81271434789099,39.81271434789099,0.0,0.0,0.0,0.0,0.0,0.0,0.0,673.672974507791,0.0,0.0,0.0,0.0,0.0,0.0,0.0,0.0,0.0,0.0,0.0,0.0,0.0,0.0,0.0,0.0,0.0,0.0,0.0,290.0764194500971,0.0,0.0,0.0,0.04895005862445612,0.0,0.0,0.0,-9.790011724891226,0.0,0.0,0.0,0.0,0.0,-286.2456969085182,1.6316686208152043,0.0,0.0,0.0,0.0,18.143547922589164,2.512769676055413,0.0,0.0,0.0,0.0,0.0,0.0,0.0,0.0,418.2834627832701,0.0,0.0,1000.0,89.47332551673918,0.0,732.1463000245301,0.0,0.0,0.0,0.0,0.0,0.0,881.3176405406665,161.7701030211559,1.6316686208152043,1000.0,0.0,140.5119790690933,0.0,-145.17564558934853,0.0,0.0,0.0,0.0,0.0,0.0,0.0,0.0,0.0,284.09999071424227,-144.9027789515609,39.81271434789099,0.0,-671.2998746154108,-671.2998746154108,671.2998746154108,0.0,0.0,0.0,0.0,0.0,0.0,0.0,0.0,148.6854267506257,-43.09703018607474,-163.17046758100227,-811.6837989340813,9.790011724891226,0.0,0.0,0.0,0.0,-164.5024235310695,0.0,0.0,0.03589670965766345,0.0,0.0,0.0,19.906357173945494,0.0,0.0,0.0,0.0,685.0460294736977,0.0,0.0,0.0,0.0,0.0,0.0,0.0,0.0,0.0,0.0,0.003263337241630415,0.003263337241630415,0.0,0.0,0.0,0.0,0.0,0.0,0.0,0.0,0.0,-54.68750000132835,0.0,0.0,0.0,0.0,0.0,286.2456969085182,0.0,0.0,0.0,0.0,0.0,0.0,0.0,434.6467056500553,0.0,0.0,0.0,0.0,0.0,1000.0,150.5987982104131,0.0,0.0,0.0,19.580023449782452,0.0,0.0,0.0,0.0,0.0,-19.580023449782452,0.0,0.0,0.0,0.0,0.0,0.0,0.0,0.0,0.0,0.0,0.0,0.0,0.0,566.3491273511872,-997.2143254234269,22.3538601051683,-9.790011724891226,0.0,0.0,0.0,0.0,0.0,0.0,0.0,0.0,0.0,0.0,0.0,0.0,0.0,0.0,0.0,0.0,0.0,0.0,0.0,161.7701030211559,-4.0791715520380105,418.2834627832701,-2.4475029312228065,142.45527602033815,0.0,0.0,0.0,0.0,0.0,-237.9155787352363,237.5076615800325,145.17564558934853,0.0,0.0,0.0,0.0,0.0,0.0,0.0,986.3208861641135,9.790011724891226,9.790011724891226,0.0,0.0,0.0,0.0,0.0,0.03589670965766345,286.2456969085182,0.0,0.0,0.0,0.0,0.0,0.0,0.0,0.0,0.0,0.0,0.0,0.0,0.0,0.0,0.0,0.0,0.0,0.0,0.0,0.0,0.0,0.0,34.26504103711929,2.512769676055413,0.0,0.0,0.0,0.0,0.0,286.2456969085182,0.0,-5.19523288867586,0.0,0.0,0.0,-4.0791715520380105,0.0,0.0,0.0,0.0,0.0,0.0,0.0,0.0,0.0,0.0,0.0,0.0,0.0,0.0,0.0,0.0,0.0,0.0,-0.03263337241630408,0.0,0.0,1.6316686208152043,-269.79579449531855,0.0,0.0,0.0,0.0,418.2834627832701,0.0,0.0,0.0,2.8097333650435106,0.8158343104076021,0.0,0.0,0.0,0.03263337241630408,0.0,32.633372416304084,-10.116345449054268,6.526674483260817,0.23309551725931488,91.04710904148841,-0.02447502931222806,1.6316686208152043,0.6526674483260817,-0.1631668620816717,-91.04710904148841,9.790011724891226,-0.03263337241630408,0.0,162.09550185307768,0.00815834310407602,0.2330955172593149,0.0,-5.19523288867586,-0.6526674483260422,-368.7965205309788,-0.03263337241630408,0.00815834310407602,-91.04710904148841,3.2633372416304085,0.03263337241630408,0.03263337241630408,-286.17716682644425,0.0358967096579345,0.0,-0.02447502931222806,9.790011724891226,0.03263337241630408,9.790011724891226,-16.316686208152042,-0.01631668620815204,158.9592477691036,-85.0,-0.02447502931222806,-0.03263337241630408,-10.116345449054268,0.03263337241630408,3.2633372416303814,-0.6526674483260817,290.0764194500971,290.0764194500971,-3.2633372416304085,368.7965205309788,-290.0764194500971,6.526674483260817,0.04895005862445612,-1000.0,3.2633372416304085,-327.6350511856828,162.09550185307768,-6.526674483260817,0.01631668620815204,0.32633372416304085,78.56131095069881,96.0,-0.03263337241630408,-293.5882057021866,286.17716682644425,10.116345449054268,0.03263337241630408,5.19523288867586,122.93545495351287,162.09550185307768,-0.03263337241630408,-0.00815834310407602,-162.09550185307768,-0.03263337241630408,1.5830432410155009,0.03263337241639874,-0.00815834310407602,-0.00815834310407602,-0.00815834310407602,13.053348966521634,16.316686208152042,0.32633372416304085,322.2029212602425,-0.00815834310407602,157.12262190139762,1.6316686208152043,0.8401470003074538,0.03263337241630408,0.01631668620815204,0.01631668620815204,-20.644448191393906,10.116345449054268,0.03263337241630408,-10.116345449054268,0.32633372416304085,0.03263337241630408,-918.2542642028715,0.03263337241630408,0.1305334896653676,0.1631668620816717,0.01631668620815204,0.00815834310407602,9.790011724891226,-0.03263337241630408,0.0,0.3263337241630211,-644.405842520485,0.8158343104076022,-3.2633372416303814,6.526674483260817,1.6316686208152043,-0.03263337241630408,0.0,0.04895005862445612,-0.03263337241630408,41.28889638278781,10.116345449054268,347.2174175890523,0.01631668620815204,-1.6802940006149072,-0.03263337241630408,-0.03263337241639874,-0.03263337241630408,0.01631668620815204,91.04710904148841,-6.526674483260817,0.03263337241630408,157.12262190139762,-0.00815834310407602,-0.0358967096579345,-157.12262190139762,4.895005862445612,85.0,884.1714032151272,91.04710904148841,-0.02447502931222806,293.5882057021866,-96.0,0.03263337241630408,-0.00815834310407602,1.6316686208152043,32.633372416304084,-0.01631668620815204,-0.03263337241630408,0.00815834310407602,0.0,0.0,596.0400804792453,596.0513429426289,-46.0,0.0,301.9006215597808,-2.30424077141555,0.0,-32.0,-93.0,-65.0,-403.94360283454654,16.0,23.0,46.5,0.0,1.152120385707775,-286.2456969085182,-182.7149940579828,403.94360283454654,65.0,-182.7149940579828,-301.9006215597808,87.85091468231877,0.0,1496.5981,hclb
487,0.0,0.0,0.0,0.0,0.0,0.0,0.0,0.0,529.3003374604837,0.0,0.0,0.0,0.0,0.0,0.0,0.0,0.0,-473.34851053571265,0.0,157.78283684523754,0.0,0.0,0.0,0.0,0.0,88.95650979956399,0.0,0.0,0.0,-1000.0,0.0,0.0,7.735535004695482,0.0,0.0,0.0,0.0,654.0775438694611,0.0,-1000.0,1000.0,0.0,0.0,0.0,0.0,0.0,0.0,0.0,842.2171631547625,-509.92979176611226,0.0,0.0,0.0,0.0829259052961504,0.0,0.0,0.0,15.077437326478424,0.0,0.0,-6.639098236093408,0.0,579.6494694998285,573.010371263735,934.2501119216804,0.0,0.0,0.0,385.18086292625486,-385.18086292625486,0.0,0.7538718663239212,0.0,0.0,0.0,0.0,0.0,0.0,0.0,0.0,0.0,0.0,0.0,0.0,45.23231197943527,0.0,0.0,0.0,842.2171631547625,0.0,-0.01884679665809803,0.0,0.0,-922.6141058498716,22.616155989717637,0.0,22.616155989717637,0.0,662.6113733962502,0.0,0.0,3.769359331619606,-1000.0,0.0,0.0,-21.598408170728135,0.0,0.0,0.0,0.0,0.0,0.0,0.0,0.0,0.0,0.0,0.0,0.0,0.0,0.0,0.0,0.0,0.0,0.0,-604.3226808192513,0.0,0.0,22.616155989717637,0.0,23.370027856041556,7.064503362447326,0.0,403.0883314766086,405.38823102339177,-808.4765625000005,808.4765625000005,0.0,0.0,0.0,0.0,0.0,0.0,0.0,0.0,0.0,5.804813370694319,0.07538718663239212,0.0,0.0,0.0,478.7177113919546,-478.7177113919546,0.0,0.0,0.0,0.0,444.17450015044705,0.0,0.0,0.0,0.0,0.0,656.8010814146062,656.8010814146062,0.0,0.0,0.0,-468.75,-1000.0,0.0,0.0,656.8764686012386,0.0,0.0,0.0,-885.9705969008742,-824.1137575093674,0.0,0.0,0.0,0.0,0.0,0.0,0.0,0.0,0.0,-4.668979758765469,0.0,0.0,0.0,0.0,-688.5437765013038,0.0,0.0,0.0,0.0,0.0,509.92979176611226,0.0,157.78283684523754,-157.78283684523754,0.0,0.0,0.0,0.0,0.0,0.0,0.0,0.0,-959.5008356555275,0.0,0.0,0.0,0.0,0.0,0.0,0.0,0.0,0.0,0.0,0.0,0.0,0.0,287.65275552239905,-12.845125347043155,157.78283684523754,0.0,0.0,0.0,0.0,77.3858941501284,0.0,0.0,0.0,0.0,-6.639098236093408,157.78283684523754,0.0,0.0,0.0,0.0,0.0,0.0,0.0,0.0,745.6348205498549,0.0,0.0,0.0,-0.11308077994858934,684.3212455295763,1000.0,0.0,-157.78283684523754,0.0,0.0,0.0,-7.689493036504004,0.0,0.0,0.0,247.36712392362114,0.0,0.0,-1000.0,-1000.0,438.35946587905585,-1000.0,1000.0,438.35946587905573,1000.0,0.0,-1000.0,509.92979176611226,0.0,147.0733632791403,0.0,0.0,0.0,-1000.0,0.0,1000.0,0.0,1000.0,0.0,0.0,-2.4796305506243925,-468.75,0.0,0.0,-6.639098236093408,-0.11308077994858817,0.0,0.0,0.0,0.0,0.07538718663239212,0.0,0.0,0.0,-157.09309418839712,0.0,0.0,-922.9970294895497,166.29070900466058,824.1137575093674,957.693593316196,0.0,-948.1827185768855,0.0,-21.598408170728135,0.0,0.0,0.0,-6.49083676904948,0.0,954.673555345935,-736.494992324604,-1000.0,0.0,0.0,0.0,0.0,0.0,0.0,0.0,0.0,0.0,0.0,0.0,0.0,0.0,0.0,0.0,0.0,0.0,-345.6209073840095,0.0,-1000.0,0.0,0.0,743.2073531402893,0.0,0.0,0.0,-751.4396339205492,0.0,662.6113733962502,0.0,0.0,0.0,-385.18086292625486,0.0,0.0,-149.86937264865838,0.0,0.0,0.0,-1000.0,-56.18240214645107,0.0,-226.01623768838772,319.3169525426018,147.98469298284857,-3.769359331619606,409.3573587630693,0.0,652.8653380288042,1000.0,-701.8670093398591,22.616155989717637,0.0,0.0,0.0,0.0,0.0,529.375724647116,1000.0,712.347244477601,-712.347244477601,-712.347244477601,99.52097084424972,0.0,0.0,-343.2743057720262,0.0,0.0,0.0,0.0,0.0,-13.278196472186815,0.0,0.0,64.92256267352158,0.0,0.0,0.0,0.0,-35.46128133676079,0.15077437326453946,0.0,0.0,0.0,0.0,0.0,0.0,0.0,0.0,0.0,0.0,0.0,0.0,0.0,0.0,0.0,0.0,0.0,0.0,0.0,0.0829259052961504,0.0829259052961504,0.0,368.57531819592066,0.0,45.23231197943527,0.0,0.0,0.0,1000.0,0.0,0.005013933164605078,0.0,0.0,0.0,585.729365072737,-1000.0,0.0,0.0,978.6196132756312,0.0,0.0,64.92256267352158,0.0,0.0,0.0,0.0,0.0,0.0,0.0,201.44089360641712,157.09309418839712,0.0,222.24687835676812,5.804813370694319,0.0,0.0,-922.6141058498716,-1000.0,0.0,585.729365072737,0.0,550.2680837359762,0.0,0.0,0.0,287.65275552239905,0.0,0.0,0.0,0.0,0.0,0.0,0.0,0.0,0.0,0.0,0.0,0.0,0.0,45.23231197943527,0.0,0.0,0.0,0.0,0.0,0.0,0.0,0.0,0.0,0.0,0.0,0.0,0.7538718663239212,0.0,0.0,0.0,0.0,0.0,0.0,0.0,0.0,22.616155989717637,-978.6196132756312,0.0,0.0,0.0,222.24687835676812,0.0,0.0,0.0,0.0,0.0,0.0,0.0,0.0,22.616155989717637,22.616155989717637,1000.0,-1000.0,0.0,64.92256267352158,0.0,0.0,0.0,0.0,0.0,736.494992324604,0.0,1000.0,0.07538718663239212,0.0,0.0,0.0,71.30153609637485,0.0,0.0,922.6141058498716,0.0,0.0,0.0,0.0,0.0,0.0,0.0,0.0,0.0,0.0,0.0,0.0,0.0,0.0,0.07538718663239212,0.0,0.0,0.0,0.0,0.0,0.0,0.0,0.0,0.0,0.0,1000.0,0.0,0.0,-1000.0,-5.654038997429409,-3.7693593316196043,0.0,0.0,0.0,0.0,0.0,0.0,0.0,0.0,0.0,0.0,0.0,0.0,0.0,824.1137575093674,0.0,0.0,-45.23231197943527,0.0,0.0,0.0,529.3003374604837,0.0,0.0,0.07538718663239212,0.0,0.07538718663239212,0.0,0.0,0.0,45.23231197943527,91.97236769151839,91.97236769151839,0.0,0.0,0.0,0.0,0.0,0.0,0.0,0.0,0.0,0.0,0.0,0.0,0.0,0.0,0.0,0.0,0.0,0.0,0.0,0.0,0.0,0.0,0.0,0.0,0.0,0.0,0.0,77.3858941501284,0.0,-88.95650979956399,88.95650979956399,0.11308077994858817,0.0,0.0,0.0,-22.616155989717637,0.0,0.0,0.0,0.0,0.0,-368.57531819592066,3.769359331619606,0.0,0.0,0.0,468.75,1000.0,0.0,0.0,0.0,0.0,0.0,0.0,0.0,0.0,0.0,0.0,0.0,978.6196132756312,-609.3749999999982,80.92256267352158,0.0,49.922562673521576,-21.598408170728135,345.6209073840095,-751.4396339205492,662.6113733962502,-256.79264685971066,0.0,-99.66186072802239,0.0,3.7693593316196043,1000.0,0.0,0.0,0.0,-13.278196472186815,640.6250000000108,-640.6250000000108,0.0,0.0,0.0,0.0,0.0,0.0,0.0,378.8983369521156,-385.537435188209,91.97236769151839,0.0,0.0,0.0,0.0,0.0,0.0,0.0,0.0,0.0,745.6348205498549,0.0,0.0,0.0,-71.30153609637485,1000.0,0.0,22.616155989717637,0.0,0.0,0.0,0.0,244.03160148307015,0.0,0.0,0.0829259052961504,0.0,0.0,0.0,45.98618384575919,0.0,0.0,0.0,0.0,-12.845125347043155,0.0,0.0,0.0,0.0,0.0,0.0,0.0,0.0,-1000.0,0.0,0.007538718663239408,0.007538718663239408,0.0,0.0,0.0,0.0,0.0,0.0,0.0,0.0,0.0,0.0,0.0,0.0,0.0,0.0,0.0,368.57531819592066,0.0,0.0,0.0,0.0,0.0,0.0,0.0,509.92979176611226,0.0,0.0,0.0,0.0,0.0,0.0,-473.34851053571265,0.0,0.0,0.0,45.23231197943527,0.0,0.0,0.0,0.0,0.0,0.0,-45.23231197943527,0.0,0.0,0.0,0.0,0.0,0.0,0.0,0.0,0.0,0.0,0.0,0.0,-1000.0,-1000.0,51.64022284318855,108.07630153185852,-130.69245752157616,0.0,654.0775438694611,0.0,0.0,0.0,0.0,0.0,0.0,0.0,0.0,0.0,335.9375,0.0,-335.9375,-335.93750000000006,0.0,0.0,0.0,0.0,-9.423398329049014,0.0,-5.654038997429409,379.88339619077965,0.0,0.0,0.0,0.0,0.0,0.0,-0.9423398329049018,13.278196472186815,0.0,0.0,0.0,0.0,0.0,0.0,0.0,1000.0,22.616155989717637,22.616155989717637,0.0,0.0,0.0,0.0,0.0,0.0829259052961504,368.57531819592066,0.0,0.0,-654.0775438694611,0.0,0.0,0.0,0.0,0.0,0.0,0.0,0.0,0.0,0.0,0.0,0.0,0.0,0.0,0.0,0.0,0.0,7.064503362447326,0.0,79.15654596401173,5.804813370694319,0.0,0.0,0.0,0.0,0.0,368.57531819592066,0.0,739.4379938086697,0.0,0.0,0.0,-9.423398329049014,0.0,0.0,0.0,0.0,0.0,0.0,0.0,0.0,0.0,0.0,0.0,0.0,0.0,0.0,0.0,0.0,0.0,0.0,-0.07538718663239212,0.0,0.0,3.769359331619606,-585.729365072737,0.0,0.0,0.0,0.0,0.0,0.0,0.0,0.0,6.49083676904948,1.884679665809803,0.0,0.0,88.95650979956399,0.07538718663239212,0.0,75.38718663239212,-16.305524493594234,15.077437326478424,0.5384799045170866,224.45925742926866,-0.056540389974294086,3.7693593316195972,1.5077437326478424,-0.37693593316174656,-224.45925742926866,22.616155989717637,-0.07538718663239212,7.199469390242712,64.92256267352158,0.01884679665809803,0.5384799045170866,-21.598408170728135,-12.00164011187951,-1.5077437326478424,315.56567369047514,-0.07538718663239212,0.01884679665809803,-224.45925742926866,7.538718663239212,0.07538718663239212,0.07538718663239212,-368.4170051039921,0.08292590529563153,0.0,-0.056540389974294086,22.616155989717637,0.07538718663239212,22.616155989717637,-37.69359331619606,-0.03769359331619606,-400.9776838089908,-85.0,-0.056540389974294086,-0.07538718663239212,-16.305524493594234,0.07538718663239212,7.538718663239212,-1.5077437326478424,77.3858941501284,77.3858941501284,-7.538718663239212,-315.56567369047514,-77.3858941501284,15.077437326478424,0.11308077994858817,-777.692377673054,7.538718663239212,-201.44089360641712,64.92256267352158,-15.077437326478424,0.03769359331619606,0.7538718663239212,230.74925737238743,96.0,-0.07538718663239212,-385.537435188209,368.4170051039921,23.370027856041556,0.07538718663239212,12.00164011187951,-25.54206128534891,64.92256267352158,-0.07538718663239212,-0.01884679665809803,-64.92256267352158,-0.07538718663239212,-35.46128133676079,0.07538718663238342,-0.01884679665809803,-0.01884679665809803,-0.01884679665809803,30.15487465295685,37.69359331619606,0.7538718663239212,55.852481896277766,-0.01884679665809803,454.29904535453215,3.769359331619606,21.5,0.07538718663239212,0.03769359331619606,0.03769359331619606,40.0,16.305524493594234,0.07538718663239212,-16.305524493594234,0.7538718663239212,0.07538718663239212,-55.852481896277766,0.07538718663239212,0.3015487465293063,0.37693593316174656,0.03769359331619606,0.01884679665809803,22.616155989717637,-0.07538718663239212,0.0,0.7538718663239212,-111.70496379255553,1.884679665809812,-7.538718663239212,15.077437326478424,3.769359331619606,-0.07538718663239212,21.598408170728135,0.11308077994858817,-0.07538718663239212,-80.0,16.305524493594234,-52.68623732513899,0.03769359331619606,-43.0,-0.07538718663239212,-0.07538718663238342,-0.07538718663239212,0.03769359331619606,224.45925742926866,-15.077437326478424,0.07538718663239212,461.49851474477487,-0.01884679665809803,-0.08292590529563153,-461.49851474477487,11.308077994858817,85.0,507.89156898206215,224.45925742926866,-0.056540389974294086,385.537435188209,-96.0,0.07538718663239212,-0.018846796658098026,3.7693593316196043,75.38718663239212,-0.03769359331619606,-0.07538718663239212,0.01884679665809803,0.0,0.0,-222.34531592026224,0.0,-46.0,0.0,-74.4058072876295,-31.0,0.0,-32.0,-93.0,-65.0,-1000.0,16.0,23.0,46.5,0.0,15.5,-368.57531819592066,-191.34536415793116,1000.0,65.0,-191.34536415793116,74.4058072876295,-28.2012323327599,0.0,1496.5981,hclb
488,0.0,0.0,0.0,0.0,0.0,0.0,0.0,0.0,-0.02725395054773967,0.0,0.0,0.0,0.0,0.0,0.0,0.0,0.0,0.0,0.0,295.0960020561717,0.0,0.0,0.0,0.0,0.0,0.0,0.0,0.0,0.0,1000.0,0.0,0.0,402.72387401100787,0.0,0.0,0.0,0.0,184.06484192541487,0.0,-1000.0,1000.0,0.0,0.0,-906.6018446626276,0.0,0.0,0.0,0.0,-178.9675241123075,0.0,0.0,0.0,0.0,0.029979345602951856,0.0,0.0,0.0,5.450790109547934,0.0,0.0,-19.95533201133412,0.0,0.0,-19.95533201133412,46.33964829222441,0.0,0.0,0.0,92.6254195007906,618.8437349888809,0.0,0.27253950547739675,0.0,0.0,0.0,0.0,0.0,0.0,0.0,0.0,0.0,0.0,-445.91386676076695,0.0,16.3523703286438,0.0,17.55516743309546,0.0,252.58325917016737,0.0,374.3721983436069,0.0,0.0,474.49403219978933,8.1761851643219,0.0,8.1761851643219,-477.80299470657127,0.0,0.0,0.0,1.3626975273869835,1000.0,0.0,0.0,0.0,0.0,1000.0,0.0,0.0,0.0,0.0,0.0,0.0,0.0,0.0,0.0,0.0,0.0,0.0,0.0,0.0,0.0,0.0,-627.6992744282888,0.0,0.0,8.1761851643219,0.0,8.448724669799297,5.016522696694672,0.0,-441.55383416964327,0.0,441.55383416964327,-441.55383416964327,0.0,0.0,0.0,0.0,0.0,0.0,0.0,0.0,0.0,465.5675883860383,0.02725395054773967,374.3790118312438,0.0,0.0,0.0,-940.4507901095479,0.0,0.0,288.96507757522596,0.0,129.98957024568818,0.0,0.0,0.0,0.0,0.0,-145.60807643991592,-145.60807643991592,0.0,0.0,0.0,0.0,0.0,0.0,0.0,-145.5808224893682,0.0,0.0,0.0,0.0,-362.00429364037143,0.0,0.0,0.0,0.0,0.0,0.0,0.0,0.0,0.0,0.0,0.0,0.0,0.0,0.0,-1000.0,0.0,0.0,0.0,0.0,0.0,0.0,0.0,-252.58325917016737,252.58325917016737,0.0,0.0,0.0,0.0,0.0,0.0,0.0,0.0,996.5932561815325,0.0,0.0,0.0,0.0,0.0,0.0,0.0,0.0,0.0,0.0,0.0,0.0,0.0,123.20791355938422,908.3523703286438,-821.0324758876925,0.0,0.0,0.0,0.0,82.2473509946783,0.0,0.0,0.0,0.0,-19.95533201133412,85.56936877493513,0.0,0.0,0.0,0.0,0.0,0.0,0.0,0.0,0.0,0.0,0.0,0.0,-505.16651834033473,0.0,-431.55078328247475,0.0,821.0324758876925,0.0,0.0,0.0,997.2200970441305,0.0,0.0,0.0,-11.52432769925128,0.0,0.0,-690.4501179946985,-15.62500000000175,-390.62500000082434,-299.8251179938739,-375.0000000008226,0.0,0.0,0.0,221.48026699831183,0.0,0.0,3.8242164269047265,0.0,0.0,0.0,0.0,0.0,0.0,0.0,139.26997522630103,0.0,0.0,1000.0,0.0,0.0,0.0,-19.95533201133412,-0.0408809258216095,0.0,0.0,0.0,0.0,0.02725395054773967,0.0,0.0,0.0,909.5764638409998,0.0,0.0,-351.2322817788542,434.92669098506036,362.00429364037143,1000.0,0.0,1000.0,0.0,0.0,0.0,0.0,0.0,-2.3465651421608236,2.3465651421608236,-1000.0,0.0,-794.7600361965955,0.0,0.0,0.0,0.0,0.0,0.0,0.0,0.0,0.0,0.0,0.0,0.0,0.0,0.0,0.0,0.0,0.0,1000.0,0.0,815.8261422723907,288.96507757522596,0.0,476.9254174989328,0.0,18.292514302963838,404.93594635800906,-465.5675883860383,0.0,156.94878918554096,0.0,131.36136051655654,0.0,0.0,0.0,-1.3626975273869835,777.4235181032566,-94.97198464295143,0.0,-1.3626975273869835,725.8911567161715,106.0500383547406,0.0,0.0,0.0,-778.10486686695,0.0,-1000.0,0.0,0.0,0.0,693.7540866336407,8.1761851643219,0.0,0.0,0.0,283.49104982171764,0.0,0.0,0.0,-123.20791355938422,123.20791355938422,123.20791355938422,-591.595264954844,0.0,0.0,-337.5708079160511,0.0,0.0,0.0,0.0,0.0,-4.800329156477325,0.0,0.0,8.1761851643219,0.0,0.0,0.0,0.0,-40.27460494522603,0.054507901095449125,0.0,0.0,0.0,0.0,0.0,0.0,0.0,0.0,0.0,711.4691544896715,0.0,0.0,0.0,0.0,0.0,0.0,0.0,0.0,0.0,0.029979345602951856,0.029979345602951856,0.0,105.96121196049415,0.0,16.3523703286438,0.0,275.4582299148123,0.0,179.3765528597265,0.0,0.0,17.55516743309546,0.0,0.0,-369.3259549523543,-179.3765528597265,0.0,0.0,0.0,0.0,0.0,8.1761851643219,0.0,0.0,0.0,0.0,0.0,0.0,0.0,209.2330914760963,-909.5764638409998,940.4507901095479,0.0,19.6537216252714,0.0,392.24668120511103,82.2473509946783,0.0,0.0,-369.3259549523543,0.0,0.0,-409.60055989758035,0.0,0.0,123.20791355938422,0.0,0.0,0.0,0.0,0.0,0.0,0.0,0.0,0.0,0.0,0.0,0.0,0.0,16.3523703286438,0.0,0.0,0.0,0.0,0.0,0.0,0.0,0.0,0.0,0.0,0.0,0.0,0.27253950547739675,0.0,0.0,17.55516743309546,-17.55516743309546,0.0,0.0,0.0,0.0,8.1761851643219,0.0,0.0,0.0,0.0,0.0,0.0,0.0,0.0,0.0,0.0,0.0,0.0,0.0,8.176185164321902,8.1761851643219,0.0,-179.3765528597265,0.0,8.1761851643219,0.0,0.0,0.0,0.0,0.0,0.0,0.0,11.865002081098027,0.02725395054773967,0.0,0.0,0.0,15.92664433301837,395.6534250235785,0.0,-474.49403219978933,0.0,0.0,0.0,0.0,0.0,0.0,0.0,0.0,0.0,0.0,0.0,0.0,0.0,0.0,0.02725395054773967,0.0,0.0,0.0,0.0,0.0,0.0,0.0,0.0,0.0,0.0,660.9763927265373,0.0,0.0,-676.8436321557111,-2.044046291080475,-1.3626975273870006,0.0,0.0,0.0,0.0,0.0,0.0,0.0,0.0,0.0,0.0,0.0,0.0,0.0,362.00429364037143,0.0,0.0,695.1167841610277,0.0,0.0,0.0,-0.02725395054773967,0.0,0.0,0.02725395054773967,0.0,0.02725395054773967,0.0,0.0,0.0,16.3523703286438,33.249819668242395,33.249819668242395,0.0,0.0,0.0,0.0,0.0,0.0,156.94878918554096,940.4507901095479,0.0,0.0,0.0,0.0,0.0,0.0,0.0,0.0,0.0,0.0,0.0,0.0,0.0,0.0,0.0,0.0,0.0,0.0,0.0,82.2473509946783,0.0,-718.0882633311497,718.0882633311497,0.0408809258216095,0.0,0.0,0.0,-8.1761851643219,0.0,0.0,0.0,0.0,0.0,-105.96121196049415,1.3626975273869835,0.0,0.0,0.0,0.0,0.0,-534.4324116139617,0.0,0.0,0.0,0.0,0.0,0.0,0.0,0.0,0.0,0.0,0.0,-515.6249999999997,-17.24670159889009,0.0,1000.0,395.6534250235785,492.66977442810185,-1000.0,156.94878918554096,350.3814363863572,288.96507757522596,963.9702773758881,275.4582299148123,1.3626975273869835,866.4865829746714,0.0,0.0,0.0,-39.91066402266824,0.0,0.0,0.0,0.0,0.0,0.0,0.0,0.0,0.0,108.00525825157463,-112.09335083373492,33.249819668242395,0.0,819.1595174400449,819.1595174400449,-819.159517440045,0.0,0.0,0.0,0.0,0.0,0.0,0.0,0.0,0.0,-727.3957988226898,52.431909668695646,0.0,8.1761851643219,17.55516743309546,0.0,0.0,0.0,-65.41004429681512,0.0,0.0,0.029979345602951856,0.0,0.0,0.0,16.624909834121198,0.0,0.0,0.0,0.0,908.3523703286438,0.0,0.0,0.0,0.0,0.0,0.0,0.0,0.0,0.0,0.0,0.002725395054774045,0.002725395054774045,0.0,0.0,0.0,0.0,0.0,0.0,0.0,0.0,0.0,0.0,0.0,0.0,0.0,0.0,0.0,105.96121196049415,0.0,0.0,0.0,0.0,0.0,0.0,0.0,0.0,0.0,0.0,0.0,35.11033486619092,406.0026846616466,-68.39393971947055,0.0,0.0,0.0,0.0,16.3523703286438,0.0,0.0,0.0,0.0,0.0,852.6105697170411,-868.962940045685,0.0,35.11033486619092,0.0,0.0,0.0,0.0,0.0,0.0,0.0,0.0,0.0,0.0,193.37496172230647,1000.0,18.668956125201674,0.0,-8.1761851643219,0.0,184.06484192541487,0.0,0.0,0.0,0.0,0.0,0.0,0.0,0.0,0.0,878.8984374999999,0.0,-878.8984375,-878.8984374999999,0.0,0.0,0.0,275.4582299148123,-3.4067438184674756,0.0,-2.044046291080475,110.04930454265511,0.0,0.0,0.0,0.0,0.0,0.0,-0.3406743818467459,293.7654067317033,0.0,0.0,0.0,0.0,0.0,0.0,0.0,1000.0,8.1761851643219,8.176185164321902,0.0,0.0,0.0,0.0,0.0,0.029979345602951856,105.96121196049415,0.0,0.0,-184.06484192541487,0.0,0.0,0.0,0.0,0.0,0.0,0.0,0.0,0.0,0.0,0.0,0.0,0.0,0.0,359.04413166557487,0.0,0.0,5.016522696694672,0.0,28.61664807512665,176.60251081081236,0.0,0.0,0.0,0.0,0.0,105.96121196049415,0.0,532.1921368789363,0.0,0.0,0.0,-3.4067438184674756,0.0,0.0,0.0,0.0,0.0,0.0,0.0,0.0,0.0,0.0,0.0,0.0,0.0,0.0,0.0,0.0,0.0,0.0,-0.02725395054773967,0.0,0.0,1.3626975273869835,369.3259549523543,0.0,0.0,0.0,0.0,0.0,0.0,0.0,0.0,2.3465651421608236,0.6813487636934918,0.0,0.0,0.0,0.02725395054773967,0.0,27.253950547739667,-3.4322019731046267,5.450790109547935,0.19467107534099765,86.07156742158303,-0.02044046291080475,1.3626975273869835,0.5450790109547934,-0.1362697527421517,-86.07156742158303,8.176185164321902,-0.02725395054773967,0.0,8.1761851643219,0.006813487636934917,0.19467107534099765,0.0,-21.893996360296796,-0.5450790109548507,-295.0960020561717,-0.02725395054773967,0.006813487636934917,-86.07156742158303,2.725395054773967,0.02725395054773967,0.02725395054773967,-105.90397866434346,-17.525188087492946,-47.345053932655375,-0.02044046291080475,8.1761851643219,0.02725395054773967,8.1761851643219,-13.626975273869835,-0.013626975273869834,-82.64451631303281,-85.0,-0.02044046291080475,-0.02725395054773967,-3.4322019731046267,0.02725395054773967,2.725395054773967,-0.5450790109547934,82.2473509946783,82.2473509946783,-2.725395054773967,295.0960020561717,-82.2473509946783,5.450790109547934,0.0408809258216095,277.14282148827385,2.725395054773967,-209.2330914760963,8.1761851643219,-5.450790109547934,0.013626975273869834,0.27253950547739675,87.80807044471355,-11.795911489342156,-0.02725395054773967,-112.09335083373492,105.90397866434346,8.448724669799297,0.02725395054773967,21.893996360296796,-24.528555492965776,8.1761851643219,-0.02725395054773967,-0.006813487636934917,-8.1761851643219,-0.02725395054773967,-40.27460494522603,0.027253950547398608,-0.006813487636934917,-0.006813487636934917,-0.006813487636934917,10.901580219095868,13.626975273869835,0.27253950547739675,272.75458931931564,-0.006813487636934917,175.6161408894271,1.3626975273869835,21.5,0.02725395054773967,0.013626975273869834,0.013626975273869834,6.8134876369349175,3.4322019731046267,0.02725395054773967,-3.4322019731046267,0.27253950547739675,0.02725395054773967,-777.8802267338287,0.02725395054773967,0.10901580219442053,0.1362697527421517,0.013626975273869834,0.006813487636934917,8.1761851643219,-0.02725395054773967,47.345053932655375,0.27253950547742534,-545.5091786386313,0.6813487636934917,-2.725395054773967,5.450790109547934,1.3626975273869835,-0.02725395054773967,0.0,0.0408809258216095,-0.02725395054773967,-13.626975273869832,3.4322019731046267,534.709165477948,0.013626975273869834,-43.0,-0.02725395054773967,-0.027253950547398608,-0.02725395054773967,0.013626975273869834,86.07156742158303,-5.450790109547934,0.02725395054773967,175.6161408894271,-0.006813487636934917,17.525188087492946,-175.6161408894271,4.08809258216095,85.0,-291.75234925746673,86.07156742158303,-0.02044046291080475,112.09335083373492,11.79591148934216,0.02725395054773967,-0.006813487636934916,132.72405804394353,27.253950547739667,-0.013626975273869834,-0.02725395054773967,0.006813487636934917,751.968211139807,0.0,-277.15644846354775,505.1256374145131,-46.0,0.0,80.74604945226031,-7.672761294534837,0.0,-32.0,-93.0,-65.0,0.0,16.0,23.0,46.5,0.0,3.8363806472674185,-105.96121196049415,-469.2991211811328,0.0,65.0,-469.2991211811328,-80.74604945226031,51.27460494522606,0.0,1496.5981,hclb
489,0.0,0.0,0.0,0.0,0.0,0.0,0.0,0.0,-0.022080100930614216,0.0,0.0,0.0,0.0,0.0,0.0,0.0,-287.14242818863124,54.472857594147726,0.0,0.0,0.0,0.0,0.0,0.0,0.0,0.0,0.0,0.0,0.0,-712.8575718113688,209.74556425724336,-209.74556425724336,18.168844779167905,0.0,0.0,0.0,0.0,999.9116795962775,0.0,-1000.0,1000.0,0.0,0.0,1000.0,0.0,0.0,630.7108885552864,0.0,1000.0,-209.12077139468727,0.0,0.0,0.0,0.02428811102367945,0.0,0.0,0.0,4.416020186122843,0.0,0.0,-43.395155238879255,0.0,539.8154147984453,411.0265983530916,0.0,0.0,0.0,0.0,199.74692748621317,-199.74692748621317,0.0,0.22080100930614216,0.0,0.0,0.0,0.0,0.0,0.0,0.0,0.0,0.0,0.0,0.0,0.0,13.248060558368529,0.0,0.0,-508.8540831236733,182.5193797000261,287.17554834002715,-0.005520025232653554,0.0,0.0,538.2654005293688,6.6240302791842645,0.0,6.6240302791842645,0.0,0.0,0.0,0.0,999.4479974767346,-1000.0,0.0,0.0,-12.343184990265518,0.0,622.054604299567,0.0,0.0,0.0,0.0,0.0,0.0,0.0,0.0,0.0,0.0,0.0,0.0,0.0,0.0,0.0,0.0,-869.5920015512424,0.0,0.0,6.6240302791842645,0.0,6.844831288490406,0.0,0.0,0.0,0.0,0.0,0.0,-1000.0,0.0,0.0,914.6063387935255,0.0,0.0,0.0,0.0,0.0,1.7001677716573014,0.022080100930614216,0.0,0.0,0.0,-180.8403101714106,0.0,0.0,0.0,0.0,0.0,-103.58001907708415,0.0,0.0,0.0,0.0,0.0,159.5656272884009,159.5656272884009,0.0,0.0,0.0,0.0,1000.0,0.0,0.0,369.3332716465749,0.0,0.0,0.0,-665.7033968250054,0.0,0.0,0.0,0.0,0.0,0.0,0.0,0.0,0.0,0.0,-962.3280069223365,0.0,0.0,0.0,0.0,-663.6697821353282,0.0,0.0,0.0,0.0,0.0,209.12077139468727,0.0,508.8540831236733,-508.8540831236733,85.39366120647446,0.0,0.0,0.0,0.0,0.0,0.0,287.14242818863124,-761.3357226310391,0.0,0.0,0.0,0.0,0.0,0.0,0.0,0.0,0.0,0.0,0.0,0.0,0.0,358.1011019394509,180.94681524923175,0.0,0.0,0.0,0.0,0.0,82.76990980600796,0.0,0.0,0.0,0.0,-43.395155238879255,-1000.0,209.74556425724336,0.0,0.0,0.0,0.0,0.0,0.0,0.0,210.4565435072097,0.0,0.0,0.0,0.0,-326.3347034236472,1000.0,0.0,0.0,0.0,0.0,85.39366120647446,-973.0622768646507,0.0,0.0,0.0,-104.6582823474613,0.0,0.0,985.2814607758665,578.1250000005331,0.0,985.2814607758664,-578.1250000005331,0.0,691.3734628236995,0.0,72.18102384149438,209.12077139468727,0.0,-106.56008941606876,0.0,0.0,0.0,0.0,0.0,0.0,0.0,1000.0,0.0,0.0,-143.78073713819083,0.0,0.0,0.0,-43.395155238879255,-0.033120151395921324,0.0,0.0,0.0,0.0,0.022080100930614216,0.0,0.0,0.0,278.42563733645187,-287.14242818863124,0.0,-354.26147621513365,369.913354502377,0.0,931.0400504653071,0.0,0.0,0.0,-12.343184990265518,0.0,0.0,0.0,594.0080319419999,-199.74692748621317,-394.2611044557867,-973.08737318485,-1000.0,0.0,0.0,0.0,0.0,0.0,0.0,0.0,0.0,0.0,0.0,0.0,0.0,0.0,0.0,0.0,0.0,0.0,0.0,0.0,-1000.0,0.0,0.0,0.0,950.9382098944823,0.0,0.0,-2.411147021623634,0.0,0.0,0.0,768.6211199205889,998.3439924302039,0.0,796.7790797659843,-975.7451062088738,-0.5520025232653554,0.0,-73.99118528813688,-1.1040050465307107,0.0,-1000.0,-796.7790797659843,0.0,-9.62673288672056,0.0,0.0,0.0,0.0,213.80869916017105,1000.0,-111.80565898938795,6.6240302791842645,0.0,0.0,0.0,0.0,0.0,0.0,358.1011019394509,0.0,0.0,0.0,100.92716480414268,0.0,0.0,0.0,0.0,0.0,287.14242818863124,0.0,0.0,-172.18397168423297,0.0,921.8750000000026,75.58397981387716,0.0,0.0,0.0,0.0,-6.517525201363133,0.044160201861251025,0.0,0.0,0.0,0.0,0.0,0.0,0.0,0.0,0.0,0.0,0.0,0.0,0.0,0.0,0.0,0.0,0.0,0.0,0.0,0.02428811102367945,0.02428811102367945,209.74556425724336,449.6850817533281,0.0,13.248060558368529,0.0,0.0,0.0,1000.0,0.0,0.0,0.0,0.0,0.0,186.1345849964248,-1000.0,0.0,0.0,0.0,0.0,0.0,75.58397981387716,0.0,0.0,0.0,0.0,0.0,0.0,0.0,289.8640005170808,-278.42563733645187,180.8403101714106,0.0,1.7001677716573014,0.0,1000.0,-461.7345994706312,-629.8981704831136,0.0,186.1345849964248,0.0,0.0,179.61705979506166,1000.0,-1000.0,358.1011019394509,0.0,0.0,0.0,0.0,0.0,0.0,0.0,0.0,0.0,0.0,0.0,0.0,0.0,13.248060558368529,85.39366120647446,85.39366120647446,0.0,0.0,0.0,0.0,0.0,0.0,0.0,0.0,0.0,0.0,0.22080100930614216,0.0,209.74556425724336,0.0,0.0,209.74556425724336,0.0,0.0,0.0,6.6240302791842645,0.0,0.0,0.0,0.0,0.0,0.0,0.0,0.0,0.0,0.0,-787.2100179799257,1000.0,0.0,6.6240302791842645,6.6240302791842645,1000.0,-1000.0,0.0,75.58397981387716,0.0,0.0,0.0,0.0,0.0,973.08737318485,287.14242818863124,1000.0,0.022080100930614216,0.0,0.0,0.0,29.15992757900901,0.0,0.0,-538.2654005293688,0.0,0.0,0.0,0.0,0.0,0.0,0.0,0.0,0.0,0.0,0.0,0.0,0.0,0.0,0.022080100930614216,0.0,0.0,0.0,837.2725270397248,-837.2725270397248,0.0,0.0,0.0,0.0,0.0,-2.411147021623634,0.0,0.0,-1000.0,-1.6560075697960883,-1.1040050465307107,0.0,0.0,609.375,609.375,-609.375,0.0,0.0,0.0,0.0,0.0,0.0,0.0,85.39366120647446,0.0,0.0,0.0,103.10704521731381,0.0,0.0,0.0,-0.022080100930614216,0.0,0.0,0.022080100930614216,0.0,0.022080100930614216,0.0,0.0,0.0,13.248060558368529,26.93772313534934,26.93772313534934,0.0,0.0,0.0,0.0,0.0,0.0,0.0,180.8403101714106,0.0,287.14242818863124,0.0,0.0,595.9091286321259,0.0,0.0,0.0,0.0,0.0,0.0,0.0,0.0,0.0,0.0,0.0,0.0,0.0,0.0,168.1635710124824,0.0,-587.0630616894799,587.0630616894799,0.033120151395921324,0.0,0.0,0.0,-6.6240302791842645,0.0,0.0,0.0,0.0,0.0,-449.6850817533281,1.1040050465307107,0.0,0.0,0.0,0.0,-1000.0,2.411147021623634,0.0,0.0,921.8750000000026,0.0,0.0,0.0,0.0,0.0,85.39366120647446,0.0,0.0,415.3496162851867,91.58397981387716,0.0,241.42428998528777,-12.343184990265518,0.0,0.0,0.0,0.0,0.0,-1000.0,0.0,1.1040050465307107,914.1834797230754,0.0,0.0,-209.74556425724336,-172.18397168423297,-1000.0,1000.0,1000.0,-1000.0,0.0,0.0,0.0,0.0,0.0,1000.0,-40.98400821725562,26.93772313534934,0.0,0.0,0.0,209.74556425724336,0.0,0.0,0.0,0.0,0.0,210.4565435072097,0.0,0.0,413.66909624546065,-29.15992757900901,-318.59174309201524,0.0,6.6240302791842645,0.0,0.0,0.0,0.0,-132.5707159632028,0.0,0.0,0.02428811102367945,0.0,0.0,0.0,13.46886156767467,0.0,0.0,0.0,0.0,180.94681524923175,0.0,0.0,0.0,0.0,0.0,0.0,0.0,0.0,0.0,0.0,472.0671220295053,0.0022080100930614234,0.0,0.0,0.0,0.0,0.0,0.0,0.0,0.0,0.0,0.0,209.74556425724336,0.0,0.0,0.0,0.0,449.6850817533281,0.0,0.0,0.0,0.0,0.0,0.0,0.0,209.12077139468727,0.0,0.0,0.0,0.0,371.7730710924855,126.1230963717463,54.472857594147726,0.0,0.0,0.0,13.248060558368529,0.0,0.0,0.0,0.0,0.0,-13.248060558368529,0.0,0.0,0.0,0.0,0.0,0.0,0.0,0.0,0.0,0.0,209.74556425724336,209.74556425724336,0.0,-1000.0,-1000.0,611.0339977695967,-1000.0,993.3759697208158,0.0,999.9116795962775,0.0,0.0,0.0,0.0,0.0,0.0,0.0,0.0,0.0,0.0,0.0,0.0,0.0,0.0,0.0,0.0,0.0,-2.760012616326776,85.39366120647446,-1000.0,635.2371292795854,0.0,0.0,0.0,0.0,0.0,-970.6811475828349,970.4051463212022,172.18397168423297,0.0,0.0,0.0,0.0,0.0,0.0,0.0,1000.0,6.6240302791842645,6.6240302791842645,0.0,0.0,0.0,0.0,0.0,0.02428811102367945,449.6850817533281,0.0,0.0,-999.9116795962775,472.06491401941224,0.0,0.0,0.0,0.0,0.0,0.0,0.0,0.0,0.0,0.0,0.0,0.0,0.0,293.53153084473996,0.0,0.0,0.0,0.0,23.184105977144924,1.7001677716573014,0.0,0.0,0.0,0.0,0.0,449.6850817533281,0.0,-3.515152068154345,0.0,0.0,0.0,-2.760012616326776,0.0,0.0,0.0,0.0,0.0,0.0,0.0,0.0,0.0,0.0,0.0,0.0,0.0,0.0,0.0,0.0,0.0,0.0,-0.022080100930614216,0.0,0.0,1.1040050465307107,-186.1345849964248,0.0,0.0,0.0,0.0,85.39366120647446,0.0,0.0,0.0,-594.0080319419999,0.5520025232653554,0.0,0.0,0.0,0.022080100930614216,0.0,22.080100930614215,-6.844831288490406,4.416020186122843,0.1577150066472444,61.60348159641365,-0.016560075697960662,975.7451062088738,0.4416020186122843,-0.11040050465310561,-61.60348159641365,6.6240302791842645,-0.022080100930614216,4.1143949967551725,75.58397981387716,0.005520025232653554,0.1577150066472444,-12.343184990265517,-3.515152068154345,209.30396223863107,232.6695705944835,-0.022080100930614216,0.005520025232653554,-61.60348159641365,2.2080100930614215,0.022080100930614216,0.022080100930614216,-449.6387135413738,0.024288111023670816,0.0,-0.016560075697960662,6.6240302791842645,0.022080100930614216,6.6240302791842645,-11.040050465307107,-0.011040050465307108,128.26638905761519,-85.0,-0.016560075697960662,-0.022080100930614216,-6.844831288490406,0.022080100930614216,2.2080100930614215,-0.4416020186122843,168.1635710124824,168.1635710124824,-2.2080100930614215,-232.6695705944835,-168.1635710124824,4.416020186122843,0.033120151395921324,-1000.0,2.2080100930614215,-289.8640005170808,75.58397981387716,-4.416020186122843,0.011040050465307108,0.22080100930614216,88.56536905378341,96.0,-0.022080100930614216,-454.65310446271627,449.6387135413738,6.844831288490406,0.022080100930614216,3.515152068154345,49.08785869714008,75.58397981387716,-0.022080100930614216,-0.005520025232653554,-75.58397981387716,-0.022080100930614216,-6.517525201363133,0.02208010093084159,-0.005520025232653554,-0.005520025232653554,-0.005520025232653554,8.832040372245686,11.040050465307107,0.22080100930614216,16.358594776968786,-0.005520025232653554,173.01634311081165,1.1040050465307107,4.362767647212277,0.022080100930614216,0.011040050465307108,0.011040050465307108,40.0,6.844831288490406,0.022080100930614216,-6.844831288490406,0.22080100930614216,0.022080100930614216,-16.358594776968786,0.022080100930614216,0.08832040372247067,0.11040050465310561,0.011040050465307108,0.005520025232653554,6.6240302791842645,-0.022080100930614216,0.0,-104.65198111931554,-32.71718955393757,975.1931036856084,-2.2080100930614215,4.416020186122843,1.1040050465307107,-0.022080100930614216,12.343184990265517,0.033120151395921324,-0.022080100930614216,-80.0,6.844831288490406,271.53688744180533,0.011040050465307108,-8.725535294424555,-0.022080100930614216,-0.02208010093084159,-0.022080100930614216,0.011040050465307108,61.60348159641365,-4.416020186122843,0.022080100930614216,177.13073810756683,-0.005520025232653554,-0.024288111023670816,-177.13073810756683,3.312015139592132,85.0,543.6683295910159,61.60348159641365,-0.016560075697960662,454.65310446271627,-96.0,0.022080100930614216,-0.005520025232653553,769.7251249671195,22.080100930614215,-0.011040050465307108,-0.022080100930614216,0.005520025232653554,474.60029398302663,0.0,21.439948785808074,0.0,-46.0,0.0,263.4343830066411,-31.0,0.0,-32.0,-93.0,-65.0,-978.5490111637266,16.0,23.0,46.5,0.0,15.5,-449.6850817533281,-138.96617147860255,978.5490111637266,65.0,-138.96617147860255,-263.4343830066411,106.0692571082198,0.0,1496.5981,hclb
490,0.0,0.0,0.0,0.0,0.0,0.0,0.0,0.0,507.06159034134413,0.0,0.0,0.0,0.0,0.0,0.0,0.0,241.59430058258317,143.817327457716,0.0,0.0,0.0,0.0,0.0,402.56597901253286,0.0,0.0,0.0,0.0,0.0,772.3620643895601,0.0,0.0,28.577465028722944,0.0,0.0,0.0,0.0,999.8486988447507,0.0,-1000.0,1000.0,0.0,0.0,0.0,0.0,0.0,0.0,0.0,-514.995822617652,0.0,0.0,968.1927785475143,0.0,0.04160781769373107,0.0,0.0,0.0,0.0,0.0,0.0,92.98867307982187,0.0,195.9707874638803,0.0,738.609990368994,0.0,0.0,0.0,490.55973124321486,65.75633378256055,0.0,0.3782528881240005,0.0,0.0,0.0,0.0,0.0,0.0,0.0,0.0,0.0,0.0,354.68118188544884,0.0,22.695173287440028,0.0,0.0,983.1886011651665,-76.5805245351886,0.0,0.0,0.0,0.0,426.0983238787965,11.347586643720014,0.0,11.347586643720014,-649.4493396528661,0.0,0.0,354.68118188544884,137.41020978404848,17.09077585203213,0.0,0.0,-1.5865960885229242,0.0,673.4567471817769,0.0,0.0,0.0,0.0,0.0,0.0,0.0,0.0,0.0,0.0,0.0,0.0,0.0,0.0,0.0,0.0,-885.4125299037601,0.0,0.0,11.347586643720014,0.0,11.725839531844013,0.0,0.0,0.0,640.6805040147898,-640.6805040147898,640.6805040147898,0.0,0.0,0.0,-288.95946054370216,0.0,0.0,0.0,0.0,0.0,-351.768634646894,0.03782528881240005,0.009456322203100012,0.0,0.0,0.0,0.0,0.0,0.0,0.0,0.0,-161.93695946022356,0.0,0.0,0.0,0.0,0.0,825.9839543065062,825.9839543065062,0.0,0.0,0.0,226.515625,48.61630550667684,0.0,0.0,826.0217795953187,0.0,0.0,0.0,-126.48909015434594,-349.8347645469746,0.0,0.0,0.0,0.0,0.0,0.0,0.0,0.0,0.0,-98.6624664016818,0.0,0.0,0.0,0.0,-788.3240869473032,0.0,0.0,0.0,0.0,0.0,0.0,-968.1927785475143,356.18267254228397,-356.18267254228397,253.49688215313185,0.0,0.0,0.0,0.0,0.0,0.0,755.271288537528,52.70678113596999,0.0,0.0,0.0,0.0,0.0,0.0,0.0,0.0,0.0,0.0,0.0,0.0,0.0,181.6202471850056,-27.86988447503998,469.232236193023,0.0,0.0,0.0,35.462578390570314,81.17964582994759,0.0,0.0,0.0,0.0,92.98867307982187,469.232236193023,0.0,0.0,0.0,0.0,0.0,0.0,0.0,0.0,0.0,7.565057762480009,0.0,0.0,-181.46169751896133,-614.2248945964338,-143.817327457716,0.0,-469.232236193023,0.0,0.0,288.95946054370216,46.146852351128054,0.0,0.0,0.0,-477.76762314080787,0.0,0.0,-66.66610375082114,0.0,0.0,-66.66610375082118,0.0,0.0,279.60214800709537,0.0,1000.0,0.0,0.0,-229.14397219648333,0.0,0.0,0.0,489.60238638732017,0.0,-489.60238638732017,0.0,825.9461290176938,0.0,35.462578390570314,1000.0,226.515625,0.0,0.0,92.98867307982187,-0.05673793321860007,0.0,0.0,0.0,0.0,0.03782528881240005,0.0,0.0,0.0,442.29997232050374,241.59430058258317,0.0,-1.0577307256819495,-538.0683843438206,349.8347645469746,903.4500660156297,0.0,1000.0,0.0,-1.5865960885229242,0.0,0.0,0.0,921.0618475546989,-921.0618475546989,-1000.0,0.0,-1000.0,0.0,0.0,0.0,0.0,0.0,0.0,0.0,0.0,0.0,0.0,0.0,0.0,0.0,0.0,0.0,0.0,0.0,325.3627418676256,0.0,-674.6372581323744,0.0,0.0,648.2313653531061,1000.0,0.0,79.3753689543306,351.768634646894,0.0,0.0,0.0,0.0,135.51894534342847,0.0,146.10158313188867,0.0,0.0,430.5021163114841,-23.853646038102738,0.0,24.749643692656665,0.0,-146.10158313188867,-569.6507371123342,-581.605779066104,-0.945632220310001,-1.891264440620002,-1000.0,0.0,1000.0,1000.0,-290.918005252161,11.347586643720014,421.8750000000004,-421.8750000000004,0.0,706.9219818560911,0.0,507.09941563015656,0.0,-181.6202471850056,181.6202471850056,181.6202471850056,-619.9004435300482,0.0,0.0,0.0,0.0,0.0,755.271288537528,0.0,0.0,-102.98211438405845,0.0,0.0,107.8975206280903,0.0,0.0,0.0,0.0,-39.217471118759995,0.07565057762488814,0.0,0.0,0.0,0.0,0.0,0.0,0.0,0.0,0.0,556.3160650257754,0.0,0.0,0.0,0.0,0.0,0.0,0.0,0.0,0.0,0.04160781769373107,0.04160781769373107,0.0,270.0551894225256,0.0,22.695173287440028,0.0,0.0,0.0,0.0,0.0,0.0,0.0,0.0,0.0,-564.7138563117483,0.0,0.0,0.0,991.6853053415931,0.0,0.0,107.8975206280903,0.0,0.0,0.0,0.0,0.0,0.0,0.0,295.13750996792004,-442.29997232050374,0.0,0.0,363.0001953704383,0.0,426.0983238787965,0.0,-334.67652798307944,0.0,-564.7138563117483,0.0,0.0,-603.9313274305083,0.0,0.0,181.6202471850056,0.0,0.0,0.0,0.0,0.0,0.0,0.0,0.0,0.0,0.0,0.0,0.0,0.0,22.695173287440028,288.95946054370216,288.95946054370216,0.0,0.0,0.0,0.0,0.0,0.0,0.0,0.0,0.0,0.0,0.3782528881240005,0.0,0.0,0.0,0.0,0.0,-968.1927785475143,0.0,0.0,11.347586643720014,-991.6853053415931,0.0,0.0,360.08764813188344,0.0,0.0,0.0,0.0,0.0,0.0,-62.180453188713024,0.0,0.0,11.347586643720014,11.347586643720014,0.0,0.0,0.0,107.8975206280903,0.0,0.0,0.0,0.0,0.0,277.0308492865651,755.271288537528,0.0,0.03782528881240005,0.0,0.0,0.0,49.95369748946174,0.0,0.0,-426.0983238787965,0.0,0.0,0.0,0.0,0.0,0.0,0.0,0.0,0.0,0.0,0.0,0.0,0.0,0.0,0.03782528881240005,0.0,0.0,0.0,0.0,0.0,0.0,0.0,0.0,0.0,0.0,1000.0,0.0,0.0,-1000.0,-2.8368966609299946,0.0,-1.8912644406200023,0.0,0.0,0.0,0.0,0.0,0.0,0.0,0.0,0.0,0.0,0.0,288.95946054370216,349.8347645469746,0.0,0.0,710.973259188459,0.0,0.0,0.0,507.06159034134413,0.0,0.0,0.03782528881240005,0.0,0.03782528881240005,0.0,0.0,0.0,22.695173287440028,46.146852351128054,46.146852351128054,0.0,0.0,0.0,0.0,0.0,0.0,0.0,0.0,0.0,755.271288537528,0.0,0.0,148.22767816950332,776.0909267519434,0.0,0.0,0.0,0.0,0.0,0.0,0.0,0.0,0.0,0.0,0.0,0.0,0.0,334.67652798307944,0.0,0.0,0.0,0.05673793321860007,0.0,0.0,0.0,-11.347586643720014,0.0,0.0,0.0,0.0,0.0,-270.0551894225256,1.891264440620002,0.0,0.0,0.0,-226.515625,-48.61630550667684,-1.2179742997600913,-1.8912644406200023,0.0,0.0,0.0,0.0,0.0,0.0,0.0,288.95946054370216,0.0,991.6853053415931,0.0,88.43494223751999,0.0,57.43494223751999,-1.5865960885229242,0.0,350.5506603471339,0.0,-350.5506603471339,0.0,0.0,0.0,1.8912644406200023,1000.0,0.0,0.0,0.0,-102.98211438405845,0.0,0.0,0.0,0.0,0.0,0.0,0.0,0.0,0.0,171.50696481930504,-78.51829173948323,46.146852351128054,0.0,0.0,0.0,0.0,0.0,0.0,0.0,0.0,0.0,0.0,0.0,0.0,200.04758766583222,-606.2697625152372,64.4959832233923,0.0,11.347586643720014,0.0,0.0,0.0,0.0,-303.61746991677,0.0,0.0,0.04160781769373107,0.0,0.0,0.0,23.073426175564027,0.0,0.0,0.0,0.0,-27.86988447503998,0.0,0.0,0.0,0.0,0.0,0.0,0.0,0.0,0.0,0.0,0.003782528881240005,0.003782528881240005,0.0,0.0,0.0,0.0,0.0,0.0,0.0,0.0,0.0,0.0,0.0,0.0,0.0,0.0,0.0,270.0551894225256,0.0,0.0,0.0,0.0,0.0,0.0,0.0,0.0,0.0,0.0,0.0,0.0,0.0,0.0,143.817327457716,0.0,0.0,0.0,22.695173287440028,0.0,0.0,0.0,0.0,0.0,0.0,-22.695173287440028,0.0,0.0,0.0,0.0,0.0,0.0,0.0,0.0,0.0,0.0,0.0,0.0,0.0,294.12162513859727,950.2289277579407,0.0,-11.347586643720014,0.0,999.8486988447507,0.0,0.0,0.0,0.0,0.0,0.0,0.0,0.0,0.0,0.0,0.0,0.0,0.0,0.0,0.0,0.0,0.0,-4.728161101549997,288.95946054370216,-138.3558420043585,1000.0,0.0,0.0,0.0,0.0,0.0,-936.3898168144227,935.9170007042677,102.98211438405845,0.0,0.0,0.0,0.0,0.0,0.0,0.0,1000.0,11.347586643720014,11.347586643720014,0.0,0.0,0.0,0.0,0.0,0.04160781769373107,270.0551894225256,0.0,0.0,-999.8486988447507,0.0,0.0,0.0,0.0,0.0,0.0,0.0,0.0,0.0,0.0,0.0,0.0,0.0,0.0,0.0,0.0,0.0,0.0,0.0,39.71655325302005,0.0,0.0,2.9125472385548603,0.0,0.0,0.0,270.0551894225256,0.0,0.0,0.0,0.0,0.0,-4.728161101549997,0.0,0.0,0.0,0.0,0.0,0.0,0.0,0.0,0.0,0.0,0.0,0.0,0.0,0.0,0.0,0.0,0.0,0.0,-0.03782528881240005,0.0,0.0,1.891264440620002,564.7138563117483,0.0,0.0,0.0,0.0,288.95946054370216,0.0,0.0,0.0,-921.0618475546989,0.945632220310001,0.0,0.0,0.0,0.03782528881240005,0.0,37.825288812400046,-11.725839531844013,7.565057762480009,0.270180634374286,105.53255578659612,-0.028368966609300036,569.6507371123342,0.756505776248001,-0.1891264440616851,-105.53255578659612,11.347586643720014,-0.03782528881240005,0.5288653628409747,107.8975206280903,0.009456322203100012,0.270180634374286,-1.5865960885229242,-6.021785978934929,-0.756505776248001,-385.4116280402992,-0.03782528881240005,0.009456322203100012,-105.53255578659612,3.7825288812400046,0.03782528881240005,0.03782528881240005,-269.97575631601944,0.04160781769364005,-64.62174397043708,-0.028368966609300036,11.347586643720014,0.03782528881240005,11.347586643720014,-18.912644406200023,-0.018912644406200024,229.7318956077065,-85.0,-0.028368966609300033,-0.037825288812400014,-11.725839531844013,0.03782528881240005,3.7825288812400117,-0.756505776248001,334.67652798307944,334.67652798307944,-3.7825288812400046,385.4116280402992,-334.67652798307944,7.565057762480009,0.05673793321860007,-406.7086040005509,3.7825288812400046,-295.13750996792004,107.8975206280903,-7.565057762480009,0.018912644406200024,0.3782528881240005,0.26443268142048737,96.0,-0.03782528881240005,-278.56587940531546,269.97575631601944,11.725839531844013,0.03782528881240005,6.021785978934929,62.50717405321029,107.8975206280903,-0.03782528881240005,-0.009456322203100012,-107.8975206280903,-0.03782528881240005,-39.217471118759995,0.03782528881244268,-0.009456322203100012,-0.009456322203100012,-0.009456322203100012,15.130115524960019,18.912644406200023,0.3782528881240005,239.52344093305024,-0.009456322203100012,0.0,1.8912644406200023,21.5,0.03782528881240005,0.018912644406200024,0.018912644406200024,40.0,11.725839531844013,0.03782528881240005,-11.725839531844013,0.3782528881240005,0.03782528881240005,-662.5227011013761,0.03782528881240005,0.15130115524925714,0.1891264440616851,0.018912644406200024,0.009456322203100012,11.347586643720014,-0.03782528881240005,64.62174397043708,0.3782528881240005,-479.0468818661005,568.7051048920242,-3.7825288812400117,7.565057762480009,1.891264440620002,-0.03782528881240005,1.5865960885229242,0.05673793321860007,-0.03782528881240005,-80.0,11.725839531844013,789.6741916419703,0.018912644406200024,-43.0,-0.03782528881240005,-0.03782528881244268,-0.03782528881240005,0.018912644406200007,105.53255578659612,-7.565057762480009,0.03782528881240005,0.5288653628409747,-0.009456322203100012,-0.04160781769364005,-0.5288653628409747,5.673793321860007,85.0,0.0,105.53255578659612,-0.028368966609300033,278.56587940531546,-96.0,0.03782528881240005,-0.009456322203100012,1.8912644406200023,37.825288812400046,-0.018912644406200024,-0.03782528881240005,0.009456322203100012,813.6551315311673,0.0,127.08754334904934,422.9992601683259,-46.0,0.0,801.0638558973831,-31.0,0.0,-32.0,-93.0,-65.0,-279.60214800709537,16.0,23.0,46.5,0.0,15.5,-270.0551894225256,-486.05672172520036,279.60214800709537,65.0,-486.05672172520036,-801.0638558973831,367.3870764814664,0.0,1496.5981,hclb
491,0.0,0.0,0.0,0.0,0.0,0.0,0.0,0.0,221.0393035868392,0.0,0.0,0.0,0.0,0.0,0.0,0.0,-859.9884318267423,0.0,0.0,667.5206153827216,0.0,0.0,0.0,0.0,0.0,0.0,0.0,0.0,0.0,928.9723449926274,0.0,0.0,9.261746827337074,0.0,0.0,0.0,0.0,767.6427329514745,0.0,-1000.0,1000.0,0.0,-850.8195584895797,26.750218723869978,0.0,0.0,0.0,0.0,-1000.0,-698.7046314148207,0.0,0.0,0.0,0.033334047118592745,0.0,0.0,0.0,6.060735839748474,0.0,0.0,38.20998742113696,0.0,752.6542518132811,668.2280449266987,0.0,0.0,0.0,0.0,0.0,786.6023688099453,0.0,0.3030367919874237,0.0,0.0,0.0,0.0,0.0,0.0,0.0,96.84740670477203,0.0,0.0,-78.60803073100277,0.0,18.182207519245424,0.0,0.0,539.2191908499974,1000.0,-9.86683003731132,884.5777239099729,0.0,0.0,0.0,9.091103759622712,0.0,9.091103759622712,-0.9757784701998734,0.0,0.0,0.0,979.4814108970822,928.9723449926274,0.0,0.0,-21.068541862370743,574.4950072737043,24.393817722132894,0.0,0.0,0.0,0.0,0.0,0.0,0.0,0.0,0.0,0.0,0.0,0.0,0.0,0.0,0.0,0.0,-453.0072757656378,0.0,0.0,9.091103759622712,0.0,9.394140551610136,0.0,0.0,-79.90776132177689,79.90776132177689,0.0,0.0,391.25854791280267,0.0,0.0,-513.8947422205221,0.0,0.0,0.0,0.0,0.0,80.94141402930593,0.030303679198742366,884.5852998297726,0.0,0.0,-791.2801709544372,216.78516368073275,0.0,0.0,78.60803073100277,0.0,46.6543673152498,0.0,0.0,0.0,0.0,0.0,923.9411553068988,923.9411553068988,0.0,0.0,0.0,0.0,142.09495461920793,0.0,0.0,923.9714589860976,0.0,0.0,0.0,0.0,-466.8004410944568,0.0,0.0,0.0,0.0,0.0,0.0,0.0,0.0,0.0,-891.4609009985242,0.0,0.0,0.0,0.0,-541.4252323297999,0.0,0.0,0.0,0.0,0.0,698.7046314148207,850.8195584895797,-128.3014245327243,128.3014245327243,122.63619430771939,0.0,0.0,0.0,0.0,0.0,0.0,0.0,-944.8486957395912,0.0,0.0,0.0,0.0,0.0,0.0,0.0,0.0,0.0,0.0,0.0,0.0,0.0,144.09311983740116,-30.87852832050305,80.19652834453518,0.0,0.0,0.0,0.0,81.93932840092702,0.0,0.0,0.0,0.0,38.20998742113696,53.446309620665204,0.0,0.0,0.0,0.0,0.0,0.0,0.0,0.0,0.0,0.0,0.0,0.0,-869.9007173828517,-592.4188513397071,261.73732480685277,0.0,-80.19652834453518,0.0,0.0,122.63619430771939,473.9188491002586,0.0,0.0,0.0,305.4194784695907,0.0,0.0,-44.71468226851994,0.0,0.0,-1000.0,955.2853177314802,-955.2853177314802,871.6985754672758,0.0,1000.0,698.7046314148207,0.0,-120.0282577441552,0.0,0.0,0.0,-1000.0,0.0,1000.0,0.0,1000.0,0.0,0.0,0.0,0.0,0.0,0.0,38.20998742113696,-0.04545551879811355,0.0,0.0,0.0,0.0,0.030303679198742366,0.0,0.0,0.0,327.7586058615307,-859.9884318267423,0.0,-85.6542648534778,-629.3144802018548,466.8004410944568,997.8697716921349,0.0,0.0,0.0,-21.068541862370743,0.0,0.0,0.0,849.984623199617,-901.2442712021323,51.25964800251526,-1000.0,-1000.0,0.0,0.0,0.0,0.0,0.0,0.0,0.0,0.0,0.0,0.0,0.0,0.0,0.0,0.0,0.0,0.0,0.0,-232.23605233172998,0.0,-1000.0,78.60803073100277,0.0,0.0,1000.0,0.0,0.0,-80.94141402930593,0.0,0.0,0.0,0.0,977.9662269371452,901.2442712021323,0.0,-141.90038984965895,750.8782961909841,0.0,0.0,-1.5151839599371184,0.0,-944.6573220222505,0.0,-848.5979075788507,0.0,-751.6358881709526,0.0,-272.71878740624334,0.0,-478.36741128467594,-99.64502623925978,1000.0,9.091103759622712,0.0,0.0,0.0,657.3864148006123,0.0,221.06960726603793,1000.0,855.9068801625988,-855.9068801625988,-855.9068801625988,-714.1627048431592,0.0,0.0,-76.08914837229989,0.0,0.0,0.0,0.0,0.0,-46.21621946544548,0.0,0.0,11.221332067487765,0.0,0.0,0.0,0.0,-39.96963208012576,0.06060735839745114,0.0,0.0,0.0,0.0,0.0,0.0,0.0,0.0,0.0,786.6023688099453,0.0,0.0,0.0,0.0,0.0,0.0,0.0,0.0,0.0,0.033334047118592745,0.033334047118592745,0.0,234.0323839976527,0.0,18.182207519245424,0.0,399.26607401270235,0.0,1000.0,0.0,0.0,0.0,0.0,0.0,-615.1139656155792,-1000.0,0.0,0.0,44.75175300040335,0.0,0.0,11.221332067487765,0.0,0.0,0.0,0.0,0.0,0.0,0.0,151.00242525521261,-327.7586058615307,0.0,0.0,2.333383298303161,0.0,0.0,0.0,-204.57552270864642,0.0,-615.1139656155792,0.0,-655.083597695705,0.0,0.0,0.0,144.09311983740116,0.0,0.0,0.0,0.0,0.0,0.0,0.0,0.0,0.0,0.0,0.0,0.0,0.0,18.182207519245424,122.63619430771939,122.63619430771939,0.0,0.0,0.0,0.0,0.0,0.0,0.0,0.0,0.0,0.0,0.3030367919874237,0.0,0.0,0.0,0.0,0.0,850.8195584895797,0.0,0.0,9.091103759622712,-44.75175300040335,0.0,0.0,0.0,0.0,0.0,0.0,0.0,0.0,0.0,1000.0,-120.14307929221644,0.0,9.091103759622712,9.091103759622712,1000.0,-1000.0,0.0,11.221332067487765,0.0,0.0,0.0,0.0,0.0,0.0,0.0,393.6639489352143,0.030303679198742366,0.0,0.0,40.0203374789677,0.0,0.0,0.0,0.0,0.0,0.0,0.0,0.0,0.0,0.0,0.0,0.0,0.0,0.0,0.0,0.0,0.0,0.0,0.030303679198742366,0.0,0.0,0.0,1000.0,-1000.0,0.0,0.0,0.0,0.0,0.0,0.0,0.0,0.0,-848.705361697576,-2.272775939905614,-1.5151839599371184,0.0,0.0,0.0,0.0,0.0,0.0,0.0,0.0,0.0,0.0,0.0,0.0,122.63619430771939,466.8004410944568,0.0,0.0,523.1477726752612,0.0,0.0,0.0,221.0393035868392,0.0,0.0,0.030303679198742366,0.0,0.030303679198742366,0.0,0.0,0.0,18.182207519245424,36.970488622465695,36.970488622465695,0.0,0.0,0.0,0.0,0.0,0.0,0.0,0.0,0.0,0.0,0.0,0.0,547.3839933436026,305.2097766350261,0.0,0.0,0.0,0.0,0.0,0.0,0.0,0.0,0.0,0.0,0.0,0.0,0.0,204.57552270864642,0.0,0.0,0.0,0.04545551879811355,0.0,0.0,0.0,-9.091103759622712,0.0,0.0,0.0,0.0,0.0,-234.0323839976527,1.5151839599371184,0.0,0.0,0.0,0.0,-142.09495461920793,-564.0493400662829,0.0,0.0,0.0,0.0,0.0,0.0,0.0,0.0,122.63619430771939,0.0,44.75175300040335,1000.0,89.93926416025153,0.0,58.939264160251525,-21.068541862370743,80.94141402930597,-644.9907540955888,0.0,564.0493400662829,78.60803073100277,436.9483604777929,399.26607401270235,1.5151839599371184,1000.0,0.0,0.0,0.0,-46.21621946544548,0.0,0.0,0.0,0.0,0.0,0.0,0.0,0.0,0.0,1000.0,-113.08465088128705,36.970488622465695,0.0,0.0,0.0,0.0,0.0,0.0,0.0,0.0,0.0,0.0,0.0,0.0,127.76606093608257,-826.622706288913,-1000.0,-850.8195584895797,9.091103759622712,0.0,0.0,0.0,0.0,-233.87005565794425,0.0,0.0,0.033334047118592745,0.0,0.0,0.0,18.485244311232847,0.0,0.0,0.0,0.0,-30.87852832050305,0.0,574.4950072737043,0.0,0.0,0.0,0.0,0.0,0.0,270.7688369474326,0.0,0.003030367919874237,0.003030367919874237,0.0,0.0,0.0,0.0,0.0,0.0,0.0,0.0,0.0,40.0203374789677,0.0,0.0,0.0,0.0,0.0,234.0323839976527,0.0,0.0,0.0,0.0,0.0,0.0,0.0,698.7046314148207,0.0,0.0,0.0,0.0,0.0,-201.6366897811832,0.0,0.0,0.0,0.0,18.18220751924548,0.0,0.0,0.0,0.0,0.0,767.3180431817469,-785.5002507009924,0.0,0.0,0.0,0.0,0.0,0.0,0.0,0.0,0.0,0.0,0.0,0.0,-496.95527662741995,-71.02765500737254,873.3517902297671,0.0,-9.091103759622712,0.0,767.6427329514745,0.0,0.0,0.0,0.0,0.0,0.0,0.0,0.0,0.0,0.0,0.0,0.0,0.0,0.0,0.0,0.0,399.26607401270235,-3.7879598998427326,122.63619430771939,-980.2390028770508,963.4056449200101,0.0,0.0,0.0,0.0,0.0,-0.37879598998427966,0.0,124.82425019644825,0.0,0.0,0.0,0.0,0.0,0.0,0.0,896.7086723077944,9.091103759622712,9.091103759622712,0.0,0.0,0.0,0.0,96.84740670477203,0.033334047118592745,234.0323839976527,0.0,0.0,-767.6427329514745,0.0,0.0,0.0,0.0,0.0,0.0,0.0,0.0,0.0,0.0,0.0,0.0,0.0,0.0,0.0,0.0,0.0,0.0,0.0,31.81886315867949,2.333383298303161,0.0,0.0,0.0,0.0,0.0,234.0323839976527,0.0,561.5583776361458,0.0,0.0,0.0,-3.7879598998427326,0.0,0.0,0.0,0.0,0.0,0.0,0.0,0.0,0.0,0.0,0.0,0.0,0.0,0.0,0.0,0.0,0.0,0.0,-0.030303679198742366,0.0,0.0,1.5151839599371184,615.1139656155792,0.0,0.0,0.0,0.0,122.63619430771939,0.0,0.0,0.0,-849.984623199617,0.757591979968538,0.0,0.0,0.0,0.030303679198742366,0.0,30.303679198742365,-9.394140551610136,6.0607358397484745,0.21645485141958834,84.54726496449122,-0.022727759399056774,990.4982974285097,0.6060735839748475,-0.15151839599423056,-84.54726496449122,9.091103759622712,-0.03030367919874237,7.022847287456915,11.221332067487765,0.0075759197996855925,0.21645485141958834,-21.068541862370743,-4.824345728440278,-0.6060735839748475,192.46781644402063,-0.03030367919874237,0.0075759197996855925,-84.54726496449122,3.030367919874237,0.03030367919874237,0.030303679198742366,-233.96874627133536,0.03333404711861661,-7.094295182721307,-0.022727759399056774,9.091103759622712,0.03030367919874237,9.091103759622712,-15.151839599371186,-0.015151839599371185,2.5770115922129926,-85.0,-0.022727759399056774,-0.03030367919874237,-9.394140551610136,0.030303679198742366,3.030367919874237,-0.6060735839748475,204.57552270864642,204.57552270864642,-3.030367919874237,-192.46781644402063,-204.57552270864642,6.060735839748474,0.04545551879811355,-1000.0,3.030367919874237,-151.00242525521261,11.221332067487765,-6.060735839748474,0.015151839599371183,0.3030367919874237,21.41356621336945,96.0,-0.030303679198742366,-240.8507118173696,233.96874627133536,9.394140551610136,0.03030367919874237,4.824345728440278,-25.143082971003054,11.221332067487765,-0.030303679198742366,-0.007575919799685592,-11.221332067487765,-0.03030367919874237,-614.4646393538301,0.030303679198596,-0.007575919799685592,-0.0075759197996855925,-0.007575919799685592,12.121471679496947,15.151839599371186,0.3030367919874237,22.45123832636716,-0.007575919799685592,35.80428513928199,1.5151839599371184,21.5,0.030303679198742366,0.015151839599371183,0.015151839599371185,8.64103395361812,9.394140551610136,0.030303679198742366,-9.394140551610136,0.3030367919874237,0.03030367919874237,-22.45123832636716,0.03030367919874237,0.12121471679553188,0.15151839599423056,0.015151839599371185,0.0075759197996855925,9.091103759622712,-0.03030367919874237,7.094295182721307,0.3030367919874237,-44.90247665273432,989.7407054485411,-3.030367919874237,6.060735839748474,1.5151839599371184,-0.03030367919874237,21.068541862370743,0.04545551879811355,-0.03030367919874237,-17.28206790723624,9.394140551610136,547.1546041592521,0.015151839599371185,-43.0,-0.03030367919874237,-0.030303679198596,-0.03030367919874237,0.015151839599371185,84.54726496449122,-6.060735839748474,0.030303679198742366,42.8271324267389,-0.0075759197996855925,-0.03333404711861661,-42.8271324267389,4.545551879811355,85.0,391.0748032718348,84.54726496449122,-0.022727759399056774,240.8507118173696,-96.0,0.03030367919874237,-0.0075759197996855925,1.5151839599371184,30.303679198742365,-0.015151839599371183,-0.03030367919874237,0.007575919799685592,706.7712637663669,0.0,138.15310273043625,0.0,-46.0,0.0,560.1822889708061,-31.0,0.0,-32.0,71.78409606516914,-65.0,-861.8317454299644,16.0,23.0,-35.89204803258457,0.0,15.5,-234.0323839976527,-313.28454850130794,861.8317454299644,65.0,-313.28454850130794,-560.1822889708061,291.14750201096746,0.0,1496.5981,hclb
492,0.0,0.0,0.0,0.0,0.0,0.0,0.0,0.0,321.5808533599665,0.0,0.0,0.0,0.0,0.0,0.0,0.0,-348.9684892735718,1000.0,0.0,0.0,0.0,0.0,0.0,206.00681608732714,0.0,0.0,0.0,0.0,0.0,-501.7875557010782,0.0,0.0,15.306635849552324,0.0,0.0,0.0,0.0,-68.33151273699139,0.0,-1000.0,1000.0,0.0,-850.75604497465,0.0,0.0,0.0,0.0,0.0,0.0,-54.57297490304749,0.0,0.0,0.0,0.04310068127267641,0.0,0.0,0.0,0.0,0.0,0.0,-46.64157535485003,0.0,-436.7153603831231,-667.7650212755578,0.0,0.0,0.0,0.0,0.0,0.0,0.0,0.39182437520725166,0.0,0.0,0.0,0.0,0.0,0.0,0.0,0.0,0.0,0.0,0.0,0.0,23.509462512435096,0.0,104.66027053638634,72.79251284487862,-72.79251284487862,996.3410706644072,-0.009795609380181291,0.0,0.0,624.7757899561531,11.754731256217548,0.0,11.754731256217548,0.0,0.0,0.0,0.0,1.959121876036258,-869.1314123878781,0.0,0.0,-14.827432281239771,637.8848257310937,0.0,0.0,0.0,0.0,0.0,0.0,0.0,0.0,0.0,0.0,0.0,0.0,0.0,0.0,0.0,0.0,0.0,-730.2930076683515,0.0,0.0,11.754731256217548,0.0,12.146555631424802,12.146555631424802,0.0,0.0,0.0,0.0,0.0,-184.4080855375847,0.0,0.0,0.0,0.0,0.0,0.0,0.0,0.0,107.67731822548218,0.039182437520725165,0.0,0.0,0.0,284.76660551412897,-922.6514312452226,0.0,0.0,0.0,0.0,-13.84445107869765,0.0,0.0,0.0,0.0,0.0,213.31881206968143,213.31881206968143,0.0,0.0,0.0,0.0,0.0,0.0,0.0,213.35799450720216,0.0,0.0,0.0,-211.97314020465137,0.0,0.0,0.0,0.0,0.0,0.0,0.0,0.0,0.0,0.0,0.0,0.0,0.0,0.0,0.0,-352.6303337051245,0.0,0.0,0.0,0.0,0.0,54.57297490304749,850.75604497465,-923.5485578195286,923.5485578195286,0.0,0.0,0.0,0.0,0.0,0.0,0.0,367.3438566867999,139.61009994427786,0.0,0.0,0.0,0.0,0.0,0.0,0.0,0.0,0.0,0.0,0.0,0.0,0.0,148.21880372719124,-2.5934974567097697,0.0,0.0,0.0,0.0,184.4080855375847,81.04257381040676,0.0,0.0,0.0,0.0,-46.64157535485003,0.0,0.0,0.0,0.0,0.0,0.0,0.0,0.0,0.0,1.261674488168296,7.836487504145032,0.0,0.0,0.0,0.0,0.0,0.0,0.0,0.0,0.0,184.4080855375847,-952.1974262247153,0.0,0.0,0.0,-274.13387466739493,0.0,0.0,-587.1594157568779,-587.1594157568779,-423.2055807735485,-1000.0,1000.0,-836.0461650166706,-996.3410706644072,0.0,3.658929335592802,54.57297490304749,0.0,52.56953813526604,0.0,0.0,0.0,-242.51192222180254,0.0,242.51192222180254,0.0,663.6197717821726,0.0,184.4080855375847,263.62251673388494,0.0,0.0,0.0,-46.64157535485003,-0.058773656281087744,0.0,0.0,0.0,0.0,0.039182437520725165,0.0,0.0,0.0,258.57135415033184,-348.9684892735718,0.0,-220.25865592263474,181.27878733128392,0.0,755.1831332227778,0.0,269.0160938644051,0.0,-14.827432281239771,0.0,0.0,0.0,730.9839061355949,0.0,-1000.0,498.74920701608755,-1000.0,0.0,0.0,0.0,0.0,0.0,0.0,0.0,0.0,0.0,0.0,0.0,0.0,0.0,0.0,0.0,0.0,0.0,-1000.0,0.0,-1000.0,0.0,68.17478298690912,0.0,0.0,0.0,0.0,-108.93899271365048,0.0,0.0,0.0,175.16726477717413,0.0,0.0,0.0,0.0,-350.0452774336492,0.0,0.0,-1.959121876036258,-350.51441122951246,388.2304803245527,0.0,-1.959121876036258,0.0,349.065716495631,0.0,0.0,0.0,-26.940898776840868,0.0,0.0,11.754731256217548,0.0,0.0,0.0,0.0,0.0,321.6200357974872,0.0,-148.21880372719124,148.21880372719124,148.21880372719124,99.99094477709474,0.0,0.0,-764.320953759171,0.0,0.0,367.3438566867999,0.0,0.0,-68.37069517451211,0.0,0.0,256.57159803343967,0.0,0.0,0.0,0.0,-14.348228712927266,0.07836487504164324,0.0,0.0,0.0,0.0,0.0,0.0,0.0,0.0,0.0,0.0,0.0,0.0,0.0,0.0,0.0,0.0,0.0,0.0,0.0,0.04310068127267641,0.04310068127267641,0.0,236.38231622304625,0.0,23.509462512435096,0.0,0.0,0.0,1000.0,0.0,0.0,104.66027053638634,0.0,0.0,270.5953347919049,-1000.0,0.0,0.0,44.68823948549951,0.0,0.0,256.57159803343967,0.0,0.0,0.0,0.0,0.0,0.0,0.0,243.43100255611716,-258.57135415033184,0.0,0.0,107.67731822548218,0.0,543.7332161457463,81.04257381040676,0.0,0.0,270.5953347919049,0.0,600.295274896321,-344.04816881734337,0.0,0.0,148.21880372719124,0.0,0.0,0.0,0.0,0.0,0.0,0.0,0.0,0.0,0.0,0.0,0.0,0.0,23.509462512435096,184.4080855375847,184.4080855375847,0.0,0.0,0.0,0.0,0.0,0.0,0.0,0.0,0.0,0.0,0.39182437520725166,0.0,0.0,104.66027053638634,-104.66027053638634,0.0,850.75604497465,0.0,0.0,11.754731256217548,-44.68823948549951,0.0,0.0,0.0,0.0,0.0,0.0,0.0,0.0,0.0,0.0,825.9836806021465,0.0,11.754731256217548,11.754731256217548,-87.3443921385136,-1000.0,0.0,256.57159803343967,0.0,0.0,0.0,0.0,0.0,-629.6177946282094,367.3438566867999,-667.7650212755578,0.039182437520725165,0.0,0.0,0.0,3.1597837114927647,0.0,0.0,-624.7757899561531,0.0,0.0,0.0,0.0,0.0,0.0,0.0,0.0,0.0,0.0,0.0,0.0,0.0,0.0,0.039182437520725165,0.0,0.0,0.0,0.0,0.0,0.0,0.0,0.0,68.17478298690912,-108.93899271365048,0.0,0.0,0.0,0.0,-2.938682814054387,-1.9591218760363063,0.0,0.0,-609.375,-609.375,609.375,0.0,0.0,0.0,0.0,0.0,0.0,0.0,184.4080855375847,0.0,0.0,0.0,-24.98177690080461,0.0,0.0,0.0,321.5808533599665,0.0,0.0,0.039182437520725165,0.0,0.039182437520725165,0.0,0.0,0.0,23.509462512435096,47.8025737752847,47.8025737752847,0.0,0.0,0.0,0.0,0.0,0.0,0.0,0.0,0.0,367.3438566867999,0.0,0.0,734.3575140061292,0.0,0.0,0.0,0.0,0.0,0.0,0.0,0.0,0.0,0.0,0.0,0.0,0.0,0.0,81.04257381040676,0.0,0.0,0.0,0.058773656281087744,0.0,0.0,0.0,-11.754731256217548,0.0,0.0,0.0,0.0,0.0,-236.38231622304625,1.959121876036258,0.0,0.0,0.0,0.0,0.0,-885.3102897797678,0.0,0.0,0.0,0.0,0.0,0.0,0.0,0.0,184.4080855375847,0.0,44.68823948549951,1000.0,88.16351249585497,0.0,57.16351249585497,-14.827432281239766,0.0,-885.3102897797677,0.0,885.3102897797677,0.0,-1000.0,0.0,1.959121876036258,1000.0,0.0,0.0,0.0,-277.6912362472848,0.0,0.0,-265.6249999999985,265.6249999999985,0.0,0.0,0.0,0.0,0.0,239.32099903710062,-245.19836466520928,47.8025737752847,0.0,0.0,0.0,0.0,0.0,0.0,0.0,0.0,0.0,1.261674488168296,0.0,0.0,0.0,-3.1597837114927647,-938.2848144799658,-850.75604497465,11.754731256217548,104.66027053638634,0.0,0.0,0.0,-243.63042490701204,0.0,0.0,0.04310068127267641,0.0,0.0,0.0,23.90128688764235,0.0,0.0,0.0,0.0,-2.5934974567097697,0.0,637.8848257310937,0.0,0.0,0.0,0.0,0.0,0.0,-185.92079036276402,0.0,0.003918243752072614,0.003918243752072614,0.0,0.0,0.0,0.0,0.0,0.0,0.0,0.0,0.0,0.0,0.0,0.0,0.0,0.0,0.0,236.38231622304625,0.0,0.0,0.0,0.0,0.0,0.0,0.0,54.57297490304749,0.0,0.0,0.0,209.32054107277267,0.0,156.47799576309922,1000.0,0.0,0.0,0.0,23.509462512435107,0.0,0.0,0.0,0.0,0.0,-1000.0,976.4905374875649,0.0,209.32054107277267,0.0,0.0,0.0,0.0,0.0,0.0,0.0,0.0,0.0,0.0,627.3848289453556,-1000.0,761.197483707826,0.0,-11.754731256217548,0.0,-0.1567297500822633,0.0,0.0,0.0,0.0,0.0,0.0,0.0,0.0,0.0,886.7109374999999,0.0,-886.7109375,-886.7109374999999,0.0,0.0,0.0,0.0,-4.897804690090693,184.4080855375847,-2.938682814054387,976.6171958572843,0.0,0.0,0.0,0.0,0.0,-487.32252970924446,486.8327492402354,68.37069517451211,0.0,0.0,0.0,0.0,0.0,0.0,0.0,959.6198076697978,11.754731256217548,11.754731256217548,0.0,0.0,0.0,0.0,0.0,0.04310068127267641,236.38231622304625,0.0,0.0,0.1567297500822633,0.0,0.0,0.0,0.0,0.0,0.0,0.0,0.0,0.0,0.0,0.0,0.0,0.0,0.0,0.0,0.0,0.0,12.146555631424802,0.0,41.141559396761416,107.67731822548218,0.0,0.0,0.0,0.0,0.0,236.38231622304625,0.0,883.3511679037314,0.0,0.0,0.0,-4.897804690090693,0.0,0.0,0.0,0.0,0.0,0.0,0.0,0.0,0.0,0.0,0.0,0.0,0.0,0.0,0.0,0.0,0.0,0.0,-0.039182437520725165,0.0,0.0,1.959121876036258,-270.5953347919049,0.0,0.0,0.0,0.0,184.4080855375847,0.0,0.0,0.0,-730.9839061355949,0.979560938018129,0.0,0.0,0.0,0.039182437520725165,0.0,39.18243752072516,0.0,7.836487504145032,0.2798745537194654,133.6121119456728,-0.029386828140543872,1.959121876036258,0.7836487504145033,-0.19591218760298848,-133.6121119456728,11.754731256217548,-0.039182437520725165,4.942477427079924,256.57159803343967,0.009795609380181291,0.27987455371946546,-14.827432281239771,-110.89811458968677,-0.7836487504145033,-651.0315107264282,-0.039182437520725165,0.009795609380181291,-133.6121119456728,3.918243752072516,0.039182437520725165,0.039182437520725165,-236.30003310425283,-104.61716985511353,0.0,-0.029386828140543872,11.754731256217548,0.039182437520725165,11.754731256217548,-19.59121876036258,-0.019591218760362582,43.49931564117719,-85.0,-0.029386828140543872,-0.039182437520725165,0.0,0.039182437520725165,3.918243752072516,-0.7836487504145033,81.04257381040676,81.04257381040676,-3.918243752072516,651.0315107264282,-81.04257381040676,7.836487504145032,0.058773656281087744,-638.3228878375309,3.918243752072516,-243.43100255611716,256.57159803343967,-7.836487504145032,0.019591218760362582,0.39182437520725166,55.064663980658686,96.0,-0.039182437520725165,-245.19836466520928,236.30003310425283,12.146555631424802,0.039182437520725165,110.89811458968677,209.55267300856954,256.57159803343967,-0.039182437520725165,-0.009795609380181291,-256.57159803343967,-0.039182437520725165,-652.2330544440209,0.039182437520707936,-0.009795609380181291,-0.009795609380181291,-0.009795609380181291,15.672975008290065,19.59121876036258,0.39182437520725166,352.68619226544564,-0.009795609380181291,105.18685053423745,1.959121876036258,9.133236232499891,0.039182437520725165,0.019591218760362582,0.019591218760362582,40.0,0.0,0.039182437520725165,0.0,0.39182437520725166,0.039182437520725165,-1000.0,0.039182437520725165,0.1567297500822633,0.19591218760298848,0.019591218760362582,0.009795609380181291,11.754731256217548,-0.039182437520725165,0.0,0.39182437520725166,-705.3723845308913,0.9795609380181289,-3.918243752072516,7.836487504145032,1.959121876036258,-0.039182437520725165,14.827432281239771,0.058773656281087744,-0.039182437520725165,-80.0,0.0,435.42112316750774,0.019591218760362582,-18.266472464999783,-0.039182437520725165,-0.039182437520707936,-0.039182437520725165,0.019591218760362582,133.6121119456728,-7.836487504145032,0.039182437520725165,110.12932796131737,-0.009795609380181291,104.61716985511353,-110.12932796131737,5.877365628108773,85.0,602.8327770176498,133.6121119456728,-0.029386828140543872,245.19836466520928,-96.0,0.039182437520725165,-0.00979560938018129,177.12638665321037,39.18243752072516,-0.019591218760362582,-0.039182437520725165,0.009795609380181291,0.0,0.0,638.3032966187704,647.3138077345543,-46.0,0.0,338.2891816653759,-31.0,0.0,-32.0,-93.0,-65.0,0.0,16.0,23.0,46.5,0.0,15.5,-236.38231622304625,-191.7906982604957,0.0,65.0,-191.7906982604957,-338.2891816653759,62.40913245236693,0.0,1496.5981,hclb
493,0.0,0.0,0.0,0.0,0.0,0.0,0.0,0.0,-0.05452730201952944,0.0,0.0,0.0,0.0,0.0,0.0,0.0,384.6723684177682,23.514193712964715,0.0,0.0,0.0,0.0,0.0,857.9486379972121,0.0,0.0,0.0,0.0,0.0,-721.2247022857592,0.0,0.0,207.8231958658142,0.0,0.0,0.0,0.0,414.5482466477833,0.0,-1000.0,1000.0,0.0,0.0,283.5402981138394,0.0,0.0,0.0,0.0,1000.0,0.0,0.0,946.9879642458484,0.0,0.059980032221801594,0.0,0.0,0.0,10.905460403905888,0.0,0.0,15.130995906575404,0.0,758.5517946164234,713.8836896097102,0.0,0.0,0.0,0.0,0.0,0.0,0.0,0.5452730201952944,0.0,0.0,0.0,0.0,0.0,0.0,0.0,335.41624550445147,0.0,0.0,0.0,0.0,32.71638121171766,0.0,0.0,74.56003721890532,0.0,127.57207297305695,884.027276614091,0.0,0.0,79.49274249602753,16.35819060585883,0.0,80.31289387694527,-444.03082844590153,0.0,0.0,0.0,44.25857107356098,-829.9969506165819,0.0,0.0,-17.688503264430114,0.0,0.0,0.0,0.0,0.0,0.0,0.0,0.0,0.0,0.0,0.0,0.0,0.0,0.0,0.0,0.0,0.0,0.0,-593.32051874679,0.0,0.0,80.31289387694527,0.0,16.903463626054126,0.0,0.0,-1000.0,0.0,1000.0,-1000.0,-59.799100913288555,1000.0,-1000.0,0.0,0.0,0.0,0.0,0.0,0.0,4.198602255503829,0.05452730201952944,884.0409084395958,0.0,0.0,0.0,-287.65743407538247,0.0,0.0,0.0,0.0,291.1957485758397,0.0,0.0,0.0,0.0,0.0,343.8069860937873,343.8069860937873,0.0,0.0,0.0,0.0,0.0,0.0,0.0,343.86151339580687,0.0,0.0,0.0,0.0,-237.7572581720816,0.0,0.0,0.0,0.0,0.0,0.0,0.0,0.0,0.0,0.0,0.0,0.0,0.0,0.0,-258.51068559221727,0.0,0.0,0.0,0.0,0.0,0.0,-946.9879642458484,-127.57207297305695,127.57207297305695,0.0,0.0,0.0,0.0,0.0,0.0,0.0,108.77224833082269,-665.0639390809647,0.0,0.0,0.0,0.0,0.0,0.0,0.0,0.0,0.0,0.0,0.0,0.0,0.0,174.43884618108657,344.6997647844055,283.5402981138394,0.0,0.0,0.0,59.799100913288555,79.49274249602753,0.0,0.0,0.0,0.0,15.130995906575404,0.0,0.0,0.0,0.0,0.0,0.0,0.0,0.0,0.0,0.0,0.0,63.95470327108644,0.0,-127.57207297305695,0.0,0.0,0.0,-283.5402981138394,0.0,0.0,59.799100913288555,0.0,0.0,0.0,0.0,-79.81460105837625,0.0,0.0,-250.21516680249243,-1000.0,0.0,749.7848331975074,0.0,1000.0,-127.57207297305695,0.0,-231.6299522331492,0.0,0.0,72.63843013845961,0.0,0.0,0.0,-1000.0,0.0,1000.0,0.0,343.7524587917678,0.0,59.799100913288555,-487.0356898405186,0.0,0.0,0.0,15.130995906575404,-0.08179095302929416,0.0,0.0,0.0,0.0,0.05452730201952944,0.0,0.0,0.0,98.70504921924449,384.6723684177682,0.0,-706.191010943878,266.85827632119924,237.7572581720816,951.4192533675626,0.0,4.694800703881803,0.0,-17.688503264430114,0.0,0.0,0.0,-4.694800703881803,0.0,0.0,503.9438011709037,-1000.0,0.0,0.0,0.0,0.0,0.0,0.0,0.0,0.0,0.0,0.0,0.0,0.0,0.0,0.0,0.0,0.0,0.0,-585.2336441441375,0.0,-1000.0,0.0,0.0,442.275049320871,840.9845682394131,886.5076758402986,0.0,-4.198602255503829,0.0,0.0,0.0,0.0,41.53220597258451,0.0,0.0,-443.98475220697526,0.0,0.0,0.0,-609.5827682330694,0.0,-73.42101216929643,0.0,0.0,971.586760638429,-1.363182550488236,606.8564031320929,490.86402234098404,0.0,-848.778467094879,0.0,802.5097672864305,80.31289387694527,0.0,0.0,0.0,0.0,0.0,0.0,396.8860226495074,222.44717646842082,-222.44717646842082,-222.44717646842082,-95.93370964435198,0.0,0.0,0.0,0.0,0.0,108.77224833082269,0.0,0.0,-29.537109100137798,0.0,0.0,128.89364050938266,0.0,0.0,0.0,0.0,-23.270563167922262,0.10905460403910183,0.0,0.0,0.0,0.0,0.0,0.0,0.0,0.0,0.0,0.0,0.0,0.0,0.0,0.0,0.0,0.0,0.0,0.0,0.0,0.059980032221801594,0.059980032221801594,0.0,259.5333857771807,0.0,32.71638121171766,0.0,352.86073007104454,0.0,1000.0,0.0,0.0,0.0,0.0,0.0,275.74236506039966,-1000.0,0.0,0.0,0.0,0.0,0.0,128.89364050938266,0.0,0.0,0.0,0.0,0.0,0.0,0.0,197.77350624892998,-98.70504921924449,287.65743407538247,0.0,4.198602255503829,0.0,0.0,79.49274249602753,0.0,0.0,275.74236506039966,0.0,0.0,252.4718018924774,0.0,0.0,174.43884618108657,0.0,0.0,0.0,0.0,0.0,0.0,0.0,0.0,0.0,0.0,0.0,0.0,0.0,32.71638121171766,59.799100913288555,59.799100913288555,0.0,0.0,0.0,0.0,0.0,0.0,0.0,0.0,0.0,0.0,0.5452730201952944,0.0,0.0,0.0,0.0,0.0,-946.9879642458484,0.0,0.0,80.31289387694527,0.0,0.0,0.0,0.0,0.0,0.0,0.0,0.0,0.0,0.0,863.5104228032042,-603.8485913121735,0.0,16.35819060585883,16.35819060585883,1000.0,-1000.0,0.0,128.89364050938266,0.0,0.0,0.0,0.0,0.0,0.0,108.77224833082269,-28.27605599720232,0.05452730201952944,0.0,0.0,0.0,72.01109193136284,195.71675250487624,0.0,-79.49274249602753,0.0,0.0,0.0,0.0,0.0,0.0,0.0,0.0,0.0,0.0,0.0,0.0,0.0,0.0,0.05452730201952944,0.0,0.0,0.0,1000.0,-1000.0,0.0,0.0,0.0,0.0,0.0,442.275049320871,0.0,-4.198602255503829,-414.76635585586246,-4.08954765146479,0.0,-2.726365100976466,0.0,0.0,0.0,0.0,0.0,0.0,0.0,0.0,0.0,0.0,0.0,59.799100913288555,237.7572581720816,0.0,0.0,-43.54233470747212,0.0,0.0,0.0,-0.05452730201952944,0.0,0.0,0.05452730201952944,0.0,0.05452730201952944,0.0,0.0,0.0,32.71638121171766,66.52330846382596,66.52330846382596,0.0,0.0,0.0,0.0,0.0,0.0,0.0,287.65743407538247,0.0,108.77224833082269,0.0,0.0,0.0,0.0,0.0,0.0,0.0,0.0,0.0,0.0,0.0,0.0,0.0,0.0,0.0,0.0,0.0,79.49274249602753,0.0,0.0,0.0,0.08179095302929416,0.0,0.0,0.0,-80.31289387694527,0.0,0.0,0.0,0.0,0.0,-259.5333857771807,2.726365100976472,0.0,0.0,0.0,0.0,0.0,0.0,-2.726365100976466,0.0,0.0,0.0,0.0,0.0,0.0,0.0,59.799100913288555,0.0,0.0,30.273558161984077,85.09453959609411,0.0,341.75197367147655,178.02824924044612,0.0,-4.198602255503829,4.198602255503829,0.0,0.0,-66.52330846382596,352.86073007104454,2.726365100976466,788.0741879708967,0.0,0.0,0.0,-29.537109100137798,0.0,0.0,172.14118026098436,-172.14118026098436,0.0,0.0,0.0,0.0,0.0,263.62293342864547,-271.8020287315747,66.52330846382596,0.0,0.0,0.0,0.0,0.0,0.0,0.0,0.0,0.0,0.0,0.0,0.0,0.0,-72.01109193136284,-1000.0,0.0,16.35819060585883,0.0,0.0,0.0,0.0,120.1754625753586,0.0,0.0,0.059980032221801594,0.0,0.0,0.0,33.26165423191296,0.0,0.0,0.0,0.0,344.6997647844055,0.0,0.0,0.0,0.0,0.0,0.0,0.0,0.0,661.4117277443099,0.0,0.005452730201953138,0.005452730201953138,0.0,0.0,0.0,0.0,0.0,0.0,0.0,0.0,0.0,0.0,0.0,0.0,0.0,0.0,0.0,259.5333857771807,0.0,0.0,0.0,0.0,0.0,0.0,0.0,0.0,0.0,0.0,0.0,0.0,17.309071030108953,573.4177493264299,23.514193712964715,0.0,0.0,0.0,32.7163812117177,0.0,0.0,0.0,0.0,0.0,967.2836187882823,-1000.0,0.0,0.0,0.0,0.0,0.0,0.0,0.0,0.0,0.0,0.0,0.0,0.0,28.27605599720232,-326.0531494456782,37.351201883377726,0.0,-80.31289387694527,0.0,414.5482466477833,0.0,0.0,0.0,0.0,0.0,0.0,0.0,0.0,0.0,0.0,0.0,0.0,0.0,0.0,0.0,0.0,352.86073007104454,-6.815912752441256,59.799100913288555,-45.6217536240493,267.71248108011025,0.0,0.0,0.0,0.0,0.0,0.0,-0.6815912752441182,29.537109100137798,0.0,0.0,0.0,0.0,0.0,0.0,0.0,1000.0,16.35819060585883,16.35819060585883,0.0,0.0,0.0,0.0,335.41624550445147,0.059980032221801594,259.5333857771807,0.0,0.0,-414.5482466477833,0.0,0.0,0.0,0.0,0.0,0.0,0.0,0.0,0.0,0.0,0.0,0.0,0.0,0.0,0.0,0.0,0.0,0.0,0.0,57.25366712050591,4.198602255503829,0.0,0.0,0.0,0.0,0.0,259.5333857771807,0.0,-1.7557791250305286,0.0,0.0,0.0,-6.815912752441256,0.0,0.0,0.0,0.0,0.0,0.0,0.0,0.0,0.0,0.0,0.0,0.0,0.0,0.0,0.0,0.0,0.0,0.0,-0.05452730201952944,0.0,0.0,2.726365100976472,-275.74236506039966,0.0,0.0,0.0,0.0,59.799100913288555,0.0,0.0,0.0,4.694800703881803,1.363182550488236,0.0,0.0,0.0,0.05452730201952944,0.0,54.52730201952944,-16.903463626054126,10.905460403905888,0.38948072871092454,152.13117263448714,-0.04089547651464708,443.98475220697526,1.0905460403905889,-0.2726365100987209,-152.13117263448714,16.35819060585883,-0.05452730201952944,5.896167754810038,128.89364050938266,0.01363182550488236,0.3894807287109246,-17.688503264430114,-8.680746481510823,-1.0905460403905889,-408.1865621307329,-0.05452730201952944,0.01363182550488236,-152.13117263448714,5.452730201952944,0.05452730201952944,0.05452730201952944,-259.41887844293933,0.05998003222148258,0.0,-0.04089547651464708,16.35819060585883,0.05452730201952944,80.31289387694527,36.691052261321715,-0.02726365100976472,-255.81874204697945,-85.0,-0.04089547651464708,-0.05452730201952944,-16.903463626054126,0.05452730201952944,5.452730201952944,-1.0905460403905889,79.49274249602753,79.49274249602753,-5.452730201952944,408.1865621307329,-79.49274249602753,10.905460403905888,0.08179095302929416,406.1666863785572,5.452730201952944,-197.77350624892998,128.89364050938266,-10.905460403905888,0.02726365100976472,0.5452730201952944,176.5477527359695,96.0,-0.05452730201952944,-271.8020287315747,259.41887844293933,16.903463626054126,0.05452730201952944,8.680746481510823,-0.4938251851392579,128.89364050938266,-0.05452730201952944,-0.01363182550488236,-128.89364050938266,-0.05452730201952944,-23.270563167922262,0.054527302019721446,-0.01363182550488236,-0.01363182550488236,-0.01363182550488236,21.810920807811776,-36.691052261321715,0.5452730201952944,360.2652765891472,-0.01363182550488236,347.19933771712897,2.726365100976472,14.361646684937604,0.05452730201952944,0.02726365100976472,0.02726365100976472,40.0,16.903463626054126,0.05452730201952944,-16.903463626054126,0.5452730201952944,0.05452730201952944,-1000.0,0.05452730201952944,0.21810920807905632,0.2726365100987209,0.02726365100976472,0.01363182550488236,16.35819060585883,-0.05452730201952944,0.0,0.5452730201952944,-720.5305531782944,442.621569656487,-5.452730201952944,10.905460403905888,2.726365100976472,-0.05452730201952944,17.688503264430114,0.08179095302929416,-0.05452730201952944,-80.0,16.903463626054126,143.3083500962229,0.02726365100976472,-28.723293369875208,-0.05452730201952944,-0.054527302019721446,-0.05452730201952944,0.02726365100976472,152.13117263448714,-10.905460403905888,0.05452730201952944,353.095505471939,-0.01363182550488236,-0.05998003222148258,-353.095505471939,8.179095302929415,85.0,-124.78574746558368,152.13117263448714,-0.04089547651464708,271.8020287315747,-96.0,0.05452730201952944,-0.013631825504882362,2.726365100976466,54.527302019529444,-0.02726365100976472,-0.05452730201952944,0.01363182550488236,0.0,0.0,-406.19395002956696,639.7347234108528,-46.0,0.0,-108.0,-31.0,0.0,-32.0,-93.0,-65.0,0.0,16.0,23.0,46.5,0.0,15.5,-259.5333857771807,-263.4838126715815,0.0,65.0,-263.4838126715815,108.0,-56.479452508406844,0.0,1496.5981,hclb
494,0.0,0.0,0.0,0.0,0.0,0.0,0.0,0.0,294.2977983973598,0.0,0.0,0.0,0.0,0.0,0.0,0.0,341.0016815564205,337.14773459788995,0.0,-250.01454735456684,0.0,0.0,0.0,561.7842893739742,0.0,0.0,0.0,0.0,0.0,-764.1403993665178,0.0,0.0,29.442498249148954,0.0,0.0,0.0,0.0,560.490523303023,0.0,-1000.0,1000.0,0.0,0.0,0.0,0.0,0.0,0.0,0.0,1000.0,0.0,0.0,0.0,0.0,0.07752271158096846,0.0,0.0,0.0,0.0,0.0,0.0,-6.206515272622096,0.0,0.0,-6.206515272622096,0.0,0.0,0.0,0.0,357.15989494155934,-357.15989494155934,0.0,0.704751923461941,0.0,0.0,0.0,0.0,0.0,0.0,0.0,0.0,0.0,0.0,-93.14075074795417,0.0,42.28511540771646,0.0,0.0,-354.51908709378023,-354.51908709378023,0.0,-0.017618798086548527,0.0,0.0,0.0,21.14255770385823,0.0,21.14255770385823,0.0,0.0,0.0,0.0,104.58327839991762,-1000.0,0.0,0.0,0.0,0.0,0.0,0.0,0.0,0.0,0.0,0.0,0.0,0.0,0.0,0.0,0.0,0.0,0.0,0.0,0.0,0.0,0.0,-598.8438097597015,0.0,0.0,21.14255770385823,0.0,21.847309627320172,0.8892696997222487,0.0,296.8750000000002,0.0,-296.8750000000002,296.8750000000002,0.0,1000.0,-1000.0,0.0,0.0,0.0,0.0,0.0,0.0,98.56734055861112,0.07047519234619411,0.0,0.0,0.0,0.0,-576.2722218186746,0.0,0.0,93.14075074795417,0.0,384.94769473171533,0.0,0.0,0.0,0.0,0.0,139.60359074856532,139.60359074856532,0.0,0.0,0.0,-679.6718749999999,0.0,0.0,0.0,139.6740659409115,0.0,0.0,0.0,-434.1610353965034,0.0,0.0,0.0,0.0,0.0,0.0,0.0,0.0,0.0,0.0,-47.678500147504735,0.0,0.0,0.0,0.0,-1000.0,0.0,0.0,0.0,0.0,0.0,0.0,0.0,354.51908709378023,-354.51908709378023,0.0,0.0,0.0,0.0,0.0,0.0,0.0,235.8596006334822,-381.6322156938386,0.0,0.0,0.0,0.0,0.0,0.0,0.0,0.0,0.0,0.0,0.0,0.0,0.0,182.9660988454413,561.4622987571521,-576.8612821899027,0.0,0.0,0.0,0.0,77.88200557303439,0.0,0.0,0.0,0.0,-6.206515272622096,-576.8612821899027,0.0,0.0,247.0075995056434,0.0,0.0,0.0,0.0,0.0,518.3476243043704,14.09503846923882,0.0,0.0,-290.96182581243954,-1000.0,1000.0,0.0,576.8612821899027,0.0,0.0,0.0,-583.0677974625248,0.0,0.0,0.0,-125.03252511869857,0.0,0.0,-789.0668466875371,0.0,0.0,-789.066846687537,0.0,0.0,0.0,0.0,-203.82863856911644,0.0,0.0,120.52232047229164,0.0,0.0,0.0,37.18216731981863,0.0,-37.18216731981863,0.0,1000.0,0.0,0.0,-252.7138922047531,-679.6718749999999,0.0,0.0,-6.206515272622096,-0.10571278851929117,0.0,0.0,0.0,0.0,0.07047519234619411,0.0,0.0,0.0,382.6278124187371,341.0016815564205,0.0,-767.1832414587244,527.0129764360927,0.0,955.237596173097,0.0,458.1226554967172,0.0,0.0,0.0,0.0,0.0,701.5309444469988,-357.15989494155934,-802.4937050021566,-1000.0,241.06558004630693,0.0,0.0,0.0,0.0,0.0,0.0,0.0,0.0,0.0,0.0,0.0,0.0,0.0,0.0,0.0,0.0,247.0075995056434,-439.2275759275917,0.0,-1000.0,93.14075074795417,0.0,516.0783231108219,1000.0,0.0,0.0,1.380364393388973,0.0,0.0,0.0,0.0,101.05951878260791,0.0,0.0,0.0,-1.7618798086548526,0.0,0.0,-3.523759617309705,0.0,0.0,0.0,-819.7419701318006,1000.0,0.0,0.0,-402.13033734626634,0.0,-475.15527217801014,0.0,665.2059977864661,21.14255770385823,0.0,0.0,0.0,196.90365478251903,0.0,294.368273589706,182.9660988454413,0.0,0.0,0.0,-117.99869325175786,0.0,0.0,-860.4668844437808,0.0,0.0,235.8596006334822,0.0,0.0,-12.413030545244192,0.0,0.0,65.90496153076118,0.0,0.0,0.0,0.0,-35.95248076538059,0.14095038469258725,0.0,0.0,0.0,0.0,0.0,0.0,0.0,0.0,0.0,0.0,0.0,0.0,0.0,0.0,0.0,0.0,0.0,0.0,0.0,0.07752271158096846,0.07752271158096846,0.0,264.8710603762025,0.0,42.28511540771646,0.0,0.0,0.0,1000.0,0.0,0.0,0.0,0.0,0.0,316.17553470476884,-1000.0,0.0,0.0,51.03631791605108,0.0,0.0,65.90496153076118,0.0,0.0,0.0,0.0,0.0,0.0,0.0,199.6146032532338,-382.6278124187371,576.2722218186746,265.688451123187,5.426589810656945,0.0,0.0,0.0,-77.88200557303439,0.0,316.17553470476884,0.0,0.0,280.22305393938825,0.0,0.0,182.9660988454413,0.0,0.0,0.0,0.0,0.0,0.0,0.0,0.0,0.0,0.0,0.0,0.0,0.0,42.28511540771646,0.0,0.0,0.0,0.0,0.0,0.0,0.0,0.0,0.0,0.0,0.0,0.0,0.704751923461941,0.0,0.0,0.0,0.0,0.0,0.0,0.0,0.0,21.14255770385823,-51.03631791605108,0.0,0.0,0.0,265.688451123187,0.0,0.0,0.0,0.0,0.0,0.0,0.0,0.0,21.14255770385823,21.14255770385823,1000.0,-1000.0,0.0,65.90496153076118,0.0,0.0,0.0,0.0,0.0,1000.0,235.8596006334822,890.0538643895438,0.07047519234619411,0.0,0.0,0.0,89.51548057888121,0.0,0.0,0.0,0.0,0.0,0.0,0.0,0.0,0.0,0.0,0.0,0.0,0.0,0.0,0.0,0.0,0.0,0.07047519234619411,0.0,0.0,0.0,0.0,0.0,0.0,0.0,0.0,0.0,0.0,953.4269840368898,0.0,-435.968296532679,-560.7724240724083,-5.285639425964547,0.0,-3.5237596173097074,0.0,0.0,0.0,0.0,0.0,0.0,0.0,0.0,0.0,0.0,0.0,0.0,0.0,0.0,0.0,193.57448522576573,0.0,0.0,0.0,294.2977983973598,0.0,0.0,0.07047519234619411,0.0,0.07047519234619411,0.0,0.0,0.0,42.28511540771646,85.9797346623568,85.9797346623568,0.0,0.0,0.0,0.0,0.0,0.0,0.0,576.2722218186746,0.0,235.8596006334822,0.0,0.0,0.0,707.5988585080063,0.0,0.0,0.0,0.0,0.0,0.0,0.0,0.0,0.0,0.0,0.0,0.0,0.0,77.88200557303439,0.0,-238.94813037485847,238.94813037485847,0.10571278851929117,0.0,0.0,0.0,-21.14255770385823,0.0,0.0,0.0,0.0,0.0,-264.8710603762025,3.523759617309705,0.0,0.0,0.0,679.671875,0.0,516.0783231108219,-3.5237596173097074,0.0,0.0,0.0,0.0,0.0,0.0,0.0,0.0,0.0,51.03631791605108,-609.8789064201868,81.90496153076118,0.0,627.1771833494357,0.0,0.0,517.4586875042108,435.968296532679,-953.4269840368898,93.14075074795417,-669.0475321248816,0.0,3.5237596173097074,1000.0,0.0,0.0,0.0,-12.413030545244192,0.0,0.0,0.0,0.0,0.0,-618.2953292563705,0.0,0.0,0.0,317.83519994967185,-280.72797865409643,85.9797346623568,0.0,0.0,0.0,0.0,0.0,0.0,0.0,0.0,0.0,518.3476243043704,0.0,0.0,0.0,-89.51548057888121,904.3502373028354,0.0,21.14255770385823,0.0,0.0,0.0,0.0,160.86548925594718,0.0,0.0,0.07752271158096846,0.0,0.0,0.0,42.9898673311784,0.0,0.0,0.0,0.0,561.4622987571521,0.0,0.0,0.0,0.0,0.0,0.0,0.0,0.0,-894.7768623779139,0.0,0.007047519234619326,0.007047519234619326,0.0,0.0,0.0,0.0,0.0,0.0,0.0,0.0,0.0,0.0,0.0,0.0,0.0,0.0,0.0,264.8710603762025,0.0,0.0,0.0,0.0,0.0,0.0,0.0,0.0,0.0,0.0,0.0,0.0,228.1601771891577,1000.0,337.14773459788995,0.0,0.0,0.0,42.28511540771646,0.0,0.0,0.0,0.0,0.0,0.0,-42.28511540771646,0.0,0.0,0.0,0.0,0.0,0.0,0.0,0.0,0.0,0.0,0.0,0.0,351.011715656763,-1000.0,755.8743652651492,200.71313141631958,-221.85568912017777,0.0,560.490523303023,0.0,0.0,0.0,0.0,0.0,0.0,0.0,0.0,0.0,136.7109375,0.0,-136.7109375,-136.7109375,0.0,0.0,0.0,0.0,-8.809399043274254,0.0,-106.34515820857246,983.041197736138,0.0,0.0,0.0,0.0,0.0,-0.8809399043274264,0.0,105.55378129319837,0.0,0.0,0.0,0.0,0.0,0.0,0.0,1000.0,21.14255770385823,21.14255770385823,0.0,0.0,0.0,0.0,0.0,0.07752271158096846,264.8710603762025,0.0,0.0,-560.490523303023,0.0,0.0,0.0,0.0,0.0,0.0,0.0,0.0,0.0,0.0,0.0,0.0,0.0,0.0,119.47406518742923,0.0,0.0,0.8892696997222487,0.0,73.9989519635038,5.426589810656945,0.0,0.0,0.0,0.0,0.0,264.8710603762025,0.0,0.0,0.0,0.0,0.0,-8.809399043274254,0.0,0.0,0.0,0.0,0.0,0.0,0.0,0.0,0.0,0.0,0.0,0.0,0.0,0.0,0.0,0.0,0.0,0.0,-0.07047519234619411,0.0,0.0,3.523759617309705,-316.17553470476884,0.0,0.0,0.0,0.0,0.0,0.0,0.0,0.0,-701.5309444469988,1.7618798086548526,0.0,0.0,0.0,0.07047519234619411,0.0,70.4751923461941,-20.958039927597923,14.09503846923882,0.5033942310442435,198.40432604532603,-0.052856394259645584,554.0535190086136,1.409503846923882,-0.3523759617314681,-198.40432604532603,21.14255770385823,-0.07047519234619411,0.0,65.90496153076118,0.017618798086548527,0.5033942310442436,0.0,-11.219650621515171,-1.409503846923882,-428.13486879974363,-0.07047519234619411,0.017618798086548527,-198.40432604532603,7.04751923461941,0.07047519234619411,0.07047519234619411,-264.72306247227533,0.07752271158081343,-65.39497901452955,-0.052856394259645584,21.14255770385823,0.07047519234619411,21.142557703858188,-35.23759617309705,-0.035237596173097054,-319.5527157171858,-85.0,-0.052856394259645584,-0.07047519234619411,-20.958039927597923,0.07047519234619411,7.04751923461941,-1.409503846923882,77.88200557303439,77.88200557303439,-7.04751923461941,428.13486879974363,-77.88200557303439,14.09503846923882,0.10571278851929117,329.0347812565732,7.04751923461941,-199.6146032532338,65.90496153076118,-14.09503846923882,0.035237596173097054,0.704751923461941,191.7958103646811,96.0,-0.07047519234619411,-280.72797865409643,264.72306247227533,21.847309627320172,0.07047519234619411,11.219650621515171,-18.665269284671805,65.90496153076118,-0.07047519234619411,-0.017618798086548527,-65.90496153076118,-0.07047519234619411,-35.95248076538059,0.07047519234606625,-0.017618798086548527,-0.017618798086548527,-0.017618798086548527,28.19007693847764,35.23759617309705,0.704751923461941,368.14220541965926,-0.017618798086548527,383.5916207293622,3.523759617309705,21.5,0.07047519234619411,0.035237596173097054,0.035237596173097054,40.0,20.958039927597923,0.07047519234619411,-20.958039927597923,0.704751923461941,0.07047519234619411,-1000.0,0.07047519234619411,0.2819007693852882,0.3523759617314681,0.035237596173097054,0.017618798086548527,21.14255770385823,-0.07047519234619411,65.39497901452955,0.704751923461941,-736.2844108393185,552.2916391999588,-7.04751923461941,14.09503846923882,3.523759617309705,-0.07047519234619411,0.0,0.10571278851929117,-0.07047519234619411,-80.0,20.958039927597923,118.37822010644066,0.035237596173097054,-43.0,-0.07047519234619411,-0.07047519234606625,-0.07047519234619411,0.035237596173097054,198.40432604532603,-14.09503846923882,0.07047519234619411,383.5916207293622,-0.017618798086548527,-0.07752271158081343,-383.5916207293622,10.571278851929113,85.0,-57.703509580829646,198.40432604532603,-0.052856394259645584,280.72797865409643,-96.0,0.07047519234619411,-0.01761879808654853,3.5237596173097074,70.4751923461941,-0.035237596173097054,-0.07047519234619411,0.017618798086548527,0.0,0.0,-329.0700188527463,631.8577945803407,-46.0,0.0,-108.0,-31.0,0.0,-32.0,-93.0,-65.0,0.0,16.0,23.0,46.5,0.0,15.5,-264.8710603762025,-279.24370936238785,0.0,65.0,-279.24370936238785,108.0,-48.1911249749738,0.0,1496.5981,hclb
495,0.0,0.0,0.0,0.0,0.0,0.0,0.0,0.0,-0.06755664742954878,0.0,0.0,0.0,0.0,0.0,0.0,0.0,660.2558226148078,-169.08328909920334,0.0,-303.1629874698948,0.0,0.0,0.0,331.1297240741171,0.0,0.0,0.0,0.0,0.0,-666.5573470939543,0.0,0.0,396.1517857178467,0.0,0.0,0.0,0.0,999.7297734102817,0.0,-1000.0,1000.0,0.0,0.0,12.380290698956657,0.0,0.0,0.0,227.0295906204155,-993.6984755208535,-214.4506021859347,0.0,0.0,0.0,0.07431231217242384,0.0,0.0,0.0,240.54092010632525,0.0,0.0,-5.949488750295586,0.0,413.9006545582588,407.9511658079632,0.0,0.0,0.0,0.0,0.0,0.0,0.0,0.6755664742954879,0.0,0.0,0.0,0.0,0.0,0.0,0.0,0.0,0.0,0.0,-75.55208548038956,0.0,40.53398845772927,0.0,0.0,868.4516327308968,399.4610800474313,-722.8103315877055,-0.016889161857387196,0.0,0.0,0.0,20.266994228864636,0.0,20.266994228864636,0.0,544.2562261976544,0.0,0.0,3.377832371477439,-1000.0,0.0,0.0,-20.79974705371224,0.0,0.0,0.0,0.0,0.0,0.0,0.0,0.0,0.0,0.0,0.0,0.0,0.0,0.0,0.0,0.0,0.0,0.0,-385.7349805525971,0.0,0.0,20.266994228864636,0.0,20.942560703160122,1.0133847897747899,0.0,0.0,0.0,0.0,0.0,0.0,0.0,0.0,0.0,0.0,0.0,0.0,0.0,0.0,80.7539473324648,0.06755664742954878,0.0,0.0,0.0,0.0,0.0,0.0,0.0,0.0,0.0,394.15939430776285,0.0,0.0,0.0,0.0,0.0,943.7980118966112,943.7980118966112,0.0,0.0,0.0,-867.1718749999999,-183.95529657181987,0.0,0.0,943.8655685440408,0.0,0.0,0.0,-148.366026807747,-596.9770040717971,0.0,0.0,0.0,0.0,0.0,0.0,0.0,0.0,0.0,-467.30496806578896,0.0,0.0,0.0,0.0,-1000.0,0.0,0.0,0.0,0.0,0.0,214.4506021859347,0.0,323.34925154027417,-323.34925154027417,0.0,0.0,0.0,0.0,0.0,0.0,0.0,333.44265290604574,-956.9559104146034,0.0,0.0,0.0,0.0,0.0,0.0,0.0,0.0,0.0,0.0,0.0,0.0,0.0,250.5785070243337,-15.977341028180486,1000.0,0.0,0.0,0.0,0.0,23.96413637777971,0.0,0.0,0.0,0.0,-5.949488750295586,987.6197093010434,0.0,0.0,0.0,0.0,0.0,0.0,0.0,0.0,655.9790854623869,0.0,0.0,0.0,-62.655843944041976,13.455984563115067,198.1024087503174,0.0,-1000.0,0.0,0.0,0.0,581.2255505556041,0.0,0.0,0.0,-66.30460947683014,0.0,0.0,-1000.0,0.0,-798.9473662851979,-201.05263371480203,-798.9473662851979,0.0,722.8103315877055,0.0,-23.650182238867274,214.4506021859347,0.0,166.54567953021103,0.0,0.0,0.0,0.0,0.0,0.0,0.0,943.7304552491817,0.0,0.0,79.86248785928731,-867.1718749999999,0.0,0.0,-5.949488750295586,-0.10133497114432317,0.0,0.0,0.0,0.0,0.06755664742954878,0.0,0.0,0.0,299.7897839309687,660.2558226148078,0.0,-819.3174670754285,-217.24633273119844,596.9770040717971,953.7783237147744,0.0,961.0655853903406,0.0,-20.79974705371224,0.0,0.0,0.0,310.8829469541348,-271.9485323444754,-1000.0,-1000.0,-1000.0,0.0,0.0,0.0,0.0,0.0,0.0,0.0,0.0,0.0,0.0,0.0,0.0,0.0,0.0,0.0,0.0,0.0,0.0,0.0,-1000.0,0.0,0.0,653.8037614151555,0.0,0.0,0.0,-736.7330327948517,0.0,619.808311678044,0.0,0.0,0.0,117.1269937974534,0.0,0.0,-1.6889161857387196,154.821538547022,-851.6232065750233,0.0,0.0,592.3353999382936,0.0,-3.377832371477439,-750.9184478072476,0.0,-3.377832371477439,0.0,0.0,289.53083207683903,0.0,0.0,20.266994228864636,15.62500000000175,-15.62500000000175,0.0,0.0,0.0,0.0,0.0,-250.5785070243337,250.5785070243337,250.5785070243337,-287.15611711194936,0.0,0.0,0.0,0.0,0.0,333.44265290604574,0.0,0.0,-11.898977500591172,0.0,0.0,66.48867051409024,0.0,0.0,0.0,0.0,-36.24433525704512,0.1351132948589111,0.0,0.0,0.0,0.0,0.0,0.0,0.0,0.0,0.0,0.0,0.0,0.0,0.0,0.0,0.0,0.0,0.0,0.0,0.0,0.07431231217242384,0.07431231217242384,0.0,333.06717753842395,0.0,40.53398845772927,0.0,0.0,0.0,1000.0,0.0,389.0239701142998,0.0,0.0,0.0,139.19488740060717,-1000.0,0.0,0.0,830.1647708418913,0.0,0.0,66.48867051409024,0.0,0.0,0.0,0.0,0.0,0.0,0.0,128.5783268508657,-299.7897839309687,0.0,0.0,5.20186185207524,0.0,949.8134130346291,-949.8134130346291,-973.7775494124088,0.0,139.19488740060717,0.0,102.95055214356205,0.0,203.12499999999847,-203.12499999999847,250.5785070243337,0.0,0.0,0.0,0.0,0.0,0.0,0.0,0.0,0.0,0.0,0.0,0.0,0.0,40.53398845772927,0.0,0.0,0.0,0.0,0.0,0.0,0.0,0.0,0.0,0.0,0.0,0.0,0.6755664742954879,0.0,0.0,0.0,0.0,0.0,0.0,0.0,0.0,20.266994228864636,-830.1647708418913,0.0,0.0,0.0,0.0,0.0,0.0,0.0,0.0,0.0,1000.0,-649.924134605156,0.0,20.266994228864636,20.266994228864636,1000.0,-1000.0,0.0,66.48867051409024,0.0,0.0,0.0,0.0,0.0,1000.0,333.44265290604574,948.1570168495884,0.06755664742954878,0.0,0.0,85.1646647212528,0.0,387.4445346797518,0.0,0.0,0.0,0.0,0.0,0.0,0.0,0.0,0.0,0.0,0.0,0.0,0.0,0.0,0.0,0.0,0.06755664742954878,0.0,0.0,0.0,0.0,0.0,0.0,0.0,0.0,0.0,0.0,536.8790402983477,0.0,0.0,-1000.0,-5.066748557216159,-3.377832371477439,0.0,0.0,0.0,0.0,0.0,0.0,0.0,0.0,0.0,0.0,0.0,0.0,0.0,596.9770040717971,0.0,0.0,292.9086644483165,0.0,0.0,0.0,-0.06755664742954878,0.0,0.0,0.06755664742954878,0.0,0.06755664742954878,0.0,0.0,0.0,40.53398845772927,82.41910986404952,82.41910986404952,0.0,0.0,0.0,0.0,0.0,0.0,75.55208548038956,0.0,0.0,333.44265290604574,0.0,0.0,0.0,316.6995742978189,0.0,0.0,0.0,0.0,0.0,0.0,0.0,0.0,0.0,0.0,0.0,0.0,0.0,23.96413637777971,0.0,0.0,0.0,0.10133497114432317,0.0,0.0,0.0,-20.266994228864636,0.0,0.0,0.0,0.0,0.0,-333.06717753842395,3.377832371477439,0.0,0.0,0.0,867.1718749999999,183.95529657181987,0.0,0.0,0.0,0.0,0.0,0.0,0.0,0.0,0.0,0.0,0.0,830.1647708418913,392.6003995311543,82.48867051409024,0.0,51.488670514090245,366.6447876260396,0.0,-736.7330327948517,619.808311678044,116.92472111680775,0.0,498.8064406915546,0.0,3.377832371477439,735.4075645207668,0.0,0.0,0.0,-11.898977500591172,0.0,0.0,834.3528020386631,-834.3528020386631,0.0,0.0,0.0,0.0,0.0,457.1714709513567,0.0,82.41910986404952,0.0,947.1357570025605,947.1357570025605,-947.1357570025605,0.0,0.0,0.0,0.0,0.0,655.9790854623869,0.0,0.0,348.2674232100724,-85.1646647212528,0.0,0.0,20.266994228864636,0.0,0.0,0.0,0.0,222.08873938149543,0.0,0.0,0.07431231217242384,0.0,0.0,0.0,41.20955493202476,0.0,0.0,0.0,0.0,-15.977341028180486,0.0,0.0,0.0,0.0,0.0,0.0,0.0,0.0,0.0,0.0,0.00675566474295497,0.00675566474295497,0.0,0.0,0.0,0.0,0.0,0.0,0.0,0.0,0.0,85.1646647212528,0.0,0.0,0.0,0.0,0.0,333.06717753842395,0.0,0.0,0.0,0.0,0.0,0.0,0.0,214.4506021859347,0.0,0.0,0.0,0.0,0.0,0.0,-169.08328909920334,0.0,0.0,0.0,40.53398845772927,0.0,0.0,0.0,0.0,0.0,883.1303212185685,-923.6643096762978,0.0,0.0,0.0,0.0,0.0,0.0,0.0,0.0,0.0,0.0,0.0,0.0,-948.1570168495884,-1000.0,362.97587778705997,0.0,-20.266994228864636,0.0,999.7297734102817,0.0,0.0,0.0,0.0,0.0,0.0,0.0,0.0,0.0,0.0,0.0,0.0,0.0,0.0,0.0,0.0,0.0,-8.444580928693654,0.0,-5.066748557216159,311.63282574060275,0.0,0.0,0.0,0.0,0.0,0.0,-0.8444580928693599,11.898977500591172,0.0,0.0,0.0,0.0,0.0,0.0,0.0,1000.0,20.266994228864636,20.266994228864636,0.0,0.0,0.0,0.0,0.0,0.07431231217242384,333.06717753842395,0.0,0.0,-999.7297734102817,0.0,0.0,0.0,0.0,0.0,0.0,0.0,0.0,0.0,0.0,0.0,0.0,0.0,0.0,0.0,0.0,0.0,1.0133847897747899,0.0,70.93447980102623,0.0,0.0,80.7539473324648,0.0,0.0,0.0,333.06717753842395,0.0,650.425929043678,0.0,0.0,0.0,-8.444580928693654,0.0,0.0,0.0,0.0,0.0,0.0,0.0,0.0,0.0,0.0,0.0,0.0,0.0,0.0,0.0,0.0,0.0,0.0,-0.06755664742954878,0.0,0.0,3.377832371477439,-139.19488740060717,0.0,0.0,0.0,0.0,0.0,0.0,0.0,0.0,-310.8829469541348,1.6889161857387196,0.0,0.0,0.0,0.06755664742954878,0.0,67.55664742954878,-19.929175913385333,13.511329485909757,0.4825474816396341,190.50981590799068,-0.05066748557216159,3.377832371477439,1.3511329485909758,-0.3377832371478462,-190.50981590799068,20.266994228864636,-0.06755664742954878,6.933249017904081,66.48867051409024,0.016889161857387196,0.4825474816396342,-20.79974705371224,-10.755018270784149,-1.35113294859093,-188.00954604570967,-0.06755664742954878,0.016889161857387196,-190.50981590799068,6.755664742954878,0.06755664742954878,0.06755664742954878,-332.92530857882196,0.07431231217250375,-3.352092187715453,-0.05066748557216159,20.266994228864636,0.06755664742954878,20.266994228864636,-33.778323714774395,-0.03377832371477439,-349.20780801262293,-30.787357768164135,-0.05066748557216159,-0.06755664742954878,-19.929175913385333,0.06755664742954878,6.755664742954879,-1.3511329485909758,23.96413637777971,23.96413637777971,-6.755664742954878,188.00954604570967,-23.96413637777971,13.511329485909757,0.10133497114432317,501.1019148337414,6.755664742954878,-128.5783268508657,66.48867051409024,-13.511329485909757,0.03377832371477439,0.6755664742954879,204.8293667688571,96.0,-0.06755664742954878,-348.2674232100724,332.92530857882196,20.942560703160122,0.06755664742954878,10.755018270784149,-14.579306401368683,66.48867051409024,-0.06755664742954878,-0.016889161857387196,-66.48867051409024,-0.06755664742954878,-36.24433525704512,0.06755664742945555,-0.016889161857387196,-0.016889161857387196,-0.016889161857387196,27.022658971819514,33.778323714774395,0.6755664742954879,50.051031164367316,-0.016889161857387196,402.72548451981015,3.377832371477439,21.5,0.06755664742954878,0.03377832371477439,0.03377832371477439,40.0,19.929175913385333,0.06755664742954878,-19.929175913385333,0.6755664742954879,0.06755664742954878,-50.05103116436726,0.06755664742954878,0.27022658971827695,0.3377832371478462,0.03377832371477439,0.016889161857387196,20.266994228864636,-0.06755664742954878,3.352092187715453,0.675566474295465,-100.10206232873463,1.6889161857387196,-6.755664742954879,13.511329485909757,3.377832371477439,-0.06755664742954878,20.79974705371224,0.10133497114432317,-0.06755664742954878,-80.0,19.929175913385333,-99.06460812665364,0.03377832371477439,-43.0,-0.06755664742954878,-0.06755664742945555,-0.06755664742954878,0.03377832371477439,190.50981590799068,-13.511329485909757,0.06755664742954878,409.6587335377142,-0.016889161857387196,-0.07431231217250375,-409.6587335377142,10.133497114432316,30.787357768164135,-453.3641778944442,190.50981590799068,-0.05066748557216159,348.2674232100724,-96.0,0.06755664742954878,-0.016889161857387196,3.377832371477439,67.55664742954879,-0.03377832371477439,-0.06755664742954878,0.016889161857387196,0.0,0.0,-501.13569315745616,0.0,-46.0,0.0,-56.04837352032581,-31.0,0.0,-32.0,-93.0,-65.0,0.0,16.0,23.0,46.5,0.0,15.5,-333.06717753842395,-123.0241312548418,0.0,65.0,-123.0241312548418,56.04837352032581,-24.112365930956003,0.0,1496.5981,hclb
496,0.0,0.0,0.0,0.0,0.0,0.0,0.0,0.0,230.7994771152722,0.0,0.0,0.0,0.0,0.0,0.0,0.0,1000.0,185.0602437996614,0.0,-1000.0,0.0,0.0,0.0,515.1779765013533,0.0,517.9395225771175,0.0,0.0,0.0,-468.05872324209145,0.0,0.0,9.361639724610175,0.0,0.0,0.0,0.0,346.3381092273329,0.0,-1000.0,1000.0,0.0,-857.5943583161996,0.0,0.0,0.0,0.0,0.0,-1000.0,0.0,0.0,0.0,0.0,0.06533853840503667,0.0,0.0,0.0,11.879734255469963,0.0,0.0,1.9706604209585095,0.0,514.7985415706852,495.1640917772934,0.0,0.0,0.0,0.0,0.0,0.0,0.0,0.5939867127734981,0.0,0.0,0.0,0.0,0.0,0.0,0.0,0.0,0.0,0.0,-60.70977183478968,0.0,35.639202766409895,0.0,0.0,571.2473698453582,-571.1582718384423,0.0,-0.014849667819337454,0.0,0.0,-476.8377670774412,17.819601383204944,0.0,27.054204103524945,0.0,0.0,0.0,0.0,2.9699335638674906,-1000.0,0.0,0.0,-20.325649640160442,0.0,0.0,0.0,0.0,0.0,0.0,0.0,0.0,0.0,0.0,0.0,0.0,0.0,0.0,0.0,0.0,0.0,0.0,-1000.0,0.0,0.0,27.054204103524945,0.0,18.413588095978444,0.0,0.0,-919.0068081575743,919.0068081575743,0.0,0.0,0.0,0.0,0.0,-21.605110214350333,0.0,0.0,0.0,0.0,0.0,65.28346952314561,0.05939867127734982,0.0,0.0,0.0,0.0,0.0,0.0,0.0,312.6173092059001,0.0,89.38828040026154,0.0,0.0,0.0,0.0,0.0,409.93885874001006,409.93885874001006,0.0,0.0,0.0,0.0,1000.0,0.0,0.0,409.9982574112874,0.0,0.0,0.0,-142.87519697473851,0.0,0.0,0.0,0.0,0.0,0.0,0.0,0.0,0.0,0.0,0.0,0.0,0.0,0.0,0.0,-177.3192127559342,0.0,0.0,0.0,0.0,0.0,0.0,857.5943583161996,571.1582718384423,-571.1582718384423,21.605110214350333,0.0,0.0,0.0,0.0,0.0,0.0,531.9412767579086,-954.3045681651387,0.0,0.0,0.0,0.0,0.0,0.0,0.0,0.0,0.0,0.0,0.0,0.0,0.0,233.32020863679168,-4.235455452185764,-389.5356350741082,0.0,0.0,0.0,0.0,79.00073420098767,0.0,0.0,0.0,0.0,1.9706604209585095,-389.5356350741082,0.0,0.0,0.0,0.0,0.0,0.0,0.0,0.0,1.9126372151297346,0.0,9.234602720319998,0.0,999.9109019930839,-1000.0,1000.0,0.0,389.5356350741082,0.0,0.0,21.605110214350333,0.0,0.0,0.0,0.0,-279.1587378706398,0.0,0.0,-1000.0,0.0,0.0,-1000.0,0.0,0.0,0.0,0.0,184.97114579274523,0.0,0.0,65.11644844846802,0.0,0.0,0.0,658.9150551284629,0.0,-658.9150551284629,0.0,1000.0,0.0,0.0,602.81339368748,0.0,0.0,0.0,1.9706604209585095,-0.08909800691602472,0.0,0.0,0.0,0.0,0.05939867127734982,0.0,0.0,0.0,47.74652702194153,1000.0,0.0,-578.4330284125859,174.6270482024732,0.0,958.933938358995,0.0,652.120885922783,0.0,-20.325649640160442,0.0,0.0,0.0,682.5492239178072,-613.1818380525347,-721.4882717880557,-1000.0,-1000.0,0.0,0.0,0.0,0.0,0.0,0.0,0.0,0.0,0.0,0.0,0.0,0.0,0.0,0.0,0.0,0.0,0.0,-653.4242960875578,0.0,-1000.0,0.0,0.0,0.0,0.0,0.0,0.0,609.3637023961136,0.0,60.70977183478968,0.0,0.0,0.0,0.0,1000.0,0.0,13.335034122520995,613.1818380525347,-740.2136356700202,-1000.0,953.8445113983171,-1000.0,-1000.0,-2.969933563867491,-169.7493506240338,-14.82000090445474,997.0300664361325,-90.85064855445705,0.0,0.0,0.0,450.12191999893054,27.054204103524945,0.0,0.0,0.0,0.0,0.0,230.85887578654953,0.0,-233.32020863679168,233.32020863679168,233.32020863679168,101.44591538469047,0.0,0.0,-590.1205399312672,0.0,0.0,531.9412767579086,0.0,0.0,-17.663789372433314,0.0,0.0,68.12026574453003,0.0,0.0,0.0,0.0,-31.28965955571071,0.11879734255463378,0.0,0.0,0.0,0.0,0.0,0.0,0.0,0.0,0.0,0.0,0.0,0.0,0.0,0.0,0.0,0.0,0.0,0.0,0.0,0.06533853840503667,0.06533853840503667,0.0,291.23964267343297,0.0,35.639202766409895,0.0,0.0,0.0,1000.0,0.0,0.0,0.0,0.0,0.0,423.091905645584,-1000.0,0.0,0.0,0.0,0.0,0.0,68.12026574453003,0.0,0.0,0.0,0.0,0.0,0.0,0.0,333.3333333333333,-47.74652702194153,0.0,0.0,4.573697688355935,0.0,-476.8377670774412,0.0,-100.605844415338,0.0,423.091905645584,0.0,0.0,391.8022460898733,0.0,0.0,233.32020863679168,0.0,0.0,0.0,0.0,0.0,0.0,0.0,0.0,0.0,0.0,0.0,0.0,0.0,35.639202766409895,21.605110214350333,21.605110214350333,0.0,0.0,0.0,0.0,0.0,0.0,0.0,0.0,0.0,0.0,0.5939867127734981,0.0,0.0,0.0,0.0,0.0,857.5943583161996,0.0,0.0,27.054204103524945,0.0,0.0,0.0,0.0,0.0,0.0,0.0,0.0,0.0,0.0,586.5201104947887,0.0,0.0,17.819601383204947,17.819601383204944,1000.0,-1000.0,0.0,68.12026574453003,0.0,0.0,0.0,0.0,0.0,1000.0,531.9412767579086,747.9599445036981,0.05939867127734982,0.0,0.0,-791.4153101699802,869.8597411161887,0.0,0.0,476.8377670774412,0.0,0.0,0.0,0.0,0.0,0.0,0.0,0.0,0.0,0.0,0.0,0.0,0.0,0.0,0.05939867127734982,0.0,0.0,0.0,902.3635162238348,-902.3635162238348,0.0,0.0,0.0,0.0,0.0,670.0734742309032,-312.6173092059001,0.0,-346.57570391244224,-4.454900345801237,0.0,-2.9699335638674906,0.0,179.67187499999997,179.671875,-179.67187499999997,0.0,0.0,0.0,0.0,0.0,0.0,0.0,21.605110214350333,0.0,0.0,0.0,453.091853562798,0.0,0.0,0.0,230.7994771152722,0.0,0.0,0.05939867127734982,0.0,0.05939867127734982,0.0,0.0,0.0,35.639202766409895,72.46637895836679,72.46637895836679,0.0,0.0,0.0,0.0,0.0,0.0,60.70977183478968,0.0,0.0,531.9412767579086,0.0,0.0,0.0,687.663449514787,0.0,0.0,0.0,0.0,0.0,0.0,0.0,0.0,0.0,0.0,0.0,0.0,0.0,100.605844415338,0.0,-517.9395225771175,517.9395225771175,0.08909800691602472,0.0,0.0,0.0,-27.054204103524945,0.0,0.0,0.0,0.0,0.0,-291.23964267343297,2.9699335638674906,0.0,0.0,0.0,0.0,-1000.0,0.0,-2.9699335638674906,0.0,0.0,0.0,0.0,0.0,0.0,0.0,21.605110214350333,0.0,0.0,-924.9155173127527,57.91943403664129,0.0,53.12026574453004,-20.325649640160442,0.0,609.3637023961136,60.70977183478968,-670.0734742309032,312.6173092059001,-72.46637895836679,0.0,2.9699335638674906,1000.0,0.0,0.0,0.0,-17.663789372433314,-109.37500000000205,109.37500000000205,0.0,0.0,0.0,-676.559809134389,0.0,0.0,0.0,295.69454301923423,-304.60434371083664,72.46637895836679,0.0,0.0,0.0,0.0,0.0,0.0,0.0,0.0,0.0,1.9126372151297346,0.0,0.0,0.0,-78.44443094620863,0.0,-857.5943583161996,17.819601383204944,0.0,0.0,0.0,0.0,5.938283103741389,0.0,0.0,0.06533853840503667,0.0,0.0,0.0,36.233189479183395,0.0,0.0,0.0,0.0,-4.235455452185764,0.0,0.0,0.0,0.0,0.0,0.0,0.0,0.0,-581.5483511935096,0.0,0.005939867127735151,0.005939867127735151,0.0,0.0,0.0,0.0,0.0,0.0,0.0,0.0,0.0,-791.4153101699802,0.0,0.0,0.0,0.0,0.0,291.23964267343297,0.0,0.0,0.0,0.0,0.0,0.0,0.0,0.0,0.0,0.0,0.0,0.0,42.56550410894499,1000.0,185.0602437996614,0.0,0.0,0.0,35.639202766409895,0.0,0.0,0.0,0.0,0.0,0.0,-35.639202766409895,0.0,0.0,0.0,0.0,0.0,0.0,0.0,0.0,0.0,0.0,0.0,0.0,-747.9599445036981,-1000.0,728.3515393397716,0.0,-27.054204103524945,0.0,346.3381092273329,0.0,0.0,0.0,0.0,0.0,0.0,0.0,0.0,0.0,0.0,0.0,0.0,0.0,0.0,0.0,0.0,0.0,-7.4248339096687275,21.605110214350333,-4.454900345801237,987.8128928798225,0.0,0.0,0.0,0.0,0.0,0.0,-0.7424833909668728,330.2810985783334,0.0,0.0,0.0,0.0,0.0,0.0,0.0,1000.0,17.819601383204944,17.819601383204944,0.0,0.0,0.0,0.0,0.0,0.06533853840503667,291.23964267343297,0.0,0.0,-346.3381092273329,0.0,0.0,0.0,0.0,0.0,0.0,0.0,0.0,0.0,0.0,0.0,0.0,0.0,0.0,0.0,0.0,0.0,0.0,0.0,62.36860484121732,0.0,0.0,65.28346952314561,0.0,0.0,0.0,291.23964267343297,0.0,0.0,0.0,0.0,0.0,-7.4248339096687275,0.0,0.0,0.0,0.0,0.0,0.0,0.0,0.0,0.0,0.0,0.0,0.0,0.0,0.0,0.0,0.0,0.0,0.0,-0.05939867127734982,0.0,0.0,2.9699335638674906,-423.091905645584,0.0,0.0,0.0,0.0,21.605110214350333,0.0,0.0,0.0,-682.5492239178072,1.4849667819337453,0.0,0.0,517.9395225771175,0.05939867127734982,0.0,59.39867127734981,-18.413588095978444,11.879734255469963,0.4242762234096415,165.722292863806,-0.04454900345801236,2.969933563867491,1.1879734255469963,-0.2969933563866789,-165.722292863806,17.819601383204944,-0.05939867127734982,6.775216546720148,68.12026574453003,0.014849667819337454,0.4242762234096415,-20.325649640160442,-9.456268467353217,-1.1879734255469963,-185.0602437996614,-0.05939867127735487,0.014849667819337454,-165.722292863806,5.939867127734981,0.05939867127734982,0.05939867127734982,-291.1149054637506,0.06533853840508497,0.0,-0.04454900345801236,17.819601383204947,0.05939867127734982,27.054204103524945,-20.464732918354912,-0.02969933563867491,-48.73698111994065,-85.0,-0.04454900345801236,-0.05939867127734982,-18.413588095978444,0.05939867127734982,5.939867127734981,-1.1879734255469963,100.605844415338,100.605844415338,-5.939867127734981,185.0602437996614,-100.605844415338,11.879734255469963,0.08909800691602472,458.54487940101575,5.939867127734981,-333.3333333333333,68.12026574453003,-11.879734255469963,0.02969933563867491,0.5939867127734981,144.60825710314649,69.79916829211126,-0.05939867127734982,-304.60434371083664,291.1149054637506,18.413588095978444,0.05939867127734982,9.456268467353217,-12.392742508609768,68.12026574453003,-0.05939867127734982,-0.014849667819337454,-68.12026574453003,-0.05939867127734982,-31.28965955571071,0.05939867127734982,-0.014849667819337454,-0.014849667819337454,-0.014849667819337454,23.759468510939925,20.464732918354912,0.5939867127734981,44.00699058260396,-0.014849667819337454,282.4412976595728,2.9699335638674906,18.614763341722846,0.05939867127734982,0.02969933563867491,0.02969933563867491,40.0,18.413588095978444,0.05939867127734982,-18.413588095978444,0.5939867127734981,0.05939867127734982,-44.00699058260396,0.05939867127734982,0.23759468510934312,0.2969933563866789,0.02969933563867491,0.014849667819337454,17.819601383204947,-0.05939867127734982,0.0,0.5939867127734981,-88.01398116520792,1.4849667819337458,-5.939867127734981,11.879734255469963,2.9699335638674906,-0.05939867127734982,20.325649640160442,0.08909800691602472,-0.05939867127734982,-80.0,18.413588095978444,85.22986828540432,0.02969933563867491,-37.22952668344569,-0.05939867127734982,-0.05939867127734982,-0.059398671277349824,0.02969933563867491,165.722292863806,-11.879734255469963,0.05939867127734982,289.21651420629297,-0.014849667819337454,-0.06533853840508497,-289.21651420629297,8.909800691602472,85.0,-474.50517168168295,165.722292863806,-0.04454900345801236,304.60434371083664,-69.79916829211126,0.05939867127735487,-0.01484966781933745,2.9699335638674906,59.39867127734981,-0.02969933563867491,-0.05939867127734982,0.014849667819337454,0.0,0.0,-458.5745787366544,0.0,-46.0,0.0,155.88256248205028,-31.0,0.0,-32.0,-93.0,-65.0,0.0,16.0,23.0,46.5,0.0,15.5,-291.23964267343297,-91.1681513891457,0.0,65.0,-91.1681513891457,-155.88256248205028,81.16771893146253,0.0,1496.5981,hclb
497,0.0,0.0,0.0,0.0,0.0,0.0,0.0,0.0,-0.06712312624422985,0.0,0.0,0.0,0.0,0.0,0.0,0.0,-383.178966311134,948.4190854954543,0.0,-444.88465990676855,0.0,0.0,0.0,698.6198183459126,0.0,0.0,0.0,0.0,0.0,160.52841614373233,0.0,0.0,28.467988908231185,0.0,0.0,0.0,0.0,598.5005357746625,0.0,-1000.0,1000.0,0.0,0.0,0.0,0.0,0.0,0.0,0.0,1000.0,-276.92150085202496,0.0,777.3494498325983,0.0,0.07383543886862753,0.0,0.0,0.0,0.0,0.0,0.0,9.31524825698125,0.0,-963.6355735323128,-1000.0,0.0,0.0,0.0,0.0,0.0,0.0,0.0,0.6712312624422985,0.0,0.0,0.0,0.0,0.0,0.0,0.0,950.1108154186891,0.0,0.0,-132.4124795515005,0.0,40.273875746537904,0.0,0.0,946.0739813990384,681.0706197620765,-466.5155003280163,-0.016780781561057462,0.0,0.0,0.0,20.136937873268952,0.0,20.136937873268952,-254.0569952519068,0.0,0.0,0.0,3.356156312211492,128.10803743888664,0.0,0.0,-1.0485900017713636,0.0,0.0,0.0,0.0,0.0,0.0,0.0,0.0,0.0,0.0,0.0,0.0,0.0,0.0,0.0,0.0,0.0,0.0,-597.3282571958514,0.0,0.0,20.136937873268952,0.0,20.80816913571125,0.0,0.0,0.0,0.0,0.0,0.0,-45.67967472466833,0.0,0.0,0.0,0.0,0.0,0.0,0.0,0.0,137.5809602723062,0.06712312624422985,0.0,0.0,0.0,-215.13345160497147,215.13345160497147,0.0,0.0,132.4124795515005,0.0,390.34330721613776,0.0,0.0,0.0,0.0,0.0,610.4836909165804,610.4836909165804,0.0,0.0,0.0,0.0,-102.98460669445898,0.0,0.0,610.5508140428246,0.0,0.0,0.0,0.0,0.0,0.0,0.0,0.0,0.0,0.0,0.0,0.0,0.0,0.0,-503.83807515871763,0.0,0.0,0.0,0.0,-144.03717684727008,0.0,0.0,0.0,0.0,0.0,276.92150085202496,-777.3494498325983,-168.72453156644008,168.72453156644008,45.67967472466833,0.0,0.0,0.0,0.0,0.0,0.0,32.42037870484568,867.5156740735115,0.0,0.0,0.0,0.0,0.0,0.0,0.0,0.0,0.0,0.0,0.0,0.0,0.0,243.80233806173936,26.08431257113419,0.0,0.0,0.0,0.0,0.0,78.2205642493328,0.0,0.0,0.0,0.0,9.31524825698125,0.0,0.0,0.0,0.0,0.0,0.0,0.0,0.0,0.0,0.0,13.424625248845969,0.0,0.0,-849.7951513285166,0.0,1000.0,0.0,0.0,0.0,0.0,45.67967472466833,-438.99808039453535,0.0,0.0,0.0,100.2591104253857,0.0,0.0,0.0,0.0,1000.0,-1000.0,1000.0,0.0,512.3460881956364,0.0,-833.9146375441937,276.92150085202496,0.0,63.37328324740011,0.0,0.0,0.0,0.0,0.0,0.0,0.0,819.3608594990985,0.0,0.0,887.3827163512823,0.0,0.0,0.0,9.31524825698125,-0.10068468936634475,0.0,0.0,0.0,0.0,0.06712312624422985,0.0,0.0,0.0,0.0,-383.178966311134,0.0,-865.5081189821643,150.70759112898924,0.0,953.5615631221149,0.0,0.0,0.0,-1.0485900017713636,0.0,0.0,0.0,250.73890640909374,0.0,-250.73890640909374,-588.0510978161706,-1000.0,0.0,0.0,0.0,0.0,0.0,0.0,0.0,0.0,0.0,0.0,0.0,0.0,0.0,0.0,0.0,0.0,0.0,0.0,0.0,-1000.0,132.4124795515005,401.2309717203602,251.89563058684422,0.0,0.0,86.13088797832799,-137.5809602723062,0.0,0.0,0.0,151.40539218786645,0.0,0.0,0.0,0.0,-1.6780781561057463,0.0,0.0,0.0,197.5266198286655,-445.0926026740156,0.0,-3.356156312211492,0.0,0.0,-3.3561563122114926,-357.84547049242497,0.0,0.0,308.73212867778904,-102.56900280324037,20.136937873268952,234.37500000000196,-234.37500000000196,0.0,0.0,0.0,0.0,243.80233806173936,0.0,0.0,0.0,80.6239647529254,0.0,0.0,-208.94429170876242,0.0,0.0,32.42037870484568,0.0,0.0,-27.049178210705918,0.0,0.0,66.57537475115403,0.0,0.0,0.0,0.0,5.9473746978652375,0.13424625248853772,0.0,0.0,0.0,0.0,0.0,0.0,0.0,0.0,0.0,0.0,0.0,0.0,0.0,0.0,0.0,0.0,0.0,0.0,0.0,0.07383543886862753,0.07383543886862753,0.0,326.3777128128934,0.0,40.273875746537904,0.0,165.47059067646225,0.0,530.685453249313,0.0,199.10361377844396,0.0,0.0,0.0,506.1340029755248,-530.685453249313,0.0,0.0,0.0,0.0,0.0,66.57537475115403,0.0,0.0,0.0,0.0,0.0,0.0,0.0,199.1094190652838,0.0,0.0,0.0,5.168480720805718,0.0,0.0,0.0,-123.90023897400113,0.0,506.1340029755248,0.0,-487.9186223266099,1000.0,0.0,0.0,243.80233806173936,0.0,0.0,0.0,0.0,0.0,0.0,0.0,0.0,0.0,0.0,0.0,0.0,0.0,40.273875746537904,45.67967472466833,45.67967472466833,0.0,0.0,0.0,0.0,0.0,0.0,0.0,0.0,0.0,0.0,0.6712312624422985,0.0,0.0,0.0,0.0,0.0,-777.3494498325983,0.0,0.0,20.136937873268952,0.0,0.0,0.0,0.0,0.0,0.0,0.0,0.0,0.0,0.0,279.8929220771346,0.0,0.0,20.136937873268955,20.136937873268952,-824.3306901028861,-530.685453249313,0.0,66.57537475115403,0.0,0.0,0.0,0.0,0.0,-540.0569396227161,32.42037870484568,-394.9758888228696,0.06712312624422985,0.0,0.0,0.0,88.64567722354039,0.0,0.0,0.0,0.0,0.0,0.0,0.0,0.0,0.0,0.0,0.0,0.0,0.0,0.0,0.0,0.0,0.0,0.06712312624422985,0.0,0.0,0.0,0.0,0.0,0.0,0.0,0.0,401.2309717203602,0.0,838.2651235463561,0.0,-723.9504532318181,-1000.0,-5.034234468317238,-3.356156312211492,0.0,0.0,0.0,0.0,0.0,0.0,0.0,0.0,0.0,0.0,0.0,0.0,45.67967472466833,0.0,0.0,0.0,-99.21284649102887,0.0,0.0,0.0,-0.06712312624422985,0.0,0.0,0.06712312624422985,0.0,0.06712312624422985,0.0,0.0,0.0,40.273875746537904,81.8902140179604,81.8902140179604,0.0,0.0,0.0,0.0,0.0,0.0,0.0,0.0,0.0,32.42037870484568,0.0,0.0,0.0,256.5182075787219,0.0,0.0,0.0,0.0,0.0,0.0,0.0,0.0,0.0,0.0,0.0,0.0,0.0,123.90023897400113,0.0,0.0,0.0,0.10068468936634475,0.0,0.0,0.0,-20.136937873268952,0.0,0.0,0.0,0.0,0.0,-326.3777128128934,3.356156312211492,0.0,0.0,0.0,0.0,102.98460669445898,413.63050704048806,0.0,0.0,0.0,0.0,0.0,0.0,0.0,0.0,45.67967472466833,0.0,0.0,268.24773257895583,82.57537475115403,0.0,51.57537475115403,-1.0485900017713636,0.0,276.0495467681819,723.9504532318181,-1000.0,132.4124795515005,-520.8882944124957,165.47059067646225,3.356156312211492,739.1192575391748,0.0,0.0,0.0,-27.049178210705918,0.0,0.0,0.0,0.0,0.0,0.0,0.0,0.0,0.0,617.5174181433102,-123.74781192122708,81.8902140179604,0.0,0.0,0.0,0.0,0.0,0.0,0.0,0.0,0.0,0.0,0.0,0.0,217.732604296618,-88.64567722354039,-64.67940447493888,0.0,20.136937873268952,0.0,0.0,0.0,0.0,210.8643388646826,0.0,0.0,0.07383543886862753,0.0,0.0,0.0,40.9451070089802,0.0,0.0,0.0,0.0,26.08431257113419,0.0,0.0,0.0,0.0,0.0,0.0,0.0,0.0,0.0,0.0,0.006712312624423067,0.006712312624423067,0.0,0.0,0.0,0.0,0.0,0.0,0.0,0.0,0.0,0.0,0.0,0.0,0.0,0.0,0.0,326.3777128128934,0.0,0.0,0.0,0.0,0.0,0.0,0.0,276.92150085202496,0.0,0.0,0.0,0.0,-822.5066799058286,-1000.0,948.4190854954543,0.0,0.0,0.0,40.273875746537904,0.0,0.0,0.0,0.0,0.0,0.0,-40.273875746537904,0.0,0.0,0.0,0.0,0.0,0.0,0.0,0.0,0.0,0.0,0.0,0.0,394.9758888228696,-1000.0,302.49754905601935,0.0,-20.136937873268952,0.0,999.7315074950227,0.0,0.0,0.0,0.0,0.0,0.0,0.0,0.0,0.0,0.0,0.0,0.0,0.0,0.0,0.0,0.0,165.47059067646225,-8.39039078052873,45.67967472466833,-5.034234468317238,375.2317850316318,0.0,0.0,0.0,0.0,0.0,-0.839039078052873,0.0,159.4616577622063,0.0,0.0,0.0,0.0,0.0,0.0,0.0,1000.0,20.136937873268952,20.136937873268955,0.0,0.0,0.0,0.0,950.1108154186891,0.07383543886862753,326.3777128128934,0.0,0.0,-999.7315074950227,0.0,0.0,0.0,0.0,0.0,0.0,0.0,0.0,0.0,0.0,0.0,0.0,0.0,0.0,0.0,0.0,0.0,0.0,0.0,70.47928255644133,5.168480720805718,0.0,0.0,0.0,0.0,0.0,326.3777128128934,0.0,-419.14802801776216,0.0,0.0,0.0,-8.39039078052873,0.0,0.0,0.0,0.0,0.0,0.0,0.0,0.0,0.0,0.0,0.0,0.0,0.0,0.0,0.0,0.0,0.0,0.0,-0.06712312624422985,0.0,0.0,3.3561563122114926,-506.1340029755248,0.0,0.0,0.0,0.0,45.67967472466833,0.0,0.0,0.0,-250.73890640909374,1.6780781561057463,0.0,0.0,0.0,0.06712312624422985,0.0,67.12312624422985,-20.80816913571125,13.42462524884597,0.47945090174449884,187.27352222140124,-0.05034234468317238,3.356156312211492,1.342462524884597,-0.33561563122153265,-187.27352222140124,20.136937873268955,-0.06712312624422985,0.3495300005904545,66.57537475115403,0.016780781561057462,0.4794509017444989,-1.0485900017713636,-10.686001698079735,-1.342462524884597,-120.35545927755174,-0.06712312624422985,0.016780781561057462,-187.27352222140124,6.712312624422984,0.06712312624422985,0.06712312624422985,-326.23675424778054,0.07383543886865292,-20.423434206823003,-0.05034234468317238,20.136937873268952,0.06712312624422985,20.136937873268952,-33.56156312211492,-0.033561563122114925,-367.822693005772,-85.0,-0.05034234468317238,-0.06712312624422985,-20.80816913571125,0.06712312624422985,6.712312624422992,-1.342462524884597,123.90023897400113,123.90023897400113,-6.712312624422984,120.35545927755174,-123.90023897400113,13.424625248845969,0.10068468936634475,671.8554516842876,6.712312624422984,-199.1094190652838,66.57537475115403,-13.424625248845969,0.033561563122114925,0.6712312624422985,216.37702974554108,96.0,-0.06712312624422985,-341.4804162178451,326.23675424778054,20.80816913571125,0.06712312624422985,10.686001698079735,-13.97237674192175,66.57537475115403,-0.06712312624422985,-0.01678078156105746,-66.57537475115403,-0.06712312624422985,5.9473746978652375,0.06712312624426886,-0.016780781561057462,-0.016780781561057462,-0.016780781561057462,26.849250497691937,33.56156312211492,0.6712312624422985,49.729846156188756,-0.016780781561057462,432.4045294904917,3.356156312211492,0.38246896327887336,0.06712312624422985,0.03356156312211492,0.033561563122114925,40.0,20.80816913571125,0.06712312624422985,-20.80816913571125,0.6712312624422985,0.06712312624422985,-49.729846156188756,0.06712312624422985,0.26849250497735966,0.33561563122153265,0.033561563122114925,0.016780781561057462,20.136937873268952,-0.06712312624422985,20.423434206823003,0.6712312624422985,-99.45969231237751,1.6780781561057458,-6.712312624422992,13.424625248845969,3.3561563122114926,-0.06712312624422985,1.0485900017713636,0.10068468936634475,-0.06712312624422985,-80.0,20.80816913571125,55.0937593917682,0.033561563122114925,-0.7649379265577494,-0.06712312624422985,-0.06712312624426886,-0.06712312624422985,0.033561563122114925,187.27352222140124,-13.424625248845969,0.06712312624422985,432.75405949108216,-0.016780781561057462,-0.07383543886865292,-432.75405949108216,10.068468936634476,85.0,-551.8844784316668,187.27352222140124,-0.05034234468317238,341.4804162178451,-96.0,0.06712312624422985,-0.016780781561057466,154.76154850007794,67.12312624422985,-0.03356156312211492,-0.06712312624422985,0.016780781561057462,0.0,0.0,-717.7196011150298,0.0,-46.0,0.0,-108.0,-31.0,0.0,-32.0,-93.0,-65.0,-45.830587867620125,16.0,23.0,46.5,0.0,15.5,-326.3777128128934,-265.9580982564508,45.830587867620125,65.0,-265.9580982564508,108.0,-50.36996794125062,0.0,1496.5981,hclb
498,0.0,0.0,0.0,0.0,0.0,0.0,0.0,0.0,-0.03321652573854918,0.0,0.0,0.0,0.0,0.0,0.0,0.0,-132.2680309531662,589.2580472349954,0.0,0.0,0.0,0.0,0.0,44.2744274798078,0.0,0.0,0.0,0.0,0.0,-469.5713368563256,0.0,0.0,30.265914781178054,0.0,0.0,0.0,0.0,999.8671338970456,0.0,-1000.0,1000.0,0.0,-34.172096402227794,164.44610054268088,0.0,0.0,0.0,0.0,0.0,-803.0378684953894,0.0,0.0,0.0,0.03653817831241213,0.0,0.0,0.0,6.643305147709835,0.0,0.0,-108.48112693400083,0.0,1000.0,746.7810310228296,0.0,0.0,0.0,0.0,0.0,0.0,0.0,0.3321652573854918,0.0,0.0,0.0,0.0,0.0,0.0,0.0,0.0,0.0,0.0,429.77378764250335,0.0,19.929915443129506,0.0,153.8018055816815,-99.87980192745428,-424.45729389849924,132.31785574177403,-0.008304131434637294,0.0,0.0,640.5959471063737,9.964957721564753,0.0,9.964957721564753,0.0,0.0,0.0,429.77378764250335,1.6608262869274588,-469.5713368563256,0.0,0.0,0.0,0.0,0.0,0.0,0.0,0.0,0.0,0.0,0.0,0.0,0.0,0.0,0.0,0.0,0.0,0.0,0.0,0.0,0.0,-995.1900932733372,0.0,0.0,9.964957721564753,0.0,10.297122978950243,0.0,0.0,-504.40081826069473,898.5764065094944,-394.17558824879967,394.17558824879967,0.0,708.582862555929,-708.582862555929,-144.73784204316974,0.0,0.0,0.0,0.0,0.0,-273.4143095789536,0.03321652573854918,0.0,0.0,0.0,0.0,0.0,0.0,0.0,0.0,0.0,-382.9961938629438,0.0,0.0,0.0,0.0,0.0,513.7159180632848,513.7159180632848,0.0,0.0,0.0,0.0,1000.0,0.0,0.0,513.7491345890234,0.0,0.0,0.0,0.0,0.0,0.0,0.0,0.0,0.0,0.0,0.0,0.0,0.0,0.0,-624.156614476612,0.0,0.0,0.0,0.0,-1000.0,0.0,0.0,0.0,0.0,0.0,803.0378684953894,34.172096402227794,310.8621508375503,-310.8621508375503,0.0,0.0,0.0,0.0,0.0,0.0,0.0,0.0,-945.7953708650284,0.0,0.0,0.0,0.0,0.0,0.0,0.0,0.0,0.0,0.0,0.0,0.0,0.0,191.2415127491414,-29.71338970458033,567.667271407264,0.0,0.0,0.0,144.73784204316974,81.64513090040653,0.0,0.0,0.0,0.0,-108.48112693400083,403.22117086458314,0.0,0.0,0.0,0.0,0.0,0.0,0.0,0.0,205.2423828109969,0.0,0.0,0.0,0.0,-769.4915411382774,245.15444531232382,0.0,-567.667271407264,0.0,0.0,144.73784204316974,175.55105711733174,0.0,0.0,0.0,273.0244119234469,0.0,0.0,0.0,0.0,0.0,-865.8559531954537,865.8559531954537,-865.8559531954537,-113.59514306094893,0.0,1000.0,803.0378684953894,0.0,11.028975910145657,0.0,0.0,0.0,-324.4869821544876,0.0,324.4869821544876,0.0,862.4020550503726,0.0,144.73784204316974,-504.74618707099563,0.0,0.0,0.0,-108.48112693400083,-0.049824788607823765,0.0,0.0,0.0,0.0,0.03321652573854918,0.0,0.0,0.0,703.1475285670319,-132.2680309531662,0.0,0.0,-205.376522240383,0.0,791.8704208261048,0.0,0.0,0.0,0.0,0.0,0.0,0.0,-2.8599428660890918,2.8599428660890918,0.0,-1000.0,-1000.0,0.0,0.0,0.0,0.0,0.0,0.0,0.0,0.0,0.0,0.0,0.0,0.0,0.0,0.0,0.0,0.0,0.0,0.0,0.0,-1000.0,0.0,0.0,204.17281068221274,0.0,0.0,0.0,68.17192676795673,0.0,0.0,0.0,181.19820420370104,0.0,0.0,-265.154936787227,0.0,0.0,-2.8599428660890918,-129.75576900487275,-1.6608262869274588,0.0,-225.9242561106575,265.154936787227,-1.6608262869274588,54.58432389950468,-0.8304131434637294,0.0,0.0,0.0,-311.0664258163964,0.0,0.0,9.964957721564753,0.0,0.0,0.0,297.23926454193804,0.0,0.0,0.0,-191.2415127491414,191.2415127491414,191.2415127491414,-210.8825696896479,0.0,0.0,-810.1247702578709,0.0,0.0,0.0,0.0,0.0,-54.09648474780829,0.0,0.0,218.0945368954599,0.0,0.0,0.0,0.0,-39.67834742614508,0.06643305147713363,0.0,0.0,0.0,0.0,0.0,0.0,0.0,0.0,0.0,0.0,0.0,0.0,0.0,0.0,0.0,0.0,0.0,0.0,0.0,0.03653817831241213,0.03653817831241213,0.0,280.59820760143157,0.0,19.929915443129506,0.0,0.0,0.0,1000.0,0.0,152.31069116452892,153.8018055816815,0.0,0.0,-145.12386032896003,-1000.0,0.0,0.0,0.0,0.0,0.0,218.0945368954599,0.0,0.0,0.0,0.0,0.0,0.0,0.0,331.7300310911124,-703.1475285670319,0.0,0.0,156.35947806354977,0.0,640.5959471063737,0.0,-81.64513090040653,0.0,-145.12386032896003,0.0,-184.80220775510512,0.0,0.0,0.0,191.2415127491414,0.0,0.0,0.0,0.0,0.0,0.0,0.0,0.0,0.0,0.0,0.0,0.0,0.0,19.929915443129506,144.73784204316974,144.73784204316974,0.0,0.0,0.0,0.0,0.0,0.0,0.0,0.0,0.0,0.0,0.3321652573854918,0.0,0.0,153.8018055816815,-153.8018055816815,0.0,34.172096402227794,0.0,0.0,9.964957721564753,0.0,0.0,0.0,0.0,0.0,0.0,0.0,0.0,0.0,0.0,223.21357022247156,0.0,0.0,9.964957721564753,9.964957721564753,1000.0,-1000.0,0.0,218.0945368954599,0.0,0.0,0.0,0.0,0.0,469.5713368563256,0.0,1000.0,0.03321652573854918,0.0,0.0,0.0,43.86716745571683,0.0,0.0,-640.5959471063737,0.0,0.0,0.0,0.0,0.0,0.0,0.0,0.0,0.0,0.0,0.0,0.0,0.0,0.0,0.03321652573854918,0.0,0.0,0.0,880.6665198291315,-880.6665198291315,0.0,0.0,0.0,0.0,0.0,272.3447374501695,0.0,0.0,-1000.0,-2.4912394303911882,-1.6608262869274588,0.0,0.0,0.0,0.0,0.0,0.0,0.0,0.0,0.0,0.0,0.0,0.0,144.73784204316974,0.0,0.0,0.0,-309.405599529469,0.0,0.0,0.0,-0.03321652573854918,0.0,0.0,0.03321652573854918,0.0,0.03321652573854918,0.0,0.0,0.0,19.929915443129506,40.52416140102999,40.52416140102999,0.0,0.0,0.0,0.0,0.0,0.0,0.0,0.0,0.0,0.0,0.0,0.0,0.0,0.0,0.0,0.0,0.0,0.0,0.0,0.0,0.0,0.0,0.0,0.0,0.0,0.0,0.0,81.64513090040653,0.0,-791.4215153632088,791.4215153632088,0.049824788607823765,0.0,0.0,0.0,-9.964957721564753,0.0,0.0,0.0,0.0,0.0,-280.59820760143157,1.6608262869274588,0.0,0.0,0.0,0.0,-1000.0,-365.62551536991214,0.0,0.0,0.0,0.0,0.0,0.0,0.0,0.0,144.73784204316974,0.0,0.0,0.0,89.35669485229016,0.0,58.35669485229016,0.0,0.0,-297.4535886019554,0.0,297.4535886019554,0.0,135.02689571630174,0.0,1.6608262869274588,717.098845482876,0.0,0.0,0.0,-361.7000959111713,0.0,0.0,0.0,0.0,0.0,0.0,0.0,0.0,0.0,907.2460615084348,-288.07192589260507,40.52416140102999,0.0,0.0,0.0,0.0,0.0,0.0,0.0,0.0,0.0,205.24238281099684,0.0,0.0,0.0,-43.86716745571683,-278.15078833445307,-34.172096402227794,9.964957721564753,153.8018055816815,0.0,0.0,0.0,-356.85951745888,0.0,0.0,0.03653817831241213,0.0,0.0,0.0,20.262080700514996,0.0,0.0,0.0,0.0,-29.71338970458033,0.0,0.0,0.0,0.0,0.0,0.0,0.0,0.0,0.0,0.0,846.1400202529148,0.003321652573854861,0.0,0.0,0.0,0.0,0.0,0.0,0.0,0.0,0.0,0.0,0.0,0.0,0.0,0.0,0.0,280.59820760143157,0.0,0.0,0.0,0.0,0.0,0.0,0.0,803.0378684953894,0.0,0.0,0.0,307.603611163363,0.0,769.6360344958954,589.2580472349954,0.0,0.0,0.0,19.929915443129506,0.0,0.0,0.0,0.0,0.0,0.0,-19.929915443129506,0.0,307.603611163363,0.0,0.0,0.0,0.0,0.0,0.0,0.0,0.0,0.0,0.0,-1000.0,-1000.0,22.75332013090618,-323.12350887199955,313.1585511504348,0.0,999.8671338970456,0.0,0.0,0.0,0.0,0.0,0.0,0.0,0.0,0.0,0.0,0.0,0.0,0.0,0.0,0.0,0.0,0.0,-4.152065717318578,144.73784204316974,-2.4912394303911882,285.5806864622139,0.0,0.0,0.0,0.0,0.0,0.0,-0.41520657173186487,54.09648474780829,0.0,0.0,0.0,0.0,0.0,0.0,0.0,1000.0,9.964957721564753,9.964957721564753,0.0,0.0,0.0,0.0,0.0,0.03653817831241213,280.59820760143157,0.0,0.0,-999.8671338970456,846.136698600341,0.0,0.0,0.0,0.0,0.0,0.0,0.0,0.0,0.0,0.0,0.0,0.0,0.0,395.7107576816044,0.0,0.0,0.0,0.0,34.87735202547663,156.35947806354977,0.0,0.0,0.0,0.0,0.0,280.59820760143157,0.0,568.1374997651974,0.0,0.0,0.0,-4.152065717318578,0.0,0.0,0.0,0.0,0.0,0.0,0.0,0.0,0.0,0.0,0.0,0.0,0.0,0.0,0.0,0.0,0.0,0.0,-0.03321652573854918,0.0,0.0,1.6608262869274588,145.12386032896003,0.0,0.0,0.0,0.0,144.73784204316974,0.0,0.0,0.0,2.8599428660890918,0.8304131434637294,0.0,0.0,0.0,0.03321652573854918,0.0,33.21652573854917,-10.297122978950243,6.643305147709835,0.2372608981324941,92.67410681055219,-0.024912394303911883,1.6608262869274588,0.6643305147709836,-0.16608262869294776,-92.67410681055219,9.964957721564753,-0.03321652573854918,0.0,218.0945368954599,0.008304131434637294,0.23726089813249412,0.0,-159.08987647926136,-0.6643305147709836,-456.9900162818292,-0.03321652573854918,0.008304131434637294,-92.67410681055219,3.3216525738549176,0.03321652573854918,0.03321652573854918,-280.5284528973806,-153.76526740336908,-69.9442622073231,-0.024912394303911883,9.964957721564753,0.03321652573854918,9.964957721564753,-16.60826286927459,-0.01660826286927459,452.9404560702669,-85.0,-0.024912394303911883,-0.03321652573854918,-10.297122978950243,0.03321652573854918,3.3216525738549176,-0.6643305147709836,81.64513090040653,81.64513090040653,-3.3216525738549176,456.9900162818292,-81.64513090040653,6.643305147709835,0.049824788607823765,-655.4292133702448,3.3216525738549176,-331.7300310911124,218.0945368954599,-6.643305147709835,0.01660826286927459,0.3321652573854918,0.0,96.0,-0.03321652573854918,-288.07192589260507,280.5284528973806,10.297122978950243,0.03321652573854918,159.08987647926136,178.2347060092012,218.0945368954599,-0.03321652573854918,-0.008304131434637294,-218.0945368954599,-0.03321652573854918,-39.67834742614508,0.033216525738566816,-0.008304131434637294,-0.008304131434637294,-0.008304131434637294,13.28661029541967,16.60826286927459,0.3321652573854918,24.609293506551467,-0.008304131434637294,0.0,1.6608262869274588,21.5,0.03321652573854918,0.01660826286927459,0.01660826286927459,40.0,10.297122978950243,0.03321652573854918,-10.297122978950243,0.3321652573854918,0.03321652573854918,-24.609293506551467,0.03321652573854918,0.13286610295435253,0.16608262869294776,0.01660826286927459,0.008304131434637294,9.964957721564753,-0.03321652573854918,69.9442622073231,0.3321652573854918,-49.21858701310293,0.8304131434637294,-3.3216525738549176,6.643305147709835,1.6608262869274588,-0.03321652573854918,0.0,0.049824788607823765,-0.03321652573854918,-80.0,10.297122978950243,385.7978716574543,0.01660826286927459,-43.0,-0.03321652573854918,-0.033216525738566816,-0.03321652573854918,0.01660826286927459,92.67410681055219,-6.643305147709835,0.03321652573854918,0.0,-0.008304131434637294,153.76526740336908,0.0,4.982478860782376,85.0,316.0996607931403,92.67410681055219,-0.024912394303911883,288.07192589260507,-96.0,0.03321652573854918,-0.008304131434637294,182.8590304906285,33.21652573854918,-0.01660826286927459,-0.03321652573854918,0.008304131434637294,0.0,0.0,636.6898924265505,0.0,-46.0,0.0,658.873705433635,-31.0,0.0,46.174125729576886,-93.0,-65.0,-18.722712680825094,-23.087062864788443,23.0,46.5,0.0,15.5,-280.59820760143157,-28.938354198574288,18.722712680825094,65.0,-28.938354198574288,-658.873705433635,238.65867342528944,0.0,1496.5981,hclb
499,0.0,0.0,0.0,0.0,0.0,0.0,0.0,0.0,183.97808663667672,0.0,0.0,0.0,0.0,0.0,0.0,0.0,336.6178170103565,106.8389716640902,0.0,0.0,0.0,0.0,0.0,107.40098904427089,0.0,0.0,0.0,0.0,0.0,-516.1483365767892,0.0,0.0,30.8226196905528,0.0,0.0,0.0,0.0,374.77372275809375,0.0,-1000.0,997.5921224961917,0.0,0.0,0.0,0.0,0.0,0.0,0.0,326.76436597928705,0.0,0.0,0.0,0.0,0.008828884180624023,0.0,0.0,0.0,0.0,0.0,0.0,157.27211919976264,0.0,531.5573460035713,214.8925701490256,0.0,0.0,0.0,0.0,0.0,374.0182695630388,0.0,0.08026258346027584,0.0,0.0,0.0,0.0,0.0,0.0,0.0,963.5283199831467,0.0,0.0,-18.979130538420716,0.0,4.81575500761655,0.0,0.0,0.0,-219.92539431519683,0.0,-0.002006564586506896,0.0,0.0,0.0,2.407877503808275,0.0,2.407877503808275,-0.2584455187421616,0.0,0.0,0.0,0.4013129173013792,-1000.0,0.0,0.0,0.0,0.0,0.0,0.0,0.0,0.0,0.0,0.0,0.0,0.0,0.0,0.0,0.0,0.0,0.0,0.0,0.0,0.0,0.0,-318.14160350266957,0.0,0.0,2.407877503808275,0.0,2.4881400872685506,0.0,0.0,0.0,0.0,0.0,0.0,0.0,0.0,0.0,-473.9368950543083,0.0,0.0,0.0,0.0,0.0,19.59715243106484,0.008026258346027585,0.0,0.0,0.0,0.0,-610.8129426904488,0.0,0.0,0.0,0.0,137.25973781588732,0.0,0.0,0.0,0.0,0.0,-191.01829509844498,-191.01829509844498,0.0,0.0,0.0,0.0,0.0,0.0,0.0,-191.01026884009895,0.0,0.0,0.0,-835.0161081438984,0.0,0.0,0.0,0.0,0.0,0.0,0.0,0.0,0.0,0.0,-533.8999076357887,0.0,0.0,0.0,0.0,-865.7183120406559,0.0,0.0,0.0,0.0,0.0,0.0,0.0,219.92539431519683,-219.92539431519683,0.0,0.0,0.0,0.0,0.0,0.0,0.0,483.8516634232107,-326.79559127201014,0.0,0.0,0.0,0.0,0.0,0.0,0.0,0.0,0.0,0.0,0.0,0.0,0.0,183.57467361350365,571.0234460288599,-147.23384641285423,0.0,0.0,0.0,99.9186254912695,84.18934790705121,0.0,0.0,0.0,0.0,157.27211919976264,-147.23384641285423,0.0,0.0,0.0,0.0,0.0,0.0,0.0,0.0,0.0,1.6052516692055168,0.0,0.0,19.70296952774052,-420.14781910265316,546.6897602944839,0.0,147.23384641285423,0.0,0.0,473.9368950543083,0.0,0.0,0.0,0.0,-400.7137098000153,0.0,0.0,-991.8730290374147,0.0,0.0,-991.8730290374147,0.0,0.0,0.0,0.0,0.0,0.0,0.0,-61.79608712163426,0.0,0.0,0.0,-765.5756785856779,0.0,765.5756785856779,0.0,653.4922264037048,374.0182695630388,99.9186254912695,-242.6062433649589,0.0,0.0,0.0,157.27211919976264,-0.012039387519041374,0.0,0.0,0.0,0.0,0.008026258346027585,0.0,0.0,0.0,779.1210866297963,336.6178170103565,0.0,-599.0516307542684,780.6820496474381,0.0,1000.0,0.0,0.0,0.0,0.0,0.0,0.0,0.0,961.0305082480392,-961.0305082480392,0.0,-941.666892319316,-1000.0,0.0,0.0,0.0,0.0,0.0,0.0,0.0,0.0,0.0,0.0,0.0,0.0,0.0,0.0,0.0,0.0,0.0,-625.1941722085221,0.0,-1000.0,0.0,0.0,0.0,0.0,0.0,0.0,-19.59715243106484,0.0,18.979130538420804,0.0,0.0,0.0,0.0,0.0,604.9049779753158,-534.3355318468474,961.0305082480392,0.0,-0.4013129173013792,0.0,-972.5289259545583,0.0,-605.3062908926172,-782.1069723069531,534.1348753881967,0.0,0.0,0.0,0.0,0.0,261.9127034228413,2.407877503808275,0.0,0.0,0.0,0.0,0.0,183.98611289502276,183.57467361350365,0.0,0.0,0.0,76.0876365537464,0.0,0.0,-844.5185477604957,0.0,0.0,483.8516634232107,0.0,0.0,-159.39265665478314,0.0,0.0,0.0,0.0,0.0,0.0,0.0,-42.19737416539724,0.01605251669207064,0.0,0.0,0.0,0.0,0.0,0.0,0.0,0.0,0.0,0.0,0.0,0.0,0.0,0.0,0.0,0.0,0.0,0.0,0.0,0.008828884180624023,0.008828884180624023,0.0,277.9694219442981,0.0,4.81575500761655,0.0,0.0,0.0,1000.0,0.0,0.0,0.0,0.0,0.0,429.5780304065374,-1000.0,0.0,0.0,0.0,0.0,0.0,0.0,0.0,0.0,0.0,0.0,0.0,0.0,0.0,106.04720116755652,-779.1210866297963,610.8129426904488,0.0,369.17217449556824,0.0,632.2192120023509,-632.2192120023509,-716.4085599094021,0.0,429.5780304065374,0.0,387.3806562411401,0.0,-78.1250000000018,78.1250000000018,183.57467361350365,0.0,0.0,0.0,0.0,0.0,0.0,0.0,0.0,0.0,0.0,0.0,0.0,0.0,4.81575500761655,473.9368950543083,473.9368950543083,0.0,0.0,0.0,0.0,0.0,0.0,0.0,0.0,0.0,0.0,0.08026258346027584,0.0,0.0,0.0,0.0,0.0,0.0,0.0,0.0,2.407877503808275,0.0,0.0,0.0,368.5541526029241,0.0,0.0,0.0,0.0,0.0,0.0,109.82491906477122,0.0,0.0,2.407877503808275,2.407877503808275,1000.0,-1000.0,0.0,0.0,0.0,0.0,0.0,0.0,0.0,941.666892319316,483.8516634232107,858.6292669254459,0.008026258346027585,0.0,0.0,0.0,10.59982075426457,0.0,0.0,0.0,0.0,-374.0182695630388,0.0,0.0,0.0,0.0,0.0,0.0,0.0,0.0,0.0,0.0,0.0,0.0,0.008026258346027585,0.0,0.0,0.0,0.0,0.0,0.0,0.0,0.0,0.0,-19.59715243106484,827.245161093925,0.0,-808.2660305555042,-374.8058277914779,-0.6019693759520689,-0.4013129173013792,0.0,0.0,-242.171875,-242.17187499999997,242.171875,0.0,0.0,0.0,0.0,0.0,0.0,0.0,473.9368950543083,0.0,0.0,0.0,262.31401634014264,0.0,0.0,0.0,183.97808663667672,0.0,0.0,0.008026258346027585,0.0,0.008026258346027585,0.0,0.0,0.0,4.81575500761655,9.792035182153652,9.792035182153652,0.0,0.0,0.0,0.0,0.0,0.0,18.979130538420716,610.8129426904488,0.0,483.8516634232107,0.0,0.0,0.0,961.7215690916322,0.0,0.0,0.0,0.0,0.0,0.0,0.0,0.0,0.0,0.0,0.0,0.0,0.0,84.18934790705121,0.0,0.0,0.0,0.012039387519041374,0.0,0.0,0.0,-2.407877503808275,0.0,0.0,0.0,0.0,0.0,-277.9694219442981,0.4013129173013792,0.0,0.0,0.0,0.0,0.0,0.0,0.0,0.0,0.0,0.0,0.0,0.0,0.0,0.0,473.9368950543083,0.0,0.0,125.55419664898949,94.39474833079449,0.0,674.2076910212434,0.0,0.0,0.0,827.245161093925,-827.245161093925,0.0,-9.792035182153652,0.0,0.4013129173013792,1000.0,0.0,357.13362847012615,0.0,-159.39265665478314,0.0,0.0,0.0,0.0,0.0,0.0,0.0,0.0,0.0,532.6959688838846,0.0,9.792035182153652,0.0,0.0,0.0,0.0,0.0,0.0,0.0,0.0,0.0,0.0,0.0,0.0,279.77533007215436,-10.59982075426457,0.0,0.0,2.407877503808275,0.0,0.0,0.0,0.0,20.892453952860187,0.0,0.0,0.008828884180624023,0.0,0.0,0.0,4.896017591076826,0.0,0.0,0.0,0.0,571.0234460288599,0.0,0.0,0.0,0.0,0.0,0.0,0.0,0.0,0.0,0.0,0.0008026258346027814,0.0008026258346027814,0.0,0.0,0.0,0.0,0.0,0.0,0.0,0.0,0.0,0.0,0.0,0.0,0.0,0.0,0.0,277.9694219442981,0.0,0.0,0.0,0.0,0.0,0.0,0.0,0.0,0.0,0.0,0.0,0.0,0.0,1000.0,106.8389716640902,0.0,0.0,0.0,4.81575500761655,0.0,0.0,0.0,0.0,0.0,0.0,-4.81575500761655,0.0,0.0,0.0,0.0,0.0,0.0,0.0,0.0,0.0,0.0,0.0,0.0,-1000.0,-1000.0,967.219556058661,0.0,-2.407877503808275,0.0,374.77372275809375,0.0,0.0,0.0,0.0,0.0,0.0,0.0,0.0,0.0,0.0,0.0,0.0,0.0,0.0,0.0,0.0,0.0,-1.0032822932534482,473.9368950543083,-0.6019693759520689,961.11959971568,0.0,0.0,0.0,0.0,0.0,0.0,-0.1003282293253448,159.39265665478314,0.0,0.0,0.0,0.0,0.0,0.0,0.0,858.6292669254459,2.407877503808275,2.407877503808275,0.0,0.0,0.0,0.0,963.5283199831467,0.008828884180624023,277.9694219442981,0.0,0.0,-374.77372275809375,0.0,0.0,0.0,0.0,0.0,0.0,0.0,0.0,0.0,0.0,0.0,0.0,0.0,0.0,0.0,0.0,0.0,0.0,0.0,8.427571263328963,19.59715243106484,0.0,0.0,0.0,0.0,0.0,277.9694219442981,0.0,-0.6597584360435408,0.0,0.0,0.0,-1.0032822932534482,0.0,0.0,0.0,0.0,0.0,0.0,0.0,0.0,0.0,0.0,0.0,0.0,0.0,0.0,0.0,0.0,0.0,0.0,-0.008026258346027585,0.0,0.0,0.4013129173013792,-429.5780304065374,0.0,0.0,0.0,0.0,473.9368950543083,0.0,0.0,0.0,-961.0305082480392,0.2006564586506897,0.0,0.0,0.0,0.008026258346027585,0.0,8.026258346027584,-2.4881400872685506,1.6052516692055168,0.05733041675733989,22.393260785416956,-0.006019693759520687,0.4013129173014133,0.1605251669205517,-0.04013129173016886,-22.393260785416956,2.407877503808275,-0.008026258346027583,0.0,0.0,0.002006564586506896,0.05733041675733989,0.0,-1.277780328687662,-0.1605251669205517,-443.45678867444667,-0.008026258346027583,0.002006564586506896,-22.393260785416956,0.8026258346027584,0.008026258346027583,0.008026258346027583,-277.95256680177147,0.008828884180630363,-73.01999385595005,-0.006019693759520687,2.407877503808275,0.008026258346027583,2.407877503808275,-4.013129173013792,-0.004013129173013792,-64.23974395993727,-85.0,-0.006019693759520687,-0.008026258346027583,-2.4881400872685506,0.008026258346027585,0.8026258346027584,-0.1605251669205517,84.18934790705121,84.18934790705121,-0.8026258346027584,443.45678867444667,-84.18934790705121,1.6052516692055165,0.012039387519041374,-1000.0,0.8026258346027584,-106.04720116755652,0.0,-1.6052516692055168,0.004013129173013792,0.08026258346027584,149.7629076885671,96.0,-0.008026258346027583,-279.77533007215436,277.95256680177147,2.4881400872685506,0.008026258346027583,1.277780328687662,-9.631510015233133,0.0,-0.008026258346027583,-0.002006564586506896,0.0,-0.008026258346027583,-42.19737416539724,0.008026258346027583,-0.002006564586506896,-0.002006564586506896,-0.002006564586506896,3.2105033384110335,4.013129173013792,0.08026258346027584,164.39785819966116,-0.002006564586506896,299.5258153771342,0.4013129173013792,21.5,0.008026258346027583,0.004013129173013792,0.0040131291730137915,-236.1658216925514,2.4881400872685506,0.008026258346027583,-2.4881400872685506,0.08026258346027584,0.008026258346027583,-481.3006662947581,0.008026258346027583,0.03210503338414128,0.04013129173016886,0.004013129173013792,0.002006564586506896,2.407877503808275,-0.008026258346027583,73.01999385595005,0.08026258346027584,-328.7957163993224,0.20065645865065562,-0.8026258346027584,1.6052516692055168,0.4013129173013792,-0.008026258346027583,0.0,0.012039387519041374,-0.008026258346027583,472.3316433851028,2.4881400872685506,46.05958795011369,0.0040131291730137915,-43.0,-0.008026258346027583,-0.008026258346027583,-0.008026258346027583,0.0040131291730137915,22.393260785416956,-1.6052516692055168,0.008026258346027585,299.5258153771342,-0.002006564586506896,-0.008828884180630363,-299.5258153771342,1.2039387519041376,85.0,928.9341669647682,22.393260785416956,-0.006019693759520687,279.77533007215436,-96.0,0.008026258346027583,-0.0020065645865068957,0.4013129173013792,8.026258346027584,-0.004013129173013792,-0.008026258346027583,0.002006564586506896,88.16399989126967,0.0,999.995986870827,316.90280809509693,-46.0,0.0,-82.53390688965385,-31.0,0.0,-32.0,-77.69288822295192,-65.0,0.0,16.0,23.0,38.84644411147596,0.0,15.5,-277.9694219442981,-66.95204190297387,0.0,65.0,-66.95204190297387,82.53390688965385,-36.85251135451174,0.0,1496.5981,hclb
